collection_time_utc,collection_time_local,run_id,timestamp_utc,timestamp_local,value,unit,country,entsoe_area,variable,source,updated_at_utc
2026-09-14T14:58:46Z,2026-09-14T16:58:46+0200,6f350c35-df01-49a9-ad50-083ebfd1ddbf,2026-09-07T15:00:00Z,2026-09-07T17:00:00+0200,625.218,MW,DK2,DK_2,actual_solar_generation,Solar,2026-09-14T14:59:25Z
2026-09-14T14:58:46Z,2026-09-14T16:58:46+0200,6f350c35-df01-49a9-ad50-083ebfd1ddbf,2026-09-07T15:15:00Z,2026-09-07T17:15:00+0200,562.841,MW,DK2,DK_2,actual_solar_generation,Solar,2026-09-14T14:59:25Z
2026-09-14T14:58:46Z,2026-09-14T16:58:46+0200,6f350c35-df01-49a9-ad50-083ebfd1ddbf,2026-09-07T15:30:00Z,2026-09-07T17:30:00+0200,451.273,MW,DK2,DK_2,actual_solar_generation,Solar,2026-09-14T14:59:25Z
2026-09-14T14:58:46Z,2026-09-14T16:58:46+0200,6f350c35-df01-49a9-ad50-083ebfd1ddbf,2026-09-07T15:45:00Z,2026-09-07T17:45:00+0200,295.976,MW,DK2,DK_2,actual_solar_generation,Solar,2026-09-14T14:59:25Z
2026-09-14T14:58:46Z,2026-09-14T16:58:46+0200,6f350c35-df01-49a9-ad50-083ebfd1ddbf,2026-09-07T16:00:00Z,2026-09-07T18:00:00+0200,304.778,MW,DK2,DK_2,actual_solar_generation,Solar,2026-09-14T14:59:25Z
2026-09-14T14:58:46Z,2026-09-14T16:58:46+0200,6f350c35-df01-49a9-ad50-083ebfd1ddbf,2026-09-07T16:15:00Z,2026-09-07T18:15:00+0200,215.146,MW,DK2,DK_2,actual_solar_generation,Solar,2026-09-14T14:59:25Z
2026-09-14T14:58:46Z,2026-09-14T16:58:46+0200,6f350c35-df01-49a9-ad50-083ebfd1ddbf,2026-09-07T16:30:00Z,2026-09-07T18:30:00+0200,150.915,MW,DK2,DK_2,actual_solar_generation,Solar,2026-09-14T14:59:25Z
2026-09-14T14:58:46Z,2026-09-14T16:58:46+0200,6f350c35-df01-49a9-ad50-083ebfd1ddbf,2026-09-07T16:45:00Z,2026-09-07T18:45:00+0200,68.4107,MW,DK2,DK_2,actual_solar_generation,Solar,2026-09-14T14:59:25Z
2026-09-14T14:58:46Z,2026-09-14T16:58:46+0200,6f350c35-df01-49a9-ad50-083ebfd1ddbf,2026-09-07T17:00:00Z,2026-09-07T19:00:00+0200,37.4811,MW,DK2,DK_2,actual_solar_generation,Solar,2026-09-14T14:59:25Z
2026-09-14T14:58:46Z,2026-09-14T16:58:46+0200,6f350c35-df01-49a9-ad50-083ebfd1ddbf,2026-09-07T17:15:00Z,2026-09-07T19:15:00+0200,23.6144,MW,DK2,DK_2,actual_solar_generation,Solar,2026-09-14T14:59:25Z
2026-09-14T14:58:46Z,2026-09-14T16:58:46+0200,6f350c35-df01-49a9-ad50-083ebfd1ddbf,2026-09-07T17:30:00Z,2026-09-07T19:30:00+0200,7.01973,MW,DK2,DK_2,actual_solar_generation,Solar,2026-09-14T14:59:25Z
2026-09-14T14:58:46Z,2026-09-14T16:58:46+0200,6f350c35-df01-49a9-ad50-083ebfd1ddbf,2026-09-07T17:45:00Z,2026-09-07T19:45:00+0200,2.77576,MW,DK2,DK_2,actual_solar_generation,Solar,2026-09-14T14:59:25Z
2026-09-14T14:58:46Z,2026-09-14T16:58:46+0200,6f350c35-df01-49a9-ad50-083ebfd1ddbf,2026-09-07T18:00:00Z,2026-09-07T20:00:00+0200,3.20578,MW,DK2,DK_2,actual_solar_generation,Solar,2026-09-14T14:59:25Z
2026-09-14T14:58:46Z,2026-09-14T16:58:46+0200,6f350c35-df01-49a9-ad50-083ebfd1ddbf,2026-09-07T18:15:00Z,2026-09-07T20:15:00+0200,1.01875,MW,DK2,DK_2,actual_solar_generation,Solar,2026-09-14T14:59:25Z
2026-09-14T14:58:46Z,2026-09-14T16:58:46+0200,6f350c35-df01-49a9-ad50-083ebfd1ddbf,2026-09-07T18:30:00Z,2026-09-07T20:30:00+0200,0.400176,MW,DK2,DK_2,actual_solar_generation,Solar,2026-09-14T14:59:25Z
2026-09-14T14:58:46Z,2026-09-14T16:58:46+0200,6f350c35-df01-49a9-ad50-083ebfd1ddbf,2026-09-07T18:45:00Z,2026-09-07T20:45:00+0200,0.392249,MW,DK2,DK_2,actual_solar_generation,Solar,2026-09-14T14:59:25Z
2026-09-14T14:58:46Z,2026-09-14T16:58:46+0200,6f350c35-df01-49a9-ad50-083ebfd1ddbf,2026-09-07T19:00:00Z,2026-09-07T21:00:00+0200,0.0,MW,DK2,DK_2,actual_solar_generation,Solar,2026-09-14T14:59:25Z
2026-09-14T14:58:46Z,2026-09-14T16:58:46+0200,6f350c35-df01-49a9-ad50-083ebfd1ddbf,2026-09-07T19:15:00Z,2026-09-07T21:15:00+0200,0.372288,MW,DK2,DK_2,actual_solar_generation,Solar,2026-09-14T14:59:25Z
2026-09-14T14:58:46Z,2026-09-14T16:58:46+0200,6f350c35-df01-49a9-ad50-083ebfd1ddbf,2026-09-07T19:30:00Z,2026-09-07T21:30:00+0200,0.462199,MW,DK2,DK_2,actual_solar_generation,Solar,2026-09-14T14:59:25Z
2026-09-14T14:58:46Z,2026-09-14T16:58:46+0200,6f350c35-df01-49a9-ad50-083ebfd1ddbf,2026-09-07T19:45:00Z,2026-09-07T21:45:00+0200,0.970333,MW,DK2,DK_2,actual_solar_generation,Solar,2026-09-14T14:59:25Z
2026-09-14T14:58:46Z,2026-09-14T16:58:46+0200,6f350c35-df01-49a9-ad50-083ebfd1ddbf,2026-09-07T20:00:00Z,2026-09-07T22:00:00+0200,0.311881,MW,DK2,DK_2,actual_solar_generation,Solar,2026-09-14T14:59:25Z
2026-09-14T14:58:46Z,2026-09-14T16:58:46+0200,6f350c35-df01-49a9-ad50-083ebfd1ddbf,2026-09-07T20:15:00Z,2026-09-07T22:15:00+0200,0.251672,MW,DK2,DK_2,actual_solar_generation,Solar,2026-09-14T14:59:25Z
2026-09-14T14:58:46Z,2026-09-14T16:58:46+0200,6f350c35-df01-49a9-ad50-083ebfd1ddbf,2026-09-07T20:30:00Z,2026-09-07T22:30:00+0200,0.45116,MW,DK2,DK_2,actual_solar_generation,Solar,2026-09-14T14:59:25Z
2026-09-14T14:58:46Z,2026-09-14T16:58:46+0200,6f350c35-df01-49a9-ad50-083ebfd1ddbf,2026-09-07T20:45:00Z,2026-09-07T22:45:00+0200,0.46168,MW,DK2,DK_2,actual_solar_generation,Solar,2026-09-14T14:59:25Z
2026-09-14T14:58:46Z,2026-09-14T16:58:46+0200,6f350c35-df01-49a9-ad50-083ebfd1ddbf,2026-09-07T21:00:00Z,2026-09-07T23:00:00+0200,0.262403,MW,DK2,DK_2,actual_solar_generation,Solar,2026-09-14T14:59:25Z
2026-09-14T14:58:46Z,2026-09-14T16:58:46+0200,6f350c35-df01-49a9-ad50-083ebfd1ddbf,2026-09-07T21:15:00Z,2026-09-07T23:15:00+0200,0.35758,MW,DK2,DK_2,actual_solar_generation,Solar,2026-09-14T14:59:25Z
2026-09-14T14:58:46Z,2026-09-14T16:58:46+0200,6f350c35-df01-49a9-ad50-083ebfd1ddbf,2026-09-07T21:30:00Z,2026-09-07T23:30:00+0200,0.26295,MW,DK2,DK_2,actual_solar_generation,Solar,2026-09-14T14:59:25Z
2026-09-14T14:58:46Z,2026-09-14T16:58:46+0200,6f350c35-df01-49a9-ad50-083ebfd1ddbf,2026-09-07T21:45:00Z,2026-09-07T23:45:00+0200,0.329446,MW,DK2,DK_2,actual_solar_generation,Solar,2026-09-14T14:59:25Z
2026-09-14T14:58:46Z,2026-09-14T16:58:46+0200,6f350c35-df01-49a9-ad50-083ebfd1ddbf,2026-09-07T22:00:00Z,2026-09-08T00:00:00+0200,0.820556,MW,DK2,DK_2,actual_solar_generation,Solar,2026-09-14T14:59:25Z
2026-09-14T14:58:46Z,2026-09-14T16:58:46+0200,6f350c35-df01-49a9-ad50-083ebfd1ddbf,2026-09-07T22:15:00Z,2026-09-08T00:15:00+0200,0.0,MW,DK2,DK_2,actual_solar_generation,Solar,2026-09-14T14:59:25Z
2026-09-14T14:58:46Z,2026-09-14T16:58:46+0200,6f350c35-df01-49a9-ad50-083ebfd1ddbf,2026-09-07T22:30:00Z,2026-09-08T00:30:00+0200,0.0,MW,DK2,DK_2,actual_solar_generation,Solar,2026-09-14T14:59:25Z
2026-09-14T14:58:46Z,2026-09-14T16:58:46+0200,6f350c35-df01-49a9-ad50-083ebfd1ddbf,2026-09-07T22:45:00Z,2026-09-08T00:45:00+0200,0.230289,MW,DK2,DK_2,actual_solar_generation,Solar,2026-09-14T14:59:25Z
2026-09-14T14:58:46Z,2026-09-14T16:58:46+0200,6f350c35-df01-49a9-ad50-083ebfd1ddbf,2026-09-07T23:00:00Z,2026-09-08T01:00:00+0200,0.428155,MW,DK2,DK_2,actual_solar_generation,Solar,2026-09-14T14:59:25Z
2026-09-14T14:58:46Z,2026-09-14T16:58:46+0200,6f350c35-df01-49a9-ad50-083ebfd1ddbf,2026-09-07T23:15:00Z,2026-09-08T01:15:00+0200,0.419417,MW,DK2,DK_2,actual_solar_generation,Solar,2026-09-14T14:59:25Z
2026-09-14T14:58:46Z,2026-09-14T16:58:46+0200,6f350c35-df01-49a9-ad50-083ebfd1ddbf,2026-09-07T23:30:00Z,2026-09-08T01:30:00+0200,0.210324,MW,DK2,DK_2,actual_solar_generation,Solar,2026-09-14T14:59:25Z
2026-09-14T14:58:46Z,2026-09-14T16:58:46+0200,6f350c35-df01-49a9-ad50-083ebfd1ddbf,2026-09-07T23:45:00Z,2026-09-08T01:45:00+0200,0.191966,MW,DK2,DK_2,actual_solar_generation,Solar,2026-09-14T14:59:25Z
2026-09-14T14:58:46Z,2026-09-14T16:58:46+0200,6f350c35-df01-49a9-ad50-083ebfd1ddbf,2026-09-08T00:00:00Z,2026-09-08T02:00:00+0200,0.247631,MW,DK2,DK_2,actual_solar_generation,Solar,2026-09-14T14:59:25Z
2026-09-14T14:58:46Z,2026-09-14T16:58:46+0200,6f350c35-df01-49a9-ad50-083ebfd1ddbf,2026-09-08T00:15:00Z,2026-09-08T02:15:00+0200,0.147357,MW,DK2,DK_2,actual_solar_generation,Solar,2026-09-14T14:59:25Z
2026-09-14T14:58:46Z,2026-09-14T16:58:46+0200,6f350c35-df01-49a9-ad50-083ebfd1ddbf,2026-09-08T00:30:00Z,2026-09-08T02:30:00+0200,0.117682,MW,DK2,DK_2,actual_solar_generation,Solar,2026-09-14T14:59:25Z
2026-09-14T14:58:46Z,2026-09-14T16:58:46+0200,6f350c35-df01-49a9-ad50-083ebfd1ddbf,2026-09-08T00:45:00Z,2026-09-08T02:45:00+0200,0.454605,MW,DK2,DK_2,actual_solar_generation,Solar,2026-09-14T14:59:25Z
2026-09-14T14:58:46Z,2026-09-14T16:58:46+0200,6f350c35-df01-49a9-ad50-083ebfd1ddbf,2026-09-08T01:00:00Z,2026-09-08T03:00:00+0200,0.406021,MW,DK2,DK_2,actual_solar_generation,Solar,2026-09-14T14:59:25Z
2026-09-14T14:58:46Z,2026-09-14T16:58:46+0200,6f350c35-df01-49a9-ad50-083ebfd1ddbf,2026-09-08T01:15:00Z,2026-09-08T03:15:00+0200,0.695712,MW,DK2,DK_2,actual_solar_generation,Solar,2026-09-14T14:59:25Z
2026-09-14T14:58:46Z,2026-09-14T16:58:46+0200,6f350c35-df01-49a9-ad50-083ebfd1ddbf,2026-09-08T01:30:00Z,2026-09-08T03:30:00+0200,0.758547,MW,DK2,DK_2,actual_solar_generation,Solar,2026-09-14T14:59:25Z
2026-09-14T14:58:46Z,2026-09-14T16:58:46+0200,6f350c35-df01-49a9-ad50-083ebfd1ddbf,2026-09-08T01:45:00Z,2026-09-08T03:45:00+0200,0.133895,MW,DK2,DK_2,actual_solar_generation,Solar,2026-09-14T14:59:25Z
2026-09-14T14:58:46Z,2026-09-14T16:58:46+0200,6f350c35-df01-49a9-ad50-083ebfd1ddbf,2026-09-08T02:00:00Z,2026-09-08T04:00:00+0200,0.0,MW,DK2,DK_2,actual_solar_generation,Solar,2026-09-14T14:59:25Z
2026-09-14T14:58:46Z,2026-09-14T16:58:46+0200,6f350c35-df01-49a9-ad50-083ebfd1ddbf,2026-09-08T02:15:00Z,2026-09-08T04:15:00+0200,0.225377,MW,DK2,DK_2,actual_solar_generation,Solar,2026-09-14T14:59:25Z
2026-09-14T14:58:46Z,2026-09-14T16:58:46+0200,6f350c35-df01-49a9-ad50-083ebfd1ddbf,2026-09-08T02:30:00Z,2026-09-08T04:30:00+0200,0.417795,MW,DK2,DK_2,actual_solar_generation,Solar,2026-09-14T14:59:25Z
2026-09-14T14:58:46Z,2026-09-14T16:58:46+0200,6f350c35-df01-49a9-ad50-083ebfd1ddbf,2026-09-08T02:45:00Z,2026-09-08T04:45:00+0200,0.0,MW,DK2,DK_2,actual_solar_generation,Solar,2026-09-14T14:59:25Z
2026-09-14T14:58:46Z,2026-09-14T16:58:46+0200,6f350c35-df01-49a9-ad50-083ebfd1ddbf,2026-09-08T03:00:00Z,2026-09-08T05:00:00+0200,0.498184,MW,DK2,DK_2,actual_solar_generation,Solar,2026-09-14T14:59:25Z
2026-09-14T14:58:46Z,2026-09-14T16:58:46+0200,6f350c35-df01-49a9-ad50-083ebfd1ddbf,2026-09-08T03:15:00Z,2026-09-08T05:15:00+0200,4.82451,MW,DK2,DK_2,actual_solar_generation,Solar,2026-09-14T14:59:25Z
2026-09-14T14:58:46Z,2026-09-14T16:58:46+0200,6f350c35-df01-49a9-ad50-083ebfd1ddbf,2026-09-08T03:30:00Z,2026-09-08T05:30:00+0200,2.41202,MW,DK2,DK_2,actual_solar_generation,Solar,2026-09-14T14:59:25Z
2026-09-14T14:58:46Z,2026-09-14T16:58:46+0200,6f350c35-df01-49a9-ad50-083ebfd1ddbf,2026-09-08T03:45:00Z,2026-09-08T05:45:00+0200,1.23761,MW,DK2,DK_2,actual_solar_generation,Solar,2026-09-14T14:59:25Z
2026-09-14T14:58:46Z,2026-09-14T16:58:46+0200,6f350c35-df01-49a9-ad50-083ebfd1ddbf,2026-09-08T04:00:00Z,2026-09-08T06:00:00+0200,0.331789,MW,DK2,DK_2,actual_solar_generation,Solar,2026-09-14T14:59:25Z
2026-09-14T14:58:46Z,2026-09-14T16:58:46+0200,6f350c35-df01-49a9-ad50-083ebfd1ddbf,2026-09-08T04:15:00Z,2026-09-08T06:15:00+0200,0.33511,MW,DK2,DK_2,actual_solar_generation,Solar,2026-09-14T14:59:25Z
2026-09-14T14:58:46Z,2026-09-14T16:58:46+0200,6f350c35-df01-49a9-ad50-083ebfd1ddbf,2026-09-08T04:30:00Z,2026-09-08T06:30:00+0200,0.26119,MW,DK2,DK_2,actual_solar_generation,Solar,2026-09-14T14:59:25Z
2026-09-14T14:58:46Z,2026-09-14T16:58:46+0200,6f350c35-df01-49a9-ad50-083ebfd1ddbf,2026-09-08T04:45:00Z,2026-09-08T06:45:00+0200,6.31618,MW,DK2,DK_2,actual_solar_generation,Solar,2026-09-14T14:59:25Z
2026-09-14T14:58:46Z,2026-09-14T16:58:46+0200,6f350c35-df01-49a9-ad50-083ebfd1ddbf,2026-09-08T05:00:00Z,2026-09-08T07:00:00+0200,14.0125,MW,DK2,DK_2,actual_solar_generation,Solar,2026-09-14T14:59:25Z
2026-09-14T14:58:46Z,2026-09-14T16:58:46+0200,6f350c35-df01-49a9-ad50-083ebfd1ddbf,2026-09-08T05:15:00Z,2026-09-08T07:15:00+0200,21.9795,MW,DK2,DK_2,actual_solar_generation,Solar,2026-09-14T14:59:25Z
2026-09-14T14:58:46Z,2026-09-14T16:58:46+0200,6f350c35-df01-49a9-ad50-083ebfd1ddbf,2026-09-08T05:30:00Z,2026-09-08T07:30:00+0200,28.6624,MW,DK2,DK_2,actual_solar_generation,Solar,2026-09-14T14:59:25Z
2026-09-14T14:58:46Z,2026-09-14T16:58:46+0200,6f350c35-df01-49a9-ad50-083ebfd1ddbf,2026-09-08T05:45:00Z,2026-09-08T07:45:00+0200,51.5794,MW,DK2,DK_2,actual_solar_generation,Solar,2026-09-14T14:59:25Z
2026-09-14T14:58:46Z,2026-09-14T16:58:46+0200,6f350c35-df01-49a9-ad50-083ebfd1ddbf,2026-09-08T06:00:00Z,2026-09-08T08:00:00+0200,53.5938,MW,DK2,DK_2,actual_solar_generation,Solar,2026-09-14T14:59:25Z
2026-09-14T14:58:46Z,2026-09-14T16:58:46+0200,6f350c35-df01-49a9-ad50-083ebfd1ddbf,2026-09-08T06:15:00Z,2026-09-08T08:15:00+0200,82.6064,MW,DK2,DK_2,actual_solar_generation,Solar,2026-09-14T14:59:25Z
2026-09-14T14:58:46Z,2026-09-14T16:58:46+0200,6f350c35-df01-49a9-ad50-083ebfd1ddbf,2026-09-08T06:30:00Z,2026-09-08T08:30:00+0200,87.6013,MW,DK2,DK_2,actual_solar_generation,Solar,2026-09-14T14:59:25Z
2026-09-14T14:58:46Z,2026-09-14T16:58:46+0200,6f350c35-df01-49a9-ad50-083ebfd1ddbf,2026-09-08T06:45:00Z,2026-09-08T08:45:00+0200,120.455,MW,DK2,DK_2,actual_solar_generation,Solar,2026-09-14T14:59:25Z
2026-09-14T14:58:46Z,2026-09-14T16:58:46+0200,6f350c35-df01-49a9-ad50-083ebfd1ddbf,2026-09-08T07:00:00Z,2026-09-08T09:00:00+0200,119.652,MW,DK2,DK_2,actual_solar_generation,Solar,2026-09-14T14:59:25Z
2026-09-14T14:58:46Z,2026-09-14T16:58:46+0200,6f350c35-df01-49a9-ad50-083ebfd1ddbf,2026-09-08T07:15:00Z,2026-09-08T09:15:00+0200,156.835,MW,DK2,DK_2,actual_solar_generation,Solar,2026-09-14T14:59:25Z
2026-09-14T14:58:46Z,2026-09-14T16:58:46+0200,6f350c35-df01-49a9-ad50-083ebfd1ddbf,2026-09-08T07:30:00Z,2026-09-08T09:30:00+0200,179.536,MW,DK2,DK_2,actual_solar_generation,Solar,2026-09-14T14:59:25Z
2026-09-14T14:58:46Z,2026-09-14T16:58:46+0200,6f350c35-df01-49a9-ad50-083ebfd1ddbf,2026-09-08T07:45:00Z,2026-09-08T09:45:00+0200,171.674,MW,DK2,DK_2,actual_solar_generation,Solar,2026-09-14T14:59:25Z
2026-09-14T14:58:46Z,2026-09-14T16:58:46+0200,6f350c35-df01-49a9-ad50-083ebfd1ddbf,2026-09-08T08:00:00Z,2026-09-08T10:00:00+0200,239.139,MW,DK2,DK_2,actual_solar_generation,Solar,2026-09-14T14:59:25Z
2026-09-14T14:58:46Z,2026-09-14T16:58:46+0200,6f350c35-df01-49a9-ad50-083ebfd1ddbf,2026-09-08T08:15:00Z,2026-09-08T10:15:00+0200,259.701,MW,DK2,DK_2,actual_solar_generation,Solar,2026-09-14T14:59:25Z
2026-09-14T14:58:46Z,2026-09-14T16:58:46+0200,6f350c35-df01-49a9-ad50-083ebfd1ddbf,2026-09-08T08:30:00Z,2026-09-08T10:30:00+0200,283.744,MW,DK2,DK_2,actual_solar_generation,Solar,2026-09-14T14:59:25Z
2026-09-14T14:58:46Z,2026-09-14T16:58:46+0200,6f350c35-df01-49a9-ad50-083ebfd1ddbf,2026-09-08T08:45:00Z,2026-09-08T10:45:00+0200,300.711,MW,DK2,DK_2,actual_solar_generation,Solar,2026-09-14T14:59:25Z
2026-09-14T14:58:46Z,2026-09-14T16:58:46+0200,6f350c35-df01-49a9-ad50-083ebfd1ddbf,2026-09-08T09:00:00Z,2026-09-08T11:00:00+0200,316.621,MW,DK2,DK_2,actual_solar_generation,Solar,2026-09-14T14:59:25Z
2026-09-14T14:58:46Z,2026-09-14T16:58:46+0200,6f350c35-df01-49a9-ad50-083ebfd1ddbf,2026-09-08T09:15:00Z,2026-09-08T11:15:00+0200,298.594,MW,DK2,DK_2,actual_solar_generation,Solar,2026-09-14T14:59:25Z
2026-09-14T14:58:46Z,2026-09-14T16:58:46+0200,6f350c35-df01-49a9-ad50-083ebfd1ddbf,2026-09-08T09:30:00Z,2026-09-08T11:30:00+0200,299.249,MW,DK2,DK_2,actual_solar_generation,Solar,2026-09-14T14:59:25Z
2026-09-14T14:58:46Z,2026-09-14T16:58:46+0200,6f350c35-df01-49a9-ad50-083ebfd1ddbf,2026-09-08T09:45:00Z,2026-09-08T11:45:00+0200,271.907,MW,DK2,DK_2,actual_solar_generation,Solar,2026-09-14T14:59:25Z
2026-09-14T14:58:46Z,2026-09-14T16:58:46+0200,6f350c35-df01-49a9-ad50-083ebfd1ddbf,2026-09-08T10:00:00Z,2026-09-08T12:00:00+0200,223.954,MW,DK2,DK_2,actual_solar_generation,Solar,2026-09-14T14:59:25Z
2026-09-14T14:58:46Z,2026-09-14T16:58:46+0200,6f350c35-df01-49a9-ad50-083ebfd1ddbf,2026-09-08T10:15:00Z,2026-09-08T12:15:00+0200,283.299,MW,DK2,DK_2,actual_solar_generation,Solar,2026-09-14T14:59:25Z
2026-09-14T14:58:46Z,2026-09-14T16:58:46+0200,6f350c35-df01-49a9-ad50-083ebfd1ddbf,2026-09-08T10:30:00Z,2026-09-08T12:30:00+0200,263.729,MW,DK2,DK_2,actual_solar_generation,Solar,2026-09-14T14:59:25Z
2026-09-14T14:58:46Z,2026-09-14T16:58:46+0200,6f350c35-df01-49a9-ad50-083ebfd1ddbf,2026-09-08T10:45:00Z,2026-09-08T12:45:00+0200,282.863,MW,DK2,DK_2,actual_solar_generation,Solar,2026-09-14T14:59:25Z
2026-09-14T14:58:46Z,2026-09-14T16:58:46+0200,6f350c35-df01-49a9-ad50-083ebfd1ddbf,2026-09-08T11:00:00Z,2026-09-08T13:00:00+0200,237.415,MW,DK2,DK_2,actual_solar_generation,Solar,2026-09-14T14:59:25Z
2026-09-14T14:58:46Z,2026-09-14T16:58:46+0200,6f350c35-df01-49a9-ad50-083ebfd1ddbf,2026-09-08T11:15:00Z,2026-09-08T13:15:00+0200,269.861,MW,DK2,DK_2,actual_solar_generation,Solar,2026-09-14T14:59:25Z
2026-09-14T14:58:46Z,2026-09-14T16:58:46+0200,6f350c35-df01-49a9-ad50-083ebfd1ddbf,2026-09-08T11:30:00Z,2026-09-08T13:30:00+0200,253.95,MW,DK2,DK_2,actual_solar_generation,Solar,2026-09-14T14:59:25Z
2026-09-14T14:58:46Z,2026-09-14T16:58:46+0200,6f350c35-df01-49a9-ad50-083ebfd1ddbf,2026-09-08T11:45:00Z,2026-09-08T13:45:00+0200,241.738,MW,DK2,DK_2,actual_solar_generation,Solar,2026-09-14T14:59:25Z
2026-09-14T14:58:46Z,2026-09-14T16:58:46+0200,6f350c35-df01-49a9-ad50-083ebfd1ddbf,2026-09-08T12:00:00Z,2026-09-08T14:00:00+0200,261.857,MW,DK2,DK_2,actual_solar_generation,Solar,2026-09-14T14:59:25Z
2026-09-14T14:58:46Z,2026-09-14T16:58:46+0200,6f350c35-df01-49a9-ad50-083ebfd1ddbf,2026-09-08T12:15:00Z,2026-09-08T14:15:00+0200,236.133,MW,DK2,DK_2,actual_solar_generation,Solar,2026-09-14T14:59:25Z
2026-09-14T14:58:46Z,2026-09-14T16:58:46+0200,6f350c35-df01-49a9-ad50-083ebfd1ddbf,2026-09-08T12:30:00Z,2026-09-08T14:30:00+0200,227.117,MW,DK2,DK_2,actual_solar_generation,Solar,2026-09-14T14:59:25Z
2026-09-14T14:58:46Z,2026-09-14T16:58:46+0200,6f350c35-df01-49a9-ad50-083ebfd1ddbf,2026-09-08T12:45:00Z,2026-09-08T14:45:00+0200,213.984,MW,DK2,DK_2,actual_solar_generation,Solar,2026-09-14T14:59:25Z
2026-09-14T14:58:46Z,2026-09-14T16:58:46+0200,6f350c35-df01-49a9-ad50-083ebfd1ddbf,2026-09-08T13:00:00Z,2026-09-08T15:00:00+0200,257.11,MW,DK2,DK_2,actual_solar_generation,Solar,2026-09-14T14:59:25Z
2026-09-14T14:58:46Z,2026-09-14T16:58:46+0200,6f350c35-df01-49a9-ad50-083ebfd1ddbf,2026-09-08T13:15:00Z,2026-09-08T15:15:00+0200,235.408,MW,DK2,DK_2,actual_solar_generation,Solar,2026-09-14T14:59:25Z
2026-09-14T14:58:46Z,2026-09-14T16:58:46+0200,6f350c35-df01-49a9-ad50-083ebfd1ddbf,2026-09-08T13:30:00Z,2026-09-08T15:30:00+0200,243.778,MW,DK2,DK_2,actual_solar_generation,Solar,2026-09-14T14:59:25Z
2026-09-14T14:58:46Z,2026-09-14T16:58:46+0200,6f350c35-df01-49a9-ad50-083ebfd1ddbf,2026-09-08T13:45:00Z,2026-09-08T15:45:00+0200,230.511,MW,DK2,DK_2,actual_solar_generation,Solar,2026-09-14T14:59:25Z
2026-09-14T14:58:46Z,2026-09-14T16:58:46+0200,6f350c35-df01-49a9-ad50-083ebfd1ddbf,2026-09-08T14:00:00Z,2026-09-08T16:00:00+0200,209.772,MW,DK2,DK_2,actual_solar_generation,Solar,2026-09-14T14:59:25Z
2026-09-14T14:58:46Z,2026-09-14T16:58:46+0200,6f350c35-df01-49a9-ad50-083ebfd1ddbf,2026-09-08T14:15:00Z,2026-09-08T16:15:00+0200,165.28,MW,DK2,DK_2,actual_solar_generation,Solar,2026-09-14T14:59:25Z
2026-09-14T14:58:46Z,2026-09-14T16:58:46+0200,6f350c35-df01-49a9-ad50-083ebfd1ddbf,2026-09-08T14:30:00Z,2026-09-08T16:30:00+0200,128.134,MW,DK2,DK_2,actual_solar_generation,Solar,2026-09-14T14:59:25Z
2026-09-14T14:58:46Z,2026-09-14T16:58:46+0200,6f350c35-df01-49a9-ad50-083ebfd1ddbf,2026-09-08T14:45:00Z,2026-09-08T16:45:00+0200,119.385,MW,DK2,DK_2,actual_solar_generation,Solar,2026-09-14T14:59:25Z
2026-09-14T14:58:46Z,2026-09-14T16:58:46+0200,6f350c35-df01-49a9-ad50-083ebfd1ddbf,2026-09-08T15:00:00Z,2026-09-08T17:00:00+0200,122.252,MW,DK2,DK_2,actual_solar_generation,Solar,2026-09-14T14:59:25Z
2026-09-14T14:58:46Z,2026-09-14T16:58:46+0200,6f350c35-df01-49a9-ad50-083ebfd1ddbf,2026-09-08T15:15:00Z,2026-09-08T17:15:00+0200,106.303,MW,DK2,DK_2,actual_solar_generation,Solar,2026-09-14T14:59:25Z
2026-09-14T14:58:46Z,2026-09-14T16:58:46+0200,6f350c35-df01-49a9-ad50-083ebfd1ddbf,2026-09-08T15:30:00Z,2026-09-08T17:30:00+0200,72.3803,MW,DK2,DK_2,actual_solar_generation,Solar,2026-09-14T14:59:25Z
2026-09-14T14:58:46Z,2026-09-14T16:58:46+0200,6f350c35-df01-49a9-ad50-083ebfd1ddbf,2026-09-08T15:45:00Z,2026-09-08T17:45:00+0200,52.4983,MW,DK2,DK_2,actual_solar_generation,Solar,2026-09-14T14:59:25Z
2026-09-14T14:58:46Z,2026-09-14T16:58:46+0200,6f350c35-df01-49a9-ad50-083ebfd1ddbf,2026-09-08T16:00:00Z,2026-09-08T18:00:00+0200,38.2854,MW,DK2,DK_2,actual_solar_generation,Solar,2026-09-14T14:59:25Z
2026-09-14T14:58:46Z,2026-09-14T16:58:46+0200,6f350c35-df01-49a9-ad50-083ebfd1ddbf,2026-09-08T16:15:00Z,2026-09-08T18:15:00+0200,46.997,MW,DK2,DK_2,actual_solar_generation,Solar,2026-09-14T14:59:25Z
2026-09-14T14:58:46Z,2026-09-14T16:58:46+0200,6f350c35-df01-49a9-ad50-083ebfd1ddbf,2026-09-08T16:30:00Z,2026-09-08T18:30:00+0200,48.7759,MW,DK2,DK_2,actual_solar_generation,Solar,2026-09-14T14:59:25Z
2026-09-14T14:58:46Z,2026-09-14T16:58:46+0200,6f350c35-df01-49a9-ad50-083ebfd1ddbf,2026-09-08T16:45:00Z,2026-09-08T18:45:00+0200,33.5188,MW,DK2,DK_2,actual_solar_generation,Solar,2026-09-14T14:59:25Z
2026-09-14T14:58:46Z,2026-09-14T16:58:46+0200,6f350c35-df01-49a9-ad50-083ebfd1ddbf,2026-09-08T17:00:00Z,2026-09-08T19:00:00+0200,19.4081,MW,DK2,DK_2,actual_solar_generation,Solar,2026-09-14T14:59:25Z
2026-09-14T14:58:46Z,2026-09-14T16:58:46+0200,6f350c35-df01-49a9-ad50-083ebfd1ddbf,2026-09-08T17:15:00Z,2026-09-08T19:15:00+0200,8.57803,MW,DK2,DK_2,actual_solar_generation,Solar,2026-09-14T14:59:25Z
2026-09-14T14:58:46Z,2026-09-14T16:58:46+0200,6f350c35-df01-49a9-ad50-083ebfd1ddbf,2026-09-08T17:30:00Z,2026-09-08T19:30:00+0200,5.16536,MW,DK2,DK_2,actual_solar_generation,Solar,2026-09-14T14:59:25Z
2026-09-14T14:58:46Z,2026-09-14T16:58:46+0200,6f350c35-df01-49a9-ad50-083ebfd1ddbf,2026-09-08T17:45:00Z,2026-09-08T19:45:00+0200,2.31881,MW,DK2,DK_2,actual_solar_generation,Solar,2026-09-14T14:59:25Z
2026-09-14T14:58:46Z,2026-09-14T16:58:46+0200,6f350c35-df01-49a9-ad50-083ebfd1ddbf,2026-09-08T18:00:00Z,2026-09-08T20:00:00+0200,0.512441,MW,DK2,DK_2,actual_solar_generation,Solar,2026-09-14T14:59:25Z
2026-09-14T14:58:46Z,2026-09-14T16:58:46+0200,6f350c35-df01-49a9-ad50-083ebfd1ddbf,2026-09-08T18:15:00Z,2026-09-08T20:15:00+0200,0.0,MW,DK2,DK_2,actual_solar_generation,Solar,2026-09-14T14:59:25Z
2026-09-14T14:58:46Z,2026-09-14T16:58:46+0200,6f350c35-df01-49a9-ad50-083ebfd1ddbf,2026-09-08T18:30:00Z,2026-09-08T20:30:00+0200,0.0,MW,DK2,DK_2,actual_solar_generation,Solar,2026-09-14T14:59:25Z
2026-09-14T14:58:46Z,2026-09-14T16:58:46+0200,6f350c35-df01-49a9-ad50-083ebfd1ddbf,2026-09-08T18:45:00Z,2026-09-08T20:45:00+0200,0.0,MW,DK2,DK_2,actual_solar_generation,Solar,2026-09-14T14:59:25Z
2026-09-14T14:58:46Z,2026-09-14T16:58:46+0200,6f350c35-df01-49a9-ad50-083ebfd1ddbf,2026-09-08T19:00:00Z,2026-09-08T21:00:00+0200,0.533127,MW,DK2,DK_2,actual_solar_generation,Solar,2026-09-14T14:59:25Z
2026-09-14T14:58:46Z,2026-09-14T16:58:46+0200,6f350c35-df01-49a9-ad50-083ebfd1ddbf,2026-09-08T19:15:00Z,2026-09-08T21:15:00+0200,0.0,MW,DK2,DK_2,actual_solar_generation,Solar,2026-09-14T14:59:25Z
2026-09-14T14:58:46Z,2026-09-14T16:58:46+0200,6f350c35-df01-49a9-ad50-083ebfd1ddbf,2026-09-08T19:30:00Z,2026-09-08T21:30:00+0200,0.0,MW,DK2,DK_2,actual_solar_generation,Solar,2026-09-14T14:59:25Z
2026-09-14T14:58:46Z,2026-09-14T16:58:46+0200,6f350c35-df01-49a9-ad50-083ebfd1ddbf,2026-09-08T19:45:00Z,2026-09-08T21:45:00+0200,0.0,MW,DK2,DK_2,actual_solar_generation,Solar,2026-09-14T14:59:25Z
2026-09-14T14:58:46Z,2026-09-14T16:58:46+0200,6f350c35-df01-49a9-ad50-083ebfd1ddbf,2026-09-08T20:00:00Z,2026-09-08T22:00:00+0200,0.0,MW,DK2,DK_2,actual_solar_generation,Solar,2026-09-14T14:59:25Z
2026-09-14T14:58:46Z,2026-09-14T16:58:46+0200,6f350c35-df01-49a9-ad50-083ebfd1ddbf,2026-09-08T20:15:00Z,2026-09-08T22:15:00+0200,0.0,MW,DK2,DK_2,actual_solar_generation,Solar,2026-09-14T14:59:25Z
2026-09-14T14:58:46Z,2026-09-14T16:58:46+0200,6f350c35-df01-49a9-ad50-083ebfd1ddbf,2026-09-08T20:30:00Z,2026-09-08T22:30:00+0200,0.0,MW,DK2,DK_2,actual_solar_generation,Solar,2026-09-14T14:59:25Z
2026-09-14T14:58:46Z,2026-09-14T16:58:46+0200,6f350c35-df01-49a9-ad50-083ebfd1ddbf,2026-09-08T20:45:00Z,2026-09-08T22:45:00+0200,0.0,MW,DK2,DK_2,actual_solar_generation,Solar,2026-09-14T14:59:25Z
2026-09-14T14:58:46Z,2026-09-14T16:58:46+0200,6f350c35-df01-49a9-ad50-083ebfd1ddbf,2026-09-08T21:00:00Z,2026-09-08T23:00:00+0200,0.0,MW,DK2,DK_2,actual_solar_generation,Solar,2026-09-14T14:59:25Z
2026-09-14T14:58:46Z,2026-09-14T16:58:46+0200,6f350c35-df01-49a9-ad50-083ebfd1ddbf,2026-09-08T21:15:00Z,2026-09-08T23:15:00+0200,0.0,MW,DK2,DK_2,actual_solar_generation,Solar,2026-09-14T14:59:25Z
2026-09-14T14:58:46Z,2026-09-14T16:58:46+0200,6f350c35-df01-49a9-ad50-083ebfd1ddbf,2026-09-08T21:30:00Z,2026-09-08T23:30:00+0200,0.0,MW,DK2,DK_2,actual_solar_generation,Solar,2026-09-14T14:59:25Z
2026-09-14T14:58:46Z,2026-09-14T16:58:46+0200,6f350c35-df01-49a9-ad50-083ebfd1ddbf,2026-09-08T21:45:00Z,2026-09-08T23:45:00+0200,0.0,MW,DK2,DK_2,actual_solar_generation,Solar,2026-09-14T14:59:25Z
2026-09-14T14:58:46Z,2026-09-14T16:58:46+0200,6f350c35-df01-49a9-ad50-083ebfd1ddbf,2026-09-08T22:00:00Z,2026-09-09T00:00:00+0200,0.0,MW,DK2,DK_2,actual_solar_generation,Solar,2026-09-14T14:59:25Z
2026-09-14T14:58:46Z,2026-09-14T16:58:46+0200,6f350c35-df01-49a9-ad50-083ebfd1ddbf,2026-09-08T22:15:00Z,2026-09-09T00:15:00+0200,0.0,MW,DK2,DK_2,actual_solar_generation,Solar,2026-09-14T14:59:25Z
2026-09-14T14:58:46Z,2026-09-14T16:58:46+0200,6f350c35-df01-49a9-ad50-083ebfd1ddbf,2026-09-08T22:30:00Z,2026-09-09T00:30:00+0200,0.0,MW,DK2,DK_2,actual_solar_generation,Solar,2026-09-14T14:59:25Z
2026-09-14T14:58:46Z,2026-09-14T16:58:46+0200,6f350c35-df01-49a9-ad50-083ebfd1ddbf,2026-09-08T22:45:00Z,2026-09-09T00:45:00+0200,0.0,MW,DK2,DK_2,actual_solar_generation,Solar,2026-09-14T14:59:25Z
2026-09-14T14:58:46Z,2026-09-14T16:58:46+0200,6f350c35-df01-49a9-ad50-083ebfd1ddbf,2026-09-08T23:00:00Z,2026-09-09T01:00:00+0200,0.396352,MW,DK2,DK_2,actual_solar_generation,Solar,2026-09-14T14:59:25Z
2026-09-14T14:58:46Z,2026-09-14T16:58:46+0200,6f350c35-df01-49a9-ad50-083ebfd1ddbf,2026-09-08T23:15:00Z,2026-09-09T01:15:00+0200,0.511108,MW,DK2,DK_2,actual_solar_generation,Solar,2026-09-14T14:59:25Z
2026-09-14T14:58:46Z,2026-09-14T16:58:46+0200,6f350c35-df01-49a9-ad50-083ebfd1ddbf,2026-09-08T23:30:00Z,2026-09-09T01:30:00+0200,0.059895,MW,DK2,DK_2,actual_solar_generation,Solar,2026-09-14T14:59:25Z
2026-09-14T14:58:46Z,2026-09-14T16:58:46+0200,6f350c35-df01-49a9-ad50-083ebfd1ddbf,2026-09-08T23:45:00Z,2026-09-09T01:45:00+0200,0.323589,MW,DK2,DK_2,actual_solar_generation,Solar,2026-09-14T14:59:25Z
2026-09-14T14:58:46Z,2026-09-14T16:58:46+0200,6f350c35-df01-49a9-ad50-083ebfd1ddbf,2026-09-09T00:00:00Z,2026-09-09T02:00:00+0200,0.334469,MW,DK2,DK_2,actual_solar_generation,Solar,2026-09-14T14:59:25Z
2026-09-14T14:58:46Z,2026-09-14T16:58:46+0200,6f350c35-df01-49a9-ad50-083ebfd1ddbf,2026-09-09T00:15:00Z,2026-09-09T02:15:00+0200,0.118146,MW,DK2,DK_2,actual_solar_generation,Solar,2026-09-14T14:59:25Z
2026-09-14T14:58:46Z,2026-09-14T16:58:46+0200,6f350c35-df01-49a9-ad50-083ebfd1ddbf,2026-09-09T00:30:00Z,2026-09-09T02:30:00+0200,0.169432,MW,DK2,DK_2,actual_solar_generation,Solar,2026-09-14T14:59:25Z
2026-09-14T14:58:46Z,2026-09-14T16:58:46+0200,6f350c35-df01-49a9-ad50-083ebfd1ddbf,2026-09-09T00:45:00Z,2026-09-09T02:45:00+0200,0.159627,MW,DK2,DK_2,actual_solar_generation,Solar,2026-09-14T14:59:25Z
2026-09-14T14:58:46Z,2026-09-14T16:58:46+0200,6f350c35-df01-49a9-ad50-083ebfd1ddbf,2026-09-09T01:00:00Z,2026-09-09T03:00:00+0200,0.0,MW,DK2,DK_2,actual_solar_generation,Solar,2026-09-14T14:59:25Z
2026-09-14T14:58:46Z,2026-09-14T16:58:46+0200,6f350c35-df01-49a9-ad50-083ebfd1ddbf,2026-09-09T01:15:00Z,2026-09-09T03:15:00+0200,0.145241,MW,DK2,DK_2,actual_solar_generation,Solar,2026-09-14T14:59:25Z
2026-09-14T14:58:46Z,2026-09-14T16:58:46+0200,6f350c35-df01-49a9-ad50-083ebfd1ddbf,2026-09-09T01:30:00Z,2026-09-09T03:30:00+0200,0.065076,MW,DK2,DK_2,actual_solar_generation,Solar,2026-09-14T14:59:25Z
2026-09-14T14:58:46Z,2026-09-14T16:58:46+0200,6f350c35-df01-49a9-ad50-083ebfd1ddbf,2026-09-09T01:45:00Z,2026-09-09T03:45:00+0200,0.471157,MW,DK2,DK_2,actual_solar_generation,Solar,2026-09-14T14:59:25Z
2026-09-14T14:58:46Z,2026-09-14T16:58:46+0200,6f350c35-df01-49a9-ad50-083ebfd1ddbf,2026-09-09T02:00:00Z,2026-09-09T04:00:00+0200,0.364092,MW,DK2,DK_2,actual_solar_generation,Solar,2026-09-14T14:59:25Z
2026-09-14T14:58:46Z,2026-09-14T16:58:46+0200,6f350c35-df01-49a9-ad50-083ebfd1ddbf,2026-09-09T02:15:00Z,2026-09-09T04:15:00+0200,0.170047,MW,DK2,DK_2,actual_solar_generation,Solar,2026-09-14T14:59:25Z
2026-09-14T14:58:46Z,2026-09-14T16:58:46+0200,6f350c35-df01-49a9-ad50-083ebfd1ddbf,2026-09-09T02:30:00Z,2026-09-09T04:30:00+0200,0.219754,MW,DK2,DK_2,actual_solar_generation,Solar,2026-09-14T14:59:25Z
2026-09-14T14:58:46Z,2026-09-14T16:58:46+0200,6f350c35-df01-49a9-ad50-083ebfd1ddbf,2026-09-09T02:45:00Z,2026-09-09T04:45:00+0200,0.586742,MW,DK2,DK_2,actual_solar_generation,Solar,2026-09-14T14:59:25Z
2026-09-14T14:58:46Z,2026-09-14T16:58:46+0200,6f350c35-df01-49a9-ad50-083ebfd1ddbf,2026-09-09T03:00:00Z,2026-09-09T05:00:00+0200,0.230805,MW,DK2,DK_2,actual_solar_generation,Solar,2026-09-14T14:59:25Z
2026-09-14T14:58:46Z,2026-09-14T16:58:46+0200,6f350c35-df01-49a9-ad50-083ebfd1ddbf,2026-09-09T03:15:00Z,2026-09-09T05:15:00+0200,0.194955,MW,DK2,DK_2,actual_solar_generation,Solar,2026-09-14T14:59:25Z
2026-09-14T14:58:46Z,2026-09-14T16:58:46+0200,6f350c35-df01-49a9-ad50-083ebfd1ddbf,2026-09-09T03:30:00Z,2026-09-09T05:30:00+0200,0.153717,MW,DK2,DK_2,actual_solar_generation,Solar,2026-09-14T14:59:25Z
2026-09-14T14:58:46Z,2026-09-14T16:58:46+0200,6f350c35-df01-49a9-ad50-083ebfd1ddbf,2026-09-09T03:45:00Z,2026-09-09T05:45:00+0200,0.276949,MW,DK2,DK_2,actual_solar_generation,Solar,2026-09-14T14:59:25Z
2026-09-14T14:58:46Z,2026-09-14T16:58:46+0200,6f350c35-df01-49a9-ad50-083ebfd1ddbf,2026-09-09T04:00:00Z,2026-09-09T06:00:00+0200,0.49786,MW,DK2,DK_2,actual_solar_generation,Solar,2026-09-14T14:59:25Z
2026-09-14T14:58:46Z,2026-09-14T16:58:46+0200,6f350c35-df01-49a9-ad50-083ebfd1ddbf,2026-09-09T04:15:00Z,2026-09-09T06:15:00+0200,0.71287,MW,DK2,DK_2,actual_solar_generation,Solar,2026-09-14T14:59:25Z
2026-09-14T14:58:46Z,2026-09-14T16:58:46+0200,6f350c35-df01-49a9-ad50-083ebfd1ddbf,2026-09-09T04:30:00Z,2026-09-09T06:30:00+0200,1.0898,MW,DK2,DK_2,actual_solar_generation,Solar,2026-09-14T14:59:25Z
2026-09-14T14:58:46Z,2026-09-14T16:58:46+0200,6f350c35-df01-49a9-ad50-083ebfd1ddbf,2026-09-09T04:45:00Z,2026-09-09T06:45:00+0200,2.28002,MW,DK2,DK_2,actual_solar_generation,Solar,2026-09-14T14:59:25Z
2026-09-14T14:58:46Z,2026-09-14T16:58:46+0200,6f350c35-df01-49a9-ad50-083ebfd1ddbf,2026-09-09T05:00:00Z,2026-09-09T07:00:00+0200,16.0201,MW,DK2,DK_2,actual_solar_generation,Solar,2026-09-14T14:59:25Z
2026-09-14T14:58:46Z,2026-09-14T16:58:46+0200,6f350c35-df01-49a9-ad50-083ebfd1ddbf,2026-09-09T05:15:00Z,2026-09-09T07:15:00+0200,44.8226,MW,DK2,DK_2,actual_solar_generation,Solar,2026-09-14T14:59:25Z
2026-09-14T14:58:46Z,2026-09-14T16:58:46+0200,6f350c35-df01-49a9-ad50-083ebfd1ddbf,2026-09-09T05:30:00Z,2026-09-09T07:30:00+0200,67.7064,MW,DK2,DK_2,actual_solar_generation,Solar,2026-09-14T14:59:25Z
2026-09-14T14:58:46Z,2026-09-14T16:58:46+0200,6f350c35-df01-49a9-ad50-083ebfd1ddbf,2026-09-09T05:45:00Z,2026-09-09T07:45:00+0200,119.221,MW,DK2,DK_2,actual_solar_generation,Solar,2026-09-14T14:59:25Z
2026-09-14T14:58:46Z,2026-09-14T16:58:46+0200,6f350c35-df01-49a9-ad50-083ebfd1ddbf,2026-09-09T06:00:00Z,2026-09-09T08:00:00+0200,162.819,MW,DK2,DK_2,actual_solar_generation,Solar,2026-09-14T14:59:25Z
2026-09-14T14:58:46Z,2026-09-14T16:58:46+0200,6f350c35-df01-49a9-ad50-083ebfd1ddbf,2026-09-09T06:15:00Z,2026-09-09T08:15:00+0200,180.919,MW,DK2,DK_2,actual_solar_generation,Solar,2026-09-14T14:59:25Z
2026-09-14T14:58:46Z,2026-09-14T16:58:46+0200,6f350c35-df01-49a9-ad50-083ebfd1ddbf,2026-09-09T06:30:00Z,2026-09-09T08:30:00+0200,298.739,MW,DK2,DK_2,actual_solar_generation,Solar,2026-09-14T14:59:25Z
2026-09-14T14:58:46Z,2026-09-14T16:58:46+0200,6f350c35-df01-49a9-ad50-083ebfd1ddbf,2026-09-09T06:45:00Z,2026-09-09T08:45:00+0200,406.694,MW,DK2,DK_2,actual_solar_generation,Solar,2026-09-14T14:59:25Z
2026-09-14T14:58:46Z,2026-09-14T16:58:46+0200,6f350c35-df01-49a9-ad50-083ebfd1ddbf,2026-09-09T07:00:00Z,2026-09-09T09:00:00+0200,471.988,MW,DK2,DK_2,actual_solar_generation,Solar,2026-09-14T14:59:25Z
2026-09-14T14:58:46Z,2026-09-14T16:58:46+0200,6f350c35-df01-49a9-ad50-083ebfd1ddbf,2026-09-09T07:15:00Z,2026-09-09T09:15:00+0200,533.568,MW,DK2,DK_2,actual_solar_generation,Solar,2026-09-14T14:59:25Z
2026-09-14T14:58:46Z,2026-09-14T16:58:46+0200,6f350c35-df01-49a9-ad50-083ebfd1ddbf,2026-09-09T07:30:00Z,2026-09-09T09:30:00+0200,545.235,MW,DK2,DK_2,actual_solar_generation,Solar,2026-09-14T14:59:25Z
2026-09-14T14:58:46Z,2026-09-14T16:58:46+0200,6f350c35-df01-49a9-ad50-083ebfd1ddbf,2026-09-09T07:45:00Z,2026-09-09T09:45:00+0200,592.65,MW,DK2,DK_2,actual_solar_generation,Solar,2026-09-14T14:59:25Z
2026-09-14T14:58:46Z,2026-09-14T16:58:46+0200,6f350c35-df01-49a9-ad50-083ebfd1ddbf,2026-09-09T08:00:00Z,2026-09-09T10:00:00+0200,709.11,MW,DK2,DK_2,actual_solar_generation,Solar,2026-09-14T14:59:25Z
2026-09-14T14:58:46Z,2026-09-14T16:58:46+0200,6f350c35-df01-49a9-ad50-083ebfd1ddbf,2026-09-09T08:15:00Z,2026-09-09T10:15:00+0200,749.357,MW,DK2,DK_2,actual_solar_generation,Solar,2026-09-14T14:59:25Z
2026-09-14T14:58:46Z,2026-09-14T16:58:46+0200,6f350c35-df01-49a9-ad50-083ebfd1ddbf,2026-09-09T08:30:00Z,2026-09-09T10:30:00+0200,791.484,MW,DK2,DK_2,actual_solar_generation,Solar,2026-09-14T14:59:25Z
2026-09-14T14:58:46Z,2026-09-14T16:58:46+0200,6f350c35-df01-49a9-ad50-083ebfd1ddbf,2026-09-09T08:45:00Z,2026-09-09T10:45:00+0200,851.911,MW,DK2,DK_2,actual_solar_generation,Solar,2026-09-14T14:59:25Z
2026-09-14T14:58:46Z,2026-09-14T16:58:46+0200,6f350c35-df01-49a9-ad50-083ebfd1ddbf,2026-09-09T09:00:00Z,2026-09-09T11:00:00+0200,864.519,MW,DK2,DK_2,actual_solar_generation,Solar,2026-09-14T14:59:25Z
2026-09-14T14:58:46Z,2026-09-14T16:58:46+0200,6f350c35-df01-49a9-ad50-083ebfd1ddbf,2026-09-09T09:15:00Z,2026-09-09T11:15:00+0200,857.192,MW,DK2,DK_2,actual_solar_generation,Solar,2026-09-14T14:59:25Z
2026-09-14T14:58:46Z,2026-09-14T16:58:46+0200,6f350c35-df01-49a9-ad50-083ebfd1ddbf,2026-09-09T09:30:00Z,2026-09-09T11:30:00+0200,886.057,MW,DK2,DK_2,actual_solar_generation,Solar,2026-09-14T14:59:25Z
2026-09-14T14:58:46Z,2026-09-14T16:58:46+0200,6f350c35-df01-49a9-ad50-083ebfd1ddbf,2026-09-09T09:45:00Z,2026-09-09T11:45:00+0200,968.713,MW,DK2,DK_2,actual_solar_generation,Solar,2026-09-14T14:59:25Z
2026-09-14T14:58:46Z,2026-09-14T16:58:46+0200,6f350c35-df01-49a9-ad50-083ebfd1ddbf,2026-09-09T10:00:00Z,2026-09-09T12:00:00+0200,869.814,MW,DK2,DK_2,actual_solar_generation,Solar,2026-09-14T14:59:25Z
2026-09-14T14:58:46Z,2026-09-14T16:58:46+0200,6f350c35-df01-49a9-ad50-083ebfd1ddbf,2026-09-09T10:15:00Z,2026-09-09T12:15:00+0200,931.918,MW,DK2,DK_2,actual_solar_generation,Solar,2026-09-14T14:59:25Z
2026-09-14T14:58:46Z,2026-09-14T16:58:46+0200,6f350c35-df01-49a9-ad50-083ebfd1ddbf,2026-09-09T10:30:00Z,2026-09-09T12:30:00+0200,937.958,MW,DK2,DK_2,actual_solar_generation,Solar,2026-09-14T14:59:25Z
2026-09-14T14:58:46Z,2026-09-14T16:58:46+0200,6f350c35-df01-49a9-ad50-083ebfd1ddbf,2026-09-09T10:45:00Z,2026-09-09T12:45:00+0200,947.501,MW,DK2,DK_2,actual_solar_generation,Solar,2026-09-14T14:59:25Z
2026-09-14T14:58:46Z,2026-09-14T16:58:46+0200,6f350c35-df01-49a9-ad50-083ebfd1ddbf,2026-09-09T11:00:00Z,2026-09-09T13:00:00+0200,810.095,MW,DK2,DK_2,actual_solar_generation,Solar,2026-09-14T14:59:25Z
2026-09-14T14:58:46Z,2026-09-14T16:58:46+0200,6f350c35-df01-49a9-ad50-083ebfd1ddbf,2026-09-09T11:15:00Z,2026-09-09T13:15:00+0200,744.889,MW,DK2,DK_2,actual_solar_generation,Solar,2026-09-14T14:59:25Z
2026-09-14T14:58:46Z,2026-09-14T16:58:46+0200,6f350c35-df01-49a9-ad50-083ebfd1ddbf,2026-09-09T11:30:00Z,2026-09-09T13:30:00+0200,861.556,MW,DK2,DK_2,actual_solar_generation,Solar,2026-09-14T14:59:25Z
2026-09-14T14:58:46Z,2026-09-14T16:58:46+0200,6f350c35-df01-49a9-ad50-083ebfd1ddbf,2026-09-09T11:45:00Z,2026-09-09T13:45:00+0200,838.571,MW,DK2,DK_2,actual_solar_generation,Solar,2026-09-14T14:59:25Z
2026-09-14T14:58:46Z,2026-09-14T16:58:46+0200,6f350c35-df01-49a9-ad50-083ebfd1ddbf,2026-09-09T12:00:00Z,2026-09-09T14:00:00+0200,767.265,MW,DK2,DK_2,actual_solar_generation,Solar,2026-09-14T14:59:25Z
2026-09-14T14:58:46Z,2026-09-14T16:58:46+0200,6f350c35-df01-49a9-ad50-083ebfd1ddbf,2026-09-09T12:15:00Z,2026-09-09T14:15:00+0200,675.531,MW,DK2,DK_2,actual_solar_generation,Solar,2026-09-14T14:59:25Z
2026-09-14T14:58:46Z,2026-09-14T16:58:46+0200,6f350c35-df01-49a9-ad50-083ebfd1ddbf,2026-09-09T12:30:00Z,2026-09-09T14:30:00+0200,705.148,MW,DK2,DK_2,actual_solar_generation,Solar,2026-09-14T14:59:25Z
2026-09-14T14:58:46Z,2026-09-14T16:58:46+0200,6f350c35-df01-49a9-ad50-083ebfd1ddbf,2026-09-09T12:45:00Z,2026-09-09T14:45:00+0200,823.392,MW,DK2,DK_2,actual_solar_generation,Solar,2026-09-14T14:59:25Z
2026-09-14T14:58:46Z,2026-09-14T16:58:46+0200,6f350c35-df01-49a9-ad50-083ebfd1ddbf,2026-09-09T13:00:00Z,2026-09-09T15:00:00+0200,889.746,MW,DK2,DK_2,actual_solar_generation,Solar,2026-09-14T14:59:25Z
2026-09-14T14:58:46Z,2026-09-14T16:58:46+0200,6f350c35-df01-49a9-ad50-083ebfd1ddbf,2026-09-09T13:15:00Z,2026-09-09T15:15:00+0200,906.409,MW,DK2,DK_2,actual_solar_generation,Solar,2026-09-14T14:59:25Z
2026-09-14T14:58:46Z,2026-09-14T16:58:46+0200,6f350c35-df01-49a9-ad50-083ebfd1ddbf,2026-09-09T13:30:00Z,2026-09-09T15:30:00+0200,825.899,MW,DK2,DK_2,actual_solar_generation,Solar,2026-09-14T14:59:25Z
2026-09-14T14:58:46Z,2026-09-14T16:58:46+0200,6f350c35-df01-49a9-ad50-083ebfd1ddbf,2026-09-09T13:45:00Z,2026-09-09T15:45:00+0200,871.868,MW,DK2,DK_2,actual_solar_generation,Solar,2026-09-14T14:59:25Z
2026-09-14T14:58:46Z,2026-09-14T16:58:46+0200,6f350c35-df01-49a9-ad50-083ebfd1ddbf,2026-09-09T14:00:00Z,2026-09-09T16:00:00+0200,832.336,MW,DK2,DK_2,actual_solar_generation,Solar,2026-09-14T14:59:25Z
2026-09-14T14:58:46Z,2026-09-14T16:58:46+0200,6f350c35-df01-49a9-ad50-083ebfd1ddbf,2026-09-09T14:15:00Z,2026-09-09T16:15:00+0200,780.76,MW,DK2,DK_2,actual_solar_generation,Solar,2026-09-14T14:59:25Z
2026-09-14T14:58:46Z,2026-09-14T16:58:46+0200,6f350c35-df01-49a9-ad50-083ebfd1ddbf,2026-09-09T14:30:00Z,2026-09-09T16:30:00+0200,502.654,MW,DK2,DK_2,actual_solar_generation,Solar,2026-09-14T14:59:25Z
2026-09-14T14:58:46Z,2026-09-14T16:58:46+0200,6f350c35-df01-49a9-ad50-083ebfd1ddbf,2026-09-09T14:45:00Z,2026-09-09T16:45:00+0200,559.589,MW,DK2,DK_2,actual_solar_generation,Solar,2026-09-14T14:59:25Z
2026-09-14T14:58:46Z,2026-09-14T16:58:46+0200,6f350c35-df01-49a9-ad50-083ebfd1ddbf,2026-09-09T15:00:00Z,2026-09-09T17:00:00+0200,453.174,MW,DK2,DK_2,actual_solar_generation,Solar,2026-09-14T14:59:25Z
2026-09-14T14:58:46Z,2026-09-14T16:58:46+0200,6f350c35-df01-49a9-ad50-083ebfd1ddbf,2026-09-09T15:15:00Z,2026-09-09T17:15:00+0200,414.146,MW,DK2,DK_2,actual_solar_generation,Solar,2026-09-14T14:59:25Z
2026-09-14T14:58:46Z,2026-09-14T16:58:46+0200,6f350c35-df01-49a9-ad50-083ebfd1ddbf,2026-09-09T15:30:00Z,2026-09-09T17:30:00+0200,339.275,MW,DK2,DK_2,actual_solar_generation,Solar,2026-09-14T14:59:25Z
2026-09-14T14:58:46Z,2026-09-14T16:58:46+0200,6f350c35-df01-49a9-ad50-083ebfd1ddbf,2026-09-09T15:45:00Z,2026-09-09T17:45:00+0200,340.929,MW,DK2,DK_2,actual_solar_generation,Solar,2026-09-14T14:59:25Z
2026-09-14T14:58:46Z,2026-09-14T16:58:46+0200,6f350c35-df01-49a9-ad50-083ebfd1ddbf,2026-09-09T16:00:00Z,2026-09-09T18:00:00+0200,229.358,MW,DK2,DK_2,actual_solar_generation,Solar,2026-09-14T14:59:25Z
2026-09-14T14:58:46Z,2026-09-14T16:58:46+0200,6f350c35-df01-49a9-ad50-083ebfd1ddbf,2026-09-09T16:15:00Z,2026-09-09T18:15:00+0200,143.59,MW,DK2,DK_2,actual_solar_generation,Solar,2026-09-14T14:59:25Z
2026-09-14T14:58:46Z,2026-09-14T16:58:46+0200,6f350c35-df01-49a9-ad50-083ebfd1ddbf,2026-09-09T16:30:00Z,2026-09-09T18:30:00+0200,163.333,MW,DK2,DK_2,actual_solar_generation,Solar,2026-09-14T14:59:25Z
2026-09-14T14:58:46Z,2026-09-14T16:58:46+0200,6f350c35-df01-49a9-ad50-083ebfd1ddbf,2026-09-09T16:45:00Z,2026-09-09T18:45:00+0200,82.3341,MW,DK2,DK_2,actual_solar_generation,Solar,2026-09-14T14:59:25Z
2026-09-14T14:58:46Z,2026-09-14T16:58:46+0200,6f350c35-df01-49a9-ad50-083ebfd1ddbf,2026-09-09T17:00:00Z,2026-09-09T19:00:00+0200,61.1505,MW,DK2,DK_2,actual_solar_generation,Solar,2026-09-14T14:59:25Z
2026-09-14T14:58:46Z,2026-09-14T16:58:46+0200,6f350c35-df01-49a9-ad50-083ebfd1ddbf,2026-09-09T17:15:00Z,2026-09-09T19:15:00+0200,19.6445,MW,DK2,DK_2,actual_solar_generation,Solar,2026-09-14T14:59:25Z
2026-09-14T14:58:46Z,2026-09-14T16:58:46+0200,6f350c35-df01-49a9-ad50-083ebfd1ddbf,2026-09-09T17:30:00Z,2026-09-09T19:30:00+0200,5.35681,MW,DK2,DK_2,actual_solar_generation,Solar,2026-09-14T14:59:25Z
2026-09-14T14:58:46Z,2026-09-14T16:58:46+0200,6f350c35-df01-49a9-ad50-083ebfd1ddbf,2026-09-09T17:45:00Z,2026-09-09T19:45:00+0200,0.508768,MW,DK2,DK_2,actual_solar_generation,Solar,2026-09-14T14:59:25Z
2026-09-14T14:58:46Z,2026-09-14T16:58:46+0200,6f350c35-df01-49a9-ad50-083ebfd1ddbf,2026-09-09T18:00:00Z,2026-09-09T20:00:00+0200,2.01853,MW,DK2,DK_2,actual_solar_generation,Solar,2026-09-14T14:59:25Z
2026-09-14T14:58:46Z,2026-09-14T16:58:46+0200,6f350c35-df01-49a9-ad50-083ebfd1ddbf,2026-09-09T18:15:00Z,2026-09-09T20:15:00+0200,0.306533,MW,DK2,DK_2,actual_solar_generation,Solar,2026-09-14T14:59:25Z
2026-09-14T14:58:46Z,2026-09-14T16:58:46+0200,6f350c35-df01-49a9-ad50-083ebfd1ddbf,2026-09-09T18:30:00Z,2026-09-09T20:30:00+0200,0.287188,MW,DK2,DK_2,actual_solar_generation,Solar,2026-09-14T14:59:25Z
2026-09-14T14:58:46Z,2026-09-14T16:58:46+0200,6f350c35-df01-49a9-ad50-083ebfd1ddbf,2026-09-09T18:45:00Z,2026-09-09T20:45:00+0200,0.0,MW,DK2,DK_2,actual_solar_generation,Solar,2026-09-14T14:59:25Z
2026-09-14T14:58:46Z,2026-09-14T16:58:46+0200,6f350c35-df01-49a9-ad50-083ebfd1ddbf,2026-09-09T19:00:00Z,2026-09-09T21:00:00+0200,4.3465,MW,DK2,DK_2,actual_solar_generation,Solar,2026-09-14T14:59:25Z
2026-09-14T14:58:46Z,2026-09-14T16:58:46+0200,6f350c35-df01-49a9-ad50-083ebfd1ddbf,2026-09-09T19:15:00Z,2026-09-09T21:15:00+0200,3.5255,MW,DK2,DK_2,actual_solar_generation,Solar,2026-09-14T14:59:25Z
2026-09-14T14:58:46Z,2026-09-14T16:58:46+0200,6f350c35-df01-49a9-ad50-083ebfd1ddbf,2026-09-09T19:30:00Z,2026-09-09T21:30:00+0200,1.523,MW,DK2,DK_2,actual_solar_generation,Solar,2026-09-14T14:59:25Z
2026-09-14T14:58:46Z,2026-09-14T16:58:46+0200,6f350c35-df01-49a9-ad50-083ebfd1ddbf,2026-09-09T19:45:00Z,2026-09-09T21:45:00+0200,0.0,MW,DK2,DK_2,actual_solar_generation,Solar,2026-09-14T14:59:25Z
2026-09-14T14:58:46Z,2026-09-14T16:58:46+0200,6f350c35-df01-49a9-ad50-083ebfd1ddbf,2026-09-09T20:00:00Z,2026-09-09T22:00:00+0200,0.576439,MW,DK2,DK_2,actual_solar_generation,Solar,2026-09-14T14:59:25Z
2026-09-14T14:58:46Z,2026-09-14T16:58:46+0200,6f350c35-df01-49a9-ad50-083ebfd1ddbf,2026-09-09T20:15:00Z,2026-09-09T22:15:00+0200,0.084467,MW,DK2,DK_2,actual_solar_generation,Solar,2026-09-14T14:59:25Z
2026-09-14T14:58:46Z,2026-09-14T16:58:46+0200,6f350c35-df01-49a9-ad50-083ebfd1ddbf,2026-09-09T20:30:00Z,2026-09-09T22:30:00+0200,0.156327,MW,DK2,DK_2,actual_solar_generation,Solar,2026-09-14T14:59:25Z
2026-09-14T14:58:46Z,2026-09-14T16:58:46+0200,6f350c35-df01-49a9-ad50-083ebfd1ddbf,2026-09-09T20:45:00Z,2026-09-09T22:45:00+0200,0.356575,MW,DK2,DK_2,actual_solar_generation,Solar,2026-09-14T14:59:25Z
2026-09-14T14:58:46Z,2026-09-14T16:58:46+0200,6f350c35-df01-49a9-ad50-083ebfd1ddbf,2026-09-09T21:00:00Z,2026-09-09T23:00:00+0200,2.42867,MW,DK2,DK_2,actual_solar_generation,Solar,2026-09-14T14:59:25Z
2026-09-14T14:58:46Z,2026-09-14T16:58:46+0200,6f350c35-df01-49a9-ad50-083ebfd1ddbf,2026-09-09T21:15:00Z,2026-09-09T23:15:00+0200,0.053469,MW,DK2,DK_2,actual_solar_generation,Solar,2026-09-14T14:59:25Z
2026-09-14T14:58:46Z,2026-09-14T16:58:46+0200,6f350c35-df01-49a9-ad50-083ebfd1ddbf,2026-09-09T21:30:00Z,2026-09-09T23:30:00+0200,0.058662,MW,DK2,DK_2,actual_solar_generation,Solar,2026-09-14T14:59:25Z
2026-09-14T14:58:46Z,2026-09-14T16:58:46+0200,6f350c35-df01-49a9-ad50-083ebfd1ddbf,2026-09-09T21:45:00Z,2026-09-09T23:45:00+0200,0.332656,MW,DK2,DK_2,actual_solar_generation,Solar,2026-09-14T14:59:25Z
2026-09-14T14:58:46Z,2026-09-14T16:58:46+0200,6f350c35-df01-49a9-ad50-083ebfd1ddbf,2026-09-09T22:00:00Z,2026-09-10T00:00:00+0200,0.260664,MW,DK2,DK_2,actual_solar_generation,Solar,2026-09-14T14:59:25Z
2026-09-14T14:58:46Z,2026-09-14T16:58:46+0200,6f350c35-df01-49a9-ad50-083ebfd1ddbf,2026-09-09T22:15:00Z,2026-09-10T00:15:00+0200,0.418156,MW,DK2,DK_2,actual_solar_generation,Solar,2026-09-14T14:59:25Z
2026-09-14T14:58:46Z,2026-09-14T16:58:46+0200,6f350c35-df01-49a9-ad50-083ebfd1ddbf,2026-09-09T22:30:00Z,2026-09-10T00:30:00+0200,0.218555,MW,DK2,DK_2,actual_solar_generation,Solar,2026-09-14T14:59:25Z
2026-09-14T14:58:46Z,2026-09-14T16:58:46+0200,6f350c35-df01-49a9-ad50-083ebfd1ddbf,2026-09-09T22:45:00Z,2026-09-10T00:45:00+0200,0.242099,MW,DK2,DK_2,actual_solar_generation,Solar,2026-09-14T14:59:25Z
2026-09-14T14:58:46Z,2026-09-14T16:58:46+0200,6f350c35-df01-49a9-ad50-083ebfd1ddbf,2026-09-09T23:00:00Z,2026-09-10T01:00:00+0200,0.701912,MW,DK2,DK_2,actual_solar_generation,Solar,2026-09-14T14:59:25Z
2026-09-14T14:58:46Z,2026-09-14T16:58:46+0200,6f350c35-df01-49a9-ad50-083ebfd1ddbf,2026-09-09T23:15:00Z,2026-09-10T01:15:00+0200,0.0,MW,DK2,DK_2,actual_solar_generation,Solar,2026-09-14T14:59:25Z
2026-09-14T14:58:46Z,2026-09-14T16:58:46+0200,6f350c35-df01-49a9-ad50-083ebfd1ddbf,2026-09-09T23:30:00Z,2026-09-10T01:30:00+0200,0.0,MW,DK2,DK_2,actual_solar_generation,Solar,2026-09-14T14:59:25Z
2026-09-14T14:58:46Z,2026-09-14T16:58:46+0200,6f350c35-df01-49a9-ad50-083ebfd1ddbf,2026-09-09T23:45:00Z,2026-09-10T01:45:00+0200,0.0,MW,DK2,DK_2,actual_solar_generation,Solar,2026-09-14T14:59:25Z
2026-09-14T14:58:46Z,2026-09-14T16:58:46+0200,6f350c35-df01-49a9-ad50-083ebfd1ddbf,2026-09-10T00:00:00Z,2026-09-10T02:00:00+0200,0.0,MW,DK2,DK_2,actual_solar_generation,Solar,2026-09-14T14:59:25Z
2026-09-14T14:58:46Z,2026-09-14T16:58:46+0200,6f350c35-df01-49a9-ad50-083ebfd1ddbf,2026-09-10T00:15:00Z,2026-09-10T02:15:00+0200,0.0,MW,DK2,DK_2,actual_solar_generation,Solar,2026-09-14T14:59:25Z
2026-09-14T14:58:46Z,2026-09-14T16:58:46+0200,6f350c35-df01-49a9-ad50-083ebfd1ddbf,2026-09-10T00:30:00Z,2026-09-10T02:30:00+0200,0.0,MW,DK2,DK_2,actual_solar_generation,Solar,2026-09-14T14:59:25Z
2026-09-14T14:58:46Z,2026-09-14T16:58:46+0200,6f350c35-df01-49a9-ad50-083ebfd1ddbf,2026-09-10T00:45:00Z,2026-09-10T02:45:00+0200,0.797658,MW,DK2,DK_2,actual_solar_generation,Solar,2026-09-14T14:59:25Z
2026-09-14T14:58:46Z,2026-09-14T16:58:46+0200,6f350c35-df01-49a9-ad50-083ebfd1ddbf,2026-09-10T01:00:00Z,2026-09-10T03:00:00+0200,1.30896,MW,DK2,DK_2,actual_solar_generation,Solar,2026-09-14T14:59:25Z
2026-09-14T14:58:46Z,2026-09-14T16:58:46+0200,6f350c35-df01-49a9-ad50-083ebfd1ddbf,2026-09-10T01:15:00Z,2026-09-10T03:15:00+0200,1.45514,MW,DK2,DK_2,actual_solar_generation,Solar,2026-09-14T14:59:25Z
2026-09-14T14:58:46Z,2026-09-14T16:58:46+0200,6f350c35-df01-49a9-ad50-083ebfd1ddbf,2026-09-10T01:30:00Z,2026-09-10T03:30:00+0200,1.86874,MW,DK2,DK_2,actual_solar_generation,Solar,2026-09-14T14:59:25Z
2026-09-14T14:58:46Z,2026-09-14T16:58:46+0200,6f350c35-df01-49a9-ad50-083ebfd1ddbf,2026-09-10T01:45:00Z,2026-09-10T03:45:00+0200,1.09646,MW,DK2,DK_2,actual_solar_generation,Solar,2026-09-14T14:59:25Z
2026-09-14T14:58:46Z,2026-09-14T16:58:46+0200,6f350c35-df01-49a9-ad50-083ebfd1ddbf,2026-09-10T02:00:00Z,2026-09-10T04:00:00+0200,0.965627,MW,DK2,DK_2,actual_solar_generation,Solar,2026-09-14T14:59:25Z
2026-09-14T14:58:46Z,2026-09-14T16:58:46+0200,6f350c35-df01-49a9-ad50-083ebfd1ddbf,2026-09-10T02:15:00Z,2026-09-10T04:15:00+0200,0.359041,MW,DK2,DK_2,actual_solar_generation,Solar,2026-09-14T14:59:25Z
2026-09-14T14:58:46Z,2026-09-14T16:58:46+0200,6f350c35-df01-49a9-ad50-083ebfd1ddbf,2026-09-10T02:30:00Z,2026-09-10T04:30:00+0200,0.307454,MW,DK2,DK_2,actual_solar_generation,Solar,2026-09-14T14:59:25Z
2026-09-14T14:58:46Z,2026-09-14T16:58:46+0200,6f350c35-df01-49a9-ad50-083ebfd1ddbf,2026-09-10T02:45:00Z,2026-09-10T04:45:00+0200,0.428952,MW,DK2,DK_2,actual_solar_generation,Solar,2026-09-14T14:59:25Z
2026-09-14T14:58:46Z,2026-09-14T16:58:46+0200,6f350c35-df01-49a9-ad50-083ebfd1ddbf,2026-09-10T03:00:00Z,2026-09-10T05:00:00+0200,3.67936,MW,DK2,DK_2,actual_solar_generation,Solar,2026-09-14T14:59:25Z
2026-09-14T14:58:46Z,2026-09-14T16:58:46+0200,6f350c35-df01-49a9-ad50-083ebfd1ddbf,2026-09-10T03:15:00Z,2026-09-10T05:15:00+0200,1.6806,MW,DK2,DK_2,actual_solar_generation,Solar,2026-09-14T14:59:25Z
2026-09-14T14:58:46Z,2026-09-14T16:58:46+0200,6f350c35-df01-49a9-ad50-083ebfd1ddbf,2026-09-10T03:30:00Z,2026-09-10T05:30:00+0200,0.615006,MW,DK2,DK_2,actual_solar_generation,Solar,2026-09-14T14:59:25Z
2026-09-14T14:58:46Z,2026-09-14T16:58:46+0200,6f350c35-df01-49a9-ad50-083ebfd1ddbf,2026-09-10T03:45:00Z,2026-09-10T05:45:00+0200,0.0,MW,DK2,DK_2,actual_solar_generation,Solar,2026-09-14T14:59:25Z
2026-09-14T14:58:46Z,2026-09-14T16:58:46+0200,6f350c35-df01-49a9-ad50-083ebfd1ddbf,2026-09-10T04:00:00Z,2026-09-10T06:00:00+0200,1.52773,MW,DK2,DK_2,actual_solar_generation,Solar,2026-09-14T14:59:25Z
2026-09-14T14:58:46Z,2026-09-14T16:58:46+0200,6f350c35-df01-49a9-ad50-083ebfd1ddbf,2026-09-10T04:15:00Z,2026-09-10T06:15:00+0200,1.85143,MW,DK2,DK_2,actual_solar_generation,Solar,2026-09-14T14:59:25Z
2026-09-14T14:58:46Z,2026-09-14T16:58:46+0200,6f350c35-df01-49a9-ad50-083ebfd1ddbf,2026-09-10T04:30:00Z,2026-09-10T06:30:00+0200,1.96042,MW,DK2,DK_2,actual_solar_generation,Solar,2026-09-14T14:59:25Z
2026-09-14T14:58:46Z,2026-09-14T16:58:46+0200,6f350c35-df01-49a9-ad50-083ebfd1ddbf,2026-09-10T04:45:00Z,2026-09-10T06:45:00+0200,12.1728,MW,DK2,DK_2,actual_solar_generation,Solar,2026-09-14T14:59:25Z
2026-09-14T14:58:46Z,2026-09-14T16:58:46+0200,6f350c35-df01-49a9-ad50-083ebfd1ddbf,2026-09-10T05:00:00Z,2026-09-10T07:00:00+0200,28.3453,MW,DK2,DK_2,actual_solar_generation,Solar,2026-09-14T14:59:25Z
2026-09-14T14:58:46Z,2026-09-14T16:58:46+0200,6f350c35-df01-49a9-ad50-083ebfd1ddbf,2026-09-10T05:15:00Z,2026-09-10T07:15:00+0200,58.7573,MW,DK2,DK_2,actual_solar_generation,Solar,2026-09-14T14:59:25Z
2026-09-14T14:58:46Z,2026-09-14T16:58:46+0200,6f350c35-df01-49a9-ad50-083ebfd1ddbf,2026-09-10T05:30:00Z,2026-09-10T07:30:00+0200,98.0717,MW,DK2,DK_2,actual_solar_generation,Solar,2026-09-14T14:59:25Z
2026-09-14T14:58:46Z,2026-09-14T16:58:46+0200,6f350c35-df01-49a9-ad50-083ebfd1ddbf,2026-09-10T05:45:00Z,2026-09-10T07:45:00+0200,153.003,MW,DK2,DK_2,actual_solar_generation,Solar,2026-09-14T14:59:25Z
2026-09-14T14:58:46Z,2026-09-14T16:58:46+0200,6f350c35-df01-49a9-ad50-083ebfd1ddbf,2026-09-10T06:00:00Z,2026-09-10T08:00:00+0200,226.005,MW,DK2,DK_2,actual_solar_generation,Solar,2026-09-14T14:59:25Z
2026-09-14T14:58:46Z,2026-09-14T16:58:46+0200,6f350c35-df01-49a9-ad50-083ebfd1ddbf,2026-09-10T06:15:00Z,2026-09-10T08:15:00+0200,304.69,MW,DK2,DK_2,actual_solar_generation,Solar,2026-09-14T14:59:25Z
2026-09-14T14:58:46Z,2026-09-14T16:58:46+0200,6f350c35-df01-49a9-ad50-083ebfd1ddbf,2026-09-10T06:30:00Z,2026-09-10T08:30:00+0200,381.804,MW,DK2,DK_2,actual_solar_generation,Solar,2026-09-14T14:59:25Z
2026-09-14T14:58:46Z,2026-09-14T16:58:46+0200,6f350c35-df01-49a9-ad50-083ebfd1ddbf,2026-09-10T06:45:00Z,2026-09-10T08:45:00+0200,464.627,MW,DK2,DK_2,actual_solar_generation,Solar,2026-09-14T14:59:25Z
2026-09-14T14:58:46Z,2026-09-14T16:58:46+0200,6f350c35-df01-49a9-ad50-083ebfd1ddbf,2026-09-10T07:00:00Z,2026-09-10T09:00:00+0200,550.24,MW,DK2,DK_2,actual_solar_generation,Solar,2026-09-14T14:59:25Z
2026-09-14T14:58:46Z,2026-09-14T16:58:46+0200,6f350c35-df01-49a9-ad50-083ebfd1ddbf,2026-09-10T07:15:00Z,2026-09-10T09:15:00+0200,617.488,MW,DK2,DK_2,actual_solar_generation,Solar,2026-09-14T14:59:25Z
2026-09-14T14:58:46Z,2026-09-14T16:58:46+0200,6f350c35-df01-49a9-ad50-083ebfd1ddbf,2026-09-10T07:30:00Z,2026-09-10T09:30:00+0200,684.082,MW,DK2,DK_2,actual_solar_generation,Solar,2026-09-14T14:59:25Z
2026-09-14T14:58:46Z,2026-09-14T16:58:46+0200,6f350c35-df01-49a9-ad50-083ebfd1ddbf,2026-09-10T07:45:00Z,2026-09-10T09:45:00+0200,760.713,MW,DK2,DK_2,actual_solar_generation,Solar,2026-09-14T14:59:25Z
2026-09-14T14:58:46Z,2026-09-14T16:58:46+0200,6f350c35-df01-49a9-ad50-083ebfd1ddbf,2026-09-10T08:00:00Z,2026-09-10T10:00:00+0200,757.029,MW,DK2,DK_2,actual_solar_generation,Solar,2026-09-14T14:59:25Z
2026-09-14T14:58:46Z,2026-09-14T16:58:46+0200,6f350c35-df01-49a9-ad50-083ebfd1ddbf,2026-09-10T08:15:00Z,2026-09-10T10:15:00+0200,796.202,MW,DK2,DK_2,actual_solar_generation,Solar,2026-09-14T14:59:25Z
2026-09-14T14:58:46Z,2026-09-14T16:58:46+0200,6f350c35-df01-49a9-ad50-083ebfd1ddbf,2026-09-10T08:30:00Z,2026-09-10T10:30:00+0200,873.764,MW,DK2,DK_2,actual_solar_generation,Solar,2026-09-14T14:59:25Z
2026-09-14T14:58:46Z,2026-09-14T16:58:46+0200,6f350c35-df01-49a9-ad50-083ebfd1ddbf,2026-09-10T08:45:00Z,2026-09-10T10:45:00+0200,876.225,MW,DK2,DK_2,actual_solar_generation,Solar,2026-09-14T14:59:25Z
2026-09-14T14:58:46Z,2026-09-14T16:58:46+0200,6f350c35-df01-49a9-ad50-083ebfd1ddbf,2026-09-10T09:00:00Z,2026-09-10T11:00:00+0200,877.011,MW,DK2,DK_2,actual_solar_generation,Solar,2026-09-14T14:59:25Z
2026-09-14T14:58:46Z,2026-09-14T16:58:46+0200,6f350c35-df01-49a9-ad50-083ebfd1ddbf,2026-09-10T09:15:00Z,2026-09-10T11:15:00+0200,932.494,MW,DK2,DK_2,actual_solar_generation,Solar,2026-09-14T14:59:25Z
2026-09-14T14:58:46Z,2026-09-14T16:58:46+0200,6f350c35-df01-49a9-ad50-083ebfd1ddbf,2026-09-10T09:30:00Z,2026-09-10T11:30:00+0200,874.881,MW,DK2,DK_2,actual_solar_generation,Solar,2026-09-14T14:59:25Z
2026-09-14T14:58:46Z,2026-09-14T16:58:46+0200,6f350c35-df01-49a9-ad50-083ebfd1ddbf,2026-09-10T09:45:00Z,2026-09-10T11:45:00+0200,900.049,MW,DK2,DK_2,actual_solar_generation,Solar,2026-09-14T14:59:25Z
2026-09-14T14:58:46Z,2026-09-14T16:58:46+0200,6f350c35-df01-49a9-ad50-083ebfd1ddbf,2026-09-10T10:00:00Z,2026-09-10T12:00:00+0200,874.358,MW,DK2,DK_2,actual_solar_generation,Solar,2026-09-14T14:59:25Z
2026-09-14T14:58:46Z,2026-09-14T16:58:46+0200,6f350c35-df01-49a9-ad50-083ebfd1ddbf,2026-09-10T10:15:00Z,2026-09-10T12:15:00+0200,955.423,MW,DK2,DK_2,actual_solar_generation,Solar,2026-09-14T14:59:25Z
2026-09-14T14:58:46Z,2026-09-14T16:58:46+0200,6f350c35-df01-49a9-ad50-083ebfd1ddbf,2026-09-10T10:30:00Z,2026-09-10T12:30:00+0200,910.502,MW,DK2,DK_2,actual_solar_generation,Solar,2026-09-14T14:59:25Z
2026-09-14T14:58:46Z,2026-09-14T16:58:46+0200,6f350c35-df01-49a9-ad50-083ebfd1ddbf,2026-09-10T10:45:00Z,2026-09-10T12:45:00+0200,958.177,MW,DK2,DK_2,actual_solar_generation,Solar,2026-09-14T14:59:25Z
2026-09-14T14:58:46Z,2026-09-14T16:58:46+0200,6f350c35-df01-49a9-ad50-083ebfd1ddbf,2026-09-10T11:00:00Z,2026-09-10T13:00:00+0200,910.53,MW,DK2,DK_2,actual_solar_generation,Solar,2026-09-14T14:59:25Z
2026-09-14T14:58:46Z,2026-09-14T16:58:46+0200,6f350c35-df01-49a9-ad50-083ebfd1ddbf,2026-09-10T11:15:00Z,2026-09-10T13:15:00+0200,953.327,MW,DK2,DK_2,actual_solar_generation,Solar,2026-09-14T14:59:25Z
2026-09-14T14:58:46Z,2026-09-14T16:58:46+0200,6f350c35-df01-49a9-ad50-083ebfd1ddbf,2026-09-10T11:30:00Z,2026-09-10T13:30:00+0200,963.103,MW,DK2,DK_2,actual_solar_generation,Solar,2026-09-14T14:59:25Z
2026-09-14T14:58:46Z,2026-09-14T16:58:46+0200,6f350c35-df01-49a9-ad50-083ebfd1ddbf,2026-09-10T11:45:00Z,2026-09-10T13:45:00+0200,1062.89,MW,DK2,DK_2,actual_solar_generation,Solar,2026-09-14T14:59:25Z
2026-09-14T14:58:46Z,2026-09-14T16:58:46+0200,6f350c35-df01-49a9-ad50-083ebfd1ddbf,2026-09-10T12:00:00Z,2026-09-10T14:00:00+0200,945.012,MW,DK2,DK_2,actual_solar_generation,Solar,2026-09-14T14:59:25Z
2026-09-14T14:58:46Z,2026-09-14T16:58:46+0200,6f350c35-df01-49a9-ad50-083ebfd1ddbf,2026-09-10T12:15:00Z,2026-09-10T14:15:00+0200,929.971,MW,DK2,DK_2,actual_solar_generation,Solar,2026-09-14T14:59:25Z
2026-09-14T14:58:46Z,2026-09-14T16:58:46+0200,6f350c35-df01-49a9-ad50-083ebfd1ddbf,2026-09-10T12:30:00Z,2026-09-10T14:30:00+0200,893.521,MW,DK2,DK_2,actual_solar_generation,Solar,2026-09-14T14:59:25Z
2026-09-14T14:58:46Z,2026-09-14T16:58:46+0200,6f350c35-df01-49a9-ad50-083ebfd1ddbf,2026-09-10T12:45:00Z,2026-09-10T14:45:00+0200,939.172,MW,DK2,DK_2,actual_solar_generation,Solar,2026-09-14T14:59:25Z
2026-09-14T14:58:46Z,2026-09-14T16:58:46+0200,6f350c35-df01-49a9-ad50-083ebfd1ddbf,2026-09-10T13:00:00Z,2026-09-10T15:00:00+0200,816.25,MW,DK2,DK_2,actual_solar_generation,Solar,2026-09-14T14:59:25Z
2026-09-14T14:58:46Z,2026-09-14T16:58:46+0200,6f350c35-df01-49a9-ad50-083ebfd1ddbf,2026-09-10T13:15:00Z,2026-09-10T15:15:00+0200,795.305,MW,DK2,DK_2,actual_solar_generation,Solar,2026-09-14T14:59:25Z
2026-09-14T14:58:46Z,2026-09-14T16:58:46+0200,6f350c35-df01-49a9-ad50-083ebfd1ddbf,2026-09-10T13:30:00Z,2026-09-10T15:30:00+0200,728.25,MW,DK2,DK_2,actual_solar_generation,Solar,2026-09-14T14:59:25Z
2026-09-14T14:58:46Z,2026-09-14T16:58:46+0200,6f350c35-df01-49a9-ad50-083ebfd1ddbf,2026-09-10T13:45:00Z,2026-09-10T15:45:00+0200,751.982,MW,DK2,DK_2,actual_solar_generation,Solar,2026-09-14T14:59:25Z
2026-09-14T14:58:46Z,2026-09-14T16:58:46+0200,6f350c35-df01-49a9-ad50-083ebfd1ddbf,2026-09-10T14:00:00Z,2026-09-10T16:00:00+0200,799.329,MW,DK2,DK_2,actual_solar_generation,Solar,2026-09-14T14:59:25Z
2026-09-14T14:58:46Z,2026-09-14T16:58:46+0200,6f350c35-df01-49a9-ad50-083ebfd1ddbf,2026-09-10T14:15:00Z,2026-09-10T16:15:00+0200,773.578,MW,DK2,DK_2,actual_solar_generation,Solar,2026-09-14T14:59:25Z
2026-09-14T14:58:46Z,2026-09-14T16:58:46+0200,6f350c35-df01-49a9-ad50-083ebfd1ddbf,2026-09-10T14:30:00Z,2026-09-10T16:30:00+0200,684.885,MW,DK2,DK_2,actual_solar_generation,Solar,2026-09-14T14:59:25Z
2026-09-14T14:58:46Z,2026-09-14T16:58:46+0200,6f350c35-df01-49a9-ad50-083ebfd1ddbf,2026-09-10T14:45:00Z,2026-09-10T16:45:00+0200,587.912,MW,DK2,DK_2,actual_solar_generation,Solar,2026-09-14T14:59:25Z
2026-09-14T14:58:46Z,2026-09-14T16:58:46+0200,6f350c35-df01-49a9-ad50-083ebfd1ddbf,2026-09-10T15:00:00Z,2026-09-10T17:00:00+0200,426.223,MW,DK2,DK_2,actual_solar_generation,Solar,2026-09-14T14:59:25Z
2026-09-14T14:58:46Z,2026-09-14T16:58:46+0200,6f350c35-df01-49a9-ad50-083ebfd1ddbf,2026-09-10T15:15:00Z,2026-09-10T17:15:00+0200,357.897,MW,DK2,DK_2,actual_solar_generation,Solar,2026-09-14T14:59:25Z
2026-09-14T14:58:46Z,2026-09-14T16:58:46+0200,6f350c35-df01-49a9-ad50-083ebfd1ddbf,2026-09-10T15:30:00Z,2026-09-10T17:30:00+0200,407.143,MW,DK2,DK_2,actual_solar_generation,Solar,2026-09-14T14:59:25Z
2026-09-14T14:58:46Z,2026-09-14T16:58:46+0200,6f350c35-df01-49a9-ad50-083ebfd1ddbf,2026-09-10T15:45:00Z,2026-09-10T17:45:00+0200,401.385,MW,DK2,DK_2,actual_solar_generation,Solar,2026-09-14T14:59:25Z
2026-09-14T14:58:46Z,2026-09-14T16:58:46+0200,6f350c35-df01-49a9-ad50-083ebfd1ddbf,2026-09-10T16:00:00Z,2026-09-10T18:00:00+0200,282.099,MW,DK2,DK_2,actual_solar_generation,Solar,2026-09-14T14:59:25Z
2026-09-14T14:58:46Z,2026-09-14T16:58:46+0200,6f350c35-df01-49a9-ad50-083ebfd1ddbf,2026-09-10T16:15:00Z,2026-09-10T18:15:00+0200,202.722,MW,DK2,DK_2,actual_solar_generation,Solar,2026-09-14T14:59:25Z
2026-09-14T14:58:46Z,2026-09-14T16:58:46+0200,6f350c35-df01-49a9-ad50-083ebfd1ddbf,2026-09-10T16:30:00Z,2026-09-10T18:30:00+0200,114.961,MW,DK2,DK_2,actual_solar_generation,Solar,2026-09-14T14:59:25Z
2026-09-14T14:58:46Z,2026-09-14T16:58:46+0200,6f350c35-df01-49a9-ad50-083ebfd1ddbf,2026-09-10T16:45:00Z,2026-09-10T18:45:00+0200,84.9114,MW,DK2,DK_2,actual_solar_generation,Solar,2026-09-14T14:59:25Z
2026-09-14T14:58:46Z,2026-09-14T16:58:46+0200,6f350c35-df01-49a9-ad50-083ebfd1ddbf,2026-09-10T17:00:00Z,2026-09-10T19:00:00+0200,48.1008,MW,DK2,DK_2,actual_solar_generation,Solar,2026-09-14T14:59:25Z
2026-09-14T14:58:46Z,2026-09-14T16:58:46+0200,6f350c35-df01-49a9-ad50-083ebfd1ddbf,2026-09-10T17:15:00Z,2026-09-10T19:15:00+0200,21.3836,MW,DK2,DK_2,actual_solar_generation,Solar,2026-09-14T14:59:25Z
2026-09-14T14:58:46Z,2026-09-14T16:58:46+0200,6f350c35-df01-49a9-ad50-083ebfd1ddbf,2026-09-10T17:30:00Z,2026-09-10T19:30:00+0200,4.82828,MW,DK2,DK_2,actual_solar_generation,Solar,2026-09-14T14:59:25Z
2026-09-14T14:58:46Z,2026-09-14T16:58:46+0200,6f350c35-df01-49a9-ad50-083ebfd1ddbf,2026-09-10T17:45:00Z,2026-09-10T19:45:00+0200,2.21844,MW,DK2,DK_2,actual_solar_generation,Solar,2026-09-14T14:59:25Z
2026-09-14T14:58:46Z,2026-09-14T16:58:46+0200,6f350c35-df01-49a9-ad50-083ebfd1ddbf,2026-09-10T18:00:00Z,2026-09-10T20:00:00+0200,1.3073,MW,DK2,DK_2,actual_solar_generation,Solar,2026-09-14T14:59:25Z
2026-09-14T14:58:46Z,2026-09-14T16:58:46+0200,6f350c35-df01-49a9-ad50-083ebfd1ddbf,2026-09-10T18:15:00Z,2026-09-10T20:15:00+0200,0.071959,MW,DK2,DK_2,actual_solar_generation,Solar,2026-09-14T14:59:25Z
2026-09-14T14:58:46Z,2026-09-14T16:58:46+0200,6f350c35-df01-49a9-ad50-083ebfd1ddbf,2026-09-10T18:30:00Z,2026-09-10T20:30:00+0200,0.224178,MW,DK2,DK_2,actual_solar_generation,Solar,2026-09-14T14:59:25Z
2026-09-14T14:58:46Z,2026-09-14T16:58:46+0200,6f350c35-df01-49a9-ad50-083ebfd1ddbf,2026-09-10T18:45:00Z,2026-09-10T20:45:00+0200,0.281575,MW,DK2,DK_2,actual_solar_generation,Solar,2026-09-14T14:59:25Z
2026-09-14T14:58:46Z,2026-09-14T16:58:46+0200,6f350c35-df01-49a9-ad50-083ebfd1ddbf,2026-09-10T19:00:00Z,2026-09-10T21:00:00+0200,1.42992,MW,DK2,DK_2,actual_solar_generation,Solar,2026-09-14T14:59:25Z
2026-09-14T14:58:46Z,2026-09-14T16:58:46+0200,6f350c35-df01-49a9-ad50-083ebfd1ddbf,2026-09-10T19:15:00Z,2026-09-10T21:15:00+0200,0.0,MW,DK2,DK_2,actual_solar_generation,Solar,2026-09-14T14:59:25Z
2026-09-14T14:58:46Z,2026-09-14T16:58:46+0200,6f350c35-df01-49a9-ad50-083ebfd1ddbf,2026-09-10T19:30:00Z,2026-09-10T21:30:00+0200,0.198935,MW,DK2,DK_2,actual_solar_generation,Solar,2026-09-14T14:59:25Z
2026-09-14T14:58:46Z,2026-09-14T16:58:46+0200,6f350c35-df01-49a9-ad50-083ebfd1ddbf,2026-09-10T19:45:00Z,2026-09-10T21:45:00+0200,0.217554,MW,DK2,DK_2,actual_solar_generation,Solar,2026-09-14T14:59:25Z
2026-09-14T14:58:46Z,2026-09-14T16:58:46+0200,6f350c35-df01-49a9-ad50-083ebfd1ddbf,2026-09-10T20:00:00Z,2026-09-10T22:00:00+0200,1.22754,MW,DK2,DK_2,actual_solar_generation,Solar,2026-09-14T14:59:25Z
2026-09-14T14:58:46Z,2026-09-14T16:58:46+0200,6f350c35-df01-49a9-ad50-083ebfd1ddbf,2026-09-10T20:15:00Z,2026-09-10T22:15:00+0200,0.121796,MW,DK2,DK_2,actual_solar_generation,Solar,2026-09-14T14:59:25Z
2026-09-14T14:58:46Z,2026-09-14T16:58:46+0200,6f350c35-df01-49a9-ad50-083ebfd1ddbf,2026-09-10T20:30:00Z,2026-09-10T22:30:00+0200,0.311249,MW,DK2,DK_2,actual_solar_generation,Solar,2026-09-14T14:59:25Z
2026-09-14T14:58:46Z,2026-09-14T16:58:46+0200,6f350c35-df01-49a9-ad50-083ebfd1ddbf,2026-09-10T20:45:00Z,2026-09-10T22:45:00+0200,1.10226,MW,DK2,DK_2,actual_solar_generation,Solar,2026-09-14T14:59:25Z
2026-09-14T14:58:46Z,2026-09-14T16:58:46+0200,6f350c35-df01-49a9-ad50-083ebfd1ddbf,2026-09-10T21:00:00Z,2026-09-10T23:00:00+0200,0.268028,MW,DK2,DK_2,actual_solar_generation,Solar,2026-09-14T14:59:25Z
2026-09-14T14:58:46Z,2026-09-14T16:58:46+0200,6f350c35-df01-49a9-ad50-083ebfd1ddbf,2026-09-10T21:15:00Z,2026-09-10T23:15:00+0200,1.27762,MW,DK2,DK_2,actual_solar_generation,Solar,2026-09-14T14:59:25Z
2026-09-14T14:58:46Z,2026-09-14T16:58:46+0200,6f350c35-df01-49a9-ad50-083ebfd1ddbf,2026-09-10T21:30:00Z,2026-09-10T23:30:00+0200,0.0,MW,DK2,DK_2,actual_solar_generation,Solar,2026-09-14T14:59:25Z
2026-09-14T14:58:46Z,2026-09-14T16:58:46+0200,6f350c35-df01-49a9-ad50-083ebfd1ddbf,2026-09-10T21:45:00Z,2026-09-10T23:45:00+0200,0.0,MW,DK2,DK_2,actual_solar_generation,Solar,2026-09-14T14:59:25Z
2026-09-14T14:58:46Z,2026-09-14T16:58:46+0200,6f350c35-df01-49a9-ad50-083ebfd1ddbf,2026-09-10T22:00:00Z,2026-09-11T00:00:00+0200,0.531999,MW,DK2,DK_2,actual_solar_generation,Solar,2026-09-14T14:59:25Z
2026-09-14T14:58:46Z,2026-09-14T16:58:46+0200,6f350c35-df01-49a9-ad50-083ebfd1ddbf,2026-09-10T22:15:00Z,2026-09-11T00:15:00+0200,0.273717,MW,DK2,DK_2,actual_solar_generation,Solar,2026-09-14T14:59:25Z
2026-09-14T14:58:46Z,2026-09-14T16:58:46+0200,6f350c35-df01-49a9-ad50-083ebfd1ddbf,2026-09-10T22:30:00Z,2026-09-11T00:30:00+0200,0.0,MW,DK2,DK_2,actual_solar_generation,Solar,2026-09-14T14:59:25Z
2026-09-14T14:58:46Z,2026-09-14T16:58:46+0200,6f350c35-df01-49a9-ad50-083ebfd1ddbf,2026-09-10T22:45:00Z,2026-09-11T00:45:00+0200,0.335292,MW,DK2,DK_2,actual_solar_generation,Solar,2026-09-14T14:59:25Z
2026-09-14T14:58:46Z,2026-09-14T16:58:46+0200,6f350c35-df01-49a9-ad50-083ebfd1ddbf,2026-09-10T23:00:00Z,2026-09-11T01:00:00+0200,0.094246,MW,DK2,DK_2,actual_solar_generation,Solar,2026-09-14T14:59:25Z
2026-09-14T14:58:46Z,2026-09-14T16:58:46+0200,6f350c35-df01-49a9-ad50-083ebfd1ddbf,2026-09-10T23:15:00Z,2026-09-11T01:15:00+0200,0.0,MW,DK2,DK_2,actual_solar_generation,Solar,2026-09-14T14:59:25Z
2026-09-14T14:58:46Z,2026-09-14T16:58:46+0200,6f350c35-df01-49a9-ad50-083ebfd1ddbf,2026-09-10T23:30:00Z,2026-09-11T01:30:00+0200,0.178842,MW,DK2,DK_2,actual_solar_generation,Solar,2026-09-14T14:59:25Z
2026-09-14T14:58:46Z,2026-09-14T16:58:46+0200,6f350c35-df01-49a9-ad50-083ebfd1ddbf,2026-09-10T23:45:00Z,2026-09-11T01:45:00+0200,0.26496,MW,DK2,DK_2,actual_solar_generation,Solar,2026-09-14T14:59:25Z
2026-09-14T14:58:46Z,2026-09-14T16:58:46+0200,6f350c35-df01-49a9-ad50-083ebfd1ddbf,2026-09-11T00:00:00Z,2026-09-11T02:00:00+0200,0.134263,MW,DK2,DK_2,actual_solar_generation,Solar,2026-09-14T14:59:25Z
2026-09-14T14:58:46Z,2026-09-14T16:58:46+0200,6f350c35-df01-49a9-ad50-083ebfd1ddbf,2026-09-11T00:15:00Z,2026-09-11T02:15:00+0200,0.0,MW,DK2,DK_2,actual_solar_generation,Solar,2026-09-14T14:59:25Z
2026-09-14T14:58:46Z,2026-09-14T16:58:46+0200,6f350c35-df01-49a9-ad50-083ebfd1ddbf,2026-09-11T00:30:00Z,2026-09-11T02:30:00+0200,0.379868,MW,DK2,DK_2,actual_solar_generation,Solar,2026-09-14T14:59:25Z
2026-09-14T14:58:46Z,2026-09-14T16:58:46+0200,6f350c35-df01-49a9-ad50-083ebfd1ddbf,2026-09-11T00:45:00Z,2026-09-11T02:45:00+0200,0.548297,MW,DK2,DK_2,actual_solar_generation,Solar,2026-09-14T14:59:25Z
2026-09-14T14:58:46Z,2026-09-14T16:58:46+0200,6f350c35-df01-49a9-ad50-083ebfd1ddbf,2026-09-11T01:00:00Z,2026-09-11T03:00:00+0200,0.341539,MW,DK2,DK_2,actual_solar_generation,Solar,2026-09-14T14:59:25Z
2026-09-14T14:58:46Z,2026-09-14T16:58:46+0200,6f350c35-df01-49a9-ad50-083ebfd1ddbf,2026-09-11T01:15:00Z,2026-09-11T03:15:00+0200,0.188849,MW,DK2,DK_2,actual_solar_generation,Solar,2026-09-14T14:59:25Z
2026-09-14T14:58:46Z,2026-09-14T16:58:46+0200,6f350c35-df01-49a9-ad50-083ebfd1ddbf,2026-09-11T01:30:00Z,2026-09-11T03:30:00+0200,0.14491,MW,DK2,DK_2,actual_solar_generation,Solar,2026-09-14T14:59:25Z
2026-09-14T14:58:46Z,2026-09-14T16:58:46+0200,6f350c35-df01-49a9-ad50-083ebfd1ddbf,2026-09-11T01:45:00Z,2026-09-11T03:45:00+0200,0.371102,MW,DK2,DK_2,actual_solar_generation,Solar,2026-09-14T14:59:25Z
2026-09-14T14:58:46Z,2026-09-14T16:58:46+0200,6f350c35-df01-49a9-ad50-083ebfd1ddbf,2026-09-11T02:00:00Z,2026-09-11T04:00:00+0200,0.374809,MW,DK2,DK_2,actual_solar_generation,Solar,2026-09-14T14:59:25Z
2026-09-14T14:58:46Z,2026-09-14T16:58:46+0200,6f350c35-df01-49a9-ad50-083ebfd1ddbf,2026-09-11T02:15:00Z,2026-09-11T04:15:00+0200,0.0,MW,DK2,DK_2,actual_solar_generation,Solar,2026-09-14T14:59:25Z
2026-09-14T14:58:46Z,2026-09-14T16:58:46+0200,6f350c35-df01-49a9-ad50-083ebfd1ddbf,2026-09-11T02:30:00Z,2026-09-11T04:30:00+0200,0.039636,MW,DK2,DK_2,actual_solar_generation,Solar,2026-09-14T14:59:25Z
2026-09-14T14:58:46Z,2026-09-14T16:58:46+0200,6f350c35-df01-49a9-ad50-083ebfd1ddbf,2026-09-11T02:45:00Z,2026-09-11T04:45:00+0200,0.260668,MW,DK2,DK_2,actual_solar_generation,Solar,2026-09-14T14:59:25Z
2026-09-14T14:58:46Z,2026-09-14T16:58:46+0200,6f350c35-df01-49a9-ad50-083ebfd1ddbf,2026-09-11T03:00:00Z,2026-09-11T05:00:00+0200,0.099789,MW,DK2,DK_2,actual_solar_generation,Solar,2026-09-14T14:59:25Z
2026-09-14T14:58:46Z,2026-09-14T16:58:46+0200,6f350c35-df01-49a9-ad50-083ebfd1ddbf,2026-09-11T03:15:00Z,2026-09-11T05:15:00+0200,0.17452,MW,DK2,DK_2,actual_solar_generation,Solar,2026-09-14T14:59:25Z
2026-09-14T14:58:46Z,2026-09-14T16:58:46+0200,6f350c35-df01-49a9-ad50-083ebfd1ddbf,2026-09-11T03:30:00Z,2026-09-11T05:30:00+0200,0.197807,MW,DK2,DK_2,actual_solar_generation,Solar,2026-09-14T14:59:25Z
2026-09-14T14:58:46Z,2026-09-14T16:58:46+0200,6f350c35-df01-49a9-ad50-083ebfd1ddbf,2026-09-11T03:45:00Z,2026-09-11T05:45:00+0200,0.250319,MW,DK2,DK_2,actual_solar_generation,Solar,2026-09-14T14:59:25Z
2026-09-14T14:58:46Z,2026-09-14T16:58:46+0200,6f350c35-df01-49a9-ad50-083ebfd1ddbf,2026-09-11T04:00:00Z,2026-09-11T06:00:00+0200,2.40663,MW,DK2,DK_2,actual_solar_generation,Solar,2026-09-14T14:59:25Z
2026-09-14T14:58:46Z,2026-09-14T16:58:46+0200,6f350c35-df01-49a9-ad50-083ebfd1ddbf,2026-09-11T04:15:00Z,2026-09-11T06:15:00+0200,1.61919,MW,DK2,DK_2,actual_solar_generation,Solar,2026-09-14T14:59:25Z
2026-09-14T14:58:46Z,2026-09-14T16:58:46+0200,6f350c35-df01-49a9-ad50-083ebfd1ddbf,2026-09-11T04:30:00Z,2026-09-11T06:30:00+0200,2.7541,MW,DK2,DK_2,actual_solar_generation,Solar,2026-09-14T14:59:25Z
2026-09-14T14:58:46Z,2026-09-14T16:58:46+0200,6f350c35-df01-49a9-ad50-083ebfd1ddbf,2026-09-11T04:45:00Z,2026-09-11T06:45:00+0200,12.0998,MW,DK2,DK_2,actual_solar_generation,Solar,2026-09-14T14:59:25Z
2026-09-14T14:58:46Z,2026-09-14T16:58:46+0200,6f350c35-df01-49a9-ad50-083ebfd1ddbf,2026-09-11T05:00:00Z,2026-09-11T07:00:00+0200,28.0515,MW,DK2,DK_2,actual_solar_generation,Solar,2026-09-14T14:59:25Z
2026-09-14T14:58:46Z,2026-09-14T16:58:46+0200,6f350c35-df01-49a9-ad50-083ebfd1ddbf,2026-09-11T05:15:00Z,2026-09-11T07:15:00+0200,54.9812,MW,DK2,DK_2,actual_solar_generation,Solar,2026-09-14T14:59:25Z
2026-09-14T14:58:46Z,2026-09-14T16:58:46+0200,6f350c35-df01-49a9-ad50-083ebfd1ddbf,2026-09-11T05:30:00Z,2026-09-11T07:30:00+0200,92.2433,MW,DK2,DK_2,actual_solar_generation,Solar,2026-09-14T14:59:25Z
2026-09-14T14:58:46Z,2026-09-14T16:58:46+0200,6f350c35-df01-49a9-ad50-083ebfd1ddbf,2026-09-11T05:45:00Z,2026-09-11T07:45:00+0200,137.556,MW,DK2,DK_2,actual_solar_generation,Solar,2026-09-14T14:59:25Z
2026-09-14T14:58:46Z,2026-09-14T16:58:46+0200,6f350c35-df01-49a9-ad50-083ebfd1ddbf,2026-09-11T06:00:00Z,2026-09-11T08:00:00+0200,192.845,MW,DK2,DK_2,actual_solar_generation,Solar,2026-09-14T14:59:25Z
2026-09-14T14:58:46Z,2026-09-14T16:58:46+0200,6f350c35-df01-49a9-ad50-083ebfd1ddbf,2026-09-11T06:15:00Z,2026-09-11T08:15:00+0200,267.027,MW,DK2,DK_2,actual_solar_generation,Solar,2026-09-14T14:59:25Z
2026-09-14T14:58:46Z,2026-09-14T16:58:46+0200,6f350c35-df01-49a9-ad50-083ebfd1ddbf,2026-09-11T06:30:00Z,2026-09-11T08:30:00+0200,303.261,MW,DK2,DK_2,actual_solar_generation,Solar,2026-09-14T14:59:25Z
2026-09-14T14:58:46Z,2026-09-14T16:58:46+0200,6f350c35-df01-49a9-ad50-083ebfd1ddbf,2026-09-11T06:45:00Z,2026-09-11T08:45:00+0200,354.571,MW,DK2,DK_2,actual_solar_generation,Solar,2026-09-14T14:59:25Z
2026-09-14T14:58:46Z,2026-09-14T16:58:46+0200,6f350c35-df01-49a9-ad50-083ebfd1ddbf,2026-09-11T07:00:00Z,2026-09-11T09:00:00+0200,429.092,MW,DK2,DK_2,actual_solar_generation,Solar,2026-09-14T14:59:25Z
2026-09-14T14:58:46Z,2026-09-14T16:58:46+0200,6f350c35-df01-49a9-ad50-083ebfd1ddbf,2026-09-11T07:15:00Z,2026-09-11T09:15:00+0200,484.244,MW,DK2,DK_2,actual_solar_generation,Solar,2026-09-14T14:59:25Z
2026-09-14T14:58:46Z,2026-09-14T16:58:46+0200,6f350c35-df01-49a9-ad50-083ebfd1ddbf,2026-09-11T07:30:00Z,2026-09-11T09:30:00+0200,502.338,MW,DK2,DK_2,actual_solar_generation,Solar,2026-09-14T14:59:25Z
2026-09-14T14:58:46Z,2026-09-14T16:58:46+0200,6f350c35-df01-49a9-ad50-083ebfd1ddbf,2026-09-11T07:45:00Z,2026-09-11T09:45:00+0200,429.798,MW,DK2,DK_2,actual_solar_generation,Solar,2026-09-14T14:59:25Z
2026-09-14T14:58:46Z,2026-09-14T16:58:46+0200,6f350c35-df01-49a9-ad50-083ebfd1ddbf,2026-09-11T08:00:00Z,2026-09-11T10:00:00+0200,490.407,MW,DK2,DK_2,actual_solar_generation,Solar,2026-09-14T14:59:25Z
2026-09-14T14:58:46Z,2026-09-14T16:58:46+0200,6f350c35-df01-49a9-ad50-083ebfd1ddbf,2026-09-11T08:15:00Z,2026-09-11T10:15:00+0200,461.898,MW,DK2,DK_2,actual_solar_generation,Solar,2026-09-14T14:59:25Z
2026-09-14T14:58:46Z,2026-09-14T16:58:46+0200,6f350c35-df01-49a9-ad50-083ebfd1ddbf,2026-09-11T08:30:00Z,2026-09-11T10:30:00+0200,565.329,MW,DK2,DK_2,actual_solar_generation,Solar,2026-09-14T14:59:25Z
2026-09-14T14:58:46Z,2026-09-14T16:58:46+0200,6f350c35-df01-49a9-ad50-083ebfd1ddbf,2026-09-11T08:45:00Z,2026-09-11T10:45:00+0200,619.953,MW,DK2,DK_2,actual_solar_generation,Solar,2026-09-14T14:59:25Z
2026-09-14T14:58:46Z,2026-09-14T16:58:46+0200,6f350c35-df01-49a9-ad50-083ebfd1ddbf,2026-09-11T09:00:00Z,2026-09-11T11:00:00+0200,545.743,MW,DK2,DK_2,actual_solar_generation,Solar,2026-09-14T14:59:25Z
2026-09-14T14:58:46Z,2026-09-14T16:58:46+0200,6f350c35-df01-49a9-ad50-083ebfd1ddbf,2026-09-11T09:15:00Z,2026-09-11T11:15:00+0200,470.251,MW,DK2,DK_2,actual_solar_generation,Solar,2026-09-14T14:59:25Z
2026-09-14T14:58:46Z,2026-09-14T16:58:46+0200,6f350c35-df01-49a9-ad50-083ebfd1ddbf,2026-09-11T09:30:00Z,2026-09-11T11:30:00+0200,498.001,MW,DK2,DK_2,actual_solar_generation,Solar,2026-09-14T14:59:25Z
2026-09-14T14:58:46Z,2026-09-14T16:58:46+0200,6f350c35-df01-49a9-ad50-083ebfd1ddbf,2026-09-11T09:45:00Z,2026-09-11T11:45:00+0200,615.108,MW,DK2,DK_2,actual_solar_generation,Solar,2026-09-14T14:59:25Z
2026-09-14T14:58:46Z,2026-09-14T16:58:46+0200,6f350c35-df01-49a9-ad50-083ebfd1ddbf,2026-09-11T10:00:00Z,2026-09-11T12:00:00+0200,578.255,MW,DK2,DK_2,actual_solar_generation,Solar,2026-09-14T14:59:25Z
2026-09-14T14:58:46Z,2026-09-14T16:58:46+0200,6f350c35-df01-49a9-ad50-083ebfd1ddbf,2026-09-11T10:15:00Z,2026-09-11T12:15:00+0200,569.614,MW,DK2,DK_2,actual_solar_generation,Solar,2026-09-14T14:59:25Z
2026-09-14T14:58:46Z,2026-09-14T16:58:46+0200,6f350c35-df01-49a9-ad50-083ebfd1ddbf,2026-09-11T10:30:00Z,2026-09-11T12:30:00+0200,620.956,MW,DK2,DK_2,actual_solar_generation,Solar,2026-09-14T14:59:25Z
2026-09-14T14:58:46Z,2026-09-14T16:58:46+0200,6f350c35-df01-49a9-ad50-083ebfd1ddbf,2026-09-11T10:45:00Z,2026-09-11T12:45:00+0200,621.547,MW,DK2,DK_2,actual_solar_generation,Solar,2026-09-14T14:59:25Z
2026-09-14T14:58:46Z,2026-09-14T16:58:46+0200,6f350c35-df01-49a9-ad50-083ebfd1ddbf,2026-09-11T11:00:00Z,2026-09-11T13:00:00+0200,619.287,MW,DK2,DK_2,actual_solar_generation,Solar,2026-09-14T14:59:25Z
2026-09-14T14:58:46Z,2026-09-14T16:58:46+0200,6f350c35-df01-49a9-ad50-083ebfd1ddbf,2026-09-11T11:15:00Z,2026-09-11T13:15:00+0200,543.327,MW,DK2,DK_2,actual_solar_generation,Solar,2026-09-14T14:59:25Z
2026-09-14T14:58:46Z,2026-09-14T16:58:46+0200,6f350c35-df01-49a9-ad50-083ebfd1ddbf,2026-09-11T11:30:00Z,2026-09-11T13:30:00+0200,570.445,MW,DK2,DK_2,actual_solar_generation,Solar,2026-09-14T14:59:25Z
2026-09-14T14:58:46Z,2026-09-14T16:58:46+0200,6f350c35-df01-49a9-ad50-083ebfd1ddbf,2026-09-11T11:45:00Z,2026-09-11T13:45:00+0200,572.58,MW,DK2,DK_2,actual_solar_generation,Solar,2026-09-14T14:59:25Z
2026-09-14T14:58:46Z,2026-09-14T16:58:46+0200,6f350c35-df01-49a9-ad50-083ebfd1ddbf,2026-09-11T12:00:00Z,2026-09-11T14:00:00+0200,525.939,MW,DK2,DK_2,actual_solar_generation,Solar,2026-09-14T14:59:25Z
2026-09-14T14:58:46Z,2026-09-14T16:58:46+0200,6f350c35-df01-49a9-ad50-083ebfd1ddbf,2026-09-11T12:15:00Z,2026-09-11T14:15:00+0200,454.334,MW,DK2,DK_2,actual_solar_generation,Solar,2026-09-14T14:59:25Z
2026-09-14T14:58:46Z,2026-09-14T16:58:46+0200,6f350c35-df01-49a9-ad50-083ebfd1ddbf,2026-09-11T12:30:00Z,2026-09-11T14:30:00+0200,405.501,MW,DK2,DK_2,actual_solar_generation,Solar,2026-09-14T14:59:25Z
2026-09-14T14:58:46Z,2026-09-14T16:58:46+0200,6f350c35-df01-49a9-ad50-083ebfd1ddbf,2026-09-11T12:45:00Z,2026-09-11T14:45:00+0200,385.487,MW,DK2,DK_2,actual_solar_generation,Solar,2026-09-14T14:59:25Z
2026-09-14T14:58:46Z,2026-09-14T16:58:46+0200,6f350c35-df01-49a9-ad50-083ebfd1ddbf,2026-09-11T13:00:00Z,2026-09-11T15:00:00+0200,337.118,MW,DK2,DK_2,actual_solar_generation,Solar,2026-09-14T14:59:25Z
2026-09-14T14:58:46Z,2026-09-14T16:58:46+0200,6f350c35-df01-49a9-ad50-083ebfd1ddbf,2026-09-11T13:15:00Z,2026-09-11T15:15:00+0200,308.584,MW,DK2,DK_2,actual_solar_generation,Solar,2026-09-14T14:59:25Z
2026-09-14T14:58:46Z,2026-09-14T16:58:46+0200,6f350c35-df01-49a9-ad50-083ebfd1ddbf,2026-09-11T13:30:00Z,2026-09-11T15:30:00+0200,300.355,MW,DK2,DK_2,actual_solar_generation,Solar,2026-09-14T14:59:25Z
2026-09-14T14:58:46Z,2026-09-14T16:58:46+0200,6f350c35-df01-49a9-ad50-083ebfd1ddbf,2026-09-11T13:45:00Z,2026-09-11T15:45:00+0200,265.552,MW,DK2,DK_2,actual_solar_generation,Solar,2026-09-14T14:59:25Z
2026-09-14T14:58:46Z,2026-09-14T16:58:46+0200,6f350c35-df01-49a9-ad50-083ebfd1ddbf,2026-09-11T14:00:00Z,2026-09-11T16:00:00+0200,223.616,MW,DK2,DK_2,actual_solar_generation,Solar,2026-09-14T14:59:25Z
2026-09-14T14:58:46Z,2026-09-14T16:58:46+0200,6f350c35-df01-49a9-ad50-083ebfd1ddbf,2026-09-11T14:15:00Z,2026-09-11T16:15:00+0200,190.696,MW,DK2,DK_2,actual_solar_generation,Solar,2026-09-14T14:59:25Z
2026-09-14T14:58:46Z,2026-09-14T16:58:46+0200,6f350c35-df01-49a9-ad50-083ebfd1ddbf,2026-09-11T14:30:00Z,2026-09-11T16:30:00+0200,188.589,MW,DK2,DK_2,actual_solar_generation,Solar,2026-09-14T14:59:25Z
2026-09-14T14:58:46Z,2026-09-14T16:58:46+0200,6f350c35-df01-49a9-ad50-083ebfd1ddbf,2026-09-11T14:45:00Z,2026-09-11T16:45:00+0200,214.407,MW,DK2,DK_2,actual_solar_generation,Solar,2026-09-14T14:59:25Z
2026-09-14T14:58:46Z,2026-09-14T16:58:46+0200,6f350c35-df01-49a9-ad50-083ebfd1ddbf,2026-09-11T15:00:00Z,2026-09-11T17:00:00+0200,222.004,MW,DK2,DK_2,actual_solar_generation,Solar,2026-09-14T14:59:25Z
2026-09-14T14:58:46Z,2026-09-14T16:58:46+0200,6f350c35-df01-49a9-ad50-083ebfd1ddbf,2026-09-11T15:15:00Z,2026-09-11T17:15:00+0200,172.02,MW,DK2,DK_2,actual_solar_generation,Solar,2026-09-14T14:59:25Z
2026-09-14T14:58:46Z,2026-09-14T16:58:46+0200,6f350c35-df01-49a9-ad50-083ebfd1ddbf,2026-09-11T15:30:00Z,2026-09-11T17:30:00+0200,162.994,MW,DK2,DK_2,actual_solar_generation,Solar,2026-09-14T14:59:25Z
2026-09-14T14:58:46Z,2026-09-14T16:58:46+0200,6f350c35-df01-49a9-ad50-083ebfd1ddbf,2026-09-11T15:45:00Z,2026-09-11T17:45:00+0200,149.509,MW,DK2,DK_2,actual_solar_generation,Solar,2026-09-14T14:59:25Z
2026-09-14T14:58:46Z,2026-09-14T16:58:46+0200,6f350c35-df01-49a9-ad50-083ebfd1ddbf,2026-09-11T16:00:00Z,2026-09-11T18:00:00+0200,121.479,MW,DK2,DK_2,actual_solar_generation,Solar,2026-09-14T14:59:25Z
2026-09-14T14:58:46Z,2026-09-14T16:58:46+0200,6f350c35-df01-49a9-ad50-083ebfd1ddbf,2026-09-11T16:15:00Z,2026-09-11T18:15:00+0200,103.361,MW,DK2,DK_2,actual_solar_generation,Solar,2026-09-14T14:59:25Z
2026-09-14T14:58:46Z,2026-09-14T16:58:46+0200,6f350c35-df01-49a9-ad50-083ebfd1ddbf,2026-09-11T16:30:00Z,2026-09-11T18:30:00+0200,64.6612,MW,DK2,DK_2,actual_solar_generation,Solar,2026-09-14T14:59:25Z
2026-09-14T14:58:46Z,2026-09-14T16:58:46+0200,6f350c35-df01-49a9-ad50-083ebfd1ddbf,2026-09-11T16:45:00Z,2026-09-11T18:45:00+0200,47.1902,MW,DK2,DK_2,actual_solar_generation,Solar,2026-09-14T14:59:25Z
2026-09-14T14:58:46Z,2026-09-14T16:58:46+0200,6f350c35-df01-49a9-ad50-083ebfd1ddbf,2026-09-11T17:00:00Z,2026-09-11T19:00:00+0200,29.5041,MW,DK2,DK_2,actual_solar_generation,Solar,2026-09-14T14:59:25Z
2026-09-14T14:58:46Z,2026-09-14T16:58:46+0200,6f350c35-df01-49a9-ad50-083ebfd1ddbf,2026-09-11T17:15:00Z,2026-09-11T19:15:00+0200,8.44827,MW,DK2,DK_2,actual_solar_generation,Solar,2026-09-14T14:59:25Z
2026-09-14T14:58:46Z,2026-09-14T16:58:46+0200,6f350c35-df01-49a9-ad50-083ebfd1ddbf,2026-09-11T17:30:00Z,2026-09-11T19:30:00+0200,1.14352,MW,DK2,DK_2,actual_solar_generation,Solar,2026-09-14T14:59:25Z
2026-09-14T14:58:46Z,2026-09-14T16:58:46+0200,6f350c35-df01-49a9-ad50-083ebfd1ddbf,2026-09-11T17:45:00Z,2026-09-11T19:45:00+0200,0.249218,MW,DK2,DK_2,actual_solar_generation,Solar,2026-09-14T14:59:25Z
2026-09-14T14:58:46Z,2026-09-14T16:58:46+0200,6f350c35-df01-49a9-ad50-083ebfd1ddbf,2026-09-11T18:00:00Z,2026-09-11T20:00:00+0200,0.380903,MW,DK2,DK_2,actual_solar_generation,Solar,2026-09-14T14:59:25Z
2026-09-14T14:58:46Z,2026-09-14T16:58:46+0200,6f350c35-df01-49a9-ad50-083ebfd1ddbf,2026-09-11T18:15:00Z,2026-09-11T20:15:00+0200,0.0,MW,DK2,DK_2,actual_solar_generation,Solar,2026-09-14T14:59:25Z
2026-09-14T14:58:46Z,2026-09-14T16:58:46+0200,6f350c35-df01-49a9-ad50-083ebfd1ddbf,2026-09-11T18:30:00Z,2026-09-11T20:30:00+0200,0.0,MW,DK2,DK_2,actual_solar_generation,Solar,2026-09-14T14:59:25Z
2026-09-14T14:58:46Z,2026-09-14T16:58:46+0200,6f350c35-df01-49a9-ad50-083ebfd1ddbf,2026-09-11T18:45:00Z,2026-09-11T20:45:00+0200,0.0,MW,DK2,DK_2,actual_solar_generation,Solar,2026-09-14T14:59:25Z
2026-09-14T14:58:46Z,2026-09-14T16:58:46+0200,6f350c35-df01-49a9-ad50-083ebfd1ddbf,2026-09-11T19:00:00Z,2026-09-11T21:00:00+0200,0.0,MW,DK2,DK_2,actual_solar_generation,Solar,2026-09-14T14:59:25Z
2026-09-14T14:58:46Z,2026-09-14T16:58:46+0200,6f350c35-df01-49a9-ad50-083ebfd1ddbf,2026-09-11T19:15:00Z,2026-09-11T21:15:00+0200,0.38044,MW,DK2,DK_2,actual_solar_generation,Solar,2026-09-14T14:59:25Z
2026-09-14T14:58:46Z,2026-09-14T16:58:46+0200,6f350c35-df01-49a9-ad50-083ebfd1ddbf,2026-09-11T19:30:00Z,2026-09-11T21:30:00+0200,0.847696,MW,DK2,DK_2,actual_solar_generation,Solar,2026-09-14T14:59:25Z
2026-09-14T14:58:46Z,2026-09-14T16:58:46+0200,6f350c35-df01-49a9-ad50-083ebfd1ddbf,2026-09-11T19:45:00Z,2026-09-11T21:45:00+0200,0.151402,MW,DK2,DK_2,actual_solar_generation,Solar,2026-09-14T14:59:25Z
2026-09-14T14:58:46Z,2026-09-14T16:58:46+0200,6f350c35-df01-49a9-ad50-083ebfd1ddbf,2026-09-11T20:00:00Z,2026-09-11T22:00:00+0200,0.182044,MW,DK2,DK_2,actual_solar_generation,Solar,2026-09-14T14:59:25Z
2026-09-14T14:58:46Z,2026-09-14T16:58:46+0200,6f350c35-df01-49a9-ad50-083ebfd1ddbf,2026-09-11T20:15:00Z,2026-09-11T22:15:00+0200,0.577305,MW,DK2,DK_2,actual_solar_generation,Solar,2026-09-14T14:59:25Z
2026-09-14T14:58:46Z,2026-09-14T16:58:46+0200,6f350c35-df01-49a9-ad50-083ebfd1ddbf,2026-09-11T20:30:00Z,2026-09-11T22:30:00+0200,2.06838,MW,DK2,DK_2,actual_solar_generation,Solar,2026-09-14T14:59:25Z
2026-09-14T14:58:46Z,2026-09-14T16:58:46+0200,6f350c35-df01-49a9-ad50-083ebfd1ddbf,2026-09-11T20:45:00Z,2026-09-11T22:45:00+0200,2.34237,MW,DK2,DK_2,actual_solar_generation,Solar,2026-09-14T14:59:25Z
2026-09-14T14:58:46Z,2026-09-14T16:58:46+0200,6f350c35-df01-49a9-ad50-083ebfd1ddbf,2026-09-11T21:00:00Z,2026-09-11T23:00:00+0200,2.82263,MW,DK2,DK_2,actual_solar_generation,Solar,2026-09-14T14:59:25Z
2026-09-14T14:58:46Z,2026-09-14T16:58:46+0200,6f350c35-df01-49a9-ad50-083ebfd1ddbf,2026-09-11T21:15:00Z,2026-09-11T23:15:00+0200,2.83106,MW,DK2,DK_2,actual_solar_generation,Solar,2026-09-14T14:59:25Z
2026-09-14T14:58:46Z,2026-09-14T16:58:46+0200,6f350c35-df01-49a9-ad50-083ebfd1ddbf,2026-09-11T21:30:00Z,2026-09-11T23:30:00+0200,0.0,MW,DK2,DK_2,actual_solar_generation,Solar,2026-09-14T14:59:25Z
2026-09-14T14:58:46Z,2026-09-14T16:58:46+0200,6f350c35-df01-49a9-ad50-083ebfd1ddbf,2026-09-11T21:45:00Z,2026-09-11T23:45:00+0200,0.624181,MW,DK2,DK_2,actual_solar_generation,Solar,2026-09-14T14:59:25Z
2026-09-14T14:58:46Z,2026-09-14T16:58:46+0200,6f350c35-df01-49a9-ad50-083ebfd1ddbf,2026-09-11T22:00:00Z,2026-09-12T00:00:00+0200,0.0,MW,DK2,DK_2,actual_solar_generation,Solar,2026-09-14T14:59:25Z
2026-09-14T14:58:46Z,2026-09-14T16:58:46+0200,6f350c35-df01-49a9-ad50-083ebfd1ddbf,2026-09-11T22:15:00Z,2026-09-12T00:15:00+0200,1.92891,MW,DK2,DK_2,actual_solar_generation,Solar,2026-09-14T14:59:25Z
2026-09-14T14:58:46Z,2026-09-14T16:58:46+0200,6f350c35-df01-49a9-ad50-083ebfd1ddbf,2026-09-11T22:30:00Z,2026-09-12T00:30:00+0200,2.44462,MW,DK2,DK_2,actual_solar_generation,Solar,2026-09-14T14:59:25Z
2026-09-14T14:58:46Z,2026-09-14T16:58:46+0200,6f350c35-df01-49a9-ad50-083ebfd1ddbf,2026-09-11T22:45:00Z,2026-09-12T00:45:00+0200,1.54838,MW,DK2,DK_2,actual_solar_generation,Solar,2026-09-14T14:59:25Z
2026-09-14T14:58:46Z,2026-09-14T16:58:46+0200,6f350c35-df01-49a9-ad50-083ebfd1ddbf,2026-09-11T23:00:00Z,2026-09-12T01:00:00+0200,0.0,MW,DK2,DK_2,actual_solar_generation,Solar,2026-09-14T14:59:25Z
2026-09-14T14:58:46Z,2026-09-14T16:58:46+0200,6f350c35-df01-49a9-ad50-083ebfd1ddbf,2026-09-11T23:15:00Z,2026-09-12T01:15:00+0200,0.228914,MW,DK2,DK_2,actual_solar_generation,Solar,2026-09-14T14:59:25Z
2026-09-14T14:58:46Z,2026-09-14T16:58:46+0200,6f350c35-df01-49a9-ad50-083ebfd1ddbf,2026-09-11T23:30:00Z,2026-09-12T01:30:00+0200,0.310427,MW,DK2,DK_2,actual_solar_generation,Solar,2026-09-14T14:59:25Z
2026-09-14T14:58:46Z,2026-09-14T16:58:46+0200,6f350c35-df01-49a9-ad50-083ebfd1ddbf,2026-09-11T23:45:00Z,2026-09-12T01:45:00+0200,0.136259,MW,DK2,DK_2,actual_solar_generation,Solar,2026-09-14T14:59:25Z
2026-09-14T14:58:46Z,2026-09-14T16:58:46+0200,6f350c35-df01-49a9-ad50-083ebfd1ddbf,2026-09-12T00:00:00Z,2026-09-12T02:00:00+0200,0.108348,MW,DK2,DK_2,actual_solar_generation,Solar,2026-09-14T14:59:25Z
2026-09-14T14:58:46Z,2026-09-14T16:58:46+0200,6f350c35-df01-49a9-ad50-083ebfd1ddbf,2026-09-12T00:15:00Z,2026-09-12T02:15:00+0200,0.116414,MW,DK2,DK_2,actual_solar_generation,Solar,2026-09-14T14:59:25Z
2026-09-14T14:58:46Z,2026-09-14T16:58:46+0200,6f350c35-df01-49a9-ad50-083ebfd1ddbf,2026-09-12T00:30:00Z,2026-09-12T02:30:00+0200,0.298933,MW,DK2,DK_2,actual_solar_generation,Solar,2026-09-14T14:59:25Z
2026-09-14T14:58:46Z,2026-09-14T16:58:46+0200,6f350c35-df01-49a9-ad50-083ebfd1ddbf,2026-09-12T00:45:00Z,2026-09-12T02:45:00+0200,0.138582,MW,DK2,DK_2,actual_solar_generation,Solar,2026-09-14T14:59:25Z
2026-09-14T14:58:46Z,2026-09-14T16:58:46+0200,6f350c35-df01-49a9-ad50-083ebfd1ddbf,2026-09-12T01:00:00Z,2026-09-12T03:00:00+0200,0.059295,MW,DK2,DK_2,actual_solar_generation,Solar,2026-09-14T14:59:25Z
2026-09-14T14:58:46Z,2026-09-14T16:58:46+0200,6f350c35-df01-49a9-ad50-083ebfd1ddbf,2026-09-12T01:15:00Z,2026-09-12T03:15:00+0200,0.0,MW,DK2,DK_2,actual_solar_generation,Solar,2026-09-14T14:59:25Z
2026-09-14T14:58:46Z,2026-09-14T16:58:46+0200,6f350c35-df01-49a9-ad50-083ebfd1ddbf,2026-09-12T01:30:00Z,2026-09-12T03:30:00+0200,0.0,MW,DK2,DK_2,actual_solar_generation,Solar,2026-09-14T14:59:25Z
2026-09-14T14:58:46Z,2026-09-14T16:58:46+0200,6f350c35-df01-49a9-ad50-083ebfd1ddbf,2026-09-12T01:45:00Z,2026-09-12T03:45:00+0200,0.0,MW,DK2,DK_2,actual_solar_generation,Solar,2026-09-14T14:59:25Z
2026-09-14T14:58:46Z,2026-09-14T16:58:46+0200,6f350c35-df01-49a9-ad50-083ebfd1ddbf,2026-09-12T02:45:00Z,2026-09-12T04:45:00+0200,0.134239,MW,DK2,DK_2,actual_solar_generation,Solar,2026-09-14T14:59:25Z
2026-09-14T14:58:46Z,2026-09-14T16:58:46+0200,6f350c35-df01-49a9-ad50-083ebfd1ddbf,2026-09-12T03:00:00Z,2026-09-12T05:00:00+0200,0.0,MW,DK2,DK_2,actual_solar_generation,Solar,2026-09-14T14:59:25Z
2026-09-14T14:58:46Z,2026-09-14T16:58:46+0200,6f350c35-df01-49a9-ad50-083ebfd1ddbf,2026-09-12T03:15:00Z,2026-09-12T05:15:00+0200,0.19468,MW,DK2,DK_2,actual_solar_generation,Solar,2026-09-14T14:59:25Z
2026-09-14T14:58:46Z,2026-09-14T16:58:46+0200,6f350c35-df01-49a9-ad50-083ebfd1ddbf,2026-09-12T03:30:00Z,2026-09-12T05:30:00+0200,0.546707,MW,DK2,DK_2,actual_solar_generation,Solar,2026-09-14T14:59:25Z
2026-09-14T14:58:46Z,2026-09-14T16:58:46+0200,6f350c35-df01-49a9-ad50-083ebfd1ddbf,2026-09-12T03:45:00Z,2026-09-12T05:45:00+0200,3.11893,MW,DK2,DK_2,actual_solar_generation,Solar,2026-09-14T14:59:25Z
2026-09-14T14:58:46Z,2026-09-14T16:58:46+0200,6f350c35-df01-49a9-ad50-083ebfd1ddbf,2026-09-12T04:00:00Z,2026-09-12T06:00:00+0200,0.425701,MW,DK2,DK_2,actual_solar_generation,Solar,2026-09-14T14:59:25Z
2026-09-14T14:58:46Z,2026-09-14T16:58:46+0200,6f350c35-df01-49a9-ad50-083ebfd1ddbf,2026-09-12T04:15:00Z,2026-09-12T06:15:00+0200,0.382301,MW,DK2,DK_2,actual_solar_generation,Solar,2026-09-14T14:59:25Z
2026-09-14T14:58:46Z,2026-09-14T16:58:46+0200,6f350c35-df01-49a9-ad50-083ebfd1ddbf,2026-09-12T04:30:00Z,2026-09-12T06:30:00+0200,0.46974,MW,DK2,DK_2,actual_solar_generation,Solar,2026-09-14T14:59:25Z
2026-09-14T14:58:46Z,2026-09-14T16:58:46+0200,6f350c35-df01-49a9-ad50-083ebfd1ddbf,2026-09-12T04:45:00Z,2026-09-12T06:45:00+0200,5.75051,MW,DK2,DK_2,actual_solar_generation,Solar,2026-09-14T14:59:25Z
2026-09-14T14:58:46Z,2026-09-14T16:58:46+0200,6f350c35-df01-49a9-ad50-083ebfd1ddbf,2026-09-12T05:00:00Z,2026-09-12T07:00:00+0200,19.0983,MW,DK2,DK_2,actual_solar_generation,Solar,2026-09-14T14:59:25Z
2026-09-14T14:58:46Z,2026-09-14T16:58:46+0200,6f350c35-df01-49a9-ad50-083ebfd1ddbf,2026-09-12T05:15:00Z,2026-09-12T07:15:00+0200,41.1568,MW,DK2,DK_2,actual_solar_generation,Solar,2026-09-14T14:59:25Z
2026-09-14T14:58:46Z,2026-09-14T16:58:46+0200,6f350c35-df01-49a9-ad50-083ebfd1ddbf,2026-09-12T05:30:00Z,2026-09-12T07:30:00+0200,58.8028,MW,DK2,DK_2,actual_solar_generation,Solar,2026-09-14T14:59:25Z
2026-09-14T14:58:46Z,2026-09-14T16:58:46+0200,6f350c35-df01-49a9-ad50-083ebfd1ddbf,2026-09-12T05:45:00Z,2026-09-12T07:45:00+0200,65.8954,MW,DK2,DK_2,actual_solar_generation,Solar,2026-09-14T14:59:25Z
2026-09-14T14:58:46Z,2026-09-14T16:58:46+0200,6f350c35-df01-49a9-ad50-083ebfd1ddbf,2026-09-12T06:00:00Z,2026-09-12T08:00:00+0200,85.8547,MW,DK2,DK_2,actual_solar_generation,Solar,2026-09-14T14:59:25Z
2026-09-14T14:58:46Z,2026-09-14T16:58:46+0200,6f350c35-df01-49a9-ad50-083ebfd1ddbf,2026-09-12T06:15:00Z,2026-09-12T08:15:00+0200,116.406,MW,DK2,DK_2,actual_solar_generation,Solar,2026-09-14T14:59:25Z
2026-09-14T14:58:46Z,2026-09-14T16:58:46+0200,6f350c35-df01-49a9-ad50-083ebfd1ddbf,2026-09-12T06:30:00Z,2026-09-12T08:30:00+0200,179.178,MW,DK2,DK_2,actual_solar_generation,Solar,2026-09-14T14:59:25Z
2026-09-14T14:58:46Z,2026-09-14T16:58:46+0200,6f350c35-df01-49a9-ad50-083ebfd1ddbf,2026-09-12T06:45:00Z,2026-09-12T08:45:00+0200,166.482,MW,DK2,DK_2,actual_solar_generation,Solar,2026-09-14T14:59:25Z
2026-09-14T14:58:46Z,2026-09-14T16:58:46+0200,6f350c35-df01-49a9-ad50-083ebfd1ddbf,2026-09-12T07:00:00Z,2026-09-12T09:00:00+0200,178.478,MW,DK2,DK_2,actual_solar_generation,Solar,2026-09-14T14:59:25Z
2026-09-14T14:58:46Z,2026-09-14T16:58:46+0200,6f350c35-df01-49a9-ad50-083ebfd1ddbf,2026-09-12T07:15:00Z,2026-09-12T09:15:00+0200,214.625,MW,DK2,DK_2,actual_solar_generation,Solar,2026-09-14T14:59:25Z
2026-09-14T14:58:46Z,2026-09-14T16:58:46+0200,6f350c35-df01-49a9-ad50-083ebfd1ddbf,2026-09-12T07:30:00Z,2026-09-12T09:30:00+0200,271.357,MW,DK2,DK_2,actual_solar_generation,Solar,2026-09-14T14:59:25Z
2026-09-14T14:58:46Z,2026-09-14T16:58:46+0200,6f350c35-df01-49a9-ad50-083ebfd1ddbf,2026-09-12T07:45:00Z,2026-09-12T09:45:00+0200,314.585,MW,DK2,DK_2,actual_solar_generation,Solar,2026-09-14T14:59:25Z
2026-09-14T14:58:46Z,2026-09-14T16:58:46+0200,6f350c35-df01-49a9-ad50-083ebfd1ddbf,2026-09-12T08:00:00Z,2026-09-12T10:00:00+0200,364.332,MW,DK2,DK_2,actual_solar_generation,Solar,2026-09-14T14:59:25Z
2026-09-14T14:58:46Z,2026-09-14T16:58:46+0200,6f350c35-df01-49a9-ad50-083ebfd1ddbf,2026-09-12T08:15:00Z,2026-09-12T10:15:00+0200,379.81,MW,DK2,DK_2,actual_solar_generation,Solar,2026-09-14T14:59:25Z
2026-09-14T14:58:46Z,2026-09-14T16:58:46+0200,6f350c35-df01-49a9-ad50-083ebfd1ddbf,2026-09-12T08:30:00Z,2026-09-12T10:30:00+0200,417.818,MW,DK2,DK_2,actual_solar_generation,Solar,2026-09-14T14:59:25Z
2026-09-14T14:58:46Z,2026-09-14T16:58:46+0200,6f350c35-df01-49a9-ad50-083ebfd1ddbf,2026-09-12T08:45:00Z,2026-09-12T10:45:00+0200,506.63,MW,DK2,DK_2,actual_solar_generation,Solar,2026-09-14T14:59:25Z
2026-09-14T14:58:46Z,2026-09-14T16:58:46+0200,6f350c35-df01-49a9-ad50-083ebfd1ddbf,2026-09-12T09:00:00Z,2026-09-12T11:00:00+0200,518.749,MW,DK2,DK_2,actual_solar_generation,Solar,2026-09-14T14:59:25Z
2026-09-14T14:58:46Z,2026-09-14T16:58:46+0200,6f350c35-df01-49a9-ad50-083ebfd1ddbf,2026-09-12T09:15:00Z,2026-09-12T11:15:00+0200,529.101,MW,DK2,DK_2,actual_solar_generation,Solar,2026-09-14T14:59:25Z
2026-09-14T14:58:46Z,2026-09-14T16:58:46+0200,6f350c35-df01-49a9-ad50-083ebfd1ddbf,2026-09-12T09:30:00Z,2026-09-12T11:30:00+0200,648.232,MW,DK2,DK_2,actual_solar_generation,Solar,2026-09-14T14:59:25Z
2026-09-14T14:58:46Z,2026-09-14T16:58:46+0200,6f350c35-df01-49a9-ad50-083ebfd1ddbf,2026-09-12T09:45:00Z,2026-09-12T11:45:00+0200,653.422,MW,DK2,DK_2,actual_solar_generation,Solar,2026-09-14T14:59:25Z
2026-09-14T14:58:46Z,2026-09-14T16:58:46+0200,6f350c35-df01-49a9-ad50-083ebfd1ddbf,2026-09-12T10:00:00Z,2026-09-12T12:00:00+0200,832.361,MW,DK2,DK_2,actual_solar_generation,Solar,2026-09-14T14:59:25Z
2026-09-14T14:58:46Z,2026-09-14T16:58:46+0200,6f350c35-df01-49a9-ad50-083ebfd1ddbf,2026-09-12T10:15:00Z,2026-09-12T12:15:00+0200,798.784,MW,DK2,DK_2,actual_solar_generation,Solar,2026-09-14T14:59:25Z
2026-09-14T14:58:46Z,2026-09-14T16:58:46+0200,6f350c35-df01-49a9-ad50-083ebfd1ddbf,2026-09-12T10:30:00Z,2026-09-12T12:30:00+0200,849.117,MW,DK2,DK_2,actual_solar_generation,Solar,2026-09-14T14:59:25Z
2026-09-14T14:58:46Z,2026-09-14T16:58:46+0200,6f350c35-df01-49a9-ad50-083ebfd1ddbf,2026-09-12T10:45:00Z,2026-09-12T12:45:00+0200,790.45,MW,DK2,DK_2,actual_solar_generation,Solar,2026-09-14T14:59:25Z
2026-09-14T14:58:46Z,2026-09-14T16:58:46+0200,6f350c35-df01-49a9-ad50-083ebfd1ddbf,2026-09-12T11:00:00Z,2026-09-12T13:00:00+0200,888.146,MW,DK2,DK_2,actual_solar_generation,Solar,2026-09-14T14:59:25Z
2026-09-14T14:58:46Z,2026-09-14T16:58:46+0200,6f350c35-df01-49a9-ad50-083ebfd1ddbf,2026-09-12T11:15:00Z,2026-09-12T13:15:00+0200,763.826,MW,DK2,DK_2,actual_solar_generation,Solar,2026-09-14T14:59:25Z
2026-09-14T14:58:46Z,2026-09-14T16:58:46+0200,6f350c35-df01-49a9-ad50-083ebfd1ddbf,2026-09-12T11:30:00Z,2026-09-12T13:30:00+0200,871.666,MW,DK2,DK_2,actual_solar_generation,Solar,2026-09-14T14:59:25Z
2026-09-14T14:58:46Z,2026-09-14T16:58:46+0200,6f350c35-df01-49a9-ad50-083ebfd1ddbf,2026-09-12T11:45:00Z,2026-09-12T13:45:00+0200,718.365,MW,DK2,DK_2,actual_solar_generation,Solar,2026-09-14T14:59:25Z
2026-09-14T14:58:46Z,2026-09-14T16:58:46+0200,6f350c35-df01-49a9-ad50-083ebfd1ddbf,2026-09-12T12:00:00Z,2026-09-12T14:00:00+0200,568.998,MW,DK2,DK_2,actual_solar_generation,Solar,2026-09-14T14:59:25Z
2026-09-14T14:58:46Z,2026-09-14T16:58:46+0200,6f350c35-df01-49a9-ad50-083ebfd1ddbf,2026-09-12T12:15:00Z,2026-09-12T14:15:00+0200,547.677,MW,DK2,DK_2,actual_solar_generation,Solar,2026-09-14T14:59:25Z
2026-09-14T14:58:46Z,2026-09-14T16:58:46+0200,6f350c35-df01-49a9-ad50-083ebfd1ddbf,2026-09-12T12:30:00Z,2026-09-12T14:30:00+0200,474.664,MW,DK2,DK_2,actual_solar_generation,Solar,2026-09-14T14:59:25Z
2026-09-14T14:58:46Z,2026-09-14T16:58:46+0200,6f350c35-df01-49a9-ad50-083ebfd1ddbf,2026-09-12T12:45:00Z,2026-09-12T14:45:00+0200,466.159,MW,DK2,DK_2,actual_solar_generation,Solar,2026-09-14T14:59:25Z
2026-09-14T14:58:46Z,2026-09-14T16:58:46+0200,6f350c35-df01-49a9-ad50-083ebfd1ddbf,2026-09-12T13:00:00Z,2026-09-12T15:00:00+0200,476.609,MW,DK2,DK_2,actual_solar_generation,Solar,2026-09-14T14:59:25Z
2026-09-14T14:58:46Z,2026-09-14T16:58:46+0200,6f350c35-df01-49a9-ad50-083ebfd1ddbf,2026-09-12T13:15:00Z,2026-09-12T15:15:00+0200,430.12,MW,DK2,DK_2,actual_solar_generation,Solar,2026-09-14T14:59:25Z
2026-09-14T14:58:46Z,2026-09-14T16:58:46+0200,6f350c35-df01-49a9-ad50-083ebfd1ddbf,2026-09-12T13:30:00Z,2026-09-12T15:30:00+0200,498.022,MW,DK2,DK_2,actual_solar_generation,Solar,2026-09-14T14:59:25Z
2026-09-14T14:58:46Z,2026-09-14T16:58:46+0200,6f350c35-df01-49a9-ad50-083ebfd1ddbf,2026-09-12T13:45:00Z,2026-09-12T15:45:00+0200,436.425,MW,DK2,DK_2,actual_solar_generation,Solar,2026-09-14T14:59:25Z
2026-09-14T14:58:46Z,2026-09-14T16:58:46+0200,6f350c35-df01-49a9-ad50-083ebfd1ddbf,2026-09-12T14:00:00Z,2026-09-12T16:00:00+0200,350.632,MW,DK2,DK_2,actual_solar_generation,Solar,2026-09-14T14:59:25Z
2026-09-14T14:58:46Z,2026-09-14T16:58:46+0200,6f350c35-df01-49a9-ad50-083ebfd1ddbf,2026-09-12T14:15:00Z,2026-09-12T16:15:00+0200,337.31,MW,DK2,DK_2,actual_solar_generation,Solar,2026-09-14T14:59:25Z
2026-09-14T14:58:46Z,2026-09-14T16:58:46+0200,6f350c35-df01-49a9-ad50-083ebfd1ddbf,2026-09-12T14:30:00Z,2026-09-12T16:30:00+0200,324.189,MW,DK2,DK_2,actual_solar_generation,Solar,2026-09-14T14:59:25Z
2026-09-14T14:58:46Z,2026-09-14T16:58:46+0200,6f350c35-df01-49a9-ad50-083ebfd1ddbf,2026-09-12T14:45:00Z,2026-09-12T16:45:00+0200,293.629,MW,DK2,DK_2,actual_solar_generation,Solar,2026-09-14T14:59:25Z
2026-09-14T14:58:46Z,2026-09-14T16:58:46+0200,6f350c35-df01-49a9-ad50-083ebfd1ddbf,2026-09-12T15:00:00Z,2026-09-12T17:00:00+0200,236.996,MW,DK2,DK_2,actual_solar_generation,Solar,2026-09-14T14:59:25Z
2026-09-14T14:58:46Z,2026-09-14T16:58:46+0200,6f350c35-df01-49a9-ad50-083ebfd1ddbf,2026-09-12T15:15:00Z,2026-09-12T17:15:00+0200,180.234,MW,DK2,DK_2,actual_solar_generation,Solar,2026-09-14T14:59:25Z
2026-09-14T14:58:46Z,2026-09-14T16:58:46+0200,6f350c35-df01-49a9-ad50-083ebfd1ddbf,2026-09-12T15:30:00Z,2026-09-12T17:30:00+0200,141.175,MW,DK2,DK_2,actual_solar_generation,Solar,2026-09-14T14:59:25Z
2026-09-14T14:58:46Z,2026-09-14T16:58:46+0200,6f350c35-df01-49a9-ad50-083ebfd1ddbf,2026-09-12T15:45:00Z,2026-09-12T17:45:00+0200,90.2448,MW,DK2,DK_2,actual_solar_generation,Solar,2026-09-14T14:59:25Z
2026-09-14T14:58:46Z,2026-09-14T16:58:46+0200,6f350c35-df01-49a9-ad50-083ebfd1ddbf,2026-09-12T16:00:00Z,2026-09-12T18:00:00+0200,56.2866,MW,DK2,DK_2,actual_solar_generation,Solar,2026-09-14T14:59:25Z
2026-09-14T14:58:46Z,2026-09-14T16:58:46+0200,6f350c35-df01-49a9-ad50-083ebfd1ddbf,2026-09-12T16:15:00Z,2026-09-12T18:15:00+0200,32.5191,MW,DK2,DK_2,actual_solar_generation,Solar,2026-09-14T14:59:25Z
2026-09-14T14:58:46Z,2026-09-14T16:58:46+0200,6f350c35-df01-49a9-ad50-083ebfd1ddbf,2026-09-12T16:30:00Z,2026-09-12T18:30:00+0200,20.6051,MW,DK2,DK_2,actual_solar_generation,Solar,2026-09-14T14:59:25Z
2026-09-14T14:58:46Z,2026-09-14T16:58:46+0200,6f350c35-df01-49a9-ad50-083ebfd1ddbf,2026-09-12T16:45:00Z,2026-09-12T18:45:00+0200,17.1984,MW,DK2,DK_2,actual_solar_generation,Solar,2026-09-14T14:59:25Z
2026-09-14T14:58:46Z,2026-09-14T16:58:46+0200,6f350c35-df01-49a9-ad50-083ebfd1ddbf,2026-09-12T17:00:00Z,2026-09-12T19:00:00+0200,9.28145,MW,DK2,DK_2,actual_solar_generation,Solar,2026-09-14T14:59:25Z
2026-09-14T14:58:46Z,2026-09-14T16:58:46+0200,6f350c35-df01-49a9-ad50-083ebfd1ddbf,2026-09-12T17:15:00Z,2026-09-12T19:15:00+0200,1.39329,MW,DK2,DK_2,actual_solar_generation,Solar,2026-09-14T14:59:25Z
2026-09-14T14:58:46Z,2026-09-14T16:58:46+0200,6f350c35-df01-49a9-ad50-083ebfd1ddbf,2026-09-12T17:30:00Z,2026-09-12T19:30:00+0200,1.04753,MW,DK2,DK_2,actual_solar_generation,Solar,2026-09-14T14:59:25Z
2026-09-14T14:58:46Z,2026-09-14T16:58:46+0200,6f350c35-df01-49a9-ad50-083ebfd1ddbf,2026-09-12T17:45:00Z,2026-09-12T19:45:00+0200,0.100365,MW,DK2,DK_2,actual_solar_generation,Solar,2026-09-14T14:59:25Z
2026-09-14T14:58:46Z,2026-09-14T16:58:46+0200,6f350c35-df01-49a9-ad50-083ebfd1ddbf,2026-09-12T18:00:00Z,2026-09-12T20:00:00+0200,1.01633,MW,DK2,DK_2,actual_solar_generation,Solar,2026-09-14T14:59:25Z
2026-09-14T14:58:46Z,2026-09-14T16:58:46+0200,6f350c35-df01-49a9-ad50-083ebfd1ddbf,2026-09-12T18:15:00Z,2026-09-12T20:15:00+0200,0.0,MW,DK2,DK_2,actual_solar_generation,Solar,2026-09-14T14:59:25Z
2026-09-14T14:58:46Z,2026-09-14T16:58:46+0200,6f350c35-df01-49a9-ad50-083ebfd1ddbf,2026-09-12T18:30:00Z,2026-09-12T20:30:00+0200,0.263203,MW,DK2,DK_2,actual_solar_generation,Solar,2026-09-14T14:59:25Z
2026-09-14T14:58:46Z,2026-09-14T16:58:46+0200,6f350c35-df01-49a9-ad50-083ebfd1ddbf,2026-09-12T18:45:00Z,2026-09-12T20:45:00+0200,0.056708,MW,DK2,DK_2,actual_solar_generation,Solar,2026-09-14T14:59:25Z
2026-09-14T14:58:46Z,2026-09-14T16:58:46+0200,6f350c35-df01-49a9-ad50-083ebfd1ddbf,2026-09-12T19:00:00Z,2026-09-12T21:00:00+0200,0.310469,MW,DK2,DK_2,actual_solar_generation,Solar,2026-09-14T14:59:25Z
2026-09-14T14:58:46Z,2026-09-14T16:58:46+0200,6f350c35-df01-49a9-ad50-083ebfd1ddbf,2026-09-12T19:15:00Z,2026-09-12T21:15:00+0200,0.0,MW,DK2,DK_2,actual_solar_generation,Solar,2026-09-14T14:59:25Z
2026-09-14T14:58:46Z,2026-09-14T16:58:46+0200,6f350c35-df01-49a9-ad50-083ebfd1ddbf,2026-09-12T19:30:00Z,2026-09-12T21:30:00+0200,0.837393,MW,DK2,DK_2,actual_solar_generation,Solar,2026-09-14T14:59:25Z
2026-09-14T14:58:46Z,2026-09-14T16:58:46+0200,6f350c35-df01-49a9-ad50-083ebfd1ddbf,2026-09-12T19:45:00Z,2026-09-12T21:45:00+0200,2.37884,MW,DK2,DK_2,actual_solar_generation,Solar,2026-09-14T14:59:25Z
2026-09-14T14:58:46Z,2026-09-14T16:58:46+0200,6f350c35-df01-49a9-ad50-083ebfd1ddbf,2026-09-12T20:00:00Z,2026-09-12T22:00:00+0200,2.36916,MW,DK2,DK_2,actual_solar_generation,Solar,2026-09-14T14:59:25Z
2026-09-14T14:58:46Z,2026-09-14T16:58:46+0200,6f350c35-df01-49a9-ad50-083ebfd1ddbf,2026-09-12T20:15:00Z,2026-09-12T22:15:00+0200,3.45864,MW,DK2,DK_2,actual_solar_generation,Solar,2026-09-14T14:59:25Z
2026-09-14T14:58:46Z,2026-09-14T16:58:46+0200,6f350c35-df01-49a9-ad50-083ebfd1ddbf,2026-09-12T20:30:00Z,2026-09-12T22:30:00+0200,2.95441,MW,DK2,DK_2,actual_solar_generation,Solar,2026-09-14T14:59:25Z
2026-09-14T14:58:46Z,2026-09-14T16:58:46+0200,6f350c35-df01-49a9-ad50-083ebfd1ddbf,2026-09-12T20:45:00Z,2026-09-12T22:45:00+0200,2.69532,MW,DK2,DK_2,actual_solar_generation,Solar,2026-09-14T14:59:25Z
2026-09-14T14:58:46Z,2026-09-14T16:58:46+0200,6f350c35-df01-49a9-ad50-083ebfd1ddbf,2026-09-12T21:00:00Z,2026-09-12T23:00:00+0200,1.75545,MW,DK2,DK_2,actual_solar_generation,Solar,2026-09-14T14:59:25Z
2026-09-14T14:58:46Z,2026-09-14T16:58:46+0200,6f350c35-df01-49a9-ad50-083ebfd1ddbf,2026-09-12T21:15:00Z,2026-09-12T23:15:00+0200,3.50623,MW,DK2,DK_2,actual_solar_generation,Solar,2026-09-14T14:59:25Z
2026-09-14T14:58:46Z,2026-09-14T16:58:46+0200,6f350c35-df01-49a9-ad50-083ebfd1ddbf,2026-09-12T21:30:00Z,2026-09-12T23:30:00+0200,1.78971,MW,DK2,DK_2,actual_solar_generation,Solar,2026-09-14T14:59:25Z
2026-09-14T14:58:46Z,2026-09-14T16:58:46+0200,6f350c35-df01-49a9-ad50-083ebfd1ddbf,2026-09-12T21:45:00Z,2026-09-12T23:45:00+0200,0.328425,MW,DK2,DK_2,actual_solar_generation,Solar,2026-09-14T14:59:25Z
2026-09-14T14:58:46Z,2026-09-14T16:58:46+0200,6f350c35-df01-49a9-ad50-083ebfd1ddbf,2026-09-12T22:00:00Z,2026-09-13T00:00:00+0200,0.638108,MW,DK2,DK_2,actual_solar_generation,Solar,2026-09-14T14:59:25Z
2026-09-14T14:58:46Z,2026-09-14T16:58:46+0200,6f350c35-df01-49a9-ad50-083ebfd1ddbf,2026-09-12T22:15:00Z,2026-09-13T00:15:00+0200,0.5552,MW,DK2,DK_2,actual_solar_generation,Solar,2026-09-14T14:59:25Z
2026-09-14T14:58:46Z,2026-09-14T16:58:46+0200,6f350c35-df01-49a9-ad50-083ebfd1ddbf,2026-09-12T22:30:00Z,2026-09-13T00:30:00+0200,0.574137,MW,DK2,DK_2,actual_solar_generation,Solar,2026-09-14T14:59:25Z
2026-09-14T14:58:46Z,2026-09-14T16:58:46+0200,6f350c35-df01-49a9-ad50-083ebfd1ddbf,2026-09-12T22:45:00Z,2026-09-13T00:45:00+0200,0.416648,MW,DK2,DK_2,actual_solar_generation,Solar,2026-09-14T14:59:25Z
2026-09-14T14:58:46Z,2026-09-14T16:58:46+0200,6f350c35-df01-49a9-ad50-083ebfd1ddbf,2026-09-12T23:00:00Z,2026-09-13T01:00:00+0200,0.413992,MW,DK2,DK_2,actual_solar_generation,Solar,2026-09-14T14:59:25Z
2026-09-14T14:58:46Z,2026-09-14T16:58:46+0200,6f350c35-df01-49a9-ad50-083ebfd1ddbf,2026-09-12T23:15:00Z,2026-09-13T01:15:00+0200,0.47007,MW,DK2,DK_2,actual_solar_generation,Solar,2026-09-14T14:59:25Z
2026-09-14T14:58:46Z,2026-09-14T16:58:46+0200,6f350c35-df01-49a9-ad50-083ebfd1ddbf,2026-09-12T23:30:00Z,2026-09-13T01:30:00+0200,0.0,MW,DK2,DK_2,actual_solar_generation,Solar,2026-09-14T14:59:25Z
2026-09-14T14:58:46Z,2026-09-14T16:58:46+0200,6f350c35-df01-49a9-ad50-083ebfd1ddbf,2026-09-12T23:45:00Z,2026-09-13T01:45:00+0200,0.413161,MW,DK2,DK_2,actual_solar_generation,Solar,2026-09-14T14:59:25Z
2026-09-14T14:58:46Z,2026-09-14T16:58:46+0200,6f350c35-df01-49a9-ad50-083ebfd1ddbf,2026-09-13T00:00:00Z,2026-09-13T02:00:00+0200,0.149489,MW,DK2,DK_2,actual_solar_generation,Solar,2026-09-14T14:59:25Z
2026-09-14T14:58:46Z,2026-09-14T16:58:46+0200,6f350c35-df01-49a9-ad50-083ebfd1ddbf,2026-09-13T00:15:00Z,2026-09-13T02:15:00+0200,0.192338,MW,DK2,DK_2,actual_solar_generation,Solar,2026-09-14T14:59:25Z
2026-09-14T14:58:46Z,2026-09-14T16:58:46+0200,6f350c35-df01-49a9-ad50-083ebfd1ddbf,2026-09-13T00:30:00Z,2026-09-13T02:30:00+0200,0.243848,MW,DK2,DK_2,actual_solar_generation,Solar,2026-09-14T14:59:25Z
2026-09-14T14:58:46Z,2026-09-14T16:58:46+0200,6f350c35-df01-49a9-ad50-083ebfd1ddbf,2026-09-13T00:45:00Z,2026-09-13T02:45:00+0200,0.163451,MW,DK2,DK_2,actual_solar_generation,Solar,2026-09-14T14:59:25Z
2026-09-14T14:58:46Z,2026-09-14T16:58:46+0200,6f350c35-df01-49a9-ad50-083ebfd1ddbf,2026-09-13T01:00:00Z,2026-09-13T03:00:00+0200,0.1476,MW,DK2,DK_2,actual_solar_generation,Solar,2026-09-14T14:59:25Z
2026-09-14T14:58:46Z,2026-09-14T16:58:46+0200,6f350c35-df01-49a9-ad50-083ebfd1ddbf,2026-09-13T01:15:00Z,2026-09-13T03:15:00+0200,0.125288,MW,DK2,DK_2,actual_solar_generation,Solar,2026-09-14T14:59:25Z
2026-09-14T14:58:46Z,2026-09-14T16:58:46+0200,6f350c35-df01-49a9-ad50-083ebfd1ddbf,2026-09-13T01:30:00Z,2026-09-13T03:30:00+0200,0.096053,MW,DK2,DK_2,actual_solar_generation,Solar,2026-09-14T14:59:25Z
2026-09-14T14:58:46Z,2026-09-14T16:58:46+0200,6f350c35-df01-49a9-ad50-083ebfd1ddbf,2026-09-13T01:45:00Z,2026-09-13T03:45:00+0200,0.246834,MW,DK2,DK_2,actual_solar_generation,Solar,2026-09-14T14:59:25Z
2026-09-14T14:58:46Z,2026-09-14T16:58:46+0200,6f350c35-df01-49a9-ad50-083ebfd1ddbf,2026-09-13T02:00:00Z,2026-09-13T04:00:00+0200,0.134551,MW,DK2,DK_2,actual_solar_generation,Solar,2026-09-14T14:59:25Z
2026-09-14T14:58:46Z,2026-09-14T16:58:46+0200,6f350c35-df01-49a9-ad50-083ebfd1ddbf,2026-09-13T02:15:00Z,2026-09-13T04:15:00+0200,0.0,MW,DK2,DK_2,actual_solar_generation,Solar,2026-09-14T14:59:25Z
2026-09-14T14:58:46Z,2026-09-14T16:58:46+0200,6f350c35-df01-49a9-ad50-083ebfd1ddbf,2026-09-13T02:30:00Z,2026-09-13T04:30:00+0200,0.0,MW,DK2,DK_2,actual_solar_generation,Solar,2026-09-14T14:59:25Z
2026-09-14T14:58:46Z,2026-09-14T16:58:46+0200,6f350c35-df01-49a9-ad50-083ebfd1ddbf,2026-09-13T02:45:00Z,2026-09-13T04:45:00+0200,0.194241,MW,DK2,DK_2,actual_solar_generation,Solar,2026-09-14T14:59:25Z
2026-09-14T14:58:46Z,2026-09-14T16:58:46+0200,6f350c35-df01-49a9-ad50-083ebfd1ddbf,2026-09-13T03:00:00Z,2026-09-13T05:00:00+0200,0.174105,MW,DK2,DK_2,actual_solar_generation,Solar,2026-09-14T14:59:25Z
2026-09-14T14:58:46Z,2026-09-14T16:58:46+0200,6f350c35-df01-49a9-ad50-083ebfd1ddbf,2026-09-13T03:15:00Z,2026-09-13T05:15:00+0200,0.19513,MW,DK2,DK_2,actual_solar_generation,Solar,2026-09-14T14:59:25Z
2026-09-14T14:58:46Z,2026-09-14T16:58:46+0200,6f350c35-df01-49a9-ad50-083ebfd1ddbf,2026-09-13T03:30:00Z,2026-09-13T05:30:00+0200,0.0,MW,DK2,DK_2,actual_solar_generation,Solar,2026-09-14T14:59:25Z
2026-09-14T14:58:46Z,2026-09-14T16:58:46+0200,6f350c35-df01-49a9-ad50-083ebfd1ddbf,2026-09-13T03:45:00Z,2026-09-13T05:45:00+0200,0.0,MW,DK2,DK_2,actual_solar_generation,Solar,2026-09-14T14:59:25Z
2026-09-14T14:58:46Z,2026-09-14T16:58:46+0200,6f350c35-df01-49a9-ad50-083ebfd1ddbf,2026-09-13T04:00:00Z,2026-09-13T06:00:00+0200,0.287843,MW,DK2,DK_2,actual_solar_generation,Solar,2026-09-14T14:59:25Z
2026-09-14T14:58:46Z,2026-09-14T16:58:46+0200,6f350c35-df01-49a9-ad50-083ebfd1ddbf,2026-09-13T04:15:00Z,2026-09-13T06:15:00+0200,0.0,MW,DK2,DK_2,actual_solar_generation,Solar,2026-09-14T14:59:25Z
2026-09-14T14:58:46Z,2026-09-14T16:58:46+0200,6f350c35-df01-49a9-ad50-083ebfd1ddbf,2026-09-13T04:30:00Z,2026-09-13T06:30:00+0200,0.021344,MW,DK2,DK_2,actual_solar_generation,Solar,2026-09-14T14:59:25Z
2026-09-14T14:58:46Z,2026-09-14T16:58:46+0200,6f350c35-df01-49a9-ad50-083ebfd1ddbf,2026-09-13T04:45:00Z,2026-09-13T06:45:00+0200,0.942355,MW,DK2,DK_2,actual_solar_generation,Solar,2026-09-14T14:59:25Z
2026-09-14T14:58:46Z,2026-09-14T16:58:46+0200,6f350c35-df01-49a9-ad50-083ebfd1ddbf,2026-09-13T05:00:00Z,2026-09-13T07:00:00+0200,7.62086,MW,DK2,DK_2,actual_solar_generation,Solar,2026-09-14T14:59:25Z
2026-09-14T14:58:46Z,2026-09-14T16:58:46+0200,6f350c35-df01-49a9-ad50-083ebfd1ddbf,2026-09-13T05:15:00Z,2026-09-13T07:15:00+0200,18.0514,MW,DK2,DK_2,actual_solar_generation,Solar,2026-09-14T14:59:25Z
2026-09-14T14:58:46Z,2026-09-14T16:58:46+0200,6f350c35-df01-49a9-ad50-083ebfd1ddbf,2026-09-13T05:30:00Z,2026-09-13T07:30:00+0200,31.9736,MW,DK2,DK_2,actual_solar_generation,Solar,2026-09-14T14:59:25Z
2026-09-14T14:58:46Z,2026-09-14T16:58:46+0200,6f350c35-df01-49a9-ad50-083ebfd1ddbf,2026-09-13T05:45:00Z,2026-09-13T07:45:00+0200,43.1869,MW,DK2,DK_2,actual_solar_generation,Solar,2026-09-14T14:59:25Z
2026-09-14T14:58:46Z,2026-09-14T16:58:46+0200,6f350c35-df01-49a9-ad50-083ebfd1ddbf,2026-09-13T06:00:00Z,2026-09-13T08:00:00+0200,55.1126,MW,DK2,DK_2,actual_solar_generation,Solar,2026-09-14T14:59:25Z
2026-09-14T14:58:46Z,2026-09-14T16:58:46+0200,6f350c35-df01-49a9-ad50-083ebfd1ddbf,2026-09-13T06:15:00Z,2026-09-13T08:15:00+0200,90.7683,MW,DK2,DK_2,actual_solar_generation,Solar,2026-09-14T14:59:25Z
2026-09-14T14:58:46Z,2026-09-14T16:58:46+0200,6f350c35-df01-49a9-ad50-083ebfd1ddbf,2026-09-13T06:30:00Z,2026-09-13T08:30:00+0200,110.073,MW,DK2,DK_2,actual_solar_generation,Solar,2026-09-14T14:59:25Z
2026-09-14T14:58:46Z,2026-09-14T16:58:46+0200,6f350c35-df01-49a9-ad50-083ebfd1ddbf,2026-09-13T06:45:00Z,2026-09-13T08:45:00+0200,139.656,MW,DK2,DK_2,actual_solar_generation,Solar,2026-09-14T14:59:25Z
2026-09-14T14:58:46Z,2026-09-14T16:58:46+0200,6f350c35-df01-49a9-ad50-083ebfd1ddbf,2026-09-13T07:00:00Z,2026-09-13T09:00:00+0200,192.937,MW,DK2,DK_2,actual_solar_generation,Solar,2026-09-14T14:59:25Z
2026-09-14T14:58:46Z,2026-09-14T16:58:46+0200,6f350c35-df01-49a9-ad50-083ebfd1ddbf,2026-09-13T07:15:00Z,2026-09-13T09:15:00+0200,187.049,MW,DK2,DK_2,actual_solar_generation,Solar,2026-09-14T14:59:25Z
2026-09-14T14:58:46Z,2026-09-14T16:58:46+0200,6f350c35-df01-49a9-ad50-083ebfd1ddbf,2026-09-13T07:30:00Z,2026-09-13T09:30:00+0200,197.076,MW,DK2,DK_2,actual_solar_generation,Solar,2026-09-14T14:59:25Z
2026-09-14T14:58:46Z,2026-09-14T16:58:46+0200,6f350c35-df01-49a9-ad50-083ebfd1ddbf,2026-09-13T07:45:00Z,2026-09-13T09:45:00+0200,229.748,MW,DK2,DK_2,actual_solar_generation,Solar,2026-09-14T14:59:25Z
2026-09-14T14:58:46Z,2026-09-14T16:58:46+0200,6f350c35-df01-49a9-ad50-083ebfd1ddbf,2026-09-13T08:00:00Z,2026-09-13T10:00:00+0200,309.091,MW,DK2,DK_2,actual_solar_generation,Solar,2026-09-14T14:59:25Z
2026-09-14T14:58:46Z,2026-09-14T16:58:46+0200,6f350c35-df01-49a9-ad50-083ebfd1ddbf,2026-09-13T08:15:00Z,2026-09-13T10:15:00+0200,336.766,MW,DK2,DK_2,actual_solar_generation,Solar,2026-09-14T14:59:25Z
2026-09-14T14:58:46Z,2026-09-14T16:58:46+0200,6f350c35-df01-49a9-ad50-083ebfd1ddbf,2026-09-13T08:30:00Z,2026-09-13T10:30:00+0200,373.898,MW,DK2,DK_2,actual_solar_generation,Solar,2026-09-14T14:59:25Z
2026-09-14T14:58:46Z,2026-09-14T16:58:46+0200,6f350c35-df01-49a9-ad50-083ebfd1ddbf,2026-09-13T08:45:00Z,2026-09-13T10:45:00+0200,434.656,MW,DK2,DK_2,actual_solar_generation,Solar,2026-09-14T14:59:25Z
2026-09-14T14:58:46Z,2026-09-14T16:58:46+0200,6f350c35-df01-49a9-ad50-083ebfd1ddbf,2026-09-13T09:00:00Z,2026-09-13T11:00:00+0200,598.276,MW,DK2,DK_2,actual_solar_generation,Solar,2026-09-14T14:59:25Z
2026-09-14T14:58:46Z,2026-09-14T16:58:46+0200,6f350c35-df01-49a9-ad50-083ebfd1ddbf,2026-09-13T09:15:00Z,2026-09-13T11:15:00+0200,538.172,MW,DK2,DK_2,actual_solar_generation,Solar,2026-09-14T14:59:25Z
2026-09-14T14:58:46Z,2026-09-14T16:58:46+0200,6f350c35-df01-49a9-ad50-083ebfd1ddbf,2026-09-13T09:30:00Z,2026-09-13T11:30:00+0200,598.764,MW,DK2,DK_2,actual_solar_generation,Solar,2026-09-14T14:59:25Z
2026-09-14T14:58:46Z,2026-09-14T16:58:46+0200,6f350c35-df01-49a9-ad50-083ebfd1ddbf,2026-09-13T09:45:00Z,2026-09-13T11:45:00+0200,696.437,MW,DK2,DK_2,actual_solar_generation,Solar,2026-09-14T14:59:25Z
2026-09-14T14:58:46Z,2026-09-14T16:58:46+0200,6f350c35-df01-49a9-ad50-083ebfd1ddbf,2026-09-13T10:00:00Z,2026-09-13T12:00:00+0200,561.329,MW,DK2,DK_2,actual_solar_generation,Solar,2026-09-14T14:59:25Z
2026-09-14T14:58:46Z,2026-09-14T16:58:46+0200,6f350c35-df01-49a9-ad50-083ebfd1ddbf,2026-09-13T10:15:00Z,2026-09-13T12:15:00+0200,543.681,MW,DK2,DK_2,actual_solar_generation,Solar,2026-09-14T14:59:25Z
2026-09-14T14:58:46Z,2026-09-14T16:58:46+0200,6f350c35-df01-49a9-ad50-083ebfd1ddbf,2026-09-13T10:30:00Z,2026-09-13T12:30:00+0200,633.556,MW,DK2,DK_2,actual_solar_generation,Solar,2026-09-14T14:59:25Z
2026-09-14T14:58:46Z,2026-09-14T16:58:46+0200,6f350c35-df01-49a9-ad50-083ebfd1ddbf,2026-09-13T10:45:00Z,2026-09-13T12:45:00+0200,676.33,MW,DK2,DK_2,actual_solar_generation,Solar,2026-09-14T14:59:25Z
2026-09-14T14:58:46Z,2026-09-14T16:58:46+0200,6f350c35-df01-49a9-ad50-083ebfd1ddbf,2026-09-13T11:00:00Z,2026-09-13T13:00:00+0200,728.741,MW,DK2,DK_2,actual_solar_generation,Solar,2026-09-14T14:59:25Z
2026-09-14T14:58:46Z,2026-09-14T16:58:46+0200,6f350c35-df01-49a9-ad50-083ebfd1ddbf,2026-09-13T11:15:00Z,2026-09-13T13:15:00+0200,670.123,MW,DK2,DK_2,actual_solar_generation,Solar,2026-09-14T14:59:25Z
2026-09-14T14:58:46Z,2026-09-14T16:58:46+0200,6f350c35-df01-49a9-ad50-083ebfd1ddbf,2026-09-13T11:30:00Z,2026-09-13T13:30:00+0200,704.251,MW,DK2,DK_2,actual_solar_generation,Solar,2026-09-14T14:59:25Z
2026-09-14T14:58:46Z,2026-09-14T16:58:46+0200,6f350c35-df01-49a9-ad50-083ebfd1ddbf,2026-09-13T11:45:00Z,2026-09-13T13:45:00+0200,557.823,MW,DK2,DK_2,actual_solar_generation,Solar,2026-09-14T14:59:25Z
2026-09-14T14:58:46Z,2026-09-14T16:58:46+0200,6f350c35-df01-49a9-ad50-083ebfd1ddbf,2026-09-13T12:00:00Z,2026-09-13T14:00:00+0200,582.649,MW,DK2,DK_2,actual_solar_generation,Solar,2026-09-14T14:59:25Z
2026-09-14T14:58:46Z,2026-09-14T16:58:46+0200,6f350c35-df01-49a9-ad50-083ebfd1ddbf,2026-09-13T12:15:00Z,2026-09-13T14:15:00+0200,502.689,MW,DK2,DK_2,actual_solar_generation,Solar,2026-09-14T14:59:25Z
2026-09-14T14:58:46Z,2026-09-14T16:58:46+0200,6f350c35-df01-49a9-ad50-083ebfd1ddbf,2026-09-13T12:30:00Z,2026-09-13T14:30:00+0200,469.273,MW,DK2,DK_2,actual_solar_generation,Solar,2026-09-14T14:59:25Z
2026-09-14T14:58:46Z,2026-09-14T16:58:46+0200,6f350c35-df01-49a9-ad50-083ebfd1ddbf,2026-09-13T12:45:00Z,2026-09-13T14:45:00+0200,430.667,MW,DK2,DK_2,actual_solar_generation,Solar,2026-09-14T14:59:25Z
2026-09-14T14:58:46Z,2026-09-14T16:58:46+0200,6f350c35-df01-49a9-ad50-083ebfd1ddbf,2026-09-13T13:00:00Z,2026-09-13T15:00:00+0200,469.714,MW,DK2,DK_2,actual_solar_generation,Solar,2026-09-14T14:59:25Z
2026-09-14T14:58:46Z,2026-09-14T16:58:46+0200,6f350c35-df01-49a9-ad50-083ebfd1ddbf,2026-09-13T13:15:00Z,2026-09-13T15:15:00+0200,454.685,MW,DK2,DK_2,actual_solar_generation,Solar,2026-09-14T14:59:25Z
2026-09-14T14:58:46Z,2026-09-14T16:58:46+0200,6f350c35-df01-49a9-ad50-083ebfd1ddbf,2026-09-13T13:30:00Z,2026-09-13T15:30:00+0200,362.379,MW,DK2,DK_2,actual_solar_generation,Solar,2026-09-14T14:59:25Z
2026-09-14T14:58:46Z,2026-09-14T16:58:46+0200,6f350c35-df01-49a9-ad50-083ebfd1ddbf,2026-09-13T13:45:00Z,2026-09-13T15:45:00+0200,433.818,MW,DK2,DK_2,actual_solar_generation,Solar,2026-09-14T14:59:25Z
2026-09-14T14:58:46Z,2026-09-14T16:58:46+0200,6f350c35-df01-49a9-ad50-083ebfd1ddbf,2026-09-13T14:00:00Z,2026-09-13T16:00:00+0200,314.995,MW,DK2,DK_2,actual_solar_generation,Solar,2026-09-14T14:59:25Z
2026-09-14T14:58:46Z,2026-09-14T16:58:46+0200,6f350c35-df01-49a9-ad50-083ebfd1ddbf,2026-09-13T14:15:00Z,2026-09-13T16:15:00+0200,345.988,MW,DK2,DK_2,actual_solar_generation,Solar,2026-09-14T14:59:25Z
2026-09-14T14:58:46Z,2026-09-14T16:58:46+0200,6f350c35-df01-49a9-ad50-083ebfd1ddbf,2026-09-13T14:30:00Z,2026-09-13T16:30:00+0200,415.887,MW,DK2,DK_2,actual_solar_generation,Solar,2026-09-14T14:59:25Z
2026-09-14T14:58:46Z,2026-09-14T16:58:46+0200,6f350c35-df01-49a9-ad50-083ebfd1ddbf,2026-09-13T14:45:00Z,2026-09-13T16:45:00+0200,365.673,MW,DK2,DK_2,actual_solar_generation,Solar,2026-09-14T14:59:25Z
2026-09-14T14:58:46Z,2026-09-14T16:58:46+0200,6f350c35-df01-49a9-ad50-083ebfd1ddbf,2026-09-13T15:00:00Z,2026-09-13T17:00:00+0200,318.086,MW,DK2,DK_2,actual_solar_generation,Solar,2026-09-14T14:59:25Z
2026-09-14T14:58:46Z,2026-09-14T16:58:46+0200,6f350c35-df01-49a9-ad50-083ebfd1ddbf,2026-09-13T15:15:00Z,2026-09-13T17:15:00+0200,250.662,MW,DK2,DK_2,actual_solar_generation,Solar,2026-09-14T14:59:25Z
2026-09-14T14:58:46Z,2026-09-14T16:58:46+0200,6f350c35-df01-49a9-ad50-083ebfd1ddbf,2026-09-13T15:30:00Z,2026-09-13T17:30:00+0200,197.076,MW,DK2,DK_2,actual_solar_generation,Solar,2026-09-14T14:59:25Z
2026-09-14T14:58:46Z,2026-09-14T16:58:46+0200,6f350c35-df01-49a9-ad50-083ebfd1ddbf,2026-09-13T15:45:00Z,2026-09-13T17:45:00+0200,120.416,MW,DK2,DK_2,actual_solar_generation,Solar,2026-09-14T14:59:25Z
2026-09-14T14:58:46Z,2026-09-14T16:58:46+0200,6f350c35-df01-49a9-ad50-083ebfd1ddbf,2026-09-13T16:00:00Z,2026-09-13T18:00:00+0200,102.143,MW,DK2,DK_2,actual_solar_generation,Solar,2026-09-14T14:59:25Z
2026-09-14T14:58:46Z,2026-09-14T16:58:46+0200,6f350c35-df01-49a9-ad50-083ebfd1ddbf,2026-09-13T16:15:00Z,2026-09-13T18:15:00+0200,88.2543,MW,DK2,DK_2,actual_solar_generation,Solar,2026-09-14T14:59:25Z
2026-09-14T14:58:46Z,2026-09-14T16:58:46+0200,6f350c35-df01-49a9-ad50-083ebfd1ddbf,2026-09-13T16:30:00Z,2026-09-13T18:30:00+0200,56.9037,MW,DK2,DK_2,actual_solar_generation,Solar,2026-09-14T14:59:25Z
2026-09-14T14:58:46Z,2026-09-14T16:58:46+0200,6f350c35-df01-49a9-ad50-083ebfd1ddbf,2026-09-13T16:45:00Z,2026-09-13T18:45:00+0200,41.0041,MW,DK2,DK_2,actual_solar_generation,Solar,2026-09-14T14:59:25Z
2026-09-14T14:58:46Z,2026-09-14T16:58:46+0200,6f350c35-df01-49a9-ad50-083ebfd1ddbf,2026-09-13T17:00:00Z,2026-09-13T19:00:00+0200,19.7251,MW,DK2,DK_2,actual_solar_generation,Solar,2026-09-14T14:59:25Z
2026-09-14T14:58:46Z,2026-09-14T16:58:46+0200,6f350c35-df01-49a9-ad50-083ebfd1ddbf,2026-09-13T17:15:00Z,2026-09-13T19:15:00+0200,7.54967,MW,DK2,DK_2,actual_solar_generation,Solar,2026-09-14T14:59:25Z
2026-09-14T14:58:46Z,2026-09-14T16:58:46+0200,6f350c35-df01-49a9-ad50-083ebfd1ddbf,2026-09-13T17:30:00Z,2026-09-13T19:30:00+0200,2.05378,MW,DK2,DK_2,actual_solar_generation,Solar,2026-09-14T14:59:25Z
2026-09-14T14:58:46Z,2026-09-14T16:58:46+0200,6f350c35-df01-49a9-ad50-083ebfd1ddbf,2026-09-13T17:45:00Z,2026-09-13T19:45:00+0200,2.19126,MW,DK2,DK_2,actual_solar_generation,Solar,2026-09-14T14:59:25Z
2026-09-14T14:58:46Z,2026-09-14T16:58:46+0200,6f350c35-df01-49a9-ad50-083ebfd1ddbf,2026-09-13T18:00:00Z,2026-09-13T20:00:00+0200,2.21379,MW,DK2,DK_2,actual_solar_generation,Solar,2026-09-14T14:59:25Z
2026-09-14T14:58:46Z,2026-09-14T16:58:46+0200,6f350c35-df01-49a9-ad50-083ebfd1ddbf,2026-09-13T18:15:00Z,2026-09-13T20:15:00+0200,2.68141,MW,DK2,DK_2,actual_solar_generation,Solar,2026-09-14T14:59:25Z
2026-09-14T14:58:46Z,2026-09-14T16:58:46+0200,6f350c35-df01-49a9-ad50-083ebfd1ddbf,2026-09-13T18:30:00Z,2026-09-13T20:30:00+0200,0.396927,MW,DK2,DK_2,actual_solar_generation,Solar,2026-09-14T14:59:25Z
2026-09-14T14:58:46Z,2026-09-14T16:58:46+0200,6f350c35-df01-49a9-ad50-083ebfd1ddbf,2026-09-13T18:45:00Z,2026-09-13T20:45:00+0200,0.0,MW,DK2,DK_2,actual_solar_generation,Solar,2026-09-14T14:59:25Z
2026-09-14T14:58:46Z,2026-09-14T16:58:46+0200,6f350c35-df01-49a9-ad50-083ebfd1ddbf,2026-09-13T19:00:00Z,2026-09-13T21:00:00+0200,0.0,MW,DK2,DK_2,actual_solar_generation,Solar,2026-09-14T14:59:25Z
2026-09-14T14:58:46Z,2026-09-14T16:58:46+0200,6f350c35-df01-49a9-ad50-083ebfd1ddbf,2026-09-13T19:15:00Z,2026-09-13T21:15:00+0200,0.933481,MW,DK2,DK_2,actual_solar_generation,Solar,2026-09-14T14:59:25Z
2026-09-14T14:58:46Z,2026-09-14T16:58:46+0200,6f350c35-df01-49a9-ad50-083ebfd1ddbf,2026-09-13T19:30:00Z,2026-09-13T21:30:00+0200,0.0,MW,DK2,DK_2,actual_solar_generation,Solar,2026-09-14T14:59:25Z
2026-09-14T14:58:46Z,2026-09-14T16:58:46+0200,6f350c35-df01-49a9-ad50-083ebfd1ddbf,2026-09-13T19:45:00Z,2026-09-13T21:45:00+0200,0.0,MW,DK2,DK_2,actual_solar_generation,Solar,2026-09-14T14:59:25Z
2026-09-14T14:58:46Z,2026-09-14T16:58:46+0200,6f350c35-df01-49a9-ad50-083ebfd1ddbf,2026-09-13T20:00:00Z,2026-09-13T22:00:00+0200,0.622497,MW,DK2,DK_2,actual_solar_generation,Solar,2026-09-14T14:59:25Z
2026-09-14T14:58:46Z,2026-09-14T16:58:46+0200,6f350c35-df01-49a9-ad50-083ebfd1ddbf,2026-09-13T20:15:00Z,2026-09-13T22:15:00+0200,0.567572,MW,DK2,DK_2,actual_solar_generation,Solar,2026-09-14T14:59:25Z
2026-09-14T14:58:46Z,2026-09-14T16:58:46+0200,6f350c35-df01-49a9-ad50-083ebfd1ddbf,2026-09-13T20:30:00Z,2026-09-13T22:30:00+0200,0.0,MW,DK2,DK_2,actual_solar_generation,Solar,2026-09-14T14:59:25Z
2026-09-14T14:58:46Z,2026-09-14T16:58:46+0200,6f350c35-df01-49a9-ad50-083ebfd1ddbf,2026-09-13T20:45:00Z,2026-09-13T22:45:00+0200,0.0,MW,DK2,DK_2,actual_solar_generation,Solar,2026-09-14T14:59:25Z
2026-09-14T14:58:46Z,2026-09-14T16:58:46+0200,6f350c35-df01-49a9-ad50-083ebfd1ddbf,2026-09-13T21:00:00Z,2026-09-13T23:00:00+0200,0.0,MW,DK2,DK_2,actual_solar_generation,Solar,2026-09-14T14:59:25Z
2026-09-14T14:58:46Z,2026-09-14T16:58:46+0200,6f350c35-df01-49a9-ad50-083ebfd1ddbf,2026-09-13T21:15:00Z,2026-09-13T23:15:00+0200,0.585728,MW,DK2,DK_2,actual_solar_generation,Solar,2026-09-14T14:59:25Z
2026-09-14T14:58:46Z,2026-09-14T16:58:46+0200,6f350c35-df01-49a9-ad50-083ebfd1ddbf,2026-09-13T21:30:00Z,2026-09-13T23:30:00+0200,0.378532,MW,DK2,DK_2,actual_solar_generation,Solar,2026-09-14T14:59:25Z
2026-09-14T14:58:46Z,2026-09-14T16:58:46+0200,6f350c35-df01-49a9-ad50-083ebfd1ddbf,2026-09-13T21:45:00Z,2026-09-13T23:45:00+0200,0.0,MW,DK2,DK_2,actual_solar_generation,Solar,2026-09-14T14:59:25Z
2026-09-14T14:58:46Z,2026-09-14T16:58:46+0200,6f350c35-df01-49a9-ad50-083ebfd1ddbf,2026-09-13T22:00:00Z,2026-09-14T00:00:00+0200,0.0,MW,DK2,DK_2,actual_solar_generation,Solar,2026-09-14T14:59:25Z
2026-09-14T14:58:46Z,2026-09-14T16:58:46+0200,6f350c35-df01-49a9-ad50-083ebfd1ddbf,2026-09-13T22:15:00Z,2026-09-14T00:15:00+0200,0.0,MW,DK2,DK_2,actual_solar_generation,Solar,2026-09-14T14:59:25Z
2026-09-14T14:58:46Z,2026-09-14T16:58:46+0200,6f350c35-df01-49a9-ad50-083ebfd1ddbf,2026-09-13T22:30:00Z,2026-09-14T00:30:00+0200,0.0,MW,DK2,DK_2,actual_solar_generation,Solar,2026-09-14T14:59:25Z
2026-09-14T14:58:46Z,2026-09-14T16:58:46+0200,6f350c35-df01-49a9-ad50-083ebfd1ddbf,2026-09-13T22:45:00Z,2026-09-14T00:45:00+0200,0.192328,MW,DK2,DK_2,actual_solar_generation,Solar,2026-09-14T14:59:25Z
2026-09-14T14:58:46Z,2026-09-14T16:58:46+0200,6f350c35-df01-49a9-ad50-083ebfd1ddbf,2026-09-13T23:00:00Z,2026-09-14T01:00:00+0200,0.288129,MW,DK2,DK_2,actual_solar_generation,Solar,2026-09-14T14:59:25Z
2026-09-14T14:58:46Z,2026-09-14T16:58:46+0200,6f350c35-df01-49a9-ad50-083ebfd1ddbf,2026-09-13T23:15:00Z,2026-09-14T01:15:00+0200,0.2532,MW,DK2,DK_2,actual_solar_generation,Solar,2026-09-14T14:59:25Z
2026-09-14T14:58:46Z,2026-09-14T16:58:46+0200,6f350c35-df01-49a9-ad50-083ebfd1ddbf,2026-09-13T23:30:00Z,2026-09-14T01:30:00+0200,0.214293,MW,DK2,DK_2,actual_solar_generation,Solar,2026-09-14T14:59:25Z
2026-09-14T14:58:46Z,2026-09-14T16:58:46+0200,6f350c35-df01-49a9-ad50-083ebfd1ddbf,2026-09-13T23:45:00Z,2026-09-14T01:45:00+0200,0.375614,MW,DK2,DK_2,actual_solar_generation,Solar,2026-09-14T14:59:25Z
2026-09-14T14:58:46Z,2026-09-14T16:58:46+0200,6f350c35-df01-49a9-ad50-083ebfd1ddbf,2026-09-14T00:00:00Z,2026-09-14T02:00:00+0200,0.434428,MW,DK2,DK_2,actual_solar_generation,Solar,2026-09-14T14:59:25Z
2026-09-14T14:58:46Z,2026-09-14T16:58:46+0200,6f350c35-df01-49a9-ad50-083ebfd1ddbf,2026-09-14T00:15:00Z,2026-09-14T02:15:00+0200,0.189785,MW,DK2,DK_2,actual_solar_generation,Solar,2026-09-14T14:59:25Z
2026-09-14T14:58:46Z,2026-09-14T16:58:46+0200,6f350c35-df01-49a9-ad50-083ebfd1ddbf,2026-09-14T00:30:00Z,2026-09-14T02:30:00+0200,0.089905,MW,DK2,DK_2,actual_solar_generation,Solar,2026-09-14T14:59:25Z
2026-09-14T14:58:46Z,2026-09-14T16:58:46+0200,6f350c35-df01-49a9-ad50-083ebfd1ddbf,2026-09-14T00:45:00Z,2026-09-14T02:45:00+0200,0.342154,MW,DK2,DK_2,actual_solar_generation,Solar,2026-09-14T14:59:25Z
2026-09-14T14:58:46Z,2026-09-14T16:58:46+0200,6f350c35-df01-49a9-ad50-083ebfd1ddbf,2026-09-14T01:00:00Z,2026-09-14T03:00:00+0200,0.32888,MW,DK2,DK_2,actual_solar_generation,Solar,2026-09-14T14:59:25Z
2026-09-14T14:58:46Z,2026-09-14T16:58:46+0200,6f350c35-df01-49a9-ad50-083ebfd1ddbf,2026-09-14T01:15:00Z,2026-09-14T03:15:00+0200,0.591348,MW,DK2,DK_2,actual_solar_generation,Solar,2026-09-14T14:59:25Z
2026-09-14T14:58:46Z,2026-09-14T16:58:46+0200,6f350c35-df01-49a9-ad50-083ebfd1ddbf,2026-09-14T01:30:00Z,2026-09-14T03:30:00+0200,0.53241,MW,DK2,DK_2,actual_solar_generation,Solar,2026-09-14T14:59:25Z
2026-09-14T14:58:46Z,2026-09-14T16:58:46+0200,6f350c35-df01-49a9-ad50-083ebfd1ddbf,2026-09-14T01:45:00Z,2026-09-14T03:45:00+0200,0.193445,MW,DK2,DK_2,actual_solar_generation,Solar,2026-09-14T14:59:25Z
2026-09-14T14:58:46Z,2026-09-14T16:58:46+0200,6f350c35-df01-49a9-ad50-083ebfd1ddbf,2026-09-14T02:00:00Z,2026-09-14T04:00:00+0200,0.0,MW,DK2,DK_2,actual_solar_generation,Solar,2026-09-14T14:59:25Z
2026-09-14T14:58:46Z,2026-09-14T16:58:46+0200,6f350c35-df01-49a9-ad50-083ebfd1ddbf,2026-09-14T02:15:00Z,2026-09-14T04:15:00+0200,0.0,MW,DK2,DK_2,actual_solar_generation,Solar,2026-09-14T14:59:25Z
2026-09-14T14:58:46Z,2026-09-14T16:58:46+0200,6f350c35-df01-49a9-ad50-083ebfd1ddbf,2026-09-14T02:30:00Z,2026-09-14T04:30:00+0200,0.346754,MW,DK2,DK_2,actual_solar_generation,Solar,2026-09-14T14:59:25Z
2026-09-14T14:58:46Z,2026-09-14T16:58:46+0200,6f350c35-df01-49a9-ad50-083ebfd1ddbf,2026-09-14T02:45:00Z,2026-09-14T04:45:00+0200,0.770344,MW,DK2,DK_2,actual_solar_generation,Solar,2026-09-14T14:59:25Z
2026-09-14T14:58:46Z,2026-09-14T16:58:46+0200,6f350c35-df01-49a9-ad50-083ebfd1ddbf,2026-09-14T03:00:00Z,2026-09-14T05:00:00+0200,0.469647,MW,DK2,DK_2,actual_solar_generation,Solar,2026-09-14T14:59:25Z
2026-09-14T14:58:46Z,2026-09-14T16:58:46+0200,6f350c35-df01-49a9-ad50-083ebfd1ddbf,2026-09-14T03:15:00Z,2026-09-14T05:15:00+0200,1.5427,MW,DK2,DK_2,actual_solar_generation,Solar,2026-09-14T14:59:25Z
2026-09-14T14:58:46Z,2026-09-14T16:58:46+0200,6f350c35-df01-49a9-ad50-083ebfd1ddbf,2026-09-14T03:30:00Z,2026-09-14T05:30:00+0200,0.499203,MW,DK2,DK_2,actual_solar_generation,Solar,2026-09-14T14:59:25Z
2026-09-14T14:58:46Z,2026-09-14T16:58:46+0200,6f350c35-df01-49a9-ad50-083ebfd1ddbf,2026-09-14T03:45:00Z,2026-09-14T05:45:00+0200,0.920944,MW,DK2,DK_2,actual_solar_generation,Solar,2026-09-14T14:59:25Z
2026-09-14T14:58:46Z,2026-09-14T16:58:46+0200,6f350c35-df01-49a9-ad50-083ebfd1ddbf,2026-09-14T04:00:00Z,2026-09-14T06:00:00+0200,2.15002,MW,DK2,DK_2,actual_solar_generation,Solar,2026-09-14T14:59:25Z
2026-09-14T14:58:46Z,2026-09-14T16:58:46+0200,6f350c35-df01-49a9-ad50-083ebfd1ddbf,2026-09-14T04:15:00Z,2026-09-14T06:15:00+0200,3.2219,MW,DK2,DK_2,actual_solar_generation,Solar,2026-09-14T14:59:25Z
2026-09-14T14:58:46Z,2026-09-14T16:58:46+0200,6f350c35-df01-49a9-ad50-083ebfd1ddbf,2026-09-14T04:30:00Z,2026-09-14T06:30:00+0200,1.88639,MW,DK2,DK_2,actual_solar_generation,Solar,2026-09-14T14:59:25Z
2026-09-14T14:58:46Z,2026-09-14T16:58:46+0200,6f350c35-df01-49a9-ad50-083ebfd1ddbf,2026-09-14T04:45:00Z,2026-09-14T06:45:00+0200,4.85781,MW,DK2,DK_2,actual_solar_generation,Solar,2026-09-14T14:59:25Z
2026-09-14T14:58:46Z,2026-09-14T16:58:46+0200,6f350c35-df01-49a9-ad50-083ebfd1ddbf,2026-09-14T05:00:00Z,2026-09-14T07:00:00+0200,16.8438,MW,DK2,DK_2,actual_solar_generation,Solar,2026-09-14T14:59:25Z
2026-09-14T14:58:46Z,2026-09-14T16:58:46+0200,6f350c35-df01-49a9-ad50-083ebfd1ddbf,2026-09-14T05:15:00Z,2026-09-14T07:15:00+0200,35.7245,MW,DK2,DK_2,actual_solar_generation,Solar,2026-09-14T14:59:25Z
2026-09-14T14:58:46Z,2026-09-14T16:58:46+0200,6f350c35-df01-49a9-ad50-083ebfd1ddbf,2026-09-14T05:30:00Z,2026-09-14T07:30:00+0200,58.7554,MW,DK2,DK_2,actual_solar_generation,Solar,2026-09-14T14:59:25Z
2026-09-14T14:58:46Z,2026-09-14T16:58:46+0200,6f350c35-df01-49a9-ad50-083ebfd1ddbf,2026-09-14T05:45:00Z,2026-09-14T07:45:00+0200,84.4805,MW,DK2,DK_2,actual_solar_generation,Solar,2026-09-14T14:59:25Z
2026-09-14T14:58:46Z,2026-09-14T16:58:46+0200,6f350c35-df01-49a9-ad50-083ebfd1ddbf,2026-09-14T06:00:00Z,2026-09-14T08:00:00+0200,100.981,MW,DK2,DK_2,actual_solar_generation,Solar,2026-09-14T14:59:25Z
2026-09-14T14:58:46Z,2026-09-14T16:58:46+0200,6f350c35-df01-49a9-ad50-083ebfd1ddbf,2026-09-14T06:15:00Z,2026-09-14T08:15:00+0200,148.819,MW,DK2,DK_2,actual_solar_generation,Solar,2026-09-14T14:59:25Z
2026-09-14T14:58:46Z,2026-09-14T16:58:46+0200,6f350c35-df01-49a9-ad50-083ebfd1ddbf,2026-09-14T06:30:00Z,2026-09-14T08:30:00+0200,191.45,MW,DK2,DK_2,actual_solar_generation,Solar,2026-09-14T14:59:25Z
2026-09-14T14:58:46Z,2026-09-14T16:58:46+0200,6f350c35-df01-49a9-ad50-083ebfd1ddbf,2026-09-14T06:45:00Z,2026-09-14T08:45:00+0200,231.735,MW,DK2,DK_2,actual_solar_generation,Solar,2026-09-14T14:59:25Z
2026-09-14T14:58:46Z,2026-09-14T16:58:46+0200,6f350c35-df01-49a9-ad50-083ebfd1ddbf,2026-09-14T07:00:00Z,2026-09-14T09:00:00+0200,225.975,MW,DK2,DK_2,actual_solar_generation,Solar,2026-09-14T14:59:25Z
2026-09-14T14:58:46Z,2026-09-14T16:58:46+0200,6f350c35-df01-49a9-ad50-083ebfd1ddbf,2026-09-14T07:15:00Z,2026-09-14T09:15:00+0200,340.942,MW,DK2,DK_2,actual_solar_generation,Solar,2026-09-14T14:59:25Z
2026-09-14T14:58:46Z,2026-09-14T16:58:46+0200,6f350c35-df01-49a9-ad50-083ebfd1ddbf,2026-09-14T07:30:00Z,2026-09-14T09:30:00+0200,381.523,MW,DK2,DK_2,actual_solar_generation,Solar,2026-09-14T14:59:25Z
2026-09-14T14:58:46Z,2026-09-14T16:58:46+0200,6f350c35-df01-49a9-ad50-083ebfd1ddbf,2026-09-14T07:45:00Z,2026-09-14T09:45:00+0200,459.06,MW,DK2,DK_2,actual_solar_generation,Solar,2026-09-14T14:59:25Z
2026-09-14T14:58:46Z,2026-09-14T16:58:46+0200,6f350c35-df01-49a9-ad50-083ebfd1ddbf,2026-09-14T08:00:00Z,2026-09-14T10:00:00+0200,493.551,MW,DK2,DK_2,actual_solar_generation,Solar,2026-09-14T14:59:25Z
2026-09-14T14:58:46Z,2026-09-14T16:58:46+0200,6f350c35-df01-49a9-ad50-083ebfd1ddbf,2026-09-14T08:15:00Z,2026-09-14T10:15:00+0200,537.332,MW,DK2,DK_2,actual_solar_generation,Solar,2026-09-14T14:59:25Z
2026-09-14T14:58:46Z,2026-09-14T16:58:46+0200,6f350c35-df01-49a9-ad50-083ebfd1ddbf,2026-09-14T08:30:00Z,2026-09-14T10:30:00+0200,592.51,MW,DK2,DK_2,actual_solar_generation,Solar,2026-09-14T14:59:25Z
2026-09-14T14:58:46Z,2026-09-14T16:58:46+0200,6f350c35-df01-49a9-ad50-083ebfd1ddbf,2026-09-14T08:45:00Z,2026-09-14T10:45:00+0200,635.027,MW,DK2,DK_2,actual_solar_generation,Solar,2026-09-14T14:59:25Z
2026-09-14T14:58:46Z,2026-09-14T16:58:46+0200,6f350c35-df01-49a9-ad50-083ebfd1ddbf,2026-09-14T09:00:00Z,2026-09-14T11:00:00+0200,654.005,MW,DK2,DK_2,actual_solar_generation,Solar,2026-09-14T14:59:25Z
2026-09-14T14:58:46Z,2026-09-14T16:58:46+0200,6f350c35-df01-49a9-ad50-083ebfd1ddbf,2026-09-14T09:15:00Z,2026-09-14T11:15:00+0200,687.943,MW,DK2,DK_2,actual_solar_generation,Solar,2026-09-14T14:59:25Z
2026-09-14T14:58:46Z,2026-09-14T16:58:46+0200,6f350c35-df01-49a9-ad50-083ebfd1ddbf,2026-09-14T09:30:00Z,2026-09-14T11:30:00+0200,709.034,MW,DK2,DK_2,actual_solar_generation,Solar,2026-09-14T14:59:25Z
2026-09-14T14:58:46Z,2026-09-14T16:58:46+0200,6f350c35-df01-49a9-ad50-083ebfd1ddbf,2026-09-14T09:45:00Z,2026-09-14T11:45:00+0200,788.792,MW,DK2,DK_2,actual_solar_generation,Solar,2026-09-14T14:59:25Z
2026-09-14T14:58:46Z,2026-09-14T16:58:46+0200,6f350c35-df01-49a9-ad50-083ebfd1ddbf,2026-09-14T10:00:00Z,2026-09-14T12:00:00+0200,805.65,MW,DK2,DK_2,actual_solar_generation,Solar,2026-09-14T14:59:25Z
2026-09-14T14:58:46Z,2026-09-14T16:58:46+0200,6f350c35-df01-49a9-ad50-083ebfd1ddbf,2026-09-14T10:15:00Z,2026-09-14T12:15:00+0200,811.276,MW,DK2,DK_2,actual_solar_generation,Solar,2026-09-14T14:59:25Z
2026-09-14T14:58:46Z,2026-09-14T16:58:46+0200,6f350c35-df01-49a9-ad50-083ebfd1ddbf,2026-09-14T10:30:00Z,2026-09-14T12:30:00+0200,794.98,MW,DK2,DK_2,actual_solar_generation,Solar,2026-09-14T14:59:25Z
2026-09-14T14:58:46Z,2026-09-14T16:58:46+0200,6f350c35-df01-49a9-ad50-083ebfd1ddbf,2026-09-14T10:45:00Z,2026-09-14T12:45:00+0200,680.624,MW,DK2,DK_2,actual_solar_generation,Solar,2026-09-14T14:59:25Z
2026-09-14T14:58:46Z,2026-09-14T16:58:46+0200,6f350c35-df01-49a9-ad50-083ebfd1ddbf,2026-09-14T11:00:00Z,2026-09-14T13:00:00+0200,784.252,MW,DK2,DK_2,actual_solar_generation,Solar,2026-09-14T14:59:25Z
2026-09-14T14:58:46Z,2026-09-14T16:58:46+0200,6f350c35-df01-49a9-ad50-083ebfd1ddbf,2026-09-14T11:15:00Z,2026-09-14T13:15:00+0200,764.293,MW,DK2,DK_2,actual_solar_generation,Solar,2026-09-14T14:59:25Z
2026-09-14T14:58:46Z,2026-09-14T16:58:46+0200,6f350c35-df01-49a9-ad50-083ebfd1ddbf,2026-09-14T11:30:00Z,2026-09-14T13:30:00+0200,736.652,MW,DK2,DK_2,actual_solar_generation,Solar,2026-09-14T14:59:25Z
2026-09-14T14:58:46Z,2026-09-14T16:58:46+0200,6f350c35-df01-49a9-ad50-083ebfd1ddbf,2026-09-14T11:45:00Z,2026-09-14T13:45:00+0200,728.444,MW,DK2,DK_2,actual_solar_generation,Solar,2026-09-14T14:59:25Z
2026-09-14T14:58:46Z,2026-09-14T16:58:46+0200,6f350c35-df01-49a9-ad50-083ebfd1ddbf,2026-09-14T12:00:00Z,2026-09-14T14:00:00+0200,815.748,MW,DK2,DK_2,actual_solar_generation,Solar,2026-09-14T14:59:25Z
2026-09-14T14:58:46Z,2026-09-14T16:58:46+0200,6f350c35-df01-49a9-ad50-083ebfd1ddbf,2026-09-14T12:15:00Z,2026-09-14T14:15:00+0200,834.054,MW,DK2,DK_2,actual_solar_generation,Solar,2026-09-14T14:59:25Z
2026-09-14T14:58:46Z,2026-09-14T16:58:46+0200,6f350c35-df01-49a9-ad50-083ebfd1ddbf,2026-09-14T12:30:00Z,2026-09-14T14:30:00+0200,825.492,MW,DK2,DK_2,actual_solar_generation,Solar,2026-09-14T14:59:25Z
2026-09-14T14:58:46Z,2026-09-14T16:58:46+0200,6f350c35-df01-49a9-ad50-083ebfd1ddbf,2026-09-14T12:45:00Z,2026-09-14T14:45:00+0200,816.872,MW,DK2,DK_2,actual_solar_generation,Solar,2026-09-14T14:59:25Z
2026-09-14T14:58:46Z,2026-09-14T16:58:46+0200,6f350c35-df01-49a9-ad50-083ebfd1ddbf,2026-09-14T13:00:00Z,2026-09-14T15:00:00+0200,788.795,MW,DK2,DK_2,actual_solar_generation,Solar,2026-09-14T14:59:25Z
2026-09-14T14:58:46Z,2026-09-14T16:58:46+0200,6f350c35-df01-49a9-ad50-083ebfd1ddbf,2026-09-14T13:15:00Z,2026-09-14T15:15:00+0200,763.22,MW,DK2,DK_2,actual_solar_generation,Solar,2026-09-14T14:59:25Z
2026-09-14T14:58:46Z,2026-09-14T16:58:46+0200,6f350c35-df01-49a9-ad50-083ebfd1ddbf,2026-09-14T13:30:00Z,2026-09-14T15:30:00+0200,668.094,MW,DK2,DK_2,actual_solar_generation,Solar,2026-09-14T14:59:25Z
2026-09-14T14:58:46Z,2026-09-14T16:58:46+0200,6f350c35-df01-49a9-ad50-083ebfd1ddbf,2026-09-14T13:45:00Z,2026-09-14T15:45:00+0200,775.364,MW,DK2,DK_2,actual_solar_generation,Solar,2026-09-14T14:59:25Z
