collection_time_utc,collection_time_local,run_id,timestamp_utc,timestamp_local,value,unit,country,entsoe_area,variable,source,updated_at_utc
2026-06-16T08:13:14Z,2026-06-16T10:13:14+0200,dd6516a5-5fe5-4565-873a-e64fa6b54cdc,2026-05-16T08:15:00Z,2026-05-16T10:15:00+0200,9226.8,MW,BE,BE,forecast_load,Forecasted Load,2026-06-16T08:13:23Z
2026-06-16T08:13:14Z,2026-06-16T10:13:14+0200,dd6516a5-5fe5-4565-873a-e64fa6b54cdc,2026-05-16T08:30:00Z,2026-05-16T10:30:00+0200,9274.24,MW,BE,BE,forecast_load,Forecasted Load,2026-06-16T08:13:23Z
2026-06-16T08:13:14Z,2026-06-16T10:13:14+0200,dd6516a5-5fe5-4565-873a-e64fa6b54cdc,2026-05-16T08:45:00Z,2026-05-16T10:45:00+0200,9436.61,MW,BE,BE,forecast_load,Forecasted Load,2026-06-16T08:13:23Z
2026-06-16T08:13:14Z,2026-06-16T10:13:14+0200,dd6516a5-5fe5-4565-873a-e64fa6b54cdc,2026-05-16T09:00:00Z,2026-05-16T11:00:00+0200,9361.57,MW,BE,BE,forecast_load,Forecasted Load,2026-06-16T08:13:23Z
2026-06-16T08:13:14Z,2026-06-16T10:13:14+0200,dd6516a5-5fe5-4565-873a-e64fa6b54cdc,2026-05-16T09:15:00Z,2026-05-16T11:15:00+0200,9429.81,MW,BE,BE,forecast_load,Forecasted Load,2026-06-16T08:13:23Z
2026-06-16T08:13:14Z,2026-06-16T10:13:14+0200,dd6516a5-5fe5-4565-873a-e64fa6b54cdc,2026-05-16T09:30:00Z,2026-05-16T11:30:00+0200,9483.62,MW,BE,BE,forecast_load,Forecasted Load,2026-06-16T08:13:23Z
2026-06-16T08:13:14Z,2026-06-16T10:13:14+0200,dd6516a5-5fe5-4565-873a-e64fa6b54cdc,2026-05-16T09:45:00Z,2026-05-16T11:45:00+0200,9583.45,MW,BE,BE,forecast_load,Forecasted Load,2026-06-16T08:13:23Z
2026-06-16T08:13:14Z,2026-06-16T10:13:14+0200,dd6516a5-5fe5-4565-873a-e64fa6b54cdc,2026-05-16T10:00:00Z,2026-05-16T12:00:00+0200,9595.39,MW,BE,BE,forecast_load,Forecasted Load,2026-06-16T08:13:23Z
2026-06-16T08:13:14Z,2026-06-16T10:13:14+0200,dd6516a5-5fe5-4565-873a-e64fa6b54cdc,2026-05-16T10:15:00Z,2026-05-16T12:15:00+0200,9583.73,MW,BE,BE,forecast_load,Forecasted Load,2026-06-16T08:13:23Z
2026-06-16T08:13:14Z,2026-06-16T10:13:14+0200,dd6516a5-5fe5-4565-873a-e64fa6b54cdc,2026-05-16T10:30:00Z,2026-05-16T12:30:00+0200,9572.46,MW,BE,BE,forecast_load,Forecasted Load,2026-06-16T08:13:23Z
2026-06-16T08:13:14Z,2026-06-16T10:13:14+0200,dd6516a5-5fe5-4565-873a-e64fa6b54cdc,2026-05-16T10:45:00Z,2026-05-16T12:45:00+0200,9563.7,MW,BE,BE,forecast_load,Forecasted Load,2026-06-16T08:13:23Z
2026-06-16T08:13:14Z,2026-06-16T10:13:14+0200,dd6516a5-5fe5-4565-873a-e64fa6b54cdc,2026-05-16T11:00:00Z,2026-05-16T13:00:00+0200,9538.32,MW,BE,BE,forecast_load,Forecasted Load,2026-06-16T08:13:23Z
2026-06-16T08:13:14Z,2026-06-16T10:13:14+0200,dd6516a5-5fe5-4565-873a-e64fa6b54cdc,2026-05-16T11:15:00Z,2026-05-16T13:15:00+0200,9478.52,MW,BE,BE,forecast_load,Forecasted Load,2026-06-16T08:13:23Z
2026-06-16T08:13:14Z,2026-06-16T10:13:14+0200,dd6516a5-5fe5-4565-873a-e64fa6b54cdc,2026-05-16T11:30:00Z,2026-05-16T13:30:00+0200,9438.68,MW,BE,BE,forecast_load,Forecasted Load,2026-06-16T08:13:23Z
2026-06-16T08:13:14Z,2026-06-16T10:13:14+0200,dd6516a5-5fe5-4565-873a-e64fa6b54cdc,2026-05-16T11:45:00Z,2026-05-16T13:45:00+0200,9349.17,MW,BE,BE,forecast_load,Forecasted Load,2026-06-16T08:13:23Z
2026-06-16T08:13:14Z,2026-06-16T10:13:14+0200,dd6516a5-5fe5-4565-873a-e64fa6b54cdc,2026-05-16T12:00:00Z,2026-05-16T14:00:00+0200,9345.24,MW,BE,BE,forecast_load,Forecasted Load,2026-06-16T08:13:23Z
2026-06-16T08:13:14Z,2026-06-16T10:13:14+0200,dd6516a5-5fe5-4565-873a-e64fa6b54cdc,2026-05-16T12:15:00Z,2026-05-16T14:15:00+0200,9260.23,MW,BE,BE,forecast_load,Forecasted Load,2026-06-16T08:13:23Z
2026-06-16T08:13:14Z,2026-06-16T10:13:14+0200,dd6516a5-5fe5-4565-873a-e64fa6b54cdc,2026-05-16T12:30:00Z,2026-05-16T14:30:00+0200,9216.29,MW,BE,BE,forecast_load,Forecasted Load,2026-06-16T08:13:23Z
2026-06-16T08:13:14Z,2026-06-16T10:13:14+0200,dd6516a5-5fe5-4565-873a-e64fa6b54cdc,2026-05-16T12:45:00Z,2026-05-16T14:45:00+0200,9144.51,MW,BE,BE,forecast_load,Forecasted Load,2026-06-16T08:13:23Z
2026-06-16T08:13:14Z,2026-06-16T10:13:14+0200,dd6516a5-5fe5-4565-873a-e64fa6b54cdc,2026-05-16T13:00:00Z,2026-05-16T15:00:00+0200,9155.97,MW,BE,BE,forecast_load,Forecasted Load,2026-06-16T08:13:23Z
2026-06-16T08:13:14Z,2026-06-16T10:13:14+0200,dd6516a5-5fe5-4565-873a-e64fa6b54cdc,2026-05-16T13:15:00Z,2026-05-16T15:15:00+0200,9068.07,MW,BE,BE,forecast_load,Forecasted Load,2026-06-16T08:13:23Z
2026-06-16T08:13:14Z,2026-06-16T10:13:14+0200,dd6516a5-5fe5-4565-873a-e64fa6b54cdc,2026-05-16T13:30:00Z,2026-05-16T15:30:00+0200,9012.47,MW,BE,BE,forecast_load,Forecasted Load,2026-06-16T08:13:23Z
2026-06-16T08:13:14Z,2026-06-16T10:13:14+0200,dd6516a5-5fe5-4565-873a-e64fa6b54cdc,2026-05-16T13:45:00Z,2026-05-16T15:45:00+0200,8926.85,MW,BE,BE,forecast_load,Forecasted Load,2026-06-16T08:13:23Z
2026-06-16T08:13:14Z,2026-06-16T10:13:14+0200,dd6516a5-5fe5-4565-873a-e64fa6b54cdc,2026-05-16T14:00:00Z,2026-05-16T16:00:00+0200,8935.48,MW,BE,BE,forecast_load,Forecasted Load,2026-06-16T08:13:23Z
2026-06-16T08:13:14Z,2026-06-16T10:13:14+0200,dd6516a5-5fe5-4565-873a-e64fa6b54cdc,2026-05-16T14:15:00Z,2026-05-16T16:15:00+0200,8874.71,MW,BE,BE,forecast_load,Forecasted Load,2026-06-16T08:13:23Z
2026-06-16T08:13:14Z,2026-06-16T10:13:14+0200,dd6516a5-5fe5-4565-873a-e64fa6b54cdc,2026-05-16T14:30:00Z,2026-05-16T16:30:00+0200,8823.09,MW,BE,BE,forecast_load,Forecasted Load,2026-06-16T08:13:23Z
2026-06-16T08:13:14Z,2026-06-16T10:13:14+0200,dd6516a5-5fe5-4565-873a-e64fa6b54cdc,2026-05-16T14:45:00Z,2026-05-16T16:45:00+0200,8741.35,MW,BE,BE,forecast_load,Forecasted Load,2026-06-16T08:13:23Z
2026-06-16T08:13:14Z,2026-06-16T10:13:14+0200,dd6516a5-5fe5-4565-873a-e64fa6b54cdc,2026-05-16T15:00:00Z,2026-05-16T17:00:00+0200,8815.75,MW,BE,BE,forecast_load,Forecasted Load,2026-06-16T08:13:23Z
2026-06-16T08:13:14Z,2026-06-16T10:13:14+0200,dd6516a5-5fe5-4565-873a-e64fa6b54cdc,2026-05-16T15:15:00Z,2026-05-16T17:15:00+0200,8746.18,MW,BE,BE,forecast_load,Forecasted Load,2026-06-16T08:13:23Z
2026-06-16T08:13:14Z,2026-06-16T10:13:14+0200,dd6516a5-5fe5-4565-873a-e64fa6b54cdc,2026-05-16T15:30:00Z,2026-05-16T17:30:00+0200,8802.04,MW,BE,BE,forecast_load,Forecasted Load,2026-06-16T08:13:23Z
2026-06-16T08:13:14Z,2026-06-16T10:13:14+0200,dd6516a5-5fe5-4565-873a-e64fa6b54cdc,2026-05-16T15:45:00Z,2026-05-16T17:45:00+0200,8798.46,MW,BE,BE,forecast_load,Forecasted Load,2026-06-16T08:13:23Z
2026-06-16T08:13:14Z,2026-06-16T10:13:14+0200,dd6516a5-5fe5-4565-873a-e64fa6b54cdc,2026-05-16T16:00:00Z,2026-05-16T18:00:00+0200,8926.06,MW,BE,BE,forecast_load,Forecasted Load,2026-06-16T08:13:23Z
2026-06-16T08:13:14Z,2026-06-16T10:13:14+0200,dd6516a5-5fe5-4565-873a-e64fa6b54cdc,2026-05-16T16:15:00Z,2026-05-16T18:15:00+0200,8881.79,MW,BE,BE,forecast_load,Forecasted Load,2026-06-16T08:13:23Z
2026-06-16T08:13:14Z,2026-06-16T10:13:14+0200,dd6516a5-5fe5-4565-873a-e64fa6b54cdc,2026-05-16T16:30:00Z,2026-05-16T18:30:00+0200,8845.49,MW,BE,BE,forecast_load,Forecasted Load,2026-06-16T08:13:23Z
2026-06-16T08:13:14Z,2026-06-16T10:13:14+0200,dd6516a5-5fe5-4565-873a-e64fa6b54cdc,2026-05-16T16:45:00Z,2026-05-16T18:45:00+0200,8780.55,MW,BE,BE,forecast_load,Forecasted Load,2026-06-16T08:13:23Z
2026-06-16T08:13:14Z,2026-06-16T10:13:14+0200,dd6516a5-5fe5-4565-873a-e64fa6b54cdc,2026-05-16T17:00:00Z,2026-05-16T19:00:00+0200,8821.44,MW,BE,BE,forecast_load,Forecasted Load,2026-06-16T08:13:23Z
2026-06-16T08:13:14Z,2026-06-16T10:13:14+0200,dd6516a5-5fe5-4565-873a-e64fa6b54cdc,2026-05-16T17:15:00Z,2026-05-16T19:15:00+0200,8791.89,MW,BE,BE,forecast_load,Forecasted Load,2026-06-16T08:13:23Z
2026-06-16T08:13:14Z,2026-06-16T10:13:14+0200,dd6516a5-5fe5-4565-873a-e64fa6b54cdc,2026-05-16T17:30:00Z,2026-05-16T19:30:00+0200,8776.01,MW,BE,BE,forecast_load,Forecasted Load,2026-06-16T08:13:23Z
2026-06-16T08:13:14Z,2026-06-16T10:13:14+0200,dd6516a5-5fe5-4565-873a-e64fa6b54cdc,2026-05-16T17:45:00Z,2026-05-16T19:45:00+0200,8767.49,MW,BE,BE,forecast_load,Forecasted Load,2026-06-16T08:13:23Z
2026-06-16T08:13:14Z,2026-06-16T10:13:14+0200,dd6516a5-5fe5-4565-873a-e64fa6b54cdc,2026-05-16T18:00:00Z,2026-05-16T20:00:00+0200,8721.1,MW,BE,BE,forecast_load,Forecasted Load,2026-06-16T08:13:23Z
2026-06-16T08:13:14Z,2026-06-16T10:13:14+0200,dd6516a5-5fe5-4565-873a-e64fa6b54cdc,2026-05-16T18:15:00Z,2026-05-16T20:15:00+0200,8667.5,MW,BE,BE,forecast_load,Forecasted Load,2026-06-16T08:13:23Z
2026-06-16T08:13:14Z,2026-06-16T10:13:14+0200,dd6516a5-5fe5-4565-873a-e64fa6b54cdc,2026-05-16T18:30:00Z,2026-05-16T20:30:00+0200,8594.77,MW,BE,BE,forecast_load,Forecasted Load,2026-06-16T08:13:23Z
2026-06-16T08:13:14Z,2026-06-16T10:13:14+0200,dd6516a5-5fe5-4565-873a-e64fa6b54cdc,2026-05-16T18:45:00Z,2026-05-16T20:45:00+0200,8549.08,MW,BE,BE,forecast_load,Forecasted Load,2026-06-16T08:13:23Z
2026-06-16T08:13:14Z,2026-06-16T10:13:14+0200,dd6516a5-5fe5-4565-873a-e64fa6b54cdc,2026-05-16T19:00:00Z,2026-05-16T21:00:00+0200,8560.92,MW,BE,BE,forecast_load,Forecasted Load,2026-06-16T08:13:23Z
2026-06-16T08:13:14Z,2026-06-16T10:13:14+0200,dd6516a5-5fe5-4565-873a-e64fa6b54cdc,2026-05-16T19:15:00Z,2026-05-16T21:15:00+0200,8617.15,MW,BE,BE,forecast_load,Forecasted Load,2026-06-16T08:13:23Z
2026-06-16T08:13:14Z,2026-06-16T10:13:14+0200,dd6516a5-5fe5-4565-873a-e64fa6b54cdc,2026-05-16T19:30:00Z,2026-05-16T21:30:00+0200,8604.03,MW,BE,BE,forecast_load,Forecasted Load,2026-06-16T08:13:23Z
2026-06-16T08:13:14Z,2026-06-16T10:13:14+0200,dd6516a5-5fe5-4565-873a-e64fa6b54cdc,2026-05-16T19:45:00Z,2026-05-16T21:45:00+0200,8567.56,MW,BE,BE,forecast_load,Forecasted Load,2026-06-16T08:13:23Z
2026-06-16T08:13:14Z,2026-06-16T10:13:14+0200,dd6516a5-5fe5-4565-873a-e64fa6b54cdc,2026-05-16T20:00:00Z,2026-05-16T22:00:00+0200,8546.89,MW,BE,BE,forecast_load,Forecasted Load,2026-06-16T08:13:23Z
2026-06-16T08:13:14Z,2026-06-16T10:13:14+0200,dd6516a5-5fe5-4565-873a-e64fa6b54cdc,2026-05-16T20:15:00Z,2026-05-16T22:15:00+0200,8581.29,MW,BE,BE,forecast_load,Forecasted Load,2026-06-16T08:13:23Z
2026-06-16T08:13:14Z,2026-06-16T10:13:14+0200,dd6516a5-5fe5-4565-873a-e64fa6b54cdc,2026-05-16T20:30:00Z,2026-05-16T22:30:00+0200,8531.26,MW,BE,BE,forecast_load,Forecasted Load,2026-06-16T08:13:23Z
2026-06-16T08:13:14Z,2026-06-16T10:13:14+0200,dd6516a5-5fe5-4565-873a-e64fa6b54cdc,2026-05-16T20:45:00Z,2026-05-16T22:45:00+0200,8462.04,MW,BE,BE,forecast_load,Forecasted Load,2026-06-16T08:13:23Z
2026-06-16T08:13:14Z,2026-06-16T10:13:14+0200,dd6516a5-5fe5-4565-873a-e64fa6b54cdc,2026-05-16T21:00:00Z,2026-05-16T23:00:00+0200,8361.35,MW,BE,BE,forecast_load,Forecasted Load,2026-06-16T08:13:23Z
2026-06-16T08:13:14Z,2026-06-16T10:13:14+0200,dd6516a5-5fe5-4565-873a-e64fa6b54cdc,2026-05-16T21:15:00Z,2026-05-16T23:15:00+0200,8241.22,MW,BE,BE,forecast_load,Forecasted Load,2026-06-16T08:13:23Z
2026-06-16T08:13:14Z,2026-06-16T10:13:14+0200,dd6516a5-5fe5-4565-873a-e64fa6b54cdc,2026-05-16T21:30:00Z,2026-05-16T23:30:00+0200,8149.37,MW,BE,BE,forecast_load,Forecasted Load,2026-06-16T08:13:23Z
2026-06-16T08:13:14Z,2026-06-16T10:13:14+0200,dd6516a5-5fe5-4565-873a-e64fa6b54cdc,2026-05-16T21:45:00Z,2026-05-16T23:45:00+0200,8020.14,MW,BE,BE,forecast_load,Forecasted Load,2026-06-16T08:13:23Z
2026-06-16T08:13:14Z,2026-06-16T10:13:14+0200,dd6516a5-5fe5-4565-873a-e64fa6b54cdc,2026-05-16T22:00:00Z,2026-05-17T00:00:00+0200,8131.96,MW,BE,BE,forecast_load,Forecasted Load,2026-06-16T08:13:23Z
2026-06-16T08:13:14Z,2026-06-16T10:13:14+0200,dd6516a5-5fe5-4565-873a-e64fa6b54cdc,2026-05-16T22:15:00Z,2026-05-17T00:15:00+0200,8027.17,MW,BE,BE,forecast_load,Forecasted Load,2026-06-16T08:13:23Z
2026-06-16T08:13:14Z,2026-06-16T10:13:14+0200,dd6516a5-5fe5-4565-873a-e64fa6b54cdc,2026-05-16T22:30:00Z,2026-05-17T00:30:00+0200,7916.12,MW,BE,BE,forecast_load,Forecasted Load,2026-06-16T08:13:23Z
2026-06-16T08:13:14Z,2026-06-16T10:13:14+0200,dd6516a5-5fe5-4565-873a-e64fa6b54cdc,2026-05-16T22:45:00Z,2026-05-17T00:45:00+0200,7795.38,MW,BE,BE,forecast_load,Forecasted Load,2026-06-16T08:13:23Z
2026-06-16T08:13:14Z,2026-06-16T10:13:14+0200,dd6516a5-5fe5-4565-873a-e64fa6b54cdc,2026-05-16T23:00:00Z,2026-05-17T01:00:00+0200,7744.22,MW,BE,BE,forecast_load,Forecasted Load,2026-06-16T08:13:23Z
2026-06-16T08:13:14Z,2026-06-16T10:13:14+0200,dd6516a5-5fe5-4565-873a-e64fa6b54cdc,2026-05-16T23:15:00Z,2026-05-17T01:15:00+0200,7678.8,MW,BE,BE,forecast_load,Forecasted Load,2026-06-16T08:13:23Z
2026-06-16T08:13:14Z,2026-06-16T10:13:14+0200,dd6516a5-5fe5-4565-873a-e64fa6b54cdc,2026-05-16T23:30:00Z,2026-05-17T01:30:00+0200,7635.29,MW,BE,BE,forecast_load,Forecasted Load,2026-06-16T08:13:23Z
2026-06-16T08:13:14Z,2026-06-16T10:13:14+0200,dd6516a5-5fe5-4565-873a-e64fa6b54cdc,2026-05-16T23:45:00Z,2026-05-17T01:45:00+0200,7563.85,MW,BE,BE,forecast_load,Forecasted Load,2026-06-16T08:13:23Z
2026-06-16T08:13:14Z,2026-06-16T10:13:14+0200,dd6516a5-5fe5-4565-873a-e64fa6b54cdc,2026-05-17T00:00:00Z,2026-05-17T02:00:00+0200,7439.34,MW,BE,BE,forecast_load,Forecasted Load,2026-06-16T08:13:23Z
2026-06-16T08:13:14Z,2026-06-16T10:13:14+0200,dd6516a5-5fe5-4565-873a-e64fa6b54cdc,2026-05-17T00:15:00Z,2026-05-17T02:15:00+0200,7382.24,MW,BE,BE,forecast_load,Forecasted Load,2026-06-16T08:13:23Z
2026-06-16T08:13:14Z,2026-06-16T10:13:14+0200,dd6516a5-5fe5-4565-873a-e64fa6b54cdc,2026-05-17T00:30:00Z,2026-05-17T02:30:00+0200,7335.98,MW,BE,BE,forecast_load,Forecasted Load,2026-06-16T08:13:23Z
2026-06-16T08:13:14Z,2026-06-16T10:13:14+0200,dd6516a5-5fe5-4565-873a-e64fa6b54cdc,2026-05-17T00:45:00Z,2026-05-17T02:45:00+0200,7265.59,MW,BE,BE,forecast_load,Forecasted Load,2026-06-16T08:13:23Z
2026-06-16T08:13:14Z,2026-06-16T10:13:14+0200,dd6516a5-5fe5-4565-873a-e64fa6b54cdc,2026-05-17T01:00:00Z,2026-05-17T03:00:00+0200,7213.37,MW,BE,BE,forecast_load,Forecasted Load,2026-06-16T08:13:23Z
2026-06-16T08:13:14Z,2026-06-16T10:13:14+0200,dd6516a5-5fe5-4565-873a-e64fa6b54cdc,2026-05-17T01:15:00Z,2026-05-17T03:15:00+0200,7228.22,MW,BE,BE,forecast_load,Forecasted Load,2026-06-16T08:13:23Z
2026-06-16T08:13:14Z,2026-06-16T10:13:14+0200,dd6516a5-5fe5-4565-873a-e64fa6b54cdc,2026-05-17T01:30:00Z,2026-05-17T03:30:00+0200,7218.44,MW,BE,BE,forecast_load,Forecasted Load,2026-06-16T08:13:23Z
2026-06-16T08:13:14Z,2026-06-16T10:13:14+0200,dd6516a5-5fe5-4565-873a-e64fa6b54cdc,2026-05-17T01:45:00Z,2026-05-17T03:45:00+0200,7194.29,MW,BE,BE,forecast_load,Forecasted Load,2026-06-16T08:13:23Z
2026-06-16T08:13:14Z,2026-06-16T10:13:14+0200,dd6516a5-5fe5-4565-873a-e64fa6b54cdc,2026-05-17T02:00:00Z,2026-05-17T04:00:00+0200,7227.89,MW,BE,BE,forecast_load,Forecasted Load,2026-06-16T08:13:23Z
2026-06-16T08:13:14Z,2026-06-16T10:13:14+0200,dd6516a5-5fe5-4565-873a-e64fa6b54cdc,2026-05-17T02:15:00Z,2026-05-17T04:15:00+0200,7168.48,MW,BE,BE,forecast_load,Forecasted Load,2026-06-16T08:13:23Z
2026-06-16T08:13:14Z,2026-06-16T10:13:14+0200,dd6516a5-5fe5-4565-873a-e64fa6b54cdc,2026-05-17T02:30:00Z,2026-05-17T04:30:00+0200,7148.24,MW,BE,BE,forecast_load,Forecasted Load,2026-06-16T08:13:23Z
2026-06-16T08:13:14Z,2026-06-16T10:13:14+0200,dd6516a5-5fe5-4565-873a-e64fa6b54cdc,2026-05-17T02:45:00Z,2026-05-17T04:45:00+0200,7160.7,MW,BE,BE,forecast_load,Forecasted Load,2026-06-16T08:13:23Z
2026-06-16T08:13:14Z,2026-06-16T10:13:14+0200,dd6516a5-5fe5-4565-873a-e64fa6b54cdc,2026-05-17T03:00:00Z,2026-05-17T05:00:00+0200,7150.92,MW,BE,BE,forecast_load,Forecasted Load,2026-06-16T08:13:23Z
2026-06-16T08:13:14Z,2026-06-16T10:13:14+0200,dd6516a5-5fe5-4565-873a-e64fa6b54cdc,2026-05-17T03:15:00Z,2026-05-17T05:15:00+0200,7216.89,MW,BE,BE,forecast_load,Forecasted Load,2026-06-16T08:13:23Z
2026-06-16T08:13:14Z,2026-06-16T10:13:14+0200,dd6516a5-5fe5-4565-873a-e64fa6b54cdc,2026-05-17T03:30:00Z,2026-05-17T05:30:00+0200,7226.32,MW,BE,BE,forecast_load,Forecasted Load,2026-06-16T08:13:23Z
2026-06-16T08:13:14Z,2026-06-16T10:13:14+0200,dd6516a5-5fe5-4565-873a-e64fa6b54cdc,2026-05-17T03:45:00Z,2026-05-17T05:45:00+0200,7230.66,MW,BE,BE,forecast_load,Forecasted Load,2026-06-16T08:13:23Z
2026-06-16T08:13:14Z,2026-06-16T10:13:14+0200,dd6516a5-5fe5-4565-873a-e64fa6b54cdc,2026-05-17T04:00:00Z,2026-05-17T06:00:00+0200,7257.07,MW,BE,BE,forecast_load,Forecasted Load,2026-06-16T08:13:23Z
2026-06-16T08:13:14Z,2026-06-16T10:13:14+0200,dd6516a5-5fe5-4565-873a-e64fa6b54cdc,2026-05-17T04:15:00Z,2026-05-17T06:15:00+0200,7261.13,MW,BE,BE,forecast_load,Forecasted Load,2026-06-16T08:13:23Z
2026-06-16T08:13:14Z,2026-06-16T10:13:14+0200,dd6516a5-5fe5-4565-873a-e64fa6b54cdc,2026-05-17T04:30:00Z,2026-05-17T06:30:00+0200,7316.48,MW,BE,BE,forecast_load,Forecasted Load,2026-06-16T08:13:23Z
2026-06-16T08:13:14Z,2026-06-16T10:13:14+0200,dd6516a5-5fe5-4565-873a-e64fa6b54cdc,2026-05-17T04:45:00Z,2026-05-17T06:45:00+0200,7368.61,MW,BE,BE,forecast_load,Forecasted Load,2026-06-16T08:13:23Z
2026-06-16T08:13:14Z,2026-06-16T10:13:14+0200,dd6516a5-5fe5-4565-873a-e64fa6b54cdc,2026-05-17T05:00:00Z,2026-05-17T07:00:00+0200,7406.76,MW,BE,BE,forecast_load,Forecasted Load,2026-06-16T08:13:23Z
2026-06-16T08:13:14Z,2026-06-16T10:13:14+0200,dd6516a5-5fe5-4565-873a-e64fa6b54cdc,2026-05-17T05:15:00Z,2026-05-17T07:15:00+0200,7468.29,MW,BE,BE,forecast_load,Forecasted Load,2026-06-16T08:13:23Z
2026-06-16T08:13:14Z,2026-06-16T10:13:14+0200,dd6516a5-5fe5-4565-873a-e64fa6b54cdc,2026-05-17T05:30:00Z,2026-05-17T07:30:00+0200,7634.86,MW,BE,BE,forecast_load,Forecasted Load,2026-06-16T08:13:23Z
2026-06-16T08:13:14Z,2026-06-16T10:13:14+0200,dd6516a5-5fe5-4565-873a-e64fa6b54cdc,2026-05-17T05:45:00Z,2026-05-17T07:45:00+0200,7761.74,MW,BE,BE,forecast_load,Forecasted Load,2026-06-16T08:13:23Z
2026-06-16T08:13:14Z,2026-06-16T10:13:14+0200,dd6516a5-5fe5-4565-873a-e64fa6b54cdc,2026-05-17T06:00:00Z,2026-05-17T08:00:00+0200,7770.09,MW,BE,BE,forecast_load,Forecasted Load,2026-06-16T08:13:23Z
2026-06-16T08:13:14Z,2026-06-16T10:13:14+0200,dd6516a5-5fe5-4565-873a-e64fa6b54cdc,2026-05-17T06:15:00Z,2026-05-17T08:15:00+0200,7873.79,MW,BE,BE,forecast_load,Forecasted Load,2026-06-16T08:13:23Z
2026-06-16T08:13:14Z,2026-06-16T10:13:14+0200,dd6516a5-5fe5-4565-873a-e64fa6b54cdc,2026-05-17T06:30:00Z,2026-05-17T08:30:00+0200,7964.6,MW,BE,BE,forecast_load,Forecasted Load,2026-06-16T08:13:23Z
2026-06-16T08:13:14Z,2026-06-16T10:13:14+0200,dd6516a5-5fe5-4565-873a-e64fa6b54cdc,2026-05-17T06:45:00Z,2026-05-17T08:45:00+0200,8073.03,MW,BE,BE,forecast_load,Forecasted Load,2026-06-16T08:13:23Z
2026-06-16T08:13:14Z,2026-06-16T10:13:14+0200,dd6516a5-5fe5-4565-873a-e64fa6b54cdc,2026-05-17T07:00:00Z,2026-05-17T09:00:00+0200,8137.14,MW,BE,BE,forecast_load,Forecasted Load,2026-06-16T08:13:23Z
2026-06-16T08:13:14Z,2026-06-16T10:13:14+0200,dd6516a5-5fe5-4565-873a-e64fa6b54cdc,2026-05-17T07:15:00Z,2026-05-17T09:15:00+0200,8248.85,MW,BE,BE,forecast_load,Forecasted Load,2026-06-16T08:13:23Z
2026-06-16T08:13:14Z,2026-06-16T10:13:14+0200,dd6516a5-5fe5-4565-873a-e64fa6b54cdc,2026-05-17T07:30:00Z,2026-05-17T09:30:00+0200,8404.19,MW,BE,BE,forecast_load,Forecasted Load,2026-06-16T08:13:23Z
2026-06-16T08:13:14Z,2026-06-16T10:13:14+0200,dd6516a5-5fe5-4565-873a-e64fa6b54cdc,2026-05-17T07:45:00Z,2026-05-17T09:45:00+0200,8561.74,MW,BE,BE,forecast_load,Forecasted Load,2026-06-16T08:13:23Z
2026-06-16T08:13:14Z,2026-06-16T10:13:14+0200,dd6516a5-5fe5-4565-873a-e64fa6b54cdc,2026-05-17T08:00:00Z,2026-05-17T10:00:00+0200,8634.88,MW,BE,BE,forecast_load,Forecasted Load,2026-06-16T08:13:23Z
2026-06-16T08:13:14Z,2026-06-16T10:13:14+0200,dd6516a5-5fe5-4565-873a-e64fa6b54cdc,2026-05-17T08:15:00Z,2026-05-17T10:15:00+0200,8690.91,MW,BE,BE,forecast_load,Forecasted Load,2026-06-16T08:13:23Z
2026-06-16T08:13:14Z,2026-06-16T10:13:14+0200,dd6516a5-5fe5-4565-873a-e64fa6b54cdc,2026-05-17T08:30:00Z,2026-05-17T10:30:00+0200,8748.39,MW,BE,BE,forecast_load,Forecasted Load,2026-06-16T08:13:23Z
2026-06-16T08:13:14Z,2026-06-16T10:13:14+0200,dd6516a5-5fe5-4565-873a-e64fa6b54cdc,2026-05-17T08:45:00Z,2026-05-17T10:45:00+0200,8820.53,MW,BE,BE,forecast_load,Forecasted Load,2026-06-16T08:13:23Z
2026-06-16T08:13:14Z,2026-06-16T10:13:14+0200,dd6516a5-5fe5-4565-873a-e64fa6b54cdc,2026-05-17T09:00:00Z,2026-05-17T11:00:00+0200,8857.96,MW,BE,BE,forecast_load,Forecasted Load,2026-06-16T08:13:23Z
2026-06-16T08:13:14Z,2026-06-16T10:13:14+0200,dd6516a5-5fe5-4565-873a-e64fa6b54cdc,2026-05-17T09:15:00Z,2026-05-17T11:15:00+0200,8976.42,MW,BE,BE,forecast_load,Forecasted Load,2026-06-16T08:13:23Z
2026-06-16T08:13:14Z,2026-06-16T10:13:14+0200,dd6516a5-5fe5-4565-873a-e64fa6b54cdc,2026-05-17T09:30:00Z,2026-05-17T11:30:00+0200,9104.87,MW,BE,BE,forecast_load,Forecasted Load,2026-06-16T08:13:23Z
2026-06-16T08:13:14Z,2026-06-16T10:13:14+0200,dd6516a5-5fe5-4565-873a-e64fa6b54cdc,2026-05-17T09:45:00Z,2026-05-17T11:45:00+0200,9075.21,MW,BE,BE,forecast_load,Forecasted Load,2026-06-16T08:13:23Z
2026-06-16T08:13:14Z,2026-06-16T10:13:14+0200,dd6516a5-5fe5-4565-873a-e64fa6b54cdc,2026-05-17T10:00:00Z,2026-05-17T12:00:00+0200,9137.91,MW,BE,BE,forecast_load,Forecasted Load,2026-06-16T08:13:23Z
2026-06-16T08:13:14Z,2026-06-16T10:13:14+0200,dd6516a5-5fe5-4565-873a-e64fa6b54cdc,2026-05-17T10:15:00Z,2026-05-17T12:15:00+0200,9086.02,MW,BE,BE,forecast_load,Forecasted Load,2026-06-16T08:13:23Z
2026-06-16T08:13:14Z,2026-06-16T10:13:14+0200,dd6516a5-5fe5-4565-873a-e64fa6b54cdc,2026-05-17T10:30:00Z,2026-05-17T12:30:00+0200,9090.36,MW,BE,BE,forecast_load,Forecasted Load,2026-06-16T08:13:23Z
2026-06-16T08:13:14Z,2026-06-16T10:13:14+0200,dd6516a5-5fe5-4565-873a-e64fa6b54cdc,2026-05-17T10:45:00Z,2026-05-17T12:45:00+0200,9068.75,MW,BE,BE,forecast_load,Forecasted Load,2026-06-16T08:13:23Z
2026-06-16T08:13:14Z,2026-06-16T10:13:14+0200,dd6516a5-5fe5-4565-873a-e64fa6b54cdc,2026-05-17T11:00:00Z,2026-05-17T13:00:00+0200,8884.0,MW,BE,BE,forecast_load,Forecasted Load,2026-06-16T08:13:23Z
2026-06-16T08:13:14Z,2026-06-16T10:13:14+0200,dd6516a5-5fe5-4565-873a-e64fa6b54cdc,2026-05-17T11:15:00Z,2026-05-17T13:15:00+0200,8927.68,MW,BE,BE,forecast_load,Forecasted Load,2026-06-16T08:13:23Z
2026-06-16T08:13:14Z,2026-06-16T10:13:14+0200,dd6516a5-5fe5-4565-873a-e64fa6b54cdc,2026-05-17T11:30:00Z,2026-05-17T13:30:00+0200,8963.76,MW,BE,BE,forecast_load,Forecasted Load,2026-06-16T08:13:23Z
2026-06-16T08:13:14Z,2026-06-16T10:13:14+0200,dd6516a5-5fe5-4565-873a-e64fa6b54cdc,2026-05-17T11:45:00Z,2026-05-17T13:45:00+0200,8910.13,MW,BE,BE,forecast_load,Forecasted Load,2026-06-16T08:13:23Z
2026-06-16T08:13:14Z,2026-06-16T10:13:14+0200,dd6516a5-5fe5-4565-873a-e64fa6b54cdc,2026-05-17T12:00:00Z,2026-05-17T14:00:00+0200,8783.93,MW,BE,BE,forecast_load,Forecasted Load,2026-06-16T08:13:23Z
2026-06-16T08:13:14Z,2026-06-16T10:13:14+0200,dd6516a5-5fe5-4565-873a-e64fa6b54cdc,2026-05-17T12:15:00Z,2026-05-17T14:15:00+0200,8696.11,MW,BE,BE,forecast_load,Forecasted Load,2026-06-16T08:13:23Z
2026-06-16T08:13:14Z,2026-06-16T10:13:14+0200,dd6516a5-5fe5-4565-873a-e64fa6b54cdc,2026-05-17T12:30:00Z,2026-05-17T14:30:00+0200,8702.15,MW,BE,BE,forecast_load,Forecasted Load,2026-06-16T08:13:23Z
2026-06-16T08:13:14Z,2026-06-16T10:13:14+0200,dd6516a5-5fe5-4565-873a-e64fa6b54cdc,2026-05-17T12:45:00Z,2026-05-17T14:45:00+0200,8639.04,MW,BE,BE,forecast_load,Forecasted Load,2026-06-16T08:13:23Z
2026-06-16T08:13:14Z,2026-06-16T10:13:14+0200,dd6516a5-5fe5-4565-873a-e64fa6b54cdc,2026-05-17T13:00:00Z,2026-05-17T15:00:00+0200,8764.91,MW,BE,BE,forecast_load,Forecasted Load,2026-06-16T08:13:23Z
2026-06-16T08:13:14Z,2026-06-16T10:13:14+0200,dd6516a5-5fe5-4565-873a-e64fa6b54cdc,2026-05-17T13:15:00Z,2026-05-17T15:15:00+0200,8631.86,MW,BE,BE,forecast_load,Forecasted Load,2026-06-16T08:13:23Z
2026-06-16T08:13:14Z,2026-06-16T10:13:14+0200,dd6516a5-5fe5-4565-873a-e64fa6b54cdc,2026-05-17T13:30:00Z,2026-05-17T15:30:00+0200,8473.13,MW,BE,BE,forecast_load,Forecasted Load,2026-06-16T08:13:23Z
2026-06-16T08:13:14Z,2026-06-16T10:13:14+0200,dd6516a5-5fe5-4565-873a-e64fa6b54cdc,2026-05-17T13:45:00Z,2026-05-17T15:45:00+0200,8312.12,MW,BE,BE,forecast_load,Forecasted Load,2026-06-16T08:13:23Z
2026-06-16T08:13:14Z,2026-06-16T10:13:14+0200,dd6516a5-5fe5-4565-873a-e64fa6b54cdc,2026-05-17T14:00:00Z,2026-05-17T16:00:00+0200,8478.32,MW,BE,BE,forecast_load,Forecasted Load,2026-06-16T08:13:23Z
2026-06-16T08:13:14Z,2026-06-16T10:13:14+0200,dd6516a5-5fe5-4565-873a-e64fa6b54cdc,2026-05-17T14:15:00Z,2026-05-17T16:15:00+0200,8367.88,MW,BE,BE,forecast_load,Forecasted Load,2026-06-16T08:13:23Z
2026-06-16T08:13:14Z,2026-06-16T10:13:14+0200,dd6516a5-5fe5-4565-873a-e64fa6b54cdc,2026-05-17T14:30:00Z,2026-05-17T16:30:00+0200,8282.04,MW,BE,BE,forecast_load,Forecasted Load,2026-06-16T08:13:23Z
2026-06-16T08:13:14Z,2026-06-16T10:13:14+0200,dd6516a5-5fe5-4565-873a-e64fa6b54cdc,2026-05-17T14:45:00Z,2026-05-17T16:45:00+0200,8200.22,MW,BE,BE,forecast_load,Forecasted Load,2026-06-16T08:13:23Z
2026-06-16T08:13:14Z,2026-06-16T10:13:14+0200,dd6516a5-5fe5-4565-873a-e64fa6b54cdc,2026-05-17T15:00:00Z,2026-05-17T17:00:00+0200,8279.03,MW,BE,BE,forecast_load,Forecasted Load,2026-06-16T08:13:23Z
2026-06-16T08:13:14Z,2026-06-16T10:13:14+0200,dd6516a5-5fe5-4565-873a-e64fa6b54cdc,2026-05-17T15:15:00Z,2026-05-17T17:15:00+0200,8315.52,MW,BE,BE,forecast_load,Forecasted Load,2026-06-16T08:13:23Z
2026-06-16T08:13:14Z,2026-06-16T10:13:14+0200,dd6516a5-5fe5-4565-873a-e64fa6b54cdc,2026-05-17T15:30:00Z,2026-05-17T17:30:00+0200,8377.92,MW,BE,BE,forecast_load,Forecasted Load,2026-06-16T08:13:23Z
2026-06-16T08:13:14Z,2026-06-16T10:13:14+0200,dd6516a5-5fe5-4565-873a-e64fa6b54cdc,2026-05-17T15:45:00Z,2026-05-17T17:45:00+0200,8393.26,MW,BE,BE,forecast_load,Forecasted Load,2026-06-16T08:13:23Z
2026-06-16T08:13:14Z,2026-06-16T10:13:14+0200,dd6516a5-5fe5-4565-873a-e64fa6b54cdc,2026-05-17T16:00:00Z,2026-05-17T18:00:00+0200,8475.34,MW,BE,BE,forecast_load,Forecasted Load,2026-06-16T08:13:23Z
2026-06-16T08:13:14Z,2026-06-16T10:13:14+0200,dd6516a5-5fe5-4565-873a-e64fa6b54cdc,2026-05-17T16:15:00Z,2026-05-17T18:15:00+0200,8543.92,MW,BE,BE,forecast_load,Forecasted Load,2026-06-16T08:13:23Z
2026-06-16T08:13:14Z,2026-06-16T10:13:14+0200,dd6516a5-5fe5-4565-873a-e64fa6b54cdc,2026-05-17T16:30:00Z,2026-05-17T18:30:00+0200,8653.57,MW,BE,BE,forecast_load,Forecasted Load,2026-06-16T08:13:23Z
2026-06-16T08:13:14Z,2026-06-16T10:13:14+0200,dd6516a5-5fe5-4565-873a-e64fa6b54cdc,2026-05-17T16:45:00Z,2026-05-17T18:45:00+0200,8739.71,MW,BE,BE,forecast_load,Forecasted Load,2026-06-16T08:13:23Z
2026-06-16T08:13:14Z,2026-06-16T10:13:14+0200,dd6516a5-5fe5-4565-873a-e64fa6b54cdc,2026-05-17T17:00:00Z,2026-05-17T19:00:00+0200,8886.85,MW,BE,BE,forecast_load,Forecasted Load,2026-06-16T08:13:23Z
2026-06-16T08:13:14Z,2026-06-16T10:13:14+0200,dd6516a5-5fe5-4565-873a-e64fa6b54cdc,2026-05-17T17:15:00Z,2026-05-17T19:15:00+0200,8854.08,MW,BE,BE,forecast_load,Forecasted Load,2026-06-16T08:13:23Z
2026-06-16T08:13:14Z,2026-06-16T10:13:14+0200,dd6516a5-5fe5-4565-873a-e64fa6b54cdc,2026-05-17T17:30:00Z,2026-05-17T19:30:00+0200,8864.17,MW,BE,BE,forecast_load,Forecasted Load,2026-06-16T08:13:23Z
2026-06-16T08:13:14Z,2026-06-16T10:13:14+0200,dd6516a5-5fe5-4565-873a-e64fa6b54cdc,2026-05-17T17:45:00Z,2026-05-17T19:45:00+0200,8831.73,MW,BE,BE,forecast_load,Forecasted Load,2026-06-16T08:13:23Z
2026-06-16T08:13:14Z,2026-06-16T10:13:14+0200,dd6516a5-5fe5-4565-873a-e64fa6b54cdc,2026-05-17T18:00:00Z,2026-05-17T20:00:00+0200,8945.7,MW,BE,BE,forecast_load,Forecasted Load,2026-06-16T08:13:23Z
2026-06-16T08:13:14Z,2026-06-16T10:13:14+0200,dd6516a5-5fe5-4565-873a-e64fa6b54cdc,2026-05-17T18:15:00Z,2026-05-17T20:15:00+0200,8906.82,MW,BE,BE,forecast_load,Forecasted Load,2026-06-16T08:13:23Z
2026-06-16T08:13:14Z,2026-06-16T10:13:14+0200,dd6516a5-5fe5-4565-873a-e64fa6b54cdc,2026-05-17T18:30:00Z,2026-05-17T20:30:00+0200,8851.08,MW,BE,BE,forecast_load,Forecasted Load,2026-06-16T08:13:23Z
2026-06-16T08:13:14Z,2026-06-16T10:13:14+0200,dd6516a5-5fe5-4565-873a-e64fa6b54cdc,2026-05-17T18:45:00Z,2026-05-17T20:45:00+0200,8881.91,MW,BE,BE,forecast_load,Forecasted Load,2026-06-16T08:13:23Z
2026-06-16T08:13:14Z,2026-06-16T10:13:14+0200,dd6516a5-5fe5-4565-873a-e64fa6b54cdc,2026-05-17T19:00:00Z,2026-05-17T21:00:00+0200,8849.37,MW,BE,BE,forecast_load,Forecasted Load,2026-06-16T08:13:23Z
2026-06-16T08:13:14Z,2026-06-16T10:13:14+0200,dd6516a5-5fe5-4565-873a-e64fa6b54cdc,2026-05-17T19:15:00Z,2026-05-17T21:15:00+0200,8897.39,MW,BE,BE,forecast_load,Forecasted Load,2026-06-16T08:13:23Z
2026-06-16T08:13:14Z,2026-06-16T10:13:14+0200,dd6516a5-5fe5-4565-873a-e64fa6b54cdc,2026-05-17T19:30:00Z,2026-05-17T21:30:00+0200,8919.02,MW,BE,BE,forecast_load,Forecasted Load,2026-06-16T08:13:23Z
2026-06-16T08:13:14Z,2026-06-16T10:13:14+0200,dd6516a5-5fe5-4565-873a-e64fa6b54cdc,2026-05-17T19:45:00Z,2026-05-17T21:45:00+0200,8860.98,MW,BE,BE,forecast_load,Forecasted Load,2026-06-16T08:13:23Z
2026-06-16T08:13:14Z,2026-06-16T10:13:14+0200,dd6516a5-5fe5-4565-873a-e64fa6b54cdc,2026-05-17T20:00:00Z,2026-05-17T22:00:00+0200,8805.47,MW,BE,BE,forecast_load,Forecasted Load,2026-06-16T08:13:23Z
2026-06-16T08:13:14Z,2026-06-16T10:13:14+0200,dd6516a5-5fe5-4565-873a-e64fa6b54cdc,2026-05-17T20:15:00Z,2026-05-17T22:15:00+0200,8766.91,MW,BE,BE,forecast_load,Forecasted Load,2026-06-16T08:13:23Z
2026-06-16T08:13:14Z,2026-06-16T10:13:14+0200,dd6516a5-5fe5-4565-873a-e64fa6b54cdc,2026-05-17T20:30:00Z,2026-05-17T22:30:00+0200,8704.56,MW,BE,BE,forecast_load,Forecasted Load,2026-06-16T08:13:23Z
2026-06-16T08:13:14Z,2026-06-16T10:13:14+0200,dd6516a5-5fe5-4565-873a-e64fa6b54cdc,2026-05-17T20:45:00Z,2026-05-17T22:45:00+0200,8641.36,MW,BE,BE,forecast_load,Forecasted Load,2026-06-16T08:13:23Z
2026-06-16T08:13:14Z,2026-06-16T10:13:14+0200,dd6516a5-5fe5-4565-873a-e64fa6b54cdc,2026-05-17T21:00:00Z,2026-05-17T23:00:00+0200,8463.44,MW,BE,BE,forecast_load,Forecasted Load,2026-06-16T08:13:23Z
2026-06-16T08:13:14Z,2026-06-16T10:13:14+0200,dd6516a5-5fe5-4565-873a-e64fa6b54cdc,2026-05-17T21:15:00Z,2026-05-17T23:15:00+0200,8333.46,MW,BE,BE,forecast_load,Forecasted Load,2026-06-16T08:13:23Z
2026-06-16T08:13:14Z,2026-06-16T10:13:14+0200,dd6516a5-5fe5-4565-873a-e64fa6b54cdc,2026-05-17T21:30:00Z,2026-05-17T23:30:00+0200,8219.85,MW,BE,BE,forecast_load,Forecasted Load,2026-06-16T08:13:23Z
2026-06-16T08:13:14Z,2026-06-16T10:13:14+0200,dd6516a5-5fe5-4565-873a-e64fa6b54cdc,2026-05-17T21:45:00Z,2026-05-17T23:45:00+0200,8113.9,MW,BE,BE,forecast_load,Forecasted Load,2026-06-16T08:13:23Z
2026-06-16T08:13:14Z,2026-06-16T10:13:14+0200,dd6516a5-5fe5-4565-873a-e64fa6b54cdc,2026-05-17T22:00:00Z,2026-05-18T00:00:00+0200,7952.98,MW,BE,BE,forecast_load,Forecasted Load,2026-06-16T08:13:23Z
2026-06-16T08:13:14Z,2026-06-16T10:13:14+0200,dd6516a5-5fe5-4565-873a-e64fa6b54cdc,2026-05-17T22:15:00Z,2026-05-18T00:15:00+0200,7849.55,MW,BE,BE,forecast_load,Forecasted Load,2026-06-16T08:13:23Z
2026-06-16T08:13:14Z,2026-06-16T10:13:14+0200,dd6516a5-5fe5-4565-873a-e64fa6b54cdc,2026-05-17T22:30:00Z,2026-05-18T00:30:00+0200,7746.38,MW,BE,BE,forecast_load,Forecasted Load,2026-06-16T08:13:23Z
2026-06-16T08:13:14Z,2026-06-16T10:13:14+0200,dd6516a5-5fe5-4565-873a-e64fa6b54cdc,2026-05-17T22:45:00Z,2026-05-18T00:45:00+0200,7718.23,MW,BE,BE,forecast_load,Forecasted Load,2026-06-16T08:13:23Z
2026-06-16T08:13:14Z,2026-06-16T10:13:14+0200,dd6516a5-5fe5-4565-873a-e64fa6b54cdc,2026-05-17T23:00:00Z,2026-05-18T01:00:00+0200,7665.46,MW,BE,BE,forecast_load,Forecasted Load,2026-06-16T08:13:23Z
2026-06-16T08:13:14Z,2026-06-16T10:13:14+0200,dd6516a5-5fe5-4565-873a-e64fa6b54cdc,2026-05-17T23:15:00Z,2026-05-18T01:15:00+0200,7618.26,MW,BE,BE,forecast_load,Forecasted Load,2026-06-16T08:13:23Z
2026-06-16T08:13:14Z,2026-06-16T10:13:14+0200,dd6516a5-5fe5-4565-873a-e64fa6b54cdc,2026-05-17T23:30:00Z,2026-05-18T01:30:00+0200,7507.8,MW,BE,BE,forecast_load,Forecasted Load,2026-06-16T08:13:23Z
2026-06-16T08:13:14Z,2026-06-16T10:13:14+0200,dd6516a5-5fe5-4565-873a-e64fa6b54cdc,2026-05-17T23:45:00Z,2026-05-18T01:45:00+0200,7476.53,MW,BE,BE,forecast_load,Forecasted Load,2026-06-16T08:13:23Z
2026-06-16T08:13:14Z,2026-06-16T10:13:14+0200,dd6516a5-5fe5-4565-873a-e64fa6b54cdc,2026-05-18T00:00:00Z,2026-05-18T02:00:00+0200,7274.28,MW,BE,BE,forecast_load,Forecasted Load,2026-06-16T08:13:23Z
2026-06-16T08:13:14Z,2026-06-16T10:13:14+0200,dd6516a5-5fe5-4565-873a-e64fa6b54cdc,2026-05-18T00:15:00Z,2026-05-18T02:15:00+0200,7217.43,MW,BE,BE,forecast_load,Forecasted Load,2026-06-16T08:13:23Z
2026-06-16T08:13:14Z,2026-06-16T10:13:14+0200,dd6516a5-5fe5-4565-873a-e64fa6b54cdc,2026-05-18T00:30:00Z,2026-05-18T02:30:00+0200,7209.85,MW,BE,BE,forecast_load,Forecasted Load,2026-06-16T08:13:23Z
2026-06-16T08:13:14Z,2026-06-16T10:13:14+0200,dd6516a5-5fe5-4565-873a-e64fa6b54cdc,2026-05-18T00:45:00Z,2026-05-18T02:45:00+0200,7166.54,MW,BE,BE,forecast_load,Forecasted Load,2026-06-16T08:13:23Z
2026-06-16T08:13:14Z,2026-06-16T10:13:14+0200,dd6516a5-5fe5-4565-873a-e64fa6b54cdc,2026-05-18T01:00:00Z,2026-05-18T03:00:00+0200,7125.91,MW,BE,BE,forecast_load,Forecasted Load,2026-06-16T08:13:23Z
2026-06-16T08:13:14Z,2026-06-16T10:13:14+0200,dd6516a5-5fe5-4565-873a-e64fa6b54cdc,2026-05-18T01:15:00Z,2026-05-18T03:15:00+0200,7081.88,MW,BE,BE,forecast_load,Forecasted Load,2026-06-16T08:13:23Z
2026-06-16T08:13:14Z,2026-06-16T10:13:14+0200,dd6516a5-5fe5-4565-873a-e64fa6b54cdc,2026-05-18T01:30:00Z,2026-05-18T03:30:00+0200,7113.48,MW,BE,BE,forecast_load,Forecasted Load,2026-06-16T08:13:23Z
2026-06-16T08:13:14Z,2026-06-16T10:13:14+0200,dd6516a5-5fe5-4565-873a-e64fa6b54cdc,2026-05-18T01:45:00Z,2026-05-18T03:45:00+0200,7130.15,MW,BE,BE,forecast_load,Forecasted Load,2026-06-16T08:13:23Z
2026-06-16T08:13:14Z,2026-06-16T10:13:14+0200,dd6516a5-5fe5-4565-873a-e64fa6b54cdc,2026-05-18T02:00:00Z,2026-05-18T04:00:00+0200,7134.67,MW,BE,BE,forecast_load,Forecasted Load,2026-06-16T08:13:23Z
2026-06-16T08:13:14Z,2026-06-16T10:13:14+0200,dd6516a5-5fe5-4565-873a-e64fa6b54cdc,2026-05-18T02:15:00Z,2026-05-18T04:15:00+0200,7137.41,MW,BE,BE,forecast_load,Forecasted Load,2026-06-16T08:13:23Z
2026-06-16T08:13:14Z,2026-06-16T10:13:14+0200,dd6516a5-5fe5-4565-873a-e64fa6b54cdc,2026-05-18T02:30:00Z,2026-05-18T04:30:00+0200,7154.18,MW,BE,BE,forecast_load,Forecasted Load,2026-06-16T08:13:23Z
2026-06-16T08:13:14Z,2026-06-16T10:13:14+0200,dd6516a5-5fe5-4565-873a-e64fa6b54cdc,2026-05-18T02:45:00Z,2026-05-18T04:45:00+0200,7235.83,MW,BE,BE,forecast_load,Forecasted Load,2026-06-16T08:13:23Z
2026-06-16T08:13:14Z,2026-06-16T10:13:14+0200,dd6516a5-5fe5-4565-873a-e64fa6b54cdc,2026-05-18T03:00:00Z,2026-05-18T05:00:00+0200,7357.86,MW,BE,BE,forecast_load,Forecasted Load,2026-06-16T08:13:23Z
2026-06-16T08:13:14Z,2026-06-16T10:13:14+0200,dd6516a5-5fe5-4565-873a-e64fa6b54cdc,2026-05-18T03:15:00Z,2026-05-18T05:15:00+0200,7497.13,MW,BE,BE,forecast_load,Forecasted Load,2026-06-16T08:13:23Z
2026-06-16T08:13:14Z,2026-06-16T10:13:14+0200,dd6516a5-5fe5-4565-873a-e64fa6b54cdc,2026-05-18T03:30:00Z,2026-05-18T05:30:00+0200,7627.76,MW,BE,BE,forecast_load,Forecasted Load,2026-06-16T08:13:23Z
2026-06-16T08:13:14Z,2026-06-16T10:13:14+0200,dd6516a5-5fe5-4565-873a-e64fa6b54cdc,2026-05-18T03:45:00Z,2026-05-18T05:45:00+0200,7757.18,MW,BE,BE,forecast_load,Forecasted Load,2026-06-16T08:13:23Z
2026-06-16T08:13:14Z,2026-06-16T10:13:14+0200,dd6516a5-5fe5-4565-873a-e64fa6b54cdc,2026-05-18T04:00:00Z,2026-05-18T06:00:00+0200,8079.52,MW,BE,BE,forecast_load,Forecasted Load,2026-06-16T08:13:23Z
2026-06-16T08:13:14Z,2026-06-16T10:13:14+0200,dd6516a5-5fe5-4565-873a-e64fa6b54cdc,2026-05-18T04:15:00Z,2026-05-18T06:15:00+0200,8267.52,MW,BE,BE,forecast_load,Forecasted Load,2026-06-16T08:13:23Z
2026-06-16T08:13:14Z,2026-06-16T10:13:14+0200,dd6516a5-5fe5-4565-873a-e64fa6b54cdc,2026-05-18T04:30:00Z,2026-05-18T06:30:00+0200,8469.8,MW,BE,BE,forecast_load,Forecasted Load,2026-06-16T08:13:23Z
2026-06-16T08:13:14Z,2026-06-16T10:13:14+0200,dd6516a5-5fe5-4565-873a-e64fa6b54cdc,2026-05-18T04:45:00Z,2026-05-18T06:45:00+0200,8669.16,MW,BE,BE,forecast_load,Forecasted Load,2026-06-16T08:13:23Z
2026-06-16T08:13:14Z,2026-06-16T10:13:14+0200,dd6516a5-5fe5-4565-873a-e64fa6b54cdc,2026-05-18T05:00:00Z,2026-05-18T07:00:00+0200,8960.02,MW,BE,BE,forecast_load,Forecasted Load,2026-06-16T08:13:23Z
2026-06-16T08:13:14Z,2026-06-16T10:13:14+0200,dd6516a5-5fe5-4565-873a-e64fa6b54cdc,2026-05-18T05:15:00Z,2026-05-18T07:15:00+0200,9194.78,MW,BE,BE,forecast_load,Forecasted Load,2026-06-16T08:13:23Z
2026-06-16T08:13:14Z,2026-06-16T10:13:14+0200,dd6516a5-5fe5-4565-873a-e64fa6b54cdc,2026-05-18T05:30:00Z,2026-05-18T07:30:00+0200,9428.14,MW,BE,BE,forecast_load,Forecasted Load,2026-06-16T08:13:23Z
2026-06-16T08:13:14Z,2026-06-16T10:13:14+0200,dd6516a5-5fe5-4565-873a-e64fa6b54cdc,2026-05-18T05:45:00Z,2026-05-18T07:45:00+0200,9634.81,MW,BE,BE,forecast_load,Forecasted Load,2026-06-16T08:13:23Z
2026-06-16T08:13:14Z,2026-06-16T10:13:14+0200,dd6516a5-5fe5-4565-873a-e64fa6b54cdc,2026-05-18T06:00:00Z,2026-05-18T08:00:00+0200,9705.26,MW,BE,BE,forecast_load,Forecasted Load,2026-06-16T08:13:23Z
2026-06-16T08:13:14Z,2026-06-16T10:13:14+0200,dd6516a5-5fe5-4565-873a-e64fa6b54cdc,2026-05-18T06:15:00Z,2026-05-18T08:15:00+0200,9913.93,MW,BE,BE,forecast_load,Forecasted Load,2026-06-16T08:13:23Z
2026-06-16T08:13:14Z,2026-06-16T10:13:14+0200,dd6516a5-5fe5-4565-873a-e64fa6b54cdc,2026-05-18T06:30:00Z,2026-05-18T08:30:00+0200,10079.1,MW,BE,BE,forecast_load,Forecasted Load,2026-06-16T08:13:23Z
2026-06-16T08:13:14Z,2026-06-16T10:13:14+0200,dd6516a5-5fe5-4565-873a-e64fa6b54cdc,2026-05-18T06:45:00Z,2026-05-18T08:45:00+0200,10302.21,MW,BE,BE,forecast_load,Forecasted Load,2026-06-16T08:13:23Z
2026-06-16T08:13:14Z,2026-06-16T10:13:14+0200,dd6516a5-5fe5-4565-873a-e64fa6b54cdc,2026-05-18T07:00:00Z,2026-05-18T09:00:00+0200,10297.25,MW,BE,BE,forecast_load,Forecasted Load,2026-06-16T08:13:23Z
2026-06-16T08:13:14Z,2026-06-16T10:13:14+0200,dd6516a5-5fe5-4565-873a-e64fa6b54cdc,2026-05-18T07:15:00Z,2026-05-18T09:15:00+0200,10345.88,MW,BE,BE,forecast_load,Forecasted Load,2026-06-16T08:13:23Z
2026-06-16T08:13:14Z,2026-06-16T10:13:14+0200,dd6516a5-5fe5-4565-873a-e64fa6b54cdc,2026-05-18T07:30:00Z,2026-05-18T09:30:00+0200,10385.18,MW,BE,BE,forecast_load,Forecasted Load,2026-06-16T08:13:23Z
2026-06-16T08:13:14Z,2026-06-16T10:13:14+0200,dd6516a5-5fe5-4565-873a-e64fa6b54cdc,2026-05-18T07:45:00Z,2026-05-18T09:45:00+0200,10453.48,MW,BE,BE,forecast_load,Forecasted Load,2026-06-16T08:13:23Z
2026-06-16T08:13:14Z,2026-06-16T10:13:14+0200,dd6516a5-5fe5-4565-873a-e64fa6b54cdc,2026-05-18T08:00:00Z,2026-05-18T10:00:00+0200,10502.63,MW,BE,BE,forecast_load,Forecasted Load,2026-06-16T08:13:23Z
2026-06-16T08:13:14Z,2026-06-16T10:13:14+0200,dd6516a5-5fe5-4565-873a-e64fa6b54cdc,2026-05-18T08:15:00Z,2026-05-18T10:15:00+0200,10473.44,MW,BE,BE,forecast_load,Forecasted Load,2026-06-16T08:13:23Z
2026-06-16T08:13:14Z,2026-06-16T10:13:14+0200,dd6516a5-5fe5-4565-873a-e64fa6b54cdc,2026-05-18T08:30:00Z,2026-05-18T10:30:00+0200,10426.77,MW,BE,BE,forecast_load,Forecasted Load,2026-06-16T08:13:23Z
2026-06-16T08:13:14Z,2026-06-16T10:13:14+0200,dd6516a5-5fe5-4565-873a-e64fa6b54cdc,2026-05-18T08:45:00Z,2026-05-18T10:45:00+0200,10464.35,MW,BE,BE,forecast_load,Forecasted Load,2026-06-16T08:13:23Z
2026-06-16T08:13:14Z,2026-06-16T10:13:14+0200,dd6516a5-5fe5-4565-873a-e64fa6b54cdc,2026-05-18T09:00:00Z,2026-05-18T11:00:00+0200,10498.14,MW,BE,BE,forecast_load,Forecasted Load,2026-06-16T08:13:23Z
2026-06-16T08:13:14Z,2026-06-16T10:13:14+0200,dd6516a5-5fe5-4565-873a-e64fa6b54cdc,2026-05-18T09:15:00Z,2026-05-18T11:15:00+0200,10558.31,MW,BE,BE,forecast_load,Forecasted Load,2026-06-16T08:13:23Z
2026-06-16T08:13:14Z,2026-06-16T10:13:14+0200,dd6516a5-5fe5-4565-873a-e64fa6b54cdc,2026-05-18T09:30:00Z,2026-05-18T11:30:00+0200,10593.12,MW,BE,BE,forecast_load,Forecasted Load,2026-06-16T08:13:23Z
2026-06-16T08:13:14Z,2026-06-16T10:13:14+0200,dd6516a5-5fe5-4565-873a-e64fa6b54cdc,2026-05-18T09:45:00Z,2026-05-18T11:45:00+0200,10615.25,MW,BE,BE,forecast_load,Forecasted Load,2026-06-16T08:13:23Z
2026-06-16T08:13:14Z,2026-06-16T10:13:14+0200,dd6516a5-5fe5-4565-873a-e64fa6b54cdc,2026-05-18T10:00:00Z,2026-05-18T12:00:00+0200,10523.68,MW,BE,BE,forecast_load,Forecasted Load,2026-06-16T08:13:23Z
2026-06-16T08:13:14Z,2026-06-16T10:13:14+0200,dd6516a5-5fe5-4565-873a-e64fa6b54cdc,2026-05-18T10:15:00Z,2026-05-18T12:15:00+0200,10451.31,MW,BE,BE,forecast_load,Forecasted Load,2026-06-16T08:13:23Z
2026-06-16T08:13:14Z,2026-06-16T10:13:14+0200,dd6516a5-5fe5-4565-873a-e64fa6b54cdc,2026-05-18T10:30:00Z,2026-05-18T12:30:00+0200,10434.05,MW,BE,BE,forecast_load,Forecasted Load,2026-06-16T08:13:23Z
2026-06-16T08:13:14Z,2026-06-16T10:13:14+0200,dd6516a5-5fe5-4565-873a-e64fa6b54cdc,2026-05-18T10:45:00Z,2026-05-18T12:45:00+0200,10495.67,MW,BE,BE,forecast_load,Forecasted Load,2026-06-16T08:13:23Z
2026-06-16T08:13:14Z,2026-06-16T10:13:14+0200,dd6516a5-5fe5-4565-873a-e64fa6b54cdc,2026-05-18T11:00:00Z,2026-05-18T13:00:00+0200,10353.35,MW,BE,BE,forecast_load,Forecasted Load,2026-06-16T08:13:23Z
2026-06-16T08:13:14Z,2026-06-16T10:13:14+0200,dd6516a5-5fe5-4565-873a-e64fa6b54cdc,2026-05-18T11:15:00Z,2026-05-18T13:15:00+0200,10260.67,MW,BE,BE,forecast_load,Forecasted Load,2026-06-16T08:13:23Z
2026-06-16T08:13:14Z,2026-06-16T10:13:14+0200,dd6516a5-5fe5-4565-873a-e64fa6b54cdc,2026-05-18T11:30:00Z,2026-05-18T13:30:00+0200,10157.04,MW,BE,BE,forecast_load,Forecasted Load,2026-06-16T08:13:23Z
2026-06-16T08:13:14Z,2026-06-16T10:13:14+0200,dd6516a5-5fe5-4565-873a-e64fa6b54cdc,2026-05-18T11:45:00Z,2026-05-18T13:45:00+0200,9991.29,MW,BE,BE,forecast_load,Forecasted Load,2026-06-16T08:13:23Z
2026-06-16T08:13:14Z,2026-06-16T10:13:14+0200,dd6516a5-5fe5-4565-873a-e64fa6b54cdc,2026-05-18T12:00:00Z,2026-05-18T14:00:00+0200,10070.78,MW,BE,BE,forecast_load,Forecasted Load,2026-06-16T08:13:23Z
2026-06-16T08:13:14Z,2026-06-16T10:13:14+0200,dd6516a5-5fe5-4565-873a-e64fa6b54cdc,2026-05-18T12:15:00Z,2026-05-18T14:15:00+0200,10059.9,MW,BE,BE,forecast_load,Forecasted Load,2026-06-16T08:13:23Z
2026-06-16T08:13:14Z,2026-06-16T10:13:14+0200,dd6516a5-5fe5-4565-873a-e64fa6b54cdc,2026-05-18T12:30:00Z,2026-05-18T14:30:00+0200,9825.84,MW,BE,BE,forecast_load,Forecasted Load,2026-06-16T08:13:23Z
2026-06-16T08:13:14Z,2026-06-16T10:13:14+0200,dd6516a5-5fe5-4565-873a-e64fa6b54cdc,2026-05-18T12:45:00Z,2026-05-18T14:45:00+0200,9737.06,MW,BE,BE,forecast_load,Forecasted Load,2026-06-16T08:13:23Z
2026-06-16T08:13:14Z,2026-06-16T10:13:14+0200,dd6516a5-5fe5-4565-873a-e64fa6b54cdc,2026-05-18T13:00:00Z,2026-05-18T15:00:00+0200,10013.16,MW,BE,BE,forecast_load,Forecasted Load,2026-06-16T08:13:23Z
2026-06-16T08:13:14Z,2026-06-16T10:13:14+0200,dd6516a5-5fe5-4565-873a-e64fa6b54cdc,2026-05-18T13:15:00Z,2026-05-18T15:15:00+0200,9801.91,MW,BE,BE,forecast_load,Forecasted Load,2026-06-16T08:13:23Z
2026-06-16T08:13:14Z,2026-06-16T10:13:14+0200,dd6516a5-5fe5-4565-873a-e64fa6b54cdc,2026-05-18T13:30:00Z,2026-05-18T15:30:00+0200,9814.55,MW,BE,BE,forecast_load,Forecasted Load,2026-06-16T08:13:23Z
2026-06-16T08:13:14Z,2026-06-16T10:13:14+0200,dd6516a5-5fe5-4565-873a-e64fa6b54cdc,2026-05-18T13:45:00Z,2026-05-18T15:45:00+0200,9763.5,MW,BE,BE,forecast_load,Forecasted Load,2026-06-16T08:13:23Z
2026-06-16T08:13:14Z,2026-06-16T10:13:14+0200,dd6516a5-5fe5-4565-873a-e64fa6b54cdc,2026-05-18T14:00:00Z,2026-05-18T16:00:00+0200,9842.86,MW,BE,BE,forecast_load,Forecasted Load,2026-06-16T08:13:23Z
2026-06-16T08:13:14Z,2026-06-16T10:13:14+0200,dd6516a5-5fe5-4565-873a-e64fa6b54cdc,2026-05-18T14:15:00Z,2026-05-18T16:15:00+0200,9751.17,MW,BE,BE,forecast_load,Forecasted Load,2026-06-16T08:13:23Z
2026-06-16T08:13:14Z,2026-06-16T10:13:14+0200,dd6516a5-5fe5-4565-873a-e64fa6b54cdc,2026-05-18T14:30:00Z,2026-05-18T16:30:00+0200,9676.61,MW,BE,BE,forecast_load,Forecasted Load,2026-06-16T08:13:23Z
2026-06-16T08:13:14Z,2026-06-16T10:13:14+0200,dd6516a5-5fe5-4565-873a-e64fa6b54cdc,2026-05-18T14:45:00Z,2026-05-18T16:45:00+0200,9685.28,MW,BE,BE,forecast_load,Forecasted Load,2026-06-16T08:13:23Z
2026-06-16T08:13:14Z,2026-06-16T10:13:14+0200,dd6516a5-5fe5-4565-873a-e64fa6b54cdc,2026-05-18T15:00:00Z,2026-05-18T17:00:00+0200,9771.3,MW,BE,BE,forecast_load,Forecasted Load,2026-06-16T08:13:23Z
2026-06-16T08:13:14Z,2026-06-16T10:13:14+0200,dd6516a5-5fe5-4565-873a-e64fa6b54cdc,2026-05-18T15:15:00Z,2026-05-18T17:15:00+0200,9735.52,MW,BE,BE,forecast_load,Forecasted Load,2026-06-16T08:13:23Z
2026-06-16T08:13:14Z,2026-06-16T10:13:14+0200,dd6516a5-5fe5-4565-873a-e64fa6b54cdc,2026-05-18T15:30:00Z,2026-05-18T17:30:00+0200,9754.99,MW,BE,BE,forecast_load,Forecasted Load,2026-06-16T08:13:23Z
2026-06-16T08:13:14Z,2026-06-16T10:13:14+0200,dd6516a5-5fe5-4565-873a-e64fa6b54cdc,2026-05-18T15:45:00Z,2026-05-18T17:45:00+0200,9780.2,MW,BE,BE,forecast_load,Forecasted Load,2026-06-16T08:13:23Z
2026-06-16T08:13:14Z,2026-06-16T10:13:14+0200,dd6516a5-5fe5-4565-873a-e64fa6b54cdc,2026-05-18T16:00:00Z,2026-05-18T18:00:00+0200,9875.62,MW,BE,BE,forecast_load,Forecasted Load,2026-06-16T08:13:23Z
2026-06-16T08:13:14Z,2026-06-16T10:13:14+0200,dd6516a5-5fe5-4565-873a-e64fa6b54cdc,2026-05-18T16:15:00Z,2026-05-18T18:15:00+0200,9847.17,MW,BE,BE,forecast_load,Forecasted Load,2026-06-16T08:13:23Z
2026-06-16T08:13:14Z,2026-06-16T10:13:14+0200,dd6516a5-5fe5-4565-873a-e64fa6b54cdc,2026-05-18T16:30:00Z,2026-05-18T18:30:00+0200,9857.35,MW,BE,BE,forecast_load,Forecasted Load,2026-06-16T08:13:23Z
2026-06-16T08:13:14Z,2026-06-16T10:13:14+0200,dd6516a5-5fe5-4565-873a-e64fa6b54cdc,2026-05-18T16:45:00Z,2026-05-18T18:45:00+0200,9878.11,MW,BE,BE,forecast_load,Forecasted Load,2026-06-16T08:13:23Z
2026-06-16T08:13:14Z,2026-06-16T10:13:14+0200,dd6516a5-5fe5-4565-873a-e64fa6b54cdc,2026-05-18T17:00:00Z,2026-05-18T19:00:00+0200,9961.39,MW,BE,BE,forecast_load,Forecasted Load,2026-06-16T08:13:23Z
2026-06-16T08:13:14Z,2026-06-16T10:13:14+0200,dd6516a5-5fe5-4565-873a-e64fa6b54cdc,2026-05-18T17:15:00Z,2026-05-18T19:15:00+0200,9860.77,MW,BE,BE,forecast_load,Forecasted Load,2026-06-16T08:13:23Z
2026-06-16T08:13:14Z,2026-06-16T10:13:14+0200,dd6516a5-5fe5-4565-873a-e64fa6b54cdc,2026-05-18T17:30:00Z,2026-05-18T19:30:00+0200,9842.16,MW,BE,BE,forecast_load,Forecasted Load,2026-06-16T08:13:23Z
2026-06-16T08:13:14Z,2026-06-16T10:13:14+0200,dd6516a5-5fe5-4565-873a-e64fa6b54cdc,2026-05-18T17:45:00Z,2026-05-18T19:45:00+0200,9663.23,MW,BE,BE,forecast_load,Forecasted Load,2026-06-16T08:13:23Z
2026-06-16T08:13:14Z,2026-06-16T10:13:14+0200,dd6516a5-5fe5-4565-873a-e64fa6b54cdc,2026-05-18T18:00:00Z,2026-05-18T20:00:00+0200,9536.45,MW,BE,BE,forecast_load,Forecasted Load,2026-06-16T08:13:23Z
2026-06-16T08:13:14Z,2026-06-16T10:13:14+0200,dd6516a5-5fe5-4565-873a-e64fa6b54cdc,2026-05-18T18:15:00Z,2026-05-18T20:15:00+0200,9466.56,MW,BE,BE,forecast_load,Forecasted Load,2026-06-16T08:13:23Z
2026-06-16T08:13:14Z,2026-06-16T10:13:14+0200,dd6516a5-5fe5-4565-873a-e64fa6b54cdc,2026-05-18T18:30:00Z,2026-05-18T20:30:00+0200,9441.23,MW,BE,BE,forecast_load,Forecasted Load,2026-06-16T08:13:23Z
2026-06-16T08:13:14Z,2026-06-16T10:13:14+0200,dd6516a5-5fe5-4565-873a-e64fa6b54cdc,2026-05-18T18:45:00Z,2026-05-18T20:45:00+0200,9424.09,MW,BE,BE,forecast_load,Forecasted Load,2026-06-16T08:13:23Z
2026-06-16T08:13:14Z,2026-06-16T10:13:14+0200,dd6516a5-5fe5-4565-873a-e64fa6b54cdc,2026-05-18T19:00:00Z,2026-05-18T21:00:00+0200,9211.34,MW,BE,BE,forecast_load,Forecasted Load,2026-06-16T08:13:23Z
2026-06-16T08:13:14Z,2026-06-16T10:13:14+0200,dd6516a5-5fe5-4565-873a-e64fa6b54cdc,2026-05-18T19:15:00Z,2026-05-18T21:15:00+0200,9216.06,MW,BE,BE,forecast_load,Forecasted Load,2026-06-16T08:13:23Z
2026-06-16T08:13:14Z,2026-06-16T10:13:14+0200,dd6516a5-5fe5-4565-873a-e64fa6b54cdc,2026-05-18T19:30:00Z,2026-05-18T21:30:00+0200,9152.55,MW,BE,BE,forecast_load,Forecasted Load,2026-06-16T08:13:23Z
2026-06-16T08:13:14Z,2026-06-16T10:13:14+0200,dd6516a5-5fe5-4565-873a-e64fa6b54cdc,2026-05-18T19:45:00Z,2026-05-18T21:45:00+0200,9056.32,MW,BE,BE,forecast_load,Forecasted Load,2026-06-16T08:13:23Z
2026-06-16T08:13:14Z,2026-06-16T10:13:14+0200,dd6516a5-5fe5-4565-873a-e64fa6b54cdc,2026-05-18T20:00:00Z,2026-05-18T22:00:00+0200,9050.45,MW,BE,BE,forecast_load,Forecasted Load,2026-06-16T08:13:23Z
2026-06-16T08:13:14Z,2026-06-16T10:13:14+0200,dd6516a5-5fe5-4565-873a-e64fa6b54cdc,2026-05-18T20:15:00Z,2026-05-18T22:15:00+0200,9068.32,MW,BE,BE,forecast_load,Forecasted Load,2026-06-16T08:13:23Z
2026-06-16T08:13:14Z,2026-06-16T10:13:14+0200,dd6516a5-5fe5-4565-873a-e64fa6b54cdc,2026-05-18T20:30:00Z,2026-05-18T22:30:00+0200,9043.65,MW,BE,BE,forecast_load,Forecasted Load,2026-06-16T08:13:23Z
2026-06-16T08:13:14Z,2026-06-16T10:13:14+0200,dd6516a5-5fe5-4565-873a-e64fa6b54cdc,2026-05-18T20:45:00Z,2026-05-18T22:45:00+0200,8879.98,MW,BE,BE,forecast_load,Forecasted Load,2026-06-16T08:13:23Z
2026-06-16T08:13:14Z,2026-06-16T10:13:14+0200,dd6516a5-5fe5-4565-873a-e64fa6b54cdc,2026-05-18T21:00:00Z,2026-05-18T23:00:00+0200,8737.71,MW,BE,BE,forecast_load,Forecasted Load,2026-06-16T08:13:23Z
2026-06-16T08:13:14Z,2026-06-16T10:13:14+0200,dd6516a5-5fe5-4565-873a-e64fa6b54cdc,2026-05-18T21:15:00Z,2026-05-18T23:15:00+0200,8625.1,MW,BE,BE,forecast_load,Forecasted Load,2026-06-16T08:13:23Z
2026-06-16T08:13:14Z,2026-06-16T10:13:14+0200,dd6516a5-5fe5-4565-873a-e64fa6b54cdc,2026-05-18T21:30:00Z,2026-05-18T23:30:00+0200,8530.82,MW,BE,BE,forecast_load,Forecasted Load,2026-06-16T08:13:23Z
2026-06-16T08:13:14Z,2026-06-16T10:13:14+0200,dd6516a5-5fe5-4565-873a-e64fa6b54cdc,2026-05-18T21:45:00Z,2026-05-18T23:45:00+0200,8432.79,MW,BE,BE,forecast_load,Forecasted Load,2026-06-16T08:13:23Z
2026-06-16T08:13:14Z,2026-06-16T10:13:14+0200,dd6516a5-5fe5-4565-873a-e64fa6b54cdc,2026-05-18T22:00:00Z,2026-05-19T00:00:00+0200,8233.56,MW,BE,BE,forecast_load,Forecasted Load,2026-06-16T08:13:23Z
2026-06-16T08:13:14Z,2026-06-16T10:13:14+0200,dd6516a5-5fe5-4565-873a-e64fa6b54cdc,2026-05-18T22:15:00Z,2026-05-19T00:15:00+0200,8073.47,MW,BE,BE,forecast_load,Forecasted Load,2026-06-16T08:13:23Z
2026-06-16T08:13:14Z,2026-06-16T10:13:14+0200,dd6516a5-5fe5-4565-873a-e64fa6b54cdc,2026-05-18T22:30:00Z,2026-05-19T00:30:00+0200,7968.76,MW,BE,BE,forecast_load,Forecasted Load,2026-06-16T08:13:23Z
2026-06-16T08:13:14Z,2026-06-16T10:13:14+0200,dd6516a5-5fe5-4565-873a-e64fa6b54cdc,2026-05-18T22:45:00Z,2026-05-19T00:45:00+0200,7891.95,MW,BE,BE,forecast_load,Forecasted Load,2026-06-16T08:13:23Z
2026-06-16T08:13:14Z,2026-06-16T10:13:14+0200,dd6516a5-5fe5-4565-873a-e64fa6b54cdc,2026-05-18T23:00:00Z,2026-05-19T01:00:00+0200,7802.54,MW,BE,BE,forecast_load,Forecasted Load,2026-06-16T08:13:23Z
2026-06-16T08:13:14Z,2026-06-16T10:13:14+0200,dd6516a5-5fe5-4565-873a-e64fa6b54cdc,2026-05-18T23:15:00Z,2026-05-19T01:15:00+0200,7731.58,MW,BE,BE,forecast_load,Forecasted Load,2026-06-16T08:13:23Z
2026-06-16T08:13:14Z,2026-06-16T10:13:14+0200,dd6516a5-5fe5-4565-873a-e64fa6b54cdc,2026-05-18T23:30:00Z,2026-05-19T01:30:00+0200,7637.47,MW,BE,BE,forecast_load,Forecasted Load,2026-06-16T08:13:23Z
2026-06-16T08:13:14Z,2026-06-16T10:13:14+0200,dd6516a5-5fe5-4565-873a-e64fa6b54cdc,2026-05-18T23:45:00Z,2026-05-19T01:45:00+0200,7644.33,MW,BE,BE,forecast_load,Forecasted Load,2026-06-16T08:13:23Z
2026-06-16T08:13:14Z,2026-06-16T10:13:14+0200,dd6516a5-5fe5-4565-873a-e64fa6b54cdc,2026-05-19T00:00:00Z,2026-05-19T02:00:00+0200,7560.99,MW,BE,BE,forecast_load,Forecasted Load,2026-06-16T08:13:23Z
2026-06-16T08:13:14Z,2026-06-16T10:13:14+0200,dd6516a5-5fe5-4565-873a-e64fa6b54cdc,2026-05-19T00:15:00Z,2026-05-19T02:15:00+0200,7502.19,MW,BE,BE,forecast_load,Forecasted Load,2026-06-16T08:13:23Z
2026-06-16T08:13:14Z,2026-06-16T10:13:14+0200,dd6516a5-5fe5-4565-873a-e64fa6b54cdc,2026-05-19T00:30:00Z,2026-05-19T02:30:00+0200,7485.51,MW,BE,BE,forecast_load,Forecasted Load,2026-06-16T08:13:23Z
2026-06-16T08:13:14Z,2026-06-16T10:13:14+0200,dd6516a5-5fe5-4565-873a-e64fa6b54cdc,2026-05-19T00:45:00Z,2026-05-19T02:45:00+0200,7453.0,MW,BE,BE,forecast_load,Forecasted Load,2026-06-16T08:13:23Z
2026-06-16T08:13:14Z,2026-06-16T10:13:14+0200,dd6516a5-5fe5-4565-873a-e64fa6b54cdc,2026-05-19T01:00:00Z,2026-05-19T03:00:00+0200,7421.05,MW,BE,BE,forecast_load,Forecasted Load,2026-06-16T08:13:23Z
2026-06-16T08:13:14Z,2026-06-16T10:13:14+0200,dd6516a5-5fe5-4565-873a-e64fa6b54cdc,2026-05-19T01:15:00Z,2026-05-19T03:15:00+0200,7405.08,MW,BE,BE,forecast_load,Forecasted Load,2026-06-16T08:13:23Z
2026-06-16T08:13:14Z,2026-06-16T10:13:14+0200,dd6516a5-5fe5-4565-873a-e64fa6b54cdc,2026-05-19T01:30:00Z,2026-05-19T03:30:00+0200,7397.84,MW,BE,BE,forecast_load,Forecasted Load,2026-06-16T08:13:23Z
2026-06-16T08:13:14Z,2026-06-16T10:13:14+0200,dd6516a5-5fe5-4565-873a-e64fa6b54cdc,2026-05-19T01:45:00Z,2026-05-19T03:45:00+0200,7377.83,MW,BE,BE,forecast_load,Forecasted Load,2026-06-16T08:13:23Z
2026-06-16T08:13:14Z,2026-06-16T10:13:14+0200,dd6516a5-5fe5-4565-873a-e64fa6b54cdc,2026-05-19T02:00:00Z,2026-05-19T04:00:00+0200,7448.68,MW,BE,BE,forecast_load,Forecasted Load,2026-06-16T08:13:23Z
2026-06-16T08:13:14Z,2026-06-16T10:13:14+0200,dd6516a5-5fe5-4565-873a-e64fa6b54cdc,2026-05-19T02:15:00Z,2026-05-19T04:15:00+0200,7458.14,MW,BE,BE,forecast_load,Forecasted Load,2026-06-16T08:13:23Z
2026-06-16T08:13:14Z,2026-06-16T10:13:14+0200,dd6516a5-5fe5-4565-873a-e64fa6b54cdc,2026-05-19T02:30:00Z,2026-05-19T04:30:00+0200,7447.43,MW,BE,BE,forecast_load,Forecasted Load,2026-06-16T08:13:23Z
2026-06-16T08:13:14Z,2026-06-16T10:13:14+0200,dd6516a5-5fe5-4565-873a-e64fa6b54cdc,2026-05-19T02:45:00Z,2026-05-19T04:45:00+0200,7502.52,MW,BE,BE,forecast_load,Forecasted Load,2026-06-16T08:13:23Z
2026-06-16T08:13:14Z,2026-06-16T10:13:14+0200,dd6516a5-5fe5-4565-873a-e64fa6b54cdc,2026-05-19T03:00:00Z,2026-05-19T05:00:00+0200,7611.44,MW,BE,BE,forecast_load,Forecasted Load,2026-06-16T08:13:23Z
2026-06-16T08:13:14Z,2026-06-16T10:13:14+0200,dd6516a5-5fe5-4565-873a-e64fa6b54cdc,2026-05-19T03:15:00Z,2026-05-19T05:15:00+0200,7698.0,MW,BE,BE,forecast_load,Forecasted Load,2026-06-16T08:13:23Z
2026-06-16T08:13:14Z,2026-06-16T10:13:14+0200,dd6516a5-5fe5-4565-873a-e64fa6b54cdc,2026-05-19T03:30:00Z,2026-05-19T05:30:00+0200,7805.64,MW,BE,BE,forecast_load,Forecasted Load,2026-06-16T08:13:23Z
2026-06-16T08:13:14Z,2026-06-16T10:13:14+0200,dd6516a5-5fe5-4565-873a-e64fa6b54cdc,2026-05-19T03:45:00Z,2026-05-19T05:45:00+0200,7900.42,MW,BE,BE,forecast_load,Forecasted Load,2026-06-16T08:13:23Z
2026-06-16T08:13:14Z,2026-06-16T10:13:14+0200,dd6516a5-5fe5-4565-873a-e64fa6b54cdc,2026-05-19T04:00:00Z,2026-05-19T06:00:00+0200,8223.28,MW,BE,BE,forecast_load,Forecasted Load,2026-06-16T08:13:23Z
2026-06-16T08:13:14Z,2026-06-16T10:13:14+0200,dd6516a5-5fe5-4565-873a-e64fa6b54cdc,2026-05-19T04:15:00Z,2026-05-19T06:15:00+0200,8391.38,MW,BE,BE,forecast_load,Forecasted Load,2026-06-16T08:13:23Z
2026-06-16T08:13:14Z,2026-06-16T10:13:14+0200,dd6516a5-5fe5-4565-873a-e64fa6b54cdc,2026-05-19T04:30:00Z,2026-05-19T06:30:00+0200,8575.86,MW,BE,BE,forecast_load,Forecasted Load,2026-06-16T08:13:23Z
2026-06-16T08:13:14Z,2026-06-16T10:13:14+0200,dd6516a5-5fe5-4565-873a-e64fa6b54cdc,2026-05-19T04:45:00Z,2026-05-19T06:45:00+0200,8764.0,MW,BE,BE,forecast_load,Forecasted Load,2026-06-16T08:13:23Z
2026-06-16T08:13:14Z,2026-06-16T10:13:14+0200,dd6516a5-5fe5-4565-873a-e64fa6b54cdc,2026-05-19T05:00:00Z,2026-05-19T07:00:00+0200,9052.59,MW,BE,BE,forecast_load,Forecasted Load,2026-06-16T08:13:23Z
2026-06-16T08:13:14Z,2026-06-16T10:13:14+0200,dd6516a5-5fe5-4565-873a-e64fa6b54cdc,2026-05-19T05:15:00Z,2026-05-19T07:15:00+0200,9265.57,MW,BE,BE,forecast_load,Forecasted Load,2026-06-16T08:13:23Z
2026-06-16T08:13:14Z,2026-06-16T10:13:14+0200,dd6516a5-5fe5-4565-873a-e64fa6b54cdc,2026-05-19T05:30:00Z,2026-05-19T07:30:00+0200,9447.14,MW,BE,BE,forecast_load,Forecasted Load,2026-06-16T08:13:23Z
2026-06-16T08:13:14Z,2026-06-16T10:13:14+0200,dd6516a5-5fe5-4565-873a-e64fa6b54cdc,2026-05-19T05:45:00Z,2026-05-19T07:45:00+0200,9589.53,MW,BE,BE,forecast_load,Forecasted Load,2026-06-16T08:13:23Z
2026-06-16T08:13:14Z,2026-06-16T10:13:14+0200,dd6516a5-5fe5-4565-873a-e64fa6b54cdc,2026-05-19T06:00:00Z,2026-05-19T08:00:00+0200,9636.99,MW,BE,BE,forecast_load,Forecasted Load,2026-06-16T08:13:23Z
2026-06-16T08:13:14Z,2026-06-16T10:13:14+0200,dd6516a5-5fe5-4565-873a-e64fa6b54cdc,2026-05-19T06:15:00Z,2026-05-19T08:15:00+0200,9783.85,MW,BE,BE,forecast_load,Forecasted Load,2026-06-16T08:13:23Z
2026-06-16T08:13:14Z,2026-06-16T10:13:14+0200,dd6516a5-5fe5-4565-873a-e64fa6b54cdc,2026-05-19T06:30:00Z,2026-05-19T08:30:00+0200,9975.44,MW,BE,BE,forecast_load,Forecasted Load,2026-06-16T08:13:23Z
2026-06-16T08:13:14Z,2026-06-16T10:13:14+0200,dd6516a5-5fe5-4565-873a-e64fa6b54cdc,2026-05-19T06:45:00Z,2026-05-19T08:45:00+0200,10156.38,MW,BE,BE,forecast_load,Forecasted Load,2026-06-16T08:13:23Z
2026-06-16T08:13:14Z,2026-06-16T10:13:14+0200,dd6516a5-5fe5-4565-873a-e64fa6b54cdc,2026-05-19T07:00:00Z,2026-05-19T09:00:00+0200,10175.42,MW,BE,BE,forecast_load,Forecasted Load,2026-06-16T08:13:23Z
2026-06-16T08:13:14Z,2026-06-16T10:13:14+0200,dd6516a5-5fe5-4565-873a-e64fa6b54cdc,2026-05-19T07:15:00Z,2026-05-19T09:15:00+0200,10202.82,MW,BE,BE,forecast_load,Forecasted Load,2026-06-16T08:13:23Z
2026-06-16T08:13:14Z,2026-06-16T10:13:14+0200,dd6516a5-5fe5-4565-873a-e64fa6b54cdc,2026-05-19T07:30:00Z,2026-05-19T09:30:00+0200,10234.4,MW,BE,BE,forecast_load,Forecasted Load,2026-06-16T08:13:23Z
2026-06-16T08:13:14Z,2026-06-16T10:13:14+0200,dd6516a5-5fe5-4565-873a-e64fa6b54cdc,2026-05-19T07:45:00Z,2026-05-19T09:45:00+0200,10252.89,MW,BE,BE,forecast_load,Forecasted Load,2026-06-16T08:13:23Z
2026-06-16T08:13:14Z,2026-06-16T10:13:14+0200,dd6516a5-5fe5-4565-873a-e64fa6b54cdc,2026-05-19T08:00:00Z,2026-05-19T10:00:00+0200,10198.76,MW,BE,BE,forecast_load,Forecasted Load,2026-06-16T08:13:23Z
2026-06-16T08:13:14Z,2026-06-16T10:13:14+0200,dd6516a5-5fe5-4565-873a-e64fa6b54cdc,2026-05-19T08:15:00Z,2026-05-19T10:15:00+0200,10214.86,MW,BE,BE,forecast_load,Forecasted Load,2026-06-16T08:13:23Z
2026-06-16T08:13:14Z,2026-06-16T10:13:14+0200,dd6516a5-5fe5-4565-873a-e64fa6b54cdc,2026-05-19T08:30:00Z,2026-05-19T10:30:00+0200,10276.3,MW,BE,BE,forecast_load,Forecasted Load,2026-06-16T08:13:23Z
2026-06-16T08:13:14Z,2026-06-16T10:13:14+0200,dd6516a5-5fe5-4565-873a-e64fa6b54cdc,2026-05-19T08:45:00Z,2026-05-19T10:45:00+0200,10328.17,MW,BE,BE,forecast_load,Forecasted Load,2026-06-16T08:13:23Z
2026-06-16T08:13:14Z,2026-06-16T10:13:14+0200,dd6516a5-5fe5-4565-873a-e64fa6b54cdc,2026-05-19T09:00:00Z,2026-05-19T11:00:00+0200,10269.88,MW,BE,BE,forecast_load,Forecasted Load,2026-06-16T08:13:23Z
2026-06-16T08:13:14Z,2026-06-16T10:13:14+0200,dd6516a5-5fe5-4565-873a-e64fa6b54cdc,2026-05-19T09:15:00Z,2026-05-19T11:15:00+0200,10328.33,MW,BE,BE,forecast_load,Forecasted Load,2026-06-16T08:13:23Z
2026-06-16T08:13:14Z,2026-06-16T10:13:14+0200,dd6516a5-5fe5-4565-873a-e64fa6b54cdc,2026-05-19T09:30:00Z,2026-05-19T11:30:00+0200,10357.85,MW,BE,BE,forecast_load,Forecasted Load,2026-06-16T08:13:23Z
2026-06-16T08:13:14Z,2026-06-16T10:13:14+0200,dd6516a5-5fe5-4565-873a-e64fa6b54cdc,2026-05-19T09:45:00Z,2026-05-19T11:45:00+0200,10432.5,MW,BE,BE,forecast_load,Forecasted Load,2026-06-16T08:13:23Z
2026-06-16T08:13:14Z,2026-06-16T10:13:14+0200,dd6516a5-5fe5-4565-873a-e64fa6b54cdc,2026-05-19T10:00:00Z,2026-05-19T12:00:00+0200,10226.38,MW,BE,BE,forecast_load,Forecasted Load,2026-06-16T08:13:23Z
2026-06-16T08:13:14Z,2026-06-16T10:13:14+0200,dd6516a5-5fe5-4565-873a-e64fa6b54cdc,2026-05-19T10:15:00Z,2026-05-19T12:15:00+0200,10173.31,MW,BE,BE,forecast_load,Forecasted Load,2026-06-16T08:13:23Z
2026-06-16T08:13:14Z,2026-06-16T10:13:14+0200,dd6516a5-5fe5-4565-873a-e64fa6b54cdc,2026-05-19T10:30:00Z,2026-05-19T12:30:00+0200,10126.18,MW,BE,BE,forecast_load,Forecasted Load,2026-06-16T08:13:23Z
2026-06-16T08:13:14Z,2026-06-16T10:13:14+0200,dd6516a5-5fe5-4565-873a-e64fa6b54cdc,2026-05-19T10:45:00Z,2026-05-19T12:45:00+0200,10152.23,MW,BE,BE,forecast_load,Forecasted Load,2026-06-16T08:13:23Z
2026-06-16T08:13:14Z,2026-06-16T10:13:14+0200,dd6516a5-5fe5-4565-873a-e64fa6b54cdc,2026-05-19T11:00:00Z,2026-05-19T13:00:00+0200,10223.1,MW,BE,BE,forecast_load,Forecasted Load,2026-06-16T08:13:23Z
2026-06-16T08:13:14Z,2026-06-16T10:13:14+0200,dd6516a5-5fe5-4565-873a-e64fa6b54cdc,2026-05-19T11:15:00Z,2026-05-19T13:15:00+0200,10213.76,MW,BE,BE,forecast_load,Forecasted Load,2026-06-16T08:13:23Z
2026-06-16T08:13:14Z,2026-06-16T10:13:14+0200,dd6516a5-5fe5-4565-873a-e64fa6b54cdc,2026-05-19T11:30:00Z,2026-05-19T13:30:00+0200,10130.0,MW,BE,BE,forecast_load,Forecasted Load,2026-06-16T08:13:23Z
2026-06-16T08:13:14Z,2026-06-16T10:13:14+0200,dd6516a5-5fe5-4565-873a-e64fa6b54cdc,2026-05-19T11:45:00Z,2026-05-19T13:45:00+0200,10111.68,MW,BE,BE,forecast_load,Forecasted Load,2026-06-16T08:13:23Z
2026-06-16T08:13:14Z,2026-06-16T10:13:14+0200,dd6516a5-5fe5-4565-873a-e64fa6b54cdc,2026-05-19T12:00:00Z,2026-05-19T14:00:00+0200,10112.21,MW,BE,BE,forecast_load,Forecasted Load,2026-06-16T08:13:23Z
2026-06-16T08:13:14Z,2026-06-16T10:13:14+0200,dd6516a5-5fe5-4565-873a-e64fa6b54cdc,2026-05-19T12:15:00Z,2026-05-19T14:15:00+0200,10046.18,MW,BE,BE,forecast_load,Forecasted Load,2026-06-16T08:13:23Z
2026-06-16T08:13:14Z,2026-06-16T10:13:14+0200,dd6516a5-5fe5-4565-873a-e64fa6b54cdc,2026-05-19T12:30:00Z,2026-05-19T14:30:00+0200,9957.83,MW,BE,BE,forecast_load,Forecasted Load,2026-06-16T08:13:23Z
2026-06-16T08:13:14Z,2026-06-16T10:13:14+0200,dd6516a5-5fe5-4565-873a-e64fa6b54cdc,2026-05-19T12:45:00Z,2026-05-19T14:45:00+0200,9839.44,MW,BE,BE,forecast_load,Forecasted Load,2026-06-16T08:13:23Z
2026-06-16T08:13:14Z,2026-06-16T10:13:14+0200,dd6516a5-5fe5-4565-873a-e64fa6b54cdc,2026-05-19T13:00:00Z,2026-05-19T15:00:00+0200,9879.26,MW,BE,BE,forecast_load,Forecasted Load,2026-06-16T08:13:23Z
2026-06-16T08:13:14Z,2026-06-16T10:13:14+0200,dd6516a5-5fe5-4565-873a-e64fa6b54cdc,2026-05-19T13:15:00Z,2026-05-19T15:15:00+0200,9771.26,MW,BE,BE,forecast_load,Forecasted Load,2026-06-16T08:13:23Z
2026-06-16T08:13:14Z,2026-06-16T10:13:14+0200,dd6516a5-5fe5-4565-873a-e64fa6b54cdc,2026-05-19T13:30:00Z,2026-05-19T15:30:00+0200,9735.1,MW,BE,BE,forecast_load,Forecasted Load,2026-06-16T08:13:23Z
2026-06-16T08:13:14Z,2026-06-16T10:13:14+0200,dd6516a5-5fe5-4565-873a-e64fa6b54cdc,2026-05-19T13:45:00Z,2026-05-19T15:45:00+0200,9608.42,MW,BE,BE,forecast_load,Forecasted Load,2026-06-16T08:13:23Z
2026-06-16T08:13:14Z,2026-06-16T10:13:14+0200,dd6516a5-5fe5-4565-873a-e64fa6b54cdc,2026-05-19T14:00:00Z,2026-05-19T16:00:00+0200,9661.38,MW,BE,BE,forecast_load,Forecasted Load,2026-06-16T08:13:23Z
2026-06-16T08:13:14Z,2026-06-16T10:13:14+0200,dd6516a5-5fe5-4565-873a-e64fa6b54cdc,2026-05-19T14:15:00Z,2026-05-19T16:15:00+0200,9573.72,MW,BE,BE,forecast_load,Forecasted Load,2026-06-16T08:13:23Z
2026-06-16T08:13:14Z,2026-06-16T10:13:14+0200,dd6516a5-5fe5-4565-873a-e64fa6b54cdc,2026-05-19T14:30:00Z,2026-05-19T16:30:00+0200,9518.72,MW,BE,BE,forecast_load,Forecasted Load,2026-06-16T08:13:23Z
2026-06-16T08:13:14Z,2026-06-16T10:13:14+0200,dd6516a5-5fe5-4565-873a-e64fa6b54cdc,2026-05-19T14:45:00Z,2026-05-19T16:45:00+0200,9494.1,MW,BE,BE,forecast_load,Forecasted Load,2026-06-16T08:13:23Z
2026-06-16T08:13:14Z,2026-06-16T10:13:14+0200,dd6516a5-5fe5-4565-873a-e64fa6b54cdc,2026-05-19T15:00:00Z,2026-05-19T17:00:00+0200,9561.81,MW,BE,BE,forecast_load,Forecasted Load,2026-06-16T08:13:23Z
2026-06-16T08:13:14Z,2026-06-16T10:13:14+0200,dd6516a5-5fe5-4565-873a-e64fa6b54cdc,2026-05-19T15:15:00Z,2026-05-19T17:15:00+0200,9535.51,MW,BE,BE,forecast_load,Forecasted Load,2026-06-16T08:13:23Z
2026-06-16T08:13:14Z,2026-06-16T10:13:14+0200,dd6516a5-5fe5-4565-873a-e64fa6b54cdc,2026-05-19T15:30:00Z,2026-05-19T17:30:00+0200,9608.53,MW,BE,BE,forecast_load,Forecasted Load,2026-06-16T08:13:23Z
2026-06-16T08:13:14Z,2026-06-16T10:13:14+0200,dd6516a5-5fe5-4565-873a-e64fa6b54cdc,2026-05-19T15:45:00Z,2026-05-19T17:45:00+0200,9657.33,MW,BE,BE,forecast_load,Forecasted Load,2026-06-16T08:13:23Z
2026-06-16T08:13:14Z,2026-06-16T10:13:14+0200,dd6516a5-5fe5-4565-873a-e64fa6b54cdc,2026-05-19T16:00:00Z,2026-05-19T18:00:00+0200,9723.41,MW,BE,BE,forecast_load,Forecasted Load,2026-06-16T08:13:23Z
2026-06-16T08:13:14Z,2026-06-16T10:13:14+0200,dd6516a5-5fe5-4565-873a-e64fa6b54cdc,2026-05-19T16:15:00Z,2026-05-19T18:15:00+0200,9713.95,MW,BE,BE,forecast_load,Forecasted Load,2026-06-16T08:13:23Z
2026-06-16T08:13:14Z,2026-06-16T10:13:14+0200,dd6516a5-5fe5-4565-873a-e64fa6b54cdc,2026-05-19T16:30:00Z,2026-05-19T18:30:00+0200,9730.52,MW,BE,BE,forecast_load,Forecasted Load,2026-06-16T08:13:23Z
2026-06-16T08:13:14Z,2026-06-16T10:13:14+0200,dd6516a5-5fe5-4565-873a-e64fa6b54cdc,2026-05-19T16:45:00Z,2026-05-19T18:45:00+0200,9726.66,MW,BE,BE,forecast_load,Forecasted Load,2026-06-16T08:13:23Z
2026-06-16T08:13:14Z,2026-06-16T10:13:14+0200,dd6516a5-5fe5-4565-873a-e64fa6b54cdc,2026-05-19T17:00:00Z,2026-05-19T19:00:00+0200,9772.53,MW,BE,BE,forecast_load,Forecasted Load,2026-06-16T08:13:23Z
2026-06-16T08:13:14Z,2026-06-16T10:13:14+0200,dd6516a5-5fe5-4565-873a-e64fa6b54cdc,2026-05-19T17:15:00Z,2026-05-19T19:15:00+0200,9698.75,MW,BE,BE,forecast_load,Forecasted Load,2026-06-16T08:13:23Z
2026-06-16T08:13:14Z,2026-06-16T10:13:14+0200,dd6516a5-5fe5-4565-873a-e64fa6b54cdc,2026-05-19T17:30:00Z,2026-05-19T19:30:00+0200,9658.99,MW,BE,BE,forecast_load,Forecasted Load,2026-06-16T08:13:23Z
2026-06-16T08:13:14Z,2026-06-16T10:13:14+0200,dd6516a5-5fe5-4565-873a-e64fa6b54cdc,2026-05-19T17:45:00Z,2026-05-19T19:45:00+0200,9547.54,MW,BE,BE,forecast_load,Forecasted Load,2026-06-16T08:13:23Z
2026-06-16T08:13:14Z,2026-06-16T10:13:14+0200,dd6516a5-5fe5-4565-873a-e64fa6b54cdc,2026-05-19T18:00:00Z,2026-05-19T20:00:00+0200,9468.35,MW,BE,BE,forecast_load,Forecasted Load,2026-06-16T08:13:23Z
2026-06-16T08:13:14Z,2026-06-16T10:13:14+0200,dd6516a5-5fe5-4565-873a-e64fa6b54cdc,2026-05-19T18:15:00Z,2026-05-19T20:15:00+0200,9399.98,MW,BE,BE,forecast_load,Forecasted Load,2026-06-16T08:13:23Z
2026-06-16T08:13:14Z,2026-06-16T10:13:14+0200,dd6516a5-5fe5-4565-873a-e64fa6b54cdc,2026-05-19T18:30:00Z,2026-05-19T20:30:00+0200,9318.42,MW,BE,BE,forecast_load,Forecasted Load,2026-06-16T08:13:23Z
2026-06-16T08:13:14Z,2026-06-16T10:13:14+0200,dd6516a5-5fe5-4565-873a-e64fa6b54cdc,2026-05-19T18:45:00Z,2026-05-19T20:45:00+0200,9271.52,MW,BE,BE,forecast_load,Forecasted Load,2026-06-16T08:13:23Z
2026-06-16T08:13:14Z,2026-06-16T10:13:14+0200,dd6516a5-5fe5-4565-873a-e64fa6b54cdc,2026-05-19T19:00:00Z,2026-05-19T21:00:00+0200,9062.09,MW,BE,BE,forecast_load,Forecasted Load,2026-06-16T08:13:23Z
2026-06-16T08:13:14Z,2026-06-16T10:13:14+0200,dd6516a5-5fe5-4565-873a-e64fa6b54cdc,2026-05-19T19:15:00Z,2026-05-19T21:15:00+0200,9058.8,MW,BE,BE,forecast_load,Forecasted Load,2026-06-16T08:13:23Z
2026-06-16T08:13:14Z,2026-06-16T10:13:14+0200,dd6516a5-5fe5-4565-873a-e64fa6b54cdc,2026-05-19T19:30:00Z,2026-05-19T21:30:00+0200,9047.01,MW,BE,BE,forecast_load,Forecasted Load,2026-06-16T08:13:23Z
2026-06-16T08:13:14Z,2026-06-16T10:13:14+0200,dd6516a5-5fe5-4565-873a-e64fa6b54cdc,2026-05-19T19:45:00Z,2026-05-19T21:45:00+0200,8974.91,MW,BE,BE,forecast_load,Forecasted Load,2026-06-16T08:13:23Z
2026-06-16T08:13:14Z,2026-06-16T10:13:14+0200,dd6516a5-5fe5-4565-873a-e64fa6b54cdc,2026-05-19T20:00:00Z,2026-05-19T22:00:00+0200,9004.65,MW,BE,BE,forecast_load,Forecasted Load,2026-06-16T08:13:23Z
2026-06-16T08:13:14Z,2026-06-16T10:13:14+0200,dd6516a5-5fe5-4565-873a-e64fa6b54cdc,2026-05-19T20:15:00Z,2026-05-19T22:15:00+0200,9006.23,MW,BE,BE,forecast_load,Forecasted Load,2026-06-16T08:13:23Z
2026-06-16T08:13:14Z,2026-06-16T10:13:14+0200,dd6516a5-5fe5-4565-873a-e64fa6b54cdc,2026-05-19T20:30:00Z,2026-05-19T22:30:00+0200,8926.45,MW,BE,BE,forecast_load,Forecasted Load,2026-06-16T08:13:23Z
2026-06-16T08:13:14Z,2026-06-16T10:13:14+0200,dd6516a5-5fe5-4565-873a-e64fa6b54cdc,2026-05-19T20:45:00Z,2026-05-19T22:45:00+0200,8818.62,MW,BE,BE,forecast_load,Forecasted Load,2026-06-16T08:13:23Z
2026-06-16T08:13:14Z,2026-06-16T10:13:14+0200,dd6516a5-5fe5-4565-873a-e64fa6b54cdc,2026-05-19T21:00:00Z,2026-05-19T23:00:00+0200,8669.27,MW,BE,BE,forecast_load,Forecasted Load,2026-06-16T08:13:23Z
2026-06-16T08:13:14Z,2026-06-16T10:13:14+0200,dd6516a5-5fe5-4565-873a-e64fa6b54cdc,2026-05-19T21:15:00Z,2026-05-19T23:15:00+0200,8559.92,MW,BE,BE,forecast_load,Forecasted Load,2026-06-16T08:13:23Z
2026-06-16T08:13:14Z,2026-06-16T10:13:14+0200,dd6516a5-5fe5-4565-873a-e64fa6b54cdc,2026-05-19T21:30:00Z,2026-05-19T23:30:00+0200,8453.7,MW,BE,BE,forecast_load,Forecasted Load,2026-06-16T08:13:23Z
2026-06-16T08:13:14Z,2026-06-16T10:13:14+0200,dd6516a5-5fe5-4565-873a-e64fa6b54cdc,2026-05-19T21:45:00Z,2026-05-19T23:45:00+0200,8316.66,MW,BE,BE,forecast_load,Forecasted Load,2026-06-16T08:13:23Z
2026-06-16T08:13:14Z,2026-06-16T10:13:14+0200,dd6516a5-5fe5-4565-873a-e64fa6b54cdc,2026-05-19T22:00:00Z,2026-05-20T00:00:00+0200,8324.05,MW,BE,BE,forecast_load,Forecasted Load,2026-06-16T08:13:23Z
2026-06-16T08:13:14Z,2026-06-16T10:13:14+0200,dd6516a5-5fe5-4565-873a-e64fa6b54cdc,2026-05-19T22:15:00Z,2026-05-20T00:15:00+0200,8170.98,MW,BE,BE,forecast_load,Forecasted Load,2026-06-16T08:13:23Z
2026-06-16T08:13:14Z,2026-06-16T10:13:14+0200,dd6516a5-5fe5-4565-873a-e64fa6b54cdc,2026-05-19T22:30:00Z,2026-05-20T00:30:00+0200,8078.66,MW,BE,BE,forecast_load,Forecasted Load,2026-06-16T08:13:23Z
2026-06-16T08:13:14Z,2026-06-16T10:13:14+0200,dd6516a5-5fe5-4565-873a-e64fa6b54cdc,2026-05-19T22:45:00Z,2026-05-20T00:45:00+0200,7993.39,MW,BE,BE,forecast_load,Forecasted Load,2026-06-16T08:13:23Z
2026-06-16T08:13:14Z,2026-06-16T10:13:14+0200,dd6516a5-5fe5-4565-873a-e64fa6b54cdc,2026-05-19T23:00:00Z,2026-05-20T01:00:00+0200,7947.22,MW,BE,BE,forecast_load,Forecasted Load,2026-06-16T08:13:23Z
2026-06-16T08:13:14Z,2026-06-16T10:13:14+0200,dd6516a5-5fe5-4565-873a-e64fa6b54cdc,2026-05-19T23:15:00Z,2026-05-20T01:15:00+0200,7891.94,MW,BE,BE,forecast_load,Forecasted Load,2026-06-16T08:13:23Z
2026-06-16T08:13:14Z,2026-06-16T10:13:14+0200,dd6516a5-5fe5-4565-873a-e64fa6b54cdc,2026-05-19T23:30:00Z,2026-05-20T01:30:00+0200,7805.9,MW,BE,BE,forecast_load,Forecasted Load,2026-06-16T08:13:23Z
2026-06-16T08:13:14Z,2026-06-16T10:13:14+0200,dd6516a5-5fe5-4565-873a-e64fa6b54cdc,2026-05-19T23:45:00Z,2026-05-20T01:45:00+0200,7757.73,MW,BE,BE,forecast_load,Forecasted Load,2026-06-16T08:13:23Z
2026-06-16T08:13:14Z,2026-06-16T10:13:14+0200,dd6516a5-5fe5-4565-873a-e64fa6b54cdc,2026-05-20T00:00:00Z,2026-05-20T02:00:00+0200,7636.65,MW,BE,BE,forecast_load,Forecasted Load,2026-06-16T08:13:23Z
2026-06-16T08:13:14Z,2026-06-16T10:13:14+0200,dd6516a5-5fe5-4565-873a-e64fa6b54cdc,2026-05-20T00:15:00Z,2026-05-20T02:15:00+0200,7577.26,MW,BE,BE,forecast_load,Forecasted Load,2026-06-16T08:13:23Z
2026-06-16T08:13:14Z,2026-06-16T10:13:14+0200,dd6516a5-5fe5-4565-873a-e64fa6b54cdc,2026-05-20T00:30:00Z,2026-05-20T02:30:00+0200,7560.42,MW,BE,BE,forecast_load,Forecasted Load,2026-06-16T08:13:23Z
2026-06-16T08:13:14Z,2026-06-16T10:13:14+0200,dd6516a5-5fe5-4565-873a-e64fa6b54cdc,2026-05-20T00:45:00Z,2026-05-20T02:45:00+0200,7527.58,MW,BE,BE,forecast_load,Forecasted Load,2026-06-16T08:13:23Z
2026-06-16T08:13:14Z,2026-06-16T10:13:14+0200,dd6516a5-5fe5-4565-873a-e64fa6b54cdc,2026-05-20T01:00:00Z,2026-05-20T03:00:00+0200,7515.48,MW,BE,BE,forecast_load,Forecasted Load,2026-06-16T08:13:23Z
2026-06-16T08:13:14Z,2026-06-16T10:13:14+0200,dd6516a5-5fe5-4565-873a-e64fa6b54cdc,2026-05-20T01:15:00Z,2026-05-20T03:15:00+0200,7499.31,MW,BE,BE,forecast_load,Forecasted Load,2026-06-16T08:13:23Z
2026-06-16T08:13:14Z,2026-06-16T10:13:14+0200,dd6516a5-5fe5-4565-873a-e64fa6b54cdc,2026-05-20T01:30:00Z,2026-05-20T03:30:00+0200,7491.97,MW,BE,BE,forecast_load,Forecasted Load,2026-06-16T08:13:23Z
2026-06-16T08:13:14Z,2026-06-16T10:13:14+0200,dd6516a5-5fe5-4565-873a-e64fa6b54cdc,2026-05-20T01:45:00Z,2026-05-20T03:45:00+0200,7471.72,MW,BE,BE,forecast_load,Forecasted Load,2026-06-16T08:13:23Z
2026-06-16T08:13:14Z,2026-06-16T10:13:14+0200,dd6516a5-5fe5-4565-873a-e64fa6b54cdc,2026-05-20T02:00:00Z,2026-05-20T04:00:00+0200,7542.53,MW,BE,BE,forecast_load,Forecasted Load,2026-06-16T08:13:23Z
2026-06-16T08:13:14Z,2026-06-16T10:13:14+0200,dd6516a5-5fe5-4565-873a-e64fa6b54cdc,2026-05-20T02:15:00Z,2026-05-20T04:15:00+0200,7552.11,MW,BE,BE,forecast_load,Forecasted Load,2026-06-16T08:13:23Z
2026-06-16T08:13:14Z,2026-06-16T10:13:14+0200,dd6516a5-5fe5-4565-873a-e64fa6b54cdc,2026-05-20T02:30:00Z,2026-05-20T04:30:00+0200,7541.27,MW,BE,BE,forecast_load,Forecasted Load,2026-06-16T08:13:23Z
2026-06-16T08:13:14Z,2026-06-16T10:13:14+0200,dd6516a5-5fe5-4565-873a-e64fa6b54cdc,2026-05-20T02:45:00Z,2026-05-20T04:45:00+0200,7597.06,MW,BE,BE,forecast_load,Forecasted Load,2026-06-16T08:13:23Z
2026-06-16T08:13:14Z,2026-06-16T10:13:14+0200,dd6516a5-5fe5-4565-873a-e64fa6b54cdc,2026-05-20T03:00:00Z,2026-05-20T05:00:00+0200,7721.36,MW,BE,BE,forecast_load,Forecasted Load,2026-06-16T08:13:23Z
2026-06-16T08:13:14Z,2026-06-16T10:13:14+0200,dd6516a5-5fe5-4565-873a-e64fa6b54cdc,2026-05-20T03:15:00Z,2026-05-20T05:15:00+0200,7809.17,MW,BE,BE,forecast_load,Forecasted Load,2026-06-16T08:13:23Z
2026-06-16T08:13:14Z,2026-06-16T10:13:14+0200,dd6516a5-5fe5-4565-873a-e64fa6b54cdc,2026-05-20T03:30:00Z,2026-05-20T05:30:00+0200,7918.36,MW,BE,BE,forecast_load,Forecasted Load,2026-06-16T08:13:23Z
2026-06-16T08:13:14Z,2026-06-16T10:13:14+0200,dd6516a5-5fe5-4565-873a-e64fa6b54cdc,2026-05-20T03:45:00Z,2026-05-20T05:45:00+0200,8014.51,MW,BE,BE,forecast_load,Forecasted Load,2026-06-16T08:13:23Z
2026-06-16T08:13:14Z,2026-06-16T10:13:14+0200,dd6516a5-5fe5-4565-873a-e64fa6b54cdc,2026-05-20T04:00:00Z,2026-05-20T06:00:00+0200,8347.17,MW,BE,BE,forecast_load,Forecasted Load,2026-06-16T08:13:23Z
2026-06-16T08:13:14Z,2026-06-16T10:13:14+0200,dd6516a5-5fe5-4565-873a-e64fa6b54cdc,2026-05-20T04:15:00Z,2026-05-20T06:15:00+0200,8517.81,MW,BE,BE,forecast_load,Forecasted Load,2026-06-16T08:13:23Z
2026-06-16T08:13:14Z,2026-06-16T10:13:14+0200,dd6516a5-5fe5-4565-873a-e64fa6b54cdc,2026-05-20T04:30:00Z,2026-05-20T06:30:00+0200,8705.06,MW,BE,BE,forecast_load,Forecasted Load,2026-06-16T08:13:23Z
2026-06-16T08:13:14Z,2026-06-16T10:13:14+0200,dd6516a5-5fe5-4565-873a-e64fa6b54cdc,2026-05-20T04:45:00Z,2026-05-20T06:45:00+0200,8896.04,MW,BE,BE,forecast_load,Forecasted Load,2026-06-16T08:13:23Z
2026-06-16T08:13:14Z,2026-06-16T10:13:14+0200,dd6516a5-5fe5-4565-873a-e64fa6b54cdc,2026-05-20T05:00:00Z,2026-05-20T07:00:00+0200,9192.87,MW,BE,BE,forecast_load,Forecasted Load,2026-06-16T08:13:23Z
2026-06-16T08:13:14Z,2026-06-16T10:13:14+0200,dd6516a5-5fe5-4565-873a-e64fa6b54cdc,2026-05-20T05:15:00Z,2026-05-20T07:15:00+0200,9409.15,MW,BE,BE,forecast_load,Forecasted Load,2026-06-16T08:13:23Z
2026-06-16T08:13:14Z,2026-06-16T10:13:14+0200,dd6516a5-5fe5-4565-873a-e64fa6b54cdc,2026-05-20T05:30:00Z,2026-05-20T07:30:00+0200,9593.53,MW,BE,BE,forecast_load,Forecasted Load,2026-06-16T08:13:23Z
2026-06-16T08:13:14Z,2026-06-16T10:13:14+0200,dd6516a5-5fe5-4565-873a-e64fa6b54cdc,2026-05-20T05:45:00Z,2026-05-20T07:45:00+0200,9738.12,MW,BE,BE,forecast_load,Forecasted Load,2026-06-16T08:13:23Z
2026-06-16T08:13:14Z,2026-06-16T10:13:14+0200,dd6516a5-5fe5-4565-873a-e64fa6b54cdc,2026-05-20T06:00:00Z,2026-05-20T08:00:00+0200,9809.92,MW,BE,BE,forecast_load,Forecasted Load,2026-06-16T08:13:23Z
2026-06-16T08:13:14Z,2026-06-16T10:13:14+0200,dd6516a5-5fe5-4565-873a-e64fa6b54cdc,2026-05-20T06:15:00Z,2026-05-20T08:15:00+0200,9959.42,MW,BE,BE,forecast_load,Forecasted Load,2026-06-16T08:13:23Z
2026-06-16T08:13:14Z,2026-06-16T10:13:14+0200,dd6516a5-5fe5-4565-873a-e64fa6b54cdc,2026-05-20T06:30:00Z,2026-05-20T08:30:00+0200,10154.44,MW,BE,BE,forecast_load,Forecasted Load,2026-06-16T08:13:23Z
2026-06-16T08:13:14Z,2026-06-16T10:13:14+0200,dd6516a5-5fe5-4565-873a-e64fa6b54cdc,2026-05-20T06:45:00Z,2026-05-20T08:45:00+0200,10338.63,MW,BE,BE,forecast_load,Forecasted Load,2026-06-16T08:13:23Z
2026-06-16T08:13:14Z,2026-06-16T10:13:14+0200,dd6516a5-5fe5-4565-873a-e64fa6b54cdc,2026-05-20T07:00:00Z,2026-05-20T09:00:00+0200,10278.12,MW,BE,BE,forecast_load,Forecasted Load,2026-06-16T08:13:23Z
2026-06-16T08:13:14Z,2026-06-16T10:13:14+0200,dd6516a5-5fe5-4565-873a-e64fa6b54cdc,2026-05-20T07:15:00Z,2026-05-20T09:15:00+0200,10305.8,MW,BE,BE,forecast_load,Forecasted Load,2026-06-16T08:13:23Z
2026-06-16T08:13:14Z,2026-06-16T10:13:14+0200,dd6516a5-5fe5-4565-873a-e64fa6b54cdc,2026-05-20T07:30:00Z,2026-05-20T09:30:00+0200,10337.69,MW,BE,BE,forecast_load,Forecasted Load,2026-06-16T08:13:23Z
2026-06-16T08:13:14Z,2026-06-16T10:13:14+0200,dd6516a5-5fe5-4565-873a-e64fa6b54cdc,2026-05-20T07:45:00Z,2026-05-20T09:45:00+0200,10356.37,MW,BE,BE,forecast_load,Forecasted Load,2026-06-16T08:13:23Z
2026-06-16T08:13:14Z,2026-06-16T10:13:14+0200,dd6516a5-5fe5-4565-873a-e64fa6b54cdc,2026-05-20T08:00:00Z,2026-05-20T10:00:00+0200,10264.37,MW,BE,BE,forecast_load,Forecasted Load,2026-06-16T08:13:23Z
2026-06-16T08:13:14Z,2026-06-16T10:13:14+0200,dd6516a5-5fe5-4565-873a-e64fa6b54cdc,2026-05-20T08:15:00Z,2026-05-20T10:15:00+0200,10280.57,MW,BE,BE,forecast_load,Forecasted Load,2026-06-16T08:13:23Z
2026-06-16T08:13:14Z,2026-06-16T10:13:14+0200,dd6516a5-5fe5-4565-873a-e64fa6b54cdc,2026-05-20T08:30:00Z,2026-05-20T10:30:00+0200,10342.41,MW,BE,BE,forecast_load,Forecasted Load,2026-06-16T08:13:23Z
2026-06-16T08:13:14Z,2026-06-16T10:13:14+0200,dd6516a5-5fe5-4565-873a-e64fa6b54cdc,2026-05-20T08:45:00Z,2026-05-20T10:45:00+0200,10394.62,MW,BE,BE,forecast_load,Forecasted Load,2026-06-16T08:13:23Z
2026-06-16T08:13:14Z,2026-06-16T10:13:14+0200,dd6516a5-5fe5-4565-873a-e64fa6b54cdc,2026-05-20T09:00:00Z,2026-05-20T11:00:00+0200,10317.01,MW,BE,BE,forecast_load,Forecasted Load,2026-06-16T08:13:23Z
2026-06-16T08:13:14Z,2026-06-16T10:13:14+0200,dd6516a5-5fe5-4565-873a-e64fa6b54cdc,2026-05-20T09:15:00Z,2026-05-20T11:15:00+0200,10375.74,MW,BE,BE,forecast_load,Forecasted Load,2026-06-16T08:13:23Z
2026-06-16T08:13:14Z,2026-06-16T10:13:14+0200,dd6516a5-5fe5-4565-873a-e64fa6b54cdc,2026-05-20T09:30:00Z,2026-05-20T11:30:00+0200,10405.39,MW,BE,BE,forecast_load,Forecasted Load,2026-06-16T08:13:23Z
2026-06-16T08:13:14Z,2026-06-16T10:13:14+0200,dd6516a5-5fe5-4565-873a-e64fa6b54cdc,2026-05-20T09:45:00Z,2026-05-20T11:45:00+0200,10480.39,MW,BE,BE,forecast_load,Forecasted Load,2026-06-16T08:13:23Z
2026-06-16T08:13:14Z,2026-06-16T10:13:14+0200,dd6516a5-5fe5-4565-873a-e64fa6b54cdc,2026-05-20T10:00:00Z,2026-05-20T12:00:00+0200,10438.93,MW,BE,BE,forecast_load,Forecasted Load,2026-06-16T08:13:23Z
2026-06-16T08:13:14Z,2026-06-16T10:13:14+0200,dd6516a5-5fe5-4565-873a-e64fa6b54cdc,2026-05-20T10:15:00Z,2026-05-20T12:15:00+0200,10384.75,MW,BE,BE,forecast_load,Forecasted Load,2026-06-16T08:13:23Z
2026-06-16T08:13:14Z,2026-06-16T10:13:14+0200,dd6516a5-5fe5-4565-873a-e64fa6b54cdc,2026-05-20T10:30:00Z,2026-05-20T12:30:00+0200,10336.64,MW,BE,BE,forecast_load,Forecasted Load,2026-06-16T08:13:23Z
2026-06-16T08:13:14Z,2026-06-16T10:13:14+0200,dd6516a5-5fe5-4565-873a-e64fa6b54cdc,2026-05-20T10:45:00Z,2026-05-20T12:45:00+0200,10363.24,MW,BE,BE,forecast_load,Forecasted Load,2026-06-16T08:13:23Z
2026-06-16T08:13:14Z,2026-06-16T10:13:14+0200,dd6516a5-5fe5-4565-873a-e64fa6b54cdc,2026-05-20T11:00:00Z,2026-05-20T13:00:00+0200,10404.63,MW,BE,BE,forecast_load,Forecasted Load,2026-06-16T08:13:23Z
2026-06-16T08:13:14Z,2026-06-16T10:13:14+0200,dd6516a5-5fe5-4565-873a-e64fa6b54cdc,2026-05-20T11:15:00Z,2026-05-20T13:15:00+0200,10395.12,MW,BE,BE,forecast_load,Forecasted Load,2026-06-16T08:13:23Z
2026-06-16T08:13:14Z,2026-06-16T10:13:14+0200,dd6516a5-5fe5-4565-873a-e64fa6b54cdc,2026-05-20T11:30:00Z,2026-05-20T13:30:00+0200,10309.87,MW,BE,BE,forecast_load,Forecasted Load,2026-06-16T08:13:23Z
2026-06-16T08:13:14Z,2026-06-16T10:13:14+0200,dd6516a5-5fe5-4565-873a-e64fa6b54cdc,2026-05-20T11:45:00Z,2026-05-20T13:45:00+0200,10291.23,MW,BE,BE,forecast_load,Forecasted Load,2026-06-16T08:13:23Z
2026-06-16T08:13:14Z,2026-06-16T10:13:14+0200,dd6516a5-5fe5-4565-873a-e64fa6b54cdc,2026-05-20T12:00:00Z,2026-05-20T14:00:00+0200,10275.1,MW,BE,BE,forecast_load,Forecasted Load,2026-06-16T08:13:23Z
2026-06-16T08:13:14Z,2026-06-16T10:13:14+0200,dd6516a5-5fe5-4565-873a-e64fa6b54cdc,2026-05-20T12:15:00Z,2026-05-20T14:15:00+0200,10208.01,MW,BE,BE,forecast_load,Forecasted Load,2026-06-16T08:13:23Z
2026-06-16T08:13:14Z,2026-06-16T10:13:14+0200,dd6516a5-5fe5-4565-873a-e64fa6b54cdc,2026-05-20T12:30:00Z,2026-05-20T14:30:00+0200,10118.24,MW,BE,BE,forecast_load,Forecasted Load,2026-06-16T08:13:23Z
2026-06-16T08:13:14Z,2026-06-16T10:13:14+0200,dd6516a5-5fe5-4565-873a-e64fa6b54cdc,2026-05-20T12:45:00Z,2026-05-20T14:45:00+0200,9997.93,MW,BE,BE,forecast_load,Forecasted Load,2026-06-16T08:13:23Z
2026-06-16T08:13:14Z,2026-06-16T10:13:14+0200,dd6516a5-5fe5-4565-873a-e64fa6b54cdc,2026-05-20T13:00:00Z,2026-05-20T15:00:00+0200,9927.8,MW,BE,BE,forecast_load,Forecasted Load,2026-06-16T08:13:23Z
2026-06-16T08:13:14Z,2026-06-16T10:13:14+0200,dd6516a5-5fe5-4565-873a-e64fa6b54cdc,2026-05-20T13:15:00Z,2026-05-20T15:15:00+0200,9819.28,MW,BE,BE,forecast_load,Forecasted Load,2026-06-16T08:13:23Z
2026-06-16T08:13:14Z,2026-06-16T10:13:14+0200,dd6516a5-5fe5-4565-873a-e64fa6b54cdc,2026-05-20T13:30:00Z,2026-05-20T15:30:00+0200,9782.93,MW,BE,BE,forecast_load,Forecasted Load,2026-06-16T08:13:23Z
2026-06-16T08:13:14Z,2026-06-16T10:13:14+0200,dd6516a5-5fe5-4565-873a-e64fa6b54cdc,2026-05-20T13:45:00Z,2026-05-20T15:45:00+0200,9655.64,MW,BE,BE,forecast_load,Forecasted Load,2026-06-16T08:13:23Z
2026-06-16T08:13:14Z,2026-06-16T10:13:14+0200,dd6516a5-5fe5-4565-873a-e64fa6b54cdc,2026-05-20T14:00:00Z,2026-05-20T16:00:00+0200,9630.39,MW,BE,BE,forecast_load,Forecasted Load,2026-06-16T08:13:23Z
2026-06-16T08:13:14Z,2026-06-16T10:13:14+0200,dd6516a5-5fe5-4565-873a-e64fa6b54cdc,2026-05-20T14:15:00Z,2026-05-20T16:15:00+0200,9543.01,MW,BE,BE,forecast_load,Forecasted Load,2026-06-16T08:13:23Z
2026-06-16T08:13:14Z,2026-06-16T10:13:14+0200,dd6516a5-5fe5-4565-873a-e64fa6b54cdc,2026-05-20T14:30:00Z,2026-05-20T16:30:00+0200,9488.19,MW,BE,BE,forecast_load,Forecasted Load,2026-06-16T08:13:23Z
2026-06-16T08:13:14Z,2026-06-16T10:13:14+0200,dd6516a5-5fe5-4565-873a-e64fa6b54cdc,2026-05-20T14:45:00Z,2026-05-20T16:45:00+0200,9463.64,MW,BE,BE,forecast_load,Forecasted Load,2026-06-16T08:13:23Z
2026-06-16T08:13:14Z,2026-06-16T10:13:14+0200,dd6516a5-5fe5-4565-873a-e64fa6b54cdc,2026-05-20T15:00:00Z,2026-05-20T17:00:00+0200,9665.24,MW,BE,BE,forecast_load,Forecasted Load,2026-06-16T08:13:23Z
2026-06-16T08:13:14Z,2026-06-16T10:13:14+0200,dd6516a5-5fe5-4565-873a-e64fa6b54cdc,2026-05-20T15:15:00Z,2026-05-20T17:15:00+0200,9638.66,MW,BE,BE,forecast_load,Forecasted Load,2026-06-16T08:13:23Z
2026-06-16T08:13:14Z,2026-06-16T10:13:14+0200,dd6516a5-5fe5-4565-873a-e64fa6b54cdc,2026-05-20T15:30:00Z,2026-05-20T17:30:00+0200,9712.47,MW,BE,BE,forecast_load,Forecasted Load,2026-06-16T08:13:23Z
2026-06-16T08:13:14Z,2026-06-16T10:13:14+0200,dd6516a5-5fe5-4565-873a-e64fa6b54cdc,2026-05-20T15:45:00Z,2026-05-20T17:45:00+0200,9761.79,MW,BE,BE,forecast_load,Forecasted Load,2026-06-16T08:13:23Z
2026-06-16T08:13:14Z,2026-06-16T10:13:14+0200,dd6516a5-5fe5-4565-873a-e64fa6b54cdc,2026-05-20T16:00:00Z,2026-05-20T18:00:00+0200,9772.5,MW,BE,BE,forecast_load,Forecasted Load,2026-06-16T08:13:23Z
2026-06-16T08:13:14Z,2026-06-16T10:13:14+0200,dd6516a5-5fe5-4565-873a-e64fa6b54cdc,2026-05-20T16:15:00Z,2026-05-20T18:15:00+0200,9762.99,MW,BE,BE,forecast_load,Forecasted Load,2026-06-16T08:13:23Z
2026-06-16T08:13:14Z,2026-06-16T10:13:14+0200,dd6516a5-5fe5-4565-873a-e64fa6b54cdc,2026-05-20T16:30:00Z,2026-05-20T18:30:00+0200,9779.64,MW,BE,BE,forecast_load,Forecasted Load,2026-06-16T08:13:23Z
2026-06-16T08:13:14Z,2026-06-16T10:13:14+0200,dd6516a5-5fe5-4565-873a-e64fa6b54cdc,2026-05-20T16:45:00Z,2026-05-20T18:45:00+0200,9775.76,MW,BE,BE,forecast_load,Forecasted Load,2026-06-16T08:13:23Z
2026-06-16T08:13:14Z,2026-06-16T10:13:14+0200,dd6516a5-5fe5-4565-873a-e64fa6b54cdc,2026-05-20T17:00:00Z,2026-05-20T19:00:00+0200,9805.44,MW,BE,BE,forecast_load,Forecasted Load,2026-06-16T08:13:23Z
2026-06-16T08:13:14Z,2026-06-16T10:13:14+0200,dd6516a5-5fe5-4565-873a-e64fa6b54cdc,2026-05-20T17:15:00Z,2026-05-20T19:15:00+0200,9731.41,MW,BE,BE,forecast_load,Forecasted Load,2026-06-16T08:13:23Z
2026-06-16T08:13:14Z,2026-06-16T10:13:14+0200,dd6516a5-5fe5-4565-873a-e64fa6b54cdc,2026-05-20T17:30:00Z,2026-05-20T19:30:00+0200,9691.52,MW,BE,BE,forecast_load,Forecasted Load,2026-06-16T08:13:23Z
2026-06-16T08:13:14Z,2026-06-16T10:13:14+0200,dd6516a5-5fe5-4565-873a-e64fa6b54cdc,2026-05-20T17:45:00Z,2026-05-20T19:45:00+0200,9579.69,MW,BE,BE,forecast_load,Forecasted Load,2026-06-16T08:13:23Z
2026-06-16T08:13:14Z,2026-06-16T10:13:14+0200,dd6516a5-5fe5-4565-873a-e64fa6b54cdc,2026-05-20T18:00:00Z,2026-05-20T20:00:00+0200,9509.12,MW,BE,BE,forecast_load,Forecasted Load,2026-06-16T08:13:23Z
2026-06-16T08:13:14Z,2026-06-16T10:13:14+0200,dd6516a5-5fe5-4565-873a-e64fa6b54cdc,2026-05-20T18:15:00Z,2026-05-20T20:15:00+0200,9440.45,MW,BE,BE,forecast_load,Forecasted Load,2026-06-16T08:13:23Z
2026-06-16T08:13:14Z,2026-06-16T10:13:14+0200,dd6516a5-5fe5-4565-873a-e64fa6b54cdc,2026-05-20T18:30:00Z,2026-05-20T20:30:00+0200,9358.54,MW,BE,BE,forecast_load,Forecasted Load,2026-06-16T08:13:23Z
2026-06-16T08:13:14Z,2026-06-16T10:13:14+0200,dd6516a5-5fe5-4565-873a-e64fa6b54cdc,2026-05-20T18:45:00Z,2026-05-20T20:45:00+0200,9311.44,MW,BE,BE,forecast_load,Forecasted Load,2026-06-16T08:13:23Z
2026-06-16T08:13:14Z,2026-06-16T10:13:14+0200,dd6516a5-5fe5-4565-873a-e64fa6b54cdc,2026-05-20T19:00:00Z,2026-05-20T21:00:00+0200,9167.82,MW,BE,BE,forecast_load,Forecasted Load,2026-06-16T08:13:23Z
2026-06-16T08:13:14Z,2026-06-16T10:13:14+0200,dd6516a5-5fe5-4565-873a-e64fa6b54cdc,2026-05-20T19:15:00Z,2026-05-20T21:15:00+0200,9164.48,MW,BE,BE,forecast_load,Forecasted Load,2026-06-16T08:13:23Z
2026-06-16T08:13:14Z,2026-06-16T10:13:14+0200,dd6516a5-5fe5-4565-873a-e64fa6b54cdc,2026-05-20T19:30:00Z,2026-05-20T21:30:00+0200,9152.56,MW,BE,BE,forecast_load,Forecasted Load,2026-06-16T08:13:23Z
2026-06-16T08:13:14Z,2026-06-16T10:13:14+0200,dd6516a5-5fe5-4565-873a-e64fa6b54cdc,2026-05-20T19:45:00Z,2026-05-20T21:45:00+0200,9079.62,MW,BE,BE,forecast_load,Forecasted Load,2026-06-16T08:13:23Z
2026-06-16T08:13:14Z,2026-06-16T10:13:14+0200,dd6516a5-5fe5-4565-873a-e64fa6b54cdc,2026-05-20T20:00:00Z,2026-05-20T22:00:00+0200,9127.87,MW,BE,BE,forecast_load,Forecasted Load,2026-06-16T08:13:23Z
2026-06-16T08:13:14Z,2026-06-16T10:13:14+0200,dd6516a5-5fe5-4565-873a-e64fa6b54cdc,2026-05-20T20:15:00Z,2026-05-20T22:15:00+0200,9129.47,MW,BE,BE,forecast_load,Forecasted Load,2026-06-16T08:13:23Z
2026-06-16T08:13:14Z,2026-06-16T10:13:14+0200,dd6516a5-5fe5-4565-873a-e64fa6b54cdc,2026-05-20T20:30:00Z,2026-05-20T22:30:00+0200,9048.6,MW,BE,BE,forecast_load,Forecasted Load,2026-06-16T08:13:23Z
2026-06-16T08:13:14Z,2026-06-16T10:13:14+0200,dd6516a5-5fe5-4565-873a-e64fa6b54cdc,2026-05-20T20:45:00Z,2026-05-20T22:45:00+0200,8939.29,MW,BE,BE,forecast_load,Forecasted Load,2026-06-16T08:13:23Z
2026-06-16T08:13:14Z,2026-06-16T10:13:14+0200,dd6516a5-5fe5-4565-873a-e64fa6b54cdc,2026-05-20T21:00:00Z,2026-05-20T23:00:00+0200,8831.68,MW,BE,BE,forecast_load,Forecasted Load,2026-06-16T08:13:23Z
2026-06-16T08:13:14Z,2026-06-16T10:13:14+0200,dd6516a5-5fe5-4565-873a-e64fa6b54cdc,2026-05-20T21:15:00Z,2026-05-20T23:15:00+0200,8720.28,MW,BE,BE,forecast_load,Forecasted Load,2026-06-16T08:13:23Z
2026-06-16T08:13:14Z,2026-06-16T10:13:14+0200,dd6516a5-5fe5-4565-873a-e64fa6b54cdc,2026-05-20T21:30:00Z,2026-05-20T23:30:00+0200,8612.07,MW,BE,BE,forecast_load,Forecasted Load,2026-06-16T08:13:23Z
2026-06-16T08:13:14Z,2026-06-16T10:13:14+0200,dd6516a5-5fe5-4565-873a-e64fa6b54cdc,2026-05-20T21:45:00Z,2026-05-20T23:45:00+0200,8472.46,MW,BE,BE,forecast_load,Forecasted Load,2026-06-16T08:13:23Z
2026-06-16T08:13:14Z,2026-06-16T10:13:14+0200,dd6516a5-5fe5-4565-873a-e64fa6b54cdc,2026-05-20T22:00:00Z,2026-05-21T00:00:00+0200,8459.41,MW,BE,BE,forecast_load,Forecasted Load,2026-06-16T08:13:23Z
2026-06-16T08:13:14Z,2026-06-16T10:13:14+0200,dd6516a5-5fe5-4565-873a-e64fa6b54cdc,2026-05-20T22:15:00Z,2026-05-21T00:15:00+0200,8306.29,MW,BE,BE,forecast_load,Forecasted Load,2026-06-16T08:13:23Z
2026-06-16T08:13:14Z,2026-06-16T10:13:14+0200,dd6516a5-5fe5-4565-873a-e64fa6b54cdc,2026-05-20T22:30:00Z,2026-05-21T00:30:00+0200,8202.19,MW,BE,BE,forecast_load,Forecasted Load,2026-06-16T08:13:23Z
2026-06-16T08:13:14Z,2026-06-16T10:13:14+0200,dd6516a5-5fe5-4565-873a-e64fa6b54cdc,2026-05-20T22:45:00Z,2026-05-21T00:45:00+0200,8117.54,MW,BE,BE,forecast_load,Forecasted Load,2026-06-16T08:13:23Z
2026-06-16T08:13:14Z,2026-06-16T10:13:14+0200,dd6516a5-5fe5-4565-873a-e64fa6b54cdc,2026-05-20T23:00:00Z,2026-05-21T01:00:00+0200,7993.71,MW,BE,BE,forecast_load,Forecasted Load,2026-06-16T08:13:23Z
2026-06-16T08:13:14Z,2026-06-16T10:13:14+0200,dd6516a5-5fe5-4565-873a-e64fa6b54cdc,2026-05-20T23:15:00Z,2026-05-21T01:15:00+0200,7941.55,MW,BE,BE,forecast_load,Forecasted Load,2026-06-16T08:13:23Z
2026-06-16T08:13:14Z,2026-06-16T10:13:14+0200,dd6516a5-5fe5-4565-873a-e64fa6b54cdc,2026-05-20T23:30:00Z,2026-05-21T01:30:00+0200,7858.51,MW,BE,BE,forecast_load,Forecasted Load,2026-06-16T08:13:23Z
2026-06-16T08:13:14Z,2026-06-16T10:13:14+0200,dd6516a5-5fe5-4565-873a-e64fa6b54cdc,2026-05-20T23:45:00Z,2026-05-21T01:45:00+0200,7809.37,MW,BE,BE,forecast_load,Forecasted Load,2026-06-16T08:13:23Z
2026-06-16T08:13:14Z,2026-06-16T10:13:14+0200,dd6516a5-5fe5-4565-873a-e64fa6b54cdc,2026-05-21T00:00:00Z,2026-05-21T02:00:00+0200,7747.37,MW,BE,BE,forecast_load,Forecasted Load,2026-06-16T08:13:23Z
2026-06-16T08:13:14Z,2026-06-16T10:13:14+0200,dd6516a5-5fe5-4565-873a-e64fa6b54cdc,2026-05-21T00:15:00Z,2026-05-21T02:15:00+0200,7683.84,MW,BE,BE,forecast_load,Forecasted Load,2026-06-16T08:13:23Z
2026-06-16T08:13:14Z,2026-06-16T10:13:14+0200,dd6516a5-5fe5-4565-873a-e64fa6b54cdc,2026-05-21T00:30:00Z,2026-05-21T02:30:00+0200,7654.26,MW,BE,BE,forecast_load,Forecasted Load,2026-06-16T08:13:23Z
2026-06-16T08:13:14Z,2026-06-16T10:13:14+0200,dd6516a5-5fe5-4565-873a-e64fa6b54cdc,2026-05-21T00:45:00Z,2026-05-21T02:45:00+0200,7631.07,MW,BE,BE,forecast_load,Forecasted Load,2026-06-16T08:13:23Z
2026-06-16T08:13:14Z,2026-06-16T10:13:14+0200,dd6516a5-5fe5-4565-873a-e64fa6b54cdc,2026-05-21T01:00:00Z,2026-05-21T03:00:00+0200,7603.41,MW,BE,BE,forecast_load,Forecasted Load,2026-06-16T08:13:23Z
2026-06-16T08:13:14Z,2026-06-16T10:13:14+0200,dd6516a5-5fe5-4565-873a-e64fa6b54cdc,2026-05-21T01:15:00Z,2026-05-21T03:15:00+0200,7580.6,MW,BE,BE,forecast_load,Forecasted Load,2026-06-16T08:13:23Z
2026-06-16T08:13:14Z,2026-06-16T10:13:14+0200,dd6516a5-5fe5-4565-873a-e64fa6b54cdc,2026-05-21T01:30:00Z,2026-05-21T03:30:00+0200,7578.44,MW,BE,BE,forecast_load,Forecasted Load,2026-06-16T08:13:23Z
2026-06-16T08:13:14Z,2026-06-16T10:13:14+0200,dd6516a5-5fe5-4565-873a-e64fa6b54cdc,2026-05-21T01:45:00Z,2026-05-21T03:45:00+0200,7557.51,MW,BE,BE,forecast_load,Forecasted Load,2026-06-16T08:13:23Z
2026-06-16T08:13:14Z,2026-06-16T10:13:14+0200,dd6516a5-5fe5-4565-873a-e64fa6b54cdc,2026-05-21T02:00:00Z,2026-05-21T04:00:00+0200,7589.24,MW,BE,BE,forecast_load,Forecasted Load,2026-06-16T08:13:23Z
2026-06-16T08:13:14Z,2026-06-16T10:13:14+0200,dd6516a5-5fe5-4565-873a-e64fa6b54cdc,2026-05-21T02:15:00Z,2026-05-21T04:15:00+0200,7601.78,MW,BE,BE,forecast_load,Forecasted Load,2026-06-16T08:13:23Z
2026-06-16T08:13:14Z,2026-06-16T10:13:14+0200,dd6516a5-5fe5-4565-873a-e64fa6b54cdc,2026-05-21T02:30:00Z,2026-05-21T04:30:00+0200,7594.59,MW,BE,BE,forecast_load,Forecasted Load,2026-06-16T08:13:23Z
2026-06-16T08:13:14Z,2026-06-16T10:13:14+0200,dd6516a5-5fe5-4565-873a-e64fa6b54cdc,2026-05-21T02:45:00Z,2026-05-21T04:45:00+0200,7659.61,MW,BE,BE,forecast_load,Forecasted Load,2026-06-16T08:13:23Z
2026-06-16T08:13:14Z,2026-06-16T10:13:14+0200,dd6516a5-5fe5-4565-873a-e64fa6b54cdc,2026-05-21T03:00:00Z,2026-05-21T05:00:00+0200,7758.33,MW,BE,BE,forecast_load,Forecasted Load,2026-06-16T08:13:23Z
2026-06-16T08:13:14Z,2026-06-16T10:13:14+0200,dd6516a5-5fe5-4565-873a-e64fa6b54cdc,2026-05-21T03:15:00Z,2026-05-21T05:15:00+0200,7840.44,MW,BE,BE,forecast_load,Forecasted Load,2026-06-16T08:13:23Z
2026-06-16T08:13:14Z,2026-06-16T10:13:14+0200,dd6516a5-5fe5-4565-873a-e64fa6b54cdc,2026-05-21T03:30:00Z,2026-05-21T05:30:00+0200,7946.28,MW,BE,BE,forecast_load,Forecasted Load,2026-06-16T08:13:23Z
2026-06-16T08:13:14Z,2026-06-16T10:13:14+0200,dd6516a5-5fe5-4565-873a-e64fa6b54cdc,2026-05-21T03:45:00Z,2026-05-21T05:45:00+0200,8034.19,MW,BE,BE,forecast_load,Forecasted Load,2026-06-16T08:13:23Z
2026-06-16T08:13:14Z,2026-06-16T10:13:14+0200,dd6516a5-5fe5-4565-873a-e64fa6b54cdc,2026-05-21T04:00:00Z,2026-05-21T06:00:00+0200,8350.23,MW,BE,BE,forecast_load,Forecasted Load,2026-06-16T08:13:23Z
2026-06-16T08:13:14Z,2026-06-16T10:13:14+0200,dd6516a5-5fe5-4565-873a-e64fa6b54cdc,2026-05-21T04:15:00Z,2026-05-21T06:15:00+0200,8523.12,MW,BE,BE,forecast_load,Forecasted Load,2026-06-16T08:13:23Z
2026-06-16T08:13:14Z,2026-06-16T10:13:14+0200,dd6516a5-5fe5-4565-873a-e64fa6b54cdc,2026-05-21T04:30:00Z,2026-05-21T06:30:00+0200,8715.81,MW,BE,BE,forecast_load,Forecasted Load,2026-06-16T08:13:23Z
2026-06-16T08:13:14Z,2026-06-16T10:13:14+0200,dd6516a5-5fe5-4565-873a-e64fa6b54cdc,2026-05-21T04:45:00Z,2026-05-21T06:45:00+0200,8923.55,MW,BE,BE,forecast_load,Forecasted Load,2026-06-16T08:13:23Z
2026-06-16T08:13:14Z,2026-06-16T10:13:14+0200,dd6516a5-5fe5-4565-873a-e64fa6b54cdc,2026-05-21T05:00:00Z,2026-05-21T07:00:00+0200,9093.71,MW,BE,BE,forecast_load,Forecasted Load,2026-06-16T08:13:23Z
2026-06-16T08:13:14Z,2026-06-16T10:13:14+0200,dd6516a5-5fe5-4565-873a-e64fa6b54cdc,2026-05-21T05:15:00Z,2026-05-21T07:15:00+0200,9310.14,MW,BE,BE,forecast_load,Forecasted Load,2026-06-16T08:13:23Z
2026-06-16T08:13:14Z,2026-06-16T10:13:14+0200,dd6516a5-5fe5-4565-873a-e64fa6b54cdc,2026-05-21T05:30:00Z,2026-05-21T07:30:00+0200,9497.34,MW,BE,BE,forecast_load,Forecasted Load,2026-06-16T08:13:23Z
2026-06-16T08:13:14Z,2026-06-16T10:13:14+0200,dd6516a5-5fe5-4565-873a-e64fa6b54cdc,2026-05-21T05:45:00Z,2026-05-21T07:45:00+0200,9650.17,MW,BE,BE,forecast_load,Forecasted Load,2026-06-16T08:13:23Z
2026-06-16T08:13:14Z,2026-06-16T10:13:14+0200,dd6516a5-5fe5-4565-873a-e64fa6b54cdc,2026-05-21T06:00:00Z,2026-05-21T08:00:00+0200,9744.62,MW,BE,BE,forecast_load,Forecasted Load,2026-06-16T08:13:23Z
2026-06-16T08:13:14Z,2026-06-16T10:13:14+0200,dd6516a5-5fe5-4565-873a-e64fa6b54cdc,2026-05-21T06:15:00Z,2026-05-21T08:15:00+0200,9893.8,MW,BE,BE,forecast_load,Forecasted Load,2026-06-16T08:13:23Z
2026-06-16T08:13:14Z,2026-06-16T10:13:14+0200,dd6516a5-5fe5-4565-873a-e64fa6b54cdc,2026-05-21T06:30:00Z,2026-05-21T08:30:00+0200,10091.55,MW,BE,BE,forecast_load,Forecasted Load,2026-06-16T08:13:23Z
2026-06-16T08:13:14Z,2026-06-16T10:13:14+0200,dd6516a5-5fe5-4565-873a-e64fa6b54cdc,2026-05-21T06:45:00Z,2026-05-21T08:45:00+0200,10266.36,MW,BE,BE,forecast_load,Forecasted Load,2026-06-16T08:13:23Z
2026-06-16T08:13:14Z,2026-06-16T10:13:14+0200,dd6516a5-5fe5-4565-873a-e64fa6b54cdc,2026-05-21T07:00:00Z,2026-05-21T09:00:00+0200,10260.79,MW,BE,BE,forecast_load,Forecasted Load,2026-06-16T08:13:23Z
2026-06-16T08:13:14Z,2026-06-16T10:13:14+0200,dd6516a5-5fe5-4565-873a-e64fa6b54cdc,2026-05-21T07:15:00Z,2026-05-21T09:15:00+0200,10296.52,MW,BE,BE,forecast_load,Forecasted Load,2026-06-16T08:13:23Z
2026-06-16T08:13:14Z,2026-06-16T10:13:14+0200,dd6516a5-5fe5-4565-873a-e64fa6b54cdc,2026-05-21T07:30:00Z,2026-05-21T09:30:00+0200,10337.27,MW,BE,BE,forecast_load,Forecasted Load,2026-06-16T08:13:23Z
2026-06-16T08:13:14Z,2026-06-16T10:13:14+0200,dd6516a5-5fe5-4565-873a-e64fa6b54cdc,2026-05-21T07:45:00Z,2026-05-21T09:45:00+0200,10351.65,MW,BE,BE,forecast_load,Forecasted Load,2026-06-16T08:13:23Z
2026-06-16T08:13:14Z,2026-06-16T10:13:14+0200,dd6516a5-5fe5-4565-873a-e64fa6b54cdc,2026-05-21T08:00:00Z,2026-05-21T10:00:00+0200,10346.72,MW,BE,BE,forecast_load,Forecasted Load,2026-06-16T08:13:23Z
2026-06-16T08:13:14Z,2026-06-16T10:13:14+0200,dd6516a5-5fe5-4565-873a-e64fa6b54cdc,2026-05-21T08:15:00Z,2026-05-21T10:15:00+0200,10361.15,MW,BE,BE,forecast_load,Forecasted Load,2026-06-16T08:13:23Z
2026-06-16T08:13:14Z,2026-06-16T10:13:14+0200,dd6516a5-5fe5-4565-873a-e64fa6b54cdc,2026-05-21T08:30:00Z,2026-05-21T10:30:00+0200,10408.9,MW,BE,BE,forecast_load,Forecasted Load,2026-06-16T08:13:23Z
2026-06-16T08:13:14Z,2026-06-16T10:13:14+0200,dd6516a5-5fe5-4565-873a-e64fa6b54cdc,2026-05-21T08:45:00Z,2026-05-21T10:45:00+0200,10450.28,MW,BE,BE,forecast_load,Forecasted Load,2026-06-16T08:13:23Z
2026-06-16T08:13:14Z,2026-06-16T10:13:14+0200,dd6516a5-5fe5-4565-873a-e64fa6b54cdc,2026-05-21T09:00:00Z,2026-05-21T11:00:00+0200,10402.01,MW,BE,BE,forecast_load,Forecasted Load,2026-06-16T08:13:23Z
2026-06-16T08:13:14Z,2026-06-16T10:13:14+0200,dd6516a5-5fe5-4565-873a-e64fa6b54cdc,2026-05-21T09:15:00Z,2026-05-21T11:15:00+0200,10461.72,MW,BE,BE,forecast_load,Forecasted Load,2026-06-16T08:13:23Z
2026-06-16T08:13:14Z,2026-06-16T10:13:14+0200,dd6516a5-5fe5-4565-873a-e64fa6b54cdc,2026-05-21T09:30:00Z,2026-05-21T11:30:00+0200,10488.22,MW,BE,BE,forecast_load,Forecasted Load,2026-06-16T08:13:23Z
2026-06-16T08:13:14Z,2026-06-16T10:13:14+0200,dd6516a5-5fe5-4565-873a-e64fa6b54cdc,2026-05-21T09:45:00Z,2026-05-21T11:45:00+0200,10552.01,MW,BE,BE,forecast_load,Forecasted Load,2026-06-16T08:13:23Z
2026-06-16T08:13:14Z,2026-06-16T10:13:14+0200,dd6516a5-5fe5-4565-873a-e64fa6b54cdc,2026-05-21T10:00:00Z,2026-05-21T12:00:00+0200,10348.92,MW,BE,BE,forecast_load,Forecasted Load,2026-06-16T08:13:23Z
2026-06-16T08:13:14Z,2026-06-16T10:13:14+0200,dd6516a5-5fe5-4565-873a-e64fa6b54cdc,2026-05-21T10:15:00Z,2026-05-21T12:15:00+0200,10272.94,MW,BE,BE,forecast_load,Forecasted Load,2026-06-16T08:13:23Z
2026-06-16T08:13:14Z,2026-06-16T10:13:14+0200,dd6516a5-5fe5-4565-873a-e64fa6b54cdc,2026-05-21T10:30:00Z,2026-05-21T12:30:00+0200,10224.43,MW,BE,BE,forecast_load,Forecasted Load,2026-06-16T08:13:23Z
2026-06-16T08:13:14Z,2026-06-16T10:13:14+0200,dd6516a5-5fe5-4565-873a-e64fa6b54cdc,2026-05-21T10:45:00Z,2026-05-21T12:45:00+0200,10231.33,MW,BE,BE,forecast_load,Forecasted Load,2026-06-16T08:13:23Z
2026-06-16T08:13:14Z,2026-06-16T10:13:14+0200,dd6516a5-5fe5-4565-873a-e64fa6b54cdc,2026-05-21T11:00:00Z,2026-05-21T13:00:00+0200,10271.0,MW,BE,BE,forecast_load,Forecasted Load,2026-06-16T08:13:23Z
2026-06-16T08:13:14Z,2026-06-16T10:13:14+0200,dd6516a5-5fe5-4565-873a-e64fa6b54cdc,2026-05-21T11:15:00Z,2026-05-21T13:15:00+0200,10247.06,MW,BE,BE,forecast_load,Forecasted Load,2026-06-16T08:13:23Z
2026-06-16T08:13:14Z,2026-06-16T10:13:14+0200,dd6516a5-5fe5-4565-873a-e64fa6b54cdc,2026-05-21T11:30:00Z,2026-05-21T13:30:00+0200,10176.64,MW,BE,BE,forecast_load,Forecasted Load,2026-06-16T08:13:23Z
2026-06-16T08:13:14Z,2026-06-16T10:13:14+0200,dd6516a5-5fe5-4565-873a-e64fa6b54cdc,2026-05-21T11:45:00Z,2026-05-21T13:45:00+0200,10158.3,MW,BE,BE,forecast_load,Forecasted Load,2026-06-16T08:13:23Z
2026-06-16T08:13:14Z,2026-06-16T10:13:14+0200,dd6516a5-5fe5-4565-873a-e64fa6b54cdc,2026-05-21T12:00:00Z,2026-05-21T14:00:00+0200,10004.52,MW,BE,BE,forecast_load,Forecasted Load,2026-06-16T08:13:23Z
2026-06-16T08:13:14Z,2026-06-16T10:13:14+0200,dd6516a5-5fe5-4565-873a-e64fa6b54cdc,2026-05-21T12:15:00Z,2026-05-21T14:15:00+0200,9926.25,MW,BE,BE,forecast_load,Forecasted Load,2026-06-16T08:13:23Z
2026-06-16T08:13:14Z,2026-06-16T10:13:14+0200,dd6516a5-5fe5-4565-873a-e64fa6b54cdc,2026-05-21T12:30:00Z,2026-05-21T14:30:00+0200,9854.94,MW,BE,BE,forecast_load,Forecasted Load,2026-06-16T08:13:23Z
2026-06-16T08:13:14Z,2026-06-16T10:13:14+0200,dd6516a5-5fe5-4565-873a-e64fa6b54cdc,2026-05-21T12:45:00Z,2026-05-21T14:45:00+0200,9750.47,MW,BE,BE,forecast_load,Forecasted Load,2026-06-16T08:13:23Z
2026-06-16T08:13:14Z,2026-06-16T10:13:14+0200,dd6516a5-5fe5-4565-873a-e64fa6b54cdc,2026-05-21T13:00:00Z,2026-05-21T15:00:00+0200,9785.62,MW,BE,BE,forecast_load,Forecasted Load,2026-06-16T08:13:23Z
2026-06-16T08:13:14Z,2026-06-16T10:13:14+0200,dd6516a5-5fe5-4565-873a-e64fa6b54cdc,2026-05-21T13:15:00Z,2026-05-21T15:15:00+0200,9671.54,MW,BE,BE,forecast_load,Forecasted Load,2026-06-16T08:13:23Z
2026-06-16T08:13:14Z,2026-06-16T10:13:14+0200,dd6516a5-5fe5-4565-873a-e64fa6b54cdc,2026-05-21T13:30:00Z,2026-05-21T15:30:00+0200,9631.47,MW,BE,BE,forecast_load,Forecasted Load,2026-06-16T08:13:23Z
2026-06-16T08:13:14Z,2026-06-16T10:13:14+0200,dd6516a5-5fe5-4565-873a-e64fa6b54cdc,2026-05-21T13:45:00Z,2026-05-21T15:45:00+0200,9526.96,MW,BE,BE,forecast_load,Forecasted Load,2026-06-16T08:13:23Z
2026-06-16T08:13:14Z,2026-06-16T10:13:14+0200,dd6516a5-5fe5-4565-873a-e64fa6b54cdc,2026-05-21T14:00:00Z,2026-05-21T16:00:00+0200,9664.17,MW,BE,BE,forecast_load,Forecasted Load,2026-06-16T08:13:23Z
2026-06-16T08:13:14Z,2026-06-16T10:13:14+0200,dd6516a5-5fe5-4565-873a-e64fa6b54cdc,2026-05-21T14:15:00Z,2026-05-21T16:15:00+0200,9572.25,MW,BE,BE,forecast_load,Forecasted Load,2026-06-16T08:13:23Z
2026-06-16T08:13:14Z,2026-06-16T10:13:14+0200,dd6516a5-5fe5-4565-873a-e64fa6b54cdc,2026-05-21T14:30:00Z,2026-05-21T16:30:00+0200,9509.37,MW,BE,BE,forecast_load,Forecasted Load,2026-06-16T08:13:23Z
2026-06-16T08:13:14Z,2026-06-16T10:13:14+0200,dd6516a5-5fe5-4565-873a-e64fa6b54cdc,2026-05-21T14:45:00Z,2026-05-21T16:45:00+0200,9475.94,MW,BE,BE,forecast_load,Forecasted Load,2026-06-16T08:13:23Z
2026-06-16T08:13:14Z,2026-06-16T10:13:14+0200,dd6516a5-5fe5-4565-873a-e64fa6b54cdc,2026-05-21T15:00:00Z,2026-05-21T17:00:00+0200,9647.34,MW,BE,BE,forecast_load,Forecasted Load,2026-06-16T08:13:23Z
2026-06-16T08:13:14Z,2026-06-16T10:13:14+0200,dd6516a5-5fe5-4565-873a-e64fa6b54cdc,2026-05-21T15:15:00Z,2026-05-21T17:15:00+0200,9620.34,MW,BE,BE,forecast_load,Forecasted Load,2026-06-16T08:13:23Z
2026-06-16T08:13:14Z,2026-06-16T10:13:14+0200,dd6516a5-5fe5-4565-873a-e64fa6b54cdc,2026-05-21T15:30:00Z,2026-05-21T17:30:00+0200,9680.97,MW,BE,BE,forecast_load,Forecasted Load,2026-06-16T08:13:23Z
2026-06-16T08:13:14Z,2026-06-16T10:13:14+0200,dd6516a5-5fe5-4565-873a-e64fa6b54cdc,2026-05-21T15:45:00Z,2026-05-21T17:45:00+0200,9745.27,MW,BE,BE,forecast_load,Forecasted Load,2026-06-16T08:13:23Z
2026-06-16T08:13:14Z,2026-06-16T10:13:14+0200,dd6516a5-5fe5-4565-873a-e64fa6b54cdc,2026-05-21T16:00:00Z,2026-05-21T18:00:00+0200,9842.95,MW,BE,BE,forecast_load,Forecasted Load,2026-06-16T08:13:23Z
2026-06-16T08:13:14Z,2026-06-16T10:13:14+0200,dd6516a5-5fe5-4565-873a-e64fa6b54cdc,2026-05-21T16:15:00Z,2026-05-21T18:15:00+0200,9839.99,MW,BE,BE,forecast_load,Forecasted Load,2026-06-16T08:13:23Z
2026-06-16T08:13:14Z,2026-06-16T10:13:14+0200,dd6516a5-5fe5-4565-873a-e64fa6b54cdc,2026-05-21T16:30:00Z,2026-05-21T18:30:00+0200,9847.51,MW,BE,BE,forecast_load,Forecasted Load,2026-06-16T08:13:23Z
2026-06-16T08:13:14Z,2026-06-16T10:13:14+0200,dd6516a5-5fe5-4565-873a-e64fa6b54cdc,2026-05-21T16:45:00Z,2026-05-21T18:45:00+0200,9832.74,MW,BE,BE,forecast_load,Forecasted Load,2026-06-16T08:13:23Z
2026-06-16T08:13:14Z,2026-06-16T10:13:14+0200,dd6516a5-5fe5-4565-873a-e64fa6b54cdc,2026-05-21T17:00:00Z,2026-05-21T19:00:00+0200,9853.79,MW,BE,BE,forecast_load,Forecasted Load,2026-06-16T08:13:23Z
2026-06-16T08:13:14Z,2026-06-16T10:13:14+0200,dd6516a5-5fe5-4565-873a-e64fa6b54cdc,2026-05-21T17:15:00Z,2026-05-21T19:15:00+0200,9779.44,MW,BE,BE,forecast_load,Forecasted Load,2026-06-16T08:13:23Z
2026-06-16T08:13:14Z,2026-06-16T10:13:14+0200,dd6516a5-5fe5-4565-873a-e64fa6b54cdc,2026-05-21T17:30:00Z,2026-05-21T19:30:00+0200,9727.61,MW,BE,BE,forecast_load,Forecasted Load,2026-06-16T08:13:23Z
2026-06-16T08:13:14Z,2026-06-16T10:13:14+0200,dd6516a5-5fe5-4565-873a-e64fa6b54cdc,2026-05-21T17:45:00Z,2026-05-21T19:45:00+0200,9611.41,MW,BE,BE,forecast_load,Forecasted Load,2026-06-16T08:13:23Z
2026-06-16T08:13:14Z,2026-06-16T10:13:14+0200,dd6516a5-5fe5-4565-873a-e64fa6b54cdc,2026-05-21T18:00:00Z,2026-05-21T20:00:00+0200,9603.07,MW,BE,BE,forecast_load,Forecasted Load,2026-06-16T08:13:23Z
2026-06-16T08:13:14Z,2026-06-16T10:13:14+0200,dd6516a5-5fe5-4565-873a-e64fa6b54cdc,2026-05-21T18:15:00Z,2026-05-21T20:15:00+0200,9519.47,MW,BE,BE,forecast_load,Forecasted Load,2026-06-16T08:13:23Z
2026-06-16T08:13:14Z,2026-06-16T10:13:14+0200,dd6516a5-5fe5-4565-873a-e64fa6b54cdc,2026-05-21T18:30:00Z,2026-05-21T20:30:00+0200,9439.47,MW,BE,BE,forecast_load,Forecasted Load,2026-06-16T08:13:23Z
2026-06-16T08:13:14Z,2026-06-16T10:13:14+0200,dd6516a5-5fe5-4565-873a-e64fa6b54cdc,2026-05-21T18:45:00Z,2026-05-21T20:45:00+0200,9382.16,MW,BE,BE,forecast_load,Forecasted Load,2026-06-16T08:13:23Z
2026-06-16T08:13:14Z,2026-06-16T10:13:14+0200,dd6516a5-5fe5-4565-873a-e64fa6b54cdc,2026-05-21T19:00:00Z,2026-05-21T21:00:00+0200,9216.32,MW,BE,BE,forecast_load,Forecasted Load,2026-06-16T08:13:23Z
2026-06-16T08:13:14Z,2026-06-16T10:13:14+0200,dd6516a5-5fe5-4565-873a-e64fa6b54cdc,2026-05-21T19:15:00Z,2026-05-21T21:15:00+0200,9210.86,MW,BE,BE,forecast_load,Forecasted Load,2026-06-16T08:13:23Z
2026-06-16T08:13:14Z,2026-06-16T10:13:14+0200,dd6516a5-5fe5-4565-873a-e64fa6b54cdc,2026-05-21T19:30:00Z,2026-05-21T21:30:00+0200,9214.17,MW,BE,BE,forecast_load,Forecasted Load,2026-06-16T08:13:23Z
2026-06-16T08:13:14Z,2026-06-16T10:13:14+0200,dd6516a5-5fe5-4565-873a-e64fa6b54cdc,2026-05-21T19:45:00Z,2026-05-21T21:45:00+0200,9155.07,MW,BE,BE,forecast_load,Forecasted Load,2026-06-16T08:13:23Z
2026-06-16T08:13:14Z,2026-06-16T10:13:14+0200,dd6516a5-5fe5-4565-873a-e64fa6b54cdc,2026-05-21T20:00:00Z,2026-05-21T22:00:00+0200,9152.44,MW,BE,BE,forecast_load,Forecasted Load,2026-06-16T08:13:23Z
2026-06-16T08:13:14Z,2026-06-16T10:13:14+0200,dd6516a5-5fe5-4565-873a-e64fa6b54cdc,2026-05-21T20:15:00Z,2026-05-21T22:15:00+0200,9152.73,MW,BE,BE,forecast_load,Forecasted Load,2026-06-16T08:13:23Z
2026-06-16T08:13:14Z,2026-06-16T10:13:14+0200,dd6516a5-5fe5-4565-873a-e64fa6b54cdc,2026-05-21T20:30:00Z,2026-05-21T22:30:00+0200,9061.96,MW,BE,BE,forecast_load,Forecasted Load,2026-06-16T08:13:23Z
2026-06-16T08:13:14Z,2026-06-16T10:13:14+0200,dd6516a5-5fe5-4565-873a-e64fa6b54cdc,2026-05-21T20:45:00Z,2026-05-21T22:45:00+0200,8947.65,MW,BE,BE,forecast_load,Forecasted Load,2026-06-16T08:13:23Z
2026-06-16T08:13:14Z,2026-06-16T10:13:14+0200,dd6516a5-5fe5-4565-873a-e64fa6b54cdc,2026-05-21T21:00:00Z,2026-05-21T23:00:00+0200,8855.88,MW,BE,BE,forecast_load,Forecasted Load,2026-06-16T08:13:23Z
2026-06-16T08:13:14Z,2026-06-16T10:13:14+0200,dd6516a5-5fe5-4565-873a-e64fa6b54cdc,2026-05-21T21:15:00Z,2026-05-21T23:15:00+0200,8746.48,MW,BE,BE,forecast_load,Forecasted Load,2026-06-16T08:13:23Z
2026-06-16T08:13:14Z,2026-06-16T10:13:14+0200,dd6516a5-5fe5-4565-873a-e64fa6b54cdc,2026-05-21T21:30:00Z,2026-05-21T23:30:00+0200,8637.45,MW,BE,BE,forecast_load,Forecasted Load,2026-06-16T08:13:23Z
2026-06-16T08:13:14Z,2026-06-16T10:13:14+0200,dd6516a5-5fe5-4565-873a-e64fa6b54cdc,2026-05-21T21:45:00Z,2026-05-21T23:45:00+0200,8503.12,MW,BE,BE,forecast_load,Forecasted Load,2026-06-16T08:13:23Z
2026-06-16T08:13:14Z,2026-06-16T10:13:14+0200,dd6516a5-5fe5-4565-873a-e64fa6b54cdc,2026-05-21T22:00:00Z,2026-05-22T00:00:00+0200,8517.85,MW,BE,BE,forecast_load,Forecasted Load,2026-06-16T08:13:23Z
2026-06-16T08:13:14Z,2026-06-16T10:13:14+0200,dd6516a5-5fe5-4565-873a-e64fa6b54cdc,2026-05-21T22:15:00Z,2026-05-22T00:15:00+0200,8367.61,MW,BE,BE,forecast_load,Forecasted Load,2026-06-16T08:13:23Z
2026-06-16T08:13:14Z,2026-06-16T10:13:14+0200,dd6516a5-5fe5-4565-873a-e64fa6b54cdc,2026-05-21T22:30:00Z,2026-05-22T00:30:00+0200,8262.04,MW,BE,BE,forecast_load,Forecasted Load,2026-06-16T08:13:23Z
2026-06-16T08:13:14Z,2026-06-16T10:13:14+0200,dd6516a5-5fe5-4565-873a-e64fa6b54cdc,2026-05-21T22:45:00Z,2026-05-22T00:45:00+0200,8175.09,MW,BE,BE,forecast_load,Forecasted Load,2026-06-16T08:13:23Z
2026-06-16T08:13:14Z,2026-06-16T10:13:14+0200,dd6516a5-5fe5-4565-873a-e64fa6b54cdc,2026-05-21T23:00:00Z,2026-05-22T01:00:00+0200,8071.09,MW,BE,BE,forecast_load,Forecasted Load,2026-06-16T08:13:23Z
2026-06-16T08:13:14Z,2026-06-16T10:13:14+0200,dd6516a5-5fe5-4565-873a-e64fa6b54cdc,2026-05-21T23:15:00Z,2026-05-22T01:15:00+0200,8002.57,MW,BE,BE,forecast_load,Forecasted Load,2026-06-16T08:13:23Z
2026-06-16T08:13:14Z,2026-06-16T10:13:14+0200,dd6516a5-5fe5-4565-873a-e64fa6b54cdc,2026-05-21T23:30:00Z,2026-05-22T01:30:00+0200,7918.73,MW,BE,BE,forecast_load,Forecasted Load,2026-06-16T08:13:23Z
2026-06-16T08:13:14Z,2026-06-16T10:13:14+0200,dd6516a5-5fe5-4565-873a-e64fa6b54cdc,2026-05-21T23:45:00Z,2026-05-22T01:45:00+0200,7863.11,MW,BE,BE,forecast_load,Forecasted Load,2026-06-16T08:13:23Z
2026-06-16T08:13:14Z,2026-06-16T10:13:14+0200,dd6516a5-5fe5-4565-873a-e64fa6b54cdc,2026-05-22T00:00:00Z,2026-05-22T02:00:00+0200,7793.72,MW,BE,BE,forecast_load,Forecasted Load,2026-06-16T08:13:23Z
2026-06-16T08:13:14Z,2026-06-16T10:13:14+0200,dd6516a5-5fe5-4565-873a-e64fa6b54cdc,2026-05-22T00:15:00Z,2026-05-22T02:15:00+0200,7747.09,MW,BE,BE,forecast_load,Forecasted Load,2026-06-16T08:13:23Z
2026-06-16T08:13:14Z,2026-06-16T10:13:14+0200,dd6516a5-5fe5-4565-873a-e64fa6b54cdc,2026-05-22T00:30:00Z,2026-05-22T02:30:00+0200,7715.33,MW,BE,BE,forecast_load,Forecasted Load,2026-06-16T08:13:23Z
2026-06-16T08:13:14Z,2026-06-16T10:13:14+0200,dd6516a5-5fe5-4565-873a-e64fa6b54cdc,2026-05-22T00:45:00Z,2026-05-22T02:45:00+0200,7692.66,MW,BE,BE,forecast_load,Forecasted Load,2026-06-16T08:13:23Z
2026-06-16T08:13:14Z,2026-06-16T10:13:14+0200,dd6516a5-5fe5-4565-873a-e64fa6b54cdc,2026-05-22T01:00:00Z,2026-05-22T03:00:00+0200,7680.17,MW,BE,BE,forecast_load,Forecasted Load,2026-06-16T08:13:23Z
2026-06-16T08:13:14Z,2026-06-16T10:13:14+0200,dd6516a5-5fe5-4565-873a-e64fa6b54cdc,2026-05-22T01:15:00Z,2026-05-22T03:15:00+0200,7660.52,MW,BE,BE,forecast_load,Forecasted Load,2026-06-16T08:13:23Z
2026-06-16T08:13:14Z,2026-06-16T10:13:14+0200,dd6516a5-5fe5-4565-873a-e64fa6b54cdc,2026-05-22T01:30:00Z,2026-05-22T03:30:00+0200,7657.87,MW,BE,BE,forecast_load,Forecasted Load,2026-06-16T08:13:23Z
2026-06-16T08:13:14Z,2026-06-16T10:13:14+0200,dd6516a5-5fe5-4565-873a-e64fa6b54cdc,2026-05-22T01:45:00Z,2026-05-22T03:45:00+0200,7642.21,MW,BE,BE,forecast_load,Forecasted Load,2026-06-16T08:13:23Z
2026-06-16T08:13:14Z,2026-06-16T10:13:14+0200,dd6516a5-5fe5-4565-873a-e64fa6b54cdc,2026-05-22T02:00:00Z,2026-05-22T04:00:00+0200,7703.73,MW,BE,BE,forecast_load,Forecasted Load,2026-06-16T08:13:23Z
2026-06-16T08:13:14Z,2026-06-16T10:13:14+0200,dd6516a5-5fe5-4565-873a-e64fa6b54cdc,2026-05-22T02:15:00Z,2026-05-22T04:15:00+0200,7722.6,MW,BE,BE,forecast_load,Forecasted Load,2026-06-16T08:13:23Z
2026-06-16T08:13:14Z,2026-06-16T10:13:14+0200,dd6516a5-5fe5-4565-873a-e64fa6b54cdc,2026-05-22T02:30:00Z,2026-05-22T04:30:00+0200,7713.77,MW,BE,BE,forecast_load,Forecasted Load,2026-06-16T08:13:23Z
2026-06-16T08:13:14Z,2026-06-16T10:13:14+0200,dd6516a5-5fe5-4565-873a-e64fa6b54cdc,2026-05-22T02:45:00Z,2026-05-22T04:45:00+0200,7784.68,MW,BE,BE,forecast_load,Forecasted Load,2026-06-16T08:13:23Z
2026-06-16T08:13:14Z,2026-06-16T10:13:14+0200,dd6516a5-5fe5-4565-873a-e64fa6b54cdc,2026-05-22T03:00:00Z,2026-05-22T05:00:00+0200,7853.64,MW,BE,BE,forecast_load,Forecasted Load,2026-06-16T08:13:23Z
2026-06-16T08:13:14Z,2026-06-16T10:13:14+0200,dd6516a5-5fe5-4565-873a-e64fa6b54cdc,2026-05-22T03:15:00Z,2026-05-22T05:15:00+0200,7937.2,MW,BE,BE,forecast_load,Forecasted Load,2026-06-16T08:13:23Z
2026-06-16T08:13:14Z,2026-06-16T10:13:14+0200,dd6516a5-5fe5-4565-873a-e64fa6b54cdc,2026-05-22T03:30:00Z,2026-05-22T05:30:00+0200,8040.87,MW,BE,BE,forecast_load,Forecasted Load,2026-06-16T08:13:23Z
2026-06-16T08:13:14Z,2026-06-16T10:13:14+0200,dd6516a5-5fe5-4565-873a-e64fa6b54cdc,2026-05-22T03:45:00Z,2026-05-22T05:45:00+0200,8126.11,MW,BE,BE,forecast_load,Forecasted Load,2026-06-16T08:13:23Z
2026-06-16T08:13:14Z,2026-06-16T10:13:14+0200,dd6516a5-5fe5-4565-873a-e64fa6b54cdc,2026-05-22T04:00:00Z,2026-05-22T06:00:00+0200,8368.27,MW,BE,BE,forecast_load,Forecasted Load,2026-06-16T08:13:23Z
2026-06-16T08:13:14Z,2026-06-16T10:13:14+0200,dd6516a5-5fe5-4565-873a-e64fa6b54cdc,2026-05-22T04:15:00Z,2026-05-22T06:15:00+0200,8546.26,MW,BE,BE,forecast_load,Forecasted Load,2026-06-16T08:13:23Z
2026-06-16T08:13:14Z,2026-06-16T10:13:14+0200,dd6516a5-5fe5-4565-873a-e64fa6b54cdc,2026-05-22T04:30:00Z,2026-05-22T06:30:00+0200,8735.62,MW,BE,BE,forecast_load,Forecasted Load,2026-06-16T08:13:23Z
2026-06-16T08:13:14Z,2026-06-16T10:13:14+0200,dd6516a5-5fe5-4565-873a-e64fa6b54cdc,2026-05-22T04:45:00Z,2026-05-22T06:45:00+0200,8946.94,MW,BE,BE,forecast_load,Forecasted Load,2026-06-16T08:13:23Z
2026-06-16T08:13:14Z,2026-06-16T10:13:14+0200,dd6516a5-5fe5-4565-873a-e64fa6b54cdc,2026-05-22T05:00:00Z,2026-05-22T07:00:00+0200,9157.73,MW,BE,BE,forecast_load,Forecasted Load,2026-06-16T08:13:23Z
2026-06-16T08:13:14Z,2026-06-16T10:13:14+0200,dd6516a5-5fe5-4565-873a-e64fa6b54cdc,2026-05-22T05:15:00Z,2026-05-22T07:15:00+0200,9380.56,MW,BE,BE,forecast_load,Forecasted Load,2026-06-16T08:13:23Z
2026-06-16T08:13:14Z,2026-06-16T10:13:14+0200,dd6516a5-5fe5-4565-873a-e64fa6b54cdc,2026-05-22T05:30:00Z,2026-05-22T07:30:00+0200,9560.81,MW,BE,BE,forecast_load,Forecasted Load,2026-06-16T08:13:23Z
2026-06-16T08:13:14Z,2026-06-16T10:13:14+0200,dd6516a5-5fe5-4565-873a-e64fa6b54cdc,2026-05-22T05:45:00Z,2026-05-22T07:45:00+0200,9716.72,MW,BE,BE,forecast_load,Forecasted Load,2026-06-16T08:13:23Z
2026-06-16T08:13:14Z,2026-06-16T10:13:14+0200,dd6516a5-5fe5-4565-873a-e64fa6b54cdc,2026-05-22T06:00:00Z,2026-05-22T08:00:00+0200,9730.21,MW,BE,BE,forecast_load,Forecasted Load,2026-06-16T08:13:23Z
2026-06-16T08:13:14Z,2026-06-16T10:13:14+0200,dd6516a5-5fe5-4565-873a-e64fa6b54cdc,2026-05-22T06:15:00Z,2026-05-22T08:15:00+0200,9869.12,MW,BE,BE,forecast_load,Forecasted Load,2026-06-16T08:13:23Z
2026-06-16T08:13:14Z,2026-06-16T10:13:14+0200,dd6516a5-5fe5-4565-873a-e64fa6b54cdc,2026-05-22T06:30:00Z,2026-05-22T08:30:00+0200,10068.1,MW,BE,BE,forecast_load,Forecasted Load,2026-06-16T08:13:23Z
2026-06-16T08:13:14Z,2026-06-16T10:13:14+0200,dd6516a5-5fe5-4565-873a-e64fa6b54cdc,2026-05-22T06:45:00Z,2026-05-22T08:45:00+0200,10230.91,MW,BE,BE,forecast_load,Forecasted Load,2026-06-16T08:13:23Z
2026-06-16T08:13:14Z,2026-06-16T10:13:14+0200,dd6516a5-5fe5-4565-873a-e64fa6b54cdc,2026-05-22T07:00:00Z,2026-05-22T09:00:00+0200,10267.2,MW,BE,BE,forecast_load,Forecasted Load,2026-06-16T08:13:23Z
2026-06-16T08:13:14Z,2026-06-16T10:13:14+0200,dd6516a5-5fe5-4565-873a-e64fa6b54cdc,2026-05-22T07:15:00Z,2026-05-22T09:15:00+0200,10307.84,MW,BE,BE,forecast_load,Forecasted Load,2026-06-16T08:13:23Z
2026-06-16T08:13:14Z,2026-06-16T10:13:14+0200,dd6516a5-5fe5-4565-873a-e64fa6b54cdc,2026-05-22T07:30:00Z,2026-05-22T09:30:00+0200,10341.11,MW,BE,BE,forecast_load,Forecasted Load,2026-06-16T08:13:23Z
2026-06-16T08:13:14Z,2026-06-16T10:13:14+0200,dd6516a5-5fe5-4565-873a-e64fa6b54cdc,2026-05-22T07:45:00Z,2026-05-22T09:45:00+0200,10344.42,MW,BE,BE,forecast_load,Forecasted Load,2026-06-16T08:13:23Z
2026-06-16T08:13:14Z,2026-06-16T10:13:14+0200,dd6516a5-5fe5-4565-873a-e64fa6b54cdc,2026-05-22T08:00:00Z,2026-05-22T10:00:00+0200,10447.5,MW,BE,BE,forecast_load,Forecasted Load,2026-06-16T08:13:23Z
2026-06-16T08:13:14Z,2026-06-16T10:13:14+0200,dd6516a5-5fe5-4565-873a-e64fa6b54cdc,2026-05-22T08:15:00Z,2026-05-22T10:15:00+0200,10465.31,MW,BE,BE,forecast_load,Forecasted Load,2026-06-16T08:13:23Z
2026-06-16T08:13:14Z,2026-06-16T10:13:14+0200,dd6516a5-5fe5-4565-873a-e64fa6b54cdc,2026-05-22T08:30:00Z,2026-05-22T10:30:00+0200,10528.47,MW,BE,BE,forecast_load,Forecasted Load,2026-06-16T08:13:23Z
2026-06-16T08:13:14Z,2026-06-16T10:13:14+0200,dd6516a5-5fe5-4565-873a-e64fa6b54cdc,2026-05-22T08:45:00Z,2026-05-22T10:45:00+0200,10581.58,MW,BE,BE,forecast_load,Forecasted Load,2026-06-16T08:13:23Z
2026-06-16T08:13:14Z,2026-06-16T10:13:14+0200,dd6516a5-5fe5-4565-873a-e64fa6b54cdc,2026-05-22T09:00:00Z,2026-05-22T11:00:00+0200,10630.12,MW,BE,BE,forecast_load,Forecasted Load,2026-06-16T08:13:23Z
2026-06-16T08:13:14Z,2026-06-16T10:13:14+0200,dd6516a5-5fe5-4565-873a-e64fa6b54cdc,2026-05-22T09:15:00Z,2026-05-22T11:15:00+0200,10686.66,MW,BE,BE,forecast_load,Forecasted Load,2026-06-16T08:13:23Z
2026-06-16T08:13:14Z,2026-06-16T10:13:14+0200,dd6516a5-5fe5-4565-873a-e64fa6b54cdc,2026-05-22T09:30:00Z,2026-05-22T11:30:00+0200,10727.17,MW,BE,BE,forecast_load,Forecasted Load,2026-06-16T08:13:23Z
2026-06-16T08:13:14Z,2026-06-16T10:13:14+0200,dd6516a5-5fe5-4565-873a-e64fa6b54cdc,2026-05-22T09:45:00Z,2026-05-22T11:45:00+0200,10787.84,MW,BE,BE,forecast_load,Forecasted Load,2026-06-16T08:13:23Z
2026-06-16T08:13:14Z,2026-06-16T10:13:14+0200,dd6516a5-5fe5-4565-873a-e64fa6b54cdc,2026-05-22T10:00:00Z,2026-05-22T12:00:00+0200,10661.09,MW,BE,BE,forecast_load,Forecasted Load,2026-06-16T08:13:23Z
2026-06-16T08:13:14Z,2026-06-16T10:13:14+0200,dd6516a5-5fe5-4565-873a-e64fa6b54cdc,2026-05-22T10:15:00Z,2026-05-22T12:15:00+0200,10578.31,MW,BE,BE,forecast_load,Forecasted Load,2026-06-16T08:13:23Z
2026-06-16T08:13:14Z,2026-06-16T10:13:14+0200,dd6516a5-5fe5-4565-873a-e64fa6b54cdc,2026-05-22T10:30:00Z,2026-05-22T12:30:00+0200,10520.99,MW,BE,BE,forecast_load,Forecasted Load,2026-06-16T08:13:23Z
2026-06-16T08:13:14Z,2026-06-16T10:13:14+0200,dd6516a5-5fe5-4565-873a-e64fa6b54cdc,2026-05-22T10:45:00Z,2026-05-22T12:45:00+0200,10510.83,MW,BE,BE,forecast_load,Forecasted Load,2026-06-16T08:13:23Z
2026-06-16T08:13:14Z,2026-06-16T10:13:14+0200,dd6516a5-5fe5-4565-873a-e64fa6b54cdc,2026-05-22T11:00:00Z,2026-05-22T13:00:00+0200,10430.86,MW,BE,BE,forecast_load,Forecasted Load,2026-06-16T08:13:23Z
2026-06-16T08:13:14Z,2026-06-16T10:13:14+0200,dd6516a5-5fe5-4565-873a-e64fa6b54cdc,2026-05-22T11:15:00Z,2026-05-22T13:15:00+0200,10431.04,MW,BE,BE,forecast_load,Forecasted Load,2026-06-16T08:13:23Z
2026-06-16T08:13:14Z,2026-06-16T10:13:14+0200,dd6516a5-5fe5-4565-873a-e64fa6b54cdc,2026-05-22T11:30:00Z,2026-05-22T13:30:00+0200,10334.95,MW,BE,BE,forecast_load,Forecasted Load,2026-06-16T08:13:23Z
2026-06-16T08:13:14Z,2026-06-16T10:13:14+0200,dd6516a5-5fe5-4565-873a-e64fa6b54cdc,2026-05-22T11:45:00Z,2026-05-22T13:45:00+0200,10321.66,MW,BE,BE,forecast_load,Forecasted Load,2026-06-16T08:13:23Z
2026-06-16T08:13:14Z,2026-06-16T10:13:14+0200,dd6516a5-5fe5-4565-873a-e64fa6b54cdc,2026-05-22T12:00:00Z,2026-05-22T14:00:00+0200,10245.09,MW,BE,BE,forecast_load,Forecasted Load,2026-06-16T08:13:23Z
2026-06-16T08:13:14Z,2026-06-16T10:13:14+0200,dd6516a5-5fe5-4565-873a-e64fa6b54cdc,2026-05-22T12:15:00Z,2026-05-22T14:15:00+0200,10154.12,MW,BE,BE,forecast_load,Forecasted Load,2026-06-16T08:13:23Z
2026-06-16T08:13:14Z,2026-06-16T10:13:14+0200,dd6516a5-5fe5-4565-873a-e64fa6b54cdc,2026-05-22T12:30:00Z,2026-05-22T14:30:00+0200,10078.5,MW,BE,BE,forecast_load,Forecasted Load,2026-06-16T08:13:23Z
2026-06-16T08:13:14Z,2026-06-16T10:13:14+0200,dd6516a5-5fe5-4565-873a-e64fa6b54cdc,2026-05-22T12:45:00Z,2026-05-22T14:45:00+0200,9989.41,MW,BE,BE,forecast_load,Forecasted Load,2026-06-16T08:13:23Z
2026-06-16T08:13:14Z,2026-06-16T10:13:14+0200,dd6516a5-5fe5-4565-873a-e64fa6b54cdc,2026-05-22T13:00:00Z,2026-05-22T15:00:00+0200,9893.97,MW,BE,BE,forecast_load,Forecasted Load,2026-06-16T08:13:23Z
2026-06-16T08:13:14Z,2026-06-16T10:13:14+0200,dd6516a5-5fe5-4565-873a-e64fa6b54cdc,2026-05-22T13:15:00Z,2026-05-22T15:15:00+0200,9770.62,MW,BE,BE,forecast_load,Forecasted Load,2026-06-16T08:13:23Z
2026-06-16T08:13:14Z,2026-06-16T10:13:14+0200,dd6516a5-5fe5-4565-873a-e64fa6b54cdc,2026-05-22T13:30:00Z,2026-05-22T15:30:00+0200,9728.61,MW,BE,BE,forecast_load,Forecasted Load,2026-06-16T08:13:23Z
2026-06-16T08:13:14Z,2026-06-16T10:13:14+0200,dd6516a5-5fe5-4565-873a-e64fa6b54cdc,2026-05-22T13:45:00Z,2026-05-22T15:45:00+0200,9629.91,MW,BE,BE,forecast_load,Forecasted Load,2026-06-16T08:13:23Z
2026-06-16T08:13:14Z,2026-06-16T10:13:14+0200,dd6516a5-5fe5-4565-873a-e64fa6b54cdc,2026-05-22T14:00:00Z,2026-05-22T16:00:00+0200,9710.65,MW,BE,BE,forecast_load,Forecasted Load,2026-06-16T08:13:23Z
2026-06-16T08:13:14Z,2026-06-16T10:13:14+0200,dd6516a5-5fe5-4565-873a-e64fa6b54cdc,2026-05-22T14:15:00Z,2026-05-22T16:15:00+0200,9589.99,MW,BE,BE,forecast_load,Forecasted Load,2026-06-16T08:13:23Z
2026-06-16T08:13:14Z,2026-06-16T10:13:14+0200,dd6516a5-5fe5-4565-873a-e64fa6b54cdc,2026-05-22T14:30:00Z,2026-05-22T16:30:00+0200,9513.55,MW,BE,BE,forecast_load,Forecasted Load,2026-06-16T08:13:23Z
2026-06-16T08:13:14Z,2026-06-16T10:13:14+0200,dd6516a5-5fe5-4565-873a-e64fa6b54cdc,2026-05-22T14:45:00Z,2026-05-22T16:45:00+0200,9468.64,MW,BE,BE,forecast_load,Forecasted Load,2026-06-16T08:13:23Z
2026-06-16T08:13:14Z,2026-06-16T10:13:14+0200,dd6516a5-5fe5-4565-873a-e64fa6b54cdc,2026-05-22T15:00:00Z,2026-05-22T17:00:00+0200,9404.54,MW,BE,BE,forecast_load,Forecasted Load,2026-06-16T08:13:23Z
2026-06-16T08:13:14Z,2026-06-16T10:13:14+0200,dd6516a5-5fe5-4565-873a-e64fa6b54cdc,2026-05-22T15:15:00Z,2026-05-22T17:15:00+0200,9403.72,MW,BE,BE,forecast_load,Forecasted Load,2026-06-16T08:13:23Z
2026-06-16T08:13:14Z,2026-06-16T10:13:14+0200,dd6516a5-5fe5-4565-873a-e64fa6b54cdc,2026-05-22T15:30:00Z,2026-05-22T17:30:00+0200,9473.52,MW,BE,BE,forecast_load,Forecasted Load,2026-06-16T08:13:23Z
2026-06-16T08:13:14Z,2026-06-16T10:13:14+0200,dd6516a5-5fe5-4565-873a-e64fa6b54cdc,2026-05-22T15:45:00Z,2026-05-22T17:45:00+0200,9505.39,MW,BE,BE,forecast_load,Forecasted Load,2026-06-16T08:13:23Z
2026-06-16T08:13:14Z,2026-06-16T10:13:14+0200,dd6516a5-5fe5-4565-873a-e64fa6b54cdc,2026-05-22T16:00:00Z,2026-05-22T18:00:00+0200,9435.12,MW,BE,BE,forecast_load,Forecasted Load,2026-06-16T08:13:23Z
2026-06-16T08:13:14Z,2026-06-16T10:13:14+0200,dd6516a5-5fe5-4565-873a-e64fa6b54cdc,2026-05-22T16:15:00Z,2026-05-22T18:15:00+0200,9434.77,MW,BE,BE,forecast_load,Forecasted Load,2026-06-16T08:13:23Z
2026-06-16T08:13:14Z,2026-06-16T10:13:14+0200,dd6516a5-5fe5-4565-873a-e64fa6b54cdc,2026-05-22T16:30:00Z,2026-05-22T18:30:00+0200,9434.69,MW,BE,BE,forecast_load,Forecasted Load,2026-06-16T08:13:23Z
2026-06-16T08:13:14Z,2026-06-16T10:13:14+0200,dd6516a5-5fe5-4565-873a-e64fa6b54cdc,2026-05-22T16:45:00Z,2026-05-22T18:45:00+0200,9424.92,MW,BE,BE,forecast_load,Forecasted Load,2026-06-16T08:13:23Z
2026-06-16T08:13:14Z,2026-06-16T10:13:14+0200,dd6516a5-5fe5-4565-873a-e64fa6b54cdc,2026-05-22T17:00:00Z,2026-05-22T19:00:00+0200,9490.84,MW,BE,BE,forecast_load,Forecasted Load,2026-06-16T08:13:23Z
2026-06-16T08:13:14Z,2026-06-16T10:13:14+0200,dd6516a5-5fe5-4565-873a-e64fa6b54cdc,2026-05-22T17:15:00Z,2026-05-22T19:15:00+0200,9426.93,MW,BE,BE,forecast_load,Forecasted Load,2026-06-16T08:13:23Z
2026-06-16T08:13:14Z,2026-06-16T10:13:14+0200,dd6516a5-5fe5-4565-873a-e64fa6b54cdc,2026-05-22T17:30:00Z,2026-05-22T19:30:00+0200,9378.41,MW,BE,BE,forecast_load,Forecasted Load,2026-06-16T08:13:23Z
2026-06-16T08:13:14Z,2026-06-16T10:13:14+0200,dd6516a5-5fe5-4565-873a-e64fa6b54cdc,2026-05-22T17:45:00Z,2026-05-22T19:45:00+0200,9270.33,MW,BE,BE,forecast_load,Forecasted Load,2026-06-16T08:13:23Z
2026-06-16T08:13:14Z,2026-06-16T10:13:14+0200,dd6516a5-5fe5-4565-873a-e64fa6b54cdc,2026-05-22T18:00:00Z,2026-05-22T20:00:00+0200,9293.2,MW,BE,BE,forecast_load,Forecasted Load,2026-06-16T08:13:23Z
2026-06-16T08:13:14Z,2026-06-16T10:13:14+0200,dd6516a5-5fe5-4565-873a-e64fa6b54cdc,2026-05-22T18:15:00Z,2026-05-22T20:15:00+0200,9207.6,MW,BE,BE,forecast_load,Forecasted Load,2026-06-16T08:13:23Z
2026-06-16T08:13:14Z,2026-06-16T10:13:14+0200,dd6516a5-5fe5-4565-873a-e64fa6b54cdc,2026-05-22T18:30:00Z,2026-05-22T20:30:00+0200,9129.67,MW,BE,BE,forecast_load,Forecasted Load,2026-06-16T08:13:23Z
2026-06-16T08:13:14Z,2026-06-16T10:13:14+0200,dd6516a5-5fe5-4565-873a-e64fa6b54cdc,2026-05-22T18:45:00Z,2026-05-22T20:45:00+0200,9073.72,MW,BE,BE,forecast_load,Forecasted Load,2026-06-16T08:13:23Z
2026-06-16T08:13:14Z,2026-06-16T10:13:14+0200,dd6516a5-5fe5-4565-873a-e64fa6b54cdc,2026-05-22T19:00:00Z,2026-05-22T21:00:00+0200,9104.27,MW,BE,BE,forecast_load,Forecasted Load,2026-06-16T08:13:23Z
2026-06-16T08:13:14Z,2026-06-16T10:13:14+0200,dd6516a5-5fe5-4565-873a-e64fa6b54cdc,2026-05-22T19:15:00Z,2026-05-22T21:15:00+0200,9082.25,MW,BE,BE,forecast_load,Forecasted Load,2026-06-16T08:13:23Z
2026-06-16T08:13:14Z,2026-06-16T10:13:14+0200,dd6516a5-5fe5-4565-873a-e64fa6b54cdc,2026-05-22T19:30:00Z,2026-05-22T21:30:00+0200,9089.68,MW,BE,BE,forecast_load,Forecasted Load,2026-06-16T08:13:23Z
2026-06-16T08:13:14Z,2026-06-16T10:13:14+0200,dd6516a5-5fe5-4565-873a-e64fa6b54cdc,2026-05-22T19:45:00Z,2026-05-22T21:45:00+0200,9036.72,MW,BE,BE,forecast_load,Forecasted Load,2026-06-16T08:13:23Z
2026-06-16T08:13:14Z,2026-06-16T10:13:14+0200,dd6516a5-5fe5-4565-873a-e64fa6b54cdc,2026-05-22T20:00:00Z,2026-05-22T22:00:00+0200,9087.26,MW,BE,BE,forecast_load,Forecasted Load,2026-06-16T08:13:23Z
2026-06-16T08:13:14Z,2026-06-16T10:13:14+0200,dd6516a5-5fe5-4565-873a-e64fa6b54cdc,2026-05-22T20:15:00Z,2026-05-22T22:15:00+0200,9098.14,MW,BE,BE,forecast_load,Forecasted Load,2026-06-16T08:13:23Z
2026-06-16T08:13:14Z,2026-06-16T10:13:14+0200,dd6516a5-5fe5-4565-873a-e64fa6b54cdc,2026-05-22T20:30:00Z,2026-05-22T22:30:00+0200,9001.63,MW,BE,BE,forecast_load,Forecasted Load,2026-06-16T08:13:23Z
2026-06-16T08:13:14Z,2026-06-16T10:13:14+0200,dd6516a5-5fe5-4565-873a-e64fa6b54cdc,2026-05-22T20:45:00Z,2026-05-22T22:45:00+0200,8896.86,MW,BE,BE,forecast_load,Forecasted Load,2026-06-16T08:13:23Z
2026-06-16T08:13:14Z,2026-06-16T10:13:14+0200,dd6516a5-5fe5-4565-873a-e64fa6b54cdc,2026-05-22T21:00:00Z,2026-05-22T23:00:00+0200,8740.44,MW,BE,BE,forecast_load,Forecasted Load,2026-06-16T08:13:23Z
2026-06-16T08:13:14Z,2026-06-16T10:13:14+0200,dd6516a5-5fe5-4565-873a-e64fa6b54cdc,2026-05-22T21:15:00Z,2026-05-22T23:15:00+0200,8617.77,MW,BE,BE,forecast_load,Forecasted Load,2026-06-16T08:13:23Z
2026-06-16T08:13:14Z,2026-06-16T10:13:14+0200,dd6516a5-5fe5-4565-873a-e64fa6b54cdc,2026-05-22T21:30:00Z,2026-05-22T23:30:00+0200,8522.29,MW,BE,BE,forecast_load,Forecasted Load,2026-06-16T08:13:23Z
2026-06-16T08:13:14Z,2026-06-16T10:13:14+0200,dd6516a5-5fe5-4565-873a-e64fa6b54cdc,2026-05-22T21:45:00Z,2026-05-22T23:45:00+0200,8381.68,MW,BE,BE,forecast_load,Forecasted Load,2026-06-16T08:13:23Z
2026-06-16T08:13:14Z,2026-06-16T10:13:14+0200,dd6516a5-5fe5-4565-873a-e64fa6b54cdc,2026-05-22T22:00:00Z,2026-05-23T00:00:00+0200,8224.09,MW,BE,BE,forecast_load,Forecasted Load,2026-06-16T08:13:23Z
2026-06-16T08:13:14Z,2026-06-16T10:13:14+0200,dd6516a5-5fe5-4565-873a-e64fa6b54cdc,2026-05-22T22:15:00Z,2026-05-23T00:15:00+0200,8078.2,MW,BE,BE,forecast_load,Forecasted Load,2026-06-16T08:13:23Z
2026-06-16T08:13:14Z,2026-06-16T10:13:14+0200,dd6516a5-5fe5-4565-873a-e64fa6b54cdc,2026-05-22T22:30:00Z,2026-05-23T00:30:00+0200,7977.59,MW,BE,BE,forecast_load,Forecasted Load,2026-06-16T08:13:23Z
2026-06-16T08:13:14Z,2026-06-16T10:13:14+0200,dd6516a5-5fe5-4565-873a-e64fa6b54cdc,2026-05-22T22:45:00Z,2026-05-23T00:45:00+0200,7898.98,MW,BE,BE,forecast_load,Forecasted Load,2026-06-16T08:13:23Z
2026-06-16T08:13:14Z,2026-06-16T10:13:14+0200,dd6516a5-5fe5-4565-873a-e64fa6b54cdc,2026-05-22T23:00:00Z,2026-05-23T01:00:00+0200,7702.36,MW,BE,BE,forecast_load,Forecasted Load,2026-06-16T08:13:23Z
2026-06-16T08:13:14Z,2026-06-16T10:13:14+0200,dd6516a5-5fe5-4565-873a-e64fa6b54cdc,2026-05-22T23:15:00Z,2026-05-23T01:15:00+0200,7620.77,MW,BE,BE,forecast_load,Forecasted Load,2026-06-16T08:13:23Z
2026-06-16T08:13:14Z,2026-06-16T10:13:14+0200,dd6516a5-5fe5-4565-873a-e64fa6b54cdc,2026-05-22T23:30:00Z,2026-05-23T01:30:00+0200,7555.9,MW,BE,BE,forecast_load,Forecasted Load,2026-06-16T08:13:23Z
2026-06-16T08:13:14Z,2026-06-16T10:13:14+0200,dd6516a5-5fe5-4565-873a-e64fa6b54cdc,2026-05-22T23:45:00Z,2026-05-23T01:45:00+0200,7499.21,MW,BE,BE,forecast_load,Forecasted Load,2026-06-16T08:13:23Z
2026-06-16T08:13:14Z,2026-06-16T10:13:14+0200,dd6516a5-5fe5-4565-873a-e64fa6b54cdc,2026-05-23T00:00:00Z,2026-05-23T02:00:00+0200,7433.6,MW,BE,BE,forecast_load,Forecasted Load,2026-06-16T08:13:23Z
2026-06-16T08:13:14Z,2026-06-16T10:13:14+0200,dd6516a5-5fe5-4565-873a-e64fa6b54cdc,2026-05-23T00:15:00Z,2026-05-23T02:15:00+0200,7368.17,MW,BE,BE,forecast_load,Forecasted Load,2026-06-16T08:13:23Z
2026-06-16T08:13:14Z,2026-06-16T10:13:14+0200,dd6516a5-5fe5-4565-873a-e64fa6b54cdc,2026-05-23T00:30:00Z,2026-05-23T02:30:00+0200,7356.18,MW,BE,BE,forecast_load,Forecasted Load,2026-06-16T08:13:23Z
2026-06-16T08:13:14Z,2026-06-16T10:13:14+0200,dd6516a5-5fe5-4565-873a-e64fa6b54cdc,2026-05-23T00:45:00Z,2026-05-23T02:45:00+0200,7335.94,MW,BE,BE,forecast_load,Forecasted Load,2026-06-16T08:13:23Z
2026-06-16T08:13:14Z,2026-06-16T10:13:14+0200,dd6516a5-5fe5-4565-873a-e64fa6b54cdc,2026-05-23T01:00:00Z,2026-05-23T03:00:00+0200,7324.93,MW,BE,BE,forecast_load,Forecasted Load,2026-06-16T08:13:23Z
2026-06-16T08:13:14Z,2026-06-16T10:13:14+0200,dd6516a5-5fe5-4565-873a-e64fa6b54cdc,2026-05-23T01:15:00Z,2026-05-23T03:15:00+0200,7293.5,MW,BE,BE,forecast_load,Forecasted Load,2026-06-16T08:13:23Z
2026-06-16T08:13:14Z,2026-06-16T10:13:14+0200,dd6516a5-5fe5-4565-873a-e64fa6b54cdc,2026-05-23T01:30:00Z,2026-05-23T03:30:00+0200,7269.57,MW,BE,BE,forecast_load,Forecasted Load,2026-06-16T08:13:23Z
2026-06-16T08:13:14Z,2026-06-16T10:13:14+0200,dd6516a5-5fe5-4565-873a-e64fa6b54cdc,2026-05-23T01:45:00Z,2026-05-23T03:45:00+0200,7257.83,MW,BE,BE,forecast_load,Forecasted Load,2026-06-16T08:13:23Z
2026-06-16T08:13:14Z,2026-06-16T10:13:14+0200,dd6516a5-5fe5-4565-873a-e64fa6b54cdc,2026-05-23T02:00:00Z,2026-05-23T04:00:00+0200,7290.67,MW,BE,BE,forecast_load,Forecasted Load,2026-06-16T08:13:23Z
2026-06-16T08:13:14Z,2026-06-16T10:13:14+0200,dd6516a5-5fe5-4565-873a-e64fa6b54cdc,2026-05-23T02:15:00Z,2026-05-23T04:15:00+0200,7285.75,MW,BE,BE,forecast_load,Forecasted Load,2026-06-16T08:13:23Z
2026-06-16T08:13:14Z,2026-06-16T10:13:14+0200,dd6516a5-5fe5-4565-873a-e64fa6b54cdc,2026-05-23T02:30:00Z,2026-05-23T04:30:00+0200,7317.06,MW,BE,BE,forecast_load,Forecasted Load,2026-06-16T08:13:23Z
2026-06-16T08:13:14Z,2026-06-16T10:13:14+0200,dd6516a5-5fe5-4565-873a-e64fa6b54cdc,2026-05-23T02:45:00Z,2026-05-23T04:45:00+0200,7353.18,MW,BE,BE,forecast_load,Forecasted Load,2026-06-16T08:13:23Z
2026-06-16T08:13:14Z,2026-06-16T10:13:14+0200,dd6516a5-5fe5-4565-873a-e64fa6b54cdc,2026-05-23T03:00:00Z,2026-05-23T05:00:00+0200,7361.38,MW,BE,BE,forecast_load,Forecasted Load,2026-06-16T08:13:23Z
2026-06-16T08:13:14Z,2026-06-16T10:13:14+0200,dd6516a5-5fe5-4565-873a-e64fa6b54cdc,2026-05-23T03:15:00Z,2026-05-23T05:15:00+0200,7397.57,MW,BE,BE,forecast_load,Forecasted Load,2026-06-16T08:13:23Z
2026-06-16T08:13:14Z,2026-06-16T10:13:14+0200,dd6516a5-5fe5-4565-873a-e64fa6b54cdc,2026-05-23T03:30:00Z,2026-05-23T05:30:00+0200,7403.32,MW,BE,BE,forecast_load,Forecasted Load,2026-06-16T08:13:23Z
2026-06-16T08:13:14Z,2026-06-16T10:13:14+0200,dd6516a5-5fe5-4565-873a-e64fa6b54cdc,2026-05-23T03:45:00Z,2026-05-23T05:45:00+0200,7388.05,MW,BE,BE,forecast_load,Forecasted Load,2026-06-16T08:13:23Z
2026-06-16T08:13:14Z,2026-06-16T10:13:14+0200,dd6516a5-5fe5-4565-873a-e64fa6b54cdc,2026-05-23T04:00:00Z,2026-05-23T06:00:00+0200,7543.41,MW,BE,BE,forecast_load,Forecasted Load,2026-06-16T08:13:23Z
2026-06-16T08:13:14Z,2026-06-16T10:13:14+0200,dd6516a5-5fe5-4565-873a-e64fa6b54cdc,2026-05-23T04:15:00Z,2026-05-23T06:15:00+0200,7582.94,MW,BE,BE,forecast_load,Forecasted Load,2026-06-16T08:13:23Z
2026-06-16T08:13:14Z,2026-06-16T10:13:14+0200,dd6516a5-5fe5-4565-873a-e64fa6b54cdc,2026-05-23T04:30:00Z,2026-05-23T06:30:00+0200,7665.17,MW,BE,BE,forecast_load,Forecasted Load,2026-06-16T08:13:23Z
2026-06-16T08:13:14Z,2026-06-16T10:13:14+0200,dd6516a5-5fe5-4565-873a-e64fa6b54cdc,2026-05-23T04:45:00Z,2026-05-23T06:45:00+0200,7751.0,MW,BE,BE,forecast_load,Forecasted Load,2026-06-16T08:13:23Z
2026-06-16T08:13:14Z,2026-06-16T10:13:14+0200,dd6516a5-5fe5-4565-873a-e64fa6b54cdc,2026-05-23T05:00:00Z,2026-05-23T07:00:00+0200,7746.06,MW,BE,BE,forecast_load,Forecasted Load,2026-06-16T08:13:23Z
2026-06-16T08:13:14Z,2026-06-16T10:13:14+0200,dd6516a5-5fe5-4565-873a-e64fa6b54cdc,2026-05-23T05:15:00Z,2026-05-23T07:15:00+0200,7870.88,MW,BE,BE,forecast_load,Forecasted Load,2026-06-16T08:13:23Z
2026-06-16T08:13:14Z,2026-06-16T10:13:14+0200,dd6516a5-5fe5-4565-873a-e64fa6b54cdc,2026-05-23T05:30:00Z,2026-05-23T07:30:00+0200,8038.97,MW,BE,BE,forecast_load,Forecasted Load,2026-06-16T08:13:23Z
2026-06-16T08:13:14Z,2026-06-16T10:13:14+0200,dd6516a5-5fe5-4565-873a-e64fa6b54cdc,2026-05-23T05:45:00Z,2026-05-23T07:45:00+0200,8147.05,MW,BE,BE,forecast_load,Forecasted Load,2026-06-16T08:13:23Z
2026-06-16T08:13:14Z,2026-06-16T10:13:14+0200,dd6516a5-5fe5-4565-873a-e64fa6b54cdc,2026-05-23T06:00:00Z,2026-05-23T08:00:00+0200,8163.85,MW,BE,BE,forecast_load,Forecasted Load,2026-06-16T08:13:23Z
2026-06-16T08:13:14Z,2026-06-16T10:13:14+0200,dd6516a5-5fe5-4565-873a-e64fa6b54cdc,2026-05-23T06:15:00Z,2026-05-23T08:15:00+0200,8307.23,MW,BE,BE,forecast_load,Forecasted Load,2026-06-16T08:13:23Z
2026-06-16T08:13:14Z,2026-06-16T10:13:14+0200,dd6516a5-5fe5-4565-873a-e64fa6b54cdc,2026-05-23T06:30:00Z,2026-05-23T08:30:00+0200,8434.49,MW,BE,BE,forecast_load,Forecasted Load,2026-06-16T08:13:23Z
2026-06-16T08:13:14Z,2026-06-16T10:13:14+0200,dd6516a5-5fe5-4565-873a-e64fa6b54cdc,2026-05-23T06:45:00Z,2026-05-23T08:45:00+0200,8544.29,MW,BE,BE,forecast_load,Forecasted Load,2026-06-16T08:13:23Z
2026-06-16T08:13:14Z,2026-06-16T10:13:14+0200,dd6516a5-5fe5-4565-873a-e64fa6b54cdc,2026-05-23T07:00:00Z,2026-05-23T09:00:00+0200,8585.08,MW,BE,BE,forecast_load,Forecasted Load,2026-06-16T08:13:23Z
2026-06-16T08:13:14Z,2026-06-16T10:13:14+0200,dd6516a5-5fe5-4565-873a-e64fa6b54cdc,2026-05-23T07:15:00Z,2026-05-23T09:15:00+0200,8688.11,MW,BE,BE,forecast_load,Forecasted Load,2026-06-16T08:13:23Z
2026-06-16T08:13:14Z,2026-06-16T10:13:14+0200,dd6516a5-5fe5-4565-873a-e64fa6b54cdc,2026-05-23T07:30:00Z,2026-05-23T09:30:00+0200,8870.91,MW,BE,BE,forecast_load,Forecasted Load,2026-06-16T08:13:23Z
2026-06-16T08:13:14Z,2026-06-16T10:13:14+0200,dd6516a5-5fe5-4565-873a-e64fa6b54cdc,2026-05-23T07:45:00Z,2026-05-23T09:45:00+0200,8977.27,MW,BE,BE,forecast_load,Forecasted Load,2026-06-16T08:13:23Z
2026-06-16T08:13:14Z,2026-06-16T10:13:14+0200,dd6516a5-5fe5-4565-873a-e64fa6b54cdc,2026-05-23T08:00:00Z,2026-05-23T10:00:00+0200,8914.45,MW,BE,BE,forecast_load,Forecasted Load,2026-06-16T08:13:23Z
2026-06-16T08:13:14Z,2026-06-16T10:13:14+0200,dd6516a5-5fe5-4565-873a-e64fa6b54cdc,2026-05-23T08:15:00Z,2026-05-23T10:15:00+0200,9092.62,MW,BE,BE,forecast_load,Forecasted Load,2026-06-16T08:13:23Z
2026-06-16T08:13:14Z,2026-06-16T10:13:14+0200,dd6516a5-5fe5-4565-873a-e64fa6b54cdc,2026-05-23T08:30:00Z,2026-05-23T10:30:00+0200,9160.32,MW,BE,BE,forecast_load,Forecasted Load,2026-06-16T08:13:23Z
2026-06-16T08:13:14Z,2026-06-16T10:13:14+0200,dd6516a5-5fe5-4565-873a-e64fa6b54cdc,2026-05-23T08:45:00Z,2026-05-23T10:45:00+0200,9219.67,MW,BE,BE,forecast_load,Forecasted Load,2026-06-16T08:13:23Z
2026-06-16T08:13:14Z,2026-06-16T10:13:14+0200,dd6516a5-5fe5-4565-873a-e64fa6b54cdc,2026-05-23T09:00:00Z,2026-05-23T11:00:00+0200,9254.39,MW,BE,BE,forecast_load,Forecasted Load,2026-06-16T08:13:23Z
2026-06-16T08:13:14Z,2026-06-16T10:13:14+0200,dd6516a5-5fe5-4565-873a-e64fa6b54cdc,2026-05-23T09:15:00Z,2026-05-23T11:15:00+0200,9339.84,MW,BE,BE,forecast_load,Forecasted Load,2026-06-16T08:13:23Z
2026-06-16T08:13:14Z,2026-06-16T10:13:14+0200,dd6516a5-5fe5-4565-873a-e64fa6b54cdc,2026-05-23T09:30:00Z,2026-05-23T11:30:00+0200,9365.85,MW,BE,BE,forecast_load,Forecasted Load,2026-06-16T08:13:23Z
2026-06-16T08:13:14Z,2026-06-16T10:13:14+0200,dd6516a5-5fe5-4565-873a-e64fa6b54cdc,2026-05-23T09:45:00Z,2026-05-23T11:45:00+0200,9355.01,MW,BE,BE,forecast_load,Forecasted Load,2026-06-16T08:13:23Z
2026-06-16T08:13:14Z,2026-06-16T10:13:14+0200,dd6516a5-5fe5-4565-873a-e64fa6b54cdc,2026-05-23T10:00:00Z,2026-05-23T12:00:00+0200,9512.72,MW,BE,BE,forecast_load,Forecasted Load,2026-06-16T08:13:23Z
2026-06-16T08:13:14Z,2026-06-16T10:13:14+0200,dd6516a5-5fe5-4565-873a-e64fa6b54cdc,2026-05-23T10:15:00Z,2026-05-23T12:15:00+0200,9465.19,MW,BE,BE,forecast_load,Forecasted Load,2026-06-16T08:13:23Z
2026-06-16T08:13:14Z,2026-06-16T10:13:14+0200,dd6516a5-5fe5-4565-873a-e64fa6b54cdc,2026-05-23T10:30:00Z,2026-05-23T12:30:00+0200,9401.46,MW,BE,BE,forecast_load,Forecasted Load,2026-06-16T08:13:23Z
2026-06-16T08:13:14Z,2026-06-16T10:13:14+0200,dd6516a5-5fe5-4565-873a-e64fa6b54cdc,2026-05-23T10:45:00Z,2026-05-23T12:45:00+0200,9408.28,MW,BE,BE,forecast_load,Forecasted Load,2026-06-16T08:13:23Z
2026-06-16T08:13:14Z,2026-06-16T10:13:14+0200,dd6516a5-5fe5-4565-873a-e64fa6b54cdc,2026-05-23T11:00:00Z,2026-05-23T13:00:00+0200,9373.88,MW,BE,BE,forecast_load,Forecasted Load,2026-06-16T08:13:23Z
2026-06-16T08:13:14Z,2026-06-16T10:13:14+0200,dd6516a5-5fe5-4565-873a-e64fa6b54cdc,2026-05-23T11:15:00Z,2026-05-23T13:15:00+0200,9389.94,MW,BE,BE,forecast_load,Forecasted Load,2026-06-16T08:13:23Z
2026-06-16T08:13:14Z,2026-06-16T10:13:14+0200,dd6516a5-5fe5-4565-873a-e64fa6b54cdc,2026-05-23T11:30:00Z,2026-05-23T13:30:00+0200,9361.12,MW,BE,BE,forecast_load,Forecasted Load,2026-06-16T08:13:23Z
2026-06-16T08:13:14Z,2026-06-16T10:13:14+0200,dd6516a5-5fe5-4565-873a-e64fa6b54cdc,2026-05-23T11:45:00Z,2026-05-23T13:45:00+0200,9258.43,MW,BE,BE,forecast_load,Forecasted Load,2026-06-16T08:13:23Z
2026-06-16T08:13:14Z,2026-06-16T10:13:14+0200,dd6516a5-5fe5-4565-873a-e64fa6b54cdc,2026-05-23T12:00:00Z,2026-05-23T14:00:00+0200,9203.8,MW,BE,BE,forecast_load,Forecasted Load,2026-06-16T08:13:23Z
2026-06-16T08:13:14Z,2026-06-16T10:13:14+0200,dd6516a5-5fe5-4565-873a-e64fa6b54cdc,2026-05-23T12:15:00Z,2026-05-23T14:15:00+0200,9141.92,MW,BE,BE,forecast_load,Forecasted Load,2026-06-16T08:13:23Z
2026-06-16T08:13:14Z,2026-06-16T10:13:14+0200,dd6516a5-5fe5-4565-873a-e64fa6b54cdc,2026-05-23T12:30:00Z,2026-05-23T14:30:00+0200,9085.37,MW,BE,BE,forecast_load,Forecasted Load,2026-06-16T08:13:23Z
2026-06-16T08:13:14Z,2026-06-16T10:13:14+0200,dd6516a5-5fe5-4565-873a-e64fa6b54cdc,2026-05-23T12:45:00Z,2026-05-23T14:45:00+0200,9044.95,MW,BE,BE,forecast_load,Forecasted Load,2026-06-16T08:13:23Z
2026-06-16T08:13:14Z,2026-06-16T10:13:14+0200,dd6516a5-5fe5-4565-873a-e64fa6b54cdc,2026-05-23T13:00:00Z,2026-05-23T15:00:00+0200,9055.84,MW,BE,BE,forecast_load,Forecasted Load,2026-06-16T08:13:23Z
2026-06-16T08:13:14Z,2026-06-16T10:13:14+0200,dd6516a5-5fe5-4565-873a-e64fa6b54cdc,2026-05-23T13:15:00Z,2026-05-23T15:15:00+0200,9003.23,MW,BE,BE,forecast_load,Forecasted Load,2026-06-16T08:13:23Z
2026-06-16T08:13:14Z,2026-06-16T10:13:14+0200,dd6516a5-5fe5-4565-873a-e64fa6b54cdc,2026-05-23T13:30:00Z,2026-05-23T15:30:00+0200,8946.19,MW,BE,BE,forecast_load,Forecasted Load,2026-06-16T08:13:23Z
2026-06-16T08:13:14Z,2026-06-16T10:13:14+0200,dd6516a5-5fe5-4565-873a-e64fa6b54cdc,2026-05-23T13:45:00Z,2026-05-23T15:45:00+0200,8821.03,MW,BE,BE,forecast_load,Forecasted Load,2026-06-16T08:13:23Z
2026-06-16T08:13:14Z,2026-06-16T10:13:14+0200,dd6516a5-5fe5-4565-873a-e64fa6b54cdc,2026-05-23T14:00:00Z,2026-05-23T16:00:00+0200,8914.46,MW,BE,BE,forecast_load,Forecasted Load,2026-06-16T08:13:23Z
2026-06-16T08:13:14Z,2026-06-16T10:13:14+0200,dd6516a5-5fe5-4565-873a-e64fa6b54cdc,2026-05-23T14:15:00Z,2026-05-23T16:15:00+0200,8857.0,MW,BE,BE,forecast_load,Forecasted Load,2026-06-16T08:13:23Z
2026-06-16T08:13:14Z,2026-06-16T10:13:14+0200,dd6516a5-5fe5-4565-873a-e64fa6b54cdc,2026-05-23T14:30:00Z,2026-05-23T16:30:00+0200,8779.7,MW,BE,BE,forecast_load,Forecasted Load,2026-06-16T08:13:23Z
2026-06-16T08:13:14Z,2026-06-16T10:13:14+0200,dd6516a5-5fe5-4565-873a-e64fa6b54cdc,2026-05-23T14:45:00Z,2026-05-23T16:45:00+0200,8675.19,MW,BE,BE,forecast_load,Forecasted Load,2026-06-16T08:13:23Z
2026-06-16T08:13:14Z,2026-06-16T10:13:14+0200,dd6516a5-5fe5-4565-873a-e64fa6b54cdc,2026-05-23T15:00:00Z,2026-05-23T17:00:00+0200,8795.42,MW,BE,BE,forecast_load,Forecasted Load,2026-06-16T08:13:23Z
2026-06-16T08:13:14Z,2026-06-16T10:13:14+0200,dd6516a5-5fe5-4565-873a-e64fa6b54cdc,2026-05-23T15:15:00Z,2026-05-23T17:15:00+0200,8752.42,MW,BE,BE,forecast_load,Forecasted Load,2026-06-16T08:13:23Z
2026-06-16T08:13:14Z,2026-06-16T10:13:14+0200,dd6516a5-5fe5-4565-873a-e64fa6b54cdc,2026-05-23T15:30:00Z,2026-05-23T17:30:00+0200,8819.2,MW,BE,BE,forecast_load,Forecasted Load,2026-06-16T08:13:23Z
2026-06-16T08:13:14Z,2026-06-16T10:13:14+0200,dd6516a5-5fe5-4565-873a-e64fa6b54cdc,2026-05-23T15:45:00Z,2026-05-23T17:45:00+0200,8809.48,MW,BE,BE,forecast_load,Forecasted Load,2026-06-16T08:13:23Z
2026-06-16T08:13:14Z,2026-06-16T10:13:14+0200,dd6516a5-5fe5-4565-873a-e64fa6b54cdc,2026-05-23T16:00:00Z,2026-05-23T18:00:00+0200,8977.87,MW,BE,BE,forecast_load,Forecasted Load,2026-06-16T08:13:23Z
2026-06-16T08:13:14Z,2026-06-16T10:13:14+0200,dd6516a5-5fe5-4565-873a-e64fa6b54cdc,2026-05-23T16:15:00Z,2026-05-23T18:15:00+0200,8884.4,MW,BE,BE,forecast_load,Forecasted Load,2026-06-16T08:13:23Z
2026-06-16T08:13:14Z,2026-06-16T10:13:14+0200,dd6516a5-5fe5-4565-873a-e64fa6b54cdc,2026-05-23T16:30:00Z,2026-05-23T18:30:00+0200,8869.33,MW,BE,BE,forecast_load,Forecasted Load,2026-06-16T08:13:23Z
2026-06-16T08:13:14Z,2026-06-16T10:13:14+0200,dd6516a5-5fe5-4565-873a-e64fa6b54cdc,2026-05-23T16:45:00Z,2026-05-23T18:45:00+0200,8827.08,MW,BE,BE,forecast_load,Forecasted Load,2026-06-16T08:13:23Z
2026-06-16T08:13:14Z,2026-06-16T10:13:14+0200,dd6516a5-5fe5-4565-873a-e64fa6b54cdc,2026-05-23T17:00:00Z,2026-05-23T19:00:00+0200,8896.98,MW,BE,BE,forecast_load,Forecasted Load,2026-06-16T08:13:23Z
2026-06-16T08:13:14Z,2026-06-16T10:13:14+0200,dd6516a5-5fe5-4565-873a-e64fa6b54cdc,2026-05-23T17:15:00Z,2026-05-23T19:15:00+0200,8850.84,MW,BE,BE,forecast_load,Forecasted Load,2026-06-16T08:13:23Z
2026-06-16T08:13:14Z,2026-06-16T10:13:14+0200,dd6516a5-5fe5-4565-873a-e64fa6b54cdc,2026-05-23T17:30:00Z,2026-05-23T19:30:00+0200,8789.56,MW,BE,BE,forecast_load,Forecasted Load,2026-06-16T08:13:23Z
2026-06-16T08:13:14Z,2026-06-16T10:13:14+0200,dd6516a5-5fe5-4565-873a-e64fa6b54cdc,2026-05-23T17:45:00Z,2026-05-23T19:45:00+0200,8742.24,MW,BE,BE,forecast_load,Forecasted Load,2026-06-16T08:13:23Z
2026-06-16T08:13:14Z,2026-06-16T10:13:14+0200,dd6516a5-5fe5-4565-873a-e64fa6b54cdc,2026-05-23T18:00:00Z,2026-05-23T20:00:00+0200,8786.4,MW,BE,BE,forecast_load,Forecasted Load,2026-06-16T08:13:23Z
2026-06-16T08:13:14Z,2026-06-16T10:13:14+0200,dd6516a5-5fe5-4565-873a-e64fa6b54cdc,2026-05-23T18:15:00Z,2026-05-23T20:15:00+0200,8701.45,MW,BE,BE,forecast_load,Forecasted Load,2026-06-16T08:13:23Z
2026-06-16T08:13:14Z,2026-06-16T10:13:14+0200,dd6516a5-5fe5-4565-873a-e64fa6b54cdc,2026-05-23T18:30:00Z,2026-05-23T20:30:00+0200,8605.94,MW,BE,BE,forecast_load,Forecasted Load,2026-06-16T08:13:23Z
2026-06-16T08:13:14Z,2026-06-16T10:13:14+0200,dd6516a5-5fe5-4565-873a-e64fa6b54cdc,2026-05-23T18:45:00Z,2026-05-23T20:45:00+0200,8561.82,MW,BE,BE,forecast_load,Forecasted Load,2026-06-16T08:13:23Z
2026-06-16T08:13:14Z,2026-06-16T10:13:14+0200,dd6516a5-5fe5-4565-873a-e64fa6b54cdc,2026-05-23T19:00:00Z,2026-05-23T21:00:00+0200,8547.38,MW,BE,BE,forecast_load,Forecasted Load,2026-06-16T08:13:23Z
2026-06-16T08:13:14Z,2026-06-16T10:13:14+0200,dd6516a5-5fe5-4565-873a-e64fa6b54cdc,2026-05-23T19:15:00Z,2026-05-23T21:15:00+0200,8611.04,MW,BE,BE,forecast_load,Forecasted Load,2026-06-16T08:13:23Z
2026-06-16T08:13:14Z,2026-06-16T10:13:14+0200,dd6516a5-5fe5-4565-873a-e64fa6b54cdc,2026-05-23T19:30:00Z,2026-05-23T21:30:00+0200,8640.46,MW,BE,BE,forecast_load,Forecasted Load,2026-06-16T08:13:23Z
2026-06-16T08:13:14Z,2026-06-16T10:13:14+0200,dd6516a5-5fe5-4565-873a-e64fa6b54cdc,2026-05-23T19:45:00Z,2026-05-23T21:45:00+0200,8632.67,MW,BE,BE,forecast_load,Forecasted Load,2026-06-16T08:13:23Z
2026-06-16T08:13:14Z,2026-06-16T10:13:14+0200,dd6516a5-5fe5-4565-873a-e64fa6b54cdc,2026-05-23T20:00:00Z,2026-05-23T22:00:00+0200,8562.02,MW,BE,BE,forecast_load,Forecasted Load,2026-06-16T08:13:23Z
2026-06-16T08:13:14Z,2026-06-16T10:13:14+0200,dd6516a5-5fe5-4565-873a-e64fa6b54cdc,2026-05-23T20:15:00Z,2026-05-23T22:15:00+0200,8589.53,MW,BE,BE,forecast_load,Forecasted Load,2026-06-16T08:13:23Z
2026-06-16T08:13:14Z,2026-06-16T10:13:14+0200,dd6516a5-5fe5-4565-873a-e64fa6b54cdc,2026-05-23T20:30:00Z,2026-05-23T22:30:00+0200,8558.01,MW,BE,BE,forecast_load,Forecasted Load,2026-06-16T08:13:23Z
2026-06-16T08:13:14Z,2026-06-16T10:13:14+0200,dd6516a5-5fe5-4565-873a-e64fa6b54cdc,2026-05-23T20:45:00Z,2026-05-23T22:45:00+0200,8483.96,MW,BE,BE,forecast_load,Forecasted Load,2026-06-16T08:13:23Z
2026-06-16T08:13:14Z,2026-06-16T10:13:14+0200,dd6516a5-5fe5-4565-873a-e64fa6b54cdc,2026-05-23T21:00:00Z,2026-05-23T23:00:00+0200,8343.71,MW,BE,BE,forecast_load,Forecasted Load,2026-06-16T08:13:23Z
2026-06-16T08:13:14Z,2026-06-16T10:13:14+0200,dd6516a5-5fe5-4565-873a-e64fa6b54cdc,2026-05-23T21:15:00Z,2026-05-23T23:15:00+0200,8244.02,MW,BE,BE,forecast_load,Forecasted Load,2026-06-16T08:13:23Z
2026-06-16T08:13:14Z,2026-06-16T10:13:14+0200,dd6516a5-5fe5-4565-873a-e64fa6b54cdc,2026-05-23T21:30:00Z,2026-05-23T23:30:00+0200,8144.2,MW,BE,BE,forecast_load,Forecasted Load,2026-06-16T08:13:23Z
2026-06-16T08:13:14Z,2026-06-16T10:13:14+0200,dd6516a5-5fe5-4565-873a-e64fa6b54cdc,2026-05-23T21:45:00Z,2026-05-23T23:45:00+0200,8025.37,MW,BE,BE,forecast_load,Forecasted Load,2026-06-16T08:13:23Z
2026-06-16T08:13:14Z,2026-06-16T10:13:14+0200,dd6516a5-5fe5-4565-873a-e64fa6b54cdc,2026-05-23T22:00:00Z,2026-05-24T00:00:00+0200,7892.85,MW,BE,BE,forecast_load,Forecasted Load,2026-06-16T08:13:23Z
2026-06-16T08:13:14Z,2026-06-16T10:13:14+0200,dd6516a5-5fe5-4565-873a-e64fa6b54cdc,2026-05-23T22:15:00Z,2026-05-24T00:15:00+0200,7771.76,MW,BE,BE,forecast_load,Forecasted Load,2026-06-16T08:13:23Z
2026-06-16T08:13:14Z,2026-06-16T10:13:14+0200,dd6516a5-5fe5-4565-873a-e64fa6b54cdc,2026-05-23T22:30:00Z,2026-05-24T00:30:00+0200,7671.81,MW,BE,BE,forecast_load,Forecasted Load,2026-06-16T08:13:23Z
2026-06-16T08:13:14Z,2026-06-16T10:13:14+0200,dd6516a5-5fe5-4565-873a-e64fa6b54cdc,2026-05-23T22:45:00Z,2026-05-24T00:45:00+0200,7572.91,MW,BE,BE,forecast_load,Forecasted Load,2026-06-16T08:13:23Z
2026-06-16T08:13:14Z,2026-06-16T10:13:14+0200,dd6516a5-5fe5-4565-873a-e64fa6b54cdc,2026-05-23T23:00:00Z,2026-05-24T01:00:00+0200,7525.02,MW,BE,BE,forecast_load,Forecasted Load,2026-06-16T08:13:23Z
2026-06-16T08:13:14Z,2026-06-16T10:13:14+0200,dd6516a5-5fe5-4565-873a-e64fa6b54cdc,2026-05-23T23:15:00Z,2026-05-24T01:15:00+0200,7469.79,MW,BE,BE,forecast_load,Forecasted Load,2026-06-16T08:13:23Z
2026-06-16T08:13:14Z,2026-06-16T10:13:14+0200,dd6516a5-5fe5-4565-873a-e64fa6b54cdc,2026-05-23T23:30:00Z,2026-05-24T01:30:00+0200,7421.72,MW,BE,BE,forecast_load,Forecasted Load,2026-06-16T08:13:23Z
2026-06-16T08:13:14Z,2026-06-16T10:13:14+0200,dd6516a5-5fe5-4565-873a-e64fa6b54cdc,2026-05-23T23:45:00Z,2026-05-24T01:45:00+0200,7373.7,MW,BE,BE,forecast_load,Forecasted Load,2026-06-16T08:13:23Z
2026-06-16T08:13:14Z,2026-06-16T10:13:14+0200,dd6516a5-5fe5-4565-873a-e64fa6b54cdc,2026-05-24T00:00:00Z,2026-05-24T02:00:00+0200,7204.88,MW,BE,BE,forecast_load,Forecasted Load,2026-06-16T08:13:23Z
2026-06-16T08:13:14Z,2026-06-16T10:13:14+0200,dd6516a5-5fe5-4565-873a-e64fa6b54cdc,2026-05-24T00:15:00Z,2026-05-24T02:15:00+0200,7143.53,MW,BE,BE,forecast_load,Forecasted Load,2026-06-16T08:13:23Z
2026-06-16T08:13:14Z,2026-06-16T10:13:14+0200,dd6516a5-5fe5-4565-873a-e64fa6b54cdc,2026-05-24T00:30:00Z,2026-05-24T02:30:00+0200,7098.98,MW,BE,BE,forecast_load,Forecasted Load,2026-06-16T08:13:23Z
2026-06-16T08:13:14Z,2026-06-16T10:13:14+0200,dd6516a5-5fe5-4565-873a-e64fa6b54cdc,2026-05-24T00:45:00Z,2026-05-24T02:45:00+0200,7043.56,MW,BE,BE,forecast_load,Forecasted Load,2026-06-16T08:13:23Z
2026-06-16T08:13:14Z,2026-06-16T10:13:14+0200,dd6516a5-5fe5-4565-873a-e64fa6b54cdc,2026-05-24T01:00:00Z,2026-05-24T03:00:00+0200,7078.63,MW,BE,BE,forecast_load,Forecasted Load,2026-06-16T08:13:23Z
2026-06-16T08:13:14Z,2026-06-16T10:13:14+0200,dd6516a5-5fe5-4565-873a-e64fa6b54cdc,2026-05-24T01:15:00Z,2026-05-24T03:15:00+0200,7066.22,MW,BE,BE,forecast_load,Forecasted Load,2026-06-16T08:13:23Z
2026-06-16T08:13:14Z,2026-06-16T10:13:14+0200,dd6516a5-5fe5-4565-873a-e64fa6b54cdc,2026-05-24T01:30:00Z,2026-05-24T03:30:00+0200,7056.98,MW,BE,BE,forecast_load,Forecasted Load,2026-06-16T08:13:23Z
2026-06-16T08:13:14Z,2026-06-16T10:13:14+0200,dd6516a5-5fe5-4565-873a-e64fa6b54cdc,2026-05-24T01:45:00Z,2026-05-24T03:45:00+0200,6998.45,MW,BE,BE,forecast_load,Forecasted Load,2026-06-16T08:13:23Z
2026-06-16T08:13:14Z,2026-06-16T10:13:14+0200,dd6516a5-5fe5-4565-873a-e64fa6b54cdc,2026-05-24T02:00:00Z,2026-05-24T04:00:00+0200,7043.74,MW,BE,BE,forecast_load,Forecasted Load,2026-06-16T08:13:23Z
2026-06-16T08:13:14Z,2026-06-16T10:13:14+0200,dd6516a5-5fe5-4565-873a-e64fa6b54cdc,2026-05-24T02:15:00Z,2026-05-24T04:15:00+0200,7004.99,MW,BE,BE,forecast_load,Forecasted Load,2026-06-16T08:13:23Z
2026-06-16T08:13:14Z,2026-06-16T10:13:14+0200,dd6516a5-5fe5-4565-873a-e64fa6b54cdc,2026-05-24T02:30:00Z,2026-05-24T04:30:00+0200,6974.5,MW,BE,BE,forecast_load,Forecasted Load,2026-06-16T08:13:23Z
2026-06-16T08:13:14Z,2026-06-16T10:13:14+0200,dd6516a5-5fe5-4565-873a-e64fa6b54cdc,2026-05-24T02:45:00Z,2026-05-24T04:45:00+0200,6984.9,MW,BE,BE,forecast_load,Forecasted Load,2026-06-16T08:13:23Z
2026-06-16T08:13:14Z,2026-06-16T10:13:14+0200,dd6516a5-5fe5-4565-873a-e64fa6b54cdc,2026-05-24T03:00:00Z,2026-05-24T05:00:00+0200,6987.09,MW,BE,BE,forecast_load,Forecasted Load,2026-06-16T08:13:23Z
2026-06-16T08:13:14Z,2026-06-16T10:13:14+0200,dd6516a5-5fe5-4565-873a-e64fa6b54cdc,2026-05-24T03:15:00Z,2026-05-24T05:15:00+0200,7049.03,MW,BE,BE,forecast_load,Forecasted Load,2026-06-16T08:13:23Z
2026-06-16T08:13:14Z,2026-06-16T10:13:14+0200,dd6516a5-5fe5-4565-873a-e64fa6b54cdc,2026-05-24T03:30:00Z,2026-05-24T05:30:00+0200,7060.58,MW,BE,BE,forecast_load,Forecasted Load,2026-06-16T08:13:23Z
2026-06-16T08:13:14Z,2026-06-16T10:13:14+0200,dd6516a5-5fe5-4565-873a-e64fa6b54cdc,2026-05-24T03:45:00Z,2026-05-24T05:45:00+0200,7052.03,MW,BE,BE,forecast_load,Forecasted Load,2026-06-16T08:13:23Z
2026-06-16T08:13:14Z,2026-06-16T10:13:14+0200,dd6516a5-5fe5-4565-873a-e64fa6b54cdc,2026-05-24T04:00:00Z,2026-05-24T06:00:00+0200,7077.05,MW,BE,BE,forecast_load,Forecasted Load,2026-06-16T08:13:23Z
2026-06-16T08:13:14Z,2026-06-16T10:13:14+0200,dd6516a5-5fe5-4565-873a-e64fa6b54cdc,2026-05-24T04:15:00Z,2026-05-24T06:15:00+0200,7075.2,MW,BE,BE,forecast_load,Forecasted Load,2026-06-16T08:13:23Z
2026-06-16T08:13:14Z,2026-06-16T10:13:14+0200,dd6516a5-5fe5-4565-873a-e64fa6b54cdc,2026-05-24T04:30:00Z,2026-05-24T06:30:00+0200,7128.5,MW,BE,BE,forecast_load,Forecasted Load,2026-06-16T08:13:23Z
2026-06-16T08:13:14Z,2026-06-16T10:13:14+0200,dd6516a5-5fe5-4565-873a-e64fa6b54cdc,2026-05-24T04:45:00Z,2026-05-24T06:45:00+0200,7205.83,MW,BE,BE,forecast_load,Forecasted Load,2026-06-16T08:13:23Z
2026-06-16T08:13:14Z,2026-06-16T10:13:14+0200,dd6516a5-5fe5-4565-873a-e64fa6b54cdc,2026-05-24T05:00:00Z,2026-05-24T07:00:00+0200,7234.0,MW,BE,BE,forecast_load,Forecasted Load,2026-06-16T08:13:23Z
2026-06-16T08:13:14Z,2026-06-16T10:13:14+0200,dd6516a5-5fe5-4565-873a-e64fa6b54cdc,2026-05-24T05:15:00Z,2026-05-24T07:15:00+0200,7304.15,MW,BE,BE,forecast_load,Forecasted Load,2026-06-16T08:13:23Z
2026-06-16T08:13:14Z,2026-06-16T10:13:14+0200,dd6516a5-5fe5-4565-873a-e64fa6b54cdc,2026-05-24T05:30:00Z,2026-05-24T07:30:00+0200,7454.42,MW,BE,BE,forecast_load,Forecasted Load,2026-06-16T08:13:23Z
2026-06-16T08:13:14Z,2026-06-16T10:13:14+0200,dd6516a5-5fe5-4565-873a-e64fa6b54cdc,2026-05-24T05:45:00Z,2026-05-24T07:45:00+0200,7563.82,MW,BE,BE,forecast_load,Forecasted Load,2026-06-16T08:13:23Z
2026-06-16T08:13:14Z,2026-06-16T10:13:14+0200,dd6516a5-5fe5-4565-873a-e64fa6b54cdc,2026-05-24T06:00:00Z,2026-05-24T08:00:00+0200,7645.98,MW,BE,BE,forecast_load,Forecasted Load,2026-06-16T08:13:23Z
2026-06-16T08:13:14Z,2026-06-16T10:13:14+0200,dd6516a5-5fe5-4565-873a-e64fa6b54cdc,2026-05-24T06:15:00Z,2026-05-24T08:15:00+0200,7732.72,MW,BE,BE,forecast_load,Forecasted Load,2026-06-16T08:13:23Z
2026-06-16T08:13:14Z,2026-06-16T10:13:14+0200,dd6516a5-5fe5-4565-873a-e64fa6b54cdc,2026-05-24T06:30:00Z,2026-05-24T08:30:00+0200,7838.29,MW,BE,BE,forecast_load,Forecasted Load,2026-06-16T08:13:23Z
2026-06-16T08:13:14Z,2026-06-16T10:13:14+0200,dd6516a5-5fe5-4565-873a-e64fa6b54cdc,2026-05-24T06:45:00Z,2026-05-24T08:45:00+0200,7945.64,MW,BE,BE,forecast_load,Forecasted Load,2026-06-16T08:13:23Z
2026-06-16T08:13:14Z,2026-06-16T10:13:14+0200,dd6516a5-5fe5-4565-873a-e64fa6b54cdc,2026-05-24T07:00:00Z,2026-05-24T09:00:00+0200,8028.7,MW,BE,BE,forecast_load,Forecasted Load,2026-06-16T08:13:23Z
2026-06-16T08:13:14Z,2026-06-16T10:13:14+0200,dd6516a5-5fe5-4565-873a-e64fa6b54cdc,2026-05-24T07:15:00Z,2026-05-24T09:15:00+0200,8183.23,MW,BE,BE,forecast_load,Forecasted Load,2026-06-16T08:13:23Z
2026-06-16T08:13:14Z,2026-06-16T10:13:14+0200,dd6516a5-5fe5-4565-873a-e64fa6b54cdc,2026-05-24T07:30:00Z,2026-05-24T09:30:00+0200,8346.43,MW,BE,BE,forecast_load,Forecasted Load,2026-06-16T08:13:23Z
2026-06-16T08:13:14Z,2026-06-16T10:13:14+0200,dd6516a5-5fe5-4565-873a-e64fa6b54cdc,2026-05-24T07:45:00Z,2026-05-24T09:45:00+0200,8496.03,MW,BE,BE,forecast_load,Forecasted Load,2026-06-16T08:13:23Z
2026-06-16T08:13:14Z,2026-06-16T10:13:14+0200,dd6516a5-5fe5-4565-873a-e64fa6b54cdc,2026-05-24T08:00:00Z,2026-05-24T10:00:00+0200,8602.51,MW,BE,BE,forecast_load,Forecasted Load,2026-06-16T08:13:23Z
2026-06-16T08:13:14Z,2026-06-16T10:13:14+0200,dd6516a5-5fe5-4565-873a-e64fa6b54cdc,2026-05-24T08:15:00Z,2026-05-24T10:15:00+0200,8703.73,MW,BE,BE,forecast_load,Forecasted Load,2026-06-16T08:13:23Z
2026-06-16T08:13:14Z,2026-06-16T10:13:14+0200,dd6516a5-5fe5-4565-873a-e64fa6b54cdc,2026-05-24T08:30:00Z,2026-05-24T10:30:00+0200,8752.16,MW,BE,BE,forecast_load,Forecasted Load,2026-06-16T08:13:23Z
2026-06-16T08:13:14Z,2026-06-16T10:13:14+0200,dd6516a5-5fe5-4565-873a-e64fa6b54cdc,2026-05-24T08:45:00Z,2026-05-24T10:45:00+0200,8861.3,MW,BE,BE,forecast_load,Forecasted Load,2026-06-16T08:13:23Z
2026-06-16T08:13:14Z,2026-06-16T10:13:14+0200,dd6516a5-5fe5-4565-873a-e64fa6b54cdc,2026-05-24T09:00:00Z,2026-05-24T11:00:00+0200,8889.39,MW,BE,BE,forecast_load,Forecasted Load,2026-06-16T08:13:23Z
2026-06-16T08:13:14Z,2026-06-16T10:13:14+0200,dd6516a5-5fe5-4565-873a-e64fa6b54cdc,2026-05-24T09:15:00Z,2026-05-24T11:15:00+0200,9021.42,MW,BE,BE,forecast_load,Forecasted Load,2026-06-16T08:13:23Z
2026-06-16T08:13:14Z,2026-06-16T10:13:14+0200,dd6516a5-5fe5-4565-873a-e64fa6b54cdc,2026-05-24T09:30:00Z,2026-05-24T11:30:00+0200,9108.35,MW,BE,BE,forecast_load,Forecasted Load,2026-06-16T08:13:23Z
2026-06-16T08:13:14Z,2026-06-16T10:13:14+0200,dd6516a5-5fe5-4565-873a-e64fa6b54cdc,2026-05-24T09:45:00Z,2026-05-24T11:45:00+0200,9084.3,MW,BE,BE,forecast_load,Forecasted Load,2026-06-16T08:13:23Z
2026-06-16T08:13:14Z,2026-06-16T10:13:14+0200,dd6516a5-5fe5-4565-873a-e64fa6b54cdc,2026-05-24T10:00:00Z,2026-05-24T12:00:00+0200,9108.73,MW,BE,BE,forecast_load,Forecasted Load,2026-06-16T08:13:23Z
2026-06-16T08:13:14Z,2026-06-16T10:13:14+0200,dd6516a5-5fe5-4565-873a-e64fa6b54cdc,2026-05-24T10:15:00Z,2026-05-24T12:15:00+0200,9067.9,MW,BE,BE,forecast_load,Forecasted Load,2026-06-16T08:13:23Z
2026-06-16T08:13:14Z,2026-06-16T10:13:14+0200,dd6516a5-5fe5-4565-873a-e64fa6b54cdc,2026-05-24T10:30:00Z,2026-05-24T12:30:00+0200,9054.95,MW,BE,BE,forecast_load,Forecasted Load,2026-06-16T08:13:23Z
2026-06-16T08:13:14Z,2026-06-16T10:13:14+0200,dd6516a5-5fe5-4565-873a-e64fa6b54cdc,2026-05-24T10:45:00Z,2026-05-24T12:45:00+0200,9037.6,MW,BE,BE,forecast_load,Forecasted Load,2026-06-16T08:13:23Z
2026-06-16T08:13:14Z,2026-06-16T10:13:14+0200,dd6516a5-5fe5-4565-873a-e64fa6b54cdc,2026-05-24T11:00:00Z,2026-05-24T13:00:00+0200,8873.15,MW,BE,BE,forecast_load,Forecasted Load,2026-06-16T08:13:23Z
2026-06-16T08:13:14Z,2026-06-16T10:13:14+0200,dd6516a5-5fe5-4565-873a-e64fa6b54cdc,2026-05-24T11:15:00Z,2026-05-24T13:15:00+0200,8906.31,MW,BE,BE,forecast_load,Forecasted Load,2026-06-16T08:13:23Z
2026-06-16T08:13:14Z,2026-06-16T10:13:14+0200,dd6516a5-5fe5-4565-873a-e64fa6b54cdc,2026-05-24T11:30:00Z,2026-05-24T13:30:00+0200,8959.25,MW,BE,BE,forecast_load,Forecasted Load,2026-06-16T08:13:23Z
2026-06-16T08:13:14Z,2026-06-16T10:13:14+0200,dd6516a5-5fe5-4565-873a-e64fa6b54cdc,2026-05-24T11:45:00Z,2026-05-24T13:45:00+0200,8919.15,MW,BE,BE,forecast_load,Forecasted Load,2026-06-16T08:13:23Z
2026-06-16T08:13:14Z,2026-06-16T10:13:14+0200,dd6516a5-5fe5-4565-873a-e64fa6b54cdc,2026-05-24T12:00:00Z,2026-05-24T14:00:00+0200,8671.95,MW,BE,BE,forecast_load,Forecasted Load,2026-06-16T08:13:23Z
2026-06-16T08:13:14Z,2026-06-16T10:13:14+0200,dd6516a5-5fe5-4565-873a-e64fa6b54cdc,2026-05-24T12:15:00Z,2026-05-24T14:15:00+0200,8572.42,MW,BE,BE,forecast_load,Forecasted Load,2026-06-16T08:13:23Z
2026-06-16T08:13:14Z,2026-06-16T10:13:14+0200,dd6516a5-5fe5-4565-873a-e64fa6b54cdc,2026-05-24T12:30:00Z,2026-05-24T14:30:00+0200,8567.02,MW,BE,BE,forecast_load,Forecasted Load,2026-06-16T08:13:23Z
2026-06-16T08:13:14Z,2026-06-16T10:13:14+0200,dd6516a5-5fe5-4565-873a-e64fa6b54cdc,2026-05-24T12:45:00Z,2026-05-24T14:45:00+0200,8487.76,MW,BE,BE,forecast_load,Forecasted Load,2026-06-16T08:13:23Z
2026-06-16T08:13:14Z,2026-06-16T10:13:14+0200,dd6516a5-5fe5-4565-873a-e64fa6b54cdc,2026-05-24T13:00:00Z,2026-05-24T15:00:00+0200,8463.66,MW,BE,BE,forecast_load,Forecasted Load,2026-06-16T08:13:23Z
2026-06-16T08:13:14Z,2026-06-16T10:13:14+0200,dd6516a5-5fe5-4565-873a-e64fa6b54cdc,2026-05-24T13:15:00Z,2026-05-24T15:15:00+0200,8348.9,MW,BE,BE,forecast_load,Forecasted Load,2026-06-16T08:13:23Z
2026-06-16T08:13:14Z,2026-06-16T10:13:14+0200,dd6516a5-5fe5-4565-873a-e64fa6b54cdc,2026-05-24T13:30:00Z,2026-05-24T15:30:00+0200,8245.47,MW,BE,BE,forecast_load,Forecasted Load,2026-06-16T08:13:23Z
2026-06-16T08:13:14Z,2026-06-16T10:13:14+0200,dd6516a5-5fe5-4565-873a-e64fa6b54cdc,2026-05-24T13:45:00Z,2026-05-24T15:45:00+0200,8089.36,MW,BE,BE,forecast_load,Forecasted Load,2026-06-16T08:13:23Z
2026-06-16T08:13:14Z,2026-06-16T10:13:14+0200,dd6516a5-5fe5-4565-873a-e64fa6b54cdc,2026-05-24T14:00:00Z,2026-05-24T16:00:00+0200,8291.58,MW,BE,BE,forecast_load,Forecasted Load,2026-06-16T08:13:23Z
2026-06-16T08:13:14Z,2026-06-16T10:13:14+0200,dd6516a5-5fe5-4565-873a-e64fa6b54cdc,2026-05-24T14:15:00Z,2026-05-24T16:15:00+0200,8212.81,MW,BE,BE,forecast_load,Forecasted Load,2026-06-16T08:13:23Z
2026-06-16T08:13:14Z,2026-06-16T10:13:14+0200,dd6516a5-5fe5-4565-873a-e64fa6b54cdc,2026-05-24T14:30:00Z,2026-05-24T16:30:00+0200,8129.85,MW,BE,BE,forecast_load,Forecasted Load,2026-06-16T08:13:23Z
2026-06-16T08:13:14Z,2026-06-16T10:13:14+0200,dd6516a5-5fe5-4565-873a-e64fa6b54cdc,2026-05-24T14:45:00Z,2026-05-24T16:45:00+0200,8076.88,MW,BE,BE,forecast_load,Forecasted Load,2026-06-16T08:13:23Z
2026-06-16T08:13:14Z,2026-06-16T10:13:14+0200,dd6516a5-5fe5-4565-873a-e64fa6b54cdc,2026-05-24T15:00:00Z,2026-05-24T17:00:00+0200,8280.77,MW,BE,BE,forecast_load,Forecasted Load,2026-06-16T08:13:23Z
2026-06-16T08:13:14Z,2026-06-16T10:13:14+0200,dd6516a5-5fe5-4565-873a-e64fa6b54cdc,2026-05-24T15:15:00Z,2026-05-24T17:15:00+0200,8252.17,MW,BE,BE,forecast_load,Forecasted Load,2026-06-16T08:13:23Z
2026-06-16T08:13:14Z,2026-06-16T10:13:14+0200,dd6516a5-5fe5-4565-873a-e64fa6b54cdc,2026-05-24T15:30:00Z,2026-05-24T17:30:00+0200,8289.38,MW,BE,BE,forecast_load,Forecasted Load,2026-06-16T08:13:23Z
2026-06-16T08:13:14Z,2026-06-16T10:13:14+0200,dd6516a5-5fe5-4565-873a-e64fa6b54cdc,2026-05-24T15:45:00Z,2026-05-24T17:45:00+0200,8307.5,MW,BE,BE,forecast_load,Forecasted Load,2026-06-16T08:13:23Z
2026-06-16T08:13:14Z,2026-06-16T10:13:14+0200,dd6516a5-5fe5-4565-873a-e64fa6b54cdc,2026-05-24T16:00:00Z,2026-05-24T18:00:00+0200,8385.01,MW,BE,BE,forecast_load,Forecasted Load,2026-06-16T08:13:23Z
2026-06-16T08:13:14Z,2026-06-16T10:13:14+0200,dd6516a5-5fe5-4565-873a-e64fa6b54cdc,2026-05-24T16:15:00Z,2026-05-24T18:15:00+0200,8460.06,MW,BE,BE,forecast_load,Forecasted Load,2026-06-16T08:13:23Z
2026-06-16T08:13:14Z,2026-06-16T10:13:14+0200,dd6516a5-5fe5-4565-873a-e64fa6b54cdc,2026-05-24T16:30:00Z,2026-05-24T18:30:00+0200,8545.12,MW,BE,BE,forecast_load,Forecasted Load,2026-06-16T08:13:23Z
2026-06-16T08:13:14Z,2026-06-16T10:13:14+0200,dd6516a5-5fe5-4565-873a-e64fa6b54cdc,2026-05-24T16:45:00Z,2026-05-24T18:45:00+0200,8609.68,MW,BE,BE,forecast_load,Forecasted Load,2026-06-16T08:13:23Z
2026-06-16T08:13:14Z,2026-06-16T10:13:14+0200,dd6516a5-5fe5-4565-873a-e64fa6b54cdc,2026-05-24T17:00:00Z,2026-05-24T19:00:00+0200,8702.4,MW,BE,BE,forecast_load,Forecasted Load,2026-06-16T08:13:23Z
2026-06-16T08:13:14Z,2026-06-16T10:13:14+0200,dd6516a5-5fe5-4565-873a-e64fa6b54cdc,2026-05-24T17:15:00Z,2026-05-24T19:15:00+0200,8696.02,MW,BE,BE,forecast_load,Forecasted Load,2026-06-16T08:13:23Z
2026-06-16T08:13:14Z,2026-06-16T10:13:14+0200,dd6516a5-5fe5-4565-873a-e64fa6b54cdc,2026-05-24T17:30:00Z,2026-05-24T19:30:00+0200,8687.0,MW,BE,BE,forecast_load,Forecasted Load,2026-06-16T08:13:23Z
2026-06-16T08:13:14Z,2026-06-16T10:13:14+0200,dd6516a5-5fe5-4565-873a-e64fa6b54cdc,2026-05-24T17:45:00Z,2026-05-24T19:45:00+0200,8633.86,MW,BE,BE,forecast_load,Forecasted Load,2026-06-16T08:13:23Z
2026-06-16T08:13:14Z,2026-06-16T10:13:14+0200,dd6516a5-5fe5-4565-873a-e64fa6b54cdc,2026-05-24T18:00:00Z,2026-05-24T20:00:00+0200,8751.43,MW,BE,BE,forecast_load,Forecasted Load,2026-06-16T08:13:23Z
2026-06-16T08:13:14Z,2026-06-16T10:13:14+0200,dd6516a5-5fe5-4565-873a-e64fa6b54cdc,2026-05-24T18:15:00Z,2026-05-24T20:15:00+0200,8681.44,MW,BE,BE,forecast_load,Forecasted Load,2026-06-16T08:13:23Z
2026-06-16T08:13:14Z,2026-06-16T10:13:14+0200,dd6516a5-5fe5-4565-873a-e64fa6b54cdc,2026-05-24T18:30:00Z,2026-05-24T20:30:00+0200,8635.21,MW,BE,BE,forecast_load,Forecasted Load,2026-06-16T08:13:23Z
2026-06-16T08:13:14Z,2026-06-16T10:13:14+0200,dd6516a5-5fe5-4565-873a-e64fa6b54cdc,2026-05-24T18:45:00Z,2026-05-24T20:45:00+0200,8629.42,MW,BE,BE,forecast_load,Forecasted Load,2026-06-16T08:13:23Z
2026-06-16T08:13:14Z,2026-06-16T10:13:14+0200,dd6516a5-5fe5-4565-873a-e64fa6b54cdc,2026-05-24T19:00:00Z,2026-05-24T21:00:00+0200,8504.2,MW,BE,BE,forecast_load,Forecasted Load,2026-06-16T08:13:23Z
2026-06-16T08:13:14Z,2026-06-16T10:13:14+0200,dd6516a5-5fe5-4565-873a-e64fa6b54cdc,2026-05-24T19:15:00Z,2026-05-24T21:15:00+0200,8542.57,MW,BE,BE,forecast_load,Forecasted Load,2026-06-16T08:13:23Z
2026-06-16T08:13:14Z,2026-06-16T10:13:14+0200,dd6516a5-5fe5-4565-873a-e64fa6b54cdc,2026-05-24T19:30:00Z,2026-05-24T21:30:00+0200,8570.31,MW,BE,BE,forecast_load,Forecasted Load,2026-06-16T08:13:23Z
2026-06-16T08:13:14Z,2026-06-16T10:13:14+0200,dd6516a5-5fe5-4565-873a-e64fa6b54cdc,2026-05-24T19:45:00Z,2026-05-24T21:45:00+0200,8519.74,MW,BE,BE,forecast_load,Forecasted Load,2026-06-16T08:13:23Z
2026-06-16T08:13:14Z,2026-06-16T10:13:14+0200,dd6516a5-5fe5-4565-873a-e64fa6b54cdc,2026-05-24T20:00:00Z,2026-05-24T22:00:00+0200,8495.86,MW,BE,BE,forecast_load,Forecasted Load,2026-06-16T08:13:23Z
2026-06-16T08:13:14Z,2026-06-16T10:13:14+0200,dd6516a5-5fe5-4565-873a-e64fa6b54cdc,2026-05-24T20:15:00Z,2026-05-24T22:15:00+0200,8473.88,MW,BE,BE,forecast_load,Forecasted Load,2026-06-16T08:13:23Z
2026-06-16T08:13:14Z,2026-06-16T10:13:14+0200,dd6516a5-5fe5-4565-873a-e64fa6b54cdc,2026-05-24T20:30:00Z,2026-05-24T22:30:00+0200,8403.65,MW,BE,BE,forecast_load,Forecasted Load,2026-06-16T08:13:23Z
2026-06-16T08:13:14Z,2026-06-16T10:13:14+0200,dd6516a5-5fe5-4565-873a-e64fa6b54cdc,2026-05-24T20:45:00Z,2026-05-24T22:45:00+0200,8337.78,MW,BE,BE,forecast_load,Forecasted Load,2026-06-16T08:13:23Z
2026-06-16T08:13:14Z,2026-06-16T10:13:14+0200,dd6516a5-5fe5-4565-873a-e64fa6b54cdc,2026-05-24T21:00:00Z,2026-05-24T23:00:00+0200,8221.85,MW,BE,BE,forecast_load,Forecasted Load,2026-06-16T08:13:23Z
2026-06-16T08:13:14Z,2026-06-16T10:13:14+0200,dd6516a5-5fe5-4565-873a-e64fa6b54cdc,2026-05-24T21:15:00Z,2026-05-24T23:15:00+0200,8087.99,MW,BE,BE,forecast_load,Forecasted Load,2026-06-16T08:13:23Z
2026-06-16T08:13:14Z,2026-06-16T10:13:14+0200,dd6516a5-5fe5-4565-873a-e64fa6b54cdc,2026-05-24T21:30:00Z,2026-05-24T23:30:00+0200,7980.64,MW,BE,BE,forecast_load,Forecasted Load,2026-06-16T08:13:23Z
2026-06-16T08:13:14Z,2026-06-16T10:13:14+0200,dd6516a5-5fe5-4565-873a-e64fa6b54cdc,2026-05-24T21:45:00Z,2026-05-24T23:45:00+0200,7861.56,MW,BE,BE,forecast_load,Forecasted Load,2026-06-16T08:13:23Z
2026-06-16T08:13:14Z,2026-06-16T10:13:14+0200,dd6516a5-5fe5-4565-873a-e64fa6b54cdc,2026-05-24T22:00:00Z,2026-05-25T00:00:00+0200,7723.7,MW,BE,BE,forecast_load,Forecasted Load,2026-06-16T08:13:23Z
2026-06-16T08:13:14Z,2026-06-16T10:13:14+0200,dd6516a5-5fe5-4565-873a-e64fa6b54cdc,2026-05-24T22:15:00Z,2026-05-25T00:15:00+0200,7622.04,MW,BE,BE,forecast_load,Forecasted Load,2026-06-16T08:13:23Z
2026-06-16T08:13:14Z,2026-06-16T10:13:14+0200,dd6516a5-5fe5-4565-873a-e64fa6b54cdc,2026-05-24T22:30:00Z,2026-05-25T00:30:00+0200,7541.22,MW,BE,BE,forecast_load,Forecasted Load,2026-06-16T08:13:23Z
2026-06-16T08:13:14Z,2026-06-16T10:13:14+0200,dd6516a5-5fe5-4565-873a-e64fa6b54cdc,2026-05-24T22:45:00Z,2026-05-25T00:45:00+0200,7507.7,MW,BE,BE,forecast_load,Forecasted Load,2026-06-16T08:13:23Z
2026-06-16T08:13:14Z,2026-06-16T10:13:14+0200,dd6516a5-5fe5-4565-873a-e64fa6b54cdc,2026-05-24T23:00:00Z,2026-05-25T01:00:00+0200,7419.92,MW,BE,BE,forecast_load,Forecasted Load,2026-06-16T08:13:23Z
2026-06-16T08:13:14Z,2026-06-16T10:13:14+0200,dd6516a5-5fe5-4565-873a-e64fa6b54cdc,2026-05-24T23:15:00Z,2026-05-25T01:15:00+0200,7382.73,MW,BE,BE,forecast_load,Forecasted Load,2026-06-16T08:13:23Z
2026-06-16T08:13:14Z,2026-06-16T10:13:14+0200,dd6516a5-5fe5-4565-873a-e64fa6b54cdc,2026-05-24T23:30:00Z,2026-05-25T01:30:00+0200,7292.24,MW,BE,BE,forecast_load,Forecasted Load,2026-06-16T08:13:23Z
2026-06-16T08:13:14Z,2026-06-16T10:13:14+0200,dd6516a5-5fe5-4565-873a-e64fa6b54cdc,2026-05-24T23:45:00Z,2026-05-25T01:45:00+0200,7266.55,MW,BE,BE,forecast_load,Forecasted Load,2026-06-16T08:13:23Z
2026-06-16T08:13:14Z,2026-06-16T10:13:14+0200,dd6516a5-5fe5-4565-873a-e64fa6b54cdc,2026-05-25T00:00:00Z,2026-05-25T02:00:00+0200,7045.08,MW,BE,BE,forecast_load,Forecasted Load,2026-06-16T08:13:23Z
2026-06-16T08:13:14Z,2026-06-16T10:13:14+0200,dd6516a5-5fe5-4565-873a-e64fa6b54cdc,2026-05-25T00:15:00Z,2026-05-25T02:15:00+0200,7010.47,MW,BE,BE,forecast_load,Forecasted Load,2026-06-16T08:13:23Z
2026-06-16T08:13:14Z,2026-06-16T10:13:14+0200,dd6516a5-5fe5-4565-873a-e64fa6b54cdc,2026-05-25T00:30:00Z,2026-05-25T02:30:00+0200,6957.73,MW,BE,BE,forecast_load,Forecasted Load,2026-06-16T08:13:23Z
2026-06-16T08:13:14Z,2026-06-16T10:13:14+0200,dd6516a5-5fe5-4565-873a-e64fa6b54cdc,2026-05-25T00:45:00Z,2026-05-25T02:45:00+0200,6923.93,MW,BE,BE,forecast_load,Forecasted Load,2026-06-16T08:13:23Z
2026-06-16T08:13:14Z,2026-06-16T10:13:14+0200,dd6516a5-5fe5-4565-873a-e64fa6b54cdc,2026-05-25T01:00:00Z,2026-05-25T03:00:00+0200,6900.65,MW,BE,BE,forecast_load,Forecasted Load,2026-06-16T08:13:23Z
2026-06-16T08:13:14Z,2026-06-16T10:13:14+0200,dd6516a5-5fe5-4565-873a-e64fa6b54cdc,2026-05-25T01:15:00Z,2026-05-25T03:15:00+0200,6892.49,MW,BE,BE,forecast_load,Forecasted Load,2026-06-16T08:13:23Z
2026-06-16T08:13:14Z,2026-06-16T10:13:14+0200,dd6516a5-5fe5-4565-873a-e64fa6b54cdc,2026-05-25T01:30:00Z,2026-05-25T03:30:00+0200,6866.42,MW,BE,BE,forecast_load,Forecasted Load,2026-06-16T08:13:23Z
2026-06-16T08:13:14Z,2026-06-16T10:13:14+0200,dd6516a5-5fe5-4565-873a-e64fa6b54cdc,2026-05-25T01:45:00Z,2026-05-25T03:45:00+0200,6844.65,MW,BE,BE,forecast_load,Forecasted Load,2026-06-16T08:13:23Z
2026-06-16T08:13:14Z,2026-06-16T10:13:14+0200,dd6516a5-5fe5-4565-873a-e64fa6b54cdc,2026-05-25T02:00:00Z,2026-05-25T04:00:00+0200,6813.35,MW,BE,BE,forecast_load,Forecasted Load,2026-06-16T08:13:23Z
2026-06-16T08:13:14Z,2026-06-16T10:13:14+0200,dd6516a5-5fe5-4565-873a-e64fa6b54cdc,2026-05-25T02:15:00Z,2026-05-25T04:15:00+0200,6791.24,MW,BE,BE,forecast_load,Forecasted Load,2026-06-16T08:13:23Z
2026-06-16T08:13:14Z,2026-06-16T10:13:14+0200,dd6516a5-5fe5-4565-873a-e64fa6b54cdc,2026-05-25T02:30:00Z,2026-05-25T04:30:00+0200,6772.23,MW,BE,BE,forecast_load,Forecasted Load,2026-06-16T08:13:23Z
2026-06-16T08:13:14Z,2026-06-16T10:13:14+0200,dd6516a5-5fe5-4565-873a-e64fa6b54cdc,2026-05-25T02:45:00Z,2026-05-25T04:45:00+0200,6758.96,MW,BE,BE,forecast_load,Forecasted Load,2026-06-16T08:13:23Z
2026-06-16T08:13:14Z,2026-06-16T10:13:14+0200,dd6516a5-5fe5-4565-873a-e64fa6b54cdc,2026-05-25T03:00:00Z,2026-05-25T05:00:00+0200,6775.47,MW,BE,BE,forecast_load,Forecasted Load,2026-06-16T08:13:23Z
2026-06-16T08:13:14Z,2026-06-16T10:13:14+0200,dd6516a5-5fe5-4565-873a-e64fa6b54cdc,2026-05-25T03:15:00Z,2026-05-25T05:15:00+0200,6792.35,MW,BE,BE,forecast_load,Forecasted Load,2026-06-16T08:13:23Z
2026-06-16T08:13:14Z,2026-06-16T10:13:14+0200,dd6516a5-5fe5-4565-873a-e64fa6b54cdc,2026-05-25T03:30:00Z,2026-05-25T05:30:00+0200,6813.26,MW,BE,BE,forecast_load,Forecasted Load,2026-06-16T08:13:23Z
2026-06-16T08:13:14Z,2026-06-16T10:13:14+0200,dd6516a5-5fe5-4565-873a-e64fa6b54cdc,2026-05-25T03:45:00Z,2026-05-25T05:45:00+0200,6821.31,MW,BE,BE,forecast_load,Forecasted Load,2026-06-16T08:13:23Z
2026-06-16T08:13:14Z,2026-06-16T10:13:14+0200,dd6516a5-5fe5-4565-873a-e64fa6b54cdc,2026-05-25T04:00:00Z,2026-05-25T06:00:00+0200,6825.04,MW,BE,BE,forecast_load,Forecasted Load,2026-06-16T08:13:23Z
2026-06-16T08:13:14Z,2026-06-16T10:13:14+0200,dd6516a5-5fe5-4565-873a-e64fa6b54cdc,2026-05-25T04:15:00Z,2026-05-25T06:15:00+0200,6848.68,MW,BE,BE,forecast_load,Forecasted Load,2026-06-16T08:13:23Z
2026-06-16T08:13:14Z,2026-06-16T10:13:14+0200,dd6516a5-5fe5-4565-873a-e64fa6b54cdc,2026-05-25T04:30:00Z,2026-05-25T06:30:00+0200,6890.12,MW,BE,BE,forecast_load,Forecasted Load,2026-06-16T08:13:23Z
2026-06-16T08:13:14Z,2026-06-16T10:13:14+0200,dd6516a5-5fe5-4565-873a-e64fa6b54cdc,2026-05-25T04:45:00Z,2026-05-25T06:45:00+0200,6937.5,MW,BE,BE,forecast_load,Forecasted Load,2026-06-16T08:13:23Z
2026-06-16T08:13:14Z,2026-06-16T10:13:14+0200,dd6516a5-5fe5-4565-873a-e64fa6b54cdc,2026-05-25T05:00:00Z,2026-05-25T07:00:00+0200,6990.27,MW,BE,BE,forecast_load,Forecasted Load,2026-06-16T08:13:23Z
2026-06-16T08:13:14Z,2026-06-16T10:13:14+0200,dd6516a5-5fe5-4565-873a-e64fa6b54cdc,2026-05-25T05:15:00Z,2026-05-25T07:15:00+0200,7066.44,MW,BE,BE,forecast_load,Forecasted Load,2026-06-16T08:13:23Z
2026-06-16T08:13:14Z,2026-06-16T10:13:14+0200,dd6516a5-5fe5-4565-873a-e64fa6b54cdc,2026-05-25T05:30:00Z,2026-05-25T07:30:00+0200,7172.41,MW,BE,BE,forecast_load,Forecasted Load,2026-06-16T08:13:23Z
2026-06-16T08:13:14Z,2026-06-16T10:13:14+0200,dd6516a5-5fe5-4565-873a-e64fa6b54cdc,2026-05-25T05:45:00Z,2026-05-25T07:45:00+0200,7262.38,MW,BE,BE,forecast_load,Forecasted Load,2026-06-16T08:13:23Z
2026-06-16T08:13:14Z,2026-06-16T10:13:14+0200,dd6516a5-5fe5-4565-873a-e64fa6b54cdc,2026-05-25T06:00:00Z,2026-05-25T08:00:00+0200,7331.71,MW,BE,BE,forecast_load,Forecasted Load,2026-06-16T08:13:23Z
2026-06-16T08:13:14Z,2026-06-16T10:13:14+0200,dd6516a5-5fe5-4565-873a-e64fa6b54cdc,2026-05-25T06:15:00Z,2026-05-25T08:15:00+0200,7399.53,MW,BE,BE,forecast_load,Forecasted Load,2026-06-16T08:13:23Z
2026-06-16T08:13:14Z,2026-06-16T10:13:14+0200,dd6516a5-5fe5-4565-873a-e64fa6b54cdc,2026-05-25T06:30:00Z,2026-05-25T08:30:00+0200,7495.04,MW,BE,BE,forecast_load,Forecasted Load,2026-06-16T08:13:23Z
2026-06-16T08:13:14Z,2026-06-16T10:13:14+0200,dd6516a5-5fe5-4565-873a-e64fa6b54cdc,2026-05-25T06:45:00Z,2026-05-25T08:45:00+0200,7584.69,MW,BE,BE,forecast_load,Forecasted Load,2026-06-16T08:13:23Z
2026-06-16T08:13:14Z,2026-06-16T10:13:14+0200,dd6516a5-5fe5-4565-873a-e64fa6b54cdc,2026-05-25T07:00:00Z,2026-05-25T09:00:00+0200,7689.86,MW,BE,BE,forecast_load,Forecasted Load,2026-06-16T08:13:23Z
2026-06-16T08:13:14Z,2026-06-16T10:13:14+0200,dd6516a5-5fe5-4565-873a-e64fa6b54cdc,2026-05-25T07:15:00Z,2026-05-25T09:15:00+0200,7812.72,MW,BE,BE,forecast_load,Forecasted Load,2026-06-16T08:13:23Z
2026-06-16T08:13:14Z,2026-06-16T10:13:14+0200,dd6516a5-5fe5-4565-873a-e64fa6b54cdc,2026-05-25T07:30:00Z,2026-05-25T09:30:00+0200,7961.39,MW,BE,BE,forecast_load,Forecasted Load,2026-06-16T08:13:23Z
2026-06-16T08:13:14Z,2026-06-16T10:13:14+0200,dd6516a5-5fe5-4565-873a-e64fa6b54cdc,2026-05-25T07:45:00Z,2026-05-25T09:45:00+0200,8058.73,MW,BE,BE,forecast_load,Forecasted Load,2026-06-16T08:13:23Z
2026-06-16T08:13:14Z,2026-06-16T10:13:14+0200,dd6516a5-5fe5-4565-873a-e64fa6b54cdc,2026-05-25T08:00:00Z,2026-05-25T10:00:00+0200,8135.93,MW,BE,BE,forecast_load,Forecasted Load,2026-06-16T08:13:23Z
2026-06-16T08:13:14Z,2026-06-16T10:13:14+0200,dd6516a5-5fe5-4565-873a-e64fa6b54cdc,2026-05-25T08:15:00Z,2026-05-25T10:15:00+0200,8180.74,MW,BE,BE,forecast_load,Forecasted Load,2026-06-16T08:13:23Z
2026-06-16T08:13:14Z,2026-06-16T10:13:14+0200,dd6516a5-5fe5-4565-873a-e64fa6b54cdc,2026-05-25T08:30:00Z,2026-05-25T10:30:00+0200,8261.99,MW,BE,BE,forecast_load,Forecasted Load,2026-06-16T08:13:23Z
2026-06-16T08:13:14Z,2026-06-16T10:13:14+0200,dd6516a5-5fe5-4565-873a-e64fa6b54cdc,2026-05-25T08:45:00Z,2026-05-25T10:45:00+0200,8297.5,MW,BE,BE,forecast_load,Forecasted Load,2026-06-16T08:13:23Z
2026-06-16T08:13:14Z,2026-06-16T10:13:14+0200,dd6516a5-5fe5-4565-873a-e64fa6b54cdc,2026-05-25T09:00:00Z,2026-05-25T11:00:00+0200,8358.92,MW,BE,BE,forecast_load,Forecasted Load,2026-06-16T08:13:23Z
2026-06-16T08:13:14Z,2026-06-16T10:13:14+0200,dd6516a5-5fe5-4565-873a-e64fa6b54cdc,2026-05-25T09:15:00Z,2026-05-25T11:15:00+0200,8413.14,MW,BE,BE,forecast_load,Forecasted Load,2026-06-16T08:13:23Z
2026-06-16T08:13:14Z,2026-06-16T10:13:14+0200,dd6516a5-5fe5-4565-873a-e64fa6b54cdc,2026-05-25T09:30:00Z,2026-05-25T11:30:00+0200,8473.83,MW,BE,BE,forecast_load,Forecasted Load,2026-06-16T08:13:23Z
2026-06-16T08:13:14Z,2026-06-16T10:13:14+0200,dd6516a5-5fe5-4565-873a-e64fa6b54cdc,2026-05-25T09:45:00Z,2026-05-25T11:45:00+0200,8536.62,MW,BE,BE,forecast_load,Forecasted Load,2026-06-16T08:13:23Z
2026-06-16T08:13:14Z,2026-06-16T10:13:14+0200,dd6516a5-5fe5-4565-873a-e64fa6b54cdc,2026-05-25T10:00:00Z,2026-05-25T12:00:00+0200,8559.48,MW,BE,BE,forecast_load,Forecasted Load,2026-06-16T08:13:23Z
2026-06-16T08:13:14Z,2026-06-16T10:13:14+0200,dd6516a5-5fe5-4565-873a-e64fa6b54cdc,2026-05-25T10:15:00Z,2026-05-25T12:15:00+0200,8585.73,MW,BE,BE,forecast_load,Forecasted Load,2026-06-16T08:13:23Z
2026-06-16T08:13:14Z,2026-06-16T10:13:14+0200,dd6516a5-5fe5-4565-873a-e64fa6b54cdc,2026-05-25T10:30:00Z,2026-05-25T12:30:00+0200,8563.31,MW,BE,BE,forecast_load,Forecasted Load,2026-06-16T08:13:23Z
2026-06-16T08:13:14Z,2026-06-16T10:13:14+0200,dd6516a5-5fe5-4565-873a-e64fa6b54cdc,2026-05-25T10:45:00Z,2026-05-25T12:45:00+0200,8485.19,MW,BE,BE,forecast_load,Forecasted Load,2026-06-16T08:13:23Z
2026-06-16T08:13:14Z,2026-06-16T10:13:14+0200,dd6516a5-5fe5-4565-873a-e64fa6b54cdc,2026-05-25T11:00:00Z,2026-05-25T13:00:00+0200,8421.55,MW,BE,BE,forecast_load,Forecasted Load,2026-06-16T08:13:23Z
2026-06-16T08:13:14Z,2026-06-16T10:13:14+0200,dd6516a5-5fe5-4565-873a-e64fa6b54cdc,2026-05-25T11:15:00Z,2026-05-25T13:15:00+0200,8379.98,MW,BE,BE,forecast_load,Forecasted Load,2026-06-16T08:13:23Z
2026-06-16T08:13:14Z,2026-06-16T10:13:14+0200,dd6516a5-5fe5-4565-873a-e64fa6b54cdc,2026-05-25T11:30:00Z,2026-05-25T13:30:00+0200,8394.39,MW,BE,BE,forecast_load,Forecasted Load,2026-06-16T08:13:23Z
2026-06-16T08:13:14Z,2026-06-16T10:13:14+0200,dd6516a5-5fe5-4565-873a-e64fa6b54cdc,2026-05-25T11:45:00Z,2026-05-25T13:45:00+0200,8311.18,MW,BE,BE,forecast_load,Forecasted Load,2026-06-16T08:13:23Z
2026-06-16T08:13:14Z,2026-06-16T10:13:14+0200,dd6516a5-5fe5-4565-873a-e64fa6b54cdc,2026-05-25T12:00:00Z,2026-05-25T14:00:00+0200,8180.29,MW,BE,BE,forecast_load,Forecasted Load,2026-06-16T08:13:23Z
2026-06-16T08:13:14Z,2026-06-16T10:13:14+0200,dd6516a5-5fe5-4565-873a-e64fa6b54cdc,2026-05-25T12:15:00Z,2026-05-25T14:15:00+0200,8060.28,MW,BE,BE,forecast_load,Forecasted Load,2026-06-16T08:13:23Z
2026-06-16T08:13:14Z,2026-06-16T10:13:14+0200,dd6516a5-5fe5-4565-873a-e64fa6b54cdc,2026-05-25T12:30:00Z,2026-05-25T14:30:00+0200,8002.76,MW,BE,BE,forecast_load,Forecasted Load,2026-06-16T08:13:23Z
2026-06-16T08:13:14Z,2026-06-16T10:13:14+0200,dd6516a5-5fe5-4565-873a-e64fa6b54cdc,2026-05-25T12:45:00Z,2026-05-25T14:45:00+0200,7984.78,MW,BE,BE,forecast_load,Forecasted Load,2026-06-16T08:13:23Z
2026-06-16T08:13:14Z,2026-06-16T10:13:14+0200,dd6516a5-5fe5-4565-873a-e64fa6b54cdc,2026-05-25T13:00:00Z,2026-05-25T15:00:00+0200,7932.43,MW,BE,BE,forecast_load,Forecasted Load,2026-06-16T08:13:23Z
2026-06-16T08:13:14Z,2026-06-16T10:13:14+0200,dd6516a5-5fe5-4565-873a-e64fa6b54cdc,2026-05-25T13:15:00Z,2026-05-25T15:15:00+0200,7872.34,MW,BE,BE,forecast_load,Forecasted Load,2026-06-16T08:13:23Z
2026-06-16T08:13:14Z,2026-06-16T10:13:14+0200,dd6516a5-5fe5-4565-873a-e64fa6b54cdc,2026-05-25T13:30:00Z,2026-05-25T15:30:00+0200,7754.75,MW,BE,BE,forecast_load,Forecasted Load,2026-06-16T08:13:23Z
2026-06-16T08:13:14Z,2026-06-16T10:13:14+0200,dd6516a5-5fe5-4565-873a-e64fa6b54cdc,2026-05-25T13:45:00Z,2026-05-25T15:45:00+0200,7738.79,MW,BE,BE,forecast_load,Forecasted Load,2026-06-16T08:13:23Z
2026-06-16T08:13:14Z,2026-06-16T10:13:14+0200,dd6516a5-5fe5-4565-873a-e64fa6b54cdc,2026-05-25T14:00:00Z,2026-05-25T16:00:00+0200,7730.56,MW,BE,BE,forecast_load,Forecasted Load,2026-06-16T08:13:23Z
2026-06-16T08:13:14Z,2026-06-16T10:13:14+0200,dd6516a5-5fe5-4565-873a-e64fa6b54cdc,2026-05-25T14:15:00Z,2026-05-25T16:15:00+0200,7745.3,MW,BE,BE,forecast_load,Forecasted Load,2026-06-16T08:13:23Z
2026-06-16T08:13:14Z,2026-06-16T10:13:14+0200,dd6516a5-5fe5-4565-873a-e64fa6b54cdc,2026-05-25T14:30:00Z,2026-05-25T16:30:00+0200,7677.79,MW,BE,BE,forecast_load,Forecasted Load,2026-06-16T08:13:23Z
2026-06-16T08:13:14Z,2026-06-16T10:13:14+0200,dd6516a5-5fe5-4565-873a-e64fa6b54cdc,2026-05-25T14:45:00Z,2026-05-25T16:45:00+0200,7755.34,MW,BE,BE,forecast_load,Forecasted Load,2026-06-16T08:13:23Z
2026-06-16T08:13:14Z,2026-06-16T10:13:14+0200,dd6516a5-5fe5-4565-873a-e64fa6b54cdc,2026-05-25T15:00:00Z,2026-05-25T17:00:00+0200,7849.79,MW,BE,BE,forecast_load,Forecasted Load,2026-06-16T08:13:23Z
2026-06-16T08:13:14Z,2026-06-16T10:13:14+0200,dd6516a5-5fe5-4565-873a-e64fa6b54cdc,2026-05-25T15:15:00Z,2026-05-25T17:15:00+0200,7972.84,MW,BE,BE,forecast_load,Forecasted Load,2026-06-16T08:13:23Z
2026-06-16T08:13:14Z,2026-06-16T10:13:14+0200,dd6516a5-5fe5-4565-873a-e64fa6b54cdc,2026-05-25T15:30:00Z,2026-05-25T17:30:00+0200,7981.42,MW,BE,BE,forecast_load,Forecasted Load,2026-06-16T08:13:23Z
2026-06-16T08:13:14Z,2026-06-16T10:13:14+0200,dd6516a5-5fe5-4565-873a-e64fa6b54cdc,2026-05-25T15:45:00Z,2026-05-25T17:45:00+0200,8048.27,MW,BE,BE,forecast_load,Forecasted Load,2026-06-16T08:13:23Z
2026-06-16T08:13:14Z,2026-06-16T10:13:14+0200,dd6516a5-5fe5-4565-873a-e64fa6b54cdc,2026-05-25T16:00:00Z,2026-05-25T18:00:00+0200,8127.49,MW,BE,BE,forecast_load,Forecasted Load,2026-06-16T08:13:23Z
2026-06-16T08:13:14Z,2026-06-16T10:13:14+0200,dd6516a5-5fe5-4565-873a-e64fa6b54cdc,2026-05-25T16:15:00Z,2026-05-25T18:15:00+0200,8228.45,MW,BE,BE,forecast_load,Forecasted Load,2026-06-16T08:13:23Z
2026-06-16T08:13:14Z,2026-06-16T10:13:14+0200,dd6516a5-5fe5-4565-873a-e64fa6b54cdc,2026-05-25T16:30:00Z,2026-05-25T18:30:00+0200,8301.26,MW,BE,BE,forecast_load,Forecasted Load,2026-06-16T08:13:23Z
2026-06-16T08:13:14Z,2026-06-16T10:13:14+0200,dd6516a5-5fe5-4565-873a-e64fa6b54cdc,2026-05-25T16:45:00Z,2026-05-25T18:45:00+0200,8378.87,MW,BE,BE,forecast_load,Forecasted Load,2026-06-16T08:13:23Z
2026-06-16T08:13:14Z,2026-06-16T10:13:14+0200,dd6516a5-5fe5-4565-873a-e64fa6b54cdc,2026-05-25T17:00:00Z,2026-05-25T19:00:00+0200,8426.84,MW,BE,BE,forecast_load,Forecasted Load,2026-06-16T08:13:23Z
2026-06-16T08:13:14Z,2026-06-16T10:13:14+0200,dd6516a5-5fe5-4565-873a-e64fa6b54cdc,2026-05-25T17:15:00Z,2026-05-25T19:15:00+0200,8450.98,MW,BE,BE,forecast_load,Forecasted Load,2026-06-16T08:13:23Z
2026-06-16T08:13:14Z,2026-06-16T10:13:14+0200,dd6516a5-5fe5-4565-873a-e64fa6b54cdc,2026-05-25T17:30:00Z,2026-05-25T19:30:00+0200,8428.77,MW,BE,BE,forecast_load,Forecasted Load,2026-06-16T08:13:23Z
2026-06-16T08:13:14Z,2026-06-16T10:13:14+0200,dd6516a5-5fe5-4565-873a-e64fa6b54cdc,2026-05-25T17:45:00Z,2026-05-25T19:45:00+0200,8438.8,MW,BE,BE,forecast_load,Forecasted Load,2026-06-16T08:13:23Z
2026-06-16T08:13:14Z,2026-06-16T10:13:14+0200,dd6516a5-5fe5-4565-873a-e64fa6b54cdc,2026-05-25T18:00:00Z,2026-05-25T20:00:00+0200,8429.13,MW,BE,BE,forecast_load,Forecasted Load,2026-06-16T08:13:23Z
2026-06-16T08:13:14Z,2026-06-16T10:13:14+0200,dd6516a5-5fe5-4565-873a-e64fa6b54cdc,2026-05-25T18:15:00Z,2026-05-25T20:15:00+0200,8421.74,MW,BE,BE,forecast_load,Forecasted Load,2026-06-16T08:13:23Z
2026-06-16T08:13:14Z,2026-06-16T10:13:14+0200,dd6516a5-5fe5-4565-873a-e64fa6b54cdc,2026-05-25T18:30:00Z,2026-05-25T20:30:00+0200,8382.32,MW,BE,BE,forecast_load,Forecasted Load,2026-06-16T08:13:23Z
2026-06-16T08:13:14Z,2026-06-16T10:13:14+0200,dd6516a5-5fe5-4565-873a-e64fa6b54cdc,2026-05-25T18:45:00Z,2026-05-25T20:45:00+0200,8333.78,MW,BE,BE,forecast_load,Forecasted Load,2026-06-16T08:13:23Z
2026-06-16T08:13:14Z,2026-06-16T10:13:14+0200,dd6516a5-5fe5-4565-873a-e64fa6b54cdc,2026-05-25T19:00:00Z,2026-05-25T21:00:00+0200,8312.61,MW,BE,BE,forecast_load,Forecasted Load,2026-06-16T08:13:23Z
2026-06-16T08:13:14Z,2026-06-16T10:13:14+0200,dd6516a5-5fe5-4565-873a-e64fa6b54cdc,2026-05-25T19:15:00Z,2026-05-25T21:15:00+0200,8302.31,MW,BE,BE,forecast_load,Forecasted Load,2026-06-16T08:13:23Z
2026-06-16T08:13:14Z,2026-06-16T10:13:14+0200,dd6516a5-5fe5-4565-873a-e64fa6b54cdc,2026-05-25T19:30:00Z,2026-05-25T21:30:00+0200,8307.34,MW,BE,BE,forecast_load,Forecasted Load,2026-06-16T08:13:23Z
2026-06-16T08:13:14Z,2026-06-16T10:13:14+0200,dd6516a5-5fe5-4565-873a-e64fa6b54cdc,2026-05-25T19:45:00Z,2026-05-25T21:45:00+0200,8275.95,MW,BE,BE,forecast_load,Forecasted Load,2026-06-16T08:13:23Z
2026-06-16T08:13:14Z,2026-06-16T10:13:14+0200,dd6516a5-5fe5-4565-873a-e64fa6b54cdc,2026-05-25T20:00:00Z,2026-05-25T22:00:00+0200,8228.48,MW,BE,BE,forecast_load,Forecasted Load,2026-06-16T08:13:23Z
2026-06-16T08:13:14Z,2026-06-16T10:13:14+0200,dd6516a5-5fe5-4565-873a-e64fa6b54cdc,2026-05-25T20:15:00Z,2026-05-25T22:15:00+0200,8174.79,MW,BE,BE,forecast_load,Forecasted Load,2026-06-16T08:13:23Z
2026-06-16T08:13:14Z,2026-06-16T10:13:14+0200,dd6516a5-5fe5-4565-873a-e64fa6b54cdc,2026-05-25T20:30:00Z,2026-05-25T22:30:00+0200,8123.86,MW,BE,BE,forecast_load,Forecasted Load,2026-06-16T08:13:23Z
2026-06-16T08:13:14Z,2026-06-16T10:13:14+0200,dd6516a5-5fe5-4565-873a-e64fa6b54cdc,2026-05-25T20:45:00Z,2026-05-25T22:45:00+0200,8056.74,MW,BE,BE,forecast_load,Forecasted Load,2026-06-16T08:13:23Z
2026-06-16T08:13:14Z,2026-06-16T10:13:14+0200,dd6516a5-5fe5-4565-873a-e64fa6b54cdc,2026-05-25T21:00:00Z,2026-05-25T23:00:00+0200,7968.9,MW,BE,BE,forecast_load,Forecasted Load,2026-06-16T08:13:23Z
2026-06-16T08:13:14Z,2026-06-16T10:13:14+0200,dd6516a5-5fe5-4565-873a-e64fa6b54cdc,2026-05-25T21:15:00Z,2026-05-25T23:15:00+0200,7867.51,MW,BE,BE,forecast_load,Forecasted Load,2026-06-16T08:13:23Z
2026-06-16T08:13:14Z,2026-06-16T10:13:14+0200,dd6516a5-5fe5-4565-873a-e64fa6b54cdc,2026-05-25T21:30:00Z,2026-05-25T23:30:00+0200,7750.81,MW,BE,BE,forecast_load,Forecasted Load,2026-06-16T08:13:23Z
2026-06-16T08:13:14Z,2026-06-16T10:13:14+0200,dd6516a5-5fe5-4565-873a-e64fa6b54cdc,2026-05-25T21:45:00Z,2026-05-25T23:45:00+0200,7662.83,MW,BE,BE,forecast_load,Forecasted Load,2026-06-16T08:13:23Z
2026-06-16T08:13:14Z,2026-06-16T10:13:14+0200,dd6516a5-5fe5-4565-873a-e64fa6b54cdc,2026-05-25T22:00:00Z,2026-05-26T00:00:00+0200,7869.24,MW,BE,BE,forecast_load,Forecasted Load,2026-06-16T08:13:23Z
2026-06-16T08:13:14Z,2026-06-16T10:13:14+0200,dd6516a5-5fe5-4565-873a-e64fa6b54cdc,2026-05-25T22:15:00Z,2026-05-26T00:15:00+0200,7785.89,MW,BE,BE,forecast_load,Forecasted Load,2026-06-16T08:13:23Z
2026-06-16T08:13:14Z,2026-06-16T10:13:14+0200,dd6516a5-5fe5-4565-873a-e64fa6b54cdc,2026-05-25T22:30:00Z,2026-05-26T00:30:00+0200,7700.97,MW,BE,BE,forecast_load,Forecasted Load,2026-06-16T08:13:23Z
2026-06-16T08:13:14Z,2026-06-16T10:13:14+0200,dd6516a5-5fe5-4565-873a-e64fa6b54cdc,2026-05-25T22:45:00Z,2026-05-26T00:45:00+0200,7608.6,MW,BE,BE,forecast_load,Forecasted Load,2026-06-16T08:13:23Z
2026-06-16T08:13:14Z,2026-06-16T10:13:14+0200,dd6516a5-5fe5-4565-873a-e64fa6b54cdc,2026-05-25T23:00:00Z,2026-05-26T01:00:00+0200,7525.02,MW,BE,BE,forecast_load,Forecasted Load,2026-06-16T08:13:23Z
2026-06-16T08:13:14Z,2026-06-16T10:13:14+0200,dd6516a5-5fe5-4565-873a-e64fa6b54cdc,2026-05-25T23:15:00Z,2026-05-26T01:15:00+0200,7439.7,MW,BE,BE,forecast_load,Forecasted Load,2026-06-16T08:13:23Z
2026-06-16T08:13:14Z,2026-06-16T10:13:14+0200,dd6516a5-5fe5-4565-873a-e64fa6b54cdc,2026-05-25T23:30:00Z,2026-05-26T01:30:00+0200,7387.92,MW,BE,BE,forecast_load,Forecasted Load,2026-06-16T08:13:23Z
2026-06-16T08:13:14Z,2026-06-16T10:13:14+0200,dd6516a5-5fe5-4565-873a-e64fa6b54cdc,2026-05-25T23:45:00Z,2026-05-26T01:45:00+0200,7353.03,MW,BE,BE,forecast_load,Forecasted Load,2026-06-16T08:13:23Z
2026-06-16T08:13:14Z,2026-06-16T10:13:14+0200,dd6516a5-5fe5-4565-873a-e64fa6b54cdc,2026-05-26T00:00:00Z,2026-05-26T02:00:00+0200,7225.87,MW,BE,BE,forecast_load,Forecasted Load,2026-06-16T08:13:23Z
2026-06-16T08:13:14Z,2026-06-16T10:13:14+0200,dd6516a5-5fe5-4565-873a-e64fa6b54cdc,2026-05-26T00:15:00Z,2026-05-26T02:15:00+0200,7188.26,MW,BE,BE,forecast_load,Forecasted Load,2026-06-16T08:13:23Z
2026-06-16T08:13:14Z,2026-06-16T10:13:14+0200,dd6516a5-5fe5-4565-873a-e64fa6b54cdc,2026-05-26T00:30:00Z,2026-05-26T02:30:00+0200,7150.23,MW,BE,BE,forecast_load,Forecasted Load,2026-06-16T08:13:23Z
2026-06-16T08:13:14Z,2026-06-16T10:13:14+0200,dd6516a5-5fe5-4565-873a-e64fa6b54cdc,2026-05-26T00:45:00Z,2026-05-26T02:45:00+0200,7127.84,MW,BE,BE,forecast_load,Forecasted Load,2026-06-16T08:13:23Z
2026-06-16T08:13:14Z,2026-06-16T10:13:14+0200,dd6516a5-5fe5-4565-873a-e64fa6b54cdc,2026-05-26T01:00:00Z,2026-05-26T03:00:00+0200,7100.1,MW,BE,BE,forecast_load,Forecasted Load,2026-06-16T08:13:23Z
2026-06-16T08:13:14Z,2026-06-16T10:13:14+0200,dd6516a5-5fe5-4565-873a-e64fa6b54cdc,2026-05-26T01:15:00Z,2026-05-26T03:15:00+0200,7083.96,MW,BE,BE,forecast_load,Forecasted Load,2026-06-16T08:13:23Z
2026-06-16T08:13:14Z,2026-06-16T10:13:14+0200,dd6516a5-5fe5-4565-873a-e64fa6b54cdc,2026-05-26T01:30:00Z,2026-05-26T03:30:00+0200,7091.21,MW,BE,BE,forecast_load,Forecasted Load,2026-06-16T08:13:23Z
2026-06-16T08:13:14Z,2026-06-16T10:13:14+0200,dd6516a5-5fe5-4565-873a-e64fa6b54cdc,2026-05-26T01:45:00Z,2026-05-26T03:45:00+0200,7069.38,MW,BE,BE,forecast_load,Forecasted Load,2026-06-16T08:13:23Z
2026-06-16T08:13:14Z,2026-06-16T10:13:14+0200,dd6516a5-5fe5-4565-873a-e64fa6b54cdc,2026-05-26T02:00:00Z,2026-05-26T04:00:00+0200,7247.45,MW,BE,BE,forecast_load,Forecasted Load,2026-06-16T08:13:23Z
2026-06-16T08:13:14Z,2026-06-16T10:13:14+0200,dd6516a5-5fe5-4565-873a-e64fa6b54cdc,2026-05-26T02:15:00Z,2026-05-26T04:15:00+0200,7260.28,MW,BE,BE,forecast_load,Forecasted Load,2026-06-16T08:13:23Z
2026-06-16T08:13:14Z,2026-06-16T10:13:14+0200,dd6516a5-5fe5-4565-873a-e64fa6b54cdc,2026-05-26T02:30:00Z,2026-05-26T04:30:00+0200,7260.06,MW,BE,BE,forecast_load,Forecasted Load,2026-06-16T08:13:23Z
2026-06-16T08:13:14Z,2026-06-16T10:13:14+0200,dd6516a5-5fe5-4565-873a-e64fa6b54cdc,2026-05-26T02:45:00Z,2026-05-26T04:45:00+0200,7332.52,MW,BE,BE,forecast_load,Forecasted Load,2026-06-16T08:13:23Z
2026-06-16T08:13:14Z,2026-06-16T10:13:14+0200,dd6516a5-5fe5-4565-873a-e64fa6b54cdc,2026-05-26T03:00:00Z,2026-05-26T05:00:00+0200,7602.03,MW,BE,BE,forecast_load,Forecasted Load,2026-06-16T08:13:23Z
2026-06-16T08:13:14Z,2026-06-16T10:13:14+0200,dd6516a5-5fe5-4565-873a-e64fa6b54cdc,2026-05-26T03:15:00Z,2026-05-26T05:15:00+0200,7672.88,MW,BE,BE,forecast_load,Forecasted Load,2026-06-16T08:13:23Z
2026-06-16T08:13:14Z,2026-06-16T10:13:14+0200,dd6516a5-5fe5-4565-873a-e64fa6b54cdc,2026-05-26T03:30:00Z,2026-05-26T05:30:00+0200,7748.96,MW,BE,BE,forecast_load,Forecasted Load,2026-06-16T08:13:23Z
2026-06-16T08:13:14Z,2026-06-16T10:13:14+0200,dd6516a5-5fe5-4565-873a-e64fa6b54cdc,2026-05-26T03:45:00Z,2026-05-26T05:45:00+0200,7821.82,MW,BE,BE,forecast_load,Forecasted Load,2026-06-16T08:13:23Z
2026-06-16T08:13:14Z,2026-06-16T10:13:14+0200,dd6516a5-5fe5-4565-873a-e64fa6b54cdc,2026-05-26T04:00:00Z,2026-05-26T06:00:00+0200,8386.41,MW,BE,BE,forecast_load,Forecasted Load,2026-06-16T08:13:23Z
2026-06-16T08:13:14Z,2026-06-16T10:13:14+0200,dd6516a5-5fe5-4565-873a-e64fa6b54cdc,2026-05-26T04:15:00Z,2026-05-26T06:15:00+0200,8564.23,MW,BE,BE,forecast_load,Forecasted Load,2026-06-16T08:13:23Z
2026-06-16T08:13:14Z,2026-06-16T10:13:14+0200,dd6516a5-5fe5-4565-873a-e64fa6b54cdc,2026-05-26T04:30:00Z,2026-05-26T06:30:00+0200,8779.03,MW,BE,BE,forecast_load,Forecasted Load,2026-06-16T08:13:23Z
2026-06-16T08:13:14Z,2026-06-16T10:13:14+0200,dd6516a5-5fe5-4565-873a-e64fa6b54cdc,2026-05-26T04:45:00Z,2026-05-26T06:45:00+0200,8980.73,MW,BE,BE,forecast_load,Forecasted Load,2026-06-16T08:13:23Z
2026-06-16T08:13:14Z,2026-06-16T10:13:14+0200,dd6516a5-5fe5-4565-873a-e64fa6b54cdc,2026-05-26T05:00:00Z,2026-05-26T07:00:00+0200,9245.7,MW,BE,BE,forecast_load,Forecasted Load,2026-06-16T08:13:23Z
2026-06-16T08:13:14Z,2026-06-16T10:13:14+0200,dd6516a5-5fe5-4565-873a-e64fa6b54cdc,2026-05-26T05:15:00Z,2026-05-26T07:15:00+0200,9470.57,MW,BE,BE,forecast_load,Forecasted Load,2026-06-16T08:13:23Z
2026-06-16T08:13:14Z,2026-06-16T10:13:14+0200,dd6516a5-5fe5-4565-873a-e64fa6b54cdc,2026-05-26T05:30:00Z,2026-05-26T07:30:00+0200,9673.3,MW,BE,BE,forecast_load,Forecasted Load,2026-06-16T08:13:23Z
2026-06-16T08:13:14Z,2026-06-16T10:13:14+0200,dd6516a5-5fe5-4565-873a-e64fa6b54cdc,2026-05-26T05:45:00Z,2026-05-26T07:45:00+0200,9820.65,MW,BE,BE,forecast_load,Forecasted Load,2026-06-16T08:13:23Z
2026-06-16T08:13:14Z,2026-06-16T10:13:14+0200,dd6516a5-5fe5-4565-873a-e64fa6b54cdc,2026-05-26T06:00:00Z,2026-05-26T08:00:00+0200,9767.16,MW,BE,BE,forecast_load,Forecasted Load,2026-06-16T08:13:23Z
2026-06-16T08:13:14Z,2026-06-16T10:13:14+0200,dd6516a5-5fe5-4565-873a-e64fa6b54cdc,2026-05-26T06:15:00Z,2026-05-26T08:15:00+0200,9891.7,MW,BE,BE,forecast_load,Forecasted Load,2026-06-16T08:13:23Z
2026-06-16T08:13:14Z,2026-06-16T10:13:14+0200,dd6516a5-5fe5-4565-873a-e64fa6b54cdc,2026-05-26T06:30:00Z,2026-05-26T08:30:00+0200,10079.81,MW,BE,BE,forecast_load,Forecasted Load,2026-06-16T08:13:23Z
2026-06-16T08:13:14Z,2026-06-16T10:13:14+0200,dd6516a5-5fe5-4565-873a-e64fa6b54cdc,2026-05-26T06:45:00Z,2026-05-26T08:45:00+0200,10269.33,MW,BE,BE,forecast_load,Forecasted Load,2026-06-16T08:13:23Z
2026-06-16T08:13:14Z,2026-06-16T10:13:14+0200,dd6516a5-5fe5-4565-873a-e64fa6b54cdc,2026-05-26T07:00:00Z,2026-05-26T09:00:00+0200,10417.81,MW,BE,BE,forecast_load,Forecasted Load,2026-06-16T08:13:23Z
2026-06-16T08:13:14Z,2026-06-16T10:13:14+0200,dd6516a5-5fe5-4565-873a-e64fa6b54cdc,2026-05-26T07:15:00Z,2026-05-26T09:15:00+0200,10487.21,MW,BE,BE,forecast_load,Forecasted Load,2026-06-16T08:13:23Z
2026-06-16T08:13:14Z,2026-06-16T10:13:14+0200,dd6516a5-5fe5-4565-873a-e64fa6b54cdc,2026-05-26T07:30:00Z,2026-05-26T09:30:00+0200,10534.85,MW,BE,BE,forecast_load,Forecasted Load,2026-06-16T08:13:23Z
2026-06-16T08:13:14Z,2026-06-16T10:13:14+0200,dd6516a5-5fe5-4565-873a-e64fa6b54cdc,2026-05-26T07:45:00Z,2026-05-26T09:45:00+0200,10509.67,MW,BE,BE,forecast_load,Forecasted Load,2026-06-16T08:13:23Z
2026-06-16T08:13:14Z,2026-06-16T10:13:14+0200,dd6516a5-5fe5-4565-873a-e64fa6b54cdc,2026-05-26T08:00:00Z,2026-05-26T10:00:00+0200,10508.46,MW,BE,BE,forecast_load,Forecasted Load,2026-06-16T08:13:23Z
2026-06-16T08:13:14Z,2026-06-16T10:13:14+0200,dd6516a5-5fe5-4565-873a-e64fa6b54cdc,2026-05-26T08:15:00Z,2026-05-26T10:15:00+0200,10544.34,MW,BE,BE,forecast_load,Forecasted Load,2026-06-16T08:13:23Z
2026-06-16T08:13:14Z,2026-06-16T10:13:14+0200,dd6516a5-5fe5-4565-873a-e64fa6b54cdc,2026-05-26T08:30:00Z,2026-05-26T10:30:00+0200,10603.59,MW,BE,BE,forecast_load,Forecasted Load,2026-06-16T08:13:23Z
2026-06-16T08:13:14Z,2026-06-16T10:13:14+0200,dd6516a5-5fe5-4565-873a-e64fa6b54cdc,2026-05-26T08:45:00Z,2026-05-26T10:45:00+0200,10669.03,MW,BE,BE,forecast_load,Forecasted Load,2026-06-16T08:13:23Z
2026-06-16T08:13:14Z,2026-06-16T10:13:14+0200,dd6516a5-5fe5-4565-873a-e64fa6b54cdc,2026-05-26T09:00:00Z,2026-05-26T11:00:00+0200,10647.05,MW,BE,BE,forecast_load,Forecasted Load,2026-06-16T08:13:23Z
2026-06-16T08:13:14Z,2026-06-16T10:13:14+0200,dd6516a5-5fe5-4565-873a-e64fa6b54cdc,2026-05-26T09:15:00Z,2026-05-26T11:15:00+0200,10718.12,MW,BE,BE,forecast_load,Forecasted Load,2026-06-16T08:13:23Z
2026-06-16T08:13:14Z,2026-06-16T10:13:14+0200,dd6516a5-5fe5-4565-873a-e64fa6b54cdc,2026-05-26T09:30:00Z,2026-05-26T11:30:00+0200,10730.91,MW,BE,BE,forecast_load,Forecasted Load,2026-06-16T08:13:23Z
2026-06-16T08:13:14Z,2026-06-16T10:13:14+0200,dd6516a5-5fe5-4565-873a-e64fa6b54cdc,2026-05-26T09:45:00Z,2026-05-26T11:45:00+0200,10792.66,MW,BE,BE,forecast_load,Forecasted Load,2026-06-16T08:13:23Z
2026-06-16T08:13:14Z,2026-06-16T10:13:14+0200,dd6516a5-5fe5-4565-873a-e64fa6b54cdc,2026-05-26T10:00:00Z,2026-05-26T12:00:00+0200,10536.77,MW,BE,BE,forecast_load,Forecasted Load,2026-06-16T08:13:23Z
2026-06-16T08:13:14Z,2026-06-16T10:13:14+0200,dd6516a5-5fe5-4565-873a-e64fa6b54cdc,2026-05-26T10:15:00Z,2026-05-26T12:15:00+0200,10500.96,MW,BE,BE,forecast_load,Forecasted Load,2026-06-16T08:13:23Z
2026-06-16T08:13:14Z,2026-06-16T10:13:14+0200,dd6516a5-5fe5-4565-873a-e64fa6b54cdc,2026-05-26T10:30:00Z,2026-05-26T12:30:00+0200,10443.31,MW,BE,BE,forecast_load,Forecasted Load,2026-06-16T08:13:23Z
2026-06-16T08:13:14Z,2026-06-16T10:13:14+0200,dd6516a5-5fe5-4565-873a-e64fa6b54cdc,2026-05-26T10:45:00Z,2026-05-26T12:45:00+0200,10440.24,MW,BE,BE,forecast_load,Forecasted Load,2026-06-16T08:13:23Z
2026-06-16T08:13:14Z,2026-06-16T10:13:14+0200,dd6516a5-5fe5-4565-873a-e64fa6b54cdc,2026-05-26T11:00:00Z,2026-05-26T13:00:00+0200,10320.88,MW,BE,BE,forecast_load,Forecasted Load,2026-06-16T08:13:23Z
2026-06-16T08:13:14Z,2026-06-16T10:13:14+0200,dd6516a5-5fe5-4565-873a-e64fa6b54cdc,2026-05-26T11:15:00Z,2026-05-26T13:15:00+0200,10315.7,MW,BE,BE,forecast_load,Forecasted Load,2026-06-16T08:13:23Z
2026-06-16T08:13:14Z,2026-06-16T10:13:14+0200,dd6516a5-5fe5-4565-873a-e64fa6b54cdc,2026-05-26T11:30:00Z,2026-05-26T13:30:00+0200,10222.84,MW,BE,BE,forecast_load,Forecasted Load,2026-06-16T08:13:23Z
2026-06-16T08:13:14Z,2026-06-16T10:13:14+0200,dd6516a5-5fe5-4565-873a-e64fa6b54cdc,2026-05-26T11:45:00Z,2026-05-26T13:45:00+0200,10204.88,MW,BE,BE,forecast_load,Forecasted Load,2026-06-16T08:13:23Z
2026-06-16T08:13:14Z,2026-06-16T10:13:14+0200,dd6516a5-5fe5-4565-873a-e64fa6b54cdc,2026-05-26T12:00:00Z,2026-05-26T14:00:00+0200,10279.16,MW,BE,BE,forecast_load,Forecasted Load,2026-06-16T08:13:23Z
2026-06-16T08:13:14Z,2026-06-16T10:13:14+0200,dd6516a5-5fe5-4565-873a-e64fa6b54cdc,2026-05-26T12:15:00Z,2026-05-26T14:15:00+0200,10178.21,MW,BE,BE,forecast_load,Forecasted Load,2026-06-16T08:13:23Z
2026-06-16T08:13:14Z,2026-06-16T10:13:14+0200,dd6516a5-5fe5-4565-873a-e64fa6b54cdc,2026-05-26T12:30:00Z,2026-05-26T14:30:00+0200,10119.58,MW,BE,BE,forecast_load,Forecasted Load,2026-06-16T08:13:23Z
2026-06-16T08:13:14Z,2026-06-16T10:13:14+0200,dd6516a5-5fe5-4565-873a-e64fa6b54cdc,2026-05-26T12:45:00Z,2026-05-26T14:45:00+0200,10016.66,MW,BE,BE,forecast_load,Forecasted Load,2026-06-16T08:13:23Z
2026-06-16T08:13:14Z,2026-06-16T10:13:14+0200,dd6516a5-5fe5-4565-873a-e64fa6b54cdc,2026-05-26T13:00:00Z,2026-05-26T15:00:00+0200,10143.35,MW,BE,BE,forecast_load,Forecasted Load,2026-06-16T08:13:23Z
2026-06-16T08:13:14Z,2026-06-16T10:13:14+0200,dd6516a5-5fe5-4565-873a-e64fa6b54cdc,2026-05-26T13:15:00Z,2026-05-26T15:15:00+0200,10011.49,MW,BE,BE,forecast_load,Forecasted Load,2026-06-16T08:13:23Z
2026-06-16T08:13:14Z,2026-06-16T10:13:14+0200,dd6516a5-5fe5-4565-873a-e64fa6b54cdc,2026-05-26T13:30:00Z,2026-05-26T15:30:00+0200,9921.47,MW,BE,BE,forecast_load,Forecasted Load,2026-06-16T08:13:23Z
2026-06-16T08:13:14Z,2026-06-16T10:13:14+0200,dd6516a5-5fe5-4565-873a-e64fa6b54cdc,2026-05-26T13:45:00Z,2026-05-26T15:45:00+0200,9827.16,MW,BE,BE,forecast_load,Forecasted Load,2026-06-16T08:13:23Z
2026-06-16T08:13:14Z,2026-06-16T10:13:14+0200,dd6516a5-5fe5-4565-873a-e64fa6b54cdc,2026-05-26T14:00:00Z,2026-05-26T16:00:00+0200,10107.14,MW,BE,BE,forecast_load,Forecasted Load,2026-06-16T08:13:23Z
2026-06-16T08:13:14Z,2026-06-16T10:13:14+0200,dd6516a5-5fe5-4565-873a-e64fa6b54cdc,2026-05-26T14:15:00Z,2026-05-26T16:15:00+0200,10021.07,MW,BE,BE,forecast_load,Forecasted Load,2026-06-16T08:13:23Z
2026-06-16T08:13:14Z,2026-06-16T10:13:14+0200,dd6516a5-5fe5-4565-873a-e64fa6b54cdc,2026-05-26T14:30:00Z,2026-05-26T16:30:00+0200,9998.42,MW,BE,BE,forecast_load,Forecasted Load,2026-06-16T08:13:23Z
2026-06-16T08:13:14Z,2026-06-16T10:13:14+0200,dd6516a5-5fe5-4565-873a-e64fa6b54cdc,2026-05-26T14:45:00Z,2026-05-26T16:45:00+0200,9974.8,MW,BE,BE,forecast_load,Forecasted Load,2026-06-16T08:13:23Z
2026-06-16T08:13:14Z,2026-06-16T10:13:14+0200,dd6516a5-5fe5-4565-873a-e64fa6b54cdc,2026-05-26T15:00:00Z,2026-05-26T17:00:00+0200,10020.18,MW,BE,BE,forecast_load,Forecasted Load,2026-06-16T08:13:23Z
2026-06-16T08:13:14Z,2026-06-16T10:13:14+0200,dd6516a5-5fe5-4565-873a-e64fa6b54cdc,2026-05-26T15:15:00Z,2026-05-26T17:15:00+0200,10019.14,MW,BE,BE,forecast_load,Forecasted Load,2026-06-16T08:13:23Z
2026-06-16T08:13:14Z,2026-06-16T10:13:14+0200,dd6516a5-5fe5-4565-873a-e64fa6b54cdc,2026-05-26T15:30:00Z,2026-05-26T17:30:00+0200,10090.26,MW,BE,BE,forecast_load,Forecasted Load,2026-06-16T08:13:23Z
2026-06-16T08:13:14Z,2026-06-16T10:13:14+0200,dd6516a5-5fe5-4565-873a-e64fa6b54cdc,2026-05-26T15:45:00Z,2026-05-26T17:45:00+0200,10125.42,MW,BE,BE,forecast_load,Forecasted Load,2026-06-16T08:13:23Z
2026-06-16T08:13:14Z,2026-06-16T10:13:14+0200,dd6516a5-5fe5-4565-873a-e64fa6b54cdc,2026-05-26T16:00:00Z,2026-05-26T18:00:00+0200,10000.29,MW,BE,BE,forecast_load,Forecasted Load,2026-06-16T08:13:23Z
2026-06-16T08:13:14Z,2026-06-16T10:13:14+0200,dd6516a5-5fe5-4565-873a-e64fa6b54cdc,2026-05-26T16:15:00Z,2026-05-26T18:15:00+0200,10013.15,MW,BE,BE,forecast_load,Forecasted Load,2026-06-16T08:13:23Z
2026-06-16T08:13:14Z,2026-06-16T10:13:14+0200,dd6516a5-5fe5-4565-873a-e64fa6b54cdc,2026-05-26T16:30:00Z,2026-05-26T18:30:00+0200,10001.2,MW,BE,BE,forecast_load,Forecasted Load,2026-06-16T08:13:23Z
2026-06-16T08:13:14Z,2026-06-16T10:13:14+0200,dd6516a5-5fe5-4565-873a-e64fa6b54cdc,2026-05-26T16:45:00Z,2026-05-26T18:45:00+0200,9980.41,MW,BE,BE,forecast_load,Forecasted Load,2026-06-16T08:13:23Z
2026-06-16T08:13:14Z,2026-06-16T10:13:14+0200,dd6516a5-5fe5-4565-873a-e64fa6b54cdc,2026-05-26T17:00:00Z,2026-05-26T19:00:00+0200,9931.29,MW,BE,BE,forecast_load,Forecasted Load,2026-06-16T08:13:23Z
2026-06-16T08:13:14Z,2026-06-16T10:13:14+0200,dd6516a5-5fe5-4565-873a-e64fa6b54cdc,2026-05-26T17:15:00Z,2026-05-26T19:15:00+0200,9852.18,MW,BE,BE,forecast_load,Forecasted Load,2026-06-16T08:13:23Z
2026-06-16T08:13:14Z,2026-06-16T10:13:14+0200,dd6516a5-5fe5-4565-873a-e64fa6b54cdc,2026-05-26T17:30:00Z,2026-05-26T19:30:00+0200,9824.72,MW,BE,BE,forecast_load,Forecasted Load,2026-06-16T08:13:23Z
2026-06-16T08:13:14Z,2026-06-16T10:13:14+0200,dd6516a5-5fe5-4565-873a-e64fa6b54cdc,2026-05-26T17:45:00Z,2026-05-26T19:45:00+0200,9714.28,MW,BE,BE,forecast_load,Forecasted Load,2026-06-16T08:13:23Z
2026-06-16T08:13:14Z,2026-06-16T10:13:14+0200,dd6516a5-5fe5-4565-873a-e64fa6b54cdc,2026-05-26T18:00:00Z,2026-05-26T20:00:00+0200,9588.05,MW,BE,BE,forecast_load,Forecasted Load,2026-06-16T08:13:23Z
2026-06-16T08:13:14Z,2026-06-16T10:13:14+0200,dd6516a5-5fe5-4565-873a-e64fa6b54cdc,2026-05-26T18:15:00Z,2026-05-26T20:15:00+0200,9474.33,MW,BE,BE,forecast_load,Forecasted Load,2026-06-16T08:13:23Z
2026-06-16T08:13:14Z,2026-06-16T10:13:14+0200,dd6516a5-5fe5-4565-873a-e64fa6b54cdc,2026-05-26T18:30:00Z,2026-05-26T20:30:00+0200,9376.73,MW,BE,BE,forecast_load,Forecasted Load,2026-06-16T08:13:23Z
2026-06-16T08:13:14Z,2026-06-16T10:13:14+0200,dd6516a5-5fe5-4565-873a-e64fa6b54cdc,2026-05-26T18:45:00Z,2026-05-26T20:45:00+0200,9309.94,MW,BE,BE,forecast_load,Forecasted Load,2026-06-16T08:13:23Z
2026-06-16T08:13:14Z,2026-06-16T10:13:14+0200,dd6516a5-5fe5-4565-873a-e64fa6b54cdc,2026-05-26T19:00:00Z,2026-05-26T21:00:00+0200,9080.34,MW,BE,BE,forecast_load,Forecasted Load,2026-06-16T08:13:23Z
2026-06-16T08:13:14Z,2026-06-16T10:13:14+0200,dd6516a5-5fe5-4565-873a-e64fa6b54cdc,2026-05-26T19:15:00Z,2026-05-26T21:15:00+0200,9043.38,MW,BE,BE,forecast_load,Forecasted Load,2026-06-16T08:13:23Z
2026-06-16T08:13:14Z,2026-06-16T10:13:14+0200,dd6516a5-5fe5-4565-873a-e64fa6b54cdc,2026-05-26T19:30:00Z,2026-05-26T21:30:00+0200,9049.64,MW,BE,BE,forecast_load,Forecasted Load,2026-06-16T08:13:23Z
2026-06-16T08:13:14Z,2026-06-16T10:13:14+0200,dd6516a5-5fe5-4565-873a-e64fa6b54cdc,2026-05-26T19:45:00Z,2026-05-26T21:45:00+0200,9055.27,MW,BE,BE,forecast_load,Forecasted Load,2026-06-16T08:13:23Z
2026-06-16T08:13:14Z,2026-06-16T10:13:14+0200,dd6516a5-5fe5-4565-873a-e64fa6b54cdc,2026-05-26T20:00:00Z,2026-05-26T22:00:00+0200,9028.48,MW,BE,BE,forecast_load,Forecasted Load,2026-06-16T08:13:23Z
2026-06-16T08:13:14Z,2026-06-16T10:13:14+0200,dd6516a5-5fe5-4565-873a-e64fa6b54cdc,2026-05-26T20:15:00Z,2026-05-26T22:15:00+0200,9063.54,MW,BE,BE,forecast_load,Forecasted Load,2026-06-16T08:13:23Z
2026-06-16T08:13:14Z,2026-06-16T10:13:14+0200,dd6516a5-5fe5-4565-873a-e64fa6b54cdc,2026-05-26T20:30:00Z,2026-05-26T22:30:00+0200,8988.79,MW,BE,BE,forecast_load,Forecasted Load,2026-06-16T08:13:23Z
2026-06-16T08:13:14Z,2026-06-16T10:13:14+0200,dd6516a5-5fe5-4565-873a-e64fa6b54cdc,2026-05-26T20:45:00Z,2026-05-26T22:45:00+0200,8885.69,MW,BE,BE,forecast_load,Forecasted Load,2026-06-16T08:13:23Z
2026-06-16T08:13:14Z,2026-06-16T10:13:14+0200,dd6516a5-5fe5-4565-873a-e64fa6b54cdc,2026-05-26T21:00:00Z,2026-05-26T23:00:00+0200,8680.31,MW,BE,BE,forecast_load,Forecasted Load,2026-06-16T08:13:23Z
2026-06-16T08:13:14Z,2026-06-16T10:13:14+0200,dd6516a5-5fe5-4565-873a-e64fa6b54cdc,2026-05-26T21:15:00Z,2026-05-26T23:15:00+0200,8564.05,MW,BE,BE,forecast_load,Forecasted Load,2026-06-16T08:13:23Z
2026-06-16T08:13:14Z,2026-06-16T10:13:14+0200,dd6516a5-5fe5-4565-873a-e64fa6b54cdc,2026-05-26T21:30:00Z,2026-05-26T23:30:00+0200,8475.71,MW,BE,BE,forecast_load,Forecasted Load,2026-06-16T08:13:23Z
2026-06-16T08:13:14Z,2026-06-16T10:13:14+0200,dd6516a5-5fe5-4565-873a-e64fa6b54cdc,2026-05-26T21:45:00Z,2026-05-26T23:45:00+0200,8333.28,MW,BE,BE,forecast_load,Forecasted Load,2026-06-16T08:13:23Z
2026-06-16T08:13:14Z,2026-06-16T10:13:14+0200,dd6516a5-5fe5-4565-873a-e64fa6b54cdc,2026-05-26T22:00:00Z,2026-05-27T00:00:00+0200,8269.6,MW,BE,BE,forecast_load,Forecasted Load,2026-06-16T08:13:23Z
2026-06-16T08:13:14Z,2026-06-16T10:13:14+0200,dd6516a5-5fe5-4565-873a-e64fa6b54cdc,2026-05-26T22:15:00Z,2026-05-27T00:15:00+0200,8123.81,MW,BE,BE,forecast_load,Forecasted Load,2026-06-16T08:13:23Z
2026-06-16T08:13:14Z,2026-06-16T10:13:14+0200,dd6516a5-5fe5-4565-873a-e64fa6b54cdc,2026-05-26T22:30:00Z,2026-05-27T00:30:00+0200,8031.2,MW,BE,BE,forecast_load,Forecasted Load,2026-06-16T08:13:23Z
2026-06-16T08:13:14Z,2026-06-16T10:13:14+0200,dd6516a5-5fe5-4565-873a-e64fa6b54cdc,2026-05-26T22:45:00Z,2026-05-27T00:45:00+0200,7955.15,MW,BE,BE,forecast_load,Forecasted Load,2026-06-16T08:13:23Z
2026-06-16T08:13:14Z,2026-06-16T10:13:14+0200,dd6516a5-5fe5-4565-873a-e64fa6b54cdc,2026-05-26T23:00:00Z,2026-05-27T01:00:00+0200,7936.4,MW,BE,BE,forecast_load,Forecasted Load,2026-06-16T08:13:23Z
2026-06-16T08:13:14Z,2026-06-16T10:13:14+0200,dd6516a5-5fe5-4565-873a-e64fa6b54cdc,2026-05-26T23:15:00Z,2026-05-27T01:15:00+0200,7869.18,MW,BE,BE,forecast_load,Forecasted Load,2026-06-16T08:13:23Z
2026-06-16T08:13:14Z,2026-06-16T10:13:14+0200,dd6516a5-5fe5-4565-873a-e64fa6b54cdc,2026-05-26T23:30:00Z,2026-05-27T01:30:00+0200,7802.14,MW,BE,BE,forecast_load,Forecasted Load,2026-06-16T08:13:23Z
2026-06-16T08:13:14Z,2026-06-16T10:13:14+0200,dd6516a5-5fe5-4565-873a-e64fa6b54cdc,2026-05-26T23:45:00Z,2026-05-27T01:45:00+0200,7743.2,MW,BE,BE,forecast_load,Forecasted Load,2026-06-16T08:13:23Z
2026-06-16T08:13:14Z,2026-06-16T10:13:14+0200,dd6516a5-5fe5-4565-873a-e64fa6b54cdc,2026-05-27T00:00:00Z,2026-05-27T02:00:00+0200,7646.55,MW,BE,BE,forecast_load,Forecasted Load,2026-06-16T08:13:23Z
2026-06-16T08:13:14Z,2026-06-16T10:13:14+0200,dd6516a5-5fe5-4565-873a-e64fa6b54cdc,2026-05-27T00:15:00Z,2026-05-27T02:15:00+0200,7606.73,MW,BE,BE,forecast_load,Forecasted Load,2026-06-16T08:13:23Z
2026-06-16T08:13:14Z,2026-06-16T10:13:14+0200,dd6516a5-5fe5-4565-873a-e64fa6b54cdc,2026-05-27T00:30:00Z,2026-05-27T02:30:00+0200,7566.46,MW,BE,BE,forecast_load,Forecasted Load,2026-06-16T08:13:23Z
2026-06-16T08:13:14Z,2026-06-16T10:13:14+0200,dd6516a5-5fe5-4565-873a-e64fa6b54cdc,2026-05-27T00:45:00Z,2026-05-27T02:45:00+0200,7542.72,MW,BE,BE,forecast_load,Forecasted Load,2026-06-16T08:13:23Z
2026-06-16T08:13:14Z,2026-06-16T10:13:14+0200,dd6516a5-5fe5-4565-873a-e64fa6b54cdc,2026-05-27T01:00:00Z,2026-05-27T03:00:00+0200,7532.86,MW,BE,BE,forecast_load,Forecasted Load,2026-06-16T08:13:23Z
2026-06-16T08:13:14Z,2026-06-16T10:13:14+0200,dd6516a5-5fe5-4565-873a-e64fa6b54cdc,2026-05-27T01:15:00Z,2026-05-27T03:15:00+0200,7515.72,MW,BE,BE,forecast_load,Forecasted Load,2026-06-16T08:13:23Z
2026-06-16T08:13:14Z,2026-06-16T10:13:14+0200,dd6516a5-5fe5-4565-873a-e64fa6b54cdc,2026-05-27T01:30:00Z,2026-05-27T03:30:00+0200,7523.39,MW,BE,BE,forecast_load,Forecasted Load,2026-06-16T08:13:23Z
2026-06-16T08:13:14Z,2026-06-16T10:13:14+0200,dd6516a5-5fe5-4565-873a-e64fa6b54cdc,2026-05-27T01:45:00Z,2026-05-27T03:45:00+0200,7500.25,MW,BE,BE,forecast_load,Forecasted Load,2026-06-16T08:13:23Z
2026-06-16T08:13:14Z,2026-06-16T10:13:14+0200,dd6516a5-5fe5-4565-873a-e64fa6b54cdc,2026-05-27T02:00:00Z,2026-05-27T04:00:00+0200,7592.42,MW,BE,BE,forecast_load,Forecasted Load,2026-06-16T08:13:23Z
2026-06-16T08:13:14Z,2026-06-16T10:13:14+0200,dd6516a5-5fe5-4565-873a-e64fa6b54cdc,2026-05-27T02:15:00Z,2026-05-27T04:15:00+0200,7605.84,MW,BE,BE,forecast_load,Forecasted Load,2026-06-16T08:13:23Z
2026-06-16T08:13:14Z,2026-06-16T10:13:14+0200,dd6516a5-5fe5-4565-873a-e64fa6b54cdc,2026-05-27T02:30:00Z,2026-05-27T04:30:00+0200,7605.51,MW,BE,BE,forecast_load,Forecasted Load,2026-06-16T08:13:23Z
2026-06-16T08:13:14Z,2026-06-16T10:13:14+0200,dd6516a5-5fe5-4565-873a-e64fa6b54cdc,2026-05-27T02:45:00Z,2026-05-27T04:45:00+0200,7681.39,MW,BE,BE,forecast_load,Forecasted Load,2026-06-16T08:13:23Z
2026-06-16T08:13:14Z,2026-06-16T10:13:14+0200,dd6516a5-5fe5-4565-873a-e64fa6b54cdc,2026-05-27T03:00:00Z,2026-05-27T05:00:00+0200,7832.51,MW,BE,BE,forecast_load,Forecasted Load,2026-06-16T08:13:23Z
2026-06-16T08:13:14Z,2026-06-16T10:13:14+0200,dd6516a5-5fe5-4565-873a-e64fa6b54cdc,2026-05-27T03:15:00Z,2026-05-27T05:15:00+0200,7905.51,MW,BE,BE,forecast_load,Forecasted Load,2026-06-16T08:13:23Z
2026-06-16T08:13:14Z,2026-06-16T10:13:14+0200,dd6516a5-5fe5-4565-873a-e64fa6b54cdc,2026-05-27T03:30:00Z,2026-05-27T05:30:00+0200,7983.92,MW,BE,BE,forecast_load,Forecasted Load,2026-06-16T08:13:23Z
2026-06-16T08:13:14Z,2026-06-16T10:13:14+0200,dd6516a5-5fe5-4565-873a-e64fa6b54cdc,2026-05-27T03:45:00Z,2026-05-27T05:45:00+0200,8059.04,MW,BE,BE,forecast_load,Forecasted Load,2026-06-16T08:13:23Z
2026-06-16T08:13:14Z,2026-06-16T10:13:14+0200,dd6516a5-5fe5-4565-873a-e64fa6b54cdc,2026-05-27T04:00:00Z,2026-05-27T06:00:00+0200,8413.51,MW,BE,BE,forecast_load,Forecasted Load,2026-06-16T08:13:23Z
2026-06-16T08:13:14Z,2026-06-16T10:13:14+0200,dd6516a5-5fe5-4565-873a-e64fa6b54cdc,2026-05-27T04:15:00Z,2026-05-27T06:15:00+0200,8591.93,MW,BE,BE,forecast_load,Forecasted Load,2026-06-16T08:13:23Z
2026-06-16T08:13:14Z,2026-06-16T10:13:14+0200,dd6516a5-5fe5-4565-873a-e64fa6b54cdc,2026-05-27T04:30:00Z,2026-05-27T06:30:00+0200,8807.38,MW,BE,BE,forecast_load,Forecasted Load,2026-06-16T08:13:23Z
2026-06-16T08:13:14Z,2026-06-16T10:13:14+0200,dd6516a5-5fe5-4565-873a-e64fa6b54cdc,2026-05-27T04:45:00Z,2026-05-27T06:45:00+0200,9009.71,MW,BE,BE,forecast_load,Forecasted Load,2026-06-16T08:13:23Z
2026-06-16T08:13:14Z,2026-06-16T10:13:14+0200,dd6516a5-5fe5-4565-873a-e64fa6b54cdc,2026-05-27T05:00:00Z,2026-05-27T07:00:00+0200,9247.94,MW,BE,BE,forecast_load,Forecasted Load,2026-06-16T08:13:23Z
2026-06-16T08:13:14Z,2026-06-16T10:13:14+0200,dd6516a5-5fe5-4565-873a-e64fa6b54cdc,2026-05-27T05:15:00Z,2026-05-27T07:15:00+0200,9472.85,MW,BE,BE,forecast_load,Forecasted Load,2026-06-16T08:13:23Z
2026-06-16T08:13:14Z,2026-06-16T10:13:14+0200,dd6516a5-5fe5-4565-873a-e64fa6b54cdc,2026-05-27T05:30:00Z,2026-05-27T07:30:00+0200,9675.51,MW,BE,BE,forecast_load,Forecasted Load,2026-06-16T08:13:23Z
2026-06-16T08:13:14Z,2026-06-16T10:13:14+0200,dd6516a5-5fe5-4565-873a-e64fa6b54cdc,2026-05-27T05:45:00Z,2026-05-27T07:45:00+0200,9822.82,MW,BE,BE,forecast_load,Forecasted Load,2026-06-16T08:13:23Z
2026-06-16T08:13:14Z,2026-06-16T10:13:14+0200,dd6516a5-5fe5-4565-873a-e64fa6b54cdc,2026-05-27T06:00:00Z,2026-05-27T08:00:00+0200,9880.75,MW,BE,BE,forecast_load,Forecasted Load,2026-06-16T08:13:23Z
2026-06-16T08:13:14Z,2026-06-16T10:13:14+0200,dd6516a5-5fe5-4565-873a-e64fa6b54cdc,2026-05-27T06:15:00Z,2026-05-27T08:15:00+0200,10006.74,MW,BE,BE,forecast_load,Forecasted Load,2026-06-16T08:13:23Z
2026-06-16T08:13:14Z,2026-06-16T10:13:14+0200,dd6516a5-5fe5-4565-873a-e64fa6b54cdc,2026-05-27T06:30:00Z,2026-05-27T08:30:00+0200,10196.96,MW,BE,BE,forecast_load,Forecasted Load,2026-06-16T08:13:23Z
2026-06-16T08:13:14Z,2026-06-16T10:13:14+0200,dd6516a5-5fe5-4565-873a-e64fa6b54cdc,2026-05-27T06:45:00Z,2026-05-27T08:45:00+0200,10388.53,MW,BE,BE,forecast_load,Forecasted Load,2026-06-16T08:13:23Z
2026-06-16T08:13:14Z,2026-06-16T10:13:14+0200,dd6516a5-5fe5-4565-873a-e64fa6b54cdc,2026-05-27T07:00:00Z,2026-05-27T09:00:00+0200,10253.47,MW,BE,BE,forecast_load,Forecasted Load,2026-06-16T08:13:23Z
2026-06-16T08:13:14Z,2026-06-16T10:13:14+0200,dd6516a5-5fe5-4565-873a-e64fa6b54cdc,2026-05-27T07:15:00Z,2026-05-27T09:15:00+0200,10321.67,MW,BE,BE,forecast_load,Forecasted Load,2026-06-16T08:13:23Z
2026-06-16T08:13:14Z,2026-06-16T10:13:14+0200,dd6516a5-5fe5-4565-873a-e64fa6b54cdc,2026-05-27T07:30:00Z,2026-05-27T09:30:00+0200,10368.4,MW,BE,BE,forecast_load,Forecasted Load,2026-06-16T08:13:23Z
2026-06-16T08:13:14Z,2026-06-16T10:13:14+0200,dd6516a5-5fe5-4565-873a-e64fa6b54cdc,2026-05-27T07:45:00Z,2026-05-27T09:45:00+0200,10343.63,MW,BE,BE,forecast_load,Forecasted Load,2026-06-16T08:13:23Z
2026-06-16T08:13:14Z,2026-06-16T10:13:14+0200,dd6516a5-5fe5-4565-873a-e64fa6b54cdc,2026-05-27T08:00:00Z,2026-05-27T10:00:00+0200,10305.22,MW,BE,BE,forecast_load,Forecasted Load,2026-06-16T08:13:23Z
2026-06-16T08:13:14Z,2026-06-16T10:13:14+0200,dd6516a5-5fe5-4565-873a-e64fa6b54cdc,2026-05-27T08:15:00Z,2026-05-27T10:15:00+0200,10340.26,MW,BE,BE,forecast_load,Forecasted Load,2026-06-16T08:13:23Z
2026-06-16T08:13:14Z,2026-06-16T10:13:14+0200,dd6516a5-5fe5-4565-873a-e64fa6b54cdc,2026-05-27T08:30:00Z,2026-05-27T10:30:00+0200,10398.21,MW,BE,BE,forecast_load,Forecasted Load,2026-06-16T08:13:23Z
2026-06-16T08:13:14Z,2026-06-16T10:13:14+0200,dd6516a5-5fe5-4565-873a-e64fa6b54cdc,2026-05-27T08:45:00Z,2026-05-27T10:45:00+0200,10462.24,MW,BE,BE,forecast_load,Forecasted Load,2026-06-16T08:13:23Z
2026-06-16T08:13:14Z,2026-06-16T10:13:14+0200,dd6516a5-5fe5-4565-873a-e64fa6b54cdc,2026-05-27T09:00:00Z,2026-05-27T11:00:00+0200,10611.32,MW,BE,BE,forecast_load,Forecasted Load,2026-06-16T08:13:23Z
2026-06-16T08:13:14Z,2026-06-16T10:13:14+0200,dd6516a5-5fe5-4565-873a-e64fa6b54cdc,2026-05-27T09:15:00Z,2026-05-27T11:15:00+0200,10682.06,MW,BE,BE,forecast_load,Forecasted Load,2026-06-16T08:13:23Z
2026-06-16T08:13:14Z,2026-06-16T10:13:14+0200,dd6516a5-5fe5-4565-873a-e64fa6b54cdc,2026-05-27T09:30:00Z,2026-05-27T11:30:00+0200,10694.8,MW,BE,BE,forecast_load,Forecasted Load,2026-06-16T08:13:23Z
2026-06-16T08:13:14Z,2026-06-16T10:13:14+0200,dd6516a5-5fe5-4565-873a-e64fa6b54cdc,2026-05-27T09:45:00Z,2026-05-27T11:45:00+0200,10756.39,MW,BE,BE,forecast_load,Forecasted Load,2026-06-16T08:13:23Z
2026-06-16T08:13:14Z,2026-06-16T10:13:14+0200,dd6516a5-5fe5-4565-873a-e64fa6b54cdc,2026-05-27T10:00:00Z,2026-05-27T12:00:00+0200,10773.1,MW,BE,BE,forecast_load,Forecasted Load,2026-06-16T08:13:23Z
2026-06-16T08:13:14Z,2026-06-16T10:13:14+0200,dd6516a5-5fe5-4565-873a-e64fa6b54cdc,2026-05-27T10:15:00Z,2026-05-27T12:15:00+0200,10736.44,MW,BE,BE,forecast_load,Forecasted Load,2026-06-16T08:13:23Z
2026-06-16T08:13:14Z,2026-06-16T10:13:14+0200,dd6516a5-5fe5-4565-873a-e64fa6b54cdc,2026-05-27T10:30:00Z,2026-05-27T12:30:00+0200,10677.44,MW,BE,BE,forecast_load,Forecasted Load,2026-06-16T08:13:23Z
2026-06-16T08:13:14Z,2026-06-16T10:13:14+0200,dd6516a5-5fe5-4565-873a-e64fa6b54cdc,2026-05-27T10:45:00Z,2026-05-27T12:45:00+0200,10674.27,MW,BE,BE,forecast_load,Forecasted Load,2026-06-16T08:13:23Z
2026-06-16T08:13:14Z,2026-06-16T10:13:14+0200,dd6516a5-5fe5-4565-873a-e64fa6b54cdc,2026-05-27T11:00:00Z,2026-05-27T13:00:00+0200,10664.21,MW,BE,BE,forecast_load,Forecasted Load,2026-06-16T08:13:23Z
2026-06-16T08:13:14Z,2026-06-16T10:13:14+0200,dd6516a5-5fe5-4565-873a-e64fa6b54cdc,2026-05-27T11:15:00Z,2026-05-27T13:15:00+0200,10658.86,MW,BE,BE,forecast_load,Forecasted Load,2026-06-16T08:13:23Z
2026-06-16T08:13:14Z,2026-06-16T10:13:14+0200,dd6516a5-5fe5-4565-873a-e64fa6b54cdc,2026-05-27T11:30:00Z,2026-05-27T13:30:00+0200,10562.93,MW,BE,BE,forecast_load,Forecasted Load,2026-06-16T08:13:23Z
2026-06-16T08:13:14Z,2026-06-16T10:13:14+0200,dd6516a5-5fe5-4565-873a-e64fa6b54cdc,2026-05-27T11:45:00Z,2026-05-27T13:45:00+0200,10544.35,MW,BE,BE,forecast_load,Forecasted Load,2026-06-16T08:13:23Z
2026-06-16T08:13:14Z,2026-06-16T10:13:14+0200,dd6516a5-5fe5-4565-873a-e64fa6b54cdc,2026-05-27T12:00:00Z,2026-05-27T14:00:00+0200,10458.69,MW,BE,BE,forecast_load,Forecasted Load,2026-06-16T08:13:23Z
2026-06-16T08:13:14Z,2026-06-16T10:13:14+0200,dd6516a5-5fe5-4565-873a-e64fa6b54cdc,2026-05-27T12:15:00Z,2026-05-27T14:15:00+0200,10356.0,MW,BE,BE,forecast_load,Forecasted Load,2026-06-16T08:13:23Z
2026-06-16T08:13:14Z,2026-06-16T10:13:14+0200,dd6516a5-5fe5-4565-873a-e64fa6b54cdc,2026-05-27T12:30:00Z,2026-05-27T14:30:00+0200,10296.37,MW,BE,BE,forecast_load,Forecasted Load,2026-06-16T08:13:23Z
2026-06-16T08:13:14Z,2026-06-16T10:13:14+0200,dd6516a5-5fe5-4565-873a-e64fa6b54cdc,2026-05-27T12:45:00Z,2026-05-27T14:45:00+0200,10191.74,MW,BE,BE,forecast_load,Forecasted Load,2026-06-16T08:13:23Z
2026-06-16T08:13:14Z,2026-06-16T10:13:14+0200,dd6516a5-5fe5-4565-873a-e64fa6b54cdc,2026-05-27T13:00:00Z,2026-05-27T15:00:00+0200,10148.16,MW,BE,BE,forecast_load,Forecasted Load,2026-06-16T08:13:23Z
2026-06-16T08:13:14Z,2026-06-16T10:13:14+0200,dd6516a5-5fe5-4565-873a-e64fa6b54cdc,2026-05-27T13:15:00Z,2026-05-27T15:15:00+0200,10016.28,MW,BE,BE,forecast_load,Forecasted Load,2026-06-16T08:13:23Z
2026-06-16T08:13:14Z,2026-06-16T10:13:14+0200,dd6516a5-5fe5-4565-873a-e64fa6b54cdc,2026-05-27T13:30:00Z,2026-05-27T15:30:00+0200,9926.34,MW,BE,BE,forecast_load,Forecasted Load,2026-06-16T08:13:23Z
2026-06-16T08:13:14Z,2026-06-16T10:13:14+0200,dd6516a5-5fe5-4565-873a-e64fa6b54cdc,2026-05-27T13:45:00Z,2026-05-27T15:45:00+0200,9832.04,MW,BE,BE,forecast_load,Forecasted Load,2026-06-16T08:13:23Z
2026-06-16T08:13:14Z,2026-06-16T10:13:14+0200,dd6516a5-5fe5-4565-873a-e64fa6b54cdc,2026-05-27T14:00:00Z,2026-05-27T16:00:00+0200,9797.77,MW,BE,BE,forecast_load,Forecasted Load,2026-06-16T08:13:23Z
2026-06-16T08:13:14Z,2026-06-16T10:13:14+0200,dd6516a5-5fe5-4565-873a-e64fa6b54cdc,2026-05-27T14:15:00Z,2026-05-27T16:15:00+0200,9714.31,MW,BE,BE,forecast_load,Forecasted Load,2026-06-16T08:13:23Z
2026-06-16T08:13:14Z,2026-06-16T10:13:14+0200,dd6516a5-5fe5-4565-873a-e64fa6b54cdc,2026-05-27T14:30:00Z,2026-05-27T16:30:00+0200,9692.37,MW,BE,BE,forecast_load,Forecasted Load,2026-06-16T08:13:23Z
2026-06-16T08:13:14Z,2026-06-16T10:13:14+0200,dd6516a5-5fe5-4565-873a-e64fa6b54cdc,2026-05-27T14:45:00Z,2026-05-27T16:45:00+0200,9669.55,MW,BE,BE,forecast_load,Forecasted Load,2026-06-16T08:13:23Z
2026-06-16T08:13:14Z,2026-06-16T10:13:14+0200,dd6516a5-5fe5-4565-873a-e64fa6b54cdc,2026-05-27T15:00:00Z,2026-05-27T17:00:00+0200,9774.96,MW,BE,BE,forecast_load,Forecasted Load,2026-06-16T08:13:23Z
2026-06-16T08:13:14Z,2026-06-16T10:13:14+0200,dd6516a5-5fe5-4565-873a-e64fa6b54cdc,2026-05-27T15:15:00Z,2026-05-27T17:15:00+0200,9774.05,MW,BE,BE,forecast_load,Forecasted Load,2026-06-16T08:13:23Z
2026-06-16T08:13:14Z,2026-06-16T10:13:14+0200,dd6516a5-5fe5-4565-873a-e64fa6b54cdc,2026-05-27T15:30:00Z,2026-05-27T17:30:00+0200,9843.47,MW,BE,BE,forecast_load,Forecasted Load,2026-06-16T08:13:23Z
2026-06-16T08:13:14Z,2026-06-16T10:13:14+0200,dd6516a5-5fe5-4565-873a-e64fa6b54cdc,2026-05-27T15:45:00Z,2026-05-27T17:45:00+0200,9877.89,MW,BE,BE,forecast_load,Forecasted Load,2026-06-16T08:13:23Z
2026-06-16T08:13:14Z,2026-06-16T10:13:14+0200,dd6516a5-5fe5-4565-873a-e64fa6b54cdc,2026-05-27T16:00:00Z,2026-05-27T18:00:00+0200,9877.67,MW,BE,BE,forecast_load,Forecasted Load,2026-06-16T08:13:23Z
2026-06-16T08:13:14Z,2026-06-16T10:13:14+0200,dd6516a5-5fe5-4565-873a-e64fa6b54cdc,2026-05-27T16:15:00Z,2026-05-27T18:15:00+0200,9890.47,MW,BE,BE,forecast_load,Forecasted Load,2026-06-16T08:13:23Z
2026-06-16T08:13:14Z,2026-06-16T10:13:14+0200,dd6516a5-5fe5-4565-873a-e64fa6b54cdc,2026-05-27T16:30:00Z,2026-05-27T18:30:00+0200,9878.76,MW,BE,BE,forecast_load,Forecasted Load,2026-06-16T08:13:23Z
2026-06-16T08:13:14Z,2026-06-16T10:13:14+0200,dd6516a5-5fe5-4565-873a-e64fa6b54cdc,2026-05-27T16:45:00Z,2026-05-27T18:45:00+0200,9858.33,MW,BE,BE,forecast_load,Forecasted Load,2026-06-16T08:13:23Z
2026-06-16T08:13:14Z,2026-06-16T10:13:14+0200,dd6516a5-5fe5-4565-873a-e64fa6b54cdc,2026-05-27T17:00:00Z,2026-05-27T19:00:00+0200,9933.56,MW,BE,BE,forecast_load,Forecasted Load,2026-06-16T08:13:23Z
2026-06-16T08:13:14Z,2026-06-16T10:13:14+0200,dd6516a5-5fe5-4565-873a-e64fa6b54cdc,2026-05-27T17:15:00Z,2026-05-27T19:15:00+0200,9854.5,MW,BE,BE,forecast_load,Forecasted Load,2026-06-16T08:13:23Z
2026-06-16T08:13:14Z,2026-06-16T10:13:14+0200,dd6516a5-5fe5-4565-873a-e64fa6b54cdc,2026-05-27T17:30:00Z,2026-05-27T19:30:00+0200,9827.04,MW,BE,BE,forecast_load,Forecasted Load,2026-06-16T08:13:23Z
2026-06-16T08:13:14Z,2026-06-16T10:13:14+0200,dd6516a5-5fe5-4565-873a-e64fa6b54cdc,2026-05-27T17:45:00Z,2026-05-27T19:45:00+0200,9716.64,MW,BE,BE,forecast_load,Forecasted Load,2026-06-16T08:13:23Z
2026-06-16T08:13:14Z,2026-06-16T10:13:14+0200,dd6516a5-5fe5-4565-873a-e64fa6b54cdc,2026-05-27T18:00:00Z,2026-05-27T20:00:00+0200,9698.52,MW,BE,BE,forecast_load,Forecasted Load,2026-06-16T08:13:23Z
2026-06-16T08:13:14Z,2026-06-16T10:13:14+0200,dd6516a5-5fe5-4565-873a-e64fa6b54cdc,2026-05-27T18:15:00Z,2026-05-27T20:15:00+0200,9583.55,MW,BE,BE,forecast_load,Forecasted Load,2026-06-16T08:13:23Z
2026-06-16T08:13:14Z,2026-06-16T10:13:14+0200,dd6516a5-5fe5-4565-873a-e64fa6b54cdc,2026-05-27T18:30:00Z,2026-05-27T20:30:00+0200,9484.89,MW,BE,BE,forecast_load,Forecasted Load,2026-06-16T08:13:23Z
2026-06-16T08:13:14Z,2026-06-16T10:13:14+0200,dd6516a5-5fe5-4565-873a-e64fa6b54cdc,2026-05-27T18:45:00Z,2026-05-27T20:45:00+0200,9417.38,MW,BE,BE,forecast_load,Forecasted Load,2026-06-16T08:13:23Z
2026-06-16T08:13:14Z,2026-06-16T10:13:14+0200,dd6516a5-5fe5-4565-873a-e64fa6b54cdc,2026-05-27T19:00:00Z,2026-05-27T21:00:00+0200,9295.42,MW,BE,BE,forecast_load,Forecasted Load,2026-06-16T08:13:23Z
2026-06-16T08:13:14Z,2026-06-16T10:13:14+0200,dd6516a5-5fe5-4565-873a-e64fa6b54cdc,2026-05-27T19:15:00Z,2026-05-27T21:15:00+0200,9257.64,MW,BE,BE,forecast_load,Forecasted Load,2026-06-16T08:13:23Z
2026-06-16T08:13:14Z,2026-06-16T10:13:14+0200,dd6516a5-5fe5-4565-873a-e64fa6b54cdc,2026-05-27T19:30:00Z,2026-05-27T21:30:00+0200,9264.09,MW,BE,BE,forecast_load,Forecasted Load,2026-06-16T08:13:23Z
2026-06-16T08:13:14Z,2026-06-16T10:13:14+0200,dd6516a5-5fe5-4565-873a-e64fa6b54cdc,2026-05-27T19:45:00Z,2026-05-27T21:45:00+0200,9269.83,MW,BE,BE,forecast_load,Forecasted Load,2026-06-16T08:13:23Z
2026-06-16T08:13:14Z,2026-06-16T10:13:14+0200,dd6516a5-5fe5-4565-873a-e64fa6b54cdc,2026-05-27T20:00:00Z,2026-05-27T22:00:00+0200,9280.54,MW,BE,BE,forecast_load,Forecasted Load,2026-06-16T08:13:23Z
2026-06-16T08:13:14Z,2026-06-16T10:13:14+0200,dd6516a5-5fe5-4565-873a-e64fa6b54cdc,2026-05-27T20:15:00Z,2026-05-27T22:15:00+0200,9316.52,MW,BE,BE,forecast_load,Forecasted Load,2026-06-16T08:13:23Z
2026-06-16T08:13:14Z,2026-06-16T10:13:14+0200,dd6516a5-5fe5-4565-873a-e64fa6b54cdc,2026-05-27T20:30:00Z,2026-05-27T22:30:00+0200,9239.67,MW,BE,BE,forecast_load,Forecasted Load,2026-06-16T08:13:23Z
2026-06-16T08:13:14Z,2026-06-16T10:13:14+0200,dd6516a5-5fe5-4565-873a-e64fa6b54cdc,2026-05-27T20:45:00Z,2026-05-27T22:45:00+0200,9133.68,MW,BE,BE,forecast_load,Forecasted Load,2026-06-16T08:13:23Z
2026-06-16T08:13:14Z,2026-06-16T10:13:14+0200,dd6516a5-5fe5-4565-873a-e64fa6b54cdc,2026-05-27T21:00:00Z,2026-05-27T23:00:00+0200,9021.95,MW,BE,BE,forecast_load,Forecasted Load,2026-06-16T08:13:23Z
2026-06-16T08:13:14Z,2026-06-16T10:13:14+0200,dd6516a5-5fe5-4565-873a-e64fa6b54cdc,2026-05-27T21:15:00Z,2026-05-27T23:15:00+0200,8901.09,MW,BE,BE,forecast_load,Forecasted Load,2026-06-16T08:13:23Z
2026-06-16T08:13:14Z,2026-06-16T10:13:14+0200,dd6516a5-5fe5-4565-873a-e64fa6b54cdc,2026-05-27T21:30:00Z,2026-05-27T23:30:00+0200,8809.26,MW,BE,BE,forecast_load,Forecasted Load,2026-06-16T08:13:23Z
2026-06-16T08:13:14Z,2026-06-16T10:13:14+0200,dd6516a5-5fe5-4565-873a-e64fa6b54cdc,2026-05-27T21:45:00Z,2026-05-27T23:45:00+0200,8661.22,MW,BE,BE,forecast_load,Forecasted Load,2026-06-16T08:13:23Z
2026-06-16T08:13:14Z,2026-06-16T10:13:14+0200,dd6516a5-5fe5-4565-873a-e64fa6b54cdc,2026-05-27T22:00:00Z,2026-05-28T00:00:00+0200,8604.72,MW,BE,BE,forecast_load,Forecasted Load,2026-06-16T08:13:23Z
2026-06-16T08:13:14Z,2026-06-16T10:13:14+0200,dd6516a5-5fe5-4565-873a-e64fa6b54cdc,2026-05-27T22:15:00Z,2026-05-28T00:15:00+0200,8442.91,MW,BE,BE,forecast_load,Forecasted Load,2026-06-16T08:13:23Z
2026-06-16T08:13:14Z,2026-06-16T10:13:14+0200,dd6516a5-5fe5-4565-873a-e64fa6b54cdc,2026-05-27T22:30:00Z,2026-05-28T00:30:00+0200,8351.22,MW,BE,BE,forecast_load,Forecasted Load,2026-06-16T08:13:23Z
2026-06-16T08:13:14Z,2026-06-16T10:13:14+0200,dd6516a5-5fe5-4565-873a-e64fa6b54cdc,2026-05-27T22:45:00Z,2026-05-28T00:45:00+0200,8267.95,MW,BE,BE,forecast_load,Forecasted Load,2026-06-16T08:13:23Z
2026-06-16T08:13:14Z,2026-06-16T10:13:14+0200,dd6516a5-5fe5-4565-873a-e64fa6b54cdc,2026-05-27T23:00:00Z,2026-05-28T01:00:00+0200,8227.3,MW,BE,BE,forecast_load,Forecasted Load,2026-06-16T08:13:23Z
2026-06-16T08:13:14Z,2026-06-16T10:13:14+0200,dd6516a5-5fe5-4565-873a-e64fa6b54cdc,2026-05-27T23:15:00Z,2026-05-28T01:15:00+0200,8156.62,MW,BE,BE,forecast_load,Forecasted Load,2026-06-16T08:13:23Z
2026-06-16T08:13:14Z,2026-06-16T10:13:14+0200,dd6516a5-5fe5-4565-873a-e64fa6b54cdc,2026-05-27T23:30:00Z,2026-05-28T01:30:00+0200,8088.59,MW,BE,BE,forecast_load,Forecasted Load,2026-06-16T08:13:23Z
2026-06-16T08:13:14Z,2026-06-16T10:13:14+0200,dd6516a5-5fe5-4565-873a-e64fa6b54cdc,2026-05-27T23:45:00Z,2026-05-28T01:45:00+0200,8021.94,MW,BE,BE,forecast_load,Forecasted Load,2026-06-16T08:13:23Z
2026-06-16T08:13:14Z,2026-06-16T10:13:14+0200,dd6516a5-5fe5-4565-873a-e64fa6b54cdc,2026-05-28T00:00:00Z,2026-05-28T02:00:00+0200,8086.35,MW,BE,BE,forecast_load,Forecasted Load,2026-06-16T08:13:23Z
2026-06-16T08:13:14Z,2026-06-16T10:13:14+0200,dd6516a5-5fe5-4565-873a-e64fa6b54cdc,2026-05-28T00:15:00Z,2026-05-28T02:15:00+0200,8044.21,MW,BE,BE,forecast_load,Forecasted Load,2026-06-16T08:13:23Z
2026-06-16T08:13:14Z,2026-06-16T10:13:14+0200,dd6516a5-5fe5-4565-873a-e64fa6b54cdc,2026-05-28T00:30:00Z,2026-05-28T02:30:00+0200,8007.66,MW,BE,BE,forecast_load,Forecasted Load,2026-06-16T08:13:23Z
2026-06-16T08:13:14Z,2026-06-16T10:13:14+0200,dd6516a5-5fe5-4565-873a-e64fa6b54cdc,2026-05-28T00:45:00Z,2026-05-28T02:45:00+0200,7983.95,MW,BE,BE,forecast_load,Forecasted Load,2026-06-16T08:13:23Z
2026-06-16T08:13:14Z,2026-06-16T10:13:14+0200,dd6516a5-5fe5-4565-873a-e64fa6b54cdc,2026-05-28T01:00:00Z,2026-05-28T03:00:00+0200,7870.06,MW,BE,BE,forecast_load,Forecasted Load,2026-06-16T08:13:23Z
2026-06-16T08:13:14Z,2026-06-16T10:13:14+0200,dd6516a5-5fe5-4565-873a-e64fa6b54cdc,2026-05-28T01:15:00Z,2026-05-28T03:15:00+0200,7848.63,MW,BE,BE,forecast_load,Forecasted Load,2026-06-16T08:13:23Z
2026-06-16T08:13:14Z,2026-06-16T10:13:14+0200,dd6516a5-5fe5-4565-873a-e64fa6b54cdc,2026-05-28T01:30:00Z,2026-05-28T03:30:00+0200,7850.42,MW,BE,BE,forecast_load,Forecasted Load,2026-06-16T08:13:23Z
2026-06-16T08:13:14Z,2026-06-16T10:13:14+0200,dd6516a5-5fe5-4565-873a-e64fa6b54cdc,2026-05-28T01:45:00Z,2026-05-28T03:45:00+0200,7829.59,MW,BE,BE,forecast_load,Forecasted Load,2026-06-16T08:13:23Z
2026-06-16T08:13:14Z,2026-06-16T10:13:14+0200,dd6516a5-5fe5-4565-873a-e64fa6b54cdc,2026-05-28T02:00:00Z,2026-05-28T04:00:00+0200,7816.69,MW,BE,BE,forecast_load,Forecasted Load,2026-06-16T08:13:23Z
2026-06-16T08:13:14Z,2026-06-16T10:13:14+0200,dd6516a5-5fe5-4565-873a-e64fa6b54cdc,2026-05-28T02:15:00Z,2026-05-28T04:15:00+0200,7829.93,MW,BE,BE,forecast_load,Forecasted Load,2026-06-16T08:13:23Z
2026-06-16T08:13:14Z,2026-06-16T10:13:14+0200,dd6516a5-5fe5-4565-873a-e64fa6b54cdc,2026-05-28T02:30:00Z,2026-05-28T04:30:00+0200,7835.74,MW,BE,BE,forecast_load,Forecasted Load,2026-06-16T08:13:23Z
2026-06-16T08:13:14Z,2026-06-16T10:13:14+0200,dd6516a5-5fe5-4565-873a-e64fa6b54cdc,2026-05-28T02:45:00Z,2026-05-28T04:45:00+0200,7909.03,MW,BE,BE,forecast_load,Forecasted Load,2026-06-16T08:13:23Z
2026-06-16T08:13:14Z,2026-06-16T10:13:14+0200,dd6516a5-5fe5-4565-873a-e64fa6b54cdc,2026-05-28T03:00:00Z,2026-05-28T05:00:00+0200,8040.67,MW,BE,BE,forecast_load,Forecasted Load,2026-06-16T08:13:23Z
2026-06-16T08:13:14Z,2026-06-16T10:13:14+0200,dd6516a5-5fe5-4565-873a-e64fa6b54cdc,2026-05-28T03:15:00Z,2026-05-28T05:15:00+0200,8107.73,MW,BE,BE,forecast_load,Forecasted Load,2026-06-16T08:13:23Z
2026-06-16T08:13:14Z,2026-06-16T10:13:14+0200,dd6516a5-5fe5-4565-873a-e64fa6b54cdc,2026-05-28T03:30:00Z,2026-05-28T05:30:00+0200,8184.31,MW,BE,BE,forecast_load,Forecasted Load,2026-06-16T08:13:23Z
2026-06-16T08:13:14Z,2026-06-16T10:13:14+0200,dd6516a5-5fe5-4565-873a-e64fa6b54cdc,2026-05-28T03:45:00Z,2026-05-28T05:45:00+0200,8265.5,MW,BE,BE,forecast_load,Forecasted Load,2026-06-16T08:13:23Z
2026-06-16T08:13:14Z,2026-06-16T10:13:14+0200,dd6516a5-5fe5-4565-873a-e64fa6b54cdc,2026-05-28T04:00:00Z,2026-05-28T06:00:00+0200,8571.73,MW,BE,BE,forecast_load,Forecasted Load,2026-06-16T08:13:23Z
2026-06-16T08:13:14Z,2026-06-16T10:13:14+0200,dd6516a5-5fe5-4565-873a-e64fa6b54cdc,2026-05-28T04:15:00Z,2026-05-28T06:15:00+0200,8757.13,MW,BE,BE,forecast_load,Forecasted Load,2026-06-16T08:13:23Z
2026-06-16T08:13:14Z,2026-06-16T10:13:14+0200,dd6516a5-5fe5-4565-873a-e64fa6b54cdc,2026-05-28T04:30:00Z,2026-05-28T06:30:00+0200,8976.46,MW,BE,BE,forecast_load,Forecasted Load,2026-06-16T08:13:23Z
2026-06-16T08:13:14Z,2026-06-16T10:13:14+0200,dd6516a5-5fe5-4565-873a-e64fa6b54cdc,2026-05-28T04:45:00Z,2026-05-28T06:45:00+0200,9191.98,MW,BE,BE,forecast_load,Forecasted Load,2026-06-16T08:13:23Z
2026-06-16T08:13:14Z,2026-06-16T10:13:14+0200,dd6516a5-5fe5-4565-873a-e64fa6b54cdc,2026-05-28T05:00:00Z,2026-05-28T07:00:00+0200,9303.3,MW,BE,BE,forecast_load,Forecasted Load,2026-06-16T08:13:23Z
2026-06-16T08:13:14Z,2026-06-16T10:13:14+0200,dd6516a5-5fe5-4565-873a-e64fa6b54cdc,2026-05-28T05:15:00Z,2026-05-28T07:15:00+0200,9541.11,MW,BE,BE,forecast_load,Forecasted Load,2026-06-16T08:13:23Z
2026-06-16T08:13:14Z,2026-06-16T10:13:14+0200,dd6516a5-5fe5-4565-873a-e64fa6b54cdc,2026-05-28T05:30:00Z,2026-05-28T07:30:00+0200,9745.71,MW,BE,BE,forecast_load,Forecasted Load,2026-06-16T08:13:23Z
2026-06-16T08:13:14Z,2026-06-16T10:13:14+0200,dd6516a5-5fe5-4565-873a-e64fa6b54cdc,2026-05-28T05:45:00Z,2026-05-28T07:45:00+0200,9907.07,MW,BE,BE,forecast_load,Forecasted Load,2026-06-16T08:13:23Z
2026-06-16T08:13:14Z,2026-06-16T10:13:14+0200,dd6516a5-5fe5-4565-873a-e64fa6b54cdc,2026-05-28T06:00:00Z,2026-05-28T08:00:00+0200,10029.4,MW,BE,BE,forecast_load,Forecasted Load,2026-06-16T08:13:23Z
2026-06-16T08:13:14Z,2026-06-16T10:13:14+0200,dd6516a5-5fe5-4565-873a-e64fa6b54cdc,2026-05-28T06:15:00Z,2026-05-28T08:15:00+0200,10149.63,MW,BE,BE,forecast_load,Forecasted Load,2026-06-16T08:13:23Z
2026-06-16T08:13:14Z,2026-06-16T10:13:14+0200,dd6516a5-5fe5-4565-873a-e64fa6b54cdc,2026-05-28T06:30:00Z,2026-05-28T08:30:00+0200,10337.08,MW,BE,BE,forecast_load,Forecasted Load,2026-06-16T08:13:23Z
2026-06-16T08:13:14Z,2026-06-16T10:13:14+0200,dd6516a5-5fe5-4565-873a-e64fa6b54cdc,2026-05-28T06:45:00Z,2026-05-28T08:45:00+0200,10528.74,MW,BE,BE,forecast_load,Forecasted Load,2026-06-16T08:13:23Z
2026-06-16T08:13:14Z,2026-06-16T10:13:14+0200,dd6516a5-5fe5-4565-873a-e64fa6b54cdc,2026-05-28T07:00:00Z,2026-05-28T09:00:00+0200,10537.65,MW,BE,BE,forecast_load,Forecasted Load,2026-06-16T08:13:23Z
2026-06-16T08:13:14Z,2026-06-16T10:13:14+0200,dd6516a5-5fe5-4565-873a-e64fa6b54cdc,2026-05-28T07:15:00Z,2026-05-28T09:15:00+0200,10632.32,MW,BE,BE,forecast_load,Forecasted Load,2026-06-16T08:13:23Z
2026-06-16T08:13:14Z,2026-06-16T10:13:14+0200,dd6516a5-5fe5-4565-873a-e64fa6b54cdc,2026-05-28T07:30:00Z,2026-05-28T09:30:00+0200,10694.45,MW,BE,BE,forecast_load,Forecasted Load,2026-06-16T08:13:23Z
2026-06-16T08:13:14Z,2026-06-16T10:13:14+0200,dd6516a5-5fe5-4565-873a-e64fa6b54cdc,2026-05-28T07:45:00Z,2026-05-28T09:45:00+0200,10684.35,MW,BE,BE,forecast_load,Forecasted Load,2026-06-16T08:13:23Z
2026-06-16T08:13:14Z,2026-06-16T10:13:14+0200,dd6516a5-5fe5-4565-873a-e64fa6b54cdc,2026-05-28T08:00:00Z,2026-05-28T10:00:00+0200,10647.93,MW,BE,BE,forecast_load,Forecasted Load,2026-06-16T08:13:23Z
2026-06-16T08:13:14Z,2026-06-16T10:13:14+0200,dd6516a5-5fe5-4565-873a-e64fa6b54cdc,2026-05-28T08:15:00Z,2026-05-28T10:15:00+0200,10702.79,MW,BE,BE,forecast_load,Forecasted Load,2026-06-16T08:13:23Z
2026-06-16T08:13:14Z,2026-06-16T10:13:14+0200,dd6516a5-5fe5-4565-873a-e64fa6b54cdc,2026-05-28T08:30:00Z,2026-05-28T10:30:00+0200,10780.2,MW,BE,BE,forecast_load,Forecasted Load,2026-06-16T08:13:23Z
2026-06-16T08:13:14Z,2026-06-16T10:13:14+0200,dd6516a5-5fe5-4565-873a-e64fa6b54cdc,2026-05-28T08:45:00Z,2026-05-28T10:45:00+0200,10855.63,MW,BE,BE,forecast_load,Forecasted Load,2026-06-16T08:13:23Z
2026-06-16T08:13:14Z,2026-06-16T10:13:14+0200,dd6516a5-5fe5-4565-873a-e64fa6b54cdc,2026-05-28T09:00:00Z,2026-05-28T11:00:00+0200,10652.78,MW,BE,BE,forecast_load,Forecasted Load,2026-06-16T08:13:23Z
2026-06-16T08:13:14Z,2026-06-16T10:13:14+0200,dd6516a5-5fe5-4565-873a-e64fa6b54cdc,2026-05-28T09:15:00Z,2026-05-28T11:15:00+0200,10708.94,MW,BE,BE,forecast_load,Forecasted Load,2026-06-16T08:13:23Z
2026-06-16T08:13:14Z,2026-06-16T10:13:14+0200,dd6516a5-5fe5-4565-873a-e64fa6b54cdc,2026-05-28T09:30:00Z,2026-05-28T11:30:00+0200,10700.0,MW,BE,BE,forecast_load,Forecasted Load,2026-06-16T08:13:23Z
2026-06-16T08:13:14Z,2026-06-16T10:13:14+0200,dd6516a5-5fe5-4565-873a-e64fa6b54cdc,2026-05-28T09:45:00Z,2026-05-28T11:45:00+0200,10759.49,MW,BE,BE,forecast_load,Forecasted Load,2026-06-16T08:13:23Z
2026-06-16T08:13:14Z,2026-06-16T10:13:14+0200,dd6516a5-5fe5-4565-873a-e64fa6b54cdc,2026-05-28T10:00:00Z,2026-05-28T12:00:00+0200,10600.26,MW,BE,BE,forecast_load,Forecasted Load,2026-06-16T08:13:23Z
2026-06-16T08:13:14Z,2026-06-16T10:13:14+0200,dd6516a5-5fe5-4565-873a-e64fa6b54cdc,2026-05-28T10:15:00Z,2026-05-28T12:15:00+0200,10562.36,MW,BE,BE,forecast_load,Forecasted Load,2026-06-16T08:13:23Z
2026-06-16T08:13:14Z,2026-06-16T10:13:14+0200,dd6516a5-5fe5-4565-873a-e64fa6b54cdc,2026-05-28T10:30:00Z,2026-05-28T12:30:00+0200,10520.29,MW,BE,BE,forecast_load,Forecasted Load,2026-06-16T08:13:23Z
2026-06-16T08:13:14Z,2026-06-16T10:13:14+0200,dd6516a5-5fe5-4565-873a-e64fa6b54cdc,2026-05-28T10:45:00Z,2026-05-28T12:45:00+0200,10523.37,MW,BE,BE,forecast_load,Forecasted Load,2026-06-16T08:13:23Z
2026-06-16T08:13:14Z,2026-06-16T10:13:14+0200,dd6516a5-5fe5-4565-873a-e64fa6b54cdc,2026-05-28T11:00:00Z,2026-05-28T13:00:00+0200,10519.22,MW,BE,BE,forecast_load,Forecasted Load,2026-06-16T08:13:23Z
2026-06-16T08:13:14Z,2026-06-16T10:13:14+0200,dd6516a5-5fe5-4565-873a-e64fa6b54cdc,2026-05-28T11:15:00Z,2026-05-28T13:15:00+0200,10507.08,MW,BE,BE,forecast_load,Forecasted Load,2026-06-16T08:13:23Z
2026-06-16T08:13:14Z,2026-06-16T10:13:14+0200,dd6516a5-5fe5-4565-873a-e64fa6b54cdc,2026-05-28T11:30:00Z,2026-05-28T13:30:00+0200,10417.82,MW,BE,BE,forecast_load,Forecasted Load,2026-06-16T08:13:23Z
2026-06-16T08:13:14Z,2026-06-16T10:13:14+0200,dd6516a5-5fe5-4565-873a-e64fa6b54cdc,2026-05-28T11:45:00Z,2026-05-28T13:45:00+0200,10394.3,MW,BE,BE,forecast_load,Forecasted Load,2026-06-16T08:13:23Z
2026-06-16T08:13:14Z,2026-06-16T10:13:14+0200,dd6516a5-5fe5-4565-873a-e64fa6b54cdc,2026-05-28T12:00:00Z,2026-05-28T14:00:00+0200,10373.47,MW,BE,BE,forecast_load,Forecasted Load,2026-06-16T08:13:23Z
2026-06-16T08:13:14Z,2026-06-16T10:13:14+0200,dd6516a5-5fe5-4565-873a-e64fa6b54cdc,2026-05-28T12:15:00Z,2026-05-28T14:15:00+0200,10275.4,MW,BE,BE,forecast_load,Forecasted Load,2026-06-16T08:13:23Z
2026-06-16T08:13:14Z,2026-06-16T10:13:14+0200,dd6516a5-5fe5-4565-873a-e64fa6b54cdc,2026-05-28T12:30:00Z,2026-05-28T14:30:00+0200,10217.55,MW,BE,BE,forecast_load,Forecasted Load,2026-06-16T08:13:23Z
2026-06-16T08:13:14Z,2026-06-16T10:13:14+0200,dd6516a5-5fe5-4565-873a-e64fa6b54cdc,2026-05-28T12:45:00Z,2026-05-28T14:45:00+0200,10125.19,MW,BE,BE,forecast_load,Forecasted Load,2026-06-16T08:13:23Z
2026-06-16T08:13:14Z,2026-06-16T10:13:14+0200,dd6516a5-5fe5-4565-873a-e64fa6b54cdc,2026-05-28T13:00:00Z,2026-05-28T15:00:00+0200,10178.07,MW,BE,BE,forecast_load,Forecasted Load,2026-06-16T08:13:23Z
2026-06-16T08:13:14Z,2026-06-16T10:13:14+0200,dd6516a5-5fe5-4565-873a-e64fa6b54cdc,2026-05-28T13:15:00Z,2026-05-28T15:15:00+0200,10056.98,MW,BE,BE,forecast_load,Forecasted Load,2026-06-16T08:13:23Z
2026-06-16T08:13:14Z,2026-06-16T10:13:14+0200,dd6516a5-5fe5-4565-873a-e64fa6b54cdc,2026-05-28T13:30:00Z,2026-05-28T15:30:00+0200,9960.42,MW,BE,BE,forecast_load,Forecasted Load,2026-06-16T08:13:23Z
2026-06-16T08:13:14Z,2026-06-16T10:13:14+0200,dd6516a5-5fe5-4565-873a-e64fa6b54cdc,2026-05-28T13:45:00Z,2026-05-28T15:45:00+0200,9861.34,MW,BE,BE,forecast_load,Forecasted Load,2026-06-16T08:13:23Z
2026-06-16T08:13:14Z,2026-06-16T10:13:14+0200,dd6516a5-5fe5-4565-873a-e64fa6b54cdc,2026-05-28T14:00:00Z,2026-05-28T16:00:00+0200,10102.22,MW,BE,BE,forecast_load,Forecasted Load,2026-06-16T08:13:23Z
2026-06-16T08:13:14Z,2026-06-16T10:13:14+0200,dd6516a5-5fe5-4565-873a-e64fa6b54cdc,2026-05-28T14:15:00Z,2026-05-28T16:15:00+0200,10012.44,MW,BE,BE,forecast_load,Forecasted Load,2026-06-16T08:13:23Z
2026-06-16T08:13:14Z,2026-06-16T10:13:14+0200,dd6516a5-5fe5-4565-873a-e64fa6b54cdc,2026-05-28T14:30:00Z,2026-05-28T16:30:00+0200,9991.63,MW,BE,BE,forecast_load,Forecasted Load,2026-06-16T08:13:23Z
2026-06-16T08:13:14Z,2026-06-16T10:13:14+0200,dd6516a5-5fe5-4565-873a-e64fa6b54cdc,2026-05-28T14:45:00Z,2026-05-28T16:45:00+0200,9966.03,MW,BE,BE,forecast_load,Forecasted Load,2026-06-16T08:13:23Z
2026-06-16T08:13:14Z,2026-06-16T10:13:14+0200,dd6516a5-5fe5-4565-873a-e64fa6b54cdc,2026-05-28T15:00:00Z,2026-05-28T17:00:00+0200,9955.92,MW,BE,BE,forecast_load,Forecasted Load,2026-06-16T08:13:23Z
2026-06-16T08:13:14Z,2026-06-16T10:13:14+0200,dd6516a5-5fe5-4565-873a-e64fa6b54cdc,2026-05-28T15:15:00Z,2026-05-28T17:15:00+0200,9948.93,MW,BE,BE,forecast_load,Forecasted Load,2026-06-16T08:13:23Z
2026-06-16T08:13:14Z,2026-06-16T10:13:14+0200,dd6516a5-5fe5-4565-873a-e64fa6b54cdc,2026-05-28T15:30:00Z,2026-05-28T17:30:00+0200,10001.05,MW,BE,BE,forecast_load,Forecasted Load,2026-06-16T08:13:23Z
2026-06-16T08:13:14Z,2026-06-16T10:13:14+0200,dd6516a5-5fe5-4565-873a-e64fa6b54cdc,2026-05-28T15:45:00Z,2026-05-28T17:45:00+0200,10028.41,MW,BE,BE,forecast_load,Forecasted Load,2026-06-16T08:13:23Z
2026-06-16T08:13:14Z,2026-06-16T10:13:14+0200,dd6516a5-5fe5-4565-873a-e64fa6b54cdc,2026-05-28T16:00:00Z,2026-05-28T18:00:00+0200,10078.32,MW,BE,BE,forecast_load,Forecasted Load,2026-06-16T08:13:23Z
2026-06-16T08:13:14Z,2026-06-16T10:13:14+0200,dd6516a5-5fe5-4565-873a-e64fa6b54cdc,2026-05-28T16:15:00Z,2026-05-28T18:15:00+0200,10093.28,MW,BE,BE,forecast_load,Forecasted Load,2026-06-16T08:13:23Z
2026-06-16T08:13:14Z,2026-06-16T10:13:14+0200,dd6516a5-5fe5-4565-873a-e64fa6b54cdc,2026-05-28T16:30:00Z,2026-05-28T18:30:00+0200,10077.27,MW,BE,BE,forecast_load,Forecasted Load,2026-06-16T08:13:23Z
2026-06-16T08:13:14Z,2026-06-16T10:13:14+0200,dd6516a5-5fe5-4565-873a-e64fa6b54cdc,2026-05-28T16:45:00Z,2026-05-28T18:45:00+0200,10038.2,MW,BE,BE,forecast_load,Forecasted Load,2026-06-16T08:13:23Z
2026-06-16T08:13:14Z,2026-06-16T10:13:14+0200,dd6516a5-5fe5-4565-873a-e64fa6b54cdc,2026-05-28T17:00:00Z,2026-05-28T19:00:00+0200,9982.68,MW,BE,BE,forecast_load,Forecasted Load,2026-06-16T08:13:23Z
2026-06-16T08:13:14Z,2026-06-16T10:13:14+0200,dd6516a5-5fe5-4565-873a-e64fa6b54cdc,2026-05-28T17:15:00Z,2026-05-28T19:15:00+0200,9900.93,MW,BE,BE,forecast_load,Forecasted Load,2026-06-16T08:13:23Z
2026-06-16T08:13:14Z,2026-06-16T10:13:14+0200,dd6516a5-5fe5-4565-873a-e64fa6b54cdc,2026-05-28T17:30:00Z,2026-05-28T19:30:00+0200,9865.75,MW,BE,BE,forecast_load,Forecasted Load,2026-06-16T08:13:23Z
2026-06-16T08:13:14Z,2026-06-16T10:13:14+0200,dd6516a5-5fe5-4565-873a-e64fa6b54cdc,2026-05-28T17:45:00Z,2026-05-28T19:45:00+0200,9749.34,MW,BE,BE,forecast_load,Forecasted Load,2026-06-16T08:13:23Z
2026-06-16T08:13:14Z,2026-06-16T10:13:14+0200,dd6516a5-5fe5-4565-873a-e64fa6b54cdc,2026-05-28T18:00:00Z,2026-05-28T20:00:00+0200,9732.29,MW,BE,BE,forecast_load,Forecasted Load,2026-06-16T08:13:23Z
2026-06-16T08:13:14Z,2026-06-16T10:13:14+0200,dd6516a5-5fe5-4565-873a-e64fa6b54cdc,2026-05-28T18:15:00Z,2026-05-28T20:15:00+0200,9604.93,MW,BE,BE,forecast_load,Forecasted Load,2026-06-16T08:13:23Z
2026-06-16T08:13:14Z,2026-06-16T10:13:14+0200,dd6516a5-5fe5-4565-873a-e64fa6b54cdc,2026-05-28T18:30:00Z,2026-05-28T20:30:00+0200,9507.15,MW,BE,BE,forecast_load,Forecasted Load,2026-06-16T08:13:23Z
2026-06-16T08:13:14Z,2026-06-16T10:13:14+0200,dd6516a5-5fe5-4565-873a-e64fa6b54cdc,2026-05-28T18:45:00Z,2026-05-28T20:45:00+0200,9441.36,MW,BE,BE,forecast_load,Forecasted Load,2026-06-16T08:13:23Z
2026-06-16T08:13:14Z,2026-06-16T10:13:14+0200,dd6516a5-5fe5-4565-873a-e64fa6b54cdc,2026-05-28T19:00:00Z,2026-05-28T21:00:00+0200,9353.37,MW,BE,BE,forecast_load,Forecasted Load,2026-06-16T08:13:23Z
2026-06-16T08:13:14Z,2026-06-16T10:13:14+0200,dd6516a5-5fe5-4565-873a-e64fa6b54cdc,2026-05-28T19:15:00Z,2026-05-28T21:15:00+0200,9330.25,MW,BE,BE,forecast_load,Forecasted Load,2026-06-16T08:13:23Z
2026-06-16T08:13:14Z,2026-06-16T10:13:14+0200,dd6516a5-5fe5-4565-873a-e64fa6b54cdc,2026-05-28T19:30:00Z,2026-05-28T21:30:00+0200,9349.78,MW,BE,BE,forecast_load,Forecasted Load,2026-06-16T08:13:23Z
2026-06-16T08:13:14Z,2026-06-16T10:13:14+0200,dd6516a5-5fe5-4565-873a-e64fa6b54cdc,2026-05-28T19:45:00Z,2026-05-28T21:45:00+0200,9351.94,MW,BE,BE,forecast_load,Forecasted Load,2026-06-16T08:13:23Z
2026-06-16T08:13:14Z,2026-06-16T10:13:14+0200,dd6516a5-5fe5-4565-873a-e64fa6b54cdc,2026-05-28T20:00:00Z,2026-05-28T22:00:00+0200,9371.58,MW,BE,BE,forecast_load,Forecasted Load,2026-06-16T08:13:23Z
2026-06-16T08:13:14Z,2026-06-16T10:13:14+0200,dd6516a5-5fe5-4565-873a-e64fa6b54cdc,2026-05-28T20:15:00Z,2026-05-28T22:15:00+0200,9404.87,MW,BE,BE,forecast_load,Forecasted Load,2026-06-16T08:13:23Z
2026-06-16T08:13:14Z,2026-06-16T10:13:14+0200,dd6516a5-5fe5-4565-873a-e64fa6b54cdc,2026-05-28T20:30:00Z,2026-05-28T22:30:00+0200,9331.47,MW,BE,BE,forecast_load,Forecasted Load,2026-06-16T08:13:23Z
2026-06-16T08:13:14Z,2026-06-16T10:13:14+0200,dd6516a5-5fe5-4565-873a-e64fa6b54cdc,2026-05-28T20:45:00Z,2026-05-28T22:45:00+0200,9222.02,MW,BE,BE,forecast_load,Forecasted Load,2026-06-16T08:13:23Z
2026-06-16T08:13:14Z,2026-06-16T10:13:14+0200,dd6516a5-5fe5-4565-873a-e64fa6b54cdc,2026-05-28T21:00:00Z,2026-05-28T23:00:00+0200,9097.63,MW,BE,BE,forecast_load,Forecasted Load,2026-06-16T08:13:23Z
2026-06-16T08:13:14Z,2026-06-16T10:13:14+0200,dd6516a5-5fe5-4565-873a-e64fa6b54cdc,2026-05-28T21:15:00Z,2026-05-28T23:15:00+0200,8969.19,MW,BE,BE,forecast_load,Forecasted Load,2026-06-16T08:13:23Z
2026-06-16T08:13:14Z,2026-06-16T10:13:14+0200,dd6516a5-5fe5-4565-873a-e64fa6b54cdc,2026-05-28T21:30:00Z,2026-05-28T23:30:00+0200,8884.48,MW,BE,BE,forecast_load,Forecasted Load,2026-06-16T08:13:23Z
2026-06-16T08:13:14Z,2026-06-16T10:13:14+0200,dd6516a5-5fe5-4565-873a-e64fa6b54cdc,2026-05-28T21:45:00Z,2026-05-28T23:45:00+0200,8740.29,MW,BE,BE,forecast_load,Forecasted Load,2026-06-16T08:13:23Z
2026-06-16T08:13:14Z,2026-06-16T10:13:14+0200,dd6516a5-5fe5-4565-873a-e64fa6b54cdc,2026-05-28T22:00:00Z,2026-05-29T00:00:00+0200,8668.04,MW,BE,BE,forecast_load,Forecasted Load,2026-06-16T08:13:23Z
2026-06-16T08:13:14Z,2026-06-16T10:13:14+0200,dd6516a5-5fe5-4565-873a-e64fa6b54cdc,2026-05-28T22:15:00Z,2026-05-29T00:15:00+0200,8516.49,MW,BE,BE,forecast_load,Forecasted Load,2026-06-16T08:13:23Z
2026-06-16T08:13:14Z,2026-06-16T10:13:14+0200,dd6516a5-5fe5-4565-873a-e64fa6b54cdc,2026-05-28T22:30:00Z,2026-05-29T00:30:00+0200,8417.62,MW,BE,BE,forecast_load,Forecasted Load,2026-06-16T08:13:23Z
2026-06-16T08:13:14Z,2026-06-16T10:13:14+0200,dd6516a5-5fe5-4565-873a-e64fa6b54cdc,2026-05-28T22:45:00Z,2026-05-29T00:45:00+0200,8328.94,MW,BE,BE,forecast_load,Forecasted Load,2026-06-16T08:13:23Z
2026-06-16T08:13:14Z,2026-06-16T10:13:14+0200,dd6516a5-5fe5-4565-873a-e64fa6b54cdc,2026-05-28T23:00:00Z,2026-05-29T01:00:00+0200,8225.0,MW,BE,BE,forecast_load,Forecasted Load,2026-06-16T08:13:23Z
2026-06-16T08:13:14Z,2026-06-16T10:13:14+0200,dd6516a5-5fe5-4565-873a-e64fa6b54cdc,2026-05-28T23:15:00Z,2026-05-29T01:15:00+0200,8160.75,MW,BE,BE,forecast_load,Forecasted Load,2026-06-16T08:13:23Z
2026-06-16T08:13:14Z,2026-06-16T10:13:14+0200,dd6516a5-5fe5-4565-873a-e64fa6b54cdc,2026-05-28T23:30:00Z,2026-05-29T01:30:00+0200,8092.92,MW,BE,BE,forecast_load,Forecasted Load,2026-06-16T08:13:23Z
2026-06-16T08:13:14Z,2026-06-16T10:13:14+0200,dd6516a5-5fe5-4565-873a-e64fa6b54cdc,2026-05-28T23:45:00Z,2026-05-29T01:45:00+0200,8021.57,MW,BE,BE,forecast_load,Forecasted Load,2026-06-16T08:13:23Z
2026-06-16T08:13:14Z,2026-06-16T10:13:14+0200,dd6516a5-5fe5-4565-873a-e64fa6b54cdc,2026-05-29T00:00:00Z,2026-05-29T02:00:00+0200,7925.72,MW,BE,BE,forecast_load,Forecasted Load,2026-06-16T08:13:23Z
2026-06-16T08:13:14Z,2026-06-16T10:13:14+0200,dd6516a5-5fe5-4565-873a-e64fa6b54cdc,2026-05-29T00:15:00Z,2026-05-29T02:15:00+0200,7884.21,MW,BE,BE,forecast_load,Forecasted Load,2026-06-16T08:13:23Z
2026-06-16T08:13:14Z,2026-06-16T10:13:14+0200,dd6516a5-5fe5-4565-873a-e64fa6b54cdc,2026-05-29T00:30:00Z,2026-05-29T02:30:00+0200,7844.03,MW,BE,BE,forecast_load,Forecasted Load,2026-06-16T08:13:23Z
2026-06-16T08:13:14Z,2026-06-16T10:13:14+0200,dd6516a5-5fe5-4565-873a-e64fa6b54cdc,2026-05-29T00:45:00Z,2026-05-29T02:45:00+0200,7819.88,MW,BE,BE,forecast_load,Forecasted Load,2026-06-16T08:13:23Z
2026-06-16T08:13:14Z,2026-06-16T10:13:14+0200,dd6516a5-5fe5-4565-873a-e64fa6b54cdc,2026-05-29T01:00:00Z,2026-05-29T03:00:00+0200,7833.51,MW,BE,BE,forecast_load,Forecasted Load,2026-06-16T08:13:23Z
2026-06-16T08:13:14Z,2026-06-16T10:13:14+0200,dd6516a5-5fe5-4565-873a-e64fa6b54cdc,2026-05-29T01:15:00Z,2026-05-29T03:15:00+0200,7810.01,MW,BE,BE,forecast_load,Forecasted Load,2026-06-16T08:13:23Z
2026-06-16T08:13:14Z,2026-06-16T10:13:14+0200,dd6516a5-5fe5-4565-873a-e64fa6b54cdc,2026-05-29T01:30:00Z,2026-05-29T03:30:00+0200,7805.23,MW,BE,BE,forecast_load,Forecasted Load,2026-06-16T08:13:23Z
2026-06-16T08:13:14Z,2026-06-16T10:13:14+0200,dd6516a5-5fe5-4565-873a-e64fa6b54cdc,2026-05-29T01:45:00Z,2026-05-29T03:45:00+0200,7787.84,MW,BE,BE,forecast_load,Forecasted Load,2026-06-16T08:13:23Z
2026-06-16T08:13:14Z,2026-06-16T10:13:14+0200,dd6516a5-5fe5-4565-873a-e64fa6b54cdc,2026-05-29T02:00:00Z,2026-05-29T04:00:00+0200,7843.23,MW,BE,BE,forecast_load,Forecasted Load,2026-06-16T08:13:23Z
2026-06-16T08:13:14Z,2026-06-16T10:13:14+0200,dd6516a5-5fe5-4565-873a-e64fa6b54cdc,2026-05-29T02:15:00Z,2026-05-29T04:15:00+0200,7857.26,MW,BE,BE,forecast_load,Forecasted Load,2026-06-16T08:13:23Z
2026-06-16T08:13:14Z,2026-06-16T10:13:14+0200,dd6516a5-5fe5-4565-873a-e64fa6b54cdc,2026-05-29T02:30:00Z,2026-05-29T04:30:00+0200,7865.76,MW,BE,BE,forecast_load,Forecasted Load,2026-06-16T08:13:23Z
2026-06-16T08:13:14Z,2026-06-16T10:13:14+0200,dd6516a5-5fe5-4565-873a-e64fa6b54cdc,2026-05-29T02:45:00Z,2026-05-29T04:45:00+0200,7934.83,MW,BE,BE,forecast_load,Forecasted Load,2026-06-16T08:13:23Z
2026-06-16T08:13:14Z,2026-06-16T10:13:14+0200,dd6516a5-5fe5-4565-873a-e64fa6b54cdc,2026-05-29T03:00:00Z,2026-05-29T05:00:00+0200,8015.41,MW,BE,BE,forecast_load,Forecasted Load,2026-06-16T08:13:23Z
2026-06-16T08:13:14Z,2026-06-16T10:13:14+0200,dd6516a5-5fe5-4565-873a-e64fa6b54cdc,2026-05-29T03:15:00Z,2026-05-29T05:15:00+0200,8074.12,MW,BE,BE,forecast_load,Forecasted Load,2026-06-16T08:13:23Z
2026-06-16T08:13:14Z,2026-06-16T10:13:14+0200,dd6516a5-5fe5-4565-873a-e64fa6b54cdc,2026-05-29T03:30:00Z,2026-05-29T05:30:00+0200,8148.14,MW,BE,BE,forecast_load,Forecasted Load,2026-06-16T08:13:23Z
2026-06-16T08:13:14Z,2026-06-16T10:13:14+0200,dd6516a5-5fe5-4565-873a-e64fa6b54cdc,2026-05-29T03:45:00Z,2026-05-29T05:45:00+0200,8221.57,MW,BE,BE,forecast_load,Forecasted Load,2026-06-16T08:13:23Z
2026-06-16T08:13:14Z,2026-06-16T10:13:14+0200,dd6516a5-5fe5-4565-873a-e64fa6b54cdc,2026-05-29T04:00:00Z,2026-05-29T06:00:00+0200,8408.0,MW,BE,BE,forecast_load,Forecasted Load,2026-06-16T08:13:23Z
2026-06-16T08:13:14Z,2026-06-16T10:13:14+0200,dd6516a5-5fe5-4565-873a-e64fa6b54cdc,2026-05-29T04:15:00Z,2026-05-29T06:15:00+0200,8596.83,MW,BE,BE,forecast_load,Forecasted Load,2026-06-16T08:13:23Z
2026-06-16T08:13:14Z,2026-06-16T10:13:14+0200,dd6516a5-5fe5-4565-873a-e64fa6b54cdc,2026-05-29T04:30:00Z,2026-05-29T06:30:00+0200,8816.15,MW,BE,BE,forecast_load,Forecasted Load,2026-06-16T08:13:23Z
2026-06-16T08:13:14Z,2026-06-16T10:13:14+0200,dd6516a5-5fe5-4565-873a-e64fa6b54cdc,2026-05-29T04:45:00Z,2026-05-29T06:45:00+0200,9024.03,MW,BE,BE,forecast_load,Forecasted Load,2026-06-16T08:13:23Z
2026-06-16T08:13:14Z,2026-06-16T10:13:14+0200,dd6516a5-5fe5-4565-873a-e64fa6b54cdc,2026-05-29T05:00:00Z,2026-05-29T07:00:00+0200,9152.93,MW,BE,BE,forecast_load,Forecasted Load,2026-06-16T08:13:23Z
2026-06-16T08:13:14Z,2026-06-16T10:13:14+0200,dd6516a5-5fe5-4565-873a-e64fa6b54cdc,2026-05-29T05:15:00Z,2026-05-29T07:15:00+0200,9392.6,MW,BE,BE,forecast_load,Forecasted Load,2026-06-16T08:13:23Z
2026-06-16T08:13:14Z,2026-06-16T10:13:14+0200,dd6516a5-5fe5-4565-873a-e64fa6b54cdc,2026-05-29T05:30:00Z,2026-05-29T07:30:00+0200,9594.89,MW,BE,BE,forecast_load,Forecasted Load,2026-06-16T08:13:23Z
2026-06-16T08:13:14Z,2026-06-16T10:13:14+0200,dd6516a5-5fe5-4565-873a-e64fa6b54cdc,2026-05-29T05:45:00Z,2026-05-29T07:45:00+0200,9757.98,MW,BE,BE,forecast_load,Forecasted Load,2026-06-16T08:13:23Z
2026-06-16T08:13:14Z,2026-06-16T10:13:14+0200,dd6516a5-5fe5-4565-873a-e64fa6b54cdc,2026-05-29T06:00:00Z,2026-05-29T08:00:00+0200,9807.46,MW,BE,BE,forecast_load,Forecasted Load,2026-06-16T08:13:23Z
2026-06-16T08:13:14Z,2026-06-16T10:13:14+0200,dd6516a5-5fe5-4565-873a-e64fa6b54cdc,2026-05-29T06:15:00Z,2026-05-29T08:15:00+0200,9922.54,MW,BE,BE,forecast_load,Forecasted Load,2026-06-16T08:13:23Z
2026-06-16T08:13:14Z,2026-06-16T10:13:14+0200,dd6516a5-5fe5-4565-873a-e64fa6b54cdc,2026-05-29T06:30:00Z,2026-05-29T08:30:00+0200,10091.02,MW,BE,BE,forecast_load,Forecasted Load,2026-06-16T08:13:23Z
2026-06-16T08:13:14Z,2026-06-16T10:13:14+0200,dd6516a5-5fe5-4565-873a-e64fa6b54cdc,2026-05-29T06:45:00Z,2026-05-29T08:45:00+0200,10259.04,MW,BE,BE,forecast_load,Forecasted Load,2026-06-16T08:13:23Z
2026-06-16T08:13:14Z,2026-06-16T10:13:14+0200,dd6516a5-5fe5-4565-873a-e64fa6b54cdc,2026-05-29T07:00:00Z,2026-05-29T09:00:00+0200,10317.5,MW,BE,BE,forecast_load,Forecasted Load,2026-06-16T08:13:23Z
2026-06-16T08:13:14Z,2026-06-16T10:13:14+0200,dd6516a5-5fe5-4565-873a-e64fa6b54cdc,2026-05-29T07:15:00Z,2026-05-29T09:15:00+0200,10419.55,MW,BE,BE,forecast_load,Forecasted Load,2026-06-16T08:13:23Z
2026-06-16T08:13:14Z,2026-06-16T10:13:14+0200,dd6516a5-5fe5-4565-873a-e64fa6b54cdc,2026-05-29T07:30:00Z,2026-05-29T09:30:00+0200,10502.98,MW,BE,BE,forecast_load,Forecasted Load,2026-06-16T08:13:23Z
2026-06-16T08:13:14Z,2026-06-16T10:13:14+0200,dd6516a5-5fe5-4565-873a-e64fa6b54cdc,2026-05-29T07:45:00Z,2026-05-29T09:45:00+0200,10511.85,MW,BE,BE,forecast_load,Forecasted Load,2026-06-16T08:13:23Z
2026-06-16T08:13:14Z,2026-06-16T10:13:14+0200,dd6516a5-5fe5-4565-873a-e64fa6b54cdc,2026-05-29T08:00:00Z,2026-05-29T10:00:00+0200,10581.55,MW,BE,BE,forecast_load,Forecasted Load,2026-06-16T08:13:23Z
2026-06-16T08:13:14Z,2026-06-16T10:13:14+0200,dd6516a5-5fe5-4565-873a-e64fa6b54cdc,2026-05-29T08:15:00Z,2026-05-29T10:15:00+0200,10642.34,MW,BE,BE,forecast_load,Forecasted Load,2026-06-16T08:13:23Z
2026-06-16T08:13:14Z,2026-06-16T10:13:14+0200,dd6516a5-5fe5-4565-873a-e64fa6b54cdc,2026-05-29T08:30:00Z,2026-05-29T10:30:00+0200,10724.52,MW,BE,BE,forecast_load,Forecasted Load,2026-06-16T08:13:23Z
2026-06-16T08:13:14Z,2026-06-16T10:13:14+0200,dd6516a5-5fe5-4565-873a-e64fa6b54cdc,2026-05-29T08:45:00Z,2026-05-29T10:45:00+0200,10791.44,MW,BE,BE,forecast_load,Forecasted Load,2026-06-16T08:13:23Z
2026-06-16T08:13:14Z,2026-06-16T10:13:14+0200,dd6516a5-5fe5-4565-873a-e64fa6b54cdc,2026-05-29T09:00:00Z,2026-05-29T11:00:00+0200,10941.75,MW,BE,BE,forecast_load,Forecasted Load,2026-06-16T08:13:23Z
2026-06-16T08:13:14Z,2026-06-16T10:13:14+0200,dd6516a5-5fe5-4565-873a-e64fa6b54cdc,2026-05-29T09:15:00Z,2026-05-29T11:15:00+0200,11006.33,MW,BE,BE,forecast_load,Forecasted Load,2026-06-16T08:13:23Z
2026-06-16T08:13:14Z,2026-06-16T10:13:14+0200,dd6516a5-5fe5-4565-873a-e64fa6b54cdc,2026-05-29T09:30:00Z,2026-05-29T11:30:00+0200,11009.96,MW,BE,BE,forecast_load,Forecasted Load,2026-06-16T08:13:23Z
2026-06-16T08:13:14Z,2026-06-16T10:13:14+0200,dd6516a5-5fe5-4565-873a-e64fa6b54cdc,2026-05-29T09:45:00Z,2026-05-29T11:45:00+0200,11072.75,MW,BE,BE,forecast_load,Forecasted Load,2026-06-16T08:13:23Z
2026-06-16T08:13:14Z,2026-06-16T10:13:14+0200,dd6516a5-5fe5-4565-873a-e64fa6b54cdc,2026-05-29T10:00:00Z,2026-05-29T12:00:00+0200,11005.72,MW,BE,BE,forecast_load,Forecasted Load,2026-06-16T08:13:23Z
2026-06-16T08:13:14Z,2026-06-16T10:13:14+0200,dd6516a5-5fe5-4565-873a-e64fa6b54cdc,2026-05-29T10:15:00Z,2026-05-29T12:15:00+0200,10961.86,MW,BE,BE,forecast_load,Forecasted Load,2026-06-16T08:13:23Z
2026-06-16T08:13:14Z,2026-06-16T10:13:14+0200,dd6516a5-5fe5-4565-873a-e64fa6b54cdc,2026-05-29T10:30:00Z,2026-05-29T12:30:00+0200,10929.86,MW,BE,BE,forecast_load,Forecasted Load,2026-06-16T08:13:23Z
2026-06-16T08:13:14Z,2026-06-16T10:13:14+0200,dd6516a5-5fe5-4565-873a-e64fa6b54cdc,2026-05-29T10:45:00Z,2026-05-29T12:45:00+0200,10929.8,MW,BE,BE,forecast_load,Forecasted Load,2026-06-16T08:13:23Z
2026-06-16T08:13:14Z,2026-06-16T10:13:14+0200,dd6516a5-5fe5-4565-873a-e64fa6b54cdc,2026-05-29T11:00:00Z,2026-05-29T13:00:00+0200,11007.55,MW,BE,BE,forecast_load,Forecasted Load,2026-06-16T08:13:23Z
2026-06-16T08:13:14Z,2026-06-16T10:13:14+0200,dd6516a5-5fe5-4565-873a-e64fa6b54cdc,2026-05-29T11:15:00Z,2026-05-29T13:15:00+0200,10993.07,MW,BE,BE,forecast_load,Forecasted Load,2026-06-16T08:13:23Z
2026-06-16T08:13:14Z,2026-06-16T10:13:14+0200,dd6516a5-5fe5-4565-873a-e64fa6b54cdc,2026-05-29T11:30:00Z,2026-05-29T13:30:00+0200,10902.33,MW,BE,BE,forecast_load,Forecasted Load,2026-06-16T08:13:23Z
2026-06-16T08:13:14Z,2026-06-16T10:13:14+0200,dd6516a5-5fe5-4565-873a-e64fa6b54cdc,2026-05-29T11:45:00Z,2026-05-29T13:45:00+0200,10875.35,MW,BE,BE,forecast_load,Forecasted Load,2026-06-16T08:13:23Z
2026-06-16T08:13:14Z,2026-06-16T10:13:14+0200,dd6516a5-5fe5-4565-873a-e64fa6b54cdc,2026-05-29T12:00:00Z,2026-05-29T14:00:00+0200,10803.02,MW,BE,BE,forecast_load,Forecasted Load,2026-06-16T08:13:23Z
2026-06-16T08:13:14Z,2026-06-16T10:13:14+0200,dd6516a5-5fe5-4565-873a-e64fa6b54cdc,2026-05-29T12:15:00Z,2026-05-29T14:15:00+0200,10704.37,MW,BE,BE,forecast_load,Forecasted Load,2026-06-16T08:13:23Z
2026-06-16T08:13:14Z,2026-06-16T10:13:14+0200,dd6516a5-5fe5-4565-873a-e64fa6b54cdc,2026-05-29T12:30:00Z,2026-05-29T14:30:00+0200,10627.78,MW,BE,BE,forecast_load,Forecasted Load,2026-06-16T08:13:23Z
2026-06-16T08:13:14Z,2026-06-16T10:13:14+0200,dd6516a5-5fe5-4565-873a-e64fa6b54cdc,2026-05-29T12:45:00Z,2026-05-29T14:45:00+0200,10540.26,MW,BE,BE,forecast_load,Forecasted Load,2026-06-16T08:13:23Z
2026-06-16T08:13:14Z,2026-06-16T10:13:14+0200,dd6516a5-5fe5-4565-873a-e64fa6b54cdc,2026-05-29T13:00:00Z,2026-05-29T15:00:00+0200,10320.19,MW,BE,BE,forecast_load,Forecasted Load,2026-06-16T08:13:23Z
2026-06-16T08:13:14Z,2026-06-16T10:13:14+0200,dd6516a5-5fe5-4565-873a-e64fa6b54cdc,2026-05-29T13:15:00Z,2026-05-29T15:15:00+0200,10208.85,MW,BE,BE,forecast_load,Forecasted Load,2026-06-16T08:13:23Z
2026-06-16T08:13:14Z,2026-06-16T10:13:14+0200,dd6516a5-5fe5-4565-873a-e64fa6b54cdc,2026-05-29T13:30:00Z,2026-05-29T15:30:00+0200,10112.24,MW,BE,BE,forecast_load,Forecasted Load,2026-06-16T08:13:23Z
2026-06-16T08:13:14Z,2026-06-16T10:13:14+0200,dd6516a5-5fe5-4565-873a-e64fa6b54cdc,2026-05-29T13:45:00Z,2026-05-29T15:45:00+0200,10004.87,MW,BE,BE,forecast_load,Forecasted Load,2026-06-16T08:13:23Z
2026-06-16T08:13:14Z,2026-06-16T10:13:14+0200,dd6516a5-5fe5-4565-873a-e64fa6b54cdc,2026-05-29T14:00:00Z,2026-05-29T16:00:00+0200,9950.62,MW,BE,BE,forecast_load,Forecasted Load,2026-06-16T08:13:23Z
2026-06-16T08:13:14Z,2026-06-16T10:13:14+0200,dd6516a5-5fe5-4565-873a-e64fa6b54cdc,2026-05-29T14:15:00Z,2026-05-29T16:15:00+0200,9850.67,MW,BE,BE,forecast_load,Forecasted Load,2026-06-16T08:13:23Z
2026-06-16T08:13:14Z,2026-06-16T10:13:14+0200,dd6516a5-5fe5-4565-873a-e64fa6b54cdc,2026-05-29T14:30:00Z,2026-05-29T16:30:00+0200,9813.88,MW,BE,BE,forecast_load,Forecasted Load,2026-06-16T08:13:23Z
2026-06-16T08:13:14Z,2026-06-16T10:13:14+0200,dd6516a5-5fe5-4565-873a-e64fa6b54cdc,2026-05-29T14:45:00Z,2026-05-29T16:45:00+0200,9811.18,MW,BE,BE,forecast_load,Forecasted Load,2026-06-16T08:13:23Z
2026-06-16T08:13:14Z,2026-06-16T10:13:14+0200,dd6516a5-5fe5-4565-873a-e64fa6b54cdc,2026-05-29T15:00:00Z,2026-05-29T17:00:00+0200,9735.5,MW,BE,BE,forecast_load,Forecasted Load,2026-06-16T08:13:23Z
2026-06-16T08:13:14Z,2026-06-16T10:13:14+0200,dd6516a5-5fe5-4565-873a-e64fa6b54cdc,2026-05-29T15:15:00Z,2026-05-29T17:15:00+0200,9724.81,MW,BE,BE,forecast_load,Forecasted Load,2026-06-16T08:13:23Z
2026-06-16T08:13:14Z,2026-06-16T10:13:14+0200,dd6516a5-5fe5-4565-873a-e64fa6b54cdc,2026-05-29T15:30:00Z,2026-05-29T17:30:00+0200,9756.98,MW,BE,BE,forecast_load,Forecasted Load,2026-06-16T08:13:23Z
2026-06-16T08:13:14Z,2026-06-16T10:13:14+0200,dd6516a5-5fe5-4565-873a-e64fa6b54cdc,2026-05-29T15:45:00Z,2026-05-29T17:45:00+0200,9763.0,MW,BE,BE,forecast_load,Forecasted Load,2026-06-16T08:13:23Z
2026-06-16T08:13:14Z,2026-06-16T10:13:14+0200,dd6516a5-5fe5-4565-873a-e64fa6b54cdc,2026-05-29T16:00:00Z,2026-05-29T18:00:00+0200,9683.65,MW,BE,BE,forecast_load,Forecasted Load,2026-06-16T08:13:23Z
2026-06-16T08:13:14Z,2026-06-16T10:13:14+0200,dd6516a5-5fe5-4565-873a-e64fa6b54cdc,2026-05-29T16:15:00Z,2026-05-29T18:15:00+0200,9693.23,MW,BE,BE,forecast_load,Forecasted Load,2026-06-16T08:13:23Z
2026-06-16T08:13:14Z,2026-06-16T10:13:14+0200,dd6516a5-5fe5-4565-873a-e64fa6b54cdc,2026-05-29T16:30:00Z,2026-05-29T18:30:00+0200,9675.65,MW,BE,BE,forecast_load,Forecasted Load,2026-06-16T08:13:23Z
2026-06-16T08:13:14Z,2026-06-16T10:13:14+0200,dd6516a5-5fe5-4565-873a-e64fa6b54cdc,2026-05-29T16:45:00Z,2026-05-29T18:45:00+0200,9645.8,MW,BE,BE,forecast_load,Forecasted Load,2026-06-16T08:13:23Z
2026-06-16T08:13:14Z,2026-06-16T10:13:14+0200,dd6516a5-5fe5-4565-873a-e64fa6b54cdc,2026-05-29T17:00:00Z,2026-05-29T19:00:00+0200,9662.47,MW,BE,BE,forecast_load,Forecasted Load,2026-06-16T08:13:23Z
2026-06-16T08:13:14Z,2026-06-16T10:13:14+0200,dd6516a5-5fe5-4565-873a-e64fa6b54cdc,2026-05-29T17:15:00Z,2026-05-29T19:15:00+0200,9574.27,MW,BE,BE,forecast_load,Forecasted Load,2026-06-16T08:13:23Z
2026-06-16T08:13:14Z,2026-06-16T10:13:14+0200,dd6516a5-5fe5-4565-873a-e64fa6b54cdc,2026-05-29T17:30:00Z,2026-05-29T19:30:00+0200,9537.52,MW,BE,BE,forecast_load,Forecasted Load,2026-06-16T08:13:23Z
2026-06-16T08:13:14Z,2026-06-16T10:13:14+0200,dd6516a5-5fe5-4565-873a-e64fa6b54cdc,2026-05-29T17:45:00Z,2026-05-29T19:45:00+0200,9429.87,MW,BE,BE,forecast_load,Forecasted Load,2026-06-16T08:13:23Z
2026-06-16T08:13:14Z,2026-06-16T10:13:14+0200,dd6516a5-5fe5-4565-873a-e64fa6b54cdc,2026-05-29T18:00:00Z,2026-05-29T20:00:00+0200,9435.48,MW,BE,BE,forecast_load,Forecasted Load,2026-06-16T08:13:23Z
2026-06-16T08:13:14Z,2026-06-16T10:13:14+0200,dd6516a5-5fe5-4565-873a-e64fa6b54cdc,2026-05-29T18:15:00Z,2026-05-29T20:15:00+0200,9326.09,MW,BE,BE,forecast_load,Forecasted Load,2026-06-16T08:13:23Z
2026-06-16T08:13:14Z,2026-06-16T10:13:14+0200,dd6516a5-5fe5-4565-873a-e64fa6b54cdc,2026-05-29T18:30:00Z,2026-05-29T20:30:00+0200,9221.75,MW,BE,BE,forecast_load,Forecasted Load,2026-06-16T08:13:23Z
2026-06-16T08:13:14Z,2026-06-16T10:13:14+0200,dd6516a5-5fe5-4565-873a-e64fa6b54cdc,2026-05-29T18:45:00Z,2026-05-29T20:45:00+0200,9151.44,MW,BE,BE,forecast_load,Forecasted Load,2026-06-16T08:13:23Z
2026-06-16T08:13:14Z,2026-06-16T10:13:14+0200,dd6516a5-5fe5-4565-873a-e64fa6b54cdc,2026-05-29T19:00:00Z,2026-05-29T21:00:00+0200,9135.4,MW,BE,BE,forecast_load,Forecasted Load,2026-06-16T08:13:23Z
2026-06-16T08:13:14Z,2026-06-16T10:13:14+0200,dd6516a5-5fe5-4565-873a-e64fa6b54cdc,2026-05-29T19:15:00Z,2026-05-29T21:15:00+0200,9123.58,MW,BE,BE,forecast_load,Forecasted Load,2026-06-16T08:13:23Z
2026-06-16T08:13:14Z,2026-06-16T10:13:14+0200,dd6516a5-5fe5-4565-873a-e64fa6b54cdc,2026-05-29T19:30:00Z,2026-05-29T21:30:00+0200,9150.42,MW,BE,BE,forecast_load,Forecasted Load,2026-06-16T08:13:23Z
2026-06-16T08:13:14Z,2026-06-16T10:13:14+0200,dd6516a5-5fe5-4565-873a-e64fa6b54cdc,2026-05-29T19:45:00Z,2026-05-29T21:45:00+0200,9157.05,MW,BE,BE,forecast_load,Forecasted Load,2026-06-16T08:13:23Z
2026-06-16T08:13:14Z,2026-06-16T10:13:14+0200,dd6516a5-5fe5-4565-873a-e64fa6b54cdc,2026-05-29T20:00:00Z,2026-05-29T22:00:00+0200,9188.2,MW,BE,BE,forecast_load,Forecasted Load,2026-06-16T08:13:23Z
2026-06-16T08:13:14Z,2026-06-16T10:13:14+0200,dd6516a5-5fe5-4565-873a-e64fa6b54cdc,2026-05-29T20:15:00Z,2026-05-29T22:15:00+0200,9217.57,MW,BE,BE,forecast_load,Forecasted Load,2026-06-16T08:13:23Z
2026-06-16T08:13:14Z,2026-06-16T10:13:14+0200,dd6516a5-5fe5-4565-873a-e64fa6b54cdc,2026-05-29T20:30:00Z,2026-05-29T22:30:00+0200,9137.44,MW,BE,BE,forecast_load,Forecasted Load,2026-06-16T08:13:23Z
2026-06-16T08:13:14Z,2026-06-16T10:13:14+0200,dd6516a5-5fe5-4565-873a-e64fa6b54cdc,2026-05-29T20:45:00Z,2026-05-29T22:45:00+0200,9024.95,MW,BE,BE,forecast_load,Forecasted Load,2026-06-16T08:13:23Z
2026-06-16T08:13:14Z,2026-06-16T10:13:14+0200,dd6516a5-5fe5-4565-873a-e64fa6b54cdc,2026-05-29T21:00:00Z,2026-05-29T23:00:00+0200,8862.4,MW,BE,BE,forecast_load,Forecasted Load,2026-06-16T08:13:23Z
2026-06-16T08:13:14Z,2026-06-16T10:13:14+0200,dd6516a5-5fe5-4565-873a-e64fa6b54cdc,2026-05-29T21:15:00Z,2026-05-29T23:15:00+0200,8732.93,MW,BE,BE,forecast_load,Forecasted Load,2026-06-16T08:13:23Z
2026-06-16T08:13:14Z,2026-06-16T10:13:14+0200,dd6516a5-5fe5-4565-873a-e64fa6b54cdc,2026-05-29T21:30:00Z,2026-05-29T23:30:00+0200,8652.26,MW,BE,BE,forecast_load,Forecasted Load,2026-06-16T08:13:23Z
2026-06-16T08:13:14Z,2026-06-16T10:13:14+0200,dd6516a5-5fe5-4565-873a-e64fa6b54cdc,2026-05-29T21:45:00Z,2026-05-29T23:45:00+0200,8511.71,MW,BE,BE,forecast_load,Forecasted Load,2026-06-16T08:13:23Z
2026-06-16T08:13:14Z,2026-06-16T10:13:14+0200,dd6516a5-5fe5-4565-873a-e64fa6b54cdc,2026-05-29T22:00:00Z,2026-05-30T00:00:00+0200,8542.64,MW,BE,BE,forecast_load,Forecasted Load,2026-06-16T08:13:23Z
2026-06-16T08:13:14Z,2026-06-16T10:13:14+0200,dd6516a5-5fe5-4565-873a-e64fa6b54cdc,2026-05-29T22:15:00Z,2026-05-30T00:15:00+0200,8393.06,MW,BE,BE,forecast_load,Forecasted Load,2026-06-16T08:13:23Z
2026-06-16T08:13:14Z,2026-06-16T10:13:14+0200,dd6516a5-5fe5-4565-873a-e64fa6b54cdc,2026-05-29T22:30:00Z,2026-05-30T00:30:00+0200,8298.48,MW,BE,BE,forecast_load,Forecasted Load,2026-06-16T08:13:23Z
2026-06-16T08:13:14Z,2026-06-16T10:13:14+0200,dd6516a5-5fe5-4565-873a-e64fa6b54cdc,2026-05-29T22:45:00Z,2026-05-30T00:45:00+0200,8214.03,MW,BE,BE,forecast_load,Forecasted Load,2026-06-16T08:13:23Z
2026-06-16T08:13:14Z,2026-06-16T10:13:14+0200,dd6516a5-5fe5-4565-873a-e64fa6b54cdc,2026-05-29T23:00:00Z,2026-05-30T01:00:00+0200,7981.06,MW,BE,BE,forecast_load,Forecasted Load,2026-06-16T08:13:23Z
2026-06-16T08:13:14Z,2026-06-16T10:13:14+0200,dd6516a5-5fe5-4565-873a-e64fa6b54cdc,2026-05-29T23:15:00Z,2026-05-30T01:15:00+0200,7926.81,MW,BE,BE,forecast_load,Forecasted Load,2026-06-16T08:13:23Z
2026-06-16T08:13:14Z,2026-06-16T10:13:14+0200,dd6516a5-5fe5-4565-873a-e64fa6b54cdc,2026-05-29T23:30:00Z,2026-05-30T01:30:00+0200,7868.69,MW,BE,BE,forecast_load,Forecasted Load,2026-06-16T08:13:23Z
2026-06-16T08:13:14Z,2026-06-16T10:13:14+0200,dd6516a5-5fe5-4565-873a-e64fa6b54cdc,2026-05-29T23:45:00Z,2026-05-30T01:45:00+0200,7802.99,MW,BE,BE,forecast_load,Forecasted Load,2026-06-16T08:13:23Z
2026-06-16T08:13:14Z,2026-06-16T10:13:14+0200,dd6516a5-5fe5-4565-873a-e64fa6b54cdc,2026-05-30T00:00:00Z,2026-05-30T02:00:00+0200,7757.7,MW,BE,BE,forecast_load,Forecasted Load,2026-06-16T08:13:23Z
2026-06-16T08:13:14Z,2026-06-16T10:13:14+0200,dd6516a5-5fe5-4565-873a-e64fa6b54cdc,2026-05-30T00:15:00Z,2026-05-30T02:15:00+0200,7647.2,MW,BE,BE,forecast_load,Forecasted Load,2026-06-16T08:13:23Z
2026-06-16T08:13:14Z,2026-06-16T10:13:14+0200,dd6516a5-5fe5-4565-873a-e64fa6b54cdc,2026-05-30T00:30:00Z,2026-05-30T02:30:00+0200,7593.86,MW,BE,BE,forecast_load,Forecasted Load,2026-06-16T08:13:23Z
2026-06-16T08:13:14Z,2026-06-16T10:13:14+0200,dd6516a5-5fe5-4565-873a-e64fa6b54cdc,2026-05-30T00:45:00Z,2026-05-30T02:45:00+0200,7563.78,MW,BE,BE,forecast_load,Forecasted Load,2026-06-16T08:13:23Z
2026-06-16T08:13:14Z,2026-06-16T10:13:14+0200,dd6516a5-5fe5-4565-873a-e64fa6b54cdc,2026-05-30T01:00:00Z,2026-05-30T03:00:00+0200,7564.62,MW,BE,BE,forecast_load,Forecasted Load,2026-06-16T08:13:23Z
2026-06-16T08:13:14Z,2026-06-16T10:13:14+0200,dd6516a5-5fe5-4565-873a-e64fa6b54cdc,2026-05-30T01:15:00Z,2026-05-30T03:15:00+0200,7534.49,MW,BE,BE,forecast_load,Forecasted Load,2026-06-16T08:13:23Z
2026-06-16T08:13:14Z,2026-06-16T10:13:14+0200,dd6516a5-5fe5-4565-873a-e64fa6b54cdc,2026-05-30T01:30:00Z,2026-05-30T03:30:00+0200,7525.14,MW,BE,BE,forecast_load,Forecasted Load,2026-06-16T08:13:23Z
2026-06-16T08:13:14Z,2026-06-16T10:13:14+0200,dd6516a5-5fe5-4565-873a-e64fa6b54cdc,2026-05-30T01:45:00Z,2026-05-30T03:45:00+0200,7528.56,MW,BE,BE,forecast_load,Forecasted Load,2026-06-16T08:13:23Z
2026-06-16T08:13:14Z,2026-06-16T10:13:14+0200,dd6516a5-5fe5-4565-873a-e64fa6b54cdc,2026-05-30T02:00:00Z,2026-05-30T04:00:00+0200,7507.38,MW,BE,BE,forecast_load,Forecasted Load,2026-06-16T08:13:23Z
2026-06-16T08:13:14Z,2026-06-16T10:13:14+0200,dd6516a5-5fe5-4565-873a-e64fa6b54cdc,2026-05-30T02:15:00Z,2026-05-30T04:15:00+0200,7476.61,MW,BE,BE,forecast_load,Forecasted Load,2026-06-16T08:13:23Z
2026-06-16T08:13:14Z,2026-06-16T10:13:14+0200,dd6516a5-5fe5-4565-873a-e64fa6b54cdc,2026-05-30T02:30:00Z,2026-05-30T04:30:00+0200,7471.44,MW,BE,BE,forecast_load,Forecasted Load,2026-06-16T08:13:23Z
2026-06-16T08:13:14Z,2026-06-16T10:13:14+0200,dd6516a5-5fe5-4565-873a-e64fa6b54cdc,2026-05-30T02:45:00Z,2026-05-30T04:45:00+0200,7519.29,MW,BE,BE,forecast_load,Forecasted Load,2026-06-16T08:13:23Z
2026-06-16T08:13:14Z,2026-06-16T10:13:14+0200,dd6516a5-5fe5-4565-873a-e64fa6b54cdc,2026-05-30T03:00:00Z,2026-05-30T05:00:00+0200,7477.27,MW,BE,BE,forecast_load,Forecasted Load,2026-06-16T08:13:23Z
2026-06-16T08:13:14Z,2026-06-16T10:13:14+0200,dd6516a5-5fe5-4565-873a-e64fa6b54cdc,2026-05-30T03:15:00Z,2026-05-30T05:15:00+0200,7520.93,MW,BE,BE,forecast_load,Forecasted Load,2026-06-16T08:13:23Z
2026-06-16T08:13:14Z,2026-06-16T10:13:14+0200,dd6516a5-5fe5-4565-873a-e64fa6b54cdc,2026-05-30T03:30:00Z,2026-05-30T05:30:00+0200,7518.32,MW,BE,BE,forecast_load,Forecasted Load,2026-06-16T08:13:23Z
2026-06-16T08:13:14Z,2026-06-16T10:13:14+0200,dd6516a5-5fe5-4565-873a-e64fa6b54cdc,2026-05-30T03:45:00Z,2026-05-30T05:45:00+0200,7484.21,MW,BE,BE,forecast_load,Forecasted Load,2026-06-16T08:13:23Z
2026-06-16T08:13:14Z,2026-06-16T10:13:14+0200,dd6516a5-5fe5-4565-873a-e64fa6b54cdc,2026-05-30T04:00:00Z,2026-05-30T06:00:00+0200,7563.08,MW,BE,BE,forecast_load,Forecasted Load,2026-06-16T08:13:23Z
2026-06-16T08:13:14Z,2026-06-16T10:13:14+0200,dd6516a5-5fe5-4565-873a-e64fa6b54cdc,2026-05-30T04:15:00Z,2026-05-30T06:15:00+0200,7643.3,MW,BE,BE,forecast_load,Forecasted Load,2026-06-16T08:13:23Z
2026-06-16T08:13:14Z,2026-06-16T10:13:14+0200,dd6516a5-5fe5-4565-873a-e64fa6b54cdc,2026-05-30T04:30:00Z,2026-05-30T06:30:00+0200,7729.36,MW,BE,BE,forecast_load,Forecasted Load,2026-06-16T08:13:23Z
2026-06-16T08:13:14Z,2026-06-16T10:13:14+0200,dd6516a5-5fe5-4565-873a-e64fa6b54cdc,2026-05-30T04:45:00Z,2026-05-30T06:45:00+0200,7806.68,MW,BE,BE,forecast_load,Forecasted Load,2026-06-16T08:13:23Z
2026-06-16T08:13:14Z,2026-06-16T10:13:14+0200,dd6516a5-5fe5-4565-873a-e64fa6b54cdc,2026-05-30T05:00:00Z,2026-05-30T07:00:00+0200,7834.62,MW,BE,BE,forecast_load,Forecasted Load,2026-06-16T08:13:23Z
2026-06-16T08:13:14Z,2026-06-16T10:13:14+0200,dd6516a5-5fe5-4565-873a-e64fa6b54cdc,2026-05-30T05:15:00Z,2026-05-30T07:15:00+0200,7956.8,MW,BE,BE,forecast_load,Forecasted Load,2026-06-16T08:13:23Z
2026-06-16T08:13:14Z,2026-06-16T10:13:14+0200,dd6516a5-5fe5-4565-873a-e64fa6b54cdc,2026-05-30T05:30:00Z,2026-05-30T07:30:00+0200,8113.36,MW,BE,BE,forecast_load,Forecasted Load,2026-06-16T08:13:23Z
2026-06-16T08:13:14Z,2026-06-16T10:13:14+0200,dd6516a5-5fe5-4565-873a-e64fa6b54cdc,2026-05-30T05:45:00Z,2026-05-30T07:45:00+0200,8240.74,MW,BE,BE,forecast_load,Forecasted Load,2026-06-16T08:13:23Z
2026-06-16T08:13:14Z,2026-06-16T10:13:14+0200,dd6516a5-5fe5-4565-873a-e64fa6b54cdc,2026-05-30T06:00:00Z,2026-05-30T08:00:00+0200,8209.32,MW,BE,BE,forecast_load,Forecasted Load,2026-06-16T08:13:23Z
2026-06-16T08:13:14Z,2026-06-16T10:13:14+0200,dd6516a5-5fe5-4565-873a-e64fa6b54cdc,2026-05-30T06:15:00Z,2026-05-30T08:15:00+0200,8367.64,MW,BE,BE,forecast_load,Forecasted Load,2026-06-16T08:13:23Z
2026-06-16T08:13:14Z,2026-06-16T10:13:14+0200,dd6516a5-5fe5-4565-873a-e64fa6b54cdc,2026-05-30T06:30:00Z,2026-05-30T08:30:00+0200,8503.88,MW,BE,BE,forecast_load,Forecasted Load,2026-06-16T08:13:23Z
2026-06-16T08:13:14Z,2026-06-16T10:13:14+0200,dd6516a5-5fe5-4565-873a-e64fa6b54cdc,2026-05-30T06:45:00Z,2026-05-30T08:45:00+0200,8624.59,MW,BE,BE,forecast_load,Forecasted Load,2026-06-16T08:13:23Z
2026-06-16T08:13:14Z,2026-06-16T10:13:14+0200,dd6516a5-5fe5-4565-873a-e64fa6b54cdc,2026-05-30T07:00:00Z,2026-05-30T09:00:00+0200,8601.58,MW,BE,BE,forecast_load,Forecasted Load,2026-06-16T08:13:23Z
2026-06-16T08:13:14Z,2026-06-16T10:13:14+0200,dd6516a5-5fe5-4565-873a-e64fa6b54cdc,2026-05-30T07:15:00Z,2026-05-30T09:15:00+0200,8751.69,MW,BE,BE,forecast_load,Forecasted Load,2026-06-16T08:13:23Z
2026-06-16T08:13:14Z,2026-06-16T10:13:14+0200,dd6516a5-5fe5-4565-873a-e64fa6b54cdc,2026-05-30T07:30:00Z,2026-05-30T09:30:00+0200,8963.17,MW,BE,BE,forecast_load,Forecasted Load,2026-06-16T08:13:23Z
2026-06-16T08:13:14Z,2026-06-16T10:13:14+0200,dd6516a5-5fe5-4565-873a-e64fa6b54cdc,2026-05-30T07:45:00Z,2026-05-30T09:45:00+0200,9089.86,MW,BE,BE,forecast_load,Forecasted Load,2026-06-16T08:13:23Z
2026-06-16T08:13:14Z,2026-06-16T10:13:14+0200,dd6516a5-5fe5-4565-873a-e64fa6b54cdc,2026-05-30T08:00:00Z,2026-05-30T10:00:00+0200,9055.32,MW,BE,BE,forecast_load,Forecasted Load,2026-06-16T08:13:23Z
2026-06-16T08:13:14Z,2026-06-16T10:13:14+0200,dd6516a5-5fe5-4565-873a-e64fa6b54cdc,2026-05-30T08:15:00Z,2026-05-30T10:15:00+0200,9190.78,MW,BE,BE,forecast_load,Forecasted Load,2026-06-16T08:13:23Z
2026-06-16T08:13:14Z,2026-06-16T10:13:14+0200,dd6516a5-5fe5-4565-873a-e64fa6b54cdc,2026-05-30T08:30:00Z,2026-05-30T10:30:00+0200,9235.7,MW,BE,BE,forecast_load,Forecasted Load,2026-06-16T08:13:23Z
2026-06-16T08:13:14Z,2026-06-16T10:13:14+0200,dd6516a5-5fe5-4565-873a-e64fa6b54cdc,2026-05-30T08:45:00Z,2026-05-30T10:45:00+0200,9291.23,MW,BE,BE,forecast_load,Forecasted Load,2026-06-16T08:13:23Z
2026-06-16T08:13:14Z,2026-06-16T10:13:14+0200,dd6516a5-5fe5-4565-873a-e64fa6b54cdc,2026-05-30T09:00:00Z,2026-05-30T11:00:00+0200,9394.51,MW,BE,BE,forecast_load,Forecasted Load,2026-06-16T08:13:23Z
2026-06-16T08:13:14Z,2026-06-16T10:13:14+0200,dd6516a5-5fe5-4565-873a-e64fa6b54cdc,2026-05-30T09:15:00Z,2026-05-30T11:15:00+0200,9493.96,MW,BE,BE,forecast_load,Forecasted Load,2026-06-16T08:13:23Z
2026-06-16T08:13:14Z,2026-06-16T10:13:14+0200,dd6516a5-5fe5-4565-873a-e64fa6b54cdc,2026-05-30T09:30:00Z,2026-05-30T11:30:00+0200,9555.82,MW,BE,BE,forecast_load,Forecasted Load,2026-06-16T08:13:23Z
2026-06-16T08:13:14Z,2026-06-16T10:13:14+0200,dd6516a5-5fe5-4565-873a-e64fa6b54cdc,2026-05-30T09:45:00Z,2026-05-30T11:45:00+0200,9522.95,MW,BE,BE,forecast_load,Forecasted Load,2026-06-16T08:13:23Z
2026-06-16T08:13:14Z,2026-06-16T10:13:14+0200,dd6516a5-5fe5-4565-873a-e64fa6b54cdc,2026-05-30T10:00:00Z,2026-05-30T12:00:00+0200,9707.03,MW,BE,BE,forecast_load,Forecasted Load,2026-06-16T08:13:23Z
2026-06-16T08:13:14Z,2026-06-16T10:13:14+0200,dd6516a5-5fe5-4565-873a-e64fa6b54cdc,2026-05-30T10:15:00Z,2026-05-30T12:15:00+0200,9662.08,MW,BE,BE,forecast_load,Forecasted Load,2026-06-16T08:13:23Z
2026-06-16T08:13:14Z,2026-06-16T10:13:14+0200,dd6516a5-5fe5-4565-873a-e64fa6b54cdc,2026-05-30T10:30:00Z,2026-05-30T12:30:00+0200,9596.05,MW,BE,BE,forecast_load,Forecasted Load,2026-06-16T08:13:23Z
2026-06-16T08:13:14Z,2026-06-16T10:13:14+0200,dd6516a5-5fe5-4565-873a-e64fa6b54cdc,2026-05-30T10:45:00Z,2026-05-30T12:45:00+0200,9608.04,MW,BE,BE,forecast_load,Forecasted Load,2026-06-16T08:13:23Z
2026-06-16T08:13:14Z,2026-06-16T10:13:14+0200,dd6516a5-5fe5-4565-873a-e64fa6b54cdc,2026-05-30T11:00:00Z,2026-05-30T13:00:00+0200,9571.05,MW,BE,BE,forecast_load,Forecasted Load,2026-06-16T08:13:23Z
2026-06-16T08:13:14Z,2026-06-16T10:13:14+0200,dd6516a5-5fe5-4565-873a-e64fa6b54cdc,2026-05-30T11:15:00Z,2026-05-30T13:15:00+0200,9608.73,MW,BE,BE,forecast_load,Forecasted Load,2026-06-16T08:13:23Z
2026-06-16T08:13:14Z,2026-06-16T10:13:14+0200,dd6516a5-5fe5-4565-873a-e64fa6b54cdc,2026-05-30T11:30:00Z,2026-05-30T13:30:00+0200,9593.52,MW,BE,BE,forecast_load,Forecasted Load,2026-06-16T08:13:23Z
2026-06-16T08:13:14Z,2026-06-16T10:13:14+0200,dd6516a5-5fe5-4565-873a-e64fa6b54cdc,2026-05-30T11:45:00Z,2026-05-30T13:45:00+0200,9479.72,MW,BE,BE,forecast_load,Forecasted Load,2026-06-16T08:13:23Z
2026-06-16T08:13:14Z,2026-06-16T10:13:14+0200,dd6516a5-5fe5-4565-873a-e64fa6b54cdc,2026-05-30T12:00:00Z,2026-05-30T14:00:00+0200,9384.54,MW,BE,BE,forecast_load,Forecasted Load,2026-06-16T08:13:23Z
2026-06-16T08:13:14Z,2026-06-16T10:13:14+0200,dd6516a5-5fe5-4565-873a-e64fa6b54cdc,2026-05-30T12:15:00Z,2026-05-30T14:15:00+0200,9332.66,MW,BE,BE,forecast_load,Forecasted Load,2026-06-16T08:13:23Z
2026-06-16T08:13:14Z,2026-06-16T10:13:14+0200,dd6516a5-5fe5-4565-873a-e64fa6b54cdc,2026-05-30T12:30:00Z,2026-05-30T14:30:00+0200,9271.92,MW,BE,BE,forecast_load,Forecasted Load,2026-06-16T08:13:23Z
2026-06-16T08:13:14Z,2026-06-16T10:13:14+0200,dd6516a5-5fe5-4565-873a-e64fa6b54cdc,2026-05-30T12:45:00Z,2026-05-30T14:45:00+0200,9224.38,MW,BE,BE,forecast_load,Forecasted Load,2026-06-16T08:13:23Z
2026-06-16T08:13:14Z,2026-06-16T10:13:14+0200,dd6516a5-5fe5-4565-873a-e64fa6b54cdc,2026-05-30T13:00:00Z,2026-05-30T15:00:00+0200,9242.46,MW,BE,BE,forecast_load,Forecasted Load,2026-06-16T08:13:23Z
2026-06-16T08:13:14Z,2026-06-16T10:13:14+0200,dd6516a5-5fe5-4565-873a-e64fa6b54cdc,2026-05-30T13:15:00Z,2026-05-30T15:15:00+0200,9202.53,MW,BE,BE,forecast_load,Forecasted Load,2026-06-16T08:13:23Z
2026-06-16T08:13:14Z,2026-06-16T10:13:14+0200,dd6516a5-5fe5-4565-873a-e64fa6b54cdc,2026-05-30T13:30:00Z,2026-05-30T15:30:00+0200,9129.69,MW,BE,BE,forecast_load,Forecasted Load,2026-06-16T08:13:23Z
2026-06-16T08:13:14Z,2026-06-16T10:13:14+0200,dd6516a5-5fe5-4565-873a-e64fa6b54cdc,2026-05-30T13:45:00Z,2026-05-30T15:45:00+0200,9025.07,MW,BE,BE,forecast_load,Forecasted Load,2026-06-16T08:13:23Z
2026-06-16T08:13:14Z,2026-06-16T10:13:14+0200,dd6516a5-5fe5-4565-873a-e64fa6b54cdc,2026-05-30T14:00:00Z,2026-05-30T16:00:00+0200,9129.04,MW,BE,BE,forecast_load,Forecasted Load,2026-06-16T08:13:23Z
2026-06-16T08:13:14Z,2026-06-16T10:13:14+0200,dd6516a5-5fe5-4565-873a-e64fa6b54cdc,2026-05-30T14:15:00Z,2026-05-30T16:15:00+0200,9007.3,MW,BE,BE,forecast_load,Forecasted Load,2026-06-16T08:13:23Z
2026-06-16T08:13:14Z,2026-06-16T10:13:14+0200,dd6516a5-5fe5-4565-873a-e64fa6b54cdc,2026-05-30T14:30:00Z,2026-05-30T16:30:00+0200,8872.56,MW,BE,BE,forecast_load,Forecasted Load,2026-06-16T08:13:23Z
2026-06-16T08:13:14Z,2026-06-16T10:13:14+0200,dd6516a5-5fe5-4565-873a-e64fa6b54cdc,2026-05-30T14:45:00Z,2026-05-30T16:45:00+0200,8776.44,MW,BE,BE,forecast_load,Forecasted Load,2026-06-16T08:13:23Z
2026-06-16T08:13:14Z,2026-06-16T10:13:14+0200,dd6516a5-5fe5-4565-873a-e64fa6b54cdc,2026-05-30T15:00:00Z,2026-05-30T17:00:00+0200,8932.69,MW,BE,BE,forecast_load,Forecasted Load,2026-06-16T08:13:23Z
2026-06-16T08:13:14Z,2026-06-16T10:13:14+0200,dd6516a5-5fe5-4565-873a-e64fa6b54cdc,2026-05-30T15:15:00Z,2026-05-30T17:15:00+0200,8942.38,MW,BE,BE,forecast_load,Forecasted Load,2026-06-16T08:13:23Z
2026-06-16T08:13:14Z,2026-06-16T10:13:14+0200,dd6516a5-5fe5-4565-873a-e64fa6b54cdc,2026-05-30T15:30:00Z,2026-05-30T17:30:00+0200,8927.15,MW,BE,BE,forecast_load,Forecasted Load,2026-06-16T08:13:23Z
2026-06-16T08:13:14Z,2026-06-16T10:13:14+0200,dd6516a5-5fe5-4565-873a-e64fa6b54cdc,2026-05-30T15:45:00Z,2026-05-30T17:45:00+0200,8912.55,MW,BE,BE,forecast_load,Forecasted Load,2026-06-16T08:13:23Z
2026-06-16T08:13:14Z,2026-06-16T10:13:14+0200,dd6516a5-5fe5-4565-873a-e64fa6b54cdc,2026-05-30T16:00:00Z,2026-05-30T18:00:00+0200,9025.91,MW,BE,BE,forecast_load,Forecasted Load,2026-06-16T08:13:23Z
2026-06-16T08:13:14Z,2026-06-16T10:13:14+0200,dd6516a5-5fe5-4565-873a-e64fa6b54cdc,2026-05-30T16:15:00Z,2026-05-30T18:15:00+0200,8932.52,MW,BE,BE,forecast_load,Forecasted Load,2026-06-16T08:13:23Z
2026-06-16T08:13:14Z,2026-06-16T10:13:14+0200,dd6516a5-5fe5-4565-873a-e64fa6b54cdc,2026-05-30T16:30:00Z,2026-05-30T18:30:00+0200,8957.48,MW,BE,BE,forecast_load,Forecasted Load,2026-06-16T08:13:23Z
2026-06-16T08:13:14Z,2026-06-16T10:13:14+0200,dd6516a5-5fe5-4565-873a-e64fa6b54cdc,2026-05-30T16:45:00Z,2026-05-30T18:45:00+0200,8961.34,MW,BE,BE,forecast_load,Forecasted Load,2026-06-16T08:13:23Z
2026-06-16T08:13:14Z,2026-06-16T10:13:14+0200,dd6516a5-5fe5-4565-873a-e64fa6b54cdc,2026-05-30T17:00:00Z,2026-05-30T19:00:00+0200,9006.8,MW,BE,BE,forecast_load,Forecasted Load,2026-06-16T08:13:23Z
2026-06-16T08:13:14Z,2026-06-16T10:13:14+0200,dd6516a5-5fe5-4565-873a-e64fa6b54cdc,2026-05-30T17:15:00Z,2026-05-30T19:15:00+0200,8943.03,MW,BE,BE,forecast_load,Forecasted Load,2026-06-16T08:13:23Z
2026-06-16T08:13:14Z,2026-06-16T10:13:14+0200,dd6516a5-5fe5-4565-873a-e64fa6b54cdc,2026-05-30T17:30:00Z,2026-05-30T19:30:00+0200,8849.67,MW,BE,BE,forecast_load,Forecasted Load,2026-06-16T08:13:23Z
2026-06-16T08:13:14Z,2026-06-16T10:13:14+0200,dd6516a5-5fe5-4565-873a-e64fa6b54cdc,2026-05-30T17:45:00Z,2026-05-30T19:45:00+0200,8752.69,MW,BE,BE,forecast_load,Forecasted Load,2026-06-16T08:13:23Z
2026-06-16T08:13:14Z,2026-06-16T10:13:14+0200,dd6516a5-5fe5-4565-873a-e64fa6b54cdc,2026-05-30T18:00:00Z,2026-05-30T20:00:00+0200,8824.94,MW,BE,BE,forecast_load,Forecasted Load,2026-06-16T08:13:23Z
2026-06-16T08:13:14Z,2026-06-16T10:13:14+0200,dd6516a5-5fe5-4565-873a-e64fa6b54cdc,2026-05-30T18:15:00Z,2026-05-30T20:15:00+0200,8739.92,MW,BE,BE,forecast_load,Forecasted Load,2026-06-16T08:13:23Z
2026-06-16T08:13:14Z,2026-06-16T10:13:14+0200,dd6516a5-5fe5-4565-873a-e64fa6b54cdc,2026-05-30T18:30:00Z,2026-05-30T20:30:00+0200,8673.19,MW,BE,BE,forecast_load,Forecasted Load,2026-06-16T08:13:23Z
2026-06-16T08:13:14Z,2026-06-16T10:13:14+0200,dd6516a5-5fe5-4565-873a-e64fa6b54cdc,2026-05-30T18:45:00Z,2026-05-30T20:45:00+0200,8603.94,MW,BE,BE,forecast_load,Forecasted Load,2026-06-16T08:13:23Z
2026-06-16T08:13:14Z,2026-06-16T10:13:14+0200,dd6516a5-5fe5-4565-873a-e64fa6b54cdc,2026-05-30T19:00:00Z,2026-05-30T21:00:00+0200,8598.1,MW,BE,BE,forecast_load,Forecasted Load,2026-06-16T08:13:23Z
2026-06-16T08:13:14Z,2026-06-16T10:13:14+0200,dd6516a5-5fe5-4565-873a-e64fa6b54cdc,2026-05-30T19:15:00Z,2026-05-30T21:15:00+0200,8657.78,MW,BE,BE,forecast_load,Forecasted Load,2026-06-16T08:13:23Z
2026-06-16T08:13:14Z,2026-06-16T10:13:14+0200,dd6516a5-5fe5-4565-873a-e64fa6b54cdc,2026-05-30T19:30:00Z,2026-05-30T21:30:00+0200,8684.66,MW,BE,BE,forecast_load,Forecasted Load,2026-06-16T08:13:23Z
2026-06-16T08:13:14Z,2026-06-16T10:13:14+0200,dd6516a5-5fe5-4565-873a-e64fa6b54cdc,2026-05-30T19:45:00Z,2026-05-30T21:45:00+0200,8683.49,MW,BE,BE,forecast_load,Forecasted Load,2026-06-16T08:13:23Z
2026-06-16T08:13:14Z,2026-06-16T10:13:14+0200,dd6516a5-5fe5-4565-873a-e64fa6b54cdc,2026-05-30T20:00:00Z,2026-05-30T22:00:00+0200,8623.27,MW,BE,BE,forecast_load,Forecasted Load,2026-06-16T08:13:23Z
2026-06-16T08:13:14Z,2026-06-16T10:13:14+0200,dd6516a5-5fe5-4565-873a-e64fa6b54cdc,2026-05-30T20:15:00Z,2026-05-30T22:15:00+0200,8676.91,MW,BE,BE,forecast_load,Forecasted Load,2026-06-16T08:13:23Z
2026-06-16T08:13:14Z,2026-06-16T10:13:14+0200,dd6516a5-5fe5-4565-873a-e64fa6b54cdc,2026-05-30T20:30:00Z,2026-05-30T22:30:00+0200,8608.63,MW,BE,BE,forecast_load,Forecasted Load,2026-06-16T08:13:23Z
2026-06-16T08:13:14Z,2026-06-16T10:13:14+0200,dd6516a5-5fe5-4565-873a-e64fa6b54cdc,2026-05-30T20:45:00Z,2026-05-30T22:45:00+0200,8521.43,MW,BE,BE,forecast_load,Forecasted Load,2026-06-16T08:13:23Z
2026-06-16T08:13:14Z,2026-06-16T10:13:14+0200,dd6516a5-5fe5-4565-873a-e64fa6b54cdc,2026-05-30T21:00:00Z,2026-05-30T23:00:00+0200,8342.23,MW,BE,BE,forecast_load,Forecasted Load,2026-06-16T08:13:23Z
2026-06-16T08:13:14Z,2026-06-16T10:13:14+0200,dd6516a5-5fe5-4565-873a-e64fa6b54cdc,2026-05-30T21:15:00Z,2026-05-30T23:15:00+0200,8299.81,MW,BE,BE,forecast_load,Forecasted Load,2026-06-16T08:13:23Z
2026-06-16T08:13:14Z,2026-06-16T10:13:14+0200,dd6516a5-5fe5-4565-873a-e64fa6b54cdc,2026-05-30T21:30:00Z,2026-05-30T23:30:00+0200,8207.11,MW,BE,BE,forecast_load,Forecasted Load,2026-06-16T08:13:23Z
2026-06-16T08:13:14Z,2026-06-16T10:13:14+0200,dd6516a5-5fe5-4565-873a-e64fa6b54cdc,2026-05-30T21:45:00Z,2026-05-30T23:45:00+0200,8079.97,MW,BE,BE,forecast_load,Forecasted Load,2026-06-16T08:13:23Z
2026-06-16T08:13:14Z,2026-06-16T10:13:14+0200,dd6516a5-5fe5-4565-873a-e64fa6b54cdc,2026-05-30T22:00:00Z,2026-05-31T00:00:00+0200,8007.58,MW,BE,BE,forecast_load,Forecasted Load,2026-06-16T08:13:23Z
2026-06-16T08:13:14Z,2026-06-16T10:13:14+0200,dd6516a5-5fe5-4565-873a-e64fa6b54cdc,2026-05-30T22:15:00Z,2026-05-31T00:15:00+0200,7889.55,MW,BE,BE,forecast_load,Forecasted Load,2026-06-16T08:13:23Z
2026-06-16T08:13:14Z,2026-06-16T10:13:14+0200,dd6516a5-5fe5-4565-873a-e64fa6b54cdc,2026-05-30T22:30:00Z,2026-05-31T00:30:00+0200,7812.67,MW,BE,BE,forecast_load,Forecasted Load,2026-06-16T08:13:23Z
2026-06-16T08:13:14Z,2026-06-16T10:13:14+0200,dd6516a5-5fe5-4565-873a-e64fa6b54cdc,2026-05-30T22:45:00Z,2026-05-31T00:45:00+0200,7698.79,MW,BE,BE,forecast_load,Forecasted Load,2026-06-16T08:13:23Z
2026-06-16T08:13:14Z,2026-06-16T10:13:14+0200,dd6516a5-5fe5-4565-873a-e64fa6b54cdc,2026-05-30T23:00:00Z,2026-05-31T01:00:00+0200,7666.35,MW,BE,BE,forecast_load,Forecasted Load,2026-06-16T08:13:23Z
2026-06-16T08:13:14Z,2026-06-16T10:13:14+0200,dd6516a5-5fe5-4565-873a-e64fa6b54cdc,2026-05-30T23:15:00Z,2026-05-31T01:15:00+0200,7579.48,MW,BE,BE,forecast_load,Forecasted Load,2026-06-16T08:13:23Z
2026-06-16T08:13:14Z,2026-06-16T10:13:14+0200,dd6516a5-5fe5-4565-873a-e64fa6b54cdc,2026-05-30T23:30:00Z,2026-05-31T01:30:00+0200,7507.7,MW,BE,BE,forecast_load,Forecasted Load,2026-06-16T08:13:23Z
2026-06-16T08:13:14Z,2026-06-16T10:13:14+0200,dd6516a5-5fe5-4565-873a-e64fa6b54cdc,2026-05-30T23:45:00Z,2026-05-31T01:45:00+0200,7479.54,MW,BE,BE,forecast_load,Forecasted Load,2026-06-16T08:13:23Z
2026-06-16T08:13:14Z,2026-06-16T10:13:14+0200,dd6516a5-5fe5-4565-873a-e64fa6b54cdc,2026-05-31T00:00:00Z,2026-05-31T02:00:00+0200,7376.26,MW,BE,BE,forecast_load,Forecasted Load,2026-06-16T08:13:23Z
2026-06-16T08:13:14Z,2026-06-16T10:13:14+0200,dd6516a5-5fe5-4565-873a-e64fa6b54cdc,2026-05-31T00:15:00Z,2026-05-31T02:15:00+0200,7288.56,MW,BE,BE,forecast_load,Forecasted Load,2026-06-16T08:13:23Z
2026-06-16T08:13:14Z,2026-06-16T10:13:14+0200,dd6516a5-5fe5-4565-873a-e64fa6b54cdc,2026-05-31T00:30:00Z,2026-05-31T02:30:00+0200,7260.76,MW,BE,BE,forecast_load,Forecasted Load,2026-06-16T08:13:23Z
2026-06-16T08:13:14Z,2026-06-16T10:13:14+0200,dd6516a5-5fe5-4565-873a-e64fa6b54cdc,2026-05-31T00:45:00Z,2026-05-31T02:45:00+0200,7193.82,MW,BE,BE,forecast_load,Forecasted Load,2026-06-16T08:13:23Z
2026-06-16T08:13:14Z,2026-06-16T10:13:14+0200,dd6516a5-5fe5-4565-873a-e64fa6b54cdc,2026-05-31T01:00:00Z,2026-05-31T03:00:00+0200,7181.0,MW,BE,BE,forecast_load,Forecasted Load,2026-06-16T08:13:23Z
2026-06-16T08:13:14Z,2026-06-16T10:13:14+0200,dd6516a5-5fe5-4565-873a-e64fa6b54cdc,2026-05-31T01:15:00Z,2026-05-31T03:15:00+0200,7186.28,MW,BE,BE,forecast_load,Forecasted Load,2026-06-16T08:13:23Z
2026-06-16T08:13:14Z,2026-06-16T10:13:14+0200,dd6516a5-5fe5-4565-873a-e64fa6b54cdc,2026-05-31T01:30:00Z,2026-05-31T03:30:00+0200,7158.62,MW,BE,BE,forecast_load,Forecasted Load,2026-06-16T08:13:23Z
2026-06-16T08:13:14Z,2026-06-16T10:13:14+0200,dd6516a5-5fe5-4565-873a-e64fa6b54cdc,2026-05-31T01:45:00Z,2026-05-31T03:45:00+0200,7115.82,MW,BE,BE,forecast_load,Forecasted Load,2026-06-16T08:13:23Z
2026-06-16T08:13:14Z,2026-06-16T10:13:14+0200,dd6516a5-5fe5-4565-873a-e64fa6b54cdc,2026-05-31T02:00:00Z,2026-05-31T04:00:00+0200,7123.66,MW,BE,BE,forecast_load,Forecasted Load,2026-06-16T08:13:23Z
2026-06-16T08:13:14Z,2026-06-16T10:13:14+0200,dd6516a5-5fe5-4565-873a-e64fa6b54cdc,2026-05-31T02:15:00Z,2026-05-31T04:15:00+0200,7073.34,MW,BE,BE,forecast_load,Forecasted Load,2026-06-16T08:13:23Z
2026-06-16T08:13:14Z,2026-06-16T10:13:14+0200,dd6516a5-5fe5-4565-873a-e64fa6b54cdc,2026-05-31T02:30:00Z,2026-05-31T04:30:00+0200,7054.38,MW,BE,BE,forecast_load,Forecasted Load,2026-06-16T08:13:23Z
2026-06-16T08:13:14Z,2026-06-16T10:13:14+0200,dd6516a5-5fe5-4565-873a-e64fa6b54cdc,2026-05-31T02:45:00Z,2026-05-31T04:45:00+0200,7076.16,MW,BE,BE,forecast_load,Forecasted Load,2026-06-16T08:13:23Z
2026-06-16T08:13:14Z,2026-06-16T10:13:14+0200,dd6516a5-5fe5-4565-873a-e64fa6b54cdc,2026-05-31T03:00:00Z,2026-05-31T05:00:00+0200,7082.87,MW,BE,BE,forecast_load,Forecasted Load,2026-06-16T08:13:23Z
2026-06-16T08:13:14Z,2026-06-16T10:13:14+0200,dd6516a5-5fe5-4565-873a-e64fa6b54cdc,2026-05-31T03:15:00Z,2026-05-31T05:15:00+0200,7106.88,MW,BE,BE,forecast_load,Forecasted Load,2026-06-16T08:13:23Z
2026-06-16T08:13:14Z,2026-06-16T10:13:14+0200,dd6516a5-5fe5-4565-873a-e64fa6b54cdc,2026-05-31T03:30:00Z,2026-05-31T05:30:00+0200,7075.31,MW,BE,BE,forecast_load,Forecasted Load,2026-06-16T08:13:23Z
2026-06-16T08:13:14Z,2026-06-16T10:13:14+0200,dd6516a5-5fe5-4565-873a-e64fa6b54cdc,2026-05-31T03:45:00Z,2026-05-31T05:45:00+0200,7039.26,MW,BE,BE,forecast_load,Forecasted Load,2026-06-16T08:13:23Z
2026-06-16T08:13:14Z,2026-06-16T10:13:14+0200,dd6516a5-5fe5-4565-873a-e64fa6b54cdc,2026-05-31T04:00:00Z,2026-05-31T06:00:00+0200,7050.0,MW,BE,BE,forecast_load,Forecasted Load,2026-06-16T08:13:23Z
2026-06-16T08:13:14Z,2026-06-16T10:13:14+0200,dd6516a5-5fe5-4565-873a-e64fa6b54cdc,2026-05-31T04:15:00Z,2026-05-31T06:15:00+0200,7082.38,MW,BE,BE,forecast_load,Forecasted Load,2026-06-16T08:13:23Z
2026-06-16T08:13:14Z,2026-06-16T10:13:14+0200,dd6516a5-5fe5-4565-873a-e64fa6b54cdc,2026-05-31T04:30:00Z,2026-05-31T06:30:00+0200,7135.21,MW,BE,BE,forecast_load,Forecasted Load,2026-06-16T08:13:23Z
2026-06-16T08:13:14Z,2026-06-16T10:13:14+0200,dd6516a5-5fe5-4565-873a-e64fa6b54cdc,2026-05-31T04:45:00Z,2026-05-31T06:45:00+0200,7206.68,MW,BE,BE,forecast_load,Forecasted Load,2026-06-16T08:13:23Z
2026-06-16T08:13:14Z,2026-06-16T10:13:14+0200,dd6516a5-5fe5-4565-873a-e64fa6b54cdc,2026-05-31T05:00:00Z,2026-05-31T07:00:00+0200,7271.89,MW,BE,BE,forecast_load,Forecasted Load,2026-06-16T08:13:23Z
2026-06-16T08:13:14Z,2026-06-16T10:13:14+0200,dd6516a5-5fe5-4565-873a-e64fa6b54cdc,2026-05-31T05:15:00Z,2026-05-31T07:15:00+0200,7341.47,MW,BE,BE,forecast_load,Forecasted Load,2026-06-16T08:13:23Z
2026-06-16T08:13:14Z,2026-06-16T10:13:14+0200,dd6516a5-5fe5-4565-873a-e64fa6b54cdc,2026-05-31T05:30:00Z,2026-05-31T07:30:00+0200,7481.16,MW,BE,BE,forecast_load,Forecasted Load,2026-06-16T08:13:23Z
2026-06-16T08:13:14Z,2026-06-16T10:13:14+0200,dd6516a5-5fe5-4565-873a-e64fa6b54cdc,2026-05-31T05:45:00Z,2026-05-31T07:45:00+0200,7595.39,MW,BE,BE,forecast_load,Forecasted Load,2026-06-16T08:13:23Z
2026-06-16T08:13:14Z,2026-06-16T10:13:14+0200,dd6516a5-5fe5-4565-873a-e64fa6b54cdc,2026-05-31T06:00:00Z,2026-05-31T08:00:00+0200,7693.87,MW,BE,BE,forecast_load,Forecasted Load,2026-06-16T08:13:23Z
2026-06-16T08:13:14Z,2026-06-16T10:13:14+0200,dd6516a5-5fe5-4565-873a-e64fa6b54cdc,2026-05-31T06:15:00Z,2026-05-31T08:15:00+0200,7807.9,MW,BE,BE,forecast_load,Forecasted Load,2026-06-16T08:13:23Z
2026-06-16T08:13:14Z,2026-06-16T10:13:14+0200,dd6516a5-5fe5-4565-873a-e64fa6b54cdc,2026-05-31T06:30:00Z,2026-05-31T08:30:00+0200,7905.14,MW,BE,BE,forecast_load,Forecasted Load,2026-06-16T08:13:23Z
2026-06-16T08:13:14Z,2026-06-16T10:13:14+0200,dd6516a5-5fe5-4565-873a-e64fa6b54cdc,2026-05-31T06:45:00Z,2026-05-31T08:45:00+0200,8043.05,MW,BE,BE,forecast_load,Forecasted Load,2026-06-16T08:13:23Z
2026-06-16T08:13:14Z,2026-06-16T10:13:14+0200,dd6516a5-5fe5-4565-873a-e64fa6b54cdc,2026-05-31T07:00:00Z,2026-05-31T09:00:00+0200,8073.61,MW,BE,BE,forecast_load,Forecasted Load,2026-06-16T08:13:23Z
2026-06-16T08:13:14Z,2026-06-16T10:13:14+0200,dd6516a5-5fe5-4565-873a-e64fa6b54cdc,2026-05-31T07:15:00Z,2026-05-31T09:15:00+0200,8178.5,MW,BE,BE,forecast_load,Forecasted Load,2026-06-16T08:13:23Z
2026-06-16T08:13:14Z,2026-06-16T10:13:14+0200,dd6516a5-5fe5-4565-873a-e64fa6b54cdc,2026-05-31T07:30:00Z,2026-05-31T09:30:00+0200,8292.56,MW,BE,BE,forecast_load,Forecasted Load,2026-06-16T08:13:23Z
2026-06-16T08:13:14Z,2026-06-16T10:13:14+0200,dd6516a5-5fe5-4565-873a-e64fa6b54cdc,2026-05-31T07:45:00Z,2026-05-31T09:45:00+0200,8459.69,MW,BE,BE,forecast_load,Forecasted Load,2026-06-16T08:13:23Z
2026-06-16T08:13:14Z,2026-06-16T10:13:14+0200,dd6516a5-5fe5-4565-873a-e64fa6b54cdc,2026-05-31T08:00:00Z,2026-05-31T10:00:00+0200,8467.3,MW,BE,BE,forecast_load,Forecasted Load,2026-06-16T08:13:23Z
2026-06-16T08:13:14Z,2026-06-16T10:13:14+0200,dd6516a5-5fe5-4565-873a-e64fa6b54cdc,2026-05-31T08:15:00Z,2026-05-31T10:15:00+0200,8585.81,MW,BE,BE,forecast_load,Forecasted Load,2026-06-16T08:13:23Z
2026-06-16T08:13:14Z,2026-06-16T10:13:14+0200,dd6516a5-5fe5-4565-873a-e64fa6b54cdc,2026-05-31T08:30:00Z,2026-05-31T10:30:00+0200,8645.62,MW,BE,BE,forecast_load,Forecasted Load,2026-06-16T08:13:23Z
2026-06-16T08:13:14Z,2026-06-16T10:13:14+0200,dd6516a5-5fe5-4565-873a-e64fa6b54cdc,2026-05-31T08:45:00Z,2026-05-31T10:45:00+0200,8767.65,MW,BE,BE,forecast_load,Forecasted Load,2026-06-16T08:13:23Z
2026-06-16T08:13:14Z,2026-06-16T10:13:14+0200,dd6516a5-5fe5-4565-873a-e64fa6b54cdc,2026-05-31T09:00:00Z,2026-05-31T11:00:00+0200,8734.96,MW,BE,BE,forecast_load,Forecasted Load,2026-06-16T08:13:23Z
2026-06-16T08:13:14Z,2026-06-16T10:13:14+0200,dd6516a5-5fe5-4565-873a-e64fa6b54cdc,2026-05-31T09:15:00Z,2026-05-31T11:15:00+0200,8870.6,MW,BE,BE,forecast_load,Forecasted Load,2026-06-16T08:13:23Z
2026-06-16T08:13:14Z,2026-06-16T10:13:14+0200,dd6516a5-5fe5-4565-873a-e64fa6b54cdc,2026-05-31T09:30:00Z,2026-05-31T11:30:00+0200,8968.63,MW,BE,BE,forecast_load,Forecasted Load,2026-06-16T08:13:23Z
2026-06-16T08:13:14Z,2026-06-16T10:13:14+0200,dd6516a5-5fe5-4565-873a-e64fa6b54cdc,2026-05-31T09:45:00Z,2026-05-31T11:45:00+0200,8992.38,MW,BE,BE,forecast_load,Forecasted Load,2026-06-16T08:13:23Z
2026-06-16T08:13:14Z,2026-06-16T10:13:14+0200,dd6516a5-5fe5-4565-873a-e64fa6b54cdc,2026-05-31T10:00:00Z,2026-05-31T12:00:00+0200,8966.98,MW,BE,BE,forecast_load,Forecasted Load,2026-06-16T08:13:23Z
2026-06-16T08:13:14Z,2026-06-16T10:13:14+0200,dd6516a5-5fe5-4565-873a-e64fa6b54cdc,2026-05-31T10:15:00Z,2026-05-31T12:15:00+0200,8954.34,MW,BE,BE,forecast_load,Forecasted Load,2026-06-16T08:13:23Z
2026-06-16T08:13:14Z,2026-06-16T10:13:14+0200,dd6516a5-5fe5-4565-873a-e64fa6b54cdc,2026-05-31T10:30:00Z,2026-05-31T12:30:00+0200,8965.57,MW,BE,BE,forecast_load,Forecasted Load,2026-06-16T08:13:23Z
2026-06-16T08:13:14Z,2026-06-16T10:13:14+0200,dd6516a5-5fe5-4565-873a-e64fa6b54cdc,2026-05-31T10:45:00Z,2026-05-31T12:45:00+0200,8949.16,MW,BE,BE,forecast_load,Forecasted Load,2026-06-16T08:13:23Z
2026-06-16T08:13:14Z,2026-06-16T10:13:14+0200,dd6516a5-5fe5-4565-873a-e64fa6b54cdc,2026-05-31T11:00:00Z,2026-05-31T13:00:00+0200,8818.01,MW,BE,BE,forecast_load,Forecasted Load,2026-06-16T08:13:23Z
2026-06-16T08:13:14Z,2026-06-16T10:13:14+0200,dd6516a5-5fe5-4565-873a-e64fa6b54cdc,2026-05-31T11:15:00Z,2026-05-31T13:15:00+0200,8871.89,MW,BE,BE,forecast_load,Forecasted Load,2026-06-16T08:13:23Z
2026-06-16T08:13:14Z,2026-06-16T10:13:14+0200,dd6516a5-5fe5-4565-873a-e64fa6b54cdc,2026-05-31T11:30:00Z,2026-05-31T13:30:00+0200,8907.86,MW,BE,BE,forecast_load,Forecasted Load,2026-06-16T08:13:23Z
2026-06-16T08:13:14Z,2026-06-16T10:13:14+0200,dd6516a5-5fe5-4565-873a-e64fa6b54cdc,2026-05-31T11:45:00Z,2026-05-31T13:45:00+0200,8867.62,MW,BE,BE,forecast_load,Forecasted Load,2026-06-16T08:13:23Z
2026-06-16T08:13:14Z,2026-06-16T10:13:14+0200,dd6516a5-5fe5-4565-873a-e64fa6b54cdc,2026-05-31T12:00:00Z,2026-05-31T14:00:00+0200,8704.49,MW,BE,BE,forecast_load,Forecasted Load,2026-06-16T08:13:23Z
2026-06-16T08:13:14Z,2026-06-16T10:13:14+0200,dd6516a5-5fe5-4565-873a-e64fa6b54cdc,2026-05-31T12:15:00Z,2026-05-31T14:15:00+0200,8600.16,MW,BE,BE,forecast_load,Forecasted Load,2026-06-16T08:13:23Z
2026-06-16T08:13:14Z,2026-06-16T10:13:14+0200,dd6516a5-5fe5-4565-873a-e64fa6b54cdc,2026-05-31T12:30:00Z,2026-05-31T14:30:00+0200,8585.41,MW,BE,BE,forecast_load,Forecasted Load,2026-06-16T08:13:23Z
2026-06-16T08:13:14Z,2026-06-16T10:13:14+0200,dd6516a5-5fe5-4565-873a-e64fa6b54cdc,2026-05-31T12:45:00Z,2026-05-31T14:45:00+0200,8511.12,MW,BE,BE,forecast_load,Forecasted Load,2026-06-16T08:13:23Z
2026-06-16T08:13:14Z,2026-06-16T10:13:14+0200,dd6516a5-5fe5-4565-873a-e64fa6b54cdc,2026-05-31T13:00:00Z,2026-05-31T15:00:00+0200,8476.55,MW,BE,BE,forecast_load,Forecasted Load,2026-06-16T08:13:23Z
2026-06-16T08:13:14Z,2026-06-16T10:13:14+0200,dd6516a5-5fe5-4565-873a-e64fa6b54cdc,2026-05-31T13:15:00Z,2026-05-31T15:15:00+0200,8371.37,MW,BE,BE,forecast_load,Forecasted Load,2026-06-16T08:13:23Z
2026-06-16T08:13:14Z,2026-06-16T10:13:14+0200,dd6516a5-5fe5-4565-873a-e64fa6b54cdc,2026-05-31T13:30:00Z,2026-05-31T15:30:00+0200,8275.96,MW,BE,BE,forecast_load,Forecasted Load,2026-06-16T08:13:23Z
2026-06-16T08:13:14Z,2026-06-16T10:13:14+0200,dd6516a5-5fe5-4565-873a-e64fa6b54cdc,2026-05-31T13:45:00Z,2026-05-31T15:45:00+0200,8149.72,MW,BE,BE,forecast_load,Forecasted Load,2026-06-16T08:13:23Z
2026-06-16T08:13:14Z,2026-06-16T10:13:14+0200,dd6516a5-5fe5-4565-873a-e64fa6b54cdc,2026-05-31T14:00:00Z,2026-05-31T16:00:00+0200,8283.28,MW,BE,BE,forecast_load,Forecasted Load,2026-06-16T08:13:23Z
2026-06-16T08:13:14Z,2026-06-16T10:13:14+0200,dd6516a5-5fe5-4565-873a-e64fa6b54cdc,2026-05-31T14:15:00Z,2026-05-31T16:15:00+0200,8222.03,MW,BE,BE,forecast_load,Forecasted Load,2026-06-16T08:13:23Z
2026-06-16T08:13:14Z,2026-06-16T10:13:14+0200,dd6516a5-5fe5-4565-873a-e64fa6b54cdc,2026-05-31T14:30:00Z,2026-05-31T16:30:00+0200,8118.77,MW,BE,BE,forecast_load,Forecasted Load,2026-06-16T08:13:23Z
2026-06-16T08:13:14Z,2026-06-16T10:13:14+0200,dd6516a5-5fe5-4565-873a-e64fa6b54cdc,2026-05-31T14:45:00Z,2026-05-31T16:45:00+0200,8042.29,MW,BE,BE,forecast_load,Forecasted Load,2026-06-16T08:13:23Z
2026-06-16T08:13:14Z,2026-06-16T10:13:14+0200,dd6516a5-5fe5-4565-873a-e64fa6b54cdc,2026-05-31T15:00:00Z,2026-05-31T17:00:00+0200,8213.31,MW,BE,BE,forecast_load,Forecasted Load,2026-06-16T08:13:23Z
2026-06-16T08:13:14Z,2026-06-16T10:13:14+0200,dd6516a5-5fe5-4565-873a-e64fa6b54cdc,2026-05-31T15:15:00Z,2026-05-31T17:15:00+0200,8215.39,MW,BE,BE,forecast_load,Forecasted Load,2026-06-16T08:13:23Z
2026-06-16T08:13:14Z,2026-06-16T10:13:14+0200,dd6516a5-5fe5-4565-873a-e64fa6b54cdc,2026-05-31T15:30:00Z,2026-05-31T17:30:00+0200,8266.13,MW,BE,BE,forecast_load,Forecasted Load,2026-06-16T08:13:23Z
2026-06-16T08:13:14Z,2026-06-16T10:13:14+0200,dd6516a5-5fe5-4565-873a-e64fa6b54cdc,2026-05-31T15:45:00Z,2026-05-31T17:45:00+0200,8272.07,MW,BE,BE,forecast_load,Forecasted Load,2026-06-16T08:13:23Z
2026-06-16T08:13:14Z,2026-06-16T10:13:14+0200,dd6516a5-5fe5-4565-873a-e64fa6b54cdc,2026-05-31T16:00:00Z,2026-05-31T18:00:00+0200,8470.33,MW,BE,BE,forecast_load,Forecasted Load,2026-06-16T08:13:23Z
2026-06-16T08:13:14Z,2026-06-16T10:13:14+0200,dd6516a5-5fe5-4565-873a-e64fa6b54cdc,2026-05-31T16:15:00Z,2026-05-31T18:15:00+0200,8490.68,MW,BE,BE,forecast_load,Forecasted Load,2026-06-16T08:13:23Z
2026-06-16T08:13:14Z,2026-06-16T10:13:14+0200,dd6516a5-5fe5-4565-873a-e64fa6b54cdc,2026-05-31T16:30:00Z,2026-05-31T18:30:00+0200,8511.26,MW,BE,BE,forecast_load,Forecasted Load,2026-06-16T08:13:23Z
2026-06-16T08:13:14Z,2026-06-16T10:13:14+0200,dd6516a5-5fe5-4565-873a-e64fa6b54cdc,2026-05-31T16:45:00Z,2026-05-31T18:45:00+0200,8590.18,MW,BE,BE,forecast_load,Forecasted Load,2026-06-16T08:13:23Z
2026-06-16T08:13:14Z,2026-06-16T10:13:14+0200,dd6516a5-5fe5-4565-873a-e64fa6b54cdc,2026-05-31T17:00:00Z,2026-05-31T19:00:00+0200,8703.22,MW,BE,BE,forecast_load,Forecasted Load,2026-06-16T08:13:23Z
2026-06-16T08:13:14Z,2026-06-16T10:13:14+0200,dd6516a5-5fe5-4565-873a-e64fa6b54cdc,2026-05-31T17:15:00Z,2026-05-31T19:15:00+0200,8712.24,MW,BE,BE,forecast_load,Forecasted Load,2026-06-16T08:13:23Z
2026-06-16T08:13:14Z,2026-06-16T10:13:14+0200,dd6516a5-5fe5-4565-873a-e64fa6b54cdc,2026-05-31T17:30:00Z,2026-05-31T19:30:00+0200,8720.78,MW,BE,BE,forecast_load,Forecasted Load,2026-06-16T08:13:23Z
2026-06-16T08:13:14Z,2026-06-16T10:13:14+0200,dd6516a5-5fe5-4565-873a-e64fa6b54cdc,2026-05-31T17:45:00Z,2026-05-31T19:45:00+0200,8641.08,MW,BE,BE,forecast_load,Forecasted Load,2026-06-16T08:13:23Z
2026-06-16T08:13:14Z,2026-06-16T10:13:14+0200,dd6516a5-5fe5-4565-873a-e64fa6b54cdc,2026-05-31T18:00:00Z,2026-05-31T20:00:00+0200,8762.55,MW,BE,BE,forecast_load,Forecasted Load,2026-06-16T08:13:23Z
2026-06-16T08:13:14Z,2026-06-16T10:13:14+0200,dd6516a5-5fe5-4565-873a-e64fa6b54cdc,2026-05-31T18:15:00Z,2026-05-31T20:15:00+0200,8690.05,MW,BE,BE,forecast_load,Forecasted Load,2026-06-16T08:13:23Z
2026-06-16T08:13:14Z,2026-06-16T10:13:14+0200,dd6516a5-5fe5-4565-873a-e64fa6b54cdc,2026-05-31T18:30:00Z,2026-05-31T20:30:00+0200,8635.13,MW,BE,BE,forecast_load,Forecasted Load,2026-06-16T08:13:23Z
2026-06-16T08:13:14Z,2026-06-16T10:13:14+0200,dd6516a5-5fe5-4565-873a-e64fa6b54cdc,2026-05-31T18:45:00Z,2026-05-31T20:45:00+0200,8607.58,MW,BE,BE,forecast_load,Forecasted Load,2026-06-16T08:13:23Z
2026-06-16T08:13:14Z,2026-06-16T10:13:14+0200,dd6516a5-5fe5-4565-873a-e64fa6b54cdc,2026-05-31T19:00:00Z,2026-05-31T21:00:00+0200,8570.1,MW,BE,BE,forecast_load,Forecasted Load,2026-06-16T08:13:23Z
2026-06-16T08:13:14Z,2026-06-16T10:13:14+0200,dd6516a5-5fe5-4565-873a-e64fa6b54cdc,2026-05-31T19:15:00Z,2026-05-31T21:15:00+0200,8579.39,MW,BE,BE,forecast_load,Forecasted Load,2026-06-16T08:13:23Z
2026-06-16T08:13:14Z,2026-06-16T10:13:14+0200,dd6516a5-5fe5-4565-873a-e64fa6b54cdc,2026-05-31T19:30:00Z,2026-05-31T21:30:00+0200,8596.05,MW,BE,BE,forecast_load,Forecasted Load,2026-06-16T08:13:23Z
2026-06-16T08:13:14Z,2026-06-16T10:13:14+0200,dd6516a5-5fe5-4565-873a-e64fa6b54cdc,2026-05-31T19:45:00Z,2026-05-31T21:45:00+0200,8601.15,MW,BE,BE,forecast_load,Forecasted Load,2026-06-16T08:13:23Z
2026-06-16T08:13:14Z,2026-06-16T10:13:14+0200,dd6516a5-5fe5-4565-873a-e64fa6b54cdc,2026-05-31T20:00:00Z,2026-05-31T22:00:00+0200,8529.84,MW,BE,BE,forecast_load,Forecasted Load,2026-06-16T08:13:23Z
2026-06-16T08:13:14Z,2026-06-16T10:13:14+0200,dd6516a5-5fe5-4565-873a-e64fa6b54cdc,2026-05-31T20:15:00Z,2026-05-31T22:15:00+0200,8576.61,MW,BE,BE,forecast_load,Forecasted Load,2026-06-16T08:13:23Z
2026-06-16T08:13:14Z,2026-06-16T10:13:14+0200,dd6516a5-5fe5-4565-873a-e64fa6b54cdc,2026-05-31T20:30:00Z,2026-05-31T22:30:00+0200,8533.16,MW,BE,BE,forecast_load,Forecasted Load,2026-06-16T08:13:23Z
2026-06-16T08:13:14Z,2026-06-16T10:13:14+0200,dd6516a5-5fe5-4565-873a-e64fa6b54cdc,2026-05-31T20:45:00Z,2026-05-31T22:45:00+0200,8441.22,MW,BE,BE,forecast_load,Forecasted Load,2026-06-16T08:13:23Z
2026-06-16T08:13:14Z,2026-06-16T10:13:14+0200,dd6516a5-5fe5-4565-873a-e64fa6b54cdc,2026-05-31T21:00:00Z,2026-05-31T23:00:00+0200,8288.18,MW,BE,BE,forecast_load,Forecasted Load,2026-06-16T08:13:23Z
2026-06-16T08:13:14Z,2026-06-16T10:13:14+0200,dd6516a5-5fe5-4565-873a-e64fa6b54cdc,2026-05-31T21:15:00Z,2026-05-31T23:15:00+0200,8182.04,MW,BE,BE,forecast_load,Forecasted Load,2026-06-16T08:13:23Z
2026-06-16T08:13:14Z,2026-06-16T10:13:14+0200,dd6516a5-5fe5-4565-873a-e64fa6b54cdc,2026-05-31T21:30:00Z,2026-05-31T23:30:00+0200,8091.59,MW,BE,BE,forecast_load,Forecasted Load,2026-06-16T08:13:23Z
2026-06-16T08:13:14Z,2026-06-16T10:13:14+0200,dd6516a5-5fe5-4565-873a-e64fa6b54cdc,2026-05-31T21:45:00Z,2026-05-31T23:45:00+0200,7979.71,MW,BE,BE,forecast_load,Forecasted Load,2026-06-16T08:13:23Z
2026-06-16T08:13:14Z,2026-06-16T10:13:14+0200,dd6516a5-5fe5-4565-873a-e64fa6b54cdc,2026-05-31T22:00:00Z,2026-06-01T00:00:00+0200,7815.3,MW,BE,BE,forecast_load,Forecasted Load,2026-06-16T08:13:23Z
2026-06-16T08:13:14Z,2026-06-16T10:13:14+0200,dd6516a5-5fe5-4565-873a-e64fa6b54cdc,2026-05-31T22:15:00Z,2026-06-01T00:15:00+0200,7706.56,MW,BE,BE,forecast_load,Forecasted Load,2026-06-16T08:13:23Z
2026-06-16T08:13:14Z,2026-06-16T10:13:14+0200,dd6516a5-5fe5-4565-873a-e64fa6b54cdc,2026-05-31T22:30:00Z,2026-06-01T00:30:00+0200,7618.01,MW,BE,BE,forecast_load,Forecasted Load,2026-06-16T08:13:23Z
2026-06-16T08:13:14Z,2026-06-16T10:13:14+0200,dd6516a5-5fe5-4565-873a-e64fa6b54cdc,2026-05-31T22:45:00Z,2026-06-01T00:45:00+0200,7569.88,MW,BE,BE,forecast_load,Forecasted Load,2026-06-16T08:13:23Z
2026-06-16T08:13:14Z,2026-06-16T10:13:14+0200,dd6516a5-5fe5-4565-873a-e64fa6b54cdc,2026-05-31T23:00:00Z,2026-06-01T01:00:00+0200,7518.63,MW,BE,BE,forecast_load,Forecasted Load,2026-06-16T08:13:23Z
2026-06-16T08:13:14Z,2026-06-16T10:13:14+0200,dd6516a5-5fe5-4565-873a-e64fa6b54cdc,2026-05-31T23:15:00Z,2026-06-01T01:15:00+0200,7465.54,MW,BE,BE,forecast_load,Forecasted Load,2026-06-16T08:13:23Z
2026-06-16T08:13:14Z,2026-06-16T10:13:14+0200,dd6516a5-5fe5-4565-873a-e64fa6b54cdc,2026-05-31T23:30:00Z,2026-06-01T01:30:00+0200,7417.28,MW,BE,BE,forecast_load,Forecasted Load,2026-06-16T08:13:23Z
2026-06-16T08:13:14Z,2026-06-16T10:13:14+0200,dd6516a5-5fe5-4565-873a-e64fa6b54cdc,2026-05-31T23:45:00Z,2026-06-01T01:45:00+0200,7371.42,MW,BE,BE,forecast_load,Forecasted Load,2026-06-16T08:13:23Z
2026-06-16T08:13:14Z,2026-06-16T10:13:14+0200,dd6516a5-5fe5-4565-873a-e64fa6b54cdc,2026-06-01T00:00:00Z,2026-06-01T02:00:00+0200,7143.21,MW,BE,BE,forecast_load,Forecasted Load,2026-06-16T08:13:23Z
2026-06-16T08:13:14Z,2026-06-16T10:13:14+0200,dd6516a5-5fe5-4565-873a-e64fa6b54cdc,2026-06-01T00:15:00Z,2026-06-01T02:15:00+0200,7113.42,MW,BE,BE,forecast_load,Forecasted Load,2026-06-16T08:13:23Z
2026-06-16T08:13:14Z,2026-06-16T10:13:14+0200,dd6516a5-5fe5-4565-873a-e64fa6b54cdc,2026-06-01T00:30:00Z,2026-06-01T02:30:00+0200,7126.47,MW,BE,BE,forecast_load,Forecasted Load,2026-06-16T08:13:23Z
2026-06-16T08:13:14Z,2026-06-16T10:13:14+0200,dd6516a5-5fe5-4565-873a-e64fa6b54cdc,2026-06-01T00:45:00Z,2026-06-01T02:45:00+0200,7097.71,MW,BE,BE,forecast_load,Forecasted Load,2026-06-16T08:13:23Z
2026-06-16T08:13:14Z,2026-06-16T10:13:14+0200,dd6516a5-5fe5-4565-873a-e64fa6b54cdc,2026-06-01T01:00:00Z,2026-06-01T03:00:00+0200,7052.85,MW,BE,BE,forecast_load,Forecasted Load,2026-06-16T08:13:23Z
2026-06-16T08:13:14Z,2026-06-16T10:13:14+0200,dd6516a5-5fe5-4565-873a-e64fa6b54cdc,2026-06-01T01:15:00Z,2026-06-01T03:15:00+0200,7046.56,MW,BE,BE,forecast_load,Forecasted Load,2026-06-16T08:13:23Z
2026-06-16T08:13:14Z,2026-06-16T10:13:14+0200,dd6516a5-5fe5-4565-873a-e64fa6b54cdc,2026-06-01T01:30:00Z,2026-06-01T03:30:00+0200,7050.47,MW,BE,BE,forecast_load,Forecasted Load,2026-06-16T08:13:23Z
2026-06-16T08:13:14Z,2026-06-16T10:13:14+0200,dd6516a5-5fe5-4565-873a-e64fa6b54cdc,2026-06-01T01:45:00Z,2026-06-01T03:45:00+0200,7075.28,MW,BE,BE,forecast_load,Forecasted Load,2026-06-16T08:13:23Z
2026-06-16T08:13:14Z,2026-06-16T10:13:14+0200,dd6516a5-5fe5-4565-873a-e64fa6b54cdc,2026-06-01T02:00:00Z,2026-06-01T04:00:00+0200,7139.06,MW,BE,BE,forecast_load,Forecasted Load,2026-06-16T08:13:23Z
2026-06-16T08:13:14Z,2026-06-16T10:13:14+0200,dd6516a5-5fe5-4565-873a-e64fa6b54cdc,2026-06-01T02:15:00Z,2026-06-01T04:15:00+0200,7117.1,MW,BE,BE,forecast_load,Forecasted Load,2026-06-16T08:13:23Z
2026-06-16T08:13:14Z,2026-06-16T10:13:14+0200,dd6516a5-5fe5-4565-873a-e64fa6b54cdc,2026-06-01T02:30:00Z,2026-06-01T04:30:00+0200,7126.87,MW,BE,BE,forecast_load,Forecasted Load,2026-06-16T08:13:23Z
2026-06-16T08:13:14Z,2026-06-16T10:13:14+0200,dd6516a5-5fe5-4565-873a-e64fa6b54cdc,2026-06-01T02:45:00Z,2026-06-01T04:45:00+0200,7184.45,MW,BE,BE,forecast_load,Forecasted Load,2026-06-16T08:13:23Z
2026-06-16T08:13:14Z,2026-06-16T10:13:14+0200,dd6516a5-5fe5-4565-873a-e64fa6b54cdc,2026-06-01T03:00:00Z,2026-06-01T05:00:00+0200,7265.9,MW,BE,BE,forecast_load,Forecasted Load,2026-06-16T08:13:23Z
2026-06-16T08:13:14Z,2026-06-16T10:13:14+0200,dd6516a5-5fe5-4565-873a-e64fa6b54cdc,2026-06-01T03:15:00Z,2026-06-01T05:15:00+0200,7408.08,MW,BE,BE,forecast_load,Forecasted Load,2026-06-16T08:13:23Z
2026-06-16T08:13:14Z,2026-06-16T10:13:14+0200,dd6516a5-5fe5-4565-873a-e64fa6b54cdc,2026-06-01T03:30:00Z,2026-06-01T05:30:00+0200,7525.84,MW,BE,BE,forecast_load,Forecasted Load,2026-06-16T08:13:23Z
2026-06-16T08:13:14Z,2026-06-16T10:13:14+0200,dd6516a5-5fe5-4565-873a-e64fa6b54cdc,2026-06-01T03:45:00Z,2026-06-01T05:45:00+0200,7642.4,MW,BE,BE,forecast_load,Forecasted Load,2026-06-16T08:13:23Z
2026-06-16T08:13:14Z,2026-06-16T10:13:14+0200,dd6516a5-5fe5-4565-873a-e64fa6b54cdc,2026-06-01T04:00:00Z,2026-06-01T06:00:00+0200,7882.13,MW,BE,BE,forecast_load,Forecasted Load,2026-06-16T08:13:23Z
2026-06-16T08:13:14Z,2026-06-16T10:13:14+0200,dd6516a5-5fe5-4565-873a-e64fa6b54cdc,2026-06-01T04:15:00Z,2026-06-01T06:15:00+0200,8093.98,MW,BE,BE,forecast_load,Forecasted Load,2026-06-16T08:13:23Z
2026-06-16T08:13:14Z,2026-06-16T10:13:14+0200,dd6516a5-5fe5-4565-873a-e64fa6b54cdc,2026-06-01T04:30:00Z,2026-06-01T06:30:00+0200,8272.06,MW,BE,BE,forecast_load,Forecasted Load,2026-06-16T08:13:23Z
2026-06-16T08:13:14Z,2026-06-16T10:13:14+0200,dd6516a5-5fe5-4565-873a-e64fa6b54cdc,2026-06-01T04:45:00Z,2026-06-01T06:45:00+0200,8491.25,MW,BE,BE,forecast_load,Forecasted Load,2026-06-16T08:13:23Z
2026-06-16T08:13:14Z,2026-06-16T10:13:14+0200,dd6516a5-5fe5-4565-873a-e64fa6b54cdc,2026-06-01T05:00:00Z,2026-06-01T07:00:00+0200,8731.3,MW,BE,BE,forecast_load,Forecasted Load,2026-06-16T08:13:23Z
2026-06-16T08:13:14Z,2026-06-16T10:13:14+0200,dd6516a5-5fe5-4565-873a-e64fa6b54cdc,2026-06-01T05:15:00Z,2026-06-01T07:15:00+0200,8976.12,MW,BE,BE,forecast_load,Forecasted Load,2026-06-16T08:13:23Z
2026-06-16T08:13:14Z,2026-06-16T10:13:14+0200,dd6516a5-5fe5-4565-873a-e64fa6b54cdc,2026-06-01T05:30:00Z,2026-06-01T07:30:00+0200,9202.11,MW,BE,BE,forecast_load,Forecasted Load,2026-06-16T08:13:23Z
2026-06-16T08:13:14Z,2026-06-16T10:13:14+0200,dd6516a5-5fe5-4565-873a-e64fa6b54cdc,2026-06-01T05:45:00Z,2026-06-01T07:45:00+0200,9402.7,MW,BE,BE,forecast_load,Forecasted Load,2026-06-16T08:13:23Z
2026-06-16T08:13:14Z,2026-06-16T10:13:14+0200,dd6516a5-5fe5-4565-873a-e64fa6b54cdc,2026-06-01T06:00:00Z,2026-06-01T08:00:00+0200,9493.94,MW,BE,BE,forecast_load,Forecasted Load,2026-06-16T08:13:23Z
2026-06-16T08:13:14Z,2026-06-16T10:13:14+0200,dd6516a5-5fe5-4565-873a-e64fa6b54cdc,2026-06-01T06:15:00Z,2026-06-01T08:15:00+0200,9708.03,MW,BE,BE,forecast_load,Forecasted Load,2026-06-16T08:13:23Z
2026-06-16T08:13:14Z,2026-06-16T10:13:14+0200,dd6516a5-5fe5-4565-873a-e64fa6b54cdc,2026-06-01T06:30:00Z,2026-06-01T08:30:00+0200,9878.3,MW,BE,BE,forecast_load,Forecasted Load,2026-06-16T08:13:23Z
2026-06-16T08:13:14Z,2026-06-16T10:13:14+0200,dd6516a5-5fe5-4565-873a-e64fa6b54cdc,2026-06-01T06:45:00Z,2026-06-01T08:45:00+0200,10051.09,MW,BE,BE,forecast_load,Forecasted Load,2026-06-16T08:13:23Z
2026-06-16T08:13:14Z,2026-06-16T10:13:14+0200,dd6516a5-5fe5-4565-873a-e64fa6b54cdc,2026-06-01T07:00:00Z,2026-06-01T09:00:00+0200,10109.09,MW,BE,BE,forecast_load,Forecasted Load,2026-06-16T08:13:23Z
2026-06-16T08:13:14Z,2026-06-16T10:13:14+0200,dd6516a5-5fe5-4565-873a-e64fa6b54cdc,2026-06-01T07:15:00Z,2026-06-01T09:15:00+0200,10129.94,MW,BE,BE,forecast_load,Forecasted Load,2026-06-16T08:13:23Z
2026-06-16T08:13:14Z,2026-06-16T10:13:14+0200,dd6516a5-5fe5-4565-873a-e64fa6b54cdc,2026-06-01T07:30:00Z,2026-06-01T09:30:00+0200,10234.06,MW,BE,BE,forecast_load,Forecasted Load,2026-06-16T08:13:23Z
2026-06-16T08:13:14Z,2026-06-16T10:13:14+0200,dd6516a5-5fe5-4565-873a-e64fa6b54cdc,2026-06-01T07:45:00Z,2026-06-01T09:45:00+0200,10261.11,MW,BE,BE,forecast_load,Forecasted Load,2026-06-16T08:13:23Z
2026-06-16T08:13:14Z,2026-06-16T10:13:14+0200,dd6516a5-5fe5-4565-873a-e64fa6b54cdc,2026-06-01T08:00:00Z,2026-06-01T10:00:00+0200,10281.7,MW,BE,BE,forecast_load,Forecasted Load,2026-06-16T08:13:23Z
2026-06-16T08:13:14Z,2026-06-16T10:13:14+0200,dd6516a5-5fe5-4565-873a-e64fa6b54cdc,2026-06-01T08:15:00Z,2026-06-01T10:15:00+0200,10317.49,MW,BE,BE,forecast_load,Forecasted Load,2026-06-16T08:13:23Z
2026-06-16T08:13:14Z,2026-06-16T10:13:14+0200,dd6516a5-5fe5-4565-873a-e64fa6b54cdc,2026-06-01T08:30:00Z,2026-06-01T10:30:00+0200,10240.06,MW,BE,BE,forecast_load,Forecasted Load,2026-06-16T08:13:23Z
2026-06-16T08:13:14Z,2026-06-16T10:13:14+0200,dd6516a5-5fe5-4565-873a-e64fa6b54cdc,2026-06-01T08:45:00Z,2026-06-01T10:45:00+0200,10262.9,MW,BE,BE,forecast_load,Forecasted Load,2026-06-16T08:13:23Z
2026-06-16T08:13:14Z,2026-06-16T10:13:14+0200,dd6516a5-5fe5-4565-873a-e64fa6b54cdc,2026-06-01T09:00:00Z,2026-06-01T11:00:00+0200,10393.27,MW,BE,BE,forecast_load,Forecasted Load,2026-06-16T08:13:23Z
2026-06-16T08:13:14Z,2026-06-16T10:13:14+0200,dd6516a5-5fe5-4565-873a-e64fa6b54cdc,2026-06-01T09:15:00Z,2026-06-01T11:15:00+0200,10507.58,MW,BE,BE,forecast_load,Forecasted Load,2026-06-16T08:13:23Z
2026-06-16T08:13:14Z,2026-06-16T10:13:14+0200,dd6516a5-5fe5-4565-873a-e64fa6b54cdc,2026-06-01T09:30:00Z,2026-06-01T11:30:00+0200,10473.36,MW,BE,BE,forecast_load,Forecasted Load,2026-06-16T08:13:23Z
2026-06-16T08:13:14Z,2026-06-16T10:13:14+0200,dd6516a5-5fe5-4565-873a-e64fa6b54cdc,2026-06-01T09:45:00Z,2026-06-01T11:45:00+0200,10547.5,MW,BE,BE,forecast_load,Forecasted Load,2026-06-16T08:13:23Z
2026-06-16T08:13:14Z,2026-06-16T10:13:14+0200,dd6516a5-5fe5-4565-873a-e64fa6b54cdc,2026-06-01T10:00:00Z,2026-06-01T12:00:00+0200,10321.03,MW,BE,BE,forecast_load,Forecasted Load,2026-06-16T08:13:23Z
2026-06-16T08:13:14Z,2026-06-16T10:13:14+0200,dd6516a5-5fe5-4565-873a-e64fa6b54cdc,2026-06-01T10:15:00Z,2026-06-01T12:15:00+0200,10229.52,MW,BE,BE,forecast_load,Forecasted Load,2026-06-16T08:13:23Z
2026-06-16T08:13:14Z,2026-06-16T10:13:14+0200,dd6516a5-5fe5-4565-873a-e64fa6b54cdc,2026-06-01T10:30:00Z,2026-06-01T12:30:00+0200,10180.71,MW,BE,BE,forecast_load,Forecasted Load,2026-06-16T08:13:23Z
2026-06-16T08:13:14Z,2026-06-16T10:13:14+0200,dd6516a5-5fe5-4565-873a-e64fa6b54cdc,2026-06-01T10:45:00Z,2026-06-01T12:45:00+0200,10197.18,MW,BE,BE,forecast_load,Forecasted Load,2026-06-16T08:13:23Z
2026-06-16T08:13:14Z,2026-06-16T10:13:14+0200,dd6516a5-5fe5-4565-873a-e64fa6b54cdc,2026-06-01T11:00:00Z,2026-06-01T13:00:00+0200,10248.81,MW,BE,BE,forecast_load,Forecasted Load,2026-06-16T08:13:23Z
2026-06-16T08:13:14Z,2026-06-16T10:13:14+0200,dd6516a5-5fe5-4565-873a-e64fa6b54cdc,2026-06-01T11:15:00Z,2026-06-01T13:15:00+0200,10201.83,MW,BE,BE,forecast_load,Forecasted Load,2026-06-16T08:13:23Z
2026-06-16T08:13:14Z,2026-06-16T10:13:14+0200,dd6516a5-5fe5-4565-873a-e64fa6b54cdc,2026-06-01T11:30:00Z,2026-06-01T13:30:00+0200,10077.92,MW,BE,BE,forecast_load,Forecasted Load,2026-06-16T08:13:23Z
2026-06-16T08:13:14Z,2026-06-16T10:13:14+0200,dd6516a5-5fe5-4565-873a-e64fa6b54cdc,2026-06-01T11:45:00Z,2026-06-01T13:45:00+0200,9955.26,MW,BE,BE,forecast_load,Forecasted Load,2026-06-16T08:13:23Z
2026-06-16T08:13:14Z,2026-06-16T10:13:14+0200,dd6516a5-5fe5-4565-873a-e64fa6b54cdc,2026-06-01T12:00:00Z,2026-06-01T14:00:00+0200,10127.52,MW,BE,BE,forecast_load,Forecasted Load,2026-06-16T08:13:23Z
2026-06-16T08:13:14Z,2026-06-16T10:13:14+0200,dd6516a5-5fe5-4565-873a-e64fa6b54cdc,2026-06-01T12:15:00Z,2026-06-01T14:15:00+0200,10067.91,MW,BE,BE,forecast_load,Forecasted Load,2026-06-16T08:13:23Z
2026-06-16T08:13:14Z,2026-06-16T10:13:14+0200,dd6516a5-5fe5-4565-873a-e64fa6b54cdc,2026-06-01T12:30:00Z,2026-06-01T14:30:00+0200,9830.11,MW,BE,BE,forecast_load,Forecasted Load,2026-06-16T08:13:23Z
2026-06-16T08:13:14Z,2026-06-16T10:13:14+0200,dd6516a5-5fe5-4565-873a-e64fa6b54cdc,2026-06-01T12:45:00Z,2026-06-01T14:45:00+0200,9831.95,MW,BE,BE,forecast_load,Forecasted Load,2026-06-16T08:13:23Z
2026-06-16T08:13:14Z,2026-06-16T10:13:14+0200,dd6516a5-5fe5-4565-873a-e64fa6b54cdc,2026-06-01T13:00:00Z,2026-06-01T15:00:00+0200,9902.29,MW,BE,BE,forecast_load,Forecasted Load,2026-06-16T08:13:23Z
2026-06-16T08:13:14Z,2026-06-16T10:13:14+0200,dd6516a5-5fe5-4565-873a-e64fa6b54cdc,2026-06-01T13:15:00Z,2026-06-01T15:15:00+0200,9764.97,MW,BE,BE,forecast_load,Forecasted Load,2026-06-16T08:13:23Z
2026-06-16T08:13:14Z,2026-06-16T10:13:14+0200,dd6516a5-5fe5-4565-873a-e64fa6b54cdc,2026-06-01T13:30:00Z,2026-06-01T15:30:00+0200,9726.93,MW,BE,BE,forecast_load,Forecasted Load,2026-06-16T08:13:23Z
2026-06-16T08:13:14Z,2026-06-16T10:13:14+0200,dd6516a5-5fe5-4565-873a-e64fa6b54cdc,2026-06-01T13:45:00Z,2026-06-01T15:45:00+0200,9680.05,MW,BE,BE,forecast_load,Forecasted Load,2026-06-16T08:13:23Z
2026-06-16T08:13:14Z,2026-06-16T10:13:14+0200,dd6516a5-5fe5-4565-873a-e64fa6b54cdc,2026-06-01T14:00:00Z,2026-06-01T16:00:00+0200,9509.31,MW,BE,BE,forecast_load,Forecasted Load,2026-06-16T08:13:23Z
2026-06-16T08:13:14Z,2026-06-16T10:13:14+0200,dd6516a5-5fe5-4565-873a-e64fa6b54cdc,2026-06-01T14:15:00Z,2026-06-01T16:15:00+0200,9496.88,MW,BE,BE,forecast_load,Forecasted Load,2026-06-16T08:13:23Z
2026-06-16T08:13:14Z,2026-06-16T10:13:14+0200,dd6516a5-5fe5-4565-873a-e64fa6b54cdc,2026-06-01T14:30:00Z,2026-06-01T16:30:00+0200,9547.24,MW,BE,BE,forecast_load,Forecasted Load,2026-06-16T08:13:23Z
2026-06-16T08:13:14Z,2026-06-16T10:13:14+0200,dd6516a5-5fe5-4565-873a-e64fa6b54cdc,2026-06-01T14:45:00Z,2026-06-01T16:45:00+0200,9499.16,MW,BE,BE,forecast_load,Forecasted Load,2026-06-16T08:13:23Z
2026-06-16T08:13:14Z,2026-06-16T10:13:14+0200,dd6516a5-5fe5-4565-873a-e64fa6b54cdc,2026-06-01T15:00:00Z,2026-06-01T17:00:00+0200,9636.34,MW,BE,BE,forecast_load,Forecasted Load,2026-06-16T08:13:23Z
2026-06-16T08:13:14Z,2026-06-16T10:13:14+0200,dd6516a5-5fe5-4565-873a-e64fa6b54cdc,2026-06-01T15:15:00Z,2026-06-01T17:15:00+0200,9684.37,MW,BE,BE,forecast_load,Forecasted Load,2026-06-16T08:13:23Z
2026-06-16T08:13:14Z,2026-06-16T10:13:14+0200,dd6516a5-5fe5-4565-873a-e64fa6b54cdc,2026-06-01T15:30:00Z,2026-06-01T17:30:00+0200,9705.05,MW,BE,BE,forecast_load,Forecasted Load,2026-06-16T08:13:23Z
2026-06-16T08:13:14Z,2026-06-16T10:13:14+0200,dd6516a5-5fe5-4565-873a-e64fa6b54cdc,2026-06-01T15:45:00Z,2026-06-01T17:45:00+0200,9732.68,MW,BE,BE,forecast_load,Forecasted Load,2026-06-16T08:13:23Z
2026-06-16T08:13:14Z,2026-06-16T10:13:14+0200,dd6516a5-5fe5-4565-873a-e64fa6b54cdc,2026-06-01T16:00:00Z,2026-06-01T18:00:00+0200,9835.06,MW,BE,BE,forecast_load,Forecasted Load,2026-06-16T08:13:23Z
2026-06-16T08:13:14Z,2026-06-16T10:13:14+0200,dd6516a5-5fe5-4565-873a-e64fa6b54cdc,2026-06-01T16:15:00Z,2026-06-01T18:15:00+0200,9777.01,MW,BE,BE,forecast_load,Forecasted Load,2026-06-16T08:13:23Z
2026-06-16T08:13:14Z,2026-06-16T10:13:14+0200,dd6516a5-5fe5-4565-873a-e64fa6b54cdc,2026-06-01T16:30:00Z,2026-06-01T18:30:00+0200,9768.62,MW,BE,BE,forecast_load,Forecasted Load,2026-06-16T08:13:23Z
2026-06-16T08:13:14Z,2026-06-16T10:13:14+0200,dd6516a5-5fe5-4565-873a-e64fa6b54cdc,2026-06-01T16:45:00Z,2026-06-01T18:45:00+0200,9748.06,MW,BE,BE,forecast_load,Forecasted Load,2026-06-16T08:13:23Z
2026-06-16T08:13:14Z,2026-06-16T10:13:14+0200,dd6516a5-5fe5-4565-873a-e64fa6b54cdc,2026-06-01T17:00:00Z,2026-06-01T19:00:00+0200,9783.07,MW,BE,BE,forecast_load,Forecasted Load,2026-06-16T08:13:23Z
2026-06-16T08:13:14Z,2026-06-16T10:13:14+0200,dd6516a5-5fe5-4565-873a-e64fa6b54cdc,2026-06-01T17:15:00Z,2026-06-01T19:15:00+0200,9728.13,MW,BE,BE,forecast_load,Forecasted Load,2026-06-16T08:13:23Z
2026-06-16T08:13:14Z,2026-06-16T10:13:14+0200,dd6516a5-5fe5-4565-873a-e64fa6b54cdc,2026-06-01T17:30:00Z,2026-06-01T19:30:00+0200,9678.49,MW,BE,BE,forecast_load,Forecasted Load,2026-06-16T08:13:23Z
2026-06-16T08:13:14Z,2026-06-16T10:13:14+0200,dd6516a5-5fe5-4565-873a-e64fa6b54cdc,2026-06-01T17:45:00Z,2026-06-01T19:45:00+0200,9477.33,MW,BE,BE,forecast_load,Forecasted Load,2026-06-16T08:13:23Z
2026-06-16T08:13:14Z,2026-06-16T10:13:14+0200,dd6516a5-5fe5-4565-873a-e64fa6b54cdc,2026-06-01T18:00:00Z,2026-06-01T20:00:00+0200,9430.78,MW,BE,BE,forecast_load,Forecasted Load,2026-06-16T08:13:23Z
2026-06-16T08:13:14Z,2026-06-16T10:13:14+0200,dd6516a5-5fe5-4565-873a-e64fa6b54cdc,2026-06-01T18:15:00Z,2026-06-01T20:15:00+0200,9330.29,MW,BE,BE,forecast_load,Forecasted Load,2026-06-16T08:13:23Z
2026-06-16T08:13:14Z,2026-06-16T10:13:14+0200,dd6516a5-5fe5-4565-873a-e64fa6b54cdc,2026-06-01T18:30:00Z,2026-06-01T20:30:00+0200,9305.76,MW,BE,BE,forecast_load,Forecasted Load,2026-06-16T08:13:23Z
2026-06-16T08:13:14Z,2026-06-16T10:13:14+0200,dd6516a5-5fe5-4565-873a-e64fa6b54cdc,2026-06-01T18:45:00Z,2026-06-01T20:45:00+0200,9177.71,MW,BE,BE,forecast_load,Forecasted Load,2026-06-16T08:13:23Z
2026-06-16T08:13:14Z,2026-06-16T10:13:14+0200,dd6516a5-5fe5-4565-873a-e64fa6b54cdc,2026-06-01T19:00:00Z,2026-06-01T21:00:00+0200,8971.97,MW,BE,BE,forecast_load,Forecasted Load,2026-06-16T08:13:23Z
2026-06-16T08:13:14Z,2026-06-16T10:13:14+0200,dd6516a5-5fe5-4565-873a-e64fa6b54cdc,2026-06-01T19:15:00Z,2026-06-01T21:15:00+0200,8992.13,MW,BE,BE,forecast_load,Forecasted Load,2026-06-16T08:13:23Z
2026-06-16T08:13:14Z,2026-06-16T10:13:14+0200,dd6516a5-5fe5-4565-873a-e64fa6b54cdc,2026-06-01T19:30:00Z,2026-06-01T21:30:00+0200,8997.57,MW,BE,BE,forecast_load,Forecasted Load,2026-06-16T08:13:23Z
2026-06-16T08:13:14Z,2026-06-16T10:13:14+0200,dd6516a5-5fe5-4565-873a-e64fa6b54cdc,2026-06-01T19:45:00Z,2026-06-01T21:45:00+0200,8912.4,MW,BE,BE,forecast_load,Forecasted Load,2026-06-16T08:13:23Z
2026-06-16T08:13:14Z,2026-06-16T10:13:14+0200,dd6516a5-5fe5-4565-873a-e64fa6b54cdc,2026-06-01T20:00:00Z,2026-06-01T22:00:00+0200,8890.69,MW,BE,BE,forecast_load,Forecasted Load,2026-06-16T08:13:23Z
2026-06-16T08:13:14Z,2026-06-16T10:13:14+0200,dd6516a5-5fe5-4565-873a-e64fa6b54cdc,2026-06-01T20:15:00Z,2026-06-01T22:15:00+0200,8934.0,MW,BE,BE,forecast_load,Forecasted Load,2026-06-16T08:13:23Z
2026-06-16T08:13:14Z,2026-06-16T10:13:14+0200,dd6516a5-5fe5-4565-873a-e64fa6b54cdc,2026-06-01T20:30:00Z,2026-06-01T22:30:00+0200,8894.11,MW,BE,BE,forecast_load,Forecasted Load,2026-06-16T08:13:23Z
2026-06-16T08:13:14Z,2026-06-16T10:13:14+0200,dd6516a5-5fe5-4565-873a-e64fa6b54cdc,2026-06-01T20:45:00Z,2026-06-01T22:45:00+0200,8724.59,MW,BE,BE,forecast_load,Forecasted Load,2026-06-16T08:13:23Z
2026-06-16T08:13:14Z,2026-06-16T10:13:14+0200,dd6516a5-5fe5-4565-873a-e64fa6b54cdc,2026-06-01T21:00:00Z,2026-06-01T23:00:00+0200,8724.29,MW,BE,BE,forecast_load,Forecasted Load,2026-06-16T08:13:23Z
2026-06-16T08:13:14Z,2026-06-16T10:13:14+0200,dd6516a5-5fe5-4565-873a-e64fa6b54cdc,2026-06-01T21:15:00Z,2026-06-01T23:15:00+0200,8577.41,MW,BE,BE,forecast_load,Forecasted Load,2026-06-16T08:13:23Z
2026-06-16T08:13:14Z,2026-06-16T10:13:14+0200,dd6516a5-5fe5-4565-873a-e64fa6b54cdc,2026-06-01T21:30:00Z,2026-06-01T23:30:00+0200,8439.3,MW,BE,BE,forecast_load,Forecasted Load,2026-06-16T08:13:23Z
2026-06-16T08:13:14Z,2026-06-16T10:13:14+0200,dd6516a5-5fe5-4565-873a-e64fa6b54cdc,2026-06-01T21:45:00Z,2026-06-01T23:45:00+0200,8355.37,MW,BE,BE,forecast_load,Forecasted Load,2026-06-16T08:13:23Z
2026-06-16T08:13:14Z,2026-06-16T10:13:14+0200,dd6516a5-5fe5-4565-873a-e64fa6b54cdc,2026-06-01T22:00:00Z,2026-06-02T00:00:00+0200,8016.89,MW,BE,BE,forecast_load,Forecasted Load,2026-06-16T08:13:23Z
2026-06-16T08:13:14Z,2026-06-16T10:13:14+0200,dd6516a5-5fe5-4565-873a-e64fa6b54cdc,2026-06-01T22:15:00Z,2026-06-02T00:15:00+0200,7875.65,MW,BE,BE,forecast_load,Forecasted Load,2026-06-16T08:13:23Z
2026-06-16T08:13:14Z,2026-06-16T10:13:14+0200,dd6516a5-5fe5-4565-873a-e64fa6b54cdc,2026-06-01T22:30:00Z,2026-06-02T00:30:00+0200,7782.06,MW,BE,BE,forecast_load,Forecasted Load,2026-06-16T08:13:23Z
2026-06-16T08:13:14Z,2026-06-16T10:13:14+0200,dd6516a5-5fe5-4565-873a-e64fa6b54cdc,2026-06-01T22:45:00Z,2026-06-02T00:45:00+0200,7658.74,MW,BE,BE,forecast_load,Forecasted Load,2026-06-16T08:13:23Z
2026-06-16T08:13:14Z,2026-06-16T10:13:14+0200,dd6516a5-5fe5-4565-873a-e64fa6b54cdc,2026-06-01T23:00:00Z,2026-06-02T01:00:00+0200,7598.39,MW,BE,BE,forecast_load,Forecasted Load,2026-06-16T08:13:23Z
2026-06-16T08:13:14Z,2026-06-16T10:13:14+0200,dd6516a5-5fe5-4565-873a-e64fa6b54cdc,2026-06-01T23:15:00Z,2026-06-02T01:15:00+0200,7501.29,MW,BE,BE,forecast_load,Forecasted Load,2026-06-16T08:13:23Z
2026-06-16T08:13:14Z,2026-06-16T10:13:14+0200,dd6516a5-5fe5-4565-873a-e64fa6b54cdc,2026-06-01T23:30:00Z,2026-06-02T01:30:00+0200,7447.64,MW,BE,BE,forecast_load,Forecasted Load,2026-06-16T08:13:23Z
2026-06-16T08:13:14Z,2026-06-16T10:13:14+0200,dd6516a5-5fe5-4565-873a-e64fa6b54cdc,2026-06-01T23:45:00Z,2026-06-02T01:45:00+0200,7433.2,MW,BE,BE,forecast_load,Forecasted Load,2026-06-16T08:13:23Z
2026-06-16T08:13:14Z,2026-06-16T10:13:14+0200,dd6516a5-5fe5-4565-873a-e64fa6b54cdc,2026-06-02T00:00:00Z,2026-06-02T02:00:00+0200,7419.7,MW,BE,BE,forecast_load,Forecasted Load,2026-06-16T08:13:23Z
2026-06-16T08:13:14Z,2026-06-16T10:13:14+0200,dd6516a5-5fe5-4565-873a-e64fa6b54cdc,2026-06-02T00:15:00Z,2026-06-02T02:15:00+0200,7367.2,MW,BE,BE,forecast_load,Forecasted Load,2026-06-16T08:13:23Z
2026-06-16T08:13:14Z,2026-06-16T10:13:14+0200,dd6516a5-5fe5-4565-873a-e64fa6b54cdc,2026-06-02T00:30:00Z,2026-06-02T02:30:00+0200,7337.95,MW,BE,BE,forecast_load,Forecasted Load,2026-06-16T08:13:23Z
2026-06-16T08:13:14Z,2026-06-16T10:13:14+0200,dd6516a5-5fe5-4565-873a-e64fa6b54cdc,2026-06-02T00:45:00Z,2026-06-02T02:45:00+0200,7314.09,MW,BE,BE,forecast_load,Forecasted Load,2026-06-16T08:13:23Z
2026-06-16T08:13:14Z,2026-06-16T10:13:14+0200,dd6516a5-5fe5-4565-873a-e64fa6b54cdc,2026-06-02T01:00:00Z,2026-06-02T03:00:00+0200,7279.52,MW,BE,BE,forecast_load,Forecasted Load,2026-06-16T08:13:23Z
2026-06-16T08:13:14Z,2026-06-16T10:13:14+0200,dd6516a5-5fe5-4565-873a-e64fa6b54cdc,2026-06-02T01:15:00Z,2026-06-02T03:15:00+0200,7246.5,MW,BE,BE,forecast_load,Forecasted Load,2026-06-16T08:13:23Z
2026-06-16T08:13:14Z,2026-06-16T10:13:14+0200,dd6516a5-5fe5-4565-873a-e64fa6b54cdc,2026-06-02T01:30:00Z,2026-06-02T03:30:00+0200,7234.89,MW,BE,BE,forecast_load,Forecasted Load,2026-06-16T08:13:23Z
2026-06-16T08:13:14Z,2026-06-16T10:13:14+0200,dd6516a5-5fe5-4565-873a-e64fa6b54cdc,2026-06-02T01:45:00Z,2026-06-02T03:45:00+0200,7210.5,MW,BE,BE,forecast_load,Forecasted Load,2026-06-16T08:13:23Z
2026-06-16T08:13:14Z,2026-06-16T10:13:14+0200,dd6516a5-5fe5-4565-873a-e64fa6b54cdc,2026-06-02T02:00:00Z,2026-06-02T04:00:00+0200,7289.33,MW,BE,BE,forecast_load,Forecasted Load,2026-06-16T08:13:23Z
2026-06-16T08:13:14Z,2026-06-16T10:13:14+0200,dd6516a5-5fe5-4565-873a-e64fa6b54cdc,2026-06-02T02:15:00Z,2026-06-02T04:15:00+0200,7300.02,MW,BE,BE,forecast_load,Forecasted Load,2026-06-16T08:13:23Z
2026-06-16T08:13:14Z,2026-06-16T10:13:14+0200,dd6516a5-5fe5-4565-873a-e64fa6b54cdc,2026-06-02T02:30:00Z,2026-06-02T04:30:00+0200,7315.38,MW,BE,BE,forecast_load,Forecasted Load,2026-06-16T08:13:23Z
2026-06-16T08:13:14Z,2026-06-16T10:13:14+0200,dd6516a5-5fe5-4565-873a-e64fa6b54cdc,2026-06-02T02:45:00Z,2026-06-02T04:45:00+0200,7371.76,MW,BE,BE,forecast_load,Forecasted Load,2026-06-16T08:13:23Z
2026-06-16T08:13:14Z,2026-06-16T10:13:14+0200,dd6516a5-5fe5-4565-873a-e64fa6b54cdc,2026-06-02T03:00:00Z,2026-06-02T05:00:00+0200,7511.72,MW,BE,BE,forecast_load,Forecasted Load,2026-06-16T08:13:23Z
2026-06-16T08:13:14Z,2026-06-16T10:13:14+0200,dd6516a5-5fe5-4565-873a-e64fa6b54cdc,2026-06-02T03:15:00Z,2026-06-02T05:15:00+0200,7553.87,MW,BE,BE,forecast_load,Forecasted Load,2026-06-16T08:13:23Z
2026-06-16T08:13:14Z,2026-06-16T10:13:14+0200,dd6516a5-5fe5-4565-873a-e64fa6b54cdc,2026-06-02T03:30:00Z,2026-06-02T05:30:00+0200,7612.49,MW,BE,BE,forecast_load,Forecasted Load,2026-06-16T08:13:23Z
2026-06-16T08:13:14Z,2026-06-16T10:13:14+0200,dd6516a5-5fe5-4565-873a-e64fa6b54cdc,2026-06-02T03:45:00Z,2026-06-02T05:45:00+0200,7679.75,MW,BE,BE,forecast_load,Forecasted Load,2026-06-16T08:13:23Z
2026-06-16T08:13:14Z,2026-06-16T10:13:14+0200,dd6516a5-5fe5-4565-873a-e64fa6b54cdc,2026-06-02T04:00:00Z,2026-06-02T06:00:00+0200,7978.86,MW,BE,BE,forecast_load,Forecasted Load,2026-06-16T08:13:23Z
2026-06-16T08:13:14Z,2026-06-16T10:13:14+0200,dd6516a5-5fe5-4565-873a-e64fa6b54cdc,2026-06-02T04:15:00Z,2026-06-02T06:15:00+0200,8152.91,MW,BE,BE,forecast_load,Forecasted Load,2026-06-16T08:13:23Z
2026-06-16T08:13:14Z,2026-06-16T10:13:14+0200,dd6516a5-5fe5-4565-873a-e64fa6b54cdc,2026-06-02T04:30:00Z,2026-06-02T06:30:00+0200,8368.73,MW,BE,BE,forecast_load,Forecasted Load,2026-06-16T08:13:23Z
2026-06-16T08:13:14Z,2026-06-16T10:13:14+0200,dd6516a5-5fe5-4565-873a-e64fa6b54cdc,2026-06-02T04:45:00Z,2026-06-02T06:45:00+0200,8559.05,MW,BE,BE,forecast_load,Forecasted Load,2026-06-16T08:13:23Z
2026-06-16T08:13:14Z,2026-06-16T10:13:14+0200,dd6516a5-5fe5-4565-873a-e64fa6b54cdc,2026-06-02T05:00:00Z,2026-06-02T07:00:00+0200,8764.64,MW,BE,BE,forecast_load,Forecasted Load,2026-06-16T08:13:23Z
2026-06-16T08:13:14Z,2026-06-16T10:13:14+0200,dd6516a5-5fe5-4565-873a-e64fa6b54cdc,2026-06-02T05:15:00Z,2026-06-02T07:15:00+0200,9006.91,MW,BE,BE,forecast_load,Forecasted Load,2026-06-16T08:13:23Z
2026-06-16T08:13:14Z,2026-06-16T10:13:14+0200,dd6516a5-5fe5-4565-873a-e64fa6b54cdc,2026-06-02T05:30:00Z,2026-06-02T07:30:00+0200,9191.82,MW,BE,BE,forecast_load,Forecasted Load,2026-06-16T08:13:23Z
2026-06-16T08:13:14Z,2026-06-16T10:13:14+0200,dd6516a5-5fe5-4565-873a-e64fa6b54cdc,2026-06-02T05:45:00Z,2026-06-02T07:45:00+0200,9335.24,MW,BE,BE,forecast_load,Forecasted Load,2026-06-16T08:13:23Z
2026-06-16T08:13:14Z,2026-06-16T10:13:14+0200,dd6516a5-5fe5-4565-873a-e64fa6b54cdc,2026-06-02T06:00:00Z,2026-06-02T08:00:00+0200,9348.24,MW,BE,BE,forecast_load,Forecasted Load,2026-06-16T08:13:23Z
2026-06-16T08:13:14Z,2026-06-16T10:13:14+0200,dd6516a5-5fe5-4565-873a-e64fa6b54cdc,2026-06-02T06:15:00Z,2026-06-02T08:15:00+0200,9468.93,MW,BE,BE,forecast_load,Forecasted Load,2026-06-16T08:13:23Z
2026-06-16T08:13:14Z,2026-06-16T10:13:14+0200,dd6516a5-5fe5-4565-873a-e64fa6b54cdc,2026-06-02T06:30:00Z,2026-06-02T08:30:00+0200,9667.52,MW,BE,BE,forecast_load,Forecasted Load,2026-06-16T08:13:23Z
2026-06-16T08:13:14Z,2026-06-16T10:13:14+0200,dd6516a5-5fe5-4565-873a-e64fa6b54cdc,2026-06-02T06:45:00Z,2026-06-02T08:45:00+0200,9827.21,MW,BE,BE,forecast_load,Forecasted Load,2026-06-16T08:13:23Z
2026-06-16T08:13:14Z,2026-06-16T10:13:14+0200,dd6516a5-5fe5-4565-873a-e64fa6b54cdc,2026-06-02T07:00:00Z,2026-06-02T09:00:00+0200,9913.14,MW,BE,BE,forecast_load,Forecasted Load,2026-06-16T08:13:23Z
2026-06-16T08:13:14Z,2026-06-16T10:13:14+0200,dd6516a5-5fe5-4565-873a-e64fa6b54cdc,2026-06-02T07:15:00Z,2026-06-02T09:15:00+0200,10027.07,MW,BE,BE,forecast_load,Forecasted Load,2026-06-16T08:13:23Z
2026-06-16T08:13:14Z,2026-06-16T10:13:14+0200,dd6516a5-5fe5-4565-873a-e64fa6b54cdc,2026-06-02T07:30:00Z,2026-06-02T09:30:00+0200,10124.51,MW,BE,BE,forecast_load,Forecasted Load,2026-06-16T08:13:23Z
2026-06-16T08:13:14Z,2026-06-16T10:13:14+0200,dd6516a5-5fe5-4565-873a-e64fa6b54cdc,2026-06-02T07:45:00Z,2026-06-02T09:45:00+0200,10146.79,MW,BE,BE,forecast_load,Forecasted Load,2026-06-16T08:13:23Z
2026-06-16T08:13:14Z,2026-06-16T10:13:14+0200,dd6516a5-5fe5-4565-873a-e64fa6b54cdc,2026-06-02T08:00:00Z,2026-06-02T10:00:00+0200,10086.89,MW,BE,BE,forecast_load,Forecasted Load,2026-06-16T08:13:23Z
2026-06-16T08:13:14Z,2026-06-16T10:13:14+0200,dd6516a5-5fe5-4565-873a-e64fa6b54cdc,2026-06-02T08:15:00Z,2026-06-02T10:15:00+0200,10146.51,MW,BE,BE,forecast_load,Forecasted Load,2026-06-16T08:13:23Z
2026-06-16T08:13:14Z,2026-06-16T10:13:14+0200,dd6516a5-5fe5-4565-873a-e64fa6b54cdc,2026-06-02T08:30:00Z,2026-06-02T10:30:00+0200,10235.43,MW,BE,BE,forecast_load,Forecasted Load,2026-06-16T08:13:23Z
2026-06-16T08:13:14Z,2026-06-16T10:13:14+0200,dd6516a5-5fe5-4565-873a-e64fa6b54cdc,2026-06-02T08:45:00Z,2026-06-02T10:45:00+0200,10291.28,MW,BE,BE,forecast_load,Forecasted Load,2026-06-16T08:13:23Z
2026-06-16T08:13:14Z,2026-06-16T10:13:14+0200,dd6516a5-5fe5-4565-873a-e64fa6b54cdc,2026-06-02T09:00:00Z,2026-06-02T11:00:00+0200,10220.51,MW,BE,BE,forecast_load,Forecasted Load,2026-06-16T08:13:23Z
2026-06-16T08:13:14Z,2026-06-16T10:13:14+0200,dd6516a5-5fe5-4565-873a-e64fa6b54cdc,2026-06-02T09:15:00Z,2026-06-02T11:15:00+0200,10302.64,MW,BE,BE,forecast_load,Forecasted Load,2026-06-16T08:13:23Z
2026-06-16T08:13:14Z,2026-06-16T10:13:14+0200,dd6516a5-5fe5-4565-873a-e64fa6b54cdc,2026-06-02T09:30:00Z,2026-06-02T11:30:00+0200,10309.95,MW,BE,BE,forecast_load,Forecasted Load,2026-06-16T08:13:23Z
2026-06-16T08:13:14Z,2026-06-16T10:13:14+0200,dd6516a5-5fe5-4565-873a-e64fa6b54cdc,2026-06-02T09:45:00Z,2026-06-02T11:45:00+0200,10357.78,MW,BE,BE,forecast_load,Forecasted Load,2026-06-16T08:13:23Z
2026-06-16T08:13:14Z,2026-06-16T10:13:14+0200,dd6516a5-5fe5-4565-873a-e64fa6b54cdc,2026-06-02T10:00:00Z,2026-06-02T12:00:00+0200,10179.16,MW,BE,BE,forecast_load,Forecasted Load,2026-06-16T08:13:23Z
2026-06-16T08:13:14Z,2026-06-16T10:13:14+0200,dd6516a5-5fe5-4565-873a-e64fa6b54cdc,2026-06-02T10:15:00Z,2026-06-02T12:15:00+0200,10147.31,MW,BE,BE,forecast_load,Forecasted Load,2026-06-16T08:13:23Z
2026-06-16T08:13:14Z,2026-06-16T10:13:14+0200,dd6516a5-5fe5-4565-873a-e64fa6b54cdc,2026-06-02T10:30:00Z,2026-06-02T12:30:00+0200,10121.01,MW,BE,BE,forecast_load,Forecasted Load,2026-06-16T08:13:23Z
2026-06-16T08:13:14Z,2026-06-16T10:13:14+0200,dd6516a5-5fe5-4565-873a-e64fa6b54cdc,2026-06-02T10:45:00Z,2026-06-02T12:45:00+0200,10145.87,MW,BE,BE,forecast_load,Forecasted Load,2026-06-16T08:13:23Z
2026-06-16T08:13:14Z,2026-06-16T10:13:14+0200,dd6516a5-5fe5-4565-873a-e64fa6b54cdc,2026-06-02T11:00:00Z,2026-06-02T13:00:00+0200,10113.48,MW,BE,BE,forecast_load,Forecasted Load,2026-06-16T08:13:23Z
2026-06-16T08:13:14Z,2026-06-16T10:13:14+0200,dd6516a5-5fe5-4565-873a-e64fa6b54cdc,2026-06-02T11:15:00Z,2026-06-02T13:15:00+0200,10119.33,MW,BE,BE,forecast_load,Forecasted Load,2026-06-16T08:13:23Z
2026-06-16T08:13:14Z,2026-06-16T10:13:14+0200,dd6516a5-5fe5-4565-873a-e64fa6b54cdc,2026-06-02T11:30:00Z,2026-06-02T13:30:00+0200,10028.05,MW,BE,BE,forecast_load,Forecasted Load,2026-06-16T08:13:23Z
2026-06-16T08:13:14Z,2026-06-16T10:13:14+0200,dd6516a5-5fe5-4565-873a-e64fa6b54cdc,2026-06-02T11:45:00Z,2026-06-02T13:45:00+0200,10004.11,MW,BE,BE,forecast_load,Forecasted Load,2026-06-16T08:13:23Z
2026-06-16T08:13:14Z,2026-06-16T10:13:14+0200,dd6516a5-5fe5-4565-873a-e64fa6b54cdc,2026-06-02T12:00:00Z,2026-06-02T14:00:00+0200,10002.6,MW,BE,BE,forecast_load,Forecasted Load,2026-06-16T08:13:23Z
2026-06-16T08:13:14Z,2026-06-16T10:13:14+0200,dd6516a5-5fe5-4565-873a-e64fa6b54cdc,2026-06-02T12:15:00Z,2026-06-02T14:15:00+0200,9916.45,MW,BE,BE,forecast_load,Forecasted Load,2026-06-16T08:13:23Z
2026-06-16T08:13:14Z,2026-06-16T10:13:14+0200,dd6516a5-5fe5-4565-873a-e64fa6b54cdc,2026-06-02T12:30:00Z,2026-06-02T14:30:00+0200,9833.12,MW,BE,BE,forecast_load,Forecasted Load,2026-06-16T08:13:23Z
2026-06-16T08:13:14Z,2026-06-16T10:13:14+0200,dd6516a5-5fe5-4565-873a-e64fa6b54cdc,2026-06-02T12:45:00Z,2026-06-02T14:45:00+0200,9748.0,MW,BE,BE,forecast_load,Forecasted Load,2026-06-16T08:13:23Z
2026-06-16T08:13:14Z,2026-06-16T10:13:14+0200,dd6516a5-5fe5-4565-873a-e64fa6b54cdc,2026-06-02T13:00:00Z,2026-06-02T15:00:00+0200,9793.54,MW,BE,BE,forecast_load,Forecasted Load,2026-06-16T08:13:23Z
2026-06-16T08:13:14Z,2026-06-16T10:13:14+0200,dd6516a5-5fe5-4565-873a-e64fa6b54cdc,2026-06-02T13:15:00Z,2026-06-02T15:15:00+0200,9689.94,MW,BE,BE,forecast_load,Forecasted Load,2026-06-16T08:13:23Z
2026-06-16T08:13:14Z,2026-06-16T10:13:14+0200,dd6516a5-5fe5-4565-873a-e64fa6b54cdc,2026-06-02T13:30:00Z,2026-06-02T15:30:00+0200,9580.23,MW,BE,BE,forecast_load,Forecasted Load,2026-06-16T08:13:23Z
2026-06-16T08:13:14Z,2026-06-16T10:13:14+0200,dd6516a5-5fe5-4565-873a-e64fa6b54cdc,2026-06-02T13:45:00Z,2026-06-02T15:45:00+0200,9479.39,MW,BE,BE,forecast_load,Forecasted Load,2026-06-16T08:13:23Z
2026-06-16T08:13:14Z,2026-06-16T10:13:14+0200,dd6516a5-5fe5-4565-873a-e64fa6b54cdc,2026-06-02T14:00:00Z,2026-06-02T16:00:00+0200,9735.58,MW,BE,BE,forecast_load,Forecasted Load,2026-06-16T08:13:23Z
2026-06-16T08:13:14Z,2026-06-16T10:13:14+0200,dd6516a5-5fe5-4565-873a-e64fa6b54cdc,2026-06-02T14:15:00Z,2026-06-02T16:15:00+0200,9655.76,MW,BE,BE,forecast_load,Forecasted Load,2026-06-16T08:13:23Z
2026-06-16T08:13:14Z,2026-06-16T10:13:14+0200,dd6516a5-5fe5-4565-873a-e64fa6b54cdc,2026-06-02T14:30:00Z,2026-06-02T16:30:00+0200,9571.32,MW,BE,BE,forecast_load,Forecasted Load,2026-06-16T08:13:23Z
2026-06-16T08:13:14Z,2026-06-16T10:13:14+0200,dd6516a5-5fe5-4565-873a-e64fa6b54cdc,2026-06-02T14:45:00Z,2026-06-02T16:45:00+0200,9533.69,MW,BE,BE,forecast_load,Forecasted Load,2026-06-16T08:13:23Z
2026-06-16T08:13:14Z,2026-06-16T10:13:14+0200,dd6516a5-5fe5-4565-873a-e64fa6b54cdc,2026-06-02T15:00:00Z,2026-06-02T17:00:00+0200,9673.35,MW,BE,BE,forecast_load,Forecasted Load,2026-06-16T08:13:23Z
2026-06-16T08:13:14Z,2026-06-16T10:13:14+0200,dd6516a5-5fe5-4565-873a-e64fa6b54cdc,2026-06-02T15:15:00Z,2026-06-02T17:15:00+0200,9640.7,MW,BE,BE,forecast_load,Forecasted Load,2026-06-16T08:13:23Z
2026-06-16T08:13:14Z,2026-06-16T10:13:14+0200,dd6516a5-5fe5-4565-873a-e64fa6b54cdc,2026-06-02T15:30:00Z,2026-06-02T17:30:00+0200,9667.61,MW,BE,BE,forecast_load,Forecasted Load,2026-06-16T08:13:23Z
2026-06-16T08:13:14Z,2026-06-16T10:13:14+0200,dd6516a5-5fe5-4565-873a-e64fa6b54cdc,2026-06-02T15:45:00Z,2026-06-02T17:45:00+0200,9659.85,MW,BE,BE,forecast_load,Forecasted Load,2026-06-16T08:13:23Z
2026-06-16T08:13:14Z,2026-06-16T10:13:14+0200,dd6516a5-5fe5-4565-873a-e64fa6b54cdc,2026-06-02T16:00:00Z,2026-06-02T18:00:00+0200,9702.18,MW,BE,BE,forecast_load,Forecasted Load,2026-06-16T08:13:23Z
2026-06-16T08:13:14Z,2026-06-16T10:13:14+0200,dd6516a5-5fe5-4565-873a-e64fa6b54cdc,2026-06-02T16:15:00Z,2026-06-02T18:15:00+0200,9683.77,MW,BE,BE,forecast_load,Forecasted Load,2026-06-16T08:13:23Z
2026-06-16T08:13:14Z,2026-06-16T10:13:14+0200,dd6516a5-5fe5-4565-873a-e64fa6b54cdc,2026-06-02T16:30:00Z,2026-06-02T18:30:00+0200,9664.38,MW,BE,BE,forecast_load,Forecasted Load,2026-06-16T08:13:23Z
2026-06-16T08:13:14Z,2026-06-16T10:13:14+0200,dd6516a5-5fe5-4565-873a-e64fa6b54cdc,2026-06-02T16:45:00Z,2026-06-02T18:45:00+0200,9632.32,MW,BE,BE,forecast_load,Forecasted Load,2026-06-16T08:13:23Z
2026-06-16T08:13:14Z,2026-06-16T10:13:14+0200,dd6516a5-5fe5-4565-873a-e64fa6b54cdc,2026-06-02T17:00:00Z,2026-06-02T19:00:00+0200,9602.51,MW,BE,BE,forecast_load,Forecasted Load,2026-06-16T08:13:23Z
2026-06-16T08:13:14Z,2026-06-16T10:13:14+0200,dd6516a5-5fe5-4565-873a-e64fa6b54cdc,2026-06-02T17:15:00Z,2026-06-02T19:15:00+0200,9520.93,MW,BE,BE,forecast_load,Forecasted Load,2026-06-16T08:13:23Z
2026-06-16T08:13:14Z,2026-06-16T10:13:14+0200,dd6516a5-5fe5-4565-873a-e64fa6b54cdc,2026-06-02T17:30:00Z,2026-06-02T19:30:00+0200,9467.48,MW,BE,BE,forecast_load,Forecasted Load,2026-06-16T08:13:23Z
2026-06-16T08:13:14Z,2026-06-16T10:13:14+0200,dd6516a5-5fe5-4565-873a-e64fa6b54cdc,2026-06-02T17:45:00Z,2026-06-02T19:45:00+0200,9369.17,MW,BE,BE,forecast_load,Forecasted Load,2026-06-16T08:13:23Z
2026-06-16T08:13:14Z,2026-06-16T10:13:14+0200,dd6516a5-5fe5-4565-873a-e64fa6b54cdc,2026-06-02T18:00:00Z,2026-06-02T20:00:00+0200,9326.34,MW,BE,BE,forecast_load,Forecasted Load,2026-06-16T08:13:23Z
2026-06-16T08:13:14Z,2026-06-16T10:13:14+0200,dd6516a5-5fe5-4565-873a-e64fa6b54cdc,2026-06-02T18:15:00Z,2026-06-02T20:15:00+0200,9228.23,MW,BE,BE,forecast_load,Forecasted Load,2026-06-16T08:13:23Z
2026-06-16T08:13:14Z,2026-06-16T10:13:14+0200,dd6516a5-5fe5-4565-873a-e64fa6b54cdc,2026-06-02T18:30:00Z,2026-06-02T20:30:00+0200,9116.46,MW,BE,BE,forecast_load,Forecasted Load,2026-06-16T08:13:23Z
2026-06-16T08:13:14Z,2026-06-16T10:13:14+0200,dd6516a5-5fe5-4565-873a-e64fa6b54cdc,2026-06-02T18:45:00Z,2026-06-02T20:45:00+0200,9036.61,MW,BE,BE,forecast_load,Forecasted Load,2026-06-16T08:13:23Z
2026-06-16T08:13:14Z,2026-06-16T10:13:14+0200,dd6516a5-5fe5-4565-873a-e64fa6b54cdc,2026-06-02T19:00:00Z,2026-06-02T21:00:00+0200,8932.71,MW,BE,BE,forecast_load,Forecasted Load,2026-06-16T08:13:23Z
2026-06-16T08:13:14Z,2026-06-16T10:13:14+0200,dd6516a5-5fe5-4565-873a-e64fa6b54cdc,2026-06-02T19:15:00Z,2026-06-02T21:15:00+0200,8884.53,MW,BE,BE,forecast_load,Forecasted Load,2026-06-16T08:13:23Z
2026-06-16T08:13:14Z,2026-06-16T10:13:14+0200,dd6516a5-5fe5-4565-873a-e64fa6b54cdc,2026-06-02T19:30:00Z,2026-06-02T21:30:00+0200,8887.72,MW,BE,BE,forecast_load,Forecasted Load,2026-06-16T08:13:23Z
2026-06-16T08:13:14Z,2026-06-16T10:13:14+0200,dd6516a5-5fe5-4565-873a-e64fa6b54cdc,2026-06-02T19:45:00Z,2026-06-02T21:45:00+0200,8917.54,MW,BE,BE,forecast_load,Forecasted Load,2026-06-16T08:13:23Z
2026-06-16T08:13:14Z,2026-06-16T10:13:14+0200,dd6516a5-5fe5-4565-873a-e64fa6b54cdc,2026-06-02T20:00:00Z,2026-06-02T22:00:00+0200,8806.02,MW,BE,BE,forecast_load,Forecasted Load,2026-06-16T08:13:23Z
2026-06-16T08:13:14Z,2026-06-16T10:13:14+0200,dd6516a5-5fe5-4565-873a-e64fa6b54cdc,2026-06-02T20:15:00Z,2026-06-02T22:15:00+0200,8846.37,MW,BE,BE,forecast_load,Forecasted Load,2026-06-16T08:13:23Z
2026-06-16T08:13:14Z,2026-06-16T10:13:14+0200,dd6516a5-5fe5-4565-873a-e64fa6b54cdc,2026-06-02T20:30:00Z,2026-06-02T22:30:00+0200,8787.84,MW,BE,BE,forecast_load,Forecasted Load,2026-06-16T08:13:23Z
2026-06-16T08:13:14Z,2026-06-16T10:13:14+0200,dd6516a5-5fe5-4565-873a-e64fa6b54cdc,2026-06-02T20:45:00Z,2026-06-02T22:45:00+0200,8669.49,MW,BE,BE,forecast_load,Forecasted Load,2026-06-16T08:13:23Z
2026-06-16T08:13:14Z,2026-06-16T10:13:14+0200,dd6516a5-5fe5-4565-873a-e64fa6b54cdc,2026-06-02T21:00:00Z,2026-06-02T23:00:00+0200,8517.35,MW,BE,BE,forecast_load,Forecasted Load,2026-06-16T08:13:23Z
2026-06-16T08:13:14Z,2026-06-16T10:13:14+0200,dd6516a5-5fe5-4565-873a-e64fa6b54cdc,2026-06-02T21:15:00Z,2026-06-02T23:15:00+0200,8387.89,MW,BE,BE,forecast_load,Forecasted Load,2026-06-16T08:13:23Z
2026-06-16T08:13:14Z,2026-06-16T10:13:14+0200,dd6516a5-5fe5-4565-873a-e64fa6b54cdc,2026-06-02T21:30:00Z,2026-06-02T23:30:00+0200,8303.53,MW,BE,BE,forecast_load,Forecasted Load,2026-06-16T08:13:23Z
2026-06-16T08:13:14Z,2026-06-16T10:13:14+0200,dd6516a5-5fe5-4565-873a-e64fa6b54cdc,2026-06-02T21:45:00Z,2026-06-02T23:45:00+0200,8186.9,MW,BE,BE,forecast_load,Forecasted Load,2026-06-16T08:13:23Z
2026-06-16T08:13:14Z,2026-06-16T10:13:14+0200,dd6516a5-5fe5-4565-873a-e64fa6b54cdc,2026-06-02T22:00:00Z,2026-06-03T00:00:00+0200,8184.29,MW,BE,BE,forecast_load,Forecasted Load,2026-06-16T08:13:23Z
2026-06-16T08:13:14Z,2026-06-16T10:13:14+0200,dd6516a5-5fe5-4565-873a-e64fa6b54cdc,2026-06-02T22:15:00Z,2026-06-03T00:15:00+0200,8048.56,MW,BE,BE,forecast_load,Forecasted Load,2026-06-16T08:13:23Z
2026-06-16T08:13:14Z,2026-06-16T10:13:14+0200,dd6516a5-5fe5-4565-873a-e64fa6b54cdc,2026-06-02T22:30:00Z,2026-06-03T00:30:00+0200,7952.14,MW,BE,BE,forecast_load,Forecasted Load,2026-06-16T08:13:23Z
2026-06-16T08:13:14Z,2026-06-16T10:13:14+0200,dd6516a5-5fe5-4565-873a-e64fa6b54cdc,2026-06-02T22:45:00Z,2026-06-03T00:45:00+0200,7850.27,MW,BE,BE,forecast_load,Forecasted Load,2026-06-16T08:13:23Z
2026-06-16T08:13:14Z,2026-06-16T10:13:14+0200,dd6516a5-5fe5-4565-873a-e64fa6b54cdc,2026-06-02T23:00:00Z,2026-06-03T01:00:00+0200,7763.87,MW,BE,BE,forecast_load,Forecasted Load,2026-06-16T08:13:23Z
2026-06-16T08:13:14Z,2026-06-16T10:13:14+0200,dd6516a5-5fe5-4565-873a-e64fa6b54cdc,2026-06-02T23:15:00Z,2026-06-03T01:15:00+0200,7719.12,MW,BE,BE,forecast_load,Forecasted Load,2026-06-16T08:13:23Z
2026-06-16T08:13:14Z,2026-06-16T10:13:14+0200,dd6516a5-5fe5-4565-873a-e64fa6b54cdc,2026-06-02T23:30:00Z,2026-06-03T01:30:00+0200,7651.75,MW,BE,BE,forecast_load,Forecasted Load,2026-06-16T08:13:23Z
2026-06-16T08:13:14Z,2026-06-16T10:13:14+0200,dd6516a5-5fe5-4565-873a-e64fa6b54cdc,2026-06-02T23:45:00Z,2026-06-03T01:45:00+0200,7588.62,MW,BE,BE,forecast_load,Forecasted Load,2026-06-16T08:13:23Z
2026-06-16T08:13:14Z,2026-06-16T10:13:14+0200,dd6516a5-5fe5-4565-873a-e64fa6b54cdc,2026-06-03T00:00:00Z,2026-06-03T02:00:00+0200,7532.53,MW,BE,BE,forecast_load,Forecasted Load,2026-06-16T08:13:23Z
2026-06-16T08:13:14Z,2026-06-16T10:13:14+0200,dd6516a5-5fe5-4565-873a-e64fa6b54cdc,2026-06-03T00:15:00Z,2026-06-03T02:15:00+0200,7479.23,MW,BE,BE,forecast_load,Forecasted Load,2026-06-16T08:13:23Z
2026-06-16T08:13:14Z,2026-06-16T10:13:14+0200,dd6516a5-5fe5-4565-873a-e64fa6b54cdc,2026-06-03T00:30:00Z,2026-06-03T02:30:00+0200,7449.54,MW,BE,BE,forecast_load,Forecasted Load,2026-06-16T08:13:23Z
2026-06-16T08:13:14Z,2026-06-16T10:13:14+0200,dd6516a5-5fe5-4565-873a-e64fa6b54cdc,2026-06-03T00:45:00Z,2026-06-03T02:45:00+0200,7425.31,MW,BE,BE,forecast_load,Forecasted Load,2026-06-16T08:13:23Z
2026-06-16T08:13:14Z,2026-06-16T10:13:14+0200,dd6516a5-5fe5-4565-873a-e64fa6b54cdc,2026-06-03T01:00:00Z,2026-06-03T03:00:00+0200,7455.49,MW,BE,BE,forecast_load,Forecasted Load,2026-06-16T08:13:23Z
2026-06-16T08:13:14Z,2026-06-16T10:13:14+0200,dd6516a5-5fe5-4565-873a-e64fa6b54cdc,2026-06-03T01:15:00Z,2026-06-03T03:15:00+0200,7421.67,MW,BE,BE,forecast_load,Forecasted Load,2026-06-16T08:13:23Z
2026-06-16T08:13:14Z,2026-06-16T10:13:14+0200,dd6516a5-5fe5-4565-873a-e64fa6b54cdc,2026-06-03T01:30:00Z,2026-06-03T03:30:00+0200,7409.78,MW,BE,BE,forecast_load,Forecasted Load,2026-06-16T08:13:23Z
2026-06-16T08:13:14Z,2026-06-16T10:13:14+0200,dd6516a5-5fe5-4565-873a-e64fa6b54cdc,2026-06-03T01:45:00Z,2026-06-03T03:45:00+0200,7384.81,MW,BE,BE,forecast_load,Forecasted Load,2026-06-16T08:13:23Z
2026-06-16T08:13:14Z,2026-06-16T10:13:14+0200,dd6516a5-5fe5-4565-873a-e64fa6b54cdc,2026-06-03T02:00:00Z,2026-06-03T04:00:00+0200,7466.6,MW,BE,BE,forecast_load,Forecasted Load,2026-06-16T08:13:23Z
2026-06-16T08:13:14Z,2026-06-16T10:13:14+0200,dd6516a5-5fe5-4565-873a-e64fa6b54cdc,2026-06-03T02:15:00Z,2026-06-03T04:15:00+0200,7477.56,MW,BE,BE,forecast_load,Forecasted Load,2026-06-16T08:13:23Z
2026-06-16T08:13:14Z,2026-06-16T10:13:14+0200,dd6516a5-5fe5-4565-873a-e64fa6b54cdc,2026-06-03T02:30:00Z,2026-06-03T04:30:00+0200,7493.29,MW,BE,BE,forecast_load,Forecasted Load,2026-06-16T08:13:23Z
2026-06-16T08:13:14Z,2026-06-16T10:13:14+0200,dd6516a5-5fe5-4565-873a-e64fa6b54cdc,2026-06-03T02:45:00Z,2026-06-03T04:45:00+0200,7551.04,MW,BE,BE,forecast_load,Forecasted Load,2026-06-16T08:13:23Z
2026-06-16T08:13:14Z,2026-06-16T10:13:14+0200,dd6516a5-5fe5-4565-873a-e64fa6b54cdc,2026-06-03T03:00:00Z,2026-06-03T05:00:00+0200,7599.19,MW,BE,BE,forecast_load,Forecasted Load,2026-06-16T08:13:23Z
2026-06-16T08:13:14Z,2026-06-16T10:13:14+0200,dd6516a5-5fe5-4565-873a-e64fa6b54cdc,2026-06-03T03:15:00Z,2026-06-03T05:15:00+0200,7641.84,MW,BE,BE,forecast_load,Forecasted Load,2026-06-16T08:13:23Z
2026-06-16T08:13:14Z,2026-06-16T10:13:14+0200,dd6516a5-5fe5-4565-873a-e64fa6b54cdc,2026-06-03T03:30:00Z,2026-06-03T05:30:00+0200,7701.14,MW,BE,BE,forecast_load,Forecasted Load,2026-06-16T08:13:23Z
2026-06-16T08:13:14Z,2026-06-16T10:13:14+0200,dd6516a5-5fe5-4565-873a-e64fa6b54cdc,2026-06-03T03:45:00Z,2026-06-03T05:45:00+0200,7769.18,MW,BE,BE,forecast_load,Forecasted Load,2026-06-16T08:13:23Z
2026-06-16T08:13:14Z,2026-06-16T10:13:14+0200,dd6516a5-5fe5-4565-873a-e64fa6b54cdc,2026-06-03T04:00:00Z,2026-06-03T06:00:00+0200,8105.1,MW,BE,BE,forecast_load,Forecasted Load,2026-06-16T08:13:23Z
2026-06-16T08:13:14Z,2026-06-16T10:13:14+0200,dd6516a5-5fe5-4565-873a-e64fa6b54cdc,2026-06-03T04:15:00Z,2026-06-03T06:15:00+0200,8281.9,MW,BE,BE,forecast_load,Forecasted Load,2026-06-16T08:13:23Z
2026-06-16T08:13:14Z,2026-06-16T10:13:14+0200,dd6516a5-5fe5-4565-873a-e64fa6b54cdc,2026-06-03T04:30:00Z,2026-06-03T06:30:00+0200,8501.13,MW,BE,BE,forecast_load,Forecasted Load,2026-06-16T08:13:23Z
2026-06-16T08:13:14Z,2026-06-16T10:13:14+0200,dd6516a5-5fe5-4565-873a-e64fa6b54cdc,2026-06-03T04:45:00Z,2026-06-03T06:45:00+0200,8694.47,MW,BE,BE,forecast_load,Forecasted Load,2026-06-16T08:13:23Z
2026-06-16T08:13:14Z,2026-06-16T10:13:14+0200,dd6516a5-5fe5-4565-873a-e64fa6b54cdc,2026-06-03T05:00:00Z,2026-06-03T07:00:00+0200,8958.01,MW,BE,BE,forecast_load,Forecasted Load,2026-06-16T08:13:23Z
2026-06-16T08:13:14Z,2026-06-16T10:13:14+0200,dd6516a5-5fe5-4565-873a-e64fa6b54cdc,2026-06-03T05:15:00Z,2026-06-03T07:15:00+0200,9205.62,MW,BE,BE,forecast_load,Forecasted Load,2026-06-16T08:13:23Z
2026-06-16T08:13:14Z,2026-06-16T10:13:14+0200,dd6516a5-5fe5-4565-873a-e64fa6b54cdc,2026-06-03T05:30:00Z,2026-06-03T07:30:00+0200,9394.61,MW,BE,BE,forecast_load,Forecasted Load,2026-06-16T08:13:23Z
2026-06-16T08:13:14Z,2026-06-16T10:13:14+0200,dd6516a5-5fe5-4565-873a-e64fa6b54cdc,2026-06-03T05:45:00Z,2026-06-03T07:45:00+0200,9541.19,MW,BE,BE,forecast_load,Forecasted Load,2026-06-16T08:13:23Z
2026-06-16T08:13:14Z,2026-06-16T10:13:14+0200,dd6516a5-5fe5-4565-873a-e64fa6b54cdc,2026-06-03T06:00:00Z,2026-06-03T08:00:00+0200,9577.25,MW,BE,BE,forecast_load,Forecasted Load,2026-06-16T08:13:23Z
2026-06-16T08:13:14Z,2026-06-16T10:13:14+0200,dd6516a5-5fe5-4565-873a-e64fa6b54cdc,2026-06-03T06:15:00Z,2026-06-03T08:15:00+0200,9700.9,MW,BE,BE,forecast_load,Forecasted Load,2026-06-16T08:13:23Z
2026-06-16T08:13:14Z,2026-06-16T10:13:14+0200,dd6516a5-5fe5-4565-873a-e64fa6b54cdc,2026-06-03T06:30:00Z,2026-06-03T08:30:00+0200,9904.35,MW,BE,BE,forecast_load,Forecasted Load,2026-06-16T08:13:23Z
2026-06-16T08:13:14Z,2026-06-16T10:13:14+0200,dd6516a5-5fe5-4565-873a-e64fa6b54cdc,2026-06-03T06:45:00Z,2026-06-03T08:45:00+0200,10067.95,MW,BE,BE,forecast_load,Forecasted Load,2026-06-16T08:13:23Z
2026-06-16T08:13:14Z,2026-06-16T10:13:14+0200,dd6516a5-5fe5-4565-873a-e64fa6b54cdc,2026-06-03T07:00:00Z,2026-06-03T09:00:00+0200,10078.61,MW,BE,BE,forecast_load,Forecasted Load,2026-06-16T08:13:23Z
2026-06-16T08:13:14Z,2026-06-16T10:13:14+0200,dd6516a5-5fe5-4565-873a-e64fa6b54cdc,2026-06-03T07:15:00Z,2026-06-03T09:15:00+0200,10194.45,MW,BE,BE,forecast_load,Forecasted Load,2026-06-16T08:13:23Z
2026-06-16T08:13:14Z,2026-06-16T10:13:14+0200,dd6516a5-5fe5-4565-873a-e64fa6b54cdc,2026-06-03T07:30:00Z,2026-06-03T09:30:00+0200,10293.52,MW,BE,BE,forecast_load,Forecasted Load,2026-06-16T08:13:23Z
2026-06-16T08:13:14Z,2026-06-16T10:13:14+0200,dd6516a5-5fe5-4565-873a-e64fa6b54cdc,2026-06-03T07:45:00Z,2026-06-03T09:45:00+0200,10316.17,MW,BE,BE,forecast_load,Forecasted Load,2026-06-16T08:13:23Z
2026-06-16T08:13:14Z,2026-06-16T10:13:14+0200,dd6516a5-5fe5-4565-873a-e64fa6b54cdc,2026-06-03T08:00:00Z,2026-06-03T10:00:00+0200,10528.81,MW,BE,BE,forecast_load,Forecasted Load,2026-06-16T08:13:23Z
2026-06-16T08:13:14Z,2026-06-16T10:13:14+0200,dd6516a5-5fe5-4565-873a-e64fa6b54cdc,2026-06-03T08:15:00Z,2026-06-03T10:15:00+0200,10591.03,MW,BE,BE,forecast_load,Forecasted Load,2026-06-16T08:13:23Z
2026-06-16T08:13:14Z,2026-06-16T10:13:14+0200,dd6516a5-5fe5-4565-873a-e64fa6b54cdc,2026-06-03T08:30:00Z,2026-06-03T10:30:00+0200,10683.85,MW,BE,BE,forecast_load,Forecasted Load,2026-06-16T08:13:23Z
2026-06-16T08:13:14Z,2026-06-16T10:13:14+0200,dd6516a5-5fe5-4565-873a-e64fa6b54cdc,2026-06-03T08:45:00Z,2026-06-03T10:45:00+0200,10742.15,MW,BE,BE,forecast_load,Forecasted Load,2026-06-16T08:13:23Z
2026-06-16T08:13:14Z,2026-06-16T10:13:14+0200,dd6516a5-5fe5-4565-873a-e64fa6b54cdc,2026-06-03T09:00:00Z,2026-06-03T11:00:00+0200,10883.32,MW,BE,BE,forecast_load,Forecasted Load,2026-06-16T08:13:23Z
2026-06-16T08:13:14Z,2026-06-16T10:13:14+0200,dd6516a5-5fe5-4565-873a-e64fa6b54cdc,2026-06-03T09:15:00Z,2026-06-03T11:15:00+0200,10970.78,MW,BE,BE,forecast_load,Forecasted Load,2026-06-16T08:13:23Z
2026-06-16T08:13:14Z,2026-06-16T10:13:14+0200,dd6516a5-5fe5-4565-873a-e64fa6b54cdc,2026-06-03T09:30:00Z,2026-06-03T11:30:00+0200,10978.56,MW,BE,BE,forecast_load,Forecasted Load,2026-06-16T08:13:23Z
2026-06-16T08:13:14Z,2026-06-16T10:13:14+0200,dd6516a5-5fe5-4565-873a-e64fa6b54cdc,2026-06-03T09:45:00Z,2026-06-03T11:45:00+0200,11029.49,MW,BE,BE,forecast_load,Forecasted Load,2026-06-16T08:13:23Z
2026-06-16T08:13:14Z,2026-06-16T10:13:14+0200,dd6516a5-5fe5-4565-873a-e64fa6b54cdc,2026-06-03T10:00:00Z,2026-06-03T12:00:00+0200,10958.14,MW,BE,BE,forecast_load,Forecasted Load,2026-06-16T08:13:23Z
2026-06-16T08:13:14Z,2026-06-16T10:13:14+0200,dd6516a5-5fe5-4565-873a-e64fa6b54cdc,2026-06-03T10:15:00Z,2026-06-03T12:15:00+0200,10923.86,MW,BE,BE,forecast_load,Forecasted Load,2026-06-16T08:13:23Z
2026-06-16T08:13:14Z,2026-06-16T10:13:14+0200,dd6516a5-5fe5-4565-873a-e64fa6b54cdc,2026-06-03T10:30:00Z,2026-06-03T12:30:00+0200,10895.54,MW,BE,BE,forecast_load,Forecasted Load,2026-06-16T08:13:23Z
2026-06-16T08:13:14Z,2026-06-16T10:13:14+0200,dd6516a5-5fe5-4565-873a-e64fa6b54cdc,2026-06-03T10:45:00Z,2026-06-03T12:45:00+0200,10922.3,MW,BE,BE,forecast_load,Forecasted Load,2026-06-16T08:13:23Z
2026-06-16T08:13:14Z,2026-06-16T10:13:14+0200,dd6516a5-5fe5-4565-873a-e64fa6b54cdc,2026-06-03T11:00:00Z,2026-06-03T13:00:00+0200,10884.23,MW,BE,BE,forecast_load,Forecasted Load,2026-06-16T08:13:23Z
2026-06-16T08:13:14Z,2026-06-16T10:13:14+0200,dd6516a5-5fe5-4565-873a-e64fa6b54cdc,2026-06-03T11:15:00Z,2026-06-03T13:15:00+0200,10890.52,MW,BE,BE,forecast_load,Forecasted Load,2026-06-16T08:13:23Z
2026-06-16T08:13:14Z,2026-06-16T10:13:14+0200,dd6516a5-5fe5-4565-873a-e64fa6b54cdc,2026-06-03T11:30:00Z,2026-06-03T13:30:00+0200,10792.28,MW,BE,BE,forecast_load,Forecasted Load,2026-06-16T08:13:23Z
2026-06-16T08:13:14Z,2026-06-16T10:13:14+0200,dd6516a5-5fe5-4565-873a-e64fa6b54cdc,2026-06-03T11:45:00Z,2026-06-03T13:45:00+0200,10766.52,MW,BE,BE,forecast_load,Forecasted Load,2026-06-16T08:13:23Z
2026-06-16T08:13:14Z,2026-06-16T10:13:14+0200,dd6516a5-5fe5-4565-873a-e64fa6b54cdc,2026-06-03T12:00:00Z,2026-06-03T14:00:00+0200,10739.38,MW,BE,BE,forecast_load,Forecasted Load,2026-06-16T08:13:23Z
2026-06-16T08:13:14Z,2026-06-16T10:13:14+0200,dd6516a5-5fe5-4565-873a-e64fa6b54cdc,2026-06-03T12:15:00Z,2026-06-03T14:15:00+0200,10646.89,MW,BE,BE,forecast_load,Forecasted Load,2026-06-16T08:13:23Z
2026-06-16T08:13:14Z,2026-06-16T10:13:14+0200,dd6516a5-5fe5-4565-873a-e64fa6b54cdc,2026-06-03T12:30:00Z,2026-06-03T14:30:00+0200,10557.43,MW,BE,BE,forecast_load,Forecasted Load,2026-06-16T08:13:23Z
2026-06-16T08:13:14Z,2026-06-16T10:13:14+0200,dd6516a5-5fe5-4565-873a-e64fa6b54cdc,2026-06-03T12:45:00Z,2026-06-03T14:45:00+0200,10466.03,MW,BE,BE,forecast_load,Forecasted Load,2026-06-16T08:13:23Z
2026-06-16T08:13:14Z,2026-06-16T10:13:14+0200,dd6516a5-5fe5-4565-873a-e64fa6b54cdc,2026-06-03T13:00:00Z,2026-06-03T15:00:00+0200,10477.58,MW,BE,BE,forecast_load,Forecasted Load,2026-06-16T08:13:23Z
2026-06-16T08:13:14Z,2026-06-16T10:13:14+0200,dd6516a5-5fe5-4565-873a-e64fa6b54cdc,2026-06-03T13:15:00Z,2026-06-03T15:15:00+0200,10366.73,MW,BE,BE,forecast_load,Forecasted Load,2026-06-16T08:13:23Z
2026-06-16T08:13:14Z,2026-06-16T10:13:14+0200,dd6516a5-5fe5-4565-873a-e64fa6b54cdc,2026-06-03T13:30:00Z,2026-06-03T15:30:00+0200,10249.36,MW,BE,BE,forecast_load,Forecasted Load,2026-06-16T08:13:23Z
2026-06-16T08:13:14Z,2026-06-16T10:13:14+0200,dd6516a5-5fe5-4565-873a-e64fa6b54cdc,2026-06-03T13:45:00Z,2026-06-03T15:45:00+0200,10141.48,MW,BE,BE,forecast_load,Forecasted Load,2026-06-16T08:13:23Z
2026-06-16T08:13:14Z,2026-06-16T10:13:14+0200,dd6516a5-5fe5-4565-873a-e64fa6b54cdc,2026-06-03T14:00:00Z,2026-06-03T16:00:00+0200,9932.68,MW,BE,BE,forecast_load,Forecasted Load,2026-06-16T08:13:23Z
2026-06-16T08:13:14Z,2026-06-16T10:13:14+0200,dd6516a5-5fe5-4565-873a-e64fa6b54cdc,2026-06-03T14:15:00Z,2026-06-03T16:15:00+0200,9851.24,MW,BE,BE,forecast_load,Forecasted Load,2026-06-16T08:13:23Z
2026-06-16T08:13:14Z,2026-06-16T10:13:14+0200,dd6516a5-5fe5-4565-873a-e64fa6b54cdc,2026-06-03T14:30:00Z,2026-06-03T16:30:00+0200,9765.09,MW,BE,BE,forecast_load,Forecasted Load,2026-06-16T08:13:23Z
2026-06-16T08:13:14Z,2026-06-16T10:13:14+0200,dd6516a5-5fe5-4565-873a-e64fa6b54cdc,2026-06-03T14:45:00Z,2026-06-03T16:45:00+0200,9726.7,MW,BE,BE,forecast_load,Forecasted Load,2026-06-16T08:13:23Z
2026-06-16T08:13:14Z,2026-06-16T10:13:14+0200,dd6516a5-5fe5-4565-873a-e64fa6b54cdc,2026-06-03T15:00:00Z,2026-06-03T17:00:00+0200,9782.99,MW,BE,BE,forecast_load,Forecasted Load,2026-06-16T08:13:23Z
2026-06-16T08:13:14Z,2026-06-16T10:13:14+0200,dd6516a5-5fe5-4565-873a-e64fa6b54cdc,2026-06-03T15:15:00Z,2026-06-03T17:15:00+0200,9749.97,MW,BE,BE,forecast_load,Forecasted Load,2026-06-16T08:13:23Z
2026-06-16T08:13:14Z,2026-06-16T10:13:14+0200,dd6516a5-5fe5-4565-873a-e64fa6b54cdc,2026-06-03T15:30:00Z,2026-06-03T17:30:00+0200,9777.19,MW,BE,BE,forecast_load,Forecasted Load,2026-06-16T08:13:23Z
2026-06-16T08:13:14Z,2026-06-16T10:13:14+0200,dd6516a5-5fe5-4565-873a-e64fa6b54cdc,2026-06-03T15:45:00Z,2026-06-03T17:45:00+0200,9769.34,MW,BE,BE,forecast_load,Forecasted Load,2026-06-16T08:13:23Z
2026-06-16T08:13:14Z,2026-06-16T10:13:14+0200,dd6516a5-5fe5-4565-873a-e64fa6b54cdc,2026-06-03T16:00:00Z,2026-06-03T18:00:00+0200,9876.77,MW,BE,BE,forecast_load,Forecasted Load,2026-06-16T08:13:23Z
2026-06-16T08:13:14Z,2026-06-16T10:13:14+0200,dd6516a5-5fe5-4565-873a-e64fa6b54cdc,2026-06-03T16:15:00Z,2026-06-03T18:15:00+0200,9858.03,MW,BE,BE,forecast_load,Forecasted Load,2026-06-16T08:13:23Z
2026-06-16T08:13:14Z,2026-06-16T10:13:14+0200,dd6516a5-5fe5-4565-873a-e64fa6b54cdc,2026-06-03T16:30:00Z,2026-06-03T18:30:00+0200,9838.29,MW,BE,BE,forecast_load,Forecasted Load,2026-06-16T08:13:23Z
2026-06-16T08:13:14Z,2026-06-16T10:13:14+0200,dd6516a5-5fe5-4565-873a-e64fa6b54cdc,2026-06-03T16:45:00Z,2026-06-03T18:45:00+0200,9805.66,MW,BE,BE,forecast_load,Forecasted Load,2026-06-16T08:13:23Z
2026-06-16T08:13:14Z,2026-06-16T10:13:14+0200,dd6516a5-5fe5-4565-873a-e64fa6b54cdc,2026-06-03T17:00:00Z,2026-06-03T19:00:00+0200,9787.17,MW,BE,BE,forecast_load,Forecasted Load,2026-06-16T08:13:23Z
2026-06-16T08:13:14Z,2026-06-16T10:13:14+0200,dd6516a5-5fe5-4565-873a-e64fa6b54cdc,2026-06-03T17:15:00Z,2026-06-03T19:15:00+0200,9704.02,MW,BE,BE,forecast_load,Forecasted Load,2026-06-16T08:13:23Z
2026-06-16T08:13:14Z,2026-06-16T10:13:14+0200,dd6516a5-5fe5-4565-873a-e64fa6b54cdc,2026-06-03T17:30:00Z,2026-06-03T19:30:00+0200,9649.54,MW,BE,BE,forecast_load,Forecasted Load,2026-06-16T08:13:23Z
2026-06-16T08:13:14Z,2026-06-16T10:13:14+0200,dd6516a5-5fe5-4565-873a-e64fa6b54cdc,2026-06-03T17:45:00Z,2026-06-03T19:45:00+0200,9549.34,MW,BE,BE,forecast_load,Forecasted Load,2026-06-16T08:13:23Z
2026-06-16T08:13:14Z,2026-06-16T10:13:14+0200,dd6516a5-5fe5-4565-873a-e64fa6b54cdc,2026-06-03T18:00:00Z,2026-06-03T20:00:00+0200,9483.84,MW,BE,BE,forecast_load,Forecasted Load,2026-06-16T08:13:23Z
2026-06-16T08:13:14Z,2026-06-16T10:13:14+0200,dd6516a5-5fe5-4565-873a-e64fa6b54cdc,2026-06-03T18:15:00Z,2026-06-03T20:15:00+0200,9384.08,MW,BE,BE,forecast_load,Forecasted Load,2026-06-16T08:13:23Z
2026-06-16T08:13:14Z,2026-06-16T10:13:14+0200,dd6516a5-5fe5-4565-873a-e64fa6b54cdc,2026-06-03T18:30:00Z,2026-06-03T20:30:00+0200,9270.42,MW,BE,BE,forecast_load,Forecasted Load,2026-06-16T08:13:23Z
2026-06-16T08:13:14Z,2026-06-16T10:13:14+0200,dd6516a5-5fe5-4565-873a-e64fa6b54cdc,2026-06-03T18:45:00Z,2026-06-03T20:45:00+0200,9189.22,MW,BE,BE,forecast_load,Forecasted Load,2026-06-16T08:13:23Z
2026-06-16T08:13:14Z,2026-06-16T10:13:14+0200,dd6516a5-5fe5-4565-873a-e64fa6b54cdc,2026-06-03T19:00:00Z,2026-06-03T21:00:00+0200,9016.98,MW,BE,BE,forecast_load,Forecasted Load,2026-06-16T08:13:23Z
2026-06-16T08:13:14Z,2026-06-16T10:13:14+0200,dd6516a5-5fe5-4565-873a-e64fa6b54cdc,2026-06-03T19:15:00Z,2026-06-03T21:15:00+0200,8968.35,MW,BE,BE,forecast_load,Forecasted Load,2026-06-16T08:13:23Z
2026-06-16T08:13:14Z,2026-06-16T10:13:14+0200,dd6516a5-5fe5-4565-873a-e64fa6b54cdc,2026-06-03T19:30:00Z,2026-06-03T21:30:00+0200,8971.57,MW,BE,BE,forecast_load,Forecasted Load,2026-06-16T08:13:23Z
2026-06-16T08:13:14Z,2026-06-16T10:13:14+0200,dd6516a5-5fe5-4565-873a-e64fa6b54cdc,2026-06-03T19:45:00Z,2026-06-03T21:45:00+0200,9001.67,MW,BE,BE,forecast_load,Forecasted Load,2026-06-16T08:13:23Z
2026-06-16T08:13:14Z,2026-06-16T10:13:14+0200,dd6516a5-5fe5-4565-873a-e64fa6b54cdc,2026-06-03T20:00:00Z,2026-06-03T22:00:00+0200,8976.51,MW,BE,BE,forecast_load,Forecasted Load,2026-06-16T08:13:23Z
2026-06-16T08:13:14Z,2026-06-16T10:13:14+0200,dd6516a5-5fe5-4565-873a-e64fa6b54cdc,2026-06-03T20:15:00Z,2026-06-03T22:15:00+0200,9017.65,MW,BE,BE,forecast_load,Forecasted Load,2026-06-16T08:13:23Z
2026-06-16T08:13:14Z,2026-06-16T10:13:14+0200,dd6516a5-5fe5-4565-873a-e64fa6b54cdc,2026-06-03T20:30:00Z,2026-06-03T22:30:00+0200,8957.98,MW,BE,BE,forecast_load,Forecasted Load,2026-06-16T08:13:23Z
2026-06-16T08:13:14Z,2026-06-16T10:13:14+0200,dd6516a5-5fe5-4565-873a-e64fa6b54cdc,2026-06-03T20:45:00Z,2026-06-03T22:45:00+0200,8837.34,MW,BE,BE,forecast_load,Forecasted Load,2026-06-16T08:13:23Z
2026-06-16T08:13:14Z,2026-06-16T10:13:14+0200,dd6516a5-5fe5-4565-873a-e64fa6b54cdc,2026-06-03T21:00:00Z,2026-06-03T23:00:00+0200,8743.61,MW,BE,BE,forecast_load,Forecasted Load,2026-06-16T08:13:23Z
2026-06-16T08:13:14Z,2026-06-16T10:13:14+0200,dd6516a5-5fe5-4565-873a-e64fa6b54cdc,2026-06-03T21:15:00Z,2026-06-03T23:15:00+0200,8610.71,MW,BE,BE,forecast_load,Forecasted Load,2026-06-16T08:13:23Z
2026-06-16T08:13:14Z,2026-06-16T10:13:14+0200,dd6516a5-5fe5-4565-873a-e64fa6b54cdc,2026-06-03T21:30:00Z,2026-06-03T23:30:00+0200,8524.11,MW,BE,BE,forecast_load,Forecasted Load,2026-06-16T08:13:23Z
2026-06-16T08:13:14Z,2026-06-16T10:13:14+0200,dd6516a5-5fe5-4565-873a-e64fa6b54cdc,2026-06-03T21:45:00Z,2026-06-03T23:45:00+0200,8404.37,MW,BE,BE,forecast_load,Forecasted Load,2026-06-16T08:13:23Z
2026-06-16T08:13:14Z,2026-06-16T10:13:14+0200,dd6516a5-5fe5-4565-873a-e64fa6b54cdc,2026-06-03T22:00:00Z,2026-06-04T00:00:00+0200,8172.63,MW,BE,BE,forecast_load,Forecasted Load,2026-06-16T08:13:23Z
2026-06-16T08:13:14Z,2026-06-16T10:13:14+0200,dd6516a5-5fe5-4565-873a-e64fa6b54cdc,2026-06-03T22:15:00Z,2026-06-04T00:15:00+0200,8043.84,MW,BE,BE,forecast_load,Forecasted Load,2026-06-16T08:13:23Z
2026-06-16T08:13:14Z,2026-06-16T10:13:14+0200,dd6516a5-5fe5-4565-873a-e64fa6b54cdc,2026-06-03T22:30:00Z,2026-06-04T00:30:00+0200,7942.59,MW,BE,BE,forecast_load,Forecasted Load,2026-06-16T08:13:23Z
2026-06-16T08:13:14Z,2026-06-16T10:13:14+0200,dd6516a5-5fe5-4565-873a-e64fa6b54cdc,2026-06-03T22:45:00Z,2026-06-04T00:45:00+0200,7835.15,MW,BE,BE,forecast_load,Forecasted Load,2026-06-16T08:13:23Z
2026-06-16T08:13:14Z,2026-06-16T10:13:14+0200,dd6516a5-5fe5-4565-873a-e64fa6b54cdc,2026-06-03T23:00:00Z,2026-06-04T01:00:00+0200,7855.56,MW,BE,BE,forecast_load,Forecasted Load,2026-06-16T08:13:23Z
2026-06-16T08:13:14Z,2026-06-16T10:13:14+0200,dd6516a5-5fe5-4565-873a-e64fa6b54cdc,2026-06-03T23:15:00Z,2026-06-04T01:15:00+0200,7803.56,MW,BE,BE,forecast_load,Forecasted Load,2026-06-16T08:13:23Z
2026-06-16T08:13:14Z,2026-06-16T10:13:14+0200,dd6516a5-5fe5-4565-873a-e64fa6b54cdc,2026-06-03T23:30:00Z,2026-06-04T01:30:00+0200,7720.85,MW,BE,BE,forecast_load,Forecasted Load,2026-06-16T08:13:23Z
2026-06-16T08:13:14Z,2026-06-16T10:13:14+0200,dd6516a5-5fe5-4565-873a-e64fa6b54cdc,2026-06-03T23:45:00Z,2026-06-04T01:45:00+0200,7669.23,MW,BE,BE,forecast_load,Forecasted Load,2026-06-16T08:13:23Z
2026-06-16T08:13:14Z,2026-06-16T10:13:14+0200,dd6516a5-5fe5-4565-873a-e64fa6b54cdc,2026-06-04T00:00:00Z,2026-06-04T02:00:00+0200,7651.42,MW,BE,BE,forecast_load,Forecasted Load,2026-06-16T08:13:23Z
2026-06-16T08:13:14Z,2026-06-16T10:13:14+0200,dd6516a5-5fe5-4565-873a-e64fa6b54cdc,2026-06-04T00:15:00Z,2026-06-04T02:15:00+0200,7602.44,MW,BE,BE,forecast_load,Forecasted Load,2026-06-16T08:13:23Z
2026-06-16T08:13:14Z,2026-06-16T10:13:14+0200,dd6516a5-5fe5-4565-873a-e64fa6b54cdc,2026-06-04T00:30:00Z,2026-06-04T02:30:00+0200,7582.61,MW,BE,BE,forecast_load,Forecasted Load,2026-06-16T08:13:23Z
2026-06-16T08:13:14Z,2026-06-16T10:13:14+0200,dd6516a5-5fe5-4565-873a-e64fa6b54cdc,2026-06-04T00:45:00Z,2026-06-04T02:45:00+0200,7551.18,MW,BE,BE,forecast_load,Forecasted Load,2026-06-16T08:13:23Z
2026-06-16T08:13:14Z,2026-06-16T10:13:14+0200,dd6516a5-5fe5-4565-873a-e64fa6b54cdc,2026-06-04T01:00:00Z,2026-06-04T03:00:00+0200,7498.86,MW,BE,BE,forecast_load,Forecasted Load,2026-06-16T08:13:23Z
2026-06-16T08:13:14Z,2026-06-16T10:13:14+0200,dd6516a5-5fe5-4565-873a-e64fa6b54cdc,2026-06-04T01:15:00Z,2026-06-04T03:15:00+0200,7472.26,MW,BE,BE,forecast_load,Forecasted Load,2026-06-16T08:13:23Z
2026-06-16T08:13:14Z,2026-06-16T10:13:14+0200,dd6516a5-5fe5-4565-873a-e64fa6b54cdc,2026-06-04T01:30:00Z,2026-06-04T03:30:00+0200,7455.33,MW,BE,BE,forecast_load,Forecasted Load,2026-06-16T08:13:23Z
2026-06-16T08:13:14Z,2026-06-16T10:13:14+0200,dd6516a5-5fe5-4565-873a-e64fa6b54cdc,2026-06-04T01:45:00Z,2026-06-04T03:45:00+0200,7440.61,MW,BE,BE,forecast_load,Forecasted Load,2026-06-16T08:13:23Z
2026-06-16T08:13:14Z,2026-06-16T10:13:14+0200,dd6516a5-5fe5-4565-873a-e64fa6b54cdc,2026-06-04T02:00:00Z,2026-06-04T04:00:00+0200,7422.06,MW,BE,BE,forecast_load,Forecasted Load,2026-06-16T08:13:23Z
2026-06-16T08:13:14Z,2026-06-16T10:13:14+0200,dd6516a5-5fe5-4565-873a-e64fa6b54cdc,2026-06-04T02:15:00Z,2026-06-04T04:15:00+0200,7437.71,MW,BE,BE,forecast_load,Forecasted Load,2026-06-16T08:13:23Z
2026-06-16T08:13:14Z,2026-06-16T10:13:14+0200,dd6516a5-5fe5-4565-873a-e64fa6b54cdc,2026-06-04T02:30:00Z,2026-06-04T04:30:00+0200,7455.89,MW,BE,BE,forecast_load,Forecasted Load,2026-06-16T08:13:23Z
2026-06-16T08:13:14Z,2026-06-16T10:13:14+0200,dd6516a5-5fe5-4565-873a-e64fa6b54cdc,2026-06-04T02:45:00Z,2026-06-04T04:45:00+0200,7510.46,MW,BE,BE,forecast_load,Forecasted Load,2026-06-16T08:13:23Z
2026-06-16T08:13:14Z,2026-06-16T10:13:14+0200,dd6516a5-5fe5-4565-873a-e64fa6b54cdc,2026-06-04T03:00:00Z,2026-06-04T05:00:00+0200,7538.84,MW,BE,BE,forecast_load,Forecasted Load,2026-06-16T08:13:23Z
2026-06-16T08:13:14Z,2026-06-16T10:13:14+0200,dd6516a5-5fe5-4565-873a-e64fa6b54cdc,2026-06-04T03:15:00Z,2026-06-04T05:15:00+0200,7566.56,MW,BE,BE,forecast_load,Forecasted Load,2026-06-16T08:13:23Z
2026-06-16T08:13:14Z,2026-06-16T10:13:14+0200,dd6516a5-5fe5-4565-873a-e64fa6b54cdc,2026-06-04T03:30:00Z,2026-06-04T05:30:00+0200,7631.2,MW,BE,BE,forecast_load,Forecasted Load,2026-06-16T08:13:23Z
2026-06-16T08:13:14Z,2026-06-16T10:13:14+0200,dd6516a5-5fe5-4565-873a-e64fa6b54cdc,2026-06-04T03:45:00Z,2026-06-04T05:45:00+0200,7697.31,MW,BE,BE,forecast_load,Forecasted Load,2026-06-16T08:13:23Z
2026-06-16T08:13:14Z,2026-06-16T10:13:14+0200,dd6516a5-5fe5-4565-873a-e64fa6b54cdc,2026-06-04T04:00:00Z,2026-06-04T06:00:00+0200,7923.11,MW,BE,BE,forecast_load,Forecasted Load,2026-06-16T08:13:23Z
2026-06-16T08:13:14Z,2026-06-16T10:13:14+0200,dd6516a5-5fe5-4565-873a-e64fa6b54cdc,2026-06-04T04:15:00Z,2026-06-04T06:15:00+0200,8099.4,MW,BE,BE,forecast_load,Forecasted Load,2026-06-16T08:13:23Z
2026-06-16T08:13:14Z,2026-06-16T10:13:14+0200,dd6516a5-5fe5-4565-873a-e64fa6b54cdc,2026-06-04T04:30:00Z,2026-06-04T06:30:00+0200,8317.52,MW,BE,BE,forecast_load,Forecasted Load,2026-06-16T08:13:23Z
2026-06-16T08:13:14Z,2026-06-16T10:13:14+0200,dd6516a5-5fe5-4565-873a-e64fa6b54cdc,2026-06-04T04:45:00Z,2026-06-04T06:45:00+0200,8515.5,MW,BE,BE,forecast_load,Forecasted Load,2026-06-16T08:13:23Z
2026-06-16T08:13:14Z,2026-06-16T10:13:14+0200,dd6516a5-5fe5-4565-873a-e64fa6b54cdc,2026-06-04T05:00:00Z,2026-06-04T07:00:00+0200,8750.62,MW,BE,BE,forecast_load,Forecasted Load,2026-06-16T08:13:23Z
2026-06-16T08:13:14Z,2026-06-16T10:13:14+0200,dd6516a5-5fe5-4565-873a-e64fa6b54cdc,2026-06-04T05:15:00Z,2026-06-04T07:15:00+0200,8992.35,MW,BE,BE,forecast_load,Forecasted Load,2026-06-16T08:13:23Z
2026-06-16T08:13:14Z,2026-06-16T10:13:14+0200,dd6516a5-5fe5-4565-873a-e64fa6b54cdc,2026-06-04T05:30:00Z,2026-06-04T07:30:00+0200,9156.62,MW,BE,BE,forecast_load,Forecasted Load,2026-06-16T08:13:23Z
2026-06-16T08:13:14Z,2026-06-16T10:13:14+0200,dd6516a5-5fe5-4565-873a-e64fa6b54cdc,2026-06-04T05:45:00Z,2026-06-04T07:45:00+0200,9314.27,MW,BE,BE,forecast_load,Forecasted Load,2026-06-16T08:13:23Z
2026-06-16T08:13:14Z,2026-06-16T10:13:14+0200,dd6516a5-5fe5-4565-873a-e64fa6b54cdc,2026-06-04T06:00:00Z,2026-06-04T08:00:00+0200,9445.9,MW,BE,BE,forecast_load,Forecasted Load,2026-06-16T08:13:23Z
2026-06-16T08:13:14Z,2026-06-16T10:13:14+0200,dd6516a5-5fe5-4565-873a-e64fa6b54cdc,2026-06-04T06:15:00Z,2026-06-04T08:15:00+0200,9556.42,MW,BE,BE,forecast_load,Forecasted Load,2026-06-16T08:13:23Z
2026-06-16T08:13:14Z,2026-06-16T10:13:14+0200,dd6516a5-5fe5-4565-873a-e64fa6b54cdc,2026-06-04T06:30:00Z,2026-06-04T08:30:00+0200,9753.03,MW,BE,BE,forecast_load,Forecasted Load,2026-06-16T08:13:23Z
2026-06-16T08:13:14Z,2026-06-16T10:13:14+0200,dd6516a5-5fe5-4565-873a-e64fa6b54cdc,2026-06-04T06:45:00Z,2026-06-04T08:45:00+0200,9903.72,MW,BE,BE,forecast_load,Forecasted Load,2026-06-16T08:13:23Z
2026-06-16T08:13:14Z,2026-06-16T10:13:14+0200,dd6516a5-5fe5-4565-873a-e64fa6b54cdc,2026-06-04T07:00:00Z,2026-06-04T09:00:00+0200,10036.29,MW,BE,BE,forecast_load,Forecasted Load,2026-06-16T08:13:23Z
2026-06-16T08:13:14Z,2026-06-16T10:13:14+0200,dd6516a5-5fe5-4565-873a-e64fa6b54cdc,2026-06-04T07:15:00Z,2026-06-04T09:15:00+0200,10135.77,MW,BE,BE,forecast_load,Forecasted Load,2026-06-16T08:13:23Z
2026-06-16T08:13:14Z,2026-06-16T10:13:14+0200,dd6516a5-5fe5-4565-873a-e64fa6b54cdc,2026-06-04T07:30:00Z,2026-06-04T09:30:00+0200,10213.13,MW,BE,BE,forecast_load,Forecasted Load,2026-06-16T08:13:23Z
2026-06-16T08:13:14Z,2026-06-16T10:13:14+0200,dd6516a5-5fe5-4565-873a-e64fa6b54cdc,2026-06-04T07:45:00Z,2026-06-04T09:45:00+0200,10246.73,MW,BE,BE,forecast_load,Forecasted Load,2026-06-16T08:13:23Z
2026-06-16T08:13:14Z,2026-06-16T10:13:14+0200,dd6516a5-5fe5-4565-873a-e64fa6b54cdc,2026-06-04T08:00:00Z,2026-06-04T10:00:00+0200,10266.7,MW,BE,BE,forecast_load,Forecasted Load,2026-06-16T08:13:23Z
2026-06-16T08:13:14Z,2026-06-16T10:13:14+0200,dd6516a5-5fe5-4565-873a-e64fa6b54cdc,2026-06-04T08:15:00Z,2026-06-04T10:15:00+0200,10323.76,MW,BE,BE,forecast_load,Forecasted Load,2026-06-16T08:13:23Z
2026-06-16T08:13:14Z,2026-06-16T10:13:14+0200,dd6516a5-5fe5-4565-873a-e64fa6b54cdc,2026-06-04T08:30:00Z,2026-06-04T10:30:00+0200,10399.97,MW,BE,BE,forecast_load,Forecasted Load,2026-06-16T08:13:23Z
2026-06-16T08:13:14Z,2026-06-16T10:13:14+0200,dd6516a5-5fe5-4565-873a-e64fa6b54cdc,2026-06-04T08:45:00Z,2026-06-04T10:45:00+0200,10447.27,MW,BE,BE,forecast_load,Forecasted Load,2026-06-16T08:13:23Z
2026-06-16T08:13:14Z,2026-06-16T10:13:14+0200,dd6516a5-5fe5-4565-873a-e64fa6b54cdc,2026-06-04T09:00:00Z,2026-06-04T11:00:00+0200,10491.13,MW,BE,BE,forecast_load,Forecasted Load,2026-06-16T08:13:23Z
2026-06-16T08:13:14Z,2026-06-16T10:13:14+0200,dd6516a5-5fe5-4565-873a-e64fa6b54cdc,2026-06-04T09:15:00Z,2026-06-04T11:15:00+0200,10612.95,MW,BE,BE,forecast_load,Forecasted Load,2026-06-16T08:13:23Z
2026-06-16T08:13:14Z,2026-06-16T10:13:14+0200,dd6516a5-5fe5-4565-873a-e64fa6b54cdc,2026-06-04T09:30:00Z,2026-06-04T11:30:00+0200,10629.31,MW,BE,BE,forecast_load,Forecasted Load,2026-06-16T08:13:23Z
2026-06-16T08:13:14Z,2026-06-16T10:13:14+0200,dd6516a5-5fe5-4565-873a-e64fa6b54cdc,2026-06-04T09:45:00Z,2026-06-04T11:45:00+0200,10677.69,MW,BE,BE,forecast_load,Forecasted Load,2026-06-16T08:13:23Z
2026-06-16T08:13:14Z,2026-06-16T10:13:14+0200,dd6516a5-5fe5-4565-873a-e64fa6b54cdc,2026-06-04T10:00:00Z,2026-06-04T12:00:00+0200,10698.59,MW,BE,BE,forecast_load,Forecasted Load,2026-06-16T08:13:23Z
2026-06-16T08:13:14Z,2026-06-16T10:13:14+0200,dd6516a5-5fe5-4565-873a-e64fa6b54cdc,2026-06-04T10:15:00Z,2026-06-04T12:15:00+0200,10652.3,MW,BE,BE,forecast_load,Forecasted Load,2026-06-16T08:13:23Z
2026-06-16T08:13:14Z,2026-06-16T10:13:14+0200,dd6516a5-5fe5-4565-873a-e64fa6b54cdc,2026-06-04T10:30:00Z,2026-06-04T12:30:00+0200,10643.65,MW,BE,BE,forecast_load,Forecasted Load,2026-06-16T08:13:23Z
2026-06-16T08:13:14Z,2026-06-16T10:13:14+0200,dd6516a5-5fe5-4565-873a-e64fa6b54cdc,2026-06-04T10:45:00Z,2026-06-04T12:45:00+0200,10662.9,MW,BE,BE,forecast_load,Forecasted Load,2026-06-16T08:13:23Z
2026-06-16T08:13:14Z,2026-06-16T10:13:14+0200,dd6516a5-5fe5-4565-873a-e64fa6b54cdc,2026-06-04T11:00:00Z,2026-06-04T13:00:00+0200,10650.32,MW,BE,BE,forecast_load,Forecasted Load,2026-06-16T08:13:23Z
2026-06-16T08:13:14Z,2026-06-16T10:13:14+0200,dd6516a5-5fe5-4565-873a-e64fa6b54cdc,2026-06-04T11:15:00Z,2026-06-04T13:15:00+0200,10640.47,MW,BE,BE,forecast_load,Forecasted Load,2026-06-16T08:13:23Z
2026-06-16T08:13:14Z,2026-06-16T10:13:14+0200,dd6516a5-5fe5-4565-873a-e64fa6b54cdc,2026-06-04T11:30:00Z,2026-06-04T13:30:00+0200,10551.2,MW,BE,BE,forecast_load,Forecasted Load,2026-06-16T08:13:23Z
2026-06-16T08:13:14Z,2026-06-16T10:13:14+0200,dd6516a5-5fe5-4565-873a-e64fa6b54cdc,2026-06-04T11:45:00Z,2026-06-04T13:45:00+0200,10511.29,MW,BE,BE,forecast_load,Forecasted Load,2026-06-16T08:13:23Z
2026-06-16T08:13:14Z,2026-06-16T10:13:14+0200,dd6516a5-5fe5-4565-873a-e64fa6b54cdc,2026-06-04T12:00:00Z,2026-06-04T14:00:00+0200,10547.22,MW,BE,BE,forecast_load,Forecasted Load,2026-06-16T08:13:23Z
2026-06-16T08:13:14Z,2026-06-16T10:13:14+0200,dd6516a5-5fe5-4565-873a-e64fa6b54cdc,2026-06-04T12:15:00Z,2026-06-04T14:15:00+0200,10460.67,MW,BE,BE,forecast_load,Forecasted Load,2026-06-16T08:13:23Z
2026-06-16T08:13:14Z,2026-06-16T10:13:14+0200,dd6516a5-5fe5-4565-873a-e64fa6b54cdc,2026-06-04T12:30:00Z,2026-06-04T14:30:00+0200,10374.43,MW,BE,BE,forecast_load,Forecasted Load,2026-06-16T08:13:23Z
2026-06-16T08:13:14Z,2026-06-16T10:13:14+0200,dd6516a5-5fe5-4565-873a-e64fa6b54cdc,2026-06-04T12:45:00Z,2026-06-04T14:45:00+0200,10318.44,MW,BE,BE,forecast_load,Forecasted Load,2026-06-16T08:13:23Z
2026-06-16T08:13:14Z,2026-06-16T10:13:14+0200,dd6516a5-5fe5-4565-873a-e64fa6b54cdc,2026-06-04T13:00:00Z,2026-06-04T15:00:00+0200,10333.4,MW,BE,BE,forecast_load,Forecasted Load,2026-06-16T08:13:23Z
2026-06-16T08:13:14Z,2026-06-16T10:13:14+0200,dd6516a5-5fe5-4565-873a-e64fa6b54cdc,2026-06-04T13:15:00Z,2026-06-04T15:15:00+0200,10268.15,MW,BE,BE,forecast_load,Forecasted Load,2026-06-16T08:13:23Z
2026-06-16T08:13:14Z,2026-06-16T10:13:14+0200,dd6516a5-5fe5-4565-873a-e64fa6b54cdc,2026-06-04T13:30:00Z,2026-06-04T15:30:00+0200,10155.26,MW,BE,BE,forecast_load,Forecasted Load,2026-06-16T08:13:23Z
2026-06-16T08:13:14Z,2026-06-16T10:13:14+0200,dd6516a5-5fe5-4565-873a-e64fa6b54cdc,2026-06-04T13:45:00Z,2026-06-04T15:45:00+0200,10031.13,MW,BE,BE,forecast_load,Forecasted Load,2026-06-16T08:13:23Z
2026-06-16T08:13:14Z,2026-06-16T10:13:14+0200,dd6516a5-5fe5-4565-873a-e64fa6b54cdc,2026-06-04T14:00:00Z,2026-06-04T16:00:00+0200,9950.03,MW,BE,BE,forecast_load,Forecasted Load,2026-06-16T08:13:23Z
2026-06-16T08:13:14Z,2026-06-16T10:13:14+0200,dd6516a5-5fe5-4565-873a-e64fa6b54cdc,2026-06-04T14:15:00Z,2026-06-04T16:15:00+0200,9871.69,MW,BE,BE,forecast_load,Forecasted Load,2026-06-16T08:13:23Z
2026-06-16T08:13:14Z,2026-06-16T10:13:14+0200,dd6516a5-5fe5-4565-873a-e64fa6b54cdc,2026-06-04T14:30:00Z,2026-06-04T16:30:00+0200,9765.79,MW,BE,BE,forecast_load,Forecasted Load,2026-06-16T08:13:23Z
2026-06-16T08:13:14Z,2026-06-16T10:13:14+0200,dd6516a5-5fe5-4565-873a-e64fa6b54cdc,2026-06-04T14:45:00Z,2026-06-04T16:45:00+0200,9694.16,MW,BE,BE,forecast_load,Forecasted Load,2026-06-16T08:13:23Z
2026-06-16T08:13:14Z,2026-06-16T10:13:14+0200,dd6516a5-5fe5-4565-873a-e64fa6b54cdc,2026-06-04T15:00:00Z,2026-06-04T17:00:00+0200,9651.53,MW,BE,BE,forecast_load,Forecasted Load,2026-06-16T08:13:23Z
2026-06-16T08:13:14Z,2026-06-16T10:13:14+0200,dd6516a5-5fe5-4565-873a-e64fa6b54cdc,2026-06-04T15:15:00Z,2026-06-04T17:15:00+0200,9623.23,MW,BE,BE,forecast_load,Forecasted Load,2026-06-16T08:13:23Z
2026-06-16T08:13:14Z,2026-06-16T10:13:14+0200,dd6516a5-5fe5-4565-873a-e64fa6b54cdc,2026-06-04T15:30:00Z,2026-06-04T17:30:00+0200,9655.69,MW,BE,BE,forecast_load,Forecasted Load,2026-06-16T08:13:23Z
2026-06-16T08:13:14Z,2026-06-16T10:13:14+0200,dd6516a5-5fe5-4565-873a-e64fa6b54cdc,2026-06-04T15:45:00Z,2026-06-04T17:45:00+0200,9675.25,MW,BE,BE,forecast_load,Forecasted Load,2026-06-16T08:13:23Z
2026-06-16T08:13:14Z,2026-06-16T10:13:14+0200,dd6516a5-5fe5-4565-873a-e64fa6b54cdc,2026-06-04T16:00:00Z,2026-06-04T18:00:00+0200,9724.56,MW,BE,BE,forecast_load,Forecasted Load,2026-06-16T08:13:23Z
2026-06-16T08:13:14Z,2026-06-16T10:13:14+0200,dd6516a5-5fe5-4565-873a-e64fa6b54cdc,2026-06-04T16:15:00Z,2026-06-04T18:15:00+0200,9701.11,MW,BE,BE,forecast_load,Forecasted Load,2026-06-16T08:13:23Z
2026-06-16T08:13:14Z,2026-06-16T10:13:14+0200,dd6516a5-5fe5-4565-873a-e64fa6b54cdc,2026-06-04T16:30:00Z,2026-06-04T18:30:00+0200,9680.95,MW,BE,BE,forecast_load,Forecasted Load,2026-06-16T08:13:23Z
2026-06-16T08:13:14Z,2026-06-16T10:13:14+0200,dd6516a5-5fe5-4565-873a-e64fa6b54cdc,2026-06-04T16:45:00Z,2026-06-04T18:45:00+0200,9648.89,MW,BE,BE,forecast_load,Forecasted Load,2026-06-16T08:13:23Z
2026-06-16T08:13:14Z,2026-06-16T10:13:14+0200,dd6516a5-5fe5-4565-873a-e64fa6b54cdc,2026-06-04T17:00:00Z,2026-06-04T19:00:00+0200,9691.74,MW,BE,BE,forecast_load,Forecasted Load,2026-06-16T08:13:23Z
2026-06-16T08:13:14Z,2026-06-16T10:13:14+0200,dd6516a5-5fe5-4565-873a-e64fa6b54cdc,2026-06-04T17:15:00Z,2026-06-04T19:15:00+0200,9608.92,MW,BE,BE,forecast_load,Forecasted Load,2026-06-16T08:13:23Z
2026-06-16T08:13:14Z,2026-06-16T10:13:14+0200,dd6516a5-5fe5-4565-873a-e64fa6b54cdc,2026-06-04T17:30:00Z,2026-06-04T19:30:00+0200,9546.47,MW,BE,BE,forecast_load,Forecasted Load,2026-06-16T08:13:23Z
2026-06-16T08:13:14Z,2026-06-16T10:13:14+0200,dd6516a5-5fe5-4565-873a-e64fa6b54cdc,2026-06-04T17:45:00Z,2026-06-04T19:45:00+0200,9454.81,MW,BE,BE,forecast_load,Forecasted Load,2026-06-16T08:13:23Z
2026-06-16T08:13:14Z,2026-06-16T10:13:14+0200,dd6516a5-5fe5-4565-873a-e64fa6b54cdc,2026-06-04T18:00:00Z,2026-06-04T20:00:00+0200,9412.29,MW,BE,BE,forecast_load,Forecasted Load,2026-06-16T08:13:23Z
2026-06-16T08:13:14Z,2026-06-16T10:13:14+0200,dd6516a5-5fe5-4565-873a-e64fa6b54cdc,2026-06-04T18:15:00Z,2026-06-04T20:15:00+0200,9310.74,MW,BE,BE,forecast_load,Forecasted Load,2026-06-16T08:13:23Z
2026-06-16T08:13:14Z,2026-06-16T10:13:14+0200,dd6516a5-5fe5-4565-873a-e64fa6b54cdc,2026-06-04T18:30:00Z,2026-06-04T20:30:00+0200,9196.16,MW,BE,BE,forecast_load,Forecasted Load,2026-06-16T08:13:23Z
2026-06-16T08:13:14Z,2026-06-16T10:13:14+0200,dd6516a5-5fe5-4565-873a-e64fa6b54cdc,2026-06-04T18:45:00Z,2026-06-04T20:45:00+0200,9123.05,MW,BE,BE,forecast_load,Forecasted Load,2026-06-16T08:13:23Z
2026-06-16T08:13:14Z,2026-06-16T10:13:14+0200,dd6516a5-5fe5-4565-873a-e64fa6b54cdc,2026-06-04T19:00:00Z,2026-06-04T21:00:00+0200,8981.53,MW,BE,BE,forecast_load,Forecasted Load,2026-06-16T08:13:23Z
2026-06-16T08:13:14Z,2026-06-16T10:13:14+0200,dd6516a5-5fe5-4565-873a-e64fa6b54cdc,2026-06-04T19:15:00Z,2026-06-04T21:15:00+0200,8917.47,MW,BE,BE,forecast_load,Forecasted Load,2026-06-16T08:13:23Z
2026-06-16T08:13:14Z,2026-06-16T10:13:14+0200,dd6516a5-5fe5-4565-873a-e64fa6b54cdc,2026-06-04T19:30:00Z,2026-06-04T21:30:00+0200,8913.88,MW,BE,BE,forecast_load,Forecasted Load,2026-06-16T08:13:23Z
2026-06-16T08:13:14Z,2026-06-16T10:13:14+0200,dd6516a5-5fe5-4565-873a-e64fa6b54cdc,2026-06-04T19:45:00Z,2026-06-04T21:45:00+0200,8939.27,MW,BE,BE,forecast_load,Forecasted Load,2026-06-16T08:13:23Z
2026-06-16T08:13:14Z,2026-06-16T10:13:14+0200,dd6516a5-5fe5-4565-873a-e64fa6b54cdc,2026-06-04T20:00:00Z,2026-06-04T22:00:00+0200,8897.61,MW,BE,BE,forecast_load,Forecasted Load,2026-06-16T08:13:23Z
2026-06-16T08:13:14Z,2026-06-16T10:13:14+0200,dd6516a5-5fe5-4565-873a-e64fa6b54cdc,2026-06-04T20:15:00Z,2026-06-04T22:15:00+0200,8948.4,MW,BE,BE,forecast_load,Forecasted Load,2026-06-16T08:13:23Z
2026-06-16T08:13:14Z,2026-06-16T10:13:14+0200,dd6516a5-5fe5-4565-873a-e64fa6b54cdc,2026-06-04T20:30:00Z,2026-06-04T22:30:00+0200,8897.39,MW,BE,BE,forecast_load,Forecasted Load,2026-06-16T08:13:23Z
2026-06-16T08:13:14Z,2026-06-16T10:13:14+0200,dd6516a5-5fe5-4565-873a-e64fa6b54cdc,2026-06-04T20:45:00Z,2026-06-04T22:45:00+0200,8764.59,MW,BE,BE,forecast_load,Forecasted Load,2026-06-16T08:13:23Z
2026-06-16T08:13:14Z,2026-06-16T10:13:14+0200,dd6516a5-5fe5-4565-873a-e64fa6b54cdc,2026-06-04T21:00:00Z,2026-06-04T23:00:00+0200,8727.06,MW,BE,BE,forecast_load,Forecasted Load,2026-06-16T08:13:23Z
2026-06-16T08:13:14Z,2026-06-16T10:13:14+0200,dd6516a5-5fe5-4565-873a-e64fa6b54cdc,2026-06-04T21:15:00Z,2026-06-04T23:15:00+0200,8592.62,MW,BE,BE,forecast_load,Forecasted Load,2026-06-16T08:13:23Z
2026-06-16T08:13:14Z,2026-06-16T10:13:14+0200,dd6516a5-5fe5-4565-873a-e64fa6b54cdc,2026-06-04T21:30:00Z,2026-06-04T23:30:00+0200,8496.97,MW,BE,BE,forecast_load,Forecasted Load,2026-06-16T08:13:23Z
2026-06-16T08:13:14Z,2026-06-16T10:13:14+0200,dd6516a5-5fe5-4565-873a-e64fa6b54cdc,2026-06-04T21:45:00Z,2026-06-04T23:45:00+0200,8378.67,MW,BE,BE,forecast_load,Forecasted Load,2026-06-16T08:13:23Z
2026-06-16T08:13:14Z,2026-06-16T10:13:14+0200,dd6516a5-5fe5-4565-873a-e64fa6b54cdc,2026-06-04T22:00:00Z,2026-06-05T00:00:00+0200,8368.59,MW,BE,BE,forecast_load,Forecasted Load,2026-06-16T08:13:23Z
2026-06-16T08:13:14Z,2026-06-16T10:13:14+0200,dd6516a5-5fe5-4565-873a-e64fa6b54cdc,2026-06-04T22:15:00Z,2026-06-05T00:15:00+0200,8241.11,MW,BE,BE,forecast_load,Forecasted Load,2026-06-16T08:13:23Z
2026-06-16T08:13:14Z,2026-06-16T10:13:14+0200,dd6516a5-5fe5-4565-873a-e64fa6b54cdc,2026-06-04T22:30:00Z,2026-06-05T00:30:00+0200,8137.9,MW,BE,BE,forecast_load,Forecasted Load,2026-06-16T08:13:23Z
2026-06-16T08:13:14Z,2026-06-16T10:13:14+0200,dd6516a5-5fe5-4565-873a-e64fa6b54cdc,2026-06-04T22:45:00Z,2026-06-05T00:45:00+0200,8032.87,MW,BE,BE,forecast_load,Forecasted Load,2026-06-16T08:13:23Z
2026-06-16T08:13:14Z,2026-06-16T10:13:14+0200,dd6516a5-5fe5-4565-873a-e64fa6b54cdc,2026-06-04T23:00:00Z,2026-06-05T01:00:00+0200,7994.28,MW,BE,BE,forecast_load,Forecasted Load,2026-06-16T08:13:23Z
2026-06-16T08:13:14Z,2026-06-16T10:13:14+0200,dd6516a5-5fe5-4565-873a-e64fa6b54cdc,2026-06-04T23:15:00Z,2026-06-05T01:15:00+0200,7943.51,MW,BE,BE,forecast_load,Forecasted Load,2026-06-16T08:13:23Z
2026-06-16T08:13:14Z,2026-06-16T10:13:14+0200,dd6516a5-5fe5-4565-873a-e64fa6b54cdc,2026-06-04T23:30:00Z,2026-06-05T01:30:00+0200,7864.17,MW,BE,BE,forecast_load,Forecasted Load,2026-06-16T08:13:23Z
2026-06-16T08:13:14Z,2026-06-16T10:13:14+0200,dd6516a5-5fe5-4565-873a-e64fa6b54cdc,2026-06-04T23:45:00Z,2026-06-05T01:45:00+0200,7785.75,MW,BE,BE,forecast_load,Forecasted Load,2026-06-16T08:13:23Z
2026-06-16T08:13:14Z,2026-06-16T10:13:14+0200,dd6516a5-5fe5-4565-873a-e64fa6b54cdc,2026-06-05T00:00:00Z,2026-06-05T02:00:00+0200,7757.7,MW,BE,BE,forecast_load,Forecasted Load,2026-06-16T08:13:23Z
2026-06-16T08:13:14Z,2026-06-16T10:13:14+0200,dd6516a5-5fe5-4565-873a-e64fa6b54cdc,2026-06-05T00:15:00Z,2026-06-05T02:15:00+0200,7697.75,MW,BE,BE,forecast_load,Forecasted Load,2026-06-16T08:13:23Z
2026-06-16T08:13:14Z,2026-06-16T10:13:14+0200,dd6516a5-5fe5-4565-873a-e64fa6b54cdc,2026-06-05T00:30:00Z,2026-06-05T02:30:00+0200,7699.14,MW,BE,BE,forecast_load,Forecasted Load,2026-06-16T08:13:23Z
2026-06-16T08:13:14Z,2026-06-16T10:13:14+0200,dd6516a5-5fe5-4565-873a-e64fa6b54cdc,2026-06-05T00:45:00Z,2026-06-05T02:45:00+0200,7658.44,MW,BE,BE,forecast_load,Forecasted Load,2026-06-16T08:13:23Z
2026-06-16T08:13:14Z,2026-06-16T10:13:14+0200,dd6516a5-5fe5-4565-873a-e64fa6b54cdc,2026-06-05T01:00:00Z,2026-06-05T03:00:00+0200,7657.45,MW,BE,BE,forecast_load,Forecasted Load,2026-06-16T08:13:23Z
2026-06-16T08:13:14Z,2026-06-16T10:13:14+0200,dd6516a5-5fe5-4565-873a-e64fa6b54cdc,2026-06-05T01:15:00Z,2026-06-05T03:15:00+0200,7623.17,MW,BE,BE,forecast_load,Forecasted Load,2026-06-16T08:13:23Z
2026-06-16T08:13:14Z,2026-06-16T10:13:14+0200,dd6516a5-5fe5-4565-873a-e64fa6b54cdc,2026-06-05T01:30:00Z,2026-06-05T03:30:00+0200,7604.96,MW,BE,BE,forecast_load,Forecasted Load,2026-06-16T08:13:23Z
2026-06-16T08:13:14Z,2026-06-16T10:13:14+0200,dd6516a5-5fe5-4565-873a-e64fa6b54cdc,2026-06-05T01:45:00Z,2026-06-05T03:45:00+0200,7593.99,MW,BE,BE,forecast_load,Forecasted Load,2026-06-16T08:13:23Z
2026-06-16T08:13:14Z,2026-06-16T10:13:14+0200,dd6516a5-5fe5-4565-873a-e64fa6b54cdc,2026-06-05T02:00:00Z,2026-06-05T04:00:00+0200,7641.65,MW,BE,BE,forecast_load,Forecasted Load,2026-06-16T08:13:23Z
2026-06-16T08:13:14Z,2026-06-16T10:13:14+0200,dd6516a5-5fe5-4565-873a-e64fa6b54cdc,2026-06-05T02:15:00Z,2026-06-05T04:15:00+0200,7670.51,MW,BE,BE,forecast_load,Forecasted Load,2026-06-16T08:13:23Z
2026-06-16T08:13:14Z,2026-06-16T10:13:14+0200,dd6516a5-5fe5-4565-873a-e64fa6b54cdc,2026-06-05T02:30:00Z,2026-06-05T04:30:00+0200,7704.3,MW,BE,BE,forecast_load,Forecasted Load,2026-06-16T08:13:23Z
2026-06-16T08:13:14Z,2026-06-16T10:13:14+0200,dd6516a5-5fe5-4565-873a-e64fa6b54cdc,2026-06-05T02:45:00Z,2026-06-05T04:45:00+0200,7755.57,MW,BE,BE,forecast_load,Forecasted Load,2026-06-16T08:13:23Z
2026-06-16T08:13:14Z,2026-06-16T10:13:14+0200,dd6516a5-5fe5-4565-873a-e64fa6b54cdc,2026-06-05T03:00:00Z,2026-06-05T05:00:00+0200,7839.53,MW,BE,BE,forecast_load,Forecasted Load,2026-06-16T08:13:23Z
2026-06-16T08:13:14Z,2026-06-16T10:13:14+0200,dd6516a5-5fe5-4565-873a-e64fa6b54cdc,2026-06-05T03:15:00Z,2026-06-05T05:15:00+0200,7869.03,MW,BE,BE,forecast_load,Forecasted Load,2026-06-16T08:13:23Z
2026-06-16T08:13:14Z,2026-06-16T10:13:14+0200,dd6516a5-5fe5-4565-873a-e64fa6b54cdc,2026-06-05T03:30:00Z,2026-06-05T05:30:00+0200,7927.0,MW,BE,BE,forecast_load,Forecasted Load,2026-06-16T08:13:23Z
2026-06-16T08:13:14Z,2026-06-16T10:13:14+0200,dd6516a5-5fe5-4565-873a-e64fa6b54cdc,2026-06-05T03:45:00Z,2026-06-05T05:45:00+0200,7991.09,MW,BE,BE,forecast_load,Forecasted Load,2026-06-16T08:13:23Z
2026-06-16T08:13:14Z,2026-06-16T10:13:14+0200,dd6516a5-5fe5-4565-873a-e64fa6b54cdc,2026-06-05T04:00:00Z,2026-06-05T06:00:00+0200,8153.61,MW,BE,BE,forecast_load,Forecasted Load,2026-06-16T08:13:23Z
2026-06-16T08:13:14Z,2026-06-16T10:13:14+0200,dd6516a5-5fe5-4565-873a-e64fa6b54cdc,2026-06-05T04:15:00Z,2026-06-05T06:15:00+0200,8336.57,MW,BE,BE,forecast_load,Forecasted Load,2026-06-16T08:13:23Z
2026-06-16T08:13:14Z,2026-06-16T10:13:14+0200,dd6516a5-5fe5-4565-873a-e64fa6b54cdc,2026-06-05T04:30:00Z,2026-06-05T06:30:00+0200,8578.31,MW,BE,BE,forecast_load,Forecasted Load,2026-06-16T08:13:23Z
2026-06-16T08:13:14Z,2026-06-16T10:13:14+0200,dd6516a5-5fe5-4565-873a-e64fa6b54cdc,2026-06-05T04:45:00Z,2026-06-05T06:45:00+0200,8763.06,MW,BE,BE,forecast_load,Forecasted Load,2026-06-16T08:13:23Z
2026-06-16T08:13:14Z,2026-06-16T10:13:14+0200,dd6516a5-5fe5-4565-873a-e64fa6b54cdc,2026-06-05T05:00:00Z,2026-06-05T07:00:00+0200,8877.76,MW,BE,BE,forecast_load,Forecasted Load,2026-06-16T08:13:23Z
2026-06-16T08:13:14Z,2026-06-16T10:13:14+0200,dd6516a5-5fe5-4565-873a-e64fa6b54cdc,2026-06-05T05:15:00Z,2026-06-05T07:15:00+0200,9122.22,MW,BE,BE,forecast_load,Forecasted Load,2026-06-16T08:13:23Z
2026-06-16T08:13:14Z,2026-06-16T10:13:14+0200,dd6516a5-5fe5-4565-873a-e64fa6b54cdc,2026-06-05T05:30:00Z,2026-06-05T07:30:00+0200,9301.65,MW,BE,BE,forecast_load,Forecasted Load,2026-06-16T08:13:23Z
2026-06-16T08:13:14Z,2026-06-16T10:13:14+0200,dd6516a5-5fe5-4565-873a-e64fa6b54cdc,2026-06-05T05:45:00Z,2026-06-05T07:45:00+0200,9439.1,MW,BE,BE,forecast_load,Forecasted Load,2026-06-16T08:13:23Z
2026-06-16T08:13:14Z,2026-06-16T10:13:14+0200,dd6516a5-5fe5-4565-873a-e64fa6b54cdc,2026-06-05T06:00:00Z,2026-06-05T08:00:00+0200,9479.71,MW,BE,BE,forecast_load,Forecasted Load,2026-06-16T08:13:23Z
2026-06-16T08:13:14Z,2026-06-16T10:13:14+0200,dd6516a5-5fe5-4565-873a-e64fa6b54cdc,2026-06-05T06:15:00Z,2026-06-05T08:15:00+0200,9592.55,MW,BE,BE,forecast_load,Forecasted Load,2026-06-16T08:13:23Z
2026-06-16T08:13:14Z,2026-06-16T10:13:14+0200,dd6516a5-5fe5-4565-873a-e64fa6b54cdc,2026-06-05T06:30:00Z,2026-06-05T08:30:00+0200,9808.96,MW,BE,BE,forecast_load,Forecasted Load,2026-06-16T08:13:23Z
2026-06-16T08:13:14Z,2026-06-16T10:13:14+0200,dd6516a5-5fe5-4565-873a-e64fa6b54cdc,2026-06-05T06:45:00Z,2026-06-05T08:45:00+0200,9943.5,MW,BE,BE,forecast_load,Forecasted Load,2026-06-16T08:13:23Z
2026-06-16T08:13:14Z,2026-06-16T10:13:14+0200,dd6516a5-5fe5-4565-873a-e64fa6b54cdc,2026-06-05T07:00:00Z,2026-06-05T09:00:00+0200,10071.62,MW,BE,BE,forecast_load,Forecasted Load,2026-06-16T08:13:23Z
2026-06-16T08:13:14Z,2026-06-16T10:13:14+0200,dd6516a5-5fe5-4565-873a-e64fa6b54cdc,2026-06-05T07:15:00Z,2026-06-05T09:15:00+0200,10156.85,MW,BE,BE,forecast_load,Forecasted Load,2026-06-16T08:13:23Z
2026-06-16T08:13:14Z,2026-06-16T10:13:14+0200,dd6516a5-5fe5-4565-873a-e64fa6b54cdc,2026-06-05T07:30:00Z,2026-06-05T09:30:00+0200,10237.52,MW,BE,BE,forecast_load,Forecasted Load,2026-06-16T08:13:23Z
2026-06-16T08:13:14Z,2026-06-16T10:13:14+0200,dd6516a5-5fe5-4565-873a-e64fa6b54cdc,2026-06-05T07:45:00Z,2026-06-05T09:45:00+0200,10261.23,MW,BE,BE,forecast_load,Forecasted Load,2026-06-16T08:13:23Z
2026-06-16T08:13:14Z,2026-06-16T10:13:14+0200,dd6516a5-5fe5-4565-873a-e64fa6b54cdc,2026-06-05T08:00:00Z,2026-06-05T10:00:00+0200,10355.56,MW,BE,BE,forecast_load,Forecasted Load,2026-06-16T08:13:23Z
2026-06-16T08:13:14Z,2026-06-16T10:13:14+0200,dd6516a5-5fe5-4565-873a-e64fa6b54cdc,2026-06-05T08:15:00Z,2026-06-05T10:15:00+0200,10413.7,MW,BE,BE,forecast_load,Forecasted Load,2026-06-16T08:13:23Z
2026-06-16T08:13:14Z,2026-06-16T10:13:14+0200,dd6516a5-5fe5-4565-873a-e64fa6b54cdc,2026-06-05T08:30:00Z,2026-06-05T10:30:00+0200,10480.79,MW,BE,BE,forecast_load,Forecasted Load,2026-06-16T08:13:23Z
2026-06-16T08:13:14Z,2026-06-16T10:13:14+0200,dd6516a5-5fe5-4565-873a-e64fa6b54cdc,2026-06-05T08:45:00Z,2026-06-05T10:45:00+0200,10553.18,MW,BE,BE,forecast_load,Forecasted Load,2026-06-16T08:13:23Z
2026-06-16T08:13:14Z,2026-06-16T10:13:14+0200,dd6516a5-5fe5-4565-873a-e64fa6b54cdc,2026-06-05T09:00:00Z,2026-06-05T11:00:00+0200,10525.17,MW,BE,BE,forecast_load,Forecasted Load,2026-06-16T08:13:23Z
2026-06-16T08:13:14Z,2026-06-16T10:13:14+0200,dd6516a5-5fe5-4565-873a-e64fa6b54cdc,2026-06-05T09:15:00Z,2026-06-05T11:15:00+0200,10639.8,MW,BE,BE,forecast_load,Forecasted Load,2026-06-16T08:13:23Z
2026-06-16T08:13:14Z,2026-06-16T10:13:14+0200,dd6516a5-5fe5-4565-873a-e64fa6b54cdc,2026-06-05T09:30:00Z,2026-06-05T11:30:00+0200,10625.5,MW,BE,BE,forecast_load,Forecasted Load,2026-06-16T08:13:23Z
2026-06-16T08:13:14Z,2026-06-16T10:13:14+0200,dd6516a5-5fe5-4565-873a-e64fa6b54cdc,2026-06-05T09:45:00Z,2026-06-05T11:45:00+0200,10683.02,MW,BE,BE,forecast_load,Forecasted Load,2026-06-16T08:13:23Z
2026-06-16T08:13:14Z,2026-06-16T10:13:14+0200,dd6516a5-5fe5-4565-873a-e64fa6b54cdc,2026-06-05T10:00:00Z,2026-06-05T12:00:00+0200,10649.11,MW,BE,BE,forecast_load,Forecasted Load,2026-06-16T08:13:23Z
2026-06-16T08:13:14Z,2026-06-16T10:13:14+0200,dd6516a5-5fe5-4565-873a-e64fa6b54cdc,2026-06-05T10:15:00Z,2026-06-05T12:15:00+0200,10581.94,MW,BE,BE,forecast_load,Forecasted Load,2026-06-16T08:13:23Z
2026-06-16T08:13:14Z,2026-06-16T10:13:14+0200,dd6516a5-5fe5-4565-873a-e64fa6b54cdc,2026-06-05T10:30:00Z,2026-06-05T12:30:00+0200,10569.17,MW,BE,BE,forecast_load,Forecasted Load,2026-06-16T08:13:23Z
2026-06-16T08:13:14Z,2026-06-16T10:13:14+0200,dd6516a5-5fe5-4565-873a-e64fa6b54cdc,2026-06-05T10:45:00Z,2026-06-05T12:45:00+0200,10584.15,MW,BE,BE,forecast_load,Forecasted Load,2026-06-16T08:13:23Z
2026-06-16T08:13:14Z,2026-06-16T10:13:14+0200,dd6516a5-5fe5-4565-873a-e64fa6b54cdc,2026-06-05T11:00:00Z,2026-06-05T13:00:00+0200,10635.9,MW,BE,BE,forecast_load,Forecasted Load,2026-06-16T08:13:23Z
2026-06-16T08:13:14Z,2026-06-16T10:13:14+0200,dd6516a5-5fe5-4565-873a-e64fa6b54cdc,2026-06-05T11:15:00Z,2026-06-05T13:15:00+0200,10614.52,MW,BE,BE,forecast_load,Forecasted Load,2026-06-16T08:13:23Z
2026-06-16T08:13:14Z,2026-06-16T10:13:14+0200,dd6516a5-5fe5-4565-873a-e64fa6b54cdc,2026-06-05T11:30:00Z,2026-06-05T13:30:00+0200,10531.04,MW,BE,BE,forecast_load,Forecasted Load,2026-06-16T08:13:23Z
2026-06-16T08:13:14Z,2026-06-16T10:13:14+0200,dd6516a5-5fe5-4565-873a-e64fa6b54cdc,2026-06-05T11:45:00Z,2026-06-05T13:45:00+0200,10531.67,MW,BE,BE,forecast_load,Forecasted Load,2026-06-16T08:13:23Z
2026-06-16T08:13:14Z,2026-06-16T10:13:14+0200,dd6516a5-5fe5-4565-873a-e64fa6b54cdc,2026-06-05T12:00:00Z,2026-06-05T14:00:00+0200,10461.24,MW,BE,BE,forecast_load,Forecasted Load,2026-06-16T08:13:23Z
2026-06-16T08:13:14Z,2026-06-16T10:13:14+0200,dd6516a5-5fe5-4565-873a-e64fa6b54cdc,2026-06-05T12:15:00Z,2026-06-05T14:15:00+0200,10365.69,MW,BE,BE,forecast_load,Forecasted Load,2026-06-16T08:13:23Z
2026-06-16T08:13:14Z,2026-06-16T10:13:14+0200,dd6516a5-5fe5-4565-873a-e64fa6b54cdc,2026-06-05T12:30:00Z,2026-06-05T14:30:00+0200,10241.17,MW,BE,BE,forecast_load,Forecasted Load,2026-06-16T08:13:23Z
2026-06-16T08:13:14Z,2026-06-16T10:13:14+0200,dd6516a5-5fe5-4565-873a-e64fa6b54cdc,2026-06-05T12:45:00Z,2026-06-05T14:45:00+0200,10168.88,MW,BE,BE,forecast_load,Forecasted Load,2026-06-16T08:13:23Z
2026-06-16T08:13:14Z,2026-06-16T10:13:14+0200,dd6516a5-5fe5-4565-873a-e64fa6b54cdc,2026-06-05T13:00:00Z,2026-06-05T15:00:00+0200,10054.24,MW,BE,BE,forecast_load,Forecasted Load,2026-06-16T08:13:23Z
2026-06-16T08:13:14Z,2026-06-16T10:13:14+0200,dd6516a5-5fe5-4565-873a-e64fa6b54cdc,2026-06-05T13:15:00Z,2026-06-05T15:15:00+0200,9992.38,MW,BE,BE,forecast_load,Forecasted Load,2026-06-16T08:13:23Z
2026-06-16T08:13:14Z,2026-06-16T10:13:14+0200,dd6516a5-5fe5-4565-873a-e64fa6b54cdc,2026-06-05T13:30:00Z,2026-06-05T15:30:00+0200,9861.35,MW,BE,BE,forecast_load,Forecasted Load,2026-06-16T08:13:23Z
2026-06-16T08:13:14Z,2026-06-16T10:13:14+0200,dd6516a5-5fe5-4565-873a-e64fa6b54cdc,2026-06-05T13:45:00Z,2026-06-05T15:45:00+0200,9753.19,MW,BE,BE,forecast_load,Forecasted Load,2026-06-16T08:13:23Z
2026-06-16T08:13:14Z,2026-06-16T10:13:14+0200,dd6516a5-5fe5-4565-873a-e64fa6b54cdc,2026-06-05T14:00:00Z,2026-06-05T16:00:00+0200,9886.6,MW,BE,BE,forecast_load,Forecasted Load,2026-06-16T08:13:23Z
2026-06-16T08:13:14Z,2026-06-16T10:13:14+0200,dd6516a5-5fe5-4565-873a-e64fa6b54cdc,2026-06-05T14:15:00Z,2026-06-05T16:15:00+0200,9793.48,MW,BE,BE,forecast_load,Forecasted Load,2026-06-16T08:13:23Z
2026-06-16T08:13:14Z,2026-06-16T10:13:14+0200,dd6516a5-5fe5-4565-873a-e64fa6b54cdc,2026-06-05T14:30:00Z,2026-06-05T16:30:00+0200,9679.64,MW,BE,BE,forecast_load,Forecasted Load,2026-06-16T08:13:23Z
2026-06-16T08:13:14Z,2026-06-16T10:13:14+0200,dd6516a5-5fe5-4565-873a-e64fa6b54cdc,2026-06-05T14:45:00Z,2026-06-05T16:45:00+0200,9629.15,MW,BE,BE,forecast_load,Forecasted Load,2026-06-16T08:13:23Z
2026-06-16T08:13:14Z,2026-06-16T10:13:14+0200,dd6516a5-5fe5-4565-873a-e64fa6b54cdc,2026-06-05T15:00:00Z,2026-06-05T17:00:00+0200,9761.39,MW,BE,BE,forecast_load,Forecasted Load,2026-06-16T08:13:23Z
2026-06-16T08:13:14Z,2026-06-16T10:13:14+0200,dd6516a5-5fe5-4565-873a-e64fa6b54cdc,2026-06-05T15:15:00Z,2026-06-05T17:15:00+0200,9723.92,MW,BE,BE,forecast_load,Forecasted Load,2026-06-16T08:13:23Z
2026-06-16T08:13:14Z,2026-06-16T10:13:14+0200,dd6516a5-5fe5-4565-873a-e64fa6b54cdc,2026-06-05T15:30:00Z,2026-06-05T17:30:00+0200,9787.73,MW,BE,BE,forecast_load,Forecasted Load,2026-06-16T08:13:23Z
2026-06-16T08:13:14Z,2026-06-16T10:13:14+0200,dd6516a5-5fe5-4565-873a-e64fa6b54cdc,2026-06-05T15:45:00Z,2026-06-05T17:45:00+0200,9805.62,MW,BE,BE,forecast_load,Forecasted Load,2026-06-16T08:13:23Z
2026-06-16T08:13:14Z,2026-06-16T10:13:14+0200,dd6516a5-5fe5-4565-873a-e64fa6b54cdc,2026-06-05T16:00:00Z,2026-06-05T18:00:00+0200,9678.21,MW,BE,BE,forecast_load,Forecasted Load,2026-06-16T08:13:23Z
2026-06-16T08:13:14Z,2026-06-16T10:13:14+0200,dd6516a5-5fe5-4565-873a-e64fa6b54cdc,2026-06-05T16:15:00Z,2026-06-05T18:15:00+0200,9659.5,MW,BE,BE,forecast_load,Forecasted Load,2026-06-16T08:13:23Z
2026-06-16T08:13:14Z,2026-06-16T10:13:14+0200,dd6516a5-5fe5-4565-873a-e64fa6b54cdc,2026-06-05T16:30:00Z,2026-06-05T18:30:00+0200,9638.32,MW,BE,BE,forecast_load,Forecasted Load,2026-06-16T08:13:23Z
2026-06-16T08:13:14Z,2026-06-16T10:13:14+0200,dd6516a5-5fe5-4565-873a-e64fa6b54cdc,2026-06-05T16:45:00Z,2026-06-05T18:45:00+0200,9600.18,MW,BE,BE,forecast_load,Forecasted Load,2026-06-16T08:13:23Z
2026-06-16T08:13:14Z,2026-06-16T10:13:14+0200,dd6516a5-5fe5-4565-873a-e64fa6b54cdc,2026-06-05T17:00:00Z,2026-06-05T19:00:00+0200,9655.67,MW,BE,BE,forecast_load,Forecasted Load,2026-06-16T08:13:23Z
2026-06-16T08:13:14Z,2026-06-16T10:13:14+0200,dd6516a5-5fe5-4565-873a-e64fa6b54cdc,2026-06-05T17:15:00Z,2026-06-05T19:15:00+0200,9561.15,MW,BE,BE,forecast_load,Forecasted Load,2026-06-16T08:13:23Z
2026-06-16T08:13:14Z,2026-06-16T10:13:14+0200,dd6516a5-5fe5-4565-873a-e64fa6b54cdc,2026-06-05T17:30:00Z,2026-06-05T19:30:00+0200,9511.23,MW,BE,BE,forecast_load,Forecasted Load,2026-06-16T08:13:23Z
2026-06-16T08:13:14Z,2026-06-16T10:13:14+0200,dd6516a5-5fe5-4565-873a-e64fa6b54cdc,2026-06-05T17:45:00Z,2026-06-05T19:45:00+0200,9420.32,MW,BE,BE,forecast_load,Forecasted Load,2026-06-16T08:13:23Z
2026-06-16T08:13:14Z,2026-06-16T10:13:14+0200,dd6516a5-5fe5-4565-873a-e64fa6b54cdc,2026-06-05T18:00:00Z,2026-06-05T20:00:00+0200,9342.56,MW,BE,BE,forecast_load,Forecasted Load,2026-06-16T08:13:23Z
2026-06-16T08:13:14Z,2026-06-16T10:13:14+0200,dd6516a5-5fe5-4565-873a-e64fa6b54cdc,2026-06-05T18:15:00Z,2026-06-05T20:15:00+0200,9241.0,MW,BE,BE,forecast_load,Forecasted Load,2026-06-16T08:13:23Z
2026-06-16T08:13:14Z,2026-06-16T10:13:14+0200,dd6516a5-5fe5-4565-873a-e64fa6b54cdc,2026-06-05T18:30:00Z,2026-06-05T20:30:00+0200,9135.3,MW,BE,BE,forecast_load,Forecasted Load,2026-06-16T08:13:23Z
2026-06-16T08:13:14Z,2026-06-16T10:13:14+0200,dd6516a5-5fe5-4565-873a-e64fa6b54cdc,2026-06-05T18:45:00Z,2026-06-05T20:45:00+0200,9070.12,MW,BE,BE,forecast_load,Forecasted Load,2026-06-16T08:13:23Z
2026-06-16T08:13:14Z,2026-06-16T10:13:14+0200,dd6516a5-5fe5-4565-873a-e64fa6b54cdc,2026-06-05T19:00:00Z,2026-06-05T21:00:00+0200,9011.27,MW,BE,BE,forecast_load,Forecasted Load,2026-06-16T08:13:23Z
2026-06-16T08:13:14Z,2026-06-16T10:13:14+0200,dd6516a5-5fe5-4565-873a-e64fa6b54cdc,2026-06-05T19:15:00Z,2026-06-05T21:15:00+0200,8923.86,MW,BE,BE,forecast_load,Forecasted Load,2026-06-16T08:13:23Z
2026-06-16T08:13:14Z,2026-06-16T10:13:14+0200,dd6516a5-5fe5-4565-873a-e64fa6b54cdc,2026-06-05T19:30:00Z,2026-06-05T21:30:00+0200,8927.13,MW,BE,BE,forecast_load,Forecasted Load,2026-06-16T08:13:23Z
2026-06-16T08:13:14Z,2026-06-16T10:13:14+0200,dd6516a5-5fe5-4565-873a-e64fa6b54cdc,2026-06-05T19:45:00Z,2026-06-05T21:45:00+0200,8951.71,MW,BE,BE,forecast_load,Forecasted Load,2026-06-16T08:13:23Z
2026-06-16T08:13:14Z,2026-06-16T10:13:14+0200,dd6516a5-5fe5-4565-873a-e64fa6b54cdc,2026-06-05T20:00:00Z,2026-06-05T22:00:00+0200,9019.29,MW,BE,BE,forecast_load,Forecasted Load,2026-06-16T08:13:23Z
2026-06-16T08:13:14Z,2026-06-16T10:13:14+0200,dd6516a5-5fe5-4565-873a-e64fa6b54cdc,2026-06-05T20:15:00Z,2026-06-05T22:15:00+0200,9061.83,MW,BE,BE,forecast_load,Forecasted Load,2026-06-16T08:13:23Z
2026-06-16T08:13:14Z,2026-06-16T10:13:14+0200,dd6516a5-5fe5-4565-873a-e64fa6b54cdc,2026-06-05T20:30:00Z,2026-06-05T22:30:00+0200,8993.0,MW,BE,BE,forecast_load,Forecasted Load,2026-06-16T08:13:23Z
2026-06-16T08:13:14Z,2026-06-16T10:13:14+0200,dd6516a5-5fe5-4565-873a-e64fa6b54cdc,2026-06-05T20:45:00Z,2026-06-05T22:45:00+0200,8859.1,MW,BE,BE,forecast_load,Forecasted Load,2026-06-16T08:13:23Z
2026-06-16T08:13:14Z,2026-06-16T10:13:14+0200,dd6516a5-5fe5-4565-873a-e64fa6b54cdc,2026-06-05T21:00:00Z,2026-06-05T23:00:00+0200,8750.37,MW,BE,BE,forecast_load,Forecasted Load,2026-06-16T08:13:23Z
2026-06-16T08:13:14Z,2026-06-16T10:13:14+0200,dd6516a5-5fe5-4565-873a-e64fa6b54cdc,2026-06-05T21:15:00Z,2026-06-05T23:15:00+0200,8627.53,MW,BE,BE,forecast_load,Forecasted Load,2026-06-16T08:13:23Z
2026-06-16T08:13:14Z,2026-06-16T10:13:14+0200,dd6516a5-5fe5-4565-873a-e64fa6b54cdc,2026-06-05T21:30:00Z,2026-06-05T23:30:00+0200,8514.32,MW,BE,BE,forecast_load,Forecasted Load,2026-06-16T08:13:23Z
2026-06-16T08:13:14Z,2026-06-16T10:13:14+0200,dd6516a5-5fe5-4565-873a-e64fa6b54cdc,2026-06-05T21:45:00Z,2026-06-05T23:45:00+0200,8411.8,MW,BE,BE,forecast_load,Forecasted Load,2026-06-16T08:13:23Z
2026-06-16T08:13:14Z,2026-06-16T10:13:14+0200,dd6516a5-5fe5-4565-873a-e64fa6b54cdc,2026-06-05T22:00:00Z,2026-06-06T00:00:00+0200,8255.16,MW,BE,BE,forecast_load,Forecasted Load,2026-06-16T08:13:23Z
2026-06-16T08:13:14Z,2026-06-16T10:13:14+0200,dd6516a5-5fe5-4565-873a-e64fa6b54cdc,2026-06-05T22:15:00Z,2026-06-06T00:15:00+0200,8128.27,MW,BE,BE,forecast_load,Forecasted Load,2026-06-16T08:13:23Z
2026-06-16T08:13:14Z,2026-06-16T10:13:14+0200,dd6516a5-5fe5-4565-873a-e64fa6b54cdc,2026-06-05T22:30:00Z,2026-06-06T00:30:00+0200,8016.81,MW,BE,BE,forecast_load,Forecasted Load,2026-06-16T08:13:23Z
2026-06-16T08:13:14Z,2026-06-16T10:13:14+0200,dd6516a5-5fe5-4565-873a-e64fa6b54cdc,2026-06-05T22:45:00Z,2026-06-06T00:45:00+0200,7917.89,MW,BE,BE,forecast_load,Forecasted Load,2026-06-16T08:13:23Z
2026-06-16T08:13:14Z,2026-06-16T10:13:14+0200,dd6516a5-5fe5-4565-873a-e64fa6b54cdc,2026-06-05T23:00:00Z,2026-06-06T01:00:00+0200,7792.46,MW,BE,BE,forecast_load,Forecasted Load,2026-06-16T08:13:23Z
2026-06-16T08:13:14Z,2026-06-16T10:13:14+0200,dd6516a5-5fe5-4565-873a-e64fa6b54cdc,2026-06-05T23:15:00Z,2026-06-06T01:15:00+0200,7729.2,MW,BE,BE,forecast_load,Forecasted Load,2026-06-16T08:13:23Z
2026-06-16T08:13:14Z,2026-06-16T10:13:14+0200,dd6516a5-5fe5-4565-873a-e64fa6b54cdc,2026-06-05T23:30:00Z,2026-06-06T01:30:00+0200,7652.07,MW,BE,BE,forecast_load,Forecasted Load,2026-06-16T08:13:23Z
2026-06-16T08:13:14Z,2026-06-16T10:13:14+0200,dd6516a5-5fe5-4565-873a-e64fa6b54cdc,2026-06-05T23:45:00Z,2026-06-06T01:45:00+0200,7580.95,MW,BE,BE,forecast_load,Forecasted Load,2026-06-16T08:13:23Z
2026-06-16T08:13:14Z,2026-06-16T10:13:14+0200,dd6516a5-5fe5-4565-873a-e64fa6b54cdc,2026-06-06T00:00:00Z,2026-06-06T02:00:00+0200,7725.58,MW,BE,BE,forecast_load,Forecasted Load,2026-06-16T08:13:23Z
2026-06-16T08:13:14Z,2026-06-16T10:13:14+0200,dd6516a5-5fe5-4565-873a-e64fa6b54cdc,2026-06-06T00:15:00Z,2026-06-06T02:15:00+0200,7598.72,MW,BE,BE,forecast_load,Forecasted Load,2026-06-16T08:13:23Z
2026-06-16T08:13:14Z,2026-06-16T10:13:14+0200,dd6516a5-5fe5-4565-873a-e64fa6b54cdc,2026-06-06T00:30:00Z,2026-06-06T02:30:00+0200,7566.89,MW,BE,BE,forecast_load,Forecasted Load,2026-06-16T08:13:23Z
2026-06-16T08:13:14Z,2026-06-16T10:13:14+0200,dd6516a5-5fe5-4565-873a-e64fa6b54cdc,2026-06-06T00:45:00Z,2026-06-06T02:45:00+0200,7537.38,MW,BE,BE,forecast_load,Forecasted Load,2026-06-16T08:13:23Z
2026-06-16T08:13:14Z,2026-06-16T10:13:14+0200,dd6516a5-5fe5-4565-873a-e64fa6b54cdc,2026-06-06T01:00:00Z,2026-06-06T03:00:00+0200,7419.74,MW,BE,BE,forecast_load,Forecasted Load,2026-06-16T08:13:23Z
2026-06-16T08:13:14Z,2026-06-16T10:13:14+0200,dd6516a5-5fe5-4565-873a-e64fa6b54cdc,2026-06-06T01:15:00Z,2026-06-06T03:15:00+0200,7399.9,MW,BE,BE,forecast_load,Forecasted Load,2026-06-16T08:13:23Z
2026-06-16T08:13:14Z,2026-06-16T10:13:14+0200,dd6516a5-5fe5-4565-873a-e64fa6b54cdc,2026-06-06T01:30:00Z,2026-06-06T03:30:00+0200,7358.3,MW,BE,BE,forecast_load,Forecasted Load,2026-06-16T08:13:23Z
2026-06-16T08:13:14Z,2026-06-16T10:13:14+0200,dd6516a5-5fe5-4565-873a-e64fa6b54cdc,2026-06-06T01:45:00Z,2026-06-06T03:45:00+0200,7335.58,MW,BE,BE,forecast_load,Forecasted Load,2026-06-16T08:13:23Z
2026-06-16T08:13:14Z,2026-06-16T10:13:14+0200,dd6516a5-5fe5-4565-873a-e64fa6b54cdc,2026-06-06T02:00:00Z,2026-06-06T04:00:00+0200,7263.41,MW,BE,BE,forecast_load,Forecasted Load,2026-06-16T08:13:23Z
2026-06-16T08:13:14Z,2026-06-16T10:13:14+0200,dd6516a5-5fe5-4565-873a-e64fa6b54cdc,2026-06-06T02:15:00Z,2026-06-06T04:15:00+0200,7257.94,MW,BE,BE,forecast_load,Forecasted Load,2026-06-16T08:13:23Z
2026-06-16T08:13:14Z,2026-06-16T10:13:14+0200,dd6516a5-5fe5-4565-873a-e64fa6b54cdc,2026-06-06T02:30:00Z,2026-06-06T04:30:00+0200,7248.41,MW,BE,BE,forecast_load,Forecasted Load,2026-06-16T08:13:23Z
2026-06-16T08:13:14Z,2026-06-16T10:13:14+0200,dd6516a5-5fe5-4565-873a-e64fa6b54cdc,2026-06-06T02:45:00Z,2026-06-06T04:45:00+0200,7262.78,MW,BE,BE,forecast_load,Forecasted Load,2026-06-16T08:13:23Z
2026-06-16T08:13:14Z,2026-06-16T10:13:14+0200,dd6516a5-5fe5-4565-873a-e64fa6b54cdc,2026-06-06T03:00:00Z,2026-06-06T05:00:00+0200,7202.13,MW,BE,BE,forecast_load,Forecasted Load,2026-06-16T08:13:23Z
2026-06-16T08:13:14Z,2026-06-16T10:13:14+0200,dd6516a5-5fe5-4565-873a-e64fa6b54cdc,2026-06-06T03:15:00Z,2026-06-06T05:15:00+0200,7240.92,MW,BE,BE,forecast_load,Forecasted Load,2026-06-16T08:13:23Z
2026-06-16T08:13:14Z,2026-06-16T10:13:14+0200,dd6516a5-5fe5-4565-873a-e64fa6b54cdc,2026-06-06T03:30:00Z,2026-06-06T05:30:00+0200,7243.16,MW,BE,BE,forecast_load,Forecasted Load,2026-06-16T08:13:23Z
2026-06-16T08:13:14Z,2026-06-16T10:13:14+0200,dd6516a5-5fe5-4565-873a-e64fa6b54cdc,2026-06-06T03:45:00Z,2026-06-06T05:45:00+0200,7208.31,MW,BE,BE,forecast_load,Forecasted Load,2026-06-16T08:13:23Z
2026-06-16T08:13:14Z,2026-06-16T10:13:14+0200,dd6516a5-5fe5-4565-873a-e64fa6b54cdc,2026-06-06T04:00:00Z,2026-06-06T06:00:00+0200,7314.78,MW,BE,BE,forecast_load,Forecasted Load,2026-06-16T08:13:23Z
2026-06-16T08:13:14Z,2026-06-16T10:13:14+0200,dd6516a5-5fe5-4565-873a-e64fa6b54cdc,2026-06-06T04:15:00Z,2026-06-06T06:15:00+0200,7398.04,MW,BE,BE,forecast_load,Forecasted Load,2026-06-16T08:13:23Z
2026-06-16T08:13:14Z,2026-06-16T10:13:14+0200,dd6516a5-5fe5-4565-873a-e64fa6b54cdc,2026-06-06T04:30:00Z,2026-06-06T06:30:00+0200,7483.49,MW,BE,BE,forecast_load,Forecasted Load,2026-06-16T08:13:23Z
2026-06-16T08:13:14Z,2026-06-16T10:13:14+0200,dd6516a5-5fe5-4565-873a-e64fa6b54cdc,2026-06-06T04:45:00Z,2026-06-06T06:45:00+0200,7520.75,MW,BE,BE,forecast_load,Forecasted Load,2026-06-16T08:13:23Z
2026-06-16T08:13:14Z,2026-06-16T10:13:14+0200,dd6516a5-5fe5-4565-873a-e64fa6b54cdc,2026-06-06T05:00:00Z,2026-06-06T07:00:00+0200,7574.36,MW,BE,BE,forecast_load,Forecasted Load,2026-06-16T08:13:23Z
2026-06-16T08:13:14Z,2026-06-16T10:13:14+0200,dd6516a5-5fe5-4565-873a-e64fa6b54cdc,2026-06-06T05:15:00Z,2026-06-06T07:15:00+0200,7706.52,MW,BE,BE,forecast_load,Forecasted Load,2026-06-16T08:13:23Z
2026-06-16T08:13:14Z,2026-06-16T10:13:14+0200,dd6516a5-5fe5-4565-873a-e64fa6b54cdc,2026-06-06T05:30:00Z,2026-06-06T07:30:00+0200,7811.83,MW,BE,BE,forecast_load,Forecasted Load,2026-06-16T08:13:23Z
2026-06-16T08:13:14Z,2026-06-16T10:13:14+0200,dd6516a5-5fe5-4565-873a-e64fa6b54cdc,2026-06-06T05:45:00Z,2026-06-06T07:45:00+0200,7910.83,MW,BE,BE,forecast_load,Forecasted Load,2026-06-16T08:13:23Z
2026-06-16T08:13:14Z,2026-06-16T10:13:14+0200,dd6516a5-5fe5-4565-873a-e64fa6b54cdc,2026-06-06T06:00:00Z,2026-06-06T08:00:00+0200,7982.04,MW,BE,BE,forecast_load,Forecasted Load,2026-06-16T08:13:23Z
2026-06-16T08:13:14Z,2026-06-16T10:13:14+0200,dd6516a5-5fe5-4565-873a-e64fa6b54cdc,2026-06-06T06:15:00Z,2026-06-06T08:15:00+0200,8119.6,MW,BE,BE,forecast_load,Forecasted Load,2026-06-16T08:13:23Z
2026-06-16T08:13:14Z,2026-06-16T10:13:14+0200,dd6516a5-5fe5-4565-873a-e64fa6b54cdc,2026-06-06T06:30:00Z,2026-06-06T08:30:00+0200,8198.26,MW,BE,BE,forecast_load,Forecasted Load,2026-06-16T08:13:23Z
2026-06-16T08:13:14Z,2026-06-16T10:13:14+0200,dd6516a5-5fe5-4565-873a-e64fa6b54cdc,2026-06-06T06:45:00Z,2026-06-06T08:45:00+0200,8313.4,MW,BE,BE,forecast_load,Forecasted Load,2026-06-16T08:13:23Z
2026-06-16T08:13:14Z,2026-06-16T10:13:14+0200,dd6516a5-5fe5-4565-873a-e64fa6b54cdc,2026-06-06T07:00:00Z,2026-06-06T09:00:00+0200,8345.69,MW,BE,BE,forecast_load,Forecasted Load,2026-06-16T08:13:23Z
2026-06-16T08:13:14Z,2026-06-16T10:13:14+0200,dd6516a5-5fe5-4565-873a-e64fa6b54cdc,2026-06-06T07:15:00Z,2026-06-06T09:15:00+0200,8517.54,MW,BE,BE,forecast_load,Forecasted Load,2026-06-16T08:13:23Z
2026-06-16T08:13:14Z,2026-06-16T10:13:14+0200,dd6516a5-5fe5-4565-873a-e64fa6b54cdc,2026-06-06T07:30:00Z,2026-06-06T09:30:00+0200,8731.95,MW,BE,BE,forecast_load,Forecasted Load,2026-06-16T08:13:23Z
2026-06-16T08:13:14Z,2026-06-16T10:13:14+0200,dd6516a5-5fe5-4565-873a-e64fa6b54cdc,2026-06-06T07:45:00Z,2026-06-06T09:45:00+0200,8864.46,MW,BE,BE,forecast_load,Forecasted Load,2026-06-16T08:13:23Z
2026-06-16T08:13:14Z,2026-06-16T10:13:14+0200,dd6516a5-5fe5-4565-873a-e64fa6b54cdc,2026-06-06T08:00:00Z,2026-06-06T10:00:00+0200,8780.54,MW,BE,BE,forecast_load,Forecasted Load,2026-06-16T08:13:23Z
2026-06-16T08:13:14Z,2026-06-16T10:13:14+0200,dd6516a5-5fe5-4565-873a-e64fa6b54cdc,2026-06-06T08:15:00Z,2026-06-06T10:15:00+0200,8864.8,MW,BE,BE,forecast_load,Forecasted Load,2026-06-16T08:13:23Z
2026-06-16T08:13:14Z,2026-06-16T10:13:14+0200,dd6516a5-5fe5-4565-873a-e64fa6b54cdc,2026-06-06T08:30:00Z,2026-06-06T10:30:00+0200,8982.62,MW,BE,BE,forecast_load,Forecasted Load,2026-06-16T08:13:23Z
2026-06-16T08:13:14Z,2026-06-16T10:13:14+0200,dd6516a5-5fe5-4565-873a-e64fa6b54cdc,2026-06-06T08:45:00Z,2026-06-06T10:45:00+0200,9096.83,MW,BE,BE,forecast_load,Forecasted Load,2026-06-16T08:13:23Z
2026-06-16T08:13:14Z,2026-06-16T10:13:14+0200,dd6516a5-5fe5-4565-873a-e64fa6b54cdc,2026-06-06T09:00:00Z,2026-06-06T11:00:00+0200,9236.87,MW,BE,BE,forecast_load,Forecasted Load,2026-06-16T08:13:23Z
2026-06-16T08:13:14Z,2026-06-16T10:13:14+0200,dd6516a5-5fe5-4565-873a-e64fa6b54cdc,2026-06-06T09:15:00Z,2026-06-06T11:15:00+0200,9350.27,MW,BE,BE,forecast_load,Forecasted Load,2026-06-16T08:13:23Z
2026-06-16T08:13:14Z,2026-06-16T10:13:14+0200,dd6516a5-5fe5-4565-873a-e64fa6b54cdc,2026-06-06T09:30:00Z,2026-06-06T11:30:00+0200,9415.81,MW,BE,BE,forecast_load,Forecasted Load,2026-06-16T08:13:23Z
2026-06-16T08:13:14Z,2026-06-16T10:13:14+0200,dd6516a5-5fe5-4565-873a-e64fa6b54cdc,2026-06-06T09:45:00Z,2026-06-06T11:45:00+0200,9366.51,MW,BE,BE,forecast_load,Forecasted Load,2026-06-16T08:13:23Z
2026-06-16T08:13:14Z,2026-06-16T10:13:14+0200,dd6516a5-5fe5-4565-873a-e64fa6b54cdc,2026-06-06T10:00:00Z,2026-06-06T12:00:00+0200,9595.74,MW,BE,BE,forecast_load,Forecasted Load,2026-06-16T08:13:23Z
2026-06-16T08:13:14Z,2026-06-16T10:13:14+0200,dd6516a5-5fe5-4565-873a-e64fa6b54cdc,2026-06-06T10:15:00Z,2026-06-06T12:15:00+0200,9551.23,MW,BE,BE,forecast_load,Forecasted Load,2026-06-16T08:13:23Z
2026-06-16T08:13:14Z,2026-06-16T10:13:14+0200,dd6516a5-5fe5-4565-873a-e64fa6b54cdc,2026-06-06T10:30:00Z,2026-06-06T12:30:00+0200,9560.0,MW,BE,BE,forecast_load,Forecasted Load,2026-06-16T08:13:23Z
2026-06-16T08:13:14Z,2026-06-16T10:13:14+0200,dd6516a5-5fe5-4565-873a-e64fa6b54cdc,2026-06-06T10:45:00Z,2026-06-06T12:45:00+0200,9557.77,MW,BE,BE,forecast_load,Forecasted Load,2026-06-16T08:13:23Z
2026-06-16T08:13:14Z,2026-06-16T10:13:14+0200,dd6516a5-5fe5-4565-873a-e64fa6b54cdc,2026-06-06T11:00:00Z,2026-06-06T13:00:00+0200,9468.21,MW,BE,BE,forecast_load,Forecasted Load,2026-06-16T08:13:23Z
2026-06-16T08:13:14Z,2026-06-16T10:13:14+0200,dd6516a5-5fe5-4565-873a-e64fa6b54cdc,2026-06-06T11:15:00Z,2026-06-06T13:15:00+0200,9447.7,MW,BE,BE,forecast_load,Forecasted Load,2026-06-16T08:13:23Z
2026-06-16T08:13:14Z,2026-06-16T10:13:14+0200,dd6516a5-5fe5-4565-873a-e64fa6b54cdc,2026-06-06T11:30:00Z,2026-06-06T13:30:00+0200,9460.3,MW,BE,BE,forecast_load,Forecasted Load,2026-06-16T08:13:23Z
2026-06-16T08:13:14Z,2026-06-16T10:13:14+0200,dd6516a5-5fe5-4565-873a-e64fa6b54cdc,2026-06-06T11:45:00Z,2026-06-06T13:45:00+0200,9304.5,MW,BE,BE,forecast_load,Forecasted Load,2026-06-16T08:13:23Z
2026-06-16T08:13:14Z,2026-06-16T10:13:14+0200,dd6516a5-5fe5-4565-873a-e64fa6b54cdc,2026-06-06T12:00:00Z,2026-06-06T14:00:00+0200,9182.71,MW,BE,BE,forecast_load,Forecasted Load,2026-06-16T08:13:23Z
2026-06-16T08:13:14Z,2026-06-16T10:13:14+0200,dd6516a5-5fe5-4565-873a-e64fa6b54cdc,2026-06-06T12:15:00Z,2026-06-06T14:15:00+0200,9151.96,MW,BE,BE,forecast_load,Forecasted Load,2026-06-16T08:13:23Z
2026-06-16T08:13:14Z,2026-06-16T10:13:14+0200,dd6516a5-5fe5-4565-873a-e64fa6b54cdc,2026-06-06T12:30:00Z,2026-06-06T14:30:00+0200,9063.45,MW,BE,BE,forecast_load,Forecasted Load,2026-06-16T08:13:23Z
2026-06-16T08:13:14Z,2026-06-16T10:13:14+0200,dd6516a5-5fe5-4565-873a-e64fa6b54cdc,2026-06-06T12:45:00Z,2026-06-06T14:45:00+0200,9015.78,MW,BE,BE,forecast_load,Forecasted Load,2026-06-16T08:13:23Z
2026-06-16T08:13:14Z,2026-06-16T10:13:14+0200,dd6516a5-5fe5-4565-873a-e64fa6b54cdc,2026-06-06T13:00:00Z,2026-06-06T15:00:00+0200,9050.7,MW,BE,BE,forecast_load,Forecasted Load,2026-06-16T08:13:23Z
2026-06-16T08:13:14Z,2026-06-16T10:13:14+0200,dd6516a5-5fe5-4565-873a-e64fa6b54cdc,2026-06-06T13:15:00Z,2026-06-06T15:15:00+0200,9038.03,MW,BE,BE,forecast_load,Forecasted Load,2026-06-16T08:13:23Z
2026-06-16T08:13:14Z,2026-06-16T10:13:14+0200,dd6516a5-5fe5-4565-873a-e64fa6b54cdc,2026-06-06T13:30:00Z,2026-06-06T15:30:00+0200,8916.61,MW,BE,BE,forecast_load,Forecasted Load,2026-06-16T08:13:23Z
2026-06-16T08:13:14Z,2026-06-16T10:13:14+0200,dd6516a5-5fe5-4565-873a-e64fa6b54cdc,2026-06-06T13:45:00Z,2026-06-06T15:45:00+0200,8813.05,MW,BE,BE,forecast_load,Forecasted Load,2026-06-16T08:13:23Z
2026-06-16T08:13:14Z,2026-06-16T10:13:14+0200,dd6516a5-5fe5-4565-873a-e64fa6b54cdc,2026-06-06T14:00:00Z,2026-06-06T16:00:00+0200,9006.09,MW,BE,BE,forecast_load,Forecasted Load,2026-06-16T08:13:23Z
2026-06-16T08:13:14Z,2026-06-16T10:13:14+0200,dd6516a5-5fe5-4565-873a-e64fa6b54cdc,2026-06-06T14:15:00Z,2026-06-06T16:15:00+0200,8902.36,MW,BE,BE,forecast_load,Forecasted Load,2026-06-16T08:13:23Z
2026-06-16T08:13:14Z,2026-06-16T10:13:14+0200,dd6516a5-5fe5-4565-873a-e64fa6b54cdc,2026-06-06T14:30:00Z,2026-06-06T16:30:00+0200,8813.87,MW,BE,BE,forecast_load,Forecasted Load,2026-06-16T08:13:23Z
2026-06-16T08:13:14Z,2026-06-16T10:13:14+0200,dd6516a5-5fe5-4565-873a-e64fa6b54cdc,2026-06-06T14:45:00Z,2026-06-06T16:45:00+0200,8690.58,MW,BE,BE,forecast_load,Forecasted Load,2026-06-16T08:13:23Z
2026-06-16T08:13:14Z,2026-06-16T10:13:14+0200,dd6516a5-5fe5-4565-873a-e64fa6b54cdc,2026-06-06T15:00:00Z,2026-06-06T17:00:00+0200,8822.42,MW,BE,BE,forecast_load,Forecasted Load,2026-06-16T08:13:23Z
2026-06-16T08:13:14Z,2026-06-16T10:13:14+0200,dd6516a5-5fe5-4565-873a-e64fa6b54cdc,2026-06-06T15:15:00Z,2026-06-06T17:15:00+0200,8771.1,MW,BE,BE,forecast_load,Forecasted Load,2026-06-16T08:13:23Z
2026-06-16T08:13:14Z,2026-06-16T10:13:14+0200,dd6516a5-5fe5-4565-873a-e64fa6b54cdc,2026-06-06T15:30:00Z,2026-06-06T17:30:00+0200,8773.37,MW,BE,BE,forecast_load,Forecasted Load,2026-06-16T08:13:23Z
2026-06-16T08:13:14Z,2026-06-16T10:13:14+0200,dd6516a5-5fe5-4565-873a-e64fa6b54cdc,2026-06-06T15:45:00Z,2026-06-06T17:45:00+0200,8830.24,MW,BE,BE,forecast_load,Forecasted Load,2026-06-16T08:13:23Z
2026-06-16T08:13:14Z,2026-06-16T10:13:14+0200,dd6516a5-5fe5-4565-873a-e64fa6b54cdc,2026-06-06T16:00:00Z,2026-06-06T18:00:00+0200,8909.02,MW,BE,BE,forecast_load,Forecasted Load,2026-06-16T08:13:23Z
2026-06-16T08:13:14Z,2026-06-16T10:13:14+0200,dd6516a5-5fe5-4565-873a-e64fa6b54cdc,2026-06-06T16:15:00Z,2026-06-06T18:15:00+0200,8874.02,MW,BE,BE,forecast_load,Forecasted Load,2026-06-16T08:13:23Z
2026-06-16T08:13:14Z,2026-06-16T10:13:14+0200,dd6516a5-5fe5-4565-873a-e64fa6b54cdc,2026-06-06T16:30:00Z,2026-06-06T18:30:00+0200,8910.82,MW,BE,BE,forecast_load,Forecasted Load,2026-06-16T08:13:23Z
2026-06-16T08:13:14Z,2026-06-16T10:13:14+0200,dd6516a5-5fe5-4565-873a-e64fa6b54cdc,2026-06-06T16:45:00Z,2026-06-06T18:45:00+0200,8926.5,MW,BE,BE,forecast_load,Forecasted Load,2026-06-16T08:13:23Z
2026-06-16T08:13:14Z,2026-06-16T10:13:14+0200,dd6516a5-5fe5-4565-873a-e64fa6b54cdc,2026-06-06T17:00:00Z,2026-06-06T19:00:00+0200,8928.06,MW,BE,BE,forecast_load,Forecasted Load,2026-06-16T08:13:23Z
2026-06-16T08:13:14Z,2026-06-16T10:13:14+0200,dd6516a5-5fe5-4565-873a-e64fa6b54cdc,2026-06-06T17:15:00Z,2026-06-06T19:15:00+0200,8870.63,MW,BE,BE,forecast_load,Forecasted Load,2026-06-16T08:13:23Z
2026-06-16T08:13:14Z,2026-06-16T10:13:14+0200,dd6516a5-5fe5-4565-873a-e64fa6b54cdc,2026-06-06T17:30:00Z,2026-06-06T19:30:00+0200,8805.08,MW,BE,BE,forecast_load,Forecasted Load,2026-06-16T08:13:23Z
2026-06-16T08:13:14Z,2026-06-16T10:13:14+0200,dd6516a5-5fe5-4565-873a-e64fa6b54cdc,2026-06-06T17:45:00Z,2026-06-06T19:45:00+0200,8681.56,MW,BE,BE,forecast_load,Forecasted Load,2026-06-16T08:13:23Z
2026-06-16T08:13:14Z,2026-06-16T10:13:14+0200,dd6516a5-5fe5-4565-873a-e64fa6b54cdc,2026-06-06T18:00:00Z,2026-06-06T20:00:00+0200,8751.53,MW,BE,BE,forecast_load,Forecasted Load,2026-06-16T08:13:23Z
2026-06-16T08:13:14Z,2026-06-16T10:13:14+0200,dd6516a5-5fe5-4565-873a-e64fa6b54cdc,2026-06-06T18:15:00Z,2026-06-06T20:15:00+0200,8688.14,MW,BE,BE,forecast_load,Forecasted Load,2026-06-16T08:13:23Z
2026-06-16T08:13:14Z,2026-06-16T10:13:14+0200,dd6516a5-5fe5-4565-873a-e64fa6b54cdc,2026-06-06T18:30:00Z,2026-06-06T20:30:00+0200,8619.39,MW,BE,BE,forecast_load,Forecasted Load,2026-06-16T08:13:23Z
2026-06-16T08:13:14Z,2026-06-16T10:13:14+0200,dd6516a5-5fe5-4565-873a-e64fa6b54cdc,2026-06-06T18:45:00Z,2026-06-06T20:45:00+0200,8569.57,MW,BE,BE,forecast_load,Forecasted Load,2026-06-16T08:13:23Z
2026-06-16T08:13:14Z,2026-06-16T10:13:14+0200,dd6516a5-5fe5-4565-873a-e64fa6b54cdc,2026-06-06T19:00:00Z,2026-06-06T21:00:00+0200,8563.91,MW,BE,BE,forecast_load,Forecasted Load,2026-06-16T08:13:23Z
2026-06-16T08:13:14Z,2026-06-16T10:13:14+0200,dd6516a5-5fe5-4565-873a-e64fa6b54cdc,2026-06-06T19:15:00Z,2026-06-06T21:15:00+0200,8556.84,MW,BE,BE,forecast_load,Forecasted Load,2026-06-16T08:13:23Z
2026-06-16T08:13:14Z,2026-06-16T10:13:14+0200,dd6516a5-5fe5-4565-873a-e64fa6b54cdc,2026-06-06T19:30:00Z,2026-06-06T21:30:00+0200,8573.1,MW,BE,BE,forecast_load,Forecasted Load,2026-06-16T08:13:23Z
2026-06-16T08:13:14Z,2026-06-16T10:13:14+0200,dd6516a5-5fe5-4565-873a-e64fa6b54cdc,2026-06-06T19:45:00Z,2026-06-06T21:45:00+0200,8583.16,MW,BE,BE,forecast_load,Forecasted Load,2026-06-16T08:13:23Z
2026-06-16T08:13:14Z,2026-06-16T10:13:14+0200,dd6516a5-5fe5-4565-873a-e64fa6b54cdc,2026-06-06T20:00:00Z,2026-06-06T22:00:00+0200,8481.48,MW,BE,BE,forecast_load,Forecasted Load,2026-06-16T08:13:23Z
2026-06-16T08:13:14Z,2026-06-16T10:13:14+0200,dd6516a5-5fe5-4565-873a-e64fa6b54cdc,2026-06-06T20:15:00Z,2026-06-06T22:15:00+0200,8499.68,MW,BE,BE,forecast_load,Forecasted Load,2026-06-16T08:13:23Z
2026-06-16T08:13:14Z,2026-06-16T10:13:14+0200,dd6516a5-5fe5-4565-873a-e64fa6b54cdc,2026-06-06T20:30:00Z,2026-06-06T22:30:00+0200,8415.45,MW,BE,BE,forecast_load,Forecasted Load,2026-06-16T08:13:23Z
2026-06-16T08:13:14Z,2026-06-16T10:13:14+0200,dd6516a5-5fe5-4565-873a-e64fa6b54cdc,2026-06-06T20:45:00Z,2026-06-06T22:45:00+0200,8389.34,MW,BE,BE,forecast_load,Forecasted Load,2026-06-16T08:13:23Z
2026-06-16T08:13:14Z,2026-06-16T10:13:14+0200,dd6516a5-5fe5-4565-873a-e64fa6b54cdc,2026-06-06T21:00:00Z,2026-06-06T23:00:00+0200,8295.15,MW,BE,BE,forecast_load,Forecasted Load,2026-06-16T08:13:23Z
2026-06-16T08:13:14Z,2026-06-16T10:13:14+0200,dd6516a5-5fe5-4565-873a-e64fa6b54cdc,2026-06-06T21:15:00Z,2026-06-06T23:15:00+0200,8248.76,MW,BE,BE,forecast_load,Forecasted Load,2026-06-16T08:13:23Z
2026-06-16T08:13:14Z,2026-06-16T10:13:14+0200,dd6516a5-5fe5-4565-873a-e64fa6b54cdc,2026-06-06T21:30:00Z,2026-06-06T23:30:00+0200,8160.1,MW,BE,BE,forecast_load,Forecasted Load,2026-06-16T08:13:23Z
2026-06-16T08:13:14Z,2026-06-16T10:13:14+0200,dd6516a5-5fe5-4565-873a-e64fa6b54cdc,2026-06-06T21:45:00Z,2026-06-06T23:45:00+0200,8007.26,MW,BE,BE,forecast_load,Forecasted Load,2026-06-16T08:13:23Z
2026-06-16T08:13:14Z,2026-06-16T10:13:14+0200,dd6516a5-5fe5-4565-873a-e64fa6b54cdc,2026-06-06T22:00:00Z,2026-06-07T00:00:00+0200,7710.53,MW,BE,BE,forecast_load,Forecasted Load,2026-06-16T08:13:23Z
2026-06-16T08:13:14Z,2026-06-16T10:13:14+0200,dd6516a5-5fe5-4565-873a-e64fa6b54cdc,2026-06-06T22:15:00Z,2026-06-07T00:15:00+0200,7617.33,MW,BE,BE,forecast_load,Forecasted Load,2026-06-16T08:13:23Z
2026-06-16T08:13:14Z,2026-06-16T10:13:14+0200,dd6516a5-5fe5-4565-873a-e64fa6b54cdc,2026-06-06T22:30:00Z,2026-06-07T00:30:00+0200,7570.2,MW,BE,BE,forecast_load,Forecasted Load,2026-06-16T08:13:23Z
2026-06-16T08:13:14Z,2026-06-16T10:13:14+0200,dd6516a5-5fe5-4565-873a-e64fa6b54cdc,2026-06-06T22:45:00Z,2026-06-07T00:45:00+0200,7486.56,MW,BE,BE,forecast_load,Forecasted Load,2026-06-16T08:13:23Z
2026-06-16T08:13:14Z,2026-06-16T10:13:14+0200,dd6516a5-5fe5-4565-873a-e64fa6b54cdc,2026-06-06T23:00:00Z,2026-06-07T01:00:00+0200,7427.67,MW,BE,BE,forecast_load,Forecasted Load,2026-06-16T08:13:23Z
2026-06-16T08:13:14Z,2026-06-16T10:13:14+0200,dd6516a5-5fe5-4565-873a-e64fa6b54cdc,2026-06-06T23:15:00Z,2026-06-07T01:15:00+0200,7328.11,MW,BE,BE,forecast_load,Forecasted Load,2026-06-16T08:13:23Z
2026-06-16T08:13:14Z,2026-06-16T10:13:14+0200,dd6516a5-5fe5-4565-873a-e64fa6b54cdc,2026-06-06T23:30:00Z,2026-06-07T01:30:00+0200,7284.05,MW,BE,BE,forecast_load,Forecasted Load,2026-06-16T08:13:23Z
2026-06-16T08:13:14Z,2026-06-16T10:13:14+0200,dd6516a5-5fe5-4565-873a-e64fa6b54cdc,2026-06-06T23:45:00Z,2026-06-07T01:45:00+0200,7249.98,MW,BE,BE,forecast_load,Forecasted Load,2026-06-16T08:13:23Z
2026-06-16T08:13:14Z,2026-06-16T10:13:14+0200,dd6516a5-5fe5-4565-873a-e64fa6b54cdc,2026-06-07T00:00:00Z,2026-06-07T02:00:00+0200,7311.49,MW,BE,BE,forecast_load,Forecasted Load,2026-06-16T08:13:23Z
2026-06-16T08:13:14Z,2026-06-16T10:13:14+0200,dd6516a5-5fe5-4565-873a-e64fa6b54cdc,2026-06-07T00:15:00Z,2026-06-07T02:15:00+0200,7204.66,MW,BE,BE,forecast_load,Forecasted Load,2026-06-16T08:13:23Z
2026-06-16T08:13:14Z,2026-06-16T10:13:14+0200,dd6516a5-5fe5-4565-873a-e64fa6b54cdc,2026-06-07T00:30:00Z,2026-06-07T02:30:00+0200,7199.45,MW,BE,BE,forecast_load,Forecasted Load,2026-06-16T08:13:23Z
2026-06-16T08:13:14Z,2026-06-16T10:13:14+0200,dd6516a5-5fe5-4565-873a-e64fa6b54cdc,2026-06-07T00:45:00Z,2026-06-07T02:45:00+0200,7142.67,MW,BE,BE,forecast_load,Forecasted Load,2026-06-16T08:13:23Z
2026-06-16T08:13:14Z,2026-06-16T10:13:14+0200,dd6516a5-5fe5-4565-873a-e64fa6b54cdc,2026-06-07T01:00:00Z,2026-06-07T03:00:00+0200,7079.66,MW,BE,BE,forecast_load,Forecasted Load,2026-06-16T08:13:23Z
2026-06-16T08:13:14Z,2026-06-16T10:13:14+0200,dd6516a5-5fe5-4565-873a-e64fa6b54cdc,2026-06-07T01:15:00Z,2026-06-07T03:15:00+0200,7066.11,MW,BE,BE,forecast_load,Forecasted Load,2026-06-16T08:13:23Z
2026-06-16T08:13:14Z,2026-06-16T10:13:14+0200,dd6516a5-5fe5-4565-873a-e64fa6b54cdc,2026-06-07T01:30:00Z,2026-06-07T03:30:00+0200,7041.08,MW,BE,BE,forecast_load,Forecasted Load,2026-06-16T08:13:23Z
2026-06-16T08:13:14Z,2026-06-16T10:13:14+0200,dd6516a5-5fe5-4565-873a-e64fa6b54cdc,2026-06-07T01:45:00Z,2026-06-07T03:45:00+0200,6991.09,MW,BE,BE,forecast_load,Forecasted Load,2026-06-16T08:13:23Z
2026-06-16T08:13:14Z,2026-06-16T10:13:14+0200,dd6516a5-5fe5-4565-873a-e64fa6b54cdc,2026-06-07T02:00:00Z,2026-06-07T04:00:00+0200,7002.85,MW,BE,BE,forecast_load,Forecasted Load,2026-06-16T08:13:23Z
2026-06-16T08:13:14Z,2026-06-16T10:13:14+0200,dd6516a5-5fe5-4565-873a-e64fa6b54cdc,2026-06-07T02:15:00Z,2026-06-07T04:15:00+0200,6979.07,MW,BE,BE,forecast_load,Forecasted Load,2026-06-16T08:13:23Z
2026-06-16T08:13:14Z,2026-06-16T10:13:14+0200,dd6516a5-5fe5-4565-873a-e64fa6b54cdc,2026-06-07T02:30:00Z,2026-06-07T04:30:00+0200,6954.08,MW,BE,BE,forecast_load,Forecasted Load,2026-06-16T08:13:23Z
2026-06-16T08:13:14Z,2026-06-16T10:13:14+0200,dd6516a5-5fe5-4565-873a-e64fa6b54cdc,2026-06-07T02:45:00Z,2026-06-07T04:45:00+0200,6962.68,MW,BE,BE,forecast_load,Forecasted Load,2026-06-16T08:13:23Z
2026-06-16T08:13:14Z,2026-06-16T10:13:14+0200,dd6516a5-5fe5-4565-873a-e64fa6b54cdc,2026-06-07T03:00:00Z,2026-06-07T05:00:00+0200,6971.06,MW,BE,BE,forecast_load,Forecasted Load,2026-06-16T08:13:23Z
2026-06-16T08:13:14Z,2026-06-16T10:13:14+0200,dd6516a5-5fe5-4565-873a-e64fa6b54cdc,2026-06-07T03:15:00Z,2026-06-07T05:15:00+0200,6993.82,MW,BE,BE,forecast_load,Forecasted Load,2026-06-16T08:13:23Z
2026-06-16T08:13:14Z,2026-06-16T10:13:14+0200,dd6516a5-5fe5-4565-873a-e64fa6b54cdc,2026-06-07T03:30:00Z,2026-06-07T05:30:00+0200,6959.73,MW,BE,BE,forecast_load,Forecasted Load,2026-06-16T08:13:23Z
2026-06-16T08:13:14Z,2026-06-16T10:13:14+0200,dd6516a5-5fe5-4565-873a-e64fa6b54cdc,2026-06-07T03:45:00Z,2026-06-07T05:45:00+0200,6909.09,MW,BE,BE,forecast_load,Forecasted Load,2026-06-16T08:13:23Z
2026-06-16T08:13:14Z,2026-06-16T10:13:14+0200,dd6516a5-5fe5-4565-873a-e64fa6b54cdc,2026-06-07T04:00:00Z,2026-06-07T06:00:00+0200,6949.89,MW,BE,BE,forecast_load,Forecasted Load,2026-06-16T08:13:23Z
2026-06-16T08:13:14Z,2026-06-16T10:13:14+0200,dd6516a5-5fe5-4565-873a-e64fa6b54cdc,2026-06-07T04:15:00Z,2026-06-07T06:15:00+0200,6969.55,MW,BE,BE,forecast_load,Forecasted Load,2026-06-16T08:13:23Z
2026-06-16T08:13:14Z,2026-06-16T10:13:14+0200,dd6516a5-5fe5-4565-873a-e64fa6b54cdc,2026-06-07T04:30:00Z,2026-06-07T06:30:00+0200,7034.48,MW,BE,BE,forecast_load,Forecasted Load,2026-06-16T08:13:23Z
2026-06-16T08:13:14Z,2026-06-16T10:13:14+0200,dd6516a5-5fe5-4565-873a-e64fa6b54cdc,2026-06-07T04:45:00Z,2026-06-07T06:45:00+0200,7104.54,MW,BE,BE,forecast_load,Forecasted Load,2026-06-16T08:13:23Z
2026-06-16T08:13:14Z,2026-06-16T10:13:14+0200,dd6516a5-5fe5-4565-873a-e64fa6b54cdc,2026-06-07T05:00:00Z,2026-06-07T07:00:00+0200,7179.62,MW,BE,BE,forecast_load,Forecasted Load,2026-06-16T08:13:23Z
2026-06-16T08:13:14Z,2026-06-16T10:13:14+0200,dd6516a5-5fe5-4565-873a-e64fa6b54cdc,2026-06-07T05:15:00Z,2026-06-07T07:15:00+0200,7224.09,MW,BE,BE,forecast_load,Forecasted Load,2026-06-16T08:13:23Z
2026-06-16T08:13:14Z,2026-06-16T10:13:14+0200,dd6516a5-5fe5-4565-873a-e64fa6b54cdc,2026-06-07T05:30:00Z,2026-06-07T07:30:00+0200,7328.42,MW,BE,BE,forecast_load,Forecasted Load,2026-06-16T08:13:23Z
2026-06-16T08:13:14Z,2026-06-16T10:13:14+0200,dd6516a5-5fe5-4565-873a-e64fa6b54cdc,2026-06-07T05:45:00Z,2026-06-07T07:45:00+0200,7427.38,MW,BE,BE,forecast_load,Forecasted Load,2026-06-16T08:13:23Z
2026-06-16T08:13:14Z,2026-06-16T10:13:14+0200,dd6516a5-5fe5-4565-873a-e64fa6b54cdc,2026-06-07T06:00:00Z,2026-06-07T08:00:00+0200,7493.27,MW,BE,BE,forecast_load,Forecasted Load,2026-06-16T08:13:23Z
2026-06-16T08:13:14Z,2026-06-16T10:13:14+0200,dd6516a5-5fe5-4565-873a-e64fa6b54cdc,2026-06-07T06:15:00Z,2026-06-07T08:15:00+0200,7607.5,MW,BE,BE,forecast_load,Forecasted Load,2026-06-16T08:13:23Z
2026-06-16T08:13:14Z,2026-06-16T10:13:14+0200,dd6516a5-5fe5-4565-873a-e64fa6b54cdc,2026-06-07T06:30:00Z,2026-06-07T08:30:00+0200,7697.62,MW,BE,BE,forecast_load,Forecasted Load,2026-06-16T08:13:23Z
2026-06-16T08:13:14Z,2026-06-16T10:13:14+0200,dd6516a5-5fe5-4565-873a-e64fa6b54cdc,2026-06-07T06:45:00Z,2026-06-07T08:45:00+0200,7819.27,MW,BE,BE,forecast_load,Forecasted Load,2026-06-16T08:13:23Z
2026-06-16T08:13:14Z,2026-06-16T10:13:14+0200,dd6516a5-5fe5-4565-873a-e64fa6b54cdc,2026-06-07T07:00:00Z,2026-06-07T09:00:00+0200,7859.72,MW,BE,BE,forecast_load,Forecasted Load,2026-06-16T08:13:23Z
2026-06-16T08:13:14Z,2026-06-16T10:13:14+0200,dd6516a5-5fe5-4565-873a-e64fa6b54cdc,2026-06-07T07:15:00Z,2026-06-07T09:15:00+0200,7936.22,MW,BE,BE,forecast_load,Forecasted Load,2026-06-16T08:13:23Z
2026-06-16T08:13:14Z,2026-06-16T10:13:14+0200,dd6516a5-5fe5-4565-873a-e64fa6b54cdc,2026-06-07T07:30:00Z,2026-06-07T09:30:00+0200,8065.67,MW,BE,BE,forecast_load,Forecasted Load,2026-06-16T08:13:23Z
2026-06-16T08:13:14Z,2026-06-16T10:13:14+0200,dd6516a5-5fe5-4565-873a-e64fa6b54cdc,2026-06-07T07:45:00Z,2026-06-07T09:45:00+0200,8217.94,MW,BE,BE,forecast_load,Forecasted Load,2026-06-16T08:13:23Z
2026-06-16T08:13:14Z,2026-06-16T10:13:14+0200,dd6516a5-5fe5-4565-873a-e64fa6b54cdc,2026-06-07T08:00:00Z,2026-06-07T10:00:00+0200,8178.35,MW,BE,BE,forecast_load,Forecasted Load,2026-06-16T08:13:23Z
2026-06-16T08:13:14Z,2026-06-16T10:13:14+0200,dd6516a5-5fe5-4565-873a-e64fa6b54cdc,2026-06-07T08:15:00Z,2026-06-07T10:15:00+0200,8345.13,MW,BE,BE,forecast_load,Forecasted Load,2026-06-16T08:13:23Z
2026-06-16T08:13:14Z,2026-06-16T10:13:14+0200,dd6516a5-5fe5-4565-873a-e64fa6b54cdc,2026-06-07T08:30:00Z,2026-06-07T10:30:00+0200,8405.11,MW,BE,BE,forecast_load,Forecasted Load,2026-06-16T08:13:23Z
2026-06-16T08:13:14Z,2026-06-16T10:13:14+0200,dd6516a5-5fe5-4565-873a-e64fa6b54cdc,2026-06-07T08:45:00Z,2026-06-07T10:45:00+0200,8570.2,MW,BE,BE,forecast_load,Forecasted Load,2026-06-16T08:13:23Z
2026-06-16T08:13:14Z,2026-06-16T10:13:14+0200,dd6516a5-5fe5-4565-873a-e64fa6b54cdc,2026-06-07T09:00:00Z,2026-06-07T11:00:00+0200,8611.77,MW,BE,BE,forecast_load,Forecasted Load,2026-06-16T08:13:23Z
2026-06-16T08:13:14Z,2026-06-16T10:13:14+0200,dd6516a5-5fe5-4565-873a-e64fa6b54cdc,2026-06-07T09:15:00Z,2026-06-07T11:15:00+0200,8774.97,MW,BE,BE,forecast_load,Forecasted Load,2026-06-16T08:13:23Z
2026-06-16T08:13:14Z,2026-06-16T10:13:14+0200,dd6516a5-5fe5-4565-873a-e64fa6b54cdc,2026-06-07T09:30:00Z,2026-06-07T11:30:00+0200,8894.55,MW,BE,BE,forecast_load,Forecasted Load,2026-06-16T08:13:23Z
2026-06-16T08:13:14Z,2026-06-16T10:13:14+0200,dd6516a5-5fe5-4565-873a-e64fa6b54cdc,2026-06-07T09:45:00Z,2026-06-07T11:45:00+0200,8925.45,MW,BE,BE,forecast_load,Forecasted Load,2026-06-16T08:13:23Z
2026-06-16T08:13:14Z,2026-06-16T10:13:14+0200,dd6516a5-5fe5-4565-873a-e64fa6b54cdc,2026-06-07T10:00:00Z,2026-06-07T12:00:00+0200,8944.78,MW,BE,BE,forecast_load,Forecasted Load,2026-06-16T08:13:23Z
2026-06-16T08:13:14Z,2026-06-16T10:13:14+0200,dd6516a5-5fe5-4565-873a-e64fa6b54cdc,2026-06-07T10:15:00Z,2026-06-07T12:15:00+0200,8940.85,MW,BE,BE,forecast_load,Forecasted Load,2026-06-16T08:13:23Z
2026-06-16T08:13:14Z,2026-06-16T10:13:14+0200,dd6516a5-5fe5-4565-873a-e64fa6b54cdc,2026-06-07T10:30:00Z,2026-06-07T12:30:00+0200,8897.64,MW,BE,BE,forecast_load,Forecasted Load,2026-06-16T08:13:23Z
2026-06-16T08:13:14Z,2026-06-16T10:13:14+0200,dd6516a5-5fe5-4565-873a-e64fa6b54cdc,2026-06-07T10:45:00Z,2026-06-07T12:45:00+0200,8855.21,MW,BE,BE,forecast_load,Forecasted Load,2026-06-16T08:13:23Z
2026-06-16T08:13:14Z,2026-06-16T10:13:14+0200,dd6516a5-5fe5-4565-873a-e64fa6b54cdc,2026-06-07T11:00:00Z,2026-06-07T13:00:00+0200,8797.31,MW,BE,BE,forecast_load,Forecasted Load,2026-06-16T08:13:23Z
2026-06-16T08:13:14Z,2026-06-16T10:13:14+0200,dd6516a5-5fe5-4565-873a-e64fa6b54cdc,2026-06-07T11:15:00Z,2026-06-07T13:15:00+0200,8815.94,MW,BE,BE,forecast_load,Forecasted Load,2026-06-16T08:13:23Z
2026-06-16T08:13:14Z,2026-06-16T10:13:14+0200,dd6516a5-5fe5-4565-873a-e64fa6b54cdc,2026-06-07T11:30:00Z,2026-06-07T13:30:00+0200,8841.14,MW,BE,BE,forecast_load,Forecasted Load,2026-06-16T08:13:23Z
2026-06-16T08:13:14Z,2026-06-16T10:13:14+0200,dd6516a5-5fe5-4565-873a-e64fa6b54cdc,2026-06-07T11:45:00Z,2026-06-07T13:45:00+0200,8777.12,MW,BE,BE,forecast_load,Forecasted Load,2026-06-16T08:13:23Z
2026-06-16T08:13:14Z,2026-06-16T10:13:14+0200,dd6516a5-5fe5-4565-873a-e64fa6b54cdc,2026-06-07T12:00:00Z,2026-06-07T14:00:00+0200,8683.5,MW,BE,BE,forecast_load,Forecasted Load,2026-06-16T08:13:23Z
2026-06-16T08:13:14Z,2026-06-16T10:13:14+0200,dd6516a5-5fe5-4565-873a-e64fa6b54cdc,2026-06-07T12:15:00Z,2026-06-07T14:15:00+0200,8591.84,MW,BE,BE,forecast_load,Forecasted Load,2026-06-16T08:13:23Z
2026-06-16T08:13:14Z,2026-06-16T10:13:14+0200,dd6516a5-5fe5-4565-873a-e64fa6b54cdc,2026-06-07T12:30:00Z,2026-06-07T14:30:00+0200,8548.68,MW,BE,BE,forecast_load,Forecasted Load,2026-06-16T08:13:23Z
2026-06-16T08:13:14Z,2026-06-16T10:13:14+0200,dd6516a5-5fe5-4565-873a-e64fa6b54cdc,2026-06-07T12:45:00Z,2026-06-07T14:45:00+0200,8489.01,MW,BE,BE,forecast_load,Forecasted Load,2026-06-16T08:13:23Z
2026-06-16T08:13:14Z,2026-06-16T10:13:14+0200,dd6516a5-5fe5-4565-873a-e64fa6b54cdc,2026-06-07T13:00:00Z,2026-06-07T15:00:00+0200,8430.28,MW,BE,BE,forecast_load,Forecasted Load,2026-06-16T08:13:23Z
2026-06-16T08:13:14Z,2026-06-16T10:13:14+0200,dd6516a5-5fe5-4565-873a-e64fa6b54cdc,2026-06-07T13:15:00Z,2026-06-07T15:15:00+0200,8382.83,MW,BE,BE,forecast_load,Forecasted Load,2026-06-16T08:13:23Z
2026-06-16T08:13:14Z,2026-06-16T10:13:14+0200,dd6516a5-5fe5-4565-873a-e64fa6b54cdc,2026-06-07T13:30:00Z,2026-06-07T15:30:00+0200,8305.78,MW,BE,BE,forecast_load,Forecasted Load,2026-06-16T08:13:23Z
2026-06-16T08:13:14Z,2026-06-16T10:13:14+0200,dd6516a5-5fe5-4565-873a-e64fa6b54cdc,2026-06-07T13:45:00Z,2026-06-07T15:45:00+0200,8149.03,MW,BE,BE,forecast_load,Forecasted Load,2026-06-16T08:13:23Z
2026-06-16T08:13:14Z,2026-06-16T10:13:14+0200,dd6516a5-5fe5-4565-873a-e64fa6b54cdc,2026-06-07T14:00:00Z,2026-06-07T16:00:00+0200,8107.2,MW,BE,BE,forecast_load,Forecasted Load,2026-06-16T08:13:23Z
2026-06-16T08:13:14Z,2026-06-16T10:13:14+0200,dd6516a5-5fe5-4565-873a-e64fa6b54cdc,2026-06-07T14:15:00Z,2026-06-07T16:15:00+0200,8044.61,MW,BE,BE,forecast_load,Forecasted Load,2026-06-16T08:13:23Z
2026-06-16T08:13:14Z,2026-06-16T10:13:14+0200,dd6516a5-5fe5-4565-873a-e64fa6b54cdc,2026-06-07T14:30:00Z,2026-06-07T16:30:00+0200,7961.77,MW,BE,BE,forecast_load,Forecasted Load,2026-06-16T08:13:23Z
2026-06-16T08:13:14Z,2026-06-16T10:13:14+0200,dd6516a5-5fe5-4565-873a-e64fa6b54cdc,2026-06-07T14:45:00Z,2026-06-07T16:45:00+0200,7903.81,MW,BE,BE,forecast_load,Forecasted Load,2026-06-16T08:13:23Z
2026-06-16T08:13:14Z,2026-06-16T10:13:14+0200,dd6516a5-5fe5-4565-873a-e64fa6b54cdc,2026-06-07T15:00:00Z,2026-06-07T17:00:00+0200,7923.94,MW,BE,BE,forecast_load,Forecasted Load,2026-06-16T08:13:23Z
2026-06-16T08:13:14Z,2026-06-16T10:13:14+0200,dd6516a5-5fe5-4565-873a-e64fa6b54cdc,2026-06-07T15:15:00Z,2026-06-07T17:15:00+0200,7944.29,MW,BE,BE,forecast_load,Forecasted Load,2026-06-16T08:13:23Z
2026-06-16T08:13:14Z,2026-06-16T10:13:14+0200,dd6516a5-5fe5-4565-873a-e64fa6b54cdc,2026-06-07T15:30:00Z,2026-06-07T17:30:00+0200,8011.06,MW,BE,BE,forecast_load,Forecasted Load,2026-06-16T08:13:23Z
2026-06-16T08:13:14Z,2026-06-16T10:13:14+0200,dd6516a5-5fe5-4565-873a-e64fa6b54cdc,2026-06-07T15:45:00Z,2026-06-07T17:45:00+0200,8006.21,MW,BE,BE,forecast_load,Forecasted Load,2026-06-16T08:13:23Z
2026-06-16T08:13:14Z,2026-06-16T10:13:14+0200,dd6516a5-5fe5-4565-873a-e64fa6b54cdc,2026-06-07T16:00:00Z,2026-06-07T18:00:00+0200,8222.74,MW,BE,BE,forecast_load,Forecasted Load,2026-06-16T08:13:23Z
2026-06-16T08:13:14Z,2026-06-16T10:13:14+0200,dd6516a5-5fe5-4565-873a-e64fa6b54cdc,2026-06-07T16:15:00Z,2026-06-07T18:15:00+0200,8257.21,MW,BE,BE,forecast_load,Forecasted Load,2026-06-16T08:13:23Z
2026-06-16T08:13:14Z,2026-06-16T10:13:14+0200,dd6516a5-5fe5-4565-873a-e64fa6b54cdc,2026-06-07T16:30:00Z,2026-06-07T18:30:00+0200,8262.78,MW,BE,BE,forecast_load,Forecasted Load,2026-06-16T08:13:23Z
2026-06-16T08:13:14Z,2026-06-16T10:13:14+0200,dd6516a5-5fe5-4565-873a-e64fa6b54cdc,2026-06-07T16:45:00Z,2026-06-07T18:45:00+0200,8327.65,MW,BE,BE,forecast_load,Forecasted Load,2026-06-16T08:13:23Z
2026-06-16T08:13:14Z,2026-06-16T10:13:14+0200,dd6516a5-5fe5-4565-873a-e64fa6b54cdc,2026-06-07T17:00:00Z,2026-06-07T19:00:00+0200,8458.46,MW,BE,BE,forecast_load,Forecasted Load,2026-06-16T08:13:23Z
2026-06-16T08:13:14Z,2026-06-16T10:13:14+0200,dd6516a5-5fe5-4565-873a-e64fa6b54cdc,2026-06-07T17:15:00Z,2026-06-07T19:15:00+0200,8465.74,MW,BE,BE,forecast_load,Forecasted Load,2026-06-16T08:13:23Z
2026-06-16T08:13:14Z,2026-06-16T10:13:14+0200,dd6516a5-5fe5-4565-873a-e64fa6b54cdc,2026-06-07T17:30:00Z,2026-06-07T19:30:00+0200,8483.83,MW,BE,BE,forecast_load,Forecasted Load,2026-06-16T08:13:23Z
2026-06-16T08:13:14Z,2026-06-16T10:13:14+0200,dd6516a5-5fe5-4565-873a-e64fa6b54cdc,2026-06-07T17:45:00Z,2026-06-07T19:45:00+0200,8408.05,MW,BE,BE,forecast_load,Forecasted Load,2026-06-16T08:13:23Z
2026-06-16T08:13:14Z,2026-06-16T10:13:14+0200,dd6516a5-5fe5-4565-873a-e64fa6b54cdc,2026-06-07T18:00:00Z,2026-06-07T20:00:00+0200,8565.25,MW,BE,BE,forecast_load,Forecasted Load,2026-06-16T08:13:23Z
2026-06-16T08:13:14Z,2026-06-16T10:13:14+0200,dd6516a5-5fe5-4565-873a-e64fa6b54cdc,2026-06-07T18:15:00Z,2026-06-07T20:15:00+0200,8500.66,MW,BE,BE,forecast_load,Forecasted Load,2026-06-16T08:13:23Z
2026-06-16T08:13:14Z,2026-06-16T10:13:14+0200,dd6516a5-5fe5-4565-873a-e64fa6b54cdc,2026-06-07T18:30:00Z,2026-06-07T20:30:00+0200,8467.72,MW,BE,BE,forecast_load,Forecasted Load,2026-06-16T08:13:23Z
2026-06-16T08:13:14Z,2026-06-16T10:13:14+0200,dd6516a5-5fe5-4565-873a-e64fa6b54cdc,2026-06-07T18:45:00Z,2026-06-07T20:45:00+0200,8407.57,MW,BE,BE,forecast_load,Forecasted Load,2026-06-16T08:13:23Z
2026-06-16T08:13:14Z,2026-06-16T10:13:14+0200,dd6516a5-5fe5-4565-873a-e64fa6b54cdc,2026-06-07T19:00:00Z,2026-06-07T21:00:00+0200,8353.83,MW,BE,BE,forecast_load,Forecasted Load,2026-06-16T08:13:23Z
2026-06-16T08:13:14Z,2026-06-16T10:13:14+0200,dd6516a5-5fe5-4565-873a-e64fa6b54cdc,2026-06-07T19:15:00Z,2026-06-07T21:15:00+0200,8328.73,MW,BE,BE,forecast_load,Forecasted Load,2026-06-16T08:13:23Z
2026-06-16T08:13:14Z,2026-06-16T10:13:14+0200,dd6516a5-5fe5-4565-873a-e64fa6b54cdc,2026-06-07T19:30:00Z,2026-06-07T21:30:00+0200,8327.91,MW,BE,BE,forecast_load,Forecasted Load,2026-06-16T08:13:23Z
2026-06-16T08:13:14Z,2026-06-16T10:13:14+0200,dd6516a5-5fe5-4565-873a-e64fa6b54cdc,2026-06-07T19:45:00Z,2026-06-07T21:45:00+0200,8322.45,MW,BE,BE,forecast_load,Forecasted Load,2026-06-16T08:13:23Z
2026-06-16T08:13:14Z,2026-06-16T10:13:14+0200,dd6516a5-5fe5-4565-873a-e64fa6b54cdc,2026-06-07T20:00:00Z,2026-06-07T22:00:00+0200,8223.39,MW,BE,BE,forecast_load,Forecasted Load,2026-06-16T08:13:23Z
2026-06-16T08:13:14Z,2026-06-16T10:13:14+0200,dd6516a5-5fe5-4565-873a-e64fa6b54cdc,2026-06-07T20:15:00Z,2026-06-07T22:15:00+0200,8266.29,MW,BE,BE,forecast_load,Forecasted Load,2026-06-16T08:13:23Z
2026-06-16T08:13:14Z,2026-06-16T10:13:14+0200,dd6516a5-5fe5-4565-873a-e64fa6b54cdc,2026-06-07T20:30:00Z,2026-06-07T22:30:00+0200,8228.04,MW,BE,BE,forecast_load,Forecasted Load,2026-06-16T08:13:23Z
2026-06-16T08:13:14Z,2026-06-16T10:13:14+0200,dd6516a5-5fe5-4565-873a-e64fa6b54cdc,2026-06-07T20:45:00Z,2026-06-07T22:45:00+0200,8133.15,MW,BE,BE,forecast_load,Forecasted Load,2026-06-16T08:13:23Z
2026-06-16T08:13:14Z,2026-06-16T10:13:14+0200,dd6516a5-5fe5-4565-873a-e64fa6b54cdc,2026-06-07T21:00:00Z,2026-06-07T23:00:00+0200,8032.99,MW,BE,BE,forecast_load,Forecasted Load,2026-06-16T08:13:23Z
2026-06-16T08:13:14Z,2026-06-16T10:13:14+0200,dd6516a5-5fe5-4565-873a-e64fa6b54cdc,2026-06-07T21:15:00Z,2026-06-07T23:15:00+0200,7906.92,MW,BE,BE,forecast_load,Forecasted Load,2026-06-16T08:13:23Z
2026-06-16T08:13:14Z,2026-06-16T10:13:14+0200,dd6516a5-5fe5-4565-873a-e64fa6b54cdc,2026-06-07T21:30:00Z,2026-06-07T23:30:00+0200,7819.95,MW,BE,BE,forecast_load,Forecasted Load,2026-06-16T08:13:23Z
2026-06-16T08:13:14Z,2026-06-16T10:13:14+0200,dd6516a5-5fe5-4565-873a-e64fa6b54cdc,2026-06-07T21:45:00Z,2026-06-07T23:45:00+0200,7712.28,MW,BE,BE,forecast_load,Forecasted Load,2026-06-16T08:13:23Z
2026-06-16T08:13:14Z,2026-06-16T10:13:14+0200,dd6516a5-5fe5-4565-873a-e64fa6b54cdc,2026-06-07T22:00:00Z,2026-06-08T00:00:00+0200,7576.5,MW,BE,BE,forecast_load,Forecasted Load,2026-06-16T08:13:23Z
2026-06-16T08:13:14Z,2026-06-16T10:13:14+0200,dd6516a5-5fe5-4565-873a-e64fa6b54cdc,2026-06-07T22:15:00Z,2026-06-08T00:15:00+0200,7465.68,MW,BE,BE,forecast_load,Forecasted Load,2026-06-16T08:13:23Z
2026-06-16T08:13:14Z,2026-06-16T10:13:14+0200,dd6516a5-5fe5-4565-873a-e64fa6b54cdc,2026-06-07T22:30:00Z,2026-06-08T00:30:00+0200,7403.24,MW,BE,BE,forecast_load,Forecasted Load,2026-06-16T08:13:23Z
2026-06-16T08:13:14Z,2026-06-16T10:13:14+0200,dd6516a5-5fe5-4565-873a-e64fa6b54cdc,2026-06-07T22:45:00Z,2026-06-08T00:45:00+0200,7351.71,MW,BE,BE,forecast_load,Forecasted Load,2026-06-16T08:13:23Z
2026-06-16T08:13:14Z,2026-06-16T10:13:14+0200,dd6516a5-5fe5-4565-873a-e64fa6b54cdc,2026-06-07T23:00:00Z,2026-06-08T01:00:00+0200,7255.27,MW,BE,BE,forecast_load,Forecasted Load,2026-06-16T08:13:23Z
2026-06-16T08:13:14Z,2026-06-16T10:13:14+0200,dd6516a5-5fe5-4565-873a-e64fa6b54cdc,2026-06-07T23:15:00Z,2026-06-08T01:15:00+0200,7216.65,MW,BE,BE,forecast_load,Forecasted Load,2026-06-16T08:13:23Z
2026-06-16T08:13:14Z,2026-06-16T10:13:14+0200,dd6516a5-5fe5-4565-873a-e64fa6b54cdc,2026-06-07T23:30:00Z,2026-06-08T01:30:00+0200,7178.52,MW,BE,BE,forecast_load,Forecasted Load,2026-06-16T08:13:23Z
2026-06-16T08:13:14Z,2026-06-16T10:13:14+0200,dd6516a5-5fe5-4565-873a-e64fa6b54cdc,2026-06-07T23:45:00Z,2026-06-08T01:45:00+0200,7122.72,MW,BE,BE,forecast_load,Forecasted Load,2026-06-16T08:13:23Z
2026-06-16T08:13:14Z,2026-06-16T10:13:14+0200,dd6516a5-5fe5-4565-873a-e64fa6b54cdc,2026-06-08T00:00:00Z,2026-06-08T02:00:00+0200,7018.39,MW,BE,BE,forecast_load,Forecasted Load,2026-06-16T08:13:23Z
2026-06-16T08:13:14Z,2026-06-16T10:13:14+0200,dd6516a5-5fe5-4565-873a-e64fa6b54cdc,2026-06-08T00:15:00Z,2026-06-08T02:15:00+0200,6988.94,MW,BE,BE,forecast_load,Forecasted Load,2026-06-16T08:13:23Z
2026-06-16T08:13:14Z,2026-06-16T10:13:14+0200,dd6516a5-5fe5-4565-873a-e64fa6b54cdc,2026-06-08T00:30:00Z,2026-06-08T02:30:00+0200,6986.47,MW,BE,BE,forecast_load,Forecasted Load,2026-06-16T08:13:23Z
2026-06-16T08:13:14Z,2026-06-16T10:13:14+0200,dd6516a5-5fe5-4565-873a-e64fa6b54cdc,2026-06-08T00:45:00Z,2026-06-08T02:45:00+0200,6983.76,MW,BE,BE,forecast_load,Forecasted Load,2026-06-16T08:13:23Z
2026-06-16T08:13:14Z,2026-06-16T10:13:14+0200,dd6516a5-5fe5-4565-873a-e64fa6b54cdc,2026-06-08T01:00:00Z,2026-06-08T03:00:00+0200,6981.23,MW,BE,BE,forecast_load,Forecasted Load,2026-06-16T08:13:23Z
2026-06-16T08:13:14Z,2026-06-16T10:13:14+0200,dd6516a5-5fe5-4565-873a-e64fa6b54cdc,2026-06-08T01:15:00Z,2026-06-08T03:15:00+0200,6983.58,MW,BE,BE,forecast_load,Forecasted Load,2026-06-16T08:13:23Z
2026-06-16T08:13:14Z,2026-06-16T10:13:14+0200,dd6516a5-5fe5-4565-873a-e64fa6b54cdc,2026-06-08T01:30:00Z,2026-06-08T03:30:00+0200,7006.74,MW,BE,BE,forecast_load,Forecasted Load,2026-06-16T08:13:23Z
2026-06-16T08:13:14Z,2026-06-16T10:13:14+0200,dd6516a5-5fe5-4565-873a-e64fa6b54cdc,2026-06-08T01:45:00Z,2026-06-08T03:45:00+0200,7005.69,MW,BE,BE,forecast_load,Forecasted Load,2026-06-16T08:13:23Z
2026-06-16T08:13:14Z,2026-06-16T10:13:14+0200,dd6516a5-5fe5-4565-873a-e64fa6b54cdc,2026-06-08T02:00:00Z,2026-06-08T04:00:00+0200,7066.87,MW,BE,BE,forecast_load,Forecasted Load,2026-06-16T08:13:23Z
2026-06-16T08:13:14Z,2026-06-16T10:13:14+0200,dd6516a5-5fe5-4565-873a-e64fa6b54cdc,2026-06-08T02:15:00Z,2026-06-08T04:15:00+0200,7062.08,MW,BE,BE,forecast_load,Forecasted Load,2026-06-16T08:13:23Z
2026-06-16T08:13:14Z,2026-06-16T10:13:14+0200,dd6516a5-5fe5-4565-873a-e64fa6b54cdc,2026-06-08T02:30:00Z,2026-06-08T04:30:00+0200,7084.08,MW,BE,BE,forecast_load,Forecasted Load,2026-06-16T08:13:23Z
2026-06-16T08:13:14Z,2026-06-16T10:13:14+0200,dd6516a5-5fe5-4565-873a-e64fa6b54cdc,2026-06-08T02:45:00Z,2026-06-08T04:45:00+0200,7154.05,MW,BE,BE,forecast_load,Forecasted Load,2026-06-16T08:13:23Z
2026-06-16T08:13:14Z,2026-06-16T10:13:14+0200,dd6516a5-5fe5-4565-873a-e64fa6b54cdc,2026-06-08T03:00:00Z,2026-06-08T05:00:00+0200,7229.64,MW,BE,BE,forecast_load,Forecasted Load,2026-06-16T08:13:23Z
2026-06-16T08:13:14Z,2026-06-16T10:13:14+0200,dd6516a5-5fe5-4565-873a-e64fa6b54cdc,2026-06-08T03:15:00Z,2026-06-08T05:15:00+0200,7319.31,MW,BE,BE,forecast_load,Forecasted Load,2026-06-16T08:13:23Z
2026-06-16T08:13:14Z,2026-06-16T10:13:14+0200,dd6516a5-5fe5-4565-873a-e64fa6b54cdc,2026-06-08T03:30:00Z,2026-06-08T05:30:00+0200,7404.84,MW,BE,BE,forecast_load,Forecasted Load,2026-06-16T08:13:23Z
2026-06-16T08:13:14Z,2026-06-16T10:13:14+0200,dd6516a5-5fe5-4565-873a-e64fa6b54cdc,2026-06-08T03:45:00Z,2026-06-08T05:45:00+0200,7523.6,MW,BE,BE,forecast_load,Forecasted Load,2026-06-16T08:13:23Z
2026-06-16T08:13:14Z,2026-06-16T10:13:14+0200,dd6516a5-5fe5-4565-873a-e64fa6b54cdc,2026-06-08T04:00:00Z,2026-06-08T06:00:00+0200,7769.95,MW,BE,BE,forecast_load,Forecasted Load,2026-06-16T08:13:23Z
2026-06-16T08:13:14Z,2026-06-16T10:13:14+0200,dd6516a5-5fe5-4565-873a-e64fa6b54cdc,2026-06-08T04:15:00Z,2026-06-08T06:15:00+0200,8012.13,MW,BE,BE,forecast_load,Forecasted Load,2026-06-16T08:13:23Z
2026-06-16T08:13:14Z,2026-06-16T10:13:14+0200,dd6516a5-5fe5-4565-873a-e64fa6b54cdc,2026-06-08T04:30:00Z,2026-06-08T06:30:00+0200,8174.68,MW,BE,BE,forecast_load,Forecasted Load,2026-06-16T08:13:23Z
2026-06-16T08:13:14Z,2026-06-16T10:13:14+0200,dd6516a5-5fe5-4565-873a-e64fa6b54cdc,2026-06-08T04:45:00Z,2026-06-08T06:45:00+0200,8403.05,MW,BE,BE,forecast_load,Forecasted Load,2026-06-16T08:13:23Z
2026-06-16T08:13:14Z,2026-06-16T10:13:14+0200,dd6516a5-5fe5-4565-873a-e64fa6b54cdc,2026-06-08T05:00:00Z,2026-06-08T07:00:00+0200,8657.77,MW,BE,BE,forecast_load,Forecasted Load,2026-06-16T08:13:23Z
2026-06-16T08:13:14Z,2026-06-16T10:13:14+0200,dd6516a5-5fe5-4565-873a-e64fa6b54cdc,2026-06-08T05:15:00Z,2026-06-08T07:15:00+0200,8885.18,MW,BE,BE,forecast_load,Forecasted Load,2026-06-16T08:13:23Z
2026-06-16T08:13:14Z,2026-06-16T10:13:14+0200,dd6516a5-5fe5-4565-873a-e64fa6b54cdc,2026-06-08T05:30:00Z,2026-06-08T07:30:00+0200,9044.77,MW,BE,BE,forecast_load,Forecasted Load,2026-06-16T08:13:23Z
2026-06-16T08:13:14Z,2026-06-16T10:13:14+0200,dd6516a5-5fe5-4565-873a-e64fa6b54cdc,2026-06-08T05:45:00Z,2026-06-08T07:45:00+0200,9214.36,MW,BE,BE,forecast_load,Forecasted Load,2026-06-16T08:13:23Z
2026-06-16T08:13:14Z,2026-06-16T10:13:14+0200,dd6516a5-5fe5-4565-873a-e64fa6b54cdc,2026-06-08T06:00:00Z,2026-06-08T08:00:00+0200,9312.3,MW,BE,BE,forecast_load,Forecasted Load,2026-06-16T08:13:23Z
2026-06-16T08:13:14Z,2026-06-16T10:13:14+0200,dd6516a5-5fe5-4565-873a-e64fa6b54cdc,2026-06-08T06:15:00Z,2026-06-08T08:15:00+0200,9584.74,MW,BE,BE,forecast_load,Forecasted Load,2026-06-16T08:13:23Z
2026-06-16T08:13:14Z,2026-06-16T10:13:14+0200,dd6516a5-5fe5-4565-873a-e64fa6b54cdc,2026-06-08T06:30:00Z,2026-06-08T08:30:00+0200,9778.34,MW,BE,BE,forecast_load,Forecasted Load,2026-06-16T08:13:23Z
2026-06-16T08:13:14Z,2026-06-16T10:13:14+0200,dd6516a5-5fe5-4565-873a-e64fa6b54cdc,2026-06-08T06:45:00Z,2026-06-08T08:45:00+0200,9943.83,MW,BE,BE,forecast_load,Forecasted Load,2026-06-16T08:13:23Z
2026-06-16T08:13:14Z,2026-06-16T10:13:14+0200,dd6516a5-5fe5-4565-873a-e64fa6b54cdc,2026-06-08T07:00:00Z,2026-06-08T09:00:00+0200,9968.02,MW,BE,BE,forecast_load,Forecasted Load,2026-06-16T08:13:23Z
2026-06-16T08:13:14Z,2026-06-16T10:13:14+0200,dd6516a5-5fe5-4565-873a-e64fa6b54cdc,2026-06-08T07:15:00Z,2026-06-08T09:15:00+0200,10035.79,MW,BE,BE,forecast_load,Forecasted Load,2026-06-16T08:13:23Z
2026-06-16T08:13:14Z,2026-06-16T10:13:14+0200,dd6516a5-5fe5-4565-873a-e64fa6b54cdc,2026-06-08T07:30:00Z,2026-06-08T09:30:00+0200,10123.97,MW,BE,BE,forecast_load,Forecasted Load,2026-06-16T08:13:23Z
2026-06-16T08:13:14Z,2026-06-16T10:13:14+0200,dd6516a5-5fe5-4565-873a-e64fa6b54cdc,2026-06-08T07:45:00Z,2026-06-08T09:45:00+0200,10174.89,MW,BE,BE,forecast_load,Forecasted Load,2026-06-16T08:13:23Z
2026-06-16T08:13:14Z,2026-06-16T10:13:14+0200,dd6516a5-5fe5-4565-873a-e64fa6b54cdc,2026-06-08T08:00:00Z,2026-06-08T10:00:00+0200,10140.81,MW,BE,BE,forecast_load,Forecasted Load,2026-06-16T08:13:23Z
2026-06-16T08:13:14Z,2026-06-16T10:13:14+0200,dd6516a5-5fe5-4565-873a-e64fa6b54cdc,2026-06-08T08:15:00Z,2026-06-08T10:15:00+0200,10153.64,MW,BE,BE,forecast_load,Forecasted Load,2026-06-16T08:13:23Z
2026-06-16T08:13:14Z,2026-06-16T10:13:14+0200,dd6516a5-5fe5-4565-873a-e64fa6b54cdc,2026-06-08T08:30:00Z,2026-06-08T10:30:00+0200,10079.83,MW,BE,BE,forecast_load,Forecasted Load,2026-06-16T08:13:23Z
2026-06-16T08:13:14Z,2026-06-16T10:13:14+0200,dd6516a5-5fe5-4565-873a-e64fa6b54cdc,2026-06-08T08:45:00Z,2026-06-08T10:45:00+0200,10073.38,MW,BE,BE,forecast_load,Forecasted Load,2026-06-16T08:13:23Z
2026-06-16T08:13:14Z,2026-06-16T10:13:14+0200,dd6516a5-5fe5-4565-873a-e64fa6b54cdc,2026-06-08T09:00:00Z,2026-06-08T11:00:00+0200,10259.75,MW,BE,BE,forecast_load,Forecasted Load,2026-06-16T08:13:23Z
2026-06-16T08:13:14Z,2026-06-16T10:13:14+0200,dd6516a5-5fe5-4565-873a-e64fa6b54cdc,2026-06-08T09:15:00Z,2026-06-08T11:15:00+0200,10373.51,MW,BE,BE,forecast_load,Forecasted Load,2026-06-16T08:13:23Z
2026-06-16T08:13:14Z,2026-06-16T10:13:14+0200,dd6516a5-5fe5-4565-873a-e64fa6b54cdc,2026-06-08T09:30:00Z,2026-06-08T11:30:00+0200,10379.81,MW,BE,BE,forecast_load,Forecasted Load,2026-06-16T08:13:23Z
2026-06-16T08:13:14Z,2026-06-16T10:13:14+0200,dd6516a5-5fe5-4565-873a-e64fa6b54cdc,2026-06-08T09:45:00Z,2026-06-08T11:45:00+0200,10424.74,MW,BE,BE,forecast_load,Forecasted Load,2026-06-16T08:13:23Z
2026-06-16T08:13:14Z,2026-06-16T10:13:14+0200,dd6516a5-5fe5-4565-873a-e64fa6b54cdc,2026-06-08T10:00:00Z,2026-06-08T12:00:00+0200,10362.22,MW,BE,BE,forecast_load,Forecasted Load,2026-06-16T08:13:23Z
2026-06-16T08:13:14Z,2026-06-16T10:13:14+0200,dd6516a5-5fe5-4565-873a-e64fa6b54cdc,2026-06-08T10:15:00Z,2026-06-08T12:15:00+0200,10248.77,MW,BE,BE,forecast_load,Forecasted Load,2026-06-16T08:13:23Z
2026-06-16T08:13:14Z,2026-06-16T10:13:14+0200,dd6516a5-5fe5-4565-873a-e64fa6b54cdc,2026-06-08T10:30:00Z,2026-06-08T12:30:00+0200,10150.86,MW,BE,BE,forecast_load,Forecasted Load,2026-06-16T08:13:23Z
2026-06-16T08:13:14Z,2026-06-16T10:13:14+0200,dd6516a5-5fe5-4565-873a-e64fa6b54cdc,2026-06-08T10:45:00Z,2026-06-08T12:45:00+0200,10134.75,MW,BE,BE,forecast_load,Forecasted Load,2026-06-16T08:13:23Z
2026-06-16T08:13:14Z,2026-06-16T10:13:14+0200,dd6516a5-5fe5-4565-873a-e64fa6b54cdc,2026-06-08T11:00:00Z,2026-06-08T13:00:00+0200,10301.96,MW,BE,BE,forecast_load,Forecasted Load,2026-06-16T08:13:23Z
2026-06-16T08:13:14Z,2026-06-16T10:13:14+0200,dd6516a5-5fe5-4565-873a-e64fa6b54cdc,2026-06-08T11:15:00Z,2026-06-08T13:15:00+0200,10215.52,MW,BE,BE,forecast_load,Forecasted Load,2026-06-16T08:13:23Z
2026-06-16T08:13:14Z,2026-06-16T10:13:14+0200,dd6516a5-5fe5-4565-873a-e64fa6b54cdc,2026-06-08T11:30:00Z,2026-06-08T13:30:00+0200,10128.09,MW,BE,BE,forecast_load,Forecasted Load,2026-06-16T08:13:23Z
2026-06-16T08:13:14Z,2026-06-16T10:13:14+0200,dd6516a5-5fe5-4565-873a-e64fa6b54cdc,2026-06-08T11:45:00Z,2026-06-08T13:45:00+0200,10049.65,MW,BE,BE,forecast_load,Forecasted Load,2026-06-16T08:13:23Z
2026-06-16T08:13:14Z,2026-06-16T10:13:14+0200,dd6516a5-5fe5-4565-873a-e64fa6b54cdc,2026-06-08T12:00:00Z,2026-06-08T14:00:00+0200,10181.55,MW,BE,BE,forecast_load,Forecasted Load,2026-06-16T08:13:23Z
2026-06-16T08:13:14Z,2026-06-16T10:13:14+0200,dd6516a5-5fe5-4565-873a-e64fa6b54cdc,2026-06-08T12:15:00Z,2026-06-08T14:15:00+0200,10196.15,MW,BE,BE,forecast_load,Forecasted Load,2026-06-16T08:13:23Z
2026-06-16T08:13:14Z,2026-06-16T10:13:14+0200,dd6516a5-5fe5-4565-873a-e64fa6b54cdc,2026-06-08T12:30:00Z,2026-06-08T14:30:00+0200,10002.27,MW,BE,BE,forecast_load,Forecasted Load,2026-06-16T08:13:23Z
2026-06-16T08:13:14Z,2026-06-16T10:13:14+0200,dd6516a5-5fe5-4565-873a-e64fa6b54cdc,2026-06-08T12:45:00Z,2026-06-08T14:45:00+0200,9924.4,MW,BE,BE,forecast_load,Forecasted Load,2026-06-16T08:13:23Z
2026-06-16T08:13:14Z,2026-06-16T10:13:14+0200,dd6516a5-5fe5-4565-873a-e64fa6b54cdc,2026-06-08T13:00:00Z,2026-06-08T15:00:00+0200,9812.53,MW,BE,BE,forecast_load,Forecasted Load,2026-06-16T08:13:23Z
2026-06-16T08:13:14Z,2026-06-16T10:13:14+0200,dd6516a5-5fe5-4565-873a-e64fa6b54cdc,2026-06-08T13:15:00Z,2026-06-08T15:15:00+0200,9647.3,MW,BE,BE,forecast_load,Forecasted Load,2026-06-16T08:13:23Z
2026-06-16T08:13:14Z,2026-06-16T10:13:14+0200,dd6516a5-5fe5-4565-873a-e64fa6b54cdc,2026-06-08T13:30:00Z,2026-06-08T15:30:00+0200,9620.66,MW,BE,BE,forecast_load,Forecasted Load,2026-06-16T08:13:23Z
2026-06-16T08:13:14Z,2026-06-16T10:13:14+0200,dd6516a5-5fe5-4565-873a-e64fa6b54cdc,2026-06-08T13:45:00Z,2026-06-08T15:45:00+0200,9663.45,MW,BE,BE,forecast_load,Forecasted Load,2026-06-16T08:13:23Z
2026-06-16T08:13:14Z,2026-06-16T10:13:14+0200,dd6516a5-5fe5-4565-873a-e64fa6b54cdc,2026-06-08T14:00:00Z,2026-06-08T16:00:00+0200,9446.26,MW,BE,BE,forecast_load,Forecasted Load,2026-06-16T08:13:23Z
2026-06-16T08:13:14Z,2026-06-16T10:13:14+0200,dd6516a5-5fe5-4565-873a-e64fa6b54cdc,2026-06-08T14:15:00Z,2026-06-08T16:15:00+0200,9362.43,MW,BE,BE,forecast_load,Forecasted Load,2026-06-16T08:13:23Z
2026-06-16T08:13:14Z,2026-06-16T10:13:14+0200,dd6516a5-5fe5-4565-873a-e64fa6b54cdc,2026-06-08T14:30:00Z,2026-06-08T16:30:00+0200,9389.75,MW,BE,BE,forecast_load,Forecasted Load,2026-06-16T08:13:23Z
2026-06-16T08:13:14Z,2026-06-16T10:13:14+0200,dd6516a5-5fe5-4565-873a-e64fa6b54cdc,2026-06-08T14:45:00Z,2026-06-08T16:45:00+0200,9320.38,MW,BE,BE,forecast_load,Forecasted Load,2026-06-16T08:13:23Z
2026-06-16T08:13:14Z,2026-06-16T10:13:14+0200,dd6516a5-5fe5-4565-873a-e64fa6b54cdc,2026-06-08T15:00:00Z,2026-06-08T17:00:00+0200,9325.46,MW,BE,BE,forecast_load,Forecasted Load,2026-06-16T08:13:23Z
2026-06-16T08:13:14Z,2026-06-16T10:13:14+0200,dd6516a5-5fe5-4565-873a-e64fa6b54cdc,2026-06-08T15:15:00Z,2026-06-08T17:15:00+0200,9422.54,MW,BE,BE,forecast_load,Forecasted Load,2026-06-16T08:13:23Z
2026-06-16T08:13:14Z,2026-06-16T10:13:14+0200,dd6516a5-5fe5-4565-873a-e64fa6b54cdc,2026-06-08T15:30:00Z,2026-06-08T17:30:00+0200,9448.06,MW,BE,BE,forecast_load,Forecasted Load,2026-06-16T08:13:23Z
2026-06-16T08:13:14Z,2026-06-16T10:13:14+0200,dd6516a5-5fe5-4565-873a-e64fa6b54cdc,2026-06-08T15:45:00Z,2026-06-08T17:45:00+0200,9477.49,MW,BE,BE,forecast_load,Forecasted Load,2026-06-16T08:13:23Z
2026-06-16T08:13:14Z,2026-06-16T10:13:14+0200,dd6516a5-5fe5-4565-873a-e64fa6b54cdc,2026-06-08T16:00:00Z,2026-06-08T18:00:00+0200,9629.02,MW,BE,BE,forecast_load,Forecasted Load,2026-06-16T08:13:23Z
2026-06-16T08:13:14Z,2026-06-16T10:13:14+0200,dd6516a5-5fe5-4565-873a-e64fa6b54cdc,2026-06-08T16:15:00Z,2026-06-08T18:15:00+0200,9556.87,MW,BE,BE,forecast_load,Forecasted Load,2026-06-16T08:13:23Z
2026-06-16T08:13:14Z,2026-06-16T10:13:14+0200,dd6516a5-5fe5-4565-873a-e64fa6b54cdc,2026-06-08T16:30:00Z,2026-06-08T18:30:00+0200,9561.68,MW,BE,BE,forecast_load,Forecasted Load,2026-06-16T08:13:23Z
2026-06-16T08:13:14Z,2026-06-16T10:13:14+0200,dd6516a5-5fe5-4565-873a-e64fa6b54cdc,2026-06-08T16:45:00Z,2026-06-08T18:45:00+0200,9589.1,MW,BE,BE,forecast_load,Forecasted Load,2026-06-16T08:13:23Z
2026-06-16T08:13:14Z,2026-06-16T10:13:14+0200,dd6516a5-5fe5-4565-873a-e64fa6b54cdc,2026-06-08T17:00:00Z,2026-06-08T19:00:00+0200,9690.27,MW,BE,BE,forecast_load,Forecasted Load,2026-06-16T08:13:23Z
2026-06-16T08:13:14Z,2026-06-16T10:13:14+0200,dd6516a5-5fe5-4565-873a-e64fa6b54cdc,2026-06-08T17:15:00Z,2026-06-08T19:15:00+0200,9657.0,MW,BE,BE,forecast_load,Forecasted Load,2026-06-16T08:13:23Z
2026-06-16T08:13:14Z,2026-06-16T10:13:14+0200,dd6516a5-5fe5-4565-873a-e64fa6b54cdc,2026-06-08T17:30:00Z,2026-06-08T19:30:00+0200,9546.65,MW,BE,BE,forecast_load,Forecasted Load,2026-06-16T08:13:23Z
2026-06-16T08:13:14Z,2026-06-16T10:13:14+0200,dd6516a5-5fe5-4565-873a-e64fa6b54cdc,2026-06-08T17:45:00Z,2026-06-08T19:45:00+0200,9348.73,MW,BE,BE,forecast_load,Forecasted Load,2026-06-16T08:13:23Z
2026-06-16T08:13:14Z,2026-06-16T10:13:14+0200,dd6516a5-5fe5-4565-873a-e64fa6b54cdc,2026-06-08T18:00:00Z,2026-06-08T20:00:00+0200,9392.58,MW,BE,BE,forecast_load,Forecasted Load,2026-06-16T08:13:23Z
2026-06-16T08:13:14Z,2026-06-16T10:13:14+0200,dd6516a5-5fe5-4565-873a-e64fa6b54cdc,2026-06-08T18:15:00Z,2026-06-08T20:15:00+0200,9266.98,MW,BE,BE,forecast_load,Forecasted Load,2026-06-16T08:13:23Z
2026-06-16T08:13:14Z,2026-06-16T10:13:14+0200,dd6516a5-5fe5-4565-873a-e64fa6b54cdc,2026-06-08T18:30:00Z,2026-06-08T20:30:00+0200,9220.86,MW,BE,BE,forecast_load,Forecasted Load,2026-06-16T08:13:23Z
2026-06-16T08:13:14Z,2026-06-16T10:13:14+0200,dd6516a5-5fe5-4565-873a-e64fa6b54cdc,2026-06-08T18:45:00Z,2026-06-08T20:45:00+0200,9086.56,MW,BE,BE,forecast_load,Forecasted Load,2026-06-16T08:13:23Z
2026-06-16T08:13:14Z,2026-06-16T10:13:14+0200,dd6516a5-5fe5-4565-873a-e64fa6b54cdc,2026-06-08T19:00:00Z,2026-06-08T21:00:00+0200,8906.49,MW,BE,BE,forecast_load,Forecasted Load,2026-06-16T08:13:23Z
2026-06-16T08:13:14Z,2026-06-16T10:13:14+0200,dd6516a5-5fe5-4565-873a-e64fa6b54cdc,2026-06-08T19:15:00Z,2026-06-08T21:15:00+0200,8879.57,MW,BE,BE,forecast_load,Forecasted Load,2026-06-16T08:13:23Z
2026-06-16T08:13:14Z,2026-06-16T10:13:14+0200,dd6516a5-5fe5-4565-873a-e64fa6b54cdc,2026-06-08T19:30:00Z,2026-06-08T21:30:00+0200,8879.31,MW,BE,BE,forecast_load,Forecasted Load,2026-06-16T08:13:23Z
2026-06-16T08:13:14Z,2026-06-16T10:13:14+0200,dd6516a5-5fe5-4565-873a-e64fa6b54cdc,2026-06-08T19:45:00Z,2026-06-08T21:45:00+0200,8812.55,MW,BE,BE,forecast_load,Forecasted Load,2026-06-16T08:13:23Z
2026-06-16T08:13:14Z,2026-06-16T10:13:14+0200,dd6516a5-5fe5-4565-873a-e64fa6b54cdc,2026-06-08T20:00:00Z,2026-06-08T22:00:00+0200,8775.87,MW,BE,BE,forecast_load,Forecasted Load,2026-06-16T08:13:23Z
2026-06-16T08:13:14Z,2026-06-16T10:13:14+0200,dd6516a5-5fe5-4565-873a-e64fa6b54cdc,2026-06-08T20:15:00Z,2026-06-08T22:15:00+0200,8854.34,MW,BE,BE,forecast_load,Forecasted Load,2026-06-16T08:13:23Z
2026-06-16T08:13:14Z,2026-06-16T10:13:14+0200,dd6516a5-5fe5-4565-873a-e64fa6b54cdc,2026-06-08T20:30:00Z,2026-06-08T22:30:00+0200,8800.39,MW,BE,BE,forecast_load,Forecasted Load,2026-06-16T08:13:23Z
2026-06-16T08:13:14Z,2026-06-16T10:13:14+0200,dd6516a5-5fe5-4565-873a-e64fa6b54cdc,2026-06-08T20:45:00Z,2026-06-08T22:45:00+0200,8657.07,MW,BE,BE,forecast_load,Forecasted Load,2026-06-16T08:13:23Z
2026-06-16T08:13:14Z,2026-06-16T10:13:14+0200,dd6516a5-5fe5-4565-873a-e64fa6b54cdc,2026-06-08T21:00:00Z,2026-06-08T23:00:00+0200,8637.95,MW,BE,BE,forecast_load,Forecasted Load,2026-06-16T08:13:23Z
2026-06-16T08:13:14Z,2026-06-16T10:13:14+0200,dd6516a5-5fe5-4565-873a-e64fa6b54cdc,2026-06-08T21:15:00Z,2026-06-08T23:15:00+0200,8498.24,MW,BE,BE,forecast_load,Forecasted Load,2026-06-16T08:13:23Z
2026-06-16T08:13:14Z,2026-06-16T10:13:14+0200,dd6516a5-5fe5-4565-873a-e64fa6b54cdc,2026-06-08T21:30:00Z,2026-06-08T23:30:00+0200,8336.94,MW,BE,BE,forecast_load,Forecasted Load,2026-06-16T08:13:23Z
2026-06-16T08:13:14Z,2026-06-16T10:13:14+0200,dd6516a5-5fe5-4565-873a-e64fa6b54cdc,2026-06-08T21:45:00Z,2026-06-08T23:45:00+0200,8221.51,MW,BE,BE,forecast_load,Forecasted Load,2026-06-16T08:13:23Z
2026-06-16T08:13:14Z,2026-06-16T10:13:14+0200,dd6516a5-5fe5-4565-873a-e64fa6b54cdc,2026-06-08T22:00:00Z,2026-06-09T00:00:00+0200,8143.15,MW,BE,BE,forecast_load,Forecasted Load,2026-06-16T08:13:23Z
2026-06-16T08:13:14Z,2026-06-16T10:13:14+0200,dd6516a5-5fe5-4565-873a-e64fa6b54cdc,2026-06-08T22:15:00Z,2026-06-09T00:15:00+0200,7984.77,MW,BE,BE,forecast_load,Forecasted Load,2026-06-16T08:13:23Z
2026-06-16T08:13:14Z,2026-06-16T10:13:14+0200,dd6516a5-5fe5-4565-873a-e64fa6b54cdc,2026-06-08T22:30:00Z,2026-06-09T00:30:00+0200,7900.08,MW,BE,BE,forecast_load,Forecasted Load,2026-06-16T08:13:23Z
2026-06-16T08:13:14Z,2026-06-16T10:13:14+0200,dd6516a5-5fe5-4565-873a-e64fa6b54cdc,2026-06-08T22:45:00Z,2026-06-09T00:45:00+0200,7820.95,MW,BE,BE,forecast_load,Forecasted Load,2026-06-16T08:13:23Z
2026-06-16T08:13:14Z,2026-06-16T10:13:14+0200,dd6516a5-5fe5-4565-873a-e64fa6b54cdc,2026-06-08T23:00:00Z,2026-06-09T01:00:00+0200,7721.92,MW,BE,BE,forecast_load,Forecasted Load,2026-06-16T08:13:23Z
2026-06-16T08:13:14Z,2026-06-16T10:13:14+0200,dd6516a5-5fe5-4565-873a-e64fa6b54cdc,2026-06-08T23:15:00Z,2026-06-09T01:15:00+0200,7625.76,MW,BE,BE,forecast_load,Forecasted Load,2026-06-16T08:13:23Z
2026-06-16T08:13:14Z,2026-06-16T10:13:14+0200,dd6516a5-5fe5-4565-873a-e64fa6b54cdc,2026-06-08T23:30:00Z,2026-06-09T01:30:00+0200,7583.59,MW,BE,BE,forecast_load,Forecasted Load,2026-06-16T08:13:23Z
2026-06-16T08:13:14Z,2026-06-16T10:13:14+0200,dd6516a5-5fe5-4565-873a-e64fa6b54cdc,2026-06-08T23:45:00Z,2026-06-09T01:45:00+0200,7534.56,MW,BE,BE,forecast_load,Forecasted Load,2026-06-16T08:13:23Z
2026-06-16T08:13:14Z,2026-06-16T10:13:14+0200,dd6516a5-5fe5-4565-873a-e64fa6b54cdc,2026-06-09T00:00:00Z,2026-06-09T02:00:00+0200,7404.79,MW,BE,BE,forecast_load,Forecasted Load,2026-06-16T08:13:23Z
2026-06-16T08:13:14Z,2026-06-16T10:13:14+0200,dd6516a5-5fe5-4565-873a-e64fa6b54cdc,2026-06-09T00:15:00Z,2026-06-09T02:15:00+0200,7368.34,MW,BE,BE,forecast_load,Forecasted Load,2026-06-16T08:13:23Z
2026-06-16T08:13:14Z,2026-06-16T10:13:14+0200,dd6516a5-5fe5-4565-873a-e64fa6b54cdc,2026-06-09T00:30:00Z,2026-06-09T02:30:00+0200,7353.8,MW,BE,BE,forecast_load,Forecasted Load,2026-06-16T08:13:23Z
2026-06-16T08:13:14Z,2026-06-16T10:13:14+0200,dd6516a5-5fe5-4565-873a-e64fa6b54cdc,2026-06-09T00:45:00Z,2026-06-09T02:45:00+0200,7331.6,MW,BE,BE,forecast_load,Forecasted Load,2026-06-16T08:13:23Z
2026-06-16T08:13:14Z,2026-06-16T10:13:14+0200,dd6516a5-5fe5-4565-873a-e64fa6b54cdc,2026-06-09T01:00:00Z,2026-06-09T03:00:00+0200,7335.86,MW,BE,BE,forecast_load,Forecasted Load,2026-06-16T08:13:23Z
2026-06-16T08:13:14Z,2026-06-16T10:13:14+0200,dd6516a5-5fe5-4565-873a-e64fa6b54cdc,2026-06-09T01:15:00Z,2026-06-09T03:15:00+0200,7303.41,MW,BE,BE,forecast_load,Forecasted Load,2026-06-16T08:13:23Z
2026-06-16T08:13:14Z,2026-06-16T10:13:14+0200,dd6516a5-5fe5-4565-873a-e64fa6b54cdc,2026-06-09T01:30:00Z,2026-06-09T03:30:00+0200,7285.46,MW,BE,BE,forecast_load,Forecasted Load,2026-06-16T08:13:23Z
2026-06-16T08:13:14Z,2026-06-16T10:13:14+0200,dd6516a5-5fe5-4565-873a-e64fa6b54cdc,2026-06-09T01:45:00Z,2026-06-09T03:45:00+0200,7273.21,MW,BE,BE,forecast_load,Forecasted Load,2026-06-16T08:13:23Z
2026-06-16T08:13:14Z,2026-06-16T10:13:14+0200,dd6516a5-5fe5-4565-873a-e64fa6b54cdc,2026-06-09T02:00:00Z,2026-06-09T04:00:00+0200,7327.68,MW,BE,BE,forecast_load,Forecasted Load,2026-06-16T08:13:23Z
2026-06-16T08:13:14Z,2026-06-16T10:13:14+0200,dd6516a5-5fe5-4565-873a-e64fa6b54cdc,2026-06-09T02:15:00Z,2026-06-09T04:15:00+0200,7345.95,MW,BE,BE,forecast_load,Forecasted Load,2026-06-16T08:13:23Z
2026-06-16T08:13:14Z,2026-06-16T10:13:14+0200,dd6516a5-5fe5-4565-873a-e64fa6b54cdc,2026-06-09T02:30:00Z,2026-06-09T04:30:00+0200,7363.33,MW,BE,BE,forecast_load,Forecasted Load,2026-06-16T08:13:23Z
2026-06-16T08:13:14Z,2026-06-16T10:13:14+0200,dd6516a5-5fe5-4565-873a-e64fa6b54cdc,2026-06-09T02:45:00Z,2026-06-09T04:45:00+0200,7407.5,MW,BE,BE,forecast_load,Forecasted Load,2026-06-16T08:13:23Z
2026-06-16T08:13:14Z,2026-06-16T10:13:14+0200,dd6516a5-5fe5-4565-873a-e64fa6b54cdc,2026-06-09T03:00:00Z,2026-06-09T05:00:00+0200,7565.89,MW,BE,BE,forecast_load,Forecasted Load,2026-06-16T08:13:23Z
2026-06-16T08:13:14Z,2026-06-16T10:13:14+0200,dd6516a5-5fe5-4565-873a-e64fa6b54cdc,2026-06-09T03:15:00Z,2026-06-09T05:15:00+0200,7591.47,MW,BE,BE,forecast_load,Forecasted Load,2026-06-16T08:13:23Z
2026-06-16T08:13:14Z,2026-06-16T10:13:14+0200,dd6516a5-5fe5-4565-873a-e64fa6b54cdc,2026-06-09T03:30:00Z,2026-06-09T05:30:00+0200,7626.87,MW,BE,BE,forecast_load,Forecasted Load,2026-06-16T08:13:23Z
2026-06-16T08:13:14Z,2026-06-16T10:13:14+0200,dd6516a5-5fe5-4565-873a-e64fa6b54cdc,2026-06-09T03:45:00Z,2026-06-09T05:45:00+0200,7676.51,MW,BE,BE,forecast_load,Forecasted Load,2026-06-16T08:13:23Z
2026-06-16T08:13:14Z,2026-06-16T10:13:14+0200,dd6516a5-5fe5-4565-873a-e64fa6b54cdc,2026-06-09T04:00:00Z,2026-06-09T06:00:00+0200,8051.05,MW,BE,BE,forecast_load,Forecasted Load,2026-06-16T08:13:23Z
2026-06-16T08:13:14Z,2026-06-16T10:13:14+0200,dd6516a5-5fe5-4565-873a-e64fa6b54cdc,2026-06-09T04:15:00Z,2026-06-09T06:15:00+0200,8238.02,MW,BE,BE,forecast_load,Forecasted Load,2026-06-16T08:13:23Z
2026-06-16T08:13:14Z,2026-06-16T10:13:14+0200,dd6516a5-5fe5-4565-873a-e64fa6b54cdc,2026-06-09T04:30:00Z,2026-06-09T06:30:00+0200,8472.35,MW,BE,BE,forecast_load,Forecasted Load,2026-06-16T08:13:23Z
2026-06-16T08:13:14Z,2026-06-16T10:13:14+0200,dd6516a5-5fe5-4565-873a-e64fa6b54cdc,2026-06-09T04:45:00Z,2026-06-09T06:45:00+0200,8651.69,MW,BE,BE,forecast_load,Forecasted Load,2026-06-16T08:13:23Z
2026-06-16T08:13:14Z,2026-06-16T10:13:14+0200,dd6516a5-5fe5-4565-873a-e64fa6b54cdc,2026-06-09T05:00:00Z,2026-06-09T07:00:00+0200,8909.26,MW,BE,BE,forecast_load,Forecasted Load,2026-06-16T08:13:23Z
2026-06-16T08:13:14Z,2026-06-16T10:13:14+0200,dd6516a5-5fe5-4565-873a-e64fa6b54cdc,2026-06-09T05:15:00Z,2026-06-09T07:15:00+0200,9147.29,MW,BE,BE,forecast_load,Forecasted Load,2026-06-16T08:13:23Z
2026-06-16T08:13:14Z,2026-06-16T10:13:14+0200,dd6516a5-5fe5-4565-873a-e64fa6b54cdc,2026-06-09T05:30:00Z,2026-06-09T07:30:00+0200,9346.32,MW,BE,BE,forecast_load,Forecasted Load,2026-06-16T08:13:23Z
2026-06-16T08:13:14Z,2026-06-16T10:13:14+0200,dd6516a5-5fe5-4565-873a-e64fa6b54cdc,2026-06-09T05:45:00Z,2026-06-09T07:45:00+0200,9504.97,MW,BE,BE,forecast_load,Forecasted Load,2026-06-16T08:13:23Z
2026-06-16T08:13:14Z,2026-06-16T10:13:14+0200,dd6516a5-5fe5-4565-873a-e64fa6b54cdc,2026-06-09T06:00:00Z,2026-06-09T08:00:00+0200,9501.88,MW,BE,BE,forecast_load,Forecasted Load,2026-06-16T08:13:23Z
2026-06-16T08:13:14Z,2026-06-16T10:13:14+0200,dd6516a5-5fe5-4565-873a-e64fa6b54cdc,2026-06-09T06:15:00Z,2026-06-09T08:15:00+0200,9625.01,MW,BE,BE,forecast_load,Forecasted Load,2026-06-16T08:13:23Z
2026-06-16T08:13:14Z,2026-06-16T10:13:14+0200,dd6516a5-5fe5-4565-873a-e64fa6b54cdc,2026-06-09T06:30:00Z,2026-06-09T08:30:00+0200,9810.02,MW,BE,BE,forecast_load,Forecasted Load,2026-06-16T08:13:23Z
2026-06-16T08:13:14Z,2026-06-16T10:13:14+0200,dd6516a5-5fe5-4565-873a-e64fa6b54cdc,2026-06-09T06:45:00Z,2026-06-09T08:45:00+0200,9972.83,MW,BE,BE,forecast_load,Forecasted Load,2026-06-16T08:13:23Z
2026-06-16T08:13:14Z,2026-06-16T10:13:14+0200,dd6516a5-5fe5-4565-873a-e64fa6b54cdc,2026-06-09T07:00:00Z,2026-06-09T09:00:00+0200,9881.85,MW,BE,BE,forecast_load,Forecasted Load,2026-06-16T08:13:23Z
2026-06-16T08:13:14Z,2026-06-16T10:13:14+0200,dd6516a5-5fe5-4565-873a-e64fa6b54cdc,2026-06-09T07:15:00Z,2026-06-09T09:15:00+0200,9973.72,MW,BE,BE,forecast_load,Forecasted Load,2026-06-16T08:13:23Z
2026-06-16T08:13:14Z,2026-06-16T10:13:14+0200,dd6516a5-5fe5-4565-873a-e64fa6b54cdc,2026-06-09T07:30:00Z,2026-06-09T09:30:00+0200,10029.08,MW,BE,BE,forecast_load,Forecasted Load,2026-06-16T08:13:23Z
2026-06-16T08:13:14Z,2026-06-16T10:13:14+0200,dd6516a5-5fe5-4565-873a-e64fa6b54cdc,2026-06-09T07:45:00Z,2026-06-09T09:45:00+0200,10058.76,MW,BE,BE,forecast_load,Forecasted Load,2026-06-16T08:13:23Z
2026-06-16T08:13:14Z,2026-06-16T10:13:14+0200,dd6516a5-5fe5-4565-873a-e64fa6b54cdc,2026-06-09T08:00:00Z,2026-06-09T10:00:00+0200,9983.29,MW,BE,BE,forecast_load,Forecasted Load,2026-06-16T08:13:23Z
2026-06-16T08:13:14Z,2026-06-16T10:13:14+0200,dd6516a5-5fe5-4565-873a-e64fa6b54cdc,2026-06-09T08:15:00Z,2026-06-09T10:15:00+0200,10026.07,MW,BE,BE,forecast_load,Forecasted Load,2026-06-16T08:13:23Z
2026-06-16T08:13:14Z,2026-06-16T10:13:14+0200,dd6516a5-5fe5-4565-873a-e64fa6b54cdc,2026-06-09T08:30:00Z,2026-06-09T10:30:00+0200,10107.36,MW,BE,BE,forecast_load,Forecasted Load,2026-06-16T08:13:23Z
2026-06-16T08:13:14Z,2026-06-16T10:13:14+0200,dd6516a5-5fe5-4565-873a-e64fa6b54cdc,2026-06-09T08:45:00Z,2026-06-09T10:45:00+0200,10161.92,MW,BE,BE,forecast_load,Forecasted Load,2026-06-16T08:13:23Z
2026-06-16T08:13:14Z,2026-06-16T10:13:14+0200,dd6516a5-5fe5-4565-873a-e64fa6b54cdc,2026-06-09T09:00:00Z,2026-06-09T11:00:00+0200,10161.08,MW,BE,BE,forecast_load,Forecasted Load,2026-06-16T08:13:23Z
2026-06-16T08:13:14Z,2026-06-16T10:13:14+0200,dd6516a5-5fe5-4565-873a-e64fa6b54cdc,2026-06-09T09:15:00Z,2026-06-09T11:15:00+0200,10276.75,MW,BE,BE,forecast_load,Forecasted Load,2026-06-16T08:13:23Z
2026-06-16T08:13:14Z,2026-06-16T10:13:14+0200,dd6516a5-5fe5-4565-873a-e64fa6b54cdc,2026-06-09T09:30:00Z,2026-06-09T11:30:00+0200,10293.7,MW,BE,BE,forecast_load,Forecasted Load,2026-06-16T08:13:23Z
2026-06-16T08:13:14Z,2026-06-16T10:13:14+0200,dd6516a5-5fe5-4565-873a-e64fa6b54cdc,2026-06-09T09:45:00Z,2026-06-09T11:45:00+0200,10303.59,MW,BE,BE,forecast_load,Forecasted Load,2026-06-16T08:13:23Z
2026-06-16T08:13:14Z,2026-06-16T10:13:14+0200,dd6516a5-5fe5-4565-873a-e64fa6b54cdc,2026-06-09T10:00:00Z,2026-06-09T12:00:00+0200,10197.98,MW,BE,BE,forecast_load,Forecasted Load,2026-06-16T08:13:23Z
2026-06-16T08:13:14Z,2026-06-16T10:13:14+0200,dd6516a5-5fe5-4565-873a-e64fa6b54cdc,2026-06-09T10:15:00Z,2026-06-09T12:15:00+0200,10112.02,MW,BE,BE,forecast_load,Forecasted Load,2026-06-16T08:13:23Z
2026-06-16T08:13:14Z,2026-06-16T10:13:14+0200,dd6516a5-5fe5-4565-873a-e64fa6b54cdc,2026-06-09T10:30:00Z,2026-06-09T12:30:00+0200,10085.98,MW,BE,BE,forecast_load,Forecasted Load,2026-06-16T08:13:23Z
2026-06-16T08:13:14Z,2026-06-16T10:13:14+0200,dd6516a5-5fe5-4565-873a-e64fa6b54cdc,2026-06-09T10:45:00Z,2026-06-09T12:45:00+0200,10101.12,MW,BE,BE,forecast_load,Forecasted Load,2026-06-16T08:13:23Z
2026-06-16T08:13:14Z,2026-06-16T10:13:14+0200,dd6516a5-5fe5-4565-873a-e64fa6b54cdc,2026-06-09T11:00:00Z,2026-06-09T13:00:00+0200,10141.86,MW,BE,BE,forecast_load,Forecasted Load,2026-06-16T08:13:23Z
2026-06-16T08:13:14Z,2026-06-16T10:13:14+0200,dd6516a5-5fe5-4565-873a-e64fa6b54cdc,2026-06-09T11:15:00Z,2026-06-09T13:15:00+0200,10079.27,MW,BE,BE,forecast_load,Forecasted Load,2026-06-16T08:13:23Z
2026-06-16T08:13:14Z,2026-06-16T10:13:14+0200,dd6516a5-5fe5-4565-873a-e64fa6b54cdc,2026-06-09T11:30:00Z,2026-06-09T13:30:00+0200,10069.91,MW,BE,BE,forecast_load,Forecasted Load,2026-06-16T08:13:23Z
2026-06-16T08:13:14Z,2026-06-16T10:13:14+0200,dd6516a5-5fe5-4565-873a-e64fa6b54cdc,2026-06-09T11:45:00Z,2026-06-09T13:45:00+0200,10030.43,MW,BE,BE,forecast_load,Forecasted Load,2026-06-16T08:13:23Z
2026-06-16T08:13:14Z,2026-06-16T10:13:14+0200,dd6516a5-5fe5-4565-873a-e64fa6b54cdc,2026-06-09T12:00:00Z,2026-06-09T14:00:00+0200,10060.51,MW,BE,BE,forecast_load,Forecasted Load,2026-06-16T08:13:23Z
2026-06-16T08:13:14Z,2026-06-16T10:13:14+0200,dd6516a5-5fe5-4565-873a-e64fa6b54cdc,2026-06-09T12:15:00Z,2026-06-09T14:15:00+0200,9972.79,MW,BE,BE,forecast_load,Forecasted Load,2026-06-16T08:13:23Z
2026-06-16T08:13:14Z,2026-06-16T10:13:14+0200,dd6516a5-5fe5-4565-873a-e64fa6b54cdc,2026-06-09T12:30:00Z,2026-06-09T14:30:00+0200,9831.26,MW,BE,BE,forecast_load,Forecasted Load,2026-06-16T08:13:23Z
2026-06-16T08:13:14Z,2026-06-16T10:13:14+0200,dd6516a5-5fe5-4565-873a-e64fa6b54cdc,2026-06-09T12:45:00Z,2026-06-09T14:45:00+0200,9750.95,MW,BE,BE,forecast_load,Forecasted Load,2026-06-16T08:13:23Z
2026-06-16T08:13:14Z,2026-06-16T10:13:14+0200,dd6516a5-5fe5-4565-873a-e64fa6b54cdc,2026-06-09T13:00:00Z,2026-06-09T15:00:00+0200,9991.37,MW,BE,BE,forecast_load,Forecasted Load,2026-06-16T08:13:23Z
2026-06-16T08:13:14Z,2026-06-16T10:13:14+0200,dd6516a5-5fe5-4565-873a-e64fa6b54cdc,2026-06-09T13:15:00Z,2026-06-09T15:15:00+0200,9920.59,MW,BE,BE,forecast_load,Forecasted Load,2026-06-16T08:13:23Z
2026-06-16T08:13:14Z,2026-06-16T10:13:14+0200,dd6516a5-5fe5-4565-873a-e64fa6b54cdc,2026-06-09T13:30:00Z,2026-06-09T15:30:00+0200,9815.85,MW,BE,BE,forecast_load,Forecasted Load,2026-06-16T08:13:23Z
2026-06-16T08:13:14Z,2026-06-16T10:13:14+0200,dd6516a5-5fe5-4565-873a-e64fa6b54cdc,2026-06-09T13:45:00Z,2026-06-09T15:45:00+0200,9732.39,MW,BE,BE,forecast_load,Forecasted Load,2026-06-16T08:13:23Z
2026-06-16T08:13:14Z,2026-06-16T10:13:14+0200,dd6516a5-5fe5-4565-873a-e64fa6b54cdc,2026-06-09T14:00:00Z,2026-06-09T16:00:00+0200,9834.35,MW,BE,BE,forecast_load,Forecasted Load,2026-06-16T08:13:23Z
2026-06-16T08:13:14Z,2026-06-16T10:13:14+0200,dd6516a5-5fe5-4565-873a-e64fa6b54cdc,2026-06-09T14:15:00Z,2026-06-09T16:15:00+0200,9739.02,MW,BE,BE,forecast_load,Forecasted Load,2026-06-16T08:13:23Z
2026-06-16T08:13:14Z,2026-06-16T10:13:14+0200,dd6516a5-5fe5-4565-873a-e64fa6b54cdc,2026-06-09T14:30:00Z,2026-06-09T16:30:00+0200,9657.96,MW,BE,BE,forecast_load,Forecasted Load,2026-06-16T08:13:23Z
2026-06-16T08:13:14Z,2026-06-16T10:13:14+0200,dd6516a5-5fe5-4565-873a-e64fa6b54cdc,2026-06-09T14:45:00Z,2026-06-09T16:45:00+0200,9640.96,MW,BE,BE,forecast_load,Forecasted Load,2026-06-16T08:13:23Z
2026-06-16T08:13:14Z,2026-06-16T10:13:14+0200,dd6516a5-5fe5-4565-873a-e64fa6b54cdc,2026-06-09T15:00:00Z,2026-06-09T17:00:00+0200,9689.47,MW,BE,BE,forecast_load,Forecasted Load,2026-06-16T08:13:23Z
2026-06-16T08:13:14Z,2026-06-16T10:13:14+0200,dd6516a5-5fe5-4565-873a-e64fa6b54cdc,2026-06-09T15:15:00Z,2026-06-09T17:15:00+0200,9603.66,MW,BE,BE,forecast_load,Forecasted Load,2026-06-16T08:13:23Z
2026-06-16T08:13:14Z,2026-06-16T10:13:14+0200,dd6516a5-5fe5-4565-873a-e64fa6b54cdc,2026-06-09T15:30:00Z,2026-06-09T17:30:00+0200,9647.17,MW,BE,BE,forecast_load,Forecasted Load,2026-06-16T08:13:23Z
2026-06-16T08:13:14Z,2026-06-16T10:13:14+0200,dd6516a5-5fe5-4565-873a-e64fa6b54cdc,2026-06-09T15:45:00Z,2026-06-09T17:45:00+0200,9659.07,MW,BE,BE,forecast_load,Forecasted Load,2026-06-16T08:13:23Z
2026-06-16T08:13:14Z,2026-06-16T10:13:14+0200,dd6516a5-5fe5-4565-873a-e64fa6b54cdc,2026-06-09T16:00:00Z,2026-06-09T18:00:00+0200,9846.95,MW,BE,BE,forecast_load,Forecasted Load,2026-06-16T08:13:23Z
2026-06-16T08:13:14Z,2026-06-16T10:13:14+0200,dd6516a5-5fe5-4565-873a-e64fa6b54cdc,2026-06-09T16:15:00Z,2026-06-09T18:15:00+0200,9826.31,MW,BE,BE,forecast_load,Forecasted Load,2026-06-16T08:13:23Z
2026-06-16T08:13:14Z,2026-06-16T10:13:14+0200,dd6516a5-5fe5-4565-873a-e64fa6b54cdc,2026-06-09T16:30:00Z,2026-06-09T18:30:00+0200,9808.79,MW,BE,BE,forecast_load,Forecasted Load,2026-06-16T08:13:23Z
2026-06-16T08:13:14Z,2026-06-16T10:13:14+0200,dd6516a5-5fe5-4565-873a-e64fa6b54cdc,2026-06-09T16:45:00Z,2026-06-09T18:45:00+0200,9770.92,MW,BE,BE,forecast_load,Forecasted Load,2026-06-16T08:13:23Z
2026-06-16T08:13:14Z,2026-06-16T10:13:14+0200,dd6516a5-5fe5-4565-873a-e64fa6b54cdc,2026-06-09T17:00:00Z,2026-06-09T19:00:00+0200,9729.64,MW,BE,BE,forecast_load,Forecasted Load,2026-06-16T08:13:23Z
2026-06-16T08:13:14Z,2026-06-16T10:13:14+0200,dd6516a5-5fe5-4565-873a-e64fa6b54cdc,2026-06-09T17:15:00Z,2026-06-09T19:15:00+0200,9611.12,MW,BE,BE,forecast_load,Forecasted Load,2026-06-16T08:13:23Z
2026-06-16T08:13:14Z,2026-06-16T10:13:14+0200,dd6516a5-5fe5-4565-873a-e64fa6b54cdc,2026-06-09T17:30:00Z,2026-06-09T19:30:00+0200,9555.5,MW,BE,BE,forecast_load,Forecasted Load,2026-06-16T08:13:23Z
2026-06-16T08:13:14Z,2026-06-16T10:13:14+0200,dd6516a5-5fe5-4565-873a-e64fa6b54cdc,2026-06-09T17:45:00Z,2026-06-09T19:45:00+0200,9496.87,MW,BE,BE,forecast_load,Forecasted Load,2026-06-16T08:13:23Z
2026-06-16T08:13:14Z,2026-06-16T10:13:14+0200,dd6516a5-5fe5-4565-873a-e64fa6b54cdc,2026-06-09T18:00:00Z,2026-06-09T20:00:00+0200,9337.15,MW,BE,BE,forecast_load,Forecasted Load,2026-06-16T08:13:23Z
2026-06-16T08:13:14Z,2026-06-16T10:13:14+0200,dd6516a5-5fe5-4565-873a-e64fa6b54cdc,2026-06-09T18:15:00Z,2026-06-09T20:15:00+0200,9276.1,MW,BE,BE,forecast_load,Forecasted Load,2026-06-16T08:13:23Z
2026-06-16T08:13:14Z,2026-06-16T10:13:14+0200,dd6516a5-5fe5-4565-873a-e64fa6b54cdc,2026-06-09T18:30:00Z,2026-06-09T20:30:00+0200,9196.48,MW,BE,BE,forecast_load,Forecasted Load,2026-06-16T08:13:23Z
2026-06-16T08:13:14Z,2026-06-16T10:13:14+0200,dd6516a5-5fe5-4565-873a-e64fa6b54cdc,2026-06-09T18:45:00Z,2026-06-09T20:45:00+0200,9114.89,MW,BE,BE,forecast_load,Forecasted Load,2026-06-16T08:13:23Z
2026-06-16T08:13:14Z,2026-06-16T10:13:14+0200,dd6516a5-5fe5-4565-873a-e64fa6b54cdc,2026-06-09T19:00:00Z,2026-06-09T21:00:00+0200,9029.24,MW,BE,BE,forecast_load,Forecasted Load,2026-06-16T08:13:23Z
2026-06-16T08:13:14Z,2026-06-16T10:13:14+0200,dd6516a5-5fe5-4565-873a-e64fa6b54cdc,2026-06-09T19:15:00Z,2026-06-09T21:15:00+0200,8954.01,MW,BE,BE,forecast_load,Forecasted Load,2026-06-16T08:13:23Z
2026-06-16T08:13:14Z,2026-06-16T10:13:14+0200,dd6516a5-5fe5-4565-873a-e64fa6b54cdc,2026-06-09T19:30:00Z,2026-06-09T21:30:00+0200,8942.34,MW,BE,BE,forecast_load,Forecasted Load,2026-06-16T08:13:23Z
2026-06-16T08:13:14Z,2026-06-16T10:13:14+0200,dd6516a5-5fe5-4565-873a-e64fa6b54cdc,2026-06-09T19:45:00Z,2026-06-09T21:45:00+0200,8952.99,MW,BE,BE,forecast_load,Forecasted Load,2026-06-16T08:13:23Z
2026-06-16T08:13:14Z,2026-06-16T10:13:14+0200,dd6516a5-5fe5-4565-873a-e64fa6b54cdc,2026-06-09T20:00:00Z,2026-06-09T22:00:00+0200,8928.43,MW,BE,BE,forecast_load,Forecasted Load,2026-06-16T08:13:23Z
2026-06-16T08:13:14Z,2026-06-16T10:13:14+0200,dd6516a5-5fe5-4565-873a-e64fa6b54cdc,2026-06-09T20:15:00Z,2026-06-09T22:15:00+0200,8951.95,MW,BE,BE,forecast_load,Forecasted Load,2026-06-16T08:13:23Z
2026-06-16T08:13:14Z,2026-06-16T10:13:14+0200,dd6516a5-5fe5-4565-873a-e64fa6b54cdc,2026-06-09T20:30:00Z,2026-06-09T22:30:00+0200,8887.81,MW,BE,BE,forecast_load,Forecasted Load,2026-06-16T08:13:23Z
2026-06-16T08:13:14Z,2026-06-16T10:13:14+0200,dd6516a5-5fe5-4565-873a-e64fa6b54cdc,2026-06-09T20:45:00Z,2026-06-09T22:45:00+0200,8764.56,MW,BE,BE,forecast_load,Forecasted Load,2026-06-16T08:13:23Z
2026-06-16T08:13:14Z,2026-06-16T10:13:14+0200,dd6516a5-5fe5-4565-873a-e64fa6b54cdc,2026-06-09T21:00:00Z,2026-06-09T23:00:00+0200,8659.66,MW,BE,BE,forecast_load,Forecasted Load,2026-06-16T08:13:23Z
2026-06-16T08:13:14Z,2026-06-16T10:13:14+0200,dd6516a5-5fe5-4565-873a-e64fa6b54cdc,2026-06-09T21:15:00Z,2026-06-09T23:15:00+0200,8555.42,MW,BE,BE,forecast_load,Forecasted Load,2026-06-16T08:13:23Z
2026-06-16T08:13:14Z,2026-06-16T10:13:14+0200,dd6516a5-5fe5-4565-873a-e64fa6b54cdc,2026-06-09T21:30:00Z,2026-06-09T23:30:00+0200,8447.04,MW,BE,BE,forecast_load,Forecasted Load,2026-06-16T08:13:23Z
2026-06-16T08:13:14Z,2026-06-16T10:13:14+0200,dd6516a5-5fe5-4565-873a-e64fa6b54cdc,2026-06-09T21:45:00Z,2026-06-09T23:45:00+0200,8335.26,MW,BE,BE,forecast_load,Forecasted Load,2026-06-16T08:13:23Z
2026-06-16T08:13:14Z,2026-06-16T10:13:14+0200,dd6516a5-5fe5-4565-873a-e64fa6b54cdc,2026-06-09T22:00:00Z,2026-06-10T00:00:00+0200,8063.11,MW,BE,BE,forecast_load,Forecasted Load,2026-06-16T08:13:23Z
2026-06-16T08:13:14Z,2026-06-16T10:13:14+0200,dd6516a5-5fe5-4565-873a-e64fa6b54cdc,2026-06-09T22:15:00Z,2026-06-10T00:15:00+0200,7952.08,MW,BE,BE,forecast_load,Forecasted Load,2026-06-16T08:13:23Z
2026-06-16T08:13:14Z,2026-06-16T10:13:14+0200,dd6516a5-5fe5-4565-873a-e64fa6b54cdc,2026-06-09T22:30:00Z,2026-06-10T00:30:00+0200,7859.97,MW,BE,BE,forecast_load,Forecasted Load,2026-06-16T08:13:23Z
2026-06-16T08:13:14Z,2026-06-16T10:13:14+0200,dd6516a5-5fe5-4565-873a-e64fa6b54cdc,2026-06-09T22:45:00Z,2026-06-10T00:45:00+0200,7770.17,MW,BE,BE,forecast_load,Forecasted Load,2026-06-16T08:13:23Z
2026-06-16T08:13:14Z,2026-06-16T10:13:14+0200,dd6516a5-5fe5-4565-873a-e64fa6b54cdc,2026-06-09T23:00:00Z,2026-06-10T01:00:00+0200,7726.03,MW,BE,BE,forecast_load,Forecasted Load,2026-06-16T08:13:23Z
2026-06-16T08:13:14Z,2026-06-16T10:13:14+0200,dd6516a5-5fe5-4565-873a-e64fa6b54cdc,2026-06-09T23:15:00Z,2026-06-10T01:15:00+0200,7658.12,MW,BE,BE,forecast_load,Forecasted Load,2026-06-16T08:13:23Z
2026-06-16T08:13:14Z,2026-06-16T10:13:14+0200,dd6516a5-5fe5-4565-873a-e64fa6b54cdc,2026-06-09T23:30:00Z,2026-06-10T01:30:00+0200,7577.37,MW,BE,BE,forecast_load,Forecasted Load,2026-06-16T08:13:23Z
2026-06-16T08:13:14Z,2026-06-16T10:13:14+0200,dd6516a5-5fe5-4565-873a-e64fa6b54cdc,2026-06-09T23:45:00Z,2026-06-10T01:45:00+0200,7514.95,MW,BE,BE,forecast_load,Forecasted Load,2026-06-16T08:13:23Z
2026-06-16T08:13:14Z,2026-06-16T10:13:14+0200,dd6516a5-5fe5-4565-873a-e64fa6b54cdc,2026-06-10T00:00:00Z,2026-06-10T02:00:00+0200,7381.66,MW,BE,BE,forecast_load,Forecasted Load,2026-06-16T08:13:23Z
2026-06-16T08:13:14Z,2026-06-16T10:13:14+0200,dd6516a5-5fe5-4565-873a-e64fa6b54cdc,2026-06-10T00:15:00Z,2026-06-10T02:15:00+0200,7345.35,MW,BE,BE,forecast_load,Forecasted Load,2026-06-16T08:13:23Z
2026-06-16T08:13:14Z,2026-06-16T10:13:14+0200,dd6516a5-5fe5-4565-873a-e64fa6b54cdc,2026-06-10T00:30:00Z,2026-06-10T02:30:00+0200,7330.89,MW,BE,BE,forecast_load,Forecasted Load,2026-06-16T08:13:23Z
2026-06-16T08:13:14Z,2026-06-16T10:13:14+0200,dd6516a5-5fe5-4565-873a-e64fa6b54cdc,2026-06-10T00:45:00Z,2026-06-10T02:45:00+0200,7308.76,MW,BE,BE,forecast_load,Forecasted Load,2026-06-16T08:13:23Z
2026-06-16T08:13:14Z,2026-06-16T10:13:14+0200,dd6516a5-5fe5-4565-873a-e64fa6b54cdc,2026-06-10T01:00:00Z,2026-06-10T03:00:00+0200,7259.1,MW,BE,BE,forecast_load,Forecasted Load,2026-06-16T08:13:23Z
2026-06-16T08:13:14Z,2026-06-16T10:13:14+0200,dd6516a5-5fe5-4565-873a-e64fa6b54cdc,2026-06-10T01:15:00Z,2026-06-10T03:15:00+0200,7226.98,MW,BE,BE,forecast_load,Forecasted Load,2026-06-16T08:13:23Z
2026-06-16T08:13:14Z,2026-06-16T10:13:14+0200,dd6516a5-5fe5-4565-873a-e64fa6b54cdc,2026-06-10T01:30:00Z,2026-06-10T03:30:00+0200,7209.21,MW,BE,BE,forecast_load,Forecasted Load,2026-06-16T08:13:23Z
2026-06-16T08:13:14Z,2026-06-16T10:13:14+0200,dd6516a5-5fe5-4565-873a-e64fa6b54cdc,2026-06-10T01:45:00Z,2026-06-10T03:45:00+0200,7197.08,MW,BE,BE,forecast_load,Forecasted Load,2026-06-16T08:13:23Z
2026-06-16T08:13:14Z,2026-06-16T10:13:14+0200,dd6516a5-5fe5-4565-873a-e64fa6b54cdc,2026-06-10T02:00:00Z,2026-06-10T04:00:00+0200,7229.23,MW,BE,BE,forecast_load,Forecasted Load,2026-06-16T08:13:23Z
2026-06-16T08:13:14Z,2026-06-16T10:13:14+0200,dd6516a5-5fe5-4565-873a-e64fa6b54cdc,2026-06-10T02:15:00Z,2026-06-10T04:15:00+0200,7247.23,MW,BE,BE,forecast_load,Forecasted Load,2026-06-16T08:13:23Z
2026-06-16T08:13:14Z,2026-06-16T10:13:14+0200,dd6516a5-5fe5-4565-873a-e64fa6b54cdc,2026-06-10T02:30:00Z,2026-06-10T04:30:00+0200,7264.31,MW,BE,BE,forecast_load,Forecasted Load,2026-06-16T08:13:23Z
2026-06-16T08:13:14Z,2026-06-16T10:13:14+0200,dd6516a5-5fe5-4565-873a-e64fa6b54cdc,2026-06-10T02:45:00Z,2026-06-10T04:45:00+0200,7307.84,MW,BE,BE,forecast_load,Forecasted Load,2026-06-16T08:13:23Z
2026-06-16T08:13:14Z,2026-06-16T10:13:14+0200,dd6516a5-5fe5-4565-873a-e64fa6b54cdc,2026-06-10T03:00:00Z,2026-06-10T05:00:00+0200,7450.96,MW,BE,BE,forecast_load,Forecasted Load,2026-06-16T08:13:23Z
2026-06-16T08:13:14Z,2026-06-16T10:13:14+0200,dd6516a5-5fe5-4565-873a-e64fa6b54cdc,2026-06-10T03:15:00Z,2026-06-10T05:15:00+0200,7476.16,MW,BE,BE,forecast_load,Forecasted Load,2026-06-16T08:13:23Z
2026-06-16T08:13:14Z,2026-06-16T10:13:14+0200,dd6516a5-5fe5-4565-873a-e64fa6b54cdc,2026-06-10T03:30:00Z,2026-06-10T05:30:00+0200,7511.04,MW,BE,BE,forecast_load,Forecasted Load,2026-06-16T08:13:23Z
2026-06-16T08:13:14Z,2026-06-16T10:13:14+0200,dd6516a5-5fe5-4565-873a-e64fa6b54cdc,2026-06-10T03:45:00Z,2026-06-10T05:45:00+0200,7559.97,MW,BE,BE,forecast_load,Forecasted Load,2026-06-16T08:13:23Z
2026-06-16T08:13:14Z,2026-06-16T10:13:14+0200,dd6516a5-5fe5-4565-873a-e64fa6b54cdc,2026-06-10T04:00:00Z,2026-06-10T06:00:00+0200,7867.46,MW,BE,BE,forecast_load,Forecasted Load,2026-06-16T08:13:23Z
2026-06-16T08:13:14Z,2026-06-16T10:13:14+0200,dd6516a5-5fe5-4565-873a-e64fa6b54cdc,2026-06-10T04:15:00Z,2026-06-10T06:15:00+0200,8050.21,MW,BE,BE,forecast_load,Forecasted Load,2026-06-16T08:13:23Z
2026-06-16T08:13:14Z,2026-06-16T10:13:14+0200,dd6516a5-5fe5-4565-873a-e64fa6b54cdc,2026-06-10T04:30:00Z,2026-06-10T06:30:00+0200,8279.2,MW,BE,BE,forecast_load,Forecasted Load,2026-06-16T08:13:23Z
2026-06-16T08:13:14Z,2026-06-16T10:13:14+0200,dd6516a5-5fe5-4565-873a-e64fa6b54cdc,2026-06-10T04:45:00Z,2026-06-10T06:45:00+0200,8454.46,MW,BE,BE,forecast_load,Forecasted Load,2026-06-16T08:13:23Z
2026-06-16T08:13:14Z,2026-06-16T10:13:14+0200,dd6516a5-5fe5-4565-873a-e64fa6b54cdc,2026-06-10T05:00:00Z,2026-06-10T07:00:00+0200,8706.5,MW,BE,BE,forecast_load,Forecasted Load,2026-06-16T08:13:23Z
2026-06-16T08:13:14Z,2026-06-16T10:13:14+0200,dd6516a5-5fe5-4565-873a-e64fa6b54cdc,2026-06-10T05:15:00Z,2026-06-10T07:15:00+0200,8939.14,MW,BE,BE,forecast_load,Forecasted Load,2026-06-16T08:13:23Z
2026-06-16T08:13:14Z,2026-06-16T10:13:14+0200,dd6516a5-5fe5-4565-873a-e64fa6b54cdc,2026-06-10T05:30:00Z,2026-06-10T07:30:00+0200,9133.66,MW,BE,BE,forecast_load,Forecasted Load,2026-06-16T08:13:23Z
2026-06-16T08:13:14Z,2026-06-16T10:13:14+0200,dd6516a5-5fe5-4565-873a-e64fa6b54cdc,2026-06-10T05:45:00Z,2026-06-10T07:45:00+0200,9288.66,MW,BE,BE,forecast_load,Forecasted Load,2026-06-16T08:13:23Z
2026-06-16T08:13:14Z,2026-06-16T10:13:14+0200,dd6516a5-5fe5-4565-873a-e64fa6b54cdc,2026-06-10T06:00:00Z,2026-06-10T08:00:00+0200,9334.59,MW,BE,BE,forecast_load,Forecasted Load,2026-06-16T08:13:23Z
2026-06-16T08:13:14Z,2026-06-16T10:13:14+0200,dd6516a5-5fe5-4565-873a-e64fa6b54cdc,2026-06-10T06:15:00Z,2026-06-10T08:15:00+0200,9455.5,MW,BE,BE,forecast_load,Forecasted Load,2026-06-16T08:13:23Z
2026-06-16T08:13:14Z,2026-06-16T10:13:14+0200,dd6516a5-5fe5-4565-873a-e64fa6b54cdc,2026-06-10T06:30:00Z,2026-06-10T08:30:00+0200,9637.27,MW,BE,BE,forecast_load,Forecasted Load,2026-06-16T08:13:23Z
2026-06-16T08:13:14Z,2026-06-16T10:13:14+0200,dd6516a5-5fe5-4565-873a-e64fa6b54cdc,2026-06-10T06:45:00Z,2026-06-10T08:45:00+0200,9797.2,MW,BE,BE,forecast_load,Forecasted Load,2026-06-16T08:13:23Z
2026-06-16T08:13:14Z,2026-06-16T10:13:14+0200,dd6516a5-5fe5-4565-873a-e64fa6b54cdc,2026-06-10T07:00:00Z,2026-06-10T09:00:00+0200,9840.53,MW,BE,BE,forecast_load,Forecasted Load,2026-06-16T08:13:23Z
2026-06-16T08:13:14Z,2026-06-16T10:13:14+0200,dd6516a5-5fe5-4565-873a-e64fa6b54cdc,2026-06-10T07:15:00Z,2026-06-10T09:15:00+0200,9931.98,MW,BE,BE,forecast_load,Forecasted Load,2026-06-16T08:13:23Z
2026-06-16T08:13:14Z,2026-06-16T10:13:14+0200,dd6516a5-5fe5-4565-873a-e64fa6b54cdc,2026-06-10T07:30:00Z,2026-06-10T09:30:00+0200,9987.11,MW,BE,BE,forecast_load,Forecasted Load,2026-06-16T08:13:23Z
2026-06-16T08:13:14Z,2026-06-16T10:13:14+0200,dd6516a5-5fe5-4565-873a-e64fa6b54cdc,2026-06-10T07:45:00Z,2026-06-10T09:45:00+0200,10016.62,MW,BE,BE,forecast_load,Forecasted Load,2026-06-16T08:13:23Z
2026-06-16T08:13:14Z,2026-06-16T10:13:14+0200,dd6516a5-5fe5-4565-873a-e64fa6b54cdc,2026-06-10T08:00:00Z,2026-06-10T10:00:00+0200,10103.14,MW,BE,BE,forecast_load,Forecasted Load,2026-06-16T08:13:23Z
2026-06-16T08:13:14Z,2026-06-16T10:13:14+0200,dd6516a5-5fe5-4565-873a-e64fa6b54cdc,2026-06-10T08:15:00Z,2026-06-10T10:15:00+0200,10146.4,MW,BE,BE,forecast_load,Forecasted Load,2026-06-16T08:13:23Z
2026-06-16T08:13:14Z,2026-06-16T10:13:14+0200,dd6516a5-5fe5-4565-873a-e64fa6b54cdc,2026-06-10T08:30:00Z,2026-06-10T10:30:00+0200,10228.63,MW,BE,BE,forecast_load,Forecasted Load,2026-06-16T08:13:23Z
2026-06-16T08:13:14Z,2026-06-16T10:13:14+0200,dd6516a5-5fe5-4565-873a-e64fa6b54cdc,2026-06-10T08:45:00Z,2026-06-10T10:45:00+0200,10283.8,MW,BE,BE,forecast_load,Forecasted Load,2026-06-16T08:13:23Z
2026-06-16T08:13:14Z,2026-06-16T10:13:14+0200,dd6516a5-5fe5-4565-873a-e64fa6b54cdc,2026-06-10T09:00:00Z,2026-06-10T11:00:00+0200,10285.14,MW,BE,BE,forecast_load,Forecasted Load,2026-06-16T08:13:23Z
2026-06-16T08:13:14Z,2026-06-16T10:13:14+0200,dd6516a5-5fe5-4565-873a-e64fa6b54cdc,2026-06-10T09:15:00Z,2026-06-10T11:15:00+0200,10402.17,MW,BE,BE,forecast_load,Forecasted Load,2026-06-16T08:13:23Z
2026-06-16T08:13:14Z,2026-06-16T10:13:14+0200,dd6516a5-5fe5-4565-873a-e64fa6b54cdc,2026-06-10T09:30:00Z,2026-06-10T11:30:00+0200,10419.3,MW,BE,BE,forecast_load,Forecasted Load,2026-06-16T08:13:23Z
2026-06-16T08:13:14Z,2026-06-16T10:13:14+0200,dd6516a5-5fe5-4565-873a-e64fa6b54cdc,2026-06-10T09:45:00Z,2026-06-10T11:45:00+0200,10429.27,MW,BE,BE,forecast_load,Forecasted Load,2026-06-16T08:13:23Z
2026-06-16T08:13:14Z,2026-06-16T10:13:14+0200,dd6516a5-5fe5-4565-873a-e64fa6b54cdc,2026-06-10T10:00:00Z,2026-06-10T12:00:00+0200,10297.76,MW,BE,BE,forecast_load,Forecasted Load,2026-06-16T08:13:23Z
2026-06-16T08:13:14Z,2026-06-16T10:13:14+0200,dd6516a5-5fe5-4565-873a-e64fa6b54cdc,2026-06-10T10:15:00Z,2026-06-10T12:15:00+0200,10210.93,MW,BE,BE,forecast_load,Forecasted Load,2026-06-16T08:13:23Z
2026-06-16T08:13:14Z,2026-06-16T10:13:14+0200,dd6516a5-5fe5-4565-873a-e64fa6b54cdc,2026-06-10T10:30:00Z,2026-06-10T12:30:00+0200,10184.61,MW,BE,BE,forecast_load,Forecasted Load,2026-06-16T08:13:23Z
2026-06-16T08:13:14Z,2026-06-16T10:13:14+0200,dd6516a5-5fe5-4565-873a-e64fa6b54cdc,2026-06-10T10:45:00Z,2026-06-10T12:45:00+0200,10199.89,MW,BE,BE,forecast_load,Forecasted Load,2026-06-16T08:13:23Z
2026-06-16T08:13:14Z,2026-06-16T10:13:14+0200,dd6516a5-5fe5-4565-873a-e64fa6b54cdc,2026-06-10T11:00:00Z,2026-06-10T13:00:00+0200,10245.74,MW,BE,BE,forecast_load,Forecasted Load,2026-06-16T08:13:23Z
2026-06-16T08:13:14Z,2026-06-16T10:13:14+0200,dd6516a5-5fe5-4565-873a-e64fa6b54cdc,2026-06-10T11:15:00Z,2026-06-10T13:15:00+0200,10182.6,MW,BE,BE,forecast_load,Forecasted Load,2026-06-16T08:13:23Z
2026-06-16T08:13:14Z,2026-06-16T10:13:14+0200,dd6516a5-5fe5-4565-873a-e64fa6b54cdc,2026-06-10T11:30:00Z,2026-06-10T13:30:00+0200,10173.21,MW,BE,BE,forecast_load,Forecasted Load,2026-06-16T08:13:23Z
2026-06-16T08:13:14Z,2026-06-16T10:13:14+0200,dd6516a5-5fe5-4565-873a-e64fa6b54cdc,2026-06-10T11:45:00Z,2026-06-10T13:45:00+0200,10133.31,MW,BE,BE,forecast_load,Forecasted Load,2026-06-16T08:13:23Z
2026-06-16T08:13:14Z,2026-06-16T10:13:14+0200,dd6516a5-5fe5-4565-873a-e64fa6b54cdc,2026-06-10T12:00:00Z,2026-06-10T14:00:00+0200,10236.0,MW,BE,BE,forecast_load,Forecasted Load,2026-06-16T08:13:23Z
2026-06-16T08:13:14Z,2026-06-16T10:13:14+0200,dd6516a5-5fe5-4565-873a-e64fa6b54cdc,2026-06-10T12:15:00Z,2026-06-10T14:15:00+0200,10146.77,MW,BE,BE,forecast_load,Forecasted Load,2026-06-16T08:13:23Z
2026-06-16T08:13:14Z,2026-06-16T10:13:14+0200,dd6516a5-5fe5-4565-873a-e64fa6b54cdc,2026-06-10T12:30:00Z,2026-06-10T14:30:00+0200,10002.81,MW,BE,BE,forecast_load,Forecasted Load,2026-06-16T08:13:23Z
2026-06-16T08:13:14Z,2026-06-16T10:13:14+0200,dd6516a5-5fe5-4565-873a-e64fa6b54cdc,2026-06-10T12:45:00Z,2026-06-10T14:45:00+0200,9921.08,MW,BE,BE,forecast_load,Forecasted Load,2026-06-16T08:13:23Z
2026-06-16T08:13:14Z,2026-06-16T10:13:14+0200,dd6516a5-5fe5-4565-873a-e64fa6b54cdc,2026-06-10T13:00:00Z,2026-06-10T15:00:00+0200,9893.03,MW,BE,BE,forecast_load,Forecasted Load,2026-06-16T08:13:23Z
2026-06-16T08:13:14Z,2026-06-16T10:13:14+0200,dd6516a5-5fe5-4565-873a-e64fa6b54cdc,2026-06-10T13:15:00Z,2026-06-10T15:15:00+0200,9822.92,MW,BE,BE,forecast_load,Forecasted Load,2026-06-16T08:13:23Z
2026-06-16T08:13:14Z,2026-06-16T10:13:14+0200,dd6516a5-5fe5-4565-873a-e64fa6b54cdc,2026-06-10T13:30:00Z,2026-06-10T15:30:00+0200,9719.18,MW,BE,BE,forecast_load,Forecasted Load,2026-06-16T08:13:23Z
2026-06-16T08:13:14Z,2026-06-16T10:13:14+0200,dd6516a5-5fe5-4565-873a-e64fa6b54cdc,2026-06-10T13:45:00Z,2026-06-10T15:45:00+0200,9636.52,MW,BE,BE,forecast_load,Forecasted Load,2026-06-16T08:13:23Z
2026-06-16T08:13:14Z,2026-06-16T10:13:14+0200,dd6516a5-5fe5-4565-873a-e64fa6b54cdc,2026-06-10T14:00:00Z,2026-06-10T16:00:00+0200,9519.31,MW,BE,BE,forecast_load,Forecasted Load,2026-06-16T08:13:23Z
2026-06-16T08:13:14Z,2026-06-16T10:13:14+0200,dd6516a5-5fe5-4565-873a-e64fa6b54cdc,2026-06-10T14:15:00Z,2026-06-10T16:15:00+0200,9427.09,MW,BE,BE,forecast_load,Forecasted Load,2026-06-16T08:13:23Z
2026-06-16T08:13:14Z,2026-06-16T10:13:14+0200,dd6516a5-5fe5-4565-873a-e64fa6b54cdc,2026-06-10T14:30:00Z,2026-06-10T16:30:00+0200,9348.74,MW,BE,BE,forecast_load,Forecasted Load,2026-06-16T08:13:23Z
2026-06-16T08:13:14Z,2026-06-16T10:13:14+0200,dd6516a5-5fe5-4565-873a-e64fa6b54cdc,2026-06-10T14:45:00Z,2026-06-10T16:45:00+0200,9332.3,MW,BE,BE,forecast_load,Forecasted Load,2026-06-16T08:13:23Z
2026-06-16T08:13:14Z,2026-06-16T10:13:14+0200,dd6516a5-5fe5-4565-873a-e64fa6b54cdc,2026-06-10T15:00:00Z,2026-06-10T17:00:00+0200,9528.05,MW,BE,BE,forecast_load,Forecasted Load,2026-06-16T08:13:23Z
2026-06-16T08:13:14Z,2026-06-16T10:13:14+0200,dd6516a5-5fe5-4565-873a-e64fa6b54cdc,2026-06-10T15:15:00Z,2026-06-10T17:15:00+0200,9443.68,MW,BE,BE,forecast_load,Forecasted Load,2026-06-16T08:13:23Z
2026-06-16T08:13:14Z,2026-06-16T10:13:14+0200,dd6516a5-5fe5-4565-873a-e64fa6b54cdc,2026-06-10T15:30:00Z,2026-06-10T17:30:00+0200,9486.56,MW,BE,BE,forecast_load,Forecasted Load,2026-06-16T08:13:23Z
2026-06-16T08:13:14Z,2026-06-16T10:13:14+0200,dd6516a5-5fe5-4565-873a-e64fa6b54cdc,2026-06-10T15:45:00Z,2026-06-10T17:45:00+0200,9498.31,MW,BE,BE,forecast_load,Forecasted Load,2026-06-16T08:13:23Z
2026-06-16T08:13:14Z,2026-06-16T10:13:14+0200,dd6516a5-5fe5-4565-873a-e64fa6b54cdc,2026-06-10T16:00:00Z,2026-06-10T18:00:00+0200,9602.51,MW,BE,BE,forecast_load,Forecasted Load,2026-06-16T08:13:23Z
2026-06-16T08:13:14Z,2026-06-16T10:13:14+0200,dd6516a5-5fe5-4565-873a-e64fa6b54cdc,2026-06-10T16:15:00Z,2026-06-10T18:15:00+0200,9582.41,MW,BE,BE,forecast_load,Forecasted Load,2026-06-16T08:13:23Z
2026-06-16T08:13:14Z,2026-06-16T10:13:14+0200,dd6516a5-5fe5-4565-873a-e64fa6b54cdc,2026-06-10T16:30:00Z,2026-06-10T18:30:00+0200,9565.34,MW,BE,BE,forecast_load,Forecasted Load,2026-06-16T08:13:23Z
2026-06-16T08:13:14Z,2026-06-16T10:13:14+0200,dd6516a5-5fe5-4565-873a-e64fa6b54cdc,2026-06-10T16:45:00Z,2026-06-10T18:45:00+0200,9528.42,MW,BE,BE,forecast_load,Forecasted Load,2026-06-16T08:13:23Z
2026-06-16T08:13:14Z,2026-06-16T10:13:14+0200,dd6516a5-5fe5-4565-873a-e64fa6b54cdc,2026-06-10T17:00:00Z,2026-06-10T19:00:00+0200,9569.81,MW,BE,BE,forecast_load,Forecasted Load,2026-06-16T08:13:23Z
2026-06-16T08:13:14Z,2026-06-16T10:13:14+0200,dd6516a5-5fe5-4565-873a-e64fa6b54cdc,2026-06-10T17:15:00Z,2026-06-10T19:15:00+0200,9453.26,MW,BE,BE,forecast_load,Forecasted Load,2026-06-16T08:13:23Z
2026-06-16T08:13:14Z,2026-06-16T10:13:14+0200,dd6516a5-5fe5-4565-873a-e64fa6b54cdc,2026-06-10T17:30:00Z,2026-06-10T19:30:00+0200,9398.57,MW,BE,BE,forecast_load,Forecasted Load,2026-06-16T08:13:23Z
2026-06-16T08:13:14Z,2026-06-16T10:13:14+0200,dd6516a5-5fe5-4565-873a-e64fa6b54cdc,2026-06-10T17:45:00Z,2026-06-10T19:45:00+0200,9340.91,MW,BE,BE,forecast_load,Forecasted Load,2026-06-16T08:13:23Z
2026-06-16T08:13:14Z,2026-06-16T10:13:14+0200,dd6516a5-5fe5-4565-873a-e64fa6b54cdc,2026-06-10T18:00:00Z,2026-06-10T20:00:00+0200,9295.59,MW,BE,BE,forecast_load,Forecasted Load,2026-06-16T08:13:23Z
2026-06-16T08:13:14Z,2026-06-16T10:13:14+0200,dd6516a5-5fe5-4565-873a-e64fa6b54cdc,2026-06-10T18:15:00Z,2026-06-10T20:15:00+0200,9234.77,MW,BE,BE,forecast_load,Forecasted Load,2026-06-16T08:13:23Z
2026-06-16T08:13:14Z,2026-06-16T10:13:14+0200,dd6516a5-5fe5-4565-873a-e64fa6b54cdc,2026-06-10T18:30:00Z,2026-06-10T20:30:00+0200,9155.5,MW,BE,BE,forecast_load,Forecasted Load,2026-06-16T08:13:23Z
2026-06-16T08:13:14Z,2026-06-16T10:13:14+0200,dd6516a5-5fe5-4565-873a-e64fa6b54cdc,2026-06-10T18:45:00Z,2026-06-10T20:45:00+0200,9074.34,MW,BE,BE,forecast_load,Forecasted Load,2026-06-16T08:13:23Z
2026-06-16T08:13:14Z,2026-06-16T10:13:14+0200,dd6516a5-5fe5-4565-873a-e64fa6b54cdc,2026-06-10T19:00:00Z,2026-06-10T21:00:00+0200,8937.4,MW,BE,BE,forecast_load,Forecasted Load,2026-06-16T08:13:23Z
2026-06-16T08:13:14Z,2026-06-16T10:13:14+0200,dd6516a5-5fe5-4565-873a-e64fa6b54cdc,2026-06-10T19:15:00Z,2026-06-10T21:15:00+0200,8862.94,MW,BE,BE,forecast_load,Forecasted Load,2026-06-16T08:13:23Z
2026-06-16T08:13:14Z,2026-06-16T10:13:14+0200,dd6516a5-5fe5-4565-873a-e64fa6b54cdc,2026-06-10T19:30:00Z,2026-06-10T21:30:00+0200,8851.37,MW,BE,BE,forecast_load,Forecasted Load,2026-06-16T08:13:23Z
2026-06-16T08:13:14Z,2026-06-16T10:13:14+0200,dd6516a5-5fe5-4565-873a-e64fa6b54cdc,2026-06-10T19:45:00Z,2026-06-10T21:45:00+0200,8861.88,MW,BE,BE,forecast_load,Forecasted Load,2026-06-16T08:13:23Z
2026-06-16T08:13:14Z,2026-06-16T10:13:14+0200,dd6516a5-5fe5-4565-873a-e64fa6b54cdc,2026-06-10T20:00:00Z,2026-06-10T22:00:00+0200,8835.03,MW,BE,BE,forecast_load,Forecasted Load,2026-06-16T08:13:23Z
2026-06-16T08:13:14Z,2026-06-16T10:13:14+0200,dd6516a5-5fe5-4565-873a-e64fa6b54cdc,2026-06-10T20:15:00Z,2026-06-10T22:15:00+0200,8858.3,MW,BE,BE,forecast_load,Forecasted Load,2026-06-16T08:13:23Z
2026-06-16T08:13:14Z,2026-06-16T10:13:14+0200,dd6516a5-5fe5-4565-873a-e64fa6b54cdc,2026-06-10T20:30:00Z,2026-06-10T22:30:00+0200,8794.83,MW,BE,BE,forecast_load,Forecasted Load,2026-06-16T08:13:23Z
2026-06-16T08:13:14Z,2026-06-16T10:13:14+0200,dd6516a5-5fe5-4565-873a-e64fa6b54cdc,2026-06-10T20:45:00Z,2026-06-10T22:45:00+0200,8672.85,MW,BE,BE,forecast_load,Forecasted Load,2026-06-16T08:13:23Z
2026-06-16T08:13:14Z,2026-06-16T10:13:14+0200,dd6516a5-5fe5-4565-873a-e64fa6b54cdc,2026-06-10T21:00:00Z,2026-06-10T23:00:00+0200,8583.35,MW,BE,BE,forecast_load,Forecasted Load,2026-06-16T08:13:23Z
2026-06-16T08:13:14Z,2026-06-16T10:13:14+0200,dd6516a5-5fe5-4565-873a-e64fa6b54cdc,2026-06-10T21:15:00Z,2026-06-10T23:15:00+0200,8480.08,MW,BE,BE,forecast_load,Forecasted Load,2026-06-16T08:13:23Z
2026-06-16T08:13:14Z,2026-06-16T10:13:14+0200,dd6516a5-5fe5-4565-873a-e64fa6b54cdc,2026-06-10T21:30:00Z,2026-06-10T23:30:00+0200,8372.69,MW,BE,BE,forecast_load,Forecasted Load,2026-06-16T08:13:23Z
2026-06-16T08:13:14Z,2026-06-16T10:13:14+0200,dd6516a5-5fe5-4565-873a-e64fa6b54cdc,2026-06-10T21:45:00Z,2026-06-10T23:45:00+0200,8261.85,MW,BE,BE,forecast_load,Forecasted Load,2026-06-16T08:13:23Z
2026-06-16T08:13:14Z,2026-06-16T10:13:14+0200,dd6516a5-5fe5-4565-873a-e64fa6b54cdc,2026-06-10T22:00:00Z,2026-06-11T00:00:00+0200,8232.88,MW,BE,BE,forecast_load,Forecasted Load,2026-06-16T08:13:23Z
2026-06-16T08:13:14Z,2026-06-16T10:13:14+0200,dd6516a5-5fe5-4565-873a-e64fa6b54cdc,2026-06-10T22:15:00Z,2026-06-11T00:15:00+0200,8119.87,MW,BE,BE,forecast_load,Forecasted Load,2026-06-16T08:13:23Z
2026-06-16T08:13:14Z,2026-06-16T10:13:14+0200,dd6516a5-5fe5-4565-873a-e64fa6b54cdc,2026-06-10T22:30:00Z,2026-06-11T00:30:00+0200,8020.55,MW,BE,BE,forecast_load,Forecasted Load,2026-06-16T08:13:23Z
2026-06-16T08:13:14Z,2026-06-16T10:13:14+0200,dd6516a5-5fe5-4565-873a-e64fa6b54cdc,2026-06-10T22:45:00Z,2026-06-11T00:45:00+0200,7933.52,MW,BE,BE,forecast_load,Forecasted Load,2026-06-16T08:13:23Z
2026-06-16T08:13:14Z,2026-06-16T10:13:14+0200,dd6516a5-5fe5-4565-873a-e64fa6b54cdc,2026-06-10T23:00:00Z,2026-06-11T01:00:00+0200,7964.24,MW,BE,BE,forecast_load,Forecasted Load,2026-06-16T08:13:23Z
2026-06-16T08:13:14Z,2026-06-16T10:13:14+0200,dd6516a5-5fe5-4565-873a-e64fa6b54cdc,2026-06-10T23:15:00Z,2026-06-11T01:15:00+0200,7900.05,MW,BE,BE,forecast_load,Forecasted Load,2026-06-16T08:13:23Z
2026-06-16T08:13:14Z,2026-06-16T10:13:14+0200,dd6516a5-5fe5-4565-873a-e64fa6b54cdc,2026-06-10T23:30:00Z,2026-06-11T01:30:00+0200,7817.51,MW,BE,BE,forecast_load,Forecasted Load,2026-06-16T08:13:23Z
2026-06-16T08:13:14Z,2026-06-16T10:13:14+0200,dd6516a5-5fe5-4565-873a-e64fa6b54cdc,2026-06-10T23:45:00Z,2026-06-11T01:45:00+0200,7764.94,MW,BE,BE,forecast_load,Forecasted Load,2026-06-16T08:13:23Z
2026-06-16T08:13:14Z,2026-06-16T10:13:14+0200,dd6516a5-5fe5-4565-873a-e64fa6b54cdc,2026-06-11T00:00:00Z,2026-06-11T02:00:00+0200,7594.12,MW,BE,BE,forecast_load,Forecasted Load,2026-06-16T08:13:23Z
2026-06-16T08:13:14Z,2026-06-16T10:13:14+0200,dd6516a5-5fe5-4565-873a-e64fa6b54cdc,2026-06-11T00:15:00Z,2026-06-11T02:15:00+0200,7564.55,MW,BE,BE,forecast_load,Forecasted Load,2026-06-16T08:13:23Z
2026-06-16T08:13:14Z,2026-06-16T10:13:14+0200,dd6516a5-5fe5-4565-873a-e64fa6b54cdc,2026-06-11T00:30:00Z,2026-06-11T02:30:00+0200,7540.74,MW,BE,BE,forecast_load,Forecasted Load,2026-06-16T08:13:23Z
2026-06-16T08:13:14Z,2026-06-16T10:13:14+0200,dd6516a5-5fe5-4565-873a-e64fa6b54cdc,2026-06-11T00:45:00Z,2026-06-11T02:45:00+0200,7501.79,MW,BE,BE,forecast_load,Forecasted Load,2026-06-16T08:13:23Z
2026-06-16T08:13:14Z,2026-06-16T10:13:14+0200,dd6516a5-5fe5-4565-873a-e64fa6b54cdc,2026-06-11T01:00:00Z,2026-06-11T03:00:00+0200,7499.8,MW,BE,BE,forecast_load,Forecasted Load,2026-06-16T08:13:23Z
2026-06-16T08:13:14Z,2026-06-16T10:13:14+0200,dd6516a5-5fe5-4565-873a-e64fa6b54cdc,2026-06-11T01:15:00Z,2026-06-11T03:15:00+0200,7478.76,MW,BE,BE,forecast_load,Forecasted Load,2026-06-16T08:13:23Z
2026-06-16T08:13:14Z,2026-06-16T10:13:14+0200,dd6516a5-5fe5-4565-873a-e64fa6b54cdc,2026-06-11T01:30:00Z,2026-06-11T03:30:00+0200,7449.0,MW,BE,BE,forecast_load,Forecasted Load,2026-06-16T08:13:23Z
2026-06-16T08:13:14Z,2026-06-16T10:13:14+0200,dd6516a5-5fe5-4565-873a-e64fa6b54cdc,2026-06-11T01:45:00Z,2026-06-11T03:45:00+0200,7444.01,MW,BE,BE,forecast_load,Forecasted Load,2026-06-16T08:13:23Z
2026-06-16T08:13:14Z,2026-06-16T10:13:14+0200,dd6516a5-5fe5-4565-873a-e64fa6b54cdc,2026-06-11T02:00:00Z,2026-06-11T04:00:00+0200,7432.69,MW,BE,BE,forecast_load,Forecasted Load,2026-06-16T08:13:23Z
2026-06-16T08:13:14Z,2026-06-16T10:13:14+0200,dd6516a5-5fe5-4565-873a-e64fa6b54cdc,2026-06-11T02:15:00Z,2026-06-11T04:15:00+0200,7453.13,MW,BE,BE,forecast_load,Forecasted Load,2026-06-16T08:13:23Z
2026-06-16T08:13:14Z,2026-06-16T10:13:14+0200,dd6516a5-5fe5-4565-873a-e64fa6b54cdc,2026-06-11T02:30:00Z,2026-06-11T04:30:00+0200,7466.69,MW,BE,BE,forecast_load,Forecasted Load,2026-06-16T08:13:23Z
2026-06-16T08:13:14Z,2026-06-16T10:13:14+0200,dd6516a5-5fe5-4565-873a-e64fa6b54cdc,2026-06-11T02:45:00Z,2026-06-11T04:45:00+0200,7506.28,MW,BE,BE,forecast_load,Forecasted Load,2026-06-16T08:13:23Z
2026-06-16T08:13:14Z,2026-06-16T10:13:14+0200,dd6516a5-5fe5-4565-873a-e64fa6b54cdc,2026-06-11T03:00:00Z,2026-06-11T05:00:00+0200,7532.54,MW,BE,BE,forecast_load,Forecasted Load,2026-06-16T08:13:23Z
2026-06-16T08:13:14Z,2026-06-16T10:13:14+0200,dd6516a5-5fe5-4565-873a-e64fa6b54cdc,2026-06-11T03:15:00Z,2026-06-11T05:15:00+0200,7558.59,MW,BE,BE,forecast_load,Forecasted Load,2026-06-16T08:13:23Z
2026-06-16T08:13:14Z,2026-06-16T10:13:14+0200,dd6516a5-5fe5-4565-873a-e64fa6b54cdc,2026-06-11T03:30:00Z,2026-06-11T05:30:00+0200,7611.49,MW,BE,BE,forecast_load,Forecasted Load,2026-06-16T08:13:23Z
2026-06-16T08:13:14Z,2026-06-16T10:13:14+0200,dd6516a5-5fe5-4565-873a-e64fa6b54cdc,2026-06-11T03:45:00Z,2026-06-11T05:45:00+0200,7651.44,MW,BE,BE,forecast_load,Forecasted Load,2026-06-16T08:13:23Z
2026-06-16T08:13:14Z,2026-06-16T10:13:14+0200,dd6516a5-5fe5-4565-873a-e64fa6b54cdc,2026-06-11T04:00:00Z,2026-06-11T06:00:00+0200,7945.37,MW,BE,BE,forecast_load,Forecasted Load,2026-06-16T08:13:23Z
2026-06-16T08:13:14Z,2026-06-16T10:13:14+0200,dd6516a5-5fe5-4565-873a-e64fa6b54cdc,2026-06-11T04:15:00Z,2026-06-11T06:15:00+0200,8127.65,MW,BE,BE,forecast_load,Forecasted Load,2026-06-16T08:13:23Z
2026-06-16T08:13:14Z,2026-06-16T10:13:14+0200,dd6516a5-5fe5-4565-873a-e64fa6b54cdc,2026-06-11T04:30:00Z,2026-06-11T06:30:00+0200,8355.83,MW,BE,BE,forecast_load,Forecasted Load,2026-06-16T08:13:23Z
2026-06-16T08:13:14Z,2026-06-16T10:13:14+0200,dd6516a5-5fe5-4565-873a-e64fa6b54cdc,2026-06-11T04:45:00Z,2026-06-11T06:45:00+0200,8542.62,MW,BE,BE,forecast_load,Forecasted Load,2026-06-16T08:13:23Z
2026-06-16T08:13:14Z,2026-06-16T10:13:14+0200,dd6516a5-5fe5-4565-873a-e64fa6b54cdc,2026-06-11T05:00:00Z,2026-06-11T07:00:00+0200,8768.15,MW,BE,BE,forecast_load,Forecasted Load,2026-06-16T08:13:23Z
2026-06-16T08:13:14Z,2026-06-16T10:13:14+0200,dd6516a5-5fe5-4565-873a-e64fa6b54cdc,2026-06-11T05:15:00Z,2026-06-11T07:15:00+0200,9002.53,MW,BE,BE,forecast_load,Forecasted Load,2026-06-16T08:13:23Z
2026-06-16T08:13:14Z,2026-06-16T10:13:14+0200,dd6516a5-5fe5-4565-873a-e64fa6b54cdc,2026-06-11T05:30:00Z,2026-06-11T07:30:00+0200,9173.02,MW,BE,BE,forecast_load,Forecasted Load,2026-06-16T08:13:23Z
2026-06-16T08:13:14Z,2026-06-16T10:13:14+0200,dd6516a5-5fe5-4565-873a-e64fa6b54cdc,2026-06-11T05:45:00Z,2026-06-11T07:45:00+0200,9344.45,MW,BE,BE,forecast_load,Forecasted Load,2026-06-16T08:13:23Z
2026-06-16T08:13:14Z,2026-06-16T10:13:14+0200,dd6516a5-5fe5-4565-873a-e64fa6b54cdc,2026-06-11T06:00:00Z,2026-06-11T08:00:00+0200,9509.36,MW,BE,BE,forecast_load,Forecasted Load,2026-06-16T08:13:23Z
2026-06-16T08:13:14Z,2026-06-16T10:13:14+0200,dd6516a5-5fe5-4565-873a-e64fa6b54cdc,2026-06-11T06:15:00Z,2026-06-11T08:15:00+0200,9633.2,MW,BE,BE,forecast_load,Forecasted Load,2026-06-16T08:13:23Z
2026-06-16T08:13:14Z,2026-06-16T10:13:14+0200,dd6516a5-5fe5-4565-873a-e64fa6b54cdc,2026-06-11T06:30:00Z,2026-06-11T08:30:00+0200,9820.34,MW,BE,BE,forecast_load,Forecasted Load,2026-06-16T08:13:23Z
2026-06-16T08:13:14Z,2026-06-16T10:13:14+0200,dd6516a5-5fe5-4565-873a-e64fa6b54cdc,2026-06-11T06:45:00Z,2026-06-11T08:45:00+0200,9974.22,MW,BE,BE,forecast_load,Forecasted Load,2026-06-16T08:13:23Z
2026-06-16T08:13:14Z,2026-06-16T10:13:14+0200,dd6516a5-5fe5-4565-873a-e64fa6b54cdc,2026-06-11T07:00:00Z,2026-06-11T09:00:00+0200,10179.46,MW,BE,BE,forecast_load,Forecasted Load,2026-06-16T08:13:23Z
2026-06-16T08:13:14Z,2026-06-16T10:13:14+0200,dd6516a5-5fe5-4565-873a-e64fa6b54cdc,2026-06-11T07:15:00Z,2026-06-11T09:15:00+0200,10272.86,MW,BE,BE,forecast_load,Forecasted Load,2026-06-16T08:13:23Z
2026-06-16T08:13:14Z,2026-06-16T10:13:14+0200,dd6516a5-5fe5-4565-873a-e64fa6b54cdc,2026-06-11T07:30:00Z,2026-06-11T09:30:00+0200,10354.32,MW,BE,BE,forecast_load,Forecasted Load,2026-06-16T08:13:23Z
2026-06-16T08:13:14Z,2026-06-16T10:13:14+0200,dd6516a5-5fe5-4565-873a-e64fa6b54cdc,2026-06-11T07:45:00Z,2026-06-11T09:45:00+0200,10370.45,MW,BE,BE,forecast_load,Forecasted Load,2026-06-16T08:13:23Z
2026-06-16T08:13:14Z,2026-06-16T10:13:14+0200,dd6516a5-5fe5-4565-873a-e64fa6b54cdc,2026-06-11T08:00:00Z,2026-06-11T10:00:00+0200,10299.1,MW,BE,BE,forecast_load,Forecasted Load,2026-06-16T08:13:23Z
2026-06-16T08:13:14Z,2026-06-16T10:13:14+0200,dd6516a5-5fe5-4565-873a-e64fa6b54cdc,2026-06-11T08:15:00Z,2026-06-11T10:15:00+0200,10338.27,MW,BE,BE,forecast_load,Forecasted Load,2026-06-16T08:13:23Z
2026-06-16T08:13:14Z,2026-06-16T10:13:14+0200,dd6516a5-5fe5-4565-873a-e64fa6b54cdc,2026-06-11T08:30:00Z,2026-06-11T10:30:00+0200,10419.25,MW,BE,BE,forecast_load,Forecasted Load,2026-06-16T08:13:23Z
2026-06-16T08:13:14Z,2026-06-16T10:13:14+0200,dd6516a5-5fe5-4565-873a-e64fa6b54cdc,2026-06-11T08:45:00Z,2026-06-11T10:45:00+0200,10471.26,MW,BE,BE,forecast_load,Forecasted Load,2026-06-16T08:13:23Z
2026-06-16T08:13:14Z,2026-06-16T10:13:14+0200,dd6516a5-5fe5-4565-873a-e64fa6b54cdc,2026-06-11T09:00:00Z,2026-06-11T11:00:00+0200,10436.51,MW,BE,BE,forecast_load,Forecasted Load,2026-06-16T08:13:23Z
2026-06-16T08:13:14Z,2026-06-16T10:13:14+0200,dd6516a5-5fe5-4565-873a-e64fa6b54cdc,2026-06-11T09:15:00Z,2026-06-11T11:15:00+0200,10548.95,MW,BE,BE,forecast_load,Forecasted Load,2026-06-16T08:13:23Z
2026-06-16T08:13:14Z,2026-06-16T10:13:14+0200,dd6516a5-5fe5-4565-873a-e64fa6b54cdc,2026-06-11T09:30:00Z,2026-06-11T11:30:00+0200,10579.33,MW,BE,BE,forecast_load,Forecasted Load,2026-06-16T08:13:23Z
2026-06-16T08:13:14Z,2026-06-16T10:13:14+0200,dd6516a5-5fe5-4565-873a-e64fa6b54cdc,2026-06-11T09:45:00Z,2026-06-11T11:45:00+0200,10598.09,MW,BE,BE,forecast_load,Forecasted Load,2026-06-16T08:13:23Z
2026-06-16T08:13:14Z,2026-06-16T10:13:14+0200,dd6516a5-5fe5-4565-873a-e64fa6b54cdc,2026-06-11T10:00:00Z,2026-06-11T12:00:00+0200,10450.68,MW,BE,BE,forecast_load,Forecasted Load,2026-06-16T08:13:23Z
2026-06-16T08:13:14Z,2026-06-16T10:13:14+0200,dd6516a5-5fe5-4565-873a-e64fa6b54cdc,2026-06-11T10:15:00Z,2026-06-11T12:15:00+0200,10350.66,MW,BE,BE,forecast_load,Forecasted Load,2026-06-16T08:13:23Z
2026-06-16T08:13:14Z,2026-06-16T10:13:14+0200,dd6516a5-5fe5-4565-873a-e64fa6b54cdc,2026-06-11T10:30:00Z,2026-06-11T12:30:00+0200,10307.4,MW,BE,BE,forecast_load,Forecasted Load,2026-06-16T08:13:23Z
2026-06-16T08:13:14Z,2026-06-16T10:13:14+0200,dd6516a5-5fe5-4565-873a-e64fa6b54cdc,2026-06-11T10:45:00Z,2026-06-11T12:45:00+0200,10331.52,MW,BE,BE,forecast_load,Forecasted Load,2026-06-16T08:13:23Z
2026-06-16T08:13:14Z,2026-06-16T10:13:14+0200,dd6516a5-5fe5-4565-873a-e64fa6b54cdc,2026-06-11T11:00:00Z,2026-06-11T13:00:00+0200,10379.37,MW,BE,BE,forecast_load,Forecasted Load,2026-06-16T08:13:23Z
2026-06-16T08:13:14Z,2026-06-16T10:13:14+0200,dd6516a5-5fe5-4565-873a-e64fa6b54cdc,2026-06-11T11:15:00Z,2026-06-11T13:15:00+0200,10289.27,MW,BE,BE,forecast_load,Forecasted Load,2026-06-16T08:13:23Z
2026-06-16T08:13:14Z,2026-06-16T10:13:14+0200,dd6516a5-5fe5-4565-873a-e64fa6b54cdc,2026-06-11T11:30:00Z,2026-06-11T13:30:00+0200,10297.75,MW,BE,BE,forecast_load,Forecasted Load,2026-06-16T08:13:23Z
2026-06-16T08:13:14Z,2026-06-16T10:13:14+0200,dd6516a5-5fe5-4565-873a-e64fa6b54cdc,2026-06-11T11:45:00Z,2026-06-11T13:45:00+0200,10300.55,MW,BE,BE,forecast_load,Forecasted Load,2026-06-16T08:13:23Z
2026-06-16T08:13:14Z,2026-06-16T10:13:14+0200,dd6516a5-5fe5-4565-873a-e64fa6b54cdc,2026-06-11T12:00:00Z,2026-06-11T14:00:00+0200,10290.41,MW,BE,BE,forecast_load,Forecasted Load,2026-06-16T08:13:23Z
2026-06-16T08:13:14Z,2026-06-16T10:13:14+0200,dd6516a5-5fe5-4565-873a-e64fa6b54cdc,2026-06-11T12:15:00Z,2026-06-11T14:15:00+0200,10212.9,MW,BE,BE,forecast_load,Forecasted Load,2026-06-16T08:13:23Z
2026-06-16T08:13:14Z,2026-06-16T10:13:14+0200,dd6516a5-5fe5-4565-873a-e64fa6b54cdc,2026-06-11T12:30:00Z,2026-06-11T14:30:00+0200,10061.24,MW,BE,BE,forecast_load,Forecasted Load,2026-06-16T08:13:23Z
2026-06-16T08:13:14Z,2026-06-16T10:13:14+0200,dd6516a5-5fe5-4565-873a-e64fa6b54cdc,2026-06-11T12:45:00Z,2026-06-11T14:45:00+0200,9995.58,MW,BE,BE,forecast_load,Forecasted Load,2026-06-16T08:13:23Z
2026-06-16T08:13:14Z,2026-06-16T10:13:14+0200,dd6516a5-5fe5-4565-873a-e64fa6b54cdc,2026-06-11T13:00:00Z,2026-06-11T15:00:00+0200,9927.75,MW,BE,BE,forecast_load,Forecasted Load,2026-06-16T08:13:23Z
2026-06-16T08:13:14Z,2026-06-16T10:13:14+0200,dd6516a5-5fe5-4565-873a-e64fa6b54cdc,2026-06-11T13:15:00Z,2026-06-11T15:15:00+0200,9862.7,MW,BE,BE,forecast_load,Forecasted Load,2026-06-16T08:13:23Z
2026-06-16T08:13:14Z,2026-06-16T10:13:14+0200,dd6516a5-5fe5-4565-873a-e64fa6b54cdc,2026-06-11T13:30:00Z,2026-06-11T15:30:00+0200,9743.64,MW,BE,BE,forecast_load,Forecasted Load,2026-06-16T08:13:23Z
2026-06-16T08:13:14Z,2026-06-16T10:13:14+0200,dd6516a5-5fe5-4565-873a-e64fa6b54cdc,2026-06-11T13:45:00Z,2026-06-11T15:45:00+0200,9640.49,MW,BE,BE,forecast_load,Forecasted Load,2026-06-16T08:13:23Z
2026-06-16T08:13:14Z,2026-06-16T10:13:14+0200,dd6516a5-5fe5-4565-873a-e64fa6b54cdc,2026-06-11T14:00:00Z,2026-06-11T16:00:00+0200,9792.34,MW,BE,BE,forecast_load,Forecasted Load,2026-06-16T08:13:23Z
2026-06-16T08:13:14Z,2026-06-16T10:13:14+0200,dd6516a5-5fe5-4565-873a-e64fa6b54cdc,2026-06-11T14:15:00Z,2026-06-11T16:15:00+0200,9695.6,MW,BE,BE,forecast_load,Forecasted Load,2026-06-16T08:13:23Z
2026-06-16T08:13:14Z,2026-06-16T10:13:14+0200,dd6516a5-5fe5-4565-873a-e64fa6b54cdc,2026-06-11T14:30:00Z,2026-06-11T16:30:00+0200,9640.14,MW,BE,BE,forecast_load,Forecasted Load,2026-06-16T08:13:23Z
2026-06-16T08:13:14Z,2026-06-16T10:13:14+0200,dd6516a5-5fe5-4565-873a-e64fa6b54cdc,2026-06-11T14:45:00Z,2026-06-11T16:45:00+0200,9637.08,MW,BE,BE,forecast_load,Forecasted Load,2026-06-16T08:13:23Z
2026-06-16T08:13:14Z,2026-06-16T10:13:14+0200,dd6516a5-5fe5-4565-873a-e64fa6b54cdc,2026-06-11T15:00:00Z,2026-06-11T17:00:00+0200,9711.32,MW,BE,BE,forecast_load,Forecasted Load,2026-06-16T08:13:23Z
2026-06-16T08:13:14Z,2026-06-16T10:13:14+0200,dd6516a5-5fe5-4565-873a-e64fa6b54cdc,2026-06-11T15:15:00Z,2026-06-11T17:15:00+0200,9638.84,MW,BE,BE,forecast_load,Forecasted Load,2026-06-16T08:13:23Z
2026-06-16T08:13:14Z,2026-06-16T10:13:14+0200,dd6516a5-5fe5-4565-873a-e64fa6b54cdc,2026-06-11T15:30:00Z,2026-06-11T17:30:00+0200,9692.69,MW,BE,BE,forecast_load,Forecasted Load,2026-06-16T08:13:23Z
2026-06-16T08:13:14Z,2026-06-16T10:13:14+0200,dd6516a5-5fe5-4565-873a-e64fa6b54cdc,2026-06-11T15:45:00Z,2026-06-11T17:45:00+0200,9706.16,MW,BE,BE,forecast_load,Forecasted Load,2026-06-16T08:13:23Z
2026-06-16T08:13:14Z,2026-06-16T10:13:14+0200,dd6516a5-5fe5-4565-873a-e64fa6b54cdc,2026-06-11T16:00:00Z,2026-06-11T18:00:00+0200,9730.24,MW,BE,BE,forecast_load,Forecasted Load,2026-06-16T08:13:23Z
2026-06-16T08:13:14Z,2026-06-16T10:13:14+0200,dd6516a5-5fe5-4565-873a-e64fa6b54cdc,2026-06-11T16:15:00Z,2026-06-11T18:15:00+0200,9694.59,MW,BE,BE,forecast_load,Forecasted Load,2026-06-16T08:13:23Z
2026-06-16T08:13:14Z,2026-06-16T10:13:14+0200,dd6516a5-5fe5-4565-873a-e64fa6b54cdc,2026-06-11T16:30:00Z,2026-06-11T18:30:00+0200,9676.37,MW,BE,BE,forecast_load,Forecasted Load,2026-06-16T08:13:23Z
2026-06-16T08:13:14Z,2026-06-16T10:13:14+0200,dd6516a5-5fe5-4565-873a-e64fa6b54cdc,2026-06-11T16:45:00Z,2026-06-11T18:45:00+0200,9635.19,MW,BE,BE,forecast_load,Forecasted Load,2026-06-16T08:13:23Z
2026-06-16T08:13:14Z,2026-06-16T10:13:14+0200,dd6516a5-5fe5-4565-873a-e64fa6b54cdc,2026-06-11T17:00:00Z,2026-06-11T19:00:00+0200,9638.3,MW,BE,BE,forecast_load,Forecasted Load,2026-06-16T08:13:23Z
2026-06-16T08:13:14Z,2026-06-16T10:13:14+0200,dd6516a5-5fe5-4565-873a-e64fa6b54cdc,2026-06-11T17:15:00Z,2026-06-11T19:15:00+0200,9518.78,MW,BE,BE,forecast_load,Forecasted Load,2026-06-16T08:13:23Z
2026-06-16T08:13:14Z,2026-06-16T10:13:14+0200,dd6516a5-5fe5-4565-873a-e64fa6b54cdc,2026-06-11T17:30:00Z,2026-06-11T19:30:00+0200,9467.06,MW,BE,BE,forecast_load,Forecasted Load,2026-06-16T08:13:23Z
2026-06-16T08:13:14Z,2026-06-16T10:13:14+0200,dd6516a5-5fe5-4565-873a-e64fa6b54cdc,2026-06-11T17:45:00Z,2026-06-11T19:45:00+0200,9398.83,MW,BE,BE,forecast_load,Forecasted Load,2026-06-16T08:13:23Z
2026-06-16T08:13:14Z,2026-06-16T10:13:14+0200,dd6516a5-5fe5-4565-873a-e64fa6b54cdc,2026-06-11T18:00:00Z,2026-06-11T20:00:00+0200,9363.51,MW,BE,BE,forecast_load,Forecasted Load,2026-06-16T08:13:23Z
2026-06-16T08:13:14Z,2026-06-16T10:13:14+0200,dd6516a5-5fe5-4565-873a-e64fa6b54cdc,2026-06-11T18:15:00Z,2026-06-11T20:15:00+0200,9306.75,MW,BE,BE,forecast_load,Forecasted Load,2026-06-16T08:13:23Z
2026-06-16T08:13:14Z,2026-06-16T10:13:14+0200,dd6516a5-5fe5-4565-873a-e64fa6b54cdc,2026-06-11T18:30:00Z,2026-06-11T20:30:00+0200,9217.39,MW,BE,BE,forecast_load,Forecasted Load,2026-06-16T08:13:23Z
2026-06-16T08:13:14Z,2026-06-16T10:13:14+0200,dd6516a5-5fe5-4565-873a-e64fa6b54cdc,2026-06-11T18:45:00Z,2026-06-11T20:45:00+0200,9129.32,MW,BE,BE,forecast_load,Forecasted Load,2026-06-16T08:13:23Z
2026-06-16T08:13:14Z,2026-06-16T10:13:14+0200,dd6516a5-5fe5-4565-873a-e64fa6b54cdc,2026-06-11T19:00:00Z,2026-06-11T21:00:00+0200,9012.98,MW,BE,BE,forecast_load,Forecasted Load,2026-06-16T08:13:23Z
2026-06-16T08:13:14Z,2026-06-16T10:13:14+0200,dd6516a5-5fe5-4565-873a-e64fa6b54cdc,2026-06-11T19:15:00Z,2026-06-11T21:15:00+0200,8923.67,MW,BE,BE,forecast_load,Forecasted Load,2026-06-16T08:13:23Z
2026-06-16T08:13:14Z,2026-06-16T10:13:14+0200,dd6516a5-5fe5-4565-873a-e64fa6b54cdc,2026-06-11T19:30:00Z,2026-06-11T21:30:00+0200,8918.37,MW,BE,BE,forecast_load,Forecasted Load,2026-06-16T08:13:23Z
2026-06-16T08:13:14Z,2026-06-16T10:13:14+0200,dd6516a5-5fe5-4565-873a-e64fa6b54cdc,2026-06-11T19:45:00Z,2026-06-11T21:45:00+0200,8929.16,MW,BE,BE,forecast_load,Forecasted Load,2026-06-16T08:13:23Z
2026-06-16T08:13:14Z,2026-06-16T10:13:14+0200,dd6516a5-5fe5-4565-873a-e64fa6b54cdc,2026-06-11T20:00:00Z,2026-06-11T22:00:00+0200,8899.96,MW,BE,BE,forecast_load,Forecasted Load,2026-06-16T08:13:23Z
2026-06-16T08:13:14Z,2026-06-16T10:13:14+0200,dd6516a5-5fe5-4565-873a-e64fa6b54cdc,2026-06-11T20:15:00Z,2026-06-11T22:15:00+0200,8938.83,MW,BE,BE,forecast_load,Forecasted Load,2026-06-16T08:13:23Z
2026-06-16T08:13:14Z,2026-06-16T10:13:14+0200,dd6516a5-5fe5-4565-873a-e64fa6b54cdc,2026-06-11T20:30:00Z,2026-06-11T22:30:00+0200,8868.53,MW,BE,BE,forecast_load,Forecasted Load,2026-06-16T08:13:23Z
2026-06-16T08:13:14Z,2026-06-16T10:13:14+0200,dd6516a5-5fe5-4565-873a-e64fa6b54cdc,2026-06-11T20:45:00Z,2026-06-11T22:45:00+0200,8752.97,MW,BE,BE,forecast_load,Forecasted Load,2026-06-16T08:13:23Z
2026-06-16T08:13:14Z,2026-06-16T10:13:14+0200,dd6516a5-5fe5-4565-873a-e64fa6b54cdc,2026-06-11T21:00:00Z,2026-06-11T23:00:00+0200,8733.04,MW,BE,BE,forecast_load,Forecasted Load,2026-06-16T08:13:23Z
2026-06-16T08:13:14Z,2026-06-16T10:13:14+0200,dd6516a5-5fe5-4565-873a-e64fa6b54cdc,2026-06-11T21:15:00Z,2026-06-11T23:15:00+0200,8630.48,MW,BE,BE,forecast_load,Forecasted Load,2026-06-16T08:13:23Z
2026-06-16T08:13:14Z,2026-06-16T10:13:14+0200,dd6516a5-5fe5-4565-873a-e64fa6b54cdc,2026-06-11T21:30:00Z,2026-06-11T23:30:00+0200,8524.6,MW,BE,BE,forecast_load,Forecasted Load,2026-06-16T08:13:23Z
2026-06-16T08:13:14Z,2026-06-16T10:13:14+0200,dd6516a5-5fe5-4565-873a-e64fa6b54cdc,2026-06-11T21:45:00Z,2026-06-11T23:45:00+0200,8409.53,MW,BE,BE,forecast_load,Forecasted Load,2026-06-16T08:13:23Z
2026-06-16T08:13:14Z,2026-06-16T10:13:14+0200,dd6516a5-5fe5-4565-873a-e64fa6b54cdc,2026-06-11T22:00:00Z,2026-06-12T00:00:00+0200,8245.65,MW,BE,BE,forecast_load,Forecasted Load,2026-06-16T08:13:23Z
2026-06-16T08:13:14Z,2026-06-16T10:13:14+0200,dd6516a5-5fe5-4565-873a-e64fa6b54cdc,2026-06-11T22:15:00Z,2026-06-12T00:15:00+0200,8128.21,MW,BE,BE,forecast_load,Forecasted Load,2026-06-16T08:13:23Z
2026-06-16T08:13:14Z,2026-06-16T10:13:14+0200,dd6516a5-5fe5-4565-873a-e64fa6b54cdc,2026-06-11T22:30:00Z,2026-06-12T00:30:00+0200,8023.23,MW,BE,BE,forecast_load,Forecasted Load,2026-06-16T08:13:23Z
2026-06-16T08:13:14Z,2026-06-16T10:13:14+0200,dd6516a5-5fe5-4565-873a-e64fa6b54cdc,2026-06-11T22:45:00Z,2026-06-12T00:45:00+0200,7940.58,MW,BE,BE,forecast_load,Forecasted Load,2026-06-16T08:13:23Z
2026-06-16T08:13:14Z,2026-06-16T10:13:14+0200,dd6516a5-5fe5-4565-873a-e64fa6b54cdc,2026-06-11T23:00:00Z,2026-06-12T01:00:00+0200,7822.51,MW,BE,BE,forecast_load,Forecasted Load,2026-06-16T08:13:23Z
2026-06-16T08:13:14Z,2026-06-16T10:13:14+0200,dd6516a5-5fe5-4565-873a-e64fa6b54cdc,2026-06-11T23:15:00Z,2026-06-12T01:15:00+0200,7779.81,MW,BE,BE,forecast_load,Forecasted Load,2026-06-16T08:13:23Z
2026-06-16T08:13:14Z,2026-06-16T10:13:14+0200,dd6516a5-5fe5-4565-873a-e64fa6b54cdc,2026-06-11T23:30:00Z,2026-06-12T01:30:00+0200,7699.13,MW,BE,BE,forecast_load,Forecasted Load,2026-06-16T08:13:23Z
2026-06-16T08:13:14Z,2026-06-16T10:13:14+0200,dd6516a5-5fe5-4565-873a-e64fa6b54cdc,2026-06-11T23:45:00Z,2026-06-12T01:45:00+0200,7644.48,MW,BE,BE,forecast_load,Forecasted Load,2026-06-16T08:13:23Z
2026-06-16T08:13:14Z,2026-06-16T10:13:14+0200,dd6516a5-5fe5-4565-873a-e64fa6b54cdc,2026-06-12T00:00:00Z,2026-06-12T02:00:00+0200,7585.88,MW,BE,BE,forecast_load,Forecasted Load,2026-06-16T08:13:23Z
2026-06-16T08:13:14Z,2026-06-16T10:13:14+0200,dd6516a5-5fe5-4565-873a-e64fa6b54cdc,2026-06-12T00:15:00Z,2026-06-12T02:15:00+0200,7559.24,MW,BE,BE,forecast_load,Forecasted Load,2026-06-16T08:13:23Z
2026-06-16T08:13:14Z,2026-06-16T10:13:14+0200,dd6516a5-5fe5-4565-873a-e64fa6b54cdc,2026-06-12T00:30:00Z,2026-06-12T02:30:00+0200,7525.77,MW,BE,BE,forecast_load,Forecasted Load,2026-06-16T08:13:23Z
2026-06-16T08:13:14Z,2026-06-16T10:13:14+0200,dd6516a5-5fe5-4565-873a-e64fa6b54cdc,2026-06-12T00:45:00Z,2026-06-12T02:45:00+0200,7470.96,MW,BE,BE,forecast_load,Forecasted Load,2026-06-16T08:13:23Z
2026-06-16T08:13:14Z,2026-06-16T10:13:14+0200,dd6516a5-5fe5-4565-873a-e64fa6b54cdc,2026-06-12T01:00:00Z,2026-06-12T03:00:00+0200,7531.47,MW,BE,BE,forecast_load,Forecasted Load,2026-06-16T08:13:23Z
2026-06-16T08:13:14Z,2026-06-16T10:13:14+0200,dd6516a5-5fe5-4565-873a-e64fa6b54cdc,2026-06-12T01:15:00Z,2026-06-12T03:15:00+0200,7500.9,MW,BE,BE,forecast_load,Forecasted Load,2026-06-16T08:13:23Z
2026-06-16T08:13:14Z,2026-06-16T10:13:14+0200,dd6516a5-5fe5-4565-873a-e64fa6b54cdc,2026-06-12T01:30:00Z,2026-06-12T03:30:00+0200,7482.94,MW,BE,BE,forecast_load,Forecasted Load,2026-06-16T08:13:23Z
2026-06-16T08:13:14Z,2026-06-16T10:13:14+0200,dd6516a5-5fe5-4565-873a-e64fa6b54cdc,2026-06-12T01:45:00Z,2026-06-12T03:45:00+0200,7472.84,MW,BE,BE,forecast_load,Forecasted Load,2026-06-16T08:13:23Z
2026-06-16T08:13:14Z,2026-06-16T10:13:14+0200,dd6516a5-5fe5-4565-873a-e64fa6b54cdc,2026-06-12T02:00:00Z,2026-06-12T04:00:00+0200,7450.79,MW,BE,BE,forecast_load,Forecasted Load,2026-06-16T08:13:23Z
2026-06-16T08:13:14Z,2026-06-16T10:13:14+0200,dd6516a5-5fe5-4565-873a-e64fa6b54cdc,2026-06-12T02:15:00Z,2026-06-12T04:15:00+0200,7466.04,MW,BE,BE,forecast_load,Forecasted Load,2026-06-16T08:13:23Z
2026-06-16T08:13:14Z,2026-06-16T10:13:14+0200,dd6516a5-5fe5-4565-873a-e64fa6b54cdc,2026-06-12T02:30:00Z,2026-06-12T04:30:00+0200,7479.7,MW,BE,BE,forecast_load,Forecasted Load,2026-06-16T08:13:23Z
2026-06-16T08:13:14Z,2026-06-16T10:13:14+0200,dd6516a5-5fe5-4565-873a-e64fa6b54cdc,2026-06-12T02:45:00Z,2026-06-12T04:45:00+0200,7516.73,MW,BE,BE,forecast_load,Forecasted Load,2026-06-16T08:13:23Z
2026-06-16T08:13:14Z,2026-06-16T10:13:14+0200,dd6516a5-5fe5-4565-873a-e64fa6b54cdc,2026-06-12T03:00:00Z,2026-06-12T05:00:00+0200,7577.58,MW,BE,BE,forecast_load,Forecasted Load,2026-06-16T08:13:23Z
2026-06-16T08:13:14Z,2026-06-16T10:13:14+0200,dd6516a5-5fe5-4565-873a-e64fa6b54cdc,2026-06-12T03:15:00Z,2026-06-12T05:15:00+0200,7603.74,MW,BE,BE,forecast_load,Forecasted Load,2026-06-16T08:13:23Z
2026-06-16T08:13:14Z,2026-06-16T10:13:14+0200,dd6516a5-5fe5-4565-873a-e64fa6b54cdc,2026-06-12T03:30:00Z,2026-06-12T05:30:00+0200,7661.51,MW,BE,BE,forecast_load,Forecasted Load,2026-06-16T08:13:23Z
2026-06-16T08:13:14Z,2026-06-16T10:13:14+0200,dd6516a5-5fe5-4565-873a-e64fa6b54cdc,2026-06-12T03:45:00Z,2026-06-12T05:45:00+0200,7702.94,MW,BE,BE,forecast_load,Forecasted Load,2026-06-16T08:13:23Z
2026-06-16T08:13:14Z,2026-06-16T10:13:14+0200,dd6516a5-5fe5-4565-873a-e64fa6b54cdc,2026-06-12T04:00:00Z,2026-06-12T06:00:00+0200,7989.94,MW,BE,BE,forecast_load,Forecasted Load,2026-06-16T08:13:23Z
2026-06-16T08:13:14Z,2026-06-16T10:13:14+0200,dd6516a5-5fe5-4565-873a-e64fa6b54cdc,2026-06-12T04:15:00Z,2026-06-12T06:15:00+0200,8184.69,MW,BE,BE,forecast_load,Forecasted Load,2026-06-16T08:13:23Z
2026-06-16T08:13:14Z,2026-06-16T10:13:14+0200,dd6516a5-5fe5-4565-873a-e64fa6b54cdc,2026-06-12T04:30:00Z,2026-06-12T06:30:00+0200,8424.32,MW,BE,BE,forecast_load,Forecasted Load,2026-06-16T08:13:23Z
2026-06-16T08:13:14Z,2026-06-16T10:13:14+0200,dd6516a5-5fe5-4565-873a-e64fa6b54cdc,2026-06-12T04:45:00Z,2026-06-12T06:45:00+0200,8609.62,MW,BE,BE,forecast_load,Forecasted Load,2026-06-16T08:13:23Z
2026-06-16T08:13:14Z,2026-06-16T10:13:14+0200,dd6516a5-5fe5-4565-873a-e64fa6b54cdc,2026-06-12T05:00:00Z,2026-06-12T07:00:00+0200,8794.22,MW,BE,BE,forecast_load,Forecasted Load,2026-06-16T08:13:23Z
2026-06-16T08:13:14Z,2026-06-16T10:13:14+0200,dd6516a5-5fe5-4565-873a-e64fa6b54cdc,2026-06-12T05:15:00Z,2026-06-12T07:15:00+0200,9022.35,MW,BE,BE,forecast_load,Forecasted Load,2026-06-16T08:13:23Z
2026-06-16T08:13:14Z,2026-06-16T10:13:14+0200,dd6516a5-5fe5-4565-873a-e64fa6b54cdc,2026-06-12T05:30:00Z,2026-06-12T07:30:00+0200,9204.67,MW,BE,BE,forecast_load,Forecasted Load,2026-06-16T08:13:23Z
2026-06-16T08:13:14Z,2026-06-16T10:13:14+0200,dd6516a5-5fe5-4565-873a-e64fa6b54cdc,2026-06-12T05:45:00Z,2026-06-12T07:45:00+0200,9353.87,MW,BE,BE,forecast_load,Forecasted Load,2026-06-16T08:13:23Z
2026-06-16T08:13:14Z,2026-06-16T10:13:14+0200,dd6516a5-5fe5-4565-873a-e64fa6b54cdc,2026-06-12T06:00:00Z,2026-06-12T08:00:00+0200,9397.76,MW,BE,BE,forecast_load,Forecasted Load,2026-06-16T08:13:23Z
2026-06-16T08:13:14Z,2026-06-16T10:13:14+0200,dd6516a5-5fe5-4565-873a-e64fa6b54cdc,2026-06-12T06:15:00Z,2026-06-12T08:15:00+0200,9523.48,MW,BE,BE,forecast_load,Forecasted Load,2026-06-16T08:13:23Z
2026-06-16T08:13:14Z,2026-06-16T10:13:14+0200,dd6516a5-5fe5-4565-873a-e64fa6b54cdc,2026-06-12T06:30:00Z,2026-06-12T08:30:00+0200,9714.8,MW,BE,BE,forecast_load,Forecasted Load,2026-06-16T08:13:23Z
2026-06-16T08:13:14Z,2026-06-16T10:13:14+0200,dd6516a5-5fe5-4565-873a-e64fa6b54cdc,2026-06-12T06:45:00Z,2026-06-12T08:45:00+0200,9854.75,MW,BE,BE,forecast_load,Forecasted Load,2026-06-16T08:13:23Z
2026-06-16T08:13:14Z,2026-06-16T10:13:14+0200,dd6516a5-5fe5-4565-873a-e64fa6b54cdc,2026-06-12T07:00:00Z,2026-06-12T09:00:00+0200,9931.19,MW,BE,BE,forecast_load,Forecasted Load,2026-06-16T08:13:23Z
2026-06-16T08:13:14Z,2026-06-16T10:13:14+0200,dd6516a5-5fe5-4565-873a-e64fa6b54cdc,2026-06-12T07:15:00Z,2026-06-12T09:15:00+0200,10031.18,MW,BE,BE,forecast_load,Forecasted Load,2026-06-16T08:13:23Z
2026-06-16T08:13:14Z,2026-06-16T10:13:14+0200,dd6516a5-5fe5-4565-873a-e64fa6b54cdc,2026-06-12T07:30:00Z,2026-06-12T09:30:00+0200,10108.39,MW,BE,BE,forecast_load,Forecasted Load,2026-06-16T08:13:23Z
2026-06-16T08:13:14Z,2026-06-16T10:13:14+0200,dd6516a5-5fe5-4565-873a-e64fa6b54cdc,2026-06-12T07:45:00Z,2026-06-12T09:45:00+0200,10134.83,MW,BE,BE,forecast_load,Forecasted Load,2026-06-16T08:13:23Z
2026-06-16T08:13:14Z,2026-06-16T10:13:14+0200,dd6516a5-5fe5-4565-873a-e64fa6b54cdc,2026-06-12T08:00:00Z,2026-06-12T10:00:00+0200,10185.69,MW,BE,BE,forecast_load,Forecasted Load,2026-06-16T08:13:23Z
2026-06-16T08:13:14Z,2026-06-16T10:13:14+0200,dd6516a5-5fe5-4565-873a-e64fa6b54cdc,2026-06-12T08:15:00Z,2026-06-12T10:15:00+0200,10241.67,MW,BE,BE,forecast_load,Forecasted Load,2026-06-16T08:13:23Z
2026-06-16T08:13:14Z,2026-06-16T10:13:14+0200,dd6516a5-5fe5-4565-873a-e64fa6b54cdc,2026-06-12T08:30:00Z,2026-06-12T10:30:00+0200,10319.38,MW,BE,BE,forecast_load,Forecasted Load,2026-06-16T08:13:23Z
2026-06-16T08:13:14Z,2026-06-16T10:13:14+0200,dd6516a5-5fe5-4565-873a-e64fa6b54cdc,2026-06-12T08:45:00Z,2026-06-12T10:45:00+0200,10351.71,MW,BE,BE,forecast_load,Forecasted Load,2026-06-16T08:13:23Z
2026-06-16T08:13:14Z,2026-06-16T10:13:14+0200,dd6516a5-5fe5-4565-873a-e64fa6b54cdc,2026-06-12T09:00:00Z,2026-06-12T11:00:00+0200,10328.29,MW,BE,BE,forecast_load,Forecasted Load,2026-06-16T08:13:23Z
2026-06-16T08:13:14Z,2026-06-16T10:13:14+0200,dd6516a5-5fe5-4565-873a-e64fa6b54cdc,2026-06-12T09:15:00Z,2026-06-12T11:15:00+0200,10441.42,MW,BE,BE,forecast_load,Forecasted Load,2026-06-16T08:13:23Z
2026-06-16T08:13:14Z,2026-06-16T10:13:14+0200,dd6516a5-5fe5-4565-873a-e64fa6b54cdc,2026-06-12T09:30:00Z,2026-06-12T11:30:00+0200,10448.22,MW,BE,BE,forecast_load,Forecasted Load,2026-06-16T08:13:23Z
2026-06-16T08:13:14Z,2026-06-16T10:13:14+0200,dd6516a5-5fe5-4565-873a-e64fa6b54cdc,2026-06-12T09:45:00Z,2026-06-12T11:45:00+0200,10509.19,MW,BE,BE,forecast_load,Forecasted Load,2026-06-16T08:13:23Z
2026-06-16T08:13:14Z,2026-06-16T10:13:14+0200,dd6516a5-5fe5-4565-873a-e64fa6b54cdc,2026-06-12T10:00:00Z,2026-06-12T12:00:00+0200,10502.89,MW,BE,BE,forecast_load,Forecasted Load,2026-06-16T08:13:23Z
2026-06-16T08:13:14Z,2026-06-16T10:13:14+0200,dd6516a5-5fe5-4565-873a-e64fa6b54cdc,2026-06-12T10:15:00Z,2026-06-12T12:15:00+0200,10412.15,MW,BE,BE,forecast_load,Forecasted Load,2026-06-16T08:13:23Z
2026-06-16T08:13:14Z,2026-06-16T10:13:14+0200,dd6516a5-5fe5-4565-873a-e64fa6b54cdc,2026-06-12T10:30:00Z,2026-06-12T12:30:00+0200,10356.72,MW,BE,BE,forecast_load,Forecasted Load,2026-06-16T08:13:23Z
2026-06-16T08:13:14Z,2026-06-16T10:13:14+0200,dd6516a5-5fe5-4565-873a-e64fa6b54cdc,2026-06-12T10:45:00Z,2026-06-12T12:45:00+0200,10404.39,MW,BE,BE,forecast_load,Forecasted Load,2026-06-16T08:13:23Z
2026-06-16T08:13:14Z,2026-06-16T10:13:14+0200,dd6516a5-5fe5-4565-873a-e64fa6b54cdc,2026-06-12T11:00:00Z,2026-06-12T13:00:00+0200,10423.29,MW,BE,BE,forecast_load,Forecasted Load,2026-06-16T08:13:23Z
2026-06-16T08:13:14Z,2026-06-16T10:13:14+0200,dd6516a5-5fe5-4565-873a-e64fa6b54cdc,2026-06-12T11:15:00Z,2026-06-12T13:15:00+0200,10321.8,MW,BE,BE,forecast_load,Forecasted Load,2026-06-16T08:13:23Z
2026-06-16T08:13:14Z,2026-06-16T10:13:14+0200,dd6516a5-5fe5-4565-873a-e64fa6b54cdc,2026-06-12T11:30:00Z,2026-06-12T13:30:00+0200,10350.16,MW,BE,BE,forecast_load,Forecasted Load,2026-06-16T08:13:23Z
2026-06-16T08:13:14Z,2026-06-16T10:13:14+0200,dd6516a5-5fe5-4565-873a-e64fa6b54cdc,2026-06-12T11:45:00Z,2026-06-12T13:45:00+0200,10325.49,MW,BE,BE,forecast_load,Forecasted Load,2026-06-16T08:13:23Z
2026-06-16T08:13:14Z,2026-06-16T10:13:14+0200,dd6516a5-5fe5-4565-873a-e64fa6b54cdc,2026-06-12T12:00:00Z,2026-06-12T14:00:00+0200,10132.86,MW,BE,BE,forecast_load,Forecasted Load,2026-06-16T08:13:23Z
2026-06-16T08:13:14Z,2026-06-16T10:13:14+0200,dd6516a5-5fe5-4565-873a-e64fa6b54cdc,2026-06-12T12:15:00Z,2026-06-12T14:15:00+0200,10051.44,MW,BE,BE,forecast_load,Forecasted Load,2026-06-16T08:13:23Z
2026-06-16T08:13:14Z,2026-06-16T10:13:14+0200,dd6516a5-5fe5-4565-873a-e64fa6b54cdc,2026-06-12T12:30:00Z,2026-06-12T14:30:00+0200,9913.24,MW,BE,BE,forecast_load,Forecasted Load,2026-06-16T08:13:23Z
2026-06-16T08:13:14Z,2026-06-16T10:13:14+0200,dd6516a5-5fe5-4565-873a-e64fa6b54cdc,2026-06-12T12:45:00Z,2026-06-12T14:45:00+0200,9845.21,MW,BE,BE,forecast_load,Forecasted Load,2026-06-16T08:13:23Z
2026-06-16T08:13:14Z,2026-06-16T10:13:14+0200,dd6516a5-5fe5-4565-873a-e64fa6b54cdc,2026-06-12T13:00:00Z,2026-06-12T15:00:00+0200,9791.01,MW,BE,BE,forecast_load,Forecasted Load,2026-06-16T08:13:23Z
2026-06-16T08:13:14Z,2026-06-16T10:13:14+0200,dd6516a5-5fe5-4565-873a-e64fa6b54cdc,2026-06-12T13:15:00Z,2026-06-12T15:15:00+0200,9696.13,MW,BE,BE,forecast_load,Forecasted Load,2026-06-16T08:13:23Z
2026-06-16T08:13:14Z,2026-06-16T10:13:14+0200,dd6516a5-5fe5-4565-873a-e64fa6b54cdc,2026-06-12T13:30:00Z,2026-06-12T15:30:00+0200,9613.06,MW,BE,BE,forecast_load,Forecasted Load,2026-06-16T08:13:23Z
2026-06-16T08:13:14Z,2026-06-16T10:13:14+0200,dd6516a5-5fe5-4565-873a-e64fa6b54cdc,2026-06-12T13:45:00Z,2026-06-12T15:45:00+0200,9489.46,MW,BE,BE,forecast_load,Forecasted Load,2026-06-16T08:13:23Z
2026-06-16T08:13:14Z,2026-06-16T10:13:14+0200,dd6516a5-5fe5-4565-873a-e64fa6b54cdc,2026-06-12T14:00:00Z,2026-06-12T16:00:00+0200,9583.31,MW,BE,BE,forecast_load,Forecasted Load,2026-06-16T08:13:23Z
2026-06-16T08:13:14Z,2026-06-16T10:13:14+0200,dd6516a5-5fe5-4565-873a-e64fa6b54cdc,2026-06-12T14:15:00Z,2026-06-12T16:15:00+0200,9496.68,MW,BE,BE,forecast_load,Forecasted Load,2026-06-16T08:13:23Z
2026-06-16T08:13:14Z,2026-06-16T10:13:14+0200,dd6516a5-5fe5-4565-873a-e64fa6b54cdc,2026-06-12T14:30:00Z,2026-06-12T16:30:00+0200,9420.58,MW,BE,BE,forecast_load,Forecasted Load,2026-06-16T08:13:23Z
2026-06-16T08:13:14Z,2026-06-16T10:13:14+0200,dd6516a5-5fe5-4565-873a-e64fa6b54cdc,2026-06-12T14:45:00Z,2026-06-12T16:45:00+0200,9436.08,MW,BE,BE,forecast_load,Forecasted Load,2026-06-16T08:13:23Z
2026-06-16T08:13:14Z,2026-06-16T10:13:14+0200,dd6516a5-5fe5-4565-873a-e64fa6b54cdc,2026-06-12T15:00:00Z,2026-06-12T17:00:00+0200,9470.76,MW,BE,BE,forecast_load,Forecasted Load,2026-06-16T08:13:23Z
2026-06-16T08:13:14Z,2026-06-16T10:13:14+0200,dd6516a5-5fe5-4565-873a-e64fa6b54cdc,2026-06-12T15:15:00Z,2026-06-12T17:15:00+0200,9418.62,MW,BE,BE,forecast_load,Forecasted Load,2026-06-16T08:13:23Z
2026-06-16T08:13:14Z,2026-06-16T10:13:14+0200,dd6516a5-5fe5-4565-873a-e64fa6b54cdc,2026-06-12T15:30:00Z,2026-06-12T17:30:00+0200,9489.06,MW,BE,BE,forecast_load,Forecasted Load,2026-06-16T08:13:23Z
2026-06-16T08:13:14Z,2026-06-16T10:13:14+0200,dd6516a5-5fe5-4565-873a-e64fa6b54cdc,2026-06-12T15:45:00Z,2026-06-12T17:45:00+0200,9481.67,MW,BE,BE,forecast_load,Forecasted Load,2026-06-16T08:13:23Z
2026-06-16T08:13:14Z,2026-06-16T10:13:14+0200,dd6516a5-5fe5-4565-873a-e64fa6b54cdc,2026-06-12T16:00:00Z,2026-06-12T18:00:00+0200,9347.44,MW,BE,BE,forecast_load,Forecasted Load,2026-06-16T08:13:23Z
2026-06-16T08:13:14Z,2026-06-16T10:13:14+0200,dd6516a5-5fe5-4565-873a-e64fa6b54cdc,2026-06-12T16:15:00Z,2026-06-12T18:15:00+0200,9311.44,MW,BE,BE,forecast_load,Forecasted Load,2026-06-16T08:13:23Z
2026-06-16T08:13:14Z,2026-06-16T10:13:14+0200,dd6516a5-5fe5-4565-873a-e64fa6b54cdc,2026-06-12T16:30:00Z,2026-06-12T18:30:00+0200,9295.07,MW,BE,BE,forecast_load,Forecasted Load,2026-06-16T08:13:23Z
2026-06-16T08:13:14Z,2026-06-16T10:13:14+0200,dd6516a5-5fe5-4565-873a-e64fa6b54cdc,2026-06-12T16:45:00Z,2026-06-12T18:45:00+0200,9238.11,MW,BE,BE,forecast_load,Forecasted Load,2026-06-16T08:13:23Z
2026-06-16T08:13:14Z,2026-06-16T10:13:14+0200,dd6516a5-5fe5-4565-873a-e64fa6b54cdc,2026-06-12T17:00:00Z,2026-06-12T19:00:00+0200,9294.02,MW,BE,BE,forecast_load,Forecasted Load,2026-06-16T08:13:23Z
2026-06-16T08:13:14Z,2026-06-16T10:13:14+0200,dd6516a5-5fe5-4565-873a-e64fa6b54cdc,2026-06-12T17:15:00Z,2026-06-12T19:15:00+0200,9185.04,MW,BE,BE,forecast_load,Forecasted Load,2026-06-16T08:13:23Z
2026-06-16T08:13:14Z,2026-06-16T10:13:14+0200,dd6516a5-5fe5-4565-873a-e64fa6b54cdc,2026-06-12T17:30:00Z,2026-06-12T19:30:00+0200,9127.45,MW,BE,BE,forecast_load,Forecasted Load,2026-06-16T08:13:23Z
2026-06-16T08:13:14Z,2026-06-16T10:13:14+0200,dd6516a5-5fe5-4565-873a-e64fa6b54cdc,2026-06-12T17:45:00Z,2026-06-12T19:45:00+0200,9065.17,MW,BE,BE,forecast_load,Forecasted Load,2026-06-16T08:13:23Z
2026-06-16T08:13:14Z,2026-06-16T10:13:14+0200,dd6516a5-5fe5-4565-873a-e64fa6b54cdc,2026-06-12T18:00:00Z,2026-06-12T20:00:00+0200,9078.45,MW,BE,BE,forecast_load,Forecasted Load,2026-06-16T08:13:23Z
2026-06-16T08:13:14Z,2026-06-16T10:13:14+0200,dd6516a5-5fe5-4565-873a-e64fa6b54cdc,2026-06-12T18:15:00Z,2026-06-12T20:15:00+0200,9001.09,MW,BE,BE,forecast_load,Forecasted Load,2026-06-16T08:13:23Z
2026-06-16T08:13:14Z,2026-06-16T10:13:14+0200,dd6516a5-5fe5-4565-873a-e64fa6b54cdc,2026-06-12T18:30:00Z,2026-06-12T20:30:00+0200,8910.27,MW,BE,BE,forecast_load,Forecasted Load,2026-06-16T08:13:23Z
2026-06-16T08:13:14Z,2026-06-16T10:13:14+0200,dd6516a5-5fe5-4565-873a-e64fa6b54cdc,2026-06-12T18:45:00Z,2026-06-12T20:45:00+0200,8839.28,MW,BE,BE,forecast_load,Forecasted Load,2026-06-16T08:13:23Z
2026-06-16T08:13:14Z,2026-06-16T10:13:14+0200,dd6516a5-5fe5-4565-873a-e64fa6b54cdc,2026-06-12T19:00:00Z,2026-06-12T21:00:00+0200,8786.61,MW,BE,BE,forecast_load,Forecasted Load,2026-06-16T08:13:23Z
2026-06-16T08:13:14Z,2026-06-16T10:13:14+0200,dd6516a5-5fe5-4565-873a-e64fa6b54cdc,2026-06-12T19:15:00Z,2026-06-12T21:15:00+0200,8711.71,MW,BE,BE,forecast_load,Forecasted Load,2026-06-16T08:13:23Z
2026-06-16T08:13:14Z,2026-06-16T10:13:14+0200,dd6516a5-5fe5-4565-873a-e64fa6b54cdc,2026-06-12T19:30:00Z,2026-06-12T21:30:00+0200,8715.05,MW,BE,BE,forecast_load,Forecasted Load,2026-06-16T08:13:23Z
2026-06-16T08:13:14Z,2026-06-16T10:13:14+0200,dd6516a5-5fe5-4565-873a-e64fa6b54cdc,2026-06-12T19:45:00Z,2026-06-12T21:45:00+0200,8707.92,MW,BE,BE,forecast_load,Forecasted Load,2026-06-16T08:13:23Z
2026-06-16T08:13:14Z,2026-06-16T10:13:14+0200,dd6516a5-5fe5-4565-873a-e64fa6b54cdc,2026-06-12T20:00:00Z,2026-06-12T22:00:00+0200,8666.85,MW,BE,BE,forecast_load,Forecasted Load,2026-06-16T08:13:23Z
2026-06-16T08:13:14Z,2026-06-16T10:13:14+0200,dd6516a5-5fe5-4565-873a-e64fa6b54cdc,2026-06-12T20:15:00Z,2026-06-12T22:15:00+0200,8702.01,MW,BE,BE,forecast_load,Forecasted Load,2026-06-16T08:13:23Z
2026-06-16T08:13:14Z,2026-06-16T10:13:14+0200,dd6516a5-5fe5-4565-873a-e64fa6b54cdc,2026-06-12T20:30:00Z,2026-06-12T22:30:00+0200,8629.32,MW,BE,BE,forecast_load,Forecasted Load,2026-06-16T08:13:23Z
2026-06-16T08:13:14Z,2026-06-16T10:13:14+0200,dd6516a5-5fe5-4565-873a-e64fa6b54cdc,2026-06-12T20:45:00Z,2026-06-12T22:45:00+0200,8496.9,MW,BE,BE,forecast_load,Forecasted Load,2026-06-16T08:13:23Z
2026-06-16T08:13:14Z,2026-06-16T10:13:14+0200,dd6516a5-5fe5-4565-873a-e64fa6b54cdc,2026-06-12T21:00:00Z,2026-06-12T23:00:00+0200,8396.03,MW,BE,BE,forecast_load,Forecasted Load,2026-06-16T08:13:23Z
2026-06-16T08:13:14Z,2026-06-16T10:13:14+0200,dd6516a5-5fe5-4565-873a-e64fa6b54cdc,2026-06-12T21:15:00Z,2026-06-12T23:15:00+0200,8293.45,MW,BE,BE,forecast_load,Forecasted Load,2026-06-16T08:13:23Z
2026-06-16T08:13:14Z,2026-06-16T10:13:14+0200,dd6516a5-5fe5-4565-873a-e64fa6b54cdc,2026-06-12T21:30:00Z,2026-06-12T23:30:00+0200,8199.86,MW,BE,BE,forecast_load,Forecasted Load,2026-06-16T08:13:23Z
2026-06-16T08:13:14Z,2026-06-16T10:13:14+0200,dd6516a5-5fe5-4565-873a-e64fa6b54cdc,2026-06-12T21:45:00Z,2026-06-12T23:45:00+0200,8086.94,MW,BE,BE,forecast_load,Forecasted Load,2026-06-16T08:13:23Z
2026-06-16T08:13:14Z,2026-06-16T10:13:14+0200,dd6516a5-5fe5-4565-873a-e64fa6b54cdc,2026-06-12T22:00:00Z,2026-06-13T00:00:00+0200,8273.17,MW,BE,BE,forecast_load,Forecasted Load,2026-06-16T08:13:23Z
2026-06-16T08:13:14Z,2026-06-16T10:13:14+0200,dd6516a5-5fe5-4565-873a-e64fa6b54cdc,2026-06-12T22:15:00Z,2026-06-13T00:15:00+0200,8147.37,MW,BE,BE,forecast_load,Forecasted Load,2026-06-16T08:13:23Z
2026-06-16T08:13:14Z,2026-06-16T10:13:14+0200,dd6516a5-5fe5-4565-873a-e64fa6b54cdc,2026-06-12T22:30:00Z,2026-06-13T00:30:00+0200,8043.88,MW,BE,BE,forecast_load,Forecasted Load,2026-06-16T08:13:23Z
2026-06-16T08:13:14Z,2026-06-16T10:13:14+0200,dd6516a5-5fe5-4565-873a-e64fa6b54cdc,2026-06-12T22:45:00Z,2026-06-13T00:45:00+0200,7963.11,MW,BE,BE,forecast_load,Forecasted Load,2026-06-16T08:13:23Z
2026-06-16T08:13:14Z,2026-06-16T10:13:14+0200,dd6516a5-5fe5-4565-873a-e64fa6b54cdc,2026-06-12T23:00:00Z,2026-06-13T01:00:00+0200,7868.69,MW,BE,BE,forecast_load,Forecasted Load,2026-06-16T08:13:23Z
2026-06-16T08:13:14Z,2026-06-16T10:13:14+0200,dd6516a5-5fe5-4565-873a-e64fa6b54cdc,2026-06-12T23:15:00Z,2026-06-13T01:15:00+0200,7821.96,MW,BE,BE,forecast_load,Forecasted Load,2026-06-16T08:13:23Z
2026-06-16T08:13:14Z,2026-06-16T10:13:14+0200,dd6516a5-5fe5-4565-873a-e64fa6b54cdc,2026-06-12T23:30:00Z,2026-06-13T01:30:00+0200,7737.45,MW,BE,BE,forecast_load,Forecasted Load,2026-06-16T08:13:23Z
2026-06-16T08:13:14Z,2026-06-16T10:13:14+0200,dd6516a5-5fe5-4565-873a-e64fa6b54cdc,2026-06-12T23:45:00Z,2026-06-13T01:45:00+0200,7681.07,MW,BE,BE,forecast_load,Forecasted Load,2026-06-16T08:13:23Z
2026-06-16T08:13:14Z,2026-06-16T10:13:14+0200,dd6516a5-5fe5-4565-873a-e64fa6b54cdc,2026-06-13T00:00:00Z,2026-06-13T02:00:00+0200,7363.61,MW,BE,BE,forecast_load,Forecasted Load,2026-06-16T08:13:23Z
2026-06-16T08:13:14Z,2026-06-16T10:13:14+0200,dd6516a5-5fe5-4565-873a-e64fa6b54cdc,2026-06-13T00:15:00Z,2026-06-13T02:15:00+0200,7254.71,MW,BE,BE,forecast_load,Forecasted Load,2026-06-16T08:13:23Z
2026-06-16T08:13:14Z,2026-06-16T10:13:14+0200,dd6516a5-5fe5-4565-873a-e64fa6b54cdc,2026-06-13T00:30:00Z,2026-06-13T02:30:00+0200,7190.8,MW,BE,BE,forecast_load,Forecasted Load,2026-06-16T08:13:23Z
2026-06-16T08:13:14Z,2026-06-16T10:13:14+0200,dd6516a5-5fe5-4565-873a-e64fa6b54cdc,2026-06-13T00:45:00Z,2026-06-13T02:45:00+0200,7192.9,MW,BE,BE,forecast_load,Forecasted Load,2026-06-16T08:13:23Z
2026-06-16T08:13:14Z,2026-06-16T10:13:14+0200,dd6516a5-5fe5-4565-873a-e64fa6b54cdc,2026-06-13T01:00:00Z,2026-06-13T03:00:00+0200,7007.02,MW,BE,BE,forecast_load,Forecasted Load,2026-06-16T08:13:23Z
2026-06-16T08:13:14Z,2026-06-16T10:13:14+0200,dd6516a5-5fe5-4565-873a-e64fa6b54cdc,2026-06-13T01:15:00Z,2026-06-13T03:15:00+0200,7019.69,MW,BE,BE,forecast_load,Forecasted Load,2026-06-16T08:13:23Z
2026-06-16T08:13:14Z,2026-06-16T10:13:14+0200,dd6516a5-5fe5-4565-873a-e64fa6b54cdc,2026-06-13T01:30:00Z,2026-06-13T03:30:00+0200,6995.77,MW,BE,BE,forecast_load,Forecasted Load,2026-06-16T08:13:23Z
2026-06-16T08:13:14Z,2026-06-16T10:13:14+0200,dd6516a5-5fe5-4565-873a-e64fa6b54cdc,2026-06-13T01:45:00Z,2026-06-13T03:45:00+0200,6983.37,MW,BE,BE,forecast_load,Forecasted Load,2026-06-16T08:13:23Z
2026-06-16T08:13:14Z,2026-06-16T10:13:14+0200,dd6516a5-5fe5-4565-873a-e64fa6b54cdc,2026-06-13T02:00:00Z,2026-06-13T04:00:00+0200,6996.56,MW,BE,BE,forecast_load,Forecasted Load,2026-06-16T08:13:23Z
2026-06-16T08:13:14Z,2026-06-16T10:13:14+0200,dd6516a5-5fe5-4565-873a-e64fa6b54cdc,2026-06-13T02:15:00Z,2026-06-13T04:15:00+0200,6989.83,MW,BE,BE,forecast_load,Forecasted Load,2026-06-16T08:13:23Z
2026-06-16T08:13:14Z,2026-06-16T10:13:14+0200,dd6516a5-5fe5-4565-873a-e64fa6b54cdc,2026-06-13T02:30:00Z,2026-06-13T04:30:00+0200,6971.98,MW,BE,BE,forecast_load,Forecasted Load,2026-06-16T08:13:23Z
2026-06-16T08:13:14Z,2026-06-16T10:13:14+0200,dd6516a5-5fe5-4565-873a-e64fa6b54cdc,2026-06-13T02:45:00Z,2026-06-13T04:45:00+0200,6973.53,MW,BE,BE,forecast_load,Forecasted Load,2026-06-16T08:13:23Z
2026-06-16T08:13:14Z,2026-06-16T10:13:14+0200,dd6516a5-5fe5-4565-873a-e64fa6b54cdc,2026-06-13T03:00:00Z,2026-06-13T05:00:00+0200,6942.33,MW,BE,BE,forecast_load,Forecasted Load,2026-06-16T08:13:23Z
2026-06-16T08:13:14Z,2026-06-16T10:13:14+0200,dd6516a5-5fe5-4565-873a-e64fa6b54cdc,2026-06-13T03:15:00Z,2026-06-13T05:15:00+0200,6967.63,MW,BE,BE,forecast_load,Forecasted Load,2026-06-16T08:13:23Z
2026-06-16T08:13:14Z,2026-06-16T10:13:14+0200,dd6516a5-5fe5-4565-873a-e64fa6b54cdc,2026-06-13T03:30:00Z,2026-06-13T05:30:00+0200,6969.93,MW,BE,BE,forecast_load,Forecasted Load,2026-06-16T08:13:23Z
2026-06-16T08:13:14Z,2026-06-16T10:13:14+0200,dd6516a5-5fe5-4565-873a-e64fa6b54cdc,2026-06-13T03:45:00Z,2026-06-13T05:45:00+0200,6963.95,MW,BE,BE,forecast_load,Forecasted Load,2026-06-16T08:13:23Z
2026-06-16T08:13:14Z,2026-06-16T10:13:14+0200,dd6516a5-5fe5-4565-873a-e64fa6b54cdc,2026-06-13T04:00:00Z,2026-06-13T06:00:00+0200,7078.44,MW,BE,BE,forecast_load,Forecasted Load,2026-06-16T08:13:23Z
2026-06-16T08:13:14Z,2026-06-16T10:13:14+0200,dd6516a5-5fe5-4565-873a-e64fa6b54cdc,2026-06-13T04:15:00Z,2026-06-13T06:15:00+0200,7127.35,MW,BE,BE,forecast_load,Forecasted Load,2026-06-16T08:13:23Z
2026-06-16T08:13:14Z,2026-06-16T10:13:14+0200,dd6516a5-5fe5-4565-873a-e64fa6b54cdc,2026-06-13T04:30:00Z,2026-06-13T06:30:00+0200,7178.62,MW,BE,BE,forecast_load,Forecasted Load,2026-06-16T08:13:23Z
2026-06-16T08:13:14Z,2026-06-16T10:13:14+0200,dd6516a5-5fe5-4565-873a-e64fa6b54cdc,2026-06-13T04:45:00Z,2026-06-13T06:45:00+0200,7219.8,MW,BE,BE,forecast_load,Forecasted Load,2026-06-16T08:13:23Z
2026-06-16T08:13:14Z,2026-06-16T10:13:14+0200,dd6516a5-5fe5-4565-873a-e64fa6b54cdc,2026-06-13T05:00:00Z,2026-06-13T07:00:00+0200,7314.08,MW,BE,BE,forecast_load,Forecasted Load,2026-06-16T08:13:23Z
2026-06-16T08:13:14Z,2026-06-16T10:13:14+0200,dd6516a5-5fe5-4565-873a-e64fa6b54cdc,2026-06-13T05:15:00Z,2026-06-13T07:15:00+0200,7464.8,MW,BE,BE,forecast_load,Forecasted Load,2026-06-16T08:13:23Z
2026-06-16T08:13:14Z,2026-06-16T10:13:14+0200,dd6516a5-5fe5-4565-873a-e64fa6b54cdc,2026-06-13T05:30:00Z,2026-06-13T07:30:00+0200,7571.46,MW,BE,BE,forecast_load,Forecasted Load,2026-06-16T08:13:23Z
2026-06-16T08:13:14Z,2026-06-16T10:13:14+0200,dd6516a5-5fe5-4565-873a-e64fa6b54cdc,2026-06-13T05:45:00Z,2026-06-13T07:45:00+0200,7665.93,MW,BE,BE,forecast_load,Forecasted Load,2026-06-16T08:13:23Z
2026-06-16T08:13:14Z,2026-06-16T10:13:14+0200,dd6516a5-5fe5-4565-873a-e64fa6b54cdc,2026-06-13T06:00:00Z,2026-06-13T08:00:00+0200,7770.36,MW,BE,BE,forecast_load,Forecasted Load,2026-06-16T08:13:23Z
2026-06-16T08:13:14Z,2026-06-16T10:13:14+0200,dd6516a5-5fe5-4565-873a-e64fa6b54cdc,2026-06-13T06:15:00Z,2026-06-13T08:15:00+0200,7921.26,MW,BE,BE,forecast_load,Forecasted Load,2026-06-16T08:13:23Z
2026-06-16T08:13:14Z,2026-06-16T10:13:14+0200,dd6516a5-5fe5-4565-873a-e64fa6b54cdc,2026-06-13T06:30:00Z,2026-06-13T08:30:00+0200,8040.8,MW,BE,BE,forecast_load,Forecasted Load,2026-06-16T08:13:23Z
2026-06-16T08:13:14Z,2026-06-16T10:13:14+0200,dd6516a5-5fe5-4565-873a-e64fa6b54cdc,2026-06-13T06:45:00Z,2026-06-13T08:45:00+0200,8203.86,MW,BE,BE,forecast_load,Forecasted Load,2026-06-16T08:13:23Z
2026-06-16T08:13:14Z,2026-06-16T10:13:14+0200,dd6516a5-5fe5-4565-873a-e64fa6b54cdc,2026-06-13T07:00:00Z,2026-06-13T09:00:00+0200,8210.71,MW,BE,BE,forecast_load,Forecasted Load,2026-06-16T08:13:23Z
2026-06-16T08:13:14Z,2026-06-16T10:13:14+0200,dd6516a5-5fe5-4565-873a-e64fa6b54cdc,2026-06-13T07:15:00Z,2026-06-13T09:15:00+0200,8357.59,MW,BE,BE,forecast_load,Forecasted Load,2026-06-16T08:13:23Z
2026-06-16T08:13:14Z,2026-06-16T10:13:14+0200,dd6516a5-5fe5-4565-873a-e64fa6b54cdc,2026-06-13T07:30:00Z,2026-06-13T09:30:00+0200,8540.65,MW,BE,BE,forecast_load,Forecasted Load,2026-06-16T08:13:23Z
2026-06-16T08:13:14Z,2026-06-16T10:13:14+0200,dd6516a5-5fe5-4565-873a-e64fa6b54cdc,2026-06-13T07:45:00Z,2026-06-13T09:45:00+0200,8639.7,MW,BE,BE,forecast_load,Forecasted Load,2026-06-16T08:13:23Z
2026-06-16T08:13:14Z,2026-06-16T10:13:14+0200,dd6516a5-5fe5-4565-873a-e64fa6b54cdc,2026-06-13T08:00:00Z,2026-06-13T10:00:00+0200,8582.49,MW,BE,BE,forecast_load,Forecasted Load,2026-06-16T08:13:23Z
2026-06-16T08:13:14Z,2026-06-16T10:13:14+0200,dd6516a5-5fe5-4565-873a-e64fa6b54cdc,2026-06-13T08:15:00Z,2026-06-13T10:15:00+0200,8694.6,MW,BE,BE,forecast_load,Forecasted Load,2026-06-16T08:13:23Z
2026-06-16T08:13:14Z,2026-06-16T10:13:14+0200,dd6516a5-5fe5-4565-873a-e64fa6b54cdc,2026-06-13T08:30:00Z,2026-06-13T10:30:00+0200,8775.2,MW,BE,BE,forecast_load,Forecasted Load,2026-06-16T08:13:23Z
2026-06-16T08:13:14Z,2026-06-16T10:13:14+0200,dd6516a5-5fe5-4565-873a-e64fa6b54cdc,2026-06-13T08:45:00Z,2026-06-13T10:45:00+0200,8856.19,MW,BE,BE,forecast_load,Forecasted Load,2026-06-16T08:13:23Z
2026-06-16T08:13:14Z,2026-06-16T10:13:14+0200,dd6516a5-5fe5-4565-873a-e64fa6b54cdc,2026-06-13T09:00:00Z,2026-06-13T11:00:00+0200,8929.3,MW,BE,BE,forecast_load,Forecasted Load,2026-06-16T08:13:23Z
2026-06-16T08:13:14Z,2026-06-16T10:13:14+0200,dd6516a5-5fe5-4565-873a-e64fa6b54cdc,2026-06-13T09:15:00Z,2026-06-13T11:15:00+0200,9017.22,MW,BE,BE,forecast_load,Forecasted Load,2026-06-16T08:13:23Z
2026-06-16T08:13:14Z,2026-06-16T10:13:14+0200,dd6516a5-5fe5-4565-873a-e64fa6b54cdc,2026-06-13T09:30:00Z,2026-06-13T11:30:00+0200,9082.51,MW,BE,BE,forecast_load,Forecasted Load,2026-06-16T08:13:23Z
2026-06-16T08:13:14Z,2026-06-16T10:13:14+0200,dd6516a5-5fe5-4565-873a-e64fa6b54cdc,2026-06-13T09:45:00Z,2026-06-13T11:45:00+0200,9042.62,MW,BE,BE,forecast_load,Forecasted Load,2026-06-16T08:13:23Z
2026-06-16T08:13:14Z,2026-06-16T10:13:14+0200,dd6516a5-5fe5-4565-873a-e64fa6b54cdc,2026-06-13T10:00:00Z,2026-06-13T12:00:00+0200,9153.78,MW,BE,BE,forecast_load,Forecasted Load,2026-06-16T08:13:23Z
2026-06-16T08:13:14Z,2026-06-16T10:13:14+0200,dd6516a5-5fe5-4565-873a-e64fa6b54cdc,2026-06-13T10:15:00Z,2026-06-13T12:15:00+0200,9107.71,MW,BE,BE,forecast_load,Forecasted Load,2026-06-16T08:13:23Z
2026-06-16T08:13:14Z,2026-06-16T10:13:14+0200,dd6516a5-5fe5-4565-873a-e64fa6b54cdc,2026-06-13T10:30:00Z,2026-06-13T12:30:00+0200,9114.67,MW,BE,BE,forecast_load,Forecasted Load,2026-06-16T08:13:23Z
2026-06-16T08:13:14Z,2026-06-16T10:13:14+0200,dd6516a5-5fe5-4565-873a-e64fa6b54cdc,2026-06-13T10:45:00Z,2026-06-13T12:45:00+0200,9132.0,MW,BE,BE,forecast_load,Forecasted Load,2026-06-16T08:13:23Z
2026-06-16T08:13:14Z,2026-06-16T10:13:14+0200,dd6516a5-5fe5-4565-873a-e64fa6b54cdc,2026-06-13T11:00:00Z,2026-06-13T13:00:00+0200,9044.89,MW,BE,BE,forecast_load,Forecasted Load,2026-06-16T08:13:23Z
2026-06-16T08:13:14Z,2026-06-16T10:13:14+0200,dd6516a5-5fe5-4565-873a-e64fa6b54cdc,2026-06-13T11:15:00Z,2026-06-13T13:15:00+0200,9047.13,MW,BE,BE,forecast_load,Forecasted Load,2026-06-16T08:13:23Z
2026-06-16T08:13:14Z,2026-06-16T10:13:14+0200,dd6516a5-5fe5-4565-873a-e64fa6b54cdc,2026-06-13T11:30:00Z,2026-06-13T13:30:00+0200,9055.72,MW,BE,BE,forecast_load,Forecasted Load,2026-06-16T08:13:23Z
2026-06-16T08:13:14Z,2026-06-16T10:13:14+0200,dd6516a5-5fe5-4565-873a-e64fa6b54cdc,2026-06-13T11:45:00Z,2026-06-13T13:45:00+0200,8910.95,MW,BE,BE,forecast_load,Forecasted Load,2026-06-16T08:13:23Z
2026-06-16T08:13:14Z,2026-06-16T10:13:14+0200,dd6516a5-5fe5-4565-873a-e64fa6b54cdc,2026-06-13T12:00:00Z,2026-06-13T14:00:00+0200,8931.7,MW,BE,BE,forecast_load,Forecasted Load,2026-06-16T08:13:23Z
2026-06-16T08:13:14Z,2026-06-16T10:13:14+0200,dd6516a5-5fe5-4565-873a-e64fa6b54cdc,2026-06-13T12:15:00Z,2026-06-13T14:15:00+0200,8911.48,MW,BE,BE,forecast_load,Forecasted Load,2026-06-16T08:13:23Z
2026-06-16T08:13:14Z,2026-06-16T10:13:14+0200,dd6516a5-5fe5-4565-873a-e64fa6b54cdc,2026-06-13T12:30:00Z,2026-06-13T14:30:00+0200,8766.12,MW,BE,BE,forecast_load,Forecasted Load,2026-06-16T08:13:23Z
2026-06-16T08:13:14Z,2026-06-16T10:13:14+0200,dd6516a5-5fe5-4565-873a-e64fa6b54cdc,2026-06-13T12:45:00Z,2026-06-13T14:45:00+0200,8717.95,MW,BE,BE,forecast_load,Forecasted Load,2026-06-16T08:13:23Z
2026-06-16T08:13:14Z,2026-06-16T10:13:14+0200,dd6516a5-5fe5-4565-873a-e64fa6b54cdc,2026-06-13T13:00:00Z,2026-06-13T15:00:00+0200,8706.37,MW,BE,BE,forecast_load,Forecasted Load,2026-06-16T08:13:23Z
2026-06-16T08:13:14Z,2026-06-16T10:13:14+0200,dd6516a5-5fe5-4565-873a-e64fa6b54cdc,2026-06-13T13:15:00Z,2026-06-13T15:15:00+0200,8707.45,MW,BE,BE,forecast_load,Forecasted Load,2026-06-16T08:13:23Z
2026-06-16T08:13:14Z,2026-06-16T10:13:14+0200,dd6516a5-5fe5-4565-873a-e64fa6b54cdc,2026-06-13T13:30:00Z,2026-06-13T15:30:00+0200,8631.22,MW,BE,BE,forecast_load,Forecasted Load,2026-06-16T08:13:23Z
2026-06-16T08:13:14Z,2026-06-16T10:13:14+0200,dd6516a5-5fe5-4565-873a-e64fa6b54cdc,2026-06-13T13:45:00Z,2026-06-13T15:45:00+0200,8599.85,MW,BE,BE,forecast_load,Forecasted Load,2026-06-16T08:13:23Z
2026-06-16T08:13:14Z,2026-06-16T10:13:14+0200,dd6516a5-5fe5-4565-873a-e64fa6b54cdc,2026-06-13T14:00:00Z,2026-06-13T16:00:00+0200,8642.03,MW,BE,BE,forecast_load,Forecasted Load,2026-06-16T08:13:23Z
2026-06-16T08:13:14Z,2026-06-16T10:13:14+0200,dd6516a5-5fe5-4565-873a-e64fa6b54cdc,2026-06-13T14:15:00Z,2026-06-13T16:15:00+0200,8535.41,MW,BE,BE,forecast_load,Forecasted Load,2026-06-16T08:13:23Z
2026-06-16T08:13:14Z,2026-06-16T10:13:14+0200,dd6516a5-5fe5-4565-873a-e64fa6b54cdc,2026-06-13T14:30:00Z,2026-06-13T16:30:00+0200,8478.21,MW,BE,BE,forecast_load,Forecasted Load,2026-06-16T08:13:23Z
2026-06-16T08:13:14Z,2026-06-16T10:13:14+0200,dd6516a5-5fe5-4565-873a-e64fa6b54cdc,2026-06-13T14:45:00Z,2026-06-13T16:45:00+0200,8347.51,MW,BE,BE,forecast_load,Forecasted Load,2026-06-16T08:13:23Z
2026-06-16T08:13:14Z,2026-06-16T10:13:14+0200,dd6516a5-5fe5-4565-873a-e64fa6b54cdc,2026-06-13T15:00:00Z,2026-06-13T17:00:00+0200,8545.84,MW,BE,BE,forecast_load,Forecasted Load,2026-06-16T08:13:23Z
2026-06-16T08:13:14Z,2026-06-16T10:13:14+0200,dd6516a5-5fe5-4565-873a-e64fa6b54cdc,2026-06-13T15:15:00Z,2026-06-13T17:15:00+0200,8484.75,MW,BE,BE,forecast_load,Forecasted Load,2026-06-16T08:13:23Z
2026-06-16T08:13:14Z,2026-06-16T10:13:14+0200,dd6516a5-5fe5-4565-873a-e64fa6b54cdc,2026-06-13T15:30:00Z,2026-06-13T17:30:00+0200,8538.1,MW,BE,BE,forecast_load,Forecasted Load,2026-06-16T08:13:23Z
2026-06-16T08:13:14Z,2026-06-16T10:13:14+0200,dd6516a5-5fe5-4565-873a-e64fa6b54cdc,2026-06-13T15:45:00Z,2026-06-13T17:45:00+0200,8610.1,MW,BE,BE,forecast_load,Forecasted Load,2026-06-16T08:13:23Z
2026-06-16T08:13:14Z,2026-06-16T10:13:14+0200,dd6516a5-5fe5-4565-873a-e64fa6b54cdc,2026-06-13T16:00:00Z,2026-06-13T18:00:00+0200,8715.75,MW,BE,BE,forecast_load,Forecasted Load,2026-06-16T08:13:23Z
2026-06-16T08:13:14Z,2026-06-16T10:13:14+0200,dd6516a5-5fe5-4565-873a-e64fa6b54cdc,2026-06-13T16:15:00Z,2026-06-13T18:15:00+0200,8670.53,MW,BE,BE,forecast_load,Forecasted Load,2026-06-16T08:13:23Z
2026-06-16T08:13:14Z,2026-06-16T10:13:14+0200,dd6516a5-5fe5-4565-873a-e64fa6b54cdc,2026-06-13T16:30:00Z,2026-06-13T18:30:00+0200,8730.07,MW,BE,BE,forecast_load,Forecasted Load,2026-06-16T08:13:23Z
2026-06-16T08:13:14Z,2026-06-16T10:13:14+0200,dd6516a5-5fe5-4565-873a-e64fa6b54cdc,2026-06-13T16:45:00Z,2026-06-13T18:45:00+0200,8724.48,MW,BE,BE,forecast_load,Forecasted Load,2026-06-16T08:13:23Z
2026-06-16T08:13:14Z,2026-06-16T10:13:14+0200,dd6516a5-5fe5-4565-873a-e64fa6b54cdc,2026-06-13T17:00:00Z,2026-06-13T19:00:00+0200,8699.51,MW,BE,BE,forecast_load,Forecasted Load,2026-06-16T08:13:23Z
2026-06-16T08:13:14Z,2026-06-16T10:13:14+0200,dd6516a5-5fe5-4565-873a-e64fa6b54cdc,2026-06-13T17:15:00Z,2026-06-13T19:15:00+0200,8674.58,MW,BE,BE,forecast_load,Forecasted Load,2026-06-16T08:13:23Z
2026-06-16T08:13:14Z,2026-06-16T10:13:14+0200,dd6516a5-5fe5-4565-873a-e64fa6b54cdc,2026-06-13T17:30:00Z,2026-06-13T19:30:00+0200,8591.76,MW,BE,BE,forecast_load,Forecasted Load,2026-06-16T08:13:23Z
2026-06-16T08:13:14Z,2026-06-16T10:13:14+0200,dd6516a5-5fe5-4565-873a-e64fa6b54cdc,2026-06-13T17:45:00Z,2026-06-13T19:45:00+0200,8460.73,MW,BE,BE,forecast_load,Forecasted Load,2026-06-16T08:13:23Z
2026-06-16T08:13:14Z,2026-06-16T10:13:14+0200,dd6516a5-5fe5-4565-873a-e64fa6b54cdc,2026-06-13T18:00:00Z,2026-06-13T20:00:00+0200,8470.07,MW,BE,BE,forecast_load,Forecasted Load,2026-06-16T08:13:23Z
2026-06-16T08:13:14Z,2026-06-16T10:13:14+0200,dd6516a5-5fe5-4565-873a-e64fa6b54cdc,2026-06-13T18:15:00Z,2026-06-13T20:15:00+0200,8408.69,MW,BE,BE,forecast_load,Forecasted Load,2026-06-16T08:13:23Z
2026-06-16T08:13:14Z,2026-06-16T10:13:14+0200,dd6516a5-5fe5-4565-873a-e64fa6b54cdc,2026-06-13T18:30:00Z,2026-06-13T20:30:00+0200,8356.92,MW,BE,BE,forecast_load,Forecasted Load,2026-06-16T08:13:23Z
2026-06-16T08:13:14Z,2026-06-16T10:13:14+0200,dd6516a5-5fe5-4565-873a-e64fa6b54cdc,2026-06-13T18:45:00Z,2026-06-13T20:45:00+0200,8330.03,MW,BE,BE,forecast_load,Forecasted Load,2026-06-16T08:13:23Z
2026-06-16T08:13:14Z,2026-06-16T10:13:14+0200,dd6516a5-5fe5-4565-873a-e64fa6b54cdc,2026-06-13T19:00:00Z,2026-06-13T21:00:00+0200,8320.23,MW,BE,BE,forecast_load,Forecasted Load,2026-06-16T08:13:23Z
2026-06-16T08:13:14Z,2026-06-16T10:13:14+0200,dd6516a5-5fe5-4565-873a-e64fa6b54cdc,2026-06-13T19:15:00Z,2026-06-13T21:15:00+0200,8277.18,MW,BE,BE,forecast_load,Forecasted Load,2026-06-16T08:13:23Z
2026-06-16T08:13:14Z,2026-06-16T10:13:14+0200,dd6516a5-5fe5-4565-873a-e64fa6b54cdc,2026-06-13T19:30:00Z,2026-06-13T21:30:00+0200,8252.98,MW,BE,BE,forecast_load,Forecasted Load,2026-06-16T08:13:23Z
2026-06-16T08:13:14Z,2026-06-16T10:13:14+0200,dd6516a5-5fe5-4565-873a-e64fa6b54cdc,2026-06-13T19:45:00Z,2026-06-13T21:45:00+0200,8272.29,MW,BE,BE,forecast_load,Forecasted Load,2026-06-16T08:13:23Z
2026-06-16T08:13:14Z,2026-06-16T10:13:14+0200,dd6516a5-5fe5-4565-873a-e64fa6b54cdc,2026-06-13T20:00:00Z,2026-06-13T22:00:00+0200,8329.26,MW,BE,BE,forecast_load,Forecasted Load,2026-06-16T08:13:23Z
2026-06-16T08:13:14Z,2026-06-16T10:13:14+0200,dd6516a5-5fe5-4565-873a-e64fa6b54cdc,2026-06-13T20:15:00Z,2026-06-13T22:15:00+0200,8338.89,MW,BE,BE,forecast_load,Forecasted Load,2026-06-16T08:13:23Z
2026-06-16T08:13:14Z,2026-06-16T10:13:14+0200,dd6516a5-5fe5-4565-873a-e64fa6b54cdc,2026-06-13T20:30:00Z,2026-06-13T22:30:00+0200,8225.58,MW,BE,BE,forecast_load,Forecasted Load,2026-06-16T08:13:23Z
2026-06-16T08:13:14Z,2026-06-16T10:13:14+0200,dd6516a5-5fe5-4565-873a-e64fa6b54cdc,2026-06-13T20:45:00Z,2026-06-13T22:45:00+0200,8197.57,MW,BE,BE,forecast_load,Forecasted Load,2026-06-16T08:13:23Z
2026-06-16T08:13:14Z,2026-06-16T10:13:14+0200,dd6516a5-5fe5-4565-873a-e64fa6b54cdc,2026-06-13T21:00:00Z,2026-06-13T23:00:00+0200,8075.65,MW,BE,BE,forecast_load,Forecasted Load,2026-06-16T08:13:23Z
2026-06-16T08:13:14Z,2026-06-16T10:13:14+0200,dd6516a5-5fe5-4565-873a-e64fa6b54cdc,2026-06-13T21:15:00Z,2026-06-13T23:15:00+0200,7997.45,MW,BE,BE,forecast_load,Forecasted Load,2026-06-16T08:13:23Z
2026-06-16T08:13:14Z,2026-06-16T10:13:14+0200,dd6516a5-5fe5-4565-873a-e64fa6b54cdc,2026-06-13T21:30:00Z,2026-06-13T23:30:00+0200,7901.72,MW,BE,BE,forecast_load,Forecasted Load,2026-06-16T08:13:23Z
2026-06-16T08:13:14Z,2026-06-16T10:13:14+0200,dd6516a5-5fe5-4565-873a-e64fa6b54cdc,2026-06-13T21:45:00Z,2026-06-13T23:45:00+0200,7754.02,MW,BE,BE,forecast_load,Forecasted Load,2026-06-16T08:13:23Z
2026-06-16T08:13:14Z,2026-06-16T10:13:14+0200,dd6516a5-5fe5-4565-873a-e64fa6b54cdc,2026-06-13T22:00:00Z,2026-06-14T00:00:00+0200,7841.36,MW,BE,BE,forecast_load,Forecasted Load,2026-06-16T08:13:23Z
2026-06-16T08:13:14Z,2026-06-16T10:13:14+0200,dd6516a5-5fe5-4565-873a-e64fa6b54cdc,2026-06-13T22:15:00Z,2026-06-14T00:15:00+0200,7775.9,MW,BE,BE,forecast_load,Forecasted Load,2026-06-16T08:13:23Z
2026-06-16T08:13:14Z,2026-06-16T10:13:14+0200,dd6516a5-5fe5-4565-873a-e64fa6b54cdc,2026-06-13T22:30:00Z,2026-06-14T00:30:00+0200,7751.89,MW,BE,BE,forecast_load,Forecasted Load,2026-06-16T08:13:23Z
2026-06-16T08:13:14Z,2026-06-16T10:13:14+0200,dd6516a5-5fe5-4565-873a-e64fa6b54cdc,2026-06-13T22:45:00Z,2026-06-14T00:45:00+0200,7682.7,MW,BE,BE,forecast_load,Forecasted Load,2026-06-16T08:13:23Z
2026-06-16T08:13:14Z,2026-06-16T10:13:14+0200,dd6516a5-5fe5-4565-873a-e64fa6b54cdc,2026-06-13T23:00:00Z,2026-06-14T01:00:00+0200,7597.85,MW,BE,BE,forecast_load,Forecasted Load,2026-06-16T08:13:23Z
2026-06-16T08:13:14Z,2026-06-16T10:13:14+0200,dd6516a5-5fe5-4565-873a-e64fa6b54cdc,2026-06-13T23:15:00Z,2026-06-14T01:15:00+0200,7501.79,MW,BE,BE,forecast_load,Forecasted Load,2026-06-16T08:13:23Z
2026-06-16T08:13:14Z,2026-06-16T10:13:14+0200,dd6516a5-5fe5-4565-873a-e64fa6b54cdc,2026-06-13T23:30:00Z,2026-06-14T01:30:00+0200,7437.47,MW,BE,BE,forecast_load,Forecasted Load,2026-06-16T08:13:23Z
2026-06-16T08:13:14Z,2026-06-16T10:13:14+0200,dd6516a5-5fe5-4565-873a-e64fa6b54cdc,2026-06-13T23:45:00Z,2026-06-14T01:45:00+0200,7399.82,MW,BE,BE,forecast_load,Forecasted Load,2026-06-16T08:13:23Z
2026-06-16T08:13:14Z,2026-06-16T10:13:14+0200,dd6516a5-5fe5-4565-873a-e64fa6b54cdc,2026-06-14T00:00:00Z,2026-06-14T02:00:00+0200,7164.25,MW,BE,BE,forecast_load,Forecasted Load,2026-06-16T08:13:23Z
2026-06-16T08:13:14Z,2026-06-16T10:13:14+0200,dd6516a5-5fe5-4565-873a-e64fa6b54cdc,2026-06-14T00:15:00Z,2026-06-14T02:15:00+0200,7074.97,MW,BE,BE,forecast_load,Forecasted Load,2026-06-16T08:13:23Z
2026-06-16T08:13:14Z,2026-06-16T10:13:14+0200,dd6516a5-5fe5-4565-873a-e64fa6b54cdc,2026-06-14T00:30:00Z,2026-06-14T02:30:00+0200,7067.81,MW,BE,BE,forecast_load,Forecasted Load,2026-06-16T08:13:23Z
2026-06-16T08:13:14Z,2026-06-16T10:13:14+0200,dd6516a5-5fe5-4565-873a-e64fa6b54cdc,2026-06-14T00:45:00Z,2026-06-14T02:45:00+0200,7032.69,MW,BE,BE,forecast_load,Forecasted Load,2026-06-16T08:13:23Z
2026-06-16T08:13:14Z,2026-06-16T10:13:14+0200,dd6516a5-5fe5-4565-873a-e64fa6b54cdc,2026-06-14T01:00:00Z,2026-06-14T03:00:00+0200,7055.75,MW,BE,BE,forecast_load,Forecasted Load,2026-06-16T08:13:23Z
2026-06-16T08:13:14Z,2026-06-16T10:13:14+0200,dd6516a5-5fe5-4565-873a-e64fa6b54cdc,2026-06-14T01:15:00Z,2026-06-14T03:15:00+0200,7035.89,MW,BE,BE,forecast_load,Forecasted Load,2026-06-16T08:13:23Z
2026-06-16T08:13:14Z,2026-06-16T10:13:14+0200,dd6516a5-5fe5-4565-873a-e64fa6b54cdc,2026-06-14T01:30:00Z,2026-06-14T03:30:00+0200,6996.6,MW,BE,BE,forecast_load,Forecasted Load,2026-06-16T08:13:23Z
2026-06-16T08:13:14Z,2026-06-16T10:13:14+0200,dd6516a5-5fe5-4565-873a-e64fa6b54cdc,2026-06-14T01:45:00Z,2026-06-14T03:45:00+0200,6968.07,MW,BE,BE,forecast_load,Forecasted Load,2026-06-16T08:13:23Z
2026-06-16T08:13:14Z,2026-06-16T10:13:14+0200,dd6516a5-5fe5-4565-873a-e64fa6b54cdc,2026-06-14T02:00:00Z,2026-06-14T04:00:00+0200,7012.47,MW,BE,BE,forecast_load,Forecasted Load,2026-06-16T08:13:23Z
2026-06-16T08:13:14Z,2026-06-16T10:13:14+0200,dd6516a5-5fe5-4565-873a-e64fa6b54cdc,2026-06-14T02:15:00Z,2026-06-14T04:15:00+0200,6981.18,MW,BE,BE,forecast_load,Forecasted Load,2026-06-16T08:13:23Z
2026-06-16T08:13:14Z,2026-06-16T10:13:14+0200,dd6516a5-5fe5-4565-873a-e64fa6b54cdc,2026-06-14T02:30:00Z,2026-06-14T04:30:00+0200,6961.46,MW,BE,BE,forecast_load,Forecasted Load,2026-06-16T08:13:23Z
2026-06-16T08:13:14Z,2026-06-16T10:13:14+0200,dd6516a5-5fe5-4565-873a-e64fa6b54cdc,2026-06-14T02:45:00Z,2026-06-14T04:45:00+0200,6957.69,MW,BE,BE,forecast_load,Forecasted Load,2026-06-16T08:13:23Z
2026-06-16T08:13:14Z,2026-06-16T10:13:14+0200,dd6516a5-5fe5-4565-873a-e64fa6b54cdc,2026-06-14T03:00:00Z,2026-06-14T05:00:00+0200,6949.02,MW,BE,BE,forecast_load,Forecasted Load,2026-06-16T08:13:23Z
2026-06-16T08:13:14Z,2026-06-16T10:13:14+0200,dd6516a5-5fe5-4565-873a-e64fa6b54cdc,2026-06-14T03:15:00Z,2026-06-14T05:15:00+0200,6979.67,MW,BE,BE,forecast_load,Forecasted Load,2026-06-16T08:13:23Z
2026-06-16T08:13:14Z,2026-06-16T10:13:14+0200,dd6516a5-5fe5-4565-873a-e64fa6b54cdc,2026-06-14T03:30:00Z,2026-06-14T05:30:00+0200,6945.84,MW,BE,BE,forecast_load,Forecasted Load,2026-06-16T08:13:23Z
2026-06-16T08:13:14Z,2026-06-16T10:13:14+0200,dd6516a5-5fe5-4565-873a-e64fa6b54cdc,2026-06-14T03:45:00Z,2026-06-14T05:45:00+0200,6933.37,MW,BE,BE,forecast_load,Forecasted Load,2026-06-16T08:13:23Z
2026-06-16T08:13:14Z,2026-06-16T10:13:14+0200,dd6516a5-5fe5-4565-873a-e64fa6b54cdc,2026-06-14T04:00:00Z,2026-06-14T06:00:00+0200,7046.91,MW,BE,BE,forecast_load,Forecasted Load,2026-06-16T08:13:23Z
2026-06-16T08:13:14Z,2026-06-16T10:13:14+0200,dd6516a5-5fe5-4565-873a-e64fa6b54cdc,2026-06-14T04:15:00Z,2026-06-14T06:15:00+0200,7043.86,MW,BE,BE,forecast_load,Forecasted Load,2026-06-16T08:13:23Z
2026-06-16T08:13:14Z,2026-06-16T10:13:14+0200,dd6516a5-5fe5-4565-873a-e64fa6b54cdc,2026-06-14T04:30:00Z,2026-06-14T06:30:00+0200,7106.22,MW,BE,BE,forecast_load,Forecasted Load,2026-06-16T08:13:23Z
2026-06-16T08:13:14Z,2026-06-16T10:13:14+0200,dd6516a5-5fe5-4565-873a-e64fa6b54cdc,2026-06-14T04:45:00Z,2026-06-14T06:45:00+0200,7180.75,MW,BE,BE,forecast_load,Forecasted Load,2026-06-16T08:13:23Z
2026-06-16T08:13:14Z,2026-06-16T10:13:14+0200,dd6516a5-5fe5-4565-873a-e64fa6b54cdc,2026-06-14T05:00:00Z,2026-06-14T07:00:00+0200,7197.14,MW,BE,BE,forecast_load,Forecasted Load,2026-06-16T08:13:23Z
2026-06-16T08:13:14Z,2026-06-16T10:13:14+0200,dd6516a5-5fe5-4565-873a-e64fa6b54cdc,2026-06-14T05:15:00Z,2026-06-14T07:15:00+0200,7224.67,MW,BE,BE,forecast_load,Forecasted Load,2026-06-16T08:13:23Z
2026-06-16T08:13:14Z,2026-06-16T10:13:14+0200,dd6516a5-5fe5-4565-873a-e64fa6b54cdc,2026-06-14T05:30:00Z,2026-06-14T07:30:00+0200,7311.48,MW,BE,BE,forecast_load,Forecasted Load,2026-06-16T08:13:23Z
2026-06-16T08:13:14Z,2026-06-16T10:13:14+0200,dd6516a5-5fe5-4565-873a-e64fa6b54cdc,2026-06-14T05:45:00Z,2026-06-14T07:45:00+0200,7385.02,MW,BE,BE,forecast_load,Forecasted Load,2026-06-16T08:13:23Z
2026-06-16T08:13:14Z,2026-06-16T10:13:14+0200,dd6516a5-5fe5-4565-873a-e64fa6b54cdc,2026-06-14T06:00:00Z,2026-06-14T08:00:00+0200,7389.62,MW,BE,BE,forecast_load,Forecasted Load,2026-06-16T08:13:23Z
2026-06-16T08:13:14Z,2026-06-16T10:13:14+0200,dd6516a5-5fe5-4565-873a-e64fa6b54cdc,2026-06-14T06:15:00Z,2026-06-14T08:15:00+0200,7494.74,MW,BE,BE,forecast_load,Forecasted Load,2026-06-16T08:13:23Z
2026-06-16T08:13:14Z,2026-06-16T10:13:14+0200,dd6516a5-5fe5-4565-873a-e64fa6b54cdc,2026-06-14T06:30:00Z,2026-06-14T08:30:00+0200,7600.92,MW,BE,BE,forecast_load,Forecasted Load,2026-06-16T08:13:23Z
2026-06-16T08:13:14Z,2026-06-16T10:13:14+0200,dd6516a5-5fe5-4565-873a-e64fa6b54cdc,2026-06-14T06:45:00Z,2026-06-14T08:45:00+0200,7728.58,MW,BE,BE,forecast_load,Forecasted Load,2026-06-16T08:13:23Z
2026-06-16T08:13:14Z,2026-06-16T10:13:14+0200,dd6516a5-5fe5-4565-873a-e64fa6b54cdc,2026-06-14T07:00:00Z,2026-06-14T09:00:00+0200,7916.53,MW,BE,BE,forecast_load,Forecasted Load,2026-06-16T08:13:23Z
2026-06-16T08:13:14Z,2026-06-16T10:13:14+0200,dd6516a5-5fe5-4565-873a-e64fa6b54cdc,2026-06-14T07:15:00Z,2026-06-14T09:15:00+0200,7999.28,MW,BE,BE,forecast_load,Forecasted Load,2026-06-16T08:13:23Z
2026-06-16T08:13:14Z,2026-06-16T10:13:14+0200,dd6516a5-5fe5-4565-873a-e64fa6b54cdc,2026-06-14T07:30:00Z,2026-06-14T09:30:00+0200,8071.51,MW,BE,BE,forecast_load,Forecasted Load,2026-06-16T08:13:23Z
2026-06-16T08:13:14Z,2026-06-16T10:13:14+0200,dd6516a5-5fe5-4565-873a-e64fa6b54cdc,2026-06-14T07:45:00Z,2026-06-14T09:45:00+0200,8188.07,MW,BE,BE,forecast_load,Forecasted Load,2026-06-16T08:13:23Z
2026-06-16T08:13:14Z,2026-06-16T10:13:14+0200,dd6516a5-5fe5-4565-873a-e64fa6b54cdc,2026-06-14T08:00:00Z,2026-06-14T10:00:00+0200,8187.05,MW,BE,BE,forecast_load,Forecasted Load,2026-06-16T08:13:23Z
2026-06-16T08:13:14Z,2026-06-16T10:13:14+0200,dd6516a5-5fe5-4565-873a-e64fa6b54cdc,2026-06-14T08:15:00Z,2026-06-14T10:15:00+0200,8310.31,MW,BE,BE,forecast_load,Forecasted Load,2026-06-16T08:13:23Z
2026-06-16T08:13:14Z,2026-06-16T10:13:14+0200,dd6516a5-5fe5-4565-873a-e64fa6b54cdc,2026-06-14T08:30:00Z,2026-06-14T10:30:00+0200,8384.19,MW,BE,BE,forecast_load,Forecasted Load,2026-06-16T08:13:23Z
2026-06-16T08:13:14Z,2026-06-16T10:13:14+0200,dd6516a5-5fe5-4565-873a-e64fa6b54cdc,2026-06-14T08:45:00Z,2026-06-14T10:45:00+0200,8562.38,MW,BE,BE,forecast_load,Forecasted Load,2026-06-16T08:13:23Z
2026-06-16T08:13:14Z,2026-06-16T10:13:14+0200,dd6516a5-5fe5-4565-873a-e64fa6b54cdc,2026-06-14T09:00:00Z,2026-06-14T11:00:00+0200,8582.01,MW,BE,BE,forecast_load,Forecasted Load,2026-06-16T08:13:23Z
2026-06-16T08:13:14Z,2026-06-16T10:13:14+0200,dd6516a5-5fe5-4565-873a-e64fa6b54cdc,2026-06-14T09:15:00Z,2026-06-14T11:15:00+0200,8714.52,MW,BE,BE,forecast_load,Forecasted Load,2026-06-16T08:13:23Z
2026-06-16T08:13:14Z,2026-06-16T10:13:14+0200,dd6516a5-5fe5-4565-873a-e64fa6b54cdc,2026-06-14T09:30:00Z,2026-06-14T11:30:00+0200,8821.4,MW,BE,BE,forecast_load,Forecasted Load,2026-06-16T08:13:23Z
2026-06-16T08:13:14Z,2026-06-16T10:13:14+0200,dd6516a5-5fe5-4565-873a-e64fa6b54cdc,2026-06-14T09:45:00Z,2026-06-14T11:45:00+0200,8896.01,MW,BE,BE,forecast_load,Forecasted Load,2026-06-16T08:13:23Z
2026-06-16T08:13:14Z,2026-06-16T10:13:14+0200,dd6516a5-5fe5-4565-873a-e64fa6b54cdc,2026-06-14T10:00:00Z,2026-06-14T12:00:00+0200,8917.74,MW,BE,BE,forecast_load,Forecasted Load,2026-06-16T08:13:23Z
2026-06-16T08:13:14Z,2026-06-16T10:13:14+0200,dd6516a5-5fe5-4565-873a-e64fa6b54cdc,2026-06-14T10:15:00Z,2026-06-14T12:15:00+0200,8928.06,MW,BE,BE,forecast_load,Forecasted Load,2026-06-16T08:13:23Z
2026-06-16T08:13:14Z,2026-06-16T10:13:14+0200,dd6516a5-5fe5-4565-873a-e64fa6b54cdc,2026-06-14T10:30:00Z,2026-06-14T12:30:00+0200,8898.66,MW,BE,BE,forecast_load,Forecasted Load,2026-06-16T08:13:23Z
2026-06-16T08:13:14Z,2026-06-16T10:13:14+0200,dd6516a5-5fe5-4565-873a-e64fa6b54cdc,2026-06-14T10:45:00Z,2026-06-14T12:45:00+0200,8867.99,MW,BE,BE,forecast_load,Forecasted Load,2026-06-16T08:13:23Z
2026-06-16T08:13:14Z,2026-06-16T10:13:14+0200,dd6516a5-5fe5-4565-873a-e64fa6b54cdc,2026-06-14T11:00:00Z,2026-06-14T13:00:00+0200,8743.01,MW,BE,BE,forecast_load,Forecasted Load,2026-06-16T08:13:23Z
2026-06-16T08:13:14Z,2026-06-16T10:13:14+0200,dd6516a5-5fe5-4565-873a-e64fa6b54cdc,2026-06-14T11:15:00Z,2026-06-14T13:15:00+0200,8758.77,MW,BE,BE,forecast_load,Forecasted Load,2026-06-16T08:13:23Z
2026-06-16T08:13:14Z,2026-06-16T10:13:14+0200,dd6516a5-5fe5-4565-873a-e64fa6b54cdc,2026-06-14T11:30:00Z,2026-06-14T13:30:00+0200,8754.58,MW,BE,BE,forecast_load,Forecasted Load,2026-06-16T08:13:23Z
2026-06-16T08:13:14Z,2026-06-16T10:13:14+0200,dd6516a5-5fe5-4565-873a-e64fa6b54cdc,2026-06-14T11:45:00Z,2026-06-14T13:45:00+0200,8687.15,MW,BE,BE,forecast_load,Forecasted Load,2026-06-16T08:13:23Z
2026-06-16T08:13:14Z,2026-06-16T10:13:14+0200,dd6516a5-5fe5-4565-873a-e64fa6b54cdc,2026-06-14T12:00:00Z,2026-06-14T14:00:00+0200,8604.48,MW,BE,BE,forecast_load,Forecasted Load,2026-06-16T08:13:23Z
2026-06-16T08:13:14Z,2026-06-16T10:13:14+0200,dd6516a5-5fe5-4565-873a-e64fa6b54cdc,2026-06-14T12:15:00Z,2026-06-14T14:15:00+0200,8515.81,MW,BE,BE,forecast_load,Forecasted Load,2026-06-16T08:13:23Z
2026-06-16T08:13:14Z,2026-06-16T10:13:14+0200,dd6516a5-5fe5-4565-873a-e64fa6b54cdc,2026-06-14T12:30:00Z,2026-06-14T14:30:00+0200,8470.77,MW,BE,BE,forecast_load,Forecasted Load,2026-06-16T08:13:23Z
2026-06-16T08:13:14Z,2026-06-16T10:13:14+0200,dd6516a5-5fe5-4565-873a-e64fa6b54cdc,2026-06-14T12:45:00Z,2026-06-14T14:45:00+0200,8395.93,MW,BE,BE,forecast_load,Forecasted Load,2026-06-16T08:13:23Z
2026-06-16T08:13:14Z,2026-06-16T10:13:14+0200,dd6516a5-5fe5-4565-873a-e64fa6b54cdc,2026-06-14T13:00:00Z,2026-06-14T15:00:00+0200,8327.84,MW,BE,BE,forecast_load,Forecasted Load,2026-06-16T08:13:23Z
2026-06-16T08:13:14Z,2026-06-16T10:13:14+0200,dd6516a5-5fe5-4565-873a-e64fa6b54cdc,2026-06-14T13:15:00Z,2026-06-14T15:15:00+0200,8259.14,MW,BE,BE,forecast_load,Forecasted Load,2026-06-16T08:13:23Z
2026-06-16T08:13:14Z,2026-06-16T10:13:14+0200,dd6516a5-5fe5-4565-873a-e64fa6b54cdc,2026-06-14T13:30:00Z,2026-06-14T15:30:00+0200,8190.39,MW,BE,BE,forecast_load,Forecasted Load,2026-06-16T08:13:23Z
2026-06-16T08:13:14Z,2026-06-16T10:13:14+0200,dd6516a5-5fe5-4565-873a-e64fa6b54cdc,2026-06-14T13:45:00Z,2026-06-14T15:45:00+0200,8069.87,MW,BE,BE,forecast_load,Forecasted Load,2026-06-16T08:13:23Z
2026-06-16T08:13:14Z,2026-06-16T10:13:14+0200,dd6516a5-5fe5-4565-873a-e64fa6b54cdc,2026-06-14T14:00:00Z,2026-06-14T16:00:00+0200,8152.97,MW,BE,BE,forecast_load,Forecasted Load,2026-06-16T08:13:23Z
2026-06-16T08:13:14Z,2026-06-16T10:13:14+0200,dd6516a5-5fe5-4565-873a-e64fa6b54cdc,2026-06-14T14:15:00Z,2026-06-14T16:15:00+0200,8090.86,MW,BE,BE,forecast_load,Forecasted Load,2026-06-16T08:13:23Z
2026-06-16T08:13:14Z,2026-06-16T10:13:14+0200,dd6516a5-5fe5-4565-873a-e64fa6b54cdc,2026-06-14T14:30:00Z,2026-06-14T16:30:00+0200,8040.09,MW,BE,BE,forecast_load,Forecasted Load,2026-06-16T08:13:23Z
2026-06-16T08:13:14Z,2026-06-16T10:13:14+0200,dd6516a5-5fe5-4565-873a-e64fa6b54cdc,2026-06-14T14:45:00Z,2026-06-14T16:45:00+0200,7981.53,MW,BE,BE,forecast_load,Forecasted Load,2026-06-16T08:13:23Z
2026-06-16T08:13:14Z,2026-06-16T10:13:14+0200,dd6516a5-5fe5-4565-873a-e64fa6b54cdc,2026-06-14T15:00:00Z,2026-06-14T17:00:00+0200,8106.08,MW,BE,BE,forecast_load,Forecasted Load,2026-06-16T08:13:23Z
2026-06-16T08:13:14Z,2026-06-16T10:13:14+0200,dd6516a5-5fe5-4565-873a-e64fa6b54cdc,2026-06-14T15:15:00Z,2026-06-14T17:15:00+0200,8148.41,MW,BE,BE,forecast_load,Forecasted Load,2026-06-16T08:13:23Z
2026-06-16T08:13:14Z,2026-06-16T10:13:14+0200,dd6516a5-5fe5-4565-873a-e64fa6b54cdc,2026-06-14T15:30:00Z,2026-06-14T17:30:00+0200,8207.58,MW,BE,BE,forecast_load,Forecasted Load,2026-06-16T08:13:23Z
2026-06-16T08:13:14Z,2026-06-16T10:13:14+0200,dd6516a5-5fe5-4565-873a-e64fa6b54cdc,2026-06-14T15:45:00Z,2026-06-14T17:45:00+0200,8233.17,MW,BE,BE,forecast_load,Forecasted Load,2026-06-16T08:13:23Z
2026-06-16T08:13:14Z,2026-06-16T10:13:14+0200,dd6516a5-5fe5-4565-873a-e64fa6b54cdc,2026-06-14T16:00:00Z,2026-06-14T18:00:00+0200,8322.99,MW,BE,BE,forecast_load,Forecasted Load,2026-06-16T08:13:23Z
2026-06-16T08:13:14Z,2026-06-16T10:13:14+0200,dd6516a5-5fe5-4565-873a-e64fa6b54cdc,2026-06-14T16:15:00Z,2026-06-14T18:15:00+0200,8334.58,MW,BE,BE,forecast_load,Forecasted Load,2026-06-16T08:13:23Z
2026-06-16T08:13:14Z,2026-06-16T10:13:14+0200,dd6516a5-5fe5-4565-873a-e64fa6b54cdc,2026-06-14T16:30:00Z,2026-06-14T18:30:00+0200,8339.83,MW,BE,BE,forecast_load,Forecasted Load,2026-06-16T08:13:23Z
2026-06-16T08:13:14Z,2026-06-16T10:13:14+0200,dd6516a5-5fe5-4565-873a-e64fa6b54cdc,2026-06-14T16:45:00Z,2026-06-14T18:45:00+0200,8314.28,MW,BE,BE,forecast_load,Forecasted Load,2026-06-16T08:13:23Z
2026-06-16T08:13:14Z,2026-06-16T10:13:14+0200,dd6516a5-5fe5-4565-873a-e64fa6b54cdc,2026-06-14T17:00:00Z,2026-06-14T19:00:00+0200,8388.3,MW,BE,BE,forecast_load,Forecasted Load,2026-06-16T08:13:23Z
2026-06-16T08:13:14Z,2026-06-16T10:13:14+0200,dd6516a5-5fe5-4565-873a-e64fa6b54cdc,2026-06-14T17:15:00Z,2026-06-14T19:15:00+0200,8408.48,MW,BE,BE,forecast_load,Forecasted Load,2026-06-16T08:13:23Z
2026-06-16T08:13:14Z,2026-06-16T10:13:14+0200,dd6516a5-5fe5-4565-873a-e64fa6b54cdc,2026-06-14T17:30:00Z,2026-06-14T19:30:00+0200,8396.39,MW,BE,BE,forecast_load,Forecasted Load,2026-06-16T08:13:23Z
2026-06-16T08:13:14Z,2026-06-16T10:13:14+0200,dd6516a5-5fe5-4565-873a-e64fa6b54cdc,2026-06-14T17:45:00Z,2026-06-14T19:45:00+0200,8337.42,MW,BE,BE,forecast_load,Forecasted Load,2026-06-16T08:13:23Z
2026-06-16T08:13:14Z,2026-06-16T10:13:14+0200,dd6516a5-5fe5-4565-873a-e64fa6b54cdc,2026-06-14T18:00:00Z,2026-06-14T20:00:00+0200,8391.75,MW,BE,BE,forecast_load,Forecasted Load,2026-06-16T08:13:23Z
2026-06-16T08:13:14Z,2026-06-16T10:13:14+0200,dd6516a5-5fe5-4565-873a-e64fa6b54cdc,2026-06-14T18:15:00Z,2026-06-14T20:15:00+0200,8323.93,MW,BE,BE,forecast_load,Forecasted Load,2026-06-16T08:13:23Z
2026-06-16T08:13:14Z,2026-06-16T10:13:14+0200,dd6516a5-5fe5-4565-873a-e64fa6b54cdc,2026-06-14T18:30:00Z,2026-06-14T20:30:00+0200,8308.16,MW,BE,BE,forecast_load,Forecasted Load,2026-06-16T08:13:23Z
2026-06-16T08:13:14Z,2026-06-16T10:13:14+0200,dd6516a5-5fe5-4565-873a-e64fa6b54cdc,2026-06-14T18:45:00Z,2026-06-14T20:45:00+0200,8241.82,MW,BE,BE,forecast_load,Forecasted Load,2026-06-16T08:13:23Z
2026-06-16T08:13:14Z,2026-06-16T10:13:14+0200,dd6516a5-5fe5-4565-873a-e64fa6b54cdc,2026-06-14T19:00:00Z,2026-06-14T21:00:00+0200,8202.74,MW,BE,BE,forecast_load,Forecasted Load,2026-06-16T08:13:23Z
2026-06-16T08:13:14Z,2026-06-16T10:13:14+0200,dd6516a5-5fe5-4565-873a-e64fa6b54cdc,2026-06-14T19:15:00Z,2026-06-14T21:15:00+0200,8182.06,MW,BE,BE,forecast_load,Forecasted Load,2026-06-16T08:13:23Z
2026-06-16T08:13:14Z,2026-06-16T10:13:14+0200,dd6516a5-5fe5-4565-873a-e64fa6b54cdc,2026-06-14T19:30:00Z,2026-06-14T21:30:00+0200,8169.94,MW,BE,BE,forecast_load,Forecasted Load,2026-06-16T08:13:23Z
2026-06-16T08:13:14Z,2026-06-16T10:13:14+0200,dd6516a5-5fe5-4565-873a-e64fa6b54cdc,2026-06-14T19:45:00Z,2026-06-14T21:45:00+0200,8180.09,MW,BE,BE,forecast_load,Forecasted Load,2026-06-16T08:13:23Z
2026-06-16T08:13:14Z,2026-06-16T10:13:14+0200,dd6516a5-5fe5-4565-873a-e64fa6b54cdc,2026-06-14T20:00:00Z,2026-06-14T22:00:00+0200,8242.88,MW,BE,BE,forecast_load,Forecasted Load,2026-06-16T08:13:23Z
2026-06-16T08:13:14Z,2026-06-16T10:13:14+0200,dd6516a5-5fe5-4565-873a-e64fa6b54cdc,2026-06-14T20:15:00Z,2026-06-14T22:15:00+0200,8305.79,MW,BE,BE,forecast_load,Forecasted Load,2026-06-16T08:13:23Z
2026-06-16T08:13:14Z,2026-06-16T10:13:14+0200,dd6516a5-5fe5-4565-873a-e64fa6b54cdc,2026-06-14T20:30:00Z,2026-06-14T22:30:00+0200,8277.66,MW,BE,BE,forecast_load,Forecasted Load,2026-06-16T08:13:23Z
2026-06-16T08:13:14Z,2026-06-16T10:13:14+0200,dd6516a5-5fe5-4565-873a-e64fa6b54cdc,2026-06-14T20:45:00Z,2026-06-14T22:45:00+0200,8160.14,MW,BE,BE,forecast_load,Forecasted Load,2026-06-16T08:13:23Z
2026-06-16T08:13:14Z,2026-06-16T10:13:14+0200,dd6516a5-5fe5-4565-873a-e64fa6b54cdc,2026-06-14T21:00:00Z,2026-06-14T23:00:00+0200,8023.96,MW,BE,BE,forecast_load,Forecasted Load,2026-06-16T08:13:23Z
2026-06-16T08:13:14Z,2026-06-16T10:13:14+0200,dd6516a5-5fe5-4565-873a-e64fa6b54cdc,2026-06-14T21:15:00Z,2026-06-14T23:15:00+0200,7901.11,MW,BE,BE,forecast_load,Forecasted Load,2026-06-16T08:13:23Z
2026-06-16T08:13:14Z,2026-06-16T10:13:14+0200,dd6516a5-5fe5-4565-873a-e64fa6b54cdc,2026-06-14T21:30:00Z,2026-06-14T23:30:00+0200,7811.47,MW,BE,BE,forecast_load,Forecasted Load,2026-06-16T08:13:23Z
2026-06-16T08:13:14Z,2026-06-16T10:13:14+0200,dd6516a5-5fe5-4565-873a-e64fa6b54cdc,2026-06-14T21:45:00Z,2026-06-14T23:45:00+0200,7699.68,MW,BE,BE,forecast_load,Forecasted Load,2026-06-16T08:13:23Z
2026-06-16T08:13:14Z,2026-06-16T10:13:14+0200,dd6516a5-5fe5-4565-873a-e64fa6b54cdc,2026-06-14T22:00:00Z,2026-06-15T00:00:00+0200,7640.27,MW,BE,BE,forecast_load,Forecasted Load,2026-06-16T08:13:23Z
2026-06-16T08:13:14Z,2026-06-16T10:13:14+0200,dd6516a5-5fe5-4565-873a-e64fa6b54cdc,2026-06-14T22:15:00Z,2026-06-15T00:15:00+0200,7516.95,MW,BE,BE,forecast_load,Forecasted Load,2026-06-16T08:13:23Z
2026-06-16T08:13:14Z,2026-06-16T10:13:14+0200,dd6516a5-5fe5-4565-873a-e64fa6b54cdc,2026-06-14T22:30:00Z,2026-06-15T00:30:00+0200,7447.76,MW,BE,BE,forecast_load,Forecasted Load,2026-06-16T08:13:23Z
2026-06-16T08:13:14Z,2026-06-16T10:13:14+0200,dd6516a5-5fe5-4565-873a-e64fa6b54cdc,2026-06-14T22:45:00Z,2026-06-15T00:45:00+0200,7400.8,MW,BE,BE,forecast_load,Forecasted Load,2026-06-16T08:13:23Z
2026-06-16T08:13:14Z,2026-06-16T10:13:14+0200,dd6516a5-5fe5-4565-873a-e64fa6b54cdc,2026-06-14T23:00:00Z,2026-06-15T01:00:00+0200,7291.84,MW,BE,BE,forecast_load,Forecasted Load,2026-06-16T08:13:23Z
2026-06-16T08:13:14Z,2026-06-16T10:13:14+0200,dd6516a5-5fe5-4565-873a-e64fa6b54cdc,2026-06-14T23:15:00Z,2026-06-15T01:15:00+0200,7224.23,MW,BE,BE,forecast_load,Forecasted Load,2026-06-16T08:13:23Z
2026-06-16T08:13:14Z,2026-06-16T10:13:14+0200,dd6516a5-5fe5-4565-873a-e64fa6b54cdc,2026-06-14T23:30:00Z,2026-06-15T01:30:00+0200,7237.2,MW,BE,BE,forecast_load,Forecasted Load,2026-06-16T08:13:23Z
2026-06-16T08:13:14Z,2026-06-16T10:13:14+0200,dd6516a5-5fe5-4565-873a-e64fa6b54cdc,2026-06-14T23:45:00Z,2026-06-15T01:45:00+0200,7177.73,MW,BE,BE,forecast_load,Forecasted Load,2026-06-16T08:13:23Z
2026-06-16T08:13:14Z,2026-06-16T10:13:14+0200,dd6516a5-5fe5-4565-873a-e64fa6b54cdc,2026-06-15T00:00:00Z,2026-06-15T02:00:00+0200,7093.36,MW,BE,BE,forecast_load,Forecasted Load,2026-06-16T08:13:23Z
2026-06-16T08:13:14Z,2026-06-16T10:13:14+0200,dd6516a5-5fe5-4565-873a-e64fa6b54cdc,2026-06-15T00:15:00Z,2026-06-15T02:15:00+0200,7088.67,MW,BE,BE,forecast_load,Forecasted Load,2026-06-16T08:13:23Z
2026-06-16T08:13:14Z,2026-06-16T10:13:14+0200,dd6516a5-5fe5-4565-873a-e64fa6b54cdc,2026-06-15T00:30:00Z,2026-06-15T02:30:00+0200,7079.19,MW,BE,BE,forecast_load,Forecasted Load,2026-06-16T08:13:23Z
2026-06-16T08:13:14Z,2026-06-16T10:13:14+0200,dd6516a5-5fe5-4565-873a-e64fa6b54cdc,2026-06-15T00:45:00Z,2026-06-15T02:45:00+0200,7053.12,MW,BE,BE,forecast_load,Forecasted Load,2026-06-16T08:13:23Z
2026-06-16T08:13:14Z,2026-06-16T10:13:14+0200,dd6516a5-5fe5-4565-873a-e64fa6b54cdc,2026-06-15T01:00:00Z,2026-06-15T03:00:00+0200,7012.95,MW,BE,BE,forecast_load,Forecasted Load,2026-06-16T08:13:23Z
2026-06-16T08:13:14Z,2026-06-16T10:13:14+0200,dd6516a5-5fe5-4565-873a-e64fa6b54cdc,2026-06-15T01:15:00Z,2026-06-15T03:15:00+0200,7029.43,MW,BE,BE,forecast_load,Forecasted Load,2026-06-16T08:13:23Z
2026-06-16T08:13:14Z,2026-06-16T10:13:14+0200,dd6516a5-5fe5-4565-873a-e64fa6b54cdc,2026-06-15T01:30:00Z,2026-06-15T03:30:00+0200,7021.46,MW,BE,BE,forecast_load,Forecasted Load,2026-06-16T08:13:23Z
2026-06-16T08:13:14Z,2026-06-16T10:13:14+0200,dd6516a5-5fe5-4565-873a-e64fa6b54cdc,2026-06-15T01:45:00Z,2026-06-15T03:45:00+0200,7044.21,MW,BE,BE,forecast_load,Forecasted Load,2026-06-16T08:13:23Z
2026-06-16T08:13:14Z,2026-06-16T10:13:14+0200,dd6516a5-5fe5-4565-873a-e64fa6b54cdc,2026-06-15T02:00:00Z,2026-06-15T04:00:00+0200,7037.77,MW,BE,BE,forecast_load,Forecasted Load,2026-06-16T08:13:23Z
2026-06-16T08:13:14Z,2026-06-16T10:13:14+0200,dd6516a5-5fe5-4565-873a-e64fa6b54cdc,2026-06-15T02:15:00Z,2026-06-15T04:15:00+0200,7029.3,MW,BE,BE,forecast_load,Forecasted Load,2026-06-16T08:13:23Z
2026-06-16T08:13:14Z,2026-06-16T10:13:14+0200,dd6516a5-5fe5-4565-873a-e64fa6b54cdc,2026-06-15T02:30:00Z,2026-06-15T04:30:00+0200,7042.77,MW,BE,BE,forecast_load,Forecasted Load,2026-06-16T08:13:23Z
2026-06-16T08:13:14Z,2026-06-16T10:13:14+0200,dd6516a5-5fe5-4565-873a-e64fa6b54cdc,2026-06-15T02:45:00Z,2026-06-15T04:45:00+0200,7106.95,MW,BE,BE,forecast_load,Forecasted Load,2026-06-16T08:13:23Z
2026-06-16T08:13:14Z,2026-06-16T10:13:14+0200,dd6516a5-5fe5-4565-873a-e64fa6b54cdc,2026-06-15T03:00:00Z,2026-06-15T05:00:00+0200,7220.63,MW,BE,BE,forecast_load,Forecasted Load,2026-06-16T08:13:23Z
2026-06-16T08:13:14Z,2026-06-16T10:13:14+0200,dd6516a5-5fe5-4565-873a-e64fa6b54cdc,2026-06-15T03:15:00Z,2026-06-15T05:15:00+0200,7310.23,MW,BE,BE,forecast_load,Forecasted Load,2026-06-16T08:13:23Z
2026-06-16T08:13:14Z,2026-06-16T10:13:14+0200,dd6516a5-5fe5-4565-873a-e64fa6b54cdc,2026-06-15T03:30:00Z,2026-06-15T05:30:00+0200,7392.67,MW,BE,BE,forecast_load,Forecasted Load,2026-06-16T08:13:23Z
2026-06-16T08:13:14Z,2026-06-16T10:13:14+0200,dd6516a5-5fe5-4565-873a-e64fa6b54cdc,2026-06-15T03:45:00Z,2026-06-15T05:45:00+0200,7529.6,MW,BE,BE,forecast_load,Forecasted Load,2026-06-16T08:13:23Z
2026-06-16T08:13:14Z,2026-06-16T10:13:14+0200,dd6516a5-5fe5-4565-873a-e64fa6b54cdc,2026-06-15T04:00:00Z,2026-06-15T06:00:00+0200,7821.06,MW,BE,BE,forecast_load,Forecasted Load,2026-06-16T08:13:23Z
2026-06-16T08:13:14Z,2026-06-16T10:13:14+0200,dd6516a5-5fe5-4565-873a-e64fa6b54cdc,2026-06-15T04:15:00Z,2026-06-15T06:15:00+0200,8052.29,MW,BE,BE,forecast_load,Forecasted Load,2026-06-16T08:13:23Z
2026-06-16T08:13:14Z,2026-06-16T10:13:14+0200,dd6516a5-5fe5-4565-873a-e64fa6b54cdc,2026-06-15T04:30:00Z,2026-06-15T06:30:00+0200,8202.72,MW,BE,BE,forecast_load,Forecasted Load,2026-06-16T08:13:23Z
2026-06-16T08:13:14Z,2026-06-16T10:13:14+0200,dd6516a5-5fe5-4565-873a-e64fa6b54cdc,2026-06-15T04:45:00Z,2026-06-15T06:45:00+0200,8422.83,MW,BE,BE,forecast_load,Forecasted Load,2026-06-16T08:13:23Z
2026-06-16T08:13:14Z,2026-06-16T10:13:14+0200,dd6516a5-5fe5-4565-873a-e64fa6b54cdc,2026-06-15T05:00:00Z,2026-06-15T07:00:00+0200,8651.24,MW,BE,BE,forecast_load,Forecasted Load,2026-06-16T08:13:23Z
2026-06-16T08:13:14Z,2026-06-16T10:13:14+0200,dd6516a5-5fe5-4565-873a-e64fa6b54cdc,2026-06-15T05:15:00Z,2026-06-15T07:15:00+0200,8929.68,MW,BE,BE,forecast_load,Forecasted Load,2026-06-16T08:13:23Z
2026-06-16T08:13:14Z,2026-06-16T10:13:14+0200,dd6516a5-5fe5-4565-873a-e64fa6b54cdc,2026-06-15T05:30:00Z,2026-06-15T07:30:00+0200,9110.88,MW,BE,BE,forecast_load,Forecasted Load,2026-06-16T08:13:23Z
2026-06-16T08:13:14Z,2026-06-16T10:13:14+0200,dd6516a5-5fe5-4565-873a-e64fa6b54cdc,2026-06-15T05:45:00Z,2026-06-15T07:45:00+0200,9316.87,MW,BE,BE,forecast_load,Forecasted Load,2026-06-16T08:13:23Z
2026-06-16T08:13:14Z,2026-06-16T10:13:14+0200,dd6516a5-5fe5-4565-873a-e64fa6b54cdc,2026-06-15T06:00:00Z,2026-06-15T08:00:00+0200,9451.81,MW,BE,BE,forecast_load,Forecasted Load,2026-06-16T08:13:23Z
2026-06-16T08:13:14Z,2026-06-16T10:13:14+0200,dd6516a5-5fe5-4565-873a-e64fa6b54cdc,2026-06-15T06:15:00Z,2026-06-15T08:15:00+0200,9690.2,MW,BE,BE,forecast_load,Forecasted Load,2026-06-16T08:13:23Z
2026-06-16T08:13:14Z,2026-06-16T10:13:14+0200,dd6516a5-5fe5-4565-873a-e64fa6b54cdc,2026-06-15T06:30:00Z,2026-06-15T08:30:00+0200,9866.88,MW,BE,BE,forecast_load,Forecasted Load,2026-06-16T08:13:23Z
2026-06-16T08:13:14Z,2026-06-16T10:13:14+0200,dd6516a5-5fe5-4565-873a-e64fa6b54cdc,2026-06-15T06:45:00Z,2026-06-15T08:45:00+0200,9982.03,MW,BE,BE,forecast_load,Forecasted Load,2026-06-16T08:13:23Z
2026-06-16T08:13:14Z,2026-06-16T10:13:14+0200,dd6516a5-5fe5-4565-873a-e64fa6b54cdc,2026-06-15T07:00:00Z,2026-06-15T09:00:00+0200,9987.57,MW,BE,BE,forecast_load,Forecasted Load,2026-06-16T08:13:23Z
2026-06-16T08:13:14Z,2026-06-16T10:13:14+0200,dd6516a5-5fe5-4565-873a-e64fa6b54cdc,2026-06-15T07:15:00Z,2026-06-15T09:15:00+0200,10097.66,MW,BE,BE,forecast_load,Forecasted Load,2026-06-16T08:13:23Z
2026-06-16T08:13:14Z,2026-06-16T10:13:14+0200,dd6516a5-5fe5-4565-873a-e64fa6b54cdc,2026-06-15T07:30:00Z,2026-06-15T09:30:00+0200,10218.13,MW,BE,BE,forecast_load,Forecasted Load,2026-06-16T08:13:23Z
2026-06-16T08:13:14Z,2026-06-16T10:13:14+0200,dd6516a5-5fe5-4565-873a-e64fa6b54cdc,2026-06-15T07:45:00Z,2026-06-15T09:45:00+0200,10239.38,MW,BE,BE,forecast_load,Forecasted Load,2026-06-16T08:13:23Z
2026-06-16T08:13:14Z,2026-06-16T10:13:14+0200,dd6516a5-5fe5-4565-873a-e64fa6b54cdc,2026-06-15T08:00:00Z,2026-06-15T10:00:00+0200,10265.76,MW,BE,BE,forecast_load,Forecasted Load,2026-06-16T08:13:23Z
2026-06-16T08:13:14Z,2026-06-16T10:13:14+0200,dd6516a5-5fe5-4565-873a-e64fa6b54cdc,2026-06-15T08:15:00Z,2026-06-15T10:15:00+0200,10224.01,MW,BE,BE,forecast_load,Forecasted Load,2026-06-16T08:13:23Z
2026-06-16T08:13:14Z,2026-06-16T10:13:14+0200,dd6516a5-5fe5-4565-873a-e64fa6b54cdc,2026-06-15T08:30:00Z,2026-06-15T10:30:00+0200,10168.6,MW,BE,BE,forecast_load,Forecasted Load,2026-06-16T08:13:23Z
2026-06-16T08:13:14Z,2026-06-16T10:13:14+0200,dd6516a5-5fe5-4565-873a-e64fa6b54cdc,2026-06-15T08:45:00Z,2026-06-15T10:45:00+0200,10179.0,MW,BE,BE,forecast_load,Forecasted Load,2026-06-16T08:13:23Z
2026-06-16T08:13:14Z,2026-06-16T10:13:14+0200,dd6516a5-5fe5-4565-873a-e64fa6b54cdc,2026-06-15T09:00:00Z,2026-06-15T11:00:00+0200,10274.54,MW,BE,BE,forecast_load,Forecasted Load,2026-06-16T08:13:23Z
2026-06-16T08:13:14Z,2026-06-16T10:13:14+0200,dd6516a5-5fe5-4565-873a-e64fa6b54cdc,2026-06-15T09:15:00Z,2026-06-15T11:15:00+0200,10385.67,MW,BE,BE,forecast_load,Forecasted Load,2026-06-16T08:13:23Z
2026-06-16T08:13:14Z,2026-06-16T10:13:14+0200,dd6516a5-5fe5-4565-873a-e64fa6b54cdc,2026-06-15T09:30:00Z,2026-06-15T11:30:00+0200,10408.29,MW,BE,BE,forecast_load,Forecasted Load,2026-06-16T08:13:23Z
2026-06-16T08:13:14Z,2026-06-16T10:13:14+0200,dd6516a5-5fe5-4565-873a-e64fa6b54cdc,2026-06-15T09:45:00Z,2026-06-15T11:45:00+0200,10394.98,MW,BE,BE,forecast_load,Forecasted Load,2026-06-16T08:13:23Z
2026-06-16T08:13:14Z,2026-06-16T10:13:14+0200,dd6516a5-5fe5-4565-873a-e64fa6b54cdc,2026-06-15T10:00:00Z,2026-06-15T12:00:00+0200,10292.41,MW,BE,BE,forecast_load,Forecasted Load,2026-06-16T08:13:23Z
2026-06-16T08:13:14Z,2026-06-16T10:13:14+0200,dd6516a5-5fe5-4565-873a-e64fa6b54cdc,2026-06-15T10:15:00Z,2026-06-15T12:15:00+0200,10198.13,MW,BE,BE,forecast_load,Forecasted Load,2026-06-16T08:13:23Z
2026-06-16T08:13:14Z,2026-06-16T10:13:14+0200,dd6516a5-5fe5-4565-873a-e64fa6b54cdc,2026-06-15T10:30:00Z,2026-06-15T12:30:00+0200,10228.52,MW,BE,BE,forecast_load,Forecasted Load,2026-06-16T08:13:23Z
2026-06-16T08:13:14Z,2026-06-16T10:13:14+0200,dd6516a5-5fe5-4565-873a-e64fa6b54cdc,2026-06-15T10:45:00Z,2026-06-15T12:45:00+0200,10254.95,MW,BE,BE,forecast_load,Forecasted Load,2026-06-16T08:13:23Z
2026-06-16T08:13:14Z,2026-06-16T10:13:14+0200,dd6516a5-5fe5-4565-873a-e64fa6b54cdc,2026-06-15T11:00:00Z,2026-06-15T13:00:00+0200,10290.93,MW,BE,BE,forecast_load,Forecasted Load,2026-06-16T08:13:23Z
2026-06-16T08:13:14Z,2026-06-16T10:13:14+0200,dd6516a5-5fe5-4565-873a-e64fa6b54cdc,2026-06-15T11:15:00Z,2026-06-15T13:15:00+0200,10289.32,MW,BE,BE,forecast_load,Forecasted Load,2026-06-16T08:13:23Z
2026-06-16T08:13:14Z,2026-06-16T10:13:14+0200,dd6516a5-5fe5-4565-873a-e64fa6b54cdc,2026-06-15T11:30:00Z,2026-06-15T13:30:00+0200,10273.43,MW,BE,BE,forecast_load,Forecasted Load,2026-06-16T08:13:23Z
2026-06-16T08:13:14Z,2026-06-16T10:13:14+0200,dd6516a5-5fe5-4565-873a-e64fa6b54cdc,2026-06-15T11:45:00Z,2026-06-15T13:45:00+0200,10263.51,MW,BE,BE,forecast_load,Forecasted Load,2026-06-16T08:13:23Z
2026-06-16T08:13:14Z,2026-06-16T10:13:14+0200,dd6516a5-5fe5-4565-873a-e64fa6b54cdc,2026-06-15T12:00:00Z,2026-06-15T14:00:00+0200,10246.1,MW,BE,BE,forecast_load,Forecasted Load,2026-06-16T08:13:23Z
2026-06-16T08:13:14Z,2026-06-16T10:13:14+0200,dd6516a5-5fe5-4565-873a-e64fa6b54cdc,2026-06-15T12:15:00Z,2026-06-15T14:15:00+0200,10131.12,MW,BE,BE,forecast_load,Forecasted Load,2026-06-16T08:13:23Z
2026-06-16T08:13:14Z,2026-06-16T10:13:14+0200,dd6516a5-5fe5-4565-873a-e64fa6b54cdc,2026-06-15T12:30:00Z,2026-06-15T14:30:00+0200,10069.22,MW,BE,BE,forecast_load,Forecasted Load,2026-06-16T08:13:23Z
2026-06-16T08:13:14Z,2026-06-16T10:13:14+0200,dd6516a5-5fe5-4565-873a-e64fa6b54cdc,2026-06-15T12:45:00Z,2026-06-15T14:45:00+0200,9982.87,MW,BE,BE,forecast_load,Forecasted Load,2026-06-16T08:13:23Z
2026-06-16T08:13:14Z,2026-06-16T10:13:14+0200,dd6516a5-5fe5-4565-873a-e64fa6b54cdc,2026-06-15T13:00:00Z,2026-06-15T15:00:00+0200,9974.52,MW,BE,BE,forecast_load,Forecasted Load,2026-06-16T08:13:23Z
2026-06-16T08:13:14Z,2026-06-16T10:13:14+0200,dd6516a5-5fe5-4565-873a-e64fa6b54cdc,2026-06-15T13:15:00Z,2026-06-15T15:15:00+0200,9791.27,MW,BE,BE,forecast_load,Forecasted Load,2026-06-16T08:13:23Z
2026-06-16T08:13:14Z,2026-06-16T10:13:14+0200,dd6516a5-5fe5-4565-873a-e64fa6b54cdc,2026-06-15T13:30:00Z,2026-06-15T15:30:00+0200,9673.43,MW,BE,BE,forecast_load,Forecasted Load,2026-06-16T08:13:23Z
2026-06-16T08:13:14Z,2026-06-16T10:13:14+0200,dd6516a5-5fe5-4565-873a-e64fa6b54cdc,2026-06-15T13:45:00Z,2026-06-15T15:45:00+0200,9716.37,MW,BE,BE,forecast_load,Forecasted Load,2026-06-16T08:13:23Z
2026-06-16T08:13:14Z,2026-06-16T10:13:14+0200,dd6516a5-5fe5-4565-873a-e64fa6b54cdc,2026-06-15T14:00:00Z,2026-06-15T16:00:00+0200,9664.7,MW,BE,BE,forecast_load,Forecasted Load,2026-06-16T08:13:23Z
2026-06-16T08:13:14Z,2026-06-16T10:13:14+0200,dd6516a5-5fe5-4565-873a-e64fa6b54cdc,2026-06-15T14:15:00Z,2026-06-15T16:15:00+0200,9556.74,MW,BE,BE,forecast_load,Forecasted Load,2026-06-16T08:13:23Z
2026-06-16T08:13:14Z,2026-06-16T10:13:14+0200,dd6516a5-5fe5-4565-873a-e64fa6b54cdc,2026-06-15T14:30:00Z,2026-06-15T16:30:00+0200,9528.38,MW,BE,BE,forecast_load,Forecasted Load,2026-06-16T08:13:23Z
2026-06-16T08:13:14Z,2026-06-16T10:13:14+0200,dd6516a5-5fe5-4565-873a-e64fa6b54cdc,2026-06-15T14:45:00Z,2026-06-15T16:45:00+0200,9545.57,MW,BE,BE,forecast_load,Forecasted Load,2026-06-16T08:13:23Z
2026-06-16T08:13:14Z,2026-06-16T10:13:14+0200,dd6516a5-5fe5-4565-873a-e64fa6b54cdc,2026-06-15T15:00:00Z,2026-06-15T17:00:00+0200,9471.52,MW,BE,BE,forecast_load,Forecasted Load,2026-06-16T08:13:23Z
2026-06-16T08:13:14Z,2026-06-16T10:13:14+0200,dd6516a5-5fe5-4565-873a-e64fa6b54cdc,2026-06-15T15:15:00Z,2026-06-15T17:15:00+0200,9513.13,MW,BE,BE,forecast_load,Forecasted Load,2026-06-16T08:13:23Z
2026-06-16T08:13:14Z,2026-06-16T10:13:14+0200,dd6516a5-5fe5-4565-873a-e64fa6b54cdc,2026-06-15T15:30:00Z,2026-06-15T17:30:00+0200,9544.41,MW,BE,BE,forecast_load,Forecasted Load,2026-06-16T08:13:23Z
2026-06-16T08:13:14Z,2026-06-16T10:13:14+0200,dd6516a5-5fe5-4565-873a-e64fa6b54cdc,2026-06-15T15:45:00Z,2026-06-15T17:45:00+0200,9613.49,MW,BE,BE,forecast_load,Forecasted Load,2026-06-16T08:13:23Z
2026-06-16T08:13:14Z,2026-06-16T10:13:14+0200,dd6516a5-5fe5-4565-873a-e64fa6b54cdc,2026-06-15T16:00:00Z,2026-06-15T18:00:00+0200,9672.88,MW,BE,BE,forecast_load,Forecasted Load,2026-06-16T08:13:23Z
2026-06-16T08:13:14Z,2026-06-16T10:13:14+0200,dd6516a5-5fe5-4565-873a-e64fa6b54cdc,2026-06-15T16:15:00Z,2026-06-15T18:15:00+0200,9690.08,MW,BE,BE,forecast_load,Forecasted Load,2026-06-16T08:13:23Z
2026-06-16T08:13:14Z,2026-06-16T10:13:14+0200,dd6516a5-5fe5-4565-873a-e64fa6b54cdc,2026-06-15T16:30:00Z,2026-06-15T18:30:00+0200,9718.61,MW,BE,BE,forecast_load,Forecasted Load,2026-06-16T08:13:23Z
2026-06-16T08:13:14Z,2026-06-16T10:13:14+0200,dd6516a5-5fe5-4565-873a-e64fa6b54cdc,2026-06-15T16:45:00Z,2026-06-15T18:45:00+0200,9722.19,MW,BE,BE,forecast_load,Forecasted Load,2026-06-16T08:13:23Z
2026-06-16T08:13:14Z,2026-06-16T10:13:14+0200,dd6516a5-5fe5-4565-873a-e64fa6b54cdc,2026-06-15T17:00:00Z,2026-06-15T19:00:00+0200,9713.74,MW,BE,BE,forecast_load,Forecasted Load,2026-06-16T08:13:23Z
2026-06-16T08:13:14Z,2026-06-16T10:13:14+0200,dd6516a5-5fe5-4565-873a-e64fa6b54cdc,2026-06-15T17:15:00Z,2026-06-15T19:15:00+0200,9688.05,MW,BE,BE,forecast_load,Forecasted Load,2026-06-16T08:13:23Z
2026-06-16T08:13:14Z,2026-06-16T10:13:14+0200,dd6516a5-5fe5-4565-873a-e64fa6b54cdc,2026-06-15T17:30:00Z,2026-06-15T19:30:00+0200,9609.67,MW,BE,BE,forecast_load,Forecasted Load,2026-06-16T08:13:23Z
2026-06-16T08:13:14Z,2026-06-16T10:13:14+0200,dd6516a5-5fe5-4565-873a-e64fa6b54cdc,2026-06-15T17:45:00Z,2026-06-15T19:45:00+0200,9413.46,MW,BE,BE,forecast_load,Forecasted Load,2026-06-16T08:13:23Z
2026-06-16T08:13:14Z,2026-06-16T10:13:14+0200,dd6516a5-5fe5-4565-873a-e64fa6b54cdc,2026-06-15T18:00:00Z,2026-06-15T20:00:00+0200,9406.54,MW,BE,BE,forecast_load,Forecasted Load,2026-06-16T08:13:23Z
2026-06-16T08:13:14Z,2026-06-16T10:13:14+0200,dd6516a5-5fe5-4565-873a-e64fa6b54cdc,2026-06-15T18:15:00Z,2026-06-15T20:15:00+0200,9222.94,MW,BE,BE,forecast_load,Forecasted Load,2026-06-16T08:13:23Z
2026-06-16T08:13:14Z,2026-06-16T10:13:14+0200,dd6516a5-5fe5-4565-873a-e64fa6b54cdc,2026-06-15T18:30:00Z,2026-06-15T20:30:00+0200,9158.5,MW,BE,BE,forecast_load,Forecasted Load,2026-06-16T08:13:23Z
2026-06-16T08:13:14Z,2026-06-16T10:13:14+0200,dd6516a5-5fe5-4565-873a-e64fa6b54cdc,2026-06-15T18:45:00Z,2026-06-15T20:45:00+0200,9024.83,MW,BE,BE,forecast_load,Forecasted Load,2026-06-16T08:13:23Z
2026-06-16T08:13:14Z,2026-06-16T10:13:14+0200,dd6516a5-5fe5-4565-873a-e64fa6b54cdc,2026-06-15T19:00:00Z,2026-06-15T21:00:00+0200,8940.57,MW,BE,BE,forecast_load,Forecasted Load,2026-06-16T08:13:23Z
2026-06-16T08:13:14Z,2026-06-16T10:13:14+0200,dd6516a5-5fe5-4565-873a-e64fa6b54cdc,2026-06-15T19:15:00Z,2026-06-15T21:15:00+0200,8865.38,MW,BE,BE,forecast_load,Forecasted Load,2026-06-16T08:13:23Z
2026-06-16T08:13:14Z,2026-06-16T10:13:14+0200,dd6516a5-5fe5-4565-873a-e64fa6b54cdc,2026-06-15T19:30:00Z,2026-06-15T21:30:00+0200,8812.39,MW,BE,BE,forecast_load,Forecasted Load,2026-06-16T08:13:23Z
2026-06-16T08:13:14Z,2026-06-16T10:13:14+0200,dd6516a5-5fe5-4565-873a-e64fa6b54cdc,2026-06-15T19:45:00Z,2026-06-15T21:45:00+0200,8741.59,MW,BE,BE,forecast_load,Forecasted Load,2026-06-16T08:13:23Z
2026-06-16T08:13:14Z,2026-06-16T10:13:14+0200,dd6516a5-5fe5-4565-873a-e64fa6b54cdc,2026-06-15T20:00:00Z,2026-06-15T22:00:00+0200,8758.62,MW,BE,BE,forecast_load,Forecasted Load,2026-06-16T08:13:23Z
2026-06-16T08:13:14Z,2026-06-16T10:13:14+0200,dd6516a5-5fe5-4565-873a-e64fa6b54cdc,2026-06-15T20:15:00Z,2026-06-15T22:15:00+0200,8807.41,MW,BE,BE,forecast_load,Forecasted Load,2026-06-16T08:13:23Z
2026-06-16T08:13:14Z,2026-06-16T10:13:14+0200,dd6516a5-5fe5-4565-873a-e64fa6b54cdc,2026-06-15T20:30:00Z,2026-06-15T22:30:00+0200,8768.15,MW,BE,BE,forecast_load,Forecasted Load,2026-06-16T08:13:23Z
2026-06-16T08:13:14Z,2026-06-16T10:13:14+0200,dd6516a5-5fe5-4565-873a-e64fa6b54cdc,2026-06-15T20:45:00Z,2026-06-15T22:45:00+0200,8706.37,MW,BE,BE,forecast_load,Forecasted Load,2026-06-16T08:13:23Z
2026-06-16T08:13:14Z,2026-06-16T10:13:14+0200,dd6516a5-5fe5-4565-873a-e64fa6b54cdc,2026-06-15T21:00:00Z,2026-06-15T23:00:00+0200,8634.81,MW,BE,BE,forecast_load,Forecasted Load,2026-06-16T08:13:23Z
2026-06-16T08:13:14Z,2026-06-16T10:13:14+0200,dd6516a5-5fe5-4565-873a-e64fa6b54cdc,2026-06-15T21:15:00Z,2026-06-15T23:15:00+0200,8584.57,MW,BE,BE,forecast_load,Forecasted Load,2026-06-16T08:13:23Z
2026-06-16T08:13:14Z,2026-06-16T10:13:14+0200,dd6516a5-5fe5-4565-873a-e64fa6b54cdc,2026-06-15T21:30:00Z,2026-06-15T23:30:00+0200,8409.62,MW,BE,BE,forecast_load,Forecasted Load,2026-06-16T08:13:23Z
2026-06-16T08:13:14Z,2026-06-16T10:13:14+0200,dd6516a5-5fe5-4565-873a-e64fa6b54cdc,2026-06-15T21:45:00Z,2026-06-15T23:45:00+0200,8246.72,MW,BE,BE,forecast_load,Forecasted Load,2026-06-16T08:13:23Z
2026-06-16T08:13:14Z,2026-06-16T10:13:14+0200,dd6516a5-5fe5-4565-873a-e64fa6b54cdc,2026-06-15T22:00:00Z,2026-06-16T00:00:00+0200,8152.26,MW,BE,BE,forecast_load,Forecasted Load,2026-06-16T08:13:23Z
2026-06-16T08:13:14Z,2026-06-16T10:13:14+0200,dd6516a5-5fe5-4565-873a-e64fa6b54cdc,2026-06-15T22:15:00Z,2026-06-16T00:15:00+0200,8037.14,MW,BE,BE,forecast_load,Forecasted Load,2026-06-16T08:13:23Z
2026-06-16T08:13:14Z,2026-06-16T10:13:14+0200,dd6516a5-5fe5-4565-873a-e64fa6b54cdc,2026-06-15T22:30:00Z,2026-06-16T00:30:00+0200,7960.35,MW,BE,BE,forecast_load,Forecasted Load,2026-06-16T08:13:23Z
2026-06-16T08:13:14Z,2026-06-16T10:13:14+0200,dd6516a5-5fe5-4565-873a-e64fa6b54cdc,2026-06-15T22:45:00Z,2026-06-16T00:45:00+0200,7862.45,MW,BE,BE,forecast_load,Forecasted Load,2026-06-16T08:13:23Z
2026-06-16T08:13:14Z,2026-06-16T10:13:14+0200,dd6516a5-5fe5-4565-873a-e64fa6b54cdc,2026-06-15T23:00:00Z,2026-06-16T01:00:00+0200,7755.65,MW,BE,BE,forecast_load,Forecasted Load,2026-06-16T08:13:23Z
2026-06-16T08:13:14Z,2026-06-16T10:13:14+0200,dd6516a5-5fe5-4565-873a-e64fa6b54cdc,2026-06-15T23:15:00Z,2026-06-16T01:15:00+0200,7654.93,MW,BE,BE,forecast_load,Forecasted Load,2026-06-16T08:13:23Z
2026-06-16T08:13:14Z,2026-06-16T10:13:14+0200,dd6516a5-5fe5-4565-873a-e64fa6b54cdc,2026-06-15T23:30:00Z,2026-06-16T01:30:00+0200,7669.76,MW,BE,BE,forecast_load,Forecasted Load,2026-06-16T08:13:23Z
2026-06-16T08:13:14Z,2026-06-16T10:13:14+0200,dd6516a5-5fe5-4565-873a-e64fa6b54cdc,2026-06-15T23:45:00Z,2026-06-16T01:45:00+0200,7586.11,MW,BE,BE,forecast_load,Forecasted Load,2026-06-16T08:13:23Z
2026-06-16T08:13:14Z,2026-06-16T10:13:14+0200,dd6516a5-5fe5-4565-873a-e64fa6b54cdc,2026-06-16T00:00:00Z,2026-06-16T02:00:00+0200,7585.57,MW,BE,BE,forecast_load,Forecasted Load,2026-06-16T08:13:23Z
2026-06-16T08:13:14Z,2026-06-16T10:13:14+0200,dd6516a5-5fe5-4565-873a-e64fa6b54cdc,2026-06-16T00:15:00Z,2026-06-16T02:15:00+0200,7541.19,MW,BE,BE,forecast_load,Forecasted Load,2026-06-16T08:13:23Z
2026-06-16T08:13:14Z,2026-06-16T10:13:14+0200,dd6516a5-5fe5-4565-873a-e64fa6b54cdc,2026-06-16T00:30:00Z,2026-06-16T02:30:00+0200,7510.43,MW,BE,BE,forecast_load,Forecasted Load,2026-06-16T08:13:23Z
2026-06-16T08:13:14Z,2026-06-16T10:13:14+0200,dd6516a5-5fe5-4565-873a-e64fa6b54cdc,2026-06-16T00:45:00Z,2026-06-16T02:45:00+0200,7470.74,MW,BE,BE,forecast_load,Forecasted Load,2026-06-16T08:13:23Z
2026-06-16T08:13:14Z,2026-06-16T10:13:14+0200,dd6516a5-5fe5-4565-873a-e64fa6b54cdc,2026-06-16T01:00:00Z,2026-06-16T03:00:00+0200,7437.92,MW,BE,BE,forecast_load,Forecasted Load,2026-06-16T08:13:23Z
2026-06-16T08:13:14Z,2026-06-16T10:13:14+0200,dd6516a5-5fe5-4565-873a-e64fa6b54cdc,2026-06-16T01:15:00Z,2026-06-16T03:15:00+0200,7421.41,MW,BE,BE,forecast_load,Forecasted Load,2026-06-16T08:13:23Z
2026-06-16T08:13:14Z,2026-06-16T10:13:14+0200,dd6516a5-5fe5-4565-873a-e64fa6b54cdc,2026-06-16T01:30:00Z,2026-06-16T03:30:00+0200,7400.97,MW,BE,BE,forecast_load,Forecasted Load,2026-06-16T08:13:23Z
2026-06-16T08:13:14Z,2026-06-16T10:13:14+0200,dd6516a5-5fe5-4565-873a-e64fa6b54cdc,2026-06-16T01:45:00Z,2026-06-16T03:45:00+0200,7383.17,MW,BE,BE,forecast_load,Forecasted Load,2026-06-16T08:13:23Z
2026-06-16T08:13:14Z,2026-06-16T10:13:14+0200,dd6516a5-5fe5-4565-873a-e64fa6b54cdc,2026-06-16T02:00:00Z,2026-06-16T04:00:00+0200,7476.3,MW,BE,BE,forecast_load,Forecasted Load,2026-06-16T08:13:23Z
2026-06-16T08:13:14Z,2026-06-16T10:13:14+0200,dd6516a5-5fe5-4565-873a-e64fa6b54cdc,2026-06-16T02:15:00Z,2026-06-16T04:15:00+0200,7480.34,MW,BE,BE,forecast_load,Forecasted Load,2026-06-16T08:13:23Z
2026-06-16T08:13:14Z,2026-06-16T10:13:14+0200,dd6516a5-5fe5-4565-873a-e64fa6b54cdc,2026-06-16T02:30:00Z,2026-06-16T04:30:00+0200,7499.83,MW,BE,BE,forecast_load,Forecasted Load,2026-06-16T08:13:23Z
2026-06-16T08:13:14Z,2026-06-16T10:13:14+0200,dd6516a5-5fe5-4565-873a-e64fa6b54cdc,2026-06-16T02:45:00Z,2026-06-16T04:45:00+0200,7529.0,MW,BE,BE,forecast_load,Forecasted Load,2026-06-16T08:13:23Z
2026-06-16T08:13:14Z,2026-06-16T10:13:14+0200,dd6516a5-5fe5-4565-873a-e64fa6b54cdc,2026-06-16T03:00:00Z,2026-06-16T05:00:00+0200,7647.92,MW,BE,BE,forecast_load,Forecasted Load,2026-06-16T08:13:23Z
2026-06-16T08:13:14Z,2026-06-16T10:13:14+0200,dd6516a5-5fe5-4565-873a-e64fa6b54cdc,2026-06-16T03:15:00Z,2026-06-16T05:15:00+0200,7680.06,MW,BE,BE,forecast_load,Forecasted Load,2026-06-16T08:13:23Z
2026-06-16T08:13:14Z,2026-06-16T10:13:14+0200,dd6516a5-5fe5-4565-873a-e64fa6b54cdc,2026-06-16T03:30:00Z,2026-06-16T05:30:00+0200,7737.12,MW,BE,BE,forecast_load,Forecasted Load,2026-06-16T08:13:23Z
2026-06-16T08:13:14Z,2026-06-16T10:13:14+0200,dd6516a5-5fe5-4565-873a-e64fa6b54cdc,2026-06-16T03:45:00Z,2026-06-16T05:45:00+0200,7778.31,MW,BE,BE,forecast_load,Forecasted Load,2026-06-16T08:13:23Z
2026-06-16T08:13:14Z,2026-06-16T10:13:14+0200,dd6516a5-5fe5-4565-873a-e64fa6b54cdc,2026-06-16T04:00:00Z,2026-06-16T06:00:00+0200,8074.44,MW,BE,BE,forecast_load,Forecasted Load,2026-06-16T08:13:23Z
2026-06-16T08:13:14Z,2026-06-16T10:13:14+0200,dd6516a5-5fe5-4565-873a-e64fa6b54cdc,2026-06-16T04:15:00Z,2026-06-16T06:15:00+0200,8263.91,MW,BE,BE,forecast_load,Forecasted Load,2026-06-16T08:13:23Z
2026-06-16T08:13:14Z,2026-06-16T10:13:14+0200,dd6516a5-5fe5-4565-873a-e64fa6b54cdc,2026-06-16T04:30:00Z,2026-06-16T06:30:00+0200,8493.78,MW,BE,BE,forecast_load,Forecasted Load,2026-06-16T08:13:23Z
2026-06-16T08:13:14Z,2026-06-16T10:13:14+0200,dd6516a5-5fe5-4565-873a-e64fa6b54cdc,2026-06-16T04:45:00Z,2026-06-16T06:45:00+0200,8683.43,MW,BE,BE,forecast_load,Forecasted Load,2026-06-16T08:13:23Z
2026-06-16T08:13:14Z,2026-06-16T10:13:14+0200,dd6516a5-5fe5-4565-873a-e64fa6b54cdc,2026-06-16T05:00:00Z,2026-06-16T07:00:00+0200,8886.85,MW,BE,BE,forecast_load,Forecasted Load,2026-06-16T08:13:23Z
2026-06-16T08:13:14Z,2026-06-16T10:13:14+0200,dd6516a5-5fe5-4565-873a-e64fa6b54cdc,2026-06-16T05:15:00Z,2026-06-16T07:15:00+0200,9103.53,MW,BE,BE,forecast_load,Forecasted Load,2026-06-16T08:13:23Z
2026-06-16T08:13:14Z,2026-06-16T10:13:14+0200,dd6516a5-5fe5-4565-873a-e64fa6b54cdc,2026-06-16T05:30:00Z,2026-06-16T07:30:00+0200,9281.6,MW,BE,BE,forecast_load,Forecasted Load,2026-06-16T08:13:23Z
2026-06-16T08:13:14Z,2026-06-16T10:13:14+0200,dd6516a5-5fe5-4565-873a-e64fa6b54cdc,2026-06-16T05:45:00Z,2026-06-16T07:45:00+0200,9441.4,MW,BE,BE,forecast_load,Forecasted Load,2026-06-16T08:13:23Z
2026-06-16T08:13:14Z,2026-06-16T10:13:14+0200,dd6516a5-5fe5-4565-873a-e64fa6b54cdc,2026-06-16T06:00:00Z,2026-06-16T08:00:00+0200,9518.88,MW,BE,BE,forecast_load,Forecasted Load,2026-06-16T08:13:23Z
2026-06-16T08:13:14Z,2026-06-16T10:13:14+0200,dd6516a5-5fe5-4565-873a-e64fa6b54cdc,2026-06-16T06:15:00Z,2026-06-16T08:15:00+0200,9647.79,MW,BE,BE,forecast_load,Forecasted Load,2026-06-16T08:13:23Z
2026-06-16T08:13:14Z,2026-06-16T10:13:14+0200,dd6516a5-5fe5-4565-873a-e64fa6b54cdc,2026-06-16T06:30:00Z,2026-06-16T08:30:00+0200,9835.87,MW,BE,BE,forecast_load,Forecasted Load,2026-06-16T08:13:23Z
2026-06-16T08:13:14Z,2026-06-16T10:13:14+0200,dd6516a5-5fe5-4565-873a-e64fa6b54cdc,2026-06-16T06:45:00Z,2026-06-16T08:45:00+0200,9970.64,MW,BE,BE,forecast_load,Forecasted Load,2026-06-16T08:13:23Z
2026-06-16T08:13:14Z,2026-06-16T10:13:14+0200,dd6516a5-5fe5-4565-873a-e64fa6b54cdc,2026-06-16T07:00:00Z,2026-06-16T09:00:00+0200,9966.56,MW,BE,BE,forecast_load,Forecasted Load,2026-06-16T08:13:23Z
2026-06-16T08:13:14Z,2026-06-16T10:13:14+0200,dd6516a5-5fe5-4565-873a-e64fa6b54cdc,2026-06-16T07:15:00Z,2026-06-16T09:15:00+0200,10059.06,MW,BE,BE,forecast_load,Forecasted Load,2026-06-16T08:13:23Z
2026-06-16T08:13:14Z,2026-06-16T10:13:14+0200,dd6516a5-5fe5-4565-873a-e64fa6b54cdc,2026-06-16T07:30:00Z,2026-06-16T09:30:00+0200,10101.21,MW,BE,BE,forecast_load,Forecasted Load,2026-06-16T08:13:23Z
2026-06-16T08:13:14Z,2026-06-16T10:13:14+0200,dd6516a5-5fe5-4565-873a-e64fa6b54cdc,2026-06-16T07:45:00Z,2026-06-16T09:45:00+0200,10144.98,MW,BE,BE,forecast_load,Forecasted Load,2026-06-16T08:13:23Z
