collection_time_utc,collection_time_local,run_id,timestamp_utc,timestamp_local,value,unit,country,entsoe_area,variable,source,updated_at_utc
2026-05-31T16:02:57Z,2026-05-31T18:02:57+0200,611fde5d-54b0-4507-9ef0-5698875a33e4,2026-04-30T17:00:00Z,2026-04-30T19:00:00+0200,835.33375,MW,BE,BE,forecast_solar_generation,Solar,2026-05-31T16:03:09Z
2026-05-31T16:02:57Z,2026-05-31T18:02:57+0200,611fde5d-54b0-4507-9ef0-5698875a33e4,2026-04-30T18:00:00Z,2026-04-30T20:00:00+0200,148.909999,MW,BE,BE,forecast_solar_generation,Solar,2026-05-31T16:03:09Z
2026-05-31T16:02:57Z,2026-05-31T18:02:57+0200,611fde5d-54b0-4507-9ef0-5698875a33e4,2026-04-30T19:00:00Z,2026-04-30T21:00:00+0200,0.22225,MW,BE,BE,forecast_solar_generation,Solar,2026-05-31T16:03:09Z
2026-05-31T16:02:57Z,2026-05-31T18:02:57+0200,611fde5d-54b0-4507-9ef0-5698875a33e4,2026-04-30T20:00:00Z,2026-04-30T22:00:00+0200,0.0,MW,BE,BE,forecast_solar_generation,Solar,2026-05-31T16:03:09Z
2026-05-31T16:02:57Z,2026-05-31T18:02:57+0200,611fde5d-54b0-4507-9ef0-5698875a33e4,2026-04-30T21:00:00Z,2026-04-30T23:00:00+0200,0.0,MW,BE,BE,forecast_solar_generation,Solar,2026-05-31T16:03:09Z
2026-05-31T16:02:57Z,2026-05-31T18:02:57+0200,611fde5d-54b0-4507-9ef0-5698875a33e4,2026-04-30T22:00:00Z,2026-05-01T00:00:00+0200,0.0,MW,BE,BE,forecast_solar_generation,Solar,2026-05-31T16:03:09Z
2026-05-31T16:02:57Z,2026-05-31T18:02:57+0200,611fde5d-54b0-4507-9ef0-5698875a33e4,2026-04-30T23:00:00Z,2026-05-01T01:00:00+0200,0.0,MW,BE,BE,forecast_solar_generation,Solar,2026-05-31T16:03:09Z
2026-05-31T16:02:57Z,2026-05-31T18:02:57+0200,611fde5d-54b0-4507-9ef0-5698875a33e4,2026-05-01T00:00:00Z,2026-05-01T02:00:00+0200,0.0,MW,BE,BE,forecast_solar_generation,Solar,2026-05-31T16:03:09Z
2026-05-31T16:02:57Z,2026-05-31T18:02:57+0200,611fde5d-54b0-4507-9ef0-5698875a33e4,2026-05-01T01:00:00Z,2026-05-01T03:00:00+0200,0.0,MW,BE,BE,forecast_solar_generation,Solar,2026-05-31T16:03:09Z
2026-05-31T16:02:57Z,2026-05-31T18:02:57+0200,611fde5d-54b0-4507-9ef0-5698875a33e4,2026-05-01T02:00:00Z,2026-05-01T04:00:00+0200,0.0,MW,BE,BE,forecast_solar_generation,Solar,2026-05-31T16:03:09Z
2026-05-31T16:02:57Z,2026-05-31T18:02:57+0200,611fde5d-54b0-4507-9ef0-5698875a33e4,2026-05-01T03:00:00Z,2026-05-01T05:00:00+0200,0.0,MW,BE,BE,forecast_solar_generation,Solar,2026-05-31T16:03:09Z
2026-05-31T16:02:57Z,2026-05-31T18:02:57+0200,611fde5d-54b0-4507-9ef0-5698875a33e4,2026-05-01T04:00:00Z,2026-05-01T06:00:00+0200,83.91475,MW,BE,BE,forecast_solar_generation,Solar,2026-05-31T16:03:09Z
2026-05-31T16:02:57Z,2026-05-31T18:02:57+0200,611fde5d-54b0-4507-9ef0-5698875a33e4,2026-05-01T05:00:00Z,2026-05-01T07:00:00+0200,546.117499,MW,BE,BE,forecast_solar_generation,Solar,2026-05-31T16:03:09Z
2026-05-31T16:02:57Z,2026-05-31T18:02:57+0200,611fde5d-54b0-4507-9ef0-5698875a33e4,2026-05-01T06:00:00Z,2026-05-01T08:00:00+0200,2064.37325,MW,BE,BE,forecast_solar_generation,Solar,2026-05-31T16:03:09Z
2026-05-31T16:02:57Z,2026-05-31T18:02:57+0200,611fde5d-54b0-4507-9ef0-5698875a33e4,2026-05-01T07:00:00Z,2026-05-01T09:00:00+0200,4159.383242,MW,BE,BE,forecast_solar_generation,Solar,2026-05-31T16:03:09Z
2026-05-31T16:02:57Z,2026-05-31T18:02:57+0200,611fde5d-54b0-4507-9ef0-5698875a33e4,2026-05-01T08:00:00Z,2026-05-01T10:00:00+0200,5903.694251,MW,BE,BE,forecast_solar_generation,Solar,2026-05-31T16:03:09Z
2026-05-31T16:02:57Z,2026-05-31T18:02:57+0200,611fde5d-54b0-4507-9ef0-5698875a33e4,2026-05-01T09:00:00Z,2026-05-01T11:00:00+0200,7238.915257,MW,BE,BE,forecast_solar_generation,Solar,2026-05-31T16:03:09Z
2026-05-31T16:02:57Z,2026-05-31T18:02:57+0200,611fde5d-54b0-4507-9ef0-5698875a33e4,2026-05-01T10:00:00Z,2026-05-01T12:00:00+0200,8072.276507,MW,BE,BE,forecast_solar_generation,Solar,2026-05-31T16:03:09Z
2026-05-31T16:02:57Z,2026-05-31T18:02:57+0200,611fde5d-54b0-4507-9ef0-5698875a33e4,2026-05-01T11:00:00Z,2026-05-01T13:00:00+0200,8388.712236,MW,BE,BE,forecast_solar_generation,Solar,2026-05-31T16:03:09Z
2026-05-31T16:02:57Z,2026-05-31T18:02:57+0200,611fde5d-54b0-4507-9ef0-5698875a33e4,2026-05-01T12:00:00Z,2026-05-01T14:00:00+0200,8226.07849,MW,BE,BE,forecast_solar_generation,Solar,2026-05-31T16:03:09Z
2026-05-31T16:02:57Z,2026-05-31T18:02:57+0200,611fde5d-54b0-4507-9ef0-5698875a33e4,2026-05-01T13:00:00Z,2026-05-01T15:00:00+0200,7534.491002,MW,BE,BE,forecast_solar_generation,Solar,2026-05-31T16:03:09Z
2026-05-31T16:02:57Z,2026-05-31T18:02:57+0200,611fde5d-54b0-4507-9ef0-5698875a33e4,2026-05-01T14:00:00Z,2026-05-01T16:00:00+0200,6329.30951,MW,BE,BE,forecast_solar_generation,Solar,2026-05-31T16:03:09Z
2026-05-31T16:02:57Z,2026-05-31T18:02:57+0200,611fde5d-54b0-4507-9ef0-5698875a33e4,2026-05-01T15:00:00Z,2026-05-01T17:00:00+0200,4820.025254,MW,BE,BE,forecast_solar_generation,Solar,2026-05-31T16:03:09Z
2026-05-31T16:02:57Z,2026-05-31T18:02:57+0200,611fde5d-54b0-4507-9ef0-5698875a33e4,2026-05-01T16:00:00Z,2026-05-01T18:00:00+0200,2753.577246,MW,BE,BE,forecast_solar_generation,Solar,2026-05-31T16:03:09Z
2026-05-31T16:02:57Z,2026-05-31T18:02:57+0200,611fde5d-54b0-4507-9ef0-5698875a33e4,2026-05-01T17:00:00Z,2026-05-01T19:00:00+0200,848.536003,MW,BE,BE,forecast_solar_generation,Solar,2026-05-31T16:03:09Z
2026-05-31T16:02:57Z,2026-05-31T18:02:57+0200,611fde5d-54b0-4507-9ef0-5698875a33e4,2026-05-01T18:00:00Z,2026-05-01T20:00:00+0200,158.0515,MW,BE,BE,forecast_solar_generation,Solar,2026-05-31T16:03:09Z
2026-05-31T16:02:57Z,2026-05-31T18:02:57+0200,611fde5d-54b0-4507-9ef0-5698875a33e4,2026-05-01T19:00:00Z,2026-05-01T21:00:00+0200,0.519,MW,BE,BE,forecast_solar_generation,Solar,2026-05-31T16:03:09Z
2026-05-31T16:02:57Z,2026-05-31T18:02:57+0200,611fde5d-54b0-4507-9ef0-5698875a33e4,2026-05-01T20:00:00Z,2026-05-01T22:00:00+0200,0.0,MW,BE,BE,forecast_solar_generation,Solar,2026-05-31T16:03:09Z
2026-05-31T16:02:57Z,2026-05-31T18:02:57+0200,611fde5d-54b0-4507-9ef0-5698875a33e4,2026-05-01T21:00:00Z,2026-05-01T23:00:00+0200,0.0,MW,BE,BE,forecast_solar_generation,Solar,2026-05-31T16:03:09Z
2026-05-31T16:02:57Z,2026-05-31T18:02:57+0200,611fde5d-54b0-4507-9ef0-5698875a33e4,2026-05-01T22:00:00Z,2026-05-02T00:00:00+0200,0.0,MW,BE,BE,forecast_solar_generation,Solar,2026-05-31T16:03:09Z
2026-05-31T16:02:57Z,2026-05-31T18:02:57+0200,611fde5d-54b0-4507-9ef0-5698875a33e4,2026-05-01T23:00:00Z,2026-05-02T01:00:00+0200,0.0,MW,BE,BE,forecast_solar_generation,Solar,2026-05-31T16:03:09Z
2026-05-31T16:02:57Z,2026-05-31T18:02:57+0200,611fde5d-54b0-4507-9ef0-5698875a33e4,2026-05-02T00:00:00Z,2026-05-02T02:00:00+0200,0.0,MW,BE,BE,forecast_solar_generation,Solar,2026-05-31T16:03:09Z
2026-05-31T16:02:57Z,2026-05-31T18:02:57+0200,611fde5d-54b0-4507-9ef0-5698875a33e4,2026-05-02T01:00:00Z,2026-05-02T03:00:00+0200,0.0,MW,BE,BE,forecast_solar_generation,Solar,2026-05-31T16:03:09Z
2026-05-31T16:02:57Z,2026-05-31T18:02:57+0200,611fde5d-54b0-4507-9ef0-5698875a33e4,2026-05-02T02:00:00Z,2026-05-02T04:00:00+0200,0.0,MW,BE,BE,forecast_solar_generation,Solar,2026-05-31T16:03:09Z
2026-05-31T16:02:57Z,2026-05-31T18:02:57+0200,611fde5d-54b0-4507-9ef0-5698875a33e4,2026-05-02T03:00:00Z,2026-05-02T05:00:00+0200,0.0,MW,BE,BE,forecast_solar_generation,Solar,2026-05-31T16:03:09Z
2026-05-31T16:02:57Z,2026-05-31T18:02:57+0200,611fde5d-54b0-4507-9ef0-5698875a33e4,2026-05-02T04:00:00Z,2026-05-02T06:00:00+0200,91.09175,MW,BE,BE,forecast_solar_generation,Solar,2026-05-31T16:03:09Z
2026-05-31T16:02:57Z,2026-05-31T18:02:57+0200,611fde5d-54b0-4507-9ef0-5698875a33e4,2026-05-02T05:00:00Z,2026-05-02T07:00:00+0200,625.138499,MW,BE,BE,forecast_solar_generation,Solar,2026-05-31T16:03:09Z
2026-05-31T16:02:57Z,2026-05-31T18:02:57+0200,611fde5d-54b0-4507-9ef0-5698875a33e4,2026-05-02T06:00:00Z,2026-05-02T08:00:00+0200,1672.77925,MW,BE,BE,forecast_solar_generation,Solar,2026-05-31T16:03:09Z
2026-05-31T16:02:57Z,2026-05-31T18:02:57+0200,611fde5d-54b0-4507-9ef0-5698875a33e4,2026-05-02T07:00:00Z,2026-05-02T09:00:00+0200,3065.480501,MW,BE,BE,forecast_solar_generation,Solar,2026-05-31T16:03:09Z
2026-05-31T16:02:57Z,2026-05-31T18:02:57+0200,611fde5d-54b0-4507-9ef0-5698875a33e4,2026-05-02T08:00:00Z,2026-05-02T10:00:00+0200,4303.389498,MW,BE,BE,forecast_solar_generation,Solar,2026-05-31T16:03:09Z
2026-05-31T16:02:57Z,2026-05-31T18:02:57+0200,611fde5d-54b0-4507-9ef0-5698875a33e4,2026-05-02T09:00:00Z,2026-05-02T11:00:00+0200,5107.370752,MW,BE,BE,forecast_solar_generation,Solar,2026-05-31T16:03:09Z
2026-05-31T16:02:57Z,2026-05-31T18:02:57+0200,611fde5d-54b0-4507-9ef0-5698875a33e4,2026-05-02T10:00:00Z,2026-05-02T12:00:00+0200,5546.488251,MW,BE,BE,forecast_solar_generation,Solar,2026-05-31T16:03:09Z
2026-05-31T16:02:57Z,2026-05-31T18:02:57+0200,611fde5d-54b0-4507-9ef0-5698875a33e4,2026-05-02T11:00:00Z,2026-05-02T13:00:00+0200,5636.95,MW,BE,BE,forecast_solar_generation,Solar,2026-05-31T16:03:09Z
2026-05-31T16:02:57Z,2026-05-31T18:02:57+0200,611fde5d-54b0-4507-9ef0-5698875a33e4,2026-05-02T12:00:00Z,2026-05-02T14:00:00+0200,5502.334499,MW,BE,BE,forecast_solar_generation,Solar,2026-05-31T16:03:09Z
2026-05-31T16:02:57Z,2026-05-31T18:02:57+0200,611fde5d-54b0-4507-9ef0-5698875a33e4,2026-05-02T13:00:00Z,2026-05-02T15:00:00+0200,5045.218256,MW,BE,BE,forecast_solar_generation,Solar,2026-05-31T16:03:09Z
2026-05-31T16:02:57Z,2026-05-31T18:02:57+0200,611fde5d-54b0-4507-9ef0-5698875a33e4,2026-05-02T14:00:00Z,2026-05-02T16:00:00+0200,4073.745999,MW,BE,BE,forecast_solar_generation,Solar,2026-05-31T16:03:09Z
2026-05-31T16:02:57Z,2026-05-31T18:02:57+0200,611fde5d-54b0-4507-9ef0-5698875a33e4,2026-05-02T15:00:00Z,2026-05-02T17:00:00+0200,2706.692749,MW,BE,BE,forecast_solar_generation,Solar,2026-05-31T16:03:09Z
2026-05-31T16:02:57Z,2026-05-31T18:02:57+0200,611fde5d-54b0-4507-9ef0-5698875a33e4,2026-05-02T16:00:00Z,2026-05-02T18:00:00+0200,1448.043499,MW,BE,BE,forecast_solar_generation,Solar,2026-05-31T16:03:09Z
2026-05-31T16:02:57Z,2026-05-31T18:02:57+0200,611fde5d-54b0-4507-9ef0-5698875a33e4,2026-05-02T17:00:00Z,2026-05-02T19:00:00+0200,680.845248,MW,BE,BE,forecast_solar_generation,Solar,2026-05-31T16:03:09Z
2026-05-31T16:02:57Z,2026-05-31T18:02:57+0200,611fde5d-54b0-4507-9ef0-5698875a33e4,2026-05-02T18:00:00Z,2026-05-02T20:00:00+0200,152.56975,MW,BE,BE,forecast_solar_generation,Solar,2026-05-31T16:03:09Z
2026-05-31T16:02:57Z,2026-05-31T18:02:57+0200,611fde5d-54b0-4507-9ef0-5698875a33e4,2026-05-02T19:00:00Z,2026-05-02T21:00:00+0200,0.457,MW,BE,BE,forecast_solar_generation,Solar,2026-05-31T16:03:09Z
2026-05-31T16:02:57Z,2026-05-31T18:02:57+0200,611fde5d-54b0-4507-9ef0-5698875a33e4,2026-05-02T20:00:00Z,2026-05-02T22:00:00+0200,0.0,MW,BE,BE,forecast_solar_generation,Solar,2026-05-31T16:03:09Z
2026-05-31T16:02:57Z,2026-05-31T18:02:57+0200,611fde5d-54b0-4507-9ef0-5698875a33e4,2026-05-02T21:00:00Z,2026-05-02T23:00:00+0200,0.0,MW,BE,BE,forecast_solar_generation,Solar,2026-05-31T16:03:09Z
2026-05-31T16:02:57Z,2026-05-31T18:02:57+0200,611fde5d-54b0-4507-9ef0-5698875a33e4,2026-05-02T22:00:00Z,2026-05-03T00:00:00+0200,0.0,MW,BE,BE,forecast_solar_generation,Solar,2026-05-31T16:03:09Z
2026-05-31T16:02:57Z,2026-05-31T18:02:57+0200,611fde5d-54b0-4507-9ef0-5698875a33e4,2026-05-02T23:00:00Z,2026-05-03T01:00:00+0200,0.0,MW,BE,BE,forecast_solar_generation,Solar,2026-05-31T16:03:09Z
2026-05-31T16:02:57Z,2026-05-31T18:02:57+0200,611fde5d-54b0-4507-9ef0-5698875a33e4,2026-05-03T00:00:00Z,2026-05-03T02:00:00+0200,0.0,MW,BE,BE,forecast_solar_generation,Solar,2026-05-31T16:03:09Z
2026-05-31T16:02:57Z,2026-05-31T18:02:57+0200,611fde5d-54b0-4507-9ef0-5698875a33e4,2026-05-03T01:00:00Z,2026-05-03T03:00:00+0200,0.0,MW,BE,BE,forecast_solar_generation,Solar,2026-05-31T16:03:09Z
2026-05-31T16:02:57Z,2026-05-31T18:02:57+0200,611fde5d-54b0-4507-9ef0-5698875a33e4,2026-05-03T02:00:00Z,2026-05-03T04:00:00+0200,0.0,MW,BE,BE,forecast_solar_generation,Solar,2026-05-31T16:03:09Z
2026-05-31T16:02:57Z,2026-05-31T18:02:57+0200,611fde5d-54b0-4507-9ef0-5698875a33e4,2026-05-03T03:00:00Z,2026-05-03T05:00:00+0200,0.0,MW,BE,BE,forecast_solar_generation,Solar,2026-05-31T16:03:09Z
2026-05-31T16:02:57Z,2026-05-31T18:02:57+0200,611fde5d-54b0-4507-9ef0-5698875a33e4,2026-05-03T04:00:00Z,2026-05-03T06:00:00+0200,67.8035,MW,BE,BE,forecast_solar_generation,Solar,2026-05-31T16:03:09Z
2026-05-31T16:02:57Z,2026-05-31T18:02:57+0200,611fde5d-54b0-4507-9ef0-5698875a33e4,2026-05-03T05:00:00Z,2026-05-03T07:00:00+0200,468.6295,MW,BE,BE,forecast_solar_generation,Solar,2026-05-31T16:03:09Z
2026-05-31T16:02:57Z,2026-05-31T18:02:57+0200,611fde5d-54b0-4507-9ef0-5698875a33e4,2026-05-03T06:00:00Z,2026-05-03T08:00:00+0200,989.41625,MW,BE,BE,forecast_solar_generation,Solar,2026-05-31T16:03:09Z
2026-05-31T16:02:57Z,2026-05-31T18:02:57+0200,611fde5d-54b0-4507-9ef0-5698875a33e4,2026-05-03T07:00:00Z,2026-05-03T09:00:00+0200,1402.967,MW,BE,BE,forecast_solar_generation,Solar,2026-05-31T16:03:09Z
2026-05-31T16:02:57Z,2026-05-31T18:02:57+0200,611fde5d-54b0-4507-9ef0-5698875a33e4,2026-05-03T08:00:00Z,2026-05-03T10:00:00+0200,1734.277998,MW,BE,BE,forecast_solar_generation,Solar,2026-05-31T16:03:09Z
2026-05-31T16:02:57Z,2026-05-31T18:02:57+0200,611fde5d-54b0-4507-9ef0-5698875a33e4,2026-05-03T09:00:00Z,2026-05-03T11:00:00+0200,1892.508252,MW,BE,BE,forecast_solar_generation,Solar,2026-05-31T16:03:09Z
2026-05-31T16:02:57Z,2026-05-31T18:02:57+0200,611fde5d-54b0-4507-9ef0-5698875a33e4,2026-05-03T10:00:00Z,2026-05-03T12:00:00+0200,1823.855748,MW,BE,BE,forecast_solar_generation,Solar,2026-05-31T16:03:09Z
2026-05-31T16:02:57Z,2026-05-31T18:02:57+0200,611fde5d-54b0-4507-9ef0-5698875a33e4,2026-05-03T11:00:00Z,2026-05-03T13:00:00+0200,1870.316497,MW,BE,BE,forecast_solar_generation,Solar,2026-05-31T16:03:09Z
2026-05-31T16:02:57Z,2026-05-31T18:02:57+0200,611fde5d-54b0-4507-9ef0-5698875a33e4,2026-05-03T12:00:00Z,2026-05-03T14:00:00+0200,2008.902749,MW,BE,BE,forecast_solar_generation,Solar,2026-05-31T16:03:09Z
2026-05-31T16:02:57Z,2026-05-31T18:02:57+0200,611fde5d-54b0-4507-9ef0-5698875a33e4,2026-05-03T13:00:00Z,2026-05-03T15:00:00+0200,1955.547499,MW,BE,BE,forecast_solar_generation,Solar,2026-05-31T16:03:09Z
2026-05-31T16:02:57Z,2026-05-31T18:02:57+0200,611fde5d-54b0-4507-9ef0-5698875a33e4,2026-05-03T14:00:00Z,2026-05-03T16:00:00+0200,1656.587497,MW,BE,BE,forecast_solar_generation,Solar,2026-05-31T16:03:09Z
2026-05-31T16:02:57Z,2026-05-31T18:02:57+0200,611fde5d-54b0-4507-9ef0-5698875a33e4,2026-05-03T15:00:00Z,2026-05-03T17:00:00+0200,1371.688498,MW,BE,BE,forecast_solar_generation,Solar,2026-05-31T16:03:09Z
2026-05-31T16:02:57Z,2026-05-31T18:02:57+0200,611fde5d-54b0-4507-9ef0-5698875a33e4,2026-05-03T16:00:00Z,2026-05-03T18:00:00+0200,1072.6175,MW,BE,BE,forecast_solar_generation,Solar,2026-05-31T16:03:09Z
2026-05-31T16:02:57Z,2026-05-31T18:02:57+0200,611fde5d-54b0-4507-9ef0-5698875a33e4,2026-05-03T17:00:00Z,2026-05-03T19:00:00+0200,619.031499,MW,BE,BE,forecast_solar_generation,Solar,2026-05-31T16:03:09Z
2026-05-31T16:02:57Z,2026-05-31T18:02:57+0200,611fde5d-54b0-4507-9ef0-5698875a33e4,2026-05-03T18:00:00Z,2026-05-03T20:00:00+0200,147.981,MW,BE,BE,forecast_solar_generation,Solar,2026-05-31T16:03:09Z
2026-05-31T16:02:57Z,2026-05-31T18:02:57+0200,611fde5d-54b0-4507-9ef0-5698875a33e4,2026-05-03T19:00:00Z,2026-05-03T21:00:00+0200,0.86525,MW,BE,BE,forecast_solar_generation,Solar,2026-05-31T16:03:09Z
2026-05-31T16:02:57Z,2026-05-31T18:02:57+0200,611fde5d-54b0-4507-9ef0-5698875a33e4,2026-05-03T20:00:00Z,2026-05-03T22:00:00+0200,0.0,MW,BE,BE,forecast_solar_generation,Solar,2026-05-31T16:03:09Z
2026-05-31T16:02:57Z,2026-05-31T18:02:57+0200,611fde5d-54b0-4507-9ef0-5698875a33e4,2026-05-03T21:00:00Z,2026-05-03T23:00:00+0200,0.0,MW,BE,BE,forecast_solar_generation,Solar,2026-05-31T16:03:09Z
2026-05-31T16:02:57Z,2026-05-31T18:02:57+0200,611fde5d-54b0-4507-9ef0-5698875a33e4,2026-05-03T22:00:00Z,2026-05-04T00:00:00+0200,0.0,MW,BE,BE,forecast_solar_generation,Solar,2026-05-31T16:03:09Z
2026-05-31T16:02:57Z,2026-05-31T18:02:57+0200,611fde5d-54b0-4507-9ef0-5698875a33e4,2026-05-03T23:00:00Z,2026-05-04T01:00:00+0200,0.0,MW,BE,BE,forecast_solar_generation,Solar,2026-05-31T16:03:09Z
2026-05-31T16:02:57Z,2026-05-31T18:02:57+0200,611fde5d-54b0-4507-9ef0-5698875a33e4,2026-05-04T00:00:00Z,2026-05-04T02:00:00+0200,0.0,MW,BE,BE,forecast_solar_generation,Solar,2026-05-31T16:03:09Z
2026-05-31T16:02:57Z,2026-05-31T18:02:57+0200,611fde5d-54b0-4507-9ef0-5698875a33e4,2026-05-04T01:00:00Z,2026-05-04T03:00:00+0200,0.0,MW,BE,BE,forecast_solar_generation,Solar,2026-05-31T16:03:09Z
2026-05-31T16:02:57Z,2026-05-31T18:02:57+0200,611fde5d-54b0-4507-9ef0-5698875a33e4,2026-05-04T02:00:00Z,2026-05-04T04:00:00+0200,0.0,MW,BE,BE,forecast_solar_generation,Solar,2026-05-31T16:03:09Z
2026-05-31T16:02:57Z,2026-05-31T18:02:57+0200,611fde5d-54b0-4507-9ef0-5698875a33e4,2026-05-04T03:00:00Z,2026-05-04T05:00:00+0200,0.0,MW,BE,BE,forecast_solar_generation,Solar,2026-05-31T16:03:09Z
2026-05-31T16:02:57Z,2026-05-31T18:02:57+0200,611fde5d-54b0-4507-9ef0-5698875a33e4,2026-05-04T04:00:00Z,2026-05-04T06:00:00+0200,90.6365,MW,BE,BE,forecast_solar_generation,Solar,2026-05-31T16:03:09Z
2026-05-31T16:02:57Z,2026-05-31T18:02:57+0200,611fde5d-54b0-4507-9ef0-5698875a33e4,2026-05-04T05:00:00Z,2026-05-04T07:00:00+0200,601.329249,MW,BE,BE,forecast_solar_generation,Solar,2026-05-31T16:03:09Z
2026-05-31T16:02:57Z,2026-05-31T18:02:57+0200,611fde5d-54b0-4507-9ef0-5698875a33e4,2026-05-04T06:00:00Z,2026-05-04T08:00:00+0200,1297.44975,MW,BE,BE,forecast_solar_generation,Solar,2026-05-31T16:03:09Z
2026-05-31T16:02:57Z,2026-05-31T18:02:57+0200,611fde5d-54b0-4507-9ef0-5698875a33e4,2026-05-04T07:00:00Z,2026-05-04T09:00:00+0200,2049.754249,MW,BE,BE,forecast_solar_generation,Solar,2026-05-31T16:03:09Z
2026-05-31T16:02:57Z,2026-05-31T18:02:57+0200,611fde5d-54b0-4507-9ef0-5698875a33e4,2026-05-04T08:00:00Z,2026-05-04T10:00:00+0200,2916.364499,MW,BE,BE,forecast_solar_generation,Solar,2026-05-31T16:03:09Z
2026-05-31T16:02:57Z,2026-05-31T18:02:57+0200,611fde5d-54b0-4507-9ef0-5698875a33e4,2026-05-04T09:00:00Z,2026-05-04T11:00:00+0200,3764.529503,MW,BE,BE,forecast_solar_generation,Solar,2026-05-31T16:03:09Z
2026-05-31T16:02:57Z,2026-05-31T18:02:57+0200,611fde5d-54b0-4507-9ef0-5698875a33e4,2026-05-04T10:00:00Z,2026-05-04T12:00:00+0200,4151.040499,MW,BE,BE,forecast_solar_generation,Solar,2026-05-31T16:03:09Z
2026-05-31T16:02:57Z,2026-05-31T18:02:57+0200,611fde5d-54b0-4507-9ef0-5698875a33e4,2026-05-04T11:00:00Z,2026-05-04T13:00:00+0200,4057.548995,MW,BE,BE,forecast_solar_generation,Solar,2026-05-31T16:03:09Z
2026-05-31T16:02:57Z,2026-05-31T18:02:57+0200,611fde5d-54b0-4507-9ef0-5698875a33e4,2026-05-04T12:00:00Z,2026-05-04T14:00:00+0200,3533.984746,MW,BE,BE,forecast_solar_generation,Solar,2026-05-31T16:03:09Z
2026-05-31T16:02:57Z,2026-05-31T18:02:57+0200,611fde5d-54b0-4507-9ef0-5698875a33e4,2026-05-04T13:00:00Z,2026-05-04T15:00:00+0200,2713.446503,MW,BE,BE,forecast_solar_generation,Solar,2026-05-31T16:03:09Z
2026-05-31T16:02:57Z,2026-05-31T18:02:57+0200,611fde5d-54b0-4507-9ef0-5698875a33e4,2026-05-04T14:00:00Z,2026-05-04T16:00:00+0200,2116.881755,MW,BE,BE,forecast_solar_generation,Solar,2026-05-31T16:03:09Z
2026-05-31T16:02:57Z,2026-05-31T18:02:57+0200,611fde5d-54b0-4507-9ef0-5698875a33e4,2026-05-04T15:00:00Z,2026-05-04T17:00:00+0200,1509.215502,MW,BE,BE,forecast_solar_generation,Solar,2026-05-31T16:03:09Z
2026-05-31T16:02:57Z,2026-05-31T18:02:57+0200,611fde5d-54b0-4507-9ef0-5698875a33e4,2026-05-04T16:00:00Z,2026-05-04T18:00:00+0200,958.258,MW,BE,BE,forecast_solar_generation,Solar,2026-05-31T16:03:09Z
2026-05-31T16:02:57Z,2026-05-31T18:02:57+0200,611fde5d-54b0-4507-9ef0-5698875a33e4,2026-05-04T17:00:00Z,2026-05-04T19:00:00+0200,463.303499,MW,BE,BE,forecast_solar_generation,Solar,2026-05-31T16:03:09Z
2026-05-31T16:02:57Z,2026-05-31T18:02:57+0200,611fde5d-54b0-4507-9ef0-5698875a33e4,2026-05-04T18:00:00Z,2026-05-04T20:00:00+0200,110.85175,MW,BE,BE,forecast_solar_generation,Solar,2026-05-31T16:03:09Z
2026-05-31T16:02:57Z,2026-05-31T18:02:57+0200,611fde5d-54b0-4507-9ef0-5698875a33e4,2026-05-04T19:00:00Z,2026-05-04T21:00:00+0200,1.0025,MW,BE,BE,forecast_solar_generation,Solar,2026-05-31T16:03:09Z
2026-05-31T16:02:57Z,2026-05-31T18:02:57+0200,611fde5d-54b0-4507-9ef0-5698875a33e4,2026-05-04T20:00:00Z,2026-05-04T22:00:00+0200,0.0,MW,BE,BE,forecast_solar_generation,Solar,2026-05-31T16:03:09Z
2026-05-31T16:02:57Z,2026-05-31T18:02:57+0200,611fde5d-54b0-4507-9ef0-5698875a33e4,2026-05-04T21:00:00Z,2026-05-04T23:00:00+0200,0.0,MW,BE,BE,forecast_solar_generation,Solar,2026-05-31T16:03:09Z
2026-05-31T16:02:57Z,2026-05-31T18:02:57+0200,611fde5d-54b0-4507-9ef0-5698875a33e4,2026-05-04T22:00:00Z,2026-05-05T00:00:00+0200,0.0,MW,BE,BE,forecast_solar_generation,Solar,2026-05-31T16:03:09Z
2026-05-31T16:02:57Z,2026-05-31T18:02:57+0200,611fde5d-54b0-4507-9ef0-5698875a33e4,2026-05-04T23:00:00Z,2026-05-05T01:00:00+0200,0.0,MW,BE,BE,forecast_solar_generation,Solar,2026-05-31T16:03:09Z
2026-05-31T16:02:57Z,2026-05-31T18:02:57+0200,611fde5d-54b0-4507-9ef0-5698875a33e4,2026-05-05T00:00:00Z,2026-05-05T02:00:00+0200,0.0,MW,BE,BE,forecast_solar_generation,Solar,2026-05-31T16:03:09Z
2026-05-31T16:02:57Z,2026-05-31T18:02:57+0200,611fde5d-54b0-4507-9ef0-5698875a33e4,2026-05-05T01:00:00Z,2026-05-05T03:00:00+0200,0.0,MW,BE,BE,forecast_solar_generation,Solar,2026-05-31T16:03:09Z
2026-05-31T16:02:57Z,2026-05-31T18:02:57+0200,611fde5d-54b0-4507-9ef0-5698875a33e4,2026-05-05T02:00:00Z,2026-05-05T04:00:00+0200,0.0,MW,BE,BE,forecast_solar_generation,Solar,2026-05-31T16:03:09Z
2026-05-31T16:02:57Z,2026-05-31T18:02:57+0200,611fde5d-54b0-4507-9ef0-5698875a33e4,2026-05-05T03:00:00Z,2026-05-05T05:00:00+0200,0.0,MW,BE,BE,forecast_solar_generation,Solar,2026-05-31T16:03:09Z
2026-05-31T16:02:57Z,2026-05-31T18:02:57+0200,611fde5d-54b0-4507-9ef0-5698875a33e4,2026-05-05T04:00:00Z,2026-05-05T06:00:00+0200,62.999749,MW,BE,BE,forecast_solar_generation,Solar,2026-05-31T16:03:09Z
2026-05-31T16:02:57Z,2026-05-31T18:02:57+0200,611fde5d-54b0-4507-9ef0-5698875a33e4,2026-05-05T05:00:00Z,2026-05-05T07:00:00+0200,411.08325,MW,BE,BE,forecast_solar_generation,Solar,2026-05-31T16:03:09Z
2026-05-31T16:02:57Z,2026-05-31T18:02:57+0200,611fde5d-54b0-4507-9ef0-5698875a33e4,2026-05-05T06:00:00Z,2026-05-05T08:00:00+0200,872.540749,MW,BE,BE,forecast_solar_generation,Solar,2026-05-31T16:03:09Z
2026-05-31T16:02:57Z,2026-05-31T18:02:57+0200,611fde5d-54b0-4507-9ef0-5698875a33e4,2026-05-05T07:00:00Z,2026-05-05T09:00:00+0200,1293.428999,MW,BE,BE,forecast_solar_generation,Solar,2026-05-31T16:03:09Z
2026-05-31T16:02:57Z,2026-05-31T18:02:57+0200,611fde5d-54b0-4507-9ef0-5698875a33e4,2026-05-05T08:00:00Z,2026-05-05T10:00:00+0200,1712.368502,MW,BE,BE,forecast_solar_generation,Solar,2026-05-31T16:03:09Z
2026-05-31T16:02:57Z,2026-05-31T18:02:57+0200,611fde5d-54b0-4507-9ef0-5698875a33e4,2026-05-05T09:00:00Z,2026-05-05T11:00:00+0200,2078.43375,MW,BE,BE,forecast_solar_generation,Solar,2026-05-31T16:03:09Z
2026-05-31T16:02:57Z,2026-05-31T18:02:57+0200,611fde5d-54b0-4507-9ef0-5698875a33e4,2026-05-05T10:00:00Z,2026-05-05T12:00:00+0200,2368.170502,MW,BE,BE,forecast_solar_generation,Solar,2026-05-31T16:03:09Z
2026-05-31T16:02:57Z,2026-05-31T18:02:57+0200,611fde5d-54b0-4507-9ef0-5698875a33e4,2026-05-05T11:00:00Z,2026-05-05T13:00:00+0200,2540.541496,MW,BE,BE,forecast_solar_generation,Solar,2026-05-31T16:03:09Z
2026-05-31T16:02:57Z,2026-05-31T18:02:57+0200,611fde5d-54b0-4507-9ef0-5698875a33e4,2026-05-05T12:00:00Z,2026-05-05T14:00:00+0200,2612.8605,MW,BE,BE,forecast_solar_generation,Solar,2026-05-31T16:03:09Z
2026-05-31T16:02:57Z,2026-05-31T18:02:57+0200,611fde5d-54b0-4507-9ef0-5698875a33e4,2026-05-05T13:00:00Z,2026-05-05T15:00:00+0200,2444.482998,MW,BE,BE,forecast_solar_generation,Solar,2026-05-31T16:03:09Z
2026-05-31T16:02:57Z,2026-05-31T18:02:57+0200,611fde5d-54b0-4507-9ef0-5698875a33e4,2026-05-05T14:00:00Z,2026-05-05T16:00:00+0200,2003.228003,MW,BE,BE,forecast_solar_generation,Solar,2026-05-31T16:03:09Z
2026-05-31T16:02:57Z,2026-05-31T18:02:57+0200,611fde5d-54b0-4507-9ef0-5698875a33e4,2026-05-05T15:00:00Z,2026-05-05T17:00:00+0200,1447.05375,MW,BE,BE,forecast_solar_generation,Solar,2026-05-31T16:03:09Z
2026-05-31T16:02:57Z,2026-05-31T18:02:57+0200,611fde5d-54b0-4507-9ef0-5698875a33e4,2026-05-05T16:00:00Z,2026-05-05T18:00:00+0200,906.11375,MW,BE,BE,forecast_solar_generation,Solar,2026-05-31T16:03:09Z
2026-05-31T16:02:57Z,2026-05-31T18:02:57+0200,611fde5d-54b0-4507-9ef0-5698875a33e4,2026-05-05T17:00:00Z,2026-05-05T19:00:00+0200,465.55475,MW,BE,BE,forecast_solar_generation,Solar,2026-05-31T16:03:09Z
2026-05-31T16:02:57Z,2026-05-31T18:02:57+0200,611fde5d-54b0-4507-9ef0-5698875a33e4,2026-05-05T18:00:00Z,2026-05-05T20:00:00+0200,120.7755,MW,BE,BE,forecast_solar_generation,Solar,2026-05-31T16:03:09Z
2026-05-31T16:02:57Z,2026-05-31T18:02:57+0200,611fde5d-54b0-4507-9ef0-5698875a33e4,2026-05-05T19:00:00Z,2026-05-05T21:00:00+0200,1.40525,MW,BE,BE,forecast_solar_generation,Solar,2026-05-31T16:03:09Z
2026-05-31T16:02:57Z,2026-05-31T18:02:57+0200,611fde5d-54b0-4507-9ef0-5698875a33e4,2026-05-05T20:00:00Z,2026-05-05T22:00:00+0200,0.0,MW,BE,BE,forecast_solar_generation,Solar,2026-05-31T16:03:09Z
2026-05-31T16:02:57Z,2026-05-31T18:02:57+0200,611fde5d-54b0-4507-9ef0-5698875a33e4,2026-05-05T21:00:00Z,2026-05-05T23:00:00+0200,0.0,MW,BE,BE,forecast_solar_generation,Solar,2026-05-31T16:03:09Z
2026-05-31T16:02:57Z,2026-05-31T18:02:57+0200,611fde5d-54b0-4507-9ef0-5698875a33e4,2026-05-05T22:00:00Z,2026-05-06T00:00:00+0200,0.0,MW,BE,BE,forecast_solar_generation,Solar,2026-05-31T16:03:09Z
2026-05-31T16:02:57Z,2026-05-31T18:02:57+0200,611fde5d-54b0-4507-9ef0-5698875a33e4,2026-05-05T23:00:00Z,2026-05-06T01:00:00+0200,0.0,MW,BE,BE,forecast_solar_generation,Solar,2026-05-31T16:03:09Z
2026-05-31T16:02:57Z,2026-05-31T18:02:57+0200,611fde5d-54b0-4507-9ef0-5698875a33e4,2026-05-06T00:00:00Z,2026-05-06T02:00:00+0200,0.0,MW,BE,BE,forecast_solar_generation,Solar,2026-05-31T16:03:09Z
2026-05-31T16:02:57Z,2026-05-31T18:02:57+0200,611fde5d-54b0-4507-9ef0-5698875a33e4,2026-05-06T01:00:00Z,2026-05-06T03:00:00+0200,0.0,MW,BE,BE,forecast_solar_generation,Solar,2026-05-31T16:03:09Z
2026-05-31T16:02:57Z,2026-05-31T18:02:57+0200,611fde5d-54b0-4507-9ef0-5698875a33e4,2026-05-06T02:00:00Z,2026-05-06T04:00:00+0200,0.0,MW,BE,BE,forecast_solar_generation,Solar,2026-05-31T16:03:09Z
2026-05-31T16:02:57Z,2026-05-31T18:02:57+0200,611fde5d-54b0-4507-9ef0-5698875a33e4,2026-05-06T03:00:00Z,2026-05-06T05:00:00+0200,0.0,MW,BE,BE,forecast_solar_generation,Solar,2026-05-31T16:03:09Z
2026-05-31T16:02:57Z,2026-05-31T18:02:57+0200,611fde5d-54b0-4507-9ef0-5698875a33e4,2026-05-06T04:00:00Z,2026-05-06T06:00:00+0200,39.32825,MW,BE,BE,forecast_solar_generation,Solar,2026-05-31T16:03:09Z
2026-05-31T16:02:57Z,2026-05-31T18:02:57+0200,611fde5d-54b0-4507-9ef0-5698875a33e4,2026-05-06T05:00:00Z,2026-05-06T07:00:00+0200,249.339749,MW,BE,BE,forecast_solar_generation,Solar,2026-05-31T16:03:09Z
2026-05-31T16:02:57Z,2026-05-31T18:02:57+0200,611fde5d-54b0-4507-9ef0-5698875a33e4,2026-05-06T06:00:00Z,2026-05-06T08:00:00+0200,534.198749,MW,BE,BE,forecast_solar_generation,Solar,2026-05-31T16:03:09Z
2026-05-31T16:02:57Z,2026-05-31T18:02:57+0200,611fde5d-54b0-4507-9ef0-5698875a33e4,2026-05-06T07:00:00Z,2026-05-06T09:00:00+0200,817.056999,MW,BE,BE,forecast_solar_generation,Solar,2026-05-31T16:03:09Z
2026-05-31T16:02:57Z,2026-05-31T18:02:57+0200,611fde5d-54b0-4507-9ef0-5698875a33e4,2026-05-06T08:00:00Z,2026-05-06T10:00:00+0200,1103.886748,MW,BE,BE,forecast_solar_generation,Solar,2026-05-31T16:03:09Z
2026-05-31T16:02:57Z,2026-05-31T18:02:57+0200,611fde5d-54b0-4507-9ef0-5698875a33e4,2026-05-06T09:00:00Z,2026-05-06T11:00:00+0200,1352.38525,MW,BE,BE,forecast_solar_generation,Solar,2026-05-31T16:03:09Z
2026-05-31T16:02:57Z,2026-05-31T18:02:57+0200,611fde5d-54b0-4507-9ef0-5698875a33e4,2026-05-06T10:00:00Z,2026-05-06T12:00:00+0200,1544.190001,MW,BE,BE,forecast_solar_generation,Solar,2026-05-31T16:03:09Z
2026-05-31T16:02:57Z,2026-05-31T18:02:57+0200,611fde5d-54b0-4507-9ef0-5698875a33e4,2026-05-06T11:00:00Z,2026-05-06T13:00:00+0200,1656.17425,MW,BE,BE,forecast_solar_generation,Solar,2026-05-31T16:03:09Z
2026-05-31T16:02:57Z,2026-05-31T18:02:57+0200,611fde5d-54b0-4507-9ef0-5698875a33e4,2026-05-06T12:00:00Z,2026-05-06T14:00:00+0200,1675.216752,MW,BE,BE,forecast_solar_generation,Solar,2026-05-31T16:03:09Z
2026-05-31T16:02:57Z,2026-05-31T18:02:57+0200,611fde5d-54b0-4507-9ef0-5698875a33e4,2026-05-06T13:00:00Z,2026-05-06T15:00:00+0200,1650.28875,MW,BE,BE,forecast_solar_generation,Solar,2026-05-31T16:03:09Z
2026-05-31T16:02:57Z,2026-05-31T18:02:57+0200,611fde5d-54b0-4507-9ef0-5698875a33e4,2026-05-06T14:00:00Z,2026-05-06T16:00:00+0200,1500.271002,MW,BE,BE,forecast_solar_generation,Solar,2026-05-31T16:03:09Z
2026-05-31T16:02:57Z,2026-05-31T18:02:57+0200,611fde5d-54b0-4507-9ef0-5698875a33e4,2026-05-06T15:00:00Z,2026-05-06T17:00:00+0200,1281.203748,MW,BE,BE,forecast_solar_generation,Solar,2026-05-31T16:03:09Z
2026-05-31T16:02:57Z,2026-05-31T18:02:57+0200,611fde5d-54b0-4507-9ef0-5698875a33e4,2026-05-06T16:00:00Z,2026-05-06T18:00:00+0200,975.255752,MW,BE,BE,forecast_solar_generation,Solar,2026-05-31T16:03:09Z
2026-05-31T16:02:57Z,2026-05-31T18:02:57+0200,611fde5d-54b0-4507-9ef0-5698875a33e4,2026-05-06T17:00:00Z,2026-05-06T19:00:00+0200,579.01525,MW,BE,BE,forecast_solar_generation,Solar,2026-05-31T16:03:09Z
2026-05-31T16:02:57Z,2026-05-31T18:02:57+0200,611fde5d-54b0-4507-9ef0-5698875a33e4,2026-05-06T18:00:00Z,2026-05-06T20:00:00+0200,158.38725,MW,BE,BE,forecast_solar_generation,Solar,2026-05-31T16:03:09Z
2026-05-31T16:02:57Z,2026-05-31T18:02:57+0200,611fde5d-54b0-4507-9ef0-5698875a33e4,2026-05-06T19:00:00Z,2026-05-06T21:00:00+0200,2.28475,MW,BE,BE,forecast_solar_generation,Solar,2026-05-31T16:03:09Z
2026-05-31T16:02:57Z,2026-05-31T18:02:57+0200,611fde5d-54b0-4507-9ef0-5698875a33e4,2026-05-06T20:00:00Z,2026-05-06T22:00:00+0200,0.0,MW,BE,BE,forecast_solar_generation,Solar,2026-05-31T16:03:09Z
2026-05-31T16:02:57Z,2026-05-31T18:02:57+0200,611fde5d-54b0-4507-9ef0-5698875a33e4,2026-05-06T21:00:00Z,2026-05-06T23:00:00+0200,0.0,MW,BE,BE,forecast_solar_generation,Solar,2026-05-31T16:03:09Z
2026-05-31T16:02:57Z,2026-05-31T18:02:57+0200,611fde5d-54b0-4507-9ef0-5698875a33e4,2026-05-06T22:00:00Z,2026-05-07T00:00:00+0200,0.0,MW,BE,BE,forecast_solar_generation,Solar,2026-05-31T16:03:09Z
2026-05-31T16:02:57Z,2026-05-31T18:02:57+0200,611fde5d-54b0-4507-9ef0-5698875a33e4,2026-05-06T23:00:00Z,2026-05-07T01:00:00+0200,0.0,MW,BE,BE,forecast_solar_generation,Solar,2026-05-31T16:03:09Z
2026-05-31T16:02:57Z,2026-05-31T18:02:57+0200,611fde5d-54b0-4507-9ef0-5698875a33e4,2026-05-07T00:00:00Z,2026-05-07T02:00:00+0200,0.0,MW,BE,BE,forecast_solar_generation,Solar,2026-05-31T16:03:09Z
2026-05-31T16:02:57Z,2026-05-31T18:02:57+0200,611fde5d-54b0-4507-9ef0-5698875a33e4,2026-05-07T01:00:00Z,2026-05-07T03:00:00+0200,0.0,MW,BE,BE,forecast_solar_generation,Solar,2026-05-31T16:03:09Z
2026-05-31T16:02:57Z,2026-05-31T18:02:57+0200,611fde5d-54b0-4507-9ef0-5698875a33e4,2026-05-07T02:00:00Z,2026-05-07T04:00:00+0200,0.0,MW,BE,BE,forecast_solar_generation,Solar,2026-05-31T16:03:09Z
2026-05-31T16:02:57Z,2026-05-31T18:02:57+0200,611fde5d-54b0-4507-9ef0-5698875a33e4,2026-05-07T03:00:00Z,2026-05-07T05:00:00+0200,0.0,MW,BE,BE,forecast_solar_generation,Solar,2026-05-31T16:03:09Z
2026-05-31T16:02:57Z,2026-05-31T18:02:57+0200,611fde5d-54b0-4507-9ef0-5698875a33e4,2026-05-07T04:00:00Z,2026-05-07T06:00:00+0200,125.73225,MW,BE,BE,forecast_solar_generation,Solar,2026-05-31T16:03:09Z
2026-05-31T16:02:57Z,2026-05-31T18:02:57+0200,611fde5d-54b0-4507-9ef0-5698875a33e4,2026-05-07T05:00:00Z,2026-05-07T07:00:00+0200,683.418749,MW,BE,BE,forecast_solar_generation,Solar,2026-05-31T16:03:09Z
2026-05-31T16:02:57Z,2026-05-31T18:02:57+0200,611fde5d-54b0-4507-9ef0-5698875a33e4,2026-05-07T06:00:00Z,2026-05-07T08:00:00+0200,1591.683001,MW,BE,BE,forecast_solar_generation,Solar,2026-05-31T16:03:09Z
2026-05-31T16:02:57Z,2026-05-31T18:02:57+0200,611fde5d-54b0-4507-9ef0-5698875a33e4,2026-05-07T07:00:00Z,2026-05-07T09:00:00+0200,2775.139499,MW,BE,BE,forecast_solar_generation,Solar,2026-05-31T16:03:09Z
2026-05-31T16:02:57Z,2026-05-31T18:02:57+0200,611fde5d-54b0-4507-9ef0-5698875a33e4,2026-05-07T08:00:00Z,2026-05-07T10:00:00+0200,4060.28925,MW,BE,BE,forecast_solar_generation,Solar,2026-05-31T16:03:09Z
2026-05-31T16:02:57Z,2026-05-31T18:02:57+0200,611fde5d-54b0-4507-9ef0-5698875a33e4,2026-05-07T09:00:00Z,2026-05-07T11:00:00+0200,5114.801247,MW,BE,BE,forecast_solar_generation,Solar,2026-05-31T16:03:09Z
2026-05-31T16:02:57Z,2026-05-31T18:02:57+0200,611fde5d-54b0-4507-9ef0-5698875a33e4,2026-05-07T10:00:00Z,2026-05-07T12:00:00+0200,5519.435004,MW,BE,BE,forecast_solar_generation,Solar,2026-05-31T16:03:09Z
2026-05-31T16:02:57Z,2026-05-31T18:02:57+0200,611fde5d-54b0-4507-9ef0-5698875a33e4,2026-05-07T11:00:00Z,2026-05-07T13:00:00+0200,5231.975747,MW,BE,BE,forecast_solar_generation,Solar,2026-05-31T16:03:09Z
2026-05-31T16:02:57Z,2026-05-31T18:02:57+0200,611fde5d-54b0-4507-9ef0-5698875a33e4,2026-05-07T12:00:00Z,2026-05-07T14:00:00+0200,4588.450243,MW,BE,BE,forecast_solar_generation,Solar,2026-05-31T16:03:09Z
2026-05-31T16:02:57Z,2026-05-31T18:02:57+0200,611fde5d-54b0-4507-9ef0-5698875a33e4,2026-05-07T13:00:00Z,2026-05-07T15:00:00+0200,3883.140999,MW,BE,BE,forecast_solar_generation,Solar,2026-05-31T16:03:09Z
2026-05-31T16:02:57Z,2026-05-31T18:02:57+0200,611fde5d-54b0-4507-9ef0-5698875a33e4,2026-05-07T14:00:00Z,2026-05-07T16:00:00+0200,3235.818749,MW,BE,BE,forecast_solar_generation,Solar,2026-05-31T16:03:09Z
2026-05-31T16:02:57Z,2026-05-31T18:02:57+0200,611fde5d-54b0-4507-9ef0-5698875a33e4,2026-05-07T15:00:00Z,2026-05-07T17:00:00+0200,2481.949752,MW,BE,BE,forecast_solar_generation,Solar,2026-05-31T16:03:09Z
2026-05-31T16:02:57Z,2026-05-31T18:02:57+0200,611fde5d-54b0-4507-9ef0-5698875a33e4,2026-05-07T16:00:00Z,2026-05-07T18:00:00+0200,1632.299,MW,BE,BE,forecast_solar_generation,Solar,2026-05-31T16:03:09Z
2026-05-31T16:02:57Z,2026-05-31T18:02:57+0200,611fde5d-54b0-4507-9ef0-5698875a33e4,2026-05-07T17:00:00Z,2026-05-07T19:00:00+0200,844.67075,MW,BE,BE,forecast_solar_generation,Solar,2026-05-31T16:03:09Z
2026-05-31T16:02:57Z,2026-05-31T18:02:57+0200,611fde5d-54b0-4507-9ef0-5698875a33e4,2026-05-07T18:00:00Z,2026-05-07T20:00:00+0200,237.4805,MW,BE,BE,forecast_solar_generation,Solar,2026-05-31T16:03:09Z
2026-05-31T16:02:57Z,2026-05-31T18:02:57+0200,611fde5d-54b0-4507-9ef0-5698875a33e4,2026-05-07T19:00:00Z,2026-05-07T21:00:00+0200,4.0265,MW,BE,BE,forecast_solar_generation,Solar,2026-05-31T16:03:09Z
2026-05-31T16:02:57Z,2026-05-31T18:02:57+0200,611fde5d-54b0-4507-9ef0-5698875a33e4,2026-05-07T20:00:00Z,2026-05-07T22:00:00+0200,0.0,MW,BE,BE,forecast_solar_generation,Solar,2026-05-31T16:03:09Z
2026-05-31T16:02:57Z,2026-05-31T18:02:57+0200,611fde5d-54b0-4507-9ef0-5698875a33e4,2026-05-07T21:00:00Z,2026-05-07T23:00:00+0200,0.0,MW,BE,BE,forecast_solar_generation,Solar,2026-05-31T16:03:09Z
2026-05-31T16:02:57Z,2026-05-31T18:02:57+0200,611fde5d-54b0-4507-9ef0-5698875a33e4,2026-05-07T22:00:00Z,2026-05-08T00:00:00+0200,0.0,MW,BE,BE,forecast_solar_generation,Solar,2026-05-31T16:03:09Z
2026-05-31T16:02:57Z,2026-05-31T18:02:57+0200,611fde5d-54b0-4507-9ef0-5698875a33e4,2026-05-07T23:00:00Z,2026-05-08T01:00:00+0200,0.0,MW,BE,BE,forecast_solar_generation,Solar,2026-05-31T16:03:09Z
2026-05-31T16:02:57Z,2026-05-31T18:02:57+0200,611fde5d-54b0-4507-9ef0-5698875a33e4,2026-05-08T00:00:00Z,2026-05-08T02:00:00+0200,0.0,MW,BE,BE,forecast_solar_generation,Solar,2026-05-31T16:03:09Z
2026-05-31T16:02:57Z,2026-05-31T18:02:57+0200,611fde5d-54b0-4507-9ef0-5698875a33e4,2026-05-08T01:00:00Z,2026-05-08T03:00:00+0200,0.0,MW,BE,BE,forecast_solar_generation,Solar,2026-05-31T16:03:09Z
2026-05-31T16:02:57Z,2026-05-31T18:02:57+0200,611fde5d-54b0-4507-9ef0-5698875a33e4,2026-05-08T02:00:00Z,2026-05-08T04:00:00+0200,0.0,MW,BE,BE,forecast_solar_generation,Solar,2026-05-31T16:03:09Z
2026-05-31T16:02:57Z,2026-05-31T18:02:57+0200,611fde5d-54b0-4507-9ef0-5698875a33e4,2026-05-08T03:00:00Z,2026-05-08T05:00:00+0200,0.0,MW,BE,BE,forecast_solar_generation,Solar,2026-05-31T16:03:09Z
2026-05-31T16:02:57Z,2026-05-31T18:02:57+0200,611fde5d-54b0-4507-9ef0-5698875a33e4,2026-05-08T04:00:00Z,2026-05-08T06:00:00+0200,138.33125,MW,BE,BE,forecast_solar_generation,Solar,2026-05-31T16:03:09Z
2026-05-31T16:02:57Z,2026-05-31T18:02:57+0200,611fde5d-54b0-4507-9ef0-5698875a33e4,2026-05-08T05:00:00Z,2026-05-08T07:00:00+0200,703.686749,MW,BE,BE,forecast_solar_generation,Solar,2026-05-31T16:03:09Z
2026-05-31T16:02:57Z,2026-05-31T18:02:57+0200,611fde5d-54b0-4507-9ef0-5698875a33e4,2026-05-08T06:00:00Z,2026-05-08T08:00:00+0200,1686.391003,MW,BE,BE,forecast_solar_generation,Solar,2026-05-31T16:03:09Z
2026-05-31T16:02:57Z,2026-05-31T18:02:57+0200,611fde5d-54b0-4507-9ef0-5698875a33e4,2026-05-08T07:00:00Z,2026-05-08T09:00:00+0200,2958.8885,MW,BE,BE,forecast_solar_generation,Solar,2026-05-31T16:03:09Z
2026-05-31T16:02:57Z,2026-05-31T18:02:57+0200,611fde5d-54b0-4507-9ef0-5698875a33e4,2026-05-08T08:00:00Z,2026-05-08T10:00:00+0200,4207.687996,MW,BE,BE,forecast_solar_generation,Solar,2026-05-31T16:03:09Z
2026-05-31T16:02:57Z,2026-05-31T18:02:57+0200,611fde5d-54b0-4507-9ef0-5698875a33e4,2026-05-08T09:00:00Z,2026-05-08T11:00:00+0200,5038.252746,MW,BE,BE,forecast_solar_generation,Solar,2026-05-31T16:03:09Z
2026-05-31T16:02:57Z,2026-05-31T18:02:57+0200,611fde5d-54b0-4507-9ef0-5698875a33e4,2026-05-08T10:00:00Z,2026-05-08T12:00:00+0200,5469.119745,MW,BE,BE,forecast_solar_generation,Solar,2026-05-31T16:03:09Z
2026-05-31T16:02:57Z,2026-05-31T18:02:57+0200,611fde5d-54b0-4507-9ef0-5698875a33e4,2026-05-08T11:00:00Z,2026-05-08T13:00:00+0200,5485.742257,MW,BE,BE,forecast_solar_generation,Solar,2026-05-31T16:03:09Z
2026-05-31T16:02:57Z,2026-05-31T18:02:57+0200,611fde5d-54b0-4507-9ef0-5698875a33e4,2026-05-08T12:00:00Z,2026-05-08T14:00:00+0200,5003.088004,MW,BE,BE,forecast_solar_generation,Solar,2026-05-31T16:03:09Z
2026-05-31T16:02:57Z,2026-05-31T18:02:57+0200,611fde5d-54b0-4507-9ef0-5698875a33e4,2026-05-08T13:00:00Z,2026-05-08T15:00:00+0200,4348.49875,MW,BE,BE,forecast_solar_generation,Solar,2026-05-31T16:03:09Z
2026-05-31T16:02:57Z,2026-05-31T18:02:57+0200,611fde5d-54b0-4507-9ef0-5698875a33e4,2026-05-08T14:00:00Z,2026-05-08T16:00:00+0200,3669.200499,MW,BE,BE,forecast_solar_generation,Solar,2026-05-31T16:03:09Z
2026-05-31T16:02:57Z,2026-05-31T18:02:57+0200,611fde5d-54b0-4507-9ef0-5698875a33e4,2026-05-08T15:00:00Z,2026-05-08T17:00:00+0200,2924.665499,MW,BE,BE,forecast_solar_generation,Solar,2026-05-31T16:03:09Z
2026-05-31T16:02:57Z,2026-05-31T18:02:57+0200,611fde5d-54b0-4507-9ef0-5698875a33e4,2026-05-08T16:00:00Z,2026-05-08T18:00:00+0200,1977.334251,MW,BE,BE,forecast_solar_generation,Solar,2026-05-31T16:03:09Z
2026-05-31T16:02:57Z,2026-05-31T18:02:57+0200,611fde5d-54b0-4507-9ef0-5698875a33e4,2026-05-08T17:00:00Z,2026-05-08T19:00:00+0200,968.485499,MW,BE,BE,forecast_solar_generation,Solar,2026-05-31T16:03:09Z
2026-05-31T16:02:57Z,2026-05-31T18:02:57+0200,611fde5d-54b0-4507-9ef0-5698875a33e4,2026-05-08T18:00:00Z,2026-05-08T20:00:00+0200,274.85575,MW,BE,BE,forecast_solar_generation,Solar,2026-05-31T16:03:09Z
2026-05-31T16:02:57Z,2026-05-31T18:02:57+0200,611fde5d-54b0-4507-9ef0-5698875a33e4,2026-05-08T19:00:00Z,2026-05-08T21:00:00+0200,6.2815,MW,BE,BE,forecast_solar_generation,Solar,2026-05-31T16:03:09Z
2026-05-31T16:02:57Z,2026-05-31T18:02:57+0200,611fde5d-54b0-4507-9ef0-5698875a33e4,2026-05-08T20:00:00Z,2026-05-08T22:00:00+0200,0.0,MW,BE,BE,forecast_solar_generation,Solar,2026-05-31T16:03:09Z
2026-05-31T16:02:57Z,2026-05-31T18:02:57+0200,611fde5d-54b0-4507-9ef0-5698875a33e4,2026-05-08T21:00:00Z,2026-05-08T23:00:00+0200,0.0,MW,BE,BE,forecast_solar_generation,Solar,2026-05-31T16:03:09Z
2026-05-31T16:02:57Z,2026-05-31T18:02:57+0200,611fde5d-54b0-4507-9ef0-5698875a33e4,2026-05-08T22:00:00Z,2026-05-09T00:00:00+0200,0.0,MW,BE,BE,forecast_solar_generation,Solar,2026-05-31T16:03:09Z
2026-05-31T16:02:57Z,2026-05-31T18:02:57+0200,611fde5d-54b0-4507-9ef0-5698875a33e4,2026-05-08T23:00:00Z,2026-05-09T01:00:00+0200,0.0,MW,BE,BE,forecast_solar_generation,Solar,2026-05-31T16:03:09Z
2026-05-31T16:02:57Z,2026-05-31T18:02:57+0200,611fde5d-54b0-4507-9ef0-5698875a33e4,2026-05-09T00:00:00Z,2026-05-09T02:00:00+0200,0.0,MW,BE,BE,forecast_solar_generation,Solar,2026-05-31T16:03:09Z
2026-05-31T16:02:57Z,2026-05-31T18:02:57+0200,611fde5d-54b0-4507-9ef0-5698875a33e4,2026-05-09T01:00:00Z,2026-05-09T03:00:00+0200,0.0,MW,BE,BE,forecast_solar_generation,Solar,2026-05-31T16:03:09Z
2026-05-31T16:02:57Z,2026-05-31T18:02:57+0200,611fde5d-54b0-4507-9ef0-5698875a33e4,2026-05-09T02:00:00Z,2026-05-09T04:00:00+0200,0.0,MW,BE,BE,forecast_solar_generation,Solar,2026-05-31T16:03:09Z
2026-05-31T16:02:57Z,2026-05-31T18:02:57+0200,611fde5d-54b0-4507-9ef0-5698875a33e4,2026-05-09T03:00:00Z,2026-05-09T05:00:00+0200,0.0,MW,BE,BE,forecast_solar_generation,Solar,2026-05-31T16:03:09Z
2026-05-31T16:02:57Z,2026-05-31T18:02:57+0200,611fde5d-54b0-4507-9ef0-5698875a33e4,2026-05-09T04:00:00Z,2026-05-09T06:00:00+0200,160.292,MW,BE,BE,forecast_solar_generation,Solar,2026-05-31T16:03:09Z
2026-05-31T16:02:57Z,2026-05-31T18:02:57+0200,611fde5d-54b0-4507-9ef0-5698875a33e4,2026-05-09T05:00:00Z,2026-05-09T07:00:00+0200,740.9905,MW,BE,BE,forecast_solar_generation,Solar,2026-05-31T16:03:09Z
2026-05-31T16:02:57Z,2026-05-31T18:02:57+0200,611fde5d-54b0-4507-9ef0-5698875a33e4,2026-05-09T06:00:00Z,2026-05-09T08:00:00+0200,2097.589499,MW,BE,BE,forecast_solar_generation,Solar,2026-05-31T16:03:09Z
2026-05-31T16:02:57Z,2026-05-31T18:02:57+0200,611fde5d-54b0-4507-9ef0-5698875a33e4,2026-05-09T07:00:00Z,2026-05-09T09:00:00+0200,3891.701993,MW,BE,BE,forecast_solar_generation,Solar,2026-05-31T16:03:09Z
2026-05-31T16:02:57Z,2026-05-31T18:02:57+0200,611fde5d-54b0-4507-9ef0-5698875a33e4,2026-05-09T08:00:00Z,2026-05-09T10:00:00+0200,5489.775991,MW,BE,BE,forecast_solar_generation,Solar,2026-05-31T16:03:09Z
2026-05-31T16:02:57Z,2026-05-31T18:02:57+0200,611fde5d-54b0-4507-9ef0-5698875a33e4,2026-05-09T09:00:00Z,2026-05-09T11:00:00+0200,6660.635746,MW,BE,BE,forecast_solar_generation,Solar,2026-05-31T16:03:09Z
2026-05-31T16:02:57Z,2026-05-31T18:02:57+0200,611fde5d-54b0-4507-9ef0-5698875a33e4,2026-05-09T10:00:00Z,2026-05-09T12:00:00+0200,7256.785255,MW,BE,BE,forecast_solar_generation,Solar,2026-05-31T16:03:09Z
2026-05-31T16:02:57Z,2026-05-31T18:02:57+0200,611fde5d-54b0-4507-9ef0-5698875a33e4,2026-05-09T11:00:00Z,2026-05-09T13:00:00+0200,7169.882488,MW,BE,BE,forecast_solar_generation,Solar,2026-05-31T16:03:09Z
2026-05-31T16:02:57Z,2026-05-31T18:02:57+0200,611fde5d-54b0-4507-9ef0-5698875a33e4,2026-05-09T12:00:00Z,2026-05-09T14:00:00+0200,6588.568247,MW,BE,BE,forecast_solar_generation,Solar,2026-05-31T16:03:09Z
2026-05-31T16:02:57Z,2026-05-31T18:02:57+0200,611fde5d-54b0-4507-9ef0-5698875a33e4,2026-05-09T13:00:00Z,2026-05-09T15:00:00+0200,5809.622253,MW,BE,BE,forecast_solar_generation,Solar,2026-05-31T16:03:09Z
2026-05-31T16:02:57Z,2026-05-31T18:02:57+0200,611fde5d-54b0-4507-9ef0-5698875a33e4,2026-05-09T14:00:00Z,2026-05-09T16:00:00+0200,4990.399011,MW,BE,BE,forecast_solar_generation,Solar,2026-05-31T16:03:09Z
2026-05-31T16:02:57Z,2026-05-31T18:02:57+0200,611fde5d-54b0-4507-9ef0-5698875a33e4,2026-05-09T15:00:00Z,2026-05-09T17:00:00+0200,3931.685749,MW,BE,BE,forecast_solar_generation,Solar,2026-05-31T16:03:09Z
2026-05-31T16:02:57Z,2026-05-31T18:02:57+0200,611fde5d-54b0-4507-9ef0-5698875a33e4,2026-05-09T16:00:00Z,2026-05-09T18:00:00+0200,2476.40625,MW,BE,BE,forecast_solar_generation,Solar,2026-05-31T16:03:09Z
2026-05-31T16:02:57Z,2026-05-31T18:02:57+0200,611fde5d-54b0-4507-9ef0-5698875a33e4,2026-05-09T17:00:00Z,2026-05-09T19:00:00+0200,1002.922498,MW,BE,BE,forecast_solar_generation,Solar,2026-05-31T16:03:09Z
2026-05-31T16:02:57Z,2026-05-31T18:02:57+0200,611fde5d-54b0-4507-9ef0-5698875a33e4,2026-05-09T18:00:00Z,2026-05-09T20:00:00+0200,265.084749,MW,BE,BE,forecast_solar_generation,Solar,2026-05-31T16:03:09Z
2026-05-31T16:02:57Z,2026-05-31T18:02:57+0200,611fde5d-54b0-4507-9ef0-5698875a33e4,2026-05-09T19:00:00Z,2026-05-09T21:00:00+0200,8.58675,MW,BE,BE,forecast_solar_generation,Solar,2026-05-31T16:03:09Z
2026-05-31T16:02:57Z,2026-05-31T18:02:57+0200,611fde5d-54b0-4507-9ef0-5698875a33e4,2026-05-09T20:00:00Z,2026-05-09T22:00:00+0200,0.0,MW,BE,BE,forecast_solar_generation,Solar,2026-05-31T16:03:09Z
2026-05-31T16:02:57Z,2026-05-31T18:02:57+0200,611fde5d-54b0-4507-9ef0-5698875a33e4,2026-05-09T21:00:00Z,2026-05-09T23:00:00+0200,0.0,MW,BE,BE,forecast_solar_generation,Solar,2026-05-31T16:03:09Z
2026-05-31T16:02:57Z,2026-05-31T18:02:57+0200,611fde5d-54b0-4507-9ef0-5698875a33e4,2026-05-09T22:00:00Z,2026-05-10T00:00:00+0200,0.0,MW,BE,BE,forecast_solar_generation,Solar,2026-05-31T16:03:09Z
2026-05-31T16:02:57Z,2026-05-31T18:02:57+0200,611fde5d-54b0-4507-9ef0-5698875a33e4,2026-05-09T23:00:00Z,2026-05-10T01:00:00+0200,0.0,MW,BE,BE,forecast_solar_generation,Solar,2026-05-31T16:03:09Z
2026-05-31T16:02:57Z,2026-05-31T18:02:57+0200,611fde5d-54b0-4507-9ef0-5698875a33e4,2026-05-10T00:00:00Z,2026-05-10T02:00:00+0200,0.0,MW,BE,BE,forecast_solar_generation,Solar,2026-05-31T16:03:09Z
2026-05-31T16:02:57Z,2026-05-31T18:02:57+0200,611fde5d-54b0-4507-9ef0-5698875a33e4,2026-05-10T01:00:00Z,2026-05-10T03:00:00+0200,0.0,MW,BE,BE,forecast_solar_generation,Solar,2026-05-31T16:03:09Z
2026-05-31T16:02:57Z,2026-05-31T18:02:57+0200,611fde5d-54b0-4507-9ef0-5698875a33e4,2026-05-10T02:00:00Z,2026-05-10T04:00:00+0200,0.0,MW,BE,BE,forecast_solar_generation,Solar,2026-05-31T16:03:09Z
2026-05-31T16:02:57Z,2026-05-31T18:02:57+0200,611fde5d-54b0-4507-9ef0-5698875a33e4,2026-05-10T03:00:00Z,2026-05-10T05:00:00+0200,0.0,MW,BE,BE,forecast_solar_generation,Solar,2026-05-31T16:03:09Z
2026-05-31T16:02:57Z,2026-05-31T18:02:57+0200,611fde5d-54b0-4507-9ef0-5698875a33e4,2026-05-10T04:00:00Z,2026-05-10T06:00:00+0200,173.15275,MW,BE,BE,forecast_solar_generation,Solar,2026-05-31T16:03:09Z
2026-05-31T16:02:57Z,2026-05-31T18:02:57+0200,611fde5d-54b0-4507-9ef0-5698875a33e4,2026-05-10T05:00:00Z,2026-05-10T07:00:00+0200,807.3975,MW,BE,BE,forecast_solar_generation,Solar,2026-05-31T16:03:09Z
2026-05-31T16:02:57Z,2026-05-31T18:02:57+0200,611fde5d-54b0-4507-9ef0-5698875a33e4,2026-05-10T06:00:00Z,2026-05-10T08:00:00+0200,1707.949752,MW,BE,BE,forecast_solar_generation,Solar,2026-05-31T16:03:09Z
2026-05-31T16:02:57Z,2026-05-31T18:02:57+0200,611fde5d-54b0-4507-9ef0-5698875a33e4,2026-05-10T07:00:00Z,2026-05-10T09:00:00+0200,2821.490005,MW,BE,BE,forecast_solar_generation,Solar,2026-05-31T16:03:09Z
2026-05-31T16:02:57Z,2026-05-31T18:02:57+0200,611fde5d-54b0-4507-9ef0-5698875a33e4,2026-05-10T08:00:00Z,2026-05-10T10:00:00+0200,3960.77675,MW,BE,BE,forecast_solar_generation,Solar,2026-05-31T16:03:09Z
2026-05-31T16:02:57Z,2026-05-31T18:02:57+0200,611fde5d-54b0-4507-9ef0-5698875a33e4,2026-05-10T09:00:00Z,2026-05-10T11:00:00+0200,4795.377752,MW,BE,BE,forecast_solar_generation,Solar,2026-05-31T16:03:09Z
2026-05-31T16:02:57Z,2026-05-31T18:02:57+0200,611fde5d-54b0-4507-9ef0-5698875a33e4,2026-05-10T10:00:00Z,2026-05-10T12:00:00+0200,5185.390502,MW,BE,BE,forecast_solar_generation,Solar,2026-05-31T16:03:09Z
2026-05-31T16:02:57Z,2026-05-31T18:02:57+0200,611fde5d-54b0-4507-9ef0-5698875a33e4,2026-05-10T11:00:00Z,2026-05-10T13:00:00+0200,5110.782996,MW,BE,BE,forecast_solar_generation,Solar,2026-05-31T16:03:09Z
2026-05-31T16:02:57Z,2026-05-31T18:02:57+0200,611fde5d-54b0-4507-9ef0-5698875a33e4,2026-05-10T12:00:00Z,2026-05-10T14:00:00+0200,4669.729991,MW,BE,BE,forecast_solar_generation,Solar,2026-05-31T16:03:09Z
2026-05-31T16:02:57Z,2026-05-31T18:02:57+0200,611fde5d-54b0-4507-9ef0-5698875a33e4,2026-05-10T13:00:00Z,2026-05-10T15:00:00+0200,3913.883246,MW,BE,BE,forecast_solar_generation,Solar,2026-05-31T16:03:09Z
2026-05-31T16:02:57Z,2026-05-31T18:02:57+0200,611fde5d-54b0-4507-9ef0-5698875a33e4,2026-05-10T14:00:00Z,2026-05-10T16:00:00+0200,2993.208743,MW,BE,BE,forecast_solar_generation,Solar,2026-05-31T16:03:09Z
2026-05-31T16:02:57Z,2026-05-31T18:02:57+0200,611fde5d-54b0-4507-9ef0-5698875a33e4,2026-05-10T15:00:00Z,2026-05-10T17:00:00+0200,2071.196002,MW,BE,BE,forecast_solar_generation,Solar,2026-05-31T16:03:09Z
2026-05-31T16:02:57Z,2026-05-31T18:02:57+0200,611fde5d-54b0-4507-9ef0-5698875a33e4,2026-05-10T16:00:00Z,2026-05-10T18:00:00+0200,1272.159251,MW,BE,BE,forecast_solar_generation,Solar,2026-05-31T16:03:09Z
2026-05-31T16:02:57Z,2026-05-31T18:02:57+0200,611fde5d-54b0-4507-9ef0-5698875a33e4,2026-05-10T17:00:00Z,2026-05-10T19:00:00+0200,675.309749,MW,BE,BE,forecast_solar_generation,Solar,2026-05-31T16:03:09Z
2026-05-31T16:02:57Z,2026-05-31T18:02:57+0200,611fde5d-54b0-4507-9ef0-5698875a33e4,2026-05-10T18:00:00Z,2026-05-10T20:00:00+0200,200.48375,MW,BE,BE,forecast_solar_generation,Solar,2026-05-31T16:03:09Z
2026-05-31T16:02:57Z,2026-05-31T18:02:57+0200,611fde5d-54b0-4507-9ef0-5698875a33e4,2026-05-10T19:00:00Z,2026-05-10T21:00:00+0200,4.76125,MW,BE,BE,forecast_solar_generation,Solar,2026-05-31T16:03:09Z
2026-05-31T16:02:57Z,2026-05-31T18:02:57+0200,611fde5d-54b0-4507-9ef0-5698875a33e4,2026-05-10T20:00:00Z,2026-05-10T22:00:00+0200,0.0,MW,BE,BE,forecast_solar_generation,Solar,2026-05-31T16:03:09Z
2026-05-31T16:02:57Z,2026-05-31T18:02:57+0200,611fde5d-54b0-4507-9ef0-5698875a33e4,2026-05-10T21:00:00Z,2026-05-10T23:00:00+0200,0.0,MW,BE,BE,forecast_solar_generation,Solar,2026-05-31T16:03:09Z
2026-05-31T16:02:57Z,2026-05-31T18:02:57+0200,611fde5d-54b0-4507-9ef0-5698875a33e4,2026-05-10T22:00:00Z,2026-05-11T00:00:00+0200,0.0,MW,BE,BE,forecast_solar_generation,Solar,2026-05-31T16:03:09Z
2026-05-31T16:02:57Z,2026-05-31T18:02:57+0200,611fde5d-54b0-4507-9ef0-5698875a33e4,2026-05-10T23:00:00Z,2026-05-11T01:00:00+0200,0.0,MW,BE,BE,forecast_solar_generation,Solar,2026-05-31T16:03:09Z
2026-05-31T16:02:57Z,2026-05-31T18:02:57+0200,611fde5d-54b0-4507-9ef0-5698875a33e4,2026-05-11T00:00:00Z,2026-05-11T02:00:00+0200,0.0,MW,BE,BE,forecast_solar_generation,Solar,2026-05-31T16:03:09Z
2026-05-31T16:02:57Z,2026-05-31T18:02:57+0200,611fde5d-54b0-4507-9ef0-5698875a33e4,2026-05-11T01:00:00Z,2026-05-11T03:00:00+0200,0.0,MW,BE,BE,forecast_solar_generation,Solar,2026-05-31T16:03:09Z
2026-05-31T16:02:57Z,2026-05-31T18:02:57+0200,611fde5d-54b0-4507-9ef0-5698875a33e4,2026-05-11T02:00:00Z,2026-05-11T04:00:00+0200,0.0,MW,BE,BE,forecast_solar_generation,Solar,2026-05-31T16:03:09Z
2026-05-31T16:02:57Z,2026-05-31T18:02:57+0200,611fde5d-54b0-4507-9ef0-5698875a33e4,2026-05-11T03:00:00Z,2026-05-11T05:00:00+0200,0.0025,MW,BE,BE,forecast_solar_generation,Solar,2026-05-31T16:03:09Z
2026-05-31T16:02:57Z,2026-05-31T18:02:57+0200,611fde5d-54b0-4507-9ef0-5698875a33e4,2026-05-11T04:00:00Z,2026-05-11T06:00:00+0200,132.61,MW,BE,BE,forecast_solar_generation,Solar,2026-05-31T16:03:09Z
2026-05-31T16:02:57Z,2026-05-31T18:02:57+0200,611fde5d-54b0-4507-9ef0-5698875a33e4,2026-05-11T05:00:00Z,2026-05-11T07:00:00+0200,625.97475,MW,BE,BE,forecast_solar_generation,Solar,2026-05-31T16:03:09Z
2026-05-31T16:02:57Z,2026-05-31T18:02:57+0200,611fde5d-54b0-4507-9ef0-5698875a33e4,2026-05-11T06:00:00Z,2026-05-11T08:00:00+0200,1475.825751,MW,BE,BE,forecast_solar_generation,Solar,2026-05-31T16:03:09Z
2026-05-31T16:02:57Z,2026-05-31T18:02:57+0200,611fde5d-54b0-4507-9ef0-5698875a33e4,2026-05-11T07:00:00Z,2026-05-11T09:00:00+0200,2668.145251,MW,BE,BE,forecast_solar_generation,Solar,2026-05-31T16:03:09Z
2026-05-31T16:02:57Z,2026-05-31T18:02:57+0200,611fde5d-54b0-4507-9ef0-5698875a33e4,2026-05-11T08:00:00Z,2026-05-11T10:00:00+0200,3727.5695,MW,BE,BE,forecast_solar_generation,Solar,2026-05-31T16:03:09Z
2026-05-31T16:02:57Z,2026-05-31T18:02:57+0200,611fde5d-54b0-4507-9ef0-5698875a33e4,2026-05-11T09:00:00Z,2026-05-11T11:00:00+0200,4291.827002,MW,BE,BE,forecast_solar_generation,Solar,2026-05-31T16:03:09Z
2026-05-31T16:02:57Z,2026-05-31T18:02:57+0200,611fde5d-54b0-4507-9ef0-5698875a33e4,2026-05-11T10:00:00Z,2026-05-11T12:00:00+0200,4286.842245,MW,BE,BE,forecast_solar_generation,Solar,2026-05-31T16:03:09Z
2026-05-31T16:02:57Z,2026-05-31T18:02:57+0200,611fde5d-54b0-4507-9ef0-5698875a33e4,2026-05-11T11:00:00Z,2026-05-11T13:00:00+0200,3762.927003,MW,BE,BE,forecast_solar_generation,Solar,2026-05-31T16:03:09Z
2026-05-31T16:02:57Z,2026-05-31T18:02:57+0200,611fde5d-54b0-4507-9ef0-5698875a33e4,2026-05-11T12:00:00Z,2026-05-11T14:00:00+0200,3292.273004,MW,BE,BE,forecast_solar_generation,Solar,2026-05-31T16:03:09Z
2026-05-31T16:02:57Z,2026-05-31T18:02:57+0200,611fde5d-54b0-4507-9ef0-5698875a33e4,2026-05-11T13:00:00Z,2026-05-11T15:00:00+0200,3231.236502,MW,BE,BE,forecast_solar_generation,Solar,2026-05-31T16:03:09Z
2026-05-31T16:02:57Z,2026-05-31T18:02:57+0200,611fde5d-54b0-4507-9ef0-5698875a33e4,2026-05-11T14:00:00Z,2026-05-11T16:00:00+0200,3490.017251,MW,BE,BE,forecast_solar_generation,Solar,2026-05-31T16:03:09Z
2026-05-31T16:02:57Z,2026-05-31T18:02:57+0200,611fde5d-54b0-4507-9ef0-5698875a33e4,2026-05-11T15:00:00Z,2026-05-11T17:00:00+0200,3223.549254,MW,BE,BE,forecast_solar_generation,Solar,2026-05-31T16:03:09Z
2026-05-31T16:02:57Z,2026-05-31T18:02:57+0200,611fde5d-54b0-4507-9ef0-5698875a33e4,2026-05-11T16:00:00Z,2026-05-11T18:00:00+0200,2242.416996,MW,BE,BE,forecast_solar_generation,Solar,2026-05-31T16:03:09Z
2026-05-31T16:02:57Z,2026-05-31T18:02:57+0200,611fde5d-54b0-4507-9ef0-5698875a33e4,2026-05-11T17:00:00Z,2026-05-11T19:00:00+0200,1017.478749,MW,BE,BE,forecast_solar_generation,Solar,2026-05-31T16:03:09Z
2026-05-31T16:02:57Z,2026-05-31T18:02:57+0200,611fde5d-54b0-4507-9ef0-5698875a33e4,2026-05-11T18:00:00Z,2026-05-11T20:00:00+0200,292.7935,MW,BE,BE,forecast_solar_generation,Solar,2026-05-31T16:03:09Z
2026-05-31T16:02:57Z,2026-05-31T18:02:57+0200,611fde5d-54b0-4507-9ef0-5698875a33e4,2026-05-11T19:00:00Z,2026-05-11T21:00:00+0200,11.17325,MW,BE,BE,forecast_solar_generation,Solar,2026-05-31T16:03:09Z
2026-05-31T16:02:57Z,2026-05-31T18:02:57+0200,611fde5d-54b0-4507-9ef0-5698875a33e4,2026-05-11T20:00:00Z,2026-05-11T22:00:00+0200,0.0,MW,BE,BE,forecast_solar_generation,Solar,2026-05-31T16:03:09Z
2026-05-31T16:02:57Z,2026-05-31T18:02:57+0200,611fde5d-54b0-4507-9ef0-5698875a33e4,2026-05-11T21:00:00Z,2026-05-11T23:00:00+0200,0.0,MW,BE,BE,forecast_solar_generation,Solar,2026-05-31T16:03:09Z
2026-05-31T16:02:57Z,2026-05-31T18:02:57+0200,611fde5d-54b0-4507-9ef0-5698875a33e4,2026-05-11T22:00:00Z,2026-05-12T00:00:00+0200,0.0,MW,BE,BE,forecast_solar_generation,Solar,2026-05-31T16:03:09Z
2026-05-31T16:02:57Z,2026-05-31T18:02:57+0200,611fde5d-54b0-4507-9ef0-5698875a33e4,2026-05-11T23:00:00Z,2026-05-12T01:00:00+0200,0.0,MW,BE,BE,forecast_solar_generation,Solar,2026-05-31T16:03:09Z
2026-05-31T16:02:57Z,2026-05-31T18:02:57+0200,611fde5d-54b0-4507-9ef0-5698875a33e4,2026-05-12T00:00:00Z,2026-05-12T02:00:00+0200,0.0,MW,BE,BE,forecast_solar_generation,Solar,2026-05-31T16:03:09Z
2026-05-31T16:02:57Z,2026-05-31T18:02:57+0200,611fde5d-54b0-4507-9ef0-5698875a33e4,2026-05-12T01:00:00Z,2026-05-12T03:00:00+0200,0.0,MW,BE,BE,forecast_solar_generation,Solar,2026-05-31T16:03:09Z
2026-05-31T16:02:57Z,2026-05-31T18:02:57+0200,611fde5d-54b0-4507-9ef0-5698875a33e4,2026-05-12T02:00:00Z,2026-05-12T04:00:00+0200,0.0,MW,BE,BE,forecast_solar_generation,Solar,2026-05-31T16:03:09Z
2026-05-31T16:02:57Z,2026-05-31T18:02:57+0200,611fde5d-54b0-4507-9ef0-5698875a33e4,2026-05-12T03:00:00Z,2026-05-12T05:00:00+0200,0.07725,MW,BE,BE,forecast_solar_generation,Solar,2026-05-31T16:03:09Z
2026-05-31T16:02:57Z,2026-05-31T18:02:57+0200,611fde5d-54b0-4507-9ef0-5698875a33e4,2026-05-12T04:00:00Z,2026-05-12T06:00:00+0200,178.29675,MW,BE,BE,forecast_solar_generation,Solar,2026-05-31T16:03:09Z
2026-05-31T16:02:57Z,2026-05-31T18:02:57+0200,611fde5d-54b0-4507-9ef0-5698875a33e4,2026-05-12T05:00:00Z,2026-05-12T07:00:00+0200,780.534501,MW,BE,BE,forecast_solar_generation,Solar,2026-05-31T16:03:09Z
2026-05-31T16:02:57Z,2026-05-31T18:02:57+0200,611fde5d-54b0-4507-9ef0-5698875a33e4,2026-05-12T06:00:00Z,2026-05-12T08:00:00+0200,1720.728002,MW,BE,BE,forecast_solar_generation,Solar,2026-05-31T16:03:09Z
2026-05-31T16:02:57Z,2026-05-31T18:02:57+0200,611fde5d-54b0-4507-9ef0-5698875a33e4,2026-05-12T07:00:00Z,2026-05-12T09:00:00+0200,2813.902492,MW,BE,BE,forecast_solar_generation,Solar,2026-05-31T16:03:09Z
2026-05-31T16:02:57Z,2026-05-31T18:02:57+0200,611fde5d-54b0-4507-9ef0-5698875a33e4,2026-05-12T08:00:00Z,2026-05-12T10:00:00+0200,3679.366001,MW,BE,BE,forecast_solar_generation,Solar,2026-05-31T16:03:09Z
2026-05-31T16:02:57Z,2026-05-31T18:02:57+0200,611fde5d-54b0-4507-9ef0-5698875a33e4,2026-05-12T09:00:00Z,2026-05-12T11:00:00+0200,4285.364255,MW,BE,BE,forecast_solar_generation,Solar,2026-05-31T16:03:09Z
2026-05-31T16:02:57Z,2026-05-31T18:02:57+0200,611fde5d-54b0-4507-9ef0-5698875a33e4,2026-05-12T10:00:00Z,2026-05-12T12:00:00+0200,4561.71574,MW,BE,BE,forecast_solar_generation,Solar,2026-05-31T16:03:09Z
2026-05-31T16:02:57Z,2026-05-31T18:02:57+0200,611fde5d-54b0-4507-9ef0-5698875a33e4,2026-05-12T11:00:00Z,2026-05-12T13:00:00+0200,4613.299247,MW,BE,BE,forecast_solar_generation,Solar,2026-05-31T16:03:09Z
2026-05-31T16:02:57Z,2026-05-31T18:02:57+0200,611fde5d-54b0-4507-9ef0-5698875a33e4,2026-05-12T12:00:00Z,2026-05-12T14:00:00+0200,4438.882249,MW,BE,BE,forecast_solar_generation,Solar,2026-05-31T16:03:09Z
2026-05-31T16:02:57Z,2026-05-31T18:02:57+0200,611fde5d-54b0-4507-9ef0-5698875a33e4,2026-05-12T13:00:00Z,2026-05-12T15:00:00+0200,3978.848502,MW,BE,BE,forecast_solar_generation,Solar,2026-05-31T16:03:09Z
2026-05-31T16:02:57Z,2026-05-31T18:02:57+0200,611fde5d-54b0-4507-9ef0-5698875a33e4,2026-05-12T14:00:00Z,2026-05-12T16:00:00+0200,3258.760251,MW,BE,BE,forecast_solar_generation,Solar,2026-05-31T16:03:09Z
2026-05-31T16:02:57Z,2026-05-31T18:02:57+0200,611fde5d-54b0-4507-9ef0-5698875a33e4,2026-05-12T15:00:00Z,2026-05-12T17:00:00+0200,2272.115749,MW,BE,BE,forecast_solar_generation,Solar,2026-05-31T16:03:09Z
2026-05-31T16:02:57Z,2026-05-31T18:02:57+0200,611fde5d-54b0-4507-9ef0-5698875a33e4,2026-05-12T16:00:00Z,2026-05-12T18:00:00+0200,1421.894501,MW,BE,BE,forecast_solar_generation,Solar,2026-05-31T16:03:09Z
2026-05-31T16:02:57Z,2026-05-31T18:02:57+0200,611fde5d-54b0-4507-9ef0-5698875a33e4,2026-05-12T17:00:00Z,2026-05-12T19:00:00+0200,795.885748,MW,BE,BE,forecast_solar_generation,Solar,2026-05-31T16:03:09Z
2026-05-31T16:02:57Z,2026-05-31T18:02:57+0200,611fde5d-54b0-4507-9ef0-5698875a33e4,2026-05-12T18:00:00Z,2026-05-12T20:00:00+0200,253.079749,MW,BE,BE,forecast_solar_generation,Solar,2026-05-31T16:03:09Z
2026-05-31T16:02:57Z,2026-05-31T18:02:57+0200,611fde5d-54b0-4507-9ef0-5698875a33e4,2026-05-12T19:00:00Z,2026-05-12T21:00:00+0200,8.601,MW,BE,BE,forecast_solar_generation,Solar,2026-05-31T16:03:09Z
2026-05-31T16:02:57Z,2026-05-31T18:02:57+0200,611fde5d-54b0-4507-9ef0-5698875a33e4,2026-05-12T20:00:00Z,2026-05-12T22:00:00+0200,0.0,MW,BE,BE,forecast_solar_generation,Solar,2026-05-31T16:03:09Z
2026-05-31T16:02:57Z,2026-05-31T18:02:57+0200,611fde5d-54b0-4507-9ef0-5698875a33e4,2026-05-12T21:00:00Z,2026-05-12T23:00:00+0200,0.0,MW,BE,BE,forecast_solar_generation,Solar,2026-05-31T16:03:09Z
2026-05-31T16:02:57Z,2026-05-31T18:02:57+0200,611fde5d-54b0-4507-9ef0-5698875a33e4,2026-05-12T22:00:00Z,2026-05-13T00:00:00+0200,0.0,MW,BE,BE,forecast_solar_generation,Solar,2026-05-31T16:03:09Z
2026-05-31T16:02:57Z,2026-05-31T18:02:57+0200,611fde5d-54b0-4507-9ef0-5698875a33e4,2026-05-12T23:00:00Z,2026-05-13T01:00:00+0200,0.0,MW,BE,BE,forecast_solar_generation,Solar,2026-05-31T16:03:09Z
2026-05-31T16:02:57Z,2026-05-31T18:02:57+0200,611fde5d-54b0-4507-9ef0-5698875a33e4,2026-05-13T00:00:00Z,2026-05-13T02:00:00+0200,0.0,MW,BE,BE,forecast_solar_generation,Solar,2026-05-31T16:03:09Z
2026-05-31T16:02:57Z,2026-05-31T18:02:57+0200,611fde5d-54b0-4507-9ef0-5698875a33e4,2026-05-13T01:00:00Z,2026-05-13T03:00:00+0200,0.0,MW,BE,BE,forecast_solar_generation,Solar,2026-05-31T16:03:09Z
2026-05-31T16:02:57Z,2026-05-31T18:02:57+0200,611fde5d-54b0-4507-9ef0-5698875a33e4,2026-05-13T02:00:00Z,2026-05-13T04:00:00+0200,0.0,MW,BE,BE,forecast_solar_generation,Solar,2026-05-31T16:03:09Z
2026-05-31T16:02:57Z,2026-05-31T18:02:57+0200,611fde5d-54b0-4507-9ef0-5698875a33e4,2026-05-13T03:00:00Z,2026-05-13T05:00:00+0200,0.2915,MW,BE,BE,forecast_solar_generation,Solar,2026-05-31T16:03:09Z
2026-05-31T16:02:57Z,2026-05-31T18:02:57+0200,611fde5d-54b0-4507-9ef0-5698875a33e4,2026-05-13T04:00:00Z,2026-05-13T06:00:00+0200,186.538249,MW,BE,BE,forecast_solar_generation,Solar,2026-05-31T16:03:09Z
2026-05-31T16:02:57Z,2026-05-31T18:02:57+0200,611fde5d-54b0-4507-9ef0-5698875a33e4,2026-05-13T05:00:00Z,2026-05-13T07:00:00+0200,810.473502,MW,BE,BE,forecast_solar_generation,Solar,2026-05-31T16:03:09Z
2026-05-31T16:02:57Z,2026-05-31T18:02:57+0200,611fde5d-54b0-4507-9ef0-5698875a33e4,2026-05-13T06:00:00Z,2026-05-13T08:00:00+0200,1685.752497,MW,BE,BE,forecast_solar_generation,Solar,2026-05-31T16:03:09Z
2026-05-31T16:02:57Z,2026-05-31T18:02:57+0200,611fde5d-54b0-4507-9ef0-5698875a33e4,2026-05-13T07:00:00Z,2026-05-13T09:00:00+0200,2535.287003,MW,BE,BE,forecast_solar_generation,Solar,2026-05-31T16:03:09Z
2026-05-31T16:02:57Z,2026-05-31T18:02:57+0200,611fde5d-54b0-4507-9ef0-5698875a33e4,2026-05-13T08:00:00Z,2026-05-13T10:00:00+0200,3236.289496,MW,BE,BE,forecast_solar_generation,Solar,2026-05-31T16:03:09Z
2026-05-31T16:02:57Z,2026-05-31T18:02:57+0200,611fde5d-54b0-4507-9ef0-5698875a33e4,2026-05-13T09:00:00Z,2026-05-13T11:00:00+0200,3544.077004,MW,BE,BE,forecast_solar_generation,Solar,2026-05-31T16:03:09Z
2026-05-31T16:02:57Z,2026-05-31T18:02:57+0200,611fde5d-54b0-4507-9ef0-5698875a33e4,2026-05-13T10:00:00Z,2026-05-13T12:00:00+0200,3730.800253,MW,BE,BE,forecast_solar_generation,Solar,2026-05-31T16:03:09Z
2026-05-31T16:02:57Z,2026-05-31T18:02:57+0200,611fde5d-54b0-4507-9ef0-5698875a33e4,2026-05-13T11:00:00Z,2026-05-13T13:00:00+0200,3875.033251,MW,BE,BE,forecast_solar_generation,Solar,2026-05-31T16:03:09Z
2026-05-31T16:02:57Z,2026-05-31T18:02:57+0200,611fde5d-54b0-4507-9ef0-5698875a33e4,2026-05-13T12:00:00Z,2026-05-13T14:00:00+0200,3866.097251,MW,BE,BE,forecast_solar_generation,Solar,2026-05-31T16:03:09Z
2026-05-31T16:02:57Z,2026-05-31T18:02:57+0200,611fde5d-54b0-4507-9ef0-5698875a33e4,2026-05-13T13:00:00Z,2026-05-13T15:00:00+0200,3612.374746,MW,BE,BE,forecast_solar_generation,Solar,2026-05-31T16:03:09Z
2026-05-31T16:02:57Z,2026-05-31T18:02:57+0200,611fde5d-54b0-4507-9ef0-5698875a33e4,2026-05-13T14:00:00Z,2026-05-13T16:00:00+0200,3084.765,MW,BE,BE,forecast_solar_generation,Solar,2026-05-31T16:03:09Z
2026-05-31T16:02:57Z,2026-05-31T18:02:57+0200,611fde5d-54b0-4507-9ef0-5698875a33e4,2026-05-13T15:00:00Z,2026-05-13T17:00:00+0200,2459.676502,MW,BE,BE,forecast_solar_generation,Solar,2026-05-31T16:03:09Z
2026-05-31T16:02:57Z,2026-05-31T18:02:57+0200,611fde5d-54b0-4507-9ef0-5698875a33e4,2026-05-13T16:00:00Z,2026-05-13T18:00:00+0200,1687.90375,MW,BE,BE,forecast_solar_generation,Solar,2026-05-31T16:03:09Z
2026-05-31T16:02:57Z,2026-05-31T18:02:57+0200,611fde5d-54b0-4507-9ef0-5698875a33e4,2026-05-13T17:00:00Z,2026-05-13T19:00:00+0200,925.505501,MW,BE,BE,forecast_solar_generation,Solar,2026-05-31T16:03:09Z
2026-05-31T16:02:57Z,2026-05-31T18:02:57+0200,611fde5d-54b0-4507-9ef0-5698875a33e4,2026-05-13T18:00:00Z,2026-05-13T20:00:00+0200,296.559499,MW,BE,BE,forecast_solar_generation,Solar,2026-05-31T16:03:09Z
2026-05-31T16:02:57Z,2026-05-31T18:02:57+0200,611fde5d-54b0-4507-9ef0-5698875a33e4,2026-05-13T19:00:00Z,2026-05-13T21:00:00+0200,10.9595,MW,BE,BE,forecast_solar_generation,Solar,2026-05-31T16:03:09Z
2026-05-31T16:02:57Z,2026-05-31T18:02:57+0200,611fde5d-54b0-4507-9ef0-5698875a33e4,2026-05-13T20:00:00Z,2026-05-13T22:00:00+0200,0.0,MW,BE,BE,forecast_solar_generation,Solar,2026-05-31T16:03:09Z
2026-05-31T16:02:57Z,2026-05-31T18:02:57+0200,611fde5d-54b0-4507-9ef0-5698875a33e4,2026-05-13T21:00:00Z,2026-05-13T23:00:00+0200,0.0,MW,BE,BE,forecast_solar_generation,Solar,2026-05-31T16:03:09Z
2026-05-31T16:02:57Z,2026-05-31T18:02:57+0200,611fde5d-54b0-4507-9ef0-5698875a33e4,2026-05-13T22:00:00Z,2026-05-14T00:00:00+0200,0.0,MW,BE,BE,forecast_solar_generation,Solar,2026-05-31T16:03:09Z
2026-05-31T16:02:57Z,2026-05-31T18:02:57+0200,611fde5d-54b0-4507-9ef0-5698875a33e4,2026-05-13T23:00:00Z,2026-05-14T01:00:00+0200,0.0,MW,BE,BE,forecast_solar_generation,Solar,2026-05-31T16:03:09Z
2026-05-31T16:02:57Z,2026-05-31T18:02:57+0200,611fde5d-54b0-4507-9ef0-5698875a33e4,2026-05-14T00:00:00Z,2026-05-14T02:00:00+0200,0.0,MW,BE,BE,forecast_solar_generation,Solar,2026-05-31T16:03:09Z
2026-05-31T16:02:57Z,2026-05-31T18:02:57+0200,611fde5d-54b0-4507-9ef0-5698875a33e4,2026-05-14T01:00:00Z,2026-05-14T03:00:00+0200,0.0,MW,BE,BE,forecast_solar_generation,Solar,2026-05-31T16:03:09Z
2026-05-31T16:02:57Z,2026-05-31T18:02:57+0200,611fde5d-54b0-4507-9ef0-5698875a33e4,2026-05-14T02:00:00Z,2026-05-14T04:00:00+0200,0.0,MW,BE,BE,forecast_solar_generation,Solar,2026-05-31T16:03:09Z
2026-05-31T16:02:57Z,2026-05-31T18:02:57+0200,611fde5d-54b0-4507-9ef0-5698875a33e4,2026-05-14T03:00:00Z,2026-05-14T05:00:00+0200,0.43925,MW,BE,BE,forecast_solar_generation,Solar,2026-05-31T16:03:09Z
2026-05-31T16:02:57Z,2026-05-31T18:02:57+0200,611fde5d-54b0-4507-9ef0-5698875a33e4,2026-05-14T04:00:00Z,2026-05-14T06:00:00+0200,177.23325,MW,BE,BE,forecast_solar_generation,Solar,2026-05-31T16:03:09Z
2026-05-31T16:02:57Z,2026-05-31T18:02:57+0200,611fde5d-54b0-4507-9ef0-5698875a33e4,2026-05-14T05:00:00Z,2026-05-14T07:00:00+0200,758.696248,MW,BE,BE,forecast_solar_generation,Solar,2026-05-31T16:03:09Z
2026-05-31T16:02:57Z,2026-05-31T18:02:57+0200,611fde5d-54b0-4507-9ef0-5698875a33e4,2026-05-14T06:00:00Z,2026-05-14T08:00:00+0200,1558.6515,MW,BE,BE,forecast_solar_generation,Solar,2026-05-31T16:03:09Z
2026-05-31T16:02:57Z,2026-05-31T18:02:57+0200,611fde5d-54b0-4507-9ef0-5698875a33e4,2026-05-14T07:00:00Z,2026-05-14T09:00:00+0200,2373.16125,MW,BE,BE,forecast_solar_generation,Solar,2026-05-31T16:03:09Z
2026-05-31T16:02:57Z,2026-05-31T18:02:57+0200,611fde5d-54b0-4507-9ef0-5698875a33e4,2026-05-14T08:00:00Z,2026-05-14T10:00:00+0200,2953.103501,MW,BE,BE,forecast_solar_generation,Solar,2026-05-31T16:03:09Z
2026-05-31T16:02:57Z,2026-05-31T18:02:57+0200,611fde5d-54b0-4507-9ef0-5698875a33e4,2026-05-14T09:00:00Z,2026-05-14T11:00:00+0200,3378.379501,MW,BE,BE,forecast_solar_generation,Solar,2026-05-31T16:03:09Z
2026-05-31T16:02:57Z,2026-05-31T18:02:57+0200,611fde5d-54b0-4507-9ef0-5698875a33e4,2026-05-14T10:00:00Z,2026-05-14T12:00:00+0200,3532.207746,MW,BE,BE,forecast_solar_generation,Solar,2026-05-31T16:03:09Z
2026-05-31T16:02:57Z,2026-05-31T18:02:57+0200,611fde5d-54b0-4507-9ef0-5698875a33e4,2026-05-14T11:00:00Z,2026-05-14T13:00:00+0200,3604.617247,MW,BE,BE,forecast_solar_generation,Solar,2026-05-31T16:03:09Z
2026-05-31T16:02:57Z,2026-05-31T18:02:57+0200,611fde5d-54b0-4507-9ef0-5698875a33e4,2026-05-14T12:00:00Z,2026-05-14T14:00:00+0200,3656.858248,MW,BE,BE,forecast_solar_generation,Solar,2026-05-31T16:03:09Z
2026-05-31T16:02:57Z,2026-05-31T18:02:57+0200,611fde5d-54b0-4507-9ef0-5698875a33e4,2026-05-14T13:00:00Z,2026-05-14T15:00:00+0200,3457.625495,MW,BE,BE,forecast_solar_generation,Solar,2026-05-31T16:03:09Z
2026-05-31T16:02:57Z,2026-05-31T18:02:57+0200,611fde5d-54b0-4507-9ef0-5698875a33e4,2026-05-14T14:00:00Z,2026-05-14T16:00:00+0200,3021.351002,MW,BE,BE,forecast_solar_generation,Solar,2026-05-31T16:03:09Z
2026-05-31T16:02:57Z,2026-05-31T18:02:57+0200,611fde5d-54b0-4507-9ef0-5698875a33e4,2026-05-14T15:00:00Z,2026-05-14T17:00:00+0200,2463.002246,MW,BE,BE,forecast_solar_generation,Solar,2026-05-31T16:03:09Z
2026-05-31T16:02:57Z,2026-05-31T18:02:57+0200,611fde5d-54b0-4507-9ef0-5698875a33e4,2026-05-14T16:00:00Z,2026-05-14T18:00:00+0200,1738.107751,MW,BE,BE,forecast_solar_generation,Solar,2026-05-31T16:03:09Z
2026-05-31T16:02:57Z,2026-05-31T18:02:57+0200,611fde5d-54b0-4507-9ef0-5698875a33e4,2026-05-14T17:00:00Z,2026-05-14T19:00:00+0200,986.126249,MW,BE,BE,forecast_solar_generation,Solar,2026-05-31T16:03:09Z
2026-05-31T16:02:57Z,2026-05-31T18:02:57+0200,611fde5d-54b0-4507-9ef0-5698875a33e4,2026-05-14T18:00:00Z,2026-05-14T20:00:00+0200,322.13875,MW,BE,BE,forecast_solar_generation,Solar,2026-05-31T16:03:09Z
2026-05-31T16:02:57Z,2026-05-31T18:02:57+0200,611fde5d-54b0-4507-9ef0-5698875a33e4,2026-05-14T19:00:00Z,2026-05-14T21:00:00+0200,14.8835,MW,BE,BE,forecast_solar_generation,Solar,2026-05-31T16:03:09Z
2026-05-31T16:02:57Z,2026-05-31T18:02:57+0200,611fde5d-54b0-4507-9ef0-5698875a33e4,2026-05-14T20:00:00Z,2026-05-14T22:00:00+0200,0.0,MW,BE,BE,forecast_solar_generation,Solar,2026-05-31T16:03:09Z
2026-05-31T16:02:57Z,2026-05-31T18:02:57+0200,611fde5d-54b0-4507-9ef0-5698875a33e4,2026-05-14T21:00:00Z,2026-05-14T23:00:00+0200,0.0,MW,BE,BE,forecast_solar_generation,Solar,2026-05-31T16:03:09Z
2026-05-31T16:02:57Z,2026-05-31T18:02:57+0200,611fde5d-54b0-4507-9ef0-5698875a33e4,2026-05-14T22:00:00Z,2026-05-15T00:00:00+0200,0.0,MW,BE,BE,forecast_solar_generation,Solar,2026-05-31T16:03:09Z
2026-05-31T16:02:57Z,2026-05-31T18:02:57+0200,611fde5d-54b0-4507-9ef0-5698875a33e4,2026-05-14T23:00:00Z,2026-05-15T01:00:00+0200,0.0,MW,BE,BE,forecast_solar_generation,Solar,2026-05-31T16:03:09Z
2026-05-31T16:02:57Z,2026-05-31T18:02:57+0200,611fde5d-54b0-4507-9ef0-5698875a33e4,2026-05-15T00:00:00Z,2026-05-15T02:00:00+0200,0.0,MW,BE,BE,forecast_solar_generation,Solar,2026-05-31T16:03:09Z
2026-05-31T16:02:57Z,2026-05-31T18:02:57+0200,611fde5d-54b0-4507-9ef0-5698875a33e4,2026-05-15T01:00:00Z,2026-05-15T03:00:00+0200,0.0,MW,BE,BE,forecast_solar_generation,Solar,2026-05-31T16:03:09Z
2026-05-31T16:02:57Z,2026-05-31T18:02:57+0200,611fde5d-54b0-4507-9ef0-5698875a33e4,2026-05-15T02:00:00Z,2026-05-15T04:00:00+0200,0.0,MW,BE,BE,forecast_solar_generation,Solar,2026-05-31T16:03:09Z
2026-05-31T16:02:57Z,2026-05-31T18:02:57+0200,611fde5d-54b0-4507-9ef0-5698875a33e4,2026-05-15T03:00:00Z,2026-05-15T05:00:00+0200,1.111,MW,BE,BE,forecast_solar_generation,Solar,2026-05-31T16:03:09Z
2026-05-31T16:02:57Z,2026-05-31T18:02:57+0200,611fde5d-54b0-4507-9ef0-5698875a33e4,2026-05-15T04:00:00Z,2026-05-15T06:00:00+0200,195.340249,MW,BE,BE,forecast_solar_generation,Solar,2026-05-31T16:03:09Z
2026-05-31T16:02:57Z,2026-05-31T18:02:57+0200,611fde5d-54b0-4507-9ef0-5698875a33e4,2026-05-15T05:00:00Z,2026-05-15T07:00:00+0200,796.43975,MW,BE,BE,forecast_solar_generation,Solar,2026-05-31T16:03:09Z
2026-05-31T16:02:57Z,2026-05-31T18:02:57+0200,611fde5d-54b0-4507-9ef0-5698875a33e4,2026-05-15T06:00:00Z,2026-05-15T08:00:00+0200,1810.077494,MW,BE,BE,forecast_solar_generation,Solar,2026-05-31T16:03:09Z
2026-05-31T16:02:57Z,2026-05-31T18:02:57+0200,611fde5d-54b0-4507-9ef0-5698875a33e4,2026-05-15T07:00:00Z,2026-05-15T09:00:00+0200,2800.833247,MW,BE,BE,forecast_solar_generation,Solar,2026-05-31T16:03:09Z
2026-05-31T16:02:57Z,2026-05-31T18:02:57+0200,611fde5d-54b0-4507-9ef0-5698875a33e4,2026-05-15T08:00:00Z,2026-05-15T10:00:00+0200,3328.1745,MW,BE,BE,forecast_solar_generation,Solar,2026-05-31T16:03:09Z
2026-05-31T16:02:57Z,2026-05-31T18:02:57+0200,611fde5d-54b0-4507-9ef0-5698875a33e4,2026-05-15T09:00:00Z,2026-05-15T11:00:00+0200,3464.619256,MW,BE,BE,forecast_solar_generation,Solar,2026-05-31T16:03:09Z
2026-05-31T16:02:57Z,2026-05-31T18:02:57+0200,611fde5d-54b0-4507-9ef0-5698875a33e4,2026-05-15T10:00:00Z,2026-05-15T12:00:00+0200,3563.657501,MW,BE,BE,forecast_solar_generation,Solar,2026-05-31T16:03:09Z
2026-05-31T16:02:57Z,2026-05-31T18:02:57+0200,611fde5d-54b0-4507-9ef0-5698875a33e4,2026-05-15T11:00:00Z,2026-05-15T13:00:00+0200,3698.814003,MW,BE,BE,forecast_solar_generation,Solar,2026-05-31T16:03:09Z
2026-05-31T16:02:57Z,2026-05-31T18:02:57+0200,611fde5d-54b0-4507-9ef0-5698875a33e4,2026-05-15T12:00:00Z,2026-05-15T14:00:00+0200,3716.347754,MW,BE,BE,forecast_solar_generation,Solar,2026-05-31T16:03:09Z
2026-05-31T16:02:57Z,2026-05-31T18:02:57+0200,611fde5d-54b0-4507-9ef0-5698875a33e4,2026-05-15T13:00:00Z,2026-05-15T15:00:00+0200,3487.158745,MW,BE,BE,forecast_solar_generation,Solar,2026-05-31T16:03:09Z
2026-05-31T16:02:57Z,2026-05-31T18:02:57+0200,611fde5d-54b0-4507-9ef0-5698875a33e4,2026-05-15T14:00:00Z,2026-05-15T16:00:00+0200,3012.909501,MW,BE,BE,forecast_solar_generation,Solar,2026-05-31T16:03:09Z
2026-05-31T16:02:57Z,2026-05-31T18:02:57+0200,611fde5d-54b0-4507-9ef0-5698875a33e4,2026-05-15T15:00:00Z,2026-05-15T17:00:00+0200,2367.375995,MW,BE,BE,forecast_solar_generation,Solar,2026-05-31T16:03:09Z
2026-05-31T16:02:57Z,2026-05-31T18:02:57+0200,611fde5d-54b0-4507-9ef0-5698875a33e4,2026-05-15T16:00:00Z,2026-05-15T18:00:00+0200,1660.741248,MW,BE,BE,forecast_solar_generation,Solar,2026-05-31T16:03:09Z
2026-05-31T16:02:57Z,2026-05-31T18:02:57+0200,611fde5d-54b0-4507-9ef0-5698875a33e4,2026-05-15T17:00:00Z,2026-05-15T19:00:00+0200,958.653998,MW,BE,BE,forecast_solar_generation,Solar,2026-05-31T16:03:09Z
2026-05-31T16:02:57Z,2026-05-31T18:02:57+0200,611fde5d-54b0-4507-9ef0-5698875a33e4,2026-05-15T18:00:00Z,2026-05-15T20:00:00+0200,330.443749,MW,BE,BE,forecast_solar_generation,Solar,2026-05-31T16:03:09Z
2026-05-31T16:02:57Z,2026-05-31T18:02:57+0200,611fde5d-54b0-4507-9ef0-5698875a33e4,2026-05-15T19:00:00Z,2026-05-15T21:00:00+0200,16.05475,MW,BE,BE,forecast_solar_generation,Solar,2026-05-31T16:03:09Z
2026-05-31T16:02:57Z,2026-05-31T18:02:57+0200,611fde5d-54b0-4507-9ef0-5698875a33e4,2026-05-15T20:00:00Z,2026-05-15T22:00:00+0200,0.0,MW,BE,BE,forecast_solar_generation,Solar,2026-05-31T16:03:09Z
2026-05-31T16:02:57Z,2026-05-31T18:02:57+0200,611fde5d-54b0-4507-9ef0-5698875a33e4,2026-05-15T21:00:00Z,2026-05-15T23:00:00+0200,0.0,MW,BE,BE,forecast_solar_generation,Solar,2026-05-31T16:03:09Z
2026-05-31T16:02:57Z,2026-05-31T18:02:57+0200,611fde5d-54b0-4507-9ef0-5698875a33e4,2026-05-15T22:00:00Z,2026-05-16T00:00:00+0200,0.0,MW,BE,BE,forecast_solar_generation,Solar,2026-05-31T16:03:09Z
2026-05-31T16:02:57Z,2026-05-31T18:02:57+0200,611fde5d-54b0-4507-9ef0-5698875a33e4,2026-05-15T23:00:00Z,2026-05-16T01:00:00+0200,0.0,MW,BE,BE,forecast_solar_generation,Solar,2026-05-31T16:03:09Z
2026-05-31T16:02:57Z,2026-05-31T18:02:57+0200,611fde5d-54b0-4507-9ef0-5698875a33e4,2026-05-16T00:00:00Z,2026-05-16T02:00:00+0200,0.0,MW,BE,BE,forecast_solar_generation,Solar,2026-05-31T16:03:09Z
2026-05-31T16:02:57Z,2026-05-31T18:02:57+0200,611fde5d-54b0-4507-9ef0-5698875a33e4,2026-05-16T01:00:00Z,2026-05-16T03:00:00+0200,0.0,MW,BE,BE,forecast_solar_generation,Solar,2026-05-31T16:03:09Z
2026-05-31T16:02:57Z,2026-05-31T18:02:57+0200,611fde5d-54b0-4507-9ef0-5698875a33e4,2026-05-16T02:00:00Z,2026-05-16T04:00:00+0200,0.0,MW,BE,BE,forecast_solar_generation,Solar,2026-05-31T16:03:09Z
2026-05-31T16:02:57Z,2026-05-31T18:02:57+0200,611fde5d-54b0-4507-9ef0-5698875a33e4,2026-05-16T03:00:00Z,2026-05-16T05:00:00+0200,1.82325,MW,BE,BE,forecast_solar_generation,Solar,2026-05-31T16:03:09Z
2026-05-31T16:02:57Z,2026-05-31T18:02:57+0200,611fde5d-54b0-4507-9ef0-5698875a33e4,2026-05-16T04:00:00Z,2026-05-16T06:00:00+0200,204.422999,MW,BE,BE,forecast_solar_generation,Solar,2026-05-31T16:03:09Z
2026-05-31T16:02:57Z,2026-05-31T18:02:57+0200,611fde5d-54b0-4507-9ef0-5698875a33e4,2026-05-16T05:00:00Z,2026-05-16T07:00:00+0200,789.056499,MW,BE,BE,forecast_solar_generation,Solar,2026-05-31T16:03:09Z
2026-05-31T16:02:57Z,2026-05-31T18:02:57+0200,611fde5d-54b0-4507-9ef0-5698875a33e4,2026-05-16T06:00:00Z,2026-05-16T08:00:00+0200,2143.986001,MW,BE,BE,forecast_solar_generation,Solar,2026-05-31T16:03:09Z
2026-05-31T16:02:57Z,2026-05-31T18:02:57+0200,611fde5d-54b0-4507-9ef0-5698875a33e4,2026-05-16T07:00:00Z,2026-05-16T09:00:00+0200,3904.085259,MW,BE,BE,forecast_solar_generation,Solar,2026-05-31T16:03:09Z
2026-05-31T16:02:57Z,2026-05-31T18:02:57+0200,611fde5d-54b0-4507-9ef0-5698875a33e4,2026-05-16T08:00:00Z,2026-05-16T10:00:00+0200,5062.26075,MW,BE,BE,forecast_solar_generation,Solar,2026-05-31T16:03:09Z
2026-05-31T16:02:57Z,2026-05-31T18:02:57+0200,611fde5d-54b0-4507-9ef0-5698875a33e4,2026-05-16T09:00:00Z,2026-05-16T11:00:00+0200,5401.817246,MW,BE,BE,forecast_solar_generation,Solar,2026-05-31T16:03:09Z
2026-05-31T16:02:57Z,2026-05-31T18:02:57+0200,611fde5d-54b0-4507-9ef0-5698875a33e4,2026-05-16T10:00:00Z,2026-05-16T12:00:00+0200,5248.041002,MW,BE,BE,forecast_solar_generation,Solar,2026-05-31T16:03:09Z
2026-05-31T16:02:57Z,2026-05-31T18:02:57+0200,611fde5d-54b0-4507-9ef0-5698875a33e4,2026-05-16T11:00:00Z,2026-05-16T13:00:00+0200,4966.957003,MW,BE,BE,forecast_solar_generation,Solar,2026-05-31T16:03:09Z
2026-05-31T16:02:57Z,2026-05-31T18:02:57+0200,611fde5d-54b0-4507-9ef0-5698875a33e4,2026-05-16T12:00:00Z,2026-05-16T14:00:00+0200,4652.949245,MW,BE,BE,forecast_solar_generation,Solar,2026-05-31T16:03:09Z
2026-05-31T16:02:57Z,2026-05-31T18:02:57+0200,611fde5d-54b0-4507-9ef0-5698875a33e4,2026-05-16T13:00:00Z,2026-05-16T15:00:00+0200,4263.583009,MW,BE,BE,forecast_solar_generation,Solar,2026-05-31T16:03:09Z
2026-05-31T16:02:57Z,2026-05-31T18:02:57+0200,611fde5d-54b0-4507-9ef0-5698875a33e4,2026-05-16T14:00:00Z,2026-05-16T16:00:00+0200,3746.271496,MW,BE,BE,forecast_solar_generation,Solar,2026-05-31T16:03:09Z
2026-05-31T16:02:57Z,2026-05-31T18:02:57+0200,611fde5d-54b0-4507-9ef0-5698875a33e4,2026-05-16T15:00:00Z,2026-05-16T17:00:00+0200,3045.694002,MW,BE,BE,forecast_solar_generation,Solar,2026-05-31T16:03:09Z
2026-05-31T16:02:57Z,2026-05-31T18:02:57+0200,611fde5d-54b0-4507-9ef0-5698875a33e4,2026-05-16T16:00:00Z,2026-05-16T18:00:00+0200,2109.806505,MW,BE,BE,forecast_solar_generation,Solar,2026-05-31T16:03:09Z
2026-05-31T16:02:57Z,2026-05-31T18:02:57+0200,611fde5d-54b0-4507-9ef0-5698875a33e4,2026-05-16T17:00:00Z,2026-05-16T19:00:00+0200,1090.103498,MW,BE,BE,forecast_solar_generation,Solar,2026-05-31T16:03:09Z
2026-05-31T16:02:57Z,2026-05-31T18:02:57+0200,611fde5d-54b0-4507-9ef0-5698875a33e4,2026-05-16T18:00:00Z,2026-05-16T20:00:00+0200,366.2125,MW,BE,BE,forecast_solar_generation,Solar,2026-05-31T16:03:09Z
2026-05-31T16:02:57Z,2026-05-31T18:02:57+0200,611fde5d-54b0-4507-9ef0-5698875a33e4,2026-05-16T19:00:00Z,2026-05-16T21:00:00+0200,21.24875,MW,BE,BE,forecast_solar_generation,Solar,2026-05-31T16:03:09Z
2026-05-31T16:02:57Z,2026-05-31T18:02:57+0200,611fde5d-54b0-4507-9ef0-5698875a33e4,2026-05-16T20:00:00Z,2026-05-16T22:00:00+0200,0.0,MW,BE,BE,forecast_solar_generation,Solar,2026-05-31T16:03:09Z
2026-05-31T16:02:57Z,2026-05-31T18:02:57+0200,611fde5d-54b0-4507-9ef0-5698875a33e4,2026-05-16T21:00:00Z,2026-05-16T23:00:00+0200,0.0,MW,BE,BE,forecast_solar_generation,Solar,2026-05-31T16:03:09Z
2026-05-31T16:02:57Z,2026-05-31T18:02:57+0200,611fde5d-54b0-4507-9ef0-5698875a33e4,2026-05-16T22:00:00Z,2026-05-17T00:00:00+0200,0.0,MW,BE,BE,forecast_solar_generation,Solar,2026-05-31T16:03:09Z
2026-05-31T16:02:57Z,2026-05-31T18:02:57+0200,611fde5d-54b0-4507-9ef0-5698875a33e4,2026-05-16T23:00:00Z,2026-05-17T01:00:00+0200,0.0,MW,BE,BE,forecast_solar_generation,Solar,2026-05-31T16:03:09Z
2026-05-31T16:02:57Z,2026-05-31T18:02:57+0200,611fde5d-54b0-4507-9ef0-5698875a33e4,2026-05-17T00:00:00Z,2026-05-17T02:00:00+0200,0.0,MW,BE,BE,forecast_solar_generation,Solar,2026-05-31T16:03:09Z
2026-05-31T16:02:57Z,2026-05-31T18:02:57+0200,611fde5d-54b0-4507-9ef0-5698875a33e4,2026-05-17T01:00:00Z,2026-05-17T03:00:00+0200,0.0,MW,BE,BE,forecast_solar_generation,Solar,2026-05-31T16:03:09Z
2026-05-31T16:02:57Z,2026-05-31T18:02:57+0200,611fde5d-54b0-4507-9ef0-5698875a33e4,2026-05-17T02:00:00Z,2026-05-17T04:00:00+0200,0.0,MW,BE,BE,forecast_solar_generation,Solar,2026-05-31T16:03:09Z
2026-05-31T16:02:57Z,2026-05-31T18:02:57+0200,611fde5d-54b0-4507-9ef0-5698875a33e4,2026-05-17T03:00:00Z,2026-05-17T05:00:00+0200,0.9715,MW,BE,BE,forecast_solar_generation,Solar,2026-05-31T16:03:09Z
2026-05-31T16:02:57Z,2026-05-31T18:02:57+0200,611fde5d-54b0-4507-9ef0-5698875a33e4,2026-05-17T04:00:00Z,2026-05-17T06:00:00+0200,109.9925,MW,BE,BE,forecast_solar_generation,Solar,2026-05-31T16:03:09Z
2026-05-31T16:02:57Z,2026-05-31T18:02:57+0200,611fde5d-54b0-4507-9ef0-5698875a33e4,2026-05-17T05:00:00Z,2026-05-17T07:00:00+0200,465.4395,MW,BE,BE,forecast_solar_generation,Solar,2026-05-31T16:03:09Z
2026-05-31T16:02:57Z,2026-05-31T18:02:57+0200,611fde5d-54b0-4507-9ef0-5698875a33e4,2026-05-17T06:00:00Z,2026-05-17T08:00:00+0200,903.153999,MW,BE,BE,forecast_solar_generation,Solar,2026-05-31T16:03:09Z
2026-05-31T16:02:57Z,2026-05-31T18:02:57+0200,611fde5d-54b0-4507-9ef0-5698875a33e4,2026-05-17T07:00:00Z,2026-05-17T09:00:00+0200,1364.932502,MW,BE,BE,forecast_solar_generation,Solar,2026-05-31T16:03:09Z
2026-05-31T16:02:57Z,2026-05-31T18:02:57+0200,611fde5d-54b0-4507-9ef0-5698875a33e4,2026-05-17T08:00:00Z,2026-05-17T10:00:00+0200,1813.863996,MW,BE,BE,forecast_solar_generation,Solar,2026-05-31T16:03:09Z
2026-05-31T16:02:57Z,2026-05-31T18:02:57+0200,611fde5d-54b0-4507-9ef0-5698875a33e4,2026-05-17T09:00:00Z,2026-05-17T11:00:00+0200,2191.191502,MW,BE,BE,forecast_solar_generation,Solar,2026-05-31T16:03:09Z
2026-05-31T16:02:57Z,2026-05-31T18:02:57+0200,611fde5d-54b0-4507-9ef0-5698875a33e4,2026-05-17T10:00:00Z,2026-05-17T12:00:00+0200,2506.830498,MW,BE,BE,forecast_solar_generation,Solar,2026-05-31T16:03:09Z
2026-05-31T16:02:57Z,2026-05-31T18:02:57+0200,611fde5d-54b0-4507-9ef0-5698875a33e4,2026-05-17T11:00:00Z,2026-05-17T13:00:00+0200,2734.128998,MW,BE,BE,forecast_solar_generation,Solar,2026-05-31T16:03:09Z
2026-05-31T16:02:57Z,2026-05-31T18:02:57+0200,611fde5d-54b0-4507-9ef0-5698875a33e4,2026-05-17T12:00:00Z,2026-05-17T14:00:00+0200,2812.420004,MW,BE,BE,forecast_solar_generation,Solar,2026-05-31T16:03:09Z
2026-05-31T16:02:57Z,2026-05-31T18:02:57+0200,611fde5d-54b0-4507-9ef0-5698875a33e4,2026-05-17T13:00:00Z,2026-05-17T15:00:00+0200,2786.148249,MW,BE,BE,forecast_solar_generation,Solar,2026-05-31T16:03:09Z
2026-05-31T16:02:57Z,2026-05-31T18:02:57+0200,611fde5d-54b0-4507-9ef0-5698875a33e4,2026-05-17T14:00:00Z,2026-05-17T16:00:00+0200,2490.251248,MW,BE,BE,forecast_solar_generation,Solar,2026-05-31T16:03:09Z
2026-05-31T16:02:57Z,2026-05-31T18:02:57+0200,611fde5d-54b0-4507-9ef0-5698875a33e4,2026-05-17T15:00:00Z,2026-05-17T17:00:00+0200,2051.0245,MW,BE,BE,forecast_solar_generation,Solar,2026-05-31T16:03:09Z
2026-05-31T16:02:57Z,2026-05-31T18:02:57+0200,611fde5d-54b0-4507-9ef0-5698875a33e4,2026-05-17T16:00:00Z,2026-05-17T18:00:00+0200,1438.223249,MW,BE,BE,forecast_solar_generation,Solar,2026-05-31T16:03:09Z
2026-05-31T16:02:57Z,2026-05-31T18:02:57+0200,611fde5d-54b0-4507-9ef0-5698875a33e4,2026-05-17T17:00:00Z,2026-05-17T19:00:00+0200,839.691,MW,BE,BE,forecast_solar_generation,Solar,2026-05-31T16:03:09Z
2026-05-31T16:02:57Z,2026-05-31T18:02:57+0200,611fde5d-54b0-4507-9ef0-5698875a33e4,2026-05-17T18:00:00Z,2026-05-17T20:00:00+0200,294.205499,MW,BE,BE,forecast_solar_generation,Solar,2026-05-31T16:03:09Z
2026-05-31T16:02:57Z,2026-05-31T18:02:57+0200,611fde5d-54b0-4507-9ef0-5698875a33e4,2026-05-17T19:00:00Z,2026-05-17T21:00:00+0200,16.96875,MW,BE,BE,forecast_solar_generation,Solar,2026-05-31T16:03:09Z
2026-05-31T16:02:57Z,2026-05-31T18:02:57+0200,611fde5d-54b0-4507-9ef0-5698875a33e4,2026-05-17T20:00:00Z,2026-05-17T22:00:00+0200,0.0,MW,BE,BE,forecast_solar_generation,Solar,2026-05-31T16:03:09Z
2026-05-31T16:02:57Z,2026-05-31T18:02:57+0200,611fde5d-54b0-4507-9ef0-5698875a33e4,2026-05-17T21:00:00Z,2026-05-17T23:00:00+0200,0.0,MW,BE,BE,forecast_solar_generation,Solar,2026-05-31T16:03:09Z
2026-05-31T16:02:57Z,2026-05-31T18:02:57+0200,611fde5d-54b0-4507-9ef0-5698875a33e4,2026-05-17T22:00:00Z,2026-05-18T00:00:00+0200,0.0,MW,BE,BE,forecast_solar_generation,Solar,2026-05-31T16:03:09Z
2026-05-31T16:02:57Z,2026-05-31T18:02:57+0200,611fde5d-54b0-4507-9ef0-5698875a33e4,2026-05-17T23:00:00Z,2026-05-18T01:00:00+0200,0.0,MW,BE,BE,forecast_solar_generation,Solar,2026-05-31T16:03:09Z
2026-05-31T16:02:57Z,2026-05-31T18:02:57+0200,611fde5d-54b0-4507-9ef0-5698875a33e4,2026-05-18T00:00:00Z,2026-05-18T02:00:00+0200,0.0,MW,BE,BE,forecast_solar_generation,Solar,2026-05-31T16:03:09Z
2026-05-31T16:02:57Z,2026-05-31T18:02:57+0200,611fde5d-54b0-4507-9ef0-5698875a33e4,2026-05-18T01:00:00Z,2026-05-18T03:00:00+0200,0.0,MW,BE,BE,forecast_solar_generation,Solar,2026-05-31T16:03:09Z
2026-05-31T16:02:57Z,2026-05-31T18:02:57+0200,611fde5d-54b0-4507-9ef0-5698875a33e4,2026-05-18T02:00:00Z,2026-05-18T04:00:00+0200,0.0,MW,BE,BE,forecast_solar_generation,Solar,2026-05-31T16:03:09Z
2026-05-31T16:02:57Z,2026-05-31T18:02:57+0200,611fde5d-54b0-4507-9ef0-5698875a33e4,2026-05-18T03:00:00Z,2026-05-18T05:00:00+0200,1.85025,MW,BE,BE,forecast_solar_generation,Solar,2026-05-31T16:03:09Z
2026-05-31T16:02:57Z,2026-05-31T18:02:57+0200,611fde5d-54b0-4507-9ef0-5698875a33e4,2026-05-18T04:00:00Z,2026-05-18T06:00:00+0200,191.75175,MW,BE,BE,forecast_solar_generation,Solar,2026-05-31T16:03:09Z
2026-05-31T16:02:57Z,2026-05-31T18:02:57+0200,611fde5d-54b0-4507-9ef0-5698875a33e4,2026-05-18T05:00:00Z,2026-05-18T07:00:00+0200,749.604999,MW,BE,BE,forecast_solar_generation,Solar,2026-05-31T16:03:09Z
2026-05-31T16:02:57Z,2026-05-31T18:02:57+0200,611fde5d-54b0-4507-9ef0-5698875a33e4,2026-05-18T06:00:00Z,2026-05-18T08:00:00+0200,1470.902997,MW,BE,BE,forecast_solar_generation,Solar,2026-05-31T16:03:09Z
2026-05-31T16:02:57Z,2026-05-31T18:02:57+0200,611fde5d-54b0-4507-9ef0-5698875a33e4,2026-05-18T07:00:00Z,2026-05-18T09:00:00+0200,2342.87125,MW,BE,BE,forecast_solar_generation,Solar,2026-05-31T16:03:09Z
2026-05-31T16:02:57Z,2026-05-31T18:02:57+0200,611fde5d-54b0-4507-9ef0-5698875a33e4,2026-05-18T08:00:00Z,2026-05-18T10:00:00+0200,3279.82525,MW,BE,BE,forecast_solar_generation,Solar,2026-05-31T16:03:09Z
2026-05-31T16:02:57Z,2026-05-31T18:02:57+0200,611fde5d-54b0-4507-9ef0-5698875a33e4,2026-05-18T09:00:00Z,2026-05-18T11:00:00+0200,3876.101506,MW,BE,BE,forecast_solar_generation,Solar,2026-05-31T16:03:09Z
2026-05-31T16:02:57Z,2026-05-31T18:02:57+0200,611fde5d-54b0-4507-9ef0-5698875a33e4,2026-05-18T10:00:00Z,2026-05-18T12:00:00+0200,4095.899751,MW,BE,BE,forecast_solar_generation,Solar,2026-05-31T16:03:09Z
2026-05-31T16:02:57Z,2026-05-31T18:02:57+0200,611fde5d-54b0-4507-9ef0-5698875a33e4,2026-05-18T11:00:00Z,2026-05-18T13:00:00+0200,4171.925503,MW,BE,BE,forecast_solar_generation,Solar,2026-05-31T16:03:09Z
2026-05-31T16:02:57Z,2026-05-31T18:02:57+0200,611fde5d-54b0-4507-9ef0-5698875a33e4,2026-05-18T12:00:00Z,2026-05-18T14:00:00+0200,4110.456745,MW,BE,BE,forecast_solar_generation,Solar,2026-05-31T16:03:09Z
2026-05-31T16:02:57Z,2026-05-31T18:02:57+0200,611fde5d-54b0-4507-9ef0-5698875a33e4,2026-05-18T13:00:00Z,2026-05-18T15:00:00+0200,3873.696245,MW,BE,BE,forecast_solar_generation,Solar,2026-05-31T16:03:09Z
2026-05-31T16:02:57Z,2026-05-31T18:02:57+0200,611fde5d-54b0-4507-9ef0-5698875a33e4,2026-05-18T14:00:00Z,2026-05-18T16:00:00+0200,3464.872503,MW,BE,BE,forecast_solar_generation,Solar,2026-05-31T16:03:09Z
2026-05-31T16:02:57Z,2026-05-31T18:02:57+0200,611fde5d-54b0-4507-9ef0-5698875a33e4,2026-05-18T15:00:00Z,2026-05-18T17:00:00+0200,2789.346499,MW,BE,BE,forecast_solar_generation,Solar,2026-05-31T16:03:09Z
2026-05-31T16:02:57Z,2026-05-31T18:02:57+0200,611fde5d-54b0-4507-9ef0-5698875a33e4,2026-05-18T16:00:00Z,2026-05-18T18:00:00+0200,2038.628749,MW,BE,BE,forecast_solar_generation,Solar,2026-05-31T16:03:09Z
2026-05-31T16:02:57Z,2026-05-31T18:02:57+0200,611fde5d-54b0-4507-9ef0-5698875a33e4,2026-05-18T17:00:00Z,2026-05-18T19:00:00+0200,1112.778248,MW,BE,BE,forecast_solar_generation,Solar,2026-05-31T16:03:09Z
2026-05-31T16:02:57Z,2026-05-31T18:02:57+0200,611fde5d-54b0-4507-9ef0-5698875a33e4,2026-05-18T18:00:00Z,2026-05-18T20:00:00+0200,393.431001,MW,BE,BE,forecast_solar_generation,Solar,2026-05-31T16:03:09Z
2026-05-31T16:02:57Z,2026-05-31T18:02:57+0200,611fde5d-54b0-4507-9ef0-5698875a33e4,2026-05-18T19:00:00Z,2026-05-18T21:00:00+0200,27.12525,MW,BE,BE,forecast_solar_generation,Solar,2026-05-31T16:03:09Z
2026-05-31T16:02:57Z,2026-05-31T18:02:57+0200,611fde5d-54b0-4507-9ef0-5698875a33e4,2026-05-18T20:00:00Z,2026-05-18T22:00:00+0200,0.0,MW,BE,BE,forecast_solar_generation,Solar,2026-05-31T16:03:09Z
2026-05-31T16:02:57Z,2026-05-31T18:02:57+0200,611fde5d-54b0-4507-9ef0-5698875a33e4,2026-05-18T21:00:00Z,2026-05-18T23:00:00+0200,0.0,MW,BE,BE,forecast_solar_generation,Solar,2026-05-31T16:03:09Z
2026-05-31T16:02:57Z,2026-05-31T18:02:57+0200,611fde5d-54b0-4507-9ef0-5698875a33e4,2026-05-18T22:00:00Z,2026-05-19T00:00:00+0200,0.0,MW,BE,BE,forecast_solar_generation,Solar,2026-05-31T16:03:09Z
2026-05-31T16:02:57Z,2026-05-31T18:02:57+0200,611fde5d-54b0-4507-9ef0-5698875a33e4,2026-05-18T23:00:00Z,2026-05-19T01:00:00+0200,0.0,MW,BE,BE,forecast_solar_generation,Solar,2026-05-31T16:03:09Z
2026-05-31T16:02:57Z,2026-05-31T18:02:57+0200,611fde5d-54b0-4507-9ef0-5698875a33e4,2026-05-19T00:00:00Z,2026-05-19T02:00:00+0200,0.0,MW,BE,BE,forecast_solar_generation,Solar,2026-05-31T16:03:09Z
2026-05-31T16:02:57Z,2026-05-31T18:02:57+0200,611fde5d-54b0-4507-9ef0-5698875a33e4,2026-05-19T01:00:00Z,2026-05-19T03:00:00+0200,0.0,MW,BE,BE,forecast_solar_generation,Solar,2026-05-31T16:03:09Z
2026-05-31T16:02:57Z,2026-05-31T18:02:57+0200,611fde5d-54b0-4507-9ef0-5698875a33e4,2026-05-19T02:00:00Z,2026-05-19T04:00:00+0200,0.0,MW,BE,BE,forecast_solar_generation,Solar,2026-05-31T16:03:09Z
2026-05-31T16:02:57Z,2026-05-31T18:02:57+0200,611fde5d-54b0-4507-9ef0-5698875a33e4,2026-05-19T03:00:00Z,2026-05-19T05:00:00+0200,2.55225,MW,BE,BE,forecast_solar_generation,Solar,2026-05-31T16:03:09Z
2026-05-31T16:02:57Z,2026-05-31T18:02:57+0200,611fde5d-54b0-4507-9ef0-5698875a33e4,2026-05-19T04:00:00Z,2026-05-19T06:00:00+0200,173.3525,MW,BE,BE,forecast_solar_generation,Solar,2026-05-31T16:03:09Z
2026-05-31T16:02:57Z,2026-05-31T18:02:57+0200,611fde5d-54b0-4507-9ef0-5698875a33e4,2026-05-19T05:00:00Z,2026-05-19T07:00:00+0200,671.06625,MW,BE,BE,forecast_solar_generation,Solar,2026-05-31T16:03:09Z
2026-05-31T16:02:57Z,2026-05-31T18:02:57+0200,611fde5d-54b0-4507-9ef0-5698875a33e4,2026-05-19T06:00:00Z,2026-05-19T08:00:00+0200,1199.976499,MW,BE,BE,forecast_solar_generation,Solar,2026-05-31T16:03:09Z
2026-05-31T16:02:57Z,2026-05-31T18:02:57+0200,611fde5d-54b0-4507-9ef0-5698875a33e4,2026-05-19T07:00:00Z,2026-05-19T09:00:00+0200,1596.130751,MW,BE,BE,forecast_solar_generation,Solar,2026-05-31T16:03:09Z
2026-05-31T16:02:57Z,2026-05-31T18:02:57+0200,611fde5d-54b0-4507-9ef0-5698875a33e4,2026-05-19T08:00:00Z,2026-05-19T10:00:00+0200,1852.874746,MW,BE,BE,forecast_solar_generation,Solar,2026-05-31T16:03:09Z
2026-05-31T16:02:57Z,2026-05-31T18:02:57+0200,611fde5d-54b0-4507-9ef0-5698875a33e4,2026-05-19T09:00:00Z,2026-05-19T11:00:00+0200,2145.058503,MW,BE,BE,forecast_solar_generation,Solar,2026-05-31T16:03:09Z
2026-05-31T16:02:57Z,2026-05-31T18:02:57+0200,611fde5d-54b0-4507-9ef0-5698875a33e4,2026-05-19T10:00:00Z,2026-05-19T12:00:00+0200,2429.422497,MW,BE,BE,forecast_solar_generation,Solar,2026-05-31T16:03:09Z
2026-05-31T16:02:57Z,2026-05-31T18:02:57+0200,611fde5d-54b0-4507-9ef0-5698875a33e4,2026-05-19T11:00:00Z,2026-05-19T13:00:00+0200,2484.154998,MW,BE,BE,forecast_solar_generation,Solar,2026-05-31T16:03:09Z
2026-05-31T16:02:57Z,2026-05-31T18:02:57+0200,611fde5d-54b0-4507-9ef0-5698875a33e4,2026-05-19T12:00:00Z,2026-05-19T14:00:00+0200,2406.351996,MW,BE,BE,forecast_solar_generation,Solar,2026-05-31T16:03:09Z
2026-05-31T16:02:57Z,2026-05-31T18:02:57+0200,611fde5d-54b0-4507-9ef0-5698875a33e4,2026-05-19T13:00:00Z,2026-05-19T15:00:00+0200,2022.774753,MW,BE,BE,forecast_solar_generation,Solar,2026-05-31T16:03:09Z
2026-05-31T16:02:57Z,2026-05-31T18:02:57+0200,611fde5d-54b0-4507-9ef0-5698875a33e4,2026-05-19T14:00:00Z,2026-05-19T16:00:00+0200,1692.835249,MW,BE,BE,forecast_solar_generation,Solar,2026-05-31T16:03:09Z
2026-05-31T16:02:57Z,2026-05-31T18:02:57+0200,611fde5d-54b0-4507-9ef0-5698875a33e4,2026-05-19T15:00:00Z,2026-05-19T17:00:00+0200,1427.033999,MW,BE,BE,forecast_solar_generation,Solar,2026-05-31T16:03:09Z
2026-05-31T16:02:57Z,2026-05-31T18:02:57+0200,611fde5d-54b0-4507-9ef0-5698875a33e4,2026-05-19T16:00:00Z,2026-05-19T18:00:00+0200,1093.35975,MW,BE,BE,forecast_solar_generation,Solar,2026-05-31T16:03:09Z
2026-05-31T16:02:57Z,2026-05-31T18:02:57+0200,611fde5d-54b0-4507-9ef0-5698875a33e4,2026-05-19T17:00:00Z,2026-05-19T19:00:00+0200,664.656,MW,BE,BE,forecast_solar_generation,Solar,2026-05-31T16:03:09Z
2026-05-31T16:02:57Z,2026-05-31T18:02:57+0200,611fde5d-54b0-4507-9ef0-5698875a33e4,2026-05-19T18:00:00Z,2026-05-19T20:00:00+0200,235.479,MW,BE,BE,forecast_solar_generation,Solar,2026-05-31T16:03:09Z
2026-05-31T16:02:57Z,2026-05-31T18:02:57+0200,611fde5d-54b0-4507-9ef0-5698875a33e4,2026-05-19T19:00:00Z,2026-05-19T21:00:00+0200,15.706,MW,BE,BE,forecast_solar_generation,Solar,2026-05-31T16:03:09Z
2026-05-31T16:02:57Z,2026-05-31T18:02:57+0200,611fde5d-54b0-4507-9ef0-5698875a33e4,2026-05-19T20:00:00Z,2026-05-19T22:00:00+0200,0.0,MW,BE,BE,forecast_solar_generation,Solar,2026-05-31T16:03:09Z
2026-05-31T16:02:57Z,2026-05-31T18:02:57+0200,611fde5d-54b0-4507-9ef0-5698875a33e4,2026-05-19T21:00:00Z,2026-05-19T23:00:00+0200,0.0,MW,BE,BE,forecast_solar_generation,Solar,2026-05-31T16:03:09Z
2026-05-31T16:02:57Z,2026-05-31T18:02:57+0200,611fde5d-54b0-4507-9ef0-5698875a33e4,2026-05-19T22:00:00Z,2026-05-20T00:00:00+0200,0.0,MW,BE,BE,forecast_solar_generation,Solar,2026-05-31T16:03:09Z
2026-05-31T16:02:57Z,2026-05-31T18:02:57+0200,611fde5d-54b0-4507-9ef0-5698875a33e4,2026-05-19T23:00:00Z,2026-05-20T01:00:00+0200,0.0,MW,BE,BE,forecast_solar_generation,Solar,2026-05-31T16:03:09Z
2026-05-31T16:02:57Z,2026-05-31T18:02:57+0200,611fde5d-54b0-4507-9ef0-5698875a33e4,2026-05-20T00:00:00Z,2026-05-20T02:00:00+0200,0.0,MW,BE,BE,forecast_solar_generation,Solar,2026-05-31T16:03:09Z
2026-05-31T16:02:57Z,2026-05-31T18:02:57+0200,611fde5d-54b0-4507-9ef0-5698875a33e4,2026-05-20T01:00:00Z,2026-05-20T03:00:00+0200,0.0,MW,BE,BE,forecast_solar_generation,Solar,2026-05-31T16:03:09Z
2026-05-31T16:02:57Z,2026-05-31T18:02:57+0200,611fde5d-54b0-4507-9ef0-5698875a33e4,2026-05-20T02:00:00Z,2026-05-20T04:00:00+0200,0.0,MW,BE,BE,forecast_solar_generation,Solar,2026-05-31T16:03:09Z
2026-05-31T16:02:57Z,2026-05-31T18:02:57+0200,611fde5d-54b0-4507-9ef0-5698875a33e4,2026-05-20T03:00:00Z,2026-05-20T05:00:00+0200,2.47625,MW,BE,BE,forecast_solar_generation,Solar,2026-05-31T16:03:09Z
2026-05-31T16:02:57Z,2026-05-31T18:02:57+0200,611fde5d-54b0-4507-9ef0-5698875a33e4,2026-05-20T04:00:00Z,2026-05-20T06:00:00+0200,175.96925,MW,BE,BE,forecast_solar_generation,Solar,2026-05-31T16:03:09Z
2026-05-31T16:02:57Z,2026-05-31T18:02:57+0200,611fde5d-54b0-4507-9ef0-5698875a33e4,2026-05-20T05:00:00Z,2026-05-20T07:00:00+0200,679.77,MW,BE,BE,forecast_solar_generation,Solar,2026-05-31T16:03:09Z
2026-05-31T16:02:57Z,2026-05-31T18:02:57+0200,611fde5d-54b0-4507-9ef0-5698875a33e4,2026-05-20T06:00:00Z,2026-05-20T08:00:00+0200,1347.488747,MW,BE,BE,forecast_solar_generation,Solar,2026-05-31T16:03:09Z
2026-05-31T16:02:57Z,2026-05-31T18:02:57+0200,611fde5d-54b0-4507-9ef0-5698875a33e4,2026-05-20T07:00:00Z,2026-05-20T09:00:00+0200,2147.900754,MW,BE,BE,forecast_solar_generation,Solar,2026-05-31T16:03:09Z
2026-05-31T16:02:57Z,2026-05-31T18:02:57+0200,611fde5d-54b0-4507-9ef0-5698875a33e4,2026-05-20T08:00:00Z,2026-05-20T10:00:00+0200,2885.659751,MW,BE,BE,forecast_solar_generation,Solar,2026-05-31T16:03:09Z
2026-05-31T16:02:57Z,2026-05-31T18:02:57+0200,611fde5d-54b0-4507-9ef0-5698875a33e4,2026-05-20T09:00:00Z,2026-05-20T11:00:00+0200,3429.413746,MW,BE,BE,forecast_solar_generation,Solar,2026-05-31T16:03:09Z
2026-05-31T16:02:57Z,2026-05-31T18:02:57+0200,611fde5d-54b0-4507-9ef0-5698875a33e4,2026-05-20T10:00:00Z,2026-05-20T12:00:00+0200,3875.843743,MW,BE,BE,forecast_solar_generation,Solar,2026-05-31T16:03:09Z
2026-05-31T16:02:57Z,2026-05-31T18:02:57+0200,611fde5d-54b0-4507-9ef0-5698875a33e4,2026-05-20T11:00:00Z,2026-05-20T13:00:00+0200,4243.751,MW,BE,BE,forecast_solar_generation,Solar,2026-05-31T16:03:09Z
2026-05-31T16:02:57Z,2026-05-31T18:02:57+0200,611fde5d-54b0-4507-9ef0-5698875a33e4,2026-05-20T12:00:00Z,2026-05-20T14:00:00+0200,4706.86549,MW,BE,BE,forecast_solar_generation,Solar,2026-05-31T16:03:09Z
2026-05-31T16:02:57Z,2026-05-31T18:02:57+0200,611fde5d-54b0-4507-9ef0-5698875a33e4,2026-05-20T13:00:00Z,2026-05-20T15:00:00+0200,4782.059,MW,BE,BE,forecast_solar_generation,Solar,2026-05-31T16:03:09Z
2026-05-31T16:02:57Z,2026-05-31T18:02:57+0200,611fde5d-54b0-4507-9ef0-5698875a33e4,2026-05-20T14:00:00Z,2026-05-20T16:00:00+0200,4199.2345,MW,BE,BE,forecast_solar_generation,Solar,2026-05-31T16:03:09Z
2026-05-31T16:02:57Z,2026-05-31T18:02:57+0200,611fde5d-54b0-4507-9ef0-5698875a33e4,2026-05-20T15:00:00Z,2026-05-20T17:00:00+0200,3341.651004,MW,BE,BE,forecast_solar_generation,Solar,2026-05-31T16:03:09Z
2026-05-31T16:02:57Z,2026-05-31T18:02:57+0200,611fde5d-54b0-4507-9ef0-5698875a33e4,2026-05-20T16:00:00Z,2026-05-20T18:00:00+0200,2230.04575,MW,BE,BE,forecast_solar_generation,Solar,2026-05-31T16:03:09Z
2026-05-31T16:02:57Z,2026-05-31T18:02:57+0200,611fde5d-54b0-4507-9ef0-5698875a33e4,2026-05-20T17:00:00Z,2026-05-20T19:00:00+0200,1112.072249,MW,BE,BE,forecast_solar_generation,Solar,2026-05-31T16:03:09Z
2026-05-31T16:02:57Z,2026-05-31T18:02:57+0200,611fde5d-54b0-4507-9ef0-5698875a33e4,2026-05-20T18:00:00Z,2026-05-20T20:00:00+0200,391.393749,MW,BE,BE,forecast_solar_generation,Solar,2026-05-31T16:03:09Z
2026-05-31T16:02:57Z,2026-05-31T18:02:57+0200,611fde5d-54b0-4507-9ef0-5698875a33e4,2026-05-20T19:00:00Z,2026-05-20T21:00:00+0200,33.26325,MW,BE,BE,forecast_solar_generation,Solar,2026-05-31T16:03:09Z
2026-05-31T16:02:57Z,2026-05-31T18:02:57+0200,611fde5d-54b0-4507-9ef0-5698875a33e4,2026-05-20T20:00:00Z,2026-05-20T22:00:00+0200,0.0,MW,BE,BE,forecast_solar_generation,Solar,2026-05-31T16:03:09Z
2026-05-31T16:02:57Z,2026-05-31T18:02:57+0200,611fde5d-54b0-4507-9ef0-5698875a33e4,2026-05-20T21:00:00Z,2026-05-20T23:00:00+0200,0.0,MW,BE,BE,forecast_solar_generation,Solar,2026-05-31T16:03:09Z
2026-05-31T16:02:57Z,2026-05-31T18:02:57+0200,611fde5d-54b0-4507-9ef0-5698875a33e4,2026-05-20T22:00:00Z,2026-05-21T00:00:00+0200,0.0,MW,BE,BE,forecast_solar_generation,Solar,2026-05-31T16:03:09Z
2026-05-31T16:02:57Z,2026-05-31T18:02:57+0200,611fde5d-54b0-4507-9ef0-5698875a33e4,2026-05-20T23:00:00Z,2026-05-21T01:00:00+0200,0.0,MW,BE,BE,forecast_solar_generation,Solar,2026-05-31T16:03:09Z
2026-05-31T16:02:57Z,2026-05-31T18:02:57+0200,611fde5d-54b0-4507-9ef0-5698875a33e4,2026-05-21T00:00:00Z,2026-05-21T02:00:00+0200,0.0,MW,BE,BE,forecast_solar_generation,Solar,2026-05-31T16:03:09Z
2026-05-31T16:02:57Z,2026-05-31T18:02:57+0200,611fde5d-54b0-4507-9ef0-5698875a33e4,2026-05-21T01:00:00Z,2026-05-21T03:00:00+0200,0.0,MW,BE,BE,forecast_solar_generation,Solar,2026-05-31T16:03:09Z
2026-05-31T16:02:57Z,2026-05-31T18:02:57+0200,611fde5d-54b0-4507-9ef0-5698875a33e4,2026-05-21T02:00:00Z,2026-05-21T04:00:00+0200,0.0,MW,BE,BE,forecast_solar_generation,Solar,2026-05-31T16:03:09Z
2026-05-31T16:02:57Z,2026-05-31T18:02:57+0200,611fde5d-54b0-4507-9ef0-5698875a33e4,2026-05-21T03:00:00Z,2026-05-21T05:00:00+0200,6.117,MW,BE,BE,forecast_solar_generation,Solar,2026-05-31T16:03:09Z
2026-05-31T16:02:57Z,2026-05-31T18:02:57+0200,611fde5d-54b0-4507-9ef0-5698875a33e4,2026-05-21T04:00:00Z,2026-05-21T06:00:00+0200,247.98975,MW,BE,BE,forecast_solar_generation,Solar,2026-05-31T16:03:09Z
2026-05-31T16:02:57Z,2026-05-31T18:02:57+0200,611fde5d-54b0-4507-9ef0-5698875a33e4,2026-05-21T05:00:00Z,2026-05-21T07:00:00+0200,853.362749,MW,BE,BE,forecast_solar_generation,Solar,2026-05-31T16:03:09Z
2026-05-31T16:02:57Z,2026-05-31T18:02:57+0200,611fde5d-54b0-4507-9ef0-5698875a33e4,2026-05-21T06:00:00Z,2026-05-21T08:00:00+0200,2236.063247,MW,BE,BE,forecast_solar_generation,Solar,2026-05-31T16:03:09Z
2026-05-31T16:02:57Z,2026-05-31T18:02:57+0200,611fde5d-54b0-4507-9ef0-5698875a33e4,2026-05-21T07:00:00Z,2026-05-21T09:00:00+0200,3940.901254,MW,BE,BE,forecast_solar_generation,Solar,2026-05-31T16:03:09Z
2026-05-31T16:02:57Z,2026-05-31T18:02:57+0200,611fde5d-54b0-4507-9ef0-5698875a33e4,2026-05-21T08:00:00Z,2026-05-21T10:00:00+0200,5467.578238,MW,BE,BE,forecast_solar_generation,Solar,2026-05-31T16:03:09Z
2026-05-31T16:02:57Z,2026-05-31T18:02:57+0200,611fde5d-54b0-4507-9ef0-5698875a33e4,2026-05-21T09:00:00Z,2026-05-21T11:00:00+0200,6469.667007,MW,BE,BE,forecast_solar_generation,Solar,2026-05-31T16:03:09Z
2026-05-31T16:02:57Z,2026-05-31T18:02:57+0200,611fde5d-54b0-4507-9ef0-5698875a33e4,2026-05-21T10:00:00Z,2026-05-21T12:00:00+0200,6974.362993,MW,BE,BE,forecast_solar_generation,Solar,2026-05-31T16:03:09Z
2026-05-31T16:02:57Z,2026-05-31T18:02:57+0200,611fde5d-54b0-4507-9ef0-5698875a33e4,2026-05-21T11:00:00Z,2026-05-21T13:00:00+0200,6941.68474,MW,BE,BE,forecast_solar_generation,Solar,2026-05-31T16:03:09Z
2026-05-31T16:02:57Z,2026-05-31T18:02:57+0200,611fde5d-54b0-4507-9ef0-5698875a33e4,2026-05-21T12:00:00Z,2026-05-21T14:00:00+0200,6512.225487,MW,BE,BE,forecast_solar_generation,Solar,2026-05-31T16:03:09Z
2026-05-31T16:02:57Z,2026-05-31T18:02:57+0200,611fde5d-54b0-4507-9ef0-5698875a33e4,2026-05-21T13:00:00Z,2026-05-21T15:00:00+0200,5740.647752,MW,BE,BE,forecast_solar_generation,Solar,2026-05-31T16:03:09Z
2026-05-31T16:02:57Z,2026-05-31T18:02:57+0200,611fde5d-54b0-4507-9ef0-5698875a33e4,2026-05-21T14:00:00Z,2026-05-21T16:00:00+0200,4870.916246,MW,BE,BE,forecast_solar_generation,Solar,2026-05-31T16:03:09Z
2026-05-31T16:02:57Z,2026-05-31T18:02:57+0200,611fde5d-54b0-4507-9ef0-5698875a33e4,2026-05-21T15:00:00Z,2026-05-21T17:00:00+0200,3905.646999,MW,BE,BE,forecast_solar_generation,Solar,2026-05-31T16:03:09Z
2026-05-31T16:02:57Z,2026-05-31T18:02:57+0200,611fde5d-54b0-4507-9ef0-5698875a33e4,2026-05-21T16:00:00Z,2026-05-21T18:00:00+0200,2599.349251,MW,BE,BE,forecast_solar_generation,Solar,2026-05-31T16:03:09Z
2026-05-31T16:02:57Z,2026-05-31T18:02:57+0200,611fde5d-54b0-4507-9ef0-5698875a33e4,2026-05-21T17:00:00Z,2026-05-21T19:00:00+0200,1142.962499,MW,BE,BE,forecast_solar_generation,Solar,2026-05-31T16:03:09Z
2026-05-31T16:02:57Z,2026-05-31T18:02:57+0200,611fde5d-54b0-4507-9ef0-5698875a33e4,2026-05-21T18:00:00Z,2026-05-21T20:00:00+0200,364.059,MW,BE,BE,forecast_solar_generation,Solar,2026-05-31T16:03:09Z
2026-05-31T16:02:57Z,2026-05-31T18:02:57+0200,611fde5d-54b0-4507-9ef0-5698875a33e4,2026-05-21T19:00:00Z,2026-05-21T21:00:00+0200,39.61825,MW,BE,BE,forecast_solar_generation,Solar,2026-05-31T16:03:09Z
2026-05-31T16:02:57Z,2026-05-31T18:02:57+0200,611fde5d-54b0-4507-9ef0-5698875a33e4,2026-05-21T20:00:00Z,2026-05-21T22:00:00+0200,0.0,MW,BE,BE,forecast_solar_generation,Solar,2026-05-31T16:03:09Z
2026-05-31T16:02:57Z,2026-05-31T18:02:57+0200,611fde5d-54b0-4507-9ef0-5698875a33e4,2026-05-21T21:00:00Z,2026-05-21T23:00:00+0200,0.0,MW,BE,BE,forecast_solar_generation,Solar,2026-05-31T16:03:09Z
2026-05-31T16:02:57Z,2026-05-31T18:02:57+0200,611fde5d-54b0-4507-9ef0-5698875a33e4,2026-05-21T22:00:00Z,2026-05-22T00:00:00+0200,0.0,MW,BE,BE,forecast_solar_generation,Solar,2026-05-31T16:03:09Z
2026-05-31T16:02:57Z,2026-05-31T18:02:57+0200,611fde5d-54b0-4507-9ef0-5698875a33e4,2026-05-21T23:00:00Z,2026-05-22T01:00:00+0200,0.0,MW,BE,BE,forecast_solar_generation,Solar,2026-05-31T16:03:09Z
2026-05-31T16:02:57Z,2026-05-31T18:02:57+0200,611fde5d-54b0-4507-9ef0-5698875a33e4,2026-05-22T00:00:00Z,2026-05-22T02:00:00+0200,0.0,MW,BE,BE,forecast_solar_generation,Solar,2026-05-31T16:03:09Z
2026-05-31T16:02:57Z,2026-05-31T18:02:57+0200,611fde5d-54b0-4507-9ef0-5698875a33e4,2026-05-22T01:00:00Z,2026-05-22T03:00:00+0200,0.0,MW,BE,BE,forecast_solar_generation,Solar,2026-05-31T16:03:09Z
2026-05-31T16:02:57Z,2026-05-31T18:02:57+0200,611fde5d-54b0-4507-9ef0-5698875a33e4,2026-05-22T02:00:00Z,2026-05-22T04:00:00+0200,0.0,MW,BE,BE,forecast_solar_generation,Solar,2026-05-31T16:03:09Z
2026-05-31T16:02:57Z,2026-05-31T18:02:57+0200,611fde5d-54b0-4507-9ef0-5698875a33e4,2026-05-22T03:00:00Z,2026-05-22T05:00:00+0200,7.4195,MW,BE,BE,forecast_solar_generation,Solar,2026-05-31T16:03:09Z
2026-05-31T16:02:57Z,2026-05-31T18:02:57+0200,611fde5d-54b0-4507-9ef0-5698875a33e4,2026-05-22T04:00:00Z,2026-05-22T06:00:00+0200,243.258999,MW,BE,BE,forecast_solar_generation,Solar,2026-05-31T16:03:09Z
2026-05-31T16:02:57Z,2026-05-31T18:02:57+0200,611fde5d-54b0-4507-9ef0-5698875a33e4,2026-05-22T05:00:00Z,2026-05-22T07:00:00+0200,825.706251,MW,BE,BE,forecast_solar_generation,Solar,2026-05-31T16:03:09Z
2026-05-31T16:02:57Z,2026-05-31T18:02:57+0200,611fde5d-54b0-4507-9ef0-5698875a33e4,2026-05-22T06:00:00Z,2026-05-22T08:00:00+0200,2362.512998,MW,BE,BE,forecast_solar_generation,Solar,2026-05-31T16:03:09Z
2026-05-31T16:02:57Z,2026-05-31T18:02:57+0200,611fde5d-54b0-4507-9ef0-5698875a33e4,2026-05-22T07:00:00Z,2026-05-22T09:00:00+0200,4319.823003,MW,BE,BE,forecast_solar_generation,Solar,2026-05-31T16:03:09Z
2026-05-31T16:02:57Z,2026-05-31T18:02:57+0200,611fde5d-54b0-4507-9ef0-5698875a33e4,2026-05-22T08:00:00Z,2026-05-22T10:00:00+0200,5902.544001,MW,BE,BE,forecast_solar_generation,Solar,2026-05-31T16:03:09Z
2026-05-31T16:02:57Z,2026-05-31T18:02:57+0200,611fde5d-54b0-4507-9ef0-5698875a33e4,2026-05-22T09:00:00Z,2026-05-22T11:00:00+0200,7027.234017,MW,BE,BE,forecast_solar_generation,Solar,2026-05-31T16:03:09Z
2026-05-31T16:02:57Z,2026-05-31T18:02:57+0200,611fde5d-54b0-4507-9ef0-5698875a33e4,2026-05-22T10:00:00Z,2026-05-22T12:00:00+0200,7742.010998,MW,BE,BE,forecast_solar_generation,Solar,2026-05-31T16:03:09Z
2026-05-31T16:02:57Z,2026-05-31T18:02:57+0200,611fde5d-54b0-4507-9ef0-5698875a33e4,2026-05-22T11:00:00Z,2026-05-22T13:00:00+0200,7992.572759,MW,BE,BE,forecast_solar_generation,Solar,2026-05-31T16:03:09Z
2026-05-31T16:02:57Z,2026-05-31T18:02:57+0200,611fde5d-54b0-4507-9ef0-5698875a33e4,2026-05-22T12:00:00Z,2026-05-22T14:00:00+0200,7820.502759,MW,BE,BE,forecast_solar_generation,Solar,2026-05-31T16:03:09Z
2026-05-31T16:02:57Z,2026-05-31T18:02:57+0200,611fde5d-54b0-4507-9ef0-5698875a33e4,2026-05-22T13:00:00Z,2026-05-22T15:00:00+0200,7221.512495,MW,BE,BE,forecast_solar_generation,Solar,2026-05-31T16:03:09Z
2026-05-31T16:02:57Z,2026-05-31T18:02:57+0200,611fde5d-54b0-4507-9ef0-5698875a33e4,2026-05-22T14:00:00Z,2026-05-22T16:00:00+0200,6171.595255,MW,BE,BE,forecast_solar_generation,Solar,2026-05-31T16:03:09Z
2026-05-31T16:02:57Z,2026-05-31T18:02:57+0200,611fde5d-54b0-4507-9ef0-5698875a33e4,2026-05-22T15:00:00Z,2026-05-22T17:00:00+0200,4715.559251,MW,BE,BE,forecast_solar_generation,Solar,2026-05-31T16:03:09Z
2026-05-31T16:02:57Z,2026-05-31T18:02:57+0200,611fde5d-54b0-4507-9ef0-5698875a33e4,2026-05-22T16:00:00Z,2026-05-22T18:00:00+0200,2899.260001,MW,BE,BE,forecast_solar_generation,Solar,2026-05-31T16:03:09Z
2026-05-31T16:02:57Z,2026-05-31T18:02:57+0200,611fde5d-54b0-4507-9ef0-5698875a33e4,2026-05-22T17:00:00Z,2026-05-22T19:00:00+0200,1136.97725,MW,BE,BE,forecast_solar_generation,Solar,2026-05-31T16:03:09Z
2026-05-31T16:02:57Z,2026-05-31T18:02:57+0200,611fde5d-54b0-4507-9ef0-5698875a33e4,2026-05-22T18:00:00Z,2026-05-22T20:00:00+0200,333.554,MW,BE,BE,forecast_solar_generation,Solar,2026-05-31T16:03:09Z
2026-05-31T16:02:57Z,2026-05-31T18:02:57+0200,611fde5d-54b0-4507-9ef0-5698875a33e4,2026-05-22T19:00:00Z,2026-05-22T21:00:00+0200,43.521,MW,BE,BE,forecast_solar_generation,Solar,2026-05-31T16:03:09Z
2026-05-31T16:02:57Z,2026-05-31T18:02:57+0200,611fde5d-54b0-4507-9ef0-5698875a33e4,2026-05-22T20:00:00Z,2026-05-22T22:00:00+0200,0.0,MW,BE,BE,forecast_solar_generation,Solar,2026-05-31T16:03:09Z
2026-05-31T16:02:57Z,2026-05-31T18:02:57+0200,611fde5d-54b0-4507-9ef0-5698875a33e4,2026-05-22T21:00:00Z,2026-05-22T23:00:00+0200,0.0,MW,BE,BE,forecast_solar_generation,Solar,2026-05-31T16:03:09Z
2026-05-31T16:02:57Z,2026-05-31T18:02:57+0200,611fde5d-54b0-4507-9ef0-5698875a33e4,2026-05-22T22:00:00Z,2026-05-23T00:00:00+0200,0.0,MW,BE,BE,forecast_solar_generation,Solar,2026-05-31T16:03:09Z
2026-05-31T16:02:57Z,2026-05-31T18:02:57+0200,611fde5d-54b0-4507-9ef0-5698875a33e4,2026-05-22T23:00:00Z,2026-05-23T01:00:00+0200,0.0,MW,BE,BE,forecast_solar_generation,Solar,2026-05-31T16:03:09Z
2026-05-31T16:02:57Z,2026-05-31T18:02:57+0200,611fde5d-54b0-4507-9ef0-5698875a33e4,2026-05-23T00:00:00Z,2026-05-23T02:00:00+0200,0.0,MW,BE,BE,forecast_solar_generation,Solar,2026-05-31T16:03:09Z
2026-05-31T16:02:57Z,2026-05-31T18:02:57+0200,611fde5d-54b0-4507-9ef0-5698875a33e4,2026-05-23T01:00:00Z,2026-05-23T03:00:00+0200,0.0,MW,BE,BE,forecast_solar_generation,Solar,2026-05-31T16:03:09Z
2026-05-31T16:02:57Z,2026-05-31T18:02:57+0200,611fde5d-54b0-4507-9ef0-5698875a33e4,2026-05-23T02:00:00Z,2026-05-23T04:00:00+0200,0.0,MW,BE,BE,forecast_solar_generation,Solar,2026-05-31T16:03:09Z
2026-05-31T16:02:57Z,2026-05-31T18:02:57+0200,611fde5d-54b0-4507-9ef0-5698875a33e4,2026-05-23T03:00:00Z,2026-05-23T05:00:00+0200,8.01825,MW,BE,BE,forecast_solar_generation,Solar,2026-05-31T16:03:09Z
2026-05-31T16:02:57Z,2026-05-31T18:02:57+0200,611fde5d-54b0-4507-9ef0-5698875a33e4,2026-05-23T04:00:00Z,2026-05-23T06:00:00+0200,272.52425,MW,BE,BE,forecast_solar_generation,Solar,2026-05-31T16:03:09Z
2026-05-31T16:02:57Z,2026-05-31T18:02:57+0200,611fde5d-54b0-4507-9ef0-5698875a33e4,2026-05-23T05:00:00Z,2026-05-23T07:00:00+0200,900.939249,MW,BE,BE,forecast_solar_generation,Solar,2026-05-31T16:03:09Z
2026-05-31T16:02:57Z,2026-05-31T18:02:57+0200,611fde5d-54b0-4507-9ef0-5698875a33e4,2026-05-23T06:00:00Z,2026-05-23T08:00:00+0200,2235.5375,MW,BE,BE,forecast_solar_generation,Solar,2026-05-31T16:03:09Z
2026-05-31T16:02:57Z,2026-05-31T18:02:57+0200,611fde5d-54b0-4507-9ef0-5698875a33e4,2026-05-23T07:00:00Z,2026-05-23T09:00:00+0200,3967.688752,MW,BE,BE,forecast_solar_generation,Solar,2026-05-31T16:03:09Z
2026-05-31T16:02:57Z,2026-05-31T18:02:57+0200,611fde5d-54b0-4507-9ef0-5698875a33e4,2026-05-23T08:00:00Z,2026-05-23T10:00:00+0200,5525.251506,MW,BE,BE,forecast_solar_generation,Solar,2026-05-31T16:03:09Z
2026-05-31T16:02:57Z,2026-05-31T18:02:57+0200,611fde5d-54b0-4507-9ef0-5698875a33e4,2026-05-23T09:00:00Z,2026-05-23T11:00:00+0200,6618.073003,MW,BE,BE,forecast_solar_generation,Solar,2026-05-31T16:03:09Z
2026-05-31T16:02:57Z,2026-05-31T18:02:57+0200,611fde5d-54b0-4507-9ef0-5698875a33e4,2026-05-23T10:00:00Z,2026-05-23T12:00:00+0200,7372.208749,MW,BE,BE,forecast_solar_generation,Solar,2026-05-31T16:03:09Z
2026-05-31T16:02:57Z,2026-05-31T18:02:57+0200,611fde5d-54b0-4507-9ef0-5698875a33e4,2026-05-23T11:00:00Z,2026-05-23T13:00:00+0200,7694.239478,MW,BE,BE,forecast_solar_generation,Solar,2026-05-31T16:03:09Z
2026-05-31T16:02:57Z,2026-05-31T18:02:57+0200,611fde5d-54b0-4507-9ef0-5698875a33e4,2026-05-23T12:00:00Z,2026-05-23T14:00:00+0200,7578.745252,MW,BE,BE,forecast_solar_generation,Solar,2026-05-31T16:03:09Z
2026-05-31T16:02:57Z,2026-05-31T18:02:57+0200,611fde5d-54b0-4507-9ef0-5698875a33e4,2026-05-23T13:00:00Z,2026-05-23T15:00:00+0200,7028.518743,MW,BE,BE,forecast_solar_generation,Solar,2026-05-31T16:03:09Z
2026-05-31T16:02:57Z,2026-05-31T18:02:57+0200,611fde5d-54b0-4507-9ef0-5698875a33e4,2026-05-23T14:00:00Z,2026-05-23T16:00:00+0200,5989.327243,MW,BE,BE,forecast_solar_generation,Solar,2026-05-31T16:03:09Z
2026-05-31T16:02:57Z,2026-05-31T18:02:57+0200,611fde5d-54b0-4507-9ef0-5698875a33e4,2026-05-23T15:00:00Z,2026-05-23T17:00:00+0200,4527.986496,MW,BE,BE,forecast_solar_generation,Solar,2026-05-31T16:03:09Z
2026-05-31T16:02:57Z,2026-05-31T18:02:57+0200,611fde5d-54b0-4507-9ef0-5698875a33e4,2026-05-23T16:00:00Z,2026-05-23T18:00:00+0200,2769.783496,MW,BE,BE,forecast_solar_generation,Solar,2026-05-31T16:03:09Z
2026-05-31T16:02:57Z,2026-05-31T18:02:57+0200,611fde5d-54b0-4507-9ef0-5698875a33e4,2026-05-23T17:00:00Z,2026-05-23T19:00:00+0200,1157.660751,MW,BE,BE,forecast_solar_generation,Solar,2026-05-31T16:03:09Z
2026-05-31T16:02:57Z,2026-05-31T18:02:57+0200,611fde5d-54b0-4507-9ef0-5698875a33e4,2026-05-23T18:00:00Z,2026-05-23T20:00:00+0200,371.303999,MW,BE,BE,forecast_solar_generation,Solar,2026-05-31T16:03:09Z
2026-05-31T16:02:57Z,2026-05-31T18:02:57+0200,611fde5d-54b0-4507-9ef0-5698875a33e4,2026-05-23T19:00:00Z,2026-05-23T21:00:00+0200,47.0805,MW,BE,BE,forecast_solar_generation,Solar,2026-05-31T16:03:09Z
2026-05-31T16:02:57Z,2026-05-31T18:02:57+0200,611fde5d-54b0-4507-9ef0-5698875a33e4,2026-05-23T20:00:00Z,2026-05-23T22:00:00+0200,0.0,MW,BE,BE,forecast_solar_generation,Solar,2026-05-31T16:03:09Z
2026-05-31T16:02:57Z,2026-05-31T18:02:57+0200,611fde5d-54b0-4507-9ef0-5698875a33e4,2026-05-23T21:00:00Z,2026-05-23T23:00:00+0200,0.0,MW,BE,BE,forecast_solar_generation,Solar,2026-05-31T16:03:09Z
2026-05-31T16:02:57Z,2026-05-31T18:02:57+0200,611fde5d-54b0-4507-9ef0-5698875a33e4,2026-05-23T22:00:00Z,2026-05-24T00:00:00+0200,0.0,MW,BE,BE,forecast_solar_generation,Solar,2026-05-31T16:03:09Z
2026-05-31T16:02:57Z,2026-05-31T18:02:57+0200,611fde5d-54b0-4507-9ef0-5698875a33e4,2026-05-23T23:00:00Z,2026-05-24T01:00:00+0200,0.0,MW,BE,BE,forecast_solar_generation,Solar,2026-05-31T16:03:09Z
2026-05-31T16:02:57Z,2026-05-31T18:02:57+0200,611fde5d-54b0-4507-9ef0-5698875a33e4,2026-05-24T00:00:00Z,2026-05-24T02:00:00+0200,0.0,MW,BE,BE,forecast_solar_generation,Solar,2026-05-31T16:03:09Z
2026-05-31T16:02:57Z,2026-05-31T18:02:57+0200,611fde5d-54b0-4507-9ef0-5698875a33e4,2026-05-24T01:00:00Z,2026-05-24T03:00:00+0200,0.0,MW,BE,BE,forecast_solar_generation,Solar,2026-05-31T16:03:09Z
2026-05-31T16:02:57Z,2026-05-31T18:02:57+0200,611fde5d-54b0-4507-9ef0-5698875a33e4,2026-05-24T02:00:00Z,2026-05-24T04:00:00+0200,0.0,MW,BE,BE,forecast_solar_generation,Solar,2026-05-31T16:03:09Z
2026-05-31T16:02:57Z,2026-05-31T18:02:57+0200,611fde5d-54b0-4507-9ef0-5698875a33e4,2026-05-24T03:00:00Z,2026-05-24T05:00:00+0200,9.213,MW,BE,BE,forecast_solar_generation,Solar,2026-05-31T16:03:09Z
2026-05-31T16:02:57Z,2026-05-31T18:02:57+0200,611fde5d-54b0-4507-9ef0-5698875a33e4,2026-05-24T04:00:00Z,2026-05-24T06:00:00+0200,277.331249,MW,BE,BE,forecast_solar_generation,Solar,2026-05-31T16:03:09Z
2026-05-31T16:02:57Z,2026-05-31T18:02:57+0200,611fde5d-54b0-4507-9ef0-5698875a33e4,2026-05-24T05:00:00Z,2026-05-24T07:00:00+0200,892.659001,MW,BE,BE,forecast_solar_generation,Solar,2026-05-31T16:03:09Z
2026-05-31T16:02:57Z,2026-05-31T18:02:57+0200,611fde5d-54b0-4507-9ef0-5698875a33e4,2026-05-24T06:00:00Z,2026-05-24T08:00:00+0200,2290.301502,MW,BE,BE,forecast_solar_generation,Solar,2026-05-31T16:03:09Z
2026-05-31T16:02:57Z,2026-05-31T18:02:57+0200,611fde5d-54b0-4507-9ef0-5698875a33e4,2026-05-24T07:00:00Z,2026-05-24T09:00:00+0200,4118.456995,MW,BE,BE,forecast_solar_generation,Solar,2026-05-31T16:03:09Z
2026-05-31T16:02:57Z,2026-05-31T18:02:57+0200,611fde5d-54b0-4507-9ef0-5698875a33e4,2026-05-24T08:00:00Z,2026-05-24T10:00:00+0200,5686.482005,MW,BE,BE,forecast_solar_generation,Solar,2026-05-31T16:03:09Z
2026-05-31T16:02:57Z,2026-05-31T18:02:57+0200,611fde5d-54b0-4507-9ef0-5698875a33e4,2026-05-24T09:00:00Z,2026-05-24T11:00:00+0200,6761.478752,MW,BE,BE,forecast_solar_generation,Solar,2026-05-31T16:03:09Z
2026-05-31T16:02:57Z,2026-05-31T18:02:57+0200,611fde5d-54b0-4507-9ef0-5698875a33e4,2026-05-24T10:00:00Z,2026-05-24T12:00:00+0200,7493.625499,MW,BE,BE,forecast_solar_generation,Solar,2026-05-31T16:03:09Z
2026-05-31T16:02:57Z,2026-05-31T18:02:57+0200,611fde5d-54b0-4507-9ef0-5698875a33e4,2026-05-24T11:00:00Z,2026-05-24T13:00:00+0200,7798.585263,MW,BE,BE,forecast_solar_generation,Solar,2026-05-31T16:03:09Z
2026-05-31T16:02:57Z,2026-05-31T18:02:57+0200,611fde5d-54b0-4507-9ef0-5698875a33e4,2026-05-24T12:00:00Z,2026-05-24T14:00:00+0200,7680.133517,MW,BE,BE,forecast_solar_generation,Solar,2026-05-31T16:03:09Z
2026-05-31T16:02:57Z,2026-05-31T18:02:57+0200,611fde5d-54b0-4507-9ef0-5698875a33e4,2026-05-24T13:00:00Z,2026-05-24T15:00:00+0200,7139.248002,MW,BE,BE,forecast_solar_generation,Solar,2026-05-31T16:03:09Z
2026-05-31T16:02:57Z,2026-05-31T18:02:57+0200,611fde5d-54b0-4507-9ef0-5698875a33e4,2026-05-24T14:00:00Z,2026-05-24T16:00:00+0200,6115.311994,MW,BE,BE,forecast_solar_generation,Solar,2026-05-31T16:03:09Z
2026-05-31T16:02:57Z,2026-05-31T18:02:57+0200,611fde5d-54b0-4507-9ef0-5698875a33e4,2026-05-24T15:00:00Z,2026-05-24T17:00:00+0200,4666.780748,MW,BE,BE,forecast_solar_generation,Solar,2026-05-31T16:03:09Z
2026-05-31T16:02:57Z,2026-05-31T18:02:57+0200,611fde5d-54b0-4507-9ef0-5698875a33e4,2026-05-24T16:00:00Z,2026-05-24T18:00:00+0200,2853.356747,MW,BE,BE,forecast_solar_generation,Solar,2026-05-31T16:03:09Z
2026-05-31T16:02:57Z,2026-05-31T18:02:57+0200,611fde5d-54b0-4507-9ef0-5698875a33e4,2026-05-24T17:00:00Z,2026-05-24T19:00:00+0200,1168.445001,MW,BE,BE,forecast_solar_generation,Solar,2026-05-31T16:03:09Z
2026-05-31T16:02:57Z,2026-05-31T18:02:57+0200,611fde5d-54b0-4507-9ef0-5698875a33e4,2026-05-24T18:00:00Z,2026-05-24T20:00:00+0200,366.79925,MW,BE,BE,forecast_solar_generation,Solar,2026-05-31T16:03:09Z
2026-05-31T16:02:57Z,2026-05-31T18:02:57+0200,611fde5d-54b0-4507-9ef0-5698875a33e4,2026-05-24T19:00:00Z,2026-05-24T21:00:00+0200,51.0595,MW,BE,BE,forecast_solar_generation,Solar,2026-05-31T16:03:09Z
2026-05-31T16:02:57Z,2026-05-31T18:02:57+0200,611fde5d-54b0-4507-9ef0-5698875a33e4,2026-05-24T20:00:00Z,2026-05-24T22:00:00+0200,0.0,MW,BE,BE,forecast_solar_generation,Solar,2026-05-31T16:03:09Z
2026-05-31T16:02:57Z,2026-05-31T18:02:57+0200,611fde5d-54b0-4507-9ef0-5698875a33e4,2026-05-24T21:00:00Z,2026-05-24T23:00:00+0200,0.0,MW,BE,BE,forecast_solar_generation,Solar,2026-05-31T16:03:09Z
2026-05-31T16:02:57Z,2026-05-31T18:02:57+0200,611fde5d-54b0-4507-9ef0-5698875a33e4,2026-05-24T22:00:00Z,2026-05-25T00:00:00+0200,0.0,MW,BE,BE,forecast_solar_generation,Solar,2026-05-31T16:03:09Z
2026-05-31T16:02:57Z,2026-05-31T18:02:57+0200,611fde5d-54b0-4507-9ef0-5698875a33e4,2026-05-24T23:00:00Z,2026-05-25T01:00:00+0200,0.0,MW,BE,BE,forecast_solar_generation,Solar,2026-05-31T16:03:09Z
2026-05-31T16:02:57Z,2026-05-31T18:02:57+0200,611fde5d-54b0-4507-9ef0-5698875a33e4,2026-05-25T00:00:00Z,2026-05-25T02:00:00+0200,0.0,MW,BE,BE,forecast_solar_generation,Solar,2026-05-31T16:03:09Z
2026-05-31T16:02:57Z,2026-05-31T18:02:57+0200,611fde5d-54b0-4507-9ef0-5698875a33e4,2026-05-25T01:00:00Z,2026-05-25T03:00:00+0200,0.0,MW,BE,BE,forecast_solar_generation,Solar,2026-05-31T16:03:09Z
2026-05-31T16:02:57Z,2026-05-31T18:02:57+0200,611fde5d-54b0-4507-9ef0-5698875a33e4,2026-05-25T02:00:00Z,2026-05-25T04:00:00+0200,0.0,MW,BE,BE,forecast_solar_generation,Solar,2026-05-31T16:03:09Z
2026-05-31T16:02:57Z,2026-05-31T18:02:57+0200,611fde5d-54b0-4507-9ef0-5698875a33e4,2026-05-25T03:00:00Z,2026-05-25T05:00:00+0200,10.79825,MW,BE,BE,forecast_solar_generation,Solar,2026-05-31T16:03:09Z
2026-05-31T16:02:57Z,2026-05-31T18:02:57+0200,611fde5d-54b0-4507-9ef0-5698875a33e4,2026-05-25T04:00:00Z,2026-05-25T06:00:00+0200,263.042499,MW,BE,BE,forecast_solar_generation,Solar,2026-05-31T16:03:09Z
2026-05-31T16:02:57Z,2026-05-31T18:02:57+0200,611fde5d-54b0-4507-9ef0-5698875a33e4,2026-05-25T05:00:00Z,2026-05-25T07:00:00+0200,848.2275,MW,BE,BE,forecast_solar_generation,Solar,2026-05-31T16:03:09Z
2026-05-31T16:02:57Z,2026-05-31T18:02:57+0200,611fde5d-54b0-4507-9ef0-5698875a33e4,2026-05-25T06:00:00Z,2026-05-25T08:00:00+0200,2376.175499,MW,BE,BE,forecast_solar_generation,Solar,2026-05-31T16:03:09Z
2026-05-31T16:02:57Z,2026-05-31T18:02:57+0200,611fde5d-54b0-4507-9ef0-5698875a33e4,2026-05-25T07:00:00Z,2026-05-25T09:00:00+0200,4326.0105,MW,BE,BE,forecast_solar_generation,Solar,2026-05-31T16:03:09Z
2026-05-31T16:02:57Z,2026-05-31T18:02:57+0200,611fde5d-54b0-4507-9ef0-5698875a33e4,2026-05-25T08:00:00Z,2026-05-25T10:00:00+0200,5887.269505,MW,BE,BE,forecast_solar_generation,Solar,2026-05-31T16:03:09Z
2026-05-31T16:02:57Z,2026-05-31T18:02:57+0200,611fde5d-54b0-4507-9ef0-5698875a33e4,2026-05-25T09:00:00Z,2026-05-25T11:00:00+0200,6977.333251,MW,BE,BE,forecast_solar_generation,Solar,2026-05-31T16:03:09Z
2026-05-31T16:02:57Z,2026-05-31T18:02:57+0200,611fde5d-54b0-4507-9ef0-5698875a33e4,2026-05-25T10:00:00Z,2026-05-25T12:00:00+0200,7698.965238,MW,BE,BE,forecast_solar_generation,Solar,2026-05-31T16:03:09Z
2026-05-31T16:02:57Z,2026-05-31T18:02:57+0200,611fde5d-54b0-4507-9ef0-5698875a33e4,2026-05-25T11:00:00Z,2026-05-25T13:00:00+0200,7994.207501,MW,BE,BE,forecast_solar_generation,Solar,2026-05-31T16:03:09Z
2026-05-31T16:02:57Z,2026-05-31T18:02:57+0200,611fde5d-54b0-4507-9ef0-5698875a33e4,2026-05-25T12:00:00Z,2026-05-25T14:00:00+0200,7874.603232,MW,BE,BE,forecast_solar_generation,Solar,2026-05-31T16:03:09Z
2026-05-31T16:02:57Z,2026-05-31T18:02:57+0200,611fde5d-54b0-4507-9ef0-5698875a33e4,2026-05-25T13:00:00Z,2026-05-25T15:00:00+0200,7337.227244,MW,BE,BE,forecast_solar_generation,Solar,2026-05-31T16:03:09Z
2026-05-31T16:02:57Z,2026-05-31T18:02:57+0200,611fde5d-54b0-4507-9ef0-5698875a33e4,2026-05-25T14:00:00Z,2026-05-25T16:00:00+0200,6322.686513,MW,BE,BE,forecast_solar_generation,Solar,2026-05-31T16:03:09Z
2026-05-31T16:02:57Z,2026-05-31T18:02:57+0200,611fde5d-54b0-4507-9ef0-5698875a33e4,2026-05-25T15:00:00Z,2026-05-25T17:00:00+0200,4850.589496,MW,BE,BE,forecast_solar_generation,Solar,2026-05-31T16:03:09Z
2026-05-31T16:02:57Z,2026-05-31T18:02:57+0200,611fde5d-54b0-4507-9ef0-5698875a33e4,2026-05-25T16:00:00Z,2026-05-25T18:00:00+0200,2966.070499,MW,BE,BE,forecast_solar_generation,Solar,2026-05-31T16:03:09Z
2026-05-31T16:02:57Z,2026-05-31T18:02:57+0200,611fde5d-54b0-4507-9ef0-5698875a33e4,2026-05-25T17:00:00Z,2026-05-25T19:00:00+0200,1169.402749,MW,BE,BE,forecast_solar_generation,Solar,2026-05-31T16:03:09Z
2026-05-31T16:02:57Z,2026-05-31T18:02:57+0200,611fde5d-54b0-4507-9ef0-5698875a33e4,2026-05-25T18:00:00Z,2026-05-25T20:00:00+0200,346.8655,MW,BE,BE,forecast_solar_generation,Solar,2026-05-31T16:03:09Z
2026-05-31T16:02:57Z,2026-05-31T18:02:57+0200,611fde5d-54b0-4507-9ef0-5698875a33e4,2026-05-25T19:00:00Z,2026-05-25T21:00:00+0200,54.4045,MW,BE,BE,forecast_solar_generation,Solar,2026-05-31T16:03:09Z
2026-05-31T16:02:57Z,2026-05-31T18:02:57+0200,611fde5d-54b0-4507-9ef0-5698875a33e4,2026-05-25T20:00:00Z,2026-05-25T22:00:00+0200,0.0,MW,BE,BE,forecast_solar_generation,Solar,2026-05-31T16:03:09Z
2026-05-31T16:02:57Z,2026-05-31T18:02:57+0200,611fde5d-54b0-4507-9ef0-5698875a33e4,2026-05-25T21:00:00Z,2026-05-25T23:00:00+0200,0.0,MW,BE,BE,forecast_solar_generation,Solar,2026-05-31T16:03:09Z
2026-05-31T16:02:57Z,2026-05-31T18:02:57+0200,611fde5d-54b0-4507-9ef0-5698875a33e4,2026-05-25T22:00:00Z,2026-05-26T00:00:00+0200,0.0,MW,BE,BE,forecast_solar_generation,Solar,2026-05-31T16:03:09Z
2026-05-31T16:02:57Z,2026-05-31T18:02:57+0200,611fde5d-54b0-4507-9ef0-5698875a33e4,2026-05-25T23:00:00Z,2026-05-26T01:00:00+0200,0.0,MW,BE,BE,forecast_solar_generation,Solar,2026-05-31T16:03:09Z
2026-05-31T16:02:57Z,2026-05-31T18:02:57+0200,611fde5d-54b0-4507-9ef0-5698875a33e4,2026-05-26T00:00:00Z,2026-05-26T02:00:00+0200,0.0,MW,BE,BE,forecast_solar_generation,Solar,2026-05-31T16:03:09Z
2026-05-31T16:02:57Z,2026-05-31T18:02:57+0200,611fde5d-54b0-4507-9ef0-5698875a33e4,2026-05-26T01:00:00Z,2026-05-26T03:00:00+0200,0.0,MW,BE,BE,forecast_solar_generation,Solar,2026-05-31T16:03:09Z
2026-05-31T16:02:57Z,2026-05-31T18:02:57+0200,611fde5d-54b0-4507-9ef0-5698875a33e4,2026-05-26T02:00:00Z,2026-05-26T04:00:00+0200,0.0,MW,BE,BE,forecast_solar_generation,Solar,2026-05-31T16:03:09Z
2026-05-31T16:02:57Z,2026-05-31T18:02:57+0200,611fde5d-54b0-4507-9ef0-5698875a33e4,2026-05-26T03:00:00Z,2026-05-26T05:00:00+0200,12.275,MW,BE,BE,forecast_solar_generation,Solar,2026-05-31T16:03:09Z
2026-05-31T16:02:57Z,2026-05-31T18:02:57+0200,611fde5d-54b0-4507-9ef0-5698875a33e4,2026-05-26T04:00:00Z,2026-05-26T06:00:00+0200,258.50275,MW,BE,BE,forecast_solar_generation,Solar,2026-05-31T16:03:09Z
2026-05-31T16:02:57Z,2026-05-31T18:02:57+0200,611fde5d-54b0-4507-9ef0-5698875a33e4,2026-05-26T05:00:00Z,2026-05-26T07:00:00+0200,830.10325,MW,BE,BE,forecast_solar_generation,Solar,2026-05-31T16:03:09Z
2026-05-31T16:02:57Z,2026-05-31T18:02:57+0200,611fde5d-54b0-4507-9ef0-5698875a33e4,2026-05-26T06:00:00Z,2026-05-26T08:00:00+0200,2426.010754,MW,BE,BE,forecast_solar_generation,Solar,2026-05-31T16:03:09Z
2026-05-31T16:02:57Z,2026-05-31T18:02:57+0200,611fde5d-54b0-4507-9ef0-5698875a33e4,2026-05-26T07:00:00Z,2026-05-26T09:00:00+0200,4415.576997,MW,BE,BE,forecast_solar_generation,Solar,2026-05-31T16:03:09Z
2026-05-31T16:02:57Z,2026-05-31T18:02:57+0200,611fde5d-54b0-4507-9ef0-5698875a33e4,2026-05-26T08:00:00Z,2026-05-26T10:00:00+0200,5972.696493,MW,BE,BE,forecast_solar_generation,Solar,2026-05-31T16:03:09Z
2026-05-31T16:02:57Z,2026-05-31T18:02:57+0200,611fde5d-54b0-4507-9ef0-5698875a33e4,2026-05-26T09:00:00Z,2026-05-26T11:00:00+0200,7081.028006,MW,BE,BE,forecast_solar_generation,Solar,2026-05-31T16:03:09Z
2026-05-31T16:02:57Z,2026-05-31T18:02:57+0200,611fde5d-54b0-4507-9ef0-5698875a33e4,2026-05-26T10:00:00Z,2026-05-26T12:00:00+0200,7792.763252,MW,BE,BE,forecast_solar_generation,Solar,2026-05-31T16:03:09Z
2026-05-31T16:02:57Z,2026-05-31T18:02:57+0200,611fde5d-54b0-4507-9ef0-5698875a33e4,2026-05-26T11:00:00Z,2026-05-26T13:00:00+0200,8071.13773,MW,BE,BE,forecast_solar_generation,Solar,2026-05-31T16:03:09Z
2026-05-31T16:02:57Z,2026-05-31T18:02:57+0200,611fde5d-54b0-4507-9ef0-5698875a33e4,2026-05-26T12:00:00Z,2026-05-26T14:00:00+0200,7937.338759,MW,BE,BE,forecast_solar_generation,Solar,2026-05-31T16:03:09Z
2026-05-31T16:02:57Z,2026-05-31T18:02:57+0200,611fde5d-54b0-4507-9ef0-5698875a33e4,2026-05-26T13:00:00Z,2026-05-26T15:00:00+0200,7387.431756,MW,BE,BE,forecast_solar_generation,Solar,2026-05-31T16:03:09Z
2026-05-31T16:02:57Z,2026-05-31T18:02:57+0200,611fde5d-54b0-4507-9ef0-5698875a33e4,2026-05-26T14:00:00Z,2026-05-26T16:00:00+0200,6364.946005,MW,BE,BE,forecast_solar_generation,Solar,2026-05-31T16:03:09Z
2026-05-31T16:02:57Z,2026-05-31T18:02:57+0200,611fde5d-54b0-4507-9ef0-5698875a33e4,2026-05-26T15:00:00Z,2026-05-26T17:00:00+0200,4884.951256,MW,BE,BE,forecast_solar_generation,Solar,2026-05-31T16:03:09Z
2026-05-31T16:02:57Z,2026-05-31T18:02:57+0200,611fde5d-54b0-4507-9ef0-5698875a33e4,2026-05-26T16:00:00Z,2026-05-26T18:00:00+0200,3002.370994,MW,BE,BE,forecast_solar_generation,Solar,2026-05-31T16:03:09Z
2026-05-31T16:02:57Z,2026-05-31T18:02:57+0200,611fde5d-54b0-4507-9ef0-5698875a33e4,2026-05-26T17:00:00Z,2026-05-26T19:00:00+0200,1180.672251,MW,BE,BE,forecast_solar_generation,Solar,2026-05-31T16:03:09Z
2026-05-31T16:02:57Z,2026-05-31T18:02:57+0200,611fde5d-54b0-4507-9ef0-5698875a33e4,2026-05-26T18:00:00Z,2026-05-26T20:00:00+0200,348.72825,MW,BE,BE,forecast_solar_generation,Solar,2026-05-31T16:03:09Z
2026-05-31T16:02:57Z,2026-05-31T18:02:57+0200,611fde5d-54b0-4507-9ef0-5698875a33e4,2026-05-26T19:00:00Z,2026-05-26T21:00:00+0200,58.091,MW,BE,BE,forecast_solar_generation,Solar,2026-05-31T16:03:09Z
2026-05-31T16:02:57Z,2026-05-31T18:02:57+0200,611fde5d-54b0-4507-9ef0-5698875a33e4,2026-05-26T20:00:00Z,2026-05-26T22:00:00+0200,0.0,MW,BE,BE,forecast_solar_generation,Solar,2026-05-31T16:03:09Z
2026-05-31T16:02:57Z,2026-05-31T18:02:57+0200,611fde5d-54b0-4507-9ef0-5698875a33e4,2026-05-26T21:00:00Z,2026-05-26T23:00:00+0200,0.0,MW,BE,BE,forecast_solar_generation,Solar,2026-05-31T16:03:09Z
2026-05-31T16:02:57Z,2026-05-31T18:02:57+0200,611fde5d-54b0-4507-9ef0-5698875a33e4,2026-05-26T22:00:00Z,2026-05-27T00:00:00+0200,0.0,MW,BE,BE,forecast_solar_generation,Solar,2026-05-31T16:03:09Z
2026-05-31T16:02:57Z,2026-05-31T18:02:57+0200,611fde5d-54b0-4507-9ef0-5698875a33e4,2026-05-26T23:00:00Z,2026-05-27T01:00:00+0200,0.0,MW,BE,BE,forecast_solar_generation,Solar,2026-05-31T16:03:09Z
2026-05-31T16:02:57Z,2026-05-31T18:02:57+0200,611fde5d-54b0-4507-9ef0-5698875a33e4,2026-05-27T00:00:00Z,2026-05-27T02:00:00+0200,0.0,MW,BE,BE,forecast_solar_generation,Solar,2026-05-31T16:03:09Z
2026-05-31T16:02:57Z,2026-05-31T18:02:57+0200,611fde5d-54b0-4507-9ef0-5698875a33e4,2026-05-27T01:00:00Z,2026-05-27T03:00:00+0200,0.0,MW,BE,BE,forecast_solar_generation,Solar,2026-05-31T16:03:09Z
2026-05-31T16:02:57Z,2026-05-31T18:02:57+0200,611fde5d-54b0-4507-9ef0-5698875a33e4,2026-05-27T02:00:00Z,2026-05-27T04:00:00+0200,0.0,MW,BE,BE,forecast_solar_generation,Solar,2026-05-31T16:03:09Z
2026-05-31T16:02:57Z,2026-05-31T18:02:57+0200,611fde5d-54b0-4507-9ef0-5698875a33e4,2026-05-27T03:00:00Z,2026-05-27T05:00:00+0200,13.68375,MW,BE,BE,forecast_solar_generation,Solar,2026-05-31T16:03:09Z
2026-05-31T16:02:57Z,2026-05-31T18:02:57+0200,611fde5d-54b0-4507-9ef0-5698875a33e4,2026-05-27T04:00:00Z,2026-05-27T06:00:00+0200,286.20725,MW,BE,BE,forecast_solar_generation,Solar,2026-05-31T16:03:09Z
2026-05-31T16:02:57Z,2026-05-31T18:02:57+0200,611fde5d-54b0-4507-9ef0-5698875a33e4,2026-05-27T05:00:00Z,2026-05-27T07:00:00+0200,888.251248,MW,BE,BE,forecast_solar_generation,Solar,2026-05-31T16:03:09Z
2026-05-31T16:02:57Z,2026-05-31T18:02:57+0200,611fde5d-54b0-4507-9ef0-5698875a33e4,2026-05-27T06:00:00Z,2026-05-27T08:00:00+0200,2392.43625,MW,BE,BE,forecast_solar_generation,Solar,2026-05-31T16:03:09Z
2026-05-31T16:02:57Z,2026-05-31T18:02:57+0200,611fde5d-54b0-4507-9ef0-5698875a33e4,2026-05-27T07:00:00Z,2026-05-27T09:00:00+0200,4186.734498,MW,BE,BE,forecast_solar_generation,Solar,2026-05-31T16:03:09Z
2026-05-31T16:02:57Z,2026-05-31T18:02:57+0200,611fde5d-54b0-4507-9ef0-5698875a33e4,2026-05-27T08:00:00Z,2026-05-27T10:00:00+0200,5595.203749,MW,BE,BE,forecast_solar_generation,Solar,2026-05-31T16:03:09Z
2026-05-31T16:02:57Z,2026-05-31T18:02:57+0200,611fde5d-54b0-4507-9ef0-5698875a33e4,2026-05-27T09:00:00Z,2026-05-27T11:00:00+0200,6589.924743,MW,BE,BE,forecast_solar_generation,Solar,2026-05-31T16:03:09Z
2026-05-31T16:02:57Z,2026-05-31T18:02:57+0200,611fde5d-54b0-4507-9ef0-5698875a33e4,2026-05-27T10:00:00Z,2026-05-27T12:00:00+0200,7279.077489,MW,BE,BE,forecast_solar_generation,Solar,2026-05-31T16:03:09Z
2026-05-31T16:02:57Z,2026-05-31T18:02:57+0200,611fde5d-54b0-4507-9ef0-5698875a33e4,2026-05-27T11:00:00Z,2026-05-27T13:00:00+0200,7517.084508,MW,BE,BE,forecast_solar_generation,Solar,2026-05-31T16:03:09Z
2026-05-31T16:02:57Z,2026-05-31T18:02:57+0200,611fde5d-54b0-4507-9ef0-5698875a33e4,2026-05-27T12:00:00Z,2026-05-27T14:00:00+0200,7350.146256,MW,BE,BE,forecast_solar_generation,Solar,2026-05-31T16:03:09Z
2026-05-31T16:02:57Z,2026-05-31T18:02:57+0200,611fde5d-54b0-4507-9ef0-5698875a33e4,2026-05-27T13:00:00Z,2026-05-27T15:00:00+0200,6744.011497,MW,BE,BE,forecast_solar_generation,Solar,2026-05-31T16:03:09Z
2026-05-31T16:02:57Z,2026-05-31T18:02:57+0200,611fde5d-54b0-4507-9ef0-5698875a33e4,2026-05-27T14:00:00Z,2026-05-27T16:00:00+0200,5797.084492,MW,BE,BE,forecast_solar_generation,Solar,2026-05-31T16:03:09Z
2026-05-31T16:02:57Z,2026-05-31T18:02:57+0200,611fde5d-54b0-4507-9ef0-5698875a33e4,2026-05-27T15:00:00Z,2026-05-27T17:00:00+0200,4544.321996,MW,BE,BE,forecast_solar_generation,Solar,2026-05-31T16:03:09Z
2026-05-31T16:02:57Z,2026-05-31T18:02:57+0200,611fde5d-54b0-4507-9ef0-5698875a33e4,2026-05-27T16:00:00Z,2026-05-27T18:00:00+0200,2854.53175,MW,BE,BE,forecast_solar_generation,Solar,2026-05-31T16:03:09Z
2026-05-31T16:02:57Z,2026-05-31T18:02:57+0200,611fde5d-54b0-4507-9ef0-5698875a33e4,2026-05-27T17:00:00Z,2026-05-27T19:00:00+0200,1229.897,MW,BE,BE,forecast_solar_generation,Solar,2026-05-31T16:03:09Z
2026-05-31T16:02:57Z,2026-05-31T18:02:57+0200,611fde5d-54b0-4507-9ef0-5698875a33e4,2026-05-27T18:00:00Z,2026-05-27T20:00:00+0200,418.3855,MW,BE,BE,forecast_solar_generation,Solar,2026-05-31T16:03:09Z
2026-05-31T16:02:57Z,2026-05-31T18:02:57+0200,611fde5d-54b0-4507-9ef0-5698875a33e4,2026-05-27T19:00:00Z,2026-05-27T21:00:00+0200,67.835,MW,BE,BE,forecast_solar_generation,Solar,2026-05-31T16:03:09Z
2026-05-31T16:02:57Z,2026-05-31T18:02:57+0200,611fde5d-54b0-4507-9ef0-5698875a33e4,2026-05-27T20:00:00Z,2026-05-27T22:00:00+0200,0.0,MW,BE,BE,forecast_solar_generation,Solar,2026-05-31T16:03:09Z
2026-05-31T16:02:57Z,2026-05-31T18:02:57+0200,611fde5d-54b0-4507-9ef0-5698875a33e4,2026-05-27T21:00:00Z,2026-05-27T23:00:00+0200,0.0,MW,BE,BE,forecast_solar_generation,Solar,2026-05-31T16:03:09Z
2026-05-31T16:02:57Z,2026-05-31T18:02:57+0200,611fde5d-54b0-4507-9ef0-5698875a33e4,2026-05-27T22:00:00Z,2026-05-28T00:00:00+0200,0.0,MW,BE,BE,forecast_solar_generation,Solar,2026-05-31T16:03:09Z
2026-05-31T16:02:57Z,2026-05-31T18:02:57+0200,611fde5d-54b0-4507-9ef0-5698875a33e4,2026-05-27T23:00:00Z,2026-05-28T01:00:00+0200,0.0,MW,BE,BE,forecast_solar_generation,Solar,2026-05-31T16:03:09Z
2026-05-31T16:02:57Z,2026-05-31T18:02:57+0200,611fde5d-54b0-4507-9ef0-5698875a33e4,2026-05-28T00:00:00Z,2026-05-28T02:00:00+0200,0.0,MW,BE,BE,forecast_solar_generation,Solar,2026-05-31T16:03:09Z
2026-05-31T16:02:57Z,2026-05-31T18:02:57+0200,611fde5d-54b0-4507-9ef0-5698875a33e4,2026-05-28T01:00:00Z,2026-05-28T03:00:00+0200,0.0,MW,BE,BE,forecast_solar_generation,Solar,2026-05-31T16:03:09Z
2026-05-31T16:02:57Z,2026-05-31T18:02:57+0200,611fde5d-54b0-4507-9ef0-5698875a33e4,2026-05-28T02:00:00Z,2026-05-28T04:00:00+0200,0.0,MW,BE,BE,forecast_solar_generation,Solar,2026-05-31T16:03:09Z
2026-05-31T16:02:57Z,2026-05-31T18:02:57+0200,611fde5d-54b0-4507-9ef0-5698875a33e4,2026-05-28T03:00:00Z,2026-05-28T05:00:00+0200,15.0995,MW,BE,BE,forecast_solar_generation,Solar,2026-05-31T16:03:09Z
2026-05-31T16:02:57Z,2026-05-31T18:02:57+0200,611fde5d-54b0-4507-9ef0-5698875a33e4,2026-05-28T04:00:00Z,2026-05-28T06:00:00+0200,290.44525,MW,BE,BE,forecast_solar_generation,Solar,2026-05-31T16:03:09Z
2026-05-31T16:02:57Z,2026-05-31T18:02:57+0200,611fde5d-54b0-4507-9ef0-5698875a33e4,2026-05-28T05:00:00Z,2026-05-28T07:00:00+0200,889.83325,MW,BE,BE,forecast_solar_generation,Solar,2026-05-31T16:03:09Z
2026-05-31T16:02:57Z,2026-05-31T18:02:57+0200,611fde5d-54b0-4507-9ef0-5698875a33e4,2026-05-28T06:00:00Z,2026-05-28T08:00:00+0200,2413.428998,MW,BE,BE,forecast_solar_generation,Solar,2026-05-31T16:03:09Z
2026-05-31T16:02:57Z,2026-05-31T18:02:57+0200,611fde5d-54b0-4507-9ef0-5698875a33e4,2026-05-28T07:00:00Z,2026-05-28T09:00:00+0200,4283.734745,MW,BE,BE,forecast_solar_generation,Solar,2026-05-31T16:03:09Z
2026-05-31T16:02:57Z,2026-05-31T18:02:57+0200,611fde5d-54b0-4507-9ef0-5698875a33e4,2026-05-28T08:00:00Z,2026-05-28T10:00:00+0200,5775.420998,MW,BE,BE,forecast_solar_generation,Solar,2026-05-31T16:03:09Z
2026-05-31T16:02:57Z,2026-05-31T18:02:57+0200,611fde5d-54b0-4507-9ef0-5698875a33e4,2026-05-28T09:00:00Z,2026-05-28T11:00:00+0200,6878.630747,MW,BE,BE,forecast_solar_generation,Solar,2026-05-31T16:03:09Z
2026-05-31T16:02:57Z,2026-05-31T18:02:57+0200,611fde5d-54b0-4507-9ef0-5698875a33e4,2026-05-28T10:00:00Z,2026-05-28T12:00:00+0200,7645.935982,MW,BE,BE,forecast_solar_generation,Solar,2026-05-31T16:03:09Z
2026-05-31T16:02:57Z,2026-05-31T18:02:57+0200,611fde5d-54b0-4507-9ef0-5698875a33e4,2026-05-28T11:00:00Z,2026-05-28T13:00:00+0200,7938.550749,MW,BE,BE,forecast_solar_generation,Solar,2026-05-31T16:03:09Z
2026-05-31T16:02:57Z,2026-05-31T18:02:57+0200,611fde5d-54b0-4507-9ef0-5698875a33e4,2026-05-28T12:00:00Z,2026-05-28T14:00:00+0200,7800.493001,MW,BE,BE,forecast_solar_generation,Solar,2026-05-31T16:03:09Z
2026-05-31T16:02:57Z,2026-05-31T18:02:57+0200,611fde5d-54b0-4507-9ef0-5698875a33e4,2026-05-28T13:00:00Z,2026-05-28T15:00:00+0200,7180.357508,MW,BE,BE,forecast_solar_generation,Solar,2026-05-31T16:03:09Z
2026-05-31T16:02:57Z,2026-05-31T18:02:57+0200,611fde5d-54b0-4507-9ef0-5698875a33e4,2026-05-28T14:00:00Z,2026-05-28T16:00:00+0200,6097.600506,MW,BE,BE,forecast_solar_generation,Solar,2026-05-31T16:03:09Z
2026-05-31T16:02:57Z,2026-05-31T18:02:57+0200,611fde5d-54b0-4507-9ef0-5698875a33e4,2026-05-28T15:00:00Z,2026-05-28T17:00:00+0200,4683.416253,MW,BE,BE,forecast_solar_generation,Solar,2026-05-31T16:03:09Z
2026-05-31T16:02:57Z,2026-05-31T18:02:57+0200,611fde5d-54b0-4507-9ef0-5698875a33e4,2026-05-28T16:00:00Z,2026-05-28T18:00:00+0200,2855.069504,MW,BE,BE,forecast_solar_generation,Solar,2026-05-31T16:03:09Z
2026-05-31T16:02:57Z,2026-05-31T18:02:57+0200,611fde5d-54b0-4507-9ef0-5698875a33e4,2026-05-28T17:00:00Z,2026-05-28T19:00:00+0200,1235.702749,MW,BE,BE,forecast_solar_generation,Solar,2026-05-31T16:03:09Z
2026-05-31T16:02:57Z,2026-05-31T18:02:57+0200,611fde5d-54b0-4507-9ef0-5698875a33e4,2026-05-28T18:00:00Z,2026-05-28T20:00:00+0200,437.1785,MW,BE,BE,forecast_solar_generation,Solar,2026-05-31T16:03:09Z
2026-05-31T16:02:57Z,2026-05-31T18:02:57+0200,611fde5d-54b0-4507-9ef0-5698875a33e4,2026-05-28T19:00:00Z,2026-05-28T21:00:00+0200,72.602,MW,BE,BE,forecast_solar_generation,Solar,2026-05-31T16:03:09Z
2026-05-31T16:02:57Z,2026-05-31T18:02:57+0200,611fde5d-54b0-4507-9ef0-5698875a33e4,2026-05-28T20:00:00Z,2026-05-28T22:00:00+0200,0.0,MW,BE,BE,forecast_solar_generation,Solar,2026-05-31T16:03:09Z
2026-05-31T16:02:57Z,2026-05-31T18:02:57+0200,611fde5d-54b0-4507-9ef0-5698875a33e4,2026-05-28T21:00:00Z,2026-05-28T23:00:00+0200,0.0,MW,BE,BE,forecast_solar_generation,Solar,2026-05-31T16:03:09Z
2026-05-31T16:02:57Z,2026-05-31T18:02:57+0200,611fde5d-54b0-4507-9ef0-5698875a33e4,2026-05-28T22:00:00Z,2026-05-29T00:00:00+0200,0.0,MW,BE,BE,forecast_solar_generation,Solar,2026-05-31T16:03:09Z
2026-05-31T16:02:57Z,2026-05-31T18:02:57+0200,611fde5d-54b0-4507-9ef0-5698875a33e4,2026-05-28T23:00:00Z,2026-05-29T01:00:00+0200,0.0,MW,BE,BE,forecast_solar_generation,Solar,2026-05-31T16:03:09Z
2026-05-31T16:02:57Z,2026-05-31T18:02:57+0200,611fde5d-54b0-4507-9ef0-5698875a33e4,2026-05-29T00:00:00Z,2026-05-29T02:00:00+0200,0.0,MW,BE,BE,forecast_solar_generation,Solar,2026-05-31T16:03:09Z
2026-05-31T16:02:57Z,2026-05-31T18:02:57+0200,611fde5d-54b0-4507-9ef0-5698875a33e4,2026-05-29T01:00:00Z,2026-05-29T03:00:00+0200,0.0,MW,BE,BE,forecast_solar_generation,Solar,2026-05-31T16:03:09Z
2026-05-31T16:02:57Z,2026-05-31T18:02:57+0200,611fde5d-54b0-4507-9ef0-5698875a33e4,2026-05-29T02:00:00Z,2026-05-29T04:00:00+0200,0.0,MW,BE,BE,forecast_solar_generation,Solar,2026-05-31T16:03:09Z
2026-05-31T16:02:57Z,2026-05-31T18:02:57+0200,611fde5d-54b0-4507-9ef0-5698875a33e4,2026-05-29T03:00:00Z,2026-05-29T05:00:00+0200,15.0095,MW,BE,BE,forecast_solar_generation,Solar,2026-05-31T16:03:09Z
2026-05-31T16:02:57Z,2026-05-31T18:02:57+0200,611fde5d-54b0-4507-9ef0-5698875a33e4,2026-05-29T04:00:00Z,2026-05-29T06:00:00+0200,336.15225,MW,BE,BE,forecast_solar_generation,Solar,2026-05-31T16:03:09Z
2026-05-31T16:02:57Z,2026-05-31T18:02:57+0200,611fde5d-54b0-4507-9ef0-5698875a33e4,2026-05-29T05:00:00Z,2026-05-29T07:00:00+0200,999.99425,MW,BE,BE,forecast_solar_generation,Solar,2026-05-31T16:03:09Z
2026-05-31T16:02:57Z,2026-05-31T18:02:57+0200,611fde5d-54b0-4507-9ef0-5698875a33e4,2026-05-29T06:00:00Z,2026-05-29T08:00:00+0200,2227.144252,MW,BE,BE,forecast_solar_generation,Solar,2026-05-31T16:03:09Z
2026-05-31T16:02:57Z,2026-05-31T18:02:57+0200,611fde5d-54b0-4507-9ef0-5698875a33e4,2026-05-29T07:00:00Z,2026-05-29T09:00:00+0200,3799.7555,MW,BE,BE,forecast_solar_generation,Solar,2026-05-31T16:03:09Z
2026-05-31T16:02:57Z,2026-05-31T18:02:57+0200,611fde5d-54b0-4507-9ef0-5698875a33e4,2026-05-29T08:00:00Z,2026-05-29T10:00:00+0200,5159.5545,MW,BE,BE,forecast_solar_generation,Solar,2026-05-31T16:03:09Z
2026-05-31T16:02:57Z,2026-05-31T18:02:57+0200,611fde5d-54b0-4507-9ef0-5698875a33e4,2026-05-29T09:00:00Z,2026-05-29T11:00:00+0200,6013.106762,MW,BE,BE,forecast_solar_generation,Solar,2026-05-31T16:03:09Z
2026-05-31T16:02:57Z,2026-05-31T18:02:57+0200,611fde5d-54b0-4507-9ef0-5698875a33e4,2026-05-29T10:00:00Z,2026-05-29T12:00:00+0200,6524.997755,MW,BE,BE,forecast_solar_generation,Solar,2026-05-31T16:03:09Z
2026-05-31T16:02:57Z,2026-05-31T18:02:57+0200,611fde5d-54b0-4507-9ef0-5698875a33e4,2026-05-29T11:00:00Z,2026-05-29T13:00:00+0200,6549.008492,MW,BE,BE,forecast_solar_generation,Solar,2026-05-31T16:03:09Z
2026-05-31T16:02:57Z,2026-05-31T18:02:57+0200,611fde5d-54b0-4507-9ef0-5698875a33e4,2026-05-29T12:00:00Z,2026-05-29T14:00:00+0200,6026.196247,MW,BE,BE,forecast_solar_generation,Solar,2026-05-31T16:03:09Z
2026-05-31T16:02:57Z,2026-05-31T18:02:57+0200,611fde5d-54b0-4507-9ef0-5698875a33e4,2026-05-29T13:00:00Z,2026-05-29T15:00:00+0200,5035.112755,MW,BE,BE,forecast_solar_generation,Solar,2026-05-31T16:03:09Z
2026-05-31T16:02:57Z,2026-05-31T18:02:57+0200,611fde5d-54b0-4507-9ef0-5698875a33e4,2026-05-29T14:00:00Z,2026-05-29T16:00:00+0200,3950.512501,MW,BE,BE,forecast_solar_generation,Solar,2026-05-31T16:03:09Z
2026-05-31T16:02:57Z,2026-05-31T18:02:57+0200,611fde5d-54b0-4507-9ef0-5698875a33e4,2026-05-29T15:00:00Z,2026-05-29T17:00:00+0200,2895.355751,MW,BE,BE,forecast_solar_generation,Solar,2026-05-31T16:03:09Z
2026-05-31T16:02:57Z,2026-05-31T18:02:57+0200,611fde5d-54b0-4507-9ef0-5698875a33e4,2026-05-29T16:00:00Z,2026-05-29T18:00:00+0200,1886.113251,MW,BE,BE,forecast_solar_generation,Solar,2026-05-31T16:03:09Z
2026-05-31T16:02:57Z,2026-05-31T18:02:57+0200,611fde5d-54b0-4507-9ef0-5698875a33e4,2026-05-29T17:00:00Z,2026-05-29T19:00:00+0200,1110.543749,MW,BE,BE,forecast_solar_generation,Solar,2026-05-31T16:03:09Z
2026-05-31T16:02:57Z,2026-05-31T18:02:57+0200,611fde5d-54b0-4507-9ef0-5698875a33e4,2026-05-29T18:00:00Z,2026-05-29T20:00:00+0200,481.865,MW,BE,BE,forecast_solar_generation,Solar,2026-05-31T16:03:09Z
2026-05-31T16:02:57Z,2026-05-31T18:02:57+0200,611fde5d-54b0-4507-9ef0-5698875a33e4,2026-05-29T19:00:00Z,2026-05-29T21:00:00+0200,57.6035,MW,BE,BE,forecast_solar_generation,Solar,2026-05-31T16:03:09Z
2026-05-31T16:02:57Z,2026-05-31T18:02:57+0200,611fde5d-54b0-4507-9ef0-5698875a33e4,2026-05-29T20:00:00Z,2026-05-29T22:00:00+0200,0.0,MW,BE,BE,forecast_solar_generation,Solar,2026-05-31T16:03:09Z
2026-05-31T16:02:57Z,2026-05-31T18:02:57+0200,611fde5d-54b0-4507-9ef0-5698875a33e4,2026-05-29T21:00:00Z,2026-05-29T23:00:00+0200,0.0,MW,BE,BE,forecast_solar_generation,Solar,2026-05-31T16:03:09Z
2026-05-31T16:02:57Z,2026-05-31T18:02:57+0200,611fde5d-54b0-4507-9ef0-5698875a33e4,2026-05-29T22:00:00Z,2026-05-30T00:00:00+0200,0.0,MW,BE,BE,forecast_solar_generation,Solar,2026-05-31T16:03:09Z
2026-05-31T16:02:57Z,2026-05-31T18:02:57+0200,611fde5d-54b0-4507-9ef0-5698875a33e4,2026-05-29T23:00:00Z,2026-05-30T01:00:00+0200,0.0,MW,BE,BE,forecast_solar_generation,Solar,2026-05-31T16:03:09Z
2026-05-31T16:02:57Z,2026-05-31T18:02:57+0200,611fde5d-54b0-4507-9ef0-5698875a33e4,2026-05-30T00:00:00Z,2026-05-30T02:00:00+0200,0.0,MW,BE,BE,forecast_solar_generation,Solar,2026-05-31T16:03:09Z
2026-05-31T16:02:57Z,2026-05-31T18:02:57+0200,611fde5d-54b0-4507-9ef0-5698875a33e4,2026-05-30T01:00:00Z,2026-05-30T03:00:00+0200,0.0,MW,BE,BE,forecast_solar_generation,Solar,2026-05-31T16:03:09Z
2026-05-31T16:02:57Z,2026-05-31T18:02:57+0200,611fde5d-54b0-4507-9ef0-5698875a33e4,2026-05-30T02:00:00Z,2026-05-30T04:00:00+0200,0.0,MW,BE,BE,forecast_solar_generation,Solar,2026-05-31T16:03:09Z
2026-05-31T16:02:57Z,2026-05-31T18:02:57+0200,611fde5d-54b0-4507-9ef0-5698875a33e4,2026-05-30T03:00:00Z,2026-05-30T05:00:00+0200,14.15,MW,BE,BE,forecast_solar_generation,Solar,2026-05-31T16:03:09Z
2026-05-31T16:02:57Z,2026-05-31T18:02:57+0200,611fde5d-54b0-4507-9ef0-5698875a33e4,2026-05-30T04:00:00Z,2026-05-30T06:00:00+0200,328.282249,MW,BE,BE,forecast_solar_generation,Solar,2026-05-31T16:03:09Z
2026-05-31T16:02:57Z,2026-05-31T18:02:57+0200,611fde5d-54b0-4507-9ef0-5698875a33e4,2026-05-30T05:00:00Z,2026-05-30T07:00:00+0200,985.67375,MW,BE,BE,forecast_solar_generation,Solar,2026-05-31T16:03:09Z
2026-05-31T16:02:57Z,2026-05-31T18:02:57+0200,611fde5d-54b0-4507-9ef0-5698875a33e4,2026-05-30T06:00:00Z,2026-05-30T08:00:00+0200,2049.323501,MW,BE,BE,forecast_solar_generation,Solar,2026-05-31T16:03:09Z
2026-05-31T16:02:57Z,2026-05-31T18:02:57+0200,611fde5d-54b0-4507-9ef0-5698875a33e4,2026-05-30T07:00:00Z,2026-05-30T09:00:00+0200,3394.627002,MW,BE,BE,forecast_solar_generation,Solar,2026-05-31T16:03:09Z
2026-05-31T16:02:57Z,2026-05-31T18:02:57+0200,611fde5d-54b0-4507-9ef0-5698875a33e4,2026-05-30T08:00:00Z,2026-05-30T10:00:00+0200,4740.149497,MW,BE,BE,forecast_solar_generation,Solar,2026-05-31T16:03:09Z
2026-05-31T16:02:57Z,2026-05-31T18:02:57+0200,611fde5d-54b0-4507-9ef0-5698875a33e4,2026-05-30T09:00:00Z,2026-05-30T11:00:00+0200,5909.510996,MW,BE,BE,forecast_solar_generation,Solar,2026-05-31T16:03:09Z
2026-05-31T16:02:57Z,2026-05-31T18:02:57+0200,611fde5d-54b0-4507-9ef0-5698875a33e4,2026-05-30T10:00:00Z,2026-05-30T12:00:00+0200,6805.234491,MW,BE,BE,forecast_solar_generation,Solar,2026-05-31T16:03:09Z
2026-05-31T16:02:57Z,2026-05-31T18:02:57+0200,611fde5d-54b0-4507-9ef0-5698875a33e4,2026-05-30T11:00:00Z,2026-05-30T13:00:00+0200,7186.549245,MW,BE,BE,forecast_solar_generation,Solar,2026-05-31T16:03:09Z
2026-05-31T16:02:57Z,2026-05-31T18:02:57+0200,611fde5d-54b0-4507-9ef0-5698875a33e4,2026-05-30T12:00:00Z,2026-05-30T14:00:00+0200,7090.595999,MW,BE,BE,forecast_solar_generation,Solar,2026-05-31T16:03:09Z
2026-05-31T16:02:57Z,2026-05-31T18:02:57+0200,611fde5d-54b0-4507-9ef0-5698875a33e4,2026-05-30T13:00:00Z,2026-05-30T15:00:00+0200,6506.909239,MW,BE,BE,forecast_solar_generation,Solar,2026-05-31T16:03:09Z
2026-05-31T16:02:57Z,2026-05-31T18:02:57+0200,611fde5d-54b0-4507-9ef0-5698875a33e4,2026-05-30T14:00:00Z,2026-05-30T16:00:00+0200,5485.498747,MW,BE,BE,forecast_solar_generation,Solar,2026-05-31T16:03:09Z
2026-05-31T16:02:57Z,2026-05-31T18:02:57+0200,611fde5d-54b0-4507-9ef0-5698875a33e4,2026-05-30T15:00:00Z,2026-05-30T17:00:00+0200,4142.231748,MW,BE,BE,forecast_solar_generation,Solar,2026-05-31T16:03:09Z
2026-05-31T16:02:57Z,2026-05-31T18:02:57+0200,611fde5d-54b0-4507-9ef0-5698875a33e4,2026-05-30T16:00:00Z,2026-05-30T18:00:00+0200,2575.06425,MW,BE,BE,forecast_solar_generation,Solar,2026-05-31T16:03:09Z
2026-05-31T16:02:57Z,2026-05-31T18:02:57+0200,611fde5d-54b0-4507-9ef0-5698875a33e4,2026-05-30T17:00:00Z,2026-05-30T19:00:00+0200,1257.6885,MW,BE,BE,forecast_solar_generation,Solar,2026-05-31T16:03:09Z
2026-05-31T16:02:57Z,2026-05-31T18:02:57+0200,611fde5d-54b0-4507-9ef0-5698875a33e4,2026-05-30T18:00:00Z,2026-05-30T20:00:00+0200,509.48375,MW,BE,BE,forecast_solar_generation,Solar,2026-05-31T16:03:09Z
2026-05-31T16:02:57Z,2026-05-31T18:02:57+0200,611fde5d-54b0-4507-9ef0-5698875a33e4,2026-05-30T19:00:00Z,2026-05-30T21:00:00+0200,76.830749,MW,BE,BE,forecast_solar_generation,Solar,2026-05-31T16:03:09Z
2026-05-31T16:02:57Z,2026-05-31T18:02:57+0200,611fde5d-54b0-4507-9ef0-5698875a33e4,2026-05-30T20:00:00Z,2026-05-30T22:00:00+0200,0.0,MW,BE,BE,forecast_solar_generation,Solar,2026-05-31T16:03:09Z
2026-05-31T16:02:57Z,2026-05-31T18:02:57+0200,611fde5d-54b0-4507-9ef0-5698875a33e4,2026-05-30T21:00:00Z,2026-05-30T23:00:00+0200,0.0,MW,BE,BE,forecast_solar_generation,Solar,2026-05-31T16:03:09Z
2026-05-31T16:02:57Z,2026-05-31T18:02:57+0200,611fde5d-54b0-4507-9ef0-5698875a33e4,2026-05-30T22:00:00Z,2026-05-31T00:00:00+0200,0.0,MW,BE,BE,forecast_solar_generation,Solar,2026-05-31T16:03:09Z
2026-05-31T16:02:57Z,2026-05-31T18:02:57+0200,611fde5d-54b0-4507-9ef0-5698875a33e4,2026-05-30T23:00:00Z,2026-05-31T01:00:00+0200,0.0,MW,BE,BE,forecast_solar_generation,Solar,2026-05-31T16:03:09Z
2026-05-31T16:02:57Z,2026-05-31T18:02:57+0200,611fde5d-54b0-4507-9ef0-5698875a33e4,2026-05-31T00:00:00Z,2026-05-31T02:00:00+0200,0.0,MW,BE,BE,forecast_solar_generation,Solar,2026-05-31T16:03:09Z
2026-05-31T16:02:57Z,2026-05-31T18:02:57+0200,611fde5d-54b0-4507-9ef0-5698875a33e4,2026-05-31T01:00:00Z,2026-05-31T03:00:00+0200,0.0,MW,BE,BE,forecast_solar_generation,Solar,2026-05-31T16:03:09Z
2026-05-31T16:02:57Z,2026-05-31T18:02:57+0200,611fde5d-54b0-4507-9ef0-5698875a33e4,2026-05-31T02:00:00Z,2026-05-31T04:00:00+0200,0.0,MW,BE,BE,forecast_solar_generation,Solar,2026-05-31T16:03:09Z
2026-05-31T16:02:57Z,2026-05-31T18:02:57+0200,611fde5d-54b0-4507-9ef0-5698875a33e4,2026-05-31T03:00:00Z,2026-05-31T05:00:00+0200,15.8575,MW,BE,BE,forecast_solar_generation,Solar,2026-05-31T16:03:09Z
2026-05-31T16:02:57Z,2026-05-31T18:02:57+0200,611fde5d-54b0-4507-9ef0-5698875a33e4,2026-05-31T04:00:00Z,2026-05-31T06:00:00+0200,342.573751,MW,BE,BE,forecast_solar_generation,Solar,2026-05-31T16:03:09Z
2026-05-31T16:02:57Z,2026-05-31T18:02:57+0200,611fde5d-54b0-4507-9ef0-5698875a33e4,2026-05-31T05:00:00Z,2026-05-31T07:00:00+0200,1001.641248,MW,BE,BE,forecast_solar_generation,Solar,2026-05-31T16:03:09Z
2026-05-31T16:02:57Z,2026-05-31T18:02:57+0200,611fde5d-54b0-4507-9ef0-5698875a33e4,2026-05-31T06:00:00Z,2026-05-31T08:00:00+0200,2084.9045,MW,BE,BE,forecast_solar_generation,Solar,2026-05-31T16:03:09Z
2026-05-31T16:02:57Z,2026-05-31T18:02:57+0200,611fde5d-54b0-4507-9ef0-5698875a33e4,2026-05-31T07:00:00Z,2026-05-31T09:00:00+0200,3389.84525,MW,BE,BE,forecast_solar_generation,Solar,2026-05-31T16:03:09Z
2026-05-31T16:02:57Z,2026-05-31T18:02:57+0200,611fde5d-54b0-4507-9ef0-5698875a33e4,2026-05-31T08:00:00Z,2026-05-31T10:00:00+0200,4293.45475,MW,BE,BE,forecast_solar_generation,Solar,2026-05-31T16:03:09Z
2026-05-31T16:02:57Z,2026-05-31T18:02:57+0200,611fde5d-54b0-4507-9ef0-5698875a33e4,2026-05-31T09:00:00Z,2026-05-31T11:00:00+0200,4794.096998,MW,BE,BE,forecast_solar_generation,Solar,2026-05-31T16:03:09Z
2026-05-31T16:02:57Z,2026-05-31T18:02:57+0200,611fde5d-54b0-4507-9ef0-5698875a33e4,2026-05-31T10:00:00Z,2026-05-31T12:00:00+0200,4946.647003,MW,BE,BE,forecast_solar_generation,Solar,2026-05-31T16:03:09Z
2026-05-31T16:02:57Z,2026-05-31T18:02:57+0200,611fde5d-54b0-4507-9ef0-5698875a33e4,2026-05-31T11:00:00Z,2026-05-31T13:00:00+0200,4723.468741,MW,BE,BE,forecast_solar_generation,Solar,2026-05-31T16:03:09Z
2026-05-31T16:02:57Z,2026-05-31T18:02:57+0200,611fde5d-54b0-4507-9ef0-5698875a33e4,2026-05-31T12:00:00Z,2026-05-31T14:00:00+0200,4160.868748,MW,BE,BE,forecast_solar_generation,Solar,2026-05-31T16:03:09Z
2026-05-31T16:02:57Z,2026-05-31T18:02:57+0200,611fde5d-54b0-4507-9ef0-5698875a33e4,2026-05-31T13:00:00Z,2026-05-31T15:00:00+0200,3401.079746,MW,BE,BE,forecast_solar_generation,Solar,2026-05-31T16:03:09Z
2026-05-31T16:02:57Z,2026-05-31T18:02:57+0200,611fde5d-54b0-4507-9ef0-5698875a33e4,2026-05-31T14:00:00Z,2026-05-31T16:00:00+0200,2766.895505,MW,BE,BE,forecast_solar_generation,Solar,2026-05-31T16:03:09Z
2026-05-31T16:02:57Z,2026-05-31T18:02:57+0200,611fde5d-54b0-4507-9ef0-5698875a33e4,2026-05-31T15:00:00Z,2026-05-31T17:00:00+0200,2292.180747,MW,BE,BE,forecast_solar_generation,Solar,2026-05-31T16:03:09Z
