collection_time_utc,collection_time_local,run_id,timestamp_utc,timestamp_local,value,unit,country,entsoe_area,variable,source,updated_at_utc
2026-09-12T18:47:40Z,2026-09-12T20:47:40+0200,0830df87-043d-4360-8c85-cb05e4853394,2026-09-05T19:00:00Z,2026-09-05T21:00:00+0200,6047.92,MW,DE,DE_LU,forecast_offshore_wind_generation,Wind Offshore,2026-09-12T18:50:26Z
2026-09-12T18:47:40Z,2026-09-12T20:47:40+0200,0830df87-043d-4360-8c85-cb05e4853394,2026-09-05T19:15:00Z,2026-09-05T21:15:00+0200,6024.26,MW,DE,DE_LU,forecast_offshore_wind_generation,Wind Offshore,2026-09-12T18:50:26Z
2026-09-12T18:47:40Z,2026-09-12T20:47:40+0200,0830df87-043d-4360-8c85-cb05e4853394,2026-09-05T19:30:00Z,2026-09-05T21:30:00+0200,6073.58,MW,DE,DE_LU,forecast_offshore_wind_generation,Wind Offshore,2026-09-12T18:50:26Z
2026-09-12T18:47:40Z,2026-09-12T20:47:40+0200,0830df87-043d-4360-8c85-cb05e4853394,2026-09-05T19:45:00Z,2026-09-05T21:45:00+0200,6049.89,MW,DE,DE_LU,forecast_offshore_wind_generation,Wind Offshore,2026-09-12T18:50:26Z
2026-09-12T18:47:40Z,2026-09-12T20:47:40+0200,0830df87-043d-4360-8c85-cb05e4853394,2026-09-05T20:00:00Z,2026-09-05T22:00:00+0200,6282.28,MW,DE,DE_LU,forecast_offshore_wind_generation,Wind Offshore,2026-09-12T18:50:26Z
2026-09-12T18:47:40Z,2026-09-12T20:47:40+0200,0830df87-043d-4360-8c85-cb05e4853394,2026-09-05T20:15:00Z,2026-09-05T22:15:00+0200,6230.54,MW,DE,DE_LU,forecast_offshore_wind_generation,Wind Offshore,2026-09-12T18:50:26Z
2026-09-12T18:47:40Z,2026-09-12T20:47:40+0200,0830df87-043d-4360-8c85-cb05e4853394,2026-09-05T20:30:00Z,2026-09-05T22:30:00+0200,6182.8,MW,DE,DE_LU,forecast_offshore_wind_generation,Wind Offshore,2026-09-12T18:50:26Z
2026-09-12T18:47:40Z,2026-09-12T20:47:40+0200,0830df87-043d-4360-8c85-cb05e4853394,2026-09-05T20:45:00Z,2026-09-05T22:45:00+0200,6135.04,MW,DE,DE_LU,forecast_offshore_wind_generation,Wind Offshore,2026-09-12T18:50:26Z
2026-09-12T18:47:40Z,2026-09-12T20:47:40+0200,0830df87-043d-4360-8c85-cb05e4853394,2026-09-05T21:00:00Z,2026-09-05T23:00:00+0200,6087.23,MW,DE,DE_LU,forecast_offshore_wind_generation,Wind Offshore,2026-09-12T18:50:26Z
2026-09-12T18:47:40Z,2026-09-12T20:47:40+0200,0830df87-043d-4360-8c85-cb05e4853394,2026-09-05T21:15:00Z,2026-09-05T23:15:00+0200,6007.43,MW,DE,DE_LU,forecast_offshore_wind_generation,Wind Offshore,2026-09-12T18:50:26Z
2026-09-12T18:47:40Z,2026-09-12T20:47:40+0200,0830df87-043d-4360-8c85-cb05e4853394,2026-09-05T21:30:00Z,2026-09-05T23:30:00+0200,5926.65,MW,DE,DE_LU,forecast_offshore_wind_generation,Wind Offshore,2026-09-12T18:50:26Z
2026-09-12T18:47:40Z,2026-09-12T20:47:40+0200,0830df87-043d-4360-8c85-cb05e4853394,2026-09-05T21:45:00Z,2026-09-05T23:45:00+0200,5849.86,MW,DE,DE_LU,forecast_offshore_wind_generation,Wind Offshore,2026-09-12T18:50:26Z
2026-09-12T18:47:40Z,2026-09-12T20:47:40+0200,0830df87-043d-4360-8c85-cb05e4853394,2026-09-05T22:00:00Z,2026-09-06T00:00:00+0200,5405.21,MW,DE,DE_LU,forecast_offshore_wind_generation,Wind Offshore,2026-09-12T18:50:26Z
2026-09-12T18:47:40Z,2026-09-12T20:47:40+0200,0830df87-043d-4360-8c85-cb05e4853394,2026-09-05T22:15:00Z,2026-09-06T00:15:00+0200,5351.23,MW,DE,DE_LU,forecast_offshore_wind_generation,Wind Offshore,2026-09-12T18:50:26Z
2026-09-12T18:47:40Z,2026-09-12T20:47:40+0200,0830df87-043d-4360-8c85-cb05e4853394,2026-09-05T22:30:00Z,2026-09-06T00:30:00+0200,5302.25,MW,DE,DE_LU,forecast_offshore_wind_generation,Wind Offshore,2026-09-12T18:50:26Z
2026-09-12T18:47:40Z,2026-09-12T20:47:40+0200,0830df87-043d-4360-8c85-cb05e4853394,2026-09-05T22:45:00Z,2026-09-06T00:45:00+0200,5244.32,MW,DE,DE_LU,forecast_offshore_wind_generation,Wind Offshore,2026-09-12T18:50:26Z
2026-09-12T18:47:40Z,2026-09-12T20:47:40+0200,0830df87-043d-4360-8c85-cb05e4853394,2026-09-05T23:00:00Z,2026-09-06T01:00:00+0200,5179.36,MW,DE,DE_LU,forecast_offshore_wind_generation,Wind Offshore,2026-09-12T18:50:26Z
2026-09-12T18:47:40Z,2026-09-12T20:47:40+0200,0830df87-043d-4360-8c85-cb05e4853394,2026-09-05T23:15:00Z,2026-09-06T01:15:00+0200,5100.42,MW,DE,DE_LU,forecast_offshore_wind_generation,Wind Offshore,2026-09-12T18:50:26Z
2026-09-12T18:47:40Z,2026-09-12T20:47:40+0200,0830df87-043d-4360-8c85-cb05e4853394,2026-09-05T23:30:00Z,2026-09-06T01:30:00+0200,5014.46,MW,DE,DE_LU,forecast_offshore_wind_generation,Wind Offshore,2026-09-12T18:50:26Z
2026-09-12T18:47:40Z,2026-09-12T20:47:40+0200,0830df87-043d-4360-8c85-cb05e4853394,2026-09-05T23:45:00Z,2026-09-06T01:45:00+0200,4928.53,MW,DE,DE_LU,forecast_offshore_wind_generation,Wind Offshore,2026-09-12T18:50:26Z
2026-09-12T18:47:40Z,2026-09-12T20:47:40+0200,0830df87-043d-4360-8c85-cb05e4853394,2026-09-06T00:00:00Z,2026-09-06T02:00:00+0200,4913.12,MW,DE,DE_LU,forecast_offshore_wind_generation,Wind Offshore,2026-09-12T18:50:26Z
2026-09-12T18:47:40Z,2026-09-12T20:47:40+0200,0830df87-043d-4360-8c85-cb05e4853394,2026-09-06T00:15:00Z,2026-09-06T02:15:00+0200,4812.18,MW,DE,DE_LU,forecast_offshore_wind_generation,Wind Offshore,2026-09-12T18:50:26Z
2026-09-12T18:47:40Z,2026-09-12T20:47:40+0200,0830df87-043d-4360-8c85-cb05e4853394,2026-09-06T00:30:00Z,2026-09-06T02:30:00+0200,4707.23,MW,DE,DE_LU,forecast_offshore_wind_generation,Wind Offshore,2026-09-12T18:50:26Z
2026-09-12T18:47:40Z,2026-09-12T20:47:40+0200,0830df87-043d-4360-8c85-cb05e4853394,2026-09-06T00:45:00Z,2026-09-06T02:45:00+0200,4693.27,MW,DE,DE_LU,forecast_offshore_wind_generation,Wind Offshore,2026-09-12T18:50:26Z
2026-09-12T18:47:40Z,2026-09-12T20:47:40+0200,0830df87-043d-4360-8c85-cb05e4853394,2026-09-06T01:00:00Z,2026-09-06T03:00:00+0200,4583.45,MW,DE,DE_LU,forecast_offshore_wind_generation,Wind Offshore,2026-09-12T18:50:26Z
2026-09-12T18:47:40Z,2026-09-12T20:47:40+0200,0830df87-043d-4360-8c85-cb05e4853394,2026-09-06T01:15:00Z,2026-09-06T03:15:00+0200,4625.74,MW,DE,DE_LU,forecast_offshore_wind_generation,Wind Offshore,2026-09-12T18:50:26Z
2026-09-12T18:47:40Z,2026-09-12T20:47:40+0200,0830df87-043d-4360-8c85-cb05e4853394,2026-09-06T01:30:00Z,2026-09-06T03:30:00+0200,4521.02,MW,DE,DE_LU,forecast_offshore_wind_generation,Wind Offshore,2026-09-12T18:50:26Z
2026-09-12T18:47:40Z,2026-09-12T20:47:40+0200,0830df87-043d-4360-8c85-cb05e4853394,2026-09-06T01:45:00Z,2026-09-06T03:45:00+0200,4415.27,MW,DE,DE_LU,forecast_offshore_wind_generation,Wind Offshore,2026-09-12T18:50:26Z
2026-09-12T18:47:40Z,2026-09-12T20:47:40+0200,0830df87-043d-4360-8c85-cb05e4853394,2026-09-06T02:00:00Z,2026-09-06T04:00:00+0200,4300.93,MW,DE,DE_LU,forecast_offshore_wind_generation,Wind Offshore,2026-09-12T18:50:26Z
2026-09-12T18:47:40Z,2026-09-12T20:47:40+0200,0830df87-043d-4360-8c85-cb05e4853394,2026-09-06T02:15:00Z,2026-09-06T04:15:00+0200,4177.0,MW,DE,DE_LU,forecast_offshore_wind_generation,Wind Offshore,2026-09-12T18:50:26Z
2026-09-12T18:47:40Z,2026-09-12T20:47:40+0200,0830df87-043d-4360-8c85-cb05e4853394,2026-09-06T02:30:00Z,2026-09-06T04:30:00+0200,4049.06,MW,DE,DE_LU,forecast_offshore_wind_generation,Wind Offshore,2026-09-12T18:50:26Z
2026-09-12T18:47:40Z,2026-09-12T20:47:40+0200,0830df87-043d-4360-8c85-cb05e4853394,2026-09-06T02:45:00Z,2026-09-06T04:45:00+0200,3920.16,MW,DE,DE_LU,forecast_offshore_wind_generation,Wind Offshore,2026-09-12T18:50:26Z
2026-09-12T18:47:40Z,2026-09-12T20:47:40+0200,0830df87-043d-4360-8c85-cb05e4853394,2026-09-06T03:00:00Z,2026-09-06T05:00:00+0200,3782.3,MW,DE,DE_LU,forecast_offshore_wind_generation,Wind Offshore,2026-09-12T18:50:26Z
2026-09-12T18:47:40Z,2026-09-12T20:47:40+0200,0830df87-043d-4360-8c85-cb05e4853394,2026-09-06T03:15:00Z,2026-09-06T05:15:00+0200,3639.47,MW,DE,DE_LU,forecast_offshore_wind_generation,Wind Offshore,2026-09-12T18:50:26Z
2026-09-12T18:47:40Z,2026-09-12T20:47:40+0200,0830df87-043d-4360-8c85-cb05e4853394,2026-09-06T03:30:00Z,2026-09-06T05:30:00+0200,3495.56,MW,DE,DE_LU,forecast_offshore_wind_generation,Wind Offshore,2026-09-12T18:50:26Z
2026-09-12T18:47:40Z,2026-09-12T20:47:40+0200,0830df87-043d-4360-8c85-cb05e4853394,2026-09-06T03:45:00Z,2026-09-06T05:45:00+0200,3347.65,MW,DE,DE_LU,forecast_offshore_wind_generation,Wind Offshore,2026-09-12T18:50:26Z
2026-09-12T18:47:40Z,2026-09-12T20:47:40+0200,0830df87-043d-4360-8c85-cb05e4853394,2026-09-06T04:00:00Z,2026-09-06T06:00:00+0200,3189.76,MW,DE,DE_LU,forecast_offshore_wind_generation,Wind Offshore,2026-09-12T18:50:26Z
2026-09-12T18:47:40Z,2026-09-12T20:47:40+0200,0830df87-043d-4360-8c85-cb05e4853394,2026-09-06T04:15:00Z,2026-09-06T06:15:00+0200,3053.09,MW,DE,DE_LU,forecast_offshore_wind_generation,Wind Offshore,2026-09-12T18:50:26Z
2026-09-12T18:47:40Z,2026-09-12T20:47:40+0200,0830df87-043d-4360-8c85-cb05e4853394,2026-09-06T04:30:00Z,2026-09-06T06:30:00+0200,2910.31,MW,DE,DE_LU,forecast_offshore_wind_generation,Wind Offshore,2026-09-12T18:50:26Z
2026-09-12T18:47:40Z,2026-09-12T20:47:40+0200,0830df87-043d-4360-8c85-cb05e4853394,2026-09-06T04:45:00Z,2026-09-06T06:45:00+0200,2772.23,MW,DE,DE_LU,forecast_offshore_wind_generation,Wind Offshore,2026-09-12T18:50:26Z
2026-09-12T18:47:40Z,2026-09-12T20:47:40+0200,0830df87-043d-4360-8c85-cb05e4853394,2026-09-06T05:00:00Z,2026-09-06T07:00:00+0200,2640.85,MW,DE,DE_LU,forecast_offshore_wind_generation,Wind Offshore,2026-09-12T18:50:26Z
2026-09-12T18:47:40Z,2026-09-12T20:47:40+0200,0830df87-043d-4360-8c85-cb05e4853394,2026-09-06T05:15:00Z,2026-09-06T07:15:00+0200,2529.79,MW,DE,DE_LU,forecast_offshore_wind_generation,Wind Offshore,2026-09-12T18:50:26Z
2026-09-12T18:47:40Z,2026-09-12T20:47:40+0200,0830df87-043d-4360-8c85-cb05e4853394,2026-09-06T05:30:00Z,2026-09-06T07:30:00+0200,2415.72,MW,DE,DE_LU,forecast_offshore_wind_generation,Wind Offshore,2026-09-12T18:50:26Z
2026-09-12T18:47:40Z,2026-09-12T20:47:40+0200,0830df87-043d-4360-8c85-cb05e4853394,2026-09-06T05:45:00Z,2026-09-06T07:45:00+0200,2294.57,MW,DE,DE_LU,forecast_offshore_wind_generation,Wind Offshore,2026-09-12T18:50:26Z
2026-09-12T18:47:40Z,2026-09-12T20:47:40+0200,0830df87-043d-4360-8c85-cb05e4853394,2026-09-06T06:00:00Z,2026-09-06T08:00:00+0200,2196.75,MW,DE,DE_LU,forecast_offshore_wind_generation,Wind Offshore,2026-09-12T18:50:26Z
2026-09-12T18:47:40Z,2026-09-12T20:47:40+0200,0830df87-043d-4360-8c85-cb05e4853394,2026-09-06T06:15:00Z,2026-09-06T08:15:00+0200,2128.44,MW,DE,DE_LU,forecast_offshore_wind_generation,Wind Offshore,2026-09-12T18:50:26Z
2026-09-12T18:47:40Z,2026-09-12T20:47:40+0200,0830df87-043d-4360-8c85-cb05e4853394,2026-09-06T06:30:00Z,2026-09-06T08:30:00+0200,2060.68,MW,DE,DE_LU,forecast_offshore_wind_generation,Wind Offshore,2026-09-12T18:50:26Z
2026-09-12T18:47:40Z,2026-09-12T20:47:40+0200,0830df87-043d-4360-8c85-cb05e4853394,2026-09-06T06:45:00Z,2026-09-06T08:45:00+0200,1993.87,MW,DE,DE_LU,forecast_offshore_wind_generation,Wind Offshore,2026-09-12T18:50:26Z
2026-09-12T18:47:40Z,2026-09-12T20:47:40+0200,0830df87-043d-4360-8c85-cb05e4853394,2026-09-06T07:00:00Z,2026-09-06T09:00:00+0200,1916.21,MW,DE,DE_LU,forecast_offshore_wind_generation,Wind Offshore,2026-09-12T18:50:26Z
2026-09-12T18:47:40Z,2026-09-12T20:47:40+0200,0830df87-043d-4360-8c85-cb05e4853394,2026-09-06T07:15:00Z,2026-09-06T09:15:00+0200,1857.46,MW,DE,DE_LU,forecast_offshore_wind_generation,Wind Offshore,2026-09-12T18:50:26Z
2026-09-12T18:47:40Z,2026-09-12T20:47:40+0200,0830df87-043d-4360-8c85-cb05e4853394,2026-09-06T07:30:00Z,2026-09-06T09:30:00+0200,1797.38,MW,DE,DE_LU,forecast_offshore_wind_generation,Wind Offshore,2026-09-12T18:50:26Z
2026-09-12T18:47:40Z,2026-09-12T20:47:40+0200,0830df87-043d-4360-8c85-cb05e4853394,2026-09-06T07:45:00Z,2026-09-06T09:45:00+0200,1740.52,MW,DE,DE_LU,forecast_offshore_wind_generation,Wind Offshore,2026-09-12T18:50:26Z
2026-09-12T18:47:40Z,2026-09-12T20:47:40+0200,0830df87-043d-4360-8c85-cb05e4853394,2026-09-06T08:00:00Z,2026-09-06T10:00:00+0200,1685.52,MW,DE,DE_LU,forecast_offshore_wind_generation,Wind Offshore,2026-09-12T18:50:26Z
2026-09-12T18:47:40Z,2026-09-12T20:47:40+0200,0830df87-043d-4360-8c85-cb05e4853394,2026-09-06T08:15:00Z,2026-09-06T10:15:00+0200,1641.15,MW,DE,DE_LU,forecast_offshore_wind_generation,Wind Offshore,2026-09-12T18:50:26Z
2026-09-12T18:47:40Z,2026-09-12T20:47:40+0200,0830df87-043d-4360-8c85-cb05e4853394,2026-09-06T08:30:00Z,2026-09-06T10:30:00+0200,1601.8,MW,DE,DE_LU,forecast_offshore_wind_generation,Wind Offshore,2026-09-12T18:50:26Z
2026-09-12T18:47:40Z,2026-09-12T20:47:40+0200,0830df87-043d-4360-8c85-cb05e4853394,2026-09-06T08:45:00Z,2026-09-06T10:45:00+0200,1566.54,MW,DE,DE_LU,forecast_offshore_wind_generation,Wind Offshore,2026-09-12T18:50:26Z
2026-09-12T18:47:40Z,2026-09-12T20:47:40+0200,0830df87-043d-4360-8c85-cb05e4853394,2026-09-06T09:00:00Z,2026-09-06T11:00:00+0200,1540.07,MW,DE,DE_LU,forecast_offshore_wind_generation,Wind Offshore,2026-09-12T18:50:26Z
2026-09-12T18:47:40Z,2026-09-12T20:47:40+0200,0830df87-043d-4360-8c85-cb05e4853394,2026-09-06T09:15:00Z,2026-09-06T11:15:00+0200,1543.54,MW,DE,DE_LU,forecast_offshore_wind_generation,Wind Offshore,2026-09-12T18:50:26Z
2026-09-12T18:47:40Z,2026-09-12T20:47:40+0200,0830df87-043d-4360-8c85-cb05e4853394,2026-09-06T09:30:00Z,2026-09-06T11:30:00+0200,1547.05,MW,DE,DE_LU,forecast_offshore_wind_generation,Wind Offshore,2026-09-12T18:50:26Z
2026-09-12T18:47:40Z,2026-09-12T20:47:40+0200,0830df87-043d-4360-8c85-cb05e4853394,2026-09-06T09:45:00Z,2026-09-06T11:45:00+0200,1555.69,MW,DE,DE_LU,forecast_offshore_wind_generation,Wind Offshore,2026-09-12T18:50:26Z
2026-09-12T18:47:40Z,2026-09-12T20:47:40+0200,0830df87-043d-4360-8c85-cb05e4853394,2026-09-06T10:00:00Z,2026-09-06T12:00:00+0200,1576.91,MW,DE,DE_LU,forecast_offshore_wind_generation,Wind Offshore,2026-09-12T18:50:26Z
2026-09-12T18:47:40Z,2026-09-12T20:47:40+0200,0830df87-043d-4360-8c85-cb05e4853394,2026-09-06T10:15:00Z,2026-09-06T12:15:00+0200,1617.06,MW,DE,DE_LU,forecast_offshore_wind_generation,Wind Offshore,2026-09-12T18:50:26Z
2026-09-12T18:47:40Z,2026-09-12T20:47:40+0200,0830df87-043d-4360-8c85-cb05e4853394,2026-09-06T10:30:00Z,2026-09-06T12:30:00+0200,1654.28,MW,DE,DE_LU,forecast_offshore_wind_generation,Wind Offshore,2026-09-12T18:50:26Z
2026-09-12T18:47:40Z,2026-09-12T20:47:40+0200,0830df87-043d-4360-8c85-cb05e4853394,2026-09-06T10:45:00Z,2026-09-06T12:45:00+0200,1691.57,MW,DE,DE_LU,forecast_offshore_wind_generation,Wind Offshore,2026-09-12T18:50:26Z
2026-09-12T18:47:40Z,2026-09-12T20:47:40+0200,0830df87-043d-4360-8c85-cb05e4853394,2026-09-06T11:00:00Z,2026-09-06T13:00:00+0200,1735.55,MW,DE,DE_LU,forecast_offshore_wind_generation,Wind Offshore,2026-09-12T18:50:26Z
2026-09-12T18:47:40Z,2026-09-12T20:47:40+0200,0830df87-043d-4360-8c85-cb05e4853394,2026-09-06T11:15:00Z,2026-09-06T13:15:00+0200,1802.03,MW,DE,DE_LU,forecast_offshore_wind_generation,Wind Offshore,2026-09-12T18:50:26Z
2026-09-12T18:47:40Z,2026-09-12T20:47:40+0200,0830df87-043d-4360-8c85-cb05e4853394,2026-09-06T11:30:00Z,2026-09-06T13:30:00+0200,1853.48,MW,DE,DE_LU,forecast_offshore_wind_generation,Wind Offshore,2026-09-12T18:50:26Z
2026-09-12T18:47:40Z,2026-09-12T20:47:40+0200,0830df87-043d-4360-8c85-cb05e4853394,2026-09-06T11:45:00Z,2026-09-06T13:45:00+0200,1900.22,MW,DE,DE_LU,forecast_offshore_wind_generation,Wind Offshore,2026-09-12T18:50:26Z
2026-09-12T18:47:40Z,2026-09-12T20:47:40+0200,0830df87-043d-4360-8c85-cb05e4853394,2026-09-06T12:00:00Z,2026-09-06T14:00:00+0200,1960.48,MW,DE,DE_LU,forecast_offshore_wind_generation,Wind Offshore,2026-09-12T18:50:26Z
2026-09-12T18:47:40Z,2026-09-12T20:47:40+0200,0830df87-043d-4360-8c85-cb05e4853394,2026-09-06T12:15:00Z,2026-09-06T14:15:00+0200,2012.6,MW,DE,DE_LU,forecast_offshore_wind_generation,Wind Offshore,2026-09-12T18:50:26Z
2026-09-12T18:47:40Z,2026-09-12T20:47:40+0200,0830df87-043d-4360-8c85-cb05e4853394,2026-09-06T12:30:00Z,2026-09-06T14:30:00+0200,2068.72,MW,DE,DE_LU,forecast_offshore_wind_generation,Wind Offshore,2026-09-12T18:50:26Z
2026-09-12T18:47:40Z,2026-09-12T20:47:40+0200,0830df87-043d-4360-8c85-cb05e4853394,2026-09-06T12:45:00Z,2026-09-06T14:45:00+0200,2126.13,MW,DE,DE_LU,forecast_offshore_wind_generation,Wind Offshore,2026-09-12T18:50:26Z
2026-09-12T18:47:40Z,2026-09-12T20:47:40+0200,0830df87-043d-4360-8c85-cb05e4853394,2026-09-06T13:00:00Z,2026-09-06T15:00:00+0200,2174.7,MW,DE,DE_LU,forecast_offshore_wind_generation,Wind Offshore,2026-09-12T18:50:26Z
2026-09-12T18:47:40Z,2026-09-12T20:47:40+0200,0830df87-043d-4360-8c85-cb05e4853394,2026-09-06T13:15:00Z,2026-09-06T15:15:00+0200,2204.12,MW,DE,DE_LU,forecast_offshore_wind_generation,Wind Offshore,2026-09-12T18:50:26Z
2026-09-12T18:47:40Z,2026-09-12T20:47:40+0200,0830df87-043d-4360-8c85-cb05e4853394,2026-09-06T13:30:00Z,2026-09-06T15:30:00+0200,2235.49,MW,DE,DE_LU,forecast_offshore_wind_generation,Wind Offshore,2026-09-12T18:50:26Z
2026-09-12T18:47:40Z,2026-09-12T20:47:40+0200,0830df87-043d-4360-8c85-cb05e4853394,2026-09-06T13:45:00Z,2026-09-06T15:45:00+0200,2262.17,MW,DE,DE_LU,forecast_offshore_wind_generation,Wind Offshore,2026-09-12T18:50:26Z
2026-09-12T18:47:40Z,2026-09-12T20:47:40+0200,0830df87-043d-4360-8c85-cb05e4853394,2026-09-06T14:00:00Z,2026-09-06T16:00:00+0200,2278.45,MW,DE,DE_LU,forecast_offshore_wind_generation,Wind Offshore,2026-09-12T18:50:26Z
2026-09-12T18:47:40Z,2026-09-12T20:47:40+0200,0830df87-043d-4360-8c85-cb05e4853394,2026-09-06T14:15:00Z,2026-09-06T16:15:00+0200,2260.53,MW,DE,DE_LU,forecast_offshore_wind_generation,Wind Offshore,2026-09-12T18:50:26Z
2026-09-12T18:47:40Z,2026-09-12T20:47:40+0200,0830df87-043d-4360-8c85-cb05e4853394,2026-09-06T14:30:00Z,2026-09-06T16:30:00+0200,2240.65,MW,DE,DE_LU,forecast_offshore_wind_generation,Wind Offshore,2026-09-12T18:50:26Z
2026-09-12T18:47:40Z,2026-09-12T20:47:40+0200,0830df87-043d-4360-8c85-cb05e4853394,2026-09-06T14:45:00Z,2026-09-06T16:45:00+0200,2225.59,MW,DE,DE_LU,forecast_offshore_wind_generation,Wind Offshore,2026-09-12T18:50:26Z
2026-09-12T18:47:40Z,2026-09-12T20:47:40+0200,0830df87-043d-4360-8c85-cb05e4853394,2026-09-06T15:00:00Z,2026-09-06T17:00:00+0200,2191.95,MW,DE,DE_LU,forecast_offshore_wind_generation,Wind Offshore,2026-09-12T18:50:26Z
2026-09-12T18:47:40Z,2026-09-12T20:47:40+0200,0830df87-043d-4360-8c85-cb05e4853394,2026-09-06T15:15:00Z,2026-09-06T17:15:00+0200,2135.83,MW,DE,DE_LU,forecast_offshore_wind_generation,Wind Offshore,2026-09-12T18:50:26Z
2026-09-12T18:47:40Z,2026-09-12T20:47:40+0200,0830df87-043d-4360-8c85-cb05e4853394,2026-09-06T15:30:00Z,2026-09-06T17:30:00+0200,2074.83,MW,DE,DE_LU,forecast_offshore_wind_generation,Wind Offshore,2026-09-12T18:50:26Z
2026-09-12T18:47:40Z,2026-09-12T20:47:40+0200,0830df87-043d-4360-8c85-cb05e4853394,2026-09-06T15:45:00Z,2026-09-06T17:45:00+0200,2012.86,MW,DE,DE_LU,forecast_offshore_wind_generation,Wind Offshore,2026-09-12T18:50:26Z
2026-09-12T18:47:40Z,2026-09-12T20:47:40+0200,0830df87-043d-4360-8c85-cb05e4853394,2026-09-06T16:00:00Z,2026-09-06T18:00:00+0200,1946.07,MW,DE,DE_LU,forecast_offshore_wind_generation,Wind Offshore,2026-09-12T18:50:26Z
2026-09-12T18:47:40Z,2026-09-12T20:47:40+0200,0830df87-043d-4360-8c85-cb05e4853394,2026-09-06T16:15:00Z,2026-09-06T18:15:00+0200,1905.55,MW,DE,DE_LU,forecast_offshore_wind_generation,Wind Offshore,2026-09-12T18:50:26Z
2026-09-12T18:47:40Z,2026-09-12T20:47:40+0200,0830df87-043d-4360-8c85-cb05e4853394,2026-09-06T16:30:00Z,2026-09-06T18:30:00+0200,1857.08,MW,DE,DE_LU,forecast_offshore_wind_generation,Wind Offshore,2026-09-12T18:50:26Z
2026-09-12T18:47:40Z,2026-09-12T20:47:40+0200,0830df87-043d-4360-8c85-cb05e4853394,2026-09-06T16:45:00Z,2026-09-06T18:45:00+0200,1806.15,MW,DE,DE_LU,forecast_offshore_wind_generation,Wind Offshore,2026-09-12T18:50:26Z
2026-09-12T18:47:40Z,2026-09-12T20:47:40+0200,0830df87-043d-4360-8c85-cb05e4853394,2026-09-06T17:00:00Z,2026-09-06T19:00:00+0200,1776.95,MW,DE,DE_LU,forecast_offshore_wind_generation,Wind Offshore,2026-09-12T18:50:26Z
2026-09-12T18:47:40Z,2026-09-12T20:47:40+0200,0830df87-043d-4360-8c85-cb05e4853394,2026-09-06T17:15:00Z,2026-09-06T19:15:00+0200,1814.51,MW,DE,DE_LU,forecast_offshore_wind_generation,Wind Offshore,2026-09-12T18:50:26Z
2026-09-12T18:47:40Z,2026-09-12T20:47:40+0200,0830df87-043d-4360-8c85-cb05e4853394,2026-09-06T17:30:00Z,2026-09-06T19:30:00+0200,1852.11,MW,DE,DE_LU,forecast_offshore_wind_generation,Wind Offshore,2026-09-12T18:50:26Z
2026-09-12T18:47:40Z,2026-09-12T20:47:40+0200,0830df87-043d-4360-8c85-cb05e4853394,2026-09-06T17:45:00Z,2026-09-06T19:45:00+0200,1889.68,MW,DE,DE_LU,forecast_offshore_wind_generation,Wind Offshore,2026-09-12T18:50:26Z
2026-09-12T18:47:40Z,2026-09-12T20:47:40+0200,0830df87-043d-4360-8c85-cb05e4853394,2026-09-06T18:00:00Z,2026-09-06T20:00:00+0200,1941.08,MW,DE,DE_LU,forecast_offshore_wind_generation,Wind Offshore,2026-09-12T18:50:26Z
2026-09-12T18:47:40Z,2026-09-12T20:47:40+0200,0830df87-043d-4360-8c85-cb05e4853394,2026-09-06T18:15:00Z,2026-09-06T20:15:00+0200,2033.82,MW,DE,DE_LU,forecast_offshore_wind_generation,Wind Offshore,2026-09-12T18:50:26Z
2026-09-12T18:47:40Z,2026-09-12T20:47:40+0200,0830df87-043d-4360-8c85-cb05e4853394,2026-09-06T18:30:00Z,2026-09-06T20:30:00+0200,2125.65,MW,DE,DE_LU,forecast_offshore_wind_generation,Wind Offshore,2026-09-12T18:50:26Z
2026-09-12T18:47:40Z,2026-09-12T20:47:40+0200,0830df87-043d-4360-8c85-cb05e4853394,2026-09-06T18:45:00Z,2026-09-06T20:45:00+0200,2222.77,MW,DE,DE_LU,forecast_offshore_wind_generation,Wind Offshore,2026-09-12T18:50:26Z
2026-09-12T18:47:40Z,2026-09-12T20:47:40+0200,0830df87-043d-4360-8c85-cb05e4853394,2026-09-06T19:00:00Z,2026-09-06T21:00:00+0200,2333.48,MW,DE,DE_LU,forecast_offshore_wind_generation,Wind Offshore,2026-09-12T18:50:26Z
2026-09-12T18:47:40Z,2026-09-12T20:47:40+0200,0830df87-043d-4360-8c85-cb05e4853394,2026-09-06T19:15:00Z,2026-09-06T21:15:00+0200,2479.96,MW,DE,DE_LU,forecast_offshore_wind_generation,Wind Offshore,2026-09-12T18:50:26Z
2026-09-12T18:47:40Z,2026-09-12T20:47:40+0200,0830df87-043d-4360-8c85-cb05e4853394,2026-09-06T19:30:00Z,2026-09-06T21:30:00+0200,2630.43,MW,DE,DE_LU,forecast_offshore_wind_generation,Wind Offshore,2026-09-12T18:50:26Z
2026-09-12T18:47:40Z,2026-09-12T20:47:40+0200,0830df87-043d-4360-8c85-cb05e4853394,2026-09-06T19:45:00Z,2026-09-06T21:45:00+0200,2772.89,MW,DE,DE_LU,forecast_offshore_wind_generation,Wind Offshore,2026-09-12T18:50:26Z
2026-09-12T18:47:40Z,2026-09-12T20:47:40+0200,0830df87-043d-4360-8c85-cb05e4853394,2026-09-06T20:00:00Z,2026-09-06T22:00:00+0200,2926.54,MW,DE,DE_LU,forecast_offshore_wind_generation,Wind Offshore,2026-09-12T18:50:26Z
2026-09-12T18:47:40Z,2026-09-12T20:47:40+0200,0830df87-043d-4360-8c85-cb05e4853394,2026-09-06T20:15:00Z,2026-09-06T22:15:00+0200,3074.89,MW,DE,DE_LU,forecast_offshore_wind_generation,Wind Offshore,2026-09-12T18:50:26Z
2026-09-12T18:47:40Z,2026-09-12T20:47:40+0200,0830df87-043d-4360-8c85-cb05e4853394,2026-09-06T20:30:00Z,2026-09-06T22:30:00+0200,3225.26,MW,DE,DE_LU,forecast_offshore_wind_generation,Wind Offshore,2026-09-12T18:50:26Z
2026-09-12T18:47:40Z,2026-09-12T20:47:40+0200,0830df87-043d-4360-8c85-cb05e4853394,2026-09-06T20:45:00Z,2026-09-06T22:45:00+0200,3377.79,MW,DE,DE_LU,forecast_offshore_wind_generation,Wind Offshore,2026-09-12T18:50:26Z
2026-09-12T18:47:40Z,2026-09-12T20:47:40+0200,0830df87-043d-4360-8c85-cb05e4853394,2026-09-06T21:00:00Z,2026-09-06T23:00:00+0200,3508.97,MW,DE,DE_LU,forecast_offshore_wind_generation,Wind Offshore,2026-09-12T18:50:26Z
2026-09-12T18:47:40Z,2026-09-12T20:47:40+0200,0830df87-043d-4360-8c85-cb05e4853394,2026-09-06T21:15:00Z,2026-09-06T23:15:00+0200,3602.02,MW,DE,DE_LU,forecast_offshore_wind_generation,Wind Offshore,2026-09-12T18:50:26Z
2026-09-12T18:47:40Z,2026-09-12T20:47:40+0200,0830df87-043d-4360-8c85-cb05e4853394,2026-09-06T21:30:00Z,2026-09-06T23:30:00+0200,3696.08,MW,DE,DE_LU,forecast_offshore_wind_generation,Wind Offshore,2026-09-12T18:50:26Z
2026-09-12T18:47:40Z,2026-09-12T20:47:40+0200,0830df87-043d-4360-8c85-cb05e4853394,2026-09-06T21:45:00Z,2026-09-06T23:45:00+0200,3782.94,MW,DE,DE_LU,forecast_offshore_wind_generation,Wind Offshore,2026-09-12T18:50:26Z
2026-09-12T18:47:40Z,2026-09-12T20:47:40+0200,0830df87-043d-4360-8c85-cb05e4853394,2026-09-06T22:00:00Z,2026-09-07T00:00:00+0200,4126.39,MW,DE,DE_LU,forecast_offshore_wind_generation,Wind Offshore,2026-09-12T18:50:26Z
2026-09-12T18:47:40Z,2026-09-12T20:47:40+0200,0830df87-043d-4360-8c85-cb05e4853394,2026-09-06T22:15:00Z,2026-09-07T00:15:00+0200,4087.46,MW,DE,DE_LU,forecast_offshore_wind_generation,Wind Offshore,2026-09-12T18:50:26Z
2026-09-12T18:47:40Z,2026-09-12T20:47:40+0200,0830df87-043d-4360-8c85-cb05e4853394,2026-09-06T22:30:00Z,2026-09-07T00:30:00+0200,4033.54,MW,DE,DE_LU,forecast_offshore_wind_generation,Wind Offshore,2026-09-12T18:50:26Z
2026-09-12T18:47:40Z,2026-09-12T20:47:40+0200,0830df87-043d-4360-8c85-cb05e4853394,2026-09-06T22:45:00Z,2026-09-07T00:45:00+0200,3987.88,MW,DE,DE_LU,forecast_offshore_wind_generation,Wind Offshore,2026-09-12T18:50:26Z
2026-09-12T18:47:40Z,2026-09-12T20:47:40+0200,0830df87-043d-4360-8c85-cb05e4853394,2026-09-06T23:00:00Z,2026-09-07T01:00:00+0200,3933.86,MW,DE,DE_LU,forecast_offshore_wind_generation,Wind Offshore,2026-09-12T18:50:26Z
2026-09-12T18:47:40Z,2026-09-12T20:47:40+0200,0830df87-043d-4360-8c85-cb05e4853394,2026-09-06T23:15:00Z,2026-09-07T01:15:00+0200,3877.53,MW,DE,DE_LU,forecast_offshore_wind_generation,Wind Offshore,2026-09-12T18:50:26Z
2026-09-12T18:47:40Z,2026-09-12T20:47:40+0200,0830df87-043d-4360-8c85-cb05e4853394,2026-09-06T23:30:00Z,2026-09-07T01:30:00+0200,3816.28,MW,DE,DE_LU,forecast_offshore_wind_generation,Wind Offshore,2026-09-12T18:50:26Z
2026-09-12T18:47:40Z,2026-09-12T20:47:40+0200,0830df87-043d-4360-8c85-cb05e4853394,2026-09-06T23:45:00Z,2026-09-07T01:45:00+0200,3754.2,MW,DE,DE_LU,forecast_offshore_wind_generation,Wind Offshore,2026-09-12T18:50:26Z
2026-09-12T18:47:40Z,2026-09-12T20:47:40+0200,0830df87-043d-4360-8c85-cb05e4853394,2026-09-07T00:00:00Z,2026-09-07T02:00:00+0200,3688.65,MW,DE,DE_LU,forecast_offshore_wind_generation,Wind Offshore,2026-09-12T18:50:26Z
2026-09-12T18:47:40Z,2026-09-12T20:47:40+0200,0830df87-043d-4360-8c85-cb05e4853394,2026-09-07T00:15:00Z,2026-09-07T02:15:00+0200,3620.81,MW,DE,DE_LU,forecast_offshore_wind_generation,Wind Offshore,2026-09-12T18:50:26Z
2026-09-12T18:47:40Z,2026-09-12T20:47:40+0200,0830df87-043d-4360-8c85-cb05e4853394,2026-09-07T00:30:00Z,2026-09-07T02:30:00+0200,3551.99,MW,DE,DE_LU,forecast_offshore_wind_generation,Wind Offshore,2026-09-12T18:50:26Z
2026-09-12T18:47:40Z,2026-09-12T20:47:40+0200,0830df87-043d-4360-8c85-cb05e4853394,2026-09-07T00:45:00Z,2026-09-07T02:45:00+0200,3483.12,MW,DE,DE_LU,forecast_offshore_wind_generation,Wind Offshore,2026-09-12T18:50:26Z
2026-09-12T18:47:40Z,2026-09-12T20:47:40+0200,0830df87-043d-4360-8c85-cb05e4853394,2026-09-07T01:00:00Z,2026-09-07T03:00:00+0200,3413.27,MW,DE,DE_LU,forecast_offshore_wind_generation,Wind Offshore,2026-09-12T18:50:26Z
2026-09-12T18:47:40Z,2026-09-12T20:47:40+0200,0830df87-043d-4360-8c85-cb05e4853394,2026-09-07T01:15:00Z,2026-09-07T03:15:00+0200,3372.94,MW,DE,DE_LU,forecast_offshore_wind_generation,Wind Offshore,2026-09-12T18:50:26Z
2026-09-12T18:47:40Z,2026-09-12T20:47:40+0200,0830df87-043d-4360-8c85-cb05e4853394,2026-09-07T01:30:00Z,2026-09-07T03:30:00+0200,3337.64,MW,DE,DE_LU,forecast_offshore_wind_generation,Wind Offshore,2026-09-12T18:50:26Z
2026-09-12T18:47:40Z,2026-09-12T20:47:40+0200,0830df87-043d-4360-8c85-cb05e4853394,2026-09-07T01:45:00Z,2026-09-07T03:45:00+0200,3296.32,MW,DE,DE_LU,forecast_offshore_wind_generation,Wind Offshore,2026-09-12T18:50:26Z
2026-09-12T18:47:40Z,2026-09-12T20:47:40+0200,0830df87-043d-4360-8c85-cb05e4853394,2026-09-07T02:00:00Z,2026-09-07T04:00:00+0200,3265.98,MW,DE,DE_LU,forecast_offshore_wind_generation,Wind Offshore,2026-09-12T18:50:26Z
2026-09-12T18:47:40Z,2026-09-12T20:47:40+0200,0830df87-043d-4360-8c85-cb05e4853394,2026-09-07T02:15:00Z,2026-09-07T04:15:00+0200,3248.14,MW,DE,DE_LU,forecast_offshore_wind_generation,Wind Offshore,2026-09-12T18:50:26Z
2026-09-12T18:47:40Z,2026-09-12T20:47:40+0200,0830df87-043d-4360-8c85-cb05e4853394,2026-09-07T02:30:00Z,2026-09-07T04:30:00+0200,3229.35,MW,DE,DE_LU,forecast_offshore_wind_generation,Wind Offshore,2026-09-12T18:50:26Z
2026-09-12T18:47:40Z,2026-09-12T20:47:40+0200,0830df87-043d-4360-8c85-cb05e4853394,2026-09-07T02:45:00Z,2026-09-07T04:45:00+0200,3208.67,MW,DE,DE_LU,forecast_offshore_wind_generation,Wind Offshore,2026-09-12T18:50:26Z
2026-09-12T18:47:40Z,2026-09-12T20:47:40+0200,0830df87-043d-4360-8c85-cb05e4853394,2026-09-07T03:00:00Z,2026-09-07T05:00:00+0200,3188.92,MW,DE,DE_LU,forecast_offshore_wind_generation,Wind Offshore,2026-09-12T18:50:26Z
2026-09-12T18:47:40Z,2026-09-12T20:47:40+0200,0830df87-043d-4360-8c85-cb05e4853394,2026-09-07T03:15:00Z,2026-09-07T05:15:00+0200,3183.55,MW,DE,DE_LU,forecast_offshore_wind_generation,Wind Offshore,2026-09-12T18:50:26Z
2026-09-12T18:47:40Z,2026-09-12T20:47:40+0200,0830df87-043d-4360-8c85-cb05e4853394,2026-09-07T03:30:00Z,2026-09-07T05:30:00+0200,3178.27,MW,DE,DE_LU,forecast_offshore_wind_generation,Wind Offshore,2026-09-12T18:50:26Z
2026-09-12T18:47:40Z,2026-09-12T20:47:40+0200,0830df87-043d-4360-8c85-cb05e4853394,2026-09-07T03:45:00Z,2026-09-07T05:45:00+0200,3167.14,MW,DE,DE_LU,forecast_offshore_wind_generation,Wind Offshore,2026-09-12T18:50:26Z
2026-09-12T18:47:40Z,2026-09-12T20:47:40+0200,0830df87-043d-4360-8c85-cb05e4853394,2026-09-07T04:00:00Z,2026-09-07T06:00:00+0200,3160.77,MW,DE,DE_LU,forecast_offshore_wind_generation,Wind Offshore,2026-09-12T18:50:26Z
2026-09-12T18:47:40Z,2026-09-12T20:47:40+0200,0830df87-043d-4360-8c85-cb05e4853394,2026-09-07T04:15:00Z,2026-09-07T06:15:00+0200,3151.01,MW,DE,DE_LU,forecast_offshore_wind_generation,Wind Offshore,2026-09-12T18:50:26Z
2026-09-12T18:47:40Z,2026-09-12T20:47:40+0200,0830df87-043d-4360-8c85-cb05e4853394,2026-09-07T04:30:00Z,2026-09-07T06:30:00+0200,3142.24,MW,DE,DE_LU,forecast_offshore_wind_generation,Wind Offshore,2026-09-12T18:50:26Z
2026-09-12T18:47:40Z,2026-09-12T20:47:40+0200,0830df87-043d-4360-8c85-cb05e4853394,2026-09-07T04:45:00Z,2026-09-07T06:45:00+0200,3135.29,MW,DE,DE_LU,forecast_offshore_wind_generation,Wind Offshore,2026-09-12T18:50:26Z
2026-09-12T18:47:40Z,2026-09-12T20:47:40+0200,0830df87-043d-4360-8c85-cb05e4853394,2026-09-07T05:00:00Z,2026-09-07T07:00:00+0200,3125.26,MW,DE,DE_LU,forecast_offshore_wind_generation,Wind Offshore,2026-09-12T18:50:26Z
2026-09-12T18:47:40Z,2026-09-12T20:47:40+0200,0830df87-043d-4360-8c85-cb05e4853394,2026-09-07T05:15:00Z,2026-09-07T07:15:00+0200,3145.49,MW,DE,DE_LU,forecast_offshore_wind_generation,Wind Offshore,2026-09-12T18:50:26Z
2026-09-12T18:47:40Z,2026-09-12T20:47:40+0200,0830df87-043d-4360-8c85-cb05e4853394,2026-09-07T05:30:00Z,2026-09-07T07:30:00+0200,3163.74,MW,DE,DE_LU,forecast_offshore_wind_generation,Wind Offshore,2026-09-12T18:50:26Z
2026-09-12T18:47:40Z,2026-09-12T20:47:40+0200,0830df87-043d-4360-8c85-cb05e4853394,2026-09-07T05:45:00Z,2026-09-07T07:45:00+0200,3180.19,MW,DE,DE_LU,forecast_offshore_wind_generation,Wind Offshore,2026-09-12T18:50:26Z
2026-09-12T18:47:40Z,2026-09-12T20:47:40+0200,0830df87-043d-4360-8c85-cb05e4853394,2026-09-07T06:00:00Z,2026-09-07T08:00:00+0200,3210.49,MW,DE,DE_LU,forecast_offshore_wind_generation,Wind Offshore,2026-09-12T18:50:26Z
2026-09-12T18:47:40Z,2026-09-12T20:47:40+0200,0830df87-043d-4360-8c85-cb05e4853394,2026-09-07T06:15:00Z,2026-09-07T08:15:00+0200,3250.66,MW,DE,DE_LU,forecast_offshore_wind_generation,Wind Offshore,2026-09-12T18:50:26Z
2026-09-12T18:47:40Z,2026-09-12T20:47:40+0200,0830df87-043d-4360-8c85-cb05e4853394,2026-09-07T06:30:00Z,2026-09-07T08:30:00+0200,3217.86,MW,DE,DE_LU,forecast_offshore_wind_generation,Wind Offshore,2026-09-12T18:50:26Z
2026-09-12T18:47:40Z,2026-09-12T20:47:40+0200,0830df87-043d-4360-8c85-cb05e4853394,2026-09-07T06:45:00Z,2026-09-07T08:45:00+0200,3252.31,MW,DE,DE_LU,forecast_offshore_wind_generation,Wind Offshore,2026-09-12T18:50:26Z
2026-09-12T18:47:40Z,2026-09-12T20:47:40+0200,0830df87-043d-4360-8c85-cb05e4853394,2026-09-07T07:00:00Z,2026-09-07T09:00:00+0200,3295.47,MW,DE,DE_LU,forecast_offshore_wind_generation,Wind Offshore,2026-09-12T18:50:26Z
2026-09-12T18:47:40Z,2026-09-12T20:47:40+0200,0830df87-043d-4360-8c85-cb05e4853394,2026-09-07T07:15:00Z,2026-09-07T09:15:00+0200,3369.82,MW,DE,DE_LU,forecast_offshore_wind_generation,Wind Offshore,2026-09-12T18:50:26Z
2026-09-12T18:47:40Z,2026-09-12T20:47:40+0200,0830df87-043d-4360-8c85-cb05e4853394,2026-09-07T07:30:00Z,2026-09-07T09:30:00+0200,3433.2,MW,DE,DE_LU,forecast_offshore_wind_generation,Wind Offshore,2026-09-12T18:50:26Z
2026-09-12T18:47:40Z,2026-09-12T20:47:40+0200,0830df87-043d-4360-8c85-cb05e4853394,2026-09-07T07:45:00Z,2026-09-07T09:45:00+0200,3497.54,MW,DE,DE_LU,forecast_offshore_wind_generation,Wind Offshore,2026-09-12T18:50:26Z
2026-09-12T18:47:40Z,2026-09-12T20:47:40+0200,0830df87-043d-4360-8c85-cb05e4853394,2026-09-07T08:00:00Z,2026-09-07T10:00:00+0200,3555.04,MW,DE,DE_LU,forecast_offshore_wind_generation,Wind Offshore,2026-09-12T18:50:26Z
2026-09-12T18:47:40Z,2026-09-12T20:47:40+0200,0830df87-043d-4360-8c85-cb05e4853394,2026-09-07T08:15:00Z,2026-09-07T10:15:00+0200,3594.05,MW,DE,DE_LU,forecast_offshore_wind_generation,Wind Offshore,2026-09-12T18:50:26Z
2026-09-12T18:47:40Z,2026-09-12T20:47:40+0200,0830df87-043d-4360-8c85-cb05e4853394,2026-09-07T08:30:00Z,2026-09-07T10:30:00+0200,3631.07,MW,DE,DE_LU,forecast_offshore_wind_generation,Wind Offshore,2026-09-12T18:50:26Z
2026-09-12T18:47:40Z,2026-09-12T20:47:40+0200,0830df87-043d-4360-8c85-cb05e4853394,2026-09-07T08:45:00Z,2026-09-07T10:45:00+0200,3671.17,MW,DE,DE_LU,forecast_offshore_wind_generation,Wind Offshore,2026-09-12T18:50:26Z
2026-09-12T18:47:40Z,2026-09-12T20:47:40+0200,0830df87-043d-4360-8c85-cb05e4853394,2026-09-07T09:00:00Z,2026-09-07T11:00:00+0200,3697.27,MW,DE,DE_LU,forecast_offshore_wind_generation,Wind Offshore,2026-09-12T18:50:26Z
2026-09-12T18:47:40Z,2026-09-12T20:47:40+0200,0830df87-043d-4360-8c85-cb05e4853394,2026-09-07T09:15:00Z,2026-09-07T11:15:00+0200,3701.11,MW,DE,DE_LU,forecast_offshore_wind_generation,Wind Offshore,2026-09-12T18:50:26Z
2026-09-12T18:47:40Z,2026-09-12T20:47:40+0200,0830df87-043d-4360-8c85-cb05e4853394,2026-09-07T09:30:00Z,2026-09-07T11:30:00+0200,3704.93,MW,DE,DE_LU,forecast_offshore_wind_generation,Wind Offshore,2026-09-12T18:50:26Z
2026-09-12T18:47:40Z,2026-09-12T20:47:40+0200,0830df87-043d-4360-8c85-cb05e4853394,2026-09-07T09:45:00Z,2026-09-07T11:45:00+0200,3697.66,MW,DE,DE_LU,forecast_offshore_wind_generation,Wind Offshore,2026-09-12T18:50:26Z
2026-09-12T18:47:40Z,2026-09-12T20:47:40+0200,0830df87-043d-4360-8c85-cb05e4853394,2026-09-07T10:00:00Z,2026-09-07T12:00:00+0200,3684.86,MW,DE,DE_LU,forecast_offshore_wind_generation,Wind Offshore,2026-09-12T18:50:26Z
2026-09-12T18:47:40Z,2026-09-12T20:47:40+0200,0830df87-043d-4360-8c85-cb05e4853394,2026-09-07T10:15:00Z,2026-09-07T12:15:00+0200,3625.43,MW,DE,DE_LU,forecast_offshore_wind_generation,Wind Offshore,2026-09-12T18:50:26Z
2026-09-12T18:47:40Z,2026-09-12T20:47:40+0200,0830df87-043d-4360-8c85-cb05e4853394,2026-09-07T10:30:00Z,2026-09-07T12:30:00+0200,3604.02,MW,DE,DE_LU,forecast_offshore_wind_generation,Wind Offshore,2026-09-12T18:50:26Z
2026-09-12T18:47:40Z,2026-09-12T20:47:40+0200,0830df87-043d-4360-8c85-cb05e4853394,2026-09-07T10:45:00Z,2026-09-07T12:45:00+0200,3586.89,MW,DE,DE_LU,forecast_offshore_wind_generation,Wind Offshore,2026-09-12T18:50:26Z
2026-09-12T18:47:40Z,2026-09-12T20:47:40+0200,0830df87-043d-4360-8c85-cb05e4853394,2026-09-07T11:00:00Z,2026-09-07T13:00:00+0200,3570.61,MW,DE,DE_LU,forecast_offshore_wind_generation,Wind Offshore,2026-09-12T18:50:26Z
2026-09-12T18:47:40Z,2026-09-12T20:47:40+0200,0830df87-043d-4360-8c85-cb05e4853394,2026-09-07T11:15:00Z,2026-09-07T13:15:00+0200,3528.04,MW,DE,DE_LU,forecast_offshore_wind_generation,Wind Offshore,2026-09-12T18:50:26Z
2026-09-12T18:47:40Z,2026-09-12T20:47:40+0200,0830df87-043d-4360-8c85-cb05e4853394,2026-09-07T11:30:00Z,2026-09-07T13:30:00+0200,3488.5,MW,DE,DE_LU,forecast_offshore_wind_generation,Wind Offshore,2026-09-12T18:50:26Z
2026-09-12T18:47:40Z,2026-09-12T20:47:40+0200,0830df87-043d-4360-8c85-cb05e4853394,2026-09-07T11:45:00Z,2026-09-07T13:45:00+0200,3453.22,MW,DE,DE_LU,forecast_offshore_wind_generation,Wind Offshore,2026-09-12T18:50:26Z
2026-09-12T18:47:40Z,2026-09-12T20:47:40+0200,0830df87-043d-4360-8c85-cb05e4853394,2026-09-07T12:00:00Z,2026-09-07T14:00:00+0200,3412.43,MW,DE,DE_LU,forecast_offshore_wind_generation,Wind Offshore,2026-09-12T18:50:26Z
2026-09-12T18:47:40Z,2026-09-12T20:47:40+0200,0830df87-043d-4360-8c85-cb05e4853394,2026-09-07T12:15:00Z,2026-09-07T14:15:00+0200,3383.76,MW,DE,DE_LU,forecast_offshore_wind_generation,Wind Offshore,2026-09-12T18:50:26Z
2026-09-12T18:47:40Z,2026-09-12T20:47:40+0200,0830df87-043d-4360-8c85-cb05e4853394,2026-09-07T12:30:00Z,2026-09-07T14:30:00+0200,3344.09,MW,DE,DE_LU,forecast_offshore_wind_generation,Wind Offshore,2026-09-12T18:50:26Z
2026-09-12T18:47:40Z,2026-09-12T20:47:40+0200,0830df87-043d-4360-8c85-cb05e4853394,2026-09-07T12:45:00Z,2026-09-07T14:45:00+0200,3291.28,MW,DE,DE_LU,forecast_offshore_wind_generation,Wind Offshore,2026-09-12T18:50:26Z
2026-09-12T18:47:40Z,2026-09-12T20:47:40+0200,0830df87-043d-4360-8c85-cb05e4853394,2026-09-07T13:00:00Z,2026-09-07T15:00:00+0200,3241.45,MW,DE,DE_LU,forecast_offshore_wind_generation,Wind Offshore,2026-09-12T18:50:26Z
2026-09-12T18:47:40Z,2026-09-12T20:47:40+0200,0830df87-043d-4360-8c85-cb05e4853394,2026-09-07T13:15:00Z,2026-09-07T15:15:00+0200,3242.87,MW,DE,DE_LU,forecast_offshore_wind_generation,Wind Offshore,2026-09-12T18:50:26Z
2026-09-12T18:47:40Z,2026-09-12T20:47:40+0200,0830df87-043d-4360-8c85-cb05e4853394,2026-09-07T13:30:00Z,2026-09-07T15:30:00+0200,3241.27,MW,DE,DE_LU,forecast_offshore_wind_generation,Wind Offshore,2026-09-12T18:50:26Z
2026-09-12T18:47:40Z,2026-09-12T20:47:40+0200,0830df87-043d-4360-8c85-cb05e4853394,2026-09-07T13:45:00Z,2026-09-07T15:45:00+0200,3225.7,MW,DE,DE_LU,forecast_offshore_wind_generation,Wind Offshore,2026-09-12T18:50:26Z
2026-09-12T18:47:40Z,2026-09-12T20:47:40+0200,0830df87-043d-4360-8c85-cb05e4853394,2026-09-07T14:00:00Z,2026-09-07T16:00:00+0200,3213.12,MW,DE,DE_LU,forecast_offshore_wind_generation,Wind Offshore,2026-09-12T18:50:26Z
2026-09-12T18:47:40Z,2026-09-12T20:47:40+0200,0830df87-043d-4360-8c85-cb05e4853394,2026-09-07T14:15:00Z,2026-09-07T16:15:00+0200,3241.83,MW,DE,DE_LU,forecast_offshore_wind_generation,Wind Offshore,2026-09-12T18:50:26Z
2026-09-12T18:47:40Z,2026-09-12T20:47:40+0200,0830df87-043d-4360-8c85-cb05e4853394,2026-09-07T14:30:00Z,2026-09-07T16:30:00+0200,3262.58,MW,DE,DE_LU,forecast_offshore_wind_generation,Wind Offshore,2026-09-12T18:50:26Z
2026-09-12T18:47:40Z,2026-09-12T20:47:40+0200,0830df87-043d-4360-8c85-cb05e4853394,2026-09-07T14:45:00Z,2026-09-07T16:45:00+0200,3281.34,MW,DE,DE_LU,forecast_offshore_wind_generation,Wind Offshore,2026-09-12T18:50:26Z
2026-09-12T18:47:40Z,2026-09-12T20:47:40+0200,0830df87-043d-4360-8c85-cb05e4853394,2026-09-07T15:00:00Z,2026-09-07T17:00:00+0200,3398.96,MW,DE,DE_LU,forecast_offshore_wind_generation,Wind Offshore,2026-09-12T18:50:26Z
2026-09-12T18:47:40Z,2026-09-12T20:47:40+0200,0830df87-043d-4360-8c85-cb05e4853394,2026-09-07T15:15:00Z,2026-09-07T17:15:00+0200,3558.79,MW,DE,DE_LU,forecast_offshore_wind_generation,Wind Offshore,2026-09-12T18:50:26Z
2026-09-12T18:47:40Z,2026-09-12T20:47:40+0200,0830df87-043d-4360-8c85-cb05e4853394,2026-09-07T15:30:00Z,2026-09-07T17:30:00+0200,3615.59,MW,DE,DE_LU,forecast_offshore_wind_generation,Wind Offshore,2026-09-12T18:50:26Z
2026-09-12T18:47:40Z,2026-09-12T20:47:40+0200,0830df87-043d-4360-8c85-cb05e4853394,2026-09-07T15:45:00Z,2026-09-07T17:45:00+0200,3673.27,MW,DE,DE_LU,forecast_offshore_wind_generation,Wind Offshore,2026-09-12T18:50:26Z
2026-09-12T18:47:40Z,2026-09-12T20:47:40+0200,0830df87-043d-4360-8c85-cb05e4853394,2026-09-07T16:00:00Z,2026-09-07T18:00:00+0200,3720.39,MW,DE,DE_LU,forecast_offshore_wind_generation,Wind Offshore,2026-09-12T18:50:26Z
2026-09-12T18:47:40Z,2026-09-12T20:47:40+0200,0830df87-043d-4360-8c85-cb05e4853394,2026-09-07T16:15:00Z,2026-09-07T18:15:00+0200,3716.07,MW,DE,DE_LU,forecast_offshore_wind_generation,Wind Offshore,2026-09-12T18:50:26Z
2026-09-12T18:47:40Z,2026-09-12T20:47:40+0200,0830df87-043d-4360-8c85-cb05e4853394,2026-09-07T16:30:00Z,2026-09-07T18:30:00+0200,3703.73,MW,DE,DE_LU,forecast_offshore_wind_generation,Wind Offshore,2026-09-12T18:50:26Z
2026-09-12T18:47:40Z,2026-09-12T20:47:40+0200,0830df87-043d-4360-8c85-cb05e4853394,2026-09-07T16:45:00Z,2026-09-07T18:45:00+0200,3698.89,MW,DE,DE_LU,forecast_offshore_wind_generation,Wind Offshore,2026-09-12T18:50:26Z
2026-09-12T18:47:40Z,2026-09-12T20:47:40+0200,0830df87-043d-4360-8c85-cb05e4853394,2026-09-07T17:00:00Z,2026-09-07T19:00:00+0200,3667.72,MW,DE,DE_LU,forecast_offshore_wind_generation,Wind Offshore,2026-09-12T18:50:26Z
2026-09-12T18:47:40Z,2026-09-12T20:47:40+0200,0830df87-043d-4360-8c85-cb05e4853394,2026-09-07T17:15:00Z,2026-09-07T19:15:00+0200,3637.76,MW,DE,DE_LU,forecast_offshore_wind_generation,Wind Offshore,2026-09-12T18:50:26Z
2026-09-12T18:47:40Z,2026-09-12T20:47:40+0200,0830df87-043d-4360-8c85-cb05e4853394,2026-09-07T17:30:00Z,2026-09-07T19:30:00+0200,3605.61,MW,DE,DE_LU,forecast_offshore_wind_generation,Wind Offshore,2026-09-12T18:50:26Z
2026-09-12T18:47:40Z,2026-09-12T20:47:40+0200,0830df87-043d-4360-8c85-cb05e4853394,2026-09-07T17:45:00Z,2026-09-07T19:45:00+0200,3565.31,MW,DE,DE_LU,forecast_offshore_wind_generation,Wind Offshore,2026-09-12T18:50:26Z
2026-09-12T18:47:40Z,2026-09-12T20:47:40+0200,0830df87-043d-4360-8c85-cb05e4853394,2026-09-07T18:00:00Z,2026-09-07T20:00:00+0200,3512.49,MW,DE,DE_LU,forecast_offshore_wind_generation,Wind Offshore,2026-09-12T18:50:26Z
2026-09-12T18:47:40Z,2026-09-12T20:47:40+0200,0830df87-043d-4360-8c85-cb05e4853394,2026-09-07T18:15:00Z,2026-09-07T20:15:00+0200,3446.8,MW,DE,DE_LU,forecast_offshore_wind_generation,Wind Offshore,2026-09-12T18:50:26Z
2026-09-12T18:47:40Z,2026-09-12T20:47:40+0200,0830df87-043d-4360-8c85-cb05e4853394,2026-09-07T18:30:00Z,2026-09-07T20:30:00+0200,3370.99,MW,DE,DE_LU,forecast_offshore_wind_generation,Wind Offshore,2026-09-12T18:50:26Z
2026-09-12T18:47:40Z,2026-09-12T20:47:40+0200,0830df87-043d-4360-8c85-cb05e4853394,2026-09-07T18:45:00Z,2026-09-07T20:45:00+0200,3298.61,MW,DE,DE_LU,forecast_offshore_wind_generation,Wind Offshore,2026-09-12T18:50:26Z
2026-09-12T18:47:40Z,2026-09-12T20:47:40+0200,0830df87-043d-4360-8c85-cb05e4853394,2026-09-07T19:00:00Z,2026-09-07T21:00:00+0200,3231.42,MW,DE,DE_LU,forecast_offshore_wind_generation,Wind Offshore,2026-09-12T18:50:26Z
2026-09-12T18:47:40Z,2026-09-12T20:47:40+0200,0830df87-043d-4360-8c85-cb05e4853394,2026-09-07T19:15:00Z,2026-09-07T21:15:00+0200,3165.58,MW,DE,DE_LU,forecast_offshore_wind_generation,Wind Offshore,2026-09-12T18:50:26Z
2026-09-12T18:47:40Z,2026-09-12T20:47:40+0200,0830df87-043d-4360-8c85-cb05e4853394,2026-09-07T19:30:00Z,2026-09-07T21:30:00+0200,3102.72,MW,DE,DE_LU,forecast_offshore_wind_generation,Wind Offshore,2026-09-12T18:50:26Z
2026-09-12T18:47:40Z,2026-09-12T20:47:40+0200,0830df87-043d-4360-8c85-cb05e4853394,2026-09-07T19:45:00Z,2026-09-07T21:45:00+0200,3037.04,MW,DE,DE_LU,forecast_offshore_wind_generation,Wind Offshore,2026-09-12T18:50:26Z
2026-09-12T18:47:40Z,2026-09-12T20:47:40+0200,0830df87-043d-4360-8c85-cb05e4853394,2026-09-07T20:00:00Z,2026-09-07T22:00:00+0200,2978.43,MW,DE,DE_LU,forecast_offshore_wind_generation,Wind Offshore,2026-09-12T18:50:26Z
2026-09-12T18:47:40Z,2026-09-12T20:47:40+0200,0830df87-043d-4360-8c85-cb05e4853394,2026-09-07T20:15:00Z,2026-09-07T22:15:00+0200,2921.76,MW,DE,DE_LU,forecast_offshore_wind_generation,Wind Offshore,2026-09-12T18:50:26Z
2026-09-12T18:47:40Z,2026-09-12T20:47:40+0200,0830df87-043d-4360-8c85-cb05e4853394,2026-09-07T20:30:00Z,2026-09-07T22:30:00+0200,2866.09,MW,DE,DE_LU,forecast_offshore_wind_generation,Wind Offshore,2026-09-12T18:50:26Z
2026-09-12T18:47:40Z,2026-09-12T20:47:40+0200,0830df87-043d-4360-8c85-cb05e4853394,2026-09-07T20:45:00Z,2026-09-07T22:45:00+0200,2804.38,MW,DE,DE_LU,forecast_offshore_wind_generation,Wind Offshore,2026-09-12T18:50:26Z
2026-09-12T18:47:40Z,2026-09-12T20:47:40+0200,0830df87-043d-4360-8c85-cb05e4853394,2026-09-07T21:00:00Z,2026-09-07T23:00:00+0200,2746.8,MW,DE,DE_LU,forecast_offshore_wind_generation,Wind Offshore,2026-09-12T18:50:26Z
2026-09-12T18:47:40Z,2026-09-12T20:47:40+0200,0830df87-043d-4360-8c85-cb05e4853394,2026-09-07T21:15:00Z,2026-09-07T23:15:00+0200,2710.95,MW,DE,DE_LU,forecast_offshore_wind_generation,Wind Offshore,2026-09-12T18:50:26Z
2026-09-12T18:47:40Z,2026-09-12T20:47:40+0200,0830df87-043d-4360-8c85-cb05e4853394,2026-09-07T21:30:00Z,2026-09-07T23:30:00+0200,2673.1,MW,DE,DE_LU,forecast_offshore_wind_generation,Wind Offshore,2026-09-12T18:50:26Z
2026-09-12T18:47:40Z,2026-09-12T20:47:40+0200,0830df87-043d-4360-8c85-cb05e4853394,2026-09-07T21:45:00Z,2026-09-07T23:45:00+0200,2638.97,MW,DE,DE_LU,forecast_offshore_wind_generation,Wind Offshore,2026-09-12T18:50:26Z
2026-09-12T18:47:40Z,2026-09-12T20:47:40+0200,0830df87-043d-4360-8c85-cb05e4853394,2026-09-07T22:00:00Z,2026-09-08T00:00:00+0200,2558.96,MW,DE,DE_LU,forecast_offshore_wind_generation,Wind Offshore,2026-09-12T18:50:26Z
2026-09-12T18:47:40Z,2026-09-12T20:47:40+0200,0830df87-043d-4360-8c85-cb05e4853394,2026-09-07T22:15:00Z,2026-09-08T00:15:00+0200,2543.18,MW,DE,DE_LU,forecast_offshore_wind_generation,Wind Offshore,2026-09-12T18:50:26Z
2026-09-12T18:47:40Z,2026-09-12T20:47:40+0200,0830df87-043d-4360-8c85-cb05e4853394,2026-09-07T22:30:00Z,2026-09-08T00:30:00+0200,2532.4,MW,DE,DE_LU,forecast_offshore_wind_generation,Wind Offshore,2026-09-12T18:50:26Z
2026-09-12T18:47:40Z,2026-09-12T20:47:40+0200,0830df87-043d-4360-8c85-cb05e4853394,2026-09-07T22:45:00Z,2026-09-08T00:45:00+0200,2517.56,MW,DE,DE_LU,forecast_offshore_wind_generation,Wind Offshore,2026-09-12T18:50:26Z
2026-09-12T18:47:40Z,2026-09-12T20:47:40+0200,0830df87-043d-4360-8c85-cb05e4853394,2026-09-07T23:00:00Z,2026-09-08T01:00:00+0200,2512.06,MW,DE,DE_LU,forecast_offshore_wind_generation,Wind Offshore,2026-09-12T18:50:26Z
2026-09-12T18:47:40Z,2026-09-12T20:47:40+0200,0830df87-043d-4360-8c85-cb05e4853394,2026-09-07T23:15:00Z,2026-09-08T01:15:00+0200,2551.35,MW,DE,DE_LU,forecast_offshore_wind_generation,Wind Offshore,2026-09-12T18:50:26Z
2026-09-12T18:47:40Z,2026-09-12T20:47:40+0200,0830df87-043d-4360-8c85-cb05e4853394,2026-09-07T23:30:00Z,2026-09-08T01:30:00+0200,2583.67,MW,DE,DE_LU,forecast_offshore_wind_generation,Wind Offshore,2026-09-12T18:50:26Z
2026-09-12T18:47:40Z,2026-09-12T20:47:40+0200,0830df87-043d-4360-8c85-cb05e4853394,2026-09-07T23:45:00Z,2026-09-08T01:45:00+0200,2612.24,MW,DE,DE_LU,forecast_offshore_wind_generation,Wind Offshore,2026-09-12T18:50:26Z
2026-09-12T18:47:40Z,2026-09-12T20:47:40+0200,0830df87-043d-4360-8c85-cb05e4853394,2026-09-08T00:00:00Z,2026-09-08T02:00:00+0200,2637.39,MW,DE,DE_LU,forecast_offshore_wind_generation,Wind Offshore,2026-09-12T18:50:26Z
2026-09-12T18:47:40Z,2026-09-12T20:47:40+0200,0830df87-043d-4360-8c85-cb05e4853394,2026-09-08T00:15:00Z,2026-09-08T02:15:00+0200,2643.64,MW,DE,DE_LU,forecast_offshore_wind_generation,Wind Offshore,2026-09-12T18:50:26Z
2026-09-12T18:47:40Z,2026-09-12T20:47:40+0200,0830df87-043d-4360-8c85-cb05e4853394,2026-09-08T00:30:00Z,2026-09-08T02:30:00+0200,2658.93,MW,DE,DE_LU,forecast_offshore_wind_generation,Wind Offshore,2026-09-12T18:50:26Z
2026-09-12T18:47:40Z,2026-09-12T20:47:40+0200,0830df87-043d-4360-8c85-cb05e4853394,2026-09-08T00:45:00Z,2026-09-08T02:45:00+0200,2669.02,MW,DE,DE_LU,forecast_offshore_wind_generation,Wind Offshore,2026-09-12T18:50:26Z
2026-09-12T18:47:40Z,2026-09-12T20:47:40+0200,0830df87-043d-4360-8c85-cb05e4853394,2026-09-08T01:00:00Z,2026-09-08T03:00:00+0200,2669.38,MW,DE,DE_LU,forecast_offshore_wind_generation,Wind Offshore,2026-09-12T18:50:26Z
2026-09-12T18:47:40Z,2026-09-12T20:47:40+0200,0830df87-043d-4360-8c85-cb05e4853394,2026-09-08T01:15:00Z,2026-09-08T03:15:00+0200,2667.59,MW,DE,DE_LU,forecast_offshore_wind_generation,Wind Offshore,2026-09-12T18:50:26Z
2026-09-12T18:47:40Z,2026-09-12T20:47:40+0200,0830df87-043d-4360-8c85-cb05e4853394,2026-09-08T01:30:00Z,2026-09-08T03:30:00+0200,2668.79,MW,DE,DE_LU,forecast_offshore_wind_generation,Wind Offshore,2026-09-12T18:50:26Z
2026-09-12T18:47:40Z,2026-09-12T20:47:40+0200,0830df87-043d-4360-8c85-cb05e4853394,2026-09-08T01:45:00Z,2026-09-08T03:45:00+0200,2655.77,MW,DE,DE_LU,forecast_offshore_wind_generation,Wind Offshore,2026-09-12T18:50:26Z
2026-09-12T18:47:40Z,2026-09-12T20:47:40+0200,0830df87-043d-4360-8c85-cb05e4853394,2026-09-08T02:00:00Z,2026-09-08T04:00:00+0200,2653.08,MW,DE,DE_LU,forecast_offshore_wind_generation,Wind Offshore,2026-09-12T18:50:26Z
2026-09-12T18:47:40Z,2026-09-12T20:47:40+0200,0830df87-043d-4360-8c85-cb05e4853394,2026-09-08T02:15:00Z,2026-09-08T04:15:00+0200,2668.39,MW,DE,DE_LU,forecast_offshore_wind_generation,Wind Offshore,2026-09-12T18:50:26Z
2026-09-12T18:47:40Z,2026-09-12T20:47:40+0200,0830df87-043d-4360-8c85-cb05e4853394,2026-09-08T02:30:00Z,2026-09-08T04:30:00+0200,2679.7,MW,DE,DE_LU,forecast_offshore_wind_generation,Wind Offshore,2026-09-12T18:50:26Z
2026-09-12T18:47:40Z,2026-09-12T20:47:40+0200,0830df87-043d-4360-8c85-cb05e4853394,2026-09-08T02:45:00Z,2026-09-08T04:45:00+0200,2684.27,MW,DE,DE_LU,forecast_offshore_wind_generation,Wind Offshore,2026-09-12T18:50:26Z
2026-09-12T18:47:40Z,2026-09-12T20:47:40+0200,0830df87-043d-4360-8c85-cb05e4853394,2026-09-08T03:00:00Z,2026-09-08T05:00:00+0200,2683.46,MW,DE,DE_LU,forecast_offshore_wind_generation,Wind Offshore,2026-09-12T18:50:26Z
2026-09-12T18:47:40Z,2026-09-12T20:47:40+0200,0830df87-043d-4360-8c85-cb05e4853394,2026-09-08T03:15:00Z,2026-09-08T05:15:00+0200,2668.89,MW,DE,DE_LU,forecast_offshore_wind_generation,Wind Offshore,2026-09-12T18:50:26Z
2026-09-12T18:47:40Z,2026-09-12T20:47:40+0200,0830df87-043d-4360-8c85-cb05e4853394,2026-09-08T03:30:00Z,2026-09-08T05:30:00+0200,2647.95,MW,DE,DE_LU,forecast_offshore_wind_generation,Wind Offshore,2026-09-12T18:50:26Z
2026-09-12T18:47:40Z,2026-09-12T20:47:40+0200,0830df87-043d-4360-8c85-cb05e4853394,2026-09-08T03:45:00Z,2026-09-08T05:45:00+0200,2622.65,MW,DE,DE_LU,forecast_offshore_wind_generation,Wind Offshore,2026-09-12T18:50:26Z
2026-09-12T18:47:40Z,2026-09-12T20:47:40+0200,0830df87-043d-4360-8c85-cb05e4853394,2026-09-08T04:00:00Z,2026-09-08T06:00:00+0200,2600.9,MW,DE,DE_LU,forecast_offshore_wind_generation,Wind Offshore,2026-09-12T18:50:26Z
2026-09-12T18:47:40Z,2026-09-12T20:47:40+0200,0830df87-043d-4360-8c85-cb05e4853394,2026-09-08T04:15:00Z,2026-09-08T06:15:00+0200,2637.02,MW,DE,DE_LU,forecast_offshore_wind_generation,Wind Offshore,2026-09-12T18:50:26Z
2026-09-12T18:47:40Z,2026-09-12T20:47:40+0200,0830df87-043d-4360-8c85-cb05e4853394,2026-09-08T04:30:00Z,2026-09-08T06:30:00+0200,2672.24,MW,DE,DE_LU,forecast_offshore_wind_generation,Wind Offshore,2026-09-12T18:50:26Z
2026-09-12T18:47:40Z,2026-09-12T20:47:40+0200,0830df87-043d-4360-8c85-cb05e4853394,2026-09-08T04:45:00Z,2026-09-08T06:45:00+0200,2698.67,MW,DE,DE_LU,forecast_offshore_wind_generation,Wind Offshore,2026-09-12T18:50:26Z
2026-09-12T18:47:40Z,2026-09-12T20:47:40+0200,0830df87-043d-4360-8c85-cb05e4853394,2026-09-08T05:00:00Z,2026-09-08T07:00:00+0200,2729.04,MW,DE,DE_LU,forecast_offshore_wind_generation,Wind Offshore,2026-09-12T18:50:26Z
2026-09-12T18:47:40Z,2026-09-12T20:47:40+0200,0830df87-043d-4360-8c85-cb05e4853394,2026-09-08T05:15:00Z,2026-09-08T07:15:00+0200,2808.08,MW,DE,DE_LU,forecast_offshore_wind_generation,Wind Offshore,2026-09-12T18:50:26Z
2026-09-12T18:47:40Z,2026-09-12T20:47:40+0200,0830df87-043d-4360-8c85-cb05e4853394,2026-09-08T05:30:00Z,2026-09-08T07:30:00+0200,2883.13,MW,DE,DE_LU,forecast_offshore_wind_generation,Wind Offshore,2026-09-12T18:50:26Z
2026-09-12T18:47:40Z,2026-09-12T20:47:40+0200,0830df87-043d-4360-8c85-cb05e4853394,2026-09-08T05:45:00Z,2026-09-08T07:45:00+0200,2949.24,MW,DE,DE_LU,forecast_offshore_wind_generation,Wind Offshore,2026-09-12T18:50:26Z
2026-09-12T18:47:40Z,2026-09-12T20:47:40+0200,0830df87-043d-4360-8c85-cb05e4853394,2026-09-08T06:00:00Z,2026-09-08T08:00:00+0200,3025.16,MW,DE,DE_LU,forecast_offshore_wind_generation,Wind Offshore,2026-09-12T18:50:26Z
2026-09-12T18:47:40Z,2026-09-12T20:47:40+0200,0830df87-043d-4360-8c85-cb05e4853394,2026-09-08T06:15:00Z,2026-09-08T08:15:00+0200,3162.34,MW,DE,DE_LU,forecast_offshore_wind_generation,Wind Offshore,2026-09-12T18:50:26Z
2026-09-12T18:47:40Z,2026-09-12T20:47:40+0200,0830df87-043d-4360-8c85-cb05e4853394,2026-09-08T06:30:00Z,2026-09-08T08:30:00+0200,3219.54,MW,DE,DE_LU,forecast_offshore_wind_generation,Wind Offshore,2026-09-12T18:50:26Z
2026-09-12T18:47:40Z,2026-09-12T20:47:40+0200,0830df87-043d-4360-8c85-cb05e4853394,2026-09-08T06:45:00Z,2026-09-08T08:45:00+0200,3353.9,MW,DE,DE_LU,forecast_offshore_wind_generation,Wind Offshore,2026-09-12T18:50:26Z
2026-09-12T18:47:40Z,2026-09-12T20:47:40+0200,0830df87-043d-4360-8c85-cb05e4853394,2026-09-08T07:00:00Z,2026-09-08T09:00:00+0200,3496.46,MW,DE,DE_LU,forecast_offshore_wind_generation,Wind Offshore,2026-09-12T18:50:26Z
2026-09-12T18:47:40Z,2026-09-12T20:47:40+0200,0830df87-043d-4360-8c85-cb05e4853394,2026-09-08T07:15:00Z,2026-09-08T09:15:00+0200,3645.12,MW,DE,DE_LU,forecast_offshore_wind_generation,Wind Offshore,2026-09-12T18:50:26Z
2026-09-12T18:47:40Z,2026-09-12T20:47:40+0200,0830df87-043d-4360-8c85-cb05e4853394,2026-09-08T07:30:00Z,2026-09-08T09:30:00+0200,3836.8,MW,DE,DE_LU,forecast_offshore_wind_generation,Wind Offshore,2026-09-12T18:50:26Z
2026-09-12T18:47:40Z,2026-09-12T20:47:40+0200,0830df87-043d-4360-8c85-cb05e4853394,2026-09-08T07:45:00Z,2026-09-08T09:45:00+0200,4034.5,MW,DE,DE_LU,forecast_offshore_wind_generation,Wind Offshore,2026-09-12T18:50:26Z
2026-09-12T18:47:40Z,2026-09-12T20:47:40+0200,0830df87-043d-4360-8c85-cb05e4853394,2026-09-08T08:00:00Z,2026-09-08T10:00:00+0200,4210.06,MW,DE,DE_LU,forecast_offshore_wind_generation,Wind Offshore,2026-09-12T18:50:26Z
2026-09-12T18:47:40Z,2026-09-12T20:47:40+0200,0830df87-043d-4360-8c85-cb05e4853394,2026-09-08T08:15:00Z,2026-09-08T10:15:00+0200,4335.66,MW,DE,DE_LU,forecast_offshore_wind_generation,Wind Offshore,2026-09-12T18:50:26Z
2026-09-12T18:47:40Z,2026-09-12T20:47:40+0200,0830df87-043d-4360-8c85-cb05e4853394,2026-09-08T08:30:00Z,2026-09-08T10:30:00+0200,4453.27,MW,DE,DE_LU,forecast_offshore_wind_generation,Wind Offshore,2026-09-12T18:50:26Z
2026-09-12T18:47:40Z,2026-09-12T20:47:40+0200,0830df87-043d-4360-8c85-cb05e4853394,2026-09-08T08:45:00Z,2026-09-08T10:45:00+0200,4569.92,MW,DE,DE_LU,forecast_offshore_wind_generation,Wind Offshore,2026-09-12T18:50:26Z
2026-09-12T18:47:40Z,2026-09-12T20:47:40+0200,0830df87-043d-4360-8c85-cb05e4853394,2026-09-08T09:00:00Z,2026-09-08T11:00:00+0200,4705.69,MW,DE,DE_LU,forecast_offshore_wind_generation,Wind Offshore,2026-09-12T18:50:26Z
2026-09-12T18:47:40Z,2026-09-12T20:47:40+0200,0830df87-043d-4360-8c85-cb05e4853394,2026-09-08T09:15:00Z,2026-09-08T11:15:00+0200,4795.11,MW,DE,DE_LU,forecast_offshore_wind_generation,Wind Offshore,2026-09-12T18:50:26Z
2026-09-12T18:47:40Z,2026-09-12T20:47:40+0200,0830df87-043d-4360-8c85-cb05e4853394,2026-09-08T09:30:00Z,2026-09-08T11:30:00+0200,4874.55,MW,DE,DE_LU,forecast_offshore_wind_generation,Wind Offshore,2026-09-12T18:50:26Z
2026-09-12T18:47:40Z,2026-09-12T20:47:40+0200,0830df87-043d-4360-8c85-cb05e4853394,2026-09-08T09:45:00Z,2026-09-08T11:45:00+0200,4953.09,MW,DE,DE_LU,forecast_offshore_wind_generation,Wind Offshore,2026-09-12T18:50:26Z
2026-09-12T18:47:40Z,2026-09-12T20:47:40+0200,0830df87-043d-4360-8c85-cb05e4853394,2026-09-08T10:00:00Z,2026-09-08T12:00:00+0200,5028.49,MW,DE,DE_LU,forecast_offshore_wind_generation,Wind Offshore,2026-09-12T18:50:26Z
2026-09-12T18:47:40Z,2026-09-12T20:47:40+0200,0830df87-043d-4360-8c85-cb05e4853394,2026-09-08T10:15:00Z,2026-09-08T12:15:00+0200,5088.31,MW,DE,DE_LU,forecast_offshore_wind_generation,Wind Offshore,2026-09-12T18:50:26Z
2026-09-12T18:47:40Z,2026-09-12T20:47:40+0200,0830df87-043d-4360-8c85-cb05e4853394,2026-09-08T10:30:00Z,2026-09-08T12:30:00+0200,5153.12,MW,DE,DE_LU,forecast_offshore_wind_generation,Wind Offshore,2026-09-12T18:50:26Z
2026-09-12T18:47:40Z,2026-09-12T20:47:40+0200,0830df87-043d-4360-8c85-cb05e4853394,2026-09-08T10:45:00Z,2026-09-08T12:45:00+0200,5213.15,MW,DE,DE_LU,forecast_offshore_wind_generation,Wind Offshore,2026-09-12T18:50:26Z
2026-09-12T18:47:40Z,2026-09-12T20:47:40+0200,0830df87-043d-4360-8c85-cb05e4853394,2026-09-08T11:00:00Z,2026-09-08T13:00:00+0200,5265.5,MW,DE,DE_LU,forecast_offshore_wind_generation,Wind Offshore,2026-09-12T18:50:26Z
2026-09-12T18:47:40Z,2026-09-12T20:47:40+0200,0830df87-043d-4360-8c85-cb05e4853394,2026-09-08T11:15:00Z,2026-09-08T13:15:00+0200,5266.08,MW,DE,DE_LU,forecast_offshore_wind_generation,Wind Offshore,2026-09-12T18:50:26Z
2026-09-12T18:47:40Z,2026-09-12T20:47:40+0200,0830df87-043d-4360-8c85-cb05e4853394,2026-09-08T11:30:00Z,2026-09-08T13:30:00+0200,5263.7,MW,DE,DE_LU,forecast_offshore_wind_generation,Wind Offshore,2026-09-12T18:50:26Z
2026-09-12T18:47:40Z,2026-09-12T20:47:40+0200,0830df87-043d-4360-8c85-cb05e4853394,2026-09-08T11:45:00Z,2026-09-08T13:45:00+0200,5255.94,MW,DE,DE_LU,forecast_offshore_wind_generation,Wind Offshore,2026-09-12T18:50:26Z
2026-09-12T18:47:40Z,2026-09-12T20:47:40+0200,0830df87-043d-4360-8c85-cb05e4853394,2026-09-08T12:00:00Z,2026-09-08T14:00:00+0200,5239.19,MW,DE,DE_LU,forecast_offshore_wind_generation,Wind Offshore,2026-09-12T18:50:26Z
2026-09-12T18:47:40Z,2026-09-12T20:47:40+0200,0830df87-043d-4360-8c85-cb05e4853394,2026-09-08T12:15:00Z,2026-09-08T14:15:00+0200,5253.13,MW,DE,DE_LU,forecast_offshore_wind_generation,Wind Offshore,2026-09-12T18:50:26Z
2026-09-12T18:47:40Z,2026-09-12T20:47:40+0200,0830df87-043d-4360-8c85-cb05e4853394,2026-09-08T12:30:00Z,2026-09-08T14:30:00+0200,5261.11,MW,DE,DE_LU,forecast_offshore_wind_generation,Wind Offshore,2026-09-12T18:50:26Z
2026-09-12T18:47:40Z,2026-09-12T20:47:40+0200,0830df87-043d-4360-8c85-cb05e4853394,2026-09-08T12:45:00Z,2026-09-08T14:45:00+0200,5264.33,MW,DE,DE_LU,forecast_offshore_wind_generation,Wind Offshore,2026-09-12T18:50:26Z
2026-09-12T18:47:40Z,2026-09-12T20:47:40+0200,0830df87-043d-4360-8c85-cb05e4853394,2026-09-08T13:00:00Z,2026-09-08T15:00:00+0200,5257.84,MW,DE,DE_LU,forecast_offshore_wind_generation,Wind Offshore,2026-09-12T18:50:26Z
2026-09-12T18:47:40Z,2026-09-12T20:47:40+0200,0830df87-043d-4360-8c85-cb05e4853394,2026-09-08T13:15:00Z,2026-09-08T15:15:00+0200,5216.35,MW,DE,DE_LU,forecast_offshore_wind_generation,Wind Offshore,2026-09-12T18:50:26Z
2026-09-12T18:47:40Z,2026-09-12T20:47:40+0200,0830df87-043d-4360-8c85-cb05e4853394,2026-09-08T13:30:00Z,2026-09-08T15:30:00+0200,5201.98,MW,DE,DE_LU,forecast_offshore_wind_generation,Wind Offshore,2026-09-12T18:50:26Z
2026-09-12T18:47:40Z,2026-09-12T20:47:40+0200,0830df87-043d-4360-8c85-cb05e4853394,2026-09-08T13:45:00Z,2026-09-08T15:45:00+0200,5134.64,MW,DE,DE_LU,forecast_offshore_wind_generation,Wind Offshore,2026-09-12T18:50:26Z
2026-09-12T18:47:40Z,2026-09-12T20:47:40+0200,0830df87-043d-4360-8c85-cb05e4853394,2026-09-08T14:00:00Z,2026-09-08T16:00:00+0200,5057.54,MW,DE,DE_LU,forecast_offshore_wind_generation,Wind Offshore,2026-09-12T18:50:26Z
2026-09-12T18:47:40Z,2026-09-12T20:47:40+0200,0830df87-043d-4360-8c85-cb05e4853394,2026-09-08T14:15:00Z,2026-09-08T16:15:00+0200,4946.71,MW,DE,DE_LU,forecast_offshore_wind_generation,Wind Offshore,2026-09-12T18:50:26Z
2026-09-12T18:47:40Z,2026-09-12T20:47:40+0200,0830df87-043d-4360-8c85-cb05e4853394,2026-09-08T14:30:00Z,2026-09-08T16:30:00+0200,4830.39,MW,DE,DE_LU,forecast_offshore_wind_generation,Wind Offshore,2026-09-12T18:50:26Z
2026-09-12T18:47:40Z,2026-09-12T20:47:40+0200,0830df87-043d-4360-8c85-cb05e4853394,2026-09-08T14:45:00Z,2026-09-08T16:45:00+0200,4714.89,MW,DE,DE_LU,forecast_offshore_wind_generation,Wind Offshore,2026-09-12T18:50:26Z
2026-09-12T18:47:40Z,2026-09-12T20:47:40+0200,0830df87-043d-4360-8c85-cb05e4853394,2026-09-08T15:00:00Z,2026-09-08T17:00:00+0200,4775.75,MW,DE,DE_LU,forecast_offshore_wind_generation,Wind Offshore,2026-09-12T18:50:26Z
2026-09-12T18:47:40Z,2026-09-12T20:47:40+0200,0830df87-043d-4360-8c85-cb05e4853394,2026-09-08T15:15:00Z,2026-09-08T17:15:00+0200,4621.85,MW,DE,DE_LU,forecast_offshore_wind_generation,Wind Offshore,2026-09-12T18:50:26Z
2026-09-12T18:47:40Z,2026-09-12T20:47:40+0200,0830df87-043d-4360-8c85-cb05e4853394,2026-09-08T15:30:00Z,2026-09-08T17:30:00+0200,4466.95,MW,DE,DE_LU,forecast_offshore_wind_generation,Wind Offshore,2026-09-12T18:50:26Z
2026-09-12T18:47:40Z,2026-09-12T20:47:40+0200,0830df87-043d-4360-8c85-cb05e4853394,2026-09-08T15:45:00Z,2026-09-08T17:45:00+0200,4320.17,MW,DE,DE_LU,forecast_offshore_wind_generation,Wind Offshore,2026-09-12T18:50:26Z
2026-09-12T18:47:40Z,2026-09-12T20:47:40+0200,0830df87-043d-4360-8c85-cb05e4853394,2026-09-08T16:00:00Z,2026-09-08T18:00:00+0200,4162.87,MW,DE,DE_LU,forecast_offshore_wind_generation,Wind Offshore,2026-09-12T18:50:26Z
2026-09-12T18:47:40Z,2026-09-12T20:47:40+0200,0830df87-043d-4360-8c85-cb05e4853394,2026-09-08T16:15:00Z,2026-09-08T18:15:00+0200,4015.76,MW,DE,DE_LU,forecast_offshore_wind_generation,Wind Offshore,2026-09-12T18:50:26Z
2026-09-12T18:47:40Z,2026-09-12T20:47:40+0200,0830df87-043d-4360-8c85-cb05e4853394,2026-09-08T16:30:00Z,2026-09-08T18:30:00+0200,3867.75,MW,DE,DE_LU,forecast_offshore_wind_generation,Wind Offshore,2026-09-12T18:50:26Z
2026-09-12T18:47:40Z,2026-09-12T20:47:40+0200,0830df87-043d-4360-8c85-cb05e4853394,2026-09-08T16:45:00Z,2026-09-08T18:45:00+0200,3718.35,MW,DE,DE_LU,forecast_offshore_wind_generation,Wind Offshore,2026-09-12T18:50:26Z
2026-09-12T18:47:40Z,2026-09-12T20:47:40+0200,0830df87-043d-4360-8c85-cb05e4853394,2026-09-08T17:00:00Z,2026-09-08T19:00:00+0200,3565.57,MW,DE,DE_LU,forecast_offshore_wind_generation,Wind Offshore,2026-09-12T18:50:26Z
2026-09-12T18:47:40Z,2026-09-12T20:47:40+0200,0830df87-043d-4360-8c85-cb05e4853394,2026-09-08T17:15:00Z,2026-09-08T19:15:00+0200,3421.66,MW,DE,DE_LU,forecast_offshore_wind_generation,Wind Offshore,2026-09-12T18:50:26Z
2026-09-12T18:47:40Z,2026-09-12T20:47:40+0200,0830df87-043d-4360-8c85-cb05e4853394,2026-09-08T17:30:00Z,2026-09-08T19:30:00+0200,3281.82,MW,DE,DE_LU,forecast_offshore_wind_generation,Wind Offshore,2026-09-12T18:50:26Z
2026-09-12T18:47:40Z,2026-09-12T20:47:40+0200,0830df87-043d-4360-8c85-cb05e4853394,2026-09-08T17:45:00Z,2026-09-08T19:45:00+0200,3128.54,MW,DE,DE_LU,forecast_offshore_wind_generation,Wind Offshore,2026-09-12T18:50:26Z
2026-09-12T18:47:40Z,2026-09-12T20:47:40+0200,0830df87-043d-4360-8c85-cb05e4853394,2026-09-08T18:00:00Z,2026-09-08T20:00:00+0200,2980.64,MW,DE,DE_LU,forecast_offshore_wind_generation,Wind Offshore,2026-09-12T18:50:26Z
2026-09-12T18:47:40Z,2026-09-12T20:47:40+0200,0830df87-043d-4360-8c85-cb05e4853394,2026-09-08T18:15:00Z,2026-09-08T20:15:00+0200,2859.56,MW,DE,DE_LU,forecast_offshore_wind_generation,Wind Offshore,2026-09-12T18:50:26Z
2026-09-12T18:47:40Z,2026-09-12T20:47:40+0200,0830df87-043d-4360-8c85-cb05e4853394,2026-09-08T18:30:00Z,2026-09-08T20:30:00+0200,2743.46,MW,DE,DE_LU,forecast_offshore_wind_generation,Wind Offshore,2026-09-12T18:50:26Z
2026-09-12T18:47:40Z,2026-09-12T20:47:40+0200,0830df87-043d-4360-8c85-cb05e4853394,2026-09-08T18:45:00Z,2026-09-08T20:45:00+0200,2625.48,MW,DE,DE_LU,forecast_offshore_wind_generation,Wind Offshore,2026-09-12T18:50:26Z
2026-09-12T18:47:40Z,2026-09-12T20:47:40+0200,0830df87-043d-4360-8c85-cb05e4853394,2026-09-08T19:00:00Z,2026-09-08T21:00:00+0200,2508.74,MW,DE,DE_LU,forecast_offshore_wind_generation,Wind Offshore,2026-09-12T18:50:26Z
2026-09-12T18:47:40Z,2026-09-12T20:47:40+0200,0830df87-043d-4360-8c85-cb05e4853394,2026-09-08T19:15:00Z,2026-09-08T21:15:00+0200,2470.37,MW,DE,DE_LU,forecast_offshore_wind_generation,Wind Offshore,2026-09-12T18:50:26Z
2026-09-12T18:47:40Z,2026-09-12T20:47:40+0200,0830df87-043d-4360-8c85-cb05e4853394,2026-09-08T19:30:00Z,2026-09-08T21:30:00+0200,2424.99,MW,DE,DE_LU,forecast_offshore_wind_generation,Wind Offshore,2026-09-12T18:50:26Z
2026-09-12T18:47:40Z,2026-09-12T20:47:40+0200,0830df87-043d-4360-8c85-cb05e4853394,2026-09-08T19:45:00Z,2026-09-08T21:45:00+0200,2391.67,MW,DE,DE_LU,forecast_offshore_wind_generation,Wind Offshore,2026-09-12T18:50:26Z
2026-09-12T18:47:40Z,2026-09-12T20:47:40+0200,0830df87-043d-4360-8c85-cb05e4853394,2026-09-08T20:00:00Z,2026-09-08T22:00:00+0200,2380.49,MW,DE,DE_LU,forecast_offshore_wind_generation,Wind Offshore,2026-09-12T18:50:26Z
2026-09-12T18:47:40Z,2026-09-12T20:47:40+0200,0830df87-043d-4360-8c85-cb05e4853394,2026-09-08T20:15:00Z,2026-09-08T22:15:00+0200,2412.39,MW,DE,DE_LU,forecast_offshore_wind_generation,Wind Offshore,2026-09-12T18:50:26Z
2026-09-12T18:47:40Z,2026-09-12T20:47:40+0200,0830df87-043d-4360-8c85-cb05e4853394,2026-09-08T20:30:00Z,2026-09-08T22:30:00+0200,2446.28,MW,DE,DE_LU,forecast_offshore_wind_generation,Wind Offshore,2026-09-12T18:50:26Z
2026-09-12T18:47:40Z,2026-09-12T20:47:40+0200,0830df87-043d-4360-8c85-cb05e4853394,2026-09-08T20:45:00Z,2026-09-08T22:45:00+0200,2483.11,MW,DE,DE_LU,forecast_offshore_wind_generation,Wind Offshore,2026-09-12T18:50:26Z
2026-09-12T18:47:40Z,2026-09-12T20:47:40+0200,0830df87-043d-4360-8c85-cb05e4853394,2026-09-08T21:00:00Z,2026-09-08T23:00:00+0200,2524.78,MW,DE,DE_LU,forecast_offshore_wind_generation,Wind Offshore,2026-09-12T18:50:26Z
2026-09-12T18:47:40Z,2026-09-12T20:47:40+0200,0830df87-043d-4360-8c85-cb05e4853394,2026-09-08T21:15:00Z,2026-09-08T23:15:00+0200,2555.63,MW,DE,DE_LU,forecast_offshore_wind_generation,Wind Offshore,2026-09-12T18:50:26Z
2026-09-12T18:47:40Z,2026-09-12T20:47:40+0200,0830df87-043d-4360-8c85-cb05e4853394,2026-09-08T21:30:00Z,2026-09-08T23:30:00+0200,2587.51,MW,DE,DE_LU,forecast_offshore_wind_generation,Wind Offshore,2026-09-12T18:50:26Z
2026-09-12T18:47:40Z,2026-09-12T20:47:40+0200,0830df87-043d-4360-8c85-cb05e4853394,2026-09-08T21:45:00Z,2026-09-08T23:45:00+0200,2615.45,MW,DE,DE_LU,forecast_offshore_wind_generation,Wind Offshore,2026-09-12T18:50:26Z
2026-09-12T18:47:40Z,2026-09-12T20:47:40+0200,0830df87-043d-4360-8c85-cb05e4853394,2026-09-08T22:00:00Z,2026-09-09T00:00:00+0200,1478.41,MW,DE,DE_LU,forecast_offshore_wind_generation,Wind Offshore,2026-09-12T18:50:26Z
2026-09-12T18:47:40Z,2026-09-12T20:47:40+0200,0830df87-043d-4360-8c85-cb05e4853394,2026-09-08T22:15:00Z,2026-09-09T00:15:00+0200,1549.02,MW,DE,DE_LU,forecast_offshore_wind_generation,Wind Offshore,2026-09-12T18:50:26Z
2026-09-12T18:47:40Z,2026-09-12T20:47:40+0200,0830df87-043d-4360-8c85-cb05e4853394,2026-09-08T22:30:00Z,2026-09-09T00:30:00+0200,1621.88,MW,DE,DE_LU,forecast_offshore_wind_generation,Wind Offshore,2026-09-12T18:50:26Z
2026-09-12T18:47:40Z,2026-09-12T20:47:40+0200,0830df87-043d-4360-8c85-cb05e4853394,2026-09-08T22:45:00Z,2026-09-09T00:45:00+0200,1687.76,MW,DE,DE_LU,forecast_offshore_wind_generation,Wind Offshore,2026-09-12T18:50:26Z
2026-09-12T18:47:40Z,2026-09-12T20:47:40+0200,0830df87-043d-4360-8c85-cb05e4853394,2026-09-08T23:00:00Z,2026-09-09T01:00:00+0200,1764.14,MW,DE,DE_LU,forecast_offshore_wind_generation,Wind Offshore,2026-09-12T18:50:26Z
2026-09-12T18:47:40Z,2026-09-12T20:47:40+0200,0830df87-043d-4360-8c85-cb05e4853394,2026-09-08T23:15:00Z,2026-09-09T01:15:00+0200,1874.58,MW,DE,DE_LU,forecast_offshore_wind_generation,Wind Offshore,2026-09-12T18:50:26Z
2026-09-12T18:47:40Z,2026-09-12T20:47:40+0200,0830df87-043d-4360-8c85-cb05e4853394,2026-09-08T23:30:00Z,2026-09-09T01:30:00+0200,1973.01,MW,DE,DE_LU,forecast_offshore_wind_generation,Wind Offshore,2026-09-12T18:50:26Z
2026-09-12T18:47:40Z,2026-09-12T20:47:40+0200,0830df87-043d-4360-8c85-cb05e4853394,2026-09-08T23:45:00Z,2026-09-09T01:45:00+0200,2064.02,MW,DE,DE_LU,forecast_offshore_wind_generation,Wind Offshore,2026-09-12T18:50:26Z
2026-09-12T18:47:40Z,2026-09-12T20:47:40+0200,0830df87-043d-4360-8c85-cb05e4853394,2026-09-09T00:00:00Z,2026-09-09T02:00:00+0200,2141.48,MW,DE,DE_LU,forecast_offshore_wind_generation,Wind Offshore,2026-09-12T18:50:26Z
2026-09-12T18:47:40Z,2026-09-12T20:47:40+0200,0830df87-043d-4360-8c85-cb05e4853394,2026-09-09T00:15:00Z,2026-09-09T02:15:00+0200,2268.91,MW,DE,DE_LU,forecast_offshore_wind_generation,Wind Offshore,2026-09-12T18:50:26Z
2026-09-12T18:47:40Z,2026-09-12T20:47:40+0200,0830df87-043d-4360-8c85-cb05e4853394,2026-09-09T00:30:00Z,2026-09-09T02:30:00+0200,2397.27,MW,DE,DE_LU,forecast_offshore_wind_generation,Wind Offshore,2026-09-12T18:50:26Z
2026-09-12T18:47:40Z,2026-09-12T20:47:40+0200,0830df87-043d-4360-8c85-cb05e4853394,2026-09-09T00:45:00Z,2026-09-09T02:45:00+0200,2525.64,MW,DE,DE_LU,forecast_offshore_wind_generation,Wind Offshore,2026-09-12T18:50:26Z
2026-09-12T18:47:40Z,2026-09-12T20:47:40+0200,0830df87-043d-4360-8c85-cb05e4853394,2026-09-09T01:00:00Z,2026-09-09T03:00:00+0200,2650.25,MW,DE,DE_LU,forecast_offshore_wind_generation,Wind Offshore,2026-09-12T18:50:26Z
2026-09-12T18:47:40Z,2026-09-12T20:47:40+0200,0830df87-043d-4360-8c85-cb05e4853394,2026-09-09T01:15:00Z,2026-09-09T03:15:00+0200,2756.95,MW,DE,DE_LU,forecast_offshore_wind_generation,Wind Offshore,2026-09-12T18:50:26Z
2026-09-12T18:47:40Z,2026-09-12T20:47:40+0200,0830df87-043d-4360-8c85-cb05e4853394,2026-09-09T01:30:00Z,2026-09-09T03:30:00+0200,2863.71,MW,DE,DE_LU,forecast_offshore_wind_generation,Wind Offshore,2026-09-12T18:50:26Z
2026-09-12T18:47:40Z,2026-09-12T20:47:40+0200,0830df87-043d-4360-8c85-cb05e4853394,2026-09-09T01:45:00Z,2026-09-09T03:45:00+0200,2958.83,MW,DE,DE_LU,forecast_offshore_wind_generation,Wind Offshore,2026-09-12T18:50:26Z
2026-09-12T18:47:40Z,2026-09-12T20:47:40+0200,0830df87-043d-4360-8c85-cb05e4853394,2026-09-09T02:00:00Z,2026-09-09T04:00:00+0200,3062.09,MW,DE,DE_LU,forecast_offshore_wind_generation,Wind Offshore,2026-09-12T18:50:26Z
2026-09-12T18:47:40Z,2026-09-12T20:47:40+0200,0830df87-043d-4360-8c85-cb05e4853394,2026-09-09T02:15:00Z,2026-09-09T04:15:00+0200,3181.54,MW,DE,DE_LU,forecast_offshore_wind_generation,Wind Offshore,2026-09-12T18:50:26Z
2026-09-12T18:47:40Z,2026-09-12T20:47:40+0200,0830df87-043d-4360-8c85-cb05e4853394,2026-09-09T02:30:00Z,2026-09-09T04:30:00+0200,3298.98,MW,DE,DE_LU,forecast_offshore_wind_generation,Wind Offshore,2026-09-12T18:50:26Z
2026-09-12T18:47:40Z,2026-09-12T20:47:40+0200,0830df87-043d-4360-8c85-cb05e4853394,2026-09-09T02:45:00Z,2026-09-09T04:45:00+0200,3420.71,MW,DE,DE_LU,forecast_offshore_wind_generation,Wind Offshore,2026-09-12T18:50:26Z
2026-09-12T18:47:40Z,2026-09-12T20:47:40+0200,0830df87-043d-4360-8c85-cb05e4853394,2026-09-09T03:00:00Z,2026-09-09T05:00:00+0200,3528.5,MW,DE,DE_LU,forecast_offshore_wind_generation,Wind Offshore,2026-09-12T18:50:26Z
2026-09-12T18:47:40Z,2026-09-12T20:47:40+0200,0830df87-043d-4360-8c85-cb05e4853394,2026-09-09T03:15:00Z,2026-09-09T05:15:00+0200,3630.12,MW,DE,DE_LU,forecast_offshore_wind_generation,Wind Offshore,2026-09-12T18:50:26Z
2026-09-12T18:47:40Z,2026-09-12T20:47:40+0200,0830df87-043d-4360-8c85-cb05e4853394,2026-09-09T03:30:00Z,2026-09-09T05:30:00+0200,3723.75,MW,DE,DE_LU,forecast_offshore_wind_generation,Wind Offshore,2026-09-12T18:50:26Z
2026-09-12T18:47:40Z,2026-09-12T20:47:40+0200,0830df87-043d-4360-8c85-cb05e4853394,2026-09-09T03:45:00Z,2026-09-09T05:45:00+0200,3809.8,MW,DE,DE_LU,forecast_offshore_wind_generation,Wind Offshore,2026-09-12T18:50:26Z
2026-09-12T18:47:40Z,2026-09-12T20:47:40+0200,0830df87-043d-4360-8c85-cb05e4853394,2026-09-09T04:00:00Z,2026-09-09T06:00:00+0200,3887.04,MW,DE,DE_LU,forecast_offshore_wind_generation,Wind Offshore,2026-09-12T18:50:26Z
2026-09-12T18:47:40Z,2026-09-12T20:47:40+0200,0830df87-043d-4360-8c85-cb05e4853394,2026-09-09T04:15:00Z,2026-09-09T06:15:00+0200,3911.17,MW,DE,DE_LU,forecast_offshore_wind_generation,Wind Offshore,2026-09-12T18:50:26Z
2026-09-12T18:47:40Z,2026-09-12T20:47:40+0200,0830df87-043d-4360-8c85-cb05e4853394,2026-09-09T04:30:00Z,2026-09-09T06:30:00+0200,3938.39,MW,DE,DE_LU,forecast_offshore_wind_generation,Wind Offshore,2026-09-12T18:50:26Z
2026-09-12T18:47:40Z,2026-09-12T20:47:40+0200,0830df87-043d-4360-8c85-cb05e4853394,2026-09-09T04:45:00Z,2026-09-09T06:45:00+0200,3962.73,MW,DE,DE_LU,forecast_offshore_wind_generation,Wind Offshore,2026-09-12T18:50:26Z
2026-09-12T18:47:40Z,2026-09-12T20:47:40+0200,0830df87-043d-4360-8c85-cb05e4853394,2026-09-09T05:00:00Z,2026-09-09T07:00:00+0200,3973.5,MW,DE,DE_LU,forecast_offshore_wind_generation,Wind Offshore,2026-09-12T18:50:26Z
2026-09-12T18:47:40Z,2026-09-12T20:47:40+0200,0830df87-043d-4360-8c85-cb05e4853394,2026-09-09T05:15:00Z,2026-09-09T07:15:00+0200,3940.93,MW,DE,DE_LU,forecast_offshore_wind_generation,Wind Offshore,2026-09-12T18:50:26Z
2026-09-12T18:47:40Z,2026-09-12T20:47:40+0200,0830df87-043d-4360-8c85-cb05e4853394,2026-09-09T05:30:00Z,2026-09-09T07:30:00+0200,3911.38,MW,DE,DE_LU,forecast_offshore_wind_generation,Wind Offshore,2026-09-12T18:50:26Z
2026-09-12T18:47:40Z,2026-09-12T20:47:40+0200,0830df87-043d-4360-8c85-cb05e4853394,2026-09-09T05:45:00Z,2026-09-09T07:45:00+0200,3873.33,MW,DE,DE_LU,forecast_offshore_wind_generation,Wind Offshore,2026-09-12T18:50:26Z
2026-09-12T18:47:40Z,2026-09-12T20:47:40+0200,0830df87-043d-4360-8c85-cb05e4853394,2026-09-09T06:00:00Z,2026-09-09T08:00:00+0200,3819.11,MW,DE,DE_LU,forecast_offshore_wind_generation,Wind Offshore,2026-09-12T18:50:26Z
2026-09-12T18:47:40Z,2026-09-12T20:47:40+0200,0830df87-043d-4360-8c85-cb05e4853394,2026-09-09T06:15:00Z,2026-09-09T08:15:00+0200,3715.98,MW,DE,DE_LU,forecast_offshore_wind_generation,Wind Offshore,2026-09-12T18:50:26Z
2026-09-12T18:47:40Z,2026-09-12T20:47:40+0200,0830df87-043d-4360-8c85-cb05e4853394,2026-09-09T06:30:00Z,2026-09-09T08:30:00+0200,3607.88,MW,DE,DE_LU,forecast_offshore_wind_generation,Wind Offshore,2026-09-12T18:50:26Z
2026-09-12T18:47:40Z,2026-09-12T20:47:40+0200,0830df87-043d-4360-8c85-cb05e4853394,2026-09-09T06:45:00Z,2026-09-09T08:45:00+0200,3502.83,MW,DE,DE_LU,forecast_offshore_wind_generation,Wind Offshore,2026-09-12T18:50:26Z
2026-09-12T18:47:40Z,2026-09-12T20:47:40+0200,0830df87-043d-4360-8c85-cb05e4853394,2026-09-09T07:00:00Z,2026-09-09T09:00:00+0200,2941.88,MW,DE,DE_LU,forecast_offshore_wind_generation,Wind Offshore,2026-09-12T18:50:26Z
2026-09-12T18:47:40Z,2026-09-12T20:47:40+0200,0830df87-043d-4360-8c85-cb05e4853394,2026-09-09T07:15:00Z,2026-09-09T09:15:00+0200,2833.73,MW,DE,DE_LU,forecast_offshore_wind_generation,Wind Offshore,2026-09-12T18:50:26Z
2026-09-12T18:47:40Z,2026-09-12T20:47:40+0200,0830df87-043d-4360-8c85-cb05e4853394,2026-09-09T07:30:00Z,2026-09-09T09:30:00+0200,2693.63,MW,DE,DE_LU,forecast_offshore_wind_generation,Wind Offshore,2026-09-12T18:50:26Z
2026-09-12T18:47:40Z,2026-09-12T20:47:40+0200,0830df87-043d-4360-8c85-cb05e4853394,2026-09-09T07:45:00Z,2026-09-09T09:45:00+0200,2596.23,MW,DE,DE_LU,forecast_offshore_wind_generation,Wind Offshore,2026-09-12T18:50:26Z
2026-09-12T18:47:40Z,2026-09-12T20:47:40+0200,0830df87-043d-4360-8c85-cb05e4853394,2026-09-09T08:00:00Z,2026-09-09T10:00:00+0200,2500.29,MW,DE,DE_LU,forecast_offshore_wind_generation,Wind Offshore,2026-09-12T18:50:26Z
2026-09-12T18:47:40Z,2026-09-12T20:47:40+0200,0830df87-043d-4360-8c85-cb05e4853394,2026-09-09T08:15:00Z,2026-09-09T10:15:00+0200,2380.89,MW,DE,DE_LU,forecast_offshore_wind_generation,Wind Offshore,2026-09-12T18:50:26Z
2026-09-12T18:47:40Z,2026-09-12T20:47:40+0200,0830df87-043d-4360-8c85-cb05e4853394,2026-09-09T08:30:00Z,2026-09-09T10:30:00+0200,2260.52,MW,DE,DE_LU,forecast_offshore_wind_generation,Wind Offshore,2026-09-12T18:50:26Z
2026-09-12T18:47:40Z,2026-09-12T20:47:40+0200,0830df87-043d-4360-8c85-cb05e4853394,2026-09-09T08:45:00Z,2026-09-09T10:45:00+0200,2144.36,MW,DE,DE_LU,forecast_offshore_wind_generation,Wind Offshore,2026-09-12T18:50:26Z
2026-09-12T18:47:40Z,2026-09-12T20:47:40+0200,0830df87-043d-4360-8c85-cb05e4853394,2026-09-09T09:00:00Z,2026-09-09T11:00:00+0200,2041.44,MW,DE,DE_LU,forecast_offshore_wind_generation,Wind Offshore,2026-09-12T18:50:26Z
2026-09-12T18:47:40Z,2026-09-12T20:47:40+0200,0830df87-043d-4360-8c85-cb05e4853394,2026-09-09T09:15:00Z,2026-09-09T11:15:00+0200,1969.08,MW,DE,DE_LU,forecast_offshore_wind_generation,Wind Offshore,2026-09-12T18:50:26Z
2026-09-12T18:47:40Z,2026-09-12T20:47:40+0200,0830df87-043d-4360-8c85-cb05e4853394,2026-09-09T09:30:00Z,2026-09-09T11:30:00+0200,1884.74,MW,DE,DE_LU,forecast_offshore_wind_generation,Wind Offshore,2026-09-12T18:50:26Z
2026-09-12T18:47:40Z,2026-09-12T20:47:40+0200,0830df87-043d-4360-8c85-cb05e4853394,2026-09-09T09:45:00Z,2026-09-09T11:45:00+0200,1779.27,MW,DE,DE_LU,forecast_offshore_wind_generation,Wind Offshore,2026-09-12T18:50:26Z
2026-09-12T18:47:40Z,2026-09-12T20:47:40+0200,0830df87-043d-4360-8c85-cb05e4853394,2026-09-09T10:00:00Z,2026-09-09T12:00:00+0200,1673.61,MW,DE,DE_LU,forecast_offshore_wind_generation,Wind Offshore,2026-09-12T18:50:26Z
2026-09-12T18:47:40Z,2026-09-12T20:47:40+0200,0830df87-043d-4360-8c85-cb05e4853394,2026-09-09T10:15:00Z,2026-09-09T12:15:00+0200,1676.56,MW,DE,DE_LU,forecast_offshore_wind_generation,Wind Offshore,2026-09-12T18:50:26Z
2026-09-12T18:47:40Z,2026-09-12T20:47:40+0200,0830df87-043d-4360-8c85-cb05e4853394,2026-09-09T10:30:00Z,2026-09-09T12:30:00+0200,1692.6,MW,DE,DE_LU,forecast_offshore_wind_generation,Wind Offshore,2026-09-12T18:50:26Z
2026-09-12T18:47:40Z,2026-09-12T20:47:40+0200,0830df87-043d-4360-8c85-cb05e4853394,2026-09-09T10:45:00Z,2026-09-09T12:45:00+0200,1711.83,MW,DE,DE_LU,forecast_offshore_wind_generation,Wind Offshore,2026-09-12T18:50:26Z
2026-09-12T18:47:40Z,2026-09-12T20:47:40+0200,0830df87-043d-4360-8c85-cb05e4853394,2026-09-09T11:00:00Z,2026-09-09T13:00:00+0200,1751.68,MW,DE,DE_LU,forecast_offshore_wind_generation,Wind Offshore,2026-09-12T18:50:26Z
2026-09-12T18:47:40Z,2026-09-12T20:47:40+0200,0830df87-043d-4360-8c85-cb05e4853394,2026-09-09T11:15:00Z,2026-09-09T13:15:00+0200,1860.62,MW,DE,DE_LU,forecast_offshore_wind_generation,Wind Offshore,2026-09-12T18:50:26Z
2026-09-12T18:47:40Z,2026-09-12T20:47:40+0200,0830df87-043d-4360-8c85-cb05e4853394,2026-09-09T11:30:00Z,2026-09-09T13:30:00+0200,1971.63,MW,DE,DE_LU,forecast_offshore_wind_generation,Wind Offshore,2026-09-12T18:50:26Z
2026-09-12T18:47:40Z,2026-09-12T20:47:40+0200,0830df87-043d-4360-8c85-cb05e4853394,2026-09-09T11:45:00Z,2026-09-09T13:45:00+0200,2094.63,MW,DE,DE_LU,forecast_offshore_wind_generation,Wind Offshore,2026-09-12T18:50:26Z
2026-09-12T18:47:40Z,2026-09-12T20:47:40+0200,0830df87-043d-4360-8c85-cb05e4853394,2026-09-09T12:00:00Z,2026-09-09T14:00:00+0200,2231.23,MW,DE,DE_LU,forecast_offshore_wind_generation,Wind Offshore,2026-09-12T18:50:26Z
2026-09-12T18:47:40Z,2026-09-12T20:47:40+0200,0830df87-043d-4360-8c85-cb05e4853394,2026-09-09T12:15:00Z,2026-09-09T14:15:00+0200,2398.64,MW,DE,DE_LU,forecast_offshore_wind_generation,Wind Offshore,2026-09-12T18:50:26Z
2026-09-12T18:47:40Z,2026-09-12T20:47:40+0200,0830df87-043d-4360-8c85-cb05e4853394,2026-09-09T12:30:00Z,2026-09-09T14:30:00+0200,2571.16,MW,DE,DE_LU,forecast_offshore_wind_generation,Wind Offshore,2026-09-12T18:50:26Z
2026-09-12T18:47:40Z,2026-09-12T20:47:40+0200,0830df87-043d-4360-8c85-cb05e4853394,2026-09-09T12:45:00Z,2026-09-09T14:45:00+0200,2745.78,MW,DE,DE_LU,forecast_offshore_wind_generation,Wind Offshore,2026-09-12T18:50:26Z
2026-09-12T18:47:40Z,2026-09-12T20:47:40+0200,0830df87-043d-4360-8c85-cb05e4853394,2026-09-09T13:00:00Z,2026-09-09T15:00:00+0200,3092.41,MW,DE,DE_LU,forecast_offshore_wind_generation,Wind Offshore,2026-09-12T18:50:26Z
2026-09-12T18:47:40Z,2026-09-12T20:47:40+0200,0830df87-043d-4360-8c85-cb05e4853394,2026-09-09T13:15:00Z,2026-09-09T15:15:00+0200,3303.34,MW,DE,DE_LU,forecast_offshore_wind_generation,Wind Offshore,2026-09-12T18:50:26Z
2026-09-12T18:47:40Z,2026-09-12T20:47:40+0200,0830df87-043d-4360-8c85-cb05e4853394,2026-09-09T13:30:00Z,2026-09-09T15:30:00+0200,3512.33,MW,DE,DE_LU,forecast_offshore_wind_generation,Wind Offshore,2026-09-12T18:50:26Z
2026-09-12T18:47:40Z,2026-09-12T20:47:40+0200,0830df87-043d-4360-8c85-cb05e4853394,2026-09-09T13:45:00Z,2026-09-09T15:45:00+0200,3721.45,MW,DE,DE_LU,forecast_offshore_wind_generation,Wind Offshore,2026-09-12T18:50:26Z
2026-09-12T18:47:40Z,2026-09-12T20:47:40+0200,0830df87-043d-4360-8c85-cb05e4853394,2026-09-09T14:00:00Z,2026-09-09T16:00:00+0200,3931.04,MW,DE,DE_LU,forecast_offshore_wind_generation,Wind Offshore,2026-09-12T18:50:26Z
2026-09-12T18:47:40Z,2026-09-12T20:47:40+0200,0830df87-043d-4360-8c85-cb05e4853394,2026-09-09T14:15:00Z,2026-09-09T16:15:00+0200,4150.41,MW,DE,DE_LU,forecast_offshore_wind_generation,Wind Offshore,2026-09-12T18:50:26Z
2026-09-12T18:47:40Z,2026-09-12T20:47:40+0200,0830df87-043d-4360-8c85-cb05e4853394,2026-09-09T14:30:00Z,2026-09-09T16:30:00+0200,4361.02,MW,DE,DE_LU,forecast_offshore_wind_generation,Wind Offshore,2026-09-12T18:50:26Z
2026-09-12T18:47:40Z,2026-09-12T20:47:40+0200,0830df87-043d-4360-8c85-cb05e4853394,2026-09-09T14:45:00Z,2026-09-09T16:45:00+0200,4573.36,MW,DE,DE_LU,forecast_offshore_wind_generation,Wind Offshore,2026-09-12T18:50:26Z
2026-09-12T18:47:40Z,2026-09-12T20:47:40+0200,0830df87-043d-4360-8c85-cb05e4853394,2026-09-09T15:00:00Z,2026-09-09T17:00:00+0200,4779.62,MW,DE,DE_LU,forecast_offshore_wind_generation,Wind Offshore,2026-09-12T18:50:26Z
2026-09-12T18:47:40Z,2026-09-12T20:47:40+0200,0830df87-043d-4360-8c85-cb05e4853394,2026-09-09T15:15:00Z,2026-09-09T17:15:00+0200,4933.45,MW,DE,DE_LU,forecast_offshore_wind_generation,Wind Offshore,2026-09-12T18:50:26Z
2026-09-12T18:47:40Z,2026-09-12T20:47:40+0200,0830df87-043d-4360-8c85-cb05e4853394,2026-09-09T15:30:00Z,2026-09-09T17:30:00+0200,5121.39,MW,DE,DE_LU,forecast_offshore_wind_generation,Wind Offshore,2026-09-12T18:50:26Z
2026-09-12T18:47:40Z,2026-09-12T20:47:40+0200,0830df87-043d-4360-8c85-cb05e4853394,2026-09-09T15:45:00Z,2026-09-09T17:45:00+0200,5277.48,MW,DE,DE_LU,forecast_offshore_wind_generation,Wind Offshore,2026-09-12T18:50:26Z
2026-09-12T18:47:40Z,2026-09-12T20:47:40+0200,0830df87-043d-4360-8c85-cb05e4853394,2026-09-09T16:00:00Z,2026-09-09T18:00:00+0200,5418.47,MW,DE,DE_LU,forecast_offshore_wind_generation,Wind Offshore,2026-09-12T18:50:26Z
2026-09-12T18:47:40Z,2026-09-12T20:47:40+0200,0830df87-043d-4360-8c85-cb05e4853394,2026-09-09T16:15:00Z,2026-09-09T18:15:00+0200,5509.7,MW,DE,DE_LU,forecast_offshore_wind_generation,Wind Offshore,2026-09-12T18:50:26Z
2026-09-12T18:47:40Z,2026-09-12T20:47:40+0200,0830df87-043d-4360-8c85-cb05e4853394,2026-09-09T16:30:00Z,2026-09-09T18:30:00+0200,5600.11,MW,DE,DE_LU,forecast_offshore_wind_generation,Wind Offshore,2026-09-12T18:50:26Z
2026-09-12T18:47:40Z,2026-09-12T20:47:40+0200,0830df87-043d-4360-8c85-cb05e4853394,2026-09-09T16:45:00Z,2026-09-09T18:45:00+0200,5694.4,MW,DE,DE_LU,forecast_offshore_wind_generation,Wind Offshore,2026-09-12T18:50:26Z
2026-09-12T18:47:40Z,2026-09-12T20:47:40+0200,0830df87-043d-4360-8c85-cb05e4853394,2026-09-09T17:00:00Z,2026-09-09T19:00:00+0200,5728.98,MW,DE,DE_LU,forecast_offshore_wind_generation,Wind Offshore,2026-09-12T18:50:26Z
2026-09-12T18:47:40Z,2026-09-12T20:47:40+0200,0830df87-043d-4360-8c85-cb05e4853394,2026-09-09T17:15:00Z,2026-09-09T19:15:00+0200,5728.55,MW,DE,DE_LU,forecast_offshore_wind_generation,Wind Offshore,2026-09-12T18:50:26Z
2026-09-12T18:47:40Z,2026-09-12T20:47:40+0200,0830df87-043d-4360-8c85-cb05e4853394,2026-09-09T17:30:00Z,2026-09-09T19:30:00+0200,5729.18,MW,DE,DE_LU,forecast_offshore_wind_generation,Wind Offshore,2026-09-12T18:50:26Z
2026-09-12T18:47:40Z,2026-09-12T20:47:40+0200,0830df87-043d-4360-8c85-cb05e4853394,2026-09-09T17:45:00Z,2026-09-09T19:45:00+0200,5724.75,MW,DE,DE_LU,forecast_offshore_wind_generation,Wind Offshore,2026-09-12T18:50:26Z
2026-09-12T18:47:40Z,2026-09-12T20:47:40+0200,0830df87-043d-4360-8c85-cb05e4853394,2026-09-09T18:00:00Z,2026-09-09T20:00:00+0200,5715.51,MW,DE,DE_LU,forecast_offshore_wind_generation,Wind Offshore,2026-09-12T18:50:26Z
2026-09-12T18:47:40Z,2026-09-12T20:47:40+0200,0830df87-043d-4360-8c85-cb05e4853394,2026-09-09T18:15:00Z,2026-09-09T20:15:00+0200,5689.34,MW,DE,DE_LU,forecast_offshore_wind_generation,Wind Offshore,2026-09-12T18:50:26Z
2026-09-12T18:47:40Z,2026-09-12T20:47:40+0200,0830df87-043d-4360-8c85-cb05e4853394,2026-09-09T18:30:00Z,2026-09-09T20:30:00+0200,5669.16,MW,DE,DE_LU,forecast_offshore_wind_generation,Wind Offshore,2026-09-12T18:50:26Z
2026-09-12T18:47:40Z,2026-09-12T20:47:40+0200,0830df87-043d-4360-8c85-cb05e4853394,2026-09-09T18:45:00Z,2026-09-09T20:45:00+0200,5636.82,MW,DE,DE_LU,forecast_offshore_wind_generation,Wind Offshore,2026-09-12T18:50:26Z
2026-09-12T18:47:40Z,2026-09-12T20:47:40+0200,0830df87-043d-4360-8c85-cb05e4853394,2026-09-09T19:00:00Z,2026-09-09T21:00:00+0200,5605.74,MW,DE,DE_LU,forecast_offshore_wind_generation,Wind Offshore,2026-09-12T18:50:26Z
2026-09-12T18:47:40Z,2026-09-12T20:47:40+0200,0830df87-043d-4360-8c85-cb05e4853394,2026-09-09T19:15:00Z,2026-09-09T21:15:00+0200,5548.89,MW,DE,DE_LU,forecast_offshore_wind_generation,Wind Offshore,2026-09-12T18:50:26Z
2026-09-12T18:47:40Z,2026-09-12T20:47:40+0200,0830df87-043d-4360-8c85-cb05e4853394,2026-09-09T19:30:00Z,2026-09-09T21:30:00+0200,5487.05,MW,DE,DE_LU,forecast_offshore_wind_generation,Wind Offshore,2026-09-12T18:50:26Z
2026-09-12T18:47:40Z,2026-09-12T20:47:40+0200,0830df87-043d-4360-8c85-cb05e4853394,2026-09-09T19:45:00Z,2026-09-09T21:45:00+0200,5432.6,MW,DE,DE_LU,forecast_offshore_wind_generation,Wind Offshore,2026-09-12T18:50:26Z
2026-09-12T18:47:40Z,2026-09-12T20:47:40+0200,0830df87-043d-4360-8c85-cb05e4853394,2026-09-09T20:00:00Z,2026-09-09T22:00:00+0200,5384.24,MW,DE,DE_LU,forecast_offshore_wind_generation,Wind Offshore,2026-09-12T18:50:26Z
2026-09-12T18:47:40Z,2026-09-12T20:47:40+0200,0830df87-043d-4360-8c85-cb05e4853394,2026-09-09T20:15:00Z,2026-09-09T22:15:00+0200,5314.88,MW,DE,DE_LU,forecast_offshore_wind_generation,Wind Offshore,2026-09-12T18:50:26Z
2026-09-12T18:47:40Z,2026-09-12T20:47:40+0200,0830df87-043d-4360-8c85-cb05e4853394,2026-09-09T20:30:00Z,2026-09-09T22:30:00+0200,5250.53,MW,DE,DE_LU,forecast_offshore_wind_generation,Wind Offshore,2026-09-12T18:50:26Z
2026-09-12T18:47:40Z,2026-09-12T20:47:40+0200,0830df87-043d-4360-8c85-cb05e4853394,2026-09-09T20:45:00Z,2026-09-09T22:45:00+0200,5187.47,MW,DE,DE_LU,forecast_offshore_wind_generation,Wind Offshore,2026-09-12T18:50:26Z
2026-09-12T18:47:40Z,2026-09-12T20:47:40+0200,0830df87-043d-4360-8c85-cb05e4853394,2026-09-09T21:00:00Z,2026-09-09T23:00:00+0200,5123.09,MW,DE,DE_LU,forecast_offshore_wind_generation,Wind Offshore,2026-09-12T18:50:26Z
2026-09-12T18:47:40Z,2026-09-12T20:47:40+0200,0830df87-043d-4360-8c85-cb05e4853394,2026-09-09T21:15:00Z,2026-09-09T23:15:00+0200,5026.76,MW,DE,DE_LU,forecast_offshore_wind_generation,Wind Offshore,2026-09-12T18:50:26Z
2026-09-12T18:47:40Z,2026-09-12T20:47:40+0200,0830df87-043d-4360-8c85-cb05e4853394,2026-09-09T21:30:00Z,2026-09-09T23:30:00+0200,4928.46,MW,DE,DE_LU,forecast_offshore_wind_generation,Wind Offshore,2026-09-12T18:50:26Z
2026-09-12T18:47:40Z,2026-09-12T20:47:40+0200,0830df87-043d-4360-8c85-cb05e4853394,2026-09-09T21:45:00Z,2026-09-09T23:45:00+0200,4823.36,MW,DE,DE_LU,forecast_offshore_wind_generation,Wind Offshore,2026-09-12T18:50:26Z
2026-09-12T18:47:40Z,2026-09-12T20:47:40+0200,0830df87-043d-4360-8c85-cb05e4853394,2026-09-09T22:00:00Z,2026-09-10T00:00:00+0200,4864.9,MW,DE,DE_LU,forecast_offshore_wind_generation,Wind Offshore,2026-09-12T18:50:26Z
2026-09-12T18:47:40Z,2026-09-12T20:47:40+0200,0830df87-043d-4360-8c85-cb05e4853394,2026-09-09T22:15:00Z,2026-09-10T00:15:00+0200,4837.0,MW,DE,DE_LU,forecast_offshore_wind_generation,Wind Offshore,2026-09-12T18:50:26Z
2026-09-12T18:47:40Z,2026-09-12T20:47:40+0200,0830df87-043d-4360-8c85-cb05e4853394,2026-09-09T22:30:00Z,2026-09-10T00:30:00+0200,4803.97,MW,DE,DE_LU,forecast_offshore_wind_generation,Wind Offshore,2026-09-12T18:50:26Z
2026-09-12T18:47:40Z,2026-09-12T20:47:40+0200,0830df87-043d-4360-8c85-cb05e4853394,2026-09-09T22:45:00Z,2026-09-10T00:45:00+0200,4769.17,MW,DE,DE_LU,forecast_offshore_wind_generation,Wind Offshore,2026-09-12T18:50:26Z
2026-09-12T18:47:40Z,2026-09-12T20:47:40+0200,0830df87-043d-4360-8c85-cb05e4853394,2026-09-09T23:00:00Z,2026-09-10T01:00:00+0200,4726.0,MW,DE,DE_LU,forecast_offshore_wind_generation,Wind Offshore,2026-09-12T18:50:26Z
2026-09-12T18:47:40Z,2026-09-12T20:47:40+0200,0830df87-043d-4360-8c85-cb05e4853394,2026-09-09T23:15:00Z,2026-09-10T01:15:00+0200,4685.51,MW,DE,DE_LU,forecast_offshore_wind_generation,Wind Offshore,2026-09-12T18:50:26Z
2026-09-12T18:47:40Z,2026-09-12T20:47:40+0200,0830df87-043d-4360-8c85-cb05e4853394,2026-09-09T23:30:00Z,2026-09-10T01:30:00+0200,4643.02,MW,DE,DE_LU,forecast_offshore_wind_generation,Wind Offshore,2026-09-12T18:50:26Z
2026-09-12T18:47:40Z,2026-09-12T20:47:40+0200,0830df87-043d-4360-8c85-cb05e4853394,2026-09-09T23:45:00Z,2026-09-10T01:45:00+0200,4598.67,MW,DE,DE_LU,forecast_offshore_wind_generation,Wind Offshore,2026-09-12T18:50:26Z
2026-09-12T18:47:40Z,2026-09-12T20:47:40+0200,0830df87-043d-4360-8c85-cb05e4853394,2026-09-10T00:00:00Z,2026-09-10T02:00:00+0200,4550.88,MW,DE,DE_LU,forecast_offshore_wind_generation,Wind Offshore,2026-09-12T18:50:26Z
2026-09-12T18:47:40Z,2026-09-12T20:47:40+0200,0830df87-043d-4360-8c85-cb05e4853394,2026-09-10T00:15:00Z,2026-09-10T02:15:00+0200,4477.37,MW,DE,DE_LU,forecast_offshore_wind_generation,Wind Offshore,2026-09-12T18:50:26Z
2026-09-12T18:47:40Z,2026-09-12T20:47:40+0200,0830df87-043d-4360-8c85-cb05e4853394,2026-09-10T00:30:00Z,2026-09-10T02:30:00+0200,4402.81,MW,DE,DE_LU,forecast_offshore_wind_generation,Wind Offshore,2026-09-12T18:50:26Z
2026-09-12T18:47:40Z,2026-09-12T20:47:40+0200,0830df87-043d-4360-8c85-cb05e4853394,2026-09-10T00:45:00Z,2026-09-10T02:45:00+0200,4332.42,MW,DE,DE_LU,forecast_offshore_wind_generation,Wind Offshore,2026-09-12T18:50:26Z
2026-09-12T18:47:40Z,2026-09-12T20:47:40+0200,0830df87-043d-4360-8c85-cb05e4853394,2026-09-10T01:00:00Z,2026-09-10T03:00:00+0200,4254.76,MW,DE,DE_LU,forecast_offshore_wind_generation,Wind Offshore,2026-09-12T18:50:26Z
2026-09-12T18:47:40Z,2026-09-12T20:47:40+0200,0830df87-043d-4360-8c85-cb05e4853394,2026-09-10T01:15:00Z,2026-09-10T03:15:00+0200,4175.59,MW,DE,DE_LU,forecast_offshore_wind_generation,Wind Offshore,2026-09-12T18:50:26Z
2026-09-12T18:47:40Z,2026-09-12T20:47:40+0200,0830df87-043d-4360-8c85-cb05e4853394,2026-09-10T01:30:00Z,2026-09-10T03:30:00+0200,4074.43,MW,DE,DE_LU,forecast_offshore_wind_generation,Wind Offshore,2026-09-12T18:50:26Z
2026-09-12T18:47:40Z,2026-09-12T20:47:40+0200,0830df87-043d-4360-8c85-cb05e4853394,2026-09-10T01:45:00Z,2026-09-10T03:45:00+0200,3969.36,MW,DE,DE_LU,forecast_offshore_wind_generation,Wind Offshore,2026-09-12T18:50:26Z
2026-09-12T18:47:40Z,2026-09-12T20:47:40+0200,0830df87-043d-4360-8c85-cb05e4853394,2026-09-10T02:00:00Z,2026-09-10T04:00:00+0200,3863.24,MW,DE,DE_LU,forecast_offshore_wind_generation,Wind Offshore,2026-09-12T18:50:26Z
2026-09-12T18:47:40Z,2026-09-12T20:47:40+0200,0830df87-043d-4360-8c85-cb05e4853394,2026-09-10T02:15:00Z,2026-09-10T04:15:00+0200,3754.11,MW,DE,DE_LU,forecast_offshore_wind_generation,Wind Offshore,2026-09-12T18:50:26Z
2026-09-12T18:47:40Z,2026-09-12T20:47:40+0200,0830df87-043d-4360-8c85-cb05e4853394,2026-09-10T02:30:00Z,2026-09-10T04:30:00+0200,3644.97,MW,DE,DE_LU,forecast_offshore_wind_generation,Wind Offshore,2026-09-12T18:50:26Z
2026-09-12T18:47:40Z,2026-09-12T20:47:40+0200,0830df87-043d-4360-8c85-cb05e4853394,2026-09-10T02:45:00Z,2026-09-10T04:45:00+0200,3536.84,MW,DE,DE_LU,forecast_offshore_wind_generation,Wind Offshore,2026-09-12T18:50:26Z
2026-09-12T18:47:40Z,2026-09-12T20:47:40+0200,0830df87-043d-4360-8c85-cb05e4853394,2026-09-10T03:00:00Z,2026-09-10T05:00:00+0200,3437.63,MW,DE,DE_LU,forecast_offshore_wind_generation,Wind Offshore,2026-09-12T18:50:26Z
2026-09-12T18:47:40Z,2026-09-12T20:47:40+0200,0830df87-043d-4360-8c85-cb05e4853394,2026-09-10T03:15:00Z,2026-09-10T05:15:00+0200,3364.44,MW,DE,DE_LU,forecast_offshore_wind_generation,Wind Offshore,2026-09-12T18:50:26Z
2026-09-12T18:47:40Z,2026-09-12T20:47:40+0200,0830df87-043d-4360-8c85-cb05e4853394,2026-09-10T03:30:00Z,2026-09-10T05:30:00+0200,3288.06,MW,DE,DE_LU,forecast_offshore_wind_generation,Wind Offshore,2026-09-12T18:50:26Z
2026-09-12T18:47:40Z,2026-09-12T20:47:40+0200,0830df87-043d-4360-8c85-cb05e4853394,2026-09-10T03:45:00Z,2026-09-10T05:45:00+0200,3205.35,MW,DE,DE_LU,forecast_offshore_wind_generation,Wind Offshore,2026-09-12T18:50:26Z
2026-09-12T18:47:40Z,2026-09-12T20:47:40+0200,0830df87-043d-4360-8c85-cb05e4853394,2026-09-10T04:00:00Z,2026-09-10T06:00:00+0200,3123.15,MW,DE,DE_LU,forecast_offshore_wind_generation,Wind Offshore,2026-09-12T18:50:26Z
2026-09-12T18:47:40Z,2026-09-12T20:47:40+0200,0830df87-043d-4360-8c85-cb05e4853394,2026-09-10T04:15:00Z,2026-09-10T06:15:00+0200,3071.28,MW,DE,DE_LU,forecast_offshore_wind_generation,Wind Offshore,2026-09-12T18:50:26Z
2026-09-12T18:47:40Z,2026-09-12T20:47:40+0200,0830df87-043d-4360-8c85-cb05e4853394,2026-09-10T04:30:00Z,2026-09-10T06:30:00+0200,3021.06,MW,DE,DE_LU,forecast_offshore_wind_generation,Wind Offshore,2026-09-12T18:50:26Z
2026-09-12T18:47:40Z,2026-09-12T20:47:40+0200,0830df87-043d-4360-8c85-cb05e4853394,2026-09-10T04:45:00Z,2026-09-10T06:45:00+0200,2967.12,MW,DE,DE_LU,forecast_offshore_wind_generation,Wind Offshore,2026-09-12T18:50:26Z
2026-09-12T18:47:40Z,2026-09-12T20:47:40+0200,0830df87-043d-4360-8c85-cb05e4853394,2026-09-10T05:00:00Z,2026-09-10T07:00:00+0200,2909.88,MW,DE,DE_LU,forecast_offshore_wind_generation,Wind Offshore,2026-09-12T18:50:26Z
2026-09-12T18:47:40Z,2026-09-12T20:47:40+0200,0830df87-043d-4360-8c85-cb05e4853394,2026-09-10T05:15:00Z,2026-09-10T07:15:00+0200,2847.84,MW,DE,DE_LU,forecast_offshore_wind_generation,Wind Offshore,2026-09-12T18:50:26Z
2026-09-12T18:47:40Z,2026-09-12T20:47:40+0200,0830df87-043d-4360-8c85-cb05e4853394,2026-09-10T05:30:00Z,2026-09-10T07:30:00+0200,2781.71,MW,DE,DE_LU,forecast_offshore_wind_generation,Wind Offshore,2026-09-12T18:50:26Z
2026-09-12T18:47:40Z,2026-09-12T20:47:40+0200,0830df87-043d-4360-8c85-cb05e4853394,2026-09-10T05:45:00Z,2026-09-10T07:45:00+0200,2726.2,MW,DE,DE_LU,forecast_offshore_wind_generation,Wind Offshore,2026-09-12T18:50:26Z
2026-09-12T18:47:40Z,2026-09-12T20:47:40+0200,0830df87-043d-4360-8c85-cb05e4853394,2026-09-10T06:00:00Z,2026-09-10T08:00:00+0200,2647.51,MW,DE,DE_LU,forecast_offshore_wind_generation,Wind Offshore,2026-09-12T18:50:26Z
2026-09-12T18:47:40Z,2026-09-12T20:47:40+0200,0830df87-043d-4360-8c85-cb05e4853394,2026-09-10T06:15:00Z,2026-09-10T08:15:00+0200,2521.47,MW,DE,DE_LU,forecast_offshore_wind_generation,Wind Offshore,2026-09-12T18:50:26Z
2026-09-12T18:47:40Z,2026-09-12T20:47:40+0200,0830df87-043d-4360-8c85-cb05e4853394,2026-09-10T06:30:00Z,2026-09-10T08:30:00+0200,2402.5,MW,DE,DE_LU,forecast_offshore_wind_generation,Wind Offshore,2026-09-12T18:50:26Z
2026-09-12T18:47:40Z,2026-09-12T20:47:40+0200,0830df87-043d-4360-8c85-cb05e4853394,2026-09-10T06:45:00Z,2026-09-10T08:45:00+0200,2277.22,MW,DE,DE_LU,forecast_offshore_wind_generation,Wind Offshore,2026-09-12T18:50:26Z
2026-09-12T18:47:40Z,2026-09-12T20:47:40+0200,0830df87-043d-4360-8c85-cb05e4853394,2026-09-10T07:00:00Z,2026-09-10T09:00:00+0200,2156.35,MW,DE,DE_LU,forecast_offshore_wind_generation,Wind Offshore,2026-09-12T18:50:26Z
2026-09-12T18:47:40Z,2026-09-12T20:47:40+0200,0830df87-043d-4360-8c85-cb05e4853394,2026-09-10T07:15:00Z,2026-09-10T09:15:00+0200,2017.01,MW,DE,DE_LU,forecast_offshore_wind_generation,Wind Offshore,2026-09-12T18:50:26Z
2026-09-12T18:47:40Z,2026-09-12T20:47:40+0200,0830df87-043d-4360-8c85-cb05e4853394,2026-09-10T07:30:00Z,2026-09-10T09:30:00+0200,1885.88,MW,DE,DE_LU,forecast_offshore_wind_generation,Wind Offshore,2026-09-12T18:50:26Z
2026-09-12T18:47:40Z,2026-09-12T20:47:40+0200,0830df87-043d-4360-8c85-cb05e4853394,2026-09-10T07:45:00Z,2026-09-10T09:45:00+0200,1752.18,MW,DE,DE_LU,forecast_offshore_wind_generation,Wind Offshore,2026-09-12T18:50:26Z
2026-09-12T18:47:40Z,2026-09-12T20:47:40+0200,0830df87-043d-4360-8c85-cb05e4853394,2026-09-10T08:00:00Z,2026-09-10T10:00:00+0200,1629.74,MW,DE,DE_LU,forecast_offshore_wind_generation,Wind Offshore,2026-09-12T18:50:26Z
2026-09-12T18:47:40Z,2026-09-12T20:47:40+0200,0830df87-043d-4360-8c85-cb05e4853394,2026-09-10T08:15:00Z,2026-09-10T10:15:00+0200,1544.21,MW,DE,DE_LU,forecast_offshore_wind_generation,Wind Offshore,2026-09-12T18:50:26Z
2026-09-12T18:47:40Z,2026-09-12T20:47:40+0200,0830df87-043d-4360-8c85-cb05e4853394,2026-09-10T08:30:00Z,2026-09-10T10:30:00+0200,1461.7,MW,DE,DE_LU,forecast_offshore_wind_generation,Wind Offshore,2026-09-12T18:50:26Z
2026-09-12T18:47:40Z,2026-09-12T20:47:40+0200,0830df87-043d-4360-8c85-cb05e4853394,2026-09-10T08:45:00Z,2026-09-10T10:45:00+0200,1366.82,MW,DE,DE_LU,forecast_offshore_wind_generation,Wind Offshore,2026-09-12T18:50:26Z
2026-09-12T18:47:40Z,2026-09-12T20:47:40+0200,0830df87-043d-4360-8c85-cb05e4853394,2026-09-10T09:00:00Z,2026-09-10T11:00:00+0200,1301.8,MW,DE,DE_LU,forecast_offshore_wind_generation,Wind Offshore,2026-09-12T18:50:26Z
2026-09-12T18:47:40Z,2026-09-12T20:47:40+0200,0830df87-043d-4360-8c85-cb05e4853394,2026-09-10T09:15:00Z,2026-09-10T11:15:00+0200,1273.1,MW,DE,DE_LU,forecast_offshore_wind_generation,Wind Offshore,2026-09-12T18:50:26Z
2026-09-12T18:47:40Z,2026-09-12T20:47:40+0200,0830df87-043d-4360-8c85-cb05e4853394,2026-09-10T09:30:00Z,2026-09-10T11:30:00+0200,1244.4,MW,DE,DE_LU,forecast_offshore_wind_generation,Wind Offshore,2026-09-12T18:50:26Z
2026-09-12T18:47:40Z,2026-09-12T20:47:40+0200,0830df87-043d-4360-8c85-cb05e4853394,2026-09-10T09:45:00Z,2026-09-10T11:45:00+0200,1214.24,MW,DE,DE_LU,forecast_offshore_wind_generation,Wind Offshore,2026-09-12T18:50:26Z
2026-09-12T18:47:40Z,2026-09-12T20:47:40+0200,0830df87-043d-4360-8c85-cb05e4853394,2026-09-10T10:00:00Z,2026-09-10T12:00:00+0200,1205.31,MW,DE,DE_LU,forecast_offshore_wind_generation,Wind Offshore,2026-09-12T18:50:26Z
2026-09-12T18:47:40Z,2026-09-12T20:47:40+0200,0830df87-043d-4360-8c85-cb05e4853394,2026-09-10T10:15:00Z,2026-09-10T12:15:00+0200,1208.23,MW,DE,DE_LU,forecast_offshore_wind_generation,Wind Offshore,2026-09-12T18:50:26Z
2026-09-12T18:47:40Z,2026-09-12T20:47:40+0200,0830df87-043d-4360-8c85-cb05e4853394,2026-09-10T10:30:00Z,2026-09-10T12:30:00+0200,1219.22,MW,DE,DE_LU,forecast_offshore_wind_generation,Wind Offshore,2026-09-12T18:50:26Z
2026-09-12T18:47:40Z,2026-09-12T20:47:40+0200,0830df87-043d-4360-8c85-cb05e4853394,2026-09-10T10:45:00Z,2026-09-10T12:45:00+0200,1228.02,MW,DE,DE_LU,forecast_offshore_wind_generation,Wind Offshore,2026-09-12T18:50:26Z
2026-09-12T18:47:40Z,2026-09-12T20:47:40+0200,0830df87-043d-4360-8c85-cb05e4853394,2026-09-10T11:00:00Z,2026-09-10T13:00:00+0200,1242.57,MW,DE,DE_LU,forecast_offshore_wind_generation,Wind Offshore,2026-09-12T18:50:26Z
2026-09-12T18:47:40Z,2026-09-12T20:47:40+0200,0830df87-043d-4360-8c85-cb05e4853394,2026-09-10T11:15:00Z,2026-09-10T13:15:00+0200,1255.76,MW,DE,DE_LU,forecast_offshore_wind_generation,Wind Offshore,2026-09-12T18:50:26Z
2026-09-12T18:47:40Z,2026-09-12T20:47:40+0200,0830df87-043d-4360-8c85-cb05e4853394,2026-09-10T11:30:00Z,2026-09-10T13:30:00+0200,1275.97,MW,DE,DE_LU,forecast_offshore_wind_generation,Wind Offshore,2026-09-12T18:50:26Z
2026-09-12T18:47:40Z,2026-09-12T20:47:40+0200,0830df87-043d-4360-8c85-cb05e4853394,2026-09-10T11:45:00Z,2026-09-10T13:45:00+0200,1293.38,MW,DE,DE_LU,forecast_offshore_wind_generation,Wind Offshore,2026-09-12T18:50:26Z
2026-09-12T18:47:40Z,2026-09-12T20:47:40+0200,0830df87-043d-4360-8c85-cb05e4853394,2026-09-10T12:00:00Z,2026-09-10T14:00:00+0200,1311.16,MW,DE,DE_LU,forecast_offshore_wind_generation,Wind Offshore,2026-09-12T18:50:26Z
2026-09-12T18:47:40Z,2026-09-12T20:47:40+0200,0830df87-043d-4360-8c85-cb05e4853394,2026-09-10T12:15:00Z,2026-09-10T14:15:00+0200,1317.12,MW,DE,DE_LU,forecast_offshore_wind_generation,Wind Offshore,2026-09-12T18:50:26Z
2026-09-12T18:47:40Z,2026-09-12T20:47:40+0200,0830df87-043d-4360-8c85-cb05e4853394,2026-09-10T12:30:00Z,2026-09-10T14:30:00+0200,1324.02,MW,DE,DE_LU,forecast_offshore_wind_generation,Wind Offshore,2026-09-12T18:50:26Z
2026-09-12T18:47:40Z,2026-09-12T20:47:40+0200,0830df87-043d-4360-8c85-cb05e4853394,2026-09-10T12:45:00Z,2026-09-10T14:45:00+0200,1330.62,MW,DE,DE_LU,forecast_offshore_wind_generation,Wind Offshore,2026-09-12T18:50:26Z
2026-09-12T18:47:40Z,2026-09-12T20:47:40+0200,0830df87-043d-4360-8c85-cb05e4853394,2026-09-10T13:00:00Z,2026-09-10T15:00:00+0200,1339.4,MW,DE,DE_LU,forecast_offshore_wind_generation,Wind Offshore,2026-09-12T18:50:26Z
2026-09-12T18:47:40Z,2026-09-12T20:47:40+0200,0830df87-043d-4360-8c85-cb05e4853394,2026-09-10T13:15:00Z,2026-09-10T15:15:00+0200,1338.45,MW,DE,DE_LU,forecast_offshore_wind_generation,Wind Offshore,2026-09-12T18:50:26Z
2026-09-12T18:47:40Z,2026-09-12T20:47:40+0200,0830df87-043d-4360-8c85-cb05e4853394,2026-09-10T13:30:00Z,2026-09-10T15:30:00+0200,1343.59,MW,DE,DE_LU,forecast_offshore_wind_generation,Wind Offshore,2026-09-12T18:50:26Z
2026-09-12T18:47:40Z,2026-09-12T20:47:40+0200,0830df87-043d-4360-8c85-cb05e4853394,2026-09-10T13:45:00Z,2026-09-10T15:45:00+0200,1344.95,MW,DE,DE_LU,forecast_offshore_wind_generation,Wind Offshore,2026-09-12T18:50:26Z
2026-09-12T18:47:40Z,2026-09-12T20:47:40+0200,0830df87-043d-4360-8c85-cb05e4853394,2026-09-10T14:00:00Z,2026-09-10T16:00:00+0200,1354.6,MW,DE,DE_LU,forecast_offshore_wind_generation,Wind Offshore,2026-09-12T18:50:26Z
2026-09-12T18:47:40Z,2026-09-12T20:47:40+0200,0830df87-043d-4360-8c85-cb05e4853394,2026-09-10T14:15:00Z,2026-09-10T16:15:00+0200,1364.83,MW,DE,DE_LU,forecast_offshore_wind_generation,Wind Offshore,2026-09-12T18:50:26Z
2026-09-12T18:47:40Z,2026-09-12T20:47:40+0200,0830df87-043d-4360-8c85-cb05e4853394,2026-09-10T14:30:00Z,2026-09-10T16:30:00+0200,1376.03,MW,DE,DE_LU,forecast_offshore_wind_generation,Wind Offshore,2026-09-12T18:50:26Z
2026-09-12T18:47:40Z,2026-09-12T20:47:40+0200,0830df87-043d-4360-8c85-cb05e4853394,2026-09-10T14:45:00Z,2026-09-10T16:45:00+0200,1390.01,MW,DE,DE_LU,forecast_offshore_wind_generation,Wind Offshore,2026-09-12T18:50:26Z
2026-09-12T18:47:40Z,2026-09-12T20:47:40+0200,0830df87-043d-4360-8c85-cb05e4853394,2026-09-10T15:00:00Z,2026-09-10T17:00:00+0200,1401.14,MW,DE,DE_LU,forecast_offshore_wind_generation,Wind Offshore,2026-09-12T18:50:26Z
2026-09-12T18:47:40Z,2026-09-12T20:47:40+0200,0830df87-043d-4360-8c85-cb05e4853394,2026-09-10T15:15:00Z,2026-09-10T17:15:00+0200,1420.84,MW,DE,DE_LU,forecast_offshore_wind_generation,Wind Offshore,2026-09-12T18:50:26Z
2026-09-12T18:47:40Z,2026-09-12T20:47:40+0200,0830df87-043d-4360-8c85-cb05e4853394,2026-09-10T15:30:00Z,2026-09-10T17:30:00+0200,1436.35,MW,DE,DE_LU,forecast_offshore_wind_generation,Wind Offshore,2026-09-12T18:50:26Z
2026-09-12T18:47:40Z,2026-09-12T20:47:40+0200,0830df87-043d-4360-8c85-cb05e4853394,2026-09-10T15:45:00Z,2026-09-10T17:45:00+0200,1446.6,MW,DE,DE_LU,forecast_offshore_wind_generation,Wind Offshore,2026-09-12T18:50:26Z
2026-09-12T18:47:40Z,2026-09-12T20:47:40+0200,0830df87-043d-4360-8c85-cb05e4853394,2026-09-10T16:00:00Z,2026-09-10T18:00:00+0200,1455.33,MW,DE,DE_LU,forecast_offshore_wind_generation,Wind Offshore,2026-09-12T18:50:26Z
2026-09-12T18:47:40Z,2026-09-12T20:47:40+0200,0830df87-043d-4360-8c85-cb05e4853394,2026-09-10T16:15:00Z,2026-09-10T18:15:00+0200,1472.19,MW,DE,DE_LU,forecast_offshore_wind_generation,Wind Offshore,2026-09-12T18:50:26Z
2026-09-12T18:47:40Z,2026-09-12T20:47:40+0200,0830df87-043d-4360-8c85-cb05e4853394,2026-09-10T16:30:00Z,2026-09-10T18:30:00+0200,1491.03,MW,DE,DE_LU,forecast_offshore_wind_generation,Wind Offshore,2026-09-12T18:50:26Z
2026-09-12T18:47:40Z,2026-09-12T20:47:40+0200,0830df87-043d-4360-8c85-cb05e4853394,2026-09-10T16:45:00Z,2026-09-10T18:45:00+0200,1512.41,MW,DE,DE_LU,forecast_offshore_wind_generation,Wind Offshore,2026-09-12T18:50:26Z
2026-09-12T18:47:40Z,2026-09-12T20:47:40+0200,0830df87-043d-4360-8c85-cb05e4853394,2026-09-10T17:00:00Z,2026-09-10T19:00:00+0200,1540.23,MW,DE,DE_LU,forecast_offshore_wind_generation,Wind Offshore,2026-09-12T18:50:26Z
2026-09-12T18:47:40Z,2026-09-12T20:47:40+0200,0830df87-043d-4360-8c85-cb05e4853394,2026-09-10T17:15:00Z,2026-09-10T19:15:00+0200,1577.76,MW,DE,DE_LU,forecast_offshore_wind_generation,Wind Offshore,2026-09-12T18:50:26Z
2026-09-12T18:47:40Z,2026-09-12T20:47:40+0200,0830df87-043d-4360-8c85-cb05e4853394,2026-09-10T17:30:00Z,2026-09-10T19:30:00+0200,1615.28,MW,DE,DE_LU,forecast_offshore_wind_generation,Wind Offshore,2026-09-12T18:50:26Z
2026-09-12T18:47:40Z,2026-09-12T20:47:40+0200,0830df87-043d-4360-8c85-cb05e4853394,2026-09-10T17:45:00Z,2026-09-10T19:45:00+0200,1657.96,MW,DE,DE_LU,forecast_offshore_wind_generation,Wind Offshore,2026-09-12T18:50:26Z
2026-09-12T18:47:40Z,2026-09-12T20:47:40+0200,0830df87-043d-4360-8c85-cb05e4853394,2026-09-10T18:00:00Z,2026-09-10T20:00:00+0200,1714.89,MW,DE,DE_LU,forecast_offshore_wind_generation,Wind Offshore,2026-09-12T18:50:26Z
2026-09-12T18:47:40Z,2026-09-12T20:47:40+0200,0830df87-043d-4360-8c85-cb05e4853394,2026-09-10T18:15:00Z,2026-09-10T20:15:00+0200,1784.53,MW,DE,DE_LU,forecast_offshore_wind_generation,Wind Offshore,2026-09-12T18:50:26Z
2026-09-12T18:47:40Z,2026-09-12T20:47:40+0200,0830df87-043d-4360-8c85-cb05e4853394,2026-09-10T18:30:00Z,2026-09-10T20:30:00+0200,1853.21,MW,DE,DE_LU,forecast_offshore_wind_generation,Wind Offshore,2026-09-12T18:50:26Z
2026-09-12T18:47:40Z,2026-09-12T20:47:40+0200,0830df87-043d-4360-8c85-cb05e4853394,2026-09-10T18:45:00Z,2026-09-10T20:45:00+0200,1933.75,MW,DE,DE_LU,forecast_offshore_wind_generation,Wind Offshore,2026-09-12T18:50:26Z
2026-09-12T18:47:40Z,2026-09-12T20:47:40+0200,0830df87-043d-4360-8c85-cb05e4853394,2026-09-10T19:00:00Z,2026-09-10T21:00:00+0200,2026.44,MW,DE,DE_LU,forecast_offshore_wind_generation,Wind Offshore,2026-09-12T18:50:26Z
2026-09-12T18:47:40Z,2026-09-12T20:47:40+0200,0830df87-043d-4360-8c85-cb05e4853394,2026-09-10T19:15:00Z,2026-09-10T21:15:00+0200,2152.31,MW,DE,DE_LU,forecast_offshore_wind_generation,Wind Offshore,2026-09-12T18:50:26Z
2026-09-12T18:47:40Z,2026-09-12T20:47:40+0200,0830df87-043d-4360-8c85-cb05e4853394,2026-09-10T19:30:00Z,2026-09-10T21:30:00+0200,2272.29,MW,DE,DE_LU,forecast_offshore_wind_generation,Wind Offshore,2026-09-12T18:50:26Z
2026-09-12T18:47:40Z,2026-09-12T20:47:40+0200,0830df87-043d-4360-8c85-cb05e4853394,2026-09-10T19:45:00Z,2026-09-10T21:45:00+0200,2392.21,MW,DE,DE_LU,forecast_offshore_wind_generation,Wind Offshore,2026-09-12T18:50:26Z
2026-09-12T18:47:40Z,2026-09-12T20:47:40+0200,0830df87-043d-4360-8c85-cb05e4853394,2026-09-10T20:00:00Z,2026-09-10T22:00:00+0200,2525.33,MW,DE,DE_LU,forecast_offshore_wind_generation,Wind Offshore,2026-09-12T18:50:26Z
2026-09-12T18:47:40Z,2026-09-12T20:47:40+0200,0830df87-043d-4360-8c85-cb05e4853394,2026-09-10T20:15:00Z,2026-09-10T22:15:00+0200,2664.3,MW,DE,DE_LU,forecast_offshore_wind_generation,Wind Offshore,2026-09-12T18:50:26Z
2026-09-12T18:47:40Z,2026-09-12T20:47:40+0200,0830df87-043d-4360-8c85-cb05e4853394,2026-09-10T20:30:00Z,2026-09-10T22:30:00+0200,2801.27,MW,DE,DE_LU,forecast_offshore_wind_generation,Wind Offshore,2026-09-12T18:50:26Z
2026-09-12T18:47:40Z,2026-09-12T20:47:40+0200,0830df87-043d-4360-8c85-cb05e4853394,2026-09-10T20:45:00Z,2026-09-10T22:45:00+0200,2937.33,MW,DE,DE_LU,forecast_offshore_wind_generation,Wind Offshore,2026-09-12T18:50:26Z
2026-09-12T18:47:40Z,2026-09-12T20:47:40+0200,0830df87-043d-4360-8c85-cb05e4853394,2026-09-10T21:00:00Z,2026-09-10T23:00:00+0200,3061.06,MW,DE,DE_LU,forecast_offshore_wind_generation,Wind Offshore,2026-09-12T18:50:26Z
2026-09-12T18:47:40Z,2026-09-12T20:47:40+0200,0830df87-043d-4360-8c85-cb05e4853394,2026-09-10T21:15:00Z,2026-09-10T23:15:00+0200,3167.92,MW,DE,DE_LU,forecast_offshore_wind_generation,Wind Offshore,2026-09-12T18:50:26Z
2026-09-12T18:47:40Z,2026-09-12T20:47:40+0200,0830df87-043d-4360-8c85-cb05e4853394,2026-09-10T21:30:00Z,2026-09-10T23:30:00+0200,3271.81,MW,DE,DE_LU,forecast_offshore_wind_generation,Wind Offshore,2026-09-12T18:50:26Z
2026-09-12T18:47:40Z,2026-09-12T20:47:40+0200,0830df87-043d-4360-8c85-cb05e4853394,2026-09-10T21:45:00Z,2026-09-10T23:45:00+0200,3370.22,MW,DE,DE_LU,forecast_offshore_wind_generation,Wind Offshore,2026-09-12T18:50:26Z
2026-09-12T18:47:40Z,2026-09-12T20:47:40+0200,0830df87-043d-4360-8c85-cb05e4853394,2026-09-10T22:00:00Z,2026-09-11T00:00:00+0200,4053.94,MW,DE,DE_LU,forecast_offshore_wind_generation,Wind Offshore,2026-09-12T18:50:26Z
2026-09-12T18:47:40Z,2026-09-12T20:47:40+0200,0830df87-043d-4360-8c85-cb05e4853394,2026-09-10T22:15:00Z,2026-09-11T00:15:00+0200,4113.79,MW,DE,DE_LU,forecast_offshore_wind_generation,Wind Offshore,2026-09-12T18:50:26Z
2026-09-12T18:47:40Z,2026-09-12T20:47:40+0200,0830df87-043d-4360-8c85-cb05e4853394,2026-09-10T22:30:00Z,2026-09-11T00:30:00+0200,4180.69,MW,DE,DE_LU,forecast_offshore_wind_generation,Wind Offshore,2026-09-12T18:50:26Z
2026-09-12T18:47:40Z,2026-09-12T20:47:40+0200,0830df87-043d-4360-8c85-cb05e4853394,2026-09-10T22:45:00Z,2026-09-11T00:45:00+0200,4239.55,MW,DE,DE_LU,forecast_offshore_wind_generation,Wind Offshore,2026-09-12T18:50:26Z
2026-09-12T18:47:40Z,2026-09-12T20:47:40+0200,0830df87-043d-4360-8c85-cb05e4853394,2026-09-10T23:00:00Z,2026-09-11T01:00:00+0200,4292.58,MW,DE,DE_LU,forecast_offshore_wind_generation,Wind Offshore,2026-09-12T18:50:26Z
2026-09-12T18:47:40Z,2026-09-12T20:47:40+0200,0830df87-043d-4360-8c85-cb05e4853394,2026-09-10T23:15:00Z,2026-09-11T01:15:00+0200,4339.61,MW,DE,DE_LU,forecast_offshore_wind_generation,Wind Offshore,2026-09-12T18:50:26Z
2026-09-12T18:47:40Z,2026-09-12T20:47:40+0200,0830df87-043d-4360-8c85-cb05e4853394,2026-09-10T23:30:00Z,2026-09-11T01:30:00+0200,4390.61,MW,DE,DE_LU,forecast_offshore_wind_generation,Wind Offshore,2026-09-12T18:50:26Z
2026-09-12T18:47:40Z,2026-09-12T20:47:40+0200,0830df87-043d-4360-8c85-cb05e4853394,2026-09-10T23:45:00Z,2026-09-11T01:45:00+0200,4439.36,MW,DE,DE_LU,forecast_offshore_wind_generation,Wind Offshore,2026-09-12T18:50:26Z
2026-09-12T18:47:40Z,2026-09-12T20:47:40+0200,0830df87-043d-4360-8c85-cb05e4853394,2026-09-11T00:00:00Z,2026-09-11T02:00:00+0200,4484.63,MW,DE,DE_LU,forecast_offshore_wind_generation,Wind Offshore,2026-09-12T18:50:26Z
2026-09-12T18:47:40Z,2026-09-12T20:47:40+0200,0830df87-043d-4360-8c85-cb05e4853394,2026-09-11T00:15:00Z,2026-09-11T02:15:00+0200,4530.45,MW,DE,DE_LU,forecast_offshore_wind_generation,Wind Offshore,2026-09-12T18:50:26Z
2026-09-12T18:47:40Z,2026-09-12T20:47:40+0200,0830df87-043d-4360-8c85-cb05e4853394,2026-09-11T00:30:00Z,2026-09-11T02:30:00+0200,4573.34,MW,DE,DE_LU,forecast_offshore_wind_generation,Wind Offshore,2026-09-12T18:50:26Z
2026-09-12T18:47:40Z,2026-09-12T20:47:40+0200,0830df87-043d-4360-8c85-cb05e4853394,2026-09-11T00:45:00Z,2026-09-11T02:45:00+0200,4609.32,MW,DE,DE_LU,forecast_offshore_wind_generation,Wind Offshore,2026-09-12T18:50:26Z
2026-09-12T18:47:40Z,2026-09-12T20:47:40+0200,0830df87-043d-4360-8c85-cb05e4853394,2026-09-11T01:00:00Z,2026-09-11T03:00:00+0200,4640.26,MW,DE,DE_LU,forecast_offshore_wind_generation,Wind Offshore,2026-09-12T18:50:26Z
2026-09-12T18:47:40Z,2026-09-12T20:47:40+0200,0830df87-043d-4360-8c85-cb05e4853394,2026-09-11T01:15:00Z,2026-09-11T03:15:00+0200,4679.11,MW,DE,DE_LU,forecast_offshore_wind_generation,Wind Offshore,2026-09-12T18:50:26Z
2026-09-12T18:47:40Z,2026-09-12T20:47:40+0200,0830df87-043d-4360-8c85-cb05e4853394,2026-09-11T01:30:00Z,2026-09-11T03:30:00+0200,4717.97,MW,DE,DE_LU,forecast_offshore_wind_generation,Wind Offshore,2026-09-12T18:50:26Z
2026-09-12T18:47:40Z,2026-09-12T20:47:40+0200,0830df87-043d-4360-8c85-cb05e4853394,2026-09-11T01:45:00Z,2026-09-11T03:45:00+0200,4756.95,MW,DE,DE_LU,forecast_offshore_wind_generation,Wind Offshore,2026-09-12T18:50:26Z
2026-09-12T18:47:40Z,2026-09-12T20:47:40+0200,0830df87-043d-4360-8c85-cb05e4853394,2026-09-11T02:00:00Z,2026-09-11T04:00:00+0200,4780.29,MW,DE,DE_LU,forecast_offshore_wind_generation,Wind Offshore,2026-09-12T18:50:26Z
2026-09-12T18:47:40Z,2026-09-12T20:47:40+0200,0830df87-043d-4360-8c85-cb05e4853394,2026-09-11T02:15:00Z,2026-09-11T04:15:00+0200,4767.07,MW,DE,DE_LU,forecast_offshore_wind_generation,Wind Offshore,2026-09-12T18:50:26Z
2026-09-12T18:47:40Z,2026-09-12T20:47:40+0200,0830df87-043d-4360-8c85-cb05e4853394,2026-09-11T02:30:00Z,2026-09-11T04:30:00+0200,4757.83,MW,DE,DE_LU,forecast_offshore_wind_generation,Wind Offshore,2026-09-12T18:50:26Z
2026-09-12T18:47:40Z,2026-09-12T20:47:40+0200,0830df87-043d-4360-8c85-cb05e4853394,2026-09-11T02:45:00Z,2026-09-11T04:45:00+0200,4739.65,MW,DE,DE_LU,forecast_offshore_wind_generation,Wind Offshore,2026-09-12T18:50:26Z
2026-09-12T18:47:40Z,2026-09-12T20:47:40+0200,0830df87-043d-4360-8c85-cb05e4853394,2026-09-11T03:00:00Z,2026-09-11T05:00:00+0200,4722.02,MW,DE,DE_LU,forecast_offshore_wind_generation,Wind Offshore,2026-09-12T18:50:26Z
2026-09-12T18:47:40Z,2026-09-12T20:47:40+0200,0830df87-043d-4360-8c85-cb05e4853394,2026-09-11T03:15:00Z,2026-09-11T05:15:00+0200,4685.55,MW,DE,DE_LU,forecast_offshore_wind_generation,Wind Offshore,2026-09-12T18:50:26Z
2026-09-12T18:47:40Z,2026-09-12T20:47:40+0200,0830df87-043d-4360-8c85-cb05e4853394,2026-09-11T03:30:00Z,2026-09-11T05:30:00+0200,4652.07,MW,DE,DE_LU,forecast_offshore_wind_generation,Wind Offshore,2026-09-12T18:50:26Z
2026-09-12T18:47:40Z,2026-09-12T20:47:40+0200,0830df87-043d-4360-8c85-cb05e4853394,2026-09-11T03:45:00Z,2026-09-11T05:45:00+0200,4615.58,MW,DE,DE_LU,forecast_offshore_wind_generation,Wind Offshore,2026-09-12T18:50:26Z
2026-09-12T18:47:40Z,2026-09-12T20:47:40+0200,0830df87-043d-4360-8c85-cb05e4853394,2026-09-11T04:00:00Z,2026-09-11T06:00:00+0200,4585.63,MW,DE,DE_LU,forecast_offshore_wind_generation,Wind Offshore,2026-09-12T18:50:26Z
2026-09-12T18:47:40Z,2026-09-12T20:47:40+0200,0830df87-043d-4360-8c85-cb05e4853394,2026-09-11T04:15:00Z,2026-09-11T06:15:00+0200,4562.1,MW,DE,DE_LU,forecast_offshore_wind_generation,Wind Offshore,2026-09-12T18:50:26Z
2026-09-12T18:47:40Z,2026-09-12T20:47:40+0200,0830df87-043d-4360-8c85-cb05e4853394,2026-09-11T04:30:00Z,2026-09-11T06:30:00+0200,4544.57,MW,DE,DE_LU,forecast_offshore_wind_generation,Wind Offshore,2026-09-12T18:50:26Z
2026-09-12T18:47:40Z,2026-09-12T20:47:40+0200,0830df87-043d-4360-8c85-cb05e4853394,2026-09-11T04:45:00Z,2026-09-11T06:45:00+0200,4519.18,MW,DE,DE_LU,forecast_offshore_wind_generation,Wind Offshore,2026-09-12T18:50:26Z
2026-09-12T18:47:40Z,2026-09-12T20:47:40+0200,0830df87-043d-4360-8c85-cb05e4853394,2026-09-11T05:00:00Z,2026-09-11T07:00:00+0200,4492.85,MW,DE,DE_LU,forecast_offshore_wind_generation,Wind Offshore,2026-09-12T18:50:26Z
2026-09-12T18:47:40Z,2026-09-12T20:47:40+0200,0830df87-043d-4360-8c85-cb05e4853394,2026-09-11T05:15:00Z,2026-09-11T07:15:00+0200,4487.15,MW,DE,DE_LU,forecast_offshore_wind_generation,Wind Offshore,2026-09-12T18:50:26Z
2026-09-12T18:47:40Z,2026-09-12T20:47:40+0200,0830df87-043d-4360-8c85-cb05e4853394,2026-09-11T05:30:00Z,2026-09-11T07:30:00+0200,4480.43,MW,DE,DE_LU,forecast_offshore_wind_generation,Wind Offshore,2026-09-12T18:50:26Z
2026-09-12T18:47:40Z,2026-09-12T20:47:40+0200,0830df87-043d-4360-8c85-cb05e4853394,2026-09-11T05:45:00Z,2026-09-11T07:45:00+0200,4466.76,MW,DE,DE_LU,forecast_offshore_wind_generation,Wind Offshore,2026-09-12T18:50:26Z
2026-09-12T18:47:40Z,2026-09-12T20:47:40+0200,0830df87-043d-4360-8c85-cb05e4853394,2026-09-11T06:00:00Z,2026-09-11T08:00:00+0200,4446.65,MW,DE,DE_LU,forecast_offshore_wind_generation,Wind Offshore,2026-09-12T18:50:26Z
2026-09-12T18:47:40Z,2026-09-12T20:47:40+0200,0830df87-043d-4360-8c85-cb05e4853394,2026-09-11T06:15:00Z,2026-09-11T08:15:00+0200,4407.85,MW,DE,DE_LU,forecast_offshore_wind_generation,Wind Offshore,2026-09-12T18:50:26Z
2026-09-12T18:47:40Z,2026-09-12T20:47:40+0200,0830df87-043d-4360-8c85-cb05e4853394,2026-09-11T06:30:00Z,2026-09-11T08:30:00+0200,4363.03,MW,DE,DE_LU,forecast_offshore_wind_generation,Wind Offshore,2026-09-12T18:50:26Z
2026-09-12T18:47:40Z,2026-09-12T20:47:40+0200,0830df87-043d-4360-8c85-cb05e4853394,2026-09-11T06:45:00Z,2026-09-11T08:45:00+0200,4319.52,MW,DE,DE_LU,forecast_offshore_wind_generation,Wind Offshore,2026-09-12T18:50:26Z
2026-09-12T18:47:40Z,2026-09-12T20:47:40+0200,0830df87-043d-4360-8c85-cb05e4853394,2026-09-11T07:00:00Z,2026-09-11T09:00:00+0200,4257.77,MW,DE,DE_LU,forecast_offshore_wind_generation,Wind Offshore,2026-09-12T18:50:26Z
2026-09-12T18:47:40Z,2026-09-12T20:47:40+0200,0830df87-043d-4360-8c85-cb05e4853394,2026-09-11T07:15:00Z,2026-09-11T09:15:00+0200,4209.83,MW,DE,DE_LU,forecast_offshore_wind_generation,Wind Offshore,2026-09-12T18:50:26Z
2026-09-12T18:47:40Z,2026-09-12T20:47:40+0200,0830df87-043d-4360-8c85-cb05e4853394,2026-09-11T07:30:00Z,2026-09-11T09:30:00+0200,4157.99,MW,DE,DE_LU,forecast_offshore_wind_generation,Wind Offshore,2026-09-12T18:50:26Z
2026-09-12T18:47:40Z,2026-09-12T20:47:40+0200,0830df87-043d-4360-8c85-cb05e4853394,2026-09-11T07:45:00Z,2026-09-11T09:45:00+0200,4103.23,MW,DE,DE_LU,forecast_offshore_wind_generation,Wind Offshore,2026-09-12T18:50:26Z
2026-09-12T18:47:40Z,2026-09-12T20:47:40+0200,0830df87-043d-4360-8c85-cb05e4853394,2026-09-11T08:00:00Z,2026-09-11T10:00:00+0200,4036.72,MW,DE,DE_LU,forecast_offshore_wind_generation,Wind Offshore,2026-09-12T18:50:26Z
2026-09-12T18:47:40Z,2026-09-12T20:47:40+0200,0830df87-043d-4360-8c85-cb05e4853394,2026-09-11T08:15:00Z,2026-09-11T10:15:00+0200,3946.94,MW,DE,DE_LU,forecast_offshore_wind_generation,Wind Offshore,2026-09-12T18:50:26Z
2026-09-12T18:47:40Z,2026-09-12T20:47:40+0200,0830df87-043d-4360-8c85-cb05e4853394,2026-09-11T08:30:00Z,2026-09-11T10:30:00+0200,3857.05,MW,DE,DE_LU,forecast_offshore_wind_generation,Wind Offshore,2026-09-12T18:50:26Z
2026-09-12T18:47:40Z,2026-09-12T20:47:40+0200,0830df87-043d-4360-8c85-cb05e4853394,2026-09-11T08:45:00Z,2026-09-11T10:45:00+0200,3768.93,MW,DE,DE_LU,forecast_offshore_wind_generation,Wind Offshore,2026-09-12T18:50:26Z
2026-09-12T18:47:40Z,2026-09-12T20:47:40+0200,0830df87-043d-4360-8c85-cb05e4853394,2026-09-11T09:00:00Z,2026-09-11T11:00:00+0200,3672.29,MW,DE,DE_LU,forecast_offshore_wind_generation,Wind Offshore,2026-09-12T18:50:26Z
2026-09-12T18:47:40Z,2026-09-12T20:47:40+0200,0830df87-043d-4360-8c85-cb05e4853394,2026-09-11T09:15:00Z,2026-09-11T11:15:00+0200,3553.36,MW,DE,DE_LU,forecast_offshore_wind_generation,Wind Offshore,2026-09-12T18:50:26Z
2026-09-12T18:47:40Z,2026-09-12T20:47:40+0200,0830df87-043d-4360-8c85-cb05e4853394,2026-09-11T09:30:00Z,2026-09-11T11:30:00+0200,3431.44,MW,DE,DE_LU,forecast_offshore_wind_generation,Wind Offshore,2026-09-12T18:50:26Z
2026-09-12T18:47:40Z,2026-09-12T20:47:40+0200,0830df87-043d-4360-8c85-cb05e4853394,2026-09-11T09:45:00Z,2026-09-11T11:45:00+0200,3295.63,MW,DE,DE_LU,forecast_offshore_wind_generation,Wind Offshore,2026-09-12T18:50:26Z
2026-09-12T18:47:40Z,2026-09-12T20:47:40+0200,0830df87-043d-4360-8c85-cb05e4853394,2026-09-11T10:00:00Z,2026-09-11T12:00:00+0200,3134.93,MW,DE,DE_LU,forecast_offshore_wind_generation,Wind Offshore,2026-09-12T18:50:26Z
2026-09-12T18:47:40Z,2026-09-12T20:47:40+0200,0830df87-043d-4360-8c85-cb05e4853394,2026-09-11T10:15:00Z,2026-09-11T12:15:00+0200,2954.78,MW,DE,DE_LU,forecast_offshore_wind_generation,Wind Offshore,2026-09-12T18:50:26Z
2026-09-12T18:47:40Z,2026-09-12T20:47:40+0200,0830df87-043d-4360-8c85-cb05e4853394,2026-09-11T10:30:00Z,2026-09-11T12:30:00+0200,2778.65,MW,DE,DE_LU,forecast_offshore_wind_generation,Wind Offshore,2026-09-12T18:50:26Z
2026-09-12T18:47:40Z,2026-09-12T20:47:40+0200,0830df87-043d-4360-8c85-cb05e4853394,2026-09-11T10:45:00Z,2026-09-11T12:45:00+0200,2602.55,MW,DE,DE_LU,forecast_offshore_wind_generation,Wind Offshore,2026-09-12T18:50:26Z
2026-09-12T18:47:40Z,2026-09-12T20:47:40+0200,0830df87-043d-4360-8c85-cb05e4853394,2026-09-11T11:00:00Z,2026-09-11T13:00:00+0200,2424.91,MW,DE,DE_LU,forecast_offshore_wind_generation,Wind Offshore,2026-09-12T18:50:26Z
2026-09-12T18:47:40Z,2026-09-12T20:47:40+0200,0830df87-043d-4360-8c85-cb05e4853394,2026-09-11T11:15:00Z,2026-09-11T13:15:00+0200,2261.23,MW,DE,DE_LU,forecast_offshore_wind_generation,Wind Offshore,2026-09-12T18:50:26Z
2026-09-12T18:47:40Z,2026-09-12T20:47:40+0200,0830df87-043d-4360-8c85-cb05e4853394,2026-09-11T11:30:00Z,2026-09-11T13:30:00+0200,2100.54,MW,DE,DE_LU,forecast_offshore_wind_generation,Wind Offshore,2026-09-12T18:50:26Z
2026-09-12T18:47:40Z,2026-09-12T20:47:40+0200,0830df87-043d-4360-8c85-cb05e4853394,2026-09-11T11:45:00Z,2026-09-11T13:45:00+0200,1936.84,MW,DE,DE_LU,forecast_offshore_wind_generation,Wind Offshore,2026-09-12T18:50:26Z
2026-09-12T18:47:40Z,2026-09-12T20:47:40+0200,0830df87-043d-4360-8c85-cb05e4853394,2026-09-11T12:00:00Z,2026-09-11T14:00:00+0200,1785.17,MW,DE,DE_LU,forecast_offshore_wind_generation,Wind Offshore,2026-09-12T18:50:26Z
2026-09-12T18:47:40Z,2026-09-12T20:47:40+0200,0830df87-043d-4360-8c85-cb05e4853394,2026-09-11T12:15:00Z,2026-09-11T14:15:00+0200,1665.93,MW,DE,DE_LU,forecast_offshore_wind_generation,Wind Offshore,2026-09-12T18:50:26Z
2026-09-12T18:47:40Z,2026-09-12T20:47:40+0200,0830df87-043d-4360-8c85-cb05e4853394,2026-09-11T12:30:00Z,2026-09-11T14:30:00+0200,1547.7,MW,DE,DE_LU,forecast_offshore_wind_generation,Wind Offshore,2026-09-12T18:50:26Z
2026-09-12T18:47:40Z,2026-09-12T20:47:40+0200,0830df87-043d-4360-8c85-cb05e4853394,2026-09-11T12:45:00Z,2026-09-11T14:45:00+0200,1432.64,MW,DE,DE_LU,forecast_offshore_wind_generation,Wind Offshore,2026-09-12T18:50:26Z
2026-09-12T18:47:40Z,2026-09-12T20:47:40+0200,0830df87-043d-4360-8c85-cb05e4853394,2026-09-11T13:00:00Z,2026-09-11T15:00:00+0200,1327.72,MW,DE,DE_LU,forecast_offshore_wind_generation,Wind Offshore,2026-09-12T18:50:26Z
2026-09-12T18:47:40Z,2026-09-12T20:47:40+0200,0830df87-043d-4360-8c85-cb05e4853394,2026-09-11T13:15:00Z,2026-09-11T15:15:00+0200,1263.23,MW,DE,DE_LU,forecast_offshore_wind_generation,Wind Offshore,2026-09-12T18:50:26Z
2026-09-12T18:47:40Z,2026-09-12T20:47:40+0200,0830df87-043d-4360-8c85-cb05e4853394,2026-09-11T13:30:00Z,2026-09-11T15:30:00+0200,1195.77,MW,DE,DE_LU,forecast_offshore_wind_generation,Wind Offshore,2026-09-12T18:50:26Z
2026-09-12T18:47:40Z,2026-09-12T20:47:40+0200,0830df87-043d-4360-8c85-cb05e4853394,2026-09-11T13:45:00Z,2026-09-11T15:45:00+0200,1126.35,MW,DE,DE_LU,forecast_offshore_wind_generation,Wind Offshore,2026-09-12T18:50:26Z
2026-09-12T18:47:40Z,2026-09-12T20:47:40+0200,0830df87-043d-4360-8c85-cb05e4853394,2026-09-11T14:00:00Z,2026-09-11T16:00:00+0200,1060.81,MW,DE,DE_LU,forecast_offshore_wind_generation,Wind Offshore,2026-09-12T18:50:26Z
2026-09-12T18:47:40Z,2026-09-12T20:47:40+0200,0830df87-043d-4360-8c85-cb05e4853394,2026-09-11T14:15:00Z,2026-09-11T16:15:00+0200,1030.94,MW,DE,DE_LU,forecast_offshore_wind_generation,Wind Offshore,2026-09-12T18:50:26Z
2026-09-12T18:47:40Z,2026-09-12T20:47:40+0200,0830df87-043d-4360-8c85-cb05e4853394,2026-09-11T14:30:00Z,2026-09-11T16:30:00+0200,1000.08,MW,DE,DE_LU,forecast_offshore_wind_generation,Wind Offshore,2026-09-12T18:50:26Z
2026-09-12T18:47:40Z,2026-09-12T20:47:40+0200,0830df87-043d-4360-8c85-cb05e4853394,2026-09-11T14:45:00Z,2026-09-11T16:45:00+0200,969.24,MW,DE,DE_LU,forecast_offshore_wind_generation,Wind Offshore,2026-09-12T18:50:26Z
2026-09-12T18:47:40Z,2026-09-12T20:47:40+0200,0830df87-043d-4360-8c85-cb05e4853394,2026-09-11T15:00:00Z,2026-09-11T17:00:00+0200,944.28,MW,DE,DE_LU,forecast_offshore_wind_generation,Wind Offshore,2026-09-12T18:50:26Z
2026-09-12T18:47:40Z,2026-09-12T20:47:40+0200,0830df87-043d-4360-8c85-cb05e4853394,2026-09-11T15:15:00Z,2026-09-11T17:15:00+0200,947.91,MW,DE,DE_LU,forecast_offshore_wind_generation,Wind Offshore,2026-09-12T18:50:26Z
2026-09-12T18:47:40Z,2026-09-12T20:47:40+0200,0830df87-043d-4360-8c85-cb05e4853394,2026-09-11T15:30:00Z,2026-09-11T17:30:00+0200,953.54,MW,DE,DE_LU,forecast_offshore_wind_generation,Wind Offshore,2026-09-12T18:50:26Z
2026-09-12T18:47:40Z,2026-09-12T20:47:40+0200,0830df87-043d-4360-8c85-cb05e4853394,2026-09-11T15:45:00Z,2026-09-11T17:45:00+0200,957.36,MW,DE,DE_LU,forecast_offshore_wind_generation,Wind Offshore,2026-09-12T18:50:26Z
2026-09-12T18:47:40Z,2026-09-12T20:47:40+0200,0830df87-043d-4360-8c85-cb05e4853394,2026-09-11T16:00:00Z,2026-09-11T18:00:00+0200,970.33,MW,DE,DE_LU,forecast_offshore_wind_generation,Wind Offshore,2026-09-12T18:50:26Z
2026-09-12T18:47:40Z,2026-09-12T20:47:40+0200,0830df87-043d-4360-8c85-cb05e4853394,2026-09-11T16:15:00Z,2026-09-11T18:15:00+0200,1005.57,MW,DE,DE_LU,forecast_offshore_wind_generation,Wind Offshore,2026-09-12T18:50:26Z
2026-09-12T18:47:40Z,2026-09-12T20:47:40+0200,0830df87-043d-4360-8c85-cb05e4853394,2026-09-11T16:30:00Z,2026-09-11T18:30:00+0200,1031.88,MW,DE,DE_LU,forecast_offshore_wind_generation,Wind Offshore,2026-09-12T18:50:26Z
2026-09-12T18:47:40Z,2026-09-12T20:47:40+0200,0830df87-043d-4360-8c85-cb05e4853394,2026-09-11T16:45:00Z,2026-09-11T18:45:00+0200,1069.15,MW,DE,DE_LU,forecast_offshore_wind_generation,Wind Offshore,2026-09-12T18:50:26Z
2026-09-12T18:47:40Z,2026-09-12T20:47:40+0200,0830df87-043d-4360-8c85-cb05e4853394,2026-09-11T17:00:00Z,2026-09-11T19:00:00+0200,1101.54,MW,DE,DE_LU,forecast_offshore_wind_generation,Wind Offshore,2026-09-12T18:50:26Z
2026-09-12T18:47:40Z,2026-09-12T20:47:40+0200,0830df87-043d-4360-8c85-cb05e4853394,2026-09-11T17:15:00Z,2026-09-11T19:15:00+0200,1120.34,MW,DE,DE_LU,forecast_offshore_wind_generation,Wind Offshore,2026-09-12T18:50:26Z
2026-09-12T18:47:40Z,2026-09-12T20:47:40+0200,0830df87-043d-4360-8c85-cb05e4853394,2026-09-11T17:30:00Z,2026-09-11T19:30:00+0200,1145.15,MW,DE,DE_LU,forecast_offshore_wind_generation,Wind Offshore,2026-09-12T18:50:26Z
2026-09-12T18:47:40Z,2026-09-12T20:47:40+0200,0830df87-043d-4360-8c85-cb05e4853394,2026-09-11T17:45:00Z,2026-09-11T19:45:00+0200,1162.84,MW,DE,DE_LU,forecast_offshore_wind_generation,Wind Offshore,2026-09-12T18:50:26Z
2026-09-12T18:47:40Z,2026-09-12T20:47:40+0200,0830df87-043d-4360-8c85-cb05e4853394,2026-09-11T18:00:00Z,2026-09-11T20:00:00+0200,1176.46,MW,DE,DE_LU,forecast_offshore_wind_generation,Wind Offshore,2026-09-12T18:50:26Z
2026-09-12T18:47:40Z,2026-09-12T20:47:40+0200,0830df87-043d-4360-8c85-cb05e4853394,2026-09-11T18:15:00Z,2026-09-11T20:15:00+0200,1169.98,MW,DE,DE_LU,forecast_offshore_wind_generation,Wind Offshore,2026-09-12T18:50:26Z
2026-09-12T18:47:40Z,2026-09-12T20:47:40+0200,0830df87-043d-4360-8c85-cb05e4853394,2026-09-11T18:30:00Z,2026-09-11T20:30:00+0200,1161.58,MW,DE,DE_LU,forecast_offshore_wind_generation,Wind Offshore,2026-09-12T18:50:26Z
2026-09-12T18:47:40Z,2026-09-12T20:47:40+0200,0830df87-043d-4360-8c85-cb05e4853394,2026-09-11T18:45:00Z,2026-09-11T20:45:00+0200,1156.22,MW,DE,DE_LU,forecast_offshore_wind_generation,Wind Offshore,2026-09-12T18:50:26Z
2026-09-12T18:47:40Z,2026-09-12T20:47:40+0200,0830df87-043d-4360-8c85-cb05e4853394,2026-09-11T19:00:00Z,2026-09-11T21:00:00+0200,1145.54,MW,DE,DE_LU,forecast_offshore_wind_generation,Wind Offshore,2026-09-12T18:50:26Z
2026-09-12T18:47:40Z,2026-09-12T20:47:40+0200,0830df87-043d-4360-8c85-cb05e4853394,2026-09-11T19:15:00Z,2026-09-11T21:15:00+0200,1115.16,MW,DE,DE_LU,forecast_offshore_wind_generation,Wind Offshore,2026-09-12T18:50:26Z
2026-09-12T18:47:40Z,2026-09-12T20:47:40+0200,0830df87-043d-4360-8c85-cb05e4853394,2026-09-11T19:30:00Z,2026-09-11T21:30:00+0200,1086.83,MW,DE,DE_LU,forecast_offshore_wind_generation,Wind Offshore,2026-09-12T18:50:26Z
2026-09-12T18:47:40Z,2026-09-12T20:47:40+0200,0830df87-043d-4360-8c85-cb05e4853394,2026-09-11T19:45:00Z,2026-09-11T21:45:00+0200,1053.59,MW,DE,DE_LU,forecast_offshore_wind_generation,Wind Offshore,2026-09-12T18:50:26Z
2026-09-12T18:47:40Z,2026-09-12T20:47:40+0200,0830df87-043d-4360-8c85-cb05e4853394,2026-09-11T20:00:00Z,2026-09-11T22:00:00+0200,1031.88,MW,DE,DE_LU,forecast_offshore_wind_generation,Wind Offshore,2026-09-12T18:50:26Z
2026-09-12T18:47:40Z,2026-09-12T20:47:40+0200,0830df87-043d-4360-8c85-cb05e4853394,2026-09-11T20:15:00Z,2026-09-11T22:15:00+0200,980.84,MW,DE,DE_LU,forecast_offshore_wind_generation,Wind Offshore,2026-09-12T18:50:26Z
2026-09-12T18:47:40Z,2026-09-12T20:47:40+0200,0830df87-043d-4360-8c85-cb05e4853394,2026-09-11T20:30:00Z,2026-09-11T22:30:00+0200,940.82,MW,DE,DE_LU,forecast_offshore_wind_generation,Wind Offshore,2026-09-12T18:50:26Z
2026-09-12T18:47:40Z,2026-09-12T20:47:40+0200,0830df87-043d-4360-8c85-cb05e4853394,2026-09-11T20:45:00Z,2026-09-11T22:45:00+0200,893.81,MW,DE,DE_LU,forecast_offshore_wind_generation,Wind Offshore,2026-09-12T18:50:26Z
2026-09-12T18:47:40Z,2026-09-12T20:47:40+0200,0830df87-043d-4360-8c85-cb05e4853394,2026-09-11T21:00:00Z,2026-09-11T23:00:00+0200,848.17,MW,DE,DE_LU,forecast_offshore_wind_generation,Wind Offshore,2026-09-12T18:50:26Z
2026-09-12T18:47:40Z,2026-09-12T20:47:40+0200,0830df87-043d-4360-8c85-cb05e4853394,2026-09-11T21:15:00Z,2026-09-11T23:15:00+0200,796.08,MW,DE,DE_LU,forecast_offshore_wind_generation,Wind Offshore,2026-09-12T18:50:26Z
2026-09-12T18:47:40Z,2026-09-12T20:47:40+0200,0830df87-043d-4360-8c85-cb05e4853394,2026-09-11T21:30:00Z,2026-09-11T23:30:00+0200,746.07,MW,DE,DE_LU,forecast_offshore_wind_generation,Wind Offshore,2026-09-12T18:50:26Z
2026-09-12T18:47:40Z,2026-09-12T20:47:40+0200,0830df87-043d-4360-8c85-cb05e4853394,2026-09-11T21:45:00Z,2026-09-11T23:45:00+0200,699.29,MW,DE,DE_LU,forecast_offshore_wind_generation,Wind Offshore,2026-09-12T18:50:26Z
2026-09-12T18:47:40Z,2026-09-12T20:47:40+0200,0830df87-043d-4360-8c85-cb05e4853394,2026-09-11T22:00:00Z,2026-09-12T00:00:00+0200,670.2,MW,DE,DE_LU,forecast_offshore_wind_generation,Wind Offshore,2026-09-12T18:50:26Z
2026-09-12T18:47:40Z,2026-09-12T20:47:40+0200,0830df87-043d-4360-8c85-cb05e4853394,2026-09-11T22:15:00Z,2026-09-12T00:15:00+0200,631.63,MW,DE,DE_LU,forecast_offshore_wind_generation,Wind Offshore,2026-09-12T18:50:26Z
2026-09-12T18:47:40Z,2026-09-12T20:47:40+0200,0830df87-043d-4360-8c85-cb05e4853394,2026-09-11T22:30:00Z,2026-09-12T00:30:00+0200,596.09,MW,DE,DE_LU,forecast_offshore_wind_generation,Wind Offshore,2026-09-12T18:50:26Z
2026-09-12T18:47:40Z,2026-09-12T20:47:40+0200,0830df87-043d-4360-8c85-cb05e4853394,2026-09-11T22:45:00Z,2026-09-12T00:45:00+0200,559.62,MW,DE,DE_LU,forecast_offshore_wind_generation,Wind Offshore,2026-09-12T18:50:26Z
2026-09-12T18:47:40Z,2026-09-12T20:47:40+0200,0830df87-043d-4360-8c85-cb05e4853394,2026-09-11T23:00:00Z,2026-09-12T01:00:00+0200,527.85,MW,DE,DE_LU,forecast_offshore_wind_generation,Wind Offshore,2026-09-12T18:50:26Z
2026-09-12T18:47:40Z,2026-09-12T20:47:40+0200,0830df87-043d-4360-8c85-cb05e4853394,2026-09-11T23:15:00Z,2026-09-12T01:15:00+0200,527.39,MW,DE,DE_LU,forecast_offshore_wind_generation,Wind Offshore,2026-09-12T18:50:26Z
2026-09-12T18:47:40Z,2026-09-12T20:47:40+0200,0830df87-043d-4360-8c85-cb05e4853394,2026-09-11T23:30:00Z,2026-09-12T01:30:00+0200,524.92,MW,DE,DE_LU,forecast_offshore_wind_generation,Wind Offshore,2026-09-12T18:50:26Z
2026-09-12T18:47:40Z,2026-09-12T20:47:40+0200,0830df87-043d-4360-8c85-cb05e4853394,2026-09-11T23:45:00Z,2026-09-12T01:45:00+0200,523.48,MW,DE,DE_LU,forecast_offshore_wind_generation,Wind Offshore,2026-09-12T18:50:26Z
2026-09-12T18:47:40Z,2026-09-12T20:47:40+0200,0830df87-043d-4360-8c85-cb05e4853394,2026-09-12T00:00:00Z,2026-09-12T02:00:00+0200,524.43,MW,DE,DE_LU,forecast_offshore_wind_generation,Wind Offshore,2026-09-12T18:50:26Z
2026-09-12T18:47:40Z,2026-09-12T20:47:40+0200,0830df87-043d-4360-8c85-cb05e4853394,2026-09-12T00:15:00Z,2026-09-12T02:15:00+0200,536.18,MW,DE,DE_LU,forecast_offshore_wind_generation,Wind Offshore,2026-09-12T18:50:26Z
2026-09-12T18:47:40Z,2026-09-12T20:47:40+0200,0830df87-043d-4360-8c85-cb05e4853394,2026-09-12T00:30:00Z,2026-09-12T02:30:00+0200,548.92,MW,DE,DE_LU,forecast_offshore_wind_generation,Wind Offshore,2026-09-12T18:50:26Z
2026-09-12T18:47:40Z,2026-09-12T20:47:40+0200,0830df87-043d-4360-8c85-cb05e4853394,2026-09-12T00:45:00Z,2026-09-12T02:45:00+0200,559.8,MW,DE,DE_LU,forecast_offshore_wind_generation,Wind Offshore,2026-09-12T18:50:26Z
2026-09-12T18:47:40Z,2026-09-12T20:47:40+0200,0830df87-043d-4360-8c85-cb05e4853394,2026-09-12T01:00:00Z,2026-09-12T03:00:00+0200,578.37,MW,DE,DE_LU,forecast_offshore_wind_generation,Wind Offshore,2026-09-12T18:50:26Z
2026-09-12T18:47:40Z,2026-09-12T20:47:40+0200,0830df87-043d-4360-8c85-cb05e4853394,2026-09-12T01:15:00Z,2026-09-12T03:15:00+0200,608.03,MW,DE,DE_LU,forecast_offshore_wind_generation,Wind Offshore,2026-09-12T18:50:26Z
2026-09-12T18:47:40Z,2026-09-12T20:47:40+0200,0830df87-043d-4360-8c85-cb05e4853394,2026-09-12T01:30:00Z,2026-09-12T03:30:00+0200,640.77,MW,DE,DE_LU,forecast_offshore_wind_generation,Wind Offshore,2026-09-12T18:50:26Z
2026-09-12T18:47:40Z,2026-09-12T20:47:40+0200,0830df87-043d-4360-8c85-cb05e4853394,2026-09-12T01:45:00Z,2026-09-12T03:45:00+0200,673.34,MW,DE,DE_LU,forecast_offshore_wind_generation,Wind Offshore,2026-09-12T18:50:26Z
2026-09-12T18:47:40Z,2026-09-12T20:47:40+0200,0830df87-043d-4360-8c85-cb05e4853394,2026-09-12T02:00:00Z,2026-09-12T04:00:00+0200,700.96,MW,DE,DE_LU,forecast_offshore_wind_generation,Wind Offshore,2026-09-12T18:50:26Z
2026-09-12T18:47:40Z,2026-09-12T20:47:40+0200,0830df87-043d-4360-8c85-cb05e4853394,2026-09-12T02:15:00Z,2026-09-12T04:15:00+0200,740.59,MW,DE,DE_LU,forecast_offshore_wind_generation,Wind Offshore,2026-09-12T18:50:26Z
2026-09-12T18:47:40Z,2026-09-12T20:47:40+0200,0830df87-043d-4360-8c85-cb05e4853394,2026-09-12T02:30:00Z,2026-09-12T04:30:00+0200,773.31,MW,DE,DE_LU,forecast_offshore_wind_generation,Wind Offshore,2026-09-12T18:50:26Z
2026-09-12T18:47:40Z,2026-09-12T20:47:40+0200,0830df87-043d-4360-8c85-cb05e4853394,2026-09-12T02:45:00Z,2026-09-12T04:45:00+0200,809.68,MW,DE,DE_LU,forecast_offshore_wind_generation,Wind Offshore,2026-09-12T18:50:26Z
2026-09-12T18:47:40Z,2026-09-12T20:47:40+0200,0830df87-043d-4360-8c85-cb05e4853394,2026-09-12T03:00:00Z,2026-09-12T05:00:00+0200,847.64,MW,DE,DE_LU,forecast_offshore_wind_generation,Wind Offshore,2026-09-12T18:50:26Z
2026-09-12T18:47:40Z,2026-09-12T20:47:40+0200,0830df87-043d-4360-8c85-cb05e4853394,2026-09-12T03:15:00Z,2026-09-12T05:15:00+0200,883.94,MW,DE,DE_LU,forecast_offshore_wind_generation,Wind Offshore,2026-09-12T18:50:26Z
2026-09-12T18:47:40Z,2026-09-12T20:47:40+0200,0830df87-043d-4360-8c85-cb05e4853394,2026-09-12T03:30:00Z,2026-09-12T05:30:00+0200,916.27,MW,DE,DE_LU,forecast_offshore_wind_generation,Wind Offshore,2026-09-12T18:50:26Z
2026-09-12T18:47:40Z,2026-09-12T20:47:40+0200,0830df87-043d-4360-8c85-cb05e4853394,2026-09-12T03:45:00Z,2026-09-12T05:45:00+0200,950.53,MW,DE,DE_LU,forecast_offshore_wind_generation,Wind Offshore,2026-09-12T18:50:26Z
2026-09-12T18:47:40Z,2026-09-12T20:47:40+0200,0830df87-043d-4360-8c85-cb05e4853394,2026-09-12T04:00:00Z,2026-09-12T06:00:00+0200,975.14,MW,DE,DE_LU,forecast_offshore_wind_generation,Wind Offshore,2026-09-12T18:50:26Z
2026-09-12T18:47:40Z,2026-09-12T20:47:40+0200,0830df87-043d-4360-8c85-cb05e4853394,2026-09-12T04:15:00Z,2026-09-12T06:15:00+0200,990.59,MW,DE,DE_LU,forecast_offshore_wind_generation,Wind Offshore,2026-09-12T18:50:26Z
2026-09-12T18:47:40Z,2026-09-12T20:47:40+0200,0830df87-043d-4360-8c85-cb05e4853394,2026-09-12T04:30:00Z,2026-09-12T06:30:00+0200,1007.1,MW,DE,DE_LU,forecast_offshore_wind_generation,Wind Offshore,2026-09-12T18:50:26Z
2026-09-12T18:47:40Z,2026-09-12T20:47:40+0200,0830df87-043d-4360-8c85-cb05e4853394,2026-09-12T04:45:00Z,2026-09-12T06:45:00+0200,1020.45,MW,DE,DE_LU,forecast_offshore_wind_generation,Wind Offshore,2026-09-12T18:50:26Z
2026-09-12T18:47:40Z,2026-09-12T20:47:40+0200,0830df87-043d-4360-8c85-cb05e4853394,2026-09-12T05:00:00Z,2026-09-12T07:00:00+0200,1030.45,MW,DE,DE_LU,forecast_offshore_wind_generation,Wind Offshore,2026-09-12T18:50:26Z
2026-09-12T18:47:40Z,2026-09-12T20:47:40+0200,0830df87-043d-4360-8c85-cb05e4853394,2026-09-12T05:15:00Z,2026-09-12T07:15:00+0200,1038.87,MW,DE,DE_LU,forecast_offshore_wind_generation,Wind Offshore,2026-09-12T18:50:26Z
2026-09-12T18:47:40Z,2026-09-12T20:47:40+0200,0830df87-043d-4360-8c85-cb05e4853394,2026-09-12T05:30:00Z,2026-09-12T07:30:00+0200,1039.31,MW,DE,DE_LU,forecast_offshore_wind_generation,Wind Offshore,2026-09-12T18:50:26Z
2026-09-12T18:47:40Z,2026-09-12T20:47:40+0200,0830df87-043d-4360-8c85-cb05e4853394,2026-09-12T05:45:00Z,2026-09-12T07:45:00+0200,1040.69,MW,DE,DE_LU,forecast_offshore_wind_generation,Wind Offshore,2026-09-12T18:50:26Z
2026-09-12T18:47:40Z,2026-09-12T20:47:40+0200,0830df87-043d-4360-8c85-cb05e4853394,2026-09-12T06:00:00Z,2026-09-12T08:00:00+0200,1041.3,MW,DE,DE_LU,forecast_offshore_wind_generation,Wind Offshore,2026-09-12T18:50:26Z
2026-09-12T18:47:40Z,2026-09-12T20:47:40+0200,0830df87-043d-4360-8c85-cb05e4853394,2026-09-12T06:15:00Z,2026-09-12T08:15:00+0200,1056.34,MW,DE,DE_LU,forecast_offshore_wind_generation,Wind Offshore,2026-09-12T18:50:26Z
2026-09-12T18:47:40Z,2026-09-12T20:47:40+0200,0830df87-043d-4360-8c85-cb05e4853394,2026-09-12T06:30:00Z,2026-09-12T08:30:00+0200,1072.35,MW,DE,DE_LU,forecast_offshore_wind_generation,Wind Offshore,2026-09-12T18:50:26Z
2026-09-12T18:47:40Z,2026-09-12T20:47:40+0200,0830df87-043d-4360-8c85-cb05e4853394,2026-09-12T06:45:00Z,2026-09-12T08:45:00+0200,1091.29,MW,DE,DE_LU,forecast_offshore_wind_generation,Wind Offshore,2026-09-12T18:50:26Z
2026-09-12T18:47:40Z,2026-09-12T20:47:40+0200,0830df87-043d-4360-8c85-cb05e4853394,2026-09-12T07:00:00Z,2026-09-12T09:00:00+0200,1118.27,MW,DE,DE_LU,forecast_offshore_wind_generation,Wind Offshore,2026-09-12T18:50:26Z
2026-09-12T18:47:40Z,2026-09-12T20:47:40+0200,0830df87-043d-4360-8c85-cb05e4853394,2026-09-12T07:15:00Z,2026-09-12T09:15:00+0200,1188.06,MW,DE,DE_LU,forecast_offshore_wind_generation,Wind Offshore,2026-09-12T18:50:26Z
2026-09-12T18:47:40Z,2026-09-12T20:47:40+0200,0830df87-043d-4360-8c85-cb05e4853394,2026-09-12T07:30:00Z,2026-09-12T09:30:00+0200,1256.9,MW,DE,DE_LU,forecast_offshore_wind_generation,Wind Offshore,2026-09-12T18:50:26Z
2026-09-12T18:47:40Z,2026-09-12T20:47:40+0200,0830df87-043d-4360-8c85-cb05e4853394,2026-09-12T07:45:00Z,2026-09-12T09:45:00+0200,1337.04,MW,DE,DE_LU,forecast_offshore_wind_generation,Wind Offshore,2026-09-12T18:50:26Z
2026-09-12T18:47:40Z,2026-09-12T20:47:40+0200,0830df87-043d-4360-8c85-cb05e4853394,2026-09-12T08:00:00Z,2026-09-12T10:00:00+0200,1416.4,MW,DE,DE_LU,forecast_offshore_wind_generation,Wind Offshore,2026-09-12T18:50:26Z
2026-09-12T18:47:40Z,2026-09-12T20:47:40+0200,0830df87-043d-4360-8c85-cb05e4853394,2026-09-12T08:15:00Z,2026-09-12T10:15:00+0200,1531.43,MW,DE,DE_LU,forecast_offshore_wind_generation,Wind Offshore,2026-09-12T18:50:26Z
2026-09-12T18:47:40Z,2026-09-12T20:47:40+0200,0830df87-043d-4360-8c85-cb05e4853394,2026-09-12T08:30:00Z,2026-09-12T10:30:00+0200,1644.44,MW,DE,DE_LU,forecast_offshore_wind_generation,Wind Offshore,2026-09-12T18:50:26Z
2026-09-12T18:47:40Z,2026-09-12T20:47:40+0200,0830df87-043d-4360-8c85-cb05e4853394,2026-09-12T08:45:00Z,2026-09-12T10:45:00+0200,1750.43,MW,DE,DE_LU,forecast_offshore_wind_generation,Wind Offshore,2026-09-12T18:50:26Z
2026-09-12T18:47:40Z,2026-09-12T20:47:40+0200,0830df87-043d-4360-8c85-cb05e4853394,2026-09-12T09:00:00Z,2026-09-12T11:00:00+0200,1857.4,MW,DE,DE_LU,forecast_offshore_wind_generation,Wind Offshore,2026-09-12T18:50:26Z
2026-09-12T18:47:40Z,2026-09-12T20:47:40+0200,0830df87-043d-4360-8c85-cb05e4853394,2026-09-12T09:15:00Z,2026-09-12T11:15:00+0200,1982.31,MW,DE,DE_LU,forecast_offshore_wind_generation,Wind Offshore,2026-09-12T18:50:26Z
2026-09-12T18:47:40Z,2026-09-12T20:47:40+0200,0830df87-043d-4360-8c85-cb05e4853394,2026-09-12T09:30:00Z,2026-09-12T11:30:00+0200,2103.26,MW,DE,DE_LU,forecast_offshore_wind_generation,Wind Offshore,2026-09-12T18:50:26Z
2026-09-12T18:47:40Z,2026-09-12T20:47:40+0200,0830df87-043d-4360-8c85-cb05e4853394,2026-09-12T09:45:00Z,2026-09-12T11:45:00+0200,2214.13,MW,DE,DE_LU,forecast_offshore_wind_generation,Wind Offshore,2026-09-12T18:50:26Z
2026-09-12T18:47:40Z,2026-09-12T20:47:40+0200,0830df87-043d-4360-8c85-cb05e4853394,2026-09-12T10:00:00Z,2026-09-12T12:00:00+0200,2333.14,MW,DE,DE_LU,forecast_offshore_wind_generation,Wind Offshore,2026-09-12T18:50:26Z
2026-09-12T18:47:40Z,2026-09-12T20:47:40+0200,0830df87-043d-4360-8c85-cb05e4853394,2026-09-12T10:15:00Z,2026-09-12T12:15:00+0200,2461.21,MW,DE,DE_LU,forecast_offshore_wind_generation,Wind Offshore,2026-09-12T18:50:26Z
2026-09-12T18:47:40Z,2026-09-12T20:47:40+0200,0830df87-043d-4360-8c85-cb05e4853394,2026-09-12T10:30:00Z,2026-09-12T12:30:00+0200,2592.29,MW,DE,DE_LU,forecast_offshore_wind_generation,Wind Offshore,2026-09-12T18:50:26Z
2026-09-12T18:47:40Z,2026-09-12T20:47:40+0200,0830df87-043d-4360-8c85-cb05e4853394,2026-09-12T10:45:00Z,2026-09-12T12:45:00+0200,2841.73,MW,DE,DE_LU,forecast_offshore_wind_generation,Wind Offshore,2026-09-12T18:50:26Z
2026-09-12T18:47:40Z,2026-09-12T20:47:40+0200,0830df87-043d-4360-8c85-cb05e4853394,2026-09-12T11:00:00Z,2026-09-12T13:00:00+0200,2972.96,MW,DE,DE_LU,forecast_offshore_wind_generation,Wind Offshore,2026-09-12T18:50:26Z
2026-09-12T18:47:40Z,2026-09-12T20:47:40+0200,0830df87-043d-4360-8c85-cb05e4853394,2026-09-12T11:15:00Z,2026-09-12T13:15:00+0200,3119.89,MW,DE,DE_LU,forecast_offshore_wind_generation,Wind Offshore,2026-09-12T18:50:26Z
2026-09-12T18:47:40Z,2026-09-12T20:47:40+0200,0830df87-043d-4360-8c85-cb05e4853394,2026-09-12T11:30:00Z,2026-09-12T13:30:00+0200,3259.89,MW,DE,DE_LU,forecast_offshore_wind_generation,Wind Offshore,2026-09-12T18:50:26Z
2026-09-12T18:47:40Z,2026-09-12T20:47:40+0200,0830df87-043d-4360-8c85-cb05e4853394,2026-09-12T11:45:00Z,2026-09-12T13:45:00+0200,3394.83,MW,DE,DE_LU,forecast_offshore_wind_generation,Wind Offshore,2026-09-12T18:50:26Z
2026-09-12T18:47:40Z,2026-09-12T20:47:40+0200,0830df87-043d-4360-8c85-cb05e4853394,2026-09-12T12:00:00Z,2026-09-12T14:00:00+0200,3514.2,MW,DE,DE_LU,forecast_offshore_wind_generation,Wind Offshore,2026-09-12T18:50:26Z
2026-09-12T18:47:40Z,2026-09-12T20:47:40+0200,0830df87-043d-4360-8c85-cb05e4853394,2026-09-12T12:15:00Z,2026-09-12T14:15:00+0200,3619.93,MW,DE,DE_LU,forecast_offshore_wind_generation,Wind Offshore,2026-09-12T18:50:26Z
2026-09-12T18:47:40Z,2026-09-12T20:47:40+0200,0830df87-043d-4360-8c85-cb05e4853394,2026-09-12T12:30:00Z,2026-09-12T14:30:00+0200,3725.76,MW,DE,DE_LU,forecast_offshore_wind_generation,Wind Offshore,2026-09-12T18:50:26Z
2026-09-12T18:47:40Z,2026-09-12T20:47:40+0200,0830df87-043d-4360-8c85-cb05e4853394,2026-09-12T12:45:00Z,2026-09-12T14:45:00+0200,3828.91,MW,DE,DE_LU,forecast_offshore_wind_generation,Wind Offshore,2026-09-12T18:50:26Z
2026-09-12T18:47:40Z,2026-09-12T20:47:40+0200,0830df87-043d-4360-8c85-cb05e4853394,2026-09-12T13:00:00Z,2026-09-12T15:00:00+0200,3935.83,MW,DE,DE_LU,forecast_offshore_wind_generation,Wind Offshore,2026-09-12T18:50:26Z
2026-09-12T18:47:40Z,2026-09-12T20:47:40+0200,0830df87-043d-4360-8c85-cb05e4853394,2026-09-12T13:15:00Z,2026-09-12T15:15:00+0200,4027.39,MW,DE,DE_LU,forecast_offshore_wind_generation,Wind Offshore,2026-09-12T18:50:26Z
2026-09-12T18:47:40Z,2026-09-12T20:47:40+0200,0830df87-043d-4360-8c85-cb05e4853394,2026-09-12T13:30:00Z,2026-09-12T15:30:00+0200,4118.98,MW,DE,DE_LU,forecast_offshore_wind_generation,Wind Offshore,2026-09-12T18:50:26Z
2026-09-12T18:47:40Z,2026-09-12T20:47:40+0200,0830df87-043d-4360-8c85-cb05e4853394,2026-09-12T13:45:00Z,2026-09-12T15:45:00+0200,4204.61,MW,DE,DE_LU,forecast_offshore_wind_generation,Wind Offshore,2026-09-12T18:50:26Z
2026-09-12T18:47:40Z,2026-09-12T20:47:40+0200,0830df87-043d-4360-8c85-cb05e4853394,2026-09-12T14:00:00Z,2026-09-12T16:00:00+0200,4298.66,MW,DE,DE_LU,forecast_offshore_wind_generation,Wind Offshore,2026-09-12T18:50:26Z
2026-09-12T18:47:40Z,2026-09-12T20:47:40+0200,0830df87-043d-4360-8c85-cb05e4853394,2026-09-12T14:15:00Z,2026-09-12T16:15:00+0200,4378.36,MW,DE,DE_LU,forecast_offshore_wind_generation,Wind Offshore,2026-09-12T18:50:26Z
2026-09-12T18:47:40Z,2026-09-12T20:47:40+0200,0830df87-043d-4360-8c85-cb05e4853394,2026-09-12T14:30:00Z,2026-09-12T16:30:00+0200,4461.18,MW,DE,DE_LU,forecast_offshore_wind_generation,Wind Offshore,2026-09-12T18:50:26Z
2026-09-12T18:47:40Z,2026-09-12T20:47:40+0200,0830df87-043d-4360-8c85-cb05e4853394,2026-09-12T14:45:00Z,2026-09-12T16:45:00+0200,4857.61,MW,DE,DE_LU,forecast_offshore_wind_generation,Wind Offshore,2026-09-12T18:50:26Z
2026-09-12T18:47:40Z,2026-09-12T20:47:40+0200,0830df87-043d-4360-8c85-cb05e4853394,2026-09-12T15:00:00Z,2026-09-12T17:00:00+0200,4954.81,MW,DE,DE_LU,forecast_offshore_wind_generation,Wind Offshore,2026-09-12T18:50:26Z
2026-09-12T18:47:40Z,2026-09-12T20:47:40+0200,0830df87-043d-4360-8c85-cb05e4853394,2026-09-12T15:15:00Z,2026-09-12T17:15:00+0200,5047.64,MW,DE,DE_LU,forecast_offshore_wind_generation,Wind Offshore,2026-09-12T18:50:26Z
2026-09-12T18:47:40Z,2026-09-12T20:47:40+0200,0830df87-043d-4360-8c85-cb05e4853394,2026-09-12T15:30:00Z,2026-09-12T17:30:00+0200,5140.49,MW,DE,DE_LU,forecast_offshore_wind_generation,Wind Offshore,2026-09-12T18:50:26Z
2026-09-12T18:47:40Z,2026-09-12T20:47:40+0200,0830df87-043d-4360-8c85-cb05e4853394,2026-09-12T15:45:00Z,2026-09-12T17:45:00+0200,5223.31,MW,DE,DE_LU,forecast_offshore_wind_generation,Wind Offshore,2026-09-12T18:50:26Z
2026-09-12T18:47:40Z,2026-09-12T20:47:40+0200,0830df87-043d-4360-8c85-cb05e4853394,2026-09-12T16:00:00Z,2026-09-12T18:00:00+0200,5290.6,MW,DE,DE_LU,forecast_offshore_wind_generation,Wind Offshore,2026-09-12T18:50:26Z
2026-09-12T18:47:40Z,2026-09-12T20:47:40+0200,0830df87-043d-4360-8c85-cb05e4853394,2026-09-12T16:15:00Z,2026-09-12T18:15:00+0200,5345.58,MW,DE,DE_LU,forecast_offshore_wind_generation,Wind Offshore,2026-09-12T18:50:26Z
2026-09-12T18:47:40Z,2026-09-12T20:47:40+0200,0830df87-043d-4360-8c85-cb05e4853394,2026-09-12T16:30:00Z,2026-09-12T18:30:00+0200,5397.57,MW,DE,DE_LU,forecast_offshore_wind_generation,Wind Offshore,2026-09-12T18:50:26Z
2026-09-12T18:47:40Z,2026-09-12T20:47:40+0200,0830df87-043d-4360-8c85-cb05e4853394,2026-09-12T16:45:00Z,2026-09-12T18:45:00+0200,5436.19,MW,DE,DE_LU,forecast_offshore_wind_generation,Wind Offshore,2026-09-12T18:50:26Z
2026-09-12T18:47:40Z,2026-09-12T20:47:40+0200,0830df87-043d-4360-8c85-cb05e4853394,2026-09-12T17:00:00Z,2026-09-12T19:00:00+0200,5467.14,MW,DE,DE_LU,forecast_offshore_wind_generation,Wind Offshore,2026-09-12T18:50:26Z
2026-09-12T18:47:40Z,2026-09-12T20:47:40+0200,0830df87-043d-4360-8c85-cb05e4853394,2026-09-12T17:15:00Z,2026-09-12T19:15:00+0200,5458.6,MW,DE,DE_LU,forecast_offshore_wind_generation,Wind Offshore,2026-09-12T18:50:26Z
2026-09-12T18:47:40Z,2026-09-12T20:47:40+0200,0830df87-043d-4360-8c85-cb05e4853394,2026-09-12T17:30:00Z,2026-09-12T19:30:00+0200,5394.16,MW,DE,DE_LU,forecast_offshore_wind_generation,Wind Offshore,2026-09-12T18:50:26Z
2026-09-12T18:47:40Z,2026-09-12T20:47:40+0200,0830df87-043d-4360-8c85-cb05e4853394,2026-09-12T17:45:00Z,2026-09-12T19:45:00+0200,5395.38,MW,DE,DE_LU,forecast_offshore_wind_generation,Wind Offshore,2026-09-12T18:50:26Z
2026-09-12T18:47:40Z,2026-09-12T20:47:40+0200,0830df87-043d-4360-8c85-cb05e4853394,2026-09-12T18:00:00Z,2026-09-12T20:00:00+0200,5384.15,MW,DE,DE_LU,forecast_offshore_wind_generation,Wind Offshore,2026-09-12T18:50:26Z
2026-09-12T18:47:40Z,2026-09-12T20:47:40+0200,0830df87-043d-4360-8c85-cb05e4853394,2026-09-12T18:15:00Z,2026-09-12T20:15:00+0200,5325.03,MW,DE,DE_LU,forecast_offshore_wind_generation,Wind Offshore,2026-09-12T18:50:26Z
2026-09-12T18:47:40Z,2026-09-12T20:47:40+0200,0830df87-043d-4360-8c85-cb05e4853394,2026-09-12T18:30:00Z,2026-09-12T20:30:00+0200,5257.92,MW,DE,DE_LU,forecast_offshore_wind_generation,Wind Offshore,2026-09-12T18:50:26Z
2026-09-12T18:47:40Z,2026-09-12T20:47:40+0200,0830df87-043d-4360-8c85-cb05e4853394,2026-09-12T18:45:00Z,2026-09-12T20:45:00+0200,5195.65,MW,DE,DE_LU,forecast_offshore_wind_generation,Wind Offshore,2026-09-12T18:50:26Z
2026-09-12T18:47:40Z,2026-09-12T20:47:40+0200,0830df87-043d-4360-8c85-cb05e4853394,2026-09-12T19:00:00Z,2026-09-12T21:00:00+0200,5129.12,MW,DE,DE_LU,forecast_offshore_wind_generation,Wind Offshore,2026-09-12T18:50:28Z
2026-09-12T18:47:40Z,2026-09-12T20:47:40+0200,0830df87-043d-4360-8c85-cb05e4853394,2026-09-12T19:15:00Z,2026-09-12T21:15:00+0200,5085.83,MW,DE,DE_LU,forecast_offshore_wind_generation,Wind Offshore,2026-09-12T18:50:28Z
2026-09-12T18:47:40Z,2026-09-12T20:47:40+0200,0830df87-043d-4360-8c85-cb05e4853394,2026-09-12T19:30:00Z,2026-09-12T21:30:00+0200,5047.63,MW,DE,DE_LU,forecast_offshore_wind_generation,Wind Offshore,2026-09-12T18:50:28Z
2026-09-12T18:47:40Z,2026-09-12T20:47:40+0200,0830df87-043d-4360-8c85-cb05e4853394,2026-09-12T19:45:00Z,2026-09-12T21:45:00+0200,4998.71,MW,DE,DE_LU,forecast_offshore_wind_generation,Wind Offshore,2026-09-12T18:50:28Z
2026-09-12T18:47:40Z,2026-09-12T20:47:40+0200,0830df87-043d-4360-8c85-cb05e4853394,2026-09-12T20:00:00Z,2026-09-12T22:00:00+0200,4937.49,MW,DE,DE_LU,forecast_offshore_wind_generation,Wind Offshore,2026-09-12T18:50:28Z
2026-09-12T18:47:40Z,2026-09-12T20:47:40+0200,0830df87-043d-4360-8c85-cb05e4853394,2026-09-12T20:15:00Z,2026-09-12T22:15:00+0200,4889.79,MW,DE,DE_LU,forecast_offshore_wind_generation,Wind Offshore,2026-09-12T18:50:28Z
2026-09-12T18:47:40Z,2026-09-12T20:47:40+0200,0830df87-043d-4360-8c85-cb05e4853394,2026-09-12T20:30:00Z,2026-09-12T22:30:00+0200,4843.15,MW,DE,DE_LU,forecast_offshore_wind_generation,Wind Offshore,2026-09-12T18:50:28Z
2026-09-12T18:47:40Z,2026-09-12T20:47:40+0200,0830df87-043d-4360-8c85-cb05e4853394,2026-09-12T20:45:00Z,2026-09-12T22:45:00+0200,4791.25,MW,DE,DE_LU,forecast_offshore_wind_generation,Wind Offshore,2026-09-12T18:50:28Z
2026-09-12T18:47:40Z,2026-09-12T20:47:40+0200,0830df87-043d-4360-8c85-cb05e4853394,2026-09-12T21:00:00Z,2026-09-12T23:00:00+0200,4735.92,MW,DE,DE_LU,forecast_offshore_wind_generation,Wind Offshore,2026-09-12T18:50:28Z
2026-09-12T18:47:40Z,2026-09-12T20:47:40+0200,0830df87-043d-4360-8c85-cb05e4853394,2026-09-12T21:15:00Z,2026-09-12T23:15:00+0200,4656.49,MW,DE,DE_LU,forecast_offshore_wind_generation,Wind Offshore,2026-09-12T18:50:28Z
2026-09-12T18:47:40Z,2026-09-12T20:47:40+0200,0830df87-043d-4360-8c85-cb05e4853394,2026-09-12T21:30:00Z,2026-09-12T23:30:00+0200,4579.05,MW,DE,DE_LU,forecast_offshore_wind_generation,Wind Offshore,2026-09-12T18:50:28Z
2026-09-12T18:47:40Z,2026-09-12T20:47:40+0200,0830df87-043d-4360-8c85-cb05e4853394,2026-09-12T21:45:00Z,2026-09-12T23:45:00+0200,4481.53,MW,DE,DE_LU,forecast_offshore_wind_generation,Wind Offshore,2026-09-12T18:50:28Z
2026-09-12T18:47:40Z,2026-09-12T20:47:40+0200,0830df87-043d-4360-8c85-cb05e4853394,2026-09-12T22:00:00Z,2026-09-13T00:00:00+0200,4470.78,MW,DE,DE_LU,forecast_offshore_wind_generation,Wind Offshore,2026-09-12T18:50:28Z
2026-09-12T18:47:40Z,2026-09-12T20:47:40+0200,0830df87-043d-4360-8c85-cb05e4853394,2026-09-12T22:15:00Z,2026-09-13T00:15:00+0200,4408.04,MW,DE,DE_LU,forecast_offshore_wind_generation,Wind Offshore,2026-09-12T18:50:28Z
2026-09-12T18:47:40Z,2026-09-12T20:47:40+0200,0830df87-043d-4360-8c85-cb05e4853394,2026-09-12T22:30:00Z,2026-09-13T00:30:00+0200,4317.54,MW,DE,DE_LU,forecast_offshore_wind_generation,Wind Offshore,2026-09-12T18:50:28Z
2026-09-12T18:47:40Z,2026-09-12T20:47:40+0200,0830df87-043d-4360-8c85-cb05e4853394,2026-09-12T22:45:00Z,2026-09-13T00:45:00+0200,4215.85,MW,DE,DE_LU,forecast_offshore_wind_generation,Wind Offshore,2026-09-12T18:50:28Z
2026-09-12T18:47:40Z,2026-09-12T20:47:40+0200,0830df87-043d-4360-8c85-cb05e4853394,2026-09-12T23:00:00Z,2026-09-13T01:00:00+0200,4113.67,MW,DE,DE_LU,forecast_offshore_wind_generation,Wind Offshore,2026-09-12T18:50:28Z
2026-09-12T18:47:40Z,2026-09-12T20:47:40+0200,0830df87-043d-4360-8c85-cb05e4853394,2026-09-12T23:15:00Z,2026-09-13T01:15:00+0200,3993.73,MW,DE,DE_LU,forecast_offshore_wind_generation,Wind Offshore,2026-09-12T18:50:28Z
2026-09-12T18:47:40Z,2026-09-12T20:47:40+0200,0830df87-043d-4360-8c85-cb05e4853394,2026-09-12T23:30:00Z,2026-09-13T01:30:00+0200,3868.85,MW,DE,DE_LU,forecast_offshore_wind_generation,Wind Offshore,2026-09-12T18:50:28Z
2026-09-12T18:47:40Z,2026-09-12T20:47:40+0200,0830df87-043d-4360-8c85-cb05e4853394,2026-09-12T23:45:00Z,2026-09-13T01:45:00+0200,3742.47,MW,DE,DE_LU,forecast_offshore_wind_generation,Wind Offshore,2026-09-12T18:50:28Z
2026-09-12T18:47:40Z,2026-09-12T20:47:40+0200,0830df87-043d-4360-8c85-cb05e4853394,2026-09-13T00:00:00Z,2026-09-13T02:00:00+0200,3620.05,MW,DE,DE_LU,forecast_offshore_wind_generation,Wind Offshore,2026-09-12T18:50:28Z
2026-09-12T18:47:40Z,2026-09-12T20:47:40+0200,0830df87-043d-4360-8c85-cb05e4853394,2026-09-13T00:15:00Z,2026-09-13T02:15:00+0200,3512.98,MW,DE,DE_LU,forecast_offshore_wind_generation,Wind Offshore,2026-09-12T18:50:28Z
2026-09-12T18:47:40Z,2026-09-12T20:47:40+0200,0830df87-043d-4360-8c85-cb05e4853394,2026-09-13T00:30:00Z,2026-09-13T02:30:00+0200,3406.11,MW,DE,DE_LU,forecast_offshore_wind_generation,Wind Offshore,2026-09-12T18:50:28Z
2026-09-12T18:47:40Z,2026-09-12T20:47:40+0200,0830df87-043d-4360-8c85-cb05e4853394,2026-09-13T00:45:00Z,2026-09-13T02:45:00+0200,3301.83,MW,DE,DE_LU,forecast_offshore_wind_generation,Wind Offshore,2026-09-12T18:50:28Z
2026-09-12T18:47:40Z,2026-09-12T20:47:40+0200,0830df87-043d-4360-8c85-cb05e4853394,2026-09-13T01:00:00Z,2026-09-13T03:00:00+0200,3202.94,MW,DE,DE_LU,forecast_offshore_wind_generation,Wind Offshore,2026-09-12T18:50:28Z
2026-09-12T18:47:40Z,2026-09-12T20:47:40+0200,0830df87-043d-4360-8c85-cb05e4853394,2026-09-13T01:15:00Z,2026-09-13T03:15:00+0200,3125.83,MW,DE,DE_LU,forecast_offshore_wind_generation,Wind Offshore,2026-09-12T18:50:28Z
2026-09-12T18:47:40Z,2026-09-12T20:47:40+0200,0830df87-043d-4360-8c85-cb05e4853394,2026-09-13T01:30:00Z,2026-09-13T03:30:00+0200,3048.79,MW,DE,DE_LU,forecast_offshore_wind_generation,Wind Offshore,2026-09-12T18:50:28Z
2026-09-12T18:47:40Z,2026-09-12T20:47:40+0200,0830df87-043d-4360-8c85-cb05e4853394,2026-09-13T01:45:00Z,2026-09-13T03:45:00+0200,2975.34,MW,DE,DE_LU,forecast_offshore_wind_generation,Wind Offshore,2026-09-12T18:50:28Z
2026-09-12T18:47:40Z,2026-09-12T20:47:40+0200,0830df87-043d-4360-8c85-cb05e4853394,2026-09-13T02:00:00Z,2026-09-13T04:00:00+0200,2901.94,MW,DE,DE_LU,forecast_offshore_wind_generation,Wind Offshore,2026-09-12T18:50:28Z
2026-09-12T18:47:40Z,2026-09-12T20:47:40+0200,0830df87-043d-4360-8c85-cb05e4853394,2026-09-13T02:15:00Z,2026-09-13T04:15:00+0200,2849.74,MW,DE,DE_LU,forecast_offshore_wind_generation,Wind Offshore,2026-09-12T18:50:28Z
2026-09-12T18:47:40Z,2026-09-12T20:47:40+0200,0830df87-043d-4360-8c85-cb05e4853394,2026-09-13T02:30:00Z,2026-09-13T04:30:00+0200,2796.56,MW,DE,DE_LU,forecast_offshore_wind_generation,Wind Offshore,2026-09-12T18:50:28Z
2026-09-12T18:47:40Z,2026-09-12T20:47:40+0200,0830df87-043d-4360-8c85-cb05e4853394,2026-09-13T02:45:00Z,2026-09-13T04:45:00+0200,2736.31,MW,DE,DE_LU,forecast_offshore_wind_generation,Wind Offshore,2026-09-12T18:50:28Z
2026-09-12T18:47:40Z,2026-09-12T20:47:40+0200,0830df87-043d-4360-8c85-cb05e4853394,2026-09-13T03:00:00Z,2026-09-13T05:00:00+0200,2675.99,MW,DE,DE_LU,forecast_offshore_wind_generation,Wind Offshore,2026-09-12T18:50:28Z
2026-09-12T18:47:40Z,2026-09-12T20:47:40+0200,0830df87-043d-4360-8c85-cb05e4853394,2026-09-13T03:15:00Z,2026-09-13T05:15:00+0200,2613.98,MW,DE,DE_LU,forecast_offshore_wind_generation,Wind Offshore,2026-09-12T18:50:28Z
2026-09-12T18:47:40Z,2026-09-12T20:47:40+0200,0830df87-043d-4360-8c85-cb05e4853394,2026-09-13T03:30:00Z,2026-09-13T05:30:00+0200,2545.98,MW,DE,DE_LU,forecast_offshore_wind_generation,Wind Offshore,2026-09-12T18:50:28Z
2026-09-12T18:47:40Z,2026-09-12T20:47:40+0200,0830df87-043d-4360-8c85-cb05e4853394,2026-09-13T03:45:00Z,2026-09-13T05:45:00+0200,2482.42,MW,DE,DE_LU,forecast_offshore_wind_generation,Wind Offshore,2026-09-12T18:50:28Z
2026-09-12T18:47:40Z,2026-09-12T20:47:40+0200,0830df87-043d-4360-8c85-cb05e4853394,2026-09-13T04:00:00Z,2026-09-13T06:00:00+0200,2420.65,MW,DE,DE_LU,forecast_offshore_wind_generation,Wind Offshore,2026-09-12T18:50:28Z
2026-09-12T18:47:40Z,2026-09-12T20:47:40+0200,0830df87-043d-4360-8c85-cb05e4853394,2026-09-13T04:15:00Z,2026-09-13T06:15:00+0200,2334.34,MW,DE,DE_LU,forecast_offshore_wind_generation,Wind Offshore,2026-09-12T18:50:28Z
2026-09-12T18:47:40Z,2026-09-12T20:47:40+0200,0830df87-043d-4360-8c85-cb05e4853394,2026-09-13T04:30:00Z,2026-09-13T06:30:00+0200,2320.17,MW,DE,DE_LU,forecast_offshore_wind_generation,Wind Offshore,2026-09-12T18:50:28Z
2026-09-12T18:47:40Z,2026-09-12T20:47:40+0200,0830df87-043d-4360-8c85-cb05e4853394,2026-09-13T04:45:00Z,2026-09-13T06:45:00+0200,2302.6,MW,DE,DE_LU,forecast_offshore_wind_generation,Wind Offshore,2026-09-12T18:50:28Z
2026-09-12T18:47:40Z,2026-09-12T20:47:40+0200,0830df87-043d-4360-8c85-cb05e4853394,2026-09-13T05:00:00Z,2026-09-13T07:00:00+0200,2280.73,MW,DE,DE_LU,forecast_offshore_wind_generation,Wind Offshore,2026-09-12T18:50:28Z
2026-09-12T18:47:40Z,2026-09-12T20:47:40+0200,0830df87-043d-4360-8c85-cb05e4853394,2026-09-13T05:15:00Z,2026-09-13T07:15:00+0200,2285.95,MW,DE,DE_LU,forecast_offshore_wind_generation,Wind Offshore,2026-09-12T18:50:28Z
2026-09-12T18:47:40Z,2026-09-12T20:47:40+0200,0830df87-043d-4360-8c85-cb05e4853394,2026-09-13T05:30:00Z,2026-09-13T07:30:00+0200,2282.27,MW,DE,DE_LU,forecast_offshore_wind_generation,Wind Offshore,2026-09-12T18:50:28Z
2026-09-12T18:47:40Z,2026-09-12T20:47:40+0200,0830df87-043d-4360-8c85-cb05e4853394,2026-09-13T05:45:00Z,2026-09-13T07:45:00+0200,2282.62,MW,DE,DE_LU,forecast_offshore_wind_generation,Wind Offshore,2026-09-12T18:50:28Z
2026-09-12T18:47:40Z,2026-09-12T20:47:40+0200,0830df87-043d-4360-8c85-cb05e4853394,2026-09-13T06:00:00Z,2026-09-13T08:00:00+0200,2277.48,MW,DE,DE_LU,forecast_offshore_wind_generation,Wind Offshore,2026-09-12T18:50:28Z
2026-09-12T18:47:40Z,2026-09-12T20:47:40+0200,0830df87-043d-4360-8c85-cb05e4853394,2026-09-13T06:15:00Z,2026-09-13T08:15:00+0200,2264.49,MW,DE,DE_LU,forecast_offshore_wind_generation,Wind Offshore,2026-09-12T18:50:28Z
2026-09-12T18:47:40Z,2026-09-12T20:47:40+0200,0830df87-043d-4360-8c85-cb05e4853394,2026-09-13T06:30:00Z,2026-09-13T08:30:00+0200,2247.58,MW,DE,DE_LU,forecast_offshore_wind_generation,Wind Offshore,2026-09-12T18:50:28Z
2026-09-12T18:47:40Z,2026-09-12T20:47:40+0200,0830df87-043d-4360-8c85-cb05e4853394,2026-09-13T06:45:00Z,2026-09-13T08:45:00+0200,2226.1,MW,DE,DE_LU,forecast_offshore_wind_generation,Wind Offshore,2026-09-12T18:50:28Z
2026-09-12T18:47:40Z,2026-09-12T20:47:40+0200,0830df87-043d-4360-8c85-cb05e4853394,2026-09-13T07:00:00Z,2026-09-13T09:00:00+0200,2009.24,MW,DE,DE_LU,forecast_offshore_wind_generation,Wind Offshore,2026-09-12T18:50:28Z
2026-09-12T18:47:40Z,2026-09-12T20:47:40+0200,0830df87-043d-4360-8c85-cb05e4853394,2026-09-13T07:15:00Z,2026-09-13T09:15:00+0200,1982.21,MW,DE,DE_LU,forecast_offshore_wind_generation,Wind Offshore,2026-09-12T18:50:28Z
2026-09-12T18:47:40Z,2026-09-12T20:47:40+0200,0830df87-043d-4360-8c85-cb05e4853394,2026-09-13T07:30:00Z,2026-09-13T09:30:00+0200,1958.35,MW,DE,DE_LU,forecast_offshore_wind_generation,Wind Offshore,2026-09-12T18:50:28Z
2026-09-12T18:47:40Z,2026-09-12T20:47:40+0200,0830df87-043d-4360-8c85-cb05e4853394,2026-09-13T07:45:00Z,2026-09-13T09:45:00+0200,1930.98,MW,DE,DE_LU,forecast_offshore_wind_generation,Wind Offshore,2026-09-12T18:50:28Z
2026-09-12T18:47:40Z,2026-09-12T20:47:40+0200,0830df87-043d-4360-8c85-cb05e4853394,2026-09-13T08:00:00Z,2026-09-13T10:00:00+0200,1902.47,MW,DE,DE_LU,forecast_offshore_wind_generation,Wind Offshore,2026-09-12T18:50:28Z
2026-09-12T18:47:40Z,2026-09-12T20:47:40+0200,0830df87-043d-4360-8c85-cb05e4853394,2026-09-13T08:15:00Z,2026-09-13T10:15:00+0200,1868.2,MW,DE,DE_LU,forecast_offshore_wind_generation,Wind Offshore,2026-09-12T18:50:28Z
2026-09-12T18:47:40Z,2026-09-12T20:47:40+0200,0830df87-043d-4360-8c85-cb05e4853394,2026-09-13T08:30:00Z,2026-09-13T10:30:00+0200,1833.06,MW,DE,DE_LU,forecast_offshore_wind_generation,Wind Offshore,2026-09-12T18:50:28Z
2026-09-12T18:47:40Z,2026-09-12T20:47:40+0200,0830df87-043d-4360-8c85-cb05e4853394,2026-09-13T08:45:00Z,2026-09-13T10:45:00+0200,1793.35,MW,DE,DE_LU,forecast_offshore_wind_generation,Wind Offshore,2026-09-12T18:50:28Z
2026-09-12T18:47:40Z,2026-09-12T20:47:40+0200,0830df87-043d-4360-8c85-cb05e4853394,2026-09-13T09:00:00Z,2026-09-13T11:00:00+0200,1763.7,MW,DE,DE_LU,forecast_offshore_wind_generation,Wind Offshore,2026-09-12T18:50:28Z
2026-09-12T18:47:40Z,2026-09-12T20:47:40+0200,0830df87-043d-4360-8c85-cb05e4853394,2026-09-13T09:15:00Z,2026-09-13T11:15:00+0200,1740.51,MW,DE,DE_LU,forecast_offshore_wind_generation,Wind Offshore,2026-09-12T18:50:28Z
2026-09-12T18:47:40Z,2026-09-12T20:47:40+0200,0830df87-043d-4360-8c85-cb05e4853394,2026-09-13T09:30:00Z,2026-09-13T11:30:00+0200,1712.5,MW,DE,DE_LU,forecast_offshore_wind_generation,Wind Offshore,2026-09-12T18:50:28Z
2026-09-12T18:47:40Z,2026-09-12T20:47:40+0200,0830df87-043d-4360-8c85-cb05e4853394,2026-09-13T09:45:00Z,2026-09-13T11:45:00+0200,1687.06,MW,DE,DE_LU,forecast_offshore_wind_generation,Wind Offshore,2026-09-12T18:50:28Z
2026-09-12T18:47:40Z,2026-09-12T20:47:40+0200,0830df87-043d-4360-8c85-cb05e4853394,2026-09-13T10:00:00Z,2026-09-13T12:00:00+0200,1827.9,MW,DE,DE_LU,forecast_offshore_wind_generation,Wind Offshore,2026-09-12T18:50:28Z
2026-09-12T18:47:40Z,2026-09-12T20:47:40+0200,0830df87-043d-4360-8c85-cb05e4853394,2026-09-13T10:15:00Z,2026-09-13T12:15:00+0200,1816.97,MW,DE,DE_LU,forecast_offshore_wind_generation,Wind Offshore,2026-09-12T18:50:28Z
2026-09-12T18:47:40Z,2026-09-12T20:47:40+0200,0830df87-043d-4360-8c85-cb05e4853394,2026-09-13T10:30:00Z,2026-09-13T12:30:00+0200,1805.02,MW,DE,DE_LU,forecast_offshore_wind_generation,Wind Offshore,2026-09-12T18:50:28Z
2026-09-12T18:47:40Z,2026-09-12T20:47:40+0200,0830df87-043d-4360-8c85-cb05e4853394,2026-09-13T10:45:00Z,2026-09-13T12:45:00+0200,1794.17,MW,DE,DE_LU,forecast_offshore_wind_generation,Wind Offshore,2026-09-12T18:50:28Z
2026-09-12T18:47:40Z,2026-09-12T20:47:40+0200,0830df87-043d-4360-8c85-cb05e4853394,2026-09-13T11:00:00Z,2026-09-13T13:00:00+0200,1782.45,MW,DE,DE_LU,forecast_offshore_wind_generation,Wind Offshore,2026-09-12T18:50:28Z
2026-09-12T18:47:40Z,2026-09-12T20:47:40+0200,0830df87-043d-4360-8c85-cb05e4853394,2026-09-13T11:15:00Z,2026-09-13T13:15:00+0200,1762.96,MW,DE,DE_LU,forecast_offshore_wind_generation,Wind Offshore,2026-09-12T18:50:28Z
2026-09-12T18:47:40Z,2026-09-12T20:47:40+0200,0830df87-043d-4360-8c85-cb05e4853394,2026-09-13T11:30:00Z,2026-09-13T13:30:00+0200,1753.57,MW,DE,DE_LU,forecast_offshore_wind_generation,Wind Offshore,2026-09-12T18:50:28Z
2026-09-12T18:47:40Z,2026-09-12T20:47:40+0200,0830df87-043d-4360-8c85-cb05e4853394,2026-09-13T11:45:00Z,2026-09-13T13:45:00+0200,1733.13,MW,DE,DE_LU,forecast_offshore_wind_generation,Wind Offshore,2026-09-12T18:50:28Z
2026-09-12T18:47:40Z,2026-09-12T20:47:40+0200,0830df87-043d-4360-8c85-cb05e4853394,2026-09-13T12:00:00Z,2026-09-13T14:00:00+0200,1716.64,MW,DE,DE_LU,forecast_offshore_wind_generation,Wind Offshore,2026-09-12T18:50:28Z
2026-09-12T18:47:40Z,2026-09-12T20:47:40+0200,0830df87-043d-4360-8c85-cb05e4853394,2026-09-13T12:15:00Z,2026-09-13T14:15:00+0200,1703.49,MW,DE,DE_LU,forecast_offshore_wind_generation,Wind Offshore,2026-09-12T18:50:28Z
2026-09-12T18:47:40Z,2026-09-12T20:47:40+0200,0830df87-043d-4360-8c85-cb05e4853394,2026-09-13T12:30:00Z,2026-09-13T14:30:00+0200,1689.35,MW,DE,DE_LU,forecast_offshore_wind_generation,Wind Offshore,2026-09-12T18:50:28Z
2026-09-12T18:47:40Z,2026-09-12T20:47:40+0200,0830df87-043d-4360-8c85-cb05e4853394,2026-09-13T12:45:00Z,2026-09-13T14:45:00+0200,1668.12,MW,DE,DE_LU,forecast_offshore_wind_generation,Wind Offshore,2026-09-12T18:50:28Z
2026-09-12T18:47:40Z,2026-09-12T20:47:40+0200,0830df87-043d-4360-8c85-cb05e4853394,2026-09-13T13:00:00Z,2026-09-13T15:00:00+0200,1653.14,MW,DE,DE_LU,forecast_offshore_wind_generation,Wind Offshore,2026-09-12T18:50:28Z
2026-09-12T18:47:40Z,2026-09-12T20:47:40+0200,0830df87-043d-4360-8c85-cb05e4853394,2026-09-13T13:15:00Z,2026-09-13T15:15:00+0200,1645.74,MW,DE,DE_LU,forecast_offshore_wind_generation,Wind Offshore,2026-09-12T18:50:28Z
2026-09-12T18:47:40Z,2026-09-12T20:47:40+0200,0830df87-043d-4360-8c85-cb05e4853394,2026-09-13T13:30:00Z,2026-09-13T15:30:00+0200,1632.42,MW,DE,DE_LU,forecast_offshore_wind_generation,Wind Offshore,2026-09-12T18:50:28Z
2026-09-12T18:47:40Z,2026-09-12T20:47:40+0200,0830df87-043d-4360-8c85-cb05e4853394,2026-09-13T13:45:00Z,2026-09-13T15:45:00+0200,1618.66,MW,DE,DE_LU,forecast_offshore_wind_generation,Wind Offshore,2026-09-12T18:50:28Z
2026-09-12T18:47:40Z,2026-09-12T20:47:40+0200,0830df87-043d-4360-8c85-cb05e4853394,2026-09-13T14:00:00Z,2026-09-13T16:00:00+0200,1613.69,MW,DE,DE_LU,forecast_offshore_wind_generation,Wind Offshore,2026-09-12T18:50:28Z
2026-09-12T18:47:40Z,2026-09-12T20:47:40+0200,0830df87-043d-4360-8c85-cb05e4853394,2026-09-13T14:15:00Z,2026-09-13T16:15:00+0200,1617.4,MW,DE,DE_LU,forecast_offshore_wind_generation,Wind Offshore,2026-09-12T18:50:28Z
2026-09-12T18:47:40Z,2026-09-12T20:47:40+0200,0830df87-043d-4360-8c85-cb05e4853394,2026-09-13T14:30:00Z,2026-09-13T16:30:00+0200,1621.11,MW,DE,DE_LU,forecast_offshore_wind_generation,Wind Offshore,2026-09-12T18:50:28Z
2026-09-12T18:47:40Z,2026-09-12T20:47:40+0200,0830df87-043d-4360-8c85-cb05e4853394,2026-09-13T14:45:00Z,2026-09-13T16:45:00+0200,1623.57,MW,DE,DE_LU,forecast_offshore_wind_generation,Wind Offshore,2026-09-12T18:50:28Z
2026-09-12T18:47:40Z,2026-09-12T20:47:40+0200,0830df87-043d-4360-8c85-cb05e4853394,2026-09-13T15:00:00Z,2026-09-13T17:00:00+0200,1630.02,MW,DE,DE_LU,forecast_offshore_wind_generation,Wind Offshore,2026-09-12T18:50:28Z
2026-09-12T18:47:40Z,2026-09-12T20:47:40+0200,0830df87-043d-4360-8c85-cb05e4853394,2026-09-13T15:15:00Z,2026-09-13T17:15:00+0200,1640.09,MW,DE,DE_LU,forecast_offshore_wind_generation,Wind Offshore,2026-09-12T18:50:28Z
2026-09-12T18:47:40Z,2026-09-12T20:47:40+0200,0830df87-043d-4360-8c85-cb05e4853394,2026-09-13T15:30:00Z,2026-09-13T17:30:00+0200,1652.14,MW,DE,DE_LU,forecast_offshore_wind_generation,Wind Offshore,2026-09-12T18:50:28Z
2026-09-12T18:47:40Z,2026-09-12T20:47:40+0200,0830df87-043d-4360-8c85-cb05e4853394,2026-09-13T15:45:00Z,2026-09-13T17:45:00+0200,1662.6,MW,DE,DE_LU,forecast_offshore_wind_generation,Wind Offshore,2026-09-12T18:50:28Z
2026-09-12T18:47:40Z,2026-09-12T20:47:40+0200,0830df87-043d-4360-8c85-cb05e4853394,2026-09-13T16:00:00Z,2026-09-13T18:00:00+0200,1679.04,MW,DE,DE_LU,forecast_offshore_wind_generation,Wind Offshore,2026-09-12T18:50:28Z
2026-09-12T18:47:40Z,2026-09-12T20:47:40+0200,0830df87-043d-4360-8c85-cb05e4853394,2026-09-13T16:15:00Z,2026-09-13T18:15:00+0200,1656.09,MW,DE,DE_LU,forecast_offshore_wind_generation,Wind Offshore,2026-09-12T18:50:28Z
2026-09-12T18:47:40Z,2026-09-12T20:47:40+0200,0830df87-043d-4360-8c85-cb05e4853394,2026-09-13T16:30:00Z,2026-09-13T18:30:00+0200,1614.25,MW,DE,DE_LU,forecast_offshore_wind_generation,Wind Offshore,2026-09-12T18:50:28Z
2026-09-12T18:47:40Z,2026-09-12T20:47:40+0200,0830df87-043d-4360-8c85-cb05e4853394,2026-09-13T16:45:00Z,2026-09-13T18:45:00+0200,1582.29,MW,DE,DE_LU,forecast_offshore_wind_generation,Wind Offshore,2026-09-12T18:50:28Z
2026-09-12T18:47:40Z,2026-09-12T20:47:40+0200,0830df87-043d-4360-8c85-cb05e4853394,2026-09-13T17:00:00Z,2026-09-13T19:00:00+0200,1537.93,MW,DE,DE_LU,forecast_offshore_wind_generation,Wind Offshore,2026-09-12T18:50:28Z
2026-09-12T18:47:40Z,2026-09-12T20:47:40+0200,0830df87-043d-4360-8c85-cb05e4853394,2026-09-13T17:15:00Z,2026-09-13T19:15:00+0200,1472.04,MW,DE,DE_LU,forecast_offshore_wind_generation,Wind Offshore,2026-09-12T18:50:28Z
2026-09-12T18:47:40Z,2026-09-12T20:47:40+0200,0830df87-043d-4360-8c85-cb05e4853394,2026-09-13T17:30:00Z,2026-09-13T19:30:00+0200,1401.13,MW,DE,DE_LU,forecast_offshore_wind_generation,Wind Offshore,2026-09-12T18:50:28Z
2026-09-12T18:47:40Z,2026-09-12T20:47:40+0200,0830df87-043d-4360-8c85-cb05e4853394,2026-09-13T17:45:00Z,2026-09-13T19:45:00+0200,1330.01,MW,DE,DE_LU,forecast_offshore_wind_generation,Wind Offshore,2026-09-12T18:50:28Z
2026-09-12T18:47:40Z,2026-09-12T20:47:40+0200,0830df87-043d-4360-8c85-cb05e4853394,2026-09-13T18:00:00Z,2026-09-13T20:00:00+0200,1262.72,MW,DE,DE_LU,forecast_offshore_wind_generation,Wind Offshore,2026-09-12T18:50:28Z
2026-09-12T18:47:40Z,2026-09-12T20:47:40+0200,0830df87-043d-4360-8c85-cb05e4853394,2026-09-13T18:15:00Z,2026-09-13T20:15:00+0200,1233.65,MW,DE,DE_LU,forecast_offshore_wind_generation,Wind Offshore,2026-09-12T18:50:28Z
2026-09-12T18:47:40Z,2026-09-12T20:47:40+0200,0830df87-043d-4360-8c85-cb05e4853394,2026-09-13T18:30:00Z,2026-09-13T20:30:00+0200,1203.69,MW,DE,DE_LU,forecast_offshore_wind_generation,Wind Offshore,2026-09-12T18:50:28Z
2026-09-12T18:47:40Z,2026-09-12T20:47:40+0200,0830df87-043d-4360-8c85-cb05e4853394,2026-09-13T18:45:00Z,2026-09-13T20:45:00+0200,1171.87,MW,DE,DE_LU,forecast_offshore_wind_generation,Wind Offshore,2026-09-12T18:50:28Z
2026-09-12T18:47:40Z,2026-09-12T20:47:40+0200,0830df87-043d-4360-8c85-cb05e4853394,2026-09-13T19:00:00Z,2026-09-13T21:00:00+0200,1144.39,MW,DE,DE_LU,forecast_offshore_wind_generation,Wind Offshore,2026-09-12T18:50:28Z
2026-09-12T18:47:40Z,2026-09-12T20:47:40+0200,0830df87-043d-4360-8c85-cb05e4853394,2026-09-13T19:15:00Z,2026-09-13T21:15:00+0200,1130.02,MW,DE,DE_LU,forecast_offshore_wind_generation,Wind Offshore,2026-09-12T18:50:28Z
2026-09-12T18:47:40Z,2026-09-12T20:47:40+0200,0830df87-043d-4360-8c85-cb05e4853394,2026-09-13T19:30:00Z,2026-09-13T21:30:00+0200,1114.64,MW,DE,DE_LU,forecast_offshore_wind_generation,Wind Offshore,2026-09-12T18:50:28Z
2026-09-12T18:47:40Z,2026-09-12T20:47:40+0200,0830df87-043d-4360-8c85-cb05e4853394,2026-09-13T19:45:00Z,2026-09-13T21:45:00+0200,1103.46,MW,DE,DE_LU,forecast_offshore_wind_generation,Wind Offshore,2026-09-12T18:50:28Z
2026-09-12T18:47:40Z,2026-09-12T20:47:40+0200,0830df87-043d-4360-8c85-cb05e4853394,2026-09-13T20:00:00Z,2026-09-13T22:00:00+0200,1094.42,MW,DE,DE_LU,forecast_offshore_wind_generation,Wind Offshore,2026-09-12T18:50:28Z
2026-09-12T18:47:40Z,2026-09-12T20:47:40+0200,0830df87-043d-4360-8c85-cb05e4853394,2026-09-13T20:15:00Z,2026-09-13T22:15:00+0200,1076.76,MW,DE,DE_LU,forecast_offshore_wind_generation,Wind Offshore,2026-09-12T18:50:28Z
2026-09-12T18:47:40Z,2026-09-12T20:47:40+0200,0830df87-043d-4360-8c85-cb05e4853394,2026-09-13T20:30:00Z,2026-09-13T22:30:00+0200,1057.11,MW,DE,DE_LU,forecast_offshore_wind_generation,Wind Offshore,2026-09-12T18:50:28Z
2026-09-12T18:47:40Z,2026-09-12T20:47:40+0200,0830df87-043d-4360-8c85-cb05e4853394,2026-09-13T20:45:00Z,2026-09-13T22:45:00+0200,1033.73,MW,DE,DE_LU,forecast_offshore_wind_generation,Wind Offshore,2026-09-12T18:50:28Z
2026-09-12T18:47:40Z,2026-09-12T20:47:40+0200,0830df87-043d-4360-8c85-cb05e4853394,2026-09-13T21:00:00Z,2026-09-13T23:00:00+0200,1014.18,MW,DE,DE_LU,forecast_offshore_wind_generation,Wind Offshore,2026-09-12T18:50:28Z
2026-09-12T18:47:40Z,2026-09-12T20:47:40+0200,0830df87-043d-4360-8c85-cb05e4853394,2026-09-13T21:15:00Z,2026-09-13T23:15:00+0200,989.81,MW,DE,DE_LU,forecast_offshore_wind_generation,Wind Offshore,2026-09-12T18:50:28Z
2026-09-12T18:47:40Z,2026-09-12T20:47:40+0200,0830df87-043d-4360-8c85-cb05e4853394,2026-09-13T21:30:00Z,2026-09-13T23:30:00+0200,966.77,MW,DE,DE_LU,forecast_offshore_wind_generation,Wind Offshore,2026-09-12T18:50:28Z
2026-09-12T18:47:40Z,2026-09-12T20:47:40+0200,0830df87-043d-4360-8c85-cb05e4853394,2026-09-13T21:45:00Z,2026-09-13T23:45:00+0200,940.16,MW,DE,DE_LU,forecast_offshore_wind_generation,Wind Offshore,2026-09-12T18:50:28Z
