collection_time_utc,collection_time_local,run_id,timestamp_utc,timestamp_local,value,unit,country,entsoe_area,variable,source,updated_at_utc
2026-08-28T01:22:45Z,2026-08-28T03:22:45+0200,fe344a24-22e0-4cc6-9f99-c4acdbe3c429,2026-07-28T02:00:00Z,2026-07-28T04:00:00+0200,0.0,MW,NL,NL,forecast_solar_generation,Solar,2026-08-28T01:27:51Z
2026-08-28T01:22:45Z,2026-08-28T03:22:45+0200,fe344a24-22e0-4cc6-9f99-c4acdbe3c429,2026-07-28T02:15:00Z,2026-07-28T04:15:00+0200,0.0,MW,NL,NL,forecast_solar_generation,Solar,2026-08-28T01:27:51Z
2026-08-28T01:22:45Z,2026-08-28T03:22:45+0200,fe344a24-22e0-4cc6-9f99-c4acdbe3c429,2026-07-28T02:30:00Z,2026-07-28T04:30:00+0200,0.0,MW,NL,NL,forecast_solar_generation,Solar,2026-08-28T01:27:51Z
2026-08-28T01:22:45Z,2026-08-28T03:22:45+0200,fe344a24-22e0-4cc6-9f99-c4acdbe3c429,2026-07-28T02:45:00Z,2026-07-28T04:45:00+0200,0.0,MW,NL,NL,forecast_solar_generation,Solar,2026-08-28T01:27:51Z
2026-08-28T01:22:45Z,2026-08-28T03:22:45+0200,fe344a24-22e0-4cc6-9f99-c4acdbe3c429,2026-07-28T03:00:00Z,2026-07-28T05:00:00+0200,0.0,MW,NL,NL,forecast_solar_generation,Solar,2026-08-28T01:27:51Z
2026-08-28T01:22:45Z,2026-08-28T03:22:45+0200,fe344a24-22e0-4cc6-9f99-c4acdbe3c429,2026-07-28T03:15:00Z,2026-07-28T05:15:00+0200,0.0,MW,NL,NL,forecast_solar_generation,Solar,2026-08-28T01:27:51Z
2026-08-28T01:22:45Z,2026-08-28T03:22:45+0200,fe344a24-22e0-4cc6-9f99-c4acdbe3c429,2026-07-28T03:30:00Z,2026-07-28T05:30:00+0200,0.0,MW,NL,NL,forecast_solar_generation,Solar,2026-08-28T01:27:51Z
2026-08-28T01:22:45Z,2026-08-28T03:22:45+0200,fe344a24-22e0-4cc6-9f99-c4acdbe3c429,2026-07-28T03:45:00Z,2026-07-28T05:45:00+0200,0.0,MW,NL,NL,forecast_solar_generation,Solar,2026-08-28T01:27:51Z
2026-08-28T01:22:45Z,2026-08-28T03:22:45+0200,fe344a24-22e0-4cc6-9f99-c4acdbe3c429,2026-07-28T04:00:00Z,2026-07-28T06:00:00+0200,0.0,MW,NL,NL,forecast_solar_generation,Solar,2026-08-28T01:27:51Z
2026-08-28T01:22:45Z,2026-08-28T03:22:45+0200,fe344a24-22e0-4cc6-9f99-c4acdbe3c429,2026-07-28T04:15:00Z,2026-07-28T06:15:00+0200,24.0,MW,NL,NL,forecast_solar_generation,Solar,2026-08-28T01:27:51Z
2026-08-28T01:22:45Z,2026-08-28T03:22:45+0200,fe344a24-22e0-4cc6-9f99-c4acdbe3c429,2026-07-28T04:30:00Z,2026-07-28T06:30:00+0200,48.0,MW,NL,NL,forecast_solar_generation,Solar,2026-08-28T01:27:51Z
2026-08-28T01:22:45Z,2026-08-28T03:22:45+0200,fe344a24-22e0-4cc6-9f99-c4acdbe3c429,2026-07-28T04:45:00Z,2026-07-28T06:45:00+0200,71.0,MW,NL,NL,forecast_solar_generation,Solar,2026-08-28T01:27:51Z
2026-08-28T01:22:45Z,2026-08-28T03:22:45+0200,fe344a24-22e0-4cc6-9f99-c4acdbe3c429,2026-07-28T05:00:00Z,2026-07-28T07:00:00+0200,94.0,MW,NL,NL,forecast_solar_generation,Solar,2026-08-28T01:27:51Z
2026-08-28T01:22:45Z,2026-08-28T03:22:45+0200,fe344a24-22e0-4cc6-9f99-c4acdbe3c429,2026-07-28T05:15:00Z,2026-07-28T07:15:00+0200,226.0,MW,NL,NL,forecast_solar_generation,Solar,2026-08-28T01:27:51Z
2026-08-28T01:22:45Z,2026-08-28T03:22:45+0200,fe344a24-22e0-4cc6-9f99-c4acdbe3c429,2026-07-28T05:30:00Z,2026-07-28T07:30:00+0200,362.0,MW,NL,NL,forecast_solar_generation,Solar,2026-08-28T01:27:51Z
2026-08-28T01:22:45Z,2026-08-28T03:22:45+0200,fe344a24-22e0-4cc6-9f99-c4acdbe3c429,2026-07-28T05:45:00Z,2026-07-28T07:45:00+0200,493.0,MW,NL,NL,forecast_solar_generation,Solar,2026-08-28T01:27:51Z
2026-08-28T01:22:45Z,2026-08-28T03:22:45+0200,fe344a24-22e0-4cc6-9f99-c4acdbe3c429,2026-07-28T06:00:00Z,2026-07-28T08:00:00+0200,626.0,MW,NL,NL,forecast_solar_generation,Solar,2026-08-28T01:27:51Z
2026-08-28T01:22:45Z,2026-08-28T03:22:45+0200,fe344a24-22e0-4cc6-9f99-c4acdbe3c429,2026-07-28T06:15:00Z,2026-07-28T08:15:00+0200,832.0,MW,NL,NL,forecast_solar_generation,Solar,2026-08-28T01:27:51Z
2026-08-28T01:22:45Z,2026-08-28T03:22:45+0200,fe344a24-22e0-4cc6-9f99-c4acdbe3c429,2026-07-28T06:30:00Z,2026-07-28T08:30:00+0200,1040.0,MW,NL,NL,forecast_solar_generation,Solar,2026-08-28T01:27:51Z
2026-08-28T01:22:45Z,2026-08-28T03:22:45+0200,fe344a24-22e0-4cc6-9f99-c4acdbe3c429,2026-07-28T06:45:00Z,2026-07-28T08:45:00+0200,1247.0,MW,NL,NL,forecast_solar_generation,Solar,2026-08-28T01:27:51Z
2026-08-28T01:22:45Z,2026-08-28T03:22:45+0200,fe344a24-22e0-4cc6-9f99-c4acdbe3c429,2026-07-28T07:00:00Z,2026-07-28T09:00:00+0200,1452.0,MW,NL,NL,forecast_solar_generation,Solar,2026-08-28T01:27:51Z
2026-08-28T01:22:45Z,2026-08-28T03:22:45+0200,fe344a24-22e0-4cc6-9f99-c4acdbe3c429,2026-07-28T07:15:00Z,2026-07-28T09:15:00+0200,1695.0,MW,NL,NL,forecast_solar_generation,Solar,2026-08-28T01:27:51Z
2026-08-28T01:22:45Z,2026-08-28T03:22:45+0200,fe344a24-22e0-4cc6-9f99-c4acdbe3c429,2026-07-28T07:30:00Z,2026-07-28T09:30:00+0200,1938.0,MW,NL,NL,forecast_solar_generation,Solar,2026-08-28T01:27:51Z
2026-08-28T01:22:45Z,2026-08-28T03:22:45+0200,fe344a24-22e0-4cc6-9f99-c4acdbe3c429,2026-07-28T07:45:00Z,2026-07-28T09:45:00+0200,2177.0,MW,NL,NL,forecast_solar_generation,Solar,2026-08-28T01:27:51Z
2026-08-28T01:22:45Z,2026-08-28T03:22:45+0200,fe344a24-22e0-4cc6-9f99-c4acdbe3c429,2026-07-28T08:00:00Z,2026-07-28T10:00:00+0200,2420.0,MW,NL,NL,forecast_solar_generation,Solar,2026-08-28T01:27:51Z
2026-08-28T01:22:45Z,2026-08-28T03:22:45+0200,fe344a24-22e0-4cc6-9f99-c4acdbe3c429,2026-07-28T08:15:00Z,2026-07-28T10:15:00+0200,2647.0,MW,NL,NL,forecast_solar_generation,Solar,2026-08-28T01:27:51Z
2026-08-28T01:22:45Z,2026-08-28T03:22:45+0200,fe344a24-22e0-4cc6-9f99-c4acdbe3c429,2026-07-28T08:30:00Z,2026-07-28T10:30:00+0200,2871.0,MW,NL,NL,forecast_solar_generation,Solar,2026-08-28T01:27:51Z
2026-08-28T01:22:45Z,2026-08-28T03:22:45+0200,fe344a24-22e0-4cc6-9f99-c4acdbe3c429,2026-07-28T08:45:00Z,2026-07-28T10:45:00+0200,3096.0,MW,NL,NL,forecast_solar_generation,Solar,2026-08-28T01:27:51Z
2026-08-28T01:22:45Z,2026-08-28T03:22:45+0200,fe344a24-22e0-4cc6-9f99-c4acdbe3c429,2026-07-28T09:00:00Z,2026-07-28T11:00:00+0200,3324.0,MW,NL,NL,forecast_solar_generation,Solar,2026-08-28T01:27:51Z
2026-08-28T01:22:45Z,2026-08-28T03:22:45+0200,fe344a24-22e0-4cc6-9f99-c4acdbe3c429,2026-07-28T09:15:00Z,2026-07-28T11:15:00+0200,3454.0,MW,NL,NL,forecast_solar_generation,Solar,2026-08-28T01:27:51Z
2026-08-28T01:22:45Z,2026-08-28T03:22:45+0200,fe344a24-22e0-4cc6-9f99-c4acdbe3c429,2026-07-28T09:30:00Z,2026-07-28T11:30:00+0200,3583.0,MW,NL,NL,forecast_solar_generation,Solar,2026-08-28T01:27:51Z
2026-08-28T01:22:45Z,2026-08-28T03:22:45+0200,fe344a24-22e0-4cc6-9f99-c4acdbe3c429,2026-07-28T09:45:00Z,2026-07-28T11:45:00+0200,3713.0,MW,NL,NL,forecast_solar_generation,Solar,2026-08-28T01:27:51Z
2026-08-28T01:22:45Z,2026-08-28T03:22:45+0200,fe344a24-22e0-4cc6-9f99-c4acdbe3c429,2026-07-28T10:00:00Z,2026-07-28T12:00:00+0200,3843.0,MW,NL,NL,forecast_solar_generation,Solar,2026-08-28T01:27:51Z
2026-08-28T01:22:45Z,2026-08-28T03:22:45+0200,fe344a24-22e0-4cc6-9f99-c4acdbe3c429,2026-07-28T10:15:00Z,2026-07-28T12:15:00+0200,3958.0,MW,NL,NL,forecast_solar_generation,Solar,2026-08-28T01:27:51Z
2026-08-28T01:22:45Z,2026-08-28T03:22:45+0200,fe344a24-22e0-4cc6-9f99-c4acdbe3c429,2026-07-28T10:30:00Z,2026-07-28T12:30:00+0200,4075.0,MW,NL,NL,forecast_solar_generation,Solar,2026-08-28T01:27:51Z
2026-08-28T01:22:45Z,2026-08-28T03:22:45+0200,fe344a24-22e0-4cc6-9f99-c4acdbe3c429,2026-07-28T10:45:00Z,2026-07-28T12:45:00+0200,4188.0,MW,NL,NL,forecast_solar_generation,Solar,2026-08-28T01:27:51Z
2026-08-28T01:22:45Z,2026-08-28T03:22:45+0200,fe344a24-22e0-4cc6-9f99-c4acdbe3c429,2026-07-28T11:00:00Z,2026-07-28T13:00:00+0200,4304.0,MW,NL,NL,forecast_solar_generation,Solar,2026-08-28T01:27:51Z
2026-08-28T01:22:45Z,2026-08-28T03:22:45+0200,fe344a24-22e0-4cc6-9f99-c4acdbe3c429,2026-07-28T11:15:00Z,2026-07-28T13:15:00+0200,4355.0,MW,NL,NL,forecast_solar_generation,Solar,2026-08-28T01:27:51Z
2026-08-28T01:22:45Z,2026-08-28T03:22:45+0200,fe344a24-22e0-4cc6-9f99-c4acdbe3c429,2026-07-28T11:30:00Z,2026-07-28T13:30:00+0200,4404.0,MW,NL,NL,forecast_solar_generation,Solar,2026-08-28T01:27:51Z
2026-08-28T01:22:45Z,2026-08-28T03:22:45+0200,fe344a24-22e0-4cc6-9f99-c4acdbe3c429,2026-07-28T11:45:00Z,2026-07-28T13:45:00+0200,4453.0,MW,NL,NL,forecast_solar_generation,Solar,2026-08-28T01:27:51Z
2026-08-28T01:22:45Z,2026-08-28T03:22:45+0200,fe344a24-22e0-4cc6-9f99-c4acdbe3c429,2026-07-28T12:00:00Z,2026-07-28T14:00:00+0200,4505.0,MW,NL,NL,forecast_solar_generation,Solar,2026-08-28T01:27:51Z
2026-08-28T01:22:45Z,2026-08-28T03:22:45+0200,fe344a24-22e0-4cc6-9f99-c4acdbe3c429,2026-07-28T12:15:00Z,2026-07-28T14:15:00+0200,4375.0,MW,NL,NL,forecast_solar_generation,Solar,2026-08-28T01:27:51Z
2026-08-28T01:22:45Z,2026-08-28T03:22:45+0200,fe344a24-22e0-4cc6-9f99-c4acdbe3c429,2026-07-28T12:30:00Z,2026-07-28T14:30:00+0200,4243.0,MW,NL,NL,forecast_solar_generation,Solar,2026-08-28T01:27:51Z
2026-08-28T01:22:45Z,2026-08-28T03:22:45+0200,fe344a24-22e0-4cc6-9f99-c4acdbe3c429,2026-07-28T12:45:00Z,2026-07-28T14:45:00+0200,4112.0,MW,NL,NL,forecast_solar_generation,Solar,2026-08-28T01:27:51Z
2026-08-28T01:22:45Z,2026-08-28T03:22:45+0200,fe344a24-22e0-4cc6-9f99-c4acdbe3c429,2026-07-28T13:00:00Z,2026-07-28T15:00:00+0200,3981.0,MW,NL,NL,forecast_solar_generation,Solar,2026-08-28T01:27:51Z
2026-08-28T01:22:45Z,2026-08-28T03:22:45+0200,fe344a24-22e0-4cc6-9f99-c4acdbe3c429,2026-07-28T13:15:00Z,2026-07-28T15:15:00+0200,3906.0,MW,NL,NL,forecast_solar_generation,Solar,2026-08-28T01:27:51Z
2026-08-28T01:22:45Z,2026-08-28T03:22:45+0200,fe344a24-22e0-4cc6-9f99-c4acdbe3c429,2026-07-28T13:30:00Z,2026-07-28T15:30:00+0200,3828.0,MW,NL,NL,forecast_solar_generation,Solar,2026-08-28T01:27:51Z
2026-08-28T01:22:45Z,2026-08-28T03:22:45+0200,fe344a24-22e0-4cc6-9f99-c4acdbe3c429,2026-07-28T13:45:00Z,2026-07-28T15:45:00+0200,3753.0,MW,NL,NL,forecast_solar_generation,Solar,2026-08-28T01:27:51Z
2026-08-28T01:22:45Z,2026-08-28T03:22:45+0200,fe344a24-22e0-4cc6-9f99-c4acdbe3c429,2026-07-28T14:00:00Z,2026-07-28T16:00:00+0200,3676.0,MW,NL,NL,forecast_solar_generation,Solar,2026-08-28T01:27:51Z
2026-08-28T01:22:45Z,2026-08-28T03:22:45+0200,fe344a24-22e0-4cc6-9f99-c4acdbe3c429,2026-07-28T14:15:00Z,2026-07-28T16:15:00+0200,3547.0,MW,NL,NL,forecast_solar_generation,Solar,2026-08-28T01:27:51Z
2026-08-28T01:22:45Z,2026-08-28T03:22:45+0200,fe344a24-22e0-4cc6-9f99-c4acdbe3c429,2026-07-28T14:30:00Z,2026-07-28T16:30:00+0200,3416.0,MW,NL,NL,forecast_solar_generation,Solar,2026-08-28T01:27:51Z
2026-08-28T01:22:45Z,2026-08-28T03:22:45+0200,fe344a24-22e0-4cc6-9f99-c4acdbe3c429,2026-07-28T14:45:00Z,2026-07-28T16:45:00+0200,3286.0,MW,NL,NL,forecast_solar_generation,Solar,2026-08-28T01:27:51Z
2026-08-28T01:22:45Z,2026-08-28T03:22:45+0200,fe344a24-22e0-4cc6-9f99-c4acdbe3c429,2026-07-28T15:00:00Z,2026-07-28T17:00:00+0200,3155.0,MW,NL,NL,forecast_solar_generation,Solar,2026-08-28T01:27:51Z
2026-08-28T01:22:45Z,2026-08-28T03:22:45+0200,fe344a24-22e0-4cc6-9f99-c4acdbe3c429,2026-07-28T15:15:00Z,2026-07-28T17:15:00+0200,3054.0,MW,NL,NL,forecast_solar_generation,Solar,2026-08-28T01:27:51Z
2026-08-28T01:22:45Z,2026-08-28T03:22:45+0200,fe344a24-22e0-4cc6-9f99-c4acdbe3c429,2026-07-28T15:30:00Z,2026-07-28T17:30:00+0200,2952.0,MW,NL,NL,forecast_solar_generation,Solar,2026-08-28T01:27:51Z
2026-08-28T01:22:45Z,2026-08-28T03:22:45+0200,fe344a24-22e0-4cc6-9f99-c4acdbe3c429,2026-07-28T15:45:00Z,2026-07-28T17:45:00+0200,2852.0,MW,NL,NL,forecast_solar_generation,Solar,2026-08-28T01:27:51Z
2026-08-28T01:22:45Z,2026-08-28T03:22:45+0200,fe344a24-22e0-4cc6-9f99-c4acdbe3c429,2026-07-28T16:00:00Z,2026-07-28T18:00:00+0200,2751.0,MW,NL,NL,forecast_solar_generation,Solar,2026-08-28T01:27:51Z
2026-08-28T01:22:45Z,2026-08-28T03:22:45+0200,fe344a24-22e0-4cc6-9f99-c4acdbe3c429,2026-07-28T16:15:00Z,2026-07-28T18:15:00+0200,2521.0,MW,NL,NL,forecast_solar_generation,Solar,2026-08-28T01:27:51Z
2026-08-28T01:22:45Z,2026-08-28T03:22:45+0200,fe344a24-22e0-4cc6-9f99-c4acdbe3c429,2026-07-28T16:30:00Z,2026-07-28T18:30:00+0200,2294.0,MW,NL,NL,forecast_solar_generation,Solar,2026-08-28T01:27:51Z
2026-08-28T01:22:45Z,2026-08-28T03:22:45+0200,fe344a24-22e0-4cc6-9f99-c4acdbe3c429,2026-07-28T16:45:00Z,2026-07-28T18:45:00+0200,2063.0,MW,NL,NL,forecast_solar_generation,Solar,2026-08-28T01:27:51Z
2026-08-28T01:22:45Z,2026-08-28T03:22:45+0200,fe344a24-22e0-4cc6-9f99-c4acdbe3c429,2026-07-28T17:00:00Z,2026-07-28T19:00:00+0200,1838.0,MW,NL,NL,forecast_solar_generation,Solar,2026-08-28T01:27:51Z
2026-08-28T01:22:45Z,2026-08-28T03:22:45+0200,fe344a24-22e0-4cc6-9f99-c4acdbe3c429,2026-07-28T17:15:00Z,2026-07-28T19:15:00+0200,1624.0,MW,NL,NL,forecast_solar_generation,Solar,2026-08-28T01:27:51Z
2026-08-28T01:22:45Z,2026-08-28T03:22:45+0200,fe344a24-22e0-4cc6-9f99-c4acdbe3c429,2026-07-28T17:30:00Z,2026-07-28T19:30:00+0200,1411.0,MW,NL,NL,forecast_solar_generation,Solar,2026-08-28T01:27:51Z
2026-08-28T01:22:45Z,2026-08-28T03:22:45+0200,fe344a24-22e0-4cc6-9f99-c4acdbe3c429,2026-07-28T17:45:00Z,2026-07-28T19:45:00+0200,1198.0,MW,NL,NL,forecast_solar_generation,Solar,2026-08-28T01:27:51Z
2026-08-28T01:22:45Z,2026-08-28T03:22:45+0200,fe344a24-22e0-4cc6-9f99-c4acdbe3c429,2026-07-28T18:00:00Z,2026-07-28T20:00:00+0200,987.0,MW,NL,NL,forecast_solar_generation,Solar,2026-08-28T01:27:51Z
2026-08-28T01:22:45Z,2026-08-28T03:22:45+0200,fe344a24-22e0-4cc6-9f99-c4acdbe3c429,2026-07-28T18:15:00Z,2026-07-28T20:15:00+0200,840.0,MW,NL,NL,forecast_solar_generation,Solar,2026-08-28T01:27:51Z
2026-08-28T01:22:45Z,2026-08-28T03:22:45+0200,fe344a24-22e0-4cc6-9f99-c4acdbe3c429,2026-07-28T18:30:00Z,2026-07-28T20:30:00+0200,693.0,MW,NL,NL,forecast_solar_generation,Solar,2026-08-28T01:27:51Z
2026-08-28T01:22:45Z,2026-08-28T03:22:45+0200,fe344a24-22e0-4cc6-9f99-c4acdbe3c429,2026-07-28T18:45:00Z,2026-07-28T20:45:00+0200,545.0,MW,NL,NL,forecast_solar_generation,Solar,2026-08-28T01:27:51Z
2026-08-28T01:22:45Z,2026-08-28T03:22:45+0200,fe344a24-22e0-4cc6-9f99-c4acdbe3c429,2026-07-28T19:00:00Z,2026-07-28T21:00:00+0200,397.0,MW,NL,NL,forecast_solar_generation,Solar,2026-08-28T01:27:51Z
2026-08-28T01:22:45Z,2026-08-28T03:22:45+0200,fe344a24-22e0-4cc6-9f99-c4acdbe3c429,2026-07-28T19:15:00Z,2026-07-28T21:15:00+0200,304.0,MW,NL,NL,forecast_solar_generation,Solar,2026-08-28T01:27:51Z
2026-08-28T01:22:45Z,2026-08-28T03:22:45+0200,fe344a24-22e0-4cc6-9f99-c4acdbe3c429,2026-07-28T19:30:00Z,2026-07-28T21:30:00+0200,208.0,MW,NL,NL,forecast_solar_generation,Solar,2026-08-28T01:27:51Z
2026-08-28T01:22:45Z,2026-08-28T03:22:45+0200,fe344a24-22e0-4cc6-9f99-c4acdbe3c429,2026-07-28T19:45:00Z,2026-07-28T21:45:00+0200,112.0,MW,NL,NL,forecast_solar_generation,Solar,2026-08-28T01:27:51Z
2026-08-28T01:22:45Z,2026-08-28T03:22:45+0200,fe344a24-22e0-4cc6-9f99-c4acdbe3c429,2026-07-28T20:00:00Z,2026-07-28T22:00:00+0200,16.0,MW,NL,NL,forecast_solar_generation,Solar,2026-08-28T01:27:51Z
2026-08-28T01:22:45Z,2026-08-28T03:22:45+0200,fe344a24-22e0-4cc6-9f99-c4acdbe3c429,2026-07-28T20:15:00Z,2026-07-28T22:15:00+0200,11.0,MW,NL,NL,forecast_solar_generation,Solar,2026-08-28T01:27:51Z
2026-08-28T01:22:45Z,2026-08-28T03:22:45+0200,fe344a24-22e0-4cc6-9f99-c4acdbe3c429,2026-07-28T20:30:00Z,2026-07-28T22:30:00+0200,7.0,MW,NL,NL,forecast_solar_generation,Solar,2026-08-28T01:27:51Z
2026-08-28T01:22:45Z,2026-08-28T03:22:45+0200,fe344a24-22e0-4cc6-9f99-c4acdbe3c429,2026-07-28T20:45:00Z,2026-07-28T22:45:00+0200,3.0,MW,NL,NL,forecast_solar_generation,Solar,2026-08-28T01:27:51Z
2026-08-28T01:22:45Z,2026-08-28T03:22:45+0200,fe344a24-22e0-4cc6-9f99-c4acdbe3c429,2026-07-28T21:00:00Z,2026-07-28T23:00:00+0200,0.0,MW,NL,NL,forecast_solar_generation,Solar,2026-08-28T01:27:51Z
2026-08-28T01:22:45Z,2026-08-28T03:22:45+0200,fe344a24-22e0-4cc6-9f99-c4acdbe3c429,2026-07-28T21:15:00Z,2026-07-28T23:15:00+0200,0.0,MW,NL,NL,forecast_solar_generation,Solar,2026-08-28T01:27:51Z
2026-08-28T01:22:45Z,2026-08-28T03:22:45+0200,fe344a24-22e0-4cc6-9f99-c4acdbe3c429,2026-07-28T21:30:00Z,2026-07-28T23:30:00+0200,0.0,MW,NL,NL,forecast_solar_generation,Solar,2026-08-28T01:27:51Z
2026-08-28T01:22:45Z,2026-08-28T03:22:45+0200,fe344a24-22e0-4cc6-9f99-c4acdbe3c429,2026-07-28T21:45:00Z,2026-07-28T23:45:00+0200,0.0,MW,NL,NL,forecast_solar_generation,Solar,2026-08-28T01:27:51Z
2026-08-28T01:22:45Z,2026-08-28T03:22:45+0200,fe344a24-22e0-4cc6-9f99-c4acdbe3c429,2026-07-28T22:00:00Z,2026-07-29T00:00:00+0200,0.0,MW,NL,NL,forecast_solar_generation,Solar,2026-08-28T01:27:51Z
2026-08-28T01:22:45Z,2026-08-28T03:22:45+0200,fe344a24-22e0-4cc6-9f99-c4acdbe3c429,2026-07-28T22:15:00Z,2026-07-29T00:15:00+0200,0.0,MW,NL,NL,forecast_solar_generation,Solar,2026-08-28T01:27:51Z
2026-08-28T01:22:45Z,2026-08-28T03:22:45+0200,fe344a24-22e0-4cc6-9f99-c4acdbe3c429,2026-07-28T22:30:00Z,2026-07-29T00:30:00+0200,0.0,MW,NL,NL,forecast_solar_generation,Solar,2026-08-28T01:27:51Z
2026-08-28T01:22:45Z,2026-08-28T03:22:45+0200,fe344a24-22e0-4cc6-9f99-c4acdbe3c429,2026-07-28T22:45:00Z,2026-07-29T00:45:00+0200,0.0,MW,NL,NL,forecast_solar_generation,Solar,2026-08-28T01:27:51Z
2026-08-28T01:22:45Z,2026-08-28T03:22:45+0200,fe344a24-22e0-4cc6-9f99-c4acdbe3c429,2026-07-28T23:00:00Z,2026-07-29T01:00:00+0200,0.0,MW,NL,NL,forecast_solar_generation,Solar,2026-08-28T01:27:51Z
2026-08-28T01:22:45Z,2026-08-28T03:22:45+0200,fe344a24-22e0-4cc6-9f99-c4acdbe3c429,2026-07-28T23:15:00Z,2026-07-29T01:15:00+0200,0.0,MW,NL,NL,forecast_solar_generation,Solar,2026-08-28T01:27:51Z
2026-08-28T01:22:45Z,2026-08-28T03:22:45+0200,fe344a24-22e0-4cc6-9f99-c4acdbe3c429,2026-07-28T23:30:00Z,2026-07-29T01:30:00+0200,0.0,MW,NL,NL,forecast_solar_generation,Solar,2026-08-28T01:27:51Z
2026-08-28T01:22:45Z,2026-08-28T03:22:45+0200,fe344a24-22e0-4cc6-9f99-c4acdbe3c429,2026-07-28T23:45:00Z,2026-07-29T01:45:00+0200,0.0,MW,NL,NL,forecast_solar_generation,Solar,2026-08-28T01:27:51Z
2026-08-28T01:22:45Z,2026-08-28T03:22:45+0200,fe344a24-22e0-4cc6-9f99-c4acdbe3c429,2026-07-29T00:00:00Z,2026-07-29T02:00:00+0200,0.0,MW,NL,NL,forecast_solar_generation,Solar,2026-08-28T01:27:51Z
2026-08-28T01:22:45Z,2026-08-28T03:22:45+0200,fe344a24-22e0-4cc6-9f99-c4acdbe3c429,2026-07-29T00:15:00Z,2026-07-29T02:15:00+0200,0.0,MW,NL,NL,forecast_solar_generation,Solar,2026-08-28T01:27:51Z
2026-08-28T01:22:45Z,2026-08-28T03:22:45+0200,fe344a24-22e0-4cc6-9f99-c4acdbe3c429,2026-07-29T00:30:00Z,2026-07-29T02:30:00+0200,0.0,MW,NL,NL,forecast_solar_generation,Solar,2026-08-28T01:27:51Z
2026-08-28T01:22:45Z,2026-08-28T03:22:45+0200,fe344a24-22e0-4cc6-9f99-c4acdbe3c429,2026-07-29T00:45:00Z,2026-07-29T02:45:00+0200,0.0,MW,NL,NL,forecast_solar_generation,Solar,2026-08-28T01:27:51Z
2026-08-28T01:22:45Z,2026-08-28T03:22:45+0200,fe344a24-22e0-4cc6-9f99-c4acdbe3c429,2026-07-29T01:00:00Z,2026-07-29T03:00:00+0200,0.0,MW,NL,NL,forecast_solar_generation,Solar,2026-08-28T01:27:51Z
2026-08-28T01:22:45Z,2026-08-28T03:22:45+0200,fe344a24-22e0-4cc6-9f99-c4acdbe3c429,2026-07-29T01:15:00Z,2026-07-29T03:15:00+0200,0.0,MW,NL,NL,forecast_solar_generation,Solar,2026-08-28T01:27:51Z
2026-08-28T01:22:45Z,2026-08-28T03:22:45+0200,fe344a24-22e0-4cc6-9f99-c4acdbe3c429,2026-07-29T01:30:00Z,2026-07-29T03:30:00+0200,0.0,MW,NL,NL,forecast_solar_generation,Solar,2026-08-28T01:27:51Z
2026-08-28T01:22:45Z,2026-08-28T03:22:45+0200,fe344a24-22e0-4cc6-9f99-c4acdbe3c429,2026-07-29T01:45:00Z,2026-07-29T03:45:00+0200,0.0,MW,NL,NL,forecast_solar_generation,Solar,2026-08-28T01:27:51Z
2026-08-28T01:22:45Z,2026-08-28T03:22:45+0200,fe344a24-22e0-4cc6-9f99-c4acdbe3c429,2026-07-29T02:00:00Z,2026-07-29T04:00:00+0200,0.0,MW,NL,NL,forecast_solar_generation,Solar,2026-08-28T01:27:51Z
2026-08-28T01:22:45Z,2026-08-28T03:22:45+0200,fe344a24-22e0-4cc6-9f99-c4acdbe3c429,2026-07-29T02:15:00Z,2026-07-29T04:15:00+0200,0.0,MW,NL,NL,forecast_solar_generation,Solar,2026-08-28T01:27:51Z
2026-08-28T01:22:45Z,2026-08-28T03:22:45+0200,fe344a24-22e0-4cc6-9f99-c4acdbe3c429,2026-07-29T02:30:00Z,2026-07-29T04:30:00+0200,0.0,MW,NL,NL,forecast_solar_generation,Solar,2026-08-28T01:27:51Z
2026-08-28T01:22:45Z,2026-08-28T03:22:45+0200,fe344a24-22e0-4cc6-9f99-c4acdbe3c429,2026-07-29T02:45:00Z,2026-07-29T04:45:00+0200,0.0,MW,NL,NL,forecast_solar_generation,Solar,2026-08-28T01:27:51Z
2026-08-28T01:22:45Z,2026-08-28T03:22:45+0200,fe344a24-22e0-4cc6-9f99-c4acdbe3c429,2026-07-29T03:00:00Z,2026-07-29T05:00:00+0200,0.0,MW,NL,NL,forecast_solar_generation,Solar,2026-08-28T01:27:51Z
2026-08-28T01:22:45Z,2026-08-28T03:22:45+0200,fe344a24-22e0-4cc6-9f99-c4acdbe3c429,2026-07-29T03:15:00Z,2026-07-29T05:15:00+0200,0.0,MW,NL,NL,forecast_solar_generation,Solar,2026-08-28T01:27:51Z
2026-08-28T01:22:45Z,2026-08-28T03:22:45+0200,fe344a24-22e0-4cc6-9f99-c4acdbe3c429,2026-07-29T03:30:00Z,2026-07-29T05:30:00+0200,0.0,MW,NL,NL,forecast_solar_generation,Solar,2026-08-28T01:27:51Z
2026-08-28T01:22:45Z,2026-08-28T03:22:45+0200,fe344a24-22e0-4cc6-9f99-c4acdbe3c429,2026-07-29T03:45:00Z,2026-07-29T05:45:00+0200,0.0,MW,NL,NL,forecast_solar_generation,Solar,2026-08-28T01:27:51Z
2026-08-28T01:22:45Z,2026-08-28T03:22:45+0200,fe344a24-22e0-4cc6-9f99-c4acdbe3c429,2026-07-29T04:00:00Z,2026-07-29T06:00:00+0200,0.0,MW,NL,NL,forecast_solar_generation,Solar,2026-08-28T01:27:51Z
2026-08-28T01:22:45Z,2026-08-28T03:22:45+0200,fe344a24-22e0-4cc6-9f99-c4acdbe3c429,2026-07-29T04:15:00Z,2026-07-29T06:15:00+0200,22.0,MW,NL,NL,forecast_solar_generation,Solar,2026-08-28T01:27:51Z
2026-08-28T01:22:45Z,2026-08-28T03:22:45+0200,fe344a24-22e0-4cc6-9f99-c4acdbe3c429,2026-07-29T04:30:00Z,2026-07-29T06:30:00+0200,46.0,MW,NL,NL,forecast_solar_generation,Solar,2026-08-28T01:27:51Z
2026-08-28T01:22:45Z,2026-08-28T03:22:45+0200,fe344a24-22e0-4cc6-9f99-c4acdbe3c429,2026-07-29T04:45:00Z,2026-07-29T06:45:00+0200,64.0,MW,NL,NL,forecast_solar_generation,Solar,2026-08-28T01:27:51Z
2026-08-28T01:22:45Z,2026-08-28T03:22:45+0200,fe344a24-22e0-4cc6-9f99-c4acdbe3c429,2026-07-29T05:00:00Z,2026-07-29T07:00:00+0200,86.0,MW,NL,NL,forecast_solar_generation,Solar,2026-08-28T01:27:51Z
2026-08-28T01:22:45Z,2026-08-28T03:22:45+0200,fe344a24-22e0-4cc6-9f99-c4acdbe3c429,2026-07-29T05:15:00Z,2026-07-29T07:15:00+0200,222.0,MW,NL,NL,forecast_solar_generation,Solar,2026-08-28T01:27:51Z
2026-08-28T01:22:45Z,2026-08-28T03:22:45+0200,fe344a24-22e0-4cc6-9f99-c4acdbe3c429,2026-07-29T05:30:00Z,2026-07-29T07:30:00+0200,359.0,MW,NL,NL,forecast_solar_generation,Solar,2026-08-28T01:27:51Z
2026-08-28T01:22:45Z,2026-08-28T03:22:45+0200,fe344a24-22e0-4cc6-9f99-c4acdbe3c429,2026-07-29T05:45:00Z,2026-07-29T07:45:00+0200,494.0,MW,NL,NL,forecast_solar_generation,Solar,2026-08-28T01:27:51Z
2026-08-28T01:22:45Z,2026-08-28T03:22:45+0200,fe344a24-22e0-4cc6-9f99-c4acdbe3c429,2026-07-29T06:00:00Z,2026-07-29T08:00:00+0200,626.0,MW,NL,NL,forecast_solar_generation,Solar,2026-08-28T01:27:51Z
2026-08-28T01:22:45Z,2026-08-28T03:22:45+0200,fe344a24-22e0-4cc6-9f99-c4acdbe3c429,2026-07-29T06:15:00Z,2026-07-29T08:15:00+0200,837.0,MW,NL,NL,forecast_solar_generation,Solar,2026-08-28T01:27:51Z
2026-08-28T01:22:45Z,2026-08-28T03:22:45+0200,fe344a24-22e0-4cc6-9f99-c4acdbe3c429,2026-07-29T06:30:00Z,2026-07-29T08:30:00+0200,1049.0,MW,NL,NL,forecast_solar_generation,Solar,2026-08-28T01:27:51Z
2026-08-28T01:22:45Z,2026-08-28T03:22:45+0200,fe344a24-22e0-4cc6-9f99-c4acdbe3c429,2026-07-29T06:45:00Z,2026-07-29T08:45:00+0200,1261.0,MW,NL,NL,forecast_solar_generation,Solar,2026-08-28T01:27:51Z
2026-08-28T01:22:45Z,2026-08-28T03:22:45+0200,fe344a24-22e0-4cc6-9f99-c4acdbe3c429,2026-07-29T07:00:00Z,2026-07-29T09:00:00+0200,1473.0,MW,NL,NL,forecast_solar_generation,Solar,2026-08-28T01:27:51Z
2026-08-28T01:22:45Z,2026-08-28T03:22:45+0200,fe344a24-22e0-4cc6-9f99-c4acdbe3c429,2026-07-29T07:15:00Z,2026-07-29T09:15:00+0200,1724.0,MW,NL,NL,forecast_solar_generation,Solar,2026-08-28T01:27:51Z
2026-08-28T01:22:45Z,2026-08-28T03:22:45+0200,fe344a24-22e0-4cc6-9f99-c4acdbe3c429,2026-07-29T07:30:00Z,2026-07-29T09:30:00+0200,1976.0,MW,NL,NL,forecast_solar_generation,Solar,2026-08-28T01:27:51Z
2026-08-28T01:22:45Z,2026-08-28T03:22:45+0200,fe344a24-22e0-4cc6-9f99-c4acdbe3c429,2026-07-29T07:45:00Z,2026-07-29T09:45:00+0200,2227.0,MW,NL,NL,forecast_solar_generation,Solar,2026-08-28T01:27:51Z
2026-08-28T01:22:45Z,2026-08-28T03:22:45+0200,fe344a24-22e0-4cc6-9f99-c4acdbe3c429,2026-07-29T08:00:00Z,2026-07-29T10:00:00+0200,2480.0,MW,NL,NL,forecast_solar_generation,Solar,2026-08-28T01:27:51Z
2026-08-28T01:22:45Z,2026-08-28T03:22:45+0200,fe344a24-22e0-4cc6-9f99-c4acdbe3c429,2026-07-29T08:15:00Z,2026-07-29T10:15:00+0200,2712.0,MW,NL,NL,forecast_solar_generation,Solar,2026-08-28T01:27:51Z
2026-08-28T01:22:45Z,2026-08-28T03:22:45+0200,fe344a24-22e0-4cc6-9f99-c4acdbe3c429,2026-07-29T08:30:00Z,2026-07-29T10:30:00+0200,2946.0,MW,NL,NL,forecast_solar_generation,Solar,2026-08-28T01:27:51Z
2026-08-28T01:22:45Z,2026-08-28T03:22:45+0200,fe344a24-22e0-4cc6-9f99-c4acdbe3c429,2026-07-29T08:45:00Z,2026-07-29T10:45:00+0200,3181.0,MW,NL,NL,forecast_solar_generation,Solar,2026-08-28T01:27:51Z
2026-08-28T01:22:45Z,2026-08-28T03:22:45+0200,fe344a24-22e0-4cc6-9f99-c4acdbe3c429,2026-07-29T09:00:00Z,2026-07-29T11:00:00+0200,3415.0,MW,NL,NL,forecast_solar_generation,Solar,2026-08-28T01:27:51Z
2026-08-28T01:22:45Z,2026-08-28T03:22:45+0200,fe344a24-22e0-4cc6-9f99-c4acdbe3c429,2026-07-29T09:15:00Z,2026-07-29T11:15:00+0200,3567.0,MW,NL,NL,forecast_solar_generation,Solar,2026-08-28T01:27:51Z
2026-08-28T01:22:45Z,2026-08-28T03:22:45+0200,fe344a24-22e0-4cc6-9f99-c4acdbe3c429,2026-07-29T09:30:00Z,2026-07-29T11:30:00+0200,3719.0,MW,NL,NL,forecast_solar_generation,Solar,2026-08-28T01:27:51Z
2026-08-28T01:22:45Z,2026-08-28T03:22:45+0200,fe344a24-22e0-4cc6-9f99-c4acdbe3c429,2026-07-29T09:45:00Z,2026-07-29T11:45:00+0200,3872.0,MW,NL,NL,forecast_solar_generation,Solar,2026-08-28T01:27:51Z
2026-08-28T01:22:45Z,2026-08-28T03:22:45+0200,fe344a24-22e0-4cc6-9f99-c4acdbe3c429,2026-07-29T10:00:00Z,2026-07-29T12:00:00+0200,4026.0,MW,NL,NL,forecast_solar_generation,Solar,2026-08-28T01:27:51Z
2026-08-28T01:22:45Z,2026-08-28T03:22:45+0200,fe344a24-22e0-4cc6-9f99-c4acdbe3c429,2026-07-29T10:15:00Z,2026-07-29T12:15:00+0200,4145.0,MW,NL,NL,forecast_solar_generation,Solar,2026-08-28T01:27:51Z
2026-08-28T01:22:45Z,2026-08-28T03:22:45+0200,fe344a24-22e0-4cc6-9f99-c4acdbe3c429,2026-07-29T10:30:00Z,2026-07-29T12:30:00+0200,4265.0,MW,NL,NL,forecast_solar_generation,Solar,2026-08-28T01:27:51Z
2026-08-28T01:22:45Z,2026-08-28T03:22:45+0200,fe344a24-22e0-4cc6-9f99-c4acdbe3c429,2026-07-29T10:45:00Z,2026-07-29T12:45:00+0200,4385.0,MW,NL,NL,forecast_solar_generation,Solar,2026-08-28T01:27:51Z
2026-08-28T01:22:45Z,2026-08-28T03:22:45+0200,fe344a24-22e0-4cc6-9f99-c4acdbe3c429,2026-07-29T11:00:00Z,2026-07-29T13:00:00+0200,4505.0,MW,NL,NL,forecast_solar_generation,Solar,2026-08-28T01:27:51Z
2026-08-28T01:22:45Z,2026-08-28T03:22:45+0200,fe344a24-22e0-4cc6-9f99-c4acdbe3c429,2026-07-29T11:15:00Z,2026-07-29T13:15:00+0200,4556.0,MW,NL,NL,forecast_solar_generation,Solar,2026-08-28T01:27:51Z
2026-08-28T01:22:45Z,2026-08-28T03:22:45+0200,fe344a24-22e0-4cc6-9f99-c4acdbe3c429,2026-07-29T11:30:00Z,2026-07-29T13:30:00+0200,4611.0,MW,NL,NL,forecast_solar_generation,Solar,2026-08-28T01:27:51Z
2026-08-28T01:22:45Z,2026-08-28T03:22:45+0200,fe344a24-22e0-4cc6-9f99-c4acdbe3c429,2026-07-29T11:45:00Z,2026-07-29T13:45:00+0200,4662.0,MW,NL,NL,forecast_solar_generation,Solar,2026-08-28T01:27:51Z
2026-08-28T01:22:45Z,2026-08-28T03:22:45+0200,fe344a24-22e0-4cc6-9f99-c4acdbe3c429,2026-07-29T12:00:00Z,2026-07-29T14:00:00+0200,4716.0,MW,NL,NL,forecast_solar_generation,Solar,2026-08-28T01:27:51Z
2026-08-28T01:22:45Z,2026-08-28T03:22:45+0200,fe344a24-22e0-4cc6-9f99-c4acdbe3c429,2026-07-29T12:15:00Z,2026-07-29T14:15:00+0200,4712.0,MW,NL,NL,forecast_solar_generation,Solar,2026-08-28T01:27:51Z
2026-08-28T01:22:45Z,2026-08-28T03:22:45+0200,fe344a24-22e0-4cc6-9f99-c4acdbe3c429,2026-07-29T12:30:00Z,2026-07-29T14:30:00+0200,4709.0,MW,NL,NL,forecast_solar_generation,Solar,2026-08-28T01:27:51Z
2026-08-28T01:22:45Z,2026-08-28T03:22:45+0200,fe344a24-22e0-4cc6-9f99-c4acdbe3c429,2026-07-29T12:45:00Z,2026-07-29T14:45:00+0200,4707.0,MW,NL,NL,forecast_solar_generation,Solar,2026-08-28T01:27:51Z
2026-08-28T01:22:45Z,2026-08-28T03:22:45+0200,fe344a24-22e0-4cc6-9f99-c4acdbe3c429,2026-07-29T13:00:00Z,2026-07-29T15:00:00+0200,4704.0,MW,NL,NL,forecast_solar_generation,Solar,2026-08-28T01:27:51Z
2026-08-28T01:22:45Z,2026-08-28T03:22:45+0200,fe344a24-22e0-4cc6-9f99-c4acdbe3c429,2026-07-29T13:15:00Z,2026-07-29T15:15:00+0200,4616.0,MW,NL,NL,forecast_solar_generation,Solar,2026-08-28T01:27:51Z
2026-08-28T01:22:45Z,2026-08-28T03:22:45+0200,fe344a24-22e0-4cc6-9f99-c4acdbe3c429,2026-07-29T13:30:00Z,2026-07-29T15:30:00+0200,4528.0,MW,NL,NL,forecast_solar_generation,Solar,2026-08-28T01:27:51Z
2026-08-28T01:22:45Z,2026-08-28T03:22:45+0200,fe344a24-22e0-4cc6-9f99-c4acdbe3c429,2026-07-29T13:45:00Z,2026-07-29T15:45:00+0200,4436.0,MW,NL,NL,forecast_solar_generation,Solar,2026-08-28T01:27:51Z
2026-08-28T01:22:45Z,2026-08-28T03:22:45+0200,fe344a24-22e0-4cc6-9f99-c4acdbe3c429,2026-07-29T14:00:00Z,2026-07-29T16:00:00+0200,4347.0,MW,NL,NL,forecast_solar_generation,Solar,2026-08-28T01:27:51Z
2026-08-28T01:22:45Z,2026-08-28T03:22:45+0200,fe344a24-22e0-4cc6-9f99-c4acdbe3c429,2026-07-29T14:15:00Z,2026-07-29T16:15:00+0200,4194.0,MW,NL,NL,forecast_solar_generation,Solar,2026-08-28T01:27:51Z
2026-08-28T01:22:45Z,2026-08-28T03:22:45+0200,fe344a24-22e0-4cc6-9f99-c4acdbe3c429,2026-07-29T14:30:00Z,2026-07-29T16:30:00+0200,4040.0,MW,NL,NL,forecast_solar_generation,Solar,2026-08-28T01:27:51Z
2026-08-28T01:22:45Z,2026-08-28T03:22:45+0200,fe344a24-22e0-4cc6-9f99-c4acdbe3c429,2026-07-29T14:45:00Z,2026-07-29T16:45:00+0200,3887.0,MW,NL,NL,forecast_solar_generation,Solar,2026-08-28T01:27:51Z
2026-08-28T01:22:45Z,2026-08-28T03:22:45+0200,fe344a24-22e0-4cc6-9f99-c4acdbe3c429,2026-07-29T15:00:00Z,2026-07-29T17:00:00+0200,3731.0,MW,NL,NL,forecast_solar_generation,Solar,2026-08-28T01:27:51Z
2026-08-28T01:22:45Z,2026-08-28T03:22:45+0200,fe344a24-22e0-4cc6-9f99-c4acdbe3c429,2026-07-29T15:15:00Z,2026-07-29T17:15:00+0200,3557.0,MW,NL,NL,forecast_solar_generation,Solar,2026-08-28T01:27:51Z
2026-08-28T01:22:45Z,2026-08-28T03:22:45+0200,fe344a24-22e0-4cc6-9f99-c4acdbe3c429,2026-07-29T15:30:00Z,2026-07-29T17:30:00+0200,3384.0,MW,NL,NL,forecast_solar_generation,Solar,2026-08-28T01:27:51Z
2026-08-28T01:22:45Z,2026-08-28T03:22:45+0200,fe344a24-22e0-4cc6-9f99-c4acdbe3c429,2026-07-29T15:45:00Z,2026-07-29T17:45:00+0200,3208.0,MW,NL,NL,forecast_solar_generation,Solar,2026-08-28T01:27:51Z
2026-08-28T01:22:45Z,2026-08-28T03:22:45+0200,fe344a24-22e0-4cc6-9f99-c4acdbe3c429,2026-07-29T16:00:00Z,2026-07-29T18:00:00+0200,3033.0,MW,NL,NL,forecast_solar_generation,Solar,2026-08-28T01:27:51Z
2026-08-28T01:22:45Z,2026-08-28T03:22:45+0200,fe344a24-22e0-4cc6-9f99-c4acdbe3c429,2026-07-29T16:15:00Z,2026-07-29T18:15:00+0200,2776.0,MW,NL,NL,forecast_solar_generation,Solar,2026-08-28T01:27:51Z
2026-08-28T01:22:45Z,2026-08-28T03:22:45+0200,fe344a24-22e0-4cc6-9f99-c4acdbe3c429,2026-07-29T16:30:00Z,2026-07-29T18:30:00+0200,2519.0,MW,NL,NL,forecast_solar_generation,Solar,2026-08-28T01:27:51Z
2026-08-28T01:22:45Z,2026-08-28T03:22:45+0200,fe344a24-22e0-4cc6-9f99-c4acdbe3c429,2026-07-29T16:45:00Z,2026-07-29T18:45:00+0200,2260.0,MW,NL,NL,forecast_solar_generation,Solar,2026-08-28T01:27:51Z
2026-08-28T01:22:45Z,2026-08-28T03:22:45+0200,fe344a24-22e0-4cc6-9f99-c4acdbe3c429,2026-07-29T17:00:00Z,2026-07-29T19:00:00+0200,2002.0,MW,NL,NL,forecast_solar_generation,Solar,2026-08-28T01:27:51Z
2026-08-28T01:22:45Z,2026-08-28T03:22:45+0200,fe344a24-22e0-4cc6-9f99-c4acdbe3c429,2026-07-29T17:15:00Z,2026-07-29T19:15:00+0200,1764.0,MW,NL,NL,forecast_solar_generation,Solar,2026-08-28T01:27:51Z
2026-08-28T01:22:45Z,2026-08-28T03:22:45+0200,fe344a24-22e0-4cc6-9f99-c4acdbe3c429,2026-07-29T17:30:00Z,2026-07-29T19:30:00+0200,1525.0,MW,NL,NL,forecast_solar_generation,Solar,2026-08-28T01:27:51Z
2026-08-28T01:22:45Z,2026-08-28T03:22:45+0200,fe344a24-22e0-4cc6-9f99-c4acdbe3c429,2026-07-29T17:45:00Z,2026-07-29T19:45:00+0200,1284.0,MW,NL,NL,forecast_solar_generation,Solar,2026-08-28T01:27:51Z
2026-08-28T01:22:45Z,2026-08-28T03:22:45+0200,fe344a24-22e0-4cc6-9f99-c4acdbe3c429,2026-07-29T18:00:00Z,2026-07-29T20:00:00+0200,1046.0,MW,NL,NL,forecast_solar_generation,Solar,2026-08-28T01:27:51Z
2026-08-28T01:22:45Z,2026-08-28T03:22:45+0200,fe344a24-22e0-4cc6-9f99-c4acdbe3c429,2026-07-29T18:15:00Z,2026-07-29T20:15:00+0200,886.0,MW,NL,NL,forecast_solar_generation,Solar,2026-08-28T01:27:51Z
2026-08-28T01:22:45Z,2026-08-28T03:22:45+0200,fe344a24-22e0-4cc6-9f99-c4acdbe3c429,2026-07-29T18:30:00Z,2026-07-29T20:30:00+0200,724.0,MW,NL,NL,forecast_solar_generation,Solar,2026-08-28T01:27:51Z
2026-08-28T01:22:45Z,2026-08-28T03:22:45+0200,fe344a24-22e0-4cc6-9f99-c4acdbe3c429,2026-07-29T18:45:00Z,2026-07-29T20:45:00+0200,565.0,MW,NL,NL,forecast_solar_generation,Solar,2026-08-28T01:27:51Z
2026-08-28T01:22:45Z,2026-08-28T03:22:45+0200,fe344a24-22e0-4cc6-9f99-c4acdbe3c429,2026-07-29T19:00:00Z,2026-07-29T21:00:00+0200,402.0,MW,NL,NL,forecast_solar_generation,Solar,2026-08-28T01:27:51Z
2026-08-28T01:22:45Z,2026-08-28T03:22:45+0200,fe344a24-22e0-4cc6-9f99-c4acdbe3c429,2026-07-29T19:15:00Z,2026-07-29T21:15:00+0200,306.0,MW,NL,NL,forecast_solar_generation,Solar,2026-08-28T01:27:51Z
2026-08-28T01:22:45Z,2026-08-28T03:22:45+0200,fe344a24-22e0-4cc6-9f99-c4acdbe3c429,2026-07-29T19:30:00Z,2026-07-29T21:30:00+0200,209.0,MW,NL,NL,forecast_solar_generation,Solar,2026-08-28T01:27:51Z
2026-08-28T01:22:45Z,2026-08-28T03:22:45+0200,fe344a24-22e0-4cc6-9f99-c4acdbe3c429,2026-07-29T19:45:00Z,2026-07-29T21:45:00+0200,112.0,MW,NL,NL,forecast_solar_generation,Solar,2026-08-28T01:27:51Z
2026-08-28T01:22:45Z,2026-08-28T03:22:45+0200,fe344a24-22e0-4cc6-9f99-c4acdbe3c429,2026-07-29T20:00:00Z,2026-07-29T22:00:00+0200,14.0,MW,NL,NL,forecast_solar_generation,Solar,2026-08-28T01:27:51Z
2026-08-28T01:22:45Z,2026-08-28T03:22:45+0200,fe344a24-22e0-4cc6-9f99-c4acdbe3c429,2026-07-29T20:15:00Z,2026-07-29T22:15:00+0200,9.0,MW,NL,NL,forecast_solar_generation,Solar,2026-08-28T01:27:51Z
2026-08-28T01:22:45Z,2026-08-28T03:22:45+0200,fe344a24-22e0-4cc6-9f99-c4acdbe3c429,2026-07-29T20:30:00Z,2026-07-29T22:30:00+0200,7.0,MW,NL,NL,forecast_solar_generation,Solar,2026-08-28T01:27:51Z
2026-08-28T01:22:45Z,2026-08-28T03:22:45+0200,fe344a24-22e0-4cc6-9f99-c4acdbe3c429,2026-07-29T20:45:00Z,2026-07-29T22:45:00+0200,2.0,MW,NL,NL,forecast_solar_generation,Solar,2026-08-28T01:27:51Z
2026-08-28T01:22:45Z,2026-08-28T03:22:45+0200,fe344a24-22e0-4cc6-9f99-c4acdbe3c429,2026-07-29T21:00:00Z,2026-07-29T23:00:00+0200,0.0,MW,NL,NL,forecast_solar_generation,Solar,2026-08-28T01:27:51Z
2026-08-28T01:22:45Z,2026-08-28T03:22:45+0200,fe344a24-22e0-4cc6-9f99-c4acdbe3c429,2026-07-29T21:15:00Z,2026-07-29T23:15:00+0200,0.0,MW,NL,NL,forecast_solar_generation,Solar,2026-08-28T01:27:51Z
2026-08-28T01:22:45Z,2026-08-28T03:22:45+0200,fe344a24-22e0-4cc6-9f99-c4acdbe3c429,2026-07-29T21:30:00Z,2026-07-29T23:30:00+0200,0.0,MW,NL,NL,forecast_solar_generation,Solar,2026-08-28T01:27:51Z
2026-08-28T01:22:45Z,2026-08-28T03:22:45+0200,fe344a24-22e0-4cc6-9f99-c4acdbe3c429,2026-07-29T21:45:00Z,2026-07-29T23:45:00+0200,0.0,MW,NL,NL,forecast_solar_generation,Solar,2026-08-28T01:27:51Z
2026-08-28T01:22:45Z,2026-08-28T03:22:45+0200,fe344a24-22e0-4cc6-9f99-c4acdbe3c429,2026-07-29T22:00:00Z,2026-07-30T00:00:00+0200,0.0,MW,NL,NL,forecast_solar_generation,Solar,2026-08-28T01:27:51Z
2026-08-28T01:22:45Z,2026-08-28T03:22:45+0200,fe344a24-22e0-4cc6-9f99-c4acdbe3c429,2026-07-29T22:15:00Z,2026-07-30T00:15:00+0200,0.0,MW,NL,NL,forecast_solar_generation,Solar,2026-08-28T01:27:51Z
2026-08-28T01:22:45Z,2026-08-28T03:22:45+0200,fe344a24-22e0-4cc6-9f99-c4acdbe3c429,2026-07-29T22:30:00Z,2026-07-30T00:30:00+0200,0.0,MW,NL,NL,forecast_solar_generation,Solar,2026-08-28T01:27:51Z
2026-08-28T01:22:45Z,2026-08-28T03:22:45+0200,fe344a24-22e0-4cc6-9f99-c4acdbe3c429,2026-07-29T22:45:00Z,2026-07-30T00:45:00+0200,0.0,MW,NL,NL,forecast_solar_generation,Solar,2026-08-28T01:27:51Z
2026-08-28T01:22:45Z,2026-08-28T03:22:45+0200,fe344a24-22e0-4cc6-9f99-c4acdbe3c429,2026-07-29T23:00:00Z,2026-07-30T01:00:00+0200,0.0,MW,NL,NL,forecast_solar_generation,Solar,2026-08-28T01:27:51Z
2026-08-28T01:22:45Z,2026-08-28T03:22:45+0200,fe344a24-22e0-4cc6-9f99-c4acdbe3c429,2026-07-29T23:15:00Z,2026-07-30T01:15:00+0200,0.0,MW,NL,NL,forecast_solar_generation,Solar,2026-08-28T01:27:51Z
2026-08-28T01:22:45Z,2026-08-28T03:22:45+0200,fe344a24-22e0-4cc6-9f99-c4acdbe3c429,2026-07-29T23:30:00Z,2026-07-30T01:30:00+0200,0.0,MW,NL,NL,forecast_solar_generation,Solar,2026-08-28T01:27:51Z
2026-08-28T01:22:45Z,2026-08-28T03:22:45+0200,fe344a24-22e0-4cc6-9f99-c4acdbe3c429,2026-07-29T23:45:00Z,2026-07-30T01:45:00+0200,0.0,MW,NL,NL,forecast_solar_generation,Solar,2026-08-28T01:27:51Z
2026-08-28T01:22:45Z,2026-08-28T03:22:45+0200,fe344a24-22e0-4cc6-9f99-c4acdbe3c429,2026-07-30T00:00:00Z,2026-07-30T02:00:00+0200,0.0,MW,NL,NL,forecast_solar_generation,Solar,2026-08-28T01:27:51Z
2026-08-28T01:22:45Z,2026-08-28T03:22:45+0200,fe344a24-22e0-4cc6-9f99-c4acdbe3c429,2026-07-30T00:15:00Z,2026-07-30T02:15:00+0200,0.0,MW,NL,NL,forecast_solar_generation,Solar,2026-08-28T01:27:51Z
2026-08-28T01:22:45Z,2026-08-28T03:22:45+0200,fe344a24-22e0-4cc6-9f99-c4acdbe3c429,2026-07-30T00:30:00Z,2026-07-30T02:30:00+0200,0.0,MW,NL,NL,forecast_solar_generation,Solar,2026-08-28T01:27:51Z
2026-08-28T01:22:45Z,2026-08-28T03:22:45+0200,fe344a24-22e0-4cc6-9f99-c4acdbe3c429,2026-07-30T00:45:00Z,2026-07-30T02:45:00+0200,0.0,MW,NL,NL,forecast_solar_generation,Solar,2026-08-28T01:27:51Z
2026-08-28T01:22:45Z,2026-08-28T03:22:45+0200,fe344a24-22e0-4cc6-9f99-c4acdbe3c429,2026-07-30T01:00:00Z,2026-07-30T03:00:00+0200,0.0,MW,NL,NL,forecast_solar_generation,Solar,2026-08-28T01:27:51Z
2026-08-28T01:22:45Z,2026-08-28T03:22:45+0200,fe344a24-22e0-4cc6-9f99-c4acdbe3c429,2026-07-30T01:15:00Z,2026-07-30T03:15:00+0200,0.0,MW,NL,NL,forecast_solar_generation,Solar,2026-08-28T01:27:51Z
2026-08-28T01:22:45Z,2026-08-28T03:22:45+0200,fe344a24-22e0-4cc6-9f99-c4acdbe3c429,2026-07-30T01:30:00Z,2026-07-30T03:30:00+0200,0.0,MW,NL,NL,forecast_solar_generation,Solar,2026-08-28T01:27:51Z
2026-08-28T01:22:45Z,2026-08-28T03:22:45+0200,fe344a24-22e0-4cc6-9f99-c4acdbe3c429,2026-07-30T01:45:00Z,2026-07-30T03:45:00+0200,0.0,MW,NL,NL,forecast_solar_generation,Solar,2026-08-28T01:27:51Z
2026-08-28T01:22:45Z,2026-08-28T03:22:45+0200,fe344a24-22e0-4cc6-9f99-c4acdbe3c429,2026-07-30T02:00:00Z,2026-07-30T04:00:00+0200,0.0,MW,NL,NL,forecast_solar_generation,Solar,2026-08-28T01:27:51Z
2026-08-28T01:22:45Z,2026-08-28T03:22:45+0200,fe344a24-22e0-4cc6-9f99-c4acdbe3c429,2026-07-30T02:15:00Z,2026-07-30T04:15:00+0200,0.0,MW,NL,NL,forecast_solar_generation,Solar,2026-08-28T01:27:51Z
2026-08-28T01:22:45Z,2026-08-28T03:22:45+0200,fe344a24-22e0-4cc6-9f99-c4acdbe3c429,2026-07-30T02:30:00Z,2026-07-30T04:30:00+0200,0.0,MW,NL,NL,forecast_solar_generation,Solar,2026-08-28T01:27:51Z
2026-08-28T01:22:45Z,2026-08-28T03:22:45+0200,fe344a24-22e0-4cc6-9f99-c4acdbe3c429,2026-07-30T02:45:00Z,2026-07-30T04:45:00+0200,0.0,MW,NL,NL,forecast_solar_generation,Solar,2026-08-28T01:27:51Z
2026-08-28T01:22:45Z,2026-08-28T03:22:45+0200,fe344a24-22e0-4cc6-9f99-c4acdbe3c429,2026-07-30T03:00:00Z,2026-07-30T05:00:00+0200,0.0,MW,NL,NL,forecast_solar_generation,Solar,2026-08-28T01:27:51Z
2026-08-28T01:22:45Z,2026-08-28T03:22:45+0200,fe344a24-22e0-4cc6-9f99-c4acdbe3c429,2026-07-30T03:15:00Z,2026-07-30T05:15:00+0200,0.0,MW,NL,NL,forecast_solar_generation,Solar,2026-08-28T01:27:51Z
2026-08-28T01:22:45Z,2026-08-28T03:22:45+0200,fe344a24-22e0-4cc6-9f99-c4acdbe3c429,2026-07-30T03:30:00Z,2026-07-30T05:30:00+0200,0.0,MW,NL,NL,forecast_solar_generation,Solar,2026-08-28T01:27:51Z
2026-08-28T01:22:45Z,2026-08-28T03:22:45+0200,fe344a24-22e0-4cc6-9f99-c4acdbe3c429,2026-07-30T03:45:00Z,2026-07-30T05:45:00+0200,0.0,MW,NL,NL,forecast_solar_generation,Solar,2026-08-28T01:27:51Z
2026-08-28T01:22:45Z,2026-08-28T03:22:45+0200,fe344a24-22e0-4cc6-9f99-c4acdbe3c429,2026-07-30T04:00:00Z,2026-07-30T06:00:00+0200,0.0,MW,NL,NL,forecast_solar_generation,Solar,2026-08-28T01:27:51Z
2026-08-28T01:22:45Z,2026-08-28T03:22:45+0200,fe344a24-22e0-4cc6-9f99-c4acdbe3c429,2026-07-30T04:15:00Z,2026-07-30T06:15:00+0200,21.0,MW,NL,NL,forecast_solar_generation,Solar,2026-08-28T01:27:51Z
2026-08-28T01:22:45Z,2026-08-28T03:22:45+0200,fe344a24-22e0-4cc6-9f99-c4acdbe3c429,2026-07-30T04:30:00Z,2026-07-30T06:30:00+0200,41.0,MW,NL,NL,forecast_solar_generation,Solar,2026-08-28T01:27:51Z
2026-08-28T01:22:45Z,2026-08-28T03:22:45+0200,fe344a24-22e0-4cc6-9f99-c4acdbe3c429,2026-07-30T04:45:00Z,2026-07-30T06:45:00+0200,62.0,MW,NL,NL,forecast_solar_generation,Solar,2026-08-28T01:27:51Z
2026-08-28T01:22:45Z,2026-08-28T03:22:45+0200,fe344a24-22e0-4cc6-9f99-c4acdbe3c429,2026-07-30T05:00:00Z,2026-07-30T07:00:00+0200,80.0,MW,NL,NL,forecast_solar_generation,Solar,2026-08-28T01:27:51Z
2026-08-28T01:22:45Z,2026-08-28T03:22:45+0200,fe344a24-22e0-4cc6-9f99-c4acdbe3c429,2026-07-30T05:15:00Z,2026-07-30T07:15:00+0200,216.0,MW,NL,NL,forecast_solar_generation,Solar,2026-08-28T01:27:51Z
2026-08-28T01:22:45Z,2026-08-28T03:22:45+0200,fe344a24-22e0-4cc6-9f99-c4acdbe3c429,2026-07-30T05:30:00Z,2026-07-30T07:30:00+0200,350.0,MW,NL,NL,forecast_solar_generation,Solar,2026-08-28T01:27:51Z
2026-08-28T01:22:45Z,2026-08-28T03:22:45+0200,fe344a24-22e0-4cc6-9f99-c4acdbe3c429,2026-07-30T05:45:00Z,2026-07-30T07:45:00+0200,485.0,MW,NL,NL,forecast_solar_generation,Solar,2026-08-28T01:27:51Z
2026-08-28T01:22:45Z,2026-08-28T03:22:45+0200,fe344a24-22e0-4cc6-9f99-c4acdbe3c429,2026-07-30T06:00:00Z,2026-07-30T08:00:00+0200,618.0,MW,NL,NL,forecast_solar_generation,Solar,2026-08-28T01:27:51Z
2026-08-28T01:22:45Z,2026-08-28T03:22:45+0200,fe344a24-22e0-4cc6-9f99-c4acdbe3c429,2026-07-30T06:15:00Z,2026-07-30T08:15:00+0200,819.0,MW,NL,NL,forecast_solar_generation,Solar,2026-08-28T01:27:51Z
2026-08-28T01:22:45Z,2026-08-28T03:22:45+0200,fe344a24-22e0-4cc6-9f99-c4acdbe3c429,2026-07-30T06:30:00Z,2026-07-30T08:30:00+0200,1015.0,MW,NL,NL,forecast_solar_generation,Solar,2026-08-28T01:27:51Z
2026-08-28T01:22:45Z,2026-08-28T03:22:45+0200,fe344a24-22e0-4cc6-9f99-c4acdbe3c429,2026-07-30T06:45:00Z,2026-07-30T08:45:00+0200,1212.0,MW,NL,NL,forecast_solar_generation,Solar,2026-08-28T01:27:51Z
2026-08-28T01:22:45Z,2026-08-28T03:22:45+0200,fe344a24-22e0-4cc6-9f99-c4acdbe3c429,2026-07-30T07:00:00Z,2026-07-30T09:00:00+0200,1409.0,MW,NL,NL,forecast_solar_generation,Solar,2026-08-28T01:27:51Z
2026-08-28T01:22:45Z,2026-08-28T03:22:45+0200,fe344a24-22e0-4cc6-9f99-c4acdbe3c429,2026-07-30T07:15:00Z,2026-07-30T09:15:00+0200,1647.0,MW,NL,NL,forecast_solar_generation,Solar,2026-08-28T01:27:51Z
2026-08-28T01:22:45Z,2026-08-28T03:22:45+0200,fe344a24-22e0-4cc6-9f99-c4acdbe3c429,2026-07-30T07:30:00Z,2026-07-30T09:30:00+0200,1885.0,MW,NL,NL,forecast_solar_generation,Solar,2026-08-28T01:27:51Z
2026-08-28T01:22:45Z,2026-08-28T03:22:45+0200,fe344a24-22e0-4cc6-9f99-c4acdbe3c429,2026-07-30T07:45:00Z,2026-07-30T09:45:00+0200,2124.0,MW,NL,NL,forecast_solar_generation,Solar,2026-08-28T01:27:51Z
2026-08-28T01:22:45Z,2026-08-28T03:22:45+0200,fe344a24-22e0-4cc6-9f99-c4acdbe3c429,2026-07-30T08:00:00Z,2026-07-30T10:00:00+0200,2361.0,MW,NL,NL,forecast_solar_generation,Solar,2026-08-28T01:27:51Z
2026-08-28T01:22:45Z,2026-08-28T03:22:45+0200,fe344a24-22e0-4cc6-9f99-c4acdbe3c429,2026-07-30T08:15:00Z,2026-07-30T10:15:00+0200,2581.0,MW,NL,NL,forecast_solar_generation,Solar,2026-08-28T01:27:51Z
2026-08-28T01:22:45Z,2026-08-28T03:22:45+0200,fe344a24-22e0-4cc6-9f99-c4acdbe3c429,2026-07-30T08:30:00Z,2026-07-30T10:30:00+0200,2801.0,MW,NL,NL,forecast_solar_generation,Solar,2026-08-28T01:27:51Z
2026-08-28T01:22:45Z,2026-08-28T03:22:45+0200,fe344a24-22e0-4cc6-9f99-c4acdbe3c429,2026-07-30T08:45:00Z,2026-07-30T10:45:00+0200,3023.0,MW,NL,NL,forecast_solar_generation,Solar,2026-08-28T01:27:51Z
2026-08-28T01:22:45Z,2026-08-28T03:22:45+0200,fe344a24-22e0-4cc6-9f99-c4acdbe3c429,2026-07-30T09:00:00Z,2026-07-30T11:00:00+0200,3243.0,MW,NL,NL,forecast_solar_generation,Solar,2026-08-28T01:27:51Z
2026-08-28T01:22:45Z,2026-08-28T03:22:45+0200,fe344a24-22e0-4cc6-9f99-c4acdbe3c429,2026-07-30T09:15:00Z,2026-07-30T11:15:00+0200,3285.0,MW,NL,NL,forecast_solar_generation,Solar,2026-08-28T01:27:51Z
2026-08-28T01:22:45Z,2026-08-28T03:22:45+0200,fe344a24-22e0-4cc6-9f99-c4acdbe3c429,2026-07-30T09:30:00Z,2026-07-30T11:30:00+0200,3327.0,MW,NL,NL,forecast_solar_generation,Solar,2026-08-28T01:27:51Z
2026-08-28T01:22:45Z,2026-08-28T03:22:45+0200,fe344a24-22e0-4cc6-9f99-c4acdbe3c429,2026-07-30T09:45:00Z,2026-07-30T11:45:00+0200,3368.0,MW,NL,NL,forecast_solar_generation,Solar,2026-08-28T01:27:51Z
2026-08-28T01:22:45Z,2026-08-28T03:22:45+0200,fe344a24-22e0-4cc6-9f99-c4acdbe3c429,2026-07-30T10:00:00Z,2026-07-30T12:00:00+0200,3412.0,MW,NL,NL,forecast_solar_generation,Solar,2026-08-28T01:27:51Z
2026-08-28T01:22:45Z,2026-08-28T03:22:45+0200,fe344a24-22e0-4cc6-9f99-c4acdbe3c429,2026-07-30T10:15:00Z,2026-07-30T12:15:00+0200,3514.0,MW,NL,NL,forecast_solar_generation,Solar,2026-08-28T01:27:51Z
2026-08-28T01:22:45Z,2026-08-28T03:22:45+0200,fe344a24-22e0-4cc6-9f99-c4acdbe3c429,2026-07-30T10:30:00Z,2026-07-30T12:30:00+0200,3616.0,MW,NL,NL,forecast_solar_generation,Solar,2026-08-28T01:27:51Z
2026-08-28T01:22:45Z,2026-08-28T03:22:45+0200,fe344a24-22e0-4cc6-9f99-c4acdbe3c429,2026-07-30T10:45:00Z,2026-07-30T12:45:00+0200,3722.0,MW,NL,NL,forecast_solar_generation,Solar,2026-08-28T01:27:51Z
2026-08-28T01:22:45Z,2026-08-28T03:22:45+0200,fe344a24-22e0-4cc6-9f99-c4acdbe3c429,2026-07-30T11:00:00Z,2026-07-30T13:00:00+0200,3823.0,MW,NL,NL,forecast_solar_generation,Solar,2026-08-28T01:27:51Z
2026-08-28T01:22:45Z,2026-08-28T03:22:45+0200,fe344a24-22e0-4cc6-9f99-c4acdbe3c429,2026-07-30T11:15:00Z,2026-07-30T13:15:00+0200,3868.0,MW,NL,NL,forecast_solar_generation,Solar,2026-08-28T01:27:51Z
2026-08-28T01:22:45Z,2026-08-28T03:22:45+0200,fe344a24-22e0-4cc6-9f99-c4acdbe3c429,2026-07-30T11:30:00Z,2026-07-30T13:30:00+0200,3914.0,MW,NL,NL,forecast_solar_generation,Solar,2026-08-28T01:27:51Z
2026-08-28T01:22:45Z,2026-08-28T03:22:45+0200,fe344a24-22e0-4cc6-9f99-c4acdbe3c429,2026-07-30T11:45:00Z,2026-07-30T13:45:00+0200,3958.0,MW,NL,NL,forecast_solar_generation,Solar,2026-08-28T01:27:51Z
2026-08-28T01:22:45Z,2026-08-28T03:22:45+0200,fe344a24-22e0-4cc6-9f99-c4acdbe3c429,2026-07-30T12:00:00Z,2026-07-30T14:00:00+0200,4003.0,MW,NL,NL,forecast_solar_generation,Solar,2026-08-28T01:27:51Z
2026-08-28T01:22:45Z,2026-08-28T03:22:45+0200,fe344a24-22e0-4cc6-9f99-c4acdbe3c429,2026-07-30T12:15:00Z,2026-07-30T14:15:00+0200,3571.0,MW,NL,NL,forecast_solar_generation,Solar,2026-08-28T01:27:51Z
2026-08-28T01:22:45Z,2026-08-28T03:22:45+0200,fe344a24-22e0-4cc6-9f99-c4acdbe3c429,2026-07-30T12:30:00Z,2026-07-30T14:30:00+0200,3137.0,MW,NL,NL,forecast_solar_generation,Solar,2026-08-28T01:27:51Z
2026-08-28T01:22:45Z,2026-08-28T03:22:45+0200,fe344a24-22e0-4cc6-9f99-c4acdbe3c429,2026-07-30T12:45:00Z,2026-07-30T14:45:00+0200,2705.0,MW,NL,NL,forecast_solar_generation,Solar,2026-08-28T01:27:51Z
2026-08-28T01:22:45Z,2026-08-28T03:22:45+0200,fe344a24-22e0-4cc6-9f99-c4acdbe3c429,2026-07-30T13:00:00Z,2026-07-30T15:00:00+0200,2271.0,MW,NL,NL,forecast_solar_generation,Solar,2026-08-28T01:27:51Z
2026-08-28T01:22:45Z,2026-08-28T03:22:45+0200,fe344a24-22e0-4cc6-9f99-c4acdbe3c429,2026-07-30T13:15:00Z,2026-07-30T15:15:00+0200,2224.0,MW,NL,NL,forecast_solar_generation,Solar,2026-08-28T01:27:51Z
2026-08-28T01:22:45Z,2026-08-28T03:22:45+0200,fe344a24-22e0-4cc6-9f99-c4acdbe3c429,2026-07-30T13:30:00Z,2026-07-30T15:30:00+0200,2178.0,MW,NL,NL,forecast_solar_generation,Solar,2026-08-28T01:27:51Z
2026-08-28T01:22:45Z,2026-08-28T03:22:45+0200,fe344a24-22e0-4cc6-9f99-c4acdbe3c429,2026-07-30T13:45:00Z,2026-07-30T15:45:00+0200,2134.0,MW,NL,NL,forecast_solar_generation,Solar,2026-08-28T01:27:51Z
2026-08-28T01:22:45Z,2026-08-28T03:22:45+0200,fe344a24-22e0-4cc6-9f99-c4acdbe3c429,2026-07-30T14:00:00Z,2026-07-30T16:00:00+0200,2087.0,MW,NL,NL,forecast_solar_generation,Solar,2026-08-28T01:27:51Z
2026-08-28T01:22:45Z,2026-08-28T03:22:45+0200,fe344a24-22e0-4cc6-9f99-c4acdbe3c429,2026-07-30T14:15:00Z,2026-07-30T16:15:00+0200,2009.0,MW,NL,NL,forecast_solar_generation,Solar,2026-08-28T01:27:51Z
2026-08-28T01:22:45Z,2026-08-28T03:22:45+0200,fe344a24-22e0-4cc6-9f99-c4acdbe3c429,2026-07-30T14:30:00Z,2026-07-30T16:30:00+0200,1935.0,MW,NL,NL,forecast_solar_generation,Solar,2026-08-28T01:27:51Z
2026-08-28T01:22:45Z,2026-08-28T03:22:45+0200,fe344a24-22e0-4cc6-9f99-c4acdbe3c429,2026-07-30T14:45:00Z,2026-07-30T16:45:00+0200,1858.0,MW,NL,NL,forecast_solar_generation,Solar,2026-08-28T01:27:51Z
2026-08-28T01:22:45Z,2026-08-28T03:22:45+0200,fe344a24-22e0-4cc6-9f99-c4acdbe3c429,2026-07-30T15:00:00Z,2026-07-30T17:00:00+0200,1782.0,MW,NL,NL,forecast_solar_generation,Solar,2026-08-28T01:27:51Z
2026-08-28T01:22:45Z,2026-08-28T03:22:45+0200,fe344a24-22e0-4cc6-9f99-c4acdbe3c429,2026-07-30T15:15:00Z,2026-07-30T17:15:00+0200,1918.0,MW,NL,NL,forecast_solar_generation,Solar,2026-08-28T01:27:51Z
2026-08-28T01:22:45Z,2026-08-28T03:22:45+0200,fe344a24-22e0-4cc6-9f99-c4acdbe3c429,2026-07-30T15:30:00Z,2026-07-30T17:30:00+0200,2056.0,MW,NL,NL,forecast_solar_generation,Solar,2026-08-28T01:27:51Z
2026-08-28T01:22:45Z,2026-08-28T03:22:45+0200,fe344a24-22e0-4cc6-9f99-c4acdbe3c429,2026-07-30T15:45:00Z,2026-07-30T17:45:00+0200,2194.0,MW,NL,NL,forecast_solar_generation,Solar,2026-08-28T01:27:51Z
2026-08-28T01:22:45Z,2026-08-28T03:22:45+0200,fe344a24-22e0-4cc6-9f99-c4acdbe3c429,2026-07-30T16:00:00Z,2026-07-30T18:00:00+0200,2330.0,MW,NL,NL,forecast_solar_generation,Solar,2026-08-28T01:27:51Z
2026-08-28T01:22:45Z,2026-08-28T03:22:45+0200,fe344a24-22e0-4cc6-9f99-c4acdbe3c429,2026-07-30T16:15:00Z,2026-07-30T18:15:00+0200,2137.0,MW,NL,NL,forecast_solar_generation,Solar,2026-08-28T01:27:51Z
2026-08-28T01:22:45Z,2026-08-28T03:22:45+0200,fe344a24-22e0-4cc6-9f99-c4acdbe3c429,2026-07-30T16:30:00Z,2026-07-30T18:30:00+0200,1946.0,MW,NL,NL,forecast_solar_generation,Solar,2026-08-28T01:27:51Z
2026-08-28T01:22:45Z,2026-08-28T03:22:45+0200,fe344a24-22e0-4cc6-9f99-c4acdbe3c429,2026-07-30T16:45:00Z,2026-07-30T18:45:00+0200,1754.0,MW,NL,NL,forecast_solar_generation,Solar,2026-08-28T01:27:51Z
2026-08-28T01:22:45Z,2026-08-28T03:22:45+0200,fe344a24-22e0-4cc6-9f99-c4acdbe3c429,2026-07-30T17:00:00Z,2026-07-30T19:00:00+0200,1562.0,MW,NL,NL,forecast_solar_generation,Solar,2026-08-28T01:27:51Z
2026-08-28T01:22:45Z,2026-08-28T03:22:45+0200,fe344a24-22e0-4cc6-9f99-c4acdbe3c429,2026-07-30T17:15:00Z,2026-07-30T19:15:00+0200,1382.0,MW,NL,NL,forecast_solar_generation,Solar,2026-08-28T01:27:51Z
2026-08-28T01:22:45Z,2026-08-28T03:22:45+0200,fe344a24-22e0-4cc6-9f99-c4acdbe3c429,2026-07-30T17:30:00Z,2026-07-30T19:30:00+0200,1206.0,MW,NL,NL,forecast_solar_generation,Solar,2026-08-28T01:27:51Z
2026-08-28T01:22:45Z,2026-08-28T03:22:45+0200,fe344a24-22e0-4cc6-9f99-c4acdbe3c429,2026-07-30T17:45:00Z,2026-07-30T19:45:00+0200,1025.0,MW,NL,NL,forecast_solar_generation,Solar,2026-08-28T01:27:51Z
2026-08-28T01:22:45Z,2026-08-28T03:22:45+0200,fe344a24-22e0-4cc6-9f99-c4acdbe3c429,2026-07-30T18:00:00Z,2026-07-30T20:00:00+0200,849.0,MW,NL,NL,forecast_solar_generation,Solar,2026-08-28T01:27:51Z
2026-08-28T01:22:45Z,2026-08-28T03:22:45+0200,fe344a24-22e0-4cc6-9f99-c4acdbe3c429,2026-07-30T18:15:00Z,2026-07-30T20:15:00+0200,732.0,MW,NL,NL,forecast_solar_generation,Solar,2026-08-28T01:27:51Z
2026-08-28T01:22:45Z,2026-08-28T03:22:45+0200,fe344a24-22e0-4cc6-9f99-c4acdbe3c429,2026-07-30T18:30:00Z,2026-07-30T20:30:00+0200,616.0,MW,NL,NL,forecast_solar_generation,Solar,2026-08-28T01:27:51Z
2026-08-28T01:22:45Z,2026-08-28T03:22:45+0200,fe344a24-22e0-4cc6-9f99-c4acdbe3c429,2026-07-30T18:45:00Z,2026-07-30T20:45:00+0200,500.0,MW,NL,NL,forecast_solar_generation,Solar,2026-08-28T01:27:51Z
2026-08-28T01:22:45Z,2026-08-28T03:22:45+0200,fe344a24-22e0-4cc6-9f99-c4acdbe3c429,2026-07-30T19:00:00Z,2026-07-30T21:00:00+0200,385.0,MW,NL,NL,forecast_solar_generation,Solar,2026-08-28T01:27:51Z
2026-08-28T01:22:45Z,2026-08-28T03:22:45+0200,fe344a24-22e0-4cc6-9f99-c4acdbe3c429,2026-07-30T19:15:00Z,2026-07-30T21:15:00+0200,290.0,MW,NL,NL,forecast_solar_generation,Solar,2026-08-28T01:27:51Z
2026-08-28T01:22:45Z,2026-08-28T03:22:45+0200,fe344a24-22e0-4cc6-9f99-c4acdbe3c429,2026-07-30T19:30:00Z,2026-07-30T21:30:00+0200,199.0,MW,NL,NL,forecast_solar_generation,Solar,2026-08-28T01:27:51Z
2026-08-28T01:22:45Z,2026-08-28T03:22:45+0200,fe344a24-22e0-4cc6-9f99-c4acdbe3c429,2026-07-30T19:45:00Z,2026-07-30T21:45:00+0200,105.0,MW,NL,NL,forecast_solar_generation,Solar,2026-08-28T01:27:51Z
2026-08-28T01:22:45Z,2026-08-28T03:22:45+0200,fe344a24-22e0-4cc6-9f99-c4acdbe3c429,2026-07-30T20:00:00Z,2026-07-30T22:00:00+0200,12.0,MW,NL,NL,forecast_solar_generation,Solar,2026-08-28T01:27:51Z
2026-08-28T01:22:45Z,2026-08-28T03:22:45+0200,fe344a24-22e0-4cc6-9f99-c4acdbe3c429,2026-07-30T20:15:00Z,2026-07-30T22:15:00+0200,8.0,MW,NL,NL,forecast_solar_generation,Solar,2026-08-28T01:27:51Z
2026-08-28T01:22:45Z,2026-08-28T03:22:45+0200,fe344a24-22e0-4cc6-9f99-c4acdbe3c429,2026-07-30T20:30:00Z,2026-07-30T22:30:00+0200,5.0,MW,NL,NL,forecast_solar_generation,Solar,2026-08-28T01:27:51Z
2026-08-28T01:22:45Z,2026-08-28T03:22:45+0200,fe344a24-22e0-4cc6-9f99-c4acdbe3c429,2026-07-30T20:45:00Z,2026-07-30T22:45:00+0200,2.0,MW,NL,NL,forecast_solar_generation,Solar,2026-08-28T01:27:51Z
2026-08-28T01:22:45Z,2026-08-28T03:22:45+0200,fe344a24-22e0-4cc6-9f99-c4acdbe3c429,2026-07-30T21:00:00Z,2026-07-30T23:00:00+0200,0.0,MW,NL,NL,forecast_solar_generation,Solar,2026-08-28T01:27:51Z
2026-08-28T01:22:45Z,2026-08-28T03:22:45+0200,fe344a24-22e0-4cc6-9f99-c4acdbe3c429,2026-07-30T21:15:00Z,2026-07-30T23:15:00+0200,0.0,MW,NL,NL,forecast_solar_generation,Solar,2026-08-28T01:27:51Z
2026-08-28T01:22:45Z,2026-08-28T03:22:45+0200,fe344a24-22e0-4cc6-9f99-c4acdbe3c429,2026-07-30T21:30:00Z,2026-07-30T23:30:00+0200,0.0,MW,NL,NL,forecast_solar_generation,Solar,2026-08-28T01:27:51Z
2026-08-28T01:22:45Z,2026-08-28T03:22:45+0200,fe344a24-22e0-4cc6-9f99-c4acdbe3c429,2026-07-30T21:45:00Z,2026-07-30T23:45:00+0200,0.0,MW,NL,NL,forecast_solar_generation,Solar,2026-08-28T01:27:51Z
2026-08-28T01:22:45Z,2026-08-28T03:22:45+0200,fe344a24-22e0-4cc6-9f99-c4acdbe3c429,2026-07-30T22:00:00Z,2026-07-31T00:00:00+0200,0.0,MW,NL,NL,forecast_solar_generation,Solar,2026-08-28T01:27:51Z
2026-08-28T01:22:45Z,2026-08-28T03:22:45+0200,fe344a24-22e0-4cc6-9f99-c4acdbe3c429,2026-07-30T22:15:00Z,2026-07-31T00:15:00+0200,0.0,MW,NL,NL,forecast_solar_generation,Solar,2026-08-28T01:27:51Z
2026-08-28T01:22:45Z,2026-08-28T03:22:45+0200,fe344a24-22e0-4cc6-9f99-c4acdbe3c429,2026-07-30T22:30:00Z,2026-07-31T00:30:00+0200,0.0,MW,NL,NL,forecast_solar_generation,Solar,2026-08-28T01:27:51Z
2026-08-28T01:22:45Z,2026-08-28T03:22:45+0200,fe344a24-22e0-4cc6-9f99-c4acdbe3c429,2026-07-30T22:45:00Z,2026-07-31T00:45:00+0200,0.0,MW,NL,NL,forecast_solar_generation,Solar,2026-08-28T01:27:51Z
2026-08-28T01:22:45Z,2026-08-28T03:22:45+0200,fe344a24-22e0-4cc6-9f99-c4acdbe3c429,2026-07-30T23:00:00Z,2026-07-31T01:00:00+0200,0.0,MW,NL,NL,forecast_solar_generation,Solar,2026-08-28T01:27:51Z
2026-08-28T01:22:45Z,2026-08-28T03:22:45+0200,fe344a24-22e0-4cc6-9f99-c4acdbe3c429,2026-07-30T23:15:00Z,2026-07-31T01:15:00+0200,0.0,MW,NL,NL,forecast_solar_generation,Solar,2026-08-28T01:27:51Z
2026-08-28T01:22:45Z,2026-08-28T03:22:45+0200,fe344a24-22e0-4cc6-9f99-c4acdbe3c429,2026-07-30T23:30:00Z,2026-07-31T01:30:00+0200,0.0,MW,NL,NL,forecast_solar_generation,Solar,2026-08-28T01:27:51Z
2026-08-28T01:22:45Z,2026-08-28T03:22:45+0200,fe344a24-22e0-4cc6-9f99-c4acdbe3c429,2026-07-30T23:45:00Z,2026-07-31T01:45:00+0200,0.0,MW,NL,NL,forecast_solar_generation,Solar,2026-08-28T01:27:51Z
2026-08-28T01:22:45Z,2026-08-28T03:22:45+0200,fe344a24-22e0-4cc6-9f99-c4acdbe3c429,2026-07-31T00:00:00Z,2026-07-31T02:00:00+0200,0.0,MW,NL,NL,forecast_solar_generation,Solar,2026-08-28T01:27:51Z
2026-08-28T01:22:45Z,2026-08-28T03:22:45+0200,fe344a24-22e0-4cc6-9f99-c4acdbe3c429,2026-07-31T00:15:00Z,2026-07-31T02:15:00+0200,0.0,MW,NL,NL,forecast_solar_generation,Solar,2026-08-28T01:27:51Z
2026-08-28T01:22:45Z,2026-08-28T03:22:45+0200,fe344a24-22e0-4cc6-9f99-c4acdbe3c429,2026-07-31T00:30:00Z,2026-07-31T02:30:00+0200,0.0,MW,NL,NL,forecast_solar_generation,Solar,2026-08-28T01:27:51Z
2026-08-28T01:22:45Z,2026-08-28T03:22:45+0200,fe344a24-22e0-4cc6-9f99-c4acdbe3c429,2026-07-31T00:45:00Z,2026-07-31T02:45:00+0200,0.0,MW,NL,NL,forecast_solar_generation,Solar,2026-08-28T01:27:51Z
2026-08-28T01:22:45Z,2026-08-28T03:22:45+0200,fe344a24-22e0-4cc6-9f99-c4acdbe3c429,2026-07-31T01:00:00Z,2026-07-31T03:00:00+0200,0.0,MW,NL,NL,forecast_solar_generation,Solar,2026-08-28T01:27:51Z
2026-08-28T01:22:45Z,2026-08-28T03:22:45+0200,fe344a24-22e0-4cc6-9f99-c4acdbe3c429,2026-07-31T01:15:00Z,2026-07-31T03:15:00+0200,0.0,MW,NL,NL,forecast_solar_generation,Solar,2026-08-28T01:27:51Z
2026-08-28T01:22:45Z,2026-08-28T03:22:45+0200,fe344a24-22e0-4cc6-9f99-c4acdbe3c429,2026-07-31T01:30:00Z,2026-07-31T03:30:00+0200,0.0,MW,NL,NL,forecast_solar_generation,Solar,2026-08-28T01:27:51Z
2026-08-28T01:22:45Z,2026-08-28T03:22:45+0200,fe344a24-22e0-4cc6-9f99-c4acdbe3c429,2026-07-31T01:45:00Z,2026-07-31T03:45:00+0200,0.0,MW,NL,NL,forecast_solar_generation,Solar,2026-08-28T01:27:51Z
2026-08-28T01:22:45Z,2026-08-28T03:22:45+0200,fe344a24-22e0-4cc6-9f99-c4acdbe3c429,2026-07-31T02:00:00Z,2026-07-31T04:00:00+0200,0.0,MW,NL,NL,forecast_solar_generation,Solar,2026-08-28T01:27:51Z
2026-08-28T01:22:45Z,2026-08-28T03:22:45+0200,fe344a24-22e0-4cc6-9f99-c4acdbe3c429,2026-07-31T02:15:00Z,2026-07-31T04:15:00+0200,0.0,MW,NL,NL,forecast_solar_generation,Solar,2026-08-28T01:27:51Z
2026-08-28T01:22:45Z,2026-08-28T03:22:45+0200,fe344a24-22e0-4cc6-9f99-c4acdbe3c429,2026-07-31T02:30:00Z,2026-07-31T04:30:00+0200,0.0,MW,NL,NL,forecast_solar_generation,Solar,2026-08-28T01:27:51Z
2026-08-28T01:22:45Z,2026-08-28T03:22:45+0200,fe344a24-22e0-4cc6-9f99-c4acdbe3c429,2026-07-31T02:45:00Z,2026-07-31T04:45:00+0200,0.0,MW,NL,NL,forecast_solar_generation,Solar,2026-08-28T01:27:51Z
2026-08-28T01:22:45Z,2026-08-28T03:22:45+0200,fe344a24-22e0-4cc6-9f99-c4acdbe3c429,2026-07-31T03:00:00Z,2026-07-31T05:00:00+0200,0.0,MW,NL,NL,forecast_solar_generation,Solar,2026-08-28T01:27:51Z
2026-08-28T01:22:45Z,2026-08-28T03:22:45+0200,fe344a24-22e0-4cc6-9f99-c4acdbe3c429,2026-07-31T03:15:00Z,2026-07-31T05:15:00+0200,0.0,MW,NL,NL,forecast_solar_generation,Solar,2026-08-28T01:27:51Z
2026-08-28T01:22:45Z,2026-08-28T03:22:45+0200,fe344a24-22e0-4cc6-9f99-c4acdbe3c429,2026-07-31T03:30:00Z,2026-07-31T05:30:00+0200,0.0,MW,NL,NL,forecast_solar_generation,Solar,2026-08-28T01:27:51Z
2026-08-28T01:22:45Z,2026-08-28T03:22:45+0200,fe344a24-22e0-4cc6-9f99-c4acdbe3c429,2026-07-31T03:45:00Z,2026-07-31T05:45:00+0200,0.0,MW,NL,NL,forecast_solar_generation,Solar,2026-08-28T01:27:51Z
2026-08-28T01:22:45Z,2026-08-28T03:22:45+0200,fe344a24-22e0-4cc6-9f99-c4acdbe3c429,2026-07-31T04:00:00Z,2026-07-31T06:00:00+0200,0.0,MW,NL,NL,forecast_solar_generation,Solar,2026-08-28T01:27:51Z
2026-08-28T01:22:45Z,2026-08-28T03:22:45+0200,fe344a24-22e0-4cc6-9f99-c4acdbe3c429,2026-07-31T04:15:00Z,2026-07-31T06:15:00+0200,15.0,MW,NL,NL,forecast_solar_generation,Solar,2026-08-28T01:27:51Z
2026-08-28T01:22:45Z,2026-08-28T03:22:45+0200,fe344a24-22e0-4cc6-9f99-c4acdbe3c429,2026-07-31T04:30:00Z,2026-07-31T06:30:00+0200,30.0,MW,NL,NL,forecast_solar_generation,Solar,2026-08-28T01:27:51Z
2026-08-28T01:22:45Z,2026-08-28T03:22:45+0200,fe344a24-22e0-4cc6-9f99-c4acdbe3c429,2026-07-31T04:45:00Z,2026-07-31T06:45:00+0200,48.0,MW,NL,NL,forecast_solar_generation,Solar,2026-08-28T01:27:51Z
2026-08-28T01:22:45Z,2026-08-28T03:22:45+0200,fe344a24-22e0-4cc6-9f99-c4acdbe3c429,2026-07-31T05:00:00Z,2026-07-31T07:00:00+0200,63.0,MW,NL,NL,forecast_solar_generation,Solar,2026-08-28T01:27:51Z
2026-08-28T01:22:45Z,2026-08-28T03:22:45+0200,fe344a24-22e0-4cc6-9f99-c4acdbe3c429,2026-07-31T05:15:00Z,2026-07-31T07:15:00+0200,182.0,MW,NL,NL,forecast_solar_generation,Solar,2026-08-28T01:27:51Z
2026-08-28T01:22:45Z,2026-08-28T03:22:45+0200,fe344a24-22e0-4cc6-9f99-c4acdbe3c429,2026-07-31T05:30:00Z,2026-07-31T07:30:00+0200,300.0,MW,NL,NL,forecast_solar_generation,Solar,2026-08-28T01:27:51Z
2026-08-28T01:22:45Z,2026-08-28T03:22:45+0200,fe344a24-22e0-4cc6-9f99-c4acdbe3c429,2026-07-31T05:45:00Z,2026-07-31T07:45:00+0200,417.0,MW,NL,NL,forecast_solar_generation,Solar,2026-08-28T01:27:51Z
2026-08-28T01:22:45Z,2026-08-28T03:22:45+0200,fe344a24-22e0-4cc6-9f99-c4acdbe3c429,2026-07-31T06:00:00Z,2026-07-31T08:00:00+0200,533.0,MW,NL,NL,forecast_solar_generation,Solar,2026-08-28T01:27:51Z
2026-08-28T01:22:45Z,2026-08-28T03:22:45+0200,fe344a24-22e0-4cc6-9f99-c4acdbe3c429,2026-07-31T06:15:00Z,2026-07-31T08:15:00+0200,708.0,MW,NL,NL,forecast_solar_generation,Solar,2026-08-28T01:27:51Z
2026-08-28T01:22:45Z,2026-08-28T03:22:45+0200,fe344a24-22e0-4cc6-9f99-c4acdbe3c429,2026-07-31T06:30:00Z,2026-07-31T08:30:00+0200,883.0,MW,NL,NL,forecast_solar_generation,Solar,2026-08-28T01:27:51Z
2026-08-28T01:22:45Z,2026-08-28T03:22:45+0200,fe344a24-22e0-4cc6-9f99-c4acdbe3c429,2026-07-31T06:45:00Z,2026-07-31T08:45:00+0200,1057.0,MW,NL,NL,forecast_solar_generation,Solar,2026-08-28T01:27:51Z
2026-08-28T01:22:45Z,2026-08-28T03:22:45+0200,fe344a24-22e0-4cc6-9f99-c4acdbe3c429,2026-07-31T07:00:00Z,2026-07-31T09:00:00+0200,1231.0,MW,NL,NL,forecast_solar_generation,Solar,2026-08-28T01:27:51Z
2026-08-28T01:22:45Z,2026-08-28T03:22:45+0200,fe344a24-22e0-4cc6-9f99-c4acdbe3c429,2026-07-31T07:15:00Z,2026-07-31T09:15:00+0200,1434.0,MW,NL,NL,forecast_solar_generation,Solar,2026-08-28T01:27:51Z
2026-08-28T01:22:45Z,2026-08-28T03:22:45+0200,fe344a24-22e0-4cc6-9f99-c4acdbe3c429,2026-07-31T07:30:00Z,2026-07-31T09:30:00+0200,1636.0,MW,NL,NL,forecast_solar_generation,Solar,2026-08-28T01:27:51Z
2026-08-28T01:22:45Z,2026-08-28T03:22:45+0200,fe344a24-22e0-4cc6-9f99-c4acdbe3c429,2026-07-31T07:45:00Z,2026-07-31T09:45:00+0200,1838.0,MW,NL,NL,forecast_solar_generation,Solar,2026-08-28T01:27:51Z
2026-08-28T01:22:45Z,2026-08-28T03:22:45+0200,fe344a24-22e0-4cc6-9f99-c4acdbe3c429,2026-07-31T08:00:00Z,2026-07-31T10:00:00+0200,2039.0,MW,NL,NL,forecast_solar_generation,Solar,2026-08-28T01:27:51Z
2026-08-28T01:22:45Z,2026-08-28T03:22:45+0200,fe344a24-22e0-4cc6-9f99-c4acdbe3c429,2026-07-31T08:15:00Z,2026-07-31T10:15:00+0200,2226.0,MW,NL,NL,forecast_solar_generation,Solar,2026-08-28T01:27:51Z
2026-08-28T01:22:45Z,2026-08-28T03:22:45+0200,fe344a24-22e0-4cc6-9f99-c4acdbe3c429,2026-07-31T08:30:00Z,2026-07-31T10:30:00+0200,2413.0,MW,NL,NL,forecast_solar_generation,Solar,2026-08-28T01:27:51Z
2026-08-28T01:22:45Z,2026-08-28T03:22:45+0200,fe344a24-22e0-4cc6-9f99-c4acdbe3c429,2026-07-31T08:45:00Z,2026-07-31T10:45:00+0200,2601.0,MW,NL,NL,forecast_solar_generation,Solar,2026-08-28T01:27:51Z
2026-08-28T01:22:45Z,2026-08-28T03:22:45+0200,fe344a24-22e0-4cc6-9f99-c4acdbe3c429,2026-07-31T09:00:00Z,2026-07-31T11:00:00+0200,2790.0,MW,NL,NL,forecast_solar_generation,Solar,2026-08-28T01:27:51Z
2026-08-28T01:22:45Z,2026-08-28T03:22:45+0200,fe344a24-22e0-4cc6-9f99-c4acdbe3c429,2026-07-31T09:15:00Z,2026-07-31T11:15:00+0200,2938.0,MW,NL,NL,forecast_solar_generation,Solar,2026-08-28T01:27:51Z
2026-08-28T01:22:45Z,2026-08-28T03:22:45+0200,fe344a24-22e0-4cc6-9f99-c4acdbe3c429,2026-07-31T09:30:00Z,2026-07-31T11:30:00+0200,3085.0,MW,NL,NL,forecast_solar_generation,Solar,2026-08-28T01:27:51Z
2026-08-28T01:22:45Z,2026-08-28T03:22:45+0200,fe344a24-22e0-4cc6-9f99-c4acdbe3c429,2026-07-31T09:45:00Z,2026-07-31T11:45:00+0200,3232.0,MW,NL,NL,forecast_solar_generation,Solar,2026-08-28T01:27:51Z
2026-08-28T01:22:45Z,2026-08-28T03:22:45+0200,fe344a24-22e0-4cc6-9f99-c4acdbe3c429,2026-07-31T10:00:00Z,2026-07-31T12:00:00+0200,3380.0,MW,NL,NL,forecast_solar_generation,Solar,2026-08-28T01:27:51Z
2026-08-28T01:22:45Z,2026-08-28T03:22:45+0200,fe344a24-22e0-4cc6-9f99-c4acdbe3c429,2026-07-31T10:15:00Z,2026-07-31T12:15:00+0200,3483.0,MW,NL,NL,forecast_solar_generation,Solar,2026-08-28T01:27:51Z
2026-08-28T01:22:45Z,2026-08-28T03:22:45+0200,fe344a24-22e0-4cc6-9f99-c4acdbe3c429,2026-07-31T10:30:00Z,2026-07-31T12:30:00+0200,3586.0,MW,NL,NL,forecast_solar_generation,Solar,2026-08-28T01:27:51Z
2026-08-28T01:22:45Z,2026-08-28T03:22:45+0200,fe344a24-22e0-4cc6-9f99-c4acdbe3c429,2026-07-31T10:45:00Z,2026-07-31T12:45:00+0200,3688.0,MW,NL,NL,forecast_solar_generation,Solar,2026-08-28T01:27:51Z
2026-08-28T01:22:45Z,2026-08-28T03:22:45+0200,fe344a24-22e0-4cc6-9f99-c4acdbe3c429,2026-07-31T11:00:00Z,2026-07-31T13:00:00+0200,3792.0,MW,NL,NL,forecast_solar_generation,Solar,2026-08-28T01:27:51Z
2026-08-28T01:22:45Z,2026-08-28T03:22:45+0200,fe344a24-22e0-4cc6-9f99-c4acdbe3c429,2026-07-31T11:15:00Z,2026-07-31T13:15:00+0200,3835.0,MW,NL,NL,forecast_solar_generation,Solar,2026-08-28T01:27:51Z
2026-08-28T01:22:45Z,2026-08-28T03:22:45+0200,fe344a24-22e0-4cc6-9f99-c4acdbe3c429,2026-07-31T11:30:00Z,2026-07-31T13:30:00+0200,3882.0,MW,NL,NL,forecast_solar_generation,Solar,2026-08-28T01:27:51Z
2026-08-28T01:22:45Z,2026-08-28T03:22:45+0200,fe344a24-22e0-4cc6-9f99-c4acdbe3c429,2026-07-31T11:45:00Z,2026-07-31T13:45:00+0200,3928.0,MW,NL,NL,forecast_solar_generation,Solar,2026-08-28T01:27:51Z
2026-08-28T01:22:45Z,2026-08-28T03:22:45+0200,fe344a24-22e0-4cc6-9f99-c4acdbe3c429,2026-07-31T12:00:00Z,2026-07-31T14:00:00+0200,3973.0,MW,NL,NL,forecast_solar_generation,Solar,2026-08-28T01:27:51Z
2026-08-28T01:22:45Z,2026-08-28T03:22:45+0200,fe344a24-22e0-4cc6-9f99-c4acdbe3c429,2026-07-31T12:15:00Z,2026-07-31T14:15:00+0200,4008.0,MW,NL,NL,forecast_solar_generation,Solar,2026-08-28T01:27:51Z
2026-08-28T01:22:45Z,2026-08-28T03:22:45+0200,fe344a24-22e0-4cc6-9f99-c4acdbe3c429,2026-07-31T12:30:00Z,2026-07-31T14:30:00+0200,4040.0,MW,NL,NL,forecast_solar_generation,Solar,2026-08-28T01:27:51Z
2026-08-28T01:22:45Z,2026-08-28T03:22:45+0200,fe344a24-22e0-4cc6-9f99-c4acdbe3c429,2026-07-31T12:45:00Z,2026-07-31T14:45:00+0200,4076.0,MW,NL,NL,forecast_solar_generation,Solar,2026-08-28T01:27:51Z
2026-08-28T01:22:45Z,2026-08-28T03:22:45+0200,fe344a24-22e0-4cc6-9f99-c4acdbe3c429,2026-07-31T13:00:00Z,2026-07-31T15:00:00+0200,4111.0,MW,NL,NL,forecast_solar_generation,Solar,2026-08-28T01:27:51Z
2026-08-28T01:22:45Z,2026-08-28T03:22:45+0200,fe344a24-22e0-4cc6-9f99-c4acdbe3c429,2026-07-31T13:15:00Z,2026-07-31T15:15:00+0200,4031.0,MW,NL,NL,forecast_solar_generation,Solar,2026-08-28T01:27:51Z
2026-08-28T01:22:45Z,2026-08-28T03:22:45+0200,fe344a24-22e0-4cc6-9f99-c4acdbe3c429,2026-07-31T13:30:00Z,2026-07-31T15:30:00+0200,3952.0,MW,NL,NL,forecast_solar_generation,Solar,2026-08-28T01:27:51Z
2026-08-28T01:22:45Z,2026-08-28T03:22:45+0200,fe344a24-22e0-4cc6-9f99-c4acdbe3c429,2026-07-31T13:45:00Z,2026-07-31T15:45:00+0200,3872.0,MW,NL,NL,forecast_solar_generation,Solar,2026-08-28T01:27:51Z
2026-08-28T01:22:45Z,2026-08-28T03:22:45+0200,fe344a24-22e0-4cc6-9f99-c4acdbe3c429,2026-07-31T14:00:00Z,2026-07-31T16:00:00+0200,3794.0,MW,NL,NL,forecast_solar_generation,Solar,2026-08-28T01:27:51Z
2026-08-28T01:22:45Z,2026-08-28T03:22:45+0200,fe344a24-22e0-4cc6-9f99-c4acdbe3c429,2026-07-31T14:15:00Z,2026-07-31T16:15:00+0200,3657.0,MW,NL,NL,forecast_solar_generation,Solar,2026-08-28T01:27:51Z
2026-08-28T01:22:45Z,2026-08-28T03:22:45+0200,fe344a24-22e0-4cc6-9f99-c4acdbe3c429,2026-07-31T14:30:00Z,2026-07-31T16:30:00+0200,3521.0,MW,NL,NL,forecast_solar_generation,Solar,2026-08-28T01:27:51Z
2026-08-28T01:22:45Z,2026-08-28T03:22:45+0200,fe344a24-22e0-4cc6-9f99-c4acdbe3c429,2026-07-31T14:45:00Z,2026-07-31T16:45:00+0200,3383.0,MW,NL,NL,forecast_solar_generation,Solar,2026-08-28T01:27:51Z
2026-08-28T01:22:45Z,2026-08-28T03:22:45+0200,fe344a24-22e0-4cc6-9f99-c4acdbe3c429,2026-07-31T15:00:00Z,2026-07-31T17:00:00+0200,3247.0,MW,NL,NL,forecast_solar_generation,Solar,2026-08-28T01:27:51Z
2026-08-28T01:22:45Z,2026-08-28T03:22:45+0200,fe344a24-22e0-4cc6-9f99-c4acdbe3c429,2026-07-31T15:15:00Z,2026-07-31T17:15:00+0200,3125.0,MW,NL,NL,forecast_solar_generation,Solar,2026-08-28T01:27:51Z
2026-08-28T01:22:45Z,2026-08-28T03:22:45+0200,fe344a24-22e0-4cc6-9f99-c4acdbe3c429,2026-07-31T15:30:00Z,2026-07-31T17:30:00+0200,3000.0,MW,NL,NL,forecast_solar_generation,Solar,2026-08-28T01:27:51Z
2026-08-28T01:22:45Z,2026-08-28T03:22:45+0200,fe344a24-22e0-4cc6-9f99-c4acdbe3c429,2026-07-31T15:45:00Z,2026-07-31T17:45:00+0200,2875.0,MW,NL,NL,forecast_solar_generation,Solar,2026-08-28T01:27:51Z
2026-08-28T01:22:45Z,2026-08-28T03:22:45+0200,fe344a24-22e0-4cc6-9f99-c4acdbe3c429,2026-07-31T16:00:00Z,2026-07-31T18:00:00+0200,2750.0,MW,NL,NL,forecast_solar_generation,Solar,2026-08-28T01:27:51Z
2026-08-28T01:22:45Z,2026-08-28T03:22:45+0200,fe344a24-22e0-4cc6-9f99-c4acdbe3c429,2026-07-31T16:15:00Z,2026-07-31T18:15:00+0200,2520.0,MW,NL,NL,forecast_solar_generation,Solar,2026-08-28T01:27:51Z
2026-08-28T01:22:45Z,2026-08-28T03:22:45+0200,fe344a24-22e0-4cc6-9f99-c4acdbe3c429,2026-07-31T16:30:00Z,2026-07-31T18:30:00+0200,2286.0,MW,NL,NL,forecast_solar_generation,Solar,2026-08-28T01:27:51Z
2026-08-28T01:22:45Z,2026-08-28T03:22:45+0200,fe344a24-22e0-4cc6-9f99-c4acdbe3c429,2026-07-31T16:45:00Z,2026-07-31T18:45:00+0200,2058.0,MW,NL,NL,forecast_solar_generation,Solar,2026-08-28T01:27:51Z
2026-08-28T01:22:45Z,2026-08-28T03:22:45+0200,fe344a24-22e0-4cc6-9f99-c4acdbe3c429,2026-07-31T17:00:00Z,2026-07-31T19:00:00+0200,1825.0,MW,NL,NL,forecast_solar_generation,Solar,2026-08-28T01:27:51Z
2026-08-28T01:22:45Z,2026-08-28T03:22:45+0200,fe344a24-22e0-4cc6-9f99-c4acdbe3c429,2026-07-31T17:15:00Z,2026-07-31T19:15:00+0200,1610.0,MW,NL,NL,forecast_solar_generation,Solar,2026-08-28T01:27:51Z
2026-08-28T01:22:45Z,2026-08-28T03:22:45+0200,fe344a24-22e0-4cc6-9f99-c4acdbe3c429,2026-07-31T17:30:00Z,2026-07-31T19:30:00+0200,1395.0,MW,NL,NL,forecast_solar_generation,Solar,2026-08-28T01:27:51Z
2026-08-28T01:22:45Z,2026-08-28T03:22:45+0200,fe344a24-22e0-4cc6-9f99-c4acdbe3c429,2026-07-31T17:45:00Z,2026-07-31T19:45:00+0200,1178.0,MW,NL,NL,forecast_solar_generation,Solar,2026-08-28T01:27:51Z
2026-08-28T01:22:45Z,2026-08-28T03:22:45+0200,fe344a24-22e0-4cc6-9f99-c4acdbe3c429,2026-07-31T18:00:00Z,2026-07-31T20:00:00+0200,964.0,MW,NL,NL,forecast_solar_generation,Solar,2026-08-28T01:27:51Z
2026-08-28T01:22:45Z,2026-08-28T03:22:45+0200,fe344a24-22e0-4cc6-9f99-c4acdbe3c429,2026-07-31T18:15:00Z,2026-07-31T20:15:00+0200,810.0,MW,NL,NL,forecast_solar_generation,Solar,2026-08-28T01:27:51Z
2026-08-28T01:22:45Z,2026-08-28T03:22:45+0200,fe344a24-22e0-4cc6-9f99-c4acdbe3c429,2026-07-31T18:30:00Z,2026-07-31T20:30:00+0200,657.0,MW,NL,NL,forecast_solar_generation,Solar,2026-08-28T01:27:51Z
2026-08-28T01:22:45Z,2026-08-28T03:22:45+0200,fe344a24-22e0-4cc6-9f99-c4acdbe3c429,2026-07-31T18:45:00Z,2026-07-31T20:45:00+0200,504.0,MW,NL,NL,forecast_solar_generation,Solar,2026-08-28T01:27:51Z
2026-08-28T01:22:45Z,2026-08-28T03:22:45+0200,fe344a24-22e0-4cc6-9f99-c4acdbe3c429,2026-07-31T19:00:00Z,2026-07-31T21:00:00+0200,354.0,MW,NL,NL,forecast_solar_generation,Solar,2026-08-28T01:27:51Z
2026-08-28T01:22:45Z,2026-08-28T03:22:45+0200,fe344a24-22e0-4cc6-9f99-c4acdbe3c429,2026-07-31T19:15:00Z,2026-07-31T21:15:00+0200,267.0,MW,NL,NL,forecast_solar_generation,Solar,2026-08-28T01:27:51Z
2026-08-28T01:22:45Z,2026-08-28T03:22:45+0200,fe344a24-22e0-4cc6-9f99-c4acdbe3c429,2026-07-31T19:30:00Z,2026-07-31T21:30:00+0200,181.0,MW,NL,NL,forecast_solar_generation,Solar,2026-08-28T01:27:51Z
2026-08-28T01:22:45Z,2026-08-28T03:22:45+0200,fe344a24-22e0-4cc6-9f99-c4acdbe3c429,2026-07-31T19:45:00Z,2026-07-31T21:45:00+0200,95.0,MW,NL,NL,forecast_solar_generation,Solar,2026-08-28T01:27:51Z
2026-08-28T01:22:45Z,2026-08-28T03:22:45+0200,fe344a24-22e0-4cc6-9f99-c4acdbe3c429,2026-07-31T20:00:00Z,2026-07-31T22:00:00+0200,8.0,MW,NL,NL,forecast_solar_generation,Solar,2026-08-28T01:27:51Z
2026-08-28T01:22:45Z,2026-08-28T03:22:45+0200,fe344a24-22e0-4cc6-9f99-c4acdbe3c429,2026-07-31T20:15:00Z,2026-07-31T22:15:00+0200,7.0,MW,NL,NL,forecast_solar_generation,Solar,2026-08-28T01:27:51Z
2026-08-28T01:22:45Z,2026-08-28T03:22:45+0200,fe344a24-22e0-4cc6-9f99-c4acdbe3c429,2026-07-31T20:30:00Z,2026-07-31T22:30:00+0200,3.0,MW,NL,NL,forecast_solar_generation,Solar,2026-08-28T01:27:51Z
2026-08-28T01:22:45Z,2026-08-28T03:22:45+0200,fe344a24-22e0-4cc6-9f99-c4acdbe3c429,2026-07-31T20:45:00Z,2026-07-31T22:45:00+0200,2.0,MW,NL,NL,forecast_solar_generation,Solar,2026-08-28T01:27:51Z
2026-08-28T01:22:45Z,2026-08-28T03:22:45+0200,fe344a24-22e0-4cc6-9f99-c4acdbe3c429,2026-07-31T21:00:00Z,2026-07-31T23:00:00+0200,0.0,MW,NL,NL,forecast_solar_generation,Solar,2026-08-28T01:27:51Z
2026-08-28T01:22:45Z,2026-08-28T03:22:45+0200,fe344a24-22e0-4cc6-9f99-c4acdbe3c429,2026-07-31T21:15:00Z,2026-07-31T23:15:00+0200,0.0,MW,NL,NL,forecast_solar_generation,Solar,2026-08-28T01:27:51Z
2026-08-28T01:22:45Z,2026-08-28T03:22:45+0200,fe344a24-22e0-4cc6-9f99-c4acdbe3c429,2026-07-31T21:30:00Z,2026-07-31T23:30:00+0200,0.0,MW,NL,NL,forecast_solar_generation,Solar,2026-08-28T01:27:51Z
2026-08-28T01:22:45Z,2026-08-28T03:22:45+0200,fe344a24-22e0-4cc6-9f99-c4acdbe3c429,2026-07-31T21:45:00Z,2026-07-31T23:45:00+0200,0.0,MW,NL,NL,forecast_solar_generation,Solar,2026-08-28T01:27:51Z
2026-08-28T01:22:45Z,2026-08-28T03:22:45+0200,fe344a24-22e0-4cc6-9f99-c4acdbe3c429,2026-07-31T22:00:00Z,2026-08-01T00:00:00+0200,0.0,MW,NL,NL,forecast_solar_generation,Solar,2026-08-28T01:27:51Z
2026-08-28T01:22:45Z,2026-08-28T03:22:45+0200,fe344a24-22e0-4cc6-9f99-c4acdbe3c429,2026-07-31T22:15:00Z,2026-08-01T00:15:00+0200,0.0,MW,NL,NL,forecast_solar_generation,Solar,2026-08-28T01:27:51Z
2026-08-28T01:22:45Z,2026-08-28T03:22:45+0200,fe344a24-22e0-4cc6-9f99-c4acdbe3c429,2026-07-31T22:30:00Z,2026-08-01T00:30:00+0200,0.0,MW,NL,NL,forecast_solar_generation,Solar,2026-08-28T01:27:51Z
2026-08-28T01:22:45Z,2026-08-28T03:22:45+0200,fe344a24-22e0-4cc6-9f99-c4acdbe3c429,2026-07-31T22:45:00Z,2026-08-01T00:45:00+0200,0.0,MW,NL,NL,forecast_solar_generation,Solar,2026-08-28T01:27:51Z
2026-08-28T01:22:45Z,2026-08-28T03:22:45+0200,fe344a24-22e0-4cc6-9f99-c4acdbe3c429,2026-07-31T23:00:00Z,2026-08-01T01:00:00+0200,0.0,MW,NL,NL,forecast_solar_generation,Solar,2026-08-28T01:27:51Z
2026-08-28T01:22:45Z,2026-08-28T03:22:45+0200,fe344a24-22e0-4cc6-9f99-c4acdbe3c429,2026-07-31T23:15:00Z,2026-08-01T01:15:00+0200,0.0,MW,NL,NL,forecast_solar_generation,Solar,2026-08-28T01:27:51Z
2026-08-28T01:22:45Z,2026-08-28T03:22:45+0200,fe344a24-22e0-4cc6-9f99-c4acdbe3c429,2026-07-31T23:30:00Z,2026-08-01T01:30:00+0200,0.0,MW,NL,NL,forecast_solar_generation,Solar,2026-08-28T01:27:51Z
2026-08-28T01:22:45Z,2026-08-28T03:22:45+0200,fe344a24-22e0-4cc6-9f99-c4acdbe3c429,2026-07-31T23:45:00Z,2026-08-01T01:45:00+0200,0.0,MW,NL,NL,forecast_solar_generation,Solar,2026-08-28T01:27:51Z
2026-08-28T01:22:45Z,2026-08-28T03:22:45+0200,fe344a24-22e0-4cc6-9f99-c4acdbe3c429,2026-08-01T00:00:00Z,2026-08-01T02:00:00+0200,0.0,MW,NL,NL,forecast_solar_generation,Solar,2026-08-28T01:27:51Z
2026-08-28T01:22:45Z,2026-08-28T03:22:45+0200,fe344a24-22e0-4cc6-9f99-c4acdbe3c429,2026-08-01T00:15:00Z,2026-08-01T02:15:00+0200,0.0,MW,NL,NL,forecast_solar_generation,Solar,2026-08-28T01:27:51Z
2026-08-28T01:22:45Z,2026-08-28T03:22:45+0200,fe344a24-22e0-4cc6-9f99-c4acdbe3c429,2026-08-01T00:30:00Z,2026-08-01T02:30:00+0200,0.0,MW,NL,NL,forecast_solar_generation,Solar,2026-08-28T01:27:51Z
2026-08-28T01:22:45Z,2026-08-28T03:22:45+0200,fe344a24-22e0-4cc6-9f99-c4acdbe3c429,2026-08-01T00:45:00Z,2026-08-01T02:45:00+0200,0.0,MW,NL,NL,forecast_solar_generation,Solar,2026-08-28T01:27:51Z
2026-08-28T01:22:45Z,2026-08-28T03:22:45+0200,fe344a24-22e0-4cc6-9f99-c4acdbe3c429,2026-08-01T01:00:00Z,2026-08-01T03:00:00+0200,0.0,MW,NL,NL,forecast_solar_generation,Solar,2026-08-28T01:27:51Z
2026-08-28T01:22:45Z,2026-08-28T03:22:45+0200,fe344a24-22e0-4cc6-9f99-c4acdbe3c429,2026-08-01T01:15:00Z,2026-08-01T03:15:00+0200,0.0,MW,NL,NL,forecast_solar_generation,Solar,2026-08-28T01:27:51Z
2026-08-28T01:22:45Z,2026-08-28T03:22:45+0200,fe344a24-22e0-4cc6-9f99-c4acdbe3c429,2026-08-01T01:30:00Z,2026-08-01T03:30:00+0200,0.0,MW,NL,NL,forecast_solar_generation,Solar,2026-08-28T01:27:51Z
2026-08-28T01:22:45Z,2026-08-28T03:22:45+0200,fe344a24-22e0-4cc6-9f99-c4acdbe3c429,2026-08-01T01:45:00Z,2026-08-01T03:45:00+0200,0.0,MW,NL,NL,forecast_solar_generation,Solar,2026-08-28T01:27:51Z
2026-08-28T01:22:45Z,2026-08-28T03:22:45+0200,fe344a24-22e0-4cc6-9f99-c4acdbe3c429,2026-08-01T02:00:00Z,2026-08-01T04:00:00+0200,0.0,MW,NL,NL,forecast_solar_generation,Solar,2026-08-28T01:27:51Z
2026-08-28T01:22:45Z,2026-08-28T03:22:45+0200,fe344a24-22e0-4cc6-9f99-c4acdbe3c429,2026-08-01T02:15:00Z,2026-08-01T04:15:00+0200,0.0,MW,NL,NL,forecast_solar_generation,Solar,2026-08-28T01:27:51Z
2026-08-28T01:22:45Z,2026-08-28T03:22:45+0200,fe344a24-22e0-4cc6-9f99-c4acdbe3c429,2026-08-01T02:30:00Z,2026-08-01T04:30:00+0200,0.0,MW,NL,NL,forecast_solar_generation,Solar,2026-08-28T01:27:51Z
2026-08-28T01:22:45Z,2026-08-28T03:22:45+0200,fe344a24-22e0-4cc6-9f99-c4acdbe3c429,2026-08-01T02:45:00Z,2026-08-01T04:45:00+0200,0.0,MW,NL,NL,forecast_solar_generation,Solar,2026-08-28T01:27:51Z
2026-08-28T01:22:45Z,2026-08-28T03:22:45+0200,fe344a24-22e0-4cc6-9f99-c4acdbe3c429,2026-08-01T03:00:00Z,2026-08-01T05:00:00+0200,0.0,MW,NL,NL,forecast_solar_generation,Solar,2026-08-28T01:27:51Z
2026-08-28T01:22:45Z,2026-08-28T03:22:45+0200,fe344a24-22e0-4cc6-9f99-c4acdbe3c429,2026-08-01T03:15:00Z,2026-08-01T05:15:00+0200,0.0,MW,NL,NL,forecast_solar_generation,Solar,2026-08-28T01:27:51Z
2026-08-28T01:22:45Z,2026-08-28T03:22:45+0200,fe344a24-22e0-4cc6-9f99-c4acdbe3c429,2026-08-01T03:30:00Z,2026-08-01T05:30:00+0200,0.0,MW,NL,NL,forecast_solar_generation,Solar,2026-08-28T01:27:51Z
2026-08-28T01:22:45Z,2026-08-28T03:22:45+0200,fe344a24-22e0-4cc6-9f99-c4acdbe3c429,2026-08-01T03:45:00Z,2026-08-01T05:45:00+0200,0.0,MW,NL,NL,forecast_solar_generation,Solar,2026-08-28T01:27:51Z
2026-08-28T01:22:45Z,2026-08-28T03:22:45+0200,fe344a24-22e0-4cc6-9f99-c4acdbe3c429,2026-08-01T04:00:00Z,2026-08-01T06:00:00+0200,0.0,MW,NL,NL,forecast_solar_generation,Solar,2026-08-28T01:27:51Z
2026-08-28T01:22:45Z,2026-08-28T03:22:45+0200,fe344a24-22e0-4cc6-9f99-c4acdbe3c429,2026-08-01T04:15:00Z,2026-08-01T06:15:00+0200,15.0,MW,NL,NL,forecast_solar_generation,Solar,2026-08-28T01:27:51Z
2026-08-28T01:22:45Z,2026-08-28T03:22:45+0200,fe344a24-22e0-4cc6-9f99-c4acdbe3c429,2026-08-01T04:30:00Z,2026-08-01T06:30:00+0200,32.0,MW,NL,NL,forecast_solar_generation,Solar,2026-08-28T01:27:51Z
2026-08-28T01:22:45Z,2026-08-28T03:22:45+0200,fe344a24-22e0-4cc6-9f99-c4acdbe3c429,2026-08-01T04:45:00Z,2026-08-01T06:45:00+0200,48.0,MW,NL,NL,forecast_solar_generation,Solar,2026-08-28T01:27:51Z
2026-08-28T01:22:45Z,2026-08-28T03:22:45+0200,fe344a24-22e0-4cc6-9f99-c4acdbe3c429,2026-08-01T05:00:00Z,2026-08-01T07:00:00+0200,67.0,MW,NL,NL,forecast_solar_generation,Solar,2026-08-28T01:27:51Z
2026-08-28T01:22:45Z,2026-08-28T03:22:45+0200,fe344a24-22e0-4cc6-9f99-c4acdbe3c429,2026-08-01T05:15:00Z,2026-08-01T07:15:00+0200,190.0,MW,NL,NL,forecast_solar_generation,Solar,2026-08-28T01:27:51Z
2026-08-28T01:22:45Z,2026-08-28T03:22:45+0200,fe344a24-22e0-4cc6-9f99-c4acdbe3c429,2026-08-01T05:30:00Z,2026-08-01T07:30:00+0200,317.0,MW,NL,NL,forecast_solar_generation,Solar,2026-08-28T01:27:51Z
2026-08-28T01:22:45Z,2026-08-28T03:22:45+0200,fe344a24-22e0-4cc6-9f99-c4acdbe3c429,2026-08-01T05:45:00Z,2026-08-01T07:45:00+0200,441.0,MW,NL,NL,forecast_solar_generation,Solar,2026-08-28T01:27:51Z
2026-08-28T01:22:45Z,2026-08-28T03:22:45+0200,fe344a24-22e0-4cc6-9f99-c4acdbe3c429,2026-08-01T06:00:00Z,2026-08-01T08:00:00+0200,568.0,MW,NL,NL,forecast_solar_generation,Solar,2026-08-28T01:27:51Z
2026-08-28T01:22:45Z,2026-08-28T03:22:45+0200,fe344a24-22e0-4cc6-9f99-c4acdbe3c429,2026-08-01T06:15:00Z,2026-08-01T08:15:00+0200,773.0,MW,NL,NL,forecast_solar_generation,Solar,2026-08-28T01:27:51Z
2026-08-28T01:22:45Z,2026-08-28T03:22:45+0200,fe344a24-22e0-4cc6-9f99-c4acdbe3c429,2026-08-01T06:30:00Z,2026-08-01T08:30:00+0200,979.0,MW,NL,NL,forecast_solar_generation,Solar,2026-08-28T01:27:51Z
2026-08-28T01:22:45Z,2026-08-28T03:22:45+0200,fe344a24-22e0-4cc6-9f99-c4acdbe3c429,2026-08-01T06:45:00Z,2026-08-01T08:45:00+0200,1184.0,MW,NL,NL,forecast_solar_generation,Solar,2026-08-28T01:27:51Z
2026-08-28T01:22:45Z,2026-08-28T03:22:45+0200,fe344a24-22e0-4cc6-9f99-c4acdbe3c429,2026-08-01T07:00:00Z,2026-08-01T09:00:00+0200,1389.0,MW,NL,NL,forecast_solar_generation,Solar,2026-08-28T01:27:51Z
2026-08-28T01:22:45Z,2026-08-28T03:22:45+0200,fe344a24-22e0-4cc6-9f99-c4acdbe3c429,2026-08-01T07:15:00Z,2026-08-01T09:15:00+0200,1628.0,MW,NL,NL,forecast_solar_generation,Solar,2026-08-28T01:27:51Z
2026-08-28T01:22:45Z,2026-08-28T03:22:45+0200,fe344a24-22e0-4cc6-9f99-c4acdbe3c429,2026-08-01T07:30:00Z,2026-08-01T09:30:00+0200,1868.0,MW,NL,NL,forecast_solar_generation,Solar,2026-08-28T01:27:51Z
2026-08-28T01:22:45Z,2026-08-28T03:22:45+0200,fe344a24-22e0-4cc6-9f99-c4acdbe3c429,2026-08-01T07:45:00Z,2026-08-01T09:45:00+0200,2105.0,MW,NL,NL,forecast_solar_generation,Solar,2026-08-28T01:27:51Z
2026-08-28T01:22:45Z,2026-08-28T03:22:45+0200,fe344a24-22e0-4cc6-9f99-c4acdbe3c429,2026-08-01T08:00:00Z,2026-08-01T10:00:00+0200,2344.0,MW,NL,NL,forecast_solar_generation,Solar,2026-08-28T01:27:51Z
2026-08-28T01:22:45Z,2026-08-28T03:22:45+0200,fe344a24-22e0-4cc6-9f99-c4acdbe3c429,2026-08-01T08:15:00Z,2026-08-01T10:15:00+0200,2565.0,MW,NL,NL,forecast_solar_generation,Solar,2026-08-28T01:27:51Z
2026-08-28T01:22:45Z,2026-08-28T03:22:45+0200,fe344a24-22e0-4cc6-9f99-c4acdbe3c429,2026-08-01T08:30:00Z,2026-08-01T10:30:00+0200,2788.0,MW,NL,NL,forecast_solar_generation,Solar,2026-08-28T01:27:51Z
2026-08-28T01:22:45Z,2026-08-28T03:22:45+0200,fe344a24-22e0-4cc6-9f99-c4acdbe3c429,2026-08-01T08:45:00Z,2026-08-01T10:45:00+0200,3005.0,MW,NL,NL,forecast_solar_generation,Solar,2026-08-28T01:27:51Z
2026-08-28T01:22:45Z,2026-08-28T03:22:45+0200,fe344a24-22e0-4cc6-9f99-c4acdbe3c429,2026-08-01T09:00:00Z,2026-08-01T11:00:00+0200,3229.0,MW,NL,NL,forecast_solar_generation,Solar,2026-08-28T01:27:51Z
2026-08-28T01:22:45Z,2026-08-28T03:22:45+0200,fe344a24-22e0-4cc6-9f99-c4acdbe3c429,2026-08-01T09:15:00Z,2026-08-01T11:15:00+0200,3379.0,MW,NL,NL,forecast_solar_generation,Solar,2026-08-28T01:27:51Z
2026-08-28T01:22:45Z,2026-08-28T03:22:45+0200,fe344a24-22e0-4cc6-9f99-c4acdbe3c429,2026-08-01T09:30:00Z,2026-08-01T11:30:00+0200,3526.0,MW,NL,NL,forecast_solar_generation,Solar,2026-08-28T01:27:51Z
2026-08-28T01:22:45Z,2026-08-28T03:22:45+0200,fe344a24-22e0-4cc6-9f99-c4acdbe3c429,2026-08-01T09:45:00Z,2026-08-01T11:45:00+0200,3677.0,MW,NL,NL,forecast_solar_generation,Solar,2026-08-28T01:27:51Z
2026-08-28T01:22:45Z,2026-08-28T03:22:45+0200,fe344a24-22e0-4cc6-9f99-c4acdbe3c429,2026-08-01T10:00:00Z,2026-08-01T12:00:00+0200,3825.0,MW,NL,NL,forecast_solar_generation,Solar,2026-08-28T01:27:51Z
2026-08-28T01:22:45Z,2026-08-28T03:22:45+0200,fe344a24-22e0-4cc6-9f99-c4acdbe3c429,2026-08-01T10:15:00Z,2026-08-01T12:15:00+0200,3938.0,MW,NL,NL,forecast_solar_generation,Solar,2026-08-28T01:27:51Z
2026-08-28T01:22:45Z,2026-08-28T03:22:45+0200,fe344a24-22e0-4cc6-9f99-c4acdbe3c429,2026-08-01T10:30:00Z,2026-08-01T12:30:00+0200,4054.0,MW,NL,NL,forecast_solar_generation,Solar,2026-08-28T01:27:51Z
2026-08-28T01:22:45Z,2026-08-28T03:22:45+0200,fe344a24-22e0-4cc6-9f99-c4acdbe3c429,2026-08-01T10:45:00Z,2026-08-01T12:45:00+0200,4170.0,MW,NL,NL,forecast_solar_generation,Solar,2026-08-28T01:27:51Z
2026-08-28T01:22:45Z,2026-08-28T03:22:45+0200,fe344a24-22e0-4cc6-9f99-c4acdbe3c429,2026-08-01T11:00:00Z,2026-08-01T13:00:00+0200,4286.0,MW,NL,NL,forecast_solar_generation,Solar,2026-08-28T01:27:51Z
2026-08-28T01:22:45Z,2026-08-28T03:22:45+0200,fe344a24-22e0-4cc6-9f99-c4acdbe3c429,2026-08-01T11:15:00Z,2026-08-01T13:15:00+0200,4335.0,MW,NL,NL,forecast_solar_generation,Solar,2026-08-28T01:27:51Z
2026-08-28T01:22:45Z,2026-08-28T03:22:45+0200,fe344a24-22e0-4cc6-9f99-c4acdbe3c429,2026-08-01T11:30:00Z,2026-08-01T13:30:00+0200,4384.0,MW,NL,NL,forecast_solar_generation,Solar,2026-08-28T01:27:51Z
2026-08-28T01:22:45Z,2026-08-28T03:22:45+0200,fe344a24-22e0-4cc6-9f99-c4acdbe3c429,2026-08-01T11:45:00Z,2026-08-01T13:45:00+0200,4435.0,MW,NL,NL,forecast_solar_generation,Solar,2026-08-28T01:27:51Z
2026-08-28T01:22:45Z,2026-08-28T03:22:45+0200,fe344a24-22e0-4cc6-9f99-c4acdbe3c429,2026-08-01T12:00:00Z,2026-08-01T14:00:00+0200,4484.0,MW,NL,NL,forecast_solar_generation,Solar,2026-08-28T01:27:51Z
2026-08-28T01:22:45Z,2026-08-28T03:22:45+0200,fe344a24-22e0-4cc6-9f99-c4acdbe3c429,2026-08-01T12:15:00Z,2026-08-01T14:15:00+0200,4430.0,MW,NL,NL,forecast_solar_generation,Solar,2026-08-28T01:27:51Z
2026-08-28T01:22:45Z,2026-08-28T03:22:45+0200,fe344a24-22e0-4cc6-9f99-c4acdbe3c429,2026-08-01T12:30:00Z,2026-08-01T14:30:00+0200,4373.0,MW,NL,NL,forecast_solar_generation,Solar,2026-08-28T01:27:51Z
2026-08-28T01:22:45Z,2026-08-28T03:22:45+0200,fe344a24-22e0-4cc6-9f99-c4acdbe3c429,2026-08-01T12:45:00Z,2026-08-01T14:45:00+0200,4318.0,MW,NL,NL,forecast_solar_generation,Solar,2026-08-28T01:27:51Z
2026-08-28T01:22:45Z,2026-08-28T03:22:45+0200,fe344a24-22e0-4cc6-9f99-c4acdbe3c429,2026-08-01T13:00:00Z,2026-08-01T15:00:00+0200,4263.0,MW,NL,NL,forecast_solar_generation,Solar,2026-08-28T01:27:51Z
2026-08-28T01:22:45Z,2026-08-28T03:22:45+0200,fe344a24-22e0-4cc6-9f99-c4acdbe3c429,2026-08-01T13:15:00Z,2026-08-01T15:15:00+0200,4180.0,MW,NL,NL,forecast_solar_generation,Solar,2026-08-28T01:27:51Z
2026-08-28T01:22:45Z,2026-08-28T03:22:45+0200,fe344a24-22e0-4cc6-9f99-c4acdbe3c429,2026-08-01T13:30:00Z,2026-08-01T15:30:00+0200,4098.0,MW,NL,NL,forecast_solar_generation,Solar,2026-08-28T01:27:51Z
2026-08-28T01:22:45Z,2026-08-28T03:22:45+0200,fe344a24-22e0-4cc6-9f99-c4acdbe3c429,2026-08-01T13:45:00Z,2026-08-01T15:45:00+0200,4014.0,MW,NL,NL,forecast_solar_generation,Solar,2026-08-28T01:27:51Z
2026-08-28T01:22:45Z,2026-08-28T03:22:45+0200,fe344a24-22e0-4cc6-9f99-c4acdbe3c429,2026-08-01T14:00:00Z,2026-08-01T16:00:00+0200,3932.0,MW,NL,NL,forecast_solar_generation,Solar,2026-08-28T01:27:51Z
2026-08-28T01:22:45Z,2026-08-28T03:22:45+0200,fe344a24-22e0-4cc6-9f99-c4acdbe3c429,2026-08-01T14:15:00Z,2026-08-01T16:15:00+0200,3790.0,MW,NL,NL,forecast_solar_generation,Solar,2026-08-28T01:27:51Z
2026-08-28T01:22:45Z,2026-08-28T03:22:45+0200,fe344a24-22e0-4cc6-9f99-c4acdbe3c429,2026-08-01T14:30:00Z,2026-08-01T16:30:00+0200,3650.0,MW,NL,NL,forecast_solar_generation,Solar,2026-08-28T01:27:51Z
2026-08-28T01:22:45Z,2026-08-28T03:22:45+0200,fe344a24-22e0-4cc6-9f99-c4acdbe3c429,2026-08-01T14:45:00Z,2026-08-01T16:45:00+0200,3509.0,MW,NL,NL,forecast_solar_generation,Solar,2026-08-28T01:27:51Z
2026-08-28T01:22:45Z,2026-08-28T03:22:45+0200,fe344a24-22e0-4cc6-9f99-c4acdbe3c429,2026-08-01T15:00:00Z,2026-08-01T17:00:00+0200,3367.0,MW,NL,NL,forecast_solar_generation,Solar,2026-08-28T01:27:51Z
2026-08-28T01:22:45Z,2026-08-28T03:22:45+0200,fe344a24-22e0-4cc6-9f99-c4acdbe3c429,2026-08-01T15:15:00Z,2026-08-01T17:15:00+0200,3208.0,MW,NL,NL,forecast_solar_generation,Solar,2026-08-28T01:27:51Z
2026-08-28T01:22:45Z,2026-08-28T03:22:45+0200,fe344a24-22e0-4cc6-9f99-c4acdbe3c429,2026-08-01T15:30:00Z,2026-08-01T17:30:00+0200,3048.0,MW,NL,NL,forecast_solar_generation,Solar,2026-08-28T01:27:51Z
2026-08-28T01:22:45Z,2026-08-28T03:22:45+0200,fe344a24-22e0-4cc6-9f99-c4acdbe3c429,2026-08-01T15:45:00Z,2026-08-01T17:45:00+0200,2890.0,MW,NL,NL,forecast_solar_generation,Solar,2026-08-28T01:27:51Z
2026-08-28T01:22:45Z,2026-08-28T03:22:45+0200,fe344a24-22e0-4cc6-9f99-c4acdbe3c429,2026-08-01T16:00:00Z,2026-08-01T18:00:00+0200,2729.0,MW,NL,NL,forecast_solar_generation,Solar,2026-08-28T01:27:51Z
2026-08-28T01:22:45Z,2026-08-28T03:22:45+0200,fe344a24-22e0-4cc6-9f99-c4acdbe3c429,2026-08-01T16:15:00Z,2026-08-01T18:15:00+0200,2499.0,MW,NL,NL,forecast_solar_generation,Solar,2026-08-28T01:27:51Z
2026-08-28T01:22:45Z,2026-08-28T03:22:45+0200,fe344a24-22e0-4cc6-9f99-c4acdbe3c429,2026-08-01T16:30:00Z,2026-08-01T18:30:00+0200,2268.0,MW,NL,NL,forecast_solar_generation,Solar,2026-08-28T01:27:51Z
2026-08-28T01:22:45Z,2026-08-28T03:22:45+0200,fe344a24-22e0-4cc6-9f99-c4acdbe3c429,2026-08-01T16:45:00Z,2026-08-01T18:45:00+0200,2039.0,MW,NL,NL,forecast_solar_generation,Solar,2026-08-28T01:27:51Z
2026-08-28T01:22:45Z,2026-08-28T03:22:45+0200,fe344a24-22e0-4cc6-9f99-c4acdbe3c429,2026-08-01T17:00:00Z,2026-08-01T19:00:00+0200,1808.0,MW,NL,NL,forecast_solar_generation,Solar,2026-08-28T01:27:51Z
2026-08-28T01:22:45Z,2026-08-28T03:22:45+0200,fe344a24-22e0-4cc6-9f99-c4acdbe3c429,2026-08-01T17:15:00Z,2026-08-01T19:15:00+0200,1593.0,MW,NL,NL,forecast_solar_generation,Solar,2026-08-28T01:27:51Z
2026-08-28T01:22:45Z,2026-08-28T03:22:45+0200,fe344a24-22e0-4cc6-9f99-c4acdbe3c429,2026-08-01T17:30:00Z,2026-08-01T19:30:00+0200,1378.0,MW,NL,NL,forecast_solar_generation,Solar,2026-08-28T01:27:51Z
2026-08-28T01:22:45Z,2026-08-28T03:22:45+0200,fe344a24-22e0-4cc6-9f99-c4acdbe3c429,2026-08-01T17:45:00Z,2026-08-01T19:45:00+0200,1164.0,MW,NL,NL,forecast_solar_generation,Solar,2026-08-28T01:27:51Z
2026-08-28T01:22:45Z,2026-08-28T03:22:45+0200,fe344a24-22e0-4cc6-9f99-c4acdbe3c429,2026-08-01T18:00:00Z,2026-08-01T20:00:00+0200,948.0,MW,NL,NL,forecast_solar_generation,Solar,2026-08-28T01:27:51Z
2026-08-28T01:22:45Z,2026-08-28T03:22:45+0200,fe344a24-22e0-4cc6-9f99-c4acdbe3c429,2026-08-01T18:15:00Z,2026-08-01T20:15:00+0200,807.0,MW,NL,NL,forecast_solar_generation,Solar,2026-08-28T01:27:51Z
2026-08-28T01:22:45Z,2026-08-28T03:22:45+0200,fe344a24-22e0-4cc6-9f99-c4acdbe3c429,2026-08-01T18:30:00Z,2026-08-01T20:30:00+0200,663.0,MW,NL,NL,forecast_solar_generation,Solar,2026-08-28T01:27:51Z
2026-08-28T01:22:45Z,2026-08-28T03:22:45+0200,fe344a24-22e0-4cc6-9f99-c4acdbe3c429,2026-08-01T18:45:00Z,2026-08-01T20:45:00+0200,520.0,MW,NL,NL,forecast_solar_generation,Solar,2026-08-28T01:27:51Z
2026-08-28T01:22:45Z,2026-08-28T03:22:45+0200,fe344a24-22e0-4cc6-9f99-c4acdbe3c429,2026-08-01T19:00:00Z,2026-08-01T21:00:00+0200,375.0,MW,NL,NL,forecast_solar_generation,Solar,2026-08-28T01:27:51Z
2026-08-28T01:22:45Z,2026-08-28T03:22:45+0200,fe344a24-22e0-4cc6-9f99-c4acdbe3c429,2026-08-01T19:15:00Z,2026-08-01T21:15:00+0200,285.0,MW,NL,NL,forecast_solar_generation,Solar,2026-08-28T01:27:51Z
2026-08-28T01:22:45Z,2026-08-28T03:22:45+0200,fe344a24-22e0-4cc6-9f99-c4acdbe3c429,2026-08-01T19:30:00Z,2026-08-01T21:30:00+0200,193.0,MW,NL,NL,forecast_solar_generation,Solar,2026-08-28T01:27:51Z
2026-08-28T01:22:45Z,2026-08-28T03:22:45+0200,fe344a24-22e0-4cc6-9f99-c4acdbe3c429,2026-08-01T19:45:00Z,2026-08-01T21:45:00+0200,102.0,MW,NL,NL,forecast_solar_generation,Solar,2026-08-28T01:27:51Z
2026-08-28T01:22:45Z,2026-08-28T03:22:45+0200,fe344a24-22e0-4cc6-9f99-c4acdbe3c429,2026-08-01T20:00:00Z,2026-08-01T22:00:00+0200,8.0,MW,NL,NL,forecast_solar_generation,Solar,2026-08-28T01:27:51Z
2026-08-28T01:22:45Z,2026-08-28T03:22:45+0200,fe344a24-22e0-4cc6-9f99-c4acdbe3c429,2026-08-01T20:15:00Z,2026-08-01T22:15:00+0200,7.0,MW,NL,NL,forecast_solar_generation,Solar,2026-08-28T01:27:51Z
2026-08-28T01:22:45Z,2026-08-28T03:22:45+0200,fe344a24-22e0-4cc6-9f99-c4acdbe3c429,2026-08-01T20:30:00Z,2026-08-01T22:30:00+0200,3.0,MW,NL,NL,forecast_solar_generation,Solar,2026-08-28T01:27:51Z
2026-08-28T01:22:45Z,2026-08-28T03:22:45+0200,fe344a24-22e0-4cc6-9f99-c4acdbe3c429,2026-08-01T20:45:00Z,2026-08-01T22:45:00+0200,2.0,MW,NL,NL,forecast_solar_generation,Solar,2026-08-28T01:27:51Z
2026-08-28T01:22:45Z,2026-08-28T03:22:45+0200,fe344a24-22e0-4cc6-9f99-c4acdbe3c429,2026-08-01T21:00:00Z,2026-08-01T23:00:00+0200,0.0,MW,NL,NL,forecast_solar_generation,Solar,2026-08-28T01:27:51Z
2026-08-28T01:22:45Z,2026-08-28T03:22:45+0200,fe344a24-22e0-4cc6-9f99-c4acdbe3c429,2026-08-01T21:15:00Z,2026-08-01T23:15:00+0200,0.0,MW,NL,NL,forecast_solar_generation,Solar,2026-08-28T01:27:51Z
2026-08-28T01:22:45Z,2026-08-28T03:22:45+0200,fe344a24-22e0-4cc6-9f99-c4acdbe3c429,2026-08-01T21:30:00Z,2026-08-01T23:30:00+0200,0.0,MW,NL,NL,forecast_solar_generation,Solar,2026-08-28T01:27:51Z
2026-08-28T01:22:45Z,2026-08-28T03:22:45+0200,fe344a24-22e0-4cc6-9f99-c4acdbe3c429,2026-08-01T21:45:00Z,2026-08-01T23:45:00+0200,0.0,MW,NL,NL,forecast_solar_generation,Solar,2026-08-28T01:27:51Z
2026-08-28T01:22:45Z,2026-08-28T03:22:45+0200,fe344a24-22e0-4cc6-9f99-c4acdbe3c429,2026-08-01T22:00:00Z,2026-08-02T00:00:00+0200,0.0,MW,NL,NL,forecast_solar_generation,Solar,2026-08-28T01:27:51Z
2026-08-28T01:22:45Z,2026-08-28T03:22:45+0200,fe344a24-22e0-4cc6-9f99-c4acdbe3c429,2026-08-01T22:15:00Z,2026-08-02T00:15:00+0200,0.0,MW,NL,NL,forecast_solar_generation,Solar,2026-08-28T01:27:51Z
2026-08-28T01:22:45Z,2026-08-28T03:22:45+0200,fe344a24-22e0-4cc6-9f99-c4acdbe3c429,2026-08-01T22:30:00Z,2026-08-02T00:30:00+0200,0.0,MW,NL,NL,forecast_solar_generation,Solar,2026-08-28T01:27:51Z
2026-08-28T01:22:45Z,2026-08-28T03:22:45+0200,fe344a24-22e0-4cc6-9f99-c4acdbe3c429,2026-08-01T22:45:00Z,2026-08-02T00:45:00+0200,0.0,MW,NL,NL,forecast_solar_generation,Solar,2026-08-28T01:27:51Z
2026-08-28T01:22:45Z,2026-08-28T03:22:45+0200,fe344a24-22e0-4cc6-9f99-c4acdbe3c429,2026-08-01T23:00:00Z,2026-08-02T01:00:00+0200,0.0,MW,NL,NL,forecast_solar_generation,Solar,2026-08-28T01:27:51Z
2026-08-28T01:22:45Z,2026-08-28T03:22:45+0200,fe344a24-22e0-4cc6-9f99-c4acdbe3c429,2026-08-01T23:15:00Z,2026-08-02T01:15:00+0200,0.0,MW,NL,NL,forecast_solar_generation,Solar,2026-08-28T01:27:51Z
2026-08-28T01:22:45Z,2026-08-28T03:22:45+0200,fe344a24-22e0-4cc6-9f99-c4acdbe3c429,2026-08-01T23:30:00Z,2026-08-02T01:30:00+0200,0.0,MW,NL,NL,forecast_solar_generation,Solar,2026-08-28T01:27:51Z
2026-08-28T01:22:45Z,2026-08-28T03:22:45+0200,fe344a24-22e0-4cc6-9f99-c4acdbe3c429,2026-08-01T23:45:00Z,2026-08-02T01:45:00+0200,0.0,MW,NL,NL,forecast_solar_generation,Solar,2026-08-28T01:27:51Z
2026-08-28T01:22:45Z,2026-08-28T03:22:45+0200,fe344a24-22e0-4cc6-9f99-c4acdbe3c429,2026-08-02T00:00:00Z,2026-08-02T02:00:00+0200,0.0,MW,NL,NL,forecast_solar_generation,Solar,2026-08-28T01:27:51Z
2026-08-28T01:22:45Z,2026-08-28T03:22:45+0200,fe344a24-22e0-4cc6-9f99-c4acdbe3c429,2026-08-02T00:15:00Z,2026-08-02T02:15:00+0200,0.0,MW,NL,NL,forecast_solar_generation,Solar,2026-08-28T01:27:51Z
2026-08-28T01:22:45Z,2026-08-28T03:22:45+0200,fe344a24-22e0-4cc6-9f99-c4acdbe3c429,2026-08-02T00:30:00Z,2026-08-02T02:30:00+0200,0.0,MW,NL,NL,forecast_solar_generation,Solar,2026-08-28T01:27:51Z
2026-08-28T01:22:45Z,2026-08-28T03:22:45+0200,fe344a24-22e0-4cc6-9f99-c4acdbe3c429,2026-08-02T00:45:00Z,2026-08-02T02:45:00+0200,0.0,MW,NL,NL,forecast_solar_generation,Solar,2026-08-28T01:27:51Z
2026-08-28T01:22:45Z,2026-08-28T03:22:45+0200,fe344a24-22e0-4cc6-9f99-c4acdbe3c429,2026-08-02T01:00:00Z,2026-08-02T03:00:00+0200,0.0,MW,NL,NL,forecast_solar_generation,Solar,2026-08-28T01:27:51Z
2026-08-28T01:22:45Z,2026-08-28T03:22:45+0200,fe344a24-22e0-4cc6-9f99-c4acdbe3c429,2026-08-02T01:15:00Z,2026-08-02T03:15:00+0200,0.0,MW,NL,NL,forecast_solar_generation,Solar,2026-08-28T01:27:51Z
2026-08-28T01:22:45Z,2026-08-28T03:22:45+0200,fe344a24-22e0-4cc6-9f99-c4acdbe3c429,2026-08-02T01:30:00Z,2026-08-02T03:30:00+0200,0.0,MW,NL,NL,forecast_solar_generation,Solar,2026-08-28T01:27:51Z
2026-08-28T01:22:45Z,2026-08-28T03:22:45+0200,fe344a24-22e0-4cc6-9f99-c4acdbe3c429,2026-08-02T01:45:00Z,2026-08-02T03:45:00+0200,0.0,MW,NL,NL,forecast_solar_generation,Solar,2026-08-28T01:27:51Z
2026-08-28T01:22:45Z,2026-08-28T03:22:45+0200,fe344a24-22e0-4cc6-9f99-c4acdbe3c429,2026-08-02T02:00:00Z,2026-08-02T04:00:00+0200,0.0,MW,NL,NL,forecast_solar_generation,Solar,2026-08-28T01:27:51Z
2026-08-28T01:22:45Z,2026-08-28T03:22:45+0200,fe344a24-22e0-4cc6-9f99-c4acdbe3c429,2026-08-02T02:15:00Z,2026-08-02T04:15:00+0200,0.0,MW,NL,NL,forecast_solar_generation,Solar,2026-08-28T01:27:51Z
2026-08-28T01:22:45Z,2026-08-28T03:22:45+0200,fe344a24-22e0-4cc6-9f99-c4acdbe3c429,2026-08-02T02:30:00Z,2026-08-02T04:30:00+0200,0.0,MW,NL,NL,forecast_solar_generation,Solar,2026-08-28T01:27:51Z
2026-08-28T01:22:45Z,2026-08-28T03:22:45+0200,fe344a24-22e0-4cc6-9f99-c4acdbe3c429,2026-08-02T02:45:00Z,2026-08-02T04:45:00+0200,0.0,MW,NL,NL,forecast_solar_generation,Solar,2026-08-28T01:27:51Z
2026-08-28T01:22:45Z,2026-08-28T03:22:45+0200,fe344a24-22e0-4cc6-9f99-c4acdbe3c429,2026-08-02T03:00:00Z,2026-08-02T05:00:00+0200,0.0,MW,NL,NL,forecast_solar_generation,Solar,2026-08-28T01:27:51Z
2026-08-28T01:22:45Z,2026-08-28T03:22:45+0200,fe344a24-22e0-4cc6-9f99-c4acdbe3c429,2026-08-02T03:15:00Z,2026-08-02T05:15:00+0200,0.0,MW,NL,NL,forecast_solar_generation,Solar,2026-08-28T01:27:51Z
2026-08-28T01:22:45Z,2026-08-28T03:22:45+0200,fe344a24-22e0-4cc6-9f99-c4acdbe3c429,2026-08-02T03:30:00Z,2026-08-02T05:30:00+0200,0.0,MW,NL,NL,forecast_solar_generation,Solar,2026-08-28T01:27:51Z
2026-08-28T01:22:45Z,2026-08-28T03:22:45+0200,fe344a24-22e0-4cc6-9f99-c4acdbe3c429,2026-08-02T03:45:00Z,2026-08-02T05:45:00+0200,0.0,MW,NL,NL,forecast_solar_generation,Solar,2026-08-28T01:27:51Z
2026-08-28T01:22:45Z,2026-08-28T03:22:45+0200,fe344a24-22e0-4cc6-9f99-c4acdbe3c429,2026-08-02T04:00:00Z,2026-08-02T06:00:00+0200,0.0,MW,NL,NL,forecast_solar_generation,Solar,2026-08-28T01:27:51Z
2026-08-28T01:22:45Z,2026-08-28T03:22:45+0200,fe344a24-22e0-4cc6-9f99-c4acdbe3c429,2026-08-02T04:15:00Z,2026-08-02T06:15:00+0200,15.0,MW,NL,NL,forecast_solar_generation,Solar,2026-08-28T01:27:51Z
2026-08-28T01:22:45Z,2026-08-28T03:22:45+0200,fe344a24-22e0-4cc6-9f99-c4acdbe3c429,2026-08-02T04:30:00Z,2026-08-02T06:30:00+0200,30.0,MW,NL,NL,forecast_solar_generation,Solar,2026-08-28T01:27:51Z
2026-08-28T01:22:45Z,2026-08-28T03:22:45+0200,fe344a24-22e0-4cc6-9f99-c4acdbe3c429,2026-08-02T04:45:00Z,2026-08-02T06:45:00+0200,44.0,MW,NL,NL,forecast_solar_generation,Solar,2026-08-28T01:27:51Z
2026-08-28T01:22:45Z,2026-08-28T03:22:45+0200,fe344a24-22e0-4cc6-9f99-c4acdbe3c429,2026-08-02T05:00:00Z,2026-08-02T07:00:00+0200,57.0,MW,NL,NL,forecast_solar_generation,Solar,2026-08-28T01:27:51Z
2026-08-28T01:22:45Z,2026-08-28T03:22:45+0200,fe344a24-22e0-4cc6-9f99-c4acdbe3c429,2026-08-02T05:15:00Z,2026-08-02T07:15:00+0200,173.0,MW,NL,NL,forecast_solar_generation,Solar,2026-08-28T01:27:51Z
2026-08-28T01:22:45Z,2026-08-28T03:22:45+0200,fe344a24-22e0-4cc6-9f99-c4acdbe3c429,2026-08-02T05:30:00Z,2026-08-02T07:30:00+0200,291.0,MW,NL,NL,forecast_solar_generation,Solar,2026-08-28T01:27:51Z
2026-08-28T01:22:45Z,2026-08-28T03:22:45+0200,fe344a24-22e0-4cc6-9f99-c4acdbe3c429,2026-08-02T05:45:00Z,2026-08-02T07:45:00+0200,410.0,MW,NL,NL,forecast_solar_generation,Solar,2026-08-28T01:27:51Z
2026-08-28T01:22:45Z,2026-08-28T03:22:45+0200,fe344a24-22e0-4cc6-9f99-c4acdbe3c429,2026-08-02T06:00:00Z,2026-08-02T08:00:00+0200,525.0,MW,NL,NL,forecast_solar_generation,Solar,2026-08-28T01:27:51Z
2026-08-28T01:22:45Z,2026-08-28T03:22:45+0200,fe344a24-22e0-4cc6-9f99-c4acdbe3c429,2026-08-02T06:15:00Z,2026-08-02T08:15:00+0200,742.0,MW,NL,NL,forecast_solar_generation,Solar,2026-08-28T01:27:51Z
2026-08-28T01:22:45Z,2026-08-28T03:22:45+0200,fe344a24-22e0-4cc6-9f99-c4acdbe3c429,2026-08-02T06:30:00Z,2026-08-02T08:30:00+0200,962.0,MW,NL,NL,forecast_solar_generation,Solar,2026-08-28T01:27:51Z
2026-08-28T01:22:45Z,2026-08-28T03:22:45+0200,fe344a24-22e0-4cc6-9f99-c4acdbe3c429,2026-08-02T06:45:00Z,2026-08-02T08:45:00+0200,1179.0,MW,NL,NL,forecast_solar_generation,Solar,2026-08-28T01:27:51Z
2026-08-28T01:22:45Z,2026-08-28T03:22:45+0200,fe344a24-22e0-4cc6-9f99-c4acdbe3c429,2026-08-02T07:00:00Z,2026-08-02T09:00:00+0200,1397.0,MW,NL,NL,forecast_solar_generation,Solar,2026-08-28T01:27:51Z
2026-08-28T01:22:45Z,2026-08-28T03:22:45+0200,fe344a24-22e0-4cc6-9f99-c4acdbe3c429,2026-08-02T07:15:00Z,2026-08-02T09:15:00+0200,1641.0,MW,NL,NL,forecast_solar_generation,Solar,2026-08-28T01:27:51Z
2026-08-28T01:22:45Z,2026-08-28T03:22:45+0200,fe344a24-22e0-4cc6-9f99-c4acdbe3c429,2026-08-02T07:30:00Z,2026-08-02T09:30:00+0200,1886.0,MW,NL,NL,forecast_solar_generation,Solar,2026-08-28T01:27:51Z
2026-08-28T01:22:45Z,2026-08-28T03:22:45+0200,fe344a24-22e0-4cc6-9f99-c4acdbe3c429,2026-08-02T07:45:00Z,2026-08-02T09:45:00+0200,2129.0,MW,NL,NL,forecast_solar_generation,Solar,2026-08-28T01:27:51Z
2026-08-28T01:22:45Z,2026-08-28T03:22:45+0200,fe344a24-22e0-4cc6-9f99-c4acdbe3c429,2026-08-02T08:00:00Z,2026-08-02T10:00:00+0200,2372.0,MW,NL,NL,forecast_solar_generation,Solar,2026-08-28T01:27:51Z
2026-08-28T01:22:45Z,2026-08-28T03:22:45+0200,fe344a24-22e0-4cc6-9f99-c4acdbe3c429,2026-08-02T08:15:00Z,2026-08-02T10:15:00+0200,2600.0,MW,NL,NL,forecast_solar_generation,Solar,2026-08-28T01:27:51Z
2026-08-28T01:22:45Z,2026-08-28T03:22:45+0200,fe344a24-22e0-4cc6-9f99-c4acdbe3c429,2026-08-02T08:30:00Z,2026-08-02T10:30:00+0200,2823.0,MW,NL,NL,forecast_solar_generation,Solar,2026-08-28T01:27:51Z
2026-08-28T01:22:45Z,2026-08-28T03:22:45+0200,fe344a24-22e0-4cc6-9f99-c4acdbe3c429,2026-08-02T08:45:00Z,2026-08-02T10:45:00+0200,3048.0,MW,NL,NL,forecast_solar_generation,Solar,2026-08-28T01:27:51Z
2026-08-28T01:22:45Z,2026-08-28T03:22:45+0200,fe344a24-22e0-4cc6-9f99-c4acdbe3c429,2026-08-02T09:00:00Z,2026-08-02T11:00:00+0200,3275.0,MW,NL,NL,forecast_solar_generation,Solar,2026-08-28T01:27:51Z
2026-08-28T01:22:45Z,2026-08-28T03:22:45+0200,fe344a24-22e0-4cc6-9f99-c4acdbe3c429,2026-08-02T09:15:00Z,2026-08-02T11:15:00+0200,3481.0,MW,NL,NL,forecast_solar_generation,Solar,2026-08-28T01:27:51Z
2026-08-28T01:22:45Z,2026-08-28T03:22:45+0200,fe344a24-22e0-4cc6-9f99-c4acdbe3c429,2026-08-02T09:30:00Z,2026-08-02T11:30:00+0200,3687.0,MW,NL,NL,forecast_solar_generation,Solar,2026-08-28T01:27:51Z
2026-08-28T01:22:45Z,2026-08-28T03:22:45+0200,fe344a24-22e0-4cc6-9f99-c4acdbe3c429,2026-08-02T09:45:00Z,2026-08-02T11:45:00+0200,3896.0,MW,NL,NL,forecast_solar_generation,Solar,2026-08-28T01:27:51Z
2026-08-28T01:22:45Z,2026-08-28T03:22:45+0200,fe344a24-22e0-4cc6-9f99-c4acdbe3c429,2026-08-02T10:00:00Z,2026-08-02T12:00:00+0200,4100.0,MW,NL,NL,forecast_solar_generation,Solar,2026-08-28T01:27:51Z
2026-08-28T01:22:45Z,2026-08-28T03:22:45+0200,fe344a24-22e0-4cc6-9f99-c4acdbe3c429,2026-08-02T10:15:00Z,2026-08-02T12:15:00+0200,4222.0,MW,NL,NL,forecast_solar_generation,Solar,2026-08-28T01:27:51Z
2026-08-28T01:22:45Z,2026-08-28T03:22:45+0200,fe344a24-22e0-4cc6-9f99-c4acdbe3c429,2026-08-02T10:30:00Z,2026-08-02T12:30:00+0200,4345.0,MW,NL,NL,forecast_solar_generation,Solar,2026-08-28T01:27:51Z
2026-08-28T01:22:45Z,2026-08-28T03:22:45+0200,fe344a24-22e0-4cc6-9f99-c4acdbe3c429,2026-08-02T10:45:00Z,2026-08-02T12:45:00+0200,4468.0,MW,NL,NL,forecast_solar_generation,Solar,2026-08-28T01:27:51Z
2026-08-28T01:22:45Z,2026-08-28T03:22:45+0200,fe344a24-22e0-4cc6-9f99-c4acdbe3c429,2026-08-02T11:00:00Z,2026-08-02T13:00:00+0200,4591.0,MW,NL,NL,forecast_solar_generation,Solar,2026-08-28T01:27:51Z
2026-08-28T01:22:45Z,2026-08-28T03:22:45+0200,fe344a24-22e0-4cc6-9f99-c4acdbe3c429,2026-08-02T11:15:00Z,2026-08-02T13:15:00+0200,4643.0,MW,NL,NL,forecast_solar_generation,Solar,2026-08-28T01:27:51Z
2026-08-28T01:22:45Z,2026-08-28T03:22:45+0200,fe344a24-22e0-4cc6-9f99-c4acdbe3c429,2026-08-02T11:30:00Z,2026-08-02T13:30:00+0200,4699.0,MW,NL,NL,forecast_solar_generation,Solar,2026-08-28T01:27:51Z
2026-08-28T01:22:45Z,2026-08-28T03:22:45+0200,fe344a24-22e0-4cc6-9f99-c4acdbe3c429,2026-08-02T11:45:00Z,2026-08-02T13:45:00+0200,4751.0,MW,NL,NL,forecast_solar_generation,Solar,2026-08-28T01:27:51Z
2026-08-28T01:22:45Z,2026-08-28T03:22:45+0200,fe344a24-22e0-4cc6-9f99-c4acdbe3c429,2026-08-02T12:00:00Z,2026-08-02T14:00:00+0200,4805.0,MW,NL,NL,forecast_solar_generation,Solar,2026-08-28T01:27:51Z
2026-08-28T01:22:45Z,2026-08-28T03:22:45+0200,fe344a24-22e0-4cc6-9f99-c4acdbe3c429,2026-08-02T12:15:00Z,2026-08-02T14:15:00+0200,4774.0,MW,NL,NL,forecast_solar_generation,Solar,2026-08-28T01:27:51Z
2026-08-28T01:22:45Z,2026-08-28T03:22:45+0200,fe344a24-22e0-4cc6-9f99-c4acdbe3c429,2026-08-02T12:30:00Z,2026-08-02T14:30:00+0200,4745.0,MW,NL,NL,forecast_solar_generation,Solar,2026-08-28T01:27:51Z
2026-08-28T01:22:45Z,2026-08-28T03:22:45+0200,fe344a24-22e0-4cc6-9f99-c4acdbe3c429,2026-08-02T12:45:00Z,2026-08-02T14:45:00+0200,4715.0,MW,NL,NL,forecast_solar_generation,Solar,2026-08-28T01:27:51Z
2026-08-28T01:22:45Z,2026-08-28T03:22:45+0200,fe344a24-22e0-4cc6-9f99-c4acdbe3c429,2026-08-02T13:00:00Z,2026-08-02T15:00:00+0200,4686.0,MW,NL,NL,forecast_solar_generation,Solar,2026-08-28T01:27:51Z
2026-08-28T01:22:45Z,2026-08-28T03:22:45+0200,fe344a24-22e0-4cc6-9f99-c4acdbe3c429,2026-08-02T13:15:00Z,2026-08-02T15:15:00+0200,4596.0,MW,NL,NL,forecast_solar_generation,Solar,2026-08-28T01:27:51Z
2026-08-28T01:22:45Z,2026-08-28T03:22:45+0200,fe344a24-22e0-4cc6-9f99-c4acdbe3c429,2026-08-02T13:30:00Z,2026-08-02T15:30:00+0200,4506.0,MW,NL,NL,forecast_solar_generation,Solar,2026-08-28T01:27:51Z
2026-08-28T01:22:45Z,2026-08-28T03:22:45+0200,fe344a24-22e0-4cc6-9f99-c4acdbe3c429,2026-08-02T13:45:00Z,2026-08-02T15:45:00+0200,4417.0,MW,NL,NL,forecast_solar_generation,Solar,2026-08-28T01:27:51Z
2026-08-28T01:22:45Z,2026-08-28T03:22:45+0200,fe344a24-22e0-4cc6-9f99-c4acdbe3c429,2026-08-02T14:00:00Z,2026-08-02T16:00:00+0200,4324.0,MW,NL,NL,forecast_solar_generation,Solar,2026-08-28T01:27:51Z
2026-08-28T01:22:45Z,2026-08-28T03:22:45+0200,fe344a24-22e0-4cc6-9f99-c4acdbe3c429,2026-08-02T14:15:00Z,2026-08-02T16:15:00+0200,4172.0,MW,NL,NL,forecast_solar_generation,Solar,2026-08-28T01:27:51Z
2026-08-28T01:22:45Z,2026-08-28T03:22:45+0200,fe344a24-22e0-4cc6-9f99-c4acdbe3c429,2026-08-02T14:30:00Z,2026-08-02T16:30:00+0200,4016.0,MW,NL,NL,forecast_solar_generation,Solar,2026-08-28T01:27:51Z
2026-08-28T01:22:45Z,2026-08-28T03:22:45+0200,fe344a24-22e0-4cc6-9f99-c4acdbe3c429,2026-08-02T14:45:00Z,2026-08-02T16:45:00+0200,3860.0,MW,NL,NL,forecast_solar_generation,Solar,2026-08-28T01:27:51Z
2026-08-28T01:22:45Z,2026-08-28T03:22:45+0200,fe344a24-22e0-4cc6-9f99-c4acdbe3c429,2026-08-02T15:00:00Z,2026-08-02T17:00:00+0200,3705.0,MW,NL,NL,forecast_solar_generation,Solar,2026-08-28T01:27:51Z
2026-08-28T01:22:45Z,2026-08-28T03:22:45+0200,fe344a24-22e0-4cc6-9f99-c4acdbe3c429,2026-08-02T15:15:00Z,2026-08-02T17:15:00+0200,3517.0,MW,NL,NL,forecast_solar_generation,Solar,2026-08-28T01:27:51Z
2026-08-28T01:22:45Z,2026-08-28T03:22:45+0200,fe344a24-22e0-4cc6-9f99-c4acdbe3c429,2026-08-02T15:30:00Z,2026-08-02T17:30:00+0200,3331.0,MW,NL,NL,forecast_solar_generation,Solar,2026-08-28T01:27:51Z
2026-08-28T01:22:45Z,2026-08-28T03:22:45+0200,fe344a24-22e0-4cc6-9f99-c4acdbe3c429,2026-08-02T15:45:00Z,2026-08-02T17:45:00+0200,3143.0,MW,NL,NL,forecast_solar_generation,Solar,2026-08-28T01:27:51Z
2026-08-28T01:22:45Z,2026-08-28T03:22:45+0200,fe344a24-22e0-4cc6-9f99-c4acdbe3c429,2026-08-02T16:00:00Z,2026-08-02T18:00:00+0200,2957.0,MW,NL,NL,forecast_solar_generation,Solar,2026-08-28T01:27:51Z
2026-08-28T01:22:45Z,2026-08-28T03:22:45+0200,fe344a24-22e0-4cc6-9f99-c4acdbe3c429,2026-08-02T16:15:00Z,2026-08-02T18:15:00+0200,2703.0,MW,NL,NL,forecast_solar_generation,Solar,2026-08-28T01:27:51Z
2026-08-28T01:22:45Z,2026-08-28T03:22:45+0200,fe344a24-22e0-4cc6-9f99-c4acdbe3c429,2026-08-02T16:30:00Z,2026-08-02T18:30:00+0200,2450.0,MW,NL,NL,forecast_solar_generation,Solar,2026-08-28T01:27:51Z
2026-08-28T01:22:45Z,2026-08-28T03:22:45+0200,fe344a24-22e0-4cc6-9f99-c4acdbe3c429,2026-08-02T16:45:00Z,2026-08-02T18:45:00+0200,2195.0,MW,NL,NL,forecast_solar_generation,Solar,2026-08-28T01:27:51Z
2026-08-28T01:22:45Z,2026-08-28T03:22:45+0200,fe344a24-22e0-4cc6-9f99-c4acdbe3c429,2026-08-02T17:00:00Z,2026-08-02T19:00:00+0200,1941.0,MW,NL,NL,forecast_solar_generation,Solar,2026-08-28T01:27:51Z
2026-08-28T01:22:45Z,2026-08-28T03:22:45+0200,fe344a24-22e0-4cc6-9f99-c4acdbe3c429,2026-08-02T17:15:00Z,2026-08-02T19:15:00+0200,1705.0,MW,NL,NL,forecast_solar_generation,Solar,2026-08-28T01:27:51Z
2026-08-28T01:22:45Z,2026-08-28T03:22:45+0200,fe344a24-22e0-4cc6-9f99-c4acdbe3c429,2026-08-02T17:30:00Z,2026-08-02T19:30:00+0200,1470.0,MW,NL,NL,forecast_solar_generation,Solar,2026-08-28T01:27:51Z
2026-08-28T01:22:45Z,2026-08-28T03:22:45+0200,fe344a24-22e0-4cc6-9f99-c4acdbe3c429,2026-08-02T17:45:00Z,2026-08-02T19:45:00+0200,1231.0,MW,NL,NL,forecast_solar_generation,Solar,2026-08-28T01:27:51Z
2026-08-28T01:22:45Z,2026-08-28T03:22:45+0200,fe344a24-22e0-4cc6-9f99-c4acdbe3c429,2026-08-02T18:00:00Z,2026-08-02T20:00:00+0200,993.0,MW,NL,NL,forecast_solar_generation,Solar,2026-08-28T01:27:51Z
2026-08-28T01:22:45Z,2026-08-28T03:22:45+0200,fe344a24-22e0-4cc6-9f99-c4acdbe3c429,2026-08-02T18:15:00Z,2026-08-02T20:15:00+0200,835.0,MW,NL,NL,forecast_solar_generation,Solar,2026-08-28T01:27:51Z
2026-08-28T01:22:45Z,2026-08-28T03:22:45+0200,fe344a24-22e0-4cc6-9f99-c4acdbe3c429,2026-08-02T18:30:00Z,2026-08-02T20:30:00+0200,675.0,MW,NL,NL,forecast_solar_generation,Solar,2026-08-28T01:27:51Z
2026-08-28T01:22:45Z,2026-08-28T03:22:45+0200,fe344a24-22e0-4cc6-9f99-c4acdbe3c429,2026-08-02T18:45:00Z,2026-08-02T20:45:00+0200,516.0,MW,NL,NL,forecast_solar_generation,Solar,2026-08-28T01:27:51Z
2026-08-28T01:22:45Z,2026-08-28T03:22:45+0200,fe344a24-22e0-4cc6-9f99-c4acdbe3c429,2026-08-02T19:00:00Z,2026-08-02T21:00:00+0200,358.0,MW,NL,NL,forecast_solar_generation,Solar,2026-08-28T01:27:51Z
2026-08-28T01:22:45Z,2026-08-28T03:22:45+0200,fe344a24-22e0-4cc6-9f99-c4acdbe3c429,2026-08-02T19:15:00Z,2026-08-02T21:15:00+0200,271.0,MW,NL,NL,forecast_solar_generation,Solar,2026-08-28T01:27:51Z
2026-08-28T01:22:45Z,2026-08-28T03:22:45+0200,fe344a24-22e0-4cc6-9f99-c4acdbe3c429,2026-08-02T19:30:00Z,2026-08-02T21:30:00+0200,183.0,MW,NL,NL,forecast_solar_generation,Solar,2026-08-28T01:27:51Z
2026-08-28T01:22:45Z,2026-08-28T03:22:45+0200,fe344a24-22e0-4cc6-9f99-c4acdbe3c429,2026-08-02T19:45:00Z,2026-08-02T21:45:00+0200,95.0,MW,NL,NL,forecast_solar_generation,Solar,2026-08-28T01:27:51Z
2026-08-28T01:22:45Z,2026-08-28T03:22:45+0200,fe344a24-22e0-4cc6-9f99-c4acdbe3c429,2026-08-02T20:00:00Z,2026-08-02T22:00:00+0200,7.0,MW,NL,NL,forecast_solar_generation,Solar,2026-08-28T01:27:51Z
2026-08-28T01:22:45Z,2026-08-28T03:22:45+0200,fe344a24-22e0-4cc6-9f99-c4acdbe3c429,2026-08-02T20:15:00Z,2026-08-02T22:15:00+0200,4.0,MW,NL,NL,forecast_solar_generation,Solar,2026-08-28T01:27:51Z
2026-08-28T01:22:45Z,2026-08-28T03:22:45+0200,fe344a24-22e0-4cc6-9f99-c4acdbe3c429,2026-08-02T20:30:00Z,2026-08-02T22:30:00+0200,2.0,MW,NL,NL,forecast_solar_generation,Solar,2026-08-28T01:27:51Z
2026-08-28T01:22:45Z,2026-08-28T03:22:45+0200,fe344a24-22e0-4cc6-9f99-c4acdbe3c429,2026-08-02T20:45:00Z,2026-08-02T22:45:00+0200,1.0,MW,NL,NL,forecast_solar_generation,Solar,2026-08-28T01:27:51Z
2026-08-28T01:22:45Z,2026-08-28T03:22:45+0200,fe344a24-22e0-4cc6-9f99-c4acdbe3c429,2026-08-02T21:00:00Z,2026-08-02T23:00:00+0200,0.0,MW,NL,NL,forecast_solar_generation,Solar,2026-08-28T01:27:51Z
2026-08-28T01:22:45Z,2026-08-28T03:22:45+0200,fe344a24-22e0-4cc6-9f99-c4acdbe3c429,2026-08-02T21:15:00Z,2026-08-02T23:15:00+0200,0.0,MW,NL,NL,forecast_solar_generation,Solar,2026-08-28T01:27:51Z
2026-08-28T01:22:45Z,2026-08-28T03:22:45+0200,fe344a24-22e0-4cc6-9f99-c4acdbe3c429,2026-08-02T21:30:00Z,2026-08-02T23:30:00+0200,0.0,MW,NL,NL,forecast_solar_generation,Solar,2026-08-28T01:27:51Z
2026-08-28T01:22:45Z,2026-08-28T03:22:45+0200,fe344a24-22e0-4cc6-9f99-c4acdbe3c429,2026-08-02T21:45:00Z,2026-08-02T23:45:00+0200,0.0,MW,NL,NL,forecast_solar_generation,Solar,2026-08-28T01:27:51Z
2026-08-28T01:22:45Z,2026-08-28T03:22:45+0200,fe344a24-22e0-4cc6-9f99-c4acdbe3c429,2026-08-02T22:00:00Z,2026-08-03T00:00:00+0200,0.0,MW,NL,NL,forecast_solar_generation,Solar,2026-08-28T01:27:51Z
2026-08-28T01:22:45Z,2026-08-28T03:22:45+0200,fe344a24-22e0-4cc6-9f99-c4acdbe3c429,2026-08-02T22:15:00Z,2026-08-03T00:15:00+0200,0.0,MW,NL,NL,forecast_solar_generation,Solar,2026-08-28T01:27:51Z
2026-08-28T01:22:45Z,2026-08-28T03:22:45+0200,fe344a24-22e0-4cc6-9f99-c4acdbe3c429,2026-08-02T22:30:00Z,2026-08-03T00:30:00+0200,0.0,MW,NL,NL,forecast_solar_generation,Solar,2026-08-28T01:27:51Z
2026-08-28T01:22:45Z,2026-08-28T03:22:45+0200,fe344a24-22e0-4cc6-9f99-c4acdbe3c429,2026-08-02T22:45:00Z,2026-08-03T00:45:00+0200,0.0,MW,NL,NL,forecast_solar_generation,Solar,2026-08-28T01:27:51Z
2026-08-28T01:22:45Z,2026-08-28T03:22:45+0200,fe344a24-22e0-4cc6-9f99-c4acdbe3c429,2026-08-02T23:00:00Z,2026-08-03T01:00:00+0200,0.0,MW,NL,NL,forecast_solar_generation,Solar,2026-08-28T01:27:51Z
2026-08-28T01:22:45Z,2026-08-28T03:22:45+0200,fe344a24-22e0-4cc6-9f99-c4acdbe3c429,2026-08-02T23:15:00Z,2026-08-03T01:15:00+0200,0.0,MW,NL,NL,forecast_solar_generation,Solar,2026-08-28T01:27:51Z
2026-08-28T01:22:45Z,2026-08-28T03:22:45+0200,fe344a24-22e0-4cc6-9f99-c4acdbe3c429,2026-08-02T23:30:00Z,2026-08-03T01:30:00+0200,0.0,MW,NL,NL,forecast_solar_generation,Solar,2026-08-28T01:27:51Z
2026-08-28T01:22:45Z,2026-08-28T03:22:45+0200,fe344a24-22e0-4cc6-9f99-c4acdbe3c429,2026-08-02T23:45:00Z,2026-08-03T01:45:00+0200,0.0,MW,NL,NL,forecast_solar_generation,Solar,2026-08-28T01:27:51Z
2026-08-28T01:22:45Z,2026-08-28T03:22:45+0200,fe344a24-22e0-4cc6-9f99-c4acdbe3c429,2026-08-03T00:00:00Z,2026-08-03T02:00:00+0200,0.0,MW,NL,NL,forecast_solar_generation,Solar,2026-08-28T01:27:51Z
2026-08-28T01:22:45Z,2026-08-28T03:22:45+0200,fe344a24-22e0-4cc6-9f99-c4acdbe3c429,2026-08-03T00:15:00Z,2026-08-03T02:15:00+0200,0.0,MW,NL,NL,forecast_solar_generation,Solar,2026-08-28T01:27:51Z
2026-08-28T01:22:45Z,2026-08-28T03:22:45+0200,fe344a24-22e0-4cc6-9f99-c4acdbe3c429,2026-08-03T00:30:00Z,2026-08-03T02:30:00+0200,0.0,MW,NL,NL,forecast_solar_generation,Solar,2026-08-28T01:27:51Z
2026-08-28T01:22:45Z,2026-08-28T03:22:45+0200,fe344a24-22e0-4cc6-9f99-c4acdbe3c429,2026-08-03T00:45:00Z,2026-08-03T02:45:00+0200,0.0,MW,NL,NL,forecast_solar_generation,Solar,2026-08-28T01:27:51Z
2026-08-28T01:22:45Z,2026-08-28T03:22:45+0200,fe344a24-22e0-4cc6-9f99-c4acdbe3c429,2026-08-03T01:00:00Z,2026-08-03T03:00:00+0200,0.0,MW,NL,NL,forecast_solar_generation,Solar,2026-08-28T01:27:51Z
2026-08-28T01:22:45Z,2026-08-28T03:22:45+0200,fe344a24-22e0-4cc6-9f99-c4acdbe3c429,2026-08-03T01:15:00Z,2026-08-03T03:15:00+0200,0.0,MW,NL,NL,forecast_solar_generation,Solar,2026-08-28T01:27:51Z
2026-08-28T01:22:45Z,2026-08-28T03:22:45+0200,fe344a24-22e0-4cc6-9f99-c4acdbe3c429,2026-08-03T01:30:00Z,2026-08-03T03:30:00+0200,0.0,MW,NL,NL,forecast_solar_generation,Solar,2026-08-28T01:27:51Z
2026-08-28T01:22:45Z,2026-08-28T03:22:45+0200,fe344a24-22e0-4cc6-9f99-c4acdbe3c429,2026-08-03T01:45:00Z,2026-08-03T03:45:00+0200,0.0,MW,NL,NL,forecast_solar_generation,Solar,2026-08-28T01:27:51Z
2026-08-28T01:22:45Z,2026-08-28T03:22:45+0200,fe344a24-22e0-4cc6-9f99-c4acdbe3c429,2026-08-03T02:00:00Z,2026-08-03T04:00:00+0200,0.0,MW,NL,NL,forecast_solar_generation,Solar,2026-08-28T01:27:51Z
2026-08-28T01:22:45Z,2026-08-28T03:22:45+0200,fe344a24-22e0-4cc6-9f99-c4acdbe3c429,2026-08-03T02:15:00Z,2026-08-03T04:15:00+0200,0.0,MW,NL,NL,forecast_solar_generation,Solar,2026-08-28T01:27:51Z
2026-08-28T01:22:45Z,2026-08-28T03:22:45+0200,fe344a24-22e0-4cc6-9f99-c4acdbe3c429,2026-08-03T02:30:00Z,2026-08-03T04:30:00+0200,0.0,MW,NL,NL,forecast_solar_generation,Solar,2026-08-28T01:27:51Z
2026-08-28T01:22:45Z,2026-08-28T03:22:45+0200,fe344a24-22e0-4cc6-9f99-c4acdbe3c429,2026-08-03T02:45:00Z,2026-08-03T04:45:00+0200,0.0,MW,NL,NL,forecast_solar_generation,Solar,2026-08-28T01:27:51Z
2026-08-28T01:22:45Z,2026-08-28T03:22:45+0200,fe344a24-22e0-4cc6-9f99-c4acdbe3c429,2026-08-03T03:00:00Z,2026-08-03T05:00:00+0200,0.0,MW,NL,NL,forecast_solar_generation,Solar,2026-08-28T01:27:51Z
2026-08-28T01:22:45Z,2026-08-28T03:22:45+0200,fe344a24-22e0-4cc6-9f99-c4acdbe3c429,2026-08-03T03:15:00Z,2026-08-03T05:15:00+0200,0.0,MW,NL,NL,forecast_solar_generation,Solar,2026-08-28T01:27:51Z
2026-08-28T01:22:45Z,2026-08-28T03:22:45+0200,fe344a24-22e0-4cc6-9f99-c4acdbe3c429,2026-08-03T03:30:00Z,2026-08-03T05:30:00+0200,0.0,MW,NL,NL,forecast_solar_generation,Solar,2026-08-28T01:27:51Z
2026-08-28T01:22:45Z,2026-08-28T03:22:45+0200,fe344a24-22e0-4cc6-9f99-c4acdbe3c429,2026-08-03T03:45:00Z,2026-08-03T05:45:00+0200,0.0,MW,NL,NL,forecast_solar_generation,Solar,2026-08-28T01:27:51Z
2026-08-28T01:22:45Z,2026-08-28T03:22:45+0200,fe344a24-22e0-4cc6-9f99-c4acdbe3c429,2026-08-03T04:00:00Z,2026-08-03T06:00:00+0200,0.0,MW,NL,NL,forecast_solar_generation,Solar,2026-08-28T01:27:51Z
2026-08-28T01:22:45Z,2026-08-28T03:22:45+0200,fe344a24-22e0-4cc6-9f99-c4acdbe3c429,2026-08-03T04:15:00Z,2026-08-03T06:15:00+0200,13.0,MW,NL,NL,forecast_solar_generation,Solar,2026-08-28T01:27:51Z
2026-08-28T01:22:45Z,2026-08-28T03:22:45+0200,fe344a24-22e0-4cc6-9f99-c4acdbe3c429,2026-08-03T04:30:00Z,2026-08-03T06:30:00+0200,27.0,MW,NL,NL,forecast_solar_generation,Solar,2026-08-28T01:27:51Z
2026-08-28T01:22:45Z,2026-08-28T03:22:45+0200,fe344a24-22e0-4cc6-9f99-c4acdbe3c429,2026-08-03T04:45:00Z,2026-08-03T06:45:00+0200,42.0,MW,NL,NL,forecast_solar_generation,Solar,2026-08-28T01:27:51Z
2026-08-28T01:22:45Z,2026-08-28T03:22:45+0200,fe344a24-22e0-4cc6-9f99-c4acdbe3c429,2026-08-03T05:00:00Z,2026-08-03T07:00:00+0200,52.0,MW,NL,NL,forecast_solar_generation,Solar,2026-08-28T01:27:51Z
2026-08-28T01:22:45Z,2026-08-28T03:22:45+0200,fe344a24-22e0-4cc6-9f99-c4acdbe3c429,2026-08-03T05:15:00Z,2026-08-03T07:15:00+0200,168.0,MW,NL,NL,forecast_solar_generation,Solar,2026-08-28T01:27:51Z
2026-08-28T01:22:45Z,2026-08-28T03:22:45+0200,fe344a24-22e0-4cc6-9f99-c4acdbe3c429,2026-08-03T05:30:00Z,2026-08-03T07:30:00+0200,284.0,MW,NL,NL,forecast_solar_generation,Solar,2026-08-28T01:27:51Z
2026-08-28T01:22:45Z,2026-08-28T03:22:45+0200,fe344a24-22e0-4cc6-9f99-c4acdbe3c429,2026-08-03T05:45:00Z,2026-08-03T07:45:00+0200,397.0,MW,NL,NL,forecast_solar_generation,Solar,2026-08-28T01:27:51Z
2026-08-28T01:22:45Z,2026-08-28T03:22:45+0200,fe344a24-22e0-4cc6-9f99-c4acdbe3c429,2026-08-03T06:00:00Z,2026-08-03T08:00:00+0200,512.0,MW,NL,NL,forecast_solar_generation,Solar,2026-08-28T01:27:51Z
2026-08-28T01:22:45Z,2026-08-28T03:22:45+0200,fe344a24-22e0-4cc6-9f99-c4acdbe3c429,2026-08-03T06:15:00Z,2026-08-03T08:15:00+0200,694.0,MW,NL,NL,forecast_solar_generation,Solar,2026-08-28T01:27:51Z
2026-08-28T01:22:45Z,2026-08-28T03:22:45+0200,fe344a24-22e0-4cc6-9f99-c4acdbe3c429,2026-08-03T06:30:00Z,2026-08-03T08:30:00+0200,876.0,MW,NL,NL,forecast_solar_generation,Solar,2026-08-28T01:27:51Z
2026-08-28T01:22:45Z,2026-08-28T03:22:45+0200,fe344a24-22e0-4cc6-9f99-c4acdbe3c429,2026-08-03T06:45:00Z,2026-08-03T08:45:00+0200,1058.0,MW,NL,NL,forecast_solar_generation,Solar,2026-08-28T01:27:51Z
2026-08-28T01:22:45Z,2026-08-28T03:22:45+0200,fe344a24-22e0-4cc6-9f99-c4acdbe3c429,2026-08-03T07:00:00Z,2026-08-03T09:00:00+0200,1238.0,MW,NL,NL,forecast_solar_generation,Solar,2026-08-28T01:27:51Z
2026-08-28T01:22:45Z,2026-08-28T03:22:45+0200,fe344a24-22e0-4cc6-9f99-c4acdbe3c429,2026-08-03T07:15:00Z,2026-08-03T09:15:00+0200,1450.0,MW,NL,NL,forecast_solar_generation,Solar,2026-08-28T01:27:51Z
2026-08-28T01:22:45Z,2026-08-28T03:22:45+0200,fe344a24-22e0-4cc6-9f99-c4acdbe3c429,2026-08-03T07:30:00Z,2026-08-03T09:30:00+0200,1660.0,MW,NL,NL,forecast_solar_generation,Solar,2026-08-28T01:27:51Z
2026-08-28T01:22:45Z,2026-08-28T03:22:45+0200,fe344a24-22e0-4cc6-9f99-c4acdbe3c429,2026-08-03T07:45:00Z,2026-08-03T09:45:00+0200,1869.0,MW,NL,NL,forecast_solar_generation,Solar,2026-08-28T01:27:51Z
2026-08-28T01:22:45Z,2026-08-28T03:22:45+0200,fe344a24-22e0-4cc6-9f99-c4acdbe3c429,2026-08-03T08:00:00Z,2026-08-03T10:00:00+0200,2081.0,MW,NL,NL,forecast_solar_generation,Solar,2026-08-28T01:27:51Z
2026-08-28T01:22:45Z,2026-08-28T03:22:45+0200,fe344a24-22e0-4cc6-9f99-c4acdbe3c429,2026-08-03T08:15:00Z,2026-08-03T10:15:00+0200,2274.0,MW,NL,NL,forecast_solar_generation,Solar,2026-08-28T01:27:51Z
2026-08-28T01:22:45Z,2026-08-28T03:22:45+0200,fe344a24-22e0-4cc6-9f99-c4acdbe3c429,2026-08-03T08:30:00Z,2026-08-03T10:30:00+0200,2469.0,MW,NL,NL,forecast_solar_generation,Solar,2026-08-28T01:27:51Z
2026-08-28T01:22:45Z,2026-08-28T03:22:45+0200,fe344a24-22e0-4cc6-9f99-c4acdbe3c429,2026-08-03T08:45:00Z,2026-08-03T10:45:00+0200,2665.0,MW,NL,NL,forecast_solar_generation,Solar,2026-08-28T01:27:51Z
2026-08-28T01:22:45Z,2026-08-28T03:22:45+0200,fe344a24-22e0-4cc6-9f99-c4acdbe3c429,2026-08-03T09:00:00Z,2026-08-03T11:00:00+0200,2858.0,MW,NL,NL,forecast_solar_generation,Solar,2026-08-28T01:27:51Z
2026-08-28T01:22:45Z,2026-08-28T03:22:45+0200,fe344a24-22e0-4cc6-9f99-c4acdbe3c429,2026-08-03T09:15:00Z,2026-08-03T11:15:00+0200,3077.0,MW,NL,NL,forecast_solar_generation,Solar,2026-08-28T01:27:51Z
2026-08-28T01:22:45Z,2026-08-28T03:22:45+0200,fe344a24-22e0-4cc6-9f99-c4acdbe3c429,2026-08-03T09:30:00Z,2026-08-03T11:30:00+0200,3293.0,MW,NL,NL,forecast_solar_generation,Solar,2026-08-28T01:27:51Z
2026-08-28T01:22:45Z,2026-08-28T03:22:45+0200,fe344a24-22e0-4cc6-9f99-c4acdbe3c429,2026-08-03T09:45:00Z,2026-08-03T11:45:00+0200,3510.0,MW,NL,NL,forecast_solar_generation,Solar,2026-08-28T01:27:51Z
2026-08-28T01:22:45Z,2026-08-28T03:22:45+0200,fe344a24-22e0-4cc6-9f99-c4acdbe3c429,2026-08-03T10:00:00Z,2026-08-03T12:00:00+0200,3727.0,MW,NL,NL,forecast_solar_generation,Solar,2026-08-28T01:27:51Z
2026-08-28T01:22:45Z,2026-08-28T03:22:45+0200,fe344a24-22e0-4cc6-9f99-c4acdbe3c429,2026-08-03T10:15:00Z,2026-08-03T12:15:00+0200,3840.0,MW,NL,NL,forecast_solar_generation,Solar,2026-08-28T01:27:51Z
2026-08-28T01:22:45Z,2026-08-28T03:22:45+0200,fe344a24-22e0-4cc6-9f99-c4acdbe3c429,2026-08-03T10:30:00Z,2026-08-03T12:30:00+0200,3954.0,MW,NL,NL,forecast_solar_generation,Solar,2026-08-28T01:27:51Z
2026-08-28T01:22:45Z,2026-08-28T03:22:45+0200,fe344a24-22e0-4cc6-9f99-c4acdbe3c429,2026-08-03T10:45:00Z,2026-08-03T12:45:00+0200,4066.0,MW,NL,NL,forecast_solar_generation,Solar,2026-08-28T01:27:51Z
2026-08-28T01:22:45Z,2026-08-28T03:22:45+0200,fe344a24-22e0-4cc6-9f99-c4acdbe3c429,2026-08-03T11:00:00Z,2026-08-03T13:00:00+0200,4177.0,MW,NL,NL,forecast_solar_generation,Solar,2026-08-28T01:27:51Z
2026-08-28T01:22:45Z,2026-08-28T03:22:45+0200,fe344a24-22e0-4cc6-9f99-c4acdbe3c429,2026-08-03T11:15:00Z,2026-08-03T13:15:00+0200,4226.0,MW,NL,NL,forecast_solar_generation,Solar,2026-08-28T01:27:51Z
2026-08-28T01:22:45Z,2026-08-28T03:22:45+0200,fe344a24-22e0-4cc6-9f99-c4acdbe3c429,2026-08-03T11:30:00Z,2026-08-03T13:30:00+0200,4275.0,MW,NL,NL,forecast_solar_generation,Solar,2026-08-28T01:27:51Z
2026-08-28T01:22:45Z,2026-08-28T03:22:45+0200,fe344a24-22e0-4cc6-9f99-c4acdbe3c429,2026-08-03T11:45:00Z,2026-08-03T13:45:00+0200,4325.0,MW,NL,NL,forecast_solar_generation,Solar,2026-08-28T01:27:51Z
2026-08-28T01:22:45Z,2026-08-28T03:22:45+0200,fe344a24-22e0-4cc6-9f99-c4acdbe3c429,2026-08-03T12:00:00Z,2026-08-03T14:00:00+0200,4372.0,MW,NL,NL,forecast_solar_generation,Solar,2026-08-28T01:27:51Z
2026-08-28T01:22:45Z,2026-08-28T03:22:45+0200,fe344a24-22e0-4cc6-9f99-c4acdbe3c429,2026-08-03T12:15:00Z,2026-08-03T14:15:00+0200,4394.0,MW,NL,NL,forecast_solar_generation,Solar,2026-08-28T01:27:51Z
2026-08-28T01:22:45Z,2026-08-28T03:22:45+0200,fe344a24-22e0-4cc6-9f99-c4acdbe3c429,2026-08-03T12:30:00Z,2026-08-03T14:30:00+0200,4413.0,MW,NL,NL,forecast_solar_generation,Solar,2026-08-28T01:27:51Z
2026-08-28T01:22:45Z,2026-08-28T03:22:45+0200,fe344a24-22e0-4cc6-9f99-c4acdbe3c429,2026-08-03T12:45:00Z,2026-08-03T14:45:00+0200,4433.0,MW,NL,NL,forecast_solar_generation,Solar,2026-08-28T01:27:51Z
2026-08-28T01:22:45Z,2026-08-28T03:22:45+0200,fe344a24-22e0-4cc6-9f99-c4acdbe3c429,2026-08-03T13:00:00Z,2026-08-03T15:00:00+0200,4454.0,MW,NL,NL,forecast_solar_generation,Solar,2026-08-28T01:27:51Z
2026-08-28T01:22:45Z,2026-08-28T03:22:45+0200,fe344a24-22e0-4cc6-9f99-c4acdbe3c429,2026-08-03T13:15:00Z,2026-08-03T15:15:00+0200,4367.0,MW,NL,NL,forecast_solar_generation,Solar,2026-08-28T01:27:51Z
2026-08-28T01:22:45Z,2026-08-28T03:22:45+0200,fe344a24-22e0-4cc6-9f99-c4acdbe3c429,2026-08-03T13:30:00Z,2026-08-03T15:30:00+0200,4280.0,MW,NL,NL,forecast_solar_generation,Solar,2026-08-28T01:27:51Z
2026-08-28T01:22:45Z,2026-08-28T03:22:45+0200,fe344a24-22e0-4cc6-9f99-c4acdbe3c429,2026-08-03T13:45:00Z,2026-08-03T15:45:00+0200,4195.0,MW,NL,NL,forecast_solar_generation,Solar,2026-08-28T01:27:51Z
2026-08-28T01:22:45Z,2026-08-28T03:22:45+0200,fe344a24-22e0-4cc6-9f99-c4acdbe3c429,2026-08-03T14:00:00Z,2026-08-03T16:00:00+0200,4108.0,MW,NL,NL,forecast_solar_generation,Solar,2026-08-28T01:27:51Z
2026-08-28T01:22:45Z,2026-08-28T03:22:45+0200,fe344a24-22e0-4cc6-9f99-c4acdbe3c429,2026-08-03T14:15:00Z,2026-08-03T16:15:00+0200,3958.0,MW,NL,NL,forecast_solar_generation,Solar,2026-08-28T01:27:51Z
2026-08-28T01:22:45Z,2026-08-28T03:22:45+0200,fe344a24-22e0-4cc6-9f99-c4acdbe3c429,2026-08-03T14:30:00Z,2026-08-03T16:30:00+0200,3812.0,MW,NL,NL,forecast_solar_generation,Solar,2026-08-28T01:27:51Z
2026-08-28T01:22:45Z,2026-08-28T03:22:45+0200,fe344a24-22e0-4cc6-9f99-c4acdbe3c429,2026-08-03T14:45:00Z,2026-08-03T16:45:00+0200,3666.0,MW,NL,NL,forecast_solar_generation,Solar,2026-08-28T01:27:51Z
2026-08-28T01:22:45Z,2026-08-28T03:22:45+0200,fe344a24-22e0-4cc6-9f99-c4acdbe3c429,2026-08-03T15:00:00Z,2026-08-03T17:00:00+0200,3515.0,MW,NL,NL,forecast_solar_generation,Solar,2026-08-28T01:27:51Z
2026-08-28T01:22:45Z,2026-08-28T03:22:45+0200,fe344a24-22e0-4cc6-9f99-c4acdbe3c429,2026-08-03T15:15:00Z,2026-08-03T17:15:00+0200,3244.0,MW,NL,NL,forecast_solar_generation,Solar,2026-08-28T01:27:51Z
2026-08-28T01:22:45Z,2026-08-28T03:22:45+0200,fe344a24-22e0-4cc6-9f99-c4acdbe3c429,2026-08-03T15:30:00Z,2026-08-03T17:30:00+0200,2975.0,MW,NL,NL,forecast_solar_generation,Solar,2026-08-28T01:27:51Z
2026-08-28T01:22:45Z,2026-08-28T03:22:45+0200,fe344a24-22e0-4cc6-9f99-c4acdbe3c429,2026-08-03T15:45:00Z,2026-08-03T17:45:00+0200,2706.0,MW,NL,NL,forecast_solar_generation,Solar,2026-08-28T01:27:51Z
2026-08-28T01:22:45Z,2026-08-28T03:22:45+0200,fe344a24-22e0-4cc6-9f99-c4acdbe3c429,2026-08-03T16:00:00Z,2026-08-03T18:00:00+0200,2434.0,MW,NL,NL,forecast_solar_generation,Solar,2026-08-28T01:27:51Z
2026-08-28T01:22:45Z,2026-08-28T03:22:45+0200,fe344a24-22e0-4cc6-9f99-c4acdbe3c429,2026-08-03T16:15:00Z,2026-08-03T18:15:00+0200,2229.0,MW,NL,NL,forecast_solar_generation,Solar,2026-08-28T01:27:51Z
2026-08-28T01:22:45Z,2026-08-28T03:22:45+0200,fe344a24-22e0-4cc6-9f99-c4acdbe3c429,2026-08-03T16:30:00Z,2026-08-03T18:30:00+0200,2023.0,MW,NL,NL,forecast_solar_generation,Solar,2026-08-28T01:27:51Z
2026-08-28T01:22:45Z,2026-08-28T03:22:45+0200,fe344a24-22e0-4cc6-9f99-c4acdbe3c429,2026-08-03T16:45:00Z,2026-08-03T18:45:00+0200,1819.0,MW,NL,NL,forecast_solar_generation,Solar,2026-08-28T01:27:51Z
2026-08-28T01:22:45Z,2026-08-28T03:22:45+0200,fe344a24-22e0-4cc6-9f99-c4acdbe3c429,2026-08-03T17:00:00Z,2026-08-03T19:00:00+0200,1612.0,MW,NL,NL,forecast_solar_generation,Solar,2026-08-28T01:27:51Z
2026-08-28T01:22:45Z,2026-08-28T03:22:45+0200,fe344a24-22e0-4cc6-9f99-c4acdbe3c429,2026-08-03T17:15:00Z,2026-08-03T19:15:00+0200,1422.0,MW,NL,NL,forecast_solar_generation,Solar,2026-08-28T01:27:51Z
2026-08-28T01:22:45Z,2026-08-28T03:22:45+0200,fe344a24-22e0-4cc6-9f99-c4acdbe3c429,2026-08-03T17:30:00Z,2026-08-03T19:30:00+0200,1233.0,MW,NL,NL,forecast_solar_generation,Solar,2026-08-28T01:27:51Z
2026-08-28T01:22:45Z,2026-08-28T03:22:45+0200,fe344a24-22e0-4cc6-9f99-c4acdbe3c429,2026-08-03T17:45:00Z,2026-08-03T19:45:00+0200,1044.0,MW,NL,NL,forecast_solar_generation,Solar,2026-08-28T01:27:51Z
2026-08-28T01:22:45Z,2026-08-28T03:22:45+0200,fe344a24-22e0-4cc6-9f99-c4acdbe3c429,2026-08-03T18:00:00Z,2026-08-03T20:00:00+0200,853.0,MW,NL,NL,forecast_solar_generation,Solar,2026-08-28T01:27:51Z
2026-08-28T01:22:45Z,2026-08-28T03:22:45+0200,fe344a24-22e0-4cc6-9f99-c4acdbe3c429,2026-08-03T18:15:00Z,2026-08-03T20:15:00+0200,711.0,MW,NL,NL,forecast_solar_generation,Solar,2026-08-28T01:27:51Z
2026-08-28T01:22:45Z,2026-08-28T03:22:45+0200,fe344a24-22e0-4cc6-9f99-c4acdbe3c429,2026-08-03T18:30:00Z,2026-08-03T20:30:00+0200,570.0,MW,NL,NL,forecast_solar_generation,Solar,2026-08-28T01:27:51Z
2026-08-28T01:22:45Z,2026-08-28T03:22:45+0200,fe344a24-22e0-4cc6-9f99-c4acdbe3c429,2026-08-03T18:45:00Z,2026-08-03T20:45:00+0200,428.0,MW,NL,NL,forecast_solar_generation,Solar,2026-08-28T01:27:51Z
2026-08-28T01:22:45Z,2026-08-28T03:22:45+0200,fe344a24-22e0-4cc6-9f99-c4acdbe3c429,2026-08-03T19:00:00Z,2026-08-03T21:00:00+0200,287.0,MW,NL,NL,forecast_solar_generation,Solar,2026-08-28T01:27:51Z
2026-08-28T01:22:45Z,2026-08-28T03:22:45+0200,fe344a24-22e0-4cc6-9f99-c4acdbe3c429,2026-08-03T19:15:00Z,2026-08-03T21:15:00+0200,218.0,MW,NL,NL,forecast_solar_generation,Solar,2026-08-28T01:27:51Z
2026-08-28T01:22:45Z,2026-08-28T03:22:45+0200,fe344a24-22e0-4cc6-9f99-c4acdbe3c429,2026-08-03T19:30:00Z,2026-08-03T21:30:00+0200,146.0,MW,NL,NL,forecast_solar_generation,Solar,2026-08-28T01:27:51Z
2026-08-28T01:22:45Z,2026-08-28T03:22:45+0200,fe344a24-22e0-4cc6-9f99-c4acdbe3c429,2026-08-03T19:45:00Z,2026-08-03T21:45:00+0200,75.0,MW,NL,NL,forecast_solar_generation,Solar,2026-08-28T01:27:51Z
2026-08-28T01:22:45Z,2026-08-28T03:22:45+0200,fe344a24-22e0-4cc6-9f99-c4acdbe3c429,2026-08-03T20:00:00Z,2026-08-03T22:00:00+0200,4.0,MW,NL,NL,forecast_solar_generation,Solar,2026-08-28T01:27:51Z
2026-08-28T01:22:45Z,2026-08-28T03:22:45+0200,fe344a24-22e0-4cc6-9f99-c4acdbe3c429,2026-08-03T20:15:00Z,2026-08-03T22:15:00+0200,2.0,MW,NL,NL,forecast_solar_generation,Solar,2026-08-28T01:27:51Z
2026-08-28T01:22:45Z,2026-08-28T03:22:45+0200,fe344a24-22e0-4cc6-9f99-c4acdbe3c429,2026-08-03T20:30:00Z,2026-08-03T22:30:00+0200,2.0,MW,NL,NL,forecast_solar_generation,Solar,2026-08-28T01:27:51Z
2026-08-28T01:22:45Z,2026-08-28T03:22:45+0200,fe344a24-22e0-4cc6-9f99-c4acdbe3c429,2026-08-03T20:45:00Z,2026-08-03T22:45:00+0200,0.0,MW,NL,NL,forecast_solar_generation,Solar,2026-08-28T01:27:51Z
2026-08-28T01:22:45Z,2026-08-28T03:22:45+0200,fe344a24-22e0-4cc6-9f99-c4acdbe3c429,2026-08-03T21:00:00Z,2026-08-03T23:00:00+0200,0.0,MW,NL,NL,forecast_solar_generation,Solar,2026-08-28T01:27:51Z
2026-08-28T01:22:45Z,2026-08-28T03:22:45+0200,fe344a24-22e0-4cc6-9f99-c4acdbe3c429,2026-08-03T21:15:00Z,2026-08-03T23:15:00+0200,0.0,MW,NL,NL,forecast_solar_generation,Solar,2026-08-28T01:27:51Z
2026-08-28T01:22:45Z,2026-08-28T03:22:45+0200,fe344a24-22e0-4cc6-9f99-c4acdbe3c429,2026-08-03T21:30:00Z,2026-08-03T23:30:00+0200,0.0,MW,NL,NL,forecast_solar_generation,Solar,2026-08-28T01:27:51Z
2026-08-28T01:22:45Z,2026-08-28T03:22:45+0200,fe344a24-22e0-4cc6-9f99-c4acdbe3c429,2026-08-03T21:45:00Z,2026-08-03T23:45:00+0200,0.0,MW,NL,NL,forecast_solar_generation,Solar,2026-08-28T01:27:51Z
2026-08-28T01:22:45Z,2026-08-28T03:22:45+0200,fe344a24-22e0-4cc6-9f99-c4acdbe3c429,2026-08-03T22:00:00Z,2026-08-04T00:00:00+0200,0.0,MW,NL,NL,forecast_solar_generation,Solar,2026-08-28T01:27:51Z
2026-08-28T01:22:45Z,2026-08-28T03:22:45+0200,fe344a24-22e0-4cc6-9f99-c4acdbe3c429,2026-08-03T22:15:00Z,2026-08-04T00:15:00+0200,0.0,MW,NL,NL,forecast_solar_generation,Solar,2026-08-28T01:27:51Z
2026-08-28T01:22:45Z,2026-08-28T03:22:45+0200,fe344a24-22e0-4cc6-9f99-c4acdbe3c429,2026-08-03T22:30:00Z,2026-08-04T00:30:00+0200,0.0,MW,NL,NL,forecast_solar_generation,Solar,2026-08-28T01:27:51Z
2026-08-28T01:22:45Z,2026-08-28T03:22:45+0200,fe344a24-22e0-4cc6-9f99-c4acdbe3c429,2026-08-03T22:45:00Z,2026-08-04T00:45:00+0200,0.0,MW,NL,NL,forecast_solar_generation,Solar,2026-08-28T01:27:51Z
2026-08-28T01:22:45Z,2026-08-28T03:22:45+0200,fe344a24-22e0-4cc6-9f99-c4acdbe3c429,2026-08-03T23:00:00Z,2026-08-04T01:00:00+0200,0.0,MW,NL,NL,forecast_solar_generation,Solar,2026-08-28T01:27:51Z
2026-08-28T01:22:45Z,2026-08-28T03:22:45+0200,fe344a24-22e0-4cc6-9f99-c4acdbe3c429,2026-08-03T23:15:00Z,2026-08-04T01:15:00+0200,0.0,MW,NL,NL,forecast_solar_generation,Solar,2026-08-28T01:27:51Z
2026-08-28T01:22:45Z,2026-08-28T03:22:45+0200,fe344a24-22e0-4cc6-9f99-c4acdbe3c429,2026-08-03T23:30:00Z,2026-08-04T01:30:00+0200,0.0,MW,NL,NL,forecast_solar_generation,Solar,2026-08-28T01:27:51Z
2026-08-28T01:22:45Z,2026-08-28T03:22:45+0200,fe344a24-22e0-4cc6-9f99-c4acdbe3c429,2026-08-03T23:45:00Z,2026-08-04T01:45:00+0200,0.0,MW,NL,NL,forecast_solar_generation,Solar,2026-08-28T01:27:51Z
2026-08-28T01:22:45Z,2026-08-28T03:22:45+0200,fe344a24-22e0-4cc6-9f99-c4acdbe3c429,2026-08-04T00:00:00Z,2026-08-04T02:00:00+0200,0.0,MW,NL,NL,forecast_solar_generation,Solar,2026-08-28T01:27:51Z
2026-08-28T01:22:45Z,2026-08-28T03:22:45+0200,fe344a24-22e0-4cc6-9f99-c4acdbe3c429,2026-08-04T00:15:00Z,2026-08-04T02:15:00+0200,0.0,MW,NL,NL,forecast_solar_generation,Solar,2026-08-28T01:27:51Z
2026-08-28T01:22:45Z,2026-08-28T03:22:45+0200,fe344a24-22e0-4cc6-9f99-c4acdbe3c429,2026-08-04T00:30:00Z,2026-08-04T02:30:00+0200,0.0,MW,NL,NL,forecast_solar_generation,Solar,2026-08-28T01:27:51Z
2026-08-28T01:22:45Z,2026-08-28T03:22:45+0200,fe344a24-22e0-4cc6-9f99-c4acdbe3c429,2026-08-04T00:45:00Z,2026-08-04T02:45:00+0200,0.0,MW,NL,NL,forecast_solar_generation,Solar,2026-08-28T01:27:51Z
2026-08-28T01:22:45Z,2026-08-28T03:22:45+0200,fe344a24-22e0-4cc6-9f99-c4acdbe3c429,2026-08-04T01:00:00Z,2026-08-04T03:00:00+0200,0.0,MW,NL,NL,forecast_solar_generation,Solar,2026-08-28T01:27:51Z
2026-08-28T01:22:45Z,2026-08-28T03:22:45+0200,fe344a24-22e0-4cc6-9f99-c4acdbe3c429,2026-08-04T01:15:00Z,2026-08-04T03:15:00+0200,0.0,MW,NL,NL,forecast_solar_generation,Solar,2026-08-28T01:27:51Z
2026-08-28T01:22:45Z,2026-08-28T03:22:45+0200,fe344a24-22e0-4cc6-9f99-c4acdbe3c429,2026-08-04T01:30:00Z,2026-08-04T03:30:00+0200,0.0,MW,NL,NL,forecast_solar_generation,Solar,2026-08-28T01:27:51Z
2026-08-28T01:22:45Z,2026-08-28T03:22:45+0200,fe344a24-22e0-4cc6-9f99-c4acdbe3c429,2026-08-04T01:45:00Z,2026-08-04T03:45:00+0200,0.0,MW,NL,NL,forecast_solar_generation,Solar,2026-08-28T01:27:51Z
2026-08-28T01:22:45Z,2026-08-28T03:22:45+0200,fe344a24-22e0-4cc6-9f99-c4acdbe3c429,2026-08-04T02:00:00Z,2026-08-04T04:00:00+0200,0.0,MW,NL,NL,forecast_solar_generation,Solar,2026-08-28T01:27:51Z
2026-08-28T01:22:45Z,2026-08-28T03:22:45+0200,fe344a24-22e0-4cc6-9f99-c4acdbe3c429,2026-08-04T02:15:00Z,2026-08-04T04:15:00+0200,0.0,MW,NL,NL,forecast_solar_generation,Solar,2026-08-28T01:27:51Z
2026-08-28T01:22:45Z,2026-08-28T03:22:45+0200,fe344a24-22e0-4cc6-9f99-c4acdbe3c429,2026-08-04T02:30:00Z,2026-08-04T04:30:00+0200,0.0,MW,NL,NL,forecast_solar_generation,Solar,2026-08-28T01:27:51Z
2026-08-28T01:22:45Z,2026-08-28T03:22:45+0200,fe344a24-22e0-4cc6-9f99-c4acdbe3c429,2026-08-04T02:45:00Z,2026-08-04T04:45:00+0200,0.0,MW,NL,NL,forecast_solar_generation,Solar,2026-08-28T01:27:51Z
2026-08-28T01:22:45Z,2026-08-28T03:22:45+0200,fe344a24-22e0-4cc6-9f99-c4acdbe3c429,2026-08-04T03:00:00Z,2026-08-04T05:00:00+0200,0.0,MW,NL,NL,forecast_solar_generation,Solar,2026-08-28T01:27:51Z
2026-08-28T01:22:45Z,2026-08-28T03:22:45+0200,fe344a24-22e0-4cc6-9f99-c4acdbe3c429,2026-08-04T03:15:00Z,2026-08-04T05:15:00+0200,0.0,MW,NL,NL,forecast_solar_generation,Solar,2026-08-28T01:27:51Z
2026-08-28T01:22:45Z,2026-08-28T03:22:45+0200,fe344a24-22e0-4cc6-9f99-c4acdbe3c429,2026-08-04T03:30:00Z,2026-08-04T05:30:00+0200,0.0,MW,NL,NL,forecast_solar_generation,Solar,2026-08-28T01:27:51Z
2026-08-28T01:22:45Z,2026-08-28T03:22:45+0200,fe344a24-22e0-4cc6-9f99-c4acdbe3c429,2026-08-04T03:45:00Z,2026-08-04T05:45:00+0200,0.0,MW,NL,NL,forecast_solar_generation,Solar,2026-08-28T01:27:51Z
2026-08-28T01:22:45Z,2026-08-28T03:22:45+0200,fe344a24-22e0-4cc6-9f99-c4acdbe3c429,2026-08-04T04:00:00Z,2026-08-04T06:00:00+0200,0.0,MW,NL,NL,forecast_solar_generation,Solar,2026-08-28T01:27:51Z
2026-08-28T01:22:45Z,2026-08-28T03:22:45+0200,fe344a24-22e0-4cc6-9f99-c4acdbe3c429,2026-08-04T04:15:00Z,2026-08-04T06:15:00+0200,15.0,MW,NL,NL,forecast_solar_generation,Solar,2026-08-28T01:27:51Z
2026-08-28T01:22:45Z,2026-08-28T03:22:45+0200,fe344a24-22e0-4cc6-9f99-c4acdbe3c429,2026-08-04T04:30:00Z,2026-08-04T06:30:00+0200,28.0,MW,NL,NL,forecast_solar_generation,Solar,2026-08-28T01:27:51Z
2026-08-28T01:22:45Z,2026-08-28T03:22:45+0200,fe344a24-22e0-4cc6-9f99-c4acdbe3c429,2026-08-04T04:45:00Z,2026-08-04T06:45:00+0200,45.0,MW,NL,NL,forecast_solar_generation,Solar,2026-08-28T01:27:51Z
2026-08-28T01:22:45Z,2026-08-28T03:22:45+0200,fe344a24-22e0-4cc6-9f99-c4acdbe3c429,2026-08-04T05:00:00Z,2026-08-04T07:00:00+0200,58.0,MW,NL,NL,forecast_solar_generation,Solar,2026-08-28T01:27:51Z
2026-08-28T01:22:45Z,2026-08-28T03:22:45+0200,fe344a24-22e0-4cc6-9f99-c4acdbe3c429,2026-08-04T05:15:00Z,2026-08-04T07:15:00+0200,187.0,MW,NL,NL,forecast_solar_generation,Solar,2026-08-28T01:27:51Z
2026-08-28T01:22:45Z,2026-08-28T03:22:45+0200,fe344a24-22e0-4cc6-9f99-c4acdbe3c429,2026-08-04T05:30:00Z,2026-08-04T07:30:00+0200,314.0,MW,NL,NL,forecast_solar_generation,Solar,2026-08-28T01:27:51Z
2026-08-28T01:22:45Z,2026-08-28T03:22:45+0200,fe344a24-22e0-4cc6-9f99-c4acdbe3c429,2026-08-04T05:45:00Z,2026-08-04T07:45:00+0200,444.0,MW,NL,NL,forecast_solar_generation,Solar,2026-08-28T01:27:51Z
2026-08-28T01:22:45Z,2026-08-28T03:22:45+0200,fe344a24-22e0-4cc6-9f99-c4acdbe3c429,2026-08-04T06:00:00Z,2026-08-04T08:00:00+0200,572.0,MW,NL,NL,forecast_solar_generation,Solar,2026-08-28T01:27:51Z
2026-08-28T01:22:45Z,2026-08-28T03:22:45+0200,fe344a24-22e0-4cc6-9f99-c4acdbe3c429,2026-08-04T06:15:00Z,2026-08-04T08:15:00+0200,777.0,MW,NL,NL,forecast_solar_generation,Solar,2026-08-28T01:27:51Z
2026-08-28T01:22:45Z,2026-08-28T03:22:45+0200,fe344a24-22e0-4cc6-9f99-c4acdbe3c429,2026-08-04T06:30:00Z,2026-08-04T08:30:00+0200,980.0,MW,NL,NL,forecast_solar_generation,Solar,2026-08-28T01:27:51Z
2026-08-28T01:22:45Z,2026-08-28T03:22:45+0200,fe344a24-22e0-4cc6-9f99-c4acdbe3c429,2026-08-04T06:45:00Z,2026-08-04T08:45:00+0200,1184.0,MW,NL,NL,forecast_solar_generation,Solar,2026-08-28T01:27:51Z
2026-08-28T01:22:45Z,2026-08-28T03:22:45+0200,fe344a24-22e0-4cc6-9f99-c4acdbe3c429,2026-08-04T07:00:00Z,2026-08-04T09:00:00+0200,1389.0,MW,NL,NL,forecast_solar_generation,Solar,2026-08-28T01:27:51Z
2026-08-28T01:22:45Z,2026-08-28T03:22:45+0200,fe344a24-22e0-4cc6-9f99-c4acdbe3c429,2026-08-04T07:15:00Z,2026-08-04T09:15:00+0200,1635.0,MW,NL,NL,forecast_solar_generation,Solar,2026-08-28T01:27:51Z
2026-08-28T01:22:45Z,2026-08-28T03:22:45+0200,fe344a24-22e0-4cc6-9f99-c4acdbe3c429,2026-08-04T07:30:00Z,2026-08-04T09:30:00+0200,1882.0,MW,NL,NL,forecast_solar_generation,Solar,2026-08-28T01:27:51Z
2026-08-28T01:22:45Z,2026-08-28T03:22:45+0200,fe344a24-22e0-4cc6-9f99-c4acdbe3c429,2026-08-04T07:45:00Z,2026-08-04T09:45:00+0200,2130.0,MW,NL,NL,forecast_solar_generation,Solar,2026-08-28T01:27:51Z
2026-08-28T01:22:45Z,2026-08-28T03:22:45+0200,fe344a24-22e0-4cc6-9f99-c4acdbe3c429,2026-08-04T08:00:00Z,2026-08-04T10:00:00+0200,2377.0,MW,NL,NL,forecast_solar_generation,Solar,2026-08-28T01:27:51Z
2026-08-28T01:22:45Z,2026-08-28T03:22:45+0200,fe344a24-22e0-4cc6-9f99-c4acdbe3c429,2026-08-04T08:15:00Z,2026-08-04T10:15:00+0200,2606.0,MW,NL,NL,forecast_solar_generation,Solar,2026-08-28T01:27:51Z
2026-08-28T01:22:45Z,2026-08-28T03:22:45+0200,fe344a24-22e0-4cc6-9f99-c4acdbe3c429,2026-08-04T08:30:00Z,2026-08-04T10:30:00+0200,2832.0,MW,NL,NL,forecast_solar_generation,Solar,2026-08-28T01:27:51Z
2026-08-28T01:22:45Z,2026-08-28T03:22:45+0200,fe344a24-22e0-4cc6-9f99-c4acdbe3c429,2026-08-04T08:45:00Z,2026-08-04T10:45:00+0200,3062.0,MW,NL,NL,forecast_solar_generation,Solar,2026-08-28T01:27:51Z
2026-08-28T01:22:45Z,2026-08-28T03:22:45+0200,fe344a24-22e0-4cc6-9f99-c4acdbe3c429,2026-08-04T09:00:00Z,2026-08-04T11:00:00+0200,3288.0,MW,NL,NL,forecast_solar_generation,Solar,2026-08-28T01:27:51Z
2026-08-28T01:22:45Z,2026-08-28T03:22:45+0200,fe344a24-22e0-4cc6-9f99-c4acdbe3c429,2026-08-04T09:15:00Z,2026-08-04T11:15:00+0200,3397.0,MW,NL,NL,forecast_solar_generation,Solar,2026-08-28T01:27:51Z
2026-08-28T01:22:45Z,2026-08-28T03:22:45+0200,fe344a24-22e0-4cc6-9f99-c4acdbe3c429,2026-08-04T09:30:00Z,2026-08-04T11:30:00+0200,3506.0,MW,NL,NL,forecast_solar_generation,Solar,2026-08-28T01:27:51Z
2026-08-28T01:22:45Z,2026-08-28T03:22:45+0200,fe344a24-22e0-4cc6-9f99-c4acdbe3c429,2026-08-04T09:45:00Z,2026-08-04T11:45:00+0200,3614.0,MW,NL,NL,forecast_solar_generation,Solar,2026-08-28T01:27:51Z
2026-08-28T01:22:45Z,2026-08-28T03:22:45+0200,fe344a24-22e0-4cc6-9f99-c4acdbe3c429,2026-08-04T10:00:00Z,2026-08-04T12:00:00+0200,3725.0,MW,NL,NL,forecast_solar_generation,Solar,2026-08-28T01:27:51Z
2026-08-28T01:22:45Z,2026-08-28T03:22:45+0200,fe344a24-22e0-4cc6-9f99-c4acdbe3c429,2026-08-04T10:15:00Z,2026-08-04T12:15:00+0200,3839.0,MW,NL,NL,forecast_solar_generation,Solar,2026-08-28T01:27:51Z
2026-08-28T01:22:45Z,2026-08-28T03:22:45+0200,fe344a24-22e0-4cc6-9f99-c4acdbe3c429,2026-08-04T10:30:00Z,2026-08-04T12:30:00+0200,3951.0,MW,NL,NL,forecast_solar_generation,Solar,2026-08-28T01:27:51Z
2026-08-28T01:22:45Z,2026-08-28T03:22:45+0200,fe344a24-22e0-4cc6-9f99-c4acdbe3c429,2026-08-04T10:45:00Z,2026-08-04T12:45:00+0200,4065.0,MW,NL,NL,forecast_solar_generation,Solar,2026-08-28T01:27:51Z
2026-08-28T01:22:45Z,2026-08-28T03:22:45+0200,fe344a24-22e0-4cc6-9f99-c4acdbe3c429,2026-08-04T11:00:00Z,2026-08-04T13:00:00+0200,4177.0,MW,NL,NL,forecast_solar_generation,Solar,2026-08-28T01:27:51Z
2026-08-28T01:22:45Z,2026-08-28T03:22:45+0200,fe344a24-22e0-4cc6-9f99-c4acdbe3c429,2026-08-04T11:15:00Z,2026-08-04T13:15:00+0200,4228.0,MW,NL,NL,forecast_solar_generation,Solar,2026-08-28T01:27:51Z
2026-08-28T01:22:45Z,2026-08-28T03:22:45+0200,fe344a24-22e0-4cc6-9f99-c4acdbe3c429,2026-08-04T11:30:00Z,2026-08-04T13:30:00+0200,4276.0,MW,NL,NL,forecast_solar_generation,Solar,2026-08-28T01:27:51Z
2026-08-28T01:22:45Z,2026-08-28T03:22:45+0200,fe344a24-22e0-4cc6-9f99-c4acdbe3c429,2026-08-04T11:45:00Z,2026-08-04T13:45:00+0200,4325.0,MW,NL,NL,forecast_solar_generation,Solar,2026-08-28T01:27:51Z
2026-08-28T01:22:45Z,2026-08-28T03:22:45+0200,fe344a24-22e0-4cc6-9f99-c4acdbe3c429,2026-08-04T12:00:00Z,2026-08-04T14:00:00+0200,4376.0,MW,NL,NL,forecast_solar_generation,Solar,2026-08-28T01:27:51Z
2026-08-28T01:22:45Z,2026-08-28T03:22:45+0200,fe344a24-22e0-4cc6-9f99-c4acdbe3c429,2026-08-04T12:15:00Z,2026-08-04T14:15:00+0200,4237.0,MW,NL,NL,forecast_solar_generation,Solar,2026-08-28T01:27:51Z
2026-08-28T01:22:45Z,2026-08-28T03:22:45+0200,fe344a24-22e0-4cc6-9f99-c4acdbe3c429,2026-08-04T12:30:00Z,2026-08-04T14:30:00+0200,4099.0,MW,NL,NL,forecast_solar_generation,Solar,2026-08-28T01:27:51Z
2026-08-28T01:22:45Z,2026-08-28T03:22:45+0200,fe344a24-22e0-4cc6-9f99-c4acdbe3c429,2026-08-04T12:45:00Z,2026-08-04T14:45:00+0200,3964.0,MW,NL,NL,forecast_solar_generation,Solar,2026-08-28T01:27:51Z
2026-08-28T01:22:45Z,2026-08-28T03:22:45+0200,fe344a24-22e0-4cc6-9f99-c4acdbe3c429,2026-08-04T13:00:00Z,2026-08-04T15:00:00+0200,3826.0,MW,NL,NL,forecast_solar_generation,Solar,2026-08-28T01:27:51Z
2026-08-28T01:22:45Z,2026-08-28T03:22:45+0200,fe344a24-22e0-4cc6-9f99-c4acdbe3c429,2026-08-04T13:15:00Z,2026-08-04T15:15:00+0200,3750.0,MW,NL,NL,forecast_solar_generation,Solar,2026-08-28T01:27:51Z
2026-08-28T01:22:45Z,2026-08-28T03:22:45+0200,fe344a24-22e0-4cc6-9f99-c4acdbe3c429,2026-08-04T13:30:00Z,2026-08-04T15:30:00+0200,3676.0,MW,NL,NL,forecast_solar_generation,Solar,2026-08-28T01:27:51Z
2026-08-28T01:22:45Z,2026-08-28T03:22:45+0200,fe344a24-22e0-4cc6-9f99-c4acdbe3c429,2026-08-04T13:45:00Z,2026-08-04T15:45:00+0200,3600.0,MW,NL,NL,forecast_solar_generation,Solar,2026-08-28T01:27:51Z
2026-08-28T01:22:45Z,2026-08-28T03:22:45+0200,fe344a24-22e0-4cc6-9f99-c4acdbe3c429,2026-08-04T14:00:00Z,2026-08-04T16:00:00+0200,3525.0,MW,NL,NL,forecast_solar_generation,Solar,2026-08-28T01:27:51Z
2026-08-28T01:22:45Z,2026-08-28T03:22:45+0200,fe344a24-22e0-4cc6-9f99-c4acdbe3c429,2026-08-04T14:15:00Z,2026-08-04T16:15:00+0200,3395.0,MW,NL,NL,forecast_solar_generation,Solar,2026-08-28T01:27:51Z
2026-08-28T01:22:45Z,2026-08-28T03:22:45+0200,fe344a24-22e0-4cc6-9f99-c4acdbe3c429,2026-08-04T14:30:00Z,2026-08-04T16:30:00+0200,3269.0,MW,NL,NL,forecast_solar_generation,Solar,2026-08-28T01:27:51Z
2026-08-28T01:22:45Z,2026-08-28T03:22:45+0200,fe344a24-22e0-4cc6-9f99-c4acdbe3c429,2026-08-04T14:45:00Z,2026-08-04T16:45:00+0200,3138.0,MW,NL,NL,forecast_solar_generation,Solar,2026-08-28T01:27:51Z
2026-08-28T01:22:45Z,2026-08-28T03:22:45+0200,fe344a24-22e0-4cc6-9f99-c4acdbe3c429,2026-08-04T15:00:00Z,2026-08-04T17:00:00+0200,3012.0,MW,NL,NL,forecast_solar_generation,Solar,2026-08-28T01:27:51Z
2026-08-28T01:22:45Z,2026-08-28T03:22:45+0200,fe344a24-22e0-4cc6-9f99-c4acdbe3c429,2026-08-04T15:15:00Z,2026-08-04T17:15:00+0200,2877.0,MW,NL,NL,forecast_solar_generation,Solar,2026-08-28T01:27:51Z
2026-08-28T01:22:45Z,2026-08-28T03:22:45+0200,fe344a24-22e0-4cc6-9f99-c4acdbe3c429,2026-08-04T15:30:00Z,2026-08-04T17:30:00+0200,2746.0,MW,NL,NL,forecast_solar_generation,Solar,2026-08-28T01:27:51Z
2026-08-28T01:22:45Z,2026-08-28T03:22:45+0200,fe344a24-22e0-4cc6-9f99-c4acdbe3c429,2026-08-04T15:45:00Z,2026-08-04T17:45:00+0200,2613.0,MW,NL,NL,forecast_solar_generation,Solar,2026-08-28T01:27:51Z
2026-08-28T01:22:45Z,2026-08-28T03:22:45+0200,fe344a24-22e0-4cc6-9f99-c4acdbe3c429,2026-08-04T16:00:00Z,2026-08-04T18:00:00+0200,2481.0,MW,NL,NL,forecast_solar_generation,Solar,2026-08-28T01:27:51Z
2026-08-28T01:22:45Z,2026-08-28T03:22:45+0200,fe344a24-22e0-4cc6-9f99-c4acdbe3c429,2026-08-04T16:15:00Z,2026-08-04T18:15:00+0200,2270.0,MW,NL,NL,forecast_solar_generation,Solar,2026-08-28T01:27:51Z
2026-08-28T01:22:45Z,2026-08-28T03:22:45+0200,fe344a24-22e0-4cc6-9f99-c4acdbe3c429,2026-08-04T16:30:00Z,2026-08-04T18:30:00+0200,2061.0,MW,NL,NL,forecast_solar_generation,Solar,2026-08-28T01:27:51Z
2026-08-28T01:22:45Z,2026-08-28T03:22:45+0200,fe344a24-22e0-4cc6-9f99-c4acdbe3c429,2026-08-04T16:45:00Z,2026-08-04T18:45:00+0200,1851.0,MW,NL,NL,forecast_solar_generation,Solar,2026-08-28T01:27:51Z
2026-08-28T01:22:45Z,2026-08-28T03:22:45+0200,fe344a24-22e0-4cc6-9f99-c4acdbe3c429,2026-08-04T17:00:00Z,2026-08-04T19:00:00+0200,1639.0,MW,NL,NL,forecast_solar_generation,Solar,2026-08-28T01:27:51Z
2026-08-28T01:22:45Z,2026-08-28T03:22:45+0200,fe344a24-22e0-4cc6-9f99-c4acdbe3c429,2026-08-04T17:15:00Z,2026-08-04T19:15:00+0200,1444.0,MW,NL,NL,forecast_solar_generation,Solar,2026-08-28T01:27:51Z
2026-08-28T01:22:45Z,2026-08-28T03:22:45+0200,fe344a24-22e0-4cc6-9f99-c4acdbe3c429,2026-08-04T17:30:00Z,2026-08-04T19:30:00+0200,1249.0,MW,NL,NL,forecast_solar_generation,Solar,2026-08-28T01:27:51Z
2026-08-28T01:22:45Z,2026-08-28T03:22:45+0200,fe344a24-22e0-4cc6-9f99-c4acdbe3c429,2026-08-04T17:45:00Z,2026-08-04T19:45:00+0200,1052.0,MW,NL,NL,forecast_solar_generation,Solar,2026-08-28T01:27:51Z
2026-08-28T01:22:45Z,2026-08-28T03:22:45+0200,fe344a24-22e0-4cc6-9f99-c4acdbe3c429,2026-08-04T18:00:00Z,2026-08-04T20:00:00+0200,858.0,MW,NL,NL,forecast_solar_generation,Solar,2026-08-28T01:27:51Z
2026-08-28T01:22:45Z,2026-08-28T03:22:45+0200,fe344a24-22e0-4cc6-9f99-c4acdbe3c429,2026-08-04T18:15:00Z,2026-08-04T20:15:00+0200,722.0,MW,NL,NL,forecast_solar_generation,Solar,2026-08-28T01:27:51Z
2026-08-28T01:22:45Z,2026-08-28T03:22:45+0200,fe344a24-22e0-4cc6-9f99-c4acdbe3c429,2026-08-04T18:30:00Z,2026-08-04T20:30:00+0200,583.0,MW,NL,NL,forecast_solar_generation,Solar,2026-08-28T01:27:51Z
2026-08-28T01:22:45Z,2026-08-28T03:22:45+0200,fe344a24-22e0-4cc6-9f99-c4acdbe3c429,2026-08-04T18:45:00Z,2026-08-04T20:45:00+0200,447.0,MW,NL,NL,forecast_solar_generation,Solar,2026-08-28T01:27:51Z
2026-08-28T01:22:45Z,2026-08-28T03:22:45+0200,fe344a24-22e0-4cc6-9f99-c4acdbe3c429,2026-08-04T19:00:00Z,2026-08-04T21:00:00+0200,309.0,MW,NL,NL,forecast_solar_generation,Solar,2026-08-28T01:27:51Z
2026-08-28T01:22:45Z,2026-08-28T03:22:45+0200,fe344a24-22e0-4cc6-9f99-c4acdbe3c429,2026-08-04T19:15:00Z,2026-08-04T21:15:00+0200,235.0,MW,NL,NL,forecast_solar_generation,Solar,2026-08-28T01:27:51Z
2026-08-28T01:22:45Z,2026-08-28T03:22:45+0200,fe344a24-22e0-4cc6-9f99-c4acdbe3c429,2026-08-04T19:30:00Z,2026-08-04T21:30:00+0200,158.0,MW,NL,NL,forecast_solar_generation,Solar,2026-08-28T01:27:51Z
2026-08-28T01:22:45Z,2026-08-28T03:22:45+0200,fe344a24-22e0-4cc6-9f99-c4acdbe3c429,2026-08-04T19:45:00Z,2026-08-04T21:45:00+0200,80.0,MW,NL,NL,forecast_solar_generation,Solar,2026-08-28T01:27:51Z
2026-08-28T01:22:45Z,2026-08-28T03:22:45+0200,fe344a24-22e0-4cc6-9f99-c4acdbe3c429,2026-08-04T20:00:00Z,2026-08-04T22:00:00+0200,2.0,MW,NL,NL,forecast_solar_generation,Solar,2026-08-28T01:27:51Z
2026-08-28T01:22:45Z,2026-08-28T03:22:45+0200,fe344a24-22e0-4cc6-9f99-c4acdbe3c429,2026-08-04T20:15:00Z,2026-08-04T22:15:00+0200,2.0,MW,NL,NL,forecast_solar_generation,Solar,2026-08-28T01:27:51Z
2026-08-28T01:22:45Z,2026-08-28T03:22:45+0200,fe344a24-22e0-4cc6-9f99-c4acdbe3c429,2026-08-04T20:30:00Z,2026-08-04T22:30:00+0200,2.0,MW,NL,NL,forecast_solar_generation,Solar,2026-08-28T01:27:51Z
2026-08-28T01:22:45Z,2026-08-28T03:22:45+0200,fe344a24-22e0-4cc6-9f99-c4acdbe3c429,2026-08-04T20:45:00Z,2026-08-04T22:45:00+0200,0.0,MW,NL,NL,forecast_solar_generation,Solar,2026-08-28T01:27:51Z
2026-08-28T01:22:45Z,2026-08-28T03:22:45+0200,fe344a24-22e0-4cc6-9f99-c4acdbe3c429,2026-08-04T21:00:00Z,2026-08-04T23:00:00+0200,0.0,MW,NL,NL,forecast_solar_generation,Solar,2026-08-28T01:27:51Z
2026-08-28T01:22:45Z,2026-08-28T03:22:45+0200,fe344a24-22e0-4cc6-9f99-c4acdbe3c429,2026-08-04T21:15:00Z,2026-08-04T23:15:00+0200,0.0,MW,NL,NL,forecast_solar_generation,Solar,2026-08-28T01:27:51Z
2026-08-28T01:22:45Z,2026-08-28T03:22:45+0200,fe344a24-22e0-4cc6-9f99-c4acdbe3c429,2026-08-04T21:30:00Z,2026-08-04T23:30:00+0200,0.0,MW,NL,NL,forecast_solar_generation,Solar,2026-08-28T01:27:51Z
2026-08-28T01:22:45Z,2026-08-28T03:22:45+0200,fe344a24-22e0-4cc6-9f99-c4acdbe3c429,2026-08-04T21:45:00Z,2026-08-04T23:45:00+0200,0.0,MW,NL,NL,forecast_solar_generation,Solar,2026-08-28T01:27:51Z
2026-08-28T01:22:45Z,2026-08-28T03:22:45+0200,fe344a24-22e0-4cc6-9f99-c4acdbe3c429,2026-08-04T22:00:00Z,2026-08-05T00:00:00+0200,0.0,MW,NL,NL,forecast_solar_generation,Solar,2026-08-28T01:27:51Z
2026-08-28T01:22:45Z,2026-08-28T03:22:45+0200,fe344a24-22e0-4cc6-9f99-c4acdbe3c429,2026-08-04T22:15:00Z,2026-08-05T00:15:00+0200,0.0,MW,NL,NL,forecast_solar_generation,Solar,2026-08-28T01:27:51Z
2026-08-28T01:22:45Z,2026-08-28T03:22:45+0200,fe344a24-22e0-4cc6-9f99-c4acdbe3c429,2026-08-04T22:30:00Z,2026-08-05T00:30:00+0200,0.0,MW,NL,NL,forecast_solar_generation,Solar,2026-08-28T01:27:51Z
2026-08-28T01:22:45Z,2026-08-28T03:22:45+0200,fe344a24-22e0-4cc6-9f99-c4acdbe3c429,2026-08-04T22:45:00Z,2026-08-05T00:45:00+0200,0.0,MW,NL,NL,forecast_solar_generation,Solar,2026-08-28T01:27:51Z
2026-08-28T01:22:45Z,2026-08-28T03:22:45+0200,fe344a24-22e0-4cc6-9f99-c4acdbe3c429,2026-08-04T23:00:00Z,2026-08-05T01:00:00+0200,0.0,MW,NL,NL,forecast_solar_generation,Solar,2026-08-28T01:27:51Z
2026-08-28T01:22:45Z,2026-08-28T03:22:45+0200,fe344a24-22e0-4cc6-9f99-c4acdbe3c429,2026-08-04T23:15:00Z,2026-08-05T01:15:00+0200,0.0,MW,NL,NL,forecast_solar_generation,Solar,2026-08-28T01:27:51Z
2026-08-28T01:22:45Z,2026-08-28T03:22:45+0200,fe344a24-22e0-4cc6-9f99-c4acdbe3c429,2026-08-04T23:30:00Z,2026-08-05T01:30:00+0200,0.0,MW,NL,NL,forecast_solar_generation,Solar,2026-08-28T01:27:51Z
2026-08-28T01:22:45Z,2026-08-28T03:22:45+0200,fe344a24-22e0-4cc6-9f99-c4acdbe3c429,2026-08-04T23:45:00Z,2026-08-05T01:45:00+0200,0.0,MW,NL,NL,forecast_solar_generation,Solar,2026-08-28T01:27:51Z
2026-08-28T01:22:45Z,2026-08-28T03:22:45+0200,fe344a24-22e0-4cc6-9f99-c4acdbe3c429,2026-08-05T00:00:00Z,2026-08-05T02:00:00+0200,0.0,MW,NL,NL,forecast_solar_generation,Solar,2026-08-28T01:27:51Z
2026-08-28T01:22:45Z,2026-08-28T03:22:45+0200,fe344a24-22e0-4cc6-9f99-c4acdbe3c429,2026-08-05T00:15:00Z,2026-08-05T02:15:00+0200,0.0,MW,NL,NL,forecast_solar_generation,Solar,2026-08-28T01:27:51Z
2026-08-28T01:22:45Z,2026-08-28T03:22:45+0200,fe344a24-22e0-4cc6-9f99-c4acdbe3c429,2026-08-05T00:30:00Z,2026-08-05T02:30:00+0200,0.0,MW,NL,NL,forecast_solar_generation,Solar,2026-08-28T01:27:51Z
2026-08-28T01:22:45Z,2026-08-28T03:22:45+0200,fe344a24-22e0-4cc6-9f99-c4acdbe3c429,2026-08-05T00:45:00Z,2026-08-05T02:45:00+0200,0.0,MW,NL,NL,forecast_solar_generation,Solar,2026-08-28T01:27:51Z
2026-08-28T01:22:45Z,2026-08-28T03:22:45+0200,fe344a24-22e0-4cc6-9f99-c4acdbe3c429,2026-08-05T01:00:00Z,2026-08-05T03:00:00+0200,0.0,MW,NL,NL,forecast_solar_generation,Solar,2026-08-28T01:27:51Z
2026-08-28T01:22:45Z,2026-08-28T03:22:45+0200,fe344a24-22e0-4cc6-9f99-c4acdbe3c429,2026-08-05T01:15:00Z,2026-08-05T03:15:00+0200,0.0,MW,NL,NL,forecast_solar_generation,Solar,2026-08-28T01:27:51Z
2026-08-28T01:22:45Z,2026-08-28T03:22:45+0200,fe344a24-22e0-4cc6-9f99-c4acdbe3c429,2026-08-05T01:30:00Z,2026-08-05T03:30:00+0200,0.0,MW,NL,NL,forecast_solar_generation,Solar,2026-08-28T01:27:51Z
2026-08-28T01:22:45Z,2026-08-28T03:22:45+0200,fe344a24-22e0-4cc6-9f99-c4acdbe3c429,2026-08-05T01:45:00Z,2026-08-05T03:45:00+0200,0.0,MW,NL,NL,forecast_solar_generation,Solar,2026-08-28T01:27:51Z
2026-08-28T01:22:45Z,2026-08-28T03:22:45+0200,fe344a24-22e0-4cc6-9f99-c4acdbe3c429,2026-08-05T02:00:00Z,2026-08-05T04:00:00+0200,0.0,MW,NL,NL,forecast_solar_generation,Solar,2026-08-28T01:27:51Z
2026-08-28T01:22:45Z,2026-08-28T03:22:45+0200,fe344a24-22e0-4cc6-9f99-c4acdbe3c429,2026-08-05T02:15:00Z,2026-08-05T04:15:00+0200,0.0,MW,NL,NL,forecast_solar_generation,Solar,2026-08-28T01:27:51Z
2026-08-28T01:22:45Z,2026-08-28T03:22:45+0200,fe344a24-22e0-4cc6-9f99-c4acdbe3c429,2026-08-05T02:30:00Z,2026-08-05T04:30:00+0200,0.0,MW,NL,NL,forecast_solar_generation,Solar,2026-08-28T01:27:51Z
2026-08-28T01:22:45Z,2026-08-28T03:22:45+0200,fe344a24-22e0-4cc6-9f99-c4acdbe3c429,2026-08-05T02:45:00Z,2026-08-05T04:45:00+0200,0.0,MW,NL,NL,forecast_solar_generation,Solar,2026-08-28T01:27:51Z
2026-08-28T01:22:45Z,2026-08-28T03:22:45+0200,fe344a24-22e0-4cc6-9f99-c4acdbe3c429,2026-08-05T03:00:00Z,2026-08-05T05:00:00+0200,0.0,MW,NL,NL,forecast_solar_generation,Solar,2026-08-28T01:27:51Z
2026-08-28T01:22:45Z,2026-08-28T03:22:45+0200,fe344a24-22e0-4cc6-9f99-c4acdbe3c429,2026-08-05T03:15:00Z,2026-08-05T05:15:00+0200,0.0,MW,NL,NL,forecast_solar_generation,Solar,2026-08-28T01:27:51Z
2026-08-28T01:22:45Z,2026-08-28T03:22:45+0200,fe344a24-22e0-4cc6-9f99-c4acdbe3c429,2026-08-05T03:30:00Z,2026-08-05T05:30:00+0200,0.0,MW,NL,NL,forecast_solar_generation,Solar,2026-08-28T01:27:51Z
2026-08-28T01:22:45Z,2026-08-28T03:22:45+0200,fe344a24-22e0-4cc6-9f99-c4acdbe3c429,2026-08-05T03:45:00Z,2026-08-05T05:45:00+0200,0.0,MW,NL,NL,forecast_solar_generation,Solar,2026-08-28T01:27:51Z
2026-08-28T01:22:45Z,2026-08-28T03:22:45+0200,fe344a24-22e0-4cc6-9f99-c4acdbe3c429,2026-08-05T04:00:00Z,2026-08-05T06:00:00+0200,0.0,MW,NL,NL,forecast_solar_generation,Solar,2026-08-28T01:27:51Z
2026-08-28T01:22:45Z,2026-08-28T03:22:45+0200,fe344a24-22e0-4cc6-9f99-c4acdbe3c429,2026-08-05T04:15:00Z,2026-08-05T06:15:00+0200,13.0,MW,NL,NL,forecast_solar_generation,Solar,2026-08-28T01:27:51Z
2026-08-28T01:22:45Z,2026-08-28T03:22:45+0200,fe344a24-22e0-4cc6-9f99-c4acdbe3c429,2026-08-05T04:30:00Z,2026-08-05T06:30:00+0200,25.0,MW,NL,NL,forecast_solar_generation,Solar,2026-08-28T01:27:51Z
2026-08-28T01:22:45Z,2026-08-28T03:22:45+0200,fe344a24-22e0-4cc6-9f99-c4acdbe3c429,2026-08-05T04:45:00Z,2026-08-05T06:45:00+0200,39.0,MW,NL,NL,forecast_solar_generation,Solar,2026-08-28T01:27:51Z
2026-08-28T01:22:45Z,2026-08-28T03:22:45+0200,fe344a24-22e0-4cc6-9f99-c4acdbe3c429,2026-08-05T05:00:00Z,2026-08-05T07:00:00+0200,50.0,MW,NL,NL,forecast_solar_generation,Solar,2026-08-28T01:27:51Z
2026-08-28T01:22:45Z,2026-08-28T03:22:45+0200,fe344a24-22e0-4cc6-9f99-c4acdbe3c429,2026-08-05T05:15:00Z,2026-08-05T07:15:00+0200,175.0,MW,NL,NL,forecast_solar_generation,Solar,2026-08-28T01:27:51Z
2026-08-28T01:22:45Z,2026-08-28T03:22:45+0200,fe344a24-22e0-4cc6-9f99-c4acdbe3c429,2026-08-05T05:30:00Z,2026-08-05T07:30:00+0200,294.0,MW,NL,NL,forecast_solar_generation,Solar,2026-08-28T01:27:51Z
2026-08-28T01:22:45Z,2026-08-28T03:22:45+0200,fe344a24-22e0-4cc6-9f99-c4acdbe3c429,2026-08-05T05:45:00Z,2026-08-05T07:45:00+0200,414.0,MW,NL,NL,forecast_solar_generation,Solar,2026-08-28T01:27:51Z
2026-08-28T01:22:45Z,2026-08-28T03:22:45+0200,fe344a24-22e0-4cc6-9f99-c4acdbe3c429,2026-08-05T06:00:00Z,2026-08-05T08:00:00+0200,538.0,MW,NL,NL,forecast_solar_generation,Solar,2026-08-28T01:27:51Z
2026-08-28T01:22:45Z,2026-08-28T03:22:45+0200,fe344a24-22e0-4cc6-9f99-c4acdbe3c429,2026-08-05T06:15:00Z,2026-08-05T08:15:00+0200,721.0,MW,NL,NL,forecast_solar_generation,Solar,2026-08-28T01:27:51Z
2026-08-28T01:22:45Z,2026-08-28T03:22:45+0200,fe344a24-22e0-4cc6-9f99-c4acdbe3c429,2026-08-05T06:30:00Z,2026-08-05T08:30:00+0200,906.0,MW,NL,NL,forecast_solar_generation,Solar,2026-08-28T01:27:51Z
2026-08-28T01:22:45Z,2026-08-28T03:22:45+0200,fe344a24-22e0-4cc6-9f99-c4acdbe3c429,2026-08-05T06:45:00Z,2026-08-05T08:45:00+0200,1087.0,MW,NL,NL,forecast_solar_generation,Solar,2026-08-28T01:27:51Z
2026-08-28T01:22:45Z,2026-08-28T03:22:45+0200,fe344a24-22e0-4cc6-9f99-c4acdbe3c429,2026-08-05T07:00:00Z,2026-08-05T09:00:00+0200,1273.0,MW,NL,NL,forecast_solar_generation,Solar,2026-08-28T01:27:51Z
2026-08-28T01:22:45Z,2026-08-28T03:22:45+0200,fe344a24-22e0-4cc6-9f99-c4acdbe3c429,2026-08-05T07:15:00Z,2026-08-05T09:15:00+0200,1494.0,MW,NL,NL,forecast_solar_generation,Solar,2026-08-28T01:27:51Z
2026-08-28T01:22:45Z,2026-08-28T03:22:45+0200,fe344a24-22e0-4cc6-9f99-c4acdbe3c429,2026-08-05T07:30:00Z,2026-08-05T09:30:00+0200,1718.0,MW,NL,NL,forecast_solar_generation,Solar,2026-08-28T01:27:51Z
2026-08-28T01:22:45Z,2026-08-28T03:22:45+0200,fe344a24-22e0-4cc6-9f99-c4acdbe3c429,2026-08-05T07:45:00Z,2026-08-05T09:45:00+0200,1940.0,MW,NL,NL,forecast_solar_generation,Solar,2026-08-28T01:27:51Z
2026-08-28T01:22:45Z,2026-08-28T03:22:45+0200,fe344a24-22e0-4cc6-9f99-c4acdbe3c429,2026-08-05T08:00:00Z,2026-08-05T10:00:00+0200,2166.0,MW,NL,NL,forecast_solar_generation,Solar,2026-08-28T01:27:51Z
2026-08-28T01:22:45Z,2026-08-28T03:22:45+0200,fe344a24-22e0-4cc6-9f99-c4acdbe3c429,2026-08-05T08:15:00Z,2026-08-05T10:15:00+0200,2367.0,MW,NL,NL,forecast_solar_generation,Solar,2026-08-28T01:27:51Z
2026-08-28T01:22:45Z,2026-08-28T03:22:45+0200,fe344a24-22e0-4cc6-9f99-c4acdbe3c429,2026-08-05T08:30:00Z,2026-08-05T10:30:00+0200,2573.0,MW,NL,NL,forecast_solar_generation,Solar,2026-08-28T01:27:51Z
2026-08-28T01:22:45Z,2026-08-28T03:22:45+0200,fe344a24-22e0-4cc6-9f99-c4acdbe3c429,2026-08-05T08:45:00Z,2026-08-05T10:45:00+0200,2779.0,MW,NL,NL,forecast_solar_generation,Solar,2026-08-28T01:27:51Z
2026-08-28T01:22:45Z,2026-08-28T03:22:45+0200,fe344a24-22e0-4cc6-9f99-c4acdbe3c429,2026-08-05T09:00:00Z,2026-08-05T11:00:00+0200,2984.0,MW,NL,NL,forecast_solar_generation,Solar,2026-08-28T01:27:51Z
2026-08-28T01:22:45Z,2026-08-28T03:22:45+0200,fe344a24-22e0-4cc6-9f99-c4acdbe3c429,2026-08-05T09:15:00Z,2026-08-05T11:15:00+0200,3111.0,MW,NL,NL,forecast_solar_generation,Solar,2026-08-28T01:27:51Z
2026-08-28T01:22:45Z,2026-08-28T03:22:45+0200,fe344a24-22e0-4cc6-9f99-c4acdbe3c429,2026-08-05T09:30:00Z,2026-08-05T11:30:00+0200,3241.0,MW,NL,NL,forecast_solar_generation,Solar,2026-08-28T01:27:51Z
2026-08-28T01:22:45Z,2026-08-28T03:22:45+0200,fe344a24-22e0-4cc6-9f99-c4acdbe3c429,2026-08-05T09:45:00Z,2026-08-05T11:45:00+0200,3370.0,MW,NL,NL,forecast_solar_generation,Solar,2026-08-28T01:27:51Z
2026-08-28T01:22:45Z,2026-08-28T03:22:45+0200,fe344a24-22e0-4cc6-9f99-c4acdbe3c429,2026-08-05T10:00:00Z,2026-08-05T12:00:00+0200,3500.0,MW,NL,NL,forecast_solar_generation,Solar,2026-08-28T01:27:51Z
2026-08-28T01:22:45Z,2026-08-28T03:22:45+0200,fe344a24-22e0-4cc6-9f99-c4acdbe3c429,2026-08-05T10:15:00Z,2026-08-05T12:15:00+0200,3606.0,MW,NL,NL,forecast_solar_generation,Solar,2026-08-28T01:27:51Z
2026-08-28T01:22:45Z,2026-08-28T03:22:45+0200,fe344a24-22e0-4cc6-9f99-c4acdbe3c429,2026-08-05T10:30:00Z,2026-08-05T12:30:00+0200,3713.0,MW,NL,NL,forecast_solar_generation,Solar,2026-08-28T01:27:51Z
2026-08-28T01:22:45Z,2026-08-28T03:22:45+0200,fe344a24-22e0-4cc6-9f99-c4acdbe3c429,2026-08-05T10:45:00Z,2026-08-05T12:45:00+0200,3820.0,MW,NL,NL,forecast_solar_generation,Solar,2026-08-28T01:27:51Z
2026-08-28T01:22:45Z,2026-08-28T03:22:45+0200,fe344a24-22e0-4cc6-9f99-c4acdbe3c429,2026-08-05T11:00:00Z,2026-08-05T13:00:00+0200,3927.0,MW,NL,NL,forecast_solar_generation,Solar,2026-08-28T01:27:51Z
2026-08-28T01:22:45Z,2026-08-28T03:22:45+0200,fe344a24-22e0-4cc6-9f99-c4acdbe3c429,2026-08-05T11:15:00Z,2026-08-05T13:15:00+0200,3974.0,MW,NL,NL,forecast_solar_generation,Solar,2026-08-28T01:27:51Z
2026-08-28T01:22:45Z,2026-08-28T03:22:45+0200,fe344a24-22e0-4cc6-9f99-c4acdbe3c429,2026-08-05T11:30:00Z,2026-08-05T13:30:00+0200,4022.0,MW,NL,NL,forecast_solar_generation,Solar,2026-08-28T01:27:51Z
2026-08-28T01:22:45Z,2026-08-28T03:22:45+0200,fe344a24-22e0-4cc6-9f99-c4acdbe3c429,2026-08-05T11:45:00Z,2026-08-05T13:45:00+0200,4068.0,MW,NL,NL,forecast_solar_generation,Solar,2026-08-28T01:27:51Z
2026-08-28T01:22:45Z,2026-08-28T03:22:45+0200,fe344a24-22e0-4cc6-9f99-c4acdbe3c429,2026-08-05T12:00:00Z,2026-08-05T14:00:00+0200,4114.0,MW,NL,NL,forecast_solar_generation,Solar,2026-08-28T01:27:51Z
2026-08-28T01:22:45Z,2026-08-28T03:22:45+0200,fe344a24-22e0-4cc6-9f99-c4acdbe3c429,2026-08-05T12:15:00Z,2026-08-05T14:15:00+0200,4145.0,MW,NL,NL,forecast_solar_generation,Solar,2026-08-28T01:27:51Z
2026-08-28T01:22:45Z,2026-08-28T03:22:45+0200,fe344a24-22e0-4cc6-9f99-c4acdbe3c429,2026-08-05T12:30:00Z,2026-08-05T14:30:00+0200,4174.0,MW,NL,NL,forecast_solar_generation,Solar,2026-08-28T01:27:51Z
2026-08-28T01:22:45Z,2026-08-28T03:22:45+0200,fe344a24-22e0-4cc6-9f99-c4acdbe3c429,2026-08-05T12:45:00Z,2026-08-05T14:45:00+0200,4205.0,MW,NL,NL,forecast_solar_generation,Solar,2026-08-28T01:27:51Z
2026-08-28T01:22:45Z,2026-08-28T03:22:45+0200,fe344a24-22e0-4cc6-9f99-c4acdbe3c429,2026-08-05T13:00:00Z,2026-08-05T15:00:00+0200,4234.0,MW,NL,NL,forecast_solar_generation,Solar,2026-08-28T01:27:51Z
2026-08-28T01:22:45Z,2026-08-28T03:22:45+0200,fe344a24-22e0-4cc6-9f99-c4acdbe3c429,2026-08-05T13:15:00Z,2026-08-05T15:15:00+0200,4149.0,MW,NL,NL,forecast_solar_generation,Solar,2026-08-28T01:27:51Z
2026-08-28T01:22:45Z,2026-08-28T03:22:45+0200,fe344a24-22e0-4cc6-9f99-c4acdbe3c429,2026-08-05T13:30:00Z,2026-08-05T15:30:00+0200,4068.0,MW,NL,NL,forecast_solar_generation,Solar,2026-08-28T01:27:51Z
2026-08-28T01:22:45Z,2026-08-28T03:22:45+0200,fe344a24-22e0-4cc6-9f99-c4acdbe3c429,2026-08-05T13:45:00Z,2026-08-05T15:45:00+0200,3984.0,MW,NL,NL,forecast_solar_generation,Solar,2026-08-28T01:27:51Z
2026-08-28T01:22:45Z,2026-08-28T03:22:45+0200,fe344a24-22e0-4cc6-9f99-c4acdbe3c429,2026-08-05T14:00:00Z,2026-08-05T16:00:00+0200,3902.0,MW,NL,NL,forecast_solar_generation,Solar,2026-08-28T01:27:51Z
2026-08-28T01:22:45Z,2026-08-28T03:22:45+0200,fe344a24-22e0-4cc6-9f99-c4acdbe3c429,2026-08-05T14:15:00Z,2026-08-05T16:15:00+0200,3759.0,MW,NL,NL,forecast_solar_generation,Solar,2026-08-28T01:27:51Z
2026-08-28T01:22:45Z,2026-08-28T03:22:45+0200,fe344a24-22e0-4cc6-9f99-c4acdbe3c429,2026-08-05T14:30:00Z,2026-08-05T16:30:00+0200,3615.0,MW,NL,NL,forecast_solar_generation,Solar,2026-08-28T01:27:51Z
2026-08-28T01:22:45Z,2026-08-28T03:22:45+0200,fe344a24-22e0-4cc6-9f99-c4acdbe3c429,2026-08-05T14:45:00Z,2026-08-05T16:45:00+0200,3474.0,MW,NL,NL,forecast_solar_generation,Solar,2026-08-28T01:27:51Z
2026-08-28T01:22:45Z,2026-08-28T03:22:45+0200,fe344a24-22e0-4cc6-9f99-c4acdbe3c429,2026-08-05T15:00:00Z,2026-08-05T17:00:00+0200,3331.0,MW,NL,NL,forecast_solar_generation,Solar,2026-08-28T01:27:51Z
2026-08-28T01:22:45Z,2026-08-28T03:22:45+0200,fe344a24-22e0-4cc6-9f99-c4acdbe3c429,2026-08-05T15:15:00Z,2026-08-05T17:15:00+0200,3192.0,MW,NL,NL,forecast_solar_generation,Solar,2026-08-28T01:27:51Z
2026-08-28T01:22:45Z,2026-08-28T03:22:45+0200,fe344a24-22e0-4cc6-9f99-c4acdbe3c429,2026-08-05T15:30:00Z,2026-08-05T17:30:00+0200,3056.0,MW,NL,NL,forecast_solar_generation,Solar,2026-08-28T01:27:51Z
2026-08-28T01:22:45Z,2026-08-28T03:22:45+0200,fe344a24-22e0-4cc6-9f99-c4acdbe3c429,2026-08-05T15:45:00Z,2026-08-05T17:45:00+0200,2915.0,MW,NL,NL,forecast_solar_generation,Solar,2026-08-28T01:27:51Z
2026-08-28T01:22:45Z,2026-08-28T03:22:45+0200,fe344a24-22e0-4cc6-9f99-c4acdbe3c429,2026-08-05T16:00:00Z,2026-08-05T18:00:00+0200,2780.0,MW,NL,NL,forecast_solar_generation,Solar,2026-08-28T01:27:51Z
2026-08-28T01:22:45Z,2026-08-28T03:22:45+0200,fe344a24-22e0-4cc6-9f99-c4acdbe3c429,2026-08-05T16:15:00Z,2026-08-05T18:15:00+0200,2540.0,MW,NL,NL,forecast_solar_generation,Solar,2026-08-28T01:27:51Z
2026-08-28T01:22:45Z,2026-08-28T03:22:45+0200,fe344a24-22e0-4cc6-9f99-c4acdbe3c429,2026-08-05T16:30:00Z,2026-08-05T18:30:00+0200,2301.0,MW,NL,NL,forecast_solar_generation,Solar,2026-08-28T01:27:51Z
2026-08-28T01:22:45Z,2026-08-28T03:22:45+0200,fe344a24-22e0-4cc6-9f99-c4acdbe3c429,2026-08-05T16:45:00Z,2026-08-05T18:45:00+0200,2061.0,MW,NL,NL,forecast_solar_generation,Solar,2026-08-28T01:27:51Z
2026-08-28T01:22:45Z,2026-08-28T03:22:45+0200,fe344a24-22e0-4cc6-9f99-c4acdbe3c429,2026-08-05T17:00:00Z,2026-08-05T19:00:00+0200,1822.0,MW,NL,NL,forecast_solar_generation,Solar,2026-08-28T01:27:51Z
2026-08-28T01:22:45Z,2026-08-28T03:22:45+0200,fe344a24-22e0-4cc6-9f99-c4acdbe3c429,2026-08-05T17:15:00Z,2026-08-05T19:15:00+0200,1596.0,MW,NL,NL,forecast_solar_generation,Solar,2026-08-28T01:27:51Z
2026-08-28T01:22:45Z,2026-08-28T03:22:45+0200,fe344a24-22e0-4cc6-9f99-c4acdbe3c429,2026-08-05T17:30:00Z,2026-08-05T19:30:00+0200,1374.0,MW,NL,NL,forecast_solar_generation,Solar,2026-08-28T01:27:51Z
2026-08-28T01:22:45Z,2026-08-28T03:22:45+0200,fe344a24-22e0-4cc6-9f99-c4acdbe3c429,2026-08-05T17:45:00Z,2026-08-05T19:45:00+0200,1148.0,MW,NL,NL,forecast_solar_generation,Solar,2026-08-28T01:27:51Z
2026-08-28T01:22:45Z,2026-08-28T03:22:45+0200,fe344a24-22e0-4cc6-9f99-c4acdbe3c429,2026-08-05T18:00:00Z,2026-08-05T20:00:00+0200,925.0,MW,NL,NL,forecast_solar_generation,Solar,2026-08-28T01:27:51Z
2026-08-28T01:22:45Z,2026-08-28T03:22:45+0200,fe344a24-22e0-4cc6-9f99-c4acdbe3c429,2026-08-05T18:15:00Z,2026-08-05T20:15:00+0200,769.0,MW,NL,NL,forecast_solar_generation,Solar,2026-08-28T01:27:51Z
2026-08-28T01:22:45Z,2026-08-28T03:22:45+0200,fe344a24-22e0-4cc6-9f99-c4acdbe3c429,2026-08-05T18:30:00Z,2026-08-05T20:30:00+0200,614.0,MW,NL,NL,forecast_solar_generation,Solar,2026-08-28T01:27:51Z
2026-08-28T01:22:45Z,2026-08-28T03:22:45+0200,fe344a24-22e0-4cc6-9f99-c4acdbe3c429,2026-08-05T18:45:00Z,2026-08-05T20:45:00+0200,458.0,MW,NL,NL,forecast_solar_generation,Solar,2026-08-28T01:27:51Z
2026-08-28T01:22:45Z,2026-08-28T03:22:45+0200,fe344a24-22e0-4cc6-9f99-c4acdbe3c429,2026-08-05T19:00:00Z,2026-08-05T21:00:00+0200,306.0,MW,NL,NL,forecast_solar_generation,Solar,2026-08-28T01:27:51Z
2026-08-28T01:22:45Z,2026-08-28T03:22:45+0200,fe344a24-22e0-4cc6-9f99-c4acdbe3c429,2026-08-05T19:15:00Z,2026-08-05T21:15:00+0200,231.0,MW,NL,NL,forecast_solar_generation,Solar,2026-08-28T01:27:51Z
2026-08-28T01:22:45Z,2026-08-28T03:22:45+0200,fe344a24-22e0-4cc6-9f99-c4acdbe3c429,2026-08-05T19:30:00Z,2026-08-05T21:30:00+0200,154.0,MW,NL,NL,forecast_solar_generation,Solar,2026-08-28T01:27:51Z
2026-08-28T01:22:45Z,2026-08-28T03:22:45+0200,fe344a24-22e0-4cc6-9f99-c4acdbe3c429,2026-08-05T19:45:00Z,2026-08-05T21:45:00+0200,79.0,MW,NL,NL,forecast_solar_generation,Solar,2026-08-28T01:27:51Z
2026-08-28T01:22:45Z,2026-08-28T03:22:45+0200,fe344a24-22e0-4cc6-9f99-c4acdbe3c429,2026-08-05T20:00:00Z,2026-08-05T22:00:00+0200,2.0,MW,NL,NL,forecast_solar_generation,Solar,2026-08-28T01:27:51Z
2026-08-28T01:22:45Z,2026-08-28T03:22:45+0200,fe344a24-22e0-4cc6-9f99-c4acdbe3c429,2026-08-05T20:15:00Z,2026-08-05T22:15:00+0200,2.0,MW,NL,NL,forecast_solar_generation,Solar,2026-08-28T01:27:51Z
2026-08-28T01:22:45Z,2026-08-28T03:22:45+0200,fe344a24-22e0-4cc6-9f99-c4acdbe3c429,2026-08-05T20:30:00Z,2026-08-05T22:30:00+0200,1.0,MW,NL,NL,forecast_solar_generation,Solar,2026-08-28T01:27:51Z
2026-08-28T01:22:45Z,2026-08-28T03:22:45+0200,fe344a24-22e0-4cc6-9f99-c4acdbe3c429,2026-08-05T20:45:00Z,2026-08-05T22:45:00+0200,0.0,MW,NL,NL,forecast_solar_generation,Solar,2026-08-28T01:27:51Z
2026-08-28T01:22:45Z,2026-08-28T03:22:45+0200,fe344a24-22e0-4cc6-9f99-c4acdbe3c429,2026-08-05T21:00:00Z,2026-08-05T23:00:00+0200,0.0,MW,NL,NL,forecast_solar_generation,Solar,2026-08-28T01:27:51Z
2026-08-28T01:22:45Z,2026-08-28T03:22:45+0200,fe344a24-22e0-4cc6-9f99-c4acdbe3c429,2026-08-05T21:15:00Z,2026-08-05T23:15:00+0200,0.0,MW,NL,NL,forecast_solar_generation,Solar,2026-08-28T01:27:51Z
2026-08-28T01:22:45Z,2026-08-28T03:22:45+0200,fe344a24-22e0-4cc6-9f99-c4acdbe3c429,2026-08-05T21:30:00Z,2026-08-05T23:30:00+0200,0.0,MW,NL,NL,forecast_solar_generation,Solar,2026-08-28T01:27:51Z
2026-08-28T01:22:45Z,2026-08-28T03:22:45+0200,fe344a24-22e0-4cc6-9f99-c4acdbe3c429,2026-08-05T21:45:00Z,2026-08-05T23:45:00+0200,0.0,MW,NL,NL,forecast_solar_generation,Solar,2026-08-28T01:27:51Z
2026-08-28T01:22:45Z,2026-08-28T03:22:45+0200,fe344a24-22e0-4cc6-9f99-c4acdbe3c429,2026-08-05T22:00:00Z,2026-08-06T00:00:00+0200,0.0,MW,NL,NL,forecast_solar_generation,Solar,2026-08-28T01:27:51Z
2026-08-28T01:22:45Z,2026-08-28T03:22:45+0200,fe344a24-22e0-4cc6-9f99-c4acdbe3c429,2026-08-05T22:15:00Z,2026-08-06T00:15:00+0200,0.0,MW,NL,NL,forecast_solar_generation,Solar,2026-08-28T01:27:51Z
2026-08-28T01:22:45Z,2026-08-28T03:22:45+0200,fe344a24-22e0-4cc6-9f99-c4acdbe3c429,2026-08-05T22:30:00Z,2026-08-06T00:30:00+0200,0.0,MW,NL,NL,forecast_solar_generation,Solar,2026-08-28T01:27:51Z
2026-08-28T01:22:45Z,2026-08-28T03:22:45+0200,fe344a24-22e0-4cc6-9f99-c4acdbe3c429,2026-08-05T22:45:00Z,2026-08-06T00:45:00+0200,0.0,MW,NL,NL,forecast_solar_generation,Solar,2026-08-28T01:27:51Z
2026-08-28T01:22:45Z,2026-08-28T03:22:45+0200,fe344a24-22e0-4cc6-9f99-c4acdbe3c429,2026-08-05T23:00:00Z,2026-08-06T01:00:00+0200,0.0,MW,NL,NL,forecast_solar_generation,Solar,2026-08-28T01:27:51Z
2026-08-28T01:22:45Z,2026-08-28T03:22:45+0200,fe344a24-22e0-4cc6-9f99-c4acdbe3c429,2026-08-05T23:15:00Z,2026-08-06T01:15:00+0200,0.0,MW,NL,NL,forecast_solar_generation,Solar,2026-08-28T01:27:51Z
2026-08-28T01:22:45Z,2026-08-28T03:22:45+0200,fe344a24-22e0-4cc6-9f99-c4acdbe3c429,2026-08-05T23:30:00Z,2026-08-06T01:30:00+0200,0.0,MW,NL,NL,forecast_solar_generation,Solar,2026-08-28T01:27:51Z
2026-08-28T01:22:45Z,2026-08-28T03:22:45+0200,fe344a24-22e0-4cc6-9f99-c4acdbe3c429,2026-08-05T23:45:00Z,2026-08-06T01:45:00+0200,0.0,MW,NL,NL,forecast_solar_generation,Solar,2026-08-28T01:27:51Z
2026-08-28T01:22:45Z,2026-08-28T03:22:45+0200,fe344a24-22e0-4cc6-9f99-c4acdbe3c429,2026-08-06T00:00:00Z,2026-08-06T02:00:00+0200,0.0,MW,NL,NL,forecast_solar_generation,Solar,2026-08-28T01:27:51Z
2026-08-28T01:22:45Z,2026-08-28T03:22:45+0200,fe344a24-22e0-4cc6-9f99-c4acdbe3c429,2026-08-06T00:15:00Z,2026-08-06T02:15:00+0200,0.0,MW,NL,NL,forecast_solar_generation,Solar,2026-08-28T01:27:51Z
2026-08-28T01:22:45Z,2026-08-28T03:22:45+0200,fe344a24-22e0-4cc6-9f99-c4acdbe3c429,2026-08-06T00:30:00Z,2026-08-06T02:30:00+0200,0.0,MW,NL,NL,forecast_solar_generation,Solar,2026-08-28T01:27:51Z
2026-08-28T01:22:45Z,2026-08-28T03:22:45+0200,fe344a24-22e0-4cc6-9f99-c4acdbe3c429,2026-08-06T00:45:00Z,2026-08-06T02:45:00+0200,0.0,MW,NL,NL,forecast_solar_generation,Solar,2026-08-28T01:27:51Z
2026-08-28T01:22:45Z,2026-08-28T03:22:45+0200,fe344a24-22e0-4cc6-9f99-c4acdbe3c429,2026-08-06T01:00:00Z,2026-08-06T03:00:00+0200,0.0,MW,NL,NL,forecast_solar_generation,Solar,2026-08-28T01:27:51Z
2026-08-28T01:22:45Z,2026-08-28T03:22:45+0200,fe344a24-22e0-4cc6-9f99-c4acdbe3c429,2026-08-06T01:15:00Z,2026-08-06T03:15:00+0200,0.0,MW,NL,NL,forecast_solar_generation,Solar,2026-08-28T01:27:51Z
2026-08-28T01:22:45Z,2026-08-28T03:22:45+0200,fe344a24-22e0-4cc6-9f99-c4acdbe3c429,2026-08-06T01:30:00Z,2026-08-06T03:30:00+0200,0.0,MW,NL,NL,forecast_solar_generation,Solar,2026-08-28T01:27:51Z
2026-08-28T01:22:45Z,2026-08-28T03:22:45+0200,fe344a24-22e0-4cc6-9f99-c4acdbe3c429,2026-08-06T01:45:00Z,2026-08-06T03:45:00+0200,0.0,MW,NL,NL,forecast_solar_generation,Solar,2026-08-28T01:27:51Z
2026-08-28T01:22:45Z,2026-08-28T03:22:45+0200,fe344a24-22e0-4cc6-9f99-c4acdbe3c429,2026-08-06T02:00:00Z,2026-08-06T04:00:00+0200,0.0,MW,NL,NL,forecast_solar_generation,Solar,2026-08-28T01:27:51Z
2026-08-28T01:22:45Z,2026-08-28T03:22:45+0200,fe344a24-22e0-4cc6-9f99-c4acdbe3c429,2026-08-06T02:15:00Z,2026-08-06T04:15:00+0200,0.0,MW,NL,NL,forecast_solar_generation,Solar,2026-08-28T01:27:51Z
2026-08-28T01:22:45Z,2026-08-28T03:22:45+0200,fe344a24-22e0-4cc6-9f99-c4acdbe3c429,2026-08-06T02:30:00Z,2026-08-06T04:30:00+0200,0.0,MW,NL,NL,forecast_solar_generation,Solar,2026-08-28T01:27:51Z
2026-08-28T01:22:45Z,2026-08-28T03:22:45+0200,fe344a24-22e0-4cc6-9f99-c4acdbe3c429,2026-08-06T02:45:00Z,2026-08-06T04:45:00+0200,0.0,MW,NL,NL,forecast_solar_generation,Solar,2026-08-28T01:27:51Z
2026-08-28T01:22:45Z,2026-08-28T03:22:45+0200,fe344a24-22e0-4cc6-9f99-c4acdbe3c429,2026-08-06T03:00:00Z,2026-08-06T05:00:00+0200,0.0,MW,NL,NL,forecast_solar_generation,Solar,2026-08-28T01:27:51Z
2026-08-28T01:22:45Z,2026-08-28T03:22:45+0200,fe344a24-22e0-4cc6-9f99-c4acdbe3c429,2026-08-06T03:15:00Z,2026-08-06T05:15:00+0200,0.0,MW,NL,NL,forecast_solar_generation,Solar,2026-08-28T01:27:51Z
2026-08-28T01:22:45Z,2026-08-28T03:22:45+0200,fe344a24-22e0-4cc6-9f99-c4acdbe3c429,2026-08-06T03:30:00Z,2026-08-06T05:30:00+0200,0.0,MW,NL,NL,forecast_solar_generation,Solar,2026-08-28T01:27:51Z
2026-08-28T01:22:45Z,2026-08-28T03:22:45+0200,fe344a24-22e0-4cc6-9f99-c4acdbe3c429,2026-08-06T03:45:00Z,2026-08-06T05:45:00+0200,0.0,MW,NL,NL,forecast_solar_generation,Solar,2026-08-28T01:27:51Z
2026-08-28T01:22:45Z,2026-08-28T03:22:45+0200,fe344a24-22e0-4cc6-9f99-c4acdbe3c429,2026-08-06T04:00:00Z,2026-08-06T06:00:00+0200,0.0,MW,NL,NL,forecast_solar_generation,Solar,2026-08-28T01:27:51Z
2026-08-28T01:22:45Z,2026-08-28T03:22:45+0200,fe344a24-22e0-4cc6-9f99-c4acdbe3c429,2026-08-06T04:15:00Z,2026-08-06T06:15:00+0200,14.0,MW,NL,NL,forecast_solar_generation,Solar,2026-08-28T01:27:51Z
2026-08-28T01:22:45Z,2026-08-28T03:22:45+0200,fe344a24-22e0-4cc6-9f99-c4acdbe3c429,2026-08-06T04:30:00Z,2026-08-06T06:30:00+0200,25.0,MW,NL,NL,forecast_solar_generation,Solar,2026-08-28T01:27:51Z
2026-08-28T01:22:45Z,2026-08-28T03:22:45+0200,fe344a24-22e0-4cc6-9f99-c4acdbe3c429,2026-08-06T04:45:00Z,2026-08-06T06:45:00+0200,40.0,MW,NL,NL,forecast_solar_generation,Solar,2026-08-28T01:27:51Z
2026-08-28T01:22:45Z,2026-08-28T03:22:45+0200,fe344a24-22e0-4cc6-9f99-c4acdbe3c429,2026-08-06T05:00:00Z,2026-08-06T07:00:00+0200,54.0,MW,NL,NL,forecast_solar_generation,Solar,2026-08-28T01:27:51Z
2026-08-28T01:22:45Z,2026-08-28T03:22:45+0200,fe344a24-22e0-4cc6-9f99-c4acdbe3c429,2026-08-06T05:15:00Z,2026-08-06T07:15:00+0200,180.0,MW,NL,NL,forecast_solar_generation,Solar,2026-08-28T01:27:51Z
2026-08-28T01:22:45Z,2026-08-28T03:22:45+0200,fe344a24-22e0-4cc6-9f99-c4acdbe3c429,2026-08-06T05:30:00Z,2026-08-06T07:30:00+0200,313.0,MW,NL,NL,forecast_solar_generation,Solar,2026-08-28T01:27:51Z
2026-08-28T01:22:45Z,2026-08-28T03:22:45+0200,fe344a24-22e0-4cc6-9f99-c4acdbe3c429,2026-08-06T05:45:00Z,2026-08-06T07:45:00+0200,441.0,MW,NL,NL,forecast_solar_generation,Solar,2026-08-28T01:27:51Z
2026-08-28T01:22:45Z,2026-08-28T03:22:45+0200,fe344a24-22e0-4cc6-9f99-c4acdbe3c429,2026-08-06T06:00:00Z,2026-08-06T08:00:00+0200,569.0,MW,NL,NL,forecast_solar_generation,Solar,2026-08-28T01:27:51Z
2026-08-28T01:22:45Z,2026-08-28T03:22:45+0200,fe344a24-22e0-4cc6-9f99-c4acdbe3c429,2026-08-06T06:15:00Z,2026-08-06T08:15:00+0200,758.0,MW,NL,NL,forecast_solar_generation,Solar,2026-08-28T01:27:51Z
2026-08-28T01:22:45Z,2026-08-28T03:22:45+0200,fe344a24-22e0-4cc6-9f99-c4acdbe3c429,2026-08-06T06:30:00Z,2026-08-06T08:30:00+0200,946.0,MW,NL,NL,forecast_solar_generation,Solar,2026-08-28T01:27:51Z
2026-08-28T01:22:45Z,2026-08-28T03:22:45+0200,fe344a24-22e0-4cc6-9f99-c4acdbe3c429,2026-08-06T06:45:00Z,2026-08-06T08:45:00+0200,1137.0,MW,NL,NL,forecast_solar_generation,Solar,2026-08-28T01:27:51Z
2026-08-28T01:22:45Z,2026-08-28T03:22:45+0200,fe344a24-22e0-4cc6-9f99-c4acdbe3c429,2026-08-06T07:00:00Z,2026-08-06T09:00:00+0200,1322.0,MW,NL,NL,forecast_solar_generation,Solar,2026-08-28T01:27:51Z
2026-08-28T01:22:45Z,2026-08-28T03:22:45+0200,fe344a24-22e0-4cc6-9f99-c4acdbe3c429,2026-08-06T07:15:00Z,2026-08-06T09:15:00+0200,1562.0,MW,NL,NL,forecast_solar_generation,Solar,2026-08-28T01:27:51Z
2026-08-28T01:22:45Z,2026-08-28T03:22:45+0200,fe344a24-22e0-4cc6-9f99-c4acdbe3c429,2026-08-06T07:30:00Z,2026-08-06T09:30:00+0200,1801.0,MW,NL,NL,forecast_solar_generation,Solar,2026-08-28T01:27:51Z
2026-08-28T01:22:45Z,2026-08-28T03:22:45+0200,fe344a24-22e0-4cc6-9f99-c4acdbe3c429,2026-08-06T07:45:00Z,2026-08-06T09:45:00+0200,2040.0,MW,NL,NL,forecast_solar_generation,Solar,2026-08-28T01:27:51Z
2026-08-28T01:22:45Z,2026-08-28T03:22:45+0200,fe344a24-22e0-4cc6-9f99-c4acdbe3c429,2026-08-06T08:00:00Z,2026-08-06T10:00:00+0200,2277.0,MW,NL,NL,forecast_solar_generation,Solar,2026-08-28T01:27:51Z
2026-08-28T01:22:45Z,2026-08-28T03:22:45+0200,fe344a24-22e0-4cc6-9f99-c4acdbe3c429,2026-08-06T08:15:00Z,2026-08-06T10:15:00+0200,2494.0,MW,NL,NL,forecast_solar_generation,Solar,2026-08-28T01:27:51Z
2026-08-28T01:22:45Z,2026-08-28T03:22:45+0200,fe344a24-22e0-4cc6-9f99-c4acdbe3c429,2026-08-06T08:30:00Z,2026-08-06T10:30:00+0200,2711.0,MW,NL,NL,forecast_solar_generation,Solar,2026-08-28T01:27:51Z
2026-08-28T01:22:45Z,2026-08-28T03:22:45+0200,fe344a24-22e0-4cc6-9f99-c4acdbe3c429,2026-08-06T08:45:00Z,2026-08-06T10:45:00+0200,2932.0,MW,NL,NL,forecast_solar_generation,Solar,2026-08-28T01:27:51Z
2026-08-28T01:22:45Z,2026-08-28T03:22:45+0200,fe344a24-22e0-4cc6-9f99-c4acdbe3c429,2026-08-06T09:00:00Z,2026-08-06T11:00:00+0200,3148.0,MW,NL,NL,forecast_solar_generation,Solar,2026-08-28T01:27:51Z
2026-08-28T01:22:45Z,2026-08-28T03:22:45+0200,fe344a24-22e0-4cc6-9f99-c4acdbe3c429,2026-08-06T09:15:00Z,2026-08-06T11:15:00+0200,3279.0,MW,NL,NL,forecast_solar_generation,Solar,2026-08-28T01:27:51Z
2026-08-28T01:22:45Z,2026-08-28T03:22:45+0200,fe344a24-22e0-4cc6-9f99-c4acdbe3c429,2026-08-06T09:30:00Z,2026-08-06T11:30:00+0200,3407.0,MW,NL,NL,forecast_solar_generation,Solar,2026-08-28T01:27:51Z
2026-08-28T01:22:45Z,2026-08-28T03:22:45+0200,fe344a24-22e0-4cc6-9f99-c4acdbe3c429,2026-08-06T09:45:00Z,2026-08-06T11:45:00+0200,3537.0,MW,NL,NL,forecast_solar_generation,Solar,2026-08-28T01:27:51Z
2026-08-28T01:22:45Z,2026-08-28T03:22:45+0200,fe344a24-22e0-4cc6-9f99-c4acdbe3c429,2026-08-06T10:00:00Z,2026-08-06T12:00:00+0200,3668.0,MW,NL,NL,forecast_solar_generation,Solar,2026-08-28T01:27:51Z
2026-08-28T01:22:45Z,2026-08-28T03:22:45+0200,fe344a24-22e0-4cc6-9f99-c4acdbe3c429,2026-08-06T10:15:00Z,2026-08-06T12:15:00+0200,3779.0,MW,NL,NL,forecast_solar_generation,Solar,2026-08-28T01:27:51Z
2026-08-28T01:22:45Z,2026-08-28T03:22:45+0200,fe344a24-22e0-4cc6-9f99-c4acdbe3c429,2026-08-06T10:30:00Z,2026-08-06T12:30:00+0200,3890.0,MW,NL,NL,forecast_solar_generation,Solar,2026-08-28T01:27:51Z
2026-08-28T01:22:45Z,2026-08-28T03:22:45+0200,fe344a24-22e0-4cc6-9f99-c4acdbe3c429,2026-08-06T10:45:00Z,2026-08-06T12:45:00+0200,4002.0,MW,NL,NL,forecast_solar_generation,Solar,2026-08-28T01:27:51Z
2026-08-28T01:22:45Z,2026-08-28T03:22:45+0200,fe344a24-22e0-4cc6-9f99-c4acdbe3c429,2026-08-06T11:00:00Z,2026-08-06T13:00:00+0200,4113.0,MW,NL,NL,forecast_solar_generation,Solar,2026-08-28T01:27:51Z
2026-08-28T01:22:45Z,2026-08-28T03:22:45+0200,fe344a24-22e0-4cc6-9f99-c4acdbe3c429,2026-08-06T11:15:00Z,2026-08-06T13:15:00+0200,4162.0,MW,NL,NL,forecast_solar_generation,Solar,2026-08-28T01:27:51Z
2026-08-28T01:22:45Z,2026-08-28T03:22:45+0200,fe344a24-22e0-4cc6-9f99-c4acdbe3c429,2026-08-06T11:30:00Z,2026-08-06T13:30:00+0200,4210.0,MW,NL,NL,forecast_solar_generation,Solar,2026-08-28T01:27:51Z
2026-08-28T01:22:45Z,2026-08-28T03:22:45+0200,fe344a24-22e0-4cc6-9f99-c4acdbe3c429,2026-08-06T11:45:00Z,2026-08-06T13:45:00+0200,4260.0,MW,NL,NL,forecast_solar_generation,Solar,2026-08-28T01:27:51Z
2026-08-28T01:22:45Z,2026-08-28T03:22:45+0200,fe344a24-22e0-4cc6-9f99-c4acdbe3c429,2026-08-06T12:00:00Z,2026-08-06T14:00:00+0200,4308.0,MW,NL,NL,forecast_solar_generation,Solar,2026-08-28T01:27:51Z
2026-08-28T01:22:45Z,2026-08-28T03:22:45+0200,fe344a24-22e0-4cc6-9f99-c4acdbe3c429,2026-08-06T12:15:00Z,2026-08-06T14:15:00+0200,4291.0,MW,NL,NL,forecast_solar_generation,Solar,2026-08-28T01:27:51Z
2026-08-28T01:22:45Z,2026-08-28T03:22:45+0200,fe344a24-22e0-4cc6-9f99-c4acdbe3c429,2026-08-06T12:30:00Z,2026-08-06T14:30:00+0200,4272.0,MW,NL,NL,forecast_solar_generation,Solar,2026-08-28T01:27:51Z
2026-08-28T01:22:45Z,2026-08-28T03:22:45+0200,fe344a24-22e0-4cc6-9f99-c4acdbe3c429,2026-08-06T12:45:00Z,2026-08-06T14:45:00+0200,4254.0,MW,NL,NL,forecast_solar_generation,Solar,2026-08-28T01:27:51Z
2026-08-28T01:22:45Z,2026-08-28T03:22:45+0200,fe344a24-22e0-4cc6-9f99-c4acdbe3c429,2026-08-06T13:00:00Z,2026-08-06T15:00:00+0200,4237.0,MW,NL,NL,forecast_solar_generation,Solar,2026-08-28T01:27:51Z
2026-08-28T01:22:45Z,2026-08-28T03:22:45+0200,fe344a24-22e0-4cc6-9f99-c4acdbe3c429,2026-08-06T13:15:00Z,2026-08-06T15:15:00+0200,4153.0,MW,NL,NL,forecast_solar_generation,Solar,2026-08-28T01:27:51Z
2026-08-28T01:22:45Z,2026-08-28T03:22:45+0200,fe344a24-22e0-4cc6-9f99-c4acdbe3c429,2026-08-06T13:30:00Z,2026-08-06T15:30:00+0200,4070.0,MW,NL,NL,forecast_solar_generation,Solar,2026-08-28T01:27:51Z
2026-08-28T01:22:45Z,2026-08-28T03:22:45+0200,fe344a24-22e0-4cc6-9f99-c4acdbe3c429,2026-08-06T13:45:00Z,2026-08-06T15:45:00+0200,3986.0,MW,NL,NL,forecast_solar_generation,Solar,2026-08-28T01:27:51Z
2026-08-28T01:22:45Z,2026-08-28T03:22:45+0200,fe344a24-22e0-4cc6-9f99-c4acdbe3c429,2026-08-06T14:00:00Z,2026-08-06T16:00:00+0200,3904.0,MW,NL,NL,forecast_solar_generation,Solar,2026-08-28T01:27:51Z
2026-08-28T01:22:45Z,2026-08-28T03:22:45+0200,fe344a24-22e0-4cc6-9f99-c4acdbe3c429,2026-08-06T14:15:00Z,2026-08-06T16:15:00+0200,3760.0,MW,NL,NL,forecast_solar_generation,Solar,2026-08-28T01:27:51Z
2026-08-28T01:22:45Z,2026-08-28T03:22:45+0200,fe344a24-22e0-4cc6-9f99-c4acdbe3c429,2026-08-06T14:30:00Z,2026-08-06T16:30:00+0200,3618.0,MW,NL,NL,forecast_solar_generation,Solar,2026-08-28T01:27:51Z
2026-08-28T01:22:45Z,2026-08-28T03:22:45+0200,fe344a24-22e0-4cc6-9f99-c4acdbe3c429,2026-08-06T14:45:00Z,2026-08-06T16:45:00+0200,3474.0,MW,NL,NL,forecast_solar_generation,Solar,2026-08-28T01:27:51Z
2026-08-28T01:22:45Z,2026-08-28T03:22:45+0200,fe344a24-22e0-4cc6-9f99-c4acdbe3c429,2026-08-06T15:00:00Z,2026-08-06T17:00:00+0200,3333.0,MW,NL,NL,forecast_solar_generation,Solar,2026-08-28T01:27:51Z
2026-08-28T01:22:45Z,2026-08-28T03:22:45+0200,fe344a24-22e0-4cc6-9f99-c4acdbe3c429,2026-08-06T15:15:00Z,2026-08-06T17:15:00+0200,3130.0,MW,NL,NL,forecast_solar_generation,Solar,2026-08-28T01:27:51Z
2026-08-28T01:22:45Z,2026-08-28T03:22:45+0200,fe344a24-22e0-4cc6-9f99-c4acdbe3c429,2026-08-06T15:30:00Z,2026-08-06T17:30:00+0200,2929.0,MW,NL,NL,forecast_solar_generation,Solar,2026-08-28T01:27:51Z
2026-08-28T01:22:45Z,2026-08-28T03:22:45+0200,fe344a24-22e0-4cc6-9f99-c4acdbe3c429,2026-08-06T15:45:00Z,2026-08-06T17:45:00+0200,2729.0,MW,NL,NL,forecast_solar_generation,Solar,2026-08-28T01:27:51Z
2026-08-28T01:22:45Z,2026-08-28T03:22:45+0200,fe344a24-22e0-4cc6-9f99-c4acdbe3c429,2026-08-06T16:00:00Z,2026-08-06T18:00:00+0200,2528.0,MW,NL,NL,forecast_solar_generation,Solar,2026-08-28T01:27:51Z
2026-08-28T01:22:45Z,2026-08-28T03:22:45+0200,fe344a24-22e0-4cc6-9f99-c4acdbe3c429,2026-08-06T16:15:00Z,2026-08-06T18:15:00+0200,2311.0,MW,NL,NL,forecast_solar_generation,Solar,2026-08-28T01:27:51Z
2026-08-28T01:22:45Z,2026-08-28T03:22:45+0200,fe344a24-22e0-4cc6-9f99-c4acdbe3c429,2026-08-06T16:30:00Z,2026-08-06T18:30:00+0200,2092.0,MW,NL,NL,forecast_solar_generation,Solar,2026-08-28T01:27:51Z
2026-08-28T01:22:45Z,2026-08-28T03:22:45+0200,fe344a24-22e0-4cc6-9f99-c4acdbe3c429,2026-08-06T16:45:00Z,2026-08-06T18:45:00+0200,1877.0,MW,NL,NL,forecast_solar_generation,Solar,2026-08-28T01:27:51Z
2026-08-28T01:22:45Z,2026-08-28T03:22:45+0200,fe344a24-22e0-4cc6-9f99-c4acdbe3c429,2026-08-06T17:00:00Z,2026-08-06T19:00:00+0200,1659.0,MW,NL,NL,forecast_solar_generation,Solar,2026-08-28T01:27:51Z
2026-08-28T01:22:45Z,2026-08-28T03:22:45+0200,fe344a24-22e0-4cc6-9f99-c4acdbe3c429,2026-08-06T17:15:00Z,2026-08-06T19:15:00+0200,1456.0,MW,NL,NL,forecast_solar_generation,Solar,2026-08-28T01:27:51Z
2026-08-28T01:22:45Z,2026-08-28T03:22:45+0200,fe344a24-22e0-4cc6-9f99-c4acdbe3c429,2026-08-06T17:30:00Z,2026-08-06T19:30:00+0200,1254.0,MW,NL,NL,forecast_solar_generation,Solar,2026-08-28T01:27:51Z
2026-08-28T01:22:45Z,2026-08-28T03:22:45+0200,fe344a24-22e0-4cc6-9f99-c4acdbe3c429,2026-08-06T17:45:00Z,2026-08-06T19:45:00+0200,1052.0,MW,NL,NL,forecast_solar_generation,Solar,2026-08-28T01:27:51Z
2026-08-28T01:22:45Z,2026-08-28T03:22:45+0200,fe344a24-22e0-4cc6-9f99-c4acdbe3c429,2026-08-06T18:00:00Z,2026-08-06T20:00:00+0200,850.0,MW,NL,NL,forecast_solar_generation,Solar,2026-08-28T01:27:51Z
2026-08-28T01:22:45Z,2026-08-28T03:22:45+0200,fe344a24-22e0-4cc6-9f99-c4acdbe3c429,2026-08-06T18:15:00Z,2026-08-06T20:15:00+0200,698.0,MW,NL,NL,forecast_solar_generation,Solar,2026-08-28T01:27:51Z
2026-08-28T01:22:45Z,2026-08-28T03:22:45+0200,fe344a24-22e0-4cc6-9f99-c4acdbe3c429,2026-08-06T18:30:00Z,2026-08-06T20:30:00+0200,548.0,MW,NL,NL,forecast_solar_generation,Solar,2026-08-28T01:27:51Z
2026-08-28T01:22:45Z,2026-08-28T03:22:45+0200,fe344a24-22e0-4cc6-9f99-c4acdbe3c429,2026-08-06T18:45:00Z,2026-08-06T20:45:00+0200,393.0,MW,NL,NL,forecast_solar_generation,Solar,2026-08-28T01:27:51Z
2026-08-28T01:22:45Z,2026-08-28T03:22:45+0200,fe344a24-22e0-4cc6-9f99-c4acdbe3c429,2026-08-06T19:00:00Z,2026-08-06T21:00:00+0200,242.0,MW,NL,NL,forecast_solar_generation,Solar,2026-08-28T01:27:51Z
2026-08-28T01:22:45Z,2026-08-28T03:22:45+0200,fe344a24-22e0-4cc6-9f99-c4acdbe3c429,2026-08-06T19:15:00Z,2026-08-06T21:15:00+0200,182.0,MW,NL,NL,forecast_solar_generation,Solar,2026-08-28T01:27:51Z
2026-08-28T01:22:45Z,2026-08-28T03:22:45+0200,fe344a24-22e0-4cc6-9f99-c4acdbe3c429,2026-08-06T19:30:00Z,2026-08-06T21:30:00+0200,125.0,MW,NL,NL,forecast_solar_generation,Solar,2026-08-28T01:27:51Z
2026-08-28T01:22:45Z,2026-08-28T03:22:45+0200,fe344a24-22e0-4cc6-9f99-c4acdbe3c429,2026-08-06T19:45:00Z,2026-08-06T21:45:00+0200,62.0,MW,NL,NL,forecast_solar_generation,Solar,2026-08-28T01:27:51Z
2026-08-28T01:22:45Z,2026-08-28T03:22:45+0200,fe344a24-22e0-4cc6-9f99-c4acdbe3c429,2026-08-06T20:00:00Z,2026-08-06T22:00:00+0200,1.0,MW,NL,NL,forecast_solar_generation,Solar,2026-08-28T01:27:51Z
2026-08-28T01:22:45Z,2026-08-28T03:22:45+0200,fe344a24-22e0-4cc6-9f99-c4acdbe3c429,2026-08-06T20:15:00Z,2026-08-06T22:15:00+0200,1.0,MW,NL,NL,forecast_solar_generation,Solar,2026-08-28T01:27:51Z
2026-08-28T01:22:45Z,2026-08-28T03:22:45+0200,fe344a24-22e0-4cc6-9f99-c4acdbe3c429,2026-08-06T20:30:00Z,2026-08-06T22:30:00+0200,0.0,MW,NL,NL,forecast_solar_generation,Solar,2026-08-28T01:27:51Z
2026-08-28T01:22:45Z,2026-08-28T03:22:45+0200,fe344a24-22e0-4cc6-9f99-c4acdbe3c429,2026-08-06T20:45:00Z,2026-08-06T22:45:00+0200,0.0,MW,NL,NL,forecast_solar_generation,Solar,2026-08-28T01:27:51Z
2026-08-28T01:22:45Z,2026-08-28T03:22:45+0200,fe344a24-22e0-4cc6-9f99-c4acdbe3c429,2026-08-06T21:00:00Z,2026-08-06T23:00:00+0200,0.0,MW,NL,NL,forecast_solar_generation,Solar,2026-08-28T01:27:51Z
2026-08-28T01:22:45Z,2026-08-28T03:22:45+0200,fe344a24-22e0-4cc6-9f99-c4acdbe3c429,2026-08-06T21:15:00Z,2026-08-06T23:15:00+0200,0.0,MW,NL,NL,forecast_solar_generation,Solar,2026-08-28T01:27:51Z
2026-08-28T01:22:45Z,2026-08-28T03:22:45+0200,fe344a24-22e0-4cc6-9f99-c4acdbe3c429,2026-08-06T21:30:00Z,2026-08-06T23:30:00+0200,0.0,MW,NL,NL,forecast_solar_generation,Solar,2026-08-28T01:27:51Z
2026-08-28T01:22:45Z,2026-08-28T03:22:45+0200,fe344a24-22e0-4cc6-9f99-c4acdbe3c429,2026-08-06T21:45:00Z,2026-08-06T23:45:00+0200,0.0,MW,NL,NL,forecast_solar_generation,Solar,2026-08-28T01:27:51Z
2026-08-28T01:22:45Z,2026-08-28T03:22:45+0200,fe344a24-22e0-4cc6-9f99-c4acdbe3c429,2026-08-06T22:00:00Z,2026-08-07T00:00:00+0200,0.0,MW,NL,NL,forecast_solar_generation,Solar,2026-08-28T01:27:51Z
2026-08-28T01:22:45Z,2026-08-28T03:22:45+0200,fe344a24-22e0-4cc6-9f99-c4acdbe3c429,2026-08-06T22:15:00Z,2026-08-07T00:15:00+0200,0.0,MW,NL,NL,forecast_solar_generation,Solar,2026-08-28T01:27:51Z
2026-08-28T01:22:45Z,2026-08-28T03:22:45+0200,fe344a24-22e0-4cc6-9f99-c4acdbe3c429,2026-08-06T22:30:00Z,2026-08-07T00:30:00+0200,0.0,MW,NL,NL,forecast_solar_generation,Solar,2026-08-28T01:27:51Z
2026-08-28T01:22:45Z,2026-08-28T03:22:45+0200,fe344a24-22e0-4cc6-9f99-c4acdbe3c429,2026-08-06T22:45:00Z,2026-08-07T00:45:00+0200,0.0,MW,NL,NL,forecast_solar_generation,Solar,2026-08-28T01:27:51Z
2026-08-28T01:22:45Z,2026-08-28T03:22:45+0200,fe344a24-22e0-4cc6-9f99-c4acdbe3c429,2026-08-06T23:00:00Z,2026-08-07T01:00:00+0200,0.0,MW,NL,NL,forecast_solar_generation,Solar,2026-08-28T01:27:51Z
2026-08-28T01:22:45Z,2026-08-28T03:22:45+0200,fe344a24-22e0-4cc6-9f99-c4acdbe3c429,2026-08-06T23:15:00Z,2026-08-07T01:15:00+0200,0.0,MW,NL,NL,forecast_solar_generation,Solar,2026-08-28T01:27:51Z
2026-08-28T01:22:45Z,2026-08-28T03:22:45+0200,fe344a24-22e0-4cc6-9f99-c4acdbe3c429,2026-08-06T23:30:00Z,2026-08-07T01:30:00+0200,0.0,MW,NL,NL,forecast_solar_generation,Solar,2026-08-28T01:27:51Z
2026-08-28T01:22:45Z,2026-08-28T03:22:45+0200,fe344a24-22e0-4cc6-9f99-c4acdbe3c429,2026-08-06T23:45:00Z,2026-08-07T01:45:00+0200,0.0,MW,NL,NL,forecast_solar_generation,Solar,2026-08-28T01:27:51Z
2026-08-28T01:22:45Z,2026-08-28T03:22:45+0200,fe344a24-22e0-4cc6-9f99-c4acdbe3c429,2026-08-07T00:00:00Z,2026-08-07T02:00:00+0200,0.0,MW,NL,NL,forecast_solar_generation,Solar,2026-08-28T01:27:51Z
2026-08-28T01:22:45Z,2026-08-28T03:22:45+0200,fe344a24-22e0-4cc6-9f99-c4acdbe3c429,2026-08-07T00:15:00Z,2026-08-07T02:15:00+0200,0.0,MW,NL,NL,forecast_solar_generation,Solar,2026-08-28T01:27:51Z
2026-08-28T01:22:45Z,2026-08-28T03:22:45+0200,fe344a24-22e0-4cc6-9f99-c4acdbe3c429,2026-08-07T00:30:00Z,2026-08-07T02:30:00+0200,0.0,MW,NL,NL,forecast_solar_generation,Solar,2026-08-28T01:27:51Z
2026-08-28T01:22:45Z,2026-08-28T03:22:45+0200,fe344a24-22e0-4cc6-9f99-c4acdbe3c429,2026-08-07T00:45:00Z,2026-08-07T02:45:00+0200,0.0,MW,NL,NL,forecast_solar_generation,Solar,2026-08-28T01:27:51Z
2026-08-28T01:22:45Z,2026-08-28T03:22:45+0200,fe344a24-22e0-4cc6-9f99-c4acdbe3c429,2026-08-07T01:00:00Z,2026-08-07T03:00:00+0200,0.0,MW,NL,NL,forecast_solar_generation,Solar,2026-08-28T01:27:51Z
2026-08-28T01:22:45Z,2026-08-28T03:22:45+0200,fe344a24-22e0-4cc6-9f99-c4acdbe3c429,2026-08-07T01:15:00Z,2026-08-07T03:15:00+0200,0.0,MW,NL,NL,forecast_solar_generation,Solar,2026-08-28T01:27:51Z
2026-08-28T01:22:45Z,2026-08-28T03:22:45+0200,fe344a24-22e0-4cc6-9f99-c4acdbe3c429,2026-08-07T01:30:00Z,2026-08-07T03:30:00+0200,0.0,MW,NL,NL,forecast_solar_generation,Solar,2026-08-28T01:27:51Z
2026-08-28T01:22:45Z,2026-08-28T03:22:45+0200,fe344a24-22e0-4cc6-9f99-c4acdbe3c429,2026-08-07T01:45:00Z,2026-08-07T03:45:00+0200,0.0,MW,NL,NL,forecast_solar_generation,Solar,2026-08-28T01:27:51Z
2026-08-28T01:22:45Z,2026-08-28T03:22:45+0200,fe344a24-22e0-4cc6-9f99-c4acdbe3c429,2026-08-07T02:00:00Z,2026-08-07T04:00:00+0200,0.0,MW,NL,NL,forecast_solar_generation,Solar,2026-08-28T01:27:51Z
2026-08-28T01:22:45Z,2026-08-28T03:22:45+0200,fe344a24-22e0-4cc6-9f99-c4acdbe3c429,2026-08-07T02:15:00Z,2026-08-07T04:15:00+0200,0.0,MW,NL,NL,forecast_solar_generation,Solar,2026-08-28T01:27:51Z
2026-08-28T01:22:45Z,2026-08-28T03:22:45+0200,fe344a24-22e0-4cc6-9f99-c4acdbe3c429,2026-08-07T02:30:00Z,2026-08-07T04:30:00+0200,0.0,MW,NL,NL,forecast_solar_generation,Solar,2026-08-28T01:27:51Z
2026-08-28T01:22:45Z,2026-08-28T03:22:45+0200,fe344a24-22e0-4cc6-9f99-c4acdbe3c429,2026-08-07T02:45:00Z,2026-08-07T04:45:00+0200,0.0,MW,NL,NL,forecast_solar_generation,Solar,2026-08-28T01:27:51Z
2026-08-28T01:22:45Z,2026-08-28T03:22:45+0200,fe344a24-22e0-4cc6-9f99-c4acdbe3c429,2026-08-07T03:00:00Z,2026-08-07T05:00:00+0200,0.0,MW,NL,NL,forecast_solar_generation,Solar,2026-08-28T01:27:51Z
2026-08-28T01:22:45Z,2026-08-28T03:22:45+0200,fe344a24-22e0-4cc6-9f99-c4acdbe3c429,2026-08-07T03:15:00Z,2026-08-07T05:15:00+0200,0.0,MW,NL,NL,forecast_solar_generation,Solar,2026-08-28T01:27:51Z
2026-08-28T01:22:45Z,2026-08-28T03:22:45+0200,fe344a24-22e0-4cc6-9f99-c4acdbe3c429,2026-08-07T03:30:00Z,2026-08-07T05:30:00+0200,0.0,MW,NL,NL,forecast_solar_generation,Solar,2026-08-28T01:27:51Z
2026-08-28T01:22:45Z,2026-08-28T03:22:45+0200,fe344a24-22e0-4cc6-9f99-c4acdbe3c429,2026-08-07T03:45:00Z,2026-08-07T05:45:00+0200,0.0,MW,NL,NL,forecast_solar_generation,Solar,2026-08-28T01:27:51Z
2026-08-28T01:22:45Z,2026-08-28T03:22:45+0200,fe344a24-22e0-4cc6-9f99-c4acdbe3c429,2026-08-07T04:00:00Z,2026-08-07T06:00:00+0200,0.0,MW,NL,NL,forecast_solar_generation,Solar,2026-08-28T01:27:51Z
2026-08-28T01:22:45Z,2026-08-28T03:22:45+0200,fe344a24-22e0-4cc6-9f99-c4acdbe3c429,2026-08-07T04:15:00Z,2026-08-07T06:15:00+0200,12.0,MW,NL,NL,forecast_solar_generation,Solar,2026-08-28T01:27:51Z
2026-08-28T01:22:45Z,2026-08-28T03:22:45+0200,fe344a24-22e0-4cc6-9f99-c4acdbe3c429,2026-08-07T04:30:00Z,2026-08-07T06:30:00+0200,23.0,MW,NL,NL,forecast_solar_generation,Solar,2026-08-28T01:27:51Z
2026-08-28T01:22:45Z,2026-08-28T03:22:45+0200,fe344a24-22e0-4cc6-9f99-c4acdbe3c429,2026-08-07T04:45:00Z,2026-08-07T06:45:00+0200,34.0,MW,NL,NL,forecast_solar_generation,Solar,2026-08-28T01:27:51Z
2026-08-28T01:22:45Z,2026-08-28T03:22:45+0200,fe344a24-22e0-4cc6-9f99-c4acdbe3c429,2026-08-07T05:00:00Z,2026-08-07T07:00:00+0200,44.0,MW,NL,NL,forecast_solar_generation,Solar,2026-08-28T01:27:51Z
2026-08-28T01:22:45Z,2026-08-28T03:22:45+0200,fe344a24-22e0-4cc6-9f99-c4acdbe3c429,2026-08-07T05:15:00Z,2026-08-07T07:15:00+0200,165.0,MW,NL,NL,forecast_solar_generation,Solar,2026-08-28T01:27:51Z
2026-08-28T01:22:45Z,2026-08-28T03:22:45+0200,fe344a24-22e0-4cc6-9f99-c4acdbe3c429,2026-08-07T05:30:00Z,2026-08-07T07:30:00+0200,287.0,MW,NL,NL,forecast_solar_generation,Solar,2026-08-28T01:27:51Z
2026-08-28T01:22:45Z,2026-08-28T03:22:45+0200,fe344a24-22e0-4cc6-9f99-c4acdbe3c429,2026-08-07T05:45:00Z,2026-08-07T07:45:00+0200,408.0,MW,NL,NL,forecast_solar_generation,Solar,2026-08-28T01:27:51Z
2026-08-28T01:22:45Z,2026-08-28T03:22:45+0200,fe344a24-22e0-4cc6-9f99-c4acdbe3c429,2026-08-07T06:00:00Z,2026-08-07T08:00:00+0200,529.0,MW,NL,NL,forecast_solar_generation,Solar,2026-08-28T01:27:51Z
2026-08-28T01:22:45Z,2026-08-28T03:22:45+0200,fe344a24-22e0-4cc6-9f99-c4acdbe3c429,2026-08-07T06:15:00Z,2026-08-07T08:15:00+0200,712.0,MW,NL,NL,forecast_solar_generation,Solar,2026-08-28T01:27:51Z
2026-08-28T01:22:45Z,2026-08-28T03:22:45+0200,fe344a24-22e0-4cc6-9f99-c4acdbe3c429,2026-08-07T06:30:00Z,2026-08-07T08:30:00+0200,892.0,MW,NL,NL,forecast_solar_generation,Solar,2026-08-28T01:27:51Z
2026-08-28T01:22:45Z,2026-08-28T03:22:45+0200,fe344a24-22e0-4cc6-9f99-c4acdbe3c429,2026-08-07T06:45:00Z,2026-08-07T08:45:00+0200,1076.0,MW,NL,NL,forecast_solar_generation,Solar,2026-08-28T01:27:51Z
2026-08-28T01:22:45Z,2026-08-28T03:22:45+0200,fe344a24-22e0-4cc6-9f99-c4acdbe3c429,2026-08-07T07:00:00Z,2026-08-07T09:00:00+0200,1259.0,MW,NL,NL,forecast_solar_generation,Solar,2026-08-28T01:27:51Z
2026-08-28T01:22:45Z,2026-08-28T03:22:45+0200,fe344a24-22e0-4cc6-9f99-c4acdbe3c429,2026-08-07T07:15:00Z,2026-08-07T09:15:00+0200,1486.0,MW,NL,NL,forecast_solar_generation,Solar,2026-08-28T01:27:51Z
2026-08-28T01:22:45Z,2026-08-28T03:22:45+0200,fe344a24-22e0-4cc6-9f99-c4acdbe3c429,2026-08-07T07:30:00Z,2026-08-07T09:30:00+0200,1714.0,MW,NL,NL,forecast_solar_generation,Solar,2026-08-28T01:27:51Z
2026-08-28T01:22:45Z,2026-08-28T03:22:45+0200,fe344a24-22e0-4cc6-9f99-c4acdbe3c429,2026-08-07T07:45:00Z,2026-08-07T09:45:00+0200,1940.0,MW,NL,NL,forecast_solar_generation,Solar,2026-08-28T01:27:51Z
2026-08-28T01:22:45Z,2026-08-28T03:22:45+0200,fe344a24-22e0-4cc6-9f99-c4acdbe3c429,2026-08-07T08:00:00Z,2026-08-07T10:00:00+0200,2166.0,MW,NL,NL,forecast_solar_generation,Solar,2026-08-28T01:27:51Z
2026-08-28T01:22:45Z,2026-08-28T03:22:45+0200,fe344a24-22e0-4cc6-9f99-c4acdbe3c429,2026-08-07T08:15:00Z,2026-08-07T10:15:00+0200,2373.0,MW,NL,NL,forecast_solar_generation,Solar,2026-08-28T01:27:51Z
2026-08-28T01:22:45Z,2026-08-28T03:22:45+0200,fe344a24-22e0-4cc6-9f99-c4acdbe3c429,2026-08-07T08:30:00Z,2026-08-07T10:30:00+0200,2581.0,MW,NL,NL,forecast_solar_generation,Solar,2026-08-28T01:27:51Z
2026-08-28T01:22:45Z,2026-08-28T03:22:45+0200,fe344a24-22e0-4cc6-9f99-c4acdbe3c429,2026-08-07T08:45:00Z,2026-08-07T10:45:00+0200,2789.0,MW,NL,NL,forecast_solar_generation,Solar,2026-08-28T01:27:51Z
2026-08-28T01:22:45Z,2026-08-28T03:22:45+0200,fe344a24-22e0-4cc6-9f99-c4acdbe3c429,2026-08-07T09:00:00Z,2026-08-07T11:00:00+0200,2995.0,MW,NL,NL,forecast_solar_generation,Solar,2026-08-28T01:27:51Z
2026-08-28T01:22:45Z,2026-08-28T03:22:45+0200,fe344a24-22e0-4cc6-9f99-c4acdbe3c429,2026-08-07T09:15:00Z,2026-08-07T11:15:00+0200,2998.0,MW,NL,NL,forecast_solar_generation,Solar,2026-08-28T01:27:51Z
2026-08-28T01:22:45Z,2026-08-28T03:22:45+0200,fe344a24-22e0-4cc6-9f99-c4acdbe3c429,2026-08-07T09:30:00Z,2026-08-07T11:30:00+0200,2999.0,MW,NL,NL,forecast_solar_generation,Solar,2026-08-28T01:27:51Z
2026-08-28T01:22:45Z,2026-08-28T03:22:45+0200,fe344a24-22e0-4cc6-9f99-c4acdbe3c429,2026-08-07T09:45:00Z,2026-08-07T11:45:00+0200,3002.0,MW,NL,NL,forecast_solar_generation,Solar,2026-08-28T01:27:51Z
2026-08-28T01:22:45Z,2026-08-28T03:22:45+0200,fe344a24-22e0-4cc6-9f99-c4acdbe3c429,2026-08-07T10:00:00Z,2026-08-07T12:00:00+0200,3004.0,MW,NL,NL,forecast_solar_generation,Solar,2026-08-28T01:27:51Z
2026-08-28T01:22:45Z,2026-08-28T03:22:45+0200,fe344a24-22e0-4cc6-9f99-c4acdbe3c429,2026-08-07T10:15:00Z,2026-08-07T12:15:00+0200,3099.0,MW,NL,NL,forecast_solar_generation,Solar,2026-08-28T01:27:51Z
2026-08-28T01:22:45Z,2026-08-28T03:22:45+0200,fe344a24-22e0-4cc6-9f99-c4acdbe3c429,2026-08-07T10:30:00Z,2026-08-07T12:30:00+0200,3194.0,MW,NL,NL,forecast_solar_generation,Solar,2026-08-28T01:27:51Z
2026-08-28T01:22:45Z,2026-08-28T03:22:45+0200,fe344a24-22e0-4cc6-9f99-c4acdbe3c429,2026-08-07T10:45:00Z,2026-08-07T12:45:00+0200,3286.0,MW,NL,NL,forecast_solar_generation,Solar,2026-08-28T01:27:51Z
2026-08-28T01:22:45Z,2026-08-28T03:22:45+0200,fe344a24-22e0-4cc6-9f99-c4acdbe3c429,2026-08-07T11:00:00Z,2026-08-07T13:00:00+0200,3380.0,MW,NL,NL,forecast_solar_generation,Solar,2026-08-28T01:27:51Z
2026-08-28T01:22:45Z,2026-08-28T03:22:45+0200,fe344a24-22e0-4cc6-9f99-c4acdbe3c429,2026-08-07T11:15:00Z,2026-08-07T13:15:00+0200,3422.0,MW,NL,NL,forecast_solar_generation,Solar,2026-08-28T01:27:51Z
2026-08-28T01:22:45Z,2026-08-28T03:22:45+0200,fe344a24-22e0-4cc6-9f99-c4acdbe3c429,2026-08-07T11:30:00Z,2026-08-07T13:30:00+0200,3463.0,MW,NL,NL,forecast_solar_generation,Solar,2026-08-28T01:27:51Z
2026-08-28T01:22:45Z,2026-08-28T03:22:45+0200,fe344a24-22e0-4cc6-9f99-c4acdbe3c429,2026-08-07T11:45:00Z,2026-08-07T13:45:00+0200,3504.0,MW,NL,NL,forecast_solar_generation,Solar,2026-08-28T01:27:51Z
2026-08-28T01:22:45Z,2026-08-28T03:22:45+0200,fe344a24-22e0-4cc6-9f99-c4acdbe3c429,2026-08-07T12:00:00Z,2026-08-07T14:00:00+0200,3546.0,MW,NL,NL,forecast_solar_generation,Solar,2026-08-28T01:27:51Z
2026-08-28T01:22:45Z,2026-08-28T03:22:45+0200,fe344a24-22e0-4cc6-9f99-c4acdbe3c429,2026-08-07T12:15:00Z,2026-08-07T14:15:00+0200,3509.0,MW,NL,NL,forecast_solar_generation,Solar,2026-08-28T01:27:51Z
2026-08-28T01:22:45Z,2026-08-28T03:22:45+0200,fe344a24-22e0-4cc6-9f99-c4acdbe3c429,2026-08-07T12:30:00Z,2026-08-07T14:30:00+0200,3473.0,MW,NL,NL,forecast_solar_generation,Solar,2026-08-28T01:27:51Z
2026-08-28T01:22:45Z,2026-08-28T03:22:45+0200,fe344a24-22e0-4cc6-9f99-c4acdbe3c429,2026-08-07T12:45:00Z,2026-08-07T14:45:00+0200,3436.0,MW,NL,NL,forecast_solar_generation,Solar,2026-08-28T01:27:51Z
2026-08-28T01:22:45Z,2026-08-28T03:22:45+0200,fe344a24-22e0-4cc6-9f99-c4acdbe3c429,2026-08-07T13:00:00Z,2026-08-07T15:00:00+0200,3400.0,MW,NL,NL,forecast_solar_generation,Solar,2026-08-28T01:27:51Z
2026-08-28T01:22:45Z,2026-08-28T03:22:45+0200,fe344a24-22e0-4cc6-9f99-c4acdbe3c429,2026-08-07T13:15:00Z,2026-08-07T15:15:00+0200,3334.0,MW,NL,NL,forecast_solar_generation,Solar,2026-08-28T01:27:51Z
2026-08-28T01:22:45Z,2026-08-28T03:22:45+0200,fe344a24-22e0-4cc6-9f99-c4acdbe3c429,2026-08-07T13:30:00Z,2026-08-07T15:30:00+0200,3264.0,MW,NL,NL,forecast_solar_generation,Solar,2026-08-28T01:27:51Z
2026-08-28T01:22:45Z,2026-08-28T03:22:45+0200,fe344a24-22e0-4cc6-9f99-c4acdbe3c429,2026-08-07T13:45:00Z,2026-08-07T15:45:00+0200,3195.0,MW,NL,NL,forecast_solar_generation,Solar,2026-08-28T01:27:51Z
2026-08-28T01:22:45Z,2026-08-28T03:22:45+0200,fe344a24-22e0-4cc6-9f99-c4acdbe3c429,2026-08-07T14:00:00Z,2026-08-07T16:00:00+0200,3129.0,MW,NL,NL,forecast_solar_generation,Solar,2026-08-28T01:27:51Z
2026-08-28T01:22:45Z,2026-08-28T03:22:45+0200,fe344a24-22e0-4cc6-9f99-c4acdbe3c429,2026-08-07T14:15:00Z,2026-08-07T16:15:00+0200,3012.0,MW,NL,NL,forecast_solar_generation,Solar,2026-08-28T01:27:51Z
2026-08-28T01:22:45Z,2026-08-28T03:22:45+0200,fe344a24-22e0-4cc6-9f99-c4acdbe3c429,2026-08-07T14:30:00Z,2026-08-07T16:30:00+0200,2894.0,MW,NL,NL,forecast_solar_generation,Solar,2026-08-28T01:27:51Z
2026-08-28T01:22:45Z,2026-08-28T03:22:45+0200,fe344a24-22e0-4cc6-9f99-c4acdbe3c429,2026-08-07T14:45:00Z,2026-08-07T16:45:00+0200,2781.0,MW,NL,NL,forecast_solar_generation,Solar,2026-08-28T01:27:51Z
2026-08-28T01:22:45Z,2026-08-28T03:22:45+0200,fe344a24-22e0-4cc6-9f99-c4acdbe3c429,2026-08-07T15:00:00Z,2026-08-07T17:00:00+0200,2664.0,MW,NL,NL,forecast_solar_generation,Solar,2026-08-28T01:27:51Z
2026-08-28T01:22:45Z,2026-08-28T03:22:45+0200,fe344a24-22e0-4cc6-9f99-c4acdbe3c429,2026-08-07T15:15:00Z,2026-08-07T17:15:00+0200,2618.0,MW,NL,NL,forecast_solar_generation,Solar,2026-08-28T01:27:51Z
2026-08-28T01:22:45Z,2026-08-28T03:22:45+0200,fe344a24-22e0-4cc6-9f99-c4acdbe3c429,2026-08-07T15:30:00Z,2026-08-07T17:30:00+0200,2572.0,MW,NL,NL,forecast_solar_generation,Solar,2026-08-28T01:27:51Z
2026-08-28T01:22:45Z,2026-08-28T03:22:45+0200,fe344a24-22e0-4cc6-9f99-c4acdbe3c429,2026-08-07T15:45:00Z,2026-08-07T17:45:00+0200,2528.0,MW,NL,NL,forecast_solar_generation,Solar,2026-08-28T01:27:51Z
2026-08-28T01:22:45Z,2026-08-28T03:22:45+0200,fe344a24-22e0-4cc6-9f99-c4acdbe3c429,2026-08-07T16:00:00Z,2026-08-07T18:00:00+0200,2481.0,MW,NL,NL,forecast_solar_generation,Solar,2026-08-28T01:27:51Z
2026-08-28T01:22:45Z,2026-08-28T03:22:45+0200,fe344a24-22e0-4cc6-9f99-c4acdbe3c429,2026-08-07T16:15:00Z,2026-08-07T18:15:00+0200,2267.0,MW,NL,NL,forecast_solar_generation,Solar,2026-08-28T01:27:51Z
2026-08-28T01:22:45Z,2026-08-28T03:22:45+0200,fe344a24-22e0-4cc6-9f99-c4acdbe3c429,2026-08-07T16:30:00Z,2026-08-07T18:30:00+0200,2053.0,MW,NL,NL,forecast_solar_generation,Solar,2026-08-28T01:27:51Z
2026-08-28T01:22:45Z,2026-08-28T03:22:45+0200,fe344a24-22e0-4cc6-9f99-c4acdbe3c429,2026-08-07T16:45:00Z,2026-08-07T18:45:00+0200,1837.0,MW,NL,NL,forecast_solar_generation,Solar,2026-08-28T01:27:51Z
2026-08-28T01:22:45Z,2026-08-28T03:22:45+0200,fe344a24-22e0-4cc6-9f99-c4acdbe3c429,2026-08-07T17:00:00Z,2026-08-07T19:00:00+0200,1624.0,MW,NL,NL,forecast_solar_generation,Solar,2026-08-28T01:27:51Z
2026-08-28T01:22:45Z,2026-08-28T03:22:45+0200,fe344a24-22e0-4cc6-9f99-c4acdbe3c429,2026-08-07T17:15:00Z,2026-08-07T19:15:00+0200,1423.0,MW,NL,NL,forecast_solar_generation,Solar,2026-08-28T01:27:51Z
2026-08-28T01:22:45Z,2026-08-28T03:22:45+0200,fe344a24-22e0-4cc6-9f99-c4acdbe3c429,2026-08-07T17:30:00Z,2026-08-07T19:30:00+0200,1220.0,MW,NL,NL,forecast_solar_generation,Solar,2026-08-28T01:27:51Z
2026-08-28T01:22:45Z,2026-08-28T03:22:45+0200,fe344a24-22e0-4cc6-9f99-c4acdbe3c429,2026-08-07T17:45:00Z,2026-08-07T19:45:00+0200,1022.0,MW,NL,NL,forecast_solar_generation,Solar,2026-08-28T01:27:51Z
2026-08-28T01:22:45Z,2026-08-28T03:22:45+0200,fe344a24-22e0-4cc6-9f99-c4acdbe3c429,2026-08-07T18:00:00Z,2026-08-07T20:00:00+0200,818.0,MW,NL,NL,forecast_solar_generation,Solar,2026-08-28T01:27:51Z
2026-08-28T01:22:45Z,2026-08-28T03:22:45+0200,fe344a24-22e0-4cc6-9f99-c4acdbe3c429,2026-08-07T18:15:00Z,2026-08-07T20:15:00+0200,676.0,MW,NL,NL,forecast_solar_generation,Solar,2026-08-28T01:27:51Z
2026-08-28T01:22:45Z,2026-08-28T03:22:45+0200,fe344a24-22e0-4cc6-9f99-c4acdbe3c429,2026-08-07T18:30:00Z,2026-08-07T20:30:00+0200,536.0,MW,NL,NL,forecast_solar_generation,Solar,2026-08-28T01:27:51Z
2026-08-28T01:22:45Z,2026-08-28T03:22:45+0200,fe344a24-22e0-4cc6-9f99-c4acdbe3c429,2026-08-07T18:45:00Z,2026-08-07T20:45:00+0200,394.0,MW,NL,NL,forecast_solar_generation,Solar,2026-08-28T01:27:51Z
2026-08-28T01:22:45Z,2026-08-28T03:22:45+0200,fe344a24-22e0-4cc6-9f99-c4acdbe3c429,2026-08-07T19:00:00Z,2026-08-07T21:00:00+0200,253.0,MW,NL,NL,forecast_solar_generation,Solar,2026-08-28T01:27:51Z
2026-08-28T01:22:45Z,2026-08-28T03:22:45+0200,fe344a24-22e0-4cc6-9f99-c4acdbe3c429,2026-08-07T19:15:00Z,2026-08-07T21:15:00+0200,191.0,MW,NL,NL,forecast_solar_generation,Solar,2026-08-28T01:27:51Z
2026-08-28T01:22:45Z,2026-08-28T03:22:45+0200,fe344a24-22e0-4cc6-9f99-c4acdbe3c429,2026-08-07T19:30:00Z,2026-08-07T21:30:00+0200,126.0,MW,NL,NL,forecast_solar_generation,Solar,2026-08-28T01:27:51Z
2026-08-28T01:22:45Z,2026-08-28T03:22:45+0200,fe344a24-22e0-4cc6-9f99-c4acdbe3c429,2026-08-07T19:45:00Z,2026-08-07T21:45:00+0200,66.0,MW,NL,NL,forecast_solar_generation,Solar,2026-08-28T01:27:51Z
2026-08-28T01:22:45Z,2026-08-28T03:22:45+0200,fe344a24-22e0-4cc6-9f99-c4acdbe3c429,2026-08-07T20:00:00Z,2026-08-07T22:00:00+0200,1.0,MW,NL,NL,forecast_solar_generation,Solar,2026-08-28T01:27:51Z
2026-08-28T01:22:45Z,2026-08-28T03:22:45+0200,fe344a24-22e0-4cc6-9f99-c4acdbe3c429,2026-08-07T20:15:00Z,2026-08-07T22:15:00+0200,0.0,MW,NL,NL,forecast_solar_generation,Solar,2026-08-28T01:27:51Z
2026-08-28T01:22:45Z,2026-08-28T03:22:45+0200,fe344a24-22e0-4cc6-9f99-c4acdbe3c429,2026-08-07T20:30:00Z,2026-08-07T22:30:00+0200,0.0,MW,NL,NL,forecast_solar_generation,Solar,2026-08-28T01:27:51Z
2026-08-28T01:22:45Z,2026-08-28T03:22:45+0200,fe344a24-22e0-4cc6-9f99-c4acdbe3c429,2026-08-07T20:45:00Z,2026-08-07T22:45:00+0200,0.0,MW,NL,NL,forecast_solar_generation,Solar,2026-08-28T01:27:51Z
2026-08-28T01:22:45Z,2026-08-28T03:22:45+0200,fe344a24-22e0-4cc6-9f99-c4acdbe3c429,2026-08-07T21:00:00Z,2026-08-07T23:00:00+0200,0.0,MW,NL,NL,forecast_solar_generation,Solar,2026-08-28T01:27:51Z
2026-08-28T01:22:45Z,2026-08-28T03:22:45+0200,fe344a24-22e0-4cc6-9f99-c4acdbe3c429,2026-08-07T21:15:00Z,2026-08-07T23:15:00+0200,0.0,MW,NL,NL,forecast_solar_generation,Solar,2026-08-28T01:27:51Z
2026-08-28T01:22:45Z,2026-08-28T03:22:45+0200,fe344a24-22e0-4cc6-9f99-c4acdbe3c429,2026-08-07T21:30:00Z,2026-08-07T23:30:00+0200,0.0,MW,NL,NL,forecast_solar_generation,Solar,2026-08-28T01:27:51Z
2026-08-28T01:22:45Z,2026-08-28T03:22:45+0200,fe344a24-22e0-4cc6-9f99-c4acdbe3c429,2026-08-07T21:45:00Z,2026-08-07T23:45:00+0200,0.0,MW,NL,NL,forecast_solar_generation,Solar,2026-08-28T01:27:51Z
2026-08-28T01:22:45Z,2026-08-28T03:22:45+0200,fe344a24-22e0-4cc6-9f99-c4acdbe3c429,2026-08-07T22:00:00Z,2026-08-08T00:00:00+0200,0.0,MW,NL,NL,forecast_solar_generation,Solar,2026-08-28T01:27:51Z
2026-08-28T01:22:45Z,2026-08-28T03:22:45+0200,fe344a24-22e0-4cc6-9f99-c4acdbe3c429,2026-08-07T22:15:00Z,2026-08-08T00:15:00+0200,0.0,MW,NL,NL,forecast_solar_generation,Solar,2026-08-28T01:27:51Z
2026-08-28T01:22:45Z,2026-08-28T03:22:45+0200,fe344a24-22e0-4cc6-9f99-c4acdbe3c429,2026-08-07T22:30:00Z,2026-08-08T00:30:00+0200,0.0,MW,NL,NL,forecast_solar_generation,Solar,2026-08-28T01:27:51Z
2026-08-28T01:22:45Z,2026-08-28T03:22:45+0200,fe344a24-22e0-4cc6-9f99-c4acdbe3c429,2026-08-07T22:45:00Z,2026-08-08T00:45:00+0200,0.0,MW,NL,NL,forecast_solar_generation,Solar,2026-08-28T01:27:51Z
2026-08-28T01:22:45Z,2026-08-28T03:22:45+0200,fe344a24-22e0-4cc6-9f99-c4acdbe3c429,2026-08-07T23:00:00Z,2026-08-08T01:00:00+0200,0.0,MW,NL,NL,forecast_solar_generation,Solar,2026-08-28T01:27:51Z
2026-08-28T01:22:45Z,2026-08-28T03:22:45+0200,fe344a24-22e0-4cc6-9f99-c4acdbe3c429,2026-08-07T23:15:00Z,2026-08-08T01:15:00+0200,0.0,MW,NL,NL,forecast_solar_generation,Solar,2026-08-28T01:27:51Z
2026-08-28T01:22:45Z,2026-08-28T03:22:45+0200,fe344a24-22e0-4cc6-9f99-c4acdbe3c429,2026-08-07T23:30:00Z,2026-08-08T01:30:00+0200,0.0,MW,NL,NL,forecast_solar_generation,Solar,2026-08-28T01:27:51Z
2026-08-28T01:22:45Z,2026-08-28T03:22:45+0200,fe344a24-22e0-4cc6-9f99-c4acdbe3c429,2026-08-07T23:45:00Z,2026-08-08T01:45:00+0200,0.0,MW,NL,NL,forecast_solar_generation,Solar,2026-08-28T01:27:51Z
2026-08-28T01:22:45Z,2026-08-28T03:22:45+0200,fe344a24-22e0-4cc6-9f99-c4acdbe3c429,2026-08-08T00:00:00Z,2026-08-08T02:00:00+0200,0.0,MW,NL,NL,forecast_solar_generation,Solar,2026-08-28T01:27:51Z
2026-08-28T01:22:45Z,2026-08-28T03:22:45+0200,fe344a24-22e0-4cc6-9f99-c4acdbe3c429,2026-08-08T00:15:00Z,2026-08-08T02:15:00+0200,0.0,MW,NL,NL,forecast_solar_generation,Solar,2026-08-28T01:27:51Z
2026-08-28T01:22:45Z,2026-08-28T03:22:45+0200,fe344a24-22e0-4cc6-9f99-c4acdbe3c429,2026-08-08T00:30:00Z,2026-08-08T02:30:00+0200,0.0,MW,NL,NL,forecast_solar_generation,Solar,2026-08-28T01:27:51Z
2026-08-28T01:22:45Z,2026-08-28T03:22:45+0200,fe344a24-22e0-4cc6-9f99-c4acdbe3c429,2026-08-08T00:45:00Z,2026-08-08T02:45:00+0200,0.0,MW,NL,NL,forecast_solar_generation,Solar,2026-08-28T01:27:51Z
2026-08-28T01:22:45Z,2026-08-28T03:22:45+0200,fe344a24-22e0-4cc6-9f99-c4acdbe3c429,2026-08-08T01:00:00Z,2026-08-08T03:00:00+0200,0.0,MW,NL,NL,forecast_solar_generation,Solar,2026-08-28T01:27:51Z
2026-08-28T01:22:45Z,2026-08-28T03:22:45+0200,fe344a24-22e0-4cc6-9f99-c4acdbe3c429,2026-08-08T01:15:00Z,2026-08-08T03:15:00+0200,0.0,MW,NL,NL,forecast_solar_generation,Solar,2026-08-28T01:27:51Z
2026-08-28T01:22:45Z,2026-08-28T03:22:45+0200,fe344a24-22e0-4cc6-9f99-c4acdbe3c429,2026-08-08T01:30:00Z,2026-08-08T03:30:00+0200,0.0,MW,NL,NL,forecast_solar_generation,Solar,2026-08-28T01:27:51Z
2026-08-28T01:22:45Z,2026-08-28T03:22:45+0200,fe344a24-22e0-4cc6-9f99-c4acdbe3c429,2026-08-08T01:45:00Z,2026-08-08T03:45:00+0200,0.0,MW,NL,NL,forecast_solar_generation,Solar,2026-08-28T01:27:51Z
2026-08-28T01:22:45Z,2026-08-28T03:22:45+0200,fe344a24-22e0-4cc6-9f99-c4acdbe3c429,2026-08-08T02:00:00Z,2026-08-08T04:00:00+0200,0.0,MW,NL,NL,forecast_solar_generation,Solar,2026-08-28T01:27:51Z
2026-08-28T01:22:45Z,2026-08-28T03:22:45+0200,fe344a24-22e0-4cc6-9f99-c4acdbe3c429,2026-08-08T02:15:00Z,2026-08-08T04:15:00+0200,0.0,MW,NL,NL,forecast_solar_generation,Solar,2026-08-28T01:27:51Z
2026-08-28T01:22:45Z,2026-08-28T03:22:45+0200,fe344a24-22e0-4cc6-9f99-c4acdbe3c429,2026-08-08T02:30:00Z,2026-08-08T04:30:00+0200,0.0,MW,NL,NL,forecast_solar_generation,Solar,2026-08-28T01:27:51Z
2026-08-28T01:22:45Z,2026-08-28T03:22:45+0200,fe344a24-22e0-4cc6-9f99-c4acdbe3c429,2026-08-08T02:45:00Z,2026-08-08T04:45:00+0200,0.0,MW,NL,NL,forecast_solar_generation,Solar,2026-08-28T01:27:51Z
2026-08-28T01:22:45Z,2026-08-28T03:22:45+0200,fe344a24-22e0-4cc6-9f99-c4acdbe3c429,2026-08-08T03:00:00Z,2026-08-08T05:00:00+0200,0.0,MW,NL,NL,forecast_solar_generation,Solar,2026-08-28T01:27:51Z
2026-08-28T01:22:45Z,2026-08-28T03:22:45+0200,fe344a24-22e0-4cc6-9f99-c4acdbe3c429,2026-08-08T03:15:00Z,2026-08-08T05:15:00+0200,0.0,MW,NL,NL,forecast_solar_generation,Solar,2026-08-28T01:27:51Z
2026-08-28T01:22:45Z,2026-08-28T03:22:45+0200,fe344a24-22e0-4cc6-9f99-c4acdbe3c429,2026-08-08T03:30:00Z,2026-08-08T05:30:00+0200,0.0,MW,NL,NL,forecast_solar_generation,Solar,2026-08-28T01:27:51Z
2026-08-28T01:22:45Z,2026-08-28T03:22:45+0200,fe344a24-22e0-4cc6-9f99-c4acdbe3c429,2026-08-08T03:45:00Z,2026-08-08T05:45:00+0200,0.0,MW,NL,NL,forecast_solar_generation,Solar,2026-08-28T01:27:51Z
2026-08-28T01:22:45Z,2026-08-28T03:22:45+0200,fe344a24-22e0-4cc6-9f99-c4acdbe3c429,2026-08-08T04:00:00Z,2026-08-08T06:00:00+0200,0.0,MW,NL,NL,forecast_solar_generation,Solar,2026-08-28T01:27:51Z
2026-08-28T01:22:45Z,2026-08-28T03:22:45+0200,fe344a24-22e0-4cc6-9f99-c4acdbe3c429,2026-08-08T04:15:00Z,2026-08-08T06:15:00+0200,13.0,MW,NL,NL,forecast_solar_generation,Solar,2026-08-28T01:27:51Z
2026-08-28T01:22:45Z,2026-08-28T03:22:45+0200,fe344a24-22e0-4cc6-9f99-c4acdbe3c429,2026-08-08T04:30:00Z,2026-08-08T06:30:00+0200,23.0,MW,NL,NL,forecast_solar_generation,Solar,2026-08-28T01:27:51Z
2026-08-28T01:22:45Z,2026-08-28T03:22:45+0200,fe344a24-22e0-4cc6-9f99-c4acdbe3c429,2026-08-08T04:45:00Z,2026-08-08T06:45:00+0200,35.0,MW,NL,NL,forecast_solar_generation,Solar,2026-08-28T01:27:51Z
2026-08-28T01:22:45Z,2026-08-28T03:22:45+0200,fe344a24-22e0-4cc6-9f99-c4acdbe3c429,2026-08-08T05:00:00Z,2026-08-08T07:00:00+0200,45.0,MW,NL,NL,forecast_solar_generation,Solar,2026-08-28T01:27:51Z
2026-08-28T01:22:45Z,2026-08-28T03:22:45+0200,fe344a24-22e0-4cc6-9f99-c4acdbe3c429,2026-08-08T05:15:00Z,2026-08-08T07:15:00+0200,169.0,MW,NL,NL,forecast_solar_generation,Solar,2026-08-28T01:27:51Z
2026-08-28T01:22:45Z,2026-08-28T03:22:45+0200,fe344a24-22e0-4cc6-9f99-c4acdbe3c429,2026-08-08T05:30:00Z,2026-08-08T07:30:00+0200,299.0,MW,NL,NL,forecast_solar_generation,Solar,2026-08-28T01:27:51Z
2026-08-28T01:22:45Z,2026-08-28T03:22:45+0200,fe344a24-22e0-4cc6-9f99-c4acdbe3c429,2026-08-08T05:45:00Z,2026-08-08T07:45:00+0200,423.0,MW,NL,NL,forecast_solar_generation,Solar,2026-08-28T01:27:51Z
2026-08-28T01:22:45Z,2026-08-28T03:22:45+0200,fe344a24-22e0-4cc6-9f99-c4acdbe3c429,2026-08-08T06:00:00Z,2026-08-08T08:00:00+0200,549.0,MW,NL,NL,forecast_solar_generation,Solar,2026-08-28T01:27:51Z
2026-08-28T01:22:45Z,2026-08-28T03:22:45+0200,fe344a24-22e0-4cc6-9f99-c4acdbe3c429,2026-08-08T06:15:00Z,2026-08-08T08:15:00+0200,769.0,MW,NL,NL,forecast_solar_generation,Solar,2026-08-28T01:27:51Z
2026-08-28T01:22:45Z,2026-08-28T03:22:45+0200,fe344a24-22e0-4cc6-9f99-c4acdbe3c429,2026-08-08T06:30:00Z,2026-08-08T08:30:00+0200,990.0,MW,NL,NL,forecast_solar_generation,Solar,2026-08-28T01:27:51Z
2026-08-28T01:22:45Z,2026-08-28T03:22:45+0200,fe344a24-22e0-4cc6-9f99-c4acdbe3c429,2026-08-08T06:45:00Z,2026-08-08T08:45:00+0200,1209.0,MW,NL,NL,forecast_solar_generation,Solar,2026-08-28T01:27:51Z
2026-08-28T01:22:45Z,2026-08-28T03:22:45+0200,fe344a24-22e0-4cc6-9f99-c4acdbe3c429,2026-08-08T07:00:00Z,2026-08-08T09:00:00+0200,1428.0,MW,NL,NL,forecast_solar_generation,Solar,2026-08-28T01:27:51Z
2026-08-28T01:22:45Z,2026-08-28T03:22:45+0200,fe344a24-22e0-4cc6-9f99-c4acdbe3c429,2026-08-08T07:15:00Z,2026-08-08T09:15:00+0200,1700.0,MW,NL,NL,forecast_solar_generation,Solar,2026-08-28T01:27:51Z
2026-08-28T01:22:45Z,2026-08-28T03:22:45+0200,fe344a24-22e0-4cc6-9f99-c4acdbe3c429,2026-08-08T07:30:00Z,2026-08-08T09:30:00+0200,1973.0,MW,NL,NL,forecast_solar_generation,Solar,2026-08-28T01:27:51Z
2026-08-28T01:22:45Z,2026-08-28T03:22:45+0200,fe344a24-22e0-4cc6-9f99-c4acdbe3c429,2026-08-08T07:45:00Z,2026-08-08T09:45:00+0200,2244.0,MW,NL,NL,forecast_solar_generation,Solar,2026-08-28T01:27:51Z
2026-08-28T01:22:45Z,2026-08-28T03:22:45+0200,fe344a24-22e0-4cc6-9f99-c4acdbe3c429,2026-08-08T08:00:00Z,2026-08-08T10:00:00+0200,2520.0,MW,NL,NL,forecast_solar_generation,Solar,2026-08-28T01:27:51Z
2026-08-28T01:22:45Z,2026-08-28T03:22:45+0200,fe344a24-22e0-4cc6-9f99-c4acdbe3c429,2026-08-08T08:15:00Z,2026-08-08T10:15:00+0200,2765.0,MW,NL,NL,forecast_solar_generation,Solar,2026-08-28T01:27:51Z
2026-08-28T01:22:45Z,2026-08-28T03:22:45+0200,fe344a24-22e0-4cc6-9f99-c4acdbe3c429,2026-08-08T08:30:00Z,2026-08-08T10:30:00+0200,3013.0,MW,NL,NL,forecast_solar_generation,Solar,2026-08-28T01:27:51Z
2026-08-28T01:22:45Z,2026-08-28T03:22:45+0200,fe344a24-22e0-4cc6-9f99-c4acdbe3c429,2026-08-08T08:45:00Z,2026-08-08T10:45:00+0200,3259.0,MW,NL,NL,forecast_solar_generation,Solar,2026-08-28T01:27:51Z
2026-08-28T01:22:45Z,2026-08-28T03:22:45+0200,fe344a24-22e0-4cc6-9f99-c4acdbe3c429,2026-08-08T09:00:00Z,2026-08-08T11:00:00+0200,3508.0,MW,NL,NL,forecast_solar_generation,Solar,2026-08-28T01:27:51Z
2026-08-28T01:22:45Z,2026-08-28T03:22:45+0200,fe344a24-22e0-4cc6-9f99-c4acdbe3c429,2026-08-08T09:15:00Z,2026-08-08T11:15:00+0200,3648.0,MW,NL,NL,forecast_solar_generation,Solar,2026-08-28T01:27:51Z
2026-08-28T01:22:45Z,2026-08-28T03:22:45+0200,fe344a24-22e0-4cc6-9f99-c4acdbe3c429,2026-08-08T09:30:00Z,2026-08-08T11:30:00+0200,3789.0,MW,NL,NL,forecast_solar_generation,Solar,2026-08-28T01:27:51Z
2026-08-28T01:22:45Z,2026-08-28T03:22:45+0200,fe344a24-22e0-4cc6-9f99-c4acdbe3c429,2026-08-08T09:45:00Z,2026-08-08T11:45:00+0200,3930.0,MW,NL,NL,forecast_solar_generation,Solar,2026-08-28T01:27:51Z
2026-08-28T01:22:45Z,2026-08-28T03:22:45+0200,fe344a24-22e0-4cc6-9f99-c4acdbe3c429,2026-08-08T10:00:00Z,2026-08-08T12:00:00+0200,4070.0,MW,NL,NL,forecast_solar_generation,Solar,2026-08-28T01:27:51Z
2026-08-28T01:22:45Z,2026-08-28T03:22:45+0200,fe344a24-22e0-4cc6-9f99-c4acdbe3c429,2026-08-08T10:15:00Z,2026-08-08T12:15:00+0200,4196.0,MW,NL,NL,forecast_solar_generation,Solar,2026-08-28T01:27:51Z
2026-08-28T01:22:45Z,2026-08-28T03:22:45+0200,fe344a24-22e0-4cc6-9f99-c4acdbe3c429,2026-08-08T10:30:00Z,2026-08-08T12:30:00+0200,4317.0,MW,NL,NL,forecast_solar_generation,Solar,2026-08-28T01:27:51Z
2026-08-28T01:22:45Z,2026-08-28T03:22:45+0200,fe344a24-22e0-4cc6-9f99-c4acdbe3c429,2026-08-08T10:45:00Z,2026-08-08T12:45:00+0200,4440.0,MW,NL,NL,forecast_solar_generation,Solar,2026-08-28T01:27:51Z
2026-08-28T01:22:45Z,2026-08-28T03:22:45+0200,fe344a24-22e0-4cc6-9f99-c4acdbe3c429,2026-08-08T11:00:00Z,2026-08-08T13:00:00+0200,4563.0,MW,NL,NL,forecast_solar_generation,Solar,2026-08-28T01:27:51Z
2026-08-28T01:22:45Z,2026-08-28T03:22:45+0200,fe344a24-22e0-4cc6-9f99-c4acdbe3c429,2026-08-08T11:15:00Z,2026-08-08T13:15:00+0200,4616.0,MW,NL,NL,forecast_solar_generation,Solar,2026-08-28T01:27:51Z
2026-08-28T01:22:45Z,2026-08-28T03:22:45+0200,fe344a24-22e0-4cc6-9f99-c4acdbe3c429,2026-08-08T11:30:00Z,2026-08-08T13:30:00+0200,4669.0,MW,NL,NL,forecast_solar_generation,Solar,2026-08-28T01:27:51Z
2026-08-28T01:22:45Z,2026-08-28T03:22:45+0200,fe344a24-22e0-4cc6-9f99-c4acdbe3c429,2026-08-08T11:45:00Z,2026-08-08T13:45:00+0200,4723.0,MW,NL,NL,forecast_solar_generation,Solar,2026-08-28T01:27:51Z
2026-08-28T01:22:45Z,2026-08-28T03:22:45+0200,fe344a24-22e0-4cc6-9f99-c4acdbe3c429,2026-08-08T12:00:00Z,2026-08-08T14:00:00+0200,4775.0,MW,NL,NL,forecast_solar_generation,Solar,2026-08-28T01:27:51Z
2026-08-28T01:22:45Z,2026-08-28T03:22:45+0200,fe344a24-22e0-4cc6-9f99-c4acdbe3c429,2026-08-08T12:15:00Z,2026-08-08T14:15:00+0200,4725.0,MW,NL,NL,forecast_solar_generation,Solar,2026-08-28T01:27:51Z
2026-08-28T01:22:45Z,2026-08-28T03:22:45+0200,fe344a24-22e0-4cc6-9f99-c4acdbe3c429,2026-08-08T12:30:00Z,2026-08-08T14:30:00+0200,4669.0,MW,NL,NL,forecast_solar_generation,Solar,2026-08-28T01:27:51Z
2026-08-28T01:22:45Z,2026-08-28T03:22:45+0200,fe344a24-22e0-4cc6-9f99-c4acdbe3c429,2026-08-08T12:45:00Z,2026-08-08T14:45:00+0200,4617.0,MW,NL,NL,forecast_solar_generation,Solar,2026-08-28T01:27:51Z
2026-08-28T01:22:45Z,2026-08-28T03:22:45+0200,fe344a24-22e0-4cc6-9f99-c4acdbe3c429,2026-08-08T13:00:00Z,2026-08-08T15:00:00+0200,4563.0,MW,NL,NL,forecast_solar_generation,Solar,2026-08-28T01:27:51Z
2026-08-28T01:22:45Z,2026-08-28T03:22:45+0200,fe344a24-22e0-4cc6-9f99-c4acdbe3c429,2026-08-08T13:15:00Z,2026-08-08T15:15:00+0200,4474.0,MW,NL,NL,forecast_solar_generation,Solar,2026-08-28T01:27:51Z
2026-08-28T01:22:45Z,2026-08-28T03:22:45+0200,fe344a24-22e0-4cc6-9f99-c4acdbe3c429,2026-08-08T13:30:00Z,2026-08-08T15:30:00+0200,4382.0,MW,NL,NL,forecast_solar_generation,Solar,2026-08-28T01:27:51Z
2026-08-28T01:22:45Z,2026-08-28T03:22:45+0200,fe344a24-22e0-4cc6-9f99-c4acdbe3c429,2026-08-08T13:45:00Z,2026-08-08T15:45:00+0200,4294.0,MW,NL,NL,forecast_solar_generation,Solar,2026-08-28T01:27:51Z
2026-08-28T01:22:45Z,2026-08-28T03:22:45+0200,fe344a24-22e0-4cc6-9f99-c4acdbe3c429,2026-08-08T14:00:00Z,2026-08-08T16:00:00+0200,4202.0,MW,NL,NL,forecast_solar_generation,Solar,2026-08-28T01:27:51Z
2026-08-28T01:22:45Z,2026-08-28T03:22:45+0200,fe344a24-22e0-4cc6-9f99-c4acdbe3c429,2026-08-08T14:15:00Z,2026-08-08T16:15:00+0200,4050.0,MW,NL,NL,forecast_solar_generation,Solar,2026-08-28T01:27:51Z
2026-08-28T01:22:45Z,2026-08-28T03:22:45+0200,fe344a24-22e0-4cc6-9f99-c4acdbe3c429,2026-08-08T14:30:00Z,2026-08-08T16:30:00+0200,3894.0,MW,NL,NL,forecast_solar_generation,Solar,2026-08-28T01:27:51Z
2026-08-28T01:22:45Z,2026-08-28T03:22:45+0200,fe344a24-22e0-4cc6-9f99-c4acdbe3c429,2026-08-08T14:45:00Z,2026-08-08T16:45:00+0200,3740.0,MW,NL,NL,forecast_solar_generation,Solar,2026-08-28T01:27:51Z
2026-08-28T01:22:45Z,2026-08-28T03:22:45+0200,fe344a24-22e0-4cc6-9f99-c4acdbe3c429,2026-08-08T15:00:00Z,2026-08-08T17:00:00+0200,3586.0,MW,NL,NL,forecast_solar_generation,Solar,2026-08-28T01:27:51Z
2026-08-28T01:22:45Z,2026-08-28T03:22:45+0200,fe344a24-22e0-4cc6-9f99-c4acdbe3c429,2026-08-08T15:15:00Z,2026-08-08T17:15:00+0200,3362.0,MW,NL,NL,forecast_solar_generation,Solar,2026-08-28T01:27:51Z
2026-08-28T01:22:45Z,2026-08-28T03:22:45+0200,fe344a24-22e0-4cc6-9f99-c4acdbe3c429,2026-08-08T15:30:00Z,2026-08-08T17:30:00+0200,3137.0,MW,NL,NL,forecast_solar_generation,Solar,2026-08-28T01:27:51Z
2026-08-28T01:22:45Z,2026-08-28T03:22:45+0200,fe344a24-22e0-4cc6-9f99-c4acdbe3c429,2026-08-08T15:45:00Z,2026-08-08T17:45:00+0200,2915.0,MW,NL,NL,forecast_solar_generation,Solar,2026-08-28T01:27:51Z
2026-08-28T01:22:45Z,2026-08-28T03:22:45+0200,fe344a24-22e0-4cc6-9f99-c4acdbe3c429,2026-08-08T16:00:00Z,2026-08-08T18:00:00+0200,2687.0,MW,NL,NL,forecast_solar_generation,Solar,2026-08-28T01:27:51Z
2026-08-28T01:22:45Z,2026-08-28T03:22:45+0200,fe344a24-22e0-4cc6-9f99-c4acdbe3c429,2026-08-08T16:15:00Z,2026-08-08T18:15:00+0200,2452.0,MW,NL,NL,forecast_solar_generation,Solar,2026-08-28T01:27:51Z
2026-08-28T01:22:45Z,2026-08-28T03:22:45+0200,fe344a24-22e0-4cc6-9f99-c4acdbe3c429,2026-08-08T16:30:00Z,2026-08-08T18:30:00+0200,2216.0,MW,NL,NL,forecast_solar_generation,Solar,2026-08-28T01:27:51Z
2026-08-28T01:22:45Z,2026-08-28T03:22:45+0200,fe344a24-22e0-4cc6-9f99-c4acdbe3c429,2026-08-08T16:45:00Z,2026-08-08T18:45:00+0200,1982.0,MW,NL,NL,forecast_solar_generation,Solar,2026-08-28T01:27:51Z
2026-08-28T01:22:45Z,2026-08-28T03:22:45+0200,fe344a24-22e0-4cc6-9f99-c4acdbe3c429,2026-08-08T17:00:00Z,2026-08-08T19:00:00+0200,1747.0,MW,NL,NL,forecast_solar_generation,Solar,2026-08-28T01:27:51Z
2026-08-28T01:22:45Z,2026-08-28T03:22:45+0200,fe344a24-22e0-4cc6-9f99-c4acdbe3c429,2026-08-08T17:15:00Z,2026-08-08T19:15:00+0200,1528.0,MW,NL,NL,forecast_solar_generation,Solar,2026-08-28T01:27:51Z
2026-08-28T01:22:45Z,2026-08-28T03:22:45+0200,fe344a24-22e0-4cc6-9f99-c4acdbe3c429,2026-08-08T17:30:00Z,2026-08-08T19:30:00+0200,1308.0,MW,NL,NL,forecast_solar_generation,Solar,2026-08-28T01:27:51Z
2026-08-28T01:22:45Z,2026-08-28T03:22:45+0200,fe344a24-22e0-4cc6-9f99-c4acdbe3c429,2026-08-08T17:45:00Z,2026-08-08T19:45:00+0200,1087.0,MW,NL,NL,forecast_solar_generation,Solar,2026-08-28T01:27:51Z
2026-08-28T01:22:45Z,2026-08-28T03:22:45+0200,fe344a24-22e0-4cc6-9f99-c4acdbe3c429,2026-08-08T18:00:00Z,2026-08-08T20:00:00+0200,867.0,MW,NL,NL,forecast_solar_generation,Solar,2026-08-28T01:27:51Z
2026-08-28T01:22:45Z,2026-08-28T03:22:45+0200,fe344a24-22e0-4cc6-9f99-c4acdbe3c429,2026-08-08T18:15:00Z,2026-08-08T20:15:00+0200,706.0,MW,NL,NL,forecast_solar_generation,Solar,2026-08-28T01:27:51Z
2026-08-28T01:22:45Z,2026-08-28T03:22:45+0200,fe344a24-22e0-4cc6-9f99-c4acdbe3c429,2026-08-08T18:30:00Z,2026-08-08T20:30:00+0200,545.0,MW,NL,NL,forecast_solar_generation,Solar,2026-08-28T01:27:51Z
2026-08-28T01:22:45Z,2026-08-28T03:22:45+0200,fe344a24-22e0-4cc6-9f99-c4acdbe3c429,2026-08-08T18:45:00Z,2026-08-08T20:45:00+0200,384.0,MW,NL,NL,forecast_solar_generation,Solar,2026-08-28T01:27:51Z
2026-08-28T01:22:45Z,2026-08-28T03:22:45+0200,fe344a24-22e0-4cc6-9f99-c4acdbe3c429,2026-08-08T19:00:00Z,2026-08-08T21:00:00+0200,220.0,MW,NL,NL,forecast_solar_generation,Solar,2026-08-28T01:27:51Z
2026-08-28T01:22:45Z,2026-08-28T03:22:45+0200,fe344a24-22e0-4cc6-9f99-c4acdbe3c429,2026-08-08T19:15:00Z,2026-08-08T21:15:00+0200,167.0,MW,NL,NL,forecast_solar_generation,Solar,2026-08-28T01:27:51Z
2026-08-28T01:22:45Z,2026-08-28T03:22:45+0200,fe344a24-22e0-4cc6-9f99-c4acdbe3c429,2026-08-08T19:30:00Z,2026-08-08T21:30:00+0200,111.0,MW,NL,NL,forecast_solar_generation,Solar,2026-08-28T01:27:51Z
2026-08-28T01:22:45Z,2026-08-28T03:22:45+0200,fe344a24-22e0-4cc6-9f99-c4acdbe3c429,2026-08-08T19:45:00Z,2026-08-08T21:45:00+0200,56.0,MW,NL,NL,forecast_solar_generation,Solar,2026-08-28T01:27:51Z
2026-08-28T01:22:45Z,2026-08-28T03:22:45+0200,fe344a24-22e0-4cc6-9f99-c4acdbe3c429,2026-08-08T20:00:00Z,2026-08-08T22:00:00+0200,0.0,MW,NL,NL,forecast_solar_generation,Solar,2026-08-28T01:27:51Z
2026-08-28T01:22:45Z,2026-08-28T03:22:45+0200,fe344a24-22e0-4cc6-9f99-c4acdbe3c429,2026-08-08T20:15:00Z,2026-08-08T22:15:00+0200,0.0,MW,NL,NL,forecast_solar_generation,Solar,2026-08-28T01:27:51Z
2026-08-28T01:22:45Z,2026-08-28T03:22:45+0200,fe344a24-22e0-4cc6-9f99-c4acdbe3c429,2026-08-08T20:30:00Z,2026-08-08T22:30:00+0200,0.0,MW,NL,NL,forecast_solar_generation,Solar,2026-08-28T01:27:51Z
2026-08-28T01:22:45Z,2026-08-28T03:22:45+0200,fe344a24-22e0-4cc6-9f99-c4acdbe3c429,2026-08-08T20:45:00Z,2026-08-08T22:45:00+0200,0.0,MW,NL,NL,forecast_solar_generation,Solar,2026-08-28T01:27:51Z
2026-08-28T01:22:45Z,2026-08-28T03:22:45+0200,fe344a24-22e0-4cc6-9f99-c4acdbe3c429,2026-08-08T21:00:00Z,2026-08-08T23:00:00+0200,0.0,MW,NL,NL,forecast_solar_generation,Solar,2026-08-28T01:27:51Z
2026-08-28T01:22:45Z,2026-08-28T03:22:45+0200,fe344a24-22e0-4cc6-9f99-c4acdbe3c429,2026-08-08T21:15:00Z,2026-08-08T23:15:00+0200,0.0,MW,NL,NL,forecast_solar_generation,Solar,2026-08-28T01:27:51Z
2026-08-28T01:22:45Z,2026-08-28T03:22:45+0200,fe344a24-22e0-4cc6-9f99-c4acdbe3c429,2026-08-08T21:30:00Z,2026-08-08T23:30:00+0200,0.0,MW,NL,NL,forecast_solar_generation,Solar,2026-08-28T01:27:51Z
2026-08-28T01:22:45Z,2026-08-28T03:22:45+0200,fe344a24-22e0-4cc6-9f99-c4acdbe3c429,2026-08-08T21:45:00Z,2026-08-08T23:45:00+0200,0.0,MW,NL,NL,forecast_solar_generation,Solar,2026-08-28T01:27:51Z
2026-08-28T01:22:45Z,2026-08-28T03:22:45+0200,fe344a24-22e0-4cc6-9f99-c4acdbe3c429,2026-08-08T22:00:00Z,2026-08-09T00:00:00+0200,0.0,MW,NL,NL,forecast_solar_generation,Solar,2026-08-28T01:27:51Z
2026-08-28T01:22:45Z,2026-08-28T03:22:45+0200,fe344a24-22e0-4cc6-9f99-c4acdbe3c429,2026-08-08T22:15:00Z,2026-08-09T00:15:00+0200,0.0,MW,NL,NL,forecast_solar_generation,Solar,2026-08-28T01:27:51Z
2026-08-28T01:22:45Z,2026-08-28T03:22:45+0200,fe344a24-22e0-4cc6-9f99-c4acdbe3c429,2026-08-08T22:30:00Z,2026-08-09T00:30:00+0200,0.0,MW,NL,NL,forecast_solar_generation,Solar,2026-08-28T01:27:51Z
2026-08-28T01:22:45Z,2026-08-28T03:22:45+0200,fe344a24-22e0-4cc6-9f99-c4acdbe3c429,2026-08-08T22:45:00Z,2026-08-09T00:45:00+0200,0.0,MW,NL,NL,forecast_solar_generation,Solar,2026-08-28T01:27:51Z
2026-08-28T01:22:45Z,2026-08-28T03:22:45+0200,fe344a24-22e0-4cc6-9f99-c4acdbe3c429,2026-08-08T23:00:00Z,2026-08-09T01:00:00+0200,0.0,MW,NL,NL,forecast_solar_generation,Solar,2026-08-28T01:27:51Z
2026-08-28T01:22:45Z,2026-08-28T03:22:45+0200,fe344a24-22e0-4cc6-9f99-c4acdbe3c429,2026-08-08T23:15:00Z,2026-08-09T01:15:00+0200,0.0,MW,NL,NL,forecast_solar_generation,Solar,2026-08-28T01:27:51Z
2026-08-28T01:22:45Z,2026-08-28T03:22:45+0200,fe344a24-22e0-4cc6-9f99-c4acdbe3c429,2026-08-08T23:30:00Z,2026-08-09T01:30:00+0200,0.0,MW,NL,NL,forecast_solar_generation,Solar,2026-08-28T01:27:51Z
2026-08-28T01:22:45Z,2026-08-28T03:22:45+0200,fe344a24-22e0-4cc6-9f99-c4acdbe3c429,2026-08-08T23:45:00Z,2026-08-09T01:45:00+0200,0.0,MW,NL,NL,forecast_solar_generation,Solar,2026-08-28T01:27:51Z
2026-08-28T01:22:45Z,2026-08-28T03:22:45+0200,fe344a24-22e0-4cc6-9f99-c4acdbe3c429,2026-08-09T00:00:00Z,2026-08-09T02:00:00+0200,0.0,MW,NL,NL,forecast_solar_generation,Solar,2026-08-28T01:27:51Z
2026-08-28T01:22:45Z,2026-08-28T03:22:45+0200,fe344a24-22e0-4cc6-9f99-c4acdbe3c429,2026-08-09T00:15:00Z,2026-08-09T02:15:00+0200,0.0,MW,NL,NL,forecast_solar_generation,Solar,2026-08-28T01:27:51Z
2026-08-28T01:22:45Z,2026-08-28T03:22:45+0200,fe344a24-22e0-4cc6-9f99-c4acdbe3c429,2026-08-09T00:30:00Z,2026-08-09T02:30:00+0200,0.0,MW,NL,NL,forecast_solar_generation,Solar,2026-08-28T01:27:51Z
2026-08-28T01:22:45Z,2026-08-28T03:22:45+0200,fe344a24-22e0-4cc6-9f99-c4acdbe3c429,2026-08-09T00:45:00Z,2026-08-09T02:45:00+0200,0.0,MW,NL,NL,forecast_solar_generation,Solar,2026-08-28T01:27:51Z
2026-08-28T01:22:45Z,2026-08-28T03:22:45+0200,fe344a24-22e0-4cc6-9f99-c4acdbe3c429,2026-08-09T01:00:00Z,2026-08-09T03:00:00+0200,0.0,MW,NL,NL,forecast_solar_generation,Solar,2026-08-28T01:27:51Z
2026-08-28T01:22:45Z,2026-08-28T03:22:45+0200,fe344a24-22e0-4cc6-9f99-c4acdbe3c429,2026-08-09T01:15:00Z,2026-08-09T03:15:00+0200,0.0,MW,NL,NL,forecast_solar_generation,Solar,2026-08-28T01:27:51Z
2026-08-28T01:22:45Z,2026-08-28T03:22:45+0200,fe344a24-22e0-4cc6-9f99-c4acdbe3c429,2026-08-09T01:30:00Z,2026-08-09T03:30:00+0200,0.0,MW,NL,NL,forecast_solar_generation,Solar,2026-08-28T01:27:51Z
2026-08-28T01:22:45Z,2026-08-28T03:22:45+0200,fe344a24-22e0-4cc6-9f99-c4acdbe3c429,2026-08-09T01:45:00Z,2026-08-09T03:45:00+0200,0.0,MW,NL,NL,forecast_solar_generation,Solar,2026-08-28T01:27:51Z
2026-08-28T01:22:45Z,2026-08-28T03:22:45+0200,fe344a24-22e0-4cc6-9f99-c4acdbe3c429,2026-08-09T02:00:00Z,2026-08-09T04:00:00+0200,0.0,MW,NL,NL,forecast_solar_generation,Solar,2026-08-28T01:27:51Z
2026-08-28T01:22:45Z,2026-08-28T03:22:45+0200,fe344a24-22e0-4cc6-9f99-c4acdbe3c429,2026-08-09T02:15:00Z,2026-08-09T04:15:00+0200,0.0,MW,NL,NL,forecast_solar_generation,Solar,2026-08-28T01:27:51Z
2026-08-28T01:22:45Z,2026-08-28T03:22:45+0200,fe344a24-22e0-4cc6-9f99-c4acdbe3c429,2026-08-09T02:30:00Z,2026-08-09T04:30:00+0200,0.0,MW,NL,NL,forecast_solar_generation,Solar,2026-08-28T01:27:51Z
2026-08-28T01:22:45Z,2026-08-28T03:22:45+0200,fe344a24-22e0-4cc6-9f99-c4acdbe3c429,2026-08-09T02:45:00Z,2026-08-09T04:45:00+0200,0.0,MW,NL,NL,forecast_solar_generation,Solar,2026-08-28T01:27:51Z
2026-08-28T01:22:45Z,2026-08-28T03:22:45+0200,fe344a24-22e0-4cc6-9f99-c4acdbe3c429,2026-08-09T03:00:00Z,2026-08-09T05:00:00+0200,0.0,MW,NL,NL,forecast_solar_generation,Solar,2026-08-28T01:27:51Z
2026-08-28T01:22:45Z,2026-08-28T03:22:45+0200,fe344a24-22e0-4cc6-9f99-c4acdbe3c429,2026-08-09T03:15:00Z,2026-08-09T05:15:00+0200,0.0,MW,NL,NL,forecast_solar_generation,Solar,2026-08-28T01:27:51Z
2026-08-28T01:22:45Z,2026-08-28T03:22:45+0200,fe344a24-22e0-4cc6-9f99-c4acdbe3c429,2026-08-09T03:30:00Z,2026-08-09T05:30:00+0200,0.0,MW,NL,NL,forecast_solar_generation,Solar,2026-08-28T01:27:51Z
2026-08-28T01:22:45Z,2026-08-28T03:22:45+0200,fe344a24-22e0-4cc6-9f99-c4acdbe3c429,2026-08-09T03:45:00Z,2026-08-09T05:45:00+0200,0.0,MW,NL,NL,forecast_solar_generation,Solar,2026-08-28T01:27:51Z
2026-08-28T01:22:45Z,2026-08-28T03:22:45+0200,fe344a24-22e0-4cc6-9f99-c4acdbe3c429,2026-08-09T04:00:00Z,2026-08-09T06:00:00+0200,0.0,MW,NL,NL,forecast_solar_generation,Solar,2026-08-28T01:27:51Z
2026-08-28T01:22:45Z,2026-08-28T03:22:45+0200,fe344a24-22e0-4cc6-9f99-c4acdbe3c429,2026-08-09T04:15:00Z,2026-08-09T06:15:00+0200,11.0,MW,NL,NL,forecast_solar_generation,Solar,2026-08-28T01:27:51Z
2026-08-28T01:22:45Z,2026-08-28T03:22:45+0200,fe344a24-22e0-4cc6-9f99-c4acdbe3c429,2026-08-09T04:30:00Z,2026-08-09T06:30:00+0200,21.0,MW,NL,NL,forecast_solar_generation,Solar,2026-08-28T01:27:51Z
2026-08-28T01:22:45Z,2026-08-28T03:22:45+0200,fe344a24-22e0-4cc6-9f99-c4acdbe3c429,2026-08-09T04:45:00Z,2026-08-09T06:45:00+0200,31.0,MW,NL,NL,forecast_solar_generation,Solar,2026-08-28T01:27:51Z
2026-08-28T01:22:45Z,2026-08-28T03:22:45+0200,fe344a24-22e0-4cc6-9f99-c4acdbe3c429,2026-08-09T05:00:00Z,2026-08-09T07:00:00+0200,43.0,MW,NL,NL,forecast_solar_generation,Solar,2026-08-28T01:27:51Z
2026-08-28T01:22:45Z,2026-08-28T03:22:45+0200,fe344a24-22e0-4cc6-9f99-c4acdbe3c429,2026-08-09T05:15:00Z,2026-08-09T07:15:00+0200,167.0,MW,NL,NL,forecast_solar_generation,Solar,2026-08-28T01:27:51Z
2026-08-28T01:22:45Z,2026-08-28T03:22:45+0200,fe344a24-22e0-4cc6-9f99-c4acdbe3c429,2026-08-09T05:30:00Z,2026-08-09T07:30:00+0200,294.0,MW,NL,NL,forecast_solar_generation,Solar,2026-08-28T01:27:51Z
2026-08-28T01:22:45Z,2026-08-28T03:22:45+0200,fe344a24-22e0-4cc6-9f99-c4acdbe3c429,2026-08-09T05:45:00Z,2026-08-09T07:45:00+0200,417.0,MW,NL,NL,forecast_solar_generation,Solar,2026-08-28T01:27:51Z
2026-08-28T01:22:45Z,2026-08-28T03:22:45+0200,fe344a24-22e0-4cc6-9f99-c4acdbe3c429,2026-08-09T06:00:00Z,2026-08-09T08:00:00+0200,544.0,MW,NL,NL,forecast_solar_generation,Solar,2026-08-28T01:27:51Z
2026-08-28T01:22:45Z,2026-08-28T03:22:45+0200,fe344a24-22e0-4cc6-9f99-c4acdbe3c429,2026-08-09T06:15:00Z,2026-08-09T08:15:00+0200,762.0,MW,NL,NL,forecast_solar_generation,Solar,2026-08-28T01:27:51Z
2026-08-28T01:22:45Z,2026-08-28T03:22:45+0200,fe344a24-22e0-4cc6-9f99-c4acdbe3c429,2026-08-09T06:30:00Z,2026-08-09T08:30:00+0200,980.0,MW,NL,NL,forecast_solar_generation,Solar,2026-08-28T01:27:51Z
2026-08-28T01:22:45Z,2026-08-28T03:22:45+0200,fe344a24-22e0-4cc6-9f99-c4acdbe3c429,2026-08-09T06:45:00Z,2026-08-09T08:45:00+0200,1198.0,MW,NL,NL,forecast_solar_generation,Solar,2026-08-28T01:27:51Z
2026-08-28T01:22:45Z,2026-08-28T03:22:45+0200,fe344a24-22e0-4cc6-9f99-c4acdbe3c429,2026-08-09T07:00:00Z,2026-08-09T09:00:00+0200,1419.0,MW,NL,NL,forecast_solar_generation,Solar,2026-08-28T01:27:51Z
2026-08-28T01:22:45Z,2026-08-28T03:22:45+0200,fe344a24-22e0-4cc6-9f99-c4acdbe3c429,2026-08-09T07:15:00Z,2026-08-09T09:15:00+0200,1690.0,MW,NL,NL,forecast_solar_generation,Solar,2026-08-28T01:27:51Z
2026-08-28T01:22:45Z,2026-08-28T03:22:45+0200,fe344a24-22e0-4cc6-9f99-c4acdbe3c429,2026-08-09T07:30:00Z,2026-08-09T09:30:00+0200,1962.0,MW,NL,NL,forecast_solar_generation,Solar,2026-08-28T01:27:51Z
2026-08-28T01:22:45Z,2026-08-28T03:22:45+0200,fe344a24-22e0-4cc6-9f99-c4acdbe3c429,2026-08-09T07:45:00Z,2026-08-09T09:45:00+0200,2239.0,MW,NL,NL,forecast_solar_generation,Solar,2026-08-28T01:27:51Z
2026-08-28T01:22:45Z,2026-08-28T03:22:45+0200,fe344a24-22e0-4cc6-9f99-c4acdbe3c429,2026-08-09T08:00:00Z,2026-08-09T10:00:00+0200,2509.0,MW,NL,NL,forecast_solar_generation,Solar,2026-08-28T01:27:51Z
2026-08-28T01:22:45Z,2026-08-28T03:22:45+0200,fe344a24-22e0-4cc6-9f99-c4acdbe3c429,2026-08-09T08:15:00Z,2026-08-09T10:15:00+0200,2756.0,MW,NL,NL,forecast_solar_generation,Solar,2026-08-28T01:27:51Z
2026-08-28T01:22:45Z,2026-08-28T03:22:45+0200,fe344a24-22e0-4cc6-9f99-c4acdbe3c429,2026-08-09T08:30:00Z,2026-08-09T10:30:00+0200,3004.0,MW,NL,NL,forecast_solar_generation,Solar,2026-08-28T01:27:51Z
2026-08-28T01:22:45Z,2026-08-28T03:22:45+0200,fe344a24-22e0-4cc6-9f99-c4acdbe3c429,2026-08-09T08:45:00Z,2026-08-09T10:45:00+0200,3252.0,MW,NL,NL,forecast_solar_generation,Solar,2026-08-28T01:27:51Z
2026-08-28T01:22:45Z,2026-08-28T03:22:45+0200,fe344a24-22e0-4cc6-9f99-c4acdbe3c429,2026-08-09T09:00:00Z,2026-08-09T11:00:00+0200,3496.0,MW,NL,NL,forecast_solar_generation,Solar,2026-08-28T01:27:51Z
2026-08-28T01:22:45Z,2026-08-28T03:22:45+0200,fe344a24-22e0-4cc6-9f99-c4acdbe3c429,2026-08-09T09:15:00Z,2026-08-09T11:15:00+0200,3625.0,MW,NL,NL,forecast_solar_generation,Solar,2026-08-28T01:27:51Z
2026-08-28T01:22:45Z,2026-08-28T03:22:45+0200,fe344a24-22e0-4cc6-9f99-c4acdbe3c429,2026-08-09T09:30:00Z,2026-08-09T11:30:00+0200,3753.0,MW,NL,NL,forecast_solar_generation,Solar,2026-08-28T01:27:51Z
2026-08-28T01:22:45Z,2026-08-28T03:22:45+0200,fe344a24-22e0-4cc6-9f99-c4acdbe3c429,2026-08-09T09:45:00Z,2026-08-09T11:45:00+0200,3880.0,MW,NL,NL,forecast_solar_generation,Solar,2026-08-28T01:27:51Z
2026-08-28T01:22:45Z,2026-08-28T03:22:45+0200,fe344a24-22e0-4cc6-9f99-c4acdbe3c429,2026-08-09T10:00:00Z,2026-08-09T12:00:00+0200,4007.0,MW,NL,NL,forecast_solar_generation,Solar,2026-08-28T01:27:51Z
2026-08-28T01:22:45Z,2026-08-28T03:22:45+0200,fe344a24-22e0-4cc6-9f99-c4acdbe3c429,2026-08-09T10:15:00Z,2026-08-09T12:15:00+0200,4128.0,MW,NL,NL,forecast_solar_generation,Solar,2026-08-28T01:27:51Z
2026-08-28T01:22:45Z,2026-08-28T03:22:45+0200,fe344a24-22e0-4cc6-9f99-c4acdbe3c429,2026-08-09T10:30:00Z,2026-08-09T12:30:00+0200,4250.0,MW,NL,NL,forecast_solar_generation,Solar,2026-08-28T01:27:51Z
2026-08-28T01:22:45Z,2026-08-28T03:22:45+0200,fe344a24-22e0-4cc6-9f99-c4acdbe3c429,2026-08-09T10:45:00Z,2026-08-09T12:45:00+0200,4371.0,MW,NL,NL,forecast_solar_generation,Solar,2026-08-28T01:27:51Z
2026-08-28T01:22:45Z,2026-08-28T03:22:45+0200,fe344a24-22e0-4cc6-9f99-c4acdbe3c429,2026-08-09T11:00:00Z,2026-08-09T13:00:00+0200,4493.0,MW,NL,NL,forecast_solar_generation,Solar,2026-08-28T01:27:51Z
2026-08-28T01:22:45Z,2026-08-28T03:22:45+0200,fe344a24-22e0-4cc6-9f99-c4acdbe3c429,2026-08-09T11:15:00Z,2026-08-09T13:15:00+0200,4545.0,MW,NL,NL,forecast_solar_generation,Solar,2026-08-28T01:27:51Z
2026-08-28T01:22:45Z,2026-08-28T03:22:45+0200,fe344a24-22e0-4cc6-9f99-c4acdbe3c429,2026-08-09T11:30:00Z,2026-08-09T13:30:00+0200,4598.0,MW,NL,NL,forecast_solar_generation,Solar,2026-08-28T01:27:51Z
2026-08-28T01:22:45Z,2026-08-28T03:22:45+0200,fe344a24-22e0-4cc6-9f99-c4acdbe3c429,2026-08-09T11:45:00Z,2026-08-09T13:45:00+0200,4651.0,MW,NL,NL,forecast_solar_generation,Solar,2026-08-28T01:27:51Z
2026-08-28T01:22:45Z,2026-08-28T03:22:45+0200,fe344a24-22e0-4cc6-9f99-c4acdbe3c429,2026-08-09T12:00:00Z,2026-08-09T14:00:00+0200,4702.0,MW,NL,NL,forecast_solar_generation,Solar,2026-08-28T01:27:51Z
2026-08-28T01:22:45Z,2026-08-28T03:22:45+0200,fe344a24-22e0-4cc6-9f99-c4acdbe3c429,2026-08-09T12:15:00Z,2026-08-09T14:15:00+0200,4603.0,MW,NL,NL,forecast_solar_generation,Solar,2026-08-28T01:27:51Z
2026-08-28T01:22:45Z,2026-08-28T03:22:45+0200,fe344a24-22e0-4cc6-9f99-c4acdbe3c429,2026-08-09T12:30:00Z,2026-08-09T14:30:00+0200,4508.0,MW,NL,NL,forecast_solar_generation,Solar,2026-08-28T01:27:51Z
2026-08-28T01:22:45Z,2026-08-28T03:22:45+0200,fe344a24-22e0-4cc6-9f99-c4acdbe3c429,2026-08-09T12:45:00Z,2026-08-09T14:45:00+0200,4410.0,MW,NL,NL,forecast_solar_generation,Solar,2026-08-28T01:27:51Z
2026-08-28T01:22:45Z,2026-08-28T03:22:45+0200,fe344a24-22e0-4cc6-9f99-c4acdbe3c429,2026-08-09T13:00:00Z,2026-08-09T15:00:00+0200,4311.0,MW,NL,NL,forecast_solar_generation,Solar,2026-08-28T01:27:51Z
2026-08-28T01:22:45Z,2026-08-28T03:22:45+0200,fe344a24-22e0-4cc6-9f99-c4acdbe3c429,2026-08-09T13:15:00Z,2026-08-09T15:15:00+0200,4225.0,MW,NL,NL,forecast_solar_generation,Solar,2026-08-28T01:27:51Z
2026-08-28T01:22:45Z,2026-08-28T03:22:45+0200,fe344a24-22e0-4cc6-9f99-c4acdbe3c429,2026-08-09T13:30:00Z,2026-08-09T15:30:00+0200,4140.0,MW,NL,NL,forecast_solar_generation,Solar,2026-08-28T01:27:51Z
2026-08-28T01:22:45Z,2026-08-28T03:22:45+0200,fe344a24-22e0-4cc6-9f99-c4acdbe3c429,2026-08-09T13:45:00Z,2026-08-09T15:45:00+0200,4052.0,MW,NL,NL,forecast_solar_generation,Solar,2026-08-28T01:27:51Z
2026-08-28T01:22:45Z,2026-08-28T03:22:45+0200,fe344a24-22e0-4cc6-9f99-c4acdbe3c429,2026-08-09T14:00:00Z,2026-08-09T16:00:00+0200,3966.0,MW,NL,NL,forecast_solar_generation,Solar,2026-08-28T01:27:51Z
2026-08-28T01:22:45Z,2026-08-28T03:22:45+0200,fe344a24-22e0-4cc6-9f99-c4acdbe3c429,2026-08-09T14:15:00Z,2026-08-09T16:15:00+0200,3820.0,MW,NL,NL,forecast_solar_generation,Solar,2026-08-28T01:27:51Z
2026-08-28T01:22:45Z,2026-08-28T03:22:45+0200,fe344a24-22e0-4cc6-9f99-c4acdbe3c429,2026-08-09T14:30:00Z,2026-08-09T16:30:00+0200,3676.0,MW,NL,NL,forecast_solar_generation,Solar,2026-08-28T01:27:51Z
2026-08-28T01:22:45Z,2026-08-28T03:22:45+0200,fe344a24-22e0-4cc6-9f99-c4acdbe3c429,2026-08-09T14:45:00Z,2026-08-09T16:45:00+0200,3525.0,MW,NL,NL,forecast_solar_generation,Solar,2026-08-28T01:27:51Z
2026-08-28T01:22:45Z,2026-08-28T03:22:45+0200,fe344a24-22e0-4cc6-9f99-c4acdbe3c429,2026-08-09T15:00:00Z,2026-08-09T17:00:00+0200,3379.0,MW,NL,NL,forecast_solar_generation,Solar,2026-08-28T01:27:51Z
2026-08-28T01:22:45Z,2026-08-28T03:22:45+0200,fe344a24-22e0-4cc6-9f99-c4acdbe3c429,2026-08-09T15:15:00Z,2026-08-09T17:15:00+0200,3225.0,MW,NL,NL,forecast_solar_generation,Solar,2026-08-28T01:27:51Z
2026-08-28T01:22:45Z,2026-08-28T03:22:45+0200,fe344a24-22e0-4cc6-9f99-c4acdbe3c429,2026-08-09T15:30:00Z,2026-08-09T17:30:00+0200,3071.0,MW,NL,NL,forecast_solar_generation,Solar,2026-08-28T01:27:51Z
2026-08-28T01:22:45Z,2026-08-28T03:22:45+0200,fe344a24-22e0-4cc6-9f99-c4acdbe3c429,2026-08-09T15:45:00Z,2026-08-09T17:45:00+0200,2918.0,MW,NL,NL,forecast_solar_generation,Solar,2026-08-28T01:27:51Z
2026-08-28T01:22:45Z,2026-08-28T03:22:45+0200,fe344a24-22e0-4cc6-9f99-c4acdbe3c429,2026-08-09T16:00:00Z,2026-08-09T18:00:00+0200,2764.0,MW,NL,NL,forecast_solar_generation,Solar,2026-08-28T01:27:51Z
2026-08-28T01:22:45Z,2026-08-28T03:22:45+0200,fe344a24-22e0-4cc6-9f99-c4acdbe3c429,2026-08-09T16:15:00Z,2026-08-09T18:15:00+0200,2520.0,MW,NL,NL,forecast_solar_generation,Solar,2026-08-28T01:27:51Z
2026-08-28T01:22:45Z,2026-08-28T03:22:45+0200,fe344a24-22e0-4cc6-9f99-c4acdbe3c429,2026-08-09T16:30:00Z,2026-08-09T18:30:00+0200,2275.0,MW,NL,NL,forecast_solar_generation,Solar,2026-08-28T01:27:51Z
2026-08-28T01:22:45Z,2026-08-28T03:22:45+0200,fe344a24-22e0-4cc6-9f99-c4acdbe3c429,2026-08-09T16:45:00Z,2026-08-09T18:45:00+0200,2033.0,MW,NL,NL,forecast_solar_generation,Solar,2026-08-28T01:27:51Z
2026-08-28T01:22:45Z,2026-08-28T03:22:45+0200,fe344a24-22e0-4cc6-9f99-c4acdbe3c429,2026-08-09T17:00:00Z,2026-08-09T19:00:00+0200,1791.0,MW,NL,NL,forecast_solar_generation,Solar,2026-08-28T01:27:51Z
2026-08-28T01:22:45Z,2026-08-28T03:22:45+0200,fe344a24-22e0-4cc6-9f99-c4acdbe3c429,2026-08-09T17:15:00Z,2026-08-09T19:15:00+0200,1562.0,MW,NL,NL,forecast_solar_generation,Solar,2026-08-28T01:27:51Z
2026-08-28T01:22:45Z,2026-08-28T03:22:45+0200,fe344a24-22e0-4cc6-9f99-c4acdbe3c429,2026-08-09T17:30:00Z,2026-08-09T19:30:00+0200,1336.0,MW,NL,NL,forecast_solar_generation,Solar,2026-08-28T01:27:51Z
2026-08-28T01:22:45Z,2026-08-28T03:22:45+0200,fe344a24-22e0-4cc6-9f99-c4acdbe3c429,2026-08-09T17:45:00Z,2026-08-09T19:45:00+0200,1104.0,MW,NL,NL,forecast_solar_generation,Solar,2026-08-28T01:27:51Z
2026-08-28T01:22:45Z,2026-08-28T03:22:45+0200,fe344a24-22e0-4cc6-9f99-c4acdbe3c429,2026-08-09T18:00:00Z,2026-08-09T20:00:00+0200,875.0,MW,NL,NL,forecast_solar_generation,Solar,2026-08-28T01:27:51Z
2026-08-28T01:22:45Z,2026-08-28T03:22:45+0200,fe344a24-22e0-4cc6-9f99-c4acdbe3c429,2026-08-09T18:15:00Z,2026-08-09T20:15:00+0200,705.0,MW,NL,NL,forecast_solar_generation,Solar,2026-08-28T01:27:51Z
2026-08-28T01:22:45Z,2026-08-28T03:22:45+0200,fe344a24-22e0-4cc6-9f99-c4acdbe3c429,2026-08-09T18:30:00Z,2026-08-09T20:30:00+0200,533.0,MW,NL,NL,forecast_solar_generation,Solar,2026-08-28T01:27:51Z
2026-08-28T01:22:45Z,2026-08-28T03:22:45+0200,fe344a24-22e0-4cc6-9f99-c4acdbe3c429,2026-08-09T18:45:00Z,2026-08-09T20:45:00+0200,362.0,MW,NL,NL,forecast_solar_generation,Solar,2026-08-28T01:27:51Z
2026-08-28T01:22:45Z,2026-08-28T03:22:45+0200,fe344a24-22e0-4cc6-9f99-c4acdbe3c429,2026-08-09T19:00:00Z,2026-08-09T21:00:00+0200,190.0,MW,NL,NL,forecast_solar_generation,Solar,2026-08-28T01:27:51Z
2026-08-28T01:22:45Z,2026-08-28T03:22:45+0200,fe344a24-22e0-4cc6-9f99-c4acdbe3c429,2026-08-09T19:15:00Z,2026-08-09T21:15:00+0200,144.0,MW,NL,NL,forecast_solar_generation,Solar,2026-08-28T01:27:51Z
2026-08-28T01:22:45Z,2026-08-28T03:22:45+0200,fe344a24-22e0-4cc6-9f99-c4acdbe3c429,2026-08-09T19:30:00Z,2026-08-09T21:30:00+0200,98.0,MW,NL,NL,forecast_solar_generation,Solar,2026-08-28T01:27:51Z
2026-08-28T01:22:45Z,2026-08-28T03:22:45+0200,fe344a24-22e0-4cc6-9f99-c4acdbe3c429,2026-08-09T19:45:00Z,2026-08-09T21:45:00+0200,49.0,MW,NL,NL,forecast_solar_generation,Solar,2026-08-28T01:27:51Z
2026-08-28T01:22:45Z,2026-08-28T03:22:45+0200,fe344a24-22e0-4cc6-9f99-c4acdbe3c429,2026-08-09T20:00:00Z,2026-08-09T22:00:00+0200,0.0,MW,NL,NL,forecast_solar_generation,Solar,2026-08-28T01:27:51Z
2026-08-28T01:22:45Z,2026-08-28T03:22:45+0200,fe344a24-22e0-4cc6-9f99-c4acdbe3c429,2026-08-09T20:15:00Z,2026-08-09T22:15:00+0200,0.0,MW,NL,NL,forecast_solar_generation,Solar,2026-08-28T01:27:51Z
2026-08-28T01:22:45Z,2026-08-28T03:22:45+0200,fe344a24-22e0-4cc6-9f99-c4acdbe3c429,2026-08-09T20:30:00Z,2026-08-09T22:30:00+0200,0.0,MW,NL,NL,forecast_solar_generation,Solar,2026-08-28T01:27:51Z
2026-08-28T01:22:45Z,2026-08-28T03:22:45+0200,fe344a24-22e0-4cc6-9f99-c4acdbe3c429,2026-08-09T20:45:00Z,2026-08-09T22:45:00+0200,0.0,MW,NL,NL,forecast_solar_generation,Solar,2026-08-28T01:27:51Z
2026-08-28T01:22:45Z,2026-08-28T03:22:45+0200,fe344a24-22e0-4cc6-9f99-c4acdbe3c429,2026-08-09T21:00:00Z,2026-08-09T23:00:00+0200,0.0,MW,NL,NL,forecast_solar_generation,Solar,2026-08-28T01:27:51Z
2026-08-28T01:22:45Z,2026-08-28T03:22:45+0200,fe344a24-22e0-4cc6-9f99-c4acdbe3c429,2026-08-09T21:15:00Z,2026-08-09T23:15:00+0200,0.0,MW,NL,NL,forecast_solar_generation,Solar,2026-08-28T01:27:51Z
2026-08-28T01:22:45Z,2026-08-28T03:22:45+0200,fe344a24-22e0-4cc6-9f99-c4acdbe3c429,2026-08-09T21:30:00Z,2026-08-09T23:30:00+0200,0.0,MW,NL,NL,forecast_solar_generation,Solar,2026-08-28T01:27:51Z
2026-08-28T01:22:45Z,2026-08-28T03:22:45+0200,fe344a24-22e0-4cc6-9f99-c4acdbe3c429,2026-08-09T21:45:00Z,2026-08-09T23:45:00+0200,0.0,MW,NL,NL,forecast_solar_generation,Solar,2026-08-28T01:27:51Z
2026-08-28T01:22:45Z,2026-08-28T03:22:45+0200,fe344a24-22e0-4cc6-9f99-c4acdbe3c429,2026-08-09T22:00:00Z,2026-08-10T00:00:00+0200,0.0,MW,NL,NL,forecast_solar_generation,Solar,2026-08-28T01:27:51Z
2026-08-28T01:22:45Z,2026-08-28T03:22:45+0200,fe344a24-22e0-4cc6-9f99-c4acdbe3c429,2026-08-09T22:15:00Z,2026-08-10T00:15:00+0200,0.0,MW,NL,NL,forecast_solar_generation,Solar,2026-08-28T01:27:51Z
2026-08-28T01:22:45Z,2026-08-28T03:22:45+0200,fe344a24-22e0-4cc6-9f99-c4acdbe3c429,2026-08-09T22:30:00Z,2026-08-10T00:30:00+0200,0.0,MW,NL,NL,forecast_solar_generation,Solar,2026-08-28T01:27:51Z
2026-08-28T01:22:45Z,2026-08-28T03:22:45+0200,fe344a24-22e0-4cc6-9f99-c4acdbe3c429,2026-08-09T22:45:00Z,2026-08-10T00:45:00+0200,0.0,MW,NL,NL,forecast_solar_generation,Solar,2026-08-28T01:27:51Z
2026-08-28T01:22:45Z,2026-08-28T03:22:45+0200,fe344a24-22e0-4cc6-9f99-c4acdbe3c429,2026-08-09T23:00:00Z,2026-08-10T01:00:00+0200,0.0,MW,NL,NL,forecast_solar_generation,Solar,2026-08-28T01:27:51Z
2026-08-28T01:22:45Z,2026-08-28T03:22:45+0200,fe344a24-22e0-4cc6-9f99-c4acdbe3c429,2026-08-09T23:15:00Z,2026-08-10T01:15:00+0200,0.0,MW,NL,NL,forecast_solar_generation,Solar,2026-08-28T01:27:51Z
2026-08-28T01:22:45Z,2026-08-28T03:22:45+0200,fe344a24-22e0-4cc6-9f99-c4acdbe3c429,2026-08-09T23:30:00Z,2026-08-10T01:30:00+0200,0.0,MW,NL,NL,forecast_solar_generation,Solar,2026-08-28T01:27:51Z
2026-08-28T01:22:45Z,2026-08-28T03:22:45+0200,fe344a24-22e0-4cc6-9f99-c4acdbe3c429,2026-08-09T23:45:00Z,2026-08-10T01:45:00+0200,0.0,MW,NL,NL,forecast_solar_generation,Solar,2026-08-28T01:27:51Z
2026-08-28T01:22:45Z,2026-08-28T03:22:45+0200,fe344a24-22e0-4cc6-9f99-c4acdbe3c429,2026-08-10T00:00:00Z,2026-08-10T02:00:00+0200,0.0,MW,NL,NL,forecast_solar_generation,Solar,2026-08-28T01:27:51Z
2026-08-28T01:22:45Z,2026-08-28T03:22:45+0200,fe344a24-22e0-4cc6-9f99-c4acdbe3c429,2026-08-10T00:15:00Z,2026-08-10T02:15:00+0200,0.0,MW,NL,NL,forecast_solar_generation,Solar,2026-08-28T01:27:51Z
2026-08-28T01:22:45Z,2026-08-28T03:22:45+0200,fe344a24-22e0-4cc6-9f99-c4acdbe3c429,2026-08-10T00:30:00Z,2026-08-10T02:30:00+0200,0.0,MW,NL,NL,forecast_solar_generation,Solar,2026-08-28T01:27:51Z
2026-08-28T01:22:45Z,2026-08-28T03:22:45+0200,fe344a24-22e0-4cc6-9f99-c4acdbe3c429,2026-08-10T00:45:00Z,2026-08-10T02:45:00+0200,0.0,MW,NL,NL,forecast_solar_generation,Solar,2026-08-28T01:27:51Z
2026-08-28T01:22:45Z,2026-08-28T03:22:45+0200,fe344a24-22e0-4cc6-9f99-c4acdbe3c429,2026-08-10T01:00:00Z,2026-08-10T03:00:00+0200,0.0,MW,NL,NL,forecast_solar_generation,Solar,2026-08-28T01:27:51Z
2026-08-28T01:22:45Z,2026-08-28T03:22:45+0200,fe344a24-22e0-4cc6-9f99-c4acdbe3c429,2026-08-10T01:15:00Z,2026-08-10T03:15:00+0200,0.0,MW,NL,NL,forecast_solar_generation,Solar,2026-08-28T01:27:51Z
2026-08-28T01:22:45Z,2026-08-28T03:22:45+0200,fe344a24-22e0-4cc6-9f99-c4acdbe3c429,2026-08-10T01:30:00Z,2026-08-10T03:30:00+0200,0.0,MW,NL,NL,forecast_solar_generation,Solar,2026-08-28T01:27:51Z
2026-08-28T01:22:45Z,2026-08-28T03:22:45+0200,fe344a24-22e0-4cc6-9f99-c4acdbe3c429,2026-08-10T01:45:00Z,2026-08-10T03:45:00+0200,0.0,MW,NL,NL,forecast_solar_generation,Solar,2026-08-28T01:27:51Z
2026-08-28T01:22:45Z,2026-08-28T03:22:45+0200,fe344a24-22e0-4cc6-9f99-c4acdbe3c429,2026-08-10T02:00:00Z,2026-08-10T04:00:00+0200,0.0,MW,NL,NL,forecast_solar_generation,Solar,2026-08-28T01:27:51Z
2026-08-28T01:22:45Z,2026-08-28T03:22:45+0200,fe344a24-22e0-4cc6-9f99-c4acdbe3c429,2026-08-10T02:15:00Z,2026-08-10T04:15:00+0200,0.0,MW,NL,NL,forecast_solar_generation,Solar,2026-08-28T01:27:51Z
2026-08-28T01:22:45Z,2026-08-28T03:22:45+0200,fe344a24-22e0-4cc6-9f99-c4acdbe3c429,2026-08-10T02:30:00Z,2026-08-10T04:30:00+0200,0.0,MW,NL,NL,forecast_solar_generation,Solar,2026-08-28T01:27:51Z
2026-08-28T01:22:45Z,2026-08-28T03:22:45+0200,fe344a24-22e0-4cc6-9f99-c4acdbe3c429,2026-08-10T02:45:00Z,2026-08-10T04:45:00+0200,0.0,MW,NL,NL,forecast_solar_generation,Solar,2026-08-28T01:27:51Z
2026-08-28T01:22:45Z,2026-08-28T03:22:45+0200,fe344a24-22e0-4cc6-9f99-c4acdbe3c429,2026-08-10T03:00:00Z,2026-08-10T05:00:00+0200,0.0,MW,NL,NL,forecast_solar_generation,Solar,2026-08-28T01:27:51Z
2026-08-28T01:22:45Z,2026-08-28T03:22:45+0200,fe344a24-22e0-4cc6-9f99-c4acdbe3c429,2026-08-10T03:15:00Z,2026-08-10T05:15:00+0200,0.0,MW,NL,NL,forecast_solar_generation,Solar,2026-08-28T01:27:51Z
2026-08-28T01:22:45Z,2026-08-28T03:22:45+0200,fe344a24-22e0-4cc6-9f99-c4acdbe3c429,2026-08-10T03:30:00Z,2026-08-10T05:30:00+0200,0.0,MW,NL,NL,forecast_solar_generation,Solar,2026-08-28T01:27:51Z
2026-08-28T01:22:45Z,2026-08-28T03:22:45+0200,fe344a24-22e0-4cc6-9f99-c4acdbe3c429,2026-08-10T03:45:00Z,2026-08-10T05:45:00+0200,0.0,MW,NL,NL,forecast_solar_generation,Solar,2026-08-28T01:27:51Z
2026-08-28T01:22:45Z,2026-08-28T03:22:45+0200,fe344a24-22e0-4cc6-9f99-c4acdbe3c429,2026-08-10T04:00:00Z,2026-08-10T06:00:00+0200,0.0,MW,NL,NL,forecast_solar_generation,Solar,2026-08-28T01:27:51Z
2026-08-28T01:22:45Z,2026-08-28T03:22:45+0200,fe344a24-22e0-4cc6-9f99-c4acdbe3c429,2026-08-10T04:15:00Z,2026-08-10T06:15:00+0200,8.0,MW,NL,NL,forecast_solar_generation,Solar,2026-08-28T01:27:51Z
2026-08-28T01:22:45Z,2026-08-28T03:22:45+0200,fe344a24-22e0-4cc6-9f99-c4acdbe3c429,2026-08-10T04:30:00Z,2026-08-10T06:30:00+0200,16.0,MW,NL,NL,forecast_solar_generation,Solar,2026-08-28T01:27:51Z
2026-08-28T01:22:45Z,2026-08-28T03:22:45+0200,fe344a24-22e0-4cc6-9f99-c4acdbe3c429,2026-08-10T04:45:00Z,2026-08-10T06:45:00+0200,27.0,MW,NL,NL,forecast_solar_generation,Solar,2026-08-28T01:27:51Z
2026-08-28T01:22:45Z,2026-08-28T03:22:45+0200,fe344a24-22e0-4cc6-9f99-c4acdbe3c429,2026-08-10T05:00:00Z,2026-08-10T07:00:00+0200,35.0,MW,NL,NL,forecast_solar_generation,Solar,2026-08-28T01:27:51Z
2026-08-28T01:22:45Z,2026-08-28T03:22:45+0200,fe344a24-22e0-4cc6-9f99-c4acdbe3c429,2026-08-10T05:15:00Z,2026-08-10T07:15:00+0200,149.0,MW,NL,NL,forecast_solar_generation,Solar,2026-08-28T01:27:51Z
2026-08-28T01:22:45Z,2026-08-28T03:22:45+0200,fe344a24-22e0-4cc6-9f99-c4acdbe3c429,2026-08-10T05:30:00Z,2026-08-10T07:30:00+0200,260.0,MW,NL,NL,forecast_solar_generation,Solar,2026-08-28T01:27:51Z
2026-08-28T01:22:45Z,2026-08-28T03:22:45+0200,fe344a24-22e0-4cc6-9f99-c4acdbe3c429,2026-08-10T05:45:00Z,2026-08-10T07:45:00+0200,374.0,MW,NL,NL,forecast_solar_generation,Solar,2026-08-28T01:27:51Z
2026-08-28T01:22:45Z,2026-08-28T03:22:45+0200,fe344a24-22e0-4cc6-9f99-c4acdbe3c429,2026-08-10T06:00:00Z,2026-08-10T08:00:00+0200,487.0,MW,NL,NL,forecast_solar_generation,Solar,2026-08-28T01:27:51Z
2026-08-28T01:22:45Z,2026-08-28T03:22:45+0200,fe344a24-22e0-4cc6-9f99-c4acdbe3c429,2026-08-10T06:15:00Z,2026-08-10T08:15:00+0200,664.0,MW,NL,NL,forecast_solar_generation,Solar,2026-08-28T01:27:51Z
2026-08-28T01:22:45Z,2026-08-28T03:22:45+0200,fe344a24-22e0-4cc6-9f99-c4acdbe3c429,2026-08-10T06:30:00Z,2026-08-10T08:30:00+0200,840.0,MW,NL,NL,forecast_solar_generation,Solar,2026-08-28T01:27:51Z
2026-08-28T01:22:45Z,2026-08-28T03:22:45+0200,fe344a24-22e0-4cc6-9f99-c4acdbe3c429,2026-08-10T06:45:00Z,2026-08-10T08:45:00+0200,1015.0,MW,NL,NL,forecast_solar_generation,Solar,2026-08-28T01:27:51Z
2026-08-28T01:22:45Z,2026-08-28T03:22:45+0200,fe344a24-22e0-4cc6-9f99-c4acdbe3c429,2026-08-10T07:00:00Z,2026-08-10T09:00:00+0200,1190.0,MW,NL,NL,forecast_solar_generation,Solar,2026-08-28T01:27:51Z
2026-08-28T01:22:45Z,2026-08-28T03:22:45+0200,fe344a24-22e0-4cc6-9f99-c4acdbe3c429,2026-08-10T07:15:00Z,2026-08-10T09:15:00+0200,1411.0,MW,NL,NL,forecast_solar_generation,Solar,2026-08-28T01:27:51Z
2026-08-28T01:22:45Z,2026-08-28T03:22:45+0200,fe344a24-22e0-4cc6-9f99-c4acdbe3c429,2026-08-10T07:30:00Z,2026-08-10T09:30:00+0200,1632.0,MW,NL,NL,forecast_solar_generation,Solar,2026-08-28T01:27:51Z
2026-08-28T01:22:45Z,2026-08-28T03:22:45+0200,fe344a24-22e0-4cc6-9f99-c4acdbe3c429,2026-08-10T07:45:00Z,2026-08-10T09:45:00+0200,1854.0,MW,NL,NL,forecast_solar_generation,Solar,2026-08-28T01:27:51Z
2026-08-28T01:22:45Z,2026-08-28T03:22:45+0200,fe344a24-22e0-4cc6-9f99-c4acdbe3c429,2026-08-10T08:00:00Z,2026-08-10T10:00:00+0200,2075.0,MW,NL,NL,forecast_solar_generation,Solar,2026-08-28T01:27:51Z
2026-08-28T01:22:45Z,2026-08-28T03:22:45+0200,fe344a24-22e0-4cc6-9f99-c4acdbe3c429,2026-08-10T08:15:00Z,2026-08-10T10:15:00+0200,2278.0,MW,NL,NL,forecast_solar_generation,Solar,2026-08-28T01:27:51Z
2026-08-28T01:22:45Z,2026-08-28T03:22:45+0200,fe344a24-22e0-4cc6-9f99-c4acdbe3c429,2026-08-10T08:30:00Z,2026-08-10T10:30:00+0200,2479.0,MW,NL,NL,forecast_solar_generation,Solar,2026-08-28T01:27:51Z
2026-08-28T01:22:45Z,2026-08-28T03:22:45+0200,fe344a24-22e0-4cc6-9f99-c4acdbe3c429,2026-08-10T08:45:00Z,2026-08-10T10:45:00+0200,2682.0,MW,NL,NL,forecast_solar_generation,Solar,2026-08-28T01:27:51Z
2026-08-28T01:22:45Z,2026-08-28T03:22:45+0200,fe344a24-22e0-4cc6-9f99-c4acdbe3c429,2026-08-10T09:00:00Z,2026-08-10T11:00:00+0200,2883.0,MW,NL,NL,forecast_solar_generation,Solar,2026-08-28T01:27:51Z
2026-08-28T01:22:45Z,2026-08-28T03:22:45+0200,fe344a24-22e0-4cc6-9f99-c4acdbe3c429,2026-08-10T09:15:00Z,2026-08-10T11:15:00+0200,2940.0,MW,NL,NL,forecast_solar_generation,Solar,2026-08-28T01:27:51Z
2026-08-28T01:22:45Z,2026-08-28T03:22:45+0200,fe344a24-22e0-4cc6-9f99-c4acdbe3c429,2026-08-10T09:30:00Z,2026-08-10T11:30:00+0200,2998.0,MW,NL,NL,forecast_solar_generation,Solar,2026-08-28T01:27:51Z
2026-08-28T01:22:45Z,2026-08-28T03:22:45+0200,fe344a24-22e0-4cc6-9f99-c4acdbe3c429,2026-08-10T09:45:00Z,2026-08-10T11:45:00+0200,3056.0,MW,NL,NL,forecast_solar_generation,Solar,2026-08-28T01:27:51Z
2026-08-28T01:22:45Z,2026-08-28T03:22:45+0200,fe344a24-22e0-4cc6-9f99-c4acdbe3c429,2026-08-10T10:00:00Z,2026-08-10T12:00:00+0200,3113.0,MW,NL,NL,forecast_solar_generation,Solar,2026-08-28T01:27:51Z
2026-08-28T01:22:45Z,2026-08-28T03:22:45+0200,fe344a24-22e0-4cc6-9f99-c4acdbe3c429,2026-08-10T10:15:00Z,2026-08-10T12:15:00+0200,3209.0,MW,NL,NL,forecast_solar_generation,Solar,2026-08-28T01:27:51Z
2026-08-28T01:22:45Z,2026-08-28T03:22:45+0200,fe344a24-22e0-4cc6-9f99-c4acdbe3c429,2026-08-10T10:30:00Z,2026-08-10T12:30:00+0200,3307.0,MW,NL,NL,forecast_solar_generation,Solar,2026-08-28T01:27:51Z
2026-08-28T01:22:45Z,2026-08-28T03:22:45+0200,fe344a24-22e0-4cc6-9f99-c4acdbe3c429,2026-08-10T10:45:00Z,2026-08-10T12:45:00+0200,3407.0,MW,NL,NL,forecast_solar_generation,Solar,2026-08-28T01:27:51Z
2026-08-28T01:22:45Z,2026-08-28T03:22:45+0200,fe344a24-22e0-4cc6-9f99-c4acdbe3c429,2026-08-10T11:00:00Z,2026-08-10T13:00:00+0200,3503.0,MW,NL,NL,forecast_solar_generation,Solar,2026-08-28T01:27:51Z
2026-08-28T01:22:45Z,2026-08-28T03:22:45+0200,fe344a24-22e0-4cc6-9f99-c4acdbe3c429,2026-08-10T11:15:00Z,2026-08-10T13:15:00+0200,3545.0,MW,NL,NL,forecast_solar_generation,Solar,2026-08-28T01:27:51Z
2026-08-28T01:22:45Z,2026-08-28T03:22:45+0200,fe344a24-22e0-4cc6-9f99-c4acdbe3c429,2026-08-10T11:30:00Z,2026-08-10T13:30:00+0200,3588.0,MW,NL,NL,forecast_solar_generation,Solar,2026-08-28T01:27:51Z
2026-08-28T01:22:45Z,2026-08-28T03:22:45+0200,fe344a24-22e0-4cc6-9f99-c4acdbe3c429,2026-08-10T11:45:00Z,2026-08-10T13:45:00+0200,3630.0,MW,NL,NL,forecast_solar_generation,Solar,2026-08-28T01:27:51Z
2026-08-28T01:22:45Z,2026-08-28T03:22:45+0200,fe344a24-22e0-4cc6-9f99-c4acdbe3c429,2026-08-10T12:00:00Z,2026-08-10T14:00:00+0200,3672.0,MW,NL,NL,forecast_solar_generation,Solar,2026-08-28T01:27:51Z
2026-08-28T01:22:45Z,2026-08-28T03:22:45+0200,fe344a24-22e0-4cc6-9f99-c4acdbe3c429,2026-08-10T12:15:00Z,2026-08-10T14:15:00+0200,3789.0,MW,NL,NL,forecast_solar_generation,Solar,2026-08-28T01:27:51Z
2026-08-28T01:22:45Z,2026-08-28T03:22:45+0200,fe344a24-22e0-4cc6-9f99-c4acdbe3c429,2026-08-10T12:30:00Z,2026-08-10T14:30:00+0200,3905.0,MW,NL,NL,forecast_solar_generation,Solar,2026-08-28T01:27:51Z
2026-08-28T01:22:45Z,2026-08-28T03:22:45+0200,fe344a24-22e0-4cc6-9f99-c4acdbe3c429,2026-08-10T12:45:00Z,2026-08-10T14:45:00+0200,4022.0,MW,NL,NL,forecast_solar_generation,Solar,2026-08-28T01:27:51Z
2026-08-28T01:22:45Z,2026-08-28T03:22:45+0200,fe344a24-22e0-4cc6-9f99-c4acdbe3c429,2026-08-10T13:00:00Z,2026-08-10T15:00:00+0200,4141.0,MW,NL,NL,forecast_solar_generation,Solar,2026-08-28T01:27:51Z
2026-08-28T01:22:45Z,2026-08-28T03:22:45+0200,fe344a24-22e0-4cc6-9f99-c4acdbe3c429,2026-08-10T13:15:00Z,2026-08-10T15:15:00+0200,4057.0,MW,NL,NL,forecast_solar_generation,Solar,2026-08-28T01:27:51Z
2026-08-28T01:22:45Z,2026-08-28T03:22:45+0200,fe344a24-22e0-4cc6-9f99-c4acdbe3c429,2026-08-10T13:30:00Z,2026-08-10T15:30:00+0200,3976.0,MW,NL,NL,forecast_solar_generation,Solar,2026-08-28T01:27:51Z
2026-08-28T01:22:45Z,2026-08-28T03:22:45+0200,fe344a24-22e0-4cc6-9f99-c4acdbe3c429,2026-08-10T13:45:00Z,2026-08-10T15:45:00+0200,3891.0,MW,NL,NL,forecast_solar_generation,Solar,2026-08-28T01:27:51Z
2026-08-28T01:22:45Z,2026-08-28T03:22:45+0200,fe344a24-22e0-4cc6-9f99-c4acdbe3c429,2026-08-10T14:00:00Z,2026-08-10T16:00:00+0200,3807.0,MW,NL,NL,forecast_solar_generation,Solar,2026-08-28T01:27:51Z
2026-08-28T01:22:45Z,2026-08-28T03:22:45+0200,fe344a24-22e0-4cc6-9f99-c4acdbe3c429,2026-08-10T14:15:00Z,2026-08-10T16:15:00+0200,3666.0,MW,NL,NL,forecast_solar_generation,Solar,2026-08-28T01:27:51Z
2026-08-28T01:22:45Z,2026-08-28T03:22:45+0200,fe344a24-22e0-4cc6-9f99-c4acdbe3c429,2026-08-10T14:30:00Z,2026-08-10T16:30:00+0200,3524.0,MW,NL,NL,forecast_solar_generation,Solar,2026-08-28T01:27:51Z
2026-08-28T01:22:45Z,2026-08-28T03:22:45+0200,fe344a24-22e0-4cc6-9f99-c4acdbe3c429,2026-08-10T14:45:00Z,2026-08-10T16:45:00+0200,3382.0,MW,NL,NL,forecast_solar_generation,Solar,2026-08-28T01:27:51Z
2026-08-28T01:22:45Z,2026-08-28T03:22:45+0200,fe344a24-22e0-4cc6-9f99-c4acdbe3c429,2026-08-10T15:00:00Z,2026-08-10T17:00:00+0200,3241.0,MW,NL,NL,forecast_solar_generation,Solar,2026-08-28T01:27:51Z
2026-08-28T01:22:45Z,2026-08-28T03:22:45+0200,fe344a24-22e0-4cc6-9f99-c4acdbe3c429,2026-08-10T15:15:00Z,2026-08-10T17:15:00+0200,3081.0,MW,NL,NL,forecast_solar_generation,Solar,2026-08-28T01:27:51Z
2026-08-28T01:22:45Z,2026-08-28T03:22:45+0200,fe344a24-22e0-4cc6-9f99-c4acdbe3c429,2026-08-10T15:30:00Z,2026-08-10T17:30:00+0200,2925.0,MW,NL,NL,forecast_solar_generation,Solar,2026-08-28T01:27:51Z
2026-08-28T01:22:45Z,2026-08-28T03:22:45+0200,fe344a24-22e0-4cc6-9f99-c4acdbe3c429,2026-08-10T15:45:00Z,2026-08-10T17:45:00+0200,2767.0,MW,NL,NL,forecast_solar_generation,Solar,2026-08-28T01:27:51Z
2026-08-28T01:22:45Z,2026-08-28T03:22:45+0200,fe344a24-22e0-4cc6-9f99-c4acdbe3c429,2026-08-10T16:00:00Z,2026-08-10T18:00:00+0200,2608.0,MW,NL,NL,forecast_solar_generation,Solar,2026-08-28T01:27:51Z
2026-08-28T01:22:45Z,2026-08-28T03:22:45+0200,fe344a24-22e0-4cc6-9f99-c4acdbe3c429,2026-08-10T16:15:00Z,2026-08-10T18:15:00+0200,2378.0,MW,NL,NL,forecast_solar_generation,Solar,2026-08-28T01:27:51Z
2026-08-28T01:22:45Z,2026-08-28T03:22:45+0200,fe344a24-22e0-4cc6-9f99-c4acdbe3c429,2026-08-10T16:30:00Z,2026-08-10T18:30:00+0200,2148.0,MW,NL,NL,forecast_solar_generation,Solar,2026-08-28T01:27:51Z
2026-08-28T01:22:45Z,2026-08-28T03:22:45+0200,fe344a24-22e0-4cc6-9f99-c4acdbe3c429,2026-08-10T16:45:00Z,2026-08-10T18:45:00+0200,1917.0,MW,NL,NL,forecast_solar_generation,Solar,2026-08-28T01:27:51Z
2026-08-28T01:22:45Z,2026-08-28T03:22:45+0200,fe344a24-22e0-4cc6-9f99-c4acdbe3c429,2026-08-10T17:00:00Z,2026-08-10T19:00:00+0200,1687.0,MW,NL,NL,forecast_solar_generation,Solar,2026-08-28T01:27:51Z
2026-08-28T01:22:45Z,2026-08-28T03:22:45+0200,fe344a24-22e0-4cc6-9f99-c4acdbe3c429,2026-08-10T17:15:00Z,2026-08-10T19:15:00+0200,1472.0,MW,NL,NL,forecast_solar_generation,Solar,2026-08-28T01:27:51Z
2026-08-28T01:22:45Z,2026-08-28T03:22:45+0200,fe344a24-22e0-4cc6-9f99-c4acdbe3c429,2026-08-10T17:30:00Z,2026-08-10T19:30:00+0200,1258.0,MW,NL,NL,forecast_solar_generation,Solar,2026-08-28T01:27:51Z
2026-08-28T01:22:45Z,2026-08-28T03:22:45+0200,fe344a24-22e0-4cc6-9f99-c4acdbe3c429,2026-08-10T17:45:00Z,2026-08-10T19:45:00+0200,1042.0,MW,NL,NL,forecast_solar_generation,Solar,2026-08-28T01:27:51Z
2026-08-28T01:22:45Z,2026-08-28T03:22:45+0200,fe344a24-22e0-4cc6-9f99-c4acdbe3c429,2026-08-10T18:00:00Z,2026-08-10T20:00:00+0200,829.0,MW,NL,NL,forecast_solar_generation,Solar,2026-08-28T01:27:51Z
2026-08-28T01:22:45Z,2026-08-28T03:22:45+0200,fe344a24-22e0-4cc6-9f99-c4acdbe3c429,2026-08-10T18:15:00Z,2026-08-10T20:15:00+0200,656.0,MW,NL,NL,forecast_solar_generation,Solar,2026-08-28T01:27:51Z
2026-08-28T01:22:45Z,2026-08-28T03:22:45+0200,fe344a24-22e0-4cc6-9f99-c4acdbe3c429,2026-08-10T18:30:00Z,2026-08-10T20:30:00+0200,488.0,MW,NL,NL,forecast_solar_generation,Solar,2026-08-28T01:27:51Z
2026-08-28T01:22:45Z,2026-08-28T03:22:45+0200,fe344a24-22e0-4cc6-9f99-c4acdbe3c429,2026-08-10T18:45:00Z,2026-08-10T20:45:00+0200,315.0,MW,NL,NL,forecast_solar_generation,Solar,2026-08-28T01:27:51Z
2026-08-28T01:22:45Z,2026-08-28T03:22:45+0200,fe344a24-22e0-4cc6-9f99-c4acdbe3c429,2026-08-10T19:00:00Z,2026-08-10T21:00:00+0200,143.0,MW,NL,NL,forecast_solar_generation,Solar,2026-08-28T01:27:51Z
2026-08-28T01:22:45Z,2026-08-28T03:22:45+0200,fe344a24-22e0-4cc6-9f99-c4acdbe3c429,2026-08-10T19:15:00Z,2026-08-10T21:15:00+0200,108.0,MW,NL,NL,forecast_solar_generation,Solar,2026-08-28T01:27:51Z
2026-08-28T01:22:45Z,2026-08-28T03:22:45+0200,fe344a24-22e0-4cc6-9f99-c4acdbe3c429,2026-08-10T19:30:00Z,2026-08-10T21:30:00+0200,72.0,MW,NL,NL,forecast_solar_generation,Solar,2026-08-28T01:27:51Z
2026-08-28T01:22:45Z,2026-08-28T03:22:45+0200,fe344a24-22e0-4cc6-9f99-c4acdbe3c429,2026-08-10T19:45:00Z,2026-08-10T21:45:00+0200,36.0,MW,NL,NL,forecast_solar_generation,Solar,2026-08-28T01:27:51Z
2026-08-28T01:22:45Z,2026-08-28T03:22:45+0200,fe344a24-22e0-4cc6-9f99-c4acdbe3c429,2026-08-10T20:00:00Z,2026-08-10T22:00:00+0200,0.0,MW,NL,NL,forecast_solar_generation,Solar,2026-08-28T01:27:51Z
2026-08-28T01:22:45Z,2026-08-28T03:22:45+0200,fe344a24-22e0-4cc6-9f99-c4acdbe3c429,2026-08-10T20:15:00Z,2026-08-10T22:15:00+0200,0.0,MW,NL,NL,forecast_solar_generation,Solar,2026-08-28T01:27:51Z
2026-08-28T01:22:45Z,2026-08-28T03:22:45+0200,fe344a24-22e0-4cc6-9f99-c4acdbe3c429,2026-08-10T20:30:00Z,2026-08-10T22:30:00+0200,0.0,MW,NL,NL,forecast_solar_generation,Solar,2026-08-28T01:27:51Z
2026-08-28T01:22:45Z,2026-08-28T03:22:45+0200,fe344a24-22e0-4cc6-9f99-c4acdbe3c429,2026-08-10T20:45:00Z,2026-08-10T22:45:00+0200,0.0,MW,NL,NL,forecast_solar_generation,Solar,2026-08-28T01:27:51Z
2026-08-28T01:22:45Z,2026-08-28T03:22:45+0200,fe344a24-22e0-4cc6-9f99-c4acdbe3c429,2026-08-10T21:00:00Z,2026-08-10T23:00:00+0200,0.0,MW,NL,NL,forecast_solar_generation,Solar,2026-08-28T01:27:51Z
2026-08-28T01:22:45Z,2026-08-28T03:22:45+0200,fe344a24-22e0-4cc6-9f99-c4acdbe3c429,2026-08-10T21:15:00Z,2026-08-10T23:15:00+0200,0.0,MW,NL,NL,forecast_solar_generation,Solar,2026-08-28T01:27:51Z
2026-08-28T01:22:45Z,2026-08-28T03:22:45+0200,fe344a24-22e0-4cc6-9f99-c4acdbe3c429,2026-08-10T21:30:00Z,2026-08-10T23:30:00+0200,0.0,MW,NL,NL,forecast_solar_generation,Solar,2026-08-28T01:27:51Z
2026-08-28T01:22:45Z,2026-08-28T03:22:45+0200,fe344a24-22e0-4cc6-9f99-c4acdbe3c429,2026-08-10T21:45:00Z,2026-08-10T23:45:00+0200,0.0,MW,NL,NL,forecast_solar_generation,Solar,2026-08-28T01:27:51Z
2026-08-28T01:22:45Z,2026-08-28T03:22:45+0200,fe344a24-22e0-4cc6-9f99-c4acdbe3c429,2026-08-10T22:00:00Z,2026-08-11T00:00:00+0200,0.0,MW,NL,NL,forecast_solar_generation,Solar,2026-08-28T01:27:51Z
2026-08-28T01:22:45Z,2026-08-28T03:22:45+0200,fe344a24-22e0-4cc6-9f99-c4acdbe3c429,2026-08-10T22:15:00Z,2026-08-11T00:15:00+0200,0.0,MW,NL,NL,forecast_solar_generation,Solar,2026-08-28T01:27:51Z
2026-08-28T01:22:45Z,2026-08-28T03:22:45+0200,fe344a24-22e0-4cc6-9f99-c4acdbe3c429,2026-08-10T22:30:00Z,2026-08-11T00:30:00+0200,0.0,MW,NL,NL,forecast_solar_generation,Solar,2026-08-28T01:27:51Z
2026-08-28T01:22:45Z,2026-08-28T03:22:45+0200,fe344a24-22e0-4cc6-9f99-c4acdbe3c429,2026-08-10T22:45:00Z,2026-08-11T00:45:00+0200,0.0,MW,NL,NL,forecast_solar_generation,Solar,2026-08-28T01:27:51Z
2026-08-28T01:22:45Z,2026-08-28T03:22:45+0200,fe344a24-22e0-4cc6-9f99-c4acdbe3c429,2026-08-10T23:00:00Z,2026-08-11T01:00:00+0200,0.0,MW,NL,NL,forecast_solar_generation,Solar,2026-08-28T01:27:51Z
2026-08-28T01:22:45Z,2026-08-28T03:22:45+0200,fe344a24-22e0-4cc6-9f99-c4acdbe3c429,2026-08-10T23:15:00Z,2026-08-11T01:15:00+0200,0.0,MW,NL,NL,forecast_solar_generation,Solar,2026-08-28T01:27:51Z
2026-08-28T01:22:45Z,2026-08-28T03:22:45+0200,fe344a24-22e0-4cc6-9f99-c4acdbe3c429,2026-08-10T23:30:00Z,2026-08-11T01:30:00+0200,0.0,MW,NL,NL,forecast_solar_generation,Solar,2026-08-28T01:27:51Z
2026-08-28T01:22:45Z,2026-08-28T03:22:45+0200,fe344a24-22e0-4cc6-9f99-c4acdbe3c429,2026-08-10T23:45:00Z,2026-08-11T01:45:00+0200,0.0,MW,NL,NL,forecast_solar_generation,Solar,2026-08-28T01:27:51Z
2026-08-28T01:22:45Z,2026-08-28T03:22:45+0200,fe344a24-22e0-4cc6-9f99-c4acdbe3c429,2026-08-11T00:00:00Z,2026-08-11T02:00:00+0200,0.0,MW,NL,NL,forecast_solar_generation,Solar,2026-08-28T01:27:51Z
2026-08-28T01:22:45Z,2026-08-28T03:22:45+0200,fe344a24-22e0-4cc6-9f99-c4acdbe3c429,2026-08-11T00:15:00Z,2026-08-11T02:15:00+0200,0.0,MW,NL,NL,forecast_solar_generation,Solar,2026-08-28T01:27:51Z
2026-08-28T01:22:45Z,2026-08-28T03:22:45+0200,fe344a24-22e0-4cc6-9f99-c4acdbe3c429,2026-08-11T00:30:00Z,2026-08-11T02:30:00+0200,0.0,MW,NL,NL,forecast_solar_generation,Solar,2026-08-28T01:27:51Z
2026-08-28T01:22:45Z,2026-08-28T03:22:45+0200,fe344a24-22e0-4cc6-9f99-c4acdbe3c429,2026-08-11T00:45:00Z,2026-08-11T02:45:00+0200,0.0,MW,NL,NL,forecast_solar_generation,Solar,2026-08-28T01:27:51Z
2026-08-28T01:22:45Z,2026-08-28T03:22:45+0200,fe344a24-22e0-4cc6-9f99-c4acdbe3c429,2026-08-11T01:00:00Z,2026-08-11T03:00:00+0200,0.0,MW,NL,NL,forecast_solar_generation,Solar,2026-08-28T01:27:51Z
2026-08-28T01:22:45Z,2026-08-28T03:22:45+0200,fe344a24-22e0-4cc6-9f99-c4acdbe3c429,2026-08-11T01:15:00Z,2026-08-11T03:15:00+0200,0.0,MW,NL,NL,forecast_solar_generation,Solar,2026-08-28T01:27:51Z
2026-08-28T01:22:45Z,2026-08-28T03:22:45+0200,fe344a24-22e0-4cc6-9f99-c4acdbe3c429,2026-08-11T01:30:00Z,2026-08-11T03:30:00+0200,0.0,MW,NL,NL,forecast_solar_generation,Solar,2026-08-28T01:27:51Z
2026-08-28T01:22:45Z,2026-08-28T03:22:45+0200,fe344a24-22e0-4cc6-9f99-c4acdbe3c429,2026-08-11T01:45:00Z,2026-08-11T03:45:00+0200,0.0,MW,NL,NL,forecast_solar_generation,Solar,2026-08-28T01:27:51Z
2026-08-28T01:22:45Z,2026-08-28T03:22:45+0200,fe344a24-22e0-4cc6-9f99-c4acdbe3c429,2026-08-11T02:00:00Z,2026-08-11T04:00:00+0200,0.0,MW,NL,NL,forecast_solar_generation,Solar,2026-08-28T01:27:51Z
2026-08-28T01:22:45Z,2026-08-28T03:22:45+0200,fe344a24-22e0-4cc6-9f99-c4acdbe3c429,2026-08-11T02:15:00Z,2026-08-11T04:15:00+0200,0.0,MW,NL,NL,forecast_solar_generation,Solar,2026-08-28T01:27:51Z
2026-08-28T01:22:45Z,2026-08-28T03:22:45+0200,fe344a24-22e0-4cc6-9f99-c4acdbe3c429,2026-08-11T02:30:00Z,2026-08-11T04:30:00+0200,0.0,MW,NL,NL,forecast_solar_generation,Solar,2026-08-28T01:27:51Z
2026-08-28T01:22:45Z,2026-08-28T03:22:45+0200,fe344a24-22e0-4cc6-9f99-c4acdbe3c429,2026-08-11T02:45:00Z,2026-08-11T04:45:00+0200,0.0,MW,NL,NL,forecast_solar_generation,Solar,2026-08-28T01:27:51Z
2026-08-28T01:22:45Z,2026-08-28T03:22:45+0200,fe344a24-22e0-4cc6-9f99-c4acdbe3c429,2026-08-11T03:00:00Z,2026-08-11T05:00:00+0200,0.0,MW,NL,NL,forecast_solar_generation,Solar,2026-08-28T01:27:51Z
2026-08-28T01:22:45Z,2026-08-28T03:22:45+0200,fe344a24-22e0-4cc6-9f99-c4acdbe3c429,2026-08-11T03:15:00Z,2026-08-11T05:15:00+0200,0.0,MW,NL,NL,forecast_solar_generation,Solar,2026-08-28T01:27:51Z
2026-08-28T01:22:45Z,2026-08-28T03:22:45+0200,fe344a24-22e0-4cc6-9f99-c4acdbe3c429,2026-08-11T03:30:00Z,2026-08-11T05:30:00+0200,0.0,MW,NL,NL,forecast_solar_generation,Solar,2026-08-28T01:27:51Z
2026-08-28T01:22:45Z,2026-08-28T03:22:45+0200,fe344a24-22e0-4cc6-9f99-c4acdbe3c429,2026-08-11T03:45:00Z,2026-08-11T05:45:00+0200,0.0,MW,NL,NL,forecast_solar_generation,Solar,2026-08-28T01:27:51Z
2026-08-28T01:22:45Z,2026-08-28T03:22:45+0200,fe344a24-22e0-4cc6-9f99-c4acdbe3c429,2026-08-11T04:00:00Z,2026-08-11T06:00:00+0200,0.0,MW,NL,NL,forecast_solar_generation,Solar,2026-08-28T01:27:51Z
2026-08-28T01:22:45Z,2026-08-28T03:22:45+0200,fe344a24-22e0-4cc6-9f99-c4acdbe3c429,2026-08-11T04:15:00Z,2026-08-11T06:15:00+0200,7.0,MW,NL,NL,forecast_solar_generation,Solar,2026-08-28T01:27:51Z
2026-08-28T01:22:45Z,2026-08-28T03:22:45+0200,fe344a24-22e0-4cc6-9f99-c4acdbe3c429,2026-08-11T04:30:00Z,2026-08-11T06:30:00+0200,17.0,MW,NL,NL,forecast_solar_generation,Solar,2026-08-28T01:27:51Z
2026-08-28T01:22:45Z,2026-08-28T03:22:45+0200,fe344a24-22e0-4cc6-9f99-c4acdbe3c429,2026-08-11T04:45:00Z,2026-08-11T06:45:00+0200,25.0,MW,NL,NL,forecast_solar_generation,Solar,2026-08-28T01:27:51Z
2026-08-28T01:22:45Z,2026-08-28T03:22:45+0200,fe344a24-22e0-4cc6-9f99-c4acdbe3c429,2026-08-11T05:00:00Z,2026-08-11T07:00:00+0200,35.0,MW,NL,NL,forecast_solar_generation,Solar,2026-08-28T01:27:51Z
2026-08-28T01:22:45Z,2026-08-28T03:22:45+0200,fe344a24-22e0-4cc6-9f99-c4acdbe3c429,2026-08-11T05:15:00Z,2026-08-11T07:15:00+0200,157.0,MW,NL,NL,forecast_solar_generation,Solar,2026-08-28T01:27:51Z
2026-08-28T01:22:45Z,2026-08-28T03:22:45+0200,fe344a24-22e0-4cc6-9f99-c4acdbe3c429,2026-08-11T05:30:00Z,2026-08-11T07:30:00+0200,278.0,MW,NL,NL,forecast_solar_generation,Solar,2026-08-28T01:27:51Z
2026-08-28T01:22:45Z,2026-08-28T03:22:45+0200,fe344a24-22e0-4cc6-9f99-c4acdbe3c429,2026-08-11T05:45:00Z,2026-08-11T07:45:00+0200,400.0,MW,NL,NL,forecast_solar_generation,Solar,2026-08-28T01:27:51Z
2026-08-28T01:22:45Z,2026-08-28T03:22:45+0200,fe344a24-22e0-4cc6-9f99-c4acdbe3c429,2026-08-11T06:00:00Z,2026-08-11T08:00:00+0200,521.0,MW,NL,NL,forecast_solar_generation,Solar,2026-08-28T01:27:51Z
2026-08-28T01:22:45Z,2026-08-28T03:22:45+0200,fe344a24-22e0-4cc6-9f99-c4acdbe3c429,2026-08-11T06:15:00Z,2026-08-11T08:15:00+0200,729.0,MW,NL,NL,forecast_solar_generation,Solar,2026-08-28T01:27:51Z
2026-08-28T01:22:45Z,2026-08-28T03:22:45+0200,fe344a24-22e0-4cc6-9f99-c4acdbe3c429,2026-08-11T06:30:00Z,2026-08-11T08:30:00+0200,937.0,MW,NL,NL,forecast_solar_generation,Solar,2026-08-28T01:27:51Z
2026-08-28T01:22:45Z,2026-08-28T03:22:45+0200,fe344a24-22e0-4cc6-9f99-c4acdbe3c429,2026-08-11T06:45:00Z,2026-08-11T08:45:00+0200,1145.0,MW,NL,NL,forecast_solar_generation,Solar,2026-08-28T01:27:51Z
2026-08-28T01:22:45Z,2026-08-28T03:22:45+0200,fe344a24-22e0-4cc6-9f99-c4acdbe3c429,2026-08-11T07:00:00Z,2026-08-11T09:00:00+0200,1352.0,MW,NL,NL,forecast_solar_generation,Solar,2026-08-28T01:27:51Z
2026-08-28T01:22:45Z,2026-08-28T03:22:45+0200,fe344a24-22e0-4cc6-9f99-c4acdbe3c429,2026-08-11T07:15:00Z,2026-08-11T09:15:00+0200,1613.0,MW,NL,NL,forecast_solar_generation,Solar,2026-08-28T01:27:51Z
2026-08-28T01:22:45Z,2026-08-28T03:22:45+0200,fe344a24-22e0-4cc6-9f99-c4acdbe3c429,2026-08-11T07:30:00Z,2026-08-11T09:30:00+0200,1873.0,MW,NL,NL,forecast_solar_generation,Solar,2026-08-28T01:27:51Z
2026-08-28T01:22:45Z,2026-08-28T03:22:45+0200,fe344a24-22e0-4cc6-9f99-c4acdbe3c429,2026-08-11T07:45:00Z,2026-08-11T09:45:00+0200,2135.0,MW,NL,NL,forecast_solar_generation,Solar,2026-08-28T01:27:51Z
2026-08-28T01:22:45Z,2026-08-28T03:22:45+0200,fe344a24-22e0-4cc6-9f99-c4acdbe3c429,2026-08-11T08:00:00Z,2026-08-11T10:00:00+0200,2395.0,MW,NL,NL,forecast_solar_generation,Solar,2026-08-28T01:27:51Z
2026-08-28T01:22:45Z,2026-08-28T03:22:45+0200,fe344a24-22e0-4cc6-9f99-c4acdbe3c429,2026-08-11T08:15:00Z,2026-08-11T10:15:00+0200,2631.0,MW,NL,NL,forecast_solar_generation,Solar,2026-08-28T01:27:51Z
2026-08-28T01:22:45Z,2026-08-28T03:22:45+0200,fe344a24-22e0-4cc6-9f99-c4acdbe3c429,2026-08-11T08:30:00Z,2026-08-11T10:30:00+0200,2865.0,MW,NL,NL,forecast_solar_generation,Solar,2026-08-28T01:27:51Z
2026-08-28T01:22:45Z,2026-08-28T03:22:45+0200,fe344a24-22e0-4cc6-9f99-c4acdbe3c429,2026-08-11T08:45:00Z,2026-08-11T10:45:00+0200,3101.0,MW,NL,NL,forecast_solar_generation,Solar,2026-08-28T01:27:51Z
2026-08-28T01:22:45Z,2026-08-28T03:22:45+0200,fe344a24-22e0-4cc6-9f99-c4acdbe3c429,2026-08-11T09:00:00Z,2026-08-11T11:00:00+0200,3336.0,MW,NL,NL,forecast_solar_generation,Solar,2026-08-28T01:27:51Z
2026-08-28T01:22:45Z,2026-08-28T03:22:45+0200,fe344a24-22e0-4cc6-9f99-c4acdbe3c429,2026-08-11T09:15:00Z,2026-08-11T11:15:00+0200,3451.0,MW,NL,NL,forecast_solar_generation,Solar,2026-08-28T01:27:51Z
2026-08-28T01:22:45Z,2026-08-28T03:22:45+0200,fe344a24-22e0-4cc6-9f99-c4acdbe3c429,2026-08-11T09:30:00Z,2026-08-11T11:30:00+0200,3564.0,MW,NL,NL,forecast_solar_generation,Solar,2026-08-28T01:27:51Z
2026-08-28T01:22:45Z,2026-08-28T03:22:45+0200,fe344a24-22e0-4cc6-9f99-c4acdbe3c429,2026-08-11T09:45:00Z,2026-08-11T11:45:00+0200,3681.0,MW,NL,NL,forecast_solar_generation,Solar,2026-08-28T01:27:51Z
2026-08-28T01:22:45Z,2026-08-28T03:22:45+0200,fe344a24-22e0-4cc6-9f99-c4acdbe3c429,2026-08-11T10:00:00Z,2026-08-11T12:00:00+0200,3795.0,MW,NL,NL,forecast_solar_generation,Solar,2026-08-28T01:27:51Z
2026-08-28T01:22:45Z,2026-08-28T03:22:45+0200,fe344a24-22e0-4cc6-9f99-c4acdbe3c429,2026-08-11T10:15:00Z,2026-08-11T12:15:00+0200,3913.0,MW,NL,NL,forecast_solar_generation,Solar,2026-08-28T01:27:51Z
2026-08-28T01:22:45Z,2026-08-28T03:22:45+0200,fe344a24-22e0-4cc6-9f99-c4acdbe3c429,2026-08-11T10:30:00Z,2026-08-11T12:30:00+0200,4029.0,MW,NL,NL,forecast_solar_generation,Solar,2026-08-28T01:27:51Z
2026-08-28T01:22:45Z,2026-08-28T03:22:45+0200,fe344a24-22e0-4cc6-9f99-c4acdbe3c429,2026-08-11T10:45:00Z,2026-08-11T12:45:00+0200,4145.0,MW,NL,NL,forecast_solar_generation,Solar,2026-08-28T01:27:51Z
2026-08-28T01:22:45Z,2026-08-28T03:22:45+0200,fe344a24-22e0-4cc6-9f99-c4acdbe3c429,2026-08-11T11:00:00Z,2026-08-11T13:00:00+0200,4262.0,MW,NL,NL,forecast_solar_generation,Solar,2026-08-28T01:27:51Z
2026-08-28T01:22:45Z,2026-08-28T03:22:45+0200,fe344a24-22e0-4cc6-9f99-c4acdbe3c429,2026-08-11T11:15:00Z,2026-08-11T13:15:00+0200,4311.0,MW,NL,NL,forecast_solar_generation,Solar,2026-08-28T01:27:51Z
2026-08-28T01:22:45Z,2026-08-28T03:22:45+0200,fe344a24-22e0-4cc6-9f99-c4acdbe3c429,2026-08-11T11:30:00Z,2026-08-11T13:30:00+0200,4361.0,MW,NL,NL,forecast_solar_generation,Solar,2026-08-28T01:27:51Z
2026-08-28T01:22:45Z,2026-08-28T03:22:45+0200,fe344a24-22e0-4cc6-9f99-c4acdbe3c429,2026-08-11T11:45:00Z,2026-08-11T13:45:00+0200,4413.0,MW,NL,NL,forecast_solar_generation,Solar,2026-08-28T01:27:51Z
2026-08-28T01:22:45Z,2026-08-28T03:22:45+0200,fe344a24-22e0-4cc6-9f99-c4acdbe3c429,2026-08-11T12:00:00Z,2026-08-11T14:00:00+0200,4463.0,MW,NL,NL,forecast_solar_generation,Solar,2026-08-28T01:27:51Z
2026-08-28T01:22:45Z,2026-08-28T03:22:45+0200,fe344a24-22e0-4cc6-9f99-c4acdbe3c429,2026-08-11T12:15:00Z,2026-08-11T14:15:00+0200,4489.0,MW,NL,NL,forecast_solar_generation,Solar,2026-08-28T01:27:51Z
2026-08-28T01:22:45Z,2026-08-28T03:22:45+0200,fe344a24-22e0-4cc6-9f99-c4acdbe3c429,2026-08-11T12:30:00Z,2026-08-11T14:30:00+0200,4513.0,MW,NL,NL,forecast_solar_generation,Solar,2026-08-28T01:27:51Z
2026-08-28T01:22:45Z,2026-08-28T03:22:45+0200,fe344a24-22e0-4cc6-9f99-c4acdbe3c429,2026-08-11T12:45:00Z,2026-08-11T14:45:00+0200,4539.0,MW,NL,NL,forecast_solar_generation,Solar,2026-08-28T01:27:51Z
2026-08-28T01:22:45Z,2026-08-28T03:22:45+0200,fe344a24-22e0-4cc6-9f99-c4acdbe3c429,2026-08-11T13:00:00Z,2026-08-11T15:00:00+0200,4567.0,MW,NL,NL,forecast_solar_generation,Solar,2026-08-28T01:27:51Z
2026-08-28T01:22:45Z,2026-08-28T03:22:45+0200,fe344a24-22e0-4cc6-9f99-c4acdbe3c429,2026-08-11T13:15:00Z,2026-08-11T15:15:00+0200,4476.0,MW,NL,NL,forecast_solar_generation,Solar,2026-08-28T01:27:51Z
2026-08-28T01:22:45Z,2026-08-28T03:22:45+0200,fe344a24-22e0-4cc6-9f99-c4acdbe3c429,2026-08-11T13:30:00Z,2026-08-11T15:30:00+0200,4384.0,MW,NL,NL,forecast_solar_generation,Solar,2026-08-28T01:27:51Z
2026-08-28T01:22:45Z,2026-08-28T03:22:45+0200,fe344a24-22e0-4cc6-9f99-c4acdbe3c429,2026-08-11T13:45:00Z,2026-08-11T15:45:00+0200,4292.0,MW,NL,NL,forecast_solar_generation,Solar,2026-08-28T01:27:51Z
2026-08-28T01:22:45Z,2026-08-28T03:22:45+0200,fe344a24-22e0-4cc6-9f99-c4acdbe3c429,2026-08-11T14:00:00Z,2026-08-11T16:00:00+0200,4203.0,MW,NL,NL,forecast_solar_generation,Solar,2026-08-28T01:27:51Z
2026-08-28T01:22:45Z,2026-08-28T03:22:45+0200,fe344a24-22e0-4cc6-9f99-c4acdbe3c429,2026-08-11T14:15:00Z,2026-08-11T16:15:00+0200,4045.0,MW,NL,NL,forecast_solar_generation,Solar,2026-08-28T01:27:51Z
2026-08-28T01:22:45Z,2026-08-28T03:22:45+0200,fe344a24-22e0-4cc6-9f99-c4acdbe3c429,2026-08-11T14:30:00Z,2026-08-11T16:30:00+0200,3891.0,MW,NL,NL,forecast_solar_generation,Solar,2026-08-28T01:27:51Z
2026-08-28T01:22:45Z,2026-08-28T03:22:45+0200,fe344a24-22e0-4cc6-9f99-c4acdbe3c429,2026-08-11T14:45:00Z,2026-08-11T16:45:00+0200,3732.0,MW,NL,NL,forecast_solar_generation,Solar,2026-08-28T01:27:51Z
2026-08-28T01:22:45Z,2026-08-28T03:22:45+0200,fe344a24-22e0-4cc6-9f99-c4acdbe3c429,2026-08-11T15:00:00Z,2026-08-11T17:00:00+0200,3574.0,MW,NL,NL,forecast_solar_generation,Solar,2026-08-28T01:27:51Z
2026-08-28T01:22:45Z,2026-08-28T03:22:45+0200,fe344a24-22e0-4cc6-9f99-c4acdbe3c429,2026-08-11T15:15:00Z,2026-08-11T17:15:00+0200,3425.0,MW,NL,NL,forecast_solar_generation,Solar,2026-08-28T01:27:51Z
2026-08-28T01:22:45Z,2026-08-28T03:22:45+0200,fe344a24-22e0-4cc6-9f99-c4acdbe3c429,2026-08-11T15:30:00Z,2026-08-11T17:30:00+0200,3272.0,MW,NL,NL,forecast_solar_generation,Solar,2026-08-28T01:27:51Z
2026-08-28T01:22:45Z,2026-08-28T03:22:45+0200,fe344a24-22e0-4cc6-9f99-c4acdbe3c429,2026-08-11T15:45:00Z,2026-08-11T17:45:00+0200,3121.0,MW,NL,NL,forecast_solar_generation,Solar,2026-08-28T01:27:51Z
2026-08-28T01:22:45Z,2026-08-28T03:22:45+0200,fe344a24-22e0-4cc6-9f99-c4acdbe3c429,2026-08-11T16:00:00Z,2026-08-11T18:00:00+0200,2969.0,MW,NL,NL,forecast_solar_generation,Solar,2026-08-28T01:27:51Z
2026-08-28T01:22:45Z,2026-08-28T03:22:45+0200,fe344a24-22e0-4cc6-9f99-c4acdbe3c429,2026-08-11T16:15:00Z,2026-08-11T18:15:00+0200,2701.0,MW,NL,NL,forecast_solar_generation,Solar,2026-08-28T01:27:51Z
2026-08-28T01:22:45Z,2026-08-28T03:22:45+0200,fe344a24-22e0-4cc6-9f99-c4acdbe3c429,2026-08-11T16:30:00Z,2026-08-11T18:30:00+0200,2434.0,MW,NL,NL,forecast_solar_generation,Solar,2026-08-28T01:27:51Z
2026-08-28T01:22:45Z,2026-08-28T03:22:45+0200,fe344a24-22e0-4cc6-9f99-c4acdbe3c429,2026-08-11T16:45:00Z,2026-08-11T18:45:00+0200,2167.0,MW,NL,NL,forecast_solar_generation,Solar,2026-08-28T01:27:51Z
2026-08-28T01:22:45Z,2026-08-28T03:22:45+0200,fe344a24-22e0-4cc6-9f99-c4acdbe3c429,2026-08-11T17:00:00Z,2026-08-11T19:00:00+0200,1900.0,MW,NL,NL,forecast_solar_generation,Solar,2026-08-28T01:27:51Z
2026-08-28T01:22:45Z,2026-08-28T03:22:45+0200,fe344a24-22e0-4cc6-9f99-c4acdbe3c429,2026-08-11T17:15:00Z,2026-08-11T19:15:00+0200,1648.0,MW,NL,NL,forecast_solar_generation,Solar,2026-08-28T01:27:51Z
2026-08-28T01:22:45Z,2026-08-28T03:22:45+0200,fe344a24-22e0-4cc6-9f99-c4acdbe3c429,2026-08-11T17:30:00Z,2026-08-11T19:30:00+0200,1395.0,MW,NL,NL,forecast_solar_generation,Solar,2026-08-28T01:27:51Z
2026-08-28T01:22:45Z,2026-08-28T03:22:45+0200,fe344a24-22e0-4cc6-9f99-c4acdbe3c429,2026-08-11T17:45:00Z,2026-08-11T19:45:00+0200,1143.0,MW,NL,NL,forecast_solar_generation,Solar,2026-08-28T01:27:51Z
2026-08-28T01:22:45Z,2026-08-28T03:22:45+0200,fe344a24-22e0-4cc6-9f99-c4acdbe3c429,2026-08-11T18:00:00Z,2026-08-11T20:00:00+0200,892.0,MW,NL,NL,forecast_solar_generation,Solar,2026-08-28T01:27:51Z
2026-08-28T01:22:45Z,2026-08-28T03:22:45+0200,fe344a24-22e0-4cc6-9f99-c4acdbe3c429,2026-08-11T18:15:00Z,2026-08-11T20:15:00+0200,699.0,MW,NL,NL,forecast_solar_generation,Solar,2026-08-28T01:27:51Z
2026-08-28T01:22:45Z,2026-08-28T03:22:45+0200,fe344a24-22e0-4cc6-9f99-c4acdbe3c429,2026-08-11T18:30:00Z,2026-08-11T20:30:00+0200,509.0,MW,NL,NL,forecast_solar_generation,Solar,2026-08-28T01:27:51Z
2026-08-28T01:22:45Z,2026-08-28T03:22:45+0200,fe344a24-22e0-4cc6-9f99-c4acdbe3c429,2026-08-11T18:45:00Z,2026-08-11T20:45:00+0200,317.0,MW,NL,NL,forecast_solar_generation,Solar,2026-08-28T01:27:51Z
2026-08-28T01:22:45Z,2026-08-28T03:22:45+0200,fe344a24-22e0-4cc6-9f99-c4acdbe3c429,2026-08-11T19:00:00Z,2026-08-11T21:00:00+0200,128.0,MW,NL,NL,forecast_solar_generation,Solar,2026-08-28T01:27:51Z
2026-08-28T01:22:45Z,2026-08-28T03:22:45+0200,fe344a24-22e0-4cc6-9f99-c4acdbe3c429,2026-08-11T19:15:00Z,2026-08-11T21:15:00+0200,95.0,MW,NL,NL,forecast_solar_generation,Solar,2026-08-28T01:27:51Z
2026-08-28T01:22:45Z,2026-08-28T03:22:45+0200,fe344a24-22e0-4cc6-9f99-c4acdbe3c429,2026-08-11T19:30:00Z,2026-08-11T21:30:00+0200,65.0,MW,NL,NL,forecast_solar_generation,Solar,2026-08-28T01:27:51Z
2026-08-28T01:22:45Z,2026-08-28T03:22:45+0200,fe344a24-22e0-4cc6-9f99-c4acdbe3c429,2026-08-11T19:45:00Z,2026-08-11T21:45:00+0200,31.0,MW,NL,NL,forecast_solar_generation,Solar,2026-08-28T01:27:51Z
2026-08-28T01:22:45Z,2026-08-28T03:22:45+0200,fe344a24-22e0-4cc6-9f99-c4acdbe3c429,2026-08-11T20:00:00Z,2026-08-11T22:00:00+0200,0.0,MW,NL,NL,forecast_solar_generation,Solar,2026-08-28T01:27:51Z
2026-08-28T01:22:45Z,2026-08-28T03:22:45+0200,fe344a24-22e0-4cc6-9f99-c4acdbe3c429,2026-08-11T20:15:00Z,2026-08-11T22:15:00+0200,0.0,MW,NL,NL,forecast_solar_generation,Solar,2026-08-28T01:27:51Z
2026-08-28T01:22:45Z,2026-08-28T03:22:45+0200,fe344a24-22e0-4cc6-9f99-c4acdbe3c429,2026-08-11T20:30:00Z,2026-08-11T22:30:00+0200,0.0,MW,NL,NL,forecast_solar_generation,Solar,2026-08-28T01:27:51Z
2026-08-28T01:22:45Z,2026-08-28T03:22:45+0200,fe344a24-22e0-4cc6-9f99-c4acdbe3c429,2026-08-11T20:45:00Z,2026-08-11T22:45:00+0200,0.0,MW,NL,NL,forecast_solar_generation,Solar,2026-08-28T01:27:51Z
2026-08-28T01:22:45Z,2026-08-28T03:22:45+0200,fe344a24-22e0-4cc6-9f99-c4acdbe3c429,2026-08-11T21:00:00Z,2026-08-11T23:00:00+0200,0.0,MW,NL,NL,forecast_solar_generation,Solar,2026-08-28T01:27:51Z
2026-08-28T01:22:45Z,2026-08-28T03:22:45+0200,fe344a24-22e0-4cc6-9f99-c4acdbe3c429,2026-08-11T21:15:00Z,2026-08-11T23:15:00+0200,0.0,MW,NL,NL,forecast_solar_generation,Solar,2026-08-28T01:27:51Z
2026-08-28T01:22:45Z,2026-08-28T03:22:45+0200,fe344a24-22e0-4cc6-9f99-c4acdbe3c429,2026-08-11T21:30:00Z,2026-08-11T23:30:00+0200,0.0,MW,NL,NL,forecast_solar_generation,Solar,2026-08-28T01:27:51Z
2026-08-28T01:22:45Z,2026-08-28T03:22:45+0200,fe344a24-22e0-4cc6-9f99-c4acdbe3c429,2026-08-11T21:45:00Z,2026-08-11T23:45:00+0200,0.0,MW,NL,NL,forecast_solar_generation,Solar,2026-08-28T01:27:51Z
2026-08-28T01:22:45Z,2026-08-28T03:22:45+0200,fe344a24-22e0-4cc6-9f99-c4acdbe3c429,2026-08-11T22:00:00Z,2026-08-12T00:00:00+0200,0.0,MW,NL,NL,forecast_solar_generation,Solar,2026-08-28T01:27:51Z
2026-08-28T01:22:45Z,2026-08-28T03:22:45+0200,fe344a24-22e0-4cc6-9f99-c4acdbe3c429,2026-08-11T22:15:00Z,2026-08-12T00:15:00+0200,0.0,MW,NL,NL,forecast_solar_generation,Solar,2026-08-28T01:27:51Z
2026-08-28T01:22:45Z,2026-08-28T03:22:45+0200,fe344a24-22e0-4cc6-9f99-c4acdbe3c429,2026-08-11T22:30:00Z,2026-08-12T00:30:00+0200,0.0,MW,NL,NL,forecast_solar_generation,Solar,2026-08-28T01:27:51Z
2026-08-28T01:22:45Z,2026-08-28T03:22:45+0200,fe344a24-22e0-4cc6-9f99-c4acdbe3c429,2026-08-11T22:45:00Z,2026-08-12T00:45:00+0200,0.0,MW,NL,NL,forecast_solar_generation,Solar,2026-08-28T01:27:51Z
2026-08-28T01:22:45Z,2026-08-28T03:22:45+0200,fe344a24-22e0-4cc6-9f99-c4acdbe3c429,2026-08-11T23:00:00Z,2026-08-12T01:00:00+0200,0.0,MW,NL,NL,forecast_solar_generation,Solar,2026-08-28T01:27:51Z
2026-08-28T01:22:45Z,2026-08-28T03:22:45+0200,fe344a24-22e0-4cc6-9f99-c4acdbe3c429,2026-08-11T23:15:00Z,2026-08-12T01:15:00+0200,0.0,MW,NL,NL,forecast_solar_generation,Solar,2026-08-28T01:27:51Z
2026-08-28T01:22:45Z,2026-08-28T03:22:45+0200,fe344a24-22e0-4cc6-9f99-c4acdbe3c429,2026-08-11T23:30:00Z,2026-08-12T01:30:00+0200,0.0,MW,NL,NL,forecast_solar_generation,Solar,2026-08-28T01:27:51Z
2026-08-28T01:22:45Z,2026-08-28T03:22:45+0200,fe344a24-22e0-4cc6-9f99-c4acdbe3c429,2026-08-11T23:45:00Z,2026-08-12T01:45:00+0200,0.0,MW,NL,NL,forecast_solar_generation,Solar,2026-08-28T01:27:51Z
2026-08-28T01:22:45Z,2026-08-28T03:22:45+0200,fe344a24-22e0-4cc6-9f99-c4acdbe3c429,2026-08-12T00:00:00Z,2026-08-12T02:00:00+0200,0.0,MW,NL,NL,forecast_solar_generation,Solar,2026-08-28T01:27:51Z
2026-08-28T01:22:45Z,2026-08-28T03:22:45+0200,fe344a24-22e0-4cc6-9f99-c4acdbe3c429,2026-08-12T00:15:00Z,2026-08-12T02:15:00+0200,0.0,MW,NL,NL,forecast_solar_generation,Solar,2026-08-28T01:27:51Z
2026-08-28T01:22:45Z,2026-08-28T03:22:45+0200,fe344a24-22e0-4cc6-9f99-c4acdbe3c429,2026-08-12T00:30:00Z,2026-08-12T02:30:00+0200,0.0,MW,NL,NL,forecast_solar_generation,Solar,2026-08-28T01:27:51Z
2026-08-28T01:22:45Z,2026-08-28T03:22:45+0200,fe344a24-22e0-4cc6-9f99-c4acdbe3c429,2026-08-12T00:45:00Z,2026-08-12T02:45:00+0200,0.0,MW,NL,NL,forecast_solar_generation,Solar,2026-08-28T01:27:51Z
2026-08-28T01:22:45Z,2026-08-28T03:22:45+0200,fe344a24-22e0-4cc6-9f99-c4acdbe3c429,2026-08-12T01:00:00Z,2026-08-12T03:00:00+0200,0.0,MW,NL,NL,forecast_solar_generation,Solar,2026-08-28T01:27:51Z
2026-08-28T01:22:45Z,2026-08-28T03:22:45+0200,fe344a24-22e0-4cc6-9f99-c4acdbe3c429,2026-08-12T01:15:00Z,2026-08-12T03:15:00+0200,0.0,MW,NL,NL,forecast_solar_generation,Solar,2026-08-28T01:27:51Z
2026-08-28T01:22:45Z,2026-08-28T03:22:45+0200,fe344a24-22e0-4cc6-9f99-c4acdbe3c429,2026-08-12T01:30:00Z,2026-08-12T03:30:00+0200,0.0,MW,NL,NL,forecast_solar_generation,Solar,2026-08-28T01:27:51Z
2026-08-28T01:22:45Z,2026-08-28T03:22:45+0200,fe344a24-22e0-4cc6-9f99-c4acdbe3c429,2026-08-12T01:45:00Z,2026-08-12T03:45:00+0200,0.0,MW,NL,NL,forecast_solar_generation,Solar,2026-08-28T01:27:51Z
2026-08-28T01:22:45Z,2026-08-28T03:22:45+0200,fe344a24-22e0-4cc6-9f99-c4acdbe3c429,2026-08-12T02:00:00Z,2026-08-12T04:00:00+0200,0.0,MW,NL,NL,forecast_solar_generation,Solar,2026-08-28T01:27:51Z
2026-08-28T01:22:45Z,2026-08-28T03:22:45+0200,fe344a24-22e0-4cc6-9f99-c4acdbe3c429,2026-08-12T02:15:00Z,2026-08-12T04:15:00+0200,0.0,MW,NL,NL,forecast_solar_generation,Solar,2026-08-28T01:27:51Z
2026-08-28T01:22:45Z,2026-08-28T03:22:45+0200,fe344a24-22e0-4cc6-9f99-c4acdbe3c429,2026-08-12T02:30:00Z,2026-08-12T04:30:00+0200,0.0,MW,NL,NL,forecast_solar_generation,Solar,2026-08-28T01:27:51Z
2026-08-28T01:22:45Z,2026-08-28T03:22:45+0200,fe344a24-22e0-4cc6-9f99-c4acdbe3c429,2026-08-12T02:45:00Z,2026-08-12T04:45:00+0200,0.0,MW,NL,NL,forecast_solar_generation,Solar,2026-08-28T01:27:51Z
2026-08-28T01:22:45Z,2026-08-28T03:22:45+0200,fe344a24-22e0-4cc6-9f99-c4acdbe3c429,2026-08-12T03:00:00Z,2026-08-12T05:00:00+0200,0.0,MW,NL,NL,forecast_solar_generation,Solar,2026-08-28T01:27:51Z
2026-08-28T01:22:45Z,2026-08-28T03:22:45+0200,fe344a24-22e0-4cc6-9f99-c4acdbe3c429,2026-08-12T03:15:00Z,2026-08-12T05:15:00+0200,0.0,MW,NL,NL,forecast_solar_generation,Solar,2026-08-28T01:27:51Z
2026-08-28T01:22:45Z,2026-08-28T03:22:45+0200,fe344a24-22e0-4cc6-9f99-c4acdbe3c429,2026-08-12T03:30:00Z,2026-08-12T05:30:00+0200,0.0,MW,NL,NL,forecast_solar_generation,Solar,2026-08-28T01:27:51Z
2026-08-28T01:22:45Z,2026-08-28T03:22:45+0200,fe344a24-22e0-4cc6-9f99-c4acdbe3c429,2026-08-12T03:45:00Z,2026-08-12T05:45:00+0200,0.0,MW,NL,NL,forecast_solar_generation,Solar,2026-08-28T01:27:51Z
2026-08-28T01:22:45Z,2026-08-28T03:22:45+0200,fe344a24-22e0-4cc6-9f99-c4acdbe3c429,2026-08-12T04:00:00Z,2026-08-12T06:00:00+0200,0.0,MW,NL,NL,forecast_solar_generation,Solar,2026-08-28T01:27:51Z
2026-08-28T01:22:45Z,2026-08-28T03:22:45+0200,fe344a24-22e0-4cc6-9f99-c4acdbe3c429,2026-08-12T04:15:00Z,2026-08-12T06:15:00+0200,7.0,MW,NL,NL,forecast_solar_generation,Solar,2026-08-28T01:27:51Z
2026-08-28T01:22:45Z,2026-08-28T03:22:45+0200,fe344a24-22e0-4cc6-9f99-c4acdbe3c429,2026-08-12T04:30:00Z,2026-08-12T06:30:00+0200,15.0,MW,NL,NL,forecast_solar_generation,Solar,2026-08-28T01:27:51Z
2026-08-28T01:22:45Z,2026-08-28T03:22:45+0200,fe344a24-22e0-4cc6-9f99-c4acdbe3c429,2026-08-12T04:45:00Z,2026-08-12T06:45:00+0200,24.0,MW,NL,NL,forecast_solar_generation,Solar,2026-08-28T01:27:51Z
2026-08-28T01:22:45Z,2026-08-28T03:22:45+0200,fe344a24-22e0-4cc6-9f99-c4acdbe3c429,2026-08-12T05:00:00Z,2026-08-12T07:00:00+0200,31.0,MW,NL,NL,forecast_solar_generation,Solar,2026-08-28T01:27:51Z
2026-08-28T01:22:45Z,2026-08-28T03:22:45+0200,fe344a24-22e0-4cc6-9f99-c4acdbe3c429,2026-08-12T05:15:00Z,2026-08-12T07:15:00+0200,155.0,MW,NL,NL,forecast_solar_generation,Solar,2026-08-28T01:27:51Z
2026-08-28T01:22:45Z,2026-08-28T03:22:45+0200,fe344a24-22e0-4cc6-9f99-c4acdbe3c429,2026-08-12T05:30:00Z,2026-08-12T07:30:00+0200,275.0,MW,NL,NL,forecast_solar_generation,Solar,2026-08-28T01:27:51Z
2026-08-28T01:22:45Z,2026-08-28T03:22:45+0200,fe344a24-22e0-4cc6-9f99-c4acdbe3c429,2026-08-12T05:45:00Z,2026-08-12T07:45:00+0200,396.0,MW,NL,NL,forecast_solar_generation,Solar,2026-08-28T01:27:51Z
2026-08-28T01:22:45Z,2026-08-28T03:22:45+0200,fe344a24-22e0-4cc6-9f99-c4acdbe3c429,2026-08-12T06:00:00Z,2026-08-12T08:00:00+0200,515.0,MW,NL,NL,forecast_solar_generation,Solar,2026-08-28T01:27:51Z
2026-08-28T01:22:45Z,2026-08-28T03:22:45+0200,fe344a24-22e0-4cc6-9f99-c4acdbe3c429,2026-08-12T06:15:00Z,2026-08-12T08:15:00+0200,732.0,MW,NL,NL,forecast_solar_generation,Solar,2026-08-28T01:27:51Z
2026-08-28T01:22:45Z,2026-08-28T03:22:45+0200,fe344a24-22e0-4cc6-9f99-c4acdbe3c429,2026-08-12T06:30:00Z,2026-08-12T08:30:00+0200,953.0,MW,NL,NL,forecast_solar_generation,Solar,2026-08-28T01:27:51Z
2026-08-28T01:22:45Z,2026-08-28T03:22:45+0200,fe344a24-22e0-4cc6-9f99-c4acdbe3c429,2026-08-12T06:45:00Z,2026-08-12T08:45:00+0200,1170.0,MW,NL,NL,forecast_solar_generation,Solar,2026-08-28T01:27:51Z
2026-08-28T01:22:45Z,2026-08-28T03:22:45+0200,fe344a24-22e0-4cc6-9f99-c4acdbe3c429,2026-08-12T07:00:00Z,2026-08-12T09:00:00+0200,1386.0,MW,NL,NL,forecast_solar_generation,Solar,2026-08-28T01:27:51Z
2026-08-28T01:22:45Z,2026-08-28T03:22:45+0200,fe344a24-22e0-4cc6-9f99-c4acdbe3c429,2026-08-12T07:15:00Z,2026-08-12T09:15:00+0200,1657.0,MW,NL,NL,forecast_solar_generation,Solar,2026-08-28T01:27:51Z
2026-08-28T01:22:45Z,2026-08-28T03:22:45+0200,fe344a24-22e0-4cc6-9f99-c4acdbe3c429,2026-08-12T07:30:00Z,2026-08-12T09:30:00+0200,1930.0,MW,NL,NL,forecast_solar_generation,Solar,2026-08-28T01:27:51Z
2026-08-28T01:22:45Z,2026-08-28T03:22:45+0200,fe344a24-22e0-4cc6-9f99-c4acdbe3c429,2026-08-12T07:45:00Z,2026-08-12T09:45:00+0200,2202.0,MW,NL,NL,forecast_solar_generation,Solar,2026-08-28T01:27:51Z
2026-08-28T01:22:45Z,2026-08-28T03:22:45+0200,fe344a24-22e0-4cc6-9f99-c4acdbe3c429,2026-08-12T08:00:00Z,2026-08-12T10:00:00+0200,2474.0,MW,NL,NL,forecast_solar_generation,Solar,2026-08-28T01:27:51Z
2026-08-28T01:22:45Z,2026-08-28T03:22:45+0200,fe344a24-22e0-4cc6-9f99-c4acdbe3c429,2026-08-12T08:15:00Z,2026-08-12T10:15:00+0200,2719.0,MW,NL,NL,forecast_solar_generation,Solar,2026-08-28T01:27:51Z
2026-08-28T01:22:45Z,2026-08-28T03:22:45+0200,fe344a24-22e0-4cc6-9f99-c4acdbe3c429,2026-08-12T08:30:00Z,2026-08-12T10:30:00+0200,2965.0,MW,NL,NL,forecast_solar_generation,Solar,2026-08-28T01:27:51Z
2026-08-28T01:22:45Z,2026-08-28T03:22:45+0200,fe344a24-22e0-4cc6-9f99-c4acdbe3c429,2026-08-12T08:45:00Z,2026-08-12T10:45:00+0200,3210.0,MW,NL,NL,forecast_solar_generation,Solar,2026-08-28T01:27:51Z
2026-08-28T01:22:45Z,2026-08-28T03:22:45+0200,fe344a24-22e0-4cc6-9f99-c4acdbe3c429,2026-08-12T09:00:00Z,2026-08-12T11:00:00+0200,3451.0,MW,NL,NL,forecast_solar_generation,Solar,2026-08-28T01:27:51Z
2026-08-28T01:22:45Z,2026-08-28T03:22:45+0200,fe344a24-22e0-4cc6-9f99-c4acdbe3c429,2026-08-12T09:15:00Z,2026-08-12T11:15:00+0200,3582.0,MW,NL,NL,forecast_solar_generation,Solar,2026-08-28T01:27:51Z
2026-08-28T01:22:45Z,2026-08-28T03:22:45+0200,fe344a24-22e0-4cc6-9f99-c4acdbe3c429,2026-08-12T09:30:00Z,2026-08-12T11:30:00+0200,3713.0,MW,NL,NL,forecast_solar_generation,Solar,2026-08-28T01:27:51Z
2026-08-28T01:22:45Z,2026-08-28T03:22:45+0200,fe344a24-22e0-4cc6-9f99-c4acdbe3c429,2026-08-12T09:45:00Z,2026-08-12T11:45:00+0200,3841.0,MW,NL,NL,forecast_solar_generation,Solar,2026-08-28T01:27:51Z
2026-08-28T01:22:45Z,2026-08-28T03:22:45+0200,fe344a24-22e0-4cc6-9f99-c4acdbe3c429,2026-08-12T10:00:00Z,2026-08-12T12:00:00+0200,3973.0,MW,NL,NL,forecast_solar_generation,Solar,2026-08-28T01:27:51Z
2026-08-28T01:22:45Z,2026-08-28T03:22:45+0200,fe344a24-22e0-4cc6-9f99-c4acdbe3c429,2026-08-12T10:15:00Z,2026-08-12T12:15:00+0200,4095.0,MW,NL,NL,forecast_solar_generation,Solar,2026-08-28T01:27:51Z
2026-08-28T01:22:45Z,2026-08-28T03:22:45+0200,fe344a24-22e0-4cc6-9f99-c4acdbe3c429,2026-08-12T10:30:00Z,2026-08-12T12:30:00+0200,4215.0,MW,NL,NL,forecast_solar_generation,Solar,2026-08-28T01:27:51Z
2026-08-28T01:22:45Z,2026-08-28T03:22:45+0200,fe344a24-22e0-4cc6-9f99-c4acdbe3c429,2026-08-12T10:45:00Z,2026-08-12T12:45:00+0200,4335.0,MW,NL,NL,forecast_solar_generation,Solar,2026-08-28T01:27:51Z
2026-08-28T01:22:45Z,2026-08-28T03:22:45+0200,fe344a24-22e0-4cc6-9f99-c4acdbe3c429,2026-08-12T11:00:00Z,2026-08-12T13:00:00+0200,4456.0,MW,NL,NL,forecast_solar_generation,Solar,2026-08-28T01:27:51Z
2026-08-28T01:22:45Z,2026-08-28T03:22:45+0200,fe344a24-22e0-4cc6-9f99-c4acdbe3c429,2026-08-12T11:15:00Z,2026-08-12T13:15:00+0200,4508.0,MW,NL,NL,forecast_solar_generation,Solar,2026-08-28T01:27:51Z
2026-08-28T01:22:45Z,2026-08-28T03:22:45+0200,fe344a24-22e0-4cc6-9f99-c4acdbe3c429,2026-08-12T11:30:00Z,2026-08-12T13:30:00+0200,4560.0,MW,NL,NL,forecast_solar_generation,Solar,2026-08-28T01:27:51Z
2026-08-28T01:22:45Z,2026-08-28T03:22:45+0200,fe344a24-22e0-4cc6-9f99-c4acdbe3c429,2026-08-12T11:45:00Z,2026-08-12T13:45:00+0200,4613.0,MW,NL,NL,forecast_solar_generation,Solar,2026-08-28T01:27:51Z
2026-08-28T01:22:45Z,2026-08-28T03:22:45+0200,fe344a24-22e0-4cc6-9f99-c4acdbe3c429,2026-08-12T12:00:00Z,2026-08-12T14:00:00+0200,4663.0,MW,NL,NL,forecast_solar_generation,Solar,2026-08-28T01:27:51Z
2026-08-28T01:22:45Z,2026-08-28T03:22:45+0200,fe344a24-22e0-4cc6-9f99-c4acdbe3c429,2026-08-12T12:15:00Z,2026-08-12T14:15:00+0200,4678.0,MW,NL,NL,forecast_solar_generation,Solar,2026-08-28T01:27:51Z
2026-08-28T01:22:45Z,2026-08-28T03:22:45+0200,fe344a24-22e0-4cc6-9f99-c4acdbe3c429,2026-08-12T12:30:00Z,2026-08-12T14:30:00+0200,4694.0,MW,NL,NL,forecast_solar_generation,Solar,2026-08-28T01:27:51Z
2026-08-28T01:22:45Z,2026-08-28T03:22:45+0200,fe344a24-22e0-4cc6-9f99-c4acdbe3c429,2026-08-12T12:45:00Z,2026-08-12T14:45:00+0200,4709.0,MW,NL,NL,forecast_solar_generation,Solar,2026-08-28T01:27:51Z
2026-08-28T01:22:45Z,2026-08-28T03:22:45+0200,fe344a24-22e0-4cc6-9f99-c4acdbe3c429,2026-08-12T13:00:00Z,2026-08-12T15:00:00+0200,4723.0,MW,NL,NL,forecast_solar_generation,Solar,2026-08-28T01:27:51Z
2026-08-28T01:22:45Z,2026-08-28T03:22:45+0200,fe344a24-22e0-4cc6-9f99-c4acdbe3c429,2026-08-12T13:15:00Z,2026-08-12T15:15:00+0200,4630.0,MW,NL,NL,forecast_solar_generation,Solar,2026-08-28T01:27:51Z
2026-08-28T01:22:45Z,2026-08-28T03:22:45+0200,fe344a24-22e0-4cc6-9f99-c4acdbe3c429,2026-08-12T13:30:00Z,2026-08-12T15:30:00+0200,4536.0,MW,NL,NL,forecast_solar_generation,Solar,2026-08-28T01:27:51Z
2026-08-28T01:22:45Z,2026-08-28T03:22:45+0200,fe344a24-22e0-4cc6-9f99-c4acdbe3c429,2026-08-12T13:45:00Z,2026-08-12T15:45:00+0200,4441.0,MW,NL,NL,forecast_solar_generation,Solar,2026-08-28T01:27:51Z
2026-08-28T01:22:45Z,2026-08-28T03:22:45+0200,fe344a24-22e0-4cc6-9f99-c4acdbe3c429,2026-08-12T14:00:00Z,2026-08-12T16:00:00+0200,4345.0,MW,NL,NL,forecast_solar_generation,Solar,2026-08-28T01:27:51Z
2026-08-28T01:22:45Z,2026-08-28T03:22:45+0200,fe344a24-22e0-4cc6-9f99-c4acdbe3c429,2026-08-12T14:15:00Z,2026-08-12T16:15:00+0200,4185.0,MW,NL,NL,forecast_solar_generation,Solar,2026-08-28T01:27:51Z
2026-08-28T01:22:45Z,2026-08-28T03:22:45+0200,fe344a24-22e0-4cc6-9f99-c4acdbe3c429,2026-08-12T14:30:00Z,2026-08-12T16:30:00+0200,4022.0,MW,NL,NL,forecast_solar_generation,Solar,2026-08-28T01:27:51Z
2026-08-28T01:22:45Z,2026-08-28T03:22:45+0200,fe344a24-22e0-4cc6-9f99-c4acdbe3c429,2026-08-12T14:45:00Z,2026-08-12T16:45:00+0200,3860.0,MW,NL,NL,forecast_solar_generation,Solar,2026-08-28T01:27:51Z
2026-08-28T01:22:45Z,2026-08-28T03:22:45+0200,fe344a24-22e0-4cc6-9f99-c4acdbe3c429,2026-08-12T15:00:00Z,2026-08-12T17:00:00+0200,3700.0,MW,NL,NL,forecast_solar_generation,Solar,2026-08-28T01:27:51Z
2026-08-28T01:22:45Z,2026-08-28T03:22:45+0200,fe344a24-22e0-4cc6-9f99-c4acdbe3c429,2026-08-12T15:15:00Z,2026-08-12T17:15:00+0200,3491.0,MW,NL,NL,forecast_solar_generation,Solar,2026-08-28T01:27:51Z
2026-08-28T01:22:45Z,2026-08-28T03:22:45+0200,fe344a24-22e0-4cc6-9f99-c4acdbe3c429,2026-08-12T15:30:00Z,2026-08-12T17:30:00+0200,3285.0,MW,NL,NL,forecast_solar_generation,Solar,2026-08-28T01:27:51Z
2026-08-28T01:22:45Z,2026-08-28T03:22:45+0200,fe344a24-22e0-4cc6-9f99-c4acdbe3c429,2026-08-12T15:45:00Z,2026-08-12T17:45:00+0200,3078.0,MW,NL,NL,forecast_solar_generation,Solar,2026-08-28T01:27:51Z
2026-08-28T01:22:45Z,2026-08-28T03:22:45+0200,fe344a24-22e0-4cc6-9f99-c4acdbe3c429,2026-08-12T16:00:00Z,2026-08-12T18:00:00+0200,2872.0,MW,NL,NL,forecast_solar_generation,Solar,2026-08-28T01:27:51Z
2026-08-28T01:22:45Z,2026-08-28T03:22:45+0200,fe344a24-22e0-4cc6-9f99-c4acdbe3c429,2026-08-12T16:15:00Z,2026-08-12T18:15:00+0200,2614.0,MW,NL,NL,forecast_solar_generation,Solar,2026-08-28T01:27:51Z
2026-08-28T01:22:45Z,2026-08-28T03:22:45+0200,fe344a24-22e0-4cc6-9f99-c4acdbe3c429,2026-08-12T16:30:00Z,2026-08-12T18:30:00+0200,2353.0,MW,NL,NL,forecast_solar_generation,Solar,2026-08-28T01:27:51Z
2026-08-28T01:22:45Z,2026-08-28T03:22:45+0200,fe344a24-22e0-4cc6-9f99-c4acdbe3c429,2026-08-12T16:45:00Z,2026-08-12T18:45:00+0200,2095.0,MW,NL,NL,forecast_solar_generation,Solar,2026-08-28T01:27:51Z
2026-08-28T01:22:45Z,2026-08-28T03:22:45+0200,fe344a24-22e0-4cc6-9f99-c4acdbe3c429,2026-08-12T17:00:00Z,2026-08-12T19:00:00+0200,1837.0,MW,NL,NL,forecast_solar_generation,Solar,2026-08-28T01:27:51Z
2026-08-28T01:22:45Z,2026-08-28T03:22:45+0200,fe344a24-22e0-4cc6-9f99-c4acdbe3c429,2026-08-12T17:15:00Z,2026-08-12T19:15:00+0200,1594.0,MW,NL,NL,forecast_solar_generation,Solar,2026-08-28T01:27:51Z
2026-08-28T01:22:45Z,2026-08-28T03:22:45+0200,fe344a24-22e0-4cc6-9f99-c4acdbe3c429,2026-08-12T17:30:00Z,2026-08-12T19:30:00+0200,1348.0,MW,NL,NL,forecast_solar_generation,Solar,2026-08-28T01:27:51Z
2026-08-28T01:22:45Z,2026-08-28T03:22:45+0200,fe344a24-22e0-4cc6-9f99-c4acdbe3c429,2026-08-12T17:45:00Z,2026-08-12T19:45:00+0200,1103.0,MW,NL,NL,forecast_solar_generation,Solar,2026-08-28T01:27:51Z
2026-08-28T01:22:45Z,2026-08-28T03:22:45+0200,fe344a24-22e0-4cc6-9f99-c4acdbe3c429,2026-08-12T18:00:00Z,2026-08-12T20:00:00+0200,863.0,MW,NL,NL,forecast_solar_generation,Solar,2026-08-28T01:27:51Z
2026-08-28T01:22:45Z,2026-08-28T03:22:45+0200,fe344a24-22e0-4cc6-9f99-c4acdbe3c429,2026-08-12T18:15:00Z,2026-08-12T20:15:00+0200,664.0,MW,NL,NL,forecast_solar_generation,Solar,2026-08-28T01:27:51Z
2026-08-28T01:22:45Z,2026-08-28T03:22:45+0200,fe344a24-22e0-4cc6-9f99-c4acdbe3c429,2026-08-12T18:30:00Z,2026-08-12T20:30:00+0200,469.0,MW,NL,NL,forecast_solar_generation,Solar,2026-08-28T01:27:51Z
2026-08-28T01:22:45Z,2026-08-28T03:22:45+0200,fe344a24-22e0-4cc6-9f99-c4acdbe3c429,2026-08-12T18:45:00Z,2026-08-12T20:45:00+0200,270.0,MW,NL,NL,forecast_solar_generation,Solar,2026-08-28T01:27:51Z
2026-08-28T01:22:45Z,2026-08-28T03:22:45+0200,fe344a24-22e0-4cc6-9f99-c4acdbe3c429,2026-08-12T19:00:00Z,2026-08-12T21:00:00+0200,73.0,MW,NL,NL,forecast_solar_generation,Solar,2026-08-28T01:27:51Z
2026-08-28T01:22:45Z,2026-08-28T03:22:45+0200,fe344a24-22e0-4cc6-9f99-c4acdbe3c429,2026-08-12T19:15:00Z,2026-08-12T21:15:00+0200,53.0,MW,NL,NL,forecast_solar_generation,Solar,2026-08-28T01:27:51Z
2026-08-28T01:22:45Z,2026-08-28T03:22:45+0200,fe344a24-22e0-4cc6-9f99-c4acdbe3c429,2026-08-12T19:30:00Z,2026-08-12T21:30:00+0200,37.0,MW,NL,NL,forecast_solar_generation,Solar,2026-08-28T01:27:51Z
2026-08-28T01:22:45Z,2026-08-28T03:22:45+0200,fe344a24-22e0-4cc6-9f99-c4acdbe3c429,2026-08-12T19:45:00Z,2026-08-12T21:45:00+0200,16.0,MW,NL,NL,forecast_solar_generation,Solar,2026-08-28T01:27:51Z
2026-08-28T01:22:45Z,2026-08-28T03:22:45+0200,fe344a24-22e0-4cc6-9f99-c4acdbe3c429,2026-08-12T20:00:00Z,2026-08-12T22:00:00+0200,0.0,MW,NL,NL,forecast_solar_generation,Solar,2026-08-28T01:27:51Z
2026-08-28T01:22:45Z,2026-08-28T03:22:45+0200,fe344a24-22e0-4cc6-9f99-c4acdbe3c429,2026-08-12T20:15:00Z,2026-08-12T22:15:00+0200,0.0,MW,NL,NL,forecast_solar_generation,Solar,2026-08-28T01:27:51Z
2026-08-28T01:22:45Z,2026-08-28T03:22:45+0200,fe344a24-22e0-4cc6-9f99-c4acdbe3c429,2026-08-12T20:30:00Z,2026-08-12T22:30:00+0200,0.0,MW,NL,NL,forecast_solar_generation,Solar,2026-08-28T01:27:51Z
2026-08-28T01:22:45Z,2026-08-28T03:22:45+0200,fe344a24-22e0-4cc6-9f99-c4acdbe3c429,2026-08-12T20:45:00Z,2026-08-12T22:45:00+0200,0.0,MW,NL,NL,forecast_solar_generation,Solar,2026-08-28T01:27:51Z
2026-08-28T01:22:45Z,2026-08-28T03:22:45+0200,fe344a24-22e0-4cc6-9f99-c4acdbe3c429,2026-08-12T21:00:00Z,2026-08-12T23:00:00+0200,0.0,MW,NL,NL,forecast_solar_generation,Solar,2026-08-28T01:27:51Z
2026-08-28T01:22:45Z,2026-08-28T03:22:45+0200,fe344a24-22e0-4cc6-9f99-c4acdbe3c429,2026-08-12T21:15:00Z,2026-08-12T23:15:00+0200,0.0,MW,NL,NL,forecast_solar_generation,Solar,2026-08-28T01:27:51Z
2026-08-28T01:22:45Z,2026-08-28T03:22:45+0200,fe344a24-22e0-4cc6-9f99-c4acdbe3c429,2026-08-12T21:30:00Z,2026-08-12T23:30:00+0200,0.0,MW,NL,NL,forecast_solar_generation,Solar,2026-08-28T01:27:51Z
2026-08-28T01:22:45Z,2026-08-28T03:22:45+0200,fe344a24-22e0-4cc6-9f99-c4acdbe3c429,2026-08-12T21:45:00Z,2026-08-12T23:45:00+0200,0.0,MW,NL,NL,forecast_solar_generation,Solar,2026-08-28T01:27:51Z
2026-08-28T01:22:45Z,2026-08-28T03:22:45+0200,fe344a24-22e0-4cc6-9f99-c4acdbe3c429,2026-08-12T22:00:00Z,2026-08-13T00:00:00+0200,0.0,MW,NL,NL,forecast_solar_generation,Solar,2026-08-28T01:27:51Z
2026-08-28T01:22:45Z,2026-08-28T03:22:45+0200,fe344a24-22e0-4cc6-9f99-c4acdbe3c429,2026-08-12T22:15:00Z,2026-08-13T00:15:00+0200,0.0,MW,NL,NL,forecast_solar_generation,Solar,2026-08-28T01:27:51Z
2026-08-28T01:22:45Z,2026-08-28T03:22:45+0200,fe344a24-22e0-4cc6-9f99-c4acdbe3c429,2026-08-12T22:30:00Z,2026-08-13T00:30:00+0200,0.0,MW,NL,NL,forecast_solar_generation,Solar,2026-08-28T01:27:51Z
2026-08-28T01:22:45Z,2026-08-28T03:22:45+0200,fe344a24-22e0-4cc6-9f99-c4acdbe3c429,2026-08-12T22:45:00Z,2026-08-13T00:45:00+0200,0.0,MW,NL,NL,forecast_solar_generation,Solar,2026-08-28T01:27:51Z
2026-08-28T01:22:45Z,2026-08-28T03:22:45+0200,fe344a24-22e0-4cc6-9f99-c4acdbe3c429,2026-08-12T23:00:00Z,2026-08-13T01:00:00+0200,0.0,MW,NL,NL,forecast_solar_generation,Solar,2026-08-28T01:27:51Z
2026-08-28T01:22:45Z,2026-08-28T03:22:45+0200,fe344a24-22e0-4cc6-9f99-c4acdbe3c429,2026-08-12T23:15:00Z,2026-08-13T01:15:00+0200,0.0,MW,NL,NL,forecast_solar_generation,Solar,2026-08-28T01:27:51Z
2026-08-28T01:22:45Z,2026-08-28T03:22:45+0200,fe344a24-22e0-4cc6-9f99-c4acdbe3c429,2026-08-12T23:30:00Z,2026-08-13T01:30:00+0200,0.0,MW,NL,NL,forecast_solar_generation,Solar,2026-08-28T01:27:51Z
2026-08-28T01:22:45Z,2026-08-28T03:22:45+0200,fe344a24-22e0-4cc6-9f99-c4acdbe3c429,2026-08-12T23:45:00Z,2026-08-13T01:45:00+0200,0.0,MW,NL,NL,forecast_solar_generation,Solar,2026-08-28T01:27:51Z
2026-08-28T01:22:45Z,2026-08-28T03:22:45+0200,fe344a24-22e0-4cc6-9f99-c4acdbe3c429,2026-08-13T00:00:00Z,2026-08-13T02:00:00+0200,0.0,MW,NL,NL,forecast_solar_generation,Solar,2026-08-28T01:27:51Z
2026-08-28T01:22:45Z,2026-08-28T03:22:45+0200,fe344a24-22e0-4cc6-9f99-c4acdbe3c429,2026-08-13T00:15:00Z,2026-08-13T02:15:00+0200,0.0,MW,NL,NL,forecast_solar_generation,Solar,2026-08-28T01:27:51Z
2026-08-28T01:22:45Z,2026-08-28T03:22:45+0200,fe344a24-22e0-4cc6-9f99-c4acdbe3c429,2026-08-13T00:30:00Z,2026-08-13T02:30:00+0200,0.0,MW,NL,NL,forecast_solar_generation,Solar,2026-08-28T01:27:51Z
2026-08-28T01:22:45Z,2026-08-28T03:22:45+0200,fe344a24-22e0-4cc6-9f99-c4acdbe3c429,2026-08-13T00:45:00Z,2026-08-13T02:45:00+0200,0.0,MW,NL,NL,forecast_solar_generation,Solar,2026-08-28T01:27:51Z
2026-08-28T01:22:45Z,2026-08-28T03:22:45+0200,fe344a24-22e0-4cc6-9f99-c4acdbe3c429,2026-08-13T01:00:00Z,2026-08-13T03:00:00+0200,0.0,MW,NL,NL,forecast_solar_generation,Solar,2026-08-28T01:27:51Z
2026-08-28T01:22:45Z,2026-08-28T03:22:45+0200,fe344a24-22e0-4cc6-9f99-c4acdbe3c429,2026-08-13T01:15:00Z,2026-08-13T03:15:00+0200,0.0,MW,NL,NL,forecast_solar_generation,Solar,2026-08-28T01:27:51Z
2026-08-28T01:22:45Z,2026-08-28T03:22:45+0200,fe344a24-22e0-4cc6-9f99-c4acdbe3c429,2026-08-13T01:30:00Z,2026-08-13T03:30:00+0200,0.0,MW,NL,NL,forecast_solar_generation,Solar,2026-08-28T01:27:51Z
2026-08-28T01:22:45Z,2026-08-28T03:22:45+0200,fe344a24-22e0-4cc6-9f99-c4acdbe3c429,2026-08-13T01:45:00Z,2026-08-13T03:45:00+0200,0.0,MW,NL,NL,forecast_solar_generation,Solar,2026-08-28T01:27:51Z
2026-08-28T01:22:45Z,2026-08-28T03:22:45+0200,fe344a24-22e0-4cc6-9f99-c4acdbe3c429,2026-08-13T02:00:00Z,2026-08-13T04:00:00+0200,0.0,MW,NL,NL,forecast_solar_generation,Solar,2026-08-28T01:27:51Z
2026-08-28T01:22:45Z,2026-08-28T03:22:45+0200,fe344a24-22e0-4cc6-9f99-c4acdbe3c429,2026-08-13T02:15:00Z,2026-08-13T04:15:00+0200,0.0,MW,NL,NL,forecast_solar_generation,Solar,2026-08-28T01:27:51Z
2026-08-28T01:22:45Z,2026-08-28T03:22:45+0200,fe344a24-22e0-4cc6-9f99-c4acdbe3c429,2026-08-13T02:30:00Z,2026-08-13T04:30:00+0200,0.0,MW,NL,NL,forecast_solar_generation,Solar,2026-08-28T01:27:51Z
2026-08-28T01:22:45Z,2026-08-28T03:22:45+0200,fe344a24-22e0-4cc6-9f99-c4acdbe3c429,2026-08-13T02:45:00Z,2026-08-13T04:45:00+0200,0.0,MW,NL,NL,forecast_solar_generation,Solar,2026-08-28T01:27:51Z
2026-08-28T01:22:45Z,2026-08-28T03:22:45+0200,fe344a24-22e0-4cc6-9f99-c4acdbe3c429,2026-08-13T03:00:00Z,2026-08-13T05:00:00+0200,0.0,MW,NL,NL,forecast_solar_generation,Solar,2026-08-28T01:27:51Z
2026-08-28T01:22:45Z,2026-08-28T03:22:45+0200,fe344a24-22e0-4cc6-9f99-c4acdbe3c429,2026-08-13T03:15:00Z,2026-08-13T05:15:00+0200,0.0,MW,NL,NL,forecast_solar_generation,Solar,2026-08-28T01:27:51Z
2026-08-28T01:22:45Z,2026-08-28T03:22:45+0200,fe344a24-22e0-4cc6-9f99-c4acdbe3c429,2026-08-13T03:30:00Z,2026-08-13T05:30:00+0200,0.0,MW,NL,NL,forecast_solar_generation,Solar,2026-08-28T01:27:51Z
2026-08-28T01:22:45Z,2026-08-28T03:22:45+0200,fe344a24-22e0-4cc6-9f99-c4acdbe3c429,2026-08-13T03:45:00Z,2026-08-13T05:45:00+0200,0.0,MW,NL,NL,forecast_solar_generation,Solar,2026-08-28T01:27:51Z
2026-08-28T01:22:45Z,2026-08-28T03:22:45+0200,fe344a24-22e0-4cc6-9f99-c4acdbe3c429,2026-08-13T04:00:00Z,2026-08-13T06:00:00+0200,0.0,MW,NL,NL,forecast_solar_generation,Solar,2026-08-28T01:27:51Z
2026-08-28T01:22:45Z,2026-08-28T03:22:45+0200,fe344a24-22e0-4cc6-9f99-c4acdbe3c429,2026-08-13T04:15:00Z,2026-08-13T06:15:00+0200,6.0,MW,NL,NL,forecast_solar_generation,Solar,2026-08-28T01:27:51Z
2026-08-28T01:22:45Z,2026-08-28T03:22:45+0200,fe344a24-22e0-4cc6-9f99-c4acdbe3c429,2026-08-13T04:30:00Z,2026-08-13T06:30:00+0200,14.0,MW,NL,NL,forecast_solar_generation,Solar,2026-08-28T01:27:51Z
2026-08-28T01:22:45Z,2026-08-28T03:22:45+0200,fe344a24-22e0-4cc6-9f99-c4acdbe3c429,2026-08-13T04:45:00Z,2026-08-13T06:45:00+0200,21.0,MW,NL,NL,forecast_solar_generation,Solar,2026-08-28T01:27:51Z
2026-08-28T01:22:45Z,2026-08-28T03:22:45+0200,fe344a24-22e0-4cc6-9f99-c4acdbe3c429,2026-08-13T05:00:00Z,2026-08-13T07:00:00+0200,29.0,MW,NL,NL,forecast_solar_generation,Solar,2026-08-28T01:27:51Z
2026-08-28T01:22:45Z,2026-08-28T03:22:45+0200,fe344a24-22e0-4cc6-9f99-c4acdbe3c429,2026-08-13T05:15:00Z,2026-08-13T07:15:00+0200,149.0,MW,NL,NL,forecast_solar_generation,Solar,2026-08-28T01:27:51Z
2026-08-28T01:22:45Z,2026-08-28T03:22:45+0200,fe344a24-22e0-4cc6-9f99-c4acdbe3c429,2026-08-13T05:30:00Z,2026-08-13T07:30:00+0200,269.0,MW,NL,NL,forecast_solar_generation,Solar,2026-08-28T01:27:51Z
2026-08-28T01:22:45Z,2026-08-28T03:22:45+0200,fe344a24-22e0-4cc6-9f99-c4acdbe3c429,2026-08-13T05:45:00Z,2026-08-13T07:45:00+0200,389.0,MW,NL,NL,forecast_solar_generation,Solar,2026-08-28T01:27:51Z
2026-08-28T01:22:45Z,2026-08-28T03:22:45+0200,fe344a24-22e0-4cc6-9f99-c4acdbe3c429,2026-08-13T06:00:00Z,2026-08-13T08:00:00+0200,510.0,MW,NL,NL,forecast_solar_generation,Solar,2026-08-28T01:27:51Z
2026-08-28T01:22:45Z,2026-08-28T03:22:45+0200,fe344a24-22e0-4cc6-9f99-c4acdbe3c429,2026-08-13T06:15:00Z,2026-08-13T08:15:00+0200,735.0,MW,NL,NL,forecast_solar_generation,Solar,2026-08-28T01:27:51Z
2026-08-28T01:22:45Z,2026-08-28T03:22:45+0200,fe344a24-22e0-4cc6-9f99-c4acdbe3c429,2026-08-13T06:30:00Z,2026-08-13T08:30:00+0200,958.0,MW,NL,NL,forecast_solar_generation,Solar,2026-08-28T01:27:51Z
2026-08-28T01:22:45Z,2026-08-28T03:22:45+0200,fe344a24-22e0-4cc6-9f99-c4acdbe3c429,2026-08-13T06:45:00Z,2026-08-13T08:45:00+0200,1184.0,MW,NL,NL,forecast_solar_generation,Solar,2026-08-28T01:27:51Z
2026-08-28T01:22:45Z,2026-08-28T03:22:45+0200,fe344a24-22e0-4cc6-9f99-c4acdbe3c429,2026-08-13T07:00:00Z,2026-08-13T09:00:00+0200,1410.0,MW,NL,NL,forecast_solar_generation,Solar,2026-08-28T01:27:51Z
2026-08-28T01:22:45Z,2026-08-28T03:22:45+0200,fe344a24-22e0-4cc6-9f99-c4acdbe3c429,2026-08-13T07:15:00Z,2026-08-13T09:15:00+0200,1689.0,MW,NL,NL,forecast_solar_generation,Solar,2026-08-28T01:27:51Z
2026-08-28T01:22:45Z,2026-08-28T03:22:45+0200,fe344a24-22e0-4cc6-9f99-c4acdbe3c429,2026-08-13T07:30:00Z,2026-08-13T09:30:00+0200,1973.0,MW,NL,NL,forecast_solar_generation,Solar,2026-08-28T01:27:51Z
2026-08-28T01:22:45Z,2026-08-28T03:22:45+0200,fe344a24-22e0-4cc6-9f99-c4acdbe3c429,2026-08-13T07:45:00Z,2026-08-13T09:45:00+0200,2254.0,MW,NL,NL,forecast_solar_generation,Solar,2026-08-28T01:27:51Z
2026-08-28T01:22:45Z,2026-08-28T03:22:45+0200,fe344a24-22e0-4cc6-9f99-c4acdbe3c429,2026-08-13T08:00:00Z,2026-08-13T10:00:00+0200,2536.0,MW,NL,NL,forecast_solar_generation,Solar,2026-08-28T01:27:51Z
2026-08-28T01:22:45Z,2026-08-28T03:22:45+0200,fe344a24-22e0-4cc6-9f99-c4acdbe3c429,2026-08-13T08:15:00Z,2026-08-13T10:15:00+0200,2789.0,MW,NL,NL,forecast_solar_generation,Solar,2026-08-28T01:27:51Z
2026-08-28T01:22:45Z,2026-08-28T03:22:45+0200,fe344a24-22e0-4cc6-9f99-c4acdbe3c429,2026-08-13T08:30:00Z,2026-08-13T10:30:00+0200,3040.0,MW,NL,NL,forecast_solar_generation,Solar,2026-08-28T01:27:51Z
2026-08-28T01:22:45Z,2026-08-28T03:22:45+0200,fe344a24-22e0-4cc6-9f99-c4acdbe3c429,2026-08-13T08:45:00Z,2026-08-13T10:45:00+0200,3294.0,MW,NL,NL,forecast_solar_generation,Solar,2026-08-28T01:27:51Z
2026-08-28T01:22:45Z,2026-08-28T03:22:45+0200,fe344a24-22e0-4cc6-9f99-c4acdbe3c429,2026-08-13T09:00:00Z,2026-08-13T11:00:00+0200,3546.0,MW,NL,NL,forecast_solar_generation,Solar,2026-08-28T01:27:51Z
2026-08-28T01:22:45Z,2026-08-28T03:22:45+0200,fe344a24-22e0-4cc6-9f99-c4acdbe3c429,2026-08-13T09:15:00Z,2026-08-13T11:15:00+0200,3689.0,MW,NL,NL,forecast_solar_generation,Solar,2026-08-28T01:27:51Z
2026-08-28T01:22:45Z,2026-08-28T03:22:45+0200,fe344a24-22e0-4cc6-9f99-c4acdbe3c429,2026-08-13T09:30:00Z,2026-08-13T11:30:00+0200,3832.0,MW,NL,NL,forecast_solar_generation,Solar,2026-08-28T01:27:51Z
2026-08-28T01:22:45Z,2026-08-28T03:22:45+0200,fe344a24-22e0-4cc6-9f99-c4acdbe3c429,2026-08-13T09:45:00Z,2026-08-13T11:45:00+0200,3974.0,MW,NL,NL,forecast_solar_generation,Solar,2026-08-28T01:27:51Z
2026-08-28T01:22:45Z,2026-08-28T03:22:45+0200,fe344a24-22e0-4cc6-9f99-c4acdbe3c429,2026-08-13T10:00:00Z,2026-08-13T12:00:00+0200,4116.0,MW,NL,NL,forecast_solar_generation,Solar,2026-08-28T01:27:51Z
2026-08-28T01:22:45Z,2026-08-28T03:22:45+0200,fe344a24-22e0-4cc6-9f99-c4acdbe3c429,2026-08-13T10:15:00Z,2026-08-13T12:15:00+0200,4239.0,MW,NL,NL,forecast_solar_generation,Solar,2026-08-28T01:27:51Z
2026-08-28T01:22:45Z,2026-08-28T03:22:45+0200,fe344a24-22e0-4cc6-9f99-c4acdbe3c429,2026-08-13T10:30:00Z,2026-08-13T12:30:00+0200,4365.0,MW,NL,NL,forecast_solar_generation,Solar,2026-08-28T01:27:51Z
2026-08-28T01:22:45Z,2026-08-28T03:22:45+0200,fe344a24-22e0-4cc6-9f99-c4acdbe3c429,2026-08-13T10:45:00Z,2026-08-13T12:45:00+0200,4490.0,MW,NL,NL,forecast_solar_generation,Solar,2026-08-28T01:27:51Z
2026-08-28T01:22:45Z,2026-08-28T03:22:45+0200,fe344a24-22e0-4cc6-9f99-c4acdbe3c429,2026-08-13T11:00:00Z,2026-08-13T13:00:00+0200,4616.0,MW,NL,NL,forecast_solar_generation,Solar,2026-08-28T01:27:51Z
2026-08-28T01:22:45Z,2026-08-28T03:22:45+0200,fe344a24-22e0-4cc6-9f99-c4acdbe3c429,2026-08-13T11:15:00Z,2026-08-13T13:15:00+0200,4669.0,MW,NL,NL,forecast_solar_generation,Solar,2026-08-28T01:27:51Z
2026-08-28T01:22:45Z,2026-08-28T03:22:45+0200,fe344a24-22e0-4cc6-9f99-c4acdbe3c429,2026-08-13T11:30:00Z,2026-08-13T13:30:00+0200,4722.0,MW,NL,NL,forecast_solar_generation,Solar,2026-08-28T01:27:51Z
2026-08-28T01:22:45Z,2026-08-28T03:22:45+0200,fe344a24-22e0-4cc6-9f99-c4acdbe3c429,2026-08-13T11:45:00Z,2026-08-13T13:45:00+0200,4776.0,MW,NL,NL,forecast_solar_generation,Solar,2026-08-28T01:27:51Z
2026-08-28T01:22:45Z,2026-08-28T03:22:45+0200,fe344a24-22e0-4cc6-9f99-c4acdbe3c429,2026-08-13T12:00:00Z,2026-08-13T14:00:00+0200,4828.0,MW,NL,NL,forecast_solar_generation,Solar,2026-08-28T01:27:51Z
2026-08-28T01:22:45Z,2026-08-28T03:22:45+0200,fe344a24-22e0-4cc6-9f99-c4acdbe3c429,2026-08-13T12:15:00Z,2026-08-13T14:15:00+0200,4820.0,MW,NL,NL,forecast_solar_generation,Solar,2026-08-28T01:27:51Z
2026-08-28T01:22:45Z,2026-08-28T03:22:45+0200,fe344a24-22e0-4cc6-9f99-c4acdbe3c429,2026-08-13T12:30:00Z,2026-08-13T14:30:00+0200,4809.0,MW,NL,NL,forecast_solar_generation,Solar,2026-08-28T01:27:51Z
2026-08-28T01:22:45Z,2026-08-28T03:22:45+0200,fe344a24-22e0-4cc6-9f99-c4acdbe3c429,2026-08-13T12:45:00Z,2026-08-13T14:45:00+0200,4798.0,MW,NL,NL,forecast_solar_generation,Solar,2026-08-28T01:27:51Z
2026-08-28T01:22:45Z,2026-08-28T03:22:45+0200,fe344a24-22e0-4cc6-9f99-c4acdbe3c429,2026-08-13T13:00:00Z,2026-08-13T15:00:00+0200,4789.0,MW,NL,NL,forecast_solar_generation,Solar,2026-08-28T01:27:51Z
2026-08-28T01:22:45Z,2026-08-28T03:22:45+0200,fe344a24-22e0-4cc6-9f99-c4acdbe3c429,2026-08-13T13:15:00Z,2026-08-13T15:15:00+0200,4694.0,MW,NL,NL,forecast_solar_generation,Solar,2026-08-28T01:27:51Z
2026-08-28T01:22:45Z,2026-08-28T03:22:45+0200,fe344a24-22e0-4cc6-9f99-c4acdbe3c429,2026-08-13T13:30:00Z,2026-08-13T15:30:00+0200,4598.0,MW,NL,NL,forecast_solar_generation,Solar,2026-08-28T01:27:51Z
2026-08-28T01:22:45Z,2026-08-28T03:22:45+0200,fe344a24-22e0-4cc6-9f99-c4acdbe3c429,2026-08-13T13:45:00Z,2026-08-13T15:45:00+0200,4500.0,MW,NL,NL,forecast_solar_generation,Solar,2026-08-28T01:27:51Z
2026-08-28T01:22:45Z,2026-08-28T03:22:45+0200,fe344a24-22e0-4cc6-9f99-c4acdbe3c429,2026-08-13T14:00:00Z,2026-08-13T16:00:00+0200,4403.0,MW,NL,NL,forecast_solar_generation,Solar,2026-08-28T01:27:51Z
2026-08-28T01:22:45Z,2026-08-28T03:22:45+0200,fe344a24-22e0-4cc6-9f99-c4acdbe3c429,2026-08-13T14:15:00Z,2026-08-13T16:15:00+0200,4241.0,MW,NL,NL,forecast_solar_generation,Solar,2026-08-28T01:27:51Z
2026-08-28T01:22:45Z,2026-08-28T03:22:45+0200,fe344a24-22e0-4cc6-9f99-c4acdbe3c429,2026-08-13T14:30:00Z,2026-08-13T16:30:00+0200,4075.0,MW,NL,NL,forecast_solar_generation,Solar,2026-08-28T01:27:51Z
2026-08-28T01:22:45Z,2026-08-28T03:22:45+0200,fe344a24-22e0-4cc6-9f99-c4acdbe3c429,2026-08-13T14:45:00Z,2026-08-13T16:45:00+0200,3910.0,MW,NL,NL,forecast_solar_generation,Solar,2026-08-28T01:27:51Z
2026-08-28T01:22:45Z,2026-08-28T03:22:45+0200,fe344a24-22e0-4cc6-9f99-c4acdbe3c429,2026-08-13T15:00:00Z,2026-08-13T17:00:00+0200,3746.0,MW,NL,NL,forecast_solar_generation,Solar,2026-08-28T01:27:51Z
2026-08-28T01:22:45Z,2026-08-28T03:22:45+0200,fe344a24-22e0-4cc6-9f99-c4acdbe3c429,2026-08-13T15:15:00Z,2026-08-13T17:15:00+0200,3564.0,MW,NL,NL,forecast_solar_generation,Solar,2026-08-28T01:27:51Z
2026-08-28T01:22:45Z,2026-08-28T03:22:45+0200,fe344a24-22e0-4cc6-9f99-c4acdbe3c429,2026-08-13T15:30:00Z,2026-08-13T17:30:00+0200,3382.0,MW,NL,NL,forecast_solar_generation,Solar,2026-08-28T01:27:51Z
2026-08-28T01:22:45Z,2026-08-28T03:22:45+0200,fe344a24-22e0-4cc6-9f99-c4acdbe3c429,2026-08-13T15:45:00Z,2026-08-13T17:45:00+0200,3200.0,MW,NL,NL,forecast_solar_generation,Solar,2026-08-28T01:27:51Z
2026-08-28T01:22:45Z,2026-08-28T03:22:45+0200,fe344a24-22e0-4cc6-9f99-c4acdbe3c429,2026-08-13T16:00:00Z,2026-08-13T18:00:00+0200,3017.0,MW,NL,NL,forecast_solar_generation,Solar,2026-08-28T01:27:51Z
2026-08-28T01:22:45Z,2026-08-28T03:22:45+0200,fe344a24-22e0-4cc6-9f99-c4acdbe3c429,2026-08-13T16:15:00Z,2026-08-13T18:15:00+0200,2743.0,MW,NL,NL,forecast_solar_generation,Solar,2026-08-28T01:27:51Z
2026-08-28T01:22:45Z,2026-08-28T03:22:45+0200,fe344a24-22e0-4cc6-9f99-c4acdbe3c429,2026-08-13T16:30:00Z,2026-08-13T18:30:00+0200,2465.0,MW,NL,NL,forecast_solar_generation,Solar,2026-08-28T01:27:51Z
2026-08-28T01:22:45Z,2026-08-28T03:22:45+0200,fe344a24-22e0-4cc6-9f99-c4acdbe3c429,2026-08-13T16:45:00Z,2026-08-13T18:45:00+0200,2192.0,MW,NL,NL,forecast_solar_generation,Solar,2026-08-28T01:27:51Z
2026-08-28T01:22:45Z,2026-08-28T03:22:45+0200,fe344a24-22e0-4cc6-9f99-c4acdbe3c429,2026-08-13T17:00:00Z,2026-08-13T19:00:00+0200,1915.0,MW,NL,NL,forecast_solar_generation,Solar,2026-08-28T01:27:51Z
2026-08-28T01:22:45Z,2026-08-28T03:22:45+0200,fe344a24-22e0-4cc6-9f99-c4acdbe3c429,2026-08-13T17:15:00Z,2026-08-13T19:15:00+0200,1655.0,MW,NL,NL,forecast_solar_generation,Solar,2026-08-28T01:27:51Z
2026-08-28T01:22:45Z,2026-08-28T03:22:45+0200,fe344a24-22e0-4cc6-9f99-c4acdbe3c429,2026-08-13T17:30:00Z,2026-08-13T19:30:00+0200,1394.0,MW,NL,NL,forecast_solar_generation,Solar,2026-08-28T01:27:51Z
2026-08-28T01:22:45Z,2026-08-28T03:22:45+0200,fe344a24-22e0-4cc6-9f99-c4acdbe3c429,2026-08-13T17:45:00Z,2026-08-13T19:45:00+0200,1132.0,MW,NL,NL,forecast_solar_generation,Solar,2026-08-28T01:27:51Z
2026-08-28T01:22:45Z,2026-08-28T03:22:45+0200,fe344a24-22e0-4cc6-9f99-c4acdbe3c429,2026-08-13T18:00:00Z,2026-08-13T20:00:00+0200,871.0,MW,NL,NL,forecast_solar_generation,Solar,2026-08-28T01:27:51Z
2026-08-28T01:22:45Z,2026-08-28T03:22:45+0200,fe344a24-22e0-4cc6-9f99-c4acdbe3c429,2026-08-13T18:15:00Z,2026-08-13T20:15:00+0200,668.0,MW,NL,NL,forecast_solar_generation,Solar,2026-08-28T01:27:51Z
2026-08-28T01:22:45Z,2026-08-28T03:22:45+0200,fe344a24-22e0-4cc6-9f99-c4acdbe3c429,2026-08-13T18:30:00Z,2026-08-13T20:30:00+0200,467.0,MW,NL,NL,forecast_solar_generation,Solar,2026-08-28T01:27:51Z
2026-08-28T01:22:45Z,2026-08-28T03:22:45+0200,fe344a24-22e0-4cc6-9f99-c4acdbe3c429,2026-08-13T18:45:00Z,2026-08-13T20:45:00+0200,261.0,MW,NL,NL,forecast_solar_generation,Solar,2026-08-28T01:27:51Z
2026-08-28T01:22:45Z,2026-08-28T03:22:45+0200,fe344a24-22e0-4cc6-9f99-c4acdbe3c429,2026-08-13T19:00:00Z,2026-08-13T21:00:00+0200,56.0,MW,NL,NL,forecast_solar_generation,Solar,2026-08-28T01:27:51Z
2026-08-28T01:22:45Z,2026-08-28T03:22:45+0200,fe344a24-22e0-4cc6-9f99-c4acdbe3c429,2026-08-13T19:15:00Z,2026-08-13T21:15:00+0200,43.0,MW,NL,NL,forecast_solar_generation,Solar,2026-08-28T01:27:51Z
2026-08-28T01:22:45Z,2026-08-28T03:22:45+0200,fe344a24-22e0-4cc6-9f99-c4acdbe3c429,2026-08-13T19:30:00Z,2026-08-13T21:30:00+0200,30.0,MW,NL,NL,forecast_solar_generation,Solar,2026-08-28T01:27:51Z
2026-08-28T01:22:45Z,2026-08-28T03:22:45+0200,fe344a24-22e0-4cc6-9f99-c4acdbe3c429,2026-08-13T19:45:00Z,2026-08-13T21:45:00+0200,14.0,MW,NL,NL,forecast_solar_generation,Solar,2026-08-28T01:27:51Z
2026-08-28T01:22:45Z,2026-08-28T03:22:45+0200,fe344a24-22e0-4cc6-9f99-c4acdbe3c429,2026-08-13T20:00:00Z,2026-08-13T22:00:00+0200,0.0,MW,NL,NL,forecast_solar_generation,Solar,2026-08-28T01:27:51Z
2026-08-28T01:22:45Z,2026-08-28T03:22:45+0200,fe344a24-22e0-4cc6-9f99-c4acdbe3c429,2026-08-13T20:15:00Z,2026-08-13T22:15:00+0200,0.0,MW,NL,NL,forecast_solar_generation,Solar,2026-08-28T01:27:51Z
2026-08-28T01:22:45Z,2026-08-28T03:22:45+0200,fe344a24-22e0-4cc6-9f99-c4acdbe3c429,2026-08-13T20:30:00Z,2026-08-13T22:30:00+0200,0.0,MW,NL,NL,forecast_solar_generation,Solar,2026-08-28T01:27:51Z
2026-08-28T01:22:45Z,2026-08-28T03:22:45+0200,fe344a24-22e0-4cc6-9f99-c4acdbe3c429,2026-08-13T20:45:00Z,2026-08-13T22:45:00+0200,0.0,MW,NL,NL,forecast_solar_generation,Solar,2026-08-28T01:27:51Z
2026-08-28T01:22:45Z,2026-08-28T03:22:45+0200,fe344a24-22e0-4cc6-9f99-c4acdbe3c429,2026-08-13T21:00:00Z,2026-08-13T23:00:00+0200,0.0,MW,NL,NL,forecast_solar_generation,Solar,2026-08-28T01:27:51Z
2026-08-28T01:22:45Z,2026-08-28T03:22:45+0200,fe344a24-22e0-4cc6-9f99-c4acdbe3c429,2026-08-13T21:15:00Z,2026-08-13T23:15:00+0200,0.0,MW,NL,NL,forecast_solar_generation,Solar,2026-08-28T01:27:51Z
2026-08-28T01:22:45Z,2026-08-28T03:22:45+0200,fe344a24-22e0-4cc6-9f99-c4acdbe3c429,2026-08-13T21:30:00Z,2026-08-13T23:30:00+0200,0.0,MW,NL,NL,forecast_solar_generation,Solar,2026-08-28T01:27:51Z
2026-08-28T01:22:45Z,2026-08-28T03:22:45+0200,fe344a24-22e0-4cc6-9f99-c4acdbe3c429,2026-08-13T21:45:00Z,2026-08-13T23:45:00+0200,0.0,MW,NL,NL,forecast_solar_generation,Solar,2026-08-28T01:27:51Z
2026-08-28T01:22:45Z,2026-08-28T03:22:45+0200,fe344a24-22e0-4cc6-9f99-c4acdbe3c429,2026-08-13T22:00:00Z,2026-08-14T00:00:00+0200,0.0,MW,NL,NL,forecast_solar_generation,Solar,2026-08-28T01:27:51Z
2026-08-28T01:22:45Z,2026-08-28T03:22:45+0200,fe344a24-22e0-4cc6-9f99-c4acdbe3c429,2026-08-13T22:15:00Z,2026-08-14T00:15:00+0200,0.0,MW,NL,NL,forecast_solar_generation,Solar,2026-08-28T01:27:51Z
2026-08-28T01:22:45Z,2026-08-28T03:22:45+0200,fe344a24-22e0-4cc6-9f99-c4acdbe3c429,2026-08-13T22:30:00Z,2026-08-14T00:30:00+0200,0.0,MW,NL,NL,forecast_solar_generation,Solar,2026-08-28T01:27:51Z
2026-08-28T01:22:45Z,2026-08-28T03:22:45+0200,fe344a24-22e0-4cc6-9f99-c4acdbe3c429,2026-08-13T22:45:00Z,2026-08-14T00:45:00+0200,0.0,MW,NL,NL,forecast_solar_generation,Solar,2026-08-28T01:27:51Z
2026-08-28T01:22:45Z,2026-08-28T03:22:45+0200,fe344a24-22e0-4cc6-9f99-c4acdbe3c429,2026-08-13T23:00:00Z,2026-08-14T01:00:00+0200,0.0,MW,NL,NL,forecast_solar_generation,Solar,2026-08-28T01:27:51Z
2026-08-28T01:22:45Z,2026-08-28T03:22:45+0200,fe344a24-22e0-4cc6-9f99-c4acdbe3c429,2026-08-13T23:15:00Z,2026-08-14T01:15:00+0200,0.0,MW,NL,NL,forecast_solar_generation,Solar,2026-08-28T01:27:51Z
2026-08-28T01:22:45Z,2026-08-28T03:22:45+0200,fe344a24-22e0-4cc6-9f99-c4acdbe3c429,2026-08-13T23:30:00Z,2026-08-14T01:30:00+0200,0.0,MW,NL,NL,forecast_solar_generation,Solar,2026-08-28T01:27:51Z
2026-08-28T01:22:45Z,2026-08-28T03:22:45+0200,fe344a24-22e0-4cc6-9f99-c4acdbe3c429,2026-08-13T23:45:00Z,2026-08-14T01:45:00+0200,0.0,MW,NL,NL,forecast_solar_generation,Solar,2026-08-28T01:27:51Z
2026-08-28T01:22:45Z,2026-08-28T03:22:45+0200,fe344a24-22e0-4cc6-9f99-c4acdbe3c429,2026-08-14T00:00:00Z,2026-08-14T02:00:00+0200,0.0,MW,NL,NL,forecast_solar_generation,Solar,2026-08-28T01:27:51Z
2026-08-28T01:22:45Z,2026-08-28T03:22:45+0200,fe344a24-22e0-4cc6-9f99-c4acdbe3c429,2026-08-14T00:15:00Z,2026-08-14T02:15:00+0200,0.0,MW,NL,NL,forecast_solar_generation,Solar,2026-08-28T01:27:51Z
2026-08-28T01:22:45Z,2026-08-28T03:22:45+0200,fe344a24-22e0-4cc6-9f99-c4acdbe3c429,2026-08-14T00:30:00Z,2026-08-14T02:30:00+0200,0.0,MW,NL,NL,forecast_solar_generation,Solar,2026-08-28T01:27:51Z
2026-08-28T01:22:45Z,2026-08-28T03:22:45+0200,fe344a24-22e0-4cc6-9f99-c4acdbe3c429,2026-08-14T00:45:00Z,2026-08-14T02:45:00+0200,0.0,MW,NL,NL,forecast_solar_generation,Solar,2026-08-28T01:27:51Z
2026-08-28T01:22:45Z,2026-08-28T03:22:45+0200,fe344a24-22e0-4cc6-9f99-c4acdbe3c429,2026-08-14T01:00:00Z,2026-08-14T03:00:00+0200,0.0,MW,NL,NL,forecast_solar_generation,Solar,2026-08-28T01:27:51Z
2026-08-28T01:22:45Z,2026-08-28T03:22:45+0200,fe344a24-22e0-4cc6-9f99-c4acdbe3c429,2026-08-14T01:15:00Z,2026-08-14T03:15:00+0200,0.0,MW,NL,NL,forecast_solar_generation,Solar,2026-08-28T01:27:51Z
2026-08-28T01:22:45Z,2026-08-28T03:22:45+0200,fe344a24-22e0-4cc6-9f99-c4acdbe3c429,2026-08-14T01:30:00Z,2026-08-14T03:30:00+0200,0.0,MW,NL,NL,forecast_solar_generation,Solar,2026-08-28T01:27:51Z
2026-08-28T01:22:45Z,2026-08-28T03:22:45+0200,fe344a24-22e0-4cc6-9f99-c4acdbe3c429,2026-08-14T01:45:00Z,2026-08-14T03:45:00+0200,0.0,MW,NL,NL,forecast_solar_generation,Solar,2026-08-28T01:27:51Z
2026-08-28T01:22:45Z,2026-08-28T03:22:45+0200,fe344a24-22e0-4cc6-9f99-c4acdbe3c429,2026-08-14T02:00:00Z,2026-08-14T04:00:00+0200,0.0,MW,NL,NL,forecast_solar_generation,Solar,2026-08-28T01:27:51Z
2026-08-28T01:22:45Z,2026-08-28T03:22:45+0200,fe344a24-22e0-4cc6-9f99-c4acdbe3c429,2026-08-14T02:15:00Z,2026-08-14T04:15:00+0200,0.0,MW,NL,NL,forecast_solar_generation,Solar,2026-08-28T01:27:51Z
2026-08-28T01:22:45Z,2026-08-28T03:22:45+0200,fe344a24-22e0-4cc6-9f99-c4acdbe3c429,2026-08-14T02:30:00Z,2026-08-14T04:30:00+0200,0.0,MW,NL,NL,forecast_solar_generation,Solar,2026-08-28T01:27:51Z
2026-08-28T01:22:45Z,2026-08-28T03:22:45+0200,fe344a24-22e0-4cc6-9f99-c4acdbe3c429,2026-08-14T02:45:00Z,2026-08-14T04:45:00+0200,0.0,MW,NL,NL,forecast_solar_generation,Solar,2026-08-28T01:27:51Z
2026-08-28T01:22:45Z,2026-08-28T03:22:45+0200,fe344a24-22e0-4cc6-9f99-c4acdbe3c429,2026-08-14T03:00:00Z,2026-08-14T05:00:00+0200,0.0,MW,NL,NL,forecast_solar_generation,Solar,2026-08-28T01:27:51Z
2026-08-28T01:22:45Z,2026-08-28T03:22:45+0200,fe344a24-22e0-4cc6-9f99-c4acdbe3c429,2026-08-14T03:15:00Z,2026-08-14T05:15:00+0200,0.0,MW,NL,NL,forecast_solar_generation,Solar,2026-08-28T01:27:51Z
2026-08-28T01:22:45Z,2026-08-28T03:22:45+0200,fe344a24-22e0-4cc6-9f99-c4acdbe3c429,2026-08-14T03:30:00Z,2026-08-14T05:30:00+0200,0.0,MW,NL,NL,forecast_solar_generation,Solar,2026-08-28T01:27:51Z
2026-08-28T01:22:45Z,2026-08-28T03:22:45+0200,fe344a24-22e0-4cc6-9f99-c4acdbe3c429,2026-08-14T03:45:00Z,2026-08-14T05:45:00+0200,0.0,MW,NL,NL,forecast_solar_generation,Solar,2026-08-28T01:27:51Z
2026-08-28T01:22:45Z,2026-08-28T03:22:45+0200,fe344a24-22e0-4cc6-9f99-c4acdbe3c429,2026-08-14T04:00:00Z,2026-08-14T06:00:00+0200,0.0,MW,NL,NL,forecast_solar_generation,Solar,2026-08-28T01:27:51Z
2026-08-28T01:22:45Z,2026-08-28T03:22:45+0200,fe344a24-22e0-4cc6-9f99-c4acdbe3c429,2026-08-14T04:15:00Z,2026-08-14T06:15:00+0200,5.0,MW,NL,NL,forecast_solar_generation,Solar,2026-08-28T01:27:51Z
2026-08-28T01:22:45Z,2026-08-28T03:22:45+0200,fe344a24-22e0-4cc6-9f99-c4acdbe3c429,2026-08-14T04:30:00Z,2026-08-14T06:30:00+0200,14.0,MW,NL,NL,forecast_solar_generation,Solar,2026-08-28T01:27:51Z
2026-08-28T01:22:45Z,2026-08-28T03:22:45+0200,fe344a24-22e0-4cc6-9f99-c4acdbe3c429,2026-08-14T04:45:00Z,2026-08-14T06:45:00+0200,20.0,MW,NL,NL,forecast_solar_generation,Solar,2026-08-28T01:27:51Z
2026-08-28T01:22:45Z,2026-08-28T03:22:45+0200,fe344a24-22e0-4cc6-9f99-c4acdbe3c429,2026-08-14T05:00:00Z,2026-08-14T07:00:00+0200,25.0,MW,NL,NL,forecast_solar_generation,Solar,2026-08-28T01:27:51Z
2026-08-28T01:22:45Z,2026-08-28T03:22:45+0200,fe344a24-22e0-4cc6-9f99-c4acdbe3c429,2026-08-14T05:15:00Z,2026-08-14T07:15:00+0200,144.0,MW,NL,NL,forecast_solar_generation,Solar,2026-08-28T01:27:51Z
2026-08-28T01:22:45Z,2026-08-28T03:22:45+0200,fe344a24-22e0-4cc6-9f99-c4acdbe3c429,2026-08-14T05:30:00Z,2026-08-14T07:30:00+0200,261.0,MW,NL,NL,forecast_solar_generation,Solar,2026-08-28T01:27:51Z
2026-08-28T01:22:45Z,2026-08-28T03:22:45+0200,fe344a24-22e0-4cc6-9f99-c4acdbe3c429,2026-08-14T05:45:00Z,2026-08-14T07:45:00+0200,379.0,MW,NL,NL,forecast_solar_generation,Solar,2026-08-28T01:27:51Z
2026-08-28T01:22:45Z,2026-08-28T03:22:45+0200,fe344a24-22e0-4cc6-9f99-c4acdbe3c429,2026-08-14T06:00:00Z,2026-08-14T08:00:00+0200,498.0,MW,NL,NL,forecast_solar_generation,Solar,2026-08-28T01:27:51Z
2026-08-28T01:22:45Z,2026-08-28T03:22:45+0200,fe344a24-22e0-4cc6-9f99-c4acdbe3c429,2026-08-14T06:15:00Z,2026-08-14T08:15:00+0200,721.0,MW,NL,NL,forecast_solar_generation,Solar,2026-08-28T01:27:51Z
2026-08-28T01:22:45Z,2026-08-28T03:22:45+0200,fe344a24-22e0-4cc6-9f99-c4acdbe3c429,2026-08-14T06:30:00Z,2026-08-14T08:30:00+0200,943.0,MW,NL,NL,forecast_solar_generation,Solar,2026-08-28T01:27:51Z
2026-08-28T01:22:45Z,2026-08-28T03:22:45+0200,fe344a24-22e0-4cc6-9f99-c4acdbe3c429,2026-08-14T06:45:00Z,2026-08-14T08:45:00+0200,1164.0,MW,NL,NL,forecast_solar_generation,Solar,2026-08-28T01:27:51Z
2026-08-28T01:22:45Z,2026-08-28T03:22:45+0200,fe344a24-22e0-4cc6-9f99-c4acdbe3c429,2026-08-14T07:00:00Z,2026-08-14T09:00:00+0200,1386.0,MW,NL,NL,forecast_solar_generation,Solar,2026-08-28T01:27:51Z
2026-08-28T01:22:45Z,2026-08-28T03:22:45+0200,fe344a24-22e0-4cc6-9f99-c4acdbe3c429,2026-08-14T07:15:00Z,2026-08-14T09:15:00+0200,1666.0,MW,NL,NL,forecast_solar_generation,Solar,2026-08-28T01:27:51Z
2026-08-28T01:22:45Z,2026-08-28T03:22:45+0200,fe344a24-22e0-4cc6-9f99-c4acdbe3c429,2026-08-14T07:30:00Z,2026-08-14T09:30:00+0200,1940.0,MW,NL,NL,forecast_solar_generation,Solar,2026-08-28T01:27:51Z
2026-08-28T01:22:45Z,2026-08-28T03:22:45+0200,fe344a24-22e0-4cc6-9f99-c4acdbe3c429,2026-08-14T07:45:00Z,2026-08-14T09:45:00+0200,2218.0,MW,NL,NL,forecast_solar_generation,Solar,2026-08-28T01:27:51Z
2026-08-28T01:22:45Z,2026-08-28T03:22:45+0200,fe344a24-22e0-4cc6-9f99-c4acdbe3c429,2026-08-14T08:00:00Z,2026-08-14T10:00:00+0200,2495.0,MW,NL,NL,forecast_solar_generation,Solar,2026-08-28T01:27:51Z
2026-08-28T01:22:45Z,2026-08-28T03:22:45+0200,fe344a24-22e0-4cc6-9f99-c4acdbe3c429,2026-08-14T08:15:00Z,2026-08-14T10:15:00+0200,2743.0,MW,NL,NL,forecast_solar_generation,Solar,2026-08-28T01:27:51Z
2026-08-28T01:22:45Z,2026-08-28T03:22:45+0200,fe344a24-22e0-4cc6-9f99-c4acdbe3c429,2026-08-14T08:30:00Z,2026-08-14T10:30:00+0200,2992.0,MW,NL,NL,forecast_solar_generation,Solar,2026-08-28T01:27:51Z
2026-08-28T01:22:45Z,2026-08-28T03:22:45+0200,fe344a24-22e0-4cc6-9f99-c4acdbe3c429,2026-08-14T08:45:00Z,2026-08-14T10:45:00+0200,3240.0,MW,NL,NL,forecast_solar_generation,Solar,2026-08-28T01:27:51Z
2026-08-28T01:22:45Z,2026-08-28T03:22:45+0200,fe344a24-22e0-4cc6-9f99-c4acdbe3c429,2026-08-14T09:00:00Z,2026-08-14T11:00:00+0200,3490.0,MW,NL,NL,forecast_solar_generation,Solar,2026-08-28T01:27:51Z
2026-08-28T01:22:45Z,2026-08-28T03:22:45+0200,fe344a24-22e0-4cc6-9f99-c4acdbe3c429,2026-08-14T09:15:00Z,2026-08-14T11:15:00+0200,3627.0,MW,NL,NL,forecast_solar_generation,Solar,2026-08-28T01:27:51Z
2026-08-28T01:22:45Z,2026-08-28T03:22:45+0200,fe344a24-22e0-4cc6-9f99-c4acdbe3c429,2026-08-14T09:30:00Z,2026-08-14T11:30:00+0200,3765.0,MW,NL,NL,forecast_solar_generation,Solar,2026-08-28T01:27:51Z
2026-08-28T01:22:45Z,2026-08-28T03:22:45+0200,fe344a24-22e0-4cc6-9f99-c4acdbe3c429,2026-08-14T09:45:00Z,2026-08-14T11:45:00+0200,3906.0,MW,NL,NL,forecast_solar_generation,Solar,2026-08-28T01:27:51Z
2026-08-28T01:22:45Z,2026-08-28T03:22:45+0200,fe344a24-22e0-4cc6-9f99-c4acdbe3c429,2026-08-14T10:00:00Z,2026-08-14T12:00:00+0200,4043.0,MW,NL,NL,forecast_solar_generation,Solar,2026-08-28T01:27:51Z
2026-08-28T01:22:45Z,2026-08-28T03:22:45+0200,fe344a24-22e0-4cc6-9f99-c4acdbe3c429,2026-08-14T10:15:00Z,2026-08-14T12:15:00+0200,4165.0,MW,NL,NL,forecast_solar_generation,Solar,2026-08-28T01:27:51Z
2026-08-28T01:22:45Z,2026-08-28T03:22:45+0200,fe344a24-22e0-4cc6-9f99-c4acdbe3c429,2026-08-14T10:30:00Z,2026-08-14T12:30:00+0200,4290.0,MW,NL,NL,forecast_solar_generation,Solar,2026-08-28T01:27:51Z
2026-08-28T01:22:45Z,2026-08-28T03:22:45+0200,fe344a24-22e0-4cc6-9f99-c4acdbe3c429,2026-08-14T10:45:00Z,2026-08-14T12:45:00+0200,4411.0,MW,NL,NL,forecast_solar_generation,Solar,2026-08-28T01:27:51Z
2026-08-28T01:22:45Z,2026-08-28T03:22:45+0200,fe344a24-22e0-4cc6-9f99-c4acdbe3c429,2026-08-14T11:00:00Z,2026-08-14T13:00:00+0200,4535.0,MW,NL,NL,forecast_solar_generation,Solar,2026-08-28T01:27:51Z
2026-08-28T01:22:45Z,2026-08-28T03:22:45+0200,fe344a24-22e0-4cc6-9f99-c4acdbe3c429,2026-08-14T11:15:00Z,2026-08-14T13:15:00+0200,4586.0,MW,NL,NL,forecast_solar_generation,Solar,2026-08-28T01:27:51Z
2026-08-28T01:22:45Z,2026-08-28T03:22:45+0200,fe344a24-22e0-4cc6-9f99-c4acdbe3c429,2026-08-14T11:30:00Z,2026-08-14T13:30:00+0200,4639.0,MW,NL,NL,forecast_solar_generation,Solar,2026-08-28T01:27:51Z
2026-08-28T01:22:45Z,2026-08-28T03:22:45+0200,fe344a24-22e0-4cc6-9f99-c4acdbe3c429,2026-08-14T11:45:00Z,2026-08-14T13:45:00+0200,4693.0,MW,NL,NL,forecast_solar_generation,Solar,2026-08-28T01:27:51Z
2026-08-28T01:22:45Z,2026-08-28T03:22:45+0200,fe344a24-22e0-4cc6-9f99-c4acdbe3c429,2026-08-14T12:00:00Z,2026-08-14T14:00:00+0200,4744.0,MW,NL,NL,forecast_solar_generation,Solar,2026-08-28T01:27:51Z
2026-08-28T01:22:45Z,2026-08-28T03:22:45+0200,fe344a24-22e0-4cc6-9f99-c4acdbe3c429,2026-08-14T12:15:00Z,2026-08-14T14:15:00+0200,4728.0,MW,NL,NL,forecast_solar_generation,Solar,2026-08-28T01:27:51Z
2026-08-28T01:22:45Z,2026-08-28T03:22:45+0200,fe344a24-22e0-4cc6-9f99-c4acdbe3c429,2026-08-14T12:30:00Z,2026-08-14T14:30:00+0200,4711.0,MW,NL,NL,forecast_solar_generation,Solar,2026-08-28T01:27:51Z
2026-08-28T01:22:45Z,2026-08-28T03:22:45+0200,fe344a24-22e0-4cc6-9f99-c4acdbe3c429,2026-08-14T12:45:00Z,2026-08-14T14:45:00+0200,4696.0,MW,NL,NL,forecast_solar_generation,Solar,2026-08-28T01:27:51Z
2026-08-28T01:22:45Z,2026-08-28T03:22:45+0200,fe344a24-22e0-4cc6-9f99-c4acdbe3c429,2026-08-14T13:00:00Z,2026-08-14T15:00:00+0200,4679.0,MW,NL,NL,forecast_solar_generation,Solar,2026-08-28T01:27:51Z
2026-08-28T01:22:45Z,2026-08-28T03:22:45+0200,fe344a24-22e0-4cc6-9f99-c4acdbe3c429,2026-08-14T13:15:00Z,2026-08-14T15:15:00+0200,4584.0,MW,NL,NL,forecast_solar_generation,Solar,2026-08-28T01:27:51Z
2026-08-28T01:22:45Z,2026-08-28T03:22:45+0200,fe344a24-22e0-4cc6-9f99-c4acdbe3c429,2026-08-14T13:30:00Z,2026-08-14T15:30:00+0200,4490.0,MW,NL,NL,forecast_solar_generation,Solar,2026-08-28T01:27:51Z
2026-08-28T01:22:45Z,2026-08-28T03:22:45+0200,fe344a24-22e0-4cc6-9f99-c4acdbe3c429,2026-08-14T13:45:00Z,2026-08-14T15:45:00+0200,4397.0,MW,NL,NL,forecast_solar_generation,Solar,2026-08-28T01:27:51Z
2026-08-28T01:22:45Z,2026-08-28T03:22:45+0200,fe344a24-22e0-4cc6-9f99-c4acdbe3c429,2026-08-14T14:00:00Z,2026-08-14T16:00:00+0200,4300.0,MW,NL,NL,forecast_solar_generation,Solar,2026-08-28T01:27:51Z
2026-08-28T01:22:45Z,2026-08-28T03:22:45+0200,fe344a24-22e0-4cc6-9f99-c4acdbe3c429,2026-08-14T14:15:00Z,2026-08-14T16:15:00+0200,4138.0,MW,NL,NL,forecast_solar_generation,Solar,2026-08-28T01:27:51Z
2026-08-28T01:22:45Z,2026-08-28T03:22:45+0200,fe344a24-22e0-4cc6-9f99-c4acdbe3c429,2026-08-14T14:30:00Z,2026-08-14T16:30:00+0200,3975.0,MW,NL,NL,forecast_solar_generation,Solar,2026-08-28T01:27:51Z
2026-08-28T01:22:45Z,2026-08-28T03:22:45+0200,fe344a24-22e0-4cc6-9f99-c4acdbe3c429,2026-08-14T14:45:00Z,2026-08-14T16:45:00+0200,3814.0,MW,NL,NL,forecast_solar_generation,Solar,2026-08-28T01:27:51Z
2026-08-28T01:22:45Z,2026-08-28T03:22:45+0200,fe344a24-22e0-4cc6-9f99-c4acdbe3c429,2026-08-14T15:00:00Z,2026-08-14T17:00:00+0200,3651.0,MW,NL,NL,forecast_solar_generation,Solar,2026-08-28T01:27:51Z
2026-08-28T01:22:45Z,2026-08-28T03:22:45+0200,fe344a24-22e0-4cc6-9f99-c4acdbe3c429,2026-08-14T15:15:00Z,2026-08-14T17:15:00+0200,3467.0,MW,NL,NL,forecast_solar_generation,Solar,2026-08-28T01:27:51Z
2026-08-28T01:22:45Z,2026-08-28T03:22:45+0200,fe344a24-22e0-4cc6-9f99-c4acdbe3c429,2026-08-14T15:30:00Z,2026-08-14T17:30:00+0200,3282.0,MW,NL,NL,forecast_solar_generation,Solar,2026-08-28T01:27:51Z
2026-08-28T01:22:45Z,2026-08-28T03:22:45+0200,fe344a24-22e0-4cc6-9f99-c4acdbe3c429,2026-08-14T15:45:00Z,2026-08-14T17:45:00+0200,3097.0,MW,NL,NL,forecast_solar_generation,Solar,2026-08-28T01:27:51Z
2026-08-28T01:22:45Z,2026-08-28T03:22:45+0200,fe344a24-22e0-4cc6-9f99-c4acdbe3c429,2026-08-14T16:00:00Z,2026-08-14T18:00:00+0200,2911.0,MW,NL,NL,forecast_solar_generation,Solar,2026-08-28T01:27:51Z
2026-08-28T01:22:45Z,2026-08-28T03:22:45+0200,fe344a24-22e0-4cc6-9f99-c4acdbe3c429,2026-08-14T16:15:00Z,2026-08-14T18:15:00+0200,2644.0,MW,NL,NL,forecast_solar_generation,Solar,2026-08-28T01:27:51Z
2026-08-28T01:22:45Z,2026-08-28T03:22:45+0200,fe344a24-22e0-4cc6-9f99-c4acdbe3c429,2026-08-14T16:30:00Z,2026-08-14T18:30:00+0200,2379.0,MW,NL,NL,forecast_solar_generation,Solar,2026-08-28T01:27:51Z
2026-08-28T01:22:45Z,2026-08-28T03:22:45+0200,fe344a24-22e0-4cc6-9f99-c4acdbe3c429,2026-08-14T16:45:00Z,2026-08-14T18:45:00+0200,2111.0,MW,NL,NL,forecast_solar_generation,Solar,2026-08-28T01:27:51Z
2026-08-28T01:22:45Z,2026-08-28T03:22:45+0200,fe344a24-22e0-4cc6-9f99-c4acdbe3c429,2026-08-14T17:00:00Z,2026-08-14T19:00:00+0200,1847.0,MW,NL,NL,forecast_solar_generation,Solar,2026-08-28T01:27:51Z
2026-08-28T01:22:45Z,2026-08-28T03:22:45+0200,fe344a24-22e0-4cc6-9f99-c4acdbe3c429,2026-08-14T17:15:00Z,2026-08-14T19:15:00+0200,1596.0,MW,NL,NL,forecast_solar_generation,Solar,2026-08-28T01:27:51Z
2026-08-28T01:22:45Z,2026-08-28T03:22:45+0200,fe344a24-22e0-4cc6-9f99-c4acdbe3c429,2026-08-14T17:30:00Z,2026-08-14T19:30:00+0200,1345.0,MW,NL,NL,forecast_solar_generation,Solar,2026-08-28T01:27:51Z
2026-08-28T01:22:45Z,2026-08-28T03:22:45+0200,fe344a24-22e0-4cc6-9f99-c4acdbe3c429,2026-08-14T17:45:00Z,2026-08-14T19:45:00+0200,1092.0,MW,NL,NL,forecast_solar_generation,Solar,2026-08-28T01:27:51Z
2026-08-28T01:22:45Z,2026-08-28T03:22:45+0200,fe344a24-22e0-4cc6-9f99-c4acdbe3c429,2026-08-14T18:00:00Z,2026-08-14T20:00:00+0200,840.0,MW,NL,NL,forecast_solar_generation,Solar,2026-08-28T01:27:51Z
2026-08-28T01:22:45Z,2026-08-28T03:22:45+0200,fe344a24-22e0-4cc6-9f99-c4acdbe3c429,2026-08-14T18:15:00Z,2026-08-14T20:15:00+0200,646.0,MW,NL,NL,forecast_solar_generation,Solar,2026-08-28T01:27:51Z
2026-08-28T01:22:45Z,2026-08-28T03:22:45+0200,fe344a24-22e0-4cc6-9f99-c4acdbe3c429,2026-08-14T18:30:00Z,2026-08-14T20:30:00+0200,447.0,MW,NL,NL,forecast_solar_generation,Solar,2026-08-28T01:27:51Z
2026-08-28T01:22:45Z,2026-08-28T03:22:45+0200,fe344a24-22e0-4cc6-9f99-c4acdbe3c429,2026-08-14T18:45:00Z,2026-08-14T20:45:00+0200,253.0,MW,NL,NL,forecast_solar_generation,Solar,2026-08-28T01:27:51Z
2026-08-28T01:22:45Z,2026-08-28T03:22:45+0200,fe344a24-22e0-4cc6-9f99-c4acdbe3c429,2026-08-14T19:00:00Z,2026-08-14T21:00:00+0200,53.0,MW,NL,NL,forecast_solar_generation,Solar,2026-08-28T01:27:51Z
2026-08-28T01:22:45Z,2026-08-28T03:22:45+0200,fe344a24-22e0-4cc6-9f99-c4acdbe3c429,2026-08-14T19:15:00Z,2026-08-14T21:15:00+0200,40.0,MW,NL,NL,forecast_solar_generation,Solar,2026-08-28T01:27:51Z
2026-08-28T01:22:45Z,2026-08-28T03:22:45+0200,fe344a24-22e0-4cc6-9f99-c4acdbe3c429,2026-08-14T19:30:00Z,2026-08-14T21:30:00+0200,29.0,MW,NL,NL,forecast_solar_generation,Solar,2026-08-28T01:27:51Z
2026-08-28T01:22:45Z,2026-08-28T03:22:45+0200,fe344a24-22e0-4cc6-9f99-c4acdbe3c429,2026-08-14T19:45:00Z,2026-08-14T21:45:00+0200,12.0,MW,NL,NL,forecast_solar_generation,Solar,2026-08-28T01:27:51Z
2026-08-28T01:22:45Z,2026-08-28T03:22:45+0200,fe344a24-22e0-4cc6-9f99-c4acdbe3c429,2026-08-14T20:00:00Z,2026-08-14T22:00:00+0200,0.0,MW,NL,NL,forecast_solar_generation,Solar,2026-08-28T01:27:51Z
2026-08-28T01:22:45Z,2026-08-28T03:22:45+0200,fe344a24-22e0-4cc6-9f99-c4acdbe3c429,2026-08-14T20:15:00Z,2026-08-14T22:15:00+0200,0.0,MW,NL,NL,forecast_solar_generation,Solar,2026-08-28T01:27:51Z
2026-08-28T01:22:45Z,2026-08-28T03:22:45+0200,fe344a24-22e0-4cc6-9f99-c4acdbe3c429,2026-08-14T20:30:00Z,2026-08-14T22:30:00+0200,0.0,MW,NL,NL,forecast_solar_generation,Solar,2026-08-28T01:27:51Z
2026-08-28T01:22:45Z,2026-08-28T03:22:45+0200,fe344a24-22e0-4cc6-9f99-c4acdbe3c429,2026-08-14T20:45:00Z,2026-08-14T22:45:00+0200,0.0,MW,NL,NL,forecast_solar_generation,Solar,2026-08-28T01:27:51Z
2026-08-28T01:22:45Z,2026-08-28T03:22:45+0200,fe344a24-22e0-4cc6-9f99-c4acdbe3c429,2026-08-14T21:00:00Z,2026-08-14T23:00:00+0200,0.0,MW,NL,NL,forecast_solar_generation,Solar,2026-08-28T01:27:51Z
2026-08-28T01:22:45Z,2026-08-28T03:22:45+0200,fe344a24-22e0-4cc6-9f99-c4acdbe3c429,2026-08-14T21:15:00Z,2026-08-14T23:15:00+0200,0.0,MW,NL,NL,forecast_solar_generation,Solar,2026-08-28T01:27:51Z
2026-08-28T01:22:45Z,2026-08-28T03:22:45+0200,fe344a24-22e0-4cc6-9f99-c4acdbe3c429,2026-08-14T21:30:00Z,2026-08-14T23:30:00+0200,0.0,MW,NL,NL,forecast_solar_generation,Solar,2026-08-28T01:27:51Z
2026-08-28T01:22:45Z,2026-08-28T03:22:45+0200,fe344a24-22e0-4cc6-9f99-c4acdbe3c429,2026-08-14T21:45:00Z,2026-08-14T23:45:00+0200,0.0,MW,NL,NL,forecast_solar_generation,Solar,2026-08-28T01:27:51Z
2026-08-28T01:22:45Z,2026-08-28T03:22:45+0200,fe344a24-22e0-4cc6-9f99-c4acdbe3c429,2026-08-14T22:00:00Z,2026-08-15T00:00:00+0200,0.0,MW,NL,NL,forecast_solar_generation,Solar,2026-08-28T01:27:51Z
2026-08-28T01:22:45Z,2026-08-28T03:22:45+0200,fe344a24-22e0-4cc6-9f99-c4acdbe3c429,2026-08-14T22:15:00Z,2026-08-15T00:15:00+0200,0.0,MW,NL,NL,forecast_solar_generation,Solar,2026-08-28T01:27:51Z
2026-08-28T01:22:45Z,2026-08-28T03:22:45+0200,fe344a24-22e0-4cc6-9f99-c4acdbe3c429,2026-08-14T22:30:00Z,2026-08-15T00:30:00+0200,0.0,MW,NL,NL,forecast_solar_generation,Solar,2026-08-28T01:27:51Z
2026-08-28T01:22:45Z,2026-08-28T03:22:45+0200,fe344a24-22e0-4cc6-9f99-c4acdbe3c429,2026-08-14T22:45:00Z,2026-08-15T00:45:00+0200,0.0,MW,NL,NL,forecast_solar_generation,Solar,2026-08-28T01:27:51Z
2026-08-28T01:22:45Z,2026-08-28T03:22:45+0200,fe344a24-22e0-4cc6-9f99-c4acdbe3c429,2026-08-14T23:00:00Z,2026-08-15T01:00:00+0200,0.0,MW,NL,NL,forecast_solar_generation,Solar,2026-08-28T01:27:51Z
2026-08-28T01:22:45Z,2026-08-28T03:22:45+0200,fe344a24-22e0-4cc6-9f99-c4acdbe3c429,2026-08-14T23:15:00Z,2026-08-15T01:15:00+0200,0.0,MW,NL,NL,forecast_solar_generation,Solar,2026-08-28T01:27:51Z
2026-08-28T01:22:45Z,2026-08-28T03:22:45+0200,fe344a24-22e0-4cc6-9f99-c4acdbe3c429,2026-08-14T23:30:00Z,2026-08-15T01:30:00+0200,0.0,MW,NL,NL,forecast_solar_generation,Solar,2026-08-28T01:27:51Z
2026-08-28T01:22:45Z,2026-08-28T03:22:45+0200,fe344a24-22e0-4cc6-9f99-c4acdbe3c429,2026-08-14T23:45:00Z,2026-08-15T01:45:00+0200,0.0,MW,NL,NL,forecast_solar_generation,Solar,2026-08-28T01:27:51Z
2026-08-28T01:22:45Z,2026-08-28T03:22:45+0200,fe344a24-22e0-4cc6-9f99-c4acdbe3c429,2026-08-15T00:00:00Z,2026-08-15T02:00:00+0200,0.0,MW,NL,NL,forecast_solar_generation,Solar,2026-08-28T01:27:51Z
2026-08-28T01:22:45Z,2026-08-28T03:22:45+0200,fe344a24-22e0-4cc6-9f99-c4acdbe3c429,2026-08-15T00:15:00Z,2026-08-15T02:15:00+0200,0.0,MW,NL,NL,forecast_solar_generation,Solar,2026-08-28T01:27:51Z
2026-08-28T01:22:45Z,2026-08-28T03:22:45+0200,fe344a24-22e0-4cc6-9f99-c4acdbe3c429,2026-08-15T00:30:00Z,2026-08-15T02:30:00+0200,0.0,MW,NL,NL,forecast_solar_generation,Solar,2026-08-28T01:27:51Z
2026-08-28T01:22:45Z,2026-08-28T03:22:45+0200,fe344a24-22e0-4cc6-9f99-c4acdbe3c429,2026-08-15T00:45:00Z,2026-08-15T02:45:00+0200,0.0,MW,NL,NL,forecast_solar_generation,Solar,2026-08-28T01:27:51Z
2026-08-28T01:22:45Z,2026-08-28T03:22:45+0200,fe344a24-22e0-4cc6-9f99-c4acdbe3c429,2026-08-15T01:00:00Z,2026-08-15T03:00:00+0200,0.0,MW,NL,NL,forecast_solar_generation,Solar,2026-08-28T01:27:51Z
2026-08-28T01:22:45Z,2026-08-28T03:22:45+0200,fe344a24-22e0-4cc6-9f99-c4acdbe3c429,2026-08-15T01:15:00Z,2026-08-15T03:15:00+0200,0.0,MW,NL,NL,forecast_solar_generation,Solar,2026-08-28T01:27:51Z
2026-08-28T01:22:45Z,2026-08-28T03:22:45+0200,fe344a24-22e0-4cc6-9f99-c4acdbe3c429,2026-08-15T01:30:00Z,2026-08-15T03:30:00+0200,0.0,MW,NL,NL,forecast_solar_generation,Solar,2026-08-28T01:27:51Z
2026-08-28T01:22:45Z,2026-08-28T03:22:45+0200,fe344a24-22e0-4cc6-9f99-c4acdbe3c429,2026-08-15T01:45:00Z,2026-08-15T03:45:00+0200,0.0,MW,NL,NL,forecast_solar_generation,Solar,2026-08-28T01:27:51Z
2026-08-28T01:22:45Z,2026-08-28T03:22:45+0200,fe344a24-22e0-4cc6-9f99-c4acdbe3c429,2026-08-15T02:00:00Z,2026-08-15T04:00:00+0200,0.0,MW,NL,NL,forecast_solar_generation,Solar,2026-08-28T01:27:51Z
2026-08-28T01:22:45Z,2026-08-28T03:22:45+0200,fe344a24-22e0-4cc6-9f99-c4acdbe3c429,2026-08-15T02:15:00Z,2026-08-15T04:15:00+0200,0.0,MW,NL,NL,forecast_solar_generation,Solar,2026-08-28T01:27:51Z
2026-08-28T01:22:45Z,2026-08-28T03:22:45+0200,fe344a24-22e0-4cc6-9f99-c4acdbe3c429,2026-08-15T02:30:00Z,2026-08-15T04:30:00+0200,0.0,MW,NL,NL,forecast_solar_generation,Solar,2026-08-28T01:27:51Z
2026-08-28T01:22:45Z,2026-08-28T03:22:45+0200,fe344a24-22e0-4cc6-9f99-c4acdbe3c429,2026-08-15T02:45:00Z,2026-08-15T04:45:00+0200,0.0,MW,NL,NL,forecast_solar_generation,Solar,2026-08-28T01:27:51Z
2026-08-28T01:22:45Z,2026-08-28T03:22:45+0200,fe344a24-22e0-4cc6-9f99-c4acdbe3c429,2026-08-15T03:00:00Z,2026-08-15T05:00:00+0200,0.0,MW,NL,NL,forecast_solar_generation,Solar,2026-08-28T01:27:51Z
2026-08-28T01:22:45Z,2026-08-28T03:22:45+0200,fe344a24-22e0-4cc6-9f99-c4acdbe3c429,2026-08-15T03:15:00Z,2026-08-15T05:15:00+0200,0.0,MW,NL,NL,forecast_solar_generation,Solar,2026-08-28T01:27:51Z
2026-08-28T01:22:45Z,2026-08-28T03:22:45+0200,fe344a24-22e0-4cc6-9f99-c4acdbe3c429,2026-08-15T03:30:00Z,2026-08-15T05:30:00+0200,0.0,MW,NL,NL,forecast_solar_generation,Solar,2026-08-28T01:27:51Z
2026-08-28T01:22:45Z,2026-08-28T03:22:45+0200,fe344a24-22e0-4cc6-9f99-c4acdbe3c429,2026-08-15T03:45:00Z,2026-08-15T05:45:00+0200,0.0,MW,NL,NL,forecast_solar_generation,Solar,2026-08-28T01:27:51Z
2026-08-28T01:22:45Z,2026-08-28T03:22:45+0200,fe344a24-22e0-4cc6-9f99-c4acdbe3c429,2026-08-15T04:00:00Z,2026-08-15T06:00:00+0200,0.0,MW,NL,NL,forecast_solar_generation,Solar,2026-08-28T01:27:51Z
2026-08-28T01:22:45Z,2026-08-28T03:22:45+0200,fe344a24-22e0-4cc6-9f99-c4acdbe3c429,2026-08-15T04:15:00Z,2026-08-15T06:15:00+0200,4.0,MW,NL,NL,forecast_solar_generation,Solar,2026-08-28T01:27:51Z
2026-08-28T01:22:45Z,2026-08-28T03:22:45+0200,fe344a24-22e0-4cc6-9f99-c4acdbe3c429,2026-08-15T04:30:00Z,2026-08-15T06:30:00+0200,10.0,MW,NL,NL,forecast_solar_generation,Solar,2026-08-28T01:27:51Z
2026-08-28T01:22:45Z,2026-08-28T03:22:45+0200,fe344a24-22e0-4cc6-9f99-c4acdbe3c429,2026-08-15T04:45:00Z,2026-08-15T06:45:00+0200,14.0,MW,NL,NL,forecast_solar_generation,Solar,2026-08-28T01:27:51Z
2026-08-28T01:22:45Z,2026-08-28T03:22:45+0200,fe344a24-22e0-4cc6-9f99-c4acdbe3c429,2026-08-15T05:00:00Z,2026-08-15T07:00:00+0200,19.0,MW,NL,NL,forecast_solar_generation,Solar,2026-08-28T01:27:51Z
2026-08-28T01:22:45Z,2026-08-28T03:22:45+0200,fe344a24-22e0-4cc6-9f99-c4acdbe3c429,2026-08-15T05:15:00Z,2026-08-15T07:15:00+0200,124.0,MW,NL,NL,forecast_solar_generation,Solar,2026-08-28T01:27:51Z
2026-08-28T01:22:45Z,2026-08-28T03:22:45+0200,fe344a24-22e0-4cc6-9f99-c4acdbe3c429,2026-08-15T05:30:00Z,2026-08-15T07:30:00+0200,223.0,MW,NL,NL,forecast_solar_generation,Solar,2026-08-28T01:27:51Z
2026-08-28T01:22:45Z,2026-08-28T03:22:45+0200,fe344a24-22e0-4cc6-9f99-c4acdbe3c429,2026-08-15T05:45:00Z,2026-08-15T07:45:00+0200,325.0,MW,NL,NL,forecast_solar_generation,Solar,2026-08-28T01:27:51Z
2026-08-28T01:22:45Z,2026-08-28T03:22:45+0200,fe344a24-22e0-4cc6-9f99-c4acdbe3c429,2026-08-15T06:00:00Z,2026-08-15T08:00:00+0200,427.0,MW,NL,NL,forecast_solar_generation,Solar,2026-08-28T01:27:51Z
2026-08-28T01:22:45Z,2026-08-28T03:22:45+0200,fe344a24-22e0-4cc6-9f99-c4acdbe3c429,2026-08-15T06:15:00Z,2026-08-15T08:15:00+0200,615.0,MW,NL,NL,forecast_solar_generation,Solar,2026-08-28T01:27:51Z
2026-08-28T01:22:45Z,2026-08-28T03:22:45+0200,fe344a24-22e0-4cc6-9f99-c4acdbe3c429,2026-08-15T06:30:00Z,2026-08-15T08:30:00+0200,806.0,MW,NL,NL,forecast_solar_generation,Solar,2026-08-28T01:27:51Z
2026-08-28T01:22:45Z,2026-08-28T03:22:45+0200,fe344a24-22e0-4cc6-9f99-c4acdbe3c429,2026-08-15T06:45:00Z,2026-08-15T08:45:00+0200,994.0,MW,NL,NL,forecast_solar_generation,Solar,2026-08-28T01:27:51Z
2026-08-28T01:22:45Z,2026-08-28T03:22:45+0200,fe344a24-22e0-4cc6-9f99-c4acdbe3c429,2026-08-15T07:00:00Z,2026-08-15T09:00:00+0200,1182.0,MW,NL,NL,forecast_solar_generation,Solar,2026-08-28T01:27:51Z
2026-08-28T01:22:45Z,2026-08-28T03:22:45+0200,fe344a24-22e0-4cc6-9f99-c4acdbe3c429,2026-08-15T07:15:00Z,2026-08-15T09:15:00+0200,1406.0,MW,NL,NL,forecast_solar_generation,Solar,2026-08-28T01:27:51Z
2026-08-28T01:22:45Z,2026-08-28T03:22:45+0200,fe344a24-22e0-4cc6-9f99-c4acdbe3c429,2026-08-15T07:30:00Z,2026-08-15T09:30:00+0200,1634.0,MW,NL,NL,forecast_solar_generation,Solar,2026-08-28T01:27:51Z
2026-08-28T01:22:45Z,2026-08-28T03:22:45+0200,fe344a24-22e0-4cc6-9f99-c4acdbe3c429,2026-08-15T07:45:00Z,2026-08-15T09:45:00+0200,1861.0,MW,NL,NL,forecast_solar_generation,Solar,2026-08-28T01:27:51Z
2026-08-28T01:22:45Z,2026-08-28T03:22:45+0200,fe344a24-22e0-4cc6-9f99-c4acdbe3c429,2026-08-15T08:00:00Z,2026-08-15T10:00:00+0200,2087.0,MW,NL,NL,forecast_solar_generation,Solar,2026-08-28T01:27:51Z
2026-08-28T01:22:45Z,2026-08-28T03:22:45+0200,fe344a24-22e0-4cc6-9f99-c4acdbe3c429,2026-08-15T08:15:00Z,2026-08-15T10:15:00+0200,2292.0,MW,NL,NL,forecast_solar_generation,Solar,2026-08-28T01:27:51Z
2026-08-28T01:22:45Z,2026-08-28T03:22:45+0200,fe344a24-22e0-4cc6-9f99-c4acdbe3c429,2026-08-15T08:30:00Z,2026-08-15T10:30:00+0200,2497.0,MW,NL,NL,forecast_solar_generation,Solar,2026-08-28T01:27:51Z
2026-08-28T01:22:45Z,2026-08-28T03:22:45+0200,fe344a24-22e0-4cc6-9f99-c4acdbe3c429,2026-08-15T08:45:00Z,2026-08-15T10:45:00+0200,2703.0,MW,NL,NL,forecast_solar_generation,Solar,2026-08-28T01:27:51Z
2026-08-28T01:22:45Z,2026-08-28T03:22:45+0200,fe344a24-22e0-4cc6-9f99-c4acdbe3c429,2026-08-15T09:00:00Z,2026-08-15T11:00:00+0200,2906.0,MW,NL,NL,forecast_solar_generation,Solar,2026-08-28T01:27:51Z
2026-08-28T01:22:45Z,2026-08-28T03:22:45+0200,fe344a24-22e0-4cc6-9f99-c4acdbe3c429,2026-08-15T09:15:00Z,2026-08-15T11:15:00+0200,2991.0,MW,NL,NL,forecast_solar_generation,Solar,2026-08-28T01:27:51Z
2026-08-28T01:22:45Z,2026-08-28T03:22:45+0200,fe344a24-22e0-4cc6-9f99-c4acdbe3c429,2026-08-15T09:30:00Z,2026-08-15T11:30:00+0200,3078.0,MW,NL,NL,forecast_solar_generation,Solar,2026-08-28T01:27:51Z
2026-08-28T01:22:45Z,2026-08-28T03:22:45+0200,fe344a24-22e0-4cc6-9f99-c4acdbe3c429,2026-08-15T09:45:00Z,2026-08-15T11:45:00+0200,3162.0,MW,NL,NL,forecast_solar_generation,Solar,2026-08-28T01:27:51Z
2026-08-28T01:22:45Z,2026-08-28T03:22:45+0200,fe344a24-22e0-4cc6-9f99-c4acdbe3c429,2026-08-15T10:00:00Z,2026-08-15T12:00:00+0200,3250.0,MW,NL,NL,forecast_solar_generation,Solar,2026-08-28T01:27:51Z
2026-08-28T01:22:45Z,2026-08-28T03:22:45+0200,fe344a24-22e0-4cc6-9f99-c4acdbe3c429,2026-08-15T10:15:00Z,2026-08-15T12:15:00+0200,3351.0,MW,NL,NL,forecast_solar_generation,Solar,2026-08-28T01:27:51Z
2026-08-28T01:22:45Z,2026-08-28T03:22:45+0200,fe344a24-22e0-4cc6-9f99-c4acdbe3c429,2026-08-15T10:30:00Z,2026-08-15T12:30:00+0200,3453.0,MW,NL,NL,forecast_solar_generation,Solar,2026-08-28T01:27:51Z
2026-08-28T01:22:45Z,2026-08-28T03:22:45+0200,fe344a24-22e0-4cc6-9f99-c4acdbe3c429,2026-08-15T10:45:00Z,2026-08-15T12:45:00+0200,3557.0,MW,NL,NL,forecast_solar_generation,Solar,2026-08-28T01:27:51Z
2026-08-28T01:22:45Z,2026-08-28T03:22:45+0200,fe344a24-22e0-4cc6-9f99-c4acdbe3c429,2026-08-15T11:00:00Z,2026-08-15T13:00:00+0200,3657.0,MW,NL,NL,forecast_solar_generation,Solar,2026-08-28T01:27:51Z
2026-08-28T01:22:45Z,2026-08-28T03:22:45+0200,fe344a24-22e0-4cc6-9f99-c4acdbe3c429,2026-08-15T11:15:00Z,2026-08-15T13:15:00+0200,3699.0,MW,NL,NL,forecast_solar_generation,Solar,2026-08-28T01:27:51Z
2026-08-28T01:22:45Z,2026-08-28T03:22:45+0200,fe344a24-22e0-4cc6-9f99-c4acdbe3c429,2026-08-15T11:30:00Z,2026-08-15T13:30:00+0200,3744.0,MW,NL,NL,forecast_solar_generation,Solar,2026-08-28T01:27:51Z
2026-08-28T01:22:45Z,2026-08-28T03:22:45+0200,fe344a24-22e0-4cc6-9f99-c4acdbe3c429,2026-08-15T11:45:00Z,2026-08-15T13:45:00+0200,3788.0,MW,NL,NL,forecast_solar_generation,Solar,2026-08-28T01:27:51Z
2026-08-28T01:22:45Z,2026-08-28T03:22:45+0200,fe344a24-22e0-4cc6-9f99-c4acdbe3c429,2026-08-15T12:00:00Z,2026-08-15T14:00:00+0200,3830.0,MW,NL,NL,forecast_solar_generation,Solar,2026-08-28T01:27:51Z
2026-08-28T01:22:45Z,2026-08-28T03:22:45+0200,fe344a24-22e0-4cc6-9f99-c4acdbe3c429,2026-08-15T12:15:00Z,2026-08-15T14:15:00+0200,3858.0,MW,NL,NL,forecast_solar_generation,Solar,2026-08-28T01:27:51Z
2026-08-28T01:22:45Z,2026-08-28T03:22:45+0200,fe344a24-22e0-4cc6-9f99-c4acdbe3c429,2026-08-15T12:30:00Z,2026-08-15T14:30:00+0200,3886.0,MW,NL,NL,forecast_solar_generation,Solar,2026-08-28T01:27:51Z
2026-08-28T01:22:45Z,2026-08-28T03:22:45+0200,fe344a24-22e0-4cc6-9f99-c4acdbe3c429,2026-08-15T12:45:00Z,2026-08-15T14:45:00+0200,3913.0,MW,NL,NL,forecast_solar_generation,Solar,2026-08-28T01:27:51Z
2026-08-28T01:22:45Z,2026-08-28T03:22:45+0200,fe344a24-22e0-4cc6-9f99-c4acdbe3c429,2026-08-15T13:00:00Z,2026-08-15T15:00:00+0200,3937.0,MW,NL,NL,forecast_solar_generation,Solar,2026-08-28T01:27:51Z
2026-08-28T01:22:45Z,2026-08-28T03:22:45+0200,fe344a24-22e0-4cc6-9f99-c4acdbe3c429,2026-08-15T13:15:00Z,2026-08-15T15:15:00+0200,3858.0,MW,NL,NL,forecast_solar_generation,Solar,2026-08-28T01:27:51Z
2026-08-28T01:22:45Z,2026-08-28T03:22:45+0200,fe344a24-22e0-4cc6-9f99-c4acdbe3c429,2026-08-15T13:30:00Z,2026-08-15T15:30:00+0200,3775.0,MW,NL,NL,forecast_solar_generation,Solar,2026-08-28T01:27:51Z
2026-08-28T01:22:45Z,2026-08-28T03:22:45+0200,fe344a24-22e0-4cc6-9f99-c4acdbe3c429,2026-08-15T13:45:00Z,2026-08-15T15:45:00+0200,3694.0,MW,NL,NL,forecast_solar_generation,Solar,2026-08-28T01:27:51Z
2026-08-28T01:22:45Z,2026-08-28T03:22:45+0200,fe344a24-22e0-4cc6-9f99-c4acdbe3c429,2026-08-15T14:00:00Z,2026-08-15T16:00:00+0200,3612.0,MW,NL,NL,forecast_solar_generation,Solar,2026-08-28T01:27:51Z
2026-08-28T01:22:45Z,2026-08-28T03:22:45+0200,fe344a24-22e0-4cc6-9f99-c4acdbe3c429,2026-08-15T14:15:00Z,2026-08-15T16:15:00+0200,3472.0,MW,NL,NL,forecast_solar_generation,Solar,2026-08-28T01:27:51Z
2026-08-28T01:22:45Z,2026-08-28T03:22:45+0200,fe344a24-22e0-4cc6-9f99-c4acdbe3c429,2026-08-15T14:30:00Z,2026-08-15T16:30:00+0200,3335.0,MW,NL,NL,forecast_solar_generation,Solar,2026-08-28T01:27:51Z
2026-08-28T01:22:45Z,2026-08-28T03:22:45+0200,fe344a24-22e0-4cc6-9f99-c4acdbe3c429,2026-08-15T14:45:00Z,2026-08-15T16:45:00+0200,3197.0,MW,NL,NL,forecast_solar_generation,Solar,2026-08-28T01:27:51Z
2026-08-28T01:22:45Z,2026-08-28T03:22:45+0200,fe344a24-22e0-4cc6-9f99-c4acdbe3c429,2026-08-15T15:00:00Z,2026-08-15T17:00:00+0200,3056.0,MW,NL,NL,forecast_solar_generation,Solar,2026-08-28T01:27:51Z
2026-08-28T01:22:45Z,2026-08-28T03:22:45+0200,fe344a24-22e0-4cc6-9f99-c4acdbe3c429,2026-08-15T15:15:00Z,2026-08-15T17:15:00+0200,2877.0,MW,NL,NL,forecast_solar_generation,Solar,2026-08-28T01:27:51Z
2026-08-28T01:22:45Z,2026-08-28T03:22:45+0200,fe344a24-22e0-4cc6-9f99-c4acdbe3c429,2026-08-15T15:30:00Z,2026-08-15T17:30:00+0200,2697.0,MW,NL,NL,forecast_solar_generation,Solar,2026-08-28T01:27:51Z
2026-08-28T01:22:45Z,2026-08-28T03:22:45+0200,fe344a24-22e0-4cc6-9f99-c4acdbe3c429,2026-08-15T15:45:00Z,2026-08-15T17:45:00+0200,2517.0,MW,NL,NL,forecast_solar_generation,Solar,2026-08-28T01:27:51Z
2026-08-28T01:22:45Z,2026-08-28T03:22:45+0200,fe344a24-22e0-4cc6-9f99-c4acdbe3c429,2026-08-15T16:00:00Z,2026-08-15T18:00:00+0200,2339.0,MW,NL,NL,forecast_solar_generation,Solar,2026-08-28T01:27:51Z
2026-08-28T01:22:45Z,2026-08-28T03:22:45+0200,fe344a24-22e0-4cc6-9f99-c4acdbe3c429,2026-08-15T16:15:00Z,2026-08-15T18:15:00+0200,2126.0,MW,NL,NL,forecast_solar_generation,Solar,2026-08-28T01:27:51Z
2026-08-28T01:22:45Z,2026-08-28T03:22:45+0200,fe344a24-22e0-4cc6-9f99-c4acdbe3c429,2026-08-15T16:30:00Z,2026-08-15T18:30:00+0200,1914.0,MW,NL,NL,forecast_solar_generation,Solar,2026-08-28T01:27:51Z
2026-08-28T01:22:45Z,2026-08-28T03:22:45+0200,fe344a24-22e0-4cc6-9f99-c4acdbe3c429,2026-08-15T16:45:00Z,2026-08-15T18:45:00+0200,1701.0,MW,NL,NL,forecast_solar_generation,Solar,2026-08-28T01:27:51Z
2026-08-28T01:22:45Z,2026-08-28T03:22:45+0200,fe344a24-22e0-4cc6-9f99-c4acdbe3c429,2026-08-15T17:00:00Z,2026-08-15T19:00:00+0200,1490.0,MW,NL,NL,forecast_solar_generation,Solar,2026-08-28T01:27:51Z
2026-08-28T01:22:45Z,2026-08-28T03:22:45+0200,fe344a24-22e0-4cc6-9f99-c4acdbe3c429,2026-08-15T17:15:00Z,2026-08-15T19:15:00+0200,1293.0,MW,NL,NL,forecast_solar_generation,Solar,2026-08-28T01:27:51Z
2026-08-28T01:22:45Z,2026-08-28T03:22:45+0200,fe344a24-22e0-4cc6-9f99-c4acdbe3c429,2026-08-15T17:30:00Z,2026-08-15T19:30:00+0200,1099.0,MW,NL,NL,forecast_solar_generation,Solar,2026-08-28T01:27:51Z
2026-08-28T01:22:45Z,2026-08-28T03:22:45+0200,fe344a24-22e0-4cc6-9f99-c4acdbe3c429,2026-08-15T17:45:00Z,2026-08-15T19:45:00+0200,901.0,MW,NL,NL,forecast_solar_generation,Solar,2026-08-28T01:27:51Z
2026-08-28T01:22:45Z,2026-08-28T03:22:45+0200,fe344a24-22e0-4cc6-9f99-c4acdbe3c429,2026-08-15T18:00:00Z,2026-08-15T20:00:00+0200,705.0,MW,NL,NL,forecast_solar_generation,Solar,2026-08-28T01:27:51Z
2026-08-28T01:22:45Z,2026-08-28T03:22:45+0200,fe344a24-22e0-4cc6-9f99-c4acdbe3c429,2026-08-15T18:15:00Z,2026-08-15T20:15:00+0200,541.0,MW,NL,NL,forecast_solar_generation,Solar,2026-08-28T01:27:51Z
2026-08-28T01:22:45Z,2026-08-28T03:22:45+0200,fe344a24-22e0-4cc6-9f99-c4acdbe3c429,2026-08-15T18:30:00Z,2026-08-15T20:30:00+0200,377.0,MW,NL,NL,forecast_solar_generation,Solar,2026-08-28T01:27:51Z
2026-08-28T01:22:45Z,2026-08-28T03:22:45+0200,fe344a24-22e0-4cc6-9f99-c4acdbe3c429,2026-08-15T18:45:00Z,2026-08-15T20:45:00+0200,213.0,MW,NL,NL,forecast_solar_generation,Solar,2026-08-28T01:27:51Z
2026-08-28T01:22:45Z,2026-08-28T03:22:45+0200,fe344a24-22e0-4cc6-9f99-c4acdbe3c429,2026-08-15T19:00:00Z,2026-08-15T21:00:00+0200,50.0,MW,NL,NL,forecast_solar_generation,Solar,2026-08-28T01:27:51Z
2026-08-28T01:22:45Z,2026-08-28T03:22:45+0200,fe344a24-22e0-4cc6-9f99-c4acdbe3c429,2026-08-15T19:15:00Z,2026-08-15T21:15:00+0200,37.0,MW,NL,NL,forecast_solar_generation,Solar,2026-08-28T01:27:51Z
2026-08-28T01:22:45Z,2026-08-28T03:22:45+0200,fe344a24-22e0-4cc6-9f99-c4acdbe3c429,2026-08-15T19:30:00Z,2026-08-15T21:30:00+0200,26.0,MW,NL,NL,forecast_solar_generation,Solar,2026-08-28T01:27:51Z
2026-08-28T01:22:45Z,2026-08-28T03:22:45+0200,fe344a24-22e0-4cc6-9f99-c4acdbe3c429,2026-08-15T19:45:00Z,2026-08-15T21:45:00+0200,11.0,MW,NL,NL,forecast_solar_generation,Solar,2026-08-28T01:27:51Z
2026-08-28T01:22:45Z,2026-08-28T03:22:45+0200,fe344a24-22e0-4cc6-9f99-c4acdbe3c429,2026-08-15T20:00:00Z,2026-08-15T22:00:00+0200,0.0,MW,NL,NL,forecast_solar_generation,Solar,2026-08-28T01:27:51Z
2026-08-28T01:22:45Z,2026-08-28T03:22:45+0200,fe344a24-22e0-4cc6-9f99-c4acdbe3c429,2026-08-15T20:15:00Z,2026-08-15T22:15:00+0200,0.0,MW,NL,NL,forecast_solar_generation,Solar,2026-08-28T01:27:51Z
2026-08-28T01:22:45Z,2026-08-28T03:22:45+0200,fe344a24-22e0-4cc6-9f99-c4acdbe3c429,2026-08-15T20:30:00Z,2026-08-15T22:30:00+0200,0.0,MW,NL,NL,forecast_solar_generation,Solar,2026-08-28T01:27:51Z
2026-08-28T01:22:45Z,2026-08-28T03:22:45+0200,fe344a24-22e0-4cc6-9f99-c4acdbe3c429,2026-08-15T20:45:00Z,2026-08-15T22:45:00+0200,0.0,MW,NL,NL,forecast_solar_generation,Solar,2026-08-28T01:27:51Z
2026-08-28T01:22:45Z,2026-08-28T03:22:45+0200,fe344a24-22e0-4cc6-9f99-c4acdbe3c429,2026-08-15T21:00:00Z,2026-08-15T23:00:00+0200,0.0,MW,NL,NL,forecast_solar_generation,Solar,2026-08-28T01:27:51Z
2026-08-28T01:22:45Z,2026-08-28T03:22:45+0200,fe344a24-22e0-4cc6-9f99-c4acdbe3c429,2026-08-15T21:15:00Z,2026-08-15T23:15:00+0200,0.0,MW,NL,NL,forecast_solar_generation,Solar,2026-08-28T01:27:51Z
2026-08-28T01:22:45Z,2026-08-28T03:22:45+0200,fe344a24-22e0-4cc6-9f99-c4acdbe3c429,2026-08-15T21:30:00Z,2026-08-15T23:30:00+0200,0.0,MW,NL,NL,forecast_solar_generation,Solar,2026-08-28T01:27:51Z
2026-08-28T01:22:45Z,2026-08-28T03:22:45+0200,fe344a24-22e0-4cc6-9f99-c4acdbe3c429,2026-08-15T21:45:00Z,2026-08-15T23:45:00+0200,0.0,MW,NL,NL,forecast_solar_generation,Solar,2026-08-28T01:27:51Z
2026-08-28T01:22:45Z,2026-08-28T03:22:45+0200,fe344a24-22e0-4cc6-9f99-c4acdbe3c429,2026-08-15T22:00:00Z,2026-08-16T00:00:00+0200,0.0,MW,NL,NL,forecast_solar_generation,Solar,2026-08-28T01:27:51Z
2026-08-28T01:22:45Z,2026-08-28T03:22:45+0200,fe344a24-22e0-4cc6-9f99-c4acdbe3c429,2026-08-15T22:15:00Z,2026-08-16T00:15:00+0200,0.0,MW,NL,NL,forecast_solar_generation,Solar,2026-08-28T01:27:51Z
2026-08-28T01:22:45Z,2026-08-28T03:22:45+0200,fe344a24-22e0-4cc6-9f99-c4acdbe3c429,2026-08-15T22:30:00Z,2026-08-16T00:30:00+0200,0.0,MW,NL,NL,forecast_solar_generation,Solar,2026-08-28T01:27:51Z
2026-08-28T01:22:45Z,2026-08-28T03:22:45+0200,fe344a24-22e0-4cc6-9f99-c4acdbe3c429,2026-08-15T22:45:00Z,2026-08-16T00:45:00+0200,0.0,MW,NL,NL,forecast_solar_generation,Solar,2026-08-28T01:27:51Z
2026-08-28T01:22:45Z,2026-08-28T03:22:45+0200,fe344a24-22e0-4cc6-9f99-c4acdbe3c429,2026-08-15T23:00:00Z,2026-08-16T01:00:00+0200,0.0,MW,NL,NL,forecast_solar_generation,Solar,2026-08-28T01:27:51Z
2026-08-28T01:22:45Z,2026-08-28T03:22:45+0200,fe344a24-22e0-4cc6-9f99-c4acdbe3c429,2026-08-15T23:15:00Z,2026-08-16T01:15:00+0200,0.0,MW,NL,NL,forecast_solar_generation,Solar,2026-08-28T01:27:51Z
2026-08-28T01:22:45Z,2026-08-28T03:22:45+0200,fe344a24-22e0-4cc6-9f99-c4acdbe3c429,2026-08-15T23:30:00Z,2026-08-16T01:30:00+0200,0.0,MW,NL,NL,forecast_solar_generation,Solar,2026-08-28T01:27:51Z
2026-08-28T01:22:45Z,2026-08-28T03:22:45+0200,fe344a24-22e0-4cc6-9f99-c4acdbe3c429,2026-08-15T23:45:00Z,2026-08-16T01:45:00+0200,0.0,MW,NL,NL,forecast_solar_generation,Solar,2026-08-28T01:27:51Z
2026-08-28T01:22:45Z,2026-08-28T03:22:45+0200,fe344a24-22e0-4cc6-9f99-c4acdbe3c429,2026-08-16T00:00:00Z,2026-08-16T02:00:00+0200,0.0,MW,NL,NL,forecast_solar_generation,Solar,2026-08-28T01:27:51Z
2026-08-28T01:22:45Z,2026-08-28T03:22:45+0200,fe344a24-22e0-4cc6-9f99-c4acdbe3c429,2026-08-16T00:15:00Z,2026-08-16T02:15:00+0200,0.0,MW,NL,NL,forecast_solar_generation,Solar,2026-08-28T01:27:51Z
2026-08-28T01:22:45Z,2026-08-28T03:22:45+0200,fe344a24-22e0-4cc6-9f99-c4acdbe3c429,2026-08-16T00:30:00Z,2026-08-16T02:30:00+0200,0.0,MW,NL,NL,forecast_solar_generation,Solar,2026-08-28T01:27:51Z
2026-08-28T01:22:45Z,2026-08-28T03:22:45+0200,fe344a24-22e0-4cc6-9f99-c4acdbe3c429,2026-08-16T00:45:00Z,2026-08-16T02:45:00+0200,0.0,MW,NL,NL,forecast_solar_generation,Solar,2026-08-28T01:27:51Z
2026-08-28T01:22:45Z,2026-08-28T03:22:45+0200,fe344a24-22e0-4cc6-9f99-c4acdbe3c429,2026-08-16T01:00:00Z,2026-08-16T03:00:00+0200,0.0,MW,NL,NL,forecast_solar_generation,Solar,2026-08-28T01:27:51Z
2026-08-28T01:22:45Z,2026-08-28T03:22:45+0200,fe344a24-22e0-4cc6-9f99-c4acdbe3c429,2026-08-16T01:15:00Z,2026-08-16T03:15:00+0200,0.0,MW,NL,NL,forecast_solar_generation,Solar,2026-08-28T01:27:51Z
2026-08-28T01:22:45Z,2026-08-28T03:22:45+0200,fe344a24-22e0-4cc6-9f99-c4acdbe3c429,2026-08-16T01:30:00Z,2026-08-16T03:30:00+0200,0.0,MW,NL,NL,forecast_solar_generation,Solar,2026-08-28T01:27:51Z
2026-08-28T01:22:45Z,2026-08-28T03:22:45+0200,fe344a24-22e0-4cc6-9f99-c4acdbe3c429,2026-08-16T01:45:00Z,2026-08-16T03:45:00+0200,0.0,MW,NL,NL,forecast_solar_generation,Solar,2026-08-28T01:27:51Z
2026-08-28T01:22:45Z,2026-08-28T03:22:45+0200,fe344a24-22e0-4cc6-9f99-c4acdbe3c429,2026-08-16T02:00:00Z,2026-08-16T04:00:00+0200,0.0,MW,NL,NL,forecast_solar_generation,Solar,2026-08-28T01:27:51Z
2026-08-28T01:22:45Z,2026-08-28T03:22:45+0200,fe344a24-22e0-4cc6-9f99-c4acdbe3c429,2026-08-16T02:15:00Z,2026-08-16T04:15:00+0200,0.0,MW,NL,NL,forecast_solar_generation,Solar,2026-08-28T01:27:51Z
2026-08-28T01:22:45Z,2026-08-28T03:22:45+0200,fe344a24-22e0-4cc6-9f99-c4acdbe3c429,2026-08-16T02:30:00Z,2026-08-16T04:30:00+0200,0.0,MW,NL,NL,forecast_solar_generation,Solar,2026-08-28T01:27:51Z
2026-08-28T01:22:45Z,2026-08-28T03:22:45+0200,fe344a24-22e0-4cc6-9f99-c4acdbe3c429,2026-08-16T02:45:00Z,2026-08-16T04:45:00+0200,0.0,MW,NL,NL,forecast_solar_generation,Solar,2026-08-28T01:27:51Z
2026-08-28T01:22:45Z,2026-08-28T03:22:45+0200,fe344a24-22e0-4cc6-9f99-c4acdbe3c429,2026-08-16T03:00:00Z,2026-08-16T05:00:00+0200,0.0,MW,NL,NL,forecast_solar_generation,Solar,2026-08-28T01:27:51Z
2026-08-28T01:22:45Z,2026-08-28T03:22:45+0200,fe344a24-22e0-4cc6-9f99-c4acdbe3c429,2026-08-16T03:15:00Z,2026-08-16T05:15:00+0200,0.0,MW,NL,NL,forecast_solar_generation,Solar,2026-08-28T01:27:51Z
2026-08-28T01:22:45Z,2026-08-28T03:22:45+0200,fe344a24-22e0-4cc6-9f99-c4acdbe3c429,2026-08-16T03:30:00Z,2026-08-16T05:30:00+0200,0.0,MW,NL,NL,forecast_solar_generation,Solar,2026-08-28T01:27:51Z
2026-08-28T01:22:45Z,2026-08-28T03:22:45+0200,fe344a24-22e0-4cc6-9f99-c4acdbe3c429,2026-08-16T03:45:00Z,2026-08-16T05:45:00+0200,0.0,MW,NL,NL,forecast_solar_generation,Solar,2026-08-28T01:27:51Z
2026-08-28T01:22:45Z,2026-08-28T03:22:45+0200,fe344a24-22e0-4cc6-9f99-c4acdbe3c429,2026-08-16T04:00:00Z,2026-08-16T06:00:00+0200,0.0,MW,NL,NL,forecast_solar_generation,Solar,2026-08-28T01:27:51Z
2026-08-28T01:22:45Z,2026-08-28T03:22:45+0200,fe344a24-22e0-4cc6-9f99-c4acdbe3c429,2026-08-16T04:15:00Z,2026-08-16T06:15:00+0200,4.0,MW,NL,NL,forecast_solar_generation,Solar,2026-08-28T01:27:51Z
2026-08-28T01:22:45Z,2026-08-28T03:22:45+0200,fe344a24-22e0-4cc6-9f99-c4acdbe3c429,2026-08-16T04:30:00Z,2026-08-16T06:30:00+0200,8.0,MW,NL,NL,forecast_solar_generation,Solar,2026-08-28T01:27:51Z
2026-08-28T01:22:45Z,2026-08-28T03:22:45+0200,fe344a24-22e0-4cc6-9f99-c4acdbe3c429,2026-08-16T04:45:00Z,2026-08-16T06:45:00+0200,14.0,MW,NL,NL,forecast_solar_generation,Solar,2026-08-28T01:27:51Z
2026-08-28T01:22:45Z,2026-08-28T03:22:45+0200,fe344a24-22e0-4cc6-9f99-c4acdbe3c429,2026-08-16T05:00:00Z,2026-08-16T07:00:00+0200,19.0,MW,NL,NL,forecast_solar_generation,Solar,2026-08-28T01:27:51Z
2026-08-28T01:22:45Z,2026-08-28T03:22:45+0200,fe344a24-22e0-4cc6-9f99-c4acdbe3c429,2026-08-16T05:15:00Z,2026-08-16T07:15:00+0200,129.0,MW,NL,NL,forecast_solar_generation,Solar,2026-08-28T01:27:51Z
2026-08-28T01:22:45Z,2026-08-28T03:22:45+0200,fe344a24-22e0-4cc6-9f99-c4acdbe3c429,2026-08-16T05:30:00Z,2026-08-16T07:30:00+0200,238.0,MW,NL,NL,forecast_solar_generation,Solar,2026-08-28T01:27:51Z
2026-08-28T01:22:45Z,2026-08-28T03:22:45+0200,fe344a24-22e0-4cc6-9f99-c4acdbe3c429,2026-08-16T05:45:00Z,2026-08-16T07:45:00+0200,349.0,MW,NL,NL,forecast_solar_generation,Solar,2026-08-28T01:27:51Z
2026-08-28T01:22:45Z,2026-08-28T03:22:45+0200,fe344a24-22e0-4cc6-9f99-c4acdbe3c429,2026-08-16T06:00:00Z,2026-08-16T08:00:00+0200,459.0,MW,NL,NL,forecast_solar_generation,Solar,2026-08-28T01:27:51Z
2026-08-28T01:22:45Z,2026-08-28T03:22:45+0200,fe344a24-22e0-4cc6-9f99-c4acdbe3c429,2026-08-16T06:15:00Z,2026-08-16T08:15:00+0200,670.0,MW,NL,NL,forecast_solar_generation,Solar,2026-08-28T01:27:51Z
2026-08-28T01:22:45Z,2026-08-28T03:22:45+0200,fe344a24-22e0-4cc6-9f99-c4acdbe3c429,2026-08-16T06:30:00Z,2026-08-16T08:30:00+0200,881.0,MW,NL,NL,forecast_solar_generation,Solar,2026-08-28T01:27:51Z
2026-08-28T01:22:45Z,2026-08-28T03:22:45+0200,fe344a24-22e0-4cc6-9f99-c4acdbe3c429,2026-08-16T06:45:00Z,2026-08-16T08:45:00+0200,1092.0,MW,NL,NL,forecast_solar_generation,Solar,2026-08-28T01:27:51Z
2026-08-28T01:22:45Z,2026-08-28T03:22:45+0200,fe344a24-22e0-4cc6-9f99-c4acdbe3c429,2026-08-16T07:00:00Z,2026-08-16T09:00:00+0200,1304.0,MW,NL,NL,forecast_solar_generation,Solar,2026-08-28T01:27:51Z
2026-08-28T01:22:45Z,2026-08-28T03:22:45+0200,fe344a24-22e0-4cc6-9f99-c4acdbe3c429,2026-08-16T07:15:00Z,2026-08-16T09:15:00+0200,1563.0,MW,NL,NL,forecast_solar_generation,Solar,2026-08-28T01:27:51Z
2026-08-28T01:22:45Z,2026-08-28T03:22:45+0200,fe344a24-22e0-4cc6-9f99-c4acdbe3c429,2026-08-16T07:30:00Z,2026-08-16T09:30:00+0200,1821.0,MW,NL,NL,forecast_solar_generation,Solar,2026-08-28T01:27:51Z
2026-08-28T01:22:45Z,2026-08-28T03:22:45+0200,fe344a24-22e0-4cc6-9f99-c4acdbe3c429,2026-08-16T07:45:00Z,2026-08-16T09:45:00+0200,2079.0,MW,NL,NL,forecast_solar_generation,Solar,2026-08-28T01:27:51Z
2026-08-28T01:22:45Z,2026-08-28T03:22:45+0200,fe344a24-22e0-4cc6-9f99-c4acdbe3c429,2026-08-16T08:00:00Z,2026-08-16T10:00:00+0200,2338.0,MW,NL,NL,forecast_solar_generation,Solar,2026-08-28T01:27:51Z
2026-08-28T01:22:45Z,2026-08-28T03:22:45+0200,fe344a24-22e0-4cc6-9f99-c4acdbe3c429,2026-08-16T08:15:00Z,2026-08-16T10:15:00+0200,2569.0,MW,NL,NL,forecast_solar_generation,Solar,2026-08-28T01:27:51Z
2026-08-28T01:22:45Z,2026-08-28T03:22:45+0200,fe344a24-22e0-4cc6-9f99-c4acdbe3c429,2026-08-16T08:30:00Z,2026-08-16T10:30:00+0200,2803.0,MW,NL,NL,forecast_solar_generation,Solar,2026-08-28T01:27:51Z
2026-08-28T01:22:45Z,2026-08-28T03:22:45+0200,fe344a24-22e0-4cc6-9f99-c4acdbe3c429,2026-08-16T08:45:00Z,2026-08-16T10:45:00+0200,3033.0,MW,NL,NL,forecast_solar_generation,Solar,2026-08-28T01:27:51Z
2026-08-28T01:22:45Z,2026-08-28T03:22:45+0200,fe344a24-22e0-4cc6-9f99-c4acdbe3c429,2026-08-16T09:00:00Z,2026-08-16T11:00:00+0200,3267.0,MW,NL,NL,forecast_solar_generation,Solar,2026-08-28T01:27:51Z
2026-08-28T01:22:45Z,2026-08-28T03:22:45+0200,fe344a24-22e0-4cc6-9f99-c4acdbe3c429,2026-08-16T09:15:00Z,2026-08-16T11:15:00+0200,3204.0,MW,NL,NL,forecast_solar_generation,Solar,2026-08-28T01:27:51Z
2026-08-28T01:22:45Z,2026-08-28T03:22:45+0200,fe344a24-22e0-4cc6-9f99-c4acdbe3c429,2026-08-16T09:30:00Z,2026-08-16T11:30:00+0200,3143.0,MW,NL,NL,forecast_solar_generation,Solar,2026-08-28T01:27:51Z
2026-08-28T01:22:45Z,2026-08-28T03:22:45+0200,fe344a24-22e0-4cc6-9f99-c4acdbe3c429,2026-08-16T09:45:00Z,2026-08-16T11:45:00+0200,3084.0,MW,NL,NL,forecast_solar_generation,Solar,2026-08-28T01:27:51Z
2026-08-28T01:22:45Z,2026-08-28T03:22:45+0200,fe344a24-22e0-4cc6-9f99-c4acdbe3c429,2026-08-16T10:00:00Z,2026-08-16T12:00:00+0200,3018.0,MW,NL,NL,forecast_solar_generation,Solar,2026-08-28T01:27:51Z
2026-08-28T01:22:45Z,2026-08-28T03:22:45+0200,fe344a24-22e0-4cc6-9f99-c4acdbe3c429,2026-08-16T10:15:00Z,2026-08-16T12:15:00+0200,3115.0,MW,NL,NL,forecast_solar_generation,Solar,2026-08-28T01:27:51Z
2026-08-28T01:22:45Z,2026-08-28T03:22:45+0200,fe344a24-22e0-4cc6-9f99-c4acdbe3c429,2026-08-16T10:30:00Z,2026-08-16T12:30:00+0200,3209.0,MW,NL,NL,forecast_solar_generation,Solar,2026-08-28T01:27:51Z
2026-08-28T01:22:45Z,2026-08-28T03:22:45+0200,fe344a24-22e0-4cc6-9f99-c4acdbe3c429,2026-08-16T10:45:00Z,2026-08-16T12:45:00+0200,3306.0,MW,NL,NL,forecast_solar_generation,Solar,2026-08-28T01:27:51Z
2026-08-28T01:22:45Z,2026-08-28T03:22:45+0200,fe344a24-22e0-4cc6-9f99-c4acdbe3c429,2026-08-16T11:00:00Z,2026-08-16T13:00:00+0200,3399.0,MW,NL,NL,forecast_solar_generation,Solar,2026-08-28T01:27:51Z
2026-08-28T01:22:45Z,2026-08-28T03:22:45+0200,fe344a24-22e0-4cc6-9f99-c4acdbe3c429,2026-08-16T11:15:00Z,2026-08-16T13:15:00+0200,3439.0,MW,NL,NL,forecast_solar_generation,Solar,2026-08-28T01:27:51Z
2026-08-28T01:22:45Z,2026-08-28T03:22:45+0200,fe344a24-22e0-4cc6-9f99-c4acdbe3c429,2026-08-16T11:30:00Z,2026-08-16T13:30:00+0200,3481.0,MW,NL,NL,forecast_solar_generation,Solar,2026-08-28T01:27:51Z
2026-08-28T01:22:45Z,2026-08-28T03:22:45+0200,fe344a24-22e0-4cc6-9f99-c4acdbe3c429,2026-08-16T11:45:00Z,2026-08-16T13:45:00+0200,3520.0,MW,NL,NL,forecast_solar_generation,Solar,2026-08-28T01:27:51Z
2026-08-28T01:22:45Z,2026-08-28T03:22:45+0200,fe344a24-22e0-4cc6-9f99-c4acdbe3c429,2026-08-16T12:00:00Z,2026-08-16T14:00:00+0200,3561.0,MW,NL,NL,forecast_solar_generation,Solar,2026-08-28T01:27:51Z
2026-08-28T01:22:45Z,2026-08-28T03:22:45+0200,fe344a24-22e0-4cc6-9f99-c4acdbe3c429,2026-08-16T12:15:00Z,2026-08-16T14:15:00+0200,3311.0,MW,NL,NL,forecast_solar_generation,Solar,2026-08-28T01:27:51Z
2026-08-28T01:22:45Z,2026-08-28T03:22:45+0200,fe344a24-22e0-4cc6-9f99-c4acdbe3c429,2026-08-16T12:30:00Z,2026-08-16T14:30:00+0200,3060.0,MW,NL,NL,forecast_solar_generation,Solar,2026-08-28T01:27:51Z
2026-08-28T01:22:45Z,2026-08-28T03:22:45+0200,fe344a24-22e0-4cc6-9f99-c4acdbe3c429,2026-08-16T12:45:00Z,2026-08-16T14:45:00+0200,2809.0,MW,NL,NL,forecast_solar_generation,Solar,2026-08-28T01:27:51Z
2026-08-28T01:22:45Z,2026-08-28T03:22:45+0200,fe344a24-22e0-4cc6-9f99-c4acdbe3c429,2026-08-16T13:00:00Z,2026-08-16T15:00:00+0200,2557.0,MW,NL,NL,forecast_solar_generation,Solar,2026-08-28T01:27:51Z
2026-08-28T01:22:45Z,2026-08-28T03:22:45+0200,fe344a24-22e0-4cc6-9f99-c4acdbe3c429,2026-08-16T13:15:00Z,2026-08-16T15:15:00+0200,2501.0,MW,NL,NL,forecast_solar_generation,Solar,2026-08-28T01:27:51Z
2026-08-28T01:22:45Z,2026-08-28T03:22:45+0200,fe344a24-22e0-4cc6-9f99-c4acdbe3c429,2026-08-16T13:30:00Z,2026-08-16T15:30:00+0200,2446.0,MW,NL,NL,forecast_solar_generation,Solar,2026-08-28T01:27:51Z
2026-08-28T01:22:45Z,2026-08-28T03:22:45+0200,fe344a24-22e0-4cc6-9f99-c4acdbe3c429,2026-08-16T13:45:00Z,2026-08-16T15:45:00+0200,2389.0,MW,NL,NL,forecast_solar_generation,Solar,2026-08-28T01:27:51Z
2026-08-28T01:22:45Z,2026-08-28T03:22:45+0200,fe344a24-22e0-4cc6-9f99-c4acdbe3c429,2026-08-16T14:00:00Z,2026-08-16T16:00:00+0200,2333.0,MW,NL,NL,forecast_solar_generation,Solar,2026-08-28T01:27:51Z
2026-08-28T01:22:45Z,2026-08-28T03:22:45+0200,fe344a24-22e0-4cc6-9f99-c4acdbe3c429,2026-08-16T14:15:00Z,2026-08-16T16:15:00+0200,2238.0,MW,NL,NL,forecast_solar_generation,Solar,2026-08-28T01:27:51Z
2026-08-28T01:22:45Z,2026-08-28T03:22:45+0200,fe344a24-22e0-4cc6-9f99-c4acdbe3c429,2026-08-16T14:30:00Z,2026-08-16T16:30:00+0200,2143.0,MW,NL,NL,forecast_solar_generation,Solar,2026-08-28T01:27:51Z
2026-08-28T01:22:45Z,2026-08-28T03:22:45+0200,fe344a24-22e0-4cc6-9f99-c4acdbe3c429,2026-08-16T14:45:00Z,2026-08-16T16:45:00+0200,2051.0,MW,NL,NL,forecast_solar_generation,Solar,2026-08-28T01:27:51Z
2026-08-28T01:22:45Z,2026-08-28T03:22:45+0200,fe344a24-22e0-4cc6-9f99-c4acdbe3c429,2026-08-16T15:00:00Z,2026-08-16T17:00:00+0200,1956.0,MW,NL,NL,forecast_solar_generation,Solar,2026-08-28T01:27:51Z
2026-08-28T01:22:45Z,2026-08-28T03:22:45+0200,fe344a24-22e0-4cc6-9f99-c4acdbe3c429,2026-08-16T15:15:00Z,2026-08-16T17:15:00+0200,1921.0,MW,NL,NL,forecast_solar_generation,Solar,2026-08-28T01:27:51Z
2026-08-28T01:22:45Z,2026-08-28T03:22:45+0200,fe344a24-22e0-4cc6-9f99-c4acdbe3c429,2026-08-16T15:30:00Z,2026-08-16T17:30:00+0200,1884.0,MW,NL,NL,forecast_solar_generation,Solar,2026-08-28T01:27:51Z
2026-08-28T01:22:45Z,2026-08-28T03:22:45+0200,fe344a24-22e0-4cc6-9f99-c4acdbe3c429,2026-08-16T15:45:00Z,2026-08-16T17:45:00+0200,1845.0,MW,NL,NL,forecast_solar_generation,Solar,2026-08-28T01:27:51Z
2026-08-28T01:22:45Z,2026-08-28T03:22:45+0200,fe344a24-22e0-4cc6-9f99-c4acdbe3c429,2026-08-16T16:00:00Z,2026-08-16T18:00:00+0200,1808.0,MW,NL,NL,forecast_solar_generation,Solar,2026-08-28T01:27:51Z
2026-08-28T01:22:45Z,2026-08-28T03:22:45+0200,fe344a24-22e0-4cc6-9f99-c4acdbe3c429,2026-08-16T16:15:00Z,2026-08-16T18:15:00+0200,1644.0,MW,NL,NL,forecast_solar_generation,Solar,2026-08-28T01:27:51Z
2026-08-28T01:22:45Z,2026-08-28T03:22:45+0200,fe344a24-22e0-4cc6-9f99-c4acdbe3c429,2026-08-16T16:30:00Z,2026-08-16T18:30:00+0200,1480.0,MW,NL,NL,forecast_solar_generation,Solar,2026-08-28T01:27:51Z
2026-08-28T01:22:45Z,2026-08-28T03:22:45+0200,fe344a24-22e0-4cc6-9f99-c4acdbe3c429,2026-08-16T16:45:00Z,2026-08-16T18:45:00+0200,1316.0,MW,NL,NL,forecast_solar_generation,Solar,2026-08-28T01:27:51Z
2026-08-28T01:22:45Z,2026-08-28T03:22:45+0200,fe344a24-22e0-4cc6-9f99-c4acdbe3c429,2026-08-16T17:00:00Z,2026-08-16T19:00:00+0200,1155.0,MW,NL,NL,forecast_solar_generation,Solar,2026-08-28T01:27:51Z
2026-08-28T01:22:45Z,2026-08-28T03:22:45+0200,fe344a24-22e0-4cc6-9f99-c4acdbe3c429,2026-08-16T17:15:00Z,2026-08-16T19:15:00+0200,1005.0,MW,NL,NL,forecast_solar_generation,Solar,2026-08-28T01:27:51Z
2026-08-28T01:22:45Z,2026-08-28T03:22:45+0200,fe344a24-22e0-4cc6-9f99-c4acdbe3c429,2026-08-16T17:30:00Z,2026-08-16T19:30:00+0200,856.0,MW,NL,NL,forecast_solar_generation,Solar,2026-08-28T01:27:51Z
2026-08-28T01:22:45Z,2026-08-28T03:22:45+0200,fe344a24-22e0-4cc6-9f99-c4acdbe3c429,2026-08-16T17:45:00Z,2026-08-16T19:45:00+0200,705.0,MW,NL,NL,forecast_solar_generation,Solar,2026-08-28T01:27:51Z
2026-08-28T01:22:45Z,2026-08-28T03:22:45+0200,fe344a24-22e0-4cc6-9f99-c4acdbe3c429,2026-08-16T18:00:00Z,2026-08-16T20:00:00+0200,553.0,MW,NL,NL,forecast_solar_generation,Solar,2026-08-28T01:27:51Z
2026-08-28T01:22:45Z,2026-08-28T03:22:45+0200,fe344a24-22e0-4cc6-9f99-c4acdbe3c429,2026-08-16T18:15:00Z,2026-08-16T20:15:00+0200,427.0,MW,NL,NL,forecast_solar_generation,Solar,2026-08-28T01:27:51Z
2026-08-28T01:22:45Z,2026-08-28T03:22:45+0200,fe344a24-22e0-4cc6-9f99-c4acdbe3c429,2026-08-16T18:30:00Z,2026-08-16T20:30:00+0200,300.0,MW,NL,NL,forecast_solar_generation,Solar,2026-08-28T01:27:51Z
2026-08-28T01:22:45Z,2026-08-28T03:22:45+0200,fe344a24-22e0-4cc6-9f99-c4acdbe3c429,2026-08-16T18:45:00Z,2026-08-16T20:45:00+0200,177.0,MW,NL,NL,forecast_solar_generation,Solar,2026-08-28T01:27:51Z
2026-08-28T01:22:45Z,2026-08-28T03:22:45+0200,fe344a24-22e0-4cc6-9f99-c4acdbe3c429,2026-08-16T19:00:00Z,2026-08-16T21:00:00+0200,49.0,MW,NL,NL,forecast_solar_generation,Solar,2026-08-28T01:27:51Z
2026-08-28T01:22:45Z,2026-08-28T03:22:45+0200,fe344a24-22e0-4cc6-9f99-c4acdbe3c429,2026-08-16T19:15:00Z,2026-08-16T21:15:00+0200,36.0,MW,NL,NL,forecast_solar_generation,Solar,2026-08-28T01:27:51Z
2026-08-28T01:22:45Z,2026-08-28T03:22:45+0200,fe344a24-22e0-4cc6-9f99-c4acdbe3c429,2026-08-16T19:30:00Z,2026-08-16T21:30:00+0200,25.0,MW,NL,NL,forecast_solar_generation,Solar,2026-08-28T01:27:51Z
2026-08-28T01:22:45Z,2026-08-28T03:22:45+0200,fe344a24-22e0-4cc6-9f99-c4acdbe3c429,2026-08-16T19:45:00Z,2026-08-16T21:45:00+0200,12.0,MW,NL,NL,forecast_solar_generation,Solar,2026-08-28T01:27:51Z
2026-08-28T01:22:45Z,2026-08-28T03:22:45+0200,fe344a24-22e0-4cc6-9f99-c4acdbe3c429,2026-08-16T20:00:00Z,2026-08-16T22:00:00+0200,0.0,MW,NL,NL,forecast_solar_generation,Solar,2026-08-28T01:27:51Z
2026-08-28T01:22:45Z,2026-08-28T03:22:45+0200,fe344a24-22e0-4cc6-9f99-c4acdbe3c429,2026-08-16T20:15:00Z,2026-08-16T22:15:00+0200,0.0,MW,NL,NL,forecast_solar_generation,Solar,2026-08-28T01:27:51Z
2026-08-28T01:22:45Z,2026-08-28T03:22:45+0200,fe344a24-22e0-4cc6-9f99-c4acdbe3c429,2026-08-16T20:30:00Z,2026-08-16T22:30:00+0200,0.0,MW,NL,NL,forecast_solar_generation,Solar,2026-08-28T01:27:51Z
2026-08-28T01:22:45Z,2026-08-28T03:22:45+0200,fe344a24-22e0-4cc6-9f99-c4acdbe3c429,2026-08-16T20:45:00Z,2026-08-16T22:45:00+0200,0.0,MW,NL,NL,forecast_solar_generation,Solar,2026-08-28T01:27:51Z
2026-08-28T01:22:45Z,2026-08-28T03:22:45+0200,fe344a24-22e0-4cc6-9f99-c4acdbe3c429,2026-08-16T21:00:00Z,2026-08-16T23:00:00+0200,0.0,MW,NL,NL,forecast_solar_generation,Solar,2026-08-28T01:27:51Z
2026-08-28T01:22:45Z,2026-08-28T03:22:45+0200,fe344a24-22e0-4cc6-9f99-c4acdbe3c429,2026-08-16T21:15:00Z,2026-08-16T23:15:00+0200,0.0,MW,NL,NL,forecast_solar_generation,Solar,2026-08-28T01:27:51Z
2026-08-28T01:22:45Z,2026-08-28T03:22:45+0200,fe344a24-22e0-4cc6-9f99-c4acdbe3c429,2026-08-16T21:30:00Z,2026-08-16T23:30:00+0200,0.0,MW,NL,NL,forecast_solar_generation,Solar,2026-08-28T01:27:51Z
2026-08-28T01:22:45Z,2026-08-28T03:22:45+0200,fe344a24-22e0-4cc6-9f99-c4acdbe3c429,2026-08-16T21:45:00Z,2026-08-16T23:45:00+0200,0.0,MW,NL,NL,forecast_solar_generation,Solar,2026-08-28T01:27:51Z
2026-08-28T01:22:45Z,2026-08-28T03:22:45+0200,fe344a24-22e0-4cc6-9f99-c4acdbe3c429,2026-08-16T22:00:00Z,2026-08-17T00:00:00+0200,0.0,MW,NL,NL,forecast_solar_generation,Solar,2026-08-28T01:27:51Z
2026-08-28T01:22:45Z,2026-08-28T03:22:45+0200,fe344a24-22e0-4cc6-9f99-c4acdbe3c429,2026-08-16T22:15:00Z,2026-08-17T00:15:00+0200,0.0,MW,NL,NL,forecast_solar_generation,Solar,2026-08-28T01:27:51Z
2026-08-28T01:22:45Z,2026-08-28T03:22:45+0200,fe344a24-22e0-4cc6-9f99-c4acdbe3c429,2026-08-16T22:30:00Z,2026-08-17T00:30:00+0200,0.0,MW,NL,NL,forecast_solar_generation,Solar,2026-08-28T01:27:51Z
2026-08-28T01:22:45Z,2026-08-28T03:22:45+0200,fe344a24-22e0-4cc6-9f99-c4acdbe3c429,2026-08-16T22:45:00Z,2026-08-17T00:45:00+0200,0.0,MW,NL,NL,forecast_solar_generation,Solar,2026-08-28T01:27:51Z
2026-08-28T01:22:45Z,2026-08-28T03:22:45+0200,fe344a24-22e0-4cc6-9f99-c4acdbe3c429,2026-08-16T23:00:00Z,2026-08-17T01:00:00+0200,0.0,MW,NL,NL,forecast_solar_generation,Solar,2026-08-28T01:27:51Z
2026-08-28T01:22:45Z,2026-08-28T03:22:45+0200,fe344a24-22e0-4cc6-9f99-c4acdbe3c429,2026-08-16T23:15:00Z,2026-08-17T01:15:00+0200,0.0,MW,NL,NL,forecast_solar_generation,Solar,2026-08-28T01:27:51Z
2026-08-28T01:22:45Z,2026-08-28T03:22:45+0200,fe344a24-22e0-4cc6-9f99-c4acdbe3c429,2026-08-16T23:30:00Z,2026-08-17T01:30:00+0200,0.0,MW,NL,NL,forecast_solar_generation,Solar,2026-08-28T01:27:51Z
2026-08-28T01:22:45Z,2026-08-28T03:22:45+0200,fe344a24-22e0-4cc6-9f99-c4acdbe3c429,2026-08-16T23:45:00Z,2026-08-17T01:45:00+0200,0.0,MW,NL,NL,forecast_solar_generation,Solar,2026-08-28T01:27:51Z
2026-08-28T01:22:45Z,2026-08-28T03:22:45+0200,fe344a24-22e0-4cc6-9f99-c4acdbe3c429,2026-08-17T00:00:00Z,2026-08-17T02:00:00+0200,0.0,MW,NL,NL,forecast_solar_generation,Solar,2026-08-28T01:27:51Z
2026-08-28T01:22:45Z,2026-08-28T03:22:45+0200,fe344a24-22e0-4cc6-9f99-c4acdbe3c429,2026-08-17T00:15:00Z,2026-08-17T02:15:00+0200,0.0,MW,NL,NL,forecast_solar_generation,Solar,2026-08-28T01:27:51Z
2026-08-28T01:22:45Z,2026-08-28T03:22:45+0200,fe344a24-22e0-4cc6-9f99-c4acdbe3c429,2026-08-17T00:30:00Z,2026-08-17T02:30:00+0200,0.0,MW,NL,NL,forecast_solar_generation,Solar,2026-08-28T01:27:51Z
2026-08-28T01:22:45Z,2026-08-28T03:22:45+0200,fe344a24-22e0-4cc6-9f99-c4acdbe3c429,2026-08-17T00:45:00Z,2026-08-17T02:45:00+0200,0.0,MW,NL,NL,forecast_solar_generation,Solar,2026-08-28T01:27:51Z
2026-08-28T01:22:45Z,2026-08-28T03:22:45+0200,fe344a24-22e0-4cc6-9f99-c4acdbe3c429,2026-08-17T01:00:00Z,2026-08-17T03:00:00+0200,0.0,MW,NL,NL,forecast_solar_generation,Solar,2026-08-28T01:27:51Z
2026-08-28T01:22:45Z,2026-08-28T03:22:45+0200,fe344a24-22e0-4cc6-9f99-c4acdbe3c429,2026-08-17T01:15:00Z,2026-08-17T03:15:00+0200,0.0,MW,NL,NL,forecast_solar_generation,Solar,2026-08-28T01:27:51Z
2026-08-28T01:22:45Z,2026-08-28T03:22:45+0200,fe344a24-22e0-4cc6-9f99-c4acdbe3c429,2026-08-17T01:30:00Z,2026-08-17T03:30:00+0200,0.0,MW,NL,NL,forecast_solar_generation,Solar,2026-08-28T01:27:51Z
2026-08-28T01:22:45Z,2026-08-28T03:22:45+0200,fe344a24-22e0-4cc6-9f99-c4acdbe3c429,2026-08-17T01:45:00Z,2026-08-17T03:45:00+0200,0.0,MW,NL,NL,forecast_solar_generation,Solar,2026-08-28T01:27:51Z
2026-08-28T01:22:45Z,2026-08-28T03:22:45+0200,fe344a24-22e0-4cc6-9f99-c4acdbe3c429,2026-08-17T02:00:00Z,2026-08-17T04:00:00+0200,0.0,MW,NL,NL,forecast_solar_generation,Solar,2026-08-28T01:27:51Z
2026-08-28T01:22:45Z,2026-08-28T03:22:45+0200,fe344a24-22e0-4cc6-9f99-c4acdbe3c429,2026-08-17T02:15:00Z,2026-08-17T04:15:00+0200,0.0,MW,NL,NL,forecast_solar_generation,Solar,2026-08-28T01:27:51Z
2026-08-28T01:22:45Z,2026-08-28T03:22:45+0200,fe344a24-22e0-4cc6-9f99-c4acdbe3c429,2026-08-17T02:30:00Z,2026-08-17T04:30:00+0200,0.0,MW,NL,NL,forecast_solar_generation,Solar,2026-08-28T01:27:51Z
2026-08-28T01:22:45Z,2026-08-28T03:22:45+0200,fe344a24-22e0-4cc6-9f99-c4acdbe3c429,2026-08-17T02:45:00Z,2026-08-17T04:45:00+0200,0.0,MW,NL,NL,forecast_solar_generation,Solar,2026-08-28T01:27:51Z
2026-08-28T01:22:45Z,2026-08-28T03:22:45+0200,fe344a24-22e0-4cc6-9f99-c4acdbe3c429,2026-08-17T03:00:00Z,2026-08-17T05:00:00+0200,0.0,MW,NL,NL,forecast_solar_generation,Solar,2026-08-28T01:27:51Z
2026-08-28T01:22:45Z,2026-08-28T03:22:45+0200,fe344a24-22e0-4cc6-9f99-c4acdbe3c429,2026-08-17T03:15:00Z,2026-08-17T05:15:00+0200,0.0,MW,NL,NL,forecast_solar_generation,Solar,2026-08-28T01:27:51Z
2026-08-28T01:22:45Z,2026-08-28T03:22:45+0200,fe344a24-22e0-4cc6-9f99-c4acdbe3c429,2026-08-17T03:30:00Z,2026-08-17T05:30:00+0200,0.0,MW,NL,NL,forecast_solar_generation,Solar,2026-08-28T01:27:51Z
2026-08-28T01:22:45Z,2026-08-28T03:22:45+0200,fe344a24-22e0-4cc6-9f99-c4acdbe3c429,2026-08-17T03:45:00Z,2026-08-17T05:45:00+0200,0.0,MW,NL,NL,forecast_solar_generation,Solar,2026-08-28T01:27:51Z
2026-08-28T01:22:45Z,2026-08-28T03:22:45+0200,fe344a24-22e0-4cc6-9f99-c4acdbe3c429,2026-08-17T04:00:00Z,2026-08-17T06:00:00+0200,0.0,MW,NL,NL,forecast_solar_generation,Solar,2026-08-28T01:27:51Z
2026-08-28T01:22:45Z,2026-08-28T03:22:45+0200,fe344a24-22e0-4cc6-9f99-c4acdbe3c429,2026-08-17T04:15:00Z,2026-08-17T06:15:00+0200,0.0,MW,NL,NL,forecast_solar_generation,Solar,2026-08-28T01:27:51Z
2026-08-28T01:22:45Z,2026-08-28T03:22:45+0200,fe344a24-22e0-4cc6-9f99-c4acdbe3c429,2026-08-17T04:30:00Z,2026-08-17T06:30:00+0200,2.0,MW,NL,NL,forecast_solar_generation,Solar,2026-08-28T01:27:51Z
2026-08-28T01:22:45Z,2026-08-28T03:22:45+0200,fe344a24-22e0-4cc6-9f99-c4acdbe3c429,2026-08-17T04:45:00Z,2026-08-17T06:45:00+0200,5.0,MW,NL,NL,forecast_solar_generation,Solar,2026-08-28T01:27:51Z
2026-08-28T01:22:45Z,2026-08-28T03:22:45+0200,fe344a24-22e0-4cc6-9f99-c4acdbe3c429,2026-08-17T05:00:00Z,2026-08-17T07:00:00+0200,7.0,MW,NL,NL,forecast_solar_generation,Solar,2026-08-28T01:27:51Z
2026-08-28T01:22:45Z,2026-08-28T03:22:45+0200,fe344a24-22e0-4cc6-9f99-c4acdbe3c429,2026-08-17T05:15:00Z,2026-08-17T07:15:00+0200,53.0,MW,NL,NL,forecast_solar_generation,Solar,2026-08-28T01:27:51Z
2026-08-28T01:22:45Z,2026-08-28T03:22:45+0200,fe344a24-22e0-4cc6-9f99-c4acdbe3c429,2026-08-17T05:30:00Z,2026-08-17T07:30:00+0200,100.0,MW,NL,NL,forecast_solar_generation,Solar,2026-08-28T01:27:51Z
2026-08-28T01:22:45Z,2026-08-28T03:22:45+0200,fe344a24-22e0-4cc6-9f99-c4acdbe3c429,2026-08-17T05:45:00Z,2026-08-17T07:45:00+0200,147.0,MW,NL,NL,forecast_solar_generation,Solar,2026-08-28T01:27:51Z
2026-08-28T01:22:45Z,2026-08-28T03:22:45+0200,fe344a24-22e0-4cc6-9f99-c4acdbe3c429,2026-08-17T06:00:00Z,2026-08-17T08:00:00+0200,194.0,MW,NL,NL,forecast_solar_generation,Solar,2026-08-28T01:27:51Z
2026-08-28T01:22:45Z,2026-08-28T03:22:45+0200,fe344a24-22e0-4cc6-9f99-c4acdbe3c429,2026-08-17T06:15:00Z,2026-08-17T08:15:00+0200,346.0,MW,NL,NL,forecast_solar_generation,Solar,2026-08-28T01:27:51Z
2026-08-28T01:22:45Z,2026-08-28T03:22:45+0200,fe344a24-22e0-4cc6-9f99-c4acdbe3c429,2026-08-17T06:30:00Z,2026-08-17T08:30:00+0200,498.0,MW,NL,NL,forecast_solar_generation,Solar,2026-08-28T01:27:51Z
2026-08-28T01:22:45Z,2026-08-28T03:22:45+0200,fe344a24-22e0-4cc6-9f99-c4acdbe3c429,2026-08-17T06:45:00Z,2026-08-17T08:45:00+0200,654.0,MW,NL,NL,forecast_solar_generation,Solar,2026-08-28T01:27:51Z
2026-08-28T01:22:45Z,2026-08-28T03:22:45+0200,fe344a24-22e0-4cc6-9f99-c4acdbe3c429,2026-08-17T07:00:00Z,2026-08-17T09:00:00+0200,806.0,MW,NL,NL,forecast_solar_generation,Solar,2026-08-28T01:27:51Z
2026-08-28T01:22:45Z,2026-08-28T03:22:45+0200,fe344a24-22e0-4cc6-9f99-c4acdbe3c429,2026-08-17T07:15:00Z,2026-08-17T09:15:00+0200,954.0,MW,NL,NL,forecast_solar_generation,Solar,2026-08-28T01:27:51Z
2026-08-28T01:22:45Z,2026-08-28T03:22:45+0200,fe344a24-22e0-4cc6-9f99-c4acdbe3c429,2026-08-17T07:30:00Z,2026-08-17T09:30:00+0200,1103.0,MW,NL,NL,forecast_solar_generation,Solar,2026-08-28T01:27:51Z
2026-08-28T01:22:45Z,2026-08-28T03:22:45+0200,fe344a24-22e0-4cc6-9f99-c4acdbe3c429,2026-08-17T07:45:00Z,2026-08-17T09:45:00+0200,1250.0,MW,NL,NL,forecast_solar_generation,Solar,2026-08-28T01:27:51Z
2026-08-28T01:22:45Z,2026-08-28T03:22:45+0200,fe344a24-22e0-4cc6-9f99-c4acdbe3c429,2026-08-17T08:00:00Z,2026-08-17T10:00:00+0200,1397.0,MW,NL,NL,forecast_solar_generation,Solar,2026-08-28T01:27:51Z
2026-08-28T01:22:45Z,2026-08-28T03:22:45+0200,fe344a24-22e0-4cc6-9f99-c4acdbe3c429,2026-08-17T08:15:00Z,2026-08-17T10:15:00+0200,1541.0,MW,NL,NL,forecast_solar_generation,Solar,2026-08-28T01:27:51Z
2026-08-28T01:22:45Z,2026-08-28T03:22:45+0200,fe344a24-22e0-4cc6-9f99-c4acdbe3c429,2026-08-17T08:30:00Z,2026-08-17T10:30:00+0200,1681.0,MW,NL,NL,forecast_solar_generation,Solar,2026-08-28T01:27:51Z
2026-08-28T01:22:45Z,2026-08-28T03:22:45+0200,fe344a24-22e0-4cc6-9f99-c4acdbe3c429,2026-08-17T08:45:00Z,2026-08-17T10:45:00+0200,1822.0,MW,NL,NL,forecast_solar_generation,Solar,2026-08-28T01:27:51Z
2026-08-28T01:22:45Z,2026-08-28T03:22:45+0200,fe344a24-22e0-4cc6-9f99-c4acdbe3c429,2026-08-17T09:00:00Z,2026-08-17T11:00:00+0200,1964.0,MW,NL,NL,forecast_solar_generation,Solar,2026-08-28T01:27:51Z
2026-08-28T01:22:45Z,2026-08-28T03:22:45+0200,fe344a24-22e0-4cc6-9f99-c4acdbe3c429,2026-08-17T09:15:00Z,2026-08-17T11:15:00+0200,2015.0,MW,NL,NL,forecast_solar_generation,Solar,2026-08-28T01:27:51Z
2026-08-28T01:22:45Z,2026-08-28T03:22:45+0200,fe344a24-22e0-4cc6-9f99-c4acdbe3c429,2026-08-17T09:30:00Z,2026-08-17T11:30:00+0200,2064.0,MW,NL,NL,forecast_solar_generation,Solar,2026-08-28T01:27:51Z
2026-08-28T01:22:45Z,2026-08-28T03:22:45+0200,fe344a24-22e0-4cc6-9f99-c4acdbe3c429,2026-08-17T09:45:00Z,2026-08-17T11:45:00+0200,2111.0,MW,NL,NL,forecast_solar_generation,Solar,2026-08-28T01:27:51Z
2026-08-28T01:22:45Z,2026-08-28T03:22:45+0200,fe344a24-22e0-4cc6-9f99-c4acdbe3c429,2026-08-17T10:00:00Z,2026-08-17T12:00:00+0200,2160.0,MW,NL,NL,forecast_solar_generation,Solar,2026-08-28T01:27:51Z
2026-08-28T01:22:45Z,2026-08-28T03:22:45+0200,fe344a24-22e0-4cc6-9f99-c4acdbe3c429,2026-08-17T10:15:00Z,2026-08-17T12:15:00+0200,2233.0,MW,NL,NL,forecast_solar_generation,Solar,2026-08-28T01:27:51Z
2026-08-28T01:22:45Z,2026-08-28T03:22:45+0200,fe344a24-22e0-4cc6-9f99-c4acdbe3c429,2026-08-17T10:30:00Z,2026-08-17T12:30:00+0200,2302.0,MW,NL,NL,forecast_solar_generation,Solar,2026-08-28T01:27:51Z
2026-08-28T01:22:45Z,2026-08-28T03:22:45+0200,fe344a24-22e0-4cc6-9f99-c4acdbe3c429,2026-08-17T10:45:00Z,2026-08-17T12:45:00+0200,2373.0,MW,NL,NL,forecast_solar_generation,Solar,2026-08-28T01:27:51Z
2026-08-28T01:22:45Z,2026-08-28T03:22:45+0200,fe344a24-22e0-4cc6-9f99-c4acdbe3c429,2026-08-17T11:00:00Z,2026-08-17T13:00:00+0200,2447.0,MW,NL,NL,forecast_solar_generation,Solar,2026-08-28T01:27:51Z
2026-08-28T01:22:45Z,2026-08-28T03:22:45+0200,fe344a24-22e0-4cc6-9f99-c4acdbe3c429,2026-08-17T11:15:00Z,2026-08-17T13:15:00+0200,2477.0,MW,NL,NL,forecast_solar_generation,Solar,2026-08-28T01:27:51Z
2026-08-28T01:22:45Z,2026-08-28T03:22:45+0200,fe344a24-22e0-4cc6-9f99-c4acdbe3c429,2026-08-17T11:30:00Z,2026-08-17T13:30:00+0200,2507.0,MW,NL,NL,forecast_solar_generation,Solar,2026-08-28T01:27:51Z
2026-08-28T01:22:45Z,2026-08-28T03:22:45+0200,fe344a24-22e0-4cc6-9f99-c4acdbe3c429,2026-08-17T11:45:00Z,2026-08-17T13:45:00+0200,2537.0,MW,NL,NL,forecast_solar_generation,Solar,2026-08-28T01:27:51Z
2026-08-28T01:22:45Z,2026-08-28T03:22:45+0200,fe344a24-22e0-4cc6-9f99-c4acdbe3c429,2026-08-17T12:00:00Z,2026-08-17T14:00:00+0200,2566.0,MW,NL,NL,forecast_solar_generation,Solar,2026-08-28T01:27:51Z
2026-08-28T01:22:45Z,2026-08-28T03:22:45+0200,fe344a24-22e0-4cc6-9f99-c4acdbe3c429,2026-08-17T12:15:00Z,2026-08-17T14:15:00+0200,2557.0,MW,NL,NL,forecast_solar_generation,Solar,2026-08-28T01:27:51Z
2026-08-28T01:22:45Z,2026-08-28T03:22:45+0200,fe344a24-22e0-4cc6-9f99-c4acdbe3c429,2026-08-17T12:30:00Z,2026-08-17T14:30:00+0200,2542.0,MW,NL,NL,forecast_solar_generation,Solar,2026-08-28T01:27:51Z
2026-08-28T01:22:45Z,2026-08-28T03:22:45+0200,fe344a24-22e0-4cc6-9f99-c4acdbe3c429,2026-08-17T12:45:00Z,2026-08-17T14:45:00+0200,2532.0,MW,NL,NL,forecast_solar_generation,Solar,2026-08-28T01:27:51Z
2026-08-28T01:22:45Z,2026-08-28T03:22:45+0200,fe344a24-22e0-4cc6-9f99-c4acdbe3c429,2026-08-17T13:00:00Z,2026-08-17T15:00:00+0200,2518.0,MW,NL,NL,forecast_solar_generation,Solar,2026-08-28T01:27:51Z
2026-08-28T01:22:45Z,2026-08-28T03:22:45+0200,fe344a24-22e0-4cc6-9f99-c4acdbe3c429,2026-08-17T13:15:00Z,2026-08-17T15:15:00+0200,2461.0,MW,NL,NL,forecast_solar_generation,Solar,2026-08-28T01:27:51Z
2026-08-28T01:22:45Z,2026-08-28T03:22:45+0200,fe344a24-22e0-4cc6-9f99-c4acdbe3c429,2026-08-17T13:30:00Z,2026-08-17T15:30:00+0200,2406.0,MW,NL,NL,forecast_solar_generation,Solar,2026-08-28T01:27:51Z
2026-08-28T01:22:45Z,2026-08-28T03:22:45+0200,fe344a24-22e0-4cc6-9f99-c4acdbe3c429,2026-08-17T13:45:00Z,2026-08-17T15:45:00+0200,2352.0,MW,NL,NL,forecast_solar_generation,Solar,2026-08-28T01:27:51Z
2026-08-28T01:22:45Z,2026-08-28T03:22:45+0200,fe344a24-22e0-4cc6-9f99-c4acdbe3c429,2026-08-17T14:00:00Z,2026-08-17T16:00:00+0200,2294.0,MW,NL,NL,forecast_solar_generation,Solar,2026-08-28T01:27:51Z
2026-08-28T01:22:45Z,2026-08-28T03:22:45+0200,fe344a24-22e0-4cc6-9f99-c4acdbe3c429,2026-08-17T14:15:00Z,2026-08-17T16:15:00+0200,2203.0,MW,NL,NL,forecast_solar_generation,Solar,2026-08-28T01:27:51Z
2026-08-28T01:22:45Z,2026-08-28T03:22:45+0200,fe344a24-22e0-4cc6-9f99-c4acdbe3c429,2026-08-17T14:30:00Z,2026-08-17T16:30:00+0200,2109.0,MW,NL,NL,forecast_solar_generation,Solar,2026-08-28T01:27:51Z
2026-08-28T01:22:45Z,2026-08-28T03:22:45+0200,fe344a24-22e0-4cc6-9f99-c4acdbe3c429,2026-08-17T14:45:00Z,2026-08-17T16:45:00+0200,2017.0,MW,NL,NL,forecast_solar_generation,Solar,2026-08-28T01:27:51Z
2026-08-28T01:22:45Z,2026-08-28T03:22:45+0200,fe344a24-22e0-4cc6-9f99-c4acdbe3c429,2026-08-17T15:00:00Z,2026-08-17T17:00:00+0200,1925.0,MW,NL,NL,forecast_solar_generation,Solar,2026-08-28T01:27:51Z
2026-08-28T01:22:45Z,2026-08-28T03:22:45+0200,fe344a24-22e0-4cc6-9f99-c4acdbe3c429,2026-08-17T15:15:00Z,2026-08-17T17:15:00+0200,1903.0,MW,NL,NL,forecast_solar_generation,Solar,2026-08-28T01:27:51Z
2026-08-28T01:22:45Z,2026-08-28T03:22:45+0200,fe344a24-22e0-4cc6-9f99-c4acdbe3c429,2026-08-17T15:30:00Z,2026-08-17T17:30:00+0200,1880.0,MW,NL,NL,forecast_solar_generation,Solar,2026-08-28T01:27:51Z
2026-08-28T01:22:45Z,2026-08-28T03:22:45+0200,fe344a24-22e0-4cc6-9f99-c4acdbe3c429,2026-08-17T15:45:00Z,2026-08-17T17:45:00+0200,1859.0,MW,NL,NL,forecast_solar_generation,Solar,2026-08-28T01:27:51Z
2026-08-28T01:22:45Z,2026-08-28T03:22:45+0200,fe344a24-22e0-4cc6-9f99-c4acdbe3c429,2026-08-17T16:00:00Z,2026-08-17T18:00:00+0200,1836.0,MW,NL,NL,forecast_solar_generation,Solar,2026-08-28T01:27:51Z
2026-08-28T01:22:45Z,2026-08-28T03:22:45+0200,fe344a24-22e0-4cc6-9f99-c4acdbe3c429,2026-08-17T16:15:00Z,2026-08-17T18:15:00+0200,1669.0,MW,NL,NL,forecast_solar_generation,Solar,2026-08-28T01:27:51Z
2026-08-28T01:22:45Z,2026-08-28T03:22:45+0200,fe344a24-22e0-4cc6-9f99-c4acdbe3c429,2026-08-17T16:30:00Z,2026-08-17T18:30:00+0200,1500.0,MW,NL,NL,forecast_solar_generation,Solar,2026-08-28T01:27:51Z
2026-08-28T01:22:45Z,2026-08-28T03:22:45+0200,fe344a24-22e0-4cc6-9f99-c4acdbe3c429,2026-08-17T16:45:00Z,2026-08-17T18:45:00+0200,1332.0,MW,NL,NL,forecast_solar_generation,Solar,2026-08-28T01:27:51Z
2026-08-28T01:22:45Z,2026-08-28T03:22:45+0200,fe344a24-22e0-4cc6-9f99-c4acdbe3c429,2026-08-17T17:00:00Z,2026-08-17T19:00:00+0200,1165.0,MW,NL,NL,forecast_solar_generation,Solar,2026-08-28T01:27:51Z
2026-08-28T01:22:45Z,2026-08-28T03:22:45+0200,fe344a24-22e0-4cc6-9f99-c4acdbe3c429,2026-08-17T17:15:00Z,2026-08-17T19:15:00+0200,1012.0,MW,NL,NL,forecast_solar_generation,Solar,2026-08-28T01:27:51Z
2026-08-28T01:22:45Z,2026-08-28T03:22:45+0200,fe344a24-22e0-4cc6-9f99-c4acdbe3c429,2026-08-17T17:30:00Z,2026-08-17T19:30:00+0200,859.0,MW,NL,NL,forecast_solar_generation,Solar,2026-08-28T01:27:51Z
2026-08-28T01:22:45Z,2026-08-28T03:22:45+0200,fe344a24-22e0-4cc6-9f99-c4acdbe3c429,2026-08-17T17:45:00Z,2026-08-17T19:45:00+0200,704.0,MW,NL,NL,forecast_solar_generation,Solar,2026-08-28T01:27:51Z
2026-08-28T01:22:45Z,2026-08-28T03:22:45+0200,fe344a24-22e0-4cc6-9f99-c4acdbe3c429,2026-08-17T18:00:00Z,2026-08-17T20:00:00+0200,553.0,MW,NL,NL,forecast_solar_generation,Solar,2026-08-28T01:27:51Z
2026-08-28T01:22:45Z,2026-08-28T03:22:45+0200,fe344a24-22e0-4cc6-9f99-c4acdbe3c429,2026-08-17T18:15:00Z,2026-08-17T20:15:00+0200,424.0,MW,NL,NL,forecast_solar_generation,Solar,2026-08-28T01:27:51Z
2026-08-28T01:22:45Z,2026-08-28T03:22:45+0200,fe344a24-22e0-4cc6-9f99-c4acdbe3c429,2026-08-17T18:30:00Z,2026-08-17T20:30:00+0200,298.0,MW,NL,NL,forecast_solar_generation,Solar,2026-08-28T01:27:51Z
2026-08-28T01:22:45Z,2026-08-28T03:22:45+0200,fe344a24-22e0-4cc6-9f99-c4acdbe3c429,2026-08-17T18:45:00Z,2026-08-17T20:45:00+0200,172.0,MW,NL,NL,forecast_solar_generation,Solar,2026-08-28T01:27:51Z
2026-08-28T01:22:45Z,2026-08-28T03:22:45+0200,fe344a24-22e0-4cc6-9f99-c4acdbe3c429,2026-08-17T19:00:00Z,2026-08-17T21:00:00+0200,43.0,MW,NL,NL,forecast_solar_generation,Solar,2026-08-28T01:27:51Z
2026-08-28T01:22:45Z,2026-08-28T03:22:45+0200,fe344a24-22e0-4cc6-9f99-c4acdbe3c429,2026-08-17T19:15:00Z,2026-08-17T21:15:00+0200,34.0,MW,NL,NL,forecast_solar_generation,Solar,2026-08-28T01:27:51Z
2026-08-28T01:22:45Z,2026-08-28T03:22:45+0200,fe344a24-22e0-4cc6-9f99-c4acdbe3c429,2026-08-17T19:30:00Z,2026-08-17T21:30:00+0200,23.0,MW,NL,NL,forecast_solar_generation,Solar,2026-08-28T01:27:51Z
2026-08-28T01:22:45Z,2026-08-28T03:22:45+0200,fe344a24-22e0-4cc6-9f99-c4acdbe3c429,2026-08-17T19:45:00Z,2026-08-17T21:45:00+0200,11.0,MW,NL,NL,forecast_solar_generation,Solar,2026-08-28T01:27:51Z
2026-08-28T01:22:45Z,2026-08-28T03:22:45+0200,fe344a24-22e0-4cc6-9f99-c4acdbe3c429,2026-08-17T20:00:00Z,2026-08-17T22:00:00+0200,0.0,MW,NL,NL,forecast_solar_generation,Solar,2026-08-28T01:27:51Z
2026-08-28T01:22:45Z,2026-08-28T03:22:45+0200,fe344a24-22e0-4cc6-9f99-c4acdbe3c429,2026-08-17T20:15:00Z,2026-08-17T22:15:00+0200,0.0,MW,NL,NL,forecast_solar_generation,Solar,2026-08-28T01:27:51Z
2026-08-28T01:22:45Z,2026-08-28T03:22:45+0200,fe344a24-22e0-4cc6-9f99-c4acdbe3c429,2026-08-17T20:30:00Z,2026-08-17T22:30:00+0200,0.0,MW,NL,NL,forecast_solar_generation,Solar,2026-08-28T01:27:51Z
2026-08-28T01:22:45Z,2026-08-28T03:22:45+0200,fe344a24-22e0-4cc6-9f99-c4acdbe3c429,2026-08-17T20:45:00Z,2026-08-17T22:45:00+0200,0.0,MW,NL,NL,forecast_solar_generation,Solar,2026-08-28T01:27:51Z
2026-08-28T01:22:45Z,2026-08-28T03:22:45+0200,fe344a24-22e0-4cc6-9f99-c4acdbe3c429,2026-08-17T21:00:00Z,2026-08-17T23:00:00+0200,0.0,MW,NL,NL,forecast_solar_generation,Solar,2026-08-28T01:27:51Z
2026-08-28T01:22:45Z,2026-08-28T03:22:45+0200,fe344a24-22e0-4cc6-9f99-c4acdbe3c429,2026-08-17T21:15:00Z,2026-08-17T23:15:00+0200,0.0,MW,NL,NL,forecast_solar_generation,Solar,2026-08-28T01:27:51Z
2026-08-28T01:22:45Z,2026-08-28T03:22:45+0200,fe344a24-22e0-4cc6-9f99-c4acdbe3c429,2026-08-17T21:30:00Z,2026-08-17T23:30:00+0200,0.0,MW,NL,NL,forecast_solar_generation,Solar,2026-08-28T01:27:51Z
2026-08-28T01:22:45Z,2026-08-28T03:22:45+0200,fe344a24-22e0-4cc6-9f99-c4acdbe3c429,2026-08-17T21:45:00Z,2026-08-17T23:45:00+0200,0.0,MW,NL,NL,forecast_solar_generation,Solar,2026-08-28T01:27:51Z
2026-08-28T01:22:45Z,2026-08-28T03:22:45+0200,fe344a24-22e0-4cc6-9f99-c4acdbe3c429,2026-08-17T22:00:00Z,2026-08-18T00:00:00+0200,0.0,MW,NL,NL,forecast_solar_generation,Solar,2026-08-28T01:27:51Z
2026-08-28T01:22:45Z,2026-08-28T03:22:45+0200,fe344a24-22e0-4cc6-9f99-c4acdbe3c429,2026-08-17T22:15:00Z,2026-08-18T00:15:00+0200,0.0,MW,NL,NL,forecast_solar_generation,Solar,2026-08-28T01:27:51Z
2026-08-28T01:22:45Z,2026-08-28T03:22:45+0200,fe344a24-22e0-4cc6-9f99-c4acdbe3c429,2026-08-17T22:30:00Z,2026-08-18T00:30:00+0200,0.0,MW,NL,NL,forecast_solar_generation,Solar,2026-08-28T01:27:51Z
2026-08-28T01:22:45Z,2026-08-28T03:22:45+0200,fe344a24-22e0-4cc6-9f99-c4acdbe3c429,2026-08-17T22:45:00Z,2026-08-18T00:45:00+0200,0.0,MW,NL,NL,forecast_solar_generation,Solar,2026-08-28T01:27:51Z
2026-08-28T01:22:45Z,2026-08-28T03:22:45+0200,fe344a24-22e0-4cc6-9f99-c4acdbe3c429,2026-08-17T23:00:00Z,2026-08-18T01:00:00+0200,0.0,MW,NL,NL,forecast_solar_generation,Solar,2026-08-28T01:27:51Z
2026-08-28T01:22:45Z,2026-08-28T03:22:45+0200,fe344a24-22e0-4cc6-9f99-c4acdbe3c429,2026-08-17T23:15:00Z,2026-08-18T01:15:00+0200,0.0,MW,NL,NL,forecast_solar_generation,Solar,2026-08-28T01:27:51Z
2026-08-28T01:22:45Z,2026-08-28T03:22:45+0200,fe344a24-22e0-4cc6-9f99-c4acdbe3c429,2026-08-17T23:30:00Z,2026-08-18T01:30:00+0200,0.0,MW,NL,NL,forecast_solar_generation,Solar,2026-08-28T01:27:51Z
2026-08-28T01:22:45Z,2026-08-28T03:22:45+0200,fe344a24-22e0-4cc6-9f99-c4acdbe3c429,2026-08-17T23:45:00Z,2026-08-18T01:45:00+0200,0.0,MW,NL,NL,forecast_solar_generation,Solar,2026-08-28T01:27:51Z
2026-08-28T01:22:45Z,2026-08-28T03:22:45+0200,fe344a24-22e0-4cc6-9f99-c4acdbe3c429,2026-08-18T00:00:00Z,2026-08-18T02:00:00+0200,0.0,MW,NL,NL,forecast_solar_generation,Solar,2026-08-28T01:27:51Z
2026-08-28T01:22:45Z,2026-08-28T03:22:45+0200,fe344a24-22e0-4cc6-9f99-c4acdbe3c429,2026-08-18T00:15:00Z,2026-08-18T02:15:00+0200,0.0,MW,NL,NL,forecast_solar_generation,Solar,2026-08-28T01:27:51Z
2026-08-28T01:22:45Z,2026-08-28T03:22:45+0200,fe344a24-22e0-4cc6-9f99-c4acdbe3c429,2026-08-18T00:30:00Z,2026-08-18T02:30:00+0200,0.0,MW,NL,NL,forecast_solar_generation,Solar,2026-08-28T01:27:51Z
2026-08-28T01:22:45Z,2026-08-28T03:22:45+0200,fe344a24-22e0-4cc6-9f99-c4acdbe3c429,2026-08-18T00:45:00Z,2026-08-18T02:45:00+0200,0.0,MW,NL,NL,forecast_solar_generation,Solar,2026-08-28T01:27:51Z
2026-08-28T01:22:45Z,2026-08-28T03:22:45+0200,fe344a24-22e0-4cc6-9f99-c4acdbe3c429,2026-08-18T01:00:00Z,2026-08-18T03:00:00+0200,0.0,MW,NL,NL,forecast_solar_generation,Solar,2026-08-28T01:27:51Z
2026-08-28T01:22:45Z,2026-08-28T03:22:45+0200,fe344a24-22e0-4cc6-9f99-c4acdbe3c429,2026-08-18T01:15:00Z,2026-08-18T03:15:00+0200,0.0,MW,NL,NL,forecast_solar_generation,Solar,2026-08-28T01:27:51Z
2026-08-28T01:22:45Z,2026-08-28T03:22:45+0200,fe344a24-22e0-4cc6-9f99-c4acdbe3c429,2026-08-18T01:30:00Z,2026-08-18T03:30:00+0200,0.0,MW,NL,NL,forecast_solar_generation,Solar,2026-08-28T01:27:51Z
2026-08-28T01:22:45Z,2026-08-28T03:22:45+0200,fe344a24-22e0-4cc6-9f99-c4acdbe3c429,2026-08-18T01:45:00Z,2026-08-18T03:45:00+0200,0.0,MW,NL,NL,forecast_solar_generation,Solar,2026-08-28T01:27:51Z
2026-08-28T01:22:45Z,2026-08-28T03:22:45+0200,fe344a24-22e0-4cc6-9f99-c4acdbe3c429,2026-08-18T02:00:00Z,2026-08-18T04:00:00+0200,0.0,MW,NL,NL,forecast_solar_generation,Solar,2026-08-28T01:27:51Z
2026-08-28T01:22:45Z,2026-08-28T03:22:45+0200,fe344a24-22e0-4cc6-9f99-c4acdbe3c429,2026-08-18T02:15:00Z,2026-08-18T04:15:00+0200,0.0,MW,NL,NL,forecast_solar_generation,Solar,2026-08-28T01:27:51Z
2026-08-28T01:22:45Z,2026-08-28T03:22:45+0200,fe344a24-22e0-4cc6-9f99-c4acdbe3c429,2026-08-18T02:30:00Z,2026-08-18T04:30:00+0200,0.0,MW,NL,NL,forecast_solar_generation,Solar,2026-08-28T01:27:51Z
2026-08-28T01:22:45Z,2026-08-28T03:22:45+0200,fe344a24-22e0-4cc6-9f99-c4acdbe3c429,2026-08-18T02:45:00Z,2026-08-18T04:45:00+0200,0.0,MW,NL,NL,forecast_solar_generation,Solar,2026-08-28T01:27:51Z
2026-08-28T01:22:45Z,2026-08-28T03:22:45+0200,fe344a24-22e0-4cc6-9f99-c4acdbe3c429,2026-08-18T03:00:00Z,2026-08-18T05:00:00+0200,0.0,MW,NL,NL,forecast_solar_generation,Solar,2026-08-28T01:27:51Z
2026-08-28T01:22:45Z,2026-08-28T03:22:45+0200,fe344a24-22e0-4cc6-9f99-c4acdbe3c429,2026-08-18T03:15:00Z,2026-08-18T05:15:00+0200,0.0,MW,NL,NL,forecast_solar_generation,Solar,2026-08-28T01:27:51Z
2026-08-28T01:22:45Z,2026-08-28T03:22:45+0200,fe344a24-22e0-4cc6-9f99-c4acdbe3c429,2026-08-18T03:30:00Z,2026-08-18T05:30:00+0200,0.0,MW,NL,NL,forecast_solar_generation,Solar,2026-08-28T01:27:51Z
2026-08-28T01:22:45Z,2026-08-28T03:22:45+0200,fe344a24-22e0-4cc6-9f99-c4acdbe3c429,2026-08-18T03:45:00Z,2026-08-18T05:45:00+0200,0.0,MW,NL,NL,forecast_solar_generation,Solar,2026-08-28T01:27:51Z
2026-08-28T01:22:45Z,2026-08-28T03:22:45+0200,fe344a24-22e0-4cc6-9f99-c4acdbe3c429,2026-08-18T04:00:00Z,2026-08-18T06:00:00+0200,0.0,MW,NL,NL,forecast_solar_generation,Solar,2026-08-28T01:27:51Z
2026-08-28T01:22:45Z,2026-08-28T03:22:45+0200,fe344a24-22e0-4cc6-9f99-c4acdbe3c429,2026-08-18T04:15:00Z,2026-08-18T06:15:00+0200,0.0,MW,NL,NL,forecast_solar_generation,Solar,2026-08-28T01:27:51Z
2026-08-28T01:22:45Z,2026-08-28T03:22:45+0200,fe344a24-22e0-4cc6-9f99-c4acdbe3c429,2026-08-18T04:30:00Z,2026-08-18T06:30:00+0200,0.0,MW,NL,NL,forecast_solar_generation,Solar,2026-08-28T01:27:51Z
2026-08-28T01:22:45Z,2026-08-28T03:22:45+0200,fe344a24-22e0-4cc6-9f99-c4acdbe3c429,2026-08-18T04:45:00Z,2026-08-18T06:45:00+0200,1.0,MW,NL,NL,forecast_solar_generation,Solar,2026-08-28T01:27:51Z
2026-08-28T01:22:45Z,2026-08-28T03:22:45+0200,fe344a24-22e0-4cc6-9f99-c4acdbe3c429,2026-08-18T05:00:00Z,2026-08-18T07:00:00+0200,4.0,MW,NL,NL,forecast_solar_generation,Solar,2026-08-28T01:27:51Z
2026-08-28T01:22:45Z,2026-08-28T03:22:45+0200,fe344a24-22e0-4cc6-9f99-c4acdbe3c429,2026-08-18T05:15:00Z,2026-08-18T07:15:00+0200,38.0,MW,NL,NL,forecast_solar_generation,Solar,2026-08-28T01:27:51Z
2026-08-28T01:22:45Z,2026-08-28T03:22:45+0200,fe344a24-22e0-4cc6-9f99-c4acdbe3c429,2026-08-18T05:30:00Z,2026-08-18T07:30:00+0200,67.0,MW,NL,NL,forecast_solar_generation,Solar,2026-08-28T01:27:51Z
2026-08-28T01:22:45Z,2026-08-28T03:22:45+0200,fe344a24-22e0-4cc6-9f99-c4acdbe3c429,2026-08-18T05:45:00Z,2026-08-18T07:45:00+0200,101.0,MW,NL,NL,forecast_solar_generation,Solar,2026-08-28T01:27:51Z
2026-08-28T01:22:45Z,2026-08-28T03:22:45+0200,fe344a24-22e0-4cc6-9f99-c4acdbe3c429,2026-08-18T06:00:00Z,2026-08-18T08:00:00+0200,134.0,MW,NL,NL,forecast_solar_generation,Solar,2026-08-28T01:27:51Z
2026-08-28T01:22:45Z,2026-08-28T03:22:45+0200,fe344a24-22e0-4cc6-9f99-c4acdbe3c429,2026-08-18T06:15:00Z,2026-08-18T08:15:00+0200,199.0,MW,NL,NL,forecast_solar_generation,Solar,2026-08-28T01:27:51Z
2026-08-28T01:22:45Z,2026-08-28T03:22:45+0200,fe344a24-22e0-4cc6-9f99-c4acdbe3c429,2026-08-18T06:30:00Z,2026-08-18T08:30:00+0200,262.0,MW,NL,NL,forecast_solar_generation,Solar,2026-08-28T01:27:51Z
2026-08-28T01:22:45Z,2026-08-28T03:22:45+0200,fe344a24-22e0-4cc6-9f99-c4acdbe3c429,2026-08-18T06:45:00Z,2026-08-18T08:45:00+0200,330.0,MW,NL,NL,forecast_solar_generation,Solar,2026-08-28T01:27:51Z
2026-08-28T01:22:45Z,2026-08-28T03:22:45+0200,fe344a24-22e0-4cc6-9f99-c4acdbe3c429,2026-08-18T07:00:00Z,2026-08-18T09:00:00+0200,395.0,MW,NL,NL,forecast_solar_generation,Solar,2026-08-28T01:27:51Z
2026-08-28T01:22:45Z,2026-08-28T03:22:45+0200,fe344a24-22e0-4cc6-9f99-c4acdbe3c429,2026-08-18T07:15:00Z,2026-08-18T09:15:00+0200,460.0,MW,NL,NL,forecast_solar_generation,Solar,2026-08-28T01:27:51Z
2026-08-28T01:22:45Z,2026-08-28T03:22:45+0200,fe344a24-22e0-4cc6-9f99-c4acdbe3c429,2026-08-18T07:30:00Z,2026-08-18T09:30:00+0200,527.0,MW,NL,NL,forecast_solar_generation,Solar,2026-08-28T01:27:51Z
2026-08-28T01:22:45Z,2026-08-28T03:22:45+0200,fe344a24-22e0-4cc6-9f99-c4acdbe3c429,2026-08-18T07:45:00Z,2026-08-18T09:45:00+0200,594.0,MW,NL,NL,forecast_solar_generation,Solar,2026-08-28T01:27:51Z
2026-08-28T01:22:45Z,2026-08-28T03:22:45+0200,fe344a24-22e0-4cc6-9f99-c4acdbe3c429,2026-08-18T08:00:00Z,2026-08-18T10:00:00+0200,662.0,MW,NL,NL,forecast_solar_generation,Solar,2026-08-28T01:27:51Z
2026-08-28T01:22:45Z,2026-08-28T03:22:45+0200,fe344a24-22e0-4cc6-9f99-c4acdbe3c429,2026-08-18T08:15:00Z,2026-08-18T10:15:00+0200,729.0,MW,NL,NL,forecast_solar_generation,Solar,2026-08-28T01:27:51Z
2026-08-28T01:22:45Z,2026-08-28T03:22:45+0200,fe344a24-22e0-4cc6-9f99-c4acdbe3c429,2026-08-18T08:30:00Z,2026-08-18T10:30:00+0200,791.0,MW,NL,NL,forecast_solar_generation,Solar,2026-08-28T01:27:51Z
2026-08-28T01:22:45Z,2026-08-28T03:22:45+0200,fe344a24-22e0-4cc6-9f99-c4acdbe3c429,2026-08-18T08:45:00Z,2026-08-18T10:45:00+0200,858.0,MW,NL,NL,forecast_solar_generation,Solar,2026-08-28T01:27:51Z
2026-08-28T01:22:45Z,2026-08-28T03:22:45+0200,fe344a24-22e0-4cc6-9f99-c4acdbe3c429,2026-08-18T09:00:00Z,2026-08-18T11:00:00+0200,925.0,MW,NL,NL,forecast_solar_generation,Solar,2026-08-28T01:27:51Z
2026-08-28T01:22:45Z,2026-08-28T03:22:45+0200,fe344a24-22e0-4cc6-9f99-c4acdbe3c429,2026-08-18T09:15:00Z,2026-08-18T11:15:00+0200,1181.0,MW,NL,NL,forecast_solar_generation,Solar,2026-08-28T01:27:51Z
2026-08-28T01:22:45Z,2026-08-28T03:22:45+0200,fe344a24-22e0-4cc6-9f99-c4acdbe3c429,2026-08-18T09:30:00Z,2026-08-18T11:30:00+0200,1440.0,MW,NL,NL,forecast_solar_generation,Solar,2026-08-28T01:27:51Z
2026-08-28T01:22:45Z,2026-08-28T03:22:45+0200,fe344a24-22e0-4cc6-9f99-c4acdbe3c429,2026-08-18T09:45:00Z,2026-08-18T11:45:00+0200,1698.0,MW,NL,NL,forecast_solar_generation,Solar,2026-08-28T01:27:51Z
2026-08-28T01:22:45Z,2026-08-28T03:22:45+0200,fe344a24-22e0-4cc6-9f99-c4acdbe3c429,2026-08-18T10:00:00Z,2026-08-18T12:00:00+0200,1955.0,MW,NL,NL,forecast_solar_generation,Solar,2026-08-28T01:27:51Z
2026-08-28T01:22:45Z,2026-08-28T03:22:45+0200,fe344a24-22e0-4cc6-9f99-c4acdbe3c429,2026-08-18T10:15:00Z,2026-08-18T12:15:00+0200,2020.0,MW,NL,NL,forecast_solar_generation,Solar,2026-08-28T01:27:51Z
2026-08-28T01:22:45Z,2026-08-28T03:22:45+0200,fe344a24-22e0-4cc6-9f99-c4acdbe3c429,2026-08-18T10:30:00Z,2026-08-18T12:30:00+0200,2085.0,MW,NL,NL,forecast_solar_generation,Solar,2026-08-28T01:27:51Z
2026-08-28T01:22:45Z,2026-08-28T03:22:45+0200,fe344a24-22e0-4cc6-9f99-c4acdbe3c429,2026-08-18T10:45:00Z,2026-08-18T12:45:00+0200,2150.0,MW,NL,NL,forecast_solar_generation,Solar,2026-08-28T01:27:51Z
2026-08-28T01:22:45Z,2026-08-28T03:22:45+0200,fe344a24-22e0-4cc6-9f99-c4acdbe3c429,2026-08-18T11:00:00Z,2026-08-18T13:00:00+0200,2217.0,MW,NL,NL,forecast_solar_generation,Solar,2026-08-28T01:27:51Z
2026-08-28T01:22:45Z,2026-08-28T03:22:45+0200,fe344a24-22e0-4cc6-9f99-c4acdbe3c429,2026-08-18T11:15:00Z,2026-08-18T13:15:00+0200,2243.0,MW,NL,NL,forecast_solar_generation,Solar,2026-08-28T01:27:51Z
2026-08-28T01:22:45Z,2026-08-28T03:22:45+0200,fe344a24-22e0-4cc6-9f99-c4acdbe3c429,2026-08-18T11:30:00Z,2026-08-18T13:30:00+0200,2271.0,MW,NL,NL,forecast_solar_generation,Solar,2026-08-28T01:27:51Z
2026-08-28T01:22:45Z,2026-08-28T03:22:45+0200,fe344a24-22e0-4cc6-9f99-c4acdbe3c429,2026-08-18T11:45:00Z,2026-08-18T13:45:00+0200,2301.0,MW,NL,NL,forecast_solar_generation,Solar,2026-08-28T01:27:51Z
2026-08-28T01:22:45Z,2026-08-28T03:22:45+0200,fe344a24-22e0-4cc6-9f99-c4acdbe3c429,2026-08-18T12:00:00Z,2026-08-18T14:00:00+0200,2326.0,MW,NL,NL,forecast_solar_generation,Solar,2026-08-28T01:27:51Z
2026-08-28T01:22:45Z,2026-08-28T03:22:45+0200,fe344a24-22e0-4cc6-9f99-c4acdbe3c429,2026-08-18T12:15:00Z,2026-08-18T14:15:00+0200,2255.0,MW,NL,NL,forecast_solar_generation,Solar,2026-08-28T01:27:51Z
2026-08-28T01:22:45Z,2026-08-28T03:22:45+0200,fe344a24-22e0-4cc6-9f99-c4acdbe3c429,2026-08-18T12:30:00Z,2026-08-18T14:30:00+0200,2181.0,MW,NL,NL,forecast_solar_generation,Solar,2026-08-28T01:27:51Z
2026-08-28T01:22:45Z,2026-08-28T03:22:45+0200,fe344a24-22e0-4cc6-9f99-c4acdbe3c429,2026-08-18T12:45:00Z,2026-08-18T14:45:00+0200,2110.0,MW,NL,NL,forecast_solar_generation,Solar,2026-08-28T01:27:51Z
2026-08-28T01:22:45Z,2026-08-28T03:22:45+0200,fe344a24-22e0-4cc6-9f99-c4acdbe3c429,2026-08-18T13:00:00Z,2026-08-18T15:00:00+0200,2037.0,MW,NL,NL,forecast_solar_generation,Solar,2026-08-28T01:27:51Z
2026-08-28T01:22:45Z,2026-08-28T03:22:45+0200,fe344a24-22e0-4cc6-9f99-c4acdbe3c429,2026-08-18T13:15:00Z,2026-08-18T15:15:00+0200,1992.0,MW,NL,NL,forecast_solar_generation,Solar,2026-08-28T01:27:51Z
2026-08-28T01:22:45Z,2026-08-28T03:22:45+0200,fe344a24-22e0-4cc6-9f99-c4acdbe3c429,2026-08-18T13:30:00Z,2026-08-18T15:30:00+0200,1944.0,MW,NL,NL,forecast_solar_generation,Solar,2026-08-28T01:27:51Z
2026-08-28T01:22:45Z,2026-08-28T03:22:45+0200,fe344a24-22e0-4cc6-9f99-c4acdbe3c429,2026-08-18T13:45:00Z,2026-08-18T15:45:00+0200,1897.0,MW,NL,NL,forecast_solar_generation,Solar,2026-08-28T01:27:51Z
2026-08-28T01:22:45Z,2026-08-28T03:22:45+0200,fe344a24-22e0-4cc6-9f99-c4acdbe3c429,2026-08-18T14:00:00Z,2026-08-18T16:00:00+0200,1849.0,MW,NL,NL,forecast_solar_generation,Solar,2026-08-28T01:27:51Z
2026-08-28T01:22:45Z,2026-08-28T03:22:45+0200,fe344a24-22e0-4cc6-9f99-c4acdbe3c429,2026-08-18T14:15:00Z,2026-08-18T16:15:00+0200,1775.0,MW,NL,NL,forecast_solar_generation,Solar,2026-08-28T01:27:51Z
2026-08-28T01:22:45Z,2026-08-28T03:22:45+0200,fe344a24-22e0-4cc6-9f99-c4acdbe3c429,2026-08-18T14:30:00Z,2026-08-18T16:30:00+0200,1698.0,MW,NL,NL,forecast_solar_generation,Solar,2026-08-28T01:27:51Z
2026-08-28T01:22:45Z,2026-08-28T03:22:45+0200,fe344a24-22e0-4cc6-9f99-c4acdbe3c429,2026-08-18T14:45:00Z,2026-08-18T16:45:00+0200,1621.0,MW,NL,NL,forecast_solar_generation,Solar,2026-08-28T01:27:51Z
2026-08-28T01:22:45Z,2026-08-28T03:22:45+0200,fe344a24-22e0-4cc6-9f99-c4acdbe3c429,2026-08-18T15:00:00Z,2026-08-18T17:00:00+0200,1543.0,MW,NL,NL,forecast_solar_generation,Solar,2026-08-28T01:27:51Z
2026-08-28T01:22:45Z,2026-08-28T03:22:45+0200,fe344a24-22e0-4cc6-9f99-c4acdbe3c429,2026-08-18T15:15:00Z,2026-08-18T17:15:00+0200,1597.0,MW,NL,NL,forecast_solar_generation,Solar,2026-08-28T01:27:51Z
2026-08-28T01:22:45Z,2026-08-28T03:22:45+0200,fe344a24-22e0-4cc6-9f99-c4acdbe3c429,2026-08-18T15:30:00Z,2026-08-18T17:30:00+0200,1651.0,MW,NL,NL,forecast_solar_generation,Solar,2026-08-28T01:27:51Z
2026-08-28T01:22:45Z,2026-08-28T03:22:45+0200,fe344a24-22e0-4cc6-9f99-c4acdbe3c429,2026-08-18T15:45:00Z,2026-08-18T17:45:00+0200,1702.0,MW,NL,NL,forecast_solar_generation,Solar,2026-08-28T01:27:51Z
2026-08-28T01:22:45Z,2026-08-28T03:22:45+0200,fe344a24-22e0-4cc6-9f99-c4acdbe3c429,2026-08-18T16:00:00Z,2026-08-18T18:00:00+0200,1754.0,MW,NL,NL,forecast_solar_generation,Solar,2026-08-28T01:27:51Z
2026-08-28T01:22:45Z,2026-08-28T03:22:45+0200,fe344a24-22e0-4cc6-9f99-c4acdbe3c429,2026-08-18T16:15:00Z,2026-08-18T18:15:00+0200,1594.0,MW,NL,NL,forecast_solar_generation,Solar,2026-08-28T01:27:51Z
2026-08-28T01:22:45Z,2026-08-28T03:22:45+0200,fe344a24-22e0-4cc6-9f99-c4acdbe3c429,2026-08-18T16:30:00Z,2026-08-18T18:30:00+0200,1434.0,MW,NL,NL,forecast_solar_generation,Solar,2026-08-28T01:27:51Z
2026-08-28T01:22:45Z,2026-08-28T03:22:45+0200,fe344a24-22e0-4cc6-9f99-c4acdbe3c429,2026-08-18T16:45:00Z,2026-08-18T18:45:00+0200,1273.0,MW,NL,NL,forecast_solar_generation,Solar,2026-08-28T01:27:51Z
2026-08-28T01:22:45Z,2026-08-28T03:22:45+0200,fe344a24-22e0-4cc6-9f99-c4acdbe3c429,2026-08-18T17:00:00Z,2026-08-18T19:00:00+0200,1112.0,MW,NL,NL,forecast_solar_generation,Solar,2026-08-28T01:27:51Z
2026-08-28T01:22:45Z,2026-08-28T03:22:45+0200,fe344a24-22e0-4cc6-9f99-c4acdbe3c429,2026-08-18T17:15:00Z,2026-08-18T19:15:00+0200,966.0,MW,NL,NL,forecast_solar_generation,Solar,2026-08-28T01:27:51Z
2026-08-28T01:22:45Z,2026-08-28T03:22:45+0200,fe344a24-22e0-4cc6-9f99-c4acdbe3c429,2026-08-18T17:30:00Z,2026-08-18T19:30:00+0200,819.0,MW,NL,NL,forecast_solar_generation,Solar,2026-08-28T01:27:51Z
2026-08-28T01:22:45Z,2026-08-28T03:22:45+0200,fe344a24-22e0-4cc6-9f99-c4acdbe3c429,2026-08-18T17:45:00Z,2026-08-18T19:45:00+0200,672.0,MW,NL,NL,forecast_solar_generation,Solar,2026-08-28T01:27:51Z
2026-08-28T01:22:45Z,2026-08-28T03:22:45+0200,fe344a24-22e0-4cc6-9f99-c4acdbe3c429,2026-08-18T18:00:00Z,2026-08-18T20:00:00+0200,524.0,MW,NL,NL,forecast_solar_generation,Solar,2026-08-28T01:27:51Z
2026-08-28T01:22:45Z,2026-08-28T03:22:45+0200,fe344a24-22e0-4cc6-9f99-c4acdbe3c429,2026-08-18T18:15:00Z,2026-08-18T20:15:00+0200,404.0,MW,NL,NL,forecast_solar_generation,Solar,2026-08-28T01:27:51Z
2026-08-28T01:22:45Z,2026-08-28T03:22:45+0200,fe344a24-22e0-4cc6-9f99-c4acdbe3c429,2026-08-18T18:30:00Z,2026-08-18T20:30:00+0200,286.0,MW,NL,NL,forecast_solar_generation,Solar,2026-08-28T01:27:51Z
2026-08-28T01:22:45Z,2026-08-28T03:22:45+0200,fe344a24-22e0-4cc6-9f99-c4acdbe3c429,2026-08-18T18:45:00Z,2026-08-18T20:45:00+0200,166.0,MW,NL,NL,forecast_solar_generation,Solar,2026-08-28T01:27:51Z
2026-08-28T01:22:45Z,2026-08-28T03:22:45+0200,fe344a24-22e0-4cc6-9f99-c4acdbe3c429,2026-08-18T19:00:00Z,2026-08-18T21:00:00+0200,46.0,MW,NL,NL,forecast_solar_generation,Solar,2026-08-28T01:27:51Z
2026-08-28T01:22:45Z,2026-08-28T03:22:45+0200,fe344a24-22e0-4cc6-9f99-c4acdbe3c429,2026-08-18T19:15:00Z,2026-08-18T21:15:00+0200,38.0,MW,NL,NL,forecast_solar_generation,Solar,2026-08-28T01:27:51Z
2026-08-28T01:22:45Z,2026-08-28T03:22:45+0200,fe344a24-22e0-4cc6-9f99-c4acdbe3c429,2026-08-18T19:30:00Z,2026-08-18T21:30:00+0200,24.0,MW,NL,NL,forecast_solar_generation,Solar,2026-08-28T01:27:51Z
2026-08-28T01:22:45Z,2026-08-28T03:22:45+0200,fe344a24-22e0-4cc6-9f99-c4acdbe3c429,2026-08-18T19:45:00Z,2026-08-18T21:45:00+0200,12.0,MW,NL,NL,forecast_solar_generation,Solar,2026-08-28T01:27:51Z
2026-08-28T01:22:45Z,2026-08-28T03:22:45+0200,fe344a24-22e0-4cc6-9f99-c4acdbe3c429,2026-08-18T20:00:00Z,2026-08-18T22:00:00+0200,0.0,MW,NL,NL,forecast_solar_generation,Solar,2026-08-28T01:27:51Z
2026-08-28T01:22:45Z,2026-08-28T03:22:45+0200,fe344a24-22e0-4cc6-9f99-c4acdbe3c429,2026-08-18T20:15:00Z,2026-08-18T22:15:00+0200,0.0,MW,NL,NL,forecast_solar_generation,Solar,2026-08-28T01:27:51Z
2026-08-28T01:22:45Z,2026-08-28T03:22:45+0200,fe344a24-22e0-4cc6-9f99-c4acdbe3c429,2026-08-18T20:30:00Z,2026-08-18T22:30:00+0200,0.0,MW,NL,NL,forecast_solar_generation,Solar,2026-08-28T01:27:51Z
2026-08-28T01:22:45Z,2026-08-28T03:22:45+0200,fe344a24-22e0-4cc6-9f99-c4acdbe3c429,2026-08-18T20:45:00Z,2026-08-18T22:45:00+0200,0.0,MW,NL,NL,forecast_solar_generation,Solar,2026-08-28T01:27:51Z
2026-08-28T01:22:45Z,2026-08-28T03:22:45+0200,fe344a24-22e0-4cc6-9f99-c4acdbe3c429,2026-08-18T21:00:00Z,2026-08-18T23:00:00+0200,0.0,MW,NL,NL,forecast_solar_generation,Solar,2026-08-28T01:27:51Z
2026-08-28T01:22:45Z,2026-08-28T03:22:45+0200,fe344a24-22e0-4cc6-9f99-c4acdbe3c429,2026-08-18T21:15:00Z,2026-08-18T23:15:00+0200,0.0,MW,NL,NL,forecast_solar_generation,Solar,2026-08-28T01:27:51Z
2026-08-28T01:22:45Z,2026-08-28T03:22:45+0200,fe344a24-22e0-4cc6-9f99-c4acdbe3c429,2026-08-18T21:30:00Z,2026-08-18T23:30:00+0200,0.0,MW,NL,NL,forecast_solar_generation,Solar,2026-08-28T01:27:51Z
2026-08-28T01:22:45Z,2026-08-28T03:22:45+0200,fe344a24-22e0-4cc6-9f99-c4acdbe3c429,2026-08-18T21:45:00Z,2026-08-18T23:45:00+0200,0.0,MW,NL,NL,forecast_solar_generation,Solar,2026-08-28T01:27:51Z
2026-08-28T01:22:45Z,2026-08-28T03:22:45+0200,fe344a24-22e0-4cc6-9f99-c4acdbe3c429,2026-08-18T22:00:00Z,2026-08-19T00:00:00+0200,0.0,MW,NL,NL,forecast_solar_generation,Solar,2026-08-28T01:27:51Z
2026-08-28T01:22:45Z,2026-08-28T03:22:45+0200,fe344a24-22e0-4cc6-9f99-c4acdbe3c429,2026-08-18T22:15:00Z,2026-08-19T00:15:00+0200,0.0,MW,NL,NL,forecast_solar_generation,Solar,2026-08-28T01:27:51Z
2026-08-28T01:22:45Z,2026-08-28T03:22:45+0200,fe344a24-22e0-4cc6-9f99-c4acdbe3c429,2026-08-18T22:30:00Z,2026-08-19T00:30:00+0200,0.0,MW,NL,NL,forecast_solar_generation,Solar,2026-08-28T01:27:51Z
2026-08-28T01:22:45Z,2026-08-28T03:22:45+0200,fe344a24-22e0-4cc6-9f99-c4acdbe3c429,2026-08-18T22:45:00Z,2026-08-19T00:45:00+0200,0.0,MW,NL,NL,forecast_solar_generation,Solar,2026-08-28T01:27:51Z
2026-08-28T01:22:45Z,2026-08-28T03:22:45+0200,fe344a24-22e0-4cc6-9f99-c4acdbe3c429,2026-08-18T23:00:00Z,2026-08-19T01:00:00+0200,0.0,MW,NL,NL,forecast_solar_generation,Solar,2026-08-28T01:27:51Z
2026-08-28T01:22:45Z,2026-08-28T03:22:45+0200,fe344a24-22e0-4cc6-9f99-c4acdbe3c429,2026-08-18T23:15:00Z,2026-08-19T01:15:00+0200,0.0,MW,NL,NL,forecast_solar_generation,Solar,2026-08-28T01:27:51Z
2026-08-28T01:22:45Z,2026-08-28T03:22:45+0200,fe344a24-22e0-4cc6-9f99-c4acdbe3c429,2026-08-18T23:30:00Z,2026-08-19T01:30:00+0200,0.0,MW,NL,NL,forecast_solar_generation,Solar,2026-08-28T01:27:51Z
2026-08-28T01:22:45Z,2026-08-28T03:22:45+0200,fe344a24-22e0-4cc6-9f99-c4acdbe3c429,2026-08-18T23:45:00Z,2026-08-19T01:45:00+0200,0.0,MW,NL,NL,forecast_solar_generation,Solar,2026-08-28T01:27:51Z
2026-08-28T01:22:45Z,2026-08-28T03:22:45+0200,fe344a24-22e0-4cc6-9f99-c4acdbe3c429,2026-08-19T00:00:00Z,2026-08-19T02:00:00+0200,0.0,MW,NL,NL,forecast_solar_generation,Solar,2026-08-28T01:27:51Z
2026-08-28T01:22:45Z,2026-08-28T03:22:45+0200,fe344a24-22e0-4cc6-9f99-c4acdbe3c429,2026-08-19T00:15:00Z,2026-08-19T02:15:00+0200,0.0,MW,NL,NL,forecast_solar_generation,Solar,2026-08-28T01:27:51Z
2026-08-28T01:22:45Z,2026-08-28T03:22:45+0200,fe344a24-22e0-4cc6-9f99-c4acdbe3c429,2026-08-19T00:30:00Z,2026-08-19T02:30:00+0200,0.0,MW,NL,NL,forecast_solar_generation,Solar,2026-08-28T01:27:51Z
2026-08-28T01:22:45Z,2026-08-28T03:22:45+0200,fe344a24-22e0-4cc6-9f99-c4acdbe3c429,2026-08-19T00:45:00Z,2026-08-19T02:45:00+0200,0.0,MW,NL,NL,forecast_solar_generation,Solar,2026-08-28T01:27:51Z
2026-08-28T01:22:45Z,2026-08-28T03:22:45+0200,fe344a24-22e0-4cc6-9f99-c4acdbe3c429,2026-08-19T01:00:00Z,2026-08-19T03:00:00+0200,0.0,MW,NL,NL,forecast_solar_generation,Solar,2026-08-28T01:27:51Z
2026-08-28T01:22:45Z,2026-08-28T03:22:45+0200,fe344a24-22e0-4cc6-9f99-c4acdbe3c429,2026-08-19T01:15:00Z,2026-08-19T03:15:00+0200,0.0,MW,NL,NL,forecast_solar_generation,Solar,2026-08-28T01:27:51Z
2026-08-28T01:22:45Z,2026-08-28T03:22:45+0200,fe344a24-22e0-4cc6-9f99-c4acdbe3c429,2026-08-19T01:30:00Z,2026-08-19T03:30:00+0200,0.0,MW,NL,NL,forecast_solar_generation,Solar,2026-08-28T01:27:51Z
2026-08-28T01:22:45Z,2026-08-28T03:22:45+0200,fe344a24-22e0-4cc6-9f99-c4acdbe3c429,2026-08-19T01:45:00Z,2026-08-19T03:45:00+0200,0.0,MW,NL,NL,forecast_solar_generation,Solar,2026-08-28T01:27:51Z
2026-08-28T01:22:45Z,2026-08-28T03:22:45+0200,fe344a24-22e0-4cc6-9f99-c4acdbe3c429,2026-08-19T02:00:00Z,2026-08-19T04:00:00+0200,0.0,MW,NL,NL,forecast_solar_generation,Solar,2026-08-28T01:27:51Z
2026-08-28T01:22:45Z,2026-08-28T03:22:45+0200,fe344a24-22e0-4cc6-9f99-c4acdbe3c429,2026-08-19T02:15:00Z,2026-08-19T04:15:00+0200,0.0,MW,NL,NL,forecast_solar_generation,Solar,2026-08-28T01:27:51Z
2026-08-28T01:22:45Z,2026-08-28T03:22:45+0200,fe344a24-22e0-4cc6-9f99-c4acdbe3c429,2026-08-19T02:30:00Z,2026-08-19T04:30:00+0200,0.0,MW,NL,NL,forecast_solar_generation,Solar,2026-08-28T01:27:51Z
2026-08-28T01:22:45Z,2026-08-28T03:22:45+0200,fe344a24-22e0-4cc6-9f99-c4acdbe3c429,2026-08-19T02:45:00Z,2026-08-19T04:45:00+0200,0.0,MW,NL,NL,forecast_solar_generation,Solar,2026-08-28T01:27:51Z
2026-08-28T01:22:45Z,2026-08-28T03:22:45+0200,fe344a24-22e0-4cc6-9f99-c4acdbe3c429,2026-08-19T03:00:00Z,2026-08-19T05:00:00+0200,0.0,MW,NL,NL,forecast_solar_generation,Solar,2026-08-28T01:27:51Z
2026-08-28T01:22:45Z,2026-08-28T03:22:45+0200,fe344a24-22e0-4cc6-9f99-c4acdbe3c429,2026-08-19T03:15:00Z,2026-08-19T05:15:00+0200,0.0,MW,NL,NL,forecast_solar_generation,Solar,2026-08-28T01:27:51Z
2026-08-28T01:22:45Z,2026-08-28T03:22:45+0200,fe344a24-22e0-4cc6-9f99-c4acdbe3c429,2026-08-19T03:30:00Z,2026-08-19T05:30:00+0200,0.0,MW,NL,NL,forecast_solar_generation,Solar,2026-08-28T01:27:51Z
2026-08-28T01:22:45Z,2026-08-28T03:22:45+0200,fe344a24-22e0-4cc6-9f99-c4acdbe3c429,2026-08-19T03:45:00Z,2026-08-19T05:45:00+0200,0.0,MW,NL,NL,forecast_solar_generation,Solar,2026-08-28T01:27:51Z
2026-08-28T01:22:45Z,2026-08-28T03:22:45+0200,fe344a24-22e0-4cc6-9f99-c4acdbe3c429,2026-08-19T04:00:00Z,2026-08-19T06:00:00+0200,0.0,MW,NL,NL,forecast_solar_generation,Solar,2026-08-28T01:27:51Z
2026-08-28T01:22:45Z,2026-08-28T03:22:45+0200,fe344a24-22e0-4cc6-9f99-c4acdbe3c429,2026-08-19T04:15:00Z,2026-08-19T06:15:00+0200,0.0,MW,NL,NL,forecast_solar_generation,Solar,2026-08-28T01:27:51Z
2026-08-28T01:22:45Z,2026-08-28T03:22:45+0200,fe344a24-22e0-4cc6-9f99-c4acdbe3c429,2026-08-19T04:30:00Z,2026-08-19T06:30:00+0200,0.0,MW,NL,NL,forecast_solar_generation,Solar,2026-08-28T01:27:51Z
2026-08-28T01:22:45Z,2026-08-28T03:22:45+0200,fe344a24-22e0-4cc6-9f99-c4acdbe3c429,2026-08-19T04:45:00Z,2026-08-19T06:45:00+0200,1.0,MW,NL,NL,forecast_solar_generation,Solar,2026-08-28T01:27:51Z
2026-08-28T01:22:45Z,2026-08-28T03:22:45+0200,fe344a24-22e0-4cc6-9f99-c4acdbe3c429,2026-08-19T05:00:00Z,2026-08-19T07:00:00+0200,1.0,MW,NL,NL,forecast_solar_generation,Solar,2026-08-28T01:27:51Z
2026-08-28T01:22:45Z,2026-08-28T03:22:45+0200,fe344a24-22e0-4cc6-9f99-c4acdbe3c429,2026-08-19T05:15:00Z,2026-08-19T07:15:00+0200,30.0,MW,NL,NL,forecast_solar_generation,Solar,2026-08-28T01:27:51Z
2026-08-28T01:22:45Z,2026-08-28T03:22:45+0200,fe344a24-22e0-4cc6-9f99-c4acdbe3c429,2026-08-19T05:30:00Z,2026-08-19T07:30:00+0200,58.0,MW,NL,NL,forecast_solar_generation,Solar,2026-08-28T01:27:51Z
2026-08-28T01:22:45Z,2026-08-28T03:22:45+0200,fe344a24-22e0-4cc6-9f99-c4acdbe3c429,2026-08-19T05:45:00Z,2026-08-19T07:45:00+0200,86.0,MW,NL,NL,forecast_solar_generation,Solar,2026-08-28T01:27:51Z
2026-08-28T01:22:45Z,2026-08-28T03:22:45+0200,fe344a24-22e0-4cc6-9f99-c4acdbe3c429,2026-08-19T06:00:00Z,2026-08-19T08:00:00+0200,113.0,MW,NL,NL,forecast_solar_generation,Solar,2026-08-28T01:27:51Z
2026-08-28T01:22:45Z,2026-08-28T03:22:45+0200,fe344a24-22e0-4cc6-9f99-c4acdbe3c429,2026-08-19T06:15:00Z,2026-08-19T08:15:00+0200,164.0,MW,NL,NL,forecast_solar_generation,Solar,2026-08-28T01:27:51Z
2026-08-28T01:22:45Z,2026-08-28T03:22:45+0200,fe344a24-22e0-4cc6-9f99-c4acdbe3c429,2026-08-19T06:30:00Z,2026-08-19T08:30:00+0200,214.0,MW,NL,NL,forecast_solar_generation,Solar,2026-08-28T01:27:51Z
2026-08-28T01:22:45Z,2026-08-28T03:22:45+0200,fe344a24-22e0-4cc6-9f99-c4acdbe3c429,2026-08-19T06:45:00Z,2026-08-19T08:45:00+0200,264.0,MW,NL,NL,forecast_solar_generation,Solar,2026-08-28T01:27:51Z
2026-08-28T01:22:45Z,2026-08-28T03:22:45+0200,fe344a24-22e0-4cc6-9f99-c4acdbe3c429,2026-08-19T07:00:00Z,2026-08-19T09:00:00+0200,313.0,MW,NL,NL,forecast_solar_generation,Solar,2026-08-28T01:27:51Z
2026-08-28T01:22:45Z,2026-08-28T03:22:45+0200,fe344a24-22e0-4cc6-9f99-c4acdbe3c429,2026-08-19T07:15:00Z,2026-08-19T09:15:00+0200,364.0,MW,NL,NL,forecast_solar_generation,Solar,2026-08-28T01:27:51Z
2026-08-28T01:22:45Z,2026-08-28T03:22:45+0200,fe344a24-22e0-4cc6-9f99-c4acdbe3c429,2026-08-19T07:30:00Z,2026-08-19T09:30:00+0200,420.0,MW,NL,NL,forecast_solar_generation,Solar,2026-08-28T01:27:51Z
2026-08-28T01:22:45Z,2026-08-28T03:22:45+0200,fe344a24-22e0-4cc6-9f99-c4acdbe3c429,2026-08-19T07:45:00Z,2026-08-19T09:45:00+0200,473.0,MW,NL,NL,forecast_solar_generation,Solar,2026-08-28T01:27:51Z
2026-08-28T01:22:45Z,2026-08-28T03:22:45+0200,fe344a24-22e0-4cc6-9f99-c4acdbe3c429,2026-08-19T08:00:00Z,2026-08-19T10:00:00+0200,527.0,MW,NL,NL,forecast_solar_generation,Solar,2026-08-28T01:27:51Z
2026-08-28T01:22:45Z,2026-08-28T03:22:45+0200,fe344a24-22e0-4cc6-9f99-c4acdbe3c429,2026-08-19T08:15:00Z,2026-08-19T10:15:00+0200,576.0,MW,NL,NL,forecast_solar_generation,Solar,2026-08-28T01:27:51Z
2026-08-28T01:22:45Z,2026-08-28T03:22:45+0200,fe344a24-22e0-4cc6-9f99-c4acdbe3c429,2026-08-19T08:30:00Z,2026-08-19T10:30:00+0200,630.0,MW,NL,NL,forecast_solar_generation,Solar,2026-08-28T01:27:51Z
2026-08-28T01:22:45Z,2026-08-28T03:22:45+0200,fe344a24-22e0-4cc6-9f99-c4acdbe3c429,2026-08-19T08:45:00Z,2026-08-19T10:45:00+0200,682.0,MW,NL,NL,forecast_solar_generation,Solar,2026-08-28T01:27:51Z
2026-08-28T01:22:45Z,2026-08-28T03:22:45+0200,fe344a24-22e0-4cc6-9f99-c4acdbe3c429,2026-08-19T09:00:00Z,2026-08-19T11:00:00+0200,736.0,MW,NL,NL,forecast_solar_generation,Solar,2026-08-28T01:27:51Z
2026-08-28T01:22:45Z,2026-08-28T03:22:45+0200,fe344a24-22e0-4cc6-9f99-c4acdbe3c429,2026-08-19T09:15:00Z,2026-08-19T11:15:00+0200,1059.0,MW,NL,NL,forecast_solar_generation,Solar,2026-08-28T01:27:51Z
2026-08-28T01:22:45Z,2026-08-28T03:22:45+0200,fe344a24-22e0-4cc6-9f99-c4acdbe3c429,2026-08-19T09:30:00Z,2026-08-19T11:30:00+0200,1381.0,MW,NL,NL,forecast_solar_generation,Solar,2026-08-28T01:27:51Z
2026-08-28T01:22:45Z,2026-08-28T03:22:45+0200,fe344a24-22e0-4cc6-9f99-c4acdbe3c429,2026-08-19T09:45:00Z,2026-08-19T11:45:00+0200,1704.0,MW,NL,NL,forecast_solar_generation,Solar,2026-08-28T01:27:51Z
2026-08-28T01:22:45Z,2026-08-28T03:22:45+0200,fe344a24-22e0-4cc6-9f99-c4acdbe3c429,2026-08-19T10:00:00Z,2026-08-19T12:00:00+0200,2027.0,MW,NL,NL,forecast_solar_generation,Solar,2026-08-28T01:27:51Z
2026-08-28T01:22:45Z,2026-08-28T03:22:45+0200,fe344a24-22e0-4cc6-9f99-c4acdbe3c429,2026-08-19T10:15:00Z,2026-08-19T12:15:00+0200,2095.0,MW,NL,NL,forecast_solar_generation,Solar,2026-08-28T01:27:51Z
2026-08-28T01:22:45Z,2026-08-28T03:22:45+0200,fe344a24-22e0-4cc6-9f99-c4acdbe3c429,2026-08-19T10:30:00Z,2026-08-19T12:30:00+0200,2162.0,MW,NL,NL,forecast_solar_generation,Solar,2026-08-28T01:27:51Z
2026-08-28T01:22:45Z,2026-08-28T03:22:45+0200,fe344a24-22e0-4cc6-9f99-c4acdbe3c429,2026-08-19T10:45:00Z,2026-08-19T12:45:00+0200,2230.0,MW,NL,NL,forecast_solar_generation,Solar,2026-08-28T01:27:51Z
2026-08-28T01:22:45Z,2026-08-28T03:22:45+0200,fe344a24-22e0-4cc6-9f99-c4acdbe3c429,2026-08-19T11:00:00Z,2026-08-19T13:00:00+0200,2296.0,MW,NL,NL,forecast_solar_generation,Solar,2026-08-28T01:27:51Z
2026-08-28T01:22:45Z,2026-08-28T03:22:45+0200,fe344a24-22e0-4cc6-9f99-c4acdbe3c429,2026-08-19T11:15:00Z,2026-08-19T13:15:00+0200,2327.0,MW,NL,NL,forecast_solar_generation,Solar,2026-08-28T01:27:51Z
2026-08-28T01:22:45Z,2026-08-28T03:22:45+0200,fe344a24-22e0-4cc6-9f99-c4acdbe3c429,2026-08-19T11:30:00Z,2026-08-19T13:30:00+0200,2353.0,MW,NL,NL,forecast_solar_generation,Solar,2026-08-28T01:27:51Z
2026-08-28T01:22:45Z,2026-08-28T03:22:45+0200,fe344a24-22e0-4cc6-9f99-c4acdbe3c429,2026-08-19T11:45:00Z,2026-08-19T13:45:00+0200,2383.0,MW,NL,NL,forecast_solar_generation,Solar,2026-08-28T01:27:51Z
2026-08-28T01:22:45Z,2026-08-28T03:22:45+0200,fe344a24-22e0-4cc6-9f99-c4acdbe3c429,2026-08-19T12:00:00Z,2026-08-19T14:00:00+0200,2410.0,MW,NL,NL,forecast_solar_generation,Solar,2026-08-28T01:27:51Z
2026-08-28T01:22:45Z,2026-08-28T03:22:45+0200,fe344a24-22e0-4cc6-9f99-c4acdbe3c429,2026-08-19T12:15:00Z,2026-08-19T14:15:00+0200,2556.0,MW,NL,NL,forecast_solar_generation,Solar,2026-08-28T01:27:51Z
2026-08-28T01:22:45Z,2026-08-28T03:22:45+0200,fe344a24-22e0-4cc6-9f99-c4acdbe3c429,2026-08-19T12:30:00Z,2026-08-19T14:30:00+0200,2700.0,MW,NL,NL,forecast_solar_generation,Solar,2026-08-28T01:27:51Z
2026-08-28T01:22:45Z,2026-08-28T03:22:45+0200,fe344a24-22e0-4cc6-9f99-c4acdbe3c429,2026-08-19T12:45:00Z,2026-08-19T14:45:00+0200,2843.0,MW,NL,NL,forecast_solar_generation,Solar,2026-08-28T01:27:51Z
2026-08-28T01:22:45Z,2026-08-28T03:22:45+0200,fe344a24-22e0-4cc6-9f99-c4acdbe3c429,2026-08-19T13:00:00Z,2026-08-19T15:00:00+0200,2987.0,MW,NL,NL,forecast_solar_generation,Solar,2026-08-28T01:27:51Z
2026-08-28T01:22:45Z,2026-08-28T03:22:45+0200,fe344a24-22e0-4cc6-9f99-c4acdbe3c429,2026-08-19T13:15:00Z,2026-08-19T15:15:00+0200,2923.0,MW,NL,NL,forecast_solar_generation,Solar,2026-08-28T01:27:51Z
2026-08-28T01:22:45Z,2026-08-28T03:22:45+0200,fe344a24-22e0-4cc6-9f99-c4acdbe3c429,2026-08-19T13:30:00Z,2026-08-19T15:30:00+0200,2858.0,MW,NL,NL,forecast_solar_generation,Solar,2026-08-28T01:27:51Z
2026-08-28T01:22:45Z,2026-08-28T03:22:45+0200,fe344a24-22e0-4cc6-9f99-c4acdbe3c429,2026-08-19T13:45:00Z,2026-08-19T15:45:00+0200,2790.0,MW,NL,NL,forecast_solar_generation,Solar,2026-08-28T01:27:51Z
2026-08-28T01:22:45Z,2026-08-28T03:22:45+0200,fe344a24-22e0-4cc6-9f99-c4acdbe3c429,2026-08-19T14:00:00Z,2026-08-19T16:00:00+0200,2726.0,MW,NL,NL,forecast_solar_generation,Solar,2026-08-28T01:27:51Z
2026-08-28T01:22:45Z,2026-08-28T03:22:45+0200,fe344a24-22e0-4cc6-9f99-c4acdbe3c429,2026-08-19T14:15:00Z,2026-08-19T16:15:00+0200,2618.0,MW,NL,NL,forecast_solar_generation,Solar,2026-08-28T01:27:51Z
2026-08-28T01:22:45Z,2026-08-28T03:22:45+0200,fe344a24-22e0-4cc6-9f99-c4acdbe3c429,2026-08-19T14:30:00Z,2026-08-19T16:30:00+0200,2508.0,MW,NL,NL,forecast_solar_generation,Solar,2026-08-28T01:27:51Z
2026-08-28T01:22:45Z,2026-08-28T03:22:45+0200,fe344a24-22e0-4cc6-9f99-c4acdbe3c429,2026-08-19T14:45:00Z,2026-08-19T16:45:00+0200,2399.0,MW,NL,NL,forecast_solar_generation,Solar,2026-08-28T01:27:51Z
2026-08-28T01:22:45Z,2026-08-28T03:22:45+0200,fe344a24-22e0-4cc6-9f99-c4acdbe3c429,2026-08-19T15:00:00Z,2026-08-19T17:00:00+0200,2290.0,MW,NL,NL,forecast_solar_generation,Solar,2026-08-28T01:27:51Z
2026-08-28T01:22:45Z,2026-08-28T03:22:45+0200,fe344a24-22e0-4cc6-9f99-c4acdbe3c429,2026-08-19T15:15:00Z,2026-08-19T17:15:00+0200,2252.0,MW,NL,NL,forecast_solar_generation,Solar,2026-08-28T01:27:51Z
2026-08-28T01:22:45Z,2026-08-28T03:22:45+0200,fe344a24-22e0-4cc6-9f99-c4acdbe3c429,2026-08-19T15:30:00Z,2026-08-19T17:30:00+0200,2212.0,MW,NL,NL,forecast_solar_generation,Solar,2026-08-28T01:27:51Z
2026-08-28T01:22:45Z,2026-08-28T03:22:45+0200,fe344a24-22e0-4cc6-9f99-c4acdbe3c429,2026-08-19T15:45:00Z,2026-08-19T17:45:00+0200,2170.0,MW,NL,NL,forecast_solar_generation,Solar,2026-08-28T01:27:51Z
2026-08-28T01:22:45Z,2026-08-28T03:22:45+0200,fe344a24-22e0-4cc6-9f99-c4acdbe3c429,2026-08-19T16:00:00Z,2026-08-19T18:00:00+0200,2132.0,MW,NL,NL,forecast_solar_generation,Solar,2026-08-28T01:27:51Z
2026-08-28T01:22:45Z,2026-08-28T03:22:45+0200,fe344a24-22e0-4cc6-9f99-c4acdbe3c429,2026-08-19T16:15:00Z,2026-08-19T18:15:00+0200,1935.0,MW,NL,NL,forecast_solar_generation,Solar,2026-08-28T01:27:51Z
2026-08-28T01:22:45Z,2026-08-28T03:22:45+0200,fe344a24-22e0-4cc6-9f99-c4acdbe3c429,2026-08-19T16:30:00Z,2026-08-19T18:30:00+0200,1737.0,MW,NL,NL,forecast_solar_generation,Solar,2026-08-28T01:27:51Z
2026-08-28T01:22:45Z,2026-08-28T03:22:45+0200,fe344a24-22e0-4cc6-9f99-c4acdbe3c429,2026-08-19T16:45:00Z,2026-08-19T18:45:00+0200,1538.0,MW,NL,NL,forecast_solar_generation,Solar,2026-08-28T01:27:51Z
2026-08-28T01:22:45Z,2026-08-28T03:22:45+0200,fe344a24-22e0-4cc6-9f99-c4acdbe3c429,2026-08-19T17:00:00Z,2026-08-19T19:00:00+0200,1340.0,MW,NL,NL,forecast_solar_generation,Solar,2026-08-28T01:27:51Z
2026-08-28T01:22:45Z,2026-08-28T03:22:45+0200,fe344a24-22e0-4cc6-9f99-c4acdbe3c429,2026-08-19T17:15:00Z,2026-08-19T19:15:00+0200,1156.0,MW,NL,NL,forecast_solar_generation,Solar,2026-08-28T01:27:51Z
2026-08-28T01:22:45Z,2026-08-28T03:22:45+0200,fe344a24-22e0-4cc6-9f99-c4acdbe3c429,2026-08-19T17:30:00Z,2026-08-19T19:30:00+0200,974.0,MW,NL,NL,forecast_solar_generation,Solar,2026-08-28T01:27:51Z
2026-08-28T01:22:45Z,2026-08-28T03:22:45+0200,fe344a24-22e0-4cc6-9f99-c4acdbe3c429,2026-08-19T17:45:00Z,2026-08-19T19:45:00+0200,790.0,MW,NL,NL,forecast_solar_generation,Solar,2026-08-28T01:27:51Z
2026-08-28T01:22:45Z,2026-08-28T03:22:45+0200,fe344a24-22e0-4cc6-9f99-c4acdbe3c429,2026-08-19T18:00:00Z,2026-08-19T20:00:00+0200,607.0,MW,NL,NL,forecast_solar_generation,Solar,2026-08-28T01:27:51Z
2026-08-28T01:22:45Z,2026-08-28T03:22:45+0200,fe344a24-22e0-4cc6-9f99-c4acdbe3c429,2026-08-19T18:15:00Z,2026-08-19T20:15:00+0200,463.0,MW,NL,NL,forecast_solar_generation,Solar,2026-08-28T01:27:51Z
2026-08-28T01:22:45Z,2026-08-28T03:22:45+0200,fe344a24-22e0-4cc6-9f99-c4acdbe3c429,2026-08-19T18:30:00Z,2026-08-19T20:30:00+0200,321.0,MW,NL,NL,forecast_solar_generation,Solar,2026-08-28T01:27:51Z
2026-08-28T01:22:45Z,2026-08-28T03:22:45+0200,fe344a24-22e0-4cc6-9f99-c4acdbe3c429,2026-08-19T18:45:00Z,2026-08-19T20:45:00+0200,178.0,MW,NL,NL,forecast_solar_generation,Solar,2026-08-28T01:27:51Z
2026-08-28T01:22:45Z,2026-08-28T03:22:45+0200,fe344a24-22e0-4cc6-9f99-c4acdbe3c429,2026-08-19T19:00:00Z,2026-08-19T21:00:00+0200,36.0,MW,NL,NL,forecast_solar_generation,Solar,2026-08-28T01:27:51Z
2026-08-28T01:22:45Z,2026-08-28T03:22:45+0200,fe344a24-22e0-4cc6-9f99-c4acdbe3c429,2026-08-19T19:15:00Z,2026-08-19T21:15:00+0200,28.0,MW,NL,NL,forecast_solar_generation,Solar,2026-08-28T01:27:51Z
2026-08-28T01:22:45Z,2026-08-28T03:22:45+0200,fe344a24-22e0-4cc6-9f99-c4acdbe3c429,2026-08-19T19:30:00Z,2026-08-19T21:30:00+0200,18.0,MW,NL,NL,forecast_solar_generation,Solar,2026-08-28T01:27:51Z
2026-08-28T01:22:45Z,2026-08-28T03:22:45+0200,fe344a24-22e0-4cc6-9f99-c4acdbe3c429,2026-08-19T19:45:00Z,2026-08-19T21:45:00+0200,8.0,MW,NL,NL,forecast_solar_generation,Solar,2026-08-28T01:27:51Z
2026-08-28T01:22:45Z,2026-08-28T03:22:45+0200,fe344a24-22e0-4cc6-9f99-c4acdbe3c429,2026-08-19T20:00:00Z,2026-08-19T22:00:00+0200,0.0,MW,NL,NL,forecast_solar_generation,Solar,2026-08-28T01:27:51Z
2026-08-28T01:22:45Z,2026-08-28T03:22:45+0200,fe344a24-22e0-4cc6-9f99-c4acdbe3c429,2026-08-19T20:15:00Z,2026-08-19T22:15:00+0200,0.0,MW,NL,NL,forecast_solar_generation,Solar,2026-08-28T01:27:51Z
2026-08-28T01:22:45Z,2026-08-28T03:22:45+0200,fe344a24-22e0-4cc6-9f99-c4acdbe3c429,2026-08-19T20:30:00Z,2026-08-19T22:30:00+0200,0.0,MW,NL,NL,forecast_solar_generation,Solar,2026-08-28T01:27:51Z
2026-08-28T01:22:45Z,2026-08-28T03:22:45+0200,fe344a24-22e0-4cc6-9f99-c4acdbe3c429,2026-08-19T20:45:00Z,2026-08-19T22:45:00+0200,0.0,MW,NL,NL,forecast_solar_generation,Solar,2026-08-28T01:27:51Z
2026-08-28T01:22:45Z,2026-08-28T03:22:45+0200,fe344a24-22e0-4cc6-9f99-c4acdbe3c429,2026-08-19T21:00:00Z,2026-08-19T23:00:00+0200,0.0,MW,NL,NL,forecast_solar_generation,Solar,2026-08-28T01:27:51Z
2026-08-28T01:22:45Z,2026-08-28T03:22:45+0200,fe344a24-22e0-4cc6-9f99-c4acdbe3c429,2026-08-19T21:15:00Z,2026-08-19T23:15:00+0200,0.0,MW,NL,NL,forecast_solar_generation,Solar,2026-08-28T01:27:51Z
2026-08-28T01:22:45Z,2026-08-28T03:22:45+0200,fe344a24-22e0-4cc6-9f99-c4acdbe3c429,2026-08-19T21:30:00Z,2026-08-19T23:30:00+0200,0.0,MW,NL,NL,forecast_solar_generation,Solar,2026-08-28T01:27:51Z
2026-08-28T01:22:45Z,2026-08-28T03:22:45+0200,fe344a24-22e0-4cc6-9f99-c4acdbe3c429,2026-08-19T21:45:00Z,2026-08-19T23:45:00+0200,0.0,MW,NL,NL,forecast_solar_generation,Solar,2026-08-28T01:27:51Z
2026-08-28T01:22:45Z,2026-08-28T03:22:45+0200,fe344a24-22e0-4cc6-9f99-c4acdbe3c429,2026-08-19T22:00:00Z,2026-08-20T00:00:00+0200,0.0,MW,NL,NL,forecast_solar_generation,Solar,2026-08-28T01:27:51Z
2026-08-28T01:22:45Z,2026-08-28T03:22:45+0200,fe344a24-22e0-4cc6-9f99-c4acdbe3c429,2026-08-19T22:15:00Z,2026-08-20T00:15:00+0200,0.0,MW,NL,NL,forecast_solar_generation,Solar,2026-08-28T01:27:51Z
2026-08-28T01:22:45Z,2026-08-28T03:22:45+0200,fe344a24-22e0-4cc6-9f99-c4acdbe3c429,2026-08-19T22:30:00Z,2026-08-20T00:30:00+0200,0.0,MW,NL,NL,forecast_solar_generation,Solar,2026-08-28T01:27:51Z
2026-08-28T01:22:45Z,2026-08-28T03:22:45+0200,fe344a24-22e0-4cc6-9f99-c4acdbe3c429,2026-08-19T22:45:00Z,2026-08-20T00:45:00+0200,0.0,MW,NL,NL,forecast_solar_generation,Solar,2026-08-28T01:27:51Z
2026-08-28T01:22:45Z,2026-08-28T03:22:45+0200,fe344a24-22e0-4cc6-9f99-c4acdbe3c429,2026-08-19T23:00:00Z,2026-08-20T01:00:00+0200,0.0,MW,NL,NL,forecast_solar_generation,Solar,2026-08-28T01:27:51Z
2026-08-28T01:22:45Z,2026-08-28T03:22:45+0200,fe344a24-22e0-4cc6-9f99-c4acdbe3c429,2026-08-19T23:15:00Z,2026-08-20T01:15:00+0200,0.0,MW,NL,NL,forecast_solar_generation,Solar,2026-08-28T01:27:51Z
2026-08-28T01:22:45Z,2026-08-28T03:22:45+0200,fe344a24-22e0-4cc6-9f99-c4acdbe3c429,2026-08-19T23:30:00Z,2026-08-20T01:30:00+0200,0.0,MW,NL,NL,forecast_solar_generation,Solar,2026-08-28T01:27:51Z
2026-08-28T01:22:45Z,2026-08-28T03:22:45+0200,fe344a24-22e0-4cc6-9f99-c4acdbe3c429,2026-08-19T23:45:00Z,2026-08-20T01:45:00+0200,0.0,MW,NL,NL,forecast_solar_generation,Solar,2026-08-28T01:27:51Z
2026-08-28T01:22:45Z,2026-08-28T03:22:45+0200,fe344a24-22e0-4cc6-9f99-c4acdbe3c429,2026-08-20T00:00:00Z,2026-08-20T02:00:00+0200,0.0,MW,NL,NL,forecast_solar_generation,Solar,2026-08-28T01:27:51Z
2026-08-28T01:22:45Z,2026-08-28T03:22:45+0200,fe344a24-22e0-4cc6-9f99-c4acdbe3c429,2026-08-20T00:15:00Z,2026-08-20T02:15:00+0200,0.0,MW,NL,NL,forecast_solar_generation,Solar,2026-08-28T01:27:51Z
2026-08-28T01:22:45Z,2026-08-28T03:22:45+0200,fe344a24-22e0-4cc6-9f99-c4acdbe3c429,2026-08-20T00:30:00Z,2026-08-20T02:30:00+0200,0.0,MW,NL,NL,forecast_solar_generation,Solar,2026-08-28T01:27:51Z
2026-08-28T01:22:45Z,2026-08-28T03:22:45+0200,fe344a24-22e0-4cc6-9f99-c4acdbe3c429,2026-08-20T00:45:00Z,2026-08-20T02:45:00+0200,0.0,MW,NL,NL,forecast_solar_generation,Solar,2026-08-28T01:27:51Z
2026-08-28T01:22:45Z,2026-08-28T03:22:45+0200,fe344a24-22e0-4cc6-9f99-c4acdbe3c429,2026-08-20T01:00:00Z,2026-08-20T03:00:00+0200,0.0,MW,NL,NL,forecast_solar_generation,Solar,2026-08-28T01:27:51Z
2026-08-28T01:22:45Z,2026-08-28T03:22:45+0200,fe344a24-22e0-4cc6-9f99-c4acdbe3c429,2026-08-20T01:15:00Z,2026-08-20T03:15:00+0200,0.0,MW,NL,NL,forecast_solar_generation,Solar,2026-08-28T01:27:51Z
2026-08-28T01:22:45Z,2026-08-28T03:22:45+0200,fe344a24-22e0-4cc6-9f99-c4acdbe3c429,2026-08-20T01:30:00Z,2026-08-20T03:30:00+0200,0.0,MW,NL,NL,forecast_solar_generation,Solar,2026-08-28T01:27:51Z
2026-08-28T01:22:45Z,2026-08-28T03:22:45+0200,fe344a24-22e0-4cc6-9f99-c4acdbe3c429,2026-08-20T01:45:00Z,2026-08-20T03:45:00+0200,0.0,MW,NL,NL,forecast_solar_generation,Solar,2026-08-28T01:27:51Z
2026-08-28T01:22:45Z,2026-08-28T03:22:45+0200,fe344a24-22e0-4cc6-9f99-c4acdbe3c429,2026-08-20T02:00:00Z,2026-08-20T04:00:00+0200,0.0,MW,NL,NL,forecast_solar_generation,Solar,2026-08-28T01:27:51Z
2026-08-28T01:22:45Z,2026-08-28T03:22:45+0200,fe344a24-22e0-4cc6-9f99-c4acdbe3c429,2026-08-20T02:15:00Z,2026-08-20T04:15:00+0200,0.0,MW,NL,NL,forecast_solar_generation,Solar,2026-08-28T01:27:51Z
2026-08-28T01:22:45Z,2026-08-28T03:22:45+0200,fe344a24-22e0-4cc6-9f99-c4acdbe3c429,2026-08-20T02:30:00Z,2026-08-20T04:30:00+0200,0.0,MW,NL,NL,forecast_solar_generation,Solar,2026-08-28T01:27:51Z
2026-08-28T01:22:45Z,2026-08-28T03:22:45+0200,fe344a24-22e0-4cc6-9f99-c4acdbe3c429,2026-08-20T02:45:00Z,2026-08-20T04:45:00+0200,0.0,MW,NL,NL,forecast_solar_generation,Solar,2026-08-28T01:27:51Z
2026-08-28T01:22:45Z,2026-08-28T03:22:45+0200,fe344a24-22e0-4cc6-9f99-c4acdbe3c429,2026-08-20T03:00:00Z,2026-08-20T05:00:00+0200,0.0,MW,NL,NL,forecast_solar_generation,Solar,2026-08-28T01:27:51Z
2026-08-28T01:22:45Z,2026-08-28T03:22:45+0200,fe344a24-22e0-4cc6-9f99-c4acdbe3c429,2026-08-20T03:15:00Z,2026-08-20T05:15:00+0200,0.0,MW,NL,NL,forecast_solar_generation,Solar,2026-08-28T01:27:51Z
2026-08-28T01:22:45Z,2026-08-28T03:22:45+0200,fe344a24-22e0-4cc6-9f99-c4acdbe3c429,2026-08-20T03:30:00Z,2026-08-20T05:30:00+0200,0.0,MW,NL,NL,forecast_solar_generation,Solar,2026-08-28T01:27:51Z
2026-08-28T01:22:45Z,2026-08-28T03:22:45+0200,fe344a24-22e0-4cc6-9f99-c4acdbe3c429,2026-08-20T03:45:00Z,2026-08-20T05:45:00+0200,0.0,MW,NL,NL,forecast_solar_generation,Solar,2026-08-28T01:27:51Z
2026-08-28T01:22:45Z,2026-08-28T03:22:45+0200,fe344a24-22e0-4cc6-9f99-c4acdbe3c429,2026-08-20T04:00:00Z,2026-08-20T06:00:00+0200,0.0,MW,NL,NL,forecast_solar_generation,Solar,2026-08-28T01:27:51Z
2026-08-28T01:22:45Z,2026-08-28T03:22:45+0200,fe344a24-22e0-4cc6-9f99-c4acdbe3c429,2026-08-20T04:15:00Z,2026-08-20T06:15:00+0200,0.0,MW,NL,NL,forecast_solar_generation,Solar,2026-08-28T01:27:51Z
2026-08-28T01:22:45Z,2026-08-28T03:22:45+0200,fe344a24-22e0-4cc6-9f99-c4acdbe3c429,2026-08-20T04:30:00Z,2026-08-20T06:30:00+0200,4.0,MW,NL,NL,forecast_solar_generation,Solar,2026-08-28T01:27:51Z
2026-08-28T01:22:45Z,2026-08-28T03:22:45+0200,fe344a24-22e0-4cc6-9f99-c4acdbe3c429,2026-08-20T04:45:00Z,2026-08-20T06:45:00+0200,6.0,MW,NL,NL,forecast_solar_generation,Solar,2026-08-28T01:27:51Z
2026-08-28T01:22:45Z,2026-08-28T03:22:45+0200,fe344a24-22e0-4cc6-9f99-c4acdbe3c429,2026-08-20T05:00:00Z,2026-08-20T07:00:00+0200,7.0,MW,NL,NL,forecast_solar_generation,Solar,2026-08-28T01:27:51Z
2026-08-28T01:22:45Z,2026-08-28T03:22:45+0200,fe344a24-22e0-4cc6-9f99-c4acdbe3c429,2026-08-20T05:15:00Z,2026-08-20T07:15:00+0200,89.0,MW,NL,NL,forecast_solar_generation,Solar,2026-08-28T01:27:51Z
2026-08-28T01:22:45Z,2026-08-28T03:22:45+0200,fe344a24-22e0-4cc6-9f99-c4acdbe3c429,2026-08-20T05:30:00Z,2026-08-20T07:30:00+0200,170.0,MW,NL,NL,forecast_solar_generation,Solar,2026-08-28T01:27:51Z
2026-08-28T01:22:45Z,2026-08-28T03:22:45+0200,fe344a24-22e0-4cc6-9f99-c4acdbe3c429,2026-08-20T05:45:00Z,2026-08-20T07:45:00+0200,250.0,MW,NL,NL,forecast_solar_generation,Solar,2026-08-28T01:27:51Z
2026-08-28T01:22:45Z,2026-08-28T03:22:45+0200,fe344a24-22e0-4cc6-9f99-c4acdbe3c429,2026-08-20T06:00:00Z,2026-08-20T08:00:00+0200,331.0,MW,NL,NL,forecast_solar_generation,Solar,2026-08-28T01:27:51Z
2026-08-28T01:22:45Z,2026-08-28T03:22:45+0200,fe344a24-22e0-4cc6-9f99-c4acdbe3c429,2026-08-20T06:15:00Z,2026-08-20T08:15:00+0200,515.0,MW,NL,NL,forecast_solar_generation,Solar,2026-08-28T01:27:51Z
2026-08-28T01:22:45Z,2026-08-28T03:22:45+0200,fe344a24-22e0-4cc6-9f99-c4acdbe3c429,2026-08-20T06:30:00Z,2026-08-20T08:30:00+0200,697.0,MW,NL,NL,forecast_solar_generation,Solar,2026-08-28T01:27:51Z
2026-08-28T01:22:45Z,2026-08-28T03:22:45+0200,fe344a24-22e0-4cc6-9f99-c4acdbe3c429,2026-08-20T06:45:00Z,2026-08-20T08:45:00+0200,880.0,MW,NL,NL,forecast_solar_generation,Solar,2026-08-28T01:27:51Z
2026-08-28T01:22:45Z,2026-08-28T03:22:45+0200,fe344a24-22e0-4cc6-9f99-c4acdbe3c429,2026-08-20T07:00:00Z,2026-08-20T09:00:00+0200,1063.0,MW,NL,NL,forecast_solar_generation,Solar,2026-08-28T01:27:51Z
2026-08-28T01:22:45Z,2026-08-28T03:22:45+0200,fe344a24-22e0-4cc6-9f99-c4acdbe3c429,2026-08-20T07:15:00Z,2026-08-20T09:15:00+0200,1269.0,MW,NL,NL,forecast_solar_generation,Solar,2026-08-28T01:27:51Z
2026-08-28T01:22:45Z,2026-08-28T03:22:45+0200,fe344a24-22e0-4cc6-9f99-c4acdbe3c429,2026-08-20T07:30:00Z,2026-08-20T09:30:00+0200,1475.0,MW,NL,NL,forecast_solar_generation,Solar,2026-08-28T01:27:51Z
2026-08-28T01:22:45Z,2026-08-28T03:22:45+0200,fe344a24-22e0-4cc6-9f99-c4acdbe3c429,2026-08-20T07:45:00Z,2026-08-20T09:45:00+0200,1684.0,MW,NL,NL,forecast_solar_generation,Solar,2026-08-28T01:27:51Z
2026-08-28T01:22:45Z,2026-08-28T03:22:45+0200,fe344a24-22e0-4cc6-9f99-c4acdbe3c429,2026-08-20T08:00:00Z,2026-08-20T10:00:00+0200,1893.0,MW,NL,NL,forecast_solar_generation,Solar,2026-08-28T01:27:51Z
2026-08-28T01:22:45Z,2026-08-28T03:22:45+0200,fe344a24-22e0-4cc6-9f99-c4acdbe3c429,2026-08-20T08:15:00Z,2026-08-20T10:15:00+0200,2082.0,MW,NL,NL,forecast_solar_generation,Solar,2026-08-28T01:27:51Z
2026-08-28T01:22:45Z,2026-08-28T03:22:45+0200,fe344a24-22e0-4cc6-9f99-c4acdbe3c429,2026-08-20T08:30:00Z,2026-08-20T10:30:00+0200,2274.0,MW,NL,NL,forecast_solar_generation,Solar,2026-08-28T01:27:51Z
2026-08-28T01:22:45Z,2026-08-28T03:22:45+0200,fe344a24-22e0-4cc6-9f99-c4acdbe3c429,2026-08-20T08:45:00Z,2026-08-20T10:45:00+0200,2463.0,MW,NL,NL,forecast_solar_generation,Solar,2026-08-28T01:27:51Z
2026-08-28T01:22:45Z,2026-08-28T03:22:45+0200,fe344a24-22e0-4cc6-9f99-c4acdbe3c429,2026-08-20T09:00:00Z,2026-08-20T11:00:00+0200,2657.0,MW,NL,NL,forecast_solar_generation,Solar,2026-08-28T01:27:51Z
2026-08-28T01:22:45Z,2026-08-28T03:22:45+0200,fe344a24-22e0-4cc6-9f99-c4acdbe3c429,2026-08-20T09:15:00Z,2026-08-20T11:15:00+0200,2756.0,MW,NL,NL,forecast_solar_generation,Solar,2026-08-28T01:27:51Z
2026-08-28T01:22:45Z,2026-08-28T03:22:45+0200,fe344a24-22e0-4cc6-9f99-c4acdbe3c429,2026-08-20T09:30:00Z,2026-08-20T11:30:00+0200,2855.0,MW,NL,NL,forecast_solar_generation,Solar,2026-08-28T01:27:51Z
2026-08-28T01:22:45Z,2026-08-28T03:22:45+0200,fe344a24-22e0-4cc6-9f99-c4acdbe3c429,2026-08-20T09:45:00Z,2026-08-20T11:45:00+0200,2956.0,MW,NL,NL,forecast_solar_generation,Solar,2026-08-28T01:27:51Z
2026-08-28T01:22:45Z,2026-08-28T03:22:45+0200,fe344a24-22e0-4cc6-9f99-c4acdbe3c429,2026-08-20T10:00:00Z,2026-08-20T12:00:00+0200,3057.0,MW,NL,NL,forecast_solar_generation,Solar,2026-08-28T01:27:51Z
2026-08-28T01:22:45Z,2026-08-28T03:22:45+0200,fe344a24-22e0-4cc6-9f99-c4acdbe3c429,2026-08-20T10:15:00Z,2026-08-20T12:15:00+0200,3156.0,MW,NL,NL,forecast_solar_generation,Solar,2026-08-28T01:27:51Z
2026-08-28T01:22:45Z,2026-08-28T03:22:45+0200,fe344a24-22e0-4cc6-9f99-c4acdbe3c429,2026-08-20T10:30:00Z,2026-08-20T12:30:00+0200,3252.0,MW,NL,NL,forecast_solar_generation,Solar,2026-08-28T01:27:51Z
2026-08-28T01:22:45Z,2026-08-28T03:22:45+0200,fe344a24-22e0-4cc6-9f99-c4acdbe3c429,2026-08-20T10:45:00Z,2026-08-20T12:45:00+0200,3350.0,MW,NL,NL,forecast_solar_generation,Solar,2026-08-28T01:27:51Z
2026-08-28T01:22:45Z,2026-08-28T03:22:45+0200,fe344a24-22e0-4cc6-9f99-c4acdbe3c429,2026-08-20T11:00:00Z,2026-08-20T13:00:00+0200,3447.0,MW,NL,NL,forecast_solar_generation,Solar,2026-08-28T01:27:51Z
2026-08-28T01:22:45Z,2026-08-28T03:22:45+0200,fe344a24-22e0-4cc6-9f99-c4acdbe3c429,2026-08-20T11:15:00Z,2026-08-20T13:15:00+0200,3486.0,MW,NL,NL,forecast_solar_generation,Solar,2026-08-28T01:27:51Z
2026-08-28T01:22:45Z,2026-08-28T03:22:45+0200,fe344a24-22e0-4cc6-9f99-c4acdbe3c429,2026-08-20T11:30:00Z,2026-08-20T13:30:00+0200,3528.0,MW,NL,NL,forecast_solar_generation,Solar,2026-08-28T01:27:51Z
2026-08-28T01:22:45Z,2026-08-28T03:22:45+0200,fe344a24-22e0-4cc6-9f99-c4acdbe3c429,2026-08-20T11:45:00Z,2026-08-20T13:45:00+0200,3569.0,MW,NL,NL,forecast_solar_generation,Solar,2026-08-28T01:27:51Z
2026-08-28T01:22:45Z,2026-08-28T03:22:45+0200,fe344a24-22e0-4cc6-9f99-c4acdbe3c429,2026-08-20T12:00:00Z,2026-08-20T14:00:00+0200,3609.0,MW,NL,NL,forecast_solar_generation,Solar,2026-08-28T01:27:51Z
2026-08-28T01:22:45Z,2026-08-28T03:22:45+0200,fe344a24-22e0-4cc6-9f99-c4acdbe3c429,2026-08-20T12:15:00Z,2026-08-20T14:15:00+0200,3561.0,MW,NL,NL,forecast_solar_generation,Solar,2026-08-28T01:27:51Z
2026-08-28T01:22:45Z,2026-08-28T03:22:45+0200,fe344a24-22e0-4cc6-9f99-c4acdbe3c429,2026-08-20T12:30:00Z,2026-08-20T14:30:00+0200,3515.0,MW,NL,NL,forecast_solar_generation,Solar,2026-08-28T01:27:51Z
2026-08-28T01:22:45Z,2026-08-28T03:22:45+0200,fe344a24-22e0-4cc6-9f99-c4acdbe3c429,2026-08-20T12:45:00Z,2026-08-20T14:45:00+0200,3468.0,MW,NL,NL,forecast_solar_generation,Solar,2026-08-28T01:27:51Z
2026-08-28T01:22:45Z,2026-08-28T03:22:45+0200,fe344a24-22e0-4cc6-9f99-c4acdbe3c429,2026-08-20T13:00:00Z,2026-08-20T15:00:00+0200,3421.0,MW,NL,NL,forecast_solar_generation,Solar,2026-08-28T01:27:51Z
2026-08-28T01:22:45Z,2026-08-28T03:22:45+0200,fe344a24-22e0-4cc6-9f99-c4acdbe3c429,2026-08-20T13:15:00Z,2026-08-20T15:15:00+0200,3346.0,MW,NL,NL,forecast_solar_generation,Solar,2026-08-28T01:27:51Z
2026-08-28T01:22:45Z,2026-08-28T03:22:45+0200,fe344a24-22e0-4cc6-9f99-c4acdbe3c429,2026-08-20T13:30:00Z,2026-08-20T15:30:00+0200,3269.0,MW,NL,NL,forecast_solar_generation,Solar,2026-08-28T01:27:51Z
2026-08-28T01:22:45Z,2026-08-28T03:22:45+0200,fe344a24-22e0-4cc6-9f99-c4acdbe3c429,2026-08-20T13:45:00Z,2026-08-20T15:45:00+0200,3196.0,MW,NL,NL,forecast_solar_generation,Solar,2026-08-28T01:27:51Z
2026-08-28T01:22:45Z,2026-08-28T03:22:45+0200,fe344a24-22e0-4cc6-9f99-c4acdbe3c429,2026-08-20T14:00:00Z,2026-08-20T16:00:00+0200,3121.0,MW,NL,NL,forecast_solar_generation,Solar,2026-08-28T01:27:51Z
2026-08-28T01:22:45Z,2026-08-28T03:22:45+0200,fe344a24-22e0-4cc6-9f99-c4acdbe3c429,2026-08-20T14:15:00Z,2026-08-20T16:15:00+0200,2995.0,MW,NL,NL,forecast_solar_generation,Solar,2026-08-28T01:27:51Z
2026-08-28T01:22:45Z,2026-08-28T03:22:45+0200,fe344a24-22e0-4cc6-9f99-c4acdbe3c429,2026-08-20T14:30:00Z,2026-08-20T16:30:00+0200,2871.0,MW,NL,NL,forecast_solar_generation,Solar,2026-08-28T01:27:51Z
2026-08-28T01:22:45Z,2026-08-28T03:22:45+0200,fe344a24-22e0-4cc6-9f99-c4acdbe3c429,2026-08-20T14:45:00Z,2026-08-20T16:45:00+0200,2745.0,MW,NL,NL,forecast_solar_generation,Solar,2026-08-28T01:27:51Z
2026-08-28T01:22:45Z,2026-08-28T03:22:45+0200,fe344a24-22e0-4cc6-9f99-c4acdbe3c429,2026-08-20T15:00:00Z,2026-08-20T17:00:00+0200,2620.0,MW,NL,NL,forecast_solar_generation,Solar,2026-08-28T01:27:51Z
2026-08-28T01:22:45Z,2026-08-28T03:22:45+0200,fe344a24-22e0-4cc6-9f99-c4acdbe3c429,2026-08-20T15:15:00Z,2026-08-20T17:15:00+0200,2529.0,MW,NL,NL,forecast_solar_generation,Solar,2026-08-28T01:27:51Z
2026-08-28T01:22:45Z,2026-08-28T03:22:45+0200,fe344a24-22e0-4cc6-9f99-c4acdbe3c429,2026-08-20T15:30:00Z,2026-08-20T17:30:00+0200,2441.0,MW,NL,NL,forecast_solar_generation,Solar,2026-08-28T01:27:51Z
2026-08-28T01:22:45Z,2026-08-28T03:22:45+0200,fe344a24-22e0-4cc6-9f99-c4acdbe3c429,2026-08-20T15:45:00Z,2026-08-20T17:45:00+0200,2350.0,MW,NL,NL,forecast_solar_generation,Solar,2026-08-28T01:27:51Z
2026-08-28T01:22:45Z,2026-08-28T03:22:45+0200,fe344a24-22e0-4cc6-9f99-c4acdbe3c429,2026-08-20T16:00:00Z,2026-08-20T18:00:00+0200,2260.0,MW,NL,NL,forecast_solar_generation,Solar,2026-08-28T01:27:51Z
2026-08-28T01:22:45Z,2026-08-28T03:22:45+0200,fe344a24-22e0-4cc6-9f99-c4acdbe3c429,2026-08-20T16:15:00Z,2026-08-20T18:15:00+0200,2046.0,MW,NL,NL,forecast_solar_generation,Solar,2026-08-28T01:27:51Z
2026-08-28T01:22:45Z,2026-08-28T03:22:45+0200,fe344a24-22e0-4cc6-9f99-c4acdbe3c429,2026-08-20T16:30:00Z,2026-08-20T18:30:00+0200,1834.0,MW,NL,NL,forecast_solar_generation,Solar,2026-08-28T01:27:51Z
2026-08-28T01:22:45Z,2026-08-28T03:22:45+0200,fe344a24-22e0-4cc6-9f99-c4acdbe3c429,2026-08-20T16:45:00Z,2026-08-20T18:45:00+0200,1623.0,MW,NL,NL,forecast_solar_generation,Solar,2026-08-28T01:27:51Z
2026-08-28T01:22:45Z,2026-08-28T03:22:45+0200,fe344a24-22e0-4cc6-9f99-c4acdbe3c429,2026-08-20T17:00:00Z,2026-08-20T19:00:00+0200,1408.0,MW,NL,NL,forecast_solar_generation,Solar,2026-08-28T01:27:51Z
2026-08-28T01:22:45Z,2026-08-28T03:22:45+0200,fe344a24-22e0-4cc6-9f99-c4acdbe3c429,2026-08-20T17:15:00Z,2026-08-20T19:15:00+0200,1212.0,MW,NL,NL,forecast_solar_generation,Solar,2026-08-28T01:27:51Z
2026-08-28T01:22:45Z,2026-08-28T03:22:45+0200,fe344a24-22e0-4cc6-9f99-c4acdbe3c429,2026-08-20T17:30:00Z,2026-08-20T19:30:00+0200,1017.0,MW,NL,NL,forecast_solar_generation,Solar,2026-08-28T01:27:51Z
2026-08-28T01:22:45Z,2026-08-28T03:22:45+0200,fe344a24-22e0-4cc6-9f99-c4acdbe3c429,2026-08-20T17:45:00Z,2026-08-20T19:45:00+0200,820.0,MW,NL,NL,forecast_solar_generation,Solar,2026-08-28T01:27:51Z
2026-08-28T01:22:45Z,2026-08-28T03:22:45+0200,fe344a24-22e0-4cc6-9f99-c4acdbe3c429,2026-08-20T18:00:00Z,2026-08-20T20:00:00+0200,625.0,MW,NL,NL,forecast_solar_generation,Solar,2026-08-28T01:27:51Z
2026-08-28T01:22:45Z,2026-08-28T03:22:45+0200,fe344a24-22e0-4cc6-9f99-c4acdbe3c429,2026-08-20T18:15:00Z,2026-08-20T20:15:00+0200,478.0,MW,NL,NL,forecast_solar_generation,Solar,2026-08-28T01:27:51Z
2026-08-28T01:22:45Z,2026-08-28T03:22:45+0200,fe344a24-22e0-4cc6-9f99-c4acdbe3c429,2026-08-20T18:30:00Z,2026-08-20T20:30:00+0200,327.0,MW,NL,NL,forecast_solar_generation,Solar,2026-08-28T01:27:51Z
2026-08-28T01:22:45Z,2026-08-28T03:22:45+0200,fe344a24-22e0-4cc6-9f99-c4acdbe3c429,2026-08-20T18:45:00Z,2026-08-20T20:45:00+0200,179.0,MW,NL,NL,forecast_solar_generation,Solar,2026-08-28T01:27:51Z
2026-08-28T01:22:45Z,2026-08-28T03:22:45+0200,fe344a24-22e0-4cc6-9f99-c4acdbe3c429,2026-08-20T19:00:00Z,2026-08-20T21:00:00+0200,33.0,MW,NL,NL,forecast_solar_generation,Solar,2026-08-28T01:27:51Z
2026-08-28T01:22:45Z,2026-08-28T03:22:45+0200,fe344a24-22e0-4cc6-9f99-c4acdbe3c429,2026-08-20T19:15:00Z,2026-08-20T21:15:00+0200,25.0,MW,NL,NL,forecast_solar_generation,Solar,2026-08-28T01:27:51Z
2026-08-28T01:22:45Z,2026-08-28T03:22:45+0200,fe344a24-22e0-4cc6-9f99-c4acdbe3c429,2026-08-20T19:30:00Z,2026-08-20T21:30:00+0200,15.0,MW,NL,NL,forecast_solar_generation,Solar,2026-08-28T01:27:51Z
2026-08-28T01:22:45Z,2026-08-28T03:22:45+0200,fe344a24-22e0-4cc6-9f99-c4acdbe3c429,2026-08-20T19:45:00Z,2026-08-20T21:45:00+0200,6.0,MW,NL,NL,forecast_solar_generation,Solar,2026-08-28T01:27:51Z
2026-08-28T01:22:45Z,2026-08-28T03:22:45+0200,fe344a24-22e0-4cc6-9f99-c4acdbe3c429,2026-08-20T20:00:00Z,2026-08-20T22:00:00+0200,0.0,MW,NL,NL,forecast_solar_generation,Solar,2026-08-28T01:27:51Z
2026-08-28T01:22:45Z,2026-08-28T03:22:45+0200,fe344a24-22e0-4cc6-9f99-c4acdbe3c429,2026-08-20T20:15:00Z,2026-08-20T22:15:00+0200,0.0,MW,NL,NL,forecast_solar_generation,Solar,2026-08-28T01:27:51Z
2026-08-28T01:22:45Z,2026-08-28T03:22:45+0200,fe344a24-22e0-4cc6-9f99-c4acdbe3c429,2026-08-20T20:30:00Z,2026-08-20T22:30:00+0200,0.0,MW,NL,NL,forecast_solar_generation,Solar,2026-08-28T01:27:51Z
2026-08-28T01:22:45Z,2026-08-28T03:22:45+0200,fe344a24-22e0-4cc6-9f99-c4acdbe3c429,2026-08-20T20:45:00Z,2026-08-20T22:45:00+0200,0.0,MW,NL,NL,forecast_solar_generation,Solar,2026-08-28T01:27:51Z
2026-08-28T01:22:45Z,2026-08-28T03:22:45+0200,fe344a24-22e0-4cc6-9f99-c4acdbe3c429,2026-08-20T21:00:00Z,2026-08-20T23:00:00+0200,0.0,MW,NL,NL,forecast_solar_generation,Solar,2026-08-28T01:27:51Z
2026-08-28T01:22:45Z,2026-08-28T03:22:45+0200,fe344a24-22e0-4cc6-9f99-c4acdbe3c429,2026-08-20T21:15:00Z,2026-08-20T23:15:00+0200,0.0,MW,NL,NL,forecast_solar_generation,Solar,2026-08-28T01:27:51Z
2026-08-28T01:22:45Z,2026-08-28T03:22:45+0200,fe344a24-22e0-4cc6-9f99-c4acdbe3c429,2026-08-20T21:30:00Z,2026-08-20T23:30:00+0200,0.0,MW,NL,NL,forecast_solar_generation,Solar,2026-08-28T01:27:51Z
2026-08-28T01:22:45Z,2026-08-28T03:22:45+0200,fe344a24-22e0-4cc6-9f99-c4acdbe3c429,2026-08-20T21:45:00Z,2026-08-20T23:45:00+0200,0.0,MW,NL,NL,forecast_solar_generation,Solar,2026-08-28T01:27:51Z
2026-08-28T01:22:45Z,2026-08-28T03:22:45+0200,fe344a24-22e0-4cc6-9f99-c4acdbe3c429,2026-08-20T22:00:00Z,2026-08-21T00:00:00+0200,0.0,MW,NL,NL,forecast_solar_generation,Solar,2026-08-28T01:27:51Z
2026-08-28T01:22:45Z,2026-08-28T03:22:45+0200,fe344a24-22e0-4cc6-9f99-c4acdbe3c429,2026-08-20T22:15:00Z,2026-08-21T00:15:00+0200,0.0,MW,NL,NL,forecast_solar_generation,Solar,2026-08-28T01:27:51Z
2026-08-28T01:22:45Z,2026-08-28T03:22:45+0200,fe344a24-22e0-4cc6-9f99-c4acdbe3c429,2026-08-20T22:30:00Z,2026-08-21T00:30:00+0200,0.0,MW,NL,NL,forecast_solar_generation,Solar,2026-08-28T01:27:51Z
2026-08-28T01:22:45Z,2026-08-28T03:22:45+0200,fe344a24-22e0-4cc6-9f99-c4acdbe3c429,2026-08-20T22:45:00Z,2026-08-21T00:45:00+0200,0.0,MW,NL,NL,forecast_solar_generation,Solar,2026-08-28T01:27:51Z
2026-08-28T01:22:45Z,2026-08-28T03:22:45+0200,fe344a24-22e0-4cc6-9f99-c4acdbe3c429,2026-08-20T23:00:00Z,2026-08-21T01:00:00+0200,0.0,MW,NL,NL,forecast_solar_generation,Solar,2026-08-28T01:27:51Z
2026-08-28T01:22:45Z,2026-08-28T03:22:45+0200,fe344a24-22e0-4cc6-9f99-c4acdbe3c429,2026-08-20T23:15:00Z,2026-08-21T01:15:00+0200,0.0,MW,NL,NL,forecast_solar_generation,Solar,2026-08-28T01:27:51Z
2026-08-28T01:22:45Z,2026-08-28T03:22:45+0200,fe344a24-22e0-4cc6-9f99-c4acdbe3c429,2026-08-20T23:30:00Z,2026-08-21T01:30:00+0200,0.0,MW,NL,NL,forecast_solar_generation,Solar,2026-08-28T01:27:51Z
2026-08-28T01:22:45Z,2026-08-28T03:22:45+0200,fe344a24-22e0-4cc6-9f99-c4acdbe3c429,2026-08-20T23:45:00Z,2026-08-21T01:45:00+0200,0.0,MW,NL,NL,forecast_solar_generation,Solar,2026-08-28T01:27:51Z
2026-08-28T01:22:45Z,2026-08-28T03:22:45+0200,fe344a24-22e0-4cc6-9f99-c4acdbe3c429,2026-08-21T00:00:00Z,2026-08-21T02:00:00+0200,0.0,MW,NL,NL,forecast_solar_generation,Solar,2026-08-28T01:27:51Z
2026-08-28T01:22:45Z,2026-08-28T03:22:45+0200,fe344a24-22e0-4cc6-9f99-c4acdbe3c429,2026-08-21T00:15:00Z,2026-08-21T02:15:00+0200,0.0,MW,NL,NL,forecast_solar_generation,Solar,2026-08-28T01:27:51Z
2026-08-28T01:22:45Z,2026-08-28T03:22:45+0200,fe344a24-22e0-4cc6-9f99-c4acdbe3c429,2026-08-21T00:30:00Z,2026-08-21T02:30:00+0200,0.0,MW,NL,NL,forecast_solar_generation,Solar,2026-08-28T01:27:51Z
2026-08-28T01:22:45Z,2026-08-28T03:22:45+0200,fe344a24-22e0-4cc6-9f99-c4acdbe3c429,2026-08-21T00:45:00Z,2026-08-21T02:45:00+0200,0.0,MW,NL,NL,forecast_solar_generation,Solar,2026-08-28T01:27:51Z
2026-08-28T01:22:45Z,2026-08-28T03:22:45+0200,fe344a24-22e0-4cc6-9f99-c4acdbe3c429,2026-08-21T01:00:00Z,2026-08-21T03:00:00+0200,0.0,MW,NL,NL,forecast_solar_generation,Solar,2026-08-28T01:27:51Z
2026-08-28T01:22:45Z,2026-08-28T03:22:45+0200,fe344a24-22e0-4cc6-9f99-c4acdbe3c429,2026-08-21T01:15:00Z,2026-08-21T03:15:00+0200,0.0,MW,NL,NL,forecast_solar_generation,Solar,2026-08-28T01:27:51Z
2026-08-28T01:22:45Z,2026-08-28T03:22:45+0200,fe344a24-22e0-4cc6-9f99-c4acdbe3c429,2026-08-21T01:30:00Z,2026-08-21T03:30:00+0200,0.0,MW,NL,NL,forecast_solar_generation,Solar,2026-08-28T01:27:51Z
2026-08-28T01:22:45Z,2026-08-28T03:22:45+0200,fe344a24-22e0-4cc6-9f99-c4acdbe3c429,2026-08-21T01:45:00Z,2026-08-21T03:45:00+0200,0.0,MW,NL,NL,forecast_solar_generation,Solar,2026-08-28T01:27:51Z
2026-08-28T01:22:45Z,2026-08-28T03:22:45+0200,fe344a24-22e0-4cc6-9f99-c4acdbe3c429,2026-08-21T02:00:00Z,2026-08-21T04:00:00+0200,0.0,MW,NL,NL,forecast_solar_generation,Solar,2026-08-28T01:27:51Z
2026-08-28T01:22:45Z,2026-08-28T03:22:45+0200,fe344a24-22e0-4cc6-9f99-c4acdbe3c429,2026-08-21T02:15:00Z,2026-08-21T04:15:00+0200,0.0,MW,NL,NL,forecast_solar_generation,Solar,2026-08-28T01:27:51Z
2026-08-28T01:22:45Z,2026-08-28T03:22:45+0200,fe344a24-22e0-4cc6-9f99-c4acdbe3c429,2026-08-21T02:30:00Z,2026-08-21T04:30:00+0200,0.0,MW,NL,NL,forecast_solar_generation,Solar,2026-08-28T01:27:51Z
2026-08-28T01:22:45Z,2026-08-28T03:22:45+0200,fe344a24-22e0-4cc6-9f99-c4acdbe3c429,2026-08-21T02:45:00Z,2026-08-21T04:45:00+0200,0.0,MW,NL,NL,forecast_solar_generation,Solar,2026-08-28T01:27:51Z
2026-08-28T01:22:45Z,2026-08-28T03:22:45+0200,fe344a24-22e0-4cc6-9f99-c4acdbe3c429,2026-08-21T03:00:00Z,2026-08-21T05:00:00+0200,0.0,MW,NL,NL,forecast_solar_generation,Solar,2026-08-28T01:27:51Z
2026-08-28T01:22:45Z,2026-08-28T03:22:45+0200,fe344a24-22e0-4cc6-9f99-c4acdbe3c429,2026-08-21T03:15:00Z,2026-08-21T05:15:00+0200,0.0,MW,NL,NL,forecast_solar_generation,Solar,2026-08-28T01:27:51Z
2026-08-28T01:22:45Z,2026-08-28T03:22:45+0200,fe344a24-22e0-4cc6-9f99-c4acdbe3c429,2026-08-21T03:30:00Z,2026-08-21T05:30:00+0200,0.0,MW,NL,NL,forecast_solar_generation,Solar,2026-08-28T01:27:51Z
2026-08-28T01:22:45Z,2026-08-28T03:22:45+0200,fe344a24-22e0-4cc6-9f99-c4acdbe3c429,2026-08-21T03:45:00Z,2026-08-21T05:45:00+0200,0.0,MW,NL,NL,forecast_solar_generation,Solar,2026-08-28T01:27:51Z
2026-08-28T01:22:45Z,2026-08-28T03:22:45+0200,fe344a24-22e0-4cc6-9f99-c4acdbe3c429,2026-08-21T04:00:00Z,2026-08-21T06:00:00+0200,0.0,MW,NL,NL,forecast_solar_generation,Solar,2026-08-28T01:27:51Z
2026-08-28T01:22:45Z,2026-08-28T03:22:45+0200,fe344a24-22e0-4cc6-9f99-c4acdbe3c429,2026-08-21T04:15:00Z,2026-08-21T06:15:00+0200,0.0,MW,NL,NL,forecast_solar_generation,Solar,2026-08-28T01:27:51Z
2026-08-28T01:22:45Z,2026-08-28T03:22:45+0200,fe344a24-22e0-4cc6-9f99-c4acdbe3c429,2026-08-21T04:30:00Z,2026-08-21T06:30:00+0200,2.0,MW,NL,NL,forecast_solar_generation,Solar,2026-08-28T01:27:51Z
2026-08-28T01:22:45Z,2026-08-28T03:22:45+0200,fe344a24-22e0-4cc6-9f99-c4acdbe3c429,2026-08-21T04:45:00Z,2026-08-21T06:45:00+0200,5.0,MW,NL,NL,forecast_solar_generation,Solar,2026-08-28T01:27:51Z
2026-08-28T01:22:45Z,2026-08-28T03:22:45+0200,fe344a24-22e0-4cc6-9f99-c4acdbe3c429,2026-08-21T05:00:00Z,2026-08-21T07:00:00+0200,8.0,MW,NL,NL,forecast_solar_generation,Solar,2026-08-28T01:27:51Z
2026-08-28T01:22:45Z,2026-08-28T03:22:45+0200,fe344a24-22e0-4cc6-9f99-c4acdbe3c429,2026-08-21T05:15:00Z,2026-08-21T07:15:00+0200,103.0,MW,NL,NL,forecast_solar_generation,Solar,2026-08-28T01:27:51Z
2026-08-28T01:22:45Z,2026-08-28T03:22:45+0200,fe344a24-22e0-4cc6-9f99-c4acdbe3c429,2026-08-21T05:30:00Z,2026-08-21T07:30:00+0200,197.0,MW,NL,NL,forecast_solar_generation,Solar,2026-08-28T01:27:51Z
2026-08-28T01:22:45Z,2026-08-28T03:22:45+0200,fe344a24-22e0-4cc6-9f99-c4acdbe3c429,2026-08-21T05:45:00Z,2026-08-21T07:45:00+0200,290.0,MW,NL,NL,forecast_solar_generation,Solar,2026-08-28T01:27:51Z
2026-08-28T01:22:45Z,2026-08-28T03:22:45+0200,fe344a24-22e0-4cc6-9f99-c4acdbe3c429,2026-08-21T06:00:00Z,2026-08-21T08:00:00+0200,384.0,MW,NL,NL,forecast_solar_generation,Solar,2026-08-28T01:27:51Z
2026-08-28T01:22:45Z,2026-08-28T03:22:45+0200,fe344a24-22e0-4cc6-9f99-c4acdbe3c429,2026-08-21T06:15:00Z,2026-08-21T08:15:00+0200,555.0,MW,NL,NL,forecast_solar_generation,Solar,2026-08-28T01:27:51Z
2026-08-28T01:22:45Z,2026-08-28T03:22:45+0200,fe344a24-22e0-4cc6-9f99-c4acdbe3c429,2026-08-21T06:30:00Z,2026-08-21T08:30:00+0200,727.0,MW,NL,NL,forecast_solar_generation,Solar,2026-08-28T01:27:51Z
2026-08-28T01:22:45Z,2026-08-28T03:22:45+0200,fe344a24-22e0-4cc6-9f99-c4acdbe3c429,2026-08-21T06:45:00Z,2026-08-21T08:45:00+0200,898.0,MW,NL,NL,forecast_solar_generation,Solar,2026-08-28T01:27:51Z
2026-08-28T01:22:45Z,2026-08-28T03:22:45+0200,fe344a24-22e0-4cc6-9f99-c4acdbe3c429,2026-08-21T07:00:00Z,2026-08-21T09:00:00+0200,1069.0,MW,NL,NL,forecast_solar_generation,Solar,2026-08-28T01:27:51Z
2026-08-28T01:22:45Z,2026-08-28T03:22:45+0200,fe344a24-22e0-4cc6-9f99-c4acdbe3c429,2026-08-21T07:15:00Z,2026-08-21T09:15:00+0200,1280.0,MW,NL,NL,forecast_solar_generation,Solar,2026-08-28T01:27:51Z
2026-08-28T01:22:45Z,2026-08-28T03:22:45+0200,fe344a24-22e0-4cc6-9f99-c4acdbe3c429,2026-08-21T07:30:00Z,2026-08-21T09:30:00+0200,1488.0,MW,NL,NL,forecast_solar_generation,Solar,2026-08-28T01:27:51Z
2026-08-28T01:22:45Z,2026-08-28T03:22:45+0200,fe344a24-22e0-4cc6-9f99-c4acdbe3c429,2026-08-21T07:45:00Z,2026-08-21T09:45:00+0200,1699.0,MW,NL,NL,forecast_solar_generation,Solar,2026-08-28T01:27:51Z
2026-08-28T01:22:45Z,2026-08-28T03:22:45+0200,fe344a24-22e0-4cc6-9f99-c4acdbe3c429,2026-08-21T08:00:00Z,2026-08-21T10:00:00+0200,1907.0,MW,NL,NL,forecast_solar_generation,Solar,2026-08-28T01:27:51Z
2026-08-28T01:22:45Z,2026-08-28T03:22:45+0200,fe344a24-22e0-4cc6-9f99-c4acdbe3c429,2026-08-21T08:15:00Z,2026-08-21T10:15:00+0200,2101.0,MW,NL,NL,forecast_solar_generation,Solar,2026-08-28T01:27:51Z
2026-08-28T01:22:45Z,2026-08-28T03:22:45+0200,fe344a24-22e0-4cc6-9f99-c4acdbe3c429,2026-08-21T08:30:00Z,2026-08-21T10:30:00+0200,2297.0,MW,NL,NL,forecast_solar_generation,Solar,2026-08-28T01:27:51Z
2026-08-28T01:22:45Z,2026-08-28T03:22:45+0200,fe344a24-22e0-4cc6-9f99-c4acdbe3c429,2026-08-21T08:45:00Z,2026-08-21T10:45:00+0200,2489.0,MW,NL,NL,forecast_solar_generation,Solar,2026-08-28T01:27:51Z
2026-08-28T01:22:45Z,2026-08-28T03:22:45+0200,fe344a24-22e0-4cc6-9f99-c4acdbe3c429,2026-08-21T09:00:00Z,2026-08-21T11:00:00+0200,2683.0,MW,NL,NL,forecast_solar_generation,Solar,2026-08-28T01:27:51Z
2026-08-28T01:22:45Z,2026-08-28T03:22:45+0200,fe344a24-22e0-4cc6-9f99-c4acdbe3c429,2026-08-21T09:15:00Z,2026-08-21T11:15:00+0200,2682.0,MW,NL,NL,forecast_solar_generation,Solar,2026-08-28T01:27:51Z
2026-08-28T01:22:45Z,2026-08-28T03:22:45+0200,fe344a24-22e0-4cc6-9f99-c4acdbe3c429,2026-08-21T09:30:00Z,2026-08-21T11:30:00+0200,2680.0,MW,NL,NL,forecast_solar_generation,Solar,2026-08-28T01:27:51Z
2026-08-28T01:22:45Z,2026-08-28T03:22:45+0200,fe344a24-22e0-4cc6-9f99-c4acdbe3c429,2026-08-21T09:45:00Z,2026-08-21T11:45:00+0200,2677.0,MW,NL,NL,forecast_solar_generation,Solar,2026-08-28T01:27:51Z
2026-08-28T01:22:45Z,2026-08-28T03:22:45+0200,fe344a24-22e0-4cc6-9f99-c4acdbe3c429,2026-08-21T10:00:00Z,2026-08-21T12:00:00+0200,2675.0,MW,NL,NL,forecast_solar_generation,Solar,2026-08-28T01:27:51Z
2026-08-28T01:22:45Z,2026-08-28T03:22:45+0200,fe344a24-22e0-4cc6-9f99-c4acdbe3c429,2026-08-21T10:15:00Z,2026-08-21T12:15:00+0200,2762.0,MW,NL,NL,forecast_solar_generation,Solar,2026-08-28T01:27:51Z
2026-08-28T01:22:45Z,2026-08-28T03:22:45+0200,fe344a24-22e0-4cc6-9f99-c4acdbe3c429,2026-08-21T10:30:00Z,2026-08-21T12:30:00+0200,2847.0,MW,NL,NL,forecast_solar_generation,Solar,2026-08-28T01:27:51Z
2026-08-28T01:22:45Z,2026-08-28T03:22:45+0200,fe344a24-22e0-4cc6-9f99-c4acdbe3c429,2026-08-21T10:45:00Z,2026-08-21T12:45:00+0200,2933.0,MW,NL,NL,forecast_solar_generation,Solar,2026-08-28T01:27:51Z
2026-08-28T01:22:45Z,2026-08-28T03:22:45+0200,fe344a24-22e0-4cc6-9f99-c4acdbe3c429,2026-08-21T11:00:00Z,2026-08-21T13:00:00+0200,3020.0,MW,NL,NL,forecast_solar_generation,Solar,2026-08-28T01:27:51Z
2026-08-28T01:22:45Z,2026-08-28T03:22:45+0200,fe344a24-22e0-4cc6-9f99-c4acdbe3c429,2026-08-21T11:15:00Z,2026-08-21T13:15:00+0200,3056.0,MW,NL,NL,forecast_solar_generation,Solar,2026-08-28T01:27:51Z
2026-08-28T01:22:45Z,2026-08-28T03:22:45+0200,fe344a24-22e0-4cc6-9f99-c4acdbe3c429,2026-08-21T11:30:00Z,2026-08-21T13:30:00+0200,3093.0,MW,NL,NL,forecast_solar_generation,Solar,2026-08-28T01:27:51Z
2026-08-28T01:22:45Z,2026-08-28T03:22:45+0200,fe344a24-22e0-4cc6-9f99-c4acdbe3c429,2026-08-21T11:45:00Z,2026-08-21T13:45:00+0200,3130.0,MW,NL,NL,forecast_solar_generation,Solar,2026-08-28T01:27:51Z
2026-08-28T01:22:45Z,2026-08-28T03:22:45+0200,fe344a24-22e0-4cc6-9f99-c4acdbe3c429,2026-08-21T12:00:00Z,2026-08-21T14:00:00+0200,3166.0,MW,NL,NL,forecast_solar_generation,Solar,2026-08-28T01:27:51Z
2026-08-28T01:22:45Z,2026-08-28T03:22:45+0200,fe344a24-22e0-4cc6-9f99-c4acdbe3c429,2026-08-21T12:15:00Z,2026-08-21T14:15:00+0200,3168.0,MW,NL,NL,forecast_solar_generation,Solar,2026-08-28T01:27:51Z
2026-08-28T01:22:45Z,2026-08-28T03:22:45+0200,fe344a24-22e0-4cc6-9f99-c4acdbe3c429,2026-08-21T12:30:00Z,2026-08-21T14:30:00+0200,3169.0,MW,NL,NL,forecast_solar_generation,Solar,2026-08-28T01:27:51Z
2026-08-28T01:22:45Z,2026-08-28T03:22:45+0200,fe344a24-22e0-4cc6-9f99-c4acdbe3c429,2026-08-21T12:45:00Z,2026-08-21T14:45:00+0200,3170.0,MW,NL,NL,forecast_solar_generation,Solar,2026-08-28T01:27:51Z
2026-08-28T01:22:45Z,2026-08-28T03:22:45+0200,fe344a24-22e0-4cc6-9f99-c4acdbe3c429,2026-08-21T13:00:00Z,2026-08-21T15:00:00+0200,3171.0,MW,NL,NL,forecast_solar_generation,Solar,2026-08-28T01:27:51Z
2026-08-28T01:22:45Z,2026-08-28T03:22:45+0200,fe344a24-22e0-4cc6-9f99-c4acdbe3c429,2026-08-21T13:15:00Z,2026-08-21T15:15:00+0200,3099.0,MW,NL,NL,forecast_solar_generation,Solar,2026-08-28T01:27:51Z
2026-08-28T01:22:45Z,2026-08-28T03:22:45+0200,fe344a24-22e0-4cc6-9f99-c4acdbe3c429,2026-08-21T13:30:00Z,2026-08-21T15:30:00+0200,3030.0,MW,NL,NL,forecast_solar_generation,Solar,2026-08-28T01:27:51Z
2026-08-28T01:22:45Z,2026-08-28T03:22:45+0200,fe344a24-22e0-4cc6-9f99-c4acdbe3c429,2026-08-21T13:45:00Z,2026-08-21T15:45:00+0200,2961.0,MW,NL,NL,forecast_solar_generation,Solar,2026-08-28T01:27:51Z
2026-08-28T01:22:45Z,2026-08-28T03:22:45+0200,fe344a24-22e0-4cc6-9f99-c4acdbe3c429,2026-08-21T14:00:00Z,2026-08-21T16:00:00+0200,2889.0,MW,NL,NL,forecast_solar_generation,Solar,2026-08-28T01:27:51Z
2026-08-28T01:22:45Z,2026-08-28T03:22:45+0200,fe344a24-22e0-4cc6-9f99-c4acdbe3c429,2026-08-21T14:15:00Z,2026-08-21T16:15:00+0200,2770.0,MW,NL,NL,forecast_solar_generation,Solar,2026-08-28T01:27:51Z
2026-08-28T01:22:45Z,2026-08-28T03:22:45+0200,fe344a24-22e0-4cc6-9f99-c4acdbe3c429,2026-08-21T14:30:00Z,2026-08-21T16:30:00+0200,2655.0,MW,NL,NL,forecast_solar_generation,Solar,2026-08-28T01:27:51Z
2026-08-28T01:22:45Z,2026-08-28T03:22:45+0200,fe344a24-22e0-4cc6-9f99-c4acdbe3c429,2026-08-21T14:45:00Z,2026-08-21T16:45:00+0200,2539.0,MW,NL,NL,forecast_solar_generation,Solar,2026-08-28T01:27:51Z
2026-08-28T01:22:45Z,2026-08-28T03:22:45+0200,fe344a24-22e0-4cc6-9f99-c4acdbe3c429,2026-08-21T15:00:00Z,2026-08-21T17:00:00+0200,2421.0,MW,NL,NL,forecast_solar_generation,Solar,2026-08-28T01:27:51Z
2026-08-28T01:22:45Z,2026-08-28T03:22:45+0200,fe344a24-22e0-4cc6-9f99-c4acdbe3c429,2026-08-21T15:15:00Z,2026-08-21T17:15:00+0200,2250.0,MW,NL,NL,forecast_solar_generation,Solar,2026-08-28T01:27:51Z
2026-08-28T01:22:45Z,2026-08-28T03:22:45+0200,fe344a24-22e0-4cc6-9f99-c4acdbe3c429,2026-08-21T15:30:00Z,2026-08-21T17:30:00+0200,2082.0,MW,NL,NL,forecast_solar_generation,Solar,2026-08-28T01:27:51Z
2026-08-28T01:22:45Z,2026-08-28T03:22:45+0200,fe344a24-22e0-4cc6-9f99-c4acdbe3c429,2026-08-21T15:45:00Z,2026-08-21T17:45:00+0200,1910.0,MW,NL,NL,forecast_solar_generation,Solar,2026-08-28T01:27:51Z
2026-08-28T01:22:45Z,2026-08-28T03:22:45+0200,fe344a24-22e0-4cc6-9f99-c4acdbe3c429,2026-08-21T16:00:00Z,2026-08-21T18:00:00+0200,1740.0,MW,NL,NL,forecast_solar_generation,Solar,2026-08-28T01:27:51Z
2026-08-28T01:22:45Z,2026-08-28T03:22:45+0200,fe344a24-22e0-4cc6-9f99-c4acdbe3c429,2026-08-21T16:15:00Z,2026-08-21T18:15:00+0200,1578.0,MW,NL,NL,forecast_solar_generation,Solar,2026-08-28T01:27:51Z
2026-08-28T01:22:45Z,2026-08-28T03:22:45+0200,fe344a24-22e0-4cc6-9f99-c4acdbe3c429,2026-08-21T16:30:00Z,2026-08-21T18:30:00+0200,1414.0,MW,NL,NL,forecast_solar_generation,Solar,2026-08-28T01:27:51Z
2026-08-28T01:22:45Z,2026-08-28T03:22:45+0200,fe344a24-22e0-4cc6-9f99-c4acdbe3c429,2026-08-21T16:45:00Z,2026-08-21T18:45:00+0200,1252.0,MW,NL,NL,forecast_solar_generation,Solar,2026-08-28T01:27:51Z
2026-08-28T01:22:45Z,2026-08-28T03:22:45+0200,fe344a24-22e0-4cc6-9f99-c4acdbe3c429,2026-08-21T17:00:00Z,2026-08-21T19:00:00+0200,1088.0,MW,NL,NL,forecast_solar_generation,Solar,2026-08-28T01:27:51Z
2026-08-28T01:22:45Z,2026-08-28T03:22:45+0200,fe344a24-22e0-4cc6-9f99-c4acdbe3c429,2026-08-21T17:15:00Z,2026-08-21T19:15:00+0200,938.0,MW,NL,NL,forecast_solar_generation,Solar,2026-08-28T01:27:51Z
2026-08-28T01:22:45Z,2026-08-28T03:22:45+0200,fe344a24-22e0-4cc6-9f99-c4acdbe3c429,2026-08-21T17:30:00Z,2026-08-21T19:30:00+0200,789.0,MW,NL,NL,forecast_solar_generation,Solar,2026-08-28T01:27:51Z
2026-08-28T01:22:45Z,2026-08-28T03:22:45+0200,fe344a24-22e0-4cc6-9f99-c4acdbe3c429,2026-08-21T17:45:00Z,2026-08-21T19:45:00+0200,639.0,MW,NL,NL,forecast_solar_generation,Solar,2026-08-28T01:27:51Z
2026-08-28T01:22:45Z,2026-08-28T03:22:45+0200,fe344a24-22e0-4cc6-9f99-c4acdbe3c429,2026-08-21T18:00:00Z,2026-08-21T20:00:00+0200,489.0,MW,NL,NL,forecast_solar_generation,Solar,2026-08-28T01:27:51Z
2026-08-28T01:22:45Z,2026-08-28T03:22:45+0200,fe344a24-22e0-4cc6-9f99-c4acdbe3c429,2026-08-21T18:15:00Z,2026-08-21T20:15:00+0200,374.0,MW,NL,NL,forecast_solar_generation,Solar,2026-08-28T01:27:51Z
2026-08-28T01:22:45Z,2026-08-28T03:22:45+0200,fe344a24-22e0-4cc6-9f99-c4acdbe3c429,2026-08-21T18:30:00Z,2026-08-21T20:30:00+0200,258.0,MW,NL,NL,forecast_solar_generation,Solar,2026-08-28T01:27:51Z
2026-08-28T01:22:45Z,2026-08-28T03:22:45+0200,fe344a24-22e0-4cc6-9f99-c4acdbe3c429,2026-08-21T18:45:00Z,2026-08-21T20:45:00+0200,144.0,MW,NL,NL,forecast_solar_generation,Solar,2026-08-28T01:27:51Z
2026-08-28T01:22:45Z,2026-08-28T03:22:45+0200,fe344a24-22e0-4cc6-9f99-c4acdbe3c429,2026-08-21T19:00:00Z,2026-08-21T21:00:00+0200,31.0,MW,NL,NL,forecast_solar_generation,Solar,2026-08-28T01:27:51Z
2026-08-28T01:22:45Z,2026-08-28T03:22:45+0200,fe344a24-22e0-4cc6-9f99-c4acdbe3c429,2026-08-21T19:15:00Z,2026-08-21T21:15:00+0200,23.0,MW,NL,NL,forecast_solar_generation,Solar,2026-08-28T01:27:51Z
2026-08-28T01:22:45Z,2026-08-28T03:22:45+0200,fe344a24-22e0-4cc6-9f99-c4acdbe3c429,2026-08-21T19:30:00Z,2026-08-21T21:30:00+0200,16.0,MW,NL,NL,forecast_solar_generation,Solar,2026-08-28T01:27:51Z
2026-08-28T01:22:45Z,2026-08-28T03:22:45+0200,fe344a24-22e0-4cc6-9f99-c4acdbe3c429,2026-08-21T19:45:00Z,2026-08-21T21:45:00+0200,7.0,MW,NL,NL,forecast_solar_generation,Solar,2026-08-28T01:27:51Z
2026-08-28T01:22:45Z,2026-08-28T03:22:45+0200,fe344a24-22e0-4cc6-9f99-c4acdbe3c429,2026-08-21T20:00:00Z,2026-08-21T22:00:00+0200,0.0,MW,NL,NL,forecast_solar_generation,Solar,2026-08-28T01:27:51Z
2026-08-28T01:22:45Z,2026-08-28T03:22:45+0200,fe344a24-22e0-4cc6-9f99-c4acdbe3c429,2026-08-21T20:15:00Z,2026-08-21T22:15:00+0200,0.0,MW,NL,NL,forecast_solar_generation,Solar,2026-08-28T01:27:51Z
2026-08-28T01:22:45Z,2026-08-28T03:22:45+0200,fe344a24-22e0-4cc6-9f99-c4acdbe3c429,2026-08-21T20:30:00Z,2026-08-21T22:30:00+0200,0.0,MW,NL,NL,forecast_solar_generation,Solar,2026-08-28T01:27:51Z
2026-08-28T01:22:45Z,2026-08-28T03:22:45+0200,fe344a24-22e0-4cc6-9f99-c4acdbe3c429,2026-08-21T20:45:00Z,2026-08-21T22:45:00+0200,0.0,MW,NL,NL,forecast_solar_generation,Solar,2026-08-28T01:27:51Z
2026-08-28T01:22:45Z,2026-08-28T03:22:45+0200,fe344a24-22e0-4cc6-9f99-c4acdbe3c429,2026-08-21T21:00:00Z,2026-08-21T23:00:00+0200,0.0,MW,NL,NL,forecast_solar_generation,Solar,2026-08-28T01:27:51Z
2026-08-28T01:22:45Z,2026-08-28T03:22:45+0200,fe344a24-22e0-4cc6-9f99-c4acdbe3c429,2026-08-21T21:15:00Z,2026-08-21T23:15:00+0200,0.0,MW,NL,NL,forecast_solar_generation,Solar,2026-08-28T01:27:51Z
2026-08-28T01:22:45Z,2026-08-28T03:22:45+0200,fe344a24-22e0-4cc6-9f99-c4acdbe3c429,2026-08-21T21:30:00Z,2026-08-21T23:30:00+0200,0.0,MW,NL,NL,forecast_solar_generation,Solar,2026-08-28T01:27:51Z
2026-08-28T01:22:45Z,2026-08-28T03:22:45+0200,fe344a24-22e0-4cc6-9f99-c4acdbe3c429,2026-08-21T21:45:00Z,2026-08-21T23:45:00+0200,0.0,MW,NL,NL,forecast_solar_generation,Solar,2026-08-28T01:27:51Z
2026-08-28T01:22:45Z,2026-08-28T03:22:45+0200,fe344a24-22e0-4cc6-9f99-c4acdbe3c429,2026-08-21T22:00:00Z,2026-08-22T00:00:00+0200,0.0,MW,NL,NL,forecast_solar_generation,Solar,2026-08-28T01:27:51Z
2026-08-28T01:22:45Z,2026-08-28T03:22:45+0200,fe344a24-22e0-4cc6-9f99-c4acdbe3c429,2026-08-21T22:15:00Z,2026-08-22T00:15:00+0200,0.0,MW,NL,NL,forecast_solar_generation,Solar,2026-08-28T01:27:51Z
2026-08-28T01:22:45Z,2026-08-28T03:22:45+0200,fe344a24-22e0-4cc6-9f99-c4acdbe3c429,2026-08-21T22:30:00Z,2026-08-22T00:30:00+0200,0.0,MW,NL,NL,forecast_solar_generation,Solar,2026-08-28T01:27:51Z
2026-08-28T01:22:45Z,2026-08-28T03:22:45+0200,fe344a24-22e0-4cc6-9f99-c4acdbe3c429,2026-08-21T22:45:00Z,2026-08-22T00:45:00+0200,0.0,MW,NL,NL,forecast_solar_generation,Solar,2026-08-28T01:27:51Z
2026-08-28T01:22:45Z,2026-08-28T03:22:45+0200,fe344a24-22e0-4cc6-9f99-c4acdbe3c429,2026-08-21T23:00:00Z,2026-08-22T01:00:00+0200,0.0,MW,NL,NL,forecast_solar_generation,Solar,2026-08-28T01:27:51Z
2026-08-28T01:22:45Z,2026-08-28T03:22:45+0200,fe344a24-22e0-4cc6-9f99-c4acdbe3c429,2026-08-21T23:15:00Z,2026-08-22T01:15:00+0200,0.0,MW,NL,NL,forecast_solar_generation,Solar,2026-08-28T01:27:51Z
2026-08-28T01:22:45Z,2026-08-28T03:22:45+0200,fe344a24-22e0-4cc6-9f99-c4acdbe3c429,2026-08-21T23:30:00Z,2026-08-22T01:30:00+0200,0.0,MW,NL,NL,forecast_solar_generation,Solar,2026-08-28T01:27:51Z
2026-08-28T01:22:45Z,2026-08-28T03:22:45+0200,fe344a24-22e0-4cc6-9f99-c4acdbe3c429,2026-08-21T23:45:00Z,2026-08-22T01:45:00+0200,0.0,MW,NL,NL,forecast_solar_generation,Solar,2026-08-28T01:27:51Z
2026-08-28T01:22:45Z,2026-08-28T03:22:45+0200,fe344a24-22e0-4cc6-9f99-c4acdbe3c429,2026-08-22T00:00:00Z,2026-08-22T02:00:00+0200,0.0,MW,NL,NL,forecast_solar_generation,Solar,2026-08-28T01:27:51Z
2026-08-28T01:22:45Z,2026-08-28T03:22:45+0200,fe344a24-22e0-4cc6-9f99-c4acdbe3c429,2026-08-22T00:15:00Z,2026-08-22T02:15:00+0200,0.0,MW,NL,NL,forecast_solar_generation,Solar,2026-08-28T01:27:51Z
2026-08-28T01:22:45Z,2026-08-28T03:22:45+0200,fe344a24-22e0-4cc6-9f99-c4acdbe3c429,2026-08-22T00:30:00Z,2026-08-22T02:30:00+0200,0.0,MW,NL,NL,forecast_solar_generation,Solar,2026-08-28T01:27:51Z
2026-08-28T01:22:45Z,2026-08-28T03:22:45+0200,fe344a24-22e0-4cc6-9f99-c4acdbe3c429,2026-08-22T00:45:00Z,2026-08-22T02:45:00+0200,0.0,MW,NL,NL,forecast_solar_generation,Solar,2026-08-28T01:27:51Z
2026-08-28T01:22:45Z,2026-08-28T03:22:45+0200,fe344a24-22e0-4cc6-9f99-c4acdbe3c429,2026-08-22T01:00:00Z,2026-08-22T03:00:00+0200,0.0,MW,NL,NL,forecast_solar_generation,Solar,2026-08-28T01:27:51Z
2026-08-28T01:22:45Z,2026-08-28T03:22:45+0200,fe344a24-22e0-4cc6-9f99-c4acdbe3c429,2026-08-22T01:15:00Z,2026-08-22T03:15:00+0200,0.0,MW,NL,NL,forecast_solar_generation,Solar,2026-08-28T01:27:51Z
2026-08-28T01:22:45Z,2026-08-28T03:22:45+0200,fe344a24-22e0-4cc6-9f99-c4acdbe3c429,2026-08-22T01:30:00Z,2026-08-22T03:30:00+0200,0.0,MW,NL,NL,forecast_solar_generation,Solar,2026-08-28T01:27:51Z
2026-08-28T01:22:45Z,2026-08-28T03:22:45+0200,fe344a24-22e0-4cc6-9f99-c4acdbe3c429,2026-08-22T01:45:00Z,2026-08-22T03:45:00+0200,0.0,MW,NL,NL,forecast_solar_generation,Solar,2026-08-28T01:27:51Z
2026-08-28T01:22:45Z,2026-08-28T03:22:45+0200,fe344a24-22e0-4cc6-9f99-c4acdbe3c429,2026-08-22T02:00:00Z,2026-08-22T04:00:00+0200,0.0,MW,NL,NL,forecast_solar_generation,Solar,2026-08-28T01:27:51Z
2026-08-28T01:22:45Z,2026-08-28T03:22:45+0200,fe344a24-22e0-4cc6-9f99-c4acdbe3c429,2026-08-22T02:15:00Z,2026-08-22T04:15:00+0200,0.0,MW,NL,NL,forecast_solar_generation,Solar,2026-08-28T01:27:51Z
2026-08-28T01:22:45Z,2026-08-28T03:22:45+0200,fe344a24-22e0-4cc6-9f99-c4acdbe3c429,2026-08-22T02:30:00Z,2026-08-22T04:30:00+0200,0.0,MW,NL,NL,forecast_solar_generation,Solar,2026-08-28T01:27:51Z
2026-08-28T01:22:45Z,2026-08-28T03:22:45+0200,fe344a24-22e0-4cc6-9f99-c4acdbe3c429,2026-08-22T02:45:00Z,2026-08-22T04:45:00+0200,0.0,MW,NL,NL,forecast_solar_generation,Solar,2026-08-28T01:27:51Z
2026-08-28T01:22:45Z,2026-08-28T03:22:45+0200,fe344a24-22e0-4cc6-9f99-c4acdbe3c429,2026-08-22T03:00:00Z,2026-08-22T05:00:00+0200,0.0,MW,NL,NL,forecast_solar_generation,Solar,2026-08-28T01:27:51Z
2026-08-28T01:22:45Z,2026-08-28T03:22:45+0200,fe344a24-22e0-4cc6-9f99-c4acdbe3c429,2026-08-22T03:15:00Z,2026-08-22T05:15:00+0200,0.0,MW,NL,NL,forecast_solar_generation,Solar,2026-08-28T01:27:51Z
2026-08-28T01:22:45Z,2026-08-28T03:22:45+0200,fe344a24-22e0-4cc6-9f99-c4acdbe3c429,2026-08-22T03:30:00Z,2026-08-22T05:30:00+0200,0.0,MW,NL,NL,forecast_solar_generation,Solar,2026-08-28T01:27:51Z
2026-08-28T01:22:45Z,2026-08-28T03:22:45+0200,fe344a24-22e0-4cc6-9f99-c4acdbe3c429,2026-08-22T03:45:00Z,2026-08-22T05:45:00+0200,0.0,MW,NL,NL,forecast_solar_generation,Solar,2026-08-28T01:27:51Z
2026-08-28T01:22:45Z,2026-08-28T03:22:45+0200,fe344a24-22e0-4cc6-9f99-c4acdbe3c429,2026-08-22T04:00:00Z,2026-08-22T06:00:00+0200,0.0,MW,NL,NL,forecast_solar_generation,Solar,2026-08-28T01:27:51Z
2026-08-28T01:22:45Z,2026-08-28T03:22:45+0200,fe344a24-22e0-4cc6-9f99-c4acdbe3c429,2026-08-22T04:15:00Z,2026-08-22T06:15:00+0200,0.0,MW,NL,NL,forecast_solar_generation,Solar,2026-08-28T01:27:51Z
2026-08-28T01:22:45Z,2026-08-28T03:22:45+0200,fe344a24-22e0-4cc6-9f99-c4acdbe3c429,2026-08-22T04:30:00Z,2026-08-22T06:30:00+0200,0.0,MW,NL,NL,forecast_solar_generation,Solar,2026-08-28T01:27:51Z
2026-08-28T01:22:45Z,2026-08-28T03:22:45+0200,fe344a24-22e0-4cc6-9f99-c4acdbe3c429,2026-08-22T04:45:00Z,2026-08-22T06:45:00+0200,5.0,MW,NL,NL,forecast_solar_generation,Solar,2026-08-28T01:27:51Z
2026-08-28T01:22:45Z,2026-08-28T03:22:45+0200,fe344a24-22e0-4cc6-9f99-c4acdbe3c429,2026-08-22T05:00:00Z,2026-08-22T07:00:00+0200,5.0,MW,NL,NL,forecast_solar_generation,Solar,2026-08-28T01:27:51Z
2026-08-28T01:22:45Z,2026-08-28T03:22:45+0200,fe344a24-22e0-4cc6-9f99-c4acdbe3c429,2026-08-22T05:15:00Z,2026-08-22T07:15:00+0200,89.0,MW,NL,NL,forecast_solar_generation,Solar,2026-08-28T01:27:51Z
2026-08-28T01:22:45Z,2026-08-28T03:22:45+0200,fe344a24-22e0-4cc6-9f99-c4acdbe3c429,2026-08-22T05:30:00Z,2026-08-22T07:30:00+0200,177.0,MW,NL,NL,forecast_solar_generation,Solar,2026-08-28T01:27:51Z
2026-08-28T01:22:45Z,2026-08-28T03:22:45+0200,fe344a24-22e0-4cc6-9f99-c4acdbe3c429,2026-08-22T05:45:00Z,2026-08-22T07:45:00+0200,258.0,MW,NL,NL,forecast_solar_generation,Solar,2026-08-28T01:27:51Z
2026-08-28T01:22:45Z,2026-08-28T03:22:45+0200,fe344a24-22e0-4cc6-9f99-c4acdbe3c429,2026-08-22T06:00:00Z,2026-08-22T08:00:00+0200,345.0,MW,NL,NL,forecast_solar_generation,Solar,2026-08-28T01:27:51Z
2026-08-28T01:22:45Z,2026-08-28T03:22:45+0200,fe344a24-22e0-4cc6-9f99-c4acdbe3c429,2026-08-22T06:15:00Z,2026-08-22T08:15:00+0200,527.0,MW,NL,NL,forecast_solar_generation,Solar,2026-08-28T01:27:51Z
2026-08-28T01:22:45Z,2026-08-28T03:22:45+0200,fe344a24-22e0-4cc6-9f99-c4acdbe3c429,2026-08-22T06:30:00Z,2026-08-22T08:30:00+0200,711.0,MW,NL,NL,forecast_solar_generation,Solar,2026-08-28T01:27:51Z
2026-08-28T01:22:45Z,2026-08-28T03:22:45+0200,fe344a24-22e0-4cc6-9f99-c4acdbe3c429,2026-08-22T06:45:00Z,2026-08-22T08:45:00+0200,894.0,MW,NL,NL,forecast_solar_generation,Solar,2026-08-28T01:27:51Z
2026-08-28T01:22:45Z,2026-08-28T03:22:45+0200,fe344a24-22e0-4cc6-9f99-c4acdbe3c429,2026-08-22T07:00:00Z,2026-08-22T09:00:00+0200,1079.0,MW,NL,NL,forecast_solar_generation,Solar,2026-08-28T01:27:51Z
2026-08-28T01:22:45Z,2026-08-28T03:22:45+0200,fe344a24-22e0-4cc6-9f99-c4acdbe3c429,2026-08-22T07:15:00Z,2026-08-22T09:15:00+0200,1292.0,MW,NL,NL,forecast_solar_generation,Solar,2026-08-28T01:27:51Z
2026-08-28T01:22:45Z,2026-08-28T03:22:45+0200,fe344a24-22e0-4cc6-9f99-c4acdbe3c429,2026-08-22T07:30:00Z,2026-08-22T09:30:00+0200,1504.0,MW,NL,NL,forecast_solar_generation,Solar,2026-08-28T01:27:51Z
2026-08-28T01:22:45Z,2026-08-28T03:22:45+0200,fe344a24-22e0-4cc6-9f99-c4acdbe3c429,2026-08-22T07:45:00Z,2026-08-22T09:45:00+0200,1719.0,MW,NL,NL,forecast_solar_generation,Solar,2026-08-28T01:27:51Z
2026-08-28T01:22:45Z,2026-08-28T03:22:45+0200,fe344a24-22e0-4cc6-9f99-c4acdbe3c429,2026-08-22T08:00:00Z,2026-08-22T10:00:00+0200,1932.0,MW,NL,NL,forecast_solar_generation,Solar,2026-08-28T01:27:51Z
2026-08-28T01:22:45Z,2026-08-28T03:22:45+0200,fe344a24-22e0-4cc6-9f99-c4acdbe3c429,2026-08-22T08:15:00Z,2026-08-22T10:15:00+0200,2130.0,MW,NL,NL,forecast_solar_generation,Solar,2026-08-28T01:27:51Z
2026-08-28T01:22:45Z,2026-08-28T03:22:45+0200,fe344a24-22e0-4cc6-9f99-c4acdbe3c429,2026-08-22T08:30:00Z,2026-08-22T10:30:00+0200,2325.0,MW,NL,NL,forecast_solar_generation,Solar,2026-08-28T01:27:51Z
2026-08-28T01:22:45Z,2026-08-28T03:22:45+0200,fe344a24-22e0-4cc6-9f99-c4acdbe3c429,2026-08-22T08:45:00Z,2026-08-22T10:45:00+0200,2522.0,MW,NL,NL,forecast_solar_generation,Solar,2026-08-28T01:27:51Z
2026-08-28T01:22:45Z,2026-08-28T03:22:45+0200,fe344a24-22e0-4cc6-9f99-c4acdbe3c429,2026-08-22T09:00:00Z,2026-08-22T11:00:00+0200,2718.0,MW,NL,NL,forecast_solar_generation,Solar,2026-08-28T01:27:51Z
2026-08-28T01:22:45Z,2026-08-28T03:22:45+0200,fe344a24-22e0-4cc6-9f99-c4acdbe3c429,2026-08-22T09:15:00Z,2026-08-22T11:15:00+0200,2829.0,MW,NL,NL,forecast_solar_generation,Solar,2026-08-28T01:27:51Z
2026-08-28T01:22:45Z,2026-08-28T03:22:45+0200,fe344a24-22e0-4cc6-9f99-c4acdbe3c429,2026-08-22T09:30:00Z,2026-08-22T11:30:00+0200,2941.0,MW,NL,NL,forecast_solar_generation,Solar,2026-08-28T01:27:51Z
2026-08-28T01:22:45Z,2026-08-28T03:22:45+0200,fe344a24-22e0-4cc6-9f99-c4acdbe3c429,2026-08-22T09:45:00Z,2026-08-22T11:45:00+0200,3052.0,MW,NL,NL,forecast_solar_generation,Solar,2026-08-28T01:27:51Z
2026-08-28T01:22:45Z,2026-08-28T03:22:45+0200,fe344a24-22e0-4cc6-9f99-c4acdbe3c429,2026-08-22T10:00:00Z,2026-08-22T12:00:00+0200,3163.0,MW,NL,NL,forecast_solar_generation,Solar,2026-08-28T01:27:51Z
2026-08-28T01:22:45Z,2026-08-28T03:22:45+0200,fe344a24-22e0-4cc6-9f99-c4acdbe3c429,2026-08-22T10:15:00Z,2026-08-22T12:15:00+0200,3263.0,MW,NL,NL,forecast_solar_generation,Solar,2026-08-28T01:27:51Z
2026-08-28T01:22:45Z,2026-08-28T03:22:45+0200,fe344a24-22e0-4cc6-9f99-c4acdbe3c429,2026-08-22T10:30:00Z,2026-08-22T12:30:00+0200,3362.0,MW,NL,NL,forecast_solar_generation,Solar,2026-08-28T01:27:51Z
2026-08-28T01:22:45Z,2026-08-28T03:22:45+0200,fe344a24-22e0-4cc6-9f99-c4acdbe3c429,2026-08-22T10:45:00Z,2026-08-22T12:45:00+0200,3463.0,MW,NL,NL,forecast_solar_generation,Solar,2026-08-28T01:27:51Z
2026-08-28T01:22:45Z,2026-08-28T03:22:45+0200,fe344a24-22e0-4cc6-9f99-c4acdbe3c429,2026-08-22T11:00:00Z,2026-08-22T13:00:00+0200,3564.0,MW,NL,NL,forecast_solar_generation,Solar,2026-08-28T01:27:51Z
2026-08-28T01:22:45Z,2026-08-28T03:22:45+0200,fe344a24-22e0-4cc6-9f99-c4acdbe3c429,2026-08-22T11:15:00Z,2026-08-22T13:15:00+0200,3605.0,MW,NL,NL,forecast_solar_generation,Solar,2026-08-28T01:27:51Z
2026-08-28T01:22:45Z,2026-08-28T03:22:45+0200,fe344a24-22e0-4cc6-9f99-c4acdbe3c429,2026-08-22T11:30:00Z,2026-08-22T13:30:00+0200,3644.0,MW,NL,NL,forecast_solar_generation,Solar,2026-08-28T01:27:51Z
2026-08-28T01:22:45Z,2026-08-28T03:22:45+0200,fe344a24-22e0-4cc6-9f99-c4acdbe3c429,2026-08-22T11:45:00Z,2026-08-22T13:45:00+0200,3688.0,MW,NL,NL,forecast_solar_generation,Solar,2026-08-28T01:27:51Z
2026-08-28T01:22:45Z,2026-08-28T03:22:45+0200,fe344a24-22e0-4cc6-9f99-c4acdbe3c429,2026-08-22T12:00:00Z,2026-08-22T14:00:00+0200,3728.0,MW,NL,NL,forecast_solar_generation,Solar,2026-08-28T01:27:51Z
2026-08-28T01:22:45Z,2026-08-28T03:22:45+0200,fe344a24-22e0-4cc6-9f99-c4acdbe3c429,2026-08-22T12:15:00Z,2026-08-22T14:15:00+0200,3786.0,MW,NL,NL,forecast_solar_generation,Solar,2026-08-28T01:27:51Z
2026-08-28T01:22:45Z,2026-08-28T03:22:45+0200,fe344a24-22e0-4cc6-9f99-c4acdbe3c429,2026-08-22T12:30:00Z,2026-08-22T14:30:00+0200,3838.0,MW,NL,NL,forecast_solar_generation,Solar,2026-08-28T01:27:51Z
2026-08-28T01:22:45Z,2026-08-28T03:22:45+0200,fe344a24-22e0-4cc6-9f99-c4acdbe3c429,2026-08-22T12:45:00Z,2026-08-22T14:45:00+0200,3896.0,MW,NL,NL,forecast_solar_generation,Solar,2026-08-28T01:27:51Z
2026-08-28T01:22:45Z,2026-08-28T03:22:45+0200,fe344a24-22e0-4cc6-9f99-c4acdbe3c429,2026-08-22T13:00:00Z,2026-08-22T15:00:00+0200,3949.0,MW,NL,NL,forecast_solar_generation,Solar,2026-08-28T01:27:51Z
2026-08-28T01:22:45Z,2026-08-28T03:22:45+0200,fe344a24-22e0-4cc6-9f99-c4acdbe3c429,2026-08-22T13:15:00Z,2026-08-22T15:15:00+0200,3865.0,MW,NL,NL,forecast_solar_generation,Solar,2026-08-28T01:27:51Z
2026-08-28T01:22:45Z,2026-08-28T03:22:45+0200,fe344a24-22e0-4cc6-9f99-c4acdbe3c429,2026-08-22T13:30:00Z,2026-08-22T15:30:00+0200,3780.0,MW,NL,NL,forecast_solar_generation,Solar,2026-08-28T01:27:51Z
2026-08-28T01:22:45Z,2026-08-28T03:22:45+0200,fe344a24-22e0-4cc6-9f99-c4acdbe3c429,2026-08-22T13:45:00Z,2026-08-22T15:45:00+0200,3695.0,MW,NL,NL,forecast_solar_generation,Solar,2026-08-28T01:27:51Z
2026-08-28T01:22:45Z,2026-08-28T03:22:45+0200,fe344a24-22e0-4cc6-9f99-c4acdbe3c429,2026-08-22T14:00:00Z,2026-08-22T16:00:00+0200,3607.0,MW,NL,NL,forecast_solar_generation,Solar,2026-08-28T01:27:51Z
2026-08-28T01:22:45Z,2026-08-28T03:22:45+0200,fe344a24-22e0-4cc6-9f99-c4acdbe3c429,2026-08-22T14:15:00Z,2026-08-22T16:15:00+0200,3465.0,MW,NL,NL,forecast_solar_generation,Solar,2026-08-28T01:27:51Z
2026-08-28T01:22:45Z,2026-08-28T03:22:45+0200,fe344a24-22e0-4cc6-9f99-c4acdbe3c429,2026-08-22T14:30:00Z,2026-08-22T16:30:00+0200,3319.0,MW,NL,NL,forecast_solar_generation,Solar,2026-08-28T01:27:51Z
2026-08-28T01:22:45Z,2026-08-28T03:22:45+0200,fe344a24-22e0-4cc6-9f99-c4acdbe3c429,2026-08-22T14:45:00Z,2026-08-22T16:45:00+0200,3177.0,MW,NL,NL,forecast_solar_generation,Solar,2026-08-28T01:27:51Z
2026-08-28T01:22:45Z,2026-08-28T03:22:45+0200,fe344a24-22e0-4cc6-9f99-c4acdbe3c429,2026-08-22T15:00:00Z,2026-08-22T17:00:00+0200,3032.0,MW,NL,NL,forecast_solar_generation,Solar,2026-08-28T01:27:51Z
2026-08-28T01:22:45Z,2026-08-28T03:22:45+0200,fe344a24-22e0-4cc6-9f99-c4acdbe3c429,2026-08-22T15:15:00Z,2026-08-22T17:15:00+0200,2890.0,MW,NL,NL,forecast_solar_generation,Solar,2026-08-28T01:27:51Z
2026-08-28T01:22:45Z,2026-08-28T03:22:45+0200,fe344a24-22e0-4cc6-9f99-c4acdbe3c429,2026-08-22T15:30:00Z,2026-08-22T17:30:00+0200,2746.0,MW,NL,NL,forecast_solar_generation,Solar,2026-08-28T01:27:51Z
2026-08-28T01:22:45Z,2026-08-28T03:22:45+0200,fe344a24-22e0-4cc6-9f99-c4acdbe3c429,2026-08-22T15:45:00Z,2026-08-22T17:45:00+0200,2602.0,MW,NL,NL,forecast_solar_generation,Solar,2026-08-28T01:27:51Z
2026-08-28T01:22:45Z,2026-08-28T03:22:45+0200,fe344a24-22e0-4cc6-9f99-c4acdbe3c429,2026-08-22T16:00:00Z,2026-08-22T18:00:00+0200,2458.0,MW,NL,NL,forecast_solar_generation,Solar,2026-08-28T01:27:51Z
2026-08-28T01:22:45Z,2026-08-28T03:22:45+0200,fe344a24-22e0-4cc6-9f99-c4acdbe3c429,2026-08-22T16:15:00Z,2026-08-22T18:15:00+0200,2222.0,MW,NL,NL,forecast_solar_generation,Solar,2026-08-28T01:27:51Z
2026-08-28T01:22:45Z,2026-08-28T03:22:45+0200,fe344a24-22e0-4cc6-9f99-c4acdbe3c429,2026-08-22T16:30:00Z,2026-08-22T18:30:00+0200,1986.0,MW,NL,NL,forecast_solar_generation,Solar,2026-08-28T01:27:51Z
2026-08-28T01:22:45Z,2026-08-28T03:22:45+0200,fe344a24-22e0-4cc6-9f99-c4acdbe3c429,2026-08-22T16:45:00Z,2026-08-22T18:45:00+0200,1749.0,MW,NL,NL,forecast_solar_generation,Solar,2026-08-28T01:27:51Z
2026-08-28T01:22:45Z,2026-08-28T03:22:45+0200,fe344a24-22e0-4cc6-9f99-c4acdbe3c429,2026-08-22T17:00:00Z,2026-08-22T19:00:00+0200,1515.0,MW,NL,NL,forecast_solar_generation,Solar,2026-08-28T01:27:51Z
2026-08-28T01:22:45Z,2026-08-28T03:22:45+0200,fe344a24-22e0-4cc6-9f99-c4acdbe3c429,2026-08-22T17:15:00Z,2026-08-22T19:15:00+0200,1297.0,MW,NL,NL,forecast_solar_generation,Solar,2026-08-28T01:27:51Z
2026-08-28T01:22:45Z,2026-08-28T03:22:45+0200,fe344a24-22e0-4cc6-9f99-c4acdbe3c429,2026-08-22T17:30:00Z,2026-08-22T19:30:00+0200,1079.0,MW,NL,NL,forecast_solar_generation,Solar,2026-08-28T01:27:51Z
2026-08-28T01:22:45Z,2026-08-28T03:22:45+0200,fe344a24-22e0-4cc6-9f99-c4acdbe3c429,2026-08-22T17:45:00Z,2026-08-22T19:45:00+0200,861.0,MW,NL,NL,forecast_solar_generation,Solar,2026-08-28T01:27:51Z
2026-08-28T01:22:45Z,2026-08-28T03:22:45+0200,fe344a24-22e0-4cc6-9f99-c4acdbe3c429,2026-08-22T18:00:00Z,2026-08-22T20:00:00+0200,640.0,MW,NL,NL,forecast_solar_generation,Solar,2026-08-28T01:27:51Z
2026-08-28T01:22:45Z,2026-08-28T03:22:45+0200,fe344a24-22e0-4cc6-9f99-c4acdbe3c429,2026-08-22T18:15:00Z,2026-08-22T20:15:00+0200,487.0,MW,NL,NL,forecast_solar_generation,Solar,2026-08-28T01:27:51Z
2026-08-28T01:22:45Z,2026-08-28T03:22:45+0200,fe344a24-22e0-4cc6-9f99-c4acdbe3c429,2026-08-22T18:30:00Z,2026-08-22T20:30:00+0200,334.0,MW,NL,NL,forecast_solar_generation,Solar,2026-08-28T01:27:51Z
2026-08-28T01:22:45Z,2026-08-28T03:22:45+0200,fe344a24-22e0-4cc6-9f99-c4acdbe3c429,2026-08-22T18:45:00Z,2026-08-22T20:45:00+0200,180.0,MW,NL,NL,forecast_solar_generation,Solar,2026-08-28T01:27:51Z
2026-08-28T01:22:45Z,2026-08-28T03:22:45+0200,fe344a24-22e0-4cc6-9f99-c4acdbe3c429,2026-08-22T19:00:00Z,2026-08-22T21:00:00+0200,27.0,MW,NL,NL,forecast_solar_generation,Solar,2026-08-28T01:27:51Z
2026-08-28T01:22:45Z,2026-08-28T03:22:45+0200,fe344a24-22e0-4cc6-9f99-c4acdbe3c429,2026-08-22T19:15:00Z,2026-08-22T21:15:00+0200,19.0,MW,NL,NL,forecast_solar_generation,Solar,2026-08-28T01:27:51Z
2026-08-28T01:22:45Z,2026-08-28T03:22:45+0200,fe344a24-22e0-4cc6-9f99-c4acdbe3c429,2026-08-22T19:30:00Z,2026-08-22T21:30:00+0200,11.0,MW,NL,NL,forecast_solar_generation,Solar,2026-08-28T01:27:51Z
2026-08-28T01:22:45Z,2026-08-28T03:22:45+0200,fe344a24-22e0-4cc6-9f99-c4acdbe3c429,2026-08-22T19:45:00Z,2026-08-22T21:45:00+0200,5.0,MW,NL,NL,forecast_solar_generation,Solar,2026-08-28T01:27:51Z
2026-08-28T01:22:45Z,2026-08-28T03:22:45+0200,fe344a24-22e0-4cc6-9f99-c4acdbe3c429,2026-08-22T20:00:00Z,2026-08-22T22:00:00+0200,0.0,MW,NL,NL,forecast_solar_generation,Solar,2026-08-28T01:27:51Z
2026-08-28T01:22:45Z,2026-08-28T03:22:45+0200,fe344a24-22e0-4cc6-9f99-c4acdbe3c429,2026-08-22T20:15:00Z,2026-08-22T22:15:00+0200,0.0,MW,NL,NL,forecast_solar_generation,Solar,2026-08-28T01:27:51Z
2026-08-28T01:22:45Z,2026-08-28T03:22:45+0200,fe344a24-22e0-4cc6-9f99-c4acdbe3c429,2026-08-22T20:30:00Z,2026-08-22T22:30:00+0200,0.0,MW,NL,NL,forecast_solar_generation,Solar,2026-08-28T01:27:51Z
2026-08-28T01:22:45Z,2026-08-28T03:22:45+0200,fe344a24-22e0-4cc6-9f99-c4acdbe3c429,2026-08-22T20:45:00Z,2026-08-22T22:45:00+0200,0.0,MW,NL,NL,forecast_solar_generation,Solar,2026-08-28T01:27:51Z
2026-08-28T01:22:45Z,2026-08-28T03:22:45+0200,fe344a24-22e0-4cc6-9f99-c4acdbe3c429,2026-08-22T21:00:00Z,2026-08-22T23:00:00+0200,0.0,MW,NL,NL,forecast_solar_generation,Solar,2026-08-28T01:27:51Z
2026-08-28T01:22:45Z,2026-08-28T03:22:45+0200,fe344a24-22e0-4cc6-9f99-c4acdbe3c429,2026-08-22T21:15:00Z,2026-08-22T23:15:00+0200,0.0,MW,NL,NL,forecast_solar_generation,Solar,2026-08-28T01:27:51Z
2026-08-28T01:22:45Z,2026-08-28T03:22:45+0200,fe344a24-22e0-4cc6-9f99-c4acdbe3c429,2026-08-22T21:30:00Z,2026-08-22T23:30:00+0200,0.0,MW,NL,NL,forecast_solar_generation,Solar,2026-08-28T01:27:51Z
2026-08-28T01:22:45Z,2026-08-28T03:22:45+0200,fe344a24-22e0-4cc6-9f99-c4acdbe3c429,2026-08-22T21:45:00Z,2026-08-22T23:45:00+0200,0.0,MW,NL,NL,forecast_solar_generation,Solar,2026-08-28T01:27:51Z
2026-08-28T01:22:45Z,2026-08-28T03:22:45+0200,fe344a24-22e0-4cc6-9f99-c4acdbe3c429,2026-08-22T22:00:00Z,2026-08-23T00:00:00+0200,0.0,MW,NL,NL,forecast_solar_generation,Solar,2026-08-28T01:27:51Z
2026-08-28T01:22:45Z,2026-08-28T03:22:45+0200,fe344a24-22e0-4cc6-9f99-c4acdbe3c429,2026-08-22T22:15:00Z,2026-08-23T00:15:00+0200,0.0,MW,NL,NL,forecast_solar_generation,Solar,2026-08-28T01:27:51Z
2026-08-28T01:22:45Z,2026-08-28T03:22:45+0200,fe344a24-22e0-4cc6-9f99-c4acdbe3c429,2026-08-22T22:30:00Z,2026-08-23T00:30:00+0200,0.0,MW,NL,NL,forecast_solar_generation,Solar,2026-08-28T01:27:51Z
2026-08-28T01:22:45Z,2026-08-28T03:22:45+0200,fe344a24-22e0-4cc6-9f99-c4acdbe3c429,2026-08-22T22:45:00Z,2026-08-23T00:45:00+0200,0.0,MW,NL,NL,forecast_solar_generation,Solar,2026-08-28T01:27:51Z
2026-08-28T01:22:45Z,2026-08-28T03:22:45+0200,fe344a24-22e0-4cc6-9f99-c4acdbe3c429,2026-08-22T23:00:00Z,2026-08-23T01:00:00+0200,0.0,MW,NL,NL,forecast_solar_generation,Solar,2026-08-28T01:27:51Z
2026-08-28T01:22:45Z,2026-08-28T03:22:45+0200,fe344a24-22e0-4cc6-9f99-c4acdbe3c429,2026-08-22T23:15:00Z,2026-08-23T01:15:00+0200,0.0,MW,NL,NL,forecast_solar_generation,Solar,2026-08-28T01:27:51Z
2026-08-28T01:22:45Z,2026-08-28T03:22:45+0200,fe344a24-22e0-4cc6-9f99-c4acdbe3c429,2026-08-22T23:30:00Z,2026-08-23T01:30:00+0200,0.0,MW,NL,NL,forecast_solar_generation,Solar,2026-08-28T01:27:51Z
2026-08-28T01:22:45Z,2026-08-28T03:22:45+0200,fe344a24-22e0-4cc6-9f99-c4acdbe3c429,2026-08-22T23:45:00Z,2026-08-23T01:45:00+0200,0.0,MW,NL,NL,forecast_solar_generation,Solar,2026-08-28T01:27:51Z
2026-08-28T01:22:45Z,2026-08-28T03:22:45+0200,fe344a24-22e0-4cc6-9f99-c4acdbe3c429,2026-08-23T00:00:00Z,2026-08-23T02:00:00+0200,0.0,MW,NL,NL,forecast_solar_generation,Solar,2026-08-28T01:27:51Z
2026-08-28T01:22:45Z,2026-08-28T03:22:45+0200,fe344a24-22e0-4cc6-9f99-c4acdbe3c429,2026-08-23T00:15:00Z,2026-08-23T02:15:00+0200,0.0,MW,NL,NL,forecast_solar_generation,Solar,2026-08-28T01:27:51Z
2026-08-28T01:22:45Z,2026-08-28T03:22:45+0200,fe344a24-22e0-4cc6-9f99-c4acdbe3c429,2026-08-23T00:30:00Z,2026-08-23T02:30:00+0200,0.0,MW,NL,NL,forecast_solar_generation,Solar,2026-08-28T01:27:51Z
2026-08-28T01:22:45Z,2026-08-28T03:22:45+0200,fe344a24-22e0-4cc6-9f99-c4acdbe3c429,2026-08-23T00:45:00Z,2026-08-23T02:45:00+0200,0.0,MW,NL,NL,forecast_solar_generation,Solar,2026-08-28T01:27:51Z
2026-08-28T01:22:45Z,2026-08-28T03:22:45+0200,fe344a24-22e0-4cc6-9f99-c4acdbe3c429,2026-08-23T01:00:00Z,2026-08-23T03:00:00+0200,0.0,MW,NL,NL,forecast_solar_generation,Solar,2026-08-28T01:27:51Z
2026-08-28T01:22:45Z,2026-08-28T03:22:45+0200,fe344a24-22e0-4cc6-9f99-c4acdbe3c429,2026-08-23T01:15:00Z,2026-08-23T03:15:00+0200,0.0,MW,NL,NL,forecast_solar_generation,Solar,2026-08-28T01:27:51Z
2026-08-28T01:22:45Z,2026-08-28T03:22:45+0200,fe344a24-22e0-4cc6-9f99-c4acdbe3c429,2026-08-23T01:30:00Z,2026-08-23T03:30:00+0200,0.0,MW,NL,NL,forecast_solar_generation,Solar,2026-08-28T01:27:51Z
2026-08-28T01:22:45Z,2026-08-28T03:22:45+0200,fe344a24-22e0-4cc6-9f99-c4acdbe3c429,2026-08-23T01:45:00Z,2026-08-23T03:45:00+0200,0.0,MW,NL,NL,forecast_solar_generation,Solar,2026-08-28T01:27:51Z
2026-08-28T01:22:45Z,2026-08-28T03:22:45+0200,fe344a24-22e0-4cc6-9f99-c4acdbe3c429,2026-08-23T02:00:00Z,2026-08-23T04:00:00+0200,0.0,MW,NL,NL,forecast_solar_generation,Solar,2026-08-28T01:27:51Z
2026-08-28T01:22:45Z,2026-08-28T03:22:45+0200,fe344a24-22e0-4cc6-9f99-c4acdbe3c429,2026-08-23T02:15:00Z,2026-08-23T04:15:00+0200,0.0,MW,NL,NL,forecast_solar_generation,Solar,2026-08-28T01:27:51Z
2026-08-28T01:22:45Z,2026-08-28T03:22:45+0200,fe344a24-22e0-4cc6-9f99-c4acdbe3c429,2026-08-23T02:30:00Z,2026-08-23T04:30:00+0200,0.0,MW,NL,NL,forecast_solar_generation,Solar,2026-08-28T01:27:51Z
2026-08-28T01:22:45Z,2026-08-28T03:22:45+0200,fe344a24-22e0-4cc6-9f99-c4acdbe3c429,2026-08-23T02:45:00Z,2026-08-23T04:45:00+0200,0.0,MW,NL,NL,forecast_solar_generation,Solar,2026-08-28T01:27:51Z
2026-08-28T01:22:45Z,2026-08-28T03:22:45+0200,fe344a24-22e0-4cc6-9f99-c4acdbe3c429,2026-08-23T03:00:00Z,2026-08-23T05:00:00+0200,0.0,MW,NL,NL,forecast_solar_generation,Solar,2026-08-28T01:27:51Z
2026-08-28T01:22:45Z,2026-08-28T03:22:45+0200,fe344a24-22e0-4cc6-9f99-c4acdbe3c429,2026-08-23T03:15:00Z,2026-08-23T05:15:00+0200,0.0,MW,NL,NL,forecast_solar_generation,Solar,2026-08-28T01:27:51Z
2026-08-28T01:22:45Z,2026-08-28T03:22:45+0200,fe344a24-22e0-4cc6-9f99-c4acdbe3c429,2026-08-23T03:30:00Z,2026-08-23T05:30:00+0200,0.0,MW,NL,NL,forecast_solar_generation,Solar,2026-08-28T01:27:51Z
2026-08-28T01:22:45Z,2026-08-28T03:22:45+0200,fe344a24-22e0-4cc6-9f99-c4acdbe3c429,2026-08-23T03:45:00Z,2026-08-23T05:45:00+0200,0.0,MW,NL,NL,forecast_solar_generation,Solar,2026-08-28T01:27:51Z
2026-08-28T01:22:45Z,2026-08-28T03:22:45+0200,fe344a24-22e0-4cc6-9f99-c4acdbe3c429,2026-08-23T04:00:00Z,2026-08-23T06:00:00+0200,0.0,MW,NL,NL,forecast_solar_generation,Solar,2026-08-28T01:27:51Z
2026-08-28T01:22:45Z,2026-08-28T03:22:45+0200,fe344a24-22e0-4cc6-9f99-c4acdbe3c429,2026-08-23T04:15:00Z,2026-08-23T06:15:00+0200,0.0,MW,NL,NL,forecast_solar_generation,Solar,2026-08-28T01:27:51Z
2026-08-28T01:22:45Z,2026-08-28T03:22:45+0200,fe344a24-22e0-4cc6-9f99-c4acdbe3c429,2026-08-23T04:30:00Z,2026-08-23T06:30:00+0200,0.0,MW,NL,NL,forecast_solar_generation,Solar,2026-08-28T01:27:51Z
2026-08-28T01:22:45Z,2026-08-28T03:22:45+0200,fe344a24-22e0-4cc6-9f99-c4acdbe3c429,2026-08-23T04:45:00Z,2026-08-23T06:45:00+0200,1.0,MW,NL,NL,forecast_solar_generation,Solar,2026-08-28T01:27:51Z
2026-08-28T01:22:45Z,2026-08-28T03:22:45+0200,fe344a24-22e0-4cc6-9f99-c4acdbe3c429,2026-08-23T05:00:00Z,2026-08-23T07:00:00+0200,4.0,MW,NL,NL,forecast_solar_generation,Solar,2026-08-28T01:27:51Z
2026-08-28T01:22:45Z,2026-08-28T03:22:45+0200,fe344a24-22e0-4cc6-9f99-c4acdbe3c429,2026-08-23T05:15:00Z,2026-08-23T07:15:00+0200,86.0,MW,NL,NL,forecast_solar_generation,Solar,2026-08-28T01:27:51Z
2026-08-28T01:22:45Z,2026-08-28T03:22:45+0200,fe344a24-22e0-4cc6-9f99-c4acdbe3c429,2026-08-23T05:30:00Z,2026-08-23T07:30:00+0200,168.0,MW,NL,NL,forecast_solar_generation,Solar,2026-08-28T01:27:51Z
2026-08-28T01:22:45Z,2026-08-28T03:22:45+0200,fe344a24-22e0-4cc6-9f99-c4acdbe3c429,2026-08-23T05:45:00Z,2026-08-23T07:45:00+0200,246.0,MW,NL,NL,forecast_solar_generation,Solar,2026-08-28T01:27:51Z
2026-08-28T01:22:45Z,2026-08-28T03:22:45+0200,fe344a24-22e0-4cc6-9f99-c4acdbe3c429,2026-08-23T06:00:00Z,2026-08-23T08:00:00+0200,328.0,MW,NL,NL,forecast_solar_generation,Solar,2026-08-28T01:27:51Z
2026-08-28T01:22:45Z,2026-08-28T03:22:45+0200,fe344a24-22e0-4cc6-9f99-c4acdbe3c429,2026-08-23T06:15:00Z,2026-08-23T08:15:00+0200,520.0,MW,NL,NL,forecast_solar_generation,Solar,2026-08-28T01:27:51Z
2026-08-28T01:22:45Z,2026-08-28T03:22:45+0200,fe344a24-22e0-4cc6-9f99-c4acdbe3c429,2026-08-23T06:30:00Z,2026-08-23T08:30:00+0200,717.0,MW,NL,NL,forecast_solar_generation,Solar,2026-08-28T01:27:51Z
2026-08-28T01:22:45Z,2026-08-28T03:22:45+0200,fe344a24-22e0-4cc6-9f99-c4acdbe3c429,2026-08-23T06:45:00Z,2026-08-23T08:45:00+0200,909.0,MW,NL,NL,forecast_solar_generation,Solar,2026-08-28T01:27:51Z
2026-08-28T01:22:45Z,2026-08-28T03:22:45+0200,fe344a24-22e0-4cc6-9f99-c4acdbe3c429,2026-08-23T07:00:00Z,2026-08-23T09:00:00+0200,1104.0,MW,NL,NL,forecast_solar_generation,Solar,2026-08-28T01:27:51Z
2026-08-28T01:22:45Z,2026-08-28T03:22:45+0200,fe344a24-22e0-4cc6-9f99-c4acdbe3c429,2026-08-23T07:15:00Z,2026-08-23T09:15:00+0200,1325.0,MW,NL,NL,forecast_solar_generation,Solar,2026-08-28T01:27:51Z
2026-08-28T01:22:45Z,2026-08-28T03:22:45+0200,fe344a24-22e0-4cc6-9f99-c4acdbe3c429,2026-08-23T07:30:00Z,2026-08-23T09:30:00+0200,1545.0,MW,NL,NL,forecast_solar_generation,Solar,2026-08-28T01:27:51Z
2026-08-28T01:22:45Z,2026-08-28T03:22:45+0200,fe344a24-22e0-4cc6-9f99-c4acdbe3c429,2026-08-23T07:45:00Z,2026-08-23T09:45:00+0200,1765.0,MW,NL,NL,forecast_solar_generation,Solar,2026-08-28T01:27:51Z
2026-08-28T01:22:45Z,2026-08-28T03:22:45+0200,fe344a24-22e0-4cc6-9f99-c4acdbe3c429,2026-08-23T08:00:00Z,2026-08-23T10:00:00+0200,1989.0,MW,NL,NL,forecast_solar_generation,Solar,2026-08-28T01:27:51Z
2026-08-28T01:22:45Z,2026-08-28T03:22:45+0200,fe344a24-22e0-4cc6-9f99-c4acdbe3c429,2026-08-23T08:15:00Z,2026-08-23T10:15:00+0200,2195.0,MW,NL,NL,forecast_solar_generation,Solar,2026-08-28T01:27:51Z
2026-08-28T01:22:45Z,2026-08-28T03:22:45+0200,fe344a24-22e0-4cc6-9f99-c4acdbe3c429,2026-08-23T08:30:00Z,2026-08-23T10:30:00+0200,2397.0,MW,NL,NL,forecast_solar_generation,Solar,2026-08-28T01:27:51Z
2026-08-28T01:22:45Z,2026-08-28T03:22:45+0200,fe344a24-22e0-4cc6-9f99-c4acdbe3c429,2026-08-23T08:45:00Z,2026-08-23T10:45:00+0200,2599.0,MW,NL,NL,forecast_solar_generation,Solar,2026-08-28T01:27:51Z
2026-08-28T01:22:45Z,2026-08-28T03:22:45+0200,fe344a24-22e0-4cc6-9f99-c4acdbe3c429,2026-08-23T09:00:00Z,2026-08-23T11:00:00+0200,2804.0,MW,NL,NL,forecast_solar_generation,Solar,2026-08-28T01:27:51Z
2026-08-28T01:22:45Z,2026-08-28T03:22:45+0200,fe344a24-22e0-4cc6-9f99-c4acdbe3c429,2026-08-23T09:15:00Z,2026-08-23T11:15:00+0200,2826.0,MW,NL,NL,forecast_solar_generation,Solar,2026-08-28T01:27:51Z
2026-08-28T01:22:45Z,2026-08-28T03:22:45+0200,fe344a24-22e0-4cc6-9f99-c4acdbe3c429,2026-08-23T09:30:00Z,2026-08-23T11:30:00+0200,2851.0,MW,NL,NL,forecast_solar_generation,Solar,2026-08-28T01:27:51Z
2026-08-28T01:22:45Z,2026-08-28T03:22:45+0200,fe344a24-22e0-4cc6-9f99-c4acdbe3c429,2026-08-23T09:45:00Z,2026-08-23T11:45:00+0200,2875.0,MW,NL,NL,forecast_solar_generation,Solar,2026-08-28T01:27:51Z
2026-08-28T01:22:45Z,2026-08-28T03:22:45+0200,fe344a24-22e0-4cc6-9f99-c4acdbe3c429,2026-08-23T10:00:00Z,2026-08-23T12:00:00+0200,2898.0,MW,NL,NL,forecast_solar_generation,Solar,2026-08-28T01:27:51Z
2026-08-28T01:22:45Z,2026-08-28T03:22:45+0200,fe344a24-22e0-4cc6-9f99-c4acdbe3c429,2026-08-23T10:15:00Z,2026-08-23T12:15:00+0200,2993.0,MW,NL,NL,forecast_solar_generation,Solar,2026-08-28T01:27:51Z
2026-08-28T01:22:45Z,2026-08-28T03:22:45+0200,fe344a24-22e0-4cc6-9f99-c4acdbe3c429,2026-08-23T10:30:00Z,2026-08-23T12:30:00+0200,3085.0,MW,NL,NL,forecast_solar_generation,Solar,2026-08-28T01:27:51Z
2026-08-28T01:22:45Z,2026-08-28T03:22:45+0200,fe344a24-22e0-4cc6-9f99-c4acdbe3c429,2026-08-23T10:45:00Z,2026-08-23T12:45:00+0200,3178.0,MW,NL,NL,forecast_solar_generation,Solar,2026-08-28T01:27:51Z
2026-08-28T01:22:45Z,2026-08-28T03:22:45+0200,fe344a24-22e0-4cc6-9f99-c4acdbe3c429,2026-08-23T11:00:00Z,2026-08-23T13:00:00+0200,3269.0,MW,NL,NL,forecast_solar_generation,Solar,2026-08-28T01:27:51Z
2026-08-28T01:22:45Z,2026-08-28T03:22:45+0200,fe344a24-22e0-4cc6-9f99-c4acdbe3c429,2026-08-23T11:15:00Z,2026-08-23T13:15:00+0200,3309.0,MW,NL,NL,forecast_solar_generation,Solar,2026-08-28T01:27:51Z
2026-08-28T01:22:45Z,2026-08-28T03:22:45+0200,fe344a24-22e0-4cc6-9f99-c4acdbe3c429,2026-08-23T11:30:00Z,2026-08-23T13:30:00+0200,3345.0,MW,NL,NL,forecast_solar_generation,Solar,2026-08-28T01:27:51Z
2026-08-28T01:22:45Z,2026-08-28T03:22:45+0200,fe344a24-22e0-4cc6-9f99-c4acdbe3c429,2026-08-23T11:45:00Z,2026-08-23T13:45:00+0200,3387.0,MW,NL,NL,forecast_solar_generation,Solar,2026-08-28T01:27:51Z
2026-08-28T01:22:45Z,2026-08-28T03:22:45+0200,fe344a24-22e0-4cc6-9f99-c4acdbe3c429,2026-08-23T12:00:00Z,2026-08-23T14:00:00+0200,3424.0,MW,NL,NL,forecast_solar_generation,Solar,2026-08-28T01:27:51Z
2026-08-28T01:22:45Z,2026-08-28T03:22:45+0200,fe344a24-22e0-4cc6-9f99-c4acdbe3c429,2026-08-23T12:15:00Z,2026-08-23T14:15:00+0200,3398.0,MW,NL,NL,forecast_solar_generation,Solar,2026-08-28T01:27:51Z
2026-08-28T01:22:45Z,2026-08-28T03:22:45+0200,fe344a24-22e0-4cc6-9f99-c4acdbe3c429,2026-08-23T12:30:00Z,2026-08-23T14:30:00+0200,3371.0,MW,NL,NL,forecast_solar_generation,Solar,2026-08-28T01:27:51Z
2026-08-28T01:22:45Z,2026-08-28T03:22:45+0200,fe344a24-22e0-4cc6-9f99-c4acdbe3c429,2026-08-23T12:45:00Z,2026-08-23T14:45:00+0200,3347.0,MW,NL,NL,forecast_solar_generation,Solar,2026-08-28T01:27:51Z
2026-08-28T01:22:45Z,2026-08-28T03:22:45+0200,fe344a24-22e0-4cc6-9f99-c4acdbe3c429,2026-08-23T13:00:00Z,2026-08-23T15:00:00+0200,3319.0,MW,NL,NL,forecast_solar_generation,Solar,2026-08-28T01:27:51Z
2026-08-28T01:22:45Z,2026-08-28T03:22:45+0200,fe344a24-22e0-4cc6-9f99-c4acdbe3c429,2026-08-23T13:15:00Z,2026-08-23T15:15:00+0200,3244.0,MW,NL,NL,forecast_solar_generation,Solar,2026-08-28T01:27:51Z
2026-08-28T01:22:45Z,2026-08-28T03:22:45+0200,fe344a24-22e0-4cc6-9f99-c4acdbe3c429,2026-08-23T13:30:00Z,2026-08-23T15:30:00+0200,3168.0,MW,NL,NL,forecast_solar_generation,Solar,2026-08-28T01:27:51Z
2026-08-28T01:22:45Z,2026-08-28T03:22:45+0200,fe344a24-22e0-4cc6-9f99-c4acdbe3c429,2026-08-23T13:45:00Z,2026-08-23T15:45:00+0200,3095.0,MW,NL,NL,forecast_solar_generation,Solar,2026-08-28T01:27:51Z
2026-08-28T01:22:45Z,2026-08-28T03:22:45+0200,fe344a24-22e0-4cc6-9f99-c4acdbe3c429,2026-08-23T14:00:00Z,2026-08-23T16:00:00+0200,3021.0,MW,NL,NL,forecast_solar_generation,Solar,2026-08-28T01:27:51Z
2026-08-28T01:22:45Z,2026-08-28T03:22:45+0200,fe344a24-22e0-4cc6-9f99-c4acdbe3c429,2026-08-23T14:15:00Z,2026-08-23T16:15:00+0200,2897.0,MW,NL,NL,forecast_solar_generation,Solar,2026-08-28T01:27:51Z
2026-08-28T01:22:45Z,2026-08-28T03:22:45+0200,fe344a24-22e0-4cc6-9f99-c4acdbe3c429,2026-08-23T14:30:00Z,2026-08-23T16:30:00+0200,2776.0,MW,NL,NL,forecast_solar_generation,Solar,2026-08-28T01:27:51Z
2026-08-28T01:22:45Z,2026-08-28T03:22:45+0200,fe344a24-22e0-4cc6-9f99-c4acdbe3c429,2026-08-23T14:45:00Z,2026-08-23T16:45:00+0200,2652.0,MW,NL,NL,forecast_solar_generation,Solar,2026-08-28T01:27:51Z
2026-08-28T01:22:45Z,2026-08-28T03:22:45+0200,fe344a24-22e0-4cc6-9f99-c4acdbe3c429,2026-08-23T15:00:00Z,2026-08-23T17:00:00+0200,2527.0,MW,NL,NL,forecast_solar_generation,Solar,2026-08-28T01:27:51Z
2026-08-28T01:22:45Z,2026-08-28T03:22:45+0200,fe344a24-22e0-4cc6-9f99-c4acdbe3c429,2026-08-23T15:15:00Z,2026-08-23T17:15:00+0200,2431.0,MW,NL,NL,forecast_solar_generation,Solar,2026-08-28T01:27:51Z
2026-08-28T01:22:45Z,2026-08-28T03:22:45+0200,fe344a24-22e0-4cc6-9f99-c4acdbe3c429,2026-08-23T15:30:00Z,2026-08-23T17:30:00+0200,2334.0,MW,NL,NL,forecast_solar_generation,Solar,2026-08-28T01:27:51Z
2026-08-28T01:22:45Z,2026-08-28T03:22:45+0200,fe344a24-22e0-4cc6-9f99-c4acdbe3c429,2026-08-23T15:45:00Z,2026-08-23T17:45:00+0200,2239.0,MW,NL,NL,forecast_solar_generation,Solar,2026-08-28T01:27:51Z
2026-08-28T01:22:45Z,2026-08-28T03:22:45+0200,fe344a24-22e0-4cc6-9f99-c4acdbe3c429,2026-08-23T16:00:00Z,2026-08-23T18:00:00+0200,2143.0,MW,NL,NL,forecast_solar_generation,Solar,2026-08-28T01:27:51Z
2026-08-28T01:22:45Z,2026-08-28T03:22:45+0200,fe344a24-22e0-4cc6-9f99-c4acdbe3c429,2026-08-23T16:15:00Z,2026-08-23T18:15:00+0200,1937.0,MW,NL,NL,forecast_solar_generation,Solar,2026-08-28T01:27:51Z
2026-08-28T01:22:45Z,2026-08-28T03:22:45+0200,fe344a24-22e0-4cc6-9f99-c4acdbe3c429,2026-08-23T16:30:00Z,2026-08-23T18:30:00+0200,1732.0,MW,NL,NL,forecast_solar_generation,Solar,2026-08-28T01:27:51Z
2026-08-28T01:22:45Z,2026-08-28T03:22:45+0200,fe344a24-22e0-4cc6-9f99-c4acdbe3c429,2026-08-23T16:45:00Z,2026-08-23T18:45:00+0200,1522.0,MW,NL,NL,forecast_solar_generation,Solar,2026-08-28T01:27:51Z
2026-08-28T01:22:45Z,2026-08-28T03:22:45+0200,fe344a24-22e0-4cc6-9f99-c4acdbe3c429,2026-08-23T17:00:00Z,2026-08-23T19:00:00+0200,1319.0,MW,NL,NL,forecast_solar_generation,Solar,2026-08-28T01:27:51Z
2026-08-28T01:22:45Z,2026-08-28T03:22:45+0200,fe344a24-22e0-4cc6-9f99-c4acdbe3c429,2026-08-23T17:15:00Z,2026-08-23T19:15:00+0200,1128.0,MW,NL,NL,forecast_solar_generation,Solar,2026-08-28T01:27:51Z
2026-08-28T01:22:45Z,2026-08-28T03:22:45+0200,fe344a24-22e0-4cc6-9f99-c4acdbe3c429,2026-08-23T17:30:00Z,2026-08-23T19:30:00+0200,941.0,MW,NL,NL,forecast_solar_generation,Solar,2026-08-28T01:27:51Z
2026-08-28T01:22:45Z,2026-08-28T03:22:45+0200,fe344a24-22e0-4cc6-9f99-c4acdbe3c429,2026-08-23T17:45:00Z,2026-08-23T19:45:00+0200,749.0,MW,NL,NL,forecast_solar_generation,Solar,2026-08-28T01:27:51Z
2026-08-28T01:22:45Z,2026-08-28T03:22:45+0200,fe344a24-22e0-4cc6-9f99-c4acdbe3c429,2026-08-23T18:00:00Z,2026-08-23T20:00:00+0200,560.0,MW,NL,NL,forecast_solar_generation,Solar,2026-08-28T01:27:51Z
2026-08-28T01:22:45Z,2026-08-28T03:22:45+0200,fe344a24-22e0-4cc6-9f99-c4acdbe3c429,2026-08-23T18:15:00Z,2026-08-23T20:15:00+0200,426.0,MW,NL,NL,forecast_solar_generation,Solar,2026-08-28T01:27:51Z
2026-08-28T01:22:45Z,2026-08-28T03:22:45+0200,fe344a24-22e0-4cc6-9f99-c4acdbe3c429,2026-08-23T18:30:00Z,2026-08-23T20:30:00+0200,291.0,MW,NL,NL,forecast_solar_generation,Solar,2026-08-28T01:27:51Z
2026-08-28T01:22:45Z,2026-08-28T03:22:45+0200,fe344a24-22e0-4cc6-9f99-c4acdbe3c429,2026-08-23T18:45:00Z,2026-08-23T20:45:00+0200,157.0,MW,NL,NL,forecast_solar_generation,Solar,2026-08-28T01:27:51Z
2026-08-28T01:22:45Z,2026-08-28T03:22:45+0200,fe344a24-22e0-4cc6-9f99-c4acdbe3c429,2026-08-23T19:00:00Z,2026-08-23T21:00:00+0200,24.0,MW,NL,NL,forecast_solar_generation,Solar,2026-08-28T01:27:51Z
2026-08-28T01:22:45Z,2026-08-28T03:22:45+0200,fe344a24-22e0-4cc6-9f99-c4acdbe3c429,2026-08-23T19:15:00Z,2026-08-23T21:15:00+0200,16.0,MW,NL,NL,forecast_solar_generation,Solar,2026-08-28T01:27:51Z
2026-08-28T01:22:45Z,2026-08-28T03:22:45+0200,fe344a24-22e0-4cc6-9f99-c4acdbe3c429,2026-08-23T19:30:00Z,2026-08-23T21:30:00+0200,11.0,MW,NL,NL,forecast_solar_generation,Solar,2026-08-28T01:27:51Z
2026-08-28T01:22:45Z,2026-08-28T03:22:45+0200,fe344a24-22e0-4cc6-9f99-c4acdbe3c429,2026-08-23T19:45:00Z,2026-08-23T21:45:00+0200,4.0,MW,NL,NL,forecast_solar_generation,Solar,2026-08-28T01:27:51Z
2026-08-28T01:22:45Z,2026-08-28T03:22:45+0200,fe344a24-22e0-4cc6-9f99-c4acdbe3c429,2026-08-23T20:00:00Z,2026-08-23T22:00:00+0200,0.0,MW,NL,NL,forecast_solar_generation,Solar,2026-08-28T01:27:51Z
2026-08-28T01:22:45Z,2026-08-28T03:22:45+0200,fe344a24-22e0-4cc6-9f99-c4acdbe3c429,2026-08-23T20:15:00Z,2026-08-23T22:15:00+0200,0.0,MW,NL,NL,forecast_solar_generation,Solar,2026-08-28T01:27:51Z
2026-08-28T01:22:45Z,2026-08-28T03:22:45+0200,fe344a24-22e0-4cc6-9f99-c4acdbe3c429,2026-08-23T20:30:00Z,2026-08-23T22:30:00+0200,0.0,MW,NL,NL,forecast_solar_generation,Solar,2026-08-28T01:27:51Z
2026-08-28T01:22:45Z,2026-08-28T03:22:45+0200,fe344a24-22e0-4cc6-9f99-c4acdbe3c429,2026-08-23T20:45:00Z,2026-08-23T22:45:00+0200,0.0,MW,NL,NL,forecast_solar_generation,Solar,2026-08-28T01:27:51Z
2026-08-28T01:22:45Z,2026-08-28T03:22:45+0200,fe344a24-22e0-4cc6-9f99-c4acdbe3c429,2026-08-23T21:00:00Z,2026-08-23T23:00:00+0200,0.0,MW,NL,NL,forecast_solar_generation,Solar,2026-08-28T01:27:51Z
2026-08-28T01:22:45Z,2026-08-28T03:22:45+0200,fe344a24-22e0-4cc6-9f99-c4acdbe3c429,2026-08-23T21:15:00Z,2026-08-23T23:15:00+0200,0.0,MW,NL,NL,forecast_solar_generation,Solar,2026-08-28T01:27:51Z
2026-08-28T01:22:45Z,2026-08-28T03:22:45+0200,fe344a24-22e0-4cc6-9f99-c4acdbe3c429,2026-08-23T21:30:00Z,2026-08-23T23:30:00+0200,0.0,MW,NL,NL,forecast_solar_generation,Solar,2026-08-28T01:27:51Z
2026-08-28T01:22:45Z,2026-08-28T03:22:45+0200,fe344a24-22e0-4cc6-9f99-c4acdbe3c429,2026-08-23T21:45:00Z,2026-08-23T23:45:00+0200,0.0,MW,NL,NL,forecast_solar_generation,Solar,2026-08-28T01:27:51Z
2026-08-28T01:22:45Z,2026-08-28T03:22:45+0200,fe344a24-22e0-4cc6-9f99-c4acdbe3c429,2026-08-23T22:00:00Z,2026-08-24T00:00:00+0200,0.0,MW,NL,NL,forecast_solar_generation,Solar,2026-08-28T01:27:51Z
2026-08-28T01:22:45Z,2026-08-28T03:22:45+0200,fe344a24-22e0-4cc6-9f99-c4acdbe3c429,2026-08-23T22:15:00Z,2026-08-24T00:15:00+0200,0.0,MW,NL,NL,forecast_solar_generation,Solar,2026-08-28T01:27:51Z
2026-08-28T01:22:45Z,2026-08-28T03:22:45+0200,fe344a24-22e0-4cc6-9f99-c4acdbe3c429,2026-08-23T22:30:00Z,2026-08-24T00:30:00+0200,0.0,MW,NL,NL,forecast_solar_generation,Solar,2026-08-28T01:27:51Z
2026-08-28T01:22:45Z,2026-08-28T03:22:45+0200,fe344a24-22e0-4cc6-9f99-c4acdbe3c429,2026-08-23T22:45:00Z,2026-08-24T00:45:00+0200,0.0,MW,NL,NL,forecast_solar_generation,Solar,2026-08-28T01:27:51Z
2026-08-28T01:22:45Z,2026-08-28T03:22:45+0200,fe344a24-22e0-4cc6-9f99-c4acdbe3c429,2026-08-23T23:00:00Z,2026-08-24T01:00:00+0200,0.0,MW,NL,NL,forecast_solar_generation,Solar,2026-08-28T01:27:51Z
2026-08-28T01:22:45Z,2026-08-28T03:22:45+0200,fe344a24-22e0-4cc6-9f99-c4acdbe3c429,2026-08-23T23:15:00Z,2026-08-24T01:15:00+0200,0.0,MW,NL,NL,forecast_solar_generation,Solar,2026-08-28T01:27:51Z
2026-08-28T01:22:45Z,2026-08-28T03:22:45+0200,fe344a24-22e0-4cc6-9f99-c4acdbe3c429,2026-08-23T23:30:00Z,2026-08-24T01:30:00+0200,0.0,MW,NL,NL,forecast_solar_generation,Solar,2026-08-28T01:27:51Z
2026-08-28T01:22:45Z,2026-08-28T03:22:45+0200,fe344a24-22e0-4cc6-9f99-c4acdbe3c429,2026-08-23T23:45:00Z,2026-08-24T01:45:00+0200,0.0,MW,NL,NL,forecast_solar_generation,Solar,2026-08-28T01:27:51Z
2026-08-28T01:22:45Z,2026-08-28T03:22:45+0200,fe344a24-22e0-4cc6-9f99-c4acdbe3c429,2026-08-24T00:00:00Z,2026-08-24T02:00:00+0200,0.0,MW,NL,NL,forecast_solar_generation,Solar,2026-08-28T01:27:51Z
2026-08-28T01:22:45Z,2026-08-28T03:22:45+0200,fe344a24-22e0-4cc6-9f99-c4acdbe3c429,2026-08-24T00:15:00Z,2026-08-24T02:15:00+0200,0.0,MW,NL,NL,forecast_solar_generation,Solar,2026-08-28T01:27:51Z
2026-08-28T01:22:45Z,2026-08-28T03:22:45+0200,fe344a24-22e0-4cc6-9f99-c4acdbe3c429,2026-08-24T00:30:00Z,2026-08-24T02:30:00+0200,0.0,MW,NL,NL,forecast_solar_generation,Solar,2026-08-28T01:27:51Z
2026-08-28T01:22:45Z,2026-08-28T03:22:45+0200,fe344a24-22e0-4cc6-9f99-c4acdbe3c429,2026-08-24T00:45:00Z,2026-08-24T02:45:00+0200,0.0,MW,NL,NL,forecast_solar_generation,Solar,2026-08-28T01:27:51Z
2026-08-28T01:22:45Z,2026-08-28T03:22:45+0200,fe344a24-22e0-4cc6-9f99-c4acdbe3c429,2026-08-24T01:00:00Z,2026-08-24T03:00:00+0200,0.0,MW,NL,NL,forecast_solar_generation,Solar,2026-08-28T01:27:51Z
2026-08-28T01:22:45Z,2026-08-28T03:22:45+0200,fe344a24-22e0-4cc6-9f99-c4acdbe3c429,2026-08-24T01:15:00Z,2026-08-24T03:15:00+0200,0.0,MW,NL,NL,forecast_solar_generation,Solar,2026-08-28T01:27:51Z
2026-08-28T01:22:45Z,2026-08-28T03:22:45+0200,fe344a24-22e0-4cc6-9f99-c4acdbe3c429,2026-08-24T01:30:00Z,2026-08-24T03:30:00+0200,0.0,MW,NL,NL,forecast_solar_generation,Solar,2026-08-28T01:27:51Z
2026-08-28T01:22:45Z,2026-08-28T03:22:45+0200,fe344a24-22e0-4cc6-9f99-c4acdbe3c429,2026-08-24T01:45:00Z,2026-08-24T03:45:00+0200,0.0,MW,NL,NL,forecast_solar_generation,Solar,2026-08-28T01:27:51Z
2026-08-28T01:22:45Z,2026-08-28T03:22:45+0200,fe344a24-22e0-4cc6-9f99-c4acdbe3c429,2026-08-24T02:00:00Z,2026-08-24T04:00:00+0200,0.0,MW,NL,NL,forecast_solar_generation,Solar,2026-08-28T01:27:51Z
2026-08-28T01:22:45Z,2026-08-28T03:22:45+0200,fe344a24-22e0-4cc6-9f99-c4acdbe3c429,2026-08-24T02:15:00Z,2026-08-24T04:15:00+0200,0.0,MW,NL,NL,forecast_solar_generation,Solar,2026-08-28T01:27:51Z
2026-08-28T01:22:45Z,2026-08-28T03:22:45+0200,fe344a24-22e0-4cc6-9f99-c4acdbe3c429,2026-08-24T02:30:00Z,2026-08-24T04:30:00+0200,0.0,MW,NL,NL,forecast_solar_generation,Solar,2026-08-28T01:27:51Z
2026-08-28T01:22:45Z,2026-08-28T03:22:45+0200,fe344a24-22e0-4cc6-9f99-c4acdbe3c429,2026-08-24T02:45:00Z,2026-08-24T04:45:00+0200,0.0,MW,NL,NL,forecast_solar_generation,Solar,2026-08-28T01:27:51Z
2026-08-28T01:22:45Z,2026-08-28T03:22:45+0200,fe344a24-22e0-4cc6-9f99-c4acdbe3c429,2026-08-24T03:00:00Z,2026-08-24T05:00:00+0200,0.0,MW,NL,NL,forecast_solar_generation,Solar,2026-08-28T01:27:51Z
2026-08-28T01:22:45Z,2026-08-28T03:22:45+0200,fe344a24-22e0-4cc6-9f99-c4acdbe3c429,2026-08-24T03:15:00Z,2026-08-24T05:15:00+0200,0.0,MW,NL,NL,forecast_solar_generation,Solar,2026-08-28T01:27:51Z
2026-08-28T01:22:45Z,2026-08-28T03:22:45+0200,fe344a24-22e0-4cc6-9f99-c4acdbe3c429,2026-08-24T03:30:00Z,2026-08-24T05:30:00+0200,0.0,MW,NL,NL,forecast_solar_generation,Solar,2026-08-28T01:27:51Z
2026-08-28T01:22:45Z,2026-08-28T03:22:45+0200,fe344a24-22e0-4cc6-9f99-c4acdbe3c429,2026-08-24T03:45:00Z,2026-08-24T05:45:00+0200,0.0,MW,NL,NL,forecast_solar_generation,Solar,2026-08-28T01:27:51Z
2026-08-28T01:22:45Z,2026-08-28T03:22:45+0200,fe344a24-22e0-4cc6-9f99-c4acdbe3c429,2026-08-24T04:00:00Z,2026-08-24T06:00:00+0200,0.0,MW,NL,NL,forecast_solar_generation,Solar,2026-08-28T01:27:51Z
2026-08-28T01:22:45Z,2026-08-28T03:22:45+0200,fe344a24-22e0-4cc6-9f99-c4acdbe3c429,2026-08-24T04:15:00Z,2026-08-24T06:15:00+0200,0.0,MW,NL,NL,forecast_solar_generation,Solar,2026-08-28T01:27:51Z
2026-08-28T01:22:45Z,2026-08-28T03:22:45+0200,fe344a24-22e0-4cc6-9f99-c4acdbe3c429,2026-08-24T04:30:00Z,2026-08-24T06:30:00+0200,0.0,MW,NL,NL,forecast_solar_generation,Solar,2026-08-28T01:27:51Z
2026-08-28T01:22:45Z,2026-08-28T03:22:45+0200,fe344a24-22e0-4cc6-9f99-c4acdbe3c429,2026-08-24T04:45:00Z,2026-08-24T06:45:00+0200,1.0,MW,NL,NL,forecast_solar_generation,Solar,2026-08-28T01:27:51Z
2026-08-28T01:22:45Z,2026-08-28T03:22:45+0200,fe344a24-22e0-4cc6-9f99-c4acdbe3c429,2026-08-24T05:00:00Z,2026-08-24T07:00:00+0200,2.0,MW,NL,NL,forecast_solar_generation,Solar,2026-08-28T01:27:51Z
2026-08-28T01:22:45Z,2026-08-28T03:22:45+0200,fe344a24-22e0-4cc6-9f99-c4acdbe3c429,2026-08-24T05:15:00Z,2026-08-24T07:15:00+0200,93.0,MW,NL,NL,forecast_solar_generation,Solar,2026-08-28T01:27:51Z
2026-08-28T01:22:45Z,2026-08-28T03:22:45+0200,fe344a24-22e0-4cc6-9f99-c4acdbe3c429,2026-08-24T05:30:00Z,2026-08-24T07:30:00+0200,179.0,MW,NL,NL,forecast_solar_generation,Solar,2026-08-28T01:27:51Z
2026-08-28T01:22:45Z,2026-08-28T03:22:45+0200,fe344a24-22e0-4cc6-9f99-c4acdbe3c429,2026-08-24T05:45:00Z,2026-08-24T07:45:00+0200,266.0,MW,NL,NL,forecast_solar_generation,Solar,2026-08-28T01:27:51Z
2026-08-28T01:22:45Z,2026-08-28T03:22:45+0200,fe344a24-22e0-4cc6-9f99-c4acdbe3c429,2026-08-24T06:00:00Z,2026-08-24T08:00:00+0200,355.0,MW,NL,NL,forecast_solar_generation,Solar,2026-08-28T01:27:51Z
2026-08-28T01:22:45Z,2026-08-28T03:22:45+0200,fe344a24-22e0-4cc6-9f99-c4acdbe3c429,2026-08-24T06:15:00Z,2026-08-24T08:15:00+0200,581.0,MW,NL,NL,forecast_solar_generation,Solar,2026-08-28T01:27:51Z
2026-08-28T01:22:45Z,2026-08-28T03:22:45+0200,fe344a24-22e0-4cc6-9f99-c4acdbe3c429,2026-08-24T06:30:00Z,2026-08-24T08:30:00+0200,805.0,MW,NL,NL,forecast_solar_generation,Solar,2026-08-28T01:27:51Z
2026-08-28T01:22:45Z,2026-08-28T03:22:45+0200,fe344a24-22e0-4cc6-9f99-c4acdbe3c429,2026-08-24T06:45:00Z,2026-08-24T08:45:00+0200,1034.0,MW,NL,NL,forecast_solar_generation,Solar,2026-08-28T01:27:51Z
2026-08-28T01:22:45Z,2026-08-28T03:22:45+0200,fe344a24-22e0-4cc6-9f99-c4acdbe3c429,2026-08-24T07:00:00Z,2026-08-24T09:00:00+0200,1258.0,MW,NL,NL,forecast_solar_generation,Solar,2026-08-28T01:27:51Z
2026-08-28T01:22:45Z,2026-08-28T03:22:45+0200,fe344a24-22e0-4cc6-9f99-c4acdbe3c429,2026-08-24T07:15:00Z,2026-08-24T09:15:00+0200,1522.0,MW,NL,NL,forecast_solar_generation,Solar,2026-08-28T01:27:51Z
2026-08-28T01:22:45Z,2026-08-28T03:22:45+0200,fe344a24-22e0-4cc6-9f99-c4acdbe3c429,2026-08-24T07:30:00Z,2026-08-24T09:30:00+0200,1783.0,MW,NL,NL,forecast_solar_generation,Solar,2026-08-28T01:27:51Z
2026-08-28T01:22:45Z,2026-08-28T03:22:45+0200,fe344a24-22e0-4cc6-9f99-c4acdbe3c429,2026-08-24T07:45:00Z,2026-08-24T09:45:00+0200,2048.0,MW,NL,NL,forecast_solar_generation,Solar,2026-08-28T01:27:51Z
2026-08-28T01:22:45Z,2026-08-28T03:22:45+0200,fe344a24-22e0-4cc6-9f99-c4acdbe3c429,2026-08-24T08:00:00Z,2026-08-24T10:00:00+0200,2308.0,MW,NL,NL,forecast_solar_generation,Solar,2026-08-28T01:27:51Z
2026-08-28T01:22:45Z,2026-08-28T03:22:45+0200,fe344a24-22e0-4cc6-9f99-c4acdbe3c429,2026-08-24T08:15:00Z,2026-08-24T10:15:00+0200,2542.0,MW,NL,NL,forecast_solar_generation,Solar,2026-08-28T01:27:51Z
2026-08-28T01:22:45Z,2026-08-28T03:22:45+0200,fe344a24-22e0-4cc6-9f99-c4acdbe3c429,2026-08-24T08:30:00Z,2026-08-24T10:30:00+0200,2780.0,MW,NL,NL,forecast_solar_generation,Solar,2026-08-28T01:27:51Z
2026-08-28T01:22:45Z,2026-08-28T03:22:45+0200,fe344a24-22e0-4cc6-9f99-c4acdbe3c429,2026-08-24T08:45:00Z,2026-08-24T10:45:00+0200,3014.0,MW,NL,NL,forecast_solar_generation,Solar,2026-08-28T01:27:51Z
2026-08-28T01:22:45Z,2026-08-28T03:22:45+0200,fe344a24-22e0-4cc6-9f99-c4acdbe3c429,2026-08-24T09:00:00Z,2026-08-24T11:00:00+0200,3250.0,MW,NL,NL,forecast_solar_generation,Solar,2026-08-28T01:27:51Z
2026-08-28T01:22:45Z,2026-08-28T03:22:45+0200,fe344a24-22e0-4cc6-9f99-c4acdbe3c429,2026-08-24T09:15:00Z,2026-08-24T11:15:00+0200,3269.0,MW,NL,NL,forecast_solar_generation,Solar,2026-08-28T01:27:51Z
2026-08-28T01:22:45Z,2026-08-28T03:22:45+0200,fe344a24-22e0-4cc6-9f99-c4acdbe3c429,2026-08-24T09:30:00Z,2026-08-24T11:30:00+0200,3285.0,MW,NL,NL,forecast_solar_generation,Solar,2026-08-28T01:27:51Z
2026-08-28T01:22:45Z,2026-08-28T03:22:45+0200,fe344a24-22e0-4cc6-9f99-c4acdbe3c429,2026-08-24T09:45:00Z,2026-08-24T11:45:00+0200,3304.0,MW,NL,NL,forecast_solar_generation,Solar,2026-08-28T01:27:51Z
2026-08-28T01:22:45Z,2026-08-28T03:22:45+0200,fe344a24-22e0-4cc6-9f99-c4acdbe3c429,2026-08-24T10:00:00Z,2026-08-24T12:00:00+0200,3324.0,MW,NL,NL,forecast_solar_generation,Solar,2026-08-28T01:27:51Z
2026-08-28T01:22:45Z,2026-08-28T03:22:45+0200,fe344a24-22e0-4cc6-9f99-c4acdbe3c429,2026-08-24T10:15:00Z,2026-08-24T12:15:00+0200,3427.0,MW,NL,NL,forecast_solar_generation,Solar,2026-08-28T01:27:51Z
2026-08-28T01:22:45Z,2026-08-28T03:22:45+0200,fe344a24-22e0-4cc6-9f99-c4acdbe3c429,2026-08-24T10:30:00Z,2026-08-24T12:30:00+0200,3530.0,MW,NL,NL,forecast_solar_generation,Solar,2026-08-28T01:27:51Z
2026-08-28T01:22:45Z,2026-08-28T03:22:45+0200,fe344a24-22e0-4cc6-9f99-c4acdbe3c429,2026-08-24T10:45:00Z,2026-08-24T12:45:00+0200,3636.0,MW,NL,NL,forecast_solar_generation,Solar,2026-08-28T01:27:51Z
2026-08-28T01:22:45Z,2026-08-28T03:22:45+0200,fe344a24-22e0-4cc6-9f99-c4acdbe3c429,2026-08-24T11:00:00Z,2026-08-24T13:00:00+0200,3740.0,MW,NL,NL,forecast_solar_generation,Solar,2026-08-28T01:27:51Z
2026-08-28T01:22:45Z,2026-08-28T03:22:45+0200,fe344a24-22e0-4cc6-9f99-c4acdbe3c429,2026-08-24T11:15:00Z,2026-08-24T13:15:00+0200,3784.0,MW,NL,NL,forecast_solar_generation,Solar,2026-08-28T01:27:51Z
2026-08-28T01:22:45Z,2026-08-28T03:22:45+0200,fe344a24-22e0-4cc6-9f99-c4acdbe3c429,2026-08-24T11:30:00Z,2026-08-24T13:30:00+0200,3827.0,MW,NL,NL,forecast_solar_generation,Solar,2026-08-28T01:27:51Z
2026-08-28T01:22:45Z,2026-08-28T03:22:45+0200,fe344a24-22e0-4cc6-9f99-c4acdbe3c429,2026-08-24T11:45:00Z,2026-08-24T13:45:00+0200,3870.0,MW,NL,NL,forecast_solar_generation,Solar,2026-08-28T01:27:51Z
2026-08-28T01:22:45Z,2026-08-28T03:22:45+0200,fe344a24-22e0-4cc6-9f99-c4acdbe3c429,2026-08-24T12:00:00Z,2026-08-24T14:00:00+0200,3915.0,MW,NL,NL,forecast_solar_generation,Solar,2026-08-28T01:27:51Z
2026-08-28T01:22:45Z,2026-08-28T03:22:45+0200,fe344a24-22e0-4cc6-9f99-c4acdbe3c429,2026-08-24T12:15:00Z,2026-08-24T14:15:00+0200,4007.0,MW,NL,NL,forecast_solar_generation,Solar,2026-08-28T01:27:51Z
2026-08-28T01:22:45Z,2026-08-28T03:22:45+0200,fe344a24-22e0-4cc6-9f99-c4acdbe3c429,2026-08-24T12:30:00Z,2026-08-24T14:30:00+0200,4098.0,MW,NL,NL,forecast_solar_generation,Solar,2026-08-28T01:27:51Z
2026-08-28T01:22:45Z,2026-08-28T03:22:45+0200,fe344a24-22e0-4cc6-9f99-c4acdbe3c429,2026-08-24T12:45:00Z,2026-08-24T14:45:00+0200,4193.0,MW,NL,NL,forecast_solar_generation,Solar,2026-08-28T01:27:51Z
2026-08-28T01:22:45Z,2026-08-28T03:22:45+0200,fe344a24-22e0-4cc6-9f99-c4acdbe3c429,2026-08-24T13:00:00Z,2026-08-24T15:00:00+0200,4286.0,MW,NL,NL,forecast_solar_generation,Solar,2026-08-28T01:27:51Z
2026-08-28T01:22:45Z,2026-08-28T03:22:45+0200,fe344a24-22e0-4cc6-9f99-c4acdbe3c429,2026-08-24T13:15:00Z,2026-08-24T15:15:00+0200,4192.0,MW,NL,NL,forecast_solar_generation,Solar,2026-08-28T01:27:51Z
2026-08-28T01:22:45Z,2026-08-28T03:22:45+0200,fe344a24-22e0-4cc6-9f99-c4acdbe3c429,2026-08-24T13:30:00Z,2026-08-24T15:30:00+0200,4098.0,MW,NL,NL,forecast_solar_generation,Solar,2026-08-28T01:27:51Z
2026-08-28T01:22:45Z,2026-08-28T03:22:45+0200,fe344a24-22e0-4cc6-9f99-c4acdbe3c429,2026-08-24T13:45:00Z,2026-08-24T15:45:00+0200,4007.0,MW,NL,NL,forecast_solar_generation,Solar,2026-08-28T01:27:51Z
2026-08-28T01:22:45Z,2026-08-28T03:22:45+0200,fe344a24-22e0-4cc6-9f99-c4acdbe3c429,2026-08-24T14:00:00Z,2026-08-24T16:00:00+0200,3914.0,MW,NL,NL,forecast_solar_generation,Solar,2026-08-28T01:27:51Z
2026-08-28T01:22:45Z,2026-08-28T03:22:45+0200,fe344a24-22e0-4cc6-9f99-c4acdbe3c429,2026-08-24T14:15:00Z,2026-08-24T16:15:00+0200,3755.0,MW,NL,NL,forecast_solar_generation,Solar,2026-08-28T01:27:51Z
2026-08-28T01:22:45Z,2026-08-28T03:22:45+0200,fe344a24-22e0-4cc6-9f99-c4acdbe3c429,2026-08-24T14:30:00Z,2026-08-24T16:30:00+0200,3600.0,MW,NL,NL,forecast_solar_generation,Solar,2026-08-28T01:27:51Z
2026-08-28T01:22:45Z,2026-08-28T03:22:45+0200,fe344a24-22e0-4cc6-9f99-c4acdbe3c429,2026-08-24T14:45:00Z,2026-08-24T16:45:00+0200,3444.0,MW,NL,NL,forecast_solar_generation,Solar,2026-08-28T01:27:51Z
2026-08-28T01:22:45Z,2026-08-28T03:22:45+0200,fe344a24-22e0-4cc6-9f99-c4acdbe3c429,2026-08-24T15:00:00Z,2026-08-24T17:00:00+0200,3288.0,MW,NL,NL,forecast_solar_generation,Solar,2026-08-28T01:27:51Z
2026-08-28T01:22:45Z,2026-08-28T03:22:45+0200,fe344a24-22e0-4cc6-9f99-c4acdbe3c429,2026-08-24T15:15:00Z,2026-08-24T17:15:00+0200,3168.0,MW,NL,NL,forecast_solar_generation,Solar,2026-08-28T01:27:51Z
2026-08-28T01:22:45Z,2026-08-28T03:22:45+0200,fe344a24-22e0-4cc6-9f99-c4acdbe3c429,2026-08-24T15:30:00Z,2026-08-24T17:30:00+0200,3050.0,MW,NL,NL,forecast_solar_generation,Solar,2026-08-28T01:27:51Z
2026-08-28T01:22:45Z,2026-08-28T03:22:45+0200,fe344a24-22e0-4cc6-9f99-c4acdbe3c429,2026-08-24T15:45:00Z,2026-08-24T17:45:00+0200,2931.0,MW,NL,NL,forecast_solar_generation,Solar,2026-08-28T01:27:51Z
2026-08-28T01:22:45Z,2026-08-28T03:22:45+0200,fe344a24-22e0-4cc6-9f99-c4acdbe3c429,2026-08-24T16:00:00Z,2026-08-24T18:00:00+0200,2811.0,MW,NL,NL,forecast_solar_generation,Solar,2026-08-28T01:27:51Z
2026-08-28T01:22:45Z,2026-08-28T03:22:45+0200,fe344a24-22e0-4cc6-9f99-c4acdbe3c429,2026-08-24T16:15:00Z,2026-08-24T18:15:00+0200,2539.0,MW,NL,NL,forecast_solar_generation,Solar,2026-08-28T01:27:51Z
2026-08-28T01:22:45Z,2026-08-28T03:22:45+0200,fe344a24-22e0-4cc6-9f99-c4acdbe3c429,2026-08-24T16:30:00Z,2026-08-24T18:30:00+0200,2263.0,MW,NL,NL,forecast_solar_generation,Solar,2026-08-28T01:27:51Z
2026-08-28T01:22:45Z,2026-08-28T03:22:45+0200,fe344a24-22e0-4cc6-9f99-c4acdbe3c429,2026-08-24T16:45:00Z,2026-08-24T18:45:00+0200,1987.0,MW,NL,NL,forecast_solar_generation,Solar,2026-08-28T01:27:51Z
2026-08-28T01:22:45Z,2026-08-28T03:22:45+0200,fe344a24-22e0-4cc6-9f99-c4acdbe3c429,2026-08-24T17:00:00Z,2026-08-24T19:00:00+0200,1713.0,MW,NL,NL,forecast_solar_generation,Solar,2026-08-28T01:27:51Z
2026-08-28T01:22:45Z,2026-08-28T03:22:45+0200,fe344a24-22e0-4cc6-9f99-c4acdbe3c429,2026-08-24T17:15:00Z,2026-08-24T19:15:00+0200,1454.0,MW,NL,NL,forecast_solar_generation,Solar,2026-08-28T01:27:51Z
2026-08-28T01:22:45Z,2026-08-28T03:22:45+0200,fe344a24-22e0-4cc6-9f99-c4acdbe3c429,2026-08-24T17:30:00Z,2026-08-24T19:30:00+0200,1195.0,MW,NL,NL,forecast_solar_generation,Solar,2026-08-28T01:27:51Z
2026-08-28T01:22:45Z,2026-08-28T03:22:45+0200,fe344a24-22e0-4cc6-9f99-c4acdbe3c429,2026-08-24T17:45:00Z,2026-08-24T19:45:00+0200,935.0,MW,NL,NL,forecast_solar_generation,Solar,2026-08-28T01:27:51Z
2026-08-28T01:22:45Z,2026-08-28T03:22:45+0200,fe344a24-22e0-4cc6-9f99-c4acdbe3c429,2026-08-24T18:00:00Z,2026-08-24T20:00:00+0200,677.0,MW,NL,NL,forecast_solar_generation,Solar,2026-08-28T01:27:51Z
2026-08-28T01:22:45Z,2026-08-28T03:22:45+0200,fe344a24-22e0-4cc6-9f99-c4acdbe3c429,2026-08-24T18:15:00Z,2026-08-24T20:15:00+0200,513.0,MW,NL,NL,forecast_solar_generation,Solar,2026-08-28T01:27:51Z
2026-08-28T01:22:45Z,2026-08-28T03:22:45+0200,fe344a24-22e0-4cc6-9f99-c4acdbe3c429,2026-08-24T18:30:00Z,2026-08-24T20:30:00+0200,349.0,MW,NL,NL,forecast_solar_generation,Solar,2026-08-28T01:27:51Z
2026-08-28T01:22:45Z,2026-08-28T03:22:45+0200,fe344a24-22e0-4cc6-9f99-c4acdbe3c429,2026-08-24T18:45:00Z,2026-08-24T20:45:00+0200,184.0,MW,NL,NL,forecast_solar_generation,Solar,2026-08-28T01:27:51Z
2026-08-28T01:22:45Z,2026-08-28T03:22:45+0200,fe344a24-22e0-4cc6-9f99-c4acdbe3c429,2026-08-24T19:00:00Z,2026-08-24T21:00:00+0200,20.0,MW,NL,NL,forecast_solar_generation,Solar,2026-08-28T01:27:51Z
2026-08-28T01:22:45Z,2026-08-28T03:22:45+0200,fe344a24-22e0-4cc6-9f99-c4acdbe3c429,2026-08-24T19:15:00Z,2026-08-24T21:15:00+0200,14.0,MW,NL,NL,forecast_solar_generation,Solar,2026-08-28T01:27:51Z
2026-08-28T01:22:45Z,2026-08-28T03:22:45+0200,fe344a24-22e0-4cc6-9f99-c4acdbe3c429,2026-08-24T19:30:00Z,2026-08-24T21:30:00+0200,9.0,MW,NL,NL,forecast_solar_generation,Solar,2026-08-28T01:27:51Z
2026-08-28T01:22:45Z,2026-08-28T03:22:45+0200,fe344a24-22e0-4cc6-9f99-c4acdbe3c429,2026-08-24T19:45:00Z,2026-08-24T21:45:00+0200,3.0,MW,NL,NL,forecast_solar_generation,Solar,2026-08-28T01:27:51Z
2026-08-28T01:22:45Z,2026-08-28T03:22:45+0200,fe344a24-22e0-4cc6-9f99-c4acdbe3c429,2026-08-24T20:00:00Z,2026-08-24T22:00:00+0200,0.0,MW,NL,NL,forecast_solar_generation,Solar,2026-08-28T01:27:51Z
2026-08-28T01:22:45Z,2026-08-28T03:22:45+0200,fe344a24-22e0-4cc6-9f99-c4acdbe3c429,2026-08-24T20:15:00Z,2026-08-24T22:15:00+0200,0.0,MW,NL,NL,forecast_solar_generation,Solar,2026-08-28T01:27:51Z
2026-08-28T01:22:45Z,2026-08-28T03:22:45+0200,fe344a24-22e0-4cc6-9f99-c4acdbe3c429,2026-08-24T20:30:00Z,2026-08-24T22:30:00+0200,0.0,MW,NL,NL,forecast_solar_generation,Solar,2026-08-28T01:27:51Z
2026-08-28T01:22:45Z,2026-08-28T03:22:45+0200,fe344a24-22e0-4cc6-9f99-c4acdbe3c429,2026-08-24T20:45:00Z,2026-08-24T22:45:00+0200,0.0,MW,NL,NL,forecast_solar_generation,Solar,2026-08-28T01:27:51Z
2026-08-28T01:22:45Z,2026-08-28T03:22:45+0200,fe344a24-22e0-4cc6-9f99-c4acdbe3c429,2026-08-24T21:00:00Z,2026-08-24T23:00:00+0200,0.0,MW,NL,NL,forecast_solar_generation,Solar,2026-08-28T01:27:51Z
2026-08-28T01:22:45Z,2026-08-28T03:22:45+0200,fe344a24-22e0-4cc6-9f99-c4acdbe3c429,2026-08-24T21:15:00Z,2026-08-24T23:15:00+0200,0.0,MW,NL,NL,forecast_solar_generation,Solar,2026-08-28T01:27:51Z
2026-08-28T01:22:45Z,2026-08-28T03:22:45+0200,fe344a24-22e0-4cc6-9f99-c4acdbe3c429,2026-08-24T21:30:00Z,2026-08-24T23:30:00+0200,0.0,MW,NL,NL,forecast_solar_generation,Solar,2026-08-28T01:27:51Z
2026-08-28T01:22:45Z,2026-08-28T03:22:45+0200,fe344a24-22e0-4cc6-9f99-c4acdbe3c429,2026-08-24T21:45:00Z,2026-08-24T23:45:00+0200,0.0,MW,NL,NL,forecast_solar_generation,Solar,2026-08-28T01:27:51Z
2026-08-28T01:22:45Z,2026-08-28T03:22:45+0200,fe344a24-22e0-4cc6-9f99-c4acdbe3c429,2026-08-24T22:00:00Z,2026-08-25T00:00:00+0200,0.0,MW,NL,NL,forecast_solar_generation,Solar,2026-08-28T01:27:51Z
2026-08-28T01:22:45Z,2026-08-28T03:22:45+0200,fe344a24-22e0-4cc6-9f99-c4acdbe3c429,2026-08-24T22:15:00Z,2026-08-25T00:15:00+0200,0.0,MW,NL,NL,forecast_solar_generation,Solar,2026-08-28T01:27:51Z
2026-08-28T01:22:45Z,2026-08-28T03:22:45+0200,fe344a24-22e0-4cc6-9f99-c4acdbe3c429,2026-08-24T22:30:00Z,2026-08-25T00:30:00+0200,0.0,MW,NL,NL,forecast_solar_generation,Solar,2026-08-28T01:27:51Z
2026-08-28T01:22:45Z,2026-08-28T03:22:45+0200,fe344a24-22e0-4cc6-9f99-c4acdbe3c429,2026-08-24T22:45:00Z,2026-08-25T00:45:00+0200,0.0,MW,NL,NL,forecast_solar_generation,Solar,2026-08-28T01:27:51Z
2026-08-28T01:22:45Z,2026-08-28T03:22:45+0200,fe344a24-22e0-4cc6-9f99-c4acdbe3c429,2026-08-24T23:00:00Z,2026-08-25T01:00:00+0200,0.0,MW,NL,NL,forecast_solar_generation,Solar,2026-08-28T01:27:51Z
2026-08-28T01:22:45Z,2026-08-28T03:22:45+0200,fe344a24-22e0-4cc6-9f99-c4acdbe3c429,2026-08-24T23:15:00Z,2026-08-25T01:15:00+0200,0.0,MW,NL,NL,forecast_solar_generation,Solar,2026-08-28T01:27:51Z
2026-08-28T01:22:45Z,2026-08-28T03:22:45+0200,fe344a24-22e0-4cc6-9f99-c4acdbe3c429,2026-08-24T23:30:00Z,2026-08-25T01:30:00+0200,0.0,MW,NL,NL,forecast_solar_generation,Solar,2026-08-28T01:27:51Z
2026-08-28T01:22:45Z,2026-08-28T03:22:45+0200,fe344a24-22e0-4cc6-9f99-c4acdbe3c429,2026-08-24T23:45:00Z,2026-08-25T01:45:00+0200,0.0,MW,NL,NL,forecast_solar_generation,Solar,2026-08-28T01:27:51Z
2026-08-28T01:22:45Z,2026-08-28T03:22:45+0200,fe344a24-22e0-4cc6-9f99-c4acdbe3c429,2026-08-25T00:00:00Z,2026-08-25T02:00:00+0200,0.0,MW,NL,NL,forecast_solar_generation,Solar,2026-08-28T01:27:51Z
2026-08-28T01:22:45Z,2026-08-28T03:22:45+0200,fe344a24-22e0-4cc6-9f99-c4acdbe3c429,2026-08-25T00:15:00Z,2026-08-25T02:15:00+0200,0.0,MW,NL,NL,forecast_solar_generation,Solar,2026-08-28T01:27:51Z
2026-08-28T01:22:45Z,2026-08-28T03:22:45+0200,fe344a24-22e0-4cc6-9f99-c4acdbe3c429,2026-08-25T00:30:00Z,2026-08-25T02:30:00+0200,0.0,MW,NL,NL,forecast_solar_generation,Solar,2026-08-28T01:27:51Z
2026-08-28T01:22:45Z,2026-08-28T03:22:45+0200,fe344a24-22e0-4cc6-9f99-c4acdbe3c429,2026-08-25T00:45:00Z,2026-08-25T02:45:00+0200,0.0,MW,NL,NL,forecast_solar_generation,Solar,2026-08-28T01:27:51Z
2026-08-28T01:22:45Z,2026-08-28T03:22:45+0200,fe344a24-22e0-4cc6-9f99-c4acdbe3c429,2026-08-25T01:00:00Z,2026-08-25T03:00:00+0200,0.0,MW,NL,NL,forecast_solar_generation,Solar,2026-08-28T01:27:51Z
2026-08-28T01:22:45Z,2026-08-28T03:22:45+0200,fe344a24-22e0-4cc6-9f99-c4acdbe3c429,2026-08-25T01:15:00Z,2026-08-25T03:15:00+0200,0.0,MW,NL,NL,forecast_solar_generation,Solar,2026-08-28T01:27:51Z
2026-08-28T01:22:45Z,2026-08-28T03:22:45+0200,fe344a24-22e0-4cc6-9f99-c4acdbe3c429,2026-08-25T01:30:00Z,2026-08-25T03:30:00+0200,0.0,MW,NL,NL,forecast_solar_generation,Solar,2026-08-28T01:27:51Z
2026-08-28T01:22:45Z,2026-08-28T03:22:45+0200,fe344a24-22e0-4cc6-9f99-c4acdbe3c429,2026-08-25T01:45:00Z,2026-08-25T03:45:00+0200,0.0,MW,NL,NL,forecast_solar_generation,Solar,2026-08-28T01:27:51Z
2026-08-28T01:22:45Z,2026-08-28T03:22:45+0200,fe344a24-22e0-4cc6-9f99-c4acdbe3c429,2026-08-25T02:00:00Z,2026-08-25T04:00:00+0200,0.0,MW,NL,NL,forecast_solar_generation,Solar,2026-08-28T01:27:51Z
2026-08-28T01:22:45Z,2026-08-28T03:22:45+0200,fe344a24-22e0-4cc6-9f99-c4acdbe3c429,2026-08-25T02:15:00Z,2026-08-25T04:15:00+0200,0.0,MW,NL,NL,forecast_solar_generation,Solar,2026-08-28T01:27:51Z
2026-08-28T01:22:45Z,2026-08-28T03:22:45+0200,fe344a24-22e0-4cc6-9f99-c4acdbe3c429,2026-08-25T02:30:00Z,2026-08-25T04:30:00+0200,0.0,MW,NL,NL,forecast_solar_generation,Solar,2026-08-28T01:27:51Z
2026-08-28T01:22:45Z,2026-08-28T03:22:45+0200,fe344a24-22e0-4cc6-9f99-c4acdbe3c429,2026-08-25T02:45:00Z,2026-08-25T04:45:00+0200,0.0,MW,NL,NL,forecast_solar_generation,Solar,2026-08-28T01:27:51Z
2026-08-28T01:22:45Z,2026-08-28T03:22:45+0200,fe344a24-22e0-4cc6-9f99-c4acdbe3c429,2026-08-25T03:00:00Z,2026-08-25T05:00:00+0200,0.0,MW,NL,NL,forecast_solar_generation,Solar,2026-08-28T01:27:51Z
2026-08-28T01:22:45Z,2026-08-28T03:22:45+0200,fe344a24-22e0-4cc6-9f99-c4acdbe3c429,2026-08-25T03:15:00Z,2026-08-25T05:15:00+0200,0.0,MW,NL,NL,forecast_solar_generation,Solar,2026-08-28T01:27:51Z
2026-08-28T01:22:45Z,2026-08-28T03:22:45+0200,fe344a24-22e0-4cc6-9f99-c4acdbe3c429,2026-08-25T03:30:00Z,2026-08-25T05:30:00+0200,0.0,MW,NL,NL,forecast_solar_generation,Solar,2026-08-28T01:27:51Z
2026-08-28T01:22:45Z,2026-08-28T03:22:45+0200,fe344a24-22e0-4cc6-9f99-c4acdbe3c429,2026-08-25T03:45:00Z,2026-08-25T05:45:00+0200,0.0,MW,NL,NL,forecast_solar_generation,Solar,2026-08-28T01:27:51Z
2026-08-28T01:22:45Z,2026-08-28T03:22:45+0200,fe344a24-22e0-4cc6-9f99-c4acdbe3c429,2026-08-25T04:00:00Z,2026-08-25T06:00:00+0200,0.0,MW,NL,NL,forecast_solar_generation,Solar,2026-08-28T01:27:51Z
2026-08-28T01:22:45Z,2026-08-28T03:22:45+0200,fe344a24-22e0-4cc6-9f99-c4acdbe3c429,2026-08-25T04:15:00Z,2026-08-25T06:15:00+0200,0.0,MW,NL,NL,forecast_solar_generation,Solar,2026-08-28T01:27:51Z
2026-08-28T01:22:45Z,2026-08-28T03:22:45+0200,fe344a24-22e0-4cc6-9f99-c4acdbe3c429,2026-08-25T04:30:00Z,2026-08-25T06:30:00+0200,0.0,MW,NL,NL,forecast_solar_generation,Solar,2026-08-28T01:27:51Z
2026-08-28T01:22:45Z,2026-08-28T03:22:45+0200,fe344a24-22e0-4cc6-9f99-c4acdbe3c429,2026-08-25T04:45:00Z,2026-08-25T06:45:00+0200,0.0,MW,NL,NL,forecast_solar_generation,Solar,2026-08-28T01:27:51Z
2026-08-28T01:22:45Z,2026-08-28T03:22:45+0200,fe344a24-22e0-4cc6-9f99-c4acdbe3c429,2026-08-25T05:00:00Z,2026-08-25T07:00:00+0200,2.0,MW,NL,NL,forecast_solar_generation,Solar,2026-08-28T01:27:51Z
2026-08-28T01:22:45Z,2026-08-28T03:22:45+0200,fe344a24-22e0-4cc6-9f99-c4acdbe3c429,2026-08-25T05:15:00Z,2026-08-25T07:15:00+0200,90.0,MW,NL,NL,forecast_solar_generation,Solar,2026-08-28T01:27:51Z
2026-08-28T01:22:45Z,2026-08-28T03:22:45+0200,fe344a24-22e0-4cc6-9f99-c4acdbe3c429,2026-08-25T05:30:00Z,2026-08-25T07:30:00+0200,179.0,MW,NL,NL,forecast_solar_generation,Solar,2026-08-28T01:27:51Z
2026-08-28T01:22:45Z,2026-08-28T03:22:45+0200,fe344a24-22e0-4cc6-9f99-c4acdbe3c429,2026-08-25T05:45:00Z,2026-08-25T07:45:00+0200,266.0,MW,NL,NL,forecast_solar_generation,Solar,2026-08-28T01:27:51Z
2026-08-28T01:22:45Z,2026-08-28T03:22:45+0200,fe344a24-22e0-4cc6-9f99-c4acdbe3c429,2026-08-25T06:00:00Z,2026-08-25T08:00:00+0200,353.0,MW,NL,NL,forecast_solar_generation,Solar,2026-08-28T01:27:51Z
2026-08-28T01:22:45Z,2026-08-28T03:22:45+0200,fe344a24-22e0-4cc6-9f99-c4acdbe3c429,2026-08-25T06:15:00Z,2026-08-25T08:15:00+0200,586.0,MW,NL,NL,forecast_solar_generation,Solar,2026-08-28T01:27:51Z
2026-08-28T01:22:45Z,2026-08-28T03:22:45+0200,fe344a24-22e0-4cc6-9f99-c4acdbe3c429,2026-08-25T06:30:00Z,2026-08-25T08:30:00+0200,819.0,MW,NL,NL,forecast_solar_generation,Solar,2026-08-28T01:27:51Z
2026-08-28T01:22:45Z,2026-08-28T03:22:45+0200,fe344a24-22e0-4cc6-9f99-c4acdbe3c429,2026-08-25T06:45:00Z,2026-08-25T08:45:00+0200,1049.0,MW,NL,NL,forecast_solar_generation,Solar,2026-08-28T01:27:51Z
2026-08-28T01:22:45Z,2026-08-28T03:22:45+0200,fe344a24-22e0-4cc6-9f99-c4acdbe3c429,2026-08-25T07:00:00Z,2026-08-25T09:00:00+0200,1280.0,MW,NL,NL,forecast_solar_generation,Solar,2026-08-28T01:27:51Z
2026-08-28T01:22:45Z,2026-08-28T03:22:45+0200,fe344a24-22e0-4cc6-9f99-c4acdbe3c429,2026-08-25T07:15:00Z,2026-08-25T09:15:00+0200,1549.0,MW,NL,NL,forecast_solar_generation,Solar,2026-08-28T01:27:51Z
2026-08-28T01:22:45Z,2026-08-28T03:22:45+0200,fe344a24-22e0-4cc6-9f99-c4acdbe3c429,2026-08-25T07:30:00Z,2026-08-25T09:30:00+0200,1821.0,MW,NL,NL,forecast_solar_generation,Solar,2026-08-28T01:27:51Z
2026-08-28T01:22:45Z,2026-08-28T03:22:45+0200,fe344a24-22e0-4cc6-9f99-c4acdbe3c429,2026-08-25T07:45:00Z,2026-08-25T09:45:00+0200,2087.0,MW,NL,NL,forecast_solar_generation,Solar,2026-08-28T01:27:51Z
2026-08-28T01:22:45Z,2026-08-28T03:22:45+0200,fe344a24-22e0-4cc6-9f99-c4acdbe3c429,2026-08-25T08:00:00Z,2026-08-25T10:00:00+0200,2355.0,MW,NL,NL,forecast_solar_generation,Solar,2026-08-28T01:27:51Z
2026-08-28T01:22:45Z,2026-08-28T03:22:45+0200,fe344a24-22e0-4cc6-9f99-c4acdbe3c429,2026-08-25T08:15:00Z,2026-08-25T10:15:00+0200,2595.0,MW,NL,NL,forecast_solar_generation,Solar,2026-08-28T01:27:51Z
2026-08-28T01:22:45Z,2026-08-28T03:22:45+0200,fe344a24-22e0-4cc6-9f99-c4acdbe3c429,2026-08-25T08:30:00Z,2026-08-25T10:30:00+0200,2835.0,MW,NL,NL,forecast_solar_generation,Solar,2026-08-28T01:27:51Z
2026-08-28T01:22:45Z,2026-08-28T03:22:45+0200,fe344a24-22e0-4cc6-9f99-c4acdbe3c429,2026-08-25T08:45:00Z,2026-08-25T10:45:00+0200,3076.0,MW,NL,NL,forecast_solar_generation,Solar,2026-08-28T01:27:51Z
2026-08-28T01:22:45Z,2026-08-28T03:22:45+0200,fe344a24-22e0-4cc6-9f99-c4acdbe3c429,2026-08-25T09:00:00Z,2026-08-25T11:00:00+0200,3315.0,MW,NL,NL,forecast_solar_generation,Solar,2026-08-28T01:27:51Z
2026-08-28T01:22:45Z,2026-08-28T03:22:45+0200,fe344a24-22e0-4cc6-9f99-c4acdbe3c429,2026-08-25T09:15:00Z,2026-08-25T11:15:00+0200,3430.0,MW,NL,NL,forecast_solar_generation,Solar,2026-08-28T01:27:51Z
2026-08-28T01:22:45Z,2026-08-28T03:22:45+0200,fe344a24-22e0-4cc6-9f99-c4acdbe3c429,2026-08-25T09:30:00Z,2026-08-25T11:30:00+0200,3548.0,MW,NL,NL,forecast_solar_generation,Solar,2026-08-28T01:27:51Z
2026-08-28T01:22:45Z,2026-08-28T03:22:45+0200,fe344a24-22e0-4cc6-9f99-c4acdbe3c429,2026-08-25T09:45:00Z,2026-08-25T11:45:00+0200,3664.0,MW,NL,NL,forecast_solar_generation,Solar,2026-08-28T01:27:51Z
2026-08-28T01:22:45Z,2026-08-28T03:22:45+0200,fe344a24-22e0-4cc6-9f99-c4acdbe3c429,2026-08-25T10:00:00Z,2026-08-25T12:00:00+0200,3779.0,MW,NL,NL,forecast_solar_generation,Solar,2026-08-28T01:27:51Z
2026-08-28T01:22:45Z,2026-08-28T03:22:45+0200,fe344a24-22e0-4cc6-9f99-c4acdbe3c429,2026-08-25T10:15:00Z,2026-08-25T12:15:00+0200,3895.0,MW,NL,NL,forecast_solar_generation,Solar,2026-08-28T01:27:51Z
2026-08-28T01:22:45Z,2026-08-28T03:22:45+0200,fe344a24-22e0-4cc6-9f99-c4acdbe3c429,2026-08-25T10:30:00Z,2026-08-25T12:30:00+0200,4012.0,MW,NL,NL,forecast_solar_generation,Solar,2026-08-28T01:27:51Z
2026-08-28T01:22:45Z,2026-08-28T03:22:45+0200,fe344a24-22e0-4cc6-9f99-c4acdbe3c429,2026-08-25T10:45:00Z,2026-08-25T12:45:00+0200,4128.0,MW,NL,NL,forecast_solar_generation,Solar,2026-08-28T01:27:51Z
2026-08-28T01:22:45Z,2026-08-28T03:22:45+0200,fe344a24-22e0-4cc6-9f99-c4acdbe3c429,2026-08-25T11:00:00Z,2026-08-25T13:00:00+0200,4243.0,MW,NL,NL,forecast_solar_generation,Solar,2026-08-28T01:27:51Z
2026-08-28T01:22:45Z,2026-08-28T03:22:45+0200,fe344a24-22e0-4cc6-9f99-c4acdbe3c429,2026-08-25T11:15:00Z,2026-08-25T13:15:00+0200,4291.0,MW,NL,NL,forecast_solar_generation,Solar,2026-08-28T01:27:51Z
2026-08-28T01:22:45Z,2026-08-28T03:22:45+0200,fe344a24-22e0-4cc6-9f99-c4acdbe3c429,2026-08-25T11:30:00Z,2026-08-25T13:30:00+0200,4338.0,MW,NL,NL,forecast_solar_generation,Solar,2026-08-28T01:27:51Z
2026-08-28T01:22:45Z,2026-08-28T03:22:45+0200,fe344a24-22e0-4cc6-9f99-c4acdbe3c429,2026-08-25T11:45:00Z,2026-08-25T13:45:00+0200,4385.0,MW,NL,NL,forecast_solar_generation,Solar,2026-08-28T01:27:51Z
2026-08-28T01:22:45Z,2026-08-28T03:22:45+0200,fe344a24-22e0-4cc6-9f99-c4acdbe3c429,2026-08-25T12:00:00Z,2026-08-25T14:00:00+0200,4433.0,MW,NL,NL,forecast_solar_generation,Solar,2026-08-28T01:27:51Z
2026-08-28T01:22:45Z,2026-08-28T03:22:45+0200,fe344a24-22e0-4cc6-9f99-c4acdbe3c429,2026-08-25T12:15:00Z,2026-08-25T14:15:00+0200,4335.0,MW,NL,NL,forecast_solar_generation,Solar,2026-08-28T01:27:51Z
2026-08-28T01:22:45Z,2026-08-28T03:22:45+0200,fe344a24-22e0-4cc6-9f99-c4acdbe3c429,2026-08-25T12:30:00Z,2026-08-25T14:30:00+0200,4241.0,MW,NL,NL,forecast_solar_generation,Solar,2026-08-28T01:27:51Z
2026-08-28T01:22:45Z,2026-08-28T03:22:45+0200,fe344a24-22e0-4cc6-9f99-c4acdbe3c429,2026-08-25T12:45:00Z,2026-08-25T14:45:00+0200,4144.0,MW,NL,NL,forecast_solar_generation,Solar,2026-08-28T01:27:51Z
2026-08-28T01:22:45Z,2026-08-28T03:22:45+0200,fe344a24-22e0-4cc6-9f99-c4acdbe3c429,2026-08-25T13:00:00Z,2026-08-25T15:00:00+0200,4049.0,MW,NL,NL,forecast_solar_generation,Solar,2026-08-28T01:27:51Z
2026-08-28T01:22:45Z,2026-08-28T03:22:45+0200,fe344a24-22e0-4cc6-9f99-c4acdbe3c429,2026-08-25T13:15:00Z,2026-08-25T15:15:00+0200,3959.0,MW,NL,NL,forecast_solar_generation,Solar,2026-08-28T01:27:51Z
2026-08-28T01:22:45Z,2026-08-28T03:22:45+0200,fe344a24-22e0-4cc6-9f99-c4acdbe3c429,2026-08-25T13:30:00Z,2026-08-25T15:30:00+0200,3870.0,MW,NL,NL,forecast_solar_generation,Solar,2026-08-28T01:27:51Z
2026-08-28T01:22:45Z,2026-08-28T03:22:45+0200,fe344a24-22e0-4cc6-9f99-c4acdbe3c429,2026-08-25T13:45:00Z,2026-08-25T15:45:00+0200,3782.0,MW,NL,NL,forecast_solar_generation,Solar,2026-08-28T01:27:51Z
2026-08-28T01:22:45Z,2026-08-28T03:22:45+0200,fe344a24-22e0-4cc6-9f99-c4acdbe3c429,2026-08-25T14:00:00Z,2026-08-25T16:00:00+0200,3692.0,MW,NL,NL,forecast_solar_generation,Solar,2026-08-28T01:27:51Z
2026-08-28T01:22:45Z,2026-08-28T03:22:45+0200,fe344a24-22e0-4cc6-9f99-c4acdbe3c429,2026-08-25T14:15:00Z,2026-08-25T16:15:00+0200,3544.0,MW,NL,NL,forecast_solar_generation,Solar,2026-08-28T01:27:51Z
2026-08-28T01:22:45Z,2026-08-28T03:22:45+0200,fe344a24-22e0-4cc6-9f99-c4acdbe3c429,2026-08-25T14:30:00Z,2026-08-25T16:30:00+0200,3394.0,MW,NL,NL,forecast_solar_generation,Solar,2026-08-28T01:27:51Z
2026-08-28T01:22:45Z,2026-08-28T03:22:45+0200,fe344a24-22e0-4cc6-9f99-c4acdbe3c429,2026-08-25T14:45:00Z,2026-08-25T16:45:00+0200,3245.0,MW,NL,NL,forecast_solar_generation,Solar,2026-08-28T01:27:51Z
2026-08-28T01:22:45Z,2026-08-28T03:22:45+0200,fe344a24-22e0-4cc6-9f99-c4acdbe3c429,2026-08-25T15:00:00Z,2026-08-25T17:00:00+0200,3096.0,MW,NL,NL,forecast_solar_generation,Solar,2026-08-28T01:27:51Z
2026-08-28T01:22:45Z,2026-08-28T03:22:45+0200,fe344a24-22e0-4cc6-9f99-c4acdbe3c429,2026-08-25T15:15:00Z,2026-08-25T17:15:00+0200,2820.0,MW,NL,NL,forecast_solar_generation,Solar,2026-08-28T01:27:51Z
2026-08-28T01:22:45Z,2026-08-28T03:22:45+0200,fe344a24-22e0-4cc6-9f99-c4acdbe3c429,2026-08-25T15:30:00Z,2026-08-25T17:30:00+0200,2543.0,MW,NL,NL,forecast_solar_generation,Solar,2026-08-28T01:27:51Z
2026-08-28T01:22:45Z,2026-08-28T03:22:45+0200,fe344a24-22e0-4cc6-9f99-c4acdbe3c429,2026-08-25T15:45:00Z,2026-08-25T17:45:00+0200,2267.0,MW,NL,NL,forecast_solar_generation,Solar,2026-08-28T01:27:51Z
2026-08-28T01:22:45Z,2026-08-28T03:22:45+0200,fe344a24-22e0-4cc6-9f99-c4acdbe3c429,2026-08-25T16:00:00Z,2026-08-25T18:00:00+0200,1991.0,MW,NL,NL,forecast_solar_generation,Solar,2026-08-28T01:27:51Z
2026-08-28T01:22:45Z,2026-08-28T03:22:45+0200,fe344a24-22e0-4cc6-9f99-c4acdbe3c429,2026-08-25T16:15:00Z,2026-08-25T18:15:00+0200,1795.0,MW,NL,NL,forecast_solar_generation,Solar,2026-08-28T01:27:51Z
2026-08-28T01:22:45Z,2026-08-28T03:22:45+0200,fe344a24-22e0-4cc6-9f99-c4acdbe3c429,2026-08-25T16:30:00Z,2026-08-25T18:30:00+0200,1600.0,MW,NL,NL,forecast_solar_generation,Solar,2026-08-28T01:27:51Z
2026-08-28T01:22:45Z,2026-08-28T03:22:45+0200,fe344a24-22e0-4cc6-9f99-c4acdbe3c429,2026-08-25T16:45:00Z,2026-08-25T18:45:00+0200,1407.0,MW,NL,NL,forecast_solar_generation,Solar,2026-08-28T01:27:51Z
2026-08-28T01:22:45Z,2026-08-28T03:22:45+0200,fe344a24-22e0-4cc6-9f99-c4acdbe3c429,2026-08-25T17:00:00Z,2026-08-25T19:00:00+0200,1212.0,MW,NL,NL,forecast_solar_generation,Solar,2026-08-28T01:27:51Z
2026-08-28T01:22:45Z,2026-08-28T03:22:45+0200,fe344a24-22e0-4cc6-9f99-c4acdbe3c429,2026-08-25T17:15:00Z,2026-08-25T19:15:00+0200,1031.0,MW,NL,NL,forecast_solar_generation,Solar,2026-08-28T01:27:51Z
2026-08-28T01:22:45Z,2026-08-28T03:22:45+0200,fe344a24-22e0-4cc6-9f99-c4acdbe3c429,2026-08-25T17:30:00Z,2026-08-25T19:30:00+0200,850.0,MW,NL,NL,forecast_solar_generation,Solar,2026-08-28T01:27:51Z
2026-08-28T01:22:45Z,2026-08-28T03:22:45+0200,fe344a24-22e0-4cc6-9f99-c4acdbe3c429,2026-08-25T17:45:00Z,2026-08-25T19:45:00+0200,669.0,MW,NL,NL,forecast_solar_generation,Solar,2026-08-28T01:27:51Z
2026-08-28T01:22:45Z,2026-08-28T03:22:45+0200,fe344a24-22e0-4cc6-9f99-c4acdbe3c429,2026-08-25T18:00:00Z,2026-08-25T20:00:00+0200,489.0,MW,NL,NL,forecast_solar_generation,Solar,2026-08-28T01:27:51Z
2026-08-28T01:22:45Z,2026-08-28T03:22:45+0200,fe344a24-22e0-4cc6-9f99-c4acdbe3c429,2026-08-25T18:15:00Z,2026-08-25T20:15:00+0200,370.0,MW,NL,NL,forecast_solar_generation,Solar,2026-08-28T01:27:51Z
2026-08-28T01:22:45Z,2026-08-28T03:22:45+0200,fe344a24-22e0-4cc6-9f99-c4acdbe3c429,2026-08-25T18:30:00Z,2026-08-25T20:30:00+0200,254.0,MW,NL,NL,forecast_solar_generation,Solar,2026-08-28T01:27:51Z
2026-08-28T01:22:45Z,2026-08-28T03:22:45+0200,fe344a24-22e0-4cc6-9f99-c4acdbe3c429,2026-08-25T18:45:00Z,2026-08-25T20:45:00+0200,137.0,MW,NL,NL,forecast_solar_generation,Solar,2026-08-28T01:27:51Z
2026-08-28T01:22:45Z,2026-08-28T03:22:45+0200,fe344a24-22e0-4cc6-9f99-c4acdbe3c429,2026-08-25T19:00:00Z,2026-08-25T21:00:00+0200,16.0,MW,NL,NL,forecast_solar_generation,Solar,2026-08-28T01:27:51Z
2026-08-28T01:22:45Z,2026-08-28T03:22:45+0200,fe344a24-22e0-4cc6-9f99-c4acdbe3c429,2026-08-25T19:15:00Z,2026-08-25T21:15:00+0200,11.0,MW,NL,NL,forecast_solar_generation,Solar,2026-08-28T01:27:51Z
2026-08-28T01:22:45Z,2026-08-28T03:22:45+0200,fe344a24-22e0-4cc6-9f99-c4acdbe3c429,2026-08-25T19:30:00Z,2026-08-25T21:30:00+0200,7.0,MW,NL,NL,forecast_solar_generation,Solar,2026-08-28T01:27:51Z
2026-08-28T01:22:45Z,2026-08-28T03:22:45+0200,fe344a24-22e0-4cc6-9f99-c4acdbe3c429,2026-08-25T19:45:00Z,2026-08-25T21:45:00+0200,3.0,MW,NL,NL,forecast_solar_generation,Solar,2026-08-28T01:27:51Z
2026-08-28T01:22:45Z,2026-08-28T03:22:45+0200,fe344a24-22e0-4cc6-9f99-c4acdbe3c429,2026-08-25T20:00:00Z,2026-08-25T22:00:00+0200,0.0,MW,NL,NL,forecast_solar_generation,Solar,2026-08-28T01:27:51Z
2026-08-28T01:22:45Z,2026-08-28T03:22:45+0200,fe344a24-22e0-4cc6-9f99-c4acdbe3c429,2026-08-25T20:15:00Z,2026-08-25T22:15:00+0200,0.0,MW,NL,NL,forecast_solar_generation,Solar,2026-08-28T01:27:51Z
2026-08-28T01:22:45Z,2026-08-28T03:22:45+0200,fe344a24-22e0-4cc6-9f99-c4acdbe3c429,2026-08-25T20:30:00Z,2026-08-25T22:30:00+0200,0.0,MW,NL,NL,forecast_solar_generation,Solar,2026-08-28T01:27:51Z
2026-08-28T01:22:45Z,2026-08-28T03:22:45+0200,fe344a24-22e0-4cc6-9f99-c4acdbe3c429,2026-08-25T20:45:00Z,2026-08-25T22:45:00+0200,0.0,MW,NL,NL,forecast_solar_generation,Solar,2026-08-28T01:27:51Z
2026-08-28T01:22:45Z,2026-08-28T03:22:45+0200,fe344a24-22e0-4cc6-9f99-c4acdbe3c429,2026-08-25T21:00:00Z,2026-08-25T23:00:00+0200,0.0,MW,NL,NL,forecast_solar_generation,Solar,2026-08-28T01:27:51Z
2026-08-28T01:22:45Z,2026-08-28T03:22:45+0200,fe344a24-22e0-4cc6-9f99-c4acdbe3c429,2026-08-25T21:15:00Z,2026-08-25T23:15:00+0200,0.0,MW,NL,NL,forecast_solar_generation,Solar,2026-08-28T01:27:51Z
2026-08-28T01:22:45Z,2026-08-28T03:22:45+0200,fe344a24-22e0-4cc6-9f99-c4acdbe3c429,2026-08-25T21:30:00Z,2026-08-25T23:30:00+0200,0.0,MW,NL,NL,forecast_solar_generation,Solar,2026-08-28T01:27:51Z
2026-08-28T01:22:45Z,2026-08-28T03:22:45+0200,fe344a24-22e0-4cc6-9f99-c4acdbe3c429,2026-08-25T21:45:00Z,2026-08-25T23:45:00+0200,0.0,MW,NL,NL,forecast_solar_generation,Solar,2026-08-28T01:27:51Z
2026-08-28T01:22:45Z,2026-08-28T03:22:45+0200,fe344a24-22e0-4cc6-9f99-c4acdbe3c429,2026-08-25T22:00:00Z,2026-08-26T00:00:00+0200,0.0,MW,NL,NL,forecast_solar_generation,Solar,2026-08-28T01:27:51Z
2026-08-28T01:22:45Z,2026-08-28T03:22:45+0200,fe344a24-22e0-4cc6-9f99-c4acdbe3c429,2026-08-25T22:15:00Z,2026-08-26T00:15:00+0200,0.0,MW,NL,NL,forecast_solar_generation,Solar,2026-08-28T01:27:51Z
2026-08-28T01:22:45Z,2026-08-28T03:22:45+0200,fe344a24-22e0-4cc6-9f99-c4acdbe3c429,2026-08-25T22:30:00Z,2026-08-26T00:30:00+0200,0.0,MW,NL,NL,forecast_solar_generation,Solar,2026-08-28T01:27:51Z
2026-08-28T01:22:45Z,2026-08-28T03:22:45+0200,fe344a24-22e0-4cc6-9f99-c4acdbe3c429,2026-08-25T22:45:00Z,2026-08-26T00:45:00+0200,0.0,MW,NL,NL,forecast_solar_generation,Solar,2026-08-28T01:27:51Z
2026-08-28T01:22:45Z,2026-08-28T03:22:45+0200,fe344a24-22e0-4cc6-9f99-c4acdbe3c429,2026-08-25T23:00:00Z,2026-08-26T01:00:00+0200,0.0,MW,NL,NL,forecast_solar_generation,Solar,2026-08-28T01:27:51Z
2026-08-28T01:22:45Z,2026-08-28T03:22:45+0200,fe344a24-22e0-4cc6-9f99-c4acdbe3c429,2026-08-25T23:15:00Z,2026-08-26T01:15:00+0200,0.0,MW,NL,NL,forecast_solar_generation,Solar,2026-08-28T01:27:51Z
2026-08-28T01:22:45Z,2026-08-28T03:22:45+0200,fe344a24-22e0-4cc6-9f99-c4acdbe3c429,2026-08-25T23:30:00Z,2026-08-26T01:30:00+0200,0.0,MW,NL,NL,forecast_solar_generation,Solar,2026-08-28T01:27:51Z
2026-08-28T01:22:45Z,2026-08-28T03:22:45+0200,fe344a24-22e0-4cc6-9f99-c4acdbe3c429,2026-08-25T23:45:00Z,2026-08-26T01:45:00+0200,0.0,MW,NL,NL,forecast_solar_generation,Solar,2026-08-28T01:27:51Z
2026-08-28T01:22:45Z,2026-08-28T03:22:45+0200,fe344a24-22e0-4cc6-9f99-c4acdbe3c429,2026-08-26T00:00:00Z,2026-08-26T02:00:00+0200,0.0,MW,NL,NL,forecast_solar_generation,Solar,2026-08-28T01:27:51Z
2026-08-28T01:22:45Z,2026-08-28T03:22:45+0200,fe344a24-22e0-4cc6-9f99-c4acdbe3c429,2026-08-26T00:15:00Z,2026-08-26T02:15:00+0200,0.0,MW,NL,NL,forecast_solar_generation,Solar,2026-08-28T01:27:51Z
2026-08-28T01:22:45Z,2026-08-28T03:22:45+0200,fe344a24-22e0-4cc6-9f99-c4acdbe3c429,2026-08-26T00:30:00Z,2026-08-26T02:30:00+0200,0.0,MW,NL,NL,forecast_solar_generation,Solar,2026-08-28T01:27:51Z
2026-08-28T01:22:45Z,2026-08-28T03:22:45+0200,fe344a24-22e0-4cc6-9f99-c4acdbe3c429,2026-08-26T00:45:00Z,2026-08-26T02:45:00+0200,0.0,MW,NL,NL,forecast_solar_generation,Solar,2026-08-28T01:27:51Z
2026-08-28T01:22:45Z,2026-08-28T03:22:45+0200,fe344a24-22e0-4cc6-9f99-c4acdbe3c429,2026-08-26T01:00:00Z,2026-08-26T03:00:00+0200,0.0,MW,NL,NL,forecast_solar_generation,Solar,2026-08-28T01:27:51Z
2026-08-28T01:22:45Z,2026-08-28T03:22:45+0200,fe344a24-22e0-4cc6-9f99-c4acdbe3c429,2026-08-26T01:15:00Z,2026-08-26T03:15:00+0200,0.0,MW,NL,NL,forecast_solar_generation,Solar,2026-08-28T01:27:51Z
2026-08-28T01:22:45Z,2026-08-28T03:22:45+0200,fe344a24-22e0-4cc6-9f99-c4acdbe3c429,2026-08-26T01:30:00Z,2026-08-26T03:30:00+0200,0.0,MW,NL,NL,forecast_solar_generation,Solar,2026-08-28T01:27:51Z
2026-08-28T01:22:45Z,2026-08-28T03:22:45+0200,fe344a24-22e0-4cc6-9f99-c4acdbe3c429,2026-08-26T01:45:00Z,2026-08-26T03:45:00+0200,0.0,MW,NL,NL,forecast_solar_generation,Solar,2026-08-28T01:27:51Z
2026-08-28T01:22:45Z,2026-08-28T03:22:45+0200,fe344a24-22e0-4cc6-9f99-c4acdbe3c429,2026-08-26T02:00:00Z,2026-08-26T04:00:00+0200,0.0,MW,NL,NL,forecast_solar_generation,Solar,2026-08-28T01:27:51Z
2026-08-28T01:22:45Z,2026-08-28T03:22:45+0200,fe344a24-22e0-4cc6-9f99-c4acdbe3c429,2026-08-26T02:15:00Z,2026-08-26T04:15:00+0200,0.0,MW,NL,NL,forecast_solar_generation,Solar,2026-08-28T01:27:51Z
2026-08-28T01:22:45Z,2026-08-28T03:22:45+0200,fe344a24-22e0-4cc6-9f99-c4acdbe3c429,2026-08-26T02:30:00Z,2026-08-26T04:30:00+0200,0.0,MW,NL,NL,forecast_solar_generation,Solar,2026-08-28T01:27:51Z
2026-08-28T01:22:45Z,2026-08-28T03:22:45+0200,fe344a24-22e0-4cc6-9f99-c4acdbe3c429,2026-08-26T02:45:00Z,2026-08-26T04:45:00+0200,0.0,MW,NL,NL,forecast_solar_generation,Solar,2026-08-28T01:27:51Z
2026-08-28T01:22:45Z,2026-08-28T03:22:45+0200,fe344a24-22e0-4cc6-9f99-c4acdbe3c429,2026-08-26T03:00:00Z,2026-08-26T05:00:00+0200,0.0,MW,NL,NL,forecast_solar_generation,Solar,2026-08-28T01:27:51Z
2026-08-28T01:22:45Z,2026-08-28T03:22:45+0200,fe344a24-22e0-4cc6-9f99-c4acdbe3c429,2026-08-26T03:15:00Z,2026-08-26T05:15:00+0200,0.0,MW,NL,NL,forecast_solar_generation,Solar,2026-08-28T01:27:51Z
2026-08-28T01:22:45Z,2026-08-28T03:22:45+0200,fe344a24-22e0-4cc6-9f99-c4acdbe3c429,2026-08-26T03:30:00Z,2026-08-26T05:30:00+0200,0.0,MW,NL,NL,forecast_solar_generation,Solar,2026-08-28T01:27:51Z
2026-08-28T01:22:45Z,2026-08-28T03:22:45+0200,fe344a24-22e0-4cc6-9f99-c4acdbe3c429,2026-08-26T03:45:00Z,2026-08-26T05:45:00+0200,0.0,MW,NL,NL,forecast_solar_generation,Solar,2026-08-28T01:27:51Z
2026-08-28T01:22:45Z,2026-08-28T03:22:45+0200,fe344a24-22e0-4cc6-9f99-c4acdbe3c429,2026-08-26T04:00:00Z,2026-08-26T06:00:00+0200,0.0,MW,NL,NL,forecast_solar_generation,Solar,2026-08-28T01:27:51Z
2026-08-28T01:22:45Z,2026-08-28T03:22:45+0200,fe344a24-22e0-4cc6-9f99-c4acdbe3c429,2026-08-26T04:15:00Z,2026-08-26T06:15:00+0200,0.0,MW,NL,NL,forecast_solar_generation,Solar,2026-08-28T01:27:51Z
2026-08-28T01:22:45Z,2026-08-28T03:22:45+0200,fe344a24-22e0-4cc6-9f99-c4acdbe3c429,2026-08-26T04:30:00Z,2026-08-26T06:30:00+0200,0.0,MW,NL,NL,forecast_solar_generation,Solar,2026-08-28T01:27:51Z
2026-08-28T01:22:45Z,2026-08-28T03:22:45+0200,fe344a24-22e0-4cc6-9f99-c4acdbe3c429,2026-08-26T04:45:00Z,2026-08-26T06:45:00+0200,0.0,MW,NL,NL,forecast_solar_generation,Solar,2026-08-28T01:27:51Z
2026-08-28T01:22:45Z,2026-08-28T03:22:45+0200,fe344a24-22e0-4cc6-9f99-c4acdbe3c429,2026-08-26T05:00:00Z,2026-08-26T07:00:00+0200,0.0,MW,NL,NL,forecast_solar_generation,Solar,2026-08-28T01:27:51Z
2026-08-28T01:22:45Z,2026-08-28T03:22:45+0200,fe344a24-22e0-4cc6-9f99-c4acdbe3c429,2026-08-26T05:15:00Z,2026-08-26T07:15:00+0200,81.0,MW,NL,NL,forecast_solar_generation,Solar,2026-08-28T01:27:51Z
2026-08-28T01:22:45Z,2026-08-28T03:22:45+0200,fe344a24-22e0-4cc6-9f99-c4acdbe3c429,2026-08-26T05:30:00Z,2026-08-26T07:30:00+0200,163.0,MW,NL,NL,forecast_solar_generation,Solar,2026-08-28T01:27:51Z
2026-08-28T01:22:45Z,2026-08-28T03:22:45+0200,fe344a24-22e0-4cc6-9f99-c4acdbe3c429,2026-08-26T05:45:00Z,2026-08-26T07:45:00+0200,241.0,MW,NL,NL,forecast_solar_generation,Solar,2026-08-28T01:27:51Z
2026-08-28T01:22:45Z,2026-08-28T03:22:45+0200,fe344a24-22e0-4cc6-9f99-c4acdbe3c429,2026-08-26T06:00:00Z,2026-08-26T08:00:00+0200,321.0,MW,NL,NL,forecast_solar_generation,Solar,2026-08-28T01:27:51Z
2026-08-28T01:22:45Z,2026-08-28T03:22:45+0200,fe344a24-22e0-4cc6-9f99-c4acdbe3c429,2026-08-26T06:15:00Z,2026-08-26T08:15:00+0200,531.0,MW,NL,NL,forecast_solar_generation,Solar,2026-08-28T01:27:51Z
2026-08-28T01:22:45Z,2026-08-28T03:22:45+0200,fe344a24-22e0-4cc6-9f99-c4acdbe3c429,2026-08-26T06:30:00Z,2026-08-26T08:30:00+0200,743.0,MW,NL,NL,forecast_solar_generation,Solar,2026-08-28T01:27:51Z
2026-08-28T01:22:45Z,2026-08-28T03:22:45+0200,fe344a24-22e0-4cc6-9f99-c4acdbe3c429,2026-08-26T06:45:00Z,2026-08-26T08:45:00+0200,952.0,MW,NL,NL,forecast_solar_generation,Solar,2026-08-28T01:27:51Z
2026-08-28T01:22:45Z,2026-08-28T03:22:45+0200,fe344a24-22e0-4cc6-9f99-c4acdbe3c429,2026-08-26T07:00:00Z,2026-08-26T09:00:00+0200,1163.0,MW,NL,NL,forecast_solar_generation,Solar,2026-08-28T01:27:51Z
2026-08-28T01:22:45Z,2026-08-28T03:22:45+0200,fe344a24-22e0-4cc6-9f99-c4acdbe3c429,2026-08-26T07:15:00Z,2026-08-26T09:15:00+0200,1401.0,MW,NL,NL,forecast_solar_generation,Solar,2026-08-28T01:27:51Z
2026-08-28T01:22:45Z,2026-08-28T03:22:45+0200,fe344a24-22e0-4cc6-9f99-c4acdbe3c429,2026-08-26T07:30:00Z,2026-08-26T09:30:00+0200,1643.0,MW,NL,NL,forecast_solar_generation,Solar,2026-08-28T01:27:51Z
2026-08-28T01:22:45Z,2026-08-28T03:22:45+0200,fe344a24-22e0-4cc6-9f99-c4acdbe3c429,2026-08-26T07:45:00Z,2026-08-26T09:45:00+0200,1882.0,MW,NL,NL,forecast_solar_generation,Solar,2026-08-28T01:27:51Z
2026-08-28T01:22:45Z,2026-08-28T03:22:45+0200,fe344a24-22e0-4cc6-9f99-c4acdbe3c429,2026-08-26T08:00:00Z,2026-08-26T10:00:00+0200,2121.0,MW,NL,NL,forecast_solar_generation,Solar,2026-08-28T01:27:51Z
2026-08-28T01:22:45Z,2026-08-28T03:22:45+0200,fe344a24-22e0-4cc6-9f99-c4acdbe3c429,2026-08-26T08:15:00Z,2026-08-26T10:15:00+0200,2342.0,MW,NL,NL,forecast_solar_generation,Solar,2026-08-28T01:27:51Z
2026-08-28T01:22:45Z,2026-08-28T03:22:45+0200,fe344a24-22e0-4cc6-9f99-c4acdbe3c429,2026-08-26T08:30:00Z,2026-08-26T10:30:00+0200,2558.0,MW,NL,NL,forecast_solar_generation,Solar,2026-08-28T01:27:51Z
2026-08-28T01:22:45Z,2026-08-28T03:22:45+0200,fe344a24-22e0-4cc6-9f99-c4acdbe3c429,2026-08-26T08:45:00Z,2026-08-26T10:45:00+0200,2774.0,MW,NL,NL,forecast_solar_generation,Solar,2026-08-28T01:27:51Z
2026-08-28T01:22:45Z,2026-08-28T03:22:45+0200,fe344a24-22e0-4cc6-9f99-c4acdbe3c429,2026-08-26T09:00:00Z,2026-08-26T11:00:00+0200,2991.0,MW,NL,NL,forecast_solar_generation,Solar,2026-08-28T01:27:51Z
2026-08-28T01:22:45Z,2026-08-28T03:22:45+0200,fe344a24-22e0-4cc6-9f99-c4acdbe3c429,2026-08-26T09:15:00Z,2026-08-26T11:15:00+0200,3142.0,MW,NL,NL,forecast_solar_generation,Solar,2026-08-28T01:27:51Z
2026-08-28T01:22:45Z,2026-08-28T03:22:45+0200,fe344a24-22e0-4cc6-9f99-c4acdbe3c429,2026-08-26T09:30:00Z,2026-08-26T11:30:00+0200,3291.0,MW,NL,NL,forecast_solar_generation,Solar,2026-08-28T01:27:51Z
2026-08-28T01:22:45Z,2026-08-28T03:22:45+0200,fe344a24-22e0-4cc6-9f99-c4acdbe3c429,2026-08-26T09:45:00Z,2026-08-26T11:45:00+0200,3441.0,MW,NL,NL,forecast_solar_generation,Solar,2026-08-28T01:27:51Z
2026-08-28T01:22:45Z,2026-08-28T03:22:45+0200,fe344a24-22e0-4cc6-9f99-c4acdbe3c429,2026-08-26T10:00:00Z,2026-08-26T12:00:00+0200,3593.0,MW,NL,NL,forecast_solar_generation,Solar,2026-08-28T01:27:51Z
2026-08-28T01:22:45Z,2026-08-28T03:22:45+0200,fe344a24-22e0-4cc6-9f99-c4acdbe3c429,2026-08-26T10:15:00Z,2026-08-26T12:15:00+0200,3703.0,MW,NL,NL,forecast_solar_generation,Solar,2026-08-28T01:27:51Z
2026-08-28T01:22:45Z,2026-08-28T03:22:45+0200,fe344a24-22e0-4cc6-9f99-c4acdbe3c429,2026-08-26T10:30:00Z,2026-08-26T12:30:00+0200,3815.0,MW,NL,NL,forecast_solar_generation,Solar,2026-08-28T01:27:51Z
2026-08-28T01:22:45Z,2026-08-28T03:22:45+0200,fe344a24-22e0-4cc6-9f99-c4acdbe3c429,2026-08-26T10:45:00Z,2026-08-26T12:45:00+0200,3927.0,MW,NL,NL,forecast_solar_generation,Solar,2026-08-28T01:27:51Z
2026-08-28T01:22:45Z,2026-08-28T03:22:45+0200,fe344a24-22e0-4cc6-9f99-c4acdbe3c429,2026-08-26T11:00:00Z,2026-08-26T13:00:00+0200,4039.0,MW,NL,NL,forecast_solar_generation,Solar,2026-08-28T01:27:51Z
2026-08-28T01:22:45Z,2026-08-28T03:22:45+0200,fe344a24-22e0-4cc6-9f99-c4acdbe3c429,2026-08-26T11:15:00Z,2026-08-26T13:15:00+0200,4083.0,MW,NL,NL,forecast_solar_generation,Solar,2026-08-28T01:27:51Z
2026-08-28T01:22:45Z,2026-08-28T03:22:45+0200,fe344a24-22e0-4cc6-9f99-c4acdbe3c429,2026-08-26T11:30:00Z,2026-08-26T13:30:00+0200,4130.0,MW,NL,NL,forecast_solar_generation,Solar,2026-08-28T01:27:51Z
2026-08-28T01:22:45Z,2026-08-28T03:22:45+0200,fe344a24-22e0-4cc6-9f99-c4acdbe3c429,2026-08-26T11:45:00Z,2026-08-26T13:45:00+0200,4173.0,MW,NL,NL,forecast_solar_generation,Solar,2026-08-28T01:27:51Z
2026-08-28T01:22:45Z,2026-08-28T03:22:45+0200,fe344a24-22e0-4cc6-9f99-c4acdbe3c429,2026-08-26T12:00:00Z,2026-08-26T14:00:00+0200,4220.0,MW,NL,NL,forecast_solar_generation,Solar,2026-08-28T01:27:51Z
2026-08-28T01:22:45Z,2026-08-28T03:22:45+0200,fe344a24-22e0-4cc6-9f99-c4acdbe3c429,2026-08-26T12:15:00Z,2026-08-26T14:15:00+0200,4123.0,MW,NL,NL,forecast_solar_generation,Solar,2026-08-28T01:27:51Z
2026-08-28T01:22:45Z,2026-08-28T03:22:45+0200,fe344a24-22e0-4cc6-9f99-c4acdbe3c429,2026-08-26T12:30:00Z,2026-08-26T14:30:00+0200,4029.0,MW,NL,NL,forecast_solar_generation,Solar,2026-08-28T01:27:51Z
2026-08-28T01:22:45Z,2026-08-28T03:22:45+0200,fe344a24-22e0-4cc6-9f99-c4acdbe3c429,2026-08-26T12:45:00Z,2026-08-26T14:45:00+0200,3933.0,MW,NL,NL,forecast_solar_generation,Solar,2026-08-28T01:27:51Z
2026-08-28T01:22:45Z,2026-08-28T03:22:45+0200,fe344a24-22e0-4cc6-9f99-c4acdbe3c429,2026-08-26T13:00:00Z,2026-08-26T15:00:00+0200,3836.0,MW,NL,NL,forecast_solar_generation,Solar,2026-08-28T01:27:51Z
2026-08-28T01:22:45Z,2026-08-28T03:22:45+0200,fe344a24-22e0-4cc6-9f99-c4acdbe3c429,2026-08-26T13:15:00Z,2026-08-26T15:15:00+0200,3750.0,MW,NL,NL,forecast_solar_generation,Solar,2026-08-28T01:27:51Z
2026-08-28T01:22:45Z,2026-08-28T03:22:45+0200,fe344a24-22e0-4cc6-9f99-c4acdbe3c429,2026-08-26T13:30:00Z,2026-08-26T15:30:00+0200,3665.0,MW,NL,NL,forecast_solar_generation,Solar,2026-08-28T01:27:51Z
2026-08-28T01:22:45Z,2026-08-28T03:22:45+0200,fe344a24-22e0-4cc6-9f99-c4acdbe3c429,2026-08-26T13:45:00Z,2026-08-26T15:45:00+0200,3577.0,MW,NL,NL,forecast_solar_generation,Solar,2026-08-28T01:27:51Z
2026-08-28T01:22:45Z,2026-08-28T03:22:45+0200,fe344a24-22e0-4cc6-9f99-c4acdbe3c429,2026-08-26T14:00:00Z,2026-08-26T16:00:00+0200,3491.0,MW,NL,NL,forecast_solar_generation,Solar,2026-08-28T01:27:51Z
2026-08-28T01:22:45Z,2026-08-28T03:22:45+0200,fe344a24-22e0-4cc6-9f99-c4acdbe3c429,2026-08-26T14:15:00Z,2026-08-26T16:15:00+0200,3350.0,MW,NL,NL,forecast_solar_generation,Solar,2026-08-28T01:27:51Z
2026-08-28T01:22:45Z,2026-08-28T03:22:45+0200,fe344a24-22e0-4cc6-9f99-c4acdbe3c429,2026-08-26T14:30:00Z,2026-08-26T16:30:00+0200,3205.0,MW,NL,NL,forecast_solar_generation,Solar,2026-08-28T01:27:51Z
2026-08-28T01:22:45Z,2026-08-28T03:22:45+0200,fe344a24-22e0-4cc6-9f99-c4acdbe3c429,2026-08-26T14:45:00Z,2026-08-26T16:45:00+0200,3063.0,MW,NL,NL,forecast_solar_generation,Solar,2026-08-28T01:27:51Z
2026-08-28T01:22:45Z,2026-08-28T03:22:45+0200,fe344a24-22e0-4cc6-9f99-c4acdbe3c429,2026-08-26T15:00:00Z,2026-08-26T17:00:00+0200,2920.0,MW,NL,NL,forecast_solar_generation,Solar,2026-08-28T01:27:51Z
2026-08-28T01:22:45Z,2026-08-28T03:22:45+0200,fe344a24-22e0-4cc6-9f99-c4acdbe3c429,2026-08-26T15:15:00Z,2026-08-26T17:15:00+0200,2701.0,MW,NL,NL,forecast_solar_generation,Solar,2026-08-28T01:27:51Z
2026-08-28T01:22:45Z,2026-08-28T03:22:45+0200,fe344a24-22e0-4cc6-9f99-c4acdbe3c429,2026-08-26T15:30:00Z,2026-08-26T17:30:00+0200,2482.0,MW,NL,NL,forecast_solar_generation,Solar,2026-08-28T01:27:51Z
2026-08-28T01:22:45Z,2026-08-28T03:22:45+0200,fe344a24-22e0-4cc6-9f99-c4acdbe3c429,2026-08-26T15:45:00Z,2026-08-26T17:45:00+0200,2262.0,MW,NL,NL,forecast_solar_generation,Solar,2026-08-28T01:27:51Z
2026-08-28T01:22:45Z,2026-08-28T03:22:45+0200,fe344a24-22e0-4cc6-9f99-c4acdbe3c429,2026-08-26T16:00:00Z,2026-08-26T18:00:00+0200,2041.0,MW,NL,NL,forecast_solar_generation,Solar,2026-08-28T01:27:51Z
2026-08-28T01:22:45Z,2026-08-28T03:22:45+0200,fe344a24-22e0-4cc6-9f99-c4acdbe3c429,2026-08-26T16:15:00Z,2026-08-26T18:15:00+0200,1842.0,MW,NL,NL,forecast_solar_generation,Solar,2026-08-28T01:27:51Z
2026-08-28T01:22:45Z,2026-08-28T03:22:45+0200,fe344a24-22e0-4cc6-9f99-c4acdbe3c429,2026-08-26T16:30:00Z,2026-08-26T18:30:00+0200,1643.0,MW,NL,NL,forecast_solar_generation,Solar,2026-08-28T01:27:51Z
2026-08-28T01:22:45Z,2026-08-28T03:22:45+0200,fe344a24-22e0-4cc6-9f99-c4acdbe3c429,2026-08-26T16:45:00Z,2026-08-26T18:45:00+0200,1440.0,MW,NL,NL,forecast_solar_generation,Solar,2026-08-28T01:27:51Z
2026-08-28T01:22:45Z,2026-08-28T03:22:45+0200,fe344a24-22e0-4cc6-9f99-c4acdbe3c429,2026-08-26T17:00:00Z,2026-08-26T19:00:00+0200,1242.0,MW,NL,NL,forecast_solar_generation,Solar,2026-08-28T01:27:51Z
2026-08-28T01:22:45Z,2026-08-28T03:22:45+0200,fe344a24-22e0-4cc6-9f99-c4acdbe3c429,2026-08-26T17:15:00Z,2026-08-26T19:15:00+0200,1055.0,MW,NL,NL,forecast_solar_generation,Solar,2026-08-28T01:27:51Z
2026-08-28T01:22:45Z,2026-08-28T03:22:45+0200,fe344a24-22e0-4cc6-9f99-c4acdbe3c429,2026-08-26T17:30:00Z,2026-08-26T19:30:00+0200,872.0,MW,NL,NL,forecast_solar_generation,Solar,2026-08-28T01:27:51Z
2026-08-28T01:22:45Z,2026-08-28T03:22:45+0200,fe344a24-22e0-4cc6-9f99-c4acdbe3c429,2026-08-26T17:45:00Z,2026-08-26T19:45:00+0200,689.0,MW,NL,NL,forecast_solar_generation,Solar,2026-08-28T01:27:51Z
2026-08-28T01:22:45Z,2026-08-28T03:22:45+0200,fe344a24-22e0-4cc6-9f99-c4acdbe3c429,2026-08-26T18:00:00Z,2026-08-26T20:00:00+0200,503.0,MW,NL,NL,forecast_solar_generation,Solar,2026-08-28T01:27:51Z
2026-08-28T01:22:45Z,2026-08-28T03:22:45+0200,fe344a24-22e0-4cc6-9f99-c4acdbe3c429,2026-08-26T18:15:00Z,2026-08-26T20:15:00+0200,381.0,MW,NL,NL,forecast_solar_generation,Solar,2026-08-28T01:27:51Z
2026-08-28T01:22:45Z,2026-08-28T03:22:45+0200,fe344a24-22e0-4cc6-9f99-c4acdbe3c429,2026-08-26T18:30:00Z,2026-08-26T20:30:00+0200,259.0,MW,NL,NL,forecast_solar_generation,Solar,2026-08-28T01:27:51Z
2026-08-28T01:22:45Z,2026-08-28T03:22:45+0200,fe344a24-22e0-4cc6-9f99-c4acdbe3c429,2026-08-26T18:45:00Z,2026-08-26T20:45:00+0200,136.0,MW,NL,NL,forecast_solar_generation,Solar,2026-08-28T01:27:51Z
2026-08-28T01:22:45Z,2026-08-28T03:22:45+0200,fe344a24-22e0-4cc6-9f99-c4acdbe3c429,2026-08-26T19:00:00Z,2026-08-26T21:00:00+0200,14.0,MW,NL,NL,forecast_solar_generation,Solar,2026-08-28T01:27:51Z
2026-08-28T01:22:45Z,2026-08-28T03:22:45+0200,fe344a24-22e0-4cc6-9f99-c4acdbe3c429,2026-08-26T19:15:00Z,2026-08-26T21:15:00+0200,11.0,MW,NL,NL,forecast_solar_generation,Solar,2026-08-28T01:27:51Z
2026-08-28T01:22:45Z,2026-08-28T03:22:45+0200,fe344a24-22e0-4cc6-9f99-c4acdbe3c429,2026-08-26T19:30:00Z,2026-08-26T21:30:00+0200,6.0,MW,NL,NL,forecast_solar_generation,Solar,2026-08-28T01:27:51Z
2026-08-28T01:22:45Z,2026-08-28T03:22:45+0200,fe344a24-22e0-4cc6-9f99-c4acdbe3c429,2026-08-26T19:45:00Z,2026-08-26T21:45:00+0200,3.0,MW,NL,NL,forecast_solar_generation,Solar,2026-08-28T01:27:51Z
2026-08-28T01:22:45Z,2026-08-28T03:22:45+0200,fe344a24-22e0-4cc6-9f99-c4acdbe3c429,2026-08-26T20:00:00Z,2026-08-26T22:00:00+0200,0.0,MW,NL,NL,forecast_solar_generation,Solar,2026-08-28T01:27:51Z
2026-08-28T01:22:45Z,2026-08-28T03:22:45+0200,fe344a24-22e0-4cc6-9f99-c4acdbe3c429,2026-08-26T20:15:00Z,2026-08-26T22:15:00+0200,0.0,MW,NL,NL,forecast_solar_generation,Solar,2026-08-28T01:27:51Z
2026-08-28T01:22:45Z,2026-08-28T03:22:45+0200,fe344a24-22e0-4cc6-9f99-c4acdbe3c429,2026-08-26T20:30:00Z,2026-08-26T22:30:00+0200,0.0,MW,NL,NL,forecast_solar_generation,Solar,2026-08-28T01:27:51Z
2026-08-28T01:22:45Z,2026-08-28T03:22:45+0200,fe344a24-22e0-4cc6-9f99-c4acdbe3c429,2026-08-26T20:45:00Z,2026-08-26T22:45:00+0200,0.0,MW,NL,NL,forecast_solar_generation,Solar,2026-08-28T01:27:51Z
2026-08-28T01:22:45Z,2026-08-28T03:22:45+0200,fe344a24-22e0-4cc6-9f99-c4acdbe3c429,2026-08-26T21:00:00Z,2026-08-26T23:00:00+0200,0.0,MW,NL,NL,forecast_solar_generation,Solar,2026-08-28T01:27:51Z
2026-08-28T01:22:45Z,2026-08-28T03:22:45+0200,fe344a24-22e0-4cc6-9f99-c4acdbe3c429,2026-08-26T21:15:00Z,2026-08-26T23:15:00+0200,0.0,MW,NL,NL,forecast_solar_generation,Solar,2026-08-28T01:27:51Z
2026-08-28T01:22:45Z,2026-08-28T03:22:45+0200,fe344a24-22e0-4cc6-9f99-c4acdbe3c429,2026-08-26T21:30:00Z,2026-08-26T23:30:00+0200,0.0,MW,NL,NL,forecast_solar_generation,Solar,2026-08-28T01:27:51Z
2026-08-28T01:22:45Z,2026-08-28T03:22:45+0200,fe344a24-22e0-4cc6-9f99-c4acdbe3c429,2026-08-26T21:45:00Z,2026-08-26T23:45:00+0200,0.0,MW,NL,NL,forecast_solar_generation,Solar,2026-08-28T01:27:51Z
2026-08-28T01:22:45Z,2026-08-28T03:22:45+0200,fe344a24-22e0-4cc6-9f99-c4acdbe3c429,2026-08-26T22:00:00Z,2026-08-27T00:00:00+0200,0.0,MW,NL,NL,forecast_solar_generation,Solar,2026-08-28T01:27:51Z
2026-08-28T01:22:45Z,2026-08-28T03:22:45+0200,fe344a24-22e0-4cc6-9f99-c4acdbe3c429,2026-08-26T22:15:00Z,2026-08-27T00:15:00+0200,0.0,MW,NL,NL,forecast_solar_generation,Solar,2026-08-28T01:27:51Z
2026-08-28T01:22:45Z,2026-08-28T03:22:45+0200,fe344a24-22e0-4cc6-9f99-c4acdbe3c429,2026-08-26T22:30:00Z,2026-08-27T00:30:00+0200,0.0,MW,NL,NL,forecast_solar_generation,Solar,2026-08-28T01:27:51Z
2026-08-28T01:22:45Z,2026-08-28T03:22:45+0200,fe344a24-22e0-4cc6-9f99-c4acdbe3c429,2026-08-26T22:45:00Z,2026-08-27T00:45:00+0200,0.0,MW,NL,NL,forecast_solar_generation,Solar,2026-08-28T01:27:51Z
2026-08-28T01:22:45Z,2026-08-28T03:22:45+0200,fe344a24-22e0-4cc6-9f99-c4acdbe3c429,2026-08-26T23:00:00Z,2026-08-27T01:00:00+0200,0.0,MW,NL,NL,forecast_solar_generation,Solar,2026-08-28T01:27:51Z
2026-08-28T01:22:45Z,2026-08-28T03:22:45+0200,fe344a24-22e0-4cc6-9f99-c4acdbe3c429,2026-08-26T23:15:00Z,2026-08-27T01:15:00+0200,0.0,MW,NL,NL,forecast_solar_generation,Solar,2026-08-28T01:27:51Z
2026-08-28T01:22:45Z,2026-08-28T03:22:45+0200,fe344a24-22e0-4cc6-9f99-c4acdbe3c429,2026-08-26T23:30:00Z,2026-08-27T01:30:00+0200,0.0,MW,NL,NL,forecast_solar_generation,Solar,2026-08-28T01:27:51Z
2026-08-28T01:22:45Z,2026-08-28T03:22:45+0200,fe344a24-22e0-4cc6-9f99-c4acdbe3c429,2026-08-26T23:45:00Z,2026-08-27T01:45:00+0200,0.0,MW,NL,NL,forecast_solar_generation,Solar,2026-08-28T01:27:51Z
2026-08-28T01:22:45Z,2026-08-28T03:22:45+0200,fe344a24-22e0-4cc6-9f99-c4acdbe3c429,2026-08-27T00:00:00Z,2026-08-27T02:00:00+0200,0.0,MW,NL,NL,forecast_solar_generation,Solar,2026-08-28T01:27:51Z
2026-08-28T01:22:45Z,2026-08-28T03:22:45+0200,fe344a24-22e0-4cc6-9f99-c4acdbe3c429,2026-08-27T00:15:00Z,2026-08-27T02:15:00+0200,0.0,MW,NL,NL,forecast_solar_generation,Solar,2026-08-28T01:27:51Z
2026-08-28T01:22:45Z,2026-08-28T03:22:45+0200,fe344a24-22e0-4cc6-9f99-c4acdbe3c429,2026-08-27T00:30:00Z,2026-08-27T02:30:00+0200,0.0,MW,NL,NL,forecast_solar_generation,Solar,2026-08-28T01:27:51Z
2026-08-28T01:22:45Z,2026-08-28T03:22:45+0200,fe344a24-22e0-4cc6-9f99-c4acdbe3c429,2026-08-27T00:45:00Z,2026-08-27T02:45:00+0200,0.0,MW,NL,NL,forecast_solar_generation,Solar,2026-08-28T01:27:51Z
2026-08-28T01:22:45Z,2026-08-28T03:22:45+0200,fe344a24-22e0-4cc6-9f99-c4acdbe3c429,2026-08-27T01:00:00Z,2026-08-27T03:00:00+0200,0.0,MW,NL,NL,forecast_solar_generation,Solar,2026-08-28T01:27:51Z
2026-08-28T01:22:45Z,2026-08-28T03:22:45+0200,fe344a24-22e0-4cc6-9f99-c4acdbe3c429,2026-08-27T01:15:00Z,2026-08-27T03:15:00+0200,0.0,MW,NL,NL,forecast_solar_generation,Solar,2026-08-28T01:27:51Z
2026-08-28T01:22:45Z,2026-08-28T03:22:45+0200,fe344a24-22e0-4cc6-9f99-c4acdbe3c429,2026-08-27T01:30:00Z,2026-08-27T03:30:00+0200,0.0,MW,NL,NL,forecast_solar_generation,Solar,2026-08-28T01:27:51Z
2026-08-28T01:22:45Z,2026-08-28T03:22:45+0200,fe344a24-22e0-4cc6-9f99-c4acdbe3c429,2026-08-27T01:45:00Z,2026-08-27T03:45:00+0200,0.0,MW,NL,NL,forecast_solar_generation,Solar,2026-08-28T01:27:51Z
2026-08-28T01:22:45Z,2026-08-28T03:22:45+0200,fe344a24-22e0-4cc6-9f99-c4acdbe3c429,2026-08-27T02:00:00Z,2026-08-27T04:00:00+0200,0.0,MW,NL,NL,forecast_solar_generation,Solar,2026-08-28T01:27:51Z
2026-08-28T01:22:45Z,2026-08-28T03:22:45+0200,fe344a24-22e0-4cc6-9f99-c4acdbe3c429,2026-08-27T02:15:00Z,2026-08-27T04:15:00+0200,0.0,MW,NL,NL,forecast_solar_generation,Solar,2026-08-28T01:27:51Z
2026-08-28T01:22:45Z,2026-08-28T03:22:45+0200,fe344a24-22e0-4cc6-9f99-c4acdbe3c429,2026-08-27T02:30:00Z,2026-08-27T04:30:00+0200,0.0,MW,NL,NL,forecast_solar_generation,Solar,2026-08-28T01:27:51Z
2026-08-28T01:22:45Z,2026-08-28T03:22:45+0200,fe344a24-22e0-4cc6-9f99-c4acdbe3c429,2026-08-27T02:45:00Z,2026-08-27T04:45:00+0200,0.0,MW,NL,NL,forecast_solar_generation,Solar,2026-08-28T01:27:51Z
2026-08-28T01:22:45Z,2026-08-28T03:22:45+0200,fe344a24-22e0-4cc6-9f99-c4acdbe3c429,2026-08-27T03:00:00Z,2026-08-27T05:00:00+0200,0.0,MW,NL,NL,forecast_solar_generation,Solar,2026-08-28T01:27:51Z
2026-08-28T01:22:45Z,2026-08-28T03:22:45+0200,fe344a24-22e0-4cc6-9f99-c4acdbe3c429,2026-08-27T03:15:00Z,2026-08-27T05:15:00+0200,0.0,MW,NL,NL,forecast_solar_generation,Solar,2026-08-28T01:27:51Z
2026-08-28T01:22:45Z,2026-08-28T03:22:45+0200,fe344a24-22e0-4cc6-9f99-c4acdbe3c429,2026-08-27T03:30:00Z,2026-08-27T05:30:00+0200,0.0,MW,NL,NL,forecast_solar_generation,Solar,2026-08-28T01:27:51Z
2026-08-28T01:22:45Z,2026-08-28T03:22:45+0200,fe344a24-22e0-4cc6-9f99-c4acdbe3c429,2026-08-27T03:45:00Z,2026-08-27T05:45:00+0200,0.0,MW,NL,NL,forecast_solar_generation,Solar,2026-08-28T01:27:51Z
2026-08-28T01:22:45Z,2026-08-28T03:22:45+0200,fe344a24-22e0-4cc6-9f99-c4acdbe3c429,2026-08-27T04:00:00Z,2026-08-27T06:00:00+0200,0.0,MW,NL,NL,forecast_solar_generation,Solar,2026-08-28T01:27:51Z
2026-08-28T01:22:45Z,2026-08-28T03:22:45+0200,fe344a24-22e0-4cc6-9f99-c4acdbe3c429,2026-08-27T04:15:00Z,2026-08-27T06:15:00+0200,0.0,MW,NL,NL,forecast_solar_generation,Solar,2026-08-28T01:27:51Z
2026-08-28T01:22:45Z,2026-08-28T03:22:45+0200,fe344a24-22e0-4cc6-9f99-c4acdbe3c429,2026-08-27T04:30:00Z,2026-08-27T06:30:00+0200,0.0,MW,NL,NL,forecast_solar_generation,Solar,2026-08-28T01:27:51Z
2026-08-28T01:22:45Z,2026-08-28T03:22:45+0200,fe344a24-22e0-4cc6-9f99-c4acdbe3c429,2026-08-27T04:45:00Z,2026-08-27T06:45:00+0200,0.0,MW,NL,NL,forecast_solar_generation,Solar,2026-08-28T01:27:51Z
2026-08-28T01:22:45Z,2026-08-28T03:22:45+0200,fe344a24-22e0-4cc6-9f99-c4acdbe3c429,2026-08-27T05:00:00Z,2026-08-27T07:00:00+0200,0.0,MW,NL,NL,forecast_solar_generation,Solar,2026-08-28T01:27:51Z
2026-08-28T01:22:45Z,2026-08-28T03:22:45+0200,fe344a24-22e0-4cc6-9f99-c4acdbe3c429,2026-08-27T05:15:00Z,2026-08-27T07:15:00+0200,73.0,MW,NL,NL,forecast_solar_generation,Solar,2026-08-28T01:27:51Z
2026-08-28T01:22:45Z,2026-08-28T03:22:45+0200,fe344a24-22e0-4cc6-9f99-c4acdbe3c429,2026-08-27T05:30:00Z,2026-08-27T07:30:00+0200,142.0,MW,NL,NL,forecast_solar_generation,Solar,2026-08-28T01:27:51Z
2026-08-28T01:22:45Z,2026-08-28T03:22:45+0200,fe344a24-22e0-4cc6-9f99-c4acdbe3c429,2026-08-27T05:45:00Z,2026-08-27T07:45:00+0200,215.0,MW,NL,NL,forecast_solar_generation,Solar,2026-08-28T01:27:51Z
2026-08-28T01:22:45Z,2026-08-28T03:22:45+0200,fe344a24-22e0-4cc6-9f99-c4acdbe3c429,2026-08-27T06:00:00Z,2026-08-27T08:00:00+0200,286.0,MW,NL,NL,forecast_solar_generation,Solar,2026-08-28T01:27:51Z
2026-08-28T01:22:45Z,2026-08-28T03:22:45+0200,fe344a24-22e0-4cc6-9f99-c4acdbe3c429,2026-08-27T06:15:00Z,2026-08-27T08:15:00+0200,441.0,MW,NL,NL,forecast_solar_generation,Solar,2026-08-28T01:27:51Z
2026-08-28T01:22:45Z,2026-08-28T03:22:45+0200,fe344a24-22e0-4cc6-9f99-c4acdbe3c429,2026-08-27T06:30:00Z,2026-08-27T08:30:00+0200,594.0,MW,NL,NL,forecast_solar_generation,Solar,2026-08-28T01:27:51Z
2026-08-28T01:22:45Z,2026-08-28T03:22:45+0200,fe344a24-22e0-4cc6-9f99-c4acdbe3c429,2026-08-27T06:45:00Z,2026-08-27T08:45:00+0200,751.0,MW,NL,NL,forecast_solar_generation,Solar,2026-08-28T01:27:51Z
2026-08-28T01:22:45Z,2026-08-28T03:22:45+0200,fe344a24-22e0-4cc6-9f99-c4acdbe3c429,2026-08-27T07:00:00Z,2026-08-27T09:00:00+0200,905.0,MW,NL,NL,forecast_solar_generation,Solar,2026-08-28T01:27:51Z
2026-08-28T01:22:45Z,2026-08-28T03:22:45+0200,fe344a24-22e0-4cc6-9f99-c4acdbe3c429,2026-08-27T07:15:00Z,2026-08-27T09:15:00+0200,1088.0,MW,NL,NL,forecast_solar_generation,Solar,2026-08-28T01:27:51Z
2026-08-28T01:22:45Z,2026-08-28T03:22:45+0200,fe344a24-22e0-4cc6-9f99-c4acdbe3c429,2026-08-27T07:30:00Z,2026-08-27T09:30:00+0200,1269.0,MW,NL,NL,forecast_solar_generation,Solar,2026-08-28T01:27:51Z
2026-08-28T01:22:45Z,2026-08-28T03:22:45+0200,fe344a24-22e0-4cc6-9f99-c4acdbe3c429,2026-08-27T07:45:00Z,2026-08-27T09:45:00+0200,1453.0,MW,NL,NL,forecast_solar_generation,Solar,2026-08-28T01:27:51Z
2026-08-28T01:22:45Z,2026-08-28T03:22:45+0200,fe344a24-22e0-4cc6-9f99-c4acdbe3c429,2026-08-27T08:00:00Z,2026-08-27T10:00:00+0200,1638.0,MW,NL,NL,forecast_solar_generation,Solar,2026-08-28T01:27:51Z
2026-08-28T01:22:45Z,2026-08-28T03:22:45+0200,fe344a24-22e0-4cc6-9f99-c4acdbe3c429,2026-08-27T08:15:00Z,2026-08-27T10:15:00+0200,1809.0,MW,NL,NL,forecast_solar_generation,Solar,2026-08-28T01:27:51Z
2026-08-28T01:22:45Z,2026-08-28T03:22:45+0200,fe344a24-22e0-4cc6-9f99-c4acdbe3c429,2026-08-27T08:30:00Z,2026-08-27T10:30:00+0200,1980.0,MW,NL,NL,forecast_solar_generation,Solar,2026-08-28T01:27:51Z
2026-08-28T01:22:45Z,2026-08-28T03:22:45+0200,fe344a24-22e0-4cc6-9f99-c4acdbe3c429,2026-08-27T08:45:00Z,2026-08-27T10:45:00+0200,2154.0,MW,NL,NL,forecast_solar_generation,Solar,2026-08-28T01:27:51Z
2026-08-28T01:22:45Z,2026-08-28T03:22:45+0200,fe344a24-22e0-4cc6-9f99-c4acdbe3c429,2026-08-27T09:00:00Z,2026-08-27T11:00:00+0200,2324.0,MW,NL,NL,forecast_solar_generation,Solar,2026-08-28T01:27:51Z
2026-08-28T01:22:45Z,2026-08-28T03:22:45+0200,fe344a24-22e0-4cc6-9f99-c4acdbe3c429,2026-08-27T09:15:00Z,2026-08-27T11:15:00+0200,2398.0,MW,NL,NL,forecast_solar_generation,Solar,2026-08-28T01:27:51Z
2026-08-28T01:22:45Z,2026-08-28T03:22:45+0200,fe344a24-22e0-4cc6-9f99-c4acdbe3c429,2026-08-27T09:30:00Z,2026-08-27T11:30:00+0200,2472.0,MW,NL,NL,forecast_solar_generation,Solar,2026-08-28T01:27:51Z
2026-08-28T01:22:45Z,2026-08-28T03:22:45+0200,fe344a24-22e0-4cc6-9f99-c4acdbe3c429,2026-08-27T09:45:00Z,2026-08-27T11:45:00+0200,2547.0,MW,NL,NL,forecast_solar_generation,Solar,2026-08-28T01:27:51Z
2026-08-28T01:22:45Z,2026-08-28T03:22:45+0200,fe344a24-22e0-4cc6-9f99-c4acdbe3c429,2026-08-27T10:00:00Z,2026-08-27T12:00:00+0200,2621.0,MW,NL,NL,forecast_solar_generation,Solar,2026-08-28T01:27:51Z
2026-08-28T01:22:45Z,2026-08-28T03:22:45+0200,fe344a24-22e0-4cc6-9f99-c4acdbe3c429,2026-08-27T10:15:00Z,2026-08-27T12:15:00+0200,2708.0,MW,NL,NL,forecast_solar_generation,Solar,2026-08-28T01:27:51Z
2026-08-28T01:22:45Z,2026-08-28T03:22:45+0200,fe344a24-22e0-4cc6-9f99-c4acdbe3c429,2026-08-27T10:30:00Z,2026-08-27T12:30:00+0200,2791.0,MW,NL,NL,forecast_solar_generation,Solar,2026-08-28T01:27:51Z
2026-08-28T01:22:45Z,2026-08-28T03:22:45+0200,fe344a24-22e0-4cc6-9f99-c4acdbe3c429,2026-08-27T10:45:00Z,2026-08-27T12:45:00+0200,2876.0,MW,NL,NL,forecast_solar_generation,Solar,2026-08-28T01:27:51Z
2026-08-28T01:22:45Z,2026-08-28T03:22:45+0200,fe344a24-22e0-4cc6-9f99-c4acdbe3c429,2026-08-27T11:00:00Z,2026-08-27T13:00:00+0200,2963.0,MW,NL,NL,forecast_solar_generation,Solar,2026-08-28T01:27:51Z
2026-08-28T01:22:45Z,2026-08-28T03:22:45+0200,fe344a24-22e0-4cc6-9f99-c4acdbe3c429,2026-08-27T11:15:00Z,2026-08-27T13:15:00+0200,2997.0,MW,NL,NL,forecast_solar_generation,Solar,2026-08-28T01:27:51Z
2026-08-28T01:22:45Z,2026-08-28T03:22:45+0200,fe344a24-22e0-4cc6-9f99-c4acdbe3c429,2026-08-27T11:30:00Z,2026-08-27T13:30:00+0200,3032.0,MW,NL,NL,forecast_solar_generation,Solar,2026-08-28T01:27:51Z
2026-08-28T01:22:45Z,2026-08-28T03:22:45+0200,fe344a24-22e0-4cc6-9f99-c4acdbe3c429,2026-08-27T11:45:00Z,2026-08-27T13:45:00+0200,3067.0,MW,NL,NL,forecast_solar_generation,Solar,2026-08-28T01:27:51Z
2026-08-28T01:22:45Z,2026-08-28T03:22:45+0200,fe344a24-22e0-4cc6-9f99-c4acdbe3c429,2026-08-27T12:00:00Z,2026-08-27T14:00:00+0200,3103.0,MW,NL,NL,forecast_solar_generation,Solar,2026-08-28T01:27:51Z
2026-08-28T01:22:45Z,2026-08-28T03:22:45+0200,fe344a24-22e0-4cc6-9f99-c4acdbe3c429,2026-08-27T12:15:00Z,2026-08-27T14:15:00+0200,3182.0,MW,NL,NL,forecast_solar_generation,Solar,2026-08-28T01:27:51Z
2026-08-28T01:22:45Z,2026-08-28T03:22:45+0200,fe344a24-22e0-4cc6-9f99-c4acdbe3c429,2026-08-27T12:30:00Z,2026-08-27T14:30:00+0200,3260.0,MW,NL,NL,forecast_solar_generation,Solar,2026-08-28T01:27:51Z
2026-08-28T01:22:45Z,2026-08-28T03:22:45+0200,fe344a24-22e0-4cc6-9f99-c4acdbe3c429,2026-08-27T12:45:00Z,2026-08-27T14:45:00+0200,3338.0,MW,NL,NL,forecast_solar_generation,Solar,2026-08-28T01:27:51Z
2026-08-28T01:22:45Z,2026-08-28T03:22:45+0200,fe344a24-22e0-4cc6-9f99-c4acdbe3c429,2026-08-27T13:00:00Z,2026-08-27T15:00:00+0200,3419.0,MW,NL,NL,forecast_solar_generation,Solar,2026-08-28T01:27:51Z
2026-08-28T01:22:45Z,2026-08-28T03:22:45+0200,fe344a24-22e0-4cc6-9f99-c4acdbe3c429,2026-08-27T13:15:00Z,2026-08-27T15:15:00+0200,3338.0,MW,NL,NL,forecast_solar_generation,Solar,2026-08-28T01:27:51Z
2026-08-28T01:22:45Z,2026-08-28T03:22:45+0200,fe344a24-22e0-4cc6-9f99-c4acdbe3c429,2026-08-27T13:30:00Z,2026-08-27T15:30:00+0200,3260.0,MW,NL,NL,forecast_solar_generation,Solar,2026-08-28T01:27:51Z
2026-08-28T01:22:45Z,2026-08-28T03:22:45+0200,fe344a24-22e0-4cc6-9f99-c4acdbe3c429,2026-08-27T13:45:00Z,2026-08-27T15:45:00+0200,3181.0,MW,NL,NL,forecast_solar_generation,Solar,2026-08-28T01:27:51Z
2026-08-28T01:22:45Z,2026-08-28T03:22:45+0200,fe344a24-22e0-4cc6-9f99-c4acdbe3c429,2026-08-27T14:00:00Z,2026-08-27T16:00:00+0200,3104.0,MW,NL,NL,forecast_solar_generation,Solar,2026-08-28T01:27:51Z
2026-08-28T01:22:45Z,2026-08-28T03:22:45+0200,fe344a24-22e0-4cc6-9f99-c4acdbe3c429,2026-08-27T14:15:00Z,2026-08-27T16:15:00+0200,2973.0,MW,NL,NL,forecast_solar_generation,Solar,2026-08-28T01:27:51Z
2026-08-28T01:22:45Z,2026-08-28T03:22:45+0200,fe344a24-22e0-4cc6-9f99-c4acdbe3c429,2026-08-27T14:30:00Z,2026-08-27T16:30:00+0200,2845.0,MW,NL,NL,forecast_solar_generation,Solar,2026-08-28T01:27:51Z
2026-08-28T01:22:45Z,2026-08-28T03:22:45+0200,fe344a24-22e0-4cc6-9f99-c4acdbe3c429,2026-08-27T14:45:00Z,2026-08-27T16:45:00+0200,2713.0,MW,NL,NL,forecast_solar_generation,Solar,2026-08-28T01:27:51Z
2026-08-28T01:22:45Z,2026-08-28T03:22:45+0200,fe344a24-22e0-4cc6-9f99-c4acdbe3c429,2026-08-27T15:00:00Z,2026-08-27T17:00:00+0200,2583.0,MW,NL,NL,forecast_solar_generation,Solar,2026-08-28T01:27:51Z
2026-08-28T01:22:45Z,2026-08-28T03:22:45+0200,fe344a24-22e0-4cc6-9f99-c4acdbe3c429,2026-08-27T15:15:00Z,2026-08-27T17:15:00+0200,2417.0,MW,NL,NL,forecast_solar_generation,Solar,2026-08-28T01:27:51Z
2026-08-28T01:22:45Z,2026-08-28T03:22:45+0200,fe344a24-22e0-4cc6-9f99-c4acdbe3c429,2026-08-27T15:30:00Z,2026-08-27T17:30:00+0200,2249.0,MW,NL,NL,forecast_solar_generation,Solar,2026-08-28T01:27:51Z
2026-08-28T01:22:45Z,2026-08-28T03:22:45+0200,fe344a24-22e0-4cc6-9f99-c4acdbe3c429,2026-08-27T15:45:00Z,2026-08-27T17:45:00+0200,2085.0,MW,NL,NL,forecast_solar_generation,Solar,2026-08-28T01:27:51Z
2026-08-28T01:22:45Z,2026-08-28T03:22:45+0200,fe344a24-22e0-4cc6-9f99-c4acdbe3c429,2026-08-27T16:00:00Z,2026-08-27T18:00:00+0200,1919.0,MW,NL,NL,forecast_solar_generation,Solar,2026-08-28T01:27:51Z
2026-08-28T01:22:45Z,2026-08-28T03:22:45+0200,fe344a24-22e0-4cc6-9f99-c4acdbe3c429,2026-08-27T16:15:00Z,2026-08-27T18:15:00+0200,1729.0,MW,NL,NL,forecast_solar_generation,Solar,2026-08-28T01:27:51Z
2026-08-28T01:22:45Z,2026-08-28T03:22:45+0200,fe344a24-22e0-4cc6-9f99-c4acdbe3c429,2026-08-27T16:30:00Z,2026-08-27T18:30:00+0200,1538.0,MW,NL,NL,forecast_solar_generation,Solar,2026-08-28T01:27:51Z
2026-08-28T01:22:45Z,2026-08-28T03:22:45+0200,fe344a24-22e0-4cc6-9f99-c4acdbe3c429,2026-08-27T16:45:00Z,2026-08-27T18:45:00+0200,1350.0,MW,NL,NL,forecast_solar_generation,Solar,2026-08-28T01:27:51Z
2026-08-28T01:22:45Z,2026-08-28T03:22:45+0200,fe344a24-22e0-4cc6-9f99-c4acdbe3c429,2026-08-27T17:00:00Z,2026-08-27T19:00:00+0200,1158.0,MW,NL,NL,forecast_solar_generation,Solar,2026-08-28T01:27:51Z
2026-08-28T01:22:45Z,2026-08-28T03:22:45+0200,fe344a24-22e0-4cc6-9f99-c4acdbe3c429,2026-08-27T17:15:00Z,2026-08-27T19:15:00+0200,984.0,MW,NL,NL,forecast_solar_generation,Solar,2026-08-28T01:27:51Z
2026-08-28T01:22:45Z,2026-08-28T03:22:45+0200,fe344a24-22e0-4cc6-9f99-c4acdbe3c429,2026-08-27T17:30:00Z,2026-08-27T19:30:00+0200,811.0,MW,NL,NL,forecast_solar_generation,Solar,2026-08-28T01:27:51Z
2026-08-28T01:22:45Z,2026-08-28T03:22:45+0200,fe344a24-22e0-4cc6-9f99-c4acdbe3c429,2026-08-27T17:45:00Z,2026-08-27T19:45:00+0200,637.0,MW,NL,NL,forecast_solar_generation,Solar,2026-08-28T01:27:51Z
2026-08-28T01:22:45Z,2026-08-28T03:22:45+0200,fe344a24-22e0-4cc6-9f99-c4acdbe3c429,2026-08-27T18:00:00Z,2026-08-27T20:00:00+0200,465.0,MW,NL,NL,forecast_solar_generation,Solar,2026-08-28T01:27:51Z
2026-08-28T01:22:45Z,2026-08-28T03:22:45+0200,fe344a24-22e0-4cc6-9f99-c4acdbe3c429,2026-08-27T18:15:00Z,2026-08-27T20:15:00+0200,350.0,MW,NL,NL,forecast_solar_generation,Solar,2026-08-28T01:27:51Z
2026-08-28T01:22:45Z,2026-08-28T03:22:45+0200,fe344a24-22e0-4cc6-9f99-c4acdbe3c429,2026-08-27T18:30:00Z,2026-08-27T20:30:00+0200,238.0,MW,NL,NL,forecast_solar_generation,Solar,2026-08-28T01:27:51Z
2026-08-28T01:22:45Z,2026-08-28T03:22:45+0200,fe344a24-22e0-4cc6-9f99-c4acdbe3c429,2026-08-27T18:45:00Z,2026-08-27T20:45:00+0200,126.0,MW,NL,NL,forecast_solar_generation,Solar,2026-08-28T01:27:51Z
2026-08-28T01:22:45Z,2026-08-28T03:22:45+0200,fe344a24-22e0-4cc6-9f99-c4acdbe3c429,2026-08-27T19:00:00Z,2026-08-27T21:00:00+0200,12.0,MW,NL,NL,forecast_solar_generation,Solar,2026-08-28T01:27:51Z
2026-08-28T01:22:45Z,2026-08-28T03:22:45+0200,fe344a24-22e0-4cc6-9f99-c4acdbe3c429,2026-08-27T19:15:00Z,2026-08-27T21:15:00+0200,7.0,MW,NL,NL,forecast_solar_generation,Solar,2026-08-28T01:27:51Z
2026-08-28T01:22:45Z,2026-08-28T03:22:45+0200,fe344a24-22e0-4cc6-9f99-c4acdbe3c429,2026-08-27T19:30:00Z,2026-08-27T21:30:00+0200,5.0,MW,NL,NL,forecast_solar_generation,Solar,2026-08-28T01:27:51Z
2026-08-28T01:22:45Z,2026-08-28T03:22:45+0200,fe344a24-22e0-4cc6-9f99-c4acdbe3c429,2026-08-27T19:45:00Z,2026-08-27T21:45:00+0200,2.0,MW,NL,NL,forecast_solar_generation,Solar,2026-08-28T01:27:51Z
2026-08-28T01:22:45Z,2026-08-28T03:22:45+0200,fe344a24-22e0-4cc6-9f99-c4acdbe3c429,2026-08-27T20:00:00Z,2026-08-27T22:00:00+0200,0.0,MW,NL,NL,forecast_solar_generation,Solar,2026-08-28T01:27:51Z
2026-08-28T01:22:45Z,2026-08-28T03:22:45+0200,fe344a24-22e0-4cc6-9f99-c4acdbe3c429,2026-08-27T20:15:00Z,2026-08-27T22:15:00+0200,0.0,MW,NL,NL,forecast_solar_generation,Solar,2026-08-28T01:27:51Z
2026-08-28T01:22:45Z,2026-08-28T03:22:45+0200,fe344a24-22e0-4cc6-9f99-c4acdbe3c429,2026-08-27T20:30:00Z,2026-08-27T22:30:00+0200,0.0,MW,NL,NL,forecast_solar_generation,Solar,2026-08-28T01:27:51Z
2026-08-28T01:22:45Z,2026-08-28T03:22:45+0200,fe344a24-22e0-4cc6-9f99-c4acdbe3c429,2026-08-27T20:45:00Z,2026-08-27T22:45:00+0200,0.0,MW,NL,NL,forecast_solar_generation,Solar,2026-08-28T01:27:51Z
2026-08-28T01:22:45Z,2026-08-28T03:22:45+0200,fe344a24-22e0-4cc6-9f99-c4acdbe3c429,2026-08-27T21:00:00Z,2026-08-27T23:00:00+0200,0.0,MW,NL,NL,forecast_solar_generation,Solar,2026-08-28T01:27:51Z
2026-08-28T01:22:45Z,2026-08-28T03:22:45+0200,fe344a24-22e0-4cc6-9f99-c4acdbe3c429,2026-08-27T21:15:00Z,2026-08-27T23:15:00+0200,0.0,MW,NL,NL,forecast_solar_generation,Solar,2026-08-28T01:27:51Z
2026-08-28T01:22:45Z,2026-08-28T03:22:45+0200,fe344a24-22e0-4cc6-9f99-c4acdbe3c429,2026-08-27T21:30:00Z,2026-08-27T23:30:00+0200,0.0,MW,NL,NL,forecast_solar_generation,Solar,2026-08-28T01:27:51Z
2026-08-28T01:22:45Z,2026-08-28T03:22:45+0200,fe344a24-22e0-4cc6-9f99-c4acdbe3c429,2026-08-27T21:45:00Z,2026-08-27T23:45:00+0200,0.0,MW,NL,NL,forecast_solar_generation,Solar,2026-08-28T01:27:51Z
2026-08-28T01:22:45Z,2026-08-28T03:22:45+0200,fe344a24-22e0-4cc6-9f99-c4acdbe3c429,2026-08-27T22:00:00Z,2026-08-28T00:00:00+0200,0.0,MW,NL,NL,forecast_solar_generation,Solar,2026-08-28T01:27:51Z
2026-08-28T01:22:45Z,2026-08-28T03:22:45+0200,fe344a24-22e0-4cc6-9f99-c4acdbe3c429,2026-08-27T22:15:00Z,2026-08-28T00:15:00+0200,0.0,MW,NL,NL,forecast_solar_generation,Solar,2026-08-28T01:27:51Z
2026-08-28T01:22:45Z,2026-08-28T03:22:45+0200,fe344a24-22e0-4cc6-9f99-c4acdbe3c429,2026-08-27T22:30:00Z,2026-08-28T00:30:00+0200,0.0,MW,NL,NL,forecast_solar_generation,Solar,2026-08-28T01:27:51Z
2026-08-28T01:22:45Z,2026-08-28T03:22:45+0200,fe344a24-22e0-4cc6-9f99-c4acdbe3c429,2026-08-27T22:45:00Z,2026-08-28T00:45:00+0200,0.0,MW,NL,NL,forecast_solar_generation,Solar,2026-08-28T01:27:51Z
2026-08-28T01:22:45Z,2026-08-28T03:22:45+0200,fe344a24-22e0-4cc6-9f99-c4acdbe3c429,2026-08-27T23:00:00Z,2026-08-28T01:00:00+0200,0.0,MW,NL,NL,forecast_solar_generation,Solar,2026-08-28T01:27:51Z
2026-08-28T01:22:45Z,2026-08-28T03:22:45+0200,fe344a24-22e0-4cc6-9f99-c4acdbe3c429,2026-08-27T23:15:00Z,2026-08-28T01:15:00+0200,0.0,MW,NL,NL,forecast_solar_generation,Solar,2026-08-28T01:27:51Z
2026-08-28T01:22:45Z,2026-08-28T03:22:45+0200,fe344a24-22e0-4cc6-9f99-c4acdbe3c429,2026-08-27T23:30:00Z,2026-08-28T01:30:00+0200,0.0,MW,NL,NL,forecast_solar_generation,Solar,2026-08-28T01:27:51Z
2026-08-28T01:22:45Z,2026-08-28T03:22:45+0200,fe344a24-22e0-4cc6-9f99-c4acdbe3c429,2026-08-27T23:45:00Z,2026-08-28T01:45:00+0200,0.0,MW,NL,NL,forecast_solar_generation,Solar,2026-08-28T01:27:51Z
2026-08-28T01:22:45Z,2026-08-28T03:22:45+0200,fe344a24-22e0-4cc6-9f99-c4acdbe3c429,2026-08-28T00:00:00Z,2026-08-28T02:00:00+0200,0.0,MW,NL,NL,forecast_solar_generation,Solar,2026-08-28T01:27:51Z
2026-08-28T01:22:45Z,2026-08-28T03:22:45+0200,fe344a24-22e0-4cc6-9f99-c4acdbe3c429,2026-08-28T00:15:00Z,2026-08-28T02:15:00+0200,0.0,MW,NL,NL,forecast_solar_generation,Solar,2026-08-28T01:27:51Z
2026-08-28T01:22:45Z,2026-08-28T03:22:45+0200,fe344a24-22e0-4cc6-9f99-c4acdbe3c429,2026-08-28T00:30:00Z,2026-08-28T02:30:00+0200,0.0,MW,NL,NL,forecast_solar_generation,Solar,2026-08-28T01:27:51Z
2026-08-28T01:22:45Z,2026-08-28T03:22:45+0200,fe344a24-22e0-4cc6-9f99-c4acdbe3c429,2026-08-28T00:45:00Z,2026-08-28T02:45:00+0200,0.0,MW,NL,NL,forecast_solar_generation,Solar,2026-08-28T01:27:51Z
2026-08-28T01:22:45Z,2026-08-28T03:22:45+0200,fe344a24-22e0-4cc6-9f99-c4acdbe3c429,2026-08-28T01:00:00Z,2026-08-28T03:00:00+0200,0.0,MW,NL,NL,forecast_solar_generation,Solar,2026-08-28T01:27:51Z
2026-08-28T01:22:45Z,2026-08-28T03:22:45+0200,fe344a24-22e0-4cc6-9f99-c4acdbe3c429,2026-08-28T01:15:00Z,2026-08-28T03:15:00+0200,0.0,MW,NL,NL,forecast_solar_generation,Solar,2026-08-28T01:27:51Z
2026-08-28T01:22:45Z,2026-08-28T03:22:45+0200,fe344a24-22e0-4cc6-9f99-c4acdbe3c429,2026-08-28T01:30:00Z,2026-08-28T03:30:00+0200,0.0,MW,NL,NL,forecast_solar_generation,Solar,2026-08-28T01:27:51Z
