collection_time_utc,collection_time_local,run_id,timestamp_utc,timestamp_local,value,unit,country,entsoe_area,variable,source,updated_at_utc
2026-09-26T00:10:14Z,2026-09-26T02:10:14+0200,30659bdf-c36b-44db-a52f-bb96c5d8a12b,2026-09-19T00:15:00Z,2026-09-19T02:15:00+0200,9247.116,MW,NL,NL,actual_load,Actual Load,2026-09-26T00:10:16Z
2026-09-26T00:10:14Z,2026-09-26T02:10:14+0200,30659bdf-c36b-44db-a52f-bb96c5d8a12b,2026-09-19T00:30:00Z,2026-09-19T02:30:00+0200,9291.706,MW,NL,NL,actual_load,Actual Load,2026-09-26T00:10:16Z
2026-09-26T00:10:14Z,2026-09-26T02:10:14+0200,30659bdf-c36b-44db-a52f-bb96c5d8a12b,2026-09-19T00:45:00Z,2026-09-19T02:45:00+0200,9345.676,MW,NL,NL,actual_load,Actual Load,2026-09-26T00:10:16Z
2026-09-26T00:10:14Z,2026-09-26T02:10:14+0200,30659bdf-c36b-44db-a52f-bb96c5d8a12b,2026-09-19T01:00:00Z,2026-09-19T03:00:00+0200,9374.966,MW,NL,NL,actual_load,Actual Load,2026-09-26T00:10:16Z
2026-09-26T00:10:14Z,2026-09-26T02:10:14+0200,30659bdf-c36b-44db-a52f-bb96c5d8a12b,2026-09-19T01:15:00Z,2026-09-19T03:15:00+0200,9246.456,MW,NL,NL,actual_load,Actual Load,2026-09-26T00:10:16Z
2026-09-26T00:10:14Z,2026-09-26T02:10:14+0200,30659bdf-c36b-44db-a52f-bb96c5d8a12b,2026-09-19T01:30:00Z,2026-09-19T03:30:00+0200,9250.846,MW,NL,NL,actual_load,Actual Load,2026-09-26T00:10:16Z
2026-09-26T00:10:14Z,2026-09-26T02:10:14+0200,30659bdf-c36b-44db-a52f-bb96c5d8a12b,2026-09-19T01:45:00Z,2026-09-19T03:45:00+0200,9331.096,MW,NL,NL,actual_load,Actual Load,2026-09-26T00:10:16Z
2026-09-26T00:10:14Z,2026-09-26T02:10:14+0200,30659bdf-c36b-44db-a52f-bb96c5d8a12b,2026-09-19T02:00:00Z,2026-09-19T04:00:00+0200,9323.116,MW,NL,NL,actual_load,Actual Load,2026-09-26T00:10:16Z
2026-09-26T00:10:14Z,2026-09-26T02:10:14+0200,30659bdf-c36b-44db-a52f-bb96c5d8a12b,2026-09-19T02:15:00Z,2026-09-19T04:15:00+0200,9300.276,MW,NL,NL,actual_load,Actual Load,2026-09-26T00:10:16Z
2026-09-26T00:10:14Z,2026-09-26T02:10:14+0200,30659bdf-c36b-44db-a52f-bb96c5d8a12b,2026-09-19T02:30:00Z,2026-09-19T04:30:00+0200,9407.916,MW,NL,NL,actual_load,Actual Load,2026-09-26T00:10:16Z
2026-09-26T00:10:14Z,2026-09-26T02:10:14+0200,30659bdf-c36b-44db-a52f-bb96c5d8a12b,2026-09-19T02:45:00Z,2026-09-19T04:45:00+0200,9513.246,MW,NL,NL,actual_load,Actual Load,2026-09-26T00:10:16Z
2026-09-26T00:10:14Z,2026-09-26T02:10:14+0200,30659bdf-c36b-44db-a52f-bb96c5d8a12b,2026-09-19T03:00:00Z,2026-09-19T05:00:00+0200,9399.046,MW,NL,NL,actual_load,Actual Load,2026-09-26T00:10:16Z
2026-09-26T00:10:14Z,2026-09-26T02:10:14+0200,30659bdf-c36b-44db-a52f-bb96c5d8a12b,2026-09-19T03:15:00Z,2026-09-19T05:15:00+0200,9366.616,MW,NL,NL,actual_load,Actual Load,2026-09-26T00:10:16Z
2026-09-26T00:10:14Z,2026-09-26T02:10:14+0200,30659bdf-c36b-44db-a52f-bb96c5d8a12b,2026-09-19T03:30:00Z,2026-09-19T05:30:00+0200,9447.346,MW,NL,NL,actual_load,Actual Load,2026-09-26T00:10:16Z
2026-09-26T00:10:14Z,2026-09-26T02:10:14+0200,30659bdf-c36b-44db-a52f-bb96c5d8a12b,2026-09-19T03:45:00Z,2026-09-19T05:45:00+0200,9344.216,MW,NL,NL,actual_load,Actual Load,2026-09-26T00:10:16Z
2026-09-26T00:10:14Z,2026-09-26T02:10:14+0200,30659bdf-c36b-44db-a52f-bb96c5d8a12b,2026-09-19T04:00:00Z,2026-09-19T06:00:00+0200,9368.126,MW,NL,NL,actual_load,Actual Load,2026-09-26T00:10:16Z
2026-09-26T00:10:14Z,2026-09-26T02:10:14+0200,30659bdf-c36b-44db-a52f-bb96c5d8a12b,2026-09-19T04:15:00Z,2026-09-19T06:15:00+0200,9379.286,MW,NL,NL,actual_load,Actual Load,2026-09-26T00:10:16Z
2026-09-26T00:10:14Z,2026-09-26T02:10:14+0200,30659bdf-c36b-44db-a52f-bb96c5d8a12b,2026-09-19T04:30:00Z,2026-09-19T06:30:00+0200,9356.666,MW,NL,NL,actual_load,Actual Load,2026-09-26T00:10:16Z
2026-09-26T00:10:14Z,2026-09-26T02:10:14+0200,30659bdf-c36b-44db-a52f-bb96c5d8a12b,2026-09-19T04:45:00Z,2026-09-19T06:45:00+0200,9463.146,MW,NL,NL,actual_load,Actual Load,2026-09-26T00:10:16Z
2026-09-26T00:10:14Z,2026-09-26T02:10:14+0200,30659bdf-c36b-44db-a52f-bb96c5d8a12b,2026-09-19T05:00:00Z,2026-09-19T07:00:00+0200,9482.096,MW,NL,NL,actual_load,Actual Load,2026-09-26T00:10:16Z
2026-09-26T00:10:14Z,2026-09-26T02:10:14+0200,30659bdf-c36b-44db-a52f-bb96c5d8a12b,2026-09-19T05:15:00Z,2026-09-19T07:15:00+0200,9506.186,MW,NL,NL,actual_load,Actual Load,2026-09-26T00:10:16Z
2026-09-26T00:10:14Z,2026-09-26T02:10:14+0200,30659bdf-c36b-44db-a52f-bb96c5d8a12b,2026-09-19T05:30:00Z,2026-09-19T07:30:00+0200,9606.146,MW,NL,NL,actual_load,Actual Load,2026-09-26T00:10:16Z
2026-09-26T00:10:14Z,2026-09-26T02:10:14+0200,30659bdf-c36b-44db-a52f-bb96c5d8a12b,2026-09-19T05:45:00Z,2026-09-19T07:45:00+0200,9622.596,MW,NL,NL,actual_load,Actual Load,2026-09-26T00:10:16Z
2026-09-26T00:10:14Z,2026-09-26T02:10:14+0200,30659bdf-c36b-44db-a52f-bb96c5d8a12b,2026-09-19T06:00:00Z,2026-09-19T08:00:00+0200,9663.686,MW,NL,NL,actual_load,Actual Load,2026-09-26T00:10:16Z
2026-09-26T00:10:14Z,2026-09-26T02:10:14+0200,30659bdf-c36b-44db-a52f-bb96c5d8a12b,2026-09-19T06:15:00Z,2026-09-19T08:15:00+0200,9745.816,MW,NL,NL,actual_load,Actual Load,2026-09-26T00:10:16Z
2026-09-26T00:10:14Z,2026-09-26T02:10:14+0200,30659bdf-c36b-44db-a52f-bb96c5d8a12b,2026-09-19T06:30:00Z,2026-09-19T08:30:00+0200,9719.976,MW,NL,NL,actual_load,Actual Load,2026-09-26T00:10:16Z
2026-09-26T00:10:14Z,2026-09-26T02:10:14+0200,30659bdf-c36b-44db-a52f-bb96c5d8a12b,2026-09-19T06:45:00Z,2026-09-19T08:45:00+0200,9704.746,MW,NL,NL,actual_load,Actual Load,2026-09-26T00:10:16Z
2026-09-26T00:10:14Z,2026-09-26T02:10:14+0200,30659bdf-c36b-44db-a52f-bb96c5d8a12b,2026-09-19T07:00:00Z,2026-09-19T09:00:00+0200,9772.956,MW,NL,NL,actual_load,Actual Load,2026-09-26T00:10:16Z
2026-09-26T00:10:14Z,2026-09-26T02:10:14+0200,30659bdf-c36b-44db-a52f-bb96c5d8a12b,2026-09-19T07:15:00Z,2026-09-19T09:15:00+0200,9631.226,MW,NL,NL,actual_load,Actual Load,2026-09-26T00:10:16Z
2026-09-26T00:10:14Z,2026-09-26T02:10:14+0200,30659bdf-c36b-44db-a52f-bb96c5d8a12b,2026-09-19T07:30:00Z,2026-09-19T09:30:00+0200,9591.566,MW,NL,NL,actual_load,Actual Load,2026-09-26T00:10:16Z
2026-09-26T00:10:14Z,2026-09-26T02:10:14+0200,30659bdf-c36b-44db-a52f-bb96c5d8a12b,2026-09-19T07:45:00Z,2026-09-19T09:45:00+0200,9547.116,MW,NL,NL,actual_load,Actual Load,2026-09-26T00:10:16Z
2026-09-26T00:10:14Z,2026-09-26T02:10:14+0200,30659bdf-c36b-44db-a52f-bb96c5d8a12b,2026-09-19T08:00:00Z,2026-09-19T10:00:00+0200,9224.706,MW,NL,NL,actual_load,Actual Load,2026-09-26T00:10:16Z
2026-09-26T00:10:14Z,2026-09-26T02:10:14+0200,30659bdf-c36b-44db-a52f-bb96c5d8a12b,2026-09-19T08:15:00Z,2026-09-19T10:15:00+0200,8902.806,MW,NL,NL,actual_load,Actual Load,2026-09-26T00:10:16Z
2026-09-26T00:10:14Z,2026-09-26T02:10:14+0200,30659bdf-c36b-44db-a52f-bb96c5d8a12b,2026-09-19T08:30:00Z,2026-09-19T10:30:00+0200,8722.866,MW,NL,NL,actual_load,Actual Load,2026-09-26T00:10:16Z
2026-09-26T00:10:14Z,2026-09-26T02:10:14+0200,30659bdf-c36b-44db-a52f-bb96c5d8a12b,2026-09-19T08:45:00Z,2026-09-19T10:45:00+0200,8391.556,MW,NL,NL,actual_load,Actual Load,2026-09-26T00:10:16Z
2026-09-26T00:10:14Z,2026-09-26T02:10:14+0200,30659bdf-c36b-44db-a52f-bb96c5d8a12b,2026-09-19T09:00:00Z,2026-09-19T11:00:00+0200,8689.726,MW,NL,NL,actual_load,Actual Load,2026-09-26T00:10:16Z
2026-09-26T00:10:14Z,2026-09-26T02:10:14+0200,30659bdf-c36b-44db-a52f-bb96c5d8a12b,2026-09-19T09:15:00Z,2026-09-19T11:15:00+0200,8298.006,MW,NL,NL,actual_load,Actual Load,2026-09-26T00:10:16Z
2026-09-26T00:10:14Z,2026-09-26T02:10:14+0200,30659bdf-c36b-44db-a52f-bb96c5d8a12b,2026-09-19T09:30:00Z,2026-09-19T11:30:00+0200,8430.636,MW,NL,NL,actual_load,Actual Load,2026-09-26T00:10:16Z
2026-09-26T00:10:14Z,2026-09-26T02:10:14+0200,30659bdf-c36b-44db-a52f-bb96c5d8a12b,2026-09-19T09:45:00Z,2026-09-19T11:45:00+0200,8287.116,MW,NL,NL,actual_load,Actual Load,2026-09-26T00:10:16Z
2026-09-26T00:10:14Z,2026-09-26T02:10:14+0200,30659bdf-c36b-44db-a52f-bb96c5d8a12b,2026-09-19T10:00:00Z,2026-09-19T12:00:00+0200,8164.256,MW,NL,NL,actual_load,Actual Load,2026-09-26T00:10:16Z
2026-09-26T00:10:14Z,2026-09-26T02:10:14+0200,30659bdf-c36b-44db-a52f-bb96c5d8a12b,2026-09-19T10:15:00Z,2026-09-19T12:15:00+0200,8206.126,MW,NL,NL,actual_load,Actual Load,2026-09-26T00:10:16Z
2026-09-26T00:10:14Z,2026-09-26T02:10:14+0200,30659bdf-c36b-44db-a52f-bb96c5d8a12b,2026-09-19T10:30:00Z,2026-09-19T12:30:00+0200,8018.106,MW,NL,NL,actual_load,Actual Load,2026-09-26T00:10:16Z
2026-09-26T00:10:14Z,2026-09-26T02:10:14+0200,30659bdf-c36b-44db-a52f-bb96c5d8a12b,2026-09-19T10:45:00Z,2026-09-19T12:45:00+0200,7858.856,MW,NL,NL,actual_load,Actual Load,2026-09-26T00:10:16Z
2026-09-26T00:10:14Z,2026-09-26T02:10:14+0200,30659bdf-c36b-44db-a52f-bb96c5d8a12b,2026-09-19T11:00:00Z,2026-09-19T13:00:00+0200,7967.086,MW,NL,NL,actual_load,Actual Load,2026-09-26T00:10:16Z
2026-09-26T00:10:14Z,2026-09-26T02:10:14+0200,30659bdf-c36b-44db-a52f-bb96c5d8a12b,2026-09-19T11:15:00Z,2026-09-19T13:15:00+0200,8034.836,MW,NL,NL,actual_load,Actual Load,2026-09-26T00:10:16Z
2026-09-26T00:10:14Z,2026-09-26T02:10:14+0200,30659bdf-c36b-44db-a52f-bb96c5d8a12b,2026-09-19T11:30:00Z,2026-09-19T13:30:00+0200,8002.446,MW,NL,NL,actual_load,Actual Load,2026-09-26T00:10:16Z
2026-09-26T00:10:14Z,2026-09-26T02:10:14+0200,30659bdf-c36b-44db-a52f-bb96c5d8a12b,2026-09-19T11:45:00Z,2026-09-19T13:45:00+0200,7900.526,MW,NL,NL,actual_load,Actual Load,2026-09-26T00:10:16Z
2026-09-26T00:10:14Z,2026-09-26T02:10:14+0200,30659bdf-c36b-44db-a52f-bb96c5d8a12b,2026-09-19T12:00:00Z,2026-09-19T14:00:00+0200,7898.496,MW,NL,NL,actual_load,Actual Load,2026-09-26T00:10:16Z
2026-09-26T00:10:14Z,2026-09-26T02:10:14+0200,30659bdf-c36b-44db-a52f-bb96c5d8a12b,2026-09-19T12:15:00Z,2026-09-19T14:15:00+0200,8270.236,MW,NL,NL,actual_load,Actual Load,2026-09-26T00:10:16Z
2026-09-26T00:10:14Z,2026-09-26T02:10:14+0200,30659bdf-c36b-44db-a52f-bb96c5d8a12b,2026-09-19T12:30:00Z,2026-09-19T14:30:00+0200,8200.676,MW,NL,NL,actual_load,Actual Load,2026-09-26T00:10:16Z
2026-09-26T00:10:14Z,2026-09-26T02:10:14+0200,30659bdf-c36b-44db-a52f-bb96c5d8a12b,2026-09-19T12:45:00Z,2026-09-19T14:45:00+0200,8217.836,MW,NL,NL,actual_load,Actual Load,2026-09-26T00:10:16Z
2026-09-26T00:10:14Z,2026-09-26T02:10:14+0200,30659bdf-c36b-44db-a52f-bb96c5d8a12b,2026-09-19T13:00:00Z,2026-09-19T15:00:00+0200,8281.086,MW,NL,NL,actual_load,Actual Load,2026-09-26T00:10:16Z
2026-09-26T00:10:14Z,2026-09-26T02:10:14+0200,30659bdf-c36b-44db-a52f-bb96c5d8a12b,2026-09-19T13:15:00Z,2026-09-19T15:15:00+0200,8181.466,MW,NL,NL,actual_load,Actual Load,2026-09-26T00:10:16Z
2026-09-26T00:10:14Z,2026-09-26T02:10:14+0200,30659bdf-c36b-44db-a52f-bb96c5d8a12b,2026-09-19T13:30:00Z,2026-09-19T15:30:00+0200,8291.486,MW,NL,NL,actual_load,Actual Load,2026-09-26T00:10:16Z
2026-09-26T00:10:14Z,2026-09-26T02:10:14+0200,30659bdf-c36b-44db-a52f-bb96c5d8a12b,2026-09-19T13:45:00Z,2026-09-19T15:45:00+0200,8353.326,MW,NL,NL,actual_load,Actual Load,2026-09-26T00:10:16Z
2026-09-26T00:10:14Z,2026-09-26T02:10:14+0200,30659bdf-c36b-44db-a52f-bb96c5d8a12b,2026-09-19T14:00:00Z,2026-09-19T16:00:00+0200,8587.596,MW,NL,NL,actual_load,Actual Load,2026-09-26T00:10:16Z
2026-09-26T00:10:14Z,2026-09-26T02:10:14+0200,30659bdf-c36b-44db-a52f-bb96c5d8a12b,2026-09-19T14:15:00Z,2026-09-19T16:15:00+0200,8810.346,MW,NL,NL,actual_load,Actual Load,2026-09-26T00:10:16Z
2026-09-26T00:10:14Z,2026-09-26T02:10:14+0200,30659bdf-c36b-44db-a52f-bb96c5d8a12b,2026-09-19T14:30:00Z,2026-09-19T16:30:00+0200,8971.886,MW,NL,NL,actual_load,Actual Load,2026-09-26T00:10:16Z
2026-09-26T00:10:14Z,2026-09-26T02:10:14+0200,30659bdf-c36b-44db-a52f-bb96c5d8a12b,2026-09-19T14:45:00Z,2026-09-19T16:45:00+0200,9180.806,MW,NL,NL,actual_load,Actual Load,2026-09-26T00:10:16Z
2026-09-26T00:10:14Z,2026-09-26T02:10:14+0200,30659bdf-c36b-44db-a52f-bb96c5d8a12b,2026-09-19T15:00:00Z,2026-09-19T17:00:00+0200,9692.196,MW,NL,NL,actual_load,Actual Load,2026-09-26T00:10:16Z
2026-09-26T00:10:14Z,2026-09-26T02:10:14+0200,30659bdf-c36b-44db-a52f-bb96c5d8a12b,2026-09-19T15:15:00Z,2026-09-19T17:15:00+0200,9434.916,MW,NL,NL,actual_load,Actual Load,2026-09-26T00:10:16Z
2026-09-26T00:10:14Z,2026-09-26T02:10:14+0200,30659bdf-c36b-44db-a52f-bb96c5d8a12b,2026-09-19T15:30:00Z,2026-09-19T17:30:00+0200,9875.786,MW,NL,NL,actual_load,Actual Load,2026-09-26T00:10:16Z
2026-09-26T00:10:14Z,2026-09-26T02:10:14+0200,30659bdf-c36b-44db-a52f-bb96c5d8a12b,2026-09-19T15:45:00Z,2026-09-19T17:45:00+0200,10187.246,MW,NL,NL,actual_load,Actual Load,2026-09-26T00:10:16Z
2026-09-26T00:10:14Z,2026-09-26T02:10:14+0200,30659bdf-c36b-44db-a52f-bb96c5d8a12b,2026-09-19T16:00:00Z,2026-09-19T18:00:00+0200,10399.706,MW,NL,NL,actual_load,Actual Load,2026-09-26T00:10:16Z
2026-09-26T00:10:14Z,2026-09-26T02:10:14+0200,30659bdf-c36b-44db-a52f-bb96c5d8a12b,2026-09-19T16:15:00Z,2026-09-19T18:15:00+0200,10347.016,MW,NL,NL,actual_load,Actual Load,2026-09-26T00:10:16Z
2026-09-26T00:10:14Z,2026-09-26T02:10:14+0200,30659bdf-c36b-44db-a52f-bb96c5d8a12b,2026-09-19T16:30:00Z,2026-09-19T18:30:00+0200,10284.546,MW,NL,NL,actual_load,Actual Load,2026-09-26T00:10:16Z
2026-09-26T00:10:14Z,2026-09-26T02:10:14+0200,30659bdf-c36b-44db-a52f-bb96c5d8a12b,2026-09-19T16:45:00Z,2026-09-19T18:45:00+0200,10127.496,MW,NL,NL,actual_load,Actual Load,2026-09-26T00:10:16Z
2026-09-26T00:10:14Z,2026-09-26T02:10:14+0200,30659bdf-c36b-44db-a52f-bb96c5d8a12b,2026-09-19T17:00:00Z,2026-09-19T19:00:00+0200,10085.286,MW,NL,NL,actual_load,Actual Load,2026-09-26T00:10:16Z
2026-09-26T00:10:14Z,2026-09-26T02:10:14+0200,30659bdf-c36b-44db-a52f-bb96c5d8a12b,2026-09-19T17:15:00Z,2026-09-19T19:15:00+0200,10178.496,MW,NL,NL,actual_load,Actual Load,2026-09-26T00:10:16Z
2026-09-26T00:10:14Z,2026-09-26T02:10:14+0200,30659bdf-c36b-44db-a52f-bb96c5d8a12b,2026-09-19T17:30:00Z,2026-09-19T19:30:00+0200,10352.086,MW,NL,NL,actual_load,Actual Load,2026-09-26T00:10:16Z
2026-09-26T00:10:14Z,2026-09-26T02:10:14+0200,30659bdf-c36b-44db-a52f-bb96c5d8a12b,2026-09-19T17:45:00Z,2026-09-19T19:45:00+0200,10277.896,MW,NL,NL,actual_load,Actual Load,2026-09-26T00:10:16Z
2026-09-26T00:10:14Z,2026-09-26T02:10:14+0200,30659bdf-c36b-44db-a52f-bb96c5d8a12b,2026-09-19T18:00:00Z,2026-09-19T20:00:00+0200,10214.896,MW,NL,NL,actual_load,Actual Load,2026-09-26T00:10:16Z
2026-09-26T00:10:14Z,2026-09-26T02:10:14+0200,30659bdf-c36b-44db-a52f-bb96c5d8a12b,2026-09-19T18:15:00Z,2026-09-19T20:15:00+0200,10202.756,MW,NL,NL,actual_load,Actual Load,2026-09-26T00:10:16Z
2026-09-26T00:10:14Z,2026-09-26T02:10:14+0200,30659bdf-c36b-44db-a52f-bb96c5d8a12b,2026-09-19T18:30:00Z,2026-09-19T20:30:00+0200,10356.496,MW,NL,NL,actual_load,Actual Load,2026-09-26T00:10:16Z
2026-09-26T00:10:14Z,2026-09-26T02:10:14+0200,30659bdf-c36b-44db-a52f-bb96c5d8a12b,2026-09-19T18:45:00Z,2026-09-19T20:45:00+0200,10293.746,MW,NL,NL,actual_load,Actual Load,2026-09-26T00:10:16Z
2026-09-26T00:10:14Z,2026-09-26T02:10:14+0200,30659bdf-c36b-44db-a52f-bb96c5d8a12b,2026-09-19T19:00:00Z,2026-09-19T21:00:00+0200,10372.296,MW,NL,NL,actual_load,Actual Load,2026-09-26T00:10:16Z
2026-09-26T00:10:14Z,2026-09-26T02:10:14+0200,30659bdf-c36b-44db-a52f-bb96c5d8a12b,2026-09-19T19:15:00Z,2026-09-19T21:15:00+0200,9975.056,MW,NL,NL,actual_load,Actual Load,2026-09-26T00:10:16Z
2026-09-26T00:10:14Z,2026-09-26T02:10:14+0200,30659bdf-c36b-44db-a52f-bb96c5d8a12b,2026-09-19T19:30:00Z,2026-09-19T21:30:00+0200,9909.656,MW,NL,NL,actual_load,Actual Load,2026-09-26T00:10:16Z
2026-09-26T00:10:14Z,2026-09-26T02:10:14+0200,30659bdf-c36b-44db-a52f-bb96c5d8a12b,2026-09-19T19:45:00Z,2026-09-19T21:45:00+0200,9854.386,MW,NL,NL,actual_load,Actual Load,2026-09-26T00:10:16Z
2026-09-26T00:10:14Z,2026-09-26T02:10:14+0200,30659bdf-c36b-44db-a52f-bb96c5d8a12b,2026-09-19T20:00:00Z,2026-09-19T22:00:00+0200,9833.646,MW,NL,NL,actual_load,Actual Load,2026-09-26T00:10:16Z
2026-09-26T00:10:14Z,2026-09-26T02:10:14+0200,30659bdf-c36b-44db-a52f-bb96c5d8a12b,2026-09-19T20:15:00Z,2026-09-19T22:15:00+0200,9964.866,MW,NL,NL,actual_load,Actual Load,2026-09-26T00:10:16Z
2026-09-26T00:10:14Z,2026-09-26T02:10:14+0200,30659bdf-c36b-44db-a52f-bb96c5d8a12b,2026-09-19T20:30:00Z,2026-09-19T22:30:00+0200,10027.896,MW,NL,NL,actual_load,Actual Load,2026-09-26T00:10:16Z
2026-09-26T00:10:14Z,2026-09-26T02:10:14+0200,30659bdf-c36b-44db-a52f-bb96c5d8a12b,2026-09-19T20:45:00Z,2026-09-19T22:45:00+0200,9854.706,MW,NL,NL,actual_load,Actual Load,2026-09-26T00:10:16Z
2026-09-26T00:10:14Z,2026-09-26T02:10:14+0200,30659bdf-c36b-44db-a52f-bb96c5d8a12b,2026-09-19T21:00:00Z,2026-09-19T23:00:00+0200,9825.856,MW,NL,NL,actual_load,Actual Load,2026-09-26T00:10:16Z
2026-09-26T00:10:14Z,2026-09-26T02:10:14+0200,30659bdf-c36b-44db-a52f-bb96c5d8a12b,2026-09-19T21:15:00Z,2026-09-19T23:15:00+0200,10007.206,MW,NL,NL,actual_load,Actual Load,2026-09-26T00:10:16Z
2026-09-26T00:10:14Z,2026-09-26T02:10:14+0200,30659bdf-c36b-44db-a52f-bb96c5d8a12b,2026-09-19T21:30:00Z,2026-09-19T23:30:00+0200,10062.146,MW,NL,NL,actual_load,Actual Load,2026-09-26T00:10:16Z
2026-09-26T00:10:14Z,2026-09-26T02:10:14+0200,30659bdf-c36b-44db-a52f-bb96c5d8a12b,2026-09-19T21:45:00Z,2026-09-19T23:45:00+0200,9887.326,MW,NL,NL,actual_load,Actual Load,2026-09-26T00:10:16Z
2026-09-26T00:10:14Z,2026-09-26T02:10:14+0200,30659bdf-c36b-44db-a52f-bb96c5d8a12b,2026-09-19T22:00:00Z,2026-09-20T00:00:00+0200,9827.566,MW,NL,NL,actual_load,Actual Load,2026-09-26T00:10:16Z
2026-09-26T00:10:14Z,2026-09-26T02:10:14+0200,30659bdf-c36b-44db-a52f-bb96c5d8a12b,2026-09-19T22:15:00Z,2026-09-20T00:15:00+0200,9823.446,MW,NL,NL,actual_load,Actual Load,2026-09-26T00:10:16Z
2026-09-26T00:10:14Z,2026-09-26T02:10:14+0200,30659bdf-c36b-44db-a52f-bb96c5d8a12b,2026-09-19T22:30:00Z,2026-09-20T00:30:00+0200,9907.696,MW,NL,NL,actual_load,Actual Load,2026-09-26T00:10:16Z
2026-09-26T00:10:14Z,2026-09-26T02:10:14+0200,30659bdf-c36b-44db-a52f-bb96c5d8a12b,2026-09-19T22:45:00Z,2026-09-20T00:45:00+0200,9974.426,MW,NL,NL,actual_load,Actual Load,2026-09-26T00:10:16Z
2026-09-26T00:10:14Z,2026-09-26T02:10:14+0200,30659bdf-c36b-44db-a52f-bb96c5d8a12b,2026-09-19T23:00:00Z,2026-09-20T01:00:00+0200,9942.516,MW,NL,NL,actual_load,Actual Load,2026-09-26T00:10:16Z
2026-09-26T00:10:14Z,2026-09-26T02:10:14+0200,30659bdf-c36b-44db-a52f-bb96c5d8a12b,2026-09-19T23:15:00Z,2026-09-20T01:15:00+0200,9693.486,MW,NL,NL,actual_load,Actual Load,2026-09-26T00:10:16Z
2026-09-26T00:10:14Z,2026-09-26T02:10:14+0200,30659bdf-c36b-44db-a52f-bb96c5d8a12b,2026-09-19T23:30:00Z,2026-09-20T01:30:00+0200,9738.616,MW,NL,NL,actual_load,Actual Load,2026-09-26T00:10:16Z
2026-09-26T00:10:14Z,2026-09-26T02:10:14+0200,30659bdf-c36b-44db-a52f-bb96c5d8a12b,2026-09-19T23:45:00Z,2026-09-20T01:45:00+0200,9682.776,MW,NL,NL,actual_load,Actual Load,2026-09-26T00:10:16Z
2026-09-26T00:10:14Z,2026-09-26T02:10:14+0200,30659bdf-c36b-44db-a52f-bb96c5d8a12b,2026-09-20T00:00:00Z,2026-09-20T02:00:00+0200,9713.176,MW,NL,NL,actual_load,Actual Load,2026-09-26T00:10:16Z
2026-09-26T00:10:14Z,2026-09-26T02:10:14+0200,30659bdf-c36b-44db-a52f-bb96c5d8a12b,2026-09-20T00:15:00Z,2026-09-20T02:15:00+0200,9806.856,MW,NL,NL,actual_load,Actual Load,2026-09-26T00:10:16Z
2026-09-26T00:10:14Z,2026-09-26T02:10:14+0200,30659bdf-c36b-44db-a52f-bb96c5d8a12b,2026-09-20T00:30:00Z,2026-09-20T02:30:00+0200,9893.496,MW,NL,NL,actual_load,Actual Load,2026-09-26T00:10:16Z
2026-09-26T00:10:14Z,2026-09-26T02:10:14+0200,30659bdf-c36b-44db-a52f-bb96c5d8a12b,2026-09-20T00:45:00Z,2026-09-20T02:45:00+0200,9945.506,MW,NL,NL,actual_load,Actual Load,2026-09-26T00:10:16Z
2026-09-26T00:10:14Z,2026-09-26T02:10:14+0200,30659bdf-c36b-44db-a52f-bb96c5d8a12b,2026-09-20T01:00:00Z,2026-09-20T03:00:00+0200,9949.686,MW,NL,NL,actual_load,Actual Load,2026-09-26T00:10:16Z
2026-09-26T00:10:14Z,2026-09-26T02:10:14+0200,30659bdf-c36b-44db-a52f-bb96c5d8a12b,2026-09-20T01:15:00Z,2026-09-20T03:15:00+0200,10039.346,MW,NL,NL,actual_load,Actual Load,2026-09-26T00:10:16Z
2026-09-26T00:10:14Z,2026-09-26T02:10:14+0200,30659bdf-c36b-44db-a52f-bb96c5d8a12b,2026-09-20T01:30:00Z,2026-09-20T03:30:00+0200,9989.106,MW,NL,NL,actual_load,Actual Load,2026-09-26T00:10:16Z
2026-09-26T00:10:14Z,2026-09-26T02:10:14+0200,30659bdf-c36b-44db-a52f-bb96c5d8a12b,2026-09-20T01:45:00Z,2026-09-20T03:45:00+0200,9935.326,MW,NL,NL,actual_load,Actual Load,2026-09-26T00:10:16Z
2026-09-26T00:10:14Z,2026-09-26T02:10:14+0200,30659bdf-c36b-44db-a52f-bb96c5d8a12b,2026-09-20T02:00:00Z,2026-09-20T04:00:00+0200,9898.046,MW,NL,NL,actual_load,Actual Load,2026-09-26T00:10:16Z
2026-09-26T00:10:14Z,2026-09-26T02:10:14+0200,30659bdf-c36b-44db-a52f-bb96c5d8a12b,2026-09-20T02:15:00Z,2026-09-20T04:15:00+0200,9754.676,MW,NL,NL,actual_load,Actual Load,2026-09-26T00:10:16Z
2026-09-26T00:10:14Z,2026-09-26T02:10:14+0200,30659bdf-c36b-44db-a52f-bb96c5d8a12b,2026-09-20T02:30:00Z,2026-09-20T04:30:00+0200,9701.156,MW,NL,NL,actual_load,Actual Load,2026-09-26T00:10:16Z
2026-09-26T00:10:14Z,2026-09-26T02:10:14+0200,30659bdf-c36b-44db-a52f-bb96c5d8a12b,2026-09-20T02:45:00Z,2026-09-20T04:45:00+0200,9635.966,MW,NL,NL,actual_load,Actual Load,2026-09-26T00:10:16Z
2026-09-26T00:10:14Z,2026-09-26T02:10:14+0200,30659bdf-c36b-44db-a52f-bb96c5d8a12b,2026-09-20T03:00:00Z,2026-09-20T05:00:00+0200,9610.166,MW,NL,NL,actual_load,Actual Load,2026-09-26T00:10:16Z
2026-09-26T00:10:14Z,2026-09-26T02:10:14+0200,30659bdf-c36b-44db-a52f-bb96c5d8a12b,2026-09-20T03:15:00Z,2026-09-20T05:15:00+0200,9440.306,MW,NL,NL,actual_load,Actual Load,2026-09-26T00:10:16Z
2026-09-26T00:10:14Z,2026-09-26T02:10:14+0200,30659bdf-c36b-44db-a52f-bb96c5d8a12b,2026-09-20T03:30:00Z,2026-09-20T05:30:00+0200,9461.246,MW,NL,NL,actual_load,Actual Load,2026-09-26T00:10:16Z
2026-09-26T00:10:14Z,2026-09-26T02:10:14+0200,30659bdf-c36b-44db-a52f-bb96c5d8a12b,2026-09-20T03:45:00Z,2026-09-20T05:45:00+0200,9513.126,MW,NL,NL,actual_load,Actual Load,2026-09-26T00:10:16Z
2026-09-26T00:10:14Z,2026-09-26T02:10:14+0200,30659bdf-c36b-44db-a52f-bb96c5d8a12b,2026-09-20T04:00:00Z,2026-09-20T06:00:00+0200,9362.286,MW,NL,NL,actual_load,Actual Load,2026-09-26T00:10:16Z
2026-09-26T00:10:14Z,2026-09-26T02:10:14+0200,30659bdf-c36b-44db-a52f-bb96c5d8a12b,2026-09-20T04:15:00Z,2026-09-20T06:15:00+0200,9314.466,MW,NL,NL,actual_load,Actual Load,2026-09-26T00:10:16Z
2026-09-26T00:10:14Z,2026-09-26T02:10:14+0200,30659bdf-c36b-44db-a52f-bb96c5d8a12b,2026-09-20T04:30:00Z,2026-09-20T06:30:00+0200,9388.706,MW,NL,NL,actual_load,Actual Load,2026-09-26T00:10:16Z
2026-09-26T00:10:14Z,2026-09-26T02:10:14+0200,30659bdf-c36b-44db-a52f-bb96c5d8a12b,2026-09-20T04:45:00Z,2026-09-20T06:45:00+0200,9500.906,MW,NL,NL,actual_load,Actual Load,2026-09-26T00:10:16Z
2026-09-26T00:10:14Z,2026-09-26T02:10:14+0200,30659bdf-c36b-44db-a52f-bb96c5d8a12b,2026-09-20T05:00:00Z,2026-09-20T07:00:00+0200,9662.546,MW,NL,NL,actual_load,Actual Load,2026-09-26T00:10:16Z
2026-09-26T00:10:14Z,2026-09-26T02:10:14+0200,30659bdf-c36b-44db-a52f-bb96c5d8a12b,2026-09-20T05:15:00Z,2026-09-20T07:15:00+0200,9753.406,MW,NL,NL,actual_load,Actual Load,2026-09-26T00:10:16Z
2026-09-26T00:10:14Z,2026-09-26T02:10:14+0200,30659bdf-c36b-44db-a52f-bb96c5d8a12b,2026-09-20T05:30:00Z,2026-09-20T07:30:00+0200,9759.256,MW,NL,NL,actual_load,Actual Load,2026-09-26T00:10:16Z
2026-09-26T00:10:14Z,2026-09-26T02:10:14+0200,30659bdf-c36b-44db-a52f-bb96c5d8a12b,2026-09-20T05:45:00Z,2026-09-20T07:45:00+0200,9717.576,MW,NL,NL,actual_load,Actual Load,2026-09-26T00:10:16Z
2026-09-26T00:10:14Z,2026-09-26T02:10:14+0200,30659bdf-c36b-44db-a52f-bb96c5d8a12b,2026-09-20T06:00:00Z,2026-09-20T08:00:00+0200,9775.516,MW,NL,NL,actual_load,Actual Load,2026-09-26T00:10:16Z
2026-09-26T00:10:14Z,2026-09-26T02:10:14+0200,30659bdf-c36b-44db-a52f-bb96c5d8a12b,2026-09-20T06:15:00Z,2026-09-20T08:15:00+0200,9807.876,MW,NL,NL,actual_load,Actual Load,2026-09-26T00:10:16Z
2026-09-26T00:10:14Z,2026-09-26T02:10:14+0200,30659bdf-c36b-44db-a52f-bb96c5d8a12b,2026-09-20T06:30:00Z,2026-09-20T08:30:00+0200,9832.766,MW,NL,NL,actual_load,Actual Load,2026-09-26T00:10:16Z
2026-09-26T00:10:14Z,2026-09-26T02:10:14+0200,30659bdf-c36b-44db-a52f-bb96c5d8a12b,2026-09-20T06:45:00Z,2026-09-20T08:45:00+0200,9847.086,MW,NL,NL,actual_load,Actual Load,2026-09-26T00:10:16Z
2026-09-26T00:10:14Z,2026-09-26T02:10:14+0200,30659bdf-c36b-44db-a52f-bb96c5d8a12b,2026-09-20T07:00:00Z,2026-09-20T09:00:00+0200,9788.496,MW,NL,NL,actual_load,Actual Load,2026-09-26T00:10:16Z
2026-09-26T00:10:14Z,2026-09-26T02:10:14+0200,30659bdf-c36b-44db-a52f-bb96c5d8a12b,2026-09-20T07:15:00Z,2026-09-20T09:15:00+0200,9410.376,MW,NL,NL,actual_load,Actual Load,2026-09-26T00:10:16Z
2026-09-26T00:10:14Z,2026-09-26T02:10:14+0200,30659bdf-c36b-44db-a52f-bb96c5d8a12b,2026-09-20T07:30:00Z,2026-09-20T09:30:00+0200,9224.566,MW,NL,NL,actual_load,Actual Load,2026-09-26T00:10:16Z
2026-09-26T00:10:14Z,2026-09-26T02:10:14+0200,30659bdf-c36b-44db-a52f-bb96c5d8a12b,2026-09-20T07:45:00Z,2026-09-20T09:45:00+0200,9173.826,MW,NL,NL,actual_load,Actual Load,2026-09-26T00:10:16Z
2026-09-26T00:10:14Z,2026-09-26T02:10:14+0200,30659bdf-c36b-44db-a52f-bb96c5d8a12b,2026-09-20T08:00:00Z,2026-09-20T10:00:00+0200,8976.436,MW,NL,NL,actual_load,Actual Load,2026-09-26T00:10:16Z
2026-09-26T00:10:14Z,2026-09-26T02:10:14+0200,30659bdf-c36b-44db-a52f-bb96c5d8a12b,2026-09-20T08:15:00Z,2026-09-20T10:15:00+0200,8454.946,MW,NL,NL,actual_load,Actual Load,2026-09-26T00:10:16Z
2026-09-26T00:10:14Z,2026-09-26T02:10:14+0200,30659bdf-c36b-44db-a52f-bb96c5d8a12b,2026-09-20T08:30:00Z,2026-09-20T10:30:00+0200,8289.546,MW,NL,NL,actual_load,Actual Load,2026-09-26T00:10:16Z
2026-09-26T00:10:14Z,2026-09-26T02:10:14+0200,30659bdf-c36b-44db-a52f-bb96c5d8a12b,2026-09-20T08:45:00Z,2026-09-20T10:45:00+0200,8284.296,MW,NL,NL,actual_load,Actual Load,2026-09-26T00:10:16Z
2026-09-26T00:10:14Z,2026-09-26T02:10:14+0200,30659bdf-c36b-44db-a52f-bb96c5d8a12b,2026-09-20T09:00:00Z,2026-09-20T11:00:00+0200,8318.926,MW,NL,NL,actual_load,Actual Load,2026-09-26T00:10:16Z
2026-09-26T00:10:14Z,2026-09-26T02:10:14+0200,30659bdf-c36b-44db-a52f-bb96c5d8a12b,2026-09-20T09:15:00Z,2026-09-20T11:15:00+0200,7780.006,MW,NL,NL,actual_load,Actual Load,2026-09-26T00:10:16Z
2026-09-26T00:10:14Z,2026-09-26T02:10:14+0200,30659bdf-c36b-44db-a52f-bb96c5d8a12b,2026-09-20T09:30:00Z,2026-09-20T11:30:00+0200,7032.346,MW,NL,NL,actual_load,Actual Load,2026-09-26T00:10:16Z
2026-09-26T00:10:14Z,2026-09-26T02:10:14+0200,30659bdf-c36b-44db-a52f-bb96c5d8a12b,2026-09-20T09:45:00Z,2026-09-20T11:45:00+0200,6421.476,MW,NL,NL,actual_load,Actual Load,2026-09-26T00:10:16Z
2026-09-26T00:10:14Z,2026-09-26T02:10:14+0200,30659bdf-c36b-44db-a52f-bb96c5d8a12b,2026-09-20T10:00:00Z,2026-09-20T12:00:00+0200,5999.946,MW,NL,NL,actual_load,Actual Load,2026-09-26T00:10:16Z
2026-09-26T00:10:14Z,2026-09-26T02:10:14+0200,30659bdf-c36b-44db-a52f-bb96c5d8a12b,2026-09-20T10:15:00Z,2026-09-20T12:15:00+0200,6227.396,MW,NL,NL,actual_load,Actual Load,2026-09-26T00:10:16Z
2026-09-26T00:10:14Z,2026-09-26T02:10:14+0200,30659bdf-c36b-44db-a52f-bb96c5d8a12b,2026-09-20T10:30:00Z,2026-09-20T12:30:00+0200,6320.826,MW,NL,NL,actual_load,Actual Load,2026-09-26T00:10:16Z
2026-09-26T00:10:14Z,2026-09-26T02:10:14+0200,30659bdf-c36b-44db-a52f-bb96c5d8a12b,2026-09-20T10:45:00Z,2026-09-20T12:45:00+0200,6112.796,MW,NL,NL,actual_load,Actual Load,2026-09-26T00:10:16Z
2026-09-26T00:10:14Z,2026-09-26T02:10:14+0200,30659bdf-c36b-44db-a52f-bb96c5d8a12b,2026-09-20T11:00:00Z,2026-09-20T13:00:00+0200,5460.426,MW,NL,NL,actual_load,Actual Load,2026-09-26T00:10:16Z
2026-09-26T00:10:14Z,2026-09-26T02:10:14+0200,30659bdf-c36b-44db-a52f-bb96c5d8a12b,2026-09-20T11:15:00Z,2026-09-20T13:15:00+0200,5628.736,MW,NL,NL,actual_load,Actual Load,2026-09-26T00:10:16Z
2026-09-26T00:10:14Z,2026-09-26T02:10:14+0200,30659bdf-c36b-44db-a52f-bb96c5d8a12b,2026-09-20T11:30:00Z,2026-09-20T13:30:00+0200,5494.656,MW,NL,NL,actual_load,Actual Load,2026-09-26T00:10:16Z
2026-09-26T00:10:14Z,2026-09-26T02:10:14+0200,30659bdf-c36b-44db-a52f-bb96c5d8a12b,2026-09-20T11:45:00Z,2026-09-20T13:45:00+0200,5394.066,MW,NL,NL,actual_load,Actual Load,2026-09-26T00:10:16Z
2026-09-26T00:10:14Z,2026-09-26T02:10:14+0200,30659bdf-c36b-44db-a52f-bb96c5d8a12b,2026-09-20T12:00:00Z,2026-09-20T14:00:00+0200,5026.616,MW,NL,NL,actual_load,Actual Load,2026-09-26T00:10:16Z
2026-09-26T00:10:14Z,2026-09-26T02:10:14+0200,30659bdf-c36b-44db-a52f-bb96c5d8a12b,2026-09-20T12:15:00Z,2026-09-20T14:15:00+0200,4825.356,MW,NL,NL,actual_load,Actual Load,2026-09-26T00:10:16Z
2026-09-26T00:10:14Z,2026-09-26T02:10:14+0200,30659bdf-c36b-44db-a52f-bb96c5d8a12b,2026-09-20T12:30:00Z,2026-09-20T14:30:00+0200,4772.196,MW,NL,NL,actual_load,Actual Load,2026-09-26T00:10:16Z
2026-09-26T00:10:14Z,2026-09-26T02:10:14+0200,30659bdf-c36b-44db-a52f-bb96c5d8a12b,2026-09-20T12:45:00Z,2026-09-20T14:45:00+0200,4625.05,MW,NL,NL,actual_load,Actual Load,2026-09-26T00:10:16Z
2026-09-26T00:10:14Z,2026-09-26T02:10:14+0200,30659bdf-c36b-44db-a52f-bb96c5d8a12b,2026-09-20T13:00:00Z,2026-09-20T15:00:00+0200,4517.483,MW,NL,NL,actual_load,Actual Load,2026-09-26T00:10:16Z
2026-09-26T00:10:14Z,2026-09-26T02:10:14+0200,30659bdf-c36b-44db-a52f-bb96c5d8a12b,2026-09-20T13:15:00Z,2026-09-20T15:15:00+0200,4666.276,MW,NL,NL,actual_load,Actual Load,2026-09-26T00:10:16Z
2026-09-26T00:10:14Z,2026-09-26T02:10:14+0200,30659bdf-c36b-44db-a52f-bb96c5d8a12b,2026-09-20T13:30:00Z,2026-09-20T15:30:00+0200,4725.356,MW,NL,NL,actual_load,Actual Load,2026-09-26T00:10:16Z
2026-09-26T00:10:14Z,2026-09-26T02:10:14+0200,30659bdf-c36b-44db-a52f-bb96c5d8a12b,2026-09-20T13:45:00Z,2026-09-20T15:45:00+0200,4473.527,MW,NL,NL,actual_load,Actual Load,2026-09-26T00:10:16Z
2026-09-26T00:10:14Z,2026-09-26T02:10:14+0200,30659bdf-c36b-44db-a52f-bb96c5d8a12b,2026-09-20T14:00:00Z,2026-09-20T16:00:00+0200,4451.073,MW,NL,NL,actual_load,Actual Load,2026-09-26T00:10:16Z
2026-09-26T00:10:14Z,2026-09-26T02:10:14+0200,30659bdf-c36b-44db-a52f-bb96c5d8a12b,2026-09-20T14:15:00Z,2026-09-20T16:15:00+0200,4696.126,MW,NL,NL,actual_load,Actual Load,2026-09-26T00:10:16Z
2026-09-26T00:10:14Z,2026-09-26T02:10:14+0200,30659bdf-c36b-44db-a52f-bb96c5d8a12b,2026-09-20T14:30:00Z,2026-09-20T16:30:00+0200,5047.526,MW,NL,NL,actual_load,Actual Load,2026-09-26T00:10:16Z
2026-09-26T00:10:14Z,2026-09-26T02:10:14+0200,30659bdf-c36b-44db-a52f-bb96c5d8a12b,2026-09-20T14:45:00Z,2026-09-20T16:45:00+0200,5927.576,MW,NL,NL,actual_load,Actual Load,2026-09-26T00:10:16Z
2026-09-26T00:10:14Z,2026-09-26T02:10:14+0200,30659bdf-c36b-44db-a52f-bb96c5d8a12b,2026-09-20T15:00:00Z,2026-09-20T17:00:00+0200,6295.656,MW,NL,NL,actual_load,Actual Load,2026-09-26T00:10:16Z
2026-09-26T00:10:14Z,2026-09-26T02:10:14+0200,30659bdf-c36b-44db-a52f-bb96c5d8a12b,2026-09-20T15:15:00Z,2026-09-20T17:15:00+0200,6875.126,MW,NL,NL,actual_load,Actual Load,2026-09-26T00:10:16Z
2026-09-26T00:10:14Z,2026-09-26T02:10:14+0200,30659bdf-c36b-44db-a52f-bb96c5d8a12b,2026-09-20T15:30:00Z,2026-09-20T17:30:00+0200,7661.916,MW,NL,NL,actual_load,Actual Load,2026-09-26T00:10:16Z
2026-09-26T00:10:14Z,2026-09-26T02:10:14+0200,30659bdf-c36b-44db-a52f-bb96c5d8a12b,2026-09-20T15:45:00Z,2026-09-20T17:45:00+0200,8059.886,MW,NL,NL,actual_load,Actual Load,2026-09-26T00:10:16Z
2026-09-26T00:10:14Z,2026-09-26T02:10:14+0200,30659bdf-c36b-44db-a52f-bb96c5d8a12b,2026-09-20T16:00:00Z,2026-09-20T18:00:00+0200,8865.296,MW,NL,NL,actual_load,Actual Load,2026-09-26T00:10:16Z
2026-09-26T00:10:14Z,2026-09-26T02:10:14+0200,30659bdf-c36b-44db-a52f-bb96c5d8a12b,2026-09-20T16:15:00Z,2026-09-20T18:15:00+0200,8989.436,MW,NL,NL,actual_load,Actual Load,2026-09-26T00:10:16Z
2026-09-26T00:10:14Z,2026-09-26T02:10:14+0200,30659bdf-c36b-44db-a52f-bb96c5d8a12b,2026-09-20T16:30:00Z,2026-09-20T18:30:00+0200,9216.936,MW,NL,NL,actual_load,Actual Load,2026-09-26T00:10:16Z
2026-09-26T00:10:14Z,2026-09-26T02:10:14+0200,30659bdf-c36b-44db-a52f-bb96c5d8a12b,2026-09-20T16:45:00Z,2026-09-20T18:45:00+0200,9416.536,MW,NL,NL,actual_load,Actual Load,2026-09-26T00:10:16Z
2026-09-26T00:10:14Z,2026-09-26T02:10:14+0200,30659bdf-c36b-44db-a52f-bb96c5d8a12b,2026-09-20T17:00:00Z,2026-09-20T19:00:00+0200,9455.896,MW,NL,NL,actual_load,Actual Load,2026-09-26T00:10:16Z
2026-09-26T00:10:14Z,2026-09-26T02:10:14+0200,30659bdf-c36b-44db-a52f-bb96c5d8a12b,2026-09-20T17:15:00Z,2026-09-20T19:15:00+0200,9379.626,MW,NL,NL,actual_load,Actual Load,2026-09-26T00:10:16Z
2026-09-26T00:10:14Z,2026-09-26T02:10:14+0200,30659bdf-c36b-44db-a52f-bb96c5d8a12b,2026-09-20T17:30:00Z,2026-09-20T19:30:00+0200,9541.346,MW,NL,NL,actual_load,Actual Load,2026-09-26T00:10:16Z
2026-09-26T00:10:14Z,2026-09-26T02:10:14+0200,30659bdf-c36b-44db-a52f-bb96c5d8a12b,2026-09-20T17:45:00Z,2026-09-20T19:45:00+0200,9641.846,MW,NL,NL,actual_load,Actual Load,2026-09-26T00:10:16Z
2026-09-26T00:10:14Z,2026-09-26T02:10:14+0200,30659bdf-c36b-44db-a52f-bb96c5d8a12b,2026-09-20T18:00:00Z,2026-09-20T20:00:00+0200,9752.796,MW,NL,NL,actual_load,Actual Load,2026-09-26T00:10:16Z
2026-09-26T00:10:14Z,2026-09-26T02:10:14+0200,30659bdf-c36b-44db-a52f-bb96c5d8a12b,2026-09-20T18:15:00Z,2026-09-20T20:15:00+0200,10012.606,MW,NL,NL,actual_load,Actual Load,2026-09-26T00:10:16Z
2026-09-26T00:10:14Z,2026-09-26T02:10:14+0200,30659bdf-c36b-44db-a52f-bb96c5d8a12b,2026-09-20T18:30:00Z,2026-09-20T20:30:00+0200,10063.756,MW,NL,NL,actual_load,Actual Load,2026-09-26T00:10:16Z
2026-09-26T00:10:14Z,2026-09-26T02:10:14+0200,30659bdf-c36b-44db-a52f-bb96c5d8a12b,2026-09-20T18:45:00Z,2026-09-20T20:45:00+0200,10071.876,MW,NL,NL,actual_load,Actual Load,2026-09-26T00:10:16Z
2026-09-26T00:10:14Z,2026-09-26T02:10:14+0200,30659bdf-c36b-44db-a52f-bb96c5d8a12b,2026-09-20T19:00:00Z,2026-09-20T21:00:00+0200,9968.426,MW,NL,NL,actual_load,Actual Load,2026-09-26T00:10:16Z
2026-09-26T00:10:14Z,2026-09-26T02:10:14+0200,30659bdf-c36b-44db-a52f-bb96c5d8a12b,2026-09-20T19:15:00Z,2026-09-20T21:15:00+0200,9762.536,MW,NL,NL,actual_load,Actual Load,2026-09-26T00:10:16Z
2026-09-26T00:10:14Z,2026-09-26T02:10:14+0200,30659bdf-c36b-44db-a52f-bb96c5d8a12b,2026-09-20T19:30:00Z,2026-09-20T21:30:00+0200,9720.416,MW,NL,NL,actual_load,Actual Load,2026-09-26T00:10:16Z
2026-09-26T00:10:14Z,2026-09-26T02:10:14+0200,30659bdf-c36b-44db-a52f-bb96c5d8a12b,2026-09-20T19:45:00Z,2026-09-20T21:45:00+0200,9693.466,MW,NL,NL,actual_load,Actual Load,2026-09-26T00:10:16Z
2026-09-26T00:10:14Z,2026-09-26T02:10:14+0200,30659bdf-c36b-44db-a52f-bb96c5d8a12b,2026-09-20T20:00:00Z,2026-09-20T22:00:00+0200,9593.836,MW,NL,NL,actual_load,Actual Load,2026-09-26T00:10:16Z
2026-09-26T00:10:14Z,2026-09-26T02:10:14+0200,30659bdf-c36b-44db-a52f-bb96c5d8a12b,2026-09-20T20:15:00Z,2026-09-20T22:15:00+0200,9451.206,MW,NL,NL,actual_load,Actual Load,2026-09-26T00:10:16Z
2026-09-26T00:10:14Z,2026-09-26T02:10:14+0200,30659bdf-c36b-44db-a52f-bb96c5d8a12b,2026-09-20T20:30:00Z,2026-09-20T22:30:00+0200,9369.946,MW,NL,NL,actual_load,Actual Load,2026-09-26T00:10:16Z
2026-09-26T00:10:14Z,2026-09-26T02:10:14+0200,30659bdf-c36b-44db-a52f-bb96c5d8a12b,2026-09-20T20:45:00Z,2026-09-20T22:45:00+0200,9330.806,MW,NL,NL,actual_load,Actual Load,2026-09-26T00:10:16Z
2026-09-26T00:10:14Z,2026-09-26T02:10:14+0200,30659bdf-c36b-44db-a52f-bb96c5d8a12b,2026-09-20T21:00:00Z,2026-09-20T23:00:00+0200,9276.446,MW,NL,NL,actual_load,Actual Load,2026-09-26T00:10:16Z
2026-09-26T00:10:14Z,2026-09-26T02:10:14+0200,30659bdf-c36b-44db-a52f-bb96c5d8a12b,2026-09-20T21:15:00Z,2026-09-20T23:15:00+0200,9048.556,MW,NL,NL,actual_load,Actual Load,2026-09-26T00:10:16Z
2026-09-26T00:10:14Z,2026-09-26T02:10:14+0200,30659bdf-c36b-44db-a52f-bb96c5d8a12b,2026-09-20T21:30:00Z,2026-09-20T23:30:00+0200,8996.296,MW,NL,NL,actual_load,Actual Load,2026-09-26T00:10:16Z
2026-09-26T00:10:14Z,2026-09-26T02:10:14+0200,30659bdf-c36b-44db-a52f-bb96c5d8a12b,2026-09-20T21:45:00Z,2026-09-20T23:45:00+0200,8986.756,MW,NL,NL,actual_load,Actual Load,2026-09-26T00:10:16Z
2026-09-26T00:10:14Z,2026-09-26T02:10:14+0200,30659bdf-c36b-44db-a52f-bb96c5d8a12b,2026-09-20T22:00:00Z,2026-09-21T00:00:00+0200,8903.996,MW,NL,NL,actual_load,Actual Load,2026-09-26T00:10:16Z
2026-09-26T00:10:14Z,2026-09-26T02:10:14+0200,30659bdf-c36b-44db-a52f-bb96c5d8a12b,2026-09-20T22:15:00Z,2026-09-21T00:15:00+0200,9494.316,MW,NL,NL,actual_load,Actual Load,2026-09-26T00:10:16Z
2026-09-26T00:10:14Z,2026-09-26T02:10:14+0200,30659bdf-c36b-44db-a52f-bb96c5d8a12b,2026-09-20T22:30:00Z,2026-09-21T00:30:00+0200,9529.746,MW,NL,NL,actual_load,Actual Load,2026-09-26T00:10:16Z
2026-09-26T00:10:14Z,2026-09-26T02:10:14+0200,30659bdf-c36b-44db-a52f-bb96c5d8a12b,2026-09-20T22:45:00Z,2026-09-21T00:45:00+0200,9678.696,MW,NL,NL,actual_load,Actual Load,2026-09-26T00:10:16Z
2026-09-26T00:10:14Z,2026-09-26T02:10:14+0200,30659bdf-c36b-44db-a52f-bb96c5d8a12b,2026-09-20T23:00:00Z,2026-09-21T01:00:00+0200,9685.016,MW,NL,NL,actual_load,Actual Load,2026-09-26T00:10:16Z
2026-09-26T00:10:14Z,2026-09-26T02:10:14+0200,30659bdf-c36b-44db-a52f-bb96c5d8a12b,2026-09-20T23:15:00Z,2026-09-21T01:15:00+0200,9746.806,MW,NL,NL,actual_load,Actual Load,2026-09-26T00:10:16Z
2026-09-26T00:10:14Z,2026-09-26T02:10:14+0200,30659bdf-c36b-44db-a52f-bb96c5d8a12b,2026-09-20T23:30:00Z,2026-09-21T01:30:00+0200,9666.196,MW,NL,NL,actual_load,Actual Load,2026-09-26T00:10:16Z
2026-09-26T00:10:14Z,2026-09-26T02:10:14+0200,30659bdf-c36b-44db-a52f-bb96c5d8a12b,2026-09-20T23:45:00Z,2026-09-21T01:45:00+0200,9488.106,MW,NL,NL,actual_load,Actual Load,2026-09-26T00:10:16Z
2026-09-26T00:10:14Z,2026-09-26T02:10:14+0200,30659bdf-c36b-44db-a52f-bb96c5d8a12b,2026-09-21T00:00:00Z,2026-09-21T02:00:00+0200,9478.516,MW,NL,NL,actual_load,Actual Load,2026-09-26T00:10:16Z
2026-09-26T00:10:14Z,2026-09-26T02:10:14+0200,30659bdf-c36b-44db-a52f-bb96c5d8a12b,2026-09-21T00:15:00Z,2026-09-21T02:15:00+0200,9327.966,MW,NL,NL,actual_load,Actual Load,2026-09-26T00:10:16Z
2026-09-26T00:10:14Z,2026-09-26T02:10:14+0200,30659bdf-c36b-44db-a52f-bb96c5d8a12b,2026-09-21T00:30:00Z,2026-09-21T02:30:00+0200,9419.126,MW,NL,NL,actual_load,Actual Load,2026-09-26T00:10:16Z
2026-09-26T00:10:14Z,2026-09-26T02:10:14+0200,30659bdf-c36b-44db-a52f-bb96c5d8a12b,2026-09-21T00:45:00Z,2026-09-21T02:45:00+0200,9650.226,MW,NL,NL,actual_load,Actual Load,2026-09-26T00:10:16Z
2026-09-26T00:10:14Z,2026-09-26T02:10:14+0200,30659bdf-c36b-44db-a52f-bb96c5d8a12b,2026-09-21T01:00:00Z,2026-09-21T03:00:00+0200,9632.096,MW,NL,NL,actual_load,Actual Load,2026-09-26T00:10:16Z
2026-09-26T00:10:14Z,2026-09-26T02:10:14+0200,30659bdf-c36b-44db-a52f-bb96c5d8a12b,2026-09-21T01:15:00Z,2026-09-21T03:15:00+0200,9592.896,MW,NL,NL,actual_load,Actual Load,2026-09-26T00:10:16Z
2026-09-26T00:10:14Z,2026-09-26T02:10:14+0200,30659bdf-c36b-44db-a52f-bb96c5d8a12b,2026-09-21T01:30:00Z,2026-09-21T03:30:00+0200,9526.116,MW,NL,NL,actual_load,Actual Load,2026-09-26T00:10:16Z
2026-09-26T00:10:14Z,2026-09-26T02:10:14+0200,30659bdf-c36b-44db-a52f-bb96c5d8a12b,2026-09-21T01:45:00Z,2026-09-21T03:45:00+0200,9651.146,MW,NL,NL,actual_load,Actual Load,2026-09-26T00:10:16Z
2026-09-26T00:10:14Z,2026-09-26T02:10:14+0200,30659bdf-c36b-44db-a52f-bb96c5d8a12b,2026-09-21T02:00:00Z,2026-09-21T04:00:00+0200,9680.906,MW,NL,NL,actual_load,Actual Load,2026-09-26T00:10:16Z
2026-09-26T00:10:14Z,2026-09-26T02:10:14+0200,30659bdf-c36b-44db-a52f-bb96c5d8a12b,2026-09-21T02:15:00Z,2026-09-21T04:15:00+0200,9670.516,MW,NL,NL,actual_load,Actual Load,2026-09-26T00:10:16Z
2026-09-26T00:10:14Z,2026-09-26T02:10:14+0200,30659bdf-c36b-44db-a52f-bb96c5d8a12b,2026-09-21T02:30:00Z,2026-09-21T04:30:00+0200,9659.956,MW,NL,NL,actual_load,Actual Load,2026-09-26T00:10:16Z
2026-09-26T00:10:14Z,2026-09-26T02:10:14+0200,30659bdf-c36b-44db-a52f-bb96c5d8a12b,2026-09-21T02:45:00Z,2026-09-21T04:45:00+0200,9828.406,MW,NL,NL,actual_load,Actual Load,2026-09-26T00:10:16Z
2026-09-26T00:10:14Z,2026-09-26T02:10:14+0200,30659bdf-c36b-44db-a52f-bb96c5d8a12b,2026-09-21T03:00:00Z,2026-09-21T05:00:00+0200,9733.496,MW,NL,NL,actual_load,Actual Load,2026-09-26T00:10:16Z
2026-09-26T00:10:14Z,2026-09-26T02:10:14+0200,30659bdf-c36b-44db-a52f-bb96c5d8a12b,2026-09-21T03:15:00Z,2026-09-21T05:15:00+0200,9722.986,MW,NL,NL,actual_load,Actual Load,2026-09-26T00:10:16Z
2026-09-26T00:10:14Z,2026-09-26T02:10:14+0200,30659bdf-c36b-44db-a52f-bb96c5d8a12b,2026-09-21T03:30:00Z,2026-09-21T05:30:00+0200,9646.416,MW,NL,NL,actual_load,Actual Load,2026-09-26T00:10:16Z
2026-09-26T00:10:14Z,2026-09-26T02:10:14+0200,30659bdf-c36b-44db-a52f-bb96c5d8a12b,2026-09-21T03:45:00Z,2026-09-21T05:45:00+0200,9691.766,MW,NL,NL,actual_load,Actual Load,2026-09-26T00:10:16Z
2026-09-26T00:10:14Z,2026-09-26T02:10:14+0200,30659bdf-c36b-44db-a52f-bb96c5d8a12b,2026-09-21T04:00:00Z,2026-09-21T06:00:00+0200,9617.876,MW,NL,NL,actual_load,Actual Load,2026-09-26T00:10:16Z
2026-09-26T00:10:14Z,2026-09-26T02:10:14+0200,30659bdf-c36b-44db-a52f-bb96c5d8a12b,2026-09-21T04:15:00Z,2026-09-21T06:15:00+0200,9861.046,MW,NL,NL,actual_load,Actual Load,2026-09-26T00:10:16Z
2026-09-26T00:10:14Z,2026-09-26T02:10:14+0200,30659bdf-c36b-44db-a52f-bb96c5d8a12b,2026-09-21T04:30:00Z,2026-09-21T06:30:00+0200,9919.356,MW,NL,NL,actual_load,Actual Load,2026-09-26T00:10:16Z
2026-09-26T00:10:14Z,2026-09-26T02:10:14+0200,30659bdf-c36b-44db-a52f-bb96c5d8a12b,2026-09-21T04:45:00Z,2026-09-21T06:45:00+0200,10129.836,MW,NL,NL,actual_load,Actual Load,2026-09-26T00:10:16Z
2026-09-26T00:10:14Z,2026-09-26T02:10:14+0200,30659bdf-c36b-44db-a52f-bb96c5d8a12b,2026-09-21T05:00:00Z,2026-09-21T07:00:00+0200,10317.996,MW,NL,NL,actual_load,Actual Load,2026-09-26T00:10:16Z
2026-09-26T00:10:14Z,2026-09-26T02:10:14+0200,30659bdf-c36b-44db-a52f-bb96c5d8a12b,2026-09-21T05:15:00Z,2026-09-21T07:15:00+0200,10548.346,MW,NL,NL,actual_load,Actual Load,2026-09-26T00:10:16Z
2026-09-26T00:10:14Z,2026-09-26T02:10:14+0200,30659bdf-c36b-44db-a52f-bb96c5d8a12b,2026-09-21T05:30:00Z,2026-09-21T07:30:00+0200,10551.856,MW,NL,NL,actual_load,Actual Load,2026-09-26T00:10:16Z
2026-09-26T00:10:14Z,2026-09-26T02:10:14+0200,30659bdf-c36b-44db-a52f-bb96c5d8a12b,2026-09-21T05:45:00Z,2026-09-21T07:45:00+0200,10544.666,MW,NL,NL,actual_load,Actual Load,2026-09-26T00:10:16Z
2026-09-26T00:10:14Z,2026-09-26T02:10:14+0200,30659bdf-c36b-44db-a52f-bb96c5d8a12b,2026-09-21T06:00:00Z,2026-09-21T08:00:00+0200,10703.716,MW,NL,NL,actual_load,Actual Load,2026-09-26T00:10:16Z
2026-09-26T00:10:14Z,2026-09-26T02:10:14+0200,30659bdf-c36b-44db-a52f-bb96c5d8a12b,2026-09-21T06:15:00Z,2026-09-21T08:15:00+0200,10774.526,MW,NL,NL,actual_load,Actual Load,2026-09-26T00:10:16Z
2026-09-26T00:10:14Z,2026-09-26T02:10:14+0200,30659bdf-c36b-44db-a52f-bb96c5d8a12b,2026-09-21T06:30:00Z,2026-09-21T08:30:00+0200,10537.006,MW,NL,NL,actual_load,Actual Load,2026-09-26T00:10:16Z
2026-09-26T00:10:14Z,2026-09-26T02:10:14+0200,30659bdf-c36b-44db-a52f-bb96c5d8a12b,2026-09-21T06:45:00Z,2026-09-21T08:45:00+0200,10529.806,MW,NL,NL,actual_load,Actual Load,2026-09-26T00:10:16Z
2026-09-26T00:10:14Z,2026-09-26T02:10:14+0200,30659bdf-c36b-44db-a52f-bb96c5d8a12b,2026-09-21T07:00:00Z,2026-09-21T09:00:00+0200,10315.686,MW,NL,NL,actual_load,Actual Load,2026-09-26T00:10:16Z
2026-09-26T00:10:14Z,2026-09-26T02:10:14+0200,30659bdf-c36b-44db-a52f-bb96c5d8a12b,2026-09-21T07:15:00Z,2026-09-21T09:15:00+0200,9582.906,MW,NL,NL,actual_load,Actual Load,2026-09-26T00:10:16Z
2026-09-26T00:10:14Z,2026-09-26T02:10:14+0200,30659bdf-c36b-44db-a52f-bb96c5d8a12b,2026-09-21T07:30:00Z,2026-09-21T09:30:00+0200,9043.856,MW,NL,NL,actual_load,Actual Load,2026-09-26T00:10:16Z
2026-09-26T00:10:14Z,2026-09-26T02:10:14+0200,30659bdf-c36b-44db-a52f-bb96c5d8a12b,2026-09-21T07:45:00Z,2026-09-21T09:45:00+0200,8635.556,MW,NL,NL,actual_load,Actual Load,2026-09-26T00:10:16Z
2026-09-26T00:10:14Z,2026-09-26T02:10:14+0200,30659bdf-c36b-44db-a52f-bb96c5d8a12b,2026-09-21T08:00:00Z,2026-09-21T10:00:00+0200,8056.806,MW,NL,NL,actual_load,Actual Load,2026-09-26T00:10:16Z
2026-09-26T00:10:14Z,2026-09-26T02:10:14+0200,30659bdf-c36b-44db-a52f-bb96c5d8a12b,2026-09-21T08:15:00Z,2026-09-21T10:15:00+0200,8181.946,MW,NL,NL,actual_load,Actual Load,2026-09-26T00:10:16Z
2026-09-26T00:10:14Z,2026-09-26T02:10:14+0200,30659bdf-c36b-44db-a52f-bb96c5d8a12b,2026-09-21T08:30:00Z,2026-09-21T10:30:00+0200,7762.716,MW,NL,NL,actual_load,Actual Load,2026-09-26T00:10:16Z
2026-09-26T00:10:14Z,2026-09-26T02:10:14+0200,30659bdf-c36b-44db-a52f-bb96c5d8a12b,2026-09-21T08:45:00Z,2026-09-21T10:45:00+0200,7262.766,MW,NL,NL,actual_load,Actual Load,2026-09-26T00:10:16Z
2026-09-26T00:10:14Z,2026-09-26T02:10:14+0200,30659bdf-c36b-44db-a52f-bb96c5d8a12b,2026-09-21T09:00:00Z,2026-09-21T11:00:00+0200,6386.876,MW,NL,NL,actual_load,Actual Load,2026-09-26T00:10:16Z
2026-09-26T00:10:14Z,2026-09-26T02:10:14+0200,30659bdf-c36b-44db-a52f-bb96c5d8a12b,2026-09-21T09:15:00Z,2026-09-21T11:15:00+0200,6600.096,MW,NL,NL,actual_load,Actual Load,2026-09-26T00:10:16Z
2026-09-26T00:10:14Z,2026-09-26T02:10:14+0200,30659bdf-c36b-44db-a52f-bb96c5d8a12b,2026-09-21T09:30:00Z,2026-09-21T11:30:00+0200,6107.126,MW,NL,NL,actual_load,Actual Load,2026-09-26T00:10:16Z
2026-09-26T00:10:14Z,2026-09-26T02:10:14+0200,30659bdf-c36b-44db-a52f-bb96c5d8a12b,2026-09-21T09:45:00Z,2026-09-21T11:45:00+0200,5889.676,MW,NL,NL,actual_load,Actual Load,2026-09-26T00:10:16Z
2026-09-26T00:10:14Z,2026-09-26T02:10:14+0200,30659bdf-c36b-44db-a52f-bb96c5d8a12b,2026-09-21T10:00:00Z,2026-09-21T12:00:00+0200,5589.396,MW,NL,NL,actual_load,Actual Load,2026-09-26T00:10:16Z
2026-09-26T00:10:14Z,2026-09-26T02:10:14+0200,30659bdf-c36b-44db-a52f-bb96c5d8a12b,2026-09-21T10:15:00Z,2026-09-21T12:15:00+0200,5665.196,MW,NL,NL,actual_load,Actual Load,2026-09-26T00:10:16Z
2026-09-26T00:10:14Z,2026-09-26T02:10:14+0200,30659bdf-c36b-44db-a52f-bb96c5d8a12b,2026-09-21T10:30:00Z,2026-09-21T12:30:00+0200,5589.436,MW,NL,NL,actual_load,Actual Load,2026-09-26T00:10:16Z
2026-09-26T00:10:14Z,2026-09-26T02:10:14+0200,30659bdf-c36b-44db-a52f-bb96c5d8a12b,2026-09-21T10:45:00Z,2026-09-21T12:45:00+0200,5376.856,MW,NL,NL,actual_load,Actual Load,2026-09-26T00:10:16Z
2026-09-26T00:10:14Z,2026-09-26T02:10:14+0200,30659bdf-c36b-44db-a52f-bb96c5d8a12b,2026-09-21T11:00:00Z,2026-09-21T13:00:00+0200,5369.506,MW,NL,NL,actual_load,Actual Load,2026-09-26T00:10:16Z
2026-09-26T00:10:14Z,2026-09-26T02:10:14+0200,30659bdf-c36b-44db-a52f-bb96c5d8a12b,2026-09-21T11:15:00Z,2026-09-21T13:15:00+0200,5724.756,MW,NL,NL,actual_load,Actual Load,2026-09-26T00:10:16Z
2026-09-26T00:10:14Z,2026-09-26T02:10:14+0200,30659bdf-c36b-44db-a52f-bb96c5d8a12b,2026-09-21T11:30:00Z,2026-09-21T13:30:00+0200,5758.976,MW,NL,NL,actual_load,Actual Load,2026-09-26T00:10:16Z
2026-09-26T00:10:14Z,2026-09-26T02:10:14+0200,30659bdf-c36b-44db-a52f-bb96c5d8a12b,2026-09-21T11:45:00Z,2026-09-21T13:45:00+0200,6016.416,MW,NL,NL,actual_load,Actual Load,2026-09-26T00:10:16Z
2026-09-26T00:10:14Z,2026-09-26T02:10:14+0200,30659bdf-c36b-44db-a52f-bb96c5d8a12b,2026-09-21T12:00:00Z,2026-09-21T14:00:00+0200,6005.456,MW,NL,NL,actual_load,Actual Load,2026-09-26T00:10:16Z
2026-09-26T00:10:14Z,2026-09-26T02:10:14+0200,30659bdf-c36b-44db-a52f-bb96c5d8a12b,2026-09-21T12:15:00Z,2026-09-21T14:15:00+0200,5652.076,MW,NL,NL,actual_load,Actual Load,2026-09-26T00:10:16Z
2026-09-26T00:10:14Z,2026-09-26T02:10:14+0200,30659bdf-c36b-44db-a52f-bb96c5d8a12b,2026-09-21T12:30:00Z,2026-09-21T14:30:00+0200,5665.096,MW,NL,NL,actual_load,Actual Load,2026-09-26T00:10:16Z
2026-09-26T00:10:14Z,2026-09-26T02:10:14+0200,30659bdf-c36b-44db-a52f-bb96c5d8a12b,2026-09-21T12:45:00Z,2026-09-21T14:45:00+0200,5919.176,MW,NL,NL,actual_load,Actual Load,2026-09-26T00:10:16Z
2026-09-26T00:10:14Z,2026-09-26T02:10:14+0200,30659bdf-c36b-44db-a52f-bb96c5d8a12b,2026-09-21T13:00:00Z,2026-09-21T15:00:00+0200,5800.716,MW,NL,NL,actual_load,Actual Load,2026-09-26T00:10:16Z
2026-09-26T00:10:14Z,2026-09-26T02:10:14+0200,30659bdf-c36b-44db-a52f-bb96c5d8a12b,2026-09-21T13:15:00Z,2026-09-21T15:15:00+0200,6165.446,MW,NL,NL,actual_load,Actual Load,2026-09-26T00:10:16Z
2026-09-26T00:10:14Z,2026-09-26T02:10:14+0200,30659bdf-c36b-44db-a52f-bb96c5d8a12b,2026-09-21T13:30:00Z,2026-09-21T15:30:00+0200,6064.766,MW,NL,NL,actual_load,Actual Load,2026-09-26T00:10:16Z
2026-09-26T00:10:14Z,2026-09-26T02:10:14+0200,30659bdf-c36b-44db-a52f-bb96c5d8a12b,2026-09-21T13:45:00Z,2026-09-21T15:45:00+0200,6007.486,MW,NL,NL,actual_load,Actual Load,2026-09-26T00:10:16Z
2026-09-26T00:10:14Z,2026-09-26T02:10:14+0200,30659bdf-c36b-44db-a52f-bb96c5d8a12b,2026-09-21T14:00:00Z,2026-09-21T16:00:00+0200,6209.086,MW,NL,NL,actual_load,Actual Load,2026-09-26T00:10:16Z
2026-09-26T00:10:14Z,2026-09-26T02:10:14+0200,30659bdf-c36b-44db-a52f-bb96c5d8a12b,2026-09-21T14:15:00Z,2026-09-21T16:15:00+0200,6446.876,MW,NL,NL,actual_load,Actual Load,2026-09-26T00:10:16Z
2026-09-26T00:10:14Z,2026-09-26T02:10:14+0200,30659bdf-c36b-44db-a52f-bb96c5d8a12b,2026-09-21T14:30:00Z,2026-09-21T16:30:00+0200,7193.196,MW,NL,NL,actual_load,Actual Load,2026-09-26T00:10:16Z
2026-09-26T00:10:14Z,2026-09-26T02:10:14+0200,30659bdf-c36b-44db-a52f-bb96c5d8a12b,2026-09-21T14:45:00Z,2026-09-21T16:45:00+0200,7362.386,MW,NL,NL,actual_load,Actual Load,2026-09-26T00:10:16Z
2026-09-26T00:10:14Z,2026-09-26T02:10:14+0200,30659bdf-c36b-44db-a52f-bb96c5d8a12b,2026-09-21T15:00:00Z,2026-09-21T17:00:00+0200,7929.846,MW,NL,NL,actual_load,Actual Load,2026-09-26T00:10:16Z
2026-09-26T00:10:14Z,2026-09-26T02:10:14+0200,30659bdf-c36b-44db-a52f-bb96c5d8a12b,2026-09-21T15:15:00Z,2026-09-21T17:15:00+0200,8173.326,MW,NL,NL,actual_load,Actual Load,2026-09-26T00:10:16Z
2026-09-26T00:10:14Z,2026-09-26T02:10:14+0200,30659bdf-c36b-44db-a52f-bb96c5d8a12b,2026-09-21T15:30:00Z,2026-09-21T17:30:00+0200,8644.986,MW,NL,NL,actual_load,Actual Load,2026-09-26T00:10:16Z
2026-09-26T00:10:14Z,2026-09-26T02:10:14+0200,30659bdf-c36b-44db-a52f-bb96c5d8a12b,2026-09-21T15:45:00Z,2026-09-21T17:45:00+0200,9224.166,MW,NL,NL,actual_load,Actual Load,2026-09-26T00:10:16Z
2026-09-26T00:10:14Z,2026-09-26T02:10:14+0200,30659bdf-c36b-44db-a52f-bb96c5d8a12b,2026-09-21T16:00:00Z,2026-09-21T18:00:00+0200,9595.806,MW,NL,NL,actual_load,Actual Load,2026-09-26T00:10:16Z
2026-09-26T00:10:14Z,2026-09-26T02:10:14+0200,30659bdf-c36b-44db-a52f-bb96c5d8a12b,2026-09-21T16:15:00Z,2026-09-21T18:15:00+0200,9780.466,MW,NL,NL,actual_load,Actual Load,2026-09-26T00:10:16Z
2026-09-26T00:10:14Z,2026-09-26T02:10:14+0200,30659bdf-c36b-44db-a52f-bb96c5d8a12b,2026-09-21T16:30:00Z,2026-09-21T18:30:00+0200,10233.346,MW,NL,NL,actual_load,Actual Load,2026-09-26T00:10:16Z
2026-09-26T00:10:14Z,2026-09-26T02:10:14+0200,30659bdf-c36b-44db-a52f-bb96c5d8a12b,2026-09-21T16:45:00Z,2026-09-21T18:45:00+0200,10506.856,MW,NL,NL,actual_load,Actual Load,2026-09-26T00:10:16Z
2026-09-26T00:10:14Z,2026-09-26T02:10:14+0200,30659bdf-c36b-44db-a52f-bb96c5d8a12b,2026-09-21T17:00:00Z,2026-09-21T19:00:00+0200,10761.406,MW,NL,NL,actual_load,Actual Load,2026-09-26T00:10:16Z
2026-09-26T00:10:14Z,2026-09-26T02:10:14+0200,30659bdf-c36b-44db-a52f-bb96c5d8a12b,2026-09-21T17:15:00Z,2026-09-21T19:15:00+0200,11186.056,MW,NL,NL,actual_load,Actual Load,2026-09-26T00:10:16Z
2026-09-26T00:10:14Z,2026-09-26T02:10:14+0200,30659bdf-c36b-44db-a52f-bb96c5d8a12b,2026-09-21T17:30:00Z,2026-09-21T19:30:00+0200,11080.606,MW,NL,NL,actual_load,Actual Load,2026-09-26T00:10:16Z
2026-09-26T00:10:14Z,2026-09-26T02:10:14+0200,30659bdf-c36b-44db-a52f-bb96c5d8a12b,2026-09-21T17:45:00Z,2026-09-21T19:45:00+0200,11077.616,MW,NL,NL,actual_load,Actual Load,2026-09-26T00:10:16Z
2026-09-26T00:10:14Z,2026-09-26T02:10:14+0200,30659bdf-c36b-44db-a52f-bb96c5d8a12b,2026-09-21T18:00:00Z,2026-09-21T20:00:00+0200,11156.046,MW,NL,NL,actual_load,Actual Load,2026-09-26T00:10:16Z
2026-09-26T00:10:14Z,2026-09-26T02:10:14+0200,30659bdf-c36b-44db-a52f-bb96c5d8a12b,2026-09-21T18:15:00Z,2026-09-21T20:15:00+0200,11047.586,MW,NL,NL,actual_load,Actual Load,2026-09-26T00:10:16Z
2026-09-26T00:10:14Z,2026-09-26T02:10:14+0200,30659bdf-c36b-44db-a52f-bb96c5d8a12b,2026-09-21T18:30:00Z,2026-09-21T20:30:00+0200,10995.656,MW,NL,NL,actual_load,Actual Load,2026-09-26T00:10:16Z
2026-09-26T00:10:14Z,2026-09-26T02:10:14+0200,30659bdf-c36b-44db-a52f-bb96c5d8a12b,2026-09-21T18:45:00Z,2026-09-21T20:45:00+0200,11001.616,MW,NL,NL,actual_load,Actual Load,2026-09-26T00:10:16Z
2026-09-26T00:10:14Z,2026-09-26T02:10:14+0200,30659bdf-c36b-44db-a52f-bb96c5d8a12b,2026-09-21T19:00:00Z,2026-09-21T21:00:00+0200,11089.866,MW,NL,NL,actual_load,Actual Load,2026-09-26T00:10:16Z
2026-09-26T00:10:14Z,2026-09-26T02:10:14+0200,30659bdf-c36b-44db-a52f-bb96c5d8a12b,2026-09-21T19:15:00Z,2026-09-21T21:15:00+0200,10953.976,MW,NL,NL,actual_load,Actual Load,2026-09-26T00:10:16Z
2026-09-26T00:10:14Z,2026-09-26T02:10:14+0200,30659bdf-c36b-44db-a52f-bb96c5d8a12b,2026-09-21T19:30:00Z,2026-09-21T21:30:00+0200,11056.476,MW,NL,NL,actual_load,Actual Load,2026-09-26T00:10:16Z
2026-09-26T00:10:14Z,2026-09-26T02:10:14+0200,30659bdf-c36b-44db-a52f-bb96c5d8a12b,2026-09-21T19:45:00Z,2026-09-21T21:45:00+0200,11059.066,MW,NL,NL,actual_load,Actual Load,2026-09-26T00:10:16Z
2026-09-26T00:10:14Z,2026-09-26T02:10:14+0200,30659bdf-c36b-44db-a52f-bb96c5d8a12b,2026-09-21T20:00:00Z,2026-09-21T22:00:00+0200,11114.726,MW,NL,NL,actual_load,Actual Load,2026-09-26T00:10:16Z
2026-09-26T00:10:14Z,2026-09-26T02:10:14+0200,30659bdf-c36b-44db-a52f-bb96c5d8a12b,2026-09-21T20:15:00Z,2026-09-21T22:15:00+0200,11047.426,MW,NL,NL,actual_load,Actual Load,2026-09-26T00:10:16Z
2026-09-26T00:10:14Z,2026-09-26T02:10:14+0200,30659bdf-c36b-44db-a52f-bb96c5d8a12b,2026-09-21T20:30:00Z,2026-09-21T22:30:00+0200,10830.136,MW,NL,NL,actual_load,Actual Load,2026-09-26T00:10:16Z
2026-09-26T00:10:14Z,2026-09-26T02:10:14+0200,30659bdf-c36b-44db-a52f-bb96c5d8a12b,2026-09-21T20:45:00Z,2026-09-21T22:45:00+0200,10677.466,MW,NL,NL,actual_load,Actual Load,2026-09-26T00:10:16Z
2026-09-26T00:10:14Z,2026-09-26T02:10:14+0200,30659bdf-c36b-44db-a52f-bb96c5d8a12b,2026-09-21T21:00:00Z,2026-09-21T23:00:00+0200,10523.756,MW,NL,NL,actual_load,Actual Load,2026-09-26T00:10:16Z
2026-09-26T00:10:14Z,2026-09-26T02:10:14+0200,30659bdf-c36b-44db-a52f-bb96c5d8a12b,2026-09-21T21:15:00Z,2026-09-21T23:15:00+0200,10519.276,MW,NL,NL,actual_load,Actual Load,2026-09-26T00:10:16Z
2026-09-26T00:10:14Z,2026-09-26T02:10:14+0200,30659bdf-c36b-44db-a52f-bb96c5d8a12b,2026-09-21T21:30:00Z,2026-09-21T23:30:00+0200,10685.516,MW,NL,NL,actual_load,Actual Load,2026-09-26T00:10:16Z
2026-09-26T00:10:14Z,2026-09-26T02:10:14+0200,30659bdf-c36b-44db-a52f-bb96c5d8a12b,2026-09-21T21:45:00Z,2026-09-21T23:45:00+0200,10587.606,MW,NL,NL,actual_load,Actual Load,2026-09-26T00:10:16Z
2026-09-26T00:10:14Z,2026-09-26T02:10:14+0200,30659bdf-c36b-44db-a52f-bb96c5d8a12b,2026-09-21T22:00:00Z,2026-09-22T00:00:00+0200,10498.236,MW,NL,NL,actual_load,Actual Load,2026-09-26T00:10:16Z
2026-09-26T00:10:14Z,2026-09-26T02:10:14+0200,30659bdf-c36b-44db-a52f-bb96c5d8a12b,2026-09-21T22:15:00Z,2026-09-22T00:15:00+0200,10708.186,MW,NL,NL,actual_load,Actual Load,2026-09-26T00:10:16Z
2026-09-26T00:10:14Z,2026-09-26T02:10:14+0200,30659bdf-c36b-44db-a52f-bb96c5d8a12b,2026-09-21T22:30:00Z,2026-09-22T00:30:00+0200,10685.896,MW,NL,NL,actual_load,Actual Load,2026-09-26T00:10:16Z
2026-09-26T00:10:14Z,2026-09-26T02:10:14+0200,30659bdf-c36b-44db-a52f-bb96c5d8a12b,2026-09-21T22:45:00Z,2026-09-22T00:45:00+0200,10639.456,MW,NL,NL,actual_load,Actual Load,2026-09-26T00:10:16Z
2026-09-26T00:10:14Z,2026-09-26T02:10:14+0200,30659bdf-c36b-44db-a52f-bb96c5d8a12b,2026-09-21T23:00:00Z,2026-09-22T01:00:00+0200,10605.436,MW,NL,NL,actual_load,Actual Load,2026-09-26T00:10:16Z
2026-09-26T00:10:14Z,2026-09-26T02:10:14+0200,30659bdf-c36b-44db-a52f-bb96c5d8a12b,2026-09-21T23:15:00Z,2026-09-22T01:15:00+0200,10535.406,MW,NL,NL,actual_load,Actual Load,2026-09-26T00:10:16Z
2026-09-26T00:10:14Z,2026-09-26T02:10:14+0200,30659bdf-c36b-44db-a52f-bb96c5d8a12b,2026-09-21T23:30:00Z,2026-09-22T01:30:00+0200,10449.336,MW,NL,NL,actual_load,Actual Load,2026-09-26T00:10:16Z
2026-09-26T00:10:14Z,2026-09-26T02:10:14+0200,30659bdf-c36b-44db-a52f-bb96c5d8a12b,2026-09-21T23:45:00Z,2026-09-22T01:45:00+0200,10338.086,MW,NL,NL,actual_load,Actual Load,2026-09-26T00:10:16Z
2026-09-26T00:10:14Z,2026-09-26T02:10:14+0200,30659bdf-c36b-44db-a52f-bb96c5d8a12b,2026-09-22T00:00:00Z,2026-09-22T02:00:00+0200,10228.576,MW,NL,NL,actual_load,Actual Load,2026-09-26T00:10:16Z
2026-09-26T00:10:14Z,2026-09-26T02:10:14+0200,30659bdf-c36b-44db-a52f-bb96c5d8a12b,2026-09-22T00:15:00Z,2026-09-22T02:15:00+0200,10302.416,MW,NL,NL,actual_load,Actual Load,2026-09-26T00:10:16Z
2026-09-26T00:10:14Z,2026-09-26T02:10:14+0200,30659bdf-c36b-44db-a52f-bb96c5d8a12b,2026-09-22T00:30:00Z,2026-09-22T02:30:00+0200,10255.366,MW,NL,NL,actual_load,Actual Load,2026-09-26T00:10:16Z
2026-09-26T00:10:14Z,2026-09-26T02:10:14+0200,30659bdf-c36b-44db-a52f-bb96c5d8a12b,2026-09-22T00:45:00Z,2026-09-22T02:45:00+0200,10235.076,MW,NL,NL,actual_load,Actual Load,2026-09-26T00:10:16Z
2026-09-26T00:10:14Z,2026-09-26T02:10:14+0200,30659bdf-c36b-44db-a52f-bb96c5d8a12b,2026-09-22T01:00:00Z,2026-09-22T03:00:00+0200,10117.696,MW,NL,NL,actual_load,Actual Load,2026-09-26T00:10:16Z
2026-09-26T00:10:14Z,2026-09-26T02:10:14+0200,30659bdf-c36b-44db-a52f-bb96c5d8a12b,2026-09-22T01:15:00Z,2026-09-22T03:15:00+0200,10166.816,MW,NL,NL,actual_load,Actual Load,2026-09-26T00:10:16Z
2026-09-26T00:10:14Z,2026-09-26T02:10:14+0200,30659bdf-c36b-44db-a52f-bb96c5d8a12b,2026-09-22T01:30:00Z,2026-09-22T03:30:00+0200,10149.136,MW,NL,NL,actual_load,Actual Load,2026-09-26T00:10:16Z
2026-09-26T00:10:14Z,2026-09-26T02:10:14+0200,30659bdf-c36b-44db-a52f-bb96c5d8a12b,2026-09-22T01:45:00Z,2026-09-22T03:45:00+0200,10119.776,MW,NL,NL,actual_load,Actual Load,2026-09-26T00:10:16Z
2026-09-26T00:10:14Z,2026-09-26T02:10:14+0200,30659bdf-c36b-44db-a52f-bb96c5d8a12b,2026-09-22T02:00:00Z,2026-09-22T04:00:00+0200,10091.566,MW,NL,NL,actual_load,Actual Load,2026-09-26T00:10:16Z
2026-09-26T00:10:14Z,2026-09-26T02:10:14+0200,30659bdf-c36b-44db-a52f-bb96c5d8a12b,2026-09-22T02:15:00Z,2026-09-22T04:15:00+0200,10034.196,MW,NL,NL,actual_load,Actual Load,2026-09-26T00:10:16Z
2026-09-26T00:10:14Z,2026-09-26T02:10:14+0200,30659bdf-c36b-44db-a52f-bb96c5d8a12b,2026-09-22T02:30:00Z,2026-09-22T04:30:00+0200,9973.446,MW,NL,NL,actual_load,Actual Load,2026-09-26T00:10:16Z
2026-09-26T00:10:14Z,2026-09-26T02:10:14+0200,30659bdf-c36b-44db-a52f-bb96c5d8a12b,2026-09-22T02:45:00Z,2026-09-22T04:45:00+0200,9951.326,MW,NL,NL,actual_load,Actual Load,2026-09-26T00:10:16Z
2026-09-26T00:10:14Z,2026-09-26T02:10:14+0200,30659bdf-c36b-44db-a52f-bb96c5d8a12b,2026-09-22T03:00:00Z,2026-09-22T05:00:00+0200,9876.046,MW,NL,NL,actual_load,Actual Load,2026-09-26T00:10:16Z
2026-09-26T00:10:14Z,2026-09-26T02:10:14+0200,30659bdf-c36b-44db-a52f-bb96c5d8a12b,2026-09-22T03:15:00Z,2026-09-22T05:15:00+0200,9974.386,MW,NL,NL,actual_load,Actual Load,2026-09-26T00:10:16Z
2026-09-26T00:10:14Z,2026-09-26T02:10:14+0200,30659bdf-c36b-44db-a52f-bb96c5d8a12b,2026-09-22T03:30:00Z,2026-09-22T05:30:00+0200,10007.636,MW,NL,NL,actual_load,Actual Load,2026-09-26T00:10:16Z
2026-09-26T00:10:14Z,2026-09-26T02:10:14+0200,30659bdf-c36b-44db-a52f-bb96c5d8a12b,2026-09-22T03:45:00Z,2026-09-22T05:45:00+0200,10030.966,MW,NL,NL,actual_load,Actual Load,2026-09-26T00:10:16Z
2026-09-26T00:10:14Z,2026-09-26T02:10:14+0200,30659bdf-c36b-44db-a52f-bb96c5d8a12b,2026-09-22T04:00:00Z,2026-09-22T06:00:00+0200,9995.346,MW,NL,NL,actual_load,Actual Load,2026-09-26T00:10:16Z
2026-09-26T00:10:14Z,2026-09-26T02:10:14+0200,30659bdf-c36b-44db-a52f-bb96c5d8a12b,2026-09-22T04:15:00Z,2026-09-22T06:15:00+0200,10156.316,MW,NL,NL,actual_load,Actual Load,2026-09-26T00:10:16Z
2026-09-26T00:10:14Z,2026-09-26T02:10:14+0200,30659bdf-c36b-44db-a52f-bb96c5d8a12b,2026-09-22T04:30:00Z,2026-09-22T06:30:00+0200,10345.086,MW,NL,NL,actual_load,Actual Load,2026-09-26T00:10:16Z
2026-09-26T00:10:14Z,2026-09-26T02:10:14+0200,30659bdf-c36b-44db-a52f-bb96c5d8a12b,2026-09-22T04:45:00Z,2026-09-22T06:45:00+0200,10524.276,MW,NL,NL,actual_load,Actual Load,2026-09-26T00:10:16Z
2026-09-26T00:10:14Z,2026-09-26T02:10:14+0200,30659bdf-c36b-44db-a52f-bb96c5d8a12b,2026-09-22T05:00:00Z,2026-09-22T07:00:00+0200,10741.986,MW,NL,NL,actual_load,Actual Load,2026-09-26T00:10:16Z
2026-09-26T00:10:14Z,2026-09-26T02:10:14+0200,30659bdf-c36b-44db-a52f-bb96c5d8a12b,2026-09-22T05:15:00Z,2026-09-22T07:15:00+0200,11062.106,MW,NL,NL,actual_load,Actual Load,2026-09-26T00:10:16Z
2026-09-26T00:10:14Z,2026-09-26T02:10:14+0200,30659bdf-c36b-44db-a52f-bb96c5d8a12b,2026-09-22T05:30:00Z,2026-09-22T07:30:00+0200,11064.796,MW,NL,NL,actual_load,Actual Load,2026-09-26T00:10:16Z
2026-09-26T00:10:14Z,2026-09-26T02:10:14+0200,30659bdf-c36b-44db-a52f-bb96c5d8a12b,2026-09-22T05:45:00Z,2026-09-22T07:45:00+0200,11120.496,MW,NL,NL,actual_load,Actual Load,2026-09-26T00:10:16Z
2026-09-26T00:10:14Z,2026-09-26T02:10:14+0200,30659bdf-c36b-44db-a52f-bb96c5d8a12b,2026-09-22T06:00:00Z,2026-09-22T08:00:00+0200,11327.786,MW,NL,NL,actual_load,Actual Load,2026-09-26T00:10:16Z
2026-09-26T00:10:14Z,2026-09-26T02:10:14+0200,30659bdf-c36b-44db-a52f-bb96c5d8a12b,2026-09-22T06:15:00Z,2026-09-22T08:15:00+0200,11311.276,MW,NL,NL,actual_load,Actual Load,2026-09-26T00:10:16Z
2026-09-26T00:10:14Z,2026-09-26T02:10:14+0200,30659bdf-c36b-44db-a52f-bb96c5d8a12b,2026-09-22T06:30:00Z,2026-09-22T08:30:00+0200,11451.646,MW,NL,NL,actual_load,Actual Load,2026-09-26T00:10:16Z
2026-09-26T00:10:14Z,2026-09-26T02:10:14+0200,30659bdf-c36b-44db-a52f-bb96c5d8a12b,2026-09-22T06:45:00Z,2026-09-22T08:45:00+0200,11401.796,MW,NL,NL,actual_load,Actual Load,2026-09-26T00:10:16Z
2026-09-26T00:10:14Z,2026-09-26T02:10:14+0200,30659bdf-c36b-44db-a52f-bb96c5d8a12b,2026-09-22T07:00:00Z,2026-09-22T09:00:00+0200,11279.626,MW,NL,NL,actual_load,Actual Load,2026-09-26T00:10:16Z
2026-09-26T00:10:14Z,2026-09-26T02:10:14+0200,30659bdf-c36b-44db-a52f-bb96c5d8a12b,2026-09-22T07:15:00Z,2026-09-22T09:15:00+0200,10908.936,MW,NL,NL,actual_load,Actual Load,2026-09-26T00:10:16Z
2026-09-26T00:10:14Z,2026-09-26T02:10:14+0200,30659bdf-c36b-44db-a52f-bb96c5d8a12b,2026-09-22T07:30:00Z,2026-09-22T09:30:00+0200,10835.676,MW,NL,NL,actual_load,Actual Load,2026-09-26T00:10:16Z
2026-09-26T00:10:14Z,2026-09-26T02:10:14+0200,30659bdf-c36b-44db-a52f-bb96c5d8a12b,2026-09-22T07:45:00Z,2026-09-22T09:45:00+0200,10466.736,MW,NL,NL,actual_load,Actual Load,2026-09-26T00:10:16Z
2026-09-26T00:10:14Z,2026-09-26T02:10:14+0200,30659bdf-c36b-44db-a52f-bb96c5d8a12b,2026-09-22T08:00:00Z,2026-09-22T10:00:00+0200,10175.436,MW,NL,NL,actual_load,Actual Load,2026-09-26T00:10:16Z
2026-09-26T00:10:14Z,2026-09-26T02:10:14+0200,30659bdf-c36b-44db-a52f-bb96c5d8a12b,2026-09-22T08:15:00Z,2026-09-22T10:15:00+0200,9966.986,MW,NL,NL,actual_load,Actual Load,2026-09-26T00:10:16Z
2026-09-26T00:10:14Z,2026-09-26T02:10:14+0200,30659bdf-c36b-44db-a52f-bb96c5d8a12b,2026-09-22T08:30:00Z,2026-09-22T10:30:00+0200,9599.886,MW,NL,NL,actual_load,Actual Load,2026-09-26T00:10:16Z
2026-09-26T00:10:14Z,2026-09-26T02:10:14+0200,30659bdf-c36b-44db-a52f-bb96c5d8a12b,2026-09-22T08:45:00Z,2026-09-22T10:45:00+0200,9412.216,MW,NL,NL,actual_load,Actual Load,2026-09-26T00:10:16Z
2026-09-26T00:10:14Z,2026-09-26T02:10:14+0200,30659bdf-c36b-44db-a52f-bb96c5d8a12b,2026-09-22T09:00:00Z,2026-09-22T11:00:00+0200,9079.276,MW,NL,NL,actual_load,Actual Load,2026-09-26T00:10:16Z
2026-09-26T00:10:14Z,2026-09-26T02:10:14+0200,30659bdf-c36b-44db-a52f-bb96c5d8a12b,2026-09-22T09:15:00Z,2026-09-22T11:15:00+0200,8822.506,MW,NL,NL,actual_load,Actual Load,2026-09-26T00:10:16Z
2026-09-26T00:10:14Z,2026-09-26T02:10:14+0200,30659bdf-c36b-44db-a52f-bb96c5d8a12b,2026-09-22T09:30:00Z,2026-09-22T11:30:00+0200,8613.256,MW,NL,NL,actual_load,Actual Load,2026-09-26T00:10:16Z
2026-09-26T00:10:14Z,2026-09-26T02:10:14+0200,30659bdf-c36b-44db-a52f-bb96c5d8a12b,2026-09-22T09:45:00Z,2026-09-22T11:45:00+0200,8361.736,MW,NL,NL,actual_load,Actual Load,2026-09-26T00:10:16Z
2026-09-26T00:10:14Z,2026-09-26T02:10:14+0200,30659bdf-c36b-44db-a52f-bb96c5d8a12b,2026-09-22T10:00:00Z,2026-09-22T12:00:00+0200,8261.546,MW,NL,NL,actual_load,Actual Load,2026-09-26T00:10:16Z
2026-09-26T00:10:14Z,2026-09-26T02:10:14+0200,30659bdf-c36b-44db-a52f-bb96c5d8a12b,2026-09-22T10:15:00Z,2026-09-22T12:15:00+0200,8812.616,MW,NL,NL,actual_load,Actual Load,2026-09-26T00:10:16Z
2026-09-26T00:10:14Z,2026-09-26T02:10:14+0200,30659bdf-c36b-44db-a52f-bb96c5d8a12b,2026-09-22T10:30:00Z,2026-09-22T12:30:00+0200,8897.086,MW,NL,NL,actual_load,Actual Load,2026-09-26T00:10:16Z
2026-09-26T00:10:14Z,2026-09-26T02:10:14+0200,30659bdf-c36b-44db-a52f-bb96c5d8a12b,2026-09-22T10:45:00Z,2026-09-22T12:45:00+0200,9121.586,MW,NL,NL,actual_load,Actual Load,2026-09-26T00:10:16Z
2026-09-26T00:10:14Z,2026-09-26T02:10:14+0200,30659bdf-c36b-44db-a52f-bb96c5d8a12b,2026-09-22T11:00:00Z,2026-09-22T13:00:00+0200,9050.326,MW,NL,NL,actual_load,Actual Load,2026-09-26T00:10:16Z
2026-09-26T00:10:14Z,2026-09-26T02:10:14+0200,30659bdf-c36b-44db-a52f-bb96c5d8a12b,2026-09-22T11:15:00Z,2026-09-22T13:15:00+0200,9202.906,MW,NL,NL,actual_load,Actual Load,2026-09-26T00:10:16Z
2026-09-26T00:10:14Z,2026-09-26T02:10:14+0200,30659bdf-c36b-44db-a52f-bb96c5d8a12b,2026-09-22T11:30:00Z,2026-09-22T13:30:00+0200,9436.086,MW,NL,NL,actual_load,Actual Load,2026-09-26T00:10:16Z
2026-09-26T00:10:14Z,2026-09-26T02:10:14+0200,30659bdf-c36b-44db-a52f-bb96c5d8a12b,2026-09-22T11:45:00Z,2026-09-22T13:45:00+0200,9622.286,MW,NL,NL,actual_load,Actual Load,2026-09-26T00:10:16Z
2026-09-26T00:10:14Z,2026-09-26T02:10:14+0200,30659bdf-c36b-44db-a52f-bb96c5d8a12b,2026-09-22T12:00:00Z,2026-09-22T14:00:00+0200,9859.086,MW,NL,NL,actual_load,Actual Load,2026-09-26T00:10:16Z
2026-09-26T00:10:14Z,2026-09-26T02:10:14+0200,30659bdf-c36b-44db-a52f-bb96c5d8a12b,2026-09-22T12:15:00Z,2026-09-22T14:15:00+0200,9957.996,MW,NL,NL,actual_load,Actual Load,2026-09-26T00:10:16Z
2026-09-26T00:10:14Z,2026-09-26T02:10:14+0200,30659bdf-c36b-44db-a52f-bb96c5d8a12b,2026-09-22T12:30:00Z,2026-09-22T14:30:00+0200,10232.796,MW,NL,NL,actual_load,Actual Load,2026-09-26T00:10:16Z
2026-09-26T00:10:14Z,2026-09-26T02:10:14+0200,30659bdf-c36b-44db-a52f-bb96c5d8a12b,2026-09-22T12:45:00Z,2026-09-22T14:45:00+0200,10329.546,MW,NL,NL,actual_load,Actual Load,2026-09-26T00:10:16Z
2026-09-26T00:10:14Z,2026-09-26T02:10:14+0200,30659bdf-c36b-44db-a52f-bb96c5d8a12b,2026-09-22T13:00:00Z,2026-09-22T15:00:00+0200,10419.926,MW,NL,NL,actual_load,Actual Load,2026-09-26T00:10:16Z
2026-09-26T00:10:14Z,2026-09-26T02:10:14+0200,30659bdf-c36b-44db-a52f-bb96c5d8a12b,2026-09-22T13:15:00Z,2026-09-22T15:15:00+0200,10542.186,MW,NL,NL,actual_load,Actual Load,2026-09-26T00:10:16Z
2026-09-26T00:10:14Z,2026-09-26T02:10:14+0200,30659bdf-c36b-44db-a52f-bb96c5d8a12b,2026-09-22T13:30:00Z,2026-09-22T15:30:00+0200,10523.416,MW,NL,NL,actual_load,Actual Load,2026-09-26T00:10:16Z
2026-09-26T00:10:14Z,2026-09-26T02:10:14+0200,30659bdf-c36b-44db-a52f-bb96c5d8a12b,2026-09-22T13:45:00Z,2026-09-22T15:45:00+0200,10691.436,MW,NL,NL,actual_load,Actual Load,2026-09-26T00:10:16Z
2026-09-26T00:10:14Z,2026-09-26T02:10:14+0200,30659bdf-c36b-44db-a52f-bb96c5d8a12b,2026-09-22T14:00:00Z,2026-09-22T16:00:00+0200,10980.046,MW,NL,NL,actual_load,Actual Load,2026-09-26T00:10:16Z
2026-09-26T00:10:14Z,2026-09-26T02:10:14+0200,30659bdf-c36b-44db-a52f-bb96c5d8a12b,2026-09-22T14:15:00Z,2026-09-22T16:15:00+0200,10951.446,MW,NL,NL,actual_load,Actual Load,2026-09-26T00:10:16Z
2026-09-26T00:10:14Z,2026-09-26T02:10:14+0200,30659bdf-c36b-44db-a52f-bb96c5d8a12b,2026-09-22T14:30:00Z,2026-09-22T16:30:00+0200,11194.286,MW,NL,NL,actual_load,Actual Load,2026-09-26T00:10:16Z
2026-09-26T00:10:14Z,2026-09-26T02:10:14+0200,30659bdf-c36b-44db-a52f-bb96c5d8a12b,2026-09-22T14:45:00Z,2026-09-22T16:45:00+0200,11412.146,MW,NL,NL,actual_load,Actual Load,2026-09-26T00:10:16Z
2026-09-26T00:10:14Z,2026-09-26T02:10:14+0200,30659bdf-c36b-44db-a52f-bb96c5d8a12b,2026-09-22T15:00:00Z,2026-09-22T17:00:00+0200,11609.546,MW,NL,NL,actual_load,Actual Load,2026-09-26T00:10:16Z
2026-09-26T00:10:14Z,2026-09-26T02:10:14+0200,30659bdf-c36b-44db-a52f-bb96c5d8a12b,2026-09-22T15:15:00Z,2026-09-22T17:15:00+0200,11784.716,MW,NL,NL,actual_load,Actual Load,2026-09-26T00:10:16Z
2026-09-26T00:10:14Z,2026-09-26T02:10:14+0200,30659bdf-c36b-44db-a52f-bb96c5d8a12b,2026-09-22T15:30:00Z,2026-09-22T17:30:00+0200,11439.156,MW,NL,NL,actual_load,Actual Load,2026-09-26T00:10:16Z
2026-09-26T00:10:14Z,2026-09-26T02:10:14+0200,30659bdf-c36b-44db-a52f-bb96c5d8a12b,2026-09-22T15:45:00Z,2026-09-22T17:45:00+0200,11398.656,MW,NL,NL,actual_load,Actual Load,2026-09-26T00:10:16Z
2026-09-26T00:10:14Z,2026-09-26T02:10:14+0200,30659bdf-c36b-44db-a52f-bb96c5d8a12b,2026-09-22T16:00:00Z,2026-09-22T18:00:00+0200,11278.216,MW,NL,NL,actual_load,Actual Load,2026-09-26T00:10:16Z
2026-09-26T00:10:14Z,2026-09-26T02:10:14+0200,30659bdf-c36b-44db-a52f-bb96c5d8a12b,2026-09-22T16:15:00Z,2026-09-22T18:15:00+0200,11315.206,MW,NL,NL,actual_load,Actual Load,2026-09-26T00:10:16Z
2026-09-26T00:10:14Z,2026-09-26T02:10:14+0200,30659bdf-c36b-44db-a52f-bb96c5d8a12b,2026-09-22T16:30:00Z,2026-09-22T18:30:00+0200,11390.946,MW,NL,NL,actual_load,Actual Load,2026-09-26T00:10:16Z
2026-09-26T00:10:14Z,2026-09-26T02:10:14+0200,30659bdf-c36b-44db-a52f-bb96c5d8a12b,2026-09-22T16:45:00Z,2026-09-22T18:45:00+0200,11333.776,MW,NL,NL,actual_load,Actual Load,2026-09-26T00:10:16Z
2026-09-26T00:10:14Z,2026-09-26T02:10:14+0200,30659bdf-c36b-44db-a52f-bb96c5d8a12b,2026-09-22T17:00:00Z,2026-09-22T19:00:00+0200,11107.336,MW,NL,NL,actual_load,Actual Load,2026-09-26T00:10:16Z
2026-09-26T00:10:14Z,2026-09-26T02:10:14+0200,30659bdf-c36b-44db-a52f-bb96c5d8a12b,2026-09-22T17:15:00Z,2026-09-22T19:15:00+0200,11106.466,MW,NL,NL,actual_load,Actual Load,2026-09-26T00:10:16Z
2026-09-26T00:10:14Z,2026-09-26T02:10:14+0200,30659bdf-c36b-44db-a52f-bb96c5d8a12b,2026-09-22T17:30:00Z,2026-09-22T19:30:00+0200,11196.106,MW,NL,NL,actual_load,Actual Load,2026-09-26T00:10:16Z
2026-09-26T00:10:14Z,2026-09-26T02:10:14+0200,30659bdf-c36b-44db-a52f-bb96c5d8a12b,2026-09-22T17:45:00Z,2026-09-22T19:45:00+0200,11114.096,MW,NL,NL,actual_load,Actual Load,2026-09-26T00:10:16Z
2026-09-26T00:10:14Z,2026-09-26T02:10:14+0200,30659bdf-c36b-44db-a52f-bb96c5d8a12b,2026-09-22T18:00:00Z,2026-09-22T20:00:00+0200,11168.246,MW,NL,NL,actual_load,Actual Load,2026-09-26T00:10:16Z
2026-09-26T00:10:14Z,2026-09-26T02:10:14+0200,30659bdf-c36b-44db-a52f-bb96c5d8a12b,2026-09-22T18:15:00Z,2026-09-22T20:15:00+0200,11220.456,MW,NL,NL,actual_load,Actual Load,2026-09-26T00:10:16Z
2026-09-26T00:10:14Z,2026-09-26T02:10:14+0200,30659bdf-c36b-44db-a52f-bb96c5d8a12b,2026-09-22T18:30:00Z,2026-09-22T20:30:00+0200,11457.136,MW,NL,NL,actual_load,Actual Load,2026-09-26T00:10:16Z
2026-09-26T00:10:14Z,2026-09-26T02:10:14+0200,30659bdf-c36b-44db-a52f-bb96c5d8a12b,2026-09-22T18:45:00Z,2026-09-22T20:45:00+0200,11581.286,MW,NL,NL,actual_load,Actual Load,2026-09-26T00:10:16Z
2026-09-26T00:10:14Z,2026-09-26T02:10:14+0200,30659bdf-c36b-44db-a52f-bb96c5d8a12b,2026-09-22T19:00:00Z,2026-09-22T21:00:00+0200,11542.776,MW,NL,NL,actual_load,Actual Load,2026-09-26T00:10:16Z
2026-09-26T00:10:14Z,2026-09-26T02:10:14+0200,30659bdf-c36b-44db-a52f-bb96c5d8a12b,2026-09-22T19:15:00Z,2026-09-22T21:15:00+0200,11296.206,MW,NL,NL,actual_load,Actual Load,2026-09-26T00:10:16Z
2026-09-26T00:10:14Z,2026-09-26T02:10:14+0200,30659bdf-c36b-44db-a52f-bb96c5d8a12b,2026-09-22T19:30:00Z,2026-09-22T21:30:00+0200,11150.706,MW,NL,NL,actual_load,Actual Load,2026-09-26T00:10:16Z
2026-09-26T00:10:14Z,2026-09-26T02:10:14+0200,30659bdf-c36b-44db-a52f-bb96c5d8a12b,2026-09-22T19:45:00Z,2026-09-22T21:45:00+0200,11211.476,MW,NL,NL,actual_load,Actual Load,2026-09-26T00:10:16Z
2026-09-26T00:10:14Z,2026-09-26T02:10:14+0200,30659bdf-c36b-44db-a52f-bb96c5d8a12b,2026-09-22T20:00:00Z,2026-09-22T22:00:00+0200,11056.986,MW,NL,NL,actual_load,Actual Load,2026-09-26T00:10:16Z
2026-09-26T00:10:14Z,2026-09-26T02:10:14+0200,30659bdf-c36b-44db-a52f-bb96c5d8a12b,2026-09-22T20:15:00Z,2026-09-22T22:15:00+0200,10942.786,MW,NL,NL,actual_load,Actual Load,2026-09-26T00:10:16Z
2026-09-26T00:10:14Z,2026-09-26T02:10:14+0200,30659bdf-c36b-44db-a52f-bb96c5d8a12b,2026-09-22T20:30:00Z,2026-09-22T22:30:00+0200,10859.796,MW,NL,NL,actual_load,Actual Load,2026-09-26T00:10:16Z
2026-09-26T00:10:14Z,2026-09-26T02:10:14+0200,30659bdf-c36b-44db-a52f-bb96c5d8a12b,2026-09-22T20:45:00Z,2026-09-22T22:45:00+0200,10816.606,MW,NL,NL,actual_load,Actual Load,2026-09-26T00:10:16Z
2026-09-26T00:10:14Z,2026-09-26T02:10:14+0200,30659bdf-c36b-44db-a52f-bb96c5d8a12b,2026-09-22T21:00:00Z,2026-09-22T23:00:00+0200,10655.636,MW,NL,NL,actual_load,Actual Load,2026-09-26T00:10:16Z
2026-09-26T00:10:14Z,2026-09-26T02:10:14+0200,30659bdf-c36b-44db-a52f-bb96c5d8a12b,2026-09-22T21:15:00Z,2026-09-22T23:15:00+0200,10644.856,MW,NL,NL,actual_load,Actual Load,2026-09-26T00:10:16Z
2026-09-26T00:10:14Z,2026-09-26T02:10:14+0200,30659bdf-c36b-44db-a52f-bb96c5d8a12b,2026-09-22T21:30:00Z,2026-09-22T23:30:00+0200,10735.336,MW,NL,NL,actual_load,Actual Load,2026-09-26T00:10:16Z
2026-09-26T00:10:14Z,2026-09-26T02:10:14+0200,30659bdf-c36b-44db-a52f-bb96c5d8a12b,2026-09-22T21:45:00Z,2026-09-22T23:45:00+0200,10586.666,MW,NL,NL,actual_load,Actual Load,2026-09-26T00:10:16Z
2026-09-26T00:10:14Z,2026-09-26T02:10:14+0200,30659bdf-c36b-44db-a52f-bb96c5d8a12b,2026-09-22T22:00:00Z,2026-09-23T00:00:00+0200,10619.216,MW,NL,NL,actual_load,Actual Load,2026-09-26T00:10:16Z
2026-09-26T00:10:14Z,2026-09-26T02:10:14+0200,30659bdf-c36b-44db-a52f-bb96c5d8a12b,2026-09-22T22:15:00Z,2026-09-23T00:15:00+0200,10446.276,MW,NL,NL,actual_load,Actual Load,2026-09-26T00:10:16Z
2026-09-26T00:10:14Z,2026-09-26T02:10:14+0200,30659bdf-c36b-44db-a52f-bb96c5d8a12b,2026-09-22T22:30:00Z,2026-09-23T00:30:00+0200,10248.336,MW,NL,NL,actual_load,Actual Load,2026-09-26T00:10:16Z
2026-09-26T00:10:14Z,2026-09-26T02:10:14+0200,30659bdf-c36b-44db-a52f-bb96c5d8a12b,2026-09-22T22:45:00Z,2026-09-23T00:45:00+0200,10222.056,MW,NL,NL,actual_load,Actual Load,2026-09-26T00:10:16Z
2026-09-26T00:10:14Z,2026-09-26T02:10:14+0200,30659bdf-c36b-44db-a52f-bb96c5d8a12b,2026-09-22T23:00:00Z,2026-09-23T01:00:00+0200,10193.196,MW,NL,NL,actual_load,Actual Load,2026-09-26T00:10:16Z
2026-09-26T00:10:14Z,2026-09-26T02:10:14+0200,30659bdf-c36b-44db-a52f-bb96c5d8a12b,2026-09-22T23:15:00Z,2026-09-23T01:15:00+0200,10175.286,MW,NL,NL,actual_load,Actual Load,2026-09-26T00:10:16Z
2026-09-26T00:10:14Z,2026-09-26T02:10:14+0200,30659bdf-c36b-44db-a52f-bb96c5d8a12b,2026-09-22T23:30:00Z,2026-09-23T01:30:00+0200,10223.526,MW,NL,NL,actual_load,Actual Load,2026-09-26T00:10:16Z
2026-09-26T00:10:14Z,2026-09-26T02:10:14+0200,30659bdf-c36b-44db-a52f-bb96c5d8a12b,2026-09-22T23:45:00Z,2026-09-23T01:45:00+0200,10191.496,MW,NL,NL,actual_load,Actual Load,2026-09-26T00:10:16Z
2026-09-26T00:10:14Z,2026-09-26T02:10:14+0200,30659bdf-c36b-44db-a52f-bb96c5d8a12b,2026-09-23T00:00:00Z,2026-09-23T02:00:00+0200,10127.156,MW,NL,NL,actual_load,Actual Load,2026-09-26T00:10:16Z
2026-09-26T00:10:14Z,2026-09-26T02:10:14+0200,30659bdf-c36b-44db-a52f-bb96c5d8a12b,2026-09-23T00:15:00Z,2026-09-23T02:15:00+0200,10272.486,MW,NL,NL,actual_load,Actual Load,2026-09-26T00:10:16Z
2026-09-26T00:10:14Z,2026-09-26T02:10:14+0200,30659bdf-c36b-44db-a52f-bb96c5d8a12b,2026-09-23T00:30:00Z,2026-09-23T02:30:00+0200,10344.756,MW,NL,NL,actual_load,Actual Load,2026-09-26T00:10:16Z
2026-09-26T00:10:14Z,2026-09-26T02:10:14+0200,30659bdf-c36b-44db-a52f-bb96c5d8a12b,2026-09-23T00:45:00Z,2026-09-23T02:45:00+0200,10276.056,MW,NL,NL,actual_load,Actual Load,2026-09-26T00:10:16Z
2026-09-26T00:10:14Z,2026-09-26T02:10:14+0200,30659bdf-c36b-44db-a52f-bb96c5d8a12b,2026-09-23T01:00:00Z,2026-09-23T03:00:00+0200,10217.056,MW,NL,NL,actual_load,Actual Load,2026-09-26T00:10:16Z
2026-09-26T00:10:14Z,2026-09-26T02:10:14+0200,30659bdf-c36b-44db-a52f-bb96c5d8a12b,2026-09-23T01:15:00Z,2026-09-23T03:15:00+0200,10214.686,MW,NL,NL,actual_load,Actual Load,2026-09-26T00:10:16Z
2026-09-26T00:10:14Z,2026-09-26T02:10:14+0200,30659bdf-c36b-44db-a52f-bb96c5d8a12b,2026-09-23T01:30:00Z,2026-09-23T03:30:00+0200,10214.216,MW,NL,NL,actual_load,Actual Load,2026-09-26T00:10:16Z
2026-09-26T00:10:14Z,2026-09-26T02:10:14+0200,30659bdf-c36b-44db-a52f-bb96c5d8a12b,2026-09-23T01:45:00Z,2026-09-23T03:45:00+0200,10279.386,MW,NL,NL,actual_load,Actual Load,2026-09-26T00:10:16Z
2026-09-26T00:10:14Z,2026-09-26T02:10:14+0200,30659bdf-c36b-44db-a52f-bb96c5d8a12b,2026-09-23T02:00:00Z,2026-09-23T04:00:00+0200,10286.346,MW,NL,NL,actual_load,Actual Load,2026-09-26T00:10:16Z
2026-09-26T00:10:14Z,2026-09-26T02:10:14+0200,30659bdf-c36b-44db-a52f-bb96c5d8a12b,2026-09-23T02:15:00Z,2026-09-23T04:15:00+0200,10345.846,MW,NL,NL,actual_load,Actual Load,2026-09-26T00:10:16Z
2026-09-26T00:10:14Z,2026-09-26T02:10:14+0200,30659bdf-c36b-44db-a52f-bb96c5d8a12b,2026-09-23T02:30:00Z,2026-09-23T04:30:00+0200,10268.436,MW,NL,NL,actual_load,Actual Load,2026-09-26T00:10:16Z
2026-09-26T00:10:14Z,2026-09-26T02:10:14+0200,30659bdf-c36b-44db-a52f-bb96c5d8a12b,2026-09-23T02:45:00Z,2026-09-23T04:45:00+0200,10214.866,MW,NL,NL,actual_load,Actual Load,2026-09-26T00:10:16Z
2026-09-26T00:10:14Z,2026-09-26T02:10:14+0200,30659bdf-c36b-44db-a52f-bb96c5d8a12b,2026-09-23T03:00:00Z,2026-09-23T05:00:00+0200,10196.096,MW,NL,NL,actual_load,Actual Load,2026-09-26T00:10:16Z
2026-09-26T00:10:14Z,2026-09-26T02:10:14+0200,30659bdf-c36b-44db-a52f-bb96c5d8a12b,2026-09-23T03:15:00Z,2026-09-23T05:15:00+0200,10278.216,MW,NL,NL,actual_load,Actual Load,2026-09-26T00:10:16Z
2026-09-26T00:10:14Z,2026-09-26T02:10:14+0200,30659bdf-c36b-44db-a52f-bb96c5d8a12b,2026-09-23T03:30:00Z,2026-09-23T05:30:00+0200,10191.156,MW,NL,NL,actual_load,Actual Load,2026-09-26T00:10:16Z
2026-09-26T00:10:14Z,2026-09-26T02:10:14+0200,30659bdf-c36b-44db-a52f-bb96c5d8a12b,2026-09-23T03:45:00Z,2026-09-23T05:45:00+0200,10146.486,MW,NL,NL,actual_load,Actual Load,2026-09-26T00:10:16Z
2026-09-26T00:10:14Z,2026-09-26T02:10:14+0200,30659bdf-c36b-44db-a52f-bb96c5d8a12b,2026-09-23T04:00:00Z,2026-09-23T06:00:00+0200,10137.036,MW,NL,NL,actual_load,Actual Load,2026-09-26T00:10:16Z
2026-09-26T00:10:14Z,2026-09-26T02:10:14+0200,30659bdf-c36b-44db-a52f-bb96c5d8a12b,2026-09-23T04:15:00Z,2026-09-23T06:15:00+0200,10195.486,MW,NL,NL,actual_load,Actual Load,2026-09-26T00:10:16Z
2026-09-26T00:10:14Z,2026-09-26T02:10:14+0200,30659bdf-c36b-44db-a52f-bb96c5d8a12b,2026-09-23T04:30:00Z,2026-09-23T06:30:00+0200,10195.286,MW,NL,NL,actual_load,Actual Load,2026-09-26T00:10:16Z
2026-09-26T00:10:14Z,2026-09-26T02:10:14+0200,30659bdf-c36b-44db-a52f-bb96c5d8a12b,2026-09-23T04:45:00Z,2026-09-23T06:45:00+0200,10365.426,MW,NL,NL,actual_load,Actual Load,2026-09-26T00:10:16Z
2026-09-26T00:10:14Z,2026-09-26T02:10:14+0200,30659bdf-c36b-44db-a52f-bb96c5d8a12b,2026-09-23T05:00:00Z,2026-09-23T07:00:00+0200,10502.406,MW,NL,NL,actual_load,Actual Load,2026-09-26T00:10:16Z
2026-09-26T00:10:14Z,2026-09-26T02:10:14+0200,30659bdf-c36b-44db-a52f-bb96c5d8a12b,2026-09-23T05:15:00Z,2026-09-23T07:15:00+0200,10643.456,MW,NL,NL,actual_load,Actual Load,2026-09-26T00:10:16Z
2026-09-26T00:10:14Z,2026-09-26T02:10:14+0200,30659bdf-c36b-44db-a52f-bb96c5d8a12b,2026-09-23T05:30:00Z,2026-09-23T07:30:00+0200,10654.636,MW,NL,NL,actual_load,Actual Load,2026-09-26T00:10:16Z
2026-09-26T00:10:14Z,2026-09-26T02:10:14+0200,30659bdf-c36b-44db-a52f-bb96c5d8a12b,2026-09-23T05:45:00Z,2026-09-23T07:45:00+0200,10680.416,MW,NL,NL,actual_load,Actual Load,2026-09-26T00:10:16Z
2026-09-26T00:10:14Z,2026-09-26T02:10:14+0200,30659bdf-c36b-44db-a52f-bb96c5d8a12b,2026-09-23T06:00:00Z,2026-09-23T08:00:00+0200,10911.626,MW,NL,NL,actual_load,Actual Load,2026-09-26T00:10:16Z
2026-09-26T00:10:14Z,2026-09-26T02:10:14+0200,30659bdf-c36b-44db-a52f-bb96c5d8a12b,2026-09-23T06:15:00Z,2026-09-23T08:15:00+0200,11050.836,MW,NL,NL,actual_load,Actual Load,2026-09-26T00:10:16Z
2026-09-26T00:10:14Z,2026-09-26T02:10:14+0200,30659bdf-c36b-44db-a52f-bb96c5d8a12b,2026-09-23T06:30:00Z,2026-09-23T08:30:00+0200,10950.246,MW,NL,NL,actual_load,Actual Load,2026-09-26T00:10:16Z
2026-09-26T00:10:14Z,2026-09-26T02:10:14+0200,30659bdf-c36b-44db-a52f-bb96c5d8a12b,2026-09-23T06:45:00Z,2026-09-23T08:45:00+0200,10883.296,MW,NL,NL,actual_load,Actual Load,2026-09-26T00:10:16Z
2026-09-26T00:10:14Z,2026-09-26T02:10:14+0200,30659bdf-c36b-44db-a52f-bb96c5d8a12b,2026-09-23T07:00:00Z,2026-09-23T09:00:00+0200,10803.526,MW,NL,NL,actual_load,Actual Load,2026-09-26T00:10:16Z
2026-09-26T00:10:14Z,2026-09-26T02:10:14+0200,30659bdf-c36b-44db-a52f-bb96c5d8a12b,2026-09-23T07:15:00Z,2026-09-23T09:15:00+0200,10512.576,MW,NL,NL,actual_load,Actual Load,2026-09-26T00:10:16Z
2026-09-26T00:10:14Z,2026-09-26T02:10:14+0200,30659bdf-c36b-44db-a52f-bb96c5d8a12b,2026-09-23T07:30:00Z,2026-09-23T09:30:00+0200,10283.816,MW,NL,NL,actual_load,Actual Load,2026-09-26T00:10:16Z
2026-09-26T00:10:14Z,2026-09-26T02:10:14+0200,30659bdf-c36b-44db-a52f-bb96c5d8a12b,2026-09-23T07:45:00Z,2026-09-23T09:45:00+0200,10131.586,MW,NL,NL,actual_load,Actual Load,2026-09-26T00:10:16Z
2026-09-26T00:10:14Z,2026-09-26T02:10:14+0200,30659bdf-c36b-44db-a52f-bb96c5d8a12b,2026-09-23T08:00:00Z,2026-09-23T10:00:00+0200,9778.216,MW,NL,NL,actual_load,Actual Load,2026-09-26T00:10:16Z
2026-09-26T00:10:14Z,2026-09-26T02:10:14+0200,30659bdf-c36b-44db-a52f-bb96c5d8a12b,2026-09-23T08:15:00Z,2026-09-23T10:15:00+0200,9211.966,MW,NL,NL,actual_load,Actual Load,2026-09-26T00:10:16Z
2026-09-26T00:10:14Z,2026-09-26T02:10:14+0200,30659bdf-c36b-44db-a52f-bb96c5d8a12b,2026-09-23T08:30:00Z,2026-09-23T10:30:00+0200,8613.166,MW,NL,NL,actual_load,Actual Load,2026-09-26T00:10:16Z
2026-09-26T00:10:14Z,2026-09-26T02:10:14+0200,30659bdf-c36b-44db-a52f-bb96c5d8a12b,2026-09-23T08:45:00Z,2026-09-23T10:45:00+0200,8199.156,MW,NL,NL,actual_load,Actual Load,2026-09-26T00:10:16Z
2026-09-26T00:10:14Z,2026-09-26T02:10:14+0200,30659bdf-c36b-44db-a52f-bb96c5d8a12b,2026-09-23T09:00:00Z,2026-09-23T11:00:00+0200,7545.676,MW,NL,NL,actual_load,Actual Load,2026-09-26T00:10:16Z
2026-09-26T00:10:14Z,2026-09-26T02:10:14+0200,30659bdf-c36b-44db-a52f-bb96c5d8a12b,2026-09-23T09:15:00Z,2026-09-23T11:15:00+0200,6672.576,MW,NL,NL,actual_load,Actual Load,2026-09-26T00:10:16Z
2026-09-26T00:10:14Z,2026-09-26T02:10:14+0200,30659bdf-c36b-44db-a52f-bb96c5d8a12b,2026-09-23T09:30:00Z,2026-09-23T11:30:00+0200,6663.466,MW,NL,NL,actual_load,Actual Load,2026-09-26T00:10:16Z
2026-09-26T00:10:14Z,2026-09-26T02:10:14+0200,30659bdf-c36b-44db-a52f-bb96c5d8a12b,2026-09-23T09:45:00Z,2026-09-23T11:45:00+0200,6495.576,MW,NL,NL,actual_load,Actual Load,2026-09-26T00:10:16Z
2026-09-26T00:10:14Z,2026-09-26T02:10:14+0200,30659bdf-c36b-44db-a52f-bb96c5d8a12b,2026-09-23T10:00:00Z,2026-09-23T12:00:00+0200,6342.806,MW,NL,NL,actual_load,Actual Load,2026-09-26T00:10:16Z
2026-09-26T00:10:14Z,2026-09-26T02:10:14+0200,30659bdf-c36b-44db-a52f-bb96c5d8a12b,2026-09-23T10:15:00Z,2026-09-23T12:15:00+0200,5659.136,MW,NL,NL,actual_load,Actual Load,2026-09-26T00:10:16Z
2026-09-26T00:10:14Z,2026-09-26T02:10:14+0200,30659bdf-c36b-44db-a52f-bb96c5d8a12b,2026-09-23T10:30:00Z,2026-09-23T12:30:00+0200,5626.386,MW,NL,NL,actual_load,Actual Load,2026-09-26T00:10:16Z
2026-09-26T00:10:14Z,2026-09-26T02:10:14+0200,30659bdf-c36b-44db-a52f-bb96c5d8a12b,2026-09-23T10:45:00Z,2026-09-23T12:45:00+0200,5717.456,MW,NL,NL,actual_load,Actual Load,2026-09-26T00:10:16Z
2026-09-26T00:10:14Z,2026-09-26T02:10:14+0200,30659bdf-c36b-44db-a52f-bb96c5d8a12b,2026-09-23T11:00:00Z,2026-09-23T13:00:00+0200,5593.976,MW,NL,NL,actual_load,Actual Load,2026-09-26T00:10:16Z
2026-09-26T00:10:14Z,2026-09-26T02:10:14+0200,30659bdf-c36b-44db-a52f-bb96c5d8a12b,2026-09-23T11:15:00Z,2026-09-23T13:15:00+0200,5701.486,MW,NL,NL,actual_load,Actual Load,2026-09-26T00:10:16Z
2026-09-26T00:10:14Z,2026-09-26T02:10:14+0200,30659bdf-c36b-44db-a52f-bb96c5d8a12b,2026-09-23T11:30:00Z,2026-09-23T13:30:00+0200,6016.786,MW,NL,NL,actual_load,Actual Load,2026-09-26T00:10:16Z
2026-09-26T00:10:14Z,2026-09-26T02:10:14+0200,30659bdf-c36b-44db-a52f-bb96c5d8a12b,2026-09-23T11:45:00Z,2026-09-23T13:45:00+0200,6192.626,MW,NL,NL,actual_load,Actual Load,2026-09-26T00:10:16Z
2026-09-26T00:10:14Z,2026-09-26T02:10:14+0200,30659bdf-c36b-44db-a52f-bb96c5d8a12b,2026-09-23T12:00:00Z,2026-09-23T14:00:00+0200,6382.886,MW,NL,NL,actual_load,Actual Load,2026-09-26T00:10:16Z
2026-09-26T00:10:14Z,2026-09-26T02:10:14+0200,30659bdf-c36b-44db-a52f-bb96c5d8a12b,2026-09-23T12:15:00Z,2026-09-23T14:15:00+0200,6455.506,MW,NL,NL,actual_load,Actual Load,2026-09-26T00:10:16Z
2026-09-26T00:10:14Z,2026-09-26T02:10:14+0200,30659bdf-c36b-44db-a52f-bb96c5d8a12b,2026-09-23T12:30:00Z,2026-09-23T14:30:00+0200,6550.256,MW,NL,NL,actual_load,Actual Load,2026-09-26T00:10:16Z
2026-09-26T00:10:14Z,2026-09-26T02:10:14+0200,30659bdf-c36b-44db-a52f-bb96c5d8a12b,2026-09-23T12:45:00Z,2026-09-23T14:45:00+0200,6964.206,MW,NL,NL,actual_load,Actual Load,2026-09-26T00:10:16Z
2026-09-26T00:10:14Z,2026-09-26T02:10:14+0200,30659bdf-c36b-44db-a52f-bb96c5d8a12b,2026-09-23T13:00:00Z,2026-09-23T15:00:00+0200,7585.426,MW,NL,NL,actual_load,Actual Load,2026-09-26T00:10:16Z
2026-09-26T00:10:14Z,2026-09-26T02:10:14+0200,30659bdf-c36b-44db-a52f-bb96c5d8a12b,2026-09-23T13:15:00Z,2026-09-23T15:15:00+0200,7953.496,MW,NL,NL,actual_load,Actual Load,2026-09-26T00:10:16Z
2026-09-26T00:10:14Z,2026-09-26T02:10:14+0200,30659bdf-c36b-44db-a52f-bb96c5d8a12b,2026-09-23T13:30:00Z,2026-09-23T15:30:00+0200,8105.146,MW,NL,NL,actual_load,Actual Load,2026-09-26T00:10:16Z
2026-09-26T00:10:14Z,2026-09-26T02:10:14+0200,30659bdf-c36b-44db-a52f-bb96c5d8a12b,2026-09-23T13:45:00Z,2026-09-23T15:45:00+0200,8050.276,MW,NL,NL,actual_load,Actual Load,2026-09-26T00:10:16Z
2026-09-26T00:10:14Z,2026-09-26T02:10:14+0200,30659bdf-c36b-44db-a52f-bb96c5d8a12b,2026-09-23T14:00:00Z,2026-09-23T16:00:00+0200,8103.876,MW,NL,NL,actual_load,Actual Load,2026-09-26T00:10:16Z
2026-09-26T00:10:14Z,2026-09-26T02:10:14+0200,30659bdf-c36b-44db-a52f-bb96c5d8a12b,2026-09-23T14:15:00Z,2026-09-23T16:15:00+0200,8699.456,MW,NL,NL,actual_load,Actual Load,2026-09-26T00:10:16Z
2026-09-26T00:10:14Z,2026-09-26T02:10:14+0200,30659bdf-c36b-44db-a52f-bb96c5d8a12b,2026-09-23T14:30:00Z,2026-09-23T16:30:00+0200,9044.496,MW,NL,NL,actual_load,Actual Load,2026-09-26T00:10:16Z
2026-09-26T00:10:14Z,2026-09-26T02:10:14+0200,30659bdf-c36b-44db-a52f-bb96c5d8a12b,2026-09-23T14:45:00Z,2026-09-23T16:45:00+0200,9289.876,MW,NL,NL,actual_load,Actual Load,2026-09-26T00:10:16Z
2026-09-26T00:10:14Z,2026-09-26T02:10:14+0200,30659bdf-c36b-44db-a52f-bb96c5d8a12b,2026-09-23T15:00:00Z,2026-09-23T17:00:00+0200,9844.726,MW,NL,NL,actual_load,Actual Load,2026-09-26T00:10:16Z
2026-09-26T00:10:14Z,2026-09-26T02:10:14+0200,30659bdf-c36b-44db-a52f-bb96c5d8a12b,2026-09-23T15:15:00Z,2026-09-23T17:15:00+0200,10487.096,MW,NL,NL,actual_load,Actual Load,2026-09-26T00:10:16Z
2026-09-26T00:10:14Z,2026-09-26T02:10:14+0200,30659bdf-c36b-44db-a52f-bb96c5d8a12b,2026-09-23T15:30:00Z,2026-09-23T17:30:00+0200,10742.836,MW,NL,NL,actual_load,Actual Load,2026-09-26T00:10:16Z
2026-09-26T00:10:14Z,2026-09-26T02:10:14+0200,30659bdf-c36b-44db-a52f-bb96c5d8a12b,2026-09-23T15:45:00Z,2026-09-23T17:45:00+0200,10716.776,MW,NL,NL,actual_load,Actual Load,2026-09-26T00:10:16Z
2026-09-26T00:10:14Z,2026-09-26T02:10:14+0200,30659bdf-c36b-44db-a52f-bb96c5d8a12b,2026-09-23T16:00:00Z,2026-09-23T18:00:00+0200,11141.836,MW,NL,NL,actual_load,Actual Load,2026-09-26T00:10:16Z
2026-09-26T00:10:14Z,2026-09-26T02:10:14+0200,30659bdf-c36b-44db-a52f-bb96c5d8a12b,2026-09-23T16:15:00Z,2026-09-23T18:15:00+0200,10967.586,MW,NL,NL,actual_load,Actual Load,2026-09-26T00:10:16Z
2026-09-26T00:10:14Z,2026-09-26T02:10:14+0200,30659bdf-c36b-44db-a52f-bb96c5d8a12b,2026-09-23T16:30:00Z,2026-09-23T18:30:00+0200,11221.436,MW,NL,NL,actual_load,Actual Load,2026-09-26T00:10:16Z
2026-09-26T00:10:14Z,2026-09-26T02:10:14+0200,30659bdf-c36b-44db-a52f-bb96c5d8a12b,2026-09-23T16:45:00Z,2026-09-23T18:45:00+0200,11091.016,MW,NL,NL,actual_load,Actual Load,2026-09-26T00:10:16Z
2026-09-26T00:10:14Z,2026-09-26T02:10:14+0200,30659bdf-c36b-44db-a52f-bb96c5d8a12b,2026-09-23T17:00:00Z,2026-09-23T19:00:00+0200,10994.056,MW,NL,NL,actual_load,Actual Load,2026-09-26T00:10:16Z
2026-09-26T00:10:14Z,2026-09-26T02:10:14+0200,30659bdf-c36b-44db-a52f-bb96c5d8a12b,2026-09-23T17:15:00Z,2026-09-23T19:15:00+0200,11018.646,MW,NL,NL,actual_load,Actual Load,2026-09-26T00:10:16Z
2026-09-26T00:10:14Z,2026-09-26T02:10:14+0200,30659bdf-c36b-44db-a52f-bb96c5d8a12b,2026-09-23T17:30:00Z,2026-09-23T19:30:00+0200,10914.056,MW,NL,NL,actual_load,Actual Load,2026-09-26T00:10:16Z
2026-09-26T00:10:14Z,2026-09-26T02:10:14+0200,30659bdf-c36b-44db-a52f-bb96c5d8a12b,2026-09-23T17:45:00Z,2026-09-23T19:45:00+0200,10985.466,MW,NL,NL,actual_load,Actual Load,2026-09-26T00:10:16Z
2026-09-26T00:10:14Z,2026-09-26T02:10:14+0200,30659bdf-c36b-44db-a52f-bb96c5d8a12b,2026-09-23T18:00:00Z,2026-09-23T20:00:00+0200,11030.826,MW,NL,NL,actual_load,Actual Load,2026-09-26T00:10:16Z
2026-09-26T00:10:14Z,2026-09-26T02:10:14+0200,30659bdf-c36b-44db-a52f-bb96c5d8a12b,2026-09-23T18:15:00Z,2026-09-23T20:15:00+0200,11183.436,MW,NL,NL,actual_load,Actual Load,2026-09-26T00:10:16Z
2026-09-26T00:10:14Z,2026-09-26T02:10:14+0200,30659bdf-c36b-44db-a52f-bb96c5d8a12b,2026-09-23T18:30:00Z,2026-09-23T20:30:00+0200,11162.116,MW,NL,NL,actual_load,Actual Load,2026-09-26T00:10:16Z
2026-09-26T00:10:14Z,2026-09-26T02:10:14+0200,30659bdf-c36b-44db-a52f-bb96c5d8a12b,2026-09-23T18:45:00Z,2026-09-23T20:45:00+0200,11110.226,MW,NL,NL,actual_load,Actual Load,2026-09-26T00:10:16Z
2026-09-26T00:10:14Z,2026-09-26T02:10:14+0200,30659bdf-c36b-44db-a52f-bb96c5d8a12b,2026-09-23T19:00:00Z,2026-09-23T21:00:00+0200,11072.976,MW,NL,NL,actual_load,Actual Load,2026-09-26T00:10:16Z
2026-09-26T00:10:14Z,2026-09-26T02:10:14+0200,30659bdf-c36b-44db-a52f-bb96c5d8a12b,2026-09-23T19:15:00Z,2026-09-23T21:15:00+0200,10856.856,MW,NL,NL,actual_load,Actual Load,2026-09-26T00:10:16Z
2026-09-26T00:10:14Z,2026-09-26T02:10:14+0200,30659bdf-c36b-44db-a52f-bb96c5d8a12b,2026-09-23T19:30:00Z,2026-09-23T21:30:00+0200,10811.506,MW,NL,NL,actual_load,Actual Load,2026-09-26T00:10:16Z
2026-09-26T00:10:14Z,2026-09-26T02:10:14+0200,30659bdf-c36b-44db-a52f-bb96c5d8a12b,2026-09-23T19:45:00Z,2026-09-23T21:45:00+0200,10978.246,MW,NL,NL,actual_load,Actual Load,2026-09-26T00:10:16Z
2026-09-26T00:10:14Z,2026-09-26T02:10:14+0200,30659bdf-c36b-44db-a52f-bb96c5d8a12b,2026-09-23T20:00:00Z,2026-09-23T22:00:00+0200,11225.276,MW,NL,NL,actual_load,Actual Load,2026-09-26T00:10:16Z
2026-09-26T00:10:14Z,2026-09-26T02:10:14+0200,30659bdf-c36b-44db-a52f-bb96c5d8a12b,2026-09-23T20:15:00Z,2026-09-23T22:15:00+0200,11428.056,MW,NL,NL,actual_load,Actual Load,2026-09-26T00:10:16Z
2026-09-26T00:10:14Z,2026-09-26T02:10:14+0200,30659bdf-c36b-44db-a52f-bb96c5d8a12b,2026-09-23T20:30:00Z,2026-09-23T22:30:00+0200,11419.736,MW,NL,NL,actual_load,Actual Load,2026-09-26T00:10:16Z
2026-09-26T00:10:14Z,2026-09-26T02:10:14+0200,30659bdf-c36b-44db-a52f-bb96c5d8a12b,2026-09-23T20:45:00Z,2026-09-23T22:45:00+0200,11302.246,MW,NL,NL,actual_load,Actual Load,2026-09-26T00:10:16Z
2026-09-26T00:10:14Z,2026-09-26T02:10:14+0200,30659bdf-c36b-44db-a52f-bb96c5d8a12b,2026-09-23T21:00:00Z,2026-09-23T23:00:00+0200,11032.826,MW,NL,NL,actual_load,Actual Load,2026-09-26T00:10:16Z
2026-09-26T00:10:14Z,2026-09-26T02:10:14+0200,30659bdf-c36b-44db-a52f-bb96c5d8a12b,2026-09-23T21:15:00Z,2026-09-23T23:15:00+0200,10839.146,MW,NL,NL,actual_load,Actual Load,2026-09-26T00:10:16Z
2026-09-26T00:10:14Z,2026-09-26T02:10:14+0200,30659bdf-c36b-44db-a52f-bb96c5d8a12b,2026-09-23T21:30:00Z,2026-09-23T23:30:00+0200,10658.796,MW,NL,NL,actual_load,Actual Load,2026-09-26T00:10:16Z
2026-09-26T00:10:14Z,2026-09-26T02:10:14+0200,30659bdf-c36b-44db-a52f-bb96c5d8a12b,2026-09-23T21:45:00Z,2026-09-23T23:45:00+0200,10568.906,MW,NL,NL,actual_load,Actual Load,2026-09-26T00:10:16Z
2026-09-26T00:10:14Z,2026-09-26T02:10:14+0200,30659bdf-c36b-44db-a52f-bb96c5d8a12b,2026-09-23T22:00:00Z,2026-09-24T00:00:00+0200,10464.136,MW,NL,NL,actual_load,Actual Load,2026-09-26T00:10:16Z
2026-09-26T00:10:14Z,2026-09-26T02:10:14+0200,30659bdf-c36b-44db-a52f-bb96c5d8a12b,2026-09-23T22:15:00Z,2026-09-24T00:15:00+0200,10574.506,MW,NL,NL,actual_load,Actual Load,2026-09-26T00:10:16Z
2026-09-26T00:10:14Z,2026-09-26T02:10:14+0200,30659bdf-c36b-44db-a52f-bb96c5d8a12b,2026-09-23T22:30:00Z,2026-09-24T00:30:00+0200,10662.906,MW,NL,NL,actual_load,Actual Load,2026-09-26T00:10:16Z
2026-09-26T00:10:14Z,2026-09-26T02:10:14+0200,30659bdf-c36b-44db-a52f-bb96c5d8a12b,2026-09-23T22:45:00Z,2026-09-24T00:45:00+0200,10522.996,MW,NL,NL,actual_load,Actual Load,2026-09-26T00:10:16Z
2026-09-26T00:10:14Z,2026-09-26T02:10:14+0200,30659bdf-c36b-44db-a52f-bb96c5d8a12b,2026-09-23T23:00:00Z,2026-09-24T01:00:00+0200,10603.276,MW,NL,NL,actual_load,Actual Load,2026-09-26T00:10:16Z
2026-09-26T00:10:14Z,2026-09-26T02:10:14+0200,30659bdf-c36b-44db-a52f-bb96c5d8a12b,2026-09-23T23:15:00Z,2026-09-24T01:15:00+0200,10507.666,MW,NL,NL,actual_load,Actual Load,2026-09-26T00:10:16Z
2026-09-26T00:10:14Z,2026-09-26T02:10:14+0200,30659bdf-c36b-44db-a52f-bb96c5d8a12b,2026-09-23T23:30:00Z,2026-09-24T01:30:00+0200,10570.076,MW,NL,NL,actual_load,Actual Load,2026-09-26T00:10:16Z
2026-09-26T00:10:14Z,2026-09-26T02:10:14+0200,30659bdf-c36b-44db-a52f-bb96c5d8a12b,2026-09-23T23:45:00Z,2026-09-24T01:45:00+0200,10491.636,MW,NL,NL,actual_load,Actual Load,2026-09-26T00:10:16Z
2026-09-26T00:10:14Z,2026-09-26T02:10:14+0200,30659bdf-c36b-44db-a52f-bb96c5d8a12b,2026-09-24T00:00:00Z,2026-09-24T02:00:00+0200,10495.426,MW,NL,NL,actual_load,Actual Load,2026-09-26T00:10:16Z
2026-09-26T00:10:14Z,2026-09-26T02:10:14+0200,30659bdf-c36b-44db-a52f-bb96c5d8a12b,2026-09-24T00:15:00Z,2026-09-24T02:15:00+0200,10356.436,MW,NL,NL,actual_load,Actual Load,2026-09-26T00:10:16Z
2026-09-26T00:10:14Z,2026-09-26T02:10:14+0200,30659bdf-c36b-44db-a52f-bb96c5d8a12b,2026-09-24T00:30:00Z,2026-09-24T02:30:00+0200,10252.266,MW,NL,NL,actual_load,Actual Load,2026-09-26T00:10:16Z
2026-09-26T00:10:14Z,2026-09-26T02:10:14+0200,30659bdf-c36b-44db-a52f-bb96c5d8a12b,2026-09-24T00:45:00Z,2026-09-24T02:45:00+0200,10321.346,MW,NL,NL,actual_load,Actual Load,2026-09-26T00:10:16Z
2026-09-26T00:10:14Z,2026-09-26T02:10:14+0200,30659bdf-c36b-44db-a52f-bb96c5d8a12b,2026-09-24T01:00:00Z,2026-09-24T03:00:00+0200,10404.496,MW,NL,NL,actual_load,Actual Load,2026-09-26T00:10:16Z
2026-09-26T00:10:14Z,2026-09-26T02:10:14+0200,30659bdf-c36b-44db-a52f-bb96c5d8a12b,2026-09-24T01:15:00Z,2026-09-24T03:15:00+0200,10441.116,MW,NL,NL,actual_load,Actual Load,2026-09-26T00:10:16Z
2026-09-26T00:10:14Z,2026-09-26T02:10:14+0200,30659bdf-c36b-44db-a52f-bb96c5d8a12b,2026-09-24T01:30:00Z,2026-09-24T03:30:00+0200,10503.296,MW,NL,NL,actual_load,Actual Load,2026-09-26T00:10:16Z
2026-09-26T00:10:14Z,2026-09-26T02:10:14+0200,30659bdf-c36b-44db-a52f-bb96c5d8a12b,2026-09-24T01:45:00Z,2026-09-24T03:45:00+0200,10539.186,MW,NL,NL,actual_load,Actual Load,2026-09-26T00:10:16Z
2026-09-26T00:10:14Z,2026-09-26T02:10:14+0200,30659bdf-c36b-44db-a52f-bb96c5d8a12b,2026-09-24T02:00:00Z,2026-09-24T04:00:00+0200,10462.606,MW,NL,NL,actual_load,Actual Load,2026-09-26T00:10:16Z
2026-09-26T00:10:14Z,2026-09-26T02:10:14+0200,30659bdf-c36b-44db-a52f-bb96c5d8a12b,2026-09-24T02:15:00Z,2026-09-24T04:15:00+0200,10415.636,MW,NL,NL,actual_load,Actual Load,2026-09-26T00:10:16Z
2026-09-26T00:10:14Z,2026-09-26T02:10:14+0200,30659bdf-c36b-44db-a52f-bb96c5d8a12b,2026-09-24T02:30:00Z,2026-09-24T04:30:00+0200,10415.066,MW,NL,NL,actual_load,Actual Load,2026-09-26T00:10:16Z
2026-09-26T00:10:14Z,2026-09-26T02:10:14+0200,30659bdf-c36b-44db-a52f-bb96c5d8a12b,2026-09-24T02:45:00Z,2026-09-24T04:45:00+0200,10459.036,MW,NL,NL,actual_load,Actual Load,2026-09-26T00:10:16Z
2026-09-26T00:10:14Z,2026-09-26T02:10:14+0200,30659bdf-c36b-44db-a52f-bb96c5d8a12b,2026-09-24T03:00:00Z,2026-09-24T05:00:00+0200,10464.036,MW,NL,NL,actual_load,Actual Load,2026-09-26T00:10:16Z
2026-09-26T00:10:14Z,2026-09-26T02:10:14+0200,30659bdf-c36b-44db-a52f-bb96c5d8a12b,2026-09-24T03:15:00Z,2026-09-24T05:15:00+0200,10571.016,MW,NL,NL,actual_load,Actual Load,2026-09-26T00:10:16Z
2026-09-26T00:10:14Z,2026-09-26T02:10:14+0200,30659bdf-c36b-44db-a52f-bb96c5d8a12b,2026-09-24T03:30:00Z,2026-09-24T05:30:00+0200,10501.336,MW,NL,NL,actual_load,Actual Load,2026-09-26T00:10:16Z
2026-09-26T00:10:14Z,2026-09-26T02:10:14+0200,30659bdf-c36b-44db-a52f-bb96c5d8a12b,2026-09-24T03:45:00Z,2026-09-24T05:45:00+0200,10505.376,MW,NL,NL,actual_load,Actual Load,2026-09-26T00:10:16Z
2026-09-26T00:10:14Z,2026-09-26T02:10:14+0200,30659bdf-c36b-44db-a52f-bb96c5d8a12b,2026-09-24T04:00:00Z,2026-09-24T06:00:00+0200,10381.846,MW,NL,NL,actual_load,Actual Load,2026-09-26T00:10:16Z
2026-09-26T00:10:14Z,2026-09-26T02:10:14+0200,30659bdf-c36b-44db-a52f-bb96c5d8a12b,2026-09-24T04:15:00Z,2026-09-24T06:15:00+0200,10617.806,MW,NL,NL,actual_load,Actual Load,2026-09-26T00:10:16Z
2026-09-26T00:10:14Z,2026-09-26T02:10:14+0200,30659bdf-c36b-44db-a52f-bb96c5d8a12b,2026-09-24T04:30:00Z,2026-09-24T06:30:00+0200,10619.446,MW,NL,NL,actual_load,Actual Load,2026-09-26T00:10:16Z
2026-09-26T00:10:14Z,2026-09-26T02:10:14+0200,30659bdf-c36b-44db-a52f-bb96c5d8a12b,2026-09-24T04:45:00Z,2026-09-24T06:45:00+0200,10541.556,MW,NL,NL,actual_load,Actual Load,2026-09-26T00:10:16Z
2026-09-26T00:10:14Z,2026-09-26T02:10:14+0200,30659bdf-c36b-44db-a52f-bb96c5d8a12b,2026-09-24T05:00:00Z,2026-09-24T07:00:00+0200,10657.316,MW,NL,NL,actual_load,Actual Load,2026-09-26T00:10:16Z
2026-09-26T00:10:14Z,2026-09-26T02:10:14+0200,30659bdf-c36b-44db-a52f-bb96c5d8a12b,2026-09-24T05:15:00Z,2026-09-24T07:15:00+0200,11160.166,MW,NL,NL,actual_load,Actual Load,2026-09-26T00:10:16Z
2026-09-26T00:10:14Z,2026-09-26T02:10:14+0200,30659bdf-c36b-44db-a52f-bb96c5d8a12b,2026-09-24T05:30:00Z,2026-09-24T07:30:00+0200,11449.006,MW,NL,NL,actual_load,Actual Load,2026-09-26T00:10:16Z
2026-09-26T00:10:14Z,2026-09-26T02:10:14+0200,30659bdf-c36b-44db-a52f-bb96c5d8a12b,2026-09-24T05:45:00Z,2026-09-24T07:45:00+0200,11593.816,MW,NL,NL,actual_load,Actual Load,2026-09-26T00:10:16Z
2026-09-26T00:10:14Z,2026-09-26T02:10:14+0200,30659bdf-c36b-44db-a52f-bb96c5d8a12b,2026-09-24T06:00:00Z,2026-09-24T08:00:00+0200,11625.606,MW,NL,NL,actual_load,Actual Load,2026-09-26T00:10:16Z
2026-09-26T00:10:14Z,2026-09-26T02:10:14+0200,30659bdf-c36b-44db-a52f-bb96c5d8a12b,2026-09-24T06:15:00Z,2026-09-24T08:15:00+0200,11467.886,MW,NL,NL,actual_load,Actual Load,2026-09-26T00:10:16Z
2026-09-26T00:10:14Z,2026-09-26T02:10:14+0200,30659bdf-c36b-44db-a52f-bb96c5d8a12b,2026-09-24T06:30:00Z,2026-09-24T08:30:00+0200,11272.956,MW,NL,NL,actual_load,Actual Load,2026-09-26T00:10:16Z
2026-09-26T00:10:14Z,2026-09-26T02:10:14+0200,30659bdf-c36b-44db-a52f-bb96c5d8a12b,2026-09-24T06:45:00Z,2026-09-24T08:45:00+0200,10911.596,MW,NL,NL,actual_load,Actual Load,2026-09-26T00:10:16Z
2026-09-26T00:10:14Z,2026-09-26T02:10:14+0200,30659bdf-c36b-44db-a52f-bb96c5d8a12b,2026-09-24T07:00:00Z,2026-09-24T09:00:00+0200,10476.476,MW,NL,NL,actual_load,Actual Load,2026-09-26T00:10:16Z
2026-09-26T00:10:14Z,2026-09-26T02:10:14+0200,30659bdf-c36b-44db-a52f-bb96c5d8a12b,2026-09-24T07:15:00Z,2026-09-24T09:15:00+0200,9937.226,MW,NL,NL,actual_load,Actual Load,2026-09-26T00:10:16Z
2026-09-26T00:10:14Z,2026-09-26T02:10:14+0200,30659bdf-c36b-44db-a52f-bb96c5d8a12b,2026-09-24T07:30:00Z,2026-09-24T09:30:00+0200,9625.576,MW,NL,NL,actual_load,Actual Load,2026-09-26T00:10:16Z
2026-09-26T00:10:14Z,2026-09-26T02:10:14+0200,30659bdf-c36b-44db-a52f-bb96c5d8a12b,2026-09-24T07:45:00Z,2026-09-24T09:45:00+0200,9171.596,MW,NL,NL,actual_load,Actual Load,2026-09-26T00:10:16Z
2026-09-26T00:10:14Z,2026-09-26T02:10:14+0200,30659bdf-c36b-44db-a52f-bb96c5d8a12b,2026-09-24T08:00:00Z,2026-09-24T10:00:00+0200,8736.356,MW,NL,NL,actual_load,Actual Load,2026-09-26T00:10:16Z
2026-09-26T00:10:14Z,2026-09-26T02:10:14+0200,30659bdf-c36b-44db-a52f-bb96c5d8a12b,2026-09-24T08:15:00Z,2026-09-24T10:15:00+0200,8260.726,MW,NL,NL,actual_load,Actual Load,2026-09-26T00:10:16Z
2026-09-26T00:10:14Z,2026-09-26T02:10:14+0200,30659bdf-c36b-44db-a52f-bb96c5d8a12b,2026-09-24T08:30:00Z,2026-09-24T10:30:00+0200,7584.506,MW,NL,NL,actual_load,Actual Load,2026-09-26T00:10:16Z
2026-09-26T00:10:14Z,2026-09-26T02:10:14+0200,30659bdf-c36b-44db-a52f-bb96c5d8a12b,2026-09-24T08:45:00Z,2026-09-24T10:45:00+0200,7191.856,MW,NL,NL,actual_load,Actual Load,2026-09-26T00:10:16Z
2026-09-26T00:10:14Z,2026-09-26T02:10:14+0200,30659bdf-c36b-44db-a52f-bb96c5d8a12b,2026-09-24T09:00:00Z,2026-09-24T11:00:00+0200,6987.196,MW,NL,NL,actual_load,Actual Load,2026-09-26T00:10:16Z
2026-09-26T00:10:14Z,2026-09-26T02:10:14+0200,30659bdf-c36b-44db-a52f-bb96c5d8a12b,2026-09-24T09:15:00Z,2026-09-24T11:15:00+0200,6471.616,MW,NL,NL,actual_load,Actual Load,2026-09-26T00:10:16Z
2026-09-26T00:10:14Z,2026-09-26T02:10:14+0200,30659bdf-c36b-44db-a52f-bb96c5d8a12b,2026-09-24T09:30:00Z,2026-09-24T11:30:00+0200,6106.086,MW,NL,NL,actual_load,Actual Load,2026-09-26T00:10:16Z
2026-09-26T00:10:14Z,2026-09-26T02:10:14+0200,30659bdf-c36b-44db-a52f-bb96c5d8a12b,2026-09-24T09:45:00Z,2026-09-24T11:45:00+0200,5722.986,MW,NL,NL,actual_load,Actual Load,2026-09-26T00:10:16Z
2026-09-26T00:10:14Z,2026-09-26T02:10:14+0200,30659bdf-c36b-44db-a52f-bb96c5d8a12b,2026-09-24T10:00:00Z,2026-09-24T12:00:00+0200,5968.736,MW,NL,NL,actual_load,Actual Load,2026-09-26T00:10:16Z
2026-09-26T00:10:14Z,2026-09-26T02:10:14+0200,30659bdf-c36b-44db-a52f-bb96c5d8a12b,2026-09-24T10:15:00Z,2026-09-24T12:15:00+0200,5796.946,MW,NL,NL,actual_load,Actual Load,2026-09-26T00:10:16Z
2026-09-26T00:10:14Z,2026-09-26T02:10:14+0200,30659bdf-c36b-44db-a52f-bb96c5d8a12b,2026-09-24T10:30:00Z,2026-09-24T12:30:00+0200,5507.206,MW,NL,NL,actual_load,Actual Load,2026-09-26T00:10:16Z
2026-09-26T00:10:14Z,2026-09-26T02:10:14+0200,30659bdf-c36b-44db-a52f-bb96c5d8a12b,2026-09-24T10:45:00Z,2026-09-24T12:45:00+0200,5076.266,MW,NL,NL,actual_load,Actual Load,2026-09-26T00:10:16Z
2026-09-26T00:10:14Z,2026-09-26T02:10:14+0200,30659bdf-c36b-44db-a52f-bb96c5d8a12b,2026-09-24T11:00:00Z,2026-09-24T13:00:00+0200,4875.546,MW,NL,NL,actual_load,Actual Load,2026-09-26T00:10:16Z
2026-09-26T00:10:14Z,2026-09-26T02:10:14+0200,30659bdf-c36b-44db-a52f-bb96c5d8a12b,2026-09-24T11:15:00Z,2026-09-24T13:15:00+0200,4914.706,MW,NL,NL,actual_load,Actual Load,2026-09-26T00:10:16Z
2026-09-26T00:10:14Z,2026-09-26T02:10:14+0200,30659bdf-c36b-44db-a52f-bb96c5d8a12b,2026-09-24T11:30:00Z,2026-09-24T13:30:00+0200,4933.366,MW,NL,NL,actual_load,Actual Load,2026-09-26T00:10:16Z
2026-09-26T00:10:14Z,2026-09-26T02:10:14+0200,30659bdf-c36b-44db-a52f-bb96c5d8a12b,2026-09-24T11:45:00Z,2026-09-24T13:45:00+0200,4816.586,MW,NL,NL,actual_load,Actual Load,2026-09-26T00:10:16Z
2026-09-26T00:10:14Z,2026-09-26T02:10:14+0200,30659bdf-c36b-44db-a52f-bb96c5d8a12b,2026-09-24T12:00:00Z,2026-09-24T14:00:00+0200,4860.706,MW,NL,NL,actual_load,Actual Load,2026-09-26T00:10:16Z
2026-09-26T00:10:14Z,2026-09-26T02:10:14+0200,30659bdf-c36b-44db-a52f-bb96c5d8a12b,2026-09-24T12:15:00Z,2026-09-24T14:15:00+0200,4908.496,MW,NL,NL,actual_load,Actual Load,2026-09-26T00:10:16Z
2026-09-26T00:10:14Z,2026-09-26T02:10:14+0200,30659bdf-c36b-44db-a52f-bb96c5d8a12b,2026-09-24T12:30:00Z,2026-09-24T14:30:00+0200,4934.996,MW,NL,NL,actual_load,Actual Load,2026-09-26T00:10:16Z
2026-09-26T00:10:14Z,2026-09-26T02:10:14+0200,30659bdf-c36b-44db-a52f-bb96c5d8a12b,2026-09-24T12:45:00Z,2026-09-24T14:45:00+0200,4902.066,MW,NL,NL,actual_load,Actual Load,2026-09-26T00:10:16Z
2026-09-26T00:10:14Z,2026-09-26T02:10:14+0200,30659bdf-c36b-44db-a52f-bb96c5d8a12b,2026-09-24T13:00:00Z,2026-09-24T15:00:00+0200,4987.516,MW,NL,NL,actual_load,Actual Load,2026-09-26T00:10:16Z
2026-09-26T00:10:14Z,2026-09-26T02:10:14+0200,30659bdf-c36b-44db-a52f-bb96c5d8a12b,2026-09-24T13:15:00Z,2026-09-24T15:15:00+0200,5160.396,MW,NL,NL,actual_load,Actual Load,2026-09-26T00:10:16Z
2026-09-26T00:10:14Z,2026-09-26T02:10:14+0200,30659bdf-c36b-44db-a52f-bb96c5d8a12b,2026-09-24T13:30:00Z,2026-09-24T15:30:00+0200,5339.836,MW,NL,NL,actual_load,Actual Load,2026-09-26T00:10:16Z
2026-09-26T00:10:14Z,2026-09-26T02:10:14+0200,30659bdf-c36b-44db-a52f-bb96c5d8a12b,2026-09-24T13:45:00Z,2026-09-24T15:45:00+0200,5548.326,MW,NL,NL,actual_load,Actual Load,2026-09-26T00:10:16Z
2026-09-26T00:10:14Z,2026-09-26T02:10:14+0200,30659bdf-c36b-44db-a52f-bb96c5d8a12b,2026-09-24T14:00:00Z,2026-09-24T16:00:00+0200,5959.396,MW,NL,NL,actual_load,Actual Load,2026-09-26T00:10:16Z
2026-09-26T00:10:14Z,2026-09-26T02:10:14+0200,30659bdf-c36b-44db-a52f-bb96c5d8a12b,2026-09-24T14:15:00Z,2026-09-24T16:15:00+0200,6359.276,MW,NL,NL,actual_load,Actual Load,2026-09-26T00:10:16Z
2026-09-26T00:10:14Z,2026-09-26T02:10:14+0200,30659bdf-c36b-44db-a52f-bb96c5d8a12b,2026-09-24T14:30:00Z,2026-09-24T16:30:00+0200,6786.746,MW,NL,NL,actual_load,Actual Load,2026-09-26T00:10:16Z
2026-09-26T00:10:14Z,2026-09-26T02:10:14+0200,30659bdf-c36b-44db-a52f-bb96c5d8a12b,2026-09-24T14:45:00Z,2026-09-24T16:45:00+0200,7188.876,MW,NL,NL,actual_load,Actual Load,2026-09-26T00:10:16Z
2026-09-26T00:10:14Z,2026-09-26T02:10:14+0200,30659bdf-c36b-44db-a52f-bb96c5d8a12b,2026-09-24T15:00:00Z,2026-09-24T17:00:00+0200,7446.566,MW,NL,NL,actual_load,Actual Load,2026-09-26T00:10:16Z
2026-09-26T00:10:14Z,2026-09-26T02:10:14+0200,30659bdf-c36b-44db-a52f-bb96c5d8a12b,2026-09-24T15:15:00Z,2026-09-24T17:15:00+0200,8407.776,MW,NL,NL,actual_load,Actual Load,2026-09-26T00:10:16Z
2026-09-26T00:10:14Z,2026-09-26T02:10:14+0200,30659bdf-c36b-44db-a52f-bb96c5d8a12b,2026-09-24T15:30:00Z,2026-09-24T17:30:00+0200,9269.936,MW,NL,NL,actual_load,Actual Load,2026-09-26T00:10:16Z
2026-09-26T00:10:14Z,2026-09-26T02:10:14+0200,30659bdf-c36b-44db-a52f-bb96c5d8a12b,2026-09-24T15:45:00Z,2026-09-24T17:45:00+0200,9409.886,MW,NL,NL,actual_load,Actual Load,2026-09-26T00:10:16Z
2026-09-26T00:10:14Z,2026-09-26T02:10:14+0200,30659bdf-c36b-44db-a52f-bb96c5d8a12b,2026-09-24T16:00:00Z,2026-09-24T18:00:00+0200,9777.326,MW,NL,NL,actual_load,Actual Load,2026-09-26T00:10:16Z
2026-09-26T00:10:14Z,2026-09-26T02:10:14+0200,30659bdf-c36b-44db-a52f-bb96c5d8a12b,2026-09-24T16:15:00Z,2026-09-24T18:15:00+0200,10302.546,MW,NL,NL,actual_load,Actual Load,2026-09-26T00:10:16Z
2026-09-26T00:10:14Z,2026-09-26T02:10:14+0200,30659bdf-c36b-44db-a52f-bb96c5d8a12b,2026-09-24T16:30:00Z,2026-09-24T18:30:00+0200,10523.286,MW,NL,NL,actual_load,Actual Load,2026-09-26T00:10:16Z
2026-09-26T00:10:14Z,2026-09-26T02:10:14+0200,30659bdf-c36b-44db-a52f-bb96c5d8a12b,2026-09-24T16:45:00Z,2026-09-24T18:45:00+0200,10523.316,MW,NL,NL,actual_load,Actual Load,2026-09-26T00:10:16Z
2026-09-26T00:10:14Z,2026-09-26T02:10:14+0200,30659bdf-c36b-44db-a52f-bb96c5d8a12b,2026-09-24T17:00:00Z,2026-09-24T19:00:00+0200,10471.976,MW,NL,NL,actual_load,Actual Load,2026-09-26T00:10:16Z
2026-09-26T00:10:14Z,2026-09-26T02:10:14+0200,30659bdf-c36b-44db-a52f-bb96c5d8a12b,2026-09-24T17:15:00Z,2026-09-24T19:15:00+0200,10806.136,MW,NL,NL,actual_load,Actual Load,2026-09-26T00:10:16Z
2026-09-26T00:10:14Z,2026-09-26T02:10:14+0200,30659bdf-c36b-44db-a52f-bb96c5d8a12b,2026-09-24T17:30:00Z,2026-09-24T19:30:00+0200,11022.916,MW,NL,NL,actual_load,Actual Load,2026-09-26T00:10:16Z
2026-09-26T00:10:14Z,2026-09-26T02:10:14+0200,30659bdf-c36b-44db-a52f-bb96c5d8a12b,2026-09-24T17:45:00Z,2026-09-24T19:45:00+0200,11127.886,MW,NL,NL,actual_load,Actual Load,2026-09-26T00:10:16Z
2026-09-26T00:10:14Z,2026-09-26T02:10:14+0200,30659bdf-c36b-44db-a52f-bb96c5d8a12b,2026-09-24T18:00:00Z,2026-09-24T20:00:00+0200,11289.686,MW,NL,NL,actual_load,Actual Load,2026-09-26T00:10:16Z
2026-09-26T00:10:14Z,2026-09-26T02:10:14+0200,30659bdf-c36b-44db-a52f-bb96c5d8a12b,2026-09-24T18:15:00Z,2026-09-24T20:15:00+0200,11380.606,MW,NL,NL,actual_load,Actual Load,2026-09-26T00:10:16Z
2026-09-26T00:10:14Z,2026-09-26T02:10:14+0200,30659bdf-c36b-44db-a52f-bb96c5d8a12b,2026-09-24T18:30:00Z,2026-09-24T20:30:00+0200,11508.476,MW,NL,NL,actual_load,Actual Load,2026-09-26T00:10:16Z
2026-09-26T00:10:14Z,2026-09-26T02:10:14+0200,30659bdf-c36b-44db-a52f-bb96c5d8a12b,2026-09-24T18:45:00Z,2026-09-24T20:45:00+0200,11471.326,MW,NL,NL,actual_load,Actual Load,2026-09-26T00:10:16Z
2026-09-26T00:10:14Z,2026-09-26T02:10:14+0200,30659bdf-c36b-44db-a52f-bb96c5d8a12b,2026-09-24T19:00:00Z,2026-09-24T21:00:00+0200,11670.966,MW,NL,NL,actual_load,Actual Load,2026-09-26T00:10:16Z
2026-09-26T00:10:14Z,2026-09-26T02:10:14+0200,30659bdf-c36b-44db-a52f-bb96c5d8a12b,2026-09-24T19:15:00Z,2026-09-24T21:15:00+0200,11621.026,MW,NL,NL,actual_load,Actual Load,2026-09-26T00:10:16Z
2026-09-26T00:10:14Z,2026-09-26T02:10:14+0200,30659bdf-c36b-44db-a52f-bb96c5d8a12b,2026-09-24T19:30:00Z,2026-09-24T21:30:00+0200,11352.816,MW,NL,NL,actual_load,Actual Load,2026-09-26T00:10:16Z
2026-09-26T00:10:14Z,2026-09-26T02:10:14+0200,30659bdf-c36b-44db-a52f-bb96c5d8a12b,2026-09-24T19:45:00Z,2026-09-24T21:45:00+0200,11245.986,MW,NL,NL,actual_load,Actual Load,2026-09-26T00:10:16Z
2026-09-26T00:10:14Z,2026-09-26T02:10:14+0200,30659bdf-c36b-44db-a52f-bb96c5d8a12b,2026-09-24T20:00:00Z,2026-09-24T22:00:00+0200,11203.816,MW,NL,NL,actual_load,Actual Load,2026-09-26T00:10:16Z
2026-09-26T00:10:14Z,2026-09-26T02:10:14+0200,30659bdf-c36b-44db-a52f-bb96c5d8a12b,2026-09-24T20:15:00Z,2026-09-24T22:15:00+0200,11008.226,MW,NL,NL,actual_load,Actual Load,2026-09-26T00:10:16Z
2026-09-26T00:10:14Z,2026-09-26T02:10:14+0200,30659bdf-c36b-44db-a52f-bb96c5d8a12b,2026-09-24T20:30:00Z,2026-09-24T22:30:00+0200,11019.506,MW,NL,NL,actual_load,Actual Load,2026-09-26T00:10:16Z
2026-09-26T00:10:14Z,2026-09-26T02:10:14+0200,30659bdf-c36b-44db-a52f-bb96c5d8a12b,2026-09-24T20:45:00Z,2026-09-24T22:45:00+0200,10856.216,MW,NL,NL,actual_load,Actual Load,2026-09-26T00:10:16Z
2026-09-26T00:10:14Z,2026-09-26T02:10:14+0200,30659bdf-c36b-44db-a52f-bb96c5d8a12b,2026-09-24T21:00:00Z,2026-09-24T23:00:00+0200,10830.236,MW,NL,NL,actual_load,Actual Load,2026-09-26T00:10:16Z
2026-09-26T00:10:14Z,2026-09-26T02:10:14+0200,30659bdf-c36b-44db-a52f-bb96c5d8a12b,2026-09-24T21:15:00Z,2026-09-24T23:15:00+0200,10205.836,MW,NL,NL,actual_load,Actual Load,2026-09-26T00:10:16Z
2026-09-26T00:10:14Z,2026-09-26T02:10:14+0200,30659bdf-c36b-44db-a52f-bb96c5d8a12b,2026-09-24T21:30:00Z,2026-09-24T23:30:00+0200,10102.256,MW,NL,NL,actual_load,Actual Load,2026-09-26T00:10:16Z
2026-09-26T00:10:14Z,2026-09-26T02:10:14+0200,30659bdf-c36b-44db-a52f-bb96c5d8a12b,2026-09-24T21:45:00Z,2026-09-24T23:45:00+0200,10127.226,MW,NL,NL,actual_load,Actual Load,2026-09-26T00:10:16Z
2026-09-26T00:10:14Z,2026-09-26T02:10:14+0200,30659bdf-c36b-44db-a52f-bb96c5d8a12b,2026-09-24T22:00:00Z,2026-09-25T00:00:00+0200,9990.196,MW,NL,NL,actual_load,Actual Load,2026-09-26T00:10:16Z
2026-09-26T00:10:14Z,2026-09-26T02:10:14+0200,30659bdf-c36b-44db-a52f-bb96c5d8a12b,2026-09-24T22:15:00Z,2026-09-25T00:15:00+0200,10197.426,MW,NL,NL,actual_load,Actual Load,2026-09-26T00:10:16Z
2026-09-26T00:10:14Z,2026-09-26T02:10:14+0200,30659bdf-c36b-44db-a52f-bb96c5d8a12b,2026-09-24T22:30:00Z,2026-09-25T00:30:00+0200,10366.766,MW,NL,NL,actual_load,Actual Load,2026-09-26T00:10:16Z
2026-09-26T00:10:14Z,2026-09-26T02:10:14+0200,30659bdf-c36b-44db-a52f-bb96c5d8a12b,2026-09-24T22:45:00Z,2026-09-25T00:45:00+0200,10516.736,MW,NL,NL,actual_load,Actual Load,2026-09-26T00:10:16Z
2026-09-26T00:10:14Z,2026-09-26T02:10:14+0200,30659bdf-c36b-44db-a52f-bb96c5d8a12b,2026-09-24T23:00:00Z,2026-09-25T01:00:00+0200,10527.146,MW,NL,NL,actual_load,Actual Load,2026-09-26T00:10:16Z
2026-09-26T00:10:14Z,2026-09-26T02:10:14+0200,30659bdf-c36b-44db-a52f-bb96c5d8a12b,2026-09-24T23:15:00Z,2026-09-25T01:15:00+0200,10462.106,MW,NL,NL,actual_load,Actual Load,2026-09-26T00:10:16Z
2026-09-26T00:10:14Z,2026-09-26T02:10:14+0200,30659bdf-c36b-44db-a52f-bb96c5d8a12b,2026-09-24T23:30:00Z,2026-09-25T01:30:00+0200,10423.896,MW,NL,NL,actual_load,Actual Load,2026-09-26T00:10:16Z
2026-09-26T00:10:14Z,2026-09-26T02:10:14+0200,30659bdf-c36b-44db-a52f-bb96c5d8a12b,2026-09-24T23:45:00Z,2026-09-25T01:45:00+0200,10401.616,MW,NL,NL,actual_load,Actual Load,2026-09-26T00:10:16Z
2026-09-26T00:10:14Z,2026-09-26T02:10:14+0200,30659bdf-c36b-44db-a52f-bb96c5d8a12b,2026-09-25T00:00:00Z,2026-09-25T02:00:00+0200,10313.506,MW,NL,NL,actual_load,Actual Load,2026-09-26T00:10:16Z
2026-09-26T00:10:14Z,2026-09-26T02:10:14+0200,30659bdf-c36b-44db-a52f-bb96c5d8a12b,2026-09-25T00:15:00Z,2026-09-25T02:15:00+0200,10191.366,MW,NL,NL,actual_load,Actual Load,2026-09-26T00:10:16Z
2026-09-26T00:10:14Z,2026-09-26T02:10:14+0200,30659bdf-c36b-44db-a52f-bb96c5d8a12b,2026-09-25T00:30:00Z,2026-09-25T02:30:00+0200,10054.156,MW,NL,NL,actual_load,Actual Load,2026-09-26T00:10:16Z
2026-09-26T00:10:14Z,2026-09-26T02:10:14+0200,30659bdf-c36b-44db-a52f-bb96c5d8a12b,2026-09-25T00:45:00Z,2026-09-25T02:45:00+0200,10064.806,MW,NL,NL,actual_load,Actual Load,2026-09-26T00:10:16Z
2026-09-26T00:10:14Z,2026-09-26T02:10:14+0200,30659bdf-c36b-44db-a52f-bb96c5d8a12b,2026-09-25T01:00:00Z,2026-09-25T03:00:00+0200,10116.556,MW,NL,NL,actual_load,Actual Load,2026-09-26T00:10:16Z
2026-09-26T00:10:14Z,2026-09-26T02:10:14+0200,30659bdf-c36b-44db-a52f-bb96c5d8a12b,2026-09-25T01:15:00Z,2026-09-25T03:15:00+0200,9878.646,MW,NL,NL,actual_load,Actual Load,2026-09-26T00:10:16Z
2026-09-26T00:10:14Z,2026-09-26T02:10:14+0200,30659bdf-c36b-44db-a52f-bb96c5d8a12b,2026-09-25T01:30:00Z,2026-09-25T03:30:00+0200,9821.946,MW,NL,NL,actual_load,Actual Load,2026-09-26T00:10:16Z
2026-09-26T00:10:14Z,2026-09-26T02:10:14+0200,30659bdf-c36b-44db-a52f-bb96c5d8a12b,2026-09-25T01:45:00Z,2026-09-25T03:45:00+0200,9835.476,MW,NL,NL,actual_load,Actual Load,2026-09-26T00:10:16Z
2026-09-26T00:10:14Z,2026-09-26T02:10:14+0200,30659bdf-c36b-44db-a52f-bb96c5d8a12b,2026-09-25T02:00:00Z,2026-09-25T04:00:00+0200,9935.626,MW,NL,NL,actual_load,Actual Load,2026-09-26T00:10:16Z
2026-09-26T00:10:14Z,2026-09-26T02:10:14+0200,30659bdf-c36b-44db-a52f-bb96c5d8a12b,2026-09-25T02:15:00Z,2026-09-25T04:15:00+0200,9838.606,MW,NL,NL,actual_load,Actual Load,2026-09-26T00:10:16Z
2026-09-26T00:10:14Z,2026-09-26T02:10:14+0200,30659bdf-c36b-44db-a52f-bb96c5d8a12b,2026-09-25T02:30:00Z,2026-09-25T04:30:00+0200,9772.436,MW,NL,NL,actual_load,Actual Load,2026-09-26T00:10:16Z
2026-09-26T00:10:14Z,2026-09-26T02:10:14+0200,30659bdf-c36b-44db-a52f-bb96c5d8a12b,2026-09-25T02:45:00Z,2026-09-25T04:45:00+0200,9896.346,MW,NL,NL,actual_load,Actual Load,2026-09-26T00:10:16Z
2026-09-26T00:10:14Z,2026-09-26T02:10:14+0200,30659bdf-c36b-44db-a52f-bb96c5d8a12b,2026-09-25T03:00:00Z,2026-09-25T05:00:00+0200,9855.186,MW,NL,NL,actual_load,Actual Load,2026-09-26T00:10:16Z
2026-09-26T00:10:14Z,2026-09-26T02:10:14+0200,30659bdf-c36b-44db-a52f-bb96c5d8a12b,2026-09-25T03:15:00Z,2026-09-25T05:15:00+0200,9962.796,MW,NL,NL,actual_load,Actual Load,2026-09-26T00:10:16Z
2026-09-26T00:10:14Z,2026-09-26T02:10:14+0200,30659bdf-c36b-44db-a52f-bb96c5d8a12b,2026-09-25T03:30:00Z,2026-09-25T05:30:00+0200,10011.186,MW,NL,NL,actual_load,Actual Load,2026-09-26T00:10:16Z
2026-09-26T00:10:14Z,2026-09-26T02:10:14+0200,30659bdf-c36b-44db-a52f-bb96c5d8a12b,2026-09-25T03:45:00Z,2026-09-25T05:45:00+0200,9943.356,MW,NL,NL,actual_load,Actual Load,2026-09-26T00:10:16Z
2026-09-26T00:10:14Z,2026-09-26T02:10:14+0200,30659bdf-c36b-44db-a52f-bb96c5d8a12b,2026-09-25T04:00:00Z,2026-09-25T06:00:00+0200,9850.936,MW,NL,NL,actual_load,Actual Load,2026-09-26T00:10:16Z
2026-09-26T00:10:14Z,2026-09-26T02:10:14+0200,30659bdf-c36b-44db-a52f-bb96c5d8a12b,2026-09-25T04:15:00Z,2026-09-25T06:15:00+0200,9904.566,MW,NL,NL,actual_load,Actual Load,2026-09-26T00:10:16Z
2026-09-26T00:10:14Z,2026-09-26T02:10:14+0200,30659bdf-c36b-44db-a52f-bb96c5d8a12b,2026-09-25T04:30:00Z,2026-09-25T06:30:00+0200,10052.836,MW,NL,NL,actual_load,Actual Load,2026-09-26T00:10:16Z
2026-09-26T00:10:14Z,2026-09-26T02:10:14+0200,30659bdf-c36b-44db-a52f-bb96c5d8a12b,2026-09-25T04:45:00Z,2026-09-25T06:45:00+0200,10254.136,MW,NL,NL,actual_load,Actual Load,2026-09-26T00:10:16Z
2026-09-26T00:10:14Z,2026-09-26T02:10:14+0200,30659bdf-c36b-44db-a52f-bb96c5d8a12b,2026-09-25T05:00:00Z,2026-09-25T07:00:00+0200,10340.746,MW,NL,NL,actual_load,Actual Load,2026-09-26T00:10:16Z
2026-09-26T00:10:14Z,2026-09-26T02:10:14+0200,30659bdf-c36b-44db-a52f-bb96c5d8a12b,2026-09-25T05:15:00Z,2026-09-25T07:15:00+0200,10729.676,MW,NL,NL,actual_load,Actual Load,2026-09-26T00:10:16Z
2026-09-26T00:10:14Z,2026-09-26T02:10:14+0200,30659bdf-c36b-44db-a52f-bb96c5d8a12b,2026-09-25T05:30:00Z,2026-09-25T07:30:00+0200,10915.276,MW,NL,NL,actual_load,Actual Load,2026-09-26T00:10:16Z
2026-09-26T00:10:14Z,2026-09-26T02:10:14+0200,30659bdf-c36b-44db-a52f-bb96c5d8a12b,2026-09-25T05:45:00Z,2026-09-25T07:45:00+0200,10964.996,MW,NL,NL,actual_load,Actual Load,2026-09-26T00:10:16Z
2026-09-26T00:10:14Z,2026-09-26T02:10:14+0200,30659bdf-c36b-44db-a52f-bb96c5d8a12b,2026-09-25T06:00:00Z,2026-09-25T08:00:00+0200,10945.406,MW,NL,NL,actual_load,Actual Load,2026-09-26T00:10:16Z
2026-09-26T00:10:14Z,2026-09-26T02:10:14+0200,30659bdf-c36b-44db-a52f-bb96c5d8a12b,2026-09-25T06:15:00Z,2026-09-25T08:15:00+0200,10483.996,MW,NL,NL,actual_load,Actual Load,2026-09-26T00:10:16Z
2026-09-26T00:10:14Z,2026-09-26T02:10:14+0200,30659bdf-c36b-44db-a52f-bb96c5d8a12b,2026-09-25T06:30:00Z,2026-09-25T08:30:00+0200,10243.866,MW,NL,NL,actual_load,Actual Load,2026-09-26T00:10:16Z
2026-09-26T00:10:14Z,2026-09-26T02:10:14+0200,30659bdf-c36b-44db-a52f-bb96c5d8a12b,2026-09-25T06:45:00Z,2026-09-25T08:45:00+0200,9964.826,MW,NL,NL,actual_load,Actual Load,2026-09-26T00:10:16Z
2026-09-26T00:10:14Z,2026-09-26T02:10:14+0200,30659bdf-c36b-44db-a52f-bb96c5d8a12b,2026-09-25T07:00:00Z,2026-09-25T09:00:00+0200,9768.476,MW,NL,NL,actual_load,Actual Load,2026-09-26T00:10:16Z
2026-09-26T00:10:14Z,2026-09-26T02:10:14+0200,30659bdf-c36b-44db-a52f-bb96c5d8a12b,2026-09-25T07:15:00Z,2026-09-25T09:15:00+0200,9117.146,MW,NL,NL,actual_load,Actual Load,2026-09-26T00:10:16Z
2026-09-26T00:10:14Z,2026-09-26T02:10:14+0200,30659bdf-c36b-44db-a52f-bb96c5d8a12b,2026-09-25T07:30:00Z,2026-09-25T09:30:00+0200,8613.776,MW,NL,NL,actual_load,Actual Load,2026-09-26T00:10:16Z
2026-09-26T00:10:14Z,2026-09-26T02:10:14+0200,30659bdf-c36b-44db-a52f-bb96c5d8a12b,2026-09-25T07:45:00Z,2026-09-25T09:45:00+0200,8091.316,MW,NL,NL,actual_load,Actual Load,2026-09-26T00:10:16Z
2026-09-26T00:10:14Z,2026-09-26T02:10:14+0200,30659bdf-c36b-44db-a52f-bb96c5d8a12b,2026-09-25T08:00:00Z,2026-09-25T10:00:00+0200,7825.926,MW,NL,NL,actual_load,Actual Load,2026-09-26T00:10:16Z
2026-09-26T00:10:14Z,2026-09-26T02:10:14+0200,30659bdf-c36b-44db-a52f-bb96c5d8a12b,2026-09-25T08:15:00Z,2026-09-25T10:15:00+0200,7524.416,MW,NL,NL,actual_load,Actual Load,2026-09-26T00:10:16Z
2026-09-26T00:10:14Z,2026-09-26T02:10:14+0200,30659bdf-c36b-44db-a52f-bb96c5d8a12b,2026-09-25T08:30:00Z,2026-09-25T10:30:00+0200,7028.246,MW,NL,NL,actual_load,Actual Load,2026-09-26T00:10:16Z
2026-09-26T00:10:14Z,2026-09-26T02:10:14+0200,30659bdf-c36b-44db-a52f-bb96c5d8a12b,2026-09-25T08:45:00Z,2026-09-25T10:45:00+0200,6403.086,MW,NL,NL,actual_load,Actual Load,2026-09-26T00:10:16Z
2026-09-26T00:10:14Z,2026-09-26T02:10:14+0200,30659bdf-c36b-44db-a52f-bb96c5d8a12b,2026-09-25T09:00:00Z,2026-09-25T11:00:00+0200,5974.736,MW,NL,NL,actual_load,Actual Load,2026-09-26T00:10:16Z
2026-09-26T00:10:14Z,2026-09-26T02:10:14+0200,30659bdf-c36b-44db-a52f-bb96c5d8a12b,2026-09-25T09:15:00Z,2026-09-25T11:15:00+0200,5591.076,MW,NL,NL,actual_load,Actual Load,2026-09-26T00:10:16Z
2026-09-26T00:10:14Z,2026-09-26T02:10:14+0200,30659bdf-c36b-44db-a52f-bb96c5d8a12b,2026-09-25T09:30:00Z,2026-09-25T11:30:00+0200,5140.496,MW,NL,NL,actual_load,Actual Load,2026-09-26T00:10:16Z
2026-09-26T00:10:14Z,2026-09-26T02:10:14+0200,30659bdf-c36b-44db-a52f-bb96c5d8a12b,2026-09-25T09:45:00Z,2026-09-25T11:45:00+0200,4738.776,MW,NL,NL,actual_load,Actual Load,2026-09-26T00:10:16Z
2026-09-26T00:10:14Z,2026-09-26T02:10:14+0200,30659bdf-c36b-44db-a52f-bb96c5d8a12b,2026-09-25T10:00:00Z,2026-09-25T12:00:00+0200,4324.606,MW,NL,NL,actual_load,Actual Load,2026-09-26T00:10:16Z
2026-09-26T00:10:14Z,2026-09-26T02:10:14+0200,30659bdf-c36b-44db-a52f-bb96c5d8a12b,2026-09-25T10:15:00Z,2026-09-25T12:15:00+0200,4053.49,MW,NL,NL,actual_load,Actual Load,2026-09-26T00:10:16Z
2026-09-26T00:10:14Z,2026-09-26T02:10:14+0200,30659bdf-c36b-44db-a52f-bb96c5d8a12b,2026-09-25T10:30:00Z,2026-09-25T12:30:00+0200,4087.055,MW,NL,NL,actual_load,Actual Load,2026-09-26T00:10:16Z
2026-09-26T00:10:14Z,2026-09-26T02:10:14+0200,30659bdf-c36b-44db-a52f-bb96c5d8a12b,2026-09-25T10:45:00Z,2026-09-25T12:45:00+0200,4004.282,MW,NL,NL,actual_load,Actual Load,2026-09-26T00:10:16Z
2026-09-26T00:10:14Z,2026-09-26T02:10:14+0200,30659bdf-c36b-44db-a52f-bb96c5d8a12b,2026-09-25T11:00:00Z,2026-09-25T13:00:00+0200,3894.159,MW,NL,NL,actual_load,Actual Load,2026-09-26T00:10:16Z
2026-09-26T00:10:14Z,2026-09-26T02:10:14+0200,30659bdf-c36b-44db-a52f-bb96c5d8a12b,2026-09-25T11:15:00Z,2026-09-25T13:15:00+0200,3822.471,MW,NL,NL,actual_load,Actual Load,2026-09-26T00:10:16Z
2026-09-26T00:10:14Z,2026-09-26T02:10:14+0200,30659bdf-c36b-44db-a52f-bb96c5d8a12b,2026-09-25T11:30:00Z,2026-09-25T13:30:00+0200,3815.984,MW,NL,NL,actual_load,Actual Load,2026-09-26T00:10:16Z
2026-09-26T00:10:14Z,2026-09-26T02:10:14+0200,30659bdf-c36b-44db-a52f-bb96c5d8a12b,2026-09-25T11:45:00Z,2026-09-25T13:45:00+0200,3730.239,MW,NL,NL,actual_load,Actual Load,2026-09-26T00:10:16Z
2026-09-26T00:10:14Z,2026-09-26T02:10:14+0200,30659bdf-c36b-44db-a52f-bb96c5d8a12b,2026-09-25T12:00:00Z,2026-09-25T14:00:00+0200,3686.898,MW,NL,NL,actual_load,Actual Load,2026-09-26T00:10:16Z
2026-09-26T00:10:14Z,2026-09-26T02:10:14+0200,30659bdf-c36b-44db-a52f-bb96c5d8a12b,2026-09-25T12:15:00Z,2026-09-25T14:15:00+0200,3640.758,MW,NL,NL,actual_load,Actual Load,2026-09-26T00:10:16Z
2026-09-26T00:10:14Z,2026-09-26T02:10:14+0200,30659bdf-c36b-44db-a52f-bb96c5d8a12b,2026-09-25T12:30:00Z,2026-09-25T14:30:00+0200,3683.147,MW,NL,NL,actual_load,Actual Load,2026-09-26T00:10:16Z
2026-09-26T00:10:14Z,2026-09-26T02:10:14+0200,30659bdf-c36b-44db-a52f-bb96c5d8a12b,2026-09-25T12:45:00Z,2026-09-25T14:45:00+0200,3777.014,MW,NL,NL,actual_load,Actual Load,2026-09-26T00:10:16Z
2026-09-26T00:10:14Z,2026-09-26T02:10:14+0200,30659bdf-c36b-44db-a52f-bb96c5d8a12b,2026-09-25T13:00:00Z,2026-09-25T15:00:00+0200,3913.04,MW,NL,NL,actual_load,Actual Load,2026-09-26T00:10:16Z
2026-09-26T00:10:14Z,2026-09-26T02:10:14+0200,30659bdf-c36b-44db-a52f-bb96c5d8a12b,2026-09-25T13:15:00Z,2026-09-25T15:15:00+0200,4134.394,MW,NL,NL,actual_load,Actual Load,2026-09-26T00:10:16Z
2026-09-26T00:10:14Z,2026-09-26T02:10:14+0200,30659bdf-c36b-44db-a52f-bb96c5d8a12b,2026-09-25T13:30:00Z,2026-09-25T15:30:00+0200,4461.971,MW,NL,NL,actual_load,Actual Load,2026-09-26T00:10:16Z
2026-09-26T00:10:14Z,2026-09-26T02:10:14+0200,30659bdf-c36b-44db-a52f-bb96c5d8a12b,2026-09-25T13:45:00Z,2026-09-25T15:45:00+0200,4869.936,MW,NL,NL,actual_load,Actual Load,2026-09-26T00:10:16Z
2026-09-26T00:10:14Z,2026-09-26T02:10:14+0200,30659bdf-c36b-44db-a52f-bb96c5d8a12b,2026-09-25T14:00:00Z,2026-09-25T16:00:00+0200,5359.096,MW,NL,NL,actual_load,Actual Load,2026-09-26T00:10:16Z
2026-09-26T00:10:14Z,2026-09-26T02:10:14+0200,30659bdf-c36b-44db-a52f-bb96c5d8a12b,2026-09-25T14:15:00Z,2026-09-25T16:15:00+0200,5569.816,MW,NL,NL,actual_load,Actual Load,2026-09-26T00:10:16Z
2026-09-26T00:10:14Z,2026-09-26T02:10:14+0200,30659bdf-c36b-44db-a52f-bb96c5d8a12b,2026-09-25T14:30:00Z,2026-09-25T16:30:00+0200,5957.736,MW,NL,NL,actual_load,Actual Load,2026-09-26T00:10:16Z
2026-09-26T00:10:14Z,2026-09-26T02:10:14+0200,30659bdf-c36b-44db-a52f-bb96c5d8a12b,2026-09-25T14:45:00Z,2026-09-25T16:45:00+0200,6498.116,MW,NL,NL,actual_load,Actual Load,2026-09-26T00:10:16Z
2026-09-26T00:10:14Z,2026-09-26T02:10:14+0200,30659bdf-c36b-44db-a52f-bb96c5d8a12b,2026-09-25T15:00:00Z,2026-09-25T17:00:00+0200,7170.516,MW,NL,NL,actual_load,Actual Load,2026-09-26T00:10:16Z
2026-09-26T00:10:14Z,2026-09-26T02:10:14+0200,30659bdf-c36b-44db-a52f-bb96c5d8a12b,2026-09-25T15:15:00Z,2026-09-25T17:15:00+0200,7839.096,MW,NL,NL,actual_load,Actual Load,2026-09-26T00:10:16Z
2026-09-26T00:10:14Z,2026-09-26T02:10:14+0200,30659bdf-c36b-44db-a52f-bb96c5d8a12b,2026-09-25T15:30:00Z,2026-09-25T17:30:00+0200,8250.706,MW,NL,NL,actual_load,Actual Load,2026-09-26T00:10:16Z
2026-09-26T00:10:14Z,2026-09-26T02:10:14+0200,30659bdf-c36b-44db-a52f-bb96c5d8a12b,2026-09-25T15:45:00Z,2026-09-25T17:45:00+0200,8877.066,MW,NL,NL,actual_load,Actual Load,2026-09-26T00:10:16Z
2026-09-26T00:10:14Z,2026-09-26T02:10:14+0200,30659bdf-c36b-44db-a52f-bb96c5d8a12b,2026-09-25T16:00:00Z,2026-09-25T18:00:00+0200,9306.176,MW,NL,NL,actual_load,Actual Load,2026-09-26T00:10:16Z
2026-09-26T00:10:14Z,2026-09-26T02:10:14+0200,30659bdf-c36b-44db-a52f-bb96c5d8a12b,2026-09-25T16:15:00Z,2026-09-25T18:15:00+0200,9637.386,MW,NL,NL,actual_load,Actual Load,2026-09-26T00:10:16Z
2026-09-26T00:10:14Z,2026-09-26T02:10:14+0200,30659bdf-c36b-44db-a52f-bb96c5d8a12b,2026-09-25T16:30:00Z,2026-09-25T18:30:00+0200,9794.666,MW,NL,NL,actual_load,Actual Load,2026-09-26T00:10:16Z
2026-09-26T00:10:14Z,2026-09-26T02:10:14+0200,30659bdf-c36b-44db-a52f-bb96c5d8a12b,2026-09-25T16:45:00Z,2026-09-25T18:45:00+0200,10016.436,MW,NL,NL,actual_load,Actual Load,2026-09-26T00:10:16Z
2026-09-26T00:10:14Z,2026-09-26T02:10:14+0200,30659bdf-c36b-44db-a52f-bb96c5d8a12b,2026-09-25T17:00:00Z,2026-09-25T19:00:00+0200,10183.236,MW,NL,NL,actual_load,Actual Load,2026-09-26T00:10:16Z
2026-09-26T00:10:14Z,2026-09-26T02:10:14+0200,30659bdf-c36b-44db-a52f-bb96c5d8a12b,2026-09-25T17:15:00Z,2026-09-25T19:15:00+0200,10677.586,MW,NL,NL,actual_load,Actual Load,2026-09-26T00:10:16Z
2026-09-26T00:10:14Z,2026-09-26T02:10:14+0200,30659bdf-c36b-44db-a52f-bb96c5d8a12b,2026-09-25T17:30:00Z,2026-09-25T19:30:00+0200,10774.016,MW,NL,NL,actual_load,Actual Load,2026-09-26T00:10:16Z
2026-09-26T00:10:14Z,2026-09-26T02:10:14+0200,30659bdf-c36b-44db-a52f-bb96c5d8a12b,2026-09-25T17:45:00Z,2026-09-25T19:45:00+0200,10963.476,MW,NL,NL,actual_load,Actual Load,2026-09-26T00:10:16Z
2026-09-26T00:10:14Z,2026-09-26T02:10:14+0200,30659bdf-c36b-44db-a52f-bb96c5d8a12b,2026-09-25T18:00:00Z,2026-09-25T20:00:00+0200,11118.386,MW,NL,NL,actual_load,Actual Load,2026-09-26T00:10:16Z
2026-09-26T00:10:14Z,2026-09-26T02:10:14+0200,30659bdf-c36b-44db-a52f-bb96c5d8a12b,2026-09-25T18:15:00Z,2026-09-25T20:15:00+0200,10893.166,MW,NL,NL,actual_load,Actual Load,2026-09-26T00:10:16Z
2026-09-26T00:10:14Z,2026-09-26T02:10:14+0200,30659bdf-c36b-44db-a52f-bb96c5d8a12b,2026-09-25T18:30:00Z,2026-09-25T20:30:00+0200,10941.236,MW,NL,NL,actual_load,Actual Load,2026-09-26T00:10:16Z
2026-09-26T00:10:14Z,2026-09-26T02:10:14+0200,30659bdf-c36b-44db-a52f-bb96c5d8a12b,2026-09-25T18:45:00Z,2026-09-25T20:45:00+0200,10884.276,MW,NL,NL,actual_load,Actual Load,2026-09-26T00:10:16Z
2026-09-26T00:10:14Z,2026-09-26T02:10:14+0200,30659bdf-c36b-44db-a52f-bb96c5d8a12b,2026-09-25T19:00:00Z,2026-09-25T21:00:00+0200,10941.556,MW,NL,NL,actual_load,Actual Load,2026-09-26T00:10:16Z
2026-09-26T00:10:14Z,2026-09-26T02:10:14+0200,30659bdf-c36b-44db-a52f-bb96c5d8a12b,2026-09-25T19:15:00Z,2026-09-25T21:15:00+0200,10871.646,MW,NL,NL,actual_load,Actual Load,2026-09-26T00:10:16Z
2026-09-26T00:10:14Z,2026-09-26T02:10:14+0200,30659bdf-c36b-44db-a52f-bb96c5d8a12b,2026-09-25T19:30:00Z,2026-09-25T21:30:00+0200,10613.856,MW,NL,NL,actual_load,Actual Load,2026-09-26T00:10:16Z
2026-09-26T00:10:14Z,2026-09-26T02:10:14+0200,30659bdf-c36b-44db-a52f-bb96c5d8a12b,2026-09-25T19:45:00Z,2026-09-25T21:45:00+0200,10705.666,MW,NL,NL,actual_load,Actual Load,2026-09-26T00:10:16Z
2026-09-26T00:10:14Z,2026-09-26T02:10:14+0200,30659bdf-c36b-44db-a52f-bb96c5d8a12b,2026-09-25T20:00:00Z,2026-09-25T22:00:00+0200,10685.726,MW,NL,NL,actual_load,Actual Load,2026-09-26T00:10:16Z
2026-09-26T00:10:14Z,2026-09-26T02:10:14+0200,30659bdf-c36b-44db-a52f-bb96c5d8a12b,2026-09-25T20:15:00Z,2026-09-25T22:15:00+0200,10606.836,MW,NL,NL,actual_load,Actual Load,2026-09-26T00:10:16Z
2026-09-26T00:10:14Z,2026-09-26T02:10:14+0200,30659bdf-c36b-44db-a52f-bb96c5d8a12b,2026-09-25T20:30:00Z,2026-09-25T22:30:00+0200,10280.476,MW,NL,NL,actual_load,Actual Load,2026-09-26T00:10:16Z
2026-09-26T00:10:14Z,2026-09-26T02:10:14+0200,30659bdf-c36b-44db-a52f-bb96c5d8a12b,2026-09-25T20:45:00Z,2026-09-25T22:45:00+0200,10234.976,MW,NL,NL,actual_load,Actual Load,2026-09-26T00:10:16Z
2026-09-26T00:10:14Z,2026-09-26T02:10:14+0200,30659bdf-c36b-44db-a52f-bb96c5d8a12b,2026-09-25T21:00:00Z,2026-09-25T23:00:00+0200,10155.406,MW,NL,NL,actual_load,Actual Load,2026-09-26T00:10:16Z
2026-09-26T00:10:14Z,2026-09-26T02:10:14+0200,30659bdf-c36b-44db-a52f-bb96c5d8a12b,2026-09-25T21:15:00Z,2026-09-25T23:15:00+0200,10070.146,MW,NL,NL,actual_load,Actual Load,2026-09-26T00:10:16Z
2026-09-26T00:10:14Z,2026-09-26T02:10:14+0200,30659bdf-c36b-44db-a52f-bb96c5d8a12b,2026-09-25T21:30:00Z,2026-09-25T23:30:00+0200,9997.206,MW,NL,NL,actual_load,Actual Load,2026-09-26T00:10:16Z
2026-09-26T00:10:14Z,2026-09-26T02:10:14+0200,30659bdf-c36b-44db-a52f-bb96c5d8a12b,2026-09-25T21:45:00Z,2026-09-25T23:45:00+0200,10044.476,MW,NL,NL,actual_load,Actual Load,2026-09-26T00:10:16Z
2026-09-26T00:10:14Z,2026-09-26T02:10:14+0200,30659bdf-c36b-44db-a52f-bb96c5d8a12b,2026-09-25T22:00:00Z,2026-09-26T00:00:00+0200,10110.336,MW,NL,NL,actual_load,Actual Load,2026-09-26T00:10:16Z
2026-09-26T00:10:14Z,2026-09-26T02:10:14+0200,30659bdf-c36b-44db-a52f-bb96c5d8a12b,2026-09-25T22:15:00Z,2026-09-26T00:15:00+0200,10200.056,MW,NL,NL,actual_load,Actual Load,2026-09-26T00:10:16Z
2026-09-26T00:10:14Z,2026-09-26T02:10:14+0200,30659bdf-c36b-44db-a52f-bb96c5d8a12b,2026-09-25T22:30:00Z,2026-09-26T00:30:00+0200,10124.156,MW,NL,NL,actual_load,Actual Load,2026-09-26T00:10:16Z
2026-09-26T00:10:14Z,2026-09-26T02:10:14+0200,30659bdf-c36b-44db-a52f-bb96c5d8a12b,2026-09-25T22:45:00Z,2026-09-26T00:45:00+0200,10026.936,MW,NL,NL,actual_load,Actual Load,2026-09-26T00:10:16Z
2026-09-26T00:10:14Z,2026-09-26T02:10:14+0200,30659bdf-c36b-44db-a52f-bb96c5d8a12b,2026-09-25T23:00:00Z,2026-09-26T01:00:00+0200,10022.766,MW,NL,NL,actual_load,Actual Load,2026-09-26T00:10:16Z
2026-09-26T00:10:14Z,2026-09-26T02:10:14+0200,30659bdf-c36b-44db-a52f-bb96c5d8a12b,2026-09-25T23:15:00Z,2026-09-26T01:15:00+0200,10053.406,MW,NL,NL,actual_load,Actual Load,2026-09-26T00:10:16Z
