collection_time_utc,collection_time_local,run_id,timestamp_utc,timestamp_local,value,unit,country,entsoe_area,variable,source,updated_at_utc
2026-08-21T08:53:57Z,2026-08-21T10:53:57+0200,5d6f4db6-a0f2-490a-bd97-b2641f9198d5,2026-07-21T09:15:00Z,2026-07-21T11:15:00+0200,70.0,MW,DK2,DK_2,forecast_onshore_wind_generation,Wind Onshore,2026-08-21T09:08:16Z
2026-08-21T08:53:57Z,2026-08-21T10:53:57+0200,5d6f4db6-a0f2-490a-bd97-b2641f9198d5,2026-07-21T09:30:00Z,2026-07-21T11:30:00+0200,70.5,MW,DK2,DK_2,forecast_onshore_wind_generation,Wind Onshore,2026-08-21T09:08:16Z
2026-08-21T08:53:57Z,2026-08-21T10:53:57+0200,5d6f4db6-a0f2-490a-bd97-b2641f9198d5,2026-07-21T09:45:00Z,2026-07-21T11:45:00+0200,71.166666,MW,DK2,DK_2,forecast_onshore_wind_generation,Wind Onshore,2026-08-21T09:08:16Z
2026-08-21T08:53:57Z,2026-08-21T10:53:57+0200,5d6f4db6-a0f2-490a-bd97-b2641f9198d5,2026-07-21T10:00:00Z,2026-07-21T12:00:00+0200,72.0,MW,DK2,DK_2,forecast_onshore_wind_generation,Wind Onshore,2026-08-21T09:08:16Z
2026-08-21T08:53:57Z,2026-08-21T10:53:57+0200,5d6f4db6-a0f2-490a-bd97-b2641f9198d5,2026-07-21T10:15:00Z,2026-07-21T12:15:00+0200,72.0,MW,DK2,DK_2,forecast_onshore_wind_generation,Wind Onshore,2026-08-21T09:08:16Z
2026-08-21T08:53:57Z,2026-08-21T10:53:57+0200,5d6f4db6-a0f2-490a-bd97-b2641f9198d5,2026-07-21T10:30:00Z,2026-07-21T12:30:00+0200,71.5,MW,DK2,DK_2,forecast_onshore_wind_generation,Wind Onshore,2026-08-21T09:08:16Z
2026-08-21T08:53:57Z,2026-08-21T10:53:57+0200,5d6f4db6-a0f2-490a-bd97-b2641f9198d5,2026-07-21T10:45:00Z,2026-07-21T12:45:00+0200,71.0,MW,DK2,DK_2,forecast_onshore_wind_generation,Wind Onshore,2026-08-21T09:08:16Z
2026-08-21T08:53:57Z,2026-08-21T10:53:57+0200,5d6f4db6-a0f2-490a-bd97-b2641f9198d5,2026-07-21T11:00:00Z,2026-07-21T13:00:00+0200,71.833333,MW,DK2,DK_2,forecast_onshore_wind_generation,Wind Onshore,2026-08-21T09:08:16Z
2026-08-21T08:53:57Z,2026-08-21T10:53:57+0200,5d6f4db6-a0f2-490a-bd97-b2641f9198d5,2026-07-21T11:15:00Z,2026-07-21T13:15:00+0200,73.5,MW,DK2,DK_2,forecast_onshore_wind_generation,Wind Onshore,2026-08-21T09:08:16Z
2026-08-21T08:53:57Z,2026-08-21T10:53:57+0200,5d6f4db6-a0f2-490a-bd97-b2641f9198d5,2026-07-21T11:30:00Z,2026-07-21T13:30:00+0200,76.5,MW,DK2,DK_2,forecast_onshore_wind_generation,Wind Onshore,2026-08-21T09:08:16Z
2026-08-21T08:53:57Z,2026-08-21T10:53:57+0200,5d6f4db6-a0f2-490a-bd97-b2641f9198d5,2026-07-21T11:45:00Z,2026-07-21T13:45:00+0200,79.0,MW,DK2,DK_2,forecast_onshore_wind_generation,Wind Onshore,2026-08-21T09:08:16Z
2026-08-21T08:53:57Z,2026-08-21T10:53:57+0200,5d6f4db6-a0f2-490a-bd97-b2641f9198d5,2026-07-21T12:00:00Z,2026-07-21T14:00:00+0200,80.666666,MW,DK2,DK_2,forecast_onshore_wind_generation,Wind Onshore,2026-08-21T09:08:16Z
2026-08-21T08:53:57Z,2026-08-21T10:53:57+0200,5d6f4db6-a0f2-490a-bd97-b2641f9198d5,2026-07-21T12:15:00Z,2026-07-21T14:15:00+0200,83.666666,MW,DK2,DK_2,forecast_onshore_wind_generation,Wind Onshore,2026-08-21T09:08:16Z
2026-08-21T08:53:57Z,2026-08-21T10:53:57+0200,5d6f4db6-a0f2-490a-bd97-b2641f9198d5,2026-07-21T12:30:00Z,2026-07-21T14:30:00+0200,87.5,MW,DK2,DK_2,forecast_onshore_wind_generation,Wind Onshore,2026-08-21T09:08:16Z
2026-08-21T08:53:57Z,2026-08-21T10:53:57+0200,5d6f4db6-a0f2-490a-bd97-b2641f9198d5,2026-07-21T12:45:00Z,2026-07-21T14:45:00+0200,89.666666,MW,DK2,DK_2,forecast_onshore_wind_generation,Wind Onshore,2026-08-21T09:08:16Z
2026-08-21T08:53:57Z,2026-08-21T10:53:57+0200,5d6f4db6-a0f2-490a-bd97-b2641f9198d5,2026-07-21T13:00:00Z,2026-07-21T15:00:00+0200,91.666666,MW,DK2,DK_2,forecast_onshore_wind_generation,Wind Onshore,2026-08-21T09:08:16Z
2026-08-21T08:53:57Z,2026-08-21T10:53:57+0200,5d6f4db6-a0f2-490a-bd97-b2641f9198d5,2026-07-21T13:15:00Z,2026-07-21T15:15:00+0200,93.5,MW,DK2,DK_2,forecast_onshore_wind_generation,Wind Onshore,2026-08-21T09:08:16Z
2026-08-21T08:53:57Z,2026-08-21T10:53:57+0200,5d6f4db6-a0f2-490a-bd97-b2641f9198d5,2026-07-21T13:30:00Z,2026-07-21T15:30:00+0200,94.666666,MW,DK2,DK_2,forecast_onshore_wind_generation,Wind Onshore,2026-08-21T09:08:16Z
2026-08-21T08:53:57Z,2026-08-21T10:53:57+0200,5d6f4db6-a0f2-490a-bd97-b2641f9198d5,2026-07-21T13:45:00Z,2026-07-21T15:45:00+0200,97.333333,MW,DK2,DK_2,forecast_onshore_wind_generation,Wind Onshore,2026-08-21T09:08:16Z
2026-08-21T08:53:57Z,2026-08-21T10:53:57+0200,5d6f4db6-a0f2-490a-bd97-b2641f9198d5,2026-07-21T14:00:00Z,2026-07-21T16:00:00+0200,99.5,MW,DK2,DK_2,forecast_onshore_wind_generation,Wind Onshore,2026-08-21T09:08:16Z
2026-08-21T08:53:57Z,2026-08-21T10:53:57+0200,5d6f4db6-a0f2-490a-bd97-b2641f9198d5,2026-07-21T14:15:00Z,2026-07-21T16:15:00+0200,103.166666,MW,DK2,DK_2,forecast_onshore_wind_generation,Wind Onshore,2026-08-21T09:08:16Z
2026-08-21T08:53:57Z,2026-08-21T10:53:57+0200,5d6f4db6-a0f2-490a-bd97-b2641f9198d5,2026-07-21T14:30:00Z,2026-07-21T16:30:00+0200,108.0,MW,DK2,DK_2,forecast_onshore_wind_generation,Wind Onshore,2026-08-21T09:08:16Z
2026-08-21T08:53:57Z,2026-08-21T10:53:57+0200,5d6f4db6-a0f2-490a-bd97-b2641f9198d5,2026-07-21T14:45:00Z,2026-07-21T16:45:00+0200,110.666666,MW,DK2,DK_2,forecast_onshore_wind_generation,Wind Onshore,2026-08-21T09:08:16Z
2026-08-21T08:53:57Z,2026-08-21T10:53:57+0200,5d6f4db6-a0f2-490a-bd97-b2641f9198d5,2026-07-21T15:00:00Z,2026-07-21T17:00:00+0200,112.666666,MW,DK2,DK_2,forecast_onshore_wind_generation,Wind Onshore,2026-08-21T09:08:16Z
2026-08-21T08:53:57Z,2026-08-21T10:53:57+0200,5d6f4db6-a0f2-490a-bd97-b2641f9198d5,2026-07-21T15:15:00Z,2026-07-21T17:15:00+0200,114.5,MW,DK2,DK_2,forecast_onshore_wind_generation,Wind Onshore,2026-08-21T09:08:16Z
2026-08-21T08:53:57Z,2026-08-21T10:53:57+0200,5d6f4db6-a0f2-490a-bd97-b2641f9198d5,2026-07-21T15:30:00Z,2026-07-21T17:30:00+0200,116.5,MW,DK2,DK_2,forecast_onshore_wind_generation,Wind Onshore,2026-08-21T09:08:16Z
2026-08-21T08:53:57Z,2026-08-21T10:53:57+0200,5d6f4db6-a0f2-490a-bd97-b2641f9198d5,2026-07-21T15:45:00Z,2026-07-21T17:45:00+0200,120.0,MW,DK2,DK_2,forecast_onshore_wind_generation,Wind Onshore,2026-08-21T09:08:16Z
2026-08-21T08:53:57Z,2026-08-21T10:53:57+0200,5d6f4db6-a0f2-490a-bd97-b2641f9198d5,2026-07-21T16:00:00Z,2026-07-21T18:00:00+0200,125.166666,MW,DK2,DK_2,forecast_onshore_wind_generation,Wind Onshore,2026-08-21T09:08:16Z
2026-08-21T08:53:57Z,2026-08-21T10:53:57+0200,5d6f4db6-a0f2-490a-bd97-b2641f9198d5,2026-07-21T16:15:00Z,2026-07-21T18:15:00+0200,132.0,MW,DK2,DK_2,forecast_onshore_wind_generation,Wind Onshore,2026-08-21T09:08:16Z
2026-08-21T08:53:57Z,2026-08-21T10:53:57+0200,5d6f4db6-a0f2-490a-bd97-b2641f9198d5,2026-07-21T16:30:00Z,2026-07-21T18:30:00+0200,137.833333,MW,DK2,DK_2,forecast_onshore_wind_generation,Wind Onshore,2026-08-21T09:08:16Z
2026-08-21T08:53:57Z,2026-08-21T10:53:57+0200,5d6f4db6-a0f2-490a-bd97-b2641f9198d5,2026-07-21T16:45:00Z,2026-07-21T18:45:00+0200,142.833333,MW,DK2,DK_2,forecast_onshore_wind_generation,Wind Onshore,2026-08-21T09:08:16Z
2026-08-21T08:53:57Z,2026-08-21T10:53:57+0200,5d6f4db6-a0f2-490a-bd97-b2641f9198d5,2026-07-21T17:00:00Z,2026-07-21T19:00:00+0200,147.5,MW,DK2,DK_2,forecast_onshore_wind_generation,Wind Onshore,2026-08-21T09:08:16Z
2026-08-21T08:53:57Z,2026-08-21T10:53:57+0200,5d6f4db6-a0f2-490a-bd97-b2641f9198d5,2026-07-21T17:15:00Z,2026-07-21T19:15:00+0200,150.5,MW,DK2,DK_2,forecast_onshore_wind_generation,Wind Onshore,2026-08-21T09:08:16Z
2026-08-21T08:53:57Z,2026-08-21T10:53:57+0200,5d6f4db6-a0f2-490a-bd97-b2641f9198d5,2026-07-21T17:30:00Z,2026-07-21T19:30:00+0200,153.166666,MW,DK2,DK_2,forecast_onshore_wind_generation,Wind Onshore,2026-08-21T09:08:16Z
2026-08-21T08:53:57Z,2026-08-21T10:53:57+0200,5d6f4db6-a0f2-490a-bd97-b2641f9198d5,2026-07-21T17:45:00Z,2026-07-21T19:45:00+0200,159.666666,MW,DK2,DK_2,forecast_onshore_wind_generation,Wind Onshore,2026-08-21T09:08:16Z
2026-08-21T08:53:57Z,2026-08-21T10:53:57+0200,5d6f4db6-a0f2-490a-bd97-b2641f9198d5,2026-07-21T18:00:00Z,2026-07-21T20:00:00+0200,168.333333,MW,DK2,DK_2,forecast_onshore_wind_generation,Wind Onshore,2026-08-21T09:08:16Z
2026-08-21T08:53:57Z,2026-08-21T10:53:57+0200,5d6f4db6-a0f2-490a-bd97-b2641f9198d5,2026-07-21T18:15:00Z,2026-07-21T20:15:00+0200,173.166666,MW,DK2,DK_2,forecast_onshore_wind_generation,Wind Onshore,2026-08-21T09:08:16Z
2026-08-21T08:53:57Z,2026-08-21T10:53:57+0200,5d6f4db6-a0f2-490a-bd97-b2641f9198d5,2026-07-21T18:30:00Z,2026-07-21T20:30:00+0200,171.833333,MW,DK2,DK_2,forecast_onshore_wind_generation,Wind Onshore,2026-08-21T09:08:16Z
2026-08-21T08:53:57Z,2026-08-21T10:53:57+0200,5d6f4db6-a0f2-490a-bd97-b2641f9198d5,2026-07-21T18:45:00Z,2026-07-21T20:45:00+0200,175.0,MW,DK2,DK_2,forecast_onshore_wind_generation,Wind Onshore,2026-08-21T09:08:16Z
2026-08-21T08:53:57Z,2026-08-21T10:53:57+0200,5d6f4db6-a0f2-490a-bd97-b2641f9198d5,2026-07-21T19:00:00Z,2026-07-21T21:00:00+0200,180.5,MW,DK2,DK_2,forecast_onshore_wind_generation,Wind Onshore,2026-08-21T09:08:16Z
2026-08-21T08:53:57Z,2026-08-21T10:53:57+0200,5d6f4db6-a0f2-490a-bd97-b2641f9198d5,2026-07-21T19:15:00Z,2026-07-21T21:15:00+0200,186.0,MW,DK2,DK_2,forecast_onshore_wind_generation,Wind Onshore,2026-08-21T09:08:16Z
2026-08-21T08:53:57Z,2026-08-21T10:53:57+0200,5d6f4db6-a0f2-490a-bd97-b2641f9198d5,2026-07-21T19:30:00Z,2026-07-21T21:30:00+0200,192.0,MW,DK2,DK_2,forecast_onshore_wind_generation,Wind Onshore,2026-08-21T09:08:16Z
2026-08-21T08:53:57Z,2026-08-21T10:53:57+0200,5d6f4db6-a0f2-490a-bd97-b2641f9198d5,2026-07-21T19:45:00Z,2026-07-21T21:45:00+0200,196.5,MW,DK2,DK_2,forecast_onshore_wind_generation,Wind Onshore,2026-08-21T09:08:16Z
2026-08-21T08:53:57Z,2026-08-21T10:53:57+0200,5d6f4db6-a0f2-490a-bd97-b2641f9198d5,2026-07-21T20:00:00Z,2026-07-21T22:00:00+0200,199.333333,MW,DK2,DK_2,forecast_onshore_wind_generation,Wind Onshore,2026-08-21T09:08:16Z
2026-08-21T08:53:57Z,2026-08-21T10:53:57+0200,5d6f4db6-a0f2-490a-bd97-b2641f9198d5,2026-07-21T20:15:00Z,2026-07-21T22:15:00+0200,199.833333,MW,DK2,DK_2,forecast_onshore_wind_generation,Wind Onshore,2026-08-21T09:08:16Z
2026-08-21T08:53:57Z,2026-08-21T10:53:57+0200,5d6f4db6-a0f2-490a-bd97-b2641f9198d5,2026-07-21T20:30:00Z,2026-07-21T22:30:00+0200,198.5,MW,DK2,DK_2,forecast_onshore_wind_generation,Wind Onshore,2026-08-21T09:08:16Z
2026-08-21T08:53:57Z,2026-08-21T10:53:57+0200,5d6f4db6-a0f2-490a-bd97-b2641f9198d5,2026-07-21T20:45:00Z,2026-07-21T22:45:00+0200,196.5,MW,DK2,DK_2,forecast_onshore_wind_generation,Wind Onshore,2026-08-21T09:08:16Z
2026-08-21T08:53:57Z,2026-08-21T10:53:57+0200,5d6f4db6-a0f2-490a-bd97-b2641f9198d5,2026-07-21T21:00:00Z,2026-07-21T23:00:00+0200,192.0,MW,DK2,DK_2,forecast_onshore_wind_generation,Wind Onshore,2026-08-21T09:08:16Z
2026-08-21T08:53:57Z,2026-08-21T10:53:57+0200,5d6f4db6-a0f2-490a-bd97-b2641f9198d5,2026-07-21T21:15:00Z,2026-07-21T23:15:00+0200,186.0,MW,DK2,DK_2,forecast_onshore_wind_generation,Wind Onshore,2026-08-21T09:08:16Z
2026-08-21T08:53:57Z,2026-08-21T10:53:57+0200,5d6f4db6-a0f2-490a-bd97-b2641f9198d5,2026-07-21T21:30:00Z,2026-07-21T23:30:00+0200,180.166666,MW,DK2,DK_2,forecast_onshore_wind_generation,Wind Onshore,2026-08-21T09:08:16Z
2026-08-21T08:53:57Z,2026-08-21T10:53:57+0200,5d6f4db6-a0f2-490a-bd97-b2641f9198d5,2026-07-21T21:45:00Z,2026-07-21T23:45:00+0200,176.666666,MW,DK2,DK_2,forecast_onshore_wind_generation,Wind Onshore,2026-08-21T09:08:16Z
2026-08-21T08:53:57Z,2026-08-21T10:53:57+0200,5d6f4db6-a0f2-490a-bd97-b2641f9198d5,2026-07-21T22:00:00Z,2026-07-22T00:00:00+0200,187.166666,MW,DK2,DK_2,forecast_onshore_wind_generation,Wind Onshore,2026-08-21T09:08:16Z
2026-08-21T08:53:57Z,2026-08-21T10:53:57+0200,5d6f4db6-a0f2-490a-bd97-b2641f9198d5,2026-07-21T22:15:00Z,2026-07-22T00:15:00+0200,186.5,MW,DK2,DK_2,forecast_onshore_wind_generation,Wind Onshore,2026-08-21T09:08:16Z
2026-08-21T08:53:57Z,2026-08-21T10:53:57+0200,5d6f4db6-a0f2-490a-bd97-b2641f9198d5,2026-07-21T22:30:00Z,2026-07-22T00:30:00+0200,184.333333,MW,DK2,DK_2,forecast_onshore_wind_generation,Wind Onshore,2026-08-21T09:08:16Z
2026-08-21T08:53:57Z,2026-08-21T10:53:57+0200,5d6f4db6-a0f2-490a-bd97-b2641f9198d5,2026-07-21T22:45:00Z,2026-07-22T00:45:00+0200,180.5,MW,DK2,DK_2,forecast_onshore_wind_generation,Wind Onshore,2026-08-21T09:08:16Z
2026-08-21T08:53:57Z,2026-08-21T10:53:57+0200,5d6f4db6-a0f2-490a-bd97-b2641f9198d5,2026-07-21T23:00:00Z,2026-07-22T01:00:00+0200,177.166666,MW,DK2,DK_2,forecast_onshore_wind_generation,Wind Onshore,2026-08-21T09:08:16Z
2026-08-21T08:53:57Z,2026-08-21T10:53:57+0200,5d6f4db6-a0f2-490a-bd97-b2641f9198d5,2026-07-21T23:15:00Z,2026-07-22T01:15:00+0200,176.166666,MW,DK2,DK_2,forecast_onshore_wind_generation,Wind Onshore,2026-08-21T09:08:16Z
2026-08-21T08:53:57Z,2026-08-21T10:53:57+0200,5d6f4db6-a0f2-490a-bd97-b2641f9198d5,2026-07-21T23:30:00Z,2026-07-22T01:30:00+0200,177.666666,MW,DK2,DK_2,forecast_onshore_wind_generation,Wind Onshore,2026-08-21T09:08:16Z
2026-08-21T08:53:57Z,2026-08-21T10:53:57+0200,5d6f4db6-a0f2-490a-bd97-b2641f9198d5,2026-07-21T23:45:00Z,2026-07-22T01:45:00+0200,179.5,MW,DK2,DK_2,forecast_onshore_wind_generation,Wind Onshore,2026-08-21T09:08:16Z
2026-08-21T08:53:57Z,2026-08-21T10:53:57+0200,5d6f4db6-a0f2-490a-bd97-b2641f9198d5,2026-07-22T00:00:00Z,2026-07-22T02:00:00+0200,181.0,MW,DK2,DK_2,forecast_onshore_wind_generation,Wind Onshore,2026-08-21T09:08:16Z
2026-08-21T08:53:57Z,2026-08-21T10:53:57+0200,5d6f4db6-a0f2-490a-bd97-b2641f9198d5,2026-07-22T00:15:00Z,2026-07-22T02:15:00+0200,182.166666,MW,DK2,DK_2,forecast_onshore_wind_generation,Wind Onshore,2026-08-21T09:08:16Z
2026-08-21T08:53:57Z,2026-08-21T10:53:57+0200,5d6f4db6-a0f2-490a-bd97-b2641f9198d5,2026-07-22T00:30:00Z,2026-07-22T02:30:00+0200,183.166666,MW,DK2,DK_2,forecast_onshore_wind_generation,Wind Onshore,2026-08-21T09:08:16Z
2026-08-21T08:53:57Z,2026-08-21T10:53:57+0200,5d6f4db6-a0f2-490a-bd97-b2641f9198d5,2026-07-22T00:45:00Z,2026-07-22T02:45:00+0200,185.5,MW,DK2,DK_2,forecast_onshore_wind_generation,Wind Onshore,2026-08-21T09:08:16Z
2026-08-21T08:53:57Z,2026-08-21T10:53:57+0200,5d6f4db6-a0f2-490a-bd97-b2641f9198d5,2026-07-22T01:00:00Z,2026-07-22T03:00:00+0200,188.333333,MW,DK2,DK_2,forecast_onshore_wind_generation,Wind Onshore,2026-08-21T09:08:16Z
2026-08-21T08:53:57Z,2026-08-21T10:53:57+0200,5d6f4db6-a0f2-490a-bd97-b2641f9198d5,2026-07-22T01:15:00Z,2026-07-22T03:15:00+0200,190.5,MW,DK2,DK_2,forecast_onshore_wind_generation,Wind Onshore,2026-08-21T09:08:16Z
2026-08-21T08:53:57Z,2026-08-21T10:53:57+0200,5d6f4db6-a0f2-490a-bd97-b2641f9198d5,2026-07-22T01:30:00Z,2026-07-22T03:30:00+0200,193.666666,MW,DK2,DK_2,forecast_onshore_wind_generation,Wind Onshore,2026-08-21T09:08:16Z
2026-08-21T08:53:57Z,2026-08-21T10:53:57+0200,5d6f4db6-a0f2-490a-bd97-b2641f9198d5,2026-07-22T01:45:00Z,2026-07-22T03:45:00+0200,198.166666,MW,DK2,DK_2,forecast_onshore_wind_generation,Wind Onshore,2026-08-21T09:08:16Z
2026-08-21T08:53:57Z,2026-08-21T10:53:57+0200,5d6f4db6-a0f2-490a-bd97-b2641f9198d5,2026-07-22T02:00:00Z,2026-07-22T04:00:00+0200,200.5,MW,DK2,DK_2,forecast_onshore_wind_generation,Wind Onshore,2026-08-21T09:08:16Z
2026-08-21T08:53:57Z,2026-08-21T10:53:57+0200,5d6f4db6-a0f2-490a-bd97-b2641f9198d5,2026-07-22T02:15:00Z,2026-07-22T04:15:00+0200,202.166666,MW,DK2,DK_2,forecast_onshore_wind_generation,Wind Onshore,2026-08-21T09:08:16Z
2026-08-21T08:53:57Z,2026-08-21T10:53:57+0200,5d6f4db6-a0f2-490a-bd97-b2641f9198d5,2026-07-22T02:30:00Z,2026-07-22T04:30:00+0200,203.666666,MW,DK2,DK_2,forecast_onshore_wind_generation,Wind Onshore,2026-08-21T09:08:16Z
2026-08-21T08:53:57Z,2026-08-21T10:53:57+0200,5d6f4db6-a0f2-490a-bd97-b2641f9198d5,2026-07-22T02:45:00Z,2026-07-22T04:45:00+0200,208.166666,MW,DK2,DK_2,forecast_onshore_wind_generation,Wind Onshore,2026-08-21T09:08:16Z
2026-08-21T08:53:57Z,2026-08-21T10:53:57+0200,5d6f4db6-a0f2-490a-bd97-b2641f9198d5,2026-07-22T03:00:00Z,2026-07-22T05:00:00+0200,211.333333,MW,DK2,DK_2,forecast_onshore_wind_generation,Wind Onshore,2026-08-21T09:08:16Z
2026-08-21T08:53:57Z,2026-08-21T10:53:57+0200,5d6f4db6-a0f2-490a-bd97-b2641f9198d5,2026-07-22T03:15:00Z,2026-07-22T05:15:00+0200,214.333333,MW,DK2,DK_2,forecast_onshore_wind_generation,Wind Onshore,2026-08-21T09:08:16Z
2026-08-21T08:53:57Z,2026-08-21T10:53:57+0200,5d6f4db6-a0f2-490a-bd97-b2641f9198d5,2026-07-22T03:30:00Z,2026-07-22T05:30:00+0200,221.0,MW,DK2,DK_2,forecast_onshore_wind_generation,Wind Onshore,2026-08-21T09:08:16Z
2026-08-21T08:53:57Z,2026-08-21T10:53:57+0200,5d6f4db6-a0f2-490a-bd97-b2641f9198d5,2026-07-22T03:45:00Z,2026-07-22T05:45:00+0200,226.5,MW,DK2,DK_2,forecast_onshore_wind_generation,Wind Onshore,2026-08-21T09:08:16Z
2026-08-21T08:53:57Z,2026-08-21T10:53:57+0200,5d6f4db6-a0f2-490a-bd97-b2641f9198d5,2026-07-22T04:00:00Z,2026-07-22T06:00:00+0200,231.833333,MW,DK2,DK_2,forecast_onshore_wind_generation,Wind Onshore,2026-08-21T09:08:16Z
2026-08-21T08:53:57Z,2026-08-21T10:53:57+0200,5d6f4db6-a0f2-490a-bd97-b2641f9198d5,2026-07-22T04:15:00Z,2026-07-22T06:15:00+0200,234.833333,MW,DK2,DK_2,forecast_onshore_wind_generation,Wind Onshore,2026-08-21T09:08:16Z
2026-08-21T08:53:57Z,2026-08-21T10:53:57+0200,5d6f4db6-a0f2-490a-bd97-b2641f9198d5,2026-07-22T04:30:00Z,2026-07-22T06:30:00+0200,233.5,MW,DK2,DK_2,forecast_onshore_wind_generation,Wind Onshore,2026-08-21T09:08:16Z
2026-08-21T08:53:57Z,2026-08-21T10:53:57+0200,5d6f4db6-a0f2-490a-bd97-b2641f9198d5,2026-07-22T04:45:00Z,2026-07-22T06:45:00+0200,230.833333,MW,DK2,DK_2,forecast_onshore_wind_generation,Wind Onshore,2026-08-21T09:08:16Z
2026-08-21T08:53:57Z,2026-08-21T10:53:57+0200,5d6f4db6-a0f2-490a-bd97-b2641f9198d5,2026-07-22T05:00:00Z,2026-07-22T07:00:00+0200,227.5,MW,DK2,DK_2,forecast_onshore_wind_generation,Wind Onshore,2026-08-21T09:08:16Z
2026-08-21T08:53:57Z,2026-08-21T10:53:57+0200,5d6f4db6-a0f2-490a-bd97-b2641f9198d5,2026-07-22T05:15:00Z,2026-07-22T07:15:00+0200,224.5,MW,DK2,DK_2,forecast_onshore_wind_generation,Wind Onshore,2026-08-21T09:08:16Z
2026-08-21T08:53:57Z,2026-08-21T10:53:57+0200,5d6f4db6-a0f2-490a-bd97-b2641f9198d5,2026-07-22T05:30:00Z,2026-07-22T07:30:00+0200,221.5,MW,DK2,DK_2,forecast_onshore_wind_generation,Wind Onshore,2026-08-21T09:08:16Z
2026-08-21T08:53:57Z,2026-08-21T10:53:57+0200,5d6f4db6-a0f2-490a-bd97-b2641f9198d5,2026-07-22T05:45:00Z,2026-07-22T07:45:00+0200,218.166666,MW,DK2,DK_2,forecast_onshore_wind_generation,Wind Onshore,2026-08-21T09:08:16Z
2026-08-21T08:53:57Z,2026-08-21T10:53:57+0200,5d6f4db6-a0f2-490a-bd97-b2641f9198d5,2026-07-22T06:00:00Z,2026-07-22T08:00:00+0200,217.166666,MW,DK2,DK_2,forecast_onshore_wind_generation,Wind Onshore,2026-08-21T09:08:16Z
2026-08-21T08:53:57Z,2026-08-21T10:53:57+0200,5d6f4db6-a0f2-490a-bd97-b2641f9198d5,2026-07-22T06:15:00Z,2026-07-22T08:15:00+0200,220.166666,MW,DK2,DK_2,forecast_onshore_wind_generation,Wind Onshore,2026-08-21T09:08:16Z
2026-08-21T08:53:57Z,2026-08-21T10:53:57+0200,5d6f4db6-a0f2-490a-bd97-b2641f9198d5,2026-07-22T06:30:00Z,2026-07-22T08:30:00+0200,226.0,MW,DK2,DK_2,forecast_onshore_wind_generation,Wind Onshore,2026-08-21T09:08:16Z
2026-08-21T08:53:57Z,2026-08-21T10:53:57+0200,5d6f4db6-a0f2-490a-bd97-b2641f9198d5,2026-07-22T06:45:00Z,2026-07-22T08:45:00+0200,235.666666,MW,DK2,DK_2,forecast_onshore_wind_generation,Wind Onshore,2026-08-21T09:08:16Z
2026-08-21T08:53:57Z,2026-08-21T10:53:57+0200,5d6f4db6-a0f2-490a-bd97-b2641f9198d5,2026-07-22T07:00:00Z,2026-07-22T09:00:00+0200,252.666666,MW,DK2,DK_2,forecast_onshore_wind_generation,Wind Onshore,2026-08-21T09:08:16Z
2026-08-21T08:53:57Z,2026-08-21T10:53:57+0200,5d6f4db6-a0f2-490a-bd97-b2641f9198d5,2026-07-22T07:15:00Z,2026-07-22T09:15:00+0200,270.0,MW,DK2,DK_2,forecast_onshore_wind_generation,Wind Onshore,2026-08-21T09:08:16Z
2026-08-21T08:53:57Z,2026-08-21T10:53:57+0200,5d6f4db6-a0f2-490a-bd97-b2641f9198d5,2026-07-22T07:30:00Z,2026-07-22T09:30:00+0200,283.166666,MW,DK2,DK_2,forecast_onshore_wind_generation,Wind Onshore,2026-08-21T09:08:16Z
2026-08-21T08:53:57Z,2026-08-21T10:53:57+0200,5d6f4db6-a0f2-490a-bd97-b2641f9198d5,2026-07-22T07:45:00Z,2026-07-22T09:45:00+0200,296.666666,MW,DK2,DK_2,forecast_onshore_wind_generation,Wind Onshore,2026-08-21T09:08:16Z
2026-08-21T08:53:57Z,2026-08-21T10:53:57+0200,5d6f4db6-a0f2-490a-bd97-b2641f9198d5,2026-07-22T08:00:00Z,2026-07-22T10:00:00+0200,311.0,MW,DK2,DK_2,forecast_onshore_wind_generation,Wind Onshore,2026-08-21T09:08:16Z
2026-08-21T08:53:57Z,2026-08-21T10:53:57+0200,5d6f4db6-a0f2-490a-bd97-b2641f9198d5,2026-07-22T08:15:00Z,2026-07-22T10:15:00+0200,320.0,MW,DK2,DK_2,forecast_onshore_wind_generation,Wind Onshore,2026-08-21T09:08:16Z
2026-08-21T08:53:57Z,2026-08-21T10:53:57+0200,5d6f4db6-a0f2-490a-bd97-b2641f9198d5,2026-07-22T08:30:00Z,2026-07-22T10:30:00+0200,323.5,MW,DK2,DK_2,forecast_onshore_wind_generation,Wind Onshore,2026-08-21T09:08:16Z
2026-08-21T08:53:57Z,2026-08-21T10:53:57+0200,5d6f4db6-a0f2-490a-bd97-b2641f9198d5,2026-07-22T08:45:00Z,2026-07-22T10:45:00+0200,326.333333,MW,DK2,DK_2,forecast_onshore_wind_generation,Wind Onshore,2026-08-21T09:08:16Z
2026-08-21T08:53:57Z,2026-08-21T10:53:57+0200,5d6f4db6-a0f2-490a-bd97-b2641f9198d5,2026-07-22T09:00:00Z,2026-07-22T11:00:00+0200,326.333333,MW,DK2,DK_2,forecast_onshore_wind_generation,Wind Onshore,2026-08-21T09:08:16Z
2026-08-21T08:53:57Z,2026-08-21T10:53:57+0200,5d6f4db6-a0f2-490a-bd97-b2641f9198d5,2026-07-22T09:15:00Z,2026-07-22T11:15:00+0200,328.5,MW,DK2,DK_2,forecast_onshore_wind_generation,Wind Onshore,2026-08-21T09:08:16Z
2026-08-21T08:53:57Z,2026-08-21T10:53:57+0200,5d6f4db6-a0f2-490a-bd97-b2641f9198d5,2026-07-22T09:30:00Z,2026-07-22T11:30:00+0200,332.666666,MW,DK2,DK_2,forecast_onshore_wind_generation,Wind Onshore,2026-08-21T09:08:16Z
2026-08-21T08:53:57Z,2026-08-21T10:53:57+0200,5d6f4db6-a0f2-490a-bd97-b2641f9198d5,2026-07-22T09:45:00Z,2026-07-22T11:45:00+0200,340.5,MW,DK2,DK_2,forecast_onshore_wind_generation,Wind Onshore,2026-08-21T09:08:16Z
2026-08-21T08:53:57Z,2026-08-21T10:53:57+0200,5d6f4db6-a0f2-490a-bd97-b2641f9198d5,2026-07-22T10:00:00Z,2026-07-22T12:00:00+0200,349.0,MW,DK2,DK_2,forecast_onshore_wind_generation,Wind Onshore,2026-08-21T09:08:16Z
2026-08-21T08:53:57Z,2026-08-21T10:53:57+0200,5d6f4db6-a0f2-490a-bd97-b2641f9198d5,2026-07-22T10:15:00Z,2026-07-22T12:15:00+0200,353.0,MW,DK2,DK_2,forecast_onshore_wind_generation,Wind Onshore,2026-08-21T09:08:16Z
2026-08-21T08:53:57Z,2026-08-21T10:53:57+0200,5d6f4db6-a0f2-490a-bd97-b2641f9198d5,2026-07-22T10:30:00Z,2026-07-22T12:30:00+0200,356.166666,MW,DK2,DK_2,forecast_onshore_wind_generation,Wind Onshore,2026-08-21T09:08:16Z
2026-08-21T08:53:57Z,2026-08-21T10:53:57+0200,5d6f4db6-a0f2-490a-bd97-b2641f9198d5,2026-07-22T10:45:00Z,2026-07-22T12:45:00+0200,354.833333,MW,DK2,DK_2,forecast_onshore_wind_generation,Wind Onshore,2026-08-21T09:08:16Z
2026-08-21T08:53:57Z,2026-08-21T10:53:57+0200,5d6f4db6-a0f2-490a-bd97-b2641f9198d5,2026-07-22T11:00:00Z,2026-07-22T13:00:00+0200,352.5,MW,DK2,DK_2,forecast_onshore_wind_generation,Wind Onshore,2026-08-21T09:08:16Z
2026-08-21T08:53:57Z,2026-08-21T10:53:57+0200,5d6f4db6-a0f2-490a-bd97-b2641f9198d5,2026-07-22T11:15:00Z,2026-07-22T13:15:00+0200,351.5,MW,DK2,DK_2,forecast_onshore_wind_generation,Wind Onshore,2026-08-21T09:08:16Z
2026-08-21T08:53:57Z,2026-08-21T10:53:57+0200,5d6f4db6-a0f2-490a-bd97-b2641f9198d5,2026-07-22T11:30:00Z,2026-07-22T13:30:00+0200,343.666666,MW,DK2,DK_2,forecast_onshore_wind_generation,Wind Onshore,2026-08-21T09:08:16Z
2026-08-21T08:53:57Z,2026-08-21T10:53:57+0200,5d6f4db6-a0f2-490a-bd97-b2641f9198d5,2026-07-22T11:45:00Z,2026-07-22T13:45:00+0200,330.833333,MW,DK2,DK_2,forecast_onshore_wind_generation,Wind Onshore,2026-08-21T09:08:16Z
2026-08-21T08:53:57Z,2026-08-21T10:53:57+0200,5d6f4db6-a0f2-490a-bd97-b2641f9198d5,2026-07-22T12:00:00Z,2026-07-22T14:00:00+0200,324.333333,MW,DK2,DK_2,forecast_onshore_wind_generation,Wind Onshore,2026-08-21T09:08:16Z
2026-08-21T08:53:57Z,2026-08-21T10:53:57+0200,5d6f4db6-a0f2-490a-bd97-b2641f9198d5,2026-07-22T12:15:00Z,2026-07-22T14:15:00+0200,320.0,MW,DK2,DK_2,forecast_onshore_wind_generation,Wind Onshore,2026-08-21T09:08:16Z
2026-08-21T08:53:57Z,2026-08-21T10:53:57+0200,5d6f4db6-a0f2-490a-bd97-b2641f9198d5,2026-07-22T12:30:00Z,2026-07-22T14:30:00+0200,325.666666,MW,DK2,DK_2,forecast_onshore_wind_generation,Wind Onshore,2026-08-21T09:08:16Z
2026-08-21T08:53:57Z,2026-08-21T10:53:57+0200,5d6f4db6-a0f2-490a-bd97-b2641f9198d5,2026-07-22T12:45:00Z,2026-07-22T14:45:00+0200,319.0,MW,DK2,DK_2,forecast_onshore_wind_generation,Wind Onshore,2026-08-21T09:08:16Z
2026-08-21T08:53:57Z,2026-08-21T10:53:57+0200,5d6f4db6-a0f2-490a-bd97-b2641f9198d5,2026-07-22T13:00:00Z,2026-07-22T15:00:00+0200,315.833333,MW,DK2,DK_2,forecast_onshore_wind_generation,Wind Onshore,2026-08-21T09:08:16Z
2026-08-21T08:53:57Z,2026-08-21T10:53:57+0200,5d6f4db6-a0f2-490a-bd97-b2641f9198d5,2026-07-22T13:15:00Z,2026-07-22T15:15:00+0200,307.166666,MW,DK2,DK_2,forecast_onshore_wind_generation,Wind Onshore,2026-08-21T09:08:16Z
2026-08-21T08:53:57Z,2026-08-21T10:53:57+0200,5d6f4db6-a0f2-490a-bd97-b2641f9198d5,2026-07-22T13:30:00Z,2026-07-22T15:30:00+0200,293.166666,MW,DK2,DK_2,forecast_onshore_wind_generation,Wind Onshore,2026-08-21T09:08:16Z
2026-08-21T08:53:57Z,2026-08-21T10:53:57+0200,5d6f4db6-a0f2-490a-bd97-b2641f9198d5,2026-07-22T13:45:00Z,2026-07-22T15:45:00+0200,298.166666,MW,DK2,DK_2,forecast_onshore_wind_generation,Wind Onshore,2026-08-21T09:08:16Z
2026-08-21T08:53:57Z,2026-08-21T10:53:57+0200,5d6f4db6-a0f2-490a-bd97-b2641f9198d5,2026-07-22T14:00:00Z,2026-07-22T16:00:00+0200,300.5,MW,DK2,DK_2,forecast_onshore_wind_generation,Wind Onshore,2026-08-21T09:08:16Z
2026-08-21T08:53:57Z,2026-08-21T10:53:57+0200,5d6f4db6-a0f2-490a-bd97-b2641f9198d5,2026-07-22T14:15:00Z,2026-07-22T16:15:00+0200,296.0,MW,DK2,DK_2,forecast_onshore_wind_generation,Wind Onshore,2026-08-21T09:08:16Z
2026-08-21T08:53:57Z,2026-08-21T10:53:57+0200,5d6f4db6-a0f2-490a-bd97-b2641f9198d5,2026-07-22T14:30:00Z,2026-07-22T16:30:00+0200,289.5,MW,DK2,DK_2,forecast_onshore_wind_generation,Wind Onshore,2026-08-21T09:08:16Z
2026-08-21T08:53:57Z,2026-08-21T10:53:57+0200,5d6f4db6-a0f2-490a-bd97-b2641f9198d5,2026-07-22T14:45:00Z,2026-07-22T16:45:00+0200,285.166666,MW,DK2,DK_2,forecast_onshore_wind_generation,Wind Onshore,2026-08-21T09:08:16Z
2026-08-21T08:53:57Z,2026-08-21T10:53:57+0200,5d6f4db6-a0f2-490a-bd97-b2641f9198d5,2026-07-22T15:00:00Z,2026-07-22T17:00:00+0200,284.5,MW,DK2,DK_2,forecast_onshore_wind_generation,Wind Onshore,2026-08-21T09:08:16Z
2026-08-21T08:53:57Z,2026-08-21T10:53:57+0200,5d6f4db6-a0f2-490a-bd97-b2641f9198d5,2026-07-22T15:15:00Z,2026-07-22T17:15:00+0200,281.0,MW,DK2,DK_2,forecast_onshore_wind_generation,Wind Onshore,2026-08-21T09:08:16Z
2026-08-21T08:53:57Z,2026-08-21T10:53:57+0200,5d6f4db6-a0f2-490a-bd97-b2641f9198d5,2026-07-22T15:30:00Z,2026-07-22T17:30:00+0200,275.833333,MW,DK2,DK_2,forecast_onshore_wind_generation,Wind Onshore,2026-08-21T09:08:16Z
2026-08-21T08:53:57Z,2026-08-21T10:53:57+0200,5d6f4db6-a0f2-490a-bd97-b2641f9198d5,2026-07-22T15:45:00Z,2026-07-22T17:45:00+0200,271.333333,MW,DK2,DK_2,forecast_onshore_wind_generation,Wind Onshore,2026-08-21T09:08:16Z
2026-08-21T08:53:57Z,2026-08-21T10:53:57+0200,5d6f4db6-a0f2-490a-bd97-b2641f9198d5,2026-07-22T16:00:00Z,2026-07-22T18:00:00+0200,265.333333,MW,DK2,DK_2,forecast_onshore_wind_generation,Wind Onshore,2026-08-21T09:08:16Z
2026-08-21T08:53:57Z,2026-08-21T10:53:57+0200,5d6f4db6-a0f2-490a-bd97-b2641f9198d5,2026-07-22T16:15:00Z,2026-07-22T18:15:00+0200,254.0,MW,DK2,DK_2,forecast_onshore_wind_generation,Wind Onshore,2026-08-21T09:08:16Z
2026-08-21T08:53:57Z,2026-08-21T10:53:57+0200,5d6f4db6-a0f2-490a-bd97-b2641f9198d5,2026-07-22T16:30:00Z,2026-07-22T18:30:00+0200,241.666666,MW,DK2,DK_2,forecast_onshore_wind_generation,Wind Onshore,2026-08-21T09:08:16Z
2026-08-21T08:53:57Z,2026-08-21T10:53:57+0200,5d6f4db6-a0f2-490a-bd97-b2641f9198d5,2026-07-22T16:45:00Z,2026-07-22T18:45:00+0200,233.666666,MW,DK2,DK_2,forecast_onshore_wind_generation,Wind Onshore,2026-08-21T09:08:16Z
2026-08-21T08:53:57Z,2026-08-21T10:53:57+0200,5d6f4db6-a0f2-490a-bd97-b2641f9198d5,2026-07-22T17:00:00Z,2026-07-22T19:00:00+0200,228.666666,MW,DK2,DK_2,forecast_onshore_wind_generation,Wind Onshore,2026-08-21T09:08:16Z
2026-08-21T08:53:57Z,2026-08-21T10:53:57+0200,5d6f4db6-a0f2-490a-bd97-b2641f9198d5,2026-07-22T17:15:00Z,2026-07-22T19:15:00+0200,224.5,MW,DK2,DK_2,forecast_onshore_wind_generation,Wind Onshore,2026-08-21T09:08:16Z
2026-08-21T08:53:57Z,2026-08-21T10:53:57+0200,5d6f4db6-a0f2-490a-bd97-b2641f9198d5,2026-07-22T17:30:00Z,2026-07-22T19:30:00+0200,221.0,MW,DK2,DK_2,forecast_onshore_wind_generation,Wind Onshore,2026-08-21T09:08:16Z
2026-08-21T08:53:57Z,2026-08-21T10:53:57+0200,5d6f4db6-a0f2-490a-bd97-b2641f9198d5,2026-07-22T17:45:00Z,2026-07-22T19:45:00+0200,218.0,MW,DK2,DK_2,forecast_onshore_wind_generation,Wind Onshore,2026-08-21T09:08:16Z
2026-08-21T08:53:57Z,2026-08-21T10:53:57+0200,5d6f4db6-a0f2-490a-bd97-b2641f9198d5,2026-07-22T18:00:00Z,2026-07-22T20:00:00+0200,212.333333,MW,DK2,DK_2,forecast_onshore_wind_generation,Wind Onshore,2026-08-21T09:08:16Z
2026-08-21T08:53:57Z,2026-08-21T10:53:57+0200,5d6f4db6-a0f2-490a-bd97-b2641f9198d5,2026-07-22T18:15:00Z,2026-07-22T20:15:00+0200,204.333333,MW,DK2,DK_2,forecast_onshore_wind_generation,Wind Onshore,2026-08-21T09:08:16Z
2026-08-21T08:53:57Z,2026-08-21T10:53:57+0200,5d6f4db6-a0f2-490a-bd97-b2641f9198d5,2026-07-22T18:30:00Z,2026-07-22T20:30:00+0200,200.5,MW,DK2,DK_2,forecast_onshore_wind_generation,Wind Onshore,2026-08-21T09:08:16Z
2026-08-21T08:53:57Z,2026-08-21T10:53:57+0200,5d6f4db6-a0f2-490a-bd97-b2641f9198d5,2026-07-22T18:45:00Z,2026-07-22T20:45:00+0200,197.666666,MW,DK2,DK_2,forecast_onshore_wind_generation,Wind Onshore,2026-08-21T09:08:16Z
2026-08-21T08:53:57Z,2026-08-21T10:53:57+0200,5d6f4db6-a0f2-490a-bd97-b2641f9198d5,2026-07-22T19:00:00Z,2026-07-22T21:00:00+0200,196.833333,MW,DK2,DK_2,forecast_onshore_wind_generation,Wind Onshore,2026-08-21T09:08:16Z
2026-08-21T08:53:57Z,2026-08-21T10:53:57+0200,5d6f4db6-a0f2-490a-bd97-b2641f9198d5,2026-07-22T19:15:00Z,2026-07-22T21:15:00+0200,197.0,MW,DK2,DK_2,forecast_onshore_wind_generation,Wind Onshore,2026-08-21T09:08:16Z
2026-08-21T08:53:57Z,2026-08-21T10:53:57+0200,5d6f4db6-a0f2-490a-bd97-b2641f9198d5,2026-07-22T19:30:00Z,2026-07-22T21:30:00+0200,198.5,MW,DK2,DK_2,forecast_onshore_wind_generation,Wind Onshore,2026-08-21T09:08:16Z
2026-08-21T08:53:57Z,2026-08-21T10:53:57+0200,5d6f4db6-a0f2-490a-bd97-b2641f9198d5,2026-07-22T19:45:00Z,2026-07-22T21:45:00+0200,199.5,MW,DK2,DK_2,forecast_onshore_wind_generation,Wind Onshore,2026-08-21T09:08:16Z
2026-08-21T08:53:57Z,2026-08-21T10:53:57+0200,5d6f4db6-a0f2-490a-bd97-b2641f9198d5,2026-07-22T20:00:00Z,2026-07-22T22:00:00+0200,201.5,MW,DK2,DK_2,forecast_onshore_wind_generation,Wind Onshore,2026-08-21T09:08:16Z
2026-08-21T08:53:57Z,2026-08-21T10:53:57+0200,5d6f4db6-a0f2-490a-bd97-b2641f9198d5,2026-07-22T20:15:00Z,2026-07-22T22:15:00+0200,203.666666,MW,DK2,DK_2,forecast_onshore_wind_generation,Wind Onshore,2026-08-21T09:08:16Z
2026-08-21T08:53:57Z,2026-08-21T10:53:57+0200,5d6f4db6-a0f2-490a-bd97-b2641f9198d5,2026-07-22T20:30:00Z,2026-07-22T22:30:00+0200,206.5,MW,DK2,DK_2,forecast_onshore_wind_generation,Wind Onshore,2026-08-21T09:08:16Z
2026-08-21T08:53:57Z,2026-08-21T10:53:57+0200,5d6f4db6-a0f2-490a-bd97-b2641f9198d5,2026-07-22T20:45:00Z,2026-07-22T22:45:00+0200,208.666666,MW,DK2,DK_2,forecast_onshore_wind_generation,Wind Onshore,2026-08-21T09:08:16Z
2026-08-21T08:53:57Z,2026-08-21T10:53:57+0200,5d6f4db6-a0f2-490a-bd97-b2641f9198d5,2026-07-22T21:00:00Z,2026-07-22T23:00:00+0200,207.833333,MW,DK2,DK_2,forecast_onshore_wind_generation,Wind Onshore,2026-08-21T09:08:16Z
2026-08-21T08:53:57Z,2026-08-21T10:53:57+0200,5d6f4db6-a0f2-490a-bd97-b2641f9198d5,2026-07-22T21:15:00Z,2026-07-22T23:15:00+0200,207.5,MW,DK2,DK_2,forecast_onshore_wind_generation,Wind Onshore,2026-08-21T09:08:16Z
2026-08-21T08:53:57Z,2026-08-21T10:53:57+0200,5d6f4db6-a0f2-490a-bd97-b2641f9198d5,2026-07-22T21:30:00Z,2026-07-22T23:30:00+0200,208.166666,MW,DK2,DK_2,forecast_onshore_wind_generation,Wind Onshore,2026-08-21T09:08:16Z
2026-08-21T08:53:57Z,2026-08-21T10:53:57+0200,5d6f4db6-a0f2-490a-bd97-b2641f9198d5,2026-07-22T21:45:00Z,2026-07-22T23:45:00+0200,210.5,MW,DK2,DK_2,forecast_onshore_wind_generation,Wind Onshore,2026-08-21T09:08:16Z
2026-08-21T08:53:57Z,2026-08-21T10:53:57+0200,5d6f4db6-a0f2-490a-bd97-b2641f9198d5,2026-07-22T22:00:00Z,2026-07-23T00:00:00+0200,202.166666,MW,DK2,DK_2,forecast_onshore_wind_generation,Wind Onshore,2026-08-21T09:08:16Z
2026-08-21T08:53:57Z,2026-08-21T10:53:57+0200,5d6f4db6-a0f2-490a-bd97-b2641f9198d5,2026-07-22T22:15:00Z,2026-07-23T00:15:00+0200,206.166666,MW,DK2,DK_2,forecast_onshore_wind_generation,Wind Onshore,2026-08-21T09:08:16Z
2026-08-21T08:53:57Z,2026-08-21T10:53:57+0200,5d6f4db6-a0f2-490a-bd97-b2641f9198d5,2026-07-22T22:30:00Z,2026-07-23T00:30:00+0200,211.333333,MW,DK2,DK_2,forecast_onshore_wind_generation,Wind Onshore,2026-08-21T09:08:16Z
2026-08-21T08:53:57Z,2026-08-21T10:53:57+0200,5d6f4db6-a0f2-490a-bd97-b2641f9198d5,2026-07-22T22:45:00Z,2026-07-23T00:45:00+0200,213.833333,MW,DK2,DK_2,forecast_onshore_wind_generation,Wind Onshore,2026-08-21T09:08:16Z
2026-08-21T08:53:57Z,2026-08-21T10:53:57+0200,5d6f4db6-a0f2-490a-bd97-b2641f9198d5,2026-07-22T23:00:00Z,2026-07-23T01:00:00+0200,214.5,MW,DK2,DK_2,forecast_onshore_wind_generation,Wind Onshore,2026-08-21T09:08:16Z
2026-08-21T08:53:57Z,2026-08-21T10:53:57+0200,5d6f4db6-a0f2-490a-bd97-b2641f9198d5,2026-07-22T23:15:00Z,2026-07-23T01:15:00+0200,215.166666,MW,DK2,DK_2,forecast_onshore_wind_generation,Wind Onshore,2026-08-21T09:08:16Z
2026-08-21T08:53:57Z,2026-08-21T10:53:57+0200,5d6f4db6-a0f2-490a-bd97-b2641f9198d5,2026-07-22T23:30:00Z,2026-07-23T01:30:00+0200,216.333333,MW,DK2,DK_2,forecast_onshore_wind_generation,Wind Onshore,2026-08-21T09:08:16Z
2026-08-21T08:53:57Z,2026-08-21T10:53:57+0200,5d6f4db6-a0f2-490a-bd97-b2641f9198d5,2026-07-22T23:45:00Z,2026-07-23T01:45:00+0200,216.0,MW,DK2,DK_2,forecast_onshore_wind_generation,Wind Onshore,2026-08-21T09:08:16Z
2026-08-21T08:53:57Z,2026-08-21T10:53:57+0200,5d6f4db6-a0f2-490a-bd97-b2641f9198d5,2026-07-23T00:00:00Z,2026-07-23T02:00:00+0200,213.833333,MW,DK2,DK_2,forecast_onshore_wind_generation,Wind Onshore,2026-08-21T09:08:16Z
2026-08-21T08:53:57Z,2026-08-21T10:53:57+0200,5d6f4db6-a0f2-490a-bd97-b2641f9198d5,2026-07-23T00:15:00Z,2026-07-23T02:15:00+0200,207.333333,MW,DK2,DK_2,forecast_onshore_wind_generation,Wind Onshore,2026-08-21T09:08:16Z
2026-08-21T08:53:57Z,2026-08-21T10:53:57+0200,5d6f4db6-a0f2-490a-bd97-b2641f9198d5,2026-07-23T00:30:00Z,2026-07-23T02:30:00+0200,198.5,MW,DK2,DK_2,forecast_onshore_wind_generation,Wind Onshore,2026-08-21T09:08:16Z
2026-08-21T08:53:57Z,2026-08-21T10:53:57+0200,5d6f4db6-a0f2-490a-bd97-b2641f9198d5,2026-07-23T00:45:00Z,2026-07-23T02:45:00+0200,190.5,MW,DK2,DK_2,forecast_onshore_wind_generation,Wind Onshore,2026-08-21T09:08:16Z
2026-08-21T08:53:57Z,2026-08-21T10:53:57+0200,5d6f4db6-a0f2-490a-bd97-b2641f9198d5,2026-07-23T01:00:00Z,2026-07-23T03:00:00+0200,183.166666,MW,DK2,DK_2,forecast_onshore_wind_generation,Wind Onshore,2026-08-21T09:08:16Z
2026-08-21T08:53:57Z,2026-08-21T10:53:57+0200,5d6f4db6-a0f2-490a-bd97-b2641f9198d5,2026-07-23T01:15:00Z,2026-07-23T03:15:00+0200,173.0,MW,DK2,DK_2,forecast_onshore_wind_generation,Wind Onshore,2026-08-21T09:08:16Z
2026-08-21T08:53:57Z,2026-08-21T10:53:57+0200,5d6f4db6-a0f2-490a-bd97-b2641f9198d5,2026-07-23T01:30:00Z,2026-07-23T03:30:00+0200,163.666666,MW,DK2,DK_2,forecast_onshore_wind_generation,Wind Onshore,2026-08-21T09:08:16Z
2026-08-21T08:53:57Z,2026-08-21T10:53:57+0200,5d6f4db6-a0f2-490a-bd97-b2641f9198d5,2026-07-23T01:45:00Z,2026-07-23T03:45:00+0200,157.166666,MW,DK2,DK_2,forecast_onshore_wind_generation,Wind Onshore,2026-08-21T09:08:16Z
2026-08-21T08:53:57Z,2026-08-21T10:53:57+0200,5d6f4db6-a0f2-490a-bd97-b2641f9198d5,2026-07-23T02:00:00Z,2026-07-23T04:00:00+0200,153.5,MW,DK2,DK_2,forecast_onshore_wind_generation,Wind Onshore,2026-08-21T09:08:16Z
2026-08-21T08:53:57Z,2026-08-21T10:53:57+0200,5d6f4db6-a0f2-490a-bd97-b2641f9198d5,2026-07-23T02:15:00Z,2026-07-23T04:15:00+0200,150.333333,MW,DK2,DK_2,forecast_onshore_wind_generation,Wind Onshore,2026-08-21T09:08:16Z
2026-08-21T08:53:57Z,2026-08-21T10:53:57+0200,5d6f4db6-a0f2-490a-bd97-b2641f9198d5,2026-07-23T02:30:00Z,2026-07-23T04:30:00+0200,146.5,MW,DK2,DK_2,forecast_onshore_wind_generation,Wind Onshore,2026-08-21T09:08:16Z
2026-08-21T08:53:57Z,2026-08-21T10:53:57+0200,5d6f4db6-a0f2-490a-bd97-b2641f9198d5,2026-07-23T02:45:00Z,2026-07-23T04:45:00+0200,143.5,MW,DK2,DK_2,forecast_onshore_wind_generation,Wind Onshore,2026-08-21T09:08:16Z
2026-08-21T08:53:57Z,2026-08-21T10:53:57+0200,5d6f4db6-a0f2-490a-bd97-b2641f9198d5,2026-07-23T03:00:00Z,2026-07-23T05:00:00+0200,139.666666,MW,DK2,DK_2,forecast_onshore_wind_generation,Wind Onshore,2026-08-21T09:08:16Z
2026-08-21T08:53:57Z,2026-08-21T10:53:57+0200,5d6f4db6-a0f2-490a-bd97-b2641f9198d5,2026-07-23T03:15:00Z,2026-07-23T05:15:00+0200,135.833333,MW,DK2,DK_2,forecast_onshore_wind_generation,Wind Onshore,2026-08-21T09:08:16Z
2026-08-21T08:53:57Z,2026-08-21T10:53:57+0200,5d6f4db6-a0f2-490a-bd97-b2641f9198d5,2026-07-23T03:30:00Z,2026-07-23T05:30:00+0200,133.5,MW,DK2,DK_2,forecast_onshore_wind_generation,Wind Onshore,2026-08-21T09:08:16Z
2026-08-21T08:53:57Z,2026-08-21T10:53:57+0200,5d6f4db6-a0f2-490a-bd97-b2641f9198d5,2026-07-23T03:45:00Z,2026-07-23T05:45:00+0200,130.666666,MW,DK2,DK_2,forecast_onshore_wind_generation,Wind Onshore,2026-08-21T09:08:16Z
2026-08-21T08:53:57Z,2026-08-21T10:53:57+0200,5d6f4db6-a0f2-490a-bd97-b2641f9198d5,2026-07-23T04:00:00Z,2026-07-23T06:00:00+0200,128.666666,MW,DK2,DK_2,forecast_onshore_wind_generation,Wind Onshore,2026-08-21T09:08:16Z
2026-08-21T08:53:57Z,2026-08-21T10:53:57+0200,5d6f4db6-a0f2-490a-bd97-b2641f9198d5,2026-07-23T04:15:00Z,2026-07-23T06:15:00+0200,126.333333,MW,DK2,DK_2,forecast_onshore_wind_generation,Wind Onshore,2026-08-21T09:08:16Z
2026-08-21T08:53:57Z,2026-08-21T10:53:57+0200,5d6f4db6-a0f2-490a-bd97-b2641f9198d5,2026-07-23T04:30:00Z,2026-07-23T06:30:00+0200,122.0,MW,DK2,DK_2,forecast_onshore_wind_generation,Wind Onshore,2026-08-21T09:08:16Z
2026-08-21T08:53:57Z,2026-08-21T10:53:57+0200,5d6f4db6-a0f2-490a-bd97-b2641f9198d5,2026-07-23T04:45:00Z,2026-07-23T06:45:00+0200,117.666666,MW,DK2,DK_2,forecast_onshore_wind_generation,Wind Onshore,2026-08-21T09:08:16Z
2026-08-21T08:53:57Z,2026-08-21T10:53:57+0200,5d6f4db6-a0f2-490a-bd97-b2641f9198d5,2026-07-23T05:00:00Z,2026-07-23T07:00:00+0200,113.666666,MW,DK2,DK_2,forecast_onshore_wind_generation,Wind Onshore,2026-08-21T09:08:16Z
2026-08-21T08:53:57Z,2026-08-21T10:53:57+0200,5d6f4db6-a0f2-490a-bd97-b2641f9198d5,2026-07-23T05:15:00Z,2026-07-23T07:15:00+0200,110.5,MW,DK2,DK_2,forecast_onshore_wind_generation,Wind Onshore,2026-08-21T09:08:16Z
2026-08-21T08:53:57Z,2026-08-21T10:53:57+0200,5d6f4db6-a0f2-490a-bd97-b2641f9198d5,2026-07-23T05:30:00Z,2026-07-23T07:30:00+0200,107.333333,MW,DK2,DK_2,forecast_onshore_wind_generation,Wind Onshore,2026-08-21T09:08:16Z
2026-08-21T08:53:57Z,2026-08-21T10:53:57+0200,5d6f4db6-a0f2-490a-bd97-b2641f9198d5,2026-07-23T05:45:00Z,2026-07-23T07:45:00+0200,103.333333,MW,DK2,DK_2,forecast_onshore_wind_generation,Wind Onshore,2026-08-21T09:08:16Z
2026-08-21T08:53:57Z,2026-08-21T10:53:57+0200,5d6f4db6-a0f2-490a-bd97-b2641f9198d5,2026-07-23T06:00:00Z,2026-07-23T08:00:00+0200,99.0,MW,DK2,DK_2,forecast_onshore_wind_generation,Wind Onshore,2026-08-21T09:08:16Z
2026-08-21T08:53:57Z,2026-08-21T10:53:57+0200,5d6f4db6-a0f2-490a-bd97-b2641f9198d5,2026-07-23T06:15:00Z,2026-07-23T08:15:00+0200,95.0,MW,DK2,DK_2,forecast_onshore_wind_generation,Wind Onshore,2026-08-21T09:08:16Z
2026-08-21T08:53:57Z,2026-08-21T10:53:57+0200,5d6f4db6-a0f2-490a-bd97-b2641f9198d5,2026-07-23T06:30:00Z,2026-07-23T08:30:00+0200,92.5,MW,DK2,DK_2,forecast_onshore_wind_generation,Wind Onshore,2026-08-21T09:08:16Z
2026-08-21T08:53:57Z,2026-08-21T10:53:57+0200,5d6f4db6-a0f2-490a-bd97-b2641f9198d5,2026-07-23T06:45:00Z,2026-07-23T08:45:00+0200,92.666666,MW,DK2,DK_2,forecast_onshore_wind_generation,Wind Onshore,2026-08-21T09:08:16Z
2026-08-21T08:53:57Z,2026-08-21T10:53:57+0200,5d6f4db6-a0f2-490a-bd97-b2641f9198d5,2026-07-23T07:00:00Z,2026-07-23T09:00:00+0200,96.333333,MW,DK2,DK_2,forecast_onshore_wind_generation,Wind Onshore,2026-08-21T09:08:16Z
2026-08-21T08:53:57Z,2026-08-21T10:53:57+0200,5d6f4db6-a0f2-490a-bd97-b2641f9198d5,2026-07-23T07:15:00Z,2026-07-23T09:15:00+0200,98.0,MW,DK2,DK_2,forecast_onshore_wind_generation,Wind Onshore,2026-08-21T09:08:16Z
2026-08-21T08:53:57Z,2026-08-21T10:53:57+0200,5d6f4db6-a0f2-490a-bd97-b2641f9198d5,2026-07-23T07:30:00Z,2026-07-23T09:30:00+0200,98.166666,MW,DK2,DK_2,forecast_onshore_wind_generation,Wind Onshore,2026-08-21T09:08:16Z
2026-08-21T08:53:57Z,2026-08-21T10:53:57+0200,5d6f4db6-a0f2-490a-bd97-b2641f9198d5,2026-07-23T07:45:00Z,2026-07-23T09:45:00+0200,100.333333,MW,DK2,DK_2,forecast_onshore_wind_generation,Wind Onshore,2026-08-21T09:08:16Z
2026-08-21T08:53:57Z,2026-08-21T10:53:57+0200,5d6f4db6-a0f2-490a-bd97-b2641f9198d5,2026-07-23T08:00:00Z,2026-07-23T10:00:00+0200,102.5,MW,DK2,DK_2,forecast_onshore_wind_generation,Wind Onshore,2026-08-21T09:08:16Z
2026-08-21T08:53:57Z,2026-08-21T10:53:57+0200,5d6f4db6-a0f2-490a-bd97-b2641f9198d5,2026-07-23T08:15:00Z,2026-07-23T10:15:00+0200,104.833333,MW,DK2,DK_2,forecast_onshore_wind_generation,Wind Onshore,2026-08-21T09:08:16Z
2026-08-21T08:53:57Z,2026-08-21T10:53:57+0200,5d6f4db6-a0f2-490a-bd97-b2641f9198d5,2026-07-23T08:30:00Z,2026-07-23T10:30:00+0200,105.5,MW,DK2,DK_2,forecast_onshore_wind_generation,Wind Onshore,2026-08-21T09:08:16Z
2026-08-21T08:53:57Z,2026-08-21T10:53:57+0200,5d6f4db6-a0f2-490a-bd97-b2641f9198d5,2026-07-23T08:45:00Z,2026-07-23T10:45:00+0200,107.5,MW,DK2,DK_2,forecast_onshore_wind_generation,Wind Onshore,2026-08-21T09:08:16Z
2026-08-21T08:53:57Z,2026-08-21T10:53:57+0200,5d6f4db6-a0f2-490a-bd97-b2641f9198d5,2026-07-23T09:00:00Z,2026-07-23T11:00:00+0200,111.0,MW,DK2,DK_2,forecast_onshore_wind_generation,Wind Onshore,2026-08-21T09:08:16Z
2026-08-21T08:53:57Z,2026-08-21T10:53:57+0200,5d6f4db6-a0f2-490a-bd97-b2641f9198d5,2026-07-23T09:15:00Z,2026-07-23T11:15:00+0200,116.0,MW,DK2,DK_2,forecast_onshore_wind_generation,Wind Onshore,2026-08-21T09:08:16Z
2026-08-21T08:53:57Z,2026-08-21T10:53:57+0200,5d6f4db6-a0f2-490a-bd97-b2641f9198d5,2026-07-23T09:30:00Z,2026-07-23T11:30:00+0200,121.666666,MW,DK2,DK_2,forecast_onshore_wind_generation,Wind Onshore,2026-08-21T09:08:16Z
2026-08-21T08:53:57Z,2026-08-21T10:53:57+0200,5d6f4db6-a0f2-490a-bd97-b2641f9198d5,2026-07-23T09:45:00Z,2026-07-23T11:45:00+0200,129.5,MW,DK2,DK_2,forecast_onshore_wind_generation,Wind Onshore,2026-08-21T09:08:16Z
2026-08-21T08:53:57Z,2026-08-21T10:53:57+0200,5d6f4db6-a0f2-490a-bd97-b2641f9198d5,2026-07-23T10:00:00Z,2026-07-23T12:00:00+0200,137.666666,MW,DK2,DK_2,forecast_onshore_wind_generation,Wind Onshore,2026-08-21T09:08:16Z
2026-08-21T08:53:57Z,2026-08-21T10:53:57+0200,5d6f4db6-a0f2-490a-bd97-b2641f9198d5,2026-07-23T10:15:00Z,2026-07-23T12:15:00+0200,142.333333,MW,DK2,DK_2,forecast_onshore_wind_generation,Wind Onshore,2026-08-21T09:08:16Z
2026-08-21T08:53:57Z,2026-08-21T10:53:57+0200,5d6f4db6-a0f2-490a-bd97-b2641f9198d5,2026-07-23T10:30:00Z,2026-07-23T12:30:00+0200,143.833333,MW,DK2,DK_2,forecast_onshore_wind_generation,Wind Onshore,2026-08-21T09:08:16Z
2026-08-21T08:53:57Z,2026-08-21T10:53:57+0200,5d6f4db6-a0f2-490a-bd97-b2641f9198d5,2026-07-23T10:45:00Z,2026-07-23T12:45:00+0200,142.5,MW,DK2,DK_2,forecast_onshore_wind_generation,Wind Onshore,2026-08-21T09:08:16Z
2026-08-21T08:53:57Z,2026-08-21T10:53:57+0200,5d6f4db6-a0f2-490a-bd97-b2641f9198d5,2026-07-23T11:00:00Z,2026-07-23T13:00:00+0200,143.0,MW,DK2,DK_2,forecast_onshore_wind_generation,Wind Onshore,2026-08-21T09:08:16Z
2026-08-21T08:53:57Z,2026-08-21T10:53:57+0200,5d6f4db6-a0f2-490a-bd97-b2641f9198d5,2026-07-23T11:15:00Z,2026-07-23T13:15:00+0200,145.333333,MW,DK2,DK_2,forecast_onshore_wind_generation,Wind Onshore,2026-08-21T09:08:16Z
2026-08-21T08:53:57Z,2026-08-21T10:53:57+0200,5d6f4db6-a0f2-490a-bd97-b2641f9198d5,2026-07-23T11:30:00Z,2026-07-23T13:30:00+0200,147.333333,MW,DK2,DK_2,forecast_onshore_wind_generation,Wind Onshore,2026-08-21T09:08:16Z
2026-08-21T08:53:57Z,2026-08-21T10:53:57+0200,5d6f4db6-a0f2-490a-bd97-b2641f9198d5,2026-07-23T11:45:00Z,2026-07-23T13:45:00+0200,146.5,MW,DK2,DK_2,forecast_onshore_wind_generation,Wind Onshore,2026-08-21T09:08:16Z
2026-08-21T08:53:57Z,2026-08-21T10:53:57+0200,5d6f4db6-a0f2-490a-bd97-b2641f9198d5,2026-07-23T12:00:00Z,2026-07-23T14:00:00+0200,142.833333,MW,DK2,DK_2,forecast_onshore_wind_generation,Wind Onshore,2026-08-21T09:08:16Z
2026-08-21T08:53:57Z,2026-08-21T10:53:57+0200,5d6f4db6-a0f2-490a-bd97-b2641f9198d5,2026-07-23T12:15:00Z,2026-07-23T14:15:00+0200,138.333333,MW,DK2,DK_2,forecast_onshore_wind_generation,Wind Onshore,2026-08-21T09:08:16Z
2026-08-21T08:53:57Z,2026-08-21T10:53:57+0200,5d6f4db6-a0f2-490a-bd97-b2641f9198d5,2026-07-23T12:30:00Z,2026-07-23T14:30:00+0200,134.5,MW,DK2,DK_2,forecast_onshore_wind_generation,Wind Onshore,2026-08-21T09:08:16Z
2026-08-21T08:53:57Z,2026-08-21T10:53:57+0200,5d6f4db6-a0f2-490a-bd97-b2641f9198d5,2026-07-23T12:45:00Z,2026-07-23T14:45:00+0200,131.666666,MW,DK2,DK_2,forecast_onshore_wind_generation,Wind Onshore,2026-08-21T09:08:16Z
2026-08-21T08:53:57Z,2026-08-21T10:53:57+0200,5d6f4db6-a0f2-490a-bd97-b2641f9198d5,2026-07-23T13:00:00Z,2026-07-23T15:00:00+0200,130.166666,MW,DK2,DK_2,forecast_onshore_wind_generation,Wind Onshore,2026-08-21T09:08:16Z
2026-08-21T08:53:57Z,2026-08-21T10:53:57+0200,5d6f4db6-a0f2-490a-bd97-b2641f9198d5,2026-07-23T13:15:00Z,2026-07-23T15:15:00+0200,129.5,MW,DK2,DK_2,forecast_onshore_wind_generation,Wind Onshore,2026-08-21T09:08:16Z
2026-08-21T08:53:57Z,2026-08-21T10:53:57+0200,5d6f4db6-a0f2-490a-bd97-b2641f9198d5,2026-07-23T13:30:00Z,2026-07-23T15:30:00+0200,128.166666,MW,DK2,DK_2,forecast_onshore_wind_generation,Wind Onshore,2026-08-21T09:08:16Z
2026-08-21T08:53:57Z,2026-08-21T10:53:57+0200,5d6f4db6-a0f2-490a-bd97-b2641f9198d5,2026-07-23T13:45:00Z,2026-07-23T15:45:00+0200,128.333333,MW,DK2,DK_2,forecast_onshore_wind_generation,Wind Onshore,2026-08-21T09:08:16Z
2026-08-21T08:53:57Z,2026-08-21T10:53:57+0200,5d6f4db6-a0f2-490a-bd97-b2641f9198d5,2026-07-23T14:00:00Z,2026-07-23T16:00:00+0200,128.166666,MW,DK2,DK_2,forecast_onshore_wind_generation,Wind Onshore,2026-08-21T09:08:16Z
2026-08-21T08:53:57Z,2026-08-21T10:53:57+0200,5d6f4db6-a0f2-490a-bd97-b2641f9198d5,2026-07-23T14:15:00Z,2026-07-23T16:15:00+0200,129.5,MW,DK2,DK_2,forecast_onshore_wind_generation,Wind Onshore,2026-08-21T09:08:16Z
2026-08-21T08:53:57Z,2026-08-21T10:53:57+0200,5d6f4db6-a0f2-490a-bd97-b2641f9198d5,2026-07-23T14:30:00Z,2026-07-23T16:30:00+0200,129.833333,MW,DK2,DK_2,forecast_onshore_wind_generation,Wind Onshore,2026-08-21T09:08:16Z
2026-08-21T08:53:57Z,2026-08-21T10:53:57+0200,5d6f4db6-a0f2-490a-bd97-b2641f9198d5,2026-07-23T14:45:00Z,2026-07-23T16:45:00+0200,127.5,MW,DK2,DK_2,forecast_onshore_wind_generation,Wind Onshore,2026-08-21T09:08:16Z
2026-08-21T08:53:57Z,2026-08-21T10:53:57+0200,5d6f4db6-a0f2-490a-bd97-b2641f9198d5,2026-07-23T15:00:00Z,2026-07-23T17:00:00+0200,122.166666,MW,DK2,DK_2,forecast_onshore_wind_generation,Wind Onshore,2026-08-21T09:08:16Z
2026-08-21T08:53:57Z,2026-08-21T10:53:57+0200,5d6f4db6-a0f2-490a-bd97-b2641f9198d5,2026-07-23T15:15:00Z,2026-07-23T17:15:00+0200,108.166666,MW,DK2,DK_2,forecast_onshore_wind_generation,Wind Onshore,2026-08-21T09:08:16Z
2026-08-21T08:53:57Z,2026-08-21T10:53:57+0200,5d6f4db6-a0f2-490a-bd97-b2641f9198d5,2026-07-23T15:30:00Z,2026-07-23T17:30:00+0200,92.333333,MW,DK2,DK_2,forecast_onshore_wind_generation,Wind Onshore,2026-08-21T09:08:16Z
2026-08-21T08:53:57Z,2026-08-21T10:53:57+0200,5d6f4db6-a0f2-490a-bd97-b2641f9198d5,2026-07-23T15:45:00Z,2026-07-23T17:45:00+0200,78.0,MW,DK2,DK_2,forecast_onshore_wind_generation,Wind Onshore,2026-08-21T09:08:16Z
2026-08-21T08:53:57Z,2026-08-21T10:53:57+0200,5d6f4db6-a0f2-490a-bd97-b2641f9198d5,2026-07-23T16:00:00Z,2026-07-23T18:00:00+0200,67.0,MW,DK2,DK_2,forecast_onshore_wind_generation,Wind Onshore,2026-08-21T09:08:16Z
2026-08-21T08:53:57Z,2026-08-21T10:53:57+0200,5d6f4db6-a0f2-490a-bd97-b2641f9198d5,2026-07-23T16:15:00Z,2026-07-23T18:15:00+0200,58.0,MW,DK2,DK_2,forecast_onshore_wind_generation,Wind Onshore,2026-08-21T09:08:16Z
2026-08-21T08:53:57Z,2026-08-21T10:53:57+0200,5d6f4db6-a0f2-490a-bd97-b2641f9198d5,2026-07-23T16:30:00Z,2026-07-23T18:30:00+0200,50.5,MW,DK2,DK_2,forecast_onshore_wind_generation,Wind Onshore,2026-08-21T09:08:16Z
2026-08-21T08:53:57Z,2026-08-21T10:53:57+0200,5d6f4db6-a0f2-490a-bd97-b2641f9198d5,2026-07-23T16:45:00Z,2026-07-23T18:45:00+0200,44.0,MW,DK2,DK_2,forecast_onshore_wind_generation,Wind Onshore,2026-08-21T09:08:16Z
2026-08-21T08:53:57Z,2026-08-21T10:53:57+0200,5d6f4db6-a0f2-490a-bd97-b2641f9198d5,2026-07-23T17:00:00Z,2026-07-23T19:00:00+0200,38.5,MW,DK2,DK_2,forecast_onshore_wind_generation,Wind Onshore,2026-08-21T09:08:16Z
2026-08-21T08:53:57Z,2026-08-21T10:53:57+0200,5d6f4db6-a0f2-490a-bd97-b2641f9198d5,2026-07-23T17:15:00Z,2026-07-23T19:15:00+0200,34.666666,MW,DK2,DK_2,forecast_onshore_wind_generation,Wind Onshore,2026-08-21T09:08:16Z
2026-08-21T08:53:57Z,2026-08-21T10:53:57+0200,5d6f4db6-a0f2-490a-bd97-b2641f9198d5,2026-07-23T17:30:00Z,2026-07-23T19:30:00+0200,33.166666,MW,DK2,DK_2,forecast_onshore_wind_generation,Wind Onshore,2026-08-21T09:08:16Z
2026-08-21T08:53:57Z,2026-08-21T10:53:57+0200,5d6f4db6-a0f2-490a-bd97-b2641f9198d5,2026-07-23T17:45:00Z,2026-07-23T19:45:00+0200,33.0,MW,DK2,DK_2,forecast_onshore_wind_generation,Wind Onshore,2026-08-21T09:08:16Z
2026-08-21T08:53:57Z,2026-08-21T10:53:57+0200,5d6f4db6-a0f2-490a-bd97-b2641f9198d5,2026-07-23T18:00:00Z,2026-07-23T20:00:00+0200,34.0,MW,DK2,DK_2,forecast_onshore_wind_generation,Wind Onshore,2026-08-21T09:08:16Z
2026-08-21T08:53:57Z,2026-08-21T10:53:57+0200,5d6f4db6-a0f2-490a-bd97-b2641f9198d5,2026-07-23T18:15:00Z,2026-07-23T20:15:00+0200,35.833333,MW,DK2,DK_2,forecast_onshore_wind_generation,Wind Onshore,2026-08-21T09:08:16Z
2026-08-21T08:53:57Z,2026-08-21T10:53:57+0200,5d6f4db6-a0f2-490a-bd97-b2641f9198d5,2026-07-23T18:30:00Z,2026-07-23T20:30:00+0200,36.0,MW,DK2,DK_2,forecast_onshore_wind_generation,Wind Onshore,2026-08-21T09:08:16Z
2026-08-21T08:53:57Z,2026-08-21T10:53:57+0200,5d6f4db6-a0f2-490a-bd97-b2641f9198d5,2026-07-23T18:45:00Z,2026-07-23T20:45:00+0200,37.0,MW,DK2,DK_2,forecast_onshore_wind_generation,Wind Onshore,2026-08-21T09:08:16Z
2026-08-21T08:53:57Z,2026-08-21T10:53:57+0200,5d6f4db6-a0f2-490a-bd97-b2641f9198d5,2026-07-23T19:00:00Z,2026-07-23T21:00:00+0200,39.333333,MW,DK2,DK_2,forecast_onshore_wind_generation,Wind Onshore,2026-08-21T09:08:16Z
2026-08-21T08:53:57Z,2026-08-21T10:53:57+0200,5d6f4db6-a0f2-490a-bd97-b2641f9198d5,2026-07-23T19:15:00Z,2026-07-23T21:15:00+0200,41.0,MW,DK2,DK_2,forecast_onshore_wind_generation,Wind Onshore,2026-08-21T09:08:16Z
2026-08-21T08:53:57Z,2026-08-21T10:53:57+0200,5d6f4db6-a0f2-490a-bd97-b2641f9198d5,2026-07-23T19:30:00Z,2026-07-23T21:30:00+0200,44.166666,MW,DK2,DK_2,forecast_onshore_wind_generation,Wind Onshore,2026-08-21T09:08:16Z
2026-08-21T08:53:57Z,2026-08-21T10:53:57+0200,5d6f4db6-a0f2-490a-bd97-b2641f9198d5,2026-07-23T19:45:00Z,2026-07-23T21:45:00+0200,49.166666,MW,DK2,DK_2,forecast_onshore_wind_generation,Wind Onshore,2026-08-21T09:08:16Z
2026-08-21T08:53:57Z,2026-08-21T10:53:57+0200,5d6f4db6-a0f2-490a-bd97-b2641f9198d5,2026-07-23T20:00:00Z,2026-07-23T22:00:00+0200,55.666666,MW,DK2,DK_2,forecast_onshore_wind_generation,Wind Onshore,2026-08-21T09:08:16Z
2026-08-21T08:53:57Z,2026-08-21T10:53:57+0200,5d6f4db6-a0f2-490a-bd97-b2641f9198d5,2026-07-23T20:15:00Z,2026-07-23T22:15:00+0200,64.5,MW,DK2,DK_2,forecast_onshore_wind_generation,Wind Onshore,2026-08-21T09:08:16Z
2026-08-21T08:53:57Z,2026-08-21T10:53:57+0200,5d6f4db6-a0f2-490a-bd97-b2641f9198d5,2026-07-23T20:30:00Z,2026-07-23T22:30:00+0200,73.333333,MW,DK2,DK_2,forecast_onshore_wind_generation,Wind Onshore,2026-08-21T09:08:16Z
2026-08-21T08:53:57Z,2026-08-21T10:53:57+0200,5d6f4db6-a0f2-490a-bd97-b2641f9198d5,2026-07-23T20:45:00Z,2026-07-23T22:45:00+0200,79.166666,MW,DK2,DK_2,forecast_onshore_wind_generation,Wind Onshore,2026-08-21T09:08:16Z
2026-08-21T08:53:57Z,2026-08-21T10:53:57+0200,5d6f4db6-a0f2-490a-bd97-b2641f9198d5,2026-07-23T21:00:00Z,2026-07-23T23:00:00+0200,80.0,MW,DK2,DK_2,forecast_onshore_wind_generation,Wind Onshore,2026-08-21T09:08:16Z
2026-08-21T08:53:57Z,2026-08-21T10:53:57+0200,5d6f4db6-a0f2-490a-bd97-b2641f9198d5,2026-07-23T21:15:00Z,2026-07-23T23:15:00+0200,79.166666,MW,DK2,DK_2,forecast_onshore_wind_generation,Wind Onshore,2026-08-21T09:08:16Z
2026-08-21T08:53:57Z,2026-08-21T10:53:57+0200,5d6f4db6-a0f2-490a-bd97-b2641f9198d5,2026-07-23T21:30:00Z,2026-07-23T23:30:00+0200,79.0,MW,DK2,DK_2,forecast_onshore_wind_generation,Wind Onshore,2026-08-21T09:08:16Z
2026-08-21T08:53:57Z,2026-08-21T10:53:57+0200,5d6f4db6-a0f2-490a-bd97-b2641f9198d5,2026-07-23T21:45:00Z,2026-07-23T23:45:00+0200,79.166666,MW,DK2,DK_2,forecast_onshore_wind_generation,Wind Onshore,2026-08-21T09:08:16Z
2026-08-21T08:53:57Z,2026-08-21T10:53:57+0200,5d6f4db6-a0f2-490a-bd97-b2641f9198d5,2026-07-23T22:00:00Z,2026-07-24T00:00:00+0200,180.5,MW,DK2,DK_2,forecast_onshore_wind_generation,Wind Onshore,2026-08-21T09:08:16Z
2026-08-21T08:53:57Z,2026-08-21T10:53:57+0200,5d6f4db6-a0f2-490a-bd97-b2641f9198d5,2026-07-23T22:15:00Z,2026-07-24T00:15:00+0200,177.5,MW,DK2,DK_2,forecast_onshore_wind_generation,Wind Onshore,2026-08-21T09:08:16Z
2026-08-21T08:53:57Z,2026-08-21T10:53:57+0200,5d6f4db6-a0f2-490a-bd97-b2641f9198d5,2026-07-23T22:30:00Z,2026-07-24T00:30:00+0200,174.333333,MW,DK2,DK_2,forecast_onshore_wind_generation,Wind Onshore,2026-08-21T09:08:16Z
2026-08-21T08:53:57Z,2026-08-21T10:53:57+0200,5d6f4db6-a0f2-490a-bd97-b2641f9198d5,2026-07-23T22:45:00Z,2026-07-24T00:45:00+0200,169.833333,MW,DK2,DK_2,forecast_onshore_wind_generation,Wind Onshore,2026-08-21T09:08:16Z
2026-08-21T08:53:57Z,2026-08-21T10:53:57+0200,5d6f4db6-a0f2-490a-bd97-b2641f9198d5,2026-07-23T23:00:00Z,2026-07-24T01:00:00+0200,164.0,MW,DK2,DK_2,forecast_onshore_wind_generation,Wind Onshore,2026-08-21T09:08:16Z
2026-08-21T08:53:57Z,2026-08-21T10:53:57+0200,5d6f4db6-a0f2-490a-bd97-b2641f9198d5,2026-07-23T23:15:00Z,2026-07-24T01:15:00+0200,158.166666,MW,DK2,DK_2,forecast_onshore_wind_generation,Wind Onshore,2026-08-21T09:08:16Z
2026-08-21T08:53:57Z,2026-08-21T10:53:57+0200,5d6f4db6-a0f2-490a-bd97-b2641f9198d5,2026-07-23T23:30:00Z,2026-07-24T01:30:00+0200,153.666666,MW,DK2,DK_2,forecast_onshore_wind_generation,Wind Onshore,2026-08-21T09:08:16Z
2026-08-21T08:53:57Z,2026-08-21T10:53:57+0200,5d6f4db6-a0f2-490a-bd97-b2641f9198d5,2026-07-23T23:45:00Z,2026-07-24T01:45:00+0200,150.5,MW,DK2,DK_2,forecast_onshore_wind_generation,Wind Onshore,2026-08-21T09:08:16Z
2026-08-21T08:53:57Z,2026-08-21T10:53:57+0200,5d6f4db6-a0f2-490a-bd97-b2641f9198d5,2026-07-24T00:00:00Z,2026-07-24T02:00:00+0200,147.0,MW,DK2,DK_2,forecast_onshore_wind_generation,Wind Onshore,2026-08-21T09:08:16Z
2026-08-21T08:53:57Z,2026-08-21T10:53:57+0200,5d6f4db6-a0f2-490a-bd97-b2641f9198d5,2026-07-24T00:15:00Z,2026-07-24T02:15:00+0200,142.833333,MW,DK2,DK_2,forecast_onshore_wind_generation,Wind Onshore,2026-08-21T09:08:16Z
2026-08-21T08:53:57Z,2026-08-21T10:53:57+0200,5d6f4db6-a0f2-490a-bd97-b2641f9198d5,2026-07-24T00:30:00Z,2026-07-24T02:30:00+0200,138.5,MW,DK2,DK_2,forecast_onshore_wind_generation,Wind Onshore,2026-08-21T09:08:16Z
2026-08-21T08:53:57Z,2026-08-21T10:53:57+0200,5d6f4db6-a0f2-490a-bd97-b2641f9198d5,2026-07-24T00:45:00Z,2026-07-24T02:45:00+0200,135.666666,MW,DK2,DK_2,forecast_onshore_wind_generation,Wind Onshore,2026-08-21T09:08:16Z
2026-08-21T08:53:57Z,2026-08-21T10:53:57+0200,5d6f4db6-a0f2-490a-bd97-b2641f9198d5,2026-07-24T01:00:00Z,2026-07-24T03:00:00+0200,133.5,MW,DK2,DK_2,forecast_onshore_wind_generation,Wind Onshore,2026-08-21T09:08:16Z
2026-08-21T08:53:57Z,2026-08-21T10:53:57+0200,5d6f4db6-a0f2-490a-bd97-b2641f9198d5,2026-07-24T01:15:00Z,2026-07-24T03:15:00+0200,131.5,MW,DK2,DK_2,forecast_onshore_wind_generation,Wind Onshore,2026-08-21T09:08:16Z
2026-08-21T08:53:57Z,2026-08-21T10:53:57+0200,5d6f4db6-a0f2-490a-bd97-b2641f9198d5,2026-07-24T01:30:00Z,2026-07-24T03:30:00+0200,131.166666,MW,DK2,DK_2,forecast_onshore_wind_generation,Wind Onshore,2026-08-21T09:08:16Z
2026-08-21T08:53:57Z,2026-08-21T10:53:57+0200,5d6f4db6-a0f2-490a-bd97-b2641f9198d5,2026-07-24T01:45:00Z,2026-07-24T03:45:00+0200,131.333333,MW,DK2,DK_2,forecast_onshore_wind_generation,Wind Onshore,2026-08-21T09:08:16Z
2026-08-21T08:53:57Z,2026-08-21T10:53:57+0200,5d6f4db6-a0f2-490a-bd97-b2641f9198d5,2026-07-24T02:00:00Z,2026-07-24T04:00:00+0200,129.5,MW,DK2,DK_2,forecast_onshore_wind_generation,Wind Onshore,2026-08-21T09:08:16Z
2026-08-21T08:53:57Z,2026-08-21T10:53:57+0200,5d6f4db6-a0f2-490a-bd97-b2641f9198d5,2026-07-24T02:15:00Z,2026-07-24T04:15:00+0200,128.5,MW,DK2,DK_2,forecast_onshore_wind_generation,Wind Onshore,2026-08-21T09:08:16Z
2026-08-21T08:53:57Z,2026-08-21T10:53:57+0200,5d6f4db6-a0f2-490a-bd97-b2641f9198d5,2026-07-24T02:30:00Z,2026-07-24T04:30:00+0200,128.0,MW,DK2,DK_2,forecast_onshore_wind_generation,Wind Onshore,2026-08-21T09:08:16Z
2026-08-21T08:53:57Z,2026-08-21T10:53:57+0200,5d6f4db6-a0f2-490a-bd97-b2641f9198d5,2026-07-24T02:45:00Z,2026-07-24T04:45:00+0200,126.166666,MW,DK2,DK_2,forecast_onshore_wind_generation,Wind Onshore,2026-08-21T09:08:16Z
2026-08-21T08:53:57Z,2026-08-21T10:53:57+0200,5d6f4db6-a0f2-490a-bd97-b2641f9198d5,2026-07-24T03:00:00Z,2026-07-24T05:00:00+0200,123.333333,MW,DK2,DK_2,forecast_onshore_wind_generation,Wind Onshore,2026-08-21T09:08:16Z
2026-08-21T08:53:57Z,2026-08-21T10:53:57+0200,5d6f4db6-a0f2-490a-bd97-b2641f9198d5,2026-07-24T03:15:00Z,2026-07-24T05:15:00+0200,119.5,MW,DK2,DK_2,forecast_onshore_wind_generation,Wind Onshore,2026-08-21T09:08:16Z
2026-08-21T08:53:57Z,2026-08-21T10:53:57+0200,5d6f4db6-a0f2-490a-bd97-b2641f9198d5,2026-07-24T03:30:00Z,2026-07-24T05:30:00+0200,117.833333,MW,DK2,DK_2,forecast_onshore_wind_generation,Wind Onshore,2026-08-21T09:08:16Z
2026-08-21T08:53:57Z,2026-08-21T10:53:57+0200,5d6f4db6-a0f2-490a-bd97-b2641f9198d5,2026-07-24T03:45:00Z,2026-07-24T05:45:00+0200,117.166666,MW,DK2,DK_2,forecast_onshore_wind_generation,Wind Onshore,2026-08-21T09:08:16Z
2026-08-21T08:53:57Z,2026-08-21T10:53:57+0200,5d6f4db6-a0f2-490a-bd97-b2641f9198d5,2026-07-24T04:00:00Z,2026-07-24T06:00:00+0200,118.166666,MW,DK2,DK_2,forecast_onshore_wind_generation,Wind Onshore,2026-08-21T09:08:16Z
2026-08-21T08:53:57Z,2026-08-21T10:53:57+0200,5d6f4db6-a0f2-490a-bd97-b2641f9198d5,2026-07-24T04:15:00Z,2026-07-24T06:15:00+0200,119.666666,MW,DK2,DK_2,forecast_onshore_wind_generation,Wind Onshore,2026-08-21T09:08:16Z
2026-08-21T08:53:57Z,2026-08-21T10:53:57+0200,5d6f4db6-a0f2-490a-bd97-b2641f9198d5,2026-07-24T04:30:00Z,2026-07-24T06:30:00+0200,118.833333,MW,DK2,DK_2,forecast_onshore_wind_generation,Wind Onshore,2026-08-21T09:08:16Z
2026-08-21T08:53:57Z,2026-08-21T10:53:57+0200,5d6f4db6-a0f2-490a-bd97-b2641f9198d5,2026-07-24T04:45:00Z,2026-07-24T06:45:00+0200,117.833333,MW,DK2,DK_2,forecast_onshore_wind_generation,Wind Onshore,2026-08-21T09:08:16Z
2026-08-21T08:53:57Z,2026-08-21T10:53:57+0200,5d6f4db6-a0f2-490a-bd97-b2641f9198d5,2026-07-24T05:00:00Z,2026-07-24T07:00:00+0200,115.5,MW,DK2,DK_2,forecast_onshore_wind_generation,Wind Onshore,2026-08-21T09:08:16Z
2026-08-21T08:53:57Z,2026-08-21T10:53:57+0200,5d6f4db6-a0f2-490a-bd97-b2641f9198d5,2026-07-24T05:15:00Z,2026-07-24T07:15:00+0200,113.5,MW,DK2,DK_2,forecast_onshore_wind_generation,Wind Onshore,2026-08-21T09:08:16Z
2026-08-21T08:53:57Z,2026-08-21T10:53:57+0200,5d6f4db6-a0f2-490a-bd97-b2641f9198d5,2026-07-24T05:30:00Z,2026-07-24T07:30:00+0200,111.666666,MW,DK2,DK_2,forecast_onshore_wind_generation,Wind Onshore,2026-08-21T09:08:16Z
2026-08-21T08:53:57Z,2026-08-21T10:53:57+0200,5d6f4db6-a0f2-490a-bd97-b2641f9198d5,2026-07-24T05:45:00Z,2026-07-24T07:45:00+0200,109.5,MW,DK2,DK_2,forecast_onshore_wind_generation,Wind Onshore,2026-08-21T09:08:16Z
2026-08-21T08:53:57Z,2026-08-21T10:53:57+0200,5d6f4db6-a0f2-490a-bd97-b2641f9198d5,2026-07-24T06:00:00Z,2026-07-24T08:00:00+0200,106.5,MW,DK2,DK_2,forecast_onshore_wind_generation,Wind Onshore,2026-08-21T09:08:16Z
2026-08-21T08:53:57Z,2026-08-21T10:53:57+0200,5d6f4db6-a0f2-490a-bd97-b2641f9198d5,2026-07-24T06:15:00Z,2026-07-24T08:15:00+0200,104.166666,MW,DK2,DK_2,forecast_onshore_wind_generation,Wind Onshore,2026-08-21T09:08:16Z
2026-08-21T08:53:57Z,2026-08-21T10:53:57+0200,5d6f4db6-a0f2-490a-bd97-b2641f9198d5,2026-07-24T06:30:00Z,2026-07-24T08:30:00+0200,104.0,MW,DK2,DK_2,forecast_onshore_wind_generation,Wind Onshore,2026-08-21T09:08:16Z
2026-08-21T08:53:57Z,2026-08-21T10:53:57+0200,5d6f4db6-a0f2-490a-bd97-b2641f9198d5,2026-07-24T06:45:00Z,2026-07-24T08:45:00+0200,104.666666,MW,DK2,DK_2,forecast_onshore_wind_generation,Wind Onshore,2026-08-21T09:08:16Z
2026-08-21T08:53:57Z,2026-08-21T10:53:57+0200,5d6f4db6-a0f2-490a-bd97-b2641f9198d5,2026-07-24T07:00:00Z,2026-07-24T09:00:00+0200,108.833333,MW,DK2,DK_2,forecast_onshore_wind_generation,Wind Onshore,2026-08-21T09:08:16Z
2026-08-21T08:53:57Z,2026-08-21T10:53:57+0200,5d6f4db6-a0f2-490a-bd97-b2641f9198d5,2026-07-24T07:15:00Z,2026-07-24T09:15:00+0200,112.333333,MW,DK2,DK_2,forecast_onshore_wind_generation,Wind Onshore,2026-08-21T09:08:16Z
2026-08-21T08:53:57Z,2026-08-21T10:53:57+0200,5d6f4db6-a0f2-490a-bd97-b2641f9198d5,2026-07-24T07:30:00Z,2026-07-24T09:30:00+0200,114.5,MW,DK2,DK_2,forecast_onshore_wind_generation,Wind Onshore,2026-08-21T09:08:16Z
2026-08-21T08:53:57Z,2026-08-21T10:53:57+0200,5d6f4db6-a0f2-490a-bd97-b2641f9198d5,2026-07-24T07:45:00Z,2026-07-24T09:45:00+0200,118.0,MW,DK2,DK_2,forecast_onshore_wind_generation,Wind Onshore,2026-08-21T09:08:16Z
2026-08-21T08:53:57Z,2026-08-21T10:53:57+0200,5d6f4db6-a0f2-490a-bd97-b2641f9198d5,2026-07-24T08:00:00Z,2026-07-24T10:00:00+0200,122.5,MW,DK2,DK_2,forecast_onshore_wind_generation,Wind Onshore,2026-08-21T09:08:16Z
2026-08-21T08:53:57Z,2026-08-21T10:53:57+0200,5d6f4db6-a0f2-490a-bd97-b2641f9198d5,2026-07-24T08:15:00Z,2026-07-24T10:15:00+0200,125.5,MW,DK2,DK_2,forecast_onshore_wind_generation,Wind Onshore,2026-08-21T09:08:16Z
2026-08-21T08:53:57Z,2026-08-21T10:53:57+0200,5d6f4db6-a0f2-490a-bd97-b2641f9198d5,2026-07-24T08:30:00Z,2026-07-24T10:30:00+0200,126.5,MW,DK2,DK_2,forecast_onshore_wind_generation,Wind Onshore,2026-08-21T09:08:16Z
2026-08-21T08:53:57Z,2026-08-21T10:53:57+0200,5d6f4db6-a0f2-490a-bd97-b2641f9198d5,2026-07-24T08:45:00Z,2026-07-24T10:45:00+0200,128.5,MW,DK2,DK_2,forecast_onshore_wind_generation,Wind Onshore,2026-08-21T09:08:16Z
2026-08-21T08:53:57Z,2026-08-21T10:53:57+0200,5d6f4db6-a0f2-490a-bd97-b2641f9198d5,2026-07-24T09:00:00Z,2026-07-24T11:00:00+0200,130.166666,MW,DK2,DK_2,forecast_onshore_wind_generation,Wind Onshore,2026-08-21T09:08:16Z
2026-08-21T08:53:57Z,2026-08-21T10:53:57+0200,5d6f4db6-a0f2-490a-bd97-b2641f9198d5,2026-07-24T09:15:00Z,2026-07-24T11:15:00+0200,131.0,MW,DK2,DK_2,forecast_onshore_wind_generation,Wind Onshore,2026-08-21T09:08:16Z
2026-08-21T08:53:57Z,2026-08-21T10:53:57+0200,5d6f4db6-a0f2-490a-bd97-b2641f9198d5,2026-07-24T09:30:00Z,2026-07-24T11:30:00+0200,131.166666,MW,DK2,DK_2,forecast_onshore_wind_generation,Wind Onshore,2026-08-21T09:08:16Z
2026-08-21T08:53:57Z,2026-08-21T10:53:57+0200,5d6f4db6-a0f2-490a-bd97-b2641f9198d5,2026-07-24T09:45:00Z,2026-07-24T11:45:00+0200,133.333333,MW,DK2,DK_2,forecast_onshore_wind_generation,Wind Onshore,2026-08-21T09:08:16Z
2026-08-21T08:53:57Z,2026-08-21T10:53:57+0200,5d6f4db6-a0f2-490a-bd97-b2641f9198d5,2026-07-24T10:00:00Z,2026-07-24T12:00:00+0200,134.833333,MW,DK2,DK_2,forecast_onshore_wind_generation,Wind Onshore,2026-08-21T09:08:16Z
2026-08-21T08:53:57Z,2026-08-21T10:53:57+0200,5d6f4db6-a0f2-490a-bd97-b2641f9198d5,2026-07-24T10:15:00Z,2026-07-24T12:15:00+0200,135.0,MW,DK2,DK_2,forecast_onshore_wind_generation,Wind Onshore,2026-08-21T09:08:16Z
2026-08-21T08:53:57Z,2026-08-21T10:53:57+0200,5d6f4db6-a0f2-490a-bd97-b2641f9198d5,2026-07-24T10:30:00Z,2026-07-24T12:30:00+0200,134.833333,MW,DK2,DK_2,forecast_onshore_wind_generation,Wind Onshore,2026-08-21T09:08:16Z
2026-08-21T08:53:57Z,2026-08-21T10:53:57+0200,5d6f4db6-a0f2-490a-bd97-b2641f9198d5,2026-07-24T10:45:00Z,2026-07-24T12:45:00+0200,134.0,MW,DK2,DK_2,forecast_onshore_wind_generation,Wind Onshore,2026-08-21T09:08:16Z
2026-08-21T08:53:57Z,2026-08-21T10:53:57+0200,5d6f4db6-a0f2-490a-bd97-b2641f9198d5,2026-07-24T11:00:00Z,2026-07-24T13:00:00+0200,134.5,MW,DK2,DK_2,forecast_onshore_wind_generation,Wind Onshore,2026-08-21T09:08:16Z
2026-08-21T08:53:57Z,2026-08-21T10:53:57+0200,5d6f4db6-a0f2-490a-bd97-b2641f9198d5,2026-07-24T11:15:00Z,2026-07-24T13:15:00+0200,137.0,MW,DK2,DK_2,forecast_onshore_wind_generation,Wind Onshore,2026-08-21T09:08:16Z
2026-08-21T08:53:57Z,2026-08-21T10:53:57+0200,5d6f4db6-a0f2-490a-bd97-b2641f9198d5,2026-07-24T11:30:00Z,2026-07-24T13:30:00+0200,140.166666,MW,DK2,DK_2,forecast_onshore_wind_generation,Wind Onshore,2026-08-21T09:08:16Z
2026-08-21T08:53:57Z,2026-08-21T10:53:57+0200,5d6f4db6-a0f2-490a-bd97-b2641f9198d5,2026-07-24T11:45:00Z,2026-07-24T13:45:00+0200,139.666666,MW,DK2,DK_2,forecast_onshore_wind_generation,Wind Onshore,2026-08-21T09:08:16Z
2026-08-21T08:53:57Z,2026-08-21T10:53:57+0200,5d6f4db6-a0f2-490a-bd97-b2641f9198d5,2026-07-24T12:00:00Z,2026-07-24T14:00:00+0200,135.166666,MW,DK2,DK_2,forecast_onshore_wind_generation,Wind Onshore,2026-08-21T09:08:16Z
2026-08-21T08:53:57Z,2026-08-21T10:53:57+0200,5d6f4db6-a0f2-490a-bd97-b2641f9198d5,2026-07-24T12:15:00Z,2026-07-24T14:15:00+0200,129.833333,MW,DK2,DK_2,forecast_onshore_wind_generation,Wind Onshore,2026-08-21T09:08:16Z
2026-08-21T08:53:57Z,2026-08-21T10:53:57+0200,5d6f4db6-a0f2-490a-bd97-b2641f9198d5,2026-07-24T12:30:00Z,2026-07-24T14:30:00+0200,134.166666,MW,DK2,DK_2,forecast_onshore_wind_generation,Wind Onshore,2026-08-21T09:08:16Z
2026-08-21T08:53:57Z,2026-08-21T10:53:57+0200,5d6f4db6-a0f2-490a-bd97-b2641f9198d5,2026-07-24T12:45:00Z,2026-07-24T14:45:00+0200,133.666666,MW,DK2,DK_2,forecast_onshore_wind_generation,Wind Onshore,2026-08-21T09:08:16Z
2026-08-21T08:53:57Z,2026-08-21T10:53:57+0200,5d6f4db6-a0f2-490a-bd97-b2641f9198d5,2026-07-24T13:00:00Z,2026-07-24T15:00:00+0200,123.833333,MW,DK2,DK_2,forecast_onshore_wind_generation,Wind Onshore,2026-08-21T09:08:16Z
2026-08-21T08:53:57Z,2026-08-21T10:53:57+0200,5d6f4db6-a0f2-490a-bd97-b2641f9198d5,2026-07-24T13:15:00Z,2026-07-24T15:15:00+0200,131.333333,MW,DK2,DK_2,forecast_onshore_wind_generation,Wind Onshore,2026-08-21T09:08:16Z
2026-08-21T08:53:57Z,2026-08-21T10:53:57+0200,5d6f4db6-a0f2-490a-bd97-b2641f9198d5,2026-07-24T13:30:00Z,2026-07-24T15:30:00+0200,132.833333,MW,DK2,DK_2,forecast_onshore_wind_generation,Wind Onshore,2026-08-21T09:08:16Z
2026-08-21T08:53:57Z,2026-08-21T10:53:57+0200,5d6f4db6-a0f2-490a-bd97-b2641f9198d5,2026-07-24T13:45:00Z,2026-07-24T15:45:00+0200,132.0,MW,DK2,DK_2,forecast_onshore_wind_generation,Wind Onshore,2026-08-21T09:08:16Z
2026-08-21T08:53:57Z,2026-08-21T10:53:57+0200,5d6f4db6-a0f2-490a-bd97-b2641f9198d5,2026-07-24T14:00:00Z,2026-07-24T16:00:00+0200,128.666666,MW,DK2,DK_2,forecast_onshore_wind_generation,Wind Onshore,2026-08-21T09:08:16Z
2026-08-21T08:53:57Z,2026-08-21T10:53:57+0200,5d6f4db6-a0f2-490a-bd97-b2641f9198d5,2026-07-24T14:15:00Z,2026-07-24T16:15:00+0200,122.166666,MW,DK2,DK_2,forecast_onshore_wind_generation,Wind Onshore,2026-08-21T09:08:16Z
2026-08-21T08:53:57Z,2026-08-21T10:53:57+0200,5d6f4db6-a0f2-490a-bd97-b2641f9198d5,2026-07-24T14:30:00Z,2026-07-24T16:30:00+0200,117.5,MW,DK2,DK_2,forecast_onshore_wind_generation,Wind Onshore,2026-08-21T09:08:16Z
2026-08-21T08:53:57Z,2026-08-21T10:53:57+0200,5d6f4db6-a0f2-490a-bd97-b2641f9198d5,2026-07-24T14:45:00Z,2026-07-24T16:45:00+0200,115.0,MW,DK2,DK_2,forecast_onshore_wind_generation,Wind Onshore,2026-08-21T09:08:16Z
2026-08-21T08:53:57Z,2026-08-21T10:53:57+0200,5d6f4db6-a0f2-490a-bd97-b2641f9198d5,2026-07-24T15:00:00Z,2026-07-24T17:00:00+0200,114.666666,MW,DK2,DK_2,forecast_onshore_wind_generation,Wind Onshore,2026-08-21T09:08:16Z
2026-08-21T08:53:57Z,2026-08-21T10:53:57+0200,5d6f4db6-a0f2-490a-bd97-b2641f9198d5,2026-07-24T15:15:00Z,2026-07-24T17:15:00+0200,115.0,MW,DK2,DK_2,forecast_onshore_wind_generation,Wind Onshore,2026-08-21T09:08:16Z
2026-08-21T08:53:57Z,2026-08-21T10:53:57+0200,5d6f4db6-a0f2-490a-bd97-b2641f9198d5,2026-07-24T15:30:00Z,2026-07-24T17:30:00+0200,115.0,MW,DK2,DK_2,forecast_onshore_wind_generation,Wind Onshore,2026-08-21T09:08:16Z
2026-08-21T08:53:57Z,2026-08-21T10:53:57+0200,5d6f4db6-a0f2-490a-bd97-b2641f9198d5,2026-07-24T15:45:00Z,2026-07-24T17:45:00+0200,115.0,MW,DK2,DK_2,forecast_onshore_wind_generation,Wind Onshore,2026-08-21T09:08:16Z
2026-08-21T08:53:57Z,2026-08-21T10:53:57+0200,5d6f4db6-a0f2-490a-bd97-b2641f9198d5,2026-07-24T16:00:00Z,2026-07-24T18:00:00+0200,115.5,MW,DK2,DK_2,forecast_onshore_wind_generation,Wind Onshore,2026-08-21T09:08:16Z
2026-08-21T08:53:57Z,2026-08-21T10:53:57+0200,5d6f4db6-a0f2-490a-bd97-b2641f9198d5,2026-07-24T16:15:00Z,2026-07-24T18:15:00+0200,117.333333,MW,DK2,DK_2,forecast_onshore_wind_generation,Wind Onshore,2026-08-21T09:08:16Z
2026-08-21T08:53:57Z,2026-08-21T10:53:57+0200,5d6f4db6-a0f2-490a-bd97-b2641f9198d5,2026-07-24T16:30:00Z,2026-07-24T18:30:00+0200,118.666666,MW,DK2,DK_2,forecast_onshore_wind_generation,Wind Onshore,2026-08-21T09:08:16Z
2026-08-21T08:53:57Z,2026-08-21T10:53:57+0200,5d6f4db6-a0f2-490a-bd97-b2641f9198d5,2026-07-24T16:45:00Z,2026-07-24T18:45:00+0200,119.5,MW,DK2,DK_2,forecast_onshore_wind_generation,Wind Onshore,2026-08-21T09:08:16Z
2026-08-21T08:53:57Z,2026-08-21T10:53:57+0200,5d6f4db6-a0f2-490a-bd97-b2641f9198d5,2026-07-24T17:00:00Z,2026-07-24T19:00:00+0200,117.666666,MW,DK2,DK_2,forecast_onshore_wind_generation,Wind Onshore,2026-08-21T09:08:16Z
2026-08-21T08:53:57Z,2026-08-21T10:53:57+0200,5d6f4db6-a0f2-490a-bd97-b2641f9198d5,2026-07-24T17:15:00Z,2026-07-24T19:15:00+0200,115.5,MW,DK2,DK_2,forecast_onshore_wind_generation,Wind Onshore,2026-08-21T09:08:16Z
2026-08-21T08:53:57Z,2026-08-21T10:53:57+0200,5d6f4db6-a0f2-490a-bd97-b2641f9198d5,2026-07-24T17:30:00Z,2026-07-24T19:30:00+0200,114.0,MW,DK2,DK_2,forecast_onshore_wind_generation,Wind Onshore,2026-08-21T09:08:16Z
2026-08-21T08:53:57Z,2026-08-21T10:53:57+0200,5d6f4db6-a0f2-490a-bd97-b2641f9198d5,2026-07-24T17:45:00Z,2026-07-24T19:45:00+0200,114.0,MW,DK2,DK_2,forecast_onshore_wind_generation,Wind Onshore,2026-08-21T09:08:16Z
2026-08-21T08:53:57Z,2026-08-21T10:53:57+0200,5d6f4db6-a0f2-490a-bd97-b2641f9198d5,2026-07-24T18:00:00Z,2026-07-24T20:00:00+0200,115.0,MW,DK2,DK_2,forecast_onshore_wind_generation,Wind Onshore,2026-08-21T09:08:16Z
2026-08-21T08:53:57Z,2026-08-21T10:53:57+0200,5d6f4db6-a0f2-490a-bd97-b2641f9198d5,2026-07-24T18:15:00Z,2026-07-24T20:15:00+0200,116.0,MW,DK2,DK_2,forecast_onshore_wind_generation,Wind Onshore,2026-08-21T09:08:16Z
2026-08-21T08:53:57Z,2026-08-21T10:53:57+0200,5d6f4db6-a0f2-490a-bd97-b2641f9198d5,2026-07-24T18:30:00Z,2026-07-24T20:30:00+0200,114.166666,MW,DK2,DK_2,forecast_onshore_wind_generation,Wind Onshore,2026-08-21T09:08:16Z
2026-08-21T08:53:57Z,2026-08-21T10:53:57+0200,5d6f4db6-a0f2-490a-bd97-b2641f9198d5,2026-07-24T18:45:00Z,2026-07-24T20:45:00+0200,113.0,MW,DK2,DK_2,forecast_onshore_wind_generation,Wind Onshore,2026-08-21T09:08:16Z
2026-08-21T08:53:57Z,2026-08-21T10:53:57+0200,5d6f4db6-a0f2-490a-bd97-b2641f9198d5,2026-07-24T19:00:00Z,2026-07-24T21:00:00+0200,113.0,MW,DK2,DK_2,forecast_onshore_wind_generation,Wind Onshore,2026-08-21T09:08:16Z
2026-08-21T08:53:57Z,2026-08-21T10:53:57+0200,5d6f4db6-a0f2-490a-bd97-b2641f9198d5,2026-07-24T19:15:00Z,2026-07-24T21:15:00+0200,113.0,MW,DK2,DK_2,forecast_onshore_wind_generation,Wind Onshore,2026-08-21T09:08:16Z
2026-08-21T08:53:57Z,2026-08-21T10:53:57+0200,5d6f4db6-a0f2-490a-bd97-b2641f9198d5,2026-07-24T19:30:00Z,2026-07-24T21:30:00+0200,113.0,MW,DK2,DK_2,forecast_onshore_wind_generation,Wind Onshore,2026-08-21T09:08:16Z
2026-08-21T08:53:57Z,2026-08-21T10:53:57+0200,5d6f4db6-a0f2-490a-bd97-b2641f9198d5,2026-07-24T19:45:00Z,2026-07-24T21:45:00+0200,114.0,MW,DK2,DK_2,forecast_onshore_wind_generation,Wind Onshore,2026-08-21T09:08:16Z
2026-08-21T08:53:57Z,2026-08-21T10:53:57+0200,5d6f4db6-a0f2-490a-bd97-b2641f9198d5,2026-07-24T20:00:00Z,2026-07-24T22:00:00+0200,115.0,MW,DK2,DK_2,forecast_onshore_wind_generation,Wind Onshore,2026-08-21T09:08:16Z
2026-08-21T08:53:57Z,2026-08-21T10:53:57+0200,5d6f4db6-a0f2-490a-bd97-b2641f9198d5,2026-07-24T20:15:00Z,2026-07-24T22:15:00+0200,114.5,MW,DK2,DK_2,forecast_onshore_wind_generation,Wind Onshore,2026-08-21T09:08:16Z
2026-08-21T08:53:57Z,2026-08-21T10:53:57+0200,5d6f4db6-a0f2-490a-bd97-b2641f9198d5,2026-07-24T20:30:00Z,2026-07-24T22:30:00+0200,113.166666,MW,DK2,DK_2,forecast_onshore_wind_generation,Wind Onshore,2026-08-21T09:08:16Z
2026-08-21T08:53:57Z,2026-08-21T10:53:57+0200,5d6f4db6-a0f2-490a-bd97-b2641f9198d5,2026-07-24T20:45:00Z,2026-07-24T22:45:00+0200,112.5,MW,DK2,DK_2,forecast_onshore_wind_generation,Wind Onshore,2026-08-21T09:08:16Z
2026-08-21T08:53:57Z,2026-08-21T10:53:57+0200,5d6f4db6-a0f2-490a-bd97-b2641f9198d5,2026-07-24T21:00:00Z,2026-07-24T23:00:00+0200,112.166666,MW,DK2,DK_2,forecast_onshore_wind_generation,Wind Onshore,2026-08-21T09:08:16Z
2026-08-21T08:53:57Z,2026-08-21T10:53:57+0200,5d6f4db6-a0f2-490a-bd97-b2641f9198d5,2026-07-24T21:15:00Z,2026-07-24T23:15:00+0200,113.166666,MW,DK2,DK_2,forecast_onshore_wind_generation,Wind Onshore,2026-08-21T09:08:16Z
2026-08-21T08:53:57Z,2026-08-21T10:53:57+0200,5d6f4db6-a0f2-490a-bd97-b2641f9198d5,2026-07-24T21:30:00Z,2026-07-24T23:30:00+0200,115.5,MW,DK2,DK_2,forecast_onshore_wind_generation,Wind Onshore,2026-08-21T09:08:16Z
2026-08-21T08:53:57Z,2026-08-21T10:53:57+0200,5d6f4db6-a0f2-490a-bd97-b2641f9198d5,2026-07-24T21:45:00Z,2026-07-24T23:45:00+0200,118.666666,MW,DK2,DK_2,forecast_onshore_wind_generation,Wind Onshore,2026-08-21T09:08:16Z
2026-08-21T08:53:57Z,2026-08-21T10:53:57+0200,5d6f4db6-a0f2-490a-bd97-b2641f9198d5,2026-07-24T22:00:00Z,2026-07-25T00:00:00+0200,115.5,MW,DK2,DK_2,forecast_onshore_wind_generation,Wind Onshore,2026-08-21T09:08:16Z
2026-08-21T08:53:57Z,2026-08-21T10:53:57+0200,5d6f4db6-a0f2-490a-bd97-b2641f9198d5,2026-07-24T22:15:00Z,2026-07-25T00:15:00+0200,115.0,MW,DK2,DK_2,forecast_onshore_wind_generation,Wind Onshore,2026-08-21T09:08:16Z
2026-08-21T08:53:57Z,2026-08-21T10:53:57+0200,5d6f4db6-a0f2-490a-bd97-b2641f9198d5,2026-07-24T22:30:00Z,2026-07-25T00:30:00+0200,115.0,MW,DK2,DK_2,forecast_onshore_wind_generation,Wind Onshore,2026-08-21T09:08:16Z
2026-08-21T08:53:57Z,2026-08-21T10:53:57+0200,5d6f4db6-a0f2-490a-bd97-b2641f9198d5,2026-07-24T22:45:00Z,2026-07-25T00:45:00+0200,115.0,MW,DK2,DK_2,forecast_onshore_wind_generation,Wind Onshore,2026-08-21T09:08:16Z
2026-08-21T08:53:57Z,2026-08-21T10:53:57+0200,5d6f4db6-a0f2-490a-bd97-b2641f9198d5,2026-07-24T23:00:00Z,2026-07-25T01:00:00+0200,115.166666,MW,DK2,DK_2,forecast_onshore_wind_generation,Wind Onshore,2026-08-21T09:08:16Z
2026-08-21T08:53:57Z,2026-08-21T10:53:57+0200,5d6f4db6-a0f2-490a-bd97-b2641f9198d5,2026-07-24T23:15:00Z,2026-07-25T01:15:00+0200,117.5,MW,DK2,DK_2,forecast_onshore_wind_generation,Wind Onshore,2026-08-21T09:08:16Z
2026-08-21T08:53:57Z,2026-08-21T10:53:57+0200,5d6f4db6-a0f2-490a-bd97-b2641f9198d5,2026-07-24T23:30:00Z,2026-07-25T01:30:00+0200,120.333333,MW,DK2,DK_2,forecast_onshore_wind_generation,Wind Onshore,2026-08-21T09:08:16Z
2026-08-21T08:53:57Z,2026-08-21T10:53:57+0200,5d6f4db6-a0f2-490a-bd97-b2641f9198d5,2026-07-24T23:45:00Z,2026-07-25T01:45:00+0200,122.0,MW,DK2,DK_2,forecast_onshore_wind_generation,Wind Onshore,2026-08-21T09:08:16Z
2026-08-21T08:53:57Z,2026-08-21T10:53:57+0200,5d6f4db6-a0f2-490a-bd97-b2641f9198d5,2026-07-25T00:00:00Z,2026-07-25T02:00:00+0200,123.0,MW,DK2,DK_2,forecast_onshore_wind_generation,Wind Onshore,2026-08-21T09:08:16Z
2026-08-21T08:53:57Z,2026-08-21T10:53:57+0200,5d6f4db6-a0f2-490a-bd97-b2641f9198d5,2026-07-25T00:15:00Z,2026-07-25T02:15:00+0200,123.0,MW,DK2,DK_2,forecast_onshore_wind_generation,Wind Onshore,2026-08-21T09:08:16Z
2026-08-21T08:53:57Z,2026-08-21T10:53:57+0200,5d6f4db6-a0f2-490a-bd97-b2641f9198d5,2026-07-25T00:30:00Z,2026-07-25T02:30:00+0200,123.0,MW,DK2,DK_2,forecast_onshore_wind_generation,Wind Onshore,2026-08-21T09:08:16Z
2026-08-21T08:53:57Z,2026-08-21T10:53:57+0200,5d6f4db6-a0f2-490a-bd97-b2641f9198d5,2026-07-25T00:45:00Z,2026-07-25T02:45:00+0200,123.5,MW,DK2,DK_2,forecast_onshore_wind_generation,Wind Onshore,2026-08-21T09:08:16Z
2026-08-21T08:53:57Z,2026-08-21T10:53:57+0200,5d6f4db6-a0f2-490a-bd97-b2641f9198d5,2026-07-25T01:00:00Z,2026-07-25T03:00:00+0200,124.833333,MW,DK2,DK_2,forecast_onshore_wind_generation,Wind Onshore,2026-08-21T09:08:16Z
2026-08-21T08:53:57Z,2026-08-21T10:53:57+0200,5d6f4db6-a0f2-490a-bd97-b2641f9198d5,2026-07-25T01:15:00Z,2026-07-25T03:15:00+0200,126.0,MW,DK2,DK_2,forecast_onshore_wind_generation,Wind Onshore,2026-08-21T09:08:16Z
2026-08-21T08:53:57Z,2026-08-21T10:53:57+0200,5d6f4db6-a0f2-490a-bd97-b2641f9198d5,2026-07-25T01:30:00Z,2026-07-25T03:30:00+0200,127.166666,MW,DK2,DK_2,forecast_onshore_wind_generation,Wind Onshore,2026-08-21T09:08:16Z
2026-08-21T08:53:57Z,2026-08-21T10:53:57+0200,5d6f4db6-a0f2-490a-bd97-b2641f9198d5,2026-07-25T01:45:00Z,2026-07-25T03:45:00+0200,129.333333,MW,DK2,DK_2,forecast_onshore_wind_generation,Wind Onshore,2026-08-21T09:08:16Z
2026-08-21T08:53:57Z,2026-08-21T10:53:57+0200,5d6f4db6-a0f2-490a-bd97-b2641f9198d5,2026-07-25T02:00:00Z,2026-07-25T04:00:00+0200,131.0,MW,DK2,DK_2,forecast_onshore_wind_generation,Wind Onshore,2026-08-21T09:08:16Z
2026-08-21T08:53:57Z,2026-08-21T10:53:57+0200,5d6f4db6-a0f2-490a-bd97-b2641f9198d5,2026-07-25T02:15:00Z,2026-07-25T04:15:00+0200,133.0,MW,DK2,DK_2,forecast_onshore_wind_generation,Wind Onshore,2026-08-21T09:08:16Z
2026-08-21T08:53:57Z,2026-08-21T10:53:57+0200,5d6f4db6-a0f2-490a-bd97-b2641f9198d5,2026-07-25T02:30:00Z,2026-07-25T04:30:00+0200,135.0,MW,DK2,DK_2,forecast_onshore_wind_generation,Wind Onshore,2026-08-21T09:08:16Z
2026-08-21T08:53:57Z,2026-08-21T10:53:57+0200,5d6f4db6-a0f2-490a-bd97-b2641f9198d5,2026-07-25T02:45:00Z,2026-07-25T04:45:00+0200,139.166666,MW,DK2,DK_2,forecast_onshore_wind_generation,Wind Onshore,2026-08-21T09:08:16Z
2026-08-21T08:53:57Z,2026-08-21T10:53:57+0200,5d6f4db6-a0f2-490a-bd97-b2641f9198d5,2026-07-25T03:00:00Z,2026-07-25T05:00:00+0200,142.666666,MW,DK2,DK_2,forecast_onshore_wind_generation,Wind Onshore,2026-08-21T09:08:16Z
2026-08-21T08:53:57Z,2026-08-21T10:53:57+0200,5d6f4db6-a0f2-490a-bd97-b2641f9198d5,2026-07-25T03:15:00Z,2026-07-25T05:15:00+0200,147.333333,MW,DK2,DK_2,forecast_onshore_wind_generation,Wind Onshore,2026-08-21T09:08:16Z
2026-08-21T08:53:57Z,2026-08-21T10:53:57+0200,5d6f4db6-a0f2-490a-bd97-b2641f9198d5,2026-07-25T03:30:00Z,2026-07-25T05:30:00+0200,154.5,MW,DK2,DK_2,forecast_onshore_wind_generation,Wind Onshore,2026-08-21T09:08:16Z
2026-08-21T08:53:57Z,2026-08-21T10:53:57+0200,5d6f4db6-a0f2-490a-bd97-b2641f9198d5,2026-07-25T03:45:00Z,2026-07-25T05:45:00+0200,162.333333,MW,DK2,DK_2,forecast_onshore_wind_generation,Wind Onshore,2026-08-21T09:08:16Z
2026-08-21T08:53:57Z,2026-08-21T10:53:57+0200,5d6f4db6-a0f2-490a-bd97-b2641f9198d5,2026-07-25T04:00:00Z,2026-07-25T06:00:00+0200,170.5,MW,DK2,DK_2,forecast_onshore_wind_generation,Wind Onshore,2026-08-21T09:08:16Z
2026-08-21T08:53:57Z,2026-08-21T10:53:57+0200,5d6f4db6-a0f2-490a-bd97-b2641f9198d5,2026-07-25T04:15:00Z,2026-07-25T06:15:00+0200,178.333333,MW,DK2,DK_2,forecast_onshore_wind_generation,Wind Onshore,2026-08-21T09:08:16Z
2026-08-21T08:53:57Z,2026-08-21T10:53:57+0200,5d6f4db6-a0f2-490a-bd97-b2641f9198d5,2026-07-25T04:30:00Z,2026-07-25T06:30:00+0200,182.5,MW,DK2,DK_2,forecast_onshore_wind_generation,Wind Onshore,2026-08-21T09:08:16Z
2026-08-21T08:53:57Z,2026-08-21T10:53:57+0200,5d6f4db6-a0f2-490a-bd97-b2641f9198d5,2026-07-25T04:45:00Z,2026-07-25T06:45:00+0200,185.833333,MW,DK2,DK_2,forecast_onshore_wind_generation,Wind Onshore,2026-08-21T09:08:16Z
2026-08-21T08:53:57Z,2026-08-21T10:53:57+0200,5d6f4db6-a0f2-490a-bd97-b2641f9198d5,2026-07-25T05:00:00Z,2026-07-25T07:00:00+0200,186.0,MW,DK2,DK_2,forecast_onshore_wind_generation,Wind Onshore,2026-08-21T09:08:16Z
2026-08-21T08:53:57Z,2026-08-21T10:53:57+0200,5d6f4db6-a0f2-490a-bd97-b2641f9198d5,2026-07-25T05:15:00Z,2026-07-25T07:15:00+0200,183.333333,MW,DK2,DK_2,forecast_onshore_wind_generation,Wind Onshore,2026-08-21T09:08:16Z
2026-08-21T08:53:57Z,2026-08-21T10:53:57+0200,5d6f4db6-a0f2-490a-bd97-b2641f9198d5,2026-07-25T05:30:00Z,2026-07-25T07:30:00+0200,178.0,MW,DK2,DK_2,forecast_onshore_wind_generation,Wind Onshore,2026-08-21T09:08:16Z
2026-08-21T08:53:57Z,2026-08-21T10:53:57+0200,5d6f4db6-a0f2-490a-bd97-b2641f9198d5,2026-07-25T05:45:00Z,2026-07-25T07:45:00+0200,171.333333,MW,DK2,DK_2,forecast_onshore_wind_generation,Wind Onshore,2026-08-21T09:08:16Z
2026-08-21T08:53:57Z,2026-08-21T10:53:57+0200,5d6f4db6-a0f2-490a-bd97-b2641f9198d5,2026-07-25T06:00:00Z,2026-07-25T08:00:00+0200,164.0,MW,DK2,DK_2,forecast_onshore_wind_generation,Wind Onshore,2026-08-21T09:08:16Z
2026-08-21T08:53:57Z,2026-08-21T10:53:57+0200,5d6f4db6-a0f2-490a-bd97-b2641f9198d5,2026-07-25T06:15:00Z,2026-07-25T08:15:00+0200,158.0,MW,DK2,DK_2,forecast_onshore_wind_generation,Wind Onshore,2026-08-21T09:08:16Z
2026-08-21T08:53:57Z,2026-08-21T10:53:57+0200,5d6f4db6-a0f2-490a-bd97-b2641f9198d5,2026-07-25T06:30:00Z,2026-07-25T08:30:00+0200,153.0,MW,DK2,DK_2,forecast_onshore_wind_generation,Wind Onshore,2026-08-21T09:08:16Z
2026-08-21T08:53:57Z,2026-08-21T10:53:57+0200,5d6f4db6-a0f2-490a-bd97-b2641f9198d5,2026-07-25T06:45:00Z,2026-07-25T08:45:00+0200,151.166666,MW,DK2,DK_2,forecast_onshore_wind_generation,Wind Onshore,2026-08-21T09:08:16Z
2026-08-21T08:53:57Z,2026-08-21T10:53:57+0200,5d6f4db6-a0f2-490a-bd97-b2641f9198d5,2026-07-25T07:00:00Z,2026-07-25T09:00:00+0200,149.166666,MW,DK2,DK_2,forecast_onshore_wind_generation,Wind Onshore,2026-08-21T09:08:16Z
2026-08-21T08:53:57Z,2026-08-21T10:53:57+0200,5d6f4db6-a0f2-490a-bd97-b2641f9198d5,2026-07-25T07:15:00Z,2026-07-25T09:15:00+0200,130.666666,MW,DK2,DK_2,forecast_onshore_wind_generation,Wind Onshore,2026-08-21T09:08:16Z
2026-08-21T08:53:57Z,2026-08-21T10:53:57+0200,5d6f4db6-a0f2-490a-bd97-b2641f9198d5,2026-07-25T07:30:00Z,2026-07-25T09:30:00+0200,122.166666,MW,DK2,DK_2,forecast_onshore_wind_generation,Wind Onshore,2026-08-21T09:08:16Z
2026-08-21T08:53:57Z,2026-08-21T10:53:57+0200,5d6f4db6-a0f2-490a-bd97-b2641f9198d5,2026-07-25T07:45:00Z,2026-07-25T09:45:00+0200,114.666666,MW,DK2,DK_2,forecast_onshore_wind_generation,Wind Onshore,2026-08-21T09:08:16Z
2026-08-21T08:53:57Z,2026-08-21T10:53:57+0200,5d6f4db6-a0f2-490a-bd97-b2641f9198d5,2026-07-25T08:00:00Z,2026-07-25T10:00:00+0200,107.5,MW,DK2,DK_2,forecast_onshore_wind_generation,Wind Onshore,2026-08-21T09:08:16Z
2026-08-21T08:53:57Z,2026-08-21T10:53:57+0200,5d6f4db6-a0f2-490a-bd97-b2641f9198d5,2026-07-25T08:15:00Z,2026-07-25T10:15:00+0200,108.833333,MW,DK2,DK_2,forecast_onshore_wind_generation,Wind Onshore,2026-08-21T09:08:16Z
2026-08-21T08:53:57Z,2026-08-21T10:53:57+0200,5d6f4db6-a0f2-490a-bd97-b2641f9198d5,2026-07-25T08:30:00Z,2026-07-25T10:30:00+0200,108.0,MW,DK2,DK_2,forecast_onshore_wind_generation,Wind Onshore,2026-08-21T09:08:16Z
2026-08-21T08:53:57Z,2026-08-21T10:53:57+0200,5d6f4db6-a0f2-490a-bd97-b2641f9198d5,2026-07-25T08:45:00Z,2026-07-25T10:45:00+0200,108.833333,MW,DK2,DK_2,forecast_onshore_wind_generation,Wind Onshore,2026-08-21T09:08:16Z
2026-08-21T08:53:57Z,2026-08-21T10:53:57+0200,5d6f4db6-a0f2-490a-bd97-b2641f9198d5,2026-07-25T09:00:00Z,2026-07-25T11:00:00+0200,110.0,MW,DK2,DK_2,forecast_onshore_wind_generation,Wind Onshore,2026-08-21T09:08:16Z
2026-08-21T08:53:57Z,2026-08-21T10:53:57+0200,5d6f4db6-a0f2-490a-bd97-b2641f9198d5,2026-07-25T09:15:00Z,2026-07-25T11:15:00+0200,111.0,MW,DK2,DK_2,forecast_onshore_wind_generation,Wind Onshore,2026-08-21T09:08:16Z
2026-08-21T08:53:57Z,2026-08-21T10:53:57+0200,5d6f4db6-a0f2-490a-bd97-b2641f9198d5,2026-07-25T09:30:00Z,2026-07-25T11:30:00+0200,108.333333,MW,DK2,DK_2,forecast_onshore_wind_generation,Wind Onshore,2026-08-21T09:08:16Z
2026-08-21T08:53:57Z,2026-08-21T10:53:57+0200,5d6f4db6-a0f2-490a-bd97-b2641f9198d5,2026-07-25T09:45:00Z,2026-07-25T11:45:00+0200,104.0,MW,DK2,DK_2,forecast_onshore_wind_generation,Wind Onshore,2026-08-21T09:08:16Z
2026-08-21T08:53:57Z,2026-08-21T10:53:57+0200,5d6f4db6-a0f2-490a-bd97-b2641f9198d5,2026-07-25T10:00:00Z,2026-07-25T12:00:00+0200,106.0,MW,DK2,DK_2,forecast_onshore_wind_generation,Wind Onshore,2026-08-21T09:08:16Z
2026-08-21T08:53:57Z,2026-08-21T10:53:57+0200,5d6f4db6-a0f2-490a-bd97-b2641f9198d5,2026-07-25T10:15:00Z,2026-07-25T12:15:00+0200,108.5,MW,DK2,DK_2,forecast_onshore_wind_generation,Wind Onshore,2026-08-21T09:08:16Z
2026-08-21T08:53:57Z,2026-08-21T10:53:57+0200,5d6f4db6-a0f2-490a-bd97-b2641f9198d5,2026-07-25T10:30:00Z,2026-07-25T12:30:00+0200,111.166666,MW,DK2,DK_2,forecast_onshore_wind_generation,Wind Onshore,2026-08-21T09:08:16Z
2026-08-21T08:53:57Z,2026-08-21T10:53:57+0200,5d6f4db6-a0f2-490a-bd97-b2641f9198d5,2026-07-25T10:45:00Z,2026-07-25T12:45:00+0200,112.333333,MW,DK2,DK_2,forecast_onshore_wind_generation,Wind Onshore,2026-08-21T09:08:16Z
2026-08-21T08:53:57Z,2026-08-21T10:53:57+0200,5d6f4db6-a0f2-490a-bd97-b2641f9198d5,2026-07-25T11:00:00Z,2026-07-25T13:00:00+0200,113.833333,MW,DK2,DK_2,forecast_onshore_wind_generation,Wind Onshore,2026-08-21T09:08:16Z
2026-08-21T08:53:57Z,2026-08-21T10:53:57+0200,5d6f4db6-a0f2-490a-bd97-b2641f9198d5,2026-07-25T11:15:00Z,2026-07-25T13:15:00+0200,115.333333,MW,DK2,DK_2,forecast_onshore_wind_generation,Wind Onshore,2026-08-21T09:08:16Z
2026-08-21T08:53:57Z,2026-08-21T10:53:57+0200,5d6f4db6-a0f2-490a-bd97-b2641f9198d5,2026-07-25T11:30:00Z,2026-07-25T13:30:00+0200,117.333333,MW,DK2,DK_2,forecast_onshore_wind_generation,Wind Onshore,2026-08-21T09:08:16Z
2026-08-21T08:53:57Z,2026-08-21T10:53:57+0200,5d6f4db6-a0f2-490a-bd97-b2641f9198d5,2026-07-25T11:45:00Z,2026-07-25T13:45:00+0200,117.833333,MW,DK2,DK_2,forecast_onshore_wind_generation,Wind Onshore,2026-08-21T09:08:16Z
2026-08-21T08:53:57Z,2026-08-21T10:53:57+0200,5d6f4db6-a0f2-490a-bd97-b2641f9198d5,2026-07-25T12:00:00Z,2026-07-25T14:00:00+0200,115.666666,MW,DK2,DK_2,forecast_onshore_wind_generation,Wind Onshore,2026-08-21T09:08:16Z
2026-08-21T08:53:57Z,2026-08-21T10:53:57+0200,5d6f4db6-a0f2-490a-bd97-b2641f9198d5,2026-07-25T12:15:00Z,2026-07-25T14:15:00+0200,119.833333,MW,DK2,DK_2,forecast_onshore_wind_generation,Wind Onshore,2026-08-21T09:08:16Z
2026-08-21T08:53:57Z,2026-08-21T10:53:57+0200,5d6f4db6-a0f2-490a-bd97-b2641f9198d5,2026-07-25T12:30:00Z,2026-07-25T14:30:00+0200,128.0,MW,DK2,DK_2,forecast_onshore_wind_generation,Wind Onshore,2026-08-21T09:08:16Z
2026-08-21T08:53:57Z,2026-08-21T10:53:57+0200,5d6f4db6-a0f2-490a-bd97-b2641f9198d5,2026-07-25T12:45:00Z,2026-07-25T14:45:00+0200,132.0,MW,DK2,DK_2,forecast_onshore_wind_generation,Wind Onshore,2026-08-21T09:08:16Z
2026-08-21T08:53:57Z,2026-08-21T10:53:57+0200,5d6f4db6-a0f2-490a-bd97-b2641f9198d5,2026-07-25T13:00:00Z,2026-07-25T15:00:00+0200,136.333333,MW,DK2,DK_2,forecast_onshore_wind_generation,Wind Onshore,2026-08-21T09:08:16Z
2026-08-21T08:53:57Z,2026-08-21T10:53:57+0200,5d6f4db6-a0f2-490a-bd97-b2641f9198d5,2026-07-25T13:15:00Z,2026-07-25T15:15:00+0200,143.166666,MW,DK2,DK_2,forecast_onshore_wind_generation,Wind Onshore,2026-08-21T09:08:16Z
2026-08-21T08:53:57Z,2026-08-21T10:53:57+0200,5d6f4db6-a0f2-490a-bd97-b2641f9198d5,2026-07-25T13:30:00Z,2026-07-25T15:30:00+0200,156.5,MW,DK2,DK_2,forecast_onshore_wind_generation,Wind Onshore,2026-08-21T09:08:16Z
2026-08-21T08:53:57Z,2026-08-21T10:53:57+0200,5d6f4db6-a0f2-490a-bd97-b2641f9198d5,2026-07-25T13:45:00Z,2026-07-25T15:45:00+0200,164.833333,MW,DK2,DK_2,forecast_onshore_wind_generation,Wind Onshore,2026-08-21T09:08:16Z
2026-08-21T08:53:57Z,2026-08-21T10:53:57+0200,5d6f4db6-a0f2-490a-bd97-b2641f9198d5,2026-07-25T14:00:00Z,2026-07-25T16:00:00+0200,171.0,MW,DK2,DK_2,forecast_onshore_wind_generation,Wind Onshore,2026-08-21T09:08:16Z
2026-08-21T08:53:57Z,2026-08-21T10:53:57+0200,5d6f4db6-a0f2-490a-bd97-b2641f9198d5,2026-07-25T14:15:00Z,2026-07-25T16:15:00+0200,179.5,MW,DK2,DK_2,forecast_onshore_wind_generation,Wind Onshore,2026-08-21T09:08:16Z
2026-08-21T08:53:57Z,2026-08-21T10:53:57+0200,5d6f4db6-a0f2-490a-bd97-b2641f9198d5,2026-07-25T14:30:00Z,2026-07-25T16:30:00+0200,186.833333,MW,DK2,DK_2,forecast_onshore_wind_generation,Wind Onshore,2026-08-21T09:08:16Z
2026-08-21T08:53:57Z,2026-08-21T10:53:57+0200,5d6f4db6-a0f2-490a-bd97-b2641f9198d5,2026-07-25T14:45:00Z,2026-07-25T16:45:00+0200,194.166666,MW,DK2,DK_2,forecast_onshore_wind_generation,Wind Onshore,2026-08-21T09:08:16Z
2026-08-21T08:53:57Z,2026-08-21T10:53:57+0200,5d6f4db6-a0f2-490a-bd97-b2641f9198d5,2026-07-25T15:00:00Z,2026-07-25T17:00:00+0200,217.333333,MW,DK2,DK_2,forecast_onshore_wind_generation,Wind Onshore,2026-08-21T09:08:16Z
2026-08-21T08:53:57Z,2026-08-21T10:53:57+0200,5d6f4db6-a0f2-490a-bd97-b2641f9198d5,2026-07-25T15:15:00Z,2026-07-25T17:15:00+0200,233.5,MW,DK2,DK_2,forecast_onshore_wind_generation,Wind Onshore,2026-08-21T09:08:16Z
2026-08-21T08:53:57Z,2026-08-21T10:53:57+0200,5d6f4db6-a0f2-490a-bd97-b2641f9198d5,2026-07-25T15:30:00Z,2026-07-25T17:30:00+0200,262.333333,MW,DK2,DK_2,forecast_onshore_wind_generation,Wind Onshore,2026-08-21T09:08:16Z
2026-08-21T08:53:57Z,2026-08-21T10:53:57+0200,5d6f4db6-a0f2-490a-bd97-b2641f9198d5,2026-07-25T15:45:00Z,2026-07-25T17:45:00+0200,267.5,MW,DK2,DK_2,forecast_onshore_wind_generation,Wind Onshore,2026-08-21T09:08:16Z
2026-08-21T08:53:57Z,2026-08-21T10:53:57+0200,5d6f4db6-a0f2-490a-bd97-b2641f9198d5,2026-07-25T16:00:00Z,2026-07-25T18:00:00+0200,265.833333,MW,DK2,DK_2,forecast_onshore_wind_generation,Wind Onshore,2026-08-21T09:08:16Z
2026-08-21T08:53:57Z,2026-08-21T10:53:57+0200,5d6f4db6-a0f2-490a-bd97-b2641f9198d5,2026-07-25T16:15:00Z,2026-07-25T18:15:00+0200,257.5,MW,DK2,DK_2,forecast_onshore_wind_generation,Wind Onshore,2026-08-21T09:08:16Z
2026-08-21T08:53:57Z,2026-08-21T10:53:57+0200,5d6f4db6-a0f2-490a-bd97-b2641f9198d5,2026-07-25T16:30:00Z,2026-07-25T18:30:00+0200,247.5,MW,DK2,DK_2,forecast_onshore_wind_generation,Wind Onshore,2026-08-21T09:08:16Z
2026-08-21T08:53:57Z,2026-08-21T10:53:57+0200,5d6f4db6-a0f2-490a-bd97-b2641f9198d5,2026-07-25T16:45:00Z,2026-07-25T18:45:00+0200,239.166666,MW,DK2,DK_2,forecast_onshore_wind_generation,Wind Onshore,2026-08-21T09:08:16Z
2026-08-21T08:53:57Z,2026-08-21T10:53:57+0200,5d6f4db6-a0f2-490a-bd97-b2641f9198d5,2026-07-25T17:00:00Z,2026-07-25T19:00:00+0200,231.666666,MW,DK2,DK_2,forecast_onshore_wind_generation,Wind Onshore,2026-08-21T09:08:16Z
2026-08-21T08:53:57Z,2026-08-21T10:53:57+0200,5d6f4db6-a0f2-490a-bd97-b2641f9198d5,2026-07-25T17:15:00Z,2026-07-25T19:15:00+0200,223.5,MW,DK2,DK_2,forecast_onshore_wind_generation,Wind Onshore,2026-08-21T09:08:16Z
2026-08-21T08:53:57Z,2026-08-21T10:53:57+0200,5d6f4db6-a0f2-490a-bd97-b2641f9198d5,2026-07-25T17:30:00Z,2026-07-25T19:30:00+0200,216.5,MW,DK2,DK_2,forecast_onshore_wind_generation,Wind Onshore,2026-08-21T09:08:16Z
2026-08-21T08:53:57Z,2026-08-21T10:53:57+0200,5d6f4db6-a0f2-490a-bd97-b2641f9198d5,2026-07-25T17:45:00Z,2026-07-25T19:45:00+0200,213.0,MW,DK2,DK_2,forecast_onshore_wind_generation,Wind Onshore,2026-08-21T09:08:16Z
2026-08-21T08:53:57Z,2026-08-21T10:53:57+0200,5d6f4db6-a0f2-490a-bd97-b2641f9198d5,2026-07-25T18:00:00Z,2026-07-25T20:00:00+0200,211.0,MW,DK2,DK_2,forecast_onshore_wind_generation,Wind Onshore,2026-08-21T09:08:16Z
2026-08-21T08:53:57Z,2026-08-21T10:53:57+0200,5d6f4db6-a0f2-490a-bd97-b2641f9198d5,2026-07-25T18:15:00Z,2026-07-25T20:15:00+0200,208.833333,MW,DK2,DK_2,forecast_onshore_wind_generation,Wind Onshore,2026-08-21T09:08:16Z
2026-08-21T08:53:57Z,2026-08-21T10:53:57+0200,5d6f4db6-a0f2-490a-bd97-b2641f9198d5,2026-07-25T18:30:00Z,2026-07-25T20:30:00+0200,204.833333,MW,DK2,DK_2,forecast_onshore_wind_generation,Wind Onshore,2026-08-21T09:08:16Z
2026-08-21T08:53:57Z,2026-08-21T10:53:57+0200,5d6f4db6-a0f2-490a-bd97-b2641f9198d5,2026-07-25T18:45:00Z,2026-07-25T20:45:00+0200,201.833333,MW,DK2,DK_2,forecast_onshore_wind_generation,Wind Onshore,2026-08-21T09:08:16Z
2026-08-21T08:53:57Z,2026-08-21T10:53:57+0200,5d6f4db6-a0f2-490a-bd97-b2641f9198d5,2026-07-25T19:00:00Z,2026-07-25T21:00:00+0200,199.833333,MW,DK2,DK_2,forecast_onshore_wind_generation,Wind Onshore,2026-08-21T09:08:16Z
2026-08-21T08:53:57Z,2026-08-21T10:53:57+0200,5d6f4db6-a0f2-490a-bd97-b2641f9198d5,2026-07-25T19:15:00Z,2026-07-25T21:15:00+0200,196.5,MW,DK2,DK_2,forecast_onshore_wind_generation,Wind Onshore,2026-08-21T09:08:16Z
2026-08-21T08:53:57Z,2026-08-21T10:53:57+0200,5d6f4db6-a0f2-490a-bd97-b2641f9198d5,2026-07-25T19:30:00Z,2026-07-25T21:30:00+0200,194.0,MW,DK2,DK_2,forecast_onshore_wind_generation,Wind Onshore,2026-08-21T09:08:16Z
2026-08-21T08:53:57Z,2026-08-21T10:53:57+0200,5d6f4db6-a0f2-490a-bd97-b2641f9198d5,2026-07-25T19:45:00Z,2026-07-25T21:45:00+0200,193.0,MW,DK2,DK_2,forecast_onshore_wind_generation,Wind Onshore,2026-08-21T09:08:16Z
2026-08-21T08:53:57Z,2026-08-21T10:53:57+0200,5d6f4db6-a0f2-490a-bd97-b2641f9198d5,2026-07-25T20:00:00Z,2026-07-25T22:00:00+0200,192.833333,MW,DK2,DK_2,forecast_onshore_wind_generation,Wind Onshore,2026-08-21T09:08:16Z
2026-08-21T08:53:57Z,2026-08-21T10:53:57+0200,5d6f4db6-a0f2-490a-bd97-b2641f9198d5,2026-07-25T20:15:00Z,2026-07-25T22:15:00+0200,189.666666,MW,DK2,DK_2,forecast_onshore_wind_generation,Wind Onshore,2026-08-21T09:08:16Z
2026-08-21T08:53:57Z,2026-08-21T10:53:57+0200,5d6f4db6-a0f2-490a-bd97-b2641f9198d5,2026-07-25T20:30:00Z,2026-07-25T22:30:00+0200,185.833333,MW,DK2,DK_2,forecast_onshore_wind_generation,Wind Onshore,2026-08-21T09:08:16Z
2026-08-21T08:53:57Z,2026-08-21T10:53:57+0200,5d6f4db6-a0f2-490a-bd97-b2641f9198d5,2026-07-25T20:45:00Z,2026-07-25T22:45:00+0200,183.5,MW,DK2,DK_2,forecast_onshore_wind_generation,Wind Onshore,2026-08-21T09:08:16Z
2026-08-21T08:53:57Z,2026-08-21T10:53:57+0200,5d6f4db6-a0f2-490a-bd97-b2641f9198d5,2026-07-25T21:00:00Z,2026-07-25T23:00:00+0200,181.333333,MW,DK2,DK_2,forecast_onshore_wind_generation,Wind Onshore,2026-08-21T09:08:16Z
2026-08-21T08:53:57Z,2026-08-21T10:53:57+0200,5d6f4db6-a0f2-490a-bd97-b2641f9198d5,2026-07-25T21:15:00Z,2026-07-25T23:15:00+0200,179.833333,MW,DK2,DK_2,forecast_onshore_wind_generation,Wind Onshore,2026-08-21T09:08:16Z
2026-08-21T08:53:57Z,2026-08-21T10:53:57+0200,5d6f4db6-a0f2-490a-bd97-b2641f9198d5,2026-07-25T21:30:00Z,2026-07-25T23:30:00+0200,179.0,MW,DK2,DK_2,forecast_onshore_wind_generation,Wind Onshore,2026-08-21T09:08:16Z
2026-08-21T08:53:57Z,2026-08-21T10:53:57+0200,5d6f4db6-a0f2-490a-bd97-b2641f9198d5,2026-07-25T21:45:00Z,2026-07-25T23:45:00+0200,179.833333,MW,DK2,DK_2,forecast_onshore_wind_generation,Wind Onshore,2026-08-21T09:08:16Z
2026-08-21T08:53:57Z,2026-08-21T10:53:57+0200,5d6f4db6-a0f2-490a-bd97-b2641f9198d5,2026-07-25T22:00:00Z,2026-07-26T00:00:00+0200,182.666666,MW,DK2,DK_2,forecast_onshore_wind_generation,Wind Onshore,2026-08-21T09:08:16Z
2026-08-21T08:53:57Z,2026-08-21T10:53:57+0200,5d6f4db6-a0f2-490a-bd97-b2641f9198d5,2026-07-25T22:15:00Z,2026-07-26T00:15:00+0200,181.0,MW,DK2,DK_2,forecast_onshore_wind_generation,Wind Onshore,2026-08-21T09:08:16Z
2026-08-21T08:53:57Z,2026-08-21T10:53:57+0200,5d6f4db6-a0f2-490a-bd97-b2641f9198d5,2026-07-25T22:30:00Z,2026-07-26T00:30:00+0200,178.5,MW,DK2,DK_2,forecast_onshore_wind_generation,Wind Onshore,2026-08-21T09:08:16Z
2026-08-21T08:53:57Z,2026-08-21T10:53:57+0200,5d6f4db6-a0f2-490a-bd97-b2641f9198d5,2026-07-25T22:45:00Z,2026-07-26T00:45:00+0200,175.0,MW,DK2,DK_2,forecast_onshore_wind_generation,Wind Onshore,2026-08-21T09:08:16Z
2026-08-21T08:53:57Z,2026-08-21T10:53:57+0200,5d6f4db6-a0f2-490a-bd97-b2641f9198d5,2026-07-25T23:00:00Z,2026-07-26T01:00:00+0200,170.166666,MW,DK2,DK_2,forecast_onshore_wind_generation,Wind Onshore,2026-08-21T09:08:16Z
2026-08-21T08:53:57Z,2026-08-21T10:53:57+0200,5d6f4db6-a0f2-490a-bd97-b2641f9198d5,2026-07-25T23:15:00Z,2026-07-26T01:15:00+0200,166.5,MW,DK2,DK_2,forecast_onshore_wind_generation,Wind Onshore,2026-08-21T09:08:16Z
2026-08-21T08:53:57Z,2026-08-21T10:53:57+0200,5d6f4db6-a0f2-490a-bd97-b2641f9198d5,2026-07-25T23:30:00Z,2026-07-26T01:30:00+0200,163.5,MW,DK2,DK_2,forecast_onshore_wind_generation,Wind Onshore,2026-08-21T09:08:16Z
2026-08-21T08:53:57Z,2026-08-21T10:53:57+0200,5d6f4db6-a0f2-490a-bd97-b2641f9198d5,2026-07-25T23:45:00Z,2026-07-26T01:45:00+0200,160.5,MW,DK2,DK_2,forecast_onshore_wind_generation,Wind Onshore,2026-08-21T09:08:16Z
2026-08-21T08:53:57Z,2026-08-21T10:53:57+0200,5d6f4db6-a0f2-490a-bd97-b2641f9198d5,2026-07-26T00:00:00Z,2026-07-26T02:00:00+0200,157.333333,MW,DK2,DK_2,forecast_onshore_wind_generation,Wind Onshore,2026-08-21T09:08:16Z
2026-08-21T08:53:57Z,2026-08-21T10:53:57+0200,5d6f4db6-a0f2-490a-bd97-b2641f9198d5,2026-07-26T00:15:00Z,2026-07-26T02:15:00+0200,152.0,MW,DK2,DK_2,forecast_onshore_wind_generation,Wind Onshore,2026-08-21T09:08:16Z
2026-08-21T08:53:57Z,2026-08-21T10:53:57+0200,5d6f4db6-a0f2-490a-bd97-b2641f9198d5,2026-07-26T00:30:00Z,2026-07-26T02:30:00+0200,146.0,MW,DK2,DK_2,forecast_onshore_wind_generation,Wind Onshore,2026-08-21T09:08:16Z
2026-08-21T08:53:57Z,2026-08-21T10:53:57+0200,5d6f4db6-a0f2-490a-bd97-b2641f9198d5,2026-07-26T00:45:00Z,2026-07-26T02:45:00+0200,142.0,MW,DK2,DK_2,forecast_onshore_wind_generation,Wind Onshore,2026-08-21T09:08:16Z
2026-08-21T08:53:57Z,2026-08-21T10:53:57+0200,5d6f4db6-a0f2-490a-bd97-b2641f9198d5,2026-07-26T01:00:00Z,2026-07-26T03:00:00+0200,140.833333,MW,DK2,DK_2,forecast_onshore_wind_generation,Wind Onshore,2026-08-21T09:08:16Z
2026-08-21T08:53:57Z,2026-08-21T10:53:57+0200,5d6f4db6-a0f2-490a-bd97-b2641f9198d5,2026-07-26T01:15:00Z,2026-07-26T03:15:00+0200,139.5,MW,DK2,DK_2,forecast_onshore_wind_generation,Wind Onshore,2026-08-21T09:08:16Z
2026-08-21T08:53:57Z,2026-08-21T10:53:57+0200,5d6f4db6-a0f2-490a-bd97-b2641f9198d5,2026-07-26T01:30:00Z,2026-07-26T03:30:00+0200,138.5,MW,DK2,DK_2,forecast_onshore_wind_generation,Wind Onshore,2026-08-21T09:08:16Z
2026-08-21T08:53:57Z,2026-08-21T10:53:57+0200,5d6f4db6-a0f2-490a-bd97-b2641f9198d5,2026-07-26T01:45:00Z,2026-07-26T03:45:00+0200,137.333333,MW,DK2,DK_2,forecast_onshore_wind_generation,Wind Onshore,2026-08-21T09:08:16Z
2026-08-21T08:53:57Z,2026-08-21T10:53:57+0200,5d6f4db6-a0f2-490a-bd97-b2641f9198d5,2026-07-26T02:00:00Z,2026-07-26T04:00:00+0200,134.0,MW,DK2,DK_2,forecast_onshore_wind_generation,Wind Onshore,2026-08-21T09:08:16Z
2026-08-21T08:53:57Z,2026-08-21T10:53:57+0200,5d6f4db6-a0f2-490a-bd97-b2641f9198d5,2026-07-26T02:15:00Z,2026-07-26T04:15:00+0200,129.0,MW,DK2,DK_2,forecast_onshore_wind_generation,Wind Onshore,2026-08-21T09:08:16Z
2026-08-21T08:53:57Z,2026-08-21T10:53:57+0200,5d6f4db6-a0f2-490a-bd97-b2641f9198d5,2026-07-26T02:30:00Z,2026-07-26T04:30:00+0200,123.833333,MW,DK2,DK_2,forecast_onshore_wind_generation,Wind Onshore,2026-08-21T09:08:16Z
2026-08-21T08:53:57Z,2026-08-21T10:53:57+0200,5d6f4db6-a0f2-490a-bd97-b2641f9198d5,2026-07-26T02:45:00Z,2026-07-26T04:45:00+0200,116.166666,MW,DK2,DK_2,forecast_onshore_wind_generation,Wind Onshore,2026-08-21T09:08:16Z
2026-08-21T08:53:57Z,2026-08-21T10:53:57+0200,5d6f4db6-a0f2-490a-bd97-b2641f9198d5,2026-07-26T03:00:00Z,2026-07-26T05:00:00+0200,107.0,MW,DK2,DK_2,forecast_onshore_wind_generation,Wind Onshore,2026-08-21T09:08:16Z
2026-08-21T08:53:57Z,2026-08-21T10:53:57+0200,5d6f4db6-a0f2-490a-bd97-b2641f9198d5,2026-07-26T03:15:00Z,2026-07-26T05:15:00+0200,97.5,MW,DK2,DK_2,forecast_onshore_wind_generation,Wind Onshore,2026-08-21T09:08:16Z
2026-08-21T08:53:57Z,2026-08-21T10:53:57+0200,5d6f4db6-a0f2-490a-bd97-b2641f9198d5,2026-07-26T03:30:00Z,2026-07-26T05:30:00+0200,88.666666,MW,DK2,DK_2,forecast_onshore_wind_generation,Wind Onshore,2026-08-21T09:08:16Z
2026-08-21T08:53:57Z,2026-08-21T10:53:57+0200,5d6f4db6-a0f2-490a-bd97-b2641f9198d5,2026-07-26T03:45:00Z,2026-07-26T05:45:00+0200,82.0,MW,DK2,DK_2,forecast_onshore_wind_generation,Wind Onshore,2026-08-21T09:08:16Z
2026-08-21T08:53:57Z,2026-08-21T10:53:57+0200,5d6f4db6-a0f2-490a-bd97-b2641f9198d5,2026-07-26T04:00:00Z,2026-07-26T06:00:00+0200,77.5,MW,DK2,DK_2,forecast_onshore_wind_generation,Wind Onshore,2026-08-21T09:08:16Z
2026-08-21T08:53:57Z,2026-08-21T10:53:57+0200,5d6f4db6-a0f2-490a-bd97-b2641f9198d5,2026-07-26T04:15:00Z,2026-07-26T06:15:00+0200,74.5,MW,DK2,DK_2,forecast_onshore_wind_generation,Wind Onshore,2026-08-21T09:08:16Z
2026-08-21T08:53:57Z,2026-08-21T10:53:57+0200,5d6f4db6-a0f2-490a-bd97-b2641f9198d5,2026-07-26T04:30:00Z,2026-07-26T06:30:00+0200,70.666666,MW,DK2,DK_2,forecast_onshore_wind_generation,Wind Onshore,2026-08-21T09:08:16Z
2026-08-21T08:53:57Z,2026-08-21T10:53:57+0200,5d6f4db6-a0f2-490a-bd97-b2641f9198d5,2026-07-26T04:45:00Z,2026-07-26T06:45:00+0200,67.5,MW,DK2,DK_2,forecast_onshore_wind_generation,Wind Onshore,2026-08-21T09:08:16Z
2026-08-21T08:53:57Z,2026-08-21T10:53:57+0200,5d6f4db6-a0f2-490a-bd97-b2641f9198d5,2026-07-26T05:00:00Z,2026-07-26T07:00:00+0200,63.833333,MW,DK2,DK_2,forecast_onshore_wind_generation,Wind Onshore,2026-08-21T09:08:16Z
2026-08-21T08:53:57Z,2026-08-21T10:53:57+0200,5d6f4db6-a0f2-490a-bd97-b2641f9198d5,2026-07-26T05:15:00Z,2026-07-26T07:15:00+0200,61.5,MW,DK2,DK_2,forecast_onshore_wind_generation,Wind Onshore,2026-08-21T09:08:16Z
2026-08-21T08:53:57Z,2026-08-21T10:53:57+0200,5d6f4db6-a0f2-490a-bd97-b2641f9198d5,2026-07-26T05:30:00Z,2026-07-26T07:30:00+0200,58.5,MW,DK2,DK_2,forecast_onshore_wind_generation,Wind Onshore,2026-08-21T09:08:16Z
2026-08-21T08:53:57Z,2026-08-21T10:53:57+0200,5d6f4db6-a0f2-490a-bd97-b2641f9198d5,2026-07-26T05:45:00Z,2026-07-26T07:45:00+0200,54.5,MW,DK2,DK_2,forecast_onshore_wind_generation,Wind Onshore,2026-08-21T09:08:16Z
2026-08-21T08:53:57Z,2026-08-21T10:53:57+0200,5d6f4db6-a0f2-490a-bd97-b2641f9198d5,2026-07-26T06:00:00Z,2026-07-26T08:00:00+0200,50.333333,MW,DK2,DK_2,forecast_onshore_wind_generation,Wind Onshore,2026-08-21T09:08:16Z
2026-08-21T08:53:57Z,2026-08-21T10:53:57+0200,5d6f4db6-a0f2-490a-bd97-b2641f9198d5,2026-07-26T06:15:00Z,2026-07-26T08:15:00+0200,46.0,MW,DK2,DK_2,forecast_onshore_wind_generation,Wind Onshore,2026-08-21T09:08:16Z
2026-08-21T08:53:57Z,2026-08-21T10:53:57+0200,5d6f4db6-a0f2-490a-bd97-b2641f9198d5,2026-07-26T06:30:00Z,2026-07-26T08:30:00+0200,42.5,MW,DK2,DK_2,forecast_onshore_wind_generation,Wind Onshore,2026-08-21T09:08:16Z
2026-08-21T08:53:57Z,2026-08-21T10:53:57+0200,5d6f4db6-a0f2-490a-bd97-b2641f9198d5,2026-07-26T06:45:00Z,2026-07-26T08:45:00+0200,40.166666,MW,DK2,DK_2,forecast_onshore_wind_generation,Wind Onshore,2026-08-21T09:08:16Z
2026-08-21T08:53:57Z,2026-08-21T10:53:57+0200,5d6f4db6-a0f2-490a-bd97-b2641f9198d5,2026-07-26T07:00:00Z,2026-07-26T09:00:00+0200,38.333333,MW,DK2,DK_2,forecast_onshore_wind_generation,Wind Onshore,2026-08-21T09:08:16Z
2026-08-21T08:53:57Z,2026-08-21T10:53:57+0200,5d6f4db6-a0f2-490a-bd97-b2641f9198d5,2026-07-26T07:15:00Z,2026-07-26T09:15:00+0200,33.0,MW,DK2,DK_2,forecast_onshore_wind_generation,Wind Onshore,2026-08-21T09:08:16Z
2026-08-21T08:53:57Z,2026-08-21T10:53:57+0200,5d6f4db6-a0f2-490a-bd97-b2641f9198d5,2026-07-26T07:30:00Z,2026-07-26T09:30:00+0200,28.0,MW,DK2,DK_2,forecast_onshore_wind_generation,Wind Onshore,2026-08-21T09:08:16Z
2026-08-21T08:53:57Z,2026-08-21T10:53:57+0200,5d6f4db6-a0f2-490a-bd97-b2641f9198d5,2026-07-26T07:45:00Z,2026-07-26T09:45:00+0200,25.333333,MW,DK2,DK_2,forecast_onshore_wind_generation,Wind Onshore,2026-08-21T09:08:16Z
2026-08-21T08:53:57Z,2026-08-21T10:53:57+0200,5d6f4db6-a0f2-490a-bd97-b2641f9198d5,2026-07-26T08:00:00Z,2026-07-26T10:00:00+0200,23.333333,MW,DK2,DK_2,forecast_onshore_wind_generation,Wind Onshore,2026-08-21T09:08:16Z
2026-08-21T08:53:57Z,2026-08-21T10:53:57+0200,5d6f4db6-a0f2-490a-bd97-b2641f9198d5,2026-07-26T08:15:00Z,2026-07-26T10:15:00+0200,20.0,MW,DK2,DK_2,forecast_onshore_wind_generation,Wind Onshore,2026-08-21T09:08:16Z
2026-08-21T08:53:57Z,2026-08-21T10:53:57+0200,5d6f4db6-a0f2-490a-bd97-b2641f9198d5,2026-07-26T08:30:00Z,2026-07-26T10:30:00+0200,15.5,MW,DK2,DK_2,forecast_onshore_wind_generation,Wind Onshore,2026-08-21T09:08:16Z
2026-08-21T08:53:57Z,2026-08-21T10:53:57+0200,5d6f4db6-a0f2-490a-bd97-b2641f9198d5,2026-07-26T08:45:00Z,2026-07-26T10:45:00+0200,14.333333,MW,DK2,DK_2,forecast_onshore_wind_generation,Wind Onshore,2026-08-21T09:08:16Z
2026-08-21T08:53:57Z,2026-08-21T10:53:57+0200,5d6f4db6-a0f2-490a-bd97-b2641f9198d5,2026-07-26T09:00:00Z,2026-07-26T11:00:00+0200,12.166666,MW,DK2,DK_2,forecast_onshore_wind_generation,Wind Onshore,2026-08-21T09:08:16Z
2026-08-21T08:53:57Z,2026-08-21T10:53:57+0200,5d6f4db6-a0f2-490a-bd97-b2641f9198d5,2026-07-26T09:15:00Z,2026-07-26T11:15:00+0200,11.166666,MW,DK2,DK_2,forecast_onshore_wind_generation,Wind Onshore,2026-08-21T09:08:16Z
2026-08-21T08:53:57Z,2026-08-21T10:53:57+0200,5d6f4db6-a0f2-490a-bd97-b2641f9198d5,2026-07-26T09:30:00Z,2026-07-26T11:30:00+0200,10.166666,MW,DK2,DK_2,forecast_onshore_wind_generation,Wind Onshore,2026-08-21T09:08:16Z
2026-08-21T08:53:57Z,2026-08-21T10:53:57+0200,5d6f4db6-a0f2-490a-bd97-b2641f9198d5,2026-07-26T09:45:00Z,2026-07-26T11:45:00+0200,10.833333,MW,DK2,DK_2,forecast_onshore_wind_generation,Wind Onshore,2026-08-21T09:08:16Z
2026-08-21T08:53:57Z,2026-08-21T10:53:57+0200,5d6f4db6-a0f2-490a-bd97-b2641f9198d5,2026-07-26T10:00:00Z,2026-07-26T12:00:00+0200,11.0,MW,DK2,DK_2,forecast_onshore_wind_generation,Wind Onshore,2026-08-21T09:08:16Z
2026-08-21T08:53:57Z,2026-08-21T10:53:57+0200,5d6f4db6-a0f2-490a-bd97-b2641f9198d5,2026-07-26T10:15:00Z,2026-07-26T12:15:00+0200,10.833333,MW,DK2,DK_2,forecast_onshore_wind_generation,Wind Onshore,2026-08-21T09:08:16Z
2026-08-21T08:53:57Z,2026-08-21T10:53:57+0200,5d6f4db6-a0f2-490a-bd97-b2641f9198d5,2026-07-26T10:30:00Z,2026-07-26T12:30:00+0200,10.0,MW,DK2,DK_2,forecast_onshore_wind_generation,Wind Onshore,2026-08-21T09:08:16Z
2026-08-21T08:53:57Z,2026-08-21T10:53:57+0200,5d6f4db6-a0f2-490a-bd97-b2641f9198d5,2026-07-26T10:45:00Z,2026-07-26T12:45:00+0200,9.833333,MW,DK2,DK_2,forecast_onshore_wind_generation,Wind Onshore,2026-08-21T09:08:16Z
2026-08-21T08:53:57Z,2026-08-21T10:53:57+0200,5d6f4db6-a0f2-490a-bd97-b2641f9198d5,2026-07-26T11:00:00Z,2026-07-26T13:00:00+0200,9.166666,MW,DK2,DK_2,forecast_onshore_wind_generation,Wind Onshore,2026-08-21T09:08:16Z
2026-08-21T08:53:57Z,2026-08-21T10:53:57+0200,5d6f4db6-a0f2-490a-bd97-b2641f9198d5,2026-07-26T11:15:00Z,2026-07-26T13:15:00+0200,10.0,MW,DK2,DK_2,forecast_onshore_wind_generation,Wind Onshore,2026-08-21T09:08:16Z
2026-08-21T08:53:57Z,2026-08-21T10:53:57+0200,5d6f4db6-a0f2-490a-bd97-b2641f9198d5,2026-07-26T11:30:00Z,2026-07-26T13:30:00+0200,10.0,MW,DK2,DK_2,forecast_onshore_wind_generation,Wind Onshore,2026-08-21T09:08:16Z
2026-08-21T08:53:57Z,2026-08-21T10:53:57+0200,5d6f4db6-a0f2-490a-bd97-b2641f9198d5,2026-07-26T11:45:00Z,2026-07-26T13:45:00+0200,10.0,MW,DK2,DK_2,forecast_onshore_wind_generation,Wind Onshore,2026-08-21T09:08:16Z
2026-08-21T08:53:57Z,2026-08-21T10:53:57+0200,5d6f4db6-a0f2-490a-bd97-b2641f9198d5,2026-07-26T12:00:00Z,2026-07-26T14:00:00+0200,10.0,MW,DK2,DK_2,forecast_onshore_wind_generation,Wind Onshore,2026-08-21T09:08:16Z
2026-08-21T08:53:57Z,2026-08-21T10:53:57+0200,5d6f4db6-a0f2-490a-bd97-b2641f9198d5,2026-07-26T12:15:00Z,2026-07-26T14:15:00+0200,10.0,MW,DK2,DK_2,forecast_onshore_wind_generation,Wind Onshore,2026-08-21T09:08:16Z
2026-08-21T08:53:57Z,2026-08-21T10:53:57+0200,5d6f4db6-a0f2-490a-bd97-b2641f9198d5,2026-07-26T12:30:00Z,2026-07-26T14:30:00+0200,10.0,MW,DK2,DK_2,forecast_onshore_wind_generation,Wind Onshore,2026-08-21T09:08:16Z
2026-08-21T08:53:57Z,2026-08-21T10:53:57+0200,5d6f4db6-a0f2-490a-bd97-b2641f9198d5,2026-07-26T12:45:00Z,2026-07-26T14:45:00+0200,10.0,MW,DK2,DK_2,forecast_onshore_wind_generation,Wind Onshore,2026-08-21T09:08:16Z
2026-08-21T08:53:57Z,2026-08-21T10:53:57+0200,5d6f4db6-a0f2-490a-bd97-b2641f9198d5,2026-07-26T13:00:00Z,2026-07-26T15:00:00+0200,10.0,MW,DK2,DK_2,forecast_onshore_wind_generation,Wind Onshore,2026-08-21T09:08:16Z
2026-08-21T08:53:57Z,2026-08-21T10:53:57+0200,5d6f4db6-a0f2-490a-bd97-b2641f9198d5,2026-07-26T13:15:00Z,2026-07-26T15:15:00+0200,10.5,MW,DK2,DK_2,forecast_onshore_wind_generation,Wind Onshore,2026-08-21T09:08:16Z
2026-08-21T08:53:57Z,2026-08-21T10:53:57+0200,5d6f4db6-a0f2-490a-bd97-b2641f9198d5,2026-07-26T13:30:00Z,2026-07-26T15:30:00+0200,11.0,MW,DK2,DK_2,forecast_onshore_wind_generation,Wind Onshore,2026-08-21T09:08:16Z
2026-08-21T08:53:57Z,2026-08-21T10:53:57+0200,5d6f4db6-a0f2-490a-bd97-b2641f9198d5,2026-07-26T13:45:00Z,2026-07-26T15:45:00+0200,11.666666,MW,DK2,DK_2,forecast_onshore_wind_generation,Wind Onshore,2026-08-21T09:08:16Z
2026-08-21T08:53:57Z,2026-08-21T10:53:57+0200,5d6f4db6-a0f2-490a-bd97-b2641f9198d5,2026-07-26T14:00:00Z,2026-07-26T16:00:00+0200,13.0,MW,DK2,DK_2,forecast_onshore_wind_generation,Wind Onshore,2026-08-21T09:08:16Z
2026-08-21T08:53:57Z,2026-08-21T10:53:57+0200,5d6f4db6-a0f2-490a-bd97-b2641f9198d5,2026-07-26T14:15:00Z,2026-07-26T16:15:00+0200,13.333333,MW,DK2,DK_2,forecast_onshore_wind_generation,Wind Onshore,2026-08-21T09:08:16Z
2026-08-21T08:53:57Z,2026-08-21T10:53:57+0200,5d6f4db6-a0f2-490a-bd97-b2641f9198d5,2026-07-26T14:30:00Z,2026-07-26T16:30:00+0200,15.166666,MW,DK2,DK_2,forecast_onshore_wind_generation,Wind Onshore,2026-08-21T09:08:16Z
2026-08-21T08:53:57Z,2026-08-21T10:53:57+0200,5d6f4db6-a0f2-490a-bd97-b2641f9198d5,2026-07-26T14:45:00Z,2026-07-26T16:45:00+0200,15.666666,MW,DK2,DK_2,forecast_onshore_wind_generation,Wind Onshore,2026-08-21T09:08:16Z
2026-08-21T08:53:57Z,2026-08-21T10:53:57+0200,5d6f4db6-a0f2-490a-bd97-b2641f9198d5,2026-07-26T15:00:00Z,2026-07-26T17:00:00+0200,14.0,MW,DK2,DK_2,forecast_onshore_wind_generation,Wind Onshore,2026-08-21T09:08:16Z
2026-08-21T08:53:57Z,2026-08-21T10:53:57+0200,5d6f4db6-a0f2-490a-bd97-b2641f9198d5,2026-07-26T15:15:00Z,2026-07-26T17:15:00+0200,13.833333,MW,DK2,DK_2,forecast_onshore_wind_generation,Wind Onshore,2026-08-21T09:08:16Z
2026-08-21T08:53:57Z,2026-08-21T10:53:57+0200,5d6f4db6-a0f2-490a-bd97-b2641f9198d5,2026-07-26T15:30:00Z,2026-07-26T17:30:00+0200,12.5,MW,DK2,DK_2,forecast_onshore_wind_generation,Wind Onshore,2026-08-21T09:08:16Z
2026-08-21T08:53:57Z,2026-08-21T10:53:57+0200,5d6f4db6-a0f2-490a-bd97-b2641f9198d5,2026-07-26T15:45:00Z,2026-07-26T17:45:00+0200,12.0,MW,DK2,DK_2,forecast_onshore_wind_generation,Wind Onshore,2026-08-21T09:08:16Z
2026-08-21T08:53:57Z,2026-08-21T10:53:57+0200,5d6f4db6-a0f2-490a-bd97-b2641f9198d5,2026-07-26T16:00:00Z,2026-07-26T18:00:00+0200,11.5,MW,DK2,DK_2,forecast_onshore_wind_generation,Wind Onshore,2026-08-21T09:08:16Z
2026-08-21T08:53:57Z,2026-08-21T10:53:57+0200,5d6f4db6-a0f2-490a-bd97-b2641f9198d5,2026-07-26T16:15:00Z,2026-07-26T18:15:00+0200,11.0,MW,DK2,DK_2,forecast_onshore_wind_generation,Wind Onshore,2026-08-21T09:08:16Z
2026-08-21T08:53:57Z,2026-08-21T10:53:57+0200,5d6f4db6-a0f2-490a-bd97-b2641f9198d5,2026-07-26T16:30:00Z,2026-07-26T18:30:00+0200,10.5,MW,DK2,DK_2,forecast_onshore_wind_generation,Wind Onshore,2026-08-21T09:08:16Z
2026-08-21T08:53:57Z,2026-08-21T10:53:57+0200,5d6f4db6-a0f2-490a-bd97-b2641f9198d5,2026-07-26T16:45:00Z,2026-07-26T18:45:00+0200,10.0,MW,DK2,DK_2,forecast_onshore_wind_generation,Wind Onshore,2026-08-21T09:08:16Z
2026-08-21T08:53:57Z,2026-08-21T10:53:57+0200,5d6f4db6-a0f2-490a-bd97-b2641f9198d5,2026-07-26T17:00:00Z,2026-07-26T19:00:00+0200,10.5,MW,DK2,DK_2,forecast_onshore_wind_generation,Wind Onshore,2026-08-21T09:08:16Z
2026-08-21T08:53:57Z,2026-08-21T10:53:57+0200,5d6f4db6-a0f2-490a-bd97-b2641f9198d5,2026-07-26T17:15:00Z,2026-07-26T19:15:00+0200,11.166666,MW,DK2,DK_2,forecast_onshore_wind_generation,Wind Onshore,2026-08-21T09:08:16Z
2026-08-21T08:53:57Z,2026-08-21T10:53:57+0200,5d6f4db6-a0f2-490a-bd97-b2641f9198d5,2026-07-26T17:30:00Z,2026-07-26T19:30:00+0200,12.166666,MW,DK2,DK_2,forecast_onshore_wind_generation,Wind Onshore,2026-08-21T09:08:16Z
2026-08-21T08:53:57Z,2026-08-21T10:53:57+0200,5d6f4db6-a0f2-490a-bd97-b2641f9198d5,2026-07-26T17:45:00Z,2026-07-26T19:45:00+0200,14.0,MW,DK2,DK_2,forecast_onshore_wind_generation,Wind Onshore,2026-08-21T09:08:16Z
2026-08-21T08:53:57Z,2026-08-21T10:53:57+0200,5d6f4db6-a0f2-490a-bd97-b2641f9198d5,2026-07-26T18:00:00Z,2026-07-26T20:00:00+0200,15.5,MW,DK2,DK_2,forecast_onshore_wind_generation,Wind Onshore,2026-08-21T09:08:16Z
2026-08-21T08:53:57Z,2026-08-21T10:53:57+0200,5d6f4db6-a0f2-490a-bd97-b2641f9198d5,2026-07-26T18:15:00Z,2026-07-26T20:15:00+0200,16.666666,MW,DK2,DK_2,forecast_onshore_wind_generation,Wind Onshore,2026-08-21T09:08:16Z
2026-08-21T08:53:57Z,2026-08-21T10:53:57+0200,5d6f4db6-a0f2-490a-bd97-b2641f9198d5,2026-07-26T18:30:00Z,2026-07-26T20:30:00+0200,16.166666,MW,DK2,DK_2,forecast_onshore_wind_generation,Wind Onshore,2026-08-21T09:08:16Z
2026-08-21T08:53:57Z,2026-08-21T10:53:57+0200,5d6f4db6-a0f2-490a-bd97-b2641f9198d5,2026-07-26T18:45:00Z,2026-07-26T20:45:00+0200,18.0,MW,DK2,DK_2,forecast_onshore_wind_generation,Wind Onshore,2026-08-21T09:08:16Z
2026-08-21T08:53:57Z,2026-08-21T10:53:57+0200,5d6f4db6-a0f2-490a-bd97-b2641f9198d5,2026-07-26T19:00:00Z,2026-07-26T21:00:00+0200,19.666666,MW,DK2,DK_2,forecast_onshore_wind_generation,Wind Onshore,2026-08-21T09:08:16Z
2026-08-21T08:53:57Z,2026-08-21T10:53:57+0200,5d6f4db6-a0f2-490a-bd97-b2641f9198d5,2026-07-26T19:15:00Z,2026-07-26T21:15:00+0200,21.666666,MW,DK2,DK_2,forecast_onshore_wind_generation,Wind Onshore,2026-08-21T09:08:16Z
2026-08-21T08:53:57Z,2026-08-21T10:53:57+0200,5d6f4db6-a0f2-490a-bd97-b2641f9198d5,2026-07-26T19:30:00Z,2026-07-26T21:30:00+0200,23.666666,MW,DK2,DK_2,forecast_onshore_wind_generation,Wind Onshore,2026-08-21T09:08:16Z
2026-08-21T08:53:57Z,2026-08-21T10:53:57+0200,5d6f4db6-a0f2-490a-bd97-b2641f9198d5,2026-07-26T19:45:00Z,2026-07-26T21:45:00+0200,26.0,MW,DK2,DK_2,forecast_onshore_wind_generation,Wind Onshore,2026-08-21T09:08:16Z
2026-08-21T08:53:57Z,2026-08-21T10:53:57+0200,5d6f4db6-a0f2-490a-bd97-b2641f9198d5,2026-07-26T20:00:00Z,2026-07-26T22:00:00+0200,28.5,MW,DK2,DK_2,forecast_onshore_wind_generation,Wind Onshore,2026-08-21T09:08:16Z
2026-08-21T08:53:57Z,2026-08-21T10:53:57+0200,5d6f4db6-a0f2-490a-bd97-b2641f9198d5,2026-07-26T20:15:00Z,2026-07-26T22:15:00+0200,31.166666,MW,DK2,DK_2,forecast_onshore_wind_generation,Wind Onshore,2026-08-21T09:08:16Z
2026-08-21T08:53:57Z,2026-08-21T10:53:57+0200,5d6f4db6-a0f2-490a-bd97-b2641f9198d5,2026-07-26T20:30:00Z,2026-07-26T22:30:00+0200,33.666666,MW,DK2,DK_2,forecast_onshore_wind_generation,Wind Onshore,2026-08-21T09:08:16Z
2026-08-21T08:53:57Z,2026-08-21T10:53:57+0200,5d6f4db6-a0f2-490a-bd97-b2641f9198d5,2026-07-26T20:45:00Z,2026-07-26T22:45:00+0200,36.333333,MW,DK2,DK_2,forecast_onshore_wind_generation,Wind Onshore,2026-08-21T09:08:16Z
2026-08-21T08:53:57Z,2026-08-21T10:53:57+0200,5d6f4db6-a0f2-490a-bd97-b2641f9198d5,2026-07-26T21:00:00Z,2026-07-26T23:00:00+0200,37.0,MW,DK2,DK_2,forecast_onshore_wind_generation,Wind Onshore,2026-08-21T09:08:16Z
2026-08-21T08:53:57Z,2026-08-21T10:53:57+0200,5d6f4db6-a0f2-490a-bd97-b2641f9198d5,2026-07-26T21:15:00Z,2026-07-26T23:15:00+0200,37.5,MW,DK2,DK_2,forecast_onshore_wind_generation,Wind Onshore,2026-08-21T09:08:16Z
2026-08-21T08:53:57Z,2026-08-21T10:53:57+0200,5d6f4db6-a0f2-490a-bd97-b2641f9198d5,2026-07-26T21:30:00Z,2026-07-26T23:30:00+0200,38.166666,MW,DK2,DK_2,forecast_onshore_wind_generation,Wind Onshore,2026-08-21T09:08:16Z
2026-08-21T08:53:57Z,2026-08-21T10:53:57+0200,5d6f4db6-a0f2-490a-bd97-b2641f9198d5,2026-07-26T21:45:00Z,2026-07-26T23:45:00+0200,39.333333,MW,DK2,DK_2,forecast_onshore_wind_generation,Wind Onshore,2026-08-21T09:08:16Z
2026-08-21T08:53:57Z,2026-08-21T10:53:57+0200,5d6f4db6-a0f2-490a-bd97-b2641f9198d5,2026-07-26T22:00:00Z,2026-07-27T00:00:00+0200,127.0,MW,DK2,DK_2,forecast_onshore_wind_generation,Wind Onshore,2026-08-21T09:08:16Z
2026-08-21T08:53:57Z,2026-08-21T10:53:57+0200,5d6f4db6-a0f2-490a-bd97-b2641f9198d5,2026-07-26T22:15:00Z,2026-07-27T00:15:00+0200,134.0,MW,DK2,DK_2,forecast_onshore_wind_generation,Wind Onshore,2026-08-21T09:08:16Z
2026-08-21T08:53:57Z,2026-08-21T10:53:57+0200,5d6f4db6-a0f2-490a-bd97-b2641f9198d5,2026-07-26T22:30:00Z,2026-07-27T00:30:00+0200,142.0,MW,DK2,DK_2,forecast_onshore_wind_generation,Wind Onshore,2026-08-21T09:08:16Z
2026-08-21T08:53:57Z,2026-08-21T10:53:57+0200,5d6f4db6-a0f2-490a-bd97-b2641f9198d5,2026-07-26T22:45:00Z,2026-07-27T00:45:00+0200,146.333333,MW,DK2,DK_2,forecast_onshore_wind_generation,Wind Onshore,2026-08-21T09:08:16Z
2026-08-21T08:53:57Z,2026-08-21T10:53:57+0200,5d6f4db6-a0f2-490a-bd97-b2641f9198d5,2026-07-26T23:00:00Z,2026-07-27T01:00:00+0200,149.166666,MW,DK2,DK_2,forecast_onshore_wind_generation,Wind Onshore,2026-08-21T09:08:16Z
2026-08-21T08:53:57Z,2026-08-21T10:53:57+0200,5d6f4db6-a0f2-490a-bd97-b2641f9198d5,2026-07-26T23:15:00Z,2026-07-27T01:15:00+0200,153.166666,MW,DK2,DK_2,forecast_onshore_wind_generation,Wind Onshore,2026-08-21T09:08:16Z
2026-08-21T08:53:57Z,2026-08-21T10:53:57+0200,5d6f4db6-a0f2-490a-bd97-b2641f9198d5,2026-07-26T23:30:00Z,2026-07-27T01:30:00+0200,159.0,MW,DK2,DK_2,forecast_onshore_wind_generation,Wind Onshore,2026-08-21T09:08:16Z
2026-08-21T08:53:57Z,2026-08-21T10:53:57+0200,5d6f4db6-a0f2-490a-bd97-b2641f9198d5,2026-07-26T23:45:00Z,2026-07-27T01:45:00+0200,165.0,MW,DK2,DK_2,forecast_onshore_wind_generation,Wind Onshore,2026-08-21T09:08:16Z
2026-08-21T08:53:57Z,2026-08-21T10:53:57+0200,5d6f4db6-a0f2-490a-bd97-b2641f9198d5,2026-07-27T00:00:00Z,2026-07-27T02:00:00+0200,170.166666,MW,DK2,DK_2,forecast_onshore_wind_generation,Wind Onshore,2026-08-21T09:08:16Z
2026-08-21T08:53:57Z,2026-08-21T10:53:57+0200,5d6f4db6-a0f2-490a-bd97-b2641f9198d5,2026-07-27T00:15:00Z,2026-07-27T02:15:00+0200,175.5,MW,DK2,DK_2,forecast_onshore_wind_generation,Wind Onshore,2026-08-21T09:08:16Z
2026-08-21T08:53:57Z,2026-08-21T10:53:57+0200,5d6f4db6-a0f2-490a-bd97-b2641f9198d5,2026-07-27T00:30:00Z,2026-07-27T02:30:00+0200,181.166666,MW,DK2,DK_2,forecast_onshore_wind_generation,Wind Onshore,2026-08-21T09:08:16Z
2026-08-21T08:53:57Z,2026-08-21T10:53:57+0200,5d6f4db6-a0f2-490a-bd97-b2641f9198d5,2026-07-27T00:45:00Z,2026-07-27T02:45:00+0200,189.166666,MW,DK2,DK_2,forecast_onshore_wind_generation,Wind Onshore,2026-08-21T09:08:16Z
2026-08-21T08:53:57Z,2026-08-21T10:53:57+0200,5d6f4db6-a0f2-490a-bd97-b2641f9198d5,2026-07-27T01:00:00Z,2026-07-27T03:00:00+0200,200.5,MW,DK2,DK_2,forecast_onshore_wind_generation,Wind Onshore,2026-08-21T09:08:16Z
2026-08-21T08:53:57Z,2026-08-21T10:53:57+0200,5d6f4db6-a0f2-490a-bd97-b2641f9198d5,2026-07-27T01:15:00Z,2026-07-27T03:15:00+0200,216.166666,MW,DK2,DK_2,forecast_onshore_wind_generation,Wind Onshore,2026-08-21T09:08:16Z
2026-08-21T08:53:57Z,2026-08-21T10:53:57+0200,5d6f4db6-a0f2-490a-bd97-b2641f9198d5,2026-07-27T01:30:00Z,2026-07-27T03:30:00+0200,235.833333,MW,DK2,DK_2,forecast_onshore_wind_generation,Wind Onshore,2026-08-21T09:08:16Z
2026-08-21T08:53:57Z,2026-08-21T10:53:57+0200,5d6f4db6-a0f2-490a-bd97-b2641f9198d5,2026-07-27T01:45:00Z,2026-07-27T03:45:00+0200,253.833333,MW,DK2,DK_2,forecast_onshore_wind_generation,Wind Onshore,2026-08-21T09:08:16Z
2026-08-21T08:53:57Z,2026-08-21T10:53:57+0200,5d6f4db6-a0f2-490a-bd97-b2641f9198d5,2026-07-27T02:00:00Z,2026-07-27T04:00:00+0200,266.0,MW,DK2,DK_2,forecast_onshore_wind_generation,Wind Onshore,2026-08-21T09:08:16Z
2026-08-21T08:53:57Z,2026-08-21T10:53:57+0200,5d6f4db6-a0f2-490a-bd97-b2641f9198d5,2026-07-27T02:15:00Z,2026-07-27T04:15:00+0200,275.5,MW,DK2,DK_2,forecast_onshore_wind_generation,Wind Onshore,2026-08-21T09:08:16Z
2026-08-21T08:53:57Z,2026-08-21T10:53:57+0200,5d6f4db6-a0f2-490a-bd97-b2641f9198d5,2026-07-27T02:30:00Z,2026-07-27T04:30:00+0200,283.0,MW,DK2,DK_2,forecast_onshore_wind_generation,Wind Onshore,2026-08-21T09:08:16Z
2026-08-21T08:53:57Z,2026-08-21T10:53:57+0200,5d6f4db6-a0f2-490a-bd97-b2641f9198d5,2026-07-27T02:45:00Z,2026-07-27T04:45:00+0200,287.5,MW,DK2,DK_2,forecast_onshore_wind_generation,Wind Onshore,2026-08-21T09:08:16Z
2026-08-21T08:53:57Z,2026-08-21T10:53:57+0200,5d6f4db6-a0f2-490a-bd97-b2641f9198d5,2026-07-27T03:00:00Z,2026-07-27T05:00:00+0200,287.166666,MW,DK2,DK_2,forecast_onshore_wind_generation,Wind Onshore,2026-08-21T09:08:16Z
2026-08-21T08:53:57Z,2026-08-21T10:53:57+0200,5d6f4db6-a0f2-490a-bd97-b2641f9198d5,2026-07-27T03:15:00Z,2026-07-27T05:15:00+0200,283.166666,MW,DK2,DK_2,forecast_onshore_wind_generation,Wind Onshore,2026-08-21T09:08:16Z
2026-08-21T08:53:57Z,2026-08-21T10:53:57+0200,5d6f4db6-a0f2-490a-bd97-b2641f9198d5,2026-07-27T03:30:00Z,2026-07-27T05:30:00+0200,280.666666,MW,DK2,DK_2,forecast_onshore_wind_generation,Wind Onshore,2026-08-21T09:08:16Z
2026-08-21T08:53:57Z,2026-08-21T10:53:57+0200,5d6f4db6-a0f2-490a-bd97-b2641f9198d5,2026-07-27T03:45:00Z,2026-07-27T05:45:00+0200,279.166666,MW,DK2,DK_2,forecast_onshore_wind_generation,Wind Onshore,2026-08-21T09:08:16Z
2026-08-21T08:53:57Z,2026-08-21T10:53:57+0200,5d6f4db6-a0f2-490a-bd97-b2641f9198d5,2026-07-27T04:00:00Z,2026-07-27T06:00:00+0200,279.833333,MW,DK2,DK_2,forecast_onshore_wind_generation,Wind Onshore,2026-08-21T09:08:16Z
2026-08-21T08:53:57Z,2026-08-21T10:53:57+0200,5d6f4db6-a0f2-490a-bd97-b2641f9198d5,2026-07-27T04:15:00Z,2026-07-27T06:15:00+0200,280.166666,MW,DK2,DK_2,forecast_onshore_wind_generation,Wind Onshore,2026-08-21T09:08:16Z
2026-08-21T08:53:57Z,2026-08-21T10:53:57+0200,5d6f4db6-a0f2-490a-bd97-b2641f9198d5,2026-07-27T04:30:00Z,2026-07-27T06:30:00+0200,277.5,MW,DK2,DK_2,forecast_onshore_wind_generation,Wind Onshore,2026-08-21T09:08:16Z
2026-08-21T08:53:57Z,2026-08-21T10:53:57+0200,5d6f4db6-a0f2-490a-bd97-b2641f9198d5,2026-07-27T04:45:00Z,2026-07-27T06:45:00+0200,274.333333,MW,DK2,DK_2,forecast_onshore_wind_generation,Wind Onshore,2026-08-21T09:08:16Z
2026-08-21T08:53:57Z,2026-08-21T10:53:57+0200,5d6f4db6-a0f2-490a-bd97-b2641f9198d5,2026-07-27T05:00:00Z,2026-07-27T07:00:00+0200,271.833333,MW,DK2,DK_2,forecast_onshore_wind_generation,Wind Onshore,2026-08-21T09:08:16Z
2026-08-21T08:53:57Z,2026-08-21T10:53:57+0200,5d6f4db6-a0f2-490a-bd97-b2641f9198d5,2026-07-27T05:15:00Z,2026-07-27T07:15:00+0200,275.5,MW,DK2,DK_2,forecast_onshore_wind_generation,Wind Onshore,2026-08-21T09:08:16Z
2026-08-21T08:53:57Z,2026-08-21T10:53:57+0200,5d6f4db6-a0f2-490a-bd97-b2641f9198d5,2026-07-27T05:30:00Z,2026-07-27T07:30:00+0200,278.5,MW,DK2,DK_2,forecast_onshore_wind_generation,Wind Onshore,2026-08-21T09:08:16Z
2026-08-21T08:53:57Z,2026-08-21T10:53:57+0200,5d6f4db6-a0f2-490a-bd97-b2641f9198d5,2026-07-27T05:45:00Z,2026-07-27T07:45:00+0200,279.0,MW,DK2,DK_2,forecast_onshore_wind_generation,Wind Onshore,2026-08-21T09:08:16Z
2026-08-21T08:53:57Z,2026-08-21T10:53:57+0200,5d6f4db6-a0f2-490a-bd97-b2641f9198d5,2026-07-27T06:00:00Z,2026-07-27T08:00:00+0200,279.5,MW,DK2,DK_2,forecast_onshore_wind_generation,Wind Onshore,2026-08-21T09:08:16Z
2026-08-21T08:53:57Z,2026-08-21T10:53:57+0200,5d6f4db6-a0f2-490a-bd97-b2641f9198d5,2026-07-27T06:15:00Z,2026-07-27T08:15:00+0200,282.166666,MW,DK2,DK_2,forecast_onshore_wind_generation,Wind Onshore,2026-08-21T09:08:16Z
2026-08-21T08:53:57Z,2026-08-21T10:53:57+0200,5d6f4db6-a0f2-490a-bd97-b2641f9198d5,2026-07-27T06:30:00Z,2026-07-27T08:30:00+0200,288.666666,MW,DK2,DK_2,forecast_onshore_wind_generation,Wind Onshore,2026-08-21T09:08:16Z
2026-08-21T08:53:57Z,2026-08-21T10:53:57+0200,5d6f4db6-a0f2-490a-bd97-b2641f9198d5,2026-07-27T06:45:00Z,2026-07-27T08:45:00+0200,301.333333,MW,DK2,DK_2,forecast_onshore_wind_generation,Wind Onshore,2026-08-21T09:08:16Z
2026-08-21T08:53:57Z,2026-08-21T10:53:57+0200,5d6f4db6-a0f2-490a-bd97-b2641f9198d5,2026-07-27T07:00:00Z,2026-07-27T09:00:00+0200,320.666666,MW,DK2,DK_2,forecast_onshore_wind_generation,Wind Onshore,2026-08-21T09:08:16Z
2026-08-21T08:53:57Z,2026-08-21T10:53:57+0200,5d6f4db6-a0f2-490a-bd97-b2641f9198d5,2026-07-27T07:15:00Z,2026-07-27T09:15:00+0200,330.5,MW,DK2,DK_2,forecast_onshore_wind_generation,Wind Onshore,2026-08-21T09:08:16Z
2026-08-21T08:53:57Z,2026-08-21T10:53:57+0200,5d6f4db6-a0f2-490a-bd97-b2641f9198d5,2026-07-27T07:30:00Z,2026-07-27T09:30:00+0200,335.166666,MW,DK2,DK_2,forecast_onshore_wind_generation,Wind Onshore,2026-08-21T09:08:16Z
2026-08-21T08:53:57Z,2026-08-21T10:53:57+0200,5d6f4db6-a0f2-490a-bd97-b2641f9198d5,2026-07-27T07:45:00Z,2026-07-27T09:45:00+0200,343.166666,MW,DK2,DK_2,forecast_onshore_wind_generation,Wind Onshore,2026-08-21T09:08:16Z
2026-08-21T08:53:57Z,2026-08-21T10:53:57+0200,5d6f4db6-a0f2-490a-bd97-b2641f9198d5,2026-07-27T08:00:00Z,2026-07-27T10:00:00+0200,352.333333,MW,DK2,DK_2,forecast_onshore_wind_generation,Wind Onshore,2026-08-21T09:08:16Z
2026-08-21T08:53:57Z,2026-08-21T10:53:57+0200,5d6f4db6-a0f2-490a-bd97-b2641f9198d5,2026-07-27T08:15:00Z,2026-07-27T10:15:00+0200,356.166666,MW,DK2,DK_2,forecast_onshore_wind_generation,Wind Onshore,2026-08-21T09:08:16Z
2026-08-21T08:53:57Z,2026-08-21T10:53:57+0200,5d6f4db6-a0f2-490a-bd97-b2641f9198d5,2026-07-27T08:30:00Z,2026-07-27T10:30:00+0200,349.833333,MW,DK2,DK_2,forecast_onshore_wind_generation,Wind Onshore,2026-08-21T09:08:16Z
2026-08-21T08:53:57Z,2026-08-21T10:53:57+0200,5d6f4db6-a0f2-490a-bd97-b2641f9198d5,2026-07-27T08:45:00Z,2026-07-27T10:45:00+0200,317.333333,MW,DK2,DK_2,forecast_onshore_wind_generation,Wind Onshore,2026-08-21T09:08:16Z
2026-08-21T08:53:57Z,2026-08-21T10:53:57+0200,5d6f4db6-a0f2-490a-bd97-b2641f9198d5,2026-07-27T09:00:00Z,2026-07-27T11:00:00+0200,286.166666,MW,DK2,DK_2,forecast_onshore_wind_generation,Wind Onshore,2026-08-21T09:08:16Z
2026-08-21T08:53:57Z,2026-08-21T10:53:57+0200,5d6f4db6-a0f2-490a-bd97-b2641f9198d5,2026-07-27T09:15:00Z,2026-07-27T11:15:00+0200,290.166666,MW,DK2,DK_2,forecast_onshore_wind_generation,Wind Onshore,2026-08-21T09:08:16Z
2026-08-21T08:53:57Z,2026-08-21T10:53:57+0200,5d6f4db6-a0f2-490a-bd97-b2641f9198d5,2026-07-27T09:30:00Z,2026-07-27T11:30:00+0200,298.666666,MW,DK2,DK_2,forecast_onshore_wind_generation,Wind Onshore,2026-08-21T09:08:16Z
2026-08-21T08:53:57Z,2026-08-21T10:53:57+0200,5d6f4db6-a0f2-490a-bd97-b2641f9198d5,2026-07-27T09:45:00Z,2026-07-27T11:45:00+0200,309.5,MW,DK2,DK_2,forecast_onshore_wind_generation,Wind Onshore,2026-08-21T09:08:16Z
2026-08-21T08:53:57Z,2026-08-21T10:53:57+0200,5d6f4db6-a0f2-490a-bd97-b2641f9198d5,2026-07-27T10:00:00Z,2026-07-27T12:00:00+0200,311.333333,MW,DK2,DK_2,forecast_onshore_wind_generation,Wind Onshore,2026-08-21T09:08:16Z
2026-08-21T08:53:57Z,2026-08-21T10:53:57+0200,5d6f4db6-a0f2-490a-bd97-b2641f9198d5,2026-07-27T10:15:00Z,2026-07-27T12:15:00+0200,321.333333,MW,DK2,DK_2,forecast_onshore_wind_generation,Wind Onshore,2026-08-21T09:08:16Z
2026-08-21T08:53:57Z,2026-08-21T10:53:57+0200,5d6f4db6-a0f2-490a-bd97-b2641f9198d5,2026-07-27T10:30:00Z,2026-07-27T12:30:00+0200,338.0,MW,DK2,DK_2,forecast_onshore_wind_generation,Wind Onshore,2026-08-21T09:08:16Z
2026-08-21T08:53:57Z,2026-08-21T10:53:57+0200,5d6f4db6-a0f2-490a-bd97-b2641f9198d5,2026-07-27T10:45:00Z,2026-07-27T12:45:00+0200,336.166666,MW,DK2,DK_2,forecast_onshore_wind_generation,Wind Onshore,2026-08-21T09:08:16Z
2026-08-21T08:53:57Z,2026-08-21T10:53:57+0200,5d6f4db6-a0f2-490a-bd97-b2641f9198d5,2026-07-27T11:00:00Z,2026-07-27T13:00:00+0200,342.0,MW,DK2,DK_2,forecast_onshore_wind_generation,Wind Onshore,2026-08-21T09:08:16Z
2026-08-21T08:53:57Z,2026-08-21T10:53:57+0200,5d6f4db6-a0f2-490a-bd97-b2641f9198d5,2026-07-27T11:15:00Z,2026-07-27T13:15:00+0200,344.0,MW,DK2,DK_2,forecast_onshore_wind_generation,Wind Onshore,2026-08-21T09:08:16Z
2026-08-21T08:53:57Z,2026-08-21T10:53:57+0200,5d6f4db6-a0f2-490a-bd97-b2641f9198d5,2026-07-27T11:30:00Z,2026-07-27T13:30:00+0200,348.0,MW,DK2,DK_2,forecast_onshore_wind_generation,Wind Onshore,2026-08-21T09:08:16Z
2026-08-21T08:53:57Z,2026-08-21T10:53:57+0200,5d6f4db6-a0f2-490a-bd97-b2641f9198d5,2026-07-27T11:45:00Z,2026-07-27T13:45:00+0200,346.333333,MW,DK2,DK_2,forecast_onshore_wind_generation,Wind Onshore,2026-08-21T09:08:16Z
2026-08-21T08:53:57Z,2026-08-21T10:53:57+0200,5d6f4db6-a0f2-490a-bd97-b2641f9198d5,2026-07-27T12:00:00Z,2026-07-27T14:00:00+0200,342.166666,MW,DK2,DK_2,forecast_onshore_wind_generation,Wind Onshore,2026-08-21T09:08:16Z
2026-08-21T08:53:57Z,2026-08-21T10:53:57+0200,5d6f4db6-a0f2-490a-bd97-b2641f9198d5,2026-07-27T12:15:00Z,2026-07-27T14:15:00+0200,341.666666,MW,DK2,DK_2,forecast_onshore_wind_generation,Wind Onshore,2026-08-21T09:08:16Z
2026-08-21T08:53:57Z,2026-08-21T10:53:57+0200,5d6f4db6-a0f2-490a-bd97-b2641f9198d5,2026-07-27T12:30:00Z,2026-07-27T14:30:00+0200,345.0,MW,DK2,DK_2,forecast_onshore_wind_generation,Wind Onshore,2026-08-21T09:08:16Z
2026-08-21T08:53:57Z,2026-08-21T10:53:57+0200,5d6f4db6-a0f2-490a-bd97-b2641f9198d5,2026-07-27T12:45:00Z,2026-07-27T14:45:00+0200,346.0,MW,DK2,DK_2,forecast_onshore_wind_generation,Wind Onshore,2026-08-21T09:08:16Z
2026-08-21T08:53:57Z,2026-08-21T10:53:57+0200,5d6f4db6-a0f2-490a-bd97-b2641f9198d5,2026-07-27T13:00:00Z,2026-07-27T15:00:00+0200,348.333333,MW,DK2,DK_2,forecast_onshore_wind_generation,Wind Onshore,2026-08-21T09:08:16Z
2026-08-21T08:53:57Z,2026-08-21T10:53:57+0200,5d6f4db6-a0f2-490a-bd97-b2641f9198d5,2026-07-27T13:15:00Z,2026-07-27T15:15:00+0200,349.166666,MW,DK2,DK_2,forecast_onshore_wind_generation,Wind Onshore,2026-08-21T09:08:16Z
2026-08-21T08:53:57Z,2026-08-21T10:53:57+0200,5d6f4db6-a0f2-490a-bd97-b2641f9198d5,2026-07-27T13:30:00Z,2026-07-27T15:30:00+0200,351.5,MW,DK2,DK_2,forecast_onshore_wind_generation,Wind Onshore,2026-08-21T09:08:16Z
2026-08-21T08:53:57Z,2026-08-21T10:53:57+0200,5d6f4db6-a0f2-490a-bd97-b2641f9198d5,2026-07-27T13:45:00Z,2026-07-27T15:45:00+0200,354.666666,MW,DK2,DK_2,forecast_onshore_wind_generation,Wind Onshore,2026-08-21T09:08:16Z
2026-08-21T08:53:57Z,2026-08-21T10:53:57+0200,5d6f4db6-a0f2-490a-bd97-b2641f9198d5,2026-07-27T14:00:00Z,2026-07-27T16:00:00+0200,359.0,MW,DK2,DK_2,forecast_onshore_wind_generation,Wind Onshore,2026-08-21T09:08:16Z
2026-08-21T08:53:57Z,2026-08-21T10:53:57+0200,5d6f4db6-a0f2-490a-bd97-b2641f9198d5,2026-07-27T14:15:00Z,2026-07-27T16:15:00+0200,363.333333,MW,DK2,DK_2,forecast_onshore_wind_generation,Wind Onshore,2026-08-21T09:08:16Z
2026-08-21T08:53:57Z,2026-08-21T10:53:57+0200,5d6f4db6-a0f2-490a-bd97-b2641f9198d5,2026-07-27T14:30:00Z,2026-07-27T16:30:00+0200,365.5,MW,DK2,DK_2,forecast_onshore_wind_generation,Wind Onshore,2026-08-21T09:08:16Z
2026-08-21T08:53:57Z,2026-08-21T10:53:57+0200,5d6f4db6-a0f2-490a-bd97-b2641f9198d5,2026-07-27T14:45:00Z,2026-07-27T16:45:00+0200,373.166666,MW,DK2,DK_2,forecast_onshore_wind_generation,Wind Onshore,2026-08-21T09:08:16Z
2026-08-21T08:53:57Z,2026-08-21T10:53:57+0200,5d6f4db6-a0f2-490a-bd97-b2641f9198d5,2026-07-27T15:00:00Z,2026-07-27T17:00:00+0200,409.333333,MW,DK2,DK_2,forecast_onshore_wind_generation,Wind Onshore,2026-08-21T09:08:16Z
2026-08-21T08:53:57Z,2026-08-21T10:53:57+0200,5d6f4db6-a0f2-490a-bd97-b2641f9198d5,2026-07-27T15:15:00Z,2026-07-27T17:15:00+0200,419.833333,MW,DK2,DK_2,forecast_onshore_wind_generation,Wind Onshore,2026-08-21T09:08:16Z
2026-08-21T08:53:57Z,2026-08-21T10:53:57+0200,5d6f4db6-a0f2-490a-bd97-b2641f9198d5,2026-07-27T15:30:00Z,2026-07-27T17:30:00+0200,460.833333,MW,DK2,DK_2,forecast_onshore_wind_generation,Wind Onshore,2026-08-21T09:08:16Z
2026-08-21T08:53:57Z,2026-08-21T10:53:57+0200,5d6f4db6-a0f2-490a-bd97-b2641f9198d5,2026-07-27T15:45:00Z,2026-07-27T17:45:00+0200,461.333333,MW,DK2,DK_2,forecast_onshore_wind_generation,Wind Onshore,2026-08-21T09:08:16Z
2026-08-21T08:53:57Z,2026-08-21T10:53:57+0200,5d6f4db6-a0f2-490a-bd97-b2641f9198d5,2026-07-27T16:00:00Z,2026-07-27T18:00:00+0200,457.833333,MW,DK2,DK_2,forecast_onshore_wind_generation,Wind Onshore,2026-08-21T09:08:16Z
2026-08-21T08:53:57Z,2026-08-21T10:53:57+0200,5d6f4db6-a0f2-490a-bd97-b2641f9198d5,2026-07-27T16:15:00Z,2026-07-27T18:15:00+0200,448.0,MW,DK2,DK_2,forecast_onshore_wind_generation,Wind Onshore,2026-08-21T09:08:16Z
2026-08-21T08:53:57Z,2026-08-21T10:53:57+0200,5d6f4db6-a0f2-490a-bd97-b2641f9198d5,2026-07-27T16:30:00Z,2026-07-27T18:30:00+0200,437.166666,MW,DK2,DK_2,forecast_onshore_wind_generation,Wind Onshore,2026-08-21T09:08:16Z
2026-08-21T08:53:57Z,2026-08-21T10:53:57+0200,5d6f4db6-a0f2-490a-bd97-b2641f9198d5,2026-07-27T16:45:00Z,2026-07-27T18:45:00+0200,428.0,MW,DK2,DK_2,forecast_onshore_wind_generation,Wind Onshore,2026-08-21T09:08:16Z
2026-08-21T08:53:57Z,2026-08-21T10:53:57+0200,5d6f4db6-a0f2-490a-bd97-b2641f9198d5,2026-07-27T17:00:00Z,2026-07-27T19:00:00+0200,416.333333,MW,DK2,DK_2,forecast_onshore_wind_generation,Wind Onshore,2026-08-21T09:08:16Z
2026-08-21T08:53:57Z,2026-08-21T10:53:57+0200,5d6f4db6-a0f2-490a-bd97-b2641f9198d5,2026-07-27T17:15:00Z,2026-07-27T19:15:00+0200,401.666666,MW,DK2,DK_2,forecast_onshore_wind_generation,Wind Onshore,2026-08-21T09:08:16Z
2026-08-21T08:53:57Z,2026-08-21T10:53:57+0200,5d6f4db6-a0f2-490a-bd97-b2641f9198d5,2026-07-27T17:30:00Z,2026-07-27T19:30:00+0200,388.833333,MW,DK2,DK_2,forecast_onshore_wind_generation,Wind Onshore,2026-08-21T09:08:16Z
2026-08-21T08:53:57Z,2026-08-21T10:53:57+0200,5d6f4db6-a0f2-490a-bd97-b2641f9198d5,2026-07-27T17:45:00Z,2026-07-27T19:45:00+0200,379.666666,MW,DK2,DK_2,forecast_onshore_wind_generation,Wind Onshore,2026-08-21T09:08:16Z
2026-08-21T08:53:57Z,2026-08-21T10:53:57+0200,5d6f4db6-a0f2-490a-bd97-b2641f9198d5,2026-07-27T18:00:00Z,2026-07-27T20:00:00+0200,373.666666,MW,DK2,DK_2,forecast_onshore_wind_generation,Wind Onshore,2026-08-21T09:08:16Z
2026-08-21T08:53:57Z,2026-08-21T10:53:57+0200,5d6f4db6-a0f2-490a-bd97-b2641f9198d5,2026-07-27T18:15:00Z,2026-07-27T20:15:00+0200,372.166666,MW,DK2,DK_2,forecast_onshore_wind_generation,Wind Onshore,2026-08-21T09:08:16Z
2026-08-21T08:53:57Z,2026-08-21T10:53:57+0200,5d6f4db6-a0f2-490a-bd97-b2641f9198d5,2026-07-27T18:30:00Z,2026-07-27T20:30:00+0200,373.666666,MW,DK2,DK_2,forecast_onshore_wind_generation,Wind Onshore,2026-08-21T09:08:16Z
2026-08-21T08:53:57Z,2026-08-21T10:53:57+0200,5d6f4db6-a0f2-490a-bd97-b2641f9198d5,2026-07-27T18:45:00Z,2026-07-27T20:45:00+0200,372.833333,MW,DK2,DK_2,forecast_onshore_wind_generation,Wind Onshore,2026-08-21T09:08:16Z
2026-08-21T08:53:57Z,2026-08-21T10:53:57+0200,5d6f4db6-a0f2-490a-bd97-b2641f9198d5,2026-07-27T19:00:00Z,2026-07-27T21:00:00+0200,371.333333,MW,DK2,DK_2,forecast_onshore_wind_generation,Wind Onshore,2026-08-21T09:08:16Z
2026-08-21T08:53:57Z,2026-08-21T10:53:57+0200,5d6f4db6-a0f2-490a-bd97-b2641f9198d5,2026-07-27T19:15:00Z,2026-07-27T21:15:00+0200,368.5,MW,DK2,DK_2,forecast_onshore_wind_generation,Wind Onshore,2026-08-21T09:08:16Z
2026-08-21T08:53:57Z,2026-08-21T10:53:57+0200,5d6f4db6-a0f2-490a-bd97-b2641f9198d5,2026-07-27T19:30:00Z,2026-07-27T21:30:00+0200,366.0,MW,DK2,DK_2,forecast_onshore_wind_generation,Wind Onshore,2026-08-21T09:08:16Z
2026-08-21T08:53:57Z,2026-08-21T10:53:57+0200,5d6f4db6-a0f2-490a-bd97-b2641f9198d5,2026-07-27T19:45:00Z,2026-07-27T21:45:00+0200,364.666666,MW,DK2,DK_2,forecast_onshore_wind_generation,Wind Onshore,2026-08-21T09:08:16Z
2026-08-21T08:53:57Z,2026-08-21T10:53:57+0200,5d6f4db6-a0f2-490a-bd97-b2641f9198d5,2026-07-27T20:00:00Z,2026-07-27T22:00:00+0200,364.5,MW,DK2,DK_2,forecast_onshore_wind_generation,Wind Onshore,2026-08-21T09:08:16Z
2026-08-21T08:53:57Z,2026-08-21T10:53:57+0200,5d6f4db6-a0f2-490a-bd97-b2641f9198d5,2026-07-27T20:15:00Z,2026-07-27T22:15:00+0200,361.666666,MW,DK2,DK_2,forecast_onshore_wind_generation,Wind Onshore,2026-08-21T09:08:16Z
2026-08-21T08:53:57Z,2026-08-21T10:53:57+0200,5d6f4db6-a0f2-490a-bd97-b2641f9198d5,2026-07-27T20:30:00Z,2026-07-27T22:30:00+0200,357.666666,MW,DK2,DK_2,forecast_onshore_wind_generation,Wind Onshore,2026-08-21T09:08:16Z
2026-08-21T08:53:57Z,2026-08-21T10:53:57+0200,5d6f4db6-a0f2-490a-bd97-b2641f9198d5,2026-07-27T20:45:00Z,2026-07-27T22:45:00+0200,352.833333,MW,DK2,DK_2,forecast_onshore_wind_generation,Wind Onshore,2026-08-21T09:08:16Z
2026-08-21T08:53:57Z,2026-08-21T10:53:57+0200,5d6f4db6-a0f2-490a-bd97-b2641f9198d5,2026-07-27T21:00:00Z,2026-07-27T23:00:00+0200,344.0,MW,DK2,DK_2,forecast_onshore_wind_generation,Wind Onshore,2026-08-21T09:08:16Z
2026-08-21T08:53:57Z,2026-08-21T10:53:57+0200,5d6f4db6-a0f2-490a-bd97-b2641f9198d5,2026-07-27T21:15:00Z,2026-07-27T23:15:00+0200,334.0,MW,DK2,DK_2,forecast_onshore_wind_generation,Wind Onshore,2026-08-21T09:08:16Z
2026-08-21T08:53:57Z,2026-08-21T10:53:57+0200,5d6f4db6-a0f2-490a-bd97-b2641f9198d5,2026-07-27T21:30:00Z,2026-07-27T23:30:00+0200,323.166666,MW,DK2,DK_2,forecast_onshore_wind_generation,Wind Onshore,2026-08-21T09:08:16Z
2026-08-21T08:53:57Z,2026-08-21T10:53:57+0200,5d6f4db6-a0f2-490a-bd97-b2641f9198d5,2026-07-27T21:45:00Z,2026-07-27T23:45:00+0200,316.833333,MW,DK2,DK_2,forecast_onshore_wind_generation,Wind Onshore,2026-08-21T09:08:16Z
2026-08-21T08:53:57Z,2026-08-21T10:53:57+0200,5d6f4db6-a0f2-490a-bd97-b2641f9198d5,2026-07-27T22:00:00Z,2026-07-28T00:00:00+0200,308.0,MW,DK2,DK_2,forecast_onshore_wind_generation,Wind Onshore,2026-08-21T09:08:16Z
2026-08-21T08:53:57Z,2026-08-21T10:53:57+0200,5d6f4db6-a0f2-490a-bd97-b2641f9198d5,2026-07-27T22:15:00Z,2026-07-28T00:15:00+0200,307.5,MW,DK2,DK_2,forecast_onshore_wind_generation,Wind Onshore,2026-08-21T09:08:16Z
2026-08-21T08:53:57Z,2026-08-21T10:53:57+0200,5d6f4db6-a0f2-490a-bd97-b2641f9198d5,2026-07-27T22:30:00Z,2026-07-28T00:30:00+0200,306.166666,MW,DK2,DK_2,forecast_onshore_wind_generation,Wind Onshore,2026-08-21T09:08:16Z
2026-08-21T08:53:57Z,2026-08-21T10:53:57+0200,5d6f4db6-a0f2-490a-bd97-b2641f9198d5,2026-07-27T22:45:00Z,2026-07-28T00:45:00+0200,300.833333,MW,DK2,DK_2,forecast_onshore_wind_generation,Wind Onshore,2026-08-21T09:08:16Z
2026-08-21T08:53:57Z,2026-08-21T10:53:57+0200,5d6f4db6-a0f2-490a-bd97-b2641f9198d5,2026-07-27T23:00:00Z,2026-07-28T01:00:00+0200,292.666666,MW,DK2,DK_2,forecast_onshore_wind_generation,Wind Onshore,2026-08-21T09:08:16Z
2026-08-21T08:53:57Z,2026-08-21T10:53:57+0200,5d6f4db6-a0f2-490a-bd97-b2641f9198d5,2026-07-27T23:15:00Z,2026-07-28T01:15:00+0200,284.666666,MW,DK2,DK_2,forecast_onshore_wind_generation,Wind Onshore,2026-08-21T09:08:16Z
2026-08-21T08:53:57Z,2026-08-21T10:53:57+0200,5d6f4db6-a0f2-490a-bd97-b2641f9198d5,2026-07-27T23:30:00Z,2026-07-28T01:30:00+0200,277.0,MW,DK2,DK_2,forecast_onshore_wind_generation,Wind Onshore,2026-08-21T09:08:16Z
2026-08-21T08:53:57Z,2026-08-21T10:53:57+0200,5d6f4db6-a0f2-490a-bd97-b2641f9198d5,2026-07-27T23:45:00Z,2026-07-28T01:45:00+0200,270.166666,MW,DK2,DK_2,forecast_onshore_wind_generation,Wind Onshore,2026-08-21T09:08:16Z
2026-08-21T08:53:57Z,2026-08-21T10:53:57+0200,5d6f4db6-a0f2-490a-bd97-b2641f9198d5,2026-07-28T00:00:00Z,2026-07-28T02:00:00+0200,264.833333,MW,DK2,DK_2,forecast_onshore_wind_generation,Wind Onshore,2026-08-21T09:08:16Z
2026-08-21T08:53:57Z,2026-08-21T10:53:57+0200,5d6f4db6-a0f2-490a-bd97-b2641f9198d5,2026-07-28T00:15:00Z,2026-07-28T02:15:00+0200,255.5,MW,DK2,DK_2,forecast_onshore_wind_generation,Wind Onshore,2026-08-21T09:08:16Z
2026-08-21T08:53:57Z,2026-08-21T10:53:57+0200,5d6f4db6-a0f2-490a-bd97-b2641f9198d5,2026-07-28T00:30:00Z,2026-07-28T02:30:00+0200,246.0,MW,DK2,DK_2,forecast_onshore_wind_generation,Wind Onshore,2026-08-21T09:08:16Z
2026-08-21T08:53:57Z,2026-08-21T10:53:57+0200,5d6f4db6-a0f2-490a-bd97-b2641f9198d5,2026-07-28T00:45:00Z,2026-07-28T02:45:00+0200,239.5,MW,DK2,DK_2,forecast_onshore_wind_generation,Wind Onshore,2026-08-21T09:08:16Z
2026-08-21T08:53:57Z,2026-08-21T10:53:57+0200,5d6f4db6-a0f2-490a-bd97-b2641f9198d5,2026-07-28T01:00:00Z,2026-07-28T03:00:00+0200,234.5,MW,DK2,DK_2,forecast_onshore_wind_generation,Wind Onshore,2026-08-21T09:08:16Z
2026-08-21T08:53:57Z,2026-08-21T10:53:57+0200,5d6f4db6-a0f2-490a-bd97-b2641f9198d5,2026-07-28T01:15:00Z,2026-07-28T03:15:00+0200,229.5,MW,DK2,DK_2,forecast_onshore_wind_generation,Wind Onshore,2026-08-21T09:08:16Z
2026-08-21T08:53:57Z,2026-08-21T10:53:57+0200,5d6f4db6-a0f2-490a-bd97-b2641f9198d5,2026-07-28T01:30:00Z,2026-07-28T03:30:00+0200,224.833333,MW,DK2,DK_2,forecast_onshore_wind_generation,Wind Onshore,2026-08-21T09:08:16Z
2026-08-21T08:53:57Z,2026-08-21T10:53:57+0200,5d6f4db6-a0f2-490a-bd97-b2641f9198d5,2026-07-28T01:45:00Z,2026-07-28T03:45:00+0200,220.5,MW,DK2,DK_2,forecast_onshore_wind_generation,Wind Onshore,2026-08-21T09:08:16Z
2026-08-21T08:53:57Z,2026-08-21T10:53:57+0200,5d6f4db6-a0f2-490a-bd97-b2641f9198d5,2026-07-28T02:00:00Z,2026-07-28T04:00:00+0200,217.0,MW,DK2,DK_2,forecast_onshore_wind_generation,Wind Onshore,2026-08-21T09:08:16Z
2026-08-21T08:53:57Z,2026-08-21T10:53:57+0200,5d6f4db6-a0f2-490a-bd97-b2641f9198d5,2026-07-28T02:15:00Z,2026-07-28T04:15:00+0200,211.5,MW,DK2,DK_2,forecast_onshore_wind_generation,Wind Onshore,2026-08-21T09:08:16Z
2026-08-21T08:53:57Z,2026-08-21T10:53:57+0200,5d6f4db6-a0f2-490a-bd97-b2641f9198d5,2026-07-28T02:30:00Z,2026-07-28T04:30:00+0200,206.0,MW,DK2,DK_2,forecast_onshore_wind_generation,Wind Onshore,2026-08-21T09:08:16Z
2026-08-21T08:53:57Z,2026-08-21T10:53:57+0200,5d6f4db6-a0f2-490a-bd97-b2641f9198d5,2026-07-28T02:45:00Z,2026-07-28T04:45:00+0200,201.833333,MW,DK2,DK_2,forecast_onshore_wind_generation,Wind Onshore,2026-08-21T09:08:16Z
2026-08-21T08:53:57Z,2026-08-21T10:53:57+0200,5d6f4db6-a0f2-490a-bd97-b2641f9198d5,2026-07-28T03:00:00Z,2026-07-28T05:00:00+0200,196.833333,MW,DK2,DK_2,forecast_onshore_wind_generation,Wind Onshore,2026-08-21T09:08:16Z
2026-08-21T08:53:57Z,2026-08-21T10:53:57+0200,5d6f4db6-a0f2-490a-bd97-b2641f9198d5,2026-07-28T03:15:00Z,2026-07-28T05:15:00+0200,191.666666,MW,DK2,DK_2,forecast_onshore_wind_generation,Wind Onshore,2026-08-21T09:08:16Z
2026-08-21T08:53:57Z,2026-08-21T10:53:57+0200,5d6f4db6-a0f2-490a-bd97-b2641f9198d5,2026-07-28T03:30:00Z,2026-07-28T05:30:00+0200,188.5,MW,DK2,DK_2,forecast_onshore_wind_generation,Wind Onshore,2026-08-21T09:08:16Z
2026-08-21T08:53:57Z,2026-08-21T10:53:57+0200,5d6f4db6-a0f2-490a-bd97-b2641f9198d5,2026-07-28T03:45:00Z,2026-07-28T05:45:00+0200,185.5,MW,DK2,DK_2,forecast_onshore_wind_generation,Wind Onshore,2026-08-21T09:08:16Z
2026-08-21T08:53:57Z,2026-08-21T10:53:57+0200,5d6f4db6-a0f2-490a-bd97-b2641f9198d5,2026-07-28T04:00:00Z,2026-07-28T06:00:00+0200,182.5,MW,DK2,DK_2,forecast_onshore_wind_generation,Wind Onshore,2026-08-21T09:08:16Z
2026-08-21T08:53:57Z,2026-08-21T10:53:57+0200,5d6f4db6-a0f2-490a-bd97-b2641f9198d5,2026-07-28T04:15:00Z,2026-07-28T06:15:00+0200,178.833333,MW,DK2,DK_2,forecast_onshore_wind_generation,Wind Onshore,2026-08-21T09:08:16Z
2026-08-21T08:53:57Z,2026-08-21T10:53:57+0200,5d6f4db6-a0f2-490a-bd97-b2641f9198d5,2026-07-28T04:30:00Z,2026-07-28T06:30:00+0200,173.0,MW,DK2,DK_2,forecast_onshore_wind_generation,Wind Onshore,2026-08-21T09:08:16Z
2026-08-21T08:53:57Z,2026-08-21T10:53:57+0200,5d6f4db6-a0f2-490a-bd97-b2641f9198d5,2026-07-28T04:45:00Z,2026-07-28T06:45:00+0200,167.5,MW,DK2,DK_2,forecast_onshore_wind_generation,Wind Onshore,2026-08-21T09:08:16Z
2026-08-21T08:53:57Z,2026-08-21T10:53:57+0200,5d6f4db6-a0f2-490a-bd97-b2641f9198d5,2026-07-28T05:00:00Z,2026-07-28T07:00:00+0200,162.0,MW,DK2,DK_2,forecast_onshore_wind_generation,Wind Onshore,2026-08-21T09:08:16Z
2026-08-21T08:53:57Z,2026-08-21T10:53:57+0200,5d6f4db6-a0f2-490a-bd97-b2641f9198d5,2026-07-28T05:15:00Z,2026-07-28T07:15:00+0200,156.0,MW,DK2,DK_2,forecast_onshore_wind_generation,Wind Onshore,2026-08-21T09:08:16Z
2026-08-21T08:53:57Z,2026-08-21T10:53:57+0200,5d6f4db6-a0f2-490a-bd97-b2641f9198d5,2026-07-28T05:30:00Z,2026-07-28T07:30:00+0200,149.5,MW,DK2,DK_2,forecast_onshore_wind_generation,Wind Onshore,2026-08-21T09:08:16Z
2026-08-21T08:53:57Z,2026-08-21T10:53:57+0200,5d6f4db6-a0f2-490a-bd97-b2641f9198d5,2026-07-28T05:45:00Z,2026-07-28T07:45:00+0200,142.5,MW,DK2,DK_2,forecast_onshore_wind_generation,Wind Onshore,2026-08-21T09:08:16Z
2026-08-21T08:53:57Z,2026-08-21T10:53:57+0200,5d6f4db6-a0f2-490a-bd97-b2641f9198d5,2026-07-28T06:00:00Z,2026-07-28T08:00:00+0200,136.666666,MW,DK2,DK_2,forecast_onshore_wind_generation,Wind Onshore,2026-08-21T09:08:16Z
2026-08-21T08:53:57Z,2026-08-21T10:53:57+0200,5d6f4db6-a0f2-490a-bd97-b2641f9198d5,2026-07-28T06:15:00Z,2026-07-28T08:15:00+0200,132.833333,MW,DK2,DK_2,forecast_onshore_wind_generation,Wind Onshore,2026-08-21T09:08:16Z
2026-08-21T08:53:57Z,2026-08-21T10:53:57+0200,5d6f4db6-a0f2-490a-bd97-b2641f9198d5,2026-07-28T06:30:00Z,2026-07-28T08:30:00+0200,131.166666,MW,DK2,DK_2,forecast_onshore_wind_generation,Wind Onshore,2026-08-21T09:08:16Z
2026-08-21T08:53:57Z,2026-08-21T10:53:57+0200,5d6f4db6-a0f2-490a-bd97-b2641f9198d5,2026-07-28T06:45:00Z,2026-07-28T08:45:00+0200,131.666666,MW,DK2,DK_2,forecast_onshore_wind_generation,Wind Onshore,2026-08-21T09:08:16Z
2026-08-21T08:53:57Z,2026-08-21T10:53:57+0200,5d6f4db6-a0f2-490a-bd97-b2641f9198d5,2026-07-28T07:00:00Z,2026-07-28T09:00:00+0200,135.5,MW,DK2,DK_2,forecast_onshore_wind_generation,Wind Onshore,2026-08-21T09:08:16Z
2026-08-21T08:53:57Z,2026-08-21T10:53:57+0200,5d6f4db6-a0f2-490a-bd97-b2641f9198d5,2026-07-28T07:15:00Z,2026-07-28T09:15:00+0200,139.0,MW,DK2,DK_2,forecast_onshore_wind_generation,Wind Onshore,2026-08-21T09:08:16Z
2026-08-21T08:53:57Z,2026-08-21T10:53:57+0200,5d6f4db6-a0f2-490a-bd97-b2641f9198d5,2026-07-28T07:30:00Z,2026-07-28T09:30:00+0200,141.0,MW,DK2,DK_2,forecast_onshore_wind_generation,Wind Onshore,2026-08-21T09:08:16Z
2026-08-21T08:53:57Z,2026-08-21T10:53:57+0200,5d6f4db6-a0f2-490a-bd97-b2641f9198d5,2026-07-28T07:45:00Z,2026-07-28T09:45:00+0200,143.666666,MW,DK2,DK_2,forecast_onshore_wind_generation,Wind Onshore,2026-08-21T09:08:16Z
2026-08-21T08:53:57Z,2026-08-21T10:53:57+0200,5d6f4db6-a0f2-490a-bd97-b2641f9198d5,2026-07-28T08:00:00Z,2026-07-28T10:00:00+0200,147.666666,MW,DK2,DK_2,forecast_onshore_wind_generation,Wind Onshore,2026-08-21T09:08:16Z
2026-08-21T08:53:57Z,2026-08-21T10:53:57+0200,5d6f4db6-a0f2-490a-bd97-b2641f9198d5,2026-07-28T08:15:00Z,2026-07-28T10:15:00+0200,150.0,MW,DK2,DK_2,forecast_onshore_wind_generation,Wind Onshore,2026-08-21T09:08:16Z
2026-08-21T08:53:57Z,2026-08-21T10:53:57+0200,5d6f4db6-a0f2-490a-bd97-b2641f9198d5,2026-07-28T08:30:00Z,2026-07-28T10:30:00+0200,148.0,MW,DK2,DK_2,forecast_onshore_wind_generation,Wind Onshore,2026-08-21T09:08:16Z
2026-08-21T08:53:57Z,2026-08-21T10:53:57+0200,5d6f4db6-a0f2-490a-bd97-b2641f9198d5,2026-07-28T08:45:00Z,2026-07-28T10:45:00+0200,136.166666,MW,DK2,DK_2,forecast_onshore_wind_generation,Wind Onshore,2026-08-21T09:08:16Z
2026-08-21T08:53:57Z,2026-08-21T10:53:57+0200,5d6f4db6-a0f2-490a-bd97-b2641f9198d5,2026-07-28T09:00:00Z,2026-07-28T11:00:00+0200,138.666666,MW,DK2,DK_2,forecast_onshore_wind_generation,Wind Onshore,2026-08-21T09:08:16Z
2026-08-21T08:53:57Z,2026-08-21T10:53:57+0200,5d6f4db6-a0f2-490a-bd97-b2641f9198d5,2026-07-28T09:15:00Z,2026-07-28T11:15:00+0200,122.166666,MW,DK2,DK_2,forecast_onshore_wind_generation,Wind Onshore,2026-08-21T09:08:16Z
2026-08-21T08:53:57Z,2026-08-21T10:53:57+0200,5d6f4db6-a0f2-490a-bd97-b2641f9198d5,2026-07-28T09:30:00Z,2026-07-28T11:30:00+0200,118.0,MW,DK2,DK_2,forecast_onshore_wind_generation,Wind Onshore,2026-08-21T09:08:16Z
2026-08-21T08:53:57Z,2026-08-21T10:53:57+0200,5d6f4db6-a0f2-490a-bd97-b2641f9198d5,2026-07-28T09:45:00Z,2026-07-28T11:45:00+0200,117.833333,MW,DK2,DK_2,forecast_onshore_wind_generation,Wind Onshore,2026-08-21T09:08:16Z
2026-08-21T08:53:57Z,2026-08-21T10:53:57+0200,5d6f4db6-a0f2-490a-bd97-b2641f9198d5,2026-07-28T10:00:00Z,2026-07-28T12:00:00+0200,116.833333,MW,DK2,DK_2,forecast_onshore_wind_generation,Wind Onshore,2026-08-21T09:08:16Z
2026-08-21T08:53:57Z,2026-08-21T10:53:57+0200,5d6f4db6-a0f2-490a-bd97-b2641f9198d5,2026-07-28T10:15:00Z,2026-07-28T12:15:00+0200,116.166666,MW,DK2,DK_2,forecast_onshore_wind_generation,Wind Onshore,2026-08-21T09:08:16Z
2026-08-21T08:53:57Z,2026-08-21T10:53:57+0200,5d6f4db6-a0f2-490a-bd97-b2641f9198d5,2026-07-28T10:30:00Z,2026-07-28T12:30:00+0200,117.166666,MW,DK2,DK_2,forecast_onshore_wind_generation,Wind Onshore,2026-08-21T09:08:16Z
2026-08-21T08:53:57Z,2026-08-21T10:53:57+0200,5d6f4db6-a0f2-490a-bd97-b2641f9198d5,2026-07-28T10:45:00Z,2026-07-28T12:45:00+0200,118.166666,MW,DK2,DK_2,forecast_onshore_wind_generation,Wind Onshore,2026-08-21T09:08:16Z
2026-08-21T08:53:57Z,2026-08-21T10:53:57+0200,5d6f4db6-a0f2-490a-bd97-b2641f9198d5,2026-07-28T11:00:00Z,2026-07-28T13:00:00+0200,119.0,MW,DK2,DK_2,forecast_onshore_wind_generation,Wind Onshore,2026-08-21T09:08:16Z
2026-08-21T08:53:57Z,2026-08-21T10:53:57+0200,5d6f4db6-a0f2-490a-bd97-b2641f9198d5,2026-07-28T11:15:00Z,2026-07-28T13:15:00+0200,120.333333,MW,DK2,DK_2,forecast_onshore_wind_generation,Wind Onshore,2026-08-21T09:08:16Z
2026-08-21T08:53:57Z,2026-08-21T10:53:57+0200,5d6f4db6-a0f2-490a-bd97-b2641f9198d5,2026-07-28T11:30:00Z,2026-07-28T13:30:00+0200,121.833333,MW,DK2,DK_2,forecast_onshore_wind_generation,Wind Onshore,2026-08-21T09:08:16Z
2026-08-21T08:53:57Z,2026-08-21T10:53:57+0200,5d6f4db6-a0f2-490a-bd97-b2641f9198d5,2026-07-28T11:45:00Z,2026-07-28T13:45:00+0200,122.333333,MW,DK2,DK_2,forecast_onshore_wind_generation,Wind Onshore,2026-08-21T09:08:16Z
2026-08-21T08:53:57Z,2026-08-21T10:53:57+0200,5d6f4db6-a0f2-490a-bd97-b2641f9198d5,2026-07-28T12:00:00Z,2026-07-28T14:00:00+0200,122.5,MW,DK2,DK_2,forecast_onshore_wind_generation,Wind Onshore,2026-08-21T09:08:16Z
2026-08-21T08:53:57Z,2026-08-21T10:53:57+0200,5d6f4db6-a0f2-490a-bd97-b2641f9198d5,2026-07-28T12:15:00Z,2026-07-28T14:15:00+0200,123.5,MW,DK2,DK_2,forecast_onshore_wind_generation,Wind Onshore,2026-08-21T09:08:16Z
2026-08-21T08:53:57Z,2026-08-21T10:53:57+0200,5d6f4db6-a0f2-490a-bd97-b2641f9198d5,2026-07-28T12:30:00Z,2026-07-28T14:30:00+0200,124.833333,MW,DK2,DK_2,forecast_onshore_wind_generation,Wind Onshore,2026-08-21T09:08:16Z
2026-08-21T08:53:57Z,2026-08-21T10:53:57+0200,5d6f4db6-a0f2-490a-bd97-b2641f9198d5,2026-07-28T12:45:00Z,2026-07-28T14:45:00+0200,125.333333,MW,DK2,DK_2,forecast_onshore_wind_generation,Wind Onshore,2026-08-21T09:08:16Z
2026-08-21T08:53:57Z,2026-08-21T10:53:57+0200,5d6f4db6-a0f2-490a-bd97-b2641f9198d5,2026-07-28T13:00:00Z,2026-07-28T15:00:00+0200,125.5,MW,DK2,DK_2,forecast_onshore_wind_generation,Wind Onshore,2026-08-21T09:08:16Z
2026-08-21T08:53:57Z,2026-08-21T10:53:57+0200,5d6f4db6-a0f2-490a-bd97-b2641f9198d5,2026-07-28T13:15:00Z,2026-07-28T15:15:00+0200,124.666666,MW,DK2,DK_2,forecast_onshore_wind_generation,Wind Onshore,2026-08-21T09:08:16Z
2026-08-21T08:53:57Z,2026-08-21T10:53:57+0200,5d6f4db6-a0f2-490a-bd97-b2641f9198d5,2026-07-28T13:30:00Z,2026-07-28T15:30:00+0200,127.5,MW,DK2,DK_2,forecast_onshore_wind_generation,Wind Onshore,2026-08-21T09:08:16Z
2026-08-21T08:53:57Z,2026-08-21T10:53:57+0200,5d6f4db6-a0f2-490a-bd97-b2641f9198d5,2026-07-28T13:45:00Z,2026-07-28T15:45:00+0200,149.666666,MW,DK2,DK_2,forecast_onshore_wind_generation,Wind Onshore,2026-08-21T09:08:16Z
2026-08-21T08:53:57Z,2026-08-21T10:53:57+0200,5d6f4db6-a0f2-490a-bd97-b2641f9198d5,2026-07-28T14:00:00Z,2026-07-28T16:00:00+0200,152.666666,MW,DK2,DK_2,forecast_onshore_wind_generation,Wind Onshore,2026-08-21T09:08:16Z
2026-08-21T08:53:57Z,2026-08-21T10:53:57+0200,5d6f4db6-a0f2-490a-bd97-b2641f9198d5,2026-07-28T14:15:00Z,2026-07-28T16:15:00+0200,168.666666,MW,DK2,DK_2,forecast_onshore_wind_generation,Wind Onshore,2026-08-21T09:08:16Z
2026-08-21T08:53:57Z,2026-08-21T10:53:57+0200,5d6f4db6-a0f2-490a-bd97-b2641f9198d5,2026-07-28T14:30:00Z,2026-07-28T16:30:00+0200,169.0,MW,DK2,DK_2,forecast_onshore_wind_generation,Wind Onshore,2026-08-21T09:08:16Z
2026-08-21T08:53:57Z,2026-08-21T10:53:57+0200,5d6f4db6-a0f2-490a-bd97-b2641f9198d5,2026-07-28T14:45:00Z,2026-07-28T16:45:00+0200,169.166666,MW,DK2,DK_2,forecast_onshore_wind_generation,Wind Onshore,2026-08-21T09:08:16Z
2026-08-21T08:53:57Z,2026-08-21T10:53:57+0200,5d6f4db6-a0f2-490a-bd97-b2641f9198d5,2026-07-28T15:00:00Z,2026-07-28T17:00:00+0200,170.333333,MW,DK2,DK_2,forecast_onshore_wind_generation,Wind Onshore,2026-08-21T09:08:16Z
2026-08-21T08:53:57Z,2026-08-21T10:53:57+0200,5d6f4db6-a0f2-490a-bd97-b2641f9198d5,2026-07-28T15:15:00Z,2026-07-28T17:15:00+0200,168.0,MW,DK2,DK_2,forecast_onshore_wind_generation,Wind Onshore,2026-08-21T09:08:16Z
2026-08-21T08:53:57Z,2026-08-21T10:53:57+0200,5d6f4db6-a0f2-490a-bd97-b2641f9198d5,2026-07-28T15:30:00Z,2026-07-28T17:30:00+0200,164.0,MW,DK2,DK_2,forecast_onshore_wind_generation,Wind Onshore,2026-08-21T09:08:16Z
2026-08-21T08:53:57Z,2026-08-21T10:53:57+0200,5d6f4db6-a0f2-490a-bd97-b2641f9198d5,2026-07-28T15:45:00Z,2026-07-28T17:45:00+0200,160.333333,MW,DK2,DK_2,forecast_onshore_wind_generation,Wind Onshore,2026-08-21T09:08:16Z
2026-08-21T08:53:57Z,2026-08-21T10:53:57+0200,5d6f4db6-a0f2-490a-bd97-b2641f9198d5,2026-07-28T16:00:00Z,2026-07-28T18:00:00+0200,155.0,MW,DK2,DK_2,forecast_onshore_wind_generation,Wind Onshore,2026-08-21T09:08:16Z
2026-08-21T08:53:57Z,2026-08-21T10:53:57+0200,5d6f4db6-a0f2-490a-bd97-b2641f9198d5,2026-07-28T16:15:00Z,2026-07-28T18:15:00+0200,147.5,MW,DK2,DK_2,forecast_onshore_wind_generation,Wind Onshore,2026-08-21T09:08:16Z
2026-08-21T08:53:57Z,2026-08-21T10:53:57+0200,5d6f4db6-a0f2-490a-bd97-b2641f9198d5,2026-07-28T16:30:00Z,2026-07-28T18:30:00+0200,139.5,MW,DK2,DK_2,forecast_onshore_wind_generation,Wind Onshore,2026-08-21T09:08:16Z
2026-08-21T08:53:57Z,2026-08-21T10:53:57+0200,5d6f4db6-a0f2-490a-bd97-b2641f9198d5,2026-07-28T16:45:00Z,2026-07-28T18:45:00+0200,132.0,MW,DK2,DK_2,forecast_onshore_wind_generation,Wind Onshore,2026-08-21T09:08:16Z
2026-08-21T08:53:57Z,2026-08-21T10:53:57+0200,5d6f4db6-a0f2-490a-bd97-b2641f9198d5,2026-07-28T17:00:00Z,2026-07-28T19:00:00+0200,123.5,MW,DK2,DK_2,forecast_onshore_wind_generation,Wind Onshore,2026-08-21T09:08:16Z
2026-08-21T08:53:57Z,2026-08-21T10:53:57+0200,5d6f4db6-a0f2-490a-bd97-b2641f9198d5,2026-07-28T17:15:00Z,2026-07-28T19:15:00+0200,114.5,MW,DK2,DK_2,forecast_onshore_wind_generation,Wind Onshore,2026-08-21T09:08:16Z
2026-08-21T08:53:57Z,2026-08-21T10:53:57+0200,5d6f4db6-a0f2-490a-bd97-b2641f9198d5,2026-07-28T17:30:00Z,2026-07-28T19:30:00+0200,106.166666,MW,DK2,DK_2,forecast_onshore_wind_generation,Wind Onshore,2026-08-21T09:08:16Z
2026-08-21T08:53:57Z,2026-08-21T10:53:57+0200,5d6f4db6-a0f2-490a-bd97-b2641f9198d5,2026-07-28T17:45:00Z,2026-07-28T19:45:00+0200,100.666666,MW,DK2,DK_2,forecast_onshore_wind_generation,Wind Onshore,2026-08-21T09:08:16Z
2026-08-21T08:53:57Z,2026-08-21T10:53:57+0200,5d6f4db6-a0f2-490a-bd97-b2641f9198d5,2026-07-28T18:00:00Z,2026-07-28T20:00:00+0200,96.666666,MW,DK2,DK_2,forecast_onshore_wind_generation,Wind Onshore,2026-08-21T09:08:16Z
2026-08-21T08:53:57Z,2026-08-21T10:53:57+0200,5d6f4db6-a0f2-490a-bd97-b2641f9198d5,2026-07-28T18:15:00Z,2026-07-28T20:15:00+0200,92.666666,MW,DK2,DK_2,forecast_onshore_wind_generation,Wind Onshore,2026-08-21T09:08:16Z
2026-08-21T08:53:57Z,2026-08-21T10:53:57+0200,5d6f4db6-a0f2-490a-bd97-b2641f9198d5,2026-07-28T18:30:00Z,2026-07-28T20:30:00+0200,88.166666,MW,DK2,DK_2,forecast_onshore_wind_generation,Wind Onshore,2026-08-21T09:08:16Z
2026-08-21T08:53:57Z,2026-08-21T10:53:57+0200,5d6f4db6-a0f2-490a-bd97-b2641f9198d5,2026-07-28T18:45:00Z,2026-07-28T20:45:00+0200,85.5,MW,DK2,DK_2,forecast_onshore_wind_generation,Wind Onshore,2026-08-21T09:08:16Z
2026-08-21T08:53:57Z,2026-08-21T10:53:57+0200,5d6f4db6-a0f2-490a-bd97-b2641f9198d5,2026-07-28T19:00:00Z,2026-07-28T21:00:00+0200,84.5,MW,DK2,DK_2,forecast_onshore_wind_generation,Wind Onshore,2026-08-21T09:08:16Z
2026-08-21T08:53:57Z,2026-08-21T10:53:57+0200,5d6f4db6-a0f2-490a-bd97-b2641f9198d5,2026-07-28T19:15:00Z,2026-07-28T21:15:00+0200,83.166666,MW,DK2,DK_2,forecast_onshore_wind_generation,Wind Onshore,2026-08-21T09:08:16Z
2026-08-21T08:53:57Z,2026-08-21T10:53:57+0200,5d6f4db6-a0f2-490a-bd97-b2641f9198d5,2026-07-28T19:30:00Z,2026-07-28T21:30:00+0200,83.666666,MW,DK2,DK_2,forecast_onshore_wind_generation,Wind Onshore,2026-08-21T09:08:16Z
2026-08-21T08:53:57Z,2026-08-21T10:53:57+0200,5d6f4db6-a0f2-490a-bd97-b2641f9198d5,2026-07-28T19:45:00Z,2026-07-28T21:45:00+0200,87.0,MW,DK2,DK_2,forecast_onshore_wind_generation,Wind Onshore,2026-08-21T09:08:16Z
2026-08-21T08:53:57Z,2026-08-21T10:53:57+0200,5d6f4db6-a0f2-490a-bd97-b2641f9198d5,2026-07-28T20:00:00Z,2026-07-28T22:00:00+0200,90.5,MW,DK2,DK_2,forecast_onshore_wind_generation,Wind Onshore,2026-08-21T09:08:16Z
2026-08-21T08:53:57Z,2026-08-21T10:53:57+0200,5d6f4db6-a0f2-490a-bd97-b2641f9198d5,2026-07-28T20:15:00Z,2026-07-28T22:15:00+0200,92.5,MW,DK2,DK_2,forecast_onshore_wind_generation,Wind Onshore,2026-08-21T09:08:16Z
2026-08-21T08:53:57Z,2026-08-21T10:53:57+0200,5d6f4db6-a0f2-490a-bd97-b2641f9198d5,2026-07-28T20:30:00Z,2026-07-28T22:30:00+0200,93.833333,MW,DK2,DK_2,forecast_onshore_wind_generation,Wind Onshore,2026-08-21T09:08:16Z
2026-08-21T08:53:57Z,2026-08-21T10:53:57+0200,5d6f4db6-a0f2-490a-bd97-b2641f9198d5,2026-07-28T20:45:00Z,2026-07-28T22:45:00+0200,94.666666,MW,DK2,DK_2,forecast_onshore_wind_generation,Wind Onshore,2026-08-21T09:08:16Z
2026-08-21T08:53:57Z,2026-08-21T10:53:57+0200,5d6f4db6-a0f2-490a-bd97-b2641f9198d5,2026-07-28T21:00:00Z,2026-07-28T23:00:00+0200,93.5,MW,DK2,DK_2,forecast_onshore_wind_generation,Wind Onshore,2026-08-21T09:08:16Z
2026-08-21T08:53:57Z,2026-08-21T10:53:57+0200,5d6f4db6-a0f2-490a-bd97-b2641f9198d5,2026-07-28T21:15:00Z,2026-07-28T23:15:00+0200,91.166666,MW,DK2,DK_2,forecast_onshore_wind_generation,Wind Onshore,2026-08-21T09:08:16Z
2026-08-21T08:53:57Z,2026-08-21T10:53:57+0200,5d6f4db6-a0f2-490a-bd97-b2641f9198d5,2026-07-28T21:30:00Z,2026-07-28T23:30:00+0200,88.666666,MW,DK2,DK_2,forecast_onshore_wind_generation,Wind Onshore,2026-08-21T09:08:16Z
2026-08-21T08:53:57Z,2026-08-21T10:53:57+0200,5d6f4db6-a0f2-490a-bd97-b2641f9198d5,2026-07-28T21:45:00Z,2026-07-28T23:45:00+0200,87.166666,MW,DK2,DK_2,forecast_onshore_wind_generation,Wind Onshore,2026-08-21T09:08:16Z
2026-08-21T08:53:57Z,2026-08-21T10:53:57+0200,5d6f4db6-a0f2-490a-bd97-b2641f9198d5,2026-07-28T22:00:00Z,2026-07-29T00:00:00+0200,128.0,MW,DK2,DK_2,forecast_onshore_wind_generation,Wind Onshore,2026-08-21T09:08:16Z
2026-08-21T08:53:57Z,2026-08-21T10:53:57+0200,5d6f4db6-a0f2-490a-bd97-b2641f9198d5,2026-07-28T22:15:00Z,2026-07-29T00:15:00+0200,129.333333,MW,DK2,DK_2,forecast_onshore_wind_generation,Wind Onshore,2026-08-21T09:08:16Z
2026-08-21T08:53:57Z,2026-08-21T10:53:57+0200,5d6f4db6-a0f2-490a-bd97-b2641f9198d5,2026-07-28T22:30:00Z,2026-07-29T00:30:00+0200,131.333333,MW,DK2,DK_2,forecast_onshore_wind_generation,Wind Onshore,2026-08-21T09:08:16Z
2026-08-21T08:53:57Z,2026-08-21T10:53:57+0200,5d6f4db6-a0f2-490a-bd97-b2641f9198d5,2026-07-28T22:45:00Z,2026-07-29T00:45:00+0200,132.333333,MW,DK2,DK_2,forecast_onshore_wind_generation,Wind Onshore,2026-08-21T09:08:16Z
2026-08-21T08:53:57Z,2026-08-21T10:53:57+0200,5d6f4db6-a0f2-490a-bd97-b2641f9198d5,2026-07-28T23:00:00Z,2026-07-29T01:00:00+0200,131.833333,MW,DK2,DK_2,forecast_onshore_wind_generation,Wind Onshore,2026-08-21T09:08:16Z
2026-08-21T08:53:57Z,2026-08-21T10:53:57+0200,5d6f4db6-a0f2-490a-bd97-b2641f9198d5,2026-07-28T23:15:00Z,2026-07-29T01:15:00+0200,130.0,MW,DK2,DK_2,forecast_onshore_wind_generation,Wind Onshore,2026-08-21T09:08:16Z
2026-08-21T08:53:57Z,2026-08-21T10:53:57+0200,5d6f4db6-a0f2-490a-bd97-b2641f9198d5,2026-07-28T23:30:00Z,2026-07-29T01:30:00+0200,128.0,MW,DK2,DK_2,forecast_onshore_wind_generation,Wind Onshore,2026-08-21T09:08:16Z
2026-08-21T08:53:57Z,2026-08-21T10:53:57+0200,5d6f4db6-a0f2-490a-bd97-b2641f9198d5,2026-07-28T23:45:00Z,2026-07-29T01:45:00+0200,126.166666,MW,DK2,DK_2,forecast_onshore_wind_generation,Wind Onshore,2026-08-21T09:08:16Z
2026-08-21T08:53:57Z,2026-08-21T10:53:57+0200,5d6f4db6-a0f2-490a-bd97-b2641f9198d5,2026-07-29T00:00:00Z,2026-07-29T02:00:00+0200,125.0,MW,DK2,DK_2,forecast_onshore_wind_generation,Wind Onshore,2026-08-21T09:08:16Z
2026-08-21T08:53:57Z,2026-08-21T10:53:57+0200,5d6f4db6-a0f2-490a-bd97-b2641f9198d5,2026-07-29T00:15:00Z,2026-07-29T02:15:00+0200,122.5,MW,DK2,DK_2,forecast_onshore_wind_generation,Wind Onshore,2026-08-21T09:08:16Z
2026-08-21T08:53:57Z,2026-08-21T10:53:57+0200,5d6f4db6-a0f2-490a-bd97-b2641f9198d5,2026-07-29T00:30:00Z,2026-07-29T02:30:00+0200,119.333333,MW,DK2,DK_2,forecast_onshore_wind_generation,Wind Onshore,2026-08-21T09:08:16Z
2026-08-21T08:53:57Z,2026-08-21T10:53:57+0200,5d6f4db6-a0f2-490a-bd97-b2641f9198d5,2026-07-29T00:45:00Z,2026-07-29T02:45:00+0200,115.5,MW,DK2,DK_2,forecast_onshore_wind_generation,Wind Onshore,2026-08-21T09:08:16Z
2026-08-21T08:53:57Z,2026-08-21T10:53:57+0200,5d6f4db6-a0f2-490a-bd97-b2641f9198d5,2026-07-29T01:00:00Z,2026-07-29T03:00:00+0200,111.5,MW,DK2,DK_2,forecast_onshore_wind_generation,Wind Onshore,2026-08-21T09:08:16Z
2026-08-21T08:53:57Z,2026-08-21T10:53:57+0200,5d6f4db6-a0f2-490a-bd97-b2641f9198d5,2026-07-29T01:15:00Z,2026-07-29T03:15:00+0200,106.833333,MW,DK2,DK_2,forecast_onshore_wind_generation,Wind Onshore,2026-08-21T09:08:16Z
2026-08-21T08:53:57Z,2026-08-21T10:53:57+0200,5d6f4db6-a0f2-490a-bd97-b2641f9198d5,2026-07-29T01:30:00Z,2026-07-29T03:30:00+0200,101.0,MW,DK2,DK_2,forecast_onshore_wind_generation,Wind Onshore,2026-08-21T09:08:16Z
2026-08-21T08:53:57Z,2026-08-21T10:53:57+0200,5d6f4db6-a0f2-490a-bd97-b2641f9198d5,2026-07-29T01:45:00Z,2026-07-29T03:45:00+0200,95.0,MW,DK2,DK_2,forecast_onshore_wind_generation,Wind Onshore,2026-08-21T09:08:16Z
2026-08-21T08:53:57Z,2026-08-21T10:53:57+0200,5d6f4db6-a0f2-490a-bd97-b2641f9198d5,2026-07-29T02:00:00Z,2026-07-29T04:00:00+0200,88.166666,MW,DK2,DK_2,forecast_onshore_wind_generation,Wind Onshore,2026-08-21T09:08:16Z
2026-08-21T08:53:57Z,2026-08-21T10:53:57+0200,5d6f4db6-a0f2-490a-bd97-b2641f9198d5,2026-07-29T02:15:00Z,2026-07-29T04:15:00+0200,81.5,MW,DK2,DK_2,forecast_onshore_wind_generation,Wind Onshore,2026-08-21T09:08:16Z
2026-08-21T08:53:57Z,2026-08-21T10:53:57+0200,5d6f4db6-a0f2-490a-bd97-b2641f9198d5,2026-07-29T02:30:00Z,2026-07-29T04:30:00+0200,75.166666,MW,DK2,DK_2,forecast_onshore_wind_generation,Wind Onshore,2026-08-21T09:08:16Z
2026-08-21T08:53:57Z,2026-08-21T10:53:57+0200,5d6f4db6-a0f2-490a-bd97-b2641f9198d5,2026-07-29T02:45:00Z,2026-07-29T04:45:00+0200,70.166666,MW,DK2,DK_2,forecast_onshore_wind_generation,Wind Onshore,2026-08-21T09:08:16Z
2026-08-21T08:53:57Z,2026-08-21T10:53:57+0200,5d6f4db6-a0f2-490a-bd97-b2641f9198d5,2026-07-29T03:00:00Z,2026-07-29T05:00:00+0200,65.5,MW,DK2,DK_2,forecast_onshore_wind_generation,Wind Onshore,2026-08-21T09:08:16Z
2026-08-21T08:53:57Z,2026-08-21T10:53:57+0200,5d6f4db6-a0f2-490a-bd97-b2641f9198d5,2026-07-29T03:15:00Z,2026-07-29T05:15:00+0200,61.5,MW,DK2,DK_2,forecast_onshore_wind_generation,Wind Onshore,2026-08-21T09:08:16Z
2026-08-21T08:53:57Z,2026-08-21T10:53:57+0200,5d6f4db6-a0f2-490a-bd97-b2641f9198d5,2026-07-29T03:30:00Z,2026-07-29T05:30:00+0200,59.0,MW,DK2,DK_2,forecast_onshore_wind_generation,Wind Onshore,2026-08-21T09:08:16Z
2026-08-21T08:53:57Z,2026-08-21T10:53:57+0200,5d6f4db6-a0f2-490a-bd97-b2641f9198d5,2026-07-29T03:45:00Z,2026-07-29T05:45:00+0200,56.666666,MW,DK2,DK_2,forecast_onshore_wind_generation,Wind Onshore,2026-08-21T09:08:16Z
2026-08-21T08:53:57Z,2026-08-21T10:53:57+0200,5d6f4db6-a0f2-490a-bd97-b2641f9198d5,2026-07-29T04:00:00Z,2026-07-29T06:00:00+0200,54.666666,MW,DK2,DK_2,forecast_onshore_wind_generation,Wind Onshore,2026-08-21T09:08:16Z
2026-08-21T08:53:57Z,2026-08-21T10:53:57+0200,5d6f4db6-a0f2-490a-bd97-b2641f9198d5,2026-07-29T04:15:00Z,2026-07-29T06:15:00+0200,52.5,MW,DK2,DK_2,forecast_onshore_wind_generation,Wind Onshore,2026-08-21T09:08:16Z
2026-08-21T08:53:57Z,2026-08-21T10:53:57+0200,5d6f4db6-a0f2-490a-bd97-b2641f9198d5,2026-07-29T04:30:00Z,2026-07-29T06:30:00+0200,49.5,MW,DK2,DK_2,forecast_onshore_wind_generation,Wind Onshore,2026-08-21T09:08:16Z
2026-08-21T08:53:57Z,2026-08-21T10:53:57+0200,5d6f4db6-a0f2-490a-bd97-b2641f9198d5,2026-07-29T04:45:00Z,2026-07-29T06:45:00+0200,47.0,MW,DK2,DK_2,forecast_onshore_wind_generation,Wind Onshore,2026-08-21T09:08:16Z
2026-08-21T08:53:57Z,2026-08-21T10:53:57+0200,5d6f4db6-a0f2-490a-bd97-b2641f9198d5,2026-07-29T05:00:00Z,2026-07-29T07:00:00+0200,44.333333,MW,DK2,DK_2,forecast_onshore_wind_generation,Wind Onshore,2026-08-21T09:08:16Z
2026-08-21T08:53:57Z,2026-08-21T10:53:57+0200,5d6f4db6-a0f2-490a-bd97-b2641f9198d5,2026-07-29T05:15:00Z,2026-07-29T07:15:00+0200,40.666666,MW,DK2,DK_2,forecast_onshore_wind_generation,Wind Onshore,2026-08-21T09:08:16Z
2026-08-21T08:53:57Z,2026-08-21T10:53:57+0200,5d6f4db6-a0f2-490a-bd97-b2641f9198d5,2026-07-29T05:30:00Z,2026-07-29T07:30:00+0200,38.5,MW,DK2,DK_2,forecast_onshore_wind_generation,Wind Onshore,2026-08-21T09:08:16Z
2026-08-21T08:53:57Z,2026-08-21T10:53:57+0200,5d6f4db6-a0f2-490a-bd97-b2641f9198d5,2026-07-29T05:45:00Z,2026-07-29T07:45:00+0200,36.0,MW,DK2,DK_2,forecast_onshore_wind_generation,Wind Onshore,2026-08-21T09:08:16Z
2026-08-21T08:53:57Z,2026-08-21T10:53:57+0200,5d6f4db6-a0f2-490a-bd97-b2641f9198d5,2026-07-29T06:00:00Z,2026-07-29T08:00:00+0200,34.5,MW,DK2,DK_2,forecast_onshore_wind_generation,Wind Onshore,2026-08-21T09:08:16Z
2026-08-21T08:53:57Z,2026-08-21T10:53:57+0200,5d6f4db6-a0f2-490a-bd97-b2641f9198d5,2026-07-29T06:15:00Z,2026-07-29T08:15:00+0200,33.0,MW,DK2,DK_2,forecast_onshore_wind_generation,Wind Onshore,2026-08-21T09:08:16Z
2026-08-21T08:53:57Z,2026-08-21T10:53:57+0200,5d6f4db6-a0f2-490a-bd97-b2641f9198d5,2026-07-29T06:30:00Z,2026-07-29T08:30:00+0200,32.0,MW,DK2,DK_2,forecast_onshore_wind_generation,Wind Onshore,2026-08-21T09:08:16Z
2026-08-21T08:53:57Z,2026-08-21T10:53:57+0200,5d6f4db6-a0f2-490a-bd97-b2641f9198d5,2026-07-29T06:45:00Z,2026-07-29T08:45:00+0200,32.166666,MW,DK2,DK_2,forecast_onshore_wind_generation,Wind Onshore,2026-08-21T09:08:16Z
2026-08-21T08:53:57Z,2026-08-21T10:53:57+0200,5d6f4db6-a0f2-490a-bd97-b2641f9198d5,2026-07-29T07:00:00Z,2026-07-29T09:00:00+0200,33.0,MW,DK2,DK_2,forecast_onshore_wind_generation,Wind Onshore,2026-08-21T09:08:16Z
2026-08-21T08:53:57Z,2026-08-21T10:53:57+0200,5d6f4db6-a0f2-490a-bd97-b2641f9198d5,2026-07-29T07:15:00Z,2026-07-29T09:15:00+0200,33.0,MW,DK2,DK_2,forecast_onshore_wind_generation,Wind Onshore,2026-08-21T09:08:16Z
2026-08-21T08:53:57Z,2026-08-21T10:53:57+0200,5d6f4db6-a0f2-490a-bd97-b2641f9198d5,2026-07-29T07:30:00Z,2026-07-29T09:30:00+0200,33.0,MW,DK2,DK_2,forecast_onshore_wind_generation,Wind Onshore,2026-08-21T09:08:16Z
2026-08-21T08:53:57Z,2026-08-21T10:53:57+0200,5d6f4db6-a0f2-490a-bd97-b2641f9198d5,2026-07-29T07:45:00Z,2026-07-29T09:45:00+0200,33.0,MW,DK2,DK_2,forecast_onshore_wind_generation,Wind Onshore,2026-08-21T09:08:16Z
2026-08-21T08:53:57Z,2026-08-21T10:53:57+0200,5d6f4db6-a0f2-490a-bd97-b2641f9198d5,2026-07-29T08:00:00Z,2026-07-29T10:00:00+0200,33.5,MW,DK2,DK_2,forecast_onshore_wind_generation,Wind Onshore,2026-08-21T09:08:16Z
2026-08-21T08:53:57Z,2026-08-21T10:53:57+0200,5d6f4db6-a0f2-490a-bd97-b2641f9198d5,2026-07-29T08:15:00Z,2026-07-29T10:15:00+0200,33.833333,MW,DK2,DK_2,forecast_onshore_wind_generation,Wind Onshore,2026-08-21T09:08:16Z
2026-08-21T08:53:57Z,2026-08-21T10:53:57+0200,5d6f4db6-a0f2-490a-bd97-b2641f9198d5,2026-07-29T08:30:00Z,2026-07-29T10:30:00+0200,33.166666,MW,DK2,DK_2,forecast_onshore_wind_generation,Wind Onshore,2026-08-21T09:08:16Z
2026-08-21T08:53:57Z,2026-08-21T10:53:57+0200,5d6f4db6-a0f2-490a-bd97-b2641f9198d5,2026-07-29T08:45:00Z,2026-07-29T10:45:00+0200,34.5,MW,DK2,DK_2,forecast_onshore_wind_generation,Wind Onshore,2026-08-21T09:08:16Z
2026-08-21T08:53:57Z,2026-08-21T10:53:57+0200,5d6f4db6-a0f2-490a-bd97-b2641f9198d5,2026-07-29T09:00:00Z,2026-07-29T11:00:00+0200,36.0,MW,DK2,DK_2,forecast_onshore_wind_generation,Wind Onshore,2026-08-21T09:08:16Z
2026-08-21T08:53:57Z,2026-08-21T10:53:57+0200,5d6f4db6-a0f2-490a-bd97-b2641f9198d5,2026-07-29T09:15:00Z,2026-07-29T11:15:00+0200,37.5,MW,DK2,DK_2,forecast_onshore_wind_generation,Wind Onshore,2026-08-21T09:08:16Z
2026-08-21T08:53:57Z,2026-08-21T10:53:57+0200,5d6f4db6-a0f2-490a-bd97-b2641f9198d5,2026-07-29T09:30:00Z,2026-07-29T11:30:00+0200,38.833333,MW,DK2,DK_2,forecast_onshore_wind_generation,Wind Onshore,2026-08-21T09:08:16Z
2026-08-21T08:53:57Z,2026-08-21T10:53:57+0200,5d6f4db6-a0f2-490a-bd97-b2641f9198d5,2026-07-29T09:45:00Z,2026-07-29T11:45:00+0200,39.0,MW,DK2,DK_2,forecast_onshore_wind_generation,Wind Onshore,2026-08-21T09:08:16Z
2026-08-21T08:53:57Z,2026-08-21T10:53:57+0200,5d6f4db6-a0f2-490a-bd97-b2641f9198d5,2026-07-29T10:00:00Z,2026-07-29T12:00:00+0200,38.833333,MW,DK2,DK_2,forecast_onshore_wind_generation,Wind Onshore,2026-08-21T09:08:16Z
2026-08-21T08:53:57Z,2026-08-21T10:53:57+0200,5d6f4db6-a0f2-490a-bd97-b2641f9198d5,2026-07-29T10:15:00Z,2026-07-29T12:15:00+0200,39.166666,MW,DK2,DK_2,forecast_onshore_wind_generation,Wind Onshore,2026-08-21T09:08:16Z
2026-08-21T08:53:57Z,2026-08-21T10:53:57+0200,5d6f4db6-a0f2-490a-bd97-b2641f9198d5,2026-07-29T10:30:00Z,2026-07-29T12:30:00+0200,40.5,MW,DK2,DK_2,forecast_onshore_wind_generation,Wind Onshore,2026-08-21T09:08:16Z
2026-08-21T08:53:57Z,2026-08-21T10:53:57+0200,5d6f4db6-a0f2-490a-bd97-b2641f9198d5,2026-07-29T10:45:00Z,2026-07-29T12:45:00+0200,43.5,MW,DK2,DK_2,forecast_onshore_wind_generation,Wind Onshore,2026-08-21T09:08:16Z
2026-08-21T08:53:57Z,2026-08-21T10:53:57+0200,5d6f4db6-a0f2-490a-bd97-b2641f9198d5,2026-07-29T11:00:00Z,2026-07-29T13:00:00+0200,45.5,MW,DK2,DK_2,forecast_onshore_wind_generation,Wind Onshore,2026-08-21T09:08:16Z
2026-08-21T08:53:57Z,2026-08-21T10:53:57+0200,5d6f4db6-a0f2-490a-bd97-b2641f9198d5,2026-07-29T11:15:00Z,2026-07-29T13:15:00+0200,47.0,MW,DK2,DK_2,forecast_onshore_wind_generation,Wind Onshore,2026-08-21T09:08:16Z
2026-08-21T08:53:57Z,2026-08-21T10:53:57+0200,5d6f4db6-a0f2-490a-bd97-b2641f9198d5,2026-07-29T11:30:00Z,2026-07-29T13:30:00+0200,48.666666,MW,DK2,DK_2,forecast_onshore_wind_generation,Wind Onshore,2026-08-21T09:08:16Z
2026-08-21T08:53:57Z,2026-08-21T10:53:57+0200,5d6f4db6-a0f2-490a-bd97-b2641f9198d5,2026-07-29T11:45:00Z,2026-07-29T13:45:00+0200,50.333333,MW,DK2,DK_2,forecast_onshore_wind_generation,Wind Onshore,2026-08-21T09:08:16Z
2026-08-21T08:53:57Z,2026-08-21T10:53:57+0200,5d6f4db6-a0f2-490a-bd97-b2641f9198d5,2026-07-29T12:00:00Z,2026-07-29T14:00:00+0200,51.5,MW,DK2,DK_2,forecast_onshore_wind_generation,Wind Onshore,2026-08-21T09:08:16Z
2026-08-21T08:53:57Z,2026-08-21T10:53:57+0200,5d6f4db6-a0f2-490a-bd97-b2641f9198d5,2026-07-29T12:15:00Z,2026-07-29T14:15:00+0200,56.0,MW,DK2,DK_2,forecast_onshore_wind_generation,Wind Onshore,2026-08-21T09:08:16Z
2026-08-21T08:53:57Z,2026-08-21T10:53:57+0200,5d6f4db6-a0f2-490a-bd97-b2641f9198d5,2026-07-29T12:30:00Z,2026-07-29T14:30:00+0200,58.0,MW,DK2,DK_2,forecast_onshore_wind_generation,Wind Onshore,2026-08-21T09:08:16Z
2026-08-21T08:53:57Z,2026-08-21T10:53:57+0200,5d6f4db6-a0f2-490a-bd97-b2641f9198d5,2026-07-29T12:45:00Z,2026-07-29T14:45:00+0200,61.5,MW,DK2,DK_2,forecast_onshore_wind_generation,Wind Onshore,2026-08-21T09:08:16Z
2026-08-21T08:53:57Z,2026-08-21T10:53:57+0200,5d6f4db6-a0f2-490a-bd97-b2641f9198d5,2026-07-29T13:00:00Z,2026-07-29T15:00:00+0200,62.0,MW,DK2,DK_2,forecast_onshore_wind_generation,Wind Onshore,2026-08-21T09:08:16Z
2026-08-21T08:53:57Z,2026-08-21T10:53:57+0200,5d6f4db6-a0f2-490a-bd97-b2641f9198d5,2026-07-29T13:15:00Z,2026-07-29T15:15:00+0200,67.666666,MW,DK2,DK_2,forecast_onshore_wind_generation,Wind Onshore,2026-08-21T09:08:16Z
2026-08-21T08:53:57Z,2026-08-21T10:53:57+0200,5d6f4db6-a0f2-490a-bd97-b2641f9198d5,2026-07-29T13:30:00Z,2026-07-29T15:30:00+0200,72.333333,MW,DK2,DK_2,forecast_onshore_wind_generation,Wind Onshore,2026-08-21T09:08:16Z
2026-08-21T08:53:57Z,2026-08-21T10:53:57+0200,5d6f4db6-a0f2-490a-bd97-b2641f9198d5,2026-07-29T13:45:00Z,2026-07-29T15:45:00+0200,75.5,MW,DK2,DK_2,forecast_onshore_wind_generation,Wind Onshore,2026-08-21T09:08:16Z
2026-08-21T08:53:57Z,2026-08-21T10:53:57+0200,5d6f4db6-a0f2-490a-bd97-b2641f9198d5,2026-07-29T14:00:00Z,2026-07-29T16:00:00+0200,78.5,MW,DK2,DK_2,forecast_onshore_wind_generation,Wind Onshore,2026-08-21T09:08:16Z
2026-08-21T08:53:57Z,2026-08-21T10:53:57+0200,5d6f4db6-a0f2-490a-bd97-b2641f9198d5,2026-07-29T14:15:00Z,2026-07-29T16:15:00+0200,81.5,MW,DK2,DK_2,forecast_onshore_wind_generation,Wind Onshore,2026-08-21T09:08:16Z
2026-08-21T08:53:57Z,2026-08-21T10:53:57+0200,5d6f4db6-a0f2-490a-bd97-b2641f9198d5,2026-07-29T14:30:00Z,2026-07-29T16:30:00+0200,84.0,MW,DK2,DK_2,forecast_onshore_wind_generation,Wind Onshore,2026-08-21T09:08:16Z
2026-08-21T08:53:57Z,2026-08-21T10:53:57+0200,5d6f4db6-a0f2-490a-bd97-b2641f9198d5,2026-07-29T14:45:00Z,2026-07-29T16:45:00+0200,85.5,MW,DK2,DK_2,forecast_onshore_wind_generation,Wind Onshore,2026-08-21T09:08:16Z
2026-08-21T08:53:57Z,2026-08-21T10:53:57+0200,5d6f4db6-a0f2-490a-bd97-b2641f9198d5,2026-07-29T15:00:00Z,2026-07-29T17:00:00+0200,86.0,MW,DK2,DK_2,forecast_onshore_wind_generation,Wind Onshore,2026-08-21T09:08:16Z
2026-08-21T08:53:57Z,2026-08-21T10:53:57+0200,5d6f4db6-a0f2-490a-bd97-b2641f9198d5,2026-07-29T15:15:00Z,2026-07-29T17:15:00+0200,85.0,MW,DK2,DK_2,forecast_onshore_wind_generation,Wind Onshore,2026-08-21T09:08:16Z
2026-08-21T08:53:57Z,2026-08-21T10:53:57+0200,5d6f4db6-a0f2-490a-bd97-b2641f9198d5,2026-07-29T15:30:00Z,2026-07-29T17:30:00+0200,83.5,MW,DK2,DK_2,forecast_onshore_wind_generation,Wind Onshore,2026-08-21T09:08:16Z
2026-08-21T08:53:57Z,2026-08-21T10:53:57+0200,5d6f4db6-a0f2-490a-bd97-b2641f9198d5,2026-07-29T15:45:00Z,2026-07-29T17:45:00+0200,83.5,MW,DK2,DK_2,forecast_onshore_wind_generation,Wind Onshore,2026-08-21T09:08:16Z
2026-08-21T08:53:57Z,2026-08-21T10:53:57+0200,5d6f4db6-a0f2-490a-bd97-b2641f9198d5,2026-07-29T16:00:00Z,2026-07-29T18:00:00+0200,84.0,MW,DK2,DK_2,forecast_onshore_wind_generation,Wind Onshore,2026-08-21T09:08:16Z
2026-08-21T08:53:57Z,2026-08-21T10:53:57+0200,5d6f4db6-a0f2-490a-bd97-b2641f9198d5,2026-07-29T16:15:00Z,2026-07-29T18:15:00+0200,83.0,MW,DK2,DK_2,forecast_onshore_wind_generation,Wind Onshore,2026-08-21T09:08:16Z
2026-08-21T08:53:57Z,2026-08-21T10:53:57+0200,5d6f4db6-a0f2-490a-bd97-b2641f9198d5,2026-07-29T16:30:00Z,2026-07-29T18:30:00+0200,81.5,MW,DK2,DK_2,forecast_onshore_wind_generation,Wind Onshore,2026-08-21T09:08:16Z
2026-08-21T08:53:57Z,2026-08-21T10:53:57+0200,5d6f4db6-a0f2-490a-bd97-b2641f9198d5,2026-07-29T16:45:00Z,2026-07-29T18:45:00+0200,80.5,MW,DK2,DK_2,forecast_onshore_wind_generation,Wind Onshore,2026-08-21T09:08:16Z
2026-08-21T08:53:57Z,2026-08-21T10:53:57+0200,5d6f4db6-a0f2-490a-bd97-b2641f9198d5,2026-07-29T17:00:00Z,2026-07-29T19:00:00+0200,79.0,MW,DK2,DK_2,forecast_onshore_wind_generation,Wind Onshore,2026-08-21T09:08:16Z
2026-08-21T08:53:57Z,2026-08-21T10:53:57+0200,5d6f4db6-a0f2-490a-bd97-b2641f9198d5,2026-07-29T17:15:00Z,2026-07-29T19:15:00+0200,78.0,MW,DK2,DK_2,forecast_onshore_wind_generation,Wind Onshore,2026-08-21T09:08:16Z
2026-08-21T08:53:57Z,2026-08-21T10:53:57+0200,5d6f4db6-a0f2-490a-bd97-b2641f9198d5,2026-07-29T17:30:00Z,2026-07-29T19:30:00+0200,78.0,MW,DK2,DK_2,forecast_onshore_wind_generation,Wind Onshore,2026-08-21T09:08:16Z
2026-08-21T08:53:57Z,2026-08-21T10:53:57+0200,5d6f4db6-a0f2-490a-bd97-b2641f9198d5,2026-07-29T17:45:00Z,2026-07-29T19:45:00+0200,78.666666,MW,DK2,DK_2,forecast_onshore_wind_generation,Wind Onshore,2026-08-21T09:08:16Z
2026-08-21T08:53:57Z,2026-08-21T10:53:57+0200,5d6f4db6-a0f2-490a-bd97-b2641f9198d5,2026-07-29T18:00:00Z,2026-07-29T20:00:00+0200,80.666666,MW,DK2,DK_2,forecast_onshore_wind_generation,Wind Onshore,2026-08-21T09:08:16Z
2026-08-21T08:53:57Z,2026-08-21T10:53:57+0200,5d6f4db6-a0f2-490a-bd97-b2641f9198d5,2026-07-29T18:15:00Z,2026-07-29T20:15:00+0200,83.5,MW,DK2,DK_2,forecast_onshore_wind_generation,Wind Onshore,2026-08-21T09:08:16Z
2026-08-21T08:53:57Z,2026-08-21T10:53:57+0200,5d6f4db6-a0f2-490a-bd97-b2641f9198d5,2026-07-29T18:30:00Z,2026-07-29T20:30:00+0200,87.0,MW,DK2,DK_2,forecast_onshore_wind_generation,Wind Onshore,2026-08-21T09:08:16Z
2026-08-21T08:53:57Z,2026-08-21T10:53:57+0200,5d6f4db6-a0f2-490a-bd97-b2641f9198d5,2026-07-29T18:45:00Z,2026-07-29T20:45:00+0200,91.5,MW,DK2,DK_2,forecast_onshore_wind_generation,Wind Onshore,2026-08-21T09:08:16Z
2026-08-21T08:53:57Z,2026-08-21T10:53:57+0200,5d6f4db6-a0f2-490a-bd97-b2641f9198d5,2026-07-29T19:00:00Z,2026-07-29T21:00:00+0200,97.0,MW,DK2,DK_2,forecast_onshore_wind_generation,Wind Onshore,2026-08-21T09:08:16Z
2026-08-21T08:53:57Z,2026-08-21T10:53:57+0200,5d6f4db6-a0f2-490a-bd97-b2641f9198d5,2026-07-29T19:15:00Z,2026-07-29T21:15:00+0200,103.0,MW,DK2,DK_2,forecast_onshore_wind_generation,Wind Onshore,2026-08-21T09:08:16Z
2026-08-21T08:53:57Z,2026-08-21T10:53:57+0200,5d6f4db6-a0f2-490a-bd97-b2641f9198d5,2026-07-29T19:30:00Z,2026-07-29T21:30:00+0200,110.5,MW,DK2,DK_2,forecast_onshore_wind_generation,Wind Onshore,2026-08-21T09:08:16Z
2026-08-21T08:53:57Z,2026-08-21T10:53:57+0200,5d6f4db6-a0f2-490a-bd97-b2641f9198d5,2026-07-29T19:45:00Z,2026-07-29T21:45:00+0200,119.0,MW,DK2,DK_2,forecast_onshore_wind_generation,Wind Onshore,2026-08-21T09:08:16Z
2026-08-21T08:53:57Z,2026-08-21T10:53:57+0200,5d6f4db6-a0f2-490a-bd97-b2641f9198d5,2026-07-29T20:00:00Z,2026-07-29T22:00:00+0200,127.5,MW,DK2,DK_2,forecast_onshore_wind_generation,Wind Onshore,2026-08-21T09:08:16Z
2026-08-21T08:53:57Z,2026-08-21T10:53:57+0200,5d6f4db6-a0f2-490a-bd97-b2641f9198d5,2026-07-29T20:15:00Z,2026-07-29T22:15:00+0200,135.0,MW,DK2,DK_2,forecast_onshore_wind_generation,Wind Onshore,2026-08-21T09:08:16Z
2026-08-21T08:53:57Z,2026-08-21T10:53:57+0200,5d6f4db6-a0f2-490a-bd97-b2641f9198d5,2026-07-29T20:30:00Z,2026-07-29T22:30:00+0200,141.0,MW,DK2,DK_2,forecast_onshore_wind_generation,Wind Onshore,2026-08-21T09:08:16Z
2026-08-21T08:53:57Z,2026-08-21T10:53:57+0200,5d6f4db6-a0f2-490a-bd97-b2641f9198d5,2026-07-29T20:45:00Z,2026-07-29T22:45:00+0200,146.833333,MW,DK2,DK_2,forecast_onshore_wind_generation,Wind Onshore,2026-08-21T09:08:16Z
2026-08-21T08:53:57Z,2026-08-21T10:53:57+0200,5d6f4db6-a0f2-490a-bd97-b2641f9198d5,2026-07-29T21:00:00Z,2026-07-29T23:00:00+0200,151.833333,MW,DK2,DK_2,forecast_onshore_wind_generation,Wind Onshore,2026-08-21T09:08:16Z
2026-08-21T08:53:57Z,2026-08-21T10:53:57+0200,5d6f4db6-a0f2-490a-bd97-b2641f9198d5,2026-07-29T21:15:00Z,2026-07-29T23:15:00+0200,156.333333,MW,DK2,DK_2,forecast_onshore_wind_generation,Wind Onshore,2026-08-21T09:08:16Z
2026-08-21T08:53:57Z,2026-08-21T10:53:57+0200,5d6f4db6-a0f2-490a-bd97-b2641f9198d5,2026-07-29T21:30:00Z,2026-07-29T23:30:00+0200,160.833333,MW,DK2,DK_2,forecast_onshore_wind_generation,Wind Onshore,2026-08-21T09:08:16Z
2026-08-21T08:53:57Z,2026-08-21T10:53:57+0200,5d6f4db6-a0f2-490a-bd97-b2641f9198d5,2026-07-29T21:45:00Z,2026-07-29T23:45:00+0200,165.333333,MW,DK2,DK_2,forecast_onshore_wind_generation,Wind Onshore,2026-08-21T09:08:16Z
2026-08-21T08:53:57Z,2026-08-21T10:53:57+0200,5d6f4db6-a0f2-490a-bd97-b2641f9198d5,2026-07-29T22:00:00Z,2026-07-30T00:00:00+0200,203.166666,MW,DK2,DK_2,forecast_onshore_wind_generation,Wind Onshore,2026-08-21T09:08:16Z
2026-08-21T08:53:57Z,2026-08-21T10:53:57+0200,5d6f4db6-a0f2-490a-bd97-b2641f9198d5,2026-07-29T22:15:00Z,2026-07-30T00:15:00+0200,199.333333,MW,DK2,DK_2,forecast_onshore_wind_generation,Wind Onshore,2026-08-21T09:08:16Z
2026-08-21T08:53:57Z,2026-08-21T10:53:57+0200,5d6f4db6-a0f2-490a-bd97-b2641f9198d5,2026-07-29T22:30:00Z,2026-07-30T00:30:00+0200,199.0,MW,DK2,DK_2,forecast_onshore_wind_generation,Wind Onshore,2026-08-21T09:08:16Z
2026-08-21T08:53:57Z,2026-08-21T10:53:57+0200,5d6f4db6-a0f2-490a-bd97-b2641f9198d5,2026-07-29T22:45:00Z,2026-07-30T00:45:00+0200,199.0,MW,DK2,DK_2,forecast_onshore_wind_generation,Wind Onshore,2026-08-21T09:08:16Z
2026-08-21T08:53:57Z,2026-08-21T10:53:57+0200,5d6f4db6-a0f2-490a-bd97-b2641f9198d5,2026-07-29T23:00:00Z,2026-07-30T01:00:00+0200,199.0,MW,DK2,DK_2,forecast_onshore_wind_generation,Wind Onshore,2026-08-21T09:08:16Z
2026-08-21T08:53:57Z,2026-08-21T10:53:57+0200,5d6f4db6-a0f2-490a-bd97-b2641f9198d5,2026-07-29T23:15:00Z,2026-07-30T01:15:00+0200,198.5,MW,DK2,DK_2,forecast_onshore_wind_generation,Wind Onshore,2026-08-21T09:08:16Z
2026-08-21T08:53:57Z,2026-08-21T10:53:57+0200,5d6f4db6-a0f2-490a-bd97-b2641f9198d5,2026-07-29T23:30:00Z,2026-07-30T01:30:00+0200,196.666666,MW,DK2,DK_2,forecast_onshore_wind_generation,Wind Onshore,2026-08-21T09:08:16Z
2026-08-21T08:53:57Z,2026-08-21T10:53:57+0200,5d6f4db6-a0f2-490a-bd97-b2641f9198d5,2026-07-29T23:45:00Z,2026-07-30T01:45:00+0200,195.0,MW,DK2,DK_2,forecast_onshore_wind_generation,Wind Onshore,2026-08-21T09:08:16Z
2026-08-21T08:53:57Z,2026-08-21T10:53:57+0200,5d6f4db6-a0f2-490a-bd97-b2641f9198d5,2026-07-30T00:00:00Z,2026-07-30T02:00:00+0200,192.333333,MW,DK2,DK_2,forecast_onshore_wind_generation,Wind Onshore,2026-08-21T09:08:16Z
2026-08-21T08:53:57Z,2026-08-21T10:53:57+0200,5d6f4db6-a0f2-490a-bd97-b2641f9198d5,2026-07-30T00:15:00Z,2026-07-30T02:15:00+0200,187.166666,MW,DK2,DK_2,forecast_onshore_wind_generation,Wind Onshore,2026-08-21T09:08:16Z
2026-08-21T08:53:57Z,2026-08-21T10:53:57+0200,5d6f4db6-a0f2-490a-bd97-b2641f9198d5,2026-07-30T00:30:00Z,2026-07-30T02:30:00+0200,182.166666,MW,DK2,DK_2,forecast_onshore_wind_generation,Wind Onshore,2026-08-21T09:08:16Z
2026-08-21T08:53:57Z,2026-08-21T10:53:57+0200,5d6f4db6-a0f2-490a-bd97-b2641f9198d5,2026-07-30T00:45:00Z,2026-07-30T02:45:00+0200,177.166666,MW,DK2,DK_2,forecast_onshore_wind_generation,Wind Onshore,2026-08-21T09:08:16Z
2026-08-21T08:53:57Z,2026-08-21T10:53:57+0200,5d6f4db6-a0f2-490a-bd97-b2641f9198d5,2026-07-30T01:00:00Z,2026-07-30T03:00:00+0200,172.666666,MW,DK2,DK_2,forecast_onshore_wind_generation,Wind Onshore,2026-08-21T09:08:16Z
2026-08-21T08:53:57Z,2026-08-21T10:53:57+0200,5d6f4db6-a0f2-490a-bd97-b2641f9198d5,2026-07-30T01:15:00Z,2026-07-30T03:15:00+0200,169.666666,MW,DK2,DK_2,forecast_onshore_wind_generation,Wind Onshore,2026-08-21T09:08:16Z
2026-08-21T08:53:57Z,2026-08-21T10:53:57+0200,5d6f4db6-a0f2-490a-bd97-b2641f9198d5,2026-07-30T01:30:00Z,2026-07-30T03:30:00+0200,167.333333,MW,DK2,DK_2,forecast_onshore_wind_generation,Wind Onshore,2026-08-21T09:08:16Z
2026-08-21T08:53:57Z,2026-08-21T10:53:57+0200,5d6f4db6-a0f2-490a-bd97-b2641f9198d5,2026-07-30T01:45:00Z,2026-07-30T03:45:00+0200,161.5,MW,DK2,DK_2,forecast_onshore_wind_generation,Wind Onshore,2026-08-21T09:08:16Z
2026-08-21T08:53:57Z,2026-08-21T10:53:57+0200,5d6f4db6-a0f2-490a-bd97-b2641f9198d5,2026-07-30T02:00:00Z,2026-07-30T04:00:00+0200,153.5,MW,DK2,DK_2,forecast_onshore_wind_generation,Wind Onshore,2026-08-21T09:08:16Z
2026-08-21T08:53:57Z,2026-08-21T10:53:57+0200,5d6f4db6-a0f2-490a-bd97-b2641f9198d5,2026-07-30T02:15:00Z,2026-07-30T04:15:00+0200,145.5,MW,DK2,DK_2,forecast_onshore_wind_generation,Wind Onshore,2026-08-21T09:08:16Z
2026-08-21T08:53:57Z,2026-08-21T10:53:57+0200,5d6f4db6-a0f2-490a-bd97-b2641f9198d5,2026-07-30T02:30:00Z,2026-07-30T04:30:00+0200,138.0,MW,DK2,DK_2,forecast_onshore_wind_generation,Wind Onshore,2026-08-21T09:08:16Z
2026-08-21T08:53:57Z,2026-08-21T10:53:57+0200,5d6f4db6-a0f2-490a-bd97-b2641f9198d5,2026-07-30T02:45:00Z,2026-07-30T04:45:00+0200,129.333333,MW,DK2,DK_2,forecast_onshore_wind_generation,Wind Onshore,2026-08-21T09:08:16Z
2026-08-21T08:53:57Z,2026-08-21T10:53:57+0200,5d6f4db6-a0f2-490a-bd97-b2641f9198d5,2026-07-30T03:00:00Z,2026-07-30T05:00:00+0200,123.0,MW,DK2,DK_2,forecast_onshore_wind_generation,Wind Onshore,2026-08-21T09:08:16Z
2026-08-21T08:53:57Z,2026-08-21T10:53:57+0200,5d6f4db6-a0f2-490a-bd97-b2641f9198d5,2026-07-30T03:15:00Z,2026-07-30T05:15:00+0200,118.0,MW,DK2,DK_2,forecast_onshore_wind_generation,Wind Onshore,2026-08-21T09:08:16Z
2026-08-21T08:53:57Z,2026-08-21T10:53:57+0200,5d6f4db6-a0f2-490a-bd97-b2641f9198d5,2026-07-30T03:30:00Z,2026-07-30T05:30:00+0200,114.5,MW,DK2,DK_2,forecast_onshore_wind_generation,Wind Onshore,2026-08-21T09:08:16Z
2026-08-21T08:53:57Z,2026-08-21T10:53:57+0200,5d6f4db6-a0f2-490a-bd97-b2641f9198d5,2026-07-30T03:45:00Z,2026-07-30T05:45:00+0200,111.0,MW,DK2,DK_2,forecast_onshore_wind_generation,Wind Onshore,2026-08-21T09:08:16Z
2026-08-21T08:53:57Z,2026-08-21T10:53:57+0200,5d6f4db6-a0f2-490a-bd97-b2641f9198d5,2026-07-30T04:00:00Z,2026-07-30T06:00:00+0200,107.0,MW,DK2,DK_2,forecast_onshore_wind_generation,Wind Onshore,2026-08-21T09:08:16Z
2026-08-21T08:53:57Z,2026-08-21T10:53:57+0200,5d6f4db6-a0f2-490a-bd97-b2641f9198d5,2026-07-30T04:15:00Z,2026-07-30T06:15:00+0200,102.0,MW,DK2,DK_2,forecast_onshore_wind_generation,Wind Onshore,2026-08-21T09:08:16Z
2026-08-21T08:53:57Z,2026-08-21T10:53:57+0200,5d6f4db6-a0f2-490a-bd97-b2641f9198d5,2026-07-30T04:30:00Z,2026-07-30T06:30:00+0200,96.0,MW,DK2,DK_2,forecast_onshore_wind_generation,Wind Onshore,2026-08-21T09:08:16Z
2026-08-21T08:53:57Z,2026-08-21T10:53:57+0200,5d6f4db6-a0f2-490a-bd97-b2641f9198d5,2026-07-30T04:45:00Z,2026-07-30T06:45:00+0200,90.333333,MW,DK2,DK_2,forecast_onshore_wind_generation,Wind Onshore,2026-08-21T09:08:16Z
2026-08-21T08:53:57Z,2026-08-21T10:53:57+0200,5d6f4db6-a0f2-490a-bd97-b2641f9198d5,2026-07-30T05:00:00Z,2026-07-30T07:00:00+0200,84.0,MW,DK2,DK_2,forecast_onshore_wind_generation,Wind Onshore,2026-08-21T09:08:16Z
2026-08-21T08:53:57Z,2026-08-21T10:53:57+0200,5d6f4db6-a0f2-490a-bd97-b2641f9198d5,2026-07-30T05:15:00Z,2026-07-30T07:15:00+0200,79.0,MW,DK2,DK_2,forecast_onshore_wind_generation,Wind Onshore,2026-08-21T09:08:16Z
2026-08-21T08:53:57Z,2026-08-21T10:53:57+0200,5d6f4db6-a0f2-490a-bd97-b2641f9198d5,2026-07-30T05:30:00Z,2026-07-30T07:30:00+0200,74.5,MW,DK2,DK_2,forecast_onshore_wind_generation,Wind Onshore,2026-08-21T09:08:16Z
2026-08-21T08:53:57Z,2026-08-21T10:53:57+0200,5d6f4db6-a0f2-490a-bd97-b2641f9198d5,2026-07-30T05:45:00Z,2026-07-30T07:45:00+0200,70.5,MW,DK2,DK_2,forecast_onshore_wind_generation,Wind Onshore,2026-08-21T09:08:16Z
2026-08-21T08:53:57Z,2026-08-21T10:53:57+0200,5d6f4db6-a0f2-490a-bd97-b2641f9198d5,2026-07-30T06:00:00Z,2026-07-30T08:00:00+0200,67.0,MW,DK2,DK_2,forecast_onshore_wind_generation,Wind Onshore,2026-08-21T09:08:16Z
2026-08-21T08:53:57Z,2026-08-21T10:53:57+0200,5d6f4db6-a0f2-490a-bd97-b2641f9198d5,2026-07-30T06:15:00Z,2026-07-30T08:15:00+0200,63.5,MW,DK2,DK_2,forecast_onshore_wind_generation,Wind Onshore,2026-08-21T09:08:16Z
2026-08-21T08:53:57Z,2026-08-21T10:53:57+0200,5d6f4db6-a0f2-490a-bd97-b2641f9198d5,2026-07-30T06:30:00Z,2026-07-30T08:30:00+0200,61.5,MW,DK2,DK_2,forecast_onshore_wind_generation,Wind Onshore,2026-08-21T09:08:16Z
2026-08-21T08:53:57Z,2026-08-21T10:53:57+0200,5d6f4db6-a0f2-490a-bd97-b2641f9198d5,2026-07-30T06:45:00Z,2026-07-30T08:45:00+0200,61.166666,MW,DK2,DK_2,forecast_onshore_wind_generation,Wind Onshore,2026-08-21T09:08:16Z
2026-08-21T08:53:57Z,2026-08-21T10:53:57+0200,5d6f4db6-a0f2-490a-bd97-b2641f9198d5,2026-07-30T07:00:00Z,2026-07-30T09:00:00+0200,62.5,MW,DK2,DK_2,forecast_onshore_wind_generation,Wind Onshore,2026-08-21T09:08:16Z
2026-08-21T08:53:57Z,2026-08-21T10:53:57+0200,5d6f4db6-a0f2-490a-bd97-b2641f9198d5,2026-07-30T07:15:00Z,2026-07-30T09:15:00+0200,62.833333,MW,DK2,DK_2,forecast_onshore_wind_generation,Wind Onshore,2026-08-21T09:08:16Z
2026-08-21T08:53:57Z,2026-08-21T10:53:57+0200,5d6f4db6-a0f2-490a-bd97-b2641f9198d5,2026-07-30T07:30:00Z,2026-07-30T09:30:00+0200,62.0,MW,DK2,DK_2,forecast_onshore_wind_generation,Wind Onshore,2026-08-21T09:08:16Z
2026-08-21T08:53:57Z,2026-08-21T10:53:57+0200,5d6f4db6-a0f2-490a-bd97-b2641f9198d5,2026-07-30T07:45:00Z,2026-07-30T09:45:00+0200,62.166666,MW,DK2,DK_2,forecast_onshore_wind_generation,Wind Onshore,2026-08-21T09:08:16Z
2026-08-21T08:53:57Z,2026-08-21T10:53:57+0200,5d6f4db6-a0f2-490a-bd97-b2641f9198d5,2026-07-30T08:00:00Z,2026-07-30T10:00:00+0200,63.5,MW,DK2,DK_2,forecast_onshore_wind_generation,Wind Onshore,2026-08-21T09:08:16Z
2026-08-21T08:53:57Z,2026-08-21T10:53:57+0200,5d6f4db6-a0f2-490a-bd97-b2641f9198d5,2026-07-30T08:15:00Z,2026-07-30T10:15:00+0200,64.166666,MW,DK2,DK_2,forecast_onshore_wind_generation,Wind Onshore,2026-08-21T09:08:16Z
2026-08-21T08:53:57Z,2026-08-21T10:53:57+0200,5d6f4db6-a0f2-490a-bd97-b2641f9198d5,2026-07-30T08:30:00Z,2026-07-30T10:30:00+0200,65.0,MW,DK2,DK_2,forecast_onshore_wind_generation,Wind Onshore,2026-08-21T09:08:16Z
2026-08-21T08:53:57Z,2026-08-21T10:53:57+0200,5d6f4db6-a0f2-490a-bd97-b2641f9198d5,2026-07-30T08:45:00Z,2026-07-30T10:45:00+0200,66.0,MW,DK2,DK_2,forecast_onshore_wind_generation,Wind Onshore,2026-08-21T09:08:16Z
2026-08-21T08:53:57Z,2026-08-21T10:53:57+0200,5d6f4db6-a0f2-490a-bd97-b2641f9198d5,2026-07-30T09:00:00Z,2026-07-30T11:00:00+0200,67.666666,MW,DK2,DK_2,forecast_onshore_wind_generation,Wind Onshore,2026-08-21T09:08:16Z
2026-08-21T08:53:57Z,2026-08-21T10:53:57+0200,5d6f4db6-a0f2-490a-bd97-b2641f9198d5,2026-07-30T09:15:00Z,2026-07-30T11:15:00+0200,72.0,MW,DK2,DK_2,forecast_onshore_wind_generation,Wind Onshore,2026-08-21T09:08:16Z
2026-08-21T08:53:57Z,2026-08-21T10:53:57+0200,5d6f4db6-a0f2-490a-bd97-b2641f9198d5,2026-07-30T09:30:00Z,2026-07-30T11:30:00+0200,78.0,MW,DK2,DK_2,forecast_onshore_wind_generation,Wind Onshore,2026-08-21T09:08:16Z
2026-08-21T08:53:57Z,2026-08-21T10:53:57+0200,5d6f4db6-a0f2-490a-bd97-b2641f9198d5,2026-07-30T09:45:00Z,2026-07-30T11:45:00+0200,86.833333,MW,DK2,DK_2,forecast_onshore_wind_generation,Wind Onshore,2026-08-21T09:08:16Z
2026-08-21T08:53:57Z,2026-08-21T10:53:57+0200,5d6f4db6-a0f2-490a-bd97-b2641f9198d5,2026-07-30T10:00:00Z,2026-07-30T12:00:00+0200,97.0,MW,DK2,DK_2,forecast_onshore_wind_generation,Wind Onshore,2026-08-21T09:08:16Z
2026-08-21T08:53:57Z,2026-08-21T10:53:57+0200,5d6f4db6-a0f2-490a-bd97-b2641f9198d5,2026-07-30T10:15:00Z,2026-07-30T12:15:00+0200,104.666666,MW,DK2,DK_2,forecast_onshore_wind_generation,Wind Onshore,2026-08-21T09:08:16Z
2026-08-21T08:53:57Z,2026-08-21T10:53:57+0200,5d6f4db6-a0f2-490a-bd97-b2641f9198d5,2026-07-30T10:30:00Z,2026-07-30T12:30:00+0200,103.333333,MW,DK2,DK_2,forecast_onshore_wind_generation,Wind Onshore,2026-08-21T09:08:16Z
2026-08-21T08:53:57Z,2026-08-21T10:53:57+0200,5d6f4db6-a0f2-490a-bd97-b2641f9198d5,2026-07-30T10:45:00Z,2026-07-30T12:45:00+0200,108.0,MW,DK2,DK_2,forecast_onshore_wind_generation,Wind Onshore,2026-08-21T09:08:16Z
2026-08-21T08:53:57Z,2026-08-21T10:53:57+0200,5d6f4db6-a0f2-490a-bd97-b2641f9198d5,2026-07-30T11:00:00Z,2026-07-30T13:00:00+0200,113.666666,MW,DK2,DK_2,forecast_onshore_wind_generation,Wind Onshore,2026-08-21T09:08:16Z
2026-08-21T08:53:57Z,2026-08-21T10:53:57+0200,5d6f4db6-a0f2-490a-bd97-b2641f9198d5,2026-07-30T11:15:00Z,2026-07-30T13:15:00+0200,122.166666,MW,DK2,DK_2,forecast_onshore_wind_generation,Wind Onshore,2026-08-21T09:08:16Z
2026-08-21T08:53:57Z,2026-08-21T10:53:57+0200,5d6f4db6-a0f2-490a-bd97-b2641f9198d5,2026-07-30T11:30:00Z,2026-07-30T13:30:00+0200,129.0,MW,DK2,DK_2,forecast_onshore_wind_generation,Wind Onshore,2026-08-21T09:08:16Z
2026-08-21T08:53:57Z,2026-08-21T10:53:57+0200,5d6f4db6-a0f2-490a-bd97-b2641f9198d5,2026-07-30T11:45:00Z,2026-07-30T13:45:00+0200,133.333333,MW,DK2,DK_2,forecast_onshore_wind_generation,Wind Onshore,2026-08-21T09:08:16Z
2026-08-21T08:53:57Z,2026-08-21T10:53:57+0200,5d6f4db6-a0f2-490a-bd97-b2641f9198d5,2026-07-30T12:00:00Z,2026-07-30T14:00:00+0200,135.333333,MW,DK2,DK_2,forecast_onshore_wind_generation,Wind Onshore,2026-08-21T09:08:16Z
2026-08-21T08:53:57Z,2026-08-21T10:53:57+0200,5d6f4db6-a0f2-490a-bd97-b2641f9198d5,2026-07-30T12:15:00Z,2026-07-30T14:15:00+0200,147.833333,MW,DK2,DK_2,forecast_onshore_wind_generation,Wind Onshore,2026-08-21T09:08:16Z
2026-08-21T08:53:57Z,2026-08-21T10:53:57+0200,5d6f4db6-a0f2-490a-bd97-b2641f9198d5,2026-07-30T12:30:00Z,2026-07-30T14:30:00+0200,151.5,MW,DK2,DK_2,forecast_onshore_wind_generation,Wind Onshore,2026-08-21T09:08:16Z
2026-08-21T08:53:57Z,2026-08-21T10:53:57+0200,5d6f4db6-a0f2-490a-bd97-b2641f9198d5,2026-07-30T12:45:00Z,2026-07-30T14:45:00+0200,151.0,MW,DK2,DK_2,forecast_onshore_wind_generation,Wind Onshore,2026-08-21T09:08:16Z
2026-08-21T08:53:57Z,2026-08-21T10:53:57+0200,5d6f4db6-a0f2-490a-bd97-b2641f9198d5,2026-07-30T13:00:00Z,2026-07-30T15:00:00+0200,151.0,MW,DK2,DK_2,forecast_onshore_wind_generation,Wind Onshore,2026-08-21T09:08:16Z
2026-08-21T08:53:57Z,2026-08-21T10:53:57+0200,5d6f4db6-a0f2-490a-bd97-b2641f9198d5,2026-07-30T13:15:00Z,2026-07-30T15:15:00+0200,151.833333,MW,DK2,DK_2,forecast_onshore_wind_generation,Wind Onshore,2026-08-21T09:08:16Z
2026-08-21T08:53:57Z,2026-08-21T10:53:57+0200,5d6f4db6-a0f2-490a-bd97-b2641f9198d5,2026-07-30T13:30:00Z,2026-07-30T15:30:00+0200,153.0,MW,DK2,DK_2,forecast_onshore_wind_generation,Wind Onshore,2026-08-21T09:08:16Z
2026-08-21T08:53:57Z,2026-08-21T10:53:57+0200,5d6f4db6-a0f2-490a-bd97-b2641f9198d5,2026-07-30T13:45:00Z,2026-07-30T15:45:00+0200,154.5,MW,DK2,DK_2,forecast_onshore_wind_generation,Wind Onshore,2026-08-21T09:08:16Z
2026-08-21T08:53:57Z,2026-08-21T10:53:57+0200,5d6f4db6-a0f2-490a-bd97-b2641f9198d5,2026-07-30T14:00:00Z,2026-07-30T16:00:00+0200,154.333333,MW,DK2,DK_2,forecast_onshore_wind_generation,Wind Onshore,2026-08-21T09:08:16Z
2026-08-21T08:53:57Z,2026-08-21T10:53:57+0200,5d6f4db6-a0f2-490a-bd97-b2641f9198d5,2026-07-30T14:15:00Z,2026-07-30T16:15:00+0200,151.833333,MW,DK2,DK_2,forecast_onshore_wind_generation,Wind Onshore,2026-08-21T09:08:16Z
2026-08-21T08:53:57Z,2026-08-21T10:53:57+0200,5d6f4db6-a0f2-490a-bd97-b2641f9198d5,2026-07-30T14:30:00Z,2026-07-30T16:30:00+0200,148.0,MW,DK2,DK_2,forecast_onshore_wind_generation,Wind Onshore,2026-08-21T09:08:16Z
2026-08-21T08:53:57Z,2026-08-21T10:53:57+0200,5d6f4db6-a0f2-490a-bd97-b2641f9198d5,2026-07-30T14:45:00Z,2026-07-30T16:45:00+0200,144.5,MW,DK2,DK_2,forecast_onshore_wind_generation,Wind Onshore,2026-08-21T09:08:16Z
2026-08-21T08:53:57Z,2026-08-21T10:53:57+0200,5d6f4db6-a0f2-490a-bd97-b2641f9198d5,2026-07-30T15:00:00Z,2026-07-30T17:00:00+0200,138.333333,MW,DK2,DK_2,forecast_onshore_wind_generation,Wind Onshore,2026-08-21T09:08:16Z
2026-08-21T08:53:57Z,2026-08-21T10:53:57+0200,5d6f4db6-a0f2-490a-bd97-b2641f9198d5,2026-07-30T15:15:00Z,2026-07-30T17:15:00+0200,127.833333,MW,DK2,DK_2,forecast_onshore_wind_generation,Wind Onshore,2026-08-21T09:08:16Z
2026-08-21T08:53:57Z,2026-08-21T10:53:57+0200,5d6f4db6-a0f2-490a-bd97-b2641f9198d5,2026-07-30T15:30:00Z,2026-07-30T17:30:00+0200,116.666666,MW,DK2,DK_2,forecast_onshore_wind_generation,Wind Onshore,2026-08-21T09:08:16Z
2026-08-21T08:53:57Z,2026-08-21T10:53:57+0200,5d6f4db6-a0f2-490a-bd97-b2641f9198d5,2026-07-30T15:45:00Z,2026-07-30T17:45:00+0200,109.5,MW,DK2,DK_2,forecast_onshore_wind_generation,Wind Onshore,2026-08-21T09:08:16Z
2026-08-21T08:53:57Z,2026-08-21T10:53:57+0200,5d6f4db6-a0f2-490a-bd97-b2641f9198d5,2026-07-30T16:00:00Z,2026-07-30T18:00:00+0200,105.0,MW,DK2,DK_2,forecast_onshore_wind_generation,Wind Onshore,2026-08-21T09:08:16Z
2026-08-21T08:53:57Z,2026-08-21T10:53:57+0200,5d6f4db6-a0f2-490a-bd97-b2641f9198d5,2026-07-30T16:15:00Z,2026-07-30T18:15:00+0200,101.5,MW,DK2,DK_2,forecast_onshore_wind_generation,Wind Onshore,2026-08-21T09:08:16Z
2026-08-21T08:53:57Z,2026-08-21T10:53:57+0200,5d6f4db6-a0f2-490a-bd97-b2641f9198d5,2026-07-30T16:30:00Z,2026-07-30T18:30:00+0200,98.5,MW,DK2,DK_2,forecast_onshore_wind_generation,Wind Onshore,2026-08-21T09:08:16Z
2026-08-21T08:53:57Z,2026-08-21T10:53:57+0200,5d6f4db6-a0f2-490a-bd97-b2641f9198d5,2026-07-30T16:45:00Z,2026-07-30T18:45:00+0200,96.5,MW,DK2,DK_2,forecast_onshore_wind_generation,Wind Onshore,2026-08-21T09:08:16Z
2026-08-21T08:53:57Z,2026-08-21T10:53:57+0200,5d6f4db6-a0f2-490a-bd97-b2641f9198d5,2026-07-30T17:00:00Z,2026-07-30T19:00:00+0200,97.666666,MW,DK2,DK_2,forecast_onshore_wind_generation,Wind Onshore,2026-08-21T09:08:16Z
2026-08-21T08:53:57Z,2026-08-21T10:53:57+0200,5d6f4db6-a0f2-490a-bd97-b2641f9198d5,2026-07-30T17:15:00Z,2026-07-30T19:15:00+0200,104.666666,MW,DK2,DK_2,forecast_onshore_wind_generation,Wind Onshore,2026-08-21T09:08:16Z
2026-08-21T08:53:57Z,2026-08-21T10:53:57+0200,5d6f4db6-a0f2-490a-bd97-b2641f9198d5,2026-07-30T17:30:00Z,2026-07-30T19:30:00+0200,116.0,MW,DK2,DK_2,forecast_onshore_wind_generation,Wind Onshore,2026-08-21T09:08:16Z
2026-08-21T08:53:57Z,2026-08-21T10:53:57+0200,5d6f4db6-a0f2-490a-bd97-b2641f9198d5,2026-07-30T17:45:00Z,2026-07-30T19:45:00+0200,126.5,MW,DK2,DK_2,forecast_onshore_wind_generation,Wind Onshore,2026-08-21T09:08:16Z
2026-08-21T08:53:57Z,2026-08-21T10:53:57+0200,5d6f4db6-a0f2-490a-bd97-b2641f9198d5,2026-07-30T18:00:00Z,2026-07-30T20:00:00+0200,138.0,MW,DK2,DK_2,forecast_onshore_wind_generation,Wind Onshore,2026-08-21T09:08:16Z
2026-08-21T08:53:57Z,2026-08-21T10:53:57+0200,5d6f4db6-a0f2-490a-bd97-b2641f9198d5,2026-07-30T18:15:00Z,2026-07-30T20:15:00+0200,156.5,MW,DK2,DK_2,forecast_onshore_wind_generation,Wind Onshore,2026-08-21T09:08:16Z
2026-08-21T08:53:57Z,2026-08-21T10:53:57+0200,5d6f4db6-a0f2-490a-bd97-b2641f9198d5,2026-07-30T18:30:00Z,2026-07-30T20:30:00+0200,167.5,MW,DK2,DK_2,forecast_onshore_wind_generation,Wind Onshore,2026-08-21T09:08:16Z
2026-08-21T08:53:57Z,2026-08-21T10:53:57+0200,5d6f4db6-a0f2-490a-bd97-b2641f9198d5,2026-07-30T18:45:00Z,2026-07-30T20:45:00+0200,173.833333,MW,DK2,DK_2,forecast_onshore_wind_generation,Wind Onshore,2026-08-21T09:08:16Z
2026-08-21T08:53:57Z,2026-08-21T10:53:57+0200,5d6f4db6-a0f2-490a-bd97-b2641f9198d5,2026-07-30T19:00:00Z,2026-07-30T21:00:00+0200,175.833333,MW,DK2,DK_2,forecast_onshore_wind_generation,Wind Onshore,2026-08-21T09:08:16Z
2026-08-21T08:53:57Z,2026-08-21T10:53:57+0200,5d6f4db6-a0f2-490a-bd97-b2641f9198d5,2026-07-30T19:15:00Z,2026-07-30T21:15:00+0200,174.166666,MW,DK2,DK_2,forecast_onshore_wind_generation,Wind Onshore,2026-08-21T09:08:16Z
2026-08-21T08:53:57Z,2026-08-21T10:53:57+0200,5d6f4db6-a0f2-490a-bd97-b2641f9198d5,2026-07-30T19:30:00Z,2026-07-30T21:30:00+0200,169.166666,MW,DK2,DK_2,forecast_onshore_wind_generation,Wind Onshore,2026-08-21T09:08:16Z
2026-08-21T08:53:57Z,2026-08-21T10:53:57+0200,5d6f4db6-a0f2-490a-bd97-b2641f9198d5,2026-07-30T19:45:00Z,2026-07-30T21:45:00+0200,165.666666,MW,DK2,DK_2,forecast_onshore_wind_generation,Wind Onshore,2026-08-21T09:08:16Z
2026-08-21T08:53:57Z,2026-08-21T10:53:57+0200,5d6f4db6-a0f2-490a-bd97-b2641f9198d5,2026-07-30T20:00:00Z,2026-07-30T22:00:00+0200,161.166666,MW,DK2,DK_2,forecast_onshore_wind_generation,Wind Onshore,2026-08-21T09:08:16Z
2026-08-21T08:53:57Z,2026-08-21T10:53:57+0200,5d6f4db6-a0f2-490a-bd97-b2641f9198d5,2026-07-30T20:15:00Z,2026-07-30T22:15:00+0200,148.333333,MW,DK2,DK_2,forecast_onshore_wind_generation,Wind Onshore,2026-08-21T09:08:16Z
2026-08-21T08:53:57Z,2026-08-21T10:53:57+0200,5d6f4db6-a0f2-490a-bd97-b2641f9198d5,2026-07-30T20:30:00Z,2026-07-30T22:30:00+0200,134.166666,MW,DK2,DK_2,forecast_onshore_wind_generation,Wind Onshore,2026-08-21T09:08:16Z
2026-08-21T08:53:57Z,2026-08-21T10:53:57+0200,5d6f4db6-a0f2-490a-bd97-b2641f9198d5,2026-07-30T20:45:00Z,2026-07-30T22:45:00+0200,125.166666,MW,DK2,DK_2,forecast_onshore_wind_generation,Wind Onshore,2026-08-21T09:08:16Z
2026-08-21T08:53:57Z,2026-08-21T10:53:57+0200,5d6f4db6-a0f2-490a-bd97-b2641f9198d5,2026-07-30T21:00:00Z,2026-07-30T23:00:00+0200,116.833333,MW,DK2,DK_2,forecast_onshore_wind_generation,Wind Onshore,2026-08-21T09:08:16Z
2026-08-21T08:53:57Z,2026-08-21T10:53:57+0200,5d6f4db6-a0f2-490a-bd97-b2641f9198d5,2026-07-30T21:15:00Z,2026-07-30T23:15:00+0200,105.666666,MW,DK2,DK_2,forecast_onshore_wind_generation,Wind Onshore,2026-08-21T09:08:16Z
2026-08-21T08:53:57Z,2026-08-21T10:53:57+0200,5d6f4db6-a0f2-490a-bd97-b2641f9198d5,2026-07-30T21:30:00Z,2026-07-30T23:30:00+0200,97.333333,MW,DK2,DK_2,forecast_onshore_wind_generation,Wind Onshore,2026-08-21T09:08:16Z
2026-08-21T08:53:57Z,2026-08-21T10:53:57+0200,5d6f4db6-a0f2-490a-bd97-b2641f9198d5,2026-07-30T21:45:00Z,2026-07-30T23:45:00+0200,93.5,MW,DK2,DK_2,forecast_onshore_wind_generation,Wind Onshore,2026-08-21T09:08:16Z
2026-08-21T08:53:57Z,2026-08-21T10:53:57+0200,5d6f4db6-a0f2-490a-bd97-b2641f9198d5,2026-07-30T22:00:00Z,2026-07-31T00:00:00+0200,116.166666,MW,DK2,DK_2,forecast_onshore_wind_generation,Wind Onshore,2026-08-21T09:08:16Z
2026-08-21T08:53:57Z,2026-08-21T10:53:57+0200,5d6f4db6-a0f2-490a-bd97-b2641f9198d5,2026-07-30T22:15:00Z,2026-07-31T00:15:00+0200,107.166666,MW,DK2,DK_2,forecast_onshore_wind_generation,Wind Onshore,2026-08-21T09:08:16Z
2026-08-21T08:53:57Z,2026-08-21T10:53:57+0200,5d6f4db6-a0f2-490a-bd97-b2641f9198d5,2026-07-30T22:30:00Z,2026-07-31T00:30:00+0200,103.666666,MW,DK2,DK_2,forecast_onshore_wind_generation,Wind Onshore,2026-08-21T09:08:16Z
2026-08-21T08:53:57Z,2026-08-21T10:53:57+0200,5d6f4db6-a0f2-490a-bd97-b2641f9198d5,2026-07-30T22:45:00Z,2026-07-31T00:45:00+0200,103.833333,MW,DK2,DK_2,forecast_onshore_wind_generation,Wind Onshore,2026-08-21T09:08:16Z
2026-08-21T08:53:57Z,2026-08-21T10:53:57+0200,5d6f4db6-a0f2-490a-bd97-b2641f9198d5,2026-07-30T23:00:00Z,2026-07-31T01:00:00+0200,100.0,MW,DK2,DK_2,forecast_onshore_wind_generation,Wind Onshore,2026-08-21T09:08:16Z
2026-08-21T08:53:57Z,2026-08-21T10:53:57+0200,5d6f4db6-a0f2-490a-bd97-b2641f9198d5,2026-07-30T23:15:00Z,2026-07-31T01:15:00+0200,93.833333,MW,DK2,DK_2,forecast_onshore_wind_generation,Wind Onshore,2026-08-21T09:08:16Z
2026-08-21T08:53:57Z,2026-08-21T10:53:57+0200,5d6f4db6-a0f2-490a-bd97-b2641f9198d5,2026-07-30T23:30:00Z,2026-07-31T01:30:00+0200,90.5,MW,DK2,DK_2,forecast_onshore_wind_generation,Wind Onshore,2026-08-21T09:08:16Z
2026-08-21T08:53:57Z,2026-08-21T10:53:57+0200,5d6f4db6-a0f2-490a-bd97-b2641f9198d5,2026-07-30T23:45:00Z,2026-07-31T01:45:00+0200,88.0,MW,DK2,DK_2,forecast_onshore_wind_generation,Wind Onshore,2026-08-21T09:08:16Z
2026-08-21T08:53:57Z,2026-08-21T10:53:57+0200,5d6f4db6-a0f2-490a-bd97-b2641f9198d5,2026-07-31T00:00:00Z,2026-07-31T02:00:00+0200,83.833333,MW,DK2,DK_2,forecast_onshore_wind_generation,Wind Onshore,2026-08-21T09:08:16Z
2026-08-21T08:53:57Z,2026-08-21T10:53:57+0200,5d6f4db6-a0f2-490a-bd97-b2641f9198d5,2026-07-31T00:15:00Z,2026-07-31T02:15:00+0200,77.833333,MW,DK2,DK_2,forecast_onshore_wind_generation,Wind Onshore,2026-08-21T09:08:16Z
2026-08-21T08:53:57Z,2026-08-21T10:53:57+0200,5d6f4db6-a0f2-490a-bd97-b2641f9198d5,2026-07-31T00:30:00Z,2026-07-31T02:30:00+0200,73.5,MW,DK2,DK_2,forecast_onshore_wind_generation,Wind Onshore,2026-08-21T09:08:16Z
2026-08-21T08:53:57Z,2026-08-21T10:53:57+0200,5d6f4db6-a0f2-490a-bd97-b2641f9198d5,2026-07-31T00:45:00Z,2026-07-31T02:45:00+0200,72.0,MW,DK2,DK_2,forecast_onshore_wind_generation,Wind Onshore,2026-08-21T09:08:16Z
2026-08-21T08:53:57Z,2026-08-21T10:53:57+0200,5d6f4db6-a0f2-490a-bd97-b2641f9198d5,2026-07-31T01:00:00Z,2026-07-31T03:00:00+0200,72.5,MW,DK2,DK_2,forecast_onshore_wind_generation,Wind Onshore,2026-08-21T09:08:16Z
2026-08-21T08:53:57Z,2026-08-21T10:53:57+0200,5d6f4db6-a0f2-490a-bd97-b2641f9198d5,2026-07-31T01:15:00Z,2026-07-31T03:15:00+0200,74.5,MW,DK2,DK_2,forecast_onshore_wind_generation,Wind Onshore,2026-08-21T09:08:16Z
2026-08-21T08:53:57Z,2026-08-21T10:53:57+0200,5d6f4db6-a0f2-490a-bd97-b2641f9198d5,2026-07-31T01:30:00Z,2026-07-31T03:30:00+0200,78.5,MW,DK2,DK_2,forecast_onshore_wind_generation,Wind Onshore,2026-08-21T09:08:16Z
2026-08-21T08:53:57Z,2026-08-21T10:53:57+0200,5d6f4db6-a0f2-490a-bd97-b2641f9198d5,2026-07-31T01:45:00Z,2026-07-31T03:45:00+0200,81.833333,MW,DK2,DK_2,forecast_onshore_wind_generation,Wind Onshore,2026-08-21T09:08:16Z
2026-08-21T08:53:57Z,2026-08-21T10:53:57+0200,5d6f4db6-a0f2-490a-bd97-b2641f9198d5,2026-07-31T02:00:00Z,2026-07-31T04:00:00+0200,81.0,MW,DK2,DK_2,forecast_onshore_wind_generation,Wind Onshore,2026-08-21T09:08:16Z
2026-08-21T08:53:57Z,2026-08-21T10:53:57+0200,5d6f4db6-a0f2-490a-bd97-b2641f9198d5,2026-07-31T02:15:00Z,2026-07-31T04:15:00+0200,79.333333,MW,DK2,DK_2,forecast_onshore_wind_generation,Wind Onshore,2026-08-21T09:08:16Z
2026-08-21T08:53:57Z,2026-08-21T10:53:57+0200,5d6f4db6-a0f2-490a-bd97-b2641f9198d5,2026-07-31T02:30:00Z,2026-07-31T04:30:00+0200,77.5,MW,DK2,DK_2,forecast_onshore_wind_generation,Wind Onshore,2026-08-21T09:08:16Z
2026-08-21T08:53:57Z,2026-08-21T10:53:57+0200,5d6f4db6-a0f2-490a-bd97-b2641f9198d5,2026-07-31T02:45:00Z,2026-07-31T04:45:00+0200,75.5,MW,DK2,DK_2,forecast_onshore_wind_generation,Wind Onshore,2026-08-21T09:08:16Z
2026-08-21T08:53:57Z,2026-08-21T10:53:57+0200,5d6f4db6-a0f2-490a-bd97-b2641f9198d5,2026-07-31T03:00:00Z,2026-07-31T05:00:00+0200,73.333333,MW,DK2,DK_2,forecast_onshore_wind_generation,Wind Onshore,2026-08-21T09:08:16Z
2026-08-21T08:53:57Z,2026-08-21T10:53:57+0200,5d6f4db6-a0f2-490a-bd97-b2641f9198d5,2026-07-31T03:15:00Z,2026-07-31T05:15:00+0200,70.166666,MW,DK2,DK_2,forecast_onshore_wind_generation,Wind Onshore,2026-08-21T09:08:16Z
2026-08-21T08:53:57Z,2026-08-21T10:53:57+0200,5d6f4db6-a0f2-490a-bd97-b2641f9198d5,2026-07-31T03:30:00Z,2026-07-31T05:30:00+0200,67.5,MW,DK2,DK_2,forecast_onshore_wind_generation,Wind Onshore,2026-08-21T09:08:16Z
2026-08-21T08:53:57Z,2026-08-21T10:53:57+0200,5d6f4db6-a0f2-490a-bd97-b2641f9198d5,2026-07-31T03:45:00Z,2026-07-31T05:45:00+0200,65.0,MW,DK2,DK_2,forecast_onshore_wind_generation,Wind Onshore,2026-08-21T09:08:16Z
2026-08-21T08:53:57Z,2026-08-21T10:53:57+0200,5d6f4db6-a0f2-490a-bd97-b2641f9198d5,2026-07-31T04:00:00Z,2026-07-31T06:00:00+0200,63.5,MW,DK2,DK_2,forecast_onshore_wind_generation,Wind Onshore,2026-08-21T09:08:16Z
2026-08-21T08:53:57Z,2026-08-21T10:53:57+0200,5d6f4db6-a0f2-490a-bd97-b2641f9198d5,2026-07-31T04:15:00Z,2026-07-31T06:15:00+0200,62.333333,MW,DK2,DK_2,forecast_onshore_wind_generation,Wind Onshore,2026-08-21T09:08:16Z
2026-08-21T08:53:57Z,2026-08-21T10:53:57+0200,5d6f4db6-a0f2-490a-bd97-b2641f9198d5,2026-07-31T04:30:00Z,2026-07-31T06:30:00+0200,60.0,MW,DK2,DK_2,forecast_onshore_wind_generation,Wind Onshore,2026-08-21T09:08:16Z
2026-08-21T08:53:57Z,2026-08-21T10:53:57+0200,5d6f4db6-a0f2-490a-bd97-b2641f9198d5,2026-07-31T04:45:00Z,2026-07-31T06:45:00+0200,58.0,MW,DK2,DK_2,forecast_onshore_wind_generation,Wind Onshore,2026-08-21T09:08:16Z
2026-08-21T08:53:57Z,2026-08-21T10:53:57+0200,5d6f4db6-a0f2-490a-bd97-b2641f9198d5,2026-07-31T05:00:00Z,2026-07-31T07:00:00+0200,56.0,MW,DK2,DK_2,forecast_onshore_wind_generation,Wind Onshore,2026-08-21T09:08:16Z
2026-08-21T08:53:57Z,2026-08-21T10:53:57+0200,5d6f4db6-a0f2-490a-bd97-b2641f9198d5,2026-07-31T05:15:00Z,2026-07-31T07:15:00+0200,54.0,MW,DK2,DK_2,forecast_onshore_wind_generation,Wind Onshore,2026-08-21T09:08:16Z
2026-08-21T08:53:57Z,2026-08-21T10:53:57+0200,5d6f4db6-a0f2-490a-bd97-b2641f9198d5,2026-07-31T05:30:00Z,2026-07-31T07:30:00+0200,52.0,MW,DK2,DK_2,forecast_onshore_wind_generation,Wind Onshore,2026-08-21T09:08:16Z
2026-08-21T08:53:57Z,2026-08-21T10:53:57+0200,5d6f4db6-a0f2-490a-bd97-b2641f9198d5,2026-07-31T05:45:00Z,2026-07-31T07:45:00+0200,49.5,MW,DK2,DK_2,forecast_onshore_wind_generation,Wind Onshore,2026-08-21T09:08:16Z
2026-08-21T08:53:57Z,2026-08-21T10:53:57+0200,5d6f4db6-a0f2-490a-bd97-b2641f9198d5,2026-07-31T06:00:00Z,2026-07-31T08:00:00+0200,46.0,MW,DK2,DK_2,forecast_onshore_wind_generation,Wind Onshore,2026-08-21T09:08:16Z
2026-08-21T08:53:57Z,2026-08-21T10:53:57+0200,5d6f4db6-a0f2-490a-bd97-b2641f9198d5,2026-07-31T06:15:00Z,2026-07-31T08:15:00+0200,42.0,MW,DK2,DK_2,forecast_onshore_wind_generation,Wind Onshore,2026-08-21T09:08:16Z
2026-08-21T08:53:57Z,2026-08-21T10:53:57+0200,5d6f4db6-a0f2-490a-bd97-b2641f9198d5,2026-07-31T06:30:00Z,2026-07-31T08:30:00+0200,38.5,MW,DK2,DK_2,forecast_onshore_wind_generation,Wind Onshore,2026-08-21T09:08:16Z
2026-08-21T08:53:57Z,2026-08-21T10:53:57+0200,5d6f4db6-a0f2-490a-bd97-b2641f9198d5,2026-07-31T06:45:00Z,2026-07-31T08:45:00+0200,36.166666,MW,DK2,DK_2,forecast_onshore_wind_generation,Wind Onshore,2026-08-21T09:08:16Z
2026-08-21T08:53:57Z,2026-08-21T10:53:57+0200,5d6f4db6-a0f2-490a-bd97-b2641f9198d5,2026-07-31T07:00:00Z,2026-07-31T09:00:00+0200,35.0,MW,DK2,DK_2,forecast_onshore_wind_generation,Wind Onshore,2026-08-21T09:08:16Z
2026-08-21T08:53:57Z,2026-08-21T10:53:57+0200,5d6f4db6-a0f2-490a-bd97-b2641f9198d5,2026-07-31T07:15:00Z,2026-07-31T09:15:00+0200,31.666666,MW,DK2,DK_2,forecast_onshore_wind_generation,Wind Onshore,2026-08-21T09:08:16Z
2026-08-21T08:53:57Z,2026-08-21T10:53:57+0200,5d6f4db6-a0f2-490a-bd97-b2641f9198d5,2026-07-31T07:30:00Z,2026-07-31T09:30:00+0200,28.5,MW,DK2,DK_2,forecast_onshore_wind_generation,Wind Onshore,2026-08-21T09:08:16Z
2026-08-21T08:53:57Z,2026-08-21T10:53:57+0200,5d6f4db6-a0f2-490a-bd97-b2641f9198d5,2026-07-31T07:45:00Z,2026-07-31T09:45:00+0200,26.5,MW,DK2,DK_2,forecast_onshore_wind_generation,Wind Onshore,2026-08-21T09:08:16Z
2026-08-21T08:53:57Z,2026-08-21T10:53:57+0200,5d6f4db6-a0f2-490a-bd97-b2641f9198d5,2026-07-31T08:00:00Z,2026-07-31T10:00:00+0200,25.0,MW,DK2,DK_2,forecast_onshore_wind_generation,Wind Onshore,2026-08-21T09:08:16Z
2026-08-21T08:53:57Z,2026-08-21T10:53:57+0200,5d6f4db6-a0f2-490a-bd97-b2641f9198d5,2026-07-31T08:15:00Z,2026-07-31T10:15:00+0200,22.666666,MW,DK2,DK_2,forecast_onshore_wind_generation,Wind Onshore,2026-08-21T09:08:16Z
2026-08-21T08:53:57Z,2026-08-21T10:53:57+0200,5d6f4db6-a0f2-490a-bd97-b2641f9198d5,2026-07-31T08:30:00Z,2026-07-31T10:30:00+0200,20.666666,MW,DK2,DK_2,forecast_onshore_wind_generation,Wind Onshore,2026-08-21T09:08:16Z
2026-08-21T08:53:57Z,2026-08-21T10:53:57+0200,5d6f4db6-a0f2-490a-bd97-b2641f9198d5,2026-07-31T08:45:00Z,2026-07-31T10:45:00+0200,19.5,MW,DK2,DK_2,forecast_onshore_wind_generation,Wind Onshore,2026-08-21T09:08:16Z
2026-08-21T08:53:57Z,2026-08-21T10:53:57+0200,5d6f4db6-a0f2-490a-bd97-b2641f9198d5,2026-07-31T09:00:00Z,2026-07-31T11:00:00+0200,19.0,MW,DK2,DK_2,forecast_onshore_wind_generation,Wind Onshore,2026-08-21T09:08:16Z
2026-08-21T08:53:57Z,2026-08-21T10:53:57+0200,5d6f4db6-a0f2-490a-bd97-b2641f9198d5,2026-07-31T09:15:00Z,2026-07-31T11:15:00+0200,19.5,MW,DK2,DK_2,forecast_onshore_wind_generation,Wind Onshore,2026-08-21T09:08:16Z
2026-08-21T08:53:57Z,2026-08-21T10:53:57+0200,5d6f4db6-a0f2-490a-bd97-b2641f9198d5,2026-07-31T09:30:00Z,2026-07-31T11:30:00+0200,20.0,MW,DK2,DK_2,forecast_onshore_wind_generation,Wind Onshore,2026-08-21T09:08:16Z
2026-08-21T08:53:57Z,2026-08-21T10:53:57+0200,5d6f4db6-a0f2-490a-bd97-b2641f9198d5,2026-07-31T09:45:00Z,2026-07-31T11:45:00+0200,20.0,MW,DK2,DK_2,forecast_onshore_wind_generation,Wind Onshore,2026-08-21T09:08:16Z
2026-08-21T08:53:57Z,2026-08-21T10:53:57+0200,5d6f4db6-a0f2-490a-bd97-b2641f9198d5,2026-07-31T10:00:00Z,2026-07-31T12:00:00+0200,20.166666,MW,DK2,DK_2,forecast_onshore_wind_generation,Wind Onshore,2026-08-21T09:08:16Z
2026-08-21T08:53:57Z,2026-08-21T10:53:57+0200,5d6f4db6-a0f2-490a-bd97-b2641f9198d5,2026-07-31T10:15:00Z,2026-07-31T12:15:00+0200,21.0,MW,DK2,DK_2,forecast_onshore_wind_generation,Wind Onshore,2026-08-21T09:08:16Z
2026-08-21T08:53:57Z,2026-08-21T10:53:57+0200,5d6f4db6-a0f2-490a-bd97-b2641f9198d5,2026-07-31T10:30:00Z,2026-07-31T12:30:00+0200,21.166666,MW,DK2,DK_2,forecast_onshore_wind_generation,Wind Onshore,2026-08-21T09:08:16Z
2026-08-21T08:53:57Z,2026-08-21T10:53:57+0200,5d6f4db6-a0f2-490a-bd97-b2641f9198d5,2026-07-31T10:45:00Z,2026-07-31T12:45:00+0200,22.166666,MW,DK2,DK_2,forecast_onshore_wind_generation,Wind Onshore,2026-08-21T09:08:16Z
2026-08-21T08:53:57Z,2026-08-21T10:53:57+0200,5d6f4db6-a0f2-490a-bd97-b2641f9198d5,2026-07-31T11:00:00Z,2026-07-31T13:00:00+0200,24.0,MW,DK2,DK_2,forecast_onshore_wind_generation,Wind Onshore,2026-08-21T09:08:16Z
2026-08-21T08:53:57Z,2026-08-21T10:53:57+0200,5d6f4db6-a0f2-490a-bd97-b2641f9198d5,2026-07-31T11:15:00Z,2026-07-31T13:15:00+0200,26.0,MW,DK2,DK_2,forecast_onshore_wind_generation,Wind Onshore,2026-08-21T09:08:16Z
2026-08-21T08:53:57Z,2026-08-21T10:53:57+0200,5d6f4db6-a0f2-490a-bd97-b2641f9198d5,2026-07-31T11:30:00Z,2026-07-31T13:30:00+0200,28.0,MW,DK2,DK_2,forecast_onshore_wind_generation,Wind Onshore,2026-08-21T09:08:16Z
2026-08-21T08:53:57Z,2026-08-21T10:53:57+0200,5d6f4db6-a0f2-490a-bd97-b2641f9198d5,2026-07-31T11:45:00Z,2026-07-31T13:45:00+0200,29.5,MW,DK2,DK_2,forecast_onshore_wind_generation,Wind Onshore,2026-08-21T09:08:16Z
2026-08-21T08:53:57Z,2026-08-21T10:53:57+0200,5d6f4db6-a0f2-490a-bd97-b2641f9198d5,2026-07-31T12:00:00Z,2026-07-31T14:00:00+0200,30.0,MW,DK2,DK_2,forecast_onshore_wind_generation,Wind Onshore,2026-08-21T09:08:16Z
2026-08-21T08:53:57Z,2026-08-21T10:53:57+0200,5d6f4db6-a0f2-490a-bd97-b2641f9198d5,2026-07-31T12:15:00Z,2026-07-31T14:15:00+0200,30.0,MW,DK2,DK_2,forecast_onshore_wind_generation,Wind Onshore,2026-08-21T09:08:16Z
2026-08-21T08:53:57Z,2026-08-21T10:53:57+0200,5d6f4db6-a0f2-490a-bd97-b2641f9198d5,2026-07-31T12:30:00Z,2026-07-31T14:30:00+0200,29.0,MW,DK2,DK_2,forecast_onshore_wind_generation,Wind Onshore,2026-08-21T09:08:16Z
2026-08-21T08:53:57Z,2026-08-21T10:53:57+0200,5d6f4db6-a0f2-490a-bd97-b2641f9198d5,2026-07-31T12:45:00Z,2026-07-31T14:45:00+0200,28.0,MW,DK2,DK_2,forecast_onshore_wind_generation,Wind Onshore,2026-08-21T09:08:16Z
2026-08-21T08:53:57Z,2026-08-21T10:53:57+0200,5d6f4db6-a0f2-490a-bd97-b2641f9198d5,2026-07-31T13:00:00Z,2026-07-31T15:00:00+0200,28.0,MW,DK2,DK_2,forecast_onshore_wind_generation,Wind Onshore,2026-08-21T09:08:16Z
2026-08-21T08:53:57Z,2026-08-21T10:53:57+0200,5d6f4db6-a0f2-490a-bd97-b2641f9198d5,2026-07-31T13:15:00Z,2026-07-31T15:15:00+0200,27.5,MW,DK2,DK_2,forecast_onshore_wind_generation,Wind Onshore,2026-08-21T09:08:16Z
2026-08-21T08:53:57Z,2026-08-21T10:53:57+0200,5d6f4db6-a0f2-490a-bd97-b2641f9198d5,2026-07-31T13:30:00Z,2026-07-31T15:30:00+0200,27.0,MW,DK2,DK_2,forecast_onshore_wind_generation,Wind Onshore,2026-08-21T09:08:16Z
2026-08-21T08:53:57Z,2026-08-21T10:53:57+0200,5d6f4db6-a0f2-490a-bd97-b2641f9198d5,2026-07-31T13:45:00Z,2026-07-31T15:45:00+0200,26.833333,MW,DK2,DK_2,forecast_onshore_wind_generation,Wind Onshore,2026-08-21T09:08:16Z
2026-08-21T08:53:57Z,2026-08-21T10:53:57+0200,5d6f4db6-a0f2-490a-bd97-b2641f9198d5,2026-07-31T14:00:00Z,2026-07-31T16:00:00+0200,25.5,MW,DK2,DK_2,forecast_onshore_wind_generation,Wind Onshore,2026-08-21T09:08:16Z
2026-08-21T08:53:57Z,2026-08-21T10:53:57+0200,5d6f4db6-a0f2-490a-bd97-b2641f9198d5,2026-07-31T14:15:00Z,2026-07-31T16:15:00+0200,25.0,MW,DK2,DK_2,forecast_onshore_wind_generation,Wind Onshore,2026-08-21T09:08:16Z
2026-08-21T08:53:57Z,2026-08-21T10:53:57+0200,5d6f4db6-a0f2-490a-bd97-b2641f9198d5,2026-07-31T14:30:00Z,2026-07-31T16:30:00+0200,25.5,MW,DK2,DK_2,forecast_onshore_wind_generation,Wind Onshore,2026-08-21T09:08:16Z
2026-08-21T08:53:57Z,2026-08-21T10:53:57+0200,5d6f4db6-a0f2-490a-bd97-b2641f9198d5,2026-07-31T14:45:00Z,2026-07-31T16:45:00+0200,25.166666,MW,DK2,DK_2,forecast_onshore_wind_generation,Wind Onshore,2026-08-21T09:08:16Z
2026-08-21T08:53:57Z,2026-08-21T10:53:57+0200,5d6f4db6-a0f2-490a-bd97-b2641f9198d5,2026-07-31T15:00:00Z,2026-07-31T17:00:00+0200,25.0,MW,DK2,DK_2,forecast_onshore_wind_generation,Wind Onshore,2026-08-21T09:08:16Z
2026-08-21T08:53:57Z,2026-08-21T10:53:57+0200,5d6f4db6-a0f2-490a-bd97-b2641f9198d5,2026-07-31T15:15:00Z,2026-07-31T17:15:00+0200,25.833333,MW,DK2,DK_2,forecast_onshore_wind_generation,Wind Onshore,2026-08-21T09:08:16Z
2026-08-21T08:53:57Z,2026-08-21T10:53:57+0200,5d6f4db6-a0f2-490a-bd97-b2641f9198d5,2026-07-31T15:30:00Z,2026-07-31T17:30:00+0200,26.833333,MW,DK2,DK_2,forecast_onshore_wind_generation,Wind Onshore,2026-08-21T09:08:16Z
2026-08-21T08:53:57Z,2026-08-21T10:53:57+0200,5d6f4db6-a0f2-490a-bd97-b2641f9198d5,2026-07-31T15:45:00Z,2026-07-31T17:45:00+0200,27.833333,MW,DK2,DK_2,forecast_onshore_wind_generation,Wind Onshore,2026-08-21T09:08:16Z
2026-08-21T08:53:57Z,2026-08-21T10:53:57+0200,5d6f4db6-a0f2-490a-bd97-b2641f9198d5,2026-07-31T16:00:00Z,2026-07-31T18:00:00+0200,28.5,MW,DK2,DK_2,forecast_onshore_wind_generation,Wind Onshore,2026-08-21T09:08:16Z
2026-08-21T08:53:57Z,2026-08-21T10:53:57+0200,5d6f4db6-a0f2-490a-bd97-b2641f9198d5,2026-07-31T16:15:00Z,2026-07-31T18:15:00+0200,29.0,MW,DK2,DK_2,forecast_onshore_wind_generation,Wind Onshore,2026-08-21T09:08:16Z
2026-08-21T08:53:57Z,2026-08-21T10:53:57+0200,5d6f4db6-a0f2-490a-bd97-b2641f9198d5,2026-07-31T16:30:00Z,2026-07-31T18:30:00+0200,29.833333,MW,DK2,DK_2,forecast_onshore_wind_generation,Wind Onshore,2026-08-21T09:08:16Z
2026-08-21T08:53:57Z,2026-08-21T10:53:57+0200,5d6f4db6-a0f2-490a-bd97-b2641f9198d5,2026-07-31T16:45:00Z,2026-07-31T18:45:00+0200,30.0,MW,DK2,DK_2,forecast_onshore_wind_generation,Wind Onshore,2026-08-21T09:08:16Z
2026-08-21T08:53:57Z,2026-08-21T10:53:57+0200,5d6f4db6-a0f2-490a-bd97-b2641f9198d5,2026-07-31T17:00:00Z,2026-07-31T19:00:00+0200,29.166666,MW,DK2,DK_2,forecast_onshore_wind_generation,Wind Onshore,2026-08-21T09:08:16Z
2026-08-21T08:53:57Z,2026-08-21T10:53:57+0200,5d6f4db6-a0f2-490a-bd97-b2641f9198d5,2026-07-31T17:15:00Z,2026-07-31T19:15:00+0200,28.0,MW,DK2,DK_2,forecast_onshore_wind_generation,Wind Onshore,2026-08-21T09:08:16Z
2026-08-21T08:53:57Z,2026-08-21T10:53:57+0200,5d6f4db6-a0f2-490a-bd97-b2641f9198d5,2026-07-31T17:30:00Z,2026-07-31T19:30:00+0200,26.5,MW,DK2,DK_2,forecast_onshore_wind_generation,Wind Onshore,2026-08-21T09:08:16Z
2026-08-21T08:53:57Z,2026-08-21T10:53:57+0200,5d6f4db6-a0f2-490a-bd97-b2641f9198d5,2026-07-31T17:45:00Z,2026-07-31T19:45:00+0200,26.5,MW,DK2,DK_2,forecast_onshore_wind_generation,Wind Onshore,2026-08-21T09:08:16Z
2026-08-21T08:53:57Z,2026-08-21T10:53:57+0200,5d6f4db6-a0f2-490a-bd97-b2641f9198d5,2026-07-31T18:00:00Z,2026-07-31T20:00:00+0200,27.0,MW,DK2,DK_2,forecast_onshore_wind_generation,Wind Onshore,2026-08-21T09:08:16Z
2026-08-21T08:53:57Z,2026-08-21T10:53:57+0200,5d6f4db6-a0f2-490a-bd97-b2641f9198d5,2026-07-31T18:15:00Z,2026-07-31T20:15:00+0200,26.333333,MW,DK2,DK_2,forecast_onshore_wind_generation,Wind Onshore,2026-08-21T09:08:16Z
2026-08-21T08:53:57Z,2026-08-21T10:53:57+0200,5d6f4db6-a0f2-490a-bd97-b2641f9198d5,2026-07-31T18:30:00Z,2026-07-31T20:30:00+0200,23.666666,MW,DK2,DK_2,forecast_onshore_wind_generation,Wind Onshore,2026-08-21T09:08:16Z
2026-08-21T08:53:57Z,2026-08-21T10:53:57+0200,5d6f4db6-a0f2-490a-bd97-b2641f9198d5,2026-07-31T18:45:00Z,2026-07-31T20:45:00+0200,23.166666,MW,DK2,DK_2,forecast_onshore_wind_generation,Wind Onshore,2026-08-21T09:08:16Z
2026-08-21T08:53:57Z,2026-08-21T10:53:57+0200,5d6f4db6-a0f2-490a-bd97-b2641f9198d5,2026-07-31T19:00:00Z,2026-07-31T21:00:00+0200,24.0,MW,DK2,DK_2,forecast_onshore_wind_generation,Wind Onshore,2026-08-21T09:08:16Z
2026-08-21T08:53:57Z,2026-08-21T10:53:57+0200,5d6f4db6-a0f2-490a-bd97-b2641f9198d5,2026-07-31T19:15:00Z,2026-07-31T21:15:00+0200,24.5,MW,DK2,DK_2,forecast_onshore_wind_generation,Wind Onshore,2026-08-21T09:08:16Z
2026-08-21T08:53:57Z,2026-08-21T10:53:57+0200,5d6f4db6-a0f2-490a-bd97-b2641f9198d5,2026-07-31T19:30:00Z,2026-07-31T21:30:00+0200,25.833333,MW,DK2,DK_2,forecast_onshore_wind_generation,Wind Onshore,2026-08-21T09:08:16Z
2026-08-21T08:53:57Z,2026-08-21T10:53:57+0200,5d6f4db6-a0f2-490a-bd97-b2641f9198d5,2026-07-31T19:45:00Z,2026-07-31T21:45:00+0200,26.5,MW,DK2,DK_2,forecast_onshore_wind_generation,Wind Onshore,2026-08-21T09:08:16Z
2026-08-21T08:53:57Z,2026-08-21T10:53:57+0200,5d6f4db6-a0f2-490a-bd97-b2641f9198d5,2026-07-31T20:00:00Z,2026-07-31T22:00:00+0200,27.0,MW,DK2,DK_2,forecast_onshore_wind_generation,Wind Onshore,2026-08-21T09:08:16Z
2026-08-21T08:53:57Z,2026-08-21T10:53:57+0200,5d6f4db6-a0f2-490a-bd97-b2641f9198d5,2026-07-31T20:15:00Z,2026-07-31T22:15:00+0200,27.0,MW,DK2,DK_2,forecast_onshore_wind_generation,Wind Onshore,2026-08-21T09:08:16Z
2026-08-21T08:53:57Z,2026-08-21T10:53:57+0200,5d6f4db6-a0f2-490a-bd97-b2641f9198d5,2026-07-31T20:30:00Z,2026-07-31T22:30:00+0200,27.833333,MW,DK2,DK_2,forecast_onshore_wind_generation,Wind Onshore,2026-08-21T09:08:16Z
2026-08-21T08:53:57Z,2026-08-21T10:53:57+0200,5d6f4db6-a0f2-490a-bd97-b2641f9198d5,2026-07-31T20:45:00Z,2026-07-31T22:45:00+0200,28.5,MW,DK2,DK_2,forecast_onshore_wind_generation,Wind Onshore,2026-08-21T09:08:16Z
2026-08-21T08:53:57Z,2026-08-21T10:53:57+0200,5d6f4db6-a0f2-490a-bd97-b2641f9198d5,2026-07-31T21:00:00Z,2026-07-31T23:00:00+0200,30.0,MW,DK2,DK_2,forecast_onshore_wind_generation,Wind Onshore,2026-08-21T09:08:16Z
2026-08-21T08:53:57Z,2026-08-21T10:53:57+0200,5d6f4db6-a0f2-490a-bd97-b2641f9198d5,2026-07-31T21:15:00Z,2026-07-31T23:15:00+0200,32.5,MW,DK2,DK_2,forecast_onshore_wind_generation,Wind Onshore,2026-08-21T09:08:16Z
2026-08-21T08:53:57Z,2026-08-21T10:53:57+0200,5d6f4db6-a0f2-490a-bd97-b2641f9198d5,2026-07-31T21:30:00Z,2026-07-31T23:30:00+0200,34.666666,MW,DK2,DK_2,forecast_onshore_wind_generation,Wind Onshore,2026-08-21T09:08:16Z
2026-08-21T08:53:57Z,2026-08-21T10:53:57+0200,5d6f4db6-a0f2-490a-bd97-b2641f9198d5,2026-07-31T21:45:00Z,2026-07-31T23:45:00+0200,37.333333,MW,DK2,DK_2,forecast_onshore_wind_generation,Wind Onshore,2026-08-21T09:08:16Z
2026-08-21T08:53:57Z,2026-08-21T10:53:57+0200,5d6f4db6-a0f2-490a-bd97-b2641f9198d5,2026-07-31T22:00:00Z,2026-08-01T00:00:00+0200,44.0,MW,DK2,DK_2,forecast_onshore_wind_generation,Wind Onshore,2026-08-21T09:08:16Z
2026-08-21T08:53:57Z,2026-08-21T10:53:57+0200,5d6f4db6-a0f2-490a-bd97-b2641f9198d5,2026-07-31T22:15:00Z,2026-08-01T00:15:00+0200,44.0,MW,DK2,DK_2,forecast_onshore_wind_generation,Wind Onshore,2026-08-21T09:08:16Z
2026-08-21T08:53:57Z,2026-08-21T10:53:57+0200,5d6f4db6-a0f2-490a-bd97-b2641f9198d5,2026-07-31T22:30:00Z,2026-08-01T00:30:00+0200,43.833333,MW,DK2,DK_2,forecast_onshore_wind_generation,Wind Onshore,2026-08-21T09:08:16Z
2026-08-21T08:53:57Z,2026-08-21T10:53:57+0200,5d6f4db6-a0f2-490a-bd97-b2641f9198d5,2026-07-31T22:45:00Z,2026-08-01T00:45:00+0200,43.0,MW,DK2,DK_2,forecast_onshore_wind_generation,Wind Onshore,2026-08-21T09:08:16Z
2026-08-21T08:53:57Z,2026-08-21T10:53:57+0200,5d6f4db6-a0f2-490a-bd97-b2641f9198d5,2026-07-31T23:00:00Z,2026-08-01T01:00:00+0200,42.166666,MW,DK2,DK_2,forecast_onshore_wind_generation,Wind Onshore,2026-08-21T09:08:16Z
2026-08-21T08:53:57Z,2026-08-21T10:53:57+0200,5d6f4db6-a0f2-490a-bd97-b2641f9198d5,2026-07-31T23:15:00Z,2026-08-01T01:15:00+0200,43.0,MW,DK2,DK_2,forecast_onshore_wind_generation,Wind Onshore,2026-08-21T09:08:16Z
2026-08-21T08:53:57Z,2026-08-21T10:53:57+0200,5d6f4db6-a0f2-490a-bd97-b2641f9198d5,2026-07-31T23:30:00Z,2026-08-01T01:30:00+0200,44.5,MW,DK2,DK_2,forecast_onshore_wind_generation,Wind Onshore,2026-08-21T09:08:16Z
2026-08-21T08:53:57Z,2026-08-21T10:53:57+0200,5d6f4db6-a0f2-490a-bd97-b2641f9198d5,2026-07-31T23:45:00Z,2026-08-01T01:45:00+0200,45.0,MW,DK2,DK_2,forecast_onshore_wind_generation,Wind Onshore,2026-08-21T09:08:16Z
2026-08-21T08:53:57Z,2026-08-21T10:53:57+0200,5d6f4db6-a0f2-490a-bd97-b2641f9198d5,2026-08-01T00:00:00Z,2026-08-01T02:00:00+0200,45.0,MW,DK2,DK_2,forecast_onshore_wind_generation,Wind Onshore,2026-08-21T09:08:16Z
2026-08-21T08:53:57Z,2026-08-21T10:53:57+0200,5d6f4db6-a0f2-490a-bd97-b2641f9198d5,2026-08-01T00:15:00Z,2026-08-01T02:15:00+0200,44.833333,MW,DK2,DK_2,forecast_onshore_wind_generation,Wind Onshore,2026-08-21T09:08:16Z
2026-08-21T08:53:57Z,2026-08-21T10:53:57+0200,5d6f4db6-a0f2-490a-bd97-b2641f9198d5,2026-08-01T00:30:00Z,2026-08-01T02:30:00+0200,44.0,MW,DK2,DK_2,forecast_onshore_wind_generation,Wind Onshore,2026-08-21T09:08:16Z
2026-08-21T08:53:57Z,2026-08-21T10:53:57+0200,5d6f4db6-a0f2-490a-bd97-b2641f9198d5,2026-08-01T00:45:00Z,2026-08-01T02:45:00+0200,44.0,MW,DK2,DK_2,forecast_onshore_wind_generation,Wind Onshore,2026-08-21T09:08:16Z
2026-08-21T08:53:57Z,2026-08-21T10:53:57+0200,5d6f4db6-a0f2-490a-bd97-b2641f9198d5,2026-08-01T01:00:00Z,2026-08-01T03:00:00+0200,43.833333,MW,DK2,DK_2,forecast_onshore_wind_generation,Wind Onshore,2026-08-21T09:08:16Z
2026-08-21T08:53:57Z,2026-08-21T10:53:57+0200,5d6f4db6-a0f2-490a-bd97-b2641f9198d5,2026-08-01T01:15:00Z,2026-08-01T03:15:00+0200,43.0,MW,DK2,DK_2,forecast_onshore_wind_generation,Wind Onshore,2026-08-21T09:08:16Z
2026-08-21T08:53:57Z,2026-08-21T10:53:57+0200,5d6f4db6-a0f2-490a-bd97-b2641f9198d5,2026-08-01T01:30:00Z,2026-08-01T03:30:00+0200,43.0,MW,DK2,DK_2,forecast_onshore_wind_generation,Wind Onshore,2026-08-21T09:08:16Z
2026-08-21T08:53:57Z,2026-08-21T10:53:57+0200,5d6f4db6-a0f2-490a-bd97-b2641f9198d5,2026-08-01T01:45:00Z,2026-08-01T03:45:00+0200,43.833333,MW,DK2,DK_2,forecast_onshore_wind_generation,Wind Onshore,2026-08-21T09:08:16Z
2026-08-21T08:53:57Z,2026-08-21T10:53:57+0200,5d6f4db6-a0f2-490a-bd97-b2641f9198d5,2026-08-01T02:00:00Z,2026-08-01T04:00:00+0200,45.333333,MW,DK2,DK_2,forecast_onshore_wind_generation,Wind Onshore,2026-08-21T09:08:16Z
2026-08-21T08:53:57Z,2026-08-21T10:53:57+0200,5d6f4db6-a0f2-490a-bd97-b2641f9198d5,2026-08-01T02:15:00Z,2026-08-01T04:15:00+0200,47.5,MW,DK2,DK_2,forecast_onshore_wind_generation,Wind Onshore,2026-08-21T09:08:16Z
2026-08-21T08:53:57Z,2026-08-21T10:53:57+0200,5d6f4db6-a0f2-490a-bd97-b2641f9198d5,2026-08-01T02:30:00Z,2026-08-01T04:30:00+0200,50.333333,MW,DK2,DK_2,forecast_onshore_wind_generation,Wind Onshore,2026-08-21T09:08:16Z
2026-08-21T08:53:57Z,2026-08-21T10:53:57+0200,5d6f4db6-a0f2-490a-bd97-b2641f9198d5,2026-08-01T02:45:00Z,2026-08-01T04:45:00+0200,51.0,MW,DK2,DK_2,forecast_onshore_wind_generation,Wind Onshore,2026-08-21T09:08:16Z
2026-08-21T08:53:57Z,2026-08-21T10:53:57+0200,5d6f4db6-a0f2-490a-bd97-b2641f9198d5,2026-08-01T03:00:00Z,2026-08-01T05:00:00+0200,50.833333,MW,DK2,DK_2,forecast_onshore_wind_generation,Wind Onshore,2026-08-21T09:08:16Z
2026-08-21T08:53:57Z,2026-08-21T10:53:57+0200,5d6f4db6-a0f2-490a-bd97-b2641f9198d5,2026-08-01T03:15:00Z,2026-08-01T05:15:00+0200,49.833333,MW,DK2,DK_2,forecast_onshore_wind_generation,Wind Onshore,2026-08-21T09:08:16Z
2026-08-21T08:53:57Z,2026-08-21T10:53:57+0200,5d6f4db6-a0f2-490a-bd97-b2641f9198d5,2026-08-01T03:30:00Z,2026-08-01T05:30:00+0200,49.0,MW,DK2,DK_2,forecast_onshore_wind_generation,Wind Onshore,2026-08-21T09:08:16Z
2026-08-21T08:53:57Z,2026-08-21T10:53:57+0200,5d6f4db6-a0f2-490a-bd97-b2641f9198d5,2026-08-01T03:45:00Z,2026-08-01T05:45:00+0200,49.0,MW,DK2,DK_2,forecast_onshore_wind_generation,Wind Onshore,2026-08-21T09:08:16Z
2026-08-21T08:53:57Z,2026-08-21T10:53:57+0200,5d6f4db6-a0f2-490a-bd97-b2641f9198d5,2026-08-01T04:00:00Z,2026-08-01T06:00:00+0200,49.0,MW,DK2,DK_2,forecast_onshore_wind_generation,Wind Onshore,2026-08-21T09:08:16Z
2026-08-21T08:53:57Z,2026-08-21T10:53:57+0200,5d6f4db6-a0f2-490a-bd97-b2641f9198d5,2026-08-01T04:15:00Z,2026-08-01T06:15:00+0200,49.0,MW,DK2,DK_2,forecast_onshore_wind_generation,Wind Onshore,2026-08-21T09:08:16Z
2026-08-21T08:53:57Z,2026-08-21T10:53:57+0200,5d6f4db6-a0f2-490a-bd97-b2641f9198d5,2026-08-01T04:30:00Z,2026-08-01T06:30:00+0200,48.166666,MW,DK2,DK_2,forecast_onshore_wind_generation,Wind Onshore,2026-08-21T09:08:16Z
2026-08-21T08:53:57Z,2026-08-21T10:53:57+0200,5d6f4db6-a0f2-490a-bd97-b2641f9198d5,2026-08-01T04:45:00Z,2026-08-01T06:45:00+0200,47.166666,MW,DK2,DK_2,forecast_onshore_wind_generation,Wind Onshore,2026-08-21T09:08:16Z
2026-08-21T08:53:57Z,2026-08-21T10:53:57+0200,5d6f4db6-a0f2-490a-bd97-b2641f9198d5,2026-08-01T05:00:00Z,2026-08-01T07:00:00+0200,46.0,MW,DK2,DK_2,forecast_onshore_wind_generation,Wind Onshore,2026-08-21T09:08:16Z
2026-08-21T08:53:57Z,2026-08-21T10:53:57+0200,5d6f4db6-a0f2-490a-bd97-b2641f9198d5,2026-08-01T05:15:00Z,2026-08-01T07:15:00+0200,44.833333,MW,DK2,DK_2,forecast_onshore_wind_generation,Wind Onshore,2026-08-21T09:08:16Z
2026-08-21T08:53:57Z,2026-08-21T10:53:57+0200,5d6f4db6-a0f2-490a-bd97-b2641f9198d5,2026-08-01T05:30:00Z,2026-08-01T07:30:00+0200,43.833333,MW,DK2,DK_2,forecast_onshore_wind_generation,Wind Onshore,2026-08-21T09:08:16Z
2026-08-21T08:53:57Z,2026-08-21T10:53:57+0200,5d6f4db6-a0f2-490a-bd97-b2641f9198d5,2026-08-01T05:45:00Z,2026-08-01T07:45:00+0200,42.0,MW,DK2,DK_2,forecast_onshore_wind_generation,Wind Onshore,2026-08-21T09:08:16Z
2026-08-21T08:53:57Z,2026-08-21T10:53:57+0200,5d6f4db6-a0f2-490a-bd97-b2641f9198d5,2026-08-01T06:00:00Z,2026-08-01T08:00:00+0200,40.5,MW,DK2,DK_2,forecast_onshore_wind_generation,Wind Onshore,2026-08-21T09:08:16Z
2026-08-21T08:53:57Z,2026-08-21T10:53:57+0200,5d6f4db6-a0f2-490a-bd97-b2641f9198d5,2026-08-01T06:15:00Z,2026-08-01T08:15:00+0200,39.5,MW,DK2,DK_2,forecast_onshore_wind_generation,Wind Onshore,2026-08-21T09:08:16Z
2026-08-21T08:53:57Z,2026-08-21T10:53:57+0200,5d6f4db6-a0f2-490a-bd97-b2641f9198d5,2026-08-01T06:30:00Z,2026-08-01T08:30:00+0200,38.166666,MW,DK2,DK_2,forecast_onshore_wind_generation,Wind Onshore,2026-08-21T09:08:16Z
2026-08-21T08:53:57Z,2026-08-21T10:53:57+0200,5d6f4db6-a0f2-490a-bd97-b2641f9198d5,2026-08-01T06:45:00Z,2026-08-01T08:45:00+0200,37.166666,MW,DK2,DK_2,forecast_onshore_wind_generation,Wind Onshore,2026-08-21T09:08:16Z
2026-08-21T08:53:57Z,2026-08-21T10:53:57+0200,5d6f4db6-a0f2-490a-bd97-b2641f9198d5,2026-08-01T07:00:00Z,2026-08-01T09:00:00+0200,37.0,MW,DK2,DK_2,forecast_onshore_wind_generation,Wind Onshore,2026-08-21T09:08:16Z
2026-08-21T08:53:57Z,2026-08-21T10:53:57+0200,5d6f4db6-a0f2-490a-bd97-b2641f9198d5,2026-08-01T07:15:00Z,2026-08-01T09:15:00+0200,36.5,MW,DK2,DK_2,forecast_onshore_wind_generation,Wind Onshore,2026-08-21T09:08:16Z
2026-08-21T08:53:57Z,2026-08-21T10:53:57+0200,5d6f4db6-a0f2-490a-bd97-b2641f9198d5,2026-08-01T07:30:00Z,2026-08-01T09:30:00+0200,35.5,MW,DK2,DK_2,forecast_onshore_wind_generation,Wind Onshore,2026-08-21T09:08:16Z
2026-08-21T08:53:57Z,2026-08-21T10:53:57+0200,5d6f4db6-a0f2-490a-bd97-b2641f9198d5,2026-08-01T07:45:00Z,2026-08-01T09:45:00+0200,35.0,MW,DK2,DK_2,forecast_onshore_wind_generation,Wind Onshore,2026-08-21T09:08:16Z
2026-08-21T08:53:57Z,2026-08-21T10:53:57+0200,5d6f4db6-a0f2-490a-bd97-b2641f9198d5,2026-08-01T08:00:00Z,2026-08-01T10:00:00+0200,35.0,MW,DK2,DK_2,forecast_onshore_wind_generation,Wind Onshore,2026-08-21T09:08:16Z
2026-08-21T08:53:57Z,2026-08-21T10:53:57+0200,5d6f4db6-a0f2-490a-bd97-b2641f9198d5,2026-08-01T08:15:00Z,2026-08-01T10:15:00+0200,34.5,MW,DK2,DK_2,forecast_onshore_wind_generation,Wind Onshore,2026-08-21T09:08:16Z
2026-08-21T08:53:57Z,2026-08-21T10:53:57+0200,5d6f4db6-a0f2-490a-bd97-b2641f9198d5,2026-08-01T08:30:00Z,2026-08-01T10:30:00+0200,33.5,MW,DK2,DK_2,forecast_onshore_wind_generation,Wind Onshore,2026-08-21T09:08:16Z
2026-08-21T08:53:57Z,2026-08-21T10:53:57+0200,5d6f4db6-a0f2-490a-bd97-b2641f9198d5,2026-08-01T08:45:00Z,2026-08-01T10:45:00+0200,33.833333,MW,DK2,DK_2,forecast_onshore_wind_generation,Wind Onshore,2026-08-21T09:08:16Z
2026-08-21T08:53:57Z,2026-08-21T10:53:57+0200,5d6f4db6-a0f2-490a-bd97-b2641f9198d5,2026-08-01T09:00:00Z,2026-08-01T11:00:00+0200,35.5,MW,DK2,DK_2,forecast_onshore_wind_generation,Wind Onshore,2026-08-21T09:08:16Z
2026-08-21T08:53:57Z,2026-08-21T10:53:57+0200,5d6f4db6-a0f2-490a-bd97-b2641f9198d5,2026-08-01T09:15:00Z,2026-08-01T11:15:00+0200,38.5,MW,DK2,DK_2,forecast_onshore_wind_generation,Wind Onshore,2026-08-21T09:08:16Z
2026-08-21T08:53:57Z,2026-08-21T10:53:57+0200,5d6f4db6-a0f2-490a-bd97-b2641f9198d5,2026-08-01T09:30:00Z,2026-08-01T11:30:00+0200,41.5,MW,DK2,DK_2,forecast_onshore_wind_generation,Wind Onshore,2026-08-21T09:08:16Z
2026-08-21T08:53:57Z,2026-08-21T10:53:57+0200,5d6f4db6-a0f2-490a-bd97-b2641f9198d5,2026-08-01T09:45:00Z,2026-08-01T11:45:00+0200,43.833333,MW,DK2,DK_2,forecast_onshore_wind_generation,Wind Onshore,2026-08-21T09:08:16Z
2026-08-21T08:53:57Z,2026-08-21T10:53:57+0200,5d6f4db6-a0f2-490a-bd97-b2641f9198d5,2026-08-01T10:00:00Z,2026-08-01T12:00:00+0200,45.0,MW,DK2,DK_2,forecast_onshore_wind_generation,Wind Onshore,2026-08-21T09:08:16Z
2026-08-21T08:53:57Z,2026-08-21T10:53:57+0200,5d6f4db6-a0f2-490a-bd97-b2641f9198d5,2026-08-01T10:15:00Z,2026-08-01T12:15:00+0200,47.5,MW,DK2,DK_2,forecast_onshore_wind_generation,Wind Onshore,2026-08-21T09:08:16Z
2026-08-21T08:53:57Z,2026-08-21T10:53:57+0200,5d6f4db6-a0f2-490a-bd97-b2641f9198d5,2026-08-01T10:30:00Z,2026-08-01T12:30:00+0200,50.0,MW,DK2,DK_2,forecast_onshore_wind_generation,Wind Onshore,2026-08-21T09:08:16Z
2026-08-21T08:53:57Z,2026-08-21T10:53:57+0200,5d6f4db6-a0f2-490a-bd97-b2641f9198d5,2026-08-01T10:45:00Z,2026-08-01T12:45:00+0200,49.333333,MW,DK2,DK_2,forecast_onshore_wind_generation,Wind Onshore,2026-08-21T09:08:16Z
2026-08-21T08:53:57Z,2026-08-21T10:53:57+0200,5d6f4db6-a0f2-490a-bd97-b2641f9198d5,2026-08-01T11:00:00Z,2026-08-01T13:00:00+0200,56.5,MW,DK2,DK_2,forecast_onshore_wind_generation,Wind Onshore,2026-08-21T09:08:16Z
2026-08-21T08:53:57Z,2026-08-21T10:53:57+0200,5d6f4db6-a0f2-490a-bd97-b2641f9198d5,2026-08-01T11:15:00Z,2026-08-01T13:15:00+0200,57.5,MW,DK2,DK_2,forecast_onshore_wind_generation,Wind Onshore,2026-08-21T09:08:16Z
2026-08-21T08:53:57Z,2026-08-21T10:53:57+0200,5d6f4db6-a0f2-490a-bd97-b2641f9198d5,2026-08-01T11:30:00Z,2026-08-01T13:30:00+0200,61.166666,MW,DK2,DK_2,forecast_onshore_wind_generation,Wind Onshore,2026-08-21T09:08:16Z
2026-08-21T08:53:57Z,2026-08-21T10:53:57+0200,5d6f4db6-a0f2-490a-bd97-b2641f9198d5,2026-08-01T11:45:00Z,2026-08-01T13:45:00+0200,63.666666,MW,DK2,DK_2,forecast_onshore_wind_generation,Wind Onshore,2026-08-21T09:08:16Z
2026-08-21T08:53:57Z,2026-08-21T10:53:57+0200,5d6f4db6-a0f2-490a-bd97-b2641f9198d5,2026-08-01T12:00:00Z,2026-08-01T14:00:00+0200,64.0,MW,DK2,DK_2,forecast_onshore_wind_generation,Wind Onshore,2026-08-21T09:08:16Z
2026-08-21T08:53:57Z,2026-08-21T10:53:57+0200,5d6f4db6-a0f2-490a-bd97-b2641f9198d5,2026-08-01T12:15:00Z,2026-08-01T14:15:00+0200,64.0,MW,DK2,DK_2,forecast_onshore_wind_generation,Wind Onshore,2026-08-21T09:08:16Z
2026-08-21T08:53:57Z,2026-08-21T10:53:57+0200,5d6f4db6-a0f2-490a-bd97-b2641f9198d5,2026-08-01T12:30:00Z,2026-08-01T14:30:00+0200,64.166666,MW,DK2,DK_2,forecast_onshore_wind_generation,Wind Onshore,2026-08-21T09:08:16Z
2026-08-21T08:53:57Z,2026-08-21T10:53:57+0200,5d6f4db6-a0f2-490a-bd97-b2641f9198d5,2026-08-01T12:45:00Z,2026-08-01T14:45:00+0200,65.333333,MW,DK2,DK_2,forecast_onshore_wind_generation,Wind Onshore,2026-08-21T09:08:16Z
2026-08-21T08:53:57Z,2026-08-21T10:53:57+0200,5d6f4db6-a0f2-490a-bd97-b2641f9198d5,2026-08-01T13:00:00Z,2026-08-01T15:00:00+0200,64.833333,MW,DK2,DK_2,forecast_onshore_wind_generation,Wind Onshore,2026-08-21T09:08:16Z
2026-08-21T08:53:57Z,2026-08-21T10:53:57+0200,5d6f4db6-a0f2-490a-bd97-b2641f9198d5,2026-08-01T13:15:00Z,2026-08-01T15:15:00+0200,69.666666,MW,DK2,DK_2,forecast_onshore_wind_generation,Wind Onshore,2026-08-21T09:08:16Z
2026-08-21T08:53:57Z,2026-08-21T10:53:57+0200,5d6f4db6-a0f2-490a-bd97-b2641f9198d5,2026-08-01T13:30:00Z,2026-08-01T15:30:00+0200,75.333333,MW,DK2,DK_2,forecast_onshore_wind_generation,Wind Onshore,2026-08-21T09:08:16Z
2026-08-21T08:53:57Z,2026-08-21T10:53:57+0200,5d6f4db6-a0f2-490a-bd97-b2641f9198d5,2026-08-01T13:45:00Z,2026-08-01T15:45:00+0200,86.666666,MW,DK2,DK_2,forecast_onshore_wind_generation,Wind Onshore,2026-08-21T09:08:16Z
2026-08-21T08:53:57Z,2026-08-21T10:53:57+0200,5d6f4db6-a0f2-490a-bd97-b2641f9198d5,2026-08-01T14:00:00Z,2026-08-01T16:00:00+0200,85.166666,MW,DK2,DK_2,forecast_onshore_wind_generation,Wind Onshore,2026-08-21T09:08:16Z
2026-08-21T08:53:57Z,2026-08-21T10:53:57+0200,5d6f4db6-a0f2-490a-bd97-b2641f9198d5,2026-08-01T14:15:00Z,2026-08-01T16:15:00+0200,86.0,MW,DK2,DK_2,forecast_onshore_wind_generation,Wind Onshore,2026-08-21T09:08:16Z
2026-08-21T08:53:57Z,2026-08-21T10:53:57+0200,5d6f4db6-a0f2-490a-bd97-b2641f9198d5,2026-08-01T14:30:00Z,2026-08-01T16:30:00+0200,87.0,MW,DK2,DK_2,forecast_onshore_wind_generation,Wind Onshore,2026-08-21T09:08:16Z
2026-08-21T08:53:57Z,2026-08-21T10:53:57+0200,5d6f4db6-a0f2-490a-bd97-b2641f9198d5,2026-08-01T14:45:00Z,2026-08-01T16:45:00+0200,87.0,MW,DK2,DK_2,forecast_onshore_wind_generation,Wind Onshore,2026-08-21T09:08:16Z
2026-08-21T08:53:57Z,2026-08-21T10:53:57+0200,5d6f4db6-a0f2-490a-bd97-b2641f9198d5,2026-08-01T15:00:00Z,2026-08-01T17:00:00+0200,87.0,MW,DK2,DK_2,forecast_onshore_wind_generation,Wind Onshore,2026-08-21T09:08:16Z
2026-08-21T08:53:57Z,2026-08-21T10:53:57+0200,5d6f4db6-a0f2-490a-bd97-b2641f9198d5,2026-08-01T15:15:00Z,2026-08-01T17:15:00+0200,86.5,MW,DK2,DK_2,forecast_onshore_wind_generation,Wind Onshore,2026-08-21T09:08:16Z
2026-08-21T08:53:57Z,2026-08-21T10:53:57+0200,5d6f4db6-a0f2-490a-bd97-b2641f9198d5,2026-08-01T15:30:00Z,2026-08-01T17:30:00+0200,86.0,MW,DK2,DK_2,forecast_onshore_wind_generation,Wind Onshore,2026-08-21T09:08:16Z
2026-08-21T08:53:57Z,2026-08-21T10:53:57+0200,5d6f4db6-a0f2-490a-bd97-b2641f9198d5,2026-08-01T15:45:00Z,2026-08-01T17:45:00+0200,85.166666,MW,DK2,DK_2,forecast_onshore_wind_generation,Wind Onshore,2026-08-21T09:08:16Z
2026-08-21T08:53:57Z,2026-08-21T10:53:57+0200,5d6f4db6-a0f2-490a-bd97-b2641f9198d5,2026-08-01T16:00:00Z,2026-08-01T18:00:00+0200,84.166666,MW,DK2,DK_2,forecast_onshore_wind_generation,Wind Onshore,2026-08-21T09:08:16Z
2026-08-21T08:53:57Z,2026-08-21T10:53:57+0200,5d6f4db6-a0f2-490a-bd97-b2641f9198d5,2026-08-01T16:15:00Z,2026-08-01T18:15:00+0200,82.666666,MW,DK2,DK_2,forecast_onshore_wind_generation,Wind Onshore,2026-08-21T09:08:16Z
2026-08-21T08:53:57Z,2026-08-21T10:53:57+0200,5d6f4db6-a0f2-490a-bd97-b2641f9198d5,2026-08-01T16:30:00Z,2026-08-01T18:30:00+0200,81.0,MW,DK2,DK_2,forecast_onshore_wind_generation,Wind Onshore,2026-08-21T09:08:16Z
2026-08-21T08:53:57Z,2026-08-21T10:53:57+0200,5d6f4db6-a0f2-490a-bd97-b2641f9198d5,2026-08-01T16:45:00Z,2026-08-01T18:45:00+0200,80.5,MW,DK2,DK_2,forecast_onshore_wind_generation,Wind Onshore,2026-08-21T09:08:16Z
2026-08-21T08:53:57Z,2026-08-21T10:53:57+0200,5d6f4db6-a0f2-490a-bd97-b2641f9198d5,2026-08-01T17:00:00Z,2026-08-01T19:00:00+0200,81.166666,MW,DK2,DK_2,forecast_onshore_wind_generation,Wind Onshore,2026-08-21T09:08:16Z
2026-08-21T08:53:57Z,2026-08-21T10:53:57+0200,5d6f4db6-a0f2-490a-bd97-b2641f9198d5,2026-08-01T17:15:00Z,2026-08-01T19:15:00+0200,82.0,MW,DK2,DK_2,forecast_onshore_wind_generation,Wind Onshore,2026-08-21T09:08:16Z
2026-08-21T08:53:57Z,2026-08-21T10:53:57+0200,5d6f4db6-a0f2-490a-bd97-b2641f9198d5,2026-08-01T17:30:00Z,2026-08-01T19:30:00+0200,82.5,MW,DK2,DK_2,forecast_onshore_wind_generation,Wind Onshore,2026-08-21T09:08:16Z
2026-08-21T08:53:57Z,2026-08-21T10:53:57+0200,5d6f4db6-a0f2-490a-bd97-b2641f9198d5,2026-08-01T17:45:00Z,2026-08-01T19:45:00+0200,84.5,MW,DK2,DK_2,forecast_onshore_wind_generation,Wind Onshore,2026-08-21T09:08:16Z
2026-08-21T08:53:57Z,2026-08-21T10:53:57+0200,5d6f4db6-a0f2-490a-bd97-b2641f9198d5,2026-08-01T18:00:00Z,2026-08-01T20:00:00+0200,88.166666,MW,DK2,DK_2,forecast_onshore_wind_generation,Wind Onshore,2026-08-21T09:08:16Z
2026-08-21T08:53:57Z,2026-08-21T10:53:57+0200,5d6f4db6-a0f2-490a-bd97-b2641f9198d5,2026-08-01T18:15:00Z,2026-08-01T20:15:00+0200,93.833333,MW,DK2,DK_2,forecast_onshore_wind_generation,Wind Onshore,2026-08-21T09:08:16Z
2026-08-21T08:53:57Z,2026-08-21T10:53:57+0200,5d6f4db6-a0f2-490a-bd97-b2641f9198d5,2026-08-01T18:30:00Z,2026-08-01T20:30:00+0200,95.666666,MW,DK2,DK_2,forecast_onshore_wind_generation,Wind Onshore,2026-08-21T09:08:16Z
2026-08-21T08:53:57Z,2026-08-21T10:53:57+0200,5d6f4db6-a0f2-490a-bd97-b2641f9198d5,2026-08-01T18:45:00Z,2026-08-01T20:45:00+0200,97.333333,MW,DK2,DK_2,forecast_onshore_wind_generation,Wind Onshore,2026-08-21T09:08:16Z
2026-08-21T08:53:57Z,2026-08-21T10:53:57+0200,5d6f4db6-a0f2-490a-bd97-b2641f9198d5,2026-08-01T19:00:00Z,2026-08-01T21:00:00+0200,96.5,MW,DK2,DK_2,forecast_onshore_wind_generation,Wind Onshore,2026-08-21T09:08:16Z
2026-08-21T08:53:57Z,2026-08-21T10:53:57+0200,5d6f4db6-a0f2-490a-bd97-b2641f9198d5,2026-08-01T19:15:00Z,2026-08-01T21:15:00+0200,92.5,MW,DK2,DK_2,forecast_onshore_wind_generation,Wind Onshore,2026-08-21T09:08:16Z
2026-08-21T08:53:57Z,2026-08-21T10:53:57+0200,5d6f4db6-a0f2-490a-bd97-b2641f9198d5,2026-08-01T19:30:00Z,2026-08-01T21:30:00+0200,88.5,MW,DK2,DK_2,forecast_onshore_wind_generation,Wind Onshore,2026-08-21T09:08:16Z
2026-08-21T08:53:57Z,2026-08-21T10:53:57+0200,5d6f4db6-a0f2-490a-bd97-b2641f9198d5,2026-08-01T19:45:00Z,2026-08-01T21:45:00+0200,87.0,MW,DK2,DK_2,forecast_onshore_wind_generation,Wind Onshore,2026-08-21T09:08:16Z
2026-08-21T08:53:57Z,2026-08-21T10:53:57+0200,5d6f4db6-a0f2-490a-bd97-b2641f9198d5,2026-08-01T20:00:00Z,2026-08-01T22:00:00+0200,86.833333,MW,DK2,DK_2,forecast_onshore_wind_generation,Wind Onshore,2026-08-21T09:08:16Z
2026-08-21T08:53:57Z,2026-08-21T10:53:57+0200,5d6f4db6-a0f2-490a-bd97-b2641f9198d5,2026-08-01T20:15:00Z,2026-08-01T22:15:00+0200,85.5,MW,DK2,DK_2,forecast_onshore_wind_generation,Wind Onshore,2026-08-21T09:08:16Z
2026-08-21T08:53:57Z,2026-08-21T10:53:57+0200,5d6f4db6-a0f2-490a-bd97-b2641f9198d5,2026-08-01T20:30:00Z,2026-08-01T22:30:00+0200,84.0,MW,DK2,DK_2,forecast_onshore_wind_generation,Wind Onshore,2026-08-21T09:08:16Z
2026-08-21T08:53:57Z,2026-08-21T10:53:57+0200,5d6f4db6-a0f2-490a-bd97-b2641f9198d5,2026-08-01T20:45:00Z,2026-08-01T22:45:00+0200,82.5,MW,DK2,DK_2,forecast_onshore_wind_generation,Wind Onshore,2026-08-21T09:08:16Z
2026-08-21T08:53:57Z,2026-08-21T10:53:57+0200,5d6f4db6-a0f2-490a-bd97-b2641f9198d5,2026-08-01T21:00:00Z,2026-08-01T23:00:00+0200,81.333333,MW,DK2,DK_2,forecast_onshore_wind_generation,Wind Onshore,2026-08-21T09:08:16Z
2026-08-21T08:53:57Z,2026-08-21T10:53:57+0200,5d6f4db6-a0f2-490a-bd97-b2641f9198d5,2026-08-01T21:15:00Z,2026-08-01T23:15:00+0200,79.5,MW,DK2,DK_2,forecast_onshore_wind_generation,Wind Onshore,2026-08-21T09:08:16Z
2026-08-21T08:53:57Z,2026-08-21T10:53:57+0200,5d6f4db6-a0f2-490a-bd97-b2641f9198d5,2026-08-01T21:30:00Z,2026-08-01T23:30:00+0200,78.5,MW,DK2,DK_2,forecast_onshore_wind_generation,Wind Onshore,2026-08-21T09:08:16Z
2026-08-21T08:53:57Z,2026-08-21T10:53:57+0200,5d6f4db6-a0f2-490a-bd97-b2641f9198d5,2026-08-01T21:45:00Z,2026-08-01T23:45:00+0200,78.5,MW,DK2,DK_2,forecast_onshore_wind_generation,Wind Onshore,2026-08-21T09:08:16Z
2026-08-21T08:53:57Z,2026-08-21T10:53:57+0200,5d6f4db6-a0f2-490a-bd97-b2641f9198d5,2026-08-01T22:00:00Z,2026-08-02T00:00:00+0200,83.5,MW,DK2,DK_2,forecast_onshore_wind_generation,Wind Onshore,2026-08-21T09:08:16Z
2026-08-21T08:53:57Z,2026-08-21T10:53:57+0200,5d6f4db6-a0f2-490a-bd97-b2641f9198d5,2026-08-01T22:15:00Z,2026-08-02T00:15:00+0200,83.0,MW,DK2,DK_2,forecast_onshore_wind_generation,Wind Onshore,2026-08-21T09:08:16Z
2026-08-21T08:53:57Z,2026-08-21T10:53:57+0200,5d6f4db6-a0f2-490a-bd97-b2641f9198d5,2026-08-01T22:30:00Z,2026-08-02T00:30:00+0200,83.833333,MW,DK2,DK_2,forecast_onshore_wind_generation,Wind Onshore,2026-08-21T09:08:16Z
2026-08-21T08:53:57Z,2026-08-21T10:53:57+0200,5d6f4db6-a0f2-490a-bd97-b2641f9198d5,2026-08-01T22:45:00Z,2026-08-02T00:45:00+0200,84.5,MW,DK2,DK_2,forecast_onshore_wind_generation,Wind Onshore,2026-08-21T09:08:16Z
2026-08-21T08:53:57Z,2026-08-21T10:53:57+0200,5d6f4db6-a0f2-490a-bd97-b2641f9198d5,2026-08-01T23:00:00Z,2026-08-02T01:00:00+0200,85.666666,MW,DK2,DK_2,forecast_onshore_wind_generation,Wind Onshore,2026-08-21T09:08:16Z
2026-08-21T08:53:57Z,2026-08-21T10:53:57+0200,5d6f4db6-a0f2-490a-bd97-b2641f9198d5,2026-08-01T23:15:00Z,2026-08-02T01:15:00+0200,87.666666,MW,DK2,DK_2,forecast_onshore_wind_generation,Wind Onshore,2026-08-21T09:08:16Z
2026-08-21T08:53:57Z,2026-08-21T10:53:57+0200,5d6f4db6-a0f2-490a-bd97-b2641f9198d5,2026-08-01T23:30:00Z,2026-08-02T01:30:00+0200,89.5,MW,DK2,DK_2,forecast_onshore_wind_generation,Wind Onshore,2026-08-21T09:08:16Z
2026-08-21T08:53:57Z,2026-08-21T10:53:57+0200,5d6f4db6-a0f2-490a-bd97-b2641f9198d5,2026-08-01T23:45:00Z,2026-08-02T01:45:00+0200,90.0,MW,DK2,DK_2,forecast_onshore_wind_generation,Wind Onshore,2026-08-21T09:08:16Z
2026-08-21T08:53:57Z,2026-08-21T10:53:57+0200,5d6f4db6-a0f2-490a-bd97-b2641f9198d5,2026-08-02T00:00:00Z,2026-08-02T02:00:00+0200,89.333333,MW,DK2,DK_2,forecast_onshore_wind_generation,Wind Onshore,2026-08-21T09:08:16Z
2026-08-21T08:53:57Z,2026-08-21T10:53:57+0200,5d6f4db6-a0f2-490a-bd97-b2641f9198d5,2026-08-02T00:15:00Z,2026-08-02T02:15:00+0200,86.5,MW,DK2,DK_2,forecast_onshore_wind_generation,Wind Onshore,2026-08-21T09:08:16Z
2026-08-21T08:53:57Z,2026-08-21T10:53:57+0200,5d6f4db6-a0f2-490a-bd97-b2641f9198d5,2026-08-02T00:30:00Z,2026-08-02T02:30:00+0200,83.666666,MW,DK2,DK_2,forecast_onshore_wind_generation,Wind Onshore,2026-08-21T09:08:16Z
2026-08-21T08:53:57Z,2026-08-21T10:53:57+0200,5d6f4db6-a0f2-490a-bd97-b2641f9198d5,2026-08-02T00:45:00Z,2026-08-02T02:45:00+0200,82.166666,MW,DK2,DK_2,forecast_onshore_wind_generation,Wind Onshore,2026-08-21T09:08:16Z
2026-08-21T08:53:57Z,2026-08-21T10:53:57+0200,5d6f4db6-a0f2-490a-bd97-b2641f9198d5,2026-08-02T01:00:00Z,2026-08-02T03:00:00+0200,82.0,MW,DK2,DK_2,forecast_onshore_wind_generation,Wind Onshore,2026-08-21T09:08:16Z
2026-08-21T08:53:57Z,2026-08-21T10:53:57+0200,5d6f4db6-a0f2-490a-bd97-b2641f9198d5,2026-08-02T01:15:00Z,2026-08-02T03:15:00+0200,82.833333,MW,DK2,DK_2,forecast_onshore_wind_generation,Wind Onshore,2026-08-21T09:08:16Z
2026-08-21T08:53:57Z,2026-08-21T10:53:57+0200,5d6f4db6-a0f2-490a-bd97-b2641f9198d5,2026-08-02T01:30:00Z,2026-08-02T03:30:00+0200,83.0,MW,DK2,DK_2,forecast_onshore_wind_generation,Wind Onshore,2026-08-21T09:08:16Z
2026-08-21T08:53:57Z,2026-08-21T10:53:57+0200,5d6f4db6-a0f2-490a-bd97-b2641f9198d5,2026-08-02T01:45:00Z,2026-08-02T03:45:00+0200,82.833333,MW,DK2,DK_2,forecast_onshore_wind_generation,Wind Onshore,2026-08-21T09:08:16Z
2026-08-21T08:53:57Z,2026-08-21T10:53:57+0200,5d6f4db6-a0f2-490a-bd97-b2641f9198d5,2026-08-02T02:00:00Z,2026-08-02T04:00:00+0200,81.0,MW,DK2,DK_2,forecast_onshore_wind_generation,Wind Onshore,2026-08-21T09:08:16Z
2026-08-21T08:53:57Z,2026-08-21T10:53:57+0200,5d6f4db6-a0f2-490a-bd97-b2641f9198d5,2026-08-02T02:15:00Z,2026-08-02T04:15:00+0200,78.5,MW,DK2,DK_2,forecast_onshore_wind_generation,Wind Onshore,2026-08-21T09:08:16Z
2026-08-21T08:53:57Z,2026-08-21T10:53:57+0200,5d6f4db6-a0f2-490a-bd97-b2641f9198d5,2026-08-02T02:30:00Z,2026-08-02T04:30:00+0200,75.666666,MW,DK2,DK_2,forecast_onshore_wind_generation,Wind Onshore,2026-08-21T09:08:16Z
2026-08-21T08:53:57Z,2026-08-21T10:53:57+0200,5d6f4db6-a0f2-490a-bd97-b2641f9198d5,2026-08-02T02:45:00Z,2026-08-02T04:45:00+0200,73.5,MW,DK2,DK_2,forecast_onshore_wind_generation,Wind Onshore,2026-08-21T09:08:16Z
2026-08-21T08:53:57Z,2026-08-21T10:53:57+0200,5d6f4db6-a0f2-490a-bd97-b2641f9198d5,2026-08-02T03:00:00Z,2026-08-02T05:00:00+0200,71.0,MW,DK2,DK_2,forecast_onshore_wind_generation,Wind Onshore,2026-08-21T09:08:16Z
2026-08-21T08:53:57Z,2026-08-21T10:53:57+0200,5d6f4db6-a0f2-490a-bd97-b2641f9198d5,2026-08-02T03:15:00Z,2026-08-02T05:15:00+0200,68.666666,MW,DK2,DK_2,forecast_onshore_wind_generation,Wind Onshore,2026-08-21T09:08:16Z
2026-08-21T08:53:57Z,2026-08-21T10:53:57+0200,5d6f4db6-a0f2-490a-bd97-b2641f9198d5,2026-08-02T03:30:00Z,2026-08-02T05:30:00+0200,67.5,MW,DK2,DK_2,forecast_onshore_wind_generation,Wind Onshore,2026-08-21T09:08:16Z
2026-08-21T08:53:57Z,2026-08-21T10:53:57+0200,5d6f4db6-a0f2-490a-bd97-b2641f9198d5,2026-08-02T03:45:00Z,2026-08-02T05:45:00+0200,67.0,MW,DK2,DK_2,forecast_onshore_wind_generation,Wind Onshore,2026-08-21T09:08:16Z
2026-08-21T08:53:57Z,2026-08-21T10:53:57+0200,5d6f4db6-a0f2-490a-bd97-b2641f9198d5,2026-08-02T04:00:00Z,2026-08-02T06:00:00+0200,67.5,MW,DK2,DK_2,forecast_onshore_wind_generation,Wind Onshore,2026-08-21T09:08:16Z
2026-08-21T08:53:57Z,2026-08-21T10:53:57+0200,5d6f4db6-a0f2-490a-bd97-b2641f9198d5,2026-08-02T04:15:00Z,2026-08-02T06:15:00+0200,68.0,MW,DK2,DK_2,forecast_onshore_wind_generation,Wind Onshore,2026-08-21T09:08:16Z
2026-08-21T08:53:57Z,2026-08-21T10:53:57+0200,5d6f4db6-a0f2-490a-bd97-b2641f9198d5,2026-08-02T04:30:00Z,2026-08-02T06:30:00+0200,68.0,MW,DK2,DK_2,forecast_onshore_wind_generation,Wind Onshore,2026-08-21T09:08:16Z
2026-08-21T08:53:57Z,2026-08-21T10:53:57+0200,5d6f4db6-a0f2-490a-bd97-b2641f9198d5,2026-08-02T04:45:00Z,2026-08-02T06:45:00+0200,68.333333,MW,DK2,DK_2,forecast_onshore_wind_generation,Wind Onshore,2026-08-21T09:08:16Z
2026-08-21T08:53:57Z,2026-08-21T10:53:57+0200,5d6f4db6-a0f2-490a-bd97-b2641f9198d5,2026-08-02T05:00:00Z,2026-08-02T07:00:00+0200,67.5,MW,DK2,DK_2,forecast_onshore_wind_generation,Wind Onshore,2026-08-21T09:08:16Z
2026-08-21T08:53:57Z,2026-08-21T10:53:57+0200,5d6f4db6-a0f2-490a-bd97-b2641f9198d5,2026-08-02T05:15:00Z,2026-08-02T07:15:00+0200,66.5,MW,DK2,DK_2,forecast_onshore_wind_generation,Wind Onshore,2026-08-21T09:08:16Z
2026-08-21T08:53:57Z,2026-08-21T10:53:57+0200,5d6f4db6-a0f2-490a-bd97-b2641f9198d5,2026-08-02T05:30:00Z,2026-08-02T07:30:00+0200,65.5,MW,DK2,DK_2,forecast_onshore_wind_generation,Wind Onshore,2026-08-21T09:08:16Z
2026-08-21T08:53:57Z,2026-08-21T10:53:57+0200,5d6f4db6-a0f2-490a-bd97-b2641f9198d5,2026-08-02T05:45:00Z,2026-08-02T07:45:00+0200,63.666666,MW,DK2,DK_2,forecast_onshore_wind_generation,Wind Onshore,2026-08-21T09:08:16Z
2026-08-21T08:53:57Z,2026-08-21T10:53:57+0200,5d6f4db6-a0f2-490a-bd97-b2641f9198d5,2026-08-02T06:00:00Z,2026-08-02T08:00:00+0200,62.333333,MW,DK2,DK_2,forecast_onshore_wind_generation,Wind Onshore,2026-08-21T09:08:16Z
2026-08-21T08:53:57Z,2026-08-21T10:53:57+0200,5d6f4db6-a0f2-490a-bd97-b2641f9198d5,2026-08-02T06:15:00Z,2026-08-02T08:15:00+0200,62.5,MW,DK2,DK_2,forecast_onshore_wind_generation,Wind Onshore,2026-08-21T09:08:16Z
2026-08-21T08:53:57Z,2026-08-21T10:53:57+0200,5d6f4db6-a0f2-490a-bd97-b2641f9198d5,2026-08-02T06:30:00Z,2026-08-02T08:30:00+0200,62.833333,MW,DK2,DK_2,forecast_onshore_wind_generation,Wind Onshore,2026-08-21T09:08:16Z
2026-08-21T08:53:57Z,2026-08-21T10:53:57+0200,5d6f4db6-a0f2-490a-bd97-b2641f9198d5,2026-08-02T06:45:00Z,2026-08-02T08:45:00+0200,64.0,MW,DK2,DK_2,forecast_onshore_wind_generation,Wind Onshore,2026-08-21T09:08:16Z
2026-08-21T08:53:57Z,2026-08-21T10:53:57+0200,5d6f4db6-a0f2-490a-bd97-b2641f9198d5,2026-08-02T07:00:00Z,2026-08-02T09:00:00+0200,66.5,MW,DK2,DK_2,forecast_onshore_wind_generation,Wind Onshore,2026-08-21T09:08:16Z
2026-08-21T08:53:57Z,2026-08-21T10:53:57+0200,5d6f4db6-a0f2-490a-bd97-b2641f9198d5,2026-08-02T07:15:00Z,2026-08-02T09:15:00+0200,68.666666,MW,DK2,DK_2,forecast_onshore_wind_generation,Wind Onshore,2026-08-21T09:08:16Z
2026-08-21T08:53:57Z,2026-08-21T10:53:57+0200,5d6f4db6-a0f2-490a-bd97-b2641f9198d5,2026-08-02T07:30:00Z,2026-08-02T09:30:00+0200,70.666666,MW,DK2,DK_2,forecast_onshore_wind_generation,Wind Onshore,2026-08-21T09:08:16Z
2026-08-21T08:53:57Z,2026-08-21T10:53:57+0200,5d6f4db6-a0f2-490a-bd97-b2641f9198d5,2026-08-02T07:45:00Z,2026-08-02T09:45:00+0200,71.666666,MW,DK2,DK_2,forecast_onshore_wind_generation,Wind Onshore,2026-08-21T09:08:16Z
2026-08-21T08:53:57Z,2026-08-21T10:53:57+0200,5d6f4db6-a0f2-490a-bd97-b2641f9198d5,2026-08-02T08:00:00Z,2026-08-02T10:00:00+0200,67.333333,MW,DK2,DK_2,forecast_onshore_wind_generation,Wind Onshore,2026-08-21T09:08:16Z
2026-08-21T08:53:57Z,2026-08-21T10:53:57+0200,5d6f4db6-a0f2-490a-bd97-b2641f9198d5,2026-08-02T08:15:00Z,2026-08-02T10:15:00+0200,58.0,MW,DK2,DK_2,forecast_onshore_wind_generation,Wind Onshore,2026-08-21T09:08:16Z
2026-08-21T08:53:57Z,2026-08-21T10:53:57+0200,5d6f4db6-a0f2-490a-bd97-b2641f9198d5,2026-08-02T08:30:00Z,2026-08-02T10:30:00+0200,58.166666,MW,DK2,DK_2,forecast_onshore_wind_generation,Wind Onshore,2026-08-21T09:08:16Z
2026-08-21T08:53:57Z,2026-08-21T10:53:57+0200,5d6f4db6-a0f2-490a-bd97-b2641f9198d5,2026-08-02T08:45:00Z,2026-08-02T10:45:00+0200,60.5,MW,DK2,DK_2,forecast_onshore_wind_generation,Wind Onshore,2026-08-21T09:08:16Z
2026-08-21T08:53:57Z,2026-08-21T10:53:57+0200,5d6f4db6-a0f2-490a-bd97-b2641f9198d5,2026-08-02T09:00:00Z,2026-08-02T11:00:00+0200,63.0,MW,DK2,DK_2,forecast_onshore_wind_generation,Wind Onshore,2026-08-21T09:08:16Z
2026-08-21T08:53:57Z,2026-08-21T10:53:57+0200,5d6f4db6-a0f2-490a-bd97-b2641f9198d5,2026-08-02T09:15:00Z,2026-08-02T11:15:00+0200,64.0,MW,DK2,DK_2,forecast_onshore_wind_generation,Wind Onshore,2026-08-21T09:08:16Z
2026-08-21T08:53:57Z,2026-08-21T10:53:57+0200,5d6f4db6-a0f2-490a-bd97-b2641f9198d5,2026-08-02T09:30:00Z,2026-08-02T11:30:00+0200,63.5,MW,DK2,DK_2,forecast_onshore_wind_generation,Wind Onshore,2026-08-21T09:08:16Z
2026-08-21T08:53:57Z,2026-08-21T10:53:57+0200,5d6f4db6-a0f2-490a-bd97-b2641f9198d5,2026-08-02T09:45:00Z,2026-08-02T11:45:00+0200,62.0,MW,DK2,DK_2,forecast_onshore_wind_generation,Wind Onshore,2026-08-21T09:08:16Z
2026-08-21T08:53:57Z,2026-08-21T10:53:57+0200,5d6f4db6-a0f2-490a-bd97-b2641f9198d5,2026-08-02T10:00:00Z,2026-08-02T12:00:00+0200,60.166666,MW,DK2,DK_2,forecast_onshore_wind_generation,Wind Onshore,2026-08-21T09:08:16Z
2026-08-21T08:53:57Z,2026-08-21T10:53:57+0200,5d6f4db6-a0f2-490a-bd97-b2641f9198d5,2026-08-02T10:15:00Z,2026-08-02T12:15:00+0200,60.5,MW,DK2,DK_2,forecast_onshore_wind_generation,Wind Onshore,2026-08-21T09:08:16Z
2026-08-21T08:53:57Z,2026-08-21T10:53:57+0200,5d6f4db6-a0f2-490a-bd97-b2641f9198d5,2026-08-02T10:30:00Z,2026-08-02T12:30:00+0200,61.666666,MW,DK2,DK_2,forecast_onshore_wind_generation,Wind Onshore,2026-08-21T09:08:16Z
2026-08-21T08:53:57Z,2026-08-21T10:53:57+0200,5d6f4db6-a0f2-490a-bd97-b2641f9198d5,2026-08-02T10:45:00Z,2026-08-02T12:45:00+0200,64.0,MW,DK2,DK_2,forecast_onshore_wind_generation,Wind Onshore,2026-08-21T09:08:16Z
2026-08-21T08:53:57Z,2026-08-21T10:53:57+0200,5d6f4db6-a0f2-490a-bd97-b2641f9198d5,2026-08-02T11:00:00Z,2026-08-02T13:00:00+0200,64.833333,MW,DK2,DK_2,forecast_onshore_wind_generation,Wind Onshore,2026-08-21T09:08:16Z
2026-08-21T08:53:57Z,2026-08-21T10:53:57+0200,5d6f4db6-a0f2-490a-bd97-b2641f9198d5,2026-08-02T11:15:00Z,2026-08-02T13:15:00+0200,64.0,MW,DK2,DK_2,forecast_onshore_wind_generation,Wind Onshore,2026-08-21T09:08:16Z
2026-08-21T08:53:57Z,2026-08-21T10:53:57+0200,5d6f4db6-a0f2-490a-bd97-b2641f9198d5,2026-08-02T11:30:00Z,2026-08-02T13:30:00+0200,63.166666,MW,DK2,DK_2,forecast_onshore_wind_generation,Wind Onshore,2026-08-21T09:08:16Z
2026-08-21T08:53:57Z,2026-08-21T10:53:57+0200,5d6f4db6-a0f2-490a-bd97-b2641f9198d5,2026-08-02T11:45:00Z,2026-08-02T13:45:00+0200,63.0,MW,DK2,DK_2,forecast_onshore_wind_generation,Wind Onshore,2026-08-21T09:08:16Z
2026-08-21T08:53:57Z,2026-08-21T10:53:57+0200,5d6f4db6-a0f2-490a-bd97-b2641f9198d5,2026-08-02T12:00:00Z,2026-08-02T14:00:00+0200,62.5,MW,DK2,DK_2,forecast_onshore_wind_generation,Wind Onshore,2026-08-21T09:08:16Z
2026-08-21T08:53:57Z,2026-08-21T10:53:57+0200,5d6f4db6-a0f2-490a-bd97-b2641f9198d5,2026-08-02T12:15:00Z,2026-08-02T14:15:00+0200,61.0,MW,DK2,DK_2,forecast_onshore_wind_generation,Wind Onshore,2026-08-21T09:08:16Z
2026-08-21T08:53:57Z,2026-08-21T10:53:57+0200,5d6f4db6-a0f2-490a-bd97-b2641f9198d5,2026-08-02T12:30:00Z,2026-08-02T14:30:00+0200,59.0,MW,DK2,DK_2,forecast_onshore_wind_generation,Wind Onshore,2026-08-21T09:08:16Z
2026-08-21T08:53:57Z,2026-08-21T10:53:57+0200,5d6f4db6-a0f2-490a-bd97-b2641f9198d5,2026-08-02T12:45:00Z,2026-08-02T14:45:00+0200,57.833333,MW,DK2,DK_2,forecast_onshore_wind_generation,Wind Onshore,2026-08-21T09:08:16Z
2026-08-21T08:53:57Z,2026-08-21T10:53:57+0200,5d6f4db6-a0f2-490a-bd97-b2641f9198d5,2026-08-02T13:00:00Z,2026-08-02T15:00:00+0200,57.333333,MW,DK2,DK_2,forecast_onshore_wind_generation,Wind Onshore,2026-08-21T09:08:16Z
2026-08-21T08:53:57Z,2026-08-21T10:53:57+0200,5d6f4db6-a0f2-490a-bd97-b2641f9198d5,2026-08-02T13:15:00Z,2026-08-02T15:15:00+0200,57.5,MW,DK2,DK_2,forecast_onshore_wind_generation,Wind Onshore,2026-08-21T09:08:16Z
2026-08-21T08:53:57Z,2026-08-21T10:53:57+0200,5d6f4db6-a0f2-490a-bd97-b2641f9198d5,2026-08-02T13:30:00Z,2026-08-02T15:30:00+0200,54.666666,MW,DK2,DK_2,forecast_onshore_wind_generation,Wind Onshore,2026-08-21T09:08:16Z
2026-08-21T08:53:57Z,2026-08-21T10:53:57+0200,5d6f4db6-a0f2-490a-bd97-b2641f9198d5,2026-08-02T13:45:00Z,2026-08-02T15:45:00+0200,53.666666,MW,DK2,DK_2,forecast_onshore_wind_generation,Wind Onshore,2026-08-21T09:08:16Z
2026-08-21T08:53:57Z,2026-08-21T10:53:57+0200,5d6f4db6-a0f2-490a-bd97-b2641f9198d5,2026-08-02T14:00:00Z,2026-08-02T16:00:00+0200,57.333333,MW,DK2,DK_2,forecast_onshore_wind_generation,Wind Onshore,2026-08-21T09:08:16Z
2026-08-21T08:53:57Z,2026-08-21T10:53:57+0200,5d6f4db6-a0f2-490a-bd97-b2641f9198d5,2026-08-02T14:15:00Z,2026-08-02T16:15:00+0200,58.666666,MW,DK2,DK_2,forecast_onshore_wind_generation,Wind Onshore,2026-08-21T09:08:16Z
2026-08-21T08:53:57Z,2026-08-21T10:53:57+0200,5d6f4db6-a0f2-490a-bd97-b2641f9198d5,2026-08-02T14:30:00Z,2026-08-02T16:30:00+0200,57.5,MW,DK2,DK_2,forecast_onshore_wind_generation,Wind Onshore,2026-08-21T09:08:16Z
2026-08-21T08:53:57Z,2026-08-21T10:53:57+0200,5d6f4db6-a0f2-490a-bd97-b2641f9198d5,2026-08-02T14:45:00Z,2026-08-02T16:45:00+0200,55.666666,MW,DK2,DK_2,forecast_onshore_wind_generation,Wind Onshore,2026-08-21T09:08:16Z
2026-08-21T08:53:57Z,2026-08-21T10:53:57+0200,5d6f4db6-a0f2-490a-bd97-b2641f9198d5,2026-08-02T15:00:00Z,2026-08-02T17:00:00+0200,53.0,MW,DK2,DK_2,forecast_onshore_wind_generation,Wind Onshore,2026-08-21T09:08:16Z
2026-08-21T08:53:57Z,2026-08-21T10:53:57+0200,5d6f4db6-a0f2-490a-bd97-b2641f9198d5,2026-08-02T15:15:00Z,2026-08-02T17:15:00+0200,48.166666,MW,DK2,DK_2,forecast_onshore_wind_generation,Wind Onshore,2026-08-21T09:08:16Z
2026-08-21T08:53:57Z,2026-08-21T10:53:57+0200,5d6f4db6-a0f2-490a-bd97-b2641f9198d5,2026-08-02T15:30:00Z,2026-08-02T17:30:00+0200,43.666666,MW,DK2,DK_2,forecast_onshore_wind_generation,Wind Onshore,2026-08-21T09:08:16Z
2026-08-21T08:53:57Z,2026-08-21T10:53:57+0200,5d6f4db6-a0f2-490a-bd97-b2641f9198d5,2026-08-02T15:45:00Z,2026-08-02T17:45:00+0200,39.666666,MW,DK2,DK_2,forecast_onshore_wind_generation,Wind Onshore,2026-08-21T09:08:16Z
2026-08-21T08:53:57Z,2026-08-21T10:53:57+0200,5d6f4db6-a0f2-490a-bd97-b2641f9198d5,2026-08-02T16:00:00Z,2026-08-02T18:00:00+0200,35.666666,MW,DK2,DK_2,forecast_onshore_wind_generation,Wind Onshore,2026-08-21T09:08:16Z
2026-08-21T08:53:57Z,2026-08-21T10:53:57+0200,5d6f4db6-a0f2-490a-bd97-b2641f9198d5,2026-08-02T16:15:00Z,2026-08-02T18:15:00+0200,32.0,MW,DK2,DK_2,forecast_onshore_wind_generation,Wind Onshore,2026-08-21T09:08:16Z
2026-08-21T08:53:57Z,2026-08-21T10:53:57+0200,5d6f4db6-a0f2-490a-bd97-b2641f9198d5,2026-08-02T16:30:00Z,2026-08-02T18:30:00+0200,29.0,MW,DK2,DK_2,forecast_onshore_wind_generation,Wind Onshore,2026-08-21T09:08:16Z
2026-08-21T08:53:57Z,2026-08-21T10:53:57+0200,5d6f4db6-a0f2-490a-bd97-b2641f9198d5,2026-08-02T16:45:00Z,2026-08-02T18:45:00+0200,26.666666,MW,DK2,DK_2,forecast_onshore_wind_generation,Wind Onshore,2026-08-21T09:08:16Z
2026-08-21T08:53:57Z,2026-08-21T10:53:57+0200,5d6f4db6-a0f2-490a-bd97-b2641f9198d5,2026-08-02T17:00:00Z,2026-08-02T19:00:00+0200,24.5,MW,DK2,DK_2,forecast_onshore_wind_generation,Wind Onshore,2026-08-21T09:08:16Z
2026-08-21T08:53:57Z,2026-08-21T10:53:57+0200,5d6f4db6-a0f2-490a-bd97-b2641f9198d5,2026-08-02T17:15:00Z,2026-08-02T19:15:00+0200,21.5,MW,DK2,DK_2,forecast_onshore_wind_generation,Wind Onshore,2026-08-21T09:08:16Z
2026-08-21T08:53:57Z,2026-08-21T10:53:57+0200,5d6f4db6-a0f2-490a-bd97-b2641f9198d5,2026-08-02T17:30:00Z,2026-08-02T19:30:00+0200,19.0,MW,DK2,DK_2,forecast_onshore_wind_generation,Wind Onshore,2026-08-21T09:08:16Z
2026-08-21T08:53:57Z,2026-08-21T10:53:57+0200,5d6f4db6-a0f2-490a-bd97-b2641f9198d5,2026-08-02T17:45:00Z,2026-08-02T19:45:00+0200,17.833333,MW,DK2,DK_2,forecast_onshore_wind_generation,Wind Onshore,2026-08-21T09:08:16Z
2026-08-21T08:53:57Z,2026-08-21T10:53:57+0200,5d6f4db6-a0f2-490a-bd97-b2641f9198d5,2026-08-02T18:00:00Z,2026-08-02T20:00:00+0200,16.5,MW,DK2,DK_2,forecast_onshore_wind_generation,Wind Onshore,2026-08-21T09:08:16Z
2026-08-21T08:53:57Z,2026-08-21T10:53:57+0200,5d6f4db6-a0f2-490a-bd97-b2641f9198d5,2026-08-02T18:15:00Z,2026-08-02T20:15:00+0200,15.0,MW,DK2,DK_2,forecast_onshore_wind_generation,Wind Onshore,2026-08-21T09:08:16Z
2026-08-21T08:53:57Z,2026-08-21T10:53:57+0200,5d6f4db6-a0f2-490a-bd97-b2641f9198d5,2026-08-02T18:30:00Z,2026-08-02T20:30:00+0200,13.5,MW,DK2,DK_2,forecast_onshore_wind_generation,Wind Onshore,2026-08-21T09:08:16Z
2026-08-21T08:53:57Z,2026-08-21T10:53:57+0200,5d6f4db6-a0f2-490a-bd97-b2641f9198d5,2026-08-02T18:45:00Z,2026-08-02T20:45:00+0200,13.0,MW,DK2,DK_2,forecast_onshore_wind_generation,Wind Onshore,2026-08-21T09:08:16Z
2026-08-21T08:53:57Z,2026-08-21T10:53:57+0200,5d6f4db6-a0f2-490a-bd97-b2641f9198d5,2026-08-02T19:00:00Z,2026-08-02T21:00:00+0200,13.0,MW,DK2,DK_2,forecast_onshore_wind_generation,Wind Onshore,2026-08-21T09:08:16Z
2026-08-21T08:53:57Z,2026-08-21T10:53:57+0200,5d6f4db6-a0f2-490a-bd97-b2641f9198d5,2026-08-02T19:15:00Z,2026-08-02T21:15:00+0200,13.5,MW,DK2,DK_2,forecast_onshore_wind_generation,Wind Onshore,2026-08-21T09:08:16Z
2026-08-21T08:53:57Z,2026-08-21T10:53:57+0200,5d6f4db6-a0f2-490a-bd97-b2641f9198d5,2026-08-02T19:30:00Z,2026-08-02T21:30:00+0200,14.166666,MW,DK2,DK_2,forecast_onshore_wind_generation,Wind Onshore,2026-08-21T09:08:16Z
2026-08-21T08:53:57Z,2026-08-21T10:53:57+0200,5d6f4db6-a0f2-490a-bd97-b2641f9198d5,2026-08-02T19:45:00Z,2026-08-02T21:45:00+0200,15.166666,MW,DK2,DK_2,forecast_onshore_wind_generation,Wind Onshore,2026-08-21T09:08:16Z
2026-08-21T08:53:57Z,2026-08-21T10:53:57+0200,5d6f4db6-a0f2-490a-bd97-b2641f9198d5,2026-08-02T20:00:00Z,2026-08-02T22:00:00+0200,16.5,MW,DK2,DK_2,forecast_onshore_wind_generation,Wind Onshore,2026-08-21T09:08:16Z
2026-08-21T08:53:57Z,2026-08-21T10:53:57+0200,5d6f4db6-a0f2-490a-bd97-b2641f9198d5,2026-08-02T20:15:00Z,2026-08-02T22:15:00+0200,18.0,MW,DK2,DK_2,forecast_onshore_wind_generation,Wind Onshore,2026-08-21T09:08:16Z
2026-08-21T08:53:57Z,2026-08-21T10:53:57+0200,5d6f4db6-a0f2-490a-bd97-b2641f9198d5,2026-08-02T20:30:00Z,2026-08-02T22:30:00+0200,19.666666,MW,DK2,DK_2,forecast_onshore_wind_generation,Wind Onshore,2026-08-21T09:08:16Z
2026-08-21T08:53:57Z,2026-08-21T10:53:57+0200,5d6f4db6-a0f2-490a-bd97-b2641f9198d5,2026-08-02T20:45:00Z,2026-08-02T22:45:00+0200,22.0,MW,DK2,DK_2,forecast_onshore_wind_generation,Wind Onshore,2026-08-21T09:08:16Z
2026-08-21T08:53:57Z,2026-08-21T10:53:57+0200,5d6f4db6-a0f2-490a-bd97-b2641f9198d5,2026-08-02T21:00:00Z,2026-08-02T23:00:00+0200,23.666666,MW,DK2,DK_2,forecast_onshore_wind_generation,Wind Onshore,2026-08-21T09:08:16Z
2026-08-21T08:53:57Z,2026-08-21T10:53:57+0200,5d6f4db6-a0f2-490a-bd97-b2641f9198d5,2026-08-02T21:15:00Z,2026-08-02T23:15:00+0200,26.0,MW,DK2,DK_2,forecast_onshore_wind_generation,Wind Onshore,2026-08-21T09:08:16Z
2026-08-21T08:53:57Z,2026-08-21T10:53:57+0200,5d6f4db6-a0f2-490a-bd97-b2641f9198d5,2026-08-02T21:30:00Z,2026-08-02T23:30:00+0200,28.5,MW,DK2,DK_2,forecast_onshore_wind_generation,Wind Onshore,2026-08-21T09:08:16Z
2026-08-21T08:53:57Z,2026-08-21T10:53:57+0200,5d6f4db6-a0f2-490a-bd97-b2641f9198d5,2026-08-02T21:45:00Z,2026-08-02T23:45:00+0200,30.833333,MW,DK2,DK_2,forecast_onshore_wind_generation,Wind Onshore,2026-08-21T09:08:16Z
2026-08-21T08:53:57Z,2026-08-21T10:53:57+0200,5d6f4db6-a0f2-490a-bd97-b2641f9198d5,2026-08-02T22:00:00Z,2026-08-03T00:00:00+0200,16.0,MW,DK2,DK_2,forecast_onshore_wind_generation,Wind Onshore,2026-08-21T09:08:16Z
2026-08-21T08:53:57Z,2026-08-21T10:53:57+0200,5d6f4db6-a0f2-490a-bd97-b2641f9198d5,2026-08-02T22:15:00Z,2026-08-03T00:15:00+0200,16.0,MW,DK2,DK_2,forecast_onshore_wind_generation,Wind Onshore,2026-08-21T09:08:16Z
2026-08-21T08:53:57Z,2026-08-21T10:53:57+0200,5d6f4db6-a0f2-490a-bd97-b2641f9198d5,2026-08-02T22:30:00Z,2026-08-03T00:30:00+0200,16.0,MW,DK2,DK_2,forecast_onshore_wind_generation,Wind Onshore,2026-08-21T09:08:16Z
2026-08-21T08:53:57Z,2026-08-21T10:53:57+0200,5d6f4db6-a0f2-490a-bd97-b2641f9198d5,2026-08-02T22:45:00Z,2026-08-03T00:45:00+0200,16.166666,MW,DK2,DK_2,forecast_onshore_wind_generation,Wind Onshore,2026-08-21T09:08:16Z
2026-08-21T08:53:57Z,2026-08-21T10:53:57+0200,5d6f4db6-a0f2-490a-bd97-b2641f9198d5,2026-08-02T23:00:00Z,2026-08-03T01:00:00+0200,17.0,MW,DK2,DK_2,forecast_onshore_wind_generation,Wind Onshore,2026-08-21T09:08:16Z
2026-08-21T08:53:57Z,2026-08-21T10:53:57+0200,5d6f4db6-a0f2-490a-bd97-b2641f9198d5,2026-08-02T23:15:00Z,2026-08-03T01:15:00+0200,17.5,MW,DK2,DK_2,forecast_onshore_wind_generation,Wind Onshore,2026-08-21T09:08:16Z
2026-08-21T08:53:57Z,2026-08-21T10:53:57+0200,5d6f4db6-a0f2-490a-bd97-b2641f9198d5,2026-08-02T23:30:00Z,2026-08-03T01:30:00+0200,18.166666,MW,DK2,DK_2,forecast_onshore_wind_generation,Wind Onshore,2026-08-21T09:08:16Z
2026-08-21T08:53:57Z,2026-08-21T10:53:57+0200,5d6f4db6-a0f2-490a-bd97-b2641f9198d5,2026-08-02T23:45:00Z,2026-08-03T01:45:00+0200,19.0,MW,DK2,DK_2,forecast_onshore_wind_generation,Wind Onshore,2026-08-21T09:08:16Z
2026-08-21T08:53:57Z,2026-08-21T10:53:57+0200,5d6f4db6-a0f2-490a-bd97-b2641f9198d5,2026-08-03T00:00:00Z,2026-08-03T02:00:00+0200,18.5,MW,DK2,DK_2,forecast_onshore_wind_generation,Wind Onshore,2026-08-21T09:08:16Z
2026-08-21T08:53:57Z,2026-08-21T10:53:57+0200,5d6f4db6-a0f2-490a-bd97-b2641f9198d5,2026-08-03T00:15:00Z,2026-08-03T02:15:00+0200,17.833333,MW,DK2,DK_2,forecast_onshore_wind_generation,Wind Onshore,2026-08-21T09:08:16Z
2026-08-21T08:53:57Z,2026-08-21T10:53:57+0200,5d6f4db6-a0f2-490a-bd97-b2641f9198d5,2026-08-03T00:30:00Z,2026-08-03T02:30:00+0200,17.0,MW,DK2,DK_2,forecast_onshore_wind_generation,Wind Onshore,2026-08-21T09:08:16Z
2026-08-21T08:53:57Z,2026-08-21T10:53:57+0200,5d6f4db6-a0f2-490a-bd97-b2641f9198d5,2026-08-03T00:45:00Z,2026-08-03T02:45:00+0200,17.0,MW,DK2,DK_2,forecast_onshore_wind_generation,Wind Onshore,2026-08-21T09:08:16Z
2026-08-21T08:53:57Z,2026-08-21T10:53:57+0200,5d6f4db6-a0f2-490a-bd97-b2641f9198d5,2026-08-03T01:00:00Z,2026-08-03T03:00:00+0200,17.0,MW,DK2,DK_2,forecast_onshore_wind_generation,Wind Onshore,2026-08-21T09:08:16Z
2026-08-21T08:53:57Z,2026-08-21T10:53:57+0200,5d6f4db6-a0f2-490a-bd97-b2641f9198d5,2026-08-03T01:15:00Z,2026-08-03T03:15:00+0200,17.166666,MW,DK2,DK_2,forecast_onshore_wind_generation,Wind Onshore,2026-08-21T09:08:16Z
2026-08-21T08:53:57Z,2026-08-21T10:53:57+0200,5d6f4db6-a0f2-490a-bd97-b2641f9198d5,2026-08-03T01:30:00Z,2026-08-03T03:30:00+0200,18.0,MW,DK2,DK_2,forecast_onshore_wind_generation,Wind Onshore,2026-08-21T09:08:16Z
2026-08-21T08:53:57Z,2026-08-21T10:53:57+0200,5d6f4db6-a0f2-490a-bd97-b2641f9198d5,2026-08-03T01:45:00Z,2026-08-03T03:45:00+0200,18.0,MW,DK2,DK_2,forecast_onshore_wind_generation,Wind Onshore,2026-08-21T09:08:16Z
2026-08-21T08:53:57Z,2026-08-21T10:53:57+0200,5d6f4db6-a0f2-490a-bd97-b2641f9198d5,2026-08-03T02:00:00Z,2026-08-03T04:00:00+0200,18.0,MW,DK2,DK_2,forecast_onshore_wind_generation,Wind Onshore,2026-08-21T09:08:16Z
2026-08-21T08:53:57Z,2026-08-21T10:53:57+0200,5d6f4db6-a0f2-490a-bd97-b2641f9198d5,2026-08-03T02:15:00Z,2026-08-03T04:15:00+0200,18.166666,MW,DK2,DK_2,forecast_onshore_wind_generation,Wind Onshore,2026-08-21T09:08:16Z
2026-08-21T08:53:57Z,2026-08-21T10:53:57+0200,5d6f4db6-a0f2-490a-bd97-b2641f9198d5,2026-08-03T02:30:00Z,2026-08-03T04:30:00+0200,19.0,MW,DK2,DK_2,forecast_onshore_wind_generation,Wind Onshore,2026-08-21T09:08:16Z
2026-08-21T08:53:57Z,2026-08-21T10:53:57+0200,5d6f4db6-a0f2-490a-bd97-b2641f9198d5,2026-08-03T02:45:00Z,2026-08-03T04:45:00+0200,18.166666,MW,DK2,DK_2,forecast_onshore_wind_generation,Wind Onshore,2026-08-21T09:08:16Z
2026-08-21T08:53:57Z,2026-08-21T10:53:57+0200,5d6f4db6-a0f2-490a-bd97-b2641f9198d5,2026-08-03T03:00:00Z,2026-08-03T05:00:00+0200,18.0,MW,DK2,DK_2,forecast_onshore_wind_generation,Wind Onshore,2026-08-21T09:08:16Z
2026-08-21T08:53:57Z,2026-08-21T10:53:57+0200,5d6f4db6-a0f2-490a-bd97-b2641f9198d5,2026-08-03T03:15:00Z,2026-08-03T05:15:00+0200,18.0,MW,DK2,DK_2,forecast_onshore_wind_generation,Wind Onshore,2026-08-21T09:08:16Z
2026-08-21T08:53:57Z,2026-08-21T10:53:57+0200,5d6f4db6-a0f2-490a-bd97-b2641f9198d5,2026-08-03T03:30:00Z,2026-08-03T05:30:00+0200,18.0,MW,DK2,DK_2,forecast_onshore_wind_generation,Wind Onshore,2026-08-21T09:08:16Z
2026-08-21T08:53:57Z,2026-08-21T10:53:57+0200,5d6f4db6-a0f2-490a-bd97-b2641f9198d5,2026-08-03T03:45:00Z,2026-08-03T05:45:00+0200,18.0,MW,DK2,DK_2,forecast_onshore_wind_generation,Wind Onshore,2026-08-21T09:08:16Z
2026-08-21T08:53:57Z,2026-08-21T10:53:57+0200,5d6f4db6-a0f2-490a-bd97-b2641f9198d5,2026-08-03T04:00:00Z,2026-08-03T06:00:00+0200,18.0,MW,DK2,DK_2,forecast_onshore_wind_generation,Wind Onshore,2026-08-21T09:08:16Z
2026-08-21T08:53:57Z,2026-08-21T10:53:57+0200,5d6f4db6-a0f2-490a-bd97-b2641f9198d5,2026-08-03T04:15:00Z,2026-08-03T06:15:00+0200,18.0,MW,DK2,DK_2,forecast_onshore_wind_generation,Wind Onshore,2026-08-21T09:08:16Z
2026-08-21T08:53:57Z,2026-08-21T10:53:57+0200,5d6f4db6-a0f2-490a-bd97-b2641f9198d5,2026-08-03T04:30:00Z,2026-08-03T06:30:00+0200,17.5,MW,DK2,DK_2,forecast_onshore_wind_generation,Wind Onshore,2026-08-21T09:08:16Z
2026-08-21T08:53:57Z,2026-08-21T10:53:57+0200,5d6f4db6-a0f2-490a-bd97-b2641f9198d5,2026-08-03T04:45:00Z,2026-08-03T06:45:00+0200,17.0,MW,DK2,DK_2,forecast_onshore_wind_generation,Wind Onshore,2026-08-21T09:08:16Z
2026-08-21T08:53:57Z,2026-08-21T10:53:57+0200,5d6f4db6-a0f2-490a-bd97-b2641f9198d5,2026-08-03T05:00:00Z,2026-08-03T07:00:00+0200,17.0,MW,DK2,DK_2,forecast_onshore_wind_generation,Wind Onshore,2026-08-21T09:08:16Z
2026-08-21T08:53:57Z,2026-08-21T10:53:57+0200,5d6f4db6-a0f2-490a-bd97-b2641f9198d5,2026-08-03T05:15:00Z,2026-08-03T07:15:00+0200,17.0,MW,DK2,DK_2,forecast_onshore_wind_generation,Wind Onshore,2026-08-21T09:08:16Z
2026-08-21T08:53:57Z,2026-08-21T10:53:57+0200,5d6f4db6-a0f2-490a-bd97-b2641f9198d5,2026-08-03T05:30:00Z,2026-08-03T07:30:00+0200,16.5,MW,DK2,DK_2,forecast_onshore_wind_generation,Wind Onshore,2026-08-21T09:08:16Z
2026-08-21T08:53:57Z,2026-08-21T10:53:57+0200,5d6f4db6-a0f2-490a-bd97-b2641f9198d5,2026-08-03T05:45:00Z,2026-08-03T07:45:00+0200,16.0,MW,DK2,DK_2,forecast_onshore_wind_generation,Wind Onshore,2026-08-21T09:08:16Z
2026-08-21T08:53:57Z,2026-08-21T10:53:57+0200,5d6f4db6-a0f2-490a-bd97-b2641f9198d5,2026-08-03T06:00:00Z,2026-08-03T08:00:00+0200,15.166666,MW,DK2,DK_2,forecast_onshore_wind_generation,Wind Onshore,2026-08-21T09:08:16Z
2026-08-21T08:53:57Z,2026-08-21T10:53:57+0200,5d6f4db6-a0f2-490a-bd97-b2641f9198d5,2026-08-03T06:15:00Z,2026-08-03T08:15:00+0200,14.5,MW,DK2,DK_2,forecast_onshore_wind_generation,Wind Onshore,2026-08-21T09:08:16Z
2026-08-21T08:53:57Z,2026-08-21T10:53:57+0200,5d6f4db6-a0f2-490a-bd97-b2641f9198d5,2026-08-03T06:30:00Z,2026-08-03T08:30:00+0200,14.0,MW,DK2,DK_2,forecast_onshore_wind_generation,Wind Onshore,2026-08-21T09:08:16Z
2026-08-21T08:53:57Z,2026-08-21T10:53:57+0200,5d6f4db6-a0f2-490a-bd97-b2641f9198d5,2026-08-03T06:45:00Z,2026-08-03T08:45:00+0200,14.0,MW,DK2,DK_2,forecast_onshore_wind_generation,Wind Onshore,2026-08-21T09:08:16Z
2026-08-21T08:53:57Z,2026-08-21T10:53:57+0200,5d6f4db6-a0f2-490a-bd97-b2641f9198d5,2026-08-03T07:00:00Z,2026-08-03T09:00:00+0200,14.833333,MW,DK2,DK_2,forecast_onshore_wind_generation,Wind Onshore,2026-08-21T09:08:16Z
2026-08-21T08:53:57Z,2026-08-21T10:53:57+0200,5d6f4db6-a0f2-490a-bd97-b2641f9198d5,2026-08-03T07:15:00Z,2026-08-03T09:15:00+0200,15.0,MW,DK2,DK_2,forecast_onshore_wind_generation,Wind Onshore,2026-08-21T09:08:16Z
2026-08-21T08:53:57Z,2026-08-21T10:53:57+0200,5d6f4db6-a0f2-490a-bd97-b2641f9198d5,2026-08-03T07:30:00Z,2026-08-03T09:30:00+0200,15.166666,MW,DK2,DK_2,forecast_onshore_wind_generation,Wind Onshore,2026-08-21T09:08:16Z
2026-08-21T08:53:57Z,2026-08-21T10:53:57+0200,5d6f4db6-a0f2-490a-bd97-b2641f9198d5,2026-08-03T07:45:00Z,2026-08-03T09:45:00+0200,16.0,MW,DK2,DK_2,forecast_onshore_wind_generation,Wind Onshore,2026-08-21T09:08:16Z
2026-08-21T08:53:57Z,2026-08-21T10:53:57+0200,5d6f4db6-a0f2-490a-bd97-b2641f9198d5,2026-08-03T08:00:00Z,2026-08-03T10:00:00+0200,16.166666,MW,DK2,DK_2,forecast_onshore_wind_generation,Wind Onshore,2026-08-21T09:08:16Z
2026-08-21T08:53:57Z,2026-08-21T10:53:57+0200,5d6f4db6-a0f2-490a-bd97-b2641f9198d5,2026-08-03T08:15:00Z,2026-08-03T10:15:00+0200,17.0,MW,DK2,DK_2,forecast_onshore_wind_generation,Wind Onshore,2026-08-21T09:08:16Z
2026-08-21T08:53:57Z,2026-08-21T10:53:57+0200,5d6f4db6-a0f2-490a-bd97-b2641f9198d5,2026-08-03T08:30:00Z,2026-08-03T10:30:00+0200,17.0,MW,DK2,DK_2,forecast_onshore_wind_generation,Wind Onshore,2026-08-21T09:08:16Z
2026-08-21T08:53:57Z,2026-08-21T10:53:57+0200,5d6f4db6-a0f2-490a-bd97-b2641f9198d5,2026-08-03T08:45:00Z,2026-08-03T10:45:00+0200,17.0,MW,DK2,DK_2,forecast_onshore_wind_generation,Wind Onshore,2026-08-21T09:08:16Z
2026-08-21T08:53:57Z,2026-08-21T10:53:57+0200,5d6f4db6-a0f2-490a-bd97-b2641f9198d5,2026-08-03T09:00:00Z,2026-08-03T11:00:00+0200,17.833333,MW,DK2,DK_2,forecast_onshore_wind_generation,Wind Onshore,2026-08-21T09:08:16Z
2026-08-21T08:53:57Z,2026-08-21T10:53:57+0200,5d6f4db6-a0f2-490a-bd97-b2641f9198d5,2026-08-03T09:15:00Z,2026-08-03T11:15:00+0200,18.0,MW,DK2,DK_2,forecast_onshore_wind_generation,Wind Onshore,2026-08-21T09:08:16Z
2026-08-21T08:53:57Z,2026-08-21T10:53:57+0200,5d6f4db6-a0f2-490a-bd97-b2641f9198d5,2026-08-03T09:30:00Z,2026-08-03T11:30:00+0200,18.0,MW,DK2,DK_2,forecast_onshore_wind_generation,Wind Onshore,2026-08-21T09:08:16Z
2026-08-21T08:53:57Z,2026-08-21T10:53:57+0200,5d6f4db6-a0f2-490a-bd97-b2641f9198d5,2026-08-03T09:45:00Z,2026-08-03T11:45:00+0200,17.833333,MW,DK2,DK_2,forecast_onshore_wind_generation,Wind Onshore,2026-08-21T09:08:16Z
2026-08-21T08:53:57Z,2026-08-21T10:53:57+0200,5d6f4db6-a0f2-490a-bd97-b2641f9198d5,2026-08-03T10:00:00Z,2026-08-03T12:00:00+0200,17.5,MW,DK2,DK_2,forecast_onshore_wind_generation,Wind Onshore,2026-08-21T09:08:16Z
2026-08-21T08:53:57Z,2026-08-21T10:53:57+0200,5d6f4db6-a0f2-490a-bd97-b2641f9198d5,2026-08-03T10:15:00Z,2026-08-03T12:15:00+0200,19.0,MW,DK2,DK_2,forecast_onshore_wind_generation,Wind Onshore,2026-08-21T09:08:16Z
2026-08-21T08:53:57Z,2026-08-21T10:53:57+0200,5d6f4db6-a0f2-490a-bd97-b2641f9198d5,2026-08-03T10:30:00Z,2026-08-03T12:30:00+0200,20.666666,MW,DK2,DK_2,forecast_onshore_wind_generation,Wind Onshore,2026-08-21T09:08:16Z
2026-08-21T08:53:57Z,2026-08-21T10:53:57+0200,5d6f4db6-a0f2-490a-bd97-b2641f9198d5,2026-08-03T10:45:00Z,2026-08-03T12:45:00+0200,23.5,MW,DK2,DK_2,forecast_onshore_wind_generation,Wind Onshore,2026-08-21T09:08:16Z
2026-08-21T08:53:57Z,2026-08-21T10:53:57+0200,5d6f4db6-a0f2-490a-bd97-b2641f9198d5,2026-08-03T11:00:00Z,2026-08-03T13:00:00+0200,26.5,MW,DK2,DK_2,forecast_onshore_wind_generation,Wind Onshore,2026-08-21T09:08:16Z
2026-08-21T08:53:57Z,2026-08-21T10:53:57+0200,5d6f4db6-a0f2-490a-bd97-b2641f9198d5,2026-08-03T11:15:00Z,2026-08-03T13:15:00+0200,29.333333,MW,DK2,DK_2,forecast_onshore_wind_generation,Wind Onshore,2026-08-21T09:08:16Z
2026-08-21T08:53:57Z,2026-08-21T10:53:57+0200,5d6f4db6-a0f2-490a-bd97-b2641f9198d5,2026-08-03T11:30:00Z,2026-08-03T13:30:00+0200,31.5,MW,DK2,DK_2,forecast_onshore_wind_generation,Wind Onshore,2026-08-21T09:08:16Z
2026-08-21T08:53:57Z,2026-08-21T10:53:57+0200,5d6f4db6-a0f2-490a-bd97-b2641f9198d5,2026-08-03T11:45:00Z,2026-08-03T13:45:00+0200,34.5,MW,DK2,DK_2,forecast_onshore_wind_generation,Wind Onshore,2026-08-21T09:08:16Z
2026-08-21T08:53:57Z,2026-08-21T10:53:57+0200,5d6f4db6-a0f2-490a-bd97-b2641f9198d5,2026-08-03T12:00:00Z,2026-08-03T14:00:00+0200,37.5,MW,DK2,DK_2,forecast_onshore_wind_generation,Wind Onshore,2026-08-21T09:08:16Z
2026-08-21T08:53:57Z,2026-08-21T10:53:57+0200,5d6f4db6-a0f2-490a-bd97-b2641f9198d5,2026-08-03T12:15:00Z,2026-08-03T14:15:00+0200,40.333333,MW,DK2,DK_2,forecast_onshore_wind_generation,Wind Onshore,2026-08-21T09:08:16Z
2026-08-21T08:53:57Z,2026-08-21T10:53:57+0200,5d6f4db6-a0f2-490a-bd97-b2641f9198d5,2026-08-03T12:30:00Z,2026-08-03T14:30:00+0200,41.833333,MW,DK2,DK_2,forecast_onshore_wind_generation,Wind Onshore,2026-08-21T09:08:16Z
2026-08-21T08:53:57Z,2026-08-21T10:53:57+0200,5d6f4db6-a0f2-490a-bd97-b2641f9198d5,2026-08-03T12:45:00Z,2026-08-03T14:45:00+0200,43.0,MW,DK2,DK_2,forecast_onshore_wind_generation,Wind Onshore,2026-08-21T09:08:16Z
2026-08-21T08:53:57Z,2026-08-21T10:53:57+0200,5d6f4db6-a0f2-490a-bd97-b2641f9198d5,2026-08-03T13:00:00Z,2026-08-03T15:00:00+0200,45.0,MW,DK2,DK_2,forecast_onshore_wind_generation,Wind Onshore,2026-08-21T09:08:16Z
2026-08-21T08:53:57Z,2026-08-21T10:53:57+0200,5d6f4db6-a0f2-490a-bd97-b2641f9198d5,2026-08-03T13:15:00Z,2026-08-03T15:15:00+0200,46.5,MW,DK2,DK_2,forecast_onshore_wind_generation,Wind Onshore,2026-08-21T09:08:16Z
2026-08-21T08:53:57Z,2026-08-21T10:53:57+0200,5d6f4db6-a0f2-490a-bd97-b2641f9198d5,2026-08-03T13:30:00Z,2026-08-03T15:30:00+0200,47.666666,MW,DK2,DK_2,forecast_onshore_wind_generation,Wind Onshore,2026-08-21T09:08:16Z
2026-08-21T08:53:57Z,2026-08-21T10:53:57+0200,5d6f4db6-a0f2-490a-bd97-b2641f9198d5,2026-08-03T13:45:00Z,2026-08-03T15:45:00+0200,49.5,MW,DK2,DK_2,forecast_onshore_wind_generation,Wind Onshore,2026-08-21T09:08:16Z
2026-08-21T08:53:57Z,2026-08-21T10:53:57+0200,5d6f4db6-a0f2-490a-bd97-b2641f9198d5,2026-08-03T14:00:00Z,2026-08-03T16:00:00+0200,51.0,MW,DK2,DK_2,forecast_onshore_wind_generation,Wind Onshore,2026-08-21T09:08:16Z
2026-08-21T08:53:57Z,2026-08-21T10:53:57+0200,5d6f4db6-a0f2-490a-bd97-b2641f9198d5,2026-08-03T14:15:00Z,2026-08-03T16:15:00+0200,54.5,MW,DK2,DK_2,forecast_onshore_wind_generation,Wind Onshore,2026-08-21T09:08:16Z
2026-08-21T08:53:57Z,2026-08-21T10:53:57+0200,5d6f4db6-a0f2-490a-bd97-b2641f9198d5,2026-08-03T14:30:00Z,2026-08-03T16:30:00+0200,59.333333,MW,DK2,DK_2,forecast_onshore_wind_generation,Wind Onshore,2026-08-21T09:08:16Z
2026-08-21T08:53:57Z,2026-08-21T10:53:57+0200,5d6f4db6-a0f2-490a-bd97-b2641f9198d5,2026-08-03T14:45:00Z,2026-08-03T16:45:00+0200,62.333333,MW,DK2,DK_2,forecast_onshore_wind_generation,Wind Onshore,2026-08-21T09:08:16Z
2026-08-21T08:53:57Z,2026-08-21T10:53:57+0200,5d6f4db6-a0f2-490a-bd97-b2641f9198d5,2026-08-03T15:00:00Z,2026-08-03T17:00:00+0200,64.0,MW,DK2,DK_2,forecast_onshore_wind_generation,Wind Onshore,2026-08-21T09:08:16Z
2026-08-21T08:53:57Z,2026-08-21T10:53:57+0200,5d6f4db6-a0f2-490a-bd97-b2641f9198d5,2026-08-03T15:15:00Z,2026-08-03T17:15:00+0200,65.666666,MW,DK2,DK_2,forecast_onshore_wind_generation,Wind Onshore,2026-08-21T09:08:16Z
2026-08-21T08:53:57Z,2026-08-21T10:53:57+0200,5d6f4db6-a0f2-490a-bd97-b2641f9198d5,2026-08-03T15:30:00Z,2026-08-03T17:30:00+0200,68.5,MW,DK2,DK_2,forecast_onshore_wind_generation,Wind Onshore,2026-08-21T09:08:16Z
2026-08-21T08:53:57Z,2026-08-21T10:53:57+0200,5d6f4db6-a0f2-490a-bd97-b2641f9198d5,2026-08-03T15:45:00Z,2026-08-03T17:45:00+0200,72.5,MW,DK2,DK_2,forecast_onshore_wind_generation,Wind Onshore,2026-08-21T09:08:16Z
2026-08-21T08:53:57Z,2026-08-21T10:53:57+0200,5d6f4db6-a0f2-490a-bd97-b2641f9198d5,2026-08-03T16:00:00Z,2026-08-03T18:00:00+0200,77.166666,MW,DK2,DK_2,forecast_onshore_wind_generation,Wind Onshore,2026-08-21T09:08:16Z
2026-08-21T08:53:57Z,2026-08-21T10:53:57+0200,5d6f4db6-a0f2-490a-bd97-b2641f9198d5,2026-08-03T16:15:00Z,2026-08-03T18:15:00+0200,81.5,MW,DK2,DK_2,forecast_onshore_wind_generation,Wind Onshore,2026-08-21T09:08:16Z
2026-08-21T08:53:57Z,2026-08-21T10:53:57+0200,5d6f4db6-a0f2-490a-bd97-b2641f9198d5,2026-08-03T16:30:00Z,2026-08-03T18:30:00+0200,85.333333,MW,DK2,DK_2,forecast_onshore_wind_generation,Wind Onshore,2026-08-21T09:08:16Z
2026-08-21T08:53:57Z,2026-08-21T10:53:57+0200,5d6f4db6-a0f2-490a-bd97-b2641f9198d5,2026-08-03T16:45:00Z,2026-08-03T18:45:00+0200,88.333333,MW,DK2,DK_2,forecast_onshore_wind_generation,Wind Onshore,2026-08-21T09:08:16Z
2026-08-21T08:53:57Z,2026-08-21T10:53:57+0200,5d6f4db6-a0f2-490a-bd97-b2641f9198d5,2026-08-03T17:00:00Z,2026-08-03T19:00:00+0200,90.0,MW,DK2,DK_2,forecast_onshore_wind_generation,Wind Onshore,2026-08-21T09:08:16Z
2026-08-21T08:53:57Z,2026-08-21T10:53:57+0200,5d6f4db6-a0f2-490a-bd97-b2641f9198d5,2026-08-03T17:15:00Z,2026-08-03T19:15:00+0200,92.0,MW,DK2,DK_2,forecast_onshore_wind_generation,Wind Onshore,2026-08-21T09:08:16Z
2026-08-21T08:53:57Z,2026-08-21T10:53:57+0200,5d6f4db6-a0f2-490a-bd97-b2641f9198d5,2026-08-03T17:30:00Z,2026-08-03T19:30:00+0200,94.333333,MW,DK2,DK_2,forecast_onshore_wind_generation,Wind Onshore,2026-08-21T09:08:16Z
2026-08-21T08:53:57Z,2026-08-21T10:53:57+0200,5d6f4db6-a0f2-490a-bd97-b2641f9198d5,2026-08-03T17:45:00Z,2026-08-03T19:45:00+0200,96.5,MW,DK2,DK_2,forecast_onshore_wind_generation,Wind Onshore,2026-08-21T09:08:16Z
2026-08-21T08:53:57Z,2026-08-21T10:53:57+0200,5d6f4db6-a0f2-490a-bd97-b2641f9198d5,2026-08-03T18:00:00Z,2026-08-03T20:00:00+0200,99.333333,MW,DK2,DK_2,forecast_onshore_wind_generation,Wind Onshore,2026-08-21T09:08:16Z
2026-08-21T08:53:57Z,2026-08-21T10:53:57+0200,5d6f4db6-a0f2-490a-bd97-b2641f9198d5,2026-08-03T18:15:00Z,2026-08-03T20:15:00+0200,99.333333,MW,DK2,DK_2,forecast_onshore_wind_generation,Wind Onshore,2026-08-21T09:08:16Z
2026-08-21T08:53:57Z,2026-08-21T10:53:57+0200,5d6f4db6-a0f2-490a-bd97-b2641f9198d5,2026-08-03T18:30:00Z,2026-08-03T20:30:00+0200,96.666666,MW,DK2,DK_2,forecast_onshore_wind_generation,Wind Onshore,2026-08-21T09:08:16Z
2026-08-21T08:53:57Z,2026-08-21T10:53:57+0200,5d6f4db6-a0f2-490a-bd97-b2641f9198d5,2026-08-03T18:45:00Z,2026-08-03T20:45:00+0200,97.0,MW,DK2,DK_2,forecast_onshore_wind_generation,Wind Onshore,2026-08-21T09:08:16Z
2026-08-21T08:53:57Z,2026-08-21T10:53:57+0200,5d6f4db6-a0f2-490a-bd97-b2641f9198d5,2026-08-03T19:00:00Z,2026-08-03T21:00:00+0200,99.0,MW,DK2,DK_2,forecast_onshore_wind_generation,Wind Onshore,2026-08-21T09:08:16Z
2026-08-21T08:53:57Z,2026-08-21T10:53:57+0200,5d6f4db6-a0f2-490a-bd97-b2641f9198d5,2026-08-03T19:15:00Z,2026-08-03T21:15:00+0200,100.666666,MW,DK2,DK_2,forecast_onshore_wind_generation,Wind Onshore,2026-08-21T09:08:16Z
2026-08-21T08:53:57Z,2026-08-21T10:53:57+0200,5d6f4db6-a0f2-490a-bd97-b2641f9198d5,2026-08-03T19:30:00Z,2026-08-03T21:30:00+0200,103.666666,MW,DK2,DK_2,forecast_onshore_wind_generation,Wind Onshore,2026-08-21T09:08:16Z
2026-08-21T08:53:57Z,2026-08-21T10:53:57+0200,5d6f4db6-a0f2-490a-bd97-b2641f9198d5,2026-08-03T19:45:00Z,2026-08-03T21:45:00+0200,108.166666,MW,DK2,DK_2,forecast_onshore_wind_generation,Wind Onshore,2026-08-21T09:08:16Z
2026-08-21T08:53:57Z,2026-08-21T10:53:57+0200,5d6f4db6-a0f2-490a-bd97-b2641f9198d5,2026-08-03T20:00:00Z,2026-08-03T22:00:00+0200,114.0,MW,DK2,DK_2,forecast_onshore_wind_generation,Wind Onshore,2026-08-21T09:08:16Z
2026-08-21T08:53:57Z,2026-08-21T10:53:57+0200,5d6f4db6-a0f2-490a-bd97-b2641f9198d5,2026-08-03T20:15:00Z,2026-08-03T22:15:00+0200,119.166666,MW,DK2,DK_2,forecast_onshore_wind_generation,Wind Onshore,2026-08-21T09:08:16Z
2026-08-21T08:53:57Z,2026-08-21T10:53:57+0200,5d6f4db6-a0f2-490a-bd97-b2641f9198d5,2026-08-03T20:30:00Z,2026-08-03T22:30:00+0200,123.666666,MW,DK2,DK_2,forecast_onshore_wind_generation,Wind Onshore,2026-08-21T09:08:16Z
2026-08-21T08:53:57Z,2026-08-21T10:53:57+0200,5d6f4db6-a0f2-490a-bd97-b2641f9198d5,2026-08-03T20:45:00Z,2026-08-03T22:45:00+0200,127.0,MW,DK2,DK_2,forecast_onshore_wind_generation,Wind Onshore,2026-08-21T09:08:16Z
2026-08-21T08:53:57Z,2026-08-21T10:53:57+0200,5d6f4db6-a0f2-490a-bd97-b2641f9198d5,2026-08-03T21:00:00Z,2026-08-03T23:00:00+0200,128.166666,MW,DK2,DK_2,forecast_onshore_wind_generation,Wind Onshore,2026-08-21T09:08:16Z
2026-08-21T08:53:57Z,2026-08-21T10:53:57+0200,5d6f4db6-a0f2-490a-bd97-b2641f9198d5,2026-08-03T21:15:00Z,2026-08-03T23:15:00+0200,129.0,MW,DK2,DK_2,forecast_onshore_wind_generation,Wind Onshore,2026-08-21T09:08:16Z
2026-08-21T08:53:57Z,2026-08-21T10:53:57+0200,5d6f4db6-a0f2-490a-bd97-b2641f9198d5,2026-08-03T21:30:00Z,2026-08-03T23:30:00+0200,129.5,MW,DK2,DK_2,forecast_onshore_wind_generation,Wind Onshore,2026-08-21T09:08:16Z
2026-08-21T08:53:57Z,2026-08-21T10:53:57+0200,5d6f4db6-a0f2-490a-bd97-b2641f9198d5,2026-08-03T21:45:00Z,2026-08-03T23:45:00+0200,130.5,MW,DK2,DK_2,forecast_onshore_wind_generation,Wind Onshore,2026-08-21T09:08:16Z
2026-08-21T08:53:57Z,2026-08-21T10:53:57+0200,5d6f4db6-a0f2-490a-bd97-b2641f9198d5,2026-08-03T22:00:00Z,2026-08-04T00:00:00+0200,126.0,MW,DK2,DK_2,forecast_onshore_wind_generation,Wind Onshore,2026-08-21T09:08:16Z
2026-08-21T08:53:57Z,2026-08-21T10:53:57+0200,5d6f4db6-a0f2-490a-bd97-b2641f9198d5,2026-08-03T22:15:00Z,2026-08-04T00:15:00+0200,128.5,MW,DK2,DK_2,forecast_onshore_wind_generation,Wind Onshore,2026-08-21T09:08:16Z
2026-08-21T08:53:57Z,2026-08-21T10:53:57+0200,5d6f4db6-a0f2-490a-bd97-b2641f9198d5,2026-08-03T22:30:00Z,2026-08-04T00:30:00+0200,132.333333,MW,DK2,DK_2,forecast_onshore_wind_generation,Wind Onshore,2026-08-21T09:08:16Z
2026-08-21T08:53:57Z,2026-08-21T10:53:57+0200,5d6f4db6-a0f2-490a-bd97-b2641f9198d5,2026-08-03T22:45:00Z,2026-08-04T00:45:00+0200,135.5,MW,DK2,DK_2,forecast_onshore_wind_generation,Wind Onshore,2026-08-21T09:08:16Z
2026-08-21T08:53:57Z,2026-08-21T10:53:57+0200,5d6f4db6-a0f2-490a-bd97-b2641f9198d5,2026-08-03T23:00:00Z,2026-08-04T01:00:00+0200,138.333333,MW,DK2,DK_2,forecast_onshore_wind_generation,Wind Onshore,2026-08-21T09:08:16Z
2026-08-21T08:53:57Z,2026-08-21T10:53:57+0200,5d6f4db6-a0f2-490a-bd97-b2641f9198d5,2026-08-03T23:15:00Z,2026-08-04T01:15:00+0200,140.333333,MW,DK2,DK_2,forecast_onshore_wind_generation,Wind Onshore,2026-08-21T09:08:16Z
2026-08-21T08:53:57Z,2026-08-21T10:53:57+0200,5d6f4db6-a0f2-490a-bd97-b2641f9198d5,2026-08-03T23:30:00Z,2026-08-04T01:30:00+0200,141.833333,MW,DK2,DK_2,forecast_onshore_wind_generation,Wind Onshore,2026-08-21T09:08:16Z
2026-08-21T08:53:57Z,2026-08-21T10:53:57+0200,5d6f4db6-a0f2-490a-bd97-b2641f9198d5,2026-08-03T23:45:00Z,2026-08-04T01:45:00+0200,142.833333,MW,DK2,DK_2,forecast_onshore_wind_generation,Wind Onshore,2026-08-21T09:08:16Z
2026-08-21T08:53:57Z,2026-08-21T10:53:57+0200,5d6f4db6-a0f2-490a-bd97-b2641f9198d5,2026-08-04T00:00:00Z,2026-08-04T02:00:00+0200,142.166666,MW,DK2,DK_2,forecast_onshore_wind_generation,Wind Onshore,2026-08-21T09:08:16Z
2026-08-21T08:53:57Z,2026-08-21T10:53:57+0200,5d6f4db6-a0f2-490a-bd97-b2641f9198d5,2026-08-04T00:15:00Z,2026-08-04T02:15:00+0200,137.0,MW,DK2,DK_2,forecast_onshore_wind_generation,Wind Onshore,2026-08-21T09:08:16Z
2026-08-21T08:53:57Z,2026-08-21T10:53:57+0200,5d6f4db6-a0f2-490a-bd97-b2641f9198d5,2026-08-04T00:30:00Z,2026-08-04T02:30:00+0200,132.0,MW,DK2,DK_2,forecast_onshore_wind_generation,Wind Onshore,2026-08-21T09:08:16Z
2026-08-21T08:53:57Z,2026-08-21T10:53:57+0200,5d6f4db6-a0f2-490a-bd97-b2641f9198d5,2026-08-04T00:45:00Z,2026-08-04T02:45:00+0200,128.666666,MW,DK2,DK_2,forecast_onshore_wind_generation,Wind Onshore,2026-08-21T09:08:16Z
2026-08-21T08:53:57Z,2026-08-21T10:53:57+0200,5d6f4db6-a0f2-490a-bd97-b2641f9198d5,2026-08-04T01:00:00Z,2026-08-04T03:00:00+0200,127.166666,MW,DK2,DK_2,forecast_onshore_wind_generation,Wind Onshore,2026-08-21T09:08:16Z
2026-08-21T08:53:57Z,2026-08-21T10:53:57+0200,5d6f4db6-a0f2-490a-bd97-b2641f9198d5,2026-08-04T01:15:00Z,2026-08-04T03:15:00+0200,127.0,MW,DK2,DK_2,forecast_onshore_wind_generation,Wind Onshore,2026-08-21T09:08:16Z
2026-08-21T08:53:57Z,2026-08-21T10:53:57+0200,5d6f4db6-a0f2-490a-bd97-b2641f9198d5,2026-08-04T01:30:00Z,2026-08-04T03:30:00+0200,128.0,MW,DK2,DK_2,forecast_onshore_wind_generation,Wind Onshore,2026-08-21T09:08:16Z
2026-08-21T08:53:57Z,2026-08-21T10:53:57+0200,5d6f4db6-a0f2-490a-bd97-b2641f9198d5,2026-08-04T01:45:00Z,2026-08-04T03:45:00+0200,128.833333,MW,DK2,DK_2,forecast_onshore_wind_generation,Wind Onshore,2026-08-21T09:08:16Z
2026-08-21T08:53:57Z,2026-08-21T10:53:57+0200,5d6f4db6-a0f2-490a-bd97-b2641f9198d5,2026-08-04T02:00:00Z,2026-08-04T04:00:00+0200,129.0,MW,DK2,DK_2,forecast_onshore_wind_generation,Wind Onshore,2026-08-21T09:08:16Z
2026-08-21T08:53:57Z,2026-08-21T10:53:57+0200,5d6f4db6-a0f2-490a-bd97-b2641f9198d5,2026-08-04T02:15:00Z,2026-08-04T04:15:00+0200,131.0,MW,DK2,DK_2,forecast_onshore_wind_generation,Wind Onshore,2026-08-21T09:08:16Z
2026-08-21T08:53:57Z,2026-08-21T10:53:57+0200,5d6f4db6-a0f2-490a-bd97-b2641f9198d5,2026-08-04T02:30:00Z,2026-08-04T04:30:00+0200,132.833333,MW,DK2,DK_2,forecast_onshore_wind_generation,Wind Onshore,2026-08-21T09:08:16Z
2026-08-21T08:53:57Z,2026-08-21T10:53:57+0200,5d6f4db6-a0f2-490a-bd97-b2641f9198d5,2026-08-04T02:45:00Z,2026-08-04T04:45:00+0200,133.166666,MW,DK2,DK_2,forecast_onshore_wind_generation,Wind Onshore,2026-08-21T09:08:16Z
2026-08-21T08:53:57Z,2026-08-21T10:53:57+0200,5d6f4db6-a0f2-490a-bd97-b2641f9198d5,2026-08-04T03:00:00Z,2026-08-04T05:00:00+0200,134.0,MW,DK2,DK_2,forecast_onshore_wind_generation,Wind Onshore,2026-08-21T09:08:16Z
2026-08-21T08:53:57Z,2026-08-21T10:53:57+0200,5d6f4db6-a0f2-490a-bd97-b2641f9198d5,2026-08-04T03:15:00Z,2026-08-04T05:15:00+0200,134.666666,MW,DK2,DK_2,forecast_onshore_wind_generation,Wind Onshore,2026-08-21T09:08:16Z
2026-08-21T08:53:57Z,2026-08-21T10:53:57+0200,5d6f4db6-a0f2-490a-bd97-b2641f9198d5,2026-08-04T03:30:00Z,2026-08-04T05:30:00+0200,137.333333,MW,DK2,DK_2,forecast_onshore_wind_generation,Wind Onshore,2026-08-21T09:08:16Z
2026-08-21T08:53:57Z,2026-08-21T10:53:57+0200,5d6f4db6-a0f2-490a-bd97-b2641f9198d5,2026-08-04T03:45:00Z,2026-08-04T05:45:00+0200,139.5,MW,DK2,DK_2,forecast_onshore_wind_generation,Wind Onshore,2026-08-21T09:08:16Z
2026-08-21T08:53:57Z,2026-08-21T10:53:57+0200,5d6f4db6-a0f2-490a-bd97-b2641f9198d5,2026-08-04T04:00:00Z,2026-08-04T06:00:00+0200,141.666666,MW,DK2,DK_2,forecast_onshore_wind_generation,Wind Onshore,2026-08-21T09:08:16Z
2026-08-21T08:53:57Z,2026-08-21T10:53:57+0200,5d6f4db6-a0f2-490a-bd97-b2641f9198d5,2026-08-04T04:15:00Z,2026-08-04T06:15:00+0200,143.333333,MW,DK2,DK_2,forecast_onshore_wind_generation,Wind Onshore,2026-08-21T09:08:16Z
2026-08-21T08:53:57Z,2026-08-21T10:53:57+0200,5d6f4db6-a0f2-490a-bd97-b2641f9198d5,2026-08-04T04:30:00Z,2026-08-04T06:30:00+0200,142.0,MW,DK2,DK_2,forecast_onshore_wind_generation,Wind Onshore,2026-08-21T09:08:16Z
2026-08-21T08:53:57Z,2026-08-21T10:53:57+0200,5d6f4db6-a0f2-490a-bd97-b2641f9198d5,2026-08-04T04:45:00Z,2026-08-04T06:45:00+0200,140.833333,MW,DK2,DK_2,forecast_onshore_wind_generation,Wind Onshore,2026-08-21T09:08:16Z
2026-08-21T08:53:57Z,2026-08-21T10:53:57+0200,5d6f4db6-a0f2-490a-bd97-b2641f9198d5,2026-08-04T05:00:00Z,2026-08-04T07:00:00+0200,138.5,MW,DK2,DK_2,forecast_onshore_wind_generation,Wind Onshore,2026-08-21T09:08:16Z
2026-08-21T08:53:57Z,2026-08-21T10:53:57+0200,5d6f4db6-a0f2-490a-bd97-b2641f9198d5,2026-08-04T05:15:00Z,2026-08-04T07:15:00+0200,135.5,MW,DK2,DK_2,forecast_onshore_wind_generation,Wind Onshore,2026-08-21T09:08:16Z
2026-08-21T08:53:57Z,2026-08-21T10:53:57+0200,5d6f4db6-a0f2-490a-bd97-b2641f9198d5,2026-08-04T05:30:00Z,2026-08-04T07:30:00+0200,132.5,MW,DK2,DK_2,forecast_onshore_wind_generation,Wind Onshore,2026-08-21T09:08:16Z
2026-08-21T08:53:57Z,2026-08-21T10:53:57+0200,5d6f4db6-a0f2-490a-bd97-b2641f9198d5,2026-08-04T05:45:00Z,2026-08-04T07:45:00+0200,130.333333,MW,DK2,DK_2,forecast_onshore_wind_generation,Wind Onshore,2026-08-21T09:08:16Z
2026-08-21T08:53:57Z,2026-08-21T10:53:57+0200,5d6f4db6-a0f2-490a-bd97-b2641f9198d5,2026-08-04T06:00:00Z,2026-08-04T08:00:00+0200,126.166666,MW,DK2,DK_2,forecast_onshore_wind_generation,Wind Onshore,2026-08-21T09:08:16Z
2026-08-21T08:53:57Z,2026-08-21T10:53:57+0200,5d6f4db6-a0f2-490a-bd97-b2641f9198d5,2026-08-04T06:15:00Z,2026-08-04T08:15:00+0200,121.5,MW,DK2,DK_2,forecast_onshore_wind_generation,Wind Onshore,2026-08-21T09:08:16Z
2026-08-21T08:53:57Z,2026-08-21T10:53:57+0200,5d6f4db6-a0f2-490a-bd97-b2641f9198d5,2026-08-04T06:30:00Z,2026-08-04T08:30:00+0200,118.666666,MW,DK2,DK_2,forecast_onshore_wind_generation,Wind Onshore,2026-08-21T09:08:16Z
2026-08-21T08:53:57Z,2026-08-21T10:53:57+0200,5d6f4db6-a0f2-490a-bd97-b2641f9198d5,2026-08-04T06:45:00Z,2026-08-04T08:45:00+0200,121.166666,MW,DK2,DK_2,forecast_onshore_wind_generation,Wind Onshore,2026-08-21T09:08:16Z
2026-08-21T08:53:57Z,2026-08-21T10:53:57+0200,5d6f4db6-a0f2-490a-bd97-b2641f9198d5,2026-08-04T07:00:00Z,2026-08-04T09:00:00+0200,127.5,MW,DK2,DK_2,forecast_onshore_wind_generation,Wind Onshore,2026-08-21T09:08:16Z
2026-08-21T08:53:57Z,2026-08-21T10:53:57+0200,5d6f4db6-a0f2-490a-bd97-b2641f9198d5,2026-08-04T07:15:00Z,2026-08-04T09:15:00+0200,132.0,MW,DK2,DK_2,forecast_onshore_wind_generation,Wind Onshore,2026-08-21T09:08:16Z
2026-08-21T08:53:57Z,2026-08-21T10:53:57+0200,5d6f4db6-a0f2-490a-bd97-b2641f9198d5,2026-08-04T07:30:00Z,2026-08-04T09:30:00+0200,134.666666,MW,DK2,DK_2,forecast_onshore_wind_generation,Wind Onshore,2026-08-21T09:08:16Z
2026-08-21T08:53:57Z,2026-08-21T10:53:57+0200,5d6f4db6-a0f2-490a-bd97-b2641f9198d5,2026-08-04T07:45:00Z,2026-08-04T09:45:00+0200,138.666666,MW,DK2,DK_2,forecast_onshore_wind_generation,Wind Onshore,2026-08-21T09:08:16Z
2026-08-21T08:53:57Z,2026-08-21T10:53:57+0200,5d6f4db6-a0f2-490a-bd97-b2641f9198d5,2026-08-04T08:00:00Z,2026-08-04T10:00:00+0200,143.166666,MW,DK2,DK_2,forecast_onshore_wind_generation,Wind Onshore,2026-08-21T09:08:16Z
2026-08-21T08:53:57Z,2026-08-21T10:53:57+0200,5d6f4db6-a0f2-490a-bd97-b2641f9198d5,2026-08-04T08:15:00Z,2026-08-04T10:15:00+0200,148.333333,MW,DK2,DK_2,forecast_onshore_wind_generation,Wind Onshore,2026-08-21T09:08:16Z
2026-08-21T08:53:57Z,2026-08-21T10:53:57+0200,5d6f4db6-a0f2-490a-bd97-b2641f9198d5,2026-08-04T08:30:00Z,2026-08-04T10:30:00+0200,152.333333,MW,DK2,DK_2,forecast_onshore_wind_generation,Wind Onshore,2026-08-21T09:08:16Z
2026-08-21T08:53:57Z,2026-08-21T10:53:57+0200,5d6f4db6-a0f2-490a-bd97-b2641f9198d5,2026-08-04T08:45:00Z,2026-08-04T10:45:00+0200,154.833333,MW,DK2,DK_2,forecast_onshore_wind_generation,Wind Onshore,2026-08-21T09:08:16Z
2026-08-21T08:53:57Z,2026-08-21T10:53:57+0200,5d6f4db6-a0f2-490a-bd97-b2641f9198d5,2026-08-04T09:00:00Z,2026-08-04T11:00:00+0200,155.166666,MW,DK2,DK_2,forecast_onshore_wind_generation,Wind Onshore,2026-08-21T09:08:16Z
2026-08-21T08:53:57Z,2026-08-21T10:53:57+0200,5d6f4db6-a0f2-490a-bd97-b2641f9198d5,2026-08-04T09:15:00Z,2026-08-04T11:15:00+0200,157.5,MW,DK2,DK_2,forecast_onshore_wind_generation,Wind Onshore,2026-08-21T09:08:16Z
2026-08-21T08:53:57Z,2026-08-21T10:53:57+0200,5d6f4db6-a0f2-490a-bd97-b2641f9198d5,2026-08-04T09:30:00Z,2026-08-04T11:30:00+0200,161.666666,MW,DK2,DK_2,forecast_onshore_wind_generation,Wind Onshore,2026-08-21T09:08:16Z
2026-08-21T08:53:57Z,2026-08-21T10:53:57+0200,5d6f4db6-a0f2-490a-bd97-b2641f9198d5,2026-08-04T09:45:00Z,2026-08-04T11:45:00+0200,172.5,MW,DK2,DK_2,forecast_onshore_wind_generation,Wind Onshore,2026-08-21T09:08:16Z
2026-08-21T08:53:57Z,2026-08-21T10:53:57+0200,5d6f4db6-a0f2-490a-bd97-b2641f9198d5,2026-08-04T10:00:00Z,2026-08-04T12:00:00+0200,187.333333,MW,DK2,DK_2,forecast_onshore_wind_generation,Wind Onshore,2026-08-21T09:08:16Z
2026-08-21T08:53:57Z,2026-08-21T10:53:57+0200,5d6f4db6-a0f2-490a-bd97-b2641f9198d5,2026-08-04T10:15:00Z,2026-08-04T12:15:00+0200,196.333333,MW,DK2,DK_2,forecast_onshore_wind_generation,Wind Onshore,2026-08-21T09:08:16Z
2026-08-21T08:53:57Z,2026-08-21T10:53:57+0200,5d6f4db6-a0f2-490a-bd97-b2641f9198d5,2026-08-04T10:30:00Z,2026-08-04T12:30:00+0200,203.0,MW,DK2,DK_2,forecast_onshore_wind_generation,Wind Onshore,2026-08-21T09:08:16Z
2026-08-21T08:53:57Z,2026-08-21T10:53:57+0200,5d6f4db6-a0f2-490a-bd97-b2641f9198d5,2026-08-04T10:45:00Z,2026-08-04T12:45:00+0200,204.0,MW,DK2,DK_2,forecast_onshore_wind_generation,Wind Onshore,2026-08-21T09:08:16Z
2026-08-21T08:53:57Z,2026-08-21T10:53:57+0200,5d6f4db6-a0f2-490a-bd97-b2641f9198d5,2026-08-04T11:00:00Z,2026-08-04T13:00:00+0200,206.0,MW,DK2,DK_2,forecast_onshore_wind_generation,Wind Onshore,2026-08-21T09:08:16Z
2026-08-21T08:53:57Z,2026-08-21T10:53:57+0200,5d6f4db6-a0f2-490a-bd97-b2641f9198d5,2026-08-04T11:15:00Z,2026-08-04T13:15:00+0200,211.333333,MW,DK2,DK_2,forecast_onshore_wind_generation,Wind Onshore,2026-08-21T09:08:16Z
2026-08-21T08:53:57Z,2026-08-21T10:53:57+0200,5d6f4db6-a0f2-490a-bd97-b2641f9198d5,2026-08-04T11:30:00Z,2026-08-04T13:30:00+0200,216.0,MW,DK2,DK_2,forecast_onshore_wind_generation,Wind Onshore,2026-08-21T09:08:16Z
2026-08-21T08:53:57Z,2026-08-21T10:53:57+0200,5d6f4db6-a0f2-490a-bd97-b2641f9198d5,2026-08-04T11:45:00Z,2026-08-04T13:45:00+0200,214.5,MW,DK2,DK_2,forecast_onshore_wind_generation,Wind Onshore,2026-08-21T09:08:16Z
2026-08-21T08:53:57Z,2026-08-21T10:53:57+0200,5d6f4db6-a0f2-490a-bd97-b2641f9198d5,2026-08-04T12:00:00Z,2026-08-04T14:00:00+0200,210.666666,MW,DK2,DK_2,forecast_onshore_wind_generation,Wind Onshore,2026-08-21T09:08:16Z
2026-08-21T08:53:57Z,2026-08-21T10:53:57+0200,5d6f4db6-a0f2-490a-bd97-b2641f9198d5,2026-08-04T12:15:00Z,2026-08-04T14:15:00+0200,208.666666,MW,DK2,DK_2,forecast_onshore_wind_generation,Wind Onshore,2026-08-21T09:08:16Z
2026-08-21T08:53:57Z,2026-08-21T10:53:57+0200,5d6f4db6-a0f2-490a-bd97-b2641f9198d5,2026-08-04T12:30:00Z,2026-08-04T14:30:00+0200,209.333333,MW,DK2,DK_2,forecast_onshore_wind_generation,Wind Onshore,2026-08-21T09:08:16Z
2026-08-21T08:53:57Z,2026-08-21T10:53:57+0200,5d6f4db6-a0f2-490a-bd97-b2641f9198d5,2026-08-04T12:45:00Z,2026-08-04T14:45:00+0200,208.166666,MW,DK2,DK_2,forecast_onshore_wind_generation,Wind Onshore,2026-08-21T09:08:16Z
2026-08-21T08:53:57Z,2026-08-21T10:53:57+0200,5d6f4db6-a0f2-490a-bd97-b2641f9198d5,2026-08-04T13:00:00Z,2026-08-04T15:00:00+0200,205.5,MW,DK2,DK_2,forecast_onshore_wind_generation,Wind Onshore,2026-08-21T09:08:16Z
2026-08-21T08:53:57Z,2026-08-21T10:53:57+0200,5d6f4db6-a0f2-490a-bd97-b2641f9198d5,2026-08-04T13:15:00Z,2026-08-04T15:15:00+0200,200.0,MW,DK2,DK_2,forecast_onshore_wind_generation,Wind Onshore,2026-08-21T09:08:16Z
2026-08-21T08:53:57Z,2026-08-21T10:53:57+0200,5d6f4db6-a0f2-490a-bd97-b2641f9198d5,2026-08-04T13:30:00Z,2026-08-04T15:30:00+0200,194.666666,MW,DK2,DK_2,forecast_onshore_wind_generation,Wind Onshore,2026-08-21T09:08:16Z
2026-08-21T08:53:57Z,2026-08-21T10:53:57+0200,5d6f4db6-a0f2-490a-bd97-b2641f9198d5,2026-08-04T13:45:00Z,2026-08-04T15:45:00+0200,193.666666,MW,DK2,DK_2,forecast_onshore_wind_generation,Wind Onshore,2026-08-21T09:08:16Z
2026-08-21T08:53:57Z,2026-08-21T10:53:57+0200,5d6f4db6-a0f2-490a-bd97-b2641f9198d5,2026-08-04T14:00:00Z,2026-08-04T16:00:00+0200,195.666666,MW,DK2,DK_2,forecast_onshore_wind_generation,Wind Onshore,2026-08-21T09:08:16Z
2026-08-21T08:53:57Z,2026-08-21T10:53:57+0200,5d6f4db6-a0f2-490a-bd97-b2641f9198d5,2026-08-04T14:15:00Z,2026-08-04T16:15:00+0200,196.5,MW,DK2,DK_2,forecast_onshore_wind_generation,Wind Onshore,2026-08-21T09:08:16Z
2026-08-21T08:53:57Z,2026-08-21T10:53:57+0200,5d6f4db6-a0f2-490a-bd97-b2641f9198d5,2026-08-04T14:30:00Z,2026-08-04T16:30:00+0200,195.166666,MW,DK2,DK_2,forecast_onshore_wind_generation,Wind Onshore,2026-08-21T09:08:16Z
2026-08-21T08:53:57Z,2026-08-21T10:53:57+0200,5d6f4db6-a0f2-490a-bd97-b2641f9198d5,2026-08-04T14:45:00Z,2026-08-04T16:45:00+0200,195.833333,MW,DK2,DK_2,forecast_onshore_wind_generation,Wind Onshore,2026-08-21T09:08:16Z
2026-08-21T08:53:57Z,2026-08-21T10:53:57+0200,5d6f4db6-a0f2-490a-bd97-b2641f9198d5,2026-08-04T15:00:00Z,2026-08-04T17:00:00+0200,198.0,MW,DK2,DK_2,forecast_onshore_wind_generation,Wind Onshore,2026-08-21T09:08:16Z
2026-08-21T08:53:57Z,2026-08-21T10:53:57+0200,5d6f4db6-a0f2-490a-bd97-b2641f9198d5,2026-08-04T15:15:00Z,2026-08-04T17:15:00+0200,197.833333,MW,DK2,DK_2,forecast_onshore_wind_generation,Wind Onshore,2026-08-21T09:08:16Z
2026-08-21T08:53:57Z,2026-08-21T10:53:57+0200,5d6f4db6-a0f2-490a-bd97-b2641f9198d5,2026-08-04T15:30:00Z,2026-08-04T17:30:00+0200,197.5,MW,DK2,DK_2,forecast_onshore_wind_generation,Wind Onshore,2026-08-21T09:08:16Z
2026-08-21T08:53:57Z,2026-08-21T10:53:57+0200,5d6f4db6-a0f2-490a-bd97-b2641f9198d5,2026-08-04T15:45:00Z,2026-08-04T17:45:00+0200,197.0,MW,DK2,DK_2,forecast_onshore_wind_generation,Wind Onshore,2026-08-21T09:08:16Z
2026-08-21T08:53:57Z,2026-08-21T10:53:57+0200,5d6f4db6-a0f2-490a-bd97-b2641f9198d5,2026-08-04T16:00:00Z,2026-08-04T18:00:00+0200,193.5,MW,DK2,DK_2,forecast_onshore_wind_generation,Wind Onshore,2026-08-21T09:08:16Z
2026-08-21T08:53:57Z,2026-08-21T10:53:57+0200,5d6f4db6-a0f2-490a-bd97-b2641f9198d5,2026-08-04T16:15:00Z,2026-08-04T18:15:00+0200,189.5,MW,DK2,DK_2,forecast_onshore_wind_generation,Wind Onshore,2026-08-21T09:08:16Z
2026-08-21T08:53:57Z,2026-08-21T10:53:57+0200,5d6f4db6-a0f2-490a-bd97-b2641f9198d5,2026-08-04T16:30:00Z,2026-08-04T18:30:00+0200,186.5,MW,DK2,DK_2,forecast_onshore_wind_generation,Wind Onshore,2026-08-21T09:08:16Z
2026-08-21T08:53:57Z,2026-08-21T10:53:57+0200,5d6f4db6-a0f2-490a-bd97-b2641f9198d5,2026-08-04T16:45:00Z,2026-08-04T18:45:00+0200,182.0,MW,DK2,DK_2,forecast_onshore_wind_generation,Wind Onshore,2026-08-21T09:08:16Z
2026-08-21T08:53:57Z,2026-08-21T10:53:57+0200,5d6f4db6-a0f2-490a-bd97-b2641f9198d5,2026-08-04T17:00:00Z,2026-08-04T19:00:00+0200,176.0,MW,DK2,DK_2,forecast_onshore_wind_generation,Wind Onshore,2026-08-21T09:08:16Z
2026-08-21T08:53:57Z,2026-08-21T10:53:57+0200,5d6f4db6-a0f2-490a-bd97-b2641f9198d5,2026-08-04T17:15:00Z,2026-08-04T19:15:00+0200,171.666666,MW,DK2,DK_2,forecast_onshore_wind_generation,Wind Onshore,2026-08-21T09:08:16Z
2026-08-21T08:53:57Z,2026-08-21T10:53:57+0200,5d6f4db6-a0f2-490a-bd97-b2641f9198d5,2026-08-04T17:30:00Z,2026-08-04T19:30:00+0200,168.833333,MW,DK2,DK_2,forecast_onshore_wind_generation,Wind Onshore,2026-08-21T09:08:16Z
2026-08-21T08:53:57Z,2026-08-21T10:53:57+0200,5d6f4db6-a0f2-490a-bd97-b2641f9198d5,2026-08-04T17:45:00Z,2026-08-04T19:45:00+0200,162.5,MW,DK2,DK_2,forecast_onshore_wind_generation,Wind Onshore,2026-08-21T09:08:16Z
2026-08-21T08:53:57Z,2026-08-21T10:53:57+0200,5d6f4db6-a0f2-490a-bd97-b2641f9198d5,2026-08-04T18:00:00Z,2026-08-04T20:00:00+0200,157.0,MW,DK2,DK_2,forecast_onshore_wind_generation,Wind Onshore,2026-08-21T09:08:16Z
2026-08-21T08:53:57Z,2026-08-21T10:53:57+0200,5d6f4db6-a0f2-490a-bd97-b2641f9198d5,2026-08-04T18:15:00Z,2026-08-04T20:15:00+0200,159.333333,MW,DK2,DK_2,forecast_onshore_wind_generation,Wind Onshore,2026-08-21T09:08:16Z
2026-08-21T08:53:57Z,2026-08-21T10:53:57+0200,5d6f4db6-a0f2-490a-bd97-b2641f9198d5,2026-08-04T18:30:00Z,2026-08-04T20:30:00+0200,168.5,MW,DK2,DK_2,forecast_onshore_wind_generation,Wind Onshore,2026-08-21T09:08:16Z
2026-08-21T08:53:57Z,2026-08-21T10:53:57+0200,5d6f4db6-a0f2-490a-bd97-b2641f9198d5,2026-08-04T18:45:00Z,2026-08-04T20:45:00+0200,171.333333,MW,DK2,DK_2,forecast_onshore_wind_generation,Wind Onshore,2026-08-21T09:08:16Z
2026-08-21T08:53:57Z,2026-08-21T10:53:57+0200,5d6f4db6-a0f2-490a-bd97-b2641f9198d5,2026-08-04T19:00:00Z,2026-08-04T21:00:00+0200,167.666666,MW,DK2,DK_2,forecast_onshore_wind_generation,Wind Onshore,2026-08-21T09:08:16Z
2026-08-21T08:53:57Z,2026-08-21T10:53:57+0200,5d6f4db6-a0f2-490a-bd97-b2641f9198d5,2026-08-04T19:15:00Z,2026-08-04T21:15:00+0200,160.0,MW,DK2,DK_2,forecast_onshore_wind_generation,Wind Onshore,2026-08-21T09:08:16Z
2026-08-21T08:53:57Z,2026-08-21T10:53:57+0200,5d6f4db6-a0f2-490a-bd97-b2641f9198d5,2026-08-04T19:30:00Z,2026-08-04T21:30:00+0200,151.666666,MW,DK2,DK_2,forecast_onshore_wind_generation,Wind Onshore,2026-08-21T09:08:16Z
2026-08-21T08:53:57Z,2026-08-21T10:53:57+0200,5d6f4db6-a0f2-490a-bd97-b2641f9198d5,2026-08-04T19:45:00Z,2026-08-04T21:45:00+0200,145.166666,MW,DK2,DK_2,forecast_onshore_wind_generation,Wind Onshore,2026-08-21T09:08:16Z
2026-08-21T08:53:57Z,2026-08-21T10:53:57+0200,5d6f4db6-a0f2-490a-bd97-b2641f9198d5,2026-08-04T20:00:00Z,2026-08-04T22:00:00+0200,141.5,MW,DK2,DK_2,forecast_onshore_wind_generation,Wind Onshore,2026-08-21T09:08:16Z
2026-08-21T08:53:57Z,2026-08-21T10:53:57+0200,5d6f4db6-a0f2-490a-bd97-b2641f9198d5,2026-08-04T20:15:00Z,2026-08-04T22:15:00+0200,139.333333,MW,DK2,DK_2,forecast_onshore_wind_generation,Wind Onshore,2026-08-21T09:08:16Z
2026-08-21T08:53:57Z,2026-08-21T10:53:57+0200,5d6f4db6-a0f2-490a-bd97-b2641f9198d5,2026-08-04T20:30:00Z,2026-08-04T22:30:00+0200,137.5,MW,DK2,DK_2,forecast_onshore_wind_generation,Wind Onshore,2026-08-21T09:08:16Z
2026-08-21T08:53:57Z,2026-08-21T10:53:57+0200,5d6f4db6-a0f2-490a-bd97-b2641f9198d5,2026-08-04T20:45:00Z,2026-08-04T22:45:00+0200,136.166666,MW,DK2,DK_2,forecast_onshore_wind_generation,Wind Onshore,2026-08-21T09:08:16Z
2026-08-21T08:53:57Z,2026-08-21T10:53:57+0200,5d6f4db6-a0f2-490a-bd97-b2641f9198d5,2026-08-04T21:00:00Z,2026-08-04T23:00:00+0200,131.666666,MW,DK2,DK_2,forecast_onshore_wind_generation,Wind Onshore,2026-08-21T09:08:16Z
2026-08-21T08:53:57Z,2026-08-21T10:53:57+0200,5d6f4db6-a0f2-490a-bd97-b2641f9198d5,2026-08-04T21:15:00Z,2026-08-04T23:15:00+0200,124.833333,MW,DK2,DK_2,forecast_onshore_wind_generation,Wind Onshore,2026-08-21T09:08:16Z
2026-08-21T08:53:57Z,2026-08-21T10:53:57+0200,5d6f4db6-a0f2-490a-bd97-b2641f9198d5,2026-08-04T21:30:00Z,2026-08-04T23:30:00+0200,117.5,MW,DK2,DK_2,forecast_onshore_wind_generation,Wind Onshore,2026-08-21T09:08:16Z
2026-08-21T08:53:57Z,2026-08-21T10:53:57+0200,5d6f4db6-a0f2-490a-bd97-b2641f9198d5,2026-08-04T21:45:00Z,2026-08-04T23:45:00+0200,112.5,MW,DK2,DK_2,forecast_onshore_wind_generation,Wind Onshore,2026-08-21T09:08:16Z
2026-08-21T08:53:57Z,2026-08-21T10:53:57+0200,5d6f4db6-a0f2-490a-bd97-b2641f9198d5,2026-08-04T22:00:00Z,2026-08-05T00:00:00+0200,122.0,MW,DK2,DK_2,forecast_onshore_wind_generation,Wind Onshore,2026-08-21T09:08:16Z
2026-08-21T08:53:57Z,2026-08-21T10:53:57+0200,5d6f4db6-a0f2-490a-bd97-b2641f9198d5,2026-08-04T22:15:00Z,2026-08-05T00:15:00+0200,122.666666,MW,DK2,DK_2,forecast_onshore_wind_generation,Wind Onshore,2026-08-21T09:08:16Z
2026-08-21T08:53:57Z,2026-08-21T10:53:57+0200,5d6f4db6-a0f2-490a-bd97-b2641f9198d5,2026-08-04T22:30:00Z,2026-08-05T00:30:00+0200,125.5,MW,DK2,DK_2,forecast_onshore_wind_generation,Wind Onshore,2026-08-21T09:08:16Z
2026-08-21T08:53:57Z,2026-08-21T10:53:57+0200,5d6f4db6-a0f2-490a-bd97-b2641f9198d5,2026-08-04T22:45:00Z,2026-08-05T00:45:00+0200,128.5,MW,DK2,DK_2,forecast_onshore_wind_generation,Wind Onshore,2026-08-21T09:08:16Z
2026-08-21T08:53:57Z,2026-08-21T10:53:57+0200,5d6f4db6-a0f2-490a-bd97-b2641f9198d5,2026-08-04T23:00:00Z,2026-08-05T01:00:00+0200,131.5,MW,DK2,DK_2,forecast_onshore_wind_generation,Wind Onshore,2026-08-21T09:08:16Z
2026-08-21T08:53:57Z,2026-08-21T10:53:57+0200,5d6f4db6-a0f2-490a-bd97-b2641f9198d5,2026-08-04T23:15:00Z,2026-08-05T01:15:00+0200,134.5,MW,DK2,DK_2,forecast_onshore_wind_generation,Wind Onshore,2026-08-21T09:08:16Z
2026-08-21T08:53:57Z,2026-08-21T10:53:57+0200,5d6f4db6-a0f2-490a-bd97-b2641f9198d5,2026-08-04T23:30:00Z,2026-08-05T01:30:00+0200,137.333333,MW,DK2,DK_2,forecast_onshore_wind_generation,Wind Onshore,2026-08-21T09:08:16Z
2026-08-21T08:53:57Z,2026-08-21T10:53:57+0200,5d6f4db6-a0f2-490a-bd97-b2641f9198d5,2026-08-04T23:45:00Z,2026-08-05T01:45:00+0200,138.833333,MW,DK2,DK_2,forecast_onshore_wind_generation,Wind Onshore,2026-08-21T09:08:16Z
2026-08-21T08:53:57Z,2026-08-21T10:53:57+0200,5d6f4db6-a0f2-490a-bd97-b2641f9198d5,2026-08-05T00:00:00Z,2026-08-05T02:00:00+0200,138.833333,MW,DK2,DK_2,forecast_onshore_wind_generation,Wind Onshore,2026-08-21T09:08:16Z
2026-08-21T08:53:57Z,2026-08-21T10:53:57+0200,5d6f4db6-a0f2-490a-bd97-b2641f9198d5,2026-08-05T00:15:00Z,2026-08-05T02:15:00+0200,136.333333,MW,DK2,DK_2,forecast_onshore_wind_generation,Wind Onshore,2026-08-21T09:08:16Z
2026-08-21T08:53:57Z,2026-08-21T10:53:57+0200,5d6f4db6-a0f2-490a-bd97-b2641f9198d5,2026-08-05T00:30:00Z,2026-08-05T02:30:00+0200,132.333333,MW,DK2,DK_2,forecast_onshore_wind_generation,Wind Onshore,2026-08-21T09:08:16Z
2026-08-21T08:53:57Z,2026-08-21T10:53:57+0200,5d6f4db6-a0f2-490a-bd97-b2641f9198d5,2026-08-05T00:45:00Z,2026-08-05T02:45:00+0200,128.5,MW,DK2,DK_2,forecast_onshore_wind_generation,Wind Onshore,2026-08-21T09:08:16Z
2026-08-21T08:53:57Z,2026-08-21T10:53:57+0200,5d6f4db6-a0f2-490a-bd97-b2641f9198d5,2026-08-05T01:00:00Z,2026-08-05T03:00:00+0200,124.666666,MW,DK2,DK_2,forecast_onshore_wind_generation,Wind Onshore,2026-08-21T09:08:16Z
2026-08-21T08:53:57Z,2026-08-21T10:53:57+0200,5d6f4db6-a0f2-490a-bd97-b2641f9198d5,2026-08-05T01:15:00Z,2026-08-05T03:15:00+0200,120.5,MW,DK2,DK_2,forecast_onshore_wind_generation,Wind Onshore,2026-08-21T09:08:16Z
2026-08-21T08:53:57Z,2026-08-21T10:53:57+0200,5d6f4db6-a0f2-490a-bd97-b2641f9198d5,2026-08-05T01:30:00Z,2026-08-05T03:30:00+0200,116.333333,MW,DK2,DK_2,forecast_onshore_wind_generation,Wind Onshore,2026-08-21T09:08:16Z
2026-08-21T08:53:57Z,2026-08-21T10:53:57+0200,5d6f4db6-a0f2-490a-bd97-b2641f9198d5,2026-08-05T01:45:00Z,2026-08-05T03:45:00+0200,111.5,MW,DK2,DK_2,forecast_onshore_wind_generation,Wind Onshore,2026-08-21T09:08:16Z
2026-08-21T08:53:57Z,2026-08-21T10:53:57+0200,5d6f4db6-a0f2-490a-bd97-b2641f9198d5,2026-08-05T02:00:00Z,2026-08-05T04:00:00+0200,106.833333,MW,DK2,DK_2,forecast_onshore_wind_generation,Wind Onshore,2026-08-21T09:08:16Z
2026-08-21T08:53:57Z,2026-08-21T10:53:57+0200,5d6f4db6-a0f2-490a-bd97-b2641f9198d5,2026-08-05T02:15:00Z,2026-08-05T04:15:00+0200,101.0,MW,DK2,DK_2,forecast_onshore_wind_generation,Wind Onshore,2026-08-21T09:08:16Z
2026-08-21T08:53:57Z,2026-08-21T10:53:57+0200,5d6f4db6-a0f2-490a-bd97-b2641f9198d5,2026-08-05T02:30:00Z,2026-08-05T04:30:00+0200,96.0,MW,DK2,DK_2,forecast_onshore_wind_generation,Wind Onshore,2026-08-21T09:08:16Z
2026-08-21T08:53:57Z,2026-08-21T10:53:57+0200,5d6f4db6-a0f2-490a-bd97-b2641f9198d5,2026-08-05T02:45:00Z,2026-08-05T04:45:00+0200,91.666666,MW,DK2,DK_2,forecast_onshore_wind_generation,Wind Onshore,2026-08-21T09:08:16Z
2026-08-21T08:53:57Z,2026-08-21T10:53:57+0200,5d6f4db6-a0f2-490a-bd97-b2641f9198d5,2026-08-05T03:00:00Z,2026-08-05T05:00:00+0200,88.333333,MW,DK2,DK_2,forecast_onshore_wind_generation,Wind Onshore,2026-08-21T09:08:16Z
2026-08-21T08:53:57Z,2026-08-21T10:53:57+0200,5d6f4db6-a0f2-490a-bd97-b2641f9198d5,2026-08-05T03:15:00Z,2026-08-05T05:15:00+0200,85.0,MW,DK2,DK_2,forecast_onshore_wind_generation,Wind Onshore,2026-08-21T09:08:16Z
2026-08-21T08:53:57Z,2026-08-21T10:53:57+0200,5d6f4db6-a0f2-490a-bd97-b2641f9198d5,2026-08-05T03:30:00Z,2026-08-05T05:30:00+0200,83.0,MW,DK2,DK_2,forecast_onshore_wind_generation,Wind Onshore,2026-08-21T09:08:16Z
2026-08-21T08:53:57Z,2026-08-21T10:53:57+0200,5d6f4db6-a0f2-490a-bd97-b2641f9198d5,2026-08-05T03:45:00Z,2026-08-05T05:45:00+0200,81.0,MW,DK2,DK_2,forecast_onshore_wind_generation,Wind Onshore,2026-08-21T09:08:16Z
2026-08-21T08:53:57Z,2026-08-21T10:53:57+0200,5d6f4db6-a0f2-490a-bd97-b2641f9198d5,2026-08-05T04:00:00Z,2026-08-05T06:00:00+0200,79.833333,MW,DK2,DK_2,forecast_onshore_wind_generation,Wind Onshore,2026-08-21T09:08:16Z
2026-08-21T08:53:57Z,2026-08-21T10:53:57+0200,5d6f4db6-a0f2-490a-bd97-b2641f9198d5,2026-08-05T04:15:00Z,2026-08-05T06:15:00+0200,78.333333,MW,DK2,DK_2,forecast_onshore_wind_generation,Wind Onshore,2026-08-21T09:08:16Z
2026-08-21T08:53:57Z,2026-08-21T10:53:57+0200,5d6f4db6-a0f2-490a-bd97-b2641f9198d5,2026-08-05T04:30:00Z,2026-08-05T06:30:00+0200,75.5,MW,DK2,DK_2,forecast_onshore_wind_generation,Wind Onshore,2026-08-21T09:08:16Z
2026-08-21T08:53:57Z,2026-08-21T10:53:57+0200,5d6f4db6-a0f2-490a-bd97-b2641f9198d5,2026-08-05T04:45:00Z,2026-08-05T06:45:00+0200,72.5,MW,DK2,DK_2,forecast_onshore_wind_generation,Wind Onshore,2026-08-21T09:08:16Z
2026-08-21T08:53:57Z,2026-08-21T10:53:57+0200,5d6f4db6-a0f2-490a-bd97-b2641f9198d5,2026-08-05T05:00:00Z,2026-08-05T07:00:00+0200,68.166666,MW,DK2,DK_2,forecast_onshore_wind_generation,Wind Onshore,2026-08-21T09:08:16Z
2026-08-21T08:53:57Z,2026-08-21T10:53:57+0200,5d6f4db6-a0f2-490a-bd97-b2641f9198d5,2026-08-05T05:15:00Z,2026-08-05T07:15:00+0200,63.666666,MW,DK2,DK_2,forecast_onshore_wind_generation,Wind Onshore,2026-08-21T09:08:16Z
2026-08-21T08:53:57Z,2026-08-21T10:53:57+0200,5d6f4db6-a0f2-490a-bd97-b2641f9198d5,2026-08-05T05:30:00Z,2026-08-05T07:30:00+0200,60.5,MW,DK2,DK_2,forecast_onshore_wind_generation,Wind Onshore,2026-08-21T09:08:16Z
2026-08-21T08:53:57Z,2026-08-21T10:53:57+0200,5d6f4db6-a0f2-490a-bd97-b2641f9198d5,2026-08-05T05:45:00Z,2026-08-05T07:45:00+0200,59.0,MW,DK2,DK_2,forecast_onshore_wind_generation,Wind Onshore,2026-08-21T09:08:16Z
2026-08-21T08:53:57Z,2026-08-21T10:53:57+0200,5d6f4db6-a0f2-490a-bd97-b2641f9198d5,2026-08-05T06:00:00Z,2026-08-05T08:00:00+0200,59.0,MW,DK2,DK_2,forecast_onshore_wind_generation,Wind Onshore,2026-08-21T09:08:16Z
2026-08-21T08:53:57Z,2026-08-21T10:53:57+0200,5d6f4db6-a0f2-490a-bd97-b2641f9198d5,2026-08-05T06:15:00Z,2026-08-05T08:15:00+0200,60.0,MW,DK2,DK_2,forecast_onshore_wind_generation,Wind Onshore,2026-08-21T09:08:16Z
2026-08-21T08:53:57Z,2026-08-21T10:53:57+0200,5d6f4db6-a0f2-490a-bd97-b2641f9198d5,2026-08-05T06:30:00Z,2026-08-05T08:30:00+0200,61.5,MW,DK2,DK_2,forecast_onshore_wind_generation,Wind Onshore,2026-08-21T09:08:16Z
2026-08-21T08:53:57Z,2026-08-21T10:53:57+0200,5d6f4db6-a0f2-490a-bd97-b2641f9198d5,2026-08-05T06:45:00Z,2026-08-05T08:45:00+0200,64.0,MW,DK2,DK_2,forecast_onshore_wind_generation,Wind Onshore,2026-08-21T09:08:16Z
2026-08-21T08:53:57Z,2026-08-21T10:53:57+0200,5d6f4db6-a0f2-490a-bd97-b2641f9198d5,2026-08-05T07:00:00Z,2026-08-05T09:00:00+0200,69.166666,MW,DK2,DK_2,forecast_onshore_wind_generation,Wind Onshore,2026-08-21T09:08:16Z
2026-08-21T08:53:57Z,2026-08-21T10:53:57+0200,5d6f4db6-a0f2-490a-bd97-b2641f9198d5,2026-08-05T07:15:00Z,2026-08-05T09:15:00+0200,75.833333,MW,DK2,DK_2,forecast_onshore_wind_generation,Wind Onshore,2026-08-21T09:08:16Z
2026-08-21T08:53:57Z,2026-08-21T10:53:57+0200,5d6f4db6-a0f2-490a-bd97-b2641f9198d5,2026-08-05T07:30:00Z,2026-08-05T09:30:00+0200,81.166666,MW,DK2,DK_2,forecast_onshore_wind_generation,Wind Onshore,2026-08-21T09:08:16Z
2026-08-21T08:53:57Z,2026-08-21T10:53:57+0200,5d6f4db6-a0f2-490a-bd97-b2641f9198d5,2026-08-05T07:45:00Z,2026-08-05T09:45:00+0200,88.666666,MW,DK2,DK_2,forecast_onshore_wind_generation,Wind Onshore,2026-08-21T09:08:16Z
2026-08-21T08:53:57Z,2026-08-21T10:53:57+0200,5d6f4db6-a0f2-490a-bd97-b2641f9198d5,2026-08-05T08:00:00Z,2026-08-05T10:00:00+0200,97.666666,MW,DK2,DK_2,forecast_onshore_wind_generation,Wind Onshore,2026-08-21T09:08:16Z
2026-08-21T08:53:57Z,2026-08-21T10:53:57+0200,5d6f4db6-a0f2-490a-bd97-b2641f9198d5,2026-08-05T08:15:00Z,2026-08-05T10:15:00+0200,107.0,MW,DK2,DK_2,forecast_onshore_wind_generation,Wind Onshore,2026-08-21T09:08:16Z
2026-08-21T08:53:57Z,2026-08-21T10:53:57+0200,5d6f4db6-a0f2-490a-bd97-b2641f9198d5,2026-08-05T08:30:00Z,2026-08-05T10:30:00+0200,114.666666,MW,DK2,DK_2,forecast_onshore_wind_generation,Wind Onshore,2026-08-21T09:08:16Z
2026-08-21T08:53:57Z,2026-08-21T10:53:57+0200,5d6f4db6-a0f2-490a-bd97-b2641f9198d5,2026-08-05T08:45:00Z,2026-08-05T10:45:00+0200,120.5,MW,DK2,DK_2,forecast_onshore_wind_generation,Wind Onshore,2026-08-21T09:08:16Z
2026-08-21T08:53:57Z,2026-08-21T10:53:57+0200,5d6f4db6-a0f2-490a-bd97-b2641f9198d5,2026-08-05T09:00:00Z,2026-08-05T11:00:00+0200,122.833333,MW,DK2,DK_2,forecast_onshore_wind_generation,Wind Onshore,2026-08-21T09:08:16Z
2026-08-21T08:53:57Z,2026-08-21T10:53:57+0200,5d6f4db6-a0f2-490a-bd97-b2641f9198d5,2026-08-05T09:15:00Z,2026-08-05T11:15:00+0200,128.166666,MW,DK2,DK_2,forecast_onshore_wind_generation,Wind Onshore,2026-08-21T09:08:16Z
2026-08-21T08:53:57Z,2026-08-21T10:53:57+0200,5d6f4db6-a0f2-490a-bd97-b2641f9198d5,2026-08-05T09:30:00Z,2026-08-05T11:30:00+0200,137.666666,MW,DK2,DK_2,forecast_onshore_wind_generation,Wind Onshore,2026-08-21T09:08:16Z
2026-08-21T08:53:57Z,2026-08-21T10:53:57+0200,5d6f4db6-a0f2-490a-bd97-b2641f9198d5,2026-08-05T09:45:00Z,2026-08-05T11:45:00+0200,152.0,MW,DK2,DK_2,forecast_onshore_wind_generation,Wind Onshore,2026-08-21T09:08:16Z
2026-08-21T08:53:57Z,2026-08-21T10:53:57+0200,5d6f4db6-a0f2-490a-bd97-b2641f9198d5,2026-08-05T10:00:00Z,2026-08-05T12:00:00+0200,168.333333,MW,DK2,DK_2,forecast_onshore_wind_generation,Wind Onshore,2026-08-21T09:08:16Z
2026-08-21T08:53:57Z,2026-08-21T10:53:57+0200,5d6f4db6-a0f2-490a-bd97-b2641f9198d5,2026-08-05T10:15:00Z,2026-08-05T12:15:00+0200,180.0,MW,DK2,DK_2,forecast_onshore_wind_generation,Wind Onshore,2026-08-21T09:08:16Z
2026-08-21T08:53:57Z,2026-08-21T10:53:57+0200,5d6f4db6-a0f2-490a-bd97-b2641f9198d5,2026-08-05T10:30:00Z,2026-08-05T12:30:00+0200,190.5,MW,DK2,DK_2,forecast_onshore_wind_generation,Wind Onshore,2026-08-21T09:08:16Z
2026-08-21T08:53:57Z,2026-08-21T10:53:57+0200,5d6f4db6-a0f2-490a-bd97-b2641f9198d5,2026-08-05T10:45:00Z,2026-08-05T12:45:00+0200,192.166666,MW,DK2,DK_2,forecast_onshore_wind_generation,Wind Onshore,2026-08-21T09:08:16Z
2026-08-21T08:53:57Z,2026-08-21T10:53:57+0200,5d6f4db6-a0f2-490a-bd97-b2641f9198d5,2026-08-05T11:00:00Z,2026-08-05T13:00:00+0200,180.666666,MW,DK2,DK_2,forecast_onshore_wind_generation,Wind Onshore,2026-08-21T09:08:16Z
2026-08-21T08:53:57Z,2026-08-21T10:53:57+0200,5d6f4db6-a0f2-490a-bd97-b2641f9198d5,2026-08-05T11:15:00Z,2026-08-05T13:15:00+0200,185.166666,MW,DK2,DK_2,forecast_onshore_wind_generation,Wind Onshore,2026-08-21T09:08:16Z
2026-08-21T08:53:57Z,2026-08-21T10:53:57+0200,5d6f4db6-a0f2-490a-bd97-b2641f9198d5,2026-08-05T11:30:00Z,2026-08-05T13:30:00+0200,195.333333,MW,DK2,DK_2,forecast_onshore_wind_generation,Wind Onshore,2026-08-21T09:08:16Z
2026-08-21T08:53:57Z,2026-08-21T10:53:57+0200,5d6f4db6-a0f2-490a-bd97-b2641f9198d5,2026-08-05T11:45:00Z,2026-08-05T13:45:00+0200,199.666666,MW,DK2,DK_2,forecast_onshore_wind_generation,Wind Onshore,2026-08-21T09:08:16Z
2026-08-21T08:53:57Z,2026-08-21T10:53:57+0200,5d6f4db6-a0f2-490a-bd97-b2641f9198d5,2026-08-05T12:00:00Z,2026-08-05T14:00:00+0200,198.0,MW,DK2,DK_2,forecast_onshore_wind_generation,Wind Onshore,2026-08-21T09:08:16Z
2026-08-21T08:53:57Z,2026-08-21T10:53:57+0200,5d6f4db6-a0f2-490a-bd97-b2641f9198d5,2026-08-05T12:15:00Z,2026-08-05T14:15:00+0200,197.5,MW,DK2,DK_2,forecast_onshore_wind_generation,Wind Onshore,2026-08-21T09:08:16Z
2026-08-21T08:53:57Z,2026-08-21T10:53:57+0200,5d6f4db6-a0f2-490a-bd97-b2641f9198d5,2026-08-05T12:30:00Z,2026-08-05T14:30:00+0200,199.166666,MW,DK2,DK_2,forecast_onshore_wind_generation,Wind Onshore,2026-08-21T09:08:16Z
2026-08-21T08:53:57Z,2026-08-21T10:53:57+0200,5d6f4db6-a0f2-490a-bd97-b2641f9198d5,2026-08-05T12:45:00Z,2026-08-05T14:45:00+0200,199.166666,MW,DK2,DK_2,forecast_onshore_wind_generation,Wind Onshore,2026-08-21T09:08:16Z
2026-08-21T08:53:57Z,2026-08-21T10:53:57+0200,5d6f4db6-a0f2-490a-bd97-b2641f9198d5,2026-08-05T13:00:00Z,2026-08-05T15:00:00+0200,201.5,MW,DK2,DK_2,forecast_onshore_wind_generation,Wind Onshore,2026-08-21T09:08:16Z
2026-08-21T08:53:57Z,2026-08-21T10:53:57+0200,5d6f4db6-a0f2-490a-bd97-b2641f9198d5,2026-08-05T13:15:00Z,2026-08-05T15:15:00+0200,206.5,MW,DK2,DK_2,forecast_onshore_wind_generation,Wind Onshore,2026-08-21T09:08:16Z
2026-08-21T08:53:57Z,2026-08-21T10:53:57+0200,5d6f4db6-a0f2-490a-bd97-b2641f9198d5,2026-08-05T13:30:00Z,2026-08-05T15:30:00+0200,221.666666,MW,DK2,DK_2,forecast_onshore_wind_generation,Wind Onshore,2026-08-21T09:08:16Z
2026-08-21T08:53:57Z,2026-08-21T10:53:57+0200,5d6f4db6-a0f2-490a-bd97-b2641f9198d5,2026-08-05T13:45:00Z,2026-08-05T15:45:00+0200,232.166666,MW,DK2,DK_2,forecast_onshore_wind_generation,Wind Onshore,2026-08-21T09:08:16Z
2026-08-21T08:53:57Z,2026-08-21T10:53:57+0200,5d6f4db6-a0f2-490a-bd97-b2641f9198d5,2026-08-05T14:00:00Z,2026-08-05T16:00:00+0200,212.666666,MW,DK2,DK_2,forecast_onshore_wind_generation,Wind Onshore,2026-08-21T09:08:16Z
2026-08-21T08:53:57Z,2026-08-21T10:53:57+0200,5d6f4db6-a0f2-490a-bd97-b2641f9198d5,2026-08-05T14:15:00Z,2026-08-05T16:15:00+0200,231.5,MW,DK2,DK_2,forecast_onshore_wind_generation,Wind Onshore,2026-08-21T09:08:16Z
2026-08-21T08:53:57Z,2026-08-21T10:53:57+0200,5d6f4db6-a0f2-490a-bd97-b2641f9198d5,2026-08-05T14:30:00Z,2026-08-05T16:30:00+0200,226.833333,MW,DK2,DK_2,forecast_onshore_wind_generation,Wind Onshore,2026-08-21T09:08:16Z
2026-08-21T08:53:57Z,2026-08-21T10:53:57+0200,5d6f4db6-a0f2-490a-bd97-b2641f9198d5,2026-08-05T14:45:00Z,2026-08-05T16:45:00+0200,221.166666,MW,DK2,DK_2,forecast_onshore_wind_generation,Wind Onshore,2026-08-21T09:08:16Z
2026-08-21T08:53:57Z,2026-08-21T10:53:57+0200,5d6f4db6-a0f2-490a-bd97-b2641f9198d5,2026-08-05T15:00:00Z,2026-08-05T17:00:00+0200,216.333333,MW,DK2,DK_2,forecast_onshore_wind_generation,Wind Onshore,2026-08-21T09:08:16Z
2026-08-21T08:53:57Z,2026-08-21T10:53:57+0200,5d6f4db6-a0f2-490a-bd97-b2641f9198d5,2026-08-05T15:15:00Z,2026-08-05T17:15:00+0200,205.833333,MW,DK2,DK_2,forecast_onshore_wind_generation,Wind Onshore,2026-08-21T09:08:16Z
2026-08-21T08:53:57Z,2026-08-21T10:53:57+0200,5d6f4db6-a0f2-490a-bd97-b2641f9198d5,2026-08-05T15:30:00Z,2026-08-05T17:30:00+0200,193.166666,MW,DK2,DK_2,forecast_onshore_wind_generation,Wind Onshore,2026-08-21T09:08:16Z
2026-08-21T08:53:57Z,2026-08-21T10:53:57+0200,5d6f4db6-a0f2-490a-bd97-b2641f9198d5,2026-08-05T15:45:00Z,2026-08-05T17:45:00+0200,183.666666,MW,DK2,DK_2,forecast_onshore_wind_generation,Wind Onshore,2026-08-21T09:08:16Z
2026-08-21T08:53:57Z,2026-08-21T10:53:57+0200,5d6f4db6-a0f2-490a-bd97-b2641f9198d5,2026-08-05T16:00:00Z,2026-08-05T18:00:00+0200,177.166666,MW,DK2,DK_2,forecast_onshore_wind_generation,Wind Onshore,2026-08-21T09:08:16Z
2026-08-21T08:53:57Z,2026-08-21T10:53:57+0200,5d6f4db6-a0f2-490a-bd97-b2641f9198d5,2026-08-05T16:15:00Z,2026-08-05T18:15:00+0200,172.166666,MW,DK2,DK_2,forecast_onshore_wind_generation,Wind Onshore,2026-08-21T09:08:16Z
2026-08-21T08:53:57Z,2026-08-21T10:53:57+0200,5d6f4db6-a0f2-490a-bd97-b2641f9198d5,2026-08-05T16:30:00Z,2026-08-05T18:30:00+0200,166.5,MW,DK2,DK_2,forecast_onshore_wind_generation,Wind Onshore,2026-08-21T09:08:16Z
2026-08-21T08:53:57Z,2026-08-21T10:53:57+0200,5d6f4db6-a0f2-490a-bd97-b2641f9198d5,2026-08-05T16:45:00Z,2026-08-05T18:45:00+0200,159.333333,MW,DK2,DK_2,forecast_onshore_wind_generation,Wind Onshore,2026-08-21T09:08:16Z
2026-08-21T08:53:57Z,2026-08-21T10:53:57+0200,5d6f4db6-a0f2-490a-bd97-b2641f9198d5,2026-08-05T17:00:00Z,2026-08-05T19:00:00+0200,149.5,MW,DK2,DK_2,forecast_onshore_wind_generation,Wind Onshore,2026-08-21T09:08:16Z
2026-08-21T08:53:57Z,2026-08-21T10:53:57+0200,5d6f4db6-a0f2-490a-bd97-b2641f9198d5,2026-08-05T17:15:00Z,2026-08-05T19:15:00+0200,140.5,MW,DK2,DK_2,forecast_onshore_wind_generation,Wind Onshore,2026-08-21T09:08:16Z
2026-08-21T08:53:57Z,2026-08-21T10:53:57+0200,5d6f4db6-a0f2-490a-bd97-b2641f9198d5,2026-08-05T17:30:00Z,2026-08-05T19:30:00+0200,134.0,MW,DK2,DK_2,forecast_onshore_wind_generation,Wind Onshore,2026-08-21T09:08:16Z
2026-08-21T08:53:57Z,2026-08-21T10:53:57+0200,5d6f4db6-a0f2-490a-bd97-b2641f9198d5,2026-08-05T17:45:00Z,2026-08-05T19:45:00+0200,129.5,MW,DK2,DK_2,forecast_onshore_wind_generation,Wind Onshore,2026-08-21T09:08:16Z
2026-08-21T08:53:57Z,2026-08-21T10:53:57+0200,5d6f4db6-a0f2-490a-bd97-b2641f9198d5,2026-08-05T18:00:00Z,2026-08-05T20:00:00+0200,126.666666,MW,DK2,DK_2,forecast_onshore_wind_generation,Wind Onshore,2026-08-21T09:08:16Z
2026-08-21T08:53:57Z,2026-08-21T10:53:57+0200,5d6f4db6-a0f2-490a-bd97-b2641f9198d5,2026-08-05T18:15:00Z,2026-08-05T20:15:00+0200,125.0,MW,DK2,DK_2,forecast_onshore_wind_generation,Wind Onshore,2026-08-21T09:08:16Z
2026-08-21T08:53:57Z,2026-08-21T10:53:57+0200,5d6f4db6-a0f2-490a-bd97-b2641f9198d5,2026-08-05T18:30:00Z,2026-08-05T20:30:00+0200,124.5,MW,DK2,DK_2,forecast_onshore_wind_generation,Wind Onshore,2026-08-21T09:08:16Z
2026-08-21T08:53:57Z,2026-08-21T10:53:57+0200,5d6f4db6-a0f2-490a-bd97-b2641f9198d5,2026-08-05T18:45:00Z,2026-08-05T20:45:00+0200,125.0,MW,DK2,DK_2,forecast_onshore_wind_generation,Wind Onshore,2026-08-21T09:08:16Z
2026-08-21T08:53:57Z,2026-08-21T10:53:57+0200,5d6f4db6-a0f2-490a-bd97-b2641f9198d5,2026-08-05T19:00:00Z,2026-08-05T21:00:00+0200,125.0,MW,DK2,DK_2,forecast_onshore_wind_generation,Wind Onshore,2026-08-21T09:08:16Z
2026-08-21T08:53:57Z,2026-08-21T10:53:57+0200,5d6f4db6-a0f2-490a-bd97-b2641f9198d5,2026-08-05T19:15:00Z,2026-08-05T21:15:00+0200,125.0,MW,DK2,DK_2,forecast_onshore_wind_generation,Wind Onshore,2026-08-21T09:08:16Z
2026-08-21T08:53:57Z,2026-08-21T10:53:57+0200,5d6f4db6-a0f2-490a-bd97-b2641f9198d5,2026-08-05T19:30:00Z,2026-08-05T21:30:00+0200,125.0,MW,DK2,DK_2,forecast_onshore_wind_generation,Wind Onshore,2026-08-21T09:08:16Z
2026-08-21T08:53:57Z,2026-08-21T10:53:57+0200,5d6f4db6-a0f2-490a-bd97-b2641f9198d5,2026-08-05T19:45:00Z,2026-08-05T21:45:00+0200,125.166666,MW,DK2,DK_2,forecast_onshore_wind_generation,Wind Onshore,2026-08-21T09:08:16Z
2026-08-21T08:53:57Z,2026-08-21T10:53:57+0200,5d6f4db6-a0f2-490a-bd97-b2641f9198d5,2026-08-05T20:00:00Z,2026-08-05T22:00:00+0200,126.0,MW,DK2,DK_2,forecast_onshore_wind_generation,Wind Onshore,2026-08-21T09:08:16Z
2026-08-21T08:53:57Z,2026-08-21T10:53:57+0200,5d6f4db6-a0f2-490a-bd97-b2641f9198d5,2026-08-05T20:15:00Z,2026-08-05T22:15:00+0200,125.166666,MW,DK2,DK_2,forecast_onshore_wind_generation,Wind Onshore,2026-08-21T09:08:16Z
2026-08-21T08:53:57Z,2026-08-21T10:53:57+0200,5d6f4db6-a0f2-490a-bd97-b2641f9198d5,2026-08-05T20:30:00Z,2026-08-05T22:30:00+0200,124.0,MW,DK2,DK_2,forecast_onshore_wind_generation,Wind Onshore,2026-08-21T09:08:16Z
2026-08-21T08:53:57Z,2026-08-21T10:53:57+0200,5d6f4db6-a0f2-490a-bd97-b2641f9198d5,2026-08-05T20:45:00Z,2026-08-05T22:45:00+0200,122.5,MW,DK2,DK_2,forecast_onshore_wind_generation,Wind Onshore,2026-08-21T09:08:16Z
2026-08-21T08:53:57Z,2026-08-21T10:53:57+0200,5d6f4db6-a0f2-490a-bd97-b2641f9198d5,2026-08-05T21:00:00Z,2026-08-05T23:00:00+0200,120.333333,MW,DK2,DK_2,forecast_onshore_wind_generation,Wind Onshore,2026-08-21T09:08:16Z
2026-08-21T08:53:57Z,2026-08-21T10:53:57+0200,5d6f4db6-a0f2-490a-bd97-b2641f9198d5,2026-08-05T21:15:00Z,2026-08-05T23:15:00+0200,116.0,MW,DK2,DK_2,forecast_onshore_wind_generation,Wind Onshore,2026-08-21T09:08:16Z
2026-08-21T08:53:57Z,2026-08-21T10:53:57+0200,5d6f4db6-a0f2-490a-bd97-b2641f9198d5,2026-08-05T21:30:00Z,2026-08-05T23:30:00+0200,111.666666,MW,DK2,DK_2,forecast_onshore_wind_generation,Wind Onshore,2026-08-21T09:08:16Z
2026-08-21T08:53:57Z,2026-08-21T10:53:57+0200,5d6f4db6-a0f2-490a-bd97-b2641f9198d5,2026-08-05T21:45:00Z,2026-08-05T23:45:00+0200,110.166666,MW,DK2,DK_2,forecast_onshore_wind_generation,Wind Onshore,2026-08-21T09:08:16Z
2026-08-21T08:53:57Z,2026-08-21T10:53:57+0200,5d6f4db6-a0f2-490a-bd97-b2641f9198d5,2026-08-05T22:00:00Z,2026-08-06T00:00:00+0200,80.833333,MW,DK2,DK_2,forecast_onshore_wind_generation,Wind Onshore,2026-08-21T09:08:16Z
2026-08-21T08:53:57Z,2026-08-21T10:53:57+0200,5d6f4db6-a0f2-490a-bd97-b2641f9198d5,2026-08-05T22:15:00Z,2026-08-06T00:15:00+0200,80.5,MW,DK2,DK_2,forecast_onshore_wind_generation,Wind Onshore,2026-08-21T09:08:16Z
2026-08-21T08:53:57Z,2026-08-21T10:53:57+0200,5d6f4db6-a0f2-490a-bd97-b2641f9198d5,2026-08-05T22:30:00Z,2026-08-06T00:30:00+0200,82.0,MW,DK2,DK_2,forecast_onshore_wind_generation,Wind Onshore,2026-08-21T09:08:16Z
2026-08-21T08:53:57Z,2026-08-21T10:53:57+0200,5d6f4db6-a0f2-490a-bd97-b2641f9198d5,2026-08-05T22:45:00Z,2026-08-06T00:45:00+0200,83.833333,MW,DK2,DK_2,forecast_onshore_wind_generation,Wind Onshore,2026-08-21T09:08:16Z
2026-08-21T08:53:57Z,2026-08-21T10:53:57+0200,5d6f4db6-a0f2-490a-bd97-b2641f9198d5,2026-08-05T23:00:00Z,2026-08-06T01:00:00+0200,84.0,MW,DK2,DK_2,forecast_onshore_wind_generation,Wind Onshore,2026-08-21T09:08:16Z
2026-08-21T08:53:57Z,2026-08-21T10:53:57+0200,5d6f4db6-a0f2-490a-bd97-b2641f9198d5,2026-08-05T23:15:00Z,2026-08-06T01:15:00+0200,83.833333,MW,DK2,DK_2,forecast_onshore_wind_generation,Wind Onshore,2026-08-21T09:08:16Z
2026-08-21T08:53:57Z,2026-08-21T10:53:57+0200,5d6f4db6-a0f2-490a-bd97-b2641f9198d5,2026-08-05T23:30:00Z,2026-08-06T01:30:00+0200,82.5,MW,DK2,DK_2,forecast_onshore_wind_generation,Wind Onshore,2026-08-21T09:08:16Z
2026-08-21T08:53:57Z,2026-08-21T10:53:57+0200,5d6f4db6-a0f2-490a-bd97-b2641f9198d5,2026-08-05T23:45:00Z,2026-08-06T01:45:00+0200,81.0,MW,DK2,DK_2,forecast_onshore_wind_generation,Wind Onshore,2026-08-21T09:08:16Z
2026-08-21T08:53:57Z,2026-08-21T10:53:57+0200,5d6f4db6-a0f2-490a-bd97-b2641f9198d5,2026-08-06T00:00:00Z,2026-08-06T02:00:00+0200,78.5,MW,DK2,DK_2,forecast_onshore_wind_generation,Wind Onshore,2026-08-21T09:08:16Z
2026-08-21T08:53:57Z,2026-08-21T10:53:57+0200,5d6f4db6-a0f2-490a-bd97-b2641f9198d5,2026-08-06T00:15:00Z,2026-08-06T02:15:00+0200,74.666666,MW,DK2,DK_2,forecast_onshore_wind_generation,Wind Onshore,2026-08-21T09:08:16Z
2026-08-21T08:53:57Z,2026-08-21T10:53:57+0200,5d6f4db6-a0f2-490a-bd97-b2641f9198d5,2026-08-06T00:30:00Z,2026-08-06T02:30:00+0200,71.666666,MW,DK2,DK_2,forecast_onshore_wind_generation,Wind Onshore,2026-08-21T09:08:16Z
2026-08-21T08:53:57Z,2026-08-21T10:53:57+0200,5d6f4db6-a0f2-490a-bd97-b2641f9198d5,2026-08-06T00:45:00Z,2026-08-06T02:45:00+0200,71.0,MW,DK2,DK_2,forecast_onshore_wind_generation,Wind Onshore,2026-08-21T09:08:16Z
2026-08-21T08:53:57Z,2026-08-21T10:53:57+0200,5d6f4db6-a0f2-490a-bd97-b2641f9198d5,2026-08-06T01:00:00Z,2026-08-06T03:00:00+0200,73.0,MW,DK2,DK_2,forecast_onshore_wind_generation,Wind Onshore,2026-08-21T09:08:16Z
2026-08-21T08:53:57Z,2026-08-21T10:53:57+0200,5d6f4db6-a0f2-490a-bd97-b2641f9198d5,2026-08-06T01:15:00Z,2026-08-06T03:15:00+0200,78.0,MW,DK2,DK_2,forecast_onshore_wind_generation,Wind Onshore,2026-08-21T09:08:16Z
2026-08-21T08:53:57Z,2026-08-21T10:53:57+0200,5d6f4db6-a0f2-490a-bd97-b2641f9198d5,2026-08-06T01:30:00Z,2026-08-06T03:30:00+0200,83.5,MW,DK2,DK_2,forecast_onshore_wind_generation,Wind Onshore,2026-08-21T09:08:16Z
2026-08-21T08:53:57Z,2026-08-21T10:53:57+0200,5d6f4db6-a0f2-490a-bd97-b2641f9198d5,2026-08-06T01:45:00Z,2026-08-06T03:45:00+0200,88.5,MW,DK2,DK_2,forecast_onshore_wind_generation,Wind Onshore,2026-08-21T09:08:16Z
2026-08-21T08:53:57Z,2026-08-21T10:53:57+0200,5d6f4db6-a0f2-490a-bd97-b2641f9198d5,2026-08-06T02:00:00Z,2026-08-06T04:00:00+0200,94.0,MW,DK2,DK_2,forecast_onshore_wind_generation,Wind Onshore,2026-08-21T09:08:16Z
2026-08-21T08:53:57Z,2026-08-21T10:53:57+0200,5d6f4db6-a0f2-490a-bd97-b2641f9198d5,2026-08-06T02:15:00Z,2026-08-06T04:15:00+0200,100.0,MW,DK2,DK_2,forecast_onshore_wind_generation,Wind Onshore,2026-08-21T09:08:16Z
2026-08-21T08:53:57Z,2026-08-21T10:53:57+0200,5d6f4db6-a0f2-490a-bd97-b2641f9198d5,2026-08-06T02:30:00Z,2026-08-06T04:30:00+0200,105.0,MW,DK2,DK_2,forecast_onshore_wind_generation,Wind Onshore,2026-08-21T09:08:16Z
2026-08-21T08:53:57Z,2026-08-21T10:53:57+0200,5d6f4db6-a0f2-490a-bd97-b2641f9198d5,2026-08-06T02:45:00Z,2026-08-06T04:45:00+0200,108.5,MW,DK2,DK_2,forecast_onshore_wind_generation,Wind Onshore,2026-08-21T09:08:16Z
2026-08-21T08:53:57Z,2026-08-21T10:53:57+0200,5d6f4db6-a0f2-490a-bd97-b2641f9198d5,2026-08-06T03:00:00Z,2026-08-06T05:00:00+0200,110.5,MW,DK2,DK_2,forecast_onshore_wind_generation,Wind Onshore,2026-08-21T09:08:16Z
2026-08-21T08:53:57Z,2026-08-21T10:53:57+0200,5d6f4db6-a0f2-490a-bd97-b2641f9198d5,2026-08-06T03:15:00Z,2026-08-06T05:15:00+0200,111.666666,MW,DK2,DK_2,forecast_onshore_wind_generation,Wind Onshore,2026-08-21T09:08:16Z
2026-08-21T08:53:57Z,2026-08-21T10:53:57+0200,5d6f4db6-a0f2-490a-bd97-b2641f9198d5,2026-08-06T03:30:00Z,2026-08-06T05:30:00+0200,114.0,MW,DK2,DK_2,forecast_onshore_wind_generation,Wind Onshore,2026-08-21T09:08:16Z
2026-08-21T08:53:57Z,2026-08-21T10:53:57+0200,5d6f4db6-a0f2-490a-bd97-b2641f9198d5,2026-08-06T03:45:00Z,2026-08-06T05:45:00+0200,116.0,MW,DK2,DK_2,forecast_onshore_wind_generation,Wind Onshore,2026-08-21T09:08:16Z
2026-08-21T08:53:57Z,2026-08-21T10:53:57+0200,5d6f4db6-a0f2-490a-bd97-b2641f9198d5,2026-08-06T04:00:00Z,2026-08-06T06:00:00+0200,118.0,MW,DK2,DK_2,forecast_onshore_wind_generation,Wind Onshore,2026-08-21T09:08:16Z
2026-08-21T08:53:57Z,2026-08-21T10:53:57+0200,5d6f4db6-a0f2-490a-bd97-b2641f9198d5,2026-08-06T04:15:00Z,2026-08-06T06:15:00+0200,118.5,MW,DK2,DK_2,forecast_onshore_wind_generation,Wind Onshore,2026-08-21T09:08:16Z
2026-08-21T08:53:57Z,2026-08-21T10:53:57+0200,5d6f4db6-a0f2-490a-bd97-b2641f9198d5,2026-08-06T04:30:00Z,2026-08-06T06:30:00+0200,117.0,MW,DK2,DK_2,forecast_onshore_wind_generation,Wind Onshore,2026-08-21T09:08:16Z
2026-08-21T08:53:57Z,2026-08-21T10:53:57+0200,5d6f4db6-a0f2-490a-bd97-b2641f9198d5,2026-08-06T04:45:00Z,2026-08-06T06:45:00+0200,115.333333,MW,DK2,DK_2,forecast_onshore_wind_generation,Wind Onshore,2026-08-21T09:08:16Z
2026-08-21T08:53:57Z,2026-08-21T10:53:57+0200,5d6f4db6-a0f2-490a-bd97-b2641f9198d5,2026-08-06T05:00:00Z,2026-08-06T07:00:00+0200,113.5,MW,DK2,DK_2,forecast_onshore_wind_generation,Wind Onshore,2026-08-21T09:08:16Z
2026-08-21T08:53:57Z,2026-08-21T10:53:57+0200,5d6f4db6-a0f2-490a-bd97-b2641f9198d5,2026-08-06T05:15:00Z,2026-08-06T07:15:00+0200,113.0,MW,DK2,DK_2,forecast_onshore_wind_generation,Wind Onshore,2026-08-21T09:08:16Z
2026-08-21T08:53:57Z,2026-08-21T10:53:57+0200,5d6f4db6-a0f2-490a-bd97-b2641f9198d5,2026-08-06T05:30:00Z,2026-08-06T07:30:00+0200,113.0,MW,DK2,DK_2,forecast_onshore_wind_generation,Wind Onshore,2026-08-21T09:08:16Z
2026-08-21T08:53:57Z,2026-08-21T10:53:57+0200,5d6f4db6-a0f2-490a-bd97-b2641f9198d5,2026-08-06T05:45:00Z,2026-08-06T07:45:00+0200,113.0,MW,DK2,DK_2,forecast_onshore_wind_generation,Wind Onshore,2026-08-21T09:08:16Z
2026-08-21T08:53:57Z,2026-08-21T10:53:57+0200,5d6f4db6-a0f2-490a-bd97-b2641f9198d5,2026-08-06T06:00:00Z,2026-08-06T08:00:00+0200,114.666666,MW,DK2,DK_2,forecast_onshore_wind_generation,Wind Onshore,2026-08-21T09:08:16Z
2026-08-21T08:53:57Z,2026-08-21T10:53:57+0200,5d6f4db6-a0f2-490a-bd97-b2641f9198d5,2026-08-06T06:15:00Z,2026-08-06T08:15:00+0200,120.166666,MW,DK2,DK_2,forecast_onshore_wind_generation,Wind Onshore,2026-08-21T09:08:16Z
2026-08-21T08:53:57Z,2026-08-21T10:53:57+0200,5d6f4db6-a0f2-490a-bd97-b2641f9198d5,2026-08-06T06:30:00Z,2026-08-06T08:30:00+0200,128.0,MW,DK2,DK_2,forecast_onshore_wind_generation,Wind Onshore,2026-08-21T09:08:16Z
2026-08-21T08:53:57Z,2026-08-21T10:53:57+0200,5d6f4db6-a0f2-490a-bd97-b2641f9198d5,2026-08-06T06:45:00Z,2026-08-06T08:45:00+0200,137.166666,MW,DK2,DK_2,forecast_onshore_wind_generation,Wind Onshore,2026-08-21T09:08:16Z
2026-08-21T08:53:57Z,2026-08-21T10:53:57+0200,5d6f4db6-a0f2-490a-bd97-b2641f9198d5,2026-08-06T07:00:00Z,2026-08-06T09:00:00+0200,150.833333,MW,DK2,DK_2,forecast_onshore_wind_generation,Wind Onshore,2026-08-21T09:08:16Z
2026-08-21T08:53:57Z,2026-08-21T10:53:57+0200,5d6f4db6-a0f2-490a-bd97-b2641f9198d5,2026-08-06T07:15:00Z,2026-08-06T09:15:00+0200,168.0,MW,DK2,DK_2,forecast_onshore_wind_generation,Wind Onshore,2026-08-21T09:08:16Z
2026-08-21T08:53:57Z,2026-08-21T10:53:57+0200,5d6f4db6-a0f2-490a-bd97-b2641f9198d5,2026-08-06T07:30:00Z,2026-08-06T09:30:00+0200,185.0,MW,DK2,DK_2,forecast_onshore_wind_generation,Wind Onshore,2026-08-21T09:08:16Z
2026-08-21T08:53:57Z,2026-08-21T10:53:57+0200,5d6f4db6-a0f2-490a-bd97-b2641f9198d5,2026-08-06T07:45:00Z,2026-08-06T09:45:00+0200,203.666666,MW,DK2,DK_2,forecast_onshore_wind_generation,Wind Onshore,2026-08-21T09:08:16Z
2026-08-21T08:53:57Z,2026-08-21T10:53:57+0200,5d6f4db6-a0f2-490a-bd97-b2641f9198d5,2026-08-06T08:00:00Z,2026-08-06T10:00:00+0200,224.5,MW,DK2,DK_2,forecast_onshore_wind_generation,Wind Onshore,2026-08-21T09:08:16Z
2026-08-21T08:53:57Z,2026-08-21T10:53:57+0200,5d6f4db6-a0f2-490a-bd97-b2641f9198d5,2026-08-06T08:15:00Z,2026-08-06T10:15:00+0200,240.166666,MW,DK2,DK_2,forecast_onshore_wind_generation,Wind Onshore,2026-08-21T09:08:16Z
2026-08-21T08:53:57Z,2026-08-21T10:53:57+0200,5d6f4db6-a0f2-490a-bd97-b2641f9198d5,2026-08-06T08:30:00Z,2026-08-06T10:30:00+0200,239.166666,MW,DK2,DK_2,forecast_onshore_wind_generation,Wind Onshore,2026-08-21T09:08:16Z
2026-08-21T08:53:57Z,2026-08-21T10:53:57+0200,5d6f4db6-a0f2-490a-bd97-b2641f9198d5,2026-08-06T08:45:00Z,2026-08-06T10:45:00+0200,234.5,MW,DK2,DK_2,forecast_onshore_wind_generation,Wind Onshore,2026-08-21T09:08:16Z
2026-08-21T08:53:57Z,2026-08-21T10:53:57+0200,5d6f4db6-a0f2-490a-bd97-b2641f9198d5,2026-08-06T09:00:00Z,2026-08-06T11:00:00+0200,223.666666,MW,DK2,DK_2,forecast_onshore_wind_generation,Wind Onshore,2026-08-21T09:08:16Z
2026-08-21T08:53:57Z,2026-08-21T10:53:57+0200,5d6f4db6-a0f2-490a-bd97-b2641f9198d5,2026-08-06T09:15:00Z,2026-08-06T11:15:00+0200,229.166666,MW,DK2,DK_2,forecast_onshore_wind_generation,Wind Onshore,2026-08-21T09:08:16Z
2026-08-21T08:53:57Z,2026-08-21T10:53:57+0200,5d6f4db6-a0f2-490a-bd97-b2641f9198d5,2026-08-06T09:30:00Z,2026-08-06T11:30:00+0200,240.833333,MW,DK2,DK_2,forecast_onshore_wind_generation,Wind Onshore,2026-08-21T09:08:16Z
2026-08-21T08:53:57Z,2026-08-21T10:53:57+0200,5d6f4db6-a0f2-490a-bd97-b2641f9198d5,2026-08-06T09:45:00Z,2026-08-06T11:45:00+0200,252.666666,MW,DK2,DK_2,forecast_onshore_wind_generation,Wind Onshore,2026-08-21T09:08:16Z
2026-08-21T08:53:57Z,2026-08-21T10:53:57+0200,5d6f4db6-a0f2-490a-bd97-b2641f9198d5,2026-08-06T10:00:00Z,2026-08-06T12:00:00+0200,267.666666,MW,DK2,DK_2,forecast_onshore_wind_generation,Wind Onshore,2026-08-21T09:08:16Z
2026-08-21T08:53:57Z,2026-08-21T10:53:57+0200,5d6f4db6-a0f2-490a-bd97-b2641f9198d5,2026-08-06T10:15:00Z,2026-08-06T12:15:00+0200,278.333333,MW,DK2,DK_2,forecast_onshore_wind_generation,Wind Onshore,2026-08-21T09:08:16Z
2026-08-21T08:53:57Z,2026-08-21T10:53:57+0200,5d6f4db6-a0f2-490a-bd97-b2641f9198d5,2026-08-06T10:30:00Z,2026-08-06T12:30:00+0200,289.166666,MW,DK2,DK_2,forecast_onshore_wind_generation,Wind Onshore,2026-08-21T09:08:16Z
2026-08-21T08:53:57Z,2026-08-21T10:53:57+0200,5d6f4db6-a0f2-490a-bd97-b2641f9198d5,2026-08-06T10:45:00Z,2026-08-06T12:45:00+0200,293.666666,MW,DK2,DK_2,forecast_onshore_wind_generation,Wind Onshore,2026-08-21T09:08:16Z
2026-08-21T08:53:57Z,2026-08-21T10:53:57+0200,5d6f4db6-a0f2-490a-bd97-b2641f9198d5,2026-08-06T11:00:00Z,2026-08-06T13:00:00+0200,287.333333,MW,DK2,DK_2,forecast_onshore_wind_generation,Wind Onshore,2026-08-21T09:08:16Z
2026-08-21T08:53:57Z,2026-08-21T10:53:57+0200,5d6f4db6-a0f2-490a-bd97-b2641f9198d5,2026-08-06T11:15:00Z,2026-08-06T13:15:00+0200,294.0,MW,DK2,DK_2,forecast_onshore_wind_generation,Wind Onshore,2026-08-21T09:08:16Z
2026-08-21T08:53:57Z,2026-08-21T10:53:57+0200,5d6f4db6-a0f2-490a-bd97-b2641f9198d5,2026-08-06T11:30:00Z,2026-08-06T13:30:00+0200,302.833333,MW,DK2,DK_2,forecast_onshore_wind_generation,Wind Onshore,2026-08-21T09:08:16Z
2026-08-21T08:53:57Z,2026-08-21T10:53:57+0200,5d6f4db6-a0f2-490a-bd97-b2641f9198d5,2026-08-06T11:45:00Z,2026-08-06T13:45:00+0200,306.833333,MW,DK2,DK_2,forecast_onshore_wind_generation,Wind Onshore,2026-08-21T09:08:16Z
2026-08-21T08:53:57Z,2026-08-21T10:53:57+0200,5d6f4db6-a0f2-490a-bd97-b2641f9198d5,2026-08-06T12:00:00Z,2026-08-06T14:00:00+0200,307.5,MW,DK2,DK_2,forecast_onshore_wind_generation,Wind Onshore,2026-08-21T09:08:16Z
2026-08-21T08:53:57Z,2026-08-21T10:53:57+0200,5d6f4db6-a0f2-490a-bd97-b2641f9198d5,2026-08-06T12:15:00Z,2026-08-06T14:15:00+0200,311.0,MW,DK2,DK_2,forecast_onshore_wind_generation,Wind Onshore,2026-08-21T09:08:16Z
2026-08-21T08:53:57Z,2026-08-21T10:53:57+0200,5d6f4db6-a0f2-490a-bd97-b2641f9198d5,2026-08-06T12:30:00Z,2026-08-06T14:30:00+0200,316.666666,MW,DK2,DK_2,forecast_onshore_wind_generation,Wind Onshore,2026-08-21T09:08:16Z
2026-08-21T08:53:57Z,2026-08-21T10:53:57+0200,5d6f4db6-a0f2-490a-bd97-b2641f9198d5,2026-08-06T12:45:00Z,2026-08-06T14:45:00+0200,320.0,MW,DK2,DK_2,forecast_onshore_wind_generation,Wind Onshore,2026-08-21T09:08:16Z
2026-08-21T08:53:57Z,2026-08-21T10:53:57+0200,5d6f4db6-a0f2-490a-bd97-b2641f9198d5,2026-08-06T13:00:00Z,2026-08-06T15:00:00+0200,324.333333,MW,DK2,DK_2,forecast_onshore_wind_generation,Wind Onshore,2026-08-21T09:08:16Z
2026-08-21T08:53:57Z,2026-08-21T10:53:57+0200,5d6f4db6-a0f2-490a-bd97-b2641f9198d5,2026-08-06T13:15:00Z,2026-08-06T15:15:00+0200,327.0,MW,DK2,DK_2,forecast_onshore_wind_generation,Wind Onshore,2026-08-21T09:08:16Z
2026-08-21T08:53:57Z,2026-08-21T10:53:57+0200,5d6f4db6-a0f2-490a-bd97-b2641f9198d5,2026-08-06T13:30:00Z,2026-08-06T15:30:00+0200,329.5,MW,DK2,DK_2,forecast_onshore_wind_generation,Wind Onshore,2026-08-21T09:08:16Z
2026-08-21T08:53:57Z,2026-08-21T10:53:57+0200,5d6f4db6-a0f2-490a-bd97-b2641f9198d5,2026-08-06T13:45:00Z,2026-08-06T15:45:00+0200,333.5,MW,DK2,DK_2,forecast_onshore_wind_generation,Wind Onshore,2026-08-21T09:08:16Z
2026-08-21T08:53:57Z,2026-08-21T10:53:57+0200,5d6f4db6-a0f2-490a-bd97-b2641f9198d5,2026-08-06T14:00:00Z,2026-08-06T16:00:00+0200,338.0,MW,DK2,DK_2,forecast_onshore_wind_generation,Wind Onshore,2026-08-21T09:08:16Z
2026-08-21T08:53:57Z,2026-08-21T10:53:57+0200,5d6f4db6-a0f2-490a-bd97-b2641f9198d5,2026-08-06T14:15:00Z,2026-08-06T16:15:00+0200,345.0,MW,DK2,DK_2,forecast_onshore_wind_generation,Wind Onshore,2026-08-21T09:08:16Z
2026-08-21T08:53:57Z,2026-08-21T10:53:57+0200,5d6f4db6-a0f2-490a-bd97-b2641f9198d5,2026-08-06T14:30:00Z,2026-08-06T16:30:00+0200,362.166666,MW,DK2,DK_2,forecast_onshore_wind_generation,Wind Onshore,2026-08-21T09:08:16Z
2026-08-21T08:53:57Z,2026-08-21T10:53:57+0200,5d6f4db6-a0f2-490a-bd97-b2641f9198d5,2026-08-06T14:45:00Z,2026-08-06T16:45:00+0200,377.5,MW,DK2,DK_2,forecast_onshore_wind_generation,Wind Onshore,2026-08-21T09:08:16Z
2026-08-21T08:53:57Z,2026-08-21T10:53:57+0200,5d6f4db6-a0f2-490a-bd97-b2641f9198d5,2026-08-06T15:00:00Z,2026-08-06T17:00:00+0200,425.333333,MW,DK2,DK_2,forecast_onshore_wind_generation,Wind Onshore,2026-08-21T09:08:16Z
2026-08-21T08:53:57Z,2026-08-21T10:53:57+0200,5d6f4db6-a0f2-490a-bd97-b2641f9198d5,2026-08-06T15:15:00Z,2026-08-06T17:15:00+0200,448.833333,MW,DK2,DK_2,forecast_onshore_wind_generation,Wind Onshore,2026-08-21T09:08:16Z
2026-08-21T08:53:57Z,2026-08-21T10:53:57+0200,5d6f4db6-a0f2-490a-bd97-b2641f9198d5,2026-08-06T15:30:00Z,2026-08-06T17:30:00+0200,467.833333,MW,DK2,DK_2,forecast_onshore_wind_generation,Wind Onshore,2026-08-21T09:08:16Z
2026-08-21T08:53:57Z,2026-08-21T10:53:57+0200,5d6f4db6-a0f2-490a-bd97-b2641f9198d5,2026-08-06T15:45:00Z,2026-08-06T17:45:00+0200,464.5,MW,DK2,DK_2,forecast_onshore_wind_generation,Wind Onshore,2026-08-21T09:08:16Z
2026-08-21T08:53:57Z,2026-08-21T10:53:57+0200,5d6f4db6-a0f2-490a-bd97-b2641f9198d5,2026-08-06T16:00:00Z,2026-08-06T18:00:00+0200,459.0,MW,DK2,DK_2,forecast_onshore_wind_generation,Wind Onshore,2026-08-21T09:08:16Z
2026-08-21T08:53:57Z,2026-08-21T10:53:57+0200,5d6f4db6-a0f2-490a-bd97-b2641f9198d5,2026-08-06T16:15:00Z,2026-08-06T18:15:00+0200,447.5,MW,DK2,DK_2,forecast_onshore_wind_generation,Wind Onshore,2026-08-21T09:08:16Z
2026-08-21T08:53:57Z,2026-08-21T10:53:57+0200,5d6f4db6-a0f2-490a-bd97-b2641f9198d5,2026-08-06T16:30:00Z,2026-08-06T18:30:00+0200,434.0,MW,DK2,DK_2,forecast_onshore_wind_generation,Wind Onshore,2026-08-21T09:08:16Z
2026-08-21T08:53:57Z,2026-08-21T10:53:57+0200,5d6f4db6-a0f2-490a-bd97-b2641f9198d5,2026-08-06T16:45:00Z,2026-08-06T18:45:00+0200,421.666666,MW,DK2,DK_2,forecast_onshore_wind_generation,Wind Onshore,2026-08-21T09:08:16Z
2026-08-21T08:53:57Z,2026-08-21T10:53:57+0200,5d6f4db6-a0f2-490a-bd97-b2641f9198d5,2026-08-06T17:00:00Z,2026-08-06T19:00:00+0200,405.0,MW,DK2,DK_2,forecast_onshore_wind_generation,Wind Onshore,2026-08-21T09:08:16Z
2026-08-21T08:53:57Z,2026-08-21T10:53:57+0200,5d6f4db6-a0f2-490a-bd97-b2641f9198d5,2026-08-06T17:15:00Z,2026-08-06T19:15:00+0200,387.166666,MW,DK2,DK_2,forecast_onshore_wind_generation,Wind Onshore,2026-08-21T09:08:16Z
2026-08-21T08:53:57Z,2026-08-21T10:53:57+0200,5d6f4db6-a0f2-490a-bd97-b2641f9198d5,2026-08-06T17:30:00Z,2026-08-06T19:30:00+0200,372.333333,MW,DK2,DK_2,forecast_onshore_wind_generation,Wind Onshore,2026-08-21T09:08:16Z
2026-08-21T08:53:57Z,2026-08-21T10:53:57+0200,5d6f4db6-a0f2-490a-bd97-b2641f9198d5,2026-08-06T17:45:00Z,2026-08-06T19:45:00+0200,363.833333,MW,DK2,DK_2,forecast_onshore_wind_generation,Wind Onshore,2026-08-21T09:08:16Z
2026-08-21T08:53:57Z,2026-08-21T10:53:57+0200,5d6f4db6-a0f2-490a-bd97-b2641f9198d5,2026-08-06T18:00:00Z,2026-08-06T20:00:00+0200,362.0,MW,DK2,DK_2,forecast_onshore_wind_generation,Wind Onshore,2026-08-21T09:08:16Z
2026-08-21T08:53:57Z,2026-08-21T10:53:57+0200,5d6f4db6-a0f2-490a-bd97-b2641f9198d5,2026-08-06T18:15:00Z,2026-08-06T20:15:00+0200,362.0,MW,DK2,DK_2,forecast_onshore_wind_generation,Wind Onshore,2026-08-21T09:08:16Z
2026-08-21T08:53:57Z,2026-08-21T10:53:57+0200,5d6f4db6-a0f2-490a-bd97-b2641f9198d5,2026-08-06T18:30:00Z,2026-08-06T20:30:00+0200,361.5,MW,DK2,DK_2,forecast_onshore_wind_generation,Wind Onshore,2026-08-21T09:08:16Z
2026-08-21T08:53:57Z,2026-08-21T10:53:57+0200,5d6f4db6-a0f2-490a-bd97-b2641f9198d5,2026-08-06T18:45:00Z,2026-08-06T20:45:00+0200,361.5,MW,DK2,DK_2,forecast_onshore_wind_generation,Wind Onshore,2026-08-21T09:08:16Z
2026-08-21T08:53:57Z,2026-08-21T10:53:57+0200,5d6f4db6-a0f2-490a-bd97-b2641f9198d5,2026-08-06T19:00:00Z,2026-08-06T21:00:00+0200,361.833333,MW,DK2,DK_2,forecast_onshore_wind_generation,Wind Onshore,2026-08-21T09:08:16Z
2026-08-21T08:53:57Z,2026-08-21T10:53:57+0200,5d6f4db6-a0f2-490a-bd97-b2641f9198d5,2026-08-06T19:15:00Z,2026-08-06T21:15:00+0200,360.0,MW,DK2,DK_2,forecast_onshore_wind_generation,Wind Onshore,2026-08-21T09:08:16Z
2026-08-21T08:53:57Z,2026-08-21T10:53:57+0200,5d6f4db6-a0f2-490a-bd97-b2641f9198d5,2026-08-06T19:30:00Z,2026-08-06T21:30:00+0200,358.5,MW,DK2,DK_2,forecast_onshore_wind_generation,Wind Onshore,2026-08-21T09:08:16Z
2026-08-21T08:53:57Z,2026-08-21T10:53:57+0200,5d6f4db6-a0f2-490a-bd97-b2641f9198d5,2026-08-06T19:45:00Z,2026-08-06T21:45:00+0200,358.166666,MW,DK2,DK_2,forecast_onshore_wind_generation,Wind Onshore,2026-08-21T09:08:16Z
2026-08-21T08:53:57Z,2026-08-21T10:53:57+0200,5d6f4db6-a0f2-490a-bd97-b2641f9198d5,2026-08-06T20:00:00Z,2026-08-06T22:00:00+0200,358.5,MW,DK2,DK_2,forecast_onshore_wind_generation,Wind Onshore,2026-08-21T09:08:16Z
2026-08-21T08:53:57Z,2026-08-21T10:53:57+0200,5d6f4db6-a0f2-490a-bd97-b2641f9198d5,2026-08-06T20:15:00Z,2026-08-06T22:15:00+0200,355.5,MW,DK2,DK_2,forecast_onshore_wind_generation,Wind Onshore,2026-08-21T09:08:16Z
2026-08-21T08:53:57Z,2026-08-21T10:53:57+0200,5d6f4db6-a0f2-490a-bd97-b2641f9198d5,2026-08-06T20:30:00Z,2026-08-06T22:30:00+0200,351.5,MW,DK2,DK_2,forecast_onshore_wind_generation,Wind Onshore,2026-08-21T09:08:16Z
2026-08-21T08:53:57Z,2026-08-21T10:53:57+0200,5d6f4db6-a0f2-490a-bd97-b2641f9198d5,2026-08-06T20:45:00Z,2026-08-06T22:45:00+0200,347.5,MW,DK2,DK_2,forecast_onshore_wind_generation,Wind Onshore,2026-08-21T09:08:16Z
2026-08-21T08:53:57Z,2026-08-21T10:53:57+0200,5d6f4db6-a0f2-490a-bd97-b2641f9198d5,2026-08-06T21:00:00Z,2026-08-06T23:00:00+0200,341.333333,MW,DK2,DK_2,forecast_onshore_wind_generation,Wind Onshore,2026-08-21T09:08:16Z
2026-08-21T08:53:57Z,2026-08-21T10:53:57+0200,5d6f4db6-a0f2-490a-bd97-b2641f9198d5,2026-08-06T21:15:00Z,2026-08-06T23:15:00+0200,334.0,MW,DK2,DK_2,forecast_onshore_wind_generation,Wind Onshore,2026-08-21T09:08:16Z
2026-08-21T08:53:57Z,2026-08-21T10:53:57+0200,5d6f4db6-a0f2-490a-bd97-b2641f9198d5,2026-08-06T21:30:00Z,2026-08-06T23:30:00+0200,327.5,MW,DK2,DK_2,forecast_onshore_wind_generation,Wind Onshore,2026-08-21T09:08:16Z
2026-08-21T08:53:57Z,2026-08-21T10:53:57+0200,5d6f4db6-a0f2-490a-bd97-b2641f9198d5,2026-08-06T21:45:00Z,2026-08-06T23:45:00+0200,324.833333,MW,DK2,DK_2,forecast_onshore_wind_generation,Wind Onshore,2026-08-21T09:08:16Z
2026-08-21T08:53:57Z,2026-08-21T10:53:57+0200,5d6f4db6-a0f2-490a-bd97-b2641f9198d5,2026-08-06T22:00:00Z,2026-08-07T00:00:00+0200,301.166666,MW,DK2,DK_2,forecast_onshore_wind_generation,Wind Onshore,2026-08-21T09:08:16Z
2026-08-21T08:53:57Z,2026-08-21T10:53:57+0200,5d6f4db6-a0f2-490a-bd97-b2641f9198d5,2026-08-06T22:15:00Z,2026-08-07T00:15:00+0200,300.333333,MW,DK2,DK_2,forecast_onshore_wind_generation,Wind Onshore,2026-08-21T09:08:16Z
2026-08-21T08:53:57Z,2026-08-21T10:53:57+0200,5d6f4db6-a0f2-490a-bd97-b2641f9198d5,2026-08-06T22:30:00Z,2026-08-07T00:30:00+0200,297.166666,MW,DK2,DK_2,forecast_onshore_wind_generation,Wind Onshore,2026-08-21T09:08:16Z
2026-08-21T08:53:57Z,2026-08-21T10:53:57+0200,5d6f4db6-a0f2-490a-bd97-b2641f9198d5,2026-08-06T22:45:00Z,2026-08-07T00:45:00+0200,290.833333,MW,DK2,DK_2,forecast_onshore_wind_generation,Wind Onshore,2026-08-21T09:08:16Z
2026-08-21T08:53:57Z,2026-08-21T10:53:57+0200,5d6f4db6-a0f2-490a-bd97-b2641f9198d5,2026-08-06T23:00:00Z,2026-08-07T01:00:00+0200,283.5,MW,DK2,DK_2,forecast_onshore_wind_generation,Wind Onshore,2026-08-21T09:08:16Z
2026-08-21T08:53:57Z,2026-08-21T10:53:57+0200,5d6f4db6-a0f2-490a-bd97-b2641f9198d5,2026-08-06T23:15:00Z,2026-08-07T01:15:00+0200,277.666666,MW,DK2,DK_2,forecast_onshore_wind_generation,Wind Onshore,2026-08-21T09:08:16Z
2026-08-21T08:53:57Z,2026-08-21T10:53:57+0200,5d6f4db6-a0f2-490a-bd97-b2641f9198d5,2026-08-06T23:30:00Z,2026-08-07T01:30:00+0200,274.5,MW,DK2,DK_2,forecast_onshore_wind_generation,Wind Onshore,2026-08-21T09:08:16Z
2026-08-21T08:53:57Z,2026-08-21T10:53:57+0200,5d6f4db6-a0f2-490a-bd97-b2641f9198d5,2026-08-06T23:45:00Z,2026-08-07T01:45:00+0200,273.166666,MW,DK2,DK_2,forecast_onshore_wind_generation,Wind Onshore,2026-08-21T09:08:16Z
2026-08-21T08:53:57Z,2026-08-21T10:53:57+0200,5d6f4db6-a0f2-490a-bd97-b2641f9198d5,2026-08-07T00:00:00Z,2026-08-07T02:00:00+0200,273.833333,MW,DK2,DK_2,forecast_onshore_wind_generation,Wind Onshore,2026-08-21T09:08:16Z
2026-08-21T08:53:57Z,2026-08-21T10:53:57+0200,5d6f4db6-a0f2-490a-bd97-b2641f9198d5,2026-08-07T00:15:00Z,2026-08-07T02:15:00+0200,271.0,MW,DK2,DK_2,forecast_onshore_wind_generation,Wind Onshore,2026-08-21T09:08:16Z
2026-08-21T08:53:57Z,2026-08-21T10:53:57+0200,5d6f4db6-a0f2-490a-bd97-b2641f9198d5,2026-08-07T00:30:00Z,2026-08-07T02:30:00+0200,266.666666,MW,DK2,DK_2,forecast_onshore_wind_generation,Wind Onshore,2026-08-21T09:08:16Z
2026-08-21T08:53:57Z,2026-08-21T10:53:57+0200,5d6f4db6-a0f2-490a-bd97-b2641f9198d5,2026-08-07T00:45:00Z,2026-08-07T02:45:00+0200,264.0,MW,DK2,DK_2,forecast_onshore_wind_generation,Wind Onshore,2026-08-21T09:08:16Z
2026-08-21T08:53:57Z,2026-08-21T10:53:57+0200,5d6f4db6-a0f2-490a-bd97-b2641f9198d5,2026-08-07T01:00:00Z,2026-08-07T03:00:00+0200,261.333333,MW,DK2,DK_2,forecast_onshore_wind_generation,Wind Onshore,2026-08-21T09:08:16Z
2026-08-21T08:53:57Z,2026-08-21T10:53:57+0200,5d6f4db6-a0f2-490a-bd97-b2641f9198d5,2026-08-07T01:15:00Z,2026-08-07T03:15:00+0200,256.0,MW,DK2,DK_2,forecast_onshore_wind_generation,Wind Onshore,2026-08-21T09:08:16Z
2026-08-21T08:53:57Z,2026-08-21T10:53:57+0200,5d6f4db6-a0f2-490a-bd97-b2641f9198d5,2026-08-07T01:30:00Z,2026-08-07T03:30:00+0200,250.666666,MW,DK2,DK_2,forecast_onshore_wind_generation,Wind Onshore,2026-08-21T09:08:16Z
2026-08-21T08:53:57Z,2026-08-21T10:53:57+0200,5d6f4db6-a0f2-490a-bd97-b2641f9198d5,2026-08-07T01:45:00Z,2026-08-07T03:45:00+0200,249.833333,MW,DK2,DK_2,forecast_onshore_wind_generation,Wind Onshore,2026-08-21T09:08:16Z
2026-08-21T08:53:57Z,2026-08-21T10:53:57+0200,5d6f4db6-a0f2-490a-bd97-b2641f9198d5,2026-08-07T02:00:00Z,2026-08-07T04:00:00+0200,249.833333,MW,DK2,DK_2,forecast_onshore_wind_generation,Wind Onshore,2026-08-21T09:08:16Z
2026-08-21T08:53:57Z,2026-08-21T10:53:57+0200,5d6f4db6-a0f2-490a-bd97-b2641f9198d5,2026-08-07T02:15:00Z,2026-08-07T04:15:00+0200,247.5,MW,DK2,DK_2,forecast_onshore_wind_generation,Wind Onshore,2026-08-21T09:08:16Z
2026-08-21T08:53:57Z,2026-08-21T10:53:57+0200,5d6f4db6-a0f2-490a-bd97-b2641f9198d5,2026-08-07T02:30:00Z,2026-08-07T04:30:00+0200,246.166666,MW,DK2,DK_2,forecast_onshore_wind_generation,Wind Onshore,2026-08-21T09:08:16Z
2026-08-21T08:53:57Z,2026-08-21T10:53:57+0200,5d6f4db6-a0f2-490a-bd97-b2641f9198d5,2026-08-07T02:45:00Z,2026-08-07T04:45:00+0200,249.166666,MW,DK2,DK_2,forecast_onshore_wind_generation,Wind Onshore,2026-08-21T09:08:16Z
2026-08-21T08:53:57Z,2026-08-21T10:53:57+0200,5d6f4db6-a0f2-490a-bd97-b2641f9198d5,2026-08-07T03:00:00Z,2026-08-07T05:00:00+0200,250.833333,MW,DK2,DK_2,forecast_onshore_wind_generation,Wind Onshore,2026-08-21T09:08:16Z
2026-08-21T08:53:57Z,2026-08-21T10:53:57+0200,5d6f4db6-a0f2-490a-bd97-b2641f9198d5,2026-08-07T03:15:00Z,2026-08-07T05:15:00+0200,252.333333,MW,DK2,DK_2,forecast_onshore_wind_generation,Wind Onshore,2026-08-21T09:08:16Z
2026-08-21T08:53:57Z,2026-08-21T10:53:57+0200,5d6f4db6-a0f2-490a-bd97-b2641f9198d5,2026-08-07T03:30:00Z,2026-08-07T05:30:00+0200,257.0,MW,DK2,DK_2,forecast_onshore_wind_generation,Wind Onshore,2026-08-21T09:08:16Z
2026-08-21T08:53:57Z,2026-08-21T10:53:57+0200,5d6f4db6-a0f2-490a-bd97-b2641f9198d5,2026-08-07T03:45:00Z,2026-08-07T05:45:00+0200,262.0,MW,DK2,DK_2,forecast_onshore_wind_generation,Wind Onshore,2026-08-21T09:08:16Z
2026-08-21T08:53:57Z,2026-08-21T10:53:57+0200,5d6f4db6-a0f2-490a-bd97-b2641f9198d5,2026-08-07T04:00:00Z,2026-08-07T06:00:00+0200,268.0,MW,DK2,DK_2,forecast_onshore_wind_generation,Wind Onshore,2026-08-21T09:08:16Z
2026-08-21T08:53:57Z,2026-08-21T10:53:57+0200,5d6f4db6-a0f2-490a-bd97-b2641f9198d5,2026-08-07T04:15:00Z,2026-08-07T06:15:00+0200,272.166666,MW,DK2,DK_2,forecast_onshore_wind_generation,Wind Onshore,2026-08-21T09:08:16Z
2026-08-21T08:53:57Z,2026-08-21T10:53:57+0200,5d6f4db6-a0f2-490a-bd97-b2641f9198d5,2026-08-07T04:30:00Z,2026-08-07T06:30:00+0200,271.833333,MW,DK2,DK_2,forecast_onshore_wind_generation,Wind Onshore,2026-08-21T09:08:16Z
2026-08-21T08:53:57Z,2026-08-21T10:53:57+0200,5d6f4db6-a0f2-490a-bd97-b2641f9198d5,2026-08-07T04:45:00Z,2026-08-07T06:45:00+0200,270.333333,MW,DK2,DK_2,forecast_onshore_wind_generation,Wind Onshore,2026-08-21T09:08:16Z
2026-08-21T08:53:57Z,2026-08-21T10:53:57+0200,5d6f4db6-a0f2-490a-bd97-b2641f9198d5,2026-08-07T05:00:00Z,2026-08-07T07:00:00+0200,266.5,MW,DK2,DK_2,forecast_onshore_wind_generation,Wind Onshore,2026-08-21T09:08:16Z
2026-08-21T08:53:57Z,2026-08-21T10:53:57+0200,5d6f4db6-a0f2-490a-bd97-b2641f9198d5,2026-08-07T05:15:00Z,2026-08-07T07:15:00+0200,260.5,MW,DK2,DK_2,forecast_onshore_wind_generation,Wind Onshore,2026-08-21T09:08:16Z
2026-08-21T08:53:57Z,2026-08-21T10:53:57+0200,5d6f4db6-a0f2-490a-bd97-b2641f9198d5,2026-08-07T05:30:00Z,2026-08-07T07:30:00+0200,253.5,MW,DK2,DK_2,forecast_onshore_wind_generation,Wind Onshore,2026-08-21T09:08:16Z
2026-08-21T08:53:57Z,2026-08-21T10:53:57+0200,5d6f4db6-a0f2-490a-bd97-b2641f9198d5,2026-08-07T05:45:00Z,2026-08-07T07:45:00+0200,246.166666,MW,DK2,DK_2,forecast_onshore_wind_generation,Wind Onshore,2026-08-21T09:08:16Z
2026-08-21T08:53:57Z,2026-08-21T10:53:57+0200,5d6f4db6-a0f2-490a-bd97-b2641f9198d5,2026-08-07T06:00:00Z,2026-08-07T08:00:00+0200,240.666666,MW,DK2,DK_2,forecast_onshore_wind_generation,Wind Onshore,2026-08-21T09:08:16Z
2026-08-21T08:53:57Z,2026-08-21T10:53:57+0200,5d6f4db6-a0f2-490a-bd97-b2641f9198d5,2026-08-07T06:15:00Z,2026-08-07T08:15:00+0200,238.0,MW,DK2,DK_2,forecast_onshore_wind_generation,Wind Onshore,2026-08-21T09:08:16Z
2026-08-21T08:53:57Z,2026-08-21T10:53:57+0200,5d6f4db6-a0f2-490a-bd97-b2641f9198d5,2026-08-07T06:30:00Z,2026-08-07T08:30:00+0200,237.833333,MW,DK2,DK_2,forecast_onshore_wind_generation,Wind Onshore,2026-08-21T09:08:16Z
2026-08-21T08:53:57Z,2026-08-21T10:53:57+0200,5d6f4db6-a0f2-490a-bd97-b2641f9198d5,2026-08-07T06:45:00Z,2026-08-07T08:45:00+0200,241.833333,MW,DK2,DK_2,forecast_onshore_wind_generation,Wind Onshore,2026-08-21T09:08:16Z
2026-08-21T08:53:57Z,2026-08-21T10:53:57+0200,5d6f4db6-a0f2-490a-bd97-b2641f9198d5,2026-08-07T07:00:00Z,2026-08-07T09:00:00+0200,253.666666,MW,DK2,DK_2,forecast_onshore_wind_generation,Wind Onshore,2026-08-21T09:08:16Z
2026-08-21T08:53:57Z,2026-08-21T10:53:57+0200,5d6f4db6-a0f2-490a-bd97-b2641f9198d5,2026-08-07T07:15:00Z,2026-08-07T09:15:00+0200,264.666666,MW,DK2,DK_2,forecast_onshore_wind_generation,Wind Onshore,2026-08-21T09:08:16Z
2026-08-21T08:53:57Z,2026-08-21T10:53:57+0200,5d6f4db6-a0f2-490a-bd97-b2641f9198d5,2026-08-07T07:30:00Z,2026-08-07T09:30:00+0200,270.0,MW,DK2,DK_2,forecast_onshore_wind_generation,Wind Onshore,2026-08-21T09:08:16Z
2026-08-21T08:53:57Z,2026-08-21T10:53:57+0200,5d6f4db6-a0f2-490a-bd97-b2641f9198d5,2026-08-07T07:45:00Z,2026-08-07T09:45:00+0200,275.0,MW,DK2,DK_2,forecast_onshore_wind_generation,Wind Onshore,2026-08-21T09:08:16Z
2026-08-21T08:53:57Z,2026-08-21T10:53:57+0200,5d6f4db6-a0f2-490a-bd97-b2641f9198d5,2026-08-07T08:00:00Z,2026-08-07T10:00:00+0200,278.333333,MW,DK2,DK_2,forecast_onshore_wind_generation,Wind Onshore,2026-08-21T09:08:16Z
2026-08-21T08:53:57Z,2026-08-21T10:53:57+0200,5d6f4db6-a0f2-490a-bd97-b2641f9198d5,2026-08-07T08:15:00Z,2026-08-07T10:15:00+0200,275.5,MW,DK2,DK_2,forecast_onshore_wind_generation,Wind Onshore,2026-08-21T09:08:16Z
2026-08-21T08:53:57Z,2026-08-21T10:53:57+0200,5d6f4db6-a0f2-490a-bd97-b2641f9198d5,2026-08-07T08:30:00Z,2026-08-07T10:30:00+0200,269.166666,MW,DK2,DK_2,forecast_onshore_wind_generation,Wind Onshore,2026-08-21T09:08:16Z
2026-08-21T08:53:57Z,2026-08-21T10:53:57+0200,5d6f4db6-a0f2-490a-bd97-b2641f9198d5,2026-08-07T08:45:00Z,2026-08-07T10:45:00+0200,267.0,MW,DK2,DK_2,forecast_onshore_wind_generation,Wind Onshore,2026-08-21T09:08:16Z
2026-08-21T08:53:57Z,2026-08-21T10:53:57+0200,5d6f4db6-a0f2-490a-bd97-b2641f9198d5,2026-08-07T09:00:00Z,2026-08-07T11:00:00+0200,267.5,MW,DK2,DK_2,forecast_onshore_wind_generation,Wind Onshore,2026-08-21T09:08:16Z
2026-08-21T08:53:57Z,2026-08-21T10:53:57+0200,5d6f4db6-a0f2-490a-bd97-b2641f9198d5,2026-08-07T09:15:00Z,2026-08-07T11:15:00+0200,269.5,MW,DK2,DK_2,forecast_onshore_wind_generation,Wind Onshore,2026-08-21T09:08:16Z
2026-08-21T08:53:57Z,2026-08-21T10:53:57+0200,5d6f4db6-a0f2-490a-bd97-b2641f9198d5,2026-08-07T09:30:00Z,2026-08-07T11:30:00+0200,272.5,MW,DK2,DK_2,forecast_onshore_wind_generation,Wind Onshore,2026-08-21T09:08:16Z
2026-08-21T08:53:57Z,2026-08-21T10:53:57+0200,5d6f4db6-a0f2-490a-bd97-b2641f9198d5,2026-08-07T09:45:00Z,2026-08-07T11:45:00+0200,276.833333,MW,DK2,DK_2,forecast_onshore_wind_generation,Wind Onshore,2026-08-21T09:08:16Z
2026-08-21T08:53:57Z,2026-08-21T10:53:57+0200,5d6f4db6-a0f2-490a-bd97-b2641f9198d5,2026-08-07T10:00:00Z,2026-08-07T12:00:00+0200,280.5,MW,DK2,DK_2,forecast_onshore_wind_generation,Wind Onshore,2026-08-21T09:08:16Z
2026-08-21T08:53:57Z,2026-08-21T10:53:57+0200,5d6f4db6-a0f2-490a-bd97-b2641f9198d5,2026-08-07T10:15:00Z,2026-08-07T12:15:00+0200,279.833333,MW,DK2,DK_2,forecast_onshore_wind_generation,Wind Onshore,2026-08-21T09:08:16Z
2026-08-21T08:53:57Z,2026-08-21T10:53:57+0200,5d6f4db6-a0f2-490a-bd97-b2641f9198d5,2026-08-07T10:30:00Z,2026-08-07T12:30:00+0200,277.5,MW,DK2,DK_2,forecast_onshore_wind_generation,Wind Onshore,2026-08-21T09:08:16Z
2026-08-21T08:53:57Z,2026-08-21T10:53:57+0200,5d6f4db6-a0f2-490a-bd97-b2641f9198d5,2026-08-07T10:45:00Z,2026-08-07T12:45:00+0200,274.5,MW,DK2,DK_2,forecast_onshore_wind_generation,Wind Onshore,2026-08-21T09:08:16Z
2026-08-21T08:53:57Z,2026-08-21T10:53:57+0200,5d6f4db6-a0f2-490a-bd97-b2641f9198d5,2026-08-07T11:00:00Z,2026-08-07T13:00:00+0200,271.333333,MW,DK2,DK_2,forecast_onshore_wind_generation,Wind Onshore,2026-08-21T09:08:16Z
2026-08-21T08:53:57Z,2026-08-21T10:53:57+0200,5d6f4db6-a0f2-490a-bd97-b2641f9198d5,2026-08-07T11:15:00Z,2026-08-07T13:15:00+0200,269.5,MW,DK2,DK_2,forecast_onshore_wind_generation,Wind Onshore,2026-08-21T09:08:16Z
2026-08-21T08:53:57Z,2026-08-21T10:53:57+0200,5d6f4db6-a0f2-490a-bd97-b2641f9198d5,2026-08-07T11:30:00Z,2026-08-07T13:30:00+0200,269.833333,MW,DK2,DK_2,forecast_onshore_wind_generation,Wind Onshore,2026-08-21T09:08:16Z
2026-08-21T08:53:57Z,2026-08-21T10:53:57+0200,5d6f4db6-a0f2-490a-bd97-b2641f9198d5,2026-08-07T11:45:00Z,2026-08-07T13:45:00+0200,266.833333,MW,DK2,DK_2,forecast_onshore_wind_generation,Wind Onshore,2026-08-21T09:08:16Z
2026-08-21T08:53:57Z,2026-08-21T10:53:57+0200,5d6f4db6-a0f2-490a-bd97-b2641f9198d5,2026-08-07T12:00:00Z,2026-08-07T14:00:00+0200,261.5,MW,DK2,DK_2,forecast_onshore_wind_generation,Wind Onshore,2026-08-21T09:08:16Z
2026-08-21T08:53:57Z,2026-08-21T10:53:57+0200,5d6f4db6-a0f2-490a-bd97-b2641f9198d5,2026-08-07T12:15:00Z,2026-08-07T14:15:00+0200,258.0,MW,DK2,DK_2,forecast_onshore_wind_generation,Wind Onshore,2026-08-21T09:08:16Z
2026-08-21T08:53:57Z,2026-08-21T10:53:57+0200,5d6f4db6-a0f2-490a-bd97-b2641f9198d5,2026-08-07T12:30:00Z,2026-08-07T14:30:00+0200,257.666666,MW,DK2,DK_2,forecast_onshore_wind_generation,Wind Onshore,2026-08-21T09:08:16Z
2026-08-21T08:53:57Z,2026-08-21T10:53:57+0200,5d6f4db6-a0f2-490a-bd97-b2641f9198d5,2026-08-07T12:45:00Z,2026-08-07T14:45:00+0200,256.666666,MW,DK2,DK_2,forecast_onshore_wind_generation,Wind Onshore,2026-08-21T09:08:16Z
2026-08-21T08:53:57Z,2026-08-21T10:53:57+0200,5d6f4db6-a0f2-490a-bd97-b2641f9198d5,2026-08-07T13:00:00Z,2026-08-07T15:00:00+0200,257.5,MW,DK2,DK_2,forecast_onshore_wind_generation,Wind Onshore,2026-08-21T09:08:16Z
2026-08-21T08:53:57Z,2026-08-21T10:53:57+0200,5d6f4db6-a0f2-490a-bd97-b2641f9198d5,2026-08-07T13:15:00Z,2026-08-07T15:15:00+0200,257.5,MW,DK2,DK_2,forecast_onshore_wind_generation,Wind Onshore,2026-08-21T09:08:16Z
2026-08-21T08:53:57Z,2026-08-21T10:53:57+0200,5d6f4db6-a0f2-490a-bd97-b2641f9198d5,2026-08-07T13:30:00Z,2026-08-07T15:30:00+0200,257.0,MW,DK2,DK_2,forecast_onshore_wind_generation,Wind Onshore,2026-08-21T09:08:16Z
2026-08-21T08:53:57Z,2026-08-21T10:53:57+0200,5d6f4db6-a0f2-490a-bd97-b2641f9198d5,2026-08-07T13:45:00Z,2026-08-07T15:45:00+0200,257.833333,MW,DK2,DK_2,forecast_onshore_wind_generation,Wind Onshore,2026-08-21T09:08:16Z
2026-08-21T08:53:57Z,2026-08-21T10:53:57+0200,5d6f4db6-a0f2-490a-bd97-b2641f9198d5,2026-08-07T14:00:00Z,2026-08-07T16:00:00+0200,258.0,MW,DK2,DK_2,forecast_onshore_wind_generation,Wind Onshore,2026-08-21T09:08:16Z
2026-08-21T08:53:57Z,2026-08-21T10:53:57+0200,5d6f4db6-a0f2-490a-bd97-b2641f9198d5,2026-08-07T14:15:00Z,2026-08-07T16:15:00+0200,258.0,MW,DK2,DK_2,forecast_onshore_wind_generation,Wind Onshore,2026-08-21T09:08:16Z
2026-08-21T08:53:57Z,2026-08-21T10:53:57+0200,5d6f4db6-a0f2-490a-bd97-b2641f9198d5,2026-08-07T14:30:00Z,2026-08-07T16:30:00+0200,257.166666,MW,DK2,DK_2,forecast_onshore_wind_generation,Wind Onshore,2026-08-21T09:08:16Z
2026-08-21T08:53:57Z,2026-08-21T10:53:57+0200,5d6f4db6-a0f2-490a-bd97-b2641f9198d5,2026-08-07T14:45:00Z,2026-08-07T16:45:00+0200,256.666666,MW,DK2,DK_2,forecast_onshore_wind_generation,Wind Onshore,2026-08-21T09:08:16Z
2026-08-21T08:53:57Z,2026-08-21T10:53:57+0200,5d6f4db6-a0f2-490a-bd97-b2641f9198d5,2026-08-07T15:00:00Z,2026-08-07T17:00:00+0200,256.833333,MW,DK2,DK_2,forecast_onshore_wind_generation,Wind Onshore,2026-08-21T09:08:16Z
2026-08-21T08:53:57Z,2026-08-21T10:53:57+0200,5d6f4db6-a0f2-490a-bd97-b2641f9198d5,2026-08-07T15:15:00Z,2026-08-07T17:15:00+0200,252.833333,MW,DK2,DK_2,forecast_onshore_wind_generation,Wind Onshore,2026-08-21T09:08:16Z
2026-08-21T08:53:57Z,2026-08-21T10:53:57+0200,5d6f4db6-a0f2-490a-bd97-b2641f9198d5,2026-08-07T15:30:00Z,2026-08-07T17:30:00+0200,246.833333,MW,DK2,DK_2,forecast_onshore_wind_generation,Wind Onshore,2026-08-21T09:08:16Z
2026-08-21T08:53:57Z,2026-08-21T10:53:57+0200,5d6f4db6-a0f2-490a-bd97-b2641f9198d5,2026-08-07T15:45:00Z,2026-08-07T17:45:00+0200,241.5,MW,DK2,DK_2,forecast_onshore_wind_generation,Wind Onshore,2026-08-21T09:08:16Z
2026-08-21T08:53:57Z,2026-08-21T10:53:57+0200,5d6f4db6-a0f2-490a-bd97-b2641f9198d5,2026-08-07T16:00:00Z,2026-08-07T18:00:00+0200,236.5,MW,DK2,DK_2,forecast_onshore_wind_generation,Wind Onshore,2026-08-21T09:08:16Z
2026-08-21T08:53:57Z,2026-08-21T10:53:57+0200,5d6f4db6-a0f2-490a-bd97-b2641f9198d5,2026-08-07T16:15:00Z,2026-08-07T18:15:00+0200,231.5,MW,DK2,DK_2,forecast_onshore_wind_generation,Wind Onshore,2026-08-21T09:08:16Z
2026-08-21T08:53:57Z,2026-08-21T10:53:57+0200,5d6f4db6-a0f2-490a-bd97-b2641f9198d5,2026-08-07T16:30:00Z,2026-08-07T18:30:00+0200,226.5,MW,DK2,DK_2,forecast_onshore_wind_generation,Wind Onshore,2026-08-21T09:08:16Z
2026-08-21T08:53:57Z,2026-08-21T10:53:57+0200,5d6f4db6-a0f2-490a-bd97-b2641f9198d5,2026-08-07T16:45:00Z,2026-08-07T18:45:00+0200,220.833333,MW,DK2,DK_2,forecast_onshore_wind_generation,Wind Onshore,2026-08-21T09:08:16Z
2026-08-21T08:53:57Z,2026-08-21T10:53:57+0200,5d6f4db6-a0f2-490a-bd97-b2641f9198d5,2026-08-07T17:00:00Z,2026-08-07T19:00:00+0200,212.666666,MW,DK2,DK_2,forecast_onshore_wind_generation,Wind Onshore,2026-08-21T09:08:16Z
2026-08-21T08:53:57Z,2026-08-21T10:53:57+0200,5d6f4db6-a0f2-490a-bd97-b2641f9198d5,2026-08-07T17:15:00Z,2026-08-07T19:15:00+0200,203.833333,MW,DK2,DK_2,forecast_onshore_wind_generation,Wind Onshore,2026-08-21T09:08:16Z
2026-08-21T08:53:57Z,2026-08-21T10:53:57+0200,5d6f4db6-a0f2-490a-bd97-b2641f9198d5,2026-08-07T17:30:00Z,2026-08-07T19:30:00+0200,196.166666,MW,DK2,DK_2,forecast_onshore_wind_generation,Wind Onshore,2026-08-21T09:08:16Z
2026-08-21T08:53:57Z,2026-08-21T10:53:57+0200,5d6f4db6-a0f2-490a-bd97-b2641f9198d5,2026-08-07T17:45:00Z,2026-08-07T19:45:00+0200,190.666666,MW,DK2,DK_2,forecast_onshore_wind_generation,Wind Onshore,2026-08-21T09:08:16Z
2026-08-21T08:53:57Z,2026-08-21T10:53:57+0200,5d6f4db6-a0f2-490a-bd97-b2641f9198d5,2026-08-07T18:00:00Z,2026-08-07T20:00:00+0200,185.833333,MW,DK2,DK_2,forecast_onshore_wind_generation,Wind Onshore,2026-08-21T09:08:16Z
2026-08-21T08:53:57Z,2026-08-21T10:53:57+0200,5d6f4db6-a0f2-490a-bd97-b2641f9198d5,2026-08-07T18:15:00Z,2026-08-07T20:15:00+0200,176.833333,MW,DK2,DK_2,forecast_onshore_wind_generation,Wind Onshore,2026-08-21T09:08:16Z
2026-08-21T08:53:57Z,2026-08-21T10:53:57+0200,5d6f4db6-a0f2-490a-bd97-b2641f9198d5,2026-08-07T18:30:00Z,2026-08-07T20:30:00+0200,163.833333,MW,DK2,DK_2,forecast_onshore_wind_generation,Wind Onshore,2026-08-21T09:08:16Z
2026-08-21T08:53:57Z,2026-08-21T10:53:57+0200,5d6f4db6-a0f2-490a-bd97-b2641f9198d5,2026-08-07T18:45:00Z,2026-08-07T20:45:00+0200,154.5,MW,DK2,DK_2,forecast_onshore_wind_generation,Wind Onshore,2026-08-21T09:08:16Z
2026-08-21T08:53:57Z,2026-08-21T10:53:57+0200,5d6f4db6-a0f2-490a-bd97-b2641f9198d5,2026-08-07T19:00:00Z,2026-08-07T21:00:00+0200,147.333333,MW,DK2,DK_2,forecast_onshore_wind_generation,Wind Onshore,2026-08-21T09:08:16Z
2026-08-21T08:53:57Z,2026-08-21T10:53:57+0200,5d6f4db6-a0f2-490a-bd97-b2641f9198d5,2026-08-07T19:15:00Z,2026-08-07T21:15:00+0200,138.166666,MW,DK2,DK_2,forecast_onshore_wind_generation,Wind Onshore,2026-08-21T09:08:16Z
2026-08-21T08:53:57Z,2026-08-21T10:53:57+0200,5d6f4db6-a0f2-490a-bd97-b2641f9198d5,2026-08-07T19:30:00Z,2026-08-07T21:30:00+0200,130.0,MW,DK2,DK_2,forecast_onshore_wind_generation,Wind Onshore,2026-08-21T09:08:16Z
2026-08-21T08:53:57Z,2026-08-21T10:53:57+0200,5d6f4db6-a0f2-490a-bd97-b2641f9198d5,2026-08-07T19:45:00Z,2026-08-07T21:45:00+0200,123.666666,MW,DK2,DK_2,forecast_onshore_wind_generation,Wind Onshore,2026-08-21T09:08:16Z
2026-08-21T08:53:57Z,2026-08-21T10:53:57+0200,5d6f4db6-a0f2-490a-bd97-b2641f9198d5,2026-08-07T20:00:00Z,2026-08-07T22:00:00+0200,119.166666,MW,DK2,DK_2,forecast_onshore_wind_generation,Wind Onshore,2026-08-21T09:08:16Z
2026-08-21T08:53:57Z,2026-08-21T10:53:57+0200,5d6f4db6-a0f2-490a-bd97-b2641f9198d5,2026-08-07T20:15:00Z,2026-08-07T22:15:00+0200,114.0,MW,DK2,DK_2,forecast_onshore_wind_generation,Wind Onshore,2026-08-21T09:08:16Z
2026-08-21T08:53:57Z,2026-08-21T10:53:57+0200,5d6f4db6-a0f2-490a-bd97-b2641f9198d5,2026-08-07T20:30:00Z,2026-08-07T22:30:00+0200,109.5,MW,DK2,DK_2,forecast_onshore_wind_generation,Wind Onshore,2026-08-21T09:08:16Z
2026-08-21T08:53:57Z,2026-08-21T10:53:57+0200,5d6f4db6-a0f2-490a-bd97-b2641f9198d5,2026-08-07T20:45:00Z,2026-08-07T22:45:00+0200,107.333333,MW,DK2,DK_2,forecast_onshore_wind_generation,Wind Onshore,2026-08-21T09:08:16Z
2026-08-21T08:53:57Z,2026-08-21T10:53:57+0200,5d6f4db6-a0f2-490a-bd97-b2641f9198d5,2026-08-07T21:00:00Z,2026-08-07T23:00:00+0200,104.5,MW,DK2,DK_2,forecast_onshore_wind_generation,Wind Onshore,2026-08-21T09:08:16Z
2026-08-21T08:53:57Z,2026-08-21T10:53:57+0200,5d6f4db6-a0f2-490a-bd97-b2641f9198d5,2026-08-07T21:15:00Z,2026-08-07T23:15:00+0200,101.5,MW,DK2,DK_2,forecast_onshore_wind_generation,Wind Onshore,2026-08-21T09:08:16Z
2026-08-21T08:53:57Z,2026-08-21T10:53:57+0200,5d6f4db6-a0f2-490a-bd97-b2641f9198d5,2026-08-07T21:30:00Z,2026-08-07T23:30:00+0200,99.0,MW,DK2,DK_2,forecast_onshore_wind_generation,Wind Onshore,2026-08-21T09:08:16Z
2026-08-21T08:53:57Z,2026-08-21T10:53:57+0200,5d6f4db6-a0f2-490a-bd97-b2641f9198d5,2026-08-07T21:45:00Z,2026-08-07T23:45:00+0200,97.833333,MW,DK2,DK_2,forecast_onshore_wind_generation,Wind Onshore,2026-08-21T09:08:16Z
2026-08-21T08:53:57Z,2026-08-21T10:53:57+0200,5d6f4db6-a0f2-490a-bd97-b2641f9198d5,2026-08-07T22:00:00Z,2026-08-08T00:00:00+0200,154.5,MW,DK2,DK_2,forecast_onshore_wind_generation,Wind Onshore,2026-08-21T09:08:16Z
2026-08-21T08:53:57Z,2026-08-21T10:53:57+0200,5d6f4db6-a0f2-490a-bd97-b2641f9198d5,2026-08-07T22:15:00Z,2026-08-08T00:15:00+0200,153.166666,MW,DK2,DK_2,forecast_onshore_wind_generation,Wind Onshore,2026-08-21T09:08:16Z
2026-08-21T08:53:57Z,2026-08-21T10:53:57+0200,5d6f4db6-a0f2-490a-bd97-b2641f9198d5,2026-08-07T22:30:00Z,2026-08-08T00:30:00+0200,152.0,MW,DK2,DK_2,forecast_onshore_wind_generation,Wind Onshore,2026-08-21T09:08:16Z
2026-08-21T08:53:57Z,2026-08-21T10:53:57+0200,5d6f4db6-a0f2-490a-bd97-b2641f9198d5,2026-08-07T22:45:00Z,2026-08-08T00:45:00+0200,149.666666,MW,DK2,DK_2,forecast_onshore_wind_generation,Wind Onshore,2026-08-21T09:08:16Z
2026-08-21T08:53:57Z,2026-08-21T10:53:57+0200,5d6f4db6-a0f2-490a-bd97-b2641f9198d5,2026-08-07T23:00:00Z,2026-08-08T01:00:00+0200,147.666666,MW,DK2,DK_2,forecast_onshore_wind_generation,Wind Onshore,2026-08-21T09:08:16Z
2026-08-21T08:53:57Z,2026-08-21T10:53:57+0200,5d6f4db6-a0f2-490a-bd97-b2641f9198d5,2026-08-07T23:15:00Z,2026-08-08T01:15:00+0200,146.0,MW,DK2,DK_2,forecast_onshore_wind_generation,Wind Onshore,2026-08-21T09:08:16Z
2026-08-21T08:53:57Z,2026-08-21T10:53:57+0200,5d6f4db6-a0f2-490a-bd97-b2641f9198d5,2026-08-07T23:30:00Z,2026-08-08T01:30:00+0200,144.333333,MW,DK2,DK_2,forecast_onshore_wind_generation,Wind Onshore,2026-08-21T09:08:16Z
2026-08-21T08:53:57Z,2026-08-21T10:53:57+0200,5d6f4db6-a0f2-490a-bd97-b2641f9198d5,2026-08-07T23:45:00Z,2026-08-08T01:45:00+0200,142.5,MW,DK2,DK_2,forecast_onshore_wind_generation,Wind Onshore,2026-08-21T09:08:16Z
2026-08-21T08:53:57Z,2026-08-21T10:53:57+0200,5d6f4db6-a0f2-490a-bd97-b2641f9198d5,2026-08-08T00:00:00Z,2026-08-08T02:00:00+0200,140.5,MW,DK2,DK_2,forecast_onshore_wind_generation,Wind Onshore,2026-08-21T09:08:16Z
2026-08-21T08:53:57Z,2026-08-21T10:53:57+0200,5d6f4db6-a0f2-490a-bd97-b2641f9198d5,2026-08-08T00:15:00Z,2026-08-08T02:15:00+0200,137.333333,MW,DK2,DK_2,forecast_onshore_wind_generation,Wind Onshore,2026-08-21T09:08:16Z
2026-08-21T08:53:57Z,2026-08-21T10:53:57+0200,5d6f4db6-a0f2-490a-bd97-b2641f9198d5,2026-08-08T00:30:00Z,2026-08-08T02:30:00+0200,133.5,MW,DK2,DK_2,forecast_onshore_wind_generation,Wind Onshore,2026-08-21T09:08:16Z
2026-08-21T08:53:57Z,2026-08-21T10:53:57+0200,5d6f4db6-a0f2-490a-bd97-b2641f9198d5,2026-08-08T00:45:00Z,2026-08-08T02:45:00+0200,130.666666,MW,DK2,DK_2,forecast_onshore_wind_generation,Wind Onshore,2026-08-21T09:08:16Z
2026-08-21T08:53:57Z,2026-08-21T10:53:57+0200,5d6f4db6-a0f2-490a-bd97-b2641f9198d5,2026-08-08T01:00:00Z,2026-08-08T03:00:00+0200,129.0,MW,DK2,DK_2,forecast_onshore_wind_generation,Wind Onshore,2026-08-21T09:08:16Z
2026-08-21T08:53:57Z,2026-08-21T10:53:57+0200,5d6f4db6-a0f2-490a-bd97-b2641f9198d5,2026-08-08T01:15:00Z,2026-08-08T03:15:00+0200,126.666666,MW,DK2,DK_2,forecast_onshore_wind_generation,Wind Onshore,2026-08-21T09:08:16Z
2026-08-21T08:53:57Z,2026-08-21T10:53:57+0200,5d6f4db6-a0f2-490a-bd97-b2641f9198d5,2026-08-08T01:30:00Z,2026-08-08T03:30:00+0200,125.0,MW,DK2,DK_2,forecast_onshore_wind_generation,Wind Onshore,2026-08-21T09:08:16Z
2026-08-21T08:53:57Z,2026-08-21T10:53:57+0200,5d6f4db6-a0f2-490a-bd97-b2641f9198d5,2026-08-08T01:45:00Z,2026-08-08T03:45:00+0200,122.666666,MW,DK2,DK_2,forecast_onshore_wind_generation,Wind Onshore,2026-08-21T09:08:16Z
2026-08-21T08:53:57Z,2026-08-21T10:53:57+0200,5d6f4db6-a0f2-490a-bd97-b2641f9198d5,2026-08-08T02:00:00Z,2026-08-08T04:00:00+0200,117.0,MW,DK2,DK_2,forecast_onshore_wind_generation,Wind Onshore,2026-08-21T09:08:16Z
2026-08-21T08:53:57Z,2026-08-21T10:53:57+0200,5d6f4db6-a0f2-490a-bd97-b2641f9198d5,2026-08-08T02:15:00Z,2026-08-08T04:15:00+0200,110.166666,MW,DK2,DK_2,forecast_onshore_wind_generation,Wind Onshore,2026-08-21T09:08:16Z
2026-08-21T08:53:57Z,2026-08-21T10:53:57+0200,5d6f4db6-a0f2-490a-bd97-b2641f9198d5,2026-08-08T02:30:00Z,2026-08-08T04:30:00+0200,103.166666,MW,DK2,DK_2,forecast_onshore_wind_generation,Wind Onshore,2026-08-21T09:08:16Z
2026-08-21T08:53:57Z,2026-08-21T10:53:57+0200,5d6f4db6-a0f2-490a-bd97-b2641f9198d5,2026-08-08T02:45:00Z,2026-08-08T04:45:00+0200,97.0,MW,DK2,DK_2,forecast_onshore_wind_generation,Wind Onshore,2026-08-21T09:08:16Z
2026-08-21T08:53:57Z,2026-08-21T10:53:57+0200,5d6f4db6-a0f2-490a-bd97-b2641f9198d5,2026-08-08T03:00:00Z,2026-08-08T05:00:00+0200,92.0,MW,DK2,DK_2,forecast_onshore_wind_generation,Wind Onshore,2026-08-21T09:08:16Z
2026-08-21T08:53:57Z,2026-08-21T10:53:57+0200,5d6f4db6-a0f2-490a-bd97-b2641f9198d5,2026-08-08T03:15:00Z,2026-08-08T05:15:00+0200,87.833333,MW,DK2,DK_2,forecast_onshore_wind_generation,Wind Onshore,2026-08-21T09:08:16Z
2026-08-21T08:53:57Z,2026-08-21T10:53:57+0200,5d6f4db6-a0f2-490a-bd97-b2641f9198d5,2026-08-08T03:30:00Z,2026-08-08T05:30:00+0200,85.666666,MW,DK2,DK_2,forecast_onshore_wind_generation,Wind Onshore,2026-08-21T09:08:16Z
2026-08-21T08:53:57Z,2026-08-21T10:53:57+0200,5d6f4db6-a0f2-490a-bd97-b2641f9198d5,2026-08-08T03:45:00Z,2026-08-08T05:45:00+0200,84.166666,MW,DK2,DK_2,forecast_onshore_wind_generation,Wind Onshore,2026-08-21T09:08:16Z
2026-08-21T08:53:57Z,2026-08-21T10:53:57+0200,5d6f4db6-a0f2-490a-bd97-b2641f9198d5,2026-08-08T04:00:00Z,2026-08-08T06:00:00+0200,84.0,MW,DK2,DK_2,forecast_onshore_wind_generation,Wind Onshore,2026-08-21T09:08:16Z
2026-08-21T08:53:57Z,2026-08-21T10:53:57+0200,5d6f4db6-a0f2-490a-bd97-b2641f9198d5,2026-08-08T04:15:00Z,2026-08-08T06:15:00+0200,84.333333,MW,DK2,DK_2,forecast_onshore_wind_generation,Wind Onshore,2026-08-21T09:08:16Z
2026-08-21T08:53:57Z,2026-08-21T10:53:57+0200,5d6f4db6-a0f2-490a-bd97-b2641f9198d5,2026-08-08T04:30:00Z,2026-08-08T06:30:00+0200,83.5,MW,DK2,DK_2,forecast_onshore_wind_generation,Wind Onshore,2026-08-21T09:08:16Z
2026-08-21T08:53:57Z,2026-08-21T10:53:57+0200,5d6f4db6-a0f2-490a-bd97-b2641f9198d5,2026-08-08T04:45:00Z,2026-08-08T06:45:00+0200,82.166666,MW,DK2,DK_2,forecast_onshore_wind_generation,Wind Onshore,2026-08-21T09:08:16Z
2026-08-21T08:53:57Z,2026-08-21T10:53:57+0200,5d6f4db6-a0f2-490a-bd97-b2641f9198d5,2026-08-08T05:00:00Z,2026-08-08T07:00:00+0200,80.5,MW,DK2,DK_2,forecast_onshore_wind_generation,Wind Onshore,2026-08-21T09:08:16Z
2026-08-21T08:53:57Z,2026-08-21T10:53:57+0200,5d6f4db6-a0f2-490a-bd97-b2641f9198d5,2026-08-08T05:15:00Z,2026-08-08T07:15:00+0200,78.333333,MW,DK2,DK_2,forecast_onshore_wind_generation,Wind Onshore,2026-08-21T09:08:16Z
2026-08-21T08:53:57Z,2026-08-21T10:53:57+0200,5d6f4db6-a0f2-490a-bd97-b2641f9198d5,2026-08-08T05:30:00Z,2026-08-08T07:30:00+0200,76.333333,MW,DK2,DK_2,forecast_onshore_wind_generation,Wind Onshore,2026-08-21T09:08:16Z
2026-08-21T08:53:57Z,2026-08-21T10:53:57+0200,5d6f4db6-a0f2-490a-bd97-b2641f9198d5,2026-08-08T05:45:00Z,2026-08-08T07:45:00+0200,74.5,MW,DK2,DK_2,forecast_onshore_wind_generation,Wind Onshore,2026-08-21T09:08:16Z
2026-08-21T08:53:57Z,2026-08-21T10:53:57+0200,5d6f4db6-a0f2-490a-bd97-b2641f9198d5,2026-08-08T06:00:00Z,2026-08-08T08:00:00+0200,74.0,MW,DK2,DK_2,forecast_onshore_wind_generation,Wind Onshore,2026-08-21T09:08:16Z
2026-08-21T08:53:57Z,2026-08-21T10:53:57+0200,5d6f4db6-a0f2-490a-bd97-b2641f9198d5,2026-08-08T06:15:00Z,2026-08-08T08:15:00+0200,74.166666,MW,DK2,DK_2,forecast_onshore_wind_generation,Wind Onshore,2026-08-21T09:08:16Z
2026-08-21T08:53:57Z,2026-08-21T10:53:57+0200,5d6f4db6-a0f2-490a-bd97-b2641f9198d5,2026-08-08T06:30:00Z,2026-08-08T08:30:00+0200,75.5,MW,DK2,DK_2,forecast_onshore_wind_generation,Wind Onshore,2026-08-21T09:08:16Z
2026-08-21T08:53:57Z,2026-08-21T10:53:57+0200,5d6f4db6-a0f2-490a-bd97-b2641f9198d5,2026-08-08T06:45:00Z,2026-08-08T08:45:00+0200,77.5,MW,DK2,DK_2,forecast_onshore_wind_generation,Wind Onshore,2026-08-21T09:08:16Z
2026-08-21T08:53:57Z,2026-08-21T10:53:57+0200,5d6f4db6-a0f2-490a-bd97-b2641f9198d5,2026-08-08T07:00:00Z,2026-08-08T09:00:00+0200,79.666666,MW,DK2,DK_2,forecast_onshore_wind_generation,Wind Onshore,2026-08-21T09:08:16Z
2026-08-21T08:53:57Z,2026-08-21T10:53:57+0200,5d6f4db6-a0f2-490a-bd97-b2641f9198d5,2026-08-08T07:15:00Z,2026-08-08T09:15:00+0200,80.166666,MW,DK2,DK_2,forecast_onshore_wind_generation,Wind Onshore,2026-08-21T09:08:16Z
2026-08-21T08:53:57Z,2026-08-21T10:53:57+0200,5d6f4db6-a0f2-490a-bd97-b2641f9198d5,2026-08-08T07:30:00Z,2026-08-08T09:30:00+0200,79.5,MW,DK2,DK_2,forecast_onshore_wind_generation,Wind Onshore,2026-08-21T09:08:16Z
2026-08-21T08:53:57Z,2026-08-21T10:53:57+0200,5d6f4db6-a0f2-490a-bd97-b2641f9198d5,2026-08-08T07:45:00Z,2026-08-08T09:45:00+0200,78.5,MW,DK2,DK_2,forecast_onshore_wind_generation,Wind Onshore,2026-08-21T09:08:16Z
2026-08-21T08:53:57Z,2026-08-21T10:53:57+0200,5d6f4db6-a0f2-490a-bd97-b2641f9198d5,2026-08-08T08:00:00Z,2026-08-08T10:00:00+0200,72.0,MW,DK2,DK_2,forecast_onshore_wind_generation,Wind Onshore,2026-08-21T09:08:16Z
2026-08-21T08:53:57Z,2026-08-21T10:53:57+0200,5d6f4db6-a0f2-490a-bd97-b2641f9198d5,2026-08-08T08:15:00Z,2026-08-08T10:15:00+0200,60.0,MW,DK2,DK_2,forecast_onshore_wind_generation,Wind Onshore,2026-08-21T09:08:16Z
2026-08-21T08:53:57Z,2026-08-21T10:53:57+0200,5d6f4db6-a0f2-490a-bd97-b2641f9198d5,2026-08-08T08:30:00Z,2026-08-08T10:30:00+0200,55.5,MW,DK2,DK_2,forecast_onshore_wind_generation,Wind Onshore,2026-08-21T09:08:16Z
2026-08-21T08:53:57Z,2026-08-21T10:53:57+0200,5d6f4db6-a0f2-490a-bd97-b2641f9198d5,2026-08-08T08:45:00Z,2026-08-08T10:45:00+0200,54.166666,MW,DK2,DK_2,forecast_onshore_wind_generation,Wind Onshore,2026-08-21T09:08:16Z
2026-08-21T08:53:57Z,2026-08-21T10:53:57+0200,5d6f4db6-a0f2-490a-bd97-b2641f9198d5,2026-08-08T09:00:00Z,2026-08-08T11:00:00+0200,53.5,MW,DK2,DK_2,forecast_onshore_wind_generation,Wind Onshore,2026-08-21T09:08:16Z
2026-08-21T08:53:57Z,2026-08-21T10:53:57+0200,5d6f4db6-a0f2-490a-bd97-b2641f9198d5,2026-08-08T09:15:00Z,2026-08-08T11:15:00+0200,51.666666,MW,DK2,DK_2,forecast_onshore_wind_generation,Wind Onshore,2026-08-21T09:08:16Z
2026-08-21T08:53:57Z,2026-08-21T10:53:57+0200,5d6f4db6-a0f2-490a-bd97-b2641f9198d5,2026-08-08T09:30:00Z,2026-08-08T11:30:00+0200,49.666666,MW,DK2,DK_2,forecast_onshore_wind_generation,Wind Onshore,2026-08-21T09:08:16Z
2026-08-21T08:53:57Z,2026-08-21T10:53:57+0200,5d6f4db6-a0f2-490a-bd97-b2641f9198d5,2026-08-08T09:45:00Z,2026-08-08T11:45:00+0200,47.5,MW,DK2,DK_2,forecast_onshore_wind_generation,Wind Onshore,2026-08-21T09:08:16Z
2026-08-21T08:53:57Z,2026-08-21T10:53:57+0200,5d6f4db6-a0f2-490a-bd97-b2641f9198d5,2026-08-08T10:00:00Z,2026-08-08T12:00:00+0200,45.0,MW,DK2,DK_2,forecast_onshore_wind_generation,Wind Onshore,2026-08-21T09:08:16Z
2026-08-21T08:53:57Z,2026-08-21T10:53:57+0200,5d6f4db6-a0f2-490a-bd97-b2641f9198d5,2026-08-08T10:15:00Z,2026-08-08T12:15:00+0200,43.833333,MW,DK2,DK_2,forecast_onshore_wind_generation,Wind Onshore,2026-08-21T09:08:16Z
2026-08-21T08:53:57Z,2026-08-21T10:53:57+0200,5d6f4db6-a0f2-490a-bd97-b2641f9198d5,2026-08-08T10:30:00Z,2026-08-08T12:30:00+0200,43.0,MW,DK2,DK_2,forecast_onshore_wind_generation,Wind Onshore,2026-08-21T09:08:16Z
2026-08-21T08:53:57Z,2026-08-21T10:53:57+0200,5d6f4db6-a0f2-490a-bd97-b2641f9198d5,2026-08-08T10:45:00Z,2026-08-08T12:45:00+0200,42.5,MW,DK2,DK_2,forecast_onshore_wind_generation,Wind Onshore,2026-08-21T09:08:16Z
2026-08-21T08:53:57Z,2026-08-21T10:53:57+0200,5d6f4db6-a0f2-490a-bd97-b2641f9198d5,2026-08-08T11:00:00Z,2026-08-08T13:00:00+0200,41.833333,MW,DK2,DK_2,forecast_onshore_wind_generation,Wind Onshore,2026-08-21T09:08:16Z
2026-08-21T08:53:57Z,2026-08-21T10:53:57+0200,5d6f4db6-a0f2-490a-bd97-b2641f9198d5,2026-08-08T11:15:00Z,2026-08-08T13:15:00+0200,40.833333,MW,DK2,DK_2,forecast_onshore_wind_generation,Wind Onshore,2026-08-21T09:08:16Z
2026-08-21T08:53:57Z,2026-08-21T10:53:57+0200,5d6f4db6-a0f2-490a-bd97-b2641f9198d5,2026-08-08T11:30:00Z,2026-08-08T13:30:00+0200,39.833333,MW,DK2,DK_2,forecast_onshore_wind_generation,Wind Onshore,2026-08-21T09:08:16Z
2026-08-21T08:53:57Z,2026-08-21T10:53:57+0200,5d6f4db6-a0f2-490a-bd97-b2641f9198d5,2026-08-08T11:45:00Z,2026-08-08T13:45:00+0200,39.0,MW,DK2,DK_2,forecast_onshore_wind_generation,Wind Onshore,2026-08-21T09:08:16Z
2026-08-21T08:53:57Z,2026-08-21T10:53:57+0200,5d6f4db6-a0f2-490a-bd97-b2641f9198d5,2026-08-08T12:00:00Z,2026-08-08T14:00:00+0200,38.0,MW,DK2,DK_2,forecast_onshore_wind_generation,Wind Onshore,2026-08-21T09:08:16Z
2026-08-21T08:53:57Z,2026-08-21T10:53:57+0200,5d6f4db6-a0f2-490a-bd97-b2641f9198d5,2026-08-08T12:15:00Z,2026-08-08T14:15:00+0200,36.833333,MW,DK2,DK_2,forecast_onshore_wind_generation,Wind Onshore,2026-08-21T09:08:16Z
2026-08-21T08:53:57Z,2026-08-21T10:53:57+0200,5d6f4db6-a0f2-490a-bd97-b2641f9198d5,2026-08-08T12:30:00Z,2026-08-08T14:30:00+0200,35.833333,MW,DK2,DK_2,forecast_onshore_wind_generation,Wind Onshore,2026-08-21T09:08:16Z
2026-08-21T08:53:57Z,2026-08-21T10:53:57+0200,5d6f4db6-a0f2-490a-bd97-b2641f9198d5,2026-08-08T12:45:00Z,2026-08-08T14:45:00+0200,34.833333,MW,DK2,DK_2,forecast_onshore_wind_generation,Wind Onshore,2026-08-21T09:08:16Z
2026-08-21T08:53:57Z,2026-08-21T10:53:57+0200,5d6f4db6-a0f2-490a-bd97-b2641f9198d5,2026-08-08T13:00:00Z,2026-08-08T15:00:00+0200,34.0,MW,DK2,DK_2,forecast_onshore_wind_generation,Wind Onshore,2026-08-21T09:08:16Z
2026-08-21T08:53:57Z,2026-08-21T10:53:57+0200,5d6f4db6-a0f2-490a-bd97-b2641f9198d5,2026-08-08T13:15:00Z,2026-08-08T15:15:00+0200,33.0,MW,DK2,DK_2,forecast_onshore_wind_generation,Wind Onshore,2026-08-21T09:08:16Z
2026-08-21T08:53:57Z,2026-08-21T10:53:57+0200,5d6f4db6-a0f2-490a-bd97-b2641f9198d5,2026-08-08T13:30:00Z,2026-08-08T15:30:00+0200,31.833333,MW,DK2,DK_2,forecast_onshore_wind_generation,Wind Onshore,2026-08-21T09:08:16Z
2026-08-21T08:53:57Z,2026-08-21T10:53:57+0200,5d6f4db6-a0f2-490a-bd97-b2641f9198d5,2026-08-08T13:45:00Z,2026-08-08T15:45:00+0200,30.5,MW,DK2,DK_2,forecast_onshore_wind_generation,Wind Onshore,2026-08-21T09:08:16Z
2026-08-21T08:53:57Z,2026-08-21T10:53:57+0200,5d6f4db6-a0f2-490a-bd97-b2641f9198d5,2026-08-08T14:00:00Z,2026-08-08T16:00:00+0200,29.0,MW,DK2,DK_2,forecast_onshore_wind_generation,Wind Onshore,2026-08-21T09:08:16Z
2026-08-21T08:53:57Z,2026-08-21T10:53:57+0200,5d6f4db6-a0f2-490a-bd97-b2641f9198d5,2026-08-08T14:15:00Z,2026-08-08T16:15:00+0200,28.333333,MW,DK2,DK_2,forecast_onshore_wind_generation,Wind Onshore,2026-08-21T09:08:16Z
2026-08-21T08:53:57Z,2026-08-21T10:53:57+0200,5d6f4db6-a0f2-490a-bd97-b2641f9198d5,2026-08-08T14:30:00Z,2026-08-08T16:30:00+0200,30.5,MW,DK2,DK_2,forecast_onshore_wind_generation,Wind Onshore,2026-08-21T09:08:16Z
2026-08-21T08:53:57Z,2026-08-21T10:53:57+0200,5d6f4db6-a0f2-490a-bd97-b2641f9198d5,2026-08-08T14:45:00Z,2026-08-08T16:45:00+0200,32.666666,MW,DK2,DK_2,forecast_onshore_wind_generation,Wind Onshore,2026-08-21T09:08:16Z
2026-08-21T08:53:57Z,2026-08-21T10:53:57+0200,5d6f4db6-a0f2-490a-bd97-b2641f9198d5,2026-08-08T15:00:00Z,2026-08-08T17:00:00+0200,30.166666,MW,DK2,DK_2,forecast_onshore_wind_generation,Wind Onshore,2026-08-21T09:08:16Z
2026-08-21T08:53:57Z,2026-08-21T10:53:57+0200,5d6f4db6-a0f2-490a-bd97-b2641f9198d5,2026-08-08T15:15:00Z,2026-08-08T17:15:00+0200,31.333333,MW,DK2,DK_2,forecast_onshore_wind_generation,Wind Onshore,2026-08-21T09:08:16Z
2026-08-21T08:53:57Z,2026-08-21T10:53:57+0200,5d6f4db6-a0f2-490a-bd97-b2641f9198d5,2026-08-08T15:30:00Z,2026-08-08T17:30:00+0200,29.0,MW,DK2,DK_2,forecast_onshore_wind_generation,Wind Onshore,2026-08-21T09:08:16Z
2026-08-21T08:53:57Z,2026-08-21T10:53:57+0200,5d6f4db6-a0f2-490a-bd97-b2641f9198d5,2026-08-08T15:45:00Z,2026-08-08T17:45:00+0200,26.666666,MW,DK2,DK_2,forecast_onshore_wind_generation,Wind Onshore,2026-08-21T09:08:16Z
2026-08-21T08:53:57Z,2026-08-21T10:53:57+0200,5d6f4db6-a0f2-490a-bd97-b2641f9198d5,2026-08-08T16:00:00Z,2026-08-08T18:00:00+0200,25.0,MW,DK2,DK_2,forecast_onshore_wind_generation,Wind Onshore,2026-08-21T09:08:16Z
2026-08-21T08:53:57Z,2026-08-21T10:53:57+0200,5d6f4db6-a0f2-490a-bd97-b2641f9198d5,2026-08-08T16:15:00Z,2026-08-08T18:15:00+0200,23.5,MW,DK2,DK_2,forecast_onshore_wind_generation,Wind Onshore,2026-08-21T09:08:16Z
2026-08-21T08:53:57Z,2026-08-21T10:53:57+0200,5d6f4db6-a0f2-490a-bd97-b2641f9198d5,2026-08-08T16:30:00Z,2026-08-08T18:30:00+0200,22.166666,MW,DK2,DK_2,forecast_onshore_wind_generation,Wind Onshore,2026-08-21T09:08:16Z
2026-08-21T08:53:57Z,2026-08-21T10:53:57+0200,5d6f4db6-a0f2-490a-bd97-b2641f9198d5,2026-08-08T16:45:00Z,2026-08-08T18:45:00+0200,21.166666,MW,DK2,DK_2,forecast_onshore_wind_generation,Wind Onshore,2026-08-21T09:08:16Z
2026-08-21T08:53:57Z,2026-08-21T10:53:57+0200,5d6f4db6-a0f2-490a-bd97-b2641f9198d5,2026-08-08T17:00:00Z,2026-08-08T19:00:00+0200,20.166666,MW,DK2,DK_2,forecast_onshore_wind_generation,Wind Onshore,2026-08-21T09:08:16Z
2026-08-21T08:53:57Z,2026-08-21T10:53:57+0200,5d6f4db6-a0f2-490a-bd97-b2641f9198d5,2026-08-08T17:15:00Z,2026-08-08T19:15:00+0200,19.5,MW,DK2,DK_2,forecast_onshore_wind_generation,Wind Onshore,2026-08-21T09:08:16Z
2026-08-21T08:53:57Z,2026-08-21T10:53:57+0200,5d6f4db6-a0f2-490a-bd97-b2641f9198d5,2026-08-08T17:30:00Z,2026-08-08T19:30:00+0200,18.166666,MW,DK2,DK_2,forecast_onshore_wind_generation,Wind Onshore,2026-08-21T09:08:16Z
2026-08-21T08:53:57Z,2026-08-21T10:53:57+0200,5d6f4db6-a0f2-490a-bd97-b2641f9198d5,2026-08-08T17:45:00Z,2026-08-08T19:45:00+0200,18.0,MW,DK2,DK_2,forecast_onshore_wind_generation,Wind Onshore,2026-08-21T09:08:16Z
2026-08-21T08:53:57Z,2026-08-21T10:53:57+0200,5d6f4db6-a0f2-490a-bd97-b2641f9198d5,2026-08-08T18:00:00Z,2026-08-08T20:00:00+0200,18.0,MW,DK2,DK_2,forecast_onshore_wind_generation,Wind Onshore,2026-08-21T09:08:16Z
2026-08-21T08:53:57Z,2026-08-21T10:53:57+0200,5d6f4db6-a0f2-490a-bd97-b2641f9198d5,2026-08-08T18:15:00Z,2026-08-08T20:15:00+0200,17.5,MW,DK2,DK_2,forecast_onshore_wind_generation,Wind Onshore,2026-08-21T09:08:16Z
2026-08-21T08:53:57Z,2026-08-21T10:53:57+0200,5d6f4db6-a0f2-490a-bd97-b2641f9198d5,2026-08-08T18:30:00Z,2026-08-08T20:30:00+0200,16.333333,MW,DK2,DK_2,forecast_onshore_wind_generation,Wind Onshore,2026-08-21T09:08:16Z
2026-08-21T08:53:57Z,2026-08-21T10:53:57+0200,5d6f4db6-a0f2-490a-bd97-b2641f9198d5,2026-08-08T18:45:00Z,2026-08-08T20:45:00+0200,17.0,MW,DK2,DK_2,forecast_onshore_wind_generation,Wind Onshore,2026-08-21T09:08:16Z
2026-08-21T08:53:57Z,2026-08-21T10:53:57+0200,5d6f4db6-a0f2-490a-bd97-b2641f9198d5,2026-08-08T19:00:00Z,2026-08-08T21:00:00+0200,18.0,MW,DK2,DK_2,forecast_onshore_wind_generation,Wind Onshore,2026-08-21T09:08:16Z
2026-08-21T08:53:57Z,2026-08-21T10:53:57+0200,5d6f4db6-a0f2-490a-bd97-b2641f9198d5,2026-08-08T19:15:00Z,2026-08-08T21:15:00+0200,19.5,MW,DK2,DK_2,forecast_onshore_wind_generation,Wind Onshore,2026-08-21T09:08:16Z
2026-08-21T08:53:57Z,2026-08-21T10:53:57+0200,5d6f4db6-a0f2-490a-bd97-b2641f9198d5,2026-08-08T19:30:00Z,2026-08-08T21:30:00+0200,21.0,MW,DK2,DK_2,forecast_onshore_wind_generation,Wind Onshore,2026-08-21T09:08:16Z
2026-08-21T08:53:57Z,2026-08-21T10:53:57+0200,5d6f4db6-a0f2-490a-bd97-b2641f9198d5,2026-08-08T19:45:00Z,2026-08-08T21:45:00+0200,22.5,MW,DK2,DK_2,forecast_onshore_wind_generation,Wind Onshore,2026-08-21T09:08:16Z
2026-08-21T08:53:57Z,2026-08-21T10:53:57+0200,5d6f4db6-a0f2-490a-bd97-b2641f9198d5,2026-08-08T20:00:00Z,2026-08-08T22:00:00+0200,24.0,MW,DK2,DK_2,forecast_onshore_wind_generation,Wind Onshore,2026-08-21T09:08:16Z
2026-08-21T08:53:57Z,2026-08-21T10:53:57+0200,5d6f4db6-a0f2-490a-bd97-b2641f9198d5,2026-08-08T20:15:00Z,2026-08-08T22:15:00+0200,26.0,MW,DK2,DK_2,forecast_onshore_wind_generation,Wind Onshore,2026-08-21T09:08:16Z
2026-08-21T08:53:57Z,2026-08-21T10:53:57+0200,5d6f4db6-a0f2-490a-bd97-b2641f9198d5,2026-08-08T20:30:00Z,2026-08-08T22:30:00+0200,28.333333,MW,DK2,DK_2,forecast_onshore_wind_generation,Wind Onshore,2026-08-21T09:08:16Z
2026-08-21T08:53:57Z,2026-08-21T10:53:57+0200,5d6f4db6-a0f2-490a-bd97-b2641f9198d5,2026-08-08T20:45:00Z,2026-08-08T22:45:00+0200,30.333333,MW,DK2,DK_2,forecast_onshore_wind_generation,Wind Onshore,2026-08-21T09:08:16Z
2026-08-21T08:53:57Z,2026-08-21T10:53:57+0200,5d6f4db6-a0f2-490a-bd97-b2641f9198d5,2026-08-08T21:00:00Z,2026-08-08T23:00:00+0200,31.5,MW,DK2,DK_2,forecast_onshore_wind_generation,Wind Onshore,2026-08-21T09:08:16Z
2026-08-21T08:53:57Z,2026-08-21T10:53:57+0200,5d6f4db6-a0f2-490a-bd97-b2641f9198d5,2026-08-08T21:15:00Z,2026-08-08T23:15:00+0200,33.5,MW,DK2,DK_2,forecast_onshore_wind_generation,Wind Onshore,2026-08-21T09:08:16Z
2026-08-21T08:53:57Z,2026-08-21T10:53:57+0200,5d6f4db6-a0f2-490a-bd97-b2641f9198d5,2026-08-08T21:30:00Z,2026-08-08T23:30:00+0200,36.5,MW,DK2,DK_2,forecast_onshore_wind_generation,Wind Onshore,2026-08-21T09:08:16Z
2026-08-21T08:53:57Z,2026-08-21T10:53:57+0200,5d6f4db6-a0f2-490a-bd97-b2641f9198d5,2026-08-08T21:45:00Z,2026-08-08T23:45:00+0200,38.833333,MW,DK2,DK_2,forecast_onshore_wind_generation,Wind Onshore,2026-08-21T09:08:16Z
2026-08-21T08:53:57Z,2026-08-21T10:53:57+0200,5d6f4db6-a0f2-490a-bd97-b2641f9198d5,2026-08-08T22:00:00Z,2026-08-09T00:00:00+0200,38.833333,MW,DK2,DK_2,forecast_onshore_wind_generation,Wind Onshore,2026-08-21T09:08:16Z
2026-08-21T08:53:57Z,2026-08-21T10:53:57+0200,5d6f4db6-a0f2-490a-bd97-b2641f9198d5,2026-08-08T22:15:00Z,2026-08-09T00:15:00+0200,40.5,MW,DK2,DK_2,forecast_onshore_wind_generation,Wind Onshore,2026-08-21T09:08:16Z
2026-08-21T08:53:57Z,2026-08-21T10:53:57+0200,5d6f4db6-a0f2-490a-bd97-b2641f9198d5,2026-08-08T22:30:00Z,2026-08-09T00:30:00+0200,43.5,MW,DK2,DK_2,forecast_onshore_wind_generation,Wind Onshore,2026-08-21T09:08:16Z
2026-08-21T08:53:57Z,2026-08-21T10:53:57+0200,5d6f4db6-a0f2-490a-bd97-b2641f9198d5,2026-08-08T22:45:00Z,2026-08-09T00:45:00+0200,47.333333,MW,DK2,DK_2,forecast_onshore_wind_generation,Wind Onshore,2026-08-21T09:08:16Z
2026-08-21T08:53:57Z,2026-08-21T10:53:57+0200,5d6f4db6-a0f2-490a-bd97-b2641f9198d5,2026-08-08T23:00:00Z,2026-08-09T01:00:00+0200,51.166666,MW,DK2,DK_2,forecast_onshore_wind_generation,Wind Onshore,2026-08-21T09:08:16Z
2026-08-21T08:53:57Z,2026-08-21T10:53:57+0200,5d6f4db6-a0f2-490a-bd97-b2641f9198d5,2026-08-08T23:15:00Z,2026-08-09T01:15:00+0200,57.166666,MW,DK2,DK_2,forecast_onshore_wind_generation,Wind Onshore,2026-08-21T09:08:16Z
2026-08-21T08:53:57Z,2026-08-21T10:53:57+0200,5d6f4db6-a0f2-490a-bd97-b2641f9198d5,2026-08-08T23:30:00Z,2026-08-09T01:30:00+0200,64.0,MW,DK2,DK_2,forecast_onshore_wind_generation,Wind Onshore,2026-08-21T09:08:16Z
2026-08-21T08:53:57Z,2026-08-21T10:53:57+0200,5d6f4db6-a0f2-490a-bd97-b2641f9198d5,2026-08-08T23:45:00Z,2026-08-09T01:45:00+0200,69.333333,MW,DK2,DK_2,forecast_onshore_wind_generation,Wind Onshore,2026-08-21T09:08:16Z
2026-08-21T08:53:57Z,2026-08-21T10:53:57+0200,5d6f4db6-a0f2-490a-bd97-b2641f9198d5,2026-08-09T00:00:00Z,2026-08-09T02:00:00+0200,72.5,MW,DK2,DK_2,forecast_onshore_wind_generation,Wind Onshore,2026-08-21T09:08:16Z
2026-08-21T08:53:57Z,2026-08-21T10:53:57+0200,5d6f4db6-a0f2-490a-bd97-b2641f9198d5,2026-08-09T00:15:00Z,2026-08-09T02:15:00+0200,75.666666,MW,DK2,DK_2,forecast_onshore_wind_generation,Wind Onshore,2026-08-21T09:08:16Z
2026-08-21T08:53:57Z,2026-08-21T10:53:57+0200,5d6f4db6-a0f2-490a-bd97-b2641f9198d5,2026-08-09T00:30:00Z,2026-08-09T02:30:00+0200,79.5,MW,DK2,DK_2,forecast_onshore_wind_generation,Wind Onshore,2026-08-21T09:08:16Z
2026-08-21T08:53:57Z,2026-08-21T10:53:57+0200,5d6f4db6-a0f2-490a-bd97-b2641f9198d5,2026-08-09T00:45:00Z,2026-08-09T02:45:00+0200,82.5,MW,DK2,DK_2,forecast_onshore_wind_generation,Wind Onshore,2026-08-21T09:08:16Z
2026-08-21T08:53:57Z,2026-08-21T10:53:57+0200,5d6f4db6-a0f2-490a-bd97-b2641f9198d5,2026-08-09T01:00:00Z,2026-08-09T03:00:00+0200,86.0,MW,DK2,DK_2,forecast_onshore_wind_generation,Wind Onshore,2026-08-21T09:08:16Z
2026-08-21T08:53:57Z,2026-08-21T10:53:57+0200,5d6f4db6-a0f2-490a-bd97-b2641f9198d5,2026-08-09T01:15:00Z,2026-08-09T03:15:00+0200,90.833333,MW,DK2,DK_2,forecast_onshore_wind_generation,Wind Onshore,2026-08-21T09:08:16Z
2026-08-21T08:53:57Z,2026-08-21T10:53:57+0200,5d6f4db6-a0f2-490a-bd97-b2641f9198d5,2026-08-09T01:30:00Z,2026-08-09T03:30:00+0200,94.833333,MW,DK2,DK_2,forecast_onshore_wind_generation,Wind Onshore,2026-08-21T09:08:16Z
2026-08-21T08:53:57Z,2026-08-21T10:53:57+0200,5d6f4db6-a0f2-490a-bd97-b2641f9198d5,2026-08-09T01:45:00Z,2026-08-09T03:45:00+0200,97.0,MW,DK2,DK_2,forecast_onshore_wind_generation,Wind Onshore,2026-08-21T09:08:16Z
2026-08-21T08:53:57Z,2026-08-21T10:53:57+0200,5d6f4db6-a0f2-490a-bd97-b2641f9198d5,2026-08-09T02:00:00Z,2026-08-09T04:00:00+0200,98.666666,MW,DK2,DK_2,forecast_onshore_wind_generation,Wind Onshore,2026-08-21T09:08:16Z
2026-08-21T08:53:57Z,2026-08-21T10:53:57+0200,5d6f4db6-a0f2-490a-bd97-b2641f9198d5,2026-08-09T02:15:00Z,2026-08-09T04:15:00+0200,100.833333,MW,DK2,DK_2,forecast_onshore_wind_generation,Wind Onshore,2026-08-21T09:08:16Z
2026-08-21T08:53:57Z,2026-08-21T10:53:57+0200,5d6f4db6-a0f2-490a-bd97-b2641f9198d5,2026-08-09T02:30:00Z,2026-08-09T04:30:00+0200,103.833333,MW,DK2,DK_2,forecast_onshore_wind_generation,Wind Onshore,2026-08-21T09:08:16Z
2026-08-21T08:53:57Z,2026-08-21T10:53:57+0200,5d6f4db6-a0f2-490a-bd97-b2641f9198d5,2026-08-09T02:45:00Z,2026-08-09T04:45:00+0200,104.5,MW,DK2,DK_2,forecast_onshore_wind_generation,Wind Onshore,2026-08-21T09:08:16Z
2026-08-21T08:53:57Z,2026-08-21T10:53:57+0200,5d6f4db6-a0f2-490a-bd97-b2641f9198d5,2026-08-09T03:00:00Z,2026-08-09T05:00:00+0200,105.833333,MW,DK2,DK_2,forecast_onshore_wind_generation,Wind Onshore,2026-08-21T09:08:16Z
2026-08-21T08:53:57Z,2026-08-21T10:53:57+0200,5d6f4db6-a0f2-490a-bd97-b2641f9198d5,2026-08-09T03:15:00Z,2026-08-09T05:15:00+0200,106.666666,MW,DK2,DK_2,forecast_onshore_wind_generation,Wind Onshore,2026-08-21T09:08:16Z
2026-08-21T08:53:57Z,2026-08-21T10:53:57+0200,5d6f4db6-a0f2-490a-bd97-b2641f9198d5,2026-08-09T03:30:00Z,2026-08-09T05:30:00+0200,109.5,MW,DK2,DK_2,forecast_onshore_wind_generation,Wind Onshore,2026-08-21T09:08:16Z
2026-08-21T08:53:57Z,2026-08-21T10:53:57+0200,5d6f4db6-a0f2-490a-bd97-b2641f9198d5,2026-08-09T03:45:00Z,2026-08-09T05:45:00+0200,111.5,MW,DK2,DK_2,forecast_onshore_wind_generation,Wind Onshore,2026-08-21T09:08:16Z
2026-08-21T08:53:57Z,2026-08-21T10:53:57+0200,5d6f4db6-a0f2-490a-bd97-b2641f9198d5,2026-08-09T04:00:00Z,2026-08-09T06:00:00+0200,112.166666,MW,DK2,DK_2,forecast_onshore_wind_generation,Wind Onshore,2026-08-21T09:08:16Z
2026-08-21T08:53:57Z,2026-08-21T10:53:57+0200,5d6f4db6-a0f2-490a-bd97-b2641f9198d5,2026-08-09T04:15:00Z,2026-08-09T06:15:00+0200,112.0,MW,DK2,DK_2,forecast_onshore_wind_generation,Wind Onshore,2026-08-21T09:08:16Z
2026-08-21T08:53:57Z,2026-08-21T10:53:57+0200,5d6f4db6-a0f2-490a-bd97-b2641f9198d5,2026-08-09T04:30:00Z,2026-08-09T06:30:00+0200,109.5,MW,DK2,DK_2,forecast_onshore_wind_generation,Wind Onshore,2026-08-21T09:08:16Z
2026-08-21T08:53:57Z,2026-08-21T10:53:57+0200,5d6f4db6-a0f2-490a-bd97-b2641f9198d5,2026-08-09T04:45:00Z,2026-08-09T06:45:00+0200,106.0,MW,DK2,DK_2,forecast_onshore_wind_generation,Wind Onshore,2026-08-21T09:08:16Z
2026-08-21T08:53:57Z,2026-08-21T10:53:57+0200,5d6f4db6-a0f2-490a-bd97-b2641f9198d5,2026-08-09T05:00:00Z,2026-08-09T07:00:00+0200,102.333333,MW,DK2,DK_2,forecast_onshore_wind_generation,Wind Onshore,2026-08-21T09:08:16Z
2026-08-21T08:53:57Z,2026-08-21T10:53:57+0200,5d6f4db6-a0f2-490a-bd97-b2641f9198d5,2026-08-09T05:15:00Z,2026-08-09T07:15:00+0200,98.666666,MW,DK2,DK_2,forecast_onshore_wind_generation,Wind Onshore,2026-08-21T09:08:16Z
2026-08-21T08:53:57Z,2026-08-21T10:53:57+0200,5d6f4db6-a0f2-490a-bd97-b2641f9198d5,2026-08-09T05:30:00Z,2026-08-09T07:30:00+0200,96.5,MW,DK2,DK_2,forecast_onshore_wind_generation,Wind Onshore,2026-08-21T09:08:16Z
2026-08-21T08:53:57Z,2026-08-21T10:53:57+0200,5d6f4db6-a0f2-490a-bd97-b2641f9198d5,2026-08-09T05:45:00Z,2026-08-09T07:45:00+0200,94.833333,MW,DK2,DK_2,forecast_onshore_wind_generation,Wind Onshore,2026-08-21T09:08:16Z
2026-08-21T08:53:57Z,2026-08-21T10:53:57+0200,5d6f4db6-a0f2-490a-bd97-b2641f9198d5,2026-08-09T06:00:00Z,2026-08-09T08:00:00+0200,93.5,MW,DK2,DK_2,forecast_onshore_wind_generation,Wind Onshore,2026-08-21T09:08:16Z
2026-08-21T08:53:57Z,2026-08-21T10:53:57+0200,5d6f4db6-a0f2-490a-bd97-b2641f9198d5,2026-08-09T06:15:00Z,2026-08-09T08:15:00+0200,92.666666,MW,DK2,DK_2,forecast_onshore_wind_generation,Wind Onshore,2026-08-21T09:08:16Z
2026-08-21T08:53:57Z,2026-08-21T10:53:57+0200,5d6f4db6-a0f2-490a-bd97-b2641f9198d5,2026-08-09T06:30:00Z,2026-08-09T08:30:00+0200,93.666666,MW,DK2,DK_2,forecast_onshore_wind_generation,Wind Onshore,2026-08-21T09:08:16Z
2026-08-21T08:53:57Z,2026-08-21T10:53:57+0200,5d6f4db6-a0f2-490a-bd97-b2641f9198d5,2026-08-09T06:45:00Z,2026-08-09T08:45:00+0200,97.166666,MW,DK2,DK_2,forecast_onshore_wind_generation,Wind Onshore,2026-08-21T09:08:16Z
2026-08-21T08:53:57Z,2026-08-21T10:53:57+0200,5d6f4db6-a0f2-490a-bd97-b2641f9198d5,2026-08-09T07:00:00Z,2026-08-09T09:00:00+0200,103.166666,MW,DK2,DK_2,forecast_onshore_wind_generation,Wind Onshore,2026-08-21T09:08:16Z
2026-08-21T08:53:57Z,2026-08-21T10:53:57+0200,5d6f4db6-a0f2-490a-bd97-b2641f9198d5,2026-08-09T07:15:00Z,2026-08-09T09:15:00+0200,105.833333,MW,DK2,DK_2,forecast_onshore_wind_generation,Wind Onshore,2026-08-21T09:08:16Z
2026-08-21T08:53:57Z,2026-08-21T10:53:57+0200,5d6f4db6-a0f2-490a-bd97-b2641f9198d5,2026-08-09T07:30:00Z,2026-08-09T09:30:00+0200,97.333333,MW,DK2,DK_2,forecast_onshore_wind_generation,Wind Onshore,2026-08-21T09:08:16Z
2026-08-21T08:53:57Z,2026-08-21T10:53:57+0200,5d6f4db6-a0f2-490a-bd97-b2641f9198d5,2026-08-09T07:45:00Z,2026-08-09T09:45:00+0200,92.0,MW,DK2,DK_2,forecast_onshore_wind_generation,Wind Onshore,2026-08-21T09:08:16Z
2026-08-21T08:53:57Z,2026-08-21T10:53:57+0200,5d6f4db6-a0f2-490a-bd97-b2641f9198d5,2026-08-09T08:00:00Z,2026-08-09T10:00:00+0200,87.5,MW,DK2,DK_2,forecast_onshore_wind_generation,Wind Onshore,2026-08-21T09:08:16Z
2026-08-21T08:53:57Z,2026-08-21T10:53:57+0200,5d6f4db6-a0f2-490a-bd97-b2641f9198d5,2026-08-09T08:15:00Z,2026-08-09T10:15:00+0200,89.5,MW,DK2,DK_2,forecast_onshore_wind_generation,Wind Onshore,2026-08-21T09:08:16Z
2026-08-21T08:53:57Z,2026-08-21T10:53:57+0200,5d6f4db6-a0f2-490a-bd97-b2641f9198d5,2026-08-09T08:30:00Z,2026-08-09T10:30:00+0200,90.833333,MW,DK2,DK_2,forecast_onshore_wind_generation,Wind Onshore,2026-08-21T09:08:16Z
2026-08-21T08:53:57Z,2026-08-21T10:53:57+0200,5d6f4db6-a0f2-490a-bd97-b2641f9198d5,2026-08-09T08:45:00Z,2026-08-09T10:45:00+0200,91.166666,MW,DK2,DK_2,forecast_onshore_wind_generation,Wind Onshore,2026-08-21T09:08:16Z
2026-08-21T08:53:57Z,2026-08-21T10:53:57+0200,5d6f4db6-a0f2-490a-bd97-b2641f9198d5,2026-08-09T09:00:00Z,2026-08-09T11:00:00+0200,92.166666,MW,DK2,DK_2,forecast_onshore_wind_generation,Wind Onshore,2026-08-21T09:08:16Z
2026-08-21T08:53:57Z,2026-08-21T10:53:57+0200,5d6f4db6-a0f2-490a-bd97-b2641f9198d5,2026-08-09T09:15:00Z,2026-08-09T11:15:00+0200,93.166666,MW,DK2,DK_2,forecast_onshore_wind_generation,Wind Onshore,2026-08-21T09:08:16Z
2026-08-21T08:53:57Z,2026-08-21T10:53:57+0200,5d6f4db6-a0f2-490a-bd97-b2641f9198d5,2026-08-09T09:30:00Z,2026-08-09T11:30:00+0200,95.5,MW,DK2,DK_2,forecast_onshore_wind_generation,Wind Onshore,2026-08-21T09:08:16Z
2026-08-21T08:53:57Z,2026-08-21T10:53:57+0200,5d6f4db6-a0f2-490a-bd97-b2641f9198d5,2026-08-09T09:45:00Z,2026-08-09T11:45:00+0200,99.166666,MW,DK2,DK_2,forecast_onshore_wind_generation,Wind Onshore,2026-08-21T09:08:16Z
2026-08-21T08:53:57Z,2026-08-21T10:53:57+0200,5d6f4db6-a0f2-490a-bd97-b2641f9198d5,2026-08-09T10:00:00Z,2026-08-09T12:00:00+0200,104.166666,MW,DK2,DK_2,forecast_onshore_wind_generation,Wind Onshore,2026-08-21T09:08:16Z
2026-08-21T08:53:57Z,2026-08-21T10:53:57+0200,5d6f4db6-a0f2-490a-bd97-b2641f9198d5,2026-08-09T10:15:00Z,2026-08-09T12:15:00+0200,105.0,MW,DK2,DK_2,forecast_onshore_wind_generation,Wind Onshore,2026-08-21T09:08:16Z
2026-08-21T08:53:57Z,2026-08-21T10:53:57+0200,5d6f4db6-a0f2-490a-bd97-b2641f9198d5,2026-08-09T10:30:00Z,2026-08-09T12:30:00+0200,104.0,MW,DK2,DK_2,forecast_onshore_wind_generation,Wind Onshore,2026-08-21T09:08:16Z
2026-08-21T08:53:57Z,2026-08-21T10:53:57+0200,5d6f4db6-a0f2-490a-bd97-b2641f9198d5,2026-08-09T10:45:00Z,2026-08-09T12:45:00+0200,101.5,MW,DK2,DK_2,forecast_onshore_wind_generation,Wind Onshore,2026-08-21T09:08:16Z
2026-08-21T08:53:57Z,2026-08-21T10:53:57+0200,5d6f4db6-a0f2-490a-bd97-b2641f9198d5,2026-08-09T11:00:00Z,2026-08-09T13:00:00+0200,99.5,MW,DK2,DK_2,forecast_onshore_wind_generation,Wind Onshore,2026-08-21T09:08:16Z
2026-08-21T08:53:57Z,2026-08-21T10:53:57+0200,5d6f4db6-a0f2-490a-bd97-b2641f9198d5,2026-08-09T11:15:00Z,2026-08-09T13:15:00+0200,98.166666,MW,DK2,DK_2,forecast_onshore_wind_generation,Wind Onshore,2026-08-21T09:08:16Z
2026-08-21T08:53:57Z,2026-08-21T10:53:57+0200,5d6f4db6-a0f2-490a-bd97-b2641f9198d5,2026-08-09T11:30:00Z,2026-08-09T13:30:00+0200,95.5,MW,DK2,DK_2,forecast_onshore_wind_generation,Wind Onshore,2026-08-21T09:08:16Z
2026-08-21T08:53:57Z,2026-08-21T10:53:57+0200,5d6f4db6-a0f2-490a-bd97-b2641f9198d5,2026-08-09T11:45:00Z,2026-08-09T13:45:00+0200,93.333333,MW,DK2,DK_2,forecast_onshore_wind_generation,Wind Onshore,2026-08-21T09:08:16Z
2026-08-21T08:53:57Z,2026-08-21T10:53:57+0200,5d6f4db6-a0f2-490a-bd97-b2641f9198d5,2026-08-09T12:00:00Z,2026-08-09T14:00:00+0200,89.0,MW,DK2,DK_2,forecast_onshore_wind_generation,Wind Onshore,2026-08-21T09:08:16Z
2026-08-21T08:53:57Z,2026-08-21T10:53:57+0200,5d6f4db6-a0f2-490a-bd97-b2641f9198d5,2026-08-09T12:15:00Z,2026-08-09T14:15:00+0200,86.0,MW,DK2,DK_2,forecast_onshore_wind_generation,Wind Onshore,2026-08-21T09:08:16Z
2026-08-21T08:53:57Z,2026-08-21T10:53:57+0200,5d6f4db6-a0f2-490a-bd97-b2641f9198d5,2026-08-09T12:30:00Z,2026-08-09T14:30:00+0200,84.0,MW,DK2,DK_2,forecast_onshore_wind_generation,Wind Onshore,2026-08-21T09:08:16Z
2026-08-21T08:53:57Z,2026-08-21T10:53:57+0200,5d6f4db6-a0f2-490a-bd97-b2641f9198d5,2026-08-09T12:45:00Z,2026-08-09T14:45:00+0200,81.666666,MW,DK2,DK_2,forecast_onshore_wind_generation,Wind Onshore,2026-08-21T09:08:16Z
2026-08-21T08:53:57Z,2026-08-21T10:53:57+0200,5d6f4db6-a0f2-490a-bd97-b2641f9198d5,2026-08-09T13:00:00Z,2026-08-09T15:00:00+0200,80.833333,MW,DK2,DK_2,forecast_onshore_wind_generation,Wind Onshore,2026-08-21T09:08:16Z
2026-08-21T08:53:57Z,2026-08-21T10:53:57+0200,5d6f4db6-a0f2-490a-bd97-b2641f9198d5,2026-08-09T13:15:00Z,2026-08-09T15:15:00+0200,80.0,MW,DK2,DK_2,forecast_onshore_wind_generation,Wind Onshore,2026-08-21T09:08:16Z
2026-08-21T08:53:57Z,2026-08-21T10:53:57+0200,5d6f4db6-a0f2-490a-bd97-b2641f9198d5,2026-08-09T13:30:00Z,2026-08-09T15:30:00+0200,80.166666,MW,DK2,DK_2,forecast_onshore_wind_generation,Wind Onshore,2026-08-21T09:08:16Z
2026-08-21T08:53:57Z,2026-08-21T10:53:57+0200,5d6f4db6-a0f2-490a-bd97-b2641f9198d5,2026-08-09T13:45:00Z,2026-08-09T15:45:00+0200,81.0,MW,DK2,DK_2,forecast_onshore_wind_generation,Wind Onshore,2026-08-21T09:08:16Z
2026-08-21T08:53:57Z,2026-08-21T10:53:57+0200,5d6f4db6-a0f2-490a-bd97-b2641f9198d5,2026-08-09T14:00:00Z,2026-08-09T16:00:00+0200,80.333333,MW,DK2,DK_2,forecast_onshore_wind_generation,Wind Onshore,2026-08-21T09:08:16Z
2026-08-21T08:53:57Z,2026-08-21T10:53:57+0200,5d6f4db6-a0f2-490a-bd97-b2641f9198d5,2026-08-09T14:15:00Z,2026-08-09T16:15:00+0200,81.0,MW,DK2,DK_2,forecast_onshore_wind_generation,Wind Onshore,2026-08-21T09:08:16Z
2026-08-21T08:53:57Z,2026-08-21T10:53:57+0200,5d6f4db6-a0f2-490a-bd97-b2641f9198d5,2026-08-09T14:30:00Z,2026-08-09T16:30:00+0200,84.0,MW,DK2,DK_2,forecast_onshore_wind_generation,Wind Onshore,2026-08-21T09:08:16Z
2026-08-21T08:53:57Z,2026-08-21T10:53:57+0200,5d6f4db6-a0f2-490a-bd97-b2641f9198d5,2026-08-09T14:45:00Z,2026-08-09T16:45:00+0200,100.5,MW,DK2,DK_2,forecast_onshore_wind_generation,Wind Onshore,2026-08-21T09:08:16Z
2026-08-21T08:53:57Z,2026-08-21T10:53:57+0200,5d6f4db6-a0f2-490a-bd97-b2641f9198d5,2026-08-09T15:00:00Z,2026-08-09T17:00:00+0200,103.666666,MW,DK2,DK_2,forecast_onshore_wind_generation,Wind Onshore,2026-08-21T09:08:16Z
2026-08-21T08:53:57Z,2026-08-21T10:53:57+0200,5d6f4db6-a0f2-490a-bd97-b2641f9198d5,2026-08-09T15:15:00Z,2026-08-09T17:15:00+0200,99.333333,MW,DK2,DK_2,forecast_onshore_wind_generation,Wind Onshore,2026-08-21T09:08:16Z
2026-08-21T08:53:57Z,2026-08-21T10:53:57+0200,5d6f4db6-a0f2-490a-bd97-b2641f9198d5,2026-08-09T15:30:00Z,2026-08-09T17:30:00+0200,93.0,MW,DK2,DK_2,forecast_onshore_wind_generation,Wind Onshore,2026-08-21T09:08:16Z
2026-08-21T08:53:57Z,2026-08-21T10:53:57+0200,5d6f4db6-a0f2-490a-bd97-b2641f9198d5,2026-08-09T15:45:00Z,2026-08-09T17:45:00+0200,88.0,MW,DK2,DK_2,forecast_onshore_wind_generation,Wind Onshore,2026-08-21T09:08:16Z
2026-08-21T08:53:57Z,2026-08-21T10:53:57+0200,5d6f4db6-a0f2-490a-bd97-b2641f9198d5,2026-08-09T16:00:00Z,2026-08-09T18:00:00+0200,83.666666,MW,DK2,DK_2,forecast_onshore_wind_generation,Wind Onshore,2026-08-21T09:08:16Z
2026-08-21T08:53:57Z,2026-08-21T10:53:57+0200,5d6f4db6-a0f2-490a-bd97-b2641f9198d5,2026-08-09T16:15:00Z,2026-08-09T18:15:00+0200,79.166666,MW,DK2,DK_2,forecast_onshore_wind_generation,Wind Onshore,2026-08-21T09:08:16Z
2026-08-21T08:53:57Z,2026-08-21T10:53:57+0200,5d6f4db6-a0f2-490a-bd97-b2641f9198d5,2026-08-09T16:30:00Z,2026-08-09T18:30:00+0200,75.0,MW,DK2,DK_2,forecast_onshore_wind_generation,Wind Onshore,2026-08-21T09:08:16Z
2026-08-21T08:53:57Z,2026-08-21T10:53:57+0200,5d6f4db6-a0f2-490a-bd97-b2641f9198d5,2026-08-09T16:45:00Z,2026-08-09T18:45:00+0200,72.333333,MW,DK2,DK_2,forecast_onshore_wind_generation,Wind Onshore,2026-08-21T09:08:16Z
2026-08-21T08:53:57Z,2026-08-21T10:53:57+0200,5d6f4db6-a0f2-490a-bd97-b2641f9198d5,2026-08-09T17:00:00Z,2026-08-09T19:00:00+0200,69.5,MW,DK2,DK_2,forecast_onshore_wind_generation,Wind Onshore,2026-08-21T09:08:16Z
2026-08-21T08:53:57Z,2026-08-21T10:53:57+0200,5d6f4db6-a0f2-490a-bd97-b2641f9198d5,2026-08-09T17:15:00Z,2026-08-09T19:15:00+0200,66.0,MW,DK2,DK_2,forecast_onshore_wind_generation,Wind Onshore,2026-08-21T09:08:16Z
2026-08-21T08:53:57Z,2026-08-21T10:53:57+0200,5d6f4db6-a0f2-490a-bd97-b2641f9198d5,2026-08-09T17:30:00Z,2026-08-09T19:30:00+0200,62.5,MW,DK2,DK_2,forecast_onshore_wind_generation,Wind Onshore,2026-08-21T09:08:16Z
2026-08-21T08:53:57Z,2026-08-21T10:53:57+0200,5d6f4db6-a0f2-490a-bd97-b2641f9198d5,2026-08-09T17:45:00Z,2026-08-09T19:45:00+0200,60.0,MW,DK2,DK_2,forecast_onshore_wind_generation,Wind Onshore,2026-08-21T09:08:16Z
2026-08-21T08:53:57Z,2026-08-21T10:53:57+0200,5d6f4db6-a0f2-490a-bd97-b2641f9198d5,2026-08-09T18:00:00Z,2026-08-09T20:00:00+0200,56.0,MW,DK2,DK_2,forecast_onshore_wind_generation,Wind Onshore,2026-08-21T09:08:16Z
2026-08-21T08:53:57Z,2026-08-21T10:53:57+0200,5d6f4db6-a0f2-490a-bd97-b2641f9198d5,2026-08-09T18:15:00Z,2026-08-09T20:15:00+0200,50.166666,MW,DK2,DK_2,forecast_onshore_wind_generation,Wind Onshore,2026-08-21T09:08:16Z
2026-08-21T08:53:57Z,2026-08-21T10:53:57+0200,5d6f4db6-a0f2-490a-bd97-b2641f9198d5,2026-08-09T18:30:00Z,2026-08-09T20:30:00+0200,46.666666,MW,DK2,DK_2,forecast_onshore_wind_generation,Wind Onshore,2026-08-21T09:08:16Z
2026-08-21T08:53:57Z,2026-08-21T10:53:57+0200,5d6f4db6-a0f2-490a-bd97-b2641f9198d5,2026-08-09T18:45:00Z,2026-08-09T20:45:00+0200,46.166666,MW,DK2,DK_2,forecast_onshore_wind_generation,Wind Onshore,2026-08-21T09:08:16Z
2026-08-21T08:53:57Z,2026-08-21T10:53:57+0200,5d6f4db6-a0f2-490a-bd97-b2641f9198d5,2026-08-09T19:00:00Z,2026-08-09T21:00:00+0200,48.5,MW,DK2,DK_2,forecast_onshore_wind_generation,Wind Onshore,2026-08-21T09:08:16Z
2026-08-21T08:53:57Z,2026-08-21T10:53:57+0200,5d6f4db6-a0f2-490a-bd97-b2641f9198d5,2026-08-09T19:15:00Z,2026-08-09T21:15:00+0200,52.0,MW,DK2,DK_2,forecast_onshore_wind_generation,Wind Onshore,2026-08-21T09:08:16Z
2026-08-21T08:53:57Z,2026-08-21T10:53:57+0200,5d6f4db6-a0f2-490a-bd97-b2641f9198d5,2026-08-09T19:30:00Z,2026-08-09T21:30:00+0200,56.333333,MW,DK2,DK_2,forecast_onshore_wind_generation,Wind Onshore,2026-08-21T09:08:16Z
2026-08-21T08:53:57Z,2026-08-21T10:53:57+0200,5d6f4db6-a0f2-490a-bd97-b2641f9198d5,2026-08-09T19:45:00Z,2026-08-09T21:45:00+0200,59.5,MW,DK2,DK_2,forecast_onshore_wind_generation,Wind Onshore,2026-08-21T09:08:16Z
2026-08-21T08:53:57Z,2026-08-21T10:53:57+0200,5d6f4db6-a0f2-490a-bd97-b2641f9198d5,2026-08-09T20:00:00Z,2026-08-09T22:00:00+0200,63.166666,MW,DK2,DK_2,forecast_onshore_wind_generation,Wind Onshore,2026-08-21T09:08:16Z
2026-08-21T08:53:57Z,2026-08-21T10:53:57+0200,5d6f4db6-a0f2-490a-bd97-b2641f9198d5,2026-08-09T20:15:00Z,2026-08-09T22:15:00+0200,69.166666,MW,DK2,DK_2,forecast_onshore_wind_generation,Wind Onshore,2026-08-21T09:08:16Z
2026-08-21T08:53:57Z,2026-08-21T10:53:57+0200,5d6f4db6-a0f2-490a-bd97-b2641f9198d5,2026-08-09T20:30:00Z,2026-08-09T22:30:00+0200,77.333333,MW,DK2,DK_2,forecast_onshore_wind_generation,Wind Onshore,2026-08-21T09:08:16Z
2026-08-21T08:53:57Z,2026-08-21T10:53:57+0200,5d6f4db6-a0f2-490a-bd97-b2641f9198d5,2026-08-09T20:45:00Z,2026-08-09T22:45:00+0200,83.0,MW,DK2,DK_2,forecast_onshore_wind_generation,Wind Onshore,2026-08-21T09:08:16Z
2026-08-21T08:53:57Z,2026-08-21T10:53:57+0200,5d6f4db6-a0f2-490a-bd97-b2641f9198d5,2026-08-09T21:00:00Z,2026-08-09T23:00:00+0200,81.666666,MW,DK2,DK_2,forecast_onshore_wind_generation,Wind Onshore,2026-08-21T09:08:16Z
2026-08-21T08:53:57Z,2026-08-21T10:53:57+0200,5d6f4db6-a0f2-490a-bd97-b2641f9198d5,2026-08-09T21:15:00Z,2026-08-09T23:15:00+0200,76.0,MW,DK2,DK_2,forecast_onshore_wind_generation,Wind Onshore,2026-08-21T09:08:16Z
2026-08-21T08:53:57Z,2026-08-21T10:53:57+0200,5d6f4db6-a0f2-490a-bd97-b2641f9198d5,2026-08-09T21:30:00Z,2026-08-09T23:30:00+0200,71.5,MW,DK2,DK_2,forecast_onshore_wind_generation,Wind Onshore,2026-08-21T09:08:16Z
2026-08-21T08:53:57Z,2026-08-21T10:53:57+0200,5d6f4db6-a0f2-490a-bd97-b2641f9198d5,2026-08-09T21:45:00Z,2026-08-09T23:45:00+0200,69.666666,MW,DK2,DK_2,forecast_onshore_wind_generation,Wind Onshore,2026-08-21T09:08:16Z
2026-08-21T08:53:57Z,2026-08-21T10:53:57+0200,5d6f4db6-a0f2-490a-bd97-b2641f9198d5,2026-08-09T22:00:00Z,2026-08-10T00:00:00+0200,99.0,MW,DK2,DK_2,forecast_onshore_wind_generation,Wind Onshore,2026-08-21T09:08:16Z
2026-08-21T08:53:57Z,2026-08-21T10:53:57+0200,5d6f4db6-a0f2-490a-bd97-b2641f9198d5,2026-08-09T22:15:00Z,2026-08-10T00:15:00+0200,98.5,MW,DK2,DK_2,forecast_onshore_wind_generation,Wind Onshore,2026-08-21T09:08:16Z
2026-08-21T08:53:57Z,2026-08-21T10:53:57+0200,5d6f4db6-a0f2-490a-bd97-b2641f9198d5,2026-08-09T22:30:00Z,2026-08-10T00:30:00+0200,99.666666,MW,DK2,DK_2,forecast_onshore_wind_generation,Wind Onshore,2026-08-21T09:08:16Z
2026-08-21T08:53:57Z,2026-08-21T10:53:57+0200,5d6f4db6-a0f2-490a-bd97-b2641f9198d5,2026-08-09T22:45:00Z,2026-08-10T00:45:00+0200,101.166666,MW,DK2,DK_2,forecast_onshore_wind_generation,Wind Onshore,2026-08-21T09:08:16Z
2026-08-21T08:53:57Z,2026-08-21T10:53:57+0200,5d6f4db6-a0f2-490a-bd97-b2641f9198d5,2026-08-09T23:00:00Z,2026-08-10T01:00:00+0200,102.5,MW,DK2,DK_2,forecast_onshore_wind_generation,Wind Onshore,2026-08-21T09:08:16Z
2026-08-21T08:53:57Z,2026-08-21T10:53:57+0200,5d6f4db6-a0f2-490a-bd97-b2641f9198d5,2026-08-09T23:15:00Z,2026-08-10T01:15:00+0200,104.5,MW,DK2,DK_2,forecast_onshore_wind_generation,Wind Onshore,2026-08-21T09:08:16Z
2026-08-21T08:53:57Z,2026-08-21T10:53:57+0200,5d6f4db6-a0f2-490a-bd97-b2641f9198d5,2026-08-09T23:30:00Z,2026-08-10T01:30:00+0200,107.5,MW,DK2,DK_2,forecast_onshore_wind_generation,Wind Onshore,2026-08-21T09:08:16Z
2026-08-21T08:53:57Z,2026-08-21T10:53:57+0200,5d6f4db6-a0f2-490a-bd97-b2641f9198d5,2026-08-09T23:45:00Z,2026-08-10T01:45:00+0200,110.0,MW,DK2,DK_2,forecast_onshore_wind_generation,Wind Onshore,2026-08-21T09:08:16Z
2026-08-21T08:53:57Z,2026-08-21T10:53:57+0200,5d6f4db6-a0f2-490a-bd97-b2641f9198d5,2026-08-10T00:00:00Z,2026-08-10T02:00:00+0200,112.5,MW,DK2,DK_2,forecast_onshore_wind_generation,Wind Onshore,2026-08-21T09:08:16Z
2026-08-21T08:53:57Z,2026-08-21T10:53:57+0200,5d6f4db6-a0f2-490a-bd97-b2641f9198d5,2026-08-10T00:15:00Z,2026-08-10T02:15:00+0200,115.5,MW,DK2,DK_2,forecast_onshore_wind_generation,Wind Onshore,2026-08-21T09:08:16Z
2026-08-21T08:53:57Z,2026-08-21T10:53:57+0200,5d6f4db6-a0f2-490a-bd97-b2641f9198d5,2026-08-10T00:30:00Z,2026-08-10T02:30:00+0200,118.5,MW,DK2,DK_2,forecast_onshore_wind_generation,Wind Onshore,2026-08-21T09:08:16Z
2026-08-21T08:53:57Z,2026-08-21T10:53:57+0200,5d6f4db6-a0f2-490a-bd97-b2641f9198d5,2026-08-10T00:45:00Z,2026-08-10T02:45:00+0200,121.0,MW,DK2,DK_2,forecast_onshore_wind_generation,Wind Onshore,2026-08-21T09:08:16Z
2026-08-21T08:53:57Z,2026-08-21T10:53:57+0200,5d6f4db6-a0f2-490a-bd97-b2641f9198d5,2026-08-10T01:00:00Z,2026-08-10T03:00:00+0200,122.166666,MW,DK2,DK_2,forecast_onshore_wind_generation,Wind Onshore,2026-08-21T09:08:16Z
2026-08-21T08:53:57Z,2026-08-21T10:53:57+0200,5d6f4db6-a0f2-490a-bd97-b2641f9198d5,2026-08-10T01:15:00Z,2026-08-10T03:15:00+0200,124.5,MW,DK2,DK_2,forecast_onshore_wind_generation,Wind Onshore,2026-08-21T09:08:16Z
2026-08-21T08:53:57Z,2026-08-21T10:53:57+0200,5d6f4db6-a0f2-490a-bd97-b2641f9198d5,2026-08-10T01:30:00Z,2026-08-10T03:30:00+0200,127.333333,MW,DK2,DK_2,forecast_onshore_wind_generation,Wind Onshore,2026-08-21T09:08:16Z
2026-08-21T08:53:57Z,2026-08-21T10:53:57+0200,5d6f4db6-a0f2-490a-bd97-b2641f9198d5,2026-08-10T01:45:00Z,2026-08-10T03:45:00+0200,128.333333,MW,DK2,DK_2,forecast_onshore_wind_generation,Wind Onshore,2026-08-21T09:08:16Z
2026-08-21T08:53:57Z,2026-08-21T10:53:57+0200,5d6f4db6-a0f2-490a-bd97-b2641f9198d5,2026-08-10T02:00:00Z,2026-08-10T04:00:00+0200,127.5,MW,DK2,DK_2,forecast_onshore_wind_generation,Wind Onshore,2026-08-21T09:08:16Z
2026-08-21T08:53:57Z,2026-08-21T10:53:57+0200,5d6f4db6-a0f2-490a-bd97-b2641f9198d5,2026-08-10T02:15:00Z,2026-08-10T04:15:00+0200,127.0,MW,DK2,DK_2,forecast_onshore_wind_generation,Wind Onshore,2026-08-21T09:08:16Z
2026-08-21T08:53:57Z,2026-08-21T10:53:57+0200,5d6f4db6-a0f2-490a-bd97-b2641f9198d5,2026-08-10T02:30:00Z,2026-08-10T04:30:00+0200,126.833333,MW,DK2,DK_2,forecast_onshore_wind_generation,Wind Onshore,2026-08-21T09:08:16Z
2026-08-21T08:53:57Z,2026-08-21T10:53:57+0200,5d6f4db6-a0f2-490a-bd97-b2641f9198d5,2026-08-10T02:45:00Z,2026-08-10T04:45:00+0200,123.5,MW,DK2,DK_2,forecast_onshore_wind_generation,Wind Onshore,2026-08-21T09:08:16Z
2026-08-21T08:53:57Z,2026-08-21T10:53:57+0200,5d6f4db6-a0f2-490a-bd97-b2641f9198d5,2026-08-10T03:00:00Z,2026-08-10T05:00:00+0200,118.333333,MW,DK2,DK_2,forecast_onshore_wind_generation,Wind Onshore,2026-08-21T09:08:16Z
2026-08-21T08:53:57Z,2026-08-21T10:53:57+0200,5d6f4db6-a0f2-490a-bd97-b2641f9198d5,2026-08-10T03:15:00Z,2026-08-10T05:15:00+0200,112.5,MW,DK2,DK_2,forecast_onshore_wind_generation,Wind Onshore,2026-08-21T09:08:16Z
2026-08-21T08:53:57Z,2026-08-21T10:53:57+0200,5d6f4db6-a0f2-490a-bd97-b2641f9198d5,2026-08-10T03:30:00Z,2026-08-10T05:30:00+0200,107.166666,MW,DK2,DK_2,forecast_onshore_wind_generation,Wind Onshore,2026-08-21T09:08:16Z
2026-08-21T08:53:57Z,2026-08-21T10:53:57+0200,5d6f4db6-a0f2-490a-bd97-b2641f9198d5,2026-08-10T03:45:00Z,2026-08-10T05:45:00+0200,102.166666,MW,DK2,DK_2,forecast_onshore_wind_generation,Wind Onshore,2026-08-21T09:08:16Z
2026-08-21T08:53:57Z,2026-08-21T10:53:57+0200,5d6f4db6-a0f2-490a-bd97-b2641f9198d5,2026-08-10T04:00:00Z,2026-08-10T06:00:00+0200,98.0,MW,DK2,DK_2,forecast_onshore_wind_generation,Wind Onshore,2026-08-21T09:08:16Z
2026-08-21T08:53:57Z,2026-08-21T10:53:57+0200,5d6f4db6-a0f2-490a-bd97-b2641f9198d5,2026-08-10T04:15:00Z,2026-08-10T06:15:00+0200,93.833333,MW,DK2,DK_2,forecast_onshore_wind_generation,Wind Onshore,2026-08-21T09:08:16Z
2026-08-21T08:53:57Z,2026-08-21T10:53:57+0200,5d6f4db6-a0f2-490a-bd97-b2641f9198d5,2026-08-10T04:30:00Z,2026-08-10T06:30:00+0200,88.5,MW,DK2,DK_2,forecast_onshore_wind_generation,Wind Onshore,2026-08-21T09:08:16Z
2026-08-21T08:53:57Z,2026-08-21T10:53:57+0200,5d6f4db6-a0f2-490a-bd97-b2641f9198d5,2026-08-10T04:45:00Z,2026-08-10T06:45:00+0200,83.666666,MW,DK2,DK_2,forecast_onshore_wind_generation,Wind Onshore,2026-08-21T09:08:16Z
2026-08-21T08:53:57Z,2026-08-21T10:53:57+0200,5d6f4db6-a0f2-490a-bd97-b2641f9198d5,2026-08-10T05:00:00Z,2026-08-10T07:00:00+0200,79.0,MW,DK2,DK_2,forecast_onshore_wind_generation,Wind Onshore,2026-08-21T09:08:16Z
2026-08-21T08:53:57Z,2026-08-21T10:53:57+0200,5d6f4db6-a0f2-490a-bd97-b2641f9198d5,2026-08-10T05:15:00Z,2026-08-10T07:15:00+0200,74.0,MW,DK2,DK_2,forecast_onshore_wind_generation,Wind Onshore,2026-08-21T09:08:16Z
2026-08-21T08:53:57Z,2026-08-21T10:53:57+0200,5d6f4db6-a0f2-490a-bd97-b2641f9198d5,2026-08-10T05:30:00Z,2026-08-10T07:30:00+0200,70.0,MW,DK2,DK_2,forecast_onshore_wind_generation,Wind Onshore,2026-08-21T09:08:16Z
2026-08-21T08:53:57Z,2026-08-21T10:53:57+0200,5d6f4db6-a0f2-490a-bd97-b2641f9198d5,2026-08-10T05:45:00Z,2026-08-10T07:45:00+0200,66.666666,MW,DK2,DK_2,forecast_onshore_wind_generation,Wind Onshore,2026-08-21T09:08:16Z
2026-08-21T08:53:57Z,2026-08-21T10:53:57+0200,5d6f4db6-a0f2-490a-bd97-b2641f9198d5,2026-08-10T06:00:00Z,2026-08-10T08:00:00+0200,66.0,MW,DK2,DK_2,forecast_onshore_wind_generation,Wind Onshore,2026-08-21T09:08:16Z
2026-08-21T08:53:57Z,2026-08-21T10:53:57+0200,5d6f4db6-a0f2-490a-bd97-b2641f9198d5,2026-08-10T06:15:00Z,2026-08-10T08:15:00+0200,67.0,MW,DK2,DK_2,forecast_onshore_wind_generation,Wind Onshore,2026-08-21T09:08:16Z
2026-08-21T08:53:57Z,2026-08-21T10:53:57+0200,5d6f4db6-a0f2-490a-bd97-b2641f9198d5,2026-08-10T06:30:00Z,2026-08-10T08:30:00+0200,69.0,MW,DK2,DK_2,forecast_onshore_wind_generation,Wind Onshore,2026-08-21T09:08:16Z
2026-08-21T08:53:57Z,2026-08-21T10:53:57+0200,5d6f4db6-a0f2-490a-bd97-b2641f9198d5,2026-08-10T06:45:00Z,2026-08-10T08:45:00+0200,71.5,MW,DK2,DK_2,forecast_onshore_wind_generation,Wind Onshore,2026-08-21T09:08:16Z
2026-08-21T08:53:57Z,2026-08-21T10:53:57+0200,5d6f4db6-a0f2-490a-bd97-b2641f9198d5,2026-08-10T07:00:00Z,2026-08-10T09:00:00+0200,74.333333,MW,DK2,DK_2,forecast_onshore_wind_generation,Wind Onshore,2026-08-21T09:08:16Z
2026-08-21T08:53:57Z,2026-08-21T10:53:57+0200,5d6f4db6-a0f2-490a-bd97-b2641f9198d5,2026-08-10T07:15:00Z,2026-08-10T09:15:00+0200,74.5,MW,DK2,DK_2,forecast_onshore_wind_generation,Wind Onshore,2026-08-21T09:08:16Z
2026-08-21T08:53:57Z,2026-08-21T10:53:57+0200,5d6f4db6-a0f2-490a-bd97-b2641f9198d5,2026-08-10T07:30:00Z,2026-08-10T09:30:00+0200,73.166666,MW,DK2,DK_2,forecast_onshore_wind_generation,Wind Onshore,2026-08-21T09:08:16Z
2026-08-21T08:53:57Z,2026-08-21T10:53:57+0200,5d6f4db6-a0f2-490a-bd97-b2641f9198d5,2026-08-10T07:45:00Z,2026-08-10T09:45:00+0200,73.0,MW,DK2,DK_2,forecast_onshore_wind_generation,Wind Onshore,2026-08-21T09:08:16Z
2026-08-21T08:53:57Z,2026-08-21T10:53:57+0200,5d6f4db6-a0f2-490a-bd97-b2641f9198d5,2026-08-10T08:00:00Z,2026-08-10T10:00:00+0200,73.0,MW,DK2,DK_2,forecast_onshore_wind_generation,Wind Onshore,2026-08-21T09:08:16Z
2026-08-21T08:53:57Z,2026-08-21T10:53:57+0200,5d6f4db6-a0f2-490a-bd97-b2641f9198d5,2026-08-10T08:15:00Z,2026-08-10T10:15:00+0200,71.666666,MW,DK2,DK_2,forecast_onshore_wind_generation,Wind Onshore,2026-08-21T09:08:16Z
2026-08-21T08:53:57Z,2026-08-21T10:53:57+0200,5d6f4db6-a0f2-490a-bd97-b2641f9198d5,2026-08-10T08:30:00Z,2026-08-10T10:30:00+0200,69.666666,MW,DK2,DK_2,forecast_onshore_wind_generation,Wind Onshore,2026-08-21T09:08:16Z
2026-08-21T08:53:57Z,2026-08-21T10:53:57+0200,5d6f4db6-a0f2-490a-bd97-b2641f9198d5,2026-08-10T08:45:00Z,2026-08-10T10:45:00+0200,69.5,MW,DK2,DK_2,forecast_onshore_wind_generation,Wind Onshore,2026-08-21T09:08:16Z
2026-08-21T08:53:57Z,2026-08-21T10:53:57+0200,5d6f4db6-a0f2-490a-bd97-b2641f9198d5,2026-08-10T09:00:00Z,2026-08-10T11:00:00+0200,72.166666,MW,DK2,DK_2,forecast_onshore_wind_generation,Wind Onshore,2026-08-21T09:08:16Z
2026-08-21T08:53:57Z,2026-08-21T10:53:57+0200,5d6f4db6-a0f2-490a-bd97-b2641f9198d5,2026-08-10T09:15:00Z,2026-08-10T11:15:00+0200,79.0,MW,DK2,DK_2,forecast_onshore_wind_generation,Wind Onshore,2026-08-21T09:08:16Z
2026-08-21T08:53:57Z,2026-08-21T10:53:57+0200,5d6f4db6-a0f2-490a-bd97-b2641f9198d5,2026-08-10T09:30:00Z,2026-08-10T11:30:00+0200,87.833333,MW,DK2,DK_2,forecast_onshore_wind_generation,Wind Onshore,2026-08-21T09:08:16Z
2026-08-21T08:53:57Z,2026-08-21T10:53:57+0200,5d6f4db6-a0f2-490a-bd97-b2641f9198d5,2026-08-10T09:45:00Z,2026-08-10T11:45:00+0200,95.166666,MW,DK2,DK_2,forecast_onshore_wind_generation,Wind Onshore,2026-08-21T09:08:16Z
2026-08-21T08:53:57Z,2026-08-21T10:53:57+0200,5d6f4db6-a0f2-490a-bd97-b2641f9198d5,2026-08-10T10:00:00Z,2026-08-10T12:00:00+0200,97.666666,MW,DK2,DK_2,forecast_onshore_wind_generation,Wind Onshore,2026-08-21T09:08:16Z
2026-08-21T08:53:57Z,2026-08-21T10:53:57+0200,5d6f4db6-a0f2-490a-bd97-b2641f9198d5,2026-08-10T10:15:00Z,2026-08-10T12:15:00+0200,101.5,MW,DK2,DK_2,forecast_onshore_wind_generation,Wind Onshore,2026-08-21T09:08:16Z
2026-08-21T08:53:57Z,2026-08-21T10:53:57+0200,5d6f4db6-a0f2-490a-bd97-b2641f9198d5,2026-08-10T10:30:00Z,2026-08-10T12:30:00+0200,107.0,MW,DK2,DK_2,forecast_onshore_wind_generation,Wind Onshore,2026-08-21T09:08:16Z
2026-08-21T08:53:57Z,2026-08-21T10:53:57+0200,5d6f4db6-a0f2-490a-bd97-b2641f9198d5,2026-08-10T10:45:00Z,2026-08-10T12:45:00+0200,114.0,MW,DK2,DK_2,forecast_onshore_wind_generation,Wind Onshore,2026-08-21T09:08:16Z
2026-08-21T08:53:57Z,2026-08-21T10:53:57+0200,5d6f4db6-a0f2-490a-bd97-b2641f9198d5,2026-08-10T11:00:00Z,2026-08-10T13:00:00+0200,120.333333,MW,DK2,DK_2,forecast_onshore_wind_generation,Wind Onshore,2026-08-21T09:08:16Z
2026-08-21T08:53:57Z,2026-08-21T10:53:57+0200,5d6f4db6-a0f2-490a-bd97-b2641f9198d5,2026-08-10T11:15:00Z,2026-08-10T13:15:00+0200,124.333333,MW,DK2,DK_2,forecast_onshore_wind_generation,Wind Onshore,2026-08-21T09:08:16Z
2026-08-21T08:53:57Z,2026-08-21T10:53:57+0200,5d6f4db6-a0f2-490a-bd97-b2641f9198d5,2026-08-10T11:30:00Z,2026-08-10T13:30:00+0200,128.666666,MW,DK2,DK_2,forecast_onshore_wind_generation,Wind Onshore,2026-08-21T09:08:16Z
2026-08-21T08:53:57Z,2026-08-21T10:53:57+0200,5d6f4db6-a0f2-490a-bd97-b2641f9198d5,2026-08-10T11:45:00Z,2026-08-10T13:45:00+0200,131.5,MW,DK2,DK_2,forecast_onshore_wind_generation,Wind Onshore,2026-08-21T09:08:16Z
2026-08-21T08:53:57Z,2026-08-21T10:53:57+0200,5d6f4db6-a0f2-490a-bd97-b2641f9198d5,2026-08-10T12:00:00Z,2026-08-10T14:00:00+0200,132.166666,MW,DK2,DK_2,forecast_onshore_wind_generation,Wind Onshore,2026-08-21T09:08:16Z
2026-08-21T08:53:57Z,2026-08-21T10:53:57+0200,5d6f4db6-a0f2-490a-bd97-b2641f9198d5,2026-08-10T12:15:00Z,2026-08-10T14:15:00+0200,133.5,MW,DK2,DK_2,forecast_onshore_wind_generation,Wind Onshore,2026-08-21T09:08:16Z
2026-08-21T08:53:57Z,2026-08-21T10:53:57+0200,5d6f4db6-a0f2-490a-bd97-b2641f9198d5,2026-08-10T12:30:00Z,2026-08-10T14:30:00+0200,138.5,MW,DK2,DK_2,forecast_onshore_wind_generation,Wind Onshore,2026-08-21T09:08:16Z
2026-08-21T08:53:57Z,2026-08-21T10:53:57+0200,5d6f4db6-a0f2-490a-bd97-b2641f9198d5,2026-08-10T12:45:00Z,2026-08-10T14:45:00+0200,145.166666,MW,DK2,DK_2,forecast_onshore_wind_generation,Wind Onshore,2026-08-21T09:08:16Z
2026-08-21T08:53:57Z,2026-08-21T10:53:57+0200,5d6f4db6-a0f2-490a-bd97-b2641f9198d5,2026-08-10T13:00:00Z,2026-08-10T15:00:00+0200,151.333333,MW,DK2,DK_2,forecast_onshore_wind_generation,Wind Onshore,2026-08-21T09:08:16Z
2026-08-21T08:53:57Z,2026-08-21T10:53:57+0200,5d6f4db6-a0f2-490a-bd97-b2641f9198d5,2026-08-10T13:15:00Z,2026-08-10T15:15:00+0200,164.0,MW,DK2,DK_2,forecast_onshore_wind_generation,Wind Onshore,2026-08-21T09:08:16Z
2026-08-21T08:53:57Z,2026-08-21T10:53:57+0200,5d6f4db6-a0f2-490a-bd97-b2641f9198d5,2026-08-10T13:30:00Z,2026-08-10T15:30:00+0200,178.0,MW,DK2,DK_2,forecast_onshore_wind_generation,Wind Onshore,2026-08-21T09:08:16Z
2026-08-21T08:53:57Z,2026-08-21T10:53:57+0200,5d6f4db6-a0f2-490a-bd97-b2641f9198d5,2026-08-10T13:45:00Z,2026-08-10T15:45:00+0200,191.833333,MW,DK2,DK_2,forecast_onshore_wind_generation,Wind Onshore,2026-08-21T09:08:16Z
2026-08-21T08:53:57Z,2026-08-21T10:53:57+0200,5d6f4db6-a0f2-490a-bd97-b2641f9198d5,2026-08-10T14:00:00Z,2026-08-10T16:00:00+0200,205.5,MW,DK2,DK_2,forecast_onshore_wind_generation,Wind Onshore,2026-08-21T09:08:16Z
2026-08-21T08:53:57Z,2026-08-21T10:53:57+0200,5d6f4db6-a0f2-490a-bd97-b2641f9198d5,2026-08-10T14:15:00Z,2026-08-10T16:15:00+0200,222.166666,MW,DK2,DK_2,forecast_onshore_wind_generation,Wind Onshore,2026-08-21T09:08:16Z
2026-08-21T08:53:57Z,2026-08-21T10:53:57+0200,5d6f4db6-a0f2-490a-bd97-b2641f9198d5,2026-08-10T14:30:00Z,2026-08-10T16:30:00+0200,241.166666,MW,DK2,DK_2,forecast_onshore_wind_generation,Wind Onshore,2026-08-21T09:08:16Z
2026-08-21T08:53:57Z,2026-08-21T10:53:57+0200,5d6f4db6-a0f2-490a-bd97-b2641f9198d5,2026-08-10T14:45:00Z,2026-08-10T16:45:00+0200,255.0,MW,DK2,DK_2,forecast_onshore_wind_generation,Wind Onshore,2026-08-21T09:08:16Z
2026-08-21T08:53:57Z,2026-08-21T10:53:57+0200,5d6f4db6-a0f2-490a-bd97-b2641f9198d5,2026-08-10T15:00:00Z,2026-08-10T17:00:00+0200,266.333333,MW,DK2,DK_2,forecast_onshore_wind_generation,Wind Onshore,2026-08-21T09:08:16Z
2026-08-21T08:53:57Z,2026-08-21T10:53:57+0200,5d6f4db6-a0f2-490a-bd97-b2641f9198d5,2026-08-10T15:15:00Z,2026-08-10T17:15:00+0200,274.833333,MW,DK2,DK_2,forecast_onshore_wind_generation,Wind Onshore,2026-08-21T09:08:16Z
2026-08-21T08:53:57Z,2026-08-21T10:53:57+0200,5d6f4db6-a0f2-490a-bd97-b2641f9198d5,2026-08-10T15:30:00Z,2026-08-10T17:30:00+0200,282.0,MW,DK2,DK_2,forecast_onshore_wind_generation,Wind Onshore,2026-08-21T09:08:16Z
2026-08-21T08:53:57Z,2026-08-21T10:53:57+0200,5d6f4db6-a0f2-490a-bd97-b2641f9198d5,2026-08-10T15:45:00Z,2026-08-10T17:45:00+0200,290.833333,MW,DK2,DK_2,forecast_onshore_wind_generation,Wind Onshore,2026-08-21T09:08:16Z
2026-08-21T08:53:57Z,2026-08-21T10:53:57+0200,5d6f4db6-a0f2-490a-bd97-b2641f9198d5,2026-08-10T16:00:00Z,2026-08-10T18:00:00+0200,299.166666,MW,DK2,DK_2,forecast_onshore_wind_generation,Wind Onshore,2026-08-21T09:08:16Z
2026-08-21T08:53:57Z,2026-08-21T10:53:57+0200,5d6f4db6-a0f2-490a-bd97-b2641f9198d5,2026-08-10T16:15:00Z,2026-08-10T18:15:00+0200,306.666666,MW,DK2,DK_2,forecast_onshore_wind_generation,Wind Onshore,2026-08-21T09:08:16Z
2026-08-21T08:53:57Z,2026-08-21T10:53:57+0200,5d6f4db6-a0f2-490a-bd97-b2641f9198d5,2026-08-10T16:30:00Z,2026-08-10T18:30:00+0200,313.0,MW,DK2,DK_2,forecast_onshore_wind_generation,Wind Onshore,2026-08-21T09:08:16Z
2026-08-21T08:53:57Z,2026-08-21T10:53:57+0200,5d6f4db6-a0f2-490a-bd97-b2641f9198d5,2026-08-10T16:45:00Z,2026-08-10T18:45:00+0200,317.333333,MW,DK2,DK_2,forecast_onshore_wind_generation,Wind Onshore,2026-08-21T09:08:16Z
2026-08-21T08:53:57Z,2026-08-21T10:53:57+0200,5d6f4db6-a0f2-490a-bd97-b2641f9198d5,2026-08-10T17:00:00Z,2026-08-10T19:00:00+0200,316.5,MW,DK2,DK_2,forecast_onshore_wind_generation,Wind Onshore,2026-08-21T09:08:16Z
2026-08-21T08:53:57Z,2026-08-21T10:53:57+0200,5d6f4db6-a0f2-490a-bd97-b2641f9198d5,2026-08-10T17:15:00Z,2026-08-10T19:15:00+0200,312.833333,MW,DK2,DK_2,forecast_onshore_wind_generation,Wind Onshore,2026-08-21T09:08:16Z
2026-08-21T08:53:57Z,2026-08-21T10:53:57+0200,5d6f4db6-a0f2-490a-bd97-b2641f9198d5,2026-08-10T17:30:00Z,2026-08-10T19:30:00+0200,309.0,MW,DK2,DK_2,forecast_onshore_wind_generation,Wind Onshore,2026-08-21T09:08:16Z
2026-08-21T08:53:57Z,2026-08-21T10:53:57+0200,5d6f4db6-a0f2-490a-bd97-b2641f9198d5,2026-08-10T17:45:00Z,2026-08-10T19:45:00+0200,308.0,MW,DK2,DK_2,forecast_onshore_wind_generation,Wind Onshore,2026-08-21T09:08:16Z
2026-08-21T08:53:57Z,2026-08-21T10:53:57+0200,5d6f4db6-a0f2-490a-bd97-b2641f9198d5,2026-08-10T18:00:00Z,2026-08-10T20:00:00+0200,308.0,MW,DK2,DK_2,forecast_onshore_wind_generation,Wind Onshore,2026-08-21T09:08:16Z
2026-08-21T08:53:57Z,2026-08-21T10:53:57+0200,5d6f4db6-a0f2-490a-bd97-b2641f9198d5,2026-08-10T18:15:00Z,2026-08-10T20:15:00+0200,308.0,MW,DK2,DK_2,forecast_onshore_wind_generation,Wind Onshore,2026-08-21T09:08:16Z
2026-08-21T08:53:57Z,2026-08-21T10:53:57+0200,5d6f4db6-a0f2-490a-bd97-b2641f9198d5,2026-08-10T18:30:00Z,2026-08-10T20:30:00+0200,306.166666,MW,DK2,DK_2,forecast_onshore_wind_generation,Wind Onshore,2026-08-21T09:08:16Z
2026-08-21T08:53:57Z,2026-08-21T10:53:57+0200,5d6f4db6-a0f2-490a-bd97-b2641f9198d5,2026-08-10T18:45:00Z,2026-08-10T20:45:00+0200,305.0,MW,DK2,DK_2,forecast_onshore_wind_generation,Wind Onshore,2026-08-21T09:08:16Z
2026-08-21T08:53:57Z,2026-08-21T10:53:57+0200,5d6f4db6-a0f2-490a-bd97-b2641f9198d5,2026-08-10T19:00:00Z,2026-08-10T21:00:00+0200,305.666666,MW,DK2,DK_2,forecast_onshore_wind_generation,Wind Onshore,2026-08-21T09:08:16Z
2026-08-21T08:53:57Z,2026-08-21T10:53:57+0200,5d6f4db6-a0f2-490a-bd97-b2641f9198d5,2026-08-10T19:15:00Z,2026-08-10T21:15:00+0200,305.0,MW,DK2,DK_2,forecast_onshore_wind_generation,Wind Onshore,2026-08-21T09:08:16Z
2026-08-21T08:53:57Z,2026-08-21T10:53:57+0200,5d6f4db6-a0f2-490a-bd97-b2641f9198d5,2026-08-10T19:30:00Z,2026-08-10T21:30:00+0200,305.166666,MW,DK2,DK_2,forecast_onshore_wind_generation,Wind Onshore,2026-08-21T09:08:16Z
2026-08-21T08:53:57Z,2026-08-21T10:53:57+0200,5d6f4db6-a0f2-490a-bd97-b2641f9198d5,2026-08-10T19:45:00Z,2026-08-10T21:45:00+0200,306.666666,MW,DK2,DK_2,forecast_onshore_wind_generation,Wind Onshore,2026-08-21T09:08:16Z
2026-08-21T08:53:57Z,2026-08-21T10:53:57+0200,5d6f4db6-a0f2-490a-bd97-b2641f9198d5,2026-08-10T20:00:00Z,2026-08-10T22:00:00+0200,307.833333,MW,DK2,DK_2,forecast_onshore_wind_generation,Wind Onshore,2026-08-21T09:08:16Z
2026-08-21T08:53:57Z,2026-08-21T10:53:57+0200,5d6f4db6-a0f2-490a-bd97-b2641f9198d5,2026-08-10T20:15:00Z,2026-08-10T22:15:00+0200,305.0,MW,DK2,DK_2,forecast_onshore_wind_generation,Wind Onshore,2026-08-21T09:08:16Z
2026-08-21T08:53:57Z,2026-08-21T10:53:57+0200,5d6f4db6-a0f2-490a-bd97-b2641f9198d5,2026-08-10T20:30:00Z,2026-08-10T22:30:00+0200,300.833333,MW,DK2,DK_2,forecast_onshore_wind_generation,Wind Onshore,2026-08-21T09:08:16Z
2026-08-21T08:53:57Z,2026-08-21T10:53:57+0200,5d6f4db6-a0f2-490a-bd97-b2641f9198d5,2026-08-10T20:45:00Z,2026-08-10T22:45:00+0200,298.666666,MW,DK2,DK_2,forecast_onshore_wind_generation,Wind Onshore,2026-08-21T09:08:16Z
2026-08-21T08:53:57Z,2026-08-21T10:53:57+0200,5d6f4db6-a0f2-490a-bd97-b2641f9198d5,2026-08-10T21:00:00Z,2026-08-10T23:00:00+0200,297.166666,MW,DK2,DK_2,forecast_onshore_wind_generation,Wind Onshore,2026-08-21T09:08:16Z
2026-08-21T08:53:57Z,2026-08-21T10:53:57+0200,5d6f4db6-a0f2-490a-bd97-b2641f9198d5,2026-08-10T21:15:00Z,2026-08-10T23:15:00+0200,298.666666,MW,DK2,DK_2,forecast_onshore_wind_generation,Wind Onshore,2026-08-21T09:08:16Z
2026-08-21T08:53:57Z,2026-08-21T10:53:57+0200,5d6f4db6-a0f2-490a-bd97-b2641f9198d5,2026-08-10T21:30:00Z,2026-08-10T23:30:00+0200,302.666666,MW,DK2,DK_2,forecast_onshore_wind_generation,Wind Onshore,2026-08-21T09:08:16Z
2026-08-21T08:53:57Z,2026-08-21T10:53:57+0200,5d6f4db6-a0f2-490a-bd97-b2641f9198d5,2026-08-10T21:45:00Z,2026-08-10T23:45:00+0200,308.0,MW,DK2,DK_2,forecast_onshore_wind_generation,Wind Onshore,2026-08-21T09:08:16Z
2026-08-21T08:53:57Z,2026-08-21T10:53:57+0200,5d6f4db6-a0f2-490a-bd97-b2641f9198d5,2026-08-10T22:00:00Z,2026-08-11T00:00:00+0200,346.5,MW,DK2,DK_2,forecast_onshore_wind_generation,Wind Onshore,2026-08-21T09:08:16Z
2026-08-21T08:53:57Z,2026-08-21T10:53:57+0200,5d6f4db6-a0f2-490a-bd97-b2641f9198d5,2026-08-10T22:15:00Z,2026-08-11T00:15:00+0200,348.333333,MW,DK2,DK_2,forecast_onshore_wind_generation,Wind Onshore,2026-08-21T09:08:16Z
2026-08-21T08:53:57Z,2026-08-21T10:53:57+0200,5d6f4db6-a0f2-490a-bd97-b2641f9198d5,2026-08-10T22:30:00Z,2026-08-11T00:30:00+0200,348.5,MW,DK2,DK_2,forecast_onshore_wind_generation,Wind Onshore,2026-08-21T09:08:16Z
2026-08-21T08:53:57Z,2026-08-21T10:53:57+0200,5d6f4db6-a0f2-490a-bd97-b2641f9198d5,2026-08-10T22:45:00Z,2026-08-11T00:45:00+0200,343.833333,MW,DK2,DK_2,forecast_onshore_wind_generation,Wind Onshore,2026-08-21T09:08:16Z
2026-08-21T08:53:57Z,2026-08-21T10:53:57+0200,5d6f4db6-a0f2-490a-bd97-b2641f9198d5,2026-08-10T23:00:00Z,2026-08-11T01:00:00+0200,337.166666,MW,DK2,DK_2,forecast_onshore_wind_generation,Wind Onshore,2026-08-21T09:08:16Z
2026-08-21T08:53:57Z,2026-08-21T10:53:57+0200,5d6f4db6-a0f2-490a-bd97-b2641f9198d5,2026-08-10T23:15:00Z,2026-08-11T01:15:00+0200,330.333333,MW,DK2,DK_2,forecast_onshore_wind_generation,Wind Onshore,2026-08-21T09:08:16Z
2026-08-21T08:53:57Z,2026-08-21T10:53:57+0200,5d6f4db6-a0f2-490a-bd97-b2641f9198d5,2026-08-10T23:30:00Z,2026-08-11T01:30:00+0200,325.666666,MW,DK2,DK_2,forecast_onshore_wind_generation,Wind Onshore,2026-08-21T09:08:16Z
2026-08-21T08:53:57Z,2026-08-21T10:53:57+0200,5d6f4db6-a0f2-490a-bd97-b2641f9198d5,2026-08-10T23:45:00Z,2026-08-11T01:45:00+0200,324.5,MW,DK2,DK_2,forecast_onshore_wind_generation,Wind Onshore,2026-08-21T09:08:16Z
2026-08-21T08:53:57Z,2026-08-21T10:53:57+0200,5d6f4db6-a0f2-490a-bd97-b2641f9198d5,2026-08-11T00:00:00Z,2026-08-11T02:00:00+0200,325.833333,MW,DK2,DK_2,forecast_onshore_wind_generation,Wind Onshore,2026-08-21T09:08:16Z
2026-08-21T08:53:57Z,2026-08-21T10:53:57+0200,5d6f4db6-a0f2-490a-bd97-b2641f9198d5,2026-08-11T00:15:00Z,2026-08-11T02:15:00+0200,325.833333,MW,DK2,DK_2,forecast_onshore_wind_generation,Wind Onshore,2026-08-21T09:08:16Z
2026-08-21T08:53:57Z,2026-08-21T10:53:57+0200,5d6f4db6-a0f2-490a-bd97-b2641f9198d5,2026-08-11T00:30:00Z,2026-08-11T02:30:00+0200,325.5,MW,DK2,DK_2,forecast_onshore_wind_generation,Wind Onshore,2026-08-21T09:08:16Z
2026-08-21T08:53:57Z,2026-08-21T10:53:57+0200,5d6f4db6-a0f2-490a-bd97-b2641f9198d5,2026-08-11T00:45:00Z,2026-08-11T02:45:00+0200,327.5,MW,DK2,DK_2,forecast_onshore_wind_generation,Wind Onshore,2026-08-21T09:08:16Z
2026-08-21T08:53:57Z,2026-08-21T10:53:57+0200,5d6f4db6-a0f2-490a-bd97-b2641f9198d5,2026-08-11T01:00:00Z,2026-08-11T03:00:00+0200,330.5,MW,DK2,DK_2,forecast_onshore_wind_generation,Wind Onshore,2026-08-21T09:08:16Z
2026-08-21T08:53:57Z,2026-08-21T10:53:57+0200,5d6f4db6-a0f2-490a-bd97-b2641f9198d5,2026-08-11T01:15:00Z,2026-08-11T03:15:00+0200,334.5,MW,DK2,DK_2,forecast_onshore_wind_generation,Wind Onshore,2026-08-21T09:08:16Z
2026-08-21T08:53:57Z,2026-08-21T10:53:57+0200,5d6f4db6-a0f2-490a-bd97-b2641f9198d5,2026-08-11T01:30:00Z,2026-08-11T03:30:00+0200,339.5,MW,DK2,DK_2,forecast_onshore_wind_generation,Wind Onshore,2026-08-21T09:08:16Z
2026-08-21T08:53:57Z,2026-08-21T10:53:57+0200,5d6f4db6-a0f2-490a-bd97-b2641f9198d5,2026-08-11T01:45:00Z,2026-08-11T03:45:00+0200,344.5,MW,DK2,DK_2,forecast_onshore_wind_generation,Wind Onshore,2026-08-21T09:08:16Z
2026-08-21T08:53:57Z,2026-08-21T10:53:57+0200,5d6f4db6-a0f2-490a-bd97-b2641f9198d5,2026-08-11T02:00:00Z,2026-08-11T04:00:00+0200,344.833333,MW,DK2,DK_2,forecast_onshore_wind_generation,Wind Onshore,2026-08-21T09:08:16Z
2026-08-21T08:53:57Z,2026-08-21T10:53:57+0200,5d6f4db6-a0f2-490a-bd97-b2641f9198d5,2026-08-11T02:15:00Z,2026-08-11T04:15:00+0200,343.333333,MW,DK2,DK_2,forecast_onshore_wind_generation,Wind Onshore,2026-08-21T09:08:16Z
2026-08-21T08:53:57Z,2026-08-21T10:53:57+0200,5d6f4db6-a0f2-490a-bd97-b2641f9198d5,2026-08-11T02:30:00Z,2026-08-11T04:30:00+0200,341.5,MW,DK2,DK_2,forecast_onshore_wind_generation,Wind Onshore,2026-08-21T09:08:16Z
2026-08-21T08:53:57Z,2026-08-21T10:53:57+0200,5d6f4db6-a0f2-490a-bd97-b2641f9198d5,2026-08-11T02:45:00Z,2026-08-11T04:45:00+0200,340.333333,MW,DK2,DK_2,forecast_onshore_wind_generation,Wind Onshore,2026-08-21T09:08:16Z
2026-08-21T08:53:57Z,2026-08-21T10:53:57+0200,5d6f4db6-a0f2-490a-bd97-b2641f9198d5,2026-08-11T03:00:00Z,2026-08-11T05:00:00+0200,336.5,MW,DK2,DK_2,forecast_onshore_wind_generation,Wind Onshore,2026-08-21T09:08:16Z
2026-08-21T08:53:57Z,2026-08-21T10:53:57+0200,5d6f4db6-a0f2-490a-bd97-b2641f9198d5,2026-08-11T03:15:00Z,2026-08-11T05:15:00+0200,331.833333,MW,DK2,DK_2,forecast_onshore_wind_generation,Wind Onshore,2026-08-21T09:08:16Z
2026-08-21T08:53:57Z,2026-08-21T10:53:57+0200,5d6f4db6-a0f2-490a-bd97-b2641f9198d5,2026-08-11T03:30:00Z,2026-08-11T05:30:00+0200,330.166666,MW,DK2,DK_2,forecast_onshore_wind_generation,Wind Onshore,2026-08-21T09:08:16Z
2026-08-21T08:53:57Z,2026-08-21T10:53:57+0200,5d6f4db6-a0f2-490a-bd97-b2641f9198d5,2026-08-11T03:45:00Z,2026-08-11T05:45:00+0200,330.166666,MW,DK2,DK_2,forecast_onshore_wind_generation,Wind Onshore,2026-08-21T09:08:16Z
2026-08-21T08:53:57Z,2026-08-21T10:53:57+0200,5d6f4db6-a0f2-490a-bd97-b2641f9198d5,2026-08-11T04:00:00Z,2026-08-11T06:00:00+0200,331.666666,MW,DK2,DK_2,forecast_onshore_wind_generation,Wind Onshore,2026-08-21T09:08:16Z
2026-08-21T08:53:57Z,2026-08-21T10:53:57+0200,5d6f4db6-a0f2-490a-bd97-b2641f9198d5,2026-08-11T04:15:00Z,2026-08-11T06:15:00+0200,333.166666,MW,DK2,DK_2,forecast_onshore_wind_generation,Wind Onshore,2026-08-21T09:08:16Z
2026-08-21T08:53:57Z,2026-08-21T10:53:57+0200,5d6f4db6-a0f2-490a-bd97-b2641f9198d5,2026-08-11T04:30:00Z,2026-08-11T06:30:00+0200,330.0,MW,DK2,DK_2,forecast_onshore_wind_generation,Wind Onshore,2026-08-21T09:08:16Z
2026-08-21T08:53:57Z,2026-08-21T10:53:57+0200,5d6f4db6-a0f2-490a-bd97-b2641f9198d5,2026-08-11T04:45:00Z,2026-08-11T06:45:00+0200,326.333333,MW,DK2,DK_2,forecast_onshore_wind_generation,Wind Onshore,2026-08-21T09:08:16Z
2026-08-21T08:53:57Z,2026-08-21T10:53:57+0200,5d6f4db6-a0f2-490a-bd97-b2641f9198d5,2026-08-11T05:00:00Z,2026-08-11T07:00:00+0200,320.166666,MW,DK2,DK_2,forecast_onshore_wind_generation,Wind Onshore,2026-08-21T09:08:16Z
2026-08-21T08:53:57Z,2026-08-21T10:53:57+0200,5d6f4db6-a0f2-490a-bd97-b2641f9198d5,2026-08-11T05:15:00Z,2026-08-11T07:15:00+0200,314.0,MW,DK2,DK_2,forecast_onshore_wind_generation,Wind Onshore,2026-08-21T09:08:16Z
2026-08-21T08:53:57Z,2026-08-21T10:53:57+0200,5d6f4db6-a0f2-490a-bd97-b2641f9198d5,2026-08-11T05:30:00Z,2026-08-11T07:30:00+0200,306.5,MW,DK2,DK_2,forecast_onshore_wind_generation,Wind Onshore,2026-08-21T09:08:16Z
2026-08-21T08:53:57Z,2026-08-21T10:53:57+0200,5d6f4db6-a0f2-490a-bd97-b2641f9198d5,2026-08-11T05:45:00Z,2026-08-11T07:45:00+0200,297.5,MW,DK2,DK_2,forecast_onshore_wind_generation,Wind Onshore,2026-08-21T09:08:16Z
2026-08-21T08:53:57Z,2026-08-21T10:53:57+0200,5d6f4db6-a0f2-490a-bd97-b2641f9198d5,2026-08-11T06:00:00Z,2026-08-11T08:00:00+0200,290.0,MW,DK2,DK_2,forecast_onshore_wind_generation,Wind Onshore,2026-08-21T09:08:16Z
2026-08-21T08:53:57Z,2026-08-21T10:53:57+0200,5d6f4db6-a0f2-490a-bd97-b2641f9198d5,2026-08-11T06:15:00Z,2026-08-11T08:15:00+0200,284.666666,MW,DK2,DK_2,forecast_onshore_wind_generation,Wind Onshore,2026-08-21T09:08:16Z
2026-08-21T08:53:57Z,2026-08-21T10:53:57+0200,5d6f4db6-a0f2-490a-bd97-b2641f9198d5,2026-08-11T06:30:00Z,2026-08-11T08:30:00+0200,283.0,MW,DK2,DK_2,forecast_onshore_wind_generation,Wind Onshore,2026-08-21T09:08:16Z
2026-08-21T08:53:57Z,2026-08-21T10:53:57+0200,5d6f4db6-a0f2-490a-bd97-b2641f9198d5,2026-08-11T06:45:00Z,2026-08-11T08:45:00+0200,286.333333,MW,DK2,DK_2,forecast_onshore_wind_generation,Wind Onshore,2026-08-21T09:08:16Z
2026-08-21T08:53:57Z,2026-08-21T10:53:57+0200,5d6f4db6-a0f2-490a-bd97-b2641f9198d5,2026-08-11T07:00:00Z,2026-08-11T09:00:00+0200,297.0,MW,DK2,DK_2,forecast_onshore_wind_generation,Wind Onshore,2026-08-21T09:08:16Z
2026-08-21T08:53:57Z,2026-08-21T10:53:57+0200,5d6f4db6-a0f2-490a-bd97-b2641f9198d5,2026-08-11T07:15:00Z,2026-08-11T09:15:00+0200,303.0,MW,DK2,DK_2,forecast_onshore_wind_generation,Wind Onshore,2026-08-21T09:08:16Z
2026-08-21T08:53:57Z,2026-08-21T10:53:57+0200,5d6f4db6-a0f2-490a-bd97-b2641f9198d5,2026-08-11T07:30:00Z,2026-08-11T09:30:00+0200,302.5,MW,DK2,DK_2,forecast_onshore_wind_generation,Wind Onshore,2026-08-21T09:08:16Z
2026-08-21T08:53:57Z,2026-08-21T10:53:57+0200,5d6f4db6-a0f2-490a-bd97-b2641f9198d5,2026-08-11T07:45:00Z,2026-08-11T09:45:00+0200,303.333333,MW,DK2,DK_2,forecast_onshore_wind_generation,Wind Onshore,2026-08-21T09:08:16Z
2026-08-21T08:53:57Z,2026-08-21T10:53:57+0200,5d6f4db6-a0f2-490a-bd97-b2641f9198d5,2026-08-11T08:00:00Z,2026-08-11T10:00:00+0200,303.833333,MW,DK2,DK_2,forecast_onshore_wind_generation,Wind Onshore,2026-08-21T09:08:16Z
2026-08-21T08:53:57Z,2026-08-21T10:53:57+0200,5d6f4db6-a0f2-490a-bd97-b2641f9198d5,2026-08-11T08:15:00Z,2026-08-11T10:15:00+0200,297.5,MW,DK2,DK_2,forecast_onshore_wind_generation,Wind Onshore,2026-08-21T09:08:16Z
2026-08-21T08:53:57Z,2026-08-21T10:53:57+0200,5d6f4db6-a0f2-490a-bd97-b2641f9198d5,2026-08-11T08:30:00Z,2026-08-11T10:30:00+0200,286.333333,MW,DK2,DK_2,forecast_onshore_wind_generation,Wind Onshore,2026-08-21T09:08:16Z
2026-08-21T08:53:57Z,2026-08-21T10:53:57+0200,5d6f4db6-a0f2-490a-bd97-b2641f9198d5,2026-08-11T08:45:00Z,2026-08-11T10:45:00+0200,277.666666,MW,DK2,DK_2,forecast_onshore_wind_generation,Wind Onshore,2026-08-21T09:08:16Z
2026-08-21T08:53:57Z,2026-08-21T10:53:57+0200,5d6f4db6-a0f2-490a-bd97-b2641f9198d5,2026-08-11T09:00:00Z,2026-08-11T11:00:00+0200,269.0,MW,DK2,DK_2,forecast_onshore_wind_generation,Wind Onshore,2026-08-21T09:08:16Z
2026-08-21T08:53:57Z,2026-08-21T10:53:57+0200,5d6f4db6-a0f2-490a-bd97-b2641f9198d5,2026-08-11T09:15:00Z,2026-08-11T11:15:00+0200,251.0,MW,DK2,DK_2,forecast_onshore_wind_generation,Wind Onshore,2026-08-21T09:08:16Z
2026-08-21T08:53:57Z,2026-08-21T10:53:57+0200,5d6f4db6-a0f2-490a-bd97-b2641f9198d5,2026-08-11T09:30:00Z,2026-08-11T11:30:00+0200,215.333333,MW,DK2,DK_2,forecast_onshore_wind_generation,Wind Onshore,2026-08-21T09:08:16Z
2026-08-21T08:53:57Z,2026-08-21T10:53:57+0200,5d6f4db6-a0f2-490a-bd97-b2641f9198d5,2026-08-11T09:45:00Z,2026-08-11T11:45:00+0200,202.5,MW,DK2,DK_2,forecast_onshore_wind_generation,Wind Onshore,2026-08-21T09:08:16Z
2026-08-21T08:53:57Z,2026-08-21T10:53:57+0200,5d6f4db6-a0f2-490a-bd97-b2641f9198d5,2026-08-11T10:00:00Z,2026-08-11T12:00:00+0200,185.166666,MW,DK2,DK_2,forecast_onshore_wind_generation,Wind Onshore,2026-08-21T09:08:16Z
2026-08-21T08:53:57Z,2026-08-21T10:53:57+0200,5d6f4db6-a0f2-490a-bd97-b2641f9198d5,2026-08-11T10:15:00Z,2026-08-11T12:15:00+0200,182.0,MW,DK2,DK_2,forecast_onshore_wind_generation,Wind Onshore,2026-08-21T09:08:16Z
2026-08-21T08:53:57Z,2026-08-21T10:53:57+0200,5d6f4db6-a0f2-490a-bd97-b2641f9198d5,2026-08-11T10:30:00Z,2026-08-11T12:30:00+0200,178.0,MW,DK2,DK_2,forecast_onshore_wind_generation,Wind Onshore,2026-08-21T09:08:16Z
2026-08-21T08:53:57Z,2026-08-21T10:53:57+0200,5d6f4db6-a0f2-490a-bd97-b2641f9198d5,2026-08-11T10:45:00Z,2026-08-11T12:45:00+0200,173.166666,MW,DK2,DK_2,forecast_onshore_wind_generation,Wind Onshore,2026-08-21T09:08:16Z
2026-08-21T08:53:57Z,2026-08-21T10:53:57+0200,5d6f4db6-a0f2-490a-bd97-b2641f9198d5,2026-08-11T11:00:00Z,2026-08-11T13:00:00+0200,168.666666,MW,DK2,DK_2,forecast_onshore_wind_generation,Wind Onshore,2026-08-21T09:08:16Z
2026-08-21T08:53:57Z,2026-08-21T10:53:57+0200,5d6f4db6-a0f2-490a-bd97-b2641f9198d5,2026-08-11T11:15:00Z,2026-08-11T13:15:00+0200,166.5,MW,DK2,DK_2,forecast_onshore_wind_generation,Wind Onshore,2026-08-21T09:08:16Z
2026-08-21T08:53:57Z,2026-08-21T10:53:57+0200,5d6f4db6-a0f2-490a-bd97-b2641f9198d5,2026-08-11T11:30:00Z,2026-08-11T13:30:00+0200,165.0,MW,DK2,DK_2,forecast_onshore_wind_generation,Wind Onshore,2026-08-21T09:08:16Z
2026-08-21T08:53:57Z,2026-08-21T10:53:57+0200,5d6f4db6-a0f2-490a-bd97-b2641f9198d5,2026-08-11T11:45:00Z,2026-08-11T13:45:00+0200,162.0,MW,DK2,DK_2,forecast_onshore_wind_generation,Wind Onshore,2026-08-21T09:08:16Z
2026-08-21T08:53:57Z,2026-08-21T10:53:57+0200,5d6f4db6-a0f2-490a-bd97-b2641f9198d5,2026-08-11T12:00:00Z,2026-08-11T14:00:00+0200,157.5,MW,DK2,DK_2,forecast_onshore_wind_generation,Wind Onshore,2026-08-21T09:08:16Z
2026-08-21T08:53:57Z,2026-08-21T10:53:57+0200,5d6f4db6-a0f2-490a-bd97-b2641f9198d5,2026-08-11T12:15:00Z,2026-08-11T14:15:00+0200,153.5,MW,DK2,DK_2,forecast_onshore_wind_generation,Wind Onshore,2026-08-21T09:08:16Z
2026-08-21T08:53:57Z,2026-08-21T10:53:57+0200,5d6f4db6-a0f2-490a-bd97-b2641f9198d5,2026-08-11T12:30:00Z,2026-08-11T14:30:00+0200,150.5,MW,DK2,DK_2,forecast_onshore_wind_generation,Wind Onshore,2026-08-21T09:08:16Z
2026-08-21T08:53:57Z,2026-08-21T10:53:57+0200,5d6f4db6-a0f2-490a-bd97-b2641f9198d5,2026-08-11T12:45:00Z,2026-08-11T14:45:00+0200,147.666666,MW,DK2,DK_2,forecast_onshore_wind_generation,Wind Onshore,2026-08-21T09:08:16Z
2026-08-21T08:53:57Z,2026-08-21T10:53:57+0200,5d6f4db6-a0f2-490a-bd97-b2641f9198d5,2026-08-11T13:00:00Z,2026-08-11T15:00:00+0200,145.833333,MW,DK2,DK_2,forecast_onshore_wind_generation,Wind Onshore,2026-08-21T09:08:16Z
2026-08-21T08:53:57Z,2026-08-21T10:53:57+0200,5d6f4db6-a0f2-490a-bd97-b2641f9198d5,2026-08-11T13:15:00Z,2026-08-11T15:15:00+0200,143.666666,MW,DK2,DK_2,forecast_onshore_wind_generation,Wind Onshore,2026-08-21T09:08:16Z
2026-08-21T08:53:57Z,2026-08-21T10:53:57+0200,5d6f4db6-a0f2-490a-bd97-b2641f9198d5,2026-08-11T13:30:00Z,2026-08-11T15:30:00+0200,150.833333,MW,DK2,DK_2,forecast_onshore_wind_generation,Wind Onshore,2026-08-21T09:08:16Z
2026-08-21T08:53:57Z,2026-08-21T10:53:57+0200,5d6f4db6-a0f2-490a-bd97-b2641f9198d5,2026-08-11T13:45:00Z,2026-08-11T15:45:00+0200,171.833333,MW,DK2,DK_2,forecast_onshore_wind_generation,Wind Onshore,2026-08-21T09:08:16Z
2026-08-21T08:53:57Z,2026-08-21T10:53:57+0200,5d6f4db6-a0f2-490a-bd97-b2641f9198d5,2026-08-11T14:00:00Z,2026-08-11T16:00:00+0200,170.166666,MW,DK2,DK_2,forecast_onshore_wind_generation,Wind Onshore,2026-08-21T09:08:16Z
2026-08-21T08:53:57Z,2026-08-21T10:53:57+0200,5d6f4db6-a0f2-490a-bd97-b2641f9198d5,2026-08-11T14:15:00Z,2026-08-11T16:15:00+0200,181.166666,MW,DK2,DK_2,forecast_onshore_wind_generation,Wind Onshore,2026-08-21T09:08:16Z
2026-08-21T08:53:57Z,2026-08-21T10:53:57+0200,5d6f4db6-a0f2-490a-bd97-b2641f9198d5,2026-08-11T14:30:00Z,2026-08-11T16:30:00+0200,178.5,MW,DK2,DK_2,forecast_onshore_wind_generation,Wind Onshore,2026-08-21T09:08:16Z
2026-08-21T08:53:57Z,2026-08-21T10:53:57+0200,5d6f4db6-a0f2-490a-bd97-b2641f9198d5,2026-08-11T14:45:00Z,2026-08-11T16:45:00+0200,175.0,MW,DK2,DK_2,forecast_onshore_wind_generation,Wind Onshore,2026-08-21T09:08:16Z
2026-08-21T08:53:57Z,2026-08-21T10:53:57+0200,5d6f4db6-a0f2-490a-bd97-b2641f9198d5,2026-08-11T15:00:00Z,2026-08-11T17:00:00+0200,171.333333,MW,DK2,DK_2,forecast_onshore_wind_generation,Wind Onshore,2026-08-21T09:08:16Z
2026-08-21T08:53:57Z,2026-08-21T10:53:57+0200,5d6f4db6-a0f2-490a-bd97-b2641f9198d5,2026-08-11T15:15:00Z,2026-08-11T17:15:00+0200,164.666666,MW,DK2,DK_2,forecast_onshore_wind_generation,Wind Onshore,2026-08-21T09:08:16Z
2026-08-21T08:53:57Z,2026-08-21T10:53:57+0200,5d6f4db6-a0f2-490a-bd97-b2641f9198d5,2026-08-11T15:30:00Z,2026-08-11T17:30:00+0200,157.166666,MW,DK2,DK_2,forecast_onshore_wind_generation,Wind Onshore,2026-08-21T09:08:16Z
2026-08-21T08:53:57Z,2026-08-21T10:53:57+0200,5d6f4db6-a0f2-490a-bd97-b2641f9198d5,2026-08-11T15:45:00Z,2026-08-11T17:45:00+0200,150.833333,MW,DK2,DK_2,forecast_onshore_wind_generation,Wind Onshore,2026-08-21T09:08:16Z
2026-08-21T08:53:57Z,2026-08-21T10:53:57+0200,5d6f4db6-a0f2-490a-bd97-b2641f9198d5,2026-08-11T16:00:00Z,2026-08-11T18:00:00+0200,144.0,MW,DK2,DK_2,forecast_onshore_wind_generation,Wind Onshore,2026-08-21T09:08:16Z
2026-08-21T08:53:57Z,2026-08-21T10:53:57+0200,5d6f4db6-a0f2-490a-bd97-b2641f9198d5,2026-08-11T16:15:00Z,2026-08-11T18:15:00+0200,137.0,MW,DK2,DK_2,forecast_onshore_wind_generation,Wind Onshore,2026-08-21T09:08:16Z
2026-08-21T08:53:57Z,2026-08-21T10:53:57+0200,5d6f4db6-a0f2-490a-bd97-b2641f9198d5,2026-08-11T16:30:00Z,2026-08-11T18:30:00+0200,129.5,MW,DK2,DK_2,forecast_onshore_wind_generation,Wind Onshore,2026-08-21T09:08:16Z
2026-08-21T08:53:57Z,2026-08-21T10:53:57+0200,5d6f4db6-a0f2-490a-bd97-b2641f9198d5,2026-08-11T16:45:00Z,2026-08-11T18:45:00+0200,122.833333,MW,DK2,DK_2,forecast_onshore_wind_generation,Wind Onshore,2026-08-21T09:08:16Z
2026-08-21T08:53:57Z,2026-08-21T10:53:57+0200,5d6f4db6-a0f2-490a-bd97-b2641f9198d5,2026-08-11T17:00:00Z,2026-08-11T19:00:00+0200,115.833333,MW,DK2,DK_2,forecast_onshore_wind_generation,Wind Onshore,2026-08-21T09:08:16Z
2026-08-21T08:53:57Z,2026-08-21T10:53:57+0200,5d6f4db6-a0f2-490a-bd97-b2641f9198d5,2026-08-11T17:15:00Z,2026-08-11T19:15:00+0200,108.333333,MW,DK2,DK_2,forecast_onshore_wind_generation,Wind Onshore,2026-08-21T09:08:16Z
2026-08-21T08:53:57Z,2026-08-21T10:53:57+0200,5d6f4db6-a0f2-490a-bd97-b2641f9198d5,2026-08-11T17:30:00Z,2026-08-11T19:30:00+0200,101.0,MW,DK2,DK_2,forecast_onshore_wind_generation,Wind Onshore,2026-08-21T09:08:16Z
2026-08-21T08:53:57Z,2026-08-21T10:53:57+0200,5d6f4db6-a0f2-490a-bd97-b2641f9198d5,2026-08-11T17:45:00Z,2026-08-11T19:45:00+0200,96.0,MW,DK2,DK_2,forecast_onshore_wind_generation,Wind Onshore,2026-08-21T09:08:16Z
2026-08-21T08:53:57Z,2026-08-21T10:53:57+0200,5d6f4db6-a0f2-490a-bd97-b2641f9198d5,2026-08-11T18:00:00Z,2026-08-11T20:00:00+0200,92.5,MW,DK2,DK_2,forecast_onshore_wind_generation,Wind Onshore,2026-08-21T09:08:16Z
2026-08-21T08:53:57Z,2026-08-21T10:53:57+0200,5d6f4db6-a0f2-490a-bd97-b2641f9198d5,2026-08-11T18:15:00Z,2026-08-11T20:15:00+0200,89.5,MW,DK2,DK_2,forecast_onshore_wind_generation,Wind Onshore,2026-08-21T09:08:16Z
2026-08-21T08:53:57Z,2026-08-21T10:53:57+0200,5d6f4db6-a0f2-490a-bd97-b2641f9198d5,2026-08-11T18:30:00Z,2026-08-11T20:30:00+0200,85.666666,MW,DK2,DK_2,forecast_onshore_wind_generation,Wind Onshore,2026-08-21T09:08:16Z
2026-08-21T08:53:57Z,2026-08-21T10:53:57+0200,5d6f4db6-a0f2-490a-bd97-b2641f9198d5,2026-08-11T18:45:00Z,2026-08-11T20:45:00+0200,84.0,MW,DK2,DK_2,forecast_onshore_wind_generation,Wind Onshore,2026-08-21T09:08:16Z
2026-08-21T08:53:57Z,2026-08-21T10:53:57+0200,5d6f4db6-a0f2-490a-bd97-b2641f9198d5,2026-08-11T19:00:00Z,2026-08-11T21:00:00+0200,83.5,MW,DK2,DK_2,forecast_onshore_wind_generation,Wind Onshore,2026-08-21T09:08:16Z
2026-08-21T08:53:57Z,2026-08-21T10:53:57+0200,5d6f4db6-a0f2-490a-bd97-b2641f9198d5,2026-08-11T19:15:00Z,2026-08-11T21:15:00+0200,83.0,MW,DK2,DK_2,forecast_onshore_wind_generation,Wind Onshore,2026-08-21T09:08:16Z
2026-08-21T08:53:57Z,2026-08-21T10:53:57+0200,5d6f4db6-a0f2-490a-bd97-b2641f9198d5,2026-08-11T19:30:00Z,2026-08-11T21:30:00+0200,83.5,MW,DK2,DK_2,forecast_onshore_wind_generation,Wind Onshore,2026-08-21T09:08:16Z
2026-08-21T08:53:57Z,2026-08-21T10:53:57+0200,5d6f4db6-a0f2-490a-bd97-b2641f9198d5,2026-08-11T19:45:00Z,2026-08-11T21:45:00+0200,85.0,MW,DK2,DK_2,forecast_onshore_wind_generation,Wind Onshore,2026-08-21T09:08:16Z
2026-08-21T08:53:57Z,2026-08-21T10:53:57+0200,5d6f4db6-a0f2-490a-bd97-b2641f9198d5,2026-08-11T20:00:00Z,2026-08-11T22:00:00+0200,86.5,MW,DK2,DK_2,forecast_onshore_wind_generation,Wind Onshore,2026-08-21T09:08:16Z
2026-08-21T08:53:57Z,2026-08-21T10:53:57+0200,5d6f4db6-a0f2-490a-bd97-b2641f9198d5,2026-08-11T20:15:00Z,2026-08-11T22:15:00+0200,87.166666,MW,DK2,DK_2,forecast_onshore_wind_generation,Wind Onshore,2026-08-21T09:08:16Z
2026-08-21T08:53:57Z,2026-08-21T10:53:57+0200,5d6f4db6-a0f2-490a-bd97-b2641f9198d5,2026-08-11T20:30:00Z,2026-08-11T22:30:00+0200,88.0,MW,DK2,DK_2,forecast_onshore_wind_generation,Wind Onshore,2026-08-21T09:08:16Z
2026-08-21T08:53:57Z,2026-08-21T10:53:57+0200,5d6f4db6-a0f2-490a-bd97-b2641f9198d5,2026-08-11T20:45:00Z,2026-08-11T22:45:00+0200,88.333333,MW,DK2,DK_2,forecast_onshore_wind_generation,Wind Onshore,2026-08-21T09:08:16Z
2026-08-21T08:53:57Z,2026-08-21T10:53:57+0200,5d6f4db6-a0f2-490a-bd97-b2641f9198d5,2026-08-11T21:00:00Z,2026-08-11T23:00:00+0200,88.0,MW,DK2,DK_2,forecast_onshore_wind_generation,Wind Onshore,2026-08-21T09:08:16Z
2026-08-21T08:53:57Z,2026-08-21T10:53:57+0200,5d6f4db6-a0f2-490a-bd97-b2641f9198d5,2026-08-11T21:15:00Z,2026-08-11T23:15:00+0200,88.833333,MW,DK2,DK_2,forecast_onshore_wind_generation,Wind Onshore,2026-08-21T09:08:16Z
2026-08-21T08:53:57Z,2026-08-21T10:53:57+0200,5d6f4db6-a0f2-490a-bd97-b2641f9198d5,2026-08-11T21:30:00Z,2026-08-11T23:30:00+0200,89.166666,MW,DK2,DK_2,forecast_onshore_wind_generation,Wind Onshore,2026-08-21T09:08:16Z
2026-08-21T08:53:57Z,2026-08-21T10:53:57+0200,5d6f4db6-a0f2-490a-bd97-b2641f9198d5,2026-08-11T21:45:00Z,2026-08-11T23:45:00+0200,90.0,MW,DK2,DK_2,forecast_onshore_wind_generation,Wind Onshore,2026-08-21T09:08:16Z
2026-08-21T08:53:57Z,2026-08-21T10:53:57+0200,5d6f4db6-a0f2-490a-bd97-b2641f9198d5,2026-08-11T22:00:00Z,2026-08-12T00:00:00+0200,108.5,MW,DK2,DK_2,forecast_onshore_wind_generation,Wind Onshore,2026-08-21T09:08:16Z
2026-08-21T08:53:57Z,2026-08-21T10:53:57+0200,5d6f4db6-a0f2-490a-bd97-b2641f9198d5,2026-08-11T22:15:00Z,2026-08-12T00:15:00+0200,107.0,MW,DK2,DK_2,forecast_onshore_wind_generation,Wind Onshore,2026-08-21T09:08:16Z
2026-08-21T08:53:57Z,2026-08-21T10:53:57+0200,5d6f4db6-a0f2-490a-bd97-b2641f9198d5,2026-08-11T22:30:00Z,2026-08-12T00:30:00+0200,105.5,MW,DK2,DK_2,forecast_onshore_wind_generation,Wind Onshore,2026-08-21T09:08:16Z
2026-08-21T08:53:57Z,2026-08-21T10:53:57+0200,5d6f4db6-a0f2-490a-bd97-b2641f9198d5,2026-08-11T22:45:00Z,2026-08-12T00:45:00+0200,104.0,MW,DK2,DK_2,forecast_onshore_wind_generation,Wind Onshore,2026-08-21T09:08:16Z
2026-08-21T08:53:57Z,2026-08-21T10:53:57+0200,5d6f4db6-a0f2-490a-bd97-b2641f9198d5,2026-08-11T23:00:00Z,2026-08-12T01:00:00+0200,101.333333,MW,DK2,DK_2,forecast_onshore_wind_generation,Wind Onshore,2026-08-21T09:08:16Z
2026-08-21T08:53:57Z,2026-08-21T10:53:57+0200,5d6f4db6-a0f2-490a-bd97-b2641f9198d5,2026-08-11T23:15:00Z,2026-08-12T01:15:00+0200,97.5,MW,DK2,DK_2,forecast_onshore_wind_generation,Wind Onshore,2026-08-21T09:08:16Z
2026-08-21T08:53:57Z,2026-08-21T10:53:57+0200,5d6f4db6-a0f2-490a-bd97-b2641f9198d5,2026-08-11T23:30:00Z,2026-08-12T01:30:00+0200,94.5,MW,DK2,DK_2,forecast_onshore_wind_generation,Wind Onshore,2026-08-21T09:08:16Z
2026-08-21T08:53:57Z,2026-08-21T10:53:57+0200,5d6f4db6-a0f2-490a-bd97-b2641f9198d5,2026-08-11T23:45:00Z,2026-08-12T01:45:00+0200,90.666666,MW,DK2,DK_2,forecast_onshore_wind_generation,Wind Onshore,2026-08-21T09:08:16Z
2026-08-21T08:53:57Z,2026-08-21T10:53:57+0200,5d6f4db6-a0f2-490a-bd97-b2641f9198d5,2026-08-12T00:00:00Z,2026-08-12T02:00:00+0200,87.0,MW,DK2,DK_2,forecast_onshore_wind_generation,Wind Onshore,2026-08-21T09:08:16Z
2026-08-21T08:53:57Z,2026-08-21T10:53:57+0200,5d6f4db6-a0f2-490a-bd97-b2641f9198d5,2026-08-12T00:15:00Z,2026-08-12T02:15:00+0200,82.5,MW,DK2,DK_2,forecast_onshore_wind_generation,Wind Onshore,2026-08-21T09:08:16Z
2026-08-21T08:53:57Z,2026-08-21T10:53:57+0200,5d6f4db6-a0f2-490a-bd97-b2641f9198d5,2026-08-12T00:30:00Z,2026-08-12T02:30:00+0200,78.0,MW,DK2,DK_2,forecast_onshore_wind_generation,Wind Onshore,2026-08-21T09:08:16Z
2026-08-21T08:53:57Z,2026-08-21T10:53:57+0200,5d6f4db6-a0f2-490a-bd97-b2641f9198d5,2026-08-12T00:45:00Z,2026-08-12T02:45:00+0200,74.5,MW,DK2,DK_2,forecast_onshore_wind_generation,Wind Onshore,2026-08-21T09:08:16Z
2026-08-21T08:53:57Z,2026-08-21T10:53:57+0200,5d6f4db6-a0f2-490a-bd97-b2641f9198d5,2026-08-12T01:00:00Z,2026-08-12T03:00:00+0200,71.5,MW,DK2,DK_2,forecast_onshore_wind_generation,Wind Onshore,2026-08-21T09:08:16Z
2026-08-21T08:53:57Z,2026-08-21T10:53:57+0200,5d6f4db6-a0f2-490a-bd97-b2641f9198d5,2026-08-12T01:15:00Z,2026-08-12T03:15:00+0200,68.5,MW,DK2,DK_2,forecast_onshore_wind_generation,Wind Onshore,2026-08-21T09:08:16Z
2026-08-21T08:53:57Z,2026-08-21T10:53:57+0200,5d6f4db6-a0f2-490a-bd97-b2641f9198d5,2026-08-12T01:30:00Z,2026-08-12T03:30:00+0200,66.0,MW,DK2,DK_2,forecast_onshore_wind_generation,Wind Onshore,2026-08-21T09:08:16Z
2026-08-21T08:53:57Z,2026-08-21T10:53:57+0200,5d6f4db6-a0f2-490a-bd97-b2641f9198d5,2026-08-12T01:45:00Z,2026-08-12T03:45:00+0200,63.833333,MW,DK2,DK_2,forecast_onshore_wind_generation,Wind Onshore,2026-08-21T09:08:16Z
2026-08-21T08:53:57Z,2026-08-21T10:53:57+0200,5d6f4db6-a0f2-490a-bd97-b2641f9198d5,2026-08-12T02:00:00Z,2026-08-12T04:00:00+0200,59.5,MW,DK2,DK_2,forecast_onshore_wind_generation,Wind Onshore,2026-08-21T09:08:16Z
2026-08-21T08:53:57Z,2026-08-21T10:53:57+0200,5d6f4db6-a0f2-490a-bd97-b2641f9198d5,2026-08-12T02:15:00Z,2026-08-12T04:15:00+0200,55.0,MW,DK2,DK_2,forecast_onshore_wind_generation,Wind Onshore,2026-08-21T09:08:16Z
2026-08-21T08:53:57Z,2026-08-21T10:53:57+0200,5d6f4db6-a0f2-490a-bd97-b2641f9198d5,2026-08-12T02:30:00Z,2026-08-12T04:30:00+0200,50.666666,MW,DK2,DK_2,forecast_onshore_wind_generation,Wind Onshore,2026-08-21T09:08:16Z
2026-08-21T08:53:57Z,2026-08-21T10:53:57+0200,5d6f4db6-a0f2-490a-bd97-b2641f9198d5,2026-08-12T02:45:00Z,2026-08-12T04:45:00+0200,46.0,MW,DK2,DK_2,forecast_onshore_wind_generation,Wind Onshore,2026-08-21T09:08:16Z
2026-08-21T08:53:57Z,2026-08-21T10:53:57+0200,5d6f4db6-a0f2-490a-bd97-b2641f9198d5,2026-08-12T03:00:00Z,2026-08-12T05:00:00+0200,41.0,MW,DK2,DK_2,forecast_onshore_wind_generation,Wind Onshore,2026-08-21T09:08:16Z
2026-08-21T08:53:57Z,2026-08-21T10:53:57+0200,5d6f4db6-a0f2-490a-bd97-b2641f9198d5,2026-08-12T03:15:00Z,2026-08-12T05:15:00+0200,36.5,MW,DK2,DK_2,forecast_onshore_wind_generation,Wind Onshore,2026-08-21T09:08:16Z
2026-08-21T08:53:57Z,2026-08-21T10:53:57+0200,5d6f4db6-a0f2-490a-bd97-b2641f9198d5,2026-08-12T03:30:00Z,2026-08-12T05:30:00+0200,32.5,MW,DK2,DK_2,forecast_onshore_wind_generation,Wind Onshore,2026-08-21T09:08:16Z
2026-08-21T08:53:57Z,2026-08-21T10:53:57+0200,5d6f4db6-a0f2-490a-bd97-b2641f9198d5,2026-08-12T03:45:00Z,2026-08-12T05:45:00+0200,29.666666,MW,DK2,DK_2,forecast_onshore_wind_generation,Wind Onshore,2026-08-21T09:08:16Z
2026-08-21T08:53:57Z,2026-08-21T10:53:57+0200,5d6f4db6-a0f2-490a-bd97-b2641f9198d5,2026-08-12T04:00:00Z,2026-08-12T06:00:00+0200,28.0,MW,DK2,DK_2,forecast_onshore_wind_generation,Wind Onshore,2026-08-21T09:08:16Z
2026-08-21T08:53:57Z,2026-08-21T10:53:57+0200,5d6f4db6-a0f2-490a-bd97-b2641f9198d5,2026-08-12T04:15:00Z,2026-08-12T06:15:00+0200,26.833333,MW,DK2,DK_2,forecast_onshore_wind_generation,Wind Onshore,2026-08-21T09:08:16Z
2026-08-21T08:53:57Z,2026-08-21T10:53:57+0200,5d6f4db6-a0f2-490a-bd97-b2641f9198d5,2026-08-12T04:30:00Z,2026-08-12T06:30:00+0200,25.5,MW,DK2,DK_2,forecast_onshore_wind_generation,Wind Onshore,2026-08-21T09:08:16Z
2026-08-21T08:53:57Z,2026-08-21T10:53:57+0200,5d6f4db6-a0f2-490a-bd97-b2641f9198d5,2026-08-12T04:45:00Z,2026-08-12T06:45:00+0200,24.166666,MW,DK2,DK_2,forecast_onshore_wind_generation,Wind Onshore,2026-08-21T09:08:16Z
2026-08-21T08:53:57Z,2026-08-21T10:53:57+0200,5d6f4db6-a0f2-490a-bd97-b2641f9198d5,2026-08-12T05:00:00Z,2026-08-12T07:00:00+0200,23.0,MW,DK2,DK_2,forecast_onshore_wind_generation,Wind Onshore,2026-08-21T09:08:16Z
2026-08-21T08:53:57Z,2026-08-21T10:53:57+0200,5d6f4db6-a0f2-490a-bd97-b2641f9198d5,2026-08-12T05:15:00Z,2026-08-12T07:15:00+0200,21.5,MW,DK2,DK_2,forecast_onshore_wind_generation,Wind Onshore,2026-08-21T09:08:16Z
2026-08-21T08:53:57Z,2026-08-21T10:53:57+0200,5d6f4db6-a0f2-490a-bd97-b2641f9198d5,2026-08-12T05:30:00Z,2026-08-12T07:30:00+0200,20.166666,MW,DK2,DK_2,forecast_onshore_wind_generation,Wind Onshore,2026-08-21T09:08:16Z
2026-08-21T08:53:57Z,2026-08-21T10:53:57+0200,5d6f4db6-a0f2-490a-bd97-b2641f9198d5,2026-08-12T05:45:00Z,2026-08-12T07:45:00+0200,19.0,MW,DK2,DK_2,forecast_onshore_wind_generation,Wind Onshore,2026-08-21T09:08:16Z
2026-08-21T08:53:57Z,2026-08-21T10:53:57+0200,5d6f4db6-a0f2-490a-bd97-b2641f9198d5,2026-08-12T06:00:00Z,2026-08-12T08:00:00+0200,17.833333,MW,DK2,DK_2,forecast_onshore_wind_generation,Wind Onshore,2026-08-21T09:08:16Z
2026-08-21T08:53:57Z,2026-08-21T10:53:57+0200,5d6f4db6-a0f2-490a-bd97-b2641f9198d5,2026-08-12T06:15:00Z,2026-08-12T08:15:00+0200,16.5,MW,DK2,DK_2,forecast_onshore_wind_generation,Wind Onshore,2026-08-21T09:08:16Z
2026-08-21T08:53:57Z,2026-08-21T10:53:57+0200,5d6f4db6-a0f2-490a-bd97-b2641f9198d5,2026-08-12T06:30:00Z,2026-08-12T08:30:00+0200,15.833333,MW,DK2,DK_2,forecast_onshore_wind_generation,Wind Onshore,2026-08-21T09:08:16Z
2026-08-21T08:53:57Z,2026-08-21T10:53:57+0200,5d6f4db6-a0f2-490a-bd97-b2641f9198d5,2026-08-12T06:45:00Z,2026-08-12T08:45:00+0200,15.0,MW,DK2,DK_2,forecast_onshore_wind_generation,Wind Onshore,2026-08-21T09:08:16Z
2026-08-21T08:53:57Z,2026-08-21T10:53:57+0200,5d6f4db6-a0f2-490a-bd97-b2641f9198d5,2026-08-12T07:00:00Z,2026-08-12T09:00:00+0200,15.0,MW,DK2,DK_2,forecast_onshore_wind_generation,Wind Onshore,2026-08-21T09:08:16Z
2026-08-21T08:53:57Z,2026-08-21T10:53:57+0200,5d6f4db6-a0f2-490a-bd97-b2641f9198d5,2026-08-12T07:15:00Z,2026-08-12T09:15:00+0200,14.166666,MW,DK2,DK_2,forecast_onshore_wind_generation,Wind Onshore,2026-08-21T09:08:16Z
2026-08-21T08:53:57Z,2026-08-21T10:53:57+0200,5d6f4db6-a0f2-490a-bd97-b2641f9198d5,2026-08-12T07:30:00Z,2026-08-12T09:30:00+0200,13.166666,MW,DK2,DK_2,forecast_onshore_wind_generation,Wind Onshore,2026-08-21T09:08:16Z
2026-08-21T08:53:57Z,2026-08-21T10:53:57+0200,5d6f4db6-a0f2-490a-bd97-b2641f9198d5,2026-08-12T07:45:00Z,2026-08-12T09:45:00+0200,13.0,MW,DK2,DK_2,forecast_onshore_wind_generation,Wind Onshore,2026-08-21T09:08:16Z
2026-08-21T08:53:57Z,2026-08-21T10:53:57+0200,5d6f4db6-a0f2-490a-bd97-b2641f9198d5,2026-08-12T08:00:00Z,2026-08-12T10:00:00+0200,12.5,MW,DK2,DK_2,forecast_onshore_wind_generation,Wind Onshore,2026-08-21T09:08:16Z
2026-08-21T08:53:57Z,2026-08-21T10:53:57+0200,5d6f4db6-a0f2-490a-bd97-b2641f9198d5,2026-08-12T08:15:00Z,2026-08-12T10:15:00+0200,12.0,MW,DK2,DK_2,forecast_onshore_wind_generation,Wind Onshore,2026-08-21T09:08:16Z
2026-08-21T08:53:57Z,2026-08-21T10:53:57+0200,5d6f4db6-a0f2-490a-bd97-b2641f9198d5,2026-08-12T08:30:00Z,2026-08-12T10:30:00+0200,11.5,MW,DK2,DK_2,forecast_onshore_wind_generation,Wind Onshore,2026-08-21T09:08:16Z
2026-08-21T08:53:57Z,2026-08-21T10:53:57+0200,5d6f4db6-a0f2-490a-bd97-b2641f9198d5,2026-08-12T08:45:00Z,2026-08-12T10:45:00+0200,11.0,MW,DK2,DK_2,forecast_onshore_wind_generation,Wind Onshore,2026-08-21T09:08:16Z
2026-08-21T08:53:57Z,2026-08-21T10:53:57+0200,5d6f4db6-a0f2-490a-bd97-b2641f9198d5,2026-08-12T09:00:00Z,2026-08-12T11:00:00+0200,11.0,MW,DK2,DK_2,forecast_onshore_wind_generation,Wind Onshore,2026-08-21T09:08:16Z
2026-08-21T08:53:57Z,2026-08-21T10:53:57+0200,5d6f4db6-a0f2-490a-bd97-b2641f9198d5,2026-08-12T09:15:00Z,2026-08-12T11:15:00+0200,11.0,MW,DK2,DK_2,forecast_onshore_wind_generation,Wind Onshore,2026-08-21T09:08:16Z
2026-08-21T08:53:57Z,2026-08-21T10:53:57+0200,5d6f4db6-a0f2-490a-bd97-b2641f9198d5,2026-08-12T09:30:00Z,2026-08-12T11:30:00+0200,11.0,MW,DK2,DK_2,forecast_onshore_wind_generation,Wind Onshore,2026-08-21T09:08:16Z
2026-08-21T08:53:57Z,2026-08-21T10:53:57+0200,5d6f4db6-a0f2-490a-bd97-b2641f9198d5,2026-08-12T09:45:00Z,2026-08-12T11:45:00+0200,11.833333,MW,DK2,DK_2,forecast_onshore_wind_generation,Wind Onshore,2026-08-21T09:08:16Z
2026-08-21T08:53:57Z,2026-08-21T10:53:57+0200,5d6f4db6-a0f2-490a-bd97-b2641f9198d5,2026-08-12T10:00:00Z,2026-08-12T12:00:00+0200,12.166666,MW,DK2,DK_2,forecast_onshore_wind_generation,Wind Onshore,2026-08-21T09:08:16Z
2026-08-21T08:53:57Z,2026-08-21T10:53:57+0200,5d6f4db6-a0f2-490a-bd97-b2641f9198d5,2026-08-12T10:15:00Z,2026-08-12T12:15:00+0200,13.166666,MW,DK2,DK_2,forecast_onshore_wind_generation,Wind Onshore,2026-08-21T09:08:16Z
2026-08-21T08:53:57Z,2026-08-21T10:53:57+0200,5d6f4db6-a0f2-490a-bd97-b2641f9198d5,2026-08-12T10:30:00Z,2026-08-12T12:30:00+0200,14.5,MW,DK2,DK_2,forecast_onshore_wind_generation,Wind Onshore,2026-08-21T09:08:16Z
2026-08-21T08:53:57Z,2026-08-21T10:53:57+0200,5d6f4db6-a0f2-490a-bd97-b2641f9198d5,2026-08-12T10:45:00Z,2026-08-12T12:45:00+0200,15.5,MW,DK2,DK_2,forecast_onshore_wind_generation,Wind Onshore,2026-08-21T09:08:16Z
2026-08-21T08:53:57Z,2026-08-21T10:53:57+0200,5d6f4db6-a0f2-490a-bd97-b2641f9198d5,2026-08-12T11:00:00Z,2026-08-12T13:00:00+0200,16.5,MW,DK2,DK_2,forecast_onshore_wind_generation,Wind Onshore,2026-08-21T09:08:16Z
2026-08-21T08:53:57Z,2026-08-21T10:53:57+0200,5d6f4db6-a0f2-490a-bd97-b2641f9198d5,2026-08-12T11:15:00Z,2026-08-12T13:15:00+0200,17.5,MW,DK2,DK_2,forecast_onshore_wind_generation,Wind Onshore,2026-08-21T09:08:16Z
2026-08-21T08:53:57Z,2026-08-21T10:53:57+0200,5d6f4db6-a0f2-490a-bd97-b2641f9198d5,2026-08-12T11:30:00Z,2026-08-12T13:30:00+0200,18.0,MW,DK2,DK_2,forecast_onshore_wind_generation,Wind Onshore,2026-08-21T09:08:16Z
2026-08-21T08:53:57Z,2026-08-21T10:53:57+0200,5d6f4db6-a0f2-490a-bd97-b2641f9198d5,2026-08-12T11:45:00Z,2026-08-12T13:45:00+0200,18.833333,MW,DK2,DK_2,forecast_onshore_wind_generation,Wind Onshore,2026-08-21T09:08:16Z
2026-08-21T08:53:57Z,2026-08-21T10:53:57+0200,5d6f4db6-a0f2-490a-bd97-b2641f9198d5,2026-08-12T12:00:00Z,2026-08-12T14:00:00+0200,19.5,MW,DK2,DK_2,forecast_onshore_wind_generation,Wind Onshore,2026-08-21T09:08:16Z
2026-08-21T08:53:57Z,2026-08-21T10:53:57+0200,5d6f4db6-a0f2-490a-bd97-b2641f9198d5,2026-08-12T12:15:00Z,2026-08-12T14:15:00+0200,20.0,MW,DK2,DK_2,forecast_onshore_wind_generation,Wind Onshore,2026-08-21T09:08:16Z
2026-08-21T08:53:57Z,2026-08-21T10:53:57+0200,5d6f4db6-a0f2-490a-bd97-b2641f9198d5,2026-08-12T12:30:00Z,2026-08-12T14:30:00+0200,20.833333,MW,DK2,DK_2,forecast_onshore_wind_generation,Wind Onshore,2026-08-21T09:08:16Z
2026-08-21T08:53:57Z,2026-08-21T10:53:57+0200,5d6f4db6-a0f2-490a-bd97-b2641f9198d5,2026-08-12T12:45:00Z,2026-08-12T14:45:00+0200,21.0,MW,DK2,DK_2,forecast_onshore_wind_generation,Wind Onshore,2026-08-21T09:08:16Z
2026-08-21T08:53:57Z,2026-08-21T10:53:57+0200,5d6f4db6-a0f2-490a-bd97-b2641f9198d5,2026-08-12T13:00:00Z,2026-08-12T15:00:00+0200,21.0,MW,DK2,DK_2,forecast_onshore_wind_generation,Wind Onshore,2026-08-21T09:08:16Z
2026-08-21T08:53:57Z,2026-08-21T10:53:57+0200,5d6f4db6-a0f2-490a-bd97-b2641f9198d5,2026-08-12T13:15:00Z,2026-08-12T15:15:00+0200,21.0,MW,DK2,DK_2,forecast_onshore_wind_generation,Wind Onshore,2026-08-21T09:08:16Z
2026-08-21T08:53:57Z,2026-08-21T10:53:57+0200,5d6f4db6-a0f2-490a-bd97-b2641f9198d5,2026-08-12T13:30:00Z,2026-08-12T15:30:00+0200,20.5,MW,DK2,DK_2,forecast_onshore_wind_generation,Wind Onshore,2026-08-21T09:08:16Z
2026-08-21T08:53:57Z,2026-08-21T10:53:57+0200,5d6f4db6-a0f2-490a-bd97-b2641f9198d5,2026-08-12T13:45:00Z,2026-08-12T15:45:00+0200,19.5,MW,DK2,DK_2,forecast_onshore_wind_generation,Wind Onshore,2026-08-21T09:08:16Z
2026-08-21T08:53:57Z,2026-08-21T10:53:57+0200,5d6f4db6-a0f2-490a-bd97-b2641f9198d5,2026-08-12T14:00:00Z,2026-08-12T16:00:00+0200,18.333333,MW,DK2,DK_2,forecast_onshore_wind_generation,Wind Onshore,2026-08-21T09:08:16Z
2026-08-21T08:53:57Z,2026-08-21T10:53:57+0200,5d6f4db6-a0f2-490a-bd97-b2641f9198d5,2026-08-12T14:15:00Z,2026-08-12T16:15:00+0200,16.833333,MW,DK2,DK_2,forecast_onshore_wind_generation,Wind Onshore,2026-08-21T09:08:16Z
2026-08-21T08:53:57Z,2026-08-21T10:53:57+0200,5d6f4db6-a0f2-490a-bd97-b2641f9198d5,2026-08-12T14:30:00Z,2026-08-12T16:30:00+0200,16.0,MW,DK2,DK_2,forecast_onshore_wind_generation,Wind Onshore,2026-08-21T09:08:16Z
2026-08-21T08:53:57Z,2026-08-21T10:53:57+0200,5d6f4db6-a0f2-490a-bd97-b2641f9198d5,2026-08-12T14:45:00Z,2026-08-12T16:45:00+0200,15.5,MW,DK2,DK_2,forecast_onshore_wind_generation,Wind Onshore,2026-08-21T09:08:16Z
2026-08-21T08:53:57Z,2026-08-21T10:53:57+0200,5d6f4db6-a0f2-490a-bd97-b2641f9198d5,2026-08-12T15:00:00Z,2026-08-12T17:00:00+0200,14.833333,MW,DK2,DK_2,forecast_onshore_wind_generation,Wind Onshore,2026-08-21T09:08:16Z
2026-08-21T08:53:57Z,2026-08-21T10:53:57+0200,5d6f4db6-a0f2-490a-bd97-b2641f9198d5,2026-08-12T15:15:00Z,2026-08-12T17:15:00+0200,13.5,MW,DK2,DK_2,forecast_onshore_wind_generation,Wind Onshore,2026-08-21T09:08:16Z
2026-08-21T08:53:57Z,2026-08-21T10:53:57+0200,5d6f4db6-a0f2-490a-bd97-b2641f9198d5,2026-08-12T15:30:00Z,2026-08-12T17:30:00+0200,12.166666,MW,DK2,DK_2,forecast_onshore_wind_generation,Wind Onshore,2026-08-21T09:08:16Z
2026-08-21T08:53:57Z,2026-08-21T10:53:57+0200,5d6f4db6-a0f2-490a-bd97-b2641f9198d5,2026-08-12T15:45:00Z,2026-08-12T17:45:00+0200,11.5,MW,DK2,DK_2,forecast_onshore_wind_generation,Wind Onshore,2026-08-21T09:08:16Z
2026-08-21T08:53:57Z,2026-08-21T10:53:57+0200,5d6f4db6-a0f2-490a-bd97-b2641f9198d5,2026-08-12T16:00:00Z,2026-08-12T18:00:00+0200,11.0,MW,DK2,DK_2,forecast_onshore_wind_generation,Wind Onshore,2026-08-21T09:08:16Z
2026-08-21T08:53:57Z,2026-08-21T10:53:57+0200,5d6f4db6-a0f2-490a-bd97-b2641f9198d5,2026-08-12T16:15:00Z,2026-08-12T18:15:00+0200,10.5,MW,DK2,DK_2,forecast_onshore_wind_generation,Wind Onshore,2026-08-21T09:08:16Z
2026-08-21T08:53:57Z,2026-08-21T10:53:57+0200,5d6f4db6-a0f2-490a-bd97-b2641f9198d5,2026-08-12T16:30:00Z,2026-08-12T18:30:00+0200,10.0,MW,DK2,DK_2,forecast_onshore_wind_generation,Wind Onshore,2026-08-21T09:08:16Z
2026-08-21T08:53:57Z,2026-08-21T10:53:57+0200,5d6f4db6-a0f2-490a-bd97-b2641f9198d5,2026-08-12T16:45:00Z,2026-08-12T18:45:00+0200,9.166666,MW,DK2,DK_2,forecast_onshore_wind_generation,Wind Onshore,2026-08-21T09:08:16Z
2026-08-21T08:53:57Z,2026-08-21T10:53:57+0200,5d6f4db6-a0f2-490a-bd97-b2641f9198d5,2026-08-12T17:00:00Z,2026-08-12T19:00:00+0200,9.0,MW,DK2,DK_2,forecast_onshore_wind_generation,Wind Onshore,2026-08-21T09:08:16Z
2026-08-21T08:53:57Z,2026-08-21T10:53:57+0200,5d6f4db6-a0f2-490a-bd97-b2641f9198d5,2026-08-12T17:15:00Z,2026-08-12T19:15:00+0200,8.166666,MW,DK2,DK_2,forecast_onshore_wind_generation,Wind Onshore,2026-08-21T09:08:16Z
2026-08-21T08:53:57Z,2026-08-21T10:53:57+0200,5d6f4db6-a0f2-490a-bd97-b2641f9198d5,2026-08-12T17:30:00Z,2026-08-12T19:30:00+0200,7.833333,MW,DK2,DK_2,forecast_onshore_wind_generation,Wind Onshore,2026-08-21T09:08:16Z
2026-08-21T08:53:57Z,2026-08-21T10:53:57+0200,5d6f4db6-a0f2-490a-bd97-b2641f9198d5,2026-08-12T17:45:00Z,2026-08-12T19:45:00+0200,7.0,MW,DK2,DK_2,forecast_onshore_wind_generation,Wind Onshore,2026-08-21T09:08:16Z
2026-08-21T08:53:57Z,2026-08-21T10:53:57+0200,5d6f4db6-a0f2-490a-bd97-b2641f9198d5,2026-08-12T18:00:00Z,2026-08-12T20:00:00+0200,7.0,MW,DK2,DK_2,forecast_onshore_wind_generation,Wind Onshore,2026-08-21T09:08:16Z
2026-08-21T08:53:57Z,2026-08-21T10:53:57+0200,5d6f4db6-a0f2-490a-bd97-b2641f9198d5,2026-08-12T18:15:00Z,2026-08-12T20:15:00+0200,6.166666,MW,DK2,DK_2,forecast_onshore_wind_generation,Wind Onshore,2026-08-21T09:08:16Z
2026-08-21T08:53:57Z,2026-08-21T10:53:57+0200,5d6f4db6-a0f2-490a-bd97-b2641f9198d5,2026-08-12T18:30:00Z,2026-08-12T20:30:00+0200,5.166666,MW,DK2,DK_2,forecast_onshore_wind_generation,Wind Onshore,2026-08-21T09:08:16Z
2026-08-21T08:53:57Z,2026-08-21T10:53:57+0200,5d6f4db6-a0f2-490a-bd97-b2641f9198d5,2026-08-12T18:45:00Z,2026-08-12T20:45:00+0200,5.0,MW,DK2,DK_2,forecast_onshore_wind_generation,Wind Onshore,2026-08-21T09:08:16Z
2026-08-21T08:53:57Z,2026-08-21T10:53:57+0200,5d6f4db6-a0f2-490a-bd97-b2641f9198d5,2026-08-12T19:00:00Z,2026-08-12T21:00:00+0200,5.0,MW,DK2,DK_2,forecast_onshore_wind_generation,Wind Onshore,2026-08-21T09:08:16Z
2026-08-21T08:53:57Z,2026-08-21T10:53:57+0200,5d6f4db6-a0f2-490a-bd97-b2641f9198d5,2026-08-12T19:15:00Z,2026-08-12T21:15:00+0200,5.0,MW,DK2,DK_2,forecast_onshore_wind_generation,Wind Onshore,2026-08-21T09:08:16Z
2026-08-21T08:53:57Z,2026-08-21T10:53:57+0200,5d6f4db6-a0f2-490a-bd97-b2641f9198d5,2026-08-12T19:30:00Z,2026-08-12T21:30:00+0200,5.0,MW,DK2,DK_2,forecast_onshore_wind_generation,Wind Onshore,2026-08-21T09:08:16Z
2026-08-21T08:53:57Z,2026-08-21T10:53:57+0200,5d6f4db6-a0f2-490a-bd97-b2641f9198d5,2026-08-12T19:45:00Z,2026-08-12T21:45:00+0200,5.0,MW,DK2,DK_2,forecast_onshore_wind_generation,Wind Onshore,2026-08-21T09:08:16Z
2026-08-21T08:53:57Z,2026-08-21T10:53:57+0200,5d6f4db6-a0f2-490a-bd97-b2641f9198d5,2026-08-12T20:00:00Z,2026-08-12T22:00:00+0200,5.0,MW,DK2,DK_2,forecast_onshore_wind_generation,Wind Onshore,2026-08-21T09:08:16Z
2026-08-21T08:53:57Z,2026-08-21T10:53:57+0200,5d6f4db6-a0f2-490a-bd97-b2641f9198d5,2026-08-12T20:15:00Z,2026-08-12T22:15:00+0200,5.166666,MW,DK2,DK_2,forecast_onshore_wind_generation,Wind Onshore,2026-08-21T09:08:16Z
2026-08-21T08:53:57Z,2026-08-21T10:53:57+0200,5d6f4db6-a0f2-490a-bd97-b2641f9198d5,2026-08-12T20:30:00Z,2026-08-12T22:30:00+0200,6.0,MW,DK2,DK_2,forecast_onshore_wind_generation,Wind Onshore,2026-08-21T09:08:16Z
2026-08-21T08:53:57Z,2026-08-21T10:53:57+0200,5d6f4db6-a0f2-490a-bd97-b2641f9198d5,2026-08-12T20:45:00Z,2026-08-12T22:45:00+0200,6.0,MW,DK2,DK_2,forecast_onshore_wind_generation,Wind Onshore,2026-08-21T09:08:16Z
2026-08-21T08:53:57Z,2026-08-21T10:53:57+0200,5d6f4db6-a0f2-490a-bd97-b2641f9198d5,2026-08-12T21:00:00Z,2026-08-12T23:00:00+0200,6.0,MW,DK2,DK_2,forecast_onshore_wind_generation,Wind Onshore,2026-08-21T09:08:16Z
2026-08-21T08:53:57Z,2026-08-21T10:53:57+0200,5d6f4db6-a0f2-490a-bd97-b2641f9198d5,2026-08-12T21:15:00Z,2026-08-12T23:15:00+0200,6.833333,MW,DK2,DK_2,forecast_onshore_wind_generation,Wind Onshore,2026-08-21T09:08:16Z
2026-08-21T08:53:57Z,2026-08-21T10:53:57+0200,5d6f4db6-a0f2-490a-bd97-b2641f9198d5,2026-08-12T21:30:00Z,2026-08-12T23:30:00+0200,7.166666,MW,DK2,DK_2,forecast_onshore_wind_generation,Wind Onshore,2026-08-21T09:08:16Z
2026-08-21T08:53:57Z,2026-08-21T10:53:57+0200,5d6f4db6-a0f2-490a-bd97-b2641f9198d5,2026-08-12T21:45:00Z,2026-08-12T23:45:00+0200,8.166666,MW,DK2,DK_2,forecast_onshore_wind_generation,Wind Onshore,2026-08-21T09:08:16Z
2026-08-21T08:53:57Z,2026-08-21T10:53:57+0200,5d6f4db6-a0f2-490a-bd97-b2641f9198d5,2026-08-12T22:00:00Z,2026-08-13T00:00:00+0200,19.5,MW,DK2,DK_2,forecast_onshore_wind_generation,Wind Onshore,2026-08-21T09:08:16Z
2026-08-21T08:53:57Z,2026-08-21T10:53:57+0200,5d6f4db6-a0f2-490a-bd97-b2641f9198d5,2026-08-12T22:15:00Z,2026-08-13T00:15:00+0200,20.5,MW,DK2,DK_2,forecast_onshore_wind_generation,Wind Onshore,2026-08-21T09:08:16Z
2026-08-21T08:53:57Z,2026-08-21T10:53:57+0200,5d6f4db6-a0f2-490a-bd97-b2641f9198d5,2026-08-12T22:30:00Z,2026-08-13T00:30:00+0200,21.333333,MW,DK2,DK_2,forecast_onshore_wind_generation,Wind Onshore,2026-08-21T09:08:16Z
2026-08-21T08:53:57Z,2026-08-21T10:53:57+0200,5d6f4db6-a0f2-490a-bd97-b2641f9198d5,2026-08-12T22:45:00Z,2026-08-13T00:45:00+0200,21.833333,MW,DK2,DK_2,forecast_onshore_wind_generation,Wind Onshore,2026-08-21T09:08:16Z
2026-08-21T08:53:57Z,2026-08-21T10:53:57+0200,5d6f4db6-a0f2-490a-bd97-b2641f9198d5,2026-08-12T23:00:00Z,2026-08-13T01:00:00+0200,22.0,MW,DK2,DK_2,forecast_onshore_wind_generation,Wind Onshore,2026-08-21T09:08:16Z
2026-08-21T08:53:57Z,2026-08-21T10:53:57+0200,5d6f4db6-a0f2-490a-bd97-b2641f9198d5,2026-08-12T23:15:00Z,2026-08-13T01:15:00+0200,22.0,MW,DK2,DK_2,forecast_onshore_wind_generation,Wind Onshore,2026-08-21T09:08:16Z
2026-08-21T08:53:57Z,2026-08-21T10:53:57+0200,5d6f4db6-a0f2-490a-bd97-b2641f9198d5,2026-08-12T23:30:00Z,2026-08-13T01:30:00+0200,22.5,MW,DK2,DK_2,forecast_onshore_wind_generation,Wind Onshore,2026-08-21T09:08:16Z
2026-08-21T08:53:57Z,2026-08-21T10:53:57+0200,5d6f4db6-a0f2-490a-bd97-b2641f9198d5,2026-08-12T23:45:00Z,2026-08-13T01:45:00+0200,23.166666,MW,DK2,DK_2,forecast_onshore_wind_generation,Wind Onshore,2026-08-21T09:08:16Z
2026-08-21T08:53:57Z,2026-08-21T10:53:57+0200,5d6f4db6-a0f2-490a-bd97-b2641f9198d5,2026-08-13T00:00:00Z,2026-08-13T02:00:00+0200,24.166666,MW,DK2,DK_2,forecast_onshore_wind_generation,Wind Onshore,2026-08-21T09:08:16Z
2026-08-21T08:53:57Z,2026-08-21T10:53:57+0200,5d6f4db6-a0f2-490a-bd97-b2641f9198d5,2026-08-13T00:15:00Z,2026-08-13T02:15:00+0200,25.0,MW,DK2,DK_2,forecast_onshore_wind_generation,Wind Onshore,2026-08-21T09:08:16Z
2026-08-21T08:53:57Z,2026-08-21T10:53:57+0200,5d6f4db6-a0f2-490a-bd97-b2641f9198d5,2026-08-13T00:30:00Z,2026-08-13T02:30:00+0200,25.833333,MW,DK2,DK_2,forecast_onshore_wind_generation,Wind Onshore,2026-08-21T09:08:16Z
2026-08-21T08:53:57Z,2026-08-21T10:53:57+0200,5d6f4db6-a0f2-490a-bd97-b2641f9198d5,2026-08-13T00:45:00Z,2026-08-13T02:45:00+0200,26.166666,MW,DK2,DK_2,forecast_onshore_wind_generation,Wind Onshore,2026-08-21T09:08:16Z
2026-08-21T08:53:57Z,2026-08-21T10:53:57+0200,5d6f4db6-a0f2-490a-bd97-b2641f9198d5,2026-08-13T01:00:00Z,2026-08-13T03:00:00+0200,27.0,MW,DK2,DK_2,forecast_onshore_wind_generation,Wind Onshore,2026-08-21T09:08:16Z
2026-08-21T08:53:57Z,2026-08-21T10:53:57+0200,5d6f4db6-a0f2-490a-bd97-b2641f9198d5,2026-08-13T01:15:00Z,2026-08-13T03:15:00+0200,27.166666,MW,DK2,DK_2,forecast_onshore_wind_generation,Wind Onshore,2026-08-21T09:08:16Z
2026-08-21T08:53:57Z,2026-08-21T10:53:57+0200,5d6f4db6-a0f2-490a-bd97-b2641f9198d5,2026-08-13T01:30:00Z,2026-08-13T03:30:00+0200,28.166666,MW,DK2,DK_2,forecast_onshore_wind_generation,Wind Onshore,2026-08-21T09:08:16Z
2026-08-21T08:53:57Z,2026-08-21T10:53:57+0200,5d6f4db6-a0f2-490a-bd97-b2641f9198d5,2026-08-13T01:45:00Z,2026-08-13T03:45:00+0200,28.833333,MW,DK2,DK_2,forecast_onshore_wind_generation,Wind Onshore,2026-08-21T09:08:16Z
2026-08-21T08:53:57Z,2026-08-21T10:53:57+0200,5d6f4db6-a0f2-490a-bd97-b2641f9198d5,2026-08-13T02:00:00Z,2026-08-13T04:00:00+0200,28.0,MW,DK2,DK_2,forecast_onshore_wind_generation,Wind Onshore,2026-08-21T09:08:16Z
2026-08-21T08:53:57Z,2026-08-21T10:53:57+0200,5d6f4db6-a0f2-490a-bd97-b2641f9198d5,2026-08-13T02:15:00Z,2026-08-13T04:15:00+0200,27.166666,MW,DK2,DK_2,forecast_onshore_wind_generation,Wind Onshore,2026-08-21T09:08:16Z
2026-08-21T08:53:57Z,2026-08-21T10:53:57+0200,5d6f4db6-a0f2-490a-bd97-b2641f9198d5,2026-08-13T02:30:00Z,2026-08-13T04:30:00+0200,26.166666,MW,DK2,DK_2,forecast_onshore_wind_generation,Wind Onshore,2026-08-21T09:08:16Z
2026-08-21T08:53:57Z,2026-08-21T10:53:57+0200,5d6f4db6-a0f2-490a-bd97-b2641f9198d5,2026-08-13T02:45:00Z,2026-08-13T04:45:00+0200,25.166666,MW,DK2,DK_2,forecast_onshore_wind_generation,Wind Onshore,2026-08-21T09:08:16Z
2026-08-21T08:53:57Z,2026-08-21T10:53:57+0200,5d6f4db6-a0f2-490a-bd97-b2641f9198d5,2026-08-13T03:00:00Z,2026-08-13T05:00:00+0200,24.166666,MW,DK2,DK_2,forecast_onshore_wind_generation,Wind Onshore,2026-08-21T09:08:16Z
2026-08-21T08:53:57Z,2026-08-21T10:53:57+0200,5d6f4db6-a0f2-490a-bd97-b2641f9198d5,2026-08-13T03:15:00Z,2026-08-13T05:15:00+0200,23.166666,MW,DK2,DK_2,forecast_onshore_wind_generation,Wind Onshore,2026-08-21T09:08:16Z
2026-08-21T08:53:57Z,2026-08-21T10:53:57+0200,5d6f4db6-a0f2-490a-bd97-b2641f9198d5,2026-08-13T03:30:00Z,2026-08-13T05:30:00+0200,22.5,MW,DK2,DK_2,forecast_onshore_wind_generation,Wind Onshore,2026-08-21T09:08:16Z
2026-08-21T08:53:57Z,2026-08-21T10:53:57+0200,5d6f4db6-a0f2-490a-bd97-b2641f9198d5,2026-08-13T03:45:00Z,2026-08-13T05:45:00+0200,22.0,MW,DK2,DK_2,forecast_onshore_wind_generation,Wind Onshore,2026-08-21T09:08:16Z
2026-08-21T08:53:57Z,2026-08-21T10:53:57+0200,5d6f4db6-a0f2-490a-bd97-b2641f9198d5,2026-08-13T04:00:00Z,2026-08-13T06:00:00+0200,22.0,MW,DK2,DK_2,forecast_onshore_wind_generation,Wind Onshore,2026-08-21T09:08:16Z
2026-08-21T08:53:57Z,2026-08-21T10:53:57+0200,5d6f4db6-a0f2-490a-bd97-b2641f9198d5,2026-08-13T04:15:00Z,2026-08-13T06:15:00+0200,22.0,MW,DK2,DK_2,forecast_onshore_wind_generation,Wind Onshore,2026-08-21T09:08:16Z
2026-08-21T08:53:57Z,2026-08-21T10:53:57+0200,5d6f4db6-a0f2-490a-bd97-b2641f9198d5,2026-08-13T04:30:00Z,2026-08-13T06:30:00+0200,22.0,MW,DK2,DK_2,forecast_onshore_wind_generation,Wind Onshore,2026-08-21T09:08:16Z
2026-08-21T08:53:57Z,2026-08-21T10:53:57+0200,5d6f4db6-a0f2-490a-bd97-b2641f9198d5,2026-08-13T04:45:00Z,2026-08-13T06:45:00+0200,22.0,MW,DK2,DK_2,forecast_onshore_wind_generation,Wind Onshore,2026-08-21T09:08:16Z
2026-08-21T08:53:57Z,2026-08-21T10:53:57+0200,5d6f4db6-a0f2-490a-bd97-b2641f9198d5,2026-08-13T05:00:00Z,2026-08-13T07:00:00+0200,22.0,MW,DK2,DK_2,forecast_onshore_wind_generation,Wind Onshore,2026-08-21T09:08:16Z
2026-08-21T08:53:57Z,2026-08-21T10:53:57+0200,5d6f4db6-a0f2-490a-bd97-b2641f9198d5,2026-08-13T05:15:00Z,2026-08-13T07:15:00+0200,22.0,MW,DK2,DK_2,forecast_onshore_wind_generation,Wind Onshore,2026-08-21T09:08:16Z
2026-08-21T08:53:57Z,2026-08-21T10:53:57+0200,5d6f4db6-a0f2-490a-bd97-b2641f9198d5,2026-08-13T05:30:00Z,2026-08-13T07:30:00+0200,22.0,MW,DK2,DK_2,forecast_onshore_wind_generation,Wind Onshore,2026-08-21T09:08:16Z
2026-08-21T08:53:57Z,2026-08-21T10:53:57+0200,5d6f4db6-a0f2-490a-bd97-b2641f9198d5,2026-08-13T05:45:00Z,2026-08-13T07:45:00+0200,22.0,MW,DK2,DK_2,forecast_onshore_wind_generation,Wind Onshore,2026-08-21T09:08:16Z
2026-08-21T08:53:57Z,2026-08-21T10:53:57+0200,5d6f4db6-a0f2-490a-bd97-b2641f9198d5,2026-08-13T06:00:00Z,2026-08-13T08:00:00+0200,22.0,MW,DK2,DK_2,forecast_onshore_wind_generation,Wind Onshore,2026-08-21T09:08:16Z
2026-08-21T08:53:57Z,2026-08-21T10:53:57+0200,5d6f4db6-a0f2-490a-bd97-b2641f9198d5,2026-08-13T06:15:00Z,2026-08-13T08:15:00+0200,22.0,MW,DK2,DK_2,forecast_onshore_wind_generation,Wind Onshore,2026-08-21T09:08:16Z
2026-08-21T08:53:57Z,2026-08-21T10:53:57+0200,5d6f4db6-a0f2-490a-bd97-b2641f9198d5,2026-08-13T06:30:00Z,2026-08-13T08:30:00+0200,22.5,MW,DK2,DK_2,forecast_onshore_wind_generation,Wind Onshore,2026-08-21T09:08:16Z
2026-08-21T08:53:57Z,2026-08-21T10:53:57+0200,5d6f4db6-a0f2-490a-bd97-b2641f9198d5,2026-08-13T06:45:00Z,2026-08-13T08:45:00+0200,23.833333,MW,DK2,DK_2,forecast_onshore_wind_generation,Wind Onshore,2026-08-21T09:08:16Z
2026-08-21T08:53:57Z,2026-08-21T10:53:57+0200,5d6f4db6-a0f2-490a-bd97-b2641f9198d5,2026-08-13T07:00:00Z,2026-08-13T09:00:00+0200,24.5,MW,DK2,DK_2,forecast_onshore_wind_generation,Wind Onshore,2026-08-21T09:08:16Z
2026-08-21T08:53:57Z,2026-08-21T10:53:57+0200,5d6f4db6-a0f2-490a-bd97-b2641f9198d5,2026-08-13T07:15:00Z,2026-08-13T09:15:00+0200,25.0,MW,DK2,DK_2,forecast_onshore_wind_generation,Wind Onshore,2026-08-21T09:08:16Z
2026-08-21T08:53:57Z,2026-08-21T10:53:57+0200,5d6f4db6-a0f2-490a-bd97-b2641f9198d5,2026-08-13T07:30:00Z,2026-08-13T09:30:00+0200,25.0,MW,DK2,DK_2,forecast_onshore_wind_generation,Wind Onshore,2026-08-21T09:08:16Z
2026-08-21T08:53:57Z,2026-08-21T10:53:57+0200,5d6f4db6-a0f2-490a-bd97-b2641f9198d5,2026-08-13T07:45:00Z,2026-08-13T09:45:00+0200,25.0,MW,DK2,DK_2,forecast_onshore_wind_generation,Wind Onshore,2026-08-21T09:08:16Z
2026-08-21T08:53:57Z,2026-08-21T10:53:57+0200,5d6f4db6-a0f2-490a-bd97-b2641f9198d5,2026-08-13T08:00:00Z,2026-08-13T10:00:00+0200,25.833333,MW,DK2,DK_2,forecast_onshore_wind_generation,Wind Onshore,2026-08-21T09:08:16Z
2026-08-21T08:53:57Z,2026-08-21T10:53:57+0200,5d6f4db6-a0f2-490a-bd97-b2641f9198d5,2026-08-13T08:15:00Z,2026-08-13T10:15:00+0200,26.0,MW,DK2,DK_2,forecast_onshore_wind_generation,Wind Onshore,2026-08-21T09:08:16Z
2026-08-21T08:53:57Z,2026-08-21T10:53:57+0200,5d6f4db6-a0f2-490a-bd97-b2641f9198d5,2026-08-13T08:30:00Z,2026-08-13T10:30:00+0200,26.0,MW,DK2,DK_2,forecast_onshore_wind_generation,Wind Onshore,2026-08-21T09:08:16Z
2026-08-21T08:53:57Z,2026-08-21T10:53:57+0200,5d6f4db6-a0f2-490a-bd97-b2641f9198d5,2026-08-13T08:45:00Z,2026-08-13T10:45:00+0200,26.833333,MW,DK2,DK_2,forecast_onshore_wind_generation,Wind Onshore,2026-08-21T09:08:16Z
2026-08-21T08:53:57Z,2026-08-21T10:53:57+0200,5d6f4db6-a0f2-490a-bd97-b2641f9198d5,2026-08-13T09:00:00Z,2026-08-13T11:00:00+0200,27.0,MW,DK2,DK_2,forecast_onshore_wind_generation,Wind Onshore,2026-08-21T09:08:16Z
2026-08-21T08:53:57Z,2026-08-21T10:53:57+0200,5d6f4db6-a0f2-490a-bd97-b2641f9198d5,2026-08-13T09:15:00Z,2026-08-13T11:15:00+0200,26.166666,MW,DK2,DK_2,forecast_onshore_wind_generation,Wind Onshore,2026-08-21T09:08:16Z
2026-08-21T08:53:57Z,2026-08-21T10:53:57+0200,5d6f4db6-a0f2-490a-bd97-b2641f9198d5,2026-08-13T09:30:00Z,2026-08-13T11:30:00+0200,26.0,MW,DK2,DK_2,forecast_onshore_wind_generation,Wind Onshore,2026-08-21T09:08:16Z
2026-08-21T08:53:57Z,2026-08-21T10:53:57+0200,5d6f4db6-a0f2-490a-bd97-b2641f9198d5,2026-08-13T09:45:00Z,2026-08-13T11:45:00+0200,26.5,MW,DK2,DK_2,forecast_onshore_wind_generation,Wind Onshore,2026-08-21T09:08:16Z
2026-08-21T08:53:57Z,2026-08-21T10:53:57+0200,5d6f4db6-a0f2-490a-bd97-b2641f9198d5,2026-08-13T10:00:00Z,2026-08-13T12:00:00+0200,27.5,MW,DK2,DK_2,forecast_onshore_wind_generation,Wind Onshore,2026-08-21T09:08:16Z
2026-08-21T08:53:57Z,2026-08-21T10:53:57+0200,5d6f4db6-a0f2-490a-bd97-b2641f9198d5,2026-08-13T10:15:00Z,2026-08-13T12:15:00+0200,28.5,MW,DK2,DK_2,forecast_onshore_wind_generation,Wind Onshore,2026-08-21T09:08:16Z
2026-08-21T08:53:57Z,2026-08-21T10:53:57+0200,5d6f4db6-a0f2-490a-bd97-b2641f9198d5,2026-08-13T10:30:00Z,2026-08-13T12:30:00+0200,29.833333,MW,DK2,DK_2,forecast_onshore_wind_generation,Wind Onshore,2026-08-21T09:08:16Z
2026-08-21T08:53:57Z,2026-08-21T10:53:57+0200,5d6f4db6-a0f2-490a-bd97-b2641f9198d5,2026-08-13T10:45:00Z,2026-08-13T12:45:00+0200,30.833333,MW,DK2,DK_2,forecast_onshore_wind_generation,Wind Onshore,2026-08-21T09:08:16Z
2026-08-21T08:53:57Z,2026-08-21T10:53:57+0200,5d6f4db6-a0f2-490a-bd97-b2641f9198d5,2026-08-13T11:00:00Z,2026-08-13T13:00:00+0200,31.833333,MW,DK2,DK_2,forecast_onshore_wind_generation,Wind Onshore,2026-08-21T09:08:16Z
2026-08-21T08:53:57Z,2026-08-21T10:53:57+0200,5d6f4db6-a0f2-490a-bd97-b2641f9198d5,2026-08-13T11:15:00Z,2026-08-13T13:15:00+0200,33.333333,MW,DK2,DK_2,forecast_onshore_wind_generation,Wind Onshore,2026-08-21T09:08:16Z
2026-08-21T08:53:57Z,2026-08-21T10:53:57+0200,5d6f4db6-a0f2-490a-bd97-b2641f9198d5,2026-08-13T11:30:00Z,2026-08-13T13:30:00+0200,35.0,MW,DK2,DK_2,forecast_onshore_wind_generation,Wind Onshore,2026-08-21T09:08:16Z
2026-08-21T08:53:57Z,2026-08-21T10:53:57+0200,5d6f4db6-a0f2-490a-bd97-b2641f9198d5,2026-08-13T11:45:00Z,2026-08-13T13:45:00+0200,36.0,MW,DK2,DK_2,forecast_onshore_wind_generation,Wind Onshore,2026-08-21T09:08:16Z
2026-08-21T08:53:57Z,2026-08-21T10:53:57+0200,5d6f4db6-a0f2-490a-bd97-b2641f9198d5,2026-08-13T12:00:00Z,2026-08-13T14:00:00+0200,36.833333,MW,DK2,DK_2,forecast_onshore_wind_generation,Wind Onshore,2026-08-21T09:08:16Z
2026-08-21T08:53:57Z,2026-08-21T10:53:57+0200,5d6f4db6-a0f2-490a-bd97-b2641f9198d5,2026-08-13T12:15:00Z,2026-08-13T14:15:00+0200,38.0,MW,DK2,DK_2,forecast_onshore_wind_generation,Wind Onshore,2026-08-21T09:08:16Z
2026-08-21T08:53:57Z,2026-08-21T10:53:57+0200,5d6f4db6-a0f2-490a-bd97-b2641f9198d5,2026-08-13T12:30:00Z,2026-08-13T14:30:00+0200,39.166666,MW,DK2,DK_2,forecast_onshore_wind_generation,Wind Onshore,2026-08-21T09:08:16Z
2026-08-21T08:53:57Z,2026-08-21T10:53:57+0200,5d6f4db6-a0f2-490a-bd97-b2641f9198d5,2026-08-13T12:45:00Z,2026-08-13T14:45:00+0200,40.0,MW,DK2,DK_2,forecast_onshore_wind_generation,Wind Onshore,2026-08-21T09:08:16Z
2026-08-21T08:53:57Z,2026-08-21T10:53:57+0200,5d6f4db6-a0f2-490a-bd97-b2641f9198d5,2026-08-13T13:00:00Z,2026-08-13T15:00:00+0200,40.0,MW,DK2,DK_2,forecast_onshore_wind_generation,Wind Onshore,2026-08-21T09:08:16Z
2026-08-21T08:53:57Z,2026-08-21T10:53:57+0200,5d6f4db6-a0f2-490a-bd97-b2641f9198d5,2026-08-13T13:15:00Z,2026-08-13T15:15:00+0200,40.0,MW,DK2,DK_2,forecast_onshore_wind_generation,Wind Onshore,2026-08-21T09:08:16Z
2026-08-21T08:53:57Z,2026-08-21T10:53:57+0200,5d6f4db6-a0f2-490a-bd97-b2641f9198d5,2026-08-13T13:30:00Z,2026-08-13T15:30:00+0200,39.833333,MW,DK2,DK_2,forecast_onshore_wind_generation,Wind Onshore,2026-08-21T09:08:16Z
2026-08-21T08:53:57Z,2026-08-21T10:53:57+0200,5d6f4db6-a0f2-490a-bd97-b2641f9198d5,2026-08-13T13:45:00Z,2026-08-13T15:45:00+0200,39.833333,MW,DK2,DK_2,forecast_onshore_wind_generation,Wind Onshore,2026-08-21T09:08:16Z
2026-08-21T08:53:57Z,2026-08-21T10:53:57+0200,5d6f4db6-a0f2-490a-bd97-b2641f9198d5,2026-08-13T14:00:00Z,2026-08-13T16:00:00+0200,40.0,MW,DK2,DK_2,forecast_onshore_wind_generation,Wind Onshore,2026-08-21T09:08:16Z
2026-08-21T08:53:57Z,2026-08-21T10:53:57+0200,5d6f4db6-a0f2-490a-bd97-b2641f9198d5,2026-08-13T14:15:00Z,2026-08-13T16:15:00+0200,40.0,MW,DK2,DK_2,forecast_onshore_wind_generation,Wind Onshore,2026-08-21T09:08:16Z
2026-08-21T08:53:57Z,2026-08-21T10:53:57+0200,5d6f4db6-a0f2-490a-bd97-b2641f9198d5,2026-08-13T14:30:00Z,2026-08-13T16:30:00+0200,40.0,MW,DK2,DK_2,forecast_onshore_wind_generation,Wind Onshore,2026-08-21T09:08:16Z
2026-08-21T08:53:57Z,2026-08-21T10:53:57+0200,5d6f4db6-a0f2-490a-bd97-b2641f9198d5,2026-08-13T14:45:00Z,2026-08-13T16:45:00+0200,40.0,MW,DK2,DK_2,forecast_onshore_wind_generation,Wind Onshore,2026-08-21T09:08:16Z
2026-08-21T08:53:57Z,2026-08-21T10:53:57+0200,5d6f4db6-a0f2-490a-bd97-b2641f9198d5,2026-08-13T15:00:00Z,2026-08-13T17:00:00+0200,39.833333,MW,DK2,DK_2,forecast_onshore_wind_generation,Wind Onshore,2026-08-21T09:08:16Z
2026-08-21T08:53:57Z,2026-08-21T10:53:57+0200,5d6f4db6-a0f2-490a-bd97-b2641f9198d5,2026-08-13T15:15:00Z,2026-08-13T17:15:00+0200,38.5,MW,DK2,DK_2,forecast_onshore_wind_generation,Wind Onshore,2026-08-21T09:08:16Z
2026-08-21T08:53:57Z,2026-08-21T10:53:57+0200,5d6f4db6-a0f2-490a-bd97-b2641f9198d5,2026-08-13T15:30:00Z,2026-08-13T17:30:00+0200,37.166666,MW,DK2,DK_2,forecast_onshore_wind_generation,Wind Onshore,2026-08-21T09:08:16Z
2026-08-21T08:53:57Z,2026-08-21T10:53:57+0200,5d6f4db6-a0f2-490a-bd97-b2641f9198d5,2026-08-13T15:45:00Z,2026-08-13T17:45:00+0200,36.0,MW,DK2,DK_2,forecast_onshore_wind_generation,Wind Onshore,2026-08-21T09:08:16Z
2026-08-21T08:53:57Z,2026-08-21T10:53:57+0200,5d6f4db6-a0f2-490a-bd97-b2641f9198d5,2026-08-13T16:00:00Z,2026-08-13T18:00:00+0200,34.833333,MW,DK2,DK_2,forecast_onshore_wind_generation,Wind Onshore,2026-08-21T09:08:16Z
2026-08-21T08:53:57Z,2026-08-21T10:53:57+0200,5d6f4db6-a0f2-490a-bd97-b2641f9198d5,2026-08-13T16:15:00Z,2026-08-13T18:15:00+0200,33.5,MW,DK2,DK_2,forecast_onshore_wind_generation,Wind Onshore,2026-08-21T09:08:16Z
2026-08-21T08:53:57Z,2026-08-21T10:53:57+0200,5d6f4db6-a0f2-490a-bd97-b2641f9198d5,2026-08-13T16:30:00Z,2026-08-13T18:30:00+0200,32.166666,MW,DK2,DK_2,forecast_onshore_wind_generation,Wind Onshore,2026-08-21T09:08:16Z
2026-08-21T08:53:57Z,2026-08-21T10:53:57+0200,5d6f4db6-a0f2-490a-bd97-b2641f9198d5,2026-08-13T16:45:00Z,2026-08-13T18:45:00+0200,31.166666,MW,DK2,DK_2,forecast_onshore_wind_generation,Wind Onshore,2026-08-21T09:08:16Z
2026-08-21T08:53:57Z,2026-08-21T10:53:57+0200,5d6f4db6-a0f2-490a-bd97-b2641f9198d5,2026-08-13T17:00:00Z,2026-08-13T19:00:00+0200,30.0,MW,DK2,DK_2,forecast_onshore_wind_generation,Wind Onshore,2026-08-21T09:08:16Z
2026-08-21T08:53:57Z,2026-08-21T10:53:57+0200,5d6f4db6-a0f2-490a-bd97-b2641f9198d5,2026-08-13T17:15:00Z,2026-08-13T19:15:00+0200,29.0,MW,DK2,DK_2,forecast_onshore_wind_generation,Wind Onshore,2026-08-21T09:08:16Z
2026-08-21T08:53:57Z,2026-08-21T10:53:57+0200,5d6f4db6-a0f2-490a-bd97-b2641f9198d5,2026-08-13T17:30:00Z,2026-08-13T19:30:00+0200,29.0,MW,DK2,DK_2,forecast_onshore_wind_generation,Wind Onshore,2026-08-21T09:08:16Z
2026-08-21T08:53:57Z,2026-08-21T10:53:57+0200,5d6f4db6-a0f2-490a-bd97-b2641f9198d5,2026-08-13T17:45:00Z,2026-08-13T19:45:00+0200,29.0,MW,DK2,DK_2,forecast_onshore_wind_generation,Wind Onshore,2026-08-21T09:08:16Z
2026-08-21T08:53:57Z,2026-08-21T10:53:57+0200,5d6f4db6-a0f2-490a-bd97-b2641f9198d5,2026-08-13T18:00:00Z,2026-08-13T20:00:00+0200,29.0,MW,DK2,DK_2,forecast_onshore_wind_generation,Wind Onshore,2026-08-21T09:08:16Z
2026-08-21T08:53:57Z,2026-08-21T10:53:57+0200,5d6f4db6-a0f2-490a-bd97-b2641f9198d5,2026-08-13T18:15:00Z,2026-08-13T20:15:00+0200,30.666666,MW,DK2,DK_2,forecast_onshore_wind_generation,Wind Onshore,2026-08-21T09:08:16Z
2026-08-21T08:53:57Z,2026-08-21T10:53:57+0200,5d6f4db6-a0f2-490a-bd97-b2641f9198d5,2026-08-13T18:30:00Z,2026-08-13T20:30:00+0200,35.833333,MW,DK2,DK_2,forecast_onshore_wind_generation,Wind Onshore,2026-08-21T09:08:16Z
2026-08-21T08:53:57Z,2026-08-21T10:53:57+0200,5d6f4db6-a0f2-490a-bd97-b2641f9198d5,2026-08-13T18:45:00Z,2026-08-13T20:45:00+0200,40.5,MW,DK2,DK_2,forecast_onshore_wind_generation,Wind Onshore,2026-08-21T09:08:16Z
2026-08-21T08:53:57Z,2026-08-21T10:53:57+0200,5d6f4db6-a0f2-490a-bd97-b2641f9198d5,2026-08-13T19:00:00Z,2026-08-13T21:00:00+0200,45.166666,MW,DK2,DK_2,forecast_onshore_wind_generation,Wind Onshore,2026-08-21T09:08:16Z
2026-08-21T08:53:57Z,2026-08-21T10:53:57+0200,5d6f4db6-a0f2-490a-bd97-b2641f9198d5,2026-08-13T19:15:00Z,2026-08-13T21:15:00+0200,51.5,MW,DK2,DK_2,forecast_onshore_wind_generation,Wind Onshore,2026-08-21T09:08:16Z
2026-08-21T08:53:57Z,2026-08-21T10:53:57+0200,5d6f4db6-a0f2-490a-bd97-b2641f9198d5,2026-08-13T19:30:00Z,2026-08-13T21:30:00+0200,59.333333,MW,DK2,DK_2,forecast_onshore_wind_generation,Wind Onshore,2026-08-21T09:08:16Z
2026-08-21T08:53:57Z,2026-08-21T10:53:57+0200,5d6f4db6-a0f2-490a-bd97-b2641f9198d5,2026-08-13T19:45:00Z,2026-08-13T21:45:00+0200,66.833333,MW,DK2,DK_2,forecast_onshore_wind_generation,Wind Onshore,2026-08-21T09:08:16Z
2026-08-21T08:53:57Z,2026-08-21T10:53:57+0200,5d6f4db6-a0f2-490a-bd97-b2641f9198d5,2026-08-13T20:00:00Z,2026-08-13T22:00:00+0200,73.5,MW,DK2,DK_2,forecast_onshore_wind_generation,Wind Onshore,2026-08-21T09:08:16Z
2026-08-21T08:53:57Z,2026-08-21T10:53:57+0200,5d6f4db6-a0f2-490a-bd97-b2641f9198d5,2026-08-13T20:15:00Z,2026-08-13T22:15:00+0200,80.833333,MW,DK2,DK_2,forecast_onshore_wind_generation,Wind Onshore,2026-08-21T09:08:16Z
2026-08-21T08:53:57Z,2026-08-21T10:53:57+0200,5d6f4db6-a0f2-490a-bd97-b2641f9198d5,2026-08-13T20:30:00Z,2026-08-13T22:30:00+0200,87.5,MW,DK2,DK_2,forecast_onshore_wind_generation,Wind Onshore,2026-08-21T09:08:16Z
2026-08-21T08:53:57Z,2026-08-21T10:53:57+0200,5d6f4db6-a0f2-490a-bd97-b2641f9198d5,2026-08-13T20:45:00Z,2026-08-13T22:45:00+0200,93.0,MW,DK2,DK_2,forecast_onshore_wind_generation,Wind Onshore,2026-08-21T09:08:16Z
2026-08-21T08:53:57Z,2026-08-21T10:53:57+0200,5d6f4db6-a0f2-490a-bd97-b2641f9198d5,2026-08-13T21:00:00Z,2026-08-13T23:00:00+0200,96.5,MW,DK2,DK_2,forecast_onshore_wind_generation,Wind Onshore,2026-08-21T09:08:16Z
2026-08-21T08:53:57Z,2026-08-21T10:53:57+0200,5d6f4db6-a0f2-490a-bd97-b2641f9198d5,2026-08-13T21:15:00Z,2026-08-13T23:15:00+0200,99.333333,MW,DK2,DK_2,forecast_onshore_wind_generation,Wind Onshore,2026-08-21T09:08:16Z
2026-08-21T08:53:57Z,2026-08-21T10:53:57+0200,5d6f4db6-a0f2-490a-bd97-b2641f9198d5,2026-08-13T21:30:00Z,2026-08-13T23:30:00+0200,101.5,MW,DK2,DK_2,forecast_onshore_wind_generation,Wind Onshore,2026-08-21T09:08:16Z
2026-08-21T08:53:57Z,2026-08-21T10:53:57+0200,5d6f4db6-a0f2-490a-bd97-b2641f9198d5,2026-08-13T21:45:00Z,2026-08-13T23:45:00+0200,104.666666,MW,DK2,DK_2,forecast_onshore_wind_generation,Wind Onshore,2026-08-21T09:08:16Z
2026-08-21T08:53:57Z,2026-08-21T10:53:57+0200,5d6f4db6-a0f2-490a-bd97-b2641f9198d5,2026-08-13T22:00:00Z,2026-08-14T00:00:00+0200,91.5,MW,DK2,DK_2,forecast_onshore_wind_generation,Wind Onshore,2026-08-21T09:08:16Z
2026-08-21T08:53:57Z,2026-08-21T10:53:57+0200,5d6f4db6-a0f2-490a-bd97-b2641f9198d5,2026-08-13T22:15:00Z,2026-08-14T00:15:00+0200,91.666666,MW,DK2,DK_2,forecast_onshore_wind_generation,Wind Onshore,2026-08-21T09:08:16Z
2026-08-21T08:53:57Z,2026-08-21T10:53:57+0200,5d6f4db6-a0f2-490a-bd97-b2641f9198d5,2026-08-13T22:30:00Z,2026-08-14T00:30:00+0200,94.5,MW,DK2,DK_2,forecast_onshore_wind_generation,Wind Onshore,2026-08-21T09:08:16Z
2026-08-21T08:53:57Z,2026-08-21T10:53:57+0200,5d6f4db6-a0f2-490a-bd97-b2641f9198d5,2026-08-13T22:45:00Z,2026-08-14T00:45:00+0200,98.333333,MW,DK2,DK_2,forecast_onshore_wind_generation,Wind Onshore,2026-08-21T09:08:16Z
2026-08-21T08:53:57Z,2026-08-21T10:53:57+0200,5d6f4db6-a0f2-490a-bd97-b2641f9198d5,2026-08-13T23:00:00Z,2026-08-14T01:00:00+0200,102.833333,MW,DK2,DK_2,forecast_onshore_wind_generation,Wind Onshore,2026-08-21T09:08:16Z
2026-08-21T08:53:57Z,2026-08-21T10:53:57+0200,5d6f4db6-a0f2-490a-bd97-b2641f9198d5,2026-08-13T23:15:00Z,2026-08-14T01:15:00+0200,107.333333,MW,DK2,DK_2,forecast_onshore_wind_generation,Wind Onshore,2026-08-21T09:08:16Z
2026-08-21T08:53:57Z,2026-08-21T10:53:57+0200,5d6f4db6-a0f2-490a-bd97-b2641f9198d5,2026-08-13T23:30:00Z,2026-08-14T01:30:00+0200,110.5,MW,DK2,DK_2,forecast_onshore_wind_generation,Wind Onshore,2026-08-21T09:08:16Z
2026-08-21T08:53:57Z,2026-08-21T10:53:57+0200,5d6f4db6-a0f2-490a-bd97-b2641f9198d5,2026-08-13T23:45:00Z,2026-08-14T01:45:00+0200,113.333333,MW,DK2,DK_2,forecast_onshore_wind_generation,Wind Onshore,2026-08-21T09:08:16Z
2026-08-21T08:53:57Z,2026-08-21T10:53:57+0200,5d6f4db6-a0f2-490a-bd97-b2641f9198d5,2026-08-14T00:00:00Z,2026-08-14T02:00:00+0200,114.833333,MW,DK2,DK_2,forecast_onshore_wind_generation,Wind Onshore,2026-08-21T09:08:16Z
2026-08-21T08:53:57Z,2026-08-21T10:53:57+0200,5d6f4db6-a0f2-490a-bd97-b2641f9198d5,2026-08-14T00:15:00Z,2026-08-14T02:15:00+0200,116.0,MW,DK2,DK_2,forecast_onshore_wind_generation,Wind Onshore,2026-08-21T09:08:16Z
2026-08-21T08:53:57Z,2026-08-21T10:53:57+0200,5d6f4db6-a0f2-490a-bd97-b2641f9198d5,2026-08-14T00:30:00Z,2026-08-14T02:30:00+0200,117.0,MW,DK2,DK_2,forecast_onshore_wind_generation,Wind Onshore,2026-08-21T09:08:16Z
2026-08-21T08:53:57Z,2026-08-21T10:53:57+0200,5d6f4db6-a0f2-490a-bd97-b2641f9198d5,2026-08-14T00:45:00Z,2026-08-14T02:45:00+0200,116.833333,MW,DK2,DK_2,forecast_onshore_wind_generation,Wind Onshore,2026-08-21T09:08:16Z
2026-08-21T08:53:57Z,2026-08-21T10:53:57+0200,5d6f4db6-a0f2-490a-bd97-b2641f9198d5,2026-08-14T01:00:00Z,2026-08-14T03:00:00+0200,115.5,MW,DK2,DK_2,forecast_onshore_wind_generation,Wind Onshore,2026-08-21T09:08:16Z
2026-08-21T08:53:57Z,2026-08-21T10:53:57+0200,5d6f4db6-a0f2-490a-bd97-b2641f9198d5,2026-08-14T01:15:00Z,2026-08-14T03:15:00+0200,114.0,MW,DK2,DK_2,forecast_onshore_wind_generation,Wind Onshore,2026-08-21T09:08:16Z
2026-08-21T08:53:57Z,2026-08-21T10:53:57+0200,5d6f4db6-a0f2-490a-bd97-b2641f9198d5,2026-08-14T01:30:00Z,2026-08-14T03:30:00+0200,111.833333,MW,DK2,DK_2,forecast_onshore_wind_generation,Wind Onshore,2026-08-21T09:08:16Z
2026-08-21T08:53:57Z,2026-08-21T10:53:57+0200,5d6f4db6-a0f2-490a-bd97-b2641f9198d5,2026-08-14T01:45:00Z,2026-08-14T03:45:00+0200,108.333333,MW,DK2,DK_2,forecast_onshore_wind_generation,Wind Onshore,2026-08-21T09:08:16Z
2026-08-21T08:53:57Z,2026-08-21T10:53:57+0200,5d6f4db6-a0f2-490a-bd97-b2641f9198d5,2026-08-14T02:00:00Z,2026-08-14T04:00:00+0200,104.5,MW,DK2,DK_2,forecast_onshore_wind_generation,Wind Onshore,2026-08-21T09:08:16Z
2026-08-21T08:53:57Z,2026-08-21T10:53:57+0200,5d6f4db6-a0f2-490a-bd97-b2641f9198d5,2026-08-14T02:15:00Z,2026-08-14T04:15:00+0200,101.166666,MW,DK2,DK_2,forecast_onshore_wind_generation,Wind Onshore,2026-08-21T09:08:16Z
2026-08-21T08:53:57Z,2026-08-21T10:53:57+0200,5d6f4db6-a0f2-490a-bd97-b2641f9198d5,2026-08-14T02:30:00Z,2026-08-14T04:30:00+0200,98.333333,MW,DK2,DK_2,forecast_onshore_wind_generation,Wind Onshore,2026-08-21T09:08:16Z
2026-08-21T08:53:57Z,2026-08-21T10:53:57+0200,5d6f4db6-a0f2-490a-bd97-b2641f9198d5,2026-08-14T02:45:00Z,2026-08-14T04:45:00+0200,94.5,MW,DK2,DK_2,forecast_onshore_wind_generation,Wind Onshore,2026-08-21T09:08:16Z
2026-08-21T08:53:57Z,2026-08-21T10:53:57+0200,5d6f4db6-a0f2-490a-bd97-b2641f9198d5,2026-08-14T03:00:00Z,2026-08-14T05:00:00+0200,92.5,MW,DK2,DK_2,forecast_onshore_wind_generation,Wind Onshore,2026-08-21T09:08:16Z
2026-08-21T08:53:57Z,2026-08-21T10:53:57+0200,5d6f4db6-a0f2-490a-bd97-b2641f9198d5,2026-08-14T03:15:00Z,2026-08-14T05:15:00+0200,92.0,MW,DK2,DK_2,forecast_onshore_wind_generation,Wind Onshore,2026-08-21T09:08:16Z
2026-08-21T08:53:57Z,2026-08-21T10:53:57+0200,5d6f4db6-a0f2-490a-bd97-b2641f9198d5,2026-08-14T03:30:00Z,2026-08-14T05:30:00+0200,92.0,MW,DK2,DK_2,forecast_onshore_wind_generation,Wind Onshore,2026-08-21T09:08:16Z
2026-08-21T08:53:57Z,2026-08-21T10:53:57+0200,5d6f4db6-a0f2-490a-bd97-b2641f9198d5,2026-08-14T03:45:00Z,2026-08-14T05:45:00+0200,92.0,MW,DK2,DK_2,forecast_onshore_wind_generation,Wind Onshore,2026-08-21T09:08:16Z
2026-08-21T08:53:57Z,2026-08-21T10:53:57+0200,5d6f4db6-a0f2-490a-bd97-b2641f9198d5,2026-08-14T04:00:00Z,2026-08-14T06:00:00+0200,92.0,MW,DK2,DK_2,forecast_onshore_wind_generation,Wind Onshore,2026-08-21T09:08:16Z
2026-08-21T08:53:57Z,2026-08-21T10:53:57+0200,5d6f4db6-a0f2-490a-bd97-b2641f9198d5,2026-08-14T04:15:00Z,2026-08-14T06:15:00+0200,91.0,MW,DK2,DK_2,forecast_onshore_wind_generation,Wind Onshore,2026-08-21T09:08:16Z
2026-08-21T08:53:57Z,2026-08-21T10:53:57+0200,5d6f4db6-a0f2-490a-bd97-b2641f9198d5,2026-08-14T04:30:00Z,2026-08-14T06:30:00+0200,88.5,MW,DK2,DK_2,forecast_onshore_wind_generation,Wind Onshore,2026-08-21T09:08:16Z
2026-08-21T08:53:57Z,2026-08-21T10:53:57+0200,5d6f4db6-a0f2-490a-bd97-b2641f9198d5,2026-08-14T04:45:00Z,2026-08-14T06:45:00+0200,86.0,MW,DK2,DK_2,forecast_onshore_wind_generation,Wind Onshore,2026-08-21T09:08:16Z
2026-08-21T08:53:57Z,2026-08-21T10:53:57+0200,5d6f4db6-a0f2-490a-bd97-b2641f9198d5,2026-08-14T05:00:00Z,2026-08-14T07:00:00+0200,83.5,MW,DK2,DK_2,forecast_onshore_wind_generation,Wind Onshore,2026-08-21T09:08:16Z
2026-08-21T08:53:57Z,2026-08-21T10:53:57+0200,5d6f4db6-a0f2-490a-bd97-b2641f9198d5,2026-08-14T05:15:00Z,2026-08-14T07:15:00+0200,81.5,MW,DK2,DK_2,forecast_onshore_wind_generation,Wind Onshore,2026-08-21T09:08:16Z
2026-08-21T08:53:57Z,2026-08-21T10:53:57+0200,5d6f4db6-a0f2-490a-bd97-b2641f9198d5,2026-08-14T05:30:00Z,2026-08-14T07:30:00+0200,80.166666,MW,DK2,DK_2,forecast_onshore_wind_generation,Wind Onshore,2026-08-21T09:08:16Z
2026-08-21T08:53:57Z,2026-08-21T10:53:57+0200,5d6f4db6-a0f2-490a-bd97-b2641f9198d5,2026-08-14T05:45:00Z,2026-08-14T07:45:00+0200,79.5,MW,DK2,DK_2,forecast_onshore_wind_generation,Wind Onshore,2026-08-21T09:08:16Z
2026-08-21T08:53:57Z,2026-08-21T10:53:57+0200,5d6f4db6-a0f2-490a-bd97-b2641f9198d5,2026-08-14T06:00:00Z,2026-08-14T08:00:00+0200,77.5,MW,DK2,DK_2,forecast_onshore_wind_generation,Wind Onshore,2026-08-21T09:08:16Z
2026-08-21T08:53:57Z,2026-08-21T10:53:57+0200,5d6f4db6-a0f2-490a-bd97-b2641f9198d5,2026-08-14T06:15:00Z,2026-08-14T08:15:00+0200,75.0,MW,DK2,DK_2,forecast_onshore_wind_generation,Wind Onshore,2026-08-21T09:08:16Z
2026-08-21T08:53:57Z,2026-08-21T10:53:57+0200,5d6f4db6-a0f2-490a-bd97-b2641f9198d5,2026-08-14T06:30:00Z,2026-08-14T08:30:00+0200,74.0,MW,DK2,DK_2,forecast_onshore_wind_generation,Wind Onshore,2026-08-21T09:08:16Z
2026-08-21T08:53:57Z,2026-08-21T10:53:57+0200,5d6f4db6-a0f2-490a-bd97-b2641f9198d5,2026-08-14T06:45:00Z,2026-08-14T08:45:00+0200,74.666666,MW,DK2,DK_2,forecast_onshore_wind_generation,Wind Onshore,2026-08-21T09:08:16Z
2026-08-21T08:53:57Z,2026-08-21T10:53:57+0200,5d6f4db6-a0f2-490a-bd97-b2641f9198d5,2026-08-14T07:00:00Z,2026-08-14T09:00:00+0200,77.666666,MW,DK2,DK_2,forecast_onshore_wind_generation,Wind Onshore,2026-08-21T09:08:16Z
2026-08-21T08:53:57Z,2026-08-21T10:53:57+0200,5d6f4db6-a0f2-490a-bd97-b2641f9198d5,2026-08-14T07:15:00Z,2026-08-14T09:15:00+0200,80.833333,MW,DK2,DK_2,forecast_onshore_wind_generation,Wind Onshore,2026-08-21T09:08:16Z
2026-08-21T08:53:57Z,2026-08-21T10:53:57+0200,5d6f4db6-a0f2-490a-bd97-b2641f9198d5,2026-08-14T07:30:00Z,2026-08-14T09:30:00+0200,81.833333,MW,DK2,DK_2,forecast_onshore_wind_generation,Wind Onshore,2026-08-21T09:08:16Z
2026-08-21T08:53:57Z,2026-08-21T10:53:57+0200,5d6f4db6-a0f2-490a-bd97-b2641f9198d5,2026-08-14T07:45:00Z,2026-08-14T09:45:00+0200,83.333333,MW,DK2,DK_2,forecast_onshore_wind_generation,Wind Onshore,2026-08-21T09:08:16Z
2026-08-21T08:53:57Z,2026-08-21T10:53:57+0200,5d6f4db6-a0f2-490a-bd97-b2641f9198d5,2026-08-14T08:00:00Z,2026-08-14T10:00:00+0200,85.0,MW,DK2,DK_2,forecast_onshore_wind_generation,Wind Onshore,2026-08-21T09:08:16Z
2026-08-21T08:53:57Z,2026-08-21T10:53:57+0200,5d6f4db6-a0f2-490a-bd97-b2641f9198d5,2026-08-14T08:15:00Z,2026-08-14T10:15:00+0200,85.5,MW,DK2,DK_2,forecast_onshore_wind_generation,Wind Onshore,2026-08-21T09:08:16Z
2026-08-21T08:53:57Z,2026-08-21T10:53:57+0200,5d6f4db6-a0f2-490a-bd97-b2641f9198d5,2026-08-14T08:30:00Z,2026-08-14T10:30:00+0200,85.0,MW,DK2,DK_2,forecast_onshore_wind_generation,Wind Onshore,2026-08-21T09:08:16Z
2026-08-21T08:53:57Z,2026-08-21T10:53:57+0200,5d6f4db6-a0f2-490a-bd97-b2641f9198d5,2026-08-14T08:45:00Z,2026-08-14T10:45:00+0200,84.833333,MW,DK2,DK_2,forecast_onshore_wind_generation,Wind Onshore,2026-08-21T09:08:16Z
2026-08-21T08:53:57Z,2026-08-21T10:53:57+0200,5d6f4db6-a0f2-490a-bd97-b2641f9198d5,2026-08-14T09:00:00Z,2026-08-14T11:00:00+0200,84.5,MW,DK2,DK_2,forecast_onshore_wind_generation,Wind Onshore,2026-08-21T09:08:16Z
2026-08-21T08:53:57Z,2026-08-21T10:53:57+0200,5d6f4db6-a0f2-490a-bd97-b2641f9198d5,2026-08-14T09:15:00Z,2026-08-14T11:15:00+0200,87.0,MW,DK2,DK_2,forecast_onshore_wind_generation,Wind Onshore,2026-08-21T09:08:16Z
2026-08-21T08:53:57Z,2026-08-21T10:53:57+0200,5d6f4db6-a0f2-490a-bd97-b2641f9198d5,2026-08-14T09:30:00Z,2026-08-14T11:30:00+0200,92.0,MW,DK2,DK_2,forecast_onshore_wind_generation,Wind Onshore,2026-08-21T09:08:16Z
2026-08-21T08:53:57Z,2026-08-21T10:53:57+0200,5d6f4db6-a0f2-490a-bd97-b2641f9198d5,2026-08-14T09:45:00Z,2026-08-14T11:45:00+0200,99.5,MW,DK2,DK_2,forecast_onshore_wind_generation,Wind Onshore,2026-08-21T09:08:16Z
2026-08-21T08:53:57Z,2026-08-21T10:53:57+0200,5d6f4db6-a0f2-490a-bd97-b2641f9198d5,2026-08-14T10:00:00Z,2026-08-14T12:00:00+0200,108.166666,MW,DK2,DK_2,forecast_onshore_wind_generation,Wind Onshore,2026-08-21T09:08:16Z
2026-08-21T08:53:57Z,2026-08-21T10:53:57+0200,5d6f4db6-a0f2-490a-bd97-b2641f9198d5,2026-08-14T10:15:00Z,2026-08-14T12:15:00+0200,113.333333,MW,DK2,DK_2,forecast_onshore_wind_generation,Wind Onshore,2026-08-21T09:08:16Z
2026-08-21T08:53:57Z,2026-08-21T10:53:57+0200,5d6f4db6-a0f2-490a-bd97-b2641f9198d5,2026-08-14T10:30:00Z,2026-08-14T12:30:00+0200,116.833333,MW,DK2,DK_2,forecast_onshore_wind_generation,Wind Onshore,2026-08-21T09:08:16Z
2026-08-21T08:53:57Z,2026-08-21T10:53:57+0200,5d6f4db6-a0f2-490a-bd97-b2641f9198d5,2026-08-14T10:45:00Z,2026-08-14T12:45:00+0200,118.0,MW,DK2,DK_2,forecast_onshore_wind_generation,Wind Onshore,2026-08-21T09:08:16Z
2026-08-21T08:53:57Z,2026-08-21T10:53:57+0200,5d6f4db6-a0f2-490a-bd97-b2641f9198d5,2026-08-14T11:00:00Z,2026-08-14T13:00:00+0200,119.666666,MW,DK2,DK_2,forecast_onshore_wind_generation,Wind Onshore,2026-08-21T09:08:16Z
2026-08-21T08:53:57Z,2026-08-21T10:53:57+0200,5d6f4db6-a0f2-490a-bd97-b2641f9198d5,2026-08-14T11:15:00Z,2026-08-14T13:15:00+0200,124.166666,MW,DK2,DK_2,forecast_onshore_wind_generation,Wind Onshore,2026-08-21T09:08:16Z
2026-08-21T08:53:57Z,2026-08-21T10:53:57+0200,5d6f4db6-a0f2-490a-bd97-b2641f9198d5,2026-08-14T11:30:00Z,2026-08-14T13:30:00+0200,128.833333,MW,DK2,DK_2,forecast_onshore_wind_generation,Wind Onshore,2026-08-21T09:08:16Z
2026-08-21T08:53:57Z,2026-08-21T10:53:57+0200,5d6f4db6-a0f2-490a-bd97-b2641f9198d5,2026-08-14T11:45:00Z,2026-08-14T13:45:00+0200,129.833333,MW,DK2,DK_2,forecast_onshore_wind_generation,Wind Onshore,2026-08-21T09:08:16Z
2026-08-21T08:53:57Z,2026-08-21T10:53:57+0200,5d6f4db6-a0f2-490a-bd97-b2641f9198d5,2026-08-14T12:00:00Z,2026-08-14T14:00:00+0200,128.333333,MW,DK2,DK_2,forecast_onshore_wind_generation,Wind Onshore,2026-08-21T09:08:16Z
2026-08-21T08:53:57Z,2026-08-21T10:53:57+0200,5d6f4db6-a0f2-490a-bd97-b2641f9198d5,2026-08-14T12:15:00Z,2026-08-14T14:15:00+0200,126.5,MW,DK2,DK_2,forecast_onshore_wind_generation,Wind Onshore,2026-08-21T09:08:16Z
2026-08-21T08:53:57Z,2026-08-21T10:53:57+0200,5d6f4db6-a0f2-490a-bd97-b2641f9198d5,2026-08-14T12:30:00Z,2026-08-14T14:30:00+0200,124.833333,MW,DK2,DK_2,forecast_onshore_wind_generation,Wind Onshore,2026-08-21T09:08:16Z
2026-08-21T08:53:57Z,2026-08-21T10:53:57+0200,5d6f4db6-a0f2-490a-bd97-b2641f9198d5,2026-08-14T12:45:00Z,2026-08-14T14:45:00+0200,122.0,MW,DK2,DK_2,forecast_onshore_wind_generation,Wind Onshore,2026-08-21T09:08:16Z
2026-08-21T08:53:57Z,2026-08-21T10:53:57+0200,5d6f4db6-a0f2-490a-bd97-b2641f9198d5,2026-08-14T13:00:00Z,2026-08-14T15:00:00+0200,120.833333,MW,DK2,DK_2,forecast_onshore_wind_generation,Wind Onshore,2026-08-21T09:08:16Z
2026-08-21T08:53:57Z,2026-08-21T10:53:57+0200,5d6f4db6-a0f2-490a-bd97-b2641f9198d5,2026-08-14T13:15:00Z,2026-08-14T15:15:00+0200,119.0,MW,DK2,DK_2,forecast_onshore_wind_generation,Wind Onshore,2026-08-21T09:08:16Z
2026-08-21T08:53:57Z,2026-08-21T10:53:57+0200,5d6f4db6-a0f2-490a-bd97-b2641f9198d5,2026-08-14T13:30:00Z,2026-08-14T15:30:00+0200,117.166666,MW,DK2,DK_2,forecast_onshore_wind_generation,Wind Onshore,2026-08-21T09:08:16Z
2026-08-21T08:53:57Z,2026-08-21T10:53:57+0200,5d6f4db6-a0f2-490a-bd97-b2641f9198d5,2026-08-14T13:45:00Z,2026-08-14T15:45:00+0200,116.0,MW,DK2,DK_2,forecast_onshore_wind_generation,Wind Onshore,2026-08-21T09:08:16Z
2026-08-21T08:53:57Z,2026-08-21T10:53:57+0200,5d6f4db6-a0f2-490a-bd97-b2641f9198d5,2026-08-14T14:00:00Z,2026-08-14T16:00:00+0200,114.333333,MW,DK2,DK_2,forecast_onshore_wind_generation,Wind Onshore,2026-08-21T09:08:16Z
2026-08-21T08:53:57Z,2026-08-21T10:53:57+0200,5d6f4db6-a0f2-490a-bd97-b2641f9198d5,2026-08-14T14:15:00Z,2026-08-14T16:15:00+0200,112.333333,MW,DK2,DK_2,forecast_onshore_wind_generation,Wind Onshore,2026-08-21T09:08:16Z
2026-08-21T08:53:57Z,2026-08-21T10:53:57+0200,5d6f4db6-a0f2-490a-bd97-b2641f9198d5,2026-08-14T14:30:00Z,2026-08-14T16:30:00+0200,109.5,MW,DK2,DK_2,forecast_onshore_wind_generation,Wind Onshore,2026-08-21T09:08:16Z
2026-08-21T08:53:57Z,2026-08-21T10:53:57+0200,5d6f4db6-a0f2-490a-bd97-b2641f9198d5,2026-08-14T14:45:00Z,2026-08-14T16:45:00+0200,106.5,MW,DK2,DK_2,forecast_onshore_wind_generation,Wind Onshore,2026-08-21T09:08:16Z
2026-08-21T08:53:57Z,2026-08-21T10:53:57+0200,5d6f4db6-a0f2-490a-bd97-b2641f9198d5,2026-08-14T15:00:00Z,2026-08-14T17:00:00+0200,104.333333,MW,DK2,DK_2,forecast_onshore_wind_generation,Wind Onshore,2026-08-21T09:08:16Z
2026-08-21T08:53:57Z,2026-08-21T10:53:57+0200,5d6f4db6-a0f2-490a-bd97-b2641f9198d5,2026-08-14T15:15:00Z,2026-08-14T17:15:00+0200,100.5,MW,DK2,DK_2,forecast_onshore_wind_generation,Wind Onshore,2026-08-21T09:08:16Z
2026-08-21T08:53:57Z,2026-08-21T10:53:57+0200,5d6f4db6-a0f2-490a-bd97-b2641f9198d5,2026-08-14T15:30:00Z,2026-08-14T17:30:00+0200,96.5,MW,DK2,DK_2,forecast_onshore_wind_generation,Wind Onshore,2026-08-21T09:08:16Z
2026-08-21T08:53:57Z,2026-08-21T10:53:57+0200,5d6f4db6-a0f2-490a-bd97-b2641f9198d5,2026-08-14T15:45:00Z,2026-08-14T17:45:00+0200,94.333333,MW,DK2,DK_2,forecast_onshore_wind_generation,Wind Onshore,2026-08-21T09:08:16Z
2026-08-21T08:53:57Z,2026-08-21T10:53:57+0200,5d6f4db6-a0f2-490a-bd97-b2641f9198d5,2026-08-14T16:00:00Z,2026-08-14T18:00:00+0200,91.333333,MW,DK2,DK_2,forecast_onshore_wind_generation,Wind Onshore,2026-08-21T09:08:16Z
2026-08-21T08:53:57Z,2026-08-21T10:53:57+0200,5d6f4db6-a0f2-490a-bd97-b2641f9198d5,2026-08-14T16:15:00Z,2026-08-14T18:15:00+0200,86.0,MW,DK2,DK_2,forecast_onshore_wind_generation,Wind Onshore,2026-08-21T09:08:16Z
2026-08-21T08:53:57Z,2026-08-21T10:53:57+0200,5d6f4db6-a0f2-490a-bd97-b2641f9198d5,2026-08-14T16:30:00Z,2026-08-14T18:30:00+0200,80.0,MW,DK2,DK_2,forecast_onshore_wind_generation,Wind Onshore,2026-08-21T09:08:16Z
2026-08-21T08:53:57Z,2026-08-21T10:53:57+0200,5d6f4db6-a0f2-490a-bd97-b2641f9198d5,2026-08-14T16:45:00Z,2026-08-14T18:45:00+0200,74.166666,MW,DK2,DK_2,forecast_onshore_wind_generation,Wind Onshore,2026-08-21T09:08:16Z
2026-08-21T08:53:57Z,2026-08-21T10:53:57+0200,5d6f4db6-a0f2-490a-bd97-b2641f9198d5,2026-08-14T17:00:00Z,2026-08-14T19:00:00+0200,69.0,MW,DK2,DK_2,forecast_onshore_wind_generation,Wind Onshore,2026-08-21T09:08:16Z
2026-08-21T08:53:57Z,2026-08-21T10:53:57+0200,5d6f4db6-a0f2-490a-bd97-b2641f9198d5,2026-08-14T17:15:00Z,2026-08-14T19:15:00+0200,63.833333,MW,DK2,DK_2,forecast_onshore_wind_generation,Wind Onshore,2026-08-21T09:08:16Z
2026-08-21T08:53:57Z,2026-08-21T10:53:57+0200,5d6f4db6-a0f2-490a-bd97-b2641f9198d5,2026-08-14T17:30:00Z,2026-08-14T19:30:00+0200,59.5,MW,DK2,DK_2,forecast_onshore_wind_generation,Wind Onshore,2026-08-21T09:08:16Z
2026-08-21T08:53:57Z,2026-08-21T10:53:57+0200,5d6f4db6-a0f2-490a-bd97-b2641f9198d5,2026-08-14T17:45:00Z,2026-08-14T19:45:00+0200,57.166666,MW,DK2,DK_2,forecast_onshore_wind_generation,Wind Onshore,2026-08-21T09:08:16Z
2026-08-21T08:53:57Z,2026-08-21T10:53:57+0200,5d6f4db6-a0f2-490a-bd97-b2641f9198d5,2026-08-14T18:00:00Z,2026-08-14T20:00:00+0200,58.0,MW,DK2,DK_2,forecast_onshore_wind_generation,Wind Onshore,2026-08-21T09:08:16Z
2026-08-21T08:53:57Z,2026-08-21T10:53:57+0200,5d6f4db6-a0f2-490a-bd97-b2641f9198d5,2026-08-14T18:15:00Z,2026-08-14T20:15:00+0200,61.166666,MW,DK2,DK_2,forecast_onshore_wind_generation,Wind Onshore,2026-08-21T09:08:16Z
2026-08-21T08:53:57Z,2026-08-21T10:53:57+0200,5d6f4db6-a0f2-490a-bd97-b2641f9198d5,2026-08-14T18:30:00Z,2026-08-14T20:30:00+0200,66.833333,MW,DK2,DK_2,forecast_onshore_wind_generation,Wind Onshore,2026-08-21T09:08:16Z
2026-08-21T08:53:57Z,2026-08-21T10:53:57+0200,5d6f4db6-a0f2-490a-bd97-b2641f9198d5,2026-08-14T18:45:00Z,2026-08-14T20:45:00+0200,71.0,MW,DK2,DK_2,forecast_onshore_wind_generation,Wind Onshore,2026-08-21T09:08:16Z
2026-08-21T08:53:57Z,2026-08-21T10:53:57+0200,5d6f4db6-a0f2-490a-bd97-b2641f9198d5,2026-08-14T19:00:00Z,2026-08-14T21:00:00+0200,75.5,MW,DK2,DK_2,forecast_onshore_wind_generation,Wind Onshore,2026-08-21T09:08:16Z
2026-08-21T08:53:57Z,2026-08-21T10:53:57+0200,5d6f4db6-a0f2-490a-bd97-b2641f9198d5,2026-08-14T19:15:00Z,2026-08-14T21:15:00+0200,80.0,MW,DK2,DK_2,forecast_onshore_wind_generation,Wind Onshore,2026-08-21T09:08:16Z
2026-08-21T08:53:57Z,2026-08-21T10:53:57+0200,5d6f4db6-a0f2-490a-bd97-b2641f9198d5,2026-08-14T19:30:00Z,2026-08-14T21:30:00+0200,85.833333,MW,DK2,DK_2,forecast_onshore_wind_generation,Wind Onshore,2026-08-21T09:08:16Z
2026-08-21T08:53:57Z,2026-08-21T10:53:57+0200,5d6f4db6-a0f2-490a-bd97-b2641f9198d5,2026-08-14T19:45:00Z,2026-08-14T21:45:00+0200,93.0,MW,DK2,DK_2,forecast_onshore_wind_generation,Wind Onshore,2026-08-21T09:08:16Z
2026-08-21T08:53:57Z,2026-08-21T10:53:57+0200,5d6f4db6-a0f2-490a-bd97-b2641f9198d5,2026-08-14T20:00:00Z,2026-08-14T22:00:00+0200,101.0,MW,DK2,DK_2,forecast_onshore_wind_generation,Wind Onshore,2026-08-21T09:08:16Z
2026-08-21T08:53:57Z,2026-08-21T10:53:57+0200,5d6f4db6-a0f2-490a-bd97-b2641f9198d5,2026-08-14T20:15:00Z,2026-08-14T22:15:00+0200,108.0,MW,DK2,DK_2,forecast_onshore_wind_generation,Wind Onshore,2026-08-21T09:08:16Z
2026-08-21T08:53:57Z,2026-08-21T10:53:57+0200,5d6f4db6-a0f2-490a-bd97-b2641f9198d5,2026-08-14T20:30:00Z,2026-08-14T22:30:00+0200,114.833333,MW,DK2,DK_2,forecast_onshore_wind_generation,Wind Onshore,2026-08-21T09:08:16Z
2026-08-21T08:53:57Z,2026-08-21T10:53:57+0200,5d6f4db6-a0f2-490a-bd97-b2641f9198d5,2026-08-14T20:45:00Z,2026-08-14T22:45:00+0200,120.833333,MW,DK2,DK_2,forecast_onshore_wind_generation,Wind Onshore,2026-08-21T09:08:16Z
2026-08-21T08:53:57Z,2026-08-21T10:53:57+0200,5d6f4db6-a0f2-490a-bd97-b2641f9198d5,2026-08-14T21:00:00Z,2026-08-14T23:00:00+0200,125.333333,MW,DK2,DK_2,forecast_onshore_wind_generation,Wind Onshore,2026-08-21T09:08:16Z
2026-08-21T08:53:57Z,2026-08-21T10:53:57+0200,5d6f4db6-a0f2-490a-bd97-b2641f9198d5,2026-08-14T21:15:00Z,2026-08-14T23:15:00+0200,128.5,MW,DK2,DK_2,forecast_onshore_wind_generation,Wind Onshore,2026-08-21T09:08:16Z
2026-08-21T08:53:57Z,2026-08-21T10:53:57+0200,5d6f4db6-a0f2-490a-bd97-b2641f9198d5,2026-08-14T21:30:00Z,2026-08-14T23:30:00+0200,131.5,MW,DK2,DK_2,forecast_onshore_wind_generation,Wind Onshore,2026-08-21T09:08:16Z
2026-08-21T08:53:57Z,2026-08-21T10:53:57+0200,5d6f4db6-a0f2-490a-bd97-b2641f9198d5,2026-08-14T21:45:00Z,2026-08-14T23:45:00+0200,134.5,MW,DK2,DK_2,forecast_onshore_wind_generation,Wind Onshore,2026-08-21T09:08:16Z
2026-08-21T08:53:57Z,2026-08-21T10:53:57+0200,5d6f4db6-a0f2-490a-bd97-b2641f9198d5,2026-08-14T22:00:00Z,2026-08-15T00:00:00+0200,157.833333,MW,DK2,DK_2,forecast_onshore_wind_generation,Wind Onshore,2026-08-21T09:08:16Z
2026-08-21T08:53:57Z,2026-08-21T10:53:57+0200,5d6f4db6-a0f2-490a-bd97-b2641f9198d5,2026-08-14T22:15:00Z,2026-08-15T00:15:00+0200,149.166666,MW,DK2,DK_2,forecast_onshore_wind_generation,Wind Onshore,2026-08-21T09:08:16Z
2026-08-21T08:53:57Z,2026-08-21T10:53:57+0200,5d6f4db6-a0f2-490a-bd97-b2641f9198d5,2026-08-14T22:30:00Z,2026-08-15T00:30:00+0200,143.666666,MW,DK2,DK_2,forecast_onshore_wind_generation,Wind Onshore,2026-08-21T09:08:16Z
2026-08-21T08:53:57Z,2026-08-21T10:53:57+0200,5d6f4db6-a0f2-490a-bd97-b2641f9198d5,2026-08-14T22:45:00Z,2026-08-15T00:45:00+0200,140.5,MW,DK2,DK_2,forecast_onshore_wind_generation,Wind Onshore,2026-08-21T09:08:16Z
2026-08-21T08:53:57Z,2026-08-21T10:53:57+0200,5d6f4db6-a0f2-490a-bd97-b2641f9198d5,2026-08-14T23:00:00Z,2026-08-15T01:00:00+0200,137.333333,MW,DK2,DK_2,forecast_onshore_wind_generation,Wind Onshore,2026-08-21T09:08:16Z
2026-08-21T08:53:57Z,2026-08-21T10:53:57+0200,5d6f4db6-a0f2-490a-bd97-b2641f9198d5,2026-08-14T23:15:00Z,2026-08-15T01:15:00+0200,132.166666,MW,DK2,DK_2,forecast_onshore_wind_generation,Wind Onshore,2026-08-21T09:08:16Z
2026-08-21T08:53:57Z,2026-08-21T10:53:57+0200,5d6f4db6-a0f2-490a-bd97-b2641f9198d5,2026-08-14T23:30:00Z,2026-08-15T01:30:00+0200,127.166666,MW,DK2,DK_2,forecast_onshore_wind_generation,Wind Onshore,2026-08-21T09:08:16Z
2026-08-21T08:53:57Z,2026-08-21T10:53:57+0200,5d6f4db6-a0f2-490a-bd97-b2641f9198d5,2026-08-14T23:45:00Z,2026-08-15T01:45:00+0200,123.5,MW,DK2,DK_2,forecast_onshore_wind_generation,Wind Onshore,2026-08-21T09:08:16Z
2026-08-21T08:53:57Z,2026-08-21T10:53:57+0200,5d6f4db6-a0f2-490a-bd97-b2641f9198d5,2026-08-15T00:00:00Z,2026-08-15T02:00:00+0200,119.0,MW,DK2,DK_2,forecast_onshore_wind_generation,Wind Onshore,2026-08-21T09:08:16Z
2026-08-21T08:53:57Z,2026-08-21T10:53:57+0200,5d6f4db6-a0f2-490a-bd97-b2641f9198d5,2026-08-15T00:15:00Z,2026-08-15T02:15:00+0200,112.5,MW,DK2,DK_2,forecast_onshore_wind_generation,Wind Onshore,2026-08-21T09:08:16Z
2026-08-21T08:53:57Z,2026-08-21T10:53:57+0200,5d6f4db6-a0f2-490a-bd97-b2641f9198d5,2026-08-15T00:30:00Z,2026-08-15T02:30:00+0200,106.0,MW,DK2,DK_2,forecast_onshore_wind_generation,Wind Onshore,2026-08-21T09:08:16Z
2026-08-21T08:53:57Z,2026-08-21T10:53:57+0200,5d6f4db6-a0f2-490a-bd97-b2641f9198d5,2026-08-15T00:45:00Z,2026-08-15T02:45:00+0200,100.166666,MW,DK2,DK_2,forecast_onshore_wind_generation,Wind Onshore,2026-08-21T09:08:16Z
2026-08-21T08:53:57Z,2026-08-21T10:53:57+0200,5d6f4db6-a0f2-490a-bd97-b2641f9198d5,2026-08-15T01:00:00Z,2026-08-15T03:00:00+0200,97.0,MW,DK2,DK_2,forecast_onshore_wind_generation,Wind Onshore,2026-08-21T09:08:16Z
2026-08-21T08:53:57Z,2026-08-21T10:53:57+0200,5d6f4db6-a0f2-490a-bd97-b2641f9198d5,2026-08-15T01:15:00Z,2026-08-15T03:15:00+0200,96.0,MW,DK2,DK_2,forecast_onshore_wind_generation,Wind Onshore,2026-08-21T09:08:16Z
2026-08-21T08:53:57Z,2026-08-21T10:53:57+0200,5d6f4db6-a0f2-490a-bd97-b2641f9198d5,2026-08-15T01:30:00Z,2026-08-15T03:30:00+0200,96.0,MW,DK2,DK_2,forecast_onshore_wind_generation,Wind Onshore,2026-08-21T09:08:16Z
2026-08-21T08:53:57Z,2026-08-21T10:53:57+0200,5d6f4db6-a0f2-490a-bd97-b2641f9198d5,2026-08-15T01:45:00Z,2026-08-15T03:45:00+0200,94.333333,MW,DK2,DK_2,forecast_onshore_wind_generation,Wind Onshore,2026-08-21T09:08:16Z
2026-08-21T08:53:57Z,2026-08-21T10:53:57+0200,5d6f4db6-a0f2-490a-bd97-b2641f9198d5,2026-08-15T02:00:00Z,2026-08-15T04:00:00+0200,89.833333,MW,DK2,DK_2,forecast_onshore_wind_generation,Wind Onshore,2026-08-21T09:08:16Z
2026-08-21T08:53:57Z,2026-08-21T10:53:57+0200,5d6f4db6-a0f2-490a-bd97-b2641f9198d5,2026-08-15T02:15:00Z,2026-08-15T04:15:00+0200,85.0,MW,DK2,DK_2,forecast_onshore_wind_generation,Wind Onshore,2026-08-21T09:08:16Z
2026-08-21T08:53:57Z,2026-08-21T10:53:57+0200,5d6f4db6-a0f2-490a-bd97-b2641f9198d5,2026-08-15T02:30:00Z,2026-08-15T04:30:00+0200,80.5,MW,DK2,DK_2,forecast_onshore_wind_generation,Wind Onshore,2026-08-21T09:08:16Z
2026-08-21T08:53:57Z,2026-08-21T10:53:57+0200,5d6f4db6-a0f2-490a-bd97-b2641f9198d5,2026-08-15T02:45:00Z,2026-08-15T04:45:00+0200,74.166666,MW,DK2,DK_2,forecast_onshore_wind_generation,Wind Onshore,2026-08-21T09:08:16Z
2026-08-21T08:53:57Z,2026-08-21T10:53:57+0200,5d6f4db6-a0f2-490a-bd97-b2641f9198d5,2026-08-15T03:00:00Z,2026-08-15T05:00:00+0200,68.0,MW,DK2,DK_2,forecast_onshore_wind_generation,Wind Onshore,2026-08-21T09:08:16Z
2026-08-21T08:53:57Z,2026-08-21T10:53:57+0200,5d6f4db6-a0f2-490a-bd97-b2641f9198d5,2026-08-15T03:15:00Z,2026-08-15T05:15:00+0200,62.666666,MW,DK2,DK_2,forecast_onshore_wind_generation,Wind Onshore,2026-08-21T09:08:16Z
2026-08-21T08:53:57Z,2026-08-21T10:53:57+0200,5d6f4db6-a0f2-490a-bd97-b2641f9198d5,2026-08-15T03:30:00Z,2026-08-15T05:30:00+0200,58.666666,MW,DK2,DK_2,forecast_onshore_wind_generation,Wind Onshore,2026-08-21T09:08:16Z
2026-08-21T08:53:57Z,2026-08-21T10:53:57+0200,5d6f4db6-a0f2-490a-bd97-b2641f9198d5,2026-08-15T03:45:00Z,2026-08-15T05:45:00+0200,56.0,MW,DK2,DK_2,forecast_onshore_wind_generation,Wind Onshore,2026-08-21T09:08:16Z
2026-08-21T08:53:57Z,2026-08-21T10:53:57+0200,5d6f4db6-a0f2-490a-bd97-b2641f9198d5,2026-08-15T04:00:00Z,2026-08-15T06:00:00+0200,54.5,MW,DK2,DK_2,forecast_onshore_wind_generation,Wind Onshore,2026-08-21T09:08:16Z
2026-08-21T08:53:57Z,2026-08-21T10:53:57+0200,5d6f4db6-a0f2-490a-bd97-b2641f9198d5,2026-08-15T04:15:00Z,2026-08-15T06:15:00+0200,53.5,MW,DK2,DK_2,forecast_onshore_wind_generation,Wind Onshore,2026-08-21T09:08:16Z
2026-08-21T08:53:57Z,2026-08-21T10:53:57+0200,5d6f4db6-a0f2-490a-bd97-b2641f9198d5,2026-08-15T04:30:00Z,2026-08-15T06:30:00+0200,52.5,MW,DK2,DK_2,forecast_onshore_wind_generation,Wind Onshore,2026-08-21T09:08:16Z
2026-08-21T08:53:57Z,2026-08-21T10:53:57+0200,5d6f4db6-a0f2-490a-bd97-b2641f9198d5,2026-08-15T04:45:00Z,2026-08-15T06:45:00+0200,51.0,MW,DK2,DK_2,forecast_onshore_wind_generation,Wind Onshore,2026-08-21T09:08:16Z
2026-08-21T08:53:57Z,2026-08-21T10:53:57+0200,5d6f4db6-a0f2-490a-bd97-b2641f9198d5,2026-08-15T05:00:00Z,2026-08-15T07:00:00+0200,49.5,MW,DK2,DK_2,forecast_onshore_wind_generation,Wind Onshore,2026-08-21T09:08:16Z
2026-08-21T08:53:57Z,2026-08-21T10:53:57+0200,5d6f4db6-a0f2-490a-bd97-b2641f9198d5,2026-08-15T05:15:00Z,2026-08-15T07:15:00+0200,49.166666,MW,DK2,DK_2,forecast_onshore_wind_generation,Wind Onshore,2026-08-21T09:08:16Z
2026-08-21T08:53:57Z,2026-08-21T10:53:57+0200,5d6f4db6-a0f2-490a-bd97-b2641f9198d5,2026-08-15T05:30:00Z,2026-08-15T07:30:00+0200,49.833333,MW,DK2,DK_2,forecast_onshore_wind_generation,Wind Onshore,2026-08-21T09:08:16Z
2026-08-21T08:53:57Z,2026-08-21T10:53:57+0200,5d6f4db6-a0f2-490a-bd97-b2641f9198d5,2026-08-15T05:45:00Z,2026-08-15T07:45:00+0200,48.833333,MW,DK2,DK_2,forecast_onshore_wind_generation,Wind Onshore,2026-08-21T09:08:16Z
2026-08-21T08:53:57Z,2026-08-21T10:53:57+0200,5d6f4db6-a0f2-490a-bd97-b2641f9198d5,2026-08-15T06:00:00Z,2026-08-15T08:00:00+0200,47.333333,MW,DK2,DK_2,forecast_onshore_wind_generation,Wind Onshore,2026-08-21T09:08:16Z
2026-08-21T08:53:57Z,2026-08-21T10:53:57+0200,5d6f4db6-a0f2-490a-bd97-b2641f9198d5,2026-08-15T06:15:00Z,2026-08-15T08:15:00+0200,44.666666,MW,DK2,DK_2,forecast_onshore_wind_generation,Wind Onshore,2026-08-21T09:08:16Z
2026-08-21T08:53:57Z,2026-08-21T10:53:57+0200,5d6f4db6-a0f2-490a-bd97-b2641f9198d5,2026-08-15T06:30:00Z,2026-08-15T08:30:00+0200,44.0,MW,DK2,DK_2,forecast_onshore_wind_generation,Wind Onshore,2026-08-21T09:08:16Z
2026-08-21T08:53:57Z,2026-08-21T10:53:57+0200,5d6f4db6-a0f2-490a-bd97-b2641f9198d5,2026-08-15T06:45:00Z,2026-08-15T08:45:00+0200,44.666666,MW,DK2,DK_2,forecast_onshore_wind_generation,Wind Onshore,2026-08-21T09:08:16Z
2026-08-21T08:53:57Z,2026-08-21T10:53:57+0200,5d6f4db6-a0f2-490a-bd97-b2641f9198d5,2026-08-15T07:00:00Z,2026-08-15T09:00:00+0200,47.0,MW,DK2,DK_2,forecast_onshore_wind_generation,Wind Onshore,2026-08-21T09:08:16Z
2026-08-21T08:53:57Z,2026-08-21T10:53:57+0200,5d6f4db6-a0f2-490a-bd97-b2641f9198d5,2026-08-15T07:15:00Z,2026-08-15T09:15:00+0200,48.166666,MW,DK2,DK_2,forecast_onshore_wind_generation,Wind Onshore,2026-08-21T09:08:16Z
2026-08-21T08:53:57Z,2026-08-21T10:53:57+0200,5d6f4db6-a0f2-490a-bd97-b2641f9198d5,2026-08-15T07:30:00Z,2026-08-15T09:30:00+0200,49.166666,MW,DK2,DK_2,forecast_onshore_wind_generation,Wind Onshore,2026-08-21T09:08:16Z
2026-08-21T08:53:57Z,2026-08-21T10:53:57+0200,5d6f4db6-a0f2-490a-bd97-b2641f9198d5,2026-08-15T07:45:00Z,2026-08-15T09:45:00+0200,50.666666,MW,DK2,DK_2,forecast_onshore_wind_generation,Wind Onshore,2026-08-21T09:08:16Z
2026-08-21T08:53:57Z,2026-08-21T10:53:57+0200,5d6f4db6-a0f2-490a-bd97-b2641f9198d5,2026-08-15T08:00:00Z,2026-08-15T10:00:00+0200,53.666666,MW,DK2,DK_2,forecast_onshore_wind_generation,Wind Onshore,2026-08-21T09:08:16Z
2026-08-21T08:53:57Z,2026-08-21T10:53:57+0200,5d6f4db6-a0f2-490a-bd97-b2641f9198d5,2026-08-15T08:15:00Z,2026-08-15T10:15:00+0200,57.5,MW,DK2,DK_2,forecast_onshore_wind_generation,Wind Onshore,2026-08-21T09:08:16Z
2026-08-21T08:53:57Z,2026-08-21T10:53:57+0200,5d6f4db6-a0f2-490a-bd97-b2641f9198d5,2026-08-15T08:30:00Z,2026-08-15T10:30:00+0200,60.666666,MW,DK2,DK_2,forecast_onshore_wind_generation,Wind Onshore,2026-08-21T09:08:16Z
2026-08-21T08:53:57Z,2026-08-21T10:53:57+0200,5d6f4db6-a0f2-490a-bd97-b2641f9198d5,2026-08-15T08:45:00Z,2026-08-15T10:45:00+0200,65.5,MW,DK2,DK_2,forecast_onshore_wind_generation,Wind Onshore,2026-08-21T09:08:16Z
2026-08-21T08:53:57Z,2026-08-21T10:53:57+0200,5d6f4db6-a0f2-490a-bd97-b2641f9198d5,2026-08-15T09:00:00Z,2026-08-15T11:00:00+0200,70.166666,MW,DK2,DK_2,forecast_onshore_wind_generation,Wind Onshore,2026-08-21T09:08:16Z
2026-08-21T08:53:57Z,2026-08-21T10:53:57+0200,5d6f4db6-a0f2-490a-bd97-b2641f9198d5,2026-08-15T09:15:00Z,2026-08-15T11:15:00+0200,74.666666,MW,DK2,DK_2,forecast_onshore_wind_generation,Wind Onshore,2026-08-21T09:08:16Z
2026-08-21T08:53:57Z,2026-08-21T10:53:57+0200,5d6f4db6-a0f2-490a-bd97-b2641f9198d5,2026-08-15T09:30:00Z,2026-08-15T11:30:00+0200,78.666666,MW,DK2,DK_2,forecast_onshore_wind_generation,Wind Onshore,2026-08-21T09:08:16Z
2026-08-21T08:53:57Z,2026-08-21T10:53:57+0200,5d6f4db6-a0f2-490a-bd97-b2641f9198d5,2026-08-15T09:45:00Z,2026-08-15T11:45:00+0200,82.0,MW,DK2,DK_2,forecast_onshore_wind_generation,Wind Onshore,2026-08-21T09:08:16Z
2026-08-21T08:53:57Z,2026-08-21T10:53:57+0200,5d6f4db6-a0f2-490a-bd97-b2641f9198d5,2026-08-15T10:00:00Z,2026-08-15T12:00:00+0200,86.0,MW,DK2,DK_2,forecast_onshore_wind_generation,Wind Onshore,2026-08-21T09:08:16Z
2026-08-21T08:53:57Z,2026-08-21T10:53:57+0200,5d6f4db6-a0f2-490a-bd97-b2641f9198d5,2026-08-15T10:15:00Z,2026-08-15T12:15:00+0200,93.333333,MW,DK2,DK_2,forecast_onshore_wind_generation,Wind Onshore,2026-08-21T09:08:16Z
2026-08-21T08:53:57Z,2026-08-21T10:53:57+0200,5d6f4db6-a0f2-490a-bd97-b2641f9198d5,2026-08-15T10:30:00Z,2026-08-15T12:30:00+0200,101.5,MW,DK2,DK_2,forecast_onshore_wind_generation,Wind Onshore,2026-08-21T09:08:16Z
2026-08-21T08:53:57Z,2026-08-21T10:53:57+0200,5d6f4db6-a0f2-490a-bd97-b2641f9198d5,2026-08-15T10:45:00Z,2026-08-15T12:45:00+0200,110.333333,MW,DK2,DK_2,forecast_onshore_wind_generation,Wind Onshore,2026-08-21T09:08:16Z
2026-08-21T08:53:57Z,2026-08-21T10:53:57+0200,5d6f4db6-a0f2-490a-bd97-b2641f9198d5,2026-08-15T11:00:00Z,2026-08-15T13:00:00+0200,117.0,MW,DK2,DK_2,forecast_onshore_wind_generation,Wind Onshore,2026-08-21T09:08:16Z
2026-08-21T08:53:57Z,2026-08-21T10:53:57+0200,5d6f4db6-a0f2-490a-bd97-b2641f9198d5,2026-08-15T11:15:00Z,2026-08-15T13:15:00+0200,121.333333,MW,DK2,DK_2,forecast_onshore_wind_generation,Wind Onshore,2026-08-21T09:08:16Z
2026-08-21T08:53:57Z,2026-08-21T10:53:57+0200,5d6f4db6-a0f2-490a-bd97-b2641f9198d5,2026-08-15T11:30:00Z,2026-08-15T13:30:00+0200,118.833333,MW,DK2,DK_2,forecast_onshore_wind_generation,Wind Onshore,2026-08-21T09:08:16Z
2026-08-21T08:53:57Z,2026-08-21T10:53:57+0200,5d6f4db6-a0f2-490a-bd97-b2641f9198d5,2026-08-15T11:45:00Z,2026-08-15T13:45:00+0200,121.166666,MW,DK2,DK_2,forecast_onshore_wind_generation,Wind Onshore,2026-08-21T09:08:16Z
2026-08-21T08:53:57Z,2026-08-21T10:53:57+0200,5d6f4db6-a0f2-490a-bd97-b2641f9198d5,2026-08-15T12:00:00Z,2026-08-15T14:00:00+0200,134.166666,MW,DK2,DK_2,forecast_onshore_wind_generation,Wind Onshore,2026-08-21T09:08:16Z
2026-08-21T08:53:57Z,2026-08-21T10:53:57+0200,5d6f4db6-a0f2-490a-bd97-b2641f9198d5,2026-08-15T12:15:00Z,2026-08-15T14:15:00+0200,132.166666,MW,DK2,DK_2,forecast_onshore_wind_generation,Wind Onshore,2026-08-21T09:08:16Z
2026-08-21T08:53:57Z,2026-08-21T10:53:57+0200,5d6f4db6-a0f2-490a-bd97-b2641f9198d5,2026-08-15T12:30:00Z,2026-08-15T14:30:00+0200,134.166666,MW,DK2,DK_2,forecast_onshore_wind_generation,Wind Onshore,2026-08-21T09:08:16Z
2026-08-21T08:53:57Z,2026-08-21T10:53:57+0200,5d6f4db6-a0f2-490a-bd97-b2641f9198d5,2026-08-15T12:45:00Z,2026-08-15T14:45:00+0200,146.5,MW,DK2,DK_2,forecast_onshore_wind_generation,Wind Onshore,2026-08-21T09:08:16Z
2026-08-21T08:53:57Z,2026-08-21T10:53:57+0200,5d6f4db6-a0f2-490a-bd97-b2641f9198d5,2026-08-15T13:00:00Z,2026-08-15T15:00:00+0200,151.0,MW,DK2,DK_2,forecast_onshore_wind_generation,Wind Onshore,2026-08-21T09:08:16Z
2026-08-21T08:53:57Z,2026-08-21T10:53:57+0200,5d6f4db6-a0f2-490a-bd97-b2641f9198d5,2026-08-15T13:15:00Z,2026-08-15T15:15:00+0200,156.333333,MW,DK2,DK_2,forecast_onshore_wind_generation,Wind Onshore,2026-08-21T09:08:16Z
2026-08-21T08:53:57Z,2026-08-21T10:53:57+0200,5d6f4db6-a0f2-490a-bd97-b2641f9198d5,2026-08-15T13:30:00Z,2026-08-15T15:30:00+0200,160.0,MW,DK2,DK_2,forecast_onshore_wind_generation,Wind Onshore,2026-08-21T09:08:16Z
2026-08-21T08:53:57Z,2026-08-21T10:53:57+0200,5d6f4db6-a0f2-490a-bd97-b2641f9198d5,2026-08-15T13:45:00Z,2026-08-15T15:45:00+0200,162.833333,MW,DK2,DK_2,forecast_onshore_wind_generation,Wind Onshore,2026-08-21T09:08:16Z
2026-08-21T08:53:57Z,2026-08-21T10:53:57+0200,5d6f4db6-a0f2-490a-bd97-b2641f9198d5,2026-08-15T14:00:00Z,2026-08-15T16:00:00+0200,162.333333,MW,DK2,DK_2,forecast_onshore_wind_generation,Wind Onshore,2026-08-21T09:08:16Z
2026-08-21T08:53:57Z,2026-08-21T10:53:57+0200,5d6f4db6-a0f2-490a-bd97-b2641f9198d5,2026-08-15T14:15:00Z,2026-08-15T16:15:00+0200,161.0,MW,DK2,DK_2,forecast_onshore_wind_generation,Wind Onshore,2026-08-21T09:08:16Z
2026-08-21T08:53:57Z,2026-08-21T10:53:57+0200,5d6f4db6-a0f2-490a-bd97-b2641f9198d5,2026-08-15T14:30:00Z,2026-08-15T16:30:00+0200,160.0,MW,DK2,DK_2,forecast_onshore_wind_generation,Wind Onshore,2026-08-21T09:08:16Z
2026-08-21T08:53:57Z,2026-08-21T10:53:57+0200,5d6f4db6-a0f2-490a-bd97-b2641f9198d5,2026-08-15T14:45:00Z,2026-08-15T16:45:00+0200,159.166666,MW,DK2,DK_2,forecast_onshore_wind_generation,Wind Onshore,2026-08-21T09:08:16Z
2026-08-21T08:53:57Z,2026-08-21T10:53:57+0200,5d6f4db6-a0f2-490a-bd97-b2641f9198d5,2026-08-15T15:00:00Z,2026-08-15T17:00:00+0200,160.5,MW,DK2,DK_2,forecast_onshore_wind_generation,Wind Onshore,2026-08-21T09:08:16Z
2026-08-21T08:53:57Z,2026-08-21T10:53:57+0200,5d6f4db6-a0f2-490a-bd97-b2641f9198d5,2026-08-15T15:15:00Z,2026-08-15T17:15:00+0200,160.833333,MW,DK2,DK_2,forecast_onshore_wind_generation,Wind Onshore,2026-08-21T09:08:16Z
2026-08-21T08:53:57Z,2026-08-21T10:53:57+0200,5d6f4db6-a0f2-490a-bd97-b2641f9198d5,2026-08-15T15:30:00Z,2026-08-15T17:30:00+0200,160.833333,MW,DK2,DK_2,forecast_onshore_wind_generation,Wind Onshore,2026-08-21T09:08:16Z
2026-08-21T08:53:57Z,2026-08-21T10:53:57+0200,5d6f4db6-a0f2-490a-bd97-b2641f9198d5,2026-08-15T15:45:00Z,2026-08-15T17:45:00+0200,161.0,MW,DK2,DK_2,forecast_onshore_wind_generation,Wind Onshore,2026-08-21T09:08:16Z
2026-08-21T08:53:57Z,2026-08-21T10:53:57+0200,5d6f4db6-a0f2-490a-bd97-b2641f9198d5,2026-08-15T16:00:00Z,2026-08-15T18:00:00+0200,162.5,MW,DK2,DK_2,forecast_onshore_wind_generation,Wind Onshore,2026-08-21T09:08:16Z
2026-08-21T08:53:57Z,2026-08-21T10:53:57+0200,5d6f4db6-a0f2-490a-bd97-b2641f9198d5,2026-08-15T16:15:00Z,2026-08-15T18:15:00+0200,165.333333,MW,DK2,DK_2,forecast_onshore_wind_generation,Wind Onshore,2026-08-21T09:08:16Z
2026-08-21T08:53:57Z,2026-08-21T10:53:57+0200,5d6f4db6-a0f2-490a-bd97-b2641f9198d5,2026-08-15T16:30:00Z,2026-08-15T18:30:00+0200,167.833333,MW,DK2,DK_2,forecast_onshore_wind_generation,Wind Onshore,2026-08-21T09:08:16Z
2026-08-21T08:53:57Z,2026-08-21T10:53:57+0200,5d6f4db6-a0f2-490a-bd97-b2641f9198d5,2026-08-15T16:45:00Z,2026-08-15T18:45:00+0200,170.333333,MW,DK2,DK_2,forecast_onshore_wind_generation,Wind Onshore,2026-08-21T09:08:16Z
2026-08-21T08:53:57Z,2026-08-21T10:53:57+0200,5d6f4db6-a0f2-490a-bd97-b2641f9198d5,2026-08-15T17:00:00Z,2026-08-15T19:00:00+0200,171.0,MW,DK2,DK_2,forecast_onshore_wind_generation,Wind Onshore,2026-08-21T09:08:16Z
2026-08-21T08:53:57Z,2026-08-21T10:53:57+0200,5d6f4db6-a0f2-490a-bd97-b2641f9198d5,2026-08-15T17:15:00Z,2026-08-15T19:15:00+0200,169.5,MW,DK2,DK_2,forecast_onshore_wind_generation,Wind Onshore,2026-08-21T09:08:16Z
2026-08-21T08:53:57Z,2026-08-21T10:53:57+0200,5d6f4db6-a0f2-490a-bd97-b2641f9198d5,2026-08-15T17:30:00Z,2026-08-15T19:30:00+0200,167.166666,MW,DK2,DK_2,forecast_onshore_wind_generation,Wind Onshore,2026-08-21T09:08:16Z
2026-08-21T08:53:57Z,2026-08-21T10:53:57+0200,5d6f4db6-a0f2-490a-bd97-b2641f9198d5,2026-08-15T17:45:00Z,2026-08-15T19:45:00+0200,169.0,MW,DK2,DK_2,forecast_onshore_wind_generation,Wind Onshore,2026-08-21T09:08:16Z
2026-08-21T08:53:57Z,2026-08-21T10:53:57+0200,5d6f4db6-a0f2-490a-bd97-b2641f9198d5,2026-08-15T18:00:00Z,2026-08-15T20:00:00+0200,172.333333,MW,DK2,DK_2,forecast_onshore_wind_generation,Wind Onshore,2026-08-21T09:08:16Z
2026-08-21T08:53:57Z,2026-08-21T10:53:57+0200,5d6f4db6-a0f2-490a-bd97-b2641f9198d5,2026-08-15T18:15:00Z,2026-08-15T20:15:00+0200,171.666666,MW,DK2,DK_2,forecast_onshore_wind_generation,Wind Onshore,2026-08-21T09:08:16Z
2026-08-21T08:53:57Z,2026-08-21T10:53:57+0200,5d6f4db6-a0f2-490a-bd97-b2641f9198d5,2026-08-15T18:30:00Z,2026-08-15T20:30:00+0200,164.0,MW,DK2,DK_2,forecast_onshore_wind_generation,Wind Onshore,2026-08-21T09:08:16Z
2026-08-21T08:53:57Z,2026-08-21T10:53:57+0200,5d6f4db6-a0f2-490a-bd97-b2641f9198d5,2026-08-15T18:45:00Z,2026-08-15T20:45:00+0200,161.5,MW,DK2,DK_2,forecast_onshore_wind_generation,Wind Onshore,2026-08-21T09:08:16Z
2026-08-21T08:53:57Z,2026-08-21T10:53:57+0200,5d6f4db6-a0f2-490a-bd97-b2641f9198d5,2026-08-15T19:00:00Z,2026-08-15T21:00:00+0200,162.0,MW,DK2,DK_2,forecast_onshore_wind_generation,Wind Onshore,2026-08-21T09:08:16Z
2026-08-21T08:53:57Z,2026-08-21T10:53:57+0200,5d6f4db6-a0f2-490a-bd97-b2641f9198d5,2026-08-15T19:15:00Z,2026-08-15T21:15:00+0200,162.0,MW,DK2,DK_2,forecast_onshore_wind_generation,Wind Onshore,2026-08-21T09:08:16Z
2026-08-21T08:53:57Z,2026-08-21T10:53:57+0200,5d6f4db6-a0f2-490a-bd97-b2641f9198d5,2026-08-15T19:30:00Z,2026-08-15T21:30:00+0200,162.666666,MW,DK2,DK_2,forecast_onshore_wind_generation,Wind Onshore,2026-08-21T09:08:16Z
2026-08-21T08:53:57Z,2026-08-21T10:53:57+0200,5d6f4db6-a0f2-490a-bd97-b2641f9198d5,2026-08-15T19:45:00Z,2026-08-15T21:45:00+0200,165.5,MW,DK2,DK_2,forecast_onshore_wind_generation,Wind Onshore,2026-08-21T09:08:16Z
2026-08-21T08:53:57Z,2026-08-21T10:53:57+0200,5d6f4db6-a0f2-490a-bd97-b2641f9198d5,2026-08-15T20:00:00Z,2026-08-15T22:00:00+0200,168.5,MW,DK2,DK_2,forecast_onshore_wind_generation,Wind Onshore,2026-08-21T09:08:16Z
2026-08-21T08:53:57Z,2026-08-21T10:53:57+0200,5d6f4db6-a0f2-490a-bd97-b2641f9198d5,2026-08-15T20:15:00Z,2026-08-15T22:15:00+0200,171.0,MW,DK2,DK_2,forecast_onshore_wind_generation,Wind Onshore,2026-08-21T09:08:16Z
2026-08-21T08:53:57Z,2026-08-21T10:53:57+0200,5d6f4db6-a0f2-490a-bd97-b2641f9198d5,2026-08-15T20:30:00Z,2026-08-15T22:30:00+0200,173.0,MW,DK2,DK_2,forecast_onshore_wind_generation,Wind Onshore,2026-08-21T09:08:16Z
2026-08-21T08:53:57Z,2026-08-21T10:53:57+0200,5d6f4db6-a0f2-490a-bd97-b2641f9198d5,2026-08-15T20:45:00Z,2026-08-15T22:45:00+0200,173.833333,MW,DK2,DK_2,forecast_onshore_wind_generation,Wind Onshore,2026-08-21T09:08:16Z
2026-08-21T08:53:57Z,2026-08-21T10:53:57+0200,5d6f4db6-a0f2-490a-bd97-b2641f9198d5,2026-08-15T21:00:00Z,2026-08-15T23:00:00+0200,172.833333,MW,DK2,DK_2,forecast_onshore_wind_generation,Wind Onshore,2026-08-21T09:08:16Z
2026-08-21T08:53:57Z,2026-08-21T10:53:57+0200,5d6f4db6-a0f2-490a-bd97-b2641f9198d5,2026-08-15T21:15:00Z,2026-08-15T23:15:00+0200,171.333333,MW,DK2,DK_2,forecast_onshore_wind_generation,Wind Onshore,2026-08-21T09:08:16Z
2026-08-21T08:53:57Z,2026-08-21T10:53:57+0200,5d6f4db6-a0f2-490a-bd97-b2641f9198d5,2026-08-15T21:30:00Z,2026-08-15T23:30:00+0200,169.5,MW,DK2,DK_2,forecast_onshore_wind_generation,Wind Onshore,2026-08-21T09:08:16Z
2026-08-21T08:53:57Z,2026-08-21T10:53:57+0200,5d6f4db6-a0f2-490a-bd97-b2641f9198d5,2026-08-15T21:45:00Z,2026-08-15T23:45:00+0200,169.5,MW,DK2,DK_2,forecast_onshore_wind_generation,Wind Onshore,2026-08-21T09:08:16Z
2026-08-21T08:53:57Z,2026-08-21T10:53:57+0200,5d6f4db6-a0f2-490a-bd97-b2641f9198d5,2026-08-15T22:00:00Z,2026-08-16T00:00:00+0200,197.5,MW,DK2,DK_2,forecast_onshore_wind_generation,Wind Onshore,2026-08-21T09:08:16Z
2026-08-21T08:53:57Z,2026-08-21T10:53:57+0200,5d6f4db6-a0f2-490a-bd97-b2641f9198d5,2026-08-15T22:15:00Z,2026-08-16T00:15:00+0200,200.0,MW,DK2,DK_2,forecast_onshore_wind_generation,Wind Onshore,2026-08-21T09:08:16Z
2026-08-21T08:53:57Z,2026-08-21T10:53:57+0200,5d6f4db6-a0f2-490a-bd97-b2641f9198d5,2026-08-15T22:30:00Z,2026-08-16T00:30:00+0200,201.666666,MW,DK2,DK_2,forecast_onshore_wind_generation,Wind Onshore,2026-08-21T09:08:16Z
2026-08-21T08:53:57Z,2026-08-21T10:53:57+0200,5d6f4db6-a0f2-490a-bd97-b2641f9198d5,2026-08-15T22:45:00Z,2026-08-16T00:45:00+0200,200.333333,MW,DK2,DK_2,forecast_onshore_wind_generation,Wind Onshore,2026-08-21T09:08:16Z
2026-08-21T08:53:57Z,2026-08-21T10:53:57+0200,5d6f4db6-a0f2-490a-bd97-b2641f9198d5,2026-08-15T23:00:00Z,2026-08-16T01:00:00+0200,196.166666,MW,DK2,DK_2,forecast_onshore_wind_generation,Wind Onshore,2026-08-21T09:08:16Z
2026-08-21T08:53:57Z,2026-08-21T10:53:57+0200,5d6f4db6-a0f2-490a-bd97-b2641f9198d5,2026-08-15T23:15:00Z,2026-08-16T01:15:00+0200,191.166666,MW,DK2,DK_2,forecast_onshore_wind_generation,Wind Onshore,2026-08-21T09:08:16Z
2026-08-21T08:53:57Z,2026-08-21T10:53:57+0200,5d6f4db6-a0f2-490a-bd97-b2641f9198d5,2026-08-15T23:30:00Z,2026-08-16T01:30:00+0200,187.5,MW,DK2,DK_2,forecast_onshore_wind_generation,Wind Onshore,2026-08-21T09:08:16Z
2026-08-21T08:53:57Z,2026-08-21T10:53:57+0200,5d6f4db6-a0f2-490a-bd97-b2641f9198d5,2026-08-15T23:45:00Z,2026-08-16T01:45:00+0200,184.666666,MW,DK2,DK_2,forecast_onshore_wind_generation,Wind Onshore,2026-08-21T09:08:16Z
2026-08-21T08:53:57Z,2026-08-21T10:53:57+0200,5d6f4db6-a0f2-490a-bd97-b2641f9198d5,2026-08-16T00:00:00Z,2026-08-16T02:00:00+0200,182.333333,MW,DK2,DK_2,forecast_onshore_wind_generation,Wind Onshore,2026-08-21T09:08:16Z
2026-08-21T08:53:57Z,2026-08-21T10:53:57+0200,5d6f4db6-a0f2-490a-bd97-b2641f9198d5,2026-08-16T00:15:00Z,2026-08-16T02:15:00+0200,177.0,MW,DK2,DK_2,forecast_onshore_wind_generation,Wind Onshore,2026-08-21T09:08:16Z
2026-08-21T08:53:57Z,2026-08-21T10:53:57+0200,5d6f4db6-a0f2-490a-bd97-b2641f9198d5,2026-08-16T00:30:00Z,2026-08-16T02:30:00+0200,171.166666,MW,DK2,DK_2,forecast_onshore_wind_generation,Wind Onshore,2026-08-21T09:08:16Z
2026-08-21T08:53:57Z,2026-08-21T10:53:57+0200,5d6f4db6-a0f2-490a-bd97-b2641f9198d5,2026-08-16T00:45:00Z,2026-08-16T02:45:00+0200,168.0,MW,DK2,DK_2,forecast_onshore_wind_generation,Wind Onshore,2026-08-21T09:08:16Z
2026-08-21T08:53:57Z,2026-08-21T10:53:57+0200,5d6f4db6-a0f2-490a-bd97-b2641f9198d5,2026-08-16T01:00:00Z,2026-08-16T03:00:00+0200,166.833333,MW,DK2,DK_2,forecast_onshore_wind_generation,Wind Onshore,2026-08-21T09:08:16Z
2026-08-21T08:53:57Z,2026-08-21T10:53:57+0200,5d6f4db6-a0f2-490a-bd97-b2641f9198d5,2026-08-16T01:15:00Z,2026-08-16T03:15:00+0200,166.0,MW,DK2,DK_2,forecast_onshore_wind_generation,Wind Onshore,2026-08-21T09:08:16Z
2026-08-21T08:53:57Z,2026-08-21T10:53:57+0200,5d6f4db6-a0f2-490a-bd97-b2641f9198d5,2026-08-16T01:30:00Z,2026-08-16T03:30:00+0200,166.0,MW,DK2,DK_2,forecast_onshore_wind_generation,Wind Onshore,2026-08-21T09:08:16Z
2026-08-21T08:53:57Z,2026-08-21T10:53:57+0200,5d6f4db6-a0f2-490a-bd97-b2641f9198d5,2026-08-16T01:45:00Z,2026-08-16T03:45:00+0200,166.333333,MW,DK2,DK_2,forecast_onshore_wind_generation,Wind Onshore,2026-08-21T09:08:16Z
2026-08-21T08:53:57Z,2026-08-21T10:53:57+0200,5d6f4db6-a0f2-490a-bd97-b2641f9198d5,2026-08-16T02:00:00Z,2026-08-16T04:00:00+0200,165.166666,MW,DK2,DK_2,forecast_onshore_wind_generation,Wind Onshore,2026-08-21T09:08:16Z
2026-08-21T08:53:57Z,2026-08-21T10:53:57+0200,5d6f4db6-a0f2-490a-bd97-b2641f9198d5,2026-08-16T02:15:00Z,2026-08-16T04:15:00+0200,164.5,MW,DK2,DK_2,forecast_onshore_wind_generation,Wind Onshore,2026-08-21T09:08:16Z
2026-08-21T08:53:57Z,2026-08-21T10:53:57+0200,5d6f4db6-a0f2-490a-bd97-b2641f9198d5,2026-08-16T02:30:00Z,2026-08-16T04:30:00+0200,164.0,MW,DK2,DK_2,forecast_onshore_wind_generation,Wind Onshore,2026-08-21T09:08:16Z
2026-08-21T08:53:57Z,2026-08-21T10:53:57+0200,5d6f4db6-a0f2-490a-bd97-b2641f9198d5,2026-08-16T02:45:00Z,2026-08-16T04:45:00+0200,163.166666,MW,DK2,DK_2,forecast_onshore_wind_generation,Wind Onshore,2026-08-21T09:08:16Z
2026-08-21T08:53:57Z,2026-08-21T10:53:57+0200,5d6f4db6-a0f2-490a-bd97-b2641f9198d5,2026-08-16T03:00:00Z,2026-08-16T05:00:00+0200,162.0,MW,DK2,DK_2,forecast_onshore_wind_generation,Wind Onshore,2026-08-21T09:08:16Z
2026-08-21T08:53:57Z,2026-08-21T10:53:57+0200,5d6f4db6-a0f2-490a-bd97-b2641f9198d5,2026-08-16T03:15:00Z,2026-08-16T05:15:00+0200,160.166666,MW,DK2,DK_2,forecast_onshore_wind_generation,Wind Onshore,2026-08-21T09:08:16Z
2026-08-21T08:53:57Z,2026-08-21T10:53:57+0200,5d6f4db6-a0f2-490a-bd97-b2641f9198d5,2026-08-16T03:30:00Z,2026-08-16T05:30:00+0200,160.0,MW,DK2,DK_2,forecast_onshore_wind_generation,Wind Onshore,2026-08-21T09:08:16Z
2026-08-21T08:53:57Z,2026-08-21T10:53:57+0200,5d6f4db6-a0f2-490a-bd97-b2641f9198d5,2026-08-16T03:45:00Z,2026-08-16T05:45:00+0200,160.5,MW,DK2,DK_2,forecast_onshore_wind_generation,Wind Onshore,2026-08-21T09:08:16Z
2026-08-21T08:53:57Z,2026-08-21T10:53:57+0200,5d6f4db6-a0f2-490a-bd97-b2641f9198d5,2026-08-16T04:00:00Z,2026-08-16T06:00:00+0200,162.0,MW,DK2,DK_2,forecast_onshore_wind_generation,Wind Onshore,2026-08-21T09:08:16Z
2026-08-21T08:53:57Z,2026-08-21T10:53:57+0200,5d6f4db6-a0f2-490a-bd97-b2641f9198d5,2026-08-16T04:15:00Z,2026-08-16T06:15:00+0200,163.0,MW,DK2,DK_2,forecast_onshore_wind_generation,Wind Onshore,2026-08-21T09:08:16Z
2026-08-21T08:53:57Z,2026-08-21T10:53:57+0200,5d6f4db6-a0f2-490a-bd97-b2641f9198d5,2026-08-16T04:30:00Z,2026-08-16T06:30:00+0200,163.0,MW,DK2,DK_2,forecast_onshore_wind_generation,Wind Onshore,2026-08-21T09:08:16Z
2026-08-21T08:53:57Z,2026-08-21T10:53:57+0200,5d6f4db6-a0f2-490a-bd97-b2641f9198d5,2026-08-16T04:45:00Z,2026-08-16T06:45:00+0200,162.333333,MW,DK2,DK_2,forecast_onshore_wind_generation,Wind Onshore,2026-08-21T09:08:16Z
2026-08-21T08:53:57Z,2026-08-21T10:53:57+0200,5d6f4db6-a0f2-490a-bd97-b2641f9198d5,2026-08-16T05:00:00Z,2026-08-16T07:00:00+0200,161.166666,MW,DK2,DK_2,forecast_onshore_wind_generation,Wind Onshore,2026-08-21T09:08:16Z
2026-08-21T08:53:57Z,2026-08-21T10:53:57+0200,5d6f4db6-a0f2-490a-bd97-b2641f9198d5,2026-08-16T05:15:00Z,2026-08-16T07:15:00+0200,162.5,MW,DK2,DK_2,forecast_onshore_wind_generation,Wind Onshore,2026-08-21T09:08:16Z
2026-08-21T08:53:57Z,2026-08-21T10:53:57+0200,5d6f4db6-a0f2-490a-bd97-b2641f9198d5,2026-08-16T05:30:00Z,2026-08-16T07:30:00+0200,163.0,MW,DK2,DK_2,forecast_onshore_wind_generation,Wind Onshore,2026-08-21T09:08:16Z
2026-08-21T08:53:57Z,2026-08-21T10:53:57+0200,5d6f4db6-a0f2-490a-bd97-b2641f9198d5,2026-08-16T05:45:00Z,2026-08-16T07:45:00+0200,162.333333,MW,DK2,DK_2,forecast_onshore_wind_generation,Wind Onshore,2026-08-21T09:08:16Z
2026-08-21T08:53:57Z,2026-08-21T10:53:57+0200,5d6f4db6-a0f2-490a-bd97-b2641f9198d5,2026-08-16T06:00:00Z,2026-08-16T08:00:00+0200,162.333333,MW,DK2,DK_2,forecast_onshore_wind_generation,Wind Onshore,2026-08-21T09:08:16Z
2026-08-21T08:53:57Z,2026-08-21T10:53:57+0200,5d6f4db6-a0f2-490a-bd97-b2641f9198d5,2026-08-16T06:15:00Z,2026-08-16T08:15:00+0200,165.333333,MW,DK2,DK_2,forecast_onshore_wind_generation,Wind Onshore,2026-08-21T09:08:16Z
2026-08-21T08:53:57Z,2026-08-21T10:53:57+0200,5d6f4db6-a0f2-490a-bd97-b2641f9198d5,2026-08-16T06:30:00Z,2026-08-16T08:30:00+0200,170.0,MW,DK2,DK_2,forecast_onshore_wind_generation,Wind Onshore,2026-08-21T09:08:16Z
2026-08-21T08:53:57Z,2026-08-21T10:53:57+0200,5d6f4db6-a0f2-490a-bd97-b2641f9198d5,2026-08-16T06:45:00Z,2026-08-16T08:45:00+0200,177.333333,MW,DK2,DK_2,forecast_onshore_wind_generation,Wind Onshore,2026-08-21T09:08:16Z
2026-08-21T08:53:57Z,2026-08-21T10:53:57+0200,5d6f4db6-a0f2-490a-bd97-b2641f9198d5,2026-08-16T07:00:00Z,2026-08-16T09:00:00+0200,188.0,MW,DK2,DK_2,forecast_onshore_wind_generation,Wind Onshore,2026-08-21T09:08:16Z
2026-08-21T08:53:57Z,2026-08-21T10:53:57+0200,5d6f4db6-a0f2-490a-bd97-b2641f9198d5,2026-08-16T07:15:00Z,2026-08-16T09:15:00+0200,195.333333,MW,DK2,DK_2,forecast_onshore_wind_generation,Wind Onshore,2026-08-21T09:08:16Z
2026-08-21T08:53:57Z,2026-08-21T10:53:57+0200,5d6f4db6-a0f2-490a-bd97-b2641f9198d5,2026-08-16T07:30:00Z,2026-08-16T09:30:00+0200,199.0,MW,DK2,DK_2,forecast_onshore_wind_generation,Wind Onshore,2026-08-21T09:08:16Z
2026-08-21T08:53:57Z,2026-08-21T10:53:57+0200,5d6f4db6-a0f2-490a-bd97-b2641f9198d5,2026-08-16T07:45:00Z,2026-08-16T09:45:00+0200,205.0,MW,DK2,DK_2,forecast_onshore_wind_generation,Wind Onshore,2026-08-21T09:08:16Z
2026-08-21T08:53:57Z,2026-08-21T10:53:57+0200,5d6f4db6-a0f2-490a-bd97-b2641f9198d5,2026-08-16T08:00:00Z,2026-08-16T10:00:00+0200,211.5,MW,DK2,DK_2,forecast_onshore_wind_generation,Wind Onshore,2026-08-21T09:08:16Z
2026-08-21T08:53:57Z,2026-08-21T10:53:57+0200,5d6f4db6-a0f2-490a-bd97-b2641f9198d5,2026-08-16T08:15:00Z,2026-08-16T10:15:00+0200,213.833333,MW,DK2,DK_2,forecast_onshore_wind_generation,Wind Onshore,2026-08-21T09:08:16Z
2026-08-21T08:53:57Z,2026-08-21T10:53:57+0200,5d6f4db6-a0f2-490a-bd97-b2641f9198d5,2026-08-16T08:30:00Z,2026-08-16T10:30:00+0200,213.0,MW,DK2,DK_2,forecast_onshore_wind_generation,Wind Onshore,2026-08-21T09:08:16Z
2026-08-21T08:53:57Z,2026-08-21T10:53:57+0200,5d6f4db6-a0f2-490a-bd97-b2641f9198d5,2026-08-16T08:45:00Z,2026-08-16T10:45:00+0200,214.0,MW,DK2,DK_2,forecast_onshore_wind_generation,Wind Onshore,2026-08-21T09:08:16Z
2026-08-21T08:53:57Z,2026-08-21T10:53:57+0200,5d6f4db6-a0f2-490a-bd97-b2641f9198d5,2026-08-16T09:00:00Z,2026-08-16T11:00:00+0200,215.666666,MW,DK2,DK_2,forecast_onshore_wind_generation,Wind Onshore,2026-08-21T09:08:16Z
2026-08-21T08:53:57Z,2026-08-21T10:53:57+0200,5d6f4db6-a0f2-490a-bd97-b2641f9198d5,2026-08-16T09:15:00Z,2026-08-16T11:15:00+0200,219.0,MW,DK2,DK_2,forecast_onshore_wind_generation,Wind Onshore,2026-08-21T09:08:16Z
2026-08-21T08:53:57Z,2026-08-21T10:53:57+0200,5d6f4db6-a0f2-490a-bd97-b2641f9198d5,2026-08-16T09:30:00Z,2026-08-16T11:30:00+0200,225.0,MW,DK2,DK_2,forecast_onshore_wind_generation,Wind Onshore,2026-08-21T09:08:16Z
2026-08-21T08:53:57Z,2026-08-21T10:53:57+0200,5d6f4db6-a0f2-490a-bd97-b2641f9198d5,2026-08-16T09:45:00Z,2026-08-16T11:45:00+0200,233.5,MW,DK2,DK_2,forecast_onshore_wind_generation,Wind Onshore,2026-08-21T09:08:16Z
2026-08-21T08:53:57Z,2026-08-21T10:53:57+0200,5d6f4db6-a0f2-490a-bd97-b2641f9198d5,2026-08-16T10:00:00Z,2026-08-16T12:00:00+0200,242.5,MW,DK2,DK_2,forecast_onshore_wind_generation,Wind Onshore,2026-08-21T09:08:16Z
2026-08-21T08:53:57Z,2026-08-21T10:53:57+0200,5d6f4db6-a0f2-490a-bd97-b2641f9198d5,2026-08-16T10:15:00Z,2026-08-16T12:15:00+0200,247.0,MW,DK2,DK_2,forecast_onshore_wind_generation,Wind Onshore,2026-08-21T09:08:16Z
2026-08-21T08:53:57Z,2026-08-21T10:53:57+0200,5d6f4db6-a0f2-490a-bd97-b2641f9198d5,2026-08-16T10:30:00Z,2026-08-16T12:30:00+0200,249.833333,MW,DK2,DK_2,forecast_onshore_wind_generation,Wind Onshore,2026-08-21T09:08:16Z
2026-08-21T08:53:57Z,2026-08-21T10:53:57+0200,5d6f4db6-a0f2-490a-bd97-b2641f9198d5,2026-08-16T10:45:00Z,2026-08-16T12:45:00+0200,249.0,MW,DK2,DK_2,forecast_onshore_wind_generation,Wind Onshore,2026-08-21T09:08:16Z
2026-08-21T08:53:57Z,2026-08-21T10:53:57+0200,5d6f4db6-a0f2-490a-bd97-b2641f9198d5,2026-08-16T11:00:00Z,2026-08-16T13:00:00+0200,247.5,MW,DK2,DK_2,forecast_onshore_wind_generation,Wind Onshore,2026-08-21T09:08:16Z
2026-08-21T08:53:57Z,2026-08-21T10:53:57+0200,5d6f4db6-a0f2-490a-bd97-b2641f9198d5,2026-08-16T11:15:00Z,2026-08-16T13:15:00+0200,249.0,MW,DK2,DK_2,forecast_onshore_wind_generation,Wind Onshore,2026-08-21T09:08:16Z
2026-08-21T08:53:57Z,2026-08-21T10:53:57+0200,5d6f4db6-a0f2-490a-bd97-b2641f9198d5,2026-08-16T11:30:00Z,2026-08-16T13:30:00+0200,252.166666,MW,DK2,DK_2,forecast_onshore_wind_generation,Wind Onshore,2026-08-21T09:08:16Z
2026-08-21T08:53:57Z,2026-08-21T10:53:57+0200,5d6f4db6-a0f2-490a-bd97-b2641f9198d5,2026-08-16T11:45:00Z,2026-08-16T13:45:00+0200,250.333333,MW,DK2,DK_2,forecast_onshore_wind_generation,Wind Onshore,2026-08-21T09:08:16Z
2026-08-21T08:53:57Z,2026-08-21T10:53:57+0200,5d6f4db6-a0f2-490a-bd97-b2641f9198d5,2026-08-16T12:00:00Z,2026-08-16T14:00:00+0200,247.0,MW,DK2,DK_2,forecast_onshore_wind_generation,Wind Onshore,2026-08-21T09:08:16Z
2026-08-21T08:53:57Z,2026-08-21T10:53:57+0200,5d6f4db6-a0f2-490a-bd97-b2641f9198d5,2026-08-16T12:15:00Z,2026-08-16T14:15:00+0200,248.833333,MW,DK2,DK_2,forecast_onshore_wind_generation,Wind Onshore,2026-08-21T09:08:16Z
2026-08-21T08:53:57Z,2026-08-21T10:53:57+0200,5d6f4db6-a0f2-490a-bd97-b2641f9198d5,2026-08-16T12:30:00Z,2026-08-16T14:30:00+0200,253.666666,MW,DK2,DK_2,forecast_onshore_wind_generation,Wind Onshore,2026-08-21T09:08:16Z
2026-08-21T08:53:57Z,2026-08-21T10:53:57+0200,5d6f4db6-a0f2-490a-bd97-b2641f9198d5,2026-08-16T12:45:00Z,2026-08-16T14:45:00+0200,256.5,MW,DK2,DK_2,forecast_onshore_wind_generation,Wind Onshore,2026-08-21T09:08:16Z
2026-08-21T08:53:57Z,2026-08-21T10:53:57+0200,5d6f4db6-a0f2-490a-bd97-b2641f9198d5,2026-08-16T13:00:00Z,2026-08-16T15:00:00+0200,259.0,MW,DK2,DK_2,forecast_onshore_wind_generation,Wind Onshore,2026-08-21T09:08:16Z
2026-08-21T08:53:57Z,2026-08-21T10:53:57+0200,5d6f4db6-a0f2-490a-bd97-b2641f9198d5,2026-08-16T13:15:00Z,2026-08-16T15:15:00+0200,259.166666,MW,DK2,DK_2,forecast_onshore_wind_generation,Wind Onshore,2026-08-21T09:08:16Z
2026-08-21T08:53:57Z,2026-08-21T10:53:57+0200,5d6f4db6-a0f2-490a-bd97-b2641f9198d5,2026-08-16T13:30:00Z,2026-08-16T15:30:00+0200,260.0,MW,DK2,DK_2,forecast_onshore_wind_generation,Wind Onshore,2026-08-21T09:08:16Z
2026-08-21T08:53:57Z,2026-08-21T10:53:57+0200,5d6f4db6-a0f2-490a-bd97-b2641f9198d5,2026-08-16T13:45:00Z,2026-08-16T15:45:00+0200,262.0,MW,DK2,DK_2,forecast_onshore_wind_generation,Wind Onshore,2026-08-21T09:08:16Z
2026-08-21T08:53:57Z,2026-08-21T10:53:57+0200,5d6f4db6-a0f2-490a-bd97-b2641f9198d5,2026-08-16T14:00:00Z,2026-08-16T16:00:00+0200,263.5,MW,DK2,DK_2,forecast_onshore_wind_generation,Wind Onshore,2026-08-21T09:08:16Z
2026-08-21T08:53:57Z,2026-08-21T10:53:57+0200,5d6f4db6-a0f2-490a-bd97-b2641f9198d5,2026-08-16T14:15:00Z,2026-08-16T16:15:00+0200,264.833333,MW,DK2,DK_2,forecast_onshore_wind_generation,Wind Onshore,2026-08-21T09:08:16Z
2026-08-21T08:53:57Z,2026-08-21T10:53:57+0200,5d6f4db6-a0f2-490a-bd97-b2641f9198d5,2026-08-16T14:30:00Z,2026-08-16T16:30:00+0200,265.0,MW,DK2,DK_2,forecast_onshore_wind_generation,Wind Onshore,2026-08-21T09:08:16Z
2026-08-21T08:53:57Z,2026-08-21T10:53:57+0200,5d6f4db6-a0f2-490a-bd97-b2641f9198d5,2026-08-16T14:45:00Z,2026-08-16T16:45:00+0200,265.166666,MW,DK2,DK_2,forecast_onshore_wind_generation,Wind Onshore,2026-08-21T09:08:16Z
2026-08-21T08:53:57Z,2026-08-21T10:53:57+0200,5d6f4db6-a0f2-490a-bd97-b2641f9198d5,2026-08-16T15:00:00Z,2026-08-16T17:00:00+0200,265.333333,MW,DK2,DK_2,forecast_onshore_wind_generation,Wind Onshore,2026-08-21T09:08:16Z
2026-08-21T08:53:57Z,2026-08-21T10:53:57+0200,5d6f4db6-a0f2-490a-bd97-b2641f9198d5,2026-08-16T15:15:00Z,2026-08-16T17:15:00+0200,260.833333,MW,DK2,DK_2,forecast_onshore_wind_generation,Wind Onshore,2026-08-21T09:08:16Z
2026-08-21T08:53:57Z,2026-08-21T10:53:57+0200,5d6f4db6-a0f2-490a-bd97-b2641f9198d5,2026-08-16T15:30:00Z,2026-08-16T17:30:00+0200,254.5,MW,DK2,DK_2,forecast_onshore_wind_generation,Wind Onshore,2026-08-21T09:08:16Z
2026-08-21T08:53:57Z,2026-08-21T10:53:57+0200,5d6f4db6-a0f2-490a-bd97-b2641f9198d5,2026-08-16T15:45:00Z,2026-08-16T17:45:00+0200,249.0,MW,DK2,DK_2,forecast_onshore_wind_generation,Wind Onshore,2026-08-21T09:08:16Z
2026-08-21T08:53:57Z,2026-08-21T10:53:57+0200,5d6f4db6-a0f2-490a-bd97-b2641f9198d5,2026-08-16T16:00:00Z,2026-08-16T18:00:00+0200,243.0,MW,DK2,DK_2,forecast_onshore_wind_generation,Wind Onshore,2026-08-21T09:08:16Z
2026-08-21T08:53:57Z,2026-08-21T10:53:57+0200,5d6f4db6-a0f2-490a-bd97-b2641f9198d5,2026-08-16T16:15:00Z,2026-08-16T18:15:00+0200,237.5,MW,DK2,DK_2,forecast_onshore_wind_generation,Wind Onshore,2026-08-21T09:08:16Z
2026-08-21T08:53:57Z,2026-08-21T10:53:57+0200,5d6f4db6-a0f2-490a-bd97-b2641f9198d5,2026-08-16T16:30:00Z,2026-08-16T18:30:00+0200,233.0,MW,DK2,DK_2,forecast_onshore_wind_generation,Wind Onshore,2026-08-21T09:08:16Z
2026-08-21T08:53:57Z,2026-08-21T10:53:57+0200,5d6f4db6-a0f2-490a-bd97-b2641f9198d5,2026-08-16T16:45:00Z,2026-08-16T18:45:00+0200,228.5,MW,DK2,DK_2,forecast_onshore_wind_generation,Wind Onshore,2026-08-21T09:08:16Z
2026-08-21T08:53:57Z,2026-08-21T10:53:57+0200,5d6f4db6-a0f2-490a-bd97-b2641f9198d5,2026-08-16T17:00:00Z,2026-08-16T19:00:00+0200,222.166666,MW,DK2,DK_2,forecast_onshore_wind_generation,Wind Onshore,2026-08-21T09:08:16Z
2026-08-21T08:53:57Z,2026-08-21T10:53:57+0200,5d6f4db6-a0f2-490a-bd97-b2641f9198d5,2026-08-16T17:15:00Z,2026-08-16T19:15:00+0200,215.5,MW,DK2,DK_2,forecast_onshore_wind_generation,Wind Onshore,2026-08-21T09:08:16Z
2026-08-21T08:53:57Z,2026-08-21T10:53:57+0200,5d6f4db6-a0f2-490a-bd97-b2641f9198d5,2026-08-16T17:30:00Z,2026-08-16T19:30:00+0200,209.5,MW,DK2,DK_2,forecast_onshore_wind_generation,Wind Onshore,2026-08-21T09:08:16Z
2026-08-21T08:53:57Z,2026-08-21T10:53:57+0200,5d6f4db6-a0f2-490a-bd97-b2641f9198d5,2026-08-16T17:45:00Z,2026-08-16T19:45:00+0200,204.166666,MW,DK2,DK_2,forecast_onshore_wind_generation,Wind Onshore,2026-08-21T09:08:16Z
2026-08-21T08:53:57Z,2026-08-21T10:53:57+0200,5d6f4db6-a0f2-490a-bd97-b2641f9198d5,2026-08-16T18:00:00Z,2026-08-16T20:00:00+0200,199.0,MW,DK2,DK_2,forecast_onshore_wind_generation,Wind Onshore,2026-08-21T09:08:16Z
2026-08-21T08:53:57Z,2026-08-21T10:53:57+0200,5d6f4db6-a0f2-490a-bd97-b2641f9198d5,2026-08-16T18:15:00Z,2026-08-16T20:15:00+0200,194.0,MW,DK2,DK_2,forecast_onshore_wind_generation,Wind Onshore,2026-08-21T09:08:16Z
2026-08-21T08:53:57Z,2026-08-21T10:53:57+0200,5d6f4db6-a0f2-490a-bd97-b2641f9198d5,2026-08-16T18:30:00Z,2026-08-16T20:30:00+0200,189.5,MW,DK2,DK_2,forecast_onshore_wind_generation,Wind Onshore,2026-08-21T09:08:16Z
2026-08-21T08:53:57Z,2026-08-21T10:53:57+0200,5d6f4db6-a0f2-490a-bd97-b2641f9198d5,2026-08-16T18:45:00Z,2026-08-16T20:45:00+0200,185.5,MW,DK2,DK_2,forecast_onshore_wind_generation,Wind Onshore,2026-08-21T09:08:16Z
2026-08-21T08:53:57Z,2026-08-21T10:53:57+0200,5d6f4db6-a0f2-490a-bd97-b2641f9198d5,2026-08-16T19:00:00Z,2026-08-16T21:00:00+0200,183.333333,MW,DK2,DK_2,forecast_onshore_wind_generation,Wind Onshore,2026-08-21T09:08:16Z
2026-08-21T08:53:57Z,2026-08-21T10:53:57+0200,5d6f4db6-a0f2-490a-bd97-b2641f9198d5,2026-08-16T19:15:00Z,2026-08-16T21:15:00+0200,180.5,MW,DK2,DK_2,forecast_onshore_wind_generation,Wind Onshore,2026-08-21T09:08:16Z
2026-08-21T08:53:57Z,2026-08-21T10:53:57+0200,5d6f4db6-a0f2-490a-bd97-b2641f9198d5,2026-08-16T19:30:00Z,2026-08-16T21:30:00+0200,177.5,MW,DK2,DK_2,forecast_onshore_wind_generation,Wind Onshore,2026-08-21T09:08:16Z
2026-08-21T08:53:57Z,2026-08-21T10:53:57+0200,5d6f4db6-a0f2-490a-bd97-b2641f9198d5,2026-08-16T19:45:00Z,2026-08-16T21:45:00+0200,174.5,MW,DK2,DK_2,forecast_onshore_wind_generation,Wind Onshore,2026-08-21T09:08:16Z
2026-08-21T08:53:57Z,2026-08-21T10:53:57+0200,5d6f4db6-a0f2-490a-bd97-b2641f9198d5,2026-08-16T20:00:00Z,2026-08-16T22:00:00+0200,170.5,MW,DK2,DK_2,forecast_onshore_wind_generation,Wind Onshore,2026-08-21T09:08:16Z
2026-08-21T08:53:57Z,2026-08-21T10:53:57+0200,5d6f4db6-a0f2-490a-bd97-b2641f9198d5,2026-08-16T20:15:00Z,2026-08-16T22:15:00+0200,164.0,MW,DK2,DK_2,forecast_onshore_wind_generation,Wind Onshore,2026-08-21T09:08:16Z
2026-08-21T08:53:57Z,2026-08-21T10:53:57+0200,5d6f4db6-a0f2-490a-bd97-b2641f9198d5,2026-08-16T20:30:00Z,2026-08-16T22:30:00+0200,157.166666,MW,DK2,DK_2,forecast_onshore_wind_generation,Wind Onshore,2026-08-21T09:08:16Z
2026-08-21T08:53:57Z,2026-08-21T10:53:57+0200,5d6f4db6-a0f2-490a-bd97-b2641f9198d5,2026-08-16T20:45:00Z,2026-08-16T22:45:00+0200,152.666666,MW,DK2,DK_2,forecast_onshore_wind_generation,Wind Onshore,2026-08-21T09:08:16Z
2026-08-21T08:53:57Z,2026-08-21T10:53:57+0200,5d6f4db6-a0f2-490a-bd97-b2641f9198d5,2026-08-16T21:00:00Z,2026-08-16T23:00:00+0200,149.0,MW,DK2,DK_2,forecast_onshore_wind_generation,Wind Onshore,2026-08-21T09:08:16Z
2026-08-21T08:53:57Z,2026-08-21T10:53:57+0200,5d6f4db6-a0f2-490a-bd97-b2641f9198d5,2026-08-16T21:15:00Z,2026-08-16T23:15:00+0200,145.5,MW,DK2,DK_2,forecast_onshore_wind_generation,Wind Onshore,2026-08-21T09:08:16Z
2026-08-21T08:53:57Z,2026-08-21T10:53:57+0200,5d6f4db6-a0f2-490a-bd97-b2641f9198d5,2026-08-16T21:30:00Z,2026-08-16T23:30:00+0200,142.5,MW,DK2,DK_2,forecast_onshore_wind_generation,Wind Onshore,2026-08-21T09:08:16Z
2026-08-21T08:53:57Z,2026-08-21T10:53:57+0200,5d6f4db6-a0f2-490a-bd97-b2641f9198d5,2026-08-16T21:45:00Z,2026-08-16T23:45:00+0200,141.666666,MW,DK2,DK_2,forecast_onshore_wind_generation,Wind Onshore,2026-08-21T09:08:16Z
2026-08-21T08:53:57Z,2026-08-21T10:53:57+0200,5d6f4db6-a0f2-490a-bd97-b2641f9198d5,2026-08-16T22:00:00Z,2026-08-17T00:00:00+0200,122.0,MW,DK2,DK_2,forecast_onshore_wind_generation,Wind Onshore,2026-08-21T09:08:16Z
2026-08-21T08:53:57Z,2026-08-21T10:53:57+0200,5d6f4db6-a0f2-490a-bd97-b2641f9198d5,2026-08-16T22:15:00Z,2026-08-17T00:15:00+0200,120.666666,MW,DK2,DK_2,forecast_onshore_wind_generation,Wind Onshore,2026-08-21T09:08:16Z
2026-08-21T08:53:57Z,2026-08-21T10:53:57+0200,5d6f4db6-a0f2-490a-bd97-b2641f9198d5,2026-08-16T22:30:00Z,2026-08-17T00:30:00+0200,118.333333,MW,DK2,DK_2,forecast_onshore_wind_generation,Wind Onshore,2026-08-21T09:08:16Z
2026-08-21T08:53:57Z,2026-08-21T10:53:57+0200,5d6f4db6-a0f2-490a-bd97-b2641f9198d5,2026-08-16T22:45:00Z,2026-08-17T00:45:00+0200,113.833333,MW,DK2,DK_2,forecast_onshore_wind_generation,Wind Onshore,2026-08-21T09:08:16Z
2026-08-21T08:53:57Z,2026-08-21T10:53:57+0200,5d6f4db6-a0f2-490a-bd97-b2641f9198d5,2026-08-16T23:00:00Z,2026-08-17T01:00:00+0200,108.0,MW,DK2,DK_2,forecast_onshore_wind_generation,Wind Onshore,2026-08-21T09:08:16Z
2026-08-21T08:53:57Z,2026-08-21T10:53:57+0200,5d6f4db6-a0f2-490a-bd97-b2641f9198d5,2026-08-16T23:15:00Z,2026-08-17T01:15:00+0200,102.0,MW,DK2,DK_2,forecast_onshore_wind_generation,Wind Onshore,2026-08-21T09:08:16Z
2026-08-21T08:53:57Z,2026-08-21T10:53:57+0200,5d6f4db6-a0f2-490a-bd97-b2641f9198d5,2026-08-16T23:30:00Z,2026-08-17T01:30:00+0200,96.666666,MW,DK2,DK_2,forecast_onshore_wind_generation,Wind Onshore,2026-08-21T09:08:16Z
2026-08-21T08:53:57Z,2026-08-21T10:53:57+0200,5d6f4db6-a0f2-490a-bd97-b2641f9198d5,2026-08-16T23:45:00Z,2026-08-17T01:45:00+0200,94.166666,MW,DK2,DK_2,forecast_onshore_wind_generation,Wind Onshore,2026-08-21T09:08:16Z
2026-08-21T08:53:57Z,2026-08-21T10:53:57+0200,5d6f4db6-a0f2-490a-bd97-b2641f9198d5,2026-08-17T00:00:00Z,2026-08-17T02:00:00+0200,93.833333,MW,DK2,DK_2,forecast_onshore_wind_generation,Wind Onshore,2026-08-21T09:08:16Z
2026-08-21T08:53:57Z,2026-08-21T10:53:57+0200,5d6f4db6-a0f2-490a-bd97-b2641f9198d5,2026-08-17T00:15:00Z,2026-08-17T02:15:00+0200,92.833333,MW,DK2,DK_2,forecast_onshore_wind_generation,Wind Onshore,2026-08-21T09:08:16Z
2026-08-21T08:53:57Z,2026-08-21T10:53:57+0200,5d6f4db6-a0f2-490a-bd97-b2641f9198d5,2026-08-17T00:30:00Z,2026-08-17T02:30:00+0200,91.833333,MW,DK2,DK_2,forecast_onshore_wind_generation,Wind Onshore,2026-08-21T09:08:16Z
2026-08-21T08:53:57Z,2026-08-21T10:53:57+0200,5d6f4db6-a0f2-490a-bd97-b2641f9198d5,2026-08-17T00:45:00Z,2026-08-17T02:45:00+0200,91.0,MW,DK2,DK_2,forecast_onshore_wind_generation,Wind Onshore,2026-08-21T09:08:16Z
2026-08-21T08:53:57Z,2026-08-21T10:53:57+0200,5d6f4db6-a0f2-490a-bd97-b2641f9198d5,2026-08-17T01:00:00Z,2026-08-17T03:00:00+0200,91.0,MW,DK2,DK_2,forecast_onshore_wind_generation,Wind Onshore,2026-08-21T09:08:16Z
2026-08-21T08:53:57Z,2026-08-21T10:53:57+0200,5d6f4db6-a0f2-490a-bd97-b2641f9198d5,2026-08-17T01:15:00Z,2026-08-17T03:15:00+0200,91.0,MW,DK2,DK_2,forecast_onshore_wind_generation,Wind Onshore,2026-08-21T09:08:16Z
2026-08-21T08:53:57Z,2026-08-21T10:53:57+0200,5d6f4db6-a0f2-490a-bd97-b2641f9198d5,2026-08-17T01:30:00Z,2026-08-17T03:30:00+0200,91.0,MW,DK2,DK_2,forecast_onshore_wind_generation,Wind Onshore,2026-08-21T09:08:16Z
2026-08-21T08:53:57Z,2026-08-21T10:53:57+0200,5d6f4db6-a0f2-490a-bd97-b2641f9198d5,2026-08-17T01:45:00Z,2026-08-17T03:45:00+0200,91.833333,MW,DK2,DK_2,forecast_onshore_wind_generation,Wind Onshore,2026-08-21T09:08:16Z
2026-08-21T08:53:57Z,2026-08-21T10:53:57+0200,5d6f4db6-a0f2-490a-bd97-b2641f9198d5,2026-08-17T02:00:00Z,2026-08-17T04:00:00+0200,92.0,MW,DK2,DK_2,forecast_onshore_wind_generation,Wind Onshore,2026-08-21T09:08:16Z
2026-08-21T08:53:57Z,2026-08-21T10:53:57+0200,5d6f4db6-a0f2-490a-bd97-b2641f9198d5,2026-08-17T02:15:00Z,2026-08-17T04:15:00+0200,91.166666,MW,DK2,DK_2,forecast_onshore_wind_generation,Wind Onshore,2026-08-21T09:08:16Z
2026-08-21T08:53:57Z,2026-08-21T10:53:57+0200,5d6f4db6-a0f2-490a-bd97-b2641f9198d5,2026-08-17T02:30:00Z,2026-08-17T04:30:00+0200,90.666666,MW,DK2,DK_2,forecast_onshore_wind_generation,Wind Onshore,2026-08-21T09:08:16Z
2026-08-21T08:53:57Z,2026-08-21T10:53:57+0200,5d6f4db6-a0f2-490a-bd97-b2641f9198d5,2026-08-17T02:45:00Z,2026-08-17T04:45:00+0200,91.833333,MW,DK2,DK_2,forecast_onshore_wind_generation,Wind Onshore,2026-08-21T09:08:16Z
2026-08-21T08:53:57Z,2026-08-21T10:53:57+0200,5d6f4db6-a0f2-490a-bd97-b2641f9198d5,2026-08-17T03:00:00Z,2026-08-17T05:00:00+0200,92.833333,MW,DK2,DK_2,forecast_onshore_wind_generation,Wind Onshore,2026-08-21T09:08:16Z
2026-08-21T08:53:57Z,2026-08-21T10:53:57+0200,5d6f4db6-a0f2-490a-bd97-b2641f9198d5,2026-08-17T03:15:00Z,2026-08-17T05:15:00+0200,93.5,MW,DK2,DK_2,forecast_onshore_wind_generation,Wind Onshore,2026-08-21T09:08:16Z
2026-08-21T08:53:57Z,2026-08-21T10:53:57+0200,5d6f4db6-a0f2-490a-bd97-b2641f9198d5,2026-08-17T03:30:00Z,2026-08-17T05:30:00+0200,95.0,MW,DK2,DK_2,forecast_onshore_wind_generation,Wind Onshore,2026-08-21T09:08:16Z
2026-08-21T08:53:57Z,2026-08-21T10:53:57+0200,5d6f4db6-a0f2-490a-bd97-b2641f9198d5,2026-08-17T03:45:00Z,2026-08-17T05:45:00+0200,96.0,MW,DK2,DK_2,forecast_onshore_wind_generation,Wind Onshore,2026-08-21T09:08:16Z
2026-08-21T08:53:57Z,2026-08-21T10:53:57+0200,5d6f4db6-a0f2-490a-bd97-b2641f9198d5,2026-08-17T04:00:00Z,2026-08-17T06:00:00+0200,96.833333,MW,DK2,DK_2,forecast_onshore_wind_generation,Wind Onshore,2026-08-21T09:08:16Z
2026-08-21T08:53:57Z,2026-08-21T10:53:57+0200,5d6f4db6-a0f2-490a-bd97-b2641f9198d5,2026-08-17T04:15:00Z,2026-08-17T06:15:00+0200,96.5,MW,DK2,DK_2,forecast_onshore_wind_generation,Wind Onshore,2026-08-21T09:08:16Z
2026-08-21T08:53:57Z,2026-08-21T10:53:57+0200,5d6f4db6-a0f2-490a-bd97-b2641f9198d5,2026-08-17T04:30:00Z,2026-08-17T06:30:00+0200,95.0,MW,DK2,DK_2,forecast_onshore_wind_generation,Wind Onshore,2026-08-21T09:08:16Z
2026-08-21T08:53:57Z,2026-08-21T10:53:57+0200,5d6f4db6-a0f2-490a-bd97-b2641f9198d5,2026-08-17T04:45:00Z,2026-08-17T06:45:00+0200,93.333333,MW,DK2,DK_2,forecast_onshore_wind_generation,Wind Onshore,2026-08-21T09:08:16Z
2026-08-21T08:53:57Z,2026-08-21T10:53:57+0200,5d6f4db6-a0f2-490a-bd97-b2641f9198d5,2026-08-17T05:00:00Z,2026-08-17T07:00:00+0200,91.5,MW,DK2,DK_2,forecast_onshore_wind_generation,Wind Onshore,2026-08-21T09:08:16Z
2026-08-21T08:53:57Z,2026-08-21T10:53:57+0200,5d6f4db6-a0f2-490a-bd97-b2641f9198d5,2026-08-17T05:15:00Z,2026-08-17T07:15:00+0200,91.0,MW,DK2,DK_2,forecast_onshore_wind_generation,Wind Onshore,2026-08-21T09:08:16Z
2026-08-21T08:53:57Z,2026-08-21T10:53:57+0200,5d6f4db6-a0f2-490a-bd97-b2641f9198d5,2026-08-17T05:30:00Z,2026-08-17T07:30:00+0200,91.0,MW,DK2,DK_2,forecast_onshore_wind_generation,Wind Onshore,2026-08-21T09:08:16Z
2026-08-21T08:53:57Z,2026-08-21T10:53:57+0200,5d6f4db6-a0f2-490a-bd97-b2641f9198d5,2026-08-17T05:45:00Z,2026-08-17T07:45:00+0200,91.0,MW,DK2,DK_2,forecast_onshore_wind_generation,Wind Onshore,2026-08-21T09:08:16Z
2026-08-21T08:53:57Z,2026-08-21T10:53:57+0200,5d6f4db6-a0f2-490a-bd97-b2641f9198d5,2026-08-17T06:00:00Z,2026-08-17T08:00:00+0200,91.166666,MW,DK2,DK_2,forecast_onshore_wind_generation,Wind Onshore,2026-08-21T09:08:16Z
2026-08-21T08:53:57Z,2026-08-21T10:53:57+0200,5d6f4db6-a0f2-490a-bd97-b2641f9198d5,2026-08-17T06:15:00Z,2026-08-17T08:15:00+0200,92.666666,MW,DK2,DK_2,forecast_onshore_wind_generation,Wind Onshore,2026-08-21T09:08:16Z
2026-08-21T08:53:57Z,2026-08-21T10:53:57+0200,5d6f4db6-a0f2-490a-bd97-b2641f9198d5,2026-08-17T06:30:00Z,2026-08-17T08:30:00+0200,95.5,MW,DK2,DK_2,forecast_onshore_wind_generation,Wind Onshore,2026-08-21T09:08:16Z
2026-08-21T08:53:57Z,2026-08-21T10:53:57+0200,5d6f4db6-a0f2-490a-bd97-b2641f9198d5,2026-08-17T06:45:00Z,2026-08-17T08:45:00+0200,100.0,MW,DK2,DK_2,forecast_onshore_wind_generation,Wind Onshore,2026-08-21T09:08:16Z
2026-08-21T08:53:57Z,2026-08-21T10:53:57+0200,5d6f4db6-a0f2-490a-bd97-b2641f9198d5,2026-08-17T07:00:00Z,2026-08-17T09:00:00+0200,106.666666,MW,DK2,DK_2,forecast_onshore_wind_generation,Wind Onshore,2026-08-21T09:08:16Z
2026-08-21T08:53:57Z,2026-08-21T10:53:57+0200,5d6f4db6-a0f2-490a-bd97-b2641f9198d5,2026-08-17T07:15:00Z,2026-08-17T09:15:00+0200,113.5,MW,DK2,DK_2,forecast_onshore_wind_generation,Wind Onshore,2026-08-21T09:08:16Z
2026-08-21T08:53:57Z,2026-08-21T10:53:57+0200,5d6f4db6-a0f2-490a-bd97-b2641f9198d5,2026-08-17T07:30:00Z,2026-08-17T09:30:00+0200,117.666666,MW,DK2,DK_2,forecast_onshore_wind_generation,Wind Onshore,2026-08-21T09:08:16Z
2026-08-21T08:53:57Z,2026-08-21T10:53:57+0200,5d6f4db6-a0f2-490a-bd97-b2641f9198d5,2026-08-17T07:45:00Z,2026-08-17T09:45:00+0200,123.0,MW,DK2,DK_2,forecast_onshore_wind_generation,Wind Onshore,2026-08-21T09:08:16Z
2026-08-21T08:53:57Z,2026-08-21T10:53:57+0200,5d6f4db6-a0f2-490a-bd97-b2641f9198d5,2026-08-17T08:00:00Z,2026-08-17T10:00:00+0200,128.5,MW,DK2,DK_2,forecast_onshore_wind_generation,Wind Onshore,2026-08-21T09:08:16Z
2026-08-21T08:53:57Z,2026-08-21T10:53:57+0200,5d6f4db6-a0f2-490a-bd97-b2641f9198d5,2026-08-17T08:15:00Z,2026-08-17T10:15:00+0200,132.0,MW,DK2,DK_2,forecast_onshore_wind_generation,Wind Onshore,2026-08-21T09:08:16Z
2026-08-21T08:53:57Z,2026-08-21T10:53:57+0200,5d6f4db6-a0f2-490a-bd97-b2641f9198d5,2026-08-17T08:30:00Z,2026-08-17T10:30:00+0200,133.5,MW,DK2,DK_2,forecast_onshore_wind_generation,Wind Onshore,2026-08-21T09:08:16Z
2026-08-21T08:53:57Z,2026-08-21T10:53:57+0200,5d6f4db6-a0f2-490a-bd97-b2641f9198d5,2026-08-17T08:45:00Z,2026-08-17T10:45:00+0200,134.833333,MW,DK2,DK_2,forecast_onshore_wind_generation,Wind Onshore,2026-08-21T09:08:16Z
2026-08-21T08:53:57Z,2026-08-21T10:53:57+0200,5d6f4db6-a0f2-490a-bd97-b2641f9198d5,2026-08-17T09:00:00Z,2026-08-17T11:00:00+0200,136.0,MW,DK2,DK_2,forecast_onshore_wind_generation,Wind Onshore,2026-08-21T09:08:16Z
2026-08-21T08:53:57Z,2026-08-21T10:53:57+0200,5d6f4db6-a0f2-490a-bd97-b2641f9198d5,2026-08-17T09:15:00Z,2026-08-17T11:15:00+0200,138.666666,MW,DK2,DK_2,forecast_onshore_wind_generation,Wind Onshore,2026-08-21T09:08:16Z
2026-08-21T08:53:57Z,2026-08-21T10:53:57+0200,5d6f4db6-a0f2-490a-bd97-b2641f9198d5,2026-08-17T09:30:00Z,2026-08-17T11:30:00+0200,143.666666,MW,DK2,DK_2,forecast_onshore_wind_generation,Wind Onshore,2026-08-21T09:08:16Z
2026-08-21T08:53:57Z,2026-08-21T10:53:57+0200,5d6f4db6-a0f2-490a-bd97-b2641f9198d5,2026-08-17T09:45:00Z,2026-08-17T11:45:00+0200,152.5,MW,DK2,DK_2,forecast_onshore_wind_generation,Wind Onshore,2026-08-21T09:08:16Z
2026-08-21T08:53:57Z,2026-08-21T10:53:57+0200,5d6f4db6-a0f2-490a-bd97-b2641f9198d5,2026-08-17T10:00:00Z,2026-08-17T12:00:00+0200,162.666666,MW,DK2,DK_2,forecast_onshore_wind_generation,Wind Onshore,2026-08-21T09:08:16Z
2026-08-21T08:53:57Z,2026-08-21T10:53:57+0200,5d6f4db6-a0f2-490a-bd97-b2641f9198d5,2026-08-17T10:15:00Z,2026-08-17T12:15:00+0200,169.333333,MW,DK2,DK_2,forecast_onshore_wind_generation,Wind Onshore,2026-08-21T09:08:16Z
2026-08-21T08:53:57Z,2026-08-21T10:53:57+0200,5d6f4db6-a0f2-490a-bd97-b2641f9198d5,2026-08-17T10:30:00Z,2026-08-17T12:30:00+0200,173.833333,MW,DK2,DK_2,forecast_onshore_wind_generation,Wind Onshore,2026-08-21T09:08:16Z
2026-08-21T08:53:57Z,2026-08-21T10:53:57+0200,5d6f4db6-a0f2-490a-bd97-b2641f9198d5,2026-08-17T10:45:00Z,2026-08-17T12:45:00+0200,175.5,MW,DK2,DK_2,forecast_onshore_wind_generation,Wind Onshore,2026-08-21T09:08:16Z
2026-08-21T08:53:57Z,2026-08-21T10:53:57+0200,5d6f4db6-a0f2-490a-bd97-b2641f9198d5,2026-08-17T11:00:00Z,2026-08-17T13:00:00+0200,177.5,MW,DK2,DK_2,forecast_onshore_wind_generation,Wind Onshore,2026-08-21T09:08:16Z
2026-08-21T08:53:57Z,2026-08-21T10:53:57+0200,5d6f4db6-a0f2-490a-bd97-b2641f9198d5,2026-08-17T11:15:00Z,2026-08-17T13:15:00+0200,181.166666,MW,DK2,DK_2,forecast_onshore_wind_generation,Wind Onshore,2026-08-21T09:08:16Z
2026-08-21T08:53:57Z,2026-08-21T10:53:57+0200,5d6f4db6-a0f2-490a-bd97-b2641f9198d5,2026-08-17T11:30:00Z,2026-08-17T13:30:00+0200,185.5,MW,DK2,DK_2,forecast_onshore_wind_generation,Wind Onshore,2026-08-21T09:08:16Z
2026-08-21T08:53:57Z,2026-08-21T10:53:57+0200,5d6f4db6-a0f2-490a-bd97-b2641f9198d5,2026-08-17T11:45:00Z,2026-08-17T13:45:00+0200,186.0,MW,DK2,DK_2,forecast_onshore_wind_generation,Wind Onshore,2026-08-21T09:08:16Z
2026-08-21T08:53:57Z,2026-08-21T10:53:57+0200,5d6f4db6-a0f2-490a-bd97-b2641f9198d5,2026-08-17T12:00:00Z,2026-08-17T14:00:00+0200,184.0,MW,DK2,DK_2,forecast_onshore_wind_generation,Wind Onshore,2026-08-21T09:08:16Z
2026-08-21T08:53:57Z,2026-08-21T10:53:57+0200,5d6f4db6-a0f2-490a-bd97-b2641f9198d5,2026-08-17T12:15:00Z,2026-08-17T14:15:00+0200,183.666666,MW,DK2,DK_2,forecast_onshore_wind_generation,Wind Onshore,2026-08-21T09:08:16Z
2026-08-21T08:53:57Z,2026-08-21T10:53:57+0200,5d6f4db6-a0f2-490a-bd97-b2641f9198d5,2026-08-17T12:30:00Z,2026-08-17T14:30:00+0200,186.333333,MW,DK2,DK_2,forecast_onshore_wind_generation,Wind Onshore,2026-08-21T09:08:16Z
2026-08-21T08:53:57Z,2026-08-21T10:53:57+0200,5d6f4db6-a0f2-490a-bd97-b2641f9198d5,2026-08-17T12:45:00Z,2026-08-17T14:45:00+0200,187.666666,MW,DK2,DK_2,forecast_onshore_wind_generation,Wind Onshore,2026-08-21T09:08:16Z
2026-08-21T08:53:57Z,2026-08-21T10:53:57+0200,5d6f4db6-a0f2-490a-bd97-b2641f9198d5,2026-08-17T13:00:00Z,2026-08-17T15:00:00+0200,191.0,MW,DK2,DK_2,forecast_onshore_wind_generation,Wind Onshore,2026-08-21T09:08:16Z
2026-08-21T08:53:57Z,2026-08-21T10:53:57+0200,5d6f4db6-a0f2-490a-bd97-b2641f9198d5,2026-08-17T13:15:00Z,2026-08-17T15:15:00+0200,194.5,MW,DK2,DK_2,forecast_onshore_wind_generation,Wind Onshore,2026-08-21T09:08:16Z
2026-08-21T08:53:57Z,2026-08-21T10:53:57+0200,5d6f4db6-a0f2-490a-bd97-b2641f9198d5,2026-08-17T13:30:00Z,2026-08-17T15:30:00+0200,197.666666,MW,DK2,DK_2,forecast_onshore_wind_generation,Wind Onshore,2026-08-21T09:08:16Z
2026-08-21T08:53:57Z,2026-08-21T10:53:57+0200,5d6f4db6-a0f2-490a-bd97-b2641f9198d5,2026-08-17T13:45:00Z,2026-08-17T15:45:00+0200,203.0,MW,DK2,DK_2,forecast_onshore_wind_generation,Wind Onshore,2026-08-21T09:08:16Z
2026-08-21T08:53:57Z,2026-08-21T10:53:57+0200,5d6f4db6-a0f2-490a-bd97-b2641f9198d5,2026-08-17T14:00:00Z,2026-08-17T16:00:00+0200,209.666666,MW,DK2,DK_2,forecast_onshore_wind_generation,Wind Onshore,2026-08-21T09:08:16Z
2026-08-21T08:53:57Z,2026-08-21T10:53:57+0200,5d6f4db6-a0f2-490a-bd97-b2641f9198d5,2026-08-17T14:15:00Z,2026-08-17T16:15:00+0200,218.5,MW,DK2,DK_2,forecast_onshore_wind_generation,Wind Onshore,2026-08-21T09:08:16Z
2026-08-21T08:53:57Z,2026-08-21T10:53:57+0200,5d6f4db6-a0f2-490a-bd97-b2641f9198d5,2026-08-17T14:30:00Z,2026-08-17T16:30:00+0200,227.166666,MW,DK2,DK_2,forecast_onshore_wind_generation,Wind Onshore,2026-08-21T09:08:16Z
2026-08-21T08:53:57Z,2026-08-21T10:53:57+0200,5d6f4db6-a0f2-490a-bd97-b2641f9198d5,2026-08-17T14:45:00Z,2026-08-17T16:45:00+0200,233.0,MW,DK2,DK_2,forecast_onshore_wind_generation,Wind Onshore,2026-08-21T09:08:16Z
2026-08-21T08:53:57Z,2026-08-21T10:53:57+0200,5d6f4db6-a0f2-490a-bd97-b2641f9198d5,2026-08-17T15:00:00Z,2026-08-17T17:00:00+0200,237.833333,MW,DK2,DK_2,forecast_onshore_wind_generation,Wind Onshore,2026-08-21T09:08:16Z
2026-08-21T08:53:57Z,2026-08-21T10:53:57+0200,5d6f4db6-a0f2-490a-bd97-b2641f9198d5,2026-08-17T15:15:00Z,2026-08-17T17:15:00+0200,239.833333,MW,DK2,DK_2,forecast_onshore_wind_generation,Wind Onshore,2026-08-21T09:08:16Z
2026-08-21T08:53:57Z,2026-08-21T10:53:57+0200,5d6f4db6-a0f2-490a-bd97-b2641f9198d5,2026-08-17T15:30:00Z,2026-08-17T17:30:00+0200,241.5,MW,DK2,DK_2,forecast_onshore_wind_generation,Wind Onshore,2026-08-21T09:08:16Z
2026-08-21T08:53:57Z,2026-08-21T10:53:57+0200,5d6f4db6-a0f2-490a-bd97-b2641f9198d5,2026-08-17T15:45:00Z,2026-08-17T17:45:00+0200,243.5,MW,DK2,DK_2,forecast_onshore_wind_generation,Wind Onshore,2026-08-21T09:08:16Z
2026-08-21T08:53:57Z,2026-08-21T10:53:57+0200,5d6f4db6-a0f2-490a-bd97-b2641f9198d5,2026-08-17T16:00:00Z,2026-08-17T18:00:00+0200,243.0,MW,DK2,DK_2,forecast_onshore_wind_generation,Wind Onshore,2026-08-21T09:08:16Z
2026-08-21T08:53:57Z,2026-08-21T10:53:57+0200,5d6f4db6-a0f2-490a-bd97-b2641f9198d5,2026-08-17T16:15:00Z,2026-08-17T18:15:00+0200,239.0,MW,DK2,DK_2,forecast_onshore_wind_generation,Wind Onshore,2026-08-21T09:08:16Z
2026-08-21T08:53:57Z,2026-08-21T10:53:57+0200,5d6f4db6-a0f2-490a-bd97-b2641f9198d5,2026-08-17T16:30:00Z,2026-08-17T18:30:00+0200,233.166666,MW,DK2,DK_2,forecast_onshore_wind_generation,Wind Onshore,2026-08-21T09:08:16Z
2026-08-21T08:53:57Z,2026-08-21T10:53:57+0200,5d6f4db6-a0f2-490a-bd97-b2641f9198d5,2026-08-17T16:45:00Z,2026-08-17T18:45:00+0200,227.666666,MW,DK2,DK_2,forecast_onshore_wind_generation,Wind Onshore,2026-08-21T09:08:16Z
2026-08-21T08:53:57Z,2026-08-21T10:53:57+0200,5d6f4db6-a0f2-490a-bd97-b2641f9198d5,2026-08-17T17:00:00Z,2026-08-17T19:00:00+0200,221.0,MW,DK2,DK_2,forecast_onshore_wind_generation,Wind Onshore,2026-08-21T09:08:16Z
2026-08-21T08:53:57Z,2026-08-21T10:53:57+0200,5d6f4db6-a0f2-490a-bd97-b2641f9198d5,2026-08-17T17:15:00Z,2026-08-17T19:15:00+0200,214.166666,MW,DK2,DK_2,forecast_onshore_wind_generation,Wind Onshore,2026-08-21T09:08:16Z
2026-08-21T08:53:57Z,2026-08-21T10:53:57+0200,5d6f4db6-a0f2-490a-bd97-b2641f9198d5,2026-08-17T17:30:00Z,2026-08-17T19:30:00+0200,209.666666,MW,DK2,DK_2,forecast_onshore_wind_generation,Wind Onshore,2026-08-21T09:08:16Z
2026-08-21T08:53:57Z,2026-08-21T10:53:57+0200,5d6f4db6-a0f2-490a-bd97-b2641f9198d5,2026-08-17T17:45:00Z,2026-08-17T19:45:00+0200,206.5,MW,DK2,DK_2,forecast_onshore_wind_generation,Wind Onshore,2026-08-21T09:08:16Z
2026-08-21T08:53:57Z,2026-08-21T10:53:57+0200,5d6f4db6-a0f2-490a-bd97-b2641f9198d5,2026-08-17T18:00:00Z,2026-08-17T20:00:00+0200,205.666666,MW,DK2,DK_2,forecast_onshore_wind_generation,Wind Onshore,2026-08-21T09:08:16Z
2026-08-21T08:53:57Z,2026-08-21T10:53:57+0200,5d6f4db6-a0f2-490a-bd97-b2641f9198d5,2026-08-17T18:15:00Z,2026-08-17T20:15:00+0200,209.166666,MW,DK2,DK_2,forecast_onshore_wind_generation,Wind Onshore,2026-08-21T09:08:16Z
2026-08-21T08:53:57Z,2026-08-21T10:53:57+0200,5d6f4db6-a0f2-490a-bd97-b2641f9198d5,2026-08-17T18:30:00Z,2026-08-17T20:30:00+0200,213.5,MW,DK2,DK_2,forecast_onshore_wind_generation,Wind Onshore,2026-08-21T09:08:16Z
2026-08-21T08:53:57Z,2026-08-21T10:53:57+0200,5d6f4db6-a0f2-490a-bd97-b2641f9198d5,2026-08-17T18:45:00Z,2026-08-17T20:45:00+0200,216.5,MW,DK2,DK_2,forecast_onshore_wind_generation,Wind Onshore,2026-08-21T09:08:16Z
2026-08-21T08:53:57Z,2026-08-21T10:53:57+0200,5d6f4db6-a0f2-490a-bd97-b2641f9198d5,2026-08-17T19:00:00Z,2026-08-17T21:00:00+0200,220.333333,MW,DK2,DK_2,forecast_onshore_wind_generation,Wind Onshore,2026-08-21T09:08:16Z
2026-08-21T08:53:57Z,2026-08-21T10:53:57+0200,5d6f4db6-a0f2-490a-bd97-b2641f9198d5,2026-08-17T19:15:00Z,2026-08-17T21:15:00+0200,224.0,MW,DK2,DK_2,forecast_onshore_wind_generation,Wind Onshore,2026-08-21T09:08:16Z
2026-08-21T08:53:57Z,2026-08-21T10:53:57+0200,5d6f4db6-a0f2-490a-bd97-b2641f9198d5,2026-08-17T19:30:00Z,2026-08-17T21:30:00+0200,228.0,MW,DK2,DK_2,forecast_onshore_wind_generation,Wind Onshore,2026-08-21T09:08:16Z
2026-08-21T08:53:57Z,2026-08-21T10:53:57+0200,5d6f4db6-a0f2-490a-bd97-b2641f9198d5,2026-08-17T19:45:00Z,2026-08-17T21:45:00+0200,231.0,MW,DK2,DK_2,forecast_onshore_wind_generation,Wind Onshore,2026-08-21T09:08:16Z
2026-08-21T08:53:57Z,2026-08-21T10:53:57+0200,5d6f4db6-a0f2-490a-bd97-b2641f9198d5,2026-08-17T20:00:00Z,2026-08-17T22:00:00+0200,232.0,MW,DK2,DK_2,forecast_onshore_wind_generation,Wind Onshore,2026-08-21T09:08:16Z
2026-08-21T08:53:57Z,2026-08-21T10:53:57+0200,5d6f4db6-a0f2-490a-bd97-b2641f9198d5,2026-08-17T20:15:00Z,2026-08-17T22:15:00+0200,230.5,MW,DK2,DK_2,forecast_onshore_wind_generation,Wind Onshore,2026-08-21T09:08:16Z
2026-08-21T08:53:57Z,2026-08-21T10:53:57+0200,5d6f4db6-a0f2-490a-bd97-b2641f9198d5,2026-08-17T20:30:00Z,2026-08-17T22:30:00+0200,228.0,MW,DK2,DK_2,forecast_onshore_wind_generation,Wind Onshore,2026-08-21T09:08:16Z
2026-08-21T08:53:57Z,2026-08-21T10:53:57+0200,5d6f4db6-a0f2-490a-bd97-b2641f9198d5,2026-08-17T20:45:00Z,2026-08-17T22:45:00+0200,226.166666,MW,DK2,DK_2,forecast_onshore_wind_generation,Wind Onshore,2026-08-21T09:08:16Z
2026-08-21T08:53:57Z,2026-08-21T10:53:57+0200,5d6f4db6-a0f2-490a-bd97-b2641f9198d5,2026-08-17T21:00:00Z,2026-08-17T23:00:00+0200,222.5,MW,DK2,DK_2,forecast_onshore_wind_generation,Wind Onshore,2026-08-21T09:08:16Z
2026-08-21T08:53:57Z,2026-08-21T10:53:57+0200,5d6f4db6-a0f2-490a-bd97-b2641f9198d5,2026-08-17T21:15:00Z,2026-08-17T23:15:00+0200,219.5,MW,DK2,DK_2,forecast_onshore_wind_generation,Wind Onshore,2026-08-21T09:08:16Z
2026-08-21T08:53:57Z,2026-08-21T10:53:57+0200,5d6f4db6-a0f2-490a-bd97-b2641f9198d5,2026-08-17T21:30:00Z,2026-08-17T23:30:00+0200,216.5,MW,DK2,DK_2,forecast_onshore_wind_generation,Wind Onshore,2026-08-21T09:08:16Z
2026-08-21T08:53:57Z,2026-08-21T10:53:57+0200,5d6f4db6-a0f2-490a-bd97-b2641f9198d5,2026-08-17T21:45:00Z,2026-08-17T23:45:00+0200,215.666666,MW,DK2,DK_2,forecast_onshore_wind_generation,Wind Onshore,2026-08-21T09:08:16Z
2026-08-21T08:53:57Z,2026-08-21T10:53:57+0200,5d6f4db6-a0f2-490a-bd97-b2641f9198d5,2026-08-17T22:00:00Z,2026-08-18T00:00:00+0200,166.833333,MW,DK2,DK_2,forecast_onshore_wind_generation,Wind Onshore,2026-08-21T09:08:16Z
2026-08-21T08:53:57Z,2026-08-21T10:53:57+0200,5d6f4db6-a0f2-490a-bd97-b2641f9198d5,2026-08-17T22:15:00Z,2026-08-18T00:15:00+0200,165.333333,MW,DK2,DK_2,forecast_onshore_wind_generation,Wind Onshore,2026-08-21T09:08:16Z
2026-08-21T08:53:57Z,2026-08-21T10:53:57+0200,5d6f4db6-a0f2-490a-bd97-b2641f9198d5,2026-08-17T22:30:00Z,2026-08-18T00:30:00+0200,162.0,MW,DK2,DK_2,forecast_onshore_wind_generation,Wind Onshore,2026-08-21T09:08:16Z
2026-08-21T08:53:57Z,2026-08-21T10:53:57+0200,5d6f4db6-a0f2-490a-bd97-b2641f9198d5,2026-08-17T22:45:00Z,2026-08-18T00:45:00+0200,155.0,MW,DK2,DK_2,forecast_onshore_wind_generation,Wind Onshore,2026-08-21T09:08:16Z
2026-08-21T08:53:57Z,2026-08-21T10:53:57+0200,5d6f4db6-a0f2-490a-bd97-b2641f9198d5,2026-08-17T23:00:00Z,2026-08-18T01:00:00+0200,148.166666,MW,DK2,DK_2,forecast_onshore_wind_generation,Wind Onshore,2026-08-21T09:08:16Z
2026-08-21T08:53:57Z,2026-08-21T10:53:57+0200,5d6f4db6-a0f2-490a-bd97-b2641f9198d5,2026-08-17T23:15:00Z,2026-08-18T01:15:00+0200,141.833333,MW,DK2,DK_2,forecast_onshore_wind_generation,Wind Onshore,2026-08-21T09:08:16Z
2026-08-21T08:53:57Z,2026-08-21T10:53:57+0200,5d6f4db6-a0f2-490a-bd97-b2641f9198d5,2026-08-17T23:30:00Z,2026-08-18T01:30:00+0200,138.5,MW,DK2,DK_2,forecast_onshore_wind_generation,Wind Onshore,2026-08-21T09:08:16Z
2026-08-21T08:53:57Z,2026-08-21T10:53:57+0200,5d6f4db6-a0f2-490a-bd97-b2641f9198d5,2026-08-17T23:45:00Z,2026-08-18T01:45:00+0200,137.166666,MW,DK2,DK_2,forecast_onshore_wind_generation,Wind Onshore,2026-08-21T09:08:16Z
2026-08-21T08:53:57Z,2026-08-21T10:53:57+0200,5d6f4db6-a0f2-490a-bd97-b2641f9198d5,2026-08-18T00:00:00Z,2026-08-18T02:00:00+0200,138.5,MW,DK2,DK_2,forecast_onshore_wind_generation,Wind Onshore,2026-08-21T09:08:16Z
2026-08-21T08:53:57Z,2026-08-21T10:53:57+0200,5d6f4db6-a0f2-490a-bd97-b2641f9198d5,2026-08-18T00:15:00Z,2026-08-18T02:15:00+0200,138.5,MW,DK2,DK_2,forecast_onshore_wind_generation,Wind Onshore,2026-08-21T09:08:16Z
2026-08-21T08:53:57Z,2026-08-21T10:53:57+0200,5d6f4db6-a0f2-490a-bd97-b2641f9198d5,2026-08-18T00:30:00Z,2026-08-18T02:30:00+0200,137.5,MW,DK2,DK_2,forecast_onshore_wind_generation,Wind Onshore,2026-08-21T09:08:16Z
2026-08-21T08:53:57Z,2026-08-21T10:53:57+0200,5d6f4db6-a0f2-490a-bd97-b2641f9198d5,2026-08-18T00:45:00Z,2026-08-18T02:45:00+0200,137.0,MW,DK2,DK_2,forecast_onshore_wind_generation,Wind Onshore,2026-08-21T09:08:16Z
2026-08-21T08:53:57Z,2026-08-21T10:53:57+0200,5d6f4db6-a0f2-490a-bd97-b2641f9198d5,2026-08-18T01:00:00Z,2026-08-18T03:00:00+0200,136.833333,MW,DK2,DK_2,forecast_onshore_wind_generation,Wind Onshore,2026-08-21T09:08:16Z
2026-08-21T08:53:57Z,2026-08-21T10:53:57+0200,5d6f4db6-a0f2-490a-bd97-b2641f9198d5,2026-08-18T01:15:00Z,2026-08-18T03:15:00+0200,136.0,MW,DK2,DK_2,forecast_onshore_wind_generation,Wind Onshore,2026-08-21T09:08:16Z
2026-08-21T08:53:57Z,2026-08-21T10:53:57+0200,5d6f4db6-a0f2-490a-bd97-b2641f9198d5,2026-08-18T01:30:00Z,2026-08-18T03:30:00+0200,136.5,MW,DK2,DK_2,forecast_onshore_wind_generation,Wind Onshore,2026-08-21T09:08:16Z
2026-08-21T08:53:57Z,2026-08-21T10:53:57+0200,5d6f4db6-a0f2-490a-bd97-b2641f9198d5,2026-08-18T01:45:00Z,2026-08-18T03:45:00+0200,138.333333,MW,DK2,DK_2,forecast_onshore_wind_generation,Wind Onshore,2026-08-21T09:08:16Z
2026-08-21T08:53:57Z,2026-08-21T10:53:57+0200,5d6f4db6-a0f2-490a-bd97-b2641f9198d5,2026-08-18T02:00:00Z,2026-08-18T04:00:00+0200,140.333333,MW,DK2,DK_2,forecast_onshore_wind_generation,Wind Onshore,2026-08-21T09:08:16Z
2026-08-21T08:53:57Z,2026-08-21T10:53:57+0200,5d6f4db6-a0f2-490a-bd97-b2641f9198d5,2026-08-18T02:15:00Z,2026-08-18T04:15:00+0200,141.5,MW,DK2,DK_2,forecast_onshore_wind_generation,Wind Onshore,2026-08-21T09:08:16Z
2026-08-21T08:53:57Z,2026-08-21T10:53:57+0200,5d6f4db6-a0f2-490a-bd97-b2641f9198d5,2026-08-18T02:30:00Z,2026-08-18T04:30:00+0200,142.666666,MW,DK2,DK_2,forecast_onshore_wind_generation,Wind Onshore,2026-08-21T09:08:16Z
2026-08-21T08:53:57Z,2026-08-21T10:53:57+0200,5d6f4db6-a0f2-490a-bd97-b2641f9198d5,2026-08-18T02:45:00Z,2026-08-18T04:45:00+0200,145.333333,MW,DK2,DK_2,forecast_onshore_wind_generation,Wind Onshore,2026-08-21T09:08:16Z
2026-08-21T08:53:57Z,2026-08-21T10:53:57+0200,5d6f4db6-a0f2-490a-bd97-b2641f9198d5,2026-08-18T03:00:00Z,2026-08-18T05:00:00+0200,147.0,MW,DK2,DK_2,forecast_onshore_wind_generation,Wind Onshore,2026-08-21T09:08:16Z
2026-08-21T08:53:57Z,2026-08-21T10:53:57+0200,5d6f4db6-a0f2-490a-bd97-b2641f9198d5,2026-08-18T03:15:00Z,2026-08-18T05:15:00+0200,148.666666,MW,DK2,DK_2,forecast_onshore_wind_generation,Wind Onshore,2026-08-21T09:08:16Z
2026-08-21T08:53:57Z,2026-08-21T10:53:57+0200,5d6f4db6-a0f2-490a-bd97-b2641f9198d5,2026-08-18T03:30:00Z,2026-08-18T05:30:00+0200,151.333333,MW,DK2,DK_2,forecast_onshore_wind_generation,Wind Onshore,2026-08-21T09:08:16Z
2026-08-21T08:53:57Z,2026-08-21T10:53:57+0200,5d6f4db6-a0f2-490a-bd97-b2641f9198d5,2026-08-18T03:45:00Z,2026-08-18T05:45:00+0200,153.0,MW,DK2,DK_2,forecast_onshore_wind_generation,Wind Onshore,2026-08-21T09:08:16Z
2026-08-21T08:53:57Z,2026-08-21T10:53:57+0200,5d6f4db6-a0f2-490a-bd97-b2641f9198d5,2026-08-18T04:00:00Z,2026-08-18T06:00:00+0200,154.166666,MW,DK2,DK_2,forecast_onshore_wind_generation,Wind Onshore,2026-08-21T09:08:16Z
2026-08-21T08:53:57Z,2026-08-21T10:53:57+0200,5d6f4db6-a0f2-490a-bd97-b2641f9198d5,2026-08-18T04:15:00Z,2026-08-18T06:15:00+0200,154.333333,MW,DK2,DK_2,forecast_onshore_wind_generation,Wind Onshore,2026-08-21T09:08:16Z
2026-08-21T08:53:57Z,2026-08-21T10:53:57+0200,5d6f4db6-a0f2-490a-bd97-b2641f9198d5,2026-08-18T04:30:00Z,2026-08-18T06:30:00+0200,150.5,MW,DK2,DK_2,forecast_onshore_wind_generation,Wind Onshore,2026-08-21T09:08:16Z
2026-08-21T08:53:57Z,2026-08-21T10:53:57+0200,5d6f4db6-a0f2-490a-bd97-b2641f9198d5,2026-08-18T04:45:00Z,2026-08-18T06:45:00+0200,146.333333,MW,DK2,DK_2,forecast_onshore_wind_generation,Wind Onshore,2026-08-21T09:08:16Z
2026-08-21T08:53:57Z,2026-08-21T10:53:57+0200,5d6f4db6-a0f2-490a-bd97-b2641f9198d5,2026-08-18T05:00:00Z,2026-08-18T07:00:00+0200,141.0,MW,DK2,DK_2,forecast_onshore_wind_generation,Wind Onshore,2026-08-21T09:08:16Z
2026-08-21T08:53:57Z,2026-08-21T10:53:57+0200,5d6f4db6-a0f2-490a-bd97-b2641f9198d5,2026-08-18T05:15:00Z,2026-08-18T07:15:00+0200,134.5,MW,DK2,DK_2,forecast_onshore_wind_generation,Wind Onshore,2026-08-21T09:08:16Z
2026-08-21T08:53:57Z,2026-08-21T10:53:57+0200,5d6f4db6-a0f2-490a-bd97-b2641f9198d5,2026-08-18T05:30:00Z,2026-08-18T07:30:00+0200,127.0,MW,DK2,DK_2,forecast_onshore_wind_generation,Wind Onshore,2026-08-21T09:08:16Z
2026-08-21T08:53:57Z,2026-08-21T10:53:57+0200,5d6f4db6-a0f2-490a-bd97-b2641f9198d5,2026-08-18T05:45:00Z,2026-08-18T07:45:00+0200,119.5,MW,DK2,DK_2,forecast_onshore_wind_generation,Wind Onshore,2026-08-21T09:08:16Z
2026-08-21T08:53:57Z,2026-08-21T10:53:57+0200,5d6f4db6-a0f2-490a-bd97-b2641f9198d5,2026-08-18T06:00:00Z,2026-08-18T08:00:00+0200,113.0,MW,DK2,DK_2,forecast_onshore_wind_generation,Wind Onshore,2026-08-21T09:08:16Z
2026-08-21T08:53:57Z,2026-08-21T10:53:57+0200,5d6f4db6-a0f2-490a-bd97-b2641f9198d5,2026-08-18T06:15:00Z,2026-08-18T08:15:00+0200,108.0,MW,DK2,DK_2,forecast_onshore_wind_generation,Wind Onshore,2026-08-21T09:08:16Z
2026-08-21T08:53:57Z,2026-08-21T10:53:57+0200,5d6f4db6-a0f2-490a-bd97-b2641f9198d5,2026-08-18T06:30:00Z,2026-08-18T08:30:00+0200,104.5,MW,DK2,DK_2,forecast_onshore_wind_generation,Wind Onshore,2026-08-21T09:08:16Z
2026-08-21T08:53:57Z,2026-08-21T10:53:57+0200,5d6f4db6-a0f2-490a-bd97-b2641f9198d5,2026-08-18T06:45:00Z,2026-08-18T08:45:00+0200,102.333333,MW,DK2,DK_2,forecast_onshore_wind_generation,Wind Onshore,2026-08-21T09:08:16Z
2026-08-21T08:53:57Z,2026-08-21T10:53:57+0200,5d6f4db6-a0f2-490a-bd97-b2641f9198d5,2026-08-18T07:00:00Z,2026-08-18T09:00:00+0200,102.833333,MW,DK2,DK_2,forecast_onshore_wind_generation,Wind Onshore,2026-08-21T09:08:16Z
2026-08-21T08:53:57Z,2026-08-21T10:53:57+0200,5d6f4db6-a0f2-490a-bd97-b2641f9198d5,2026-08-18T07:15:00Z,2026-08-18T09:15:00+0200,100.333333,MW,DK2,DK_2,forecast_onshore_wind_generation,Wind Onshore,2026-08-21T09:08:16Z
2026-08-21T08:53:57Z,2026-08-21T10:53:57+0200,5d6f4db6-a0f2-490a-bd97-b2641f9198d5,2026-08-18T07:30:00Z,2026-08-18T09:30:00+0200,96.666666,MW,DK2,DK_2,forecast_onshore_wind_generation,Wind Onshore,2026-08-21T09:08:16Z
2026-08-21T08:53:57Z,2026-08-21T10:53:57+0200,5d6f4db6-a0f2-490a-bd97-b2641f9198d5,2026-08-18T07:45:00Z,2026-08-18T09:45:00+0200,95.166666,MW,DK2,DK_2,forecast_onshore_wind_generation,Wind Onshore,2026-08-21T09:08:16Z
2026-08-21T08:53:57Z,2026-08-21T10:53:57+0200,5d6f4db6-a0f2-490a-bd97-b2641f9198d5,2026-08-18T08:00:00Z,2026-08-18T10:00:00+0200,94.5,MW,DK2,DK_2,forecast_onshore_wind_generation,Wind Onshore,2026-08-21T09:08:16Z
2026-08-21T08:53:57Z,2026-08-21T10:53:57+0200,5d6f4db6-a0f2-490a-bd97-b2641f9198d5,2026-08-18T08:15:00Z,2026-08-18T10:15:00+0200,92.333333,MW,DK2,DK_2,forecast_onshore_wind_generation,Wind Onshore,2026-08-21T09:08:16Z
2026-08-21T08:53:57Z,2026-08-21T10:53:57+0200,5d6f4db6-a0f2-490a-bd97-b2641f9198d5,2026-08-18T08:30:00Z,2026-08-18T10:30:00+0200,88.666666,MW,DK2,DK_2,forecast_onshore_wind_generation,Wind Onshore,2026-08-21T09:08:16Z
2026-08-21T08:53:57Z,2026-08-21T10:53:57+0200,5d6f4db6-a0f2-490a-bd97-b2641f9198d5,2026-08-18T08:45:00Z,2026-08-18T10:45:00+0200,88.0,MW,DK2,DK_2,forecast_onshore_wind_generation,Wind Onshore,2026-08-21T09:08:16Z
2026-08-21T08:53:57Z,2026-08-21T10:53:57+0200,5d6f4db6-a0f2-490a-bd97-b2641f9198d5,2026-08-18T09:00:00Z,2026-08-18T11:00:00+0200,88.0,MW,DK2,DK_2,forecast_onshore_wind_generation,Wind Onshore,2026-08-21T09:08:16Z
2026-08-21T08:53:57Z,2026-08-21T10:53:57+0200,5d6f4db6-a0f2-490a-bd97-b2641f9198d5,2026-08-18T09:15:00Z,2026-08-18T11:15:00+0200,88.0,MW,DK2,DK_2,forecast_onshore_wind_generation,Wind Onshore,2026-08-21T09:08:16Z
2026-08-21T08:53:57Z,2026-08-21T10:53:57+0200,5d6f4db6-a0f2-490a-bd97-b2641f9198d5,2026-08-18T09:30:00Z,2026-08-18T11:30:00+0200,89.0,MW,DK2,DK_2,forecast_onshore_wind_generation,Wind Onshore,2026-08-21T09:08:16Z
2026-08-21T08:53:57Z,2026-08-21T10:53:57+0200,5d6f4db6-a0f2-490a-bd97-b2641f9198d5,2026-08-18T09:45:00Z,2026-08-18T11:45:00+0200,91.5,MW,DK2,DK_2,forecast_onshore_wind_generation,Wind Onshore,2026-08-21T09:08:16Z
2026-08-21T08:53:57Z,2026-08-21T10:53:57+0200,5d6f4db6-a0f2-490a-bd97-b2641f9198d5,2026-08-18T10:00:00Z,2026-08-18T12:00:00+0200,94.5,MW,DK2,DK_2,forecast_onshore_wind_generation,Wind Onshore,2026-08-21T09:08:16Z
2026-08-21T08:53:57Z,2026-08-21T10:53:57+0200,5d6f4db6-a0f2-490a-bd97-b2641f9198d5,2026-08-18T10:15:00Z,2026-08-18T12:15:00+0200,96.666666,MW,DK2,DK_2,forecast_onshore_wind_generation,Wind Onshore,2026-08-21T09:08:16Z
2026-08-21T08:53:57Z,2026-08-21T10:53:57+0200,5d6f4db6-a0f2-490a-bd97-b2641f9198d5,2026-08-18T10:30:00Z,2026-08-18T12:30:00+0200,99.333333,MW,DK2,DK_2,forecast_onshore_wind_generation,Wind Onshore,2026-08-21T09:08:16Z
2026-08-21T08:53:57Z,2026-08-21T10:53:57+0200,5d6f4db6-a0f2-490a-bd97-b2641f9198d5,2026-08-18T10:45:00Z,2026-08-18T12:45:00+0200,101.333333,MW,DK2,DK_2,forecast_onshore_wind_generation,Wind Onshore,2026-08-21T09:08:16Z
2026-08-21T08:53:57Z,2026-08-21T10:53:57+0200,5d6f4db6-a0f2-490a-bd97-b2641f9198d5,2026-08-18T11:00:00Z,2026-08-18T13:00:00+0200,103.333333,MW,DK2,DK_2,forecast_onshore_wind_generation,Wind Onshore,2026-08-21T09:08:16Z
2026-08-21T08:53:57Z,2026-08-21T10:53:57+0200,5d6f4db6-a0f2-490a-bd97-b2641f9198d5,2026-08-18T11:15:00Z,2026-08-18T13:15:00+0200,106.0,MW,DK2,DK_2,forecast_onshore_wind_generation,Wind Onshore,2026-08-21T09:08:16Z
2026-08-21T08:53:57Z,2026-08-21T10:53:57+0200,5d6f4db6-a0f2-490a-bd97-b2641f9198d5,2026-08-18T11:30:00Z,2026-08-18T13:30:00+0200,109.333333,MW,DK2,DK_2,forecast_onshore_wind_generation,Wind Onshore,2026-08-21T09:08:16Z
2026-08-21T08:53:57Z,2026-08-21T10:53:57+0200,5d6f4db6-a0f2-490a-bd97-b2641f9198d5,2026-08-18T11:45:00Z,2026-08-18T13:45:00+0200,110.0,MW,DK2,DK_2,forecast_onshore_wind_generation,Wind Onshore,2026-08-21T09:08:16Z
2026-08-21T08:53:57Z,2026-08-21T10:53:57+0200,5d6f4db6-a0f2-490a-bd97-b2641f9198d5,2026-08-18T12:00:00Z,2026-08-18T14:00:00+0200,108.5,MW,DK2,DK_2,forecast_onshore_wind_generation,Wind Onshore,2026-08-21T09:08:16Z
2026-08-21T08:53:57Z,2026-08-21T10:53:57+0200,5d6f4db6-a0f2-490a-bd97-b2641f9198d5,2026-08-18T12:15:00Z,2026-08-18T14:15:00+0200,106.0,MW,DK2,DK_2,forecast_onshore_wind_generation,Wind Onshore,2026-08-21T09:08:16Z
2026-08-21T08:53:57Z,2026-08-21T10:53:57+0200,5d6f4db6-a0f2-490a-bd97-b2641f9198d5,2026-08-18T12:30:00Z,2026-08-18T14:30:00+0200,104.333333,MW,DK2,DK_2,forecast_onshore_wind_generation,Wind Onshore,2026-08-21T09:08:16Z
2026-08-21T08:53:57Z,2026-08-21T10:53:57+0200,5d6f4db6-a0f2-490a-bd97-b2641f9198d5,2026-08-18T12:45:00Z,2026-08-18T14:45:00+0200,103.0,MW,DK2,DK_2,forecast_onshore_wind_generation,Wind Onshore,2026-08-21T09:08:16Z
2026-08-21T08:53:57Z,2026-08-21T10:53:57+0200,5d6f4db6-a0f2-490a-bd97-b2641f9198d5,2026-08-18T13:00:00Z,2026-08-18T15:00:00+0200,102.833333,MW,DK2,DK_2,forecast_onshore_wind_generation,Wind Onshore,2026-08-21T09:08:16Z
2026-08-21T08:53:57Z,2026-08-21T10:53:57+0200,5d6f4db6-a0f2-490a-bd97-b2641f9198d5,2026-08-18T13:15:00Z,2026-08-18T15:15:00+0200,100.666666,MW,DK2,DK_2,forecast_onshore_wind_generation,Wind Onshore,2026-08-21T09:08:16Z
2026-08-21T08:53:57Z,2026-08-21T10:53:57+0200,5d6f4db6-a0f2-490a-bd97-b2641f9198d5,2026-08-18T13:30:00Z,2026-08-18T15:30:00+0200,99.166666,MW,DK2,DK_2,forecast_onshore_wind_generation,Wind Onshore,2026-08-21T09:08:16Z
2026-08-21T08:53:57Z,2026-08-21T10:53:57+0200,5d6f4db6-a0f2-490a-bd97-b2641f9198d5,2026-08-18T13:45:00Z,2026-08-18T15:45:00+0200,98.166666,MW,DK2,DK_2,forecast_onshore_wind_generation,Wind Onshore,2026-08-21T09:08:16Z
2026-08-21T08:53:57Z,2026-08-21T10:53:57+0200,5d6f4db6-a0f2-490a-bd97-b2641f9198d5,2026-08-18T14:00:00Z,2026-08-18T16:00:00+0200,98.0,MW,DK2,DK_2,forecast_onshore_wind_generation,Wind Onshore,2026-08-21T09:08:16Z
2026-08-21T08:53:57Z,2026-08-21T10:53:57+0200,5d6f4db6-a0f2-490a-bd97-b2641f9198d5,2026-08-18T14:15:00Z,2026-08-18T16:15:00+0200,98.666666,MW,DK2,DK_2,forecast_onshore_wind_generation,Wind Onshore,2026-08-21T09:08:16Z
2026-08-21T08:53:57Z,2026-08-21T10:53:57+0200,5d6f4db6-a0f2-490a-bd97-b2641f9198d5,2026-08-18T14:30:00Z,2026-08-18T16:30:00+0200,100.666666,MW,DK2,DK_2,forecast_onshore_wind_generation,Wind Onshore,2026-08-21T09:08:16Z
2026-08-21T08:53:57Z,2026-08-21T10:53:57+0200,5d6f4db6-a0f2-490a-bd97-b2641f9198d5,2026-08-18T14:45:00Z,2026-08-18T16:45:00+0200,101.833333,MW,DK2,DK_2,forecast_onshore_wind_generation,Wind Onshore,2026-08-21T09:08:16Z
2026-08-21T08:53:57Z,2026-08-21T10:53:57+0200,5d6f4db6-a0f2-490a-bd97-b2641f9198d5,2026-08-18T15:00:00Z,2026-08-18T17:00:00+0200,99.333333,MW,DK2,DK_2,forecast_onshore_wind_generation,Wind Onshore,2026-08-21T09:08:16Z
2026-08-21T08:53:57Z,2026-08-21T10:53:57+0200,5d6f4db6-a0f2-490a-bd97-b2641f9198d5,2026-08-18T15:15:00Z,2026-08-18T17:15:00+0200,93.5,MW,DK2,DK_2,forecast_onshore_wind_generation,Wind Onshore,2026-08-21T09:08:16Z
2026-08-21T08:53:57Z,2026-08-21T10:53:57+0200,5d6f4db6-a0f2-490a-bd97-b2641f9198d5,2026-08-18T15:30:00Z,2026-08-18T17:30:00+0200,86.0,MW,DK2,DK_2,forecast_onshore_wind_generation,Wind Onshore,2026-08-21T09:08:16Z
2026-08-21T08:53:57Z,2026-08-21T10:53:57+0200,5d6f4db6-a0f2-490a-bd97-b2641f9198d5,2026-08-18T15:45:00Z,2026-08-18T17:45:00+0200,79.5,MW,DK2,DK_2,forecast_onshore_wind_generation,Wind Onshore,2026-08-21T09:08:16Z
2026-08-21T08:53:57Z,2026-08-21T10:53:57+0200,5d6f4db6-a0f2-490a-bd97-b2641f9198d5,2026-08-18T16:00:00Z,2026-08-18T18:00:00+0200,75.666666,MW,DK2,DK_2,forecast_onshore_wind_generation,Wind Onshore,2026-08-21T09:08:16Z
2026-08-21T08:53:57Z,2026-08-21T10:53:57+0200,5d6f4db6-a0f2-490a-bd97-b2641f9198d5,2026-08-18T16:15:00Z,2026-08-18T18:15:00+0200,74.166666,MW,DK2,DK_2,forecast_onshore_wind_generation,Wind Onshore,2026-08-21T09:08:16Z
2026-08-21T08:53:57Z,2026-08-21T10:53:57+0200,5d6f4db6-a0f2-490a-bd97-b2641f9198d5,2026-08-18T16:30:00Z,2026-08-18T18:30:00+0200,73.5,MW,DK2,DK_2,forecast_onshore_wind_generation,Wind Onshore,2026-08-21T09:08:16Z
2026-08-21T08:53:57Z,2026-08-21T10:53:57+0200,5d6f4db6-a0f2-490a-bd97-b2641f9198d5,2026-08-18T16:45:00Z,2026-08-18T18:45:00+0200,71.333333,MW,DK2,DK_2,forecast_onshore_wind_generation,Wind Onshore,2026-08-21T09:08:16Z
2026-08-21T08:53:57Z,2026-08-21T10:53:57+0200,5d6f4db6-a0f2-490a-bd97-b2641f9198d5,2026-08-18T17:00:00Z,2026-08-18T19:00:00+0200,65.833333,MW,DK2,DK_2,forecast_onshore_wind_generation,Wind Onshore,2026-08-21T09:08:16Z
2026-08-21T08:53:57Z,2026-08-21T10:53:57+0200,5d6f4db6-a0f2-490a-bd97-b2641f9198d5,2026-08-18T17:15:00Z,2026-08-18T19:15:00+0200,58.166666,MW,DK2,DK_2,forecast_onshore_wind_generation,Wind Onshore,2026-08-21T09:08:16Z
2026-08-21T08:53:57Z,2026-08-21T10:53:57+0200,5d6f4db6-a0f2-490a-bd97-b2641f9198d5,2026-08-18T17:30:00Z,2026-08-18T19:30:00+0200,52.166666,MW,DK2,DK_2,forecast_onshore_wind_generation,Wind Onshore,2026-08-21T09:08:16Z
2026-08-21T08:53:57Z,2026-08-21T10:53:57+0200,5d6f4db6-a0f2-490a-bd97-b2641f9198d5,2026-08-18T17:45:00Z,2026-08-18T19:45:00+0200,48.5,MW,DK2,DK_2,forecast_onshore_wind_generation,Wind Onshore,2026-08-21T09:08:16Z
2026-08-21T08:53:57Z,2026-08-21T10:53:57+0200,5d6f4db6-a0f2-490a-bd97-b2641f9198d5,2026-08-18T18:00:00Z,2026-08-18T20:00:00+0200,45.5,MW,DK2,DK_2,forecast_onshore_wind_generation,Wind Onshore,2026-08-21T09:08:16Z
2026-08-21T08:53:57Z,2026-08-21T10:53:57+0200,5d6f4db6-a0f2-490a-bd97-b2641f9198d5,2026-08-18T18:15:00Z,2026-08-18T20:15:00+0200,42.0,MW,DK2,DK_2,forecast_onshore_wind_generation,Wind Onshore,2026-08-21T09:08:16Z
2026-08-21T08:53:57Z,2026-08-21T10:53:57+0200,5d6f4db6-a0f2-490a-bd97-b2641f9198d5,2026-08-18T18:30:00Z,2026-08-18T20:30:00+0200,37.333333,MW,DK2,DK_2,forecast_onshore_wind_generation,Wind Onshore,2026-08-21T09:08:16Z
2026-08-21T08:53:57Z,2026-08-21T10:53:57+0200,5d6f4db6-a0f2-490a-bd97-b2641f9198d5,2026-08-18T18:45:00Z,2026-08-18T20:45:00+0200,35.0,MW,DK2,DK_2,forecast_onshore_wind_generation,Wind Onshore,2026-08-21T09:08:16Z
2026-08-21T08:53:57Z,2026-08-21T10:53:57+0200,5d6f4db6-a0f2-490a-bd97-b2641f9198d5,2026-08-18T19:00:00Z,2026-08-18T21:00:00+0200,33.333333,MW,DK2,DK_2,forecast_onshore_wind_generation,Wind Onshore,2026-08-21T09:08:16Z
2026-08-21T08:53:57Z,2026-08-21T10:53:57+0200,5d6f4db6-a0f2-490a-bd97-b2641f9198d5,2026-08-18T19:15:00Z,2026-08-18T21:15:00+0200,31.0,MW,DK2,DK_2,forecast_onshore_wind_generation,Wind Onshore,2026-08-21T09:08:16Z
2026-08-21T08:53:57Z,2026-08-21T10:53:57+0200,5d6f4db6-a0f2-490a-bd97-b2641f9198d5,2026-08-18T19:30:00Z,2026-08-18T21:30:00+0200,29.5,MW,DK2,DK_2,forecast_onshore_wind_generation,Wind Onshore,2026-08-21T09:08:16Z
2026-08-21T08:53:57Z,2026-08-21T10:53:57+0200,5d6f4db6-a0f2-490a-bd97-b2641f9198d5,2026-08-18T19:45:00Z,2026-08-18T21:45:00+0200,28.833333,MW,DK2,DK_2,forecast_onshore_wind_generation,Wind Onshore,2026-08-21T09:08:16Z
2026-08-21T08:53:57Z,2026-08-21T10:53:57+0200,5d6f4db6-a0f2-490a-bd97-b2641f9198d5,2026-08-18T20:00:00Z,2026-08-18T22:00:00+0200,27.833333,MW,DK2,DK_2,forecast_onshore_wind_generation,Wind Onshore,2026-08-21T09:08:16Z
2026-08-21T08:53:57Z,2026-08-21T10:53:57+0200,5d6f4db6-a0f2-490a-bd97-b2641f9198d5,2026-08-18T20:15:00Z,2026-08-18T22:15:00+0200,26.5,MW,DK2,DK_2,forecast_onshore_wind_generation,Wind Onshore,2026-08-21T09:08:16Z
2026-08-21T08:53:57Z,2026-08-21T10:53:57+0200,5d6f4db6-a0f2-490a-bd97-b2641f9198d5,2026-08-18T20:30:00Z,2026-08-18T22:30:00+0200,25.5,MW,DK2,DK_2,forecast_onshore_wind_generation,Wind Onshore,2026-08-21T09:08:16Z
2026-08-21T08:53:57Z,2026-08-21T10:53:57+0200,5d6f4db6-a0f2-490a-bd97-b2641f9198d5,2026-08-18T20:45:00Z,2026-08-18T22:45:00+0200,24.833333,MW,DK2,DK_2,forecast_onshore_wind_generation,Wind Onshore,2026-08-21T09:08:16Z
2026-08-21T08:53:57Z,2026-08-21T10:53:57+0200,5d6f4db6-a0f2-490a-bd97-b2641f9198d5,2026-08-18T21:00:00Z,2026-08-18T23:00:00+0200,23.5,MW,DK2,DK_2,forecast_onshore_wind_generation,Wind Onshore,2026-08-21T09:08:16Z
2026-08-21T08:53:57Z,2026-08-21T10:53:57+0200,5d6f4db6-a0f2-490a-bd97-b2641f9198d5,2026-08-18T21:15:00Z,2026-08-18T23:15:00+0200,22.0,MW,DK2,DK_2,forecast_onshore_wind_generation,Wind Onshore,2026-08-21T09:08:16Z
2026-08-21T08:53:57Z,2026-08-21T10:53:57+0200,5d6f4db6-a0f2-490a-bd97-b2641f9198d5,2026-08-18T21:30:00Z,2026-08-18T23:30:00+0200,20.5,MW,DK2,DK_2,forecast_onshore_wind_generation,Wind Onshore,2026-08-21T09:08:16Z
2026-08-21T08:53:57Z,2026-08-21T10:53:57+0200,5d6f4db6-a0f2-490a-bd97-b2641f9198d5,2026-08-18T21:45:00Z,2026-08-18T23:45:00+0200,19.833333,MW,DK2,DK_2,forecast_onshore_wind_generation,Wind Onshore,2026-08-21T09:08:16Z
2026-08-21T08:53:57Z,2026-08-21T10:53:57+0200,5d6f4db6-a0f2-490a-bd97-b2641f9198d5,2026-08-18T22:00:00Z,2026-08-19T00:00:00+0200,13.0,MW,DK2,DK_2,forecast_onshore_wind_generation,Wind Onshore,2026-08-21T09:08:16Z
2026-08-21T08:53:57Z,2026-08-21T10:53:57+0200,5d6f4db6-a0f2-490a-bd97-b2641f9198d5,2026-08-18T22:15:00Z,2026-08-19T00:15:00+0200,13.833333,MW,DK2,DK_2,forecast_onshore_wind_generation,Wind Onshore,2026-08-21T09:08:16Z
2026-08-21T08:53:57Z,2026-08-21T10:53:57+0200,5d6f4db6-a0f2-490a-bd97-b2641f9198d5,2026-08-18T22:30:00Z,2026-08-19T00:30:00+0200,14.0,MW,DK2,DK_2,forecast_onshore_wind_generation,Wind Onshore,2026-08-21T09:08:16Z
2026-08-21T08:53:57Z,2026-08-21T10:53:57+0200,5d6f4db6-a0f2-490a-bd97-b2641f9198d5,2026-08-18T22:45:00Z,2026-08-19T00:45:00+0200,14.0,MW,DK2,DK_2,forecast_onshore_wind_generation,Wind Onshore,2026-08-21T09:08:16Z
2026-08-21T08:53:57Z,2026-08-21T10:53:57+0200,5d6f4db6-a0f2-490a-bd97-b2641f9198d5,2026-08-18T23:00:00Z,2026-08-19T01:00:00+0200,15.0,MW,DK2,DK_2,forecast_onshore_wind_generation,Wind Onshore,2026-08-21T09:08:16Z
2026-08-21T08:53:57Z,2026-08-21T10:53:57+0200,5d6f4db6-a0f2-490a-bd97-b2641f9198d5,2026-08-18T23:15:00Z,2026-08-19T01:15:00+0200,16.666666,MW,DK2,DK_2,forecast_onshore_wind_generation,Wind Onshore,2026-08-21T09:08:16Z
2026-08-21T08:53:57Z,2026-08-21T10:53:57+0200,5d6f4db6-a0f2-490a-bd97-b2641f9198d5,2026-08-18T23:30:00Z,2026-08-19T01:30:00+0200,19.5,MW,DK2,DK_2,forecast_onshore_wind_generation,Wind Onshore,2026-08-21T09:08:16Z
2026-08-21T08:53:57Z,2026-08-21T10:53:57+0200,5d6f4db6-a0f2-490a-bd97-b2641f9198d5,2026-08-18T23:45:00Z,2026-08-19T01:45:00+0200,21.5,MW,DK2,DK_2,forecast_onshore_wind_generation,Wind Onshore,2026-08-21T09:08:16Z
2026-08-21T08:53:57Z,2026-08-21T10:53:57+0200,5d6f4db6-a0f2-490a-bd97-b2641f9198d5,2026-08-19T00:00:00Z,2026-08-19T02:00:00+0200,22.0,MW,DK2,DK_2,forecast_onshore_wind_generation,Wind Onshore,2026-08-21T09:08:16Z
2026-08-21T08:53:57Z,2026-08-21T10:53:57+0200,5d6f4db6-a0f2-490a-bd97-b2641f9198d5,2026-08-19T00:15:00Z,2026-08-19T02:15:00+0200,22.0,MW,DK2,DK_2,forecast_onshore_wind_generation,Wind Onshore,2026-08-21T09:08:16Z
2026-08-21T08:53:57Z,2026-08-21T10:53:57+0200,5d6f4db6-a0f2-490a-bd97-b2641f9198d5,2026-08-19T00:30:00Z,2026-08-19T02:30:00+0200,22.166666,MW,DK2,DK_2,forecast_onshore_wind_generation,Wind Onshore,2026-08-21T09:08:16Z
2026-08-21T08:53:57Z,2026-08-21T10:53:57+0200,5d6f4db6-a0f2-490a-bd97-b2641f9198d5,2026-08-19T00:45:00Z,2026-08-19T02:45:00+0200,23.166666,MW,DK2,DK_2,forecast_onshore_wind_generation,Wind Onshore,2026-08-21T09:08:16Z
2026-08-21T08:53:57Z,2026-08-21T10:53:57+0200,5d6f4db6-a0f2-490a-bd97-b2641f9198d5,2026-08-19T01:00:00Z,2026-08-19T03:00:00+0200,24.666666,MW,DK2,DK_2,forecast_onshore_wind_generation,Wind Onshore,2026-08-21T09:08:16Z
2026-08-21T08:53:57Z,2026-08-21T10:53:57+0200,5d6f4db6-a0f2-490a-bd97-b2641f9198d5,2026-08-19T01:15:00Z,2026-08-19T03:15:00+0200,26.666666,MW,DK2,DK_2,forecast_onshore_wind_generation,Wind Onshore,2026-08-21T09:08:16Z
2026-08-21T08:53:57Z,2026-08-21T10:53:57+0200,5d6f4db6-a0f2-490a-bd97-b2641f9198d5,2026-08-19T01:30:00Z,2026-08-19T03:30:00+0200,29.5,MW,DK2,DK_2,forecast_onshore_wind_generation,Wind Onshore,2026-08-21T09:08:16Z
2026-08-21T08:53:57Z,2026-08-21T10:53:57+0200,5d6f4db6-a0f2-490a-bd97-b2641f9198d5,2026-08-19T01:45:00Z,2026-08-19T03:45:00+0200,32.833333,MW,DK2,DK_2,forecast_onshore_wind_generation,Wind Onshore,2026-08-21T09:08:16Z
2026-08-21T08:53:57Z,2026-08-21T10:53:57+0200,5d6f4db6-a0f2-490a-bd97-b2641f9198d5,2026-08-19T02:00:00Z,2026-08-19T04:00:00+0200,36.0,MW,DK2,DK_2,forecast_onshore_wind_generation,Wind Onshore,2026-08-21T09:08:16Z
2026-08-21T08:53:57Z,2026-08-21T10:53:57+0200,5d6f4db6-a0f2-490a-bd97-b2641f9198d5,2026-08-19T02:15:00Z,2026-08-19T04:15:00+0200,40.5,MW,DK2,DK_2,forecast_onshore_wind_generation,Wind Onshore,2026-08-21T09:08:16Z
2026-08-21T08:53:57Z,2026-08-21T10:53:57+0200,5d6f4db6-a0f2-490a-bd97-b2641f9198d5,2026-08-19T02:30:00Z,2026-08-19T04:30:00+0200,45.0,MW,DK2,DK_2,forecast_onshore_wind_generation,Wind Onshore,2026-08-21T09:08:16Z
2026-08-21T08:53:57Z,2026-08-21T10:53:57+0200,5d6f4db6-a0f2-490a-bd97-b2641f9198d5,2026-08-19T02:45:00Z,2026-08-19T04:45:00+0200,48.5,MW,DK2,DK_2,forecast_onshore_wind_generation,Wind Onshore,2026-08-21T09:08:16Z
2026-08-21T08:53:57Z,2026-08-21T10:53:57+0200,5d6f4db6-a0f2-490a-bd97-b2641f9198d5,2026-08-19T03:00:00Z,2026-08-19T05:00:00+0200,51.0,MW,DK2,DK_2,forecast_onshore_wind_generation,Wind Onshore,2026-08-21T09:08:16Z
2026-08-21T08:53:57Z,2026-08-21T10:53:57+0200,5d6f4db6-a0f2-490a-bd97-b2641f9198d5,2026-08-19T03:15:00Z,2026-08-19T05:15:00+0200,53.0,MW,DK2,DK_2,forecast_onshore_wind_generation,Wind Onshore,2026-08-21T09:08:16Z
2026-08-21T08:53:57Z,2026-08-21T10:53:57+0200,5d6f4db6-a0f2-490a-bd97-b2641f9198d5,2026-08-19T03:30:00Z,2026-08-19T05:30:00+0200,55.666666,MW,DK2,DK_2,forecast_onshore_wind_generation,Wind Onshore,2026-08-21T09:08:16Z
2026-08-21T08:53:57Z,2026-08-21T10:53:57+0200,5d6f4db6-a0f2-490a-bd97-b2641f9198d5,2026-08-19T03:45:00Z,2026-08-19T05:45:00+0200,60.166666,MW,DK2,DK_2,forecast_onshore_wind_generation,Wind Onshore,2026-08-21T09:08:16Z
2026-08-21T08:53:57Z,2026-08-21T10:53:57+0200,5d6f4db6-a0f2-490a-bd97-b2641f9198d5,2026-08-19T04:00:00Z,2026-08-19T06:00:00+0200,66.0,MW,DK2,DK_2,forecast_onshore_wind_generation,Wind Onshore,2026-08-21T09:08:16Z
2026-08-21T08:53:57Z,2026-08-21T10:53:57+0200,5d6f4db6-a0f2-490a-bd97-b2641f9198d5,2026-08-19T04:15:00Z,2026-08-19T06:15:00+0200,72.0,MW,DK2,DK_2,forecast_onshore_wind_generation,Wind Onshore,2026-08-21T09:08:16Z
2026-08-21T08:53:57Z,2026-08-21T10:53:57+0200,5d6f4db6-a0f2-490a-bd97-b2641f9198d5,2026-08-19T04:30:00Z,2026-08-19T06:30:00+0200,77.5,MW,DK2,DK_2,forecast_onshore_wind_generation,Wind Onshore,2026-08-21T09:08:16Z
2026-08-21T08:53:57Z,2026-08-21T10:53:57+0200,5d6f4db6-a0f2-490a-bd97-b2641f9198d5,2026-08-19T04:45:00Z,2026-08-19T06:45:00+0200,82.0,MW,DK2,DK_2,forecast_onshore_wind_generation,Wind Onshore,2026-08-21T09:08:16Z
2026-08-21T08:53:57Z,2026-08-21T10:53:57+0200,5d6f4db6-a0f2-490a-bd97-b2641f9198d5,2026-08-19T05:00:00Z,2026-08-19T07:00:00+0200,84.666666,MW,DK2,DK_2,forecast_onshore_wind_generation,Wind Onshore,2026-08-21T09:08:16Z
2026-08-21T08:53:57Z,2026-08-21T10:53:57+0200,5d6f4db6-a0f2-490a-bd97-b2641f9198d5,2026-08-19T05:15:00Z,2026-08-19T07:15:00+0200,87.5,MW,DK2,DK_2,forecast_onshore_wind_generation,Wind Onshore,2026-08-21T09:08:16Z
2026-08-21T08:53:57Z,2026-08-21T10:53:57+0200,5d6f4db6-a0f2-490a-bd97-b2641f9198d5,2026-08-19T05:30:00Z,2026-08-19T07:30:00+0200,90.0,MW,DK2,DK_2,forecast_onshore_wind_generation,Wind Onshore,2026-08-21T09:08:16Z
2026-08-21T08:53:57Z,2026-08-21T10:53:57+0200,5d6f4db6-a0f2-490a-bd97-b2641f9198d5,2026-08-19T05:45:00Z,2026-08-19T07:45:00+0200,92.0,MW,DK2,DK_2,forecast_onshore_wind_generation,Wind Onshore,2026-08-21T09:08:16Z
2026-08-21T08:53:57Z,2026-08-21T10:53:57+0200,5d6f4db6-a0f2-490a-bd97-b2641f9198d5,2026-08-19T06:00:00Z,2026-08-19T08:00:00+0200,94.666666,MW,DK2,DK_2,forecast_onshore_wind_generation,Wind Onshore,2026-08-21T09:08:16Z
2026-08-21T08:53:57Z,2026-08-21T10:53:57+0200,5d6f4db6-a0f2-490a-bd97-b2641f9198d5,2026-08-19T06:15:00Z,2026-08-19T08:15:00+0200,99.166666,MW,DK2,DK_2,forecast_onshore_wind_generation,Wind Onshore,2026-08-21T09:08:16Z
2026-08-21T08:53:57Z,2026-08-21T10:53:57+0200,5d6f4db6-a0f2-490a-bd97-b2641f9198d5,2026-08-19T06:30:00Z,2026-08-19T08:30:00+0200,105.166666,MW,DK2,DK_2,forecast_onshore_wind_generation,Wind Onshore,2026-08-21T09:08:16Z
2026-08-21T08:53:57Z,2026-08-21T10:53:57+0200,5d6f4db6-a0f2-490a-bd97-b2641f9198d5,2026-08-19T06:45:00Z,2026-08-19T08:45:00+0200,114.166666,MW,DK2,DK_2,forecast_onshore_wind_generation,Wind Onshore,2026-08-21T09:08:16Z
2026-08-21T08:53:57Z,2026-08-21T10:53:57+0200,5d6f4db6-a0f2-490a-bd97-b2641f9198d5,2026-08-19T07:00:00Z,2026-08-19T09:00:00+0200,126.0,MW,DK2,DK_2,forecast_onshore_wind_generation,Wind Onshore,2026-08-21T09:08:16Z
2026-08-21T08:53:57Z,2026-08-21T10:53:57+0200,5d6f4db6-a0f2-490a-bd97-b2641f9198d5,2026-08-19T07:15:00Z,2026-08-19T09:15:00+0200,136.5,MW,DK2,DK_2,forecast_onshore_wind_generation,Wind Onshore,2026-08-21T09:08:16Z
2026-08-21T08:53:57Z,2026-08-21T10:53:57+0200,5d6f4db6-a0f2-490a-bd97-b2641f9198d5,2026-08-19T07:30:00Z,2026-08-19T09:30:00+0200,147.0,MW,DK2,DK_2,forecast_onshore_wind_generation,Wind Onshore,2026-08-21T09:08:16Z
2026-08-21T08:53:57Z,2026-08-21T10:53:57+0200,5d6f4db6-a0f2-490a-bd97-b2641f9198d5,2026-08-19T07:45:00Z,2026-08-19T09:45:00+0200,157.5,MW,DK2,DK_2,forecast_onshore_wind_generation,Wind Onshore,2026-08-21T09:08:16Z
2026-08-21T08:53:57Z,2026-08-21T10:53:57+0200,5d6f4db6-a0f2-490a-bd97-b2641f9198d5,2026-08-19T08:00:00Z,2026-08-19T10:00:00+0200,166.5,MW,DK2,DK_2,forecast_onshore_wind_generation,Wind Onshore,2026-08-21T09:08:16Z
2026-08-21T08:53:57Z,2026-08-21T10:53:57+0200,5d6f4db6-a0f2-490a-bd97-b2641f9198d5,2026-08-19T08:15:00Z,2026-08-19T10:15:00+0200,173.333333,MW,DK2,DK_2,forecast_onshore_wind_generation,Wind Onshore,2026-08-21T09:08:16Z
2026-08-21T08:53:57Z,2026-08-21T10:53:57+0200,5d6f4db6-a0f2-490a-bd97-b2641f9198d5,2026-08-19T08:30:00Z,2026-08-19T10:30:00+0200,176.5,MW,DK2,DK_2,forecast_onshore_wind_generation,Wind Onshore,2026-08-21T09:08:16Z
2026-08-21T08:53:57Z,2026-08-21T10:53:57+0200,5d6f4db6-a0f2-490a-bd97-b2641f9198d5,2026-08-19T08:45:00Z,2026-08-19T10:45:00+0200,178.833333,MW,DK2,DK_2,forecast_onshore_wind_generation,Wind Onshore,2026-08-21T09:08:16Z
2026-08-21T08:53:57Z,2026-08-21T10:53:57+0200,5d6f4db6-a0f2-490a-bd97-b2641f9198d5,2026-08-19T09:00:00Z,2026-08-19T11:00:00+0200,178.833333,MW,DK2,DK_2,forecast_onshore_wind_generation,Wind Onshore,2026-08-21T09:08:16Z
2026-08-21T08:53:57Z,2026-08-21T10:53:57+0200,5d6f4db6-a0f2-490a-bd97-b2641f9198d5,2026-08-19T09:15:00Z,2026-08-19T11:15:00+0200,179.0,MW,DK2,DK_2,forecast_onshore_wind_generation,Wind Onshore,2026-08-21T09:08:16Z
2026-08-21T08:53:57Z,2026-08-21T10:53:57+0200,5d6f4db6-a0f2-490a-bd97-b2641f9198d5,2026-08-19T09:30:00Z,2026-08-19T11:30:00+0200,181.666666,MW,DK2,DK_2,forecast_onshore_wind_generation,Wind Onshore,2026-08-21T09:08:16Z
2026-08-21T08:53:57Z,2026-08-21T10:53:57+0200,5d6f4db6-a0f2-490a-bd97-b2641f9198d5,2026-08-19T09:45:00Z,2026-08-19T11:45:00+0200,189.166666,MW,DK2,DK_2,forecast_onshore_wind_generation,Wind Onshore,2026-08-21T09:08:16Z
2026-08-21T08:53:57Z,2026-08-21T10:53:57+0200,5d6f4db6-a0f2-490a-bd97-b2641f9198d5,2026-08-19T10:00:00Z,2026-08-19T12:00:00+0200,200.166666,MW,DK2,DK_2,forecast_onshore_wind_generation,Wind Onshore,2026-08-21T09:08:16Z
2026-08-21T08:53:57Z,2026-08-21T10:53:57+0200,5d6f4db6-a0f2-490a-bd97-b2641f9198d5,2026-08-19T10:15:00Z,2026-08-19T12:15:00+0200,208.166666,MW,DK2,DK_2,forecast_onshore_wind_generation,Wind Onshore,2026-08-21T09:08:16Z
2026-08-21T08:53:57Z,2026-08-21T10:53:57+0200,5d6f4db6-a0f2-490a-bd97-b2641f9198d5,2026-08-19T10:30:00Z,2026-08-19T12:30:00+0200,212.666666,MW,DK2,DK_2,forecast_onshore_wind_generation,Wind Onshore,2026-08-21T09:08:16Z
2026-08-21T08:53:57Z,2026-08-21T10:53:57+0200,5d6f4db6-a0f2-490a-bd97-b2641f9198d5,2026-08-19T10:45:00Z,2026-08-19T12:45:00+0200,212.5,MW,DK2,DK_2,forecast_onshore_wind_generation,Wind Onshore,2026-08-21T09:08:16Z
2026-08-21T08:53:57Z,2026-08-21T10:53:57+0200,5d6f4db6-a0f2-490a-bd97-b2641f9198d5,2026-08-19T11:00:00Z,2026-08-19T13:00:00+0200,213.666666,MW,DK2,DK_2,forecast_onshore_wind_generation,Wind Onshore,2026-08-21T09:08:16Z
2026-08-21T08:53:57Z,2026-08-21T10:53:57+0200,5d6f4db6-a0f2-490a-bd97-b2641f9198d5,2026-08-19T11:15:00Z,2026-08-19T13:15:00+0200,219.5,MW,DK2,DK_2,forecast_onshore_wind_generation,Wind Onshore,2026-08-21T09:08:16Z
2026-08-21T08:53:57Z,2026-08-21T10:53:57+0200,5d6f4db6-a0f2-490a-bd97-b2641f9198d5,2026-08-19T11:30:00Z,2026-08-19T13:30:00+0200,225.833333,MW,DK2,DK_2,forecast_onshore_wind_generation,Wind Onshore,2026-08-21T09:08:16Z
2026-08-21T08:53:57Z,2026-08-21T10:53:57+0200,5d6f4db6-a0f2-490a-bd97-b2641f9198d5,2026-08-19T11:45:00Z,2026-08-19T13:45:00+0200,227.166666,MW,DK2,DK_2,forecast_onshore_wind_generation,Wind Onshore,2026-08-21T09:08:16Z
2026-08-21T08:53:57Z,2026-08-21T10:53:57+0200,5d6f4db6-a0f2-490a-bd97-b2641f9198d5,2026-08-19T12:00:00Z,2026-08-19T14:00:00+0200,222.833333,MW,DK2,DK_2,forecast_onshore_wind_generation,Wind Onshore,2026-08-21T09:08:16Z
2026-08-21T08:53:57Z,2026-08-21T10:53:57+0200,5d6f4db6-a0f2-490a-bd97-b2641f9198d5,2026-08-19T12:15:00Z,2026-08-19T14:15:00+0200,218.666666,MW,DK2,DK_2,forecast_onshore_wind_generation,Wind Onshore,2026-08-21T09:08:16Z
2026-08-21T08:53:57Z,2026-08-21T10:53:57+0200,5d6f4db6-a0f2-490a-bd97-b2641f9198d5,2026-08-19T12:30:00Z,2026-08-19T14:30:00+0200,216.5,MW,DK2,DK_2,forecast_onshore_wind_generation,Wind Onshore,2026-08-21T09:08:16Z
2026-08-21T08:53:57Z,2026-08-21T10:53:57+0200,5d6f4db6-a0f2-490a-bd97-b2641f9198d5,2026-08-19T12:45:00Z,2026-08-19T14:45:00+0200,214.166666,MW,DK2,DK_2,forecast_onshore_wind_generation,Wind Onshore,2026-08-21T09:08:16Z
2026-08-21T08:53:57Z,2026-08-21T10:53:57+0200,5d6f4db6-a0f2-490a-bd97-b2641f9198d5,2026-08-19T13:00:00Z,2026-08-19T15:00:00+0200,213.5,MW,DK2,DK_2,forecast_onshore_wind_generation,Wind Onshore,2026-08-21T09:08:16Z
2026-08-21T08:53:57Z,2026-08-21T10:53:57+0200,5d6f4db6-a0f2-490a-bd97-b2641f9198d5,2026-08-19T13:15:00Z,2026-08-19T15:15:00+0200,213.0,MW,DK2,DK_2,forecast_onshore_wind_generation,Wind Onshore,2026-08-21T09:08:16Z
2026-08-21T08:53:57Z,2026-08-21T10:53:57+0200,5d6f4db6-a0f2-490a-bd97-b2641f9198d5,2026-08-19T13:30:00Z,2026-08-19T15:30:00+0200,213.166666,MW,DK2,DK_2,forecast_onshore_wind_generation,Wind Onshore,2026-08-21T09:08:16Z
2026-08-21T08:53:57Z,2026-08-21T10:53:57+0200,5d6f4db6-a0f2-490a-bd97-b2641f9198d5,2026-08-19T13:45:00Z,2026-08-19T15:45:00+0200,215.833333,MW,DK2,DK_2,forecast_onshore_wind_generation,Wind Onshore,2026-08-21T09:08:16Z
2026-08-21T08:53:57Z,2026-08-21T10:53:57+0200,5d6f4db6-a0f2-490a-bd97-b2641f9198d5,2026-08-19T14:00:00Z,2026-08-19T16:00:00+0200,221.0,MW,DK2,DK_2,forecast_onshore_wind_generation,Wind Onshore,2026-08-21T09:08:16Z
2026-08-21T08:53:57Z,2026-08-21T10:53:57+0200,5d6f4db6-a0f2-490a-bd97-b2641f9198d5,2026-08-19T14:15:00Z,2026-08-19T16:15:00+0200,225.333333,MW,DK2,DK_2,forecast_onshore_wind_generation,Wind Onshore,2026-08-21T09:08:16Z
2026-08-21T08:53:57Z,2026-08-21T10:53:57+0200,5d6f4db6-a0f2-490a-bd97-b2641f9198d5,2026-08-19T14:30:00Z,2026-08-19T16:30:00+0200,228.333333,MW,DK2,DK_2,forecast_onshore_wind_generation,Wind Onshore,2026-08-21T09:08:16Z
2026-08-21T08:53:57Z,2026-08-21T10:53:57+0200,5d6f4db6-a0f2-490a-bd97-b2641f9198d5,2026-08-19T14:45:00Z,2026-08-19T16:45:00+0200,231.5,MW,DK2,DK_2,forecast_onshore_wind_generation,Wind Onshore,2026-08-21T09:08:16Z
2026-08-21T08:53:57Z,2026-08-21T10:53:57+0200,5d6f4db6-a0f2-490a-bd97-b2641f9198d5,2026-08-19T15:00:00Z,2026-08-19T17:00:00+0200,239.0,MW,DK2,DK_2,forecast_onshore_wind_generation,Wind Onshore,2026-08-21T09:08:16Z
2026-08-21T08:53:57Z,2026-08-21T10:53:57+0200,5d6f4db6-a0f2-490a-bd97-b2641f9198d5,2026-08-19T15:15:00Z,2026-08-19T17:15:00+0200,240.0,MW,DK2,DK_2,forecast_onshore_wind_generation,Wind Onshore,2026-08-21T09:08:16Z
2026-08-21T08:53:57Z,2026-08-21T10:53:57+0200,5d6f4db6-a0f2-490a-bd97-b2641f9198d5,2026-08-19T15:30:00Z,2026-08-19T17:30:00+0200,241.333333,MW,DK2,DK_2,forecast_onshore_wind_generation,Wind Onshore,2026-08-21T09:08:16Z
2026-08-21T08:53:57Z,2026-08-21T10:53:57+0200,5d6f4db6-a0f2-490a-bd97-b2641f9198d5,2026-08-19T15:45:00Z,2026-08-19T17:45:00+0200,241.833333,MW,DK2,DK_2,forecast_onshore_wind_generation,Wind Onshore,2026-08-21T09:08:16Z
2026-08-21T08:53:57Z,2026-08-21T10:53:57+0200,5d6f4db6-a0f2-490a-bd97-b2641f9198d5,2026-08-19T16:00:00Z,2026-08-19T18:00:00+0200,240.333333,MW,DK2,DK_2,forecast_onshore_wind_generation,Wind Onshore,2026-08-21T09:08:16Z
2026-08-21T08:53:57Z,2026-08-21T10:53:57+0200,5d6f4db6-a0f2-490a-bd97-b2641f9198d5,2026-08-19T16:15:00Z,2026-08-19T18:15:00+0200,237.5,MW,DK2,DK_2,forecast_onshore_wind_generation,Wind Onshore,2026-08-21T09:08:16Z
2026-08-21T08:53:57Z,2026-08-21T10:53:57+0200,5d6f4db6-a0f2-490a-bd97-b2641f9198d5,2026-08-19T16:30:00Z,2026-08-19T18:30:00+0200,234.333333,MW,DK2,DK_2,forecast_onshore_wind_generation,Wind Onshore,2026-08-21T09:08:16Z
2026-08-21T08:53:57Z,2026-08-21T10:53:57+0200,5d6f4db6-a0f2-490a-bd97-b2641f9198d5,2026-08-19T16:45:00Z,2026-08-19T18:45:00+0200,229.333333,MW,DK2,DK_2,forecast_onshore_wind_generation,Wind Onshore,2026-08-21T09:08:16Z
2026-08-21T08:53:57Z,2026-08-21T10:53:57+0200,5d6f4db6-a0f2-490a-bd97-b2641f9198d5,2026-08-19T17:00:00Z,2026-08-19T19:00:00+0200,221.0,MW,DK2,DK_2,forecast_onshore_wind_generation,Wind Onshore,2026-08-21T09:08:16Z
2026-08-21T08:53:57Z,2026-08-21T10:53:57+0200,5d6f4db6-a0f2-490a-bd97-b2641f9198d5,2026-08-19T17:15:00Z,2026-08-19T19:15:00+0200,211.666666,MW,DK2,DK_2,forecast_onshore_wind_generation,Wind Onshore,2026-08-21T09:08:16Z
2026-08-21T08:53:57Z,2026-08-21T10:53:57+0200,5d6f4db6-a0f2-490a-bd97-b2641f9198d5,2026-08-19T17:30:00Z,2026-08-19T19:30:00+0200,204.333333,MW,DK2,DK_2,forecast_onshore_wind_generation,Wind Onshore,2026-08-21T09:08:16Z
2026-08-21T08:53:57Z,2026-08-21T10:53:57+0200,5d6f4db6-a0f2-490a-bd97-b2641f9198d5,2026-08-19T17:45:00Z,2026-08-19T19:45:00+0200,195.666666,MW,DK2,DK_2,forecast_onshore_wind_generation,Wind Onshore,2026-08-21T09:08:16Z
2026-08-21T08:53:57Z,2026-08-21T10:53:57+0200,5d6f4db6-a0f2-490a-bd97-b2641f9198d5,2026-08-19T18:00:00Z,2026-08-19T20:00:00+0200,190.5,MW,DK2,DK_2,forecast_onshore_wind_generation,Wind Onshore,2026-08-21T09:08:16Z
2026-08-21T08:53:57Z,2026-08-21T10:53:57+0200,5d6f4db6-a0f2-490a-bd97-b2641f9198d5,2026-08-19T18:15:00Z,2026-08-19T20:15:00+0200,193.833333,MW,DK2,DK_2,forecast_onshore_wind_generation,Wind Onshore,2026-08-21T09:08:16Z
2026-08-21T08:53:57Z,2026-08-21T10:53:57+0200,5d6f4db6-a0f2-490a-bd97-b2641f9198d5,2026-08-19T18:30:00Z,2026-08-19T20:30:00+0200,202.166666,MW,DK2,DK_2,forecast_onshore_wind_generation,Wind Onshore,2026-08-21T09:08:16Z
2026-08-21T08:53:57Z,2026-08-21T10:53:57+0200,5d6f4db6-a0f2-490a-bd97-b2641f9198d5,2026-08-19T18:45:00Z,2026-08-19T20:45:00+0200,206.0,MW,DK2,DK_2,forecast_onshore_wind_generation,Wind Onshore,2026-08-21T09:08:16Z
2026-08-21T08:53:57Z,2026-08-21T10:53:57+0200,5d6f4db6-a0f2-490a-bd97-b2641f9198d5,2026-08-19T19:00:00Z,2026-08-19T21:00:00+0200,208.5,MW,DK2,DK_2,forecast_onshore_wind_generation,Wind Onshore,2026-08-21T09:08:16Z
2026-08-21T08:53:57Z,2026-08-21T10:53:57+0200,5d6f4db6-a0f2-490a-bd97-b2641f9198d5,2026-08-19T19:15:00Z,2026-08-19T21:15:00+0200,212.0,MW,DK2,DK_2,forecast_onshore_wind_generation,Wind Onshore,2026-08-21T09:08:16Z
2026-08-21T08:53:57Z,2026-08-21T10:53:57+0200,5d6f4db6-a0f2-490a-bd97-b2641f9198d5,2026-08-19T19:30:00Z,2026-08-19T21:30:00+0200,216.0,MW,DK2,DK_2,forecast_onshore_wind_generation,Wind Onshore,2026-08-21T09:08:16Z
2026-08-21T08:53:57Z,2026-08-21T10:53:57+0200,5d6f4db6-a0f2-490a-bd97-b2641f9198d5,2026-08-19T19:45:00Z,2026-08-19T21:45:00+0200,218.833333,MW,DK2,DK_2,forecast_onshore_wind_generation,Wind Onshore,2026-08-21T09:08:16Z
2026-08-21T08:53:57Z,2026-08-21T10:53:57+0200,5d6f4db6-a0f2-490a-bd97-b2641f9198d5,2026-08-19T20:00:00Z,2026-08-19T22:00:00+0200,219.0,MW,DK2,DK_2,forecast_onshore_wind_generation,Wind Onshore,2026-08-21T09:08:16Z
2026-08-21T08:53:57Z,2026-08-21T10:53:57+0200,5d6f4db6-a0f2-490a-bd97-b2641f9198d5,2026-08-19T20:15:00Z,2026-08-19T22:15:00+0200,218.0,MW,DK2,DK_2,forecast_onshore_wind_generation,Wind Onshore,2026-08-21T09:08:16Z
2026-08-21T08:53:57Z,2026-08-21T10:53:57+0200,5d6f4db6-a0f2-490a-bd97-b2641f9198d5,2026-08-19T20:30:00Z,2026-08-19T22:30:00+0200,216.5,MW,DK2,DK_2,forecast_onshore_wind_generation,Wind Onshore,2026-08-21T09:08:16Z
2026-08-21T08:53:57Z,2026-08-21T10:53:57+0200,5d6f4db6-a0f2-490a-bd97-b2641f9198d5,2026-08-19T20:45:00Z,2026-08-19T22:45:00+0200,215.5,MW,DK2,DK_2,forecast_onshore_wind_generation,Wind Onshore,2026-08-21T09:08:16Z
2026-08-21T08:53:57Z,2026-08-21T10:53:57+0200,5d6f4db6-a0f2-490a-bd97-b2641f9198d5,2026-08-19T21:00:00Z,2026-08-19T23:00:00+0200,214.166666,MW,DK2,DK_2,forecast_onshore_wind_generation,Wind Onshore,2026-08-21T09:08:16Z
2026-08-21T08:53:57Z,2026-08-21T10:53:57+0200,5d6f4db6-a0f2-490a-bd97-b2641f9198d5,2026-08-19T21:15:00Z,2026-08-19T23:15:00+0200,215.5,MW,DK2,DK_2,forecast_onshore_wind_generation,Wind Onshore,2026-08-21T09:08:16Z
2026-08-21T08:53:57Z,2026-08-21T10:53:57+0200,5d6f4db6-a0f2-490a-bd97-b2641f9198d5,2026-08-19T21:30:00Z,2026-08-19T23:30:00+0200,217.5,MW,DK2,DK_2,forecast_onshore_wind_generation,Wind Onshore,2026-08-21T09:08:16Z
2026-08-21T08:53:57Z,2026-08-21T10:53:57+0200,5d6f4db6-a0f2-490a-bd97-b2641f9198d5,2026-08-19T21:45:00Z,2026-08-19T23:45:00+0200,219.0,MW,DK2,DK_2,forecast_onshore_wind_generation,Wind Onshore,2026-08-21T09:08:16Z
2026-08-21T08:53:57Z,2026-08-21T10:53:57+0200,5d6f4db6-a0f2-490a-bd97-b2641f9198d5,2026-08-19T22:00:00Z,2026-08-20T00:00:00+0200,162.0,MW,DK2,DK_2,forecast_onshore_wind_generation,Wind Onshore,2026-08-21T09:08:16Z
2026-08-21T08:53:57Z,2026-08-21T10:53:57+0200,5d6f4db6-a0f2-490a-bd97-b2641f9198d5,2026-08-19T22:15:00Z,2026-08-20T00:15:00+0200,158.333333,MW,DK2,DK_2,forecast_onshore_wind_generation,Wind Onshore,2026-08-21T09:08:16Z
2026-08-21T08:53:57Z,2026-08-21T10:53:57+0200,5d6f4db6-a0f2-490a-bd97-b2641f9198d5,2026-08-19T22:30:00Z,2026-08-20T00:30:00+0200,154.333333,MW,DK2,DK_2,forecast_onshore_wind_generation,Wind Onshore,2026-08-21T09:08:16Z
2026-08-21T08:53:57Z,2026-08-21T10:53:57+0200,5d6f4db6-a0f2-490a-bd97-b2641f9198d5,2026-08-19T22:45:00Z,2026-08-20T00:45:00+0200,150.0,MW,DK2,DK_2,forecast_onshore_wind_generation,Wind Onshore,2026-08-21T09:08:16Z
2026-08-21T08:53:57Z,2026-08-21T10:53:57+0200,5d6f4db6-a0f2-490a-bd97-b2641f9198d5,2026-08-19T23:00:00Z,2026-08-20T01:00:00+0200,145.5,MW,DK2,DK_2,forecast_onshore_wind_generation,Wind Onshore,2026-08-21T09:08:16Z
2026-08-21T08:53:57Z,2026-08-21T10:53:57+0200,5d6f4db6-a0f2-490a-bd97-b2641f9198d5,2026-08-19T23:15:00Z,2026-08-20T01:15:00+0200,141.5,MW,DK2,DK_2,forecast_onshore_wind_generation,Wind Onshore,2026-08-21T09:08:16Z
2026-08-21T08:53:57Z,2026-08-21T10:53:57+0200,5d6f4db6-a0f2-490a-bd97-b2641f9198d5,2026-08-19T23:30:00Z,2026-08-20T01:30:00+0200,138.0,MW,DK2,DK_2,forecast_onshore_wind_generation,Wind Onshore,2026-08-21T09:08:16Z
2026-08-21T08:53:57Z,2026-08-21T10:53:57+0200,5d6f4db6-a0f2-490a-bd97-b2641f9198d5,2026-08-19T23:45:00Z,2026-08-20T01:45:00+0200,134.333333,MW,DK2,DK_2,forecast_onshore_wind_generation,Wind Onshore,2026-08-21T09:08:16Z
2026-08-21T08:53:57Z,2026-08-21T10:53:57+0200,5d6f4db6-a0f2-490a-bd97-b2641f9198d5,2026-08-20T00:00:00Z,2026-08-20T02:00:00+0200,128.833333,MW,DK2,DK_2,forecast_onshore_wind_generation,Wind Onshore,2026-08-21T09:08:16Z
2026-08-21T08:53:57Z,2026-08-21T10:53:57+0200,5d6f4db6-a0f2-490a-bd97-b2641f9198d5,2026-08-20T00:15:00Z,2026-08-20T02:15:00+0200,120.5,MW,DK2,DK_2,forecast_onshore_wind_generation,Wind Onshore,2026-08-21T09:08:16Z
2026-08-21T08:53:57Z,2026-08-21T10:53:57+0200,5d6f4db6-a0f2-490a-bd97-b2641f9198d5,2026-08-20T00:30:00Z,2026-08-20T02:30:00+0200,112.5,MW,DK2,DK_2,forecast_onshore_wind_generation,Wind Onshore,2026-08-21T09:08:16Z
2026-08-21T08:53:57Z,2026-08-21T10:53:57+0200,5d6f4db6-a0f2-490a-bd97-b2641f9198d5,2026-08-20T00:45:00Z,2026-08-20T02:45:00+0200,106.0,MW,DK2,DK_2,forecast_onshore_wind_generation,Wind Onshore,2026-08-21T09:08:16Z
2026-08-21T08:53:57Z,2026-08-21T10:53:57+0200,5d6f4db6-a0f2-490a-bd97-b2641f9198d5,2026-08-20T01:00:00Z,2026-08-20T03:00:00+0200,100.0,MW,DK2,DK_2,forecast_onshore_wind_generation,Wind Onshore,2026-08-21T09:08:16Z
2026-08-21T08:53:57Z,2026-08-21T10:53:57+0200,5d6f4db6-a0f2-490a-bd97-b2641f9198d5,2026-08-20T01:15:00Z,2026-08-20T03:15:00+0200,93.166666,MW,DK2,DK_2,forecast_onshore_wind_generation,Wind Onshore,2026-08-21T09:08:16Z
2026-08-21T08:53:57Z,2026-08-21T10:53:57+0200,5d6f4db6-a0f2-490a-bd97-b2641f9198d5,2026-08-20T01:30:00Z,2026-08-20T03:30:00+0200,87.166666,MW,DK2,DK_2,forecast_onshore_wind_generation,Wind Onshore,2026-08-21T09:08:16Z
2026-08-21T08:53:57Z,2026-08-21T10:53:57+0200,5d6f4db6-a0f2-490a-bd97-b2641f9198d5,2026-08-20T01:45:00Z,2026-08-20T03:45:00+0200,83.333333,MW,DK2,DK_2,forecast_onshore_wind_generation,Wind Onshore,2026-08-21T09:08:16Z
2026-08-21T08:53:57Z,2026-08-21T10:53:57+0200,5d6f4db6-a0f2-490a-bd97-b2641f9198d5,2026-08-20T02:00:00Z,2026-08-20T04:00:00+0200,79.333333,MW,DK2,DK_2,forecast_onshore_wind_generation,Wind Onshore,2026-08-21T09:08:16Z
2026-08-21T08:53:57Z,2026-08-21T10:53:57+0200,5d6f4db6-a0f2-490a-bd97-b2641f9198d5,2026-08-20T02:15:00Z,2026-08-20T04:15:00+0200,75.0,MW,DK2,DK_2,forecast_onshore_wind_generation,Wind Onshore,2026-08-21T09:08:16Z
2026-08-21T08:53:57Z,2026-08-21T10:53:57+0200,5d6f4db6-a0f2-490a-bd97-b2641f9198d5,2026-08-20T02:30:00Z,2026-08-20T04:30:00+0200,71.5,MW,DK2,DK_2,forecast_onshore_wind_generation,Wind Onshore,2026-08-21T09:08:16Z
2026-08-21T08:53:57Z,2026-08-21T10:53:57+0200,5d6f4db6-a0f2-490a-bd97-b2641f9198d5,2026-08-20T02:45:00Z,2026-08-20T04:45:00+0200,68.666666,MW,DK2,DK_2,forecast_onshore_wind_generation,Wind Onshore,2026-08-21T09:08:16Z
2026-08-21T08:53:57Z,2026-08-21T10:53:57+0200,5d6f4db6-a0f2-490a-bd97-b2641f9198d5,2026-08-20T03:00:00Z,2026-08-20T05:00:00+0200,66.5,MW,DK2,DK_2,forecast_onshore_wind_generation,Wind Onshore,2026-08-21T09:08:16Z
2026-08-21T08:53:57Z,2026-08-21T10:53:57+0200,5d6f4db6-a0f2-490a-bd97-b2641f9198d5,2026-08-20T03:15:00Z,2026-08-20T05:15:00+0200,64.5,MW,DK2,DK_2,forecast_onshore_wind_generation,Wind Onshore,2026-08-21T09:08:16Z
2026-08-21T08:53:57Z,2026-08-21T10:53:57+0200,5d6f4db6-a0f2-490a-bd97-b2641f9198d5,2026-08-20T03:30:00Z,2026-08-20T05:30:00+0200,63.0,MW,DK2,DK_2,forecast_onshore_wind_generation,Wind Onshore,2026-08-21T09:08:16Z
2026-08-21T08:53:57Z,2026-08-21T10:53:57+0200,5d6f4db6-a0f2-490a-bd97-b2641f9198d5,2026-08-20T03:45:00Z,2026-08-20T05:45:00+0200,61.5,MW,DK2,DK_2,forecast_onshore_wind_generation,Wind Onshore,2026-08-21T09:08:16Z
2026-08-21T08:53:57Z,2026-08-21T10:53:57+0200,5d6f4db6-a0f2-490a-bd97-b2641f9198d5,2026-08-20T04:00:00Z,2026-08-20T06:00:00+0200,60.5,MW,DK2,DK_2,forecast_onshore_wind_generation,Wind Onshore,2026-08-21T09:08:16Z
2026-08-21T08:53:57Z,2026-08-21T10:53:57+0200,5d6f4db6-a0f2-490a-bd97-b2641f9198d5,2026-08-20T04:15:00Z,2026-08-20T06:15:00+0200,59.5,MW,DK2,DK_2,forecast_onshore_wind_generation,Wind Onshore,2026-08-21T09:08:16Z
2026-08-21T08:53:57Z,2026-08-21T10:53:57+0200,5d6f4db6-a0f2-490a-bd97-b2641f9198d5,2026-08-20T04:30:00Z,2026-08-20T06:30:00+0200,58.0,MW,DK2,DK_2,forecast_onshore_wind_generation,Wind Onshore,2026-08-21T09:08:16Z
2026-08-21T08:53:57Z,2026-08-21T10:53:57+0200,5d6f4db6-a0f2-490a-bd97-b2641f9198d5,2026-08-20T04:45:00Z,2026-08-20T06:45:00+0200,56.0,MW,DK2,DK_2,forecast_onshore_wind_generation,Wind Onshore,2026-08-21T09:08:16Z
2026-08-21T08:53:57Z,2026-08-21T10:53:57+0200,5d6f4db6-a0f2-490a-bd97-b2641f9198d5,2026-08-20T05:00:00Z,2026-08-20T07:00:00+0200,53.5,MW,DK2,DK_2,forecast_onshore_wind_generation,Wind Onshore,2026-08-21T09:08:16Z
2026-08-21T08:53:57Z,2026-08-21T10:53:57+0200,5d6f4db6-a0f2-490a-bd97-b2641f9198d5,2026-08-20T05:15:00Z,2026-08-20T07:15:00+0200,50.5,MW,DK2,DK_2,forecast_onshore_wind_generation,Wind Onshore,2026-08-21T09:08:16Z
2026-08-21T08:53:57Z,2026-08-21T10:53:57+0200,5d6f4db6-a0f2-490a-bd97-b2641f9198d5,2026-08-20T05:30:00Z,2026-08-20T07:30:00+0200,47.5,MW,DK2,DK_2,forecast_onshore_wind_generation,Wind Onshore,2026-08-21T09:08:16Z
2026-08-21T08:53:57Z,2026-08-21T10:53:57+0200,5d6f4db6-a0f2-490a-bd97-b2641f9198d5,2026-08-20T05:45:00Z,2026-08-20T07:45:00+0200,45.5,MW,DK2,DK_2,forecast_onshore_wind_generation,Wind Onshore,2026-08-21T09:08:16Z
2026-08-21T08:53:57Z,2026-08-21T10:53:57+0200,5d6f4db6-a0f2-490a-bd97-b2641f9198d5,2026-08-20T06:00:00Z,2026-08-20T08:00:00+0200,44.5,MW,DK2,DK_2,forecast_onshore_wind_generation,Wind Onshore,2026-08-21T09:08:16Z
2026-08-21T08:53:57Z,2026-08-21T10:53:57+0200,5d6f4db6-a0f2-490a-bd97-b2641f9198d5,2026-08-20T06:15:00Z,2026-08-20T08:15:00+0200,44.0,MW,DK2,DK_2,forecast_onshore_wind_generation,Wind Onshore,2026-08-21T09:08:16Z
2026-08-21T08:53:57Z,2026-08-21T10:53:57+0200,5d6f4db6-a0f2-490a-bd97-b2641f9198d5,2026-08-20T06:30:00Z,2026-08-20T08:30:00+0200,44.833333,MW,DK2,DK_2,forecast_onshore_wind_generation,Wind Onshore,2026-08-21T09:08:16Z
2026-08-21T08:53:57Z,2026-08-21T10:53:57+0200,5d6f4db6-a0f2-490a-bd97-b2641f9198d5,2026-08-20T06:45:00Z,2026-08-20T08:45:00+0200,46.0,MW,DK2,DK_2,forecast_onshore_wind_generation,Wind Onshore,2026-08-21T09:08:16Z
2026-08-21T08:53:57Z,2026-08-21T10:53:57+0200,5d6f4db6-a0f2-490a-bd97-b2641f9198d5,2026-08-20T07:00:00Z,2026-08-20T09:00:00+0200,48.333333,MW,DK2,DK_2,forecast_onshore_wind_generation,Wind Onshore,2026-08-21T09:08:16Z
2026-08-21T08:53:57Z,2026-08-21T10:53:57+0200,5d6f4db6-a0f2-490a-bd97-b2641f9198d5,2026-08-20T07:15:00Z,2026-08-20T09:15:00+0200,49.0,MW,DK2,DK_2,forecast_onshore_wind_generation,Wind Onshore,2026-08-21T09:08:16Z
2026-08-21T08:53:57Z,2026-08-21T10:53:57+0200,5d6f4db6-a0f2-490a-bd97-b2641f9198d5,2026-08-20T07:30:00Z,2026-08-20T09:30:00+0200,49.5,MW,DK2,DK_2,forecast_onshore_wind_generation,Wind Onshore,2026-08-21T09:08:16Z
2026-08-21T08:53:57Z,2026-08-21T10:53:57+0200,5d6f4db6-a0f2-490a-bd97-b2641f9198d5,2026-08-20T07:45:00Z,2026-08-20T09:45:00+0200,51.0,MW,DK2,DK_2,forecast_onshore_wind_generation,Wind Onshore,2026-08-21T09:08:16Z
2026-08-21T08:53:57Z,2026-08-21T10:53:57+0200,5d6f4db6-a0f2-490a-bd97-b2641f9198d5,2026-08-20T08:00:00Z,2026-08-20T10:00:00+0200,53.0,MW,DK2,DK_2,forecast_onshore_wind_generation,Wind Onshore,2026-08-21T09:08:16Z
2026-08-21T08:53:57Z,2026-08-21T10:53:57+0200,5d6f4db6-a0f2-490a-bd97-b2641f9198d5,2026-08-20T08:15:00Z,2026-08-20T10:15:00+0200,54.5,MW,DK2,DK_2,forecast_onshore_wind_generation,Wind Onshore,2026-08-21T09:08:16Z
2026-08-21T08:53:57Z,2026-08-21T10:53:57+0200,5d6f4db6-a0f2-490a-bd97-b2641f9198d5,2026-08-20T08:30:00Z,2026-08-20T10:30:00+0200,55.166666,MW,DK2,DK_2,forecast_onshore_wind_generation,Wind Onshore,2026-08-21T09:08:16Z
2026-08-21T08:53:57Z,2026-08-21T10:53:57+0200,5d6f4db6-a0f2-490a-bd97-b2641f9198d5,2026-08-20T08:45:00Z,2026-08-20T10:45:00+0200,56.0,MW,DK2,DK_2,forecast_onshore_wind_generation,Wind Onshore,2026-08-21T09:08:16Z
2026-08-21T08:53:57Z,2026-08-21T10:53:57+0200,5d6f4db6-a0f2-490a-bd97-b2641f9198d5,2026-08-20T09:00:00Z,2026-08-20T11:00:00+0200,56.0,MW,DK2,DK_2,forecast_onshore_wind_generation,Wind Onshore,2026-08-21T09:08:16Z
2026-08-21T08:53:57Z,2026-08-21T10:53:57+0200,5d6f4db6-a0f2-490a-bd97-b2641f9198d5,2026-08-20T09:15:00Z,2026-08-20T11:15:00+0200,56.0,MW,DK2,DK_2,forecast_onshore_wind_generation,Wind Onshore,2026-08-21T09:08:16Z
2026-08-21T08:53:57Z,2026-08-21T10:53:57+0200,5d6f4db6-a0f2-490a-bd97-b2641f9198d5,2026-08-20T09:30:00Z,2026-08-20T11:30:00+0200,56.0,MW,DK2,DK_2,forecast_onshore_wind_generation,Wind Onshore,2026-08-21T09:08:16Z
2026-08-21T08:53:57Z,2026-08-21T10:53:57+0200,5d6f4db6-a0f2-490a-bd97-b2641f9198d5,2026-08-20T09:45:00Z,2026-08-20T11:45:00+0200,57.0,MW,DK2,DK_2,forecast_onshore_wind_generation,Wind Onshore,2026-08-21T09:08:16Z
2026-08-21T08:53:57Z,2026-08-21T10:53:57+0200,5d6f4db6-a0f2-490a-bd97-b2641f9198d5,2026-08-20T10:00:00Z,2026-08-20T12:00:00+0200,58.5,MW,DK2,DK_2,forecast_onshore_wind_generation,Wind Onshore,2026-08-21T09:08:16Z
2026-08-21T08:53:57Z,2026-08-21T10:53:57+0200,5d6f4db6-a0f2-490a-bd97-b2641f9198d5,2026-08-20T10:15:00Z,2026-08-20T12:15:00+0200,58.833333,MW,DK2,DK_2,forecast_onshore_wind_generation,Wind Onshore,2026-08-21T09:08:16Z
2026-08-21T08:53:57Z,2026-08-21T10:53:57+0200,5d6f4db6-a0f2-490a-bd97-b2641f9198d5,2026-08-20T10:30:00Z,2026-08-20T12:30:00+0200,58.0,MW,DK2,DK_2,forecast_onshore_wind_generation,Wind Onshore,2026-08-21T09:08:16Z
2026-08-21T08:53:57Z,2026-08-21T10:53:57+0200,5d6f4db6-a0f2-490a-bd97-b2641f9198d5,2026-08-20T10:45:00Z,2026-08-20T12:45:00+0200,57.166666,MW,DK2,DK_2,forecast_onshore_wind_generation,Wind Onshore,2026-08-21T09:08:16Z
2026-08-21T08:53:57Z,2026-08-21T10:53:57+0200,5d6f4db6-a0f2-490a-bd97-b2641f9198d5,2026-08-20T11:00:00Z,2026-08-20T13:00:00+0200,57.5,MW,DK2,DK_2,forecast_onshore_wind_generation,Wind Onshore,2026-08-21T09:08:16Z
2026-08-21T08:53:57Z,2026-08-21T10:53:57+0200,5d6f4db6-a0f2-490a-bd97-b2641f9198d5,2026-08-20T11:15:00Z,2026-08-20T13:15:00+0200,59.333333,MW,DK2,DK_2,forecast_onshore_wind_generation,Wind Onshore,2026-08-21T09:08:16Z
2026-08-21T08:53:57Z,2026-08-21T10:53:57+0200,5d6f4db6-a0f2-490a-bd97-b2641f9198d5,2026-08-20T11:30:00Z,2026-08-20T13:30:00+0200,60.833333,MW,DK2,DK_2,forecast_onshore_wind_generation,Wind Onshore,2026-08-21T09:08:16Z
2026-08-21T08:53:57Z,2026-08-21T10:53:57+0200,5d6f4db6-a0f2-490a-bd97-b2641f9198d5,2026-08-20T11:45:00Z,2026-08-20T13:45:00+0200,60.833333,MW,DK2,DK_2,forecast_onshore_wind_generation,Wind Onshore,2026-08-21T09:08:16Z
2026-08-21T08:53:57Z,2026-08-21T10:53:57+0200,5d6f4db6-a0f2-490a-bd97-b2641f9198d5,2026-08-20T12:00:00Z,2026-08-20T14:00:00+0200,59.333333,MW,DK2,DK_2,forecast_onshore_wind_generation,Wind Onshore,2026-08-21T09:08:16Z
2026-08-21T08:53:57Z,2026-08-21T10:53:57+0200,5d6f4db6-a0f2-490a-bd97-b2641f9198d5,2026-08-20T12:15:00Z,2026-08-20T14:15:00+0200,56.666666,MW,DK2,DK_2,forecast_onshore_wind_generation,Wind Onshore,2026-08-21T09:08:16Z
2026-08-21T08:53:57Z,2026-08-21T10:53:57+0200,5d6f4db6-a0f2-490a-bd97-b2641f9198d5,2026-08-20T12:30:00Z,2026-08-20T14:30:00+0200,54.666666,MW,DK2,DK_2,forecast_onshore_wind_generation,Wind Onshore,2026-08-21T09:08:16Z
2026-08-21T08:53:57Z,2026-08-21T10:53:57+0200,5d6f4db6-a0f2-490a-bd97-b2641f9198d5,2026-08-20T12:45:00Z,2026-08-20T14:45:00+0200,53.666666,MW,DK2,DK_2,forecast_onshore_wind_generation,Wind Onshore,2026-08-21T09:08:16Z
2026-08-21T08:53:57Z,2026-08-21T10:53:57+0200,5d6f4db6-a0f2-490a-bd97-b2641f9198d5,2026-08-20T13:00:00Z,2026-08-20T15:00:00+0200,54.0,MW,DK2,DK_2,forecast_onshore_wind_generation,Wind Onshore,2026-08-21T09:08:16Z
2026-08-21T08:53:57Z,2026-08-21T10:53:57+0200,5d6f4db6-a0f2-490a-bd97-b2641f9198d5,2026-08-20T13:15:00Z,2026-08-20T15:15:00+0200,54.5,MW,DK2,DK_2,forecast_onshore_wind_generation,Wind Onshore,2026-08-21T09:08:16Z
2026-08-21T08:53:57Z,2026-08-21T10:53:57+0200,5d6f4db6-a0f2-490a-bd97-b2641f9198d5,2026-08-20T13:30:00Z,2026-08-20T15:30:00+0200,55.5,MW,DK2,DK_2,forecast_onshore_wind_generation,Wind Onshore,2026-08-21T09:08:16Z
2026-08-21T08:53:57Z,2026-08-21T10:53:57+0200,5d6f4db6-a0f2-490a-bd97-b2641f9198d5,2026-08-20T13:45:00Z,2026-08-20T15:45:00+0200,57.0,MW,DK2,DK_2,forecast_onshore_wind_generation,Wind Onshore,2026-08-21T09:08:16Z
2026-08-21T08:53:57Z,2026-08-21T10:53:57+0200,5d6f4db6-a0f2-490a-bd97-b2641f9198d5,2026-08-20T14:00:00Z,2026-08-20T16:00:00+0200,58.666666,MW,DK2,DK_2,forecast_onshore_wind_generation,Wind Onshore,2026-08-21T09:08:16Z
2026-08-21T08:53:57Z,2026-08-21T10:53:57+0200,5d6f4db6-a0f2-490a-bd97-b2641f9198d5,2026-08-20T14:15:00Z,2026-08-20T16:15:00+0200,60.833333,MW,DK2,DK_2,forecast_onshore_wind_generation,Wind Onshore,2026-08-21T09:08:16Z
2026-08-21T08:53:57Z,2026-08-21T10:53:57+0200,5d6f4db6-a0f2-490a-bd97-b2641f9198d5,2026-08-20T14:30:00Z,2026-08-20T16:30:00+0200,64.333333,MW,DK2,DK_2,forecast_onshore_wind_generation,Wind Onshore,2026-08-21T09:08:16Z
2026-08-21T08:53:57Z,2026-08-21T10:53:57+0200,5d6f4db6-a0f2-490a-bd97-b2641f9198d5,2026-08-20T14:45:00Z,2026-08-20T16:45:00+0200,65.166666,MW,DK2,DK_2,forecast_onshore_wind_generation,Wind Onshore,2026-08-21T09:08:16Z
2026-08-21T08:53:57Z,2026-08-21T10:53:57+0200,5d6f4db6-a0f2-490a-bd97-b2641f9198d5,2026-08-20T15:00:00Z,2026-08-20T17:00:00+0200,65.166666,MW,DK2,DK_2,forecast_onshore_wind_generation,Wind Onshore,2026-08-21T09:08:16Z
2026-08-21T08:53:57Z,2026-08-21T10:53:57+0200,5d6f4db6-a0f2-490a-bd97-b2641f9198d5,2026-08-20T15:15:00Z,2026-08-20T17:15:00+0200,63.5,MW,DK2,DK_2,forecast_onshore_wind_generation,Wind Onshore,2026-08-21T09:08:16Z
2026-08-21T08:53:57Z,2026-08-21T10:53:57+0200,5d6f4db6-a0f2-490a-bd97-b2641f9198d5,2026-08-20T15:30:00Z,2026-08-20T17:30:00+0200,61.5,MW,DK2,DK_2,forecast_onshore_wind_generation,Wind Onshore,2026-08-21T09:08:16Z
2026-08-21T08:53:57Z,2026-08-21T10:53:57+0200,5d6f4db6-a0f2-490a-bd97-b2641f9198d5,2026-08-20T15:45:00Z,2026-08-20T17:45:00+0200,60.0,MW,DK2,DK_2,forecast_onshore_wind_generation,Wind Onshore,2026-08-21T09:08:16Z
2026-08-21T08:53:57Z,2026-08-21T10:53:57+0200,5d6f4db6-a0f2-490a-bd97-b2641f9198d5,2026-08-20T16:00:00Z,2026-08-20T18:00:00+0200,59.0,MW,DK2,DK_2,forecast_onshore_wind_generation,Wind Onshore,2026-08-21T09:08:16Z
2026-08-21T08:53:57Z,2026-08-21T10:53:57+0200,5d6f4db6-a0f2-490a-bd97-b2641f9198d5,2026-08-20T16:15:00Z,2026-08-20T18:15:00+0200,59.166666,MW,DK2,DK_2,forecast_onshore_wind_generation,Wind Onshore,2026-08-21T09:08:16Z
2026-08-21T08:53:57Z,2026-08-21T10:53:57+0200,5d6f4db6-a0f2-490a-bd97-b2641f9198d5,2026-08-20T16:30:00Z,2026-08-20T18:30:00+0200,60.5,MW,DK2,DK_2,forecast_onshore_wind_generation,Wind Onshore,2026-08-21T09:08:16Z
2026-08-21T08:53:57Z,2026-08-21T10:53:57+0200,5d6f4db6-a0f2-490a-bd97-b2641f9198d5,2026-08-20T16:45:00Z,2026-08-20T18:45:00+0200,61.833333,MW,DK2,DK_2,forecast_onshore_wind_generation,Wind Onshore,2026-08-21T09:08:16Z
2026-08-21T08:53:57Z,2026-08-21T10:53:57+0200,5d6f4db6-a0f2-490a-bd97-b2641f9198d5,2026-08-20T17:00:00Z,2026-08-20T19:00:00+0200,61.5,MW,DK2,DK_2,forecast_onshore_wind_generation,Wind Onshore,2026-08-21T09:08:16Z
2026-08-21T08:53:57Z,2026-08-21T10:53:57+0200,5d6f4db6-a0f2-490a-bd97-b2641f9198d5,2026-08-20T17:15:00Z,2026-08-20T19:15:00+0200,59.5,MW,DK2,DK_2,forecast_onshore_wind_generation,Wind Onshore,2026-08-21T09:08:16Z
2026-08-21T08:53:57Z,2026-08-21T10:53:57+0200,5d6f4db6-a0f2-490a-bd97-b2641f9198d5,2026-08-20T17:30:00Z,2026-08-20T19:30:00+0200,57.666666,MW,DK2,DK_2,forecast_onshore_wind_generation,Wind Onshore,2026-08-21T09:08:16Z
2026-08-21T08:53:57Z,2026-08-21T10:53:57+0200,5d6f4db6-a0f2-490a-bd97-b2641f9198d5,2026-08-20T17:45:00Z,2026-08-20T19:45:00+0200,58.666666,MW,DK2,DK_2,forecast_onshore_wind_generation,Wind Onshore,2026-08-21T09:08:16Z
2026-08-21T08:53:57Z,2026-08-21T10:53:57+0200,5d6f4db6-a0f2-490a-bd97-b2641f9198d5,2026-08-20T18:00:00Z,2026-08-20T20:00:00+0200,60.666666,MW,DK2,DK_2,forecast_onshore_wind_generation,Wind Onshore,2026-08-21T09:08:16Z
2026-08-21T08:53:57Z,2026-08-21T10:53:57+0200,5d6f4db6-a0f2-490a-bd97-b2641f9198d5,2026-08-20T18:15:00Z,2026-08-20T20:15:00+0200,62.0,MW,DK2,DK_2,forecast_onshore_wind_generation,Wind Onshore,2026-08-21T09:08:16Z
2026-08-21T08:53:57Z,2026-08-21T10:53:57+0200,5d6f4db6-a0f2-490a-bd97-b2641f9198d5,2026-08-20T18:30:00Z,2026-08-20T20:30:00+0200,61.166666,MW,DK2,DK_2,forecast_onshore_wind_generation,Wind Onshore,2026-08-21T09:08:16Z
2026-08-21T08:53:57Z,2026-08-21T10:53:57+0200,5d6f4db6-a0f2-490a-bd97-b2641f9198d5,2026-08-20T18:45:00Z,2026-08-20T20:45:00+0200,61.666666,MW,DK2,DK_2,forecast_onshore_wind_generation,Wind Onshore,2026-08-21T09:08:16Z
2026-08-21T08:53:57Z,2026-08-21T10:53:57+0200,5d6f4db6-a0f2-490a-bd97-b2641f9198d5,2026-08-20T19:00:00Z,2026-08-20T21:00:00+0200,63.5,MW,DK2,DK_2,forecast_onshore_wind_generation,Wind Onshore,2026-08-21T09:08:16Z
2026-08-21T08:53:57Z,2026-08-21T10:53:57+0200,5d6f4db6-a0f2-490a-bd97-b2641f9198d5,2026-08-20T19:15:00Z,2026-08-20T21:15:00+0200,65.5,MW,DK2,DK_2,forecast_onshore_wind_generation,Wind Onshore,2026-08-21T09:08:16Z
2026-08-21T08:53:57Z,2026-08-21T10:53:57+0200,5d6f4db6-a0f2-490a-bd97-b2641f9198d5,2026-08-20T19:30:00Z,2026-08-20T21:30:00+0200,69.666666,MW,DK2,DK_2,forecast_onshore_wind_generation,Wind Onshore,2026-08-21T09:08:16Z
2026-08-21T08:53:57Z,2026-08-21T10:53:57+0200,5d6f4db6-a0f2-490a-bd97-b2641f9198d5,2026-08-20T19:45:00Z,2026-08-20T21:45:00+0200,76.5,MW,DK2,DK_2,forecast_onshore_wind_generation,Wind Onshore,2026-08-21T09:08:16Z
2026-08-21T08:53:57Z,2026-08-21T10:53:57+0200,5d6f4db6-a0f2-490a-bd97-b2641f9198d5,2026-08-20T20:00:00Z,2026-08-20T22:00:00+0200,84.666666,MW,DK2,DK_2,forecast_onshore_wind_generation,Wind Onshore,2026-08-21T09:08:16Z
2026-08-21T08:53:57Z,2026-08-21T10:53:57+0200,5d6f4db6-a0f2-490a-bd97-b2641f9198d5,2026-08-20T20:15:00Z,2026-08-20T22:15:00+0200,94.5,MW,DK2,DK_2,forecast_onshore_wind_generation,Wind Onshore,2026-08-21T09:08:16Z
2026-08-21T08:53:57Z,2026-08-21T10:53:57+0200,5d6f4db6-a0f2-490a-bd97-b2641f9198d5,2026-08-20T20:30:00Z,2026-08-20T22:30:00+0200,103.833333,MW,DK2,DK_2,forecast_onshore_wind_generation,Wind Onshore,2026-08-21T09:08:16Z
2026-08-21T08:53:57Z,2026-08-21T10:53:57+0200,5d6f4db6-a0f2-490a-bd97-b2641f9198d5,2026-08-20T20:45:00Z,2026-08-20T22:45:00+0200,110.333333,MW,DK2,DK_2,forecast_onshore_wind_generation,Wind Onshore,2026-08-21T09:08:16Z
2026-08-21T08:53:57Z,2026-08-21T10:53:57+0200,5d6f4db6-a0f2-490a-bd97-b2641f9198d5,2026-08-20T21:00:00Z,2026-08-20T23:00:00+0200,112.166666,MW,DK2,DK_2,forecast_onshore_wind_generation,Wind Onshore,2026-08-21T09:08:16Z
2026-08-21T08:53:57Z,2026-08-21T10:53:57+0200,5d6f4db6-a0f2-490a-bd97-b2641f9198d5,2026-08-20T21:15:00Z,2026-08-20T23:15:00+0200,113.5,MW,DK2,DK_2,forecast_onshore_wind_generation,Wind Onshore,2026-08-21T09:08:16Z
2026-08-21T08:53:57Z,2026-08-21T10:53:57+0200,5d6f4db6-a0f2-490a-bd97-b2641f9198d5,2026-08-20T21:30:00Z,2026-08-20T23:30:00+0200,115.5,MW,DK2,DK_2,forecast_onshore_wind_generation,Wind Onshore,2026-08-21T09:08:16Z
2026-08-21T08:53:57Z,2026-08-21T10:53:57+0200,5d6f4db6-a0f2-490a-bd97-b2641f9198d5,2026-08-20T21:45:00Z,2026-08-20T23:45:00+0200,118.666666,MW,DK2,DK_2,forecast_onshore_wind_generation,Wind Onshore,2026-08-21T09:08:16Z
2026-08-21T08:53:57Z,2026-08-21T10:53:57+0200,5d6f4db6-a0f2-490a-bd97-b2641f9198d5,2026-08-20T22:00:00Z,2026-08-21T00:00:00+0200,71.833333,MW,DK2,DK_2,forecast_onshore_wind_generation,Wind Onshore,2026-08-21T09:08:16Z
2026-08-21T08:53:57Z,2026-08-21T10:53:57+0200,5d6f4db6-a0f2-490a-bd97-b2641f9198d5,2026-08-20T22:15:00Z,2026-08-21T00:15:00+0200,72.5,MW,DK2,DK_2,forecast_onshore_wind_generation,Wind Onshore,2026-08-21T09:08:16Z
2026-08-21T08:53:57Z,2026-08-21T10:53:57+0200,5d6f4db6-a0f2-490a-bd97-b2641f9198d5,2026-08-20T22:30:00Z,2026-08-21T00:30:00+0200,73.833333,MW,DK2,DK_2,forecast_onshore_wind_generation,Wind Onshore,2026-08-21T09:08:16Z
2026-08-21T08:53:57Z,2026-08-21T10:53:57+0200,5d6f4db6-a0f2-490a-bd97-b2641f9198d5,2026-08-20T22:45:00Z,2026-08-21T00:45:00+0200,74.833333,MW,DK2,DK_2,forecast_onshore_wind_generation,Wind Onshore,2026-08-21T09:08:16Z
2026-08-21T08:53:57Z,2026-08-21T10:53:57+0200,5d6f4db6-a0f2-490a-bd97-b2641f9198d5,2026-08-20T23:00:00Z,2026-08-21T01:00:00+0200,75.0,MW,DK2,DK_2,forecast_onshore_wind_generation,Wind Onshore,2026-08-21T09:08:16Z
2026-08-21T08:53:57Z,2026-08-21T10:53:57+0200,5d6f4db6-a0f2-490a-bd97-b2641f9198d5,2026-08-20T23:15:00Z,2026-08-21T01:15:00+0200,76.0,MW,DK2,DK_2,forecast_onshore_wind_generation,Wind Onshore,2026-08-21T09:08:16Z
2026-08-21T08:53:57Z,2026-08-21T10:53:57+0200,5d6f4db6-a0f2-490a-bd97-b2641f9198d5,2026-08-20T23:30:00Z,2026-08-21T01:30:00+0200,78.333333,MW,DK2,DK_2,forecast_onshore_wind_generation,Wind Onshore,2026-08-21T09:08:16Z
2026-08-21T08:53:57Z,2026-08-21T10:53:57+0200,5d6f4db6-a0f2-490a-bd97-b2641f9198d5,2026-08-20T23:45:00Z,2026-08-21T01:45:00+0200,79.833333,MW,DK2,DK_2,forecast_onshore_wind_generation,Wind Onshore,2026-08-21T09:08:16Z
2026-08-21T08:53:57Z,2026-08-21T10:53:57+0200,5d6f4db6-a0f2-490a-bd97-b2641f9198d5,2026-08-21T00:00:00Z,2026-08-21T02:00:00+0200,80.833333,MW,DK2,DK_2,forecast_onshore_wind_generation,Wind Onshore,2026-08-21T09:08:16Z
2026-08-21T08:53:57Z,2026-08-21T10:53:57+0200,5d6f4db6-a0f2-490a-bd97-b2641f9198d5,2026-08-21T00:15:00Z,2026-08-21T02:15:00+0200,81.0,MW,DK2,DK_2,forecast_onshore_wind_generation,Wind Onshore,2026-08-21T09:08:16Z
2026-08-21T08:53:57Z,2026-08-21T10:53:57+0200,5d6f4db6-a0f2-490a-bd97-b2641f9198d5,2026-08-21T00:30:00Z,2026-08-21T02:30:00+0200,81.833333,MW,DK2,DK_2,forecast_onshore_wind_generation,Wind Onshore,2026-08-21T09:08:16Z
2026-08-21T08:53:57Z,2026-08-21T10:53:57+0200,5d6f4db6-a0f2-490a-bd97-b2641f9198d5,2026-08-21T00:45:00Z,2026-08-21T02:45:00+0200,82.0,MW,DK2,DK_2,forecast_onshore_wind_generation,Wind Onshore,2026-08-21T09:08:16Z
2026-08-21T08:53:57Z,2026-08-21T10:53:57+0200,5d6f4db6-a0f2-490a-bd97-b2641f9198d5,2026-08-21T01:00:00Z,2026-08-21T03:00:00+0200,82.5,MW,DK2,DK_2,forecast_onshore_wind_generation,Wind Onshore,2026-08-21T09:08:16Z
2026-08-21T08:53:57Z,2026-08-21T10:53:57+0200,5d6f4db6-a0f2-490a-bd97-b2641f9198d5,2026-08-21T01:15:00Z,2026-08-21T03:15:00+0200,83.166666,MW,DK2,DK_2,forecast_onshore_wind_generation,Wind Onshore,2026-08-21T09:08:16Z
2026-08-21T08:53:57Z,2026-08-21T10:53:57+0200,5d6f4db6-a0f2-490a-bd97-b2641f9198d5,2026-08-21T01:30:00Z,2026-08-21T03:30:00+0200,84.166666,MW,DK2,DK_2,forecast_onshore_wind_generation,Wind Onshore,2026-08-21T09:08:16Z
2026-08-21T08:53:57Z,2026-08-21T10:53:57+0200,5d6f4db6-a0f2-490a-bd97-b2641f9198d5,2026-08-21T01:45:00Z,2026-08-21T03:45:00+0200,85.166666,MW,DK2,DK_2,forecast_onshore_wind_generation,Wind Onshore,2026-08-21T09:08:16Z
2026-08-21T08:53:57Z,2026-08-21T10:53:57+0200,5d6f4db6-a0f2-490a-bd97-b2641f9198d5,2026-08-21T02:00:00Z,2026-08-21T04:00:00+0200,86.5,MW,DK2,DK_2,forecast_onshore_wind_generation,Wind Onshore,2026-08-21T09:08:16Z
2026-08-21T08:53:57Z,2026-08-21T10:53:57+0200,5d6f4db6-a0f2-490a-bd97-b2641f9198d5,2026-08-21T02:15:00Z,2026-08-21T04:15:00+0200,87.5,MW,DK2,DK_2,forecast_onshore_wind_generation,Wind Onshore,2026-08-21T09:08:16Z
2026-08-21T08:53:57Z,2026-08-21T10:53:57+0200,5d6f4db6-a0f2-490a-bd97-b2641f9198d5,2026-08-21T02:30:00Z,2026-08-21T04:30:00+0200,89.0,MW,DK2,DK_2,forecast_onshore_wind_generation,Wind Onshore,2026-08-21T09:08:16Z
2026-08-21T08:53:57Z,2026-08-21T10:53:57+0200,5d6f4db6-a0f2-490a-bd97-b2641f9198d5,2026-08-21T02:45:00Z,2026-08-21T04:45:00+0200,90.0,MW,DK2,DK_2,forecast_onshore_wind_generation,Wind Onshore,2026-08-21T09:08:16Z
2026-08-21T08:53:57Z,2026-08-21T10:53:57+0200,5d6f4db6-a0f2-490a-bd97-b2641f9198d5,2026-08-21T03:00:00Z,2026-08-21T05:00:00+0200,89.5,MW,DK2,DK_2,forecast_onshore_wind_generation,Wind Onshore,2026-08-21T09:08:16Z
2026-08-21T08:53:57Z,2026-08-21T10:53:57+0200,5d6f4db6-a0f2-490a-bd97-b2641f9198d5,2026-08-21T03:15:00Z,2026-08-21T05:15:00+0200,89.0,MW,DK2,DK_2,forecast_onshore_wind_generation,Wind Onshore,2026-08-21T09:08:16Z
2026-08-21T08:53:57Z,2026-08-21T10:53:57+0200,5d6f4db6-a0f2-490a-bd97-b2641f9198d5,2026-08-21T03:30:00Z,2026-08-21T05:30:00+0200,89.0,MW,DK2,DK_2,forecast_onshore_wind_generation,Wind Onshore,2026-08-21T09:08:16Z
2026-08-21T08:53:57Z,2026-08-21T10:53:57+0200,5d6f4db6-a0f2-490a-bd97-b2641f9198d5,2026-08-21T03:45:00Z,2026-08-21T05:45:00+0200,88.5,MW,DK2,DK_2,forecast_onshore_wind_generation,Wind Onshore,2026-08-21T09:08:16Z
2026-08-21T08:53:57Z,2026-08-21T10:53:57+0200,5d6f4db6-a0f2-490a-bd97-b2641f9198d5,2026-08-21T04:00:00Z,2026-08-21T06:00:00+0200,87.833333,MW,DK2,DK_2,forecast_onshore_wind_generation,Wind Onshore,2026-08-21T09:08:16Z
2026-08-21T08:53:57Z,2026-08-21T10:53:57+0200,5d6f4db6-a0f2-490a-bd97-b2641f9198d5,2026-08-21T04:15:00Z,2026-08-21T06:15:00+0200,86.333333,MW,DK2,DK_2,forecast_onshore_wind_generation,Wind Onshore,2026-08-21T09:08:16Z
2026-08-21T08:53:57Z,2026-08-21T10:53:57+0200,5d6f4db6-a0f2-490a-bd97-b2641f9198d5,2026-08-21T04:30:00Z,2026-08-21T06:30:00+0200,83.0,MW,DK2,DK_2,forecast_onshore_wind_generation,Wind Onshore,2026-08-21T09:08:16Z
2026-08-21T08:53:57Z,2026-08-21T10:53:57+0200,5d6f4db6-a0f2-490a-bd97-b2641f9198d5,2026-08-21T04:45:00Z,2026-08-21T06:45:00+0200,79.833333,MW,DK2,DK_2,forecast_onshore_wind_generation,Wind Onshore,2026-08-21T09:08:16Z
2026-08-21T08:53:57Z,2026-08-21T10:53:57+0200,5d6f4db6-a0f2-490a-bd97-b2641f9198d5,2026-08-21T05:00:00Z,2026-08-21T07:00:00+0200,76.5,MW,DK2,DK_2,forecast_onshore_wind_generation,Wind Onshore,2026-08-21T09:08:16Z
2026-08-21T08:53:57Z,2026-08-21T10:53:57+0200,5d6f4db6-a0f2-490a-bd97-b2641f9198d5,2026-08-21T05:15:00Z,2026-08-21T07:15:00+0200,73.5,MW,DK2,DK_2,forecast_onshore_wind_generation,Wind Onshore,2026-08-21T09:08:16Z
2026-08-21T08:53:57Z,2026-08-21T10:53:57+0200,5d6f4db6-a0f2-490a-bd97-b2641f9198d5,2026-08-21T05:30:00Z,2026-08-21T07:30:00+0200,70.5,MW,DK2,DK_2,forecast_onshore_wind_generation,Wind Onshore,2026-08-21T09:08:16Z
2026-08-21T08:53:57Z,2026-08-21T10:53:57+0200,5d6f4db6-a0f2-490a-bd97-b2641f9198d5,2026-08-21T05:45:00Z,2026-08-21T07:45:00+0200,68.0,MW,DK2,DK_2,forecast_onshore_wind_generation,Wind Onshore,2026-08-21T09:08:16Z
2026-08-21T08:53:57Z,2026-08-21T10:53:57+0200,5d6f4db6-a0f2-490a-bd97-b2641f9198d5,2026-08-21T06:00:00Z,2026-08-21T08:00:00+0200,67.0,MW,DK2,DK_2,forecast_onshore_wind_generation,Wind Onshore,2026-08-21T09:08:16Z
2026-08-21T08:53:57Z,2026-08-21T10:53:57+0200,5d6f4db6-a0f2-490a-bd97-b2641f9198d5,2026-08-21T06:15:00Z,2026-08-21T08:15:00+0200,67.5,MW,DK2,DK_2,forecast_onshore_wind_generation,Wind Onshore,2026-08-21T09:08:16Z
2026-08-21T08:53:57Z,2026-08-21T10:53:57+0200,5d6f4db6-a0f2-490a-bd97-b2641f9198d5,2026-08-21T06:30:00Z,2026-08-21T08:30:00+0200,69.0,MW,DK2,DK_2,forecast_onshore_wind_generation,Wind Onshore,2026-08-21T09:08:16Z
2026-08-21T08:53:57Z,2026-08-21T10:53:57+0200,5d6f4db6-a0f2-490a-bd97-b2641f9198d5,2026-08-21T06:45:00Z,2026-08-21T08:45:00+0200,70.666666,MW,DK2,DK_2,forecast_onshore_wind_generation,Wind Onshore,2026-08-21T09:08:16Z
2026-08-21T08:53:57Z,2026-08-21T10:53:57+0200,5d6f4db6-a0f2-490a-bd97-b2641f9198d5,2026-08-21T07:00:00Z,2026-08-21T09:00:00+0200,72.666666,MW,DK2,DK_2,forecast_onshore_wind_generation,Wind Onshore,2026-08-21T09:08:16Z
2026-08-21T08:53:57Z,2026-08-21T10:53:57+0200,5d6f4db6-a0f2-490a-bd97-b2641f9198d5,2026-08-21T07:15:00Z,2026-08-21T09:15:00+0200,73.5,MW,DK2,DK_2,forecast_onshore_wind_generation,Wind Onshore,2026-08-21T09:08:16Z
2026-08-21T08:53:57Z,2026-08-21T10:53:57+0200,5d6f4db6-a0f2-490a-bd97-b2641f9198d5,2026-08-21T07:30:00Z,2026-08-21T09:30:00+0200,72.166666,MW,DK2,DK_2,forecast_onshore_wind_generation,Wind Onshore,2026-08-21T09:08:16Z
2026-08-21T08:53:57Z,2026-08-21T10:53:57+0200,5d6f4db6-a0f2-490a-bd97-b2641f9198d5,2026-08-21T07:45:00Z,2026-08-21T09:45:00+0200,72.5,MW,DK2,DK_2,forecast_onshore_wind_generation,Wind Onshore,2026-08-21T09:08:16Z
2026-08-21T08:53:57Z,2026-08-21T10:53:57+0200,5d6f4db6-a0f2-490a-bd97-b2641f9198d5,2026-08-21T08:00:00Z,2026-08-21T10:00:00+0200,73.0,MW,DK2,DK_2,forecast_onshore_wind_generation,Wind Onshore,2026-08-21T09:08:16Z
2026-08-21T08:53:57Z,2026-08-21T10:53:57+0200,5d6f4db6-a0f2-490a-bd97-b2641f9198d5,2026-08-21T08:15:00Z,2026-08-21T10:15:00+0200,71.5,MW,DK2,DK_2,forecast_onshore_wind_generation,Wind Onshore,2026-08-21T09:08:16Z
2026-08-21T08:53:57Z,2026-08-21T10:53:57+0200,5d6f4db6-a0f2-490a-bd97-b2641f9198d5,2026-08-21T08:30:00Z,2026-08-21T10:30:00+0200,69.333333,MW,DK2,DK_2,forecast_onshore_wind_generation,Wind Onshore,2026-08-21T09:08:16Z
2026-08-21T08:53:57Z,2026-08-21T10:53:57+0200,5d6f4db6-a0f2-490a-bd97-b2641f9198d5,2026-08-21T08:45:00Z,2026-08-21T10:45:00+0200,67.0,MW,DK2,DK_2,forecast_onshore_wind_generation,Wind Onshore,2026-08-21T09:08:16Z
