collection_time_utc,collection_time_local,run_id,timestamp_utc,timestamp_local,value,unit,country,entsoe_area,variable,source,updated_at_utc
2026-08-23T15:57:37Z,2026-08-23T17:57:37+0200,4e74b68d-c003-4d56-be5d-5f0c265edc96,2026-07-23T16:00:00Z,2026-07-23T18:00:00+0200,9410.59,MW,BE,BE,forecast_load,Forecasted Load,2026-08-23T15:57:47Z
2026-08-23T15:57:37Z,2026-08-23T17:57:37+0200,4e74b68d-c003-4d56-be5d-5f0c265edc96,2026-07-23T16:15:00Z,2026-07-23T18:15:00+0200,9354.26,MW,BE,BE,forecast_load,Forecasted Load,2026-08-23T15:57:47Z
2026-08-23T15:57:37Z,2026-08-23T17:57:37+0200,4e74b68d-c003-4d56-be5d-5f0c265edc96,2026-07-23T16:30:00Z,2026-07-23T18:30:00+0200,9324.41,MW,BE,BE,forecast_load,Forecasted Load,2026-08-23T15:57:47Z
2026-08-23T15:57:37Z,2026-08-23T17:57:37+0200,4e74b68d-c003-4d56-be5d-5f0c265edc96,2026-07-23T16:45:00Z,2026-07-23T18:45:00+0200,9263.92,MW,BE,BE,forecast_load,Forecasted Load,2026-08-23T15:57:47Z
2026-08-23T15:57:37Z,2026-08-23T17:57:37+0200,4e74b68d-c003-4d56-be5d-5f0c265edc96,2026-07-23T17:00:00Z,2026-07-23T19:00:00+0200,9340.62,MW,BE,BE,forecast_load,Forecasted Load,2026-08-23T15:57:47Z
2026-08-23T15:57:37Z,2026-08-23T17:57:37+0200,4e74b68d-c003-4d56-be5d-5f0c265edc96,2026-07-23T17:15:00Z,2026-07-23T19:15:00+0200,9246.85,MW,BE,BE,forecast_load,Forecasted Load,2026-08-23T15:57:47Z
2026-08-23T15:57:37Z,2026-08-23T17:57:37+0200,4e74b68d-c003-4d56-be5d-5f0c265edc96,2026-07-23T17:30:00Z,2026-07-23T19:30:00+0200,9196.85,MW,BE,BE,forecast_load,Forecasted Load,2026-08-23T15:57:47Z
2026-08-23T15:57:37Z,2026-08-23T17:57:37+0200,4e74b68d-c003-4d56-be5d-5f0c265edc96,2026-07-23T17:45:00Z,2026-07-23T19:45:00+0200,9162.94,MW,BE,BE,forecast_load,Forecasted Load,2026-08-23T15:57:47Z
2026-08-23T15:57:37Z,2026-08-23T17:57:37+0200,4e74b68d-c003-4d56-be5d-5f0c265edc96,2026-07-23T18:00:00Z,2026-07-23T20:00:00+0200,9186.09,MW,BE,BE,forecast_load,Forecasted Load,2026-08-23T15:57:47Z
2026-08-23T15:57:37Z,2026-08-23T17:57:37+0200,4e74b68d-c003-4d56-be5d-5f0c265edc96,2026-07-23T18:15:00Z,2026-07-23T20:15:00+0200,9097.6,MW,BE,BE,forecast_load,Forecasted Load,2026-08-23T15:57:47Z
2026-08-23T15:57:37Z,2026-08-23T17:57:37+0200,4e74b68d-c003-4d56-be5d-5f0c265edc96,2026-07-23T18:30:00Z,2026-07-23T20:30:00+0200,9006.89,MW,BE,BE,forecast_load,Forecasted Load,2026-08-23T15:57:47Z
2026-08-23T15:57:37Z,2026-08-23T17:57:37+0200,4e74b68d-c003-4d56-be5d-5f0c265edc96,2026-07-23T18:45:00Z,2026-07-23T20:45:00+0200,8944.83,MW,BE,BE,forecast_load,Forecasted Load,2026-08-23T15:57:47Z
2026-08-23T15:57:37Z,2026-08-23T17:57:37+0200,4e74b68d-c003-4d56-be5d-5f0c265edc96,2026-07-23T19:00:00Z,2026-07-23T21:00:00+0200,8929.39,MW,BE,BE,forecast_load,Forecasted Load,2026-08-23T15:57:47Z
2026-08-23T15:57:37Z,2026-08-23T17:57:37+0200,4e74b68d-c003-4d56-be5d-5f0c265edc96,2026-07-23T19:15:00Z,2026-07-23T21:15:00+0200,8851.25,MW,BE,BE,forecast_load,Forecasted Load,2026-08-23T15:57:47Z
2026-08-23T15:57:37Z,2026-08-23T17:57:37+0200,4e74b68d-c003-4d56-be5d-5f0c265edc96,2026-07-23T19:30:00Z,2026-07-23T21:30:00+0200,8814.38,MW,BE,BE,forecast_load,Forecasted Load,2026-08-23T15:57:47Z
2026-08-23T15:57:37Z,2026-08-23T17:57:37+0200,4e74b68d-c003-4d56-be5d-5f0c265edc96,2026-07-23T19:45:00Z,2026-07-23T21:45:00+0200,8782.22,MW,BE,BE,forecast_load,Forecasted Load,2026-08-23T15:57:47Z
2026-08-23T15:57:37Z,2026-08-23T17:57:37+0200,4e74b68d-c003-4d56-be5d-5f0c265edc96,2026-07-23T20:00:00Z,2026-07-23T22:00:00+0200,8900.35,MW,BE,BE,forecast_load,Forecasted Load,2026-08-23T15:57:47Z
2026-08-23T15:57:37Z,2026-08-23T17:57:37+0200,4e74b68d-c003-4d56-be5d-5f0c265edc96,2026-07-23T20:15:00Z,2026-07-23T22:15:00+0200,8943.82,MW,BE,BE,forecast_load,Forecasted Load,2026-08-23T15:57:47Z
2026-08-23T15:57:37Z,2026-08-23T17:57:37+0200,4e74b68d-c003-4d56-be5d-5f0c265edc96,2026-07-23T20:30:00Z,2026-07-23T22:30:00+0200,8886.34,MW,BE,BE,forecast_load,Forecasted Load,2026-08-23T15:57:47Z
2026-08-23T15:57:37Z,2026-08-23T17:57:37+0200,4e74b68d-c003-4d56-be5d-5f0c265edc96,2026-07-23T20:45:00Z,2026-07-23T22:45:00+0200,8817.15,MW,BE,BE,forecast_load,Forecasted Load,2026-08-23T15:57:47Z
2026-08-23T15:57:37Z,2026-08-23T17:57:37+0200,4e74b68d-c003-4d56-be5d-5f0c265edc96,2026-07-23T21:00:00Z,2026-07-23T23:00:00+0200,8728.28,MW,BE,BE,forecast_load,Forecasted Load,2026-08-23T15:57:47Z
2026-08-23T15:57:37Z,2026-08-23T17:57:37+0200,4e74b68d-c003-4d56-be5d-5f0c265edc96,2026-07-23T21:15:00Z,2026-07-23T23:15:00+0200,8632.97,MW,BE,BE,forecast_load,Forecasted Load,2026-08-23T15:57:47Z
2026-08-23T15:57:37Z,2026-08-23T17:57:37+0200,4e74b68d-c003-4d56-be5d-5f0c265edc96,2026-07-23T21:30:00Z,2026-07-23T23:30:00+0200,8522.71,MW,BE,BE,forecast_load,Forecasted Load,2026-08-23T15:57:47Z
2026-08-23T15:57:37Z,2026-08-23T17:57:37+0200,4e74b68d-c003-4d56-be5d-5f0c265edc96,2026-07-23T21:45:00Z,2026-07-23T23:45:00+0200,8426.44,MW,BE,BE,forecast_load,Forecasted Load,2026-08-23T15:57:47Z
2026-08-23T15:57:37Z,2026-08-23T17:57:37+0200,4e74b68d-c003-4d56-be5d-5f0c265edc96,2026-07-23T22:00:00Z,2026-07-24T00:00:00+0200,8272.98,MW,BE,BE,forecast_load,Forecasted Load,2026-08-23T15:57:47Z
2026-08-23T15:57:37Z,2026-08-23T17:57:37+0200,4e74b68d-c003-4d56-be5d-5f0c265edc96,2026-07-23T22:15:00Z,2026-07-24T00:15:00+0200,8176.64,MW,BE,BE,forecast_load,Forecasted Load,2026-08-23T15:57:47Z
2026-08-23T15:57:37Z,2026-08-23T17:57:37+0200,4e74b68d-c003-4d56-be5d-5f0c265edc96,2026-07-23T22:30:00Z,2026-07-24T00:30:00+0200,8083.12,MW,BE,BE,forecast_load,Forecasted Load,2026-08-23T15:57:47Z
2026-08-23T15:57:37Z,2026-08-23T17:57:37+0200,4e74b68d-c003-4d56-be5d-5f0c265edc96,2026-07-23T22:45:00Z,2026-07-24T00:45:00+0200,8011.9,MW,BE,BE,forecast_load,Forecasted Load,2026-08-23T15:57:47Z
2026-08-23T15:57:37Z,2026-08-23T17:57:37+0200,4e74b68d-c003-4d56-be5d-5f0c265edc96,2026-07-23T23:00:00Z,2026-07-24T01:00:00+0200,7948.7,MW,BE,BE,forecast_load,Forecasted Load,2026-08-23T15:57:47Z
2026-08-23T15:57:37Z,2026-08-23T17:57:37+0200,4e74b68d-c003-4d56-be5d-5f0c265edc96,2026-07-23T23:15:00Z,2026-07-24T01:15:00+0200,7862.89,MW,BE,BE,forecast_load,Forecasted Load,2026-08-23T15:57:47Z
2026-08-23T15:57:37Z,2026-08-23T17:57:37+0200,4e74b68d-c003-4d56-be5d-5f0c265edc96,2026-07-23T23:30:00Z,2026-07-24T01:30:00+0200,7771.19,MW,BE,BE,forecast_load,Forecasted Load,2026-08-23T15:57:47Z
2026-08-23T15:57:37Z,2026-08-23T17:57:37+0200,4e74b68d-c003-4d56-be5d-5f0c265edc96,2026-07-23T23:45:00Z,2026-07-24T01:45:00+0200,7708.54,MW,BE,BE,forecast_load,Forecasted Load,2026-08-23T15:57:47Z
2026-08-23T15:57:37Z,2026-08-23T17:57:37+0200,4e74b68d-c003-4d56-be5d-5f0c265edc96,2026-07-24T00:00:00Z,2026-07-24T02:00:00+0200,7856.49,MW,BE,BE,forecast_load,Forecasted Load,2026-08-23T15:57:47Z
2026-08-23T15:57:37Z,2026-08-23T17:57:37+0200,4e74b68d-c003-4d56-be5d-5f0c265edc96,2026-07-24T00:15:00Z,2026-07-24T02:15:00+0200,7822.08,MW,BE,BE,forecast_load,Forecasted Load,2026-08-23T15:57:47Z
2026-08-23T15:57:37Z,2026-08-23T17:57:37+0200,4e74b68d-c003-4d56-be5d-5f0c265edc96,2026-07-24T00:30:00Z,2026-07-24T02:30:00+0200,7802.63,MW,BE,BE,forecast_load,Forecasted Load,2026-08-23T15:57:47Z
2026-08-23T15:57:37Z,2026-08-23T17:57:37+0200,4e74b68d-c003-4d56-be5d-5f0c265edc96,2026-07-24T00:45:00Z,2026-07-24T02:45:00+0200,7761.18,MW,BE,BE,forecast_load,Forecasted Load,2026-08-23T15:57:47Z
2026-08-23T15:57:37Z,2026-08-23T17:57:37+0200,4e74b68d-c003-4d56-be5d-5f0c265edc96,2026-07-24T01:00:00Z,2026-07-24T03:00:00+0200,7695.35,MW,BE,BE,forecast_load,Forecasted Load,2026-08-23T15:57:47Z
2026-08-23T15:57:37Z,2026-08-23T17:57:37+0200,4e74b68d-c003-4d56-be5d-5f0c265edc96,2026-07-24T01:15:00Z,2026-07-24T03:15:00+0200,7690.5,MW,BE,BE,forecast_load,Forecasted Load,2026-08-23T15:57:47Z
2026-08-23T15:57:37Z,2026-08-23T17:57:37+0200,4e74b68d-c003-4d56-be5d-5f0c265edc96,2026-07-24T01:30:00Z,2026-07-24T03:30:00+0200,7683.29,MW,BE,BE,forecast_load,Forecasted Load,2026-08-23T15:57:47Z
2026-08-23T15:57:37Z,2026-08-23T17:57:37+0200,4e74b68d-c003-4d56-be5d-5f0c265edc96,2026-07-24T01:45:00Z,2026-07-24T03:45:00+0200,7666.32,MW,BE,BE,forecast_load,Forecasted Load,2026-08-23T15:57:47Z
2026-08-23T15:57:37Z,2026-08-23T17:57:37+0200,4e74b68d-c003-4d56-be5d-5f0c265edc96,2026-07-24T02:00:00Z,2026-07-24T04:00:00+0200,7625.38,MW,BE,BE,forecast_load,Forecasted Load,2026-08-23T15:57:47Z
2026-08-23T15:57:37Z,2026-08-23T17:57:37+0200,4e74b68d-c003-4d56-be5d-5f0c265edc96,2026-07-24T02:15:00Z,2026-07-24T04:15:00+0200,7611.38,MW,BE,BE,forecast_load,Forecasted Load,2026-08-23T15:57:47Z
2026-08-23T15:57:37Z,2026-08-23T17:57:37+0200,4e74b68d-c003-4d56-be5d-5f0c265edc96,2026-07-24T02:30:00Z,2026-07-24T04:30:00+0200,7613.32,MW,BE,BE,forecast_load,Forecasted Load,2026-08-23T15:57:47Z
2026-08-23T15:57:37Z,2026-08-23T17:57:37+0200,4e74b68d-c003-4d56-be5d-5f0c265edc96,2026-07-24T02:45:00Z,2026-07-24T04:45:00+0200,7650.56,MW,BE,BE,forecast_load,Forecasted Load,2026-08-23T15:57:47Z
2026-08-23T15:57:37Z,2026-08-23T17:57:37+0200,4e74b68d-c003-4d56-be5d-5f0c265edc96,2026-07-24T03:00:00Z,2026-07-24T05:00:00+0200,7655.36,MW,BE,BE,forecast_load,Forecasted Load,2026-08-23T15:57:47Z
2026-08-23T15:57:37Z,2026-08-23T17:57:37+0200,4e74b68d-c003-4d56-be5d-5f0c265edc96,2026-07-24T03:15:00Z,2026-07-24T05:15:00+0200,7670.66,MW,BE,BE,forecast_load,Forecasted Load,2026-08-23T15:57:47Z
2026-08-23T15:57:37Z,2026-08-23T17:57:37+0200,4e74b68d-c003-4d56-be5d-5f0c265edc96,2026-07-24T03:30:00Z,2026-07-24T05:30:00+0200,7693.99,MW,BE,BE,forecast_load,Forecasted Load,2026-08-23T15:57:47Z
2026-08-23T15:57:37Z,2026-08-23T17:57:37+0200,4e74b68d-c003-4d56-be5d-5f0c265edc96,2026-07-24T03:45:00Z,2026-07-24T05:45:00+0200,7743.0,MW,BE,BE,forecast_load,Forecasted Load,2026-08-23T15:57:47Z
2026-08-23T15:57:37Z,2026-08-23T17:57:37+0200,4e74b68d-c003-4d56-be5d-5f0c265edc96,2026-07-24T04:00:00Z,2026-07-24T06:00:00+0200,7923.04,MW,BE,BE,forecast_load,Forecasted Load,2026-08-23T15:57:47Z
2026-08-23T15:57:37Z,2026-08-23T17:57:37+0200,4e74b68d-c003-4d56-be5d-5f0c265edc96,2026-07-24T04:15:00Z,2026-07-24T06:15:00+0200,8099.78,MW,BE,BE,forecast_load,Forecasted Load,2026-08-23T15:57:47Z
2026-08-23T15:57:37Z,2026-08-23T17:57:37+0200,4e74b68d-c003-4d56-be5d-5f0c265edc96,2026-07-24T04:30:00Z,2026-07-24T06:30:00+0200,8264.9,MW,BE,BE,forecast_load,Forecasted Load,2026-08-23T15:57:47Z
2026-08-23T15:57:37Z,2026-08-23T17:57:37+0200,4e74b68d-c003-4d56-be5d-5f0c265edc96,2026-07-24T04:45:00Z,2026-07-24T06:45:00+0200,8412.88,MW,BE,BE,forecast_load,Forecasted Load,2026-08-23T15:57:47Z
2026-08-23T15:57:37Z,2026-08-23T17:57:37+0200,4e74b68d-c003-4d56-be5d-5f0c265edc96,2026-07-24T05:00:00Z,2026-07-24T07:00:00+0200,8543.74,MW,BE,BE,forecast_load,Forecasted Load,2026-08-23T15:57:47Z
2026-08-23T15:57:37Z,2026-08-23T17:57:37+0200,4e74b68d-c003-4d56-be5d-5f0c265edc96,2026-07-24T05:15:00Z,2026-07-24T07:15:00+0200,8708.5,MW,BE,BE,forecast_load,Forecasted Load,2026-08-23T15:57:47Z
2026-08-23T15:57:37Z,2026-08-23T17:57:37+0200,4e74b68d-c003-4d56-be5d-5f0c265edc96,2026-07-24T05:30:00Z,2026-07-24T07:30:00+0200,8903.57,MW,BE,BE,forecast_load,Forecasted Load,2026-08-23T15:57:47Z
2026-08-23T15:57:37Z,2026-08-23T17:57:37+0200,4e74b68d-c003-4d56-be5d-5f0c265edc96,2026-07-24T05:45:00Z,2026-07-24T07:45:00+0200,9048.61,MW,BE,BE,forecast_load,Forecasted Load,2026-08-23T15:57:47Z
2026-08-23T15:57:37Z,2026-08-23T17:57:37+0200,4e74b68d-c003-4d56-be5d-5f0c265edc96,2026-07-24T06:00:00Z,2026-07-24T08:00:00+0200,9118.66,MW,BE,BE,forecast_load,Forecasted Load,2026-08-23T15:57:47Z
2026-08-23T15:57:37Z,2026-08-23T17:57:37+0200,4e74b68d-c003-4d56-be5d-5f0c265edc96,2026-07-24T06:15:00Z,2026-07-24T08:15:00+0200,9269.02,MW,BE,BE,forecast_load,Forecasted Load,2026-08-23T15:57:47Z
2026-08-23T15:57:37Z,2026-08-23T17:57:37+0200,4e74b68d-c003-4d56-be5d-5f0c265edc96,2026-07-24T06:30:00Z,2026-07-24T08:30:00+0200,9413.97,MW,BE,BE,forecast_load,Forecasted Load,2026-08-23T15:57:47Z
2026-08-23T15:57:37Z,2026-08-23T17:57:37+0200,4e74b68d-c003-4d56-be5d-5f0c265edc96,2026-07-24T06:45:00Z,2026-07-24T08:45:00+0200,9585.18,MW,BE,BE,forecast_load,Forecasted Load,2026-08-23T15:57:47Z
2026-08-23T15:57:37Z,2026-08-23T17:57:37+0200,4e74b68d-c003-4d56-be5d-5f0c265edc96,2026-07-24T07:00:00Z,2026-07-24T09:00:00+0200,9676.49,MW,BE,BE,forecast_load,Forecasted Load,2026-08-23T15:57:47Z
2026-08-23T15:57:37Z,2026-08-23T17:57:37+0200,4e74b68d-c003-4d56-be5d-5f0c265edc96,2026-07-24T07:15:00Z,2026-07-24T09:15:00+0200,9765.64,MW,BE,BE,forecast_load,Forecasted Load,2026-08-23T15:57:47Z
2026-08-23T15:57:37Z,2026-08-23T17:57:37+0200,4e74b68d-c003-4d56-be5d-5f0c265edc96,2026-07-24T07:30:00Z,2026-07-24T09:30:00+0200,9876.78,MW,BE,BE,forecast_load,Forecasted Load,2026-08-23T15:57:47Z
2026-08-23T15:57:37Z,2026-08-23T17:57:37+0200,4e74b68d-c003-4d56-be5d-5f0c265edc96,2026-07-24T07:45:00Z,2026-07-24T09:45:00+0200,9974.54,MW,BE,BE,forecast_load,Forecasted Load,2026-08-23T15:57:47Z
2026-08-23T15:57:37Z,2026-08-23T17:57:37+0200,4e74b68d-c003-4d56-be5d-5f0c265edc96,2026-07-24T08:00:00Z,2026-07-24T10:00:00+0200,10110.81,MW,BE,BE,forecast_load,Forecasted Load,2026-08-23T15:57:47Z
2026-08-23T15:57:37Z,2026-08-23T17:57:37+0200,4e74b68d-c003-4d56-be5d-5f0c265edc96,2026-07-24T08:15:00Z,2026-07-24T10:15:00+0200,10166.97,MW,BE,BE,forecast_load,Forecasted Load,2026-08-23T15:57:47Z
2026-08-23T15:57:37Z,2026-08-23T17:57:37+0200,4e74b68d-c003-4d56-be5d-5f0c265edc96,2026-07-24T08:30:00Z,2026-07-24T10:30:00+0200,10208.65,MW,BE,BE,forecast_load,Forecasted Load,2026-08-23T15:57:47Z
2026-08-23T15:57:37Z,2026-08-23T17:57:37+0200,4e74b68d-c003-4d56-be5d-5f0c265edc96,2026-07-24T08:45:00Z,2026-07-24T10:45:00+0200,10286.15,MW,BE,BE,forecast_load,Forecasted Load,2026-08-23T15:57:47Z
2026-08-23T15:57:37Z,2026-08-23T17:57:37+0200,4e74b68d-c003-4d56-be5d-5f0c265edc96,2026-07-24T09:00:00Z,2026-07-24T11:00:00+0200,10532.86,MW,BE,BE,forecast_load,Forecasted Load,2026-08-23T15:57:47Z
2026-08-23T15:57:37Z,2026-08-23T17:57:37+0200,4e74b68d-c003-4d56-be5d-5f0c265edc96,2026-07-24T09:15:00Z,2026-07-24T11:15:00+0200,10558.75,MW,BE,BE,forecast_load,Forecasted Load,2026-08-23T15:57:47Z
2026-08-23T15:57:37Z,2026-08-23T17:57:37+0200,4e74b68d-c003-4d56-be5d-5f0c265edc96,2026-07-24T09:30:00Z,2026-07-24T11:30:00+0200,10632.74,MW,BE,BE,forecast_load,Forecasted Load,2026-08-23T15:57:47Z
2026-08-23T15:57:37Z,2026-08-23T17:57:37+0200,4e74b68d-c003-4d56-be5d-5f0c265edc96,2026-07-24T09:45:00Z,2026-07-24T11:45:00+0200,10733.85,MW,BE,BE,forecast_load,Forecasted Load,2026-08-23T15:57:47Z
2026-08-23T15:57:37Z,2026-08-23T17:57:37+0200,4e74b68d-c003-4d56-be5d-5f0c265edc96,2026-07-24T10:00:00Z,2026-07-24T12:00:00+0200,10801.57,MW,BE,BE,forecast_load,Forecasted Load,2026-08-23T15:57:47Z
2026-08-23T15:57:37Z,2026-08-23T17:57:37+0200,4e74b68d-c003-4d56-be5d-5f0c265edc96,2026-07-24T10:15:00Z,2026-07-24T12:15:00+0200,10774.87,MW,BE,BE,forecast_load,Forecasted Load,2026-08-23T15:57:47Z
2026-08-23T15:57:37Z,2026-08-23T17:57:37+0200,4e74b68d-c003-4d56-be5d-5f0c265edc96,2026-07-24T10:30:00Z,2026-07-24T12:30:00+0200,10758.29,MW,BE,BE,forecast_load,Forecasted Load,2026-08-23T15:57:47Z
2026-08-23T15:57:37Z,2026-08-23T17:57:37+0200,4e74b68d-c003-4d56-be5d-5f0c265edc96,2026-07-24T10:45:00Z,2026-07-24T12:45:00+0200,10826.08,MW,BE,BE,forecast_load,Forecasted Load,2026-08-23T15:57:47Z
2026-08-23T15:57:37Z,2026-08-23T17:57:37+0200,4e74b68d-c003-4d56-be5d-5f0c265edc96,2026-07-24T11:00:00Z,2026-07-24T13:00:00+0200,10855.74,MW,BE,BE,forecast_load,Forecasted Load,2026-08-23T15:57:47Z
2026-08-23T15:57:37Z,2026-08-23T17:57:37+0200,4e74b68d-c003-4d56-be5d-5f0c265edc96,2026-07-24T11:15:00Z,2026-07-24T13:15:00+0200,10902.48,MW,BE,BE,forecast_load,Forecasted Load,2026-08-23T15:57:47Z
2026-08-23T15:57:37Z,2026-08-23T17:57:37+0200,4e74b68d-c003-4d56-be5d-5f0c265edc96,2026-07-24T11:30:00Z,2026-07-24T13:30:00+0200,10940.59,MW,BE,BE,forecast_load,Forecasted Load,2026-08-23T15:57:47Z
2026-08-23T15:57:37Z,2026-08-23T17:57:37+0200,4e74b68d-c003-4d56-be5d-5f0c265edc96,2026-07-24T11:45:00Z,2026-07-24T13:45:00+0200,10830.17,MW,BE,BE,forecast_load,Forecasted Load,2026-08-23T15:57:47Z
2026-08-23T15:57:37Z,2026-08-23T17:57:37+0200,4e74b68d-c003-4d56-be5d-5f0c265edc96,2026-07-24T12:00:00Z,2026-07-24T14:00:00+0200,10645.23,MW,BE,BE,forecast_load,Forecasted Load,2026-08-23T15:57:47Z
2026-08-23T15:57:37Z,2026-08-23T17:57:37+0200,4e74b68d-c003-4d56-be5d-5f0c265edc96,2026-07-24T12:15:00Z,2026-07-24T14:15:00+0200,10621.92,MW,BE,BE,forecast_load,Forecasted Load,2026-08-23T15:57:47Z
2026-08-23T15:57:37Z,2026-08-23T17:57:37+0200,4e74b68d-c003-4d56-be5d-5f0c265edc96,2026-07-24T12:30:00Z,2026-07-24T14:30:00+0200,10551.32,MW,BE,BE,forecast_load,Forecasted Load,2026-08-23T15:57:47Z
2026-08-23T15:57:37Z,2026-08-23T17:57:37+0200,4e74b68d-c003-4d56-be5d-5f0c265edc96,2026-07-24T12:45:00Z,2026-07-24T14:45:00+0200,10484.52,MW,BE,BE,forecast_load,Forecasted Load,2026-08-23T15:57:47Z
2026-08-23T15:57:37Z,2026-08-23T17:57:37+0200,4e74b68d-c003-4d56-be5d-5f0c265edc96,2026-07-24T13:00:00Z,2026-07-24T15:00:00+0200,10411.09,MW,BE,BE,forecast_load,Forecasted Load,2026-08-23T15:57:47Z
2026-08-23T15:57:37Z,2026-08-23T17:57:37+0200,4e74b68d-c003-4d56-be5d-5f0c265edc96,2026-07-24T13:15:00Z,2026-07-24T15:15:00+0200,10326.25,MW,BE,BE,forecast_load,Forecasted Load,2026-08-23T15:57:47Z
2026-08-23T15:57:37Z,2026-08-23T17:57:37+0200,4e74b68d-c003-4d56-be5d-5f0c265edc96,2026-07-24T13:30:00Z,2026-07-24T15:30:00+0200,10215.18,MW,BE,BE,forecast_load,Forecasted Load,2026-08-23T15:57:47Z
2026-08-23T15:57:37Z,2026-08-23T17:57:37+0200,4e74b68d-c003-4d56-be5d-5f0c265edc96,2026-07-24T13:45:00Z,2026-07-24T15:45:00+0200,10130.56,MW,BE,BE,forecast_load,Forecasted Load,2026-08-23T15:57:47Z
2026-08-23T15:57:37Z,2026-08-23T17:57:37+0200,4e74b68d-c003-4d56-be5d-5f0c265edc96,2026-07-24T14:00:00Z,2026-07-24T16:00:00+0200,9949.06,MW,BE,BE,forecast_load,Forecasted Load,2026-08-23T15:57:47Z
2026-08-23T15:57:37Z,2026-08-23T17:57:37+0200,4e74b68d-c003-4d56-be5d-5f0c265edc96,2026-07-24T14:15:00Z,2026-07-24T16:15:00+0200,9812.42,MW,BE,BE,forecast_load,Forecasted Load,2026-08-23T15:57:47Z
2026-08-23T15:57:37Z,2026-08-23T17:57:37+0200,4e74b68d-c003-4d56-be5d-5f0c265edc96,2026-07-24T14:30:00Z,2026-07-24T16:30:00+0200,9786.48,MW,BE,BE,forecast_load,Forecasted Load,2026-08-23T15:57:47Z
2026-08-23T15:57:37Z,2026-08-23T17:57:37+0200,4e74b68d-c003-4d56-be5d-5f0c265edc96,2026-07-24T14:45:00Z,2026-07-24T16:45:00+0200,9764.25,MW,BE,BE,forecast_load,Forecasted Load,2026-08-23T15:57:47Z
2026-08-23T15:57:37Z,2026-08-23T17:57:37+0200,4e74b68d-c003-4d56-be5d-5f0c265edc96,2026-07-24T15:00:00Z,2026-07-24T17:00:00+0200,9874.42,MW,BE,BE,forecast_load,Forecasted Load,2026-08-23T15:57:47Z
2026-08-23T15:57:37Z,2026-08-23T17:57:37+0200,4e74b68d-c003-4d56-be5d-5f0c265edc96,2026-07-24T15:15:00Z,2026-07-24T17:15:00+0200,9800.37,MW,BE,BE,forecast_load,Forecasted Load,2026-08-23T15:57:47Z
2026-08-23T15:57:37Z,2026-08-23T17:57:37+0200,4e74b68d-c003-4d56-be5d-5f0c265edc96,2026-07-24T15:30:00Z,2026-07-24T17:30:00+0200,9846.07,MW,BE,BE,forecast_load,Forecasted Load,2026-08-23T15:57:47Z
2026-08-23T15:57:37Z,2026-08-23T17:57:37+0200,4e74b68d-c003-4d56-be5d-5f0c265edc96,2026-07-24T15:45:00Z,2026-07-24T17:45:00+0200,9791.88,MW,BE,BE,forecast_load,Forecasted Load,2026-08-23T15:57:47Z
2026-08-23T15:57:37Z,2026-08-23T17:57:37+0200,4e74b68d-c003-4d56-be5d-5f0c265edc96,2026-07-24T16:00:00Z,2026-07-24T18:00:00+0200,9718.12,MW,BE,BE,forecast_load,Forecasted Load,2026-08-23T15:57:47Z
2026-08-23T15:57:37Z,2026-08-23T17:57:37+0200,4e74b68d-c003-4d56-be5d-5f0c265edc96,2026-07-24T16:15:00Z,2026-07-24T18:15:00+0200,9648.51,MW,BE,BE,forecast_load,Forecasted Load,2026-08-23T15:57:47Z
2026-08-23T15:57:37Z,2026-08-23T17:57:37+0200,4e74b68d-c003-4d56-be5d-5f0c265edc96,2026-07-24T16:30:00Z,2026-07-24T18:30:00+0200,9614.77,MW,BE,BE,forecast_load,Forecasted Load,2026-08-23T15:57:47Z
2026-08-23T15:57:37Z,2026-08-23T17:57:37+0200,4e74b68d-c003-4d56-be5d-5f0c265edc96,2026-07-24T16:45:00Z,2026-07-24T18:45:00+0200,9549.52,MW,BE,BE,forecast_load,Forecasted Load,2026-08-23T15:57:47Z
2026-08-23T15:57:37Z,2026-08-23T17:57:37+0200,4e74b68d-c003-4d56-be5d-5f0c265edc96,2026-07-24T17:00:00Z,2026-07-24T19:00:00+0200,9608.2,MW,BE,BE,forecast_load,Forecasted Load,2026-08-23T15:57:47Z
2026-08-23T15:57:37Z,2026-08-23T17:57:37+0200,4e74b68d-c003-4d56-be5d-5f0c265edc96,2026-07-24T17:15:00Z,2026-07-24T19:15:00+0200,9518.24,MW,BE,BE,forecast_load,Forecasted Load,2026-08-23T15:57:47Z
2026-08-23T15:57:37Z,2026-08-23T17:57:37+0200,4e74b68d-c003-4d56-be5d-5f0c265edc96,2026-07-24T17:30:00Z,2026-07-24T19:30:00+0200,9472.96,MW,BE,BE,forecast_load,Forecasted Load,2026-08-23T15:57:47Z
2026-08-23T15:57:37Z,2026-08-23T17:57:37+0200,4e74b68d-c003-4d56-be5d-5f0c265edc96,2026-07-24T17:45:00Z,2026-07-24T19:45:00+0200,9439.65,MW,BE,BE,forecast_load,Forecasted Load,2026-08-23T15:57:47Z
2026-08-23T15:57:37Z,2026-08-23T17:57:37+0200,4e74b68d-c003-4d56-be5d-5f0c265edc96,2026-07-24T18:00:00Z,2026-07-24T20:00:00+0200,9436.9,MW,BE,BE,forecast_load,Forecasted Load,2026-08-23T15:57:47Z
2026-08-23T15:57:37Z,2026-08-23T17:57:37+0200,4e74b68d-c003-4d56-be5d-5f0c265edc96,2026-07-24T18:15:00Z,2026-07-24T20:15:00+0200,9343.02,MW,BE,BE,forecast_load,Forecasted Load,2026-08-23T15:57:47Z
2026-08-23T15:57:37Z,2026-08-23T17:57:37+0200,4e74b68d-c003-4d56-be5d-5f0c265edc96,2026-07-24T18:30:00Z,2026-07-24T20:30:00+0200,9260.25,MW,BE,BE,forecast_load,Forecasted Load,2026-08-23T15:57:47Z
2026-08-23T15:57:37Z,2026-08-23T17:57:37+0200,4e74b68d-c003-4d56-be5d-5f0c265edc96,2026-07-24T18:45:00Z,2026-07-24T20:45:00+0200,9196.83,MW,BE,BE,forecast_load,Forecasted Load,2026-08-23T15:57:47Z
2026-08-23T15:57:37Z,2026-08-23T17:57:37+0200,4e74b68d-c003-4d56-be5d-5f0c265edc96,2026-07-24T19:00:00Z,2026-07-24T21:00:00+0200,9100.8,MW,BE,BE,forecast_load,Forecasted Load,2026-08-23T15:57:47Z
2026-08-23T15:57:37Z,2026-08-23T17:57:37+0200,4e74b68d-c003-4d56-be5d-5f0c265edc96,2026-07-24T19:15:00Z,2026-07-24T21:15:00+0200,9021.93,MW,BE,BE,forecast_load,Forecasted Load,2026-08-23T15:57:47Z
2026-08-23T15:57:37Z,2026-08-23T17:57:37+0200,4e74b68d-c003-4d56-be5d-5f0c265edc96,2026-07-24T19:30:00Z,2026-07-24T21:30:00+0200,9000.13,MW,BE,BE,forecast_load,Forecasted Load,2026-08-23T15:57:47Z
2026-08-23T15:57:37Z,2026-08-23T17:57:37+0200,4e74b68d-c003-4d56-be5d-5f0c265edc96,2026-07-24T19:45:00Z,2026-07-24T21:45:00+0200,8976.82,MW,BE,BE,forecast_load,Forecasted Load,2026-08-23T15:57:47Z
2026-08-23T15:57:37Z,2026-08-23T17:57:37+0200,4e74b68d-c003-4d56-be5d-5f0c265edc96,2026-07-24T20:00:00Z,2026-07-24T22:00:00+0200,8960.67,MW,BE,BE,forecast_load,Forecasted Load,2026-08-23T15:57:47Z
2026-08-23T15:57:37Z,2026-08-23T17:57:37+0200,4e74b68d-c003-4d56-be5d-5f0c265edc96,2026-07-24T20:15:00Z,2026-07-24T22:15:00+0200,8998.35,MW,BE,BE,forecast_load,Forecasted Load,2026-08-23T15:57:47Z
2026-08-23T15:57:37Z,2026-08-23T17:57:37+0200,4e74b68d-c003-4d56-be5d-5f0c265edc96,2026-07-24T20:30:00Z,2026-07-24T22:30:00+0200,8952.32,MW,BE,BE,forecast_load,Forecasted Load,2026-08-23T15:57:47Z
2026-08-23T15:57:37Z,2026-08-23T17:57:37+0200,4e74b68d-c003-4d56-be5d-5f0c265edc96,2026-07-24T20:45:00Z,2026-07-24T22:45:00+0200,8879.08,MW,BE,BE,forecast_load,Forecasted Load,2026-08-23T15:57:47Z
2026-08-23T15:57:37Z,2026-08-23T17:57:37+0200,4e74b68d-c003-4d56-be5d-5f0c265edc96,2026-07-24T21:00:00Z,2026-07-24T23:00:00+0200,8749.3,MW,BE,BE,forecast_load,Forecasted Load,2026-08-23T15:57:47Z
2026-08-23T15:57:37Z,2026-08-23T17:57:37+0200,4e74b68d-c003-4d56-be5d-5f0c265edc96,2026-07-24T21:15:00Z,2026-07-24T23:15:00+0200,8652.15,MW,BE,BE,forecast_load,Forecasted Load,2026-08-23T15:57:47Z
2026-08-23T15:57:37Z,2026-08-23T17:57:37+0200,4e74b68d-c003-4d56-be5d-5f0c265edc96,2026-07-24T21:30:00Z,2026-07-24T23:30:00+0200,8536.57,MW,BE,BE,forecast_load,Forecasted Load,2026-08-23T15:57:47Z
2026-08-23T15:57:37Z,2026-08-23T17:57:37+0200,4e74b68d-c003-4d56-be5d-5f0c265edc96,2026-07-24T21:45:00Z,2026-07-24T23:45:00+0200,8445.18,MW,BE,BE,forecast_load,Forecasted Load,2026-08-23T15:57:47Z
2026-08-23T15:57:37Z,2026-08-23T17:57:37+0200,4e74b68d-c003-4d56-be5d-5f0c265edc96,2026-07-24T22:00:00Z,2026-07-25T00:00:00+0200,8188.84,MW,BE,BE,forecast_load,Forecasted Load,2026-08-23T15:57:47Z
2026-08-23T15:57:37Z,2026-08-23T17:57:37+0200,4e74b68d-c003-4d56-be5d-5f0c265edc96,2026-07-24T22:15:00Z,2026-07-25T00:15:00+0200,8079.83,MW,BE,BE,forecast_load,Forecasted Load,2026-08-23T15:57:47Z
2026-08-23T15:57:37Z,2026-08-23T17:57:37+0200,4e74b68d-c003-4d56-be5d-5f0c265edc96,2026-07-24T22:30:00Z,2026-07-25T00:30:00+0200,7988.57,MW,BE,BE,forecast_load,Forecasted Load,2026-08-23T15:57:47Z
2026-08-23T15:57:37Z,2026-08-23T17:57:37+0200,4e74b68d-c003-4d56-be5d-5f0c265edc96,2026-07-24T22:45:00Z,2026-07-25T00:45:00+0200,7925.41,MW,BE,BE,forecast_load,Forecasted Load,2026-08-23T15:57:47Z
2026-08-23T15:57:37Z,2026-08-23T17:57:37+0200,4e74b68d-c003-4d56-be5d-5f0c265edc96,2026-07-24T23:00:00Z,2026-07-25T01:00:00+0200,7825.37,MW,BE,BE,forecast_load,Forecasted Load,2026-08-23T15:57:47Z
2026-08-23T15:57:37Z,2026-08-23T17:57:37+0200,4e74b68d-c003-4d56-be5d-5f0c265edc96,2026-07-24T23:15:00Z,2026-07-25T01:15:00+0200,7743.31,MW,BE,BE,forecast_load,Forecasted Load,2026-08-23T15:57:47Z
2026-08-23T15:57:37Z,2026-08-23T17:57:37+0200,4e74b68d-c003-4d56-be5d-5f0c265edc96,2026-07-24T23:30:00Z,2026-07-25T01:30:00+0200,7652.33,MW,BE,BE,forecast_load,Forecasted Load,2026-08-23T15:57:47Z
2026-08-23T15:57:37Z,2026-08-23T17:57:37+0200,4e74b68d-c003-4d56-be5d-5f0c265edc96,2026-07-24T23:45:00Z,2026-07-25T01:45:00+0200,7600.49,MW,BE,BE,forecast_load,Forecasted Load,2026-08-23T15:57:47Z
2026-08-23T15:57:37Z,2026-08-23T17:57:37+0200,4e74b68d-c003-4d56-be5d-5f0c265edc96,2026-07-25T00:00:00Z,2026-07-25T02:00:00+0200,7339.81,MW,BE,BE,forecast_load,Forecasted Load,2026-08-23T15:57:47Z
2026-08-23T15:57:37Z,2026-08-23T17:57:37+0200,4e74b68d-c003-4d56-be5d-5f0c265edc96,2026-07-25T00:15:00Z,2026-07-25T02:15:00+0200,7291.93,MW,BE,BE,forecast_load,Forecasted Load,2026-08-23T15:57:47Z
2026-08-23T15:57:37Z,2026-08-23T17:57:37+0200,4e74b68d-c003-4d56-be5d-5f0c265edc96,2026-07-25T00:30:00Z,2026-07-25T02:30:00+0200,7305.02,MW,BE,BE,forecast_load,Forecasted Load,2026-08-23T15:57:47Z
2026-08-23T15:57:37Z,2026-08-23T17:57:37+0200,4e74b68d-c003-4d56-be5d-5f0c265edc96,2026-07-25T00:45:00Z,2026-07-25T02:45:00+0200,7222.69,MW,BE,BE,forecast_load,Forecasted Load,2026-08-23T15:57:47Z
2026-08-23T15:57:37Z,2026-08-23T17:57:37+0200,4e74b68d-c003-4d56-be5d-5f0c265edc96,2026-07-25T01:00:00Z,2026-07-25T03:00:00+0200,7220.13,MW,BE,BE,forecast_load,Forecasted Load,2026-08-23T15:57:47Z
2026-08-23T15:57:37Z,2026-08-23T17:57:37+0200,4e74b68d-c003-4d56-be5d-5f0c265edc96,2026-07-25T01:15:00Z,2026-07-25T03:15:00+0200,7193.0,MW,BE,BE,forecast_load,Forecasted Load,2026-08-23T15:57:47Z
2026-08-23T15:57:37Z,2026-08-23T17:57:37+0200,4e74b68d-c003-4d56-be5d-5f0c265edc96,2026-07-25T01:30:00Z,2026-07-25T03:30:00+0200,7151.0,MW,BE,BE,forecast_load,Forecasted Load,2026-08-23T15:57:47Z
2026-08-23T15:57:37Z,2026-08-23T17:57:37+0200,4e74b68d-c003-4d56-be5d-5f0c265edc96,2026-07-25T01:45:00Z,2026-07-25T03:45:00+0200,7105.72,MW,BE,BE,forecast_load,Forecasted Load,2026-08-23T15:57:47Z
2026-08-23T15:57:37Z,2026-08-23T17:57:37+0200,4e74b68d-c003-4d56-be5d-5f0c265edc96,2026-07-25T02:00:00Z,2026-07-25T04:00:00+0200,7122.84,MW,BE,BE,forecast_load,Forecasted Load,2026-08-23T15:57:47Z
2026-08-23T15:57:37Z,2026-08-23T17:57:37+0200,4e74b68d-c003-4d56-be5d-5f0c265edc96,2026-07-25T02:15:00Z,2026-07-25T04:15:00+0200,7061.6,MW,BE,BE,forecast_load,Forecasted Load,2026-08-23T15:57:47Z
2026-08-23T15:57:37Z,2026-08-23T17:57:37+0200,4e74b68d-c003-4d56-be5d-5f0c265edc96,2026-07-25T02:30:00Z,2026-07-25T04:30:00+0200,7062.62,MW,BE,BE,forecast_load,Forecasted Load,2026-08-23T15:57:47Z
2026-08-23T15:57:37Z,2026-08-23T17:57:37+0200,4e74b68d-c003-4d56-be5d-5f0c265edc96,2026-07-25T02:45:00Z,2026-07-25T04:45:00+0200,7075.99,MW,BE,BE,forecast_load,Forecasted Load,2026-08-23T15:57:47Z
2026-08-23T15:57:37Z,2026-08-23T17:57:37+0200,4e74b68d-c003-4d56-be5d-5f0c265edc96,2026-07-25T03:00:00Z,2026-07-25T05:00:00+0200,7028.33,MW,BE,BE,forecast_load,Forecasted Load,2026-08-23T15:57:47Z
2026-08-23T15:57:37Z,2026-08-23T17:57:37+0200,4e74b68d-c003-4d56-be5d-5f0c265edc96,2026-07-25T03:15:00Z,2026-07-25T05:15:00+0200,6983.49,MW,BE,BE,forecast_load,Forecasted Load,2026-08-23T15:57:47Z
2026-08-23T15:57:37Z,2026-08-23T17:57:37+0200,4e74b68d-c003-4d56-be5d-5f0c265edc96,2026-07-25T03:30:00Z,2026-07-25T05:30:00+0200,6931.29,MW,BE,BE,forecast_load,Forecasted Load,2026-08-23T15:57:47Z
2026-08-23T15:57:37Z,2026-08-23T17:57:37+0200,4e74b68d-c003-4d56-be5d-5f0c265edc96,2026-07-25T03:45:00Z,2026-07-25T05:45:00+0200,6906.58,MW,BE,BE,forecast_load,Forecasted Load,2026-08-23T15:57:47Z
2026-08-23T15:57:37Z,2026-08-23T17:57:37+0200,4e74b68d-c003-4d56-be5d-5f0c265edc96,2026-07-25T04:00:00Z,2026-07-25T06:00:00+0200,7007.3,MW,BE,BE,forecast_load,Forecasted Load,2026-08-23T15:57:47Z
2026-08-23T15:57:37Z,2026-08-23T17:57:37+0200,4e74b68d-c003-4d56-be5d-5f0c265edc96,2026-07-25T04:15:00Z,2026-07-25T06:15:00+0200,7122.62,MW,BE,BE,forecast_load,Forecasted Load,2026-08-23T15:57:47Z
2026-08-23T15:57:37Z,2026-08-23T17:57:37+0200,4e74b68d-c003-4d56-be5d-5f0c265edc96,2026-07-25T04:30:00Z,2026-07-25T06:30:00+0200,7153.17,MW,BE,BE,forecast_load,Forecasted Load,2026-08-23T15:57:47Z
2026-08-23T15:57:37Z,2026-08-23T17:57:37+0200,4e74b68d-c003-4d56-be5d-5f0c265edc96,2026-07-25T04:45:00Z,2026-07-25T06:45:00+0200,7239.62,MW,BE,BE,forecast_load,Forecasted Load,2026-08-23T15:57:47Z
2026-08-23T15:57:37Z,2026-08-23T17:57:37+0200,4e74b68d-c003-4d56-be5d-5f0c265edc96,2026-07-25T05:00:00Z,2026-07-25T07:00:00+0200,7362.77,MW,BE,BE,forecast_load,Forecasted Load,2026-08-23T15:57:47Z
2026-08-23T15:57:37Z,2026-08-23T17:57:37+0200,4e74b68d-c003-4d56-be5d-5f0c265edc96,2026-07-25T05:15:00Z,2026-07-25T07:15:00+0200,7434.2,MW,BE,BE,forecast_load,Forecasted Load,2026-08-23T15:57:47Z
2026-08-23T15:57:37Z,2026-08-23T17:57:37+0200,4e74b68d-c003-4d56-be5d-5f0c265edc96,2026-07-25T05:30:00Z,2026-07-25T07:30:00+0200,7527.2,MW,BE,BE,forecast_load,Forecasted Load,2026-08-23T15:57:47Z
2026-08-23T15:57:37Z,2026-08-23T17:57:37+0200,4e74b68d-c003-4d56-be5d-5f0c265edc96,2026-07-25T05:45:00Z,2026-07-25T07:45:00+0200,7579.77,MW,BE,BE,forecast_load,Forecasted Load,2026-08-23T15:57:47Z
2026-08-23T15:57:37Z,2026-08-23T17:57:37+0200,4e74b68d-c003-4d56-be5d-5f0c265edc96,2026-07-25T06:00:00Z,2026-07-25T08:00:00+0200,7645.58,MW,BE,BE,forecast_load,Forecasted Load,2026-08-23T15:57:47Z
2026-08-23T15:57:37Z,2026-08-23T17:57:37+0200,4e74b68d-c003-4d56-be5d-5f0c265edc96,2026-07-25T06:15:00Z,2026-07-25T08:15:00+0200,7741.29,MW,BE,BE,forecast_load,Forecasted Load,2026-08-23T15:57:47Z
2026-08-23T15:57:37Z,2026-08-23T17:57:37+0200,4e74b68d-c003-4d56-be5d-5f0c265edc96,2026-07-25T06:30:00Z,2026-07-25T08:30:00+0200,7839.46,MW,BE,BE,forecast_load,Forecasted Load,2026-08-23T15:57:47Z
2026-08-23T15:57:37Z,2026-08-23T17:57:37+0200,4e74b68d-c003-4d56-be5d-5f0c265edc96,2026-07-25T06:45:00Z,2026-07-25T08:45:00+0200,7938.14,MW,BE,BE,forecast_load,Forecasted Load,2026-08-23T15:57:47Z
2026-08-23T15:57:37Z,2026-08-23T17:57:37+0200,4e74b68d-c003-4d56-be5d-5f0c265edc96,2026-07-25T07:00:00Z,2026-07-25T09:00:00+0200,8086.13,MW,BE,BE,forecast_load,Forecasted Load,2026-08-23T15:57:47Z
2026-08-23T15:57:37Z,2026-08-23T17:57:37+0200,4e74b68d-c003-4d56-be5d-5f0c265edc96,2026-07-25T07:15:00Z,2026-07-25T09:15:00+0200,8196.68,MW,BE,BE,forecast_load,Forecasted Load,2026-08-23T15:57:47Z
2026-08-23T15:57:37Z,2026-08-23T17:57:37+0200,4e74b68d-c003-4d56-be5d-5f0c265edc96,2026-07-25T07:30:00Z,2026-07-25T09:30:00+0200,8369.03,MW,BE,BE,forecast_load,Forecasted Load,2026-08-23T15:57:47Z
2026-08-23T15:57:37Z,2026-08-23T17:57:37+0200,4e74b68d-c003-4d56-be5d-5f0c265edc96,2026-07-25T07:45:00Z,2026-07-25T09:45:00+0200,8451.32,MW,BE,BE,forecast_load,Forecasted Load,2026-08-23T15:57:47Z
2026-08-23T15:57:37Z,2026-08-23T17:57:37+0200,4e74b68d-c003-4d56-be5d-5f0c265edc96,2026-07-25T08:00:00Z,2026-07-25T10:00:00+0200,8573.05,MW,BE,BE,forecast_load,Forecasted Load,2026-08-23T15:57:47Z
2026-08-23T15:57:37Z,2026-08-23T17:57:37+0200,4e74b68d-c003-4d56-be5d-5f0c265edc96,2026-07-25T08:15:00Z,2026-07-25T10:15:00+0200,8749.18,MW,BE,BE,forecast_load,Forecasted Load,2026-08-23T15:57:47Z
2026-08-23T15:57:37Z,2026-08-23T17:57:37+0200,4e74b68d-c003-4d56-be5d-5f0c265edc96,2026-07-25T08:30:00Z,2026-07-25T10:30:00+0200,8815.99,MW,BE,BE,forecast_load,Forecasted Load,2026-08-23T15:57:47Z
2026-08-23T15:57:37Z,2026-08-23T17:57:37+0200,4e74b68d-c003-4d56-be5d-5f0c265edc96,2026-07-25T08:45:00Z,2026-07-25T10:45:00+0200,8883.95,MW,BE,BE,forecast_load,Forecasted Load,2026-08-23T15:57:47Z
2026-08-23T15:57:37Z,2026-08-23T17:57:37+0200,4e74b68d-c003-4d56-be5d-5f0c265edc96,2026-07-25T09:00:00Z,2026-07-25T11:00:00+0200,9258.1,MW,BE,BE,forecast_load,Forecasted Load,2026-08-23T15:57:47Z
2026-08-23T15:57:37Z,2026-08-23T17:57:37+0200,4e74b68d-c003-4d56-be5d-5f0c265edc96,2026-07-25T09:15:00Z,2026-07-25T11:15:00+0200,9320.3,MW,BE,BE,forecast_load,Forecasted Load,2026-08-23T15:57:47Z
2026-08-23T15:57:37Z,2026-08-23T17:57:37+0200,4e74b68d-c003-4d56-be5d-5f0c265edc96,2026-07-25T09:30:00Z,2026-07-25T11:30:00+0200,9366.56,MW,BE,BE,forecast_load,Forecasted Load,2026-08-23T15:57:47Z
2026-08-23T15:57:37Z,2026-08-23T17:57:37+0200,4e74b68d-c003-4d56-be5d-5f0c265edc96,2026-07-25T09:45:00Z,2026-07-25T11:45:00+0200,9430.43,MW,BE,BE,forecast_load,Forecasted Load,2026-08-23T15:57:47Z
2026-08-23T15:57:37Z,2026-08-23T17:57:37+0200,4e74b68d-c003-4d56-be5d-5f0c265edc96,2026-07-25T10:00:00Z,2026-07-25T12:00:00+0200,9845.32,MW,BE,BE,forecast_load,Forecasted Load,2026-08-23T15:57:47Z
2026-08-23T15:57:37Z,2026-08-23T17:57:37+0200,4e74b68d-c003-4d56-be5d-5f0c265edc96,2026-07-25T10:15:00Z,2026-07-25T12:15:00+0200,9886.03,MW,BE,BE,forecast_load,Forecasted Load,2026-08-23T15:57:47Z
2026-08-23T15:57:37Z,2026-08-23T17:57:37+0200,4e74b68d-c003-4d56-be5d-5f0c265edc96,2026-07-25T10:30:00Z,2026-07-25T12:30:00+0200,9929.75,MW,BE,BE,forecast_load,Forecasted Load,2026-08-23T15:57:47Z
2026-08-23T15:57:37Z,2026-08-23T17:57:37+0200,4e74b68d-c003-4d56-be5d-5f0c265edc96,2026-07-25T10:45:00Z,2026-07-25T12:45:00+0200,9914.06,MW,BE,BE,forecast_load,Forecasted Load,2026-08-23T15:57:47Z
2026-08-23T15:57:37Z,2026-08-23T17:57:37+0200,4e74b68d-c003-4d56-be5d-5f0c265edc96,2026-07-25T11:00:00Z,2026-07-25T13:00:00+0200,9809.41,MW,BE,BE,forecast_load,Forecasted Load,2026-08-23T15:57:47Z
2026-08-23T15:57:37Z,2026-08-23T17:57:37+0200,4e74b68d-c003-4d56-be5d-5f0c265edc96,2026-07-25T11:15:00Z,2026-07-25T13:15:00+0200,9796.25,MW,BE,BE,forecast_load,Forecasted Load,2026-08-23T15:57:47Z
2026-08-23T15:57:37Z,2026-08-23T17:57:37+0200,4e74b68d-c003-4d56-be5d-5f0c265edc96,2026-07-25T11:30:00Z,2026-07-25T13:30:00+0200,9669.57,MW,BE,BE,forecast_load,Forecasted Load,2026-08-23T15:57:47Z
2026-08-23T15:57:37Z,2026-08-23T17:57:37+0200,4e74b68d-c003-4d56-be5d-5f0c265edc96,2026-07-25T11:45:00Z,2026-07-25T13:45:00+0200,9634.74,MW,BE,BE,forecast_load,Forecasted Load,2026-08-23T15:57:47Z
2026-08-23T15:57:37Z,2026-08-23T17:57:37+0200,4e74b68d-c003-4d56-be5d-5f0c265edc96,2026-07-25T12:00:00Z,2026-07-25T14:00:00+0200,9467.94,MW,BE,BE,forecast_load,Forecasted Load,2026-08-23T15:57:47Z
2026-08-23T15:57:37Z,2026-08-23T17:57:37+0200,4e74b68d-c003-4d56-be5d-5f0c265edc96,2026-07-25T12:15:00Z,2026-07-25T14:15:00+0200,9419.63,MW,BE,BE,forecast_load,Forecasted Load,2026-08-23T15:57:47Z
2026-08-23T15:57:37Z,2026-08-23T17:57:37+0200,4e74b68d-c003-4d56-be5d-5f0c265edc96,2026-07-25T12:30:00Z,2026-07-25T14:30:00+0200,9409.21,MW,BE,BE,forecast_load,Forecasted Load,2026-08-23T15:57:47Z
2026-08-23T15:57:37Z,2026-08-23T17:57:37+0200,4e74b68d-c003-4d56-be5d-5f0c265edc96,2026-07-25T12:45:00Z,2026-07-25T14:45:00+0200,9337.67,MW,BE,BE,forecast_load,Forecasted Load,2026-08-23T15:57:47Z
2026-08-23T15:57:37Z,2026-08-23T17:57:37+0200,4e74b68d-c003-4d56-be5d-5f0c265edc96,2026-07-25T13:00:00Z,2026-07-25T15:00:00+0200,9322.15,MW,BE,BE,forecast_load,Forecasted Load,2026-08-23T15:57:47Z
2026-08-23T15:57:37Z,2026-08-23T17:57:37+0200,4e74b68d-c003-4d56-be5d-5f0c265edc96,2026-07-25T13:15:00Z,2026-07-25T15:15:00+0200,9260.02,MW,BE,BE,forecast_load,Forecasted Load,2026-08-23T15:57:47Z
2026-08-23T15:57:37Z,2026-08-23T17:57:37+0200,4e74b68d-c003-4d56-be5d-5f0c265edc96,2026-07-25T13:30:00Z,2026-07-25T15:30:00+0200,9200.71,MW,BE,BE,forecast_load,Forecasted Load,2026-08-23T15:57:47Z
2026-08-23T15:57:37Z,2026-08-23T17:57:37+0200,4e74b68d-c003-4d56-be5d-5f0c265edc96,2026-07-25T13:45:00Z,2026-07-25T15:45:00+0200,9052.43,MW,BE,BE,forecast_load,Forecasted Load,2026-08-23T15:57:47Z
2026-08-23T15:57:37Z,2026-08-23T17:57:37+0200,4e74b68d-c003-4d56-be5d-5f0c265edc96,2026-07-25T14:00:00Z,2026-07-25T16:00:00+0200,9145.26,MW,BE,BE,forecast_load,Forecasted Load,2026-08-23T15:57:47Z
2026-08-23T15:57:37Z,2026-08-23T17:57:37+0200,4e74b68d-c003-4d56-be5d-5f0c265edc96,2026-07-25T14:15:00Z,2026-07-25T16:15:00+0200,9013.23,MW,BE,BE,forecast_load,Forecasted Load,2026-08-23T15:57:47Z
2026-08-23T15:57:37Z,2026-08-23T17:57:37+0200,4e74b68d-c003-4d56-be5d-5f0c265edc96,2026-07-25T14:30:00Z,2026-07-25T16:30:00+0200,8953.7,MW,BE,BE,forecast_load,Forecasted Load,2026-08-23T15:57:47Z
2026-08-23T15:57:37Z,2026-08-23T17:57:37+0200,4e74b68d-c003-4d56-be5d-5f0c265edc96,2026-07-25T14:45:00Z,2026-07-25T16:45:00+0200,8949.95,MW,BE,BE,forecast_load,Forecasted Load,2026-08-23T15:57:47Z
2026-08-23T15:57:37Z,2026-08-23T17:57:37+0200,4e74b68d-c003-4d56-be5d-5f0c265edc96,2026-07-25T15:00:00Z,2026-07-25T17:00:00+0200,8937.03,MW,BE,BE,forecast_load,Forecasted Load,2026-08-23T15:57:47Z
2026-08-23T15:57:37Z,2026-08-23T17:57:37+0200,4e74b68d-c003-4d56-be5d-5f0c265edc96,2026-07-25T15:15:00Z,2026-07-25T17:15:00+0200,8792.06,MW,BE,BE,forecast_load,Forecasted Load,2026-08-23T15:57:47Z
2026-08-23T15:57:37Z,2026-08-23T17:57:37+0200,4e74b68d-c003-4d56-be5d-5f0c265edc96,2026-07-25T15:30:00Z,2026-07-25T17:30:00+0200,8835.78,MW,BE,BE,forecast_load,Forecasted Load,2026-08-23T15:57:47Z
2026-08-23T15:57:37Z,2026-08-23T17:57:37+0200,4e74b68d-c003-4d56-be5d-5f0c265edc96,2026-07-25T15:45:00Z,2026-07-25T17:45:00+0200,8855.37,MW,BE,BE,forecast_load,Forecasted Load,2026-08-23T15:57:47Z
2026-08-23T15:57:37Z,2026-08-23T17:57:37+0200,4e74b68d-c003-4d56-be5d-5f0c265edc96,2026-07-25T16:00:00Z,2026-07-25T18:00:00+0200,8583.95,MW,BE,BE,forecast_load,Forecasted Load,2026-08-23T15:57:47Z
2026-08-23T15:57:37Z,2026-08-23T17:57:37+0200,4e74b68d-c003-4d56-be5d-5f0c265edc96,2026-07-25T16:15:00Z,2026-07-25T18:15:00+0200,8534.56,MW,BE,BE,forecast_load,Forecasted Load,2026-08-23T15:57:47Z
2026-08-23T15:57:37Z,2026-08-23T17:57:37+0200,4e74b68d-c003-4d56-be5d-5f0c265edc96,2026-07-25T16:30:00Z,2026-07-25T18:30:00+0200,8495.69,MW,BE,BE,forecast_load,Forecasted Load,2026-08-23T15:57:47Z
2026-08-23T15:57:37Z,2026-08-23T17:57:37+0200,4e74b68d-c003-4d56-be5d-5f0c265edc96,2026-07-25T16:45:00Z,2026-07-25T18:45:00+0200,8484.32,MW,BE,BE,forecast_load,Forecasted Load,2026-08-23T15:57:47Z
2026-08-23T15:57:37Z,2026-08-23T17:57:37+0200,4e74b68d-c003-4d56-be5d-5f0c265edc96,2026-07-25T17:00:00Z,2026-07-25T19:00:00+0200,8562.27,MW,BE,BE,forecast_load,Forecasted Load,2026-08-23T15:57:47Z
2026-08-23T15:57:37Z,2026-08-23T17:57:37+0200,4e74b68d-c003-4d56-be5d-5f0c265edc96,2026-07-25T17:15:00Z,2026-07-25T19:15:00+0200,8518.05,MW,BE,BE,forecast_load,Forecasted Load,2026-08-23T15:57:47Z
2026-08-23T15:57:37Z,2026-08-23T17:57:37+0200,4e74b68d-c003-4d56-be5d-5f0c265edc96,2026-07-25T17:30:00Z,2026-07-25T19:30:00+0200,8530.57,MW,BE,BE,forecast_load,Forecasted Load,2026-08-23T15:57:47Z
2026-08-23T15:57:37Z,2026-08-23T17:57:37+0200,4e74b68d-c003-4d56-be5d-5f0c265edc96,2026-07-25T17:45:00Z,2026-07-25T19:45:00+0200,8517.6,MW,BE,BE,forecast_load,Forecasted Load,2026-08-23T15:57:47Z
2026-08-23T15:57:37Z,2026-08-23T17:57:37+0200,4e74b68d-c003-4d56-be5d-5f0c265edc96,2026-07-25T18:00:00Z,2026-07-25T20:00:00+0200,8441.16,MW,BE,BE,forecast_load,Forecasted Load,2026-08-23T15:57:47Z
2026-08-23T15:57:37Z,2026-08-23T17:57:37+0200,4e74b68d-c003-4d56-be5d-5f0c265edc96,2026-07-25T18:15:00Z,2026-07-25T20:15:00+0200,8460.83,MW,BE,BE,forecast_load,Forecasted Load,2026-08-23T15:57:47Z
2026-08-23T15:57:37Z,2026-08-23T17:57:37+0200,4e74b68d-c003-4d56-be5d-5f0c265edc96,2026-07-25T18:30:00Z,2026-07-25T20:30:00+0200,8429.84,MW,BE,BE,forecast_load,Forecasted Load,2026-08-23T15:57:47Z
2026-08-23T15:57:37Z,2026-08-23T17:57:37+0200,4e74b68d-c003-4d56-be5d-5f0c265edc96,2026-07-25T18:45:00Z,2026-07-25T20:45:00+0200,8366.35,MW,BE,BE,forecast_load,Forecasted Load,2026-08-23T15:57:47Z
2026-08-23T15:57:37Z,2026-08-23T17:57:37+0200,4e74b68d-c003-4d56-be5d-5f0c265edc96,2026-07-25T19:00:00Z,2026-07-25T21:00:00+0200,8278.84,MW,BE,BE,forecast_load,Forecasted Load,2026-08-23T15:57:47Z
2026-08-23T15:57:37Z,2026-08-23T17:57:37+0200,4e74b68d-c003-4d56-be5d-5f0c265edc96,2026-07-25T19:15:00Z,2026-07-25T21:15:00+0200,8169.3,MW,BE,BE,forecast_load,Forecasted Load,2026-08-23T15:57:47Z
2026-08-23T15:57:37Z,2026-08-23T17:57:37+0200,4e74b68d-c003-4d56-be5d-5f0c265edc96,2026-07-25T19:30:00Z,2026-07-25T21:30:00+0200,8099.53,MW,BE,BE,forecast_load,Forecasted Load,2026-08-23T15:57:47Z
2026-08-23T15:57:37Z,2026-08-23T17:57:37+0200,4e74b68d-c003-4d56-be5d-5f0c265edc96,2026-07-25T19:45:00Z,2026-07-25T21:45:00+0200,8021.62,MW,BE,BE,forecast_load,Forecasted Load,2026-08-23T15:57:47Z
2026-08-23T15:57:37Z,2026-08-23T17:57:37+0200,4e74b68d-c003-4d56-be5d-5f0c265edc96,2026-07-25T20:00:00Z,2026-07-25T22:00:00+0200,8110.83,MW,BE,BE,forecast_load,Forecasted Load,2026-08-23T15:57:47Z
2026-08-23T15:57:37Z,2026-08-23T17:57:37+0200,4e74b68d-c003-4d56-be5d-5f0c265edc96,2026-07-25T20:15:00Z,2026-07-25T22:15:00+0200,8174.52,MW,BE,BE,forecast_load,Forecasted Load,2026-08-23T15:57:47Z
2026-08-23T15:57:37Z,2026-08-23T17:57:37+0200,4e74b68d-c003-4d56-be5d-5f0c265edc96,2026-07-25T20:30:00Z,2026-07-25T22:30:00+0200,8108.15,MW,BE,BE,forecast_load,Forecasted Load,2026-08-23T15:57:47Z
2026-08-23T15:57:37Z,2026-08-23T17:57:37+0200,4e74b68d-c003-4d56-be5d-5f0c265edc96,2026-07-25T20:45:00Z,2026-07-25T22:45:00+0200,8088.29,MW,BE,BE,forecast_load,Forecasted Load,2026-08-23T15:57:47Z
2026-08-23T15:57:37Z,2026-08-23T17:57:37+0200,4e74b68d-c003-4d56-be5d-5f0c265edc96,2026-07-25T21:00:00Z,2026-07-25T23:00:00+0200,7958.09,MW,BE,BE,forecast_load,Forecasted Load,2026-08-23T15:57:47Z
2026-08-23T15:57:37Z,2026-08-23T17:57:37+0200,4e74b68d-c003-4d56-be5d-5f0c265edc96,2026-07-25T21:15:00Z,2026-07-25T23:15:00+0200,7929.24,MW,BE,BE,forecast_load,Forecasted Load,2026-08-23T15:57:47Z
2026-08-23T15:57:37Z,2026-08-23T17:57:37+0200,4e74b68d-c003-4d56-be5d-5f0c265edc96,2026-07-25T21:30:00Z,2026-07-25T23:30:00+0200,7832.19,MW,BE,BE,forecast_load,Forecasted Load,2026-08-23T15:57:47Z
2026-08-23T15:57:37Z,2026-08-23T17:57:37+0200,4e74b68d-c003-4d56-be5d-5f0c265edc96,2026-07-25T21:45:00Z,2026-07-25T23:45:00+0200,7676.21,MW,BE,BE,forecast_load,Forecasted Load,2026-08-23T15:57:47Z
2026-08-23T15:57:37Z,2026-08-23T17:57:37+0200,4e74b68d-c003-4d56-be5d-5f0c265edc96,2026-07-25T22:00:00Z,2026-07-26T00:00:00+0200,7709.83,MW,BE,BE,forecast_load,Forecasted Load,2026-08-23T15:57:47Z
2026-08-23T15:57:37Z,2026-08-23T17:57:37+0200,4e74b68d-c003-4d56-be5d-5f0c265edc96,2026-07-25T22:15:00Z,2026-07-26T00:15:00+0200,7609.46,MW,BE,BE,forecast_load,Forecasted Load,2026-08-23T15:57:47Z
2026-08-23T15:57:37Z,2026-08-23T17:57:37+0200,4e74b68d-c003-4d56-be5d-5f0c265edc96,2026-07-25T22:30:00Z,2026-07-26T00:30:00+0200,7516.53,MW,BE,BE,forecast_load,Forecasted Load,2026-08-23T15:57:47Z
2026-08-23T15:57:37Z,2026-08-23T17:57:37+0200,4e74b68d-c003-4d56-be5d-5f0c265edc96,2026-07-25T22:45:00Z,2026-07-26T00:45:00+0200,7511.83,MW,BE,BE,forecast_load,Forecasted Load,2026-08-23T15:57:47Z
2026-08-23T15:57:37Z,2026-08-23T17:57:37+0200,4e74b68d-c003-4d56-be5d-5f0c265edc96,2026-07-25T23:00:00Z,2026-07-26T01:00:00+0200,7415.28,MW,BE,BE,forecast_load,Forecasted Load,2026-08-23T15:57:47Z
2026-08-23T15:57:37Z,2026-08-23T17:57:37+0200,4e74b68d-c003-4d56-be5d-5f0c265edc96,2026-07-25T23:15:00Z,2026-07-26T01:15:00+0200,7406.86,MW,BE,BE,forecast_load,Forecasted Load,2026-08-23T15:57:47Z
2026-08-23T15:57:37Z,2026-08-23T17:57:37+0200,4e74b68d-c003-4d56-be5d-5f0c265edc96,2026-07-25T23:30:00Z,2026-07-26T01:30:00+0200,7311.4,MW,BE,BE,forecast_load,Forecasted Load,2026-08-23T15:57:47Z
2026-08-23T15:57:37Z,2026-08-23T17:57:37+0200,4e74b68d-c003-4d56-be5d-5f0c265edc96,2026-07-25T23:45:00Z,2026-07-26T01:45:00+0200,7237.89,MW,BE,BE,forecast_load,Forecasted Load,2026-08-23T15:57:47Z
2026-08-23T15:57:37Z,2026-08-23T17:57:37+0200,4e74b68d-c003-4d56-be5d-5f0c265edc96,2026-07-26T00:00:00Z,2026-07-26T02:00:00+0200,7178.06,MW,BE,BE,forecast_load,Forecasted Load,2026-08-23T15:57:47Z
2026-08-23T15:57:37Z,2026-08-23T17:57:37+0200,4e74b68d-c003-4d56-be5d-5f0c265edc96,2026-07-26T00:15:00Z,2026-07-26T02:15:00+0200,7052.41,MW,BE,BE,forecast_load,Forecasted Load,2026-08-23T15:57:47Z
2026-08-23T15:57:37Z,2026-08-23T17:57:37+0200,4e74b68d-c003-4d56-be5d-5f0c265edc96,2026-07-26T00:30:00Z,2026-07-26T02:30:00+0200,7010.9,MW,BE,BE,forecast_load,Forecasted Load,2026-08-23T15:57:47Z
2026-08-23T15:57:37Z,2026-08-23T17:57:37+0200,4e74b68d-c003-4d56-be5d-5f0c265edc96,2026-07-26T00:45:00Z,2026-07-26T02:45:00+0200,7005.2,MW,BE,BE,forecast_load,Forecasted Load,2026-08-23T15:57:47Z
2026-08-23T15:57:37Z,2026-08-23T17:57:37+0200,4e74b68d-c003-4d56-be5d-5f0c265edc96,2026-07-26T01:00:00Z,2026-07-26T03:00:00+0200,6977.27,MW,BE,BE,forecast_load,Forecasted Load,2026-08-23T15:57:47Z
2026-08-23T15:57:37Z,2026-08-23T17:57:37+0200,4e74b68d-c003-4d56-be5d-5f0c265edc96,2026-07-26T01:15:00Z,2026-07-26T03:15:00+0200,6931.51,MW,BE,BE,forecast_load,Forecasted Load,2026-08-23T15:57:47Z
2026-08-23T15:57:37Z,2026-08-23T17:57:37+0200,4e74b68d-c003-4d56-be5d-5f0c265edc96,2026-07-26T01:30:00Z,2026-07-26T03:30:00+0200,6924.35,MW,BE,BE,forecast_load,Forecasted Load,2026-08-23T15:57:47Z
2026-08-23T15:57:37Z,2026-08-23T17:57:37+0200,4e74b68d-c003-4d56-be5d-5f0c265edc96,2026-07-26T01:45:00Z,2026-07-26T03:45:00+0200,6859.29,MW,BE,BE,forecast_load,Forecasted Load,2026-08-23T15:57:47Z
2026-08-23T15:57:37Z,2026-08-23T17:57:37+0200,4e74b68d-c003-4d56-be5d-5f0c265edc96,2026-07-26T02:00:00Z,2026-07-26T04:00:00+0200,6843.73,MW,BE,BE,forecast_load,Forecasted Load,2026-08-23T15:57:47Z
2026-08-23T15:57:37Z,2026-08-23T17:57:37+0200,4e74b68d-c003-4d56-be5d-5f0c265edc96,2026-07-26T02:15:00Z,2026-07-26T04:15:00+0200,6824.18,MW,BE,BE,forecast_load,Forecasted Load,2026-08-23T15:57:47Z
2026-08-23T15:57:37Z,2026-08-23T17:57:37+0200,4e74b68d-c003-4d56-be5d-5f0c265edc96,2026-07-26T02:30:00Z,2026-07-26T04:30:00+0200,6790.39,MW,BE,BE,forecast_load,Forecasted Load,2026-08-23T15:57:47Z
2026-08-23T15:57:37Z,2026-08-23T17:57:37+0200,4e74b68d-c003-4d56-be5d-5f0c265edc96,2026-07-26T02:45:00Z,2026-07-26T04:45:00+0200,6795.84,MW,BE,BE,forecast_load,Forecasted Load,2026-08-23T15:57:47Z
2026-08-23T15:57:37Z,2026-08-23T17:57:37+0200,4e74b68d-c003-4d56-be5d-5f0c265edc96,2026-07-26T03:00:00Z,2026-07-26T05:00:00+0200,6783.2,MW,BE,BE,forecast_load,Forecasted Load,2026-08-23T15:57:47Z
2026-08-23T15:57:37Z,2026-08-23T17:57:37+0200,4e74b68d-c003-4d56-be5d-5f0c265edc96,2026-07-26T03:15:00Z,2026-07-26T05:15:00+0200,6741.15,MW,BE,BE,forecast_load,Forecasted Load,2026-08-23T15:57:47Z
2026-08-23T15:57:37Z,2026-08-23T17:57:37+0200,4e74b68d-c003-4d56-be5d-5f0c265edc96,2026-07-26T03:30:00Z,2026-07-26T05:30:00+0200,6739.17,MW,BE,BE,forecast_load,Forecasted Load,2026-08-23T15:57:47Z
2026-08-23T15:57:37Z,2026-08-23T17:57:37+0200,4e74b68d-c003-4d56-be5d-5f0c265edc96,2026-07-26T03:45:00Z,2026-07-26T05:45:00+0200,6685.54,MW,BE,BE,forecast_load,Forecasted Load,2026-08-23T15:57:47Z
2026-08-23T15:57:37Z,2026-08-23T17:57:37+0200,4e74b68d-c003-4d56-be5d-5f0c265edc96,2026-07-26T04:00:00Z,2026-07-26T06:00:00+0200,6753.83,MW,BE,BE,forecast_load,Forecasted Load,2026-08-23T15:57:47Z
2026-08-23T15:57:37Z,2026-08-23T17:57:37+0200,4e74b68d-c003-4d56-be5d-5f0c265edc96,2026-07-26T04:15:00Z,2026-07-26T06:15:00+0200,6786.55,MW,BE,BE,forecast_load,Forecasted Load,2026-08-23T15:57:47Z
2026-08-23T15:57:37Z,2026-08-23T17:57:37+0200,4e74b68d-c003-4d56-be5d-5f0c265edc96,2026-07-26T04:30:00Z,2026-07-26T06:30:00+0200,6848.94,MW,BE,BE,forecast_load,Forecasted Load,2026-08-23T15:57:47Z
2026-08-23T15:57:37Z,2026-08-23T17:57:37+0200,4e74b68d-c003-4d56-be5d-5f0c265edc96,2026-07-26T04:45:00Z,2026-07-26T06:45:00+0200,6901.97,MW,BE,BE,forecast_load,Forecasted Load,2026-08-23T15:57:47Z
2026-08-23T15:57:37Z,2026-08-23T17:57:37+0200,4e74b68d-c003-4d56-be5d-5f0c265edc96,2026-07-26T05:00:00Z,2026-07-26T07:00:00+0200,6941.43,MW,BE,BE,forecast_load,Forecasted Load,2026-08-23T15:57:47Z
2026-08-23T15:57:37Z,2026-08-23T17:57:37+0200,4e74b68d-c003-4d56-be5d-5f0c265edc96,2026-07-26T05:15:00Z,2026-07-26T07:15:00+0200,7018.55,MW,BE,BE,forecast_load,Forecasted Load,2026-08-23T15:57:47Z
2026-08-23T15:57:37Z,2026-08-23T17:57:37+0200,4e74b68d-c003-4d56-be5d-5f0c265edc96,2026-07-26T05:30:00Z,2026-07-26T07:30:00+0200,7088.35,MW,BE,BE,forecast_load,Forecasted Load,2026-08-23T15:57:47Z
2026-08-23T15:57:37Z,2026-08-23T17:57:37+0200,4e74b68d-c003-4d56-be5d-5f0c265edc96,2026-07-26T05:45:00Z,2026-07-26T07:45:00+0200,7171.81,MW,BE,BE,forecast_load,Forecasted Load,2026-08-23T15:57:47Z
2026-08-23T15:57:37Z,2026-08-23T17:57:37+0200,4e74b68d-c003-4d56-be5d-5f0c265edc96,2026-07-26T06:00:00Z,2026-07-26T08:00:00+0200,7210.91,MW,BE,BE,forecast_load,Forecasted Load,2026-08-23T15:57:47Z
2026-08-23T15:57:37Z,2026-08-23T17:57:37+0200,4e74b68d-c003-4d56-be5d-5f0c265edc96,2026-07-26T06:15:00Z,2026-07-26T08:15:00+0200,7289.66,MW,BE,BE,forecast_load,Forecasted Load,2026-08-23T15:57:47Z
2026-08-23T15:57:37Z,2026-08-23T17:57:37+0200,4e74b68d-c003-4d56-be5d-5f0c265edc96,2026-07-26T06:30:00Z,2026-07-26T08:30:00+0200,7400.5,MW,BE,BE,forecast_load,Forecasted Load,2026-08-23T15:57:47Z
2026-08-23T15:57:37Z,2026-08-23T17:57:37+0200,4e74b68d-c003-4d56-be5d-5f0c265edc96,2026-07-26T06:45:00Z,2026-07-26T08:45:00+0200,7537.82,MW,BE,BE,forecast_load,Forecasted Load,2026-08-23T15:57:47Z
2026-08-23T15:57:37Z,2026-08-23T17:57:37+0200,4e74b68d-c003-4d56-be5d-5f0c265edc96,2026-07-26T07:00:00Z,2026-07-26T09:00:00+0200,7662.77,MW,BE,BE,forecast_load,Forecasted Load,2026-08-23T15:57:47Z
2026-08-23T15:57:37Z,2026-08-23T17:57:37+0200,4e74b68d-c003-4d56-be5d-5f0c265edc96,2026-07-26T07:15:00Z,2026-07-26T09:15:00+0200,7787.3,MW,BE,BE,forecast_load,Forecasted Load,2026-08-23T15:57:47Z
2026-08-23T15:57:37Z,2026-08-23T17:57:37+0200,4e74b68d-c003-4d56-be5d-5f0c265edc96,2026-07-26T07:30:00Z,2026-07-26T09:30:00+0200,7894.46,MW,BE,BE,forecast_load,Forecasted Load,2026-08-23T15:57:47Z
2026-08-23T15:57:37Z,2026-08-23T17:57:37+0200,4e74b68d-c003-4d56-be5d-5f0c265edc96,2026-07-26T07:45:00Z,2026-07-26T09:45:00+0200,8018.73,MW,BE,BE,forecast_load,Forecasted Load,2026-08-23T15:57:47Z
2026-08-23T15:57:37Z,2026-08-23T17:57:37+0200,4e74b68d-c003-4d56-be5d-5f0c265edc96,2026-07-26T08:00:00Z,2026-07-26T10:00:00+0200,8031.41,MW,BE,BE,forecast_load,Forecasted Load,2026-08-23T15:57:47Z
2026-08-23T15:57:37Z,2026-08-23T17:57:37+0200,4e74b68d-c003-4d56-be5d-5f0c265edc96,2026-07-26T08:15:00Z,2026-07-26T10:15:00+0200,8218.78,MW,BE,BE,forecast_load,Forecasted Load,2026-08-23T15:57:47Z
2026-08-23T15:57:37Z,2026-08-23T17:57:37+0200,4e74b68d-c003-4d56-be5d-5f0c265edc96,2026-07-26T08:30:00Z,2026-07-26T10:30:00+0200,8357.92,MW,BE,BE,forecast_load,Forecasted Load,2026-08-23T15:57:47Z
2026-08-23T15:57:37Z,2026-08-23T17:57:37+0200,4e74b68d-c003-4d56-be5d-5f0c265edc96,2026-07-26T08:45:00Z,2026-07-26T10:45:00+0200,8514.45,MW,BE,BE,forecast_load,Forecasted Load,2026-08-23T15:57:47Z
2026-08-23T15:57:37Z,2026-08-23T17:57:37+0200,4e74b68d-c003-4d56-be5d-5f0c265edc96,2026-07-26T09:00:00Z,2026-07-26T11:00:00+0200,8525.92,MW,BE,BE,forecast_load,Forecasted Load,2026-08-23T15:57:47Z
2026-08-23T15:57:37Z,2026-08-23T17:57:37+0200,4e74b68d-c003-4d56-be5d-5f0c265edc96,2026-07-26T09:15:00Z,2026-07-26T11:15:00+0200,8652.64,MW,BE,BE,forecast_load,Forecasted Load,2026-08-23T15:57:47Z
2026-08-23T15:57:37Z,2026-08-23T17:57:37+0200,4e74b68d-c003-4d56-be5d-5f0c265edc96,2026-07-26T09:30:00Z,2026-07-26T11:30:00+0200,8856.89,MW,BE,BE,forecast_load,Forecasted Load,2026-08-23T15:57:47Z
2026-08-23T15:57:37Z,2026-08-23T17:57:37+0200,4e74b68d-c003-4d56-be5d-5f0c265edc96,2026-07-26T09:45:00Z,2026-07-26T11:45:00+0200,8980.11,MW,BE,BE,forecast_load,Forecasted Load,2026-08-23T15:57:47Z
2026-08-23T15:57:37Z,2026-08-23T17:57:37+0200,4e74b68d-c003-4d56-be5d-5f0c265edc96,2026-07-26T10:00:00Z,2026-07-26T12:00:00+0200,8933.15,MW,BE,BE,forecast_load,Forecasted Load,2026-08-23T15:57:47Z
2026-08-23T15:57:37Z,2026-08-23T17:57:37+0200,4e74b68d-c003-4d56-be5d-5f0c265edc96,2026-07-26T10:15:00Z,2026-07-26T12:15:00+0200,8970.13,MW,BE,BE,forecast_load,Forecasted Load,2026-08-23T15:57:47Z
2026-08-23T15:57:37Z,2026-08-23T17:57:37+0200,4e74b68d-c003-4d56-be5d-5f0c265edc96,2026-07-26T10:30:00Z,2026-07-26T12:30:00+0200,8936.65,MW,BE,BE,forecast_load,Forecasted Load,2026-08-23T15:57:47Z
2026-08-23T15:57:37Z,2026-08-23T17:57:37+0200,4e74b68d-c003-4d56-be5d-5f0c265edc96,2026-07-26T10:45:00Z,2026-07-26T12:45:00+0200,8950.1,MW,BE,BE,forecast_load,Forecasted Load,2026-08-23T15:57:47Z
2026-08-23T15:57:37Z,2026-08-23T17:57:37+0200,4e74b68d-c003-4d56-be5d-5f0c265edc96,2026-07-26T11:00:00Z,2026-07-26T13:00:00+0200,8975.19,MW,BE,BE,forecast_load,Forecasted Load,2026-08-23T15:57:47Z
2026-08-23T15:57:37Z,2026-08-23T17:57:37+0200,4e74b68d-c003-4d56-be5d-5f0c265edc96,2026-07-26T11:15:00Z,2026-07-26T13:15:00+0200,8985.27,MW,BE,BE,forecast_load,Forecasted Load,2026-08-23T15:57:47Z
2026-08-23T15:57:37Z,2026-08-23T17:57:37+0200,4e74b68d-c003-4d56-be5d-5f0c265edc96,2026-07-26T11:30:00Z,2026-07-26T13:30:00+0200,8993.98,MW,BE,BE,forecast_load,Forecasted Load,2026-08-23T15:57:47Z
2026-08-23T15:57:37Z,2026-08-23T17:57:37+0200,4e74b68d-c003-4d56-be5d-5f0c265edc96,2026-07-26T11:45:00Z,2026-07-26T13:45:00+0200,8896.69,MW,BE,BE,forecast_load,Forecasted Load,2026-08-23T15:57:47Z
2026-08-23T15:57:37Z,2026-08-23T17:57:37+0200,4e74b68d-c003-4d56-be5d-5f0c265edc96,2026-07-26T12:00:00Z,2026-07-26T14:00:00+0200,8864.96,MW,BE,BE,forecast_load,Forecasted Load,2026-08-23T15:57:47Z
2026-08-23T15:57:37Z,2026-08-23T17:57:37+0200,4e74b68d-c003-4d56-be5d-5f0c265edc96,2026-07-26T12:15:00Z,2026-07-26T14:15:00+0200,8752.77,MW,BE,BE,forecast_load,Forecasted Load,2026-08-23T15:57:47Z
2026-08-23T15:57:37Z,2026-08-23T17:57:37+0200,4e74b68d-c003-4d56-be5d-5f0c265edc96,2026-07-26T12:30:00Z,2026-07-26T14:30:00+0200,8722.44,MW,BE,BE,forecast_load,Forecasted Load,2026-08-23T15:57:47Z
2026-08-23T15:57:37Z,2026-08-23T17:57:37+0200,4e74b68d-c003-4d56-be5d-5f0c265edc96,2026-07-26T12:45:00Z,2026-07-26T14:45:00+0200,8664.41,MW,BE,BE,forecast_load,Forecasted Load,2026-08-23T15:57:47Z
2026-08-23T15:57:37Z,2026-08-23T17:57:37+0200,4e74b68d-c003-4d56-be5d-5f0c265edc96,2026-07-26T13:00:00Z,2026-07-26T15:00:00+0200,8584.82,MW,BE,BE,forecast_load,Forecasted Load,2026-08-23T15:57:47Z
2026-08-23T15:57:37Z,2026-08-23T17:57:37+0200,4e74b68d-c003-4d56-be5d-5f0c265edc96,2026-07-26T13:15:00Z,2026-07-26T15:15:00+0200,8478.73,MW,BE,BE,forecast_load,Forecasted Load,2026-08-23T15:57:47Z
2026-08-23T15:57:37Z,2026-08-23T17:57:37+0200,4e74b68d-c003-4d56-be5d-5f0c265edc96,2026-07-26T13:30:00Z,2026-07-26T15:30:00+0200,8432.23,MW,BE,BE,forecast_load,Forecasted Load,2026-08-23T15:57:47Z
2026-08-23T15:57:37Z,2026-08-23T17:57:37+0200,4e74b68d-c003-4d56-be5d-5f0c265edc96,2026-07-26T13:45:00Z,2026-07-26T15:45:00+0200,8352.78,MW,BE,BE,forecast_load,Forecasted Load,2026-08-23T15:57:47Z
2026-08-23T15:57:37Z,2026-08-23T17:57:37+0200,4e74b68d-c003-4d56-be5d-5f0c265edc96,2026-07-26T14:00:00Z,2026-07-26T16:00:00+0200,8393.22,MW,BE,BE,forecast_load,Forecasted Load,2026-08-23T15:57:47Z
2026-08-23T15:57:37Z,2026-08-23T17:57:37+0200,4e74b68d-c003-4d56-be5d-5f0c265edc96,2026-07-26T14:15:00Z,2026-07-26T16:15:00+0200,8271.98,MW,BE,BE,forecast_load,Forecasted Load,2026-08-23T15:57:47Z
2026-08-23T15:57:37Z,2026-08-23T17:57:37+0200,4e74b68d-c003-4d56-be5d-5f0c265edc96,2026-07-26T14:30:00Z,2026-07-26T16:30:00+0200,8193.87,MW,BE,BE,forecast_load,Forecasted Load,2026-08-23T15:57:47Z
2026-08-23T15:57:37Z,2026-08-23T17:57:37+0200,4e74b68d-c003-4d56-be5d-5f0c265edc96,2026-07-26T14:45:00Z,2026-07-26T16:45:00+0200,8141.17,MW,BE,BE,forecast_load,Forecasted Load,2026-08-23T15:57:47Z
2026-08-23T15:57:37Z,2026-08-23T17:57:37+0200,4e74b68d-c003-4d56-be5d-5f0c265edc96,2026-07-26T15:00:00Z,2026-07-26T17:00:00+0200,8145.72,MW,BE,BE,forecast_load,Forecasted Load,2026-08-23T15:57:47Z
2026-08-23T15:57:37Z,2026-08-23T17:57:37+0200,4e74b68d-c003-4d56-be5d-5f0c265edc96,2026-07-26T15:15:00Z,2026-07-26T17:15:00+0200,8073.55,MW,BE,BE,forecast_load,Forecasted Load,2026-08-23T15:57:47Z
2026-08-23T15:57:37Z,2026-08-23T17:57:37+0200,4e74b68d-c003-4d56-be5d-5f0c265edc96,2026-07-26T15:30:00Z,2026-07-26T17:30:00+0200,8098.23,MW,BE,BE,forecast_load,Forecasted Load,2026-08-23T15:57:47Z
2026-08-23T15:57:37Z,2026-08-23T17:57:37+0200,4e74b68d-c003-4d56-be5d-5f0c265edc96,2026-07-26T15:45:00Z,2026-07-26T17:45:00+0200,8058.06,MW,BE,BE,forecast_load,Forecasted Load,2026-08-23T15:57:47Z
2026-08-23T15:57:37Z,2026-08-23T17:57:37+0200,4e74b68d-c003-4d56-be5d-5f0c265edc96,2026-07-26T16:00:00Z,2026-07-26T18:00:00+0200,8066.04,MW,BE,BE,forecast_load,Forecasted Load,2026-08-23T15:57:47Z
2026-08-23T15:57:37Z,2026-08-23T17:57:37+0200,4e74b68d-c003-4d56-be5d-5f0c265edc96,2026-07-26T16:15:00Z,2026-07-26T18:15:00+0200,8056.91,MW,BE,BE,forecast_load,Forecasted Load,2026-08-23T15:57:47Z
2026-08-23T15:57:37Z,2026-08-23T17:57:37+0200,4e74b68d-c003-4d56-be5d-5f0c265edc96,2026-07-26T16:30:00Z,2026-07-26T18:30:00+0200,8126.63,MW,BE,BE,forecast_load,Forecasted Load,2026-08-23T15:57:47Z
2026-08-23T15:57:37Z,2026-08-23T17:57:37+0200,4e74b68d-c003-4d56-be5d-5f0c265edc96,2026-07-26T16:45:00Z,2026-07-26T18:45:00+0200,8076.76,MW,BE,BE,forecast_load,Forecasted Load,2026-08-23T15:57:47Z
2026-08-23T15:57:37Z,2026-08-23T17:57:37+0200,4e74b68d-c003-4d56-be5d-5f0c265edc96,2026-07-26T17:00:00Z,2026-07-26T19:00:00+0200,8151.17,MW,BE,BE,forecast_load,Forecasted Load,2026-08-23T15:57:47Z
2026-08-23T15:57:37Z,2026-08-23T17:57:37+0200,4e74b68d-c003-4d56-be5d-5f0c265edc96,2026-07-26T17:15:00Z,2026-07-26T19:15:00+0200,8151.03,MW,BE,BE,forecast_load,Forecasted Load,2026-08-23T15:57:47Z
2026-08-23T15:57:37Z,2026-08-23T17:57:37+0200,4e74b68d-c003-4d56-be5d-5f0c265edc96,2026-07-26T17:30:00Z,2026-07-26T19:30:00+0200,8181.33,MW,BE,BE,forecast_load,Forecasted Load,2026-08-23T15:57:47Z
2026-08-23T15:57:37Z,2026-08-23T17:57:37+0200,4e74b68d-c003-4d56-be5d-5f0c265edc96,2026-07-26T17:45:00Z,2026-07-26T19:45:00+0200,8232.92,MW,BE,BE,forecast_load,Forecasted Load,2026-08-23T15:57:47Z
2026-08-23T15:57:37Z,2026-08-23T17:57:37+0200,4e74b68d-c003-4d56-be5d-5f0c265edc96,2026-07-26T18:00:00Z,2026-07-26T20:00:00+0200,8212.68,MW,BE,BE,forecast_load,Forecasted Load,2026-08-23T15:57:47Z
2026-08-23T15:57:37Z,2026-08-23T17:57:37+0200,4e74b68d-c003-4d56-be5d-5f0c265edc96,2026-07-26T18:15:00Z,2026-07-26T20:15:00+0200,8167.29,MW,BE,BE,forecast_load,Forecasted Load,2026-08-23T15:57:47Z
2026-08-23T15:57:37Z,2026-08-23T17:57:37+0200,4e74b68d-c003-4d56-be5d-5f0c265edc96,2026-07-26T18:30:00Z,2026-07-26T20:30:00+0200,8151.52,MW,BE,BE,forecast_load,Forecasted Load,2026-08-23T15:57:47Z
2026-08-23T15:57:37Z,2026-08-23T17:57:37+0200,4e74b68d-c003-4d56-be5d-5f0c265edc96,2026-07-26T18:45:00Z,2026-07-26T20:45:00+0200,8089.96,MW,BE,BE,forecast_load,Forecasted Load,2026-08-23T15:57:47Z
2026-08-23T15:57:37Z,2026-08-23T17:57:37+0200,4e74b68d-c003-4d56-be5d-5f0c265edc96,2026-07-26T19:00:00Z,2026-07-26T21:00:00+0200,8060.93,MW,BE,BE,forecast_load,Forecasted Load,2026-08-23T15:57:47Z
2026-08-23T15:57:37Z,2026-08-23T17:57:37+0200,4e74b68d-c003-4d56-be5d-5f0c265edc96,2026-07-26T19:15:00Z,2026-07-26T21:15:00+0200,8031.02,MW,BE,BE,forecast_load,Forecasted Load,2026-08-23T15:57:47Z
2026-08-23T15:57:37Z,2026-08-23T17:57:37+0200,4e74b68d-c003-4d56-be5d-5f0c265edc96,2026-07-26T19:30:00Z,2026-07-26T21:30:00+0200,8018.11,MW,BE,BE,forecast_load,Forecasted Load,2026-08-23T15:57:47Z
2026-08-23T15:57:37Z,2026-08-23T17:57:37+0200,4e74b68d-c003-4d56-be5d-5f0c265edc96,2026-07-26T19:45:00Z,2026-07-26T21:45:00+0200,8034.74,MW,BE,BE,forecast_load,Forecasted Load,2026-08-23T15:57:47Z
2026-08-23T15:57:37Z,2026-08-23T17:57:37+0200,4e74b68d-c003-4d56-be5d-5f0c265edc96,2026-07-26T20:00:00Z,2026-07-26T22:00:00+0200,8050.78,MW,BE,BE,forecast_load,Forecasted Load,2026-08-23T15:57:47Z
2026-08-23T15:57:37Z,2026-08-23T17:57:37+0200,4e74b68d-c003-4d56-be5d-5f0c265edc96,2026-07-26T20:15:00Z,2026-07-26T22:15:00+0200,8108.94,MW,BE,BE,forecast_load,Forecasted Load,2026-08-23T15:57:47Z
2026-08-23T15:57:37Z,2026-08-23T17:57:37+0200,4e74b68d-c003-4d56-be5d-5f0c265edc96,2026-07-26T20:30:00Z,2026-07-26T22:30:00+0200,8044.78,MW,BE,BE,forecast_load,Forecasted Load,2026-08-23T15:57:47Z
2026-08-23T15:57:37Z,2026-08-23T17:57:37+0200,4e74b68d-c003-4d56-be5d-5f0c265edc96,2026-07-26T20:45:00Z,2026-07-26T22:45:00+0200,7947.08,MW,BE,BE,forecast_load,Forecasted Load,2026-08-23T15:57:47Z
2026-08-23T15:57:37Z,2026-08-23T17:57:37+0200,4e74b68d-c003-4d56-be5d-5f0c265edc96,2026-07-26T21:00:00Z,2026-07-26T23:00:00+0200,7789.58,MW,BE,BE,forecast_load,Forecasted Load,2026-08-23T15:57:47Z
2026-08-23T15:57:37Z,2026-08-23T17:57:37+0200,4e74b68d-c003-4d56-be5d-5f0c265edc96,2026-07-26T21:15:00Z,2026-07-26T23:15:00+0200,7719.52,MW,BE,BE,forecast_load,Forecasted Load,2026-08-23T15:57:47Z
2026-08-23T15:57:37Z,2026-08-23T17:57:37+0200,4e74b68d-c003-4d56-be5d-5f0c265edc96,2026-07-26T21:30:00Z,2026-07-26T23:30:00+0200,7654.96,MW,BE,BE,forecast_load,Forecasted Load,2026-08-23T15:57:47Z
2026-08-23T15:57:37Z,2026-08-23T17:57:37+0200,4e74b68d-c003-4d56-be5d-5f0c265edc96,2026-07-26T21:45:00Z,2026-07-26T23:45:00+0200,7555.42,MW,BE,BE,forecast_load,Forecasted Load,2026-08-23T15:57:47Z
2026-08-23T15:57:37Z,2026-08-23T17:57:37+0200,4e74b68d-c003-4d56-be5d-5f0c265edc96,2026-07-26T22:00:00Z,2026-07-27T00:00:00+0200,7569.45,MW,BE,BE,forecast_load,Forecasted Load,2026-08-23T15:57:47Z
2026-08-23T15:57:37Z,2026-08-23T17:57:37+0200,4e74b68d-c003-4d56-be5d-5f0c265edc96,2026-07-26T22:15:00Z,2026-07-27T00:15:00+0200,7491.13,MW,BE,BE,forecast_load,Forecasted Load,2026-08-23T15:57:47Z
2026-08-23T15:57:37Z,2026-08-23T17:57:37+0200,4e74b68d-c003-4d56-be5d-5f0c265edc96,2026-07-26T22:30:00Z,2026-07-27T00:30:00+0200,7432.83,MW,BE,BE,forecast_load,Forecasted Load,2026-08-23T15:57:47Z
2026-08-23T15:57:37Z,2026-08-23T17:57:37+0200,4e74b68d-c003-4d56-be5d-5f0c265edc96,2026-07-26T22:45:00Z,2026-07-27T00:45:00+0200,7386.4,MW,BE,BE,forecast_load,Forecasted Load,2026-08-23T15:57:47Z
2026-08-23T15:57:37Z,2026-08-23T17:57:37+0200,4e74b68d-c003-4d56-be5d-5f0c265edc96,2026-07-26T23:00:00Z,2026-07-27T01:00:00+0200,7251.77,MW,BE,BE,forecast_load,Forecasted Load,2026-08-23T15:57:47Z
2026-08-23T15:57:37Z,2026-08-23T17:57:37+0200,4e74b68d-c003-4d56-be5d-5f0c265edc96,2026-07-26T23:15:00Z,2026-07-27T01:15:00+0200,7195.93,MW,BE,BE,forecast_load,Forecasted Load,2026-08-23T15:57:47Z
2026-08-23T15:57:37Z,2026-08-23T17:57:37+0200,4e74b68d-c003-4d56-be5d-5f0c265edc96,2026-07-26T23:30:00Z,2026-07-27T01:30:00+0200,7173.84,MW,BE,BE,forecast_load,Forecasted Load,2026-08-23T15:57:47Z
2026-08-23T15:57:37Z,2026-08-23T17:57:37+0200,4e74b68d-c003-4d56-be5d-5f0c265edc96,2026-07-26T23:45:00Z,2026-07-27T01:45:00+0200,7120.48,MW,BE,BE,forecast_load,Forecasted Load,2026-08-23T15:57:47Z
2026-08-23T15:57:37Z,2026-08-23T17:57:37+0200,4e74b68d-c003-4d56-be5d-5f0c265edc96,2026-07-27T00:00:00Z,2026-07-27T02:00:00+0200,7117.8,MW,BE,BE,forecast_load,Forecasted Load,2026-08-23T15:57:47Z
2026-08-23T15:57:37Z,2026-08-23T17:57:37+0200,4e74b68d-c003-4d56-be5d-5f0c265edc96,2026-07-27T00:15:00Z,2026-07-27T02:15:00+0200,7078.15,MW,BE,BE,forecast_load,Forecasted Load,2026-08-23T15:57:47Z
2026-08-23T15:57:37Z,2026-08-23T17:57:37+0200,4e74b68d-c003-4d56-be5d-5f0c265edc96,2026-07-27T00:30:00Z,2026-07-27T02:30:00+0200,7027.75,MW,BE,BE,forecast_load,Forecasted Load,2026-08-23T15:57:47Z
2026-08-23T15:57:37Z,2026-08-23T17:57:37+0200,4e74b68d-c003-4d56-be5d-5f0c265edc96,2026-07-27T00:45:00Z,2026-07-27T02:45:00+0200,7038.49,MW,BE,BE,forecast_load,Forecasted Load,2026-08-23T15:57:47Z
2026-08-23T15:57:37Z,2026-08-23T17:57:37+0200,4e74b68d-c003-4d56-be5d-5f0c265edc96,2026-07-27T01:00:00Z,2026-07-27T03:00:00+0200,6991.39,MW,BE,BE,forecast_load,Forecasted Load,2026-08-23T15:57:47Z
2026-08-23T15:57:37Z,2026-08-23T17:57:37+0200,4e74b68d-c003-4d56-be5d-5f0c265edc96,2026-07-27T01:15:00Z,2026-07-27T03:15:00+0200,6975.66,MW,BE,BE,forecast_load,Forecasted Load,2026-08-23T15:57:47Z
2026-08-23T15:57:37Z,2026-08-23T17:57:37+0200,4e74b68d-c003-4d56-be5d-5f0c265edc96,2026-07-27T01:30:00Z,2026-07-27T03:30:00+0200,6975.18,MW,BE,BE,forecast_load,Forecasted Load,2026-08-23T15:57:47Z
2026-08-23T15:57:37Z,2026-08-23T17:57:37+0200,4e74b68d-c003-4d56-be5d-5f0c265edc96,2026-07-27T01:45:00Z,2026-07-27T03:45:00+0200,6954.88,MW,BE,BE,forecast_load,Forecasted Load,2026-08-23T15:57:47Z
2026-08-23T15:57:37Z,2026-08-23T17:57:37+0200,4e74b68d-c003-4d56-be5d-5f0c265edc96,2026-07-27T02:00:00Z,2026-07-27T04:00:00+0200,6937.09,MW,BE,BE,forecast_load,Forecasted Load,2026-08-23T15:57:47Z
2026-08-23T15:57:37Z,2026-08-23T17:57:37+0200,4e74b68d-c003-4d56-be5d-5f0c265edc96,2026-07-27T02:15:00Z,2026-07-27T04:15:00+0200,6919.48,MW,BE,BE,forecast_load,Forecasted Load,2026-08-23T15:57:47Z
2026-08-23T15:57:37Z,2026-08-23T17:57:37+0200,4e74b68d-c003-4d56-be5d-5f0c265edc96,2026-07-27T02:30:00Z,2026-07-27T04:30:00+0200,6931.39,MW,BE,BE,forecast_load,Forecasted Load,2026-08-23T15:57:47Z
2026-08-23T15:57:37Z,2026-08-23T17:57:37+0200,4e74b68d-c003-4d56-be5d-5f0c265edc96,2026-07-27T02:45:00Z,2026-07-27T04:45:00+0200,7015.04,MW,BE,BE,forecast_load,Forecasted Load,2026-08-23T15:57:47Z
2026-08-23T15:57:37Z,2026-08-23T17:57:37+0200,4e74b68d-c003-4d56-be5d-5f0c265edc96,2026-07-27T03:00:00Z,2026-07-27T05:00:00+0200,7098.73,MW,BE,BE,forecast_load,Forecasted Load,2026-08-23T15:57:47Z
2026-08-23T15:57:37Z,2026-08-23T17:57:37+0200,4e74b68d-c003-4d56-be5d-5f0c265edc96,2026-07-27T03:15:00Z,2026-07-27T05:15:00+0200,7092.36,MW,BE,BE,forecast_load,Forecasted Load,2026-08-23T15:57:47Z
2026-08-23T15:57:37Z,2026-08-23T17:57:37+0200,4e74b68d-c003-4d56-be5d-5f0c265edc96,2026-07-27T03:30:00Z,2026-07-27T05:30:00+0200,7142.22,MW,BE,BE,forecast_load,Forecasted Load,2026-08-23T15:57:47Z
2026-08-23T15:57:37Z,2026-08-23T17:57:37+0200,4e74b68d-c003-4d56-be5d-5f0c265edc96,2026-07-27T03:45:00Z,2026-07-27T05:45:00+0200,7256.14,MW,BE,BE,forecast_load,Forecasted Load,2026-08-23T15:57:47Z
2026-08-23T15:57:37Z,2026-08-23T17:57:37+0200,4e74b68d-c003-4d56-be5d-5f0c265edc96,2026-07-27T04:00:00Z,2026-07-27T06:00:00+0200,7346.39,MW,BE,BE,forecast_load,Forecasted Load,2026-08-23T15:57:47Z
2026-08-23T15:57:37Z,2026-08-23T17:57:37+0200,4e74b68d-c003-4d56-be5d-5f0c265edc96,2026-07-27T04:15:00Z,2026-07-27T06:15:00+0200,7419.36,MW,BE,BE,forecast_load,Forecasted Load,2026-08-23T15:57:47Z
2026-08-23T15:57:37Z,2026-08-23T17:57:37+0200,4e74b68d-c003-4d56-be5d-5f0c265edc96,2026-07-27T04:30:00Z,2026-07-27T06:30:00+0200,7600.42,MW,BE,BE,forecast_load,Forecasted Load,2026-08-23T15:57:47Z
2026-08-23T15:57:37Z,2026-08-23T17:57:37+0200,4e74b68d-c003-4d56-be5d-5f0c265edc96,2026-07-27T04:45:00Z,2026-07-27T06:45:00+0200,7688.5,MW,BE,BE,forecast_load,Forecasted Load,2026-08-23T15:57:47Z
2026-08-23T15:57:37Z,2026-08-23T17:57:37+0200,4e74b68d-c003-4d56-be5d-5f0c265edc96,2026-07-27T05:00:00Z,2026-07-27T07:00:00+0200,7904.44,MW,BE,BE,forecast_load,Forecasted Load,2026-08-23T15:57:47Z
2026-08-23T15:57:37Z,2026-08-23T17:57:37+0200,4e74b68d-c003-4d56-be5d-5f0c265edc96,2026-07-27T05:15:00Z,2026-07-27T07:15:00+0200,8014.88,MW,BE,BE,forecast_load,Forecasted Load,2026-08-23T15:57:47Z
2026-08-23T15:57:37Z,2026-08-23T17:57:37+0200,4e74b68d-c003-4d56-be5d-5f0c265edc96,2026-07-27T05:30:00Z,2026-07-27T07:30:00+0200,8208.32,MW,BE,BE,forecast_load,Forecasted Load,2026-08-23T15:57:47Z
2026-08-23T15:57:37Z,2026-08-23T17:57:37+0200,4e74b68d-c003-4d56-be5d-5f0c265edc96,2026-07-27T05:45:00Z,2026-07-27T07:45:00+0200,8358.39,MW,BE,BE,forecast_load,Forecasted Load,2026-08-23T15:57:47Z
2026-08-23T15:57:37Z,2026-08-23T17:57:37+0200,4e74b68d-c003-4d56-be5d-5f0c265edc96,2026-07-27T06:00:00Z,2026-07-27T08:00:00+0200,8460.92,MW,BE,BE,forecast_load,Forecasted Load,2026-08-23T15:57:47Z
2026-08-23T15:57:37Z,2026-08-23T17:57:37+0200,4e74b68d-c003-4d56-be5d-5f0c265edc96,2026-07-27T06:15:00Z,2026-07-27T08:15:00+0200,8659.81,MW,BE,BE,forecast_load,Forecasted Load,2026-08-23T15:57:47Z
2026-08-23T15:57:37Z,2026-08-23T17:57:37+0200,4e74b68d-c003-4d56-be5d-5f0c265edc96,2026-07-27T06:30:00Z,2026-07-27T08:30:00+0200,8762.28,MW,BE,BE,forecast_load,Forecasted Load,2026-08-23T15:57:47Z
2026-08-23T15:57:37Z,2026-08-23T17:57:37+0200,4e74b68d-c003-4d56-be5d-5f0c265edc96,2026-07-27T06:45:00Z,2026-07-27T08:45:00+0200,8911.61,MW,BE,BE,forecast_load,Forecasted Load,2026-08-23T15:57:47Z
2026-08-23T15:57:37Z,2026-08-23T17:57:37+0200,4e74b68d-c003-4d56-be5d-5f0c265edc96,2026-07-27T07:00:00Z,2026-07-27T09:00:00+0200,9048.98,MW,BE,BE,forecast_load,Forecasted Load,2026-08-23T15:57:47Z
2026-08-23T15:57:37Z,2026-08-23T17:57:37+0200,4e74b68d-c003-4d56-be5d-5f0c265edc96,2026-07-27T07:15:00Z,2026-07-27T09:15:00+0200,9120.61,MW,BE,BE,forecast_load,Forecasted Load,2026-08-23T15:57:47Z
2026-08-23T15:57:37Z,2026-08-23T17:57:37+0200,4e74b68d-c003-4d56-be5d-5f0c265edc96,2026-07-27T07:30:00Z,2026-07-27T09:30:00+0200,9278.23,MW,BE,BE,forecast_load,Forecasted Load,2026-08-23T15:57:47Z
2026-08-23T15:57:37Z,2026-08-23T17:57:37+0200,4e74b68d-c003-4d56-be5d-5f0c265edc96,2026-07-27T07:45:00Z,2026-07-27T09:45:00+0200,9404.83,MW,BE,BE,forecast_load,Forecasted Load,2026-08-23T15:57:47Z
2026-08-23T15:57:37Z,2026-08-23T17:57:37+0200,4e74b68d-c003-4d56-be5d-5f0c265edc96,2026-07-27T08:00:00Z,2026-07-27T10:00:00+0200,9330.17,MW,BE,BE,forecast_load,Forecasted Load,2026-08-23T15:57:47Z
2026-08-23T15:57:37Z,2026-08-23T17:57:37+0200,4e74b68d-c003-4d56-be5d-5f0c265edc96,2026-07-27T08:15:00Z,2026-07-27T10:15:00+0200,9259.54,MW,BE,BE,forecast_load,Forecasted Load,2026-08-23T15:57:47Z
2026-08-23T15:57:37Z,2026-08-23T17:57:37+0200,4e74b68d-c003-4d56-be5d-5f0c265edc96,2026-07-27T08:30:00Z,2026-07-27T10:30:00+0200,9363.08,MW,BE,BE,forecast_load,Forecasted Load,2026-08-23T15:57:47Z
2026-08-23T15:57:37Z,2026-08-23T17:57:37+0200,4e74b68d-c003-4d56-be5d-5f0c265edc96,2026-07-27T08:45:00Z,2026-07-27T10:45:00+0200,9455.31,MW,BE,BE,forecast_load,Forecasted Load,2026-08-23T15:57:47Z
2026-08-23T15:57:37Z,2026-08-23T17:57:37+0200,4e74b68d-c003-4d56-be5d-5f0c265edc96,2026-07-27T09:00:00Z,2026-07-27T11:00:00+0200,9434.45,MW,BE,BE,forecast_load,Forecasted Load,2026-08-23T15:57:47Z
2026-08-23T15:57:37Z,2026-08-23T17:57:37+0200,4e74b68d-c003-4d56-be5d-5f0c265edc96,2026-07-27T09:15:00Z,2026-07-27T11:15:00+0200,9522.79,MW,BE,BE,forecast_load,Forecasted Load,2026-08-23T15:57:47Z
2026-08-23T15:57:37Z,2026-08-23T17:57:37+0200,4e74b68d-c003-4d56-be5d-5f0c265edc96,2026-07-27T09:30:00Z,2026-07-27T11:30:00+0200,9654.54,MW,BE,BE,forecast_load,Forecasted Load,2026-08-23T15:57:47Z
2026-08-23T15:57:37Z,2026-08-23T17:57:37+0200,4e74b68d-c003-4d56-be5d-5f0c265edc96,2026-07-27T09:45:00Z,2026-07-27T11:45:00+0200,9776.74,MW,BE,BE,forecast_load,Forecasted Load,2026-08-23T15:57:47Z
2026-08-23T15:57:37Z,2026-08-23T17:57:37+0200,4e74b68d-c003-4d56-be5d-5f0c265edc96,2026-07-27T10:00:00Z,2026-07-27T12:00:00+0200,9613.45,MW,BE,BE,forecast_load,Forecasted Load,2026-08-23T15:57:47Z
2026-08-23T15:57:37Z,2026-08-23T17:57:37+0200,4e74b68d-c003-4d56-be5d-5f0c265edc96,2026-07-27T10:15:00Z,2026-07-27T12:15:00+0200,9594.58,MW,BE,BE,forecast_load,Forecasted Load,2026-08-23T15:57:47Z
2026-08-23T15:57:37Z,2026-08-23T17:57:37+0200,4e74b68d-c003-4d56-be5d-5f0c265edc96,2026-07-27T10:30:00Z,2026-07-27T12:30:00+0200,9599.83,MW,BE,BE,forecast_load,Forecasted Load,2026-08-23T15:57:47Z
2026-08-23T15:57:37Z,2026-08-23T17:57:37+0200,4e74b68d-c003-4d56-be5d-5f0c265edc96,2026-07-27T10:45:00Z,2026-07-27T12:45:00+0200,9606.74,MW,BE,BE,forecast_load,Forecasted Load,2026-08-23T15:57:47Z
2026-08-23T15:57:37Z,2026-08-23T17:57:37+0200,4e74b68d-c003-4d56-be5d-5f0c265edc96,2026-07-27T11:00:00Z,2026-07-27T13:00:00+0200,9675.79,MW,BE,BE,forecast_load,Forecasted Load,2026-08-23T15:57:47Z
2026-08-23T15:57:37Z,2026-08-23T17:57:37+0200,4e74b68d-c003-4d56-be5d-5f0c265edc96,2026-07-27T11:15:00Z,2026-07-27T13:15:00+0200,9701.7,MW,BE,BE,forecast_load,Forecasted Load,2026-08-23T15:57:47Z
2026-08-23T15:57:37Z,2026-08-23T17:57:37+0200,4e74b68d-c003-4d56-be5d-5f0c265edc96,2026-07-27T11:30:00Z,2026-07-27T13:30:00+0200,9724.8,MW,BE,BE,forecast_load,Forecasted Load,2026-08-23T15:57:47Z
2026-08-23T15:57:37Z,2026-08-23T17:57:37+0200,4e74b68d-c003-4d56-be5d-5f0c265edc96,2026-07-27T11:45:00Z,2026-07-27T13:45:00+0200,9685.38,MW,BE,BE,forecast_load,Forecasted Load,2026-08-23T15:57:47Z
2026-08-23T15:57:37Z,2026-08-23T17:57:37+0200,4e74b68d-c003-4d56-be5d-5f0c265edc96,2026-07-27T12:00:00Z,2026-07-27T14:00:00+0200,9926.0,MW,BE,BE,forecast_load,Forecasted Load,2026-08-23T15:57:47Z
2026-08-23T15:57:37Z,2026-08-23T17:57:37+0200,4e74b68d-c003-4d56-be5d-5f0c265edc96,2026-07-27T12:15:00Z,2026-07-27T14:15:00+0200,9845.78,MW,BE,BE,forecast_load,Forecasted Load,2026-08-23T15:57:47Z
2026-08-23T15:57:37Z,2026-08-23T17:57:37+0200,4e74b68d-c003-4d56-be5d-5f0c265edc96,2026-07-27T12:30:00Z,2026-07-27T14:30:00+0200,9747.94,MW,BE,BE,forecast_load,Forecasted Load,2026-08-23T15:57:47Z
2026-08-23T15:57:37Z,2026-08-23T17:57:37+0200,4e74b68d-c003-4d56-be5d-5f0c265edc96,2026-07-27T12:45:00Z,2026-07-27T14:45:00+0200,9758.26,MW,BE,BE,forecast_load,Forecasted Load,2026-08-23T15:57:47Z
2026-08-23T15:57:37Z,2026-08-23T17:57:37+0200,4e74b68d-c003-4d56-be5d-5f0c265edc96,2026-07-27T13:00:00Z,2026-07-27T15:00:00+0200,9730.25,MW,BE,BE,forecast_load,Forecasted Load,2026-08-23T15:57:47Z
2026-08-23T15:57:37Z,2026-08-23T17:57:37+0200,4e74b68d-c003-4d56-be5d-5f0c265edc96,2026-07-27T13:15:00Z,2026-07-27T15:15:00+0200,9672.78,MW,BE,BE,forecast_load,Forecasted Load,2026-08-23T15:57:47Z
2026-08-23T15:57:37Z,2026-08-23T17:57:37+0200,4e74b68d-c003-4d56-be5d-5f0c265edc96,2026-07-27T13:30:00Z,2026-07-27T15:30:00+0200,9531.76,MW,BE,BE,forecast_load,Forecasted Load,2026-08-23T15:57:47Z
2026-08-23T15:57:37Z,2026-08-23T17:57:37+0200,4e74b68d-c003-4d56-be5d-5f0c265edc96,2026-07-27T13:45:00Z,2026-07-27T15:45:00+0200,9442.92,MW,BE,BE,forecast_load,Forecasted Load,2026-08-23T15:57:47Z
2026-08-23T15:57:37Z,2026-08-23T17:57:37+0200,4e74b68d-c003-4d56-be5d-5f0c265edc96,2026-07-27T14:00:00Z,2026-07-27T16:00:00+0200,9502.95,MW,BE,BE,forecast_load,Forecasted Load,2026-08-23T15:57:47Z
2026-08-23T15:57:37Z,2026-08-23T17:57:37+0200,4e74b68d-c003-4d56-be5d-5f0c265edc96,2026-07-27T14:15:00Z,2026-07-27T16:15:00+0200,9384.96,MW,BE,BE,forecast_load,Forecasted Load,2026-08-23T15:57:47Z
2026-08-23T15:57:37Z,2026-08-23T17:57:37+0200,4e74b68d-c003-4d56-be5d-5f0c265edc96,2026-07-27T14:30:00Z,2026-07-27T16:30:00+0200,9333.07,MW,BE,BE,forecast_load,Forecasted Load,2026-08-23T15:57:47Z
2026-08-23T15:57:37Z,2026-08-23T17:57:37+0200,4e74b68d-c003-4d56-be5d-5f0c265edc96,2026-07-27T14:45:00Z,2026-07-27T16:45:00+0200,9301.49,MW,BE,BE,forecast_load,Forecasted Load,2026-08-23T15:57:47Z
2026-08-23T15:57:37Z,2026-08-23T17:57:37+0200,4e74b68d-c003-4d56-be5d-5f0c265edc96,2026-07-27T15:00:00Z,2026-07-27T17:00:00+0200,9301.5,MW,BE,BE,forecast_load,Forecasted Load,2026-08-23T15:57:47Z
2026-08-23T15:57:37Z,2026-08-23T17:57:37+0200,4e74b68d-c003-4d56-be5d-5f0c265edc96,2026-07-27T15:15:00Z,2026-07-27T17:15:00+0200,9266.31,MW,BE,BE,forecast_load,Forecasted Load,2026-08-23T15:57:47Z
2026-08-23T15:57:37Z,2026-08-23T17:57:37+0200,4e74b68d-c003-4d56-be5d-5f0c265edc96,2026-07-27T15:30:00Z,2026-07-27T17:30:00+0200,9284.09,MW,BE,BE,forecast_load,Forecasted Load,2026-08-23T15:57:47Z
2026-08-23T15:57:37Z,2026-08-23T17:57:37+0200,4e74b68d-c003-4d56-be5d-5f0c265edc96,2026-07-27T15:45:00Z,2026-07-27T17:45:00+0200,9241.32,MW,BE,BE,forecast_load,Forecasted Load,2026-08-23T15:57:47Z
2026-08-23T15:57:37Z,2026-08-23T17:57:37+0200,4e74b68d-c003-4d56-be5d-5f0c265edc96,2026-07-27T16:00:00Z,2026-07-27T18:00:00+0200,9308.08,MW,BE,BE,forecast_load,Forecasted Load,2026-08-23T15:57:47Z
2026-08-23T15:57:37Z,2026-08-23T17:57:37+0200,4e74b68d-c003-4d56-be5d-5f0c265edc96,2026-07-27T16:15:00Z,2026-07-27T18:15:00+0200,9267.62,MW,BE,BE,forecast_load,Forecasted Load,2026-08-23T15:57:47Z
2026-08-23T15:57:37Z,2026-08-23T17:57:37+0200,4e74b68d-c003-4d56-be5d-5f0c265edc96,2026-07-27T16:30:00Z,2026-07-27T18:30:00+0200,9204.7,MW,BE,BE,forecast_load,Forecasted Load,2026-08-23T15:57:47Z
2026-08-23T15:57:37Z,2026-08-23T17:57:37+0200,4e74b68d-c003-4d56-be5d-5f0c265edc96,2026-07-27T16:45:00Z,2026-07-27T18:45:00+0200,9206.22,MW,BE,BE,forecast_load,Forecasted Load,2026-08-23T15:57:47Z
2026-08-23T15:57:37Z,2026-08-23T17:57:37+0200,4e74b68d-c003-4d56-be5d-5f0c265edc96,2026-07-27T17:00:00Z,2026-07-27T19:00:00+0200,9218.78,MW,BE,BE,forecast_load,Forecasted Load,2026-08-23T15:57:47Z
2026-08-23T15:57:37Z,2026-08-23T17:57:37+0200,4e74b68d-c003-4d56-be5d-5f0c265edc96,2026-07-27T17:15:00Z,2026-07-27T19:15:00+0200,9135.56,MW,BE,BE,forecast_load,Forecasted Load,2026-08-23T15:57:47Z
2026-08-23T15:57:37Z,2026-08-23T17:57:37+0200,4e74b68d-c003-4d56-be5d-5f0c265edc96,2026-07-27T17:30:00Z,2026-07-27T19:30:00+0200,9102.41,MW,BE,BE,forecast_load,Forecasted Load,2026-08-23T15:57:47Z
2026-08-23T15:57:37Z,2026-08-23T17:57:37+0200,4e74b68d-c003-4d56-be5d-5f0c265edc96,2026-07-27T17:45:00Z,2026-07-27T19:45:00+0200,9084.35,MW,BE,BE,forecast_load,Forecasted Load,2026-08-23T15:57:47Z
2026-08-23T15:57:37Z,2026-08-23T17:57:37+0200,4e74b68d-c003-4d56-be5d-5f0c265edc96,2026-07-27T18:00:00Z,2026-07-27T20:00:00+0200,9075.97,MW,BE,BE,forecast_load,Forecasted Load,2026-08-23T15:57:47Z
2026-08-23T15:57:37Z,2026-08-23T17:57:37+0200,4e74b68d-c003-4d56-be5d-5f0c265edc96,2026-07-27T18:15:00Z,2026-07-27T20:15:00+0200,8963.88,MW,BE,BE,forecast_load,Forecasted Load,2026-08-23T15:57:47Z
2026-08-23T15:57:37Z,2026-08-23T17:57:37+0200,4e74b68d-c003-4d56-be5d-5f0c265edc96,2026-07-27T18:30:00Z,2026-07-27T20:30:00+0200,8884.86,MW,BE,BE,forecast_load,Forecasted Load,2026-08-23T15:57:47Z
2026-08-23T15:57:37Z,2026-08-23T17:57:37+0200,4e74b68d-c003-4d56-be5d-5f0c265edc96,2026-07-27T18:45:00Z,2026-07-27T20:45:00+0200,8728.61,MW,BE,BE,forecast_load,Forecasted Load,2026-08-23T15:57:47Z
2026-08-23T15:57:37Z,2026-08-23T17:57:37+0200,4e74b68d-c003-4d56-be5d-5f0c265edc96,2026-07-27T19:00:00Z,2026-07-27T21:00:00+0200,8712.93,MW,BE,BE,forecast_load,Forecasted Load,2026-08-23T15:57:47Z
2026-08-23T15:57:37Z,2026-08-23T17:57:37+0200,4e74b68d-c003-4d56-be5d-5f0c265edc96,2026-07-27T19:15:00Z,2026-07-27T21:15:00+0200,8658.57,MW,BE,BE,forecast_load,Forecasted Load,2026-08-23T15:57:47Z
2026-08-23T15:57:37Z,2026-08-23T17:57:37+0200,4e74b68d-c003-4d56-be5d-5f0c265edc96,2026-07-27T19:30:00Z,2026-07-27T21:30:00+0200,8632.24,MW,BE,BE,forecast_load,Forecasted Load,2026-08-23T15:57:47Z
2026-08-23T15:57:37Z,2026-08-23T17:57:37+0200,4e74b68d-c003-4d56-be5d-5f0c265edc96,2026-07-27T19:45:00Z,2026-07-27T21:45:00+0200,8663.48,MW,BE,BE,forecast_load,Forecasted Load,2026-08-23T15:57:47Z
2026-08-23T15:57:37Z,2026-08-23T17:57:37+0200,4e74b68d-c003-4d56-be5d-5f0c265edc96,2026-07-27T20:00:00Z,2026-07-27T22:00:00+0200,8563.6,MW,BE,BE,forecast_load,Forecasted Load,2026-08-23T15:57:47Z
2026-08-23T15:57:37Z,2026-08-23T17:57:37+0200,4e74b68d-c003-4d56-be5d-5f0c265edc96,2026-07-27T20:15:00Z,2026-07-27T22:15:00+0200,8640.8,MW,BE,BE,forecast_load,Forecasted Load,2026-08-23T15:57:47Z
2026-08-23T15:57:37Z,2026-08-23T17:57:37+0200,4e74b68d-c003-4d56-be5d-5f0c265edc96,2026-07-27T20:30:00Z,2026-07-27T22:30:00+0200,8614.75,MW,BE,BE,forecast_load,Forecasted Load,2026-08-23T15:57:47Z
2026-08-23T15:57:37Z,2026-08-23T17:57:37+0200,4e74b68d-c003-4d56-be5d-5f0c265edc96,2026-07-27T20:45:00Z,2026-07-27T22:45:00+0200,8514.92,MW,BE,BE,forecast_load,Forecasted Load,2026-08-23T15:57:47Z
2026-08-23T15:57:37Z,2026-08-23T17:57:37+0200,4e74b68d-c003-4d56-be5d-5f0c265edc96,2026-07-27T21:00:00Z,2026-07-27T23:00:00+0200,8228.57,MW,BE,BE,forecast_load,Forecasted Load,2026-08-23T15:57:47Z
2026-08-23T15:57:37Z,2026-08-23T17:57:37+0200,4e74b68d-c003-4d56-be5d-5f0c265edc96,2026-07-27T21:15:00Z,2026-07-27T23:15:00+0200,8127.81,MW,BE,BE,forecast_load,Forecasted Load,2026-08-23T15:57:47Z
2026-08-23T15:57:37Z,2026-08-23T17:57:37+0200,4e74b68d-c003-4d56-be5d-5f0c265edc96,2026-07-27T21:30:00Z,2026-07-27T23:30:00+0200,8007.4,MW,BE,BE,forecast_load,Forecasted Load,2026-08-23T15:57:47Z
2026-08-23T15:57:37Z,2026-08-23T17:57:37+0200,4e74b68d-c003-4d56-be5d-5f0c265edc96,2026-07-27T21:45:00Z,2026-07-27T23:45:00+0200,7847.18,MW,BE,BE,forecast_load,Forecasted Load,2026-08-23T15:57:47Z
2026-08-23T15:57:37Z,2026-08-23T17:57:37+0200,4e74b68d-c003-4d56-be5d-5f0c265edc96,2026-07-27T22:00:00Z,2026-07-28T00:00:00+0200,7698.75,MW,BE,BE,forecast_load,Forecasted Load,2026-08-23T15:57:47Z
2026-08-23T15:57:37Z,2026-08-23T17:57:37+0200,4e74b68d-c003-4d56-be5d-5f0c265edc96,2026-07-27T22:15:00Z,2026-07-28T00:15:00+0200,7580.53,MW,BE,BE,forecast_load,Forecasted Load,2026-08-23T15:57:47Z
2026-08-23T15:57:37Z,2026-08-23T17:57:37+0200,4e74b68d-c003-4d56-be5d-5f0c265edc96,2026-07-27T22:30:00Z,2026-07-28T00:30:00+0200,7494.96,MW,BE,BE,forecast_load,Forecasted Load,2026-08-23T15:57:47Z
2026-08-23T15:57:37Z,2026-08-23T17:57:37+0200,4e74b68d-c003-4d56-be5d-5f0c265edc96,2026-07-27T22:45:00Z,2026-07-28T00:45:00+0200,7413.14,MW,BE,BE,forecast_load,Forecasted Load,2026-08-23T15:57:47Z
2026-08-23T15:57:37Z,2026-08-23T17:57:37+0200,4e74b68d-c003-4d56-be5d-5f0c265edc96,2026-07-27T23:00:00Z,2026-07-28T01:00:00+0200,7310.94,MW,BE,BE,forecast_load,Forecasted Load,2026-08-23T15:57:47Z
2026-08-23T15:57:37Z,2026-08-23T17:57:37+0200,4e74b68d-c003-4d56-be5d-5f0c265edc96,2026-07-27T23:15:00Z,2026-07-28T01:15:00+0200,7279.77,MW,BE,BE,forecast_load,Forecasted Load,2026-08-23T15:57:47Z
2026-08-23T15:57:37Z,2026-08-23T17:57:37+0200,4e74b68d-c003-4d56-be5d-5f0c265edc96,2026-07-27T23:30:00Z,2026-07-28T01:30:00+0200,7232.6,MW,BE,BE,forecast_load,Forecasted Load,2026-08-23T15:57:47Z
2026-08-23T15:57:37Z,2026-08-23T17:57:37+0200,4e74b68d-c003-4d56-be5d-5f0c265edc96,2026-07-27T23:45:00Z,2026-07-28T01:45:00+0200,7143.59,MW,BE,BE,forecast_load,Forecasted Load,2026-08-23T15:57:47Z
2026-08-23T15:57:37Z,2026-08-23T17:57:37+0200,4e74b68d-c003-4d56-be5d-5f0c265edc96,2026-07-28T00:00:00Z,2026-07-28T02:00:00+0200,7115.56,MW,BE,BE,forecast_load,Forecasted Load,2026-08-23T15:57:47Z
2026-08-23T15:57:37Z,2026-08-23T17:57:37+0200,4e74b68d-c003-4d56-be5d-5f0c265edc96,2026-07-28T00:15:00Z,2026-07-28T02:15:00+0200,7089.13,MW,BE,BE,forecast_load,Forecasted Load,2026-08-23T15:57:47Z
2026-08-23T15:57:37Z,2026-08-23T17:57:37+0200,4e74b68d-c003-4d56-be5d-5f0c265edc96,2026-07-28T00:30:00Z,2026-07-28T02:30:00+0200,7069.82,MW,BE,BE,forecast_load,Forecasted Load,2026-08-23T15:57:47Z
2026-08-23T15:57:37Z,2026-08-23T17:57:37+0200,4e74b68d-c003-4d56-be5d-5f0c265edc96,2026-07-28T00:45:00Z,2026-07-28T02:45:00+0200,7039.08,MW,BE,BE,forecast_load,Forecasted Load,2026-08-23T15:57:47Z
2026-08-23T15:57:37Z,2026-08-23T17:57:37+0200,4e74b68d-c003-4d56-be5d-5f0c265edc96,2026-07-28T01:00:00Z,2026-07-28T03:00:00+0200,7010.84,MW,BE,BE,forecast_load,Forecasted Load,2026-08-23T15:57:47Z
2026-08-23T15:57:37Z,2026-08-23T17:57:37+0200,4e74b68d-c003-4d56-be5d-5f0c265edc96,2026-07-28T01:15:00Z,2026-07-28T03:15:00+0200,7009.22,MW,BE,BE,forecast_load,Forecasted Load,2026-08-23T15:57:47Z
2026-08-23T15:57:37Z,2026-08-23T17:57:37+0200,4e74b68d-c003-4d56-be5d-5f0c265edc96,2026-07-28T01:30:00Z,2026-07-28T03:30:00+0200,6992.31,MW,BE,BE,forecast_load,Forecasted Load,2026-08-23T15:57:47Z
2026-08-23T15:57:37Z,2026-08-23T17:57:37+0200,4e74b68d-c003-4d56-be5d-5f0c265edc96,2026-07-28T01:45:00Z,2026-07-28T03:45:00+0200,6969.31,MW,BE,BE,forecast_load,Forecasted Load,2026-08-23T15:57:47Z
2026-08-23T15:57:37Z,2026-08-23T17:57:37+0200,4e74b68d-c003-4d56-be5d-5f0c265edc96,2026-07-28T02:00:00Z,2026-07-28T04:00:00+0200,7052.22,MW,BE,BE,forecast_load,Forecasted Load,2026-08-23T15:57:47Z
2026-08-23T15:57:37Z,2026-08-23T17:57:37+0200,4e74b68d-c003-4d56-be5d-5f0c265edc96,2026-07-28T02:15:00Z,2026-07-28T04:15:00+0200,7040.23,MW,BE,BE,forecast_load,Forecasted Load,2026-08-23T15:57:47Z
2026-08-23T15:57:37Z,2026-08-23T17:57:37+0200,4e74b68d-c003-4d56-be5d-5f0c265edc96,2026-07-28T02:30:00Z,2026-07-28T04:30:00+0200,7034.18,MW,BE,BE,forecast_load,Forecasted Load,2026-08-23T15:57:47Z
2026-08-23T15:57:37Z,2026-08-23T17:57:37+0200,4e74b68d-c003-4d56-be5d-5f0c265edc96,2026-07-28T02:45:00Z,2026-07-28T04:45:00+0200,7059.26,MW,BE,BE,forecast_load,Forecasted Load,2026-08-23T15:57:47Z
2026-08-23T15:57:37Z,2026-08-23T17:57:37+0200,4e74b68d-c003-4d56-be5d-5f0c265edc96,2026-07-28T03:00:00Z,2026-07-28T05:00:00+0200,7181.23,MW,BE,BE,forecast_load,Forecasted Load,2026-08-23T15:57:47Z
2026-08-23T15:57:37Z,2026-08-23T17:57:37+0200,4e74b68d-c003-4d56-be5d-5f0c265edc96,2026-07-28T03:15:00Z,2026-07-28T05:15:00+0200,7192.93,MW,BE,BE,forecast_load,Forecasted Load,2026-08-23T15:57:47Z
2026-08-23T15:57:37Z,2026-08-23T17:57:37+0200,4e74b68d-c003-4d56-be5d-5f0c265edc96,2026-07-28T03:30:00Z,2026-07-28T05:30:00+0200,7220.31,MW,BE,BE,forecast_load,Forecasted Load,2026-08-23T15:57:47Z
2026-08-23T15:57:37Z,2026-08-23T17:57:37+0200,4e74b68d-c003-4d56-be5d-5f0c265edc96,2026-07-28T03:45:00Z,2026-07-28T05:45:00+0200,7261.18,MW,BE,BE,forecast_load,Forecasted Load,2026-08-23T15:57:47Z
2026-08-23T15:57:37Z,2026-08-23T17:57:37+0200,4e74b68d-c003-4d56-be5d-5f0c265edc96,2026-07-28T04:00:00Z,2026-07-28T06:00:00+0200,7457.97,MW,BE,BE,forecast_load,Forecasted Load,2026-08-23T15:57:47Z
2026-08-23T15:57:37Z,2026-08-23T17:57:37+0200,4e74b68d-c003-4d56-be5d-5f0c265edc96,2026-07-28T04:15:00Z,2026-07-28T06:15:00+0200,7607.89,MW,BE,BE,forecast_load,Forecasted Load,2026-08-23T15:57:47Z
2026-08-23T15:57:37Z,2026-08-23T17:57:37+0200,4e74b68d-c003-4d56-be5d-5f0c265edc96,2026-07-28T04:30:00Z,2026-07-28T06:30:00+0200,7752.33,MW,BE,BE,forecast_load,Forecasted Load,2026-08-23T15:57:47Z
2026-08-23T15:57:37Z,2026-08-23T17:57:37+0200,4e74b68d-c003-4d56-be5d-5f0c265edc96,2026-07-28T04:45:00Z,2026-07-28T06:45:00+0200,7879.74,MW,BE,BE,forecast_load,Forecasted Load,2026-08-23T15:57:47Z
2026-08-23T15:57:37Z,2026-08-23T17:57:37+0200,4e74b68d-c003-4d56-be5d-5f0c265edc96,2026-07-28T05:00:00Z,2026-07-28T07:00:00+0200,8042.49,MW,BE,BE,forecast_load,Forecasted Load,2026-08-23T15:57:47Z
2026-08-23T15:57:37Z,2026-08-23T17:57:37+0200,4e74b68d-c003-4d56-be5d-5f0c265edc96,2026-07-28T05:15:00Z,2026-07-28T07:15:00+0200,8202.65,MW,BE,BE,forecast_load,Forecasted Load,2026-08-23T15:57:47Z
2026-08-23T15:57:37Z,2026-08-23T17:57:37+0200,4e74b68d-c003-4d56-be5d-5f0c265edc96,2026-07-28T05:30:00Z,2026-07-28T07:30:00+0200,8383.57,MW,BE,BE,forecast_load,Forecasted Load,2026-08-23T15:57:47Z
2026-08-23T15:57:37Z,2026-08-23T17:57:37+0200,4e74b68d-c003-4d56-be5d-5f0c265edc96,2026-07-28T05:45:00Z,2026-07-28T07:45:00+0200,8550.41,MW,BE,BE,forecast_load,Forecasted Load,2026-08-23T15:57:47Z
2026-08-23T15:57:37Z,2026-08-23T17:57:37+0200,4e74b68d-c003-4d56-be5d-5f0c265edc96,2026-07-28T06:00:00Z,2026-07-28T08:00:00+0200,8567.03,MW,BE,BE,forecast_load,Forecasted Load,2026-08-23T15:57:47Z
2026-08-23T15:57:37Z,2026-08-23T17:57:37+0200,4e74b68d-c003-4d56-be5d-5f0c265edc96,2026-07-28T06:15:00Z,2026-07-28T08:15:00+0200,8713.0,MW,BE,BE,forecast_load,Forecasted Load,2026-08-23T15:57:47Z
2026-08-23T15:57:37Z,2026-08-23T17:57:37+0200,4e74b68d-c003-4d56-be5d-5f0c265edc96,2026-07-28T06:30:00Z,2026-07-28T08:30:00+0200,8881.91,MW,BE,BE,forecast_load,Forecasted Load,2026-08-23T15:57:47Z
2026-08-23T15:57:37Z,2026-08-23T17:57:37+0200,4e74b68d-c003-4d56-be5d-5f0c265edc96,2026-07-28T06:45:00Z,2026-07-28T08:45:00+0200,9040.36,MW,BE,BE,forecast_load,Forecasted Load,2026-08-23T15:57:47Z
2026-08-23T15:57:37Z,2026-08-23T17:57:37+0200,4e74b68d-c003-4d56-be5d-5f0c265edc96,2026-07-28T07:00:00Z,2026-07-28T09:00:00+0200,9158.82,MW,BE,BE,forecast_load,Forecasted Load,2026-08-23T15:57:47Z
2026-08-23T15:57:37Z,2026-08-23T17:57:37+0200,4e74b68d-c003-4d56-be5d-5f0c265edc96,2026-07-28T07:15:00Z,2026-07-28T09:15:00+0200,9255.28,MW,BE,BE,forecast_load,Forecasted Load,2026-08-23T15:57:47Z
2026-08-23T15:57:37Z,2026-08-23T17:57:37+0200,4e74b68d-c003-4d56-be5d-5f0c265edc96,2026-07-28T07:30:00Z,2026-07-28T09:30:00+0200,9369.17,MW,BE,BE,forecast_load,Forecasted Load,2026-08-23T15:57:47Z
2026-08-23T15:57:37Z,2026-08-23T17:57:37+0200,4e74b68d-c003-4d56-be5d-5f0c265edc96,2026-07-28T07:45:00Z,2026-07-28T09:45:00+0200,9457.36,MW,BE,BE,forecast_load,Forecasted Load,2026-08-23T15:57:47Z
2026-08-23T15:57:37Z,2026-08-23T17:57:37+0200,4e74b68d-c003-4d56-be5d-5f0c265edc96,2026-07-28T08:00:00Z,2026-07-28T10:00:00+0200,9486.79,MW,BE,BE,forecast_load,Forecasted Load,2026-08-23T15:57:47Z
2026-08-23T15:57:37Z,2026-08-23T17:57:37+0200,4e74b68d-c003-4d56-be5d-5f0c265edc96,2026-07-28T08:15:00Z,2026-07-28T10:15:00+0200,9529.26,MW,BE,BE,forecast_load,Forecasted Load,2026-08-23T15:57:47Z
2026-08-23T15:57:37Z,2026-08-23T17:57:37+0200,4e74b68d-c003-4d56-be5d-5f0c265edc96,2026-07-28T08:30:00Z,2026-07-28T10:30:00+0200,9570.92,MW,BE,BE,forecast_load,Forecasted Load,2026-08-23T15:57:47Z
2026-08-23T15:57:37Z,2026-08-23T17:57:37+0200,4e74b68d-c003-4d56-be5d-5f0c265edc96,2026-07-28T08:45:00Z,2026-07-28T10:45:00+0200,9639.83,MW,BE,BE,forecast_load,Forecasted Load,2026-08-23T15:57:47Z
2026-08-23T15:57:37Z,2026-08-23T17:57:37+0200,4e74b68d-c003-4d56-be5d-5f0c265edc96,2026-07-28T09:00:00Z,2026-07-28T11:00:00+0200,9735.58,MW,BE,BE,forecast_load,Forecasted Load,2026-08-23T15:57:47Z
2026-08-23T15:57:37Z,2026-08-23T17:57:37+0200,4e74b68d-c003-4d56-be5d-5f0c265edc96,2026-07-28T09:15:00Z,2026-07-28T11:15:00+0200,9772.08,MW,BE,BE,forecast_load,Forecasted Load,2026-08-23T15:57:47Z
2026-08-23T15:57:37Z,2026-08-23T17:57:37+0200,4e74b68d-c003-4d56-be5d-5f0c265edc96,2026-07-28T09:30:00Z,2026-07-28T11:30:00+0200,9846.32,MW,BE,BE,forecast_load,Forecasted Load,2026-08-23T15:57:47Z
2026-08-23T15:57:37Z,2026-08-23T17:57:37+0200,4e74b68d-c003-4d56-be5d-5f0c265edc96,2026-07-28T09:45:00Z,2026-07-28T11:45:00+0200,9939.06,MW,BE,BE,forecast_load,Forecasted Load,2026-08-23T15:57:47Z
2026-08-23T15:57:37Z,2026-08-23T17:57:37+0200,4e74b68d-c003-4d56-be5d-5f0c265edc96,2026-07-28T10:00:00Z,2026-07-28T12:00:00+0200,9984.87,MW,BE,BE,forecast_load,Forecasted Load,2026-08-23T15:57:47Z
2026-08-23T15:57:37Z,2026-08-23T17:57:37+0200,4e74b68d-c003-4d56-be5d-5f0c265edc96,2026-07-28T10:15:00Z,2026-07-28T12:15:00+0200,9969.37,MW,BE,BE,forecast_load,Forecasted Load,2026-08-23T15:57:47Z
2026-08-23T15:57:37Z,2026-08-23T17:57:37+0200,4e74b68d-c003-4d56-be5d-5f0c265edc96,2026-07-28T10:30:00Z,2026-07-28T12:30:00+0200,9989.27,MW,BE,BE,forecast_load,Forecasted Load,2026-08-23T15:57:47Z
2026-08-23T15:57:37Z,2026-08-23T17:57:37+0200,4e74b68d-c003-4d56-be5d-5f0c265edc96,2026-07-28T10:45:00Z,2026-07-28T12:45:00+0200,10077.84,MW,BE,BE,forecast_load,Forecasted Load,2026-08-23T15:57:47Z
2026-08-23T15:57:37Z,2026-08-23T17:57:37+0200,4e74b68d-c003-4d56-be5d-5f0c265edc96,2026-07-28T11:00:00Z,2026-07-28T13:00:00+0200,9924.03,MW,BE,BE,forecast_load,Forecasted Load,2026-08-23T15:57:47Z
2026-08-23T15:57:37Z,2026-08-23T17:57:37+0200,4e74b68d-c003-4d56-be5d-5f0c265edc96,2026-07-28T11:15:00Z,2026-07-28T13:15:00+0200,9951.19,MW,BE,BE,forecast_load,Forecasted Load,2026-08-23T15:57:47Z
2026-08-23T15:57:37Z,2026-08-23T17:57:37+0200,4e74b68d-c003-4d56-be5d-5f0c265edc96,2026-07-28T11:30:00Z,2026-07-28T13:30:00+0200,9959.62,MW,BE,BE,forecast_load,Forecasted Load,2026-08-23T15:57:47Z
2026-08-23T15:57:37Z,2026-08-23T17:57:37+0200,4e74b68d-c003-4d56-be5d-5f0c265edc96,2026-07-28T11:45:00Z,2026-07-28T13:45:00+0200,9860.18,MW,BE,BE,forecast_load,Forecasted Load,2026-08-23T15:57:47Z
2026-08-23T15:57:37Z,2026-08-23T17:57:37+0200,4e74b68d-c003-4d56-be5d-5f0c265edc96,2026-07-28T12:00:00Z,2026-07-28T14:00:00+0200,9849.54,MW,BE,BE,forecast_load,Forecasted Load,2026-08-23T15:57:47Z
2026-08-23T15:57:37Z,2026-08-23T17:57:37+0200,4e74b68d-c003-4d56-be5d-5f0c265edc96,2026-07-28T12:15:00Z,2026-07-28T14:15:00+0200,9841.72,MW,BE,BE,forecast_load,Forecasted Load,2026-08-23T15:57:47Z
2026-08-23T15:57:37Z,2026-08-23T17:57:37+0200,4e74b68d-c003-4d56-be5d-5f0c265edc96,2026-07-28T12:30:00Z,2026-07-28T14:30:00+0200,9777.4,MW,BE,BE,forecast_load,Forecasted Load,2026-08-23T15:57:47Z
2026-08-23T15:57:37Z,2026-08-23T17:57:37+0200,4e74b68d-c003-4d56-be5d-5f0c265edc96,2026-07-28T12:45:00Z,2026-07-28T14:45:00+0200,9753.26,MW,BE,BE,forecast_load,Forecasted Load,2026-08-23T15:57:47Z
2026-08-23T15:57:37Z,2026-08-23T17:57:37+0200,4e74b68d-c003-4d56-be5d-5f0c265edc96,2026-07-28T13:00:00Z,2026-07-28T15:00:00+0200,9676.88,MW,BE,BE,forecast_load,Forecasted Load,2026-08-23T15:57:47Z
2026-08-23T15:57:37Z,2026-08-23T17:57:37+0200,4e74b68d-c003-4d56-be5d-5f0c265edc96,2026-07-28T13:15:00Z,2026-07-28T15:15:00+0200,9597.12,MW,BE,BE,forecast_load,Forecasted Load,2026-08-23T15:57:47Z
2026-08-23T15:57:37Z,2026-08-23T17:57:37+0200,4e74b68d-c003-4d56-be5d-5f0c265edc96,2026-07-28T13:30:00Z,2026-07-28T15:30:00+0200,9516.33,MW,BE,BE,forecast_load,Forecasted Load,2026-08-23T15:57:47Z
2026-08-23T15:57:37Z,2026-08-23T17:57:37+0200,4e74b68d-c003-4d56-be5d-5f0c265edc96,2026-07-28T13:45:00Z,2026-07-28T15:45:00+0200,9433.08,MW,BE,BE,forecast_load,Forecasted Load,2026-08-23T15:57:47Z
2026-08-23T15:57:37Z,2026-08-23T17:57:37+0200,4e74b68d-c003-4d56-be5d-5f0c265edc96,2026-07-28T14:00:00Z,2026-07-28T16:00:00+0200,9413.48,MW,BE,BE,forecast_load,Forecasted Load,2026-08-23T15:57:47Z
2026-08-23T15:57:37Z,2026-08-23T17:57:37+0200,4e74b68d-c003-4d56-be5d-5f0c265edc96,2026-07-28T14:15:00Z,2026-07-28T16:15:00+0200,9310.21,MW,BE,BE,forecast_load,Forecasted Load,2026-08-23T15:57:47Z
2026-08-23T15:57:37Z,2026-08-23T17:57:37+0200,4e74b68d-c003-4d56-be5d-5f0c265edc96,2026-07-28T14:30:00Z,2026-07-28T16:30:00+0200,9284.2,MW,BE,BE,forecast_load,Forecasted Load,2026-08-23T15:57:47Z
2026-08-23T15:57:37Z,2026-08-23T17:57:37+0200,4e74b68d-c003-4d56-be5d-5f0c265edc96,2026-07-28T14:45:00Z,2026-07-28T16:45:00+0200,9230.64,MW,BE,BE,forecast_load,Forecasted Load,2026-08-23T15:57:47Z
2026-08-23T15:57:37Z,2026-08-23T17:57:37+0200,4e74b68d-c003-4d56-be5d-5f0c265edc96,2026-07-28T15:00:00Z,2026-07-28T17:00:00+0200,9301.11,MW,BE,BE,forecast_load,Forecasted Load,2026-08-23T15:57:47Z
2026-08-23T15:57:37Z,2026-08-23T17:57:37+0200,4e74b68d-c003-4d56-be5d-5f0c265edc96,2026-07-28T15:15:00Z,2026-07-28T17:15:00+0200,9209.39,MW,BE,BE,forecast_load,Forecasted Load,2026-08-23T15:57:47Z
2026-08-23T15:57:37Z,2026-08-23T17:57:37+0200,4e74b68d-c003-4d56-be5d-5f0c265edc96,2026-07-28T15:30:00Z,2026-07-28T17:30:00+0200,9217.22,MW,BE,BE,forecast_load,Forecasted Load,2026-08-23T15:57:47Z
2026-08-23T15:57:37Z,2026-08-23T17:57:37+0200,4e74b68d-c003-4d56-be5d-5f0c265edc96,2026-07-28T15:45:00Z,2026-07-28T17:45:00+0200,9172.17,MW,BE,BE,forecast_load,Forecasted Load,2026-08-23T15:57:47Z
2026-08-23T15:57:37Z,2026-08-23T17:57:37+0200,4e74b68d-c003-4d56-be5d-5f0c265edc96,2026-07-28T16:00:00Z,2026-07-28T18:00:00+0200,9244.06,MW,BE,BE,forecast_load,Forecasted Load,2026-08-23T15:57:47Z
2026-08-23T15:57:37Z,2026-08-23T17:57:37+0200,4e74b68d-c003-4d56-be5d-5f0c265edc96,2026-07-28T16:15:00Z,2026-07-28T18:15:00+0200,9182.09,MW,BE,BE,forecast_load,Forecasted Load,2026-08-23T15:57:47Z
2026-08-23T15:57:37Z,2026-08-23T17:57:37+0200,4e74b68d-c003-4d56-be5d-5f0c265edc96,2026-07-28T16:30:00Z,2026-07-28T18:30:00+0200,9147.88,MW,BE,BE,forecast_load,Forecasted Load,2026-08-23T15:57:47Z
2026-08-23T15:57:37Z,2026-08-23T17:57:37+0200,4e74b68d-c003-4d56-be5d-5f0c265edc96,2026-07-28T16:45:00Z,2026-07-28T18:45:00+0200,9085.42,MW,BE,BE,forecast_load,Forecasted Load,2026-08-23T15:57:47Z
2026-08-23T15:57:37Z,2026-08-23T17:57:37+0200,4e74b68d-c003-4d56-be5d-5f0c265edc96,2026-07-28T17:00:00Z,2026-07-28T19:00:00+0200,9081.18,MW,BE,BE,forecast_load,Forecasted Load,2026-08-23T15:57:47Z
2026-08-23T15:57:37Z,2026-08-23T17:57:37+0200,4e74b68d-c003-4d56-be5d-5f0c265edc96,2026-07-28T17:15:00Z,2026-07-28T19:15:00+0200,8987.04,MW,BE,BE,forecast_load,Forecasted Load,2026-08-23T15:57:47Z
2026-08-23T15:57:37Z,2026-08-23T17:57:37+0200,4e74b68d-c003-4d56-be5d-5f0c265edc96,2026-07-28T17:30:00Z,2026-07-28T19:30:00+0200,8938.66,MW,BE,BE,forecast_load,Forecasted Load,2026-08-23T15:57:47Z
2026-08-23T15:57:37Z,2026-08-23T17:57:37+0200,4e74b68d-c003-4d56-be5d-5f0c265edc96,2026-07-28T17:45:00Z,2026-07-28T19:45:00+0200,8931.24,MW,BE,BE,forecast_load,Forecasted Load,2026-08-23T15:57:47Z
2026-08-23T15:57:37Z,2026-08-23T17:57:37+0200,4e74b68d-c003-4d56-be5d-5f0c265edc96,2026-07-28T18:00:00Z,2026-07-28T20:00:00+0200,8970.88,MW,BE,BE,forecast_load,Forecasted Load,2026-08-23T15:57:47Z
2026-08-23T15:57:37Z,2026-08-23T17:57:37+0200,4e74b68d-c003-4d56-be5d-5f0c265edc96,2026-07-28T18:15:00Z,2026-07-28T20:15:00+0200,8896.06,MW,BE,BE,forecast_load,Forecasted Load,2026-08-23T15:57:47Z
2026-08-23T15:57:37Z,2026-08-23T17:57:37+0200,4e74b68d-c003-4d56-be5d-5f0c265edc96,2026-07-28T18:30:00Z,2026-07-28T20:30:00+0200,8826.58,MW,BE,BE,forecast_load,Forecasted Load,2026-08-23T15:57:47Z
2026-08-23T15:57:37Z,2026-08-23T17:57:37+0200,4e74b68d-c003-4d56-be5d-5f0c265edc96,2026-07-28T18:45:00Z,2026-07-28T20:45:00+0200,8754.19,MW,BE,BE,forecast_load,Forecasted Load,2026-08-23T15:57:47Z
2026-08-23T15:57:37Z,2026-08-23T17:57:37+0200,4e74b68d-c003-4d56-be5d-5f0c265edc96,2026-07-28T19:00:00Z,2026-07-28T21:00:00+0200,8722.69,MW,BE,BE,forecast_load,Forecasted Load,2026-08-23T15:57:47Z
2026-08-23T15:57:37Z,2026-08-23T17:57:37+0200,4e74b68d-c003-4d56-be5d-5f0c265edc96,2026-07-28T19:15:00Z,2026-07-28T21:15:00+0200,8653.86,MW,BE,BE,forecast_load,Forecasted Load,2026-08-23T15:57:47Z
2026-08-23T15:57:37Z,2026-08-23T17:57:37+0200,4e74b68d-c003-4d56-be5d-5f0c265edc96,2026-07-28T19:30:00Z,2026-07-28T21:30:00+0200,8630.72,MW,BE,BE,forecast_load,Forecasted Load,2026-08-23T15:57:47Z
2026-08-23T15:57:37Z,2026-08-23T17:57:37+0200,4e74b68d-c003-4d56-be5d-5f0c265edc96,2026-07-28T19:45:00Z,2026-07-28T21:45:00+0200,8639.08,MW,BE,BE,forecast_load,Forecasted Load,2026-08-23T15:57:47Z
2026-08-23T15:57:37Z,2026-08-23T17:57:37+0200,4e74b68d-c003-4d56-be5d-5f0c265edc96,2026-07-28T20:00:00Z,2026-07-28T22:00:00+0200,8660.8,MW,BE,BE,forecast_load,Forecasted Load,2026-08-23T15:57:47Z
2026-08-23T15:57:37Z,2026-08-23T17:57:37+0200,4e74b68d-c003-4d56-be5d-5f0c265edc96,2026-07-28T20:15:00Z,2026-07-28T22:15:00+0200,8704.98,MW,BE,BE,forecast_load,Forecasted Load,2026-08-23T15:57:47Z
2026-08-23T15:57:37Z,2026-08-23T17:57:37+0200,4e74b68d-c003-4d56-be5d-5f0c265edc96,2026-07-28T20:30:00Z,2026-07-28T22:30:00+0200,8663.72,MW,BE,BE,forecast_load,Forecasted Load,2026-08-23T15:57:47Z
2026-08-23T15:57:37Z,2026-08-23T17:57:37+0200,4e74b68d-c003-4d56-be5d-5f0c265edc96,2026-07-28T20:45:00Z,2026-07-28T22:45:00+0200,8605.84,MW,BE,BE,forecast_load,Forecasted Load,2026-08-23T15:57:47Z
2026-08-23T15:57:37Z,2026-08-23T17:57:37+0200,4e74b68d-c003-4d56-be5d-5f0c265edc96,2026-07-28T21:00:00Z,2026-07-28T23:00:00+0200,8420.61,MW,BE,BE,forecast_load,Forecasted Load,2026-08-23T15:57:47Z
2026-08-23T15:57:37Z,2026-08-23T17:57:37+0200,4e74b68d-c003-4d56-be5d-5f0c265edc96,2026-07-28T21:15:00Z,2026-07-28T23:15:00+0200,8320.41,MW,BE,BE,forecast_load,Forecasted Load,2026-08-23T15:57:47Z
2026-08-23T15:57:37Z,2026-08-23T17:57:37+0200,4e74b68d-c003-4d56-be5d-5f0c265edc96,2026-07-28T21:30:00Z,2026-07-28T23:30:00+0200,8194.58,MW,BE,BE,forecast_load,Forecasted Load,2026-08-23T15:57:47Z
2026-08-23T15:57:37Z,2026-08-23T17:57:37+0200,4e74b68d-c003-4d56-be5d-5f0c265edc96,2026-07-28T21:45:00Z,2026-07-28T23:45:00+0200,8109.99,MW,BE,BE,forecast_load,Forecasted Load,2026-08-23T15:57:47Z
2026-08-23T15:57:37Z,2026-08-23T17:57:37+0200,4e74b68d-c003-4d56-be5d-5f0c265edc96,2026-07-28T22:00:00Z,2026-07-29T00:00:00+0200,8192.11,MW,BE,BE,forecast_load,Forecasted Load,2026-08-23T15:57:47Z
2026-08-23T15:57:37Z,2026-08-23T17:57:37+0200,4e74b68d-c003-4d56-be5d-5f0c265edc96,2026-07-28T22:15:00Z,2026-07-29T00:15:00+0200,8079.62,MW,BE,BE,forecast_load,Forecasted Load,2026-08-23T15:57:47Z
2026-08-23T15:57:37Z,2026-08-23T17:57:37+0200,4e74b68d-c003-4d56-be5d-5f0c265edc96,2026-07-28T22:30:00Z,2026-07-29T00:30:00+0200,7982.4,MW,BE,BE,forecast_load,Forecasted Load,2026-08-23T15:57:47Z
2026-08-23T15:57:37Z,2026-08-23T17:57:37+0200,4e74b68d-c003-4d56-be5d-5f0c265edc96,2026-07-28T22:45:00Z,2026-07-29T00:45:00+0200,7928.42,MW,BE,BE,forecast_load,Forecasted Load,2026-08-23T15:57:47Z
2026-08-23T15:57:37Z,2026-08-23T17:57:37+0200,4e74b68d-c003-4d56-be5d-5f0c265edc96,2026-07-28T23:00:00Z,2026-07-29T01:00:00+0200,7889.99,MW,BE,BE,forecast_load,Forecasted Load,2026-08-23T15:57:47Z
2026-08-23T15:57:37Z,2026-08-23T17:57:37+0200,4e74b68d-c003-4d56-be5d-5f0c265edc96,2026-07-28T23:15:00Z,2026-07-29T01:15:00+0200,7813.98,MW,BE,BE,forecast_load,Forecasted Load,2026-08-23T15:57:47Z
2026-08-23T15:57:37Z,2026-08-23T17:57:37+0200,4e74b68d-c003-4d56-be5d-5f0c265edc96,2026-07-28T23:30:00Z,2026-07-29T01:30:00+0200,7714.6,MW,BE,BE,forecast_load,Forecasted Load,2026-08-23T15:57:47Z
2026-08-23T15:57:37Z,2026-08-23T17:57:37+0200,4e74b68d-c003-4d56-be5d-5f0c265edc96,2026-07-28T23:45:00Z,2026-07-29T01:45:00+0200,7649.96,MW,BE,BE,forecast_load,Forecasted Load,2026-08-23T15:57:47Z
2026-08-23T15:57:37Z,2026-08-23T17:57:37+0200,4e74b68d-c003-4d56-be5d-5f0c265edc96,2026-07-29T00:00:00Z,2026-07-29T02:00:00+0200,7543.46,MW,BE,BE,forecast_load,Forecasted Load,2026-08-23T15:57:47Z
2026-08-23T15:57:37Z,2026-08-23T17:57:37+0200,4e74b68d-c003-4d56-be5d-5f0c265edc96,2026-07-29T00:15:00Z,2026-07-29T02:15:00+0200,7515.44,MW,BE,BE,forecast_load,Forecasted Load,2026-08-23T15:57:47Z
2026-08-23T15:57:37Z,2026-08-23T17:57:37+0200,4e74b68d-c003-4d56-be5d-5f0c265edc96,2026-07-29T00:30:00Z,2026-07-29T02:30:00+0200,7494.97,MW,BE,BE,forecast_load,Forecasted Load,2026-08-23T15:57:47Z
2026-08-23T15:57:37Z,2026-08-23T17:57:37+0200,4e74b68d-c003-4d56-be5d-5f0c265edc96,2026-07-29T00:45:00Z,2026-07-29T02:45:00+0200,7462.37,MW,BE,BE,forecast_load,Forecasted Load,2026-08-23T15:57:47Z
2026-08-23T15:57:37Z,2026-08-23T17:57:37+0200,4e74b68d-c003-4d56-be5d-5f0c265edc96,2026-07-29T01:00:00Z,2026-07-29T03:00:00+0200,7459.59,MW,BE,BE,forecast_load,Forecasted Load,2026-08-23T15:57:47Z
2026-08-23T15:57:37Z,2026-08-23T17:57:37+0200,4e74b68d-c003-4d56-be5d-5f0c265edc96,2026-07-29T01:15:00Z,2026-07-29T03:15:00+0200,7457.86,MW,BE,BE,forecast_load,Forecasted Load,2026-08-23T15:57:47Z
2026-08-23T15:57:37Z,2026-08-23T17:57:37+0200,4e74b68d-c003-4d56-be5d-5f0c265edc96,2026-07-29T01:30:00Z,2026-07-29T03:30:00+0200,7439.88,MW,BE,BE,forecast_load,Forecasted Load,2026-08-23T15:57:47Z
2026-08-23T15:57:37Z,2026-08-23T17:57:37+0200,4e74b68d-c003-4d56-be5d-5f0c265edc96,2026-07-29T01:45:00Z,2026-07-29T03:45:00+0200,7415.4,MW,BE,BE,forecast_load,Forecasted Load,2026-08-23T15:57:47Z
2026-08-23T15:57:37Z,2026-08-23T17:57:37+0200,4e74b68d-c003-4d56-be5d-5f0c265edc96,2026-07-29T02:00:00Z,2026-07-29T04:00:00+0200,7426.03,MW,BE,BE,forecast_load,Forecasted Load,2026-08-23T15:57:47Z
2026-08-23T15:57:37Z,2026-08-23T17:57:37+0200,4e74b68d-c003-4d56-be5d-5f0c265edc96,2026-07-29T02:15:00Z,2026-07-29T04:15:00+0200,7413.4,MW,BE,BE,forecast_load,Forecasted Load,2026-08-23T15:57:47Z
2026-08-23T15:57:37Z,2026-08-23T17:57:37+0200,4e74b68d-c003-4d56-be5d-5f0c265edc96,2026-07-29T02:30:00Z,2026-07-29T04:30:00+0200,7407.03,MW,BE,BE,forecast_load,Forecasted Load,2026-08-23T15:57:47Z
2026-08-23T15:57:37Z,2026-08-23T17:57:37+0200,4e74b68d-c003-4d56-be5d-5f0c265edc96,2026-07-29T02:45:00Z,2026-07-29T04:45:00+0200,7433.44,MW,BE,BE,forecast_load,Forecasted Load,2026-08-23T15:57:47Z
2026-08-23T15:57:37Z,2026-08-23T17:57:37+0200,4e74b68d-c003-4d56-be5d-5f0c265edc96,2026-07-29T03:00:00Z,2026-07-29T05:00:00+0200,7472.88,MW,BE,BE,forecast_load,Forecasted Load,2026-08-23T15:57:47Z
2026-08-23T15:57:37Z,2026-08-23T17:57:37+0200,4e74b68d-c003-4d56-be5d-5f0c265edc96,2026-07-29T03:15:00Z,2026-07-29T05:15:00+0200,7485.06,MW,BE,BE,forecast_load,Forecasted Load,2026-08-23T15:57:47Z
2026-08-23T15:57:37Z,2026-08-23T17:57:37+0200,4e74b68d-c003-4d56-be5d-5f0c265edc96,2026-07-29T03:30:00Z,2026-07-29T05:30:00+0200,7513.55,MW,BE,BE,forecast_load,Forecasted Load,2026-08-23T15:57:47Z
2026-08-23T15:57:37Z,2026-08-23T17:57:37+0200,4e74b68d-c003-4d56-be5d-5f0c265edc96,2026-07-29T03:45:00Z,2026-07-29T05:45:00+0200,7556.09,MW,BE,BE,forecast_load,Forecasted Load,2026-08-23T15:57:47Z
2026-08-23T15:57:37Z,2026-08-23T17:57:37+0200,4e74b68d-c003-4d56-be5d-5f0c265edc96,2026-07-29T04:00:00Z,2026-07-29T06:00:00+0200,7704.1,MW,BE,BE,forecast_load,Forecasted Load,2026-08-23T15:57:47Z
2026-08-23T15:57:37Z,2026-08-23T17:57:37+0200,4e74b68d-c003-4d56-be5d-5f0c265edc96,2026-07-29T04:15:00Z,2026-07-29T06:15:00+0200,7858.98,MW,BE,BE,forecast_load,Forecasted Load,2026-08-23T15:57:47Z
2026-08-23T15:57:37Z,2026-08-23T17:57:37+0200,4e74b68d-c003-4d56-be5d-5f0c265edc96,2026-07-29T04:30:00Z,2026-07-29T06:30:00+0200,8008.19,MW,BE,BE,forecast_load,Forecasted Load,2026-08-23T15:57:47Z
2026-08-23T15:57:37Z,2026-08-23T17:57:37+0200,4e74b68d-c003-4d56-be5d-5f0c265edc96,2026-07-29T04:45:00Z,2026-07-29T06:45:00+0200,8139.79,MW,BE,BE,forecast_load,Forecasted Load,2026-08-23T15:57:47Z
2026-08-23T15:57:37Z,2026-08-23T17:57:37+0200,4e74b68d-c003-4d56-be5d-5f0c265edc96,2026-07-29T05:00:00Z,2026-07-29T07:00:00+0200,8289.36,MW,BE,BE,forecast_load,Forecasted Load,2026-08-23T15:57:47Z
2026-08-23T15:57:37Z,2026-08-23T17:57:37+0200,4e74b68d-c003-4d56-be5d-5f0c265edc96,2026-07-29T05:15:00Z,2026-07-29T07:15:00+0200,8454.43,MW,BE,BE,forecast_load,Forecasted Load,2026-08-23T15:57:47Z
2026-08-23T15:57:37Z,2026-08-23T17:57:37+0200,4e74b68d-c003-4d56-be5d-5f0c265edc96,2026-07-29T05:30:00Z,2026-07-29T07:30:00+0200,8640.91,MW,BE,BE,forecast_load,Forecasted Load,2026-08-23T15:57:47Z
2026-08-23T15:57:37Z,2026-08-23T17:57:37+0200,4e74b68d-c003-4d56-be5d-5f0c265edc96,2026-07-29T05:45:00Z,2026-07-29T07:45:00+0200,8812.85,MW,BE,BE,forecast_load,Forecasted Load,2026-08-23T15:57:47Z
2026-08-23T15:57:37Z,2026-08-23T17:57:37+0200,4e74b68d-c003-4d56-be5d-5f0c265edc96,2026-07-29T06:00:00Z,2026-07-29T08:00:00+0200,8854.71,MW,BE,BE,forecast_load,Forecasted Load,2026-08-23T15:57:47Z
2026-08-23T15:57:37Z,2026-08-23T17:57:37+0200,4e74b68d-c003-4d56-be5d-5f0c265edc96,2026-07-29T06:15:00Z,2026-07-29T08:15:00+0200,9005.59,MW,BE,BE,forecast_load,Forecasted Load,2026-08-23T15:57:47Z
2026-08-23T15:57:37Z,2026-08-23T17:57:37+0200,4e74b68d-c003-4d56-be5d-5f0c265edc96,2026-07-29T06:30:00Z,2026-07-29T08:30:00+0200,9180.16,MW,BE,BE,forecast_load,Forecasted Load,2026-08-23T15:57:47Z
2026-08-23T15:57:37Z,2026-08-23T17:57:37+0200,4e74b68d-c003-4d56-be5d-5f0c265edc96,2026-07-29T06:45:00Z,2026-07-29T08:45:00+0200,9343.93,MW,BE,BE,forecast_load,Forecasted Load,2026-08-23T15:57:47Z
2026-08-23T15:57:37Z,2026-08-23T17:57:37+0200,4e74b68d-c003-4d56-be5d-5f0c265edc96,2026-07-29T07:00:00Z,2026-07-29T09:00:00+0200,9359.84,MW,BE,BE,forecast_load,Forecasted Load,2026-08-23T15:57:47Z
2026-08-23T15:57:37Z,2026-08-23T17:57:37+0200,4e74b68d-c003-4d56-be5d-5f0c265edc96,2026-07-29T07:15:00Z,2026-07-29T09:15:00+0200,9458.4,MW,BE,BE,forecast_load,Forecasted Load,2026-08-23T15:57:47Z
2026-08-23T15:57:37Z,2026-08-23T17:57:37+0200,4e74b68d-c003-4d56-be5d-5f0c265edc96,2026-07-29T07:30:00Z,2026-07-29T09:30:00+0200,9574.76,MW,BE,BE,forecast_load,Forecasted Load,2026-08-23T15:57:47Z
2026-08-23T15:57:37Z,2026-08-23T17:57:37+0200,4e74b68d-c003-4d56-be5d-5f0c265edc96,2026-07-29T07:45:00Z,2026-07-29T09:45:00+0200,9664.87,MW,BE,BE,forecast_load,Forecasted Load,2026-08-23T15:57:47Z
2026-08-23T15:57:37Z,2026-08-23T17:57:37+0200,4e74b68d-c003-4d56-be5d-5f0c265edc96,2026-07-29T08:00:00Z,2026-07-29T10:00:00+0200,9714.18,MW,BE,BE,forecast_load,Forecasted Load,2026-08-23T15:57:47Z
2026-08-23T15:57:37Z,2026-08-23T17:57:37+0200,4e74b68d-c003-4d56-be5d-5f0c265edc96,2026-07-29T08:15:00Z,2026-07-29T10:15:00+0200,9757.67,MW,BE,BE,forecast_load,Forecasted Load,2026-08-23T15:57:47Z
2026-08-23T15:57:37Z,2026-08-23T17:57:37+0200,4e74b68d-c003-4d56-be5d-5f0c265edc96,2026-07-29T08:30:00Z,2026-07-29T10:30:00+0200,9800.32,MW,BE,BE,forecast_load,Forecasted Load,2026-08-23T15:57:47Z
2026-08-23T15:57:37Z,2026-08-23T17:57:37+0200,4e74b68d-c003-4d56-be5d-5f0c265edc96,2026-07-29T08:45:00Z,2026-07-29T10:45:00+0200,9870.88,MW,BE,BE,forecast_load,Forecasted Load,2026-08-23T15:57:47Z
2026-08-23T15:57:37Z,2026-08-23T17:57:37+0200,4e74b68d-c003-4d56-be5d-5f0c265edc96,2026-07-29T09:00:00Z,2026-07-29T11:00:00+0200,9786.83,MW,BE,BE,forecast_load,Forecasted Load,2026-08-23T15:57:47Z
2026-08-23T15:57:37Z,2026-08-23T17:57:37+0200,4e74b68d-c003-4d56-be5d-5f0c265edc96,2026-07-29T09:15:00Z,2026-07-29T11:15:00+0200,9823.52,MW,BE,BE,forecast_load,Forecasted Load,2026-08-23T15:57:47Z
2026-08-23T15:57:37Z,2026-08-23T17:57:37+0200,4e74b68d-c003-4d56-be5d-5f0c265edc96,2026-07-29T09:30:00Z,2026-07-29T11:30:00+0200,9898.15,MW,BE,BE,forecast_load,Forecasted Load,2026-08-23T15:57:47Z
2026-08-23T15:57:37Z,2026-08-23T17:57:37+0200,4e74b68d-c003-4d56-be5d-5f0c265edc96,2026-07-29T09:45:00Z,2026-07-29T11:45:00+0200,9991.39,MW,BE,BE,forecast_load,Forecasted Load,2026-08-23T15:57:47Z
2026-08-23T15:57:37Z,2026-08-23T17:57:37+0200,4e74b68d-c003-4d56-be5d-5f0c265edc96,2026-07-29T10:00:00Z,2026-07-29T12:00:00+0200,9875.96,MW,BE,BE,forecast_load,Forecasted Load,2026-08-23T15:57:47Z
2026-08-23T15:57:37Z,2026-08-23T17:57:37+0200,4e74b68d-c003-4d56-be5d-5f0c265edc96,2026-07-29T10:15:00Z,2026-07-29T12:15:00+0200,9860.62,MW,BE,BE,forecast_load,Forecasted Load,2026-08-23T15:57:47Z
2026-08-23T15:57:37Z,2026-08-23T17:57:37+0200,4e74b68d-c003-4d56-be5d-5f0c265edc96,2026-07-29T10:30:00Z,2026-07-29T12:30:00+0200,9880.29,MW,BE,BE,forecast_load,Forecasted Load,2026-08-23T15:57:47Z
2026-08-23T15:57:37Z,2026-08-23T17:57:37+0200,4e74b68d-c003-4d56-be5d-5f0c265edc96,2026-07-29T10:45:00Z,2026-07-29T12:45:00+0200,9967.88,MW,BE,BE,forecast_load,Forecasted Load,2026-08-23T15:57:47Z
2026-08-23T15:57:37Z,2026-08-23T17:57:37+0200,4e74b68d-c003-4d56-be5d-5f0c265edc96,2026-07-29T11:00:00Z,2026-07-29T13:00:00+0200,9994.56,MW,BE,BE,forecast_load,Forecasted Load,2026-08-23T15:57:47Z
2026-08-23T15:57:37Z,2026-08-23T17:57:37+0200,4e74b68d-c003-4d56-be5d-5f0c265edc96,2026-07-29T11:15:00Z,2026-07-29T13:15:00+0200,10021.9,MW,BE,BE,forecast_load,Forecasted Load,2026-08-23T15:57:47Z
2026-08-23T15:57:37Z,2026-08-23T17:57:37+0200,4e74b68d-c003-4d56-be5d-5f0c265edc96,2026-07-29T11:30:00Z,2026-07-29T13:30:00+0200,10030.39,MW,BE,BE,forecast_load,Forecasted Load,2026-08-23T15:57:47Z
2026-08-23T15:57:37Z,2026-08-23T17:57:37+0200,4e74b68d-c003-4d56-be5d-5f0c265edc96,2026-07-29T11:45:00Z,2026-07-29T13:45:00+0200,9930.25,MW,BE,BE,forecast_load,Forecasted Load,2026-08-23T15:57:47Z
2026-08-23T15:57:37Z,2026-08-23T17:57:37+0200,4e74b68d-c003-4d56-be5d-5f0c265edc96,2026-07-29T12:00:00Z,2026-07-29T14:00:00+0200,9892.18,MW,BE,BE,forecast_load,Forecasted Load,2026-08-23T15:57:47Z
2026-08-23T15:57:37Z,2026-08-23T17:57:37+0200,4e74b68d-c003-4d56-be5d-5f0c265edc96,2026-07-29T12:15:00Z,2026-07-29T14:15:00+0200,9884.32,MW,BE,BE,forecast_load,Forecasted Load,2026-08-23T15:57:47Z
2026-08-23T15:57:37Z,2026-08-23T17:57:37+0200,4e74b68d-c003-4d56-be5d-5f0c265edc96,2026-07-29T12:30:00Z,2026-07-29T14:30:00+0200,9819.73,MW,BE,BE,forecast_load,Forecasted Load,2026-08-23T15:57:47Z
2026-08-23T15:57:37Z,2026-08-23T17:57:37+0200,4e74b68d-c003-4d56-be5d-5f0c265edc96,2026-07-29T12:45:00Z,2026-07-29T14:45:00+0200,9795.49,MW,BE,BE,forecast_load,Forecasted Load,2026-08-23T15:57:47Z
2026-08-23T15:57:37Z,2026-08-23T17:57:37+0200,4e74b68d-c003-4d56-be5d-5f0c265edc96,2026-07-29T13:00:00Z,2026-07-29T15:00:00+0200,9807.95,MW,BE,BE,forecast_load,Forecasted Load,2026-08-23T15:57:47Z
2026-08-23T15:57:37Z,2026-08-23T17:57:37+0200,4e74b68d-c003-4d56-be5d-5f0c265edc96,2026-07-29T13:15:00Z,2026-07-29T15:15:00+0200,9727.11,MW,BE,BE,forecast_load,Forecasted Load,2026-08-23T15:57:47Z
2026-08-23T15:57:37Z,2026-08-23T17:57:37+0200,4e74b68d-c003-4d56-be5d-5f0c265edc96,2026-07-29T13:30:00Z,2026-07-29T15:30:00+0200,9645.23,MW,BE,BE,forecast_load,Forecasted Load,2026-08-23T15:57:47Z
2026-08-23T15:57:37Z,2026-08-23T17:57:37+0200,4e74b68d-c003-4d56-be5d-5f0c265edc96,2026-07-29T13:45:00Z,2026-07-29T15:45:00+0200,9560.86,MW,BE,BE,forecast_load,Forecasted Load,2026-08-23T15:57:47Z
2026-08-23T15:57:37Z,2026-08-23T17:57:37+0200,4e74b68d-c003-4d56-be5d-5f0c265edc96,2026-07-29T14:00:00Z,2026-07-29T16:00:00+0200,9756.54,MW,BE,BE,forecast_load,Forecasted Load,2026-08-23T15:57:47Z
2026-08-23T15:57:37Z,2026-08-23T17:57:37+0200,4e74b68d-c003-4d56-be5d-5f0c265edc96,2026-07-29T14:15:00Z,2026-07-29T16:15:00+0200,9649.5,MW,BE,BE,forecast_load,Forecasted Load,2026-08-23T15:57:47Z
2026-08-23T15:57:37Z,2026-08-23T17:57:37+0200,4e74b68d-c003-4d56-be5d-5f0c265edc96,2026-07-29T14:30:00Z,2026-07-29T16:30:00+0200,9622.55,MW,BE,BE,forecast_load,Forecasted Load,2026-08-23T15:57:47Z
2026-08-23T15:57:37Z,2026-08-23T17:57:37+0200,4e74b68d-c003-4d56-be5d-5f0c265edc96,2026-07-29T14:45:00Z,2026-07-29T16:45:00+0200,9567.04,MW,BE,BE,forecast_load,Forecasted Load,2026-08-23T15:57:47Z
2026-08-23T15:57:37Z,2026-08-23T17:57:37+0200,4e74b68d-c003-4d56-be5d-5f0c265edc96,2026-07-29T15:00:00Z,2026-07-29T17:00:00+0200,9879.72,MW,BE,BE,forecast_load,Forecasted Load,2026-08-23T15:57:47Z
2026-08-23T15:57:37Z,2026-08-23T17:57:37+0200,4e74b68d-c003-4d56-be5d-5f0c265edc96,2026-07-29T15:15:00Z,2026-07-29T17:15:00+0200,9782.31,MW,BE,BE,forecast_load,Forecasted Load,2026-08-23T15:57:47Z
2026-08-23T15:57:37Z,2026-08-23T17:57:37+0200,4e74b68d-c003-4d56-be5d-5f0c265edc96,2026-07-29T15:30:00Z,2026-07-29T17:30:00+0200,9790.63,MW,BE,BE,forecast_load,Forecasted Load,2026-08-23T15:57:47Z
2026-08-23T15:57:37Z,2026-08-23T17:57:37+0200,4e74b68d-c003-4d56-be5d-5f0c265edc96,2026-07-29T15:45:00Z,2026-07-29T17:45:00+0200,9742.79,MW,BE,BE,forecast_load,Forecasted Load,2026-08-23T15:57:47Z
2026-08-23T15:57:37Z,2026-08-23T17:57:37+0200,4e74b68d-c003-4d56-be5d-5f0c265edc96,2026-07-29T16:00:00Z,2026-07-29T18:00:00+0200,9899.36,MW,BE,BE,forecast_load,Forecasted Load,2026-08-23T15:57:47Z
2026-08-23T15:57:37Z,2026-08-23T17:57:37+0200,4e74b68d-c003-4d56-be5d-5f0c265edc96,2026-07-29T16:15:00Z,2026-07-29T18:15:00+0200,9833.01,MW,BE,BE,forecast_load,Forecasted Load,2026-08-23T15:57:47Z
2026-08-23T15:57:37Z,2026-08-23T17:57:37+0200,4e74b68d-c003-4d56-be5d-5f0c265edc96,2026-07-29T16:30:00Z,2026-07-29T18:30:00+0200,9796.38,MW,BE,BE,forecast_load,Forecasted Load,2026-08-23T15:57:47Z
2026-08-23T15:57:37Z,2026-08-23T17:57:37+0200,4e74b68d-c003-4d56-be5d-5f0c265edc96,2026-07-29T16:45:00Z,2026-07-29T18:45:00+0200,9729.52,MW,BE,BE,forecast_load,Forecasted Load,2026-08-23T15:57:47Z
2026-08-23T15:57:37Z,2026-08-23T17:57:37+0200,4e74b68d-c003-4d56-be5d-5f0c265edc96,2026-07-29T17:00:00Z,2026-07-29T19:00:00+0200,9720.01,MW,BE,BE,forecast_load,Forecasted Load,2026-08-23T15:57:47Z
2026-08-23T15:57:37Z,2026-08-23T17:57:37+0200,4e74b68d-c003-4d56-be5d-5f0c265edc96,2026-07-29T17:15:00Z,2026-07-29T19:15:00+0200,9619.27,MW,BE,BE,forecast_load,Forecasted Load,2026-08-23T15:57:47Z
2026-08-23T15:57:37Z,2026-08-23T17:57:37+0200,4e74b68d-c003-4d56-be5d-5f0c265edc96,2026-07-29T17:30:00Z,2026-07-29T19:30:00+0200,9567.5,MW,BE,BE,forecast_load,Forecasted Load,2026-08-23T15:57:47Z
2026-08-23T15:57:37Z,2026-08-23T17:57:37+0200,4e74b68d-c003-4d56-be5d-5f0c265edc96,2026-07-29T17:45:00Z,2026-07-29T19:45:00+0200,9559.58,MW,BE,BE,forecast_load,Forecasted Load,2026-08-23T15:57:47Z
2026-08-23T15:57:37Z,2026-08-23T17:57:37+0200,4e74b68d-c003-4d56-be5d-5f0c265edc96,2026-07-29T18:00:00Z,2026-07-29T20:00:00+0200,9551.47,MW,BE,BE,forecast_load,Forecasted Load,2026-08-23T15:57:47Z
2026-08-23T15:57:37Z,2026-08-23T17:57:37+0200,4e74b68d-c003-4d56-be5d-5f0c265edc96,2026-07-29T18:15:00Z,2026-07-29T20:15:00+0200,9471.83,MW,BE,BE,forecast_load,Forecasted Load,2026-08-23T15:57:47Z
2026-08-23T15:57:37Z,2026-08-23T17:57:37+0200,4e74b68d-c003-4d56-be5d-5f0c265edc96,2026-07-29T18:30:00Z,2026-07-29T20:30:00+0200,9397.87,MW,BE,BE,forecast_load,Forecasted Load,2026-08-23T15:57:47Z
2026-08-23T15:57:37Z,2026-08-23T17:57:37+0200,4e74b68d-c003-4d56-be5d-5f0c265edc96,2026-07-29T18:45:00Z,2026-07-29T20:45:00+0200,9320.8,MW,BE,BE,forecast_load,Forecasted Load,2026-08-23T15:57:47Z
2026-08-23T15:57:37Z,2026-08-23T17:57:37+0200,4e74b68d-c003-4d56-be5d-5f0c265edc96,2026-07-29T19:00:00Z,2026-07-29T21:00:00+0200,9342.19,MW,BE,BE,forecast_load,Forecasted Load,2026-08-23T15:57:47Z
2026-08-23T15:57:37Z,2026-08-23T17:57:37+0200,4e74b68d-c003-4d56-be5d-5f0c265edc96,2026-07-29T19:15:00Z,2026-07-29T21:15:00+0200,9268.48,MW,BE,BE,forecast_load,Forecasted Load,2026-08-23T15:57:47Z
2026-08-23T15:57:37Z,2026-08-23T17:57:37+0200,4e74b68d-c003-4d56-be5d-5f0c265edc96,2026-07-29T19:30:00Z,2026-07-29T21:30:00+0200,9243.69,MW,BE,BE,forecast_load,Forecasted Load,2026-08-23T15:57:47Z
2026-08-23T15:57:37Z,2026-08-23T17:57:37+0200,4e74b68d-c003-4d56-be5d-5f0c265edc96,2026-07-29T19:45:00Z,2026-07-29T21:45:00+0200,9252.63,MW,BE,BE,forecast_load,Forecasted Load,2026-08-23T15:57:47Z
2026-08-23T15:57:37Z,2026-08-23T17:57:37+0200,4e74b68d-c003-4d56-be5d-5f0c265edc96,2026-07-29T20:00:00Z,2026-07-29T22:00:00+0200,9273.68,MW,BE,BE,forecast_load,Forecasted Load,2026-08-23T15:57:47Z
2026-08-23T15:57:37Z,2026-08-23T17:57:37+0200,4e74b68d-c003-4d56-be5d-5f0c265edc96,2026-07-29T20:15:00Z,2026-07-29T22:15:00+0200,9320.99,MW,BE,BE,forecast_load,Forecasted Load,2026-08-23T15:57:47Z
2026-08-23T15:57:37Z,2026-08-23T17:57:37+0200,4e74b68d-c003-4d56-be5d-5f0c265edc96,2026-07-29T20:30:00Z,2026-07-29T22:30:00+0200,9276.83,MW,BE,BE,forecast_load,Forecasted Load,2026-08-23T15:57:47Z
2026-08-23T15:57:37Z,2026-08-23T17:57:37+0200,4e74b68d-c003-4d56-be5d-5f0c265edc96,2026-07-29T20:45:00Z,2026-07-29T22:45:00+0200,9214.86,MW,BE,BE,forecast_load,Forecasted Load,2026-08-23T15:57:47Z
2026-08-23T15:57:37Z,2026-08-23T17:57:37+0200,4e74b68d-c003-4d56-be5d-5f0c265edc96,2026-07-29T21:00:00Z,2026-07-29T23:00:00+0200,8926.67,MW,BE,BE,forecast_load,Forecasted Load,2026-08-23T15:57:47Z
2026-08-23T15:57:37Z,2026-08-23T17:57:37+0200,4e74b68d-c003-4d56-be5d-5f0c265edc96,2026-07-29T21:15:00Z,2026-07-29T23:15:00+0200,8820.45,MW,BE,BE,forecast_load,Forecasted Load,2026-08-23T15:57:47Z
2026-08-23T15:57:37Z,2026-08-23T17:57:37+0200,4e74b68d-c003-4d56-be5d-5f0c265edc96,2026-07-29T21:30:00Z,2026-07-29T23:30:00+0200,8687.06,MW,BE,BE,forecast_load,Forecasted Load,2026-08-23T15:57:47Z
2026-08-23T15:57:37Z,2026-08-23T17:57:37+0200,4e74b68d-c003-4d56-be5d-5f0c265edc96,2026-07-29T21:45:00Z,2026-07-29T23:45:00+0200,8597.38,MW,BE,BE,forecast_load,Forecasted Load,2026-08-23T15:57:47Z
2026-08-23T15:57:37Z,2026-08-23T17:57:37+0200,4e74b68d-c003-4d56-be5d-5f0c265edc96,2026-07-29T22:00:00Z,2026-07-30T00:00:00+0200,8454.65,MW,BE,BE,forecast_load,Forecasted Load,2026-08-23T15:57:47Z
2026-08-23T15:57:37Z,2026-08-23T17:57:37+0200,4e74b68d-c003-4d56-be5d-5f0c265edc96,2026-07-29T22:15:00Z,2026-07-30T00:15:00+0200,8337.65,MW,BE,BE,forecast_load,Forecasted Load,2026-08-23T15:57:47Z
2026-08-23T15:57:37Z,2026-08-23T17:57:37+0200,4e74b68d-c003-4d56-be5d-5f0c265edc96,2026-07-29T22:30:00Z,2026-07-30T00:30:00+0200,8229.19,MW,BE,BE,forecast_load,Forecasted Load,2026-08-23T15:57:47Z
2026-08-23T15:57:37Z,2026-08-23T17:57:37+0200,4e74b68d-c003-4d56-be5d-5f0c265edc96,2026-07-29T22:45:00Z,2026-07-30T00:45:00+0200,8170.65,MW,BE,BE,forecast_load,Forecasted Load,2026-08-23T15:57:47Z
2026-08-23T15:57:37Z,2026-08-23T17:57:37+0200,4e74b68d-c003-4d56-be5d-5f0c265edc96,2026-07-29T23:00:00Z,2026-07-30T01:00:00+0200,8286.9,MW,BE,BE,forecast_load,Forecasted Load,2026-08-23T15:57:47Z
2026-08-23T15:57:37Z,2026-08-23T17:57:37+0200,4e74b68d-c003-4d56-be5d-5f0c265edc96,2026-07-29T23:15:00Z,2026-07-30T01:15:00+0200,8207.44,MW,BE,BE,forecast_load,Forecasted Load,2026-08-23T15:57:47Z
2026-08-23T15:57:37Z,2026-08-23T17:57:37+0200,4e74b68d-c003-4d56-be5d-5f0c265edc96,2026-07-29T23:30:00Z,2026-07-30T01:30:00+0200,8112.51,MW,BE,BE,forecast_load,Forecasted Load,2026-08-23T15:57:47Z
2026-08-23T15:57:37Z,2026-08-23T17:57:37+0200,4e74b68d-c003-4d56-be5d-5f0c265edc96,2026-07-29T23:45:00Z,2026-07-30T01:45:00+0200,8054.4,MW,BE,BE,forecast_load,Forecasted Load,2026-08-23T15:57:47Z
2026-08-23T15:57:37Z,2026-08-23T17:57:37+0200,4e74b68d-c003-4d56-be5d-5f0c265edc96,2026-07-30T00:00:00Z,2026-07-30T02:00:00+0200,7970.33,MW,BE,BE,forecast_load,Forecasted Load,2026-08-23T15:57:47Z
2026-08-23T15:57:37Z,2026-08-23T17:57:37+0200,4e74b68d-c003-4d56-be5d-5f0c265edc96,2026-07-30T00:15:00Z,2026-07-30T02:15:00+0200,7945.66,MW,BE,BE,forecast_load,Forecasted Load,2026-08-23T15:57:47Z
2026-08-23T15:57:37Z,2026-08-23T17:57:37+0200,4e74b68d-c003-4d56-be5d-5f0c265edc96,2026-07-30T00:30:00Z,2026-07-30T02:30:00+0200,7920.19,MW,BE,BE,forecast_load,Forecasted Load,2026-08-23T15:57:47Z
2026-08-23T15:57:37Z,2026-08-23T17:57:37+0200,4e74b68d-c003-4d56-be5d-5f0c265edc96,2026-07-30T00:45:00Z,2026-07-30T02:45:00+0200,7894.41,MW,BE,BE,forecast_load,Forecasted Load,2026-08-23T15:57:47Z
2026-08-23T15:57:37Z,2026-08-23T17:57:37+0200,4e74b68d-c003-4d56-be5d-5f0c265edc96,2026-07-30T01:00:00Z,2026-07-30T03:00:00+0200,7743.66,MW,BE,BE,forecast_load,Forecasted Load,2026-08-23T15:57:47Z
2026-08-23T15:57:37Z,2026-08-23T17:57:37+0200,4e74b68d-c003-4d56-be5d-5f0c265edc96,2026-07-30T01:15:00Z,2026-07-30T03:15:00+0200,7740.54,MW,BE,BE,forecast_load,Forecasted Load,2026-08-23T15:57:47Z
2026-08-23T15:57:37Z,2026-08-23T17:57:37+0200,4e74b68d-c003-4d56-be5d-5f0c265edc96,2026-07-30T01:30:00Z,2026-07-30T03:30:00+0200,7724.82,MW,BE,BE,forecast_load,Forecasted Load,2026-08-23T15:57:47Z
2026-08-23T15:57:37Z,2026-08-23T17:57:37+0200,4e74b68d-c003-4d56-be5d-5f0c265edc96,2026-07-30T01:45:00Z,2026-07-30T03:45:00+0200,7701.97,MW,BE,BE,forecast_load,Forecasted Load,2026-08-23T15:57:47Z
2026-08-23T15:57:37Z,2026-08-23T17:57:37+0200,4e74b68d-c003-4d56-be5d-5f0c265edc96,2026-07-30T02:00:00Z,2026-07-30T04:00:00+0200,7658.07,MW,BE,BE,forecast_load,Forecasted Load,2026-08-23T15:57:47Z
2026-08-23T15:57:37Z,2026-08-23T17:57:37+0200,4e74b68d-c003-4d56-be5d-5f0c265edc96,2026-07-30T02:15:00Z,2026-07-30T04:15:00+0200,7657.4,MW,BE,BE,forecast_load,Forecasted Load,2026-08-23T15:57:47Z
2026-08-23T15:57:37Z,2026-08-23T17:57:37+0200,4e74b68d-c003-4d56-be5d-5f0c265edc96,2026-07-30T02:30:00Z,2026-07-30T04:30:00+0200,7648.28,MW,BE,BE,forecast_load,Forecasted Load,2026-08-23T15:57:47Z
2026-08-23T15:57:37Z,2026-08-23T17:57:37+0200,4e74b68d-c003-4d56-be5d-5f0c265edc96,2026-07-30T02:45:00Z,2026-07-30T04:45:00+0200,7669.22,MW,BE,BE,forecast_load,Forecasted Load,2026-08-23T15:57:47Z
2026-08-23T15:57:37Z,2026-08-23T17:57:37+0200,4e74b68d-c003-4d56-be5d-5f0c265edc96,2026-07-30T03:00:00Z,2026-07-30T05:00:00+0200,7707.64,MW,BE,BE,forecast_load,Forecasted Load,2026-08-23T15:57:47Z
2026-08-23T15:57:37Z,2026-08-23T17:57:37+0200,4e74b68d-c003-4d56-be5d-5f0c265edc96,2026-07-30T03:15:00Z,2026-07-30T05:15:00+0200,7718.96,MW,BE,BE,forecast_load,Forecasted Load,2026-08-23T15:57:47Z
2026-08-23T15:57:37Z,2026-08-23T17:57:37+0200,4e74b68d-c003-4d56-be5d-5f0c265edc96,2026-07-30T03:30:00Z,2026-07-30T05:30:00+0200,7750.3,MW,BE,BE,forecast_load,Forecasted Load,2026-08-23T15:57:47Z
2026-08-23T15:57:37Z,2026-08-23T17:57:37+0200,4e74b68d-c003-4d56-be5d-5f0c265edc96,2026-07-30T03:45:00Z,2026-07-30T05:45:00+0200,7790.36,MW,BE,BE,forecast_load,Forecasted Load,2026-08-23T15:57:47Z
2026-08-23T15:57:37Z,2026-08-23T17:57:37+0200,4e74b68d-c003-4d56-be5d-5f0c265edc96,2026-07-30T04:00:00Z,2026-07-30T06:00:00+0200,7917.3,MW,BE,BE,forecast_load,Forecasted Load,2026-08-23T15:57:47Z
2026-08-23T15:57:37Z,2026-08-23T17:57:37+0200,4e74b68d-c003-4d56-be5d-5f0c265edc96,2026-07-30T04:15:00Z,2026-07-30T06:15:00+0200,8077.17,MW,BE,BE,forecast_load,Forecasted Load,2026-08-23T15:57:47Z
2026-08-23T15:57:37Z,2026-08-23T17:57:37+0200,4e74b68d-c003-4d56-be5d-5f0c265edc96,2026-07-30T04:30:00Z,2026-07-30T06:30:00+0200,8237.94,MW,BE,BE,forecast_load,Forecasted Load,2026-08-23T15:57:47Z
2026-08-23T15:57:37Z,2026-08-23T17:57:37+0200,4e74b68d-c003-4d56-be5d-5f0c265edc96,2026-07-30T04:45:00Z,2026-07-30T06:45:00+0200,8372.3,MW,BE,BE,forecast_load,Forecasted Load,2026-08-23T15:57:47Z
2026-08-23T15:57:37Z,2026-08-23T17:57:37+0200,4e74b68d-c003-4d56-be5d-5f0c265edc96,2026-07-30T05:00:00Z,2026-07-30T07:00:00+0200,8389.01,MW,BE,BE,forecast_load,Forecasted Load,2026-08-23T15:57:47Z
2026-08-23T15:57:37Z,2026-08-23T17:57:37+0200,4e74b68d-c003-4d56-be5d-5f0c265edc96,2026-07-30T05:15:00Z,2026-07-30T07:15:00+0200,8564.19,MW,BE,BE,forecast_load,Forecasted Load,2026-08-23T15:57:47Z
2026-08-23T15:57:37Z,2026-08-23T17:57:37+0200,4e74b68d-c003-4d56-be5d-5f0c265edc96,2026-07-30T05:30:00Z,2026-07-30T07:30:00+0200,8748.07,MW,BE,BE,forecast_load,Forecasted Load,2026-08-23T15:57:47Z
2026-08-23T15:57:37Z,2026-08-23T17:57:37+0200,4e74b68d-c003-4d56-be5d-5f0c265edc96,2026-07-30T05:45:00Z,2026-07-30T07:45:00+0200,8934.13,MW,BE,BE,forecast_load,Forecasted Load,2026-08-23T15:57:47Z
2026-08-23T15:57:37Z,2026-08-23T17:57:37+0200,4e74b68d-c003-4d56-be5d-5f0c265edc96,2026-07-30T06:00:00Z,2026-07-30T08:00:00+0200,9021.09,MW,BE,BE,forecast_load,Forecasted Load,2026-08-23T15:57:47Z
2026-08-23T15:57:37Z,2026-08-23T17:57:37+0200,4e74b68d-c003-4d56-be5d-5f0c265edc96,2026-07-30T06:15:00Z,2026-07-30T08:15:00+0200,9176.73,MW,BE,BE,forecast_load,Forecasted Load,2026-08-23T15:57:47Z
2026-08-23T15:57:37Z,2026-08-23T17:57:37+0200,4e74b68d-c003-4d56-be5d-5f0c265edc96,2026-07-30T06:30:00Z,2026-07-30T08:30:00+0200,9353.96,MW,BE,BE,forecast_load,Forecasted Load,2026-08-23T15:57:47Z
2026-08-23T15:57:37Z,2026-08-23T17:57:37+0200,4e74b68d-c003-4d56-be5d-5f0c265edc96,2026-07-30T06:45:00Z,2026-07-30T08:45:00+0200,9516.85,MW,BE,BE,forecast_load,Forecasted Load,2026-08-23T15:57:47Z
2026-08-23T15:57:37Z,2026-08-23T17:57:37+0200,4e74b68d-c003-4d56-be5d-5f0c265edc96,2026-07-30T07:00:00Z,2026-07-30T09:00:00+0200,9573.7,MW,BE,BE,forecast_load,Forecasted Load,2026-08-23T15:57:47Z
2026-08-23T15:57:37Z,2026-08-23T17:57:37+0200,4e74b68d-c003-4d56-be5d-5f0c265edc96,2026-07-30T07:15:00Z,2026-07-30T09:15:00+0200,9681.89,MW,BE,BE,forecast_load,Forecasted Load,2026-08-23T15:57:47Z
2026-08-23T15:57:37Z,2026-08-23T17:57:37+0200,4e74b68d-c003-4d56-be5d-5f0c265edc96,2026-07-30T07:30:00Z,2026-07-30T09:30:00+0200,9813.35,MW,BE,BE,forecast_load,Forecasted Load,2026-08-23T15:57:47Z
2026-08-23T15:57:37Z,2026-08-23T17:57:37+0200,4e74b68d-c003-4d56-be5d-5f0c265edc96,2026-07-30T07:45:00Z,2026-07-30T09:45:00+0200,9894.29,MW,BE,BE,forecast_load,Forecasted Load,2026-08-23T15:57:47Z
2026-08-23T15:57:37Z,2026-08-23T17:57:37+0200,4e74b68d-c003-4d56-be5d-5f0c265edc96,2026-07-30T08:00:00Z,2026-07-30T10:00:00+0200,9771.83,MW,BE,BE,forecast_load,Forecasted Load,2026-08-23T15:57:47Z
2026-08-23T15:57:37Z,2026-08-23T17:57:37+0200,4e74b68d-c003-4d56-be5d-5f0c265edc96,2026-07-30T08:15:00Z,2026-07-30T10:15:00+0200,9838.81,MW,BE,BE,forecast_load,Forecasted Load,2026-08-23T15:57:47Z
2026-08-23T15:57:37Z,2026-08-23T17:57:37+0200,4e74b68d-c003-4d56-be5d-5f0c265edc96,2026-07-30T08:30:00Z,2026-07-30T10:30:00+0200,9884.24,MW,BE,BE,forecast_load,Forecasted Load,2026-08-23T15:57:47Z
2026-08-23T15:57:37Z,2026-08-23T17:57:37+0200,4e74b68d-c003-4d56-be5d-5f0c265edc96,2026-07-30T08:45:00Z,2026-07-30T10:45:00+0200,9975.6,MW,BE,BE,forecast_load,Forecasted Load,2026-08-23T15:57:47Z
2026-08-23T15:57:37Z,2026-08-23T17:57:37+0200,4e74b68d-c003-4d56-be5d-5f0c265edc96,2026-07-30T09:00:00Z,2026-07-30T11:00:00+0200,9922.5,MW,BE,BE,forecast_load,Forecasted Load,2026-08-23T15:57:47Z
2026-08-23T15:57:37Z,2026-08-23T17:57:37+0200,4e74b68d-c003-4d56-be5d-5f0c265edc96,2026-07-30T09:15:00Z,2026-07-30T11:15:00+0200,9961.41,MW,BE,BE,forecast_load,Forecasted Load,2026-08-23T15:57:47Z
2026-08-23T15:57:37Z,2026-08-23T17:57:37+0200,4e74b68d-c003-4d56-be5d-5f0c265edc96,2026-07-30T09:30:00Z,2026-07-30T11:30:00+0200,10045.95,MW,BE,BE,forecast_load,Forecasted Load,2026-08-23T15:57:47Z
2026-08-23T15:57:37Z,2026-08-23T17:57:37+0200,4e74b68d-c003-4d56-be5d-5f0c265edc96,2026-07-30T09:45:00Z,2026-07-30T11:45:00+0200,10144.03,MW,BE,BE,forecast_load,Forecasted Load,2026-08-23T15:57:47Z
2026-08-23T15:57:37Z,2026-08-23T17:57:37+0200,4e74b68d-c003-4d56-be5d-5f0c265edc96,2026-07-30T10:00:00Z,2026-07-30T12:00:00+0200,9990.9,MW,BE,BE,forecast_load,Forecasted Load,2026-08-23T15:57:47Z
2026-08-23T15:57:37Z,2026-08-23T17:57:37+0200,4e74b68d-c003-4d56-be5d-5f0c265edc96,2026-07-30T10:15:00Z,2026-07-30T12:15:00+0200,9982.55,MW,BE,BE,forecast_load,Forecasted Load,2026-08-23T15:57:47Z
2026-08-23T15:57:37Z,2026-08-23T17:57:37+0200,4e74b68d-c003-4d56-be5d-5f0c265edc96,2026-07-30T10:30:00Z,2026-07-30T12:30:00+0200,9998.02,MW,BE,BE,forecast_load,Forecasted Load,2026-08-23T15:57:47Z
2026-08-23T15:57:37Z,2026-08-23T17:57:37+0200,4e74b68d-c003-4d56-be5d-5f0c265edc96,2026-07-30T10:45:00Z,2026-07-30T12:45:00+0200,10084.87,MW,BE,BE,forecast_load,Forecasted Load,2026-08-23T15:57:47Z
2026-08-23T15:57:37Z,2026-08-23T17:57:37+0200,4e74b68d-c003-4d56-be5d-5f0c265edc96,2026-07-30T11:00:00Z,2026-07-30T13:00:00+0200,9904.38,MW,BE,BE,forecast_load,Forecasted Load,2026-08-23T15:57:47Z
2026-08-23T15:57:37Z,2026-08-23T17:57:37+0200,4e74b68d-c003-4d56-be5d-5f0c265edc96,2026-07-30T11:15:00Z,2026-07-30T13:15:00+0200,9937.4,MW,BE,BE,forecast_load,Forecasted Load,2026-08-23T15:57:47Z
2026-08-23T15:57:37Z,2026-08-23T17:57:37+0200,4e74b68d-c003-4d56-be5d-5f0c265edc96,2026-07-30T11:30:00Z,2026-07-30T13:30:00+0200,9934.71,MW,BE,BE,forecast_load,Forecasted Load,2026-08-23T15:57:47Z
2026-08-23T15:57:37Z,2026-08-23T17:57:37+0200,4e74b68d-c003-4d56-be5d-5f0c265edc96,2026-07-30T11:45:00Z,2026-07-30T13:45:00+0200,9860.9,MW,BE,BE,forecast_load,Forecasted Load,2026-08-23T15:57:47Z
2026-08-23T15:57:37Z,2026-08-23T17:57:37+0200,4e74b68d-c003-4d56-be5d-5f0c265edc96,2026-07-30T12:00:00Z,2026-07-30T14:00:00+0200,9676.8,MW,BE,BE,forecast_load,Forecasted Load,2026-08-23T15:57:47Z
2026-08-23T15:57:37Z,2026-08-23T17:57:37+0200,4e74b68d-c003-4d56-be5d-5f0c265edc96,2026-07-30T12:15:00Z,2026-07-30T14:15:00+0200,9665.32,MW,BE,BE,forecast_load,Forecasted Load,2026-08-23T15:57:47Z
2026-08-23T15:57:37Z,2026-08-23T17:57:37+0200,4e74b68d-c003-4d56-be5d-5f0c265edc96,2026-07-30T12:30:00Z,2026-07-30T14:30:00+0200,9608.77,MW,BE,BE,forecast_load,Forecasted Load,2026-08-23T15:57:47Z
2026-08-23T15:57:37Z,2026-08-23T17:57:37+0200,4e74b68d-c003-4d56-be5d-5f0c265edc96,2026-07-30T12:45:00Z,2026-07-30T14:45:00+0200,9580.19,MW,BE,BE,forecast_load,Forecasted Load,2026-08-23T15:57:47Z
2026-08-23T15:57:37Z,2026-08-23T17:57:37+0200,4e74b68d-c003-4d56-be5d-5f0c265edc96,2026-07-30T13:00:00Z,2026-07-30T15:00:00+0200,9630.49,MW,BE,BE,forecast_load,Forecasted Load,2026-08-23T15:57:47Z
2026-08-23T15:57:37Z,2026-08-23T17:57:37+0200,4e74b68d-c003-4d56-be5d-5f0c265edc96,2026-07-30T13:15:00Z,2026-07-30T15:15:00+0200,9546.94,MW,BE,BE,forecast_load,Forecasted Load,2026-08-23T15:57:47Z
2026-08-23T15:57:37Z,2026-08-23T17:57:37+0200,4e74b68d-c003-4d56-be5d-5f0c265edc96,2026-07-30T13:30:00Z,2026-07-30T15:30:00+0200,9459.61,MW,BE,BE,forecast_load,Forecasted Load,2026-08-23T15:57:47Z
2026-08-23T15:57:37Z,2026-08-23T17:57:37+0200,4e74b68d-c003-4d56-be5d-5f0c265edc96,2026-07-30T13:45:00Z,2026-07-30T15:45:00+0200,9380.22,MW,BE,BE,forecast_load,Forecasted Load,2026-08-23T15:57:47Z
2026-08-23T15:57:37Z,2026-08-23T17:57:37+0200,4e74b68d-c003-4d56-be5d-5f0c265edc96,2026-07-30T14:00:00Z,2026-07-30T16:00:00+0200,9549.74,MW,BE,BE,forecast_load,Forecasted Load,2026-08-23T15:57:47Z
2026-08-23T15:57:37Z,2026-08-23T17:57:37+0200,4e74b68d-c003-4d56-be5d-5f0c265edc96,2026-07-30T14:15:00Z,2026-07-30T16:15:00+0200,9443.55,MW,BE,BE,forecast_load,Forecasted Load,2026-08-23T15:57:47Z
2026-08-23T15:57:37Z,2026-08-23T17:57:37+0200,4e74b68d-c003-4d56-be5d-5f0c265edc96,2026-07-30T14:30:00Z,2026-07-30T16:30:00+0200,9406.15,MW,BE,BE,forecast_load,Forecasted Load,2026-08-23T15:57:47Z
2026-08-23T15:57:37Z,2026-08-23T17:57:37+0200,4e74b68d-c003-4d56-be5d-5f0c265edc96,2026-07-30T14:45:00Z,2026-07-30T16:45:00+0200,9358.28,MW,BE,BE,forecast_load,Forecasted Load,2026-08-23T15:57:47Z
2026-08-23T15:57:37Z,2026-08-23T17:57:37+0200,4e74b68d-c003-4d56-be5d-5f0c265edc96,2026-07-30T15:00:00Z,2026-07-30T17:00:00+0200,9578.57,MW,BE,BE,forecast_load,Forecasted Load,2026-08-23T15:57:47Z
2026-08-23T15:57:37Z,2026-08-23T17:57:37+0200,4e74b68d-c003-4d56-be5d-5f0c265edc96,2026-07-30T15:15:00Z,2026-07-30T17:15:00+0200,9486.89,MW,BE,BE,forecast_load,Forecasted Load,2026-08-23T15:57:47Z
2026-08-23T15:57:37Z,2026-08-23T17:57:37+0200,4e74b68d-c003-4d56-be5d-5f0c265edc96,2026-07-30T15:30:00Z,2026-07-30T17:30:00+0200,9489.9,MW,BE,BE,forecast_load,Forecasted Load,2026-08-23T15:57:47Z
2026-08-23T15:57:37Z,2026-08-23T17:57:37+0200,4e74b68d-c003-4d56-be5d-5f0c265edc96,2026-07-30T15:45:00Z,2026-07-30T17:45:00+0200,9442.54,MW,BE,BE,forecast_load,Forecasted Load,2026-08-23T15:57:47Z
2026-08-23T15:57:37Z,2026-08-23T17:57:37+0200,4e74b68d-c003-4d56-be5d-5f0c265edc96,2026-07-30T16:00:00Z,2026-07-30T18:00:00+0200,9578.93,MW,BE,BE,forecast_load,Forecasted Load,2026-08-23T15:57:47Z
2026-08-23T15:57:37Z,2026-08-23T17:57:37+0200,4e74b68d-c003-4d56-be5d-5f0c265edc96,2026-07-30T16:15:00Z,2026-07-30T18:15:00+0200,9514.87,MW,BE,BE,forecast_load,Forecasted Load,2026-08-23T15:57:47Z
2026-08-23T15:57:37Z,2026-08-23T17:57:37+0200,4e74b68d-c003-4d56-be5d-5f0c265edc96,2026-07-30T16:30:00Z,2026-07-30T18:30:00+0200,9483.54,MW,BE,BE,forecast_load,Forecasted Load,2026-08-23T15:57:47Z
2026-08-23T15:57:37Z,2026-08-23T17:57:37+0200,4e74b68d-c003-4d56-be5d-5f0c265edc96,2026-07-30T16:45:00Z,2026-07-30T18:45:00+0200,9426.5,MW,BE,BE,forecast_load,Forecasted Load,2026-08-23T15:57:47Z
2026-08-23T15:57:37Z,2026-08-23T17:57:37+0200,4e74b68d-c003-4d56-be5d-5f0c265edc96,2026-07-30T17:00:00Z,2026-07-30T19:00:00+0200,9427.64,MW,BE,BE,forecast_load,Forecasted Load,2026-08-23T15:57:47Z
2026-08-23T15:57:37Z,2026-08-23T17:57:37+0200,4e74b68d-c003-4d56-be5d-5f0c265edc96,2026-07-30T17:15:00Z,2026-07-30T19:15:00+0200,9333.92,MW,BE,BE,forecast_load,Forecasted Load,2026-08-23T15:57:47Z
2026-08-23T15:57:37Z,2026-08-23T17:57:37+0200,4e74b68d-c003-4d56-be5d-5f0c265edc96,2026-07-30T17:30:00Z,2026-07-30T19:30:00+0200,9303.22,MW,BE,BE,forecast_load,Forecasted Load,2026-08-23T15:57:47Z
2026-08-23T15:57:37Z,2026-08-23T17:57:37+0200,4e74b68d-c003-4d56-be5d-5f0c265edc96,2026-07-30T17:45:00Z,2026-07-30T19:45:00+0200,9288.11,MW,BE,BE,forecast_load,Forecasted Load,2026-08-23T15:57:47Z
2026-08-23T15:57:37Z,2026-08-23T17:57:37+0200,4e74b68d-c003-4d56-be5d-5f0c265edc96,2026-07-30T18:00:00Z,2026-07-30T20:00:00+0200,9243.78,MW,BE,BE,forecast_load,Forecasted Load,2026-08-23T15:57:47Z
2026-08-23T15:57:37Z,2026-08-23T17:57:37+0200,4e74b68d-c003-4d56-be5d-5f0c265edc96,2026-07-30T18:15:00Z,2026-07-30T20:15:00+0200,9165.46,MW,BE,BE,forecast_load,Forecasted Load,2026-08-23T15:57:47Z
2026-08-23T15:57:37Z,2026-08-23T17:57:37+0200,4e74b68d-c003-4d56-be5d-5f0c265edc96,2026-07-30T18:30:00Z,2026-07-30T20:30:00+0200,9071.44,MW,BE,BE,forecast_load,Forecasted Load,2026-08-23T15:57:47Z
2026-08-23T15:57:37Z,2026-08-23T17:57:37+0200,4e74b68d-c003-4d56-be5d-5f0c265edc96,2026-07-30T18:45:00Z,2026-07-30T20:45:00+0200,8989.74,MW,BE,BE,forecast_load,Forecasted Load,2026-08-23T15:57:47Z
2026-08-23T15:57:37Z,2026-08-23T17:57:37+0200,4e74b68d-c003-4d56-be5d-5f0c265edc96,2026-07-30T19:00:00Z,2026-07-30T21:00:00+0200,8979.69,MW,BE,BE,forecast_load,Forecasted Load,2026-08-23T15:57:47Z
2026-08-23T15:57:37Z,2026-08-23T17:57:37+0200,4e74b68d-c003-4d56-be5d-5f0c265edc96,2026-07-30T19:15:00Z,2026-07-30T21:15:00+0200,8911.41,MW,BE,BE,forecast_load,Forecasted Load,2026-08-23T15:57:47Z
2026-08-23T15:57:37Z,2026-08-23T17:57:37+0200,4e74b68d-c003-4d56-be5d-5f0c265edc96,2026-07-30T19:30:00Z,2026-07-30T21:30:00+0200,8898.46,MW,BE,BE,forecast_load,Forecasted Load,2026-08-23T15:57:47Z
2026-08-23T15:57:37Z,2026-08-23T17:57:37+0200,4e74b68d-c003-4d56-be5d-5f0c265edc96,2026-07-30T19:45:00Z,2026-07-30T21:45:00+0200,8919.35,MW,BE,BE,forecast_load,Forecasted Load,2026-08-23T15:57:47Z
2026-08-23T15:57:37Z,2026-08-23T17:57:37+0200,4e74b68d-c003-4d56-be5d-5f0c265edc96,2026-07-30T20:00:00Z,2026-07-30T22:00:00+0200,8964.91,MW,BE,BE,forecast_load,Forecasted Load,2026-08-23T15:57:47Z
2026-08-23T15:57:37Z,2026-08-23T17:57:37+0200,4e74b68d-c003-4d56-be5d-5f0c265edc96,2026-07-30T20:15:00Z,2026-07-30T22:15:00+0200,9001.16,MW,BE,BE,forecast_load,Forecasted Load,2026-08-23T15:57:47Z
2026-08-23T15:57:37Z,2026-08-23T17:57:37+0200,4e74b68d-c003-4d56-be5d-5f0c265edc96,2026-07-30T20:30:00Z,2026-07-30T22:30:00+0200,8949.37,MW,BE,BE,forecast_load,Forecasted Load,2026-08-23T15:57:47Z
2026-08-23T15:57:37Z,2026-08-23T17:57:37+0200,4e74b68d-c003-4d56-be5d-5f0c265edc96,2026-07-30T20:45:00Z,2026-07-30T22:45:00+0200,8902.22,MW,BE,BE,forecast_load,Forecasted Load,2026-08-23T15:57:47Z
2026-08-23T15:57:37Z,2026-08-23T17:57:37+0200,4e74b68d-c003-4d56-be5d-5f0c265edc96,2026-07-30T21:00:00Z,2026-07-30T23:00:00+0200,8783.35,MW,BE,BE,forecast_load,Forecasted Load,2026-08-23T15:57:47Z
2026-08-23T15:57:37Z,2026-08-23T17:57:37+0200,4e74b68d-c003-4d56-be5d-5f0c265edc96,2026-07-30T21:15:00Z,2026-07-30T23:15:00+0200,8685.4,MW,BE,BE,forecast_load,Forecasted Load,2026-08-23T15:57:47Z
2026-08-23T15:57:37Z,2026-08-23T17:57:37+0200,4e74b68d-c003-4d56-be5d-5f0c265edc96,2026-07-30T21:30:00Z,2026-07-30T23:30:00+0200,8549.35,MW,BE,BE,forecast_load,Forecasted Load,2026-08-23T15:57:47Z
2026-08-23T15:57:37Z,2026-08-23T17:57:37+0200,4e74b68d-c003-4d56-be5d-5f0c265edc96,2026-07-30T21:45:00Z,2026-07-30T23:45:00+0200,8454.7,MW,BE,BE,forecast_load,Forecasted Load,2026-08-23T15:57:47Z
2026-08-23T15:57:37Z,2026-08-23T17:57:37+0200,4e74b68d-c003-4d56-be5d-5f0c265edc96,2026-07-30T22:00:00Z,2026-07-31T00:00:00+0200,8360.69,MW,BE,BE,forecast_load,Forecasted Load,2026-08-23T15:57:47Z
2026-08-23T15:57:37Z,2026-08-23T17:57:37+0200,4e74b68d-c003-4d56-be5d-5f0c265edc96,2026-07-30T22:15:00Z,2026-07-31T00:15:00+0200,8247.73,MW,BE,BE,forecast_load,Forecasted Load,2026-08-23T15:57:47Z
2026-08-23T15:57:37Z,2026-08-23T17:57:37+0200,4e74b68d-c003-4d56-be5d-5f0c265edc96,2026-07-30T22:30:00Z,2026-07-31T00:30:00+0200,8125.75,MW,BE,BE,forecast_load,Forecasted Load,2026-08-23T15:57:47Z
2026-08-23T15:57:37Z,2026-08-23T17:57:37+0200,4e74b68d-c003-4d56-be5d-5f0c265edc96,2026-07-30T22:45:00Z,2026-07-31T00:45:00+0200,8057.7,MW,BE,BE,forecast_load,Forecasted Load,2026-08-23T15:57:47Z
2026-08-23T15:57:37Z,2026-08-23T17:57:37+0200,4e74b68d-c003-4d56-be5d-5f0c265edc96,2026-07-30T23:00:00Z,2026-07-31T01:00:00+0200,8022.67,MW,BE,BE,forecast_load,Forecasted Load,2026-08-23T15:57:47Z
2026-08-23T15:57:37Z,2026-08-23T17:57:37+0200,4e74b68d-c003-4d56-be5d-5f0c265edc96,2026-07-30T23:15:00Z,2026-07-31T01:15:00+0200,7943.72,MW,BE,BE,forecast_load,Forecasted Load,2026-08-23T15:57:47Z
2026-08-23T15:57:37Z,2026-08-23T17:57:37+0200,4e74b68d-c003-4d56-be5d-5f0c265edc96,2026-07-30T23:30:00Z,2026-07-31T01:30:00+0200,7850.46,MW,BE,BE,forecast_load,Forecasted Load,2026-08-23T15:57:47Z
2026-08-23T15:57:37Z,2026-08-23T17:57:37+0200,4e74b68d-c003-4d56-be5d-5f0c265edc96,2026-07-30T23:45:00Z,2026-07-31T01:45:00+0200,7788.08,MW,BE,BE,forecast_load,Forecasted Load,2026-08-23T15:57:47Z
2026-08-23T15:57:37Z,2026-08-23T17:57:37+0200,4e74b68d-c003-4d56-be5d-5f0c265edc96,2026-07-31T00:00:00Z,2026-07-31T02:00:00+0200,7650.57,MW,BE,BE,forecast_load,Forecasted Load,2026-08-23T15:57:47Z
2026-08-23T15:57:37Z,2026-08-23T17:57:37+0200,4e74b68d-c003-4d56-be5d-5f0c265edc96,2026-07-31T00:15:00Z,2026-07-31T02:15:00+0200,7628.54,MW,BE,BE,forecast_load,Forecasted Load,2026-08-23T15:57:47Z
2026-08-23T15:57:37Z,2026-08-23T17:57:37+0200,4e74b68d-c003-4d56-be5d-5f0c265edc96,2026-07-31T00:30:00Z,2026-07-31T02:30:00+0200,7604.05,MW,BE,BE,forecast_load,Forecasted Load,2026-08-23T15:57:47Z
2026-08-23T15:57:37Z,2026-08-23T17:57:37+0200,4e74b68d-c003-4d56-be5d-5f0c265edc96,2026-07-31T00:45:00Z,2026-07-31T02:45:00+0200,7569.42,MW,BE,BE,forecast_load,Forecasted Load,2026-08-23T15:57:47Z
2026-08-23T15:57:37Z,2026-08-23T17:57:37+0200,4e74b68d-c003-4d56-be5d-5f0c265edc96,2026-07-31T01:00:00Z,2026-07-31T03:00:00+0200,7509.72,MW,BE,BE,forecast_load,Forecasted Load,2026-08-23T15:57:47Z
2026-08-23T15:57:37Z,2026-08-23T17:57:37+0200,4e74b68d-c003-4d56-be5d-5f0c265edc96,2026-07-31T01:15:00Z,2026-07-31T03:15:00+0200,7505.18,MW,BE,BE,forecast_load,Forecasted Load,2026-08-23T15:57:47Z
2026-08-23T15:57:37Z,2026-08-23T17:57:37+0200,4e74b68d-c003-4d56-be5d-5f0c265edc96,2026-07-31T01:30:00Z,2026-07-31T03:30:00+0200,7495.8,MW,BE,BE,forecast_load,Forecasted Load,2026-08-23T15:57:47Z
2026-08-23T15:57:37Z,2026-08-23T17:57:37+0200,4e74b68d-c003-4d56-be5d-5f0c265edc96,2026-07-31T01:45:00Z,2026-07-31T03:45:00+0200,7478.58,MW,BE,BE,forecast_load,Forecasted Load,2026-08-23T15:57:47Z
2026-08-23T15:57:37Z,2026-08-23T17:57:37+0200,4e74b68d-c003-4d56-be5d-5f0c265edc96,2026-07-31T02:00:00Z,2026-07-31T04:00:00+0200,7463.06,MW,BE,BE,forecast_load,Forecasted Load,2026-08-23T15:57:47Z
2026-08-23T15:57:37Z,2026-08-23T17:57:37+0200,4e74b68d-c003-4d56-be5d-5f0c265edc96,2026-07-31T02:15:00Z,2026-07-31T04:15:00+0200,7460.52,MW,BE,BE,forecast_load,Forecasted Load,2026-08-23T15:57:47Z
2026-08-23T15:57:37Z,2026-08-23T17:57:37+0200,4e74b68d-c003-4d56-be5d-5f0c265edc96,2026-07-31T02:30:00Z,2026-07-31T04:30:00+0200,7451.43,MW,BE,BE,forecast_load,Forecasted Load,2026-08-23T15:57:47Z
2026-08-23T15:57:37Z,2026-08-23T17:57:37+0200,4e74b68d-c003-4d56-be5d-5f0c265edc96,2026-07-31T02:45:00Z,2026-07-31T04:45:00+0200,7469.07,MW,BE,BE,forecast_load,Forecasted Load,2026-08-23T15:57:47Z
2026-08-23T15:57:37Z,2026-08-23T17:57:37+0200,4e74b68d-c003-4d56-be5d-5f0c265edc96,2026-07-31T03:00:00Z,2026-07-31T05:00:00+0200,7526.87,MW,BE,BE,forecast_load,Forecasted Load,2026-08-23T15:57:47Z
2026-08-23T15:57:37Z,2026-08-23T17:57:37+0200,4e74b68d-c003-4d56-be5d-5f0c265edc96,2026-07-31T03:15:00Z,2026-07-31T05:15:00+0200,7543.2,MW,BE,BE,forecast_load,Forecasted Load,2026-08-23T15:57:47Z
2026-08-23T15:57:37Z,2026-08-23T17:57:37+0200,4e74b68d-c003-4d56-be5d-5f0c265edc96,2026-07-31T03:30:00Z,2026-07-31T05:30:00+0200,7572.95,MW,BE,BE,forecast_load,Forecasted Load,2026-08-23T15:57:47Z
2026-08-23T15:57:37Z,2026-08-23T17:57:37+0200,4e74b68d-c003-4d56-be5d-5f0c265edc96,2026-07-31T03:45:00Z,2026-07-31T05:45:00+0200,7608.39,MW,BE,BE,forecast_load,Forecasted Load,2026-08-23T15:57:47Z
2026-08-23T15:57:37Z,2026-08-23T17:57:37+0200,4e74b68d-c003-4d56-be5d-5f0c265edc96,2026-07-31T04:00:00Z,2026-07-31T06:00:00+0200,7791.24,MW,BE,BE,forecast_load,Forecasted Load,2026-08-23T15:57:47Z
2026-08-23T15:57:37Z,2026-08-23T17:57:37+0200,4e74b68d-c003-4d56-be5d-5f0c265edc96,2026-07-31T04:15:00Z,2026-07-31T06:15:00+0200,7945.25,MW,BE,BE,forecast_load,Forecasted Load,2026-08-23T15:57:47Z
2026-08-23T15:57:37Z,2026-08-23T17:57:37+0200,4e74b68d-c003-4d56-be5d-5f0c265edc96,2026-07-31T04:30:00Z,2026-07-31T06:30:00+0200,8102.88,MW,BE,BE,forecast_load,Forecasted Load,2026-08-23T15:57:47Z
2026-08-23T15:57:37Z,2026-08-23T17:57:37+0200,4e74b68d-c003-4d56-be5d-5f0c265edc96,2026-07-31T04:45:00Z,2026-07-31T06:45:00+0200,8241.92,MW,BE,BE,forecast_load,Forecasted Load,2026-08-23T15:57:47Z
2026-08-23T15:57:37Z,2026-08-23T17:57:37+0200,4e74b68d-c003-4d56-be5d-5f0c265edc96,2026-07-31T05:00:00Z,2026-07-31T07:00:00+0200,8335.2,MW,BE,BE,forecast_load,Forecasted Load,2026-08-23T15:57:47Z
2026-08-23T15:57:37Z,2026-08-23T17:57:37+0200,4e74b68d-c003-4d56-be5d-5f0c265edc96,2026-07-31T05:15:00Z,2026-07-31T07:15:00+0200,8504.05,MW,BE,BE,forecast_load,Forecasted Load,2026-08-23T15:57:47Z
2026-08-23T15:57:37Z,2026-08-23T17:57:37+0200,4e74b68d-c003-4d56-be5d-5f0c265edc96,2026-07-31T05:30:00Z,2026-07-31T07:30:00+0200,8695.28,MW,BE,BE,forecast_load,Forecasted Load,2026-08-23T15:57:47Z
2026-08-23T15:57:37Z,2026-08-23T17:57:37+0200,4e74b68d-c003-4d56-be5d-5f0c265edc96,2026-07-31T05:45:00Z,2026-07-31T07:45:00+0200,8869.89,MW,BE,BE,forecast_load,Forecasted Load,2026-08-23T15:57:47Z
2026-08-23T15:57:37Z,2026-08-23T17:57:37+0200,4e74b68d-c003-4d56-be5d-5f0c265edc96,2026-07-31T06:00:00Z,2026-07-31T08:00:00+0200,8864.98,MW,BE,BE,forecast_load,Forecasted Load,2026-08-23T15:57:47Z
2026-08-23T15:57:37Z,2026-08-23T17:57:37+0200,4e74b68d-c003-4d56-be5d-5f0c265edc96,2026-07-31T06:15:00Z,2026-07-31T08:15:00+0200,9029.15,MW,BE,BE,forecast_load,Forecasted Load,2026-08-23T15:57:47Z
2026-08-23T15:57:37Z,2026-08-23T17:57:37+0200,4e74b68d-c003-4d56-be5d-5f0c265edc96,2026-07-31T06:30:00Z,2026-07-31T08:30:00+0200,9207.35,MW,BE,BE,forecast_load,Forecasted Load,2026-08-23T15:57:47Z
2026-08-23T15:57:37Z,2026-08-23T17:57:37+0200,4e74b68d-c003-4d56-be5d-5f0c265edc96,2026-07-31T06:45:00Z,2026-07-31T08:45:00+0200,9363.26,MW,BE,BE,forecast_load,Forecasted Load,2026-08-23T15:57:47Z
2026-08-23T15:57:37Z,2026-08-23T17:57:37+0200,4e74b68d-c003-4d56-be5d-5f0c265edc96,2026-07-31T07:00:00Z,2026-07-31T09:00:00+0200,9401.43,MW,BE,BE,forecast_load,Forecasted Load,2026-08-23T15:57:47Z
2026-08-23T15:57:37Z,2026-08-23T17:57:37+0200,4e74b68d-c003-4d56-be5d-5f0c265edc96,2026-07-31T07:15:00Z,2026-07-31T09:15:00+0200,9504.74,MW,BE,BE,forecast_load,Forecasted Load,2026-08-23T15:57:47Z
2026-08-23T15:57:37Z,2026-08-23T17:57:37+0200,4e74b68d-c003-4d56-be5d-5f0c265edc96,2026-07-31T07:30:00Z,2026-07-31T09:30:00+0200,9631.81,MW,BE,BE,forecast_load,Forecasted Load,2026-08-23T15:57:47Z
2026-08-23T15:57:37Z,2026-08-23T17:57:37+0200,4e74b68d-c003-4d56-be5d-5f0c265edc96,2026-07-31T07:45:00Z,2026-07-31T09:45:00+0200,9715.15,MW,BE,BE,forecast_load,Forecasted Load,2026-08-23T15:57:47Z
2026-08-23T15:57:37Z,2026-08-23T17:57:37+0200,4e74b68d-c003-4d56-be5d-5f0c265edc96,2026-07-31T08:00:00Z,2026-07-31T10:00:00+0200,9771.11,MW,BE,BE,forecast_load,Forecasted Load,2026-08-23T15:57:47Z
2026-08-23T15:57:37Z,2026-08-23T17:57:37+0200,4e74b68d-c003-4d56-be5d-5f0c265edc96,2026-07-31T08:15:00Z,2026-07-31T10:15:00+0200,9841.61,MW,BE,BE,forecast_load,Forecasted Load,2026-08-23T15:57:47Z
2026-08-23T15:57:37Z,2026-08-23T17:57:37+0200,4e74b68d-c003-4d56-be5d-5f0c265edc96,2026-07-31T08:30:00Z,2026-07-31T10:30:00+0200,9903.58,MW,BE,BE,forecast_load,Forecasted Load,2026-08-23T15:57:47Z
2026-08-23T15:57:37Z,2026-08-23T17:57:37+0200,4e74b68d-c003-4d56-be5d-5f0c265edc96,2026-07-31T08:45:00Z,2026-07-31T10:45:00+0200,10006.04,MW,BE,BE,forecast_load,Forecasted Load,2026-08-23T15:57:47Z
2026-08-23T15:57:37Z,2026-08-23T17:57:37+0200,4e74b68d-c003-4d56-be5d-5f0c265edc96,2026-07-31T09:00:00Z,2026-07-31T11:00:00+0200,10096.81,MW,BE,BE,forecast_load,Forecasted Load,2026-08-23T15:57:47Z
2026-08-23T15:57:37Z,2026-08-23T17:57:37+0200,4e74b68d-c003-4d56-be5d-5f0c265edc96,2026-07-31T09:15:00Z,2026-07-31T11:15:00+0200,10159.8,MW,BE,BE,forecast_load,Forecasted Load,2026-08-23T15:57:47Z
2026-08-23T15:57:37Z,2026-08-23T17:57:37+0200,4e74b68d-c003-4d56-be5d-5f0c265edc96,2026-07-31T09:30:00Z,2026-07-31T11:30:00+0200,10263.51,MW,BE,BE,forecast_load,Forecasted Load,2026-08-23T15:57:47Z
2026-08-23T15:57:37Z,2026-08-23T17:57:37+0200,4e74b68d-c003-4d56-be5d-5f0c265edc96,2026-07-31T09:45:00Z,2026-07-31T11:45:00+0200,10353.79,MW,BE,BE,forecast_load,Forecasted Load,2026-08-23T15:57:47Z
2026-08-23T15:57:37Z,2026-08-23T17:57:37+0200,4e74b68d-c003-4d56-be5d-5f0c265edc96,2026-07-31T10:00:00Z,2026-07-31T12:00:00+0200,10176.06,MW,BE,BE,forecast_load,Forecasted Load,2026-08-23T15:57:47Z
2026-08-23T15:57:37Z,2026-08-23T17:57:37+0200,4e74b68d-c003-4d56-be5d-5f0c265edc96,2026-07-31T10:15:00Z,2026-07-31T12:15:00+0200,10164.26,MW,BE,BE,forecast_load,Forecasted Load,2026-08-23T15:57:47Z
2026-08-23T15:57:37Z,2026-08-23T17:57:37+0200,4e74b68d-c003-4d56-be5d-5f0c265edc96,2026-07-31T10:30:00Z,2026-07-31T12:30:00+0200,10191.76,MW,BE,BE,forecast_load,Forecasted Load,2026-08-23T15:57:47Z
2026-08-23T15:57:37Z,2026-08-23T17:57:37+0200,4e74b68d-c003-4d56-be5d-5f0c265edc96,2026-07-31T10:45:00Z,2026-07-31T12:45:00+0200,10266.21,MW,BE,BE,forecast_load,Forecasted Load,2026-08-23T15:57:47Z
2026-08-23T15:57:37Z,2026-08-23T17:57:37+0200,4e74b68d-c003-4d56-be5d-5f0c265edc96,2026-07-31T11:00:00Z,2026-07-31T13:00:00+0200,9741.9,MW,BE,BE,forecast_load,Forecasted Load,2026-08-23T15:57:47Z
2026-08-23T15:57:37Z,2026-08-23T17:57:37+0200,4e74b68d-c003-4d56-be5d-5f0c265edc96,2026-07-31T11:15:00Z,2026-07-31T13:15:00+0200,9774.6,MW,BE,BE,forecast_load,Forecasted Load,2026-08-23T15:57:47Z
2026-08-23T15:57:37Z,2026-08-23T17:57:37+0200,4e74b68d-c003-4d56-be5d-5f0c265edc96,2026-07-31T11:30:00Z,2026-07-31T13:30:00+0200,9778.43,MW,BE,BE,forecast_load,Forecasted Load,2026-08-23T15:57:47Z
2026-08-23T15:57:37Z,2026-08-23T17:57:37+0200,4e74b68d-c003-4d56-be5d-5f0c265edc96,2026-07-31T11:45:00Z,2026-07-31T13:45:00+0200,9703.75,MW,BE,BE,forecast_load,Forecasted Load,2026-08-23T15:57:47Z
2026-08-23T15:57:37Z,2026-08-23T17:57:37+0200,4e74b68d-c003-4d56-be5d-5f0c265edc96,2026-07-31T12:00:00Z,2026-07-31T14:00:00+0200,9695.8,MW,BE,BE,forecast_load,Forecasted Load,2026-08-23T15:57:47Z
2026-08-23T15:57:37Z,2026-08-23T17:57:37+0200,4e74b68d-c003-4d56-be5d-5f0c265edc96,2026-07-31T12:15:00Z,2026-07-31T14:15:00+0200,9676.69,MW,BE,BE,forecast_load,Forecasted Load,2026-08-23T15:57:47Z
2026-08-23T15:57:37Z,2026-08-23T17:57:37+0200,4e74b68d-c003-4d56-be5d-5f0c265edc96,2026-07-31T12:30:00Z,2026-07-31T14:30:00+0200,9622.75,MW,BE,BE,forecast_load,Forecasted Load,2026-08-23T15:57:47Z
2026-08-23T15:57:37Z,2026-08-23T17:57:37+0200,4e74b68d-c003-4d56-be5d-5f0c265edc96,2026-07-31T12:45:00Z,2026-07-31T14:45:00+0200,9580.82,MW,BE,BE,forecast_load,Forecasted Load,2026-08-23T15:57:47Z
2026-08-23T15:57:37Z,2026-08-23T17:57:37+0200,4e74b68d-c003-4d56-be5d-5f0c265edc96,2026-07-31T13:00:00Z,2026-07-31T15:00:00+0200,9899.53,MW,BE,BE,forecast_load,Forecasted Load,2026-08-23T15:57:47Z
2026-08-23T15:57:37Z,2026-08-23T17:57:37+0200,4e74b68d-c003-4d56-be5d-5f0c265edc96,2026-07-31T13:15:00Z,2026-07-31T15:15:00+0200,9808.24,MW,BE,BE,forecast_load,Forecasted Load,2026-08-23T15:57:47Z
2026-08-23T15:57:37Z,2026-08-23T17:57:37+0200,4e74b68d-c003-4d56-be5d-5f0c265edc96,2026-07-31T13:30:00Z,2026-07-31T15:30:00+0200,9710.18,MW,BE,BE,forecast_load,Forecasted Load,2026-08-23T15:57:47Z
2026-08-23T15:57:37Z,2026-08-23T17:57:37+0200,4e74b68d-c003-4d56-be5d-5f0c265edc96,2026-07-31T13:45:00Z,2026-07-31T15:45:00+0200,9606.53,MW,BE,BE,forecast_load,Forecasted Load,2026-08-23T15:57:47Z
2026-08-23T15:57:37Z,2026-08-23T17:57:37+0200,4e74b68d-c003-4d56-be5d-5f0c265edc96,2026-07-31T14:00:00Z,2026-07-31T16:00:00+0200,9610.97,MW,BE,BE,forecast_load,Forecasted Load,2026-08-23T15:57:47Z
2026-08-23T15:57:37Z,2026-08-23T17:57:37+0200,4e74b68d-c003-4d56-be5d-5f0c265edc96,2026-07-31T14:15:00Z,2026-07-31T16:15:00+0200,9509.47,MW,BE,BE,forecast_load,Forecasted Load,2026-08-23T15:57:47Z
2026-08-23T15:57:37Z,2026-08-23T17:57:37+0200,4e74b68d-c003-4d56-be5d-5f0c265edc96,2026-07-31T14:30:00Z,2026-07-31T16:30:00+0200,9460.33,MW,BE,BE,forecast_load,Forecasted Load,2026-08-23T15:57:47Z
2026-08-23T15:57:37Z,2026-08-23T17:57:37+0200,4e74b68d-c003-4d56-be5d-5f0c265edc96,2026-07-31T14:45:00Z,2026-07-31T16:45:00+0200,9411.25,MW,BE,BE,forecast_load,Forecasted Load,2026-08-23T15:57:47Z
2026-08-23T15:57:37Z,2026-08-23T17:57:37+0200,4e74b68d-c003-4d56-be5d-5f0c265edc96,2026-07-31T15:00:00Z,2026-07-31T17:00:00+0200,9498.94,MW,BE,BE,forecast_load,Forecasted Load,2026-08-23T15:57:47Z
2026-08-23T15:57:37Z,2026-08-23T17:57:37+0200,4e74b68d-c003-4d56-be5d-5f0c265edc96,2026-07-31T15:15:00Z,2026-07-31T17:15:00+0200,9410.97,MW,BE,BE,forecast_load,Forecasted Load,2026-08-23T15:57:47Z
2026-08-23T15:57:37Z,2026-08-23T17:57:37+0200,4e74b68d-c003-4d56-be5d-5f0c265edc96,2026-07-31T15:30:00Z,2026-07-31T17:30:00+0200,9413.25,MW,BE,BE,forecast_load,Forecasted Load,2026-08-23T15:57:47Z
2026-08-23T15:57:37Z,2026-08-23T17:57:37+0200,4e74b68d-c003-4d56-be5d-5f0c265edc96,2026-07-31T15:45:00Z,2026-07-31T17:45:00+0200,9371.76,MW,BE,BE,forecast_load,Forecasted Load,2026-08-23T15:57:47Z
2026-08-23T15:57:37Z,2026-08-23T17:57:37+0200,4e74b68d-c003-4d56-be5d-5f0c265edc96,2026-07-31T16:00:00Z,2026-07-31T18:00:00+0200,9362.26,MW,BE,BE,forecast_load,Forecasted Load,2026-08-23T15:57:47Z
2026-08-23T15:57:37Z,2026-08-23T17:57:37+0200,4e74b68d-c003-4d56-be5d-5f0c265edc96,2026-07-31T16:15:00Z,2026-07-31T18:15:00+0200,9296.5,MW,BE,BE,forecast_load,Forecasted Load,2026-08-23T15:57:47Z
2026-08-23T15:57:37Z,2026-08-23T17:57:37+0200,4e74b68d-c003-4d56-be5d-5f0c265edc96,2026-07-31T16:30:00Z,2026-07-31T18:30:00+0200,9275.57,MW,BE,BE,forecast_load,Forecasted Load,2026-08-23T15:57:47Z
2026-08-23T15:57:37Z,2026-08-23T17:57:37+0200,4e74b68d-c003-4d56-be5d-5f0c265edc96,2026-07-31T16:45:00Z,2026-07-31T18:45:00+0200,9220.33,MW,BE,BE,forecast_load,Forecasted Load,2026-08-23T15:57:47Z
2026-08-23T15:57:37Z,2026-08-23T17:57:37+0200,4e74b68d-c003-4d56-be5d-5f0c265edc96,2026-07-31T17:00:00Z,2026-07-31T19:00:00+0200,9288.88,MW,BE,BE,forecast_load,Forecasted Load,2026-08-23T15:57:47Z
2026-08-23T15:57:37Z,2026-08-23T17:57:37+0200,4e74b68d-c003-4d56-be5d-5f0c265edc96,2026-07-31T17:15:00Z,2026-07-31T19:15:00+0200,9194.47,MW,BE,BE,forecast_load,Forecasted Load,2026-08-23T15:57:47Z
2026-08-23T15:57:37Z,2026-08-23T17:57:37+0200,4e74b68d-c003-4d56-be5d-5f0c265edc96,2026-07-31T17:30:00Z,2026-07-31T19:30:00+0200,9166.89,MW,BE,BE,forecast_load,Forecasted Load,2026-08-23T15:57:47Z
2026-08-23T15:57:37Z,2026-08-23T17:57:37+0200,4e74b68d-c003-4d56-be5d-5f0c265edc96,2026-07-31T17:45:00Z,2026-07-31T19:45:00+0200,9128.99,MW,BE,BE,forecast_load,Forecasted Load,2026-08-23T15:57:47Z
2026-08-23T15:57:37Z,2026-08-23T17:57:37+0200,4e74b68d-c003-4d56-be5d-5f0c265edc96,2026-07-31T18:00:00Z,2026-07-31T20:00:00+0200,9089.41,MW,BE,BE,forecast_load,Forecasted Load,2026-08-23T15:57:47Z
2026-08-23T15:57:37Z,2026-08-23T17:57:37+0200,4e74b68d-c003-4d56-be5d-5f0c265edc96,2026-07-31T18:15:00Z,2026-07-31T20:15:00+0200,9009.84,MW,BE,BE,forecast_load,Forecasted Load,2026-08-23T15:57:47Z
2026-08-23T15:57:37Z,2026-08-23T17:57:37+0200,4e74b68d-c003-4d56-be5d-5f0c265edc96,2026-07-31T18:30:00Z,2026-07-31T20:30:00+0200,8919.66,MW,BE,BE,forecast_load,Forecasted Load,2026-08-23T15:57:47Z
2026-08-23T15:57:37Z,2026-08-23T17:57:37+0200,4e74b68d-c003-4d56-be5d-5f0c265edc96,2026-07-31T18:45:00Z,2026-07-31T20:45:00+0200,8834.31,MW,BE,BE,forecast_load,Forecasted Load,2026-08-23T15:57:47Z
2026-08-23T15:57:37Z,2026-08-23T17:57:37+0200,4e74b68d-c003-4d56-be5d-5f0c265edc96,2026-07-31T19:00:00Z,2026-07-31T21:00:00+0200,8763.06,MW,BE,BE,forecast_load,Forecasted Load,2026-08-23T15:57:47Z
2026-08-23T15:57:37Z,2026-08-23T17:57:37+0200,4e74b68d-c003-4d56-be5d-5f0c265edc96,2026-07-31T19:15:00Z,2026-07-31T21:15:00+0200,8697.92,MW,BE,BE,forecast_load,Forecasted Load,2026-08-23T15:57:47Z
2026-08-23T15:57:37Z,2026-08-23T17:57:37+0200,4e74b68d-c003-4d56-be5d-5f0c265edc96,2026-07-31T19:30:00Z,2026-07-31T21:30:00+0200,8687.36,MW,BE,BE,forecast_load,Forecasted Load,2026-08-23T15:57:47Z
2026-08-23T15:57:37Z,2026-08-23T17:57:37+0200,4e74b68d-c003-4d56-be5d-5f0c265edc96,2026-07-31T19:45:00Z,2026-07-31T21:45:00+0200,8721.62,MW,BE,BE,forecast_load,Forecasted Load,2026-08-23T15:57:47Z
2026-08-23T15:57:37Z,2026-08-23T17:57:37+0200,4e74b68d-c003-4d56-be5d-5f0c265edc96,2026-07-31T20:00:00Z,2026-07-31T22:00:00+0200,8698.13,MW,BE,BE,forecast_load,Forecasted Load,2026-08-23T15:57:47Z
2026-08-23T15:57:37Z,2026-08-23T17:57:37+0200,4e74b68d-c003-4d56-be5d-5f0c265edc96,2026-07-31T20:15:00Z,2026-07-31T22:15:00+0200,8729.38,MW,BE,BE,forecast_load,Forecasted Load,2026-08-23T15:57:47Z
2026-08-23T15:57:37Z,2026-08-23T17:57:37+0200,4e74b68d-c003-4d56-be5d-5f0c265edc96,2026-07-31T20:30:00Z,2026-07-31T22:30:00+0200,8687.99,MW,BE,BE,forecast_load,Forecasted Load,2026-08-23T15:57:47Z
2026-08-23T15:57:37Z,2026-08-23T17:57:37+0200,4e74b68d-c003-4d56-be5d-5f0c265edc96,2026-07-31T20:45:00Z,2026-07-31T22:45:00+0200,8642.29,MW,BE,BE,forecast_load,Forecasted Load,2026-08-23T15:57:47Z
2026-08-23T15:57:37Z,2026-08-23T17:57:37+0200,4e74b68d-c003-4d56-be5d-5f0c265edc96,2026-07-31T21:00:00Z,2026-07-31T23:00:00+0200,8513.27,MW,BE,BE,forecast_load,Forecasted Load,2026-08-23T15:57:47Z
2026-08-23T15:57:37Z,2026-08-23T17:57:37+0200,4e74b68d-c003-4d56-be5d-5f0c265edc96,2026-07-31T21:15:00Z,2026-07-31T23:15:00+0200,8423.43,MW,BE,BE,forecast_load,Forecasted Load,2026-08-23T15:57:47Z
2026-08-23T15:57:37Z,2026-08-23T17:57:37+0200,4e74b68d-c003-4d56-be5d-5f0c265edc96,2026-07-31T21:30:00Z,2026-07-31T23:30:00+0200,8283.01,MW,BE,BE,forecast_load,Forecasted Load,2026-08-23T15:57:47Z
2026-08-23T15:57:37Z,2026-08-23T17:57:37+0200,4e74b68d-c003-4d56-be5d-5f0c265edc96,2026-07-31T21:45:00Z,2026-07-31T23:45:00+0200,8193.21,MW,BE,BE,forecast_load,Forecasted Load,2026-08-23T15:57:47Z
2026-08-23T15:57:37Z,2026-08-23T17:57:37+0200,4e74b68d-c003-4d56-be5d-5f0c265edc96,2026-07-31T22:00:00Z,2026-08-01T00:00:00+0200,8061.16,MW,BE,BE,forecast_load,Forecasted Load,2026-08-23T15:57:47Z
2026-08-23T15:57:37Z,2026-08-23T17:57:37+0200,4e74b68d-c003-4d56-be5d-5f0c265edc96,2026-07-31T22:15:00Z,2026-08-01T00:15:00+0200,7948.96,MW,BE,BE,forecast_load,Forecasted Load,2026-08-23T15:57:47Z
2026-08-23T15:57:37Z,2026-08-23T17:57:37+0200,4e74b68d-c003-4d56-be5d-5f0c265edc96,2026-07-31T22:30:00Z,2026-08-01T00:30:00+0200,7836.12,MW,BE,BE,forecast_load,Forecasted Load,2026-08-23T15:57:47Z
2026-08-23T15:57:37Z,2026-08-23T17:57:37+0200,4e74b68d-c003-4d56-be5d-5f0c265edc96,2026-07-31T22:45:00Z,2026-08-01T00:45:00+0200,7766.09,MW,BE,BE,forecast_load,Forecasted Load,2026-08-23T15:57:47Z
2026-08-23T15:57:37Z,2026-08-23T17:57:37+0200,4e74b68d-c003-4d56-be5d-5f0c265edc96,2026-07-31T23:00:00Z,2026-08-01T01:00:00+0200,7687.1,MW,BE,BE,forecast_load,Forecasted Load,2026-08-23T15:57:47Z
2026-08-23T15:57:37Z,2026-08-23T17:57:37+0200,4e74b68d-c003-4d56-be5d-5f0c265edc96,2026-07-31T23:15:00Z,2026-08-01T01:15:00+0200,7608.15,MW,BE,BE,forecast_load,Forecasted Load,2026-08-23T15:57:47Z
2026-08-23T15:57:37Z,2026-08-23T17:57:37+0200,4e74b68d-c003-4d56-be5d-5f0c265edc96,2026-07-31T23:30:00Z,2026-08-01T01:30:00+0200,7528.81,MW,BE,BE,forecast_load,Forecasted Load,2026-08-23T15:57:47Z
2026-08-23T15:57:37Z,2026-08-23T17:57:37+0200,4e74b68d-c003-4d56-be5d-5f0c265edc96,2026-07-31T23:45:00Z,2026-08-01T01:45:00+0200,7465.71,MW,BE,BE,forecast_load,Forecasted Load,2026-08-23T15:57:47Z
2026-08-23T15:57:37Z,2026-08-23T17:57:37+0200,4e74b68d-c003-4d56-be5d-5f0c265edc96,2026-08-01T00:00:00Z,2026-08-01T02:00:00+0200,7083.64,MW,BE,BE,forecast_load,Forecasted Load,2026-08-23T15:57:47Z
2026-08-23T15:57:37Z,2026-08-23T17:57:37+0200,4e74b68d-c003-4d56-be5d-5f0c265edc96,2026-08-01T00:15:00Z,2026-08-01T02:15:00+0200,7054.45,MW,BE,BE,forecast_load,Forecasted Load,2026-08-23T15:57:47Z
2026-08-23T15:57:37Z,2026-08-23T17:57:37+0200,4e74b68d-c003-4d56-be5d-5f0c265edc96,2026-08-01T00:30:00Z,2026-08-01T02:30:00+0200,7092.58,MW,BE,BE,forecast_load,Forecasted Load,2026-08-23T15:57:47Z
2026-08-23T15:57:37Z,2026-08-23T17:57:37+0200,4e74b68d-c003-4d56-be5d-5f0c265edc96,2026-08-01T00:45:00Z,2026-08-01T02:45:00+0200,7012.04,MW,BE,BE,forecast_load,Forecasted Load,2026-08-23T15:57:47Z
2026-08-23T15:57:37Z,2026-08-23T17:57:37+0200,4e74b68d-c003-4d56-be5d-5f0c265edc96,2026-08-01T01:00:00Z,2026-08-01T03:00:00+0200,7039.85,MW,BE,BE,forecast_load,Forecasted Load,2026-08-23T15:57:47Z
2026-08-23T15:57:37Z,2026-08-23T17:57:37+0200,4e74b68d-c003-4d56-be5d-5f0c265edc96,2026-08-01T01:15:00Z,2026-08-01T03:15:00+0200,6994.57,MW,BE,BE,forecast_load,Forecasted Load,2026-08-23T15:57:47Z
2026-08-23T15:57:37Z,2026-08-23T17:57:37+0200,4e74b68d-c003-4d56-be5d-5f0c265edc96,2026-08-01T01:30:00Z,2026-08-01T03:30:00+0200,6944.65,MW,BE,BE,forecast_load,Forecasted Load,2026-08-23T15:57:47Z
2026-08-23T15:57:37Z,2026-08-23T17:57:37+0200,4e74b68d-c003-4d56-be5d-5f0c265edc96,2026-08-01T01:45:00Z,2026-08-01T03:45:00+0200,6912.4,MW,BE,BE,forecast_load,Forecasted Load,2026-08-23T15:57:47Z
2026-08-23T15:57:37Z,2026-08-23T17:57:37+0200,4e74b68d-c003-4d56-be5d-5f0c265edc96,2026-08-01T02:00:00Z,2026-08-01T04:00:00+0200,6943.19,MW,BE,BE,forecast_load,Forecasted Load,2026-08-23T15:57:47Z
2026-08-23T15:57:37Z,2026-08-23T17:57:37+0200,4e74b68d-c003-4d56-be5d-5f0c265edc96,2026-08-01T02:15:00Z,2026-08-01T04:15:00+0200,6894.32,MW,BE,BE,forecast_load,Forecasted Load,2026-08-23T15:57:47Z
2026-08-23T15:57:37Z,2026-08-23T17:57:37+0200,4e74b68d-c003-4d56-be5d-5f0c265edc96,2026-08-01T02:30:00Z,2026-08-01T04:30:00+0200,6884.22,MW,BE,BE,forecast_load,Forecasted Load,2026-08-23T15:57:47Z
2026-08-23T15:57:37Z,2026-08-23T17:57:37+0200,4e74b68d-c003-4d56-be5d-5f0c265edc96,2026-08-01T02:45:00Z,2026-08-01T04:45:00+0200,6895.86,MW,BE,BE,forecast_load,Forecasted Load,2026-08-23T15:57:47Z
2026-08-23T15:57:37Z,2026-08-23T17:57:37+0200,4e74b68d-c003-4d56-be5d-5f0c265edc96,2026-08-01T03:00:00Z,2026-08-01T05:00:00+0200,6866.66,MW,BE,BE,forecast_load,Forecasted Load,2026-08-23T15:57:47Z
2026-08-23T15:57:37Z,2026-08-23T17:57:37+0200,4e74b68d-c003-4d56-be5d-5f0c265edc96,2026-08-01T03:15:00Z,2026-08-01T05:15:00+0200,6827.8,MW,BE,BE,forecast_load,Forecasted Load,2026-08-23T15:57:47Z
2026-08-23T15:57:37Z,2026-08-23T17:57:37+0200,4e74b68d-c003-4d56-be5d-5f0c265edc96,2026-08-01T03:30:00Z,2026-08-01T05:30:00+0200,6810.2,MW,BE,BE,forecast_load,Forecasted Load,2026-08-23T15:57:47Z
2026-08-23T15:57:37Z,2026-08-23T17:57:37+0200,4e74b68d-c003-4d56-be5d-5f0c265edc96,2026-08-01T03:45:00Z,2026-08-01T05:45:00+0200,6783.53,MW,BE,BE,forecast_load,Forecasted Load,2026-08-23T15:57:47Z
2026-08-23T15:57:37Z,2026-08-23T17:57:37+0200,4e74b68d-c003-4d56-be5d-5f0c265edc96,2026-08-01T04:00:00Z,2026-08-01T06:00:00+0200,6855.99,MW,BE,BE,forecast_load,Forecasted Load,2026-08-23T15:57:47Z
2026-08-23T15:57:37Z,2026-08-23T17:57:37+0200,4e74b68d-c003-4d56-be5d-5f0c265edc96,2026-08-01T04:15:00Z,2026-08-01T06:15:00+0200,6972.64,MW,BE,BE,forecast_load,Forecasted Load,2026-08-23T15:57:47Z
2026-08-23T15:57:37Z,2026-08-23T17:57:37+0200,4e74b68d-c003-4d56-be5d-5f0c265edc96,2026-08-01T04:30:00Z,2026-08-01T06:30:00+0200,7013.8,MW,BE,BE,forecast_load,Forecasted Load,2026-08-23T15:57:47Z
2026-08-23T15:57:37Z,2026-08-23T17:57:37+0200,4e74b68d-c003-4d56-be5d-5f0c265edc96,2026-08-01T04:45:00Z,2026-08-01T06:45:00+0200,7088.27,MW,BE,BE,forecast_load,Forecasted Load,2026-08-23T15:57:47Z
2026-08-23T15:57:37Z,2026-08-23T17:57:37+0200,4e74b68d-c003-4d56-be5d-5f0c265edc96,2026-08-01T05:00:00Z,2026-08-01T07:00:00+0200,7197.67,MW,BE,BE,forecast_load,Forecasted Load,2026-08-23T15:57:47Z
2026-08-23T15:57:37Z,2026-08-23T17:57:37+0200,4e74b68d-c003-4d56-be5d-5f0c265edc96,2026-08-01T05:15:00Z,2026-08-01T07:15:00+0200,7267.99,MW,BE,BE,forecast_load,Forecasted Load,2026-08-23T15:57:47Z
2026-08-23T15:57:37Z,2026-08-23T17:57:37+0200,4e74b68d-c003-4d56-be5d-5f0c265edc96,2026-08-01T05:30:00Z,2026-08-01T07:30:00+0200,7370.93,MW,BE,BE,forecast_load,Forecasted Load,2026-08-23T15:57:47Z
2026-08-23T15:57:37Z,2026-08-23T17:57:37+0200,4e74b68d-c003-4d56-be5d-5f0c265edc96,2026-08-01T05:45:00Z,2026-08-01T07:45:00+0200,7437.37,MW,BE,BE,forecast_load,Forecasted Load,2026-08-23T15:57:47Z
2026-08-23T15:57:37Z,2026-08-23T17:57:37+0200,4e74b68d-c003-4d56-be5d-5f0c265edc96,2026-08-01T06:00:00Z,2026-08-01T08:00:00+0200,7396.99,MW,BE,BE,forecast_load,Forecasted Load,2026-08-23T15:57:47Z
2026-08-23T15:57:37Z,2026-08-23T17:57:37+0200,4e74b68d-c003-4d56-be5d-5f0c265edc96,2026-08-01T06:15:00Z,2026-08-01T08:15:00+0200,7516.62,MW,BE,BE,forecast_load,Forecasted Load,2026-08-23T15:57:47Z
2026-08-23T15:57:37Z,2026-08-23T17:57:37+0200,4e74b68d-c003-4d56-be5d-5f0c265edc96,2026-08-01T06:30:00Z,2026-08-01T08:30:00+0200,7639.86,MW,BE,BE,forecast_load,Forecasted Load,2026-08-23T15:57:47Z
2026-08-23T15:57:37Z,2026-08-23T17:57:37+0200,4e74b68d-c003-4d56-be5d-5f0c265edc96,2026-08-01T06:45:00Z,2026-08-01T08:45:00+0200,7763.25,MW,BE,BE,forecast_load,Forecasted Load,2026-08-23T15:57:47Z
2026-08-23T15:57:37Z,2026-08-23T17:57:37+0200,4e74b68d-c003-4d56-be5d-5f0c265edc96,2026-08-01T07:00:00Z,2026-08-01T09:00:00+0200,7801.15,MW,BE,BE,forecast_load,Forecasted Load,2026-08-23T15:57:47Z
2026-08-23T15:57:37Z,2026-08-23T17:57:37+0200,4e74b68d-c003-4d56-be5d-5f0c265edc96,2026-08-01T07:15:00Z,2026-08-01T09:15:00+0200,7897.23,MW,BE,BE,forecast_load,Forecasted Load,2026-08-23T15:57:47Z
2026-08-23T15:57:37Z,2026-08-23T17:57:37+0200,4e74b68d-c003-4d56-be5d-5f0c265edc96,2026-08-01T07:30:00Z,2026-08-01T09:30:00+0200,8060.3,MW,BE,BE,forecast_load,Forecasted Load,2026-08-23T15:57:47Z
2026-08-23T15:57:37Z,2026-08-23T17:57:37+0200,4e74b68d-c003-4d56-be5d-5f0c265edc96,2026-08-01T07:45:00Z,2026-08-01T09:45:00+0200,8159.76,MW,BE,BE,forecast_load,Forecasted Load,2026-08-23T15:57:47Z
2026-08-23T15:57:37Z,2026-08-23T17:57:37+0200,4e74b68d-c003-4d56-be5d-5f0c265edc96,2026-08-01T08:00:00Z,2026-08-01T10:00:00+0200,8230.85,MW,BE,BE,forecast_load,Forecasted Load,2026-08-23T15:57:47Z
2026-08-23T15:57:37Z,2026-08-23T17:57:37+0200,4e74b68d-c003-4d56-be5d-5f0c265edc96,2026-08-01T08:15:00Z,2026-08-01T10:15:00+0200,8371.49,MW,BE,BE,forecast_load,Forecasted Load,2026-08-23T15:57:47Z
2026-08-23T15:57:37Z,2026-08-23T17:57:37+0200,4e74b68d-c003-4d56-be5d-5f0c265edc96,2026-08-01T08:30:00Z,2026-08-01T10:30:00+0200,8417.93,MW,BE,BE,forecast_load,Forecasted Load,2026-08-23T15:57:47Z
2026-08-23T15:57:37Z,2026-08-23T17:57:37+0200,4e74b68d-c003-4d56-be5d-5f0c265edc96,2026-08-01T08:45:00Z,2026-08-01T10:45:00+0200,8543.7,MW,BE,BE,forecast_load,Forecasted Load,2026-08-23T15:57:47Z
2026-08-23T15:57:37Z,2026-08-23T17:57:37+0200,4e74b68d-c003-4d56-be5d-5f0c265edc96,2026-08-01T09:00:00Z,2026-08-01T11:00:00+0200,8684.43,MW,BE,BE,forecast_load,Forecasted Load,2026-08-23T15:57:47Z
2026-08-23T15:57:37Z,2026-08-23T17:57:37+0200,4e74b68d-c003-4d56-be5d-5f0c265edc96,2026-08-01T09:15:00Z,2026-08-01T11:15:00+0200,8771.91,MW,BE,BE,forecast_load,Forecasted Load,2026-08-23T15:57:47Z
2026-08-23T15:57:37Z,2026-08-23T17:57:37+0200,4e74b68d-c003-4d56-be5d-5f0c265edc96,2026-08-01T09:30:00Z,2026-08-01T11:30:00+0200,8889.64,MW,BE,BE,forecast_load,Forecasted Load,2026-08-23T15:57:47Z
2026-08-23T15:57:37Z,2026-08-23T17:57:37+0200,4e74b68d-c003-4d56-be5d-5f0c265edc96,2026-08-01T09:45:00Z,2026-08-01T11:45:00+0200,8967.74,MW,BE,BE,forecast_load,Forecasted Load,2026-08-23T15:57:47Z
2026-08-23T15:57:37Z,2026-08-23T17:57:37+0200,4e74b68d-c003-4d56-be5d-5f0c265edc96,2026-08-01T10:00:00Z,2026-08-01T12:00:00+0200,8846.24,MW,BE,BE,forecast_load,Forecasted Load,2026-08-23T15:57:47Z
2026-08-23T15:57:37Z,2026-08-23T17:57:37+0200,4e74b68d-c003-4d56-be5d-5f0c265edc96,2026-08-01T10:15:00Z,2026-08-01T12:15:00+0200,8842.0,MW,BE,BE,forecast_load,Forecasted Load,2026-08-23T15:57:47Z
2026-08-23T15:57:37Z,2026-08-23T17:57:37+0200,4e74b68d-c003-4d56-be5d-5f0c265edc96,2026-08-01T10:30:00Z,2026-08-01T12:30:00+0200,8822.34,MW,BE,BE,forecast_load,Forecasted Load,2026-08-23T15:57:47Z
2026-08-23T15:57:37Z,2026-08-23T17:57:37+0200,4e74b68d-c003-4d56-be5d-5f0c265edc96,2026-08-01T10:45:00Z,2026-08-01T12:45:00+0200,8768.95,MW,BE,BE,forecast_load,Forecasted Load,2026-08-23T15:57:47Z
2026-08-23T15:57:37Z,2026-08-23T17:57:37+0200,4e74b68d-c003-4d56-be5d-5f0c265edc96,2026-08-01T11:00:00Z,2026-08-01T13:00:00+0200,8672.63,MW,BE,BE,forecast_load,Forecasted Load,2026-08-23T15:57:47Z
2026-08-23T15:57:37Z,2026-08-23T17:57:37+0200,4e74b68d-c003-4d56-be5d-5f0c265edc96,2026-08-01T11:15:00Z,2026-08-01T13:15:00+0200,8667.92,MW,BE,BE,forecast_load,Forecasted Load,2026-08-23T15:57:47Z
2026-08-23T15:57:37Z,2026-08-23T17:57:37+0200,4e74b68d-c003-4d56-be5d-5f0c265edc96,2026-08-01T11:30:00Z,2026-08-01T13:30:00+0200,8593.55,MW,BE,BE,forecast_load,Forecasted Load,2026-08-23T15:57:47Z
2026-08-23T15:57:37Z,2026-08-23T17:57:37+0200,4e74b68d-c003-4d56-be5d-5f0c265edc96,2026-08-01T11:45:00Z,2026-08-01T13:45:00+0200,8577.09,MW,BE,BE,forecast_load,Forecasted Load,2026-08-23T15:57:47Z
2026-08-23T15:57:37Z,2026-08-23T17:57:37+0200,4e74b68d-c003-4d56-be5d-5f0c265edc96,2026-08-01T12:00:00Z,2026-08-01T14:00:00+0200,8512.98,MW,BE,BE,forecast_load,Forecasted Load,2026-08-23T15:57:47Z
2026-08-23T15:57:37Z,2026-08-23T17:57:37+0200,4e74b68d-c003-4d56-be5d-5f0c265edc96,2026-08-01T12:15:00Z,2026-08-01T14:15:00+0200,8483.54,MW,BE,BE,forecast_load,Forecasted Load,2026-08-23T15:57:47Z
2026-08-23T15:57:37Z,2026-08-23T17:57:37+0200,4e74b68d-c003-4d56-be5d-5f0c265edc96,2026-08-01T12:30:00Z,2026-08-01T14:30:00+0200,8479.3,MW,BE,BE,forecast_load,Forecasted Load,2026-08-23T15:57:47Z
2026-08-23T15:57:37Z,2026-08-23T17:57:37+0200,4e74b68d-c003-4d56-be5d-5f0c265edc96,2026-08-01T12:45:00Z,2026-08-01T14:45:00+0200,8427.05,MW,BE,BE,forecast_load,Forecasted Load,2026-08-23T15:57:47Z
2026-08-23T15:57:37Z,2026-08-23T17:57:37+0200,4e74b68d-c003-4d56-be5d-5f0c265edc96,2026-08-01T13:00:00Z,2026-08-01T15:00:00+0200,8439.71,MW,BE,BE,forecast_load,Forecasted Load,2026-08-23T15:57:47Z
2026-08-23T15:57:37Z,2026-08-23T17:57:37+0200,4e74b68d-c003-4d56-be5d-5f0c265edc96,2026-08-01T13:15:00Z,2026-08-01T15:15:00+0200,8407.49,MW,BE,BE,forecast_load,Forecasted Load,2026-08-23T15:57:47Z
2026-08-23T15:57:37Z,2026-08-23T17:57:37+0200,4e74b68d-c003-4d56-be5d-5f0c265edc96,2026-08-01T13:30:00Z,2026-08-01T15:30:00+0200,8373.77,MW,BE,BE,forecast_load,Forecasted Load,2026-08-23T15:57:47Z
2026-08-23T15:57:37Z,2026-08-23T17:57:37+0200,4e74b68d-c003-4d56-be5d-5f0c265edc96,2026-08-01T13:45:00Z,2026-08-01T15:45:00+0200,8258.69,MW,BE,BE,forecast_load,Forecasted Load,2026-08-23T15:57:47Z
2026-08-23T15:57:37Z,2026-08-23T17:57:37+0200,4e74b68d-c003-4d56-be5d-5f0c265edc96,2026-08-01T14:00:00Z,2026-08-01T16:00:00+0200,8294.02,MW,BE,BE,forecast_load,Forecasted Load,2026-08-23T15:57:47Z
2026-08-23T15:57:37Z,2026-08-23T17:57:37+0200,4e74b68d-c003-4d56-be5d-5f0c265edc96,2026-08-01T14:15:00Z,2026-08-01T16:15:00+0200,8154.48,MW,BE,BE,forecast_load,Forecasted Load,2026-08-23T15:57:47Z
2026-08-23T15:57:37Z,2026-08-23T17:57:37+0200,4e74b68d-c003-4d56-be5d-5f0c265edc96,2026-08-01T14:30:00Z,2026-08-01T16:30:00+0200,8093.8,MW,BE,BE,forecast_load,Forecasted Load,2026-08-23T15:57:47Z
2026-08-23T15:57:37Z,2026-08-23T17:57:37+0200,4e74b68d-c003-4d56-be5d-5f0c265edc96,2026-08-01T14:45:00Z,2026-08-01T16:45:00+0200,8104.17,MW,BE,BE,forecast_load,Forecasted Load,2026-08-23T15:57:47Z
2026-08-23T15:57:37Z,2026-08-23T17:57:37+0200,4e74b68d-c003-4d56-be5d-5f0c265edc96,2026-08-01T15:00:00Z,2026-08-01T17:00:00+0200,8301.21,MW,BE,BE,forecast_load,Forecasted Load,2026-08-23T15:57:47Z
2026-08-23T15:57:37Z,2026-08-23T17:57:37+0200,4e74b68d-c003-4d56-be5d-5f0c265edc96,2026-08-01T15:15:00Z,2026-08-01T17:15:00+0200,8157.21,MW,BE,BE,forecast_load,Forecasted Load,2026-08-23T15:57:47Z
2026-08-23T15:57:37Z,2026-08-23T17:57:37+0200,4e74b68d-c003-4d56-be5d-5f0c265edc96,2026-08-01T15:30:00Z,2026-08-01T17:30:00+0200,8176.14,MW,BE,BE,forecast_load,Forecasted Load,2026-08-23T15:57:47Z
2026-08-23T15:57:37Z,2026-08-23T17:57:37+0200,4e74b68d-c003-4d56-be5d-5f0c265edc96,2026-08-01T15:45:00Z,2026-08-01T17:45:00+0200,8183.96,MW,BE,BE,forecast_load,Forecasted Load,2026-08-23T15:57:47Z
2026-08-23T15:57:37Z,2026-08-23T17:57:37+0200,4e74b68d-c003-4d56-be5d-5f0c265edc96,2026-08-01T16:00:00Z,2026-08-01T18:00:00+0200,8362.08,MW,BE,BE,forecast_load,Forecasted Load,2026-08-23T15:57:47Z
2026-08-23T15:57:37Z,2026-08-23T17:57:37+0200,4e74b68d-c003-4d56-be5d-5f0c265edc96,2026-08-01T16:15:00Z,2026-08-01T18:15:00+0200,8282.61,MW,BE,BE,forecast_load,Forecasted Load,2026-08-23T15:57:47Z
2026-08-23T15:57:37Z,2026-08-23T17:57:37+0200,4e74b68d-c003-4d56-be5d-5f0c265edc96,2026-08-01T16:30:00Z,2026-08-01T18:30:00+0200,8270.22,MW,BE,BE,forecast_load,Forecasted Load,2026-08-23T15:57:47Z
2026-08-23T15:57:37Z,2026-08-23T17:57:37+0200,4e74b68d-c003-4d56-be5d-5f0c265edc96,2026-08-01T16:45:00Z,2026-08-01T18:45:00+0200,8288.84,MW,BE,BE,forecast_load,Forecasted Load,2026-08-23T15:57:47Z
2026-08-23T15:57:37Z,2026-08-23T17:57:37+0200,4e74b68d-c003-4d56-be5d-5f0c265edc96,2026-08-01T17:00:00Z,2026-08-01T19:00:00+0200,8418.37,MW,BE,BE,forecast_load,Forecasted Load,2026-08-23T15:57:47Z
2026-08-23T15:57:37Z,2026-08-23T17:57:37+0200,4e74b68d-c003-4d56-be5d-5f0c265edc96,2026-08-01T17:15:00Z,2026-08-01T19:15:00+0200,8382.59,MW,BE,BE,forecast_load,Forecasted Load,2026-08-23T15:57:47Z
2026-08-23T15:57:37Z,2026-08-23T17:57:37+0200,4e74b68d-c003-4d56-be5d-5f0c265edc96,2026-08-01T17:30:00Z,2026-08-01T19:30:00+0200,8376.16,MW,BE,BE,forecast_load,Forecasted Load,2026-08-23T15:57:47Z
2026-08-23T15:57:37Z,2026-08-23T17:57:37+0200,4e74b68d-c003-4d56-be5d-5f0c265edc96,2026-08-01T17:45:00Z,2026-08-01T19:45:00+0200,8363.49,MW,BE,BE,forecast_load,Forecasted Load,2026-08-23T15:57:47Z
2026-08-23T15:57:37Z,2026-08-23T17:57:37+0200,4e74b68d-c003-4d56-be5d-5f0c265edc96,2026-08-01T18:00:00Z,2026-08-01T20:00:00+0200,8370.52,MW,BE,BE,forecast_load,Forecasted Load,2026-08-23T15:57:47Z
2026-08-23T15:57:37Z,2026-08-23T17:57:37+0200,4e74b68d-c003-4d56-be5d-5f0c265edc96,2026-08-01T18:15:00Z,2026-08-01T20:15:00+0200,8351.1,MW,BE,BE,forecast_load,Forecasted Load,2026-08-23T15:57:47Z
2026-08-23T15:57:37Z,2026-08-23T17:57:37+0200,4e74b68d-c003-4d56-be5d-5f0c265edc96,2026-08-01T18:30:00Z,2026-08-01T20:30:00+0200,8315.59,MW,BE,BE,forecast_load,Forecasted Load,2026-08-23T15:57:47Z
2026-08-23T15:57:37Z,2026-08-23T17:57:37+0200,4e74b68d-c003-4d56-be5d-5f0c265edc96,2026-08-01T18:45:00Z,2026-08-01T20:45:00+0200,8250.3,MW,BE,BE,forecast_load,Forecasted Load,2026-08-23T15:57:47Z
2026-08-23T15:57:37Z,2026-08-23T17:57:37+0200,4e74b68d-c003-4d56-be5d-5f0c265edc96,2026-08-01T19:00:00Z,2026-08-01T21:00:00+0200,8159.35,MW,BE,BE,forecast_load,Forecasted Load,2026-08-23T15:57:47Z
2026-08-23T15:57:37Z,2026-08-23T17:57:37+0200,4e74b68d-c003-4d56-be5d-5f0c265edc96,2026-08-01T19:15:00Z,2026-08-01T21:15:00+0200,8074.08,MW,BE,BE,forecast_load,Forecasted Load,2026-08-23T15:57:47Z
2026-08-23T15:57:37Z,2026-08-23T17:57:37+0200,4e74b68d-c003-4d56-be5d-5f0c265edc96,2026-08-01T19:30:00Z,2026-08-01T21:30:00+0200,8027.77,MW,BE,BE,forecast_load,Forecasted Load,2026-08-23T15:57:47Z
2026-08-23T15:57:37Z,2026-08-23T17:57:37+0200,4e74b68d-c003-4d56-be5d-5f0c265edc96,2026-08-01T19:45:00Z,2026-08-01T21:45:00+0200,7999.34,MW,BE,BE,forecast_load,Forecasted Load,2026-08-23T15:57:47Z
2026-08-23T15:57:37Z,2026-08-23T17:57:37+0200,4e74b68d-c003-4d56-be5d-5f0c265edc96,2026-08-01T20:00:00Z,2026-08-01T22:00:00+0200,8052.77,MW,BE,BE,forecast_load,Forecasted Load,2026-08-23T15:57:47Z
2026-08-23T15:57:37Z,2026-08-23T17:57:37+0200,4e74b68d-c003-4d56-be5d-5f0c265edc96,2026-08-01T20:15:00Z,2026-08-01T22:15:00+0200,8105.47,MW,BE,BE,forecast_load,Forecasted Load,2026-08-23T15:57:47Z
2026-08-23T15:57:37Z,2026-08-23T17:57:37+0200,4e74b68d-c003-4d56-be5d-5f0c265edc96,2026-08-01T20:30:00Z,2026-08-01T22:30:00+0200,8040.94,MW,BE,BE,forecast_load,Forecasted Load,2026-08-23T15:57:47Z
2026-08-23T15:57:37Z,2026-08-23T17:57:37+0200,4e74b68d-c003-4d56-be5d-5f0c265edc96,2026-08-01T20:45:00Z,2026-08-01T22:45:00+0200,8017.87,MW,BE,BE,forecast_load,Forecasted Load,2026-08-23T15:57:47Z
2026-08-23T15:57:37Z,2026-08-23T17:57:37+0200,4e74b68d-c003-4d56-be5d-5f0c265edc96,2026-08-01T21:00:00Z,2026-08-01T23:00:00+0200,7853.47,MW,BE,BE,forecast_load,Forecasted Load,2026-08-23T15:57:47Z
2026-08-23T15:57:37Z,2026-08-23T17:57:37+0200,4e74b68d-c003-4d56-be5d-5f0c265edc96,2026-08-01T21:15:00Z,2026-08-01T23:15:00+0200,7825.64,MW,BE,BE,forecast_load,Forecasted Load,2026-08-23T15:57:47Z
2026-08-23T15:57:37Z,2026-08-23T17:57:37+0200,4e74b68d-c003-4d56-be5d-5f0c265edc96,2026-08-01T21:30:00Z,2026-08-01T23:30:00+0200,7739.18,MW,BE,BE,forecast_load,Forecasted Load,2026-08-23T15:57:47Z
2026-08-23T15:57:37Z,2026-08-23T17:57:37+0200,4e74b68d-c003-4d56-be5d-5f0c265edc96,2026-08-01T21:45:00Z,2026-08-01T23:45:00+0200,7622.02,MW,BE,BE,forecast_load,Forecasted Load,2026-08-23T15:57:47Z
2026-08-23T15:57:37Z,2026-08-23T17:57:37+0200,4e74b68d-c003-4d56-be5d-5f0c265edc96,2026-08-01T22:00:00Z,2026-08-02T00:00:00+0200,7382.44,MW,BE,BE,forecast_load,Forecasted Load,2026-08-23T15:57:47Z
2026-08-23T15:57:37Z,2026-08-23T17:57:37+0200,4e74b68d-c003-4d56-be5d-5f0c265edc96,2026-08-01T22:15:00Z,2026-08-02T00:15:00+0200,7284.12,MW,BE,BE,forecast_load,Forecasted Load,2026-08-23T15:57:47Z
2026-08-23T15:57:37Z,2026-08-23T17:57:37+0200,4e74b68d-c003-4d56-be5d-5f0c265edc96,2026-08-01T22:30:00Z,2026-08-02T00:30:00+0200,7256.96,MW,BE,BE,forecast_load,Forecasted Load,2026-08-23T15:57:47Z
2026-08-23T15:57:37Z,2026-08-23T17:57:37+0200,4e74b68d-c003-4d56-be5d-5f0c265edc96,2026-08-01T22:45:00Z,2026-08-02T00:45:00+0200,7247.52,MW,BE,BE,forecast_load,Forecasted Load,2026-08-23T15:57:47Z
2026-08-23T15:57:37Z,2026-08-23T17:57:37+0200,4e74b68d-c003-4d56-be5d-5f0c265edc96,2026-08-01T23:00:00Z,2026-08-02T01:00:00+0200,7142.48,MW,BE,BE,forecast_load,Forecasted Load,2026-08-23T15:57:47Z
2026-08-23T15:57:37Z,2026-08-23T17:57:37+0200,4e74b68d-c003-4d56-be5d-5f0c265edc96,2026-08-01T23:15:00Z,2026-08-02T01:15:00+0200,7099.38,MW,BE,BE,forecast_load,Forecasted Load,2026-08-23T15:57:47Z
2026-08-23T15:57:37Z,2026-08-23T17:57:37+0200,4e74b68d-c003-4d56-be5d-5f0c265edc96,2026-08-01T23:30:00Z,2026-08-02T01:30:00+0200,7006.73,MW,BE,BE,forecast_load,Forecasted Load,2026-08-23T15:57:47Z
2026-08-23T15:57:37Z,2026-08-23T17:57:37+0200,4e74b68d-c003-4d56-be5d-5f0c265edc96,2026-08-01T23:45:00Z,2026-08-02T01:45:00+0200,6923.49,MW,BE,BE,forecast_load,Forecasted Load,2026-08-23T15:57:47Z
2026-08-23T15:57:37Z,2026-08-23T17:57:37+0200,4e74b68d-c003-4d56-be5d-5f0c265edc96,2026-08-02T00:00:00Z,2026-08-02T02:00:00+0200,6912.86,MW,BE,BE,forecast_load,Forecasted Load,2026-08-23T15:57:47Z
2026-08-23T15:57:37Z,2026-08-23T17:57:37+0200,4e74b68d-c003-4d56-be5d-5f0c265edc96,2026-08-02T00:15:00Z,2026-08-02T02:15:00+0200,6805.02,MW,BE,BE,forecast_load,Forecasted Load,2026-08-23T15:57:47Z
2026-08-23T15:57:37Z,2026-08-23T17:57:37+0200,4e74b68d-c003-4d56-be5d-5f0c265edc96,2026-08-02T00:30:00Z,2026-08-02T02:30:00+0200,6750.8,MW,BE,BE,forecast_load,Forecasted Load,2026-08-23T15:57:47Z
2026-08-23T15:57:37Z,2026-08-23T17:57:37+0200,4e74b68d-c003-4d56-be5d-5f0c265edc96,2026-08-02T00:45:00Z,2026-08-02T02:45:00+0200,6718.72,MW,BE,BE,forecast_load,Forecasted Load,2026-08-23T15:57:47Z
2026-08-23T15:57:37Z,2026-08-23T17:57:37+0200,4e74b68d-c003-4d56-be5d-5f0c265edc96,2026-08-02T01:00:00Z,2026-08-02T03:00:00+0200,6658.26,MW,BE,BE,forecast_load,Forecasted Load,2026-08-23T15:57:47Z
2026-08-23T15:57:37Z,2026-08-23T17:57:37+0200,4e74b68d-c003-4d56-be5d-5f0c265edc96,2026-08-02T01:15:00Z,2026-08-02T03:15:00+0200,6611.61,MW,BE,BE,forecast_load,Forecasted Load,2026-08-23T15:57:47Z
2026-08-23T15:57:37Z,2026-08-23T17:57:37+0200,4e74b68d-c003-4d56-be5d-5f0c265edc96,2026-08-02T01:30:00Z,2026-08-02T03:30:00+0200,6601.53,MW,BE,BE,forecast_load,Forecasted Load,2026-08-23T15:57:47Z
2026-08-23T15:57:37Z,2026-08-23T17:57:37+0200,4e74b68d-c003-4d56-be5d-5f0c265edc96,2026-08-02T01:45:00Z,2026-08-02T03:45:00+0200,6544.53,MW,BE,BE,forecast_load,Forecasted Load,2026-08-23T15:57:47Z
2026-08-23T15:57:37Z,2026-08-23T17:57:37+0200,4e74b68d-c003-4d56-be5d-5f0c265edc96,2026-08-02T02:00:00Z,2026-08-02T04:00:00+0200,6666.67,MW,BE,BE,forecast_load,Forecasted Load,2026-08-23T15:57:47Z
2026-08-23T15:57:37Z,2026-08-23T17:57:37+0200,4e74b68d-c003-4d56-be5d-5f0c265edc96,2026-08-02T02:15:00Z,2026-08-02T04:15:00+0200,6643.84,MW,BE,BE,forecast_load,Forecasted Load,2026-08-23T15:57:47Z
2026-08-23T15:57:37Z,2026-08-23T17:57:37+0200,4e74b68d-c003-4d56-be5d-5f0c265edc96,2026-08-02T02:30:00Z,2026-08-02T04:30:00+0200,6628.49,MW,BE,BE,forecast_load,Forecasted Load,2026-08-23T15:57:47Z
2026-08-23T15:57:37Z,2026-08-23T17:57:37+0200,4e74b68d-c003-4d56-be5d-5f0c265edc96,2026-08-02T02:45:00Z,2026-08-02T04:45:00+0200,6633.39,MW,BE,BE,forecast_load,Forecasted Load,2026-08-23T15:57:47Z
2026-08-23T15:57:37Z,2026-08-23T17:57:37+0200,4e74b68d-c003-4d56-be5d-5f0c265edc96,2026-08-02T03:00:00Z,2026-08-02T05:00:00+0200,6639.55,MW,BE,BE,forecast_load,Forecasted Load,2026-08-23T15:57:47Z
2026-08-23T15:57:37Z,2026-08-23T17:57:37+0200,4e74b68d-c003-4d56-be5d-5f0c265edc96,2026-08-02T03:15:00Z,2026-08-02T05:15:00+0200,6622.62,MW,BE,BE,forecast_load,Forecasted Load,2026-08-23T15:57:47Z
2026-08-23T15:57:37Z,2026-08-23T17:57:37+0200,4e74b68d-c003-4d56-be5d-5f0c265edc96,2026-08-02T03:30:00Z,2026-08-02T05:30:00+0200,6654.83,MW,BE,BE,forecast_load,Forecasted Load,2026-08-23T15:57:47Z
2026-08-23T15:57:37Z,2026-08-23T17:57:37+0200,4e74b68d-c003-4d56-be5d-5f0c265edc96,2026-08-02T03:45:00Z,2026-08-02T05:45:00+0200,6596.9,MW,BE,BE,forecast_load,Forecasted Load,2026-08-23T15:57:47Z
2026-08-23T15:57:37Z,2026-08-23T17:57:37+0200,4e74b68d-c003-4d56-be5d-5f0c265edc96,2026-08-02T04:00:00Z,2026-08-02T06:00:00+0200,6678.24,MW,BE,BE,forecast_load,Forecasted Load,2026-08-23T15:57:47Z
2026-08-23T15:57:37Z,2026-08-23T17:57:37+0200,4e74b68d-c003-4d56-be5d-5f0c265edc96,2026-08-02T04:15:00Z,2026-08-02T06:15:00+0200,6702.89,MW,BE,BE,forecast_load,Forecasted Load,2026-08-23T15:57:47Z
2026-08-23T15:57:37Z,2026-08-23T17:57:37+0200,4e74b68d-c003-4d56-be5d-5f0c265edc96,2026-08-02T04:30:00Z,2026-08-02T06:30:00+0200,6759.99,MW,BE,BE,forecast_load,Forecasted Load,2026-08-23T15:57:47Z
2026-08-23T15:57:37Z,2026-08-23T17:57:37+0200,4e74b68d-c003-4d56-be5d-5f0c265edc96,2026-08-02T04:45:00Z,2026-08-02T06:45:00+0200,6808.79,MW,BE,BE,forecast_load,Forecasted Load,2026-08-23T15:57:47Z
2026-08-23T15:57:37Z,2026-08-23T17:57:37+0200,4e74b68d-c003-4d56-be5d-5f0c265edc96,2026-08-02T05:00:00Z,2026-08-02T07:00:00+0200,6858.24,MW,BE,BE,forecast_load,Forecasted Load,2026-08-23T15:57:47Z
2026-08-23T15:57:37Z,2026-08-23T17:57:37+0200,4e74b68d-c003-4d56-be5d-5f0c265edc96,2026-08-02T05:15:00Z,2026-08-02T07:15:00+0200,6941.32,MW,BE,BE,forecast_load,Forecasted Load,2026-08-23T15:57:47Z
2026-08-23T15:57:37Z,2026-08-23T17:57:37+0200,4e74b68d-c003-4d56-be5d-5f0c265edc96,2026-08-02T05:30:00Z,2026-08-02T07:30:00+0200,7008.92,MW,BE,BE,forecast_load,Forecasted Load,2026-08-23T15:57:47Z
2026-08-23T15:57:37Z,2026-08-23T17:57:37+0200,4e74b68d-c003-4d56-be5d-5f0c265edc96,2026-08-02T05:45:00Z,2026-08-02T07:45:00+0200,7070.17,MW,BE,BE,forecast_load,Forecasted Load,2026-08-23T15:57:47Z
2026-08-23T15:57:37Z,2026-08-23T17:57:37+0200,4e74b68d-c003-4d56-be5d-5f0c265edc96,2026-08-02T06:00:00Z,2026-08-02T08:00:00+0200,7129.39,MW,BE,BE,forecast_load,Forecasted Load,2026-08-23T15:57:47Z
2026-08-23T15:57:37Z,2026-08-23T17:57:37+0200,4e74b68d-c003-4d56-be5d-5f0c265edc96,2026-08-02T06:15:00Z,2026-08-02T08:15:00+0200,7225.9,MW,BE,BE,forecast_load,Forecasted Load,2026-08-23T15:57:47Z
2026-08-23T15:57:37Z,2026-08-23T17:57:37+0200,4e74b68d-c003-4d56-be5d-5f0c265edc96,2026-08-02T06:30:00Z,2026-08-02T08:30:00+0200,7338.97,MW,BE,BE,forecast_load,Forecasted Load,2026-08-23T15:57:47Z
2026-08-23T15:57:37Z,2026-08-23T17:57:37+0200,4e74b68d-c003-4d56-be5d-5f0c265edc96,2026-08-02T06:45:00Z,2026-08-02T08:45:00+0200,7432.02,MW,BE,BE,forecast_load,Forecasted Load,2026-08-23T15:57:47Z
2026-08-23T15:57:37Z,2026-08-23T17:57:37+0200,4e74b68d-c003-4d56-be5d-5f0c265edc96,2026-08-02T07:00:00Z,2026-08-02T09:00:00+0200,7589.92,MW,BE,BE,forecast_load,Forecasted Load,2026-08-23T15:57:47Z
2026-08-23T15:57:37Z,2026-08-23T17:57:37+0200,4e74b68d-c003-4d56-be5d-5f0c265edc96,2026-08-02T07:15:00Z,2026-08-02T09:15:00+0200,7680.55,MW,BE,BE,forecast_load,Forecasted Load,2026-08-23T15:57:47Z
2026-08-23T15:57:37Z,2026-08-23T17:57:37+0200,4e74b68d-c003-4d56-be5d-5f0c265edc96,2026-08-02T07:30:00Z,2026-08-02T09:30:00+0200,7750.5,MW,BE,BE,forecast_load,Forecasted Load,2026-08-23T15:57:47Z
2026-08-23T15:57:37Z,2026-08-23T17:57:37+0200,4e74b68d-c003-4d56-be5d-5f0c265edc96,2026-08-02T07:45:00Z,2026-08-02T09:45:00+0200,7902.14,MW,BE,BE,forecast_load,Forecasted Load,2026-08-23T15:57:47Z
2026-08-23T15:57:37Z,2026-08-23T17:57:37+0200,4e74b68d-c003-4d56-be5d-5f0c265edc96,2026-08-02T08:00:00Z,2026-08-02T10:00:00+0200,7857.51,MW,BE,BE,forecast_load,Forecasted Load,2026-08-23T15:57:47Z
2026-08-23T15:57:37Z,2026-08-23T17:57:37+0200,4e74b68d-c003-4d56-be5d-5f0c265edc96,2026-08-02T08:15:00Z,2026-08-02T10:15:00+0200,8004.77,MW,BE,BE,forecast_load,Forecasted Load,2026-08-23T15:57:47Z
2026-08-23T15:57:37Z,2026-08-23T17:57:37+0200,4e74b68d-c003-4d56-be5d-5f0c265edc96,2026-08-02T08:30:00Z,2026-08-02T10:30:00+0200,8119.86,MW,BE,BE,forecast_load,Forecasted Load,2026-08-23T15:57:47Z
2026-08-23T15:57:37Z,2026-08-23T17:57:37+0200,4e74b68d-c003-4d56-be5d-5f0c265edc96,2026-08-02T08:45:00Z,2026-08-02T10:45:00+0200,8260.66,MW,BE,BE,forecast_load,Forecasted Load,2026-08-23T15:57:47Z
2026-08-23T15:57:37Z,2026-08-23T17:57:37+0200,4e74b68d-c003-4d56-be5d-5f0c265edc96,2026-08-02T09:00:00Z,2026-08-02T11:00:00+0200,7993.03,MW,BE,BE,forecast_load,Forecasted Load,2026-08-23T15:57:47Z
2026-08-23T15:57:37Z,2026-08-23T17:57:37+0200,4e74b68d-c003-4d56-be5d-5f0c265edc96,2026-08-02T09:15:00Z,2026-08-02T11:15:00+0200,8102.81,MW,BE,BE,forecast_load,Forecasted Load,2026-08-23T15:57:47Z
2026-08-23T15:57:37Z,2026-08-23T17:57:37+0200,4e74b68d-c003-4d56-be5d-5f0c265edc96,2026-08-02T09:30:00Z,2026-08-02T11:30:00+0200,8260.24,MW,BE,BE,forecast_load,Forecasted Load,2026-08-23T15:57:47Z
2026-08-23T15:57:37Z,2026-08-23T17:57:37+0200,4e74b68d-c003-4d56-be5d-5f0c265edc96,2026-08-02T09:45:00Z,2026-08-02T11:45:00+0200,8405.52,MW,BE,BE,forecast_load,Forecasted Load,2026-08-23T15:57:47Z
2026-08-23T15:57:37Z,2026-08-23T17:57:37+0200,4e74b68d-c003-4d56-be5d-5f0c265edc96,2026-08-02T10:00:00Z,2026-08-02T12:00:00+0200,8164.83,MW,BE,BE,forecast_load,Forecasted Load,2026-08-23T15:57:47Z
2026-08-23T15:57:37Z,2026-08-23T17:57:37+0200,4e74b68d-c003-4d56-be5d-5f0c265edc96,2026-08-02T10:15:00Z,2026-08-02T12:15:00+0200,8193.32,MW,BE,BE,forecast_load,Forecasted Load,2026-08-23T15:57:47Z
2026-08-23T15:57:37Z,2026-08-23T17:57:37+0200,4e74b68d-c003-4d56-be5d-5f0c265edc96,2026-08-02T10:30:00Z,2026-08-02T12:30:00+0200,8190.04,MW,BE,BE,forecast_load,Forecasted Load,2026-08-23T15:57:47Z
2026-08-23T15:57:37Z,2026-08-23T17:57:37+0200,4e74b68d-c003-4d56-be5d-5f0c265edc96,2026-08-02T10:45:00Z,2026-08-02T12:45:00+0200,8192.63,MW,BE,BE,forecast_load,Forecasted Load,2026-08-23T15:57:47Z
2026-08-23T15:57:37Z,2026-08-23T17:57:37+0200,4e74b68d-c003-4d56-be5d-5f0c265edc96,2026-08-02T11:00:00Z,2026-08-02T13:00:00+0200,8271.76,MW,BE,BE,forecast_load,Forecasted Load,2026-08-23T15:57:47Z
2026-08-23T15:57:37Z,2026-08-23T17:57:37+0200,4e74b68d-c003-4d56-be5d-5f0c265edc96,2026-08-02T11:15:00Z,2026-08-02T13:15:00+0200,8266.56,MW,BE,BE,forecast_load,Forecasted Load,2026-08-23T15:57:47Z
2026-08-23T15:57:37Z,2026-08-23T17:57:37+0200,4e74b68d-c003-4d56-be5d-5f0c265edc96,2026-08-02T11:30:00Z,2026-08-02T13:30:00+0200,8251.32,MW,BE,BE,forecast_load,Forecasted Load,2026-08-23T15:57:47Z
2026-08-23T15:57:37Z,2026-08-23T17:57:37+0200,4e74b68d-c003-4d56-be5d-5f0c265edc96,2026-08-02T11:45:00Z,2026-08-02T13:45:00+0200,8178.83,MW,BE,BE,forecast_load,Forecasted Load,2026-08-23T15:57:47Z
2026-08-23T15:57:37Z,2026-08-23T17:57:37+0200,4e74b68d-c003-4d56-be5d-5f0c265edc96,2026-08-02T12:00:00Z,2026-08-02T14:00:00+0200,8475.87,MW,BE,BE,forecast_load,Forecasted Load,2026-08-23T15:57:47Z
2026-08-23T15:57:37Z,2026-08-23T17:57:37+0200,4e74b68d-c003-4d56-be5d-5f0c265edc96,2026-08-02T12:15:00Z,2026-08-02T14:15:00+0200,8390.9,MW,BE,BE,forecast_load,Forecasted Load,2026-08-23T15:57:47Z
2026-08-23T15:57:37Z,2026-08-23T17:57:37+0200,4e74b68d-c003-4d56-be5d-5f0c265edc96,2026-08-02T12:30:00Z,2026-08-02T14:30:00+0200,8426.01,MW,BE,BE,forecast_load,Forecasted Load,2026-08-23T15:57:47Z
2026-08-23T15:57:37Z,2026-08-23T17:57:37+0200,4e74b68d-c003-4d56-be5d-5f0c265edc96,2026-08-02T12:45:00Z,2026-08-02T14:45:00+0200,8383.36,MW,BE,BE,forecast_load,Forecasted Load,2026-08-23T15:57:47Z
2026-08-23T15:57:37Z,2026-08-23T17:57:37+0200,4e74b68d-c003-4d56-be5d-5f0c265edc96,2026-08-02T13:00:00Z,2026-08-02T15:00:00+0200,8433.39,MW,BE,BE,forecast_load,Forecasted Load,2026-08-23T15:57:47Z
2026-08-23T15:57:37Z,2026-08-23T17:57:37+0200,4e74b68d-c003-4d56-be5d-5f0c265edc96,2026-08-02T13:15:00Z,2026-08-02T15:15:00+0200,8383.56,MW,BE,BE,forecast_load,Forecasted Load,2026-08-23T15:57:47Z
2026-08-23T15:57:37Z,2026-08-23T17:57:37+0200,4e74b68d-c003-4d56-be5d-5f0c265edc96,2026-08-02T13:30:00Z,2026-08-02T15:30:00+0200,8390.06,MW,BE,BE,forecast_load,Forecasted Load,2026-08-23T15:57:47Z
2026-08-23T15:57:37Z,2026-08-23T17:57:37+0200,4e74b68d-c003-4d56-be5d-5f0c265edc96,2026-08-02T13:45:00Z,2026-08-02T15:45:00+0200,8311.36,MW,BE,BE,forecast_load,Forecasted Load,2026-08-23T15:57:47Z
2026-08-23T15:57:37Z,2026-08-23T17:57:37+0200,4e74b68d-c003-4d56-be5d-5f0c265edc96,2026-08-02T14:00:00Z,2026-08-02T16:00:00+0200,8292.15,MW,BE,BE,forecast_load,Forecasted Load,2026-08-23T15:57:47Z
2026-08-23T15:57:37Z,2026-08-23T17:57:37+0200,4e74b68d-c003-4d56-be5d-5f0c265edc96,2026-08-02T14:15:00Z,2026-08-02T16:15:00+0200,8132.04,MW,BE,BE,forecast_load,Forecasted Load,2026-08-23T15:57:47Z
2026-08-23T15:57:37Z,2026-08-23T17:57:37+0200,4e74b68d-c003-4d56-be5d-5f0c265edc96,2026-08-02T14:30:00Z,2026-08-02T16:30:00+0200,8045.9,MW,BE,BE,forecast_load,Forecasted Load,2026-08-23T15:57:47Z
2026-08-23T15:57:37Z,2026-08-23T17:57:37+0200,4e74b68d-c003-4d56-be5d-5f0c265edc96,2026-08-02T14:45:00Z,2026-08-02T16:45:00+0200,7981.31,MW,BE,BE,forecast_load,Forecasted Load,2026-08-23T15:57:47Z
2026-08-23T15:57:37Z,2026-08-23T17:57:37+0200,4e74b68d-c003-4d56-be5d-5f0c265edc96,2026-08-02T15:00:00Z,2026-08-02T17:00:00+0200,8137.31,MW,BE,BE,forecast_load,Forecasted Load,2026-08-23T15:57:47Z
2026-08-23T15:57:37Z,2026-08-23T17:57:37+0200,4e74b68d-c003-4d56-be5d-5f0c265edc96,2026-08-02T15:15:00Z,2026-08-02T17:15:00+0200,8104.32,MW,BE,BE,forecast_load,Forecasted Load,2026-08-23T15:57:47Z
2026-08-23T15:57:37Z,2026-08-23T17:57:37+0200,4e74b68d-c003-4d56-be5d-5f0c265edc96,2026-08-02T15:30:00Z,2026-08-02T17:30:00+0200,8112.5,MW,BE,BE,forecast_load,Forecasted Load,2026-08-23T15:57:47Z
2026-08-23T15:57:37Z,2026-08-23T17:57:37+0200,4e74b68d-c003-4d56-be5d-5f0c265edc96,2026-08-02T15:45:00Z,2026-08-02T17:45:00+0200,8067.18,MW,BE,BE,forecast_load,Forecasted Load,2026-08-23T15:57:47Z
2026-08-23T15:57:37Z,2026-08-23T17:57:37+0200,4e74b68d-c003-4d56-be5d-5f0c265edc96,2026-08-02T16:00:00Z,2026-08-02T18:00:00+0200,8171.05,MW,BE,BE,forecast_load,Forecasted Load,2026-08-23T15:57:47Z
2026-08-23T15:57:37Z,2026-08-23T17:57:37+0200,4e74b68d-c003-4d56-be5d-5f0c265edc96,2026-08-02T16:15:00Z,2026-08-02T18:15:00+0200,8184.36,MW,BE,BE,forecast_load,Forecasted Load,2026-08-23T15:57:47Z
2026-08-23T15:57:37Z,2026-08-23T17:57:37+0200,4e74b68d-c003-4d56-be5d-5f0c265edc96,2026-08-02T16:30:00Z,2026-08-02T18:30:00+0200,8224.8,MW,BE,BE,forecast_load,Forecasted Load,2026-08-23T15:57:47Z
2026-08-23T15:57:37Z,2026-08-23T17:57:37+0200,4e74b68d-c003-4d56-be5d-5f0c265edc96,2026-08-02T16:45:00Z,2026-08-02T18:45:00+0200,8177.94,MW,BE,BE,forecast_load,Forecasted Load,2026-08-23T15:57:47Z
2026-08-23T15:57:37Z,2026-08-23T17:57:37+0200,4e74b68d-c003-4d56-be5d-5f0c265edc96,2026-08-02T17:00:00Z,2026-08-02T19:00:00+0200,8347.31,MW,BE,BE,forecast_load,Forecasted Load,2026-08-23T15:57:47Z
2026-08-23T15:57:37Z,2026-08-23T17:57:37+0200,4e74b68d-c003-4d56-be5d-5f0c265edc96,2026-08-02T17:15:00Z,2026-08-02T19:15:00+0200,8335.21,MW,BE,BE,forecast_load,Forecasted Load,2026-08-23T15:57:47Z
2026-08-23T15:57:37Z,2026-08-23T17:57:37+0200,4e74b68d-c003-4d56-be5d-5f0c265edc96,2026-08-02T17:30:00Z,2026-08-02T19:30:00+0200,8377.26,MW,BE,BE,forecast_load,Forecasted Load,2026-08-23T15:57:47Z
2026-08-23T15:57:37Z,2026-08-23T17:57:37+0200,4e74b68d-c003-4d56-be5d-5f0c265edc96,2026-08-02T17:45:00Z,2026-08-02T19:45:00+0200,8373.33,MW,BE,BE,forecast_load,Forecasted Load,2026-08-23T15:57:47Z
2026-08-23T15:57:37Z,2026-08-23T17:57:37+0200,4e74b68d-c003-4d56-be5d-5f0c265edc96,2026-08-02T18:00:00Z,2026-08-02T20:00:00+0200,8353.49,MW,BE,BE,forecast_load,Forecasted Load,2026-08-23T15:57:47Z
2026-08-23T15:57:37Z,2026-08-23T17:57:37+0200,4e74b68d-c003-4d56-be5d-5f0c265edc96,2026-08-02T18:15:00Z,2026-08-02T20:15:00+0200,8337.32,MW,BE,BE,forecast_load,Forecasted Load,2026-08-23T15:57:47Z
2026-08-23T15:57:37Z,2026-08-23T17:57:37+0200,4e74b68d-c003-4d56-be5d-5f0c265edc96,2026-08-02T18:30:00Z,2026-08-02T20:30:00+0200,8334.23,MW,BE,BE,forecast_load,Forecasted Load,2026-08-23T15:57:47Z
2026-08-23T15:57:37Z,2026-08-23T17:57:37+0200,4e74b68d-c003-4d56-be5d-5f0c265edc96,2026-08-02T18:45:00Z,2026-08-02T20:45:00+0200,8269.66,MW,BE,BE,forecast_load,Forecasted Load,2026-08-23T15:57:47Z
2026-08-23T15:57:37Z,2026-08-23T17:57:37+0200,4e74b68d-c003-4d56-be5d-5f0c265edc96,2026-08-02T19:00:00Z,2026-08-02T21:00:00+0200,8184.49,MW,BE,BE,forecast_load,Forecasted Load,2026-08-23T15:57:47Z
2026-08-23T15:57:37Z,2026-08-23T17:57:37+0200,4e74b68d-c003-4d56-be5d-5f0c265edc96,2026-08-02T19:15:00Z,2026-08-02T21:15:00+0200,8129.26,MW,BE,BE,forecast_load,Forecasted Load,2026-08-23T15:57:47Z
2026-08-23T15:57:37Z,2026-08-23T17:57:37+0200,4e74b68d-c003-4d56-be5d-5f0c265edc96,2026-08-02T19:30:00Z,2026-08-02T21:30:00+0200,8128.07,MW,BE,BE,forecast_load,Forecasted Load,2026-08-23T15:57:47Z
2026-08-23T15:57:37Z,2026-08-23T17:57:37+0200,4e74b68d-c003-4d56-be5d-5f0c265edc96,2026-08-02T19:45:00Z,2026-08-02T21:45:00+0200,8188.41,MW,BE,BE,forecast_load,Forecasted Load,2026-08-23T15:57:47Z
2026-08-23T15:57:37Z,2026-08-23T17:57:37+0200,4e74b68d-c003-4d56-be5d-5f0c265edc96,2026-08-02T20:00:00Z,2026-08-02T22:00:00+0200,8157.08,MW,BE,BE,forecast_load,Forecasted Load,2026-08-23T15:57:47Z
2026-08-23T15:57:37Z,2026-08-23T17:57:37+0200,4e74b68d-c003-4d56-be5d-5f0c265edc96,2026-08-02T20:15:00Z,2026-08-02T22:15:00+0200,8202.92,MW,BE,BE,forecast_load,Forecasted Load,2026-08-23T15:57:47Z
2026-08-23T15:57:37Z,2026-08-23T17:57:37+0200,4e74b68d-c003-4d56-be5d-5f0c265edc96,2026-08-02T20:30:00Z,2026-08-02T22:30:00+0200,8139.47,MW,BE,BE,forecast_load,Forecasted Load,2026-08-23T15:57:47Z
2026-08-23T15:57:37Z,2026-08-23T17:57:37+0200,4e74b68d-c003-4d56-be5d-5f0c265edc96,2026-08-02T20:45:00Z,2026-08-02T22:45:00+0200,8039.77,MW,BE,BE,forecast_load,Forecasted Load,2026-08-23T15:57:47Z
2026-08-23T15:57:37Z,2026-08-23T17:57:37+0200,4e74b68d-c003-4d56-be5d-5f0c265edc96,2026-08-02T21:00:00Z,2026-08-02T23:00:00+0200,7867.37,MW,BE,BE,forecast_load,Forecasted Load,2026-08-23T15:57:47Z
2026-08-23T15:57:37Z,2026-08-23T17:57:37+0200,4e74b68d-c003-4d56-be5d-5f0c265edc96,2026-08-02T21:15:00Z,2026-08-02T23:15:00+0200,7798.37,MW,BE,BE,forecast_load,Forecasted Load,2026-08-23T15:57:47Z
2026-08-23T15:57:37Z,2026-08-23T17:57:37+0200,4e74b68d-c003-4d56-be5d-5f0c265edc96,2026-08-02T21:30:00Z,2026-08-02T23:30:00+0200,7705.49,MW,BE,BE,forecast_load,Forecasted Load,2026-08-23T15:57:47Z
2026-08-23T15:57:37Z,2026-08-23T17:57:37+0200,4e74b68d-c003-4d56-be5d-5f0c265edc96,2026-08-02T21:45:00Z,2026-08-02T23:45:00+0200,7624.28,MW,BE,BE,forecast_load,Forecasted Load,2026-08-23T15:57:47Z
2026-08-23T15:57:37Z,2026-08-23T17:57:37+0200,4e74b68d-c003-4d56-be5d-5f0c265edc96,2026-08-02T22:00:00Z,2026-08-03T00:00:00+0200,7512.89,MW,BE,BE,forecast_load,Forecasted Load,2026-08-23T15:57:47Z
2026-08-23T15:57:37Z,2026-08-23T17:57:37+0200,4e74b68d-c003-4d56-be5d-5f0c265edc96,2026-08-02T22:15:00Z,2026-08-03T00:15:00+0200,7450.13,MW,BE,BE,forecast_load,Forecasted Load,2026-08-23T15:57:47Z
2026-08-23T15:57:37Z,2026-08-23T17:57:37+0200,4e74b68d-c003-4d56-be5d-5f0c265edc96,2026-08-02T22:30:00Z,2026-08-03T00:30:00+0200,7430.34,MW,BE,BE,forecast_load,Forecasted Load,2026-08-23T15:57:47Z
2026-08-23T15:57:37Z,2026-08-23T17:57:37+0200,4e74b68d-c003-4d56-be5d-5f0c265edc96,2026-08-02T22:45:00Z,2026-08-03T00:45:00+0200,7355.73,MW,BE,BE,forecast_load,Forecasted Load,2026-08-23T15:57:47Z
2026-08-23T15:57:37Z,2026-08-23T17:57:37+0200,4e74b68d-c003-4d56-be5d-5f0c265edc96,2026-08-02T23:00:00Z,2026-08-03T01:00:00+0200,7254.05,MW,BE,BE,forecast_load,Forecasted Load,2026-08-23T15:57:47Z
2026-08-23T15:57:37Z,2026-08-23T17:57:37+0200,4e74b68d-c003-4d56-be5d-5f0c265edc96,2026-08-02T23:15:00Z,2026-08-03T01:15:00+0200,7193.83,MW,BE,BE,forecast_load,Forecasted Load,2026-08-23T15:57:47Z
2026-08-23T15:57:37Z,2026-08-23T17:57:37+0200,4e74b68d-c003-4d56-be5d-5f0c265edc96,2026-08-02T23:30:00Z,2026-08-03T01:30:00+0200,7161.52,MW,BE,BE,forecast_load,Forecasted Load,2026-08-23T15:57:47Z
2026-08-23T15:57:37Z,2026-08-23T17:57:37+0200,4e74b68d-c003-4d56-be5d-5f0c265edc96,2026-08-02T23:45:00Z,2026-08-03T01:45:00+0200,7104.59,MW,BE,BE,forecast_load,Forecasted Load,2026-08-23T15:57:47Z
2026-08-23T15:57:37Z,2026-08-23T17:57:37+0200,4e74b68d-c003-4d56-be5d-5f0c265edc96,2026-08-03T00:00:00Z,2026-08-03T02:00:00+0200,6988.63,MW,BE,BE,forecast_load,Forecasted Load,2026-08-23T15:57:47Z
2026-08-23T15:57:37Z,2026-08-23T17:57:37+0200,4e74b68d-c003-4d56-be5d-5f0c265edc96,2026-08-03T00:15:00Z,2026-08-03T02:15:00+0200,6928.81,MW,BE,BE,forecast_load,Forecasted Load,2026-08-23T15:57:47Z
2026-08-23T15:57:37Z,2026-08-23T17:57:37+0200,4e74b68d-c003-4d56-be5d-5f0c265edc96,2026-08-03T00:30:00Z,2026-08-03T02:30:00+0200,6863.06,MW,BE,BE,forecast_load,Forecasted Load,2026-08-23T15:57:47Z
2026-08-23T15:57:37Z,2026-08-23T17:57:37+0200,4e74b68d-c003-4d56-be5d-5f0c265edc96,2026-08-03T00:45:00Z,2026-08-03T02:45:00+0200,6861.64,MW,BE,BE,forecast_load,Forecasted Load,2026-08-23T15:57:47Z
2026-08-23T15:57:37Z,2026-08-23T17:57:37+0200,4e74b68d-c003-4d56-be5d-5f0c265edc96,2026-08-03T01:00:00Z,2026-08-03T03:00:00+0200,6910.81,MW,BE,BE,forecast_load,Forecasted Load,2026-08-23T15:57:47Z
2026-08-23T15:57:37Z,2026-08-23T17:57:37+0200,4e74b68d-c003-4d56-be5d-5f0c265edc96,2026-08-03T01:15:00Z,2026-08-03T03:15:00+0200,6916.29,MW,BE,BE,forecast_load,Forecasted Load,2026-08-23T15:57:47Z
2026-08-23T15:57:37Z,2026-08-23T17:57:37+0200,4e74b68d-c003-4d56-be5d-5f0c265edc96,2026-08-03T01:30:00Z,2026-08-03T03:30:00+0200,6915.08,MW,BE,BE,forecast_load,Forecasted Load,2026-08-23T15:57:47Z
2026-08-23T15:57:37Z,2026-08-23T17:57:37+0200,4e74b68d-c003-4d56-be5d-5f0c265edc96,2026-08-03T01:45:00Z,2026-08-03T03:45:00+0200,6886.63,MW,BE,BE,forecast_load,Forecasted Load,2026-08-23T15:57:47Z
2026-08-23T15:57:37Z,2026-08-23T17:57:37+0200,4e74b68d-c003-4d56-be5d-5f0c265edc96,2026-08-03T02:00:00Z,2026-08-03T04:00:00+0200,6912.75,MW,BE,BE,forecast_load,Forecasted Load,2026-08-23T15:57:47Z
2026-08-23T15:57:37Z,2026-08-23T17:57:37+0200,4e74b68d-c003-4d56-be5d-5f0c265edc96,2026-08-03T02:15:00Z,2026-08-03T04:15:00+0200,6911.46,MW,BE,BE,forecast_load,Forecasted Load,2026-08-23T15:57:47Z
2026-08-23T15:57:37Z,2026-08-23T17:57:37+0200,4e74b68d-c003-4d56-be5d-5f0c265edc96,2026-08-03T02:30:00Z,2026-08-03T04:30:00+0200,6932.19,MW,BE,BE,forecast_load,Forecasted Load,2026-08-23T15:57:47Z
2026-08-23T15:57:37Z,2026-08-23T17:57:37+0200,4e74b68d-c003-4d56-be5d-5f0c265edc96,2026-08-03T02:45:00Z,2026-08-03T04:45:00+0200,6979.3,MW,BE,BE,forecast_load,Forecasted Load,2026-08-23T15:57:47Z
2026-08-23T15:57:37Z,2026-08-23T17:57:37+0200,4e74b68d-c003-4d56-be5d-5f0c265edc96,2026-08-03T03:00:00Z,2026-08-03T05:00:00+0200,7110.64,MW,BE,BE,forecast_load,Forecasted Load,2026-08-23T15:57:47Z
2026-08-23T15:57:37Z,2026-08-23T17:57:37+0200,4e74b68d-c003-4d56-be5d-5f0c265edc96,2026-08-03T03:15:00Z,2026-08-03T05:15:00+0200,7132.83,MW,BE,BE,forecast_load,Forecasted Load,2026-08-23T15:57:47Z
2026-08-23T15:57:37Z,2026-08-23T17:57:37+0200,4e74b68d-c003-4d56-be5d-5f0c265edc96,2026-08-03T03:30:00Z,2026-08-03T05:30:00+0200,7183.71,MW,BE,BE,forecast_load,Forecasted Load,2026-08-23T15:57:47Z
2026-08-23T15:57:37Z,2026-08-23T17:57:37+0200,4e74b68d-c003-4d56-be5d-5f0c265edc96,2026-08-03T03:45:00Z,2026-08-03T05:45:00+0200,7274.93,MW,BE,BE,forecast_load,Forecasted Load,2026-08-23T15:57:47Z
2026-08-23T15:57:37Z,2026-08-23T17:57:37+0200,4e74b68d-c003-4d56-be5d-5f0c265edc96,2026-08-03T04:00:00Z,2026-08-03T06:00:00+0200,7650.53,MW,BE,BE,forecast_load,Forecasted Load,2026-08-23T15:57:47Z
2026-08-23T15:57:37Z,2026-08-23T17:57:37+0200,4e74b68d-c003-4d56-be5d-5f0c265edc96,2026-08-03T04:15:00Z,2026-08-03T06:15:00+0200,7733.54,MW,BE,BE,forecast_load,Forecasted Load,2026-08-23T15:57:47Z
2026-08-23T15:57:37Z,2026-08-23T17:57:37+0200,4e74b68d-c003-4d56-be5d-5f0c265edc96,2026-08-03T04:30:00Z,2026-08-03T06:30:00+0200,7920.15,MW,BE,BE,forecast_load,Forecasted Load,2026-08-23T15:57:47Z
2026-08-23T15:57:37Z,2026-08-23T17:57:37+0200,4e74b68d-c003-4d56-be5d-5f0c265edc96,2026-08-03T04:45:00Z,2026-08-03T06:45:00+0200,7970.07,MW,BE,BE,forecast_load,Forecasted Load,2026-08-23T15:57:47Z
2026-08-23T15:57:37Z,2026-08-23T17:57:37+0200,4e74b68d-c003-4d56-be5d-5f0c265edc96,2026-08-03T05:00:00Z,2026-08-03T07:00:00+0200,8270.15,MW,BE,BE,forecast_load,Forecasted Load,2026-08-23T15:57:47Z
2026-08-23T15:57:37Z,2026-08-23T17:57:37+0200,4e74b68d-c003-4d56-be5d-5f0c265edc96,2026-08-03T05:15:00Z,2026-08-03T07:15:00+0200,8416.15,MW,BE,BE,forecast_load,Forecasted Load,2026-08-23T15:57:47Z
2026-08-23T15:57:37Z,2026-08-23T17:57:37+0200,4e74b68d-c003-4d56-be5d-5f0c265edc96,2026-08-03T05:30:00Z,2026-08-03T07:30:00+0200,8639.31,MW,BE,BE,forecast_load,Forecasted Load,2026-08-23T15:57:47Z
2026-08-23T15:57:37Z,2026-08-23T17:57:37+0200,4e74b68d-c003-4d56-be5d-5f0c265edc96,2026-08-03T05:45:00Z,2026-08-03T07:45:00+0200,8776.47,MW,BE,BE,forecast_load,Forecasted Load,2026-08-23T15:57:47Z
2026-08-23T15:57:37Z,2026-08-23T17:57:37+0200,4e74b68d-c003-4d56-be5d-5f0c265edc96,2026-08-03T06:00:00Z,2026-08-03T08:00:00+0200,8901.69,MW,BE,BE,forecast_load,Forecasted Load,2026-08-23T15:57:47Z
2026-08-23T15:57:37Z,2026-08-23T17:57:37+0200,4e74b68d-c003-4d56-be5d-5f0c265edc96,2026-08-03T06:15:00Z,2026-08-03T08:15:00+0200,9092.05,MW,BE,BE,forecast_load,Forecasted Load,2026-08-23T15:57:47Z
2026-08-23T15:57:37Z,2026-08-23T17:57:37+0200,4e74b68d-c003-4d56-be5d-5f0c265edc96,2026-08-03T06:30:00Z,2026-08-03T08:30:00+0200,9222.72,MW,BE,BE,forecast_load,Forecasted Load,2026-08-23T15:57:47Z
2026-08-23T15:57:37Z,2026-08-23T17:57:37+0200,4e74b68d-c003-4d56-be5d-5f0c265edc96,2026-08-03T06:45:00Z,2026-08-03T08:45:00+0200,9405.11,MW,BE,BE,forecast_load,Forecasted Load,2026-08-23T15:57:47Z
2026-08-23T15:57:37Z,2026-08-23T17:57:37+0200,4e74b68d-c003-4d56-be5d-5f0c265edc96,2026-08-03T07:00:00Z,2026-08-03T09:00:00+0200,9554.2,MW,BE,BE,forecast_load,Forecasted Load,2026-08-23T15:57:47Z
2026-08-23T15:57:37Z,2026-08-23T17:57:37+0200,4e74b68d-c003-4d56-be5d-5f0c265edc96,2026-08-03T07:15:00Z,2026-08-03T09:15:00+0200,9618.23,MW,BE,BE,forecast_load,Forecasted Load,2026-08-23T15:57:47Z
2026-08-23T15:57:37Z,2026-08-23T17:57:37+0200,4e74b68d-c003-4d56-be5d-5f0c265edc96,2026-08-03T07:30:00Z,2026-08-03T09:30:00+0200,9755.9,MW,BE,BE,forecast_load,Forecasted Load,2026-08-23T15:57:47Z
2026-08-23T15:57:37Z,2026-08-23T17:57:37+0200,4e74b68d-c003-4d56-be5d-5f0c265edc96,2026-08-03T07:45:00Z,2026-08-03T09:45:00+0200,9833.02,MW,BE,BE,forecast_load,Forecasted Load,2026-08-23T15:57:47Z
2026-08-23T15:57:37Z,2026-08-23T17:57:37+0200,4e74b68d-c003-4d56-be5d-5f0c265edc96,2026-08-03T08:00:00Z,2026-08-03T10:00:00+0200,9820.84,MW,BE,BE,forecast_load,Forecasted Load,2026-08-23T15:57:47Z
2026-08-23T15:57:37Z,2026-08-23T17:57:37+0200,4e74b68d-c003-4d56-be5d-5f0c265edc96,2026-08-03T08:15:00Z,2026-08-03T10:15:00+0200,9788.44,MW,BE,BE,forecast_load,Forecasted Load,2026-08-23T15:57:47Z
2026-08-23T15:57:37Z,2026-08-23T17:57:37+0200,4e74b68d-c003-4d56-be5d-5f0c265edc96,2026-08-03T08:30:00Z,2026-08-03T10:30:00+0200,9908.96,MW,BE,BE,forecast_load,Forecasted Load,2026-08-23T15:57:47Z
2026-08-23T15:57:37Z,2026-08-23T17:57:37+0200,4e74b68d-c003-4d56-be5d-5f0c265edc96,2026-08-03T08:45:00Z,2026-08-03T10:45:00+0200,10012.47,MW,BE,BE,forecast_load,Forecasted Load,2026-08-23T15:57:47Z
2026-08-23T15:57:37Z,2026-08-23T17:57:37+0200,4e74b68d-c003-4d56-be5d-5f0c265edc96,2026-08-03T09:00:00Z,2026-08-03T11:00:00+0200,9966.81,MW,BE,BE,forecast_load,Forecasted Load,2026-08-23T15:57:47Z
2026-08-23T15:57:37Z,2026-08-23T17:57:37+0200,4e74b68d-c003-4d56-be5d-5f0c265edc96,2026-08-03T09:15:00Z,2026-08-03T11:15:00+0200,10053.04,MW,BE,BE,forecast_load,Forecasted Load,2026-08-23T15:57:47Z
2026-08-23T15:57:37Z,2026-08-23T17:57:37+0200,4e74b68d-c003-4d56-be5d-5f0c265edc96,2026-08-03T09:30:00Z,2026-08-03T11:30:00+0200,10182.2,MW,BE,BE,forecast_load,Forecasted Load,2026-08-23T15:57:47Z
2026-08-23T15:57:37Z,2026-08-23T17:57:37+0200,4e74b68d-c003-4d56-be5d-5f0c265edc96,2026-08-03T09:45:00Z,2026-08-03T11:45:00+0200,10391.87,MW,BE,BE,forecast_load,Forecasted Load,2026-08-23T15:57:47Z
2026-08-23T15:57:37Z,2026-08-23T17:57:37+0200,4e74b68d-c003-4d56-be5d-5f0c265edc96,2026-08-03T10:00:00Z,2026-08-03T12:00:00+0200,10292.1,MW,BE,BE,forecast_load,Forecasted Load,2026-08-23T15:57:47Z
2026-08-23T15:57:37Z,2026-08-23T17:57:37+0200,4e74b68d-c003-4d56-be5d-5f0c265edc96,2026-08-03T10:15:00Z,2026-08-03T12:15:00+0200,10210.37,MW,BE,BE,forecast_load,Forecasted Load,2026-08-23T15:57:47Z
2026-08-23T15:57:37Z,2026-08-23T17:57:37+0200,4e74b68d-c003-4d56-be5d-5f0c265edc96,2026-08-03T10:30:00Z,2026-08-03T12:30:00+0200,10135.91,MW,BE,BE,forecast_load,Forecasted Load,2026-08-23T15:57:47Z
2026-08-23T15:57:37Z,2026-08-23T17:57:37+0200,4e74b68d-c003-4d56-be5d-5f0c265edc96,2026-08-03T10:45:00Z,2026-08-03T12:45:00+0200,10118.33,MW,BE,BE,forecast_load,Forecasted Load,2026-08-23T15:57:47Z
2026-08-23T15:57:37Z,2026-08-23T17:57:37+0200,4e74b68d-c003-4d56-be5d-5f0c265edc96,2026-08-03T11:00:00Z,2026-08-03T13:00:00+0200,10168.51,MW,BE,BE,forecast_load,Forecasted Load,2026-08-23T15:57:47Z
2026-08-23T15:57:37Z,2026-08-23T17:57:37+0200,4e74b68d-c003-4d56-be5d-5f0c265edc96,2026-08-03T11:15:00Z,2026-08-03T13:15:00+0200,10174.37,MW,BE,BE,forecast_load,Forecasted Load,2026-08-23T15:57:47Z
2026-08-23T15:57:37Z,2026-08-23T17:57:37+0200,4e74b68d-c003-4d56-be5d-5f0c265edc96,2026-08-03T11:30:00Z,2026-08-03T13:30:00+0200,10216.41,MW,BE,BE,forecast_load,Forecasted Load,2026-08-23T15:57:47Z
2026-08-23T15:57:37Z,2026-08-23T17:57:37+0200,4e74b68d-c003-4d56-be5d-5f0c265edc96,2026-08-03T11:45:00Z,2026-08-03T13:45:00+0200,10155.48,MW,BE,BE,forecast_load,Forecasted Load,2026-08-23T15:57:47Z
2026-08-23T15:57:37Z,2026-08-23T17:57:37+0200,4e74b68d-c003-4d56-be5d-5f0c265edc96,2026-08-03T12:00:00Z,2026-08-03T14:00:00+0200,10249.14,MW,BE,BE,forecast_load,Forecasted Load,2026-08-23T15:57:47Z
2026-08-23T15:57:37Z,2026-08-23T17:57:37+0200,4e74b68d-c003-4d56-be5d-5f0c265edc96,2026-08-03T12:15:00Z,2026-08-03T14:15:00+0200,10171.92,MW,BE,BE,forecast_load,Forecasted Load,2026-08-23T15:57:47Z
2026-08-23T15:57:37Z,2026-08-23T17:57:37+0200,4e74b68d-c003-4d56-be5d-5f0c265edc96,2026-08-03T12:30:00Z,2026-08-03T14:30:00+0200,10173.28,MW,BE,BE,forecast_load,Forecasted Load,2026-08-23T15:57:47Z
2026-08-23T15:57:37Z,2026-08-23T17:57:37+0200,4e74b68d-c003-4d56-be5d-5f0c265edc96,2026-08-03T12:45:00Z,2026-08-03T14:45:00+0200,10166.93,MW,BE,BE,forecast_load,Forecasted Load,2026-08-23T15:57:47Z
2026-08-23T15:57:37Z,2026-08-23T17:57:37+0200,4e74b68d-c003-4d56-be5d-5f0c265edc96,2026-08-03T13:00:00Z,2026-08-03T15:00:00+0200,10318.16,MW,BE,BE,forecast_load,Forecasted Load,2026-08-23T15:57:47Z
2026-08-23T15:57:37Z,2026-08-23T17:57:37+0200,4e74b68d-c003-4d56-be5d-5f0c265edc96,2026-08-03T13:15:00Z,2026-08-03T15:15:00+0200,10270.43,MW,BE,BE,forecast_load,Forecasted Load,2026-08-23T15:57:47Z
2026-08-23T15:57:37Z,2026-08-23T17:57:37+0200,4e74b68d-c003-4d56-be5d-5f0c265edc96,2026-08-03T13:30:00Z,2026-08-03T15:30:00+0200,10136.09,MW,BE,BE,forecast_load,Forecasted Load,2026-08-23T15:57:47Z
2026-08-23T15:57:37Z,2026-08-23T17:57:37+0200,4e74b68d-c003-4d56-be5d-5f0c265edc96,2026-08-03T13:45:00Z,2026-08-03T15:45:00+0200,10061.97,MW,BE,BE,forecast_load,Forecasted Load,2026-08-23T15:57:47Z
2026-08-23T15:57:37Z,2026-08-23T17:57:37+0200,4e74b68d-c003-4d56-be5d-5f0c265edc96,2026-08-03T14:00:00Z,2026-08-03T16:00:00+0200,10060.15,MW,BE,BE,forecast_load,Forecasted Load,2026-08-23T15:57:47Z
2026-08-23T15:57:37Z,2026-08-23T17:57:37+0200,4e74b68d-c003-4d56-be5d-5f0c265edc96,2026-08-03T14:15:00Z,2026-08-03T16:15:00+0200,9869.17,MW,BE,BE,forecast_load,Forecasted Load,2026-08-23T15:57:47Z
2026-08-23T15:57:37Z,2026-08-23T17:57:37+0200,4e74b68d-c003-4d56-be5d-5f0c265edc96,2026-08-03T14:30:00Z,2026-08-03T16:30:00+0200,9802.77,MW,BE,BE,forecast_load,Forecasted Load,2026-08-23T15:57:47Z
2026-08-23T15:57:37Z,2026-08-23T17:57:37+0200,4e74b68d-c003-4d56-be5d-5f0c265edc96,2026-08-03T14:45:00Z,2026-08-03T16:45:00+0200,9765.96,MW,BE,BE,forecast_load,Forecasted Load,2026-08-23T15:57:47Z
2026-08-23T15:57:37Z,2026-08-23T17:57:37+0200,4e74b68d-c003-4d56-be5d-5f0c265edc96,2026-08-03T15:00:00Z,2026-08-03T17:00:00+0200,9728.21,MW,BE,BE,forecast_load,Forecasted Load,2026-08-23T15:57:47Z
2026-08-23T15:57:37Z,2026-08-23T17:57:37+0200,4e74b68d-c003-4d56-be5d-5f0c265edc96,2026-08-03T15:15:00Z,2026-08-03T17:15:00+0200,9739.22,MW,BE,BE,forecast_load,Forecasted Load,2026-08-23T15:57:47Z
2026-08-23T15:57:37Z,2026-08-23T17:57:37+0200,4e74b68d-c003-4d56-be5d-5f0c265edc96,2026-08-03T15:30:00Z,2026-08-03T17:30:00+0200,9776.91,MW,BE,BE,forecast_load,Forecasted Load,2026-08-23T15:57:47Z
2026-08-23T15:57:37Z,2026-08-23T17:57:37+0200,4e74b68d-c003-4d56-be5d-5f0c265edc96,2026-08-03T15:45:00Z,2026-08-03T17:45:00+0200,9787.84,MW,BE,BE,forecast_load,Forecasted Load,2026-08-23T15:57:47Z
2026-08-23T15:57:37Z,2026-08-23T17:57:37+0200,4e74b68d-c003-4d56-be5d-5f0c265edc96,2026-08-03T16:00:00Z,2026-08-03T18:00:00+0200,9807.62,MW,BE,BE,forecast_load,Forecasted Load,2026-08-23T15:57:47Z
2026-08-23T15:57:37Z,2026-08-23T17:57:37+0200,4e74b68d-c003-4d56-be5d-5f0c265edc96,2026-08-03T16:15:00Z,2026-08-03T18:15:00+0200,9764.92,MW,BE,BE,forecast_load,Forecasted Load,2026-08-23T15:57:47Z
2026-08-23T15:57:37Z,2026-08-23T17:57:37+0200,4e74b68d-c003-4d56-be5d-5f0c265edc96,2026-08-03T16:30:00Z,2026-08-03T18:30:00+0200,9687.92,MW,BE,BE,forecast_load,Forecasted Load,2026-08-23T15:57:47Z
2026-08-23T15:57:37Z,2026-08-23T17:57:37+0200,4e74b68d-c003-4d56-be5d-5f0c265edc96,2026-08-03T16:45:00Z,2026-08-03T18:45:00+0200,9640.69,MW,BE,BE,forecast_load,Forecasted Load,2026-08-23T15:57:47Z
2026-08-23T15:57:37Z,2026-08-23T17:57:37+0200,4e74b68d-c003-4d56-be5d-5f0c265edc96,2026-08-03T17:00:00Z,2026-08-03T19:00:00+0200,9703.42,MW,BE,BE,forecast_load,Forecasted Load,2026-08-23T15:57:47Z
2026-08-23T15:57:37Z,2026-08-23T17:57:37+0200,4e74b68d-c003-4d56-be5d-5f0c265edc96,2026-08-03T17:15:00Z,2026-08-03T19:15:00+0200,9592.18,MW,BE,BE,forecast_load,Forecasted Load,2026-08-23T15:57:47Z
2026-08-23T15:57:37Z,2026-08-23T17:57:37+0200,4e74b68d-c003-4d56-be5d-5f0c265edc96,2026-08-03T17:30:00Z,2026-08-03T19:30:00+0200,9591.45,MW,BE,BE,forecast_load,Forecasted Load,2026-08-23T15:57:47Z
2026-08-23T15:57:37Z,2026-08-23T17:57:37+0200,4e74b68d-c003-4d56-be5d-5f0c265edc96,2026-08-03T17:45:00Z,2026-08-03T19:45:00+0200,9536.67,MW,BE,BE,forecast_load,Forecasted Load,2026-08-23T15:57:47Z
2026-08-23T15:57:37Z,2026-08-23T17:57:37+0200,4e74b68d-c003-4d56-be5d-5f0c265edc96,2026-08-03T18:00:00Z,2026-08-03T20:00:00+0200,9450.68,MW,BE,BE,forecast_load,Forecasted Load,2026-08-23T15:57:47Z
2026-08-23T15:57:37Z,2026-08-23T17:57:37+0200,4e74b68d-c003-4d56-be5d-5f0c265edc96,2026-08-03T18:15:00Z,2026-08-03T20:15:00+0200,9360.0,MW,BE,BE,forecast_load,Forecasted Load,2026-08-23T15:57:47Z
2026-08-23T15:57:37Z,2026-08-23T17:57:37+0200,4e74b68d-c003-4d56-be5d-5f0c265edc96,2026-08-03T18:30:00Z,2026-08-03T20:30:00+0200,9271.36,MW,BE,BE,forecast_load,Forecasted Load,2026-08-23T15:57:47Z
2026-08-23T15:57:37Z,2026-08-23T17:57:37+0200,4e74b68d-c003-4d56-be5d-5f0c265edc96,2026-08-03T18:45:00Z,2026-08-03T20:45:00+0200,9129.18,MW,BE,BE,forecast_load,Forecasted Load,2026-08-23T15:57:47Z
2026-08-23T15:57:37Z,2026-08-23T17:57:37+0200,4e74b68d-c003-4d56-be5d-5f0c265edc96,2026-08-03T19:00:00Z,2026-08-03T21:00:00+0200,9084.46,MW,BE,BE,forecast_load,Forecasted Load,2026-08-23T15:57:47Z
2026-08-23T15:57:37Z,2026-08-23T17:57:37+0200,4e74b68d-c003-4d56-be5d-5f0c265edc96,2026-08-03T19:15:00Z,2026-08-03T21:15:00+0200,9035.43,MW,BE,BE,forecast_load,Forecasted Load,2026-08-23T15:57:47Z
2026-08-23T15:57:37Z,2026-08-23T17:57:37+0200,4e74b68d-c003-4d56-be5d-5f0c265edc96,2026-08-03T19:30:00Z,2026-08-03T21:30:00+0200,9067.73,MW,BE,BE,forecast_load,Forecasted Load,2026-08-23T15:57:47Z
2026-08-23T15:57:37Z,2026-08-23T17:57:37+0200,4e74b68d-c003-4d56-be5d-5f0c265edc96,2026-08-03T19:45:00Z,2026-08-03T21:45:00+0200,9129.14,MW,BE,BE,forecast_load,Forecasted Load,2026-08-23T15:57:47Z
2026-08-23T15:57:37Z,2026-08-23T17:57:37+0200,4e74b68d-c003-4d56-be5d-5f0c265edc96,2026-08-03T20:00:00Z,2026-08-03T22:00:00+0200,8933.76,MW,BE,BE,forecast_load,Forecasted Load,2026-08-23T15:57:47Z
2026-08-23T15:57:37Z,2026-08-23T17:57:37+0200,4e74b68d-c003-4d56-be5d-5f0c265edc96,2026-08-03T20:15:00Z,2026-08-03T22:15:00+0200,9001.78,MW,BE,BE,forecast_load,Forecasted Load,2026-08-23T15:57:47Z
2026-08-23T15:57:37Z,2026-08-23T17:57:37+0200,4e74b68d-c003-4d56-be5d-5f0c265edc96,2026-08-03T20:30:00Z,2026-08-03T22:30:00+0200,8937.85,MW,BE,BE,forecast_load,Forecasted Load,2026-08-23T15:57:47Z
2026-08-23T15:57:37Z,2026-08-23T17:57:37+0200,4e74b68d-c003-4d56-be5d-5f0c265edc96,2026-08-03T20:45:00Z,2026-08-03T22:45:00+0200,8817.38,MW,BE,BE,forecast_load,Forecasted Load,2026-08-23T15:57:47Z
2026-08-23T15:57:37Z,2026-08-23T17:57:37+0200,4e74b68d-c003-4d56-be5d-5f0c265edc96,2026-08-03T21:00:00Z,2026-08-03T23:00:00+0200,8655.12,MW,BE,BE,forecast_load,Forecasted Load,2026-08-23T15:57:47Z
2026-08-23T15:57:37Z,2026-08-23T17:57:37+0200,4e74b68d-c003-4d56-be5d-5f0c265edc96,2026-08-03T21:15:00Z,2026-08-03T23:15:00+0200,8572.5,MW,BE,BE,forecast_load,Forecasted Load,2026-08-23T15:57:47Z
2026-08-23T15:57:37Z,2026-08-23T17:57:37+0200,4e74b68d-c003-4d56-be5d-5f0c265edc96,2026-08-03T21:30:00Z,2026-08-03T23:30:00+0200,8413.24,MW,BE,BE,forecast_load,Forecasted Load,2026-08-23T15:57:47Z
2026-08-23T15:57:37Z,2026-08-23T17:57:37+0200,4e74b68d-c003-4d56-be5d-5f0c265edc96,2026-08-03T21:45:00Z,2026-08-03T23:45:00+0200,8265.09,MW,BE,BE,forecast_load,Forecasted Load,2026-08-23T15:57:47Z
2026-08-23T15:57:37Z,2026-08-23T17:57:37+0200,4e74b68d-c003-4d56-be5d-5f0c265edc96,2026-08-03T22:00:00Z,2026-08-04T00:00:00+0200,7754.82,MW,BE,BE,forecast_load,Forecasted Load,2026-08-23T15:57:47Z
2026-08-23T15:57:37Z,2026-08-23T17:57:37+0200,4e74b68d-c003-4d56-be5d-5f0c265edc96,2026-08-03T22:15:00Z,2026-08-04T00:15:00+0200,7638.39,MW,BE,BE,forecast_load,Forecasted Load,2026-08-23T15:57:47Z
2026-08-23T15:57:37Z,2026-08-23T17:57:37+0200,4e74b68d-c003-4d56-be5d-5f0c265edc96,2026-08-03T22:30:00Z,2026-08-04T00:30:00+0200,7554.42,MW,BE,BE,forecast_load,Forecasted Load,2026-08-23T15:57:47Z
2026-08-23T15:57:37Z,2026-08-23T17:57:37+0200,4e74b68d-c003-4d56-be5d-5f0c265edc96,2026-08-03T22:45:00Z,2026-08-04T00:45:00+0200,7477.74,MW,BE,BE,forecast_load,Forecasted Load,2026-08-23T15:57:47Z
2026-08-23T15:57:37Z,2026-08-23T17:57:37+0200,4e74b68d-c003-4d56-be5d-5f0c265edc96,2026-08-03T23:00:00Z,2026-08-04T01:00:00+0200,7330.23,MW,BE,BE,forecast_load,Forecasted Load,2026-08-23T15:57:47Z
2026-08-23T15:57:37Z,2026-08-23T17:57:37+0200,4e74b68d-c003-4d56-be5d-5f0c265edc96,2026-08-03T23:15:00Z,2026-08-04T01:15:00+0200,7287.19,MW,BE,BE,forecast_load,Forecasted Load,2026-08-23T15:57:47Z
2026-08-23T15:57:37Z,2026-08-23T17:57:37+0200,4e74b68d-c003-4d56-be5d-5f0c265edc96,2026-08-03T23:30:00Z,2026-08-04T01:30:00+0200,7258.73,MW,BE,BE,forecast_load,Forecasted Load,2026-08-23T15:57:47Z
2026-08-23T15:57:37Z,2026-08-23T17:57:37+0200,4e74b68d-c003-4d56-be5d-5f0c265edc96,2026-08-03T23:45:00Z,2026-08-04T01:45:00+0200,7173.04,MW,BE,BE,forecast_load,Forecasted Load,2026-08-23T15:57:47Z
2026-08-23T15:57:37Z,2026-08-23T17:57:37+0200,4e74b68d-c003-4d56-be5d-5f0c265edc96,2026-08-04T00:00:00Z,2026-08-04T02:00:00+0200,7309.73,MW,BE,BE,forecast_load,Forecasted Load,2026-08-23T15:57:47Z
2026-08-23T15:57:37Z,2026-08-23T17:57:37+0200,4e74b68d-c003-4d56-be5d-5f0c265edc96,2026-08-04T00:15:00Z,2026-08-04T02:15:00+0200,7277.47,MW,BE,BE,forecast_load,Forecasted Load,2026-08-23T15:57:47Z
2026-08-23T15:57:37Z,2026-08-23T17:57:37+0200,4e74b68d-c003-4d56-be5d-5f0c265edc96,2026-08-04T00:30:00Z,2026-08-04T02:30:00+0200,7262.09,MW,BE,BE,forecast_load,Forecasted Load,2026-08-23T15:57:47Z
2026-08-23T15:57:37Z,2026-08-23T17:57:37+0200,4e74b68d-c003-4d56-be5d-5f0c265edc96,2026-08-04T00:45:00Z,2026-08-04T02:45:00+0200,7235.19,MW,BE,BE,forecast_load,Forecasted Load,2026-08-23T15:57:47Z
2026-08-23T15:57:37Z,2026-08-23T17:57:37+0200,4e74b68d-c003-4d56-be5d-5f0c265edc96,2026-08-04T01:00:00Z,2026-08-04T03:00:00+0200,7204.0,MW,BE,BE,forecast_load,Forecasted Load,2026-08-23T15:57:47Z
2026-08-23T15:57:37Z,2026-08-23T17:57:37+0200,4e74b68d-c003-4d56-be5d-5f0c265edc96,2026-08-04T01:15:00Z,2026-08-04T03:15:00+0200,7196.97,MW,BE,BE,forecast_load,Forecasted Load,2026-08-23T15:57:47Z
2026-08-23T15:57:37Z,2026-08-23T17:57:37+0200,4e74b68d-c003-4d56-be5d-5f0c265edc96,2026-08-04T01:30:00Z,2026-08-04T03:30:00+0200,7192.38,MW,BE,BE,forecast_load,Forecasted Load,2026-08-23T15:57:47Z
2026-08-23T15:57:37Z,2026-08-23T17:57:37+0200,4e74b68d-c003-4d56-be5d-5f0c265edc96,2026-08-04T01:45:00Z,2026-08-04T03:45:00+0200,7175.36,MW,BE,BE,forecast_load,Forecasted Load,2026-08-23T15:57:47Z
2026-08-23T15:57:37Z,2026-08-23T17:57:37+0200,4e74b68d-c003-4d56-be5d-5f0c265edc96,2026-08-04T02:00:00Z,2026-08-04T04:00:00+0200,7244.56,MW,BE,BE,forecast_load,Forecasted Load,2026-08-23T15:57:47Z
2026-08-23T15:57:37Z,2026-08-23T17:57:37+0200,4e74b68d-c003-4d56-be5d-5f0c265edc96,2026-08-04T02:15:00Z,2026-08-04T04:15:00+0200,7236.62,MW,BE,BE,forecast_load,Forecasted Load,2026-08-23T15:57:47Z
2026-08-23T15:57:37Z,2026-08-23T17:57:37+0200,4e74b68d-c003-4d56-be5d-5f0c265edc96,2026-08-04T02:30:00Z,2026-08-04T04:30:00+0200,7234.14,MW,BE,BE,forecast_load,Forecasted Load,2026-08-23T15:57:47Z
2026-08-23T15:57:37Z,2026-08-23T17:57:37+0200,4e74b68d-c003-4d56-be5d-5f0c265edc96,2026-08-04T02:45:00Z,2026-08-04T04:45:00+0200,7252.42,MW,BE,BE,forecast_load,Forecasted Load,2026-08-23T15:57:47Z
2026-08-23T15:57:37Z,2026-08-23T17:57:37+0200,4e74b68d-c003-4d56-be5d-5f0c265edc96,2026-08-04T03:00:00Z,2026-08-04T05:00:00+0200,7414.84,MW,BE,BE,forecast_load,Forecasted Load,2026-08-23T15:57:47Z
2026-08-23T15:57:37Z,2026-08-23T17:57:37+0200,4e74b68d-c003-4d56-be5d-5f0c265edc96,2026-08-04T03:15:00Z,2026-08-04T05:15:00+0200,7434.45,MW,BE,BE,forecast_load,Forecasted Load,2026-08-23T15:57:47Z
2026-08-23T15:57:37Z,2026-08-23T17:57:37+0200,4e74b68d-c003-4d56-be5d-5f0c265edc96,2026-08-04T03:30:00Z,2026-08-04T05:30:00+0200,7472.49,MW,BE,BE,forecast_load,Forecasted Load,2026-08-23T15:57:47Z
2026-08-23T15:57:37Z,2026-08-23T17:57:37+0200,4e74b68d-c003-4d56-be5d-5f0c265edc96,2026-08-04T03:45:00Z,2026-08-04T05:45:00+0200,7519.12,MW,BE,BE,forecast_load,Forecasted Load,2026-08-23T15:57:47Z
2026-08-23T15:57:37Z,2026-08-23T17:57:37+0200,4e74b68d-c003-4d56-be5d-5f0c265edc96,2026-08-04T04:00:00Z,2026-08-04T06:00:00+0200,7767.81,MW,BE,BE,forecast_load,Forecasted Load,2026-08-23T15:57:47Z
2026-08-23T15:57:37Z,2026-08-23T17:57:37+0200,4e74b68d-c003-4d56-be5d-5f0c265edc96,2026-08-04T04:15:00Z,2026-08-04T06:15:00+0200,7898.92,MW,BE,BE,forecast_load,Forecasted Load,2026-08-23T15:57:47Z
2026-08-23T15:57:37Z,2026-08-23T17:57:37+0200,4e74b68d-c003-4d56-be5d-5f0c265edc96,2026-08-04T04:30:00Z,2026-08-04T06:30:00+0200,8045.71,MW,BE,BE,forecast_load,Forecasted Load,2026-08-23T15:57:47Z
2026-08-23T15:57:37Z,2026-08-23T17:57:37+0200,4e74b68d-c003-4d56-be5d-5f0c265edc96,2026-08-04T04:45:00Z,2026-08-04T06:45:00+0200,8176.76,MW,BE,BE,forecast_load,Forecasted Load,2026-08-23T15:57:47Z
2026-08-23T15:57:37Z,2026-08-23T17:57:37+0200,4e74b68d-c003-4d56-be5d-5f0c265edc96,2026-08-04T05:00:00Z,2026-08-04T07:00:00+0200,8373.46,MW,BE,BE,forecast_load,Forecasted Load,2026-08-23T15:57:47Z
2026-08-23T15:57:37Z,2026-08-23T17:57:37+0200,4e74b68d-c003-4d56-be5d-5f0c265edc96,2026-08-04T05:15:00Z,2026-08-04T07:15:00+0200,8542.21,MW,BE,BE,forecast_load,Forecasted Load,2026-08-23T15:57:47Z
2026-08-23T15:57:37Z,2026-08-23T17:57:37+0200,4e74b68d-c003-4d56-be5d-5f0c265edc96,2026-08-04T05:30:00Z,2026-08-04T07:30:00+0200,8722.22,MW,BE,BE,forecast_load,Forecasted Load,2026-08-23T15:57:47Z
2026-08-23T15:57:37Z,2026-08-23T17:57:37+0200,4e74b68d-c003-4d56-be5d-5f0c265edc96,2026-08-04T05:45:00Z,2026-08-04T07:45:00+0200,8869.18,MW,BE,BE,forecast_load,Forecasted Load,2026-08-23T15:57:47Z
2026-08-23T15:57:37Z,2026-08-23T17:57:37+0200,4e74b68d-c003-4d56-be5d-5f0c265edc96,2026-08-04T06:00:00Z,2026-08-04T08:00:00+0200,8916.0,MW,BE,BE,forecast_load,Forecasted Load,2026-08-23T15:57:47Z
2026-08-23T15:57:37Z,2026-08-23T17:57:37+0200,4e74b68d-c003-4d56-be5d-5f0c265edc96,2026-08-04T06:15:00Z,2026-08-04T08:15:00+0200,9080.61,MW,BE,BE,forecast_load,Forecasted Load,2026-08-23T15:57:47Z
2026-08-23T15:57:37Z,2026-08-23T17:57:37+0200,4e74b68d-c003-4d56-be5d-5f0c265edc96,2026-08-04T06:30:00Z,2026-08-04T08:30:00+0200,9277.77,MW,BE,BE,forecast_load,Forecasted Load,2026-08-23T15:57:47Z
2026-08-23T15:57:37Z,2026-08-23T17:57:37+0200,4e74b68d-c003-4d56-be5d-5f0c265edc96,2026-08-04T06:45:00Z,2026-08-04T08:45:00+0200,9437.38,MW,BE,BE,forecast_load,Forecasted Load,2026-08-23T15:57:47Z
2026-08-23T15:57:37Z,2026-08-23T17:57:37+0200,4e74b68d-c003-4d56-be5d-5f0c265edc96,2026-08-04T07:00:00Z,2026-08-04T09:00:00+0200,9407.54,MW,BE,BE,forecast_load,Forecasted Load,2026-08-23T15:57:47Z
2026-08-23T15:57:37Z,2026-08-23T17:57:37+0200,4e74b68d-c003-4d56-be5d-5f0c265edc96,2026-08-04T07:15:00Z,2026-08-04T09:15:00+0200,9509.45,MW,BE,BE,forecast_load,Forecasted Load,2026-08-23T15:57:47Z
2026-08-23T15:57:37Z,2026-08-23T17:57:37+0200,4e74b68d-c003-4d56-be5d-5f0c265edc96,2026-08-04T07:30:00Z,2026-08-04T09:30:00+0200,9619.22,MW,BE,BE,forecast_load,Forecasted Load,2026-08-23T15:57:47Z
2026-08-23T15:57:37Z,2026-08-23T17:57:37+0200,4e74b68d-c003-4d56-be5d-5f0c265edc96,2026-08-04T07:45:00Z,2026-08-04T09:45:00+0200,9690.24,MW,BE,BE,forecast_load,Forecasted Load,2026-08-23T15:57:47Z
2026-08-23T15:57:37Z,2026-08-23T17:57:37+0200,4e74b68d-c003-4d56-be5d-5f0c265edc96,2026-08-04T08:00:00Z,2026-08-04T10:00:00+0200,9707.06,MW,BE,BE,forecast_load,Forecasted Load,2026-08-23T15:57:47Z
2026-08-23T15:57:37Z,2026-08-23T17:57:37+0200,4e74b68d-c003-4d56-be5d-5f0c265edc96,2026-08-04T08:15:00Z,2026-08-04T10:15:00+0200,9808.38,MW,BE,BE,forecast_load,Forecasted Load,2026-08-23T15:57:47Z
2026-08-23T15:57:37Z,2026-08-23T17:57:37+0200,4e74b68d-c003-4d56-be5d-5f0c265edc96,2026-08-04T08:30:00Z,2026-08-04T10:30:00+0200,9872.05,MW,BE,BE,forecast_load,Forecasted Load,2026-08-23T15:57:47Z
2026-08-23T15:57:37Z,2026-08-23T17:57:37+0200,4e74b68d-c003-4d56-be5d-5f0c265edc96,2026-08-04T08:45:00Z,2026-08-04T10:45:00+0200,10001.78,MW,BE,BE,forecast_load,Forecasted Load,2026-08-23T15:57:47Z
2026-08-23T15:57:37Z,2026-08-23T17:57:37+0200,4e74b68d-c003-4d56-be5d-5f0c265edc96,2026-08-04T09:00:00Z,2026-08-04T11:00:00+0200,10104.53,MW,BE,BE,forecast_load,Forecasted Load,2026-08-23T15:57:47Z
2026-08-23T15:57:37Z,2026-08-23T17:57:37+0200,4e74b68d-c003-4d56-be5d-5f0c265edc96,2026-08-04T09:15:00Z,2026-08-04T11:15:00+0200,10175.38,MW,BE,BE,forecast_load,Forecasted Load,2026-08-23T15:57:47Z
2026-08-23T15:57:37Z,2026-08-23T17:57:37+0200,4e74b68d-c003-4d56-be5d-5f0c265edc96,2026-08-04T09:30:00Z,2026-08-04T11:30:00+0200,10228.98,MW,BE,BE,forecast_load,Forecasted Load,2026-08-23T15:57:47Z
2026-08-23T15:57:37Z,2026-08-23T17:57:37+0200,4e74b68d-c003-4d56-be5d-5f0c265edc96,2026-08-04T09:45:00Z,2026-08-04T11:45:00+0200,10270.13,MW,BE,BE,forecast_load,Forecasted Load,2026-08-23T15:57:47Z
2026-08-23T15:57:37Z,2026-08-23T17:57:37+0200,4e74b68d-c003-4d56-be5d-5f0c265edc96,2026-08-04T10:00:00Z,2026-08-04T12:00:00+0200,10335.36,MW,BE,BE,forecast_load,Forecasted Load,2026-08-23T15:57:47Z
2026-08-23T15:57:37Z,2026-08-23T17:57:37+0200,4e74b68d-c003-4d56-be5d-5f0c265edc96,2026-08-04T10:15:00Z,2026-08-04T12:15:00+0200,10322.14,MW,BE,BE,forecast_load,Forecasted Load,2026-08-23T15:57:47Z
2026-08-23T15:57:37Z,2026-08-23T17:57:37+0200,4e74b68d-c003-4d56-be5d-5f0c265edc96,2026-08-04T10:30:00Z,2026-08-04T12:30:00+0200,10354.91,MW,BE,BE,forecast_load,Forecasted Load,2026-08-23T15:57:47Z
2026-08-23T15:57:37Z,2026-08-23T17:57:37+0200,4e74b68d-c003-4d56-be5d-5f0c265edc96,2026-08-04T10:45:00Z,2026-08-04T12:45:00+0200,10412.92,MW,BE,BE,forecast_load,Forecasted Load,2026-08-23T15:57:47Z
2026-08-23T15:57:37Z,2026-08-23T17:57:37+0200,4e74b68d-c003-4d56-be5d-5f0c265edc96,2026-08-04T11:00:00Z,2026-08-04T13:00:00+0200,10315.48,MW,BE,BE,forecast_load,Forecasted Load,2026-08-23T15:57:47Z
2026-08-23T15:57:37Z,2026-08-23T17:57:37+0200,4e74b68d-c003-4d56-be5d-5f0c265edc96,2026-08-04T11:15:00Z,2026-08-04T13:15:00+0200,10321.33,MW,BE,BE,forecast_load,Forecasted Load,2026-08-23T15:57:47Z
2026-08-23T15:57:37Z,2026-08-23T17:57:37+0200,4e74b68d-c003-4d56-be5d-5f0c265edc96,2026-08-04T11:30:00Z,2026-08-04T13:30:00+0200,10282.25,MW,BE,BE,forecast_load,Forecasted Load,2026-08-23T15:57:47Z
2026-08-23T15:57:37Z,2026-08-23T17:57:37+0200,4e74b68d-c003-4d56-be5d-5f0c265edc96,2026-08-04T11:45:00Z,2026-08-04T13:45:00+0200,10209.62,MW,BE,BE,forecast_load,Forecasted Load,2026-08-23T15:57:47Z
2026-08-23T15:57:37Z,2026-08-23T17:57:37+0200,4e74b68d-c003-4d56-be5d-5f0c265edc96,2026-08-04T12:00:00Z,2026-08-04T14:00:00+0200,10279.12,MW,BE,BE,forecast_load,Forecasted Load,2026-08-23T15:57:47Z
2026-08-23T15:57:37Z,2026-08-23T17:57:37+0200,4e74b68d-c003-4d56-be5d-5f0c265edc96,2026-08-04T12:15:00Z,2026-08-04T14:15:00+0200,10230.51,MW,BE,BE,forecast_load,Forecasted Load,2026-08-23T15:57:47Z
2026-08-23T15:57:37Z,2026-08-23T17:57:37+0200,4e74b68d-c003-4d56-be5d-5f0c265edc96,2026-08-04T12:30:00Z,2026-08-04T14:30:00+0200,10174.33,MW,BE,BE,forecast_load,Forecasted Load,2026-08-23T15:57:47Z
2026-08-23T15:57:37Z,2026-08-23T17:57:37+0200,4e74b68d-c003-4d56-be5d-5f0c265edc96,2026-08-04T12:45:00Z,2026-08-04T14:45:00+0200,10095.69,MW,BE,BE,forecast_load,Forecasted Load,2026-08-23T15:57:47Z
2026-08-23T15:57:37Z,2026-08-23T17:57:37+0200,4e74b68d-c003-4d56-be5d-5f0c265edc96,2026-08-04T13:00:00Z,2026-08-04T15:00:00+0200,10140.51,MW,BE,BE,forecast_load,Forecasted Load,2026-08-23T15:57:47Z
2026-08-23T15:57:37Z,2026-08-23T17:57:37+0200,4e74b68d-c003-4d56-be5d-5f0c265edc96,2026-08-04T13:15:00Z,2026-08-04T15:15:00+0200,10036.41,MW,BE,BE,forecast_load,Forecasted Load,2026-08-23T15:57:47Z
2026-08-23T15:57:37Z,2026-08-23T17:57:37+0200,4e74b68d-c003-4d56-be5d-5f0c265edc96,2026-08-04T13:30:00Z,2026-08-04T15:30:00+0200,9938.96,MW,BE,BE,forecast_load,Forecasted Load,2026-08-23T15:57:47Z
2026-08-23T15:57:37Z,2026-08-23T17:57:37+0200,4e74b68d-c003-4d56-be5d-5f0c265edc96,2026-08-04T13:45:00Z,2026-08-04T15:45:00+0200,9862.74,MW,BE,BE,forecast_load,Forecasted Load,2026-08-23T15:57:47Z
2026-08-23T15:57:37Z,2026-08-23T17:57:37+0200,4e74b68d-c003-4d56-be5d-5f0c265edc96,2026-08-04T14:00:00Z,2026-08-04T16:00:00+0200,9895.17,MW,BE,BE,forecast_load,Forecasted Load,2026-08-23T15:57:47Z
2026-08-23T15:57:37Z,2026-08-23T17:57:37+0200,4e74b68d-c003-4d56-be5d-5f0c265edc96,2026-08-04T14:15:00Z,2026-08-04T16:15:00+0200,9797.24,MW,BE,BE,forecast_load,Forecasted Load,2026-08-23T15:57:47Z
2026-08-23T15:57:37Z,2026-08-23T17:57:37+0200,4e74b68d-c003-4d56-be5d-5f0c265edc96,2026-08-04T14:30:00Z,2026-08-04T16:30:00+0200,9750.1,MW,BE,BE,forecast_load,Forecasted Load,2026-08-23T15:57:47Z
2026-08-23T15:57:37Z,2026-08-23T17:57:37+0200,4e74b68d-c003-4d56-be5d-5f0c265edc96,2026-08-04T14:45:00Z,2026-08-04T16:45:00+0200,9711.16,MW,BE,BE,forecast_load,Forecasted Load,2026-08-23T15:57:47Z
2026-08-23T15:57:37Z,2026-08-23T17:57:37+0200,4e74b68d-c003-4d56-be5d-5f0c265edc96,2026-08-04T15:00:00Z,2026-08-04T17:00:00+0200,9815.45,MW,BE,BE,forecast_load,Forecasted Load,2026-08-23T15:57:47Z
2026-08-23T15:57:37Z,2026-08-23T17:57:37+0200,4e74b68d-c003-4d56-be5d-5f0c265edc96,2026-08-04T15:15:00Z,2026-08-04T17:15:00+0200,9713.04,MW,BE,BE,forecast_load,Forecasted Load,2026-08-23T15:57:47Z
2026-08-23T15:57:37Z,2026-08-23T17:57:37+0200,4e74b68d-c003-4d56-be5d-5f0c265edc96,2026-08-04T15:30:00Z,2026-08-04T17:30:00+0200,9728.11,MW,BE,BE,forecast_load,Forecasted Load,2026-08-23T15:57:47Z
2026-08-23T15:57:37Z,2026-08-23T17:57:37+0200,4e74b68d-c003-4d56-be5d-5f0c265edc96,2026-08-04T15:45:00Z,2026-08-04T17:45:00+0200,9688.12,MW,BE,BE,forecast_load,Forecasted Load,2026-08-23T15:57:47Z
2026-08-23T15:57:37Z,2026-08-23T17:57:37+0200,4e74b68d-c003-4d56-be5d-5f0c265edc96,2026-08-04T16:00:00Z,2026-08-04T18:00:00+0200,9732.53,MW,BE,BE,forecast_load,Forecasted Load,2026-08-23T15:57:47Z
2026-08-23T15:57:37Z,2026-08-23T17:57:37+0200,4e74b68d-c003-4d56-be5d-5f0c265edc96,2026-08-04T16:15:00Z,2026-08-04T18:15:00+0200,9683.47,MW,BE,BE,forecast_load,Forecasted Load,2026-08-23T15:57:47Z
2026-08-23T15:57:37Z,2026-08-23T17:57:37+0200,4e74b68d-c003-4d56-be5d-5f0c265edc96,2026-08-04T16:30:00Z,2026-08-04T18:30:00+0200,9676.23,MW,BE,BE,forecast_load,Forecasted Load,2026-08-23T15:57:47Z
2026-08-23T15:57:37Z,2026-08-23T17:57:37+0200,4e74b68d-c003-4d56-be5d-5f0c265edc96,2026-08-04T16:45:00Z,2026-08-04T18:45:00+0200,9653.66,MW,BE,BE,forecast_load,Forecasted Load,2026-08-23T15:57:47Z
2026-08-23T15:57:37Z,2026-08-23T17:57:37+0200,4e74b68d-c003-4d56-be5d-5f0c265edc96,2026-08-04T17:00:00Z,2026-08-04T19:00:00+0200,9563.66,MW,BE,BE,forecast_load,Forecasted Load,2026-08-23T15:57:47Z
2026-08-23T15:57:37Z,2026-08-23T17:57:37+0200,4e74b68d-c003-4d56-be5d-5f0c265edc96,2026-08-04T17:15:00Z,2026-08-04T19:15:00+0200,9498.24,MW,BE,BE,forecast_load,Forecasted Load,2026-08-23T15:57:47Z
2026-08-23T15:57:37Z,2026-08-23T17:57:37+0200,4e74b68d-c003-4d56-be5d-5f0c265edc96,2026-08-04T17:30:00Z,2026-08-04T19:30:00+0200,9467.26,MW,BE,BE,forecast_load,Forecasted Load,2026-08-23T15:57:47Z
2026-08-23T15:57:37Z,2026-08-23T17:57:37+0200,4e74b68d-c003-4d56-be5d-5f0c265edc96,2026-08-04T17:45:00Z,2026-08-04T19:45:00+0200,9426.39,MW,BE,BE,forecast_load,Forecasted Load,2026-08-23T15:57:47Z
2026-08-23T15:57:37Z,2026-08-23T17:57:37+0200,4e74b68d-c003-4d56-be5d-5f0c265edc96,2026-08-04T18:00:00Z,2026-08-04T20:00:00+0200,9493.48,MW,BE,BE,forecast_load,Forecasted Load,2026-08-23T15:57:47Z
2026-08-23T15:57:37Z,2026-08-23T17:57:37+0200,4e74b68d-c003-4d56-be5d-5f0c265edc96,2026-08-04T18:15:00Z,2026-08-04T20:15:00+0200,9403.69,MW,BE,BE,forecast_load,Forecasted Load,2026-08-23T15:57:47Z
2026-08-23T15:57:37Z,2026-08-23T17:57:37+0200,4e74b68d-c003-4d56-be5d-5f0c265edc96,2026-08-04T18:30:00Z,2026-08-04T20:30:00+0200,9302.06,MW,BE,BE,forecast_load,Forecasted Load,2026-08-23T15:57:47Z
2026-08-23T15:57:37Z,2026-08-23T17:57:37+0200,4e74b68d-c003-4d56-be5d-5f0c265edc96,2026-08-04T18:45:00Z,2026-08-04T20:45:00+0200,9226.35,MW,BE,BE,forecast_load,Forecasted Load,2026-08-23T15:57:47Z
2026-08-23T15:57:37Z,2026-08-23T17:57:37+0200,4e74b68d-c003-4d56-be5d-5f0c265edc96,2026-08-04T19:00:00Z,2026-08-04T21:00:00+0200,9211.0,MW,BE,BE,forecast_load,Forecasted Load,2026-08-23T15:57:47Z
2026-08-23T15:57:37Z,2026-08-23T17:57:37+0200,4e74b68d-c003-4d56-be5d-5f0c265edc96,2026-08-04T19:15:00Z,2026-08-04T21:15:00+0200,9144.82,MW,BE,BE,forecast_load,Forecasted Load,2026-08-23T15:57:47Z
2026-08-23T15:57:37Z,2026-08-23T17:57:37+0200,4e74b68d-c003-4d56-be5d-5f0c265edc96,2026-08-04T19:30:00Z,2026-08-04T21:30:00+0200,9133.3,MW,BE,BE,forecast_load,Forecasted Load,2026-08-23T15:57:47Z
2026-08-23T15:57:37Z,2026-08-23T17:57:37+0200,4e74b68d-c003-4d56-be5d-5f0c265edc96,2026-08-04T19:45:00Z,2026-08-04T21:45:00+0200,9174.53,MW,BE,BE,forecast_load,Forecasted Load,2026-08-23T15:57:47Z
2026-08-23T15:57:37Z,2026-08-23T17:57:37+0200,4e74b68d-c003-4d56-be5d-5f0c265edc96,2026-08-04T20:00:00Z,2026-08-04T22:00:00+0200,9186.13,MW,BE,BE,forecast_load,Forecasted Load,2026-08-23T15:57:47Z
2026-08-23T15:57:37Z,2026-08-23T17:57:37+0200,4e74b68d-c003-4d56-be5d-5f0c265edc96,2026-08-04T20:15:00Z,2026-08-04T22:15:00+0200,9213.87,MW,BE,BE,forecast_load,Forecasted Load,2026-08-23T15:57:47Z
2026-08-23T15:57:37Z,2026-08-23T17:57:37+0200,4e74b68d-c003-4d56-be5d-5f0c265edc96,2026-08-04T20:30:00Z,2026-08-04T22:30:00+0200,9168.3,MW,BE,BE,forecast_load,Forecasted Load,2026-08-23T15:57:47Z
2026-08-23T15:57:37Z,2026-08-23T17:57:37+0200,4e74b68d-c003-4d56-be5d-5f0c265edc96,2026-08-04T20:45:00Z,2026-08-04T22:45:00+0200,9112.47,MW,BE,BE,forecast_load,Forecasted Load,2026-08-23T15:57:47Z
2026-08-23T15:57:37Z,2026-08-23T17:57:37+0200,4e74b68d-c003-4d56-be5d-5f0c265edc96,2026-08-04T21:00:00Z,2026-08-04T23:00:00+0200,8891.82,MW,BE,BE,forecast_load,Forecasted Load,2026-08-23T15:57:47Z
2026-08-23T15:57:37Z,2026-08-23T17:57:37+0200,4e74b68d-c003-4d56-be5d-5f0c265edc96,2026-08-04T21:15:00Z,2026-08-04T23:15:00+0200,8792.81,MW,BE,BE,forecast_load,Forecasted Load,2026-08-23T15:57:47Z
2026-08-23T15:57:37Z,2026-08-23T17:57:37+0200,4e74b68d-c003-4d56-be5d-5f0c265edc96,2026-08-04T21:30:00Z,2026-08-04T23:30:00+0200,8648.1,MW,BE,BE,forecast_load,Forecasted Load,2026-08-23T15:57:47Z
2026-08-23T15:57:37Z,2026-08-23T17:57:37+0200,4e74b68d-c003-4d56-be5d-5f0c265edc96,2026-08-04T21:45:00Z,2026-08-04T23:45:00+0200,8555.17,MW,BE,BE,forecast_load,Forecasted Load,2026-08-23T15:57:47Z
2026-08-23T15:57:37Z,2026-08-23T17:57:37+0200,4e74b68d-c003-4d56-be5d-5f0c265edc96,2026-08-04T22:00:00Z,2026-08-05T00:00:00+0200,8406.49,MW,BE,BE,forecast_load,Forecasted Load,2026-08-23T15:57:47Z
2026-08-23T15:57:37Z,2026-08-23T17:57:37+0200,4e74b68d-c003-4d56-be5d-5f0c265edc96,2026-08-04T22:15:00Z,2026-08-05T00:15:00+0200,8276.98,MW,BE,BE,forecast_load,Forecasted Load,2026-08-23T15:57:47Z
2026-08-23T15:57:37Z,2026-08-23T17:57:37+0200,4e74b68d-c003-4d56-be5d-5f0c265edc96,2026-08-04T22:30:00Z,2026-08-05T00:30:00+0200,8162.75,MW,BE,BE,forecast_load,Forecasted Load,2026-08-23T15:57:47Z
2026-08-23T15:57:37Z,2026-08-23T17:57:37+0200,4e74b68d-c003-4d56-be5d-5f0c265edc96,2026-08-04T22:45:00Z,2026-08-05T00:45:00+0200,8107.16,MW,BE,BE,forecast_load,Forecasted Load,2026-08-23T15:57:47Z
2026-08-23T15:57:37Z,2026-08-23T17:57:37+0200,4e74b68d-c003-4d56-be5d-5f0c265edc96,2026-08-04T23:00:00Z,2026-08-05T01:00:00+0200,8036.43,MW,BE,BE,forecast_load,Forecasted Load,2026-08-23T15:57:47Z
2026-08-23T15:57:37Z,2026-08-23T17:57:37+0200,4e74b68d-c003-4d56-be5d-5f0c265edc96,2026-08-04T23:15:00Z,2026-08-05T01:15:00+0200,7953.56,MW,BE,BE,forecast_load,Forecasted Load,2026-08-23T15:57:47Z
2026-08-23T15:57:37Z,2026-08-23T17:57:37+0200,4e74b68d-c003-4d56-be5d-5f0c265edc96,2026-08-04T23:30:00Z,2026-08-05T01:30:00+0200,7872.92,MW,BE,BE,forecast_load,Forecasted Load,2026-08-23T15:57:47Z
2026-08-23T15:57:37Z,2026-08-23T17:57:37+0200,4e74b68d-c003-4d56-be5d-5f0c265edc96,2026-08-04T23:45:00Z,2026-08-05T01:45:00+0200,7800.51,MW,BE,BE,forecast_load,Forecasted Load,2026-08-23T15:57:47Z
2026-08-23T15:57:37Z,2026-08-23T17:57:37+0200,4e74b68d-c003-4d56-be5d-5f0c265edc96,2026-08-05T00:00:00Z,2026-08-05T02:00:00+0200,7651.34,MW,BE,BE,forecast_load,Forecasted Load,2026-08-23T15:57:47Z
2026-08-23T15:57:37Z,2026-08-23T17:57:37+0200,4e74b68d-c003-4d56-be5d-5f0c265edc96,2026-08-05T00:15:00Z,2026-08-05T02:15:00+0200,7617.5,MW,BE,BE,forecast_load,Forecasted Load,2026-08-23T15:57:47Z
2026-08-23T15:57:37Z,2026-08-23T17:57:37+0200,4e74b68d-c003-4d56-be5d-5f0c265edc96,2026-08-05T00:30:00Z,2026-08-05T02:30:00+0200,7601.31,MW,BE,BE,forecast_load,Forecasted Load,2026-08-23T15:57:47Z
2026-08-23T15:57:37Z,2026-08-23T17:57:37+0200,4e74b68d-c003-4d56-be5d-5f0c265edc96,2026-08-05T00:45:00Z,2026-08-05T02:45:00+0200,7573.06,MW,BE,BE,forecast_load,Forecasted Load,2026-08-23T15:57:47Z
2026-08-23T15:57:37Z,2026-08-23T17:57:37+0200,4e74b68d-c003-4d56-be5d-5f0c265edc96,2026-08-05T01:00:00Z,2026-08-05T03:00:00+0200,7444.6,MW,BE,BE,forecast_load,Forecasted Load,2026-08-23T15:57:47Z
2026-08-23T15:57:37Z,2026-08-23T17:57:37+0200,4e74b68d-c003-4d56-be5d-5f0c265edc96,2026-08-05T01:15:00Z,2026-08-05T03:15:00+0200,7437.24,MW,BE,BE,forecast_load,Forecasted Load,2026-08-23T15:57:47Z
2026-08-23T15:57:37Z,2026-08-23T17:57:37+0200,4e74b68d-c003-4d56-be5d-5f0c265edc96,2026-08-05T01:30:00Z,2026-08-05T03:30:00+0200,7432.37,MW,BE,BE,forecast_load,Forecasted Load,2026-08-23T15:57:47Z
2026-08-23T15:57:37Z,2026-08-23T17:57:37+0200,4e74b68d-c003-4d56-be5d-5f0c265edc96,2026-08-05T01:45:00Z,2026-08-05T03:45:00+0200,7414.77,MW,BE,BE,forecast_load,Forecasted Load,2026-08-23T15:57:47Z
2026-08-23T15:57:37Z,2026-08-23T17:57:37+0200,4e74b68d-c003-4d56-be5d-5f0c265edc96,2026-08-05T02:00:00Z,2026-08-05T04:00:00+0200,7314.16,MW,BE,BE,forecast_load,Forecasted Load,2026-08-23T15:57:47Z
2026-08-23T15:57:37Z,2026-08-23T17:57:37+0200,4e74b68d-c003-4d56-be5d-5f0c265edc96,2026-08-05T02:15:00Z,2026-08-05T04:15:00+0200,7306.11,MW,BE,BE,forecast_load,Forecasted Load,2026-08-23T15:57:47Z
2026-08-23T15:57:37Z,2026-08-23T17:57:37+0200,4e74b68d-c003-4d56-be5d-5f0c265edc96,2026-08-05T02:30:00Z,2026-08-05T04:30:00+0200,7303.61,MW,BE,BE,forecast_load,Forecasted Load,2026-08-23T15:57:47Z
2026-08-23T15:57:37Z,2026-08-23T17:57:37+0200,4e74b68d-c003-4d56-be5d-5f0c265edc96,2026-08-05T02:45:00Z,2026-08-05T04:45:00+0200,7322.07,MW,BE,BE,forecast_load,Forecasted Load,2026-08-23T15:57:47Z
2026-08-23T15:57:37Z,2026-08-23T17:57:37+0200,4e74b68d-c003-4d56-be5d-5f0c265edc96,2026-08-05T03:00:00Z,2026-08-05T05:00:00+0200,7348.16,MW,BE,BE,forecast_load,Forecasted Load,2026-08-23T15:57:47Z
2026-08-23T15:57:37Z,2026-08-23T17:57:37+0200,4e74b68d-c003-4d56-be5d-5f0c265edc96,2026-08-05T03:15:00Z,2026-08-05T05:15:00+0200,7367.64,MW,BE,BE,forecast_load,Forecasted Load,2026-08-23T15:57:47Z
2026-08-23T15:57:37Z,2026-08-23T17:57:37+0200,4e74b68d-c003-4d56-be5d-5f0c265edc96,2026-08-05T03:30:00Z,2026-08-05T05:30:00+0200,7405.38,MW,BE,BE,forecast_load,Forecasted Load,2026-08-23T15:57:47Z
2026-08-23T15:57:37Z,2026-08-23T17:57:37+0200,4e74b68d-c003-4d56-be5d-5f0c265edc96,2026-08-05T03:45:00Z,2026-08-05T05:45:00+0200,7451.79,MW,BE,BE,forecast_load,Forecasted Load,2026-08-23T15:57:47Z
2026-08-23T15:57:37Z,2026-08-23T17:57:37+0200,4e74b68d-c003-4d56-be5d-5f0c265edc96,2026-08-05T04:00:00Z,2026-08-05T06:00:00+0200,7591.54,MW,BE,BE,forecast_load,Forecasted Load,2026-08-23T15:57:47Z
2026-08-23T15:57:37Z,2026-08-23T17:57:37+0200,4e74b68d-c003-4d56-be5d-5f0c265edc96,2026-08-05T04:15:00Z,2026-08-05T06:15:00+0200,7719.66,MW,BE,BE,forecast_load,Forecasted Load,2026-08-23T15:57:47Z
2026-08-23T15:57:37Z,2026-08-23T17:57:37+0200,4e74b68d-c003-4d56-be5d-5f0c265edc96,2026-08-05T04:30:00Z,2026-08-05T06:30:00+0200,7863.1,MW,BE,BE,forecast_load,Forecasted Load,2026-08-23T15:57:47Z
2026-08-23T15:57:37Z,2026-08-23T17:57:37+0200,4e74b68d-c003-4d56-be5d-5f0c265edc96,2026-08-05T04:45:00Z,2026-08-05T06:45:00+0200,7991.2,MW,BE,BE,forecast_load,Forecasted Load,2026-08-23T15:57:47Z
2026-08-23T15:57:37Z,2026-08-23T17:57:37+0200,4e74b68d-c003-4d56-be5d-5f0c265edc96,2026-08-05T05:00:00Z,2026-08-05T07:00:00+0200,8119.24,MW,BE,BE,forecast_load,Forecasted Load,2026-08-23T15:57:47Z
2026-08-23T15:57:37Z,2026-08-23T17:57:37+0200,4e74b68d-c003-4d56-be5d-5f0c265edc96,2026-08-05T05:15:00Z,2026-08-05T07:15:00+0200,8282.93,MW,BE,BE,forecast_load,Forecasted Load,2026-08-23T15:57:47Z
2026-08-23T15:57:37Z,2026-08-23T17:57:37+0200,4e74b68d-c003-4d56-be5d-5f0c265edc96,2026-08-05T05:30:00Z,2026-08-05T07:30:00+0200,8457.4,MW,BE,BE,forecast_load,Forecasted Load,2026-08-23T15:57:47Z
2026-08-23T15:57:37Z,2026-08-23T17:57:37+0200,4e74b68d-c003-4d56-be5d-5f0c265edc96,2026-08-05T05:45:00Z,2026-08-05T07:45:00+0200,8599.79,MW,BE,BE,forecast_load,Forecasted Load,2026-08-23T15:57:47Z
2026-08-23T15:57:37Z,2026-08-23T17:57:37+0200,4e74b68d-c003-4d56-be5d-5f0c265edc96,2026-08-05T06:00:00Z,2026-08-05T08:00:00+0200,8640.78,MW,BE,BE,forecast_load,Forecasted Load,2026-08-23T15:57:47Z
2026-08-23T15:57:37Z,2026-08-23T17:57:37+0200,4e74b68d-c003-4d56-be5d-5f0c265edc96,2026-08-05T06:15:00Z,2026-08-05T08:15:00+0200,8800.23,MW,BE,BE,forecast_load,Forecasted Load,2026-08-23T15:57:47Z
2026-08-23T15:57:37Z,2026-08-23T17:57:37+0200,4e74b68d-c003-4d56-be5d-5f0c265edc96,2026-08-05T06:30:00Z,2026-08-05T08:30:00+0200,8991.12,MW,BE,BE,forecast_load,Forecasted Load,2026-08-23T15:57:47Z
2026-08-23T15:57:37Z,2026-08-23T17:57:37+0200,4e74b68d-c003-4d56-be5d-5f0c265edc96,2026-08-05T06:45:00Z,2026-08-05T08:45:00+0200,9145.6,MW,BE,BE,forecast_load,Forecasted Load,2026-08-23T15:57:47Z
2026-08-23T15:57:37Z,2026-08-23T17:57:37+0200,4e74b68d-c003-4d56-be5d-5f0c265edc96,2026-08-05T07:00:00Z,2026-08-05T09:00:00+0200,9223.6,MW,BE,BE,forecast_load,Forecasted Load,2026-08-23T15:57:47Z
2026-08-23T15:57:37Z,2026-08-23T17:57:37+0200,4e74b68d-c003-4d56-be5d-5f0c265edc96,2026-08-05T07:15:00Z,2026-08-05T09:15:00+0200,9323.43,MW,BE,BE,forecast_load,Forecasted Load,2026-08-23T15:57:47Z
2026-08-23T15:57:37Z,2026-08-23T17:57:37+0200,4e74b68d-c003-4d56-be5d-5f0c265edc96,2026-08-05T07:30:00Z,2026-08-05T09:30:00+0200,9430.89,MW,BE,BE,forecast_load,Forecasted Load,2026-08-23T15:57:47Z
2026-08-23T15:57:37Z,2026-08-23T17:57:37+0200,4e74b68d-c003-4d56-be5d-5f0c265edc96,2026-08-05T07:45:00Z,2026-08-05T09:45:00+0200,9500.75,MW,BE,BE,forecast_load,Forecasted Load,2026-08-23T15:57:47Z
2026-08-23T15:57:37Z,2026-08-23T17:57:37+0200,4e74b68d-c003-4d56-be5d-5f0c265edc96,2026-08-05T08:00:00Z,2026-08-05T10:00:00+0200,9580.35,MW,BE,BE,forecast_load,Forecasted Load,2026-08-23T15:57:47Z
2026-08-23T15:57:37Z,2026-08-23T17:57:37+0200,4e74b68d-c003-4d56-be5d-5f0c265edc96,2026-08-05T08:15:00Z,2026-08-05T10:15:00+0200,9680.29,MW,BE,BE,forecast_load,Forecasted Load,2026-08-23T15:57:47Z
2026-08-23T15:57:37Z,2026-08-23T17:57:37+0200,4e74b68d-c003-4d56-be5d-5f0c265edc96,2026-08-05T08:30:00Z,2026-08-05T10:30:00+0200,9743.1,MW,BE,BE,forecast_load,Forecasted Load,2026-08-23T15:57:47Z
2026-08-23T15:57:37Z,2026-08-23T17:57:37+0200,4e74b68d-c003-4d56-be5d-5f0c265edc96,2026-08-05T08:45:00Z,2026-08-05T10:45:00+0200,9871.05,MW,BE,BE,forecast_load,Forecasted Load,2026-08-23T15:57:47Z
2026-08-23T15:57:37Z,2026-08-23T17:57:37+0200,4e74b68d-c003-4d56-be5d-5f0c265edc96,2026-08-05T09:00:00Z,2026-08-05T11:00:00+0200,9726.31,MW,BE,BE,forecast_load,Forecasted Load,2026-08-23T15:57:47Z
2026-08-23T15:57:37Z,2026-08-23T17:57:37+0200,4e74b68d-c003-4d56-be5d-5f0c265edc96,2026-08-05T09:15:00Z,2026-08-05T11:15:00+0200,9794.41,MW,BE,BE,forecast_load,Forecasted Load,2026-08-23T15:57:47Z
2026-08-23T15:57:37Z,2026-08-23T17:57:37+0200,4e74b68d-c003-4d56-be5d-5f0c265edc96,2026-08-05T09:30:00Z,2026-08-05T11:30:00+0200,9845.95,MW,BE,BE,forecast_load,Forecasted Load,2026-08-23T15:57:47Z
2026-08-23T15:57:37Z,2026-08-23T17:57:37+0200,4e74b68d-c003-4d56-be5d-5f0c265edc96,2026-08-05T09:45:00Z,2026-08-05T11:45:00+0200,9885.56,MW,BE,BE,forecast_load,Forecasted Load,2026-08-23T15:57:47Z
2026-08-23T15:57:37Z,2026-08-23T17:57:37+0200,4e74b68d-c003-4d56-be5d-5f0c265edc96,2026-08-05T10:00:00Z,2026-08-05T12:00:00+0200,9809.04,MW,BE,BE,forecast_load,Forecasted Load,2026-08-23T15:57:47Z
2026-08-23T15:57:37Z,2026-08-23T17:57:37+0200,4e74b68d-c003-4d56-be5d-5f0c265edc96,2026-08-05T10:15:00Z,2026-08-05T12:15:00+0200,9796.47,MW,BE,BE,forecast_load,Forecasted Load,2026-08-23T15:57:47Z
2026-08-23T15:57:37Z,2026-08-23T17:57:37+0200,4e74b68d-c003-4d56-be5d-5f0c265edc96,2026-08-05T10:30:00Z,2026-08-05T12:30:00+0200,9827.54,MW,BE,BE,forecast_load,Forecasted Load,2026-08-23T15:57:47Z
2026-08-23T15:57:37Z,2026-08-23T17:57:37+0200,4e74b68d-c003-4d56-be5d-5f0c265edc96,2026-08-05T10:45:00Z,2026-08-05T12:45:00+0200,9882.57,MW,BE,BE,forecast_load,Forecasted Load,2026-08-23T15:57:47Z
2026-08-23T15:57:37Z,2026-08-23T17:57:37+0200,4e74b68d-c003-4d56-be5d-5f0c265edc96,2026-08-05T11:00:00Z,2026-08-05T13:00:00+0200,9949.58,MW,BE,BE,forecast_load,Forecasted Load,2026-08-23T15:57:47Z
2026-08-23T15:57:37Z,2026-08-23T17:57:37+0200,4e74b68d-c003-4d56-be5d-5f0c265edc96,2026-08-05T11:15:00Z,2026-08-05T13:15:00+0200,9955.31,MW,BE,BE,forecast_load,Forecasted Load,2026-08-23T15:57:47Z
2026-08-23T15:57:37Z,2026-08-23T17:57:37+0200,4e74b68d-c003-4d56-be5d-5f0c265edc96,2026-08-05T11:30:00Z,2026-08-05T13:30:00+0200,9917.7,MW,BE,BE,forecast_load,Forecasted Load,2026-08-23T15:57:47Z
2026-08-23T15:57:37Z,2026-08-23T17:57:37+0200,4e74b68d-c003-4d56-be5d-5f0c265edc96,2026-08-05T11:45:00Z,2026-08-05T13:45:00+0200,9847.67,MW,BE,BE,forecast_load,Forecasted Load,2026-08-23T15:57:47Z
2026-08-23T15:57:37Z,2026-08-23T17:57:37+0200,4e74b68d-c003-4d56-be5d-5f0c265edc96,2026-08-05T12:00:00Z,2026-08-05T14:00:00+0200,9825.64,MW,BE,BE,forecast_load,Forecasted Load,2026-08-23T15:57:47Z
2026-08-23T15:57:37Z,2026-08-23T17:57:37+0200,4e74b68d-c003-4d56-be5d-5f0c265edc96,2026-08-05T12:15:00Z,2026-08-05T14:15:00+0200,9779.19,MW,BE,BE,forecast_load,Forecasted Load,2026-08-23T15:57:47Z
2026-08-23T15:57:37Z,2026-08-23T17:57:37+0200,4e74b68d-c003-4d56-be5d-5f0c265edc96,2026-08-05T12:30:00Z,2026-08-05T14:30:00+0200,9725.49,MW,BE,BE,forecast_load,Forecasted Load,2026-08-23T15:57:47Z
2026-08-23T15:57:37Z,2026-08-23T17:57:37+0200,4e74b68d-c003-4d56-be5d-5f0c265edc96,2026-08-05T12:45:00Z,2026-08-05T14:45:00+0200,9650.37,MW,BE,BE,forecast_load,Forecasted Load,2026-08-23T15:57:47Z
2026-08-23T15:57:37Z,2026-08-23T17:57:37+0200,4e74b68d-c003-4d56-be5d-5f0c265edc96,2026-08-05T13:00:00Z,2026-08-05T15:00:00+0200,9696.52,MW,BE,BE,forecast_load,Forecasted Load,2026-08-23T15:57:47Z
2026-08-23T15:57:37Z,2026-08-23T17:57:37+0200,4e74b68d-c003-4d56-be5d-5f0c265edc96,2026-08-05T13:15:00Z,2026-08-05T15:15:00+0200,9597.01,MW,BE,BE,forecast_load,Forecasted Load,2026-08-23T15:57:47Z
2026-08-23T15:57:37Z,2026-08-23T17:57:37+0200,4e74b68d-c003-4d56-be5d-5f0c265edc96,2026-08-05T13:30:00Z,2026-08-05T15:30:00+0200,9503.77,MW,BE,BE,forecast_load,Forecasted Load,2026-08-23T15:57:47Z
2026-08-23T15:57:37Z,2026-08-23T17:57:37+0200,4e74b68d-c003-4d56-be5d-5f0c265edc96,2026-08-05T13:45:00Z,2026-08-05T15:45:00+0200,9430.82,MW,BE,BE,forecast_load,Forecasted Load,2026-08-23T15:57:47Z
2026-08-23T15:57:37Z,2026-08-23T17:57:37+0200,4e74b68d-c003-4d56-be5d-5f0c265edc96,2026-08-05T14:00:00Z,2026-08-05T16:00:00+0200,9577.66,MW,BE,BE,forecast_load,Forecasted Load,2026-08-23T15:57:47Z
2026-08-23T15:57:37Z,2026-08-23T17:57:37+0200,4e74b68d-c003-4d56-be5d-5f0c265edc96,2026-08-05T14:15:00Z,2026-08-05T16:15:00+0200,9482.83,MW,BE,BE,forecast_load,Forecasted Load,2026-08-23T15:57:47Z
2026-08-23T15:57:37Z,2026-08-23T17:57:37+0200,4e74b68d-c003-4d56-be5d-5f0c265edc96,2026-08-05T14:30:00Z,2026-08-05T16:30:00+0200,9437.15,MW,BE,BE,forecast_load,Forecasted Load,2026-08-23T15:57:47Z
2026-08-23T15:57:37Z,2026-08-23T17:57:37+0200,4e74b68d-c003-4d56-be5d-5f0c265edc96,2026-08-05T14:45:00Z,2026-08-05T16:45:00+0200,9399.42,MW,BE,BE,forecast_load,Forecasted Load,2026-08-23T15:57:47Z
2026-08-23T15:57:37Z,2026-08-23T17:57:37+0200,4e74b68d-c003-4d56-be5d-5f0c265edc96,2026-08-05T15:00:00Z,2026-08-05T17:00:00+0200,9644.3,MW,BE,BE,forecast_load,Forecasted Load,2026-08-23T15:57:47Z
2026-08-23T15:57:37Z,2026-08-23T17:57:37+0200,4e74b68d-c003-4d56-be5d-5f0c265edc96,2026-08-05T15:15:00Z,2026-08-05T17:15:00+0200,9543.58,MW,BE,BE,forecast_load,Forecasted Load,2026-08-23T15:57:47Z
2026-08-23T15:57:37Z,2026-08-23T17:57:37+0200,4e74b68d-c003-4d56-be5d-5f0c265edc96,2026-08-05T15:30:00Z,2026-08-05T17:30:00+0200,9558.44,MW,BE,BE,forecast_load,Forecasted Load,2026-08-23T15:57:47Z
2026-08-23T15:57:37Z,2026-08-23T17:57:37+0200,4e74b68d-c003-4d56-be5d-5f0c265edc96,2026-08-05T15:45:00Z,2026-08-05T17:45:00+0200,9519.22,MW,BE,BE,forecast_load,Forecasted Load,2026-08-23T15:57:47Z
2026-08-23T15:57:37Z,2026-08-23T17:57:37+0200,4e74b68d-c003-4d56-be5d-5f0c265edc96,2026-08-05T16:00:00Z,2026-08-05T18:00:00+0200,9573.05,MW,BE,BE,forecast_load,Forecasted Load,2026-08-23T15:57:47Z
2026-08-23T15:57:37Z,2026-08-23T17:57:37+0200,4e74b68d-c003-4d56-be5d-5f0c265edc96,2026-08-05T16:15:00Z,2026-08-05T18:15:00+0200,9524.97,MW,BE,BE,forecast_load,Forecasted Load,2026-08-23T15:57:47Z
2026-08-23T15:57:37Z,2026-08-23T17:57:37+0200,4e74b68d-c003-4d56-be5d-5f0c265edc96,2026-08-05T16:30:00Z,2026-08-05T18:30:00+0200,9518.18,MW,BE,BE,forecast_load,Forecasted Load,2026-08-23T15:57:47Z
2026-08-23T15:57:37Z,2026-08-23T17:57:37+0200,4e74b68d-c003-4d56-be5d-5f0c265edc96,2026-08-05T16:45:00Z,2026-08-05T18:45:00+0200,9496.43,MW,BE,BE,forecast_load,Forecasted Load,2026-08-23T15:57:47Z
2026-08-23T15:57:37Z,2026-08-23T17:57:37+0200,4e74b68d-c003-4d56-be5d-5f0c265edc96,2026-08-05T17:00:00Z,2026-08-05T19:00:00+0200,9411.12,MW,BE,BE,forecast_load,Forecasted Load,2026-08-23T15:57:47Z
2026-08-23T15:57:37Z,2026-08-23T17:57:37+0200,4e74b68d-c003-4d56-be5d-5f0c265edc96,2026-08-05T17:15:00Z,2026-08-05T19:15:00+0200,9346.9,MW,BE,BE,forecast_load,Forecasted Load,2026-08-23T15:57:47Z
2026-08-23T15:57:37Z,2026-08-23T17:57:37+0200,4e74b68d-c003-4d56-be5d-5f0c265edc96,2026-08-05T17:30:00Z,2026-08-05T19:30:00+0200,9316.49,MW,BE,BE,forecast_load,Forecasted Load,2026-08-23T15:57:47Z
2026-08-23T15:57:37Z,2026-08-23T17:57:37+0200,4e74b68d-c003-4d56-be5d-5f0c265edc96,2026-08-05T17:45:00Z,2026-08-05T19:45:00+0200,9276.44,MW,BE,BE,forecast_load,Forecasted Load,2026-08-23T15:57:47Z
2026-08-23T15:57:37Z,2026-08-23T17:57:37+0200,4e74b68d-c003-4d56-be5d-5f0c265edc96,2026-08-05T18:00:00Z,2026-08-05T20:00:00+0200,9274.53,MW,BE,BE,forecast_load,Forecasted Load,2026-08-23T15:57:47Z
2026-08-23T15:57:37Z,2026-08-23T17:57:37+0200,4e74b68d-c003-4d56-be5d-5f0c265edc96,2026-08-05T18:15:00Z,2026-08-05T20:15:00+0200,9186.88,MW,BE,BE,forecast_load,Forecasted Load,2026-08-23T15:57:47Z
2026-08-23T15:57:37Z,2026-08-23T17:57:37+0200,4e74b68d-c003-4d56-be5d-5f0c265edc96,2026-08-05T18:30:00Z,2026-08-05T20:30:00+0200,9087.71,MW,BE,BE,forecast_load,Forecasted Load,2026-08-23T15:57:47Z
2026-08-23T15:57:37Z,2026-08-23T17:57:37+0200,4e74b68d-c003-4d56-be5d-5f0c265edc96,2026-08-05T18:45:00Z,2026-08-05T20:45:00+0200,9013.78,MW,BE,BE,forecast_load,Forecasted Load,2026-08-23T15:57:47Z
2026-08-23T15:57:37Z,2026-08-23T17:57:37+0200,4e74b68d-c003-4d56-be5d-5f0c265edc96,2026-08-05T19:00:00Z,2026-08-05T21:00:00+0200,9029.65,MW,BE,BE,forecast_load,Forecasted Load,2026-08-23T15:57:47Z
2026-08-23T15:57:37Z,2026-08-23T17:57:37+0200,4e74b68d-c003-4d56-be5d-5f0c265edc96,2026-08-05T19:15:00Z,2026-08-05T21:15:00+0200,8964.84,MW,BE,BE,forecast_load,Forecasted Load,2026-08-23T15:57:47Z
2026-08-23T15:57:37Z,2026-08-23T17:57:37+0200,4e74b68d-c003-4d56-be5d-5f0c265edc96,2026-08-05T19:30:00Z,2026-08-05T21:30:00+0200,8953.59,MW,BE,BE,forecast_load,Forecasted Load,2026-08-23T15:57:47Z
2026-08-23T15:57:37Z,2026-08-23T17:57:37+0200,4e74b68d-c003-4d56-be5d-5f0c265edc96,2026-08-05T19:45:00Z,2026-08-05T21:45:00+0200,8993.98,MW,BE,BE,forecast_load,Forecasted Load,2026-08-23T15:57:47Z
2026-08-23T15:57:37Z,2026-08-23T17:57:37+0200,4e74b68d-c003-4d56-be5d-5f0c265edc96,2026-08-05T20:00:00Z,2026-08-05T22:00:00+0200,8925.71,MW,BE,BE,forecast_load,Forecasted Load,2026-08-23T15:57:47Z
2026-08-23T15:57:37Z,2026-08-23T17:57:37+0200,4e74b68d-c003-4d56-be5d-5f0c265edc96,2026-08-05T20:15:00Z,2026-08-05T22:15:00+0200,8952.62,MW,BE,BE,forecast_load,Forecasted Load,2026-08-23T15:57:47Z
2026-08-23T15:57:37Z,2026-08-23T17:57:37+0200,4e74b68d-c003-4d56-be5d-5f0c265edc96,2026-08-05T20:30:00Z,2026-08-05T22:30:00+0200,8908.35,MW,BE,BE,forecast_load,Forecasted Load,2026-08-23T15:57:47Z
2026-08-23T15:57:37Z,2026-08-23T17:57:37+0200,4e74b68d-c003-4d56-be5d-5f0c265edc96,2026-08-05T20:45:00Z,2026-08-05T22:45:00+0200,8853.93,MW,BE,BE,forecast_load,Forecasted Load,2026-08-23T15:57:47Z
2026-08-23T15:57:37Z,2026-08-23T17:57:37+0200,4e74b68d-c003-4d56-be5d-5f0c265edc96,2026-08-05T21:00:00Z,2026-08-05T23:00:00+0200,8551.66,MW,BE,BE,forecast_load,Forecasted Load,2026-08-23T15:57:47Z
2026-08-23T15:57:37Z,2026-08-23T17:57:37+0200,4e74b68d-c003-4d56-be5d-5f0c265edc96,2026-08-05T21:15:00Z,2026-08-05T23:15:00+0200,8456.33,MW,BE,BE,forecast_load,Forecasted Load,2026-08-23T15:57:47Z
2026-08-23T15:57:37Z,2026-08-23T17:57:37+0200,4e74b68d-c003-4d56-be5d-5f0c265edc96,2026-08-05T21:30:00Z,2026-08-05T23:30:00+0200,8317.1,MW,BE,BE,forecast_load,Forecasted Load,2026-08-23T15:57:47Z
2026-08-23T15:57:37Z,2026-08-23T17:57:37+0200,4e74b68d-c003-4d56-be5d-5f0c265edc96,2026-08-05T21:45:00Z,2026-08-05T23:45:00+0200,8227.72,MW,BE,BE,forecast_load,Forecasted Load,2026-08-23T15:57:47Z
2026-08-23T15:57:37Z,2026-08-23T17:57:37+0200,4e74b68d-c003-4d56-be5d-5f0c265edc96,2026-08-05T22:00:00Z,2026-08-06T00:00:00+0200,8028.92,MW,BE,BE,forecast_load,Forecasted Load,2026-08-23T15:57:47Z
2026-08-23T15:57:37Z,2026-08-23T17:57:37+0200,4e74b68d-c003-4d56-be5d-5f0c265edc96,2026-08-05T22:15:00Z,2026-08-06T00:15:00+0200,7904.83,MW,BE,BE,forecast_load,Forecasted Load,2026-08-23T15:57:47Z
2026-08-23T15:57:37Z,2026-08-23T17:57:37+0200,4e74b68d-c003-4d56-be5d-5f0c265edc96,2026-08-05T22:30:00Z,2026-08-06T00:30:00+0200,7799.71,MW,BE,BE,forecast_load,Forecasted Load,2026-08-23T15:57:47Z
2026-08-23T15:57:37Z,2026-08-23T17:57:37+0200,4e74b68d-c003-4d56-be5d-5f0c265edc96,2026-08-05T22:45:00Z,2026-08-06T00:45:00+0200,7748.18,MW,BE,BE,forecast_load,Forecasted Load,2026-08-23T15:57:47Z
2026-08-23T15:57:37Z,2026-08-23T17:57:37+0200,4e74b68d-c003-4d56-be5d-5f0c265edc96,2026-08-05T23:00:00Z,2026-08-06T01:00:00+0200,7568.65,MW,BE,BE,forecast_load,Forecasted Load,2026-08-23T15:57:47Z
2026-08-23T15:57:37Z,2026-08-23T17:57:37+0200,4e74b68d-c003-4d56-be5d-5f0c265edc96,2026-08-05T23:15:00Z,2026-08-06T01:15:00+0200,7493.42,MW,BE,BE,forecast_load,Forecasted Load,2026-08-23T15:57:47Z
2026-08-23T15:57:37Z,2026-08-23T17:57:37+0200,4e74b68d-c003-4d56-be5d-5f0c265edc96,2026-08-05T23:30:00Z,2026-08-06T01:30:00+0200,7418.47,MW,BE,BE,forecast_load,Forecasted Load,2026-08-23T15:57:47Z
2026-08-23T15:57:37Z,2026-08-23T17:57:37+0200,4e74b68d-c003-4d56-be5d-5f0c265edc96,2026-08-05T23:45:00Z,2026-08-06T01:45:00+0200,7353.22,MW,BE,BE,forecast_load,Forecasted Load,2026-08-23T15:57:47Z
2026-08-23T15:57:37Z,2026-08-23T17:57:37+0200,4e74b68d-c003-4d56-be5d-5f0c265edc96,2026-08-06T00:00:00Z,2026-08-06T02:00:00+0200,7337.62,MW,BE,BE,forecast_load,Forecasted Load,2026-08-23T15:57:47Z
2026-08-23T15:57:37Z,2026-08-23T17:57:37+0200,4e74b68d-c003-4d56-be5d-5f0c265edc96,2026-08-06T00:15:00Z,2026-08-06T02:15:00+0200,7310.76,MW,BE,BE,forecast_load,Forecasted Load,2026-08-23T15:57:47Z
2026-08-23T15:57:37Z,2026-08-23T17:57:37+0200,4e74b68d-c003-4d56-be5d-5f0c265edc96,2026-08-06T00:30:00Z,2026-08-06T02:30:00+0200,7297.56,MW,BE,BE,forecast_load,Forecasted Load,2026-08-23T15:57:47Z
2026-08-23T15:57:37Z,2026-08-23T17:57:37+0200,4e74b68d-c003-4d56-be5d-5f0c265edc96,2026-08-06T00:45:00Z,2026-08-06T02:45:00+0200,7270.63,MW,BE,BE,forecast_load,Forecasted Load,2026-08-23T15:57:47Z
2026-08-23T15:57:37Z,2026-08-23T17:57:37+0200,4e74b68d-c003-4d56-be5d-5f0c265edc96,2026-08-06T01:00:00Z,2026-08-06T03:00:00+0200,7264.08,MW,BE,BE,forecast_load,Forecasted Load,2026-08-23T15:57:47Z
2026-08-23T15:57:37Z,2026-08-23T17:57:37+0200,4e74b68d-c003-4d56-be5d-5f0c265edc96,2026-08-06T01:15:00Z,2026-08-06T03:15:00+0200,7255.97,MW,BE,BE,forecast_load,Forecasted Load,2026-08-23T15:57:47Z
2026-08-23T15:57:37Z,2026-08-23T17:57:37+0200,4e74b68d-c003-4d56-be5d-5f0c265edc96,2026-08-06T01:30:00Z,2026-08-06T03:30:00+0200,7250.29,MW,BE,BE,forecast_load,Forecasted Load,2026-08-23T15:57:47Z
2026-08-23T15:57:37Z,2026-08-23T17:57:37+0200,4e74b68d-c003-4d56-be5d-5f0c265edc96,2026-08-06T01:45:00Z,2026-08-06T03:45:00+0200,7218.02,MW,BE,BE,forecast_load,Forecasted Load,2026-08-23T15:57:47Z
2026-08-23T15:57:37Z,2026-08-23T17:57:37+0200,4e74b68d-c003-4d56-be5d-5f0c265edc96,2026-08-06T02:00:00Z,2026-08-06T04:00:00+0200,7229.14,MW,BE,BE,forecast_load,Forecasted Load,2026-08-23T15:57:47Z
2026-08-23T15:57:37Z,2026-08-23T17:57:37+0200,4e74b68d-c003-4d56-be5d-5f0c265edc96,2026-08-06T02:15:00Z,2026-08-06T04:15:00+0200,7224.5,MW,BE,BE,forecast_load,Forecasted Load,2026-08-23T15:57:47Z
2026-08-23T15:57:37Z,2026-08-23T17:57:37+0200,4e74b68d-c003-4d56-be5d-5f0c265edc96,2026-08-06T02:30:00Z,2026-08-06T04:30:00+0200,7228.87,MW,BE,BE,forecast_load,Forecasted Load,2026-08-23T15:57:47Z
2026-08-23T15:57:37Z,2026-08-23T17:57:37+0200,4e74b68d-c003-4d56-be5d-5f0c265edc96,2026-08-06T02:45:00Z,2026-08-06T04:45:00+0200,7243.13,MW,BE,BE,forecast_load,Forecasted Load,2026-08-23T15:57:47Z
2026-08-23T15:57:37Z,2026-08-23T17:57:37+0200,4e74b68d-c003-4d56-be5d-5f0c265edc96,2026-08-06T03:00:00Z,2026-08-06T05:00:00+0200,7455.75,MW,BE,BE,forecast_load,Forecasted Load,2026-08-23T15:57:47Z
2026-08-23T15:57:37Z,2026-08-23T17:57:37+0200,4e74b68d-c003-4d56-be5d-5f0c265edc96,2026-08-06T03:15:00Z,2026-08-06T05:15:00+0200,7481.66,MW,BE,BE,forecast_load,Forecasted Load,2026-08-23T15:57:47Z
2026-08-23T15:57:37Z,2026-08-23T17:57:37+0200,4e74b68d-c003-4d56-be5d-5f0c265edc96,2026-08-06T03:30:00Z,2026-08-06T05:30:00+0200,7524.3,MW,BE,BE,forecast_load,Forecasted Load,2026-08-23T15:57:47Z
2026-08-23T15:57:37Z,2026-08-23T17:57:37+0200,4e74b68d-c003-4d56-be5d-5f0c265edc96,2026-08-06T03:45:00Z,2026-08-06T05:45:00+0200,7570.53,MW,BE,BE,forecast_load,Forecasted Load,2026-08-23T15:57:47Z
2026-08-23T15:57:37Z,2026-08-23T17:57:37+0200,4e74b68d-c003-4d56-be5d-5f0c265edc96,2026-08-06T04:00:00Z,2026-08-06T06:00:00+0200,7921.05,MW,BE,BE,forecast_load,Forecasted Load,2026-08-23T15:57:47Z
2026-08-23T15:57:37Z,2026-08-23T17:57:37+0200,4e74b68d-c003-4d56-be5d-5f0c265edc96,2026-08-06T04:15:00Z,2026-08-06T06:15:00+0200,8048.92,MW,BE,BE,forecast_load,Forecasted Load,2026-08-23T15:57:47Z
2026-08-23T15:57:37Z,2026-08-23T17:57:37+0200,4e74b68d-c003-4d56-be5d-5f0c265edc96,2026-08-06T04:30:00Z,2026-08-06T06:30:00+0200,8213.43,MW,BE,BE,forecast_load,Forecasted Load,2026-08-23T15:57:47Z
2026-08-23T15:57:37Z,2026-08-23T17:57:37+0200,4e74b68d-c003-4d56-be5d-5f0c265edc96,2026-08-06T04:45:00Z,2026-08-06T06:45:00+0200,8340.05,MW,BE,BE,forecast_load,Forecasted Load,2026-08-23T15:57:47Z
2026-08-23T15:57:37Z,2026-08-23T17:57:37+0200,4e74b68d-c003-4d56-be5d-5f0c265edc96,2026-08-06T05:00:00Z,2026-08-06T07:00:00+0200,8485.44,MW,BE,BE,forecast_load,Forecasted Load,2026-08-23T15:57:47Z
2026-08-23T15:57:37Z,2026-08-23T17:57:37+0200,4e74b68d-c003-4d56-be5d-5f0c265edc96,2026-08-06T05:15:00Z,2026-08-06T07:15:00+0200,8653.65,MW,BE,BE,forecast_load,Forecasted Load,2026-08-23T15:57:47Z
2026-08-23T15:57:37Z,2026-08-23T17:57:37+0200,4e74b68d-c003-4d56-be5d-5f0c265edc96,2026-08-06T05:30:00Z,2026-08-06T07:30:00+0200,8832.1,MW,BE,BE,forecast_load,Forecasted Load,2026-08-23T15:57:47Z
2026-08-23T15:57:37Z,2026-08-23T17:57:37+0200,4e74b68d-c003-4d56-be5d-5f0c265edc96,2026-08-06T05:45:00Z,2026-08-06T07:45:00+0200,8978.12,MW,BE,BE,forecast_load,Forecasted Load,2026-08-23T15:57:47Z
2026-08-23T15:57:37Z,2026-08-23T17:57:37+0200,4e74b68d-c003-4d56-be5d-5f0c265edc96,2026-08-06T06:00:00Z,2026-08-06T08:00:00+0200,9105.16,MW,BE,BE,forecast_load,Forecasted Load,2026-08-23T15:57:47Z
2026-08-23T15:57:37Z,2026-08-23T17:57:37+0200,4e74b68d-c003-4d56-be5d-5f0c265edc96,2026-08-06T06:15:00Z,2026-08-06T08:15:00+0200,9256.93,MW,BE,BE,forecast_load,Forecasted Load,2026-08-23T15:57:47Z
2026-08-23T15:57:37Z,2026-08-23T17:57:37+0200,4e74b68d-c003-4d56-be5d-5f0c265edc96,2026-08-06T06:30:00Z,2026-08-06T08:30:00+0200,9442.22,MW,BE,BE,forecast_load,Forecasted Load,2026-08-23T15:57:47Z
2026-08-23T15:57:37Z,2026-08-23T17:57:37+0200,4e74b68d-c003-4d56-be5d-5f0c265edc96,2026-08-06T06:45:00Z,2026-08-06T08:45:00+0200,9610.07,MW,BE,BE,forecast_load,Forecasted Load,2026-08-23T15:57:47Z
2026-08-23T15:57:37Z,2026-08-23T17:57:37+0200,4e74b68d-c003-4d56-be5d-5f0c265edc96,2026-08-06T07:00:00Z,2026-08-06T09:00:00+0200,9666.89,MW,BE,BE,forecast_load,Forecasted Load,2026-08-23T15:57:47Z
2026-08-23T15:57:37Z,2026-08-23T17:57:37+0200,4e74b68d-c003-4d56-be5d-5f0c265edc96,2026-08-06T07:15:00Z,2026-08-06T09:15:00+0200,9775.6,MW,BE,BE,forecast_load,Forecasted Load,2026-08-23T15:57:47Z
2026-08-23T15:57:37Z,2026-08-23T17:57:37+0200,4e74b68d-c003-4d56-be5d-5f0c265edc96,2026-08-06T07:30:00Z,2026-08-06T09:30:00+0200,9905.62,MW,BE,BE,forecast_load,Forecasted Load,2026-08-23T15:57:47Z
2026-08-23T15:57:37Z,2026-08-23T17:57:37+0200,4e74b68d-c003-4d56-be5d-5f0c265edc96,2026-08-06T07:45:00Z,2026-08-06T09:45:00+0200,9999.3,MW,BE,BE,forecast_load,Forecasted Load,2026-08-23T15:57:47Z
2026-08-23T15:57:37Z,2026-08-23T17:57:37+0200,4e74b68d-c003-4d56-be5d-5f0c265edc96,2026-08-06T08:00:00Z,2026-08-06T10:00:00+0200,9972.89,MW,BE,BE,forecast_load,Forecasted Load,2026-08-23T15:57:47Z
2026-08-23T15:57:37Z,2026-08-23T17:57:37+0200,4e74b68d-c003-4d56-be5d-5f0c265edc96,2026-08-06T08:15:00Z,2026-08-06T10:15:00+0200,10071.23,MW,BE,BE,forecast_load,Forecasted Load,2026-08-23T15:57:47Z
2026-08-23T15:57:37Z,2026-08-23T17:57:37+0200,4e74b68d-c003-4d56-be5d-5f0c265edc96,2026-08-06T08:30:00Z,2026-08-06T10:30:00+0200,10125.41,MW,BE,BE,forecast_load,Forecasted Load,2026-08-23T15:57:47Z
2026-08-23T15:57:37Z,2026-08-23T17:57:37+0200,4e74b68d-c003-4d56-be5d-5f0c265edc96,2026-08-06T08:45:00Z,2026-08-06T10:45:00+0200,10272.81,MW,BE,BE,forecast_load,Forecasted Load,2026-08-23T15:57:47Z
2026-08-23T15:57:37Z,2026-08-23T17:57:37+0200,4e74b68d-c003-4d56-be5d-5f0c265edc96,2026-08-06T09:00:00Z,2026-08-06T11:00:00+0200,10179.28,MW,BE,BE,forecast_load,Forecasted Load,2026-08-23T15:57:47Z
2026-08-23T15:57:37Z,2026-08-23T17:57:37+0200,4e74b68d-c003-4d56-be5d-5f0c265edc96,2026-08-06T09:15:00Z,2026-08-06T11:15:00+0200,10249.36,MW,BE,BE,forecast_load,Forecasted Load,2026-08-23T15:57:47Z
2026-08-23T15:57:37Z,2026-08-23T17:57:37+0200,4e74b68d-c003-4d56-be5d-5f0c265edc96,2026-08-06T09:30:00Z,2026-08-06T11:30:00+0200,10292.18,MW,BE,BE,forecast_load,Forecasted Load,2026-08-23T15:57:47Z
2026-08-23T15:57:37Z,2026-08-23T17:57:37+0200,4e74b68d-c003-4d56-be5d-5f0c265edc96,2026-08-06T09:45:00Z,2026-08-06T11:45:00+0200,10371.2,MW,BE,BE,forecast_load,Forecasted Load,2026-08-23T15:57:47Z
2026-08-23T15:57:37Z,2026-08-23T17:57:37+0200,4e74b68d-c003-4d56-be5d-5f0c265edc96,2026-08-06T10:00:00Z,2026-08-06T12:00:00+0200,10234.4,MW,BE,BE,forecast_load,Forecasted Load,2026-08-23T15:57:47Z
2026-08-23T15:57:37Z,2026-08-23T17:57:37+0200,4e74b68d-c003-4d56-be5d-5f0c265edc96,2026-08-06T10:15:00Z,2026-08-06T12:15:00+0200,10220.65,MW,BE,BE,forecast_load,Forecasted Load,2026-08-23T15:57:47Z
2026-08-23T15:57:37Z,2026-08-23T17:57:37+0200,4e74b68d-c003-4d56-be5d-5f0c265edc96,2026-08-06T10:30:00Z,2026-08-06T12:30:00+0200,10240.06,MW,BE,BE,forecast_load,Forecasted Load,2026-08-23T15:57:47Z
2026-08-23T15:57:37Z,2026-08-23T17:57:37+0200,4e74b68d-c003-4d56-be5d-5f0c265edc96,2026-08-06T10:45:00Z,2026-08-06T12:45:00+0200,10273.94,MW,BE,BE,forecast_load,Forecasted Load,2026-08-23T15:57:47Z
2026-08-23T15:57:37Z,2026-08-23T17:57:37+0200,4e74b68d-c003-4d56-be5d-5f0c265edc96,2026-08-06T11:00:00Z,2026-08-06T13:00:00+0200,10288.18,MW,BE,BE,forecast_load,Forecasted Load,2026-08-23T15:57:47Z
2026-08-23T15:57:37Z,2026-08-23T17:57:37+0200,4e74b68d-c003-4d56-be5d-5f0c265edc96,2026-08-06T11:15:00Z,2026-08-06T13:15:00+0200,10244.84,MW,BE,BE,forecast_load,Forecasted Load,2026-08-23T15:57:47Z
2026-08-23T15:57:37Z,2026-08-23T17:57:37+0200,4e74b68d-c003-4d56-be5d-5f0c265edc96,2026-08-06T11:30:00Z,2026-08-06T13:30:00+0200,10219.71,MW,BE,BE,forecast_load,Forecasted Load,2026-08-23T15:57:47Z
2026-08-23T15:57:37Z,2026-08-23T17:57:37+0200,4e74b68d-c003-4d56-be5d-5f0c265edc96,2026-08-06T11:45:00Z,2026-08-06T13:45:00+0200,10070.49,MW,BE,BE,forecast_load,Forecasted Load,2026-08-23T15:57:47Z
2026-08-23T15:57:37Z,2026-08-23T17:57:37+0200,4e74b68d-c003-4d56-be5d-5f0c265edc96,2026-08-06T12:00:00Z,2026-08-06T14:00:00+0200,10081.49,MW,BE,BE,forecast_load,Forecasted Load,2026-08-23T15:57:47Z
2026-08-23T15:57:37Z,2026-08-23T17:57:37+0200,4e74b68d-c003-4d56-be5d-5f0c265edc96,2026-08-06T12:15:00Z,2026-08-06T14:15:00+0200,10022.4,MW,BE,BE,forecast_load,Forecasted Load,2026-08-23T15:57:47Z
2026-08-23T15:57:37Z,2026-08-23T17:57:37+0200,4e74b68d-c003-4d56-be5d-5f0c265edc96,2026-08-06T12:30:00Z,2026-08-06T14:30:00+0200,9977.74,MW,BE,BE,forecast_load,Forecasted Load,2026-08-23T15:57:47Z
2026-08-23T15:57:37Z,2026-08-23T17:57:37+0200,4e74b68d-c003-4d56-be5d-5f0c265edc96,2026-08-06T12:45:00Z,2026-08-06T14:45:00+0200,9894.46,MW,BE,BE,forecast_load,Forecasted Load,2026-08-23T15:57:47Z
2026-08-23T15:57:37Z,2026-08-23T17:57:37+0200,4e74b68d-c003-4d56-be5d-5f0c265edc96,2026-08-06T13:00:00Z,2026-08-06T15:00:00+0200,9961.74,MW,BE,BE,forecast_load,Forecasted Load,2026-08-23T15:57:47Z
2026-08-23T15:57:37Z,2026-08-23T17:57:37+0200,4e74b68d-c003-4d56-be5d-5f0c265edc96,2026-08-06T13:15:00Z,2026-08-06T15:15:00+0200,9868.05,MW,BE,BE,forecast_load,Forecasted Load,2026-08-23T15:57:47Z
2026-08-23T15:57:37Z,2026-08-23T17:57:37+0200,4e74b68d-c003-4d56-be5d-5f0c265edc96,2026-08-06T13:30:00Z,2026-08-06T15:30:00+0200,9786.33,MW,BE,BE,forecast_load,Forecasted Load,2026-08-23T15:57:47Z
2026-08-23T15:57:37Z,2026-08-23T17:57:37+0200,4e74b68d-c003-4d56-be5d-5f0c265edc96,2026-08-06T13:45:00Z,2026-08-06T15:45:00+0200,9727.07,MW,BE,BE,forecast_load,Forecasted Load,2026-08-23T15:57:47Z
2026-08-23T15:57:37Z,2026-08-23T17:57:37+0200,4e74b68d-c003-4d56-be5d-5f0c265edc96,2026-08-06T14:00:00Z,2026-08-06T16:00:00+0200,9736.06,MW,BE,BE,forecast_load,Forecasted Load,2026-08-23T15:57:47Z
2026-08-23T15:57:37Z,2026-08-23T17:57:37+0200,4e74b68d-c003-4d56-be5d-5f0c265edc96,2026-08-06T14:15:00Z,2026-08-06T16:15:00+0200,9655.84,MW,BE,BE,forecast_load,Forecasted Load,2026-08-23T15:57:47Z
2026-08-23T15:57:37Z,2026-08-23T17:57:37+0200,4e74b68d-c003-4d56-be5d-5f0c265edc96,2026-08-06T14:30:00Z,2026-08-06T16:30:00+0200,9605.34,MW,BE,BE,forecast_load,Forecasted Load,2026-08-23T15:57:47Z
2026-08-23T15:57:37Z,2026-08-23T17:57:37+0200,4e74b68d-c003-4d56-be5d-5f0c265edc96,2026-08-06T14:45:00Z,2026-08-06T16:45:00+0200,9616.13,MW,BE,BE,forecast_load,Forecasted Load,2026-08-23T15:57:47Z
2026-08-23T15:57:37Z,2026-08-23T17:57:37+0200,4e74b68d-c003-4d56-be5d-5f0c265edc96,2026-08-06T15:00:00Z,2026-08-06T17:00:00+0200,9682.55,MW,BE,BE,forecast_load,Forecasted Load,2026-08-23T15:57:47Z
2026-08-23T15:57:37Z,2026-08-23T17:57:37+0200,4e74b68d-c003-4d56-be5d-5f0c265edc96,2026-08-06T15:15:00Z,2026-08-06T17:15:00+0200,9577.69,MW,BE,BE,forecast_load,Forecasted Load,2026-08-23T15:57:47Z
2026-08-23T15:57:37Z,2026-08-23T17:57:37+0200,4e74b68d-c003-4d56-be5d-5f0c265edc96,2026-08-06T15:30:00Z,2026-08-06T17:30:00+0200,9592.18,MW,BE,BE,forecast_load,Forecasted Load,2026-08-23T15:57:47Z
2026-08-23T15:57:37Z,2026-08-23T17:57:37+0200,4e74b68d-c003-4d56-be5d-5f0c265edc96,2026-08-06T15:45:00Z,2026-08-06T17:45:00+0200,9534.27,MW,BE,BE,forecast_load,Forecasted Load,2026-08-23T15:57:47Z
2026-08-23T15:57:37Z,2026-08-23T17:57:37+0200,4e74b68d-c003-4d56-be5d-5f0c265edc96,2026-08-06T16:00:00Z,2026-08-06T18:00:00+0200,9615.52,MW,BE,BE,forecast_load,Forecasted Load,2026-08-23T15:57:47Z
2026-08-23T15:57:37Z,2026-08-23T17:57:37+0200,4e74b68d-c003-4d56-be5d-5f0c265edc96,2026-08-06T16:15:00Z,2026-08-06T18:15:00+0200,9571.28,MW,BE,BE,forecast_load,Forecasted Load,2026-08-23T15:57:47Z
2026-08-23T15:57:37Z,2026-08-23T17:57:37+0200,4e74b68d-c003-4d56-be5d-5f0c265edc96,2026-08-06T16:30:00Z,2026-08-06T18:30:00+0200,9570.25,MW,BE,BE,forecast_load,Forecasted Load,2026-08-23T15:57:47Z
2026-08-23T15:57:37Z,2026-08-23T17:57:37+0200,4e74b68d-c003-4d56-be5d-5f0c265edc96,2026-08-06T16:45:00Z,2026-08-06T18:45:00+0200,9535.98,MW,BE,BE,forecast_load,Forecasted Load,2026-08-23T15:57:47Z
2026-08-23T15:57:37Z,2026-08-23T17:57:37+0200,4e74b68d-c003-4d56-be5d-5f0c265edc96,2026-08-06T17:00:00Z,2026-08-06T19:00:00+0200,9508.82,MW,BE,BE,forecast_load,Forecasted Load,2026-08-23T15:57:47Z
2026-08-23T15:57:37Z,2026-08-23T17:57:37+0200,4e74b68d-c003-4d56-be5d-5f0c265edc96,2026-08-06T17:15:00Z,2026-08-06T19:15:00+0200,9429.11,MW,BE,BE,forecast_load,Forecasted Load,2026-08-23T15:57:47Z
2026-08-23T15:57:37Z,2026-08-23T17:57:37+0200,4e74b68d-c003-4d56-be5d-5f0c265edc96,2026-08-06T17:30:00Z,2026-08-06T19:30:00+0200,9410.98,MW,BE,BE,forecast_load,Forecasted Load,2026-08-23T15:57:47Z
2026-08-23T15:57:37Z,2026-08-23T17:57:37+0200,4e74b68d-c003-4d56-be5d-5f0c265edc96,2026-08-06T17:45:00Z,2026-08-06T19:45:00+0200,9365.92,MW,BE,BE,forecast_load,Forecasted Load,2026-08-23T15:57:47Z
2026-08-23T15:57:37Z,2026-08-23T17:57:37+0200,4e74b68d-c003-4d56-be5d-5f0c265edc96,2026-08-06T18:00:00Z,2026-08-06T20:00:00+0200,9275.21,MW,BE,BE,forecast_load,Forecasted Load,2026-08-23T15:57:47Z
2026-08-23T15:57:37Z,2026-08-23T17:57:37+0200,4e74b68d-c003-4d56-be5d-5f0c265edc96,2026-08-06T18:15:00Z,2026-08-06T20:15:00+0200,9182.77,MW,BE,BE,forecast_load,Forecasted Load,2026-08-23T15:57:47Z
2026-08-23T15:57:37Z,2026-08-23T17:57:37+0200,4e74b68d-c003-4d56-be5d-5f0c265edc96,2026-08-06T18:30:00Z,2026-08-06T20:30:00+0200,9080.95,MW,BE,BE,forecast_load,Forecasted Load,2026-08-23T15:57:47Z
2026-08-23T15:57:37Z,2026-08-23T17:57:37+0200,4e74b68d-c003-4d56-be5d-5f0c265edc96,2026-08-06T18:45:00Z,2026-08-06T20:45:00+0200,8999.24,MW,BE,BE,forecast_load,Forecasted Load,2026-08-23T15:57:47Z
2026-08-23T15:57:37Z,2026-08-23T17:57:37+0200,4e74b68d-c003-4d56-be5d-5f0c265edc96,2026-08-06T19:00:00Z,2026-08-06T21:00:00+0200,9023.51,MW,BE,BE,forecast_load,Forecasted Load,2026-08-23T15:57:47Z
2026-08-23T15:57:37Z,2026-08-23T17:57:37+0200,4e74b68d-c003-4d56-be5d-5f0c265edc96,2026-08-06T19:15:00Z,2026-08-06T21:15:00+0200,8947.2,MW,BE,BE,forecast_load,Forecasted Load,2026-08-23T15:57:47Z
2026-08-23T15:57:37Z,2026-08-23T17:57:37+0200,4e74b68d-c003-4d56-be5d-5f0c265edc96,2026-08-06T19:30:00Z,2026-08-06T21:30:00+0200,8933.1,MW,BE,BE,forecast_load,Forecasted Load,2026-08-23T15:57:47Z
2026-08-23T15:57:37Z,2026-08-23T17:57:37+0200,4e74b68d-c003-4d56-be5d-5f0c265edc96,2026-08-06T19:45:00Z,2026-08-06T21:45:00+0200,8965.05,MW,BE,BE,forecast_load,Forecasted Load,2026-08-23T15:57:47Z
2026-08-23T15:57:37Z,2026-08-23T17:57:37+0200,4e74b68d-c003-4d56-be5d-5f0c265edc96,2026-08-06T20:00:00Z,2026-08-06T22:00:00+0200,8893.23,MW,BE,BE,forecast_load,Forecasted Load,2026-08-23T15:57:47Z
2026-08-23T15:57:37Z,2026-08-23T17:57:37+0200,4e74b68d-c003-4d56-be5d-5f0c265edc96,2026-08-06T20:15:00Z,2026-08-06T22:15:00+0200,8915.02,MW,BE,BE,forecast_load,Forecasted Load,2026-08-23T15:57:47Z
2026-08-23T15:57:37Z,2026-08-23T17:57:37+0200,4e74b68d-c003-4d56-be5d-5f0c265edc96,2026-08-06T20:30:00Z,2026-08-06T22:30:00+0200,8885.29,MW,BE,BE,forecast_load,Forecasted Load,2026-08-23T15:57:47Z
2026-08-23T15:57:37Z,2026-08-23T17:57:37+0200,4e74b68d-c003-4d56-be5d-5f0c265edc96,2026-08-06T20:45:00Z,2026-08-06T22:45:00+0200,8819.09,MW,BE,BE,forecast_load,Forecasted Load,2026-08-23T15:57:47Z
2026-08-23T15:57:37Z,2026-08-23T17:57:37+0200,4e74b68d-c003-4d56-be5d-5f0c265edc96,2026-08-06T21:00:00Z,2026-08-06T23:00:00+0200,8613.16,MW,BE,BE,forecast_load,Forecasted Load,2026-08-23T15:57:47Z
2026-08-23T15:57:37Z,2026-08-23T17:57:37+0200,4e74b68d-c003-4d56-be5d-5f0c265edc96,2026-08-06T21:15:00Z,2026-08-06T23:15:00+0200,8510.04,MW,BE,BE,forecast_load,Forecasted Load,2026-08-23T15:57:47Z
2026-08-23T15:57:37Z,2026-08-23T17:57:37+0200,4e74b68d-c003-4d56-be5d-5f0c265edc96,2026-08-06T21:30:00Z,2026-08-06T23:30:00+0200,8370.42,MW,BE,BE,forecast_load,Forecasted Load,2026-08-23T15:57:47Z
2026-08-23T15:57:37Z,2026-08-23T17:57:37+0200,4e74b68d-c003-4d56-be5d-5f0c265edc96,2026-08-06T21:45:00Z,2026-08-06T23:45:00+0200,8285.43,MW,BE,BE,forecast_load,Forecasted Load,2026-08-23T15:57:47Z
2026-08-23T15:57:37Z,2026-08-23T17:57:37+0200,4e74b68d-c003-4d56-be5d-5f0c265edc96,2026-08-06T22:00:00Z,2026-08-07T00:00:00+0200,7995.96,MW,BE,BE,forecast_load,Forecasted Load,2026-08-23T15:57:47Z
2026-08-23T15:57:37Z,2026-08-23T17:57:37+0200,4e74b68d-c003-4d56-be5d-5f0c265edc96,2026-08-06T22:15:00Z,2026-08-07T00:15:00+0200,7878.76,MW,BE,BE,forecast_load,Forecasted Load,2026-08-23T15:57:47Z
2026-08-23T15:57:37Z,2026-08-23T17:57:37+0200,4e74b68d-c003-4d56-be5d-5f0c265edc96,2026-08-06T22:30:00Z,2026-08-07T00:30:00+0200,7777.51,MW,BE,BE,forecast_load,Forecasted Load,2026-08-23T15:57:47Z
2026-08-23T15:57:37Z,2026-08-23T17:57:37+0200,4e74b68d-c003-4d56-be5d-5f0c265edc96,2026-08-06T22:45:00Z,2026-08-07T00:45:00+0200,7726.61,MW,BE,BE,forecast_load,Forecasted Load,2026-08-23T15:57:47Z
2026-08-23T15:57:37Z,2026-08-23T17:57:37+0200,4e74b68d-c003-4d56-be5d-5f0c265edc96,2026-08-06T23:00:00Z,2026-08-07T01:00:00+0200,7640.41,MW,BE,BE,forecast_load,Forecasted Load,2026-08-23T15:57:47Z
2026-08-23T15:57:37Z,2026-08-23T17:57:37+0200,4e74b68d-c003-4d56-be5d-5f0c265edc96,2026-08-06T23:15:00Z,2026-08-07T01:15:00+0200,7565.08,MW,BE,BE,forecast_load,Forecasted Load,2026-08-23T15:57:47Z
2026-08-23T15:57:37Z,2026-08-23T17:57:37+0200,4e74b68d-c003-4d56-be5d-5f0c265edc96,2026-08-06T23:30:00Z,2026-08-07T01:30:00+0200,7492.73,MW,BE,BE,forecast_load,Forecasted Load,2026-08-23T15:57:47Z
2026-08-23T15:57:37Z,2026-08-23T17:57:37+0200,4e74b68d-c003-4d56-be5d-5f0c265edc96,2026-08-06T23:45:00Z,2026-08-07T01:45:00+0200,7423.52,MW,BE,BE,forecast_load,Forecasted Load,2026-08-23T15:57:47Z
2026-08-23T15:57:37Z,2026-08-23T17:57:37+0200,4e74b68d-c003-4d56-be5d-5f0c265edc96,2026-08-07T00:00:00Z,2026-08-07T02:00:00+0200,7260.4,MW,BE,BE,forecast_load,Forecasted Load,2026-08-23T15:57:47Z
2026-08-23T15:57:37Z,2026-08-23T17:57:37+0200,4e74b68d-c003-4d56-be5d-5f0c265edc96,2026-08-07T00:15:00Z,2026-08-07T02:15:00+0200,7234.63,MW,BE,BE,forecast_load,Forecasted Load,2026-08-23T15:57:47Z
2026-08-23T15:57:37Z,2026-08-23T17:57:37+0200,4e74b68d-c003-4d56-be5d-5f0c265edc96,2026-08-07T00:30:00Z,2026-08-07T02:30:00+0200,7216.16,MW,BE,BE,forecast_load,Forecasted Load,2026-08-23T15:57:47Z
2026-08-23T15:57:37Z,2026-08-23T17:57:37+0200,4e74b68d-c003-4d56-be5d-5f0c265edc96,2026-08-07T00:45:00Z,2026-08-07T02:45:00+0200,7186.8,MW,BE,BE,forecast_load,Forecasted Load,2026-08-23T15:57:47Z
2026-08-23T15:57:37Z,2026-08-23T17:57:37+0200,4e74b68d-c003-4d56-be5d-5f0c265edc96,2026-08-07T01:00:00Z,2026-08-07T03:00:00+0200,7178.09,MW,BE,BE,forecast_load,Forecasted Load,2026-08-23T15:57:47Z
2026-08-23T15:57:37Z,2026-08-23T17:57:37+0200,4e74b68d-c003-4d56-be5d-5f0c265edc96,2026-08-07T01:15:00Z,2026-08-07T03:15:00+0200,7164.32,MW,BE,BE,forecast_load,Forecasted Load,2026-08-23T15:57:47Z
2026-08-23T15:57:37Z,2026-08-23T17:57:37+0200,4e74b68d-c003-4d56-be5d-5f0c265edc96,2026-08-07T01:30:00Z,2026-08-07T03:30:00+0200,7163.09,MW,BE,BE,forecast_load,Forecasted Load,2026-08-23T15:57:47Z
2026-08-23T15:57:37Z,2026-08-23T17:57:37+0200,4e74b68d-c003-4d56-be5d-5f0c265edc96,2026-08-07T01:45:00Z,2026-08-07T03:45:00+0200,7134.07,MW,BE,BE,forecast_load,Forecasted Load,2026-08-23T15:57:47Z
2026-08-23T15:57:37Z,2026-08-23T17:57:37+0200,4e74b68d-c003-4d56-be5d-5f0c265edc96,2026-08-07T02:00:00Z,2026-08-07T04:00:00+0200,7189.79,MW,BE,BE,forecast_load,Forecasted Load,2026-08-23T15:57:47Z
2026-08-23T15:57:37Z,2026-08-23T17:57:37+0200,4e74b68d-c003-4d56-be5d-5f0c265edc96,2026-08-07T02:15:00Z,2026-08-07T04:15:00+0200,7186.46,MW,BE,BE,forecast_load,Forecasted Load,2026-08-23T15:57:47Z
2026-08-23T15:57:37Z,2026-08-23T17:57:37+0200,4e74b68d-c003-4d56-be5d-5f0c265edc96,2026-08-07T02:30:00Z,2026-08-07T04:30:00+0200,7196.27,MW,BE,BE,forecast_load,Forecasted Load,2026-08-23T15:57:47Z
2026-08-23T15:57:37Z,2026-08-23T17:57:37+0200,4e74b68d-c003-4d56-be5d-5f0c265edc96,2026-08-07T02:45:00Z,2026-08-07T04:45:00+0200,7216.28,MW,BE,BE,forecast_load,Forecasted Load,2026-08-23T15:57:47Z
2026-08-23T15:57:37Z,2026-08-23T17:57:37+0200,4e74b68d-c003-4d56-be5d-5f0c265edc96,2026-08-07T03:00:00Z,2026-08-07T05:00:00+0200,7407.9,MW,BE,BE,forecast_load,Forecasted Load,2026-08-23T15:57:47Z
2026-08-23T15:57:37Z,2026-08-23T17:57:37+0200,4e74b68d-c003-4d56-be5d-5f0c265edc96,2026-08-07T03:15:00Z,2026-08-07T05:15:00+0200,7432.98,MW,BE,BE,forecast_load,Forecasted Load,2026-08-23T15:57:47Z
2026-08-23T15:57:37Z,2026-08-23T17:57:37+0200,4e74b68d-c003-4d56-be5d-5f0c265edc96,2026-08-07T03:30:00Z,2026-08-07T05:30:00+0200,7478.18,MW,BE,BE,forecast_load,Forecasted Load,2026-08-23T15:57:47Z
2026-08-23T15:57:37Z,2026-08-23T17:57:37+0200,4e74b68d-c003-4d56-be5d-5f0c265edc96,2026-08-07T03:45:00Z,2026-08-07T05:45:00+0200,7531.42,MW,BE,BE,forecast_load,Forecasted Load,2026-08-23T15:57:47Z
2026-08-23T15:57:37Z,2026-08-23T17:57:37+0200,4e74b68d-c003-4d56-be5d-5f0c265edc96,2026-08-07T04:00:00Z,2026-08-07T06:00:00+0200,7820.91,MW,BE,BE,forecast_load,Forecasted Load,2026-08-23T15:57:47Z
2026-08-23T15:57:37Z,2026-08-23T17:57:37+0200,4e74b68d-c003-4d56-be5d-5f0c265edc96,2026-08-07T04:15:00Z,2026-08-07T06:15:00+0200,7945.19,MW,BE,BE,forecast_load,Forecasted Load,2026-08-23T15:57:47Z
2026-08-23T15:57:37Z,2026-08-23T17:57:37+0200,4e74b68d-c003-4d56-be5d-5f0c265edc96,2026-08-07T04:30:00Z,2026-08-07T06:30:00+0200,8100.75,MW,BE,BE,forecast_load,Forecasted Load,2026-08-23T15:57:47Z
2026-08-23T15:57:37Z,2026-08-23T17:57:37+0200,4e74b68d-c003-4d56-be5d-5f0c265edc96,2026-08-07T04:45:00Z,2026-08-07T06:45:00+0200,8221.97,MW,BE,BE,forecast_load,Forecasted Load,2026-08-23T15:57:47Z
2026-08-23T15:57:37Z,2026-08-23T17:57:37+0200,4e74b68d-c003-4d56-be5d-5f0c265edc96,2026-08-07T05:00:00Z,2026-08-07T07:00:00+0200,8421.5,MW,BE,BE,forecast_load,Forecasted Load,2026-08-23T15:57:47Z
2026-08-23T15:57:37Z,2026-08-23T17:57:37+0200,4e74b68d-c003-4d56-be5d-5f0c265edc96,2026-08-07T05:15:00Z,2026-08-07T07:15:00+0200,8589.54,MW,BE,BE,forecast_load,Forecasted Load,2026-08-23T15:57:47Z
2026-08-23T15:57:37Z,2026-08-23T17:57:37+0200,4e74b68d-c003-4d56-be5d-5f0c265edc96,2026-08-07T05:30:00Z,2026-08-07T07:30:00+0200,8768.92,MW,BE,BE,forecast_load,Forecasted Load,2026-08-23T15:57:47Z
2026-08-23T15:57:37Z,2026-08-23T17:57:37+0200,4e74b68d-c003-4d56-be5d-5f0c265edc96,2026-08-07T05:45:00Z,2026-08-07T07:45:00+0200,8912.31,MW,BE,BE,forecast_load,Forecasted Load,2026-08-23T15:57:47Z
2026-08-23T15:57:37Z,2026-08-23T17:57:37+0200,4e74b68d-c003-4d56-be5d-5f0c265edc96,2026-08-07T06:00:00Z,2026-08-07T08:00:00+0200,9046.54,MW,BE,BE,forecast_load,Forecasted Load,2026-08-23T15:57:47Z
2026-08-23T15:57:37Z,2026-08-23T17:57:37+0200,4e74b68d-c003-4d56-be5d-5f0c265edc96,2026-08-07T06:15:00Z,2026-08-07T08:15:00+0200,9185.71,MW,BE,BE,forecast_load,Forecasted Load,2026-08-23T15:57:47Z
2026-08-23T15:57:37Z,2026-08-23T17:57:37+0200,4e74b68d-c003-4d56-be5d-5f0c265edc96,2026-08-07T06:30:00Z,2026-08-07T08:30:00+0200,9360.45,MW,BE,BE,forecast_load,Forecasted Load,2026-08-23T15:57:47Z
2026-08-23T15:57:37Z,2026-08-23T17:57:37+0200,4e74b68d-c003-4d56-be5d-5f0c265edc96,2026-08-07T06:45:00Z,2026-08-07T08:45:00+0200,9525.36,MW,BE,BE,forecast_load,Forecasted Load,2026-08-23T15:57:47Z
2026-08-23T15:57:37Z,2026-08-23T17:57:37+0200,4e74b68d-c003-4d56-be5d-5f0c265edc96,2026-08-07T07:00:00Z,2026-08-07T09:00:00+0200,9548.93,MW,BE,BE,forecast_load,Forecasted Load,2026-08-23T15:57:47Z
2026-08-23T15:57:37Z,2026-08-23T17:57:37+0200,4e74b68d-c003-4d56-be5d-5f0c265edc96,2026-08-07T07:15:00Z,2026-08-07T09:15:00+0200,9655.57,MW,BE,BE,forecast_load,Forecasted Load,2026-08-23T15:57:47Z
2026-08-23T15:57:37Z,2026-08-23T17:57:37+0200,4e74b68d-c003-4d56-be5d-5f0c265edc96,2026-08-07T07:30:00Z,2026-08-07T09:30:00+0200,9788.09,MW,BE,BE,forecast_load,Forecasted Load,2026-08-23T15:57:47Z
2026-08-23T15:57:37Z,2026-08-23T17:57:37+0200,4e74b68d-c003-4d56-be5d-5f0c265edc96,2026-08-07T07:45:00Z,2026-08-07T09:45:00+0200,9882.99,MW,BE,BE,forecast_load,Forecasted Load,2026-08-23T15:57:47Z
2026-08-23T15:57:37Z,2026-08-23T17:57:37+0200,4e74b68d-c003-4d56-be5d-5f0c265edc96,2026-08-07T08:00:00Z,2026-08-07T10:00:00+0200,9836.05,MW,BE,BE,forecast_load,Forecasted Load,2026-08-23T15:57:47Z
2026-08-23T15:57:37Z,2026-08-23T17:57:37+0200,4e74b68d-c003-4d56-be5d-5f0c265edc96,2026-08-07T08:15:00Z,2026-08-07T10:15:00+0200,9928.41,MW,BE,BE,forecast_load,Forecasted Load,2026-08-23T15:57:47Z
2026-08-23T15:57:37Z,2026-08-23T17:57:37+0200,4e74b68d-c003-4d56-be5d-5f0c265edc96,2026-08-07T08:30:00Z,2026-08-07T10:30:00+0200,9980.07,MW,BE,BE,forecast_load,Forecasted Load,2026-08-23T15:57:47Z
2026-08-23T15:57:37Z,2026-08-23T17:57:37+0200,4e74b68d-c003-4d56-be5d-5f0c265edc96,2026-08-07T08:45:00Z,2026-08-07T10:45:00+0200,10123.75,MW,BE,BE,forecast_load,Forecasted Load,2026-08-23T15:57:47Z
2026-08-23T15:57:37Z,2026-08-23T17:57:37+0200,4e74b68d-c003-4d56-be5d-5f0c265edc96,2026-08-07T09:00:00Z,2026-08-07T11:00:00+0200,10061.49,MW,BE,BE,forecast_load,Forecasted Load,2026-08-23T15:57:47Z
2026-08-23T15:57:37Z,2026-08-23T17:57:37+0200,4e74b68d-c003-4d56-be5d-5f0c265edc96,2026-08-07T09:15:00Z,2026-08-07T11:15:00+0200,10122.19,MW,BE,BE,forecast_load,Forecasted Load,2026-08-23T15:57:47Z
2026-08-23T15:57:37Z,2026-08-23T17:57:37+0200,4e74b68d-c003-4d56-be5d-5f0c265edc96,2026-08-07T09:30:00Z,2026-08-07T11:30:00+0200,10187.21,MW,BE,BE,forecast_load,Forecasted Load,2026-08-23T15:57:47Z
2026-08-23T15:57:37Z,2026-08-23T17:57:37+0200,4e74b68d-c003-4d56-be5d-5f0c265edc96,2026-08-07T09:45:00Z,2026-08-07T11:45:00+0200,10256.25,MW,BE,BE,forecast_load,Forecasted Load,2026-08-23T15:57:47Z
2026-08-23T15:57:37Z,2026-08-23T17:57:37+0200,4e74b68d-c003-4d56-be5d-5f0c265edc96,2026-08-07T10:00:00Z,2026-08-07T12:00:00+0200,10150.32,MW,BE,BE,forecast_load,Forecasted Load,2026-08-23T15:57:47Z
2026-08-23T15:57:37Z,2026-08-23T17:57:37+0200,4e74b68d-c003-4d56-be5d-5f0c265edc96,2026-08-07T10:15:00Z,2026-08-07T12:15:00+0200,10136.43,MW,BE,BE,forecast_load,Forecasted Load,2026-08-23T15:57:47Z
2026-08-23T15:57:37Z,2026-08-23T17:57:37+0200,4e74b68d-c003-4d56-be5d-5f0c265edc96,2026-08-07T10:30:00Z,2026-08-07T12:30:00+0200,10133.13,MW,BE,BE,forecast_load,Forecasted Load,2026-08-23T15:57:47Z
2026-08-23T15:57:37Z,2026-08-23T17:57:37+0200,4e74b68d-c003-4d56-be5d-5f0c265edc96,2026-08-07T10:45:00Z,2026-08-07T12:45:00+0200,10208.14,MW,BE,BE,forecast_load,Forecasted Load,2026-08-23T15:57:47Z
2026-08-23T15:57:37Z,2026-08-23T17:57:37+0200,4e74b68d-c003-4d56-be5d-5f0c265edc96,2026-08-07T11:00:00Z,2026-08-07T13:00:00+0200,10213.13,MW,BE,BE,forecast_load,Forecasted Load,2026-08-23T15:57:47Z
2026-08-23T15:57:37Z,2026-08-23T17:57:37+0200,4e74b68d-c003-4d56-be5d-5f0c265edc96,2026-08-07T11:15:00Z,2026-08-07T13:15:00+0200,10175.02,MW,BE,BE,forecast_load,Forecasted Load,2026-08-23T15:57:47Z
2026-08-23T15:57:37Z,2026-08-23T17:57:37+0200,4e74b68d-c003-4d56-be5d-5f0c265edc96,2026-08-07T11:30:00Z,2026-08-07T13:30:00+0200,10118.31,MW,BE,BE,forecast_load,Forecasted Load,2026-08-23T15:57:47Z
2026-08-23T15:57:37Z,2026-08-23T17:57:37+0200,4e74b68d-c003-4d56-be5d-5f0c265edc96,2026-08-07T11:45:00Z,2026-08-07T13:45:00+0200,10044.78,MW,BE,BE,forecast_load,Forecasted Load,2026-08-23T15:57:47Z
2026-08-23T15:57:37Z,2026-08-23T17:57:37+0200,4e74b68d-c003-4d56-be5d-5f0c265edc96,2026-08-07T12:00:00Z,2026-08-07T14:00:00+0200,10024.84,MW,BE,BE,forecast_load,Forecasted Load,2026-08-23T15:57:47Z
2026-08-23T15:57:37Z,2026-08-23T17:57:37+0200,4e74b68d-c003-4d56-be5d-5f0c265edc96,2026-08-07T12:15:00Z,2026-08-07T14:15:00+0200,9964.8,MW,BE,BE,forecast_load,Forecasted Load,2026-08-23T15:57:47Z
2026-08-23T15:57:37Z,2026-08-23T17:57:37+0200,4e74b68d-c003-4d56-be5d-5f0c265edc96,2026-08-07T12:30:00Z,2026-08-07T14:30:00+0200,9878.21,MW,BE,BE,forecast_load,Forecasted Load,2026-08-23T15:57:47Z
2026-08-23T15:57:37Z,2026-08-23T17:57:37+0200,4e74b68d-c003-4d56-be5d-5f0c265edc96,2026-08-07T12:45:00Z,2026-08-07T14:45:00+0200,9858.75,MW,BE,BE,forecast_load,Forecasted Load,2026-08-23T15:57:47Z
2026-08-23T15:57:37Z,2026-08-23T17:57:37+0200,4e74b68d-c003-4d56-be5d-5f0c265edc96,2026-08-07T13:00:00Z,2026-08-07T15:00:00+0200,9882.62,MW,BE,BE,forecast_load,Forecasted Load,2026-08-23T15:57:47Z
2026-08-23T15:57:37Z,2026-08-23T17:57:37+0200,4e74b68d-c003-4d56-be5d-5f0c265edc96,2026-08-07T13:15:00Z,2026-08-07T15:15:00+0200,9775.73,MW,BE,BE,forecast_load,Forecasted Load,2026-08-23T15:57:47Z
2026-08-23T15:57:37Z,2026-08-23T17:57:37+0200,4e74b68d-c003-4d56-be5d-5f0c265edc96,2026-08-07T13:30:00Z,2026-08-07T15:30:00+0200,9713.85,MW,BE,BE,forecast_load,Forecasted Load,2026-08-23T15:57:47Z
2026-08-23T15:57:37Z,2026-08-23T17:57:37+0200,4e74b68d-c003-4d56-be5d-5f0c265edc96,2026-08-07T13:45:00Z,2026-08-07T15:45:00+0200,9651.33,MW,BE,BE,forecast_load,Forecasted Load,2026-08-23T15:57:47Z
2026-08-23T15:57:37Z,2026-08-23T17:57:37+0200,4e74b68d-c003-4d56-be5d-5f0c265edc96,2026-08-07T14:00:00Z,2026-08-07T16:00:00+0200,9555.32,MW,BE,BE,forecast_load,Forecasted Load,2026-08-23T15:57:47Z
2026-08-23T15:57:37Z,2026-08-23T17:57:37+0200,4e74b68d-c003-4d56-be5d-5f0c265edc96,2026-08-07T14:15:00Z,2026-08-07T16:15:00+0200,9458.65,MW,BE,BE,forecast_load,Forecasted Load,2026-08-23T15:57:47Z
2026-08-23T15:57:37Z,2026-08-23T17:57:37+0200,4e74b68d-c003-4d56-be5d-5f0c265edc96,2026-08-07T14:30:00Z,2026-08-07T16:30:00+0200,9420.75,MW,BE,BE,forecast_load,Forecasted Load,2026-08-23T15:57:47Z
2026-08-23T15:57:37Z,2026-08-23T17:57:37+0200,4e74b68d-c003-4d56-be5d-5f0c265edc96,2026-08-07T14:45:00Z,2026-08-07T16:45:00+0200,9404.85,MW,BE,BE,forecast_load,Forecasted Load,2026-08-23T15:57:47Z
2026-08-23T15:57:37Z,2026-08-23T17:57:37+0200,4e74b68d-c003-4d56-be5d-5f0c265edc96,2026-08-07T15:00:00Z,2026-08-07T17:00:00+0200,9362.94,MW,BE,BE,forecast_load,Forecasted Load,2026-08-23T15:57:47Z
2026-08-23T15:57:37Z,2026-08-23T17:57:37+0200,4e74b68d-c003-4d56-be5d-5f0c265edc96,2026-08-07T15:15:00Z,2026-08-07T17:15:00+0200,9250.87,MW,BE,BE,forecast_load,Forecasted Load,2026-08-23T15:57:47Z
2026-08-23T15:57:37Z,2026-08-23T17:57:37+0200,4e74b68d-c003-4d56-be5d-5f0c265edc96,2026-08-07T15:30:00Z,2026-08-07T17:30:00+0200,9279.92,MW,BE,BE,forecast_load,Forecasted Load,2026-08-23T15:57:47Z
2026-08-23T15:57:37Z,2026-08-23T17:57:37+0200,4e74b68d-c003-4d56-be5d-5f0c265edc96,2026-08-07T15:45:00Z,2026-08-07T17:45:00+0200,9222.77,MW,BE,BE,forecast_load,Forecasted Load,2026-08-23T15:57:47Z
2026-08-23T15:57:37Z,2026-08-23T17:57:37+0200,4e74b68d-c003-4d56-be5d-5f0c265edc96,2026-08-07T16:00:00Z,2026-08-07T18:00:00+0200,9153.88,MW,BE,BE,forecast_load,Forecasted Load,2026-08-23T15:57:47Z
2026-08-23T15:57:37Z,2026-08-23T17:57:37+0200,4e74b68d-c003-4d56-be5d-5f0c265edc96,2026-08-07T16:15:00Z,2026-08-07T18:15:00+0200,9104.14,MW,BE,BE,forecast_load,Forecasted Load,2026-08-23T15:57:47Z
2026-08-23T15:57:37Z,2026-08-23T17:57:37+0200,4e74b68d-c003-4d56-be5d-5f0c265edc96,2026-08-07T16:30:00Z,2026-08-07T18:30:00+0200,9124.34,MW,BE,BE,forecast_load,Forecasted Load,2026-08-23T15:57:47Z
2026-08-23T15:57:37Z,2026-08-23T17:57:37+0200,4e74b68d-c003-4d56-be5d-5f0c265edc96,2026-08-07T16:45:00Z,2026-08-07T18:45:00+0200,9073.84,MW,BE,BE,forecast_load,Forecasted Load,2026-08-23T15:57:47Z
2026-08-23T15:57:37Z,2026-08-23T17:57:37+0200,4e74b68d-c003-4d56-be5d-5f0c265edc96,2026-08-07T17:00:00Z,2026-08-07T19:00:00+0200,9070.53,MW,BE,BE,forecast_load,Forecasted Load,2026-08-23T15:57:47Z
2026-08-23T15:57:37Z,2026-08-23T17:57:37+0200,4e74b68d-c003-4d56-be5d-5f0c265edc96,2026-08-07T17:15:00Z,2026-08-07T19:15:00+0200,9004.26,MW,BE,BE,forecast_load,Forecasted Load,2026-08-23T15:57:47Z
2026-08-23T15:57:37Z,2026-08-23T17:57:37+0200,4e74b68d-c003-4d56-be5d-5f0c265edc96,2026-08-07T17:30:00Z,2026-08-07T19:30:00+0200,8982.64,MW,BE,BE,forecast_load,Forecasted Load,2026-08-23T15:57:47Z
2026-08-23T15:57:37Z,2026-08-23T17:57:37+0200,4e74b68d-c003-4d56-be5d-5f0c265edc96,2026-08-07T17:45:00Z,2026-08-07T19:45:00+0200,8944.52,MW,BE,BE,forecast_load,Forecasted Load,2026-08-23T15:57:47Z
2026-08-23T15:57:37Z,2026-08-23T17:57:37+0200,4e74b68d-c003-4d56-be5d-5f0c265edc96,2026-08-07T18:00:00Z,2026-08-07T20:00:00+0200,8923.35,MW,BE,BE,forecast_load,Forecasted Load,2026-08-23T15:57:47Z
2026-08-23T15:57:37Z,2026-08-23T17:57:37+0200,4e74b68d-c003-4d56-be5d-5f0c265edc96,2026-08-07T18:15:00Z,2026-08-07T20:15:00+0200,8828.14,MW,BE,BE,forecast_load,Forecasted Load,2026-08-23T15:57:47Z
2026-08-23T15:57:37Z,2026-08-23T17:57:37+0200,4e74b68d-c003-4d56-be5d-5f0c265edc96,2026-08-07T18:30:00Z,2026-08-07T20:30:00+0200,8718.09,MW,BE,BE,forecast_load,Forecasted Load,2026-08-23T15:57:47Z
2026-08-23T15:57:37Z,2026-08-23T17:57:37+0200,4e74b68d-c003-4d56-be5d-5f0c265edc96,2026-08-07T18:45:00Z,2026-08-07T20:45:00+0200,8634.59,MW,BE,BE,forecast_load,Forecasted Load,2026-08-23T15:57:47Z
2026-08-23T15:57:37Z,2026-08-23T17:57:37+0200,4e74b68d-c003-4d56-be5d-5f0c265edc96,2026-08-07T19:00:00Z,2026-08-07T21:00:00+0200,8694.4,MW,BE,BE,forecast_load,Forecasted Load,2026-08-23T15:57:47Z
2026-08-23T15:57:37Z,2026-08-23T17:57:37+0200,4e74b68d-c003-4d56-be5d-5f0c265edc96,2026-08-07T19:15:00Z,2026-08-07T21:15:00+0200,8614.95,MW,BE,BE,forecast_load,Forecasted Load,2026-08-23T15:57:47Z
2026-08-23T15:57:37Z,2026-08-23T17:57:37+0200,4e74b68d-c003-4d56-be5d-5f0c265edc96,2026-08-07T19:30:00Z,2026-08-07T21:30:00+0200,8604.88,MW,BE,BE,forecast_load,Forecasted Load,2026-08-23T15:57:47Z
2026-08-23T15:57:37Z,2026-08-23T17:57:37+0200,4e74b68d-c003-4d56-be5d-5f0c265edc96,2026-08-07T19:45:00Z,2026-08-07T21:45:00+0200,8625.0,MW,BE,BE,forecast_load,Forecasted Load,2026-08-23T15:57:47Z
2026-08-23T15:57:37Z,2026-08-23T17:57:37+0200,4e74b68d-c003-4d56-be5d-5f0c265edc96,2026-08-07T20:00:00Z,2026-08-07T22:00:00+0200,8632.72,MW,BE,BE,forecast_load,Forecasted Load,2026-08-23T15:57:47Z
2026-08-23T15:57:37Z,2026-08-23T17:57:37+0200,4e74b68d-c003-4d56-be5d-5f0c265edc96,2026-08-07T20:15:00Z,2026-08-07T22:15:00+0200,8637.0,MW,BE,BE,forecast_load,Forecasted Load,2026-08-23T15:57:47Z
2026-08-23T15:57:37Z,2026-08-23T17:57:37+0200,4e74b68d-c003-4d56-be5d-5f0c265edc96,2026-08-07T20:30:00Z,2026-08-07T22:30:00+0200,8589.05,MW,BE,BE,forecast_load,Forecasted Load,2026-08-23T15:57:47Z
2026-08-23T15:57:37Z,2026-08-23T17:57:37+0200,4e74b68d-c003-4d56-be5d-5f0c265edc96,2026-08-07T20:45:00Z,2026-08-07T22:45:00+0200,8512.21,MW,BE,BE,forecast_load,Forecasted Load,2026-08-23T15:57:47Z
2026-08-23T15:57:37Z,2026-08-23T17:57:37+0200,4e74b68d-c003-4d56-be5d-5f0c265edc96,2026-08-07T21:00:00Z,2026-08-07T23:00:00+0200,8420.08,MW,BE,BE,forecast_load,Forecasted Load,2026-08-23T15:57:47Z
2026-08-23T15:57:37Z,2026-08-23T17:57:37+0200,4e74b68d-c003-4d56-be5d-5f0c265edc96,2026-08-07T21:15:00Z,2026-08-07T23:15:00+0200,8302.44,MW,BE,BE,forecast_load,Forecasted Load,2026-08-23T15:57:47Z
2026-08-23T15:57:37Z,2026-08-23T17:57:37+0200,4e74b68d-c003-4d56-be5d-5f0c265edc96,2026-08-07T21:30:00Z,2026-08-07T23:30:00+0200,8171.68,MW,BE,BE,forecast_load,Forecasted Load,2026-08-23T15:57:47Z
2026-08-23T15:57:37Z,2026-08-23T17:57:37+0200,4e74b68d-c003-4d56-be5d-5f0c265edc96,2026-08-07T21:45:00Z,2026-08-07T23:45:00+0200,8094.07,MW,BE,BE,forecast_load,Forecasted Load,2026-08-23T15:57:47Z
2026-08-23T15:57:37Z,2026-08-23T17:57:37+0200,4e74b68d-c003-4d56-be5d-5f0c265edc96,2026-08-07T22:00:00Z,2026-08-08T00:00:00+0200,7335.82,MW,BE,BE,forecast_load,Forecasted Load,2026-08-23T15:57:47Z
2026-08-23T15:57:37Z,2026-08-23T17:57:37+0200,4e74b68d-c003-4d56-be5d-5f0c265edc96,2026-08-07T22:15:00Z,2026-08-08T00:15:00+0200,7228.8,MW,BE,BE,forecast_load,Forecasted Load,2026-08-23T15:57:47Z
2026-08-23T15:57:37Z,2026-08-23T17:57:37+0200,4e74b68d-c003-4d56-be5d-5f0c265edc96,2026-08-07T22:30:00Z,2026-08-08T00:30:00+0200,7145.41,MW,BE,BE,forecast_load,Forecasted Load,2026-08-23T15:57:47Z
2026-08-23T15:57:37Z,2026-08-23T17:57:37+0200,4e74b68d-c003-4d56-be5d-5f0c265edc96,2026-08-07T22:45:00Z,2026-08-08T00:45:00+0200,7101.18,MW,BE,BE,forecast_load,Forecasted Load,2026-08-23T15:57:47Z
2026-08-23T15:57:37Z,2026-08-23T17:57:37+0200,4e74b68d-c003-4d56-be5d-5f0c265edc96,2026-08-07T23:00:00Z,2026-08-08T01:00:00+0200,6986.99,MW,BE,BE,forecast_load,Forecasted Load,2026-08-23T15:57:47Z
2026-08-23T15:57:37Z,2026-08-23T17:57:37+0200,4e74b68d-c003-4d56-be5d-5f0c265edc96,2026-08-07T23:15:00Z,2026-08-08T01:15:00+0200,6921.03,MW,BE,BE,forecast_load,Forecasted Load,2026-08-23T15:57:47Z
2026-08-23T15:57:37Z,2026-08-23T17:57:37+0200,4e74b68d-c003-4d56-be5d-5f0c265edc96,2026-08-07T23:30:00Z,2026-08-08T01:30:00+0200,6855.52,MW,BE,BE,forecast_load,Forecasted Load,2026-08-23T15:57:47Z
2026-08-23T15:57:37Z,2026-08-23T17:57:37+0200,4e74b68d-c003-4d56-be5d-5f0c265edc96,2026-08-07T23:45:00Z,2026-08-08T01:45:00+0200,6789.94,MW,BE,BE,forecast_load,Forecasted Load,2026-08-23T15:57:47Z
2026-08-23T15:57:37Z,2026-08-23T17:57:37+0200,4e74b68d-c003-4d56-be5d-5f0c265edc96,2026-08-08T00:00:00Z,2026-08-08T02:00:00+0200,7126.39,MW,BE,BE,forecast_load,Forecasted Load,2026-08-23T15:57:47Z
2026-08-23T15:57:37Z,2026-08-23T17:57:37+0200,4e74b68d-c003-4d56-be5d-5f0c265edc96,2026-08-08T00:15:00Z,2026-08-08T02:15:00+0200,7098.42,MW,BE,BE,forecast_load,Forecasted Load,2026-08-23T15:57:47Z
2026-08-23T15:57:37Z,2026-08-23T17:57:37+0200,4e74b68d-c003-4d56-be5d-5f0c265edc96,2026-08-08T00:30:00Z,2026-08-08T02:30:00+0200,7124.85,MW,BE,BE,forecast_load,Forecasted Load,2026-08-23T15:57:47Z
2026-08-23T15:57:37Z,2026-08-23T17:57:37+0200,4e74b68d-c003-4d56-be5d-5f0c265edc96,2026-08-08T00:45:00Z,2026-08-08T02:45:00+0200,7047.65,MW,BE,BE,forecast_load,Forecasted Load,2026-08-23T15:57:47Z
2026-08-23T15:57:37Z,2026-08-23T17:57:37+0200,4e74b68d-c003-4d56-be5d-5f0c265edc96,2026-08-08T01:00:00Z,2026-08-08T03:00:00+0200,7085.74,MW,BE,BE,forecast_load,Forecasted Load,2026-08-23T15:57:47Z
2026-08-23T15:57:37Z,2026-08-23T17:57:37+0200,4e74b68d-c003-4d56-be5d-5f0c265edc96,2026-08-08T01:15:00Z,2026-08-08T03:15:00+0200,7044.01,MW,BE,BE,forecast_load,Forecasted Load,2026-08-23T15:57:47Z
2026-08-23T15:57:37Z,2026-08-23T17:57:37+0200,4e74b68d-c003-4d56-be5d-5f0c265edc96,2026-08-08T01:30:00Z,2026-08-08T03:30:00+0200,6992.0,MW,BE,BE,forecast_load,Forecasted Load,2026-08-23T15:57:47Z
2026-08-23T15:57:37Z,2026-08-23T17:57:37+0200,4e74b68d-c003-4d56-be5d-5f0c265edc96,2026-08-08T01:45:00Z,2026-08-08T03:45:00+0200,6951.7,MW,BE,BE,forecast_load,Forecasted Load,2026-08-23T15:57:47Z
2026-08-23T15:57:37Z,2026-08-23T17:57:37+0200,4e74b68d-c003-4d56-be5d-5f0c265edc96,2026-08-08T02:00:00Z,2026-08-08T04:00:00+0200,6981.23,MW,BE,BE,forecast_load,Forecasted Load,2026-08-23T15:57:47Z
2026-08-23T15:57:37Z,2026-08-23T17:57:37+0200,4e74b68d-c003-4d56-be5d-5f0c265edc96,2026-08-08T02:15:00Z,2026-08-08T04:15:00+0200,6927.67,MW,BE,BE,forecast_load,Forecasted Load,2026-08-23T15:57:47Z
2026-08-23T15:57:37Z,2026-08-23T17:57:37+0200,4e74b68d-c003-4d56-be5d-5f0c265edc96,2026-08-08T02:30:00Z,2026-08-08T04:30:00+0200,6916.73,MW,BE,BE,forecast_load,Forecasted Load,2026-08-23T15:57:47Z
2026-08-23T15:57:37Z,2026-08-23T17:57:37+0200,4e74b68d-c003-4d56-be5d-5f0c265edc96,2026-08-08T02:45:00Z,2026-08-08T04:45:00+0200,6938.51,MW,BE,BE,forecast_load,Forecasted Load,2026-08-23T15:57:47Z
2026-08-23T15:57:37Z,2026-08-23T17:57:37+0200,4e74b68d-c003-4d56-be5d-5f0c265edc96,2026-08-08T03:00:00Z,2026-08-08T05:00:00+0200,6798.84,MW,BE,BE,forecast_load,Forecasted Load,2026-08-23T15:57:47Z
2026-08-23T15:57:37Z,2026-08-23T17:57:37+0200,4e74b68d-c003-4d56-be5d-5f0c265edc96,2026-08-08T03:15:00Z,2026-08-08T05:15:00+0200,6794.71,MW,BE,BE,forecast_load,Forecasted Load,2026-08-23T15:57:47Z
2026-08-23T15:57:37Z,2026-08-23T17:57:37+0200,4e74b68d-c003-4d56-be5d-5f0c265edc96,2026-08-08T03:30:00Z,2026-08-08T05:30:00+0200,6786.98,MW,BE,BE,forecast_load,Forecasted Load,2026-08-23T15:57:47Z
2026-08-23T15:57:37Z,2026-08-23T17:57:37+0200,4e74b68d-c003-4d56-be5d-5f0c265edc96,2026-08-08T03:45:00Z,2026-08-08T05:45:00+0200,6764.03,MW,BE,BE,forecast_load,Forecasted Load,2026-08-23T15:57:47Z
2026-08-23T15:57:37Z,2026-08-23T17:57:37+0200,4e74b68d-c003-4d56-be5d-5f0c265edc96,2026-08-08T04:00:00Z,2026-08-08T06:00:00+0200,6804.47,MW,BE,BE,forecast_load,Forecasted Load,2026-08-23T15:57:47Z
2026-08-23T15:57:37Z,2026-08-23T17:57:37+0200,4e74b68d-c003-4d56-be5d-5f0c265edc96,2026-08-08T04:15:00Z,2026-08-08T06:15:00+0200,6894.6,MW,BE,BE,forecast_load,Forecasted Load,2026-08-23T15:57:47Z
2026-08-23T15:57:37Z,2026-08-23T17:57:37+0200,4e74b68d-c003-4d56-be5d-5f0c265edc96,2026-08-08T04:30:00Z,2026-08-08T06:30:00+0200,6947.04,MW,BE,BE,forecast_load,Forecasted Load,2026-08-23T15:57:47Z
2026-08-23T15:57:37Z,2026-08-23T17:57:37+0200,4e74b68d-c003-4d56-be5d-5f0c265edc96,2026-08-08T04:45:00Z,2026-08-08T06:45:00+0200,7010.22,MW,BE,BE,forecast_load,Forecasted Load,2026-08-23T15:57:47Z
2026-08-23T15:57:37Z,2026-08-23T17:57:37+0200,4e74b68d-c003-4d56-be5d-5f0c265edc96,2026-08-08T05:00:00Z,2026-08-08T07:00:00+0200,7211.02,MW,BE,BE,forecast_load,Forecasted Load,2026-08-23T15:57:47Z
2026-08-23T15:57:37Z,2026-08-23T17:57:37+0200,4e74b68d-c003-4d56-be5d-5f0c265edc96,2026-08-08T05:15:00Z,2026-08-08T07:15:00+0200,7283.27,MW,BE,BE,forecast_load,Forecasted Load,2026-08-23T15:57:47Z
2026-08-23T15:57:37Z,2026-08-23T17:57:37+0200,4e74b68d-c003-4d56-be5d-5f0c265edc96,2026-08-08T05:30:00Z,2026-08-08T07:30:00+0200,7365.81,MW,BE,BE,forecast_load,Forecasted Load,2026-08-23T15:57:47Z
2026-08-23T15:57:37Z,2026-08-23T17:57:37+0200,4e74b68d-c003-4d56-be5d-5f0c265edc96,2026-08-08T05:45:00Z,2026-08-08T07:45:00+0200,7419.16,MW,BE,BE,forecast_load,Forecasted Load,2026-08-23T15:57:47Z
2026-08-23T15:57:37Z,2026-08-23T17:57:37+0200,4e74b68d-c003-4d56-be5d-5f0c265edc96,2026-08-08T06:00:00Z,2026-08-08T08:00:00+0200,7442.2,MW,BE,BE,forecast_load,Forecasted Load,2026-08-23T15:57:47Z
2026-08-23T15:57:37Z,2026-08-23T17:57:37+0200,4e74b68d-c003-4d56-be5d-5f0c265edc96,2026-08-08T06:15:00Z,2026-08-08T08:15:00+0200,7590.0,MW,BE,BE,forecast_load,Forecasted Load,2026-08-23T15:57:47Z
2026-08-23T15:57:37Z,2026-08-23T17:57:37+0200,4e74b68d-c003-4d56-be5d-5f0c265edc96,2026-08-08T06:30:00Z,2026-08-08T08:30:00+0200,7713.64,MW,BE,BE,forecast_load,Forecasted Load,2026-08-23T15:57:47Z
2026-08-23T15:57:37Z,2026-08-23T17:57:37+0200,4e74b68d-c003-4d56-be5d-5f0c265edc96,2026-08-08T06:45:00Z,2026-08-08T08:45:00+0200,7844.96,MW,BE,BE,forecast_load,Forecasted Load,2026-08-23T15:57:47Z
2026-08-23T15:57:37Z,2026-08-23T17:57:37+0200,4e74b68d-c003-4d56-be5d-5f0c265edc96,2026-08-08T07:00:00Z,2026-08-08T09:00:00+0200,7869.24,MW,BE,BE,forecast_load,Forecasted Load,2026-08-23T15:57:47Z
2026-08-23T15:57:37Z,2026-08-23T17:57:37+0200,4e74b68d-c003-4d56-be5d-5f0c265edc96,2026-08-08T07:15:00Z,2026-08-08T09:15:00+0200,7983.48,MW,BE,BE,forecast_load,Forecasted Load,2026-08-23T15:57:47Z
2026-08-23T15:57:37Z,2026-08-23T17:57:37+0200,4e74b68d-c003-4d56-be5d-5f0c265edc96,2026-08-08T07:30:00Z,2026-08-08T09:30:00+0200,8149.63,MW,BE,BE,forecast_load,Forecasted Load,2026-08-23T15:57:47Z
2026-08-23T15:57:37Z,2026-08-23T17:57:37+0200,4e74b68d-c003-4d56-be5d-5f0c265edc96,2026-08-08T07:45:00Z,2026-08-08T09:45:00+0200,8249.86,MW,BE,BE,forecast_load,Forecasted Load,2026-08-23T15:57:47Z
2026-08-23T15:57:37Z,2026-08-23T17:57:37+0200,4e74b68d-c003-4d56-be5d-5f0c265edc96,2026-08-08T08:00:00Z,2026-08-08T10:00:00+0200,8283.23,MW,BE,BE,forecast_load,Forecasted Load,2026-08-23T15:57:47Z
2026-08-23T15:57:37Z,2026-08-23T17:57:37+0200,4e74b68d-c003-4d56-be5d-5f0c265edc96,2026-08-08T08:15:00Z,2026-08-08T10:15:00+0200,8411.78,MW,BE,BE,forecast_load,Forecasted Load,2026-08-23T15:57:47Z
2026-08-23T15:57:37Z,2026-08-23T17:57:37+0200,4e74b68d-c003-4d56-be5d-5f0c265edc96,2026-08-08T08:30:00Z,2026-08-08T10:30:00+0200,8467.37,MW,BE,BE,forecast_load,Forecasted Load,2026-08-23T15:57:47Z
2026-08-23T15:57:37Z,2026-08-23T17:57:37+0200,4e74b68d-c003-4d56-be5d-5f0c265edc96,2026-08-08T08:45:00Z,2026-08-08T10:45:00+0200,8581.62,MW,BE,BE,forecast_load,Forecasted Load,2026-08-23T15:57:47Z
2026-08-23T15:57:37Z,2026-08-23T17:57:37+0200,4e74b68d-c003-4d56-be5d-5f0c265edc96,2026-08-08T09:00:00Z,2026-08-08T11:00:00+0200,8603.16,MW,BE,BE,forecast_load,Forecasted Load,2026-08-23T15:57:47Z
2026-08-23T15:57:37Z,2026-08-23T17:57:37+0200,4e74b68d-c003-4d56-be5d-5f0c265edc96,2026-08-08T09:15:00Z,2026-08-08T11:15:00+0200,8683.47,MW,BE,BE,forecast_load,Forecasted Load,2026-08-23T15:57:47Z
2026-08-23T15:57:37Z,2026-08-23T17:57:37+0200,4e74b68d-c003-4d56-be5d-5f0c265edc96,2026-08-08T09:30:00Z,2026-08-08T11:30:00+0200,8782.34,MW,BE,BE,forecast_load,Forecasted Load,2026-08-23T15:57:47Z
2026-08-23T15:57:37Z,2026-08-23T17:57:37+0200,4e74b68d-c003-4d56-be5d-5f0c265edc96,2026-08-08T09:45:00Z,2026-08-08T11:45:00+0200,8945.19,MW,BE,BE,forecast_load,Forecasted Load,2026-08-23T15:57:47Z
2026-08-23T15:57:37Z,2026-08-23T17:57:37+0200,4e74b68d-c003-4d56-be5d-5f0c265edc96,2026-08-08T10:00:00Z,2026-08-08T12:00:00+0200,8982.96,MW,BE,BE,forecast_load,Forecasted Load,2026-08-23T15:57:47Z
2026-08-23T15:57:37Z,2026-08-23T17:57:37+0200,4e74b68d-c003-4d56-be5d-5f0c265edc96,2026-08-08T10:15:00Z,2026-08-08T12:15:00+0200,9009.01,MW,BE,BE,forecast_load,Forecasted Load,2026-08-23T15:57:47Z
2026-08-23T15:57:37Z,2026-08-23T17:57:37+0200,4e74b68d-c003-4d56-be5d-5f0c265edc96,2026-08-08T10:30:00Z,2026-08-08T12:30:00+0200,9012.95,MW,BE,BE,forecast_load,Forecasted Load,2026-08-23T15:57:47Z
2026-08-23T15:57:37Z,2026-08-23T17:57:37+0200,4e74b68d-c003-4d56-be5d-5f0c265edc96,2026-08-08T10:45:00Z,2026-08-08T12:45:00+0200,8966.67,MW,BE,BE,forecast_load,Forecasted Load,2026-08-23T15:57:47Z
2026-08-23T15:57:37Z,2026-08-23T17:57:37+0200,4e74b68d-c003-4d56-be5d-5f0c265edc96,2026-08-08T11:00:00Z,2026-08-08T13:00:00+0200,8922.59,MW,BE,BE,forecast_load,Forecasted Load,2026-08-23T15:57:47Z
2026-08-23T15:57:37Z,2026-08-23T17:57:37+0200,4e74b68d-c003-4d56-be5d-5f0c265edc96,2026-08-08T11:15:00Z,2026-08-08T13:15:00+0200,8928.5,MW,BE,BE,forecast_load,Forecasted Load,2026-08-23T15:57:47Z
2026-08-23T15:57:37Z,2026-08-23T17:57:37+0200,4e74b68d-c003-4d56-be5d-5f0c265edc96,2026-08-08T11:30:00Z,2026-08-08T13:30:00+0200,8845.47,MW,BE,BE,forecast_load,Forecasted Load,2026-08-23T15:57:47Z
2026-08-23T15:57:37Z,2026-08-23T17:57:37+0200,4e74b68d-c003-4d56-be5d-5f0c265edc96,2026-08-08T11:45:00Z,2026-08-08T13:45:00+0200,8828.58,MW,BE,BE,forecast_load,Forecasted Load,2026-08-23T15:57:47Z
2026-08-23T15:57:37Z,2026-08-23T17:57:37+0200,4e74b68d-c003-4d56-be5d-5f0c265edc96,2026-08-08T12:00:00Z,2026-08-08T14:00:00+0200,8557.98,MW,BE,BE,forecast_load,Forecasted Load,2026-08-23T15:57:47Z
2026-08-23T15:57:37Z,2026-08-23T17:57:37+0200,4e74b68d-c003-4d56-be5d-5f0c265edc96,2026-08-08T12:15:00Z,2026-08-08T14:15:00+0200,8536.57,MW,BE,BE,forecast_load,Forecasted Load,2026-08-23T15:57:47Z
2026-08-23T15:57:37Z,2026-08-23T17:57:37+0200,4e74b68d-c003-4d56-be5d-5f0c265edc96,2026-08-08T12:30:00Z,2026-08-08T14:30:00+0200,8529.94,MW,BE,BE,forecast_load,Forecasted Load,2026-08-23T15:57:47Z
2026-08-23T15:57:37Z,2026-08-23T17:57:37+0200,4e74b68d-c003-4d56-be5d-5f0c265edc96,2026-08-08T12:45:00Z,2026-08-08T14:45:00+0200,8486.68,MW,BE,BE,forecast_load,Forecasted Load,2026-08-23T15:57:47Z
2026-08-23T15:57:37Z,2026-08-23T17:57:37+0200,4e74b68d-c003-4d56-be5d-5f0c265edc96,2026-08-08T13:00:00Z,2026-08-08T15:00:00+0200,8401.06,MW,BE,BE,forecast_load,Forecasted Load,2026-08-23T15:57:47Z
2026-08-23T15:57:37Z,2026-08-23T17:57:37+0200,4e74b68d-c003-4d56-be5d-5f0c265edc96,2026-08-08T13:15:00Z,2026-08-08T15:15:00+0200,8367.44,MW,BE,BE,forecast_load,Forecasted Load,2026-08-23T15:57:47Z
2026-08-23T15:57:37Z,2026-08-23T17:57:37+0200,4e74b68d-c003-4d56-be5d-5f0c265edc96,2026-08-08T13:30:00Z,2026-08-08T15:30:00+0200,8324.87,MW,BE,BE,forecast_load,Forecasted Load,2026-08-23T15:57:47Z
2026-08-23T15:57:37Z,2026-08-23T17:57:37+0200,4e74b68d-c003-4d56-be5d-5f0c265edc96,2026-08-08T13:45:00Z,2026-08-08T15:45:00+0200,8212.53,MW,BE,BE,forecast_load,Forecasted Load,2026-08-23T15:57:47Z
2026-08-23T15:57:37Z,2026-08-23T17:57:37+0200,4e74b68d-c003-4d56-be5d-5f0c265edc96,2026-08-08T14:00:00Z,2026-08-08T16:00:00+0200,8267.88,MW,BE,BE,forecast_load,Forecasted Load,2026-08-23T15:57:47Z
2026-08-23T15:57:37Z,2026-08-23T17:57:37+0200,4e74b68d-c003-4d56-be5d-5f0c265edc96,2026-08-08T14:15:00Z,2026-08-08T16:15:00+0200,8082.28,MW,BE,BE,forecast_load,Forecasted Load,2026-08-23T15:57:47Z
2026-08-23T15:57:37Z,2026-08-23T17:57:37+0200,4e74b68d-c003-4d56-be5d-5f0c265edc96,2026-08-08T14:30:00Z,2026-08-08T16:30:00+0200,8006.27,MW,BE,BE,forecast_load,Forecasted Load,2026-08-23T15:57:47Z
2026-08-23T15:57:37Z,2026-08-23T17:57:37+0200,4e74b68d-c003-4d56-be5d-5f0c265edc96,2026-08-08T14:45:00Z,2026-08-08T16:45:00+0200,7989.94,MW,BE,BE,forecast_load,Forecasted Load,2026-08-23T15:57:47Z
2026-08-23T15:57:37Z,2026-08-23T17:57:37+0200,4e74b68d-c003-4d56-be5d-5f0c265edc96,2026-08-08T15:00:00Z,2026-08-08T17:00:00+0200,8223.0,MW,BE,BE,forecast_load,Forecasted Load,2026-08-23T15:57:47Z
2026-08-23T15:57:37Z,2026-08-23T17:57:37+0200,4e74b68d-c003-4d56-be5d-5f0c265edc96,2026-08-08T15:15:00Z,2026-08-08T17:15:00+0200,8106.47,MW,BE,BE,forecast_load,Forecasted Load,2026-08-23T15:57:47Z
2026-08-23T15:57:37Z,2026-08-23T17:57:37+0200,4e74b68d-c003-4d56-be5d-5f0c265edc96,2026-08-08T15:30:00Z,2026-08-08T17:30:00+0200,8077.0,MW,BE,BE,forecast_load,Forecasted Load,2026-08-23T15:57:47Z
2026-08-23T15:57:37Z,2026-08-23T17:57:37+0200,4e74b68d-c003-4d56-be5d-5f0c265edc96,2026-08-08T15:45:00Z,2026-08-08T17:45:00+0200,8084.49,MW,BE,BE,forecast_load,Forecasted Load,2026-08-23T15:57:47Z
2026-08-23T15:57:37Z,2026-08-23T17:57:37+0200,4e74b68d-c003-4d56-be5d-5f0c265edc96,2026-08-08T16:00:00Z,2026-08-08T18:00:00+0200,8220.72,MW,BE,BE,forecast_load,Forecasted Load,2026-08-23T15:57:47Z
2026-08-23T15:57:37Z,2026-08-23T17:57:37+0200,4e74b68d-c003-4d56-be5d-5f0c265edc96,2026-08-08T16:15:00Z,2026-08-08T18:15:00+0200,8165.27,MW,BE,BE,forecast_load,Forecasted Load,2026-08-23T15:57:47Z
2026-08-23T15:57:37Z,2026-08-23T17:57:37+0200,4e74b68d-c003-4d56-be5d-5f0c265edc96,2026-08-08T16:30:00Z,2026-08-08T18:30:00+0200,8137.92,MW,BE,BE,forecast_load,Forecasted Load,2026-08-23T15:57:47Z
2026-08-23T15:57:37Z,2026-08-23T17:57:37+0200,4e74b68d-c003-4d56-be5d-5f0c265edc96,2026-08-08T16:45:00Z,2026-08-08T18:45:00+0200,8153.92,MW,BE,BE,forecast_load,Forecasted Load,2026-08-23T15:57:47Z
2026-08-23T15:57:37Z,2026-08-23T17:57:37+0200,4e74b68d-c003-4d56-be5d-5f0c265edc96,2026-08-08T17:00:00Z,2026-08-08T19:00:00+0200,8178.14,MW,BE,BE,forecast_load,Forecasted Load,2026-08-23T15:57:47Z
2026-08-23T15:57:37Z,2026-08-23T17:57:37+0200,4e74b68d-c003-4d56-be5d-5f0c265edc96,2026-08-08T17:15:00Z,2026-08-08T19:15:00+0200,8138.99,MW,BE,BE,forecast_load,Forecasted Load,2026-08-23T15:57:47Z
2026-08-23T15:57:37Z,2026-08-23T17:57:37+0200,4e74b68d-c003-4d56-be5d-5f0c265edc96,2026-08-08T17:30:00Z,2026-08-08T19:30:00+0200,8179.05,MW,BE,BE,forecast_load,Forecasted Load,2026-08-23T15:57:47Z
2026-08-23T15:57:37Z,2026-08-23T17:57:37+0200,4e74b68d-c003-4d56-be5d-5f0c265edc96,2026-08-08T17:45:00Z,2026-08-08T19:45:00+0200,8123.38,MW,BE,BE,forecast_load,Forecasted Load,2026-08-23T15:57:47Z
2026-08-23T15:57:37Z,2026-08-23T17:57:37+0200,4e74b68d-c003-4d56-be5d-5f0c265edc96,2026-08-08T18:00:00Z,2026-08-08T20:00:00+0200,8119.09,MW,BE,BE,forecast_load,Forecasted Load,2026-08-23T15:57:47Z
2026-08-23T15:57:37Z,2026-08-23T17:57:37+0200,4e74b68d-c003-4d56-be5d-5f0c265edc96,2026-08-08T18:15:00Z,2026-08-08T20:15:00+0200,8048.77,MW,BE,BE,forecast_load,Forecasted Load,2026-08-23T15:57:47Z
2026-08-23T15:57:37Z,2026-08-23T17:57:37+0200,4e74b68d-c003-4d56-be5d-5f0c265edc96,2026-08-08T18:30:00Z,2026-08-08T20:30:00+0200,8011.26,MW,BE,BE,forecast_load,Forecasted Load,2026-08-23T15:57:47Z
2026-08-23T15:57:37Z,2026-08-23T17:57:37+0200,4e74b68d-c003-4d56-be5d-5f0c265edc96,2026-08-08T18:45:00Z,2026-08-08T20:45:00+0200,7944.25,MW,BE,BE,forecast_load,Forecasted Load,2026-08-23T15:57:47Z
2026-08-23T15:57:37Z,2026-08-23T17:57:37+0200,4e74b68d-c003-4d56-be5d-5f0c265edc96,2026-08-08T19:00:00Z,2026-08-08T21:00:00+0200,8006.05,MW,BE,BE,forecast_load,Forecasted Load,2026-08-23T15:57:47Z
2026-08-23T15:57:37Z,2026-08-23T17:57:37+0200,4e74b68d-c003-4d56-be5d-5f0c265edc96,2026-08-08T19:15:00Z,2026-08-08T21:15:00+0200,7944.15,MW,BE,BE,forecast_load,Forecasted Load,2026-08-23T15:57:47Z
2026-08-23T15:57:37Z,2026-08-23T17:57:37+0200,4e74b68d-c003-4d56-be5d-5f0c265edc96,2026-08-08T19:30:00Z,2026-08-08T21:30:00+0200,7922.91,MW,BE,BE,forecast_load,Forecasted Load,2026-08-23T15:57:47Z
2026-08-23T15:57:37Z,2026-08-23T17:57:37+0200,4e74b68d-c003-4d56-be5d-5f0c265edc96,2026-08-08T19:45:00Z,2026-08-08T21:45:00+0200,7931.24,MW,BE,BE,forecast_load,Forecasted Load,2026-08-23T15:57:47Z
2026-08-23T15:57:37Z,2026-08-23T17:57:37+0200,4e74b68d-c003-4d56-be5d-5f0c265edc96,2026-08-08T20:00:00Z,2026-08-08T22:00:00+0200,7943.42,MW,BE,BE,forecast_load,Forecasted Load,2026-08-23T15:57:47Z
2026-08-23T15:57:37Z,2026-08-23T17:57:37+0200,4e74b68d-c003-4d56-be5d-5f0c265edc96,2026-08-08T20:15:00Z,2026-08-08T22:15:00+0200,8004.19,MW,BE,BE,forecast_load,Forecasted Load,2026-08-23T15:57:47Z
2026-08-23T15:57:37Z,2026-08-23T17:57:37+0200,4e74b68d-c003-4d56-be5d-5f0c265edc96,2026-08-08T20:30:00Z,2026-08-08T22:30:00+0200,7948.03,MW,BE,BE,forecast_load,Forecasted Load,2026-08-23T15:57:47Z
2026-08-23T15:57:37Z,2026-08-23T17:57:37+0200,4e74b68d-c003-4d56-be5d-5f0c265edc96,2026-08-08T20:45:00Z,2026-08-08T22:45:00+0200,7901.59,MW,BE,BE,forecast_load,Forecasted Load,2026-08-23T15:57:47Z
2026-08-23T15:57:37Z,2026-08-23T17:57:37+0200,4e74b68d-c003-4d56-be5d-5f0c265edc96,2026-08-08T21:00:00Z,2026-08-08T23:00:00+0200,7780.85,MW,BE,BE,forecast_load,Forecasted Load,2026-08-23T15:57:47Z
2026-08-23T15:57:37Z,2026-08-23T17:57:37+0200,4e74b68d-c003-4d56-be5d-5f0c265edc96,2026-08-08T21:15:00Z,2026-08-08T23:15:00+0200,7744.52,MW,BE,BE,forecast_load,Forecasted Load,2026-08-23T15:57:47Z
2026-08-23T15:57:37Z,2026-08-23T17:57:37+0200,4e74b68d-c003-4d56-be5d-5f0c265edc96,2026-08-08T21:30:00Z,2026-08-08T23:30:00+0200,7647.79,MW,BE,BE,forecast_load,Forecasted Load,2026-08-23T15:57:47Z
2026-08-23T15:57:37Z,2026-08-23T17:57:37+0200,4e74b68d-c003-4d56-be5d-5f0c265edc96,2026-08-08T21:45:00Z,2026-08-08T23:45:00+0200,7535.44,MW,BE,BE,forecast_load,Forecasted Load,2026-08-23T15:57:47Z
2026-08-23T15:57:37Z,2026-08-23T17:57:37+0200,4e74b68d-c003-4d56-be5d-5f0c265edc96,2026-08-08T22:00:00Z,2026-08-09T00:00:00+0200,7063.88,MW,BE,BE,forecast_load,Forecasted Load,2026-08-23T15:57:47Z
2026-08-23T15:57:37Z,2026-08-23T17:57:37+0200,4e74b68d-c003-4d56-be5d-5f0c265edc96,2026-08-08T22:15:00Z,2026-08-09T00:15:00+0200,6993.26,MW,BE,BE,forecast_load,Forecasted Load,2026-08-23T15:57:47Z
2026-08-23T15:57:37Z,2026-08-23T17:57:37+0200,4e74b68d-c003-4d56-be5d-5f0c265edc96,2026-08-08T22:30:00Z,2026-08-09T00:30:00+0200,6954.63,MW,BE,BE,forecast_load,Forecasted Load,2026-08-23T15:57:47Z
2026-08-23T15:57:37Z,2026-08-23T17:57:37+0200,4e74b68d-c003-4d56-be5d-5f0c265edc96,2026-08-08T22:45:00Z,2026-08-09T00:45:00+0200,6913.69,MW,BE,BE,forecast_load,Forecasted Load,2026-08-23T15:57:47Z
2026-08-23T15:57:37Z,2026-08-23T17:57:37+0200,4e74b68d-c003-4d56-be5d-5f0c265edc96,2026-08-08T23:00:00Z,2026-08-09T01:00:00+0200,6804.63,MW,BE,BE,forecast_load,Forecasted Load,2026-08-23T15:57:47Z
2026-08-23T15:57:37Z,2026-08-23T17:57:37+0200,4e74b68d-c003-4d56-be5d-5f0c265edc96,2026-08-08T23:15:00Z,2026-08-09T01:15:00+0200,6763.11,MW,BE,BE,forecast_load,Forecasted Load,2026-08-23T15:57:47Z
2026-08-23T15:57:37Z,2026-08-23T17:57:37+0200,4e74b68d-c003-4d56-be5d-5f0c265edc96,2026-08-08T23:30:00Z,2026-08-09T01:30:00+0200,6685.93,MW,BE,BE,forecast_load,Forecasted Load,2026-08-23T15:57:47Z
2026-08-23T15:57:37Z,2026-08-23T17:57:37+0200,4e74b68d-c003-4d56-be5d-5f0c265edc96,2026-08-08T23:45:00Z,2026-08-09T01:45:00+0200,6606.44,MW,BE,BE,forecast_load,Forecasted Load,2026-08-23T15:57:47Z
2026-08-23T15:57:37Z,2026-08-23T17:57:37+0200,4e74b68d-c003-4d56-be5d-5f0c265edc96,2026-08-09T00:00:00Z,2026-08-09T02:00:00+0200,6700.89,MW,BE,BE,forecast_load,Forecasted Load,2026-08-23T15:57:47Z
2026-08-23T15:57:37Z,2026-08-23T17:57:37+0200,4e74b68d-c003-4d56-be5d-5f0c265edc96,2026-08-09T00:15:00Z,2026-08-09T02:15:00+0200,6614.45,MW,BE,BE,forecast_load,Forecasted Load,2026-08-23T15:57:47Z
2026-08-23T15:57:37Z,2026-08-23T17:57:37+0200,4e74b68d-c003-4d56-be5d-5f0c265edc96,2026-08-09T00:30:00Z,2026-08-09T02:30:00+0200,6550.25,MW,BE,BE,forecast_load,Forecasted Load,2026-08-23T15:57:47Z
2026-08-23T15:57:37Z,2026-08-23T17:57:37+0200,4e74b68d-c003-4d56-be5d-5f0c265edc96,2026-08-09T00:45:00Z,2026-08-09T02:45:00+0200,6529.23,MW,BE,BE,forecast_load,Forecasted Load,2026-08-23T15:57:47Z
2026-08-23T15:57:37Z,2026-08-23T17:57:37+0200,4e74b68d-c003-4d56-be5d-5f0c265edc96,2026-08-09T01:00:00Z,2026-08-09T03:00:00+0200,6464.2,MW,BE,BE,forecast_load,Forecasted Load,2026-08-23T15:57:47Z
2026-08-23T15:57:37Z,2026-08-23T17:57:37+0200,4e74b68d-c003-4d56-be5d-5f0c265edc96,2026-08-09T01:15:00Z,2026-08-09T03:15:00+0200,6407.12,MW,BE,BE,forecast_load,Forecasted Load,2026-08-23T15:57:47Z
2026-08-23T15:57:37Z,2026-08-23T17:57:37+0200,4e74b68d-c003-4d56-be5d-5f0c265edc96,2026-08-09T01:30:00Z,2026-08-09T03:30:00+0200,6410.68,MW,BE,BE,forecast_load,Forecasted Load,2026-08-23T15:57:47Z
2026-08-23T15:57:37Z,2026-08-23T17:57:37+0200,4e74b68d-c003-4d56-be5d-5f0c265edc96,2026-08-09T01:45:00Z,2026-08-09T03:45:00+0200,6385.89,MW,BE,BE,forecast_load,Forecasted Load,2026-08-23T15:57:47Z
2026-08-23T15:57:37Z,2026-08-23T17:57:37+0200,4e74b68d-c003-4d56-be5d-5f0c265edc96,2026-08-09T02:00:00Z,2026-08-09T04:00:00+0200,6393.34,MW,BE,BE,forecast_load,Forecasted Load,2026-08-23T15:57:47Z
2026-08-23T15:57:37Z,2026-08-23T17:57:37+0200,4e74b68d-c003-4d56-be5d-5f0c265edc96,2026-08-09T02:15:00Z,2026-08-09T04:15:00+0200,6367.95,MW,BE,BE,forecast_load,Forecasted Load,2026-08-23T15:57:47Z
2026-08-23T15:57:37Z,2026-08-23T17:57:37+0200,4e74b68d-c003-4d56-be5d-5f0c265edc96,2026-08-09T02:30:00Z,2026-08-09T04:30:00+0200,6345.11,MW,BE,BE,forecast_load,Forecasted Load,2026-08-23T15:57:47Z
2026-08-23T15:57:37Z,2026-08-23T17:57:37+0200,4e74b68d-c003-4d56-be5d-5f0c265edc96,2026-08-09T02:45:00Z,2026-08-09T04:45:00+0200,6349.0,MW,BE,BE,forecast_load,Forecasted Load,2026-08-23T15:57:47Z
2026-08-23T15:57:37Z,2026-08-23T17:57:37+0200,4e74b68d-c003-4d56-be5d-5f0c265edc96,2026-08-09T03:00:00Z,2026-08-09T05:00:00+0200,6422.58,MW,BE,BE,forecast_load,Forecasted Load,2026-08-23T15:57:47Z
2026-08-23T15:57:37Z,2026-08-23T17:57:37+0200,4e74b68d-c003-4d56-be5d-5f0c265edc96,2026-08-09T03:15:00Z,2026-08-09T05:15:00+0200,6416.46,MW,BE,BE,forecast_load,Forecasted Load,2026-08-23T15:57:47Z
2026-08-23T15:57:37Z,2026-08-23T17:57:37+0200,4e74b68d-c003-4d56-be5d-5f0c265edc96,2026-08-09T03:30:00Z,2026-08-09T05:30:00+0200,6453.79,MW,BE,BE,forecast_load,Forecasted Load,2026-08-23T15:57:47Z
2026-08-23T15:57:37Z,2026-08-23T17:57:37+0200,4e74b68d-c003-4d56-be5d-5f0c265edc96,2026-08-09T03:45:00Z,2026-08-09T05:45:00+0200,6412.05,MW,BE,BE,forecast_load,Forecasted Load,2026-08-23T15:57:47Z
2026-08-23T15:57:37Z,2026-08-23T17:57:37+0200,4e74b68d-c003-4d56-be5d-5f0c265edc96,2026-08-09T04:00:00Z,2026-08-09T06:00:00+0200,6483.91,MW,BE,BE,forecast_load,Forecasted Load,2026-08-23T15:57:47Z
2026-08-23T15:57:37Z,2026-08-23T17:57:37+0200,4e74b68d-c003-4d56-be5d-5f0c265edc96,2026-08-09T04:15:00Z,2026-08-09T06:15:00+0200,6501.81,MW,BE,BE,forecast_load,Forecasted Load,2026-08-23T15:57:47Z
2026-08-23T15:57:37Z,2026-08-23T17:57:37+0200,4e74b68d-c003-4d56-be5d-5f0c265edc96,2026-08-09T04:30:00Z,2026-08-09T06:30:00+0200,6561.85,MW,BE,BE,forecast_load,Forecasted Load,2026-08-23T15:57:47Z
2026-08-23T15:57:37Z,2026-08-23T17:57:37+0200,4e74b68d-c003-4d56-be5d-5f0c265edc96,2026-08-09T04:45:00Z,2026-08-09T06:45:00+0200,6591.46,MW,BE,BE,forecast_load,Forecasted Load,2026-08-23T15:57:47Z
2026-08-23T15:57:37Z,2026-08-23T17:57:37+0200,4e74b68d-c003-4d56-be5d-5f0c265edc96,2026-08-09T05:00:00Z,2026-08-09T07:00:00+0200,6648.57,MW,BE,BE,forecast_load,Forecasted Load,2026-08-23T15:57:47Z
2026-08-23T15:57:37Z,2026-08-23T17:57:37+0200,4e74b68d-c003-4d56-be5d-5f0c265edc96,2026-08-09T05:15:00Z,2026-08-09T07:15:00+0200,6714.08,MW,BE,BE,forecast_load,Forecasted Load,2026-08-23T15:57:47Z
2026-08-23T15:57:37Z,2026-08-23T17:57:37+0200,4e74b68d-c003-4d56-be5d-5f0c265edc96,2026-08-09T05:30:00Z,2026-08-09T07:30:00+0200,6754.95,MW,BE,BE,forecast_load,Forecasted Load,2026-08-23T15:57:47Z
2026-08-23T15:57:37Z,2026-08-23T17:57:37+0200,4e74b68d-c003-4d56-be5d-5f0c265edc96,2026-08-09T05:45:00Z,2026-08-09T07:45:00+0200,6843.19,MW,BE,BE,forecast_load,Forecasted Load,2026-08-23T15:57:47Z
2026-08-23T15:57:37Z,2026-08-23T17:57:37+0200,4e74b68d-c003-4d56-be5d-5f0c265edc96,2026-08-09T06:00:00Z,2026-08-09T08:00:00+0200,6855.68,MW,BE,BE,forecast_load,Forecasted Load,2026-08-23T15:57:47Z
2026-08-23T15:57:37Z,2026-08-23T17:57:37+0200,4e74b68d-c003-4d56-be5d-5f0c265edc96,2026-08-09T06:15:00Z,2026-08-09T08:15:00+0200,6959.67,MW,BE,BE,forecast_load,Forecasted Load,2026-08-23T15:57:47Z
2026-08-23T15:57:37Z,2026-08-23T17:57:37+0200,4e74b68d-c003-4d56-be5d-5f0c265edc96,2026-08-09T06:30:00Z,2026-08-09T08:30:00+0200,7047.49,MW,BE,BE,forecast_load,Forecasted Load,2026-08-23T15:57:47Z
2026-08-23T15:57:37Z,2026-08-23T17:57:37+0200,4e74b68d-c003-4d56-be5d-5f0c265edc96,2026-08-09T06:45:00Z,2026-08-09T08:45:00+0200,7143.05,MW,BE,BE,forecast_load,Forecasted Load,2026-08-23T15:57:47Z
2026-08-23T15:57:37Z,2026-08-23T17:57:37+0200,4e74b68d-c003-4d56-be5d-5f0c265edc96,2026-08-09T07:00:00Z,2026-08-09T09:00:00+0200,7322.13,MW,BE,BE,forecast_load,Forecasted Load,2026-08-23T15:57:47Z
2026-08-23T15:57:37Z,2026-08-23T17:57:37+0200,4e74b68d-c003-4d56-be5d-5f0c265edc96,2026-08-09T07:15:00Z,2026-08-09T09:15:00+0200,7406.91,MW,BE,BE,forecast_load,Forecasted Load,2026-08-23T15:57:47Z
2026-08-23T15:57:37Z,2026-08-23T17:57:37+0200,4e74b68d-c003-4d56-be5d-5f0c265edc96,2026-08-09T07:30:00Z,2026-08-09T09:30:00+0200,7535.39,MW,BE,BE,forecast_load,Forecasted Load,2026-08-23T15:57:47Z
2026-08-23T15:57:37Z,2026-08-23T17:57:37+0200,4e74b68d-c003-4d56-be5d-5f0c265edc96,2026-08-09T07:45:00Z,2026-08-09T09:45:00+0200,7709.59,MW,BE,BE,forecast_load,Forecasted Load,2026-08-23T15:57:47Z
2026-08-23T15:57:37Z,2026-08-23T17:57:37+0200,4e74b68d-c003-4d56-be5d-5f0c265edc96,2026-08-09T08:00:00Z,2026-08-09T10:00:00+0200,7772.26,MW,BE,BE,forecast_load,Forecasted Load,2026-08-23T15:57:47Z
2026-08-23T15:57:37Z,2026-08-23T17:57:37+0200,4e74b68d-c003-4d56-be5d-5f0c265edc96,2026-08-09T08:15:00Z,2026-08-09T10:15:00+0200,7917.38,MW,BE,BE,forecast_load,Forecasted Load,2026-08-23T15:57:47Z
2026-08-23T15:57:37Z,2026-08-23T17:57:37+0200,4e74b68d-c003-4d56-be5d-5f0c265edc96,2026-08-09T08:30:00Z,2026-08-09T10:30:00+0200,8036.14,MW,BE,BE,forecast_load,Forecasted Load,2026-08-23T15:57:47Z
2026-08-23T15:57:37Z,2026-08-23T17:57:37+0200,4e74b68d-c003-4d56-be5d-5f0c265edc96,2026-08-09T08:45:00Z,2026-08-09T10:45:00+0200,8202.08,MW,BE,BE,forecast_load,Forecasted Load,2026-08-23T15:57:47Z
2026-08-23T15:57:37Z,2026-08-23T17:57:37+0200,4e74b68d-c003-4d56-be5d-5f0c265edc96,2026-08-09T09:00:00Z,2026-08-09T11:00:00+0200,8259.56,MW,BE,BE,forecast_load,Forecasted Load,2026-08-23T15:57:47Z
2026-08-23T15:57:37Z,2026-08-23T17:57:37+0200,4e74b68d-c003-4d56-be5d-5f0c265edc96,2026-08-09T09:15:00Z,2026-08-09T11:15:00+0200,8373.18,MW,BE,BE,forecast_load,Forecasted Load,2026-08-23T15:57:47Z
2026-08-23T15:57:37Z,2026-08-23T17:57:37+0200,4e74b68d-c003-4d56-be5d-5f0c265edc96,2026-08-09T09:30:00Z,2026-08-09T11:30:00+0200,8519.88,MW,BE,BE,forecast_load,Forecasted Load,2026-08-23T15:57:47Z
2026-08-23T15:57:37Z,2026-08-23T17:57:37+0200,4e74b68d-c003-4d56-be5d-5f0c265edc96,2026-08-09T09:45:00Z,2026-08-09T11:45:00+0200,8671.32,MW,BE,BE,forecast_load,Forecasted Load,2026-08-23T15:57:47Z
2026-08-23T15:57:37Z,2026-08-23T17:57:37+0200,4e74b68d-c003-4d56-be5d-5f0c265edc96,2026-08-09T10:00:00Z,2026-08-09T12:00:00+0200,8694.23,MW,BE,BE,forecast_load,Forecasted Load,2026-08-23T15:57:47Z
2026-08-23T15:57:37Z,2026-08-23T17:57:37+0200,4e74b68d-c003-4d56-be5d-5f0c265edc96,2026-08-09T10:15:00Z,2026-08-09T12:15:00+0200,8690.4,MW,BE,BE,forecast_load,Forecasted Load,2026-08-23T15:57:47Z
2026-08-23T15:57:37Z,2026-08-23T17:57:37+0200,4e74b68d-c003-4d56-be5d-5f0c265edc96,2026-08-09T10:30:00Z,2026-08-09T12:30:00+0200,8698.31,MW,BE,BE,forecast_load,Forecasted Load,2026-08-23T15:57:47Z
2026-08-23T15:57:37Z,2026-08-23T17:57:37+0200,4e74b68d-c003-4d56-be5d-5f0c265edc96,2026-08-09T10:45:00Z,2026-08-09T12:45:00+0200,8712.54,MW,BE,BE,forecast_load,Forecasted Load,2026-08-23T15:57:47Z
2026-08-23T15:57:37Z,2026-08-23T17:57:37+0200,4e74b68d-c003-4d56-be5d-5f0c265edc96,2026-08-09T11:00:00Z,2026-08-09T13:00:00+0200,8777.42,MW,BE,BE,forecast_load,Forecasted Load,2026-08-23T15:57:47Z
2026-08-23T15:57:37Z,2026-08-23T17:57:37+0200,4e74b68d-c003-4d56-be5d-5f0c265edc96,2026-08-09T11:15:00Z,2026-08-09T13:15:00+0200,8770.62,MW,BE,BE,forecast_load,Forecasted Load,2026-08-23T15:57:47Z
2026-08-23T15:57:37Z,2026-08-23T17:57:37+0200,4e74b68d-c003-4d56-be5d-5f0c265edc96,2026-08-09T11:30:00Z,2026-08-09T13:30:00+0200,8730.66,MW,BE,BE,forecast_load,Forecasted Load,2026-08-23T15:57:47Z
2026-08-23T15:57:37Z,2026-08-23T17:57:37+0200,4e74b68d-c003-4d56-be5d-5f0c265edc96,2026-08-09T11:45:00Z,2026-08-09T13:45:00+0200,8680.52,MW,BE,BE,forecast_load,Forecasted Load,2026-08-23T15:57:47Z
2026-08-23T15:57:37Z,2026-08-23T17:57:37+0200,4e74b68d-c003-4d56-be5d-5f0c265edc96,2026-08-09T12:00:00Z,2026-08-09T14:00:00+0200,8674.83,MW,BE,BE,forecast_load,Forecasted Load,2026-08-23T15:57:47Z
2026-08-23T15:57:37Z,2026-08-23T17:57:37+0200,4e74b68d-c003-4d56-be5d-5f0c265edc96,2026-08-09T12:15:00Z,2026-08-09T14:15:00+0200,8616.44,MW,BE,BE,forecast_load,Forecasted Load,2026-08-23T15:57:47Z
2026-08-23T15:57:37Z,2026-08-23T17:57:37+0200,4e74b68d-c003-4d56-be5d-5f0c265edc96,2026-08-09T12:30:00Z,2026-08-09T14:30:00+0200,8621.76,MW,BE,BE,forecast_load,Forecasted Load,2026-08-23T15:57:47Z
2026-08-23T15:57:37Z,2026-08-23T17:57:37+0200,4e74b68d-c003-4d56-be5d-5f0c265edc96,2026-08-09T12:45:00Z,2026-08-09T14:45:00+0200,8590.05,MW,BE,BE,forecast_load,Forecasted Load,2026-08-23T15:57:47Z
2026-08-23T15:57:37Z,2026-08-23T17:57:37+0200,4e74b68d-c003-4d56-be5d-5f0c265edc96,2026-08-09T13:00:00Z,2026-08-09T15:00:00+0200,8464.4,MW,BE,BE,forecast_load,Forecasted Load,2026-08-23T15:57:47Z
2026-08-23T15:57:37Z,2026-08-23T17:57:37+0200,4e74b68d-c003-4d56-be5d-5f0c265edc96,2026-08-09T13:15:00Z,2026-08-09T15:15:00+0200,8418.5,MW,BE,BE,forecast_load,Forecasted Load,2026-08-23T15:57:47Z
2026-08-23T15:57:37Z,2026-08-23T17:57:37+0200,4e74b68d-c003-4d56-be5d-5f0c265edc96,2026-08-09T13:30:00Z,2026-08-09T15:30:00+0200,8397.91,MW,BE,BE,forecast_load,Forecasted Load,2026-08-23T15:57:47Z
2026-08-23T15:57:37Z,2026-08-23T17:57:37+0200,4e74b68d-c003-4d56-be5d-5f0c265edc96,2026-08-09T13:45:00Z,2026-08-09T15:45:00+0200,8280.71,MW,BE,BE,forecast_load,Forecasted Load,2026-08-23T15:57:47Z
2026-08-23T15:57:37Z,2026-08-23T17:57:37+0200,4e74b68d-c003-4d56-be5d-5f0c265edc96,2026-08-09T14:00:00Z,2026-08-09T16:00:00+0200,8284.88,MW,BE,BE,forecast_load,Forecasted Load,2026-08-23T15:57:47Z
2026-08-23T15:57:37Z,2026-08-23T17:57:37+0200,4e74b68d-c003-4d56-be5d-5f0c265edc96,2026-08-09T14:15:00Z,2026-08-09T16:15:00+0200,8100.07,MW,BE,BE,forecast_load,Forecasted Load,2026-08-23T15:57:47Z
2026-08-23T15:57:37Z,2026-08-23T17:57:37+0200,4e74b68d-c003-4d56-be5d-5f0c265edc96,2026-08-09T14:30:00Z,2026-08-09T16:30:00+0200,7986.57,MW,BE,BE,forecast_load,Forecasted Load,2026-08-23T15:57:47Z
2026-08-23T15:57:37Z,2026-08-23T17:57:37+0200,4e74b68d-c003-4d56-be5d-5f0c265edc96,2026-08-09T14:45:00Z,2026-08-09T16:45:00+0200,7969.57,MW,BE,BE,forecast_load,Forecasted Load,2026-08-23T15:57:47Z
2026-08-23T15:57:37Z,2026-08-23T17:57:37+0200,4e74b68d-c003-4d56-be5d-5f0c265edc96,2026-08-09T15:00:00Z,2026-08-09T17:00:00+0200,8037.94,MW,BE,BE,forecast_load,Forecasted Load,2026-08-23T15:57:47Z
2026-08-23T15:57:37Z,2026-08-23T17:57:37+0200,4e74b68d-c003-4d56-be5d-5f0c265edc96,2026-08-09T15:15:00Z,2026-08-09T17:15:00+0200,8003.71,MW,BE,BE,forecast_load,Forecasted Load,2026-08-23T15:57:47Z
2026-08-23T15:57:37Z,2026-08-23T17:57:37+0200,4e74b68d-c003-4d56-be5d-5f0c265edc96,2026-08-09T15:30:00Z,2026-08-09T17:30:00+0200,8003.06,MW,BE,BE,forecast_load,Forecasted Load,2026-08-23T15:57:47Z
2026-08-23T15:57:37Z,2026-08-23T17:57:37+0200,4e74b68d-c003-4d56-be5d-5f0c265edc96,2026-08-09T15:45:00Z,2026-08-09T17:45:00+0200,7961.9,MW,BE,BE,forecast_load,Forecasted Load,2026-08-23T15:57:47Z
2026-08-23T15:57:37Z,2026-08-23T17:57:37+0200,4e74b68d-c003-4d56-be5d-5f0c265edc96,2026-08-09T16:00:00Z,2026-08-09T18:00:00+0200,8020.07,MW,BE,BE,forecast_load,Forecasted Load,2026-08-23T15:57:47Z
2026-08-23T15:57:37Z,2026-08-23T17:57:37+0200,4e74b68d-c003-4d56-be5d-5f0c265edc96,2026-08-09T16:15:00Z,2026-08-09T18:15:00+0200,8020.43,MW,BE,BE,forecast_load,Forecasted Load,2026-08-23T15:57:47Z
2026-08-23T15:57:37Z,2026-08-23T17:57:37+0200,4e74b68d-c003-4d56-be5d-5f0c265edc96,2026-08-09T16:30:00Z,2026-08-09T18:30:00+0200,8053.6,MW,BE,BE,forecast_load,Forecasted Load,2026-08-23T15:57:47Z
2026-08-23T15:57:37Z,2026-08-23T17:57:37+0200,4e74b68d-c003-4d56-be5d-5f0c265edc96,2026-08-09T16:45:00Z,2026-08-09T18:45:00+0200,8006.38,MW,BE,BE,forecast_load,Forecasted Load,2026-08-23T15:57:47Z
2026-08-23T15:57:37Z,2026-08-23T17:57:37+0200,4e74b68d-c003-4d56-be5d-5f0c265edc96,2026-08-09T17:00:00Z,2026-08-09T19:00:00+0200,8131.4,MW,BE,BE,forecast_load,Forecasted Load,2026-08-23T15:57:47Z
2026-08-23T15:57:37Z,2026-08-23T17:57:37+0200,4e74b68d-c003-4d56-be5d-5f0c265edc96,2026-08-09T17:15:00Z,2026-08-09T19:15:00+0200,8107.11,MW,BE,BE,forecast_load,Forecasted Load,2026-08-23T15:57:47Z
2026-08-23T15:57:37Z,2026-08-23T17:57:37+0200,4e74b68d-c003-4d56-be5d-5f0c265edc96,2026-08-09T17:30:00Z,2026-08-09T19:30:00+0200,8144.41,MW,BE,BE,forecast_load,Forecasted Load,2026-08-23T15:57:47Z
2026-08-23T15:57:37Z,2026-08-23T17:57:37+0200,4e74b68d-c003-4d56-be5d-5f0c265edc96,2026-08-09T17:45:00Z,2026-08-09T19:45:00+0200,8125.0,MW,BE,BE,forecast_load,Forecasted Load,2026-08-23T15:57:47Z
2026-08-23T15:57:37Z,2026-08-23T17:57:37+0200,4e74b68d-c003-4d56-be5d-5f0c265edc96,2026-08-09T18:00:00Z,2026-08-09T20:00:00+0200,8181.18,MW,BE,BE,forecast_load,Forecasted Load,2026-08-23T15:57:47Z
2026-08-23T15:57:37Z,2026-08-23T17:57:37+0200,4e74b68d-c003-4d56-be5d-5f0c265edc96,2026-08-09T18:15:00Z,2026-08-09T20:15:00+0200,8147.14,MW,BE,BE,forecast_load,Forecasted Load,2026-08-23T15:57:47Z
2026-08-23T15:57:37Z,2026-08-23T17:57:37+0200,4e74b68d-c003-4d56-be5d-5f0c265edc96,2026-08-09T18:30:00Z,2026-08-09T20:30:00+0200,8126.14,MW,BE,BE,forecast_load,Forecasted Load,2026-08-23T15:57:47Z
2026-08-23T15:57:37Z,2026-08-23T17:57:37+0200,4e74b68d-c003-4d56-be5d-5f0c265edc96,2026-08-09T18:45:00Z,2026-08-09T20:45:00+0200,8079.33,MW,BE,BE,forecast_load,Forecasted Load,2026-08-23T15:57:47Z
2026-08-23T15:57:37Z,2026-08-23T17:57:37+0200,4e74b68d-c003-4d56-be5d-5f0c265edc96,2026-08-09T19:00:00Z,2026-08-09T21:00:00+0200,8218.4,MW,BE,BE,forecast_load,Forecasted Load,2026-08-23T15:57:47Z
2026-08-23T15:57:37Z,2026-08-23T17:57:37+0200,4e74b68d-c003-4d56-be5d-5f0c265edc96,2026-08-09T19:15:00Z,2026-08-09T21:15:00+0200,8164.64,MW,BE,BE,forecast_load,Forecasted Load,2026-08-23T15:57:47Z
2026-08-23T15:57:37Z,2026-08-23T17:57:37+0200,4e74b68d-c003-4d56-be5d-5f0c265edc96,2026-08-09T19:30:00Z,2026-08-09T21:30:00+0200,8178.78,MW,BE,BE,forecast_load,Forecasted Load,2026-08-23T15:57:47Z
2026-08-23T15:57:37Z,2026-08-23T17:57:37+0200,4e74b68d-c003-4d56-be5d-5f0c265edc96,2026-08-09T19:45:00Z,2026-08-09T21:45:00+0200,8237.2,MW,BE,BE,forecast_load,Forecasted Load,2026-08-23T15:57:47Z
2026-08-23T15:57:37Z,2026-08-23T17:57:37+0200,4e74b68d-c003-4d56-be5d-5f0c265edc96,2026-08-09T20:00:00Z,2026-08-09T22:00:00+0200,8172.7,MW,BE,BE,forecast_load,Forecasted Load,2026-08-23T15:57:47Z
2026-08-23T15:57:37Z,2026-08-23T17:57:37+0200,4e74b68d-c003-4d56-be5d-5f0c265edc96,2026-08-09T20:15:00Z,2026-08-09T22:15:00+0200,8249.43,MW,BE,BE,forecast_load,Forecasted Load,2026-08-23T15:57:47Z
2026-08-23T15:57:37Z,2026-08-23T17:57:37+0200,4e74b68d-c003-4d56-be5d-5f0c265edc96,2026-08-09T20:30:00Z,2026-08-09T22:30:00+0200,8160.68,MW,BE,BE,forecast_load,Forecasted Load,2026-08-23T15:57:47Z
2026-08-23T15:57:37Z,2026-08-23T17:57:37+0200,4e74b68d-c003-4d56-be5d-5f0c265edc96,2026-08-09T20:45:00Z,2026-08-09T22:45:00+0200,8083.45,MW,BE,BE,forecast_load,Forecasted Load,2026-08-23T15:57:47Z
2026-08-23T15:57:37Z,2026-08-23T17:57:37+0200,4e74b68d-c003-4d56-be5d-5f0c265edc96,2026-08-09T21:00:00Z,2026-08-09T23:00:00+0200,7882.67,MW,BE,BE,forecast_load,Forecasted Load,2026-08-23T15:57:47Z
2026-08-23T15:57:37Z,2026-08-23T17:57:37+0200,4e74b68d-c003-4d56-be5d-5f0c265edc96,2026-08-09T21:15:00Z,2026-08-09T23:15:00+0200,7817.87,MW,BE,BE,forecast_load,Forecasted Load,2026-08-23T15:57:47Z
2026-08-23T15:57:37Z,2026-08-23T17:57:37+0200,4e74b68d-c003-4d56-be5d-5f0c265edc96,2026-08-09T21:30:00Z,2026-08-09T23:30:00+0200,7731.57,MW,BE,BE,forecast_load,Forecasted Load,2026-08-23T15:57:47Z
2026-08-23T15:57:37Z,2026-08-23T17:57:37+0200,4e74b68d-c003-4d56-be5d-5f0c265edc96,2026-08-09T21:45:00Z,2026-08-09T23:45:00+0200,7649.12,MW,BE,BE,forecast_load,Forecasted Load,2026-08-23T15:57:47Z
2026-08-23T15:57:37Z,2026-08-23T17:57:37+0200,4e74b68d-c003-4d56-be5d-5f0c265edc96,2026-08-09T22:00:00Z,2026-08-10T00:00:00+0200,7451.81,MW,BE,BE,forecast_load,Forecasted Load,2026-08-23T15:57:47Z
2026-08-23T15:57:37Z,2026-08-23T17:57:37+0200,4e74b68d-c003-4d56-be5d-5f0c265edc96,2026-08-09T22:15:00Z,2026-08-10T00:15:00+0200,7407.59,MW,BE,BE,forecast_load,Forecasted Load,2026-08-23T15:57:47Z
2026-08-23T15:57:37Z,2026-08-23T17:57:37+0200,4e74b68d-c003-4d56-be5d-5f0c265edc96,2026-08-09T22:30:00Z,2026-08-10T00:30:00+0200,7377.62,MW,BE,BE,forecast_load,Forecasted Load,2026-08-23T15:57:47Z
2026-08-23T15:57:37Z,2026-08-23T17:57:37+0200,4e74b68d-c003-4d56-be5d-5f0c265edc96,2026-08-09T22:45:00Z,2026-08-10T00:45:00+0200,7294.82,MW,BE,BE,forecast_load,Forecasted Load,2026-08-23T15:57:47Z
2026-08-23T15:57:37Z,2026-08-23T17:57:37+0200,4e74b68d-c003-4d56-be5d-5f0c265edc96,2026-08-09T23:00:00Z,2026-08-10T01:00:00+0200,7260.91,MW,BE,BE,forecast_load,Forecasted Load,2026-08-23T15:57:47Z
2026-08-23T15:57:37Z,2026-08-23T17:57:37+0200,4e74b68d-c003-4d56-be5d-5f0c265edc96,2026-08-09T23:15:00Z,2026-08-10T01:15:00+0200,7221.77,MW,BE,BE,forecast_load,Forecasted Load,2026-08-23T15:57:47Z
2026-08-23T15:57:37Z,2026-08-23T17:57:37+0200,4e74b68d-c003-4d56-be5d-5f0c265edc96,2026-08-09T23:30:00Z,2026-08-10T01:30:00+0200,7174.1,MW,BE,BE,forecast_load,Forecasted Load,2026-08-23T15:57:47Z
2026-08-23T15:57:37Z,2026-08-23T17:57:37+0200,4e74b68d-c003-4d56-be5d-5f0c265edc96,2026-08-09T23:45:00Z,2026-08-10T01:45:00+0200,7119.85,MW,BE,BE,forecast_load,Forecasted Load,2026-08-23T15:57:47Z
2026-08-23T15:57:37Z,2026-08-23T17:57:37+0200,4e74b68d-c003-4d56-be5d-5f0c265edc96,2026-08-10T00:00:00Z,2026-08-10T02:00:00+0200,7102.62,MW,BE,BE,forecast_load,Forecasted Load,2026-08-23T15:57:47Z
2026-08-23T15:57:37Z,2026-08-23T17:57:37+0200,4e74b68d-c003-4d56-be5d-5f0c265edc96,2026-08-10T00:15:00Z,2026-08-10T02:15:00+0200,7028.76,MW,BE,BE,forecast_load,Forecasted Load,2026-08-23T15:57:47Z
2026-08-23T15:57:37Z,2026-08-23T17:57:37+0200,4e74b68d-c003-4d56-be5d-5f0c265edc96,2026-08-10T00:30:00Z,2026-08-10T02:30:00+0200,6971.56,MW,BE,BE,forecast_load,Forecasted Load,2026-08-23T15:57:47Z
2026-08-23T15:57:37Z,2026-08-23T17:57:37+0200,4e74b68d-c003-4d56-be5d-5f0c265edc96,2026-08-10T00:45:00Z,2026-08-10T02:45:00+0200,6982.6,MW,BE,BE,forecast_load,Forecasted Load,2026-08-23T15:57:47Z
2026-08-23T15:57:37Z,2026-08-23T17:57:37+0200,4e74b68d-c003-4d56-be5d-5f0c265edc96,2026-08-10T01:00:00Z,2026-08-10T03:00:00+0200,6965.39,MW,BE,BE,forecast_load,Forecasted Load,2026-08-23T15:57:47Z
2026-08-23T15:57:37Z,2026-08-23T17:57:37+0200,4e74b68d-c003-4d56-be5d-5f0c265edc96,2026-08-10T01:15:00Z,2026-08-10T03:15:00+0200,6968.18,MW,BE,BE,forecast_load,Forecasted Load,2026-08-23T15:57:47Z
2026-08-23T15:57:37Z,2026-08-23T17:57:37+0200,4e74b68d-c003-4d56-be5d-5f0c265edc96,2026-08-10T01:30:00Z,2026-08-10T03:30:00+0200,6947.06,MW,BE,BE,forecast_load,Forecasted Load,2026-08-23T15:57:47Z
2026-08-23T15:57:37Z,2026-08-23T17:57:37+0200,4e74b68d-c003-4d56-be5d-5f0c265edc96,2026-08-10T01:45:00Z,2026-08-10T03:45:00+0200,6925.11,MW,BE,BE,forecast_load,Forecasted Load,2026-08-23T15:57:47Z
2026-08-23T15:57:37Z,2026-08-23T17:57:37+0200,4e74b68d-c003-4d56-be5d-5f0c265edc96,2026-08-10T02:00:00Z,2026-08-10T04:00:00+0200,6945.53,MW,BE,BE,forecast_load,Forecasted Load,2026-08-23T15:57:47Z
2026-08-23T15:57:37Z,2026-08-23T17:57:37+0200,4e74b68d-c003-4d56-be5d-5f0c265edc96,2026-08-10T02:15:00Z,2026-08-10T04:15:00+0200,6926.39,MW,BE,BE,forecast_load,Forecasted Load,2026-08-23T15:57:47Z
2026-08-23T15:57:37Z,2026-08-23T17:57:37+0200,4e74b68d-c003-4d56-be5d-5f0c265edc96,2026-08-10T02:30:00Z,2026-08-10T04:30:00+0200,6953.08,MW,BE,BE,forecast_load,Forecasted Load,2026-08-23T15:57:47Z
2026-08-23T15:57:37Z,2026-08-23T17:57:37+0200,4e74b68d-c003-4d56-be5d-5f0c265edc96,2026-08-10T02:45:00Z,2026-08-10T04:45:00+0200,6978.79,MW,BE,BE,forecast_load,Forecasted Load,2026-08-23T15:57:47Z
2026-08-23T15:57:37Z,2026-08-23T17:57:37+0200,4e74b68d-c003-4d56-be5d-5f0c265edc96,2026-08-10T03:00:00Z,2026-08-10T05:00:00+0200,7107.76,MW,BE,BE,forecast_load,Forecasted Load,2026-08-23T15:57:47Z
2026-08-23T15:57:37Z,2026-08-23T17:57:37+0200,4e74b68d-c003-4d56-be5d-5f0c265edc96,2026-08-10T03:15:00Z,2026-08-10T05:15:00+0200,7135.39,MW,BE,BE,forecast_load,Forecasted Load,2026-08-23T15:57:47Z
2026-08-23T15:57:37Z,2026-08-23T17:57:37+0200,4e74b68d-c003-4d56-be5d-5f0c265edc96,2026-08-10T03:30:00Z,2026-08-10T05:30:00+0200,7202.78,MW,BE,BE,forecast_load,Forecasted Load,2026-08-23T15:57:47Z
2026-08-23T15:57:37Z,2026-08-23T17:57:37+0200,4e74b68d-c003-4d56-be5d-5f0c265edc96,2026-08-10T03:45:00Z,2026-08-10T05:45:00+0200,7296.11,MW,BE,BE,forecast_load,Forecasted Load,2026-08-23T15:57:47Z
2026-08-23T15:57:37Z,2026-08-23T17:57:37+0200,4e74b68d-c003-4d56-be5d-5f0c265edc96,2026-08-10T04:00:00Z,2026-08-10T06:00:00+0200,7615.92,MW,BE,BE,forecast_load,Forecasted Load,2026-08-23T15:57:47Z
2026-08-23T15:57:37Z,2026-08-23T17:57:37+0200,4e74b68d-c003-4d56-be5d-5f0c265edc96,2026-08-10T04:15:00Z,2026-08-10T06:15:00+0200,7685.04,MW,BE,BE,forecast_load,Forecasted Load,2026-08-23T15:57:47Z
2026-08-23T15:57:37Z,2026-08-23T17:57:37+0200,4e74b68d-c003-4d56-be5d-5f0c265edc96,2026-08-10T04:30:00Z,2026-08-10T06:30:00+0200,7835.25,MW,BE,BE,forecast_load,Forecasted Load,2026-08-23T15:57:47Z
2026-08-23T15:57:37Z,2026-08-23T17:57:37+0200,4e74b68d-c003-4d56-be5d-5f0c265edc96,2026-08-10T04:45:00Z,2026-08-10T06:45:00+0200,7905.58,MW,BE,BE,forecast_load,Forecasted Load,2026-08-23T15:57:47Z
2026-08-23T15:57:37Z,2026-08-23T17:57:37+0200,4e74b68d-c003-4d56-be5d-5f0c265edc96,2026-08-10T05:00:00Z,2026-08-10T07:00:00+0200,8151.33,MW,BE,BE,forecast_load,Forecasted Load,2026-08-23T15:57:47Z
2026-08-23T15:57:37Z,2026-08-23T17:57:37+0200,4e74b68d-c003-4d56-be5d-5f0c265edc96,2026-08-10T05:15:00Z,2026-08-10T07:15:00+0200,8315.28,MW,BE,BE,forecast_load,Forecasted Load,2026-08-23T15:57:47Z
2026-08-23T15:57:37Z,2026-08-23T17:57:37+0200,4e74b68d-c003-4d56-be5d-5f0c265edc96,2026-08-10T05:30:00Z,2026-08-10T07:30:00+0200,8517.33,MW,BE,BE,forecast_load,Forecasted Load,2026-08-23T15:57:47Z
2026-08-23T15:57:37Z,2026-08-23T17:57:37+0200,4e74b68d-c003-4d56-be5d-5f0c265edc96,2026-08-10T05:45:00Z,2026-08-10T07:45:00+0200,8674.96,MW,BE,BE,forecast_load,Forecasted Load,2026-08-23T15:57:47Z
2026-08-23T15:57:37Z,2026-08-23T17:57:37+0200,4e74b68d-c003-4d56-be5d-5f0c265edc96,2026-08-10T06:00:00Z,2026-08-10T08:00:00+0200,8770.25,MW,BE,BE,forecast_load,Forecasted Load,2026-08-23T15:57:47Z
2026-08-23T15:57:37Z,2026-08-23T17:57:37+0200,4e74b68d-c003-4d56-be5d-5f0c265edc96,2026-08-10T06:15:00Z,2026-08-10T08:15:00+0200,8947.48,MW,BE,BE,forecast_load,Forecasted Load,2026-08-23T15:57:47Z
2026-08-23T15:57:37Z,2026-08-23T17:57:37+0200,4e74b68d-c003-4d56-be5d-5f0c265edc96,2026-08-10T06:30:00Z,2026-08-10T08:30:00+0200,9109.84,MW,BE,BE,forecast_load,Forecasted Load,2026-08-23T15:57:47Z
2026-08-23T15:57:37Z,2026-08-23T17:57:37+0200,4e74b68d-c003-4d56-be5d-5f0c265edc96,2026-08-10T06:45:00Z,2026-08-10T08:45:00+0200,9276.31,MW,BE,BE,forecast_load,Forecasted Load,2026-08-23T15:57:47Z
2026-08-23T15:57:37Z,2026-08-23T17:57:37+0200,4e74b68d-c003-4d56-be5d-5f0c265edc96,2026-08-10T07:00:00Z,2026-08-10T09:00:00+0200,9397.7,MW,BE,BE,forecast_load,Forecasted Load,2026-08-23T15:57:47Z
2026-08-23T15:57:37Z,2026-08-23T17:57:37+0200,4e74b68d-c003-4d56-be5d-5f0c265edc96,2026-08-10T07:15:00Z,2026-08-10T09:15:00+0200,9444.8,MW,BE,BE,forecast_load,Forecasted Load,2026-08-23T15:57:47Z
2026-08-23T15:57:37Z,2026-08-23T17:57:37+0200,4e74b68d-c003-4d56-be5d-5f0c265edc96,2026-08-10T07:30:00Z,2026-08-10T09:30:00+0200,9568.34,MW,BE,BE,forecast_load,Forecasted Load,2026-08-23T15:57:47Z
2026-08-23T15:57:37Z,2026-08-23T17:57:37+0200,4e74b68d-c003-4d56-be5d-5f0c265edc96,2026-08-10T07:45:00Z,2026-08-10T09:45:00+0200,9674.22,MW,BE,BE,forecast_load,Forecasted Load,2026-08-23T15:57:47Z
2026-08-23T15:57:37Z,2026-08-23T17:57:37+0200,4e74b68d-c003-4d56-be5d-5f0c265edc96,2026-08-10T08:00:00Z,2026-08-10T10:00:00+0200,9683.63,MW,BE,BE,forecast_load,Forecasted Load,2026-08-23T15:57:47Z
2026-08-23T15:57:37Z,2026-08-23T17:57:37+0200,4e74b68d-c003-4d56-be5d-5f0c265edc96,2026-08-10T08:15:00Z,2026-08-10T10:15:00+0200,9704.51,MW,BE,BE,forecast_load,Forecasted Load,2026-08-23T15:57:47Z
2026-08-23T15:57:37Z,2026-08-23T17:57:37+0200,4e74b68d-c003-4d56-be5d-5f0c265edc96,2026-08-10T08:30:00Z,2026-08-10T10:30:00+0200,9781.23,MW,BE,BE,forecast_load,Forecasted Load,2026-08-23T15:57:47Z
2026-08-23T15:57:37Z,2026-08-23T17:57:37+0200,4e74b68d-c003-4d56-be5d-5f0c265edc96,2026-08-10T08:45:00Z,2026-08-10T10:45:00+0200,9846.21,MW,BE,BE,forecast_load,Forecasted Load,2026-08-23T15:57:47Z
2026-08-23T15:57:37Z,2026-08-23T17:57:37+0200,4e74b68d-c003-4d56-be5d-5f0c265edc96,2026-08-10T09:00:00Z,2026-08-10T11:00:00+0200,9853.45,MW,BE,BE,forecast_load,Forecasted Load,2026-08-23T15:57:47Z
2026-08-23T15:57:37Z,2026-08-23T17:57:37+0200,4e74b68d-c003-4d56-be5d-5f0c265edc96,2026-08-10T09:15:00Z,2026-08-10T11:15:00+0200,9931.41,MW,BE,BE,forecast_load,Forecasted Load,2026-08-23T15:57:47Z
2026-08-23T15:57:37Z,2026-08-23T17:57:37+0200,4e74b68d-c003-4d56-be5d-5f0c265edc96,2026-08-10T09:30:00Z,2026-08-10T11:30:00+0200,10056.41,MW,BE,BE,forecast_load,Forecasted Load,2026-08-23T15:57:47Z
2026-08-23T15:57:37Z,2026-08-23T17:57:37+0200,4e74b68d-c003-4d56-be5d-5f0c265edc96,2026-08-10T09:45:00Z,2026-08-10T11:45:00+0200,10257.89,MW,BE,BE,forecast_load,Forecasted Load,2026-08-23T15:57:47Z
2026-08-23T15:57:37Z,2026-08-23T17:57:37+0200,4e74b68d-c003-4d56-be5d-5f0c265edc96,2026-08-10T10:00:00Z,2026-08-10T12:00:00+0200,10176.43,MW,BE,BE,forecast_load,Forecasted Load,2026-08-23T15:57:47Z
2026-08-23T15:57:37Z,2026-08-23T17:57:37+0200,4e74b68d-c003-4d56-be5d-5f0c265edc96,2026-08-10T10:15:00Z,2026-08-10T12:15:00+0200,10080.98,MW,BE,BE,forecast_load,Forecasted Load,2026-08-23T15:57:47Z
2026-08-23T15:57:37Z,2026-08-23T17:57:37+0200,4e74b68d-c003-4d56-be5d-5f0c265edc96,2026-08-10T10:30:00Z,2026-08-10T12:30:00+0200,10014.5,MW,BE,BE,forecast_load,Forecasted Load,2026-08-23T15:57:47Z
2026-08-23T15:57:37Z,2026-08-23T17:57:37+0200,4e74b68d-c003-4d56-be5d-5f0c265edc96,2026-08-10T10:45:00Z,2026-08-10T12:45:00+0200,10048.8,MW,BE,BE,forecast_load,Forecasted Load,2026-08-23T15:57:47Z
2026-08-23T15:57:37Z,2026-08-23T17:57:37+0200,4e74b68d-c003-4d56-be5d-5f0c265edc96,2026-08-10T11:00:00Z,2026-08-10T13:00:00+0200,10169.8,MW,BE,BE,forecast_load,Forecasted Load,2026-08-23T15:57:47Z
2026-08-23T15:57:37Z,2026-08-23T17:57:37+0200,4e74b68d-c003-4d56-be5d-5f0c265edc96,2026-08-10T11:15:00Z,2026-08-10T13:15:00+0200,10184.14,MW,BE,BE,forecast_load,Forecasted Load,2026-08-23T15:57:47Z
2026-08-23T15:57:37Z,2026-08-23T17:57:37+0200,4e74b68d-c003-4d56-be5d-5f0c265edc96,2026-08-10T11:30:00Z,2026-08-10T13:30:00+0200,10224.33,MW,BE,BE,forecast_load,Forecasted Load,2026-08-23T15:57:47Z
2026-08-23T15:57:37Z,2026-08-23T17:57:37+0200,4e74b68d-c003-4d56-be5d-5f0c265edc96,2026-08-10T11:45:00Z,2026-08-10T13:45:00+0200,10152.34,MW,BE,BE,forecast_load,Forecasted Load,2026-08-23T15:57:47Z
2026-08-23T15:57:37Z,2026-08-23T17:57:37+0200,4e74b68d-c003-4d56-be5d-5f0c265edc96,2026-08-10T12:00:00Z,2026-08-10T14:00:00+0200,10199.87,MW,BE,BE,forecast_load,Forecasted Load,2026-08-23T15:57:47Z
2026-08-23T15:57:37Z,2026-08-23T17:57:37+0200,4e74b68d-c003-4d56-be5d-5f0c265edc96,2026-08-10T12:15:00Z,2026-08-10T14:15:00+0200,10119.68,MW,BE,BE,forecast_load,Forecasted Load,2026-08-23T15:57:47Z
2026-08-23T15:57:37Z,2026-08-23T17:57:37+0200,4e74b68d-c003-4d56-be5d-5f0c265edc96,2026-08-10T12:30:00Z,2026-08-10T14:30:00+0200,10149.28,MW,BE,BE,forecast_load,Forecasted Load,2026-08-23T15:57:47Z
2026-08-23T15:57:37Z,2026-08-23T17:57:37+0200,4e74b68d-c003-4d56-be5d-5f0c265edc96,2026-08-10T12:45:00Z,2026-08-10T14:45:00+0200,10138.79,MW,BE,BE,forecast_load,Forecasted Load,2026-08-23T15:57:47Z
2026-08-23T15:57:37Z,2026-08-23T17:57:37+0200,4e74b68d-c003-4d56-be5d-5f0c265edc96,2026-08-10T13:00:00Z,2026-08-10T15:00:00+0200,10089.73,MW,BE,BE,forecast_load,Forecasted Load,2026-08-23T15:57:47Z
2026-08-23T15:57:37Z,2026-08-23T17:57:37+0200,4e74b68d-c003-4d56-be5d-5f0c265edc96,2026-08-10T13:15:00Z,2026-08-10T15:15:00+0200,10038.44,MW,BE,BE,forecast_load,Forecasted Load,2026-08-23T15:57:47Z
2026-08-23T15:57:37Z,2026-08-23T17:57:37+0200,4e74b68d-c003-4d56-be5d-5f0c265edc96,2026-08-10T13:30:00Z,2026-08-10T15:30:00+0200,9943.7,MW,BE,BE,forecast_load,Forecasted Load,2026-08-23T15:57:47Z
2026-08-23T15:57:37Z,2026-08-23T17:57:37+0200,4e74b68d-c003-4d56-be5d-5f0c265edc96,2026-08-10T13:45:00Z,2026-08-10T15:45:00+0200,9864.43,MW,BE,BE,forecast_load,Forecasted Load,2026-08-23T15:57:47Z
2026-08-23T15:57:37Z,2026-08-23T17:57:37+0200,4e74b68d-c003-4d56-be5d-5f0c265edc96,2026-08-10T14:00:00Z,2026-08-10T16:00:00+0200,9779.3,MW,BE,BE,forecast_load,Forecasted Load,2026-08-23T15:57:47Z
2026-08-23T15:57:37Z,2026-08-23T17:57:37+0200,4e74b68d-c003-4d56-be5d-5f0c265edc96,2026-08-10T14:15:00Z,2026-08-10T16:15:00+0200,9614.54,MW,BE,BE,forecast_load,Forecasted Load,2026-08-23T15:57:47Z
2026-08-23T15:57:37Z,2026-08-23T17:57:37+0200,4e74b68d-c003-4d56-be5d-5f0c265edc96,2026-08-10T14:30:00Z,2026-08-10T16:30:00+0200,9564.06,MW,BE,BE,forecast_load,Forecasted Load,2026-08-23T15:57:47Z
2026-08-23T15:57:37Z,2026-08-23T17:57:37+0200,4e74b68d-c003-4d56-be5d-5f0c265edc96,2026-08-10T14:45:00Z,2026-08-10T16:45:00+0200,9563.59,MW,BE,BE,forecast_load,Forecasted Load,2026-08-23T15:57:47Z
2026-08-23T15:57:37Z,2026-08-23T17:57:37+0200,4e74b68d-c003-4d56-be5d-5f0c265edc96,2026-08-10T15:00:00Z,2026-08-10T17:00:00+0200,9577.04,MW,BE,BE,forecast_load,Forecasted Load,2026-08-23T15:57:47Z
2026-08-23T15:57:37Z,2026-08-23T17:57:37+0200,4e74b68d-c003-4d56-be5d-5f0c265edc96,2026-08-10T15:15:00Z,2026-08-10T17:15:00+0200,9523.3,MW,BE,BE,forecast_load,Forecasted Load,2026-08-23T15:57:47Z
2026-08-23T15:57:37Z,2026-08-23T17:57:37+0200,4e74b68d-c003-4d56-be5d-5f0c265edc96,2026-08-10T15:30:00Z,2026-08-10T17:30:00+0200,9548.3,MW,BE,BE,forecast_load,Forecasted Load,2026-08-23T15:57:47Z
2026-08-23T15:57:37Z,2026-08-23T17:57:37+0200,4e74b68d-c003-4d56-be5d-5f0c265edc96,2026-08-10T15:45:00Z,2026-08-10T17:45:00+0200,9549.06,MW,BE,BE,forecast_load,Forecasted Load,2026-08-23T15:57:47Z
2026-08-23T15:57:37Z,2026-08-23T17:57:37+0200,4e74b68d-c003-4d56-be5d-5f0c265edc96,2026-08-10T16:00:00Z,2026-08-10T18:00:00+0200,9604.27,MW,BE,BE,forecast_load,Forecasted Load,2026-08-23T15:57:47Z
2026-08-23T15:57:37Z,2026-08-23T17:57:37+0200,4e74b68d-c003-4d56-be5d-5f0c265edc96,2026-08-10T16:15:00Z,2026-08-10T18:15:00+0200,9561.3,MW,BE,BE,forecast_load,Forecasted Load,2026-08-23T15:57:47Z
2026-08-23T15:57:37Z,2026-08-23T17:57:37+0200,4e74b68d-c003-4d56-be5d-5f0c265edc96,2026-08-10T16:30:00Z,2026-08-10T18:30:00+0200,9521.31,MW,BE,BE,forecast_load,Forecasted Load,2026-08-23T15:57:47Z
2026-08-23T15:57:37Z,2026-08-23T17:57:37+0200,4e74b68d-c003-4d56-be5d-5f0c265edc96,2026-08-10T16:45:00Z,2026-08-10T18:45:00+0200,9501.24,MW,BE,BE,forecast_load,Forecasted Load,2026-08-23T15:57:47Z
2026-08-23T15:57:37Z,2026-08-23T17:57:37+0200,4e74b68d-c003-4d56-be5d-5f0c265edc96,2026-08-10T17:00:00Z,2026-08-10T19:00:00+0200,9666.86,MW,BE,BE,forecast_load,Forecasted Load,2026-08-23T15:57:47Z
2026-08-23T15:57:37Z,2026-08-23T17:57:37+0200,4e74b68d-c003-4d56-be5d-5f0c265edc96,2026-08-10T17:15:00Z,2026-08-10T19:15:00+0200,9558.52,MW,BE,BE,forecast_load,Forecasted Load,2026-08-23T15:57:47Z
2026-08-23T15:57:37Z,2026-08-23T17:57:37+0200,4e74b68d-c003-4d56-be5d-5f0c265edc96,2026-08-10T17:30:00Z,2026-08-10T19:30:00+0200,9499.98,MW,BE,BE,forecast_load,Forecasted Load,2026-08-23T15:57:47Z
2026-08-23T15:57:37Z,2026-08-23T17:57:37+0200,4e74b68d-c003-4d56-be5d-5f0c265edc96,2026-08-10T17:45:00Z,2026-08-10T19:45:00+0200,9389.59,MW,BE,BE,forecast_load,Forecasted Load,2026-08-23T15:57:47Z
2026-08-23T15:57:37Z,2026-08-23T17:57:37+0200,4e74b68d-c003-4d56-be5d-5f0c265edc96,2026-08-10T18:00:00Z,2026-08-10T20:00:00+0200,9442.36,MW,BE,BE,forecast_load,Forecasted Load,2026-08-23T15:57:47Z
2026-08-23T15:57:37Z,2026-08-23T17:57:37+0200,4e74b68d-c003-4d56-be5d-5f0c265edc96,2026-08-10T18:15:00Z,2026-08-10T20:15:00+0200,9359.33,MW,BE,BE,forecast_load,Forecasted Load,2026-08-23T15:57:47Z
2026-08-23T15:57:37Z,2026-08-23T17:57:37+0200,4e74b68d-c003-4d56-be5d-5f0c265edc96,2026-08-10T18:30:00Z,2026-08-10T20:30:00+0200,9269.88,MW,BE,BE,forecast_load,Forecasted Load,2026-08-23T15:57:47Z
2026-08-23T15:57:37Z,2026-08-23T17:57:37+0200,4e74b68d-c003-4d56-be5d-5f0c265edc96,2026-08-10T18:45:00Z,2026-08-10T20:45:00+0200,9190.51,MW,BE,BE,forecast_load,Forecasted Load,2026-08-23T15:57:47Z
2026-08-23T15:57:37Z,2026-08-23T17:57:37+0200,4e74b68d-c003-4d56-be5d-5f0c265edc96,2026-08-10T19:00:00Z,2026-08-10T21:00:00+0200,9084.07,MW,BE,BE,forecast_load,Forecasted Load,2026-08-23T15:57:47Z
2026-08-23T15:57:37Z,2026-08-23T17:57:37+0200,4e74b68d-c003-4d56-be5d-5f0c265edc96,2026-08-10T19:15:00Z,2026-08-10T21:15:00+0200,9075.76,MW,BE,BE,forecast_load,Forecasted Load,2026-08-23T15:57:47Z
2026-08-23T15:57:37Z,2026-08-23T17:57:37+0200,4e74b68d-c003-4d56-be5d-5f0c265edc96,2026-08-10T19:30:00Z,2026-08-10T21:30:00+0200,9149.92,MW,BE,BE,forecast_load,Forecasted Load,2026-08-23T15:57:47Z
2026-08-23T15:57:37Z,2026-08-23T17:57:37+0200,4e74b68d-c003-4d56-be5d-5f0c265edc96,2026-08-10T19:45:00Z,2026-08-10T21:45:00+0200,9154.58,MW,BE,BE,forecast_load,Forecasted Load,2026-08-23T15:57:47Z
2026-08-23T15:57:37Z,2026-08-23T17:57:37+0200,4e74b68d-c003-4d56-be5d-5f0c265edc96,2026-08-10T20:00:00Z,2026-08-10T22:00:00+0200,8988.32,MW,BE,BE,forecast_load,Forecasted Load,2026-08-23T15:57:47Z
2026-08-23T15:57:37Z,2026-08-23T17:57:37+0200,4e74b68d-c003-4d56-be5d-5f0c265edc96,2026-08-10T20:15:00Z,2026-08-10T22:15:00+0200,9007.46,MW,BE,BE,forecast_load,Forecasted Load,2026-08-23T15:57:47Z
2026-08-23T15:57:37Z,2026-08-23T17:57:37+0200,4e74b68d-c003-4d56-be5d-5f0c265edc96,2026-08-10T20:30:00Z,2026-08-10T22:30:00+0200,8922.28,MW,BE,BE,forecast_load,Forecasted Load,2026-08-23T15:57:47Z
2026-08-23T15:57:37Z,2026-08-23T17:57:37+0200,4e74b68d-c003-4d56-be5d-5f0c265edc96,2026-08-10T20:45:00Z,2026-08-10T22:45:00+0200,8771.12,MW,BE,BE,forecast_load,Forecasted Load,2026-08-23T15:57:47Z
2026-08-23T15:57:37Z,2026-08-23T17:57:37+0200,4e74b68d-c003-4d56-be5d-5f0c265edc96,2026-08-10T21:00:00Z,2026-08-10T23:00:00+0200,8530.44,MW,BE,BE,forecast_load,Forecasted Load,2026-08-23T15:57:47Z
2026-08-23T15:57:37Z,2026-08-23T17:57:37+0200,4e74b68d-c003-4d56-be5d-5f0c265edc96,2026-08-10T21:15:00Z,2026-08-10T23:15:00+0200,8524.88,MW,BE,BE,forecast_load,Forecasted Load,2026-08-23T15:57:47Z
2026-08-23T15:57:37Z,2026-08-23T17:57:37+0200,4e74b68d-c003-4d56-be5d-5f0c265edc96,2026-08-10T21:30:00Z,2026-08-10T23:30:00+0200,8393.76,MW,BE,BE,forecast_load,Forecasted Load,2026-08-23T15:57:47Z
2026-08-23T15:57:37Z,2026-08-23T17:57:37+0200,4e74b68d-c003-4d56-be5d-5f0c265edc96,2026-08-10T21:45:00Z,2026-08-10T23:45:00+0200,8252.06,MW,BE,BE,forecast_load,Forecasted Load,2026-08-23T15:57:47Z
2026-08-23T15:57:37Z,2026-08-23T17:57:37+0200,4e74b68d-c003-4d56-be5d-5f0c265edc96,2026-08-10T22:00:00Z,2026-08-11T00:00:00+0200,8021.89,MW,BE,BE,forecast_load,Forecasted Load,2026-08-23T15:57:47Z
2026-08-23T15:57:37Z,2026-08-23T17:57:37+0200,4e74b68d-c003-4d56-be5d-5f0c265edc96,2026-08-10T22:15:00Z,2026-08-11T00:15:00+0200,7877.32,MW,BE,BE,forecast_load,Forecasted Load,2026-08-23T15:57:47Z
2026-08-23T15:57:37Z,2026-08-23T17:57:37+0200,4e74b68d-c003-4d56-be5d-5f0c265edc96,2026-08-10T22:30:00Z,2026-08-11T00:30:00+0200,7811.54,MW,BE,BE,forecast_load,Forecasted Load,2026-08-23T15:57:47Z
2026-08-23T15:57:37Z,2026-08-23T17:57:37+0200,4e74b68d-c003-4d56-be5d-5f0c265edc96,2026-08-10T22:45:00Z,2026-08-11T00:45:00+0200,7752.12,MW,BE,BE,forecast_load,Forecasted Load,2026-08-23T15:57:47Z
2026-08-23T15:57:37Z,2026-08-23T17:57:37+0200,4e74b68d-c003-4d56-be5d-5f0c265edc96,2026-08-10T23:00:00Z,2026-08-11T01:00:00+0200,7600.76,MW,BE,BE,forecast_load,Forecasted Load,2026-08-23T15:57:47Z
2026-08-23T15:57:37Z,2026-08-23T17:57:37+0200,4e74b68d-c003-4d56-be5d-5f0c265edc96,2026-08-10T23:15:00Z,2026-08-11T01:15:00+0200,7567.1,MW,BE,BE,forecast_load,Forecasted Load,2026-08-23T15:57:47Z
2026-08-23T15:57:37Z,2026-08-23T17:57:37+0200,4e74b68d-c003-4d56-be5d-5f0c265edc96,2026-08-10T23:30:00Z,2026-08-11T01:30:00+0200,7541.85,MW,BE,BE,forecast_load,Forecasted Load,2026-08-23T15:57:47Z
2026-08-23T15:57:37Z,2026-08-23T17:57:37+0200,4e74b68d-c003-4d56-be5d-5f0c265edc96,2026-08-10T23:45:00Z,2026-08-11T01:45:00+0200,7440.63,MW,BE,BE,forecast_load,Forecasted Load,2026-08-23T15:57:47Z
2026-08-23T15:57:37Z,2026-08-23T17:57:37+0200,4e74b68d-c003-4d56-be5d-5f0c265edc96,2026-08-11T00:00:00Z,2026-08-11T02:00:00+0200,7386.24,MW,BE,BE,forecast_load,Forecasted Load,2026-08-23T15:57:47Z
2026-08-23T15:57:37Z,2026-08-23T17:57:37+0200,4e74b68d-c003-4d56-be5d-5f0c265edc96,2026-08-11T00:15:00Z,2026-08-11T02:15:00+0200,7346.43,MW,BE,BE,forecast_load,Forecasted Load,2026-08-23T15:57:47Z
2026-08-23T15:57:37Z,2026-08-23T17:57:37+0200,4e74b68d-c003-4d56-be5d-5f0c265edc96,2026-08-11T00:30:00Z,2026-08-11T02:30:00+0200,7328.96,MW,BE,BE,forecast_load,Forecasted Load,2026-08-23T15:57:47Z
2026-08-23T15:57:37Z,2026-08-23T17:57:37+0200,4e74b68d-c003-4d56-be5d-5f0c265edc96,2026-08-11T00:45:00Z,2026-08-11T02:45:00+0200,7315.16,MW,BE,BE,forecast_load,Forecasted Load,2026-08-23T15:57:47Z
2026-08-23T15:57:37Z,2026-08-23T17:57:37+0200,4e74b68d-c003-4d56-be5d-5f0c265edc96,2026-08-11T01:00:00Z,2026-08-11T03:00:00+0200,7283.64,MW,BE,BE,forecast_load,Forecasted Load,2026-08-23T15:57:47Z
2026-08-23T15:57:37Z,2026-08-23T17:57:37+0200,4e74b68d-c003-4d56-be5d-5f0c265edc96,2026-08-11T01:15:00Z,2026-08-11T03:15:00+0200,7260.19,MW,BE,BE,forecast_load,Forecasted Load,2026-08-23T15:57:47Z
2026-08-23T15:57:37Z,2026-08-23T17:57:37+0200,4e74b68d-c003-4d56-be5d-5f0c265edc96,2026-08-11T01:30:00Z,2026-08-11T03:30:00+0200,7259.36,MW,BE,BE,forecast_load,Forecasted Load,2026-08-23T15:57:47Z
2026-08-23T15:57:37Z,2026-08-23T17:57:37+0200,4e74b68d-c003-4d56-be5d-5f0c265edc96,2026-08-11T01:45:00Z,2026-08-11T03:45:00+0200,7239.97,MW,BE,BE,forecast_load,Forecasted Load,2026-08-23T15:57:47Z
2026-08-23T15:57:37Z,2026-08-23T17:57:37+0200,4e74b68d-c003-4d56-be5d-5f0c265edc96,2026-08-11T02:00:00Z,2026-08-11T04:00:00+0200,7288.06,MW,BE,BE,forecast_load,Forecasted Load,2026-08-23T15:57:47Z
2026-08-23T15:57:37Z,2026-08-23T17:57:37+0200,4e74b68d-c003-4d56-be5d-5f0c265edc96,2026-08-11T02:15:00Z,2026-08-11T04:15:00+0200,7293.49,MW,BE,BE,forecast_load,Forecasted Load,2026-08-23T15:57:47Z
2026-08-23T15:57:37Z,2026-08-23T17:57:37+0200,4e74b68d-c003-4d56-be5d-5f0c265edc96,2026-08-11T02:30:00Z,2026-08-11T04:30:00+0200,7303.42,MW,BE,BE,forecast_load,Forecasted Load,2026-08-23T15:57:47Z
2026-08-23T15:57:37Z,2026-08-23T17:57:37+0200,4e74b68d-c003-4d56-be5d-5f0c265edc96,2026-08-11T02:45:00Z,2026-08-11T04:45:00+0200,7323.27,MW,BE,BE,forecast_load,Forecasted Load,2026-08-23T15:57:47Z
2026-08-23T15:57:37Z,2026-08-23T17:57:37+0200,4e74b68d-c003-4d56-be5d-5f0c265edc96,2026-08-11T03:00:00Z,2026-08-11T05:00:00+0200,7433.62,MW,BE,BE,forecast_load,Forecasted Load,2026-08-23T15:57:47Z
2026-08-23T15:57:37Z,2026-08-23T17:57:37+0200,4e74b68d-c003-4d56-be5d-5f0c265edc96,2026-08-11T03:15:00Z,2026-08-11T05:15:00+0200,7460.89,MW,BE,BE,forecast_load,Forecasted Load,2026-08-23T15:57:47Z
2026-08-23T15:57:37Z,2026-08-23T17:57:37+0200,4e74b68d-c003-4d56-be5d-5f0c265edc96,2026-08-11T03:30:00Z,2026-08-11T05:30:00+0200,7509.0,MW,BE,BE,forecast_load,Forecasted Load,2026-08-23T15:57:47Z
2026-08-23T15:57:37Z,2026-08-23T17:57:37+0200,4e74b68d-c003-4d56-be5d-5f0c265edc96,2026-08-11T03:45:00Z,2026-08-11T05:45:00+0200,7566.51,MW,BE,BE,forecast_load,Forecasted Load,2026-08-23T15:57:47Z
2026-08-23T15:57:37Z,2026-08-23T17:57:37+0200,4e74b68d-c003-4d56-be5d-5f0c265edc96,2026-08-11T04:00:00Z,2026-08-11T06:00:00+0200,7777.21,MW,BE,BE,forecast_load,Forecasted Load,2026-08-23T15:57:47Z
2026-08-23T15:57:37Z,2026-08-23T17:57:37+0200,4e74b68d-c003-4d56-be5d-5f0c265edc96,2026-08-11T04:15:00Z,2026-08-11T06:15:00+0200,7893.01,MW,BE,BE,forecast_load,Forecasted Load,2026-08-23T15:57:47Z
2026-08-23T15:57:37Z,2026-08-23T17:57:37+0200,4e74b68d-c003-4d56-be5d-5f0c265edc96,2026-08-11T04:30:00Z,2026-08-11T06:30:00+0200,8038.93,MW,BE,BE,forecast_load,Forecasted Load,2026-08-23T15:57:47Z
2026-08-23T15:57:37Z,2026-08-23T17:57:37+0200,4e74b68d-c003-4d56-be5d-5f0c265edc96,2026-08-11T04:45:00Z,2026-08-11T06:45:00+0200,8168.61,MW,BE,BE,forecast_load,Forecasted Load,2026-08-23T15:57:47Z
2026-08-23T15:57:37Z,2026-08-23T17:57:37+0200,4e74b68d-c003-4d56-be5d-5f0c265edc96,2026-08-11T05:00:00Z,2026-08-11T07:00:00+0200,8398.88,MW,BE,BE,forecast_load,Forecasted Load,2026-08-23T15:57:47Z
2026-08-23T15:57:37Z,2026-08-23T17:57:37+0200,4e74b68d-c003-4d56-be5d-5f0c265edc96,2026-08-11T05:15:00Z,2026-08-11T07:15:00+0200,8568.55,MW,BE,BE,forecast_load,Forecasted Load,2026-08-23T15:57:47Z
2026-08-23T15:57:37Z,2026-08-23T17:57:37+0200,4e74b68d-c003-4d56-be5d-5f0c265edc96,2026-08-11T05:30:00Z,2026-08-11T07:30:00+0200,8752.43,MW,BE,BE,forecast_load,Forecasted Load,2026-08-23T15:57:47Z
2026-08-23T15:57:37Z,2026-08-23T17:57:37+0200,4e74b68d-c003-4d56-be5d-5f0c265edc96,2026-08-11T05:45:00Z,2026-08-11T07:45:00+0200,8908.09,MW,BE,BE,forecast_load,Forecasted Load,2026-08-23T15:57:47Z
2026-08-23T15:57:37Z,2026-08-23T17:57:37+0200,4e74b68d-c003-4d56-be5d-5f0c265edc96,2026-08-11T06:00:00Z,2026-08-11T08:00:00+0200,8959.04,MW,BE,BE,forecast_load,Forecasted Load,2026-08-23T15:57:47Z
2026-08-23T15:57:37Z,2026-08-23T17:57:37+0200,4e74b68d-c003-4d56-be5d-5f0c265edc96,2026-08-11T06:15:00Z,2026-08-11T08:15:00+0200,9109.9,MW,BE,BE,forecast_load,Forecasted Load,2026-08-23T15:57:47Z
2026-08-23T15:57:37Z,2026-08-23T17:57:37+0200,4e74b68d-c003-4d56-be5d-5f0c265edc96,2026-08-11T06:30:00Z,2026-08-11T08:30:00+0200,9322.26,MW,BE,BE,forecast_load,Forecasted Load,2026-08-23T15:57:47Z
2026-08-23T15:57:37Z,2026-08-23T17:57:37+0200,4e74b68d-c003-4d56-be5d-5f0c265edc96,2026-08-11T06:45:00Z,2026-08-11T08:45:00+0200,9496.11,MW,BE,BE,forecast_load,Forecasted Load,2026-08-23T15:57:47Z
2026-08-23T15:57:37Z,2026-08-23T17:57:37+0200,4e74b68d-c003-4d56-be5d-5f0c265edc96,2026-08-11T07:00:00Z,2026-08-11T09:00:00+0200,9394.81,MW,BE,BE,forecast_load,Forecasted Load,2026-08-23T15:57:47Z
2026-08-23T15:57:37Z,2026-08-23T17:57:37+0200,4e74b68d-c003-4d56-be5d-5f0c265edc96,2026-08-11T07:15:00Z,2026-08-11T09:15:00+0200,9505.5,MW,BE,BE,forecast_load,Forecasted Load,2026-08-23T15:57:47Z
2026-08-23T15:57:37Z,2026-08-23T17:57:37+0200,4e74b68d-c003-4d56-be5d-5f0c265edc96,2026-08-11T07:30:00Z,2026-08-11T09:30:00+0200,9639.11,MW,BE,BE,forecast_load,Forecasted Load,2026-08-23T15:57:47Z
2026-08-23T15:57:37Z,2026-08-23T17:57:37+0200,4e74b68d-c003-4d56-be5d-5f0c265edc96,2026-08-11T07:45:00Z,2026-08-11T09:45:00+0200,9724.52,MW,BE,BE,forecast_load,Forecasted Load,2026-08-23T15:57:47Z
2026-08-23T15:57:37Z,2026-08-23T17:57:37+0200,4e74b68d-c003-4d56-be5d-5f0c265edc96,2026-08-11T08:00:00Z,2026-08-11T10:00:00+0200,9688.61,MW,BE,BE,forecast_load,Forecasted Load,2026-08-23T15:57:47Z
2026-08-23T15:57:37Z,2026-08-23T17:57:37+0200,4e74b68d-c003-4d56-be5d-5f0c265edc96,2026-08-11T08:15:00Z,2026-08-11T10:15:00+0200,9767.47,MW,BE,BE,forecast_load,Forecasted Load,2026-08-23T15:57:47Z
2026-08-23T15:57:37Z,2026-08-23T17:57:37+0200,4e74b68d-c003-4d56-be5d-5f0c265edc96,2026-08-11T08:30:00Z,2026-08-11T10:30:00+0200,9820.97,MW,BE,BE,forecast_load,Forecasted Load,2026-08-23T15:57:47Z
2026-08-23T15:57:37Z,2026-08-23T17:57:37+0200,4e74b68d-c003-4d56-be5d-5f0c265edc96,2026-08-11T08:45:00Z,2026-08-11T10:45:00+0200,9959.86,MW,BE,BE,forecast_load,Forecasted Load,2026-08-23T15:57:47Z
2026-08-23T15:57:37Z,2026-08-23T17:57:37+0200,4e74b68d-c003-4d56-be5d-5f0c265edc96,2026-08-11T09:00:00Z,2026-08-11T11:00:00+0200,10038.61,MW,BE,BE,forecast_load,Forecasted Load,2026-08-23T15:57:47Z
2026-08-23T15:57:37Z,2026-08-23T17:57:37+0200,4e74b68d-c003-4d56-be5d-5f0c265edc96,2026-08-11T09:15:00Z,2026-08-11T11:15:00+0200,10089.04,MW,BE,BE,forecast_load,Forecasted Load,2026-08-23T15:57:47Z
2026-08-23T15:57:37Z,2026-08-23T17:57:37+0200,4e74b68d-c003-4d56-be5d-5f0c265edc96,2026-08-11T09:30:00Z,2026-08-11T11:30:00+0200,10166.05,MW,BE,BE,forecast_load,Forecasted Load,2026-08-23T15:57:47Z
2026-08-23T15:57:37Z,2026-08-23T17:57:37+0200,4e74b68d-c003-4d56-be5d-5f0c265edc96,2026-08-11T09:45:00Z,2026-08-11T11:45:00+0200,10207.01,MW,BE,BE,forecast_load,Forecasted Load,2026-08-23T15:57:47Z
2026-08-23T15:57:37Z,2026-08-23T17:57:37+0200,4e74b68d-c003-4d56-be5d-5f0c265edc96,2026-08-11T10:00:00Z,2026-08-11T12:00:00+0200,10316.87,MW,BE,BE,forecast_load,Forecasted Load,2026-08-23T15:57:47Z
2026-08-23T15:57:37Z,2026-08-23T17:57:37+0200,4e74b68d-c003-4d56-be5d-5f0c265edc96,2026-08-11T10:15:00Z,2026-08-11T12:15:00+0200,10300.3,MW,BE,BE,forecast_load,Forecasted Load,2026-08-23T15:57:47Z
2026-08-23T15:57:37Z,2026-08-23T17:57:37+0200,4e74b68d-c003-4d56-be5d-5f0c265edc96,2026-08-11T10:30:00Z,2026-08-11T12:30:00+0200,10321.24,MW,BE,BE,forecast_load,Forecasted Load,2026-08-23T15:57:47Z
2026-08-23T15:57:37Z,2026-08-23T17:57:37+0200,4e74b68d-c003-4d56-be5d-5f0c265edc96,2026-08-11T10:45:00Z,2026-08-11T12:45:00+0200,10390.77,MW,BE,BE,forecast_load,Forecasted Load,2026-08-23T15:57:47Z
2026-08-23T15:57:37Z,2026-08-23T17:57:37+0200,4e74b68d-c003-4d56-be5d-5f0c265edc96,2026-08-11T11:00:00Z,2026-08-11T13:00:00+0200,10365.63,MW,BE,BE,forecast_load,Forecasted Load,2026-08-23T15:57:47Z
2026-08-23T15:57:37Z,2026-08-23T17:57:37+0200,4e74b68d-c003-4d56-be5d-5f0c265edc96,2026-08-11T11:15:00Z,2026-08-11T13:15:00+0200,10339.06,MW,BE,BE,forecast_load,Forecasted Load,2026-08-23T15:57:47Z
2026-08-23T15:57:37Z,2026-08-23T17:57:37+0200,4e74b68d-c003-4d56-be5d-5f0c265edc96,2026-08-11T11:30:00Z,2026-08-11T13:30:00+0200,10292.79,MW,BE,BE,forecast_load,Forecasted Load,2026-08-23T15:57:47Z
2026-08-23T15:57:37Z,2026-08-23T17:57:37+0200,4e74b68d-c003-4d56-be5d-5f0c265edc96,2026-08-11T11:45:00Z,2026-08-11T13:45:00+0200,10227.8,MW,BE,BE,forecast_load,Forecasted Load,2026-08-23T15:57:47Z
2026-08-23T15:57:37Z,2026-08-23T17:57:37+0200,4e74b68d-c003-4d56-be5d-5f0c265edc96,2026-08-11T12:00:00Z,2026-08-11T14:00:00+0200,10302.32,MW,BE,BE,forecast_load,Forecasted Load,2026-08-23T15:57:47Z
2026-08-23T15:57:37Z,2026-08-23T17:57:37+0200,4e74b68d-c003-4d56-be5d-5f0c265edc96,2026-08-11T12:15:00Z,2026-08-11T14:15:00+0200,10240.97,MW,BE,BE,forecast_load,Forecasted Load,2026-08-23T15:57:47Z
2026-08-23T15:57:37Z,2026-08-23T17:57:37+0200,4e74b68d-c003-4d56-be5d-5f0c265edc96,2026-08-11T12:30:00Z,2026-08-11T14:30:00+0200,10206.69,MW,BE,BE,forecast_load,Forecasted Load,2026-08-23T15:57:47Z
2026-08-23T15:57:37Z,2026-08-23T17:57:37+0200,4e74b68d-c003-4d56-be5d-5f0c265edc96,2026-08-11T12:45:00Z,2026-08-11T14:45:00+0200,10154.91,MW,BE,BE,forecast_load,Forecasted Load,2026-08-23T15:57:47Z
2026-08-23T15:57:37Z,2026-08-23T17:57:37+0200,4e74b68d-c003-4d56-be5d-5f0c265edc96,2026-08-11T13:00:00Z,2026-08-11T15:00:00+0200,10024.82,MW,BE,BE,forecast_load,Forecasted Load,2026-08-23T15:57:47Z
2026-08-23T15:57:37Z,2026-08-23T17:57:37+0200,4e74b68d-c003-4d56-be5d-5f0c265edc96,2026-08-11T13:15:00Z,2026-08-11T15:15:00+0200,9990.27,MW,BE,BE,forecast_load,Forecasted Load,2026-08-23T15:57:47Z
2026-08-23T15:57:37Z,2026-08-23T17:57:37+0200,4e74b68d-c003-4d56-be5d-5f0c265edc96,2026-08-11T13:30:00Z,2026-08-11T15:30:00+0200,9959.48,MW,BE,BE,forecast_load,Forecasted Load,2026-08-23T15:57:47Z
2026-08-23T15:57:37Z,2026-08-23T17:57:37+0200,4e74b68d-c003-4d56-be5d-5f0c265edc96,2026-08-11T13:45:00Z,2026-08-11T15:45:00+0200,9882.28,MW,BE,BE,forecast_load,Forecasted Load,2026-08-23T15:57:47Z
2026-08-23T15:57:37Z,2026-08-23T17:57:37+0200,4e74b68d-c003-4d56-be5d-5f0c265edc96,2026-08-11T14:00:00Z,2026-08-11T16:00:00+0200,9777.81,MW,BE,BE,forecast_load,Forecasted Load,2026-08-23T15:57:47Z
2026-08-23T15:57:37Z,2026-08-23T17:57:37+0200,4e74b68d-c003-4d56-be5d-5f0c265edc96,2026-08-11T14:15:00Z,2026-08-11T16:15:00+0200,9678.03,MW,BE,BE,forecast_load,Forecasted Load,2026-08-23T15:57:47Z
2026-08-23T15:57:37Z,2026-08-23T17:57:37+0200,4e74b68d-c003-4d56-be5d-5f0c265edc96,2026-08-11T14:30:00Z,2026-08-11T16:30:00+0200,9681.1,MW,BE,BE,forecast_load,Forecasted Load,2026-08-23T15:57:47Z
2026-08-23T15:57:37Z,2026-08-23T17:57:37+0200,4e74b68d-c003-4d56-be5d-5f0c265edc96,2026-08-11T14:45:00Z,2026-08-11T16:45:00+0200,9597.65,MW,BE,BE,forecast_load,Forecasted Load,2026-08-23T15:57:47Z
2026-08-23T15:57:37Z,2026-08-23T17:57:37+0200,4e74b68d-c003-4d56-be5d-5f0c265edc96,2026-08-11T15:00:00Z,2026-08-11T17:00:00+0200,9688.19,MW,BE,BE,forecast_load,Forecasted Load,2026-08-23T15:57:47Z
2026-08-23T15:57:37Z,2026-08-23T17:57:37+0200,4e74b68d-c003-4d56-be5d-5f0c265edc96,2026-08-11T15:15:00Z,2026-08-11T17:15:00+0200,9581.89,MW,BE,BE,forecast_load,Forecasted Load,2026-08-23T15:57:47Z
2026-08-23T15:57:37Z,2026-08-23T17:57:37+0200,4e74b68d-c003-4d56-be5d-5f0c265edc96,2026-08-11T15:30:00Z,2026-08-11T17:30:00+0200,9581.19,MW,BE,BE,forecast_load,Forecasted Load,2026-08-23T15:57:47Z
2026-08-23T15:57:37Z,2026-08-23T17:57:37+0200,4e74b68d-c003-4d56-be5d-5f0c265edc96,2026-08-11T15:45:00Z,2026-08-11T17:45:00+0200,9532.17,MW,BE,BE,forecast_load,Forecasted Load,2026-08-23T15:57:47Z
2026-08-23T15:57:37Z,2026-08-23T17:57:37+0200,4e74b68d-c003-4d56-be5d-5f0c265edc96,2026-08-11T16:00:00Z,2026-08-11T18:00:00+0200,9575.8,MW,BE,BE,forecast_load,Forecasted Load,2026-08-23T15:57:47Z
2026-08-23T15:57:37Z,2026-08-23T17:57:37+0200,4e74b68d-c003-4d56-be5d-5f0c265edc96,2026-08-11T16:15:00Z,2026-08-11T18:15:00+0200,9530.46,MW,BE,BE,forecast_load,Forecasted Load,2026-08-23T15:57:47Z
2026-08-23T15:57:37Z,2026-08-23T17:57:37+0200,4e74b68d-c003-4d56-be5d-5f0c265edc96,2026-08-11T16:30:00Z,2026-08-11T18:30:00+0200,9547.22,MW,BE,BE,forecast_load,Forecasted Load,2026-08-23T15:57:47Z
2026-08-23T15:57:37Z,2026-08-23T17:57:37+0200,4e74b68d-c003-4d56-be5d-5f0c265edc96,2026-08-11T16:45:00Z,2026-08-11T18:45:00+0200,9501.46,MW,BE,BE,forecast_load,Forecasted Load,2026-08-23T15:57:47Z
2026-08-23T15:57:37Z,2026-08-23T17:57:37+0200,4e74b68d-c003-4d56-be5d-5f0c265edc96,2026-08-11T17:00:00Z,2026-08-11T19:00:00+0200,9472.72,MW,BE,BE,forecast_load,Forecasted Load,2026-08-23T15:57:47Z
2026-08-23T15:57:37Z,2026-08-23T17:57:37+0200,4e74b68d-c003-4d56-be5d-5f0c265edc96,2026-08-11T17:15:00Z,2026-08-11T19:15:00+0200,9362.87,MW,BE,BE,forecast_load,Forecasted Load,2026-08-23T15:57:47Z
2026-08-23T15:57:37Z,2026-08-23T17:57:37+0200,4e74b68d-c003-4d56-be5d-5f0c265edc96,2026-08-11T17:30:00Z,2026-08-11T19:30:00+0200,9336.49,MW,BE,BE,forecast_load,Forecasted Load,2026-08-23T15:57:47Z
2026-08-23T15:57:37Z,2026-08-23T17:57:37+0200,4e74b68d-c003-4d56-be5d-5f0c265edc96,2026-08-11T17:45:00Z,2026-08-11T19:45:00+0200,9275.88,MW,BE,BE,forecast_load,Forecasted Load,2026-08-23T15:57:47Z
2026-08-23T15:57:37Z,2026-08-23T17:57:37+0200,4e74b68d-c003-4d56-be5d-5f0c265edc96,2026-08-11T18:00:00Z,2026-08-11T20:00:00+0200,9405.9,MW,BE,BE,forecast_load,Forecasted Load,2026-08-23T15:57:47Z
2026-08-23T15:57:37Z,2026-08-23T17:57:37+0200,4e74b68d-c003-4d56-be5d-5f0c265edc96,2026-08-11T18:15:00Z,2026-08-11T20:15:00+0200,9284.65,MW,BE,BE,forecast_load,Forecasted Load,2026-08-23T15:57:47Z
2026-08-23T15:57:37Z,2026-08-23T17:57:37+0200,4e74b68d-c003-4d56-be5d-5f0c265edc96,2026-08-11T18:30:00Z,2026-08-11T20:30:00+0200,9149.02,MW,BE,BE,forecast_load,Forecasted Load,2026-08-23T15:57:47Z
2026-08-23T15:57:37Z,2026-08-23T17:57:37+0200,4e74b68d-c003-4d56-be5d-5f0c265edc96,2026-08-11T18:45:00Z,2026-08-11T20:45:00+0200,9076.55,MW,BE,BE,forecast_load,Forecasted Load,2026-08-23T15:57:47Z
2026-08-23T15:57:37Z,2026-08-23T17:57:37+0200,4e74b68d-c003-4d56-be5d-5f0c265edc96,2026-08-11T19:00:00Z,2026-08-11T21:00:00+0200,9080.5,MW,BE,BE,forecast_load,Forecasted Load,2026-08-23T15:57:47Z
2026-08-23T15:57:37Z,2026-08-23T17:57:37+0200,4e74b68d-c003-4d56-be5d-5f0c265edc96,2026-08-11T19:15:00Z,2026-08-11T21:15:00+0200,9021.83,MW,BE,BE,forecast_load,Forecasted Load,2026-08-23T15:57:47Z
2026-08-23T15:57:37Z,2026-08-23T17:57:37+0200,4e74b68d-c003-4d56-be5d-5f0c265edc96,2026-08-11T19:30:00Z,2026-08-11T21:30:00+0200,9045.92,MW,BE,BE,forecast_load,Forecasted Load,2026-08-23T15:57:47Z
2026-08-23T15:57:37Z,2026-08-23T17:57:37+0200,4e74b68d-c003-4d56-be5d-5f0c265edc96,2026-08-11T19:45:00Z,2026-08-11T21:45:00+0200,9087.09,MW,BE,BE,forecast_load,Forecasted Load,2026-08-23T15:57:47Z
2026-08-23T15:57:37Z,2026-08-23T17:57:37+0200,4e74b68d-c003-4d56-be5d-5f0c265edc96,2026-08-11T20:00:00Z,2026-08-11T22:00:00+0200,9011.48,MW,BE,BE,forecast_load,Forecasted Load,2026-08-23T15:57:47Z
2026-08-23T15:57:37Z,2026-08-23T17:57:37+0200,4e74b68d-c003-4d56-be5d-5f0c265edc96,2026-08-11T20:15:00Z,2026-08-11T22:15:00+0200,9008.8,MW,BE,BE,forecast_load,Forecasted Load,2026-08-23T15:57:47Z
2026-08-23T15:57:37Z,2026-08-23T17:57:37+0200,4e74b68d-c003-4d56-be5d-5f0c265edc96,2026-08-11T20:30:00Z,2026-08-11T22:30:00+0200,8969.6,MW,BE,BE,forecast_load,Forecasted Load,2026-08-23T15:57:47Z
2026-08-23T15:57:37Z,2026-08-23T17:57:37+0200,4e74b68d-c003-4d56-be5d-5f0c265edc96,2026-08-11T20:45:00Z,2026-08-11T22:45:00+0200,8906.53,MW,BE,BE,forecast_load,Forecasted Load,2026-08-23T15:57:47Z
2026-08-23T15:57:37Z,2026-08-23T17:57:37+0200,4e74b68d-c003-4d56-be5d-5f0c265edc96,2026-08-11T21:00:00Z,2026-08-11T23:00:00+0200,8693.85,MW,BE,BE,forecast_load,Forecasted Load,2026-08-23T15:57:47Z
2026-08-23T15:57:37Z,2026-08-23T17:57:37+0200,4e74b68d-c003-4d56-be5d-5f0c265edc96,2026-08-11T21:15:00Z,2026-08-11T23:15:00+0200,8567.01,MW,BE,BE,forecast_load,Forecasted Load,2026-08-23T15:57:47Z
2026-08-23T15:57:37Z,2026-08-23T17:57:37+0200,4e74b68d-c003-4d56-be5d-5f0c265edc96,2026-08-11T21:30:00Z,2026-08-11T23:30:00+0200,8434.42,MW,BE,BE,forecast_load,Forecasted Load,2026-08-23T15:57:47Z
2026-08-23T15:57:37Z,2026-08-23T17:57:37+0200,4e74b68d-c003-4d56-be5d-5f0c265edc96,2026-08-11T21:45:00Z,2026-08-11T23:45:00+0200,8354.84,MW,BE,BE,forecast_load,Forecasted Load,2026-08-23T15:57:47Z
2026-08-23T15:57:37Z,2026-08-23T17:57:37+0200,4e74b68d-c003-4d56-be5d-5f0c265edc96,2026-08-11T22:00:00Z,2026-08-12T00:00:00+0200,8079.81,MW,BE,BE,forecast_load,Forecasted Load,2026-08-23T15:57:47Z
2026-08-23T15:57:37Z,2026-08-23T17:57:37+0200,4e74b68d-c003-4d56-be5d-5f0c265edc96,2026-08-11T22:15:00Z,2026-08-12T00:15:00+0200,7972.21,MW,BE,BE,forecast_load,Forecasted Load,2026-08-23T15:57:47Z
2026-08-23T15:57:37Z,2026-08-23T17:57:37+0200,4e74b68d-c003-4d56-be5d-5f0c265edc96,2026-08-11T22:30:00Z,2026-08-12T00:30:00+0200,7880.01,MW,BE,BE,forecast_load,Forecasted Load,2026-08-23T15:57:47Z
2026-08-23T15:57:37Z,2026-08-23T17:57:37+0200,4e74b68d-c003-4d56-be5d-5f0c265edc96,2026-08-11T22:45:00Z,2026-08-12T00:45:00+0200,7826.33,MW,BE,BE,forecast_load,Forecasted Load,2026-08-23T15:57:47Z
2026-08-23T15:57:37Z,2026-08-23T17:57:37+0200,4e74b68d-c003-4d56-be5d-5f0c265edc96,2026-08-11T23:00:00Z,2026-08-12T01:00:00+0200,7730.16,MW,BE,BE,forecast_load,Forecasted Load,2026-08-23T15:57:47Z
2026-08-23T15:57:37Z,2026-08-23T17:57:37+0200,4e74b68d-c003-4d56-be5d-5f0c265edc96,2026-08-11T23:15:00Z,2026-08-12T01:15:00+0200,7651.85,MW,BE,BE,forecast_load,Forecasted Load,2026-08-23T15:57:47Z
2026-08-23T15:57:37Z,2026-08-23T17:57:37+0200,4e74b68d-c003-4d56-be5d-5f0c265edc96,2026-08-11T23:30:00Z,2026-08-12T01:30:00+0200,7579.06,MW,BE,BE,forecast_load,Forecasted Load,2026-08-23T15:57:47Z
2026-08-23T15:57:37Z,2026-08-23T17:57:37+0200,4e74b68d-c003-4d56-be5d-5f0c265edc96,2026-08-11T23:45:00Z,2026-08-12T01:45:00+0200,7507.83,MW,BE,BE,forecast_load,Forecasted Load,2026-08-23T15:57:47Z
2026-08-23T15:57:37Z,2026-08-23T17:57:37+0200,4e74b68d-c003-4d56-be5d-5f0c265edc96,2026-08-12T00:00:00Z,2026-08-12T02:00:00+0200,7549.75,MW,BE,BE,forecast_load,Forecasted Load,2026-08-23T15:57:47Z
2026-08-23T15:57:37Z,2026-08-23T17:57:37+0200,4e74b68d-c003-4d56-be5d-5f0c265edc96,2026-08-12T00:15:00Z,2026-08-12T02:15:00+0200,7509.12,MW,BE,BE,forecast_load,Forecasted Load,2026-08-23T15:57:47Z
2026-08-23T15:57:37Z,2026-08-23T17:57:37+0200,4e74b68d-c003-4d56-be5d-5f0c265edc96,2026-08-12T00:30:00Z,2026-08-12T02:30:00+0200,7491.25,MW,BE,BE,forecast_load,Forecasted Load,2026-08-23T15:57:47Z
2026-08-23T15:57:37Z,2026-08-23T17:57:37+0200,4e74b68d-c003-4d56-be5d-5f0c265edc96,2026-08-12T00:45:00Z,2026-08-12T02:45:00+0200,7477.12,MW,BE,BE,forecast_load,Forecasted Load,2026-08-23T15:57:47Z
2026-08-23T15:57:37Z,2026-08-23T17:57:37+0200,4e74b68d-c003-4d56-be5d-5f0c265edc96,2026-08-12T01:00:00Z,2026-08-12T03:00:00+0200,7433.68,MW,BE,BE,forecast_load,Forecasted Load,2026-08-23T15:57:47Z
2026-08-23T15:57:37Z,2026-08-23T17:57:37+0200,4e74b68d-c003-4d56-be5d-5f0c265edc96,2026-08-12T01:15:00Z,2026-08-12T03:15:00+0200,7409.78,MW,BE,BE,forecast_load,Forecasted Load,2026-08-23T15:57:47Z
2026-08-23T15:57:37Z,2026-08-23T17:57:37+0200,4e74b68d-c003-4d56-be5d-5f0c265edc96,2026-08-12T01:30:00Z,2026-08-12T03:30:00+0200,7408.95,MW,BE,BE,forecast_load,Forecasted Load,2026-08-23T15:57:47Z
2026-08-23T15:57:37Z,2026-08-23T17:57:37+0200,4e74b68d-c003-4d56-be5d-5f0c265edc96,2026-08-12T01:45:00Z,2026-08-12T03:45:00+0200,7389.22,MW,BE,BE,forecast_load,Forecasted Load,2026-08-23T15:57:47Z
2026-08-23T15:57:37Z,2026-08-23T17:57:37+0200,4e74b68d-c003-4d56-be5d-5f0c265edc96,2026-08-12T02:00:00Z,2026-08-12T04:00:00+0200,7405.06,MW,BE,BE,forecast_load,Forecasted Load,2026-08-23T15:57:47Z
2026-08-23T15:57:37Z,2026-08-23T17:57:37+0200,4e74b68d-c003-4d56-be5d-5f0c265edc96,2026-08-12T02:15:00Z,2026-08-12T04:15:00+0200,7410.55,MW,BE,BE,forecast_load,Forecasted Load,2026-08-23T15:57:47Z
2026-08-23T15:57:37Z,2026-08-23T17:57:37+0200,4e74b68d-c003-4d56-be5d-5f0c265edc96,2026-08-12T02:30:00Z,2026-08-12T04:30:00+0200,7420.66,MW,BE,BE,forecast_load,Forecasted Load,2026-08-23T15:57:47Z
2026-08-23T15:57:37Z,2026-08-23T17:57:37+0200,4e74b68d-c003-4d56-be5d-5f0c265edc96,2026-08-12T02:45:00Z,2026-08-12T04:45:00+0200,7440.79,MW,BE,BE,forecast_load,Forecasted Load,2026-08-23T15:57:47Z
2026-08-23T15:57:37Z,2026-08-23T17:57:37+0200,4e74b68d-c003-4d56-be5d-5f0c265edc96,2026-08-12T03:00:00Z,2026-08-12T05:00:00+0200,7480.24,MW,BE,BE,forecast_load,Forecasted Load,2026-08-23T15:57:47Z
2026-08-23T15:57:37Z,2026-08-23T17:57:37+0200,4e74b68d-c003-4d56-be5d-5f0c265edc96,2026-08-12T03:15:00Z,2026-08-12T05:15:00+0200,7507.74,MW,BE,BE,forecast_load,Forecasted Load,2026-08-23T15:57:47Z
2026-08-23T15:57:37Z,2026-08-23T17:57:37+0200,4e74b68d-c003-4d56-be5d-5f0c265edc96,2026-08-12T03:30:00Z,2026-08-12T05:30:00+0200,7556.14,MW,BE,BE,forecast_load,Forecasted Load,2026-08-23T15:57:47Z
2026-08-23T15:57:37Z,2026-08-23T17:57:37+0200,4e74b68d-c003-4d56-be5d-5f0c265edc96,2026-08-12T03:45:00Z,2026-08-12T05:45:00+0200,7613.97,MW,BE,BE,forecast_load,Forecasted Load,2026-08-23T15:57:47Z
2026-08-23T15:57:37Z,2026-08-23T17:57:37+0200,4e74b68d-c003-4d56-be5d-5f0c265edc96,2026-08-12T04:00:00Z,2026-08-12T06:00:00+0200,7827.51,MW,BE,BE,forecast_load,Forecasted Load,2026-08-23T15:57:47Z
2026-08-23T15:57:37Z,2026-08-23T17:57:37+0200,4e74b68d-c003-4d56-be5d-5f0c265edc96,2026-08-12T04:15:00Z,2026-08-12T06:15:00+0200,7944.02,MW,BE,BE,forecast_load,Forecasted Load,2026-08-23T15:57:47Z
2026-08-23T15:57:37Z,2026-08-23T17:57:37+0200,4e74b68d-c003-4d56-be5d-5f0c265edc96,2026-08-12T04:30:00Z,2026-08-12T06:30:00+0200,8090.93,MW,BE,BE,forecast_load,Forecasted Load,2026-08-23T15:57:47Z
2026-08-23T15:57:37Z,2026-08-23T17:57:37+0200,4e74b68d-c003-4d56-be5d-5f0c265edc96,2026-08-12T04:45:00Z,2026-08-12T06:45:00+0200,8221.41,MW,BE,BE,forecast_load,Forecasted Load,2026-08-23T15:57:47Z
2026-08-23T15:57:37Z,2026-08-23T17:57:37+0200,4e74b68d-c003-4d56-be5d-5f0c265edc96,2026-08-12T05:00:00Z,2026-08-12T07:00:00+0200,8454.04,MW,BE,BE,forecast_load,Forecasted Load,2026-08-23T15:57:47Z
2026-08-23T15:57:37Z,2026-08-23T17:57:37+0200,4e74b68d-c003-4d56-be5d-5f0c265edc96,2026-08-12T05:15:00Z,2026-08-12T07:15:00+0200,8624.78,MW,BE,BE,forecast_load,Forecasted Load,2026-08-23T15:57:47Z
2026-08-23T15:57:37Z,2026-08-23T17:57:37+0200,4e74b68d-c003-4d56-be5d-5f0c265edc96,2026-08-12T05:30:00Z,2026-08-12T07:30:00+0200,8809.87,MW,BE,BE,forecast_load,Forecasted Load,2026-08-23T15:57:47Z
2026-08-23T15:57:37Z,2026-08-23T17:57:37+0200,4e74b68d-c003-4d56-be5d-5f0c265edc96,2026-08-12T05:45:00Z,2026-08-12T07:45:00+0200,8966.51,MW,BE,BE,forecast_load,Forecasted Load,2026-08-23T15:57:47Z
2026-08-23T15:57:37Z,2026-08-23T17:57:37+0200,4e74b68d-c003-4d56-be5d-5f0c265edc96,2026-08-12T06:00:00Z,2026-08-12T08:00:00+0200,8960.23,MW,BE,BE,forecast_load,Forecasted Load,2026-08-23T15:57:47Z
2026-08-23T15:57:37Z,2026-08-23T17:57:37+0200,4e74b68d-c003-4d56-be5d-5f0c265edc96,2026-08-12T06:15:00Z,2026-08-12T08:15:00+0200,9111.05,MW,BE,BE,forecast_load,Forecasted Load,2026-08-23T15:57:47Z
2026-08-23T15:57:37Z,2026-08-23T17:57:37+0200,4e74b68d-c003-4d56-be5d-5f0c265edc96,2026-08-12T06:30:00Z,2026-08-12T08:30:00+0200,9323.43,MW,BE,BE,forecast_load,Forecasted Load,2026-08-23T15:57:47Z
2026-08-23T15:57:37Z,2026-08-23T17:57:37+0200,4e74b68d-c003-4d56-be5d-5f0c265edc96,2026-08-12T06:45:00Z,2026-08-12T08:45:00+0200,9497.26,MW,BE,BE,forecast_load,Forecasted Load,2026-08-23T15:57:47Z
2026-08-23T15:57:37Z,2026-08-23T17:57:37+0200,4e74b68d-c003-4d56-be5d-5f0c265edc96,2026-08-12T07:00:00Z,2026-08-12T09:00:00+0200,9497.95,MW,BE,BE,forecast_load,Forecasted Load,2026-08-23T15:57:47Z
2026-08-23T15:57:37Z,2026-08-23T17:57:37+0200,4e74b68d-c003-4d56-be5d-5f0c265edc96,2026-08-12T07:15:00Z,2026-08-12T09:15:00+0200,9609.87,MW,BE,BE,forecast_load,Forecasted Load,2026-08-23T15:57:47Z
2026-08-23T15:57:37Z,2026-08-23T17:57:37+0200,4e74b68d-c003-4d56-be5d-5f0c265edc96,2026-08-12T07:30:00Z,2026-08-12T09:30:00+0200,9744.96,MW,BE,BE,forecast_load,Forecasted Load,2026-08-23T15:57:47Z
2026-08-23T15:57:37Z,2026-08-23T17:57:37+0200,4e74b68d-c003-4d56-be5d-5f0c265edc96,2026-08-12T07:45:00Z,2026-08-12T09:45:00+0200,9831.32,MW,BE,BE,forecast_load,Forecasted Load,2026-08-23T15:57:47Z
2026-08-23T15:57:37Z,2026-08-23T17:57:37+0200,4e74b68d-c003-4d56-be5d-5f0c265edc96,2026-08-12T08:00:00Z,2026-08-12T10:00:00+0200,9830.89,MW,BE,BE,forecast_load,Forecasted Load,2026-08-23T15:57:47Z
2026-08-23T15:57:37Z,2026-08-23T17:57:37+0200,4e74b68d-c003-4d56-be5d-5f0c265edc96,2026-08-12T08:15:00Z,2026-08-12T10:15:00+0200,9910.89,MW,BE,BE,forecast_load,Forecasted Load,2026-08-23T15:57:47Z
2026-08-23T15:57:37Z,2026-08-23T17:57:37+0200,4e74b68d-c003-4d56-be5d-5f0c265edc96,2026-08-12T08:30:00Z,2026-08-12T10:30:00+0200,9965.19,MW,BE,BE,forecast_load,Forecasted Load,2026-08-23T15:57:47Z
2026-08-23T15:57:37Z,2026-08-23T17:57:37+0200,4e74b68d-c003-4d56-be5d-5f0c265edc96,2026-08-12T08:45:00Z,2026-08-12T10:45:00+0200,10106.1,MW,BE,BE,forecast_load,Forecasted Load,2026-08-23T15:57:47Z
2026-08-23T15:57:37Z,2026-08-23T17:57:37+0200,4e74b68d-c003-4d56-be5d-5f0c265edc96,2026-08-12T09:00:00Z,2026-08-12T11:00:00+0200,9932.17,MW,BE,BE,forecast_load,Forecasted Load,2026-08-23T15:57:47Z
2026-08-23T15:57:37Z,2026-08-23T17:57:37+0200,4e74b68d-c003-4d56-be5d-5f0c265edc96,2026-08-12T09:15:00Z,2026-08-12T11:15:00+0200,9982.02,MW,BE,BE,forecast_load,Forecasted Load,2026-08-23T15:57:47Z
2026-08-23T15:57:37Z,2026-08-23T17:57:37+0200,4e74b68d-c003-4d56-be5d-5f0c265edc96,2026-08-12T09:30:00Z,2026-08-12T11:30:00+0200,10058.32,MW,BE,BE,forecast_load,Forecasted Load,2026-08-23T15:57:47Z
2026-08-23T15:57:37Z,2026-08-23T17:57:37+0200,4e74b68d-c003-4d56-be5d-5f0c265edc96,2026-08-12T09:45:00Z,2026-08-12T11:45:00+0200,10098.81,MW,BE,BE,forecast_load,Forecasted Load,2026-08-23T15:57:47Z
2026-08-23T15:57:37Z,2026-08-23T17:57:37+0200,4e74b68d-c003-4d56-be5d-5f0c265edc96,2026-08-12T10:00:00Z,2026-08-12T12:00:00+0200,9987.44,MW,BE,BE,forecast_load,Forecasted Load,2026-08-23T15:57:47Z
2026-08-23T15:57:37Z,2026-08-23T17:57:37+0200,4e74b68d-c003-4d56-be5d-5f0c265edc96,2026-08-12T10:15:00Z,2026-08-12T12:15:00+0200,9971.47,MW,BE,BE,forecast_load,Forecasted Load,2026-08-23T15:57:47Z
2026-08-23T15:57:37Z,2026-08-23T17:57:37+0200,4e74b68d-c003-4d56-be5d-5f0c265edc96,2026-08-12T10:30:00Z,2026-08-12T12:30:00+0200,9991.68,MW,BE,BE,forecast_load,Forecasted Load,2026-08-23T15:57:47Z
2026-08-23T15:57:37Z,2026-08-23T17:57:37+0200,4e74b68d-c003-4d56-be5d-5f0c265edc96,2026-08-12T10:45:00Z,2026-08-12T12:45:00+0200,10058.89,MW,BE,BE,forecast_load,Forecasted Load,2026-08-23T15:57:47Z
2026-08-23T15:57:37Z,2026-08-23T17:57:37+0200,4e74b68d-c003-4d56-be5d-5f0c265edc96,2026-08-12T11:00:00Z,2026-08-12T13:00:00+0200,10145.17,MW,BE,BE,forecast_load,Forecasted Load,2026-08-23T15:57:47Z
2026-08-23T15:57:37Z,2026-08-23T17:57:37+0200,4e74b68d-c003-4d56-be5d-5f0c265edc96,2026-08-12T11:15:00Z,2026-08-12T13:15:00+0200,10119.22,MW,BE,BE,forecast_load,Forecasted Load,2026-08-23T15:57:47Z
2026-08-23T15:57:37Z,2026-08-23T17:57:37+0200,4e74b68d-c003-4d56-be5d-5f0c265edc96,2026-08-12T11:30:00Z,2026-08-12T13:30:00+0200,10073.85,MW,BE,BE,forecast_load,Forecasted Load,2026-08-23T15:57:47Z
2026-08-23T15:57:37Z,2026-08-23T17:57:37+0200,4e74b68d-c003-4d56-be5d-5f0c265edc96,2026-08-12T11:45:00Z,2026-08-12T13:45:00+0200,10010.32,MW,BE,BE,forecast_load,Forecasted Load,2026-08-23T15:57:47Z
2026-08-23T15:57:37Z,2026-08-23T17:57:37+0200,4e74b68d-c003-4d56-be5d-5f0c265edc96,2026-08-12T12:00:00Z,2026-08-12T14:00:00+0200,9968.72,MW,BE,BE,forecast_load,Forecasted Load,2026-08-23T15:57:47Z
2026-08-23T15:57:37Z,2026-08-23T17:57:37+0200,4e74b68d-c003-4d56-be5d-5f0c265edc96,2026-08-12T12:15:00Z,2026-08-12T14:15:00+0200,9909.34,MW,BE,BE,forecast_load,Forecasted Load,2026-08-23T15:57:47Z
2026-08-23T15:57:37Z,2026-08-23T17:57:37+0200,4e74b68d-c003-4d56-be5d-5f0c265edc96,2026-08-12T12:30:00Z,2026-08-12T14:30:00+0200,9876.14,MW,BE,BE,forecast_load,Forecasted Load,2026-08-23T15:57:47Z
2026-08-23T15:57:37Z,2026-08-23T17:57:37+0200,4e74b68d-c003-4d56-be5d-5f0c265edc96,2026-08-12T12:45:00Z,2026-08-12T14:45:00+0200,9826.03,MW,BE,BE,forecast_load,Forecasted Load,2026-08-23T15:57:47Z
2026-08-23T15:57:37Z,2026-08-23T17:57:37+0200,4e74b68d-c003-4d56-be5d-5f0c265edc96,2026-08-12T13:00:00Z,2026-08-12T15:00:00+0200,9751.88,MW,BE,BE,forecast_load,Forecasted Load,2026-08-23T15:57:47Z
2026-08-23T15:57:37Z,2026-08-23T17:57:37+0200,4e74b68d-c003-4d56-be5d-5f0c265edc96,2026-08-12T13:15:00Z,2026-08-12T15:15:00+0200,9718.21,MW,BE,BE,forecast_load,Forecasted Load,2026-08-23T15:57:47Z
2026-08-23T15:57:37Z,2026-08-23T17:57:37+0200,4e74b68d-c003-4d56-be5d-5f0c265edc96,2026-08-12T13:30:00Z,2026-08-12T15:30:00+0200,9688.15,MW,BE,BE,forecast_load,Forecasted Load,2026-08-23T15:57:47Z
2026-08-23T15:57:37Z,2026-08-23T17:57:37+0200,4e74b68d-c003-4d56-be5d-5f0c265edc96,2026-08-12T13:45:00Z,2026-08-12T15:45:00+0200,9613.06,MW,BE,BE,forecast_load,Forecasted Load,2026-08-23T15:57:47Z
2026-08-23T15:57:37Z,2026-08-23T17:57:37+0200,4e74b68d-c003-4d56-be5d-5f0c265edc96,2026-08-12T14:00:00Z,2026-08-12T16:00:00+0200,9690.98,MW,BE,BE,forecast_load,Forecasted Load,2026-08-23T15:57:47Z
2026-08-23T15:57:37Z,2026-08-23T17:57:37+0200,4e74b68d-c003-4d56-be5d-5f0c265edc96,2026-08-12T14:15:00Z,2026-08-12T16:15:00+0200,9592.13,MW,BE,BE,forecast_load,Forecasted Load,2026-08-23T15:57:47Z
2026-08-23T15:57:37Z,2026-08-23T17:57:37+0200,4e74b68d-c003-4d56-be5d-5f0c265edc96,2026-08-12T14:30:00Z,2026-08-12T16:30:00+0200,9595.11,MW,BE,BE,forecast_load,Forecasted Load,2026-08-23T15:57:47Z
2026-08-23T15:57:37Z,2026-08-23T17:57:37+0200,4e74b68d-c003-4d56-be5d-5f0c265edc96,2026-08-12T14:45:00Z,2026-08-12T16:45:00+0200,9512.44,MW,BE,BE,forecast_load,Forecasted Load,2026-08-23T15:57:47Z
2026-08-23T15:57:37Z,2026-08-23T17:57:37+0200,4e74b68d-c003-4d56-be5d-5f0c265edc96,2026-08-12T15:00:00Z,2026-08-12T17:00:00+0200,9743.57,MW,BE,BE,forecast_load,Forecasted Load,2026-08-23T15:57:47Z
2026-08-23T15:57:37Z,2026-08-23T17:57:37+0200,4e74b68d-c003-4d56-be5d-5f0c265edc96,2026-08-12T15:15:00Z,2026-08-12T17:15:00+0200,9636.62,MW,BE,BE,forecast_load,Forecasted Load,2026-08-23T15:57:47Z
2026-08-23T15:57:37Z,2026-08-23T17:57:37+0200,4e74b68d-c003-4d56-be5d-5f0c265edc96,2026-08-12T15:30:00Z,2026-08-12T17:30:00+0200,9635.94,MW,BE,BE,forecast_load,Forecasted Load,2026-08-23T15:57:47Z
2026-08-23T15:57:37Z,2026-08-23T17:57:37+0200,4e74b68d-c003-4d56-be5d-5f0c265edc96,2026-08-12T15:45:00Z,2026-08-12T17:45:00+0200,9586.65,MW,BE,BE,forecast_load,Forecasted Load,2026-08-23T15:57:47Z
2026-08-23T15:57:37Z,2026-08-23T17:57:37+0200,4e74b68d-c003-4d56-be5d-5f0c265edc96,2026-08-12T16:00:00Z,2026-08-12T18:00:00+0200,9630.54,MW,BE,BE,forecast_load,Forecasted Load,2026-08-23T15:57:47Z
2026-08-23T15:57:37Z,2026-08-23T17:57:37+0200,4e74b68d-c003-4d56-be5d-5f0c265edc96,2026-08-12T16:15:00Z,2026-08-12T18:15:00+0200,9584.98,MW,BE,BE,forecast_load,Forecasted Load,2026-08-23T15:57:47Z
2026-08-23T15:57:37Z,2026-08-23T17:57:37+0200,4e74b68d-c003-4d56-be5d-5f0c265edc96,2026-08-12T16:30:00Z,2026-08-12T18:30:00+0200,9601.84,MW,BE,BE,forecast_load,Forecasted Load,2026-08-23T15:57:47Z
2026-08-23T15:57:37Z,2026-08-23T17:57:37+0200,4e74b68d-c003-4d56-be5d-5f0c265edc96,2026-08-12T16:45:00Z,2026-08-12T18:45:00+0200,9555.82,MW,BE,BE,forecast_load,Forecasted Load,2026-08-23T15:57:47Z
2026-08-23T15:57:37Z,2026-08-23T17:57:37+0200,4e74b68d-c003-4d56-be5d-5f0c265edc96,2026-08-12T17:00:00Z,2026-08-12T19:00:00+0200,9502.05,MW,BE,BE,forecast_load,Forecasted Load,2026-08-23T15:57:47Z
2026-08-23T15:57:37Z,2026-08-23T17:57:37+0200,4e74b68d-c003-4d56-be5d-5f0c265edc96,2026-08-12T17:15:00Z,2026-08-12T19:15:00+0200,9391.96,MW,BE,BE,forecast_load,Forecasted Load,2026-08-23T15:57:47Z
2026-08-23T15:57:37Z,2026-08-23T17:57:37+0200,4e74b68d-c003-4d56-be5d-5f0c265edc96,2026-08-12T17:30:00Z,2026-08-12T19:30:00+0200,9365.46,MW,BE,BE,forecast_load,Forecasted Load,2026-08-23T15:57:47Z
2026-08-23T15:57:37Z,2026-08-23T17:57:37+0200,4e74b68d-c003-4d56-be5d-5f0c265edc96,2026-08-12T17:45:00Z,2026-08-12T19:45:00+0200,9304.7,MW,BE,BE,forecast_load,Forecasted Load,2026-08-23T15:57:47Z
2026-08-23T15:57:37Z,2026-08-23T17:57:37+0200,4e74b68d-c003-4d56-be5d-5f0c265edc96,2026-08-12T18:00:00Z,2026-08-12T20:00:00+0200,9372.21,MW,BE,BE,forecast_load,Forecasted Load,2026-08-23T15:57:47Z
2026-08-23T15:57:37Z,2026-08-23T17:57:37+0200,4e74b68d-c003-4d56-be5d-5f0c265edc96,2026-08-12T18:15:00Z,2026-08-12T20:15:00+0200,9251.5,MW,BE,BE,forecast_load,Forecasted Load,2026-08-23T15:57:47Z
2026-08-23T15:57:37Z,2026-08-23T17:57:37+0200,4e74b68d-c003-4d56-be5d-5f0c265edc96,2026-08-12T18:30:00Z,2026-08-12T20:30:00+0200,9116.38,MW,BE,BE,forecast_load,Forecasted Load,2026-08-23T15:57:47Z
2026-08-23T15:57:37Z,2026-08-23T17:57:37+0200,4e74b68d-c003-4d56-be5d-5f0c265edc96,2026-08-12T18:45:00Z,2026-08-12T20:45:00+0200,9044.12,MW,BE,BE,forecast_load,Forecasted Load,2026-08-23T15:57:47Z
2026-08-23T15:57:37Z,2026-08-23T17:57:37+0200,4e74b68d-c003-4d56-be5d-5f0c265edc96,2026-08-12T19:00:00Z,2026-08-12T21:00:00+0200,9074.48,MW,BE,BE,forecast_load,Forecasted Load,2026-08-23T15:57:47Z
2026-08-23T15:57:37Z,2026-08-23T17:57:37+0200,4e74b68d-c003-4d56-be5d-5f0c265edc96,2026-08-12T19:15:00Z,2026-08-12T21:15:00+0200,9015.76,MW,BE,BE,forecast_load,Forecasted Load,2026-08-23T15:57:47Z
2026-08-23T15:57:37Z,2026-08-23T17:57:37+0200,4e74b68d-c003-4d56-be5d-5f0c265edc96,2026-08-12T19:30:00Z,2026-08-12T21:30:00+0200,9039.83,MW,BE,BE,forecast_load,Forecasted Load,2026-08-23T15:57:47Z
2026-08-23T15:57:37Z,2026-08-23T17:57:37+0200,4e74b68d-c003-4d56-be5d-5f0c265edc96,2026-08-12T19:45:00Z,2026-08-12T21:45:00+0200,9081.04,MW,BE,BE,forecast_load,Forecasted Load,2026-08-23T15:57:47Z
2026-08-23T15:57:37Z,2026-08-23T17:57:37+0200,4e74b68d-c003-4d56-be5d-5f0c265edc96,2026-08-12T20:00:00Z,2026-08-12T22:00:00+0200,8997.79,MW,BE,BE,forecast_load,Forecasted Load,2026-08-23T15:57:47Z
2026-08-23T15:57:37Z,2026-08-23T17:57:37+0200,4e74b68d-c003-4d56-be5d-5f0c265edc96,2026-08-12T20:15:00Z,2026-08-12T22:15:00+0200,8995.08,MW,BE,BE,forecast_load,Forecasted Load,2026-08-23T15:57:47Z
2026-08-23T15:57:37Z,2026-08-23T17:57:37+0200,4e74b68d-c003-4d56-be5d-5f0c265edc96,2026-08-12T20:30:00Z,2026-08-12T22:30:00+0200,8955.9,MW,BE,BE,forecast_load,Forecasted Load,2026-08-23T15:57:47Z
2026-08-23T15:57:37Z,2026-08-23T17:57:37+0200,4e74b68d-c003-4d56-be5d-5f0c265edc96,2026-08-12T20:45:00Z,2026-08-12T22:45:00+0200,8892.93,MW,BE,BE,forecast_load,Forecasted Load,2026-08-23T15:57:47Z
2026-08-23T15:57:37Z,2026-08-23T17:57:37+0200,4e74b68d-c003-4d56-be5d-5f0c265edc96,2026-08-12T21:00:00Z,2026-08-12T23:00:00+0200,8621.21,MW,BE,BE,forecast_load,Forecasted Load,2026-08-23T15:57:47Z
2026-08-23T15:57:37Z,2026-08-23T17:57:37+0200,4e74b68d-c003-4d56-be5d-5f0c265edc96,2026-08-12T21:15:00Z,2026-08-12T23:15:00+0200,8495.45,MW,BE,BE,forecast_load,Forecasted Load,2026-08-23T15:57:47Z
2026-08-23T15:57:37Z,2026-08-23T17:57:37+0200,4e74b68d-c003-4d56-be5d-5f0c265edc96,2026-08-12T21:30:00Z,2026-08-12T23:30:00+0200,8364.07,MW,BE,BE,forecast_load,Forecasted Load,2026-08-23T15:57:47Z
2026-08-23T15:57:37Z,2026-08-23T17:57:37+0200,4e74b68d-c003-4d56-be5d-5f0c265edc96,2026-08-12T21:45:00Z,2026-08-12T23:45:00+0200,8285.09,MW,BE,BE,forecast_load,Forecasted Load,2026-08-23T15:57:47Z
2026-08-23T15:57:37Z,2026-08-23T17:57:37+0200,4e74b68d-c003-4d56-be5d-5f0c265edc96,2026-08-12T22:00:00Z,2026-08-13T00:00:00+0200,8110.85,MW,BE,BE,forecast_load,Forecasted Load,2026-08-23T15:57:47Z
2026-08-23T15:57:37Z,2026-08-23T17:57:37+0200,4e74b68d-c003-4d56-be5d-5f0c265edc96,2026-08-12T22:15:00Z,2026-08-13T00:15:00+0200,7998.64,MW,BE,BE,forecast_load,Forecasted Load,2026-08-23T15:57:47Z
2026-08-23T15:57:37Z,2026-08-23T17:57:37+0200,4e74b68d-c003-4d56-be5d-5f0c265edc96,2026-08-12T22:30:00Z,2026-08-13T00:30:00+0200,7908.8,MW,BE,BE,forecast_load,Forecasted Load,2026-08-23T15:57:47Z
2026-08-23T15:57:37Z,2026-08-23T17:57:37+0200,4e74b68d-c003-4d56-be5d-5f0c265edc96,2026-08-12T22:45:00Z,2026-08-13T00:45:00+0200,7849.75,MW,BE,BE,forecast_load,Forecasted Load,2026-08-23T15:57:47Z
2026-08-23T15:57:37Z,2026-08-23T17:57:37+0200,4e74b68d-c003-4d56-be5d-5f0c265edc96,2026-08-12T23:00:00Z,2026-08-13T01:00:00+0200,7728.95,MW,BE,BE,forecast_load,Forecasted Load,2026-08-23T15:57:47Z
2026-08-23T15:57:37Z,2026-08-23T17:57:37+0200,4e74b68d-c003-4d56-be5d-5f0c265edc96,2026-08-12T23:15:00Z,2026-08-13T01:15:00+0200,7656.13,MW,BE,BE,forecast_load,Forecasted Load,2026-08-23T15:57:47Z
2026-08-23T15:57:37Z,2026-08-23T17:57:37+0200,4e74b68d-c003-4d56-be5d-5f0c265edc96,2026-08-12T23:30:00Z,2026-08-13T01:30:00+0200,7580.0,MW,BE,BE,forecast_load,Forecasted Load,2026-08-23T15:57:47Z
2026-08-23T15:57:37Z,2026-08-23T17:57:37+0200,4e74b68d-c003-4d56-be5d-5f0c265edc96,2026-08-12T23:45:00Z,2026-08-13T01:45:00+0200,7504.64,MW,BE,BE,forecast_load,Forecasted Load,2026-08-23T15:57:47Z
2026-08-23T15:57:37Z,2026-08-23T17:57:37+0200,4e74b68d-c003-4d56-be5d-5f0c265edc96,2026-08-13T00:00:00Z,2026-08-13T02:00:00+0200,7502.41,MW,BE,BE,forecast_load,Forecasted Load,2026-08-23T15:57:47Z
2026-08-23T15:57:37Z,2026-08-23T17:57:37+0200,4e74b68d-c003-4d56-be5d-5f0c265edc96,2026-08-13T00:15:00Z,2026-08-13T02:15:00+0200,7462.45,MW,BE,BE,forecast_load,Forecasted Load,2026-08-23T15:57:47Z
2026-08-23T15:57:37Z,2026-08-23T17:57:37+0200,4e74b68d-c003-4d56-be5d-5f0c265edc96,2026-08-13T00:30:00Z,2026-08-13T02:30:00+0200,7449.23,MW,BE,BE,forecast_load,Forecasted Load,2026-08-23T15:57:47Z
2026-08-23T15:57:37Z,2026-08-23T17:57:37+0200,4e74b68d-c003-4d56-be5d-5f0c265edc96,2026-08-13T00:45:00Z,2026-08-13T02:45:00+0200,7429.6,MW,BE,BE,forecast_load,Forecasted Load,2026-08-23T15:57:47Z
2026-08-23T15:57:37Z,2026-08-23T17:57:37+0200,4e74b68d-c003-4d56-be5d-5f0c265edc96,2026-08-13T01:00:00Z,2026-08-13T03:00:00+0200,7449.75,MW,BE,BE,forecast_load,Forecasted Load,2026-08-23T15:57:47Z
2026-08-23T15:57:37Z,2026-08-23T17:57:37+0200,4e74b68d-c003-4d56-be5d-5f0c265edc96,2026-08-13T01:15:00Z,2026-08-13T03:15:00+0200,7429.47,MW,BE,BE,forecast_load,Forecasted Load,2026-08-23T15:57:47Z
2026-08-23T15:57:37Z,2026-08-23T17:57:37+0200,4e74b68d-c003-4d56-be5d-5f0c265edc96,2026-08-13T01:30:00Z,2026-08-13T03:30:00+0200,7428.25,MW,BE,BE,forecast_load,Forecasted Load,2026-08-23T15:57:47Z
2026-08-23T15:57:37Z,2026-08-23T17:57:37+0200,4e74b68d-c003-4d56-be5d-5f0c265edc96,2026-08-13T01:45:00Z,2026-08-13T03:45:00+0200,7405.16,MW,BE,BE,forecast_load,Forecasted Load,2026-08-23T15:57:47Z
2026-08-23T15:57:37Z,2026-08-23T17:57:37+0200,4e74b68d-c003-4d56-be5d-5f0c265edc96,2026-08-13T02:00:00Z,2026-08-13T04:00:00+0200,7408.87,MW,BE,BE,forecast_load,Forecasted Load,2026-08-23T15:57:47Z
2026-08-23T15:57:37Z,2026-08-23T17:57:37+0200,4e74b68d-c003-4d56-be5d-5f0c265edc96,2026-08-13T02:15:00Z,2026-08-13T04:15:00+0200,7420.8,MW,BE,BE,forecast_load,Forecasted Load,2026-08-23T15:57:47Z
2026-08-23T15:57:37Z,2026-08-23T17:57:37+0200,4e74b68d-c003-4d56-be5d-5f0c265edc96,2026-08-13T02:30:00Z,2026-08-13T04:30:00+0200,7444.82,MW,BE,BE,forecast_load,Forecasted Load,2026-08-23T15:57:47Z
2026-08-23T15:57:37Z,2026-08-23T17:57:37+0200,4e74b68d-c003-4d56-be5d-5f0c265edc96,2026-08-13T02:45:00Z,2026-08-13T04:45:00+0200,7452.33,MW,BE,BE,forecast_load,Forecasted Load,2026-08-23T15:57:47Z
2026-08-23T15:57:37Z,2026-08-23T17:57:37+0200,4e74b68d-c003-4d56-be5d-5f0c265edc96,2026-08-13T03:00:00Z,2026-08-13T05:00:00+0200,7606.4,MW,BE,BE,forecast_load,Forecasted Load,2026-08-23T15:57:47Z
2026-08-23T15:57:37Z,2026-08-23T17:57:37+0200,4e74b68d-c003-4d56-be5d-5f0c265edc96,2026-08-13T03:15:00Z,2026-08-13T05:15:00+0200,7630.77,MW,BE,BE,forecast_load,Forecasted Load,2026-08-23T15:57:47Z
2026-08-23T15:57:37Z,2026-08-23T17:57:37+0200,4e74b68d-c003-4d56-be5d-5f0c265edc96,2026-08-13T03:30:00Z,2026-08-13T05:30:00+0200,7686.67,MW,BE,BE,forecast_load,Forecasted Load,2026-08-23T15:57:47Z
2026-08-23T15:57:37Z,2026-08-23T17:57:37+0200,4e74b68d-c003-4d56-be5d-5f0c265edc96,2026-08-13T03:45:00Z,2026-08-13T05:45:00+0200,7746.95,MW,BE,BE,forecast_load,Forecasted Load,2026-08-23T15:57:47Z
2026-08-23T15:57:37Z,2026-08-23T17:57:37+0200,4e74b68d-c003-4d56-be5d-5f0c265edc96,2026-08-13T04:00:00Z,2026-08-13T06:00:00+0200,8067.51,MW,BE,BE,forecast_load,Forecasted Load,2026-08-23T15:57:47Z
2026-08-23T15:57:37Z,2026-08-23T17:57:37+0200,4e74b68d-c003-4d56-be5d-5f0c265edc96,2026-08-13T04:15:00Z,2026-08-13T06:15:00+0200,8184.7,MW,BE,BE,forecast_load,Forecasted Load,2026-08-23T15:57:47Z
2026-08-23T15:57:37Z,2026-08-23T17:57:37+0200,4e74b68d-c003-4d56-be5d-5f0c265edc96,2026-08-13T04:30:00Z,2026-08-13T06:30:00+0200,8330.86,MW,BE,BE,forecast_load,Forecasted Load,2026-08-23T15:57:47Z
2026-08-23T15:57:37Z,2026-08-23T17:57:37+0200,4e74b68d-c003-4d56-be5d-5f0c265edc96,2026-08-13T04:45:00Z,2026-08-13T06:45:00+0200,8472.33,MW,BE,BE,forecast_load,Forecasted Load,2026-08-23T15:57:47Z
2026-08-23T15:57:37Z,2026-08-23T17:57:37+0200,4e74b68d-c003-4d56-be5d-5f0c265edc96,2026-08-13T05:00:00Z,2026-08-13T07:00:00+0200,8671.27,MW,BE,BE,forecast_load,Forecasted Load,2026-08-23T15:57:47Z
2026-08-23T15:57:37Z,2026-08-23T17:57:37+0200,4e74b68d-c003-4d56-be5d-5f0c265edc96,2026-08-13T05:15:00Z,2026-08-13T07:15:00+0200,8859.15,MW,BE,BE,forecast_load,Forecasted Load,2026-08-23T15:57:47Z
2026-08-23T15:57:37Z,2026-08-23T17:57:37+0200,4e74b68d-c003-4d56-be5d-5f0c265edc96,2026-08-13T05:30:00Z,2026-08-13T07:30:00+0200,9045.36,MW,BE,BE,forecast_load,Forecasted Load,2026-08-23T15:57:47Z
2026-08-23T15:57:37Z,2026-08-23T17:57:37+0200,4e74b68d-c003-4d56-be5d-5f0c265edc96,2026-08-13T05:45:00Z,2026-08-13T07:45:00+0200,9222.08,MW,BE,BE,forecast_load,Forecasted Load,2026-08-23T15:57:47Z
2026-08-23T15:57:37Z,2026-08-23T17:57:37+0200,4e74b68d-c003-4d56-be5d-5f0c265edc96,2026-08-13T06:00:00Z,2026-08-13T08:00:00+0200,9306.48,MW,BE,BE,forecast_load,Forecasted Load,2026-08-23T15:57:47Z
2026-08-23T15:57:37Z,2026-08-23T17:57:37+0200,4e74b68d-c003-4d56-be5d-5f0c265edc96,2026-08-13T06:15:00Z,2026-08-13T08:15:00+0200,9460.36,MW,BE,BE,forecast_load,Forecasted Load,2026-08-23T15:57:47Z
2026-08-23T15:57:37Z,2026-08-23T17:57:37+0200,4e74b68d-c003-4d56-be5d-5f0c265edc96,2026-08-13T06:30:00Z,2026-08-13T08:30:00+0200,9671.49,MW,BE,BE,forecast_load,Forecasted Load,2026-08-23T15:57:47Z
2026-08-23T15:57:37Z,2026-08-23T17:57:37+0200,4e74b68d-c003-4d56-be5d-5f0c265edc96,2026-08-13T06:45:00Z,2026-08-13T08:45:00+0200,9845.09,MW,BE,BE,forecast_load,Forecasted Load,2026-08-23T15:57:47Z
2026-08-23T15:57:37Z,2026-08-23T17:57:37+0200,4e74b68d-c003-4d56-be5d-5f0c265edc96,2026-08-13T07:00:00Z,2026-08-13T09:00:00+0200,9907.51,MW,BE,BE,forecast_load,Forecasted Load,2026-08-23T15:57:47Z
2026-08-23T15:57:37Z,2026-08-23T17:57:37+0200,4e74b68d-c003-4d56-be5d-5f0c265edc96,2026-08-13T07:15:00Z,2026-08-13T09:15:00+0200,10023.64,MW,BE,BE,forecast_load,Forecasted Load,2026-08-23T15:57:47Z
2026-08-23T15:57:37Z,2026-08-23T17:57:37+0200,4e74b68d-c003-4d56-be5d-5f0c265edc96,2026-08-13T07:30:00Z,2026-08-13T09:30:00+0200,10168.2,MW,BE,BE,forecast_load,Forecasted Load,2026-08-23T15:57:47Z
2026-08-23T15:57:37Z,2026-08-23T17:57:37+0200,4e74b68d-c003-4d56-be5d-5f0c265edc96,2026-08-13T07:45:00Z,2026-08-13T09:45:00+0200,10244.57,MW,BE,BE,forecast_load,Forecasted Load,2026-08-23T15:57:47Z
2026-08-23T15:57:37Z,2026-08-23T17:57:37+0200,4e74b68d-c003-4d56-be5d-5f0c265edc96,2026-08-13T08:00:00Z,2026-08-13T10:00:00+0200,10300.42,MW,BE,BE,forecast_load,Forecasted Load,2026-08-23T15:57:47Z
2026-08-23T15:57:37Z,2026-08-23T17:57:37+0200,4e74b68d-c003-4d56-be5d-5f0c265edc96,2026-08-13T08:15:00Z,2026-08-13T10:15:00+0200,10373.97,MW,BE,BE,forecast_load,Forecasted Load,2026-08-23T15:57:47Z
2026-08-23T15:57:37Z,2026-08-23T17:57:37+0200,4e74b68d-c003-4d56-be5d-5f0c265edc96,2026-08-13T08:30:00Z,2026-08-13T10:30:00+0200,10439.24,MW,BE,BE,forecast_load,Forecasted Load,2026-08-23T15:57:47Z
2026-08-23T15:57:37Z,2026-08-23T17:57:37+0200,4e74b68d-c003-4d56-be5d-5f0c265edc96,2026-08-13T08:45:00Z,2026-08-13T10:45:00+0200,10579.64,MW,BE,BE,forecast_load,Forecasted Load,2026-08-23T15:57:47Z
2026-08-23T15:57:37Z,2026-08-23T17:57:37+0200,4e74b68d-c003-4d56-be5d-5f0c265edc96,2026-08-13T09:00:00Z,2026-08-13T11:00:00+0200,10501.75,MW,BE,BE,forecast_load,Forecasted Load,2026-08-23T15:57:47Z
2026-08-23T15:57:37Z,2026-08-23T17:57:37+0200,4e74b68d-c003-4d56-be5d-5f0c265edc96,2026-08-13T09:15:00Z,2026-08-13T11:15:00+0200,10593.36,MW,BE,BE,forecast_load,Forecasted Load,2026-08-23T15:57:47Z
2026-08-23T15:57:37Z,2026-08-23T17:57:37+0200,4e74b68d-c003-4d56-be5d-5f0c265edc96,2026-08-13T09:30:00Z,2026-08-13T11:30:00+0200,10685.35,MW,BE,BE,forecast_load,Forecasted Load,2026-08-23T15:57:47Z
2026-08-23T15:57:37Z,2026-08-23T17:57:37+0200,4e74b68d-c003-4d56-be5d-5f0c265edc96,2026-08-13T09:45:00Z,2026-08-13T11:45:00+0200,10739.92,MW,BE,BE,forecast_load,Forecasted Load,2026-08-23T15:57:47Z
2026-08-23T15:57:37Z,2026-08-23T17:57:37+0200,4e74b68d-c003-4d56-be5d-5f0c265edc96,2026-08-13T10:00:00Z,2026-08-13T12:00:00+0200,10596.87,MW,BE,BE,forecast_load,Forecasted Load,2026-08-23T15:57:47Z
2026-08-23T15:57:37Z,2026-08-23T17:57:37+0200,4e74b68d-c003-4d56-be5d-5f0c265edc96,2026-08-13T10:15:00Z,2026-08-13T12:15:00+0200,10588.78,MW,BE,BE,forecast_load,Forecasted Load,2026-08-23T15:57:47Z
2026-08-23T15:57:37Z,2026-08-23T17:57:37+0200,4e74b68d-c003-4d56-be5d-5f0c265edc96,2026-08-13T10:30:00Z,2026-08-13T12:30:00+0200,10601.88,MW,BE,BE,forecast_load,Forecasted Load,2026-08-23T15:57:47Z
2026-08-23T15:57:37Z,2026-08-23T17:57:37+0200,4e74b68d-c003-4d56-be5d-5f0c265edc96,2026-08-13T10:45:00Z,2026-08-13T12:45:00+0200,10663.4,MW,BE,BE,forecast_load,Forecasted Load,2026-08-23T15:57:47Z
2026-08-23T15:57:37Z,2026-08-23T17:57:37+0200,4e74b68d-c003-4d56-be5d-5f0c265edc96,2026-08-13T11:00:00Z,2026-08-13T13:00:00+0200,10582.67,MW,BE,BE,forecast_load,Forecasted Load,2026-08-23T15:57:47Z
2026-08-23T15:57:37Z,2026-08-23T17:57:37+0200,4e74b68d-c003-4d56-be5d-5f0c265edc96,2026-08-13T11:15:00Z,2026-08-13T13:15:00+0200,10565.02,MW,BE,BE,forecast_load,Forecasted Load,2026-08-23T15:57:47Z
2026-08-23T15:57:37Z,2026-08-23T17:57:37+0200,4e74b68d-c003-4d56-be5d-5f0c265edc96,2026-08-13T11:30:00Z,2026-08-13T13:30:00+0200,10525.71,MW,BE,BE,forecast_load,Forecasted Load,2026-08-23T15:57:47Z
2026-08-23T15:57:37Z,2026-08-23T17:57:37+0200,4e74b68d-c003-4d56-be5d-5f0c265edc96,2026-08-13T11:45:00Z,2026-08-13T13:45:00+0200,10457.99,MW,BE,BE,forecast_load,Forecasted Load,2026-08-23T15:57:47Z
2026-08-23T15:57:37Z,2026-08-23T17:57:37+0200,4e74b68d-c003-4d56-be5d-5f0c265edc96,2026-08-13T12:00:00Z,2026-08-13T14:00:00+0200,10260.4,MW,BE,BE,forecast_load,Forecasted Load,2026-08-23T15:57:47Z
2026-08-23T15:57:37Z,2026-08-23T17:57:37+0200,4e74b68d-c003-4d56-be5d-5f0c265edc96,2026-08-13T12:15:00Z,2026-08-13T14:15:00+0200,10197.27,MW,BE,BE,forecast_load,Forecasted Load,2026-08-23T15:57:47Z
2026-08-23T15:57:37Z,2026-08-23T17:57:37+0200,4e74b68d-c003-4d56-be5d-5f0c265edc96,2026-08-13T12:30:00Z,2026-08-13T14:30:00+0200,10153.09,MW,BE,BE,forecast_load,Forecasted Load,2026-08-23T15:57:47Z
2026-08-23T15:57:37Z,2026-08-23T17:57:37+0200,4e74b68d-c003-4d56-be5d-5f0c265edc96,2026-08-13T12:45:00Z,2026-08-13T14:45:00+0200,10105.25,MW,BE,BE,forecast_load,Forecasted Load,2026-08-23T15:57:47Z
2026-08-23T15:57:37Z,2026-08-23T17:57:37+0200,4e74b68d-c003-4d56-be5d-5f0c265edc96,2026-08-13T13:00:00Z,2026-08-13T15:00:00+0200,10082.96,MW,BE,BE,forecast_load,Forecasted Load,2026-08-23T15:57:47Z
2026-08-23T15:57:37Z,2026-08-23T17:57:37+0200,4e74b68d-c003-4d56-be5d-5f0c265edc96,2026-08-13T13:15:00Z,2026-08-13T15:15:00+0200,10047.66,MW,BE,BE,forecast_load,Forecasted Load,2026-08-23T15:57:47Z
2026-08-23T15:57:37Z,2026-08-23T17:57:37+0200,4e74b68d-c003-4d56-be5d-5f0c265edc96,2026-08-13T13:30:00Z,2026-08-13T15:30:00+0200,10000.35,MW,BE,BE,forecast_load,Forecasted Load,2026-08-23T15:57:47Z
2026-08-23T15:57:37Z,2026-08-23T17:57:37+0200,4e74b68d-c003-4d56-be5d-5f0c265edc96,2026-08-13T13:45:00Z,2026-08-13T15:45:00+0200,9918.94,MW,BE,BE,forecast_load,Forecasted Load,2026-08-23T15:57:47Z
2026-08-23T15:57:37Z,2026-08-23T17:57:37+0200,4e74b68d-c003-4d56-be5d-5f0c265edc96,2026-08-13T14:00:00Z,2026-08-13T16:00:00+0200,10039.25,MW,BE,BE,forecast_load,Forecasted Load,2026-08-23T15:57:47Z
2026-08-23T15:57:37Z,2026-08-23T17:57:37+0200,4e74b68d-c003-4d56-be5d-5f0c265edc96,2026-08-13T14:15:00Z,2026-08-13T16:15:00+0200,9931.33,MW,BE,BE,forecast_load,Forecasted Load,2026-08-23T15:57:47Z
2026-08-23T15:57:37Z,2026-08-23T17:57:37+0200,4e74b68d-c003-4d56-be5d-5f0c265edc96,2026-08-13T14:30:00Z,2026-08-13T16:30:00+0200,9899.76,MW,BE,BE,forecast_load,Forecasted Load,2026-08-23T15:57:47Z
2026-08-23T15:57:37Z,2026-08-23T17:57:37+0200,4e74b68d-c003-4d56-be5d-5f0c265edc96,2026-08-13T14:45:00Z,2026-08-13T16:45:00+0200,9816.85,MW,BE,BE,forecast_load,Forecasted Load,2026-08-23T15:57:47Z
2026-08-23T15:57:37Z,2026-08-23T17:57:37+0200,4e74b68d-c003-4d56-be5d-5f0c265edc96,2026-08-13T15:00:00Z,2026-08-13T17:00:00+0200,9958.32,MW,BE,BE,forecast_load,Forecasted Load,2026-08-23T15:57:47Z
2026-08-23T15:57:37Z,2026-08-23T17:57:37+0200,4e74b68d-c003-4d56-be5d-5f0c265edc96,2026-08-13T15:15:00Z,2026-08-13T17:15:00+0200,9851.54,MW,BE,BE,forecast_load,Forecasted Load,2026-08-23T15:57:47Z
2026-08-23T15:57:37Z,2026-08-23T17:57:37+0200,4e74b68d-c003-4d56-be5d-5f0c265edc96,2026-08-13T15:30:00Z,2026-08-13T17:30:00+0200,9853.2,MW,BE,BE,forecast_load,Forecasted Load,2026-08-23T15:57:47Z
2026-08-23T15:57:37Z,2026-08-23T17:57:37+0200,4e74b68d-c003-4d56-be5d-5f0c265edc96,2026-08-13T15:45:00Z,2026-08-13T17:45:00+0200,9788.11,MW,BE,BE,forecast_load,Forecasted Load,2026-08-23T15:57:47Z
2026-08-23T15:57:37Z,2026-08-23T17:57:37+0200,4e74b68d-c003-4d56-be5d-5f0c265edc96,2026-08-13T16:00:00Z,2026-08-13T18:00:00+0200,9877.89,MW,BE,BE,forecast_load,Forecasted Load,2026-08-23T15:57:47Z
2026-08-23T15:57:37Z,2026-08-23T17:57:37+0200,4e74b68d-c003-4d56-be5d-5f0c265edc96,2026-08-13T16:15:00Z,2026-08-13T18:15:00+0200,9833.64,MW,BE,BE,forecast_load,Forecasted Load,2026-08-23T15:57:47Z
2026-08-23T15:57:37Z,2026-08-23T17:57:37+0200,4e74b68d-c003-4d56-be5d-5f0c265edc96,2026-08-13T16:30:00Z,2026-08-13T18:30:00+0200,9852.15,MW,BE,BE,forecast_load,Forecasted Load,2026-08-23T15:57:47Z
2026-08-23T15:57:37Z,2026-08-23T17:57:37+0200,4e74b68d-c003-4d56-be5d-5f0c265edc96,2026-08-13T16:45:00Z,2026-08-13T18:45:00+0200,9829.25,MW,BE,BE,forecast_load,Forecasted Load,2026-08-23T15:57:47Z
2026-08-23T15:57:37Z,2026-08-23T17:57:37+0200,4e74b68d-c003-4d56-be5d-5f0c265edc96,2026-08-13T17:00:00Z,2026-08-13T19:00:00+0200,9897.78,MW,BE,BE,forecast_load,Forecasted Load,2026-08-23T15:57:47Z
2026-08-23T15:57:37Z,2026-08-23T17:57:37+0200,4e74b68d-c003-4d56-be5d-5f0c265edc96,2026-08-13T17:15:00Z,2026-08-13T19:15:00+0200,9776.8,MW,BE,BE,forecast_load,Forecasted Load,2026-08-23T15:57:47Z
2026-08-23T15:57:37Z,2026-08-23T17:57:37+0200,4e74b68d-c003-4d56-be5d-5f0c265edc96,2026-08-13T17:30:00Z,2026-08-13T19:30:00+0200,9732.67,MW,BE,BE,forecast_load,Forecasted Load,2026-08-23T15:57:47Z
2026-08-23T15:57:37Z,2026-08-23T17:57:37+0200,4e74b68d-c003-4d56-be5d-5f0c265edc96,2026-08-13T17:45:00Z,2026-08-13T19:45:00+0200,9665.32,MW,BE,BE,forecast_load,Forecasted Load,2026-08-23T15:57:47Z
2026-08-23T15:57:37Z,2026-08-23T17:57:37+0200,4e74b68d-c003-4d56-be5d-5f0c265edc96,2026-08-13T18:00:00Z,2026-08-13T20:00:00+0200,9710.11,MW,BE,BE,forecast_load,Forecasted Load,2026-08-23T15:57:47Z
2026-08-23T15:57:37Z,2026-08-23T17:57:37+0200,4e74b68d-c003-4d56-be5d-5f0c265edc96,2026-08-13T18:15:00Z,2026-08-13T20:15:00+0200,9574.16,MW,BE,BE,forecast_load,Forecasted Load,2026-08-23T15:57:47Z
2026-08-23T15:57:37Z,2026-08-23T17:57:37+0200,4e74b68d-c003-4d56-be5d-5f0c265edc96,2026-08-13T18:30:00Z,2026-08-13T20:30:00+0200,9453.41,MW,BE,BE,forecast_load,Forecasted Load,2026-08-23T15:57:47Z
2026-08-23T15:57:37Z,2026-08-23T17:57:37+0200,4e74b68d-c003-4d56-be5d-5f0c265edc96,2026-08-13T18:45:00Z,2026-08-13T20:45:00+0200,9376.55,MW,BE,BE,forecast_load,Forecasted Load,2026-08-23T15:57:47Z
2026-08-23T15:57:37Z,2026-08-23T17:57:37+0200,4e74b68d-c003-4d56-be5d-5f0c265edc96,2026-08-13T19:00:00Z,2026-08-13T21:00:00+0200,9370.0,MW,BE,BE,forecast_load,Forecasted Load,2026-08-23T15:57:47Z
2026-08-23T15:57:37Z,2026-08-23T17:57:37+0200,4e74b68d-c003-4d56-be5d-5f0c265edc96,2026-08-13T19:15:00Z,2026-08-13T21:15:00+0200,9342.45,MW,BE,BE,forecast_load,Forecasted Load,2026-08-23T15:57:47Z
2026-08-23T15:57:37Z,2026-08-23T17:57:37+0200,4e74b68d-c003-4d56-be5d-5f0c265edc96,2026-08-13T19:30:00Z,2026-08-13T21:30:00+0200,9376.47,MW,BE,BE,forecast_load,Forecasted Load,2026-08-23T15:57:47Z
2026-08-23T15:57:37Z,2026-08-23T17:57:37+0200,4e74b68d-c003-4d56-be5d-5f0c265edc96,2026-08-13T19:45:00Z,2026-08-13T21:45:00+0200,9419.51,MW,BE,BE,forecast_load,Forecasted Load,2026-08-23T15:57:47Z
2026-08-23T15:57:37Z,2026-08-23T17:57:37+0200,4e74b68d-c003-4d56-be5d-5f0c265edc96,2026-08-13T20:00:00Z,2026-08-13T22:00:00+0200,9336.74,MW,BE,BE,forecast_load,Forecasted Load,2026-08-23T15:57:47Z
2026-08-23T15:57:37Z,2026-08-23T17:57:37+0200,4e74b68d-c003-4d56-be5d-5f0c265edc96,2026-08-13T20:15:00Z,2026-08-13T22:15:00+0200,9328.85,MW,BE,BE,forecast_load,Forecasted Load,2026-08-23T15:57:47Z
2026-08-23T15:57:37Z,2026-08-23T17:57:37+0200,4e74b68d-c003-4d56-be5d-5f0c265edc96,2026-08-13T20:30:00Z,2026-08-13T22:30:00+0200,9286.44,MW,BE,BE,forecast_load,Forecasted Load,2026-08-23T15:57:47Z
2026-08-23T15:57:37Z,2026-08-23T17:57:37+0200,4e74b68d-c003-4d56-be5d-5f0c265edc96,2026-08-13T20:45:00Z,2026-08-13T22:45:00+0200,9215.24,MW,BE,BE,forecast_load,Forecasted Load,2026-08-23T15:57:47Z
2026-08-23T15:57:37Z,2026-08-23T17:57:37+0200,4e74b68d-c003-4d56-be5d-5f0c265edc96,2026-08-13T21:00:00Z,2026-08-13T23:00:00+0200,9024.7,MW,BE,BE,forecast_load,Forecasted Load,2026-08-23T15:57:47Z
2026-08-23T15:57:37Z,2026-08-23T17:57:37+0200,4e74b68d-c003-4d56-be5d-5f0c265edc96,2026-08-13T21:15:00Z,2026-08-13T23:15:00+0200,8904.63,MW,BE,BE,forecast_load,Forecasted Load,2026-08-23T15:57:47Z
2026-08-23T15:57:37Z,2026-08-23T17:57:37+0200,4e74b68d-c003-4d56-be5d-5f0c265edc96,2026-08-13T21:30:00Z,2026-08-13T23:30:00+0200,8755.44,MW,BE,BE,forecast_load,Forecasted Load,2026-08-23T15:57:47Z
2026-08-23T15:57:37Z,2026-08-23T17:57:37+0200,4e74b68d-c003-4d56-be5d-5f0c265edc96,2026-08-13T21:45:00Z,2026-08-13T23:45:00+0200,8669.12,MW,BE,BE,forecast_load,Forecasted Load,2026-08-23T15:57:47Z
2026-08-23T15:57:37Z,2026-08-23T17:57:37+0200,4e74b68d-c003-4d56-be5d-5f0c265edc96,2026-08-13T22:00:00Z,2026-08-14T00:00:00+0200,8263.66,MW,BE,BE,forecast_load,Forecasted Load,2026-08-23T15:57:47Z
2026-08-23T15:57:37Z,2026-08-23T17:57:37+0200,4e74b68d-c003-4d56-be5d-5f0c265edc96,2026-08-13T22:15:00Z,2026-08-14T00:15:00+0200,8136.86,MW,BE,BE,forecast_load,Forecasted Load,2026-08-23T15:57:47Z
2026-08-23T15:57:37Z,2026-08-23T17:57:37+0200,4e74b68d-c003-4d56-be5d-5f0c265edc96,2026-08-13T22:30:00Z,2026-08-14T00:30:00+0200,8039.68,MW,BE,BE,forecast_load,Forecasted Load,2026-08-23T15:57:47Z
2026-08-23T15:57:37Z,2026-08-23T17:57:37+0200,4e74b68d-c003-4d56-be5d-5f0c265edc96,2026-08-13T22:45:00Z,2026-08-14T00:45:00+0200,7984.64,MW,BE,BE,forecast_load,Forecasted Load,2026-08-23T15:57:47Z
2026-08-23T15:57:37Z,2026-08-23T17:57:37+0200,4e74b68d-c003-4d56-be5d-5f0c265edc96,2026-08-13T23:00:00Z,2026-08-14T01:00:00+0200,7893.14,MW,BE,BE,forecast_load,Forecasted Load,2026-08-23T15:57:47Z
2026-08-23T15:57:37Z,2026-08-23T17:57:37+0200,4e74b68d-c003-4d56-be5d-5f0c265edc96,2026-08-13T23:15:00Z,2026-08-14T01:15:00+0200,7819.68,MW,BE,BE,forecast_load,Forecasted Load,2026-08-23T15:57:47Z
2026-08-23T15:57:37Z,2026-08-23T17:57:37+0200,4e74b68d-c003-4d56-be5d-5f0c265edc96,2026-08-13T23:30:00Z,2026-08-14T01:30:00+0200,7744.54,MW,BE,BE,forecast_load,Forecasted Load,2026-08-23T15:57:47Z
2026-08-23T15:57:37Z,2026-08-23T17:57:37+0200,4e74b68d-c003-4d56-be5d-5f0c265edc96,2026-08-13T23:45:00Z,2026-08-14T01:45:00+0200,7674.55,MW,BE,BE,forecast_load,Forecasted Load,2026-08-23T15:57:47Z
2026-08-23T15:57:37Z,2026-08-23T17:57:37+0200,4e74b68d-c003-4d56-be5d-5f0c265edc96,2026-08-14T00:00:00Z,2026-08-14T02:00:00+0200,7629.4,MW,BE,BE,forecast_load,Forecasted Load,2026-08-23T15:57:47Z
2026-08-23T15:57:37Z,2026-08-23T17:57:37+0200,4e74b68d-c003-4d56-be5d-5f0c265edc96,2026-08-14T00:15:00Z,2026-08-14T02:15:00+0200,7590.48,MW,BE,BE,forecast_load,Forecasted Load,2026-08-23T15:57:47Z
2026-08-23T15:57:37Z,2026-08-23T17:57:37+0200,4e74b68d-c003-4d56-be5d-5f0c265edc96,2026-08-14T00:30:00Z,2026-08-14T02:30:00+0200,7567.25,MW,BE,BE,forecast_load,Forecasted Load,2026-08-23T15:57:47Z
2026-08-23T15:57:37Z,2026-08-23T17:57:37+0200,4e74b68d-c003-4d56-be5d-5f0c265edc96,2026-08-14T00:45:00Z,2026-08-14T02:45:00+0200,7554.05,MW,BE,BE,forecast_load,Forecasted Load,2026-08-23T15:57:47Z
2026-08-23T15:57:37Z,2026-08-23T17:57:37+0200,4e74b68d-c003-4d56-be5d-5f0c265edc96,2026-08-14T01:00:00Z,2026-08-14T03:00:00+0200,7536.68,MW,BE,BE,forecast_load,Forecasted Load,2026-08-23T15:57:47Z
2026-08-23T15:57:37Z,2026-08-23T17:57:37+0200,4e74b68d-c003-4d56-be5d-5f0c265edc96,2026-08-14T01:15:00Z,2026-08-14T03:15:00+0200,7514.19,MW,BE,BE,forecast_load,Forecasted Load,2026-08-23T15:57:47Z
2026-08-23T15:57:37Z,2026-08-23T17:57:37+0200,4e74b68d-c003-4d56-be5d-5f0c265edc96,2026-08-14T01:30:00Z,2026-08-14T03:30:00+0200,7501.32,MW,BE,BE,forecast_load,Forecasted Load,2026-08-23T15:57:47Z
2026-08-23T15:57:37Z,2026-08-23T17:57:37+0200,4e74b68d-c003-4d56-be5d-5f0c265edc96,2026-08-14T01:45:00Z,2026-08-14T03:45:00+0200,7488.19,MW,BE,BE,forecast_load,Forecasted Load,2026-08-23T15:57:47Z
2026-08-23T15:57:37Z,2026-08-23T17:57:37+0200,4e74b68d-c003-4d56-be5d-5f0c265edc96,2026-08-14T02:00:00Z,2026-08-14T04:00:00+0200,7531.67,MW,BE,BE,forecast_load,Forecasted Load,2026-08-23T15:57:47Z
2026-08-23T15:57:37Z,2026-08-23T17:57:37+0200,4e74b68d-c003-4d56-be5d-5f0c265edc96,2026-08-14T02:15:00Z,2026-08-14T04:15:00+0200,7540.72,MW,BE,BE,forecast_load,Forecasted Load,2026-08-23T15:57:47Z
2026-08-23T15:57:37Z,2026-08-23T17:57:37+0200,4e74b68d-c003-4d56-be5d-5f0c265edc96,2026-08-14T02:30:00Z,2026-08-14T04:30:00+0200,7566.71,MW,BE,BE,forecast_load,Forecasted Load,2026-08-23T15:57:47Z
2026-08-23T15:57:37Z,2026-08-23T17:57:37+0200,4e74b68d-c003-4d56-be5d-5f0c265edc96,2026-08-14T02:45:00Z,2026-08-14T04:45:00+0200,7578.05,MW,BE,BE,forecast_load,Forecasted Load,2026-08-23T15:57:47Z
2026-08-23T15:57:37Z,2026-08-23T17:57:37+0200,4e74b68d-c003-4d56-be5d-5f0c265edc96,2026-08-14T03:00:00Z,2026-08-14T05:00:00+0200,7810.6,MW,BE,BE,forecast_load,Forecasted Load,2026-08-23T15:57:47Z
2026-08-23T15:57:37Z,2026-08-23T17:57:37+0200,4e74b68d-c003-4d56-be5d-5f0c265edc96,2026-08-14T03:15:00Z,2026-08-14T05:15:00+0200,7846.25,MW,BE,BE,forecast_load,Forecasted Load,2026-08-23T15:57:47Z
2026-08-23T15:57:37Z,2026-08-23T17:57:37+0200,4e74b68d-c003-4d56-be5d-5f0c265edc96,2026-08-14T03:30:00Z,2026-08-14T05:30:00+0200,7894.75,MW,BE,BE,forecast_load,Forecasted Load,2026-08-23T15:57:47Z
2026-08-23T15:57:37Z,2026-08-23T17:57:37+0200,4e74b68d-c003-4d56-be5d-5f0c265edc96,2026-08-14T03:45:00Z,2026-08-14T05:45:00+0200,7966.14,MW,BE,BE,forecast_load,Forecasted Load,2026-08-23T15:57:47Z
2026-08-23T15:57:37Z,2026-08-23T17:57:37+0200,4e74b68d-c003-4d56-be5d-5f0c265edc96,2026-08-14T04:00:00Z,2026-08-14T06:00:00+0200,8306.64,MW,BE,BE,forecast_load,Forecasted Load,2026-08-23T15:57:47Z
2026-08-23T15:57:37Z,2026-08-23T17:57:37+0200,4e74b68d-c003-4d56-be5d-5f0c265edc96,2026-08-14T04:15:00Z,2026-08-14T06:15:00+0200,8422.53,MW,BE,BE,forecast_load,Forecasted Load,2026-08-23T15:57:47Z
2026-08-23T15:57:37Z,2026-08-23T17:57:37+0200,4e74b68d-c003-4d56-be5d-5f0c265edc96,2026-08-14T04:30:00Z,2026-08-14T06:30:00+0200,8561.68,MW,BE,BE,forecast_load,Forecasted Load,2026-08-23T15:57:47Z
2026-08-23T15:57:37Z,2026-08-23T17:57:37+0200,4e74b68d-c003-4d56-be5d-5f0c265edc96,2026-08-14T04:45:00Z,2026-08-14T06:45:00+0200,8717.99,MW,BE,BE,forecast_load,Forecasted Load,2026-08-23T15:57:47Z
2026-08-23T15:57:37Z,2026-08-23T17:57:37+0200,4e74b68d-c003-4d56-be5d-5f0c265edc96,2026-08-14T05:00:00Z,2026-08-14T07:00:00+0200,8891.75,MW,BE,BE,forecast_load,Forecasted Load,2026-08-23T15:57:47Z
2026-08-23T15:57:37Z,2026-08-23T17:57:37+0200,4e74b68d-c003-4d56-be5d-5f0c265edc96,2026-08-14T05:15:00Z,2026-08-14T07:15:00+0200,9084.83,MW,BE,BE,forecast_load,Forecasted Load,2026-08-23T15:57:47Z
2026-08-23T15:57:37Z,2026-08-23T17:57:37+0200,4e74b68d-c003-4d56-be5d-5f0c265edc96,2026-08-14T05:30:00Z,2026-08-14T07:30:00+0200,9280.21,MW,BE,BE,forecast_load,Forecasted Load,2026-08-23T15:57:47Z
2026-08-23T15:57:37Z,2026-08-23T17:57:37+0200,4e74b68d-c003-4d56-be5d-5f0c265edc96,2026-08-14T05:45:00Z,2026-08-14T07:45:00+0200,9450.98,MW,BE,BE,forecast_load,Forecasted Load,2026-08-23T15:57:47Z
2026-08-23T15:57:37Z,2026-08-23T17:57:37+0200,4e74b68d-c003-4d56-be5d-5f0c265edc96,2026-08-14T06:00:00Z,2026-08-14T08:00:00+0200,9475.13,MW,BE,BE,forecast_load,Forecasted Load,2026-08-23T15:57:47Z
2026-08-23T15:57:37Z,2026-08-23T17:57:37+0200,4e74b68d-c003-4d56-be5d-5f0c265edc96,2026-08-14T06:15:00Z,2026-08-14T08:15:00+0200,9639.56,MW,BE,BE,forecast_load,Forecasted Load,2026-08-23T15:57:47Z
2026-08-23T15:57:37Z,2026-08-23T17:57:37+0200,4e74b68d-c003-4d56-be5d-5f0c265edc96,2026-08-14T06:30:00Z,2026-08-14T08:30:00+0200,9860.39,MW,BE,BE,forecast_load,Forecasted Load,2026-08-23T15:57:47Z
2026-08-23T15:57:37Z,2026-08-23T17:57:37+0200,4e74b68d-c003-4d56-be5d-5f0c265edc96,2026-08-14T06:45:00Z,2026-08-14T08:45:00+0200,10033.16,MW,BE,BE,forecast_load,Forecasted Load,2026-08-23T15:57:47Z
2026-08-23T15:57:37Z,2026-08-23T17:57:37+0200,4e74b68d-c003-4d56-be5d-5f0c265edc96,2026-08-14T07:00:00Z,2026-08-14T09:00:00+0200,9929.76,MW,BE,BE,forecast_load,Forecasted Load,2026-08-23T15:57:47Z
2026-08-23T15:57:37Z,2026-08-23T17:57:37+0200,4e74b68d-c003-4d56-be5d-5f0c265edc96,2026-08-14T07:15:00Z,2026-08-14T09:15:00+0200,10042.1,MW,BE,BE,forecast_load,Forecasted Load,2026-08-23T15:57:47Z
2026-08-23T15:57:37Z,2026-08-23T17:57:37+0200,4e74b68d-c003-4d56-be5d-5f0c265edc96,2026-08-14T07:30:00Z,2026-08-14T09:30:00+0200,10187.16,MW,BE,BE,forecast_load,Forecasted Load,2026-08-23T15:57:47Z
2026-08-23T15:57:37Z,2026-08-23T17:57:37+0200,4e74b68d-c003-4d56-be5d-5f0c265edc96,2026-08-14T07:45:00Z,2026-08-14T09:45:00+0200,10257.6,MW,BE,BE,forecast_load,Forecasted Load,2026-08-23T15:57:47Z
2026-08-23T15:57:37Z,2026-08-23T17:57:37+0200,4e74b68d-c003-4d56-be5d-5f0c265edc96,2026-08-14T08:00:00Z,2026-08-14T10:00:00+0200,10107.73,MW,BE,BE,forecast_load,Forecasted Load,2026-08-23T15:57:47Z
2026-08-23T15:57:37Z,2026-08-23T17:57:37+0200,4e74b68d-c003-4d56-be5d-5f0c265edc96,2026-08-14T08:15:00Z,2026-08-14T10:15:00+0200,10179.23,MW,BE,BE,forecast_load,Forecasted Load,2026-08-23T15:57:47Z
2026-08-23T15:57:37Z,2026-08-23T17:57:37+0200,4e74b68d-c003-4d56-be5d-5f0c265edc96,2026-08-14T08:30:00Z,2026-08-14T10:30:00+0200,10249.07,MW,BE,BE,forecast_load,Forecasted Load,2026-08-23T15:57:47Z
2026-08-23T15:57:37Z,2026-08-23T17:57:37+0200,4e74b68d-c003-4d56-be5d-5f0c265edc96,2026-08-14T08:45:00Z,2026-08-14T10:45:00+0200,10381.96,MW,BE,BE,forecast_load,Forecasted Load,2026-08-23T15:57:47Z
2026-08-23T15:57:37Z,2026-08-23T17:57:37+0200,4e74b68d-c003-4d56-be5d-5f0c265edc96,2026-08-14T09:00:00Z,2026-08-14T11:00:00+0200,10280.85,MW,BE,BE,forecast_load,Forecasted Load,2026-08-23T15:57:47Z
2026-08-23T15:57:37Z,2026-08-23T17:57:37+0200,4e74b68d-c003-4d56-be5d-5f0c265edc96,2026-08-14T09:15:00Z,2026-08-14T11:15:00+0200,10380.16,MW,BE,BE,forecast_load,Forecasted Load,2026-08-23T15:57:47Z
2026-08-23T15:57:37Z,2026-08-23T17:57:37+0200,4e74b68d-c003-4d56-be5d-5f0c265edc96,2026-08-14T09:30:00Z,2026-08-14T11:30:00+0200,10476.76,MW,BE,BE,forecast_load,Forecasted Load,2026-08-23T15:57:47Z
2026-08-23T15:57:37Z,2026-08-23T17:57:37+0200,4e74b68d-c003-4d56-be5d-5f0c265edc96,2026-08-14T09:45:00Z,2026-08-14T11:45:00+0200,10550.97,MW,BE,BE,forecast_load,Forecasted Load,2026-08-23T15:57:47Z
2026-08-23T15:57:37Z,2026-08-23T17:57:37+0200,4e74b68d-c003-4d56-be5d-5f0c265edc96,2026-08-14T10:00:00Z,2026-08-14T12:00:00+0200,10399.42,MW,BE,BE,forecast_load,Forecasted Load,2026-08-23T15:57:47Z
2026-08-23T15:57:37Z,2026-08-23T17:57:37+0200,4e74b68d-c003-4d56-be5d-5f0c265edc96,2026-08-14T10:15:00Z,2026-08-14T12:15:00+0200,10386.21,MW,BE,BE,forecast_load,Forecasted Load,2026-08-23T15:57:47Z
2026-08-23T15:57:37Z,2026-08-23T17:57:37+0200,4e74b68d-c003-4d56-be5d-5f0c265edc96,2026-08-14T10:30:00Z,2026-08-14T12:30:00+0200,10413.36,MW,BE,BE,forecast_load,Forecasted Load,2026-08-23T15:57:47Z
2026-08-23T15:57:37Z,2026-08-23T17:57:37+0200,4e74b68d-c003-4d56-be5d-5f0c265edc96,2026-08-14T10:45:00Z,2026-08-14T12:45:00+0200,10476.34,MW,BE,BE,forecast_load,Forecasted Load,2026-08-23T15:57:47Z
2026-08-23T15:57:37Z,2026-08-23T17:57:37+0200,4e74b68d-c003-4d56-be5d-5f0c265edc96,2026-08-14T11:00:00Z,2026-08-14T13:00:00+0200,10425.43,MW,BE,BE,forecast_load,Forecasted Load,2026-08-23T15:57:47Z
2026-08-23T15:57:37Z,2026-08-23T17:57:37+0200,4e74b68d-c003-4d56-be5d-5f0c265edc96,2026-08-14T11:15:00Z,2026-08-14T13:15:00+0200,10406.71,MW,BE,BE,forecast_load,Forecasted Load,2026-08-23T15:57:47Z
2026-08-23T15:57:37Z,2026-08-23T17:57:37+0200,4e74b68d-c003-4d56-be5d-5f0c265edc96,2026-08-14T11:30:00Z,2026-08-14T13:30:00+0200,10366.27,MW,BE,BE,forecast_load,Forecasted Load,2026-08-23T15:57:47Z
2026-08-23T15:57:37Z,2026-08-23T17:57:37+0200,4e74b68d-c003-4d56-be5d-5f0c265edc96,2026-08-14T11:45:00Z,2026-08-14T13:45:00+0200,10312.53,MW,BE,BE,forecast_load,Forecasted Load,2026-08-23T15:57:47Z
2026-08-23T15:57:37Z,2026-08-23T17:57:37+0200,4e74b68d-c003-4d56-be5d-5f0c265edc96,2026-08-14T12:00:00Z,2026-08-14T14:00:00+0200,10301.6,MW,BE,BE,forecast_load,Forecasted Load,2026-08-23T15:57:47Z
2026-08-23T15:57:37Z,2026-08-23T17:57:37+0200,4e74b68d-c003-4d56-be5d-5f0c265edc96,2026-08-14T12:15:00Z,2026-08-14T14:15:00+0200,10239.97,MW,BE,BE,forecast_load,Forecasted Load,2026-08-23T15:57:47Z
2026-08-23T15:57:37Z,2026-08-23T17:57:37+0200,4e74b68d-c003-4d56-be5d-5f0c265edc96,2026-08-14T12:30:00Z,2026-08-14T14:30:00+0200,10193.96,MW,BE,BE,forecast_load,Forecasted Load,2026-08-23T15:57:47Z
2026-08-23T15:57:37Z,2026-08-23T17:57:37+0200,4e74b68d-c003-4d56-be5d-5f0c265edc96,2026-08-14T12:45:00Z,2026-08-14T14:45:00+0200,10145.57,MW,BE,BE,forecast_load,Forecasted Load,2026-08-23T15:57:47Z
2026-08-23T15:57:37Z,2026-08-23T17:57:37+0200,4e74b68d-c003-4d56-be5d-5f0c265edc96,2026-08-14T13:00:00Z,2026-08-14T15:00:00+0200,10108.75,MW,BE,BE,forecast_load,Forecasted Load,2026-08-23T15:57:47Z
2026-08-23T15:57:37Z,2026-08-23T17:57:37+0200,4e74b68d-c003-4d56-be5d-5f0c265edc96,2026-08-14T13:15:00Z,2026-08-14T15:15:00+0200,10049.76,MW,BE,BE,forecast_load,Forecasted Load,2026-08-23T15:57:47Z
2026-08-23T15:57:37Z,2026-08-23T17:57:37+0200,4e74b68d-c003-4d56-be5d-5f0c265edc96,2026-08-14T13:30:00Z,2026-08-14T15:30:00+0200,9989.05,MW,BE,BE,forecast_load,Forecasted Load,2026-08-23T15:57:47Z
2026-08-23T15:57:37Z,2026-08-23T17:57:37+0200,4e74b68d-c003-4d56-be5d-5f0c265edc96,2026-08-14T13:45:00Z,2026-08-14T15:45:00+0200,9901.32,MW,BE,BE,forecast_load,Forecasted Load,2026-08-23T15:57:47Z
2026-08-23T15:57:37Z,2026-08-23T17:57:37+0200,4e74b68d-c003-4d56-be5d-5f0c265edc96,2026-08-14T14:00:00Z,2026-08-14T16:00:00+0200,9686.02,MW,BE,BE,forecast_load,Forecasted Load,2026-08-23T15:57:47Z
2026-08-23T15:57:37Z,2026-08-23T17:57:37+0200,4e74b68d-c003-4d56-be5d-5f0c265edc96,2026-08-14T14:15:00Z,2026-08-14T16:15:00+0200,9568.76,MW,BE,BE,forecast_load,Forecasted Load,2026-08-23T15:57:47Z
2026-08-23T15:57:37Z,2026-08-23T17:57:37+0200,4e74b68d-c003-4d56-be5d-5f0c265edc96,2026-08-14T14:30:00Z,2026-08-14T16:30:00+0200,9529.78,MW,BE,BE,forecast_load,Forecasted Load,2026-08-23T15:57:47Z
2026-08-23T15:57:37Z,2026-08-23T17:57:37+0200,4e74b68d-c003-4d56-be5d-5f0c265edc96,2026-08-14T14:45:00Z,2026-08-14T16:45:00+0200,9447.26,MW,BE,BE,forecast_load,Forecasted Load,2026-08-23T15:57:47Z
2026-08-23T15:57:37Z,2026-08-23T17:57:37+0200,4e74b68d-c003-4d56-be5d-5f0c265edc96,2026-08-14T15:00:00Z,2026-08-14T17:00:00+0200,9478.51,MW,BE,BE,forecast_load,Forecasted Load,2026-08-23T15:57:47Z
2026-08-23T15:57:37Z,2026-08-23T17:57:37+0200,4e74b68d-c003-4d56-be5d-5f0c265edc96,2026-08-14T15:15:00Z,2026-08-14T17:15:00+0200,9382.52,MW,BE,BE,forecast_load,Forecasted Load,2026-08-23T15:57:47Z
2026-08-23T15:57:37Z,2026-08-23T17:57:37+0200,4e74b68d-c003-4d56-be5d-5f0c265edc96,2026-08-14T15:30:00Z,2026-08-14T17:30:00+0200,9381.43,MW,BE,BE,forecast_load,Forecasted Load,2026-08-23T15:57:47Z
2026-08-23T15:57:37Z,2026-08-23T17:57:37+0200,4e74b68d-c003-4d56-be5d-5f0c265edc96,2026-08-14T15:45:00Z,2026-08-14T17:45:00+0200,9332.18,MW,BE,BE,forecast_load,Forecasted Load,2026-08-23T15:57:47Z
2026-08-23T15:57:37Z,2026-08-23T17:57:37+0200,4e74b68d-c003-4d56-be5d-5f0c265edc96,2026-08-14T16:00:00Z,2026-08-14T18:00:00+0200,9598.63,MW,BE,BE,forecast_load,Forecasted Load,2026-08-23T15:57:47Z
2026-08-23T15:57:37Z,2026-08-23T17:57:37+0200,4e74b68d-c003-4d56-be5d-5f0c265edc96,2026-08-14T16:15:00Z,2026-08-14T18:15:00+0200,9558.01,MW,BE,BE,forecast_load,Forecasted Load,2026-08-23T15:57:47Z
2026-08-23T15:57:37Z,2026-08-23T17:57:37+0200,4e74b68d-c003-4d56-be5d-5f0c265edc96,2026-08-14T16:30:00Z,2026-08-14T18:30:00+0200,9579.41,MW,BE,BE,forecast_load,Forecasted Load,2026-08-23T15:57:47Z
2026-08-23T15:57:37Z,2026-08-23T17:57:37+0200,4e74b68d-c003-4d56-be5d-5f0c265edc96,2026-08-14T16:45:00Z,2026-08-14T18:45:00+0200,9563.76,MW,BE,BE,forecast_load,Forecasted Load,2026-08-23T15:57:47Z
2026-08-23T15:57:37Z,2026-08-23T17:57:37+0200,4e74b68d-c003-4d56-be5d-5f0c265edc96,2026-08-14T17:00:00Z,2026-08-14T19:00:00+0200,9426.73,MW,BE,BE,forecast_load,Forecasted Load,2026-08-23T15:57:47Z
2026-08-23T15:57:37Z,2026-08-23T17:57:37+0200,4e74b68d-c003-4d56-be5d-5f0c265edc96,2026-08-14T17:15:00Z,2026-08-14T19:15:00+0200,9298.0,MW,BE,BE,forecast_load,Forecasted Load,2026-08-23T15:57:47Z
2026-08-23T15:57:37Z,2026-08-23T17:57:37+0200,4e74b68d-c003-4d56-be5d-5f0c265edc96,2026-08-14T17:30:00Z,2026-08-14T19:30:00+0200,9262.58,MW,BE,BE,forecast_load,Forecasted Load,2026-08-23T15:57:47Z
2026-08-23T15:57:37Z,2026-08-23T17:57:37+0200,4e74b68d-c003-4d56-be5d-5f0c265edc96,2026-08-14T17:45:00Z,2026-08-14T19:45:00+0200,9159.75,MW,BE,BE,forecast_load,Forecasted Load,2026-08-23T15:57:47Z
2026-08-23T15:57:37Z,2026-08-23T17:57:37+0200,4e74b68d-c003-4d56-be5d-5f0c265edc96,2026-08-14T18:00:00Z,2026-08-14T20:00:00+0200,9166.34,MW,BE,BE,forecast_load,Forecasted Load,2026-08-23T15:57:47Z
2026-08-23T15:57:37Z,2026-08-23T17:57:37+0200,4e74b68d-c003-4d56-be5d-5f0c265edc96,2026-08-14T18:15:00Z,2026-08-14T20:15:00+0200,9055.44,MW,BE,BE,forecast_load,Forecasted Load,2026-08-23T15:57:47Z
2026-08-23T15:57:37Z,2026-08-23T17:57:37+0200,4e74b68d-c003-4d56-be5d-5f0c265edc96,2026-08-14T18:30:00Z,2026-08-14T20:30:00+0200,8965.65,MW,BE,BE,forecast_load,Forecasted Load,2026-08-23T15:57:47Z
2026-08-23T15:57:37Z,2026-08-23T17:57:37+0200,4e74b68d-c003-4d56-be5d-5f0c265edc96,2026-08-14T18:45:00Z,2026-08-14T20:45:00+0200,8903.08,MW,BE,BE,forecast_load,Forecasted Load,2026-08-23T15:57:47Z
2026-08-23T15:57:37Z,2026-08-23T17:57:37+0200,4e74b68d-c003-4d56-be5d-5f0c265edc96,2026-08-14T19:00:00Z,2026-08-14T21:00:00+0200,8985.8,MW,BE,BE,forecast_load,Forecasted Load,2026-08-23T15:57:47Z
2026-08-23T15:57:37Z,2026-08-23T17:57:37+0200,4e74b68d-c003-4d56-be5d-5f0c265edc96,2026-08-14T19:15:00Z,2026-08-14T21:15:00+0200,8968.28,MW,BE,BE,forecast_load,Forecasted Load,2026-08-23T15:57:47Z
2026-08-23T15:57:37Z,2026-08-23T17:57:37+0200,4e74b68d-c003-4d56-be5d-5f0c265edc96,2026-08-14T19:30:00Z,2026-08-14T21:30:00+0200,9001.52,MW,BE,BE,forecast_load,Forecasted Load,2026-08-23T15:57:47Z
2026-08-23T15:57:37Z,2026-08-23T17:57:37+0200,4e74b68d-c003-4d56-be5d-5f0c265edc96,2026-08-14T19:45:00Z,2026-08-14T21:45:00+0200,9027.02,MW,BE,BE,forecast_load,Forecasted Load,2026-08-23T15:57:47Z
2026-08-23T15:57:37Z,2026-08-23T17:57:37+0200,4e74b68d-c003-4d56-be5d-5f0c265edc96,2026-08-14T20:00:00Z,2026-08-14T22:00:00+0200,8965.15,MW,BE,BE,forecast_load,Forecasted Load,2026-08-23T15:57:47Z
2026-08-23T15:57:37Z,2026-08-23T17:57:37+0200,4e74b68d-c003-4d56-be5d-5f0c265edc96,2026-08-14T20:15:00Z,2026-08-14T22:15:00+0200,8959.63,MW,BE,BE,forecast_load,Forecasted Load,2026-08-23T15:57:47Z
2026-08-23T15:57:37Z,2026-08-23T17:57:37+0200,4e74b68d-c003-4d56-be5d-5f0c265edc96,2026-08-14T20:30:00Z,2026-08-14T22:30:00+0200,8916.49,MW,BE,BE,forecast_load,Forecasted Load,2026-08-23T15:57:47Z
2026-08-23T15:57:37Z,2026-08-23T17:57:37+0200,4e74b68d-c003-4d56-be5d-5f0c265edc96,2026-08-14T20:45:00Z,2026-08-14T22:45:00+0200,8845.7,MW,BE,BE,forecast_load,Forecasted Load,2026-08-23T15:57:47Z
2026-08-23T15:57:37Z,2026-08-23T17:57:37+0200,4e74b68d-c003-4d56-be5d-5f0c265edc96,2026-08-14T21:00:00Z,2026-08-14T23:00:00+0200,8525.35,MW,BE,BE,forecast_load,Forecasted Load,2026-08-23T15:57:47Z
2026-08-23T15:57:37Z,2026-08-23T17:57:37+0200,4e74b68d-c003-4d56-be5d-5f0c265edc96,2026-08-14T21:15:00Z,2026-08-14T23:15:00+0200,8421.19,MW,BE,BE,forecast_load,Forecasted Load,2026-08-23T15:57:47Z
2026-08-23T15:57:37Z,2026-08-23T17:57:37+0200,4e74b68d-c003-4d56-be5d-5f0c265edc96,2026-08-14T21:30:00Z,2026-08-14T23:30:00+0200,8276.21,MW,BE,BE,forecast_load,Forecasted Load,2026-08-23T15:57:47Z
2026-08-23T15:57:37Z,2026-08-23T17:57:37+0200,4e74b68d-c003-4d56-be5d-5f0c265edc96,2026-08-14T21:45:00Z,2026-08-14T23:45:00+0200,8190.38,MW,BE,BE,forecast_load,Forecasted Load,2026-08-23T15:57:47Z
2026-08-23T15:57:37Z,2026-08-23T17:57:37+0200,4e74b68d-c003-4d56-be5d-5f0c265edc96,2026-08-14T22:00:00Z,2026-08-15T00:00:00+0200,8003.74,MW,BE,BE,forecast_load,Forecasted Load,2026-08-23T15:57:47Z
2026-08-23T15:57:37Z,2026-08-23T17:57:37+0200,4e74b68d-c003-4d56-be5d-5f0c265edc96,2026-08-14T22:15:00Z,2026-08-15T00:15:00+0200,7885.27,MW,BE,BE,forecast_load,Forecasted Load,2026-08-23T15:57:47Z
2026-08-23T15:57:37Z,2026-08-23T17:57:37+0200,4e74b68d-c003-4d56-be5d-5f0c265edc96,2026-08-14T22:30:00Z,2026-08-15T00:30:00+0200,7787.71,MW,BE,BE,forecast_load,Forecasted Load,2026-08-23T15:57:47Z
2026-08-23T15:57:37Z,2026-08-23T17:57:37+0200,4e74b68d-c003-4d56-be5d-5f0c265edc96,2026-08-14T22:45:00Z,2026-08-15T00:45:00+0200,7731.26,MW,BE,BE,forecast_load,Forecasted Load,2026-08-23T15:57:47Z
2026-08-23T15:57:37Z,2026-08-23T17:57:37+0200,4e74b68d-c003-4d56-be5d-5f0c265edc96,2026-08-14T23:00:00Z,2026-08-15T01:00:00+0200,7751.69,MW,BE,BE,forecast_load,Forecasted Load,2026-08-23T15:57:47Z
2026-08-23T15:57:37Z,2026-08-23T17:57:37+0200,4e74b68d-c003-4d56-be5d-5f0c265edc96,2026-08-14T23:15:00Z,2026-08-15T01:15:00+0200,7687.49,MW,BE,BE,forecast_load,Forecasted Load,2026-08-23T15:57:47Z
2026-08-23T15:57:37Z,2026-08-23T17:57:37+0200,4e74b68d-c003-4d56-be5d-5f0c265edc96,2026-08-14T23:30:00Z,2026-08-15T01:30:00+0200,7609.46,MW,BE,BE,forecast_load,Forecasted Load,2026-08-23T15:57:47Z
2026-08-23T15:57:37Z,2026-08-23T17:57:37+0200,4e74b68d-c003-4d56-be5d-5f0c265edc96,2026-08-14T23:45:00Z,2026-08-15T01:45:00+0200,7553.36,MW,BE,BE,forecast_load,Forecasted Load,2026-08-23T15:57:47Z
2026-08-23T15:57:37Z,2026-08-23T17:57:37+0200,4e74b68d-c003-4d56-be5d-5f0c265edc96,2026-08-15T00:00:00Z,2026-08-15T02:00:00+0200,7405.11,MW,BE,BE,forecast_load,Forecasted Load,2026-08-23T15:57:47Z
2026-08-23T15:57:37Z,2026-08-23T17:57:37+0200,4e74b68d-c003-4d56-be5d-5f0c265edc96,2026-08-15T00:15:00Z,2026-08-15T02:15:00+0200,7358.71,MW,BE,BE,forecast_load,Forecasted Load,2026-08-23T15:57:47Z
2026-08-23T15:57:37Z,2026-08-23T17:57:37+0200,4e74b68d-c003-4d56-be5d-5f0c265edc96,2026-08-15T00:30:00Z,2026-08-15T02:30:00+0200,7284.53,MW,BE,BE,forecast_load,Forecasted Load,2026-08-23T15:57:47Z
2026-08-23T15:57:37Z,2026-08-23T17:57:37+0200,4e74b68d-c003-4d56-be5d-5f0c265edc96,2026-08-15T00:45:00Z,2026-08-15T02:45:00+0200,7201.76,MW,BE,BE,forecast_load,Forecasted Load,2026-08-23T15:57:47Z
2026-08-23T15:57:37Z,2026-08-23T17:57:37+0200,4e74b68d-c003-4d56-be5d-5f0c265edc96,2026-08-15T01:00:00Z,2026-08-15T03:00:00+0200,7133.88,MW,BE,BE,forecast_load,Forecasted Load,2026-08-23T15:57:47Z
2026-08-23T15:57:37Z,2026-08-23T17:57:37+0200,4e74b68d-c003-4d56-be5d-5f0c265edc96,2026-08-15T01:15:00Z,2026-08-15T03:15:00+0200,7074.21,MW,BE,BE,forecast_load,Forecasted Load,2026-08-23T15:57:47Z
2026-08-23T15:57:37Z,2026-08-23T17:57:37+0200,4e74b68d-c003-4d56-be5d-5f0c265edc96,2026-08-15T01:30:00Z,2026-08-15T03:30:00+0200,7040.23,MW,BE,BE,forecast_load,Forecasted Load,2026-08-23T15:57:47Z
2026-08-23T15:57:37Z,2026-08-23T17:57:37+0200,4e74b68d-c003-4d56-be5d-5f0c265edc96,2026-08-15T01:45:00Z,2026-08-15T03:45:00+0200,7061.47,MW,BE,BE,forecast_load,Forecasted Load,2026-08-23T15:57:47Z
2026-08-23T15:57:37Z,2026-08-23T17:57:37+0200,4e74b68d-c003-4d56-be5d-5f0c265edc96,2026-08-15T02:00:00Z,2026-08-15T04:00:00+0200,7096.2,MW,BE,BE,forecast_load,Forecasted Load,2026-08-23T15:57:47Z
2026-08-23T15:57:37Z,2026-08-23T17:57:37+0200,4e74b68d-c003-4d56-be5d-5f0c265edc96,2026-08-15T02:15:00Z,2026-08-15T04:15:00+0200,7128.91,MW,BE,BE,forecast_load,Forecasted Load,2026-08-23T15:57:47Z
2026-08-23T15:57:37Z,2026-08-23T17:57:37+0200,4e74b68d-c003-4d56-be5d-5f0c265edc96,2026-08-15T02:30:00Z,2026-08-15T04:30:00+0200,7103.89,MW,BE,BE,forecast_load,Forecasted Load,2026-08-23T15:57:47Z
2026-08-23T15:57:37Z,2026-08-23T17:57:37+0200,4e74b68d-c003-4d56-be5d-5f0c265edc96,2026-08-15T02:45:00Z,2026-08-15T04:45:00+0200,7169.85,MW,BE,BE,forecast_load,Forecasted Load,2026-08-23T15:57:47Z
2026-08-23T15:57:37Z,2026-08-23T17:57:37+0200,4e74b68d-c003-4d56-be5d-5f0c265edc96,2026-08-15T03:00:00Z,2026-08-15T05:00:00+0200,7235.55,MW,BE,BE,forecast_load,Forecasted Load,2026-08-23T15:57:47Z
2026-08-23T15:57:37Z,2026-08-23T17:57:37+0200,4e74b68d-c003-4d56-be5d-5f0c265edc96,2026-08-15T03:15:00Z,2026-08-15T05:15:00+0200,7302.73,MW,BE,BE,forecast_load,Forecasted Load,2026-08-23T15:57:47Z
2026-08-23T15:57:37Z,2026-08-23T17:57:37+0200,4e74b68d-c003-4d56-be5d-5f0c265edc96,2026-08-15T03:30:00Z,2026-08-15T05:30:00+0200,7296.83,MW,BE,BE,forecast_load,Forecasted Load,2026-08-23T15:57:47Z
2026-08-23T15:57:37Z,2026-08-23T17:57:37+0200,4e74b68d-c003-4d56-be5d-5f0c265edc96,2026-08-15T03:45:00Z,2026-08-15T05:45:00+0200,7323.01,MW,BE,BE,forecast_load,Forecasted Load,2026-08-23T15:57:47Z
2026-08-23T15:57:37Z,2026-08-23T17:57:37+0200,4e74b68d-c003-4d56-be5d-5f0c265edc96,2026-08-15T04:00:00Z,2026-08-15T06:00:00+0200,7367.58,MW,BE,BE,forecast_load,Forecasted Load,2026-08-23T15:57:47Z
2026-08-23T15:57:37Z,2026-08-23T17:57:37+0200,4e74b68d-c003-4d56-be5d-5f0c265edc96,2026-08-15T04:15:00Z,2026-08-15T06:15:00+0200,7411.5,MW,BE,BE,forecast_load,Forecasted Load,2026-08-23T15:57:47Z
2026-08-23T15:57:37Z,2026-08-23T17:57:37+0200,4e74b68d-c003-4d56-be5d-5f0c265edc96,2026-08-15T04:30:00Z,2026-08-15T06:30:00+0200,7464.41,MW,BE,BE,forecast_load,Forecasted Load,2026-08-23T15:57:47Z
2026-08-23T15:57:37Z,2026-08-23T17:57:37+0200,4e74b68d-c003-4d56-be5d-5f0c265edc96,2026-08-15T04:45:00Z,2026-08-15T06:45:00+0200,7453.56,MW,BE,BE,forecast_load,Forecasted Load,2026-08-23T15:57:47Z
2026-08-23T15:57:37Z,2026-08-23T17:57:37+0200,4e74b68d-c003-4d56-be5d-5f0c265edc96,2026-08-15T05:00:00Z,2026-08-15T07:00:00+0200,7467.41,MW,BE,BE,forecast_load,Forecasted Load,2026-08-23T15:57:47Z
2026-08-23T15:57:37Z,2026-08-23T17:57:37+0200,4e74b68d-c003-4d56-be5d-5f0c265edc96,2026-08-15T05:15:00Z,2026-08-15T07:15:00+0200,7483.95,MW,BE,BE,forecast_load,Forecasted Load,2026-08-23T15:57:47Z
2026-08-23T15:57:37Z,2026-08-23T17:57:37+0200,4e74b68d-c003-4d56-be5d-5f0c265edc96,2026-08-15T05:30:00Z,2026-08-15T07:30:00+0200,7591.05,MW,BE,BE,forecast_load,Forecasted Load,2026-08-23T15:57:47Z
2026-08-23T15:57:37Z,2026-08-23T17:57:37+0200,4e74b68d-c003-4d56-be5d-5f0c265edc96,2026-08-15T05:45:00Z,2026-08-15T07:45:00+0200,7659.1,MW,BE,BE,forecast_load,Forecasted Load,2026-08-23T15:57:47Z
2026-08-23T15:57:37Z,2026-08-23T17:57:37+0200,4e74b68d-c003-4d56-be5d-5f0c265edc96,2026-08-15T06:00:00Z,2026-08-15T08:00:00+0200,7725.79,MW,BE,BE,forecast_load,Forecasted Load,2026-08-23T15:57:47Z
2026-08-23T15:57:37Z,2026-08-23T17:57:37+0200,4e74b68d-c003-4d56-be5d-5f0c265edc96,2026-08-15T06:15:00Z,2026-08-15T08:15:00+0200,7789.63,MW,BE,BE,forecast_load,Forecasted Load,2026-08-23T15:57:47Z
2026-08-23T15:57:37Z,2026-08-23T17:57:37+0200,4e74b68d-c003-4d56-be5d-5f0c265edc96,2026-08-15T06:30:00Z,2026-08-15T08:30:00+0200,7881.34,MW,BE,BE,forecast_load,Forecasted Load,2026-08-23T15:57:47Z
2026-08-23T15:57:37Z,2026-08-23T17:57:37+0200,4e74b68d-c003-4d56-be5d-5f0c265edc96,2026-08-15T06:45:00Z,2026-08-15T08:45:00+0200,8005.55,MW,BE,BE,forecast_load,Forecasted Load,2026-08-23T15:57:47Z
2026-08-23T15:57:37Z,2026-08-23T17:57:37+0200,4e74b68d-c003-4d56-be5d-5f0c265edc96,2026-08-15T07:00:00Z,2026-08-15T09:00:00+0200,8125.89,MW,BE,BE,forecast_load,Forecasted Load,2026-08-23T15:57:47Z
2026-08-23T15:57:37Z,2026-08-23T17:57:37+0200,4e74b68d-c003-4d56-be5d-5f0c265edc96,2026-08-15T07:15:00Z,2026-08-15T09:15:00+0200,8244.6,MW,BE,BE,forecast_load,Forecasted Load,2026-08-23T15:57:47Z
2026-08-23T15:57:37Z,2026-08-23T17:57:37+0200,4e74b68d-c003-4d56-be5d-5f0c265edc96,2026-08-15T07:30:00Z,2026-08-15T09:30:00+0200,8325.86,MW,BE,BE,forecast_load,Forecasted Load,2026-08-23T15:57:47Z
2026-08-23T15:57:37Z,2026-08-23T17:57:37+0200,4e74b68d-c003-4d56-be5d-5f0c265edc96,2026-08-15T07:45:00Z,2026-08-15T09:45:00+0200,8385.55,MW,BE,BE,forecast_load,Forecasted Load,2026-08-23T15:57:47Z
2026-08-23T15:57:37Z,2026-08-23T17:57:37+0200,4e74b68d-c003-4d56-be5d-5f0c265edc96,2026-08-15T08:00:00Z,2026-08-15T10:00:00+0200,8454.75,MW,BE,BE,forecast_load,Forecasted Load,2026-08-23T15:57:47Z
2026-08-23T15:57:37Z,2026-08-23T17:57:37+0200,4e74b68d-c003-4d56-be5d-5f0c265edc96,2026-08-15T08:15:00Z,2026-08-15T10:15:00+0200,8533.14,MW,BE,BE,forecast_load,Forecasted Load,2026-08-23T15:57:47Z
2026-08-23T15:57:37Z,2026-08-23T17:57:37+0200,4e74b68d-c003-4d56-be5d-5f0c265edc96,2026-08-15T08:30:00Z,2026-08-15T10:30:00+0200,8621.86,MW,BE,BE,forecast_load,Forecasted Load,2026-08-23T15:57:47Z
2026-08-23T15:57:37Z,2026-08-23T17:57:37+0200,4e74b68d-c003-4d56-be5d-5f0c265edc96,2026-08-15T08:45:00Z,2026-08-15T10:45:00+0200,8708.44,MW,BE,BE,forecast_load,Forecasted Load,2026-08-23T15:57:47Z
2026-08-23T15:57:37Z,2026-08-23T17:57:37+0200,4e74b68d-c003-4d56-be5d-5f0c265edc96,2026-08-15T09:00:00Z,2026-08-15T11:00:00+0200,8773.6,MW,BE,BE,forecast_load,Forecasted Load,2026-08-23T15:57:47Z
2026-08-23T15:57:37Z,2026-08-23T17:57:37+0200,4e74b68d-c003-4d56-be5d-5f0c265edc96,2026-08-15T09:15:00Z,2026-08-15T11:15:00+0200,8838.24,MW,BE,BE,forecast_load,Forecasted Load,2026-08-23T15:57:47Z
2026-08-23T15:57:37Z,2026-08-23T17:57:37+0200,4e74b68d-c003-4d56-be5d-5f0c265edc96,2026-08-15T09:30:00Z,2026-08-15T11:30:00+0200,8881.62,MW,BE,BE,forecast_load,Forecasted Load,2026-08-23T15:57:47Z
2026-08-23T15:57:37Z,2026-08-23T17:57:37+0200,4e74b68d-c003-4d56-be5d-5f0c265edc96,2026-08-15T09:45:00Z,2026-08-15T11:45:00+0200,8939.27,MW,BE,BE,forecast_load,Forecasted Load,2026-08-23T15:57:47Z
2026-08-23T15:57:37Z,2026-08-23T17:57:37+0200,4e74b68d-c003-4d56-be5d-5f0c265edc96,2026-08-15T10:00:00Z,2026-08-15T12:00:00+0200,8987.33,MW,BE,BE,forecast_load,Forecasted Load,2026-08-23T15:57:47Z
2026-08-23T15:57:37Z,2026-08-23T17:57:37+0200,4e74b68d-c003-4d56-be5d-5f0c265edc96,2026-08-15T10:15:00Z,2026-08-15T12:15:00+0200,9026.7,MW,BE,BE,forecast_load,Forecasted Load,2026-08-23T15:57:47Z
2026-08-23T15:57:37Z,2026-08-23T17:57:37+0200,4e74b68d-c003-4d56-be5d-5f0c265edc96,2026-08-15T10:30:00Z,2026-08-15T12:30:00+0200,9044.58,MW,BE,BE,forecast_load,Forecasted Load,2026-08-23T15:57:47Z
2026-08-23T15:57:37Z,2026-08-23T17:57:37+0200,4e74b68d-c003-4d56-be5d-5f0c265edc96,2026-08-15T10:45:00Z,2026-08-15T12:45:00+0200,9012.84,MW,BE,BE,forecast_load,Forecasted Load,2026-08-23T15:57:47Z
2026-08-23T15:57:37Z,2026-08-23T17:57:37+0200,4e74b68d-c003-4d56-be5d-5f0c265edc96,2026-08-15T11:00:00Z,2026-08-15T13:00:00+0200,8972.31,MW,BE,BE,forecast_load,Forecasted Load,2026-08-23T15:57:47Z
2026-08-23T15:57:37Z,2026-08-23T17:57:37+0200,4e74b68d-c003-4d56-be5d-5f0c265edc96,2026-08-15T11:15:00Z,2026-08-15T13:15:00+0200,8928.4,MW,BE,BE,forecast_load,Forecasted Load,2026-08-23T15:57:47Z
2026-08-23T15:57:37Z,2026-08-23T17:57:37+0200,4e74b68d-c003-4d56-be5d-5f0c265edc96,2026-08-15T11:30:00Z,2026-08-15T13:30:00+0200,8906.47,MW,BE,BE,forecast_load,Forecasted Load,2026-08-23T15:57:47Z
2026-08-23T15:57:37Z,2026-08-23T17:57:37+0200,4e74b68d-c003-4d56-be5d-5f0c265edc96,2026-08-15T11:45:00Z,2026-08-15T13:45:00+0200,8866.65,MW,BE,BE,forecast_load,Forecasted Load,2026-08-23T15:57:47Z
2026-08-23T15:57:37Z,2026-08-23T17:57:37+0200,4e74b68d-c003-4d56-be5d-5f0c265edc96,2026-08-15T12:00:00Z,2026-08-15T14:00:00+0200,8810.18,MW,BE,BE,forecast_load,Forecasted Load,2026-08-23T15:57:47Z
2026-08-23T15:57:37Z,2026-08-23T17:57:37+0200,4e74b68d-c003-4d56-be5d-5f0c265edc96,2026-08-15T12:15:00Z,2026-08-15T14:15:00+0200,8764.6,MW,BE,BE,forecast_load,Forecasted Load,2026-08-23T15:57:47Z
2026-08-23T15:57:37Z,2026-08-23T17:57:37+0200,4e74b68d-c003-4d56-be5d-5f0c265edc96,2026-08-15T12:30:00Z,2026-08-15T14:30:00+0200,8730.14,MW,BE,BE,forecast_load,Forecasted Load,2026-08-23T15:57:47Z
2026-08-23T15:57:37Z,2026-08-23T17:57:37+0200,4e74b68d-c003-4d56-be5d-5f0c265edc96,2026-08-15T12:45:00Z,2026-08-15T14:45:00+0200,8683.45,MW,BE,BE,forecast_load,Forecasted Load,2026-08-23T15:57:47Z
2026-08-23T15:57:37Z,2026-08-23T17:57:37+0200,4e74b68d-c003-4d56-be5d-5f0c265edc96,2026-08-15T13:00:00Z,2026-08-15T15:00:00+0200,8620.33,MW,BE,BE,forecast_load,Forecasted Load,2026-08-23T15:57:47Z
2026-08-23T15:57:37Z,2026-08-23T17:57:37+0200,4e74b68d-c003-4d56-be5d-5f0c265edc96,2026-08-15T13:15:00Z,2026-08-15T15:15:00+0200,8562.84,MW,BE,BE,forecast_load,Forecasted Load,2026-08-23T15:57:47Z
2026-08-23T15:57:37Z,2026-08-23T17:57:37+0200,4e74b68d-c003-4d56-be5d-5f0c265edc96,2026-08-15T13:30:00Z,2026-08-15T15:30:00+0200,8520.05,MW,BE,BE,forecast_load,Forecasted Load,2026-08-23T15:57:47Z
2026-08-23T15:57:37Z,2026-08-23T17:57:37+0200,4e74b68d-c003-4d56-be5d-5f0c265edc96,2026-08-15T13:45:00Z,2026-08-15T15:45:00+0200,8445.67,MW,BE,BE,forecast_load,Forecasted Load,2026-08-23T15:57:47Z
2026-08-23T15:57:37Z,2026-08-23T17:57:37+0200,4e74b68d-c003-4d56-be5d-5f0c265edc96,2026-08-15T14:00:00Z,2026-08-15T16:00:00+0200,8365.98,MW,BE,BE,forecast_load,Forecasted Load,2026-08-23T15:57:47Z
2026-08-23T15:57:37Z,2026-08-23T17:57:37+0200,4e74b68d-c003-4d56-be5d-5f0c265edc96,2026-08-15T14:15:00Z,2026-08-15T16:15:00+0200,8286.26,MW,BE,BE,forecast_load,Forecasted Load,2026-08-23T15:57:47Z
2026-08-23T15:57:37Z,2026-08-23T17:57:37+0200,4e74b68d-c003-4d56-be5d-5f0c265edc96,2026-08-15T14:30:00Z,2026-08-15T16:30:00+0200,8255.16,MW,BE,BE,forecast_load,Forecasted Load,2026-08-23T15:57:47Z
2026-08-23T15:57:37Z,2026-08-23T17:57:37+0200,4e74b68d-c003-4d56-be5d-5f0c265edc96,2026-08-15T14:45:00Z,2026-08-15T16:45:00+0200,8240.66,MW,BE,BE,forecast_load,Forecasted Load,2026-08-23T15:57:47Z
2026-08-23T15:57:37Z,2026-08-23T17:57:37+0200,4e74b68d-c003-4d56-be5d-5f0c265edc96,2026-08-15T15:00:00Z,2026-08-15T17:00:00+0200,8243.01,MW,BE,BE,forecast_load,Forecasted Load,2026-08-23T15:57:47Z
2026-08-23T15:57:37Z,2026-08-23T17:57:37+0200,4e74b68d-c003-4d56-be5d-5f0c265edc96,2026-08-15T15:15:00Z,2026-08-15T17:15:00+0200,8268.9,MW,BE,BE,forecast_load,Forecasted Load,2026-08-23T15:57:47Z
2026-08-23T15:57:37Z,2026-08-23T17:57:37+0200,4e74b68d-c003-4d56-be5d-5f0c265edc96,2026-08-15T15:30:00Z,2026-08-15T17:30:00+0200,8328.74,MW,BE,BE,forecast_load,Forecasted Load,2026-08-23T15:57:47Z
2026-08-23T15:57:37Z,2026-08-23T17:57:37+0200,4e74b68d-c003-4d56-be5d-5f0c265edc96,2026-08-15T15:45:00Z,2026-08-15T17:45:00+0200,8444.21,MW,BE,BE,forecast_load,Forecasted Load,2026-08-23T15:57:47Z
2026-08-23T15:57:37Z,2026-08-23T17:57:37+0200,4e74b68d-c003-4d56-be5d-5f0c265edc96,2026-08-15T16:00:00Z,2026-08-15T18:00:00+0200,8565.0,MW,BE,BE,forecast_load,Forecasted Load,2026-08-23T15:57:47Z
2026-08-23T15:57:37Z,2026-08-23T17:57:37+0200,4e74b68d-c003-4d56-be5d-5f0c265edc96,2026-08-15T16:15:00Z,2026-08-15T18:15:00+0200,8664.79,MW,BE,BE,forecast_load,Forecasted Load,2026-08-23T15:57:47Z
2026-08-23T15:57:37Z,2026-08-23T17:57:37+0200,4e74b68d-c003-4d56-be5d-5f0c265edc96,2026-08-15T16:30:00Z,2026-08-15T18:30:00+0200,8704.95,MW,BE,BE,forecast_load,Forecasted Load,2026-08-23T15:57:47Z
2026-08-23T15:57:37Z,2026-08-23T17:57:37+0200,4e74b68d-c003-4d56-be5d-5f0c265edc96,2026-08-15T16:45:00Z,2026-08-15T18:45:00+0200,8719.67,MW,BE,BE,forecast_load,Forecasted Load,2026-08-23T15:57:47Z
2026-08-23T15:57:37Z,2026-08-23T17:57:37+0200,4e74b68d-c003-4d56-be5d-5f0c265edc96,2026-08-15T17:00:00Z,2026-08-15T19:00:00+0200,8714.1,MW,BE,BE,forecast_load,Forecasted Load,2026-08-23T15:57:47Z
2026-08-23T15:57:37Z,2026-08-23T17:57:37+0200,4e74b68d-c003-4d56-be5d-5f0c265edc96,2026-08-15T17:15:00Z,2026-08-15T19:15:00+0200,8703.14,MW,BE,BE,forecast_load,Forecasted Load,2026-08-23T15:57:47Z
2026-08-23T15:57:37Z,2026-08-23T17:57:37+0200,4e74b68d-c003-4d56-be5d-5f0c265edc96,2026-08-15T17:30:00Z,2026-08-15T19:30:00+0200,8680.04,MW,BE,BE,forecast_load,Forecasted Load,2026-08-23T15:57:47Z
2026-08-23T15:57:37Z,2026-08-23T17:57:37+0200,4e74b68d-c003-4d56-be5d-5f0c265edc96,2026-08-15T17:45:00Z,2026-08-15T19:45:00+0200,8676.6,MW,BE,BE,forecast_load,Forecasted Load,2026-08-23T15:57:47Z
2026-08-23T15:57:37Z,2026-08-23T17:57:37+0200,4e74b68d-c003-4d56-be5d-5f0c265edc96,2026-08-15T18:00:00Z,2026-08-15T20:00:00+0200,8648.62,MW,BE,BE,forecast_load,Forecasted Load,2026-08-23T15:57:47Z
2026-08-23T15:57:37Z,2026-08-23T17:57:37+0200,4e74b68d-c003-4d56-be5d-5f0c265edc96,2026-08-15T18:15:00Z,2026-08-15T20:15:00+0200,8616.94,MW,BE,BE,forecast_load,Forecasted Load,2026-08-23T15:57:47Z
2026-08-23T15:57:37Z,2026-08-23T17:57:37+0200,4e74b68d-c003-4d56-be5d-5f0c265edc96,2026-08-15T18:30:00Z,2026-08-15T20:30:00+0200,8552.03,MW,BE,BE,forecast_load,Forecasted Load,2026-08-23T15:57:47Z
2026-08-23T15:57:37Z,2026-08-23T17:57:37+0200,4e74b68d-c003-4d56-be5d-5f0c265edc96,2026-08-15T18:45:00Z,2026-08-15T20:45:00+0200,8605.57,MW,BE,BE,forecast_load,Forecasted Load,2026-08-23T15:57:47Z
2026-08-23T15:57:37Z,2026-08-23T17:57:37+0200,4e74b68d-c003-4d56-be5d-5f0c265edc96,2026-08-15T19:00:00Z,2026-08-15T21:00:00+0200,8664.2,MW,BE,BE,forecast_load,Forecasted Load,2026-08-23T15:57:47Z
2026-08-23T15:57:37Z,2026-08-23T17:57:37+0200,4e74b68d-c003-4d56-be5d-5f0c265edc96,2026-08-15T19:15:00Z,2026-08-15T21:15:00+0200,8729.23,MW,BE,BE,forecast_load,Forecasted Load,2026-08-23T15:57:47Z
2026-08-23T15:57:37Z,2026-08-23T17:57:37+0200,4e74b68d-c003-4d56-be5d-5f0c265edc96,2026-08-15T19:30:00Z,2026-08-15T21:30:00+0200,8685.89,MW,BE,BE,forecast_load,Forecasted Load,2026-08-23T15:57:47Z
2026-08-23T15:57:37Z,2026-08-23T17:57:37+0200,4e74b68d-c003-4d56-be5d-5f0c265edc96,2026-08-15T19:45:00Z,2026-08-15T21:45:00+0200,8621.69,MW,BE,BE,forecast_load,Forecasted Load,2026-08-23T15:57:47Z
2026-08-23T15:57:37Z,2026-08-23T17:57:37+0200,4e74b68d-c003-4d56-be5d-5f0c265edc96,2026-08-15T20:00:00Z,2026-08-15T22:00:00+0200,8548.69,MW,BE,BE,forecast_load,Forecasted Load,2026-08-23T15:57:47Z
2026-08-23T15:57:37Z,2026-08-23T17:57:37+0200,4e74b68d-c003-4d56-be5d-5f0c265edc96,2026-08-15T20:15:00Z,2026-08-15T22:15:00+0200,8461.3,MW,BE,BE,forecast_load,Forecasted Load,2026-08-23T15:57:47Z
2026-08-23T15:57:37Z,2026-08-23T17:57:37+0200,4e74b68d-c003-4d56-be5d-5f0c265edc96,2026-08-15T20:30:00Z,2026-08-15T22:30:00+0200,8383.26,MW,BE,BE,forecast_load,Forecasted Load,2026-08-23T15:57:47Z
2026-08-23T15:57:37Z,2026-08-23T17:57:37+0200,4e74b68d-c003-4d56-be5d-5f0c265edc96,2026-08-15T20:45:00Z,2026-08-15T22:45:00+0200,8232.75,MW,BE,BE,forecast_load,Forecasted Load,2026-08-23T15:57:47Z
2026-08-23T15:57:37Z,2026-08-23T17:57:37+0200,4e74b68d-c003-4d56-be5d-5f0c265edc96,2026-08-15T21:00:00Z,2026-08-15T23:00:00+0200,8117.45,MW,BE,BE,forecast_load,Forecasted Load,2026-08-23T15:57:47Z
2026-08-23T15:57:37Z,2026-08-23T17:57:37+0200,4e74b68d-c003-4d56-be5d-5f0c265edc96,2026-08-15T21:15:00Z,2026-08-15T23:15:00+0200,8014.78,MW,BE,BE,forecast_load,Forecasted Load,2026-08-23T15:57:47Z
2026-08-23T15:57:37Z,2026-08-23T17:57:37+0200,4e74b68d-c003-4d56-be5d-5f0c265edc96,2026-08-15T21:30:00Z,2026-08-15T23:30:00+0200,7982.51,MW,BE,BE,forecast_load,Forecasted Load,2026-08-23T15:57:47Z
2026-08-23T15:57:37Z,2026-08-23T17:57:37+0200,4e74b68d-c003-4d56-be5d-5f0c265edc96,2026-08-15T21:45:00Z,2026-08-15T23:45:00+0200,7881.21,MW,BE,BE,forecast_load,Forecasted Load,2026-08-23T15:57:47Z
2026-08-23T15:57:37Z,2026-08-23T17:57:37+0200,4e74b68d-c003-4d56-be5d-5f0c265edc96,2026-08-15T22:00:00Z,2026-08-16T00:00:00+0200,7628.47,MW,BE,BE,forecast_load,Forecasted Load,2026-08-23T15:57:47Z
2026-08-23T15:57:37Z,2026-08-23T17:57:37+0200,4e74b68d-c003-4d56-be5d-5f0c265edc96,2026-08-15T22:15:00Z,2026-08-16T00:15:00+0200,7526.34,MW,BE,BE,forecast_load,Forecasted Load,2026-08-23T15:57:47Z
2026-08-23T15:57:37Z,2026-08-23T17:57:37+0200,4e74b68d-c003-4d56-be5d-5f0c265edc96,2026-08-15T22:30:00Z,2026-08-16T00:30:00+0200,7446.29,MW,BE,BE,forecast_load,Forecasted Load,2026-08-23T15:57:47Z
2026-08-23T15:57:37Z,2026-08-23T17:57:37+0200,4e74b68d-c003-4d56-be5d-5f0c265edc96,2026-08-15T22:45:00Z,2026-08-16T00:45:00+0200,7409.38,MW,BE,BE,forecast_load,Forecasted Load,2026-08-23T15:57:47Z
2026-08-23T15:57:37Z,2026-08-23T17:57:37+0200,4e74b68d-c003-4d56-be5d-5f0c265edc96,2026-08-15T23:00:00Z,2026-08-16T01:00:00+0200,7365.92,MW,BE,BE,forecast_load,Forecasted Load,2026-08-23T15:57:47Z
2026-08-23T15:57:37Z,2026-08-23T17:57:37+0200,4e74b68d-c003-4d56-be5d-5f0c265edc96,2026-08-15T23:15:00Z,2026-08-16T01:15:00+0200,7319.97,MW,BE,BE,forecast_load,Forecasted Load,2026-08-23T15:57:47Z
2026-08-23T15:57:37Z,2026-08-23T17:57:37+0200,4e74b68d-c003-4d56-be5d-5f0c265edc96,2026-08-15T23:30:00Z,2026-08-16T01:30:00+0200,7231.42,MW,BE,BE,forecast_load,Forecasted Load,2026-08-23T15:57:47Z
2026-08-23T15:57:37Z,2026-08-23T17:57:37+0200,4e74b68d-c003-4d56-be5d-5f0c265edc96,2026-08-15T23:45:00Z,2026-08-16T01:45:00+0200,7173.9,MW,BE,BE,forecast_load,Forecasted Load,2026-08-23T15:57:47Z
2026-08-23T15:57:37Z,2026-08-23T17:57:37+0200,4e74b68d-c003-4d56-be5d-5f0c265edc96,2026-08-16T00:00:00Z,2026-08-16T02:00:00+0200,7082.68,MW,BE,BE,forecast_load,Forecasted Load,2026-08-23T15:57:47Z
2026-08-23T15:57:37Z,2026-08-23T17:57:37+0200,4e74b68d-c003-4d56-be5d-5f0c265edc96,2026-08-16T00:15:00Z,2026-08-16T02:15:00+0200,7017.78,MW,BE,BE,forecast_load,Forecasted Load,2026-08-23T15:57:47Z
2026-08-23T15:57:37Z,2026-08-23T17:57:37+0200,4e74b68d-c003-4d56-be5d-5f0c265edc96,2026-08-16T00:30:00Z,2026-08-16T02:30:00+0200,6964.43,MW,BE,BE,forecast_load,Forecasted Load,2026-08-23T15:57:47Z
2026-08-23T15:57:37Z,2026-08-23T17:57:37+0200,4e74b68d-c003-4d56-be5d-5f0c265edc96,2026-08-16T00:45:00Z,2026-08-16T02:45:00+0200,6928.2,MW,BE,BE,forecast_load,Forecasted Load,2026-08-23T15:57:47Z
2026-08-23T15:57:37Z,2026-08-23T17:57:37+0200,4e74b68d-c003-4d56-be5d-5f0c265edc96,2026-08-16T01:00:00Z,2026-08-16T03:00:00+0200,6839.21,MW,BE,BE,forecast_load,Forecasted Load,2026-08-23T15:57:47Z
2026-08-23T15:57:37Z,2026-08-23T17:57:37+0200,4e74b68d-c003-4d56-be5d-5f0c265edc96,2026-08-16T01:15:00Z,2026-08-16T03:15:00+0200,6780.33,MW,BE,BE,forecast_load,Forecasted Load,2026-08-23T15:57:47Z
2026-08-23T15:57:37Z,2026-08-23T17:57:37+0200,4e74b68d-c003-4d56-be5d-5f0c265edc96,2026-08-16T01:30:00Z,2026-08-16T03:30:00+0200,6778.15,MW,BE,BE,forecast_load,Forecasted Load,2026-08-23T15:57:47Z
2026-08-23T15:57:37Z,2026-08-23T17:57:37+0200,4e74b68d-c003-4d56-be5d-5f0c265edc96,2026-08-16T01:45:00Z,2026-08-16T03:45:00+0200,6760.65,MW,BE,BE,forecast_load,Forecasted Load,2026-08-23T15:57:47Z
2026-08-23T15:57:37Z,2026-08-23T17:57:37+0200,4e74b68d-c003-4d56-be5d-5f0c265edc96,2026-08-16T02:00:00Z,2026-08-16T04:00:00+0200,6867.52,MW,BE,BE,forecast_load,Forecasted Load,2026-08-23T15:57:47Z
2026-08-23T15:57:37Z,2026-08-23T17:57:37+0200,4e74b68d-c003-4d56-be5d-5f0c265edc96,2026-08-16T02:15:00Z,2026-08-16T04:15:00+0200,6842.34,MW,BE,BE,forecast_load,Forecasted Load,2026-08-23T15:57:47Z
2026-08-23T15:57:37Z,2026-08-23T17:57:37+0200,4e74b68d-c003-4d56-be5d-5f0c265edc96,2026-08-16T02:30:00Z,2026-08-16T04:30:00+0200,6817.21,MW,BE,BE,forecast_load,Forecasted Load,2026-08-23T15:57:47Z
2026-08-23T15:57:37Z,2026-08-23T17:57:37+0200,4e74b68d-c003-4d56-be5d-5f0c265edc96,2026-08-16T02:45:00Z,2026-08-16T04:45:00+0200,6811.01,MW,BE,BE,forecast_load,Forecasted Load,2026-08-23T15:57:47Z
2026-08-23T15:57:37Z,2026-08-23T17:57:37+0200,4e74b68d-c003-4d56-be5d-5f0c265edc96,2026-08-16T03:00:00Z,2026-08-16T05:00:00+0200,6848.82,MW,BE,BE,forecast_load,Forecasted Load,2026-08-23T15:57:47Z
2026-08-23T15:57:37Z,2026-08-23T17:57:37+0200,4e74b68d-c003-4d56-be5d-5f0c265edc96,2026-08-16T03:15:00Z,2026-08-16T05:15:00+0200,6857.82,MW,BE,BE,forecast_load,Forecasted Load,2026-08-23T15:57:47Z
2026-08-23T15:57:37Z,2026-08-23T17:57:37+0200,4e74b68d-c003-4d56-be5d-5f0c265edc96,2026-08-16T03:30:00Z,2026-08-16T05:30:00+0200,6887.75,MW,BE,BE,forecast_load,Forecasted Load,2026-08-23T15:57:47Z
2026-08-23T15:57:37Z,2026-08-23T17:57:37+0200,4e74b68d-c003-4d56-be5d-5f0c265edc96,2026-08-16T03:45:00Z,2026-08-16T05:45:00+0200,6863.43,MW,BE,BE,forecast_load,Forecasted Load,2026-08-23T15:57:47Z
2026-08-23T15:57:37Z,2026-08-23T17:57:37+0200,4e74b68d-c003-4d56-be5d-5f0c265edc96,2026-08-16T04:00:00Z,2026-08-16T06:00:00+0200,6933.4,MW,BE,BE,forecast_load,Forecasted Load,2026-08-23T15:57:47Z
2026-08-23T15:57:37Z,2026-08-23T17:57:37+0200,4e74b68d-c003-4d56-be5d-5f0c265edc96,2026-08-16T04:15:00Z,2026-08-16T06:15:00+0200,6948.45,MW,BE,BE,forecast_load,Forecasted Load,2026-08-23T15:57:47Z
2026-08-23T15:57:37Z,2026-08-23T17:57:37+0200,4e74b68d-c003-4d56-be5d-5f0c265edc96,2026-08-16T04:30:00Z,2026-08-16T06:30:00+0200,6996.94,MW,BE,BE,forecast_load,Forecasted Load,2026-08-23T15:57:47Z
2026-08-23T15:57:37Z,2026-08-23T17:57:37+0200,4e74b68d-c003-4d56-be5d-5f0c265edc96,2026-08-16T04:45:00Z,2026-08-16T06:45:00+0200,7040.07,MW,BE,BE,forecast_load,Forecasted Load,2026-08-23T15:57:47Z
2026-08-23T15:57:37Z,2026-08-23T17:57:37+0200,4e74b68d-c003-4d56-be5d-5f0c265edc96,2026-08-16T05:00:00Z,2026-08-16T07:00:00+0200,7042.65,MW,BE,BE,forecast_load,Forecasted Load,2026-08-23T15:57:47Z
2026-08-23T15:57:37Z,2026-08-23T17:57:37+0200,4e74b68d-c003-4d56-be5d-5f0c265edc96,2026-08-16T05:15:00Z,2026-08-16T07:15:00+0200,7115.03,MW,BE,BE,forecast_load,Forecasted Load,2026-08-23T15:57:47Z
2026-08-23T15:57:37Z,2026-08-23T17:57:37+0200,4e74b68d-c003-4d56-be5d-5f0c265edc96,2026-08-16T05:30:00Z,2026-08-16T07:30:00+0200,7188.2,MW,BE,BE,forecast_load,Forecasted Load,2026-08-23T15:57:47Z
2026-08-23T15:57:37Z,2026-08-23T17:57:37+0200,4e74b68d-c003-4d56-be5d-5f0c265edc96,2026-08-16T05:45:00Z,2026-08-16T07:45:00+0200,7277.17,MW,BE,BE,forecast_load,Forecasted Load,2026-08-23T15:57:47Z
2026-08-23T15:57:37Z,2026-08-23T17:57:37+0200,4e74b68d-c003-4d56-be5d-5f0c265edc96,2026-08-16T06:00:00Z,2026-08-16T08:00:00+0200,7312.7,MW,BE,BE,forecast_load,Forecasted Load,2026-08-23T15:57:47Z
2026-08-23T15:57:37Z,2026-08-23T17:57:37+0200,4e74b68d-c003-4d56-be5d-5f0c265edc96,2026-08-16T06:15:00Z,2026-08-16T08:15:00+0200,7421.02,MW,BE,BE,forecast_load,Forecasted Load,2026-08-23T15:57:47Z
2026-08-23T15:57:37Z,2026-08-23T17:57:37+0200,4e74b68d-c003-4d56-be5d-5f0c265edc96,2026-08-16T06:30:00Z,2026-08-16T08:30:00+0200,7510.06,MW,BE,BE,forecast_load,Forecasted Load,2026-08-23T15:57:47Z
2026-08-23T15:57:37Z,2026-08-23T17:57:37+0200,4e74b68d-c003-4d56-be5d-5f0c265edc96,2026-08-16T06:45:00Z,2026-08-16T08:45:00+0200,7597.67,MW,BE,BE,forecast_load,Forecasted Load,2026-08-23T15:57:47Z
2026-08-23T15:57:37Z,2026-08-23T17:57:37+0200,4e74b68d-c003-4d56-be5d-5f0c265edc96,2026-08-16T07:00:00Z,2026-08-16T09:00:00+0200,7674.68,MW,BE,BE,forecast_load,Forecasted Load,2026-08-23T15:57:47Z
2026-08-23T15:57:37Z,2026-08-23T17:57:37+0200,4e74b68d-c003-4d56-be5d-5f0c265edc96,2026-08-16T07:15:00Z,2026-08-16T09:15:00+0200,7772.95,MW,BE,BE,forecast_load,Forecasted Load,2026-08-23T15:57:47Z
2026-08-23T15:57:37Z,2026-08-23T17:57:37+0200,4e74b68d-c003-4d56-be5d-5f0c265edc96,2026-08-16T07:30:00Z,2026-08-16T09:30:00+0200,7964.36,MW,BE,BE,forecast_load,Forecasted Load,2026-08-23T15:57:47Z
2026-08-23T15:57:37Z,2026-08-23T17:57:37+0200,4e74b68d-c003-4d56-be5d-5f0c265edc96,2026-08-16T07:45:00Z,2026-08-16T09:45:00+0200,8166.08,MW,BE,BE,forecast_load,Forecasted Load,2026-08-23T15:57:47Z
2026-08-23T15:57:37Z,2026-08-23T17:57:37+0200,4e74b68d-c003-4d56-be5d-5f0c265edc96,2026-08-16T08:00:00Z,2026-08-16T10:00:00+0200,8126.59,MW,BE,BE,forecast_load,Forecasted Load,2026-08-23T15:57:47Z
2026-08-23T15:57:37Z,2026-08-23T17:57:37+0200,4e74b68d-c003-4d56-be5d-5f0c265edc96,2026-08-16T08:15:00Z,2026-08-16T10:15:00+0200,8246.95,MW,BE,BE,forecast_load,Forecasted Load,2026-08-23T15:57:47Z
2026-08-23T15:57:37Z,2026-08-23T17:57:37+0200,4e74b68d-c003-4d56-be5d-5f0c265edc96,2026-08-16T08:30:00Z,2026-08-16T10:30:00+0200,8352.69,MW,BE,BE,forecast_load,Forecasted Load,2026-08-23T15:57:47Z
2026-08-23T15:57:37Z,2026-08-23T17:57:37+0200,4e74b68d-c003-4d56-be5d-5f0c265edc96,2026-08-16T08:45:00Z,2026-08-16T10:45:00+0200,8518.63,MW,BE,BE,forecast_load,Forecasted Load,2026-08-23T15:57:47Z
2026-08-23T15:57:37Z,2026-08-23T17:57:37+0200,4e74b68d-c003-4d56-be5d-5f0c265edc96,2026-08-16T09:00:00Z,2026-08-16T11:00:00+0200,8612.46,MW,BE,BE,forecast_load,Forecasted Load,2026-08-23T15:57:47Z
2026-08-23T15:57:37Z,2026-08-23T17:57:37+0200,4e74b68d-c003-4d56-be5d-5f0c265edc96,2026-08-16T09:15:00Z,2026-08-16T11:15:00+0200,8697.28,MW,BE,BE,forecast_load,Forecasted Load,2026-08-23T15:57:47Z
2026-08-23T15:57:37Z,2026-08-23T17:57:37+0200,4e74b68d-c003-4d56-be5d-5f0c265edc96,2026-08-16T09:30:00Z,2026-08-16T11:30:00+0200,8806.93,MW,BE,BE,forecast_load,Forecasted Load,2026-08-23T15:57:47Z
2026-08-23T15:57:37Z,2026-08-23T17:57:37+0200,4e74b68d-c003-4d56-be5d-5f0c265edc96,2026-08-16T09:45:00Z,2026-08-16T11:45:00+0200,8895.96,MW,BE,BE,forecast_load,Forecasted Load,2026-08-23T15:57:47Z
2026-08-23T15:57:37Z,2026-08-23T17:57:37+0200,4e74b68d-c003-4d56-be5d-5f0c265edc96,2026-08-16T10:00:00Z,2026-08-16T12:00:00+0200,8956.51,MW,BE,BE,forecast_load,Forecasted Load,2026-08-23T15:57:47Z
2026-08-23T15:57:37Z,2026-08-23T17:57:37+0200,4e74b68d-c003-4d56-be5d-5f0c265edc96,2026-08-16T10:15:00Z,2026-08-16T12:15:00+0200,8967.54,MW,BE,BE,forecast_load,Forecasted Load,2026-08-23T15:57:47Z
2026-08-23T15:57:37Z,2026-08-23T17:57:37+0200,4e74b68d-c003-4d56-be5d-5f0c265edc96,2026-08-16T10:30:00Z,2026-08-16T12:30:00+0200,8934.81,MW,BE,BE,forecast_load,Forecasted Load,2026-08-23T15:57:47Z
2026-08-23T15:57:37Z,2026-08-23T17:57:37+0200,4e74b68d-c003-4d56-be5d-5f0c265edc96,2026-08-16T10:45:00Z,2026-08-16T12:45:00+0200,8972.46,MW,BE,BE,forecast_load,Forecasted Load,2026-08-23T15:57:47Z
2026-08-23T15:57:37Z,2026-08-23T17:57:37+0200,4e74b68d-c003-4d56-be5d-5f0c265edc96,2026-08-16T11:00:00Z,2026-08-16T13:00:00+0200,9178.04,MW,BE,BE,forecast_load,Forecasted Load,2026-08-23T15:57:47Z
2026-08-23T15:57:37Z,2026-08-23T17:57:37+0200,4e74b68d-c003-4d56-be5d-5f0c265edc96,2026-08-16T11:15:00Z,2026-08-16T13:15:00+0200,9121.06,MW,BE,BE,forecast_load,Forecasted Load,2026-08-23T15:57:47Z
2026-08-23T15:57:37Z,2026-08-23T17:57:37+0200,4e74b68d-c003-4d56-be5d-5f0c265edc96,2026-08-16T11:30:00Z,2026-08-16T13:30:00+0200,9084.62,MW,BE,BE,forecast_load,Forecasted Load,2026-08-23T15:57:47Z
2026-08-23T15:57:37Z,2026-08-23T17:57:37+0200,4e74b68d-c003-4d56-be5d-5f0c265edc96,2026-08-16T11:45:00Z,2026-08-16T13:45:00+0200,9008.2,MW,BE,BE,forecast_load,Forecasted Load,2026-08-23T15:57:47Z
2026-08-23T15:57:37Z,2026-08-23T17:57:37+0200,4e74b68d-c003-4d56-be5d-5f0c265edc96,2026-08-16T12:00:00Z,2026-08-16T14:00:00+0200,9036.67,MW,BE,BE,forecast_load,Forecasted Load,2026-08-23T15:57:47Z
2026-08-23T15:57:37Z,2026-08-23T17:57:37+0200,4e74b68d-c003-4d56-be5d-5f0c265edc96,2026-08-16T12:15:00Z,2026-08-16T14:15:00+0200,8997.96,MW,BE,BE,forecast_load,Forecasted Load,2026-08-23T15:57:47Z
2026-08-23T15:57:37Z,2026-08-23T17:57:37+0200,4e74b68d-c003-4d56-be5d-5f0c265edc96,2026-08-16T12:30:00Z,2026-08-16T14:30:00+0200,9020.08,MW,BE,BE,forecast_load,Forecasted Load,2026-08-23T15:57:47Z
2026-08-23T15:57:37Z,2026-08-23T17:57:37+0200,4e74b68d-c003-4d56-be5d-5f0c265edc96,2026-08-16T12:45:00Z,2026-08-16T14:45:00+0200,8947.89,MW,BE,BE,forecast_load,Forecasted Load,2026-08-23T15:57:47Z
2026-08-23T15:57:37Z,2026-08-23T17:57:37+0200,4e74b68d-c003-4d56-be5d-5f0c265edc96,2026-08-16T13:00:00Z,2026-08-16T15:00:00+0200,8809.82,MW,BE,BE,forecast_load,Forecasted Load,2026-08-23T15:57:47Z
2026-08-23T15:57:37Z,2026-08-23T17:57:37+0200,4e74b68d-c003-4d56-be5d-5f0c265edc96,2026-08-16T13:15:00Z,2026-08-16T15:15:00+0200,8773.05,MW,BE,BE,forecast_load,Forecasted Load,2026-08-23T15:57:47Z
2026-08-23T15:57:37Z,2026-08-23T17:57:37+0200,4e74b68d-c003-4d56-be5d-5f0c265edc96,2026-08-16T13:30:00Z,2026-08-16T15:30:00+0200,8775.58,MW,BE,BE,forecast_load,Forecasted Load,2026-08-23T15:57:47Z
2026-08-23T15:57:37Z,2026-08-23T17:57:37+0200,4e74b68d-c003-4d56-be5d-5f0c265edc96,2026-08-16T13:45:00Z,2026-08-16T15:45:00+0200,8646.79,MW,BE,BE,forecast_load,Forecasted Load,2026-08-23T15:57:47Z
2026-08-23T15:57:37Z,2026-08-23T17:57:37+0200,4e74b68d-c003-4d56-be5d-5f0c265edc96,2026-08-16T14:00:00Z,2026-08-16T16:00:00+0200,8568.29,MW,BE,BE,forecast_load,Forecasted Load,2026-08-23T15:57:47Z
2026-08-23T15:57:37Z,2026-08-23T17:57:37+0200,4e74b68d-c003-4d56-be5d-5f0c265edc96,2026-08-16T14:15:00Z,2026-08-16T16:15:00+0200,8394.79,MW,BE,BE,forecast_load,Forecasted Load,2026-08-23T15:57:47Z
2026-08-23T15:57:37Z,2026-08-23T17:57:37+0200,4e74b68d-c003-4d56-be5d-5f0c265edc96,2026-08-16T14:30:00Z,2026-08-16T16:30:00+0200,8308.53,MW,BE,BE,forecast_load,Forecasted Load,2026-08-23T15:57:47Z
2026-08-23T15:57:37Z,2026-08-23T17:57:37+0200,4e74b68d-c003-4d56-be5d-5f0c265edc96,2026-08-16T14:45:00Z,2026-08-16T16:45:00+0200,8276.02,MW,BE,BE,forecast_load,Forecasted Load,2026-08-23T15:57:47Z
2026-08-23T15:57:37Z,2026-08-23T17:57:37+0200,4e74b68d-c003-4d56-be5d-5f0c265edc96,2026-08-16T15:00:00Z,2026-08-16T17:00:00+0200,8360.24,MW,BE,BE,forecast_load,Forecasted Load,2026-08-23T15:57:47Z
2026-08-23T15:57:37Z,2026-08-23T17:57:37+0200,4e74b68d-c003-4d56-be5d-5f0c265edc96,2026-08-16T15:15:00Z,2026-08-16T17:15:00+0200,8269.08,MW,BE,BE,forecast_load,Forecasted Load,2026-08-23T15:57:47Z
2026-08-23T15:57:37Z,2026-08-23T17:57:37+0200,4e74b68d-c003-4d56-be5d-5f0c265edc96,2026-08-16T15:30:00Z,2026-08-16T17:30:00+0200,8287.82,MW,BE,BE,forecast_load,Forecasted Load,2026-08-23T15:57:47Z
2026-08-23T15:57:37Z,2026-08-23T17:57:37+0200,4e74b68d-c003-4d56-be5d-5f0c265edc96,2026-08-16T15:45:00Z,2026-08-16T17:45:00+0200,8263.53,MW,BE,BE,forecast_load,Forecasted Load,2026-08-23T15:57:47Z
2026-08-23T15:57:37Z,2026-08-23T17:57:37+0200,4e74b68d-c003-4d56-be5d-5f0c265edc96,2026-08-16T16:00:00Z,2026-08-16T18:00:00+0200,8349.15,MW,BE,BE,forecast_load,Forecasted Load,2026-08-23T15:57:47Z
2026-08-23T15:57:37Z,2026-08-23T17:57:37+0200,4e74b68d-c003-4d56-be5d-5f0c265edc96,2026-08-16T16:15:00Z,2026-08-16T18:15:00+0200,8338.19,MW,BE,BE,forecast_load,Forecasted Load,2026-08-23T15:57:47Z
2026-08-23T15:57:37Z,2026-08-23T17:57:37+0200,4e74b68d-c003-4d56-be5d-5f0c265edc96,2026-08-16T16:30:00Z,2026-08-16T18:30:00+0200,8394.94,MW,BE,BE,forecast_load,Forecasted Load,2026-08-23T15:57:47Z
2026-08-23T15:57:37Z,2026-08-23T17:57:37+0200,4e74b68d-c003-4d56-be5d-5f0c265edc96,2026-08-16T16:45:00Z,2026-08-16T18:45:00+0200,8399.87,MW,BE,BE,forecast_load,Forecasted Load,2026-08-23T15:57:47Z
2026-08-23T15:57:37Z,2026-08-23T17:57:37+0200,4e74b68d-c003-4d56-be5d-5f0c265edc96,2026-08-16T17:00:00Z,2026-08-16T19:00:00+0200,8388.81,MW,BE,BE,forecast_load,Forecasted Load,2026-08-23T15:57:47Z
2026-08-23T15:57:37Z,2026-08-23T17:57:37+0200,4e74b68d-c003-4d56-be5d-5f0c265edc96,2026-08-16T17:15:00Z,2026-08-16T19:15:00+0200,8338.98,MW,BE,BE,forecast_load,Forecasted Load,2026-08-23T15:57:47Z
2026-08-23T15:57:37Z,2026-08-23T17:57:37+0200,4e74b68d-c003-4d56-be5d-5f0c265edc96,2026-08-16T17:30:00Z,2026-08-16T19:30:00+0200,8392.78,MW,BE,BE,forecast_load,Forecasted Load,2026-08-23T15:57:47Z
2026-08-23T15:57:37Z,2026-08-23T17:57:37+0200,4e74b68d-c003-4d56-be5d-5f0c265edc96,2026-08-16T17:45:00Z,2026-08-16T19:45:00+0200,8340.43,MW,BE,BE,forecast_load,Forecasted Load,2026-08-23T15:57:47Z
2026-08-23T15:57:37Z,2026-08-23T17:57:37+0200,4e74b68d-c003-4d56-be5d-5f0c265edc96,2026-08-16T18:00:00Z,2026-08-16T20:00:00+0200,8389.47,MW,BE,BE,forecast_load,Forecasted Load,2026-08-23T15:57:47Z
2026-08-23T15:57:37Z,2026-08-23T17:57:37+0200,4e74b68d-c003-4d56-be5d-5f0c265edc96,2026-08-16T18:15:00Z,2026-08-16T20:15:00+0200,8361.28,MW,BE,BE,forecast_load,Forecasted Load,2026-08-23T15:57:47Z
2026-08-23T15:57:37Z,2026-08-23T17:57:37+0200,4e74b68d-c003-4d56-be5d-5f0c265edc96,2026-08-16T18:30:00Z,2026-08-16T20:30:00+0200,8316.33,MW,BE,BE,forecast_load,Forecasted Load,2026-08-23T15:57:47Z
2026-08-23T15:57:37Z,2026-08-23T17:57:37+0200,4e74b68d-c003-4d56-be5d-5f0c265edc96,2026-08-16T18:45:00Z,2026-08-16T20:45:00+0200,8250.95,MW,BE,BE,forecast_load,Forecasted Load,2026-08-23T15:57:47Z
2026-08-23T15:57:37Z,2026-08-23T17:57:37+0200,4e74b68d-c003-4d56-be5d-5f0c265edc96,2026-08-16T19:00:00Z,2026-08-16T21:00:00+0200,8424.55,MW,BE,BE,forecast_load,Forecasted Load,2026-08-23T15:57:47Z
2026-08-23T15:57:37Z,2026-08-23T17:57:37+0200,4e74b68d-c003-4d56-be5d-5f0c265edc96,2026-08-16T19:15:00Z,2026-08-16T21:15:00+0200,8395.29,MW,BE,BE,forecast_load,Forecasted Load,2026-08-23T15:57:47Z
2026-08-23T15:57:37Z,2026-08-23T17:57:37+0200,4e74b68d-c003-4d56-be5d-5f0c265edc96,2026-08-16T19:30:00Z,2026-08-16T21:30:00+0200,8449.44,MW,BE,BE,forecast_load,Forecasted Load,2026-08-23T15:57:47Z
2026-08-23T15:57:37Z,2026-08-23T17:57:37+0200,4e74b68d-c003-4d56-be5d-5f0c265edc96,2026-08-16T19:45:00Z,2026-08-16T21:45:00+0200,8506.76,MW,BE,BE,forecast_load,Forecasted Load,2026-08-23T15:57:47Z
2026-08-23T15:57:37Z,2026-08-23T17:57:37+0200,4e74b68d-c003-4d56-be5d-5f0c265edc96,2026-08-16T20:00:00Z,2026-08-16T22:00:00+0200,8191.74,MW,BE,BE,forecast_load,Forecasted Load,2026-08-23T15:57:47Z
2026-08-23T15:57:37Z,2026-08-23T17:57:37+0200,4e74b68d-c003-4d56-be5d-5f0c265edc96,2026-08-16T20:15:00Z,2026-08-16T22:15:00+0200,8254.16,MW,BE,BE,forecast_load,Forecasted Load,2026-08-23T15:57:47Z
2026-08-23T15:57:37Z,2026-08-23T17:57:37+0200,4e74b68d-c003-4d56-be5d-5f0c265edc96,2026-08-16T20:30:00Z,2026-08-16T22:30:00+0200,8183.38,MW,BE,BE,forecast_load,Forecasted Load,2026-08-23T15:57:47Z
2026-08-23T15:57:37Z,2026-08-23T17:57:37+0200,4e74b68d-c003-4d56-be5d-5f0c265edc96,2026-08-16T20:45:00Z,2026-08-16T22:45:00+0200,8142.63,MW,BE,BE,forecast_load,Forecasted Load,2026-08-23T15:57:47Z
2026-08-23T15:57:37Z,2026-08-23T17:57:37+0200,4e74b68d-c003-4d56-be5d-5f0c265edc96,2026-08-16T21:00:00Z,2026-08-16T23:00:00+0200,7954.03,MW,BE,BE,forecast_load,Forecasted Load,2026-08-23T15:57:47Z
2026-08-23T15:57:37Z,2026-08-23T17:57:37+0200,4e74b68d-c003-4d56-be5d-5f0c265edc96,2026-08-16T21:15:00Z,2026-08-16T23:15:00+0200,7890.24,MW,BE,BE,forecast_load,Forecasted Load,2026-08-23T15:57:47Z
2026-08-23T15:57:37Z,2026-08-23T17:57:37+0200,4e74b68d-c003-4d56-be5d-5f0c265edc96,2026-08-16T21:30:00Z,2026-08-16T23:30:00+0200,7776.86,MW,BE,BE,forecast_load,Forecasted Load,2026-08-23T15:57:47Z
2026-08-23T15:57:37Z,2026-08-23T17:57:37+0200,4e74b68d-c003-4d56-be5d-5f0c265edc96,2026-08-16T21:45:00Z,2026-08-16T23:45:00+0200,7714.21,MW,BE,BE,forecast_load,Forecasted Load,2026-08-23T15:57:47Z
2026-08-23T15:57:37Z,2026-08-23T17:57:37+0200,4e74b68d-c003-4d56-be5d-5f0c265edc96,2026-08-16T22:00:00Z,2026-08-17T00:00:00+0200,7660.53,MW,BE,BE,forecast_load,Forecasted Load,2026-08-23T15:57:47Z
2026-08-23T15:57:37Z,2026-08-23T17:57:37+0200,4e74b68d-c003-4d56-be5d-5f0c265edc96,2026-08-16T22:15:00Z,2026-08-17T00:15:00+0200,7601.83,MW,BE,BE,forecast_load,Forecasted Load,2026-08-23T15:57:47Z
2026-08-23T15:57:37Z,2026-08-23T17:57:37+0200,4e74b68d-c003-4d56-be5d-5f0c265edc96,2026-08-16T22:30:00Z,2026-08-17T00:30:00+0200,7559.37,MW,BE,BE,forecast_load,Forecasted Load,2026-08-23T15:57:47Z
2026-08-23T15:57:37Z,2026-08-23T17:57:37+0200,4e74b68d-c003-4d56-be5d-5f0c265edc96,2026-08-16T22:45:00Z,2026-08-17T00:45:00+0200,7466.98,MW,BE,BE,forecast_load,Forecasted Load,2026-08-23T15:57:47Z
2026-08-23T15:57:37Z,2026-08-23T17:57:37+0200,4e74b68d-c003-4d56-be5d-5f0c265edc96,2026-08-16T23:00:00Z,2026-08-17T01:00:00+0200,7485.1,MW,BE,BE,forecast_load,Forecasted Load,2026-08-23T15:57:47Z
2026-08-23T15:57:37Z,2026-08-23T17:57:37+0200,4e74b68d-c003-4d56-be5d-5f0c265edc96,2026-08-16T23:15:00Z,2026-08-17T01:15:00+0200,7443.2,MW,BE,BE,forecast_load,Forecasted Load,2026-08-23T15:57:47Z
2026-08-23T15:57:37Z,2026-08-23T17:57:37+0200,4e74b68d-c003-4d56-be5d-5f0c265edc96,2026-08-16T23:30:00Z,2026-08-17T01:30:00+0200,7374.3,MW,BE,BE,forecast_load,Forecasted Load,2026-08-23T15:57:47Z
2026-08-23T15:57:37Z,2026-08-23T17:57:37+0200,4e74b68d-c003-4d56-be5d-5f0c265edc96,2026-08-16T23:45:00Z,2026-08-17T01:45:00+0200,7314.11,MW,BE,BE,forecast_load,Forecasted Load,2026-08-23T15:57:47Z
2026-08-23T15:57:37Z,2026-08-23T17:57:37+0200,4e74b68d-c003-4d56-be5d-5f0c265edc96,2026-08-17T00:00:00Z,2026-08-17T02:00:00+0200,7531.56,MW,BE,BE,forecast_load,Forecasted Load,2026-08-23T15:57:47Z
2026-08-23T15:57:37Z,2026-08-23T17:57:37+0200,4e74b68d-c003-4d56-be5d-5f0c265edc96,2026-08-17T00:15:00Z,2026-08-17T02:15:00+0200,7449.41,MW,BE,BE,forecast_load,Forecasted Load,2026-08-23T15:57:47Z
2026-08-23T15:57:37Z,2026-08-23T17:57:37+0200,4e74b68d-c003-4d56-be5d-5f0c265edc96,2026-08-17T00:30:00Z,2026-08-17T02:30:00+0200,7389.5,MW,BE,BE,forecast_load,Forecasted Load,2026-08-23T15:57:47Z
2026-08-23T15:57:37Z,2026-08-23T17:57:37+0200,4e74b68d-c003-4d56-be5d-5f0c265edc96,2026-08-17T00:45:00Z,2026-08-17T02:45:00+0200,7409.99,MW,BE,BE,forecast_load,Forecasted Load,2026-08-23T15:57:47Z
2026-08-23T15:57:37Z,2026-08-23T17:57:37+0200,4e74b68d-c003-4d56-be5d-5f0c265edc96,2026-08-17T01:00:00Z,2026-08-17T03:00:00+0200,7438.73,MW,BE,BE,forecast_load,Forecasted Load,2026-08-23T15:57:47Z
2026-08-23T15:57:37Z,2026-08-23T17:57:37+0200,4e74b68d-c003-4d56-be5d-5f0c265edc96,2026-08-17T01:15:00Z,2026-08-17T03:15:00+0200,7408.1,MW,BE,BE,forecast_load,Forecasted Load,2026-08-23T15:57:47Z
2026-08-23T15:57:37Z,2026-08-23T17:57:37+0200,4e74b68d-c003-4d56-be5d-5f0c265edc96,2026-08-17T01:30:00Z,2026-08-17T03:30:00+0200,7410.77,MW,BE,BE,forecast_load,Forecasted Load,2026-08-23T15:57:47Z
2026-08-23T15:57:37Z,2026-08-23T17:57:37+0200,4e74b68d-c003-4d56-be5d-5f0c265edc96,2026-08-17T01:45:00Z,2026-08-17T03:45:00+0200,7389.67,MW,BE,BE,forecast_load,Forecasted Load,2026-08-23T15:57:47Z
2026-08-23T15:57:37Z,2026-08-23T17:57:37+0200,4e74b68d-c003-4d56-be5d-5f0c265edc96,2026-08-17T02:00:00Z,2026-08-17T04:00:00+0200,7425.03,MW,BE,BE,forecast_load,Forecasted Load,2026-08-23T15:57:47Z
2026-08-23T15:57:37Z,2026-08-23T17:57:37+0200,4e74b68d-c003-4d56-be5d-5f0c265edc96,2026-08-17T02:15:00Z,2026-08-17T04:15:00+0200,7438.97,MW,BE,BE,forecast_load,Forecasted Load,2026-08-23T15:57:47Z
2026-08-23T15:57:37Z,2026-08-23T17:57:37+0200,4e74b68d-c003-4d56-be5d-5f0c265edc96,2026-08-17T02:30:00Z,2026-08-17T04:30:00+0200,7453.28,MW,BE,BE,forecast_load,Forecasted Load,2026-08-23T15:57:47Z
2026-08-23T15:57:37Z,2026-08-23T17:57:37+0200,4e74b68d-c003-4d56-be5d-5f0c265edc96,2026-08-17T02:45:00Z,2026-08-17T04:45:00+0200,7478.38,MW,BE,BE,forecast_load,Forecasted Load,2026-08-23T15:57:47Z
2026-08-23T15:57:37Z,2026-08-23T17:57:37+0200,4e74b68d-c003-4d56-be5d-5f0c265edc96,2026-08-17T03:00:00Z,2026-08-17T05:00:00+0200,7557.58,MW,BE,BE,forecast_load,Forecasted Load,2026-08-23T15:57:47Z
2026-08-23T15:57:37Z,2026-08-23T17:57:37+0200,4e74b68d-c003-4d56-be5d-5f0c265edc96,2026-08-17T03:15:00Z,2026-08-17T05:15:00+0200,7599.15,MW,BE,BE,forecast_load,Forecasted Load,2026-08-23T15:57:47Z
2026-08-23T15:57:37Z,2026-08-23T17:57:37+0200,4e74b68d-c003-4d56-be5d-5f0c265edc96,2026-08-17T03:30:00Z,2026-08-17T05:30:00+0200,7679.08,MW,BE,BE,forecast_load,Forecasted Load,2026-08-23T15:57:47Z
2026-08-23T15:57:37Z,2026-08-23T17:57:37+0200,4e74b68d-c003-4d56-be5d-5f0c265edc96,2026-08-17T03:45:00Z,2026-08-17T05:45:00+0200,7805.07,MW,BE,BE,forecast_load,Forecasted Load,2026-08-23T15:57:47Z
2026-08-23T15:57:37Z,2026-08-23T17:57:37+0200,4e74b68d-c003-4d56-be5d-5f0c265edc96,2026-08-17T04:00:00Z,2026-08-17T06:00:00+0200,8052.38,MW,BE,BE,forecast_load,Forecasted Load,2026-08-23T15:57:47Z
2026-08-23T15:57:37Z,2026-08-23T17:57:37+0200,4e74b68d-c003-4d56-be5d-5f0c265edc96,2026-08-17T04:15:00Z,2026-08-17T06:15:00+0200,8122.58,MW,BE,BE,forecast_load,Forecasted Load,2026-08-23T15:57:47Z
2026-08-23T15:57:37Z,2026-08-23T17:57:37+0200,4e74b68d-c003-4d56-be5d-5f0c265edc96,2026-08-17T04:30:00Z,2026-08-17T06:30:00+0200,8263.67,MW,BE,BE,forecast_load,Forecasted Load,2026-08-23T15:57:47Z
2026-08-23T15:57:37Z,2026-08-23T17:57:37+0200,4e74b68d-c003-4d56-be5d-5f0c265edc96,2026-08-17T04:45:00Z,2026-08-17T06:45:00+0200,8358.76,MW,BE,BE,forecast_load,Forecasted Load,2026-08-23T15:57:47Z
2026-08-23T15:57:37Z,2026-08-23T17:57:37+0200,4e74b68d-c003-4d56-be5d-5f0c265edc96,2026-08-17T05:00:00Z,2026-08-17T07:00:00+0200,8529.78,MW,BE,BE,forecast_load,Forecasted Load,2026-08-23T15:57:47Z
2026-08-23T15:57:37Z,2026-08-23T17:57:37+0200,4e74b68d-c003-4d56-be5d-5f0c265edc96,2026-08-17T05:15:00Z,2026-08-17T07:15:00+0200,8711.89,MW,BE,BE,forecast_load,Forecasted Load,2026-08-23T15:57:47Z
2026-08-23T15:57:37Z,2026-08-23T17:57:37+0200,4e74b68d-c003-4d56-be5d-5f0c265edc96,2026-08-17T05:30:00Z,2026-08-17T07:30:00+0200,8949.6,MW,BE,BE,forecast_load,Forecasted Load,2026-08-23T15:57:47Z
2026-08-23T15:57:37Z,2026-08-23T17:57:37+0200,4e74b68d-c003-4d56-be5d-5f0c265edc96,2026-08-17T05:45:00Z,2026-08-17T07:45:00+0200,9127.19,MW,BE,BE,forecast_load,Forecasted Load,2026-08-23T15:57:47Z
2026-08-23T15:57:37Z,2026-08-23T17:57:37+0200,4e74b68d-c003-4d56-be5d-5f0c265edc96,2026-08-17T06:00:00Z,2026-08-17T08:00:00+0200,9278.24,MW,BE,BE,forecast_load,Forecasted Load,2026-08-23T15:57:47Z
2026-08-23T15:57:37Z,2026-08-23T17:57:37+0200,4e74b68d-c003-4d56-be5d-5f0c265edc96,2026-08-17T06:15:00Z,2026-08-17T08:15:00+0200,9414.26,MW,BE,BE,forecast_load,Forecasted Load,2026-08-23T15:57:47Z
2026-08-23T15:57:37Z,2026-08-23T17:57:37+0200,4e74b68d-c003-4d56-be5d-5f0c265edc96,2026-08-17T06:30:00Z,2026-08-17T08:30:00+0200,9599.42,MW,BE,BE,forecast_load,Forecasted Load,2026-08-23T15:57:47Z
2026-08-23T15:57:37Z,2026-08-23T17:57:37+0200,4e74b68d-c003-4d56-be5d-5f0c265edc96,2026-08-17T06:45:00Z,2026-08-17T08:45:00+0200,9803.01,MW,BE,BE,forecast_load,Forecasted Load,2026-08-23T15:57:47Z
2026-08-23T15:57:37Z,2026-08-23T17:57:37+0200,4e74b68d-c003-4d56-be5d-5f0c265edc96,2026-08-17T07:00:00Z,2026-08-17T09:00:00+0200,9995.59,MW,BE,BE,forecast_load,Forecasted Load,2026-08-23T15:57:47Z
2026-08-23T15:57:37Z,2026-08-23T17:57:37+0200,4e74b68d-c003-4d56-be5d-5f0c265edc96,2026-08-17T07:15:00Z,2026-08-17T09:15:00+0200,10031.33,MW,BE,BE,forecast_load,Forecasted Load,2026-08-23T15:57:47Z
2026-08-23T15:57:37Z,2026-08-23T17:57:37+0200,4e74b68d-c003-4d56-be5d-5f0c265edc96,2026-08-17T07:30:00Z,2026-08-17T09:30:00+0200,10176.26,MW,BE,BE,forecast_load,Forecasted Load,2026-08-23T15:57:47Z
2026-08-23T15:57:37Z,2026-08-23T17:57:37+0200,4e74b68d-c003-4d56-be5d-5f0c265edc96,2026-08-17T07:45:00Z,2026-08-17T09:45:00+0200,10273.47,MW,BE,BE,forecast_load,Forecasted Load,2026-08-23T15:57:47Z
2026-08-23T15:57:37Z,2026-08-23T17:57:37+0200,4e74b68d-c003-4d56-be5d-5f0c265edc96,2026-08-17T08:00:00Z,2026-08-17T10:00:00+0200,10275.91,MW,BE,BE,forecast_load,Forecasted Load,2026-08-23T15:57:47Z
2026-08-23T15:57:37Z,2026-08-23T17:57:37+0200,4e74b68d-c003-4d56-be5d-5f0c265edc96,2026-08-17T08:15:00Z,2026-08-17T10:15:00+0200,10311.56,MW,BE,BE,forecast_load,Forecasted Load,2026-08-23T15:57:47Z
2026-08-23T15:57:37Z,2026-08-23T17:57:37+0200,4e74b68d-c003-4d56-be5d-5f0c265edc96,2026-08-17T08:30:00Z,2026-08-17T10:30:00+0200,10433.16,MW,BE,BE,forecast_load,Forecasted Load,2026-08-23T15:57:47Z
2026-08-23T15:57:37Z,2026-08-23T17:57:37+0200,4e74b68d-c003-4d56-be5d-5f0c265edc96,2026-08-17T08:45:00Z,2026-08-17T10:45:00+0200,10527.86,MW,BE,BE,forecast_load,Forecasted Load,2026-08-23T15:57:47Z
2026-08-23T15:57:37Z,2026-08-23T17:57:37+0200,4e74b68d-c003-4d56-be5d-5f0c265edc96,2026-08-17T09:00:00Z,2026-08-17T11:00:00+0200,10600.34,MW,BE,BE,forecast_load,Forecasted Load,2026-08-23T15:57:47Z
2026-08-23T15:57:37Z,2026-08-23T17:57:37+0200,4e74b68d-c003-4d56-be5d-5f0c265edc96,2026-08-17T09:15:00Z,2026-08-17T11:15:00+0200,10735.0,MW,BE,BE,forecast_load,Forecasted Load,2026-08-23T15:57:47Z
2026-08-23T15:57:37Z,2026-08-23T17:57:37+0200,4e74b68d-c003-4d56-be5d-5f0c265edc96,2026-08-17T09:30:00Z,2026-08-17T11:30:00+0200,10868.46,MW,BE,BE,forecast_load,Forecasted Load,2026-08-23T15:57:47Z
2026-08-23T15:57:37Z,2026-08-23T17:57:37+0200,4e74b68d-c003-4d56-be5d-5f0c265edc96,2026-08-17T09:45:00Z,2026-08-17T11:45:00+0200,11104.93,MW,BE,BE,forecast_load,Forecasted Load,2026-08-23T15:57:47Z
2026-08-23T15:57:37Z,2026-08-23T17:57:37+0200,4e74b68d-c003-4d56-be5d-5f0c265edc96,2026-08-17T10:00:00Z,2026-08-17T12:00:00+0200,11207.06,MW,BE,BE,forecast_load,Forecasted Load,2026-08-23T15:57:47Z
2026-08-23T15:57:37Z,2026-08-23T17:57:37+0200,4e74b68d-c003-4d56-be5d-5f0c265edc96,2026-08-17T10:15:00Z,2026-08-17T12:15:00+0200,11100.59,MW,BE,BE,forecast_load,Forecasted Load,2026-08-23T15:57:47Z
2026-08-23T15:57:37Z,2026-08-23T17:57:37+0200,4e74b68d-c003-4d56-be5d-5f0c265edc96,2026-08-17T10:30:00Z,2026-08-17T12:30:00+0200,11007.37,MW,BE,BE,forecast_load,Forecasted Load,2026-08-23T15:57:47Z
2026-08-23T15:57:37Z,2026-08-23T17:57:37+0200,4e74b68d-c003-4d56-be5d-5f0c265edc96,2026-08-17T10:45:00Z,2026-08-17T12:45:00+0200,11018.04,MW,BE,BE,forecast_load,Forecasted Load,2026-08-23T15:57:47Z
2026-08-23T15:57:37Z,2026-08-23T17:57:37+0200,4e74b68d-c003-4d56-be5d-5f0c265edc96,2026-08-17T11:00:00Z,2026-08-17T13:00:00+0200,11377.55,MW,BE,BE,forecast_load,Forecasted Load,2026-08-23T15:57:47Z
2026-08-23T15:57:37Z,2026-08-23T17:57:37+0200,4e74b68d-c003-4d56-be5d-5f0c265edc96,2026-08-17T11:15:00Z,2026-08-17T13:15:00+0200,11355.13,MW,BE,BE,forecast_load,Forecasted Load,2026-08-23T15:57:47Z
2026-08-23T15:57:37Z,2026-08-23T17:57:37+0200,4e74b68d-c003-4d56-be5d-5f0c265edc96,2026-08-17T11:30:00Z,2026-08-17T13:30:00+0200,11352.93,MW,BE,BE,forecast_load,Forecasted Load,2026-08-23T15:57:47Z
2026-08-23T15:57:37Z,2026-08-23T17:57:37+0200,4e74b68d-c003-4d56-be5d-5f0c265edc96,2026-08-17T11:45:00Z,2026-08-17T13:45:00+0200,11247.91,MW,BE,BE,forecast_load,Forecasted Load,2026-08-23T15:57:47Z
2026-08-23T15:57:37Z,2026-08-23T17:57:37+0200,4e74b68d-c003-4d56-be5d-5f0c265edc96,2026-08-17T12:00:00Z,2026-08-17T14:00:00+0200,11431.82,MW,BE,BE,forecast_load,Forecasted Load,2026-08-23T15:57:47Z
2026-08-23T15:57:37Z,2026-08-23T17:57:37+0200,4e74b68d-c003-4d56-be5d-5f0c265edc96,2026-08-17T12:15:00Z,2026-08-17T14:15:00+0200,11293.4,MW,BE,BE,forecast_load,Forecasted Load,2026-08-23T15:57:47Z
2026-08-23T15:57:37Z,2026-08-23T17:57:37+0200,4e74b68d-c003-4d56-be5d-5f0c265edc96,2026-08-17T12:30:00Z,2026-08-17T14:30:00+0200,11330.36,MW,BE,BE,forecast_load,Forecasted Load,2026-08-23T15:57:47Z
2026-08-23T15:57:37Z,2026-08-23T17:57:37+0200,4e74b68d-c003-4d56-be5d-5f0c265edc96,2026-08-17T12:45:00Z,2026-08-17T14:45:00+0200,11257.49,MW,BE,BE,forecast_load,Forecasted Load,2026-08-23T15:57:47Z
2026-08-23T15:57:37Z,2026-08-23T17:57:37+0200,4e74b68d-c003-4d56-be5d-5f0c265edc96,2026-08-17T13:00:00Z,2026-08-17T15:00:00+0200,11122.87,MW,BE,BE,forecast_load,Forecasted Load,2026-08-23T15:57:47Z
2026-08-23T15:57:37Z,2026-08-23T17:57:37+0200,4e74b68d-c003-4d56-be5d-5f0c265edc96,2026-08-17T13:15:00Z,2026-08-17T15:15:00+0200,11071.3,MW,BE,BE,forecast_load,Forecasted Load,2026-08-23T15:57:47Z
2026-08-23T15:57:37Z,2026-08-23T17:57:37+0200,4e74b68d-c003-4d56-be5d-5f0c265edc96,2026-08-17T13:30:00Z,2026-08-17T15:30:00+0200,10974.19,MW,BE,BE,forecast_load,Forecasted Load,2026-08-23T15:57:47Z
2026-08-23T15:57:37Z,2026-08-23T17:57:37+0200,4e74b68d-c003-4d56-be5d-5f0c265edc96,2026-08-17T13:45:00Z,2026-08-17T15:45:00+0200,10901.11,MW,BE,BE,forecast_load,Forecasted Load,2026-08-23T15:57:47Z
2026-08-23T15:57:37Z,2026-08-23T17:57:37+0200,4e74b68d-c003-4d56-be5d-5f0c265edc96,2026-08-17T14:00:00Z,2026-08-17T16:00:00+0200,10624.05,MW,BE,BE,forecast_load,Forecasted Load,2026-08-23T15:57:47Z
2026-08-23T15:57:37Z,2026-08-23T17:57:37+0200,4e74b68d-c003-4d56-be5d-5f0c265edc96,2026-08-17T14:15:00Z,2026-08-17T16:15:00+0200,10447.03,MW,BE,BE,forecast_load,Forecasted Load,2026-08-23T15:57:47Z
2026-08-23T15:57:37Z,2026-08-23T17:57:37+0200,4e74b68d-c003-4d56-be5d-5f0c265edc96,2026-08-17T14:30:00Z,2026-08-17T16:30:00+0200,10396.42,MW,BE,BE,forecast_load,Forecasted Load,2026-08-23T15:57:47Z
2026-08-23T15:57:37Z,2026-08-23T17:57:37+0200,4e74b68d-c003-4d56-be5d-5f0c265edc96,2026-08-17T14:45:00Z,2026-08-17T16:45:00+0200,10422.75,MW,BE,BE,forecast_load,Forecasted Load,2026-08-23T15:57:47Z
2026-08-23T15:57:37Z,2026-08-23T17:57:37+0200,4e74b68d-c003-4d56-be5d-5f0c265edc96,2026-08-17T15:00:00Z,2026-08-17T17:00:00+0200,10398.9,MW,BE,BE,forecast_load,Forecasted Load,2026-08-23T15:57:47Z
2026-08-23T15:57:37Z,2026-08-23T17:57:37+0200,4e74b68d-c003-4d56-be5d-5f0c265edc96,2026-08-17T15:15:00Z,2026-08-17T17:15:00+0200,10321.78,MW,BE,BE,forecast_load,Forecasted Load,2026-08-23T15:57:47Z
2026-08-23T15:57:37Z,2026-08-23T17:57:37+0200,4e74b68d-c003-4d56-be5d-5f0c265edc96,2026-08-17T15:30:00Z,2026-08-17T17:30:00+0200,10322.35,MW,BE,BE,forecast_load,Forecasted Load,2026-08-23T15:57:47Z
2026-08-23T15:57:37Z,2026-08-23T17:57:37+0200,4e74b68d-c003-4d56-be5d-5f0c265edc96,2026-08-17T15:45:00Z,2026-08-17T17:45:00+0200,10310.06,MW,BE,BE,forecast_load,Forecasted Load,2026-08-23T15:57:47Z
2026-08-23T15:57:37Z,2026-08-23T17:57:37+0200,4e74b68d-c003-4d56-be5d-5f0c265edc96,2026-08-17T16:00:00Z,2026-08-17T18:00:00+0200,10343.5,MW,BE,BE,forecast_load,Forecasted Load,2026-08-23T15:57:47Z
2026-08-23T15:57:37Z,2026-08-23T17:57:37+0200,4e74b68d-c003-4d56-be5d-5f0c265edc96,2026-08-17T16:15:00Z,2026-08-17T18:15:00+0200,10314.03,MW,BE,BE,forecast_load,Forecasted Load,2026-08-23T15:57:47Z
2026-08-23T15:57:37Z,2026-08-23T17:57:37+0200,4e74b68d-c003-4d56-be5d-5f0c265edc96,2026-08-17T16:30:00Z,2026-08-17T18:30:00+0200,10316.45,MW,BE,BE,forecast_load,Forecasted Load,2026-08-23T15:57:47Z
2026-08-23T15:57:37Z,2026-08-23T17:57:37+0200,4e74b68d-c003-4d56-be5d-5f0c265edc96,2026-08-17T16:45:00Z,2026-08-17T18:45:00+0200,10274.83,MW,BE,BE,forecast_load,Forecasted Load,2026-08-23T15:57:47Z
2026-08-23T15:57:37Z,2026-08-23T17:57:37+0200,4e74b68d-c003-4d56-be5d-5f0c265edc96,2026-08-17T17:00:00Z,2026-08-17T19:00:00+0200,10327.6,MW,BE,BE,forecast_load,Forecasted Load,2026-08-23T15:57:47Z
2026-08-23T15:57:37Z,2026-08-23T17:57:37+0200,4e74b68d-c003-4d56-be5d-5f0c265edc96,2026-08-17T17:15:00Z,2026-08-17T19:15:00+0200,10205.53,MW,BE,BE,forecast_load,Forecasted Load,2026-08-23T15:57:47Z
2026-08-23T15:57:37Z,2026-08-23T17:57:37+0200,4e74b68d-c003-4d56-be5d-5f0c265edc96,2026-08-17T17:30:00Z,2026-08-17T19:30:00+0200,10172.39,MW,BE,BE,forecast_load,Forecasted Load,2026-08-23T15:57:47Z
2026-08-23T15:57:37Z,2026-08-23T17:57:37+0200,4e74b68d-c003-4d56-be5d-5f0c265edc96,2026-08-17T17:45:00Z,2026-08-17T19:45:00+0200,10032.97,MW,BE,BE,forecast_load,Forecasted Load,2026-08-23T15:57:47Z
2026-08-23T15:57:37Z,2026-08-23T17:57:37+0200,4e74b68d-c003-4d56-be5d-5f0c265edc96,2026-08-17T18:00:00Z,2026-08-17T20:00:00+0200,9984.46,MW,BE,BE,forecast_load,Forecasted Load,2026-08-23T15:57:47Z
2026-08-23T15:57:37Z,2026-08-23T17:57:37+0200,4e74b68d-c003-4d56-be5d-5f0c265edc96,2026-08-17T18:15:00Z,2026-08-17T20:15:00+0200,9856.51,MW,BE,BE,forecast_load,Forecasted Load,2026-08-23T15:57:47Z
2026-08-23T15:57:37Z,2026-08-23T17:57:37+0200,4e74b68d-c003-4d56-be5d-5f0c265edc96,2026-08-17T18:30:00Z,2026-08-17T20:30:00+0200,9764.92,MW,BE,BE,forecast_load,Forecasted Load,2026-08-23T15:57:47Z
2026-08-23T15:57:37Z,2026-08-23T17:57:37+0200,4e74b68d-c003-4d56-be5d-5f0c265edc96,2026-08-17T18:45:00Z,2026-08-17T20:45:00+0200,9709.33,MW,BE,BE,forecast_load,Forecasted Load,2026-08-23T15:57:47Z
2026-08-23T15:57:37Z,2026-08-23T17:57:37+0200,4e74b68d-c003-4d56-be5d-5f0c265edc96,2026-08-17T19:00:00Z,2026-08-17T21:00:00+0200,9464.75,MW,BE,BE,forecast_load,Forecasted Load,2026-08-23T15:57:47Z
2026-08-23T15:57:37Z,2026-08-23T17:57:37+0200,4e74b68d-c003-4d56-be5d-5f0c265edc96,2026-08-17T19:15:00Z,2026-08-17T21:15:00+0200,9489.37,MW,BE,BE,forecast_load,Forecasted Load,2026-08-23T15:57:47Z
2026-08-23T15:57:37Z,2026-08-23T17:57:37+0200,4e74b68d-c003-4d56-be5d-5f0c265edc96,2026-08-17T19:30:00Z,2026-08-17T21:30:00+0200,9542.55,MW,BE,BE,forecast_load,Forecasted Load,2026-08-23T15:57:47Z
2026-08-23T15:57:37Z,2026-08-23T17:57:37+0200,4e74b68d-c003-4d56-be5d-5f0c265edc96,2026-08-17T19:45:00Z,2026-08-17T21:45:00+0200,9541.75,MW,BE,BE,forecast_load,Forecasted Load,2026-08-23T15:57:47Z
2026-08-23T15:57:37Z,2026-08-23T17:57:37+0200,4e74b68d-c003-4d56-be5d-5f0c265edc96,2026-08-17T20:00:00Z,2026-08-17T22:00:00+0200,9331.42,MW,BE,BE,forecast_load,Forecasted Load,2026-08-23T15:57:47Z
2026-08-23T15:57:37Z,2026-08-23T17:57:37+0200,4e74b68d-c003-4d56-be5d-5f0c265edc96,2026-08-17T20:15:00Z,2026-08-17T22:15:00+0200,9335.57,MW,BE,BE,forecast_load,Forecasted Load,2026-08-23T15:57:47Z
2026-08-23T15:57:37Z,2026-08-23T17:57:37+0200,4e74b68d-c003-4d56-be5d-5f0c265edc96,2026-08-17T20:30:00Z,2026-08-17T22:30:00+0200,9245.82,MW,BE,BE,forecast_load,Forecasted Load,2026-08-23T15:57:47Z
2026-08-23T15:57:37Z,2026-08-23T17:57:37+0200,4e74b68d-c003-4d56-be5d-5f0c265edc96,2026-08-17T20:45:00Z,2026-08-17T22:45:00+0200,9103.74,MW,BE,BE,forecast_load,Forecasted Load,2026-08-23T15:57:47Z
2026-08-23T15:57:37Z,2026-08-23T17:57:37+0200,4e74b68d-c003-4d56-be5d-5f0c265edc96,2026-08-17T21:00:00Z,2026-08-17T23:00:00+0200,8841.48,MW,BE,BE,forecast_load,Forecasted Load,2026-08-23T15:57:47Z
2026-08-23T15:57:37Z,2026-08-23T17:57:37+0200,4e74b68d-c003-4d56-be5d-5f0c265edc96,2026-08-17T21:15:00Z,2026-08-17T23:15:00+0200,8816.88,MW,BE,BE,forecast_load,Forecasted Load,2026-08-23T15:57:47Z
2026-08-23T15:57:37Z,2026-08-23T17:57:37+0200,4e74b68d-c003-4d56-be5d-5f0c265edc96,2026-08-17T21:30:00Z,2026-08-17T23:30:00+0200,8714.2,MW,BE,BE,forecast_load,Forecasted Load,2026-08-23T15:57:47Z
2026-08-23T15:57:37Z,2026-08-23T17:57:37+0200,4e74b68d-c003-4d56-be5d-5f0c265edc96,2026-08-17T21:45:00Z,2026-08-17T23:45:00+0200,8605.46,MW,BE,BE,forecast_load,Forecasted Load,2026-08-23T15:57:47Z
2026-08-23T15:57:37Z,2026-08-23T17:57:37+0200,4e74b68d-c003-4d56-be5d-5f0c265edc96,2026-08-17T22:00:00Z,2026-08-18T00:00:00+0200,8256.42,MW,BE,BE,forecast_load,Forecasted Load,2026-08-23T15:57:47Z
2026-08-23T15:57:37Z,2026-08-23T17:57:37+0200,4e74b68d-c003-4d56-be5d-5f0c265edc96,2026-08-17T22:15:00Z,2026-08-18T00:15:00+0200,8117.44,MW,BE,BE,forecast_load,Forecasted Load,2026-08-23T15:57:47Z
2026-08-23T15:57:37Z,2026-08-23T17:57:37+0200,4e74b68d-c003-4d56-be5d-5f0c265edc96,2026-08-17T22:30:00Z,2026-08-18T00:30:00+0200,8075.76,MW,BE,BE,forecast_load,Forecasted Load,2026-08-23T15:57:47Z
2026-08-23T15:57:37Z,2026-08-23T17:57:37+0200,4e74b68d-c003-4d56-be5d-5f0c265edc96,2026-08-17T22:45:00Z,2026-08-18T00:45:00+0200,8034.69,MW,BE,BE,forecast_load,Forecasted Load,2026-08-23T15:57:47Z
2026-08-23T15:57:37Z,2026-08-23T17:57:37+0200,4e74b68d-c003-4d56-be5d-5f0c265edc96,2026-08-17T23:00:00Z,2026-08-18T01:00:00+0200,7839.88,MW,BE,BE,forecast_load,Forecasted Load,2026-08-23T15:57:47Z
2026-08-23T15:57:37Z,2026-08-23T17:57:37+0200,4e74b68d-c003-4d56-be5d-5f0c265edc96,2026-08-17T23:15:00Z,2026-08-18T01:15:00+0200,7779.68,MW,BE,BE,forecast_load,Forecasted Load,2026-08-23T15:57:47Z
2026-08-23T15:57:37Z,2026-08-23T17:57:37+0200,4e74b68d-c003-4d56-be5d-5f0c265edc96,2026-08-17T23:30:00Z,2026-08-18T01:30:00+0200,7748.86,MW,BE,BE,forecast_load,Forecasted Load,2026-08-23T15:57:47Z
2026-08-23T15:57:37Z,2026-08-23T17:57:37+0200,4e74b68d-c003-4d56-be5d-5f0c265edc96,2026-08-17T23:45:00Z,2026-08-18T01:45:00+0200,7671.67,MW,BE,BE,forecast_load,Forecasted Load,2026-08-23T15:57:47Z
2026-08-23T15:57:37Z,2026-08-23T17:57:37+0200,4e74b68d-c003-4d56-be5d-5f0c265edc96,2026-08-18T00:00:00Z,2026-08-18T02:00:00+0200,7634.55,MW,BE,BE,forecast_load,Forecasted Load,2026-08-23T15:57:47Z
2026-08-23T15:57:37Z,2026-08-23T17:57:37+0200,4e74b68d-c003-4d56-be5d-5f0c265edc96,2026-08-18T00:15:00Z,2026-08-18T02:15:00+0200,7593.25,MW,BE,BE,forecast_load,Forecasted Load,2026-08-23T15:57:47Z
2026-08-23T15:57:37Z,2026-08-23T17:57:37+0200,4e74b68d-c003-4d56-be5d-5f0c265edc96,2026-08-18T00:30:00Z,2026-08-18T02:30:00+0200,7571.63,MW,BE,BE,forecast_load,Forecasted Load,2026-08-23T15:57:47Z
2026-08-23T15:57:37Z,2026-08-23T17:57:37+0200,4e74b68d-c003-4d56-be5d-5f0c265edc96,2026-08-18T00:45:00Z,2026-08-18T02:45:00+0200,7560.11,MW,BE,BE,forecast_load,Forecasted Load,2026-08-23T15:57:47Z
2026-08-23T15:57:37Z,2026-08-23T17:57:37+0200,4e74b68d-c003-4d56-be5d-5f0c265edc96,2026-08-18T01:00:00Z,2026-08-18T03:00:00+0200,7481.84,MW,BE,BE,forecast_load,Forecasted Load,2026-08-23T15:57:47Z
2026-08-23T15:57:37Z,2026-08-23T17:57:37+0200,4e74b68d-c003-4d56-be5d-5f0c265edc96,2026-08-18T01:15:00Z,2026-08-18T03:15:00+0200,7460.81,MW,BE,BE,forecast_load,Forecasted Load,2026-08-23T15:57:47Z
2026-08-23T15:57:37Z,2026-08-23T17:57:37+0200,4e74b68d-c003-4d56-be5d-5f0c265edc96,2026-08-18T01:30:00Z,2026-08-18T03:30:00+0200,7437.94,MW,BE,BE,forecast_load,Forecasted Load,2026-08-23T15:57:47Z
2026-08-23T15:57:37Z,2026-08-23T17:57:37+0200,4e74b68d-c003-4d56-be5d-5f0c265edc96,2026-08-18T01:45:00Z,2026-08-18T03:45:00+0200,7422.15,MW,BE,BE,forecast_load,Forecasted Load,2026-08-23T15:57:47Z
2026-08-23T15:57:37Z,2026-08-23T17:57:37+0200,4e74b68d-c003-4d56-be5d-5f0c265edc96,2026-08-18T02:00:00Z,2026-08-18T04:00:00+0200,7480.22,MW,BE,BE,forecast_load,Forecasted Load,2026-08-23T15:57:47Z
2026-08-23T15:57:37Z,2026-08-23T17:57:37+0200,4e74b68d-c003-4d56-be5d-5f0c265edc96,2026-08-18T02:15:00Z,2026-08-18T04:15:00+0200,7492.02,MW,BE,BE,forecast_load,Forecasted Load,2026-08-23T15:57:47Z
2026-08-23T15:57:37Z,2026-08-23T17:57:37+0200,4e74b68d-c003-4d56-be5d-5f0c265edc96,2026-08-18T02:30:00Z,2026-08-18T04:30:00+0200,7500.04,MW,BE,BE,forecast_load,Forecasted Load,2026-08-23T15:57:47Z
2026-08-23T15:57:37Z,2026-08-23T17:57:37+0200,4e74b68d-c003-4d56-be5d-5f0c265edc96,2026-08-18T02:45:00Z,2026-08-18T04:45:00+0200,7503.86,MW,BE,BE,forecast_load,Forecasted Load,2026-08-23T15:57:47Z
2026-08-23T15:57:37Z,2026-08-23T17:57:37+0200,4e74b68d-c003-4d56-be5d-5f0c265edc96,2026-08-18T03:00:00Z,2026-08-18T05:00:00+0200,7653.88,MW,BE,BE,forecast_load,Forecasted Load,2026-08-23T15:57:47Z
2026-08-23T15:57:37Z,2026-08-23T17:57:37+0200,4e74b68d-c003-4d56-be5d-5f0c265edc96,2026-08-18T03:15:00Z,2026-08-18T05:15:00+0200,7689.56,MW,BE,BE,forecast_load,Forecasted Load,2026-08-23T15:57:47Z
2026-08-23T15:57:37Z,2026-08-23T17:57:37+0200,4e74b68d-c003-4d56-be5d-5f0c265edc96,2026-08-18T03:30:00Z,2026-08-18T05:30:00+0200,7752.86,MW,BE,BE,forecast_load,Forecasted Load,2026-08-23T15:57:47Z
2026-08-23T15:57:37Z,2026-08-23T17:57:37+0200,4e74b68d-c003-4d56-be5d-5f0c265edc96,2026-08-18T03:45:00Z,2026-08-18T05:45:00+0200,7820.67,MW,BE,BE,forecast_load,Forecasted Load,2026-08-23T15:57:47Z
2026-08-23T15:57:37Z,2026-08-23T17:57:37+0200,4e74b68d-c003-4d56-be5d-5f0c265edc96,2026-08-18T04:00:00Z,2026-08-18T06:00:00+0200,8136.95,MW,BE,BE,forecast_load,Forecasted Load,2026-08-23T15:57:47Z
2026-08-23T15:57:37Z,2026-08-23T17:57:37+0200,4e74b68d-c003-4d56-be5d-5f0c265edc96,2026-08-18T04:15:00Z,2026-08-18T06:15:00+0200,8238.45,MW,BE,BE,forecast_load,Forecasted Load,2026-08-23T15:57:47Z
2026-08-23T15:57:37Z,2026-08-23T17:57:37+0200,4e74b68d-c003-4d56-be5d-5f0c265edc96,2026-08-18T04:30:00Z,2026-08-18T06:30:00+0200,8359.3,MW,BE,BE,forecast_load,Forecasted Load,2026-08-23T15:57:47Z
2026-08-23T15:57:37Z,2026-08-23T17:57:37+0200,4e74b68d-c003-4d56-be5d-5f0c265edc96,2026-08-18T04:45:00Z,2026-08-18T06:45:00+0200,8514.98,MW,BE,BE,forecast_load,Forecasted Load,2026-08-23T15:57:47Z
2026-08-23T15:57:37Z,2026-08-23T17:57:37+0200,4e74b68d-c003-4d56-be5d-5f0c265edc96,2026-08-18T05:00:00Z,2026-08-18T07:00:00+0200,8777.19,MW,BE,BE,forecast_load,Forecasted Load,2026-08-23T15:57:47Z
2026-08-23T15:57:37Z,2026-08-23T17:57:37+0200,4e74b68d-c003-4d56-be5d-5f0c265edc96,2026-08-18T05:15:00Z,2026-08-18T07:15:00+0200,8968.13,MW,BE,BE,forecast_load,Forecasted Load,2026-08-23T15:57:47Z
2026-08-23T15:57:37Z,2026-08-23T17:57:37+0200,4e74b68d-c003-4d56-be5d-5f0c265edc96,2026-08-18T05:30:00Z,2026-08-18T07:30:00+0200,9170.93,MW,BE,BE,forecast_load,Forecasted Load,2026-08-23T15:57:47Z
2026-08-23T15:57:37Z,2026-08-23T17:57:37+0200,4e74b68d-c003-4d56-be5d-5f0c265edc96,2026-08-18T05:45:00Z,2026-08-18T07:45:00+0200,9342.66,MW,BE,BE,forecast_load,Forecasted Load,2026-08-23T15:57:47Z
2026-08-23T15:57:37Z,2026-08-23T17:57:37+0200,4e74b68d-c003-4d56-be5d-5f0c265edc96,2026-08-18T06:00:00Z,2026-08-18T08:00:00+0200,9397.62,MW,BE,BE,forecast_load,Forecasted Load,2026-08-23T15:57:47Z
2026-08-23T15:57:37Z,2026-08-23T17:57:37+0200,4e74b68d-c003-4d56-be5d-5f0c265edc96,2026-08-18T06:15:00Z,2026-08-18T08:15:00+0200,9550.25,MW,BE,BE,forecast_load,Forecasted Load,2026-08-23T15:57:47Z
2026-08-23T15:57:37Z,2026-08-23T17:57:37+0200,4e74b68d-c003-4d56-be5d-5f0c265edc96,2026-08-18T06:30:00Z,2026-08-18T08:30:00+0200,9754.02,MW,BE,BE,forecast_load,Forecasted Load,2026-08-23T15:57:47Z
2026-08-23T15:57:37Z,2026-08-23T17:57:37+0200,4e74b68d-c003-4d56-be5d-5f0c265edc96,2026-08-18T06:45:00Z,2026-08-18T08:45:00+0200,9929.62,MW,BE,BE,forecast_load,Forecasted Load,2026-08-23T15:57:47Z
2026-08-23T15:57:37Z,2026-08-23T17:57:37+0200,4e74b68d-c003-4d56-be5d-5f0c265edc96,2026-08-18T07:00:00Z,2026-08-18T09:00:00+0200,9907.93,MW,BE,BE,forecast_load,Forecasted Load,2026-08-23T15:57:47Z
2026-08-23T15:57:37Z,2026-08-23T17:57:37+0200,4e74b68d-c003-4d56-be5d-5f0c265edc96,2026-08-18T07:15:00Z,2026-08-18T09:15:00+0200,10032.65,MW,BE,BE,forecast_load,Forecasted Load,2026-08-23T15:57:47Z
2026-08-23T15:57:37Z,2026-08-23T17:57:37+0200,4e74b68d-c003-4d56-be5d-5f0c265edc96,2026-08-18T07:30:00Z,2026-08-18T09:30:00+0200,10160.72,MW,BE,BE,forecast_load,Forecasted Load,2026-08-23T15:57:47Z
2026-08-23T15:57:37Z,2026-08-23T17:57:37+0200,4e74b68d-c003-4d56-be5d-5f0c265edc96,2026-08-18T07:45:00Z,2026-08-18T09:45:00+0200,10256.91,MW,BE,BE,forecast_load,Forecasted Load,2026-08-23T15:57:47Z
2026-08-23T15:57:37Z,2026-08-23T17:57:37+0200,4e74b68d-c003-4d56-be5d-5f0c265edc96,2026-08-18T08:00:00Z,2026-08-18T10:00:00+0200,10270.4,MW,BE,BE,forecast_load,Forecasted Load,2026-08-23T15:57:47Z
2026-08-23T15:57:37Z,2026-08-23T17:57:37+0200,4e74b68d-c003-4d56-be5d-5f0c265edc96,2026-08-18T08:15:00Z,2026-08-18T10:15:00+0200,10361.34,MW,BE,BE,forecast_load,Forecasted Load,2026-08-23T15:57:47Z
2026-08-23T15:57:37Z,2026-08-23T17:57:37+0200,4e74b68d-c003-4d56-be5d-5f0c265edc96,2026-08-18T08:30:00Z,2026-08-18T10:30:00+0200,10444.53,MW,BE,BE,forecast_load,Forecasted Load,2026-08-23T15:57:47Z
2026-08-23T15:57:37Z,2026-08-23T17:57:37+0200,4e74b68d-c003-4d56-be5d-5f0c265edc96,2026-08-18T08:45:00Z,2026-08-18T10:45:00+0200,10601.3,MW,BE,BE,forecast_load,Forecasted Load,2026-08-23T15:57:47Z
2026-08-23T15:57:37Z,2026-08-23T17:57:37+0200,4e74b68d-c003-4d56-be5d-5f0c265edc96,2026-08-18T09:00:00Z,2026-08-18T11:00:00+0200,10664.96,MW,BE,BE,forecast_load,Forecasted Load,2026-08-23T15:57:47Z
2026-08-23T15:57:37Z,2026-08-23T17:57:37+0200,4e74b68d-c003-4d56-be5d-5f0c265edc96,2026-08-18T09:15:00Z,2026-08-18T11:15:00+0200,10775.32,MW,BE,BE,forecast_load,Forecasted Load,2026-08-23T15:57:47Z
2026-08-23T15:57:37Z,2026-08-23T17:57:37+0200,4e74b68d-c003-4d56-be5d-5f0c265edc96,2026-08-18T09:30:00Z,2026-08-18T11:30:00+0200,10882.56,MW,BE,BE,forecast_load,Forecasted Load,2026-08-23T15:57:47Z
2026-08-23T15:57:37Z,2026-08-23T17:57:37+0200,4e74b68d-c003-4d56-be5d-5f0c265edc96,2026-08-18T09:45:00Z,2026-08-18T11:45:00+0200,10967.97,MW,BE,BE,forecast_load,Forecasted Load,2026-08-23T15:57:47Z
2026-08-23T15:57:37Z,2026-08-23T17:57:37+0200,4e74b68d-c003-4d56-be5d-5f0c265edc96,2026-08-18T10:00:00Z,2026-08-18T12:00:00+0200,11008.26,MW,BE,BE,forecast_load,Forecasted Load,2026-08-23T15:57:47Z
2026-08-23T15:57:37Z,2026-08-23T17:57:37+0200,4e74b68d-c003-4d56-be5d-5f0c265edc96,2026-08-18T10:15:00Z,2026-08-18T12:15:00+0200,11031.38,MW,BE,BE,forecast_load,Forecasted Load,2026-08-23T15:57:47Z
2026-08-23T15:57:37Z,2026-08-23T17:57:37+0200,4e74b68d-c003-4d56-be5d-5f0c265edc96,2026-08-18T10:30:00Z,2026-08-18T12:30:00+0200,11058.68,MW,BE,BE,forecast_load,Forecasted Load,2026-08-23T15:57:47Z
2026-08-23T15:57:37Z,2026-08-23T17:57:37+0200,4e74b68d-c003-4d56-be5d-5f0c265edc96,2026-08-18T10:45:00Z,2026-08-18T12:45:00+0200,11122.69,MW,BE,BE,forecast_load,Forecasted Load,2026-08-23T15:57:47Z
2026-08-23T15:57:37Z,2026-08-23T17:57:37+0200,4e74b68d-c003-4d56-be5d-5f0c265edc96,2026-08-18T11:00:00Z,2026-08-18T13:00:00+0200,11065.21,MW,BE,BE,forecast_load,Forecasted Load,2026-08-23T15:57:47Z
2026-08-23T15:57:37Z,2026-08-23T17:57:37+0200,4e74b68d-c003-4d56-be5d-5f0c265edc96,2026-08-18T11:15:00Z,2026-08-18T13:15:00+0200,11056.74,MW,BE,BE,forecast_load,Forecasted Load,2026-08-23T15:57:47Z
2026-08-23T15:57:37Z,2026-08-23T17:57:37+0200,4e74b68d-c003-4d56-be5d-5f0c265edc96,2026-08-18T11:30:00Z,2026-08-18T13:30:00+0200,11017.19,MW,BE,BE,forecast_load,Forecasted Load,2026-08-23T15:57:47Z
2026-08-23T15:57:37Z,2026-08-23T17:57:37+0200,4e74b68d-c003-4d56-be5d-5f0c265edc96,2026-08-18T11:45:00Z,2026-08-18T13:45:00+0200,10969.73,MW,BE,BE,forecast_load,Forecasted Load,2026-08-23T15:57:47Z
2026-08-23T15:57:37Z,2026-08-23T17:57:37+0200,4e74b68d-c003-4d56-be5d-5f0c265edc96,2026-08-18T12:00:00Z,2026-08-18T14:00:00+0200,11075.11,MW,BE,BE,forecast_load,Forecasted Load,2026-08-23T15:57:47Z
2026-08-23T15:57:37Z,2026-08-23T17:57:37+0200,4e74b68d-c003-4d56-be5d-5f0c265edc96,2026-08-18T12:15:00Z,2026-08-18T14:15:00+0200,10992.09,MW,BE,BE,forecast_load,Forecasted Load,2026-08-23T15:57:47Z
2026-08-23T15:57:37Z,2026-08-23T17:57:37+0200,4e74b68d-c003-4d56-be5d-5f0c265edc96,2026-08-18T12:30:00Z,2026-08-18T14:30:00+0200,10940.86,MW,BE,BE,forecast_load,Forecasted Load,2026-08-23T15:57:47Z
2026-08-23T15:57:37Z,2026-08-23T17:57:37+0200,4e74b68d-c003-4d56-be5d-5f0c265edc96,2026-08-18T12:45:00Z,2026-08-18T14:45:00+0200,10892.73,MW,BE,BE,forecast_load,Forecasted Load,2026-08-23T15:57:47Z
2026-08-23T15:57:37Z,2026-08-23T17:57:37+0200,4e74b68d-c003-4d56-be5d-5f0c265edc96,2026-08-18T13:00:00Z,2026-08-18T15:00:00+0200,10862.26,MW,BE,BE,forecast_load,Forecasted Load,2026-08-23T15:57:47Z
2026-08-23T15:57:37Z,2026-08-23T17:57:37+0200,4e74b68d-c003-4d56-be5d-5f0c265edc96,2026-08-18T13:15:00Z,2026-08-18T15:15:00+0200,10788.9,MW,BE,BE,forecast_load,Forecasted Load,2026-08-23T15:57:47Z
2026-08-23T15:57:37Z,2026-08-23T17:57:37+0200,4e74b68d-c003-4d56-be5d-5f0c265edc96,2026-08-18T13:30:00Z,2026-08-18T15:30:00+0200,10688.4,MW,BE,BE,forecast_load,Forecasted Load,2026-08-23T15:57:47Z
2026-08-23T15:57:37Z,2026-08-23T17:57:37+0200,4e74b68d-c003-4d56-be5d-5f0c265edc96,2026-08-18T13:45:00Z,2026-08-18T15:45:00+0200,10569.89,MW,BE,BE,forecast_load,Forecasted Load,2026-08-23T15:57:47Z
2026-08-23T15:57:37Z,2026-08-23T17:57:37+0200,4e74b68d-c003-4d56-be5d-5f0c265edc96,2026-08-18T14:00:00Z,2026-08-18T16:00:00+0200,10551.09,MW,BE,BE,forecast_load,Forecasted Load,2026-08-23T15:57:47Z
2026-08-23T15:57:37Z,2026-08-23T17:57:37+0200,4e74b68d-c003-4d56-be5d-5f0c265edc96,2026-08-18T14:15:00Z,2026-08-18T16:15:00+0200,10457.35,MW,BE,BE,forecast_load,Forecasted Load,2026-08-23T15:57:47Z
2026-08-23T15:57:37Z,2026-08-23T17:57:37+0200,4e74b68d-c003-4d56-be5d-5f0c265edc96,2026-08-18T14:30:00Z,2026-08-18T16:30:00+0200,10392.77,MW,BE,BE,forecast_load,Forecasted Load,2026-08-23T15:57:47Z
2026-08-23T15:57:37Z,2026-08-23T17:57:37+0200,4e74b68d-c003-4d56-be5d-5f0c265edc96,2026-08-18T14:45:00Z,2026-08-18T16:45:00+0200,10309.69,MW,BE,BE,forecast_load,Forecasted Load,2026-08-23T15:57:47Z
2026-08-23T15:57:37Z,2026-08-23T17:57:37+0200,4e74b68d-c003-4d56-be5d-5f0c265edc96,2026-08-18T15:00:00Z,2026-08-18T17:00:00+0200,10358.3,MW,BE,BE,forecast_load,Forecasted Load,2026-08-23T15:57:47Z
2026-08-23T15:57:37Z,2026-08-23T17:57:37+0200,4e74b68d-c003-4d56-be5d-5f0c265edc96,2026-08-18T15:15:00Z,2026-08-18T17:15:00+0200,10262.2,MW,BE,BE,forecast_load,Forecasted Load,2026-08-23T15:57:47Z
2026-08-23T15:57:37Z,2026-08-23T17:57:37+0200,4e74b68d-c003-4d56-be5d-5f0c265edc96,2026-08-18T15:30:00Z,2026-08-18T17:30:00+0200,10261.18,MW,BE,BE,forecast_load,Forecasted Load,2026-08-23T15:57:47Z
2026-08-23T15:57:37Z,2026-08-23T17:57:37+0200,4e74b68d-c003-4d56-be5d-5f0c265edc96,2026-08-18T15:45:00Z,2026-08-18T17:45:00+0200,10194.39,MW,BE,BE,forecast_load,Forecasted Load,2026-08-23T15:57:47Z
2026-08-23T15:57:37Z,2026-08-23T17:57:37+0200,4e74b68d-c003-4d56-be5d-5f0c265edc96,2026-08-18T16:00:00Z,2026-08-18T18:00:00+0200,10190.0,MW,BE,BE,forecast_load,Forecasted Load,2026-08-23T15:57:47Z
2026-08-23T15:57:37Z,2026-08-23T17:57:37+0200,4e74b68d-c003-4d56-be5d-5f0c265edc96,2026-08-18T16:15:00Z,2026-08-18T18:15:00+0200,10134.04,MW,BE,BE,forecast_load,Forecasted Load,2026-08-23T15:57:47Z
2026-08-23T15:57:37Z,2026-08-23T17:57:37+0200,4e74b68d-c003-4d56-be5d-5f0c265edc96,2026-08-18T16:30:00Z,2026-08-18T18:30:00+0200,10155.53,MW,BE,BE,forecast_load,Forecasted Load,2026-08-23T15:57:47Z
2026-08-23T15:57:37Z,2026-08-23T17:57:37+0200,4e74b68d-c003-4d56-be5d-5f0c265edc96,2026-08-18T16:45:00Z,2026-08-18T18:45:00+0200,10126.46,MW,BE,BE,forecast_load,Forecasted Load,2026-08-23T15:57:47Z
2026-08-23T15:57:37Z,2026-08-23T17:57:37+0200,4e74b68d-c003-4d56-be5d-5f0c265edc96,2026-08-18T17:00:00Z,2026-08-18T19:00:00+0200,10024.74,MW,BE,BE,forecast_load,Forecasted Load,2026-08-23T15:57:47Z
2026-08-23T15:57:37Z,2026-08-23T17:57:37+0200,4e74b68d-c003-4d56-be5d-5f0c265edc96,2026-08-18T17:15:00Z,2026-08-18T19:15:00+0200,9907.46,MW,BE,BE,forecast_load,Forecasted Load,2026-08-23T15:57:47Z
2026-08-23T15:57:37Z,2026-08-23T17:57:37+0200,4e74b68d-c003-4d56-be5d-5f0c265edc96,2026-08-18T17:30:00Z,2026-08-18T19:30:00+0200,9836.85,MW,BE,BE,forecast_load,Forecasted Load,2026-08-23T15:57:47Z
2026-08-23T15:57:37Z,2026-08-23T17:57:37+0200,4e74b68d-c003-4d56-be5d-5f0c265edc96,2026-08-18T17:45:00Z,2026-08-18T19:45:00+0200,9751.33,MW,BE,BE,forecast_load,Forecasted Load,2026-08-23T15:57:47Z
2026-08-23T15:57:37Z,2026-08-23T17:57:37+0200,4e74b68d-c003-4d56-be5d-5f0c265edc96,2026-08-18T18:00:00Z,2026-08-18T20:00:00+0200,9825.96,MW,BE,BE,forecast_load,Forecasted Load,2026-08-23T15:57:47Z
2026-08-23T15:57:37Z,2026-08-23T17:57:37+0200,4e74b68d-c003-4d56-be5d-5f0c265edc96,2026-08-18T18:15:00Z,2026-08-18T20:15:00+0200,9717.43,MW,BE,BE,forecast_load,Forecasted Load,2026-08-23T15:57:47Z
2026-08-23T15:57:37Z,2026-08-23T17:57:37+0200,4e74b68d-c003-4d56-be5d-5f0c265edc96,2026-08-18T18:30:00Z,2026-08-18T20:30:00+0200,9653.57,MW,BE,BE,forecast_load,Forecasted Load,2026-08-23T15:57:47Z
2026-08-23T15:57:37Z,2026-08-23T17:57:37+0200,4e74b68d-c003-4d56-be5d-5f0c265edc96,2026-08-18T18:45:00Z,2026-08-18T20:45:00+0200,9579.52,MW,BE,BE,forecast_load,Forecasted Load,2026-08-23T15:57:47Z
2026-08-23T15:57:37Z,2026-08-23T17:57:37+0200,4e74b68d-c003-4d56-be5d-5f0c265edc96,2026-08-18T19:00:00Z,2026-08-18T21:00:00+0200,9396.68,MW,BE,BE,forecast_load,Forecasted Load,2026-08-23T15:57:47Z
2026-08-23T15:57:37Z,2026-08-23T17:57:37+0200,4e74b68d-c003-4d56-be5d-5f0c265edc96,2026-08-18T19:15:00Z,2026-08-18T21:15:00+0200,9416.3,MW,BE,BE,forecast_load,Forecasted Load,2026-08-23T15:57:47Z
2026-08-23T15:57:37Z,2026-08-23T17:57:37+0200,4e74b68d-c003-4d56-be5d-5f0c265edc96,2026-08-18T19:30:00Z,2026-08-18T21:30:00+0200,9454.9,MW,BE,BE,forecast_load,Forecasted Load,2026-08-23T15:57:47Z
2026-08-23T15:57:37Z,2026-08-23T17:57:37+0200,4e74b68d-c003-4d56-be5d-5f0c265edc96,2026-08-18T19:45:00Z,2026-08-18T21:45:00+0200,9475.23,MW,BE,BE,forecast_load,Forecasted Load,2026-08-23T15:57:47Z
2026-08-23T15:57:37Z,2026-08-23T17:57:37+0200,4e74b68d-c003-4d56-be5d-5f0c265edc96,2026-08-18T20:00:00Z,2026-08-18T22:00:00+0200,9400.12,MW,BE,BE,forecast_load,Forecasted Load,2026-08-23T15:57:47Z
2026-08-23T15:57:37Z,2026-08-23T17:57:37+0200,4e74b68d-c003-4d56-be5d-5f0c265edc96,2026-08-18T20:15:00Z,2026-08-18T22:15:00+0200,9371.97,MW,BE,BE,forecast_load,Forecasted Load,2026-08-23T15:57:47Z
2026-08-23T15:57:37Z,2026-08-23T17:57:37+0200,4e74b68d-c003-4d56-be5d-5f0c265edc96,2026-08-18T20:30:00Z,2026-08-18T22:30:00+0200,9319.17,MW,BE,BE,forecast_load,Forecasted Load,2026-08-23T15:57:47Z
2026-08-23T15:57:37Z,2026-08-23T17:57:37+0200,4e74b68d-c003-4d56-be5d-5f0c265edc96,2026-08-18T20:45:00Z,2026-08-18T22:45:00+0200,9234.97,MW,BE,BE,forecast_load,Forecasted Load,2026-08-23T15:57:47Z
2026-08-23T15:57:37Z,2026-08-23T17:57:37+0200,4e74b68d-c003-4d56-be5d-5f0c265edc96,2026-08-18T21:00:00Z,2026-08-18T23:00:00+0200,9029.22,MW,BE,BE,forecast_load,Forecasted Load,2026-08-23T15:57:47Z
2026-08-23T15:57:37Z,2026-08-23T17:57:37+0200,4e74b68d-c003-4d56-be5d-5f0c265edc96,2026-08-18T21:15:00Z,2026-08-18T23:15:00+0200,8898.84,MW,BE,BE,forecast_load,Forecasted Load,2026-08-23T15:57:47Z
2026-08-23T15:57:37Z,2026-08-23T17:57:37+0200,4e74b68d-c003-4d56-be5d-5f0c265edc96,2026-08-18T21:30:00Z,2026-08-18T23:30:00+0200,8741.44,MW,BE,BE,forecast_load,Forecasted Load,2026-08-23T15:57:47Z
2026-08-23T15:57:37Z,2026-08-23T17:57:37+0200,4e74b68d-c003-4d56-be5d-5f0c265edc96,2026-08-18T21:45:00Z,2026-08-18T23:45:00+0200,8641.52,MW,BE,BE,forecast_load,Forecasted Load,2026-08-23T15:57:47Z
2026-08-23T15:57:37Z,2026-08-23T17:57:37+0200,4e74b68d-c003-4d56-be5d-5f0c265edc96,2026-08-18T22:00:00Z,2026-08-19T00:00:00+0200,8534.94,MW,BE,BE,forecast_load,Forecasted Load,2026-08-23T15:57:47Z
2026-08-23T15:57:37Z,2026-08-23T17:57:37+0200,4e74b68d-c003-4d56-be5d-5f0c265edc96,2026-08-18T22:15:00Z,2026-08-19T00:15:00+0200,8394.28,MW,BE,BE,forecast_load,Forecasted Load,2026-08-23T15:57:47Z
2026-08-23T15:57:37Z,2026-08-23T17:57:37+0200,4e74b68d-c003-4d56-be5d-5f0c265edc96,2026-08-18T22:30:00Z,2026-08-19T00:30:00+0200,8299.7,MW,BE,BE,forecast_load,Forecasted Load,2026-08-23T15:57:47Z
2026-08-23T15:57:37Z,2026-08-23T17:57:37+0200,4e74b68d-c003-4d56-be5d-5f0c265edc96,2026-08-18T22:45:00Z,2026-08-19T00:45:00+0200,8221.64,MW,BE,BE,forecast_load,Forecasted Load,2026-08-23T15:57:47Z
2026-08-23T15:57:37Z,2026-08-23T17:57:37+0200,4e74b68d-c003-4d56-be5d-5f0c265edc96,2026-08-18T23:00:00Z,2026-08-19T01:00:00+0200,8118.54,MW,BE,BE,forecast_load,Forecasted Load,2026-08-23T15:57:47Z
2026-08-23T15:57:37Z,2026-08-23T17:57:37+0200,4e74b68d-c003-4d56-be5d-5f0c265edc96,2026-08-18T23:15:00Z,2026-08-19T01:15:00+0200,8052.16,MW,BE,BE,forecast_load,Forecasted Load,2026-08-23T15:57:47Z
2026-08-23T15:57:37Z,2026-08-23T17:57:37+0200,4e74b68d-c003-4d56-be5d-5f0c265edc96,2026-08-18T23:30:00Z,2026-08-19T01:30:00+0200,7976.44,MW,BE,BE,forecast_load,Forecasted Load,2026-08-23T15:57:47Z
2026-08-23T15:57:37Z,2026-08-23T17:57:37+0200,4e74b68d-c003-4d56-be5d-5f0c265edc96,2026-08-18T23:45:00Z,2026-08-19T01:45:00+0200,7918.89,MW,BE,BE,forecast_load,Forecasted Load,2026-08-23T15:57:47Z
2026-08-23T15:57:37Z,2026-08-23T17:57:37+0200,4e74b68d-c003-4d56-be5d-5f0c265edc96,2026-08-19T00:00:00Z,2026-08-19T02:00:00+0200,7824.33,MW,BE,BE,forecast_load,Forecasted Load,2026-08-23T15:57:47Z
2026-08-23T15:57:37Z,2026-08-23T17:57:37+0200,4e74b68d-c003-4d56-be5d-5f0c265edc96,2026-08-19T00:15:00Z,2026-08-19T02:15:00+0200,7782.0,MW,BE,BE,forecast_load,Forecasted Load,2026-08-23T15:57:47Z
2026-08-23T15:57:37Z,2026-08-23T17:57:37+0200,4e74b68d-c003-4d56-be5d-5f0c265edc96,2026-08-19T00:30:00Z,2026-08-19T02:30:00+0200,7759.84,MW,BE,BE,forecast_load,Forecasted Load,2026-08-23T15:57:47Z
2026-08-23T15:57:37Z,2026-08-23T17:57:37+0200,4e74b68d-c003-4d56-be5d-5f0c265edc96,2026-08-19T00:45:00Z,2026-08-19T02:45:00+0200,7748.04,MW,BE,BE,forecast_load,Forecasted Load,2026-08-23T15:57:47Z
2026-08-23T15:57:37Z,2026-08-23T17:57:37+0200,4e74b68d-c003-4d56-be5d-5f0c265edc96,2026-08-19T01:00:00Z,2026-08-19T03:00:00+0200,7663.72,MW,BE,BE,forecast_load,Forecasted Load,2026-08-23T15:57:47Z
2026-08-23T15:57:37Z,2026-08-23T17:57:37+0200,4e74b68d-c003-4d56-be5d-5f0c265edc96,2026-08-19T01:15:00Z,2026-08-19T03:15:00+0200,7642.19,MW,BE,BE,forecast_load,Forecasted Load,2026-08-23T15:57:47Z
2026-08-23T15:57:37Z,2026-08-23T17:57:37+0200,4e74b68d-c003-4d56-be5d-5f0c265edc96,2026-08-19T01:30:00Z,2026-08-19T03:30:00+0200,7618.76,MW,BE,BE,forecast_load,Forecasted Load,2026-08-23T15:57:47Z
2026-08-23T15:57:37Z,2026-08-23T17:57:37+0200,4e74b68d-c003-4d56-be5d-5f0c265edc96,2026-08-19T01:45:00Z,2026-08-19T03:45:00+0200,7602.58,MW,BE,BE,forecast_load,Forecasted Load,2026-08-23T15:57:47Z
2026-08-23T15:57:37Z,2026-08-23T17:57:37+0200,4e74b68d-c003-4d56-be5d-5f0c265edc96,2026-08-19T02:00:00Z,2026-08-19T04:00:00+0200,7651.62,MW,BE,BE,forecast_load,Forecasted Load,2026-08-23T15:57:47Z
2026-08-23T15:57:37Z,2026-08-23T17:57:37+0200,4e74b68d-c003-4d56-be5d-5f0c265edc96,2026-08-19T02:15:00Z,2026-08-19T04:15:00+0200,7663.69,MW,BE,BE,forecast_load,Forecasted Load,2026-08-23T15:57:47Z
2026-08-23T15:57:37Z,2026-08-23T17:57:37+0200,4e74b68d-c003-4d56-be5d-5f0c265edc96,2026-08-19T02:30:00Z,2026-08-19T04:30:00+0200,7671.89,MW,BE,BE,forecast_load,Forecasted Load,2026-08-23T15:57:47Z
2026-08-23T15:57:37Z,2026-08-23T17:57:37+0200,4e74b68d-c003-4d56-be5d-5f0c265edc96,2026-08-19T02:45:00Z,2026-08-19T04:45:00+0200,7675.8,MW,BE,BE,forecast_load,Forecasted Load,2026-08-23T15:57:47Z
2026-08-23T15:57:37Z,2026-08-23T17:57:37+0200,4e74b68d-c003-4d56-be5d-5f0c265edc96,2026-08-19T03:00:00Z,2026-08-19T05:00:00+0200,7718.86,MW,BE,BE,forecast_load,Forecasted Load,2026-08-23T15:57:47Z
2026-08-23T15:57:37Z,2026-08-23T17:57:37+0200,4e74b68d-c003-4d56-be5d-5f0c265edc96,2026-08-19T03:15:00Z,2026-08-19T05:15:00+0200,7754.85,MW,BE,BE,forecast_load,Forecasted Load,2026-08-23T15:57:47Z
2026-08-23T15:57:37Z,2026-08-23T17:57:37+0200,4e74b68d-c003-4d56-be5d-5f0c265edc96,2026-08-19T03:30:00Z,2026-08-19T05:30:00+0200,7818.68,MW,BE,BE,forecast_load,Forecasted Load,2026-08-23T15:57:47Z
2026-08-23T15:57:37Z,2026-08-23T17:57:37+0200,4e74b68d-c003-4d56-be5d-5f0c265edc96,2026-08-19T03:45:00Z,2026-08-19T05:45:00+0200,7887.07,MW,BE,BE,forecast_load,Forecasted Load,2026-08-23T15:57:47Z
2026-08-23T15:57:37Z,2026-08-23T17:57:37+0200,4e74b68d-c003-4d56-be5d-5f0c265edc96,2026-08-19T04:00:00Z,2026-08-19T06:00:00+0200,8156.08,MW,BE,BE,forecast_load,Forecasted Load,2026-08-23T15:57:47Z
2026-08-23T15:57:37Z,2026-08-23T17:57:37+0200,4e74b68d-c003-4d56-be5d-5f0c265edc96,2026-08-19T04:15:00Z,2026-08-19T06:15:00+0200,8257.81,MW,BE,BE,forecast_load,Forecasted Load,2026-08-23T15:57:47Z
2026-08-23T15:57:37Z,2026-08-23T17:57:37+0200,4e74b68d-c003-4d56-be5d-5f0c265edc96,2026-08-19T04:30:00Z,2026-08-19T06:30:00+0200,8378.95,MW,BE,BE,forecast_load,Forecasted Load,2026-08-23T15:57:47Z
2026-08-23T15:57:37Z,2026-08-23T17:57:37+0200,4e74b68d-c003-4d56-be5d-5f0c265edc96,2026-08-19T04:45:00Z,2026-08-19T06:45:00+0200,8535.0,MW,BE,BE,forecast_load,Forecasted Load,2026-08-23T15:57:47Z
2026-08-23T15:57:37Z,2026-08-23T17:57:37+0200,4e74b68d-c003-4d56-be5d-5f0c265edc96,2026-08-19T05:00:00Z,2026-08-19T07:00:00+0200,8740.11,MW,BE,BE,forecast_load,Forecasted Load,2026-08-23T15:57:47Z
2026-08-23T15:57:37Z,2026-08-23T17:57:37+0200,4e74b68d-c003-4d56-be5d-5f0c265edc96,2026-08-19T05:15:00Z,2026-08-19T07:15:00+0200,8930.24,MW,BE,BE,forecast_load,Forecasted Load,2026-08-23T15:57:47Z
2026-08-23T15:57:37Z,2026-08-23T17:57:37+0200,4e74b68d-c003-4d56-be5d-5f0c265edc96,2026-08-19T05:30:00Z,2026-08-19T07:30:00+0200,9132.18,MW,BE,BE,forecast_load,Forecasted Load,2026-08-23T15:57:47Z
2026-08-23T15:57:37Z,2026-08-23T17:57:37+0200,4e74b68d-c003-4d56-be5d-5f0c265edc96,2026-08-19T05:45:00Z,2026-08-19T07:45:00+0200,9303.19,MW,BE,BE,forecast_load,Forecasted Load,2026-08-23T15:57:47Z
2026-08-23T15:57:37Z,2026-08-23T17:57:37+0200,4e74b68d-c003-4d56-be5d-5f0c265edc96,2026-08-19T06:00:00Z,2026-08-19T08:00:00+0200,9375.33,MW,BE,BE,forecast_load,Forecasted Load,2026-08-23T15:57:47Z
2026-08-23T15:57:37Z,2026-08-23T17:57:37+0200,4e74b68d-c003-4d56-be5d-5f0c265edc96,2026-08-19T06:15:00Z,2026-08-19T08:15:00+0200,9527.6,MW,BE,BE,forecast_load,Forecasted Load,2026-08-23T15:57:47Z
2026-08-23T15:57:37Z,2026-08-23T17:57:37+0200,4e74b68d-c003-4d56-be5d-5f0c265edc96,2026-08-19T06:30:00Z,2026-08-19T08:30:00+0200,9730.88,MW,BE,BE,forecast_load,Forecasted Load,2026-08-23T15:57:47Z
2026-08-23T15:57:37Z,2026-08-23T17:57:37+0200,4e74b68d-c003-4d56-be5d-5f0c265edc96,2026-08-19T06:45:00Z,2026-08-19T08:45:00+0200,9906.07,MW,BE,BE,forecast_load,Forecasted Load,2026-08-23T15:57:47Z
2026-08-23T15:57:37Z,2026-08-23T17:57:37+0200,4e74b68d-c003-4d56-be5d-5f0c265edc96,2026-08-19T07:00:00Z,2026-08-19T09:00:00+0200,9894.17,MW,BE,BE,forecast_load,Forecasted Load,2026-08-23T15:57:47Z
2026-08-23T15:57:37Z,2026-08-23T17:57:37+0200,4e74b68d-c003-4d56-be5d-5f0c265edc96,2026-08-19T07:15:00Z,2026-08-19T09:15:00+0200,10018.72,MW,BE,BE,forecast_load,Forecasted Load,2026-08-23T15:57:47Z
2026-08-23T15:57:37Z,2026-08-23T17:57:37+0200,4e74b68d-c003-4d56-be5d-5f0c265edc96,2026-08-19T07:30:00Z,2026-08-19T09:30:00+0200,10146.61,MW,BE,BE,forecast_load,Forecasted Load,2026-08-23T15:57:47Z
2026-08-23T15:57:37Z,2026-08-23T17:57:37+0200,4e74b68d-c003-4d56-be5d-5f0c265edc96,2026-08-19T07:45:00Z,2026-08-19T09:45:00+0200,10242.67,MW,BE,BE,forecast_load,Forecasted Load,2026-08-23T15:57:47Z
2026-08-23T15:57:37Z,2026-08-23T17:57:37+0200,4e74b68d-c003-4d56-be5d-5f0c265edc96,2026-08-19T08:00:00Z,2026-08-19T10:00:00+0200,10212.56,MW,BE,BE,forecast_load,Forecasted Load,2026-08-23T15:57:47Z
2026-08-23T15:57:37Z,2026-08-23T17:57:37+0200,4e74b68d-c003-4d56-be5d-5f0c265edc96,2026-08-19T08:15:00Z,2026-08-19T10:15:00+0200,10302.99,MW,BE,BE,forecast_load,Forecasted Load,2026-08-23T15:57:47Z
2026-08-23T15:57:37Z,2026-08-23T17:57:37+0200,4e74b68d-c003-4d56-be5d-5f0c265edc96,2026-08-19T08:30:00Z,2026-08-19T10:30:00+0200,10385.71,MW,BE,BE,forecast_load,Forecasted Load,2026-08-23T15:57:47Z
2026-08-23T15:57:37Z,2026-08-23T17:57:37+0200,4e74b68d-c003-4d56-be5d-5f0c265edc96,2026-08-19T08:45:00Z,2026-08-19T10:45:00+0200,10541.6,MW,BE,BE,forecast_load,Forecasted Load,2026-08-23T15:57:47Z
2026-08-23T15:57:37Z,2026-08-23T17:57:37+0200,4e74b68d-c003-4d56-be5d-5f0c265edc96,2026-08-19T09:00:00Z,2026-08-19T11:00:00+0200,10293.68,MW,BE,BE,forecast_load,Forecasted Load,2026-08-23T15:57:47Z
2026-08-23T15:57:37Z,2026-08-23T17:57:37+0200,4e74b68d-c003-4d56-be5d-5f0c265edc96,2026-08-19T09:15:00Z,2026-08-19T11:15:00+0200,10400.21,MW,BE,BE,forecast_load,Forecasted Load,2026-08-23T15:57:47Z
2026-08-23T15:57:37Z,2026-08-23T17:57:37+0200,4e74b68d-c003-4d56-be5d-5f0c265edc96,2026-08-19T09:30:00Z,2026-08-19T11:30:00+0200,10503.71,MW,BE,BE,forecast_load,Forecasted Load,2026-08-23T15:57:47Z
2026-08-23T15:57:37Z,2026-08-23T17:57:37+0200,4e74b68d-c003-4d56-be5d-5f0c265edc96,2026-08-19T09:45:00Z,2026-08-19T11:45:00+0200,10586.14,MW,BE,BE,forecast_load,Forecasted Load,2026-08-23T15:57:47Z
2026-08-23T15:57:37Z,2026-08-23T17:57:37+0200,4e74b68d-c003-4d56-be5d-5f0c265edc96,2026-08-19T10:00:00Z,2026-08-19T12:00:00+0200,10445.42,MW,BE,BE,forecast_load,Forecasted Load,2026-08-23T15:57:47Z
2026-08-23T15:57:37Z,2026-08-23T17:57:37+0200,4e74b68d-c003-4d56-be5d-5f0c265edc96,2026-08-19T10:15:00Z,2026-08-19T12:15:00+0200,10467.35,MW,BE,BE,forecast_load,Forecasted Load,2026-08-23T15:57:47Z
2026-08-23T15:57:37Z,2026-08-23T17:57:37+0200,4e74b68d-c003-4d56-be5d-5f0c265edc96,2026-08-19T10:30:00Z,2026-08-19T12:30:00+0200,10493.26,MW,BE,BE,forecast_load,Forecasted Load,2026-08-23T15:57:47Z
2026-08-23T15:57:37Z,2026-08-23T17:57:37+0200,4e74b68d-c003-4d56-be5d-5f0c265edc96,2026-08-19T10:45:00Z,2026-08-19T12:45:00+0200,10553.99,MW,BE,BE,forecast_load,Forecasted Load,2026-08-23T15:57:47Z
2026-08-23T15:57:37Z,2026-08-23T17:57:37+0200,4e74b68d-c003-4d56-be5d-5f0c265edc96,2026-08-19T11:00:00Z,2026-08-19T13:00:00+0200,10654.1,MW,BE,BE,forecast_load,Forecasted Load,2026-08-23T15:57:47Z
2026-08-23T15:57:37Z,2026-08-23T17:57:37+0200,4e74b68d-c003-4d56-be5d-5f0c265edc96,2026-08-19T11:15:00Z,2026-08-19T13:15:00+0200,10645.94,MW,BE,BE,forecast_load,Forecasted Load,2026-08-23T15:57:47Z
2026-08-23T15:57:37Z,2026-08-23T17:57:37+0200,4e74b68d-c003-4d56-be5d-5f0c265edc96,2026-08-19T11:30:00Z,2026-08-19T13:30:00+0200,10607.87,MW,BE,BE,forecast_load,Forecasted Load,2026-08-23T15:57:47Z
2026-08-23T15:57:37Z,2026-08-23T17:57:37+0200,4e74b68d-c003-4d56-be5d-5f0c265edc96,2026-08-19T11:45:00Z,2026-08-19T13:45:00+0200,10562.17,MW,BE,BE,forecast_load,Forecasted Load,2026-08-23T15:57:47Z
2026-08-23T15:57:37Z,2026-08-23T17:57:37+0200,4e74b68d-c003-4d56-be5d-5f0c265edc96,2026-08-19T12:00:00Z,2026-08-19T14:00:00+0200,10570.93,MW,BE,BE,forecast_load,Forecasted Load,2026-08-23T15:57:47Z
2026-08-23T15:57:37Z,2026-08-23T17:57:37+0200,4e74b68d-c003-4d56-be5d-5f0c265edc96,2026-08-19T12:15:00Z,2026-08-19T14:15:00+0200,10491.69,MW,BE,BE,forecast_load,Forecasted Load,2026-08-23T15:57:47Z
2026-08-23T15:57:37Z,2026-08-23T17:57:37+0200,4e74b68d-c003-4d56-be5d-5f0c265edc96,2026-08-19T12:30:00Z,2026-08-19T14:30:00+0200,10442.79,MW,BE,BE,forecast_load,Forecasted Load,2026-08-23T15:57:47Z
2026-08-23T15:57:37Z,2026-08-23T17:57:37+0200,4e74b68d-c003-4d56-be5d-5f0c265edc96,2026-08-19T12:45:00Z,2026-08-19T14:45:00+0200,10396.85,MW,BE,BE,forecast_load,Forecasted Load,2026-08-23T15:57:47Z
2026-08-23T15:57:37Z,2026-08-23T17:57:37+0200,4e74b68d-c003-4d56-be5d-5f0c265edc96,2026-08-19T13:00:00Z,2026-08-19T15:00:00+0200,10382.42,MW,BE,BE,forecast_load,Forecasted Load,2026-08-23T15:57:47Z
2026-08-23T15:57:37Z,2026-08-23T17:57:37+0200,4e74b68d-c003-4d56-be5d-5f0c265edc96,2026-08-19T13:15:00Z,2026-08-19T15:15:00+0200,10312.3,MW,BE,BE,forecast_load,Forecasted Load,2026-08-23T15:57:47Z
2026-08-23T15:57:37Z,2026-08-23T17:57:37+0200,4e74b68d-c003-4d56-be5d-5f0c265edc96,2026-08-19T13:30:00Z,2026-08-19T15:30:00+0200,10216.24,MW,BE,BE,forecast_load,Forecasted Load,2026-08-23T15:57:47Z
2026-08-23T15:57:37Z,2026-08-23T17:57:37+0200,4e74b68d-c003-4d56-be5d-5f0c265edc96,2026-08-19T13:45:00Z,2026-08-19T15:45:00+0200,10102.96,MW,BE,BE,forecast_load,Forecasted Load,2026-08-23T15:57:47Z
2026-08-23T15:57:37Z,2026-08-23T17:57:37+0200,4e74b68d-c003-4d56-be5d-5f0c265edc96,2026-08-19T14:00:00Z,2026-08-19T16:00:00+0200,10220.92,MW,BE,BE,forecast_load,Forecasted Load,2026-08-23T15:57:47Z
2026-08-23T15:57:37Z,2026-08-23T17:57:37+0200,4e74b68d-c003-4d56-be5d-5f0c265edc96,2026-08-19T14:15:00Z,2026-08-19T16:15:00+0200,10130.11,MW,BE,BE,forecast_load,Forecasted Load,2026-08-23T15:57:47Z
2026-08-23T15:57:37Z,2026-08-23T17:57:37+0200,4e74b68d-c003-4d56-be5d-5f0c265edc96,2026-08-19T14:30:00Z,2026-08-19T16:30:00+0200,10067.55,MW,BE,BE,forecast_load,Forecasted Load,2026-08-23T15:57:47Z
2026-08-23T15:57:37Z,2026-08-23T17:57:37+0200,4e74b68d-c003-4d56-be5d-5f0c265edc96,2026-08-19T14:45:00Z,2026-08-19T16:45:00+0200,9987.07,MW,BE,BE,forecast_load,Forecasted Load,2026-08-23T15:57:47Z
2026-08-23T15:57:37Z,2026-08-23T17:57:37+0200,4e74b68d-c003-4d56-be5d-5f0c265edc96,2026-08-19T15:00:00Z,2026-08-19T17:00:00+0200,10215.87,MW,BE,BE,forecast_load,Forecasted Load,2026-08-23T15:57:47Z
2026-08-23T15:57:37Z,2026-08-23T17:57:37+0200,4e74b68d-c003-4d56-be5d-5f0c265edc96,2026-08-19T15:15:00Z,2026-08-19T17:15:00+0200,10121.09,MW,BE,BE,forecast_load,Forecasted Load,2026-08-23T15:57:47Z
2026-08-23T15:57:37Z,2026-08-23T17:57:37+0200,4e74b68d-c003-4d56-be5d-5f0c265edc96,2026-08-19T15:30:00Z,2026-08-19T17:30:00+0200,10120.08,MW,BE,BE,forecast_load,Forecasted Load,2026-08-23T15:57:47Z
2026-08-23T15:57:37Z,2026-08-23T17:57:37+0200,4e74b68d-c003-4d56-be5d-5f0c265edc96,2026-08-19T15:45:00Z,2026-08-19T17:45:00+0200,10054.21,MW,BE,BE,forecast_load,Forecasted Load,2026-08-23T15:57:47Z
2026-08-23T15:57:37Z,2026-08-23T17:57:37+0200,4e74b68d-c003-4d56-be5d-5f0c265edc96,2026-08-19T16:00:00Z,2026-08-19T18:00:00+0200,10155.44,MW,BE,BE,forecast_load,Forecasted Load,2026-08-23T15:57:47Z
2026-08-23T15:57:37Z,2026-08-23T17:57:37+0200,4e74b68d-c003-4d56-be5d-5f0c265edc96,2026-08-19T16:15:00Z,2026-08-19T18:15:00+0200,10099.66,MW,BE,BE,forecast_load,Forecasted Load,2026-08-23T15:57:47Z
2026-08-23T15:57:37Z,2026-08-23T17:57:37+0200,4e74b68d-c003-4d56-be5d-5f0c265edc96,2026-08-19T16:30:00Z,2026-08-19T18:30:00+0200,10121.09,MW,BE,BE,forecast_load,Forecasted Load,2026-08-23T15:57:47Z
2026-08-23T15:57:37Z,2026-08-23T17:57:37+0200,4e74b68d-c003-4d56-be5d-5f0c265edc96,2026-08-19T16:45:00Z,2026-08-19T18:45:00+0200,10092.12,MW,BE,BE,forecast_load,Forecasted Load,2026-08-23T15:57:47Z
2026-08-23T15:57:37Z,2026-08-23T17:57:37+0200,4e74b68d-c003-4d56-be5d-5f0c265edc96,2026-08-19T17:00:00Z,2026-08-19T19:00:00+0200,10034.58,MW,BE,BE,forecast_load,Forecasted Load,2026-08-23T15:57:47Z
2026-08-23T15:57:37Z,2026-08-23T17:57:37+0200,4e74b68d-c003-4d56-be5d-5f0c265edc96,2026-08-19T17:15:00Z,2026-08-19T19:15:00+0200,9917.18,MW,BE,BE,forecast_load,Forecasted Load,2026-08-23T15:57:47Z
2026-08-23T15:57:37Z,2026-08-23T17:57:37+0200,4e74b68d-c003-4d56-be5d-5f0c265edc96,2026-08-19T17:30:00Z,2026-08-19T19:30:00+0200,9846.5,MW,BE,BE,forecast_load,Forecasted Load,2026-08-23T15:57:47Z
2026-08-23T15:57:37Z,2026-08-23T17:57:37+0200,4e74b68d-c003-4d56-be5d-5f0c265edc96,2026-08-19T17:45:00Z,2026-08-19T19:45:00+0200,9760.9,MW,BE,BE,forecast_load,Forecasted Load,2026-08-23T15:57:47Z
2026-08-23T15:57:37Z,2026-08-23T17:57:37+0200,4e74b68d-c003-4d56-be5d-5f0c265edc96,2026-08-19T18:00:00Z,2026-08-19T20:00:00+0200,9814.9,MW,BE,BE,forecast_load,Forecasted Load,2026-08-23T15:57:47Z
2026-08-23T15:57:37Z,2026-08-23T17:57:37+0200,4e74b68d-c003-4d56-be5d-5f0c265edc96,2026-08-19T18:15:00Z,2026-08-19T20:15:00+0200,9706.49,MW,BE,BE,forecast_load,Forecasted Load,2026-08-23T15:57:47Z
2026-08-23T15:57:37Z,2026-08-23T17:57:37+0200,4e74b68d-c003-4d56-be5d-5f0c265edc96,2026-08-19T18:30:00Z,2026-08-19T20:30:00+0200,9642.7,MW,BE,BE,forecast_load,Forecasted Load,2026-08-23T15:57:47Z
2026-08-23T15:57:37Z,2026-08-23T17:57:37+0200,4e74b68d-c003-4d56-be5d-5f0c265edc96,2026-08-19T18:45:00Z,2026-08-19T20:45:00+0200,9568.74,MW,BE,BE,forecast_load,Forecasted Load,2026-08-23T15:57:47Z
2026-08-23T15:57:37Z,2026-08-23T17:57:37+0200,4e74b68d-c003-4d56-be5d-5f0c265edc96,2026-08-19T19:00:00Z,2026-08-19T21:00:00+0200,9458.56,MW,BE,BE,forecast_load,Forecasted Load,2026-08-23T15:57:47Z
2026-08-23T15:57:37Z,2026-08-23T17:57:37+0200,4e74b68d-c003-4d56-be5d-5f0c265edc96,2026-08-19T19:15:00Z,2026-08-19T21:15:00+0200,9478.3,MW,BE,BE,forecast_load,Forecasted Load,2026-08-23T15:57:47Z
2026-08-23T15:57:37Z,2026-08-23T17:57:37+0200,4e74b68d-c003-4d56-be5d-5f0c265edc96,2026-08-19T19:30:00Z,2026-08-19T21:30:00+0200,9517.16,MW,BE,BE,forecast_load,Forecasted Load,2026-08-23T15:57:47Z
2026-08-23T15:57:37Z,2026-08-23T17:57:37+0200,4e74b68d-c003-4d56-be5d-5f0c265edc96,2026-08-19T19:45:00Z,2026-08-19T21:45:00+0200,9537.62,MW,BE,BE,forecast_load,Forecasted Load,2026-08-23T15:57:47Z
2026-08-23T15:57:37Z,2026-08-23T17:57:37+0200,4e74b68d-c003-4d56-be5d-5f0c265edc96,2026-08-19T20:00:00Z,2026-08-19T22:00:00+0200,9428.89,MW,BE,BE,forecast_load,Forecasted Load,2026-08-23T15:57:47Z
2026-08-23T15:57:37Z,2026-08-23T17:57:37+0200,4e74b68d-c003-4d56-be5d-5f0c265edc96,2026-08-19T20:15:00Z,2026-08-19T22:15:00+0200,9400.66,MW,BE,BE,forecast_load,Forecasted Load,2026-08-23T15:57:47Z
2026-08-23T15:57:37Z,2026-08-23T17:57:37+0200,4e74b68d-c003-4d56-be5d-5f0c265edc96,2026-08-19T20:30:00Z,2026-08-19T22:30:00+0200,9347.69,MW,BE,BE,forecast_load,Forecasted Load,2026-08-23T15:57:47Z
2026-08-23T15:57:37Z,2026-08-23T17:57:37+0200,4e74b68d-c003-4d56-be5d-5f0c265edc96,2026-08-19T20:45:00Z,2026-08-19T22:45:00+0200,9263.24,MW,BE,BE,forecast_load,Forecasted Load,2026-08-23T15:57:47Z
2026-08-23T15:57:37Z,2026-08-23T17:57:37+0200,4e74b68d-c003-4d56-be5d-5f0c265edc96,2026-08-19T21:00:00Z,2026-08-19T23:00:00+0200,9092.21,MW,BE,BE,forecast_load,Forecasted Load,2026-08-23T15:57:47Z
2026-08-23T15:57:37Z,2026-08-23T17:57:37+0200,4e74b68d-c003-4d56-be5d-5f0c265edc96,2026-08-19T21:15:00Z,2026-08-19T23:15:00+0200,8960.92,MW,BE,BE,forecast_load,Forecasted Load,2026-08-23T15:57:47Z
2026-08-23T15:57:37Z,2026-08-23T17:57:37+0200,4e74b68d-c003-4d56-be5d-5f0c265edc96,2026-08-19T21:30:00Z,2026-08-19T23:30:00+0200,8802.43,MW,BE,BE,forecast_load,Forecasted Load,2026-08-23T15:57:47Z
2026-08-23T15:57:37Z,2026-08-23T17:57:37+0200,4e74b68d-c003-4d56-be5d-5f0c265edc96,2026-08-19T21:45:00Z,2026-08-19T23:45:00+0200,8701.8,MW,BE,BE,forecast_load,Forecasted Load,2026-08-23T15:57:47Z
2026-08-23T15:57:37Z,2026-08-23T17:57:37+0200,4e74b68d-c003-4d56-be5d-5f0c265edc96,2026-08-19T22:00:00Z,2026-08-20T00:00:00+0200,8621.0,MW,BE,BE,forecast_load,Forecasted Load,2026-08-23T15:57:47Z
2026-08-23T15:57:37Z,2026-08-23T17:57:37+0200,4e74b68d-c003-4d56-be5d-5f0c265edc96,2026-08-19T22:15:00Z,2026-08-20T00:15:00+0200,8491.29,MW,BE,BE,forecast_load,Forecasted Load,2026-08-23T15:57:47Z
2026-08-23T15:57:37Z,2026-08-23T17:57:37+0200,4e74b68d-c003-4d56-be5d-5f0c265edc96,2026-08-19T22:30:00Z,2026-08-20T00:30:00+0200,8398.46,MW,BE,BE,forecast_load,Forecasted Load,2026-08-23T15:57:47Z
2026-08-23T15:57:37Z,2026-08-23T17:57:37+0200,4e74b68d-c003-4d56-be5d-5f0c265edc96,2026-08-19T22:45:00Z,2026-08-20T00:45:00+0200,8313.87,MW,BE,BE,forecast_load,Forecasted Load,2026-08-23T15:57:47Z
2026-08-23T15:57:37Z,2026-08-23T17:57:37+0200,4e74b68d-c003-4d56-be5d-5f0c265edc96,2026-08-19T23:00:00Z,2026-08-20T01:00:00+0200,8333.71,MW,BE,BE,forecast_load,Forecasted Load,2026-08-23T15:57:47Z
2026-08-23T15:57:37Z,2026-08-23T17:57:37+0200,4e74b68d-c003-4d56-be5d-5f0c265edc96,2026-08-19T23:15:00Z,2026-08-20T01:15:00+0200,8270.52,MW,BE,BE,forecast_load,Forecasted Load,2026-08-23T15:57:47Z
2026-08-23T15:57:37Z,2026-08-23T17:57:37+0200,4e74b68d-c003-4d56-be5d-5f0c265edc96,2026-08-19T23:30:00Z,2026-08-20T01:30:00+0200,8195.29,MW,BE,BE,forecast_load,Forecasted Load,2026-08-23T15:57:47Z
2026-08-23T15:57:37Z,2026-08-23T17:57:37+0200,4e74b68d-c003-4d56-be5d-5f0c265edc96,2026-08-19T23:45:00Z,2026-08-20T01:45:00+0200,8134.48,MW,BE,BE,forecast_load,Forecasted Load,2026-08-23T15:57:47Z
2026-08-23T15:57:37Z,2026-08-23T17:57:37+0200,4e74b68d-c003-4d56-be5d-5f0c265edc96,2026-08-20T00:00:00Z,2026-08-20T02:00:00+0200,8174.61,MW,BE,BE,forecast_load,Forecasted Load,2026-08-23T15:57:47Z
2026-08-23T15:57:37Z,2026-08-23T17:57:37+0200,4e74b68d-c003-4d56-be5d-5f0c265edc96,2026-08-20T00:15:00Z,2026-08-20T02:15:00+0200,8136.8,MW,BE,BE,forecast_load,Forecasted Load,2026-08-23T15:57:47Z
2026-08-23T15:57:37Z,2026-08-23T17:57:37+0200,4e74b68d-c003-4d56-be5d-5f0c265edc96,2026-08-20T00:30:00Z,2026-08-20T02:30:00+0200,8119.35,MW,BE,BE,forecast_load,Forecasted Load,2026-08-23T15:57:47Z
2026-08-23T15:57:37Z,2026-08-23T17:57:37+0200,4e74b68d-c003-4d56-be5d-5f0c265edc96,2026-08-20T00:45:00Z,2026-08-20T02:45:00+0200,8116.24,MW,BE,BE,forecast_load,Forecasted Load,2026-08-23T15:57:47Z
2026-08-23T15:57:37Z,2026-08-23T17:57:37+0200,4e74b68d-c003-4d56-be5d-5f0c265edc96,2026-08-20T01:00:00Z,2026-08-20T03:00:00+0200,8012.17,MW,BE,BE,forecast_load,Forecasted Load,2026-08-23T15:57:47Z
2026-08-23T15:57:37Z,2026-08-23T17:57:37+0200,4e74b68d-c003-4d56-be5d-5f0c265edc96,2026-08-20T01:15:00Z,2026-08-20T03:15:00+0200,7998.11,MW,BE,BE,forecast_load,Forecasted Load,2026-08-23T15:57:47Z
2026-08-23T15:57:37Z,2026-08-23T17:57:37+0200,4e74b68d-c003-4d56-be5d-5f0c265edc96,2026-08-20T01:30:00Z,2026-08-20T03:30:00+0200,7971.96,MW,BE,BE,forecast_load,Forecasted Load,2026-08-23T15:57:47Z
2026-08-23T15:57:37Z,2026-08-23T17:57:37+0200,4e74b68d-c003-4d56-be5d-5f0c265edc96,2026-08-20T01:45:00Z,2026-08-20T03:45:00+0200,7955.4,MW,BE,BE,forecast_load,Forecasted Load,2026-08-23T15:57:47Z
2026-08-23T15:57:37Z,2026-08-23T17:57:37+0200,4e74b68d-c003-4d56-be5d-5f0c265edc96,2026-08-20T02:00:00Z,2026-08-20T04:00:00+0200,7943.11,MW,BE,BE,forecast_load,Forecasted Load,2026-08-23T15:57:47Z
2026-08-23T15:57:37Z,2026-08-23T17:57:37+0200,4e74b68d-c003-4d56-be5d-5f0c265edc96,2026-08-20T02:15:00Z,2026-08-20T04:15:00+0200,7954.73,MW,BE,BE,forecast_load,Forecasted Load,2026-08-23T15:57:47Z
2026-08-23T15:57:37Z,2026-08-23T17:57:37+0200,4e74b68d-c003-4d56-be5d-5f0c265edc96,2026-08-20T02:30:00Z,2026-08-20T04:30:00+0200,7957.03,MW,BE,BE,forecast_load,Forecasted Load,2026-08-23T15:57:47Z
2026-08-23T15:57:37Z,2026-08-23T17:57:37+0200,4e74b68d-c003-4d56-be5d-5f0c265edc96,2026-08-20T02:45:00Z,2026-08-20T04:45:00+0200,7959.06,MW,BE,BE,forecast_load,Forecasted Load,2026-08-23T15:57:47Z
2026-08-23T15:57:37Z,2026-08-23T17:57:37+0200,4e74b68d-c003-4d56-be5d-5f0c265edc96,2026-08-20T03:00:00Z,2026-08-20T05:00:00+0200,8006.24,MW,BE,BE,forecast_load,Forecasted Load,2026-08-23T15:57:47Z
2026-08-23T15:57:37Z,2026-08-23T17:57:37+0200,4e74b68d-c003-4d56-be5d-5f0c265edc96,2026-08-20T03:15:00Z,2026-08-20T05:15:00+0200,8044.7,MW,BE,BE,forecast_load,Forecasted Load,2026-08-23T15:57:47Z
2026-08-23T15:57:37Z,2026-08-23T17:57:37+0200,4e74b68d-c003-4d56-be5d-5f0c265edc96,2026-08-20T03:30:00Z,2026-08-20T05:30:00+0200,8101.97,MW,BE,BE,forecast_load,Forecasted Load,2026-08-23T15:57:47Z
2026-08-23T15:57:37Z,2026-08-23T17:57:37+0200,4e74b68d-c003-4d56-be5d-5f0c265edc96,2026-08-20T03:45:00Z,2026-08-20T05:45:00+0200,8162.93,MW,BE,BE,forecast_load,Forecasted Load,2026-08-23T15:57:47Z
2026-08-23T15:57:37Z,2026-08-23T17:57:37+0200,4e74b68d-c003-4d56-be5d-5f0c265edc96,2026-08-20T04:00:00Z,2026-08-20T06:00:00+0200,8408.82,MW,BE,BE,forecast_load,Forecasted Load,2026-08-23T15:57:47Z
2026-08-23T15:57:37Z,2026-08-23T17:57:37+0200,4e74b68d-c003-4d56-be5d-5f0c265edc96,2026-08-20T04:15:00Z,2026-08-20T06:15:00+0200,8508.72,MW,BE,BE,forecast_load,Forecasted Load,2026-08-23T15:57:47Z
2026-08-23T15:57:37Z,2026-08-23T17:57:37+0200,4e74b68d-c003-4d56-be5d-5f0c265edc96,2026-08-20T04:30:00Z,2026-08-20T06:30:00+0200,8651.92,MW,BE,BE,forecast_load,Forecasted Load,2026-08-23T15:57:47Z
2026-08-23T15:57:37Z,2026-08-23T17:57:37+0200,4e74b68d-c003-4d56-be5d-5f0c265edc96,2026-08-20T04:45:00Z,2026-08-20T06:45:00+0200,8802.22,MW,BE,BE,forecast_load,Forecasted Load,2026-08-23T15:57:47Z
2026-08-23T15:57:37Z,2026-08-23T17:57:37+0200,4e74b68d-c003-4d56-be5d-5f0c265edc96,2026-08-20T05:00:00Z,2026-08-20T07:00:00+0200,8899.05,MW,BE,BE,forecast_load,Forecasted Load,2026-08-23T15:57:47Z
2026-08-23T15:57:37Z,2026-08-23T17:57:37+0200,4e74b68d-c003-4d56-be5d-5f0c265edc96,2026-08-20T05:15:00Z,2026-08-20T07:15:00+0200,9101.61,MW,BE,BE,forecast_load,Forecasted Load,2026-08-23T15:57:47Z
2026-08-23T15:57:37Z,2026-08-23T17:57:37+0200,4e74b68d-c003-4d56-be5d-5f0c265edc96,2026-08-20T05:30:00Z,2026-08-20T07:30:00+0200,9327.33,MW,BE,BE,forecast_load,Forecasted Load,2026-08-23T15:57:47Z
2026-08-23T15:57:37Z,2026-08-23T17:57:37+0200,4e74b68d-c003-4d56-be5d-5f0c265edc96,2026-08-20T05:45:00Z,2026-08-20T07:45:00+0200,9490.76,MW,BE,BE,forecast_load,Forecasted Load,2026-08-23T15:57:47Z
2026-08-23T15:57:37Z,2026-08-23T17:57:37+0200,4e74b68d-c003-4d56-be5d-5f0c265edc96,2026-08-20T06:00:00Z,2026-08-20T08:00:00+0200,9548.77,MW,BE,BE,forecast_load,Forecasted Load,2026-08-23T15:57:47Z
2026-08-23T15:57:37Z,2026-08-23T17:57:37+0200,4e74b68d-c003-4d56-be5d-5f0c265edc96,2026-08-20T06:15:00Z,2026-08-20T08:15:00+0200,9712.38,MW,BE,BE,forecast_load,Forecasted Load,2026-08-23T15:57:47Z
2026-08-23T15:57:37Z,2026-08-23T17:57:37+0200,4e74b68d-c003-4d56-be5d-5f0c265edc96,2026-08-20T06:30:00Z,2026-08-20T08:30:00+0200,9912.98,MW,BE,BE,forecast_load,Forecasted Load,2026-08-23T15:57:47Z
2026-08-23T15:57:37Z,2026-08-23T17:57:37+0200,4e74b68d-c003-4d56-be5d-5f0c265edc96,2026-08-20T06:45:00Z,2026-08-20T08:45:00+0200,10104.03,MW,BE,BE,forecast_load,Forecasted Load,2026-08-23T15:57:47Z
2026-08-23T15:57:37Z,2026-08-23T17:57:37+0200,4e74b68d-c003-4d56-be5d-5f0c265edc96,2026-08-20T07:00:00Z,2026-08-20T09:00:00+0200,10184.06,MW,BE,BE,forecast_load,Forecasted Load,2026-08-23T15:57:47Z
2026-08-23T15:57:37Z,2026-08-23T17:57:37+0200,4e74b68d-c003-4d56-be5d-5f0c265edc96,2026-08-20T07:15:00Z,2026-08-20T09:15:00+0200,10297.01,MW,BE,BE,forecast_load,Forecasted Load,2026-08-23T15:57:47Z
2026-08-23T15:57:37Z,2026-08-23T17:57:37+0200,4e74b68d-c003-4d56-be5d-5f0c265edc96,2026-08-20T07:30:00Z,2026-08-20T09:30:00+0200,10418.76,MW,BE,BE,forecast_load,Forecasted Load,2026-08-23T15:57:47Z
2026-08-23T15:57:37Z,2026-08-23T17:57:37+0200,4e74b68d-c003-4d56-be5d-5f0c265edc96,2026-08-20T07:45:00Z,2026-08-20T09:45:00+0200,10504.49,MW,BE,BE,forecast_load,Forecasted Load,2026-08-23T15:57:47Z
2026-08-23T15:57:37Z,2026-08-23T17:57:37+0200,4e74b68d-c003-4d56-be5d-5f0c265edc96,2026-08-20T08:00:00Z,2026-08-20T10:00:00+0200,10502.28,MW,BE,BE,forecast_load,Forecasted Load,2026-08-23T15:57:47Z
2026-08-23T15:57:37Z,2026-08-23T17:57:37+0200,4e74b68d-c003-4d56-be5d-5f0c265edc96,2026-08-20T08:15:00Z,2026-08-20T10:15:00+0200,10591.57,MW,BE,BE,forecast_load,Forecasted Load,2026-08-23T15:57:47Z
2026-08-23T15:57:37Z,2026-08-23T17:57:37+0200,4e74b68d-c003-4d56-be5d-5f0c265edc96,2026-08-20T08:30:00Z,2026-08-20T10:30:00+0200,10657.9,MW,BE,BE,forecast_load,Forecasted Load,2026-08-23T15:57:47Z
2026-08-23T15:57:37Z,2026-08-23T17:57:37+0200,4e74b68d-c003-4d56-be5d-5f0c265edc96,2026-08-20T08:45:00Z,2026-08-20T10:45:00+0200,10808.03,MW,BE,BE,forecast_load,Forecasted Load,2026-08-23T15:57:47Z
2026-08-23T15:57:37Z,2026-08-23T17:57:37+0200,4e74b68d-c003-4d56-be5d-5f0c265edc96,2026-08-20T09:00:00Z,2026-08-20T11:00:00+0200,10742.25,MW,BE,BE,forecast_load,Forecasted Load,2026-08-23T15:57:47Z
2026-08-23T15:57:37Z,2026-08-23T17:57:37+0200,4e74b68d-c003-4d56-be5d-5f0c265edc96,2026-08-20T09:15:00Z,2026-08-20T11:15:00+0200,10833.99,MW,BE,BE,forecast_load,Forecasted Load,2026-08-23T15:57:47Z
2026-08-23T15:57:37Z,2026-08-23T17:57:37+0200,4e74b68d-c003-4d56-be5d-5f0c265edc96,2026-08-20T09:30:00Z,2026-08-20T11:30:00+0200,10937.27,MW,BE,BE,forecast_load,Forecasted Load,2026-08-23T15:57:47Z
2026-08-23T15:57:37Z,2026-08-23T17:57:37+0200,4e74b68d-c003-4d56-be5d-5f0c265edc96,2026-08-20T09:45:00Z,2026-08-20T11:45:00+0200,11007.69,MW,BE,BE,forecast_load,Forecasted Load,2026-08-23T15:57:47Z
2026-08-23T15:57:37Z,2026-08-23T17:57:37+0200,4e74b68d-c003-4d56-be5d-5f0c265edc96,2026-08-20T10:00:00Z,2026-08-20T12:00:00+0200,10862.86,MW,BE,BE,forecast_load,Forecasted Load,2026-08-23T15:57:47Z
2026-08-23T15:57:37Z,2026-08-23T17:57:37+0200,4e74b68d-c003-4d56-be5d-5f0c265edc96,2026-08-20T10:15:00Z,2026-08-20T12:15:00+0200,10863.72,MW,BE,BE,forecast_load,Forecasted Load,2026-08-23T15:57:47Z
2026-08-23T15:57:37Z,2026-08-23T17:57:37+0200,4e74b68d-c003-4d56-be5d-5f0c265edc96,2026-08-20T10:30:00Z,2026-08-20T12:30:00+0200,10902.97,MW,BE,BE,forecast_load,Forecasted Load,2026-08-23T15:57:47Z
2026-08-23T15:57:37Z,2026-08-23T17:57:37+0200,4e74b68d-c003-4d56-be5d-5f0c265edc96,2026-08-20T10:45:00Z,2026-08-20T12:45:00+0200,10956.98,MW,BE,BE,forecast_load,Forecasted Load,2026-08-23T15:57:47Z
2026-08-23T15:57:37Z,2026-08-23T17:57:37+0200,4e74b68d-c003-4d56-be5d-5f0c265edc96,2026-08-20T11:00:00Z,2026-08-20T13:00:00+0200,11045.58,MW,BE,BE,forecast_load,Forecasted Load,2026-08-23T15:57:47Z
2026-08-23T15:57:37Z,2026-08-23T17:57:37+0200,4e74b68d-c003-4d56-be5d-5f0c265edc96,2026-08-20T11:15:00Z,2026-08-20T13:15:00+0200,11034.1,MW,BE,BE,forecast_load,Forecasted Load,2026-08-23T15:57:47Z
2026-08-23T15:57:37Z,2026-08-23T17:57:37+0200,4e74b68d-c003-4d56-be5d-5f0c265edc96,2026-08-20T11:30:00Z,2026-08-20T13:30:00+0200,10973.44,MW,BE,BE,forecast_load,Forecasted Load,2026-08-23T15:57:47Z
2026-08-23T15:57:37Z,2026-08-23T17:57:37+0200,4e74b68d-c003-4d56-be5d-5f0c265edc96,2026-08-20T11:45:00Z,2026-08-20T13:45:00+0200,10903.88,MW,BE,BE,forecast_load,Forecasted Load,2026-08-23T15:57:47Z
2026-08-23T15:57:37Z,2026-08-23T17:57:37+0200,4e74b68d-c003-4d56-be5d-5f0c265edc96,2026-08-20T12:00:00Z,2026-08-20T14:00:00+0200,10870.19,MW,BE,BE,forecast_load,Forecasted Load,2026-08-23T15:57:47Z
2026-08-23T15:57:37Z,2026-08-23T17:57:37+0200,4e74b68d-c003-4d56-be5d-5f0c265edc96,2026-08-20T12:15:00Z,2026-08-20T14:15:00+0200,10806.75,MW,BE,BE,forecast_load,Forecasted Load,2026-08-23T15:57:47Z
2026-08-23T15:57:37Z,2026-08-23T17:57:37+0200,4e74b68d-c003-4d56-be5d-5f0c265edc96,2026-08-20T12:30:00Z,2026-08-20T14:30:00+0200,10788.94,MW,BE,BE,forecast_load,Forecasted Load,2026-08-23T15:57:47Z
2026-08-23T15:57:37Z,2026-08-23T17:57:37+0200,4e74b68d-c003-4d56-be5d-5f0c265edc96,2026-08-20T12:45:00Z,2026-08-20T14:45:00+0200,10717.95,MW,BE,BE,forecast_load,Forecasted Load,2026-08-23T15:57:47Z
2026-08-23T15:57:37Z,2026-08-23T17:57:37+0200,4e74b68d-c003-4d56-be5d-5f0c265edc96,2026-08-20T13:00:00Z,2026-08-20T15:00:00+0200,10685.67,MW,BE,BE,forecast_load,Forecasted Load,2026-08-23T15:57:47Z
2026-08-23T15:57:37Z,2026-08-23T17:57:37+0200,4e74b68d-c003-4d56-be5d-5f0c265edc96,2026-08-20T13:15:00Z,2026-08-20T15:15:00+0200,10618.5,MW,BE,BE,forecast_load,Forecasted Load,2026-08-23T15:57:47Z
2026-08-23T15:57:37Z,2026-08-23T17:57:37+0200,4e74b68d-c003-4d56-be5d-5f0c265edc96,2026-08-20T13:30:00Z,2026-08-20T15:30:00+0200,10525.47,MW,BE,BE,forecast_load,Forecasted Load,2026-08-23T15:57:47Z
2026-08-23T15:57:37Z,2026-08-23T17:57:37+0200,4e74b68d-c003-4d56-be5d-5f0c265edc96,2026-08-20T13:45:00Z,2026-08-20T15:45:00+0200,10420.62,MW,BE,BE,forecast_load,Forecasted Load,2026-08-23T15:57:47Z
2026-08-23T15:57:37Z,2026-08-23T17:57:37+0200,4e74b68d-c003-4d56-be5d-5f0c265edc96,2026-08-20T14:00:00Z,2026-08-20T16:00:00+0200,10443.75,MW,BE,BE,forecast_load,Forecasted Load,2026-08-23T15:57:47Z
2026-08-23T15:57:37Z,2026-08-23T17:57:37+0200,4e74b68d-c003-4d56-be5d-5f0c265edc96,2026-08-20T14:15:00Z,2026-08-20T16:15:00+0200,10374.54,MW,BE,BE,forecast_load,Forecasted Load,2026-08-23T15:57:47Z
2026-08-23T15:57:37Z,2026-08-23T17:57:37+0200,4e74b68d-c003-4d56-be5d-5f0c265edc96,2026-08-20T14:30:00Z,2026-08-20T16:30:00+0200,10309.42,MW,BE,BE,forecast_load,Forecasted Load,2026-08-23T15:57:47Z
2026-08-23T15:57:37Z,2026-08-23T17:57:37+0200,4e74b68d-c003-4d56-be5d-5f0c265edc96,2026-08-20T14:45:00Z,2026-08-20T16:45:00+0200,10228.0,MW,BE,BE,forecast_load,Forecasted Load,2026-08-23T15:57:47Z
2026-08-23T15:57:37Z,2026-08-23T17:57:37+0200,4e74b68d-c003-4d56-be5d-5f0c265edc96,2026-08-20T15:00:00Z,2026-08-20T17:00:00+0200,10304.56,MW,BE,BE,forecast_load,Forecasted Load,2026-08-23T15:57:47Z
2026-08-23T15:57:37Z,2026-08-23T17:57:37+0200,4e74b68d-c003-4d56-be5d-5f0c265edc96,2026-08-20T15:15:00Z,2026-08-20T17:15:00+0200,10210.19,MW,BE,BE,forecast_load,Forecasted Load,2026-08-23T15:57:47Z
2026-08-23T15:57:37Z,2026-08-23T17:57:37+0200,4e74b68d-c003-4d56-be5d-5f0c265edc96,2026-08-20T15:30:00Z,2026-08-20T17:30:00+0200,10221.13,MW,BE,BE,forecast_load,Forecasted Load,2026-08-23T15:57:47Z
2026-08-23T15:57:37Z,2026-08-23T17:57:37+0200,4e74b68d-c003-4d56-be5d-5f0c265edc96,2026-08-20T15:45:00Z,2026-08-20T17:45:00+0200,10174.11,MW,BE,BE,forecast_load,Forecasted Load,2026-08-23T15:57:47Z
2026-08-23T15:57:37Z,2026-08-23T17:57:37+0200,4e74b68d-c003-4d56-be5d-5f0c265edc96,2026-08-20T16:00:00Z,2026-08-20T18:00:00+0200,10147.55,MW,BE,BE,forecast_load,Forecasted Load,2026-08-23T15:57:47Z
2026-08-23T15:57:37Z,2026-08-23T17:57:37+0200,4e74b68d-c003-4d56-be5d-5f0c265edc96,2026-08-20T16:15:00Z,2026-08-20T18:15:00+0200,10110.95,MW,BE,BE,forecast_load,Forecasted Load,2026-08-23T15:57:47Z
2026-08-23T15:57:37Z,2026-08-23T17:57:37+0200,4e74b68d-c003-4d56-be5d-5f0c265edc96,2026-08-20T16:30:00Z,2026-08-20T18:30:00+0200,10118.31,MW,BE,BE,forecast_load,Forecasted Load,2026-08-23T15:57:47Z
2026-08-23T15:57:37Z,2026-08-23T17:57:37+0200,4e74b68d-c003-4d56-be5d-5f0c265edc96,2026-08-20T16:45:00Z,2026-08-20T18:45:00+0200,10100.58,MW,BE,BE,forecast_load,Forecasted Load,2026-08-23T15:57:47Z
2026-08-23T15:57:37Z,2026-08-23T17:57:37+0200,4e74b68d-c003-4d56-be5d-5f0c265edc96,2026-08-20T17:00:00Z,2026-08-20T19:00:00+0200,10024.03,MW,BE,BE,forecast_load,Forecasted Load,2026-08-23T15:57:47Z
2026-08-23T15:57:37Z,2026-08-23T17:57:37+0200,4e74b68d-c003-4d56-be5d-5f0c265edc96,2026-08-20T17:15:00Z,2026-08-20T19:15:00+0200,9895.64,MW,BE,BE,forecast_load,Forecasted Load,2026-08-23T15:57:47Z
2026-08-23T15:57:37Z,2026-08-23T17:57:37+0200,4e74b68d-c003-4d56-be5d-5f0c265edc96,2026-08-20T17:30:00Z,2026-08-20T19:30:00+0200,9840.02,MW,BE,BE,forecast_load,Forecasted Load,2026-08-23T15:57:47Z
2026-08-23T15:57:37Z,2026-08-23T17:57:37+0200,4e74b68d-c003-4d56-be5d-5f0c265edc96,2026-08-20T17:45:00Z,2026-08-20T19:45:00+0200,9765.21,MW,BE,BE,forecast_load,Forecasted Load,2026-08-23T15:57:47Z
2026-08-23T15:57:37Z,2026-08-23T17:57:37+0200,4e74b68d-c003-4d56-be5d-5f0c265edc96,2026-08-20T18:00:00Z,2026-08-20T20:00:00+0200,9744.79,MW,BE,BE,forecast_load,Forecasted Load,2026-08-23T15:57:47Z
2026-08-23T15:57:37Z,2026-08-23T17:57:37+0200,4e74b68d-c003-4d56-be5d-5f0c265edc96,2026-08-20T18:15:00Z,2026-08-20T20:15:00+0200,9633.65,MW,BE,BE,forecast_load,Forecasted Load,2026-08-23T15:57:47Z
2026-08-23T15:57:37Z,2026-08-23T17:57:37+0200,4e74b68d-c003-4d56-be5d-5f0c265edc96,2026-08-20T18:30:00Z,2026-08-20T20:30:00+0200,9593.11,MW,BE,BE,forecast_load,Forecasted Load,2026-08-23T15:57:47Z
2026-08-23T15:57:37Z,2026-08-23T17:57:37+0200,4e74b68d-c003-4d56-be5d-5f0c265edc96,2026-08-20T18:45:00Z,2026-08-20T20:45:00+0200,9519.8,MW,BE,BE,forecast_load,Forecasted Load,2026-08-23T15:57:47Z
2026-08-23T15:57:37Z,2026-08-23T17:57:37+0200,4e74b68d-c003-4d56-be5d-5f0c265edc96,2026-08-20T19:00:00Z,2026-08-20T21:00:00+0200,9453.96,MW,BE,BE,forecast_load,Forecasted Load,2026-08-23T15:57:47Z
2026-08-23T15:57:37Z,2026-08-23T17:57:37+0200,4e74b68d-c003-4d56-be5d-5f0c265edc96,2026-08-20T19:15:00Z,2026-08-20T21:15:00+0200,9471.02,MW,BE,BE,forecast_load,Forecasted Load,2026-08-23T15:57:47Z
2026-08-23T15:57:37Z,2026-08-23T17:57:37+0200,4e74b68d-c003-4d56-be5d-5f0c265edc96,2026-08-20T19:30:00Z,2026-08-20T21:30:00+0200,9499.56,MW,BE,BE,forecast_load,Forecasted Load,2026-08-23T15:57:47Z
2026-08-23T15:57:37Z,2026-08-23T17:57:37+0200,4e74b68d-c003-4d56-be5d-5f0c265edc96,2026-08-20T19:45:00Z,2026-08-20T21:45:00+0200,9509.66,MW,BE,BE,forecast_load,Forecasted Load,2026-08-23T15:57:47Z
2026-08-23T15:57:37Z,2026-08-23T17:57:37+0200,4e74b68d-c003-4d56-be5d-5f0c265edc96,2026-08-20T20:00:00Z,2026-08-20T22:00:00+0200,9475.12,MW,BE,BE,forecast_load,Forecasted Load,2026-08-23T15:57:47Z
2026-08-23T15:57:37Z,2026-08-23T17:57:37+0200,4e74b68d-c003-4d56-be5d-5f0c265edc96,2026-08-20T20:15:00Z,2026-08-20T22:15:00+0200,9428.59,MW,BE,BE,forecast_load,Forecasted Load,2026-08-23T15:57:47Z
2026-08-23T15:57:37Z,2026-08-23T17:57:37+0200,4e74b68d-c003-4d56-be5d-5f0c265edc96,2026-08-20T20:30:00Z,2026-08-20T22:30:00+0200,9375.71,MW,BE,BE,forecast_load,Forecasted Load,2026-08-23T15:57:47Z
2026-08-23T15:57:37Z,2026-08-23T17:57:37+0200,4e74b68d-c003-4d56-be5d-5f0c265edc96,2026-08-20T20:45:00Z,2026-08-20T22:45:00+0200,9281.63,MW,BE,BE,forecast_load,Forecasted Load,2026-08-23T15:57:47Z
2026-08-23T15:57:37Z,2026-08-23T17:57:37+0200,4e74b68d-c003-4d56-be5d-5f0c265edc96,2026-08-20T21:00:00Z,2026-08-20T23:00:00+0200,9196.04,MW,BE,BE,forecast_load,Forecasted Load,2026-08-23T15:57:47Z
2026-08-23T15:57:37Z,2026-08-23T17:57:37+0200,4e74b68d-c003-4d56-be5d-5f0c265edc96,2026-08-20T21:15:00Z,2026-08-20T23:15:00+0200,9061.18,MW,BE,BE,forecast_load,Forecasted Load,2026-08-23T15:57:47Z
2026-08-23T15:57:37Z,2026-08-23T17:57:37+0200,4e74b68d-c003-4d56-be5d-5f0c265edc96,2026-08-20T21:30:00Z,2026-08-20T23:30:00+0200,8910.96,MW,BE,BE,forecast_load,Forecasted Load,2026-08-23T15:57:47Z
2026-08-23T15:57:37Z,2026-08-23T17:57:37+0200,4e74b68d-c003-4d56-be5d-5f0c265edc96,2026-08-20T21:45:00Z,2026-08-20T23:45:00+0200,8811.77,MW,BE,BE,forecast_load,Forecasted Load,2026-08-23T15:57:47Z
2026-08-23T15:57:37Z,2026-08-23T17:57:37+0200,4e74b68d-c003-4d56-be5d-5f0c265edc96,2026-08-20T22:00:00Z,2026-08-21T00:00:00+0200,8493.57,MW,BE,BE,forecast_load,Forecasted Load,2026-08-23T15:57:47Z
2026-08-23T15:57:37Z,2026-08-23T17:57:37+0200,4e74b68d-c003-4d56-be5d-5f0c265edc96,2026-08-20T22:15:00Z,2026-08-21T00:15:00+0200,8373.45,MW,BE,BE,forecast_load,Forecasted Load,2026-08-23T15:57:47Z
2026-08-23T15:57:37Z,2026-08-23T17:57:37+0200,4e74b68d-c003-4d56-be5d-5f0c265edc96,2026-08-20T22:30:00Z,2026-08-21T00:30:00+0200,8279.88,MW,BE,BE,forecast_load,Forecasted Load,2026-08-23T15:57:47Z
2026-08-23T15:57:37Z,2026-08-23T17:57:37+0200,4e74b68d-c003-4d56-be5d-5f0c265edc96,2026-08-20T22:45:00Z,2026-08-21T00:45:00+0200,8178.51,MW,BE,BE,forecast_load,Forecasted Load,2026-08-23T15:57:47Z
2026-08-23T15:57:37Z,2026-08-23T17:57:37+0200,4e74b68d-c003-4d56-be5d-5f0c265edc96,2026-08-20T23:00:00Z,2026-08-21T01:00:00+0200,8136.17,MW,BE,BE,forecast_load,Forecasted Load,2026-08-23T15:57:47Z
2026-08-23T15:57:37Z,2026-08-23T17:57:37+0200,4e74b68d-c003-4d56-be5d-5f0c265edc96,2026-08-20T23:15:00Z,2026-08-21T01:15:00+0200,8052.42,MW,BE,BE,forecast_load,Forecasted Load,2026-08-23T15:57:47Z
2026-08-23T15:57:37Z,2026-08-23T17:57:37+0200,4e74b68d-c003-4d56-be5d-5f0c265edc96,2026-08-20T23:30:00Z,2026-08-21T01:30:00+0200,7967.16,MW,BE,BE,forecast_load,Forecasted Load,2026-08-23T15:57:47Z
2026-08-23T15:57:37Z,2026-08-23T17:57:37+0200,4e74b68d-c003-4d56-be5d-5f0c265edc96,2026-08-20T23:45:00Z,2026-08-21T01:45:00+0200,7910.06,MW,BE,BE,forecast_load,Forecasted Load,2026-08-23T15:57:47Z
2026-08-23T15:57:37Z,2026-08-23T17:57:37+0200,4e74b68d-c003-4d56-be5d-5f0c265edc96,2026-08-21T00:00:00Z,2026-08-21T02:00:00+0200,7959.73,MW,BE,BE,forecast_load,Forecasted Load,2026-08-23T15:57:47Z
2026-08-23T15:57:37Z,2026-08-23T17:57:37+0200,4e74b68d-c003-4d56-be5d-5f0c265edc96,2026-08-21T00:15:00Z,2026-08-21T02:15:00+0200,7922.67,MW,BE,BE,forecast_load,Forecasted Load,2026-08-23T15:57:47Z
2026-08-23T15:57:37Z,2026-08-23T17:57:37+0200,4e74b68d-c003-4d56-be5d-5f0c265edc96,2026-08-21T00:30:00Z,2026-08-21T02:30:00+0200,7906.4,MW,BE,BE,forecast_load,Forecasted Load,2026-08-23T15:57:47Z
2026-08-23T15:57:37Z,2026-08-23T17:57:37+0200,4e74b68d-c003-4d56-be5d-5f0c265edc96,2026-08-21T00:45:00Z,2026-08-21T02:45:00+0200,7904.33,MW,BE,BE,forecast_load,Forecasted Load,2026-08-23T15:57:47Z
2026-08-23T15:57:37Z,2026-08-23T17:57:37+0200,4e74b68d-c003-4d56-be5d-5f0c265edc96,2026-08-21T01:00:00Z,2026-08-21T03:00:00+0200,7796.99,MW,BE,BE,forecast_load,Forecasted Load,2026-08-23T15:57:47Z
2026-08-23T15:57:37Z,2026-08-23T17:57:37+0200,4e74b68d-c003-4d56-be5d-5f0c265edc96,2026-08-21T01:15:00Z,2026-08-21T03:15:00+0200,7780.32,MW,BE,BE,forecast_load,Forecasted Load,2026-08-23T15:57:47Z
2026-08-23T15:57:37Z,2026-08-23T17:57:37+0200,4e74b68d-c003-4d56-be5d-5f0c265edc96,2026-08-21T01:30:00Z,2026-08-21T03:30:00+0200,7743.07,MW,BE,BE,forecast_load,Forecasted Load,2026-08-23T15:57:47Z
2026-08-23T15:57:37Z,2026-08-23T17:57:37+0200,4e74b68d-c003-4d56-be5d-5f0c265edc96,2026-08-21T01:45:00Z,2026-08-21T03:45:00+0200,7729.68,MW,BE,BE,forecast_load,Forecasted Load,2026-08-23T15:57:47Z
2026-08-23T15:57:37Z,2026-08-23T17:57:37+0200,4e74b68d-c003-4d56-be5d-5f0c265edc96,2026-08-21T02:00:00Z,2026-08-21T04:00:00+0200,7761.79,MW,BE,BE,forecast_load,Forecasted Load,2026-08-23T15:57:47Z
2026-08-23T15:57:37Z,2026-08-23T17:57:37+0200,4e74b68d-c003-4d56-be5d-5f0c265edc96,2026-08-21T02:15:00Z,2026-08-21T04:15:00+0200,7768.04,MW,BE,BE,forecast_load,Forecasted Load,2026-08-23T15:57:47Z
2026-08-23T15:57:37Z,2026-08-23T17:57:37+0200,4e74b68d-c003-4d56-be5d-5f0c265edc96,2026-08-21T02:30:00Z,2026-08-21T04:30:00+0200,7785.43,MW,BE,BE,forecast_load,Forecasted Load,2026-08-23T15:57:47Z
2026-08-23T15:57:37Z,2026-08-23T17:57:37+0200,4e74b68d-c003-4d56-be5d-5f0c265edc96,2026-08-21T02:45:00Z,2026-08-21T04:45:00+0200,7792.1,MW,BE,BE,forecast_load,Forecasted Load,2026-08-23T15:57:47Z
2026-08-23T15:57:37Z,2026-08-23T17:57:37+0200,4e74b68d-c003-4d56-be5d-5f0c265edc96,2026-08-21T03:00:00Z,2026-08-21T05:00:00+0200,7886.81,MW,BE,BE,forecast_load,Forecasted Load,2026-08-23T15:57:47Z
2026-08-23T15:57:37Z,2026-08-23T17:57:37+0200,4e74b68d-c003-4d56-be5d-5f0c265edc96,2026-08-21T03:15:00Z,2026-08-21T05:15:00+0200,7928.02,MW,BE,BE,forecast_load,Forecasted Load,2026-08-23T15:57:47Z
2026-08-23T15:57:37Z,2026-08-23T17:57:37+0200,4e74b68d-c003-4d56-be5d-5f0c265edc96,2026-08-21T03:30:00Z,2026-08-21T05:30:00+0200,7992.77,MW,BE,BE,forecast_load,Forecasted Load,2026-08-23T15:57:47Z
2026-08-23T15:57:37Z,2026-08-23T17:57:37+0200,4e74b68d-c003-4d56-be5d-5f0c265edc96,2026-08-21T03:45:00Z,2026-08-21T05:45:00+0200,8051.01,MW,BE,BE,forecast_load,Forecasted Load,2026-08-23T15:57:47Z
2026-08-23T15:57:37Z,2026-08-23T17:57:37+0200,4e74b68d-c003-4d56-be5d-5f0c265edc96,2026-08-21T04:00:00Z,2026-08-21T06:00:00+0200,8323.62,MW,BE,BE,forecast_load,Forecasted Load,2026-08-23T15:57:47Z
2026-08-23T15:57:37Z,2026-08-23T17:57:37+0200,4e74b68d-c003-4d56-be5d-5f0c265edc96,2026-08-21T04:15:00Z,2026-08-21T06:15:00+0200,8436.61,MW,BE,BE,forecast_load,Forecasted Load,2026-08-23T15:57:47Z
2026-08-23T15:57:37Z,2026-08-23T17:57:37+0200,4e74b68d-c003-4d56-be5d-5f0c265edc96,2026-08-21T04:30:00Z,2026-08-21T06:30:00+0200,8572.95,MW,BE,BE,forecast_load,Forecasted Load,2026-08-23T15:57:47Z
2026-08-23T15:57:37Z,2026-08-23T17:57:37+0200,4e74b68d-c003-4d56-be5d-5f0c265edc96,2026-08-21T04:45:00Z,2026-08-21T06:45:00+0200,8712.15,MW,BE,BE,forecast_load,Forecasted Load,2026-08-23T15:57:47Z
2026-08-23T15:57:37Z,2026-08-23T17:57:37+0200,4e74b68d-c003-4d56-be5d-5f0c265edc96,2026-08-21T05:00:00Z,2026-08-21T07:00:00+0200,8861.06,MW,BE,BE,forecast_load,Forecasted Load,2026-08-23T15:57:47Z
2026-08-23T15:57:37Z,2026-08-23T17:57:37+0200,4e74b68d-c003-4d56-be5d-5f0c265edc96,2026-08-21T05:15:00Z,2026-08-21T07:15:00+0200,9081.83,MW,BE,BE,forecast_load,Forecasted Load,2026-08-23T15:57:47Z
2026-08-23T15:57:37Z,2026-08-23T17:57:37+0200,4e74b68d-c003-4d56-be5d-5f0c265edc96,2026-08-21T05:30:00Z,2026-08-21T07:30:00+0200,9296.77,MW,BE,BE,forecast_load,Forecasted Load,2026-08-23T15:57:47Z
2026-08-23T15:57:37Z,2026-08-23T17:57:37+0200,4e74b68d-c003-4d56-be5d-5f0c265edc96,2026-08-21T05:45:00Z,2026-08-21T07:45:00+0200,9447.85,MW,BE,BE,forecast_load,Forecasted Load,2026-08-23T15:57:47Z
2026-08-23T15:57:37Z,2026-08-23T17:57:37+0200,4e74b68d-c003-4d56-be5d-5f0c265edc96,2026-08-21T06:00:00Z,2026-08-21T08:00:00+0200,9483.78,MW,BE,BE,forecast_load,Forecasted Load,2026-08-23T15:57:47Z
2026-08-23T15:57:37Z,2026-08-23T17:57:37+0200,4e74b68d-c003-4d56-be5d-5f0c265edc96,2026-08-21T06:15:00Z,2026-08-21T08:15:00+0200,9655.28,MW,BE,BE,forecast_load,Forecasted Load,2026-08-23T15:57:47Z
2026-08-23T15:57:37Z,2026-08-23T17:57:37+0200,4e74b68d-c003-4d56-be5d-5f0c265edc96,2026-08-21T06:30:00Z,2026-08-21T08:30:00+0200,9842.13,MW,BE,BE,forecast_load,Forecasted Load,2026-08-23T15:57:47Z
2026-08-23T15:57:37Z,2026-08-23T17:57:37+0200,4e74b68d-c003-4d56-be5d-5f0c265edc96,2026-08-21T06:45:00Z,2026-08-21T08:45:00+0200,10019.99,MW,BE,BE,forecast_load,Forecasted Load,2026-08-23T15:57:47Z
2026-08-23T15:57:37Z,2026-08-23T17:57:37+0200,4e74b68d-c003-4d56-be5d-5f0c265edc96,2026-08-21T07:00:00Z,2026-08-21T09:00:00+0200,10095.46,MW,BE,BE,forecast_load,Forecasted Load,2026-08-23T15:57:47Z
2026-08-23T15:57:37Z,2026-08-23T17:57:37+0200,4e74b68d-c003-4d56-be5d-5f0c265edc96,2026-08-21T07:15:00Z,2026-08-21T09:15:00+0200,10214.06,MW,BE,BE,forecast_load,Forecasted Load,2026-08-23T15:57:47Z
2026-08-23T15:57:37Z,2026-08-23T17:57:37+0200,4e74b68d-c003-4d56-be5d-5f0c265edc96,2026-08-21T07:30:00Z,2026-08-21T09:30:00+0200,10334.44,MW,BE,BE,forecast_load,Forecasted Load,2026-08-23T15:57:47Z
2026-08-23T15:57:37Z,2026-08-23T17:57:37+0200,4e74b68d-c003-4d56-be5d-5f0c265edc96,2026-08-21T07:45:00Z,2026-08-21T09:45:00+0200,10417.22,MW,BE,BE,forecast_load,Forecasted Load,2026-08-23T15:57:47Z
2026-08-23T15:57:37Z,2026-08-23T17:57:37+0200,4e74b68d-c003-4d56-be5d-5f0c265edc96,2026-08-21T08:00:00Z,2026-08-21T10:00:00+0200,10437.77,MW,BE,BE,forecast_load,Forecasted Load,2026-08-23T15:57:47Z
2026-08-23T15:57:37Z,2026-08-23T17:57:37+0200,4e74b68d-c003-4d56-be5d-5f0c265edc96,2026-08-21T08:15:00Z,2026-08-21T10:15:00+0200,10520.52,MW,BE,BE,forecast_load,Forecasted Load,2026-08-23T15:57:47Z
2026-08-23T15:57:37Z,2026-08-23T17:57:37+0200,4e74b68d-c003-4d56-be5d-5f0c265edc96,2026-08-21T08:30:00Z,2026-08-21T10:30:00+0200,10549.25,MW,BE,BE,forecast_load,Forecasted Load,2026-08-23T15:57:47Z
2026-08-23T15:57:37Z,2026-08-23T17:57:37+0200,4e74b68d-c003-4d56-be5d-5f0c265edc96,2026-08-21T08:45:00Z,2026-08-21T10:45:00+0200,10691.76,MW,BE,BE,forecast_load,Forecasted Load,2026-08-23T15:57:47Z
2026-08-23T15:57:37Z,2026-08-23T17:57:37+0200,4e74b68d-c003-4d56-be5d-5f0c265edc96,2026-08-21T09:00:00Z,2026-08-21T11:00:00+0200,10814.42,MW,BE,BE,forecast_load,Forecasted Load,2026-08-23T15:57:47Z
2026-08-23T15:57:37Z,2026-08-23T17:57:37+0200,4e74b68d-c003-4d56-be5d-5f0c265edc96,2026-08-21T09:15:00Z,2026-08-21T11:15:00+0200,10895.75,MW,BE,BE,forecast_load,Forecasted Load,2026-08-23T15:57:47Z
2026-08-23T15:57:37Z,2026-08-23T17:57:37+0200,4e74b68d-c003-4d56-be5d-5f0c265edc96,2026-08-21T09:30:00Z,2026-08-21T11:30:00+0200,10975.49,MW,BE,BE,forecast_load,Forecasted Load,2026-08-23T15:57:47Z
2026-08-23T15:57:37Z,2026-08-23T17:57:37+0200,4e74b68d-c003-4d56-be5d-5f0c265edc96,2026-08-21T09:45:00Z,2026-08-21T11:45:00+0200,11041.3,MW,BE,BE,forecast_load,Forecasted Load,2026-08-23T15:57:47Z
2026-08-23T15:57:37Z,2026-08-23T17:57:37+0200,4e74b68d-c003-4d56-be5d-5f0c265edc96,2026-08-21T10:00:00Z,2026-08-21T12:00:00+0200,11096.92,MW,BE,BE,forecast_load,Forecasted Load,2026-08-23T15:57:47Z
2026-08-23T15:57:37Z,2026-08-23T17:57:37+0200,4e74b68d-c003-4d56-be5d-5f0c265edc96,2026-08-21T10:15:00Z,2026-08-21T12:15:00+0200,11089.42,MW,BE,BE,forecast_load,Forecasted Load,2026-08-23T15:57:47Z
2026-08-23T15:57:37Z,2026-08-23T17:57:37+0200,4e74b68d-c003-4d56-be5d-5f0c265edc96,2026-08-21T10:30:00Z,2026-08-21T12:30:00+0200,11133.48,MW,BE,BE,forecast_load,Forecasted Load,2026-08-23T15:57:47Z
2026-08-23T15:57:37Z,2026-08-23T17:57:37+0200,4e74b68d-c003-4d56-be5d-5f0c265edc96,2026-08-21T10:45:00Z,2026-08-21T12:45:00+0200,11169.64,MW,BE,BE,forecast_load,Forecasted Load,2026-08-23T15:57:47Z
2026-08-23T15:57:37Z,2026-08-23T17:57:37+0200,4e74b68d-c003-4d56-be5d-5f0c265edc96,2026-08-21T11:00:00Z,2026-08-21T13:00:00+0200,11361.35,MW,BE,BE,forecast_load,Forecasted Load,2026-08-23T15:57:47Z
2026-08-23T15:57:37Z,2026-08-23T17:57:37+0200,4e74b68d-c003-4d56-be5d-5f0c265edc96,2026-08-21T11:15:00Z,2026-08-21T13:15:00+0200,11353.39,MW,BE,BE,forecast_load,Forecasted Load,2026-08-23T15:57:47Z
2026-08-23T15:57:37Z,2026-08-23T17:57:37+0200,4e74b68d-c003-4d56-be5d-5f0c265edc96,2026-08-21T11:30:00Z,2026-08-21T13:30:00+0200,11298.27,MW,BE,BE,forecast_load,Forecasted Load,2026-08-23T15:57:47Z
2026-08-23T15:57:37Z,2026-08-23T17:57:37+0200,4e74b68d-c003-4d56-be5d-5f0c265edc96,2026-08-21T11:45:00Z,2026-08-21T13:45:00+0200,11220.96,MW,BE,BE,forecast_load,Forecasted Load,2026-08-23T15:57:47Z
2026-08-23T15:57:37Z,2026-08-23T17:57:37+0200,4e74b68d-c003-4d56-be5d-5f0c265edc96,2026-08-21T12:00:00Z,2026-08-21T14:00:00+0200,11115.22,MW,BE,BE,forecast_load,Forecasted Load,2026-08-23T15:57:47Z
2026-08-23T15:57:37Z,2026-08-23T17:57:37+0200,4e74b68d-c003-4d56-be5d-5f0c265edc96,2026-08-21T12:15:00Z,2026-08-21T14:15:00+0200,11065.33,MW,BE,BE,forecast_load,Forecasted Load,2026-08-23T15:57:47Z
2026-08-23T15:57:37Z,2026-08-23T17:57:37+0200,4e74b68d-c003-4d56-be5d-5f0c265edc96,2026-08-21T12:30:00Z,2026-08-21T14:30:00+0200,11010.26,MW,BE,BE,forecast_load,Forecasted Load,2026-08-23T15:57:47Z
2026-08-23T15:57:37Z,2026-08-23T17:57:37+0200,4e74b68d-c003-4d56-be5d-5f0c265edc96,2026-08-21T12:45:00Z,2026-08-21T14:45:00+0200,10978.97,MW,BE,BE,forecast_load,Forecasted Load,2026-08-23T15:57:47Z
2026-08-23T15:57:37Z,2026-08-23T17:57:37+0200,4e74b68d-c003-4d56-be5d-5f0c265edc96,2026-08-21T13:00:00Z,2026-08-21T15:00:00+0200,10827.05,MW,BE,BE,forecast_load,Forecasted Load,2026-08-23T15:57:47Z
2026-08-23T15:57:37Z,2026-08-23T17:57:37+0200,4e74b68d-c003-4d56-be5d-5f0c265edc96,2026-08-21T13:15:00Z,2026-08-21T15:15:00+0200,10732.1,MW,BE,BE,forecast_load,Forecasted Load,2026-08-23T15:57:47Z
2026-08-23T15:57:37Z,2026-08-23T17:57:37+0200,4e74b68d-c003-4d56-be5d-5f0c265edc96,2026-08-21T13:30:00Z,2026-08-21T15:30:00+0200,10667.07,MW,BE,BE,forecast_load,Forecasted Load,2026-08-23T15:57:47Z
2026-08-23T15:57:37Z,2026-08-23T17:57:37+0200,4e74b68d-c003-4d56-be5d-5f0c265edc96,2026-08-21T13:45:00Z,2026-08-21T15:45:00+0200,10561.37,MW,BE,BE,forecast_load,Forecasted Load,2026-08-23T15:57:47Z
2026-08-23T15:57:37Z,2026-08-23T17:57:37+0200,4e74b68d-c003-4d56-be5d-5f0c265edc96,2026-08-21T14:00:00Z,2026-08-21T16:00:00+0200,10273.0,MW,BE,BE,forecast_load,Forecasted Load,2026-08-23T15:57:47Z
2026-08-23T15:57:37Z,2026-08-23T17:57:37+0200,4e74b68d-c003-4d56-be5d-5f0c265edc96,2026-08-21T14:15:00Z,2026-08-21T16:15:00+0200,10202.63,MW,BE,BE,forecast_load,Forecasted Load,2026-08-23T15:57:47Z
2026-08-23T15:57:37Z,2026-08-23T17:57:37+0200,4e74b68d-c003-4d56-be5d-5f0c265edc96,2026-08-21T14:30:00Z,2026-08-21T16:30:00+0200,10155.9,MW,BE,BE,forecast_load,Forecasted Load,2026-08-23T15:57:47Z
2026-08-23T15:57:37Z,2026-08-23T17:57:37+0200,4e74b68d-c003-4d56-be5d-5f0c265edc96,2026-08-21T14:45:00Z,2026-08-21T16:45:00+0200,10077.98,MW,BE,BE,forecast_load,Forecasted Load,2026-08-23T15:57:47Z
2026-08-23T15:57:37Z,2026-08-23T17:57:37+0200,4e74b68d-c003-4d56-be5d-5f0c265edc96,2026-08-21T15:00:00Z,2026-08-21T17:00:00+0200,10042.3,MW,BE,BE,forecast_load,Forecasted Load,2026-08-23T15:57:47Z
2026-08-23T15:57:37Z,2026-08-23T17:57:37+0200,4e74b68d-c003-4d56-be5d-5f0c265edc96,2026-08-21T15:15:00Z,2026-08-21T17:15:00+0200,9963.72,MW,BE,BE,forecast_load,Forecasted Load,2026-08-23T15:57:47Z
2026-08-23T15:57:37Z,2026-08-23T17:57:37+0200,4e74b68d-c003-4d56-be5d-5f0c265edc96,2026-08-21T15:30:00Z,2026-08-21T17:30:00+0200,9967.85,MW,BE,BE,forecast_load,Forecasted Load,2026-08-23T15:57:47Z
2026-08-23T15:57:37Z,2026-08-23T17:57:37+0200,4e74b68d-c003-4d56-be5d-5f0c265edc96,2026-08-21T15:45:00Z,2026-08-21T17:45:00+0200,9940.65,MW,BE,BE,forecast_load,Forecasted Load,2026-08-23T15:57:47Z
2026-08-23T15:57:37Z,2026-08-23T17:57:37+0200,4e74b68d-c003-4d56-be5d-5f0c265edc96,2026-08-21T16:00:00Z,2026-08-21T18:00:00+0200,9838.73,MW,BE,BE,forecast_load,Forecasted Load,2026-08-23T15:57:47Z
2026-08-23T15:57:37Z,2026-08-23T17:57:37+0200,4e74b68d-c003-4d56-be5d-5f0c265edc96,2026-08-21T16:15:00Z,2026-08-21T18:15:00+0200,9803.73,MW,BE,BE,forecast_load,Forecasted Load,2026-08-23T15:57:47Z
2026-08-23T15:57:37Z,2026-08-23T17:57:37+0200,4e74b68d-c003-4d56-be5d-5f0c265edc96,2026-08-21T16:30:00Z,2026-08-21T18:30:00+0200,9813.45,MW,BE,BE,forecast_load,Forecasted Load,2026-08-23T15:57:47Z
2026-08-23T15:57:37Z,2026-08-23T17:57:37+0200,4e74b68d-c003-4d56-be5d-5f0c265edc96,2026-08-21T16:45:00Z,2026-08-21T18:45:00+0200,9796.21,MW,BE,BE,forecast_load,Forecasted Load,2026-08-23T15:57:47Z
2026-08-23T15:57:37Z,2026-08-23T17:57:37+0200,4e74b68d-c003-4d56-be5d-5f0c265edc96,2026-08-21T17:00:00Z,2026-08-21T19:00:00+0200,9858.48,MW,BE,BE,forecast_load,Forecasted Load,2026-08-23T15:57:47Z
2026-08-23T15:57:37Z,2026-08-23T17:57:37+0200,4e74b68d-c003-4d56-be5d-5f0c265edc96,2026-08-21T17:15:00Z,2026-08-21T19:15:00+0200,9724.46,MW,BE,BE,forecast_load,Forecasted Load,2026-08-23T15:57:47Z
2026-08-23T15:57:37Z,2026-08-23T17:57:37+0200,4e74b68d-c003-4d56-be5d-5f0c265edc96,2026-08-21T17:30:00Z,2026-08-21T19:30:00+0200,9670.18,MW,BE,BE,forecast_load,Forecasted Load,2026-08-23T15:57:47Z
2026-08-23T15:57:37Z,2026-08-23T17:57:37+0200,4e74b68d-c003-4d56-be5d-5f0c265edc96,2026-08-21T17:45:00Z,2026-08-21T19:45:00+0200,9607.47,MW,BE,BE,forecast_load,Forecasted Load,2026-08-23T15:57:47Z
2026-08-23T15:57:37Z,2026-08-23T17:57:37+0200,4e74b68d-c003-4d56-be5d-5f0c265edc96,2026-08-21T18:00:00Z,2026-08-21T20:00:00+0200,9567.89,MW,BE,BE,forecast_load,Forecasted Load,2026-08-23T15:57:47Z
2026-08-23T15:57:37Z,2026-08-23T17:57:37+0200,4e74b68d-c003-4d56-be5d-5f0c265edc96,2026-08-21T18:15:00Z,2026-08-21T20:15:00+0200,9466.55,MW,BE,BE,forecast_load,Forecasted Load,2026-08-23T15:57:47Z
2026-08-23T15:57:37Z,2026-08-23T17:57:37+0200,4e74b68d-c003-4d56-be5d-5f0c265edc96,2026-08-21T18:30:00Z,2026-08-21T20:30:00+0200,9434.6,MW,BE,BE,forecast_load,Forecasted Load,2026-08-23T15:57:47Z
2026-08-23T15:57:37Z,2026-08-23T17:57:37+0200,4e74b68d-c003-4d56-be5d-5f0c265edc96,2026-08-21T18:45:00Z,2026-08-21T20:45:00+0200,9354.56,MW,BE,BE,forecast_load,Forecasted Load,2026-08-23T15:57:47Z
2026-08-23T15:57:37Z,2026-08-23T17:57:37+0200,4e74b68d-c003-4d56-be5d-5f0c265edc96,2026-08-21T19:00:00Z,2026-08-21T21:00:00+0200,9211.3,MW,BE,BE,forecast_load,Forecasted Load,2026-08-23T15:57:47Z
2026-08-23T15:57:37Z,2026-08-23T17:57:37+0200,4e74b68d-c003-4d56-be5d-5f0c265edc96,2026-08-21T19:15:00Z,2026-08-21T21:15:00+0200,9230.18,MW,BE,BE,forecast_load,Forecasted Load,2026-08-23T15:57:47Z
2026-08-23T15:57:37Z,2026-08-23T17:57:37+0200,4e74b68d-c003-4d56-be5d-5f0c265edc96,2026-08-21T19:30:00Z,2026-08-21T21:30:00+0200,9252.13,MW,BE,BE,forecast_load,Forecasted Load,2026-08-23T15:57:47Z
2026-08-23T15:57:37Z,2026-08-23T17:57:37+0200,4e74b68d-c003-4d56-be5d-5f0c265edc96,2026-08-21T19:45:00Z,2026-08-21T21:45:00+0200,9257.39,MW,BE,BE,forecast_load,Forecasted Load,2026-08-23T15:57:47Z
2026-08-23T15:57:37Z,2026-08-23T17:57:37+0200,4e74b68d-c003-4d56-be5d-5f0c265edc96,2026-08-21T20:00:00Z,2026-08-21T22:00:00+0200,9134.62,MW,BE,BE,forecast_load,Forecasted Load,2026-08-23T15:57:47Z
2026-08-23T15:57:37Z,2026-08-23T17:57:37+0200,4e74b68d-c003-4d56-be5d-5f0c265edc96,2026-08-21T20:15:00Z,2026-08-21T22:15:00+0200,9107.9,MW,BE,BE,forecast_load,Forecasted Load,2026-08-23T15:57:47Z
2026-08-23T15:57:37Z,2026-08-23T17:57:37+0200,4e74b68d-c003-4d56-be5d-5f0c265edc96,2026-08-21T20:30:00Z,2026-08-21T22:30:00+0200,9042.64,MW,BE,BE,forecast_load,Forecasted Load,2026-08-23T15:57:47Z
2026-08-23T15:57:37Z,2026-08-23T17:57:37+0200,4e74b68d-c003-4d56-be5d-5f0c265edc96,2026-08-21T20:45:00Z,2026-08-21T22:45:00+0200,8946.05,MW,BE,BE,forecast_load,Forecasted Load,2026-08-23T15:57:47Z
2026-08-23T15:57:37Z,2026-08-23T17:57:37+0200,4e74b68d-c003-4d56-be5d-5f0c265edc96,2026-08-21T21:00:00Z,2026-08-21T23:00:00+0200,8833.17,MW,BE,BE,forecast_load,Forecasted Load,2026-08-23T15:57:47Z
2026-08-23T15:57:37Z,2026-08-23T17:57:37+0200,4e74b68d-c003-4d56-be5d-5f0c265edc96,2026-08-21T21:15:00Z,2026-08-21T23:15:00+0200,8700.34,MW,BE,BE,forecast_load,Forecasted Load,2026-08-23T15:57:47Z
2026-08-23T15:57:37Z,2026-08-23T17:57:37+0200,4e74b68d-c003-4d56-be5d-5f0c265edc96,2026-08-21T21:30:00Z,2026-08-21T23:30:00+0200,8563.63,MW,BE,BE,forecast_load,Forecasted Load,2026-08-23T15:57:47Z
2026-08-23T15:57:37Z,2026-08-23T17:57:37+0200,4e74b68d-c003-4d56-be5d-5f0c265edc96,2026-08-21T21:45:00Z,2026-08-21T23:45:00+0200,8479.74,MW,BE,BE,forecast_load,Forecasted Load,2026-08-23T15:57:47Z
2026-08-23T15:57:37Z,2026-08-23T17:57:37+0200,4e74b68d-c003-4d56-be5d-5f0c265edc96,2026-08-21T22:00:00Z,2026-08-22T00:00:00+0200,8172.74,MW,BE,BE,forecast_load,Forecasted Load,2026-08-23T15:57:47Z
2026-08-23T15:57:37Z,2026-08-23T17:57:37+0200,4e74b68d-c003-4d56-be5d-5f0c265edc96,2026-08-21T22:15:00Z,2026-08-22T00:15:00+0200,8067.07,MW,BE,BE,forecast_load,Forecasted Load,2026-08-23T15:57:47Z
2026-08-23T15:57:37Z,2026-08-23T17:57:37+0200,4e74b68d-c003-4d56-be5d-5f0c265edc96,2026-08-21T22:30:00Z,2026-08-22T00:30:00+0200,7981.49,MW,BE,BE,forecast_load,Forecasted Load,2026-08-23T15:57:47Z
2026-08-23T15:57:37Z,2026-08-23T17:57:37+0200,4e74b68d-c003-4d56-be5d-5f0c265edc96,2026-08-21T22:45:00Z,2026-08-22T00:45:00+0200,7882.84,MW,BE,BE,forecast_load,Forecasted Load,2026-08-23T15:57:47Z
2026-08-23T15:57:37Z,2026-08-23T17:57:37+0200,4e74b68d-c003-4d56-be5d-5f0c265edc96,2026-08-21T23:00:00Z,2026-08-22T01:00:00+0200,7892.26,MW,BE,BE,forecast_load,Forecasted Load,2026-08-23T15:57:47Z
2026-08-23T15:57:37Z,2026-08-23T17:57:37+0200,4e74b68d-c003-4d56-be5d-5f0c265edc96,2026-08-21T23:15:00Z,2026-08-22T01:15:00+0200,7799.99,MW,BE,BE,forecast_load,Forecasted Load,2026-08-23T15:57:47Z
2026-08-23T15:57:37Z,2026-08-23T17:57:37+0200,4e74b68d-c003-4d56-be5d-5f0c265edc96,2026-08-21T23:30:00Z,2026-08-22T01:30:00+0200,7708.08,MW,BE,BE,forecast_load,Forecasted Load,2026-08-23T15:57:47Z
2026-08-23T15:57:37Z,2026-08-23T17:57:37+0200,4e74b68d-c003-4d56-be5d-5f0c265edc96,2026-08-21T23:45:00Z,2026-08-22T01:45:00+0200,7645.56,MW,BE,BE,forecast_load,Forecasted Load,2026-08-23T15:57:47Z
2026-08-23T15:57:37Z,2026-08-23T17:57:37+0200,4e74b68d-c003-4d56-be5d-5f0c265edc96,2026-08-22T00:00:00Z,2026-08-22T02:00:00+0200,7784.92,MW,BE,BE,forecast_load,Forecasted Load,2026-08-23T15:57:47Z
2026-08-23T15:57:37Z,2026-08-23T17:57:37+0200,4e74b68d-c003-4d56-be5d-5f0c265edc96,2026-08-22T00:15:00Z,2026-08-22T02:15:00+0200,7729.74,MW,BE,BE,forecast_load,Forecasted Load,2026-08-23T15:57:47Z
2026-08-23T15:57:37Z,2026-08-23T17:57:37+0200,4e74b68d-c003-4d56-be5d-5f0c265edc96,2026-08-22T00:30:00Z,2026-08-22T02:30:00+0200,7751.4,MW,BE,BE,forecast_load,Forecasted Load,2026-08-23T15:57:47Z
2026-08-23T15:57:37Z,2026-08-23T17:57:37+0200,4e74b68d-c003-4d56-be5d-5f0c265edc96,2026-08-22T00:45:00Z,2026-08-22T02:45:00+0200,7706.09,MW,BE,BE,forecast_load,Forecasted Load,2026-08-23T15:57:47Z
2026-08-23T15:57:37Z,2026-08-23T17:57:37+0200,4e74b68d-c003-4d56-be5d-5f0c265edc96,2026-08-22T01:00:00Z,2026-08-22T03:00:00+0200,7564.51,MW,BE,BE,forecast_load,Forecasted Load,2026-08-23T15:57:47Z
2026-08-23T15:57:37Z,2026-08-23T17:57:37+0200,4e74b68d-c003-4d56-be5d-5f0c265edc96,2026-08-22T01:15:00Z,2026-08-22T03:15:00+0200,7514.4,MW,BE,BE,forecast_load,Forecasted Load,2026-08-23T15:57:47Z
2026-08-23T15:57:37Z,2026-08-23T17:57:37+0200,4e74b68d-c003-4d56-be5d-5f0c265edc96,2026-08-22T01:30:00Z,2026-08-22T03:30:00+0200,7460.1,MW,BE,BE,forecast_load,Forecasted Load,2026-08-23T15:57:47Z
2026-08-23T15:57:37Z,2026-08-23T17:57:37+0200,4e74b68d-c003-4d56-be5d-5f0c265edc96,2026-08-22T01:45:00Z,2026-08-22T03:45:00+0200,7426.05,MW,BE,BE,forecast_load,Forecasted Load,2026-08-23T15:57:47Z
2026-08-23T15:57:37Z,2026-08-23T17:57:37+0200,4e74b68d-c003-4d56-be5d-5f0c265edc96,2026-08-22T02:00:00Z,2026-08-22T04:00:00+0200,7530.61,MW,BE,BE,forecast_load,Forecasted Load,2026-08-23T15:57:47Z
2026-08-23T15:57:37Z,2026-08-23T17:57:37+0200,4e74b68d-c003-4d56-be5d-5f0c265edc96,2026-08-22T02:15:00Z,2026-08-22T04:15:00+0200,7484.2,MW,BE,BE,forecast_load,Forecasted Load,2026-08-23T15:57:47Z
2026-08-23T15:57:37Z,2026-08-23T17:57:37+0200,4e74b68d-c003-4d56-be5d-5f0c265edc96,2026-08-22T02:30:00Z,2026-08-22T04:30:00+0200,7482.88,MW,BE,BE,forecast_load,Forecasted Load,2026-08-23T15:57:47Z
2026-08-23T15:57:37Z,2026-08-23T17:57:37+0200,4e74b68d-c003-4d56-be5d-5f0c265edc96,2026-08-22T02:45:00Z,2026-08-22T04:45:00+0200,7501.08,MW,BE,BE,forecast_load,Forecasted Load,2026-08-23T15:57:47Z
2026-08-23T15:57:37Z,2026-08-23T17:57:37+0200,4e74b68d-c003-4d56-be5d-5f0c265edc96,2026-08-22T03:00:00Z,2026-08-22T05:00:00+0200,7458.4,MW,BE,BE,forecast_load,Forecasted Load,2026-08-23T15:57:47Z
2026-08-23T15:57:37Z,2026-08-23T17:57:37+0200,4e74b68d-c003-4d56-be5d-5f0c265edc96,2026-08-22T03:15:00Z,2026-08-22T05:15:00+0200,7448.69,MW,BE,BE,forecast_load,Forecasted Load,2026-08-23T15:57:47Z
2026-08-23T15:57:37Z,2026-08-23T17:57:37+0200,4e74b68d-c003-4d56-be5d-5f0c265edc96,2026-08-22T03:30:00Z,2026-08-22T05:30:00+0200,7488.32,MW,BE,BE,forecast_load,Forecasted Load,2026-08-23T15:57:47Z
2026-08-23T15:57:37Z,2026-08-23T17:57:37+0200,4e74b68d-c003-4d56-be5d-5f0c265edc96,2026-08-22T03:45:00Z,2026-08-22T05:45:00+0200,7491.37,MW,BE,BE,forecast_load,Forecasted Load,2026-08-23T15:57:47Z
2026-08-23T15:57:37Z,2026-08-23T17:57:37+0200,4e74b68d-c003-4d56-be5d-5f0c265edc96,2026-08-22T04:00:00Z,2026-08-22T06:00:00+0200,7603.27,MW,BE,BE,forecast_load,Forecasted Load,2026-08-23T15:57:47Z
2026-08-23T15:57:37Z,2026-08-23T17:57:37+0200,4e74b68d-c003-4d56-be5d-5f0c265edc96,2026-08-22T04:15:00Z,2026-08-22T06:15:00+0200,7624.41,MW,BE,BE,forecast_load,Forecasted Load,2026-08-23T15:57:47Z
2026-08-23T15:57:37Z,2026-08-23T17:57:37+0200,4e74b68d-c003-4d56-be5d-5f0c265edc96,2026-08-22T04:30:00Z,2026-08-22T06:30:00+0200,7656.27,MW,BE,BE,forecast_load,Forecasted Load,2026-08-23T15:57:47Z
2026-08-23T15:57:37Z,2026-08-23T17:57:37+0200,4e74b68d-c003-4d56-be5d-5f0c265edc96,2026-08-22T04:45:00Z,2026-08-22T06:45:00+0200,7718.6,MW,BE,BE,forecast_load,Forecasted Load,2026-08-23T15:57:47Z
2026-08-23T15:57:37Z,2026-08-23T17:57:37+0200,4e74b68d-c003-4d56-be5d-5f0c265edc96,2026-08-22T05:00:00Z,2026-08-22T07:00:00+0200,7863.67,MW,BE,BE,forecast_load,Forecasted Load,2026-08-23T15:57:47Z
2026-08-23T15:57:37Z,2026-08-23T17:57:37+0200,4e74b68d-c003-4d56-be5d-5f0c265edc96,2026-08-22T05:15:00Z,2026-08-22T07:15:00+0200,7960.76,MW,BE,BE,forecast_load,Forecasted Load,2026-08-23T15:57:47Z
2026-08-23T15:57:37Z,2026-08-23T17:57:37+0200,4e74b68d-c003-4d56-be5d-5f0c265edc96,2026-08-22T05:30:00Z,2026-08-22T07:30:00+0200,8033.57,MW,BE,BE,forecast_load,Forecasted Load,2026-08-23T15:57:47Z
2026-08-23T15:57:37Z,2026-08-23T17:57:37+0200,4e74b68d-c003-4d56-be5d-5f0c265edc96,2026-08-22T05:45:00Z,2026-08-22T07:45:00+0200,8109.92,MW,BE,BE,forecast_load,Forecasted Load,2026-08-23T15:57:47Z
2026-08-23T15:57:37Z,2026-08-23T17:57:37+0200,4e74b68d-c003-4d56-be5d-5f0c265edc96,2026-08-22T06:00:00Z,2026-08-22T08:00:00+0200,8112.98,MW,BE,BE,forecast_load,Forecasted Load,2026-08-23T15:57:47Z
2026-08-23T15:57:37Z,2026-08-23T17:57:37+0200,4e74b68d-c003-4d56-be5d-5f0c265edc96,2026-08-22T06:15:00Z,2026-08-22T08:15:00+0200,8290.4,MW,BE,BE,forecast_load,Forecasted Load,2026-08-23T15:57:47Z
2026-08-23T15:57:37Z,2026-08-23T17:57:37+0200,4e74b68d-c003-4d56-be5d-5f0c265edc96,2026-08-22T06:30:00Z,2026-08-22T08:30:00+0200,8414.86,MW,BE,BE,forecast_load,Forecasted Load,2026-08-23T15:57:47Z
2026-08-23T15:57:37Z,2026-08-23T17:57:37+0200,4e74b68d-c003-4d56-be5d-5f0c265edc96,2026-08-22T06:45:00Z,2026-08-22T08:45:00+0200,8624.22,MW,BE,BE,forecast_load,Forecasted Load,2026-08-23T15:57:47Z
2026-08-23T15:57:37Z,2026-08-23T17:57:37+0200,4e74b68d-c003-4d56-be5d-5f0c265edc96,2026-08-22T07:00:00Z,2026-08-22T09:00:00+0200,8620.28,MW,BE,BE,forecast_load,Forecasted Load,2026-08-23T15:57:47Z
2026-08-23T15:57:37Z,2026-08-23T17:57:37+0200,4e74b68d-c003-4d56-be5d-5f0c265edc96,2026-08-22T07:15:00Z,2026-08-22T09:15:00+0200,8757.43,MW,BE,BE,forecast_load,Forecasted Load,2026-08-23T15:57:47Z
2026-08-23T15:57:37Z,2026-08-23T17:57:37+0200,4e74b68d-c003-4d56-be5d-5f0c265edc96,2026-08-22T07:30:00Z,2026-08-22T09:30:00+0200,8961.06,MW,BE,BE,forecast_load,Forecasted Load,2026-08-23T15:57:47Z
2026-08-23T15:57:37Z,2026-08-23T17:57:37+0200,4e74b68d-c003-4d56-be5d-5f0c265edc96,2026-08-22T07:45:00Z,2026-08-22T09:45:00+0200,9100.18,MW,BE,BE,forecast_load,Forecasted Load,2026-08-23T15:57:47Z
2026-08-23T15:57:37Z,2026-08-23T17:57:37+0200,4e74b68d-c003-4d56-be5d-5f0c265edc96,2026-08-22T08:00:00Z,2026-08-22T10:00:00+0200,9162.78,MW,BE,BE,forecast_load,Forecasted Load,2026-08-23T15:57:47Z
2026-08-23T15:57:37Z,2026-08-23T17:57:37+0200,4e74b68d-c003-4d56-be5d-5f0c265edc96,2026-08-22T08:15:00Z,2026-08-22T10:15:00+0200,9258.02,MW,BE,BE,forecast_load,Forecasted Load,2026-08-23T15:57:47Z
2026-08-23T15:57:37Z,2026-08-23T17:57:37+0200,4e74b68d-c003-4d56-be5d-5f0c265edc96,2026-08-22T08:30:00Z,2026-08-22T10:30:00+0200,9365.98,MW,BE,BE,forecast_load,Forecasted Load,2026-08-23T15:57:47Z
2026-08-23T15:57:37Z,2026-08-23T17:57:37+0200,4e74b68d-c003-4d56-be5d-5f0c265edc96,2026-08-22T08:45:00Z,2026-08-22T10:45:00+0200,9489.28,MW,BE,BE,forecast_load,Forecasted Load,2026-08-23T15:57:47Z
2026-08-23T15:57:37Z,2026-08-23T17:57:37+0200,4e74b68d-c003-4d56-be5d-5f0c265edc96,2026-08-22T09:00:00Z,2026-08-22T11:00:00+0200,9537.27,MW,BE,BE,forecast_load,Forecasted Load,2026-08-23T15:57:47Z
2026-08-23T15:57:37Z,2026-08-23T17:57:37+0200,4e74b68d-c003-4d56-be5d-5f0c265edc96,2026-08-22T09:15:00Z,2026-08-22T11:15:00+0200,9741.81,MW,BE,BE,forecast_load,Forecasted Load,2026-08-23T15:57:47Z
2026-08-23T15:57:37Z,2026-08-23T17:57:37+0200,4e74b68d-c003-4d56-be5d-5f0c265edc96,2026-08-22T09:30:00Z,2026-08-22T11:30:00+0200,9973.53,MW,BE,BE,forecast_load,Forecasted Load,2026-08-23T15:57:47Z
2026-08-23T15:57:37Z,2026-08-23T17:57:37+0200,4e74b68d-c003-4d56-be5d-5f0c265edc96,2026-08-22T09:45:00Z,2026-08-22T11:45:00+0200,10261.35,MW,BE,BE,forecast_load,Forecasted Load,2026-08-23T15:57:47Z
2026-08-23T15:57:37Z,2026-08-23T17:57:37+0200,4e74b68d-c003-4d56-be5d-5f0c265edc96,2026-08-22T10:00:00Z,2026-08-22T12:00:00+0200,10217.99,MW,BE,BE,forecast_load,Forecasted Load,2026-08-23T15:57:47Z
2026-08-23T15:57:37Z,2026-08-23T17:57:37+0200,4e74b68d-c003-4d56-be5d-5f0c265edc96,2026-08-22T10:15:00Z,2026-08-22T12:15:00+0200,10266.97,MW,BE,BE,forecast_load,Forecasted Load,2026-08-23T15:57:47Z
2026-08-23T15:57:37Z,2026-08-23T17:57:37+0200,4e74b68d-c003-4d56-be5d-5f0c265edc96,2026-08-22T10:30:00Z,2026-08-22T12:30:00+0200,10225.3,MW,BE,BE,forecast_load,Forecasted Load,2026-08-23T15:57:47Z
2026-08-23T15:57:37Z,2026-08-23T17:57:37+0200,4e74b68d-c003-4d56-be5d-5f0c265edc96,2026-08-22T10:45:00Z,2026-08-22T12:45:00+0200,10235.0,MW,BE,BE,forecast_load,Forecasted Load,2026-08-23T15:57:47Z
2026-08-23T15:57:37Z,2026-08-23T17:57:37+0200,4e74b68d-c003-4d56-be5d-5f0c265edc96,2026-08-22T11:00:00Z,2026-08-22T13:00:00+0200,10250.89,MW,BE,BE,forecast_load,Forecasted Load,2026-08-23T15:57:47Z
2026-08-23T15:57:37Z,2026-08-23T17:57:37+0200,4e74b68d-c003-4d56-be5d-5f0c265edc96,2026-08-22T11:15:00Z,2026-08-22T13:15:00+0200,10225.19,MW,BE,BE,forecast_load,Forecasted Load,2026-08-23T15:57:47Z
2026-08-23T15:57:37Z,2026-08-23T17:57:37+0200,4e74b68d-c003-4d56-be5d-5f0c265edc96,2026-08-22T11:30:00Z,2026-08-22T13:30:00+0200,10173.79,MW,BE,BE,forecast_load,Forecasted Load,2026-08-23T15:57:47Z
2026-08-23T15:57:37Z,2026-08-23T17:57:37+0200,4e74b68d-c003-4d56-be5d-5f0c265edc96,2026-08-22T11:45:00Z,2026-08-22T13:45:00+0200,10111.11,MW,BE,BE,forecast_load,Forecasted Load,2026-08-23T15:57:47Z
2026-08-23T15:57:37Z,2026-08-23T17:57:37+0200,4e74b68d-c003-4d56-be5d-5f0c265edc96,2026-08-22T12:00:00Z,2026-08-22T14:00:00+0200,9982.79,MW,BE,BE,forecast_load,Forecasted Load,2026-08-23T15:57:47Z
2026-08-23T15:57:37Z,2026-08-23T17:57:37+0200,4e74b68d-c003-4d56-be5d-5f0c265edc96,2026-08-22T12:15:00Z,2026-08-22T14:15:00+0200,9861.7,MW,BE,BE,forecast_load,Forecasted Load,2026-08-23T15:57:47Z
2026-08-23T15:57:37Z,2026-08-23T17:57:37+0200,4e74b68d-c003-4d56-be5d-5f0c265edc96,2026-08-22T12:30:00Z,2026-08-22T14:30:00+0200,9831.53,MW,BE,BE,forecast_load,Forecasted Load,2026-08-23T15:57:47Z
2026-08-23T15:57:37Z,2026-08-23T17:57:37+0200,4e74b68d-c003-4d56-be5d-5f0c265edc96,2026-08-22T12:45:00Z,2026-08-22T14:45:00+0200,9742.33,MW,BE,BE,forecast_load,Forecasted Load,2026-08-23T15:57:47Z
2026-08-23T15:57:37Z,2026-08-23T17:57:37+0200,4e74b68d-c003-4d56-be5d-5f0c265edc96,2026-08-22T13:00:00Z,2026-08-22T15:00:00+0200,9707.26,MW,BE,BE,forecast_load,Forecasted Load,2026-08-23T15:57:47Z
2026-08-23T15:57:37Z,2026-08-23T17:57:37+0200,4e74b68d-c003-4d56-be5d-5f0c265edc96,2026-08-22T13:15:00Z,2026-08-22T15:15:00+0200,9648.3,MW,BE,BE,forecast_load,Forecasted Load,2026-08-23T15:57:47Z
2026-08-23T15:57:37Z,2026-08-23T17:57:37+0200,4e74b68d-c003-4d56-be5d-5f0c265edc96,2026-08-22T13:30:00Z,2026-08-22T15:30:00+0200,9611.09,MW,BE,BE,forecast_load,Forecasted Load,2026-08-23T15:57:47Z
2026-08-23T15:57:37Z,2026-08-23T17:57:37+0200,4e74b68d-c003-4d56-be5d-5f0c265edc96,2026-08-22T13:45:00Z,2026-08-22T15:45:00+0200,9470.78,MW,BE,BE,forecast_load,Forecasted Load,2026-08-23T15:57:47Z
2026-08-23T15:57:37Z,2026-08-23T17:57:37+0200,4e74b68d-c003-4d56-be5d-5f0c265edc96,2026-08-22T14:00:00Z,2026-08-22T16:00:00+0200,9384.92,MW,BE,BE,forecast_load,Forecasted Load,2026-08-23T15:57:47Z
2026-08-23T15:57:37Z,2026-08-23T17:57:37+0200,4e74b68d-c003-4d56-be5d-5f0c265edc96,2026-08-22T14:15:00Z,2026-08-22T16:15:00+0200,9177.38,MW,BE,BE,forecast_load,Forecasted Load,2026-08-23T15:57:47Z
2026-08-23T15:57:37Z,2026-08-23T17:57:37+0200,4e74b68d-c003-4d56-be5d-5f0c265edc96,2026-08-22T14:30:00Z,2026-08-22T16:30:00+0200,9146.52,MW,BE,BE,forecast_load,Forecasted Load,2026-08-23T15:57:47Z
2026-08-23T15:57:37Z,2026-08-23T17:57:37+0200,4e74b68d-c003-4d56-be5d-5f0c265edc96,2026-08-22T14:45:00Z,2026-08-22T16:45:00+0200,9118.38,MW,BE,BE,forecast_load,Forecasted Load,2026-08-23T15:57:47Z
2026-08-23T15:57:37Z,2026-08-23T17:57:37+0200,4e74b68d-c003-4d56-be5d-5f0c265edc96,2026-08-22T15:00:00Z,2026-08-22T17:00:00+0200,9031.54,MW,BE,BE,forecast_load,Forecasted Load,2026-08-23T15:57:47Z
2026-08-23T15:57:37Z,2026-08-23T17:57:37+0200,4e74b68d-c003-4d56-be5d-5f0c265edc96,2026-08-22T15:15:00Z,2026-08-22T17:15:00+0200,8979.88,MW,BE,BE,forecast_load,Forecasted Load,2026-08-23T15:57:47Z
2026-08-23T15:57:37Z,2026-08-23T17:57:37+0200,4e74b68d-c003-4d56-be5d-5f0c265edc96,2026-08-22T15:30:00Z,2026-08-22T17:30:00+0200,8941.56,MW,BE,BE,forecast_load,Forecasted Load,2026-08-23T15:57:47Z
2026-08-23T15:57:37Z,2026-08-23T17:57:37+0200,4e74b68d-c003-4d56-be5d-5f0c265edc96,2026-08-22T15:45:00Z,2026-08-22T17:45:00+0200,8892.5,MW,BE,BE,forecast_load,Forecasted Load,2026-08-23T15:57:47Z
2026-08-23T15:57:37Z,2026-08-23T17:57:37+0200,4e74b68d-c003-4d56-be5d-5f0c265edc96,2026-08-22T16:00:00Z,2026-08-22T18:00:00+0200,8985.86,MW,BE,BE,forecast_load,Forecasted Load,2026-08-23T15:57:47Z
2026-08-23T15:57:37Z,2026-08-23T17:57:37+0200,4e74b68d-c003-4d56-be5d-5f0c265edc96,2026-08-22T16:15:00Z,2026-08-22T18:15:00+0200,8929.8,MW,BE,BE,forecast_load,Forecasted Load,2026-08-23T15:57:47Z
2026-08-23T15:57:37Z,2026-08-23T17:57:37+0200,4e74b68d-c003-4d56-be5d-5f0c265edc96,2026-08-22T16:30:00Z,2026-08-22T18:30:00+0200,8937.23,MW,BE,BE,forecast_load,Forecasted Load,2026-08-23T15:57:47Z
2026-08-23T15:57:37Z,2026-08-23T17:57:37+0200,4e74b68d-c003-4d56-be5d-5f0c265edc96,2026-08-22T16:45:00Z,2026-08-22T18:45:00+0200,8971.39,MW,BE,BE,forecast_load,Forecasted Load,2026-08-23T15:57:47Z
2026-08-23T15:57:37Z,2026-08-23T17:57:37+0200,4e74b68d-c003-4d56-be5d-5f0c265edc96,2026-08-22T17:00:00Z,2026-08-22T19:00:00+0200,9028.66,MW,BE,BE,forecast_load,Forecasted Load,2026-08-23T15:57:47Z
2026-08-23T15:57:37Z,2026-08-23T17:57:37+0200,4e74b68d-c003-4d56-be5d-5f0c265edc96,2026-08-22T17:15:00Z,2026-08-22T19:15:00+0200,8969.4,MW,BE,BE,forecast_load,Forecasted Load,2026-08-23T15:57:47Z
2026-08-23T15:57:37Z,2026-08-23T17:57:37+0200,4e74b68d-c003-4d56-be5d-5f0c265edc96,2026-08-22T17:30:00Z,2026-08-22T19:30:00+0200,9014.73,MW,BE,BE,forecast_load,Forecasted Load,2026-08-23T15:57:47Z
2026-08-23T15:57:37Z,2026-08-23T17:57:37+0200,4e74b68d-c003-4d56-be5d-5f0c265edc96,2026-08-22T17:45:00Z,2026-08-22T19:45:00+0200,8878.18,MW,BE,BE,forecast_load,Forecasted Load,2026-08-23T15:57:47Z
2026-08-23T15:57:37Z,2026-08-23T17:57:37+0200,4e74b68d-c003-4d56-be5d-5f0c265edc96,2026-08-22T18:00:00Z,2026-08-22T20:00:00+0200,9052.71,MW,BE,BE,forecast_load,Forecasted Load,2026-08-23T15:57:47Z
2026-08-23T15:57:37Z,2026-08-23T17:57:37+0200,4e74b68d-c003-4d56-be5d-5f0c265edc96,2026-08-22T18:15:00Z,2026-08-22T20:15:00+0200,8940.4,MW,BE,BE,forecast_load,Forecasted Load,2026-08-23T15:57:47Z
2026-08-23T15:57:37Z,2026-08-23T17:57:37+0200,4e74b68d-c003-4d56-be5d-5f0c265edc96,2026-08-22T18:30:00Z,2026-08-22T20:30:00+0200,8822.59,MW,BE,BE,forecast_load,Forecasted Load,2026-08-23T15:57:47Z
2026-08-23T15:57:37Z,2026-08-23T17:57:37+0200,4e74b68d-c003-4d56-be5d-5f0c265edc96,2026-08-22T18:45:00Z,2026-08-22T20:45:00+0200,8730.13,MW,BE,BE,forecast_load,Forecasted Load,2026-08-23T15:57:47Z
2026-08-23T15:57:37Z,2026-08-23T17:57:37+0200,4e74b68d-c003-4d56-be5d-5f0c265edc96,2026-08-22T19:00:00Z,2026-08-22T21:00:00+0200,8636.1,MW,BE,BE,forecast_load,Forecasted Load,2026-08-23T15:57:47Z
2026-08-23T15:57:37Z,2026-08-23T17:57:37+0200,4e74b68d-c003-4d56-be5d-5f0c265edc96,2026-08-22T19:15:00Z,2026-08-22T21:15:00+0200,8650.69,MW,BE,BE,forecast_load,Forecasted Load,2026-08-23T15:57:47Z
2026-08-23T15:57:37Z,2026-08-23T17:57:37+0200,4e74b68d-c003-4d56-be5d-5f0c265edc96,2026-08-22T19:30:00Z,2026-08-22T21:30:00+0200,8696.16,MW,BE,BE,forecast_load,Forecasted Load,2026-08-23T15:57:47Z
2026-08-23T15:57:37Z,2026-08-23T17:57:37+0200,4e74b68d-c003-4d56-be5d-5f0c265edc96,2026-08-22T19:45:00Z,2026-08-22T21:45:00+0200,8808.41,MW,BE,BE,forecast_load,Forecasted Load,2026-08-23T15:57:47Z
2026-08-23T15:57:37Z,2026-08-23T17:57:37+0200,4e74b68d-c003-4d56-be5d-5f0c265edc96,2026-08-22T20:00:00Z,2026-08-22T22:00:00+0200,8615.35,MW,BE,BE,forecast_load,Forecasted Load,2026-08-23T15:57:47Z
2026-08-23T15:57:37Z,2026-08-23T17:57:37+0200,4e74b68d-c003-4d56-be5d-5f0c265edc96,2026-08-22T20:15:00Z,2026-08-22T22:15:00+0200,8721.27,MW,BE,BE,forecast_load,Forecasted Load,2026-08-23T15:57:47Z
2026-08-23T15:57:37Z,2026-08-23T17:57:37+0200,4e74b68d-c003-4d56-be5d-5f0c265edc96,2026-08-22T20:30:00Z,2026-08-22T22:30:00+0200,8647.0,MW,BE,BE,forecast_load,Forecasted Load,2026-08-23T15:57:47Z
2026-08-23T15:57:37Z,2026-08-23T17:57:37+0200,4e74b68d-c003-4d56-be5d-5f0c265edc96,2026-08-22T20:45:00Z,2026-08-22T22:45:00+0200,8606.36,MW,BE,BE,forecast_load,Forecasted Load,2026-08-23T15:57:47Z
2026-08-23T15:57:37Z,2026-08-23T17:57:37+0200,4e74b68d-c003-4d56-be5d-5f0c265edc96,2026-08-22T21:00:00Z,2026-08-22T23:00:00+0200,8518.59,MW,BE,BE,forecast_load,Forecasted Load,2026-08-23T15:57:47Z
2026-08-23T15:57:37Z,2026-08-23T17:57:37+0200,4e74b68d-c003-4d56-be5d-5f0c265edc96,2026-08-22T21:15:00Z,2026-08-22T23:15:00+0200,8461.07,MW,BE,BE,forecast_load,Forecasted Load,2026-08-23T15:57:47Z
2026-08-23T15:57:37Z,2026-08-23T17:57:37+0200,4e74b68d-c003-4d56-be5d-5f0c265edc96,2026-08-22T21:30:00Z,2026-08-22T23:30:00+0200,8339.0,MW,BE,BE,forecast_load,Forecasted Load,2026-08-23T15:57:47Z
2026-08-23T15:57:37Z,2026-08-23T17:57:37+0200,4e74b68d-c003-4d56-be5d-5f0c265edc96,2026-08-22T21:45:00Z,2026-08-22T23:45:00+0200,8197.4,MW,BE,BE,forecast_load,Forecasted Load,2026-08-23T15:57:47Z
2026-08-23T15:57:37Z,2026-08-23T17:57:37+0200,4e74b68d-c003-4d56-be5d-5f0c265edc96,2026-08-22T22:00:00Z,2026-08-23T00:00:00+0200,7625.8,MW,BE,BE,forecast_load,Forecasted Load,2026-08-23T15:57:47Z
2026-08-23T15:57:37Z,2026-08-23T17:57:37+0200,4e74b68d-c003-4d56-be5d-5f0c265edc96,2026-08-22T22:15:00Z,2026-08-23T00:15:00+0200,7568.07,MW,BE,BE,forecast_load,Forecasted Load,2026-08-23T15:57:47Z
2026-08-23T15:57:37Z,2026-08-23T17:57:37+0200,4e74b68d-c003-4d56-be5d-5f0c265edc96,2026-08-22T22:30:00Z,2026-08-23T00:30:00+0200,7526.16,MW,BE,BE,forecast_load,Forecasted Load,2026-08-23T15:57:47Z
2026-08-23T15:57:37Z,2026-08-23T17:57:37+0200,4e74b68d-c003-4d56-be5d-5f0c265edc96,2026-08-22T22:45:00Z,2026-08-23T00:45:00+0200,7449.72,MW,BE,BE,forecast_load,Forecasted Load,2026-08-23T15:57:47Z
2026-08-23T15:57:37Z,2026-08-23T17:57:37+0200,4e74b68d-c003-4d56-be5d-5f0c265edc96,2026-08-22T23:00:00Z,2026-08-23T01:00:00+0200,7421.14,MW,BE,BE,forecast_load,Forecasted Load,2026-08-23T15:57:47Z
2026-08-23T15:57:37Z,2026-08-23T17:57:37+0200,4e74b68d-c003-4d56-be5d-5f0c265edc96,2026-08-22T23:15:00Z,2026-08-23T01:15:00+0200,7369.26,MW,BE,BE,forecast_load,Forecasted Load,2026-08-23T15:57:47Z
2026-08-23T15:57:37Z,2026-08-23T17:57:37+0200,4e74b68d-c003-4d56-be5d-5f0c265edc96,2026-08-22T23:30:00Z,2026-08-23T01:30:00+0200,7315.93,MW,BE,BE,forecast_load,Forecasted Load,2026-08-23T15:57:47Z
2026-08-23T15:57:37Z,2026-08-23T17:57:37+0200,4e74b68d-c003-4d56-be5d-5f0c265edc96,2026-08-22T23:45:00Z,2026-08-23T01:45:00+0200,7228.32,MW,BE,BE,forecast_load,Forecasted Load,2026-08-23T15:57:47Z
2026-08-23T15:57:37Z,2026-08-23T17:57:37+0200,4e74b68d-c003-4d56-be5d-5f0c265edc96,2026-08-23T00:00:00Z,2026-08-23T02:00:00+0200,7391.86,MW,BE,BE,forecast_load,Forecasted Load,2026-08-23T15:57:47Z
2026-08-23T15:57:37Z,2026-08-23T17:57:37+0200,4e74b68d-c003-4d56-be5d-5f0c265edc96,2026-08-23T00:15:00Z,2026-08-23T02:15:00+0200,7357.88,MW,BE,BE,forecast_load,Forecasted Load,2026-08-23T15:57:47Z
2026-08-23T15:57:37Z,2026-08-23T17:57:37+0200,4e74b68d-c003-4d56-be5d-5f0c265edc96,2026-08-23T00:30:00Z,2026-08-23T02:30:00+0200,7293.03,MW,BE,BE,forecast_load,Forecasted Load,2026-08-23T15:57:47Z
2026-08-23T15:57:37Z,2026-08-23T17:57:37+0200,4e74b68d-c003-4d56-be5d-5f0c265edc96,2026-08-23T00:45:00Z,2026-08-23T02:45:00+0200,7235.9,MW,BE,BE,forecast_load,Forecasted Load,2026-08-23T15:57:47Z
2026-08-23T15:57:37Z,2026-08-23T17:57:37+0200,4e74b68d-c003-4d56-be5d-5f0c265edc96,2026-08-23T01:00:00Z,2026-08-23T03:00:00+0200,7225.6,MW,BE,BE,forecast_load,Forecasted Load,2026-08-23T15:57:47Z
2026-08-23T15:57:37Z,2026-08-23T17:57:37+0200,4e74b68d-c003-4d56-be5d-5f0c265edc96,2026-08-23T01:15:00Z,2026-08-23T03:15:00+0200,7185.47,MW,BE,BE,forecast_load,Forecasted Load,2026-08-23T15:57:47Z
2026-08-23T15:57:37Z,2026-08-23T17:57:37+0200,4e74b68d-c003-4d56-be5d-5f0c265edc96,2026-08-23T01:30:00Z,2026-08-23T03:30:00+0200,7161.8,MW,BE,BE,forecast_load,Forecasted Load,2026-08-23T15:57:47Z
2026-08-23T15:57:37Z,2026-08-23T17:57:37+0200,4e74b68d-c003-4d56-be5d-5f0c265edc96,2026-08-23T01:45:00Z,2026-08-23T03:45:00+0200,7176.93,MW,BE,BE,forecast_load,Forecasted Load,2026-08-23T15:57:47Z
2026-08-23T15:57:37Z,2026-08-23T17:57:37+0200,4e74b68d-c003-4d56-be5d-5f0c265edc96,2026-08-23T02:00:00Z,2026-08-23T04:00:00+0200,7157.2,MW,BE,BE,forecast_load,Forecasted Load,2026-08-23T15:57:47Z
2026-08-23T15:57:37Z,2026-08-23T17:57:37+0200,4e74b68d-c003-4d56-be5d-5f0c265edc96,2026-08-23T02:15:00Z,2026-08-23T04:15:00+0200,7126.64,MW,BE,BE,forecast_load,Forecasted Load,2026-08-23T15:57:47Z
2026-08-23T15:57:37Z,2026-08-23T17:57:37+0200,4e74b68d-c003-4d56-be5d-5f0c265edc96,2026-08-23T02:30:00Z,2026-08-23T04:30:00+0200,7121.18,MW,BE,BE,forecast_load,Forecasted Load,2026-08-23T15:57:47Z
2026-08-23T15:57:37Z,2026-08-23T17:57:37+0200,4e74b68d-c003-4d56-be5d-5f0c265edc96,2026-08-23T02:45:00Z,2026-08-23T04:45:00+0200,7082.35,MW,BE,BE,forecast_load,Forecasted Load,2026-08-23T15:57:47Z
2026-08-23T15:57:37Z,2026-08-23T17:57:37+0200,4e74b68d-c003-4d56-be5d-5f0c265edc96,2026-08-23T03:00:00Z,2026-08-23T05:00:00+0200,7097.54,MW,BE,BE,forecast_load,Forecasted Load,2026-08-23T15:57:47Z
2026-08-23T15:57:37Z,2026-08-23T17:57:37+0200,4e74b68d-c003-4d56-be5d-5f0c265edc96,2026-08-23T03:15:00Z,2026-08-23T05:15:00+0200,7086.8,MW,BE,BE,forecast_load,Forecasted Load,2026-08-23T15:57:47Z
2026-08-23T15:57:37Z,2026-08-23T17:57:37+0200,4e74b68d-c003-4d56-be5d-5f0c265edc96,2026-08-23T03:30:00Z,2026-08-23T05:30:00+0200,7136.01,MW,BE,BE,forecast_load,Forecasted Load,2026-08-23T15:57:47Z
2026-08-23T15:57:37Z,2026-08-23T17:57:37+0200,4e74b68d-c003-4d56-be5d-5f0c265edc96,2026-08-23T03:45:00Z,2026-08-23T05:45:00+0200,7105.82,MW,BE,BE,forecast_load,Forecasted Load,2026-08-23T15:57:47Z
2026-08-23T15:57:37Z,2026-08-23T17:57:37+0200,4e74b68d-c003-4d56-be5d-5f0c265edc96,2026-08-23T04:00:00Z,2026-08-23T06:00:00+0200,7138.61,MW,BE,BE,forecast_load,Forecasted Load,2026-08-23T15:57:47Z
2026-08-23T15:57:37Z,2026-08-23T17:57:37+0200,4e74b68d-c003-4d56-be5d-5f0c265edc96,2026-08-23T04:15:00Z,2026-08-23T06:15:00+0200,7151.24,MW,BE,BE,forecast_load,Forecasted Load,2026-08-23T15:57:47Z
2026-08-23T15:57:37Z,2026-08-23T17:57:37+0200,4e74b68d-c003-4d56-be5d-5f0c265edc96,2026-08-23T04:30:00Z,2026-08-23T06:30:00+0200,7199.31,MW,BE,BE,forecast_load,Forecasted Load,2026-08-23T15:57:47Z
2026-08-23T15:57:37Z,2026-08-23T17:57:37+0200,4e74b68d-c003-4d56-be5d-5f0c265edc96,2026-08-23T04:45:00Z,2026-08-23T06:45:00+0200,7226.44,MW,BE,BE,forecast_load,Forecasted Load,2026-08-23T15:57:47Z
2026-08-23T15:57:37Z,2026-08-23T17:57:37+0200,4e74b68d-c003-4d56-be5d-5f0c265edc96,2026-08-23T05:00:00Z,2026-08-23T07:00:00+0200,7254.51,MW,BE,BE,forecast_load,Forecasted Load,2026-08-23T15:57:47Z
2026-08-23T15:57:37Z,2026-08-23T17:57:37+0200,4e74b68d-c003-4d56-be5d-5f0c265edc96,2026-08-23T05:15:00Z,2026-08-23T07:15:00+0200,7334.07,MW,BE,BE,forecast_load,Forecasted Load,2026-08-23T15:57:47Z
2026-08-23T15:57:37Z,2026-08-23T17:57:37+0200,4e74b68d-c003-4d56-be5d-5f0c265edc96,2026-08-23T05:30:00Z,2026-08-23T07:30:00+0200,7381.04,MW,BE,BE,forecast_load,Forecasted Load,2026-08-23T15:57:47Z
2026-08-23T15:57:37Z,2026-08-23T17:57:37+0200,4e74b68d-c003-4d56-be5d-5f0c265edc96,2026-08-23T05:45:00Z,2026-08-23T07:45:00+0200,7460.67,MW,BE,BE,forecast_load,Forecasted Load,2026-08-23T15:57:47Z
2026-08-23T15:57:37Z,2026-08-23T17:57:37+0200,4e74b68d-c003-4d56-be5d-5f0c265edc96,2026-08-23T06:00:00Z,2026-08-23T08:00:00+0200,7491.21,MW,BE,BE,forecast_load,Forecasted Load,2026-08-23T15:57:47Z
2026-08-23T15:57:37Z,2026-08-23T17:57:37+0200,4e74b68d-c003-4d56-be5d-5f0c265edc96,2026-08-23T06:15:00Z,2026-08-23T08:15:00+0200,7621.67,MW,BE,BE,forecast_load,Forecasted Load,2026-08-23T15:57:47Z
2026-08-23T15:57:37Z,2026-08-23T17:57:37+0200,4e74b68d-c003-4d56-be5d-5f0c265edc96,2026-08-23T06:30:00Z,2026-08-23T08:30:00+0200,7772.49,MW,BE,BE,forecast_load,Forecasted Load,2026-08-23T15:57:47Z
2026-08-23T15:57:37Z,2026-08-23T17:57:37+0200,4e74b68d-c003-4d56-be5d-5f0c265edc96,2026-08-23T06:45:00Z,2026-08-23T08:45:00+0200,7886.11,MW,BE,BE,forecast_load,Forecasted Load,2026-08-23T15:57:47Z
2026-08-23T15:57:37Z,2026-08-23T17:57:37+0200,4e74b68d-c003-4d56-be5d-5f0c265edc96,2026-08-23T07:00:00Z,2026-08-23T09:00:00+0200,7966.99,MW,BE,BE,forecast_load,Forecasted Load,2026-08-23T15:57:47Z
2026-08-23T15:57:37Z,2026-08-23T17:57:37+0200,4e74b68d-c003-4d56-be5d-5f0c265edc96,2026-08-23T07:15:00Z,2026-08-23T09:15:00+0200,8106.39,MW,BE,BE,forecast_load,Forecasted Load,2026-08-23T15:57:47Z
2026-08-23T15:57:37Z,2026-08-23T17:57:37+0200,4e74b68d-c003-4d56-be5d-5f0c265edc96,2026-08-23T07:30:00Z,2026-08-23T09:30:00+0200,8352.53,MW,BE,BE,forecast_load,Forecasted Load,2026-08-23T15:57:47Z
2026-08-23T15:57:37Z,2026-08-23T17:57:37+0200,4e74b68d-c003-4d56-be5d-5f0c265edc96,2026-08-23T07:45:00Z,2026-08-23T09:45:00+0200,8552.86,MW,BE,BE,forecast_load,Forecasted Load,2026-08-23T15:57:47Z
2026-08-23T15:57:37Z,2026-08-23T17:57:37+0200,4e74b68d-c003-4d56-be5d-5f0c265edc96,2026-08-23T08:00:00Z,2026-08-23T10:00:00+0200,8548.22,MW,BE,BE,forecast_load,Forecasted Load,2026-08-23T15:57:47Z
2026-08-23T15:57:37Z,2026-08-23T17:57:37+0200,4e74b68d-c003-4d56-be5d-5f0c265edc96,2026-08-23T08:15:00Z,2026-08-23T10:15:00+0200,8684.97,MW,BE,BE,forecast_load,Forecasted Load,2026-08-23T15:57:47Z
2026-08-23T15:57:37Z,2026-08-23T17:57:37+0200,4e74b68d-c003-4d56-be5d-5f0c265edc96,2026-08-23T08:30:00Z,2026-08-23T10:30:00+0200,8736.77,MW,BE,BE,forecast_load,Forecasted Load,2026-08-23T15:57:47Z
2026-08-23T15:57:37Z,2026-08-23T17:57:37+0200,4e74b68d-c003-4d56-be5d-5f0c265edc96,2026-08-23T08:45:00Z,2026-08-23T10:45:00+0200,8874.75,MW,BE,BE,forecast_load,Forecasted Load,2026-08-23T15:57:47Z
2026-08-23T15:57:37Z,2026-08-23T17:57:37+0200,4e74b68d-c003-4d56-be5d-5f0c265edc96,2026-08-23T09:00:00Z,2026-08-23T11:00:00+0200,9073.07,MW,BE,BE,forecast_load,Forecasted Load,2026-08-23T15:57:47Z
2026-08-23T15:57:37Z,2026-08-23T17:57:37+0200,4e74b68d-c003-4d56-be5d-5f0c265edc96,2026-08-23T09:15:00Z,2026-08-23T11:15:00+0200,9169.95,MW,BE,BE,forecast_load,Forecasted Load,2026-08-23T15:57:47Z
2026-08-23T15:57:37Z,2026-08-23T17:57:37+0200,4e74b68d-c003-4d56-be5d-5f0c265edc96,2026-08-23T09:30:00Z,2026-08-23T11:30:00+0200,9313.26,MW,BE,BE,forecast_load,Forecasted Load,2026-08-23T15:57:47Z
2026-08-23T15:57:37Z,2026-08-23T17:57:37+0200,4e74b68d-c003-4d56-be5d-5f0c265edc96,2026-08-23T09:45:00Z,2026-08-23T11:45:00+0200,9361.9,MW,BE,BE,forecast_load,Forecasted Load,2026-08-23T15:57:47Z
2026-08-23T15:57:37Z,2026-08-23T17:57:37+0200,4e74b68d-c003-4d56-be5d-5f0c265edc96,2026-08-23T10:00:00Z,2026-08-23T12:00:00+0200,9464.07,MW,BE,BE,forecast_load,Forecasted Load,2026-08-23T15:57:47Z
2026-08-23T15:57:37Z,2026-08-23T17:57:37+0200,4e74b68d-c003-4d56-be5d-5f0c265edc96,2026-08-23T10:15:00Z,2026-08-23T12:15:00+0200,9474.04,MW,BE,BE,forecast_load,Forecasted Load,2026-08-23T15:57:47Z
2026-08-23T15:57:37Z,2026-08-23T17:57:37+0200,4e74b68d-c003-4d56-be5d-5f0c265edc96,2026-08-23T10:30:00Z,2026-08-23T12:30:00+0200,9459.86,MW,BE,BE,forecast_load,Forecasted Load,2026-08-23T15:57:47Z
2026-08-23T15:57:37Z,2026-08-23T17:57:37+0200,4e74b68d-c003-4d56-be5d-5f0c265edc96,2026-08-23T10:45:00Z,2026-08-23T12:45:00+0200,9459.07,MW,BE,BE,forecast_load,Forecasted Load,2026-08-23T15:57:47Z
2026-08-23T15:57:37Z,2026-08-23T17:57:37+0200,4e74b68d-c003-4d56-be5d-5f0c265edc96,2026-08-23T11:00:00Z,2026-08-23T13:00:00+0200,9657.52,MW,BE,BE,forecast_load,Forecasted Load,2026-08-23T15:57:47Z
2026-08-23T15:57:37Z,2026-08-23T17:57:37+0200,4e74b68d-c003-4d56-be5d-5f0c265edc96,2026-08-23T11:15:00Z,2026-08-23T13:15:00+0200,9544.99,MW,BE,BE,forecast_load,Forecasted Load,2026-08-23T15:57:47Z
2026-08-23T15:57:37Z,2026-08-23T17:57:37+0200,4e74b68d-c003-4d56-be5d-5f0c265edc96,2026-08-23T11:30:00Z,2026-08-23T13:30:00+0200,9492.73,MW,BE,BE,forecast_load,Forecasted Load,2026-08-23T15:57:47Z
2026-08-23T15:57:37Z,2026-08-23T17:57:37+0200,4e74b68d-c003-4d56-be5d-5f0c265edc96,2026-08-23T11:45:00Z,2026-08-23T13:45:00+0200,9363.89,MW,BE,BE,forecast_load,Forecasted Load,2026-08-23T15:57:47Z
2026-08-23T15:57:37Z,2026-08-23T17:57:37+0200,4e74b68d-c003-4d56-be5d-5f0c265edc96,2026-08-23T12:00:00Z,2026-08-23T14:00:00+0200,9350.67,MW,BE,BE,forecast_load,Forecasted Load,2026-08-23T15:57:47Z
2026-08-23T15:57:37Z,2026-08-23T17:57:37+0200,4e74b68d-c003-4d56-be5d-5f0c265edc96,2026-08-23T12:15:00Z,2026-08-23T14:15:00+0200,9335.97,MW,BE,BE,forecast_load,Forecasted Load,2026-08-23T15:57:47Z
2026-08-23T15:57:37Z,2026-08-23T17:57:37+0200,4e74b68d-c003-4d56-be5d-5f0c265edc96,2026-08-23T12:30:00Z,2026-08-23T14:30:00+0200,9321.13,MW,BE,BE,forecast_load,Forecasted Load,2026-08-23T15:57:47Z
2026-08-23T15:57:37Z,2026-08-23T17:57:37+0200,4e74b68d-c003-4d56-be5d-5f0c265edc96,2026-08-23T12:45:00Z,2026-08-23T14:45:00+0200,9212.49,MW,BE,BE,forecast_load,Forecasted Load,2026-08-23T15:57:47Z
2026-08-23T15:57:37Z,2026-08-23T17:57:37+0200,4e74b68d-c003-4d56-be5d-5f0c265edc96,2026-08-23T13:00:00Z,2026-08-23T15:00:00+0200,9094.62,MW,BE,BE,forecast_load,Forecasted Load,2026-08-23T15:57:47Z
2026-08-23T15:57:37Z,2026-08-23T17:57:37+0200,4e74b68d-c003-4d56-be5d-5f0c265edc96,2026-08-23T13:15:00Z,2026-08-23T15:15:00+0200,9043.63,MW,BE,BE,forecast_load,Forecasted Load,2026-08-23T15:57:47Z
2026-08-23T15:57:37Z,2026-08-23T17:57:37+0200,4e74b68d-c003-4d56-be5d-5f0c265edc96,2026-08-23T13:30:00Z,2026-08-23T15:30:00+0200,9054.25,MW,BE,BE,forecast_load,Forecasted Load,2026-08-23T15:57:47Z
2026-08-23T15:57:37Z,2026-08-23T17:57:37+0200,4e74b68d-c003-4d56-be5d-5f0c265edc96,2026-08-23T13:45:00Z,2026-08-23T15:45:00+0200,8943.11,MW,BE,BE,forecast_load,Forecasted Load,2026-08-23T15:57:47Z
2026-08-23T15:57:37Z,2026-08-23T17:57:37+0200,4e74b68d-c003-4d56-be5d-5f0c265edc96,2026-08-23T14:00:00Z,2026-08-23T16:00:00+0200,8876.83,MW,BE,BE,forecast_load,Forecasted Load,2026-08-23T15:57:47Z
2026-08-23T15:57:37Z,2026-08-23T17:57:37+0200,4e74b68d-c003-4d56-be5d-5f0c265edc96,2026-08-23T14:15:00Z,2026-08-23T16:15:00+0200,8708.54,MW,BE,BE,forecast_load,Forecasted Load,2026-08-23T15:57:47Z
2026-08-23T15:57:37Z,2026-08-23T17:57:37+0200,4e74b68d-c003-4d56-be5d-5f0c265edc96,2026-08-23T14:30:00Z,2026-08-23T16:30:00+0200,8750.18,MW,BE,BE,forecast_load,Forecasted Load,2026-08-23T15:57:47Z
2026-08-23T15:57:37Z,2026-08-23T17:57:37+0200,4e74b68d-c003-4d56-be5d-5f0c265edc96,2026-08-23T14:45:00Z,2026-08-23T16:45:00+0200,8796.95,MW,BE,BE,forecast_load,Forecasted Load,2026-08-23T15:57:47Z
2026-08-23T15:57:37Z,2026-08-23T17:57:37+0200,4e74b68d-c003-4d56-be5d-5f0c265edc96,2026-08-23T15:00:00Z,2026-08-23T17:00:00+0200,8703.31,MW,BE,BE,forecast_load,Forecasted Load,2026-08-23T15:57:47Z
2026-08-23T15:57:37Z,2026-08-23T17:57:37+0200,4e74b68d-c003-4d56-be5d-5f0c265edc96,2026-08-23T15:15:00Z,2026-08-23T17:15:00+0200,8659.45,MW,BE,BE,forecast_load,Forecasted Load,2026-08-23T15:57:47Z
2026-08-23T15:57:37Z,2026-08-23T17:57:37+0200,4e74b68d-c003-4d56-be5d-5f0c265edc96,2026-08-23T15:30:00Z,2026-08-23T17:30:00+0200,8627.77,MW,BE,BE,forecast_load,Forecasted Load,2026-08-23T15:57:47Z
2026-08-23T15:57:37Z,2026-08-23T17:57:37+0200,4e74b68d-c003-4d56-be5d-5f0c265edc96,2026-08-23T15:45:00Z,2026-08-23T17:45:00+0200,8578.38,MW,BE,BE,forecast_load,Forecasted Load,2026-08-23T15:57:47Z
