collection_time_utc,collection_time_local,run_id,timestamp_utc,timestamp_local,value,unit,country,entsoe_area,variable,source,updated_at_utc
2026-06-26T21:06:22Z,2026-06-26T23:06:22+0200,58e86286-12ca-447f-8334-9e4372101f50,2026-05-26T22:00:00Z,2026-05-27T00:00:00+0200,0.0,MW,BE,BE,actual_solar_generation,Solar,2026-06-26T21:06:31Z
2026-06-26T21:06:22Z,2026-06-26T23:06:22+0200,58e86286-12ca-447f-8334-9e4372101f50,2026-05-26T23:00:00Z,2026-05-27T01:00:00+0200,0.0,MW,BE,BE,actual_solar_generation,Solar,2026-06-26T21:06:31Z
2026-06-26T21:06:22Z,2026-06-26T23:06:22+0200,58e86286-12ca-447f-8334-9e4372101f50,2026-05-27T00:00:00Z,2026-05-27T02:00:00+0200,0.0,MW,BE,BE,actual_solar_generation,Solar,2026-06-26T21:06:31Z
2026-06-26T21:06:22Z,2026-06-26T23:06:22+0200,58e86286-12ca-447f-8334-9e4372101f50,2026-05-27T01:00:00Z,2026-05-27T03:00:00+0200,0.0,MW,BE,BE,actual_solar_generation,Solar,2026-06-26T21:06:31Z
2026-06-26T21:06:22Z,2026-06-26T23:06:22+0200,58e86286-12ca-447f-8334-9e4372101f50,2026-05-27T02:00:00Z,2026-05-27T04:00:00+0200,0.0,MW,BE,BE,actual_solar_generation,Solar,2026-06-26T21:06:31Z
2026-06-26T21:06:22Z,2026-06-26T23:06:22+0200,58e86286-12ca-447f-8334-9e4372101f50,2026-05-27T03:00:00Z,2026-05-27T05:00:00+0200,2.51425,MW,BE,BE,actual_solar_generation,Solar,2026-06-26T21:06:31Z
2026-06-26T21:06:22Z,2026-06-26T23:06:22+0200,58e86286-12ca-447f-8334-9e4372101f50,2026-05-27T04:00:00Z,2026-05-27T06:00:00+0200,351.45525,MW,BE,BE,actual_solar_generation,Solar,2026-06-26T21:06:31Z
2026-06-26T21:06:22Z,2026-06-26T23:06:22+0200,58e86286-12ca-447f-8334-9e4372101f50,2026-05-27T05:00:00Z,2026-05-27T07:00:00+0200,1222.7455,MW,BE,BE,actual_solar_generation,Solar,2026-06-26T21:06:31Z
2026-06-26T21:06:22Z,2026-06-26T23:06:22+0200,58e86286-12ca-447f-8334-9e4372101f50,2026-05-27T06:00:00Z,2026-05-27T08:00:00+0200,2596.1585,MW,BE,BE,actual_solar_generation,Solar,2026-06-26T21:06:31Z
2026-06-26T21:06:22Z,2026-06-26T23:06:22+0200,58e86286-12ca-447f-8334-9e4372101f50,2026-05-27T07:00:00Z,2026-05-27T09:00:00+0200,4171.10025,MW,BE,BE,actual_solar_generation,Solar,2026-06-26T21:06:31Z
2026-06-26T21:06:22Z,2026-06-26T23:06:22+0200,58e86286-12ca-447f-8334-9e4372101f50,2026-05-27T08:00:00Z,2026-05-27T10:00:00+0200,5697.14325,MW,BE,BE,actual_solar_generation,Solar,2026-06-26T21:06:31Z
2026-06-26T21:06:22Z,2026-06-26T23:06:22+0200,58e86286-12ca-447f-8334-9e4372101f50,2026-05-27T09:00:00Z,2026-05-27T11:00:00+0200,7026.54275,MW,BE,BE,actual_solar_generation,Solar,2026-06-26T21:06:31Z
2026-06-26T21:06:22Z,2026-06-26T23:06:22+0200,58e86286-12ca-447f-8334-9e4372101f50,2026-05-27T10:00:00Z,2026-05-27T12:00:00+0200,7803.202,MW,BE,BE,actual_solar_generation,Solar,2026-06-26T21:06:31Z
2026-06-26T21:06:22Z,2026-06-26T23:06:22+0200,58e86286-12ca-447f-8334-9e4372101f50,2026-05-27T11:00:00Z,2026-05-27T13:00:00+0200,8120.9125,MW,BE,BE,actual_solar_generation,Solar,2026-06-26T21:06:31Z
2026-06-26T21:06:22Z,2026-06-26T23:06:22+0200,58e86286-12ca-447f-8334-9e4372101f50,2026-05-27T12:00:00Z,2026-05-27T14:00:00+0200,7934.13125,MW,BE,BE,actual_solar_generation,Solar,2026-06-26T21:06:31Z
2026-06-26T21:06:22Z,2026-06-26T23:06:22+0200,58e86286-12ca-447f-8334-9e4372101f50,2026-05-27T13:00:00Z,2026-05-27T15:00:00+0200,7255.598,MW,BE,BE,actual_solar_generation,Solar,2026-06-26T21:06:31Z
2026-06-26T21:06:22Z,2026-06-26T23:06:22+0200,58e86286-12ca-447f-8334-9e4372101f50,2026-05-27T14:00:00Z,2026-05-27T16:00:00+0200,6030.64375,MW,BE,BE,actual_solar_generation,Solar,2026-06-26T21:06:31Z
2026-06-26T21:06:22Z,2026-06-26T23:06:22+0200,58e86286-12ca-447f-8334-9e4372101f50,2026-05-27T15:00:00Z,2026-05-27T17:00:00+0200,4599.3765,MW,BE,BE,actual_solar_generation,Solar,2026-06-26T21:06:31Z
2026-06-26T21:06:22Z,2026-06-26T23:06:22+0200,58e86286-12ca-447f-8334-9e4372101f50,2026-05-27T16:00:00Z,2026-05-27T18:00:00+0200,2975.8755,MW,BE,BE,actual_solar_generation,Solar,2026-06-26T21:06:31Z
2026-06-26T21:06:22Z,2026-06-26T23:06:22+0200,58e86286-12ca-447f-8334-9e4372101f50,2026-05-27T17:00:00Z,2026-05-27T19:00:00+0200,1591.582,MW,BE,BE,actual_solar_generation,Solar,2026-06-26T21:06:31Z
2026-06-26T21:06:22Z,2026-06-26T23:06:22+0200,58e86286-12ca-447f-8334-9e4372101f50,2026-05-27T18:00:00Z,2026-05-27T20:00:00+0200,603.024,MW,BE,BE,actual_solar_generation,Solar,2026-06-26T21:06:31Z
2026-06-26T21:06:22Z,2026-06-26T23:06:22+0200,58e86286-12ca-447f-8334-9e4372101f50,2026-05-27T19:00:00Z,2026-05-27T21:00:00+0200,42.0455,MW,BE,BE,actual_solar_generation,Solar,2026-06-26T21:06:31Z
2026-06-26T21:06:22Z,2026-06-26T23:06:22+0200,58e86286-12ca-447f-8334-9e4372101f50,2026-05-27T20:00:00Z,2026-05-27T22:00:00+0200,0.0,MW,BE,BE,actual_solar_generation,Solar,2026-06-26T21:06:31Z
2026-06-26T21:06:22Z,2026-06-26T23:06:22+0200,58e86286-12ca-447f-8334-9e4372101f50,2026-05-27T21:00:00Z,2026-05-27T23:00:00+0200,0.0,MW,BE,BE,actual_solar_generation,Solar,2026-06-26T21:06:31Z
2026-06-26T21:06:22Z,2026-06-26T23:06:22+0200,58e86286-12ca-447f-8334-9e4372101f50,2026-05-27T22:00:00Z,2026-05-28T00:00:00+0200,0.0,MW,BE,BE,actual_solar_generation,Solar,2026-06-26T21:06:31Z
2026-06-26T21:06:22Z,2026-06-26T23:06:22+0200,58e86286-12ca-447f-8334-9e4372101f50,2026-05-27T23:00:00Z,2026-05-28T01:00:00+0200,0.0,MW,BE,BE,actual_solar_generation,Solar,2026-06-26T21:06:31Z
2026-06-26T21:06:22Z,2026-06-26T23:06:22+0200,58e86286-12ca-447f-8334-9e4372101f50,2026-05-28T00:00:00Z,2026-05-28T02:00:00+0200,0.0,MW,BE,BE,actual_solar_generation,Solar,2026-06-26T21:06:31Z
2026-06-26T21:06:22Z,2026-06-26T23:06:22+0200,58e86286-12ca-447f-8334-9e4372101f50,2026-05-28T01:00:00Z,2026-05-28T03:00:00+0200,0.0,MW,BE,BE,actual_solar_generation,Solar,2026-06-26T21:06:31Z
2026-06-26T21:06:22Z,2026-06-26T23:06:22+0200,58e86286-12ca-447f-8334-9e4372101f50,2026-05-28T02:00:00Z,2026-05-28T04:00:00+0200,0.0,MW,BE,BE,actual_solar_generation,Solar,2026-06-26T21:06:31Z
2026-06-26T21:06:22Z,2026-06-26T23:06:22+0200,58e86286-12ca-447f-8334-9e4372101f50,2026-05-28T03:00:00Z,2026-05-28T05:00:00+0200,4.12275,MW,BE,BE,actual_solar_generation,Solar,2026-06-26T21:06:31Z
2026-06-26T21:06:22Z,2026-06-26T23:06:22+0200,58e86286-12ca-447f-8334-9e4372101f50,2026-05-28T04:00:00Z,2026-05-28T06:00:00+0200,345.69125,MW,BE,BE,actual_solar_generation,Solar,2026-06-26T21:06:31Z
2026-06-26T21:06:22Z,2026-06-26T23:06:22+0200,58e86286-12ca-447f-8334-9e4372101f50,2026-05-28T05:00:00Z,2026-05-28T07:00:00+0200,1272.11375,MW,BE,BE,actual_solar_generation,Solar,2026-06-26T21:06:31Z
2026-06-26T21:06:22Z,2026-06-26T23:06:22+0200,58e86286-12ca-447f-8334-9e4372101f50,2026-05-28T06:00:00Z,2026-05-28T08:00:00+0200,2683.69925,MW,BE,BE,actual_solar_generation,Solar,2026-06-26T21:06:31Z
2026-06-26T21:06:22Z,2026-06-26T23:06:22+0200,58e86286-12ca-447f-8334-9e4372101f50,2026-05-28T07:00:00Z,2026-05-28T09:00:00+0200,4262.26475,MW,BE,BE,actual_solar_generation,Solar,2026-06-26T21:06:31Z
2026-06-26T21:06:22Z,2026-06-26T23:06:22+0200,58e86286-12ca-447f-8334-9e4372101f50,2026-05-28T08:00:00Z,2026-05-28T10:00:00+0200,5854.16925,MW,BE,BE,actual_solar_generation,Solar,2026-06-26T21:06:31Z
2026-06-26T21:06:22Z,2026-06-26T23:06:22+0200,58e86286-12ca-447f-8334-9e4372101f50,2026-05-28T09:00:00Z,2026-05-28T11:00:00+0200,7126.3885,MW,BE,BE,actual_solar_generation,Solar,2026-06-26T21:06:31Z
2026-06-26T21:06:22Z,2026-06-26T23:06:22+0200,58e86286-12ca-447f-8334-9e4372101f50,2026-05-28T10:00:00Z,2026-05-28T12:00:00+0200,7912.1185,MW,BE,BE,actual_solar_generation,Solar,2026-06-26T21:06:31Z
2026-06-26T21:06:22Z,2026-06-26T23:06:22+0200,58e86286-12ca-447f-8334-9e4372101f50,2026-05-28T11:00:00Z,2026-05-28T13:00:00+0200,8208.154,MW,BE,BE,actual_solar_generation,Solar,2026-06-26T21:06:31Z
2026-06-26T21:06:22Z,2026-06-26T23:06:22+0200,58e86286-12ca-447f-8334-9e4372101f50,2026-05-28T12:00:00Z,2026-05-28T14:00:00+0200,8011.38025,MW,BE,BE,actual_solar_generation,Solar,2026-06-26T21:06:31Z
2026-06-26T21:06:22Z,2026-06-26T23:06:22+0200,58e86286-12ca-447f-8334-9e4372101f50,2026-05-28T13:00:00Z,2026-05-28T15:00:00+0200,7307.1925,MW,BE,BE,actual_solar_generation,Solar,2026-06-26T21:06:31Z
2026-06-26T21:06:22Z,2026-06-26T23:06:22+0200,58e86286-12ca-447f-8334-9e4372101f50,2026-05-28T14:00:00Z,2026-05-28T16:00:00+0200,6141.114,MW,BE,BE,actual_solar_generation,Solar,2026-06-26T21:06:31Z
2026-06-26T21:06:22Z,2026-06-26T23:06:22+0200,58e86286-12ca-447f-8334-9e4372101f50,2026-05-28T15:00:00Z,2026-05-28T17:00:00+0200,4673.527,MW,BE,BE,actual_solar_generation,Solar,2026-06-26T21:06:31Z
2026-06-26T21:06:22Z,2026-06-26T23:06:22+0200,58e86286-12ca-447f-8334-9e4372101f50,2026-05-28T16:00:00Z,2026-05-28T18:00:00+0200,2947.40825,MW,BE,BE,actual_solar_generation,Solar,2026-06-26T21:06:31Z
2026-06-26T21:06:22Z,2026-06-26T23:06:22+0200,58e86286-12ca-447f-8334-9e4372101f50,2026-05-28T17:00:00Z,2026-05-28T19:00:00+0200,1533.29225,MW,BE,BE,actual_solar_generation,Solar,2026-06-26T21:06:31Z
2026-06-26T21:06:22Z,2026-06-26T23:06:22+0200,58e86286-12ca-447f-8334-9e4372101f50,2026-05-28T18:00:00Z,2026-05-28T20:00:00+0200,502.497,MW,BE,BE,actual_solar_generation,Solar,2026-06-26T21:06:31Z
2026-06-26T21:06:22Z,2026-06-26T23:06:22+0200,58e86286-12ca-447f-8334-9e4372101f50,2026-05-28T19:00:00Z,2026-05-28T21:00:00+0200,38.59675,MW,BE,BE,actual_solar_generation,Solar,2026-06-26T21:06:31Z
2026-06-26T21:06:22Z,2026-06-26T23:06:22+0200,58e86286-12ca-447f-8334-9e4372101f50,2026-05-28T20:00:00Z,2026-05-28T22:00:00+0200,0.0,MW,BE,BE,actual_solar_generation,Solar,2026-06-26T21:06:31Z
2026-06-26T21:06:22Z,2026-06-26T23:06:22+0200,58e86286-12ca-447f-8334-9e4372101f50,2026-05-28T21:00:00Z,2026-05-28T23:00:00+0200,0.0,MW,BE,BE,actual_solar_generation,Solar,2026-06-26T21:06:31Z
2026-06-26T21:06:22Z,2026-06-26T23:06:22+0200,58e86286-12ca-447f-8334-9e4372101f50,2026-05-28T22:00:00Z,2026-05-29T00:00:00+0200,0.0,MW,BE,BE,actual_solar_generation,Solar,2026-06-26T21:06:31Z
2026-06-26T21:06:22Z,2026-06-26T23:06:22+0200,58e86286-12ca-447f-8334-9e4372101f50,2026-05-28T23:00:00Z,2026-05-29T01:00:00+0200,0.0,MW,BE,BE,actual_solar_generation,Solar,2026-06-26T21:06:31Z
2026-06-26T21:06:22Z,2026-06-26T23:06:22+0200,58e86286-12ca-447f-8334-9e4372101f50,2026-05-29T00:00:00Z,2026-05-29T02:00:00+0200,0.0,MW,BE,BE,actual_solar_generation,Solar,2026-06-26T21:06:31Z
2026-06-26T21:06:22Z,2026-06-26T23:06:22+0200,58e86286-12ca-447f-8334-9e4372101f50,2026-05-29T01:00:00Z,2026-05-29T03:00:00+0200,0.0,MW,BE,BE,actual_solar_generation,Solar,2026-06-26T21:06:31Z
2026-06-26T21:06:22Z,2026-06-26T23:06:22+0200,58e86286-12ca-447f-8334-9e4372101f50,2026-05-29T02:00:00Z,2026-05-29T04:00:00+0200,0.0,MW,BE,BE,actual_solar_generation,Solar,2026-06-26T21:06:31Z
2026-06-26T21:06:22Z,2026-06-26T23:06:22+0200,58e86286-12ca-447f-8334-9e4372101f50,2026-05-29T03:00:00Z,2026-05-29T05:00:00+0200,9.28675,MW,BE,BE,actual_solar_generation,Solar,2026-06-26T21:06:31Z
2026-06-26T21:06:22Z,2026-06-26T23:06:22+0200,58e86286-12ca-447f-8334-9e4372101f50,2026-05-29T04:00:00Z,2026-05-29T06:00:00+0200,311.487,MW,BE,BE,actual_solar_generation,Solar,2026-06-26T21:06:31Z
2026-06-26T21:06:22Z,2026-06-26T23:06:22+0200,58e86286-12ca-447f-8334-9e4372101f50,2026-05-29T05:00:00Z,2026-05-29T07:00:00+0200,1175.912,MW,BE,BE,actual_solar_generation,Solar,2026-06-26T21:06:31Z
2026-06-26T21:06:22Z,2026-06-26T23:06:22+0200,58e86286-12ca-447f-8334-9e4372101f50,2026-05-29T06:00:00Z,2026-05-29T08:00:00+0200,2309.798,MW,BE,BE,actual_solar_generation,Solar,2026-06-26T21:06:31Z
2026-06-26T21:06:22Z,2026-06-26T23:06:22+0200,58e86286-12ca-447f-8334-9e4372101f50,2026-05-29T07:00:00Z,2026-05-29T09:00:00+0200,3652.6805,MW,BE,BE,actual_solar_generation,Solar,2026-06-26T21:06:31Z
2026-06-26T21:06:22Z,2026-06-26T23:06:22+0200,58e86286-12ca-447f-8334-9e4372101f50,2026-05-29T08:00:00Z,2026-05-29T10:00:00+0200,5304.906,MW,BE,BE,actual_solar_generation,Solar,2026-06-26T21:06:31Z
2026-06-26T21:06:22Z,2026-06-26T23:06:22+0200,58e86286-12ca-447f-8334-9e4372101f50,2026-05-29T09:00:00Z,2026-05-29T11:00:00+0200,6362.2005,MW,BE,BE,actual_solar_generation,Solar,2026-06-26T21:06:31Z
2026-06-26T21:06:22Z,2026-06-26T23:06:22+0200,58e86286-12ca-447f-8334-9e4372101f50,2026-05-29T10:00:00Z,2026-05-29T12:00:00+0200,7073.12425,MW,BE,BE,actual_solar_generation,Solar,2026-06-26T21:06:31Z
2026-06-26T21:06:22Z,2026-06-26T23:06:22+0200,58e86286-12ca-447f-8334-9e4372101f50,2026-05-29T11:00:00Z,2026-05-29T13:00:00+0200,6880.39525,MW,BE,BE,actual_solar_generation,Solar,2026-06-26T21:06:31Z
2026-06-26T21:06:22Z,2026-06-26T23:06:22+0200,58e86286-12ca-447f-8334-9e4372101f50,2026-05-29T12:00:00Z,2026-05-29T14:00:00+0200,6202.75125,MW,BE,BE,actual_solar_generation,Solar,2026-06-26T21:06:31Z
2026-06-26T21:06:22Z,2026-06-26T23:06:22+0200,58e86286-12ca-447f-8334-9e4372101f50,2026-05-29T13:00:00Z,2026-05-29T15:00:00+0200,5096.3015,MW,BE,BE,actual_solar_generation,Solar,2026-06-26T21:06:31Z
2026-06-26T21:06:22Z,2026-06-26T23:06:22+0200,58e86286-12ca-447f-8334-9e4372101f50,2026-05-29T14:00:00Z,2026-05-29T16:00:00+0200,4103.31375,MW,BE,BE,actual_solar_generation,Solar,2026-06-26T21:06:31Z
2026-06-26T21:06:22Z,2026-06-26T23:06:22+0200,58e86286-12ca-447f-8334-9e4372101f50,2026-05-29T15:00:00Z,2026-05-29T17:00:00+0200,2344.38325,MW,BE,BE,actual_solar_generation,Solar,2026-06-26T21:06:31Z
2026-06-26T21:06:22Z,2026-06-26T23:06:22+0200,58e86286-12ca-447f-8334-9e4372101f50,2026-05-29T16:00:00Z,2026-05-29T18:00:00+0200,1603.9,MW,BE,BE,actual_solar_generation,Solar,2026-06-26T21:06:31Z
2026-06-26T21:06:22Z,2026-06-26T23:06:22+0200,58e86286-12ca-447f-8334-9e4372101f50,2026-05-29T17:00:00Z,2026-05-29T19:00:00+0200,1025.03075,MW,BE,BE,actual_solar_generation,Solar,2026-06-26T21:06:31Z
2026-06-26T21:06:22Z,2026-06-26T23:06:22+0200,58e86286-12ca-447f-8334-9e4372101f50,2026-05-29T18:00:00Z,2026-05-29T20:00:00+0200,364.60775,MW,BE,BE,actual_solar_generation,Solar,2026-06-26T21:06:31Z
2026-06-26T21:06:22Z,2026-06-26T23:06:22+0200,58e86286-12ca-447f-8334-9e4372101f50,2026-05-29T19:00:00Z,2026-05-29T21:00:00+0200,40.85725,MW,BE,BE,actual_solar_generation,Solar,2026-06-26T21:06:31Z
2026-06-26T21:06:22Z,2026-06-26T23:06:22+0200,58e86286-12ca-447f-8334-9e4372101f50,2026-05-29T20:00:00Z,2026-05-29T22:00:00+0200,0.0,MW,BE,BE,actual_solar_generation,Solar,2026-06-26T21:06:31Z
2026-06-26T21:06:22Z,2026-06-26T23:06:22+0200,58e86286-12ca-447f-8334-9e4372101f50,2026-05-29T21:00:00Z,2026-05-29T23:00:00+0200,0.0,MW,BE,BE,actual_solar_generation,Solar,2026-06-26T21:06:31Z
2026-06-26T21:06:22Z,2026-06-26T23:06:22+0200,58e86286-12ca-447f-8334-9e4372101f50,2026-05-29T22:00:00Z,2026-05-30T00:00:00+0200,0.0,MW,BE,BE,actual_solar_generation,Solar,2026-06-26T21:06:31Z
2026-06-26T21:06:22Z,2026-06-26T23:06:22+0200,58e86286-12ca-447f-8334-9e4372101f50,2026-05-29T23:00:00Z,2026-05-30T01:00:00+0200,0.0,MW,BE,BE,actual_solar_generation,Solar,2026-06-26T21:06:31Z
2026-06-26T21:06:22Z,2026-06-26T23:06:22+0200,58e86286-12ca-447f-8334-9e4372101f50,2026-05-30T00:00:00Z,2026-05-30T02:00:00+0200,0.0,MW,BE,BE,actual_solar_generation,Solar,2026-06-26T21:06:31Z
2026-06-26T21:06:22Z,2026-06-26T23:06:22+0200,58e86286-12ca-447f-8334-9e4372101f50,2026-05-30T01:00:00Z,2026-05-30T03:00:00+0200,0.0,MW,BE,BE,actual_solar_generation,Solar,2026-06-26T21:06:31Z
2026-06-26T21:06:22Z,2026-06-26T23:06:22+0200,58e86286-12ca-447f-8334-9e4372101f50,2026-05-30T02:00:00Z,2026-05-30T04:00:00+0200,0.0,MW,BE,BE,actual_solar_generation,Solar,2026-06-26T21:06:31Z
2026-06-26T21:06:22Z,2026-06-26T23:06:22+0200,58e86286-12ca-447f-8334-9e4372101f50,2026-05-30T03:00:00Z,2026-05-30T05:00:00+0200,6.9765,MW,BE,BE,actual_solar_generation,Solar,2026-06-26T21:06:31Z
2026-06-26T21:06:22Z,2026-06-26T23:06:22+0200,58e86286-12ca-447f-8334-9e4372101f50,2026-05-30T04:00:00Z,2026-05-30T06:00:00+0200,136.64675,MW,BE,BE,actual_solar_generation,Solar,2026-06-26T21:06:31Z
2026-06-26T21:06:22Z,2026-06-26T23:06:22+0200,58e86286-12ca-447f-8334-9e4372101f50,2026-05-30T05:00:00Z,2026-05-30T07:00:00+0200,501.79225,MW,BE,BE,actual_solar_generation,Solar,2026-06-26T21:06:31Z
2026-06-26T21:06:22Z,2026-06-26T23:06:22+0200,58e86286-12ca-447f-8334-9e4372101f50,2026-05-30T06:00:00Z,2026-05-30T08:00:00+0200,991.32075,MW,BE,BE,actual_solar_generation,Solar,2026-06-26T21:06:31Z
2026-06-26T21:06:22Z,2026-06-26T23:06:22+0200,58e86286-12ca-447f-8334-9e4372101f50,2026-05-30T07:00:00Z,2026-05-30T09:00:00+0200,1988.424,MW,BE,BE,actual_solar_generation,Solar,2026-06-26T21:06:31Z
2026-06-26T21:06:22Z,2026-06-26T23:06:22+0200,58e86286-12ca-447f-8334-9e4372101f50,2026-05-30T08:00:00Z,2026-05-30T10:00:00+0200,3301.883,MW,BE,BE,actual_solar_generation,Solar,2026-06-26T21:06:31Z
2026-06-26T21:06:22Z,2026-06-26T23:06:22+0200,58e86286-12ca-447f-8334-9e4372101f50,2026-05-30T09:00:00Z,2026-05-30T11:00:00+0200,5268.3175,MW,BE,BE,actual_solar_generation,Solar,2026-06-26T21:06:31Z
2026-06-26T21:06:22Z,2026-06-26T23:06:22+0200,58e86286-12ca-447f-8334-9e4372101f50,2026-05-30T10:00:00Z,2026-05-30T12:00:00+0200,6583.0735,MW,BE,BE,actual_solar_generation,Solar,2026-06-26T21:06:31Z
2026-06-26T21:06:22Z,2026-06-26T23:06:22+0200,58e86286-12ca-447f-8334-9e4372101f50,2026-05-30T11:00:00Z,2026-05-30T13:00:00+0200,7191.444,MW,BE,BE,actual_solar_generation,Solar,2026-06-26T21:06:31Z
2026-06-26T21:06:22Z,2026-06-26T23:06:22+0200,58e86286-12ca-447f-8334-9e4372101f50,2026-05-30T12:00:00Z,2026-05-30T14:00:00+0200,6971.969,MW,BE,BE,actual_solar_generation,Solar,2026-06-26T21:06:31Z
2026-06-26T21:06:22Z,2026-06-26T23:06:22+0200,58e86286-12ca-447f-8334-9e4372101f50,2026-05-30T13:00:00Z,2026-05-30T15:00:00+0200,6321.959,MW,BE,BE,actual_solar_generation,Solar,2026-06-26T21:06:31Z
2026-06-26T21:06:22Z,2026-06-26T23:06:22+0200,58e86286-12ca-447f-8334-9e4372101f50,2026-05-30T14:00:00Z,2026-05-30T16:00:00+0200,5189.4995,MW,BE,BE,actual_solar_generation,Solar,2026-06-26T21:06:31Z
2026-06-26T21:06:22Z,2026-06-26T23:06:22+0200,58e86286-12ca-447f-8334-9e4372101f50,2026-05-30T15:00:00Z,2026-05-30T17:00:00+0200,3507.6205,MW,BE,BE,actual_solar_generation,Solar,2026-06-26T21:06:31Z
2026-06-26T21:06:22Z,2026-06-26T23:06:22+0200,58e86286-12ca-447f-8334-9e4372101f50,2026-05-30T16:00:00Z,2026-05-30T18:00:00+0200,2234.43675,MW,BE,BE,actual_solar_generation,Solar,2026-06-26T21:06:31Z
2026-06-26T21:06:22Z,2026-06-26T23:06:22+0200,58e86286-12ca-447f-8334-9e4372101f50,2026-05-30T17:00:00Z,2026-05-30T19:00:00+0200,1012.537,MW,BE,BE,actual_solar_generation,Solar,2026-06-26T21:06:31Z
2026-06-26T21:06:22Z,2026-06-26T23:06:22+0200,58e86286-12ca-447f-8334-9e4372101f50,2026-05-30T18:00:00Z,2026-05-30T20:00:00+0200,508.9715,MW,BE,BE,actual_solar_generation,Solar,2026-06-26T21:06:31Z
2026-06-26T21:06:22Z,2026-06-26T23:06:22+0200,58e86286-12ca-447f-8334-9e4372101f50,2026-05-30T19:00:00Z,2026-05-30T21:00:00+0200,155.38175,MW,BE,BE,actual_solar_generation,Solar,2026-06-26T21:06:31Z
2026-06-26T21:06:22Z,2026-06-26T23:06:22+0200,58e86286-12ca-447f-8334-9e4372101f50,2026-05-30T20:00:00Z,2026-05-30T22:00:00+0200,0.0,MW,BE,BE,actual_solar_generation,Solar,2026-06-26T21:06:31Z
2026-06-26T21:06:22Z,2026-06-26T23:06:22+0200,58e86286-12ca-447f-8334-9e4372101f50,2026-05-30T21:00:00Z,2026-05-30T23:00:00+0200,0.0,MW,BE,BE,actual_solar_generation,Solar,2026-06-26T21:06:31Z
2026-06-26T21:06:22Z,2026-06-26T23:06:22+0200,58e86286-12ca-447f-8334-9e4372101f50,2026-05-30T22:00:00Z,2026-05-31T00:00:00+0200,0.0,MW,BE,BE,actual_solar_generation,Solar,2026-06-26T21:06:31Z
2026-06-26T21:06:22Z,2026-06-26T23:06:22+0200,58e86286-12ca-447f-8334-9e4372101f50,2026-05-30T23:00:00Z,2026-05-31T01:00:00+0200,0.0,MW,BE,BE,actual_solar_generation,Solar,2026-06-26T21:06:31Z
2026-06-26T21:06:22Z,2026-06-26T23:06:22+0200,58e86286-12ca-447f-8334-9e4372101f50,2026-05-31T00:00:00Z,2026-05-31T02:00:00+0200,0.0,MW,BE,BE,actual_solar_generation,Solar,2026-06-26T21:06:31Z
2026-06-26T21:06:22Z,2026-06-26T23:06:22+0200,58e86286-12ca-447f-8334-9e4372101f50,2026-05-31T01:00:00Z,2026-05-31T03:00:00+0200,0.0,MW,BE,BE,actual_solar_generation,Solar,2026-06-26T21:06:31Z
2026-06-26T21:06:22Z,2026-06-26T23:06:22+0200,58e86286-12ca-447f-8334-9e4372101f50,2026-05-31T02:00:00Z,2026-05-31T04:00:00+0200,0.0,MW,BE,BE,actual_solar_generation,Solar,2026-06-26T21:06:31Z
2026-06-26T21:06:22Z,2026-06-26T23:06:22+0200,58e86286-12ca-447f-8334-9e4372101f50,2026-05-31T03:00:00Z,2026-05-31T05:00:00+0200,0.69725,MW,BE,BE,actual_solar_generation,Solar,2026-06-26T21:06:31Z
2026-06-26T21:06:22Z,2026-06-26T23:06:22+0200,58e86286-12ca-447f-8334-9e4372101f50,2026-05-31T04:00:00Z,2026-05-31T06:00:00+0200,329.77775,MW,BE,BE,actual_solar_generation,Solar,2026-06-26T21:06:31Z
2026-06-26T21:06:22Z,2026-06-26T23:06:22+0200,58e86286-12ca-447f-8334-9e4372101f50,2026-05-31T05:00:00Z,2026-05-31T07:00:00+0200,1048.54675,MW,BE,BE,actual_solar_generation,Solar,2026-06-26T21:06:31Z
2026-06-26T21:06:22Z,2026-06-26T23:06:22+0200,58e86286-12ca-447f-8334-9e4372101f50,2026-05-31T06:00:00Z,2026-05-31T08:00:00+0200,2004.76025,MW,BE,BE,actual_solar_generation,Solar,2026-06-26T21:06:31Z
2026-06-26T21:06:22Z,2026-06-26T23:06:22+0200,58e86286-12ca-447f-8334-9e4372101f50,2026-05-31T07:00:00Z,2026-05-31T09:00:00+0200,2936.75275,MW,BE,BE,actual_solar_generation,Solar,2026-06-26T21:06:31Z
2026-06-26T21:06:22Z,2026-06-26T23:06:22+0200,58e86286-12ca-447f-8334-9e4372101f50,2026-05-31T08:00:00Z,2026-05-31T10:00:00+0200,4132.74,MW,BE,BE,actual_solar_generation,Solar,2026-06-26T21:06:31Z
2026-06-26T21:06:22Z,2026-06-26T23:06:22+0200,58e86286-12ca-447f-8334-9e4372101f50,2026-05-31T09:00:00Z,2026-05-31T11:00:00+0200,5119.58875,MW,BE,BE,actual_solar_generation,Solar,2026-06-26T21:06:31Z
2026-06-26T21:06:22Z,2026-06-26T23:06:22+0200,58e86286-12ca-447f-8334-9e4372101f50,2026-05-31T10:00:00Z,2026-05-31T12:00:00+0200,5119.112,MW,BE,BE,actual_solar_generation,Solar,2026-06-26T21:06:31Z
2026-06-26T21:06:22Z,2026-06-26T23:06:22+0200,58e86286-12ca-447f-8334-9e4372101f50,2026-05-31T11:00:00Z,2026-05-31T13:00:00+0200,5050.25275,MW,BE,BE,actual_solar_generation,Solar,2026-06-26T21:06:31Z
2026-06-26T21:06:22Z,2026-06-26T23:06:22+0200,58e86286-12ca-447f-8334-9e4372101f50,2026-05-31T12:00:00Z,2026-05-31T14:00:00+0200,5060.23425,MW,BE,BE,actual_solar_generation,Solar,2026-06-26T21:06:31Z
2026-06-26T21:06:22Z,2026-06-26T23:06:22+0200,58e86286-12ca-447f-8334-9e4372101f50,2026-05-31T13:00:00Z,2026-05-31T15:00:00+0200,4620.43125,MW,BE,BE,actual_solar_generation,Solar,2026-06-26T21:06:31Z
2026-06-26T21:06:22Z,2026-06-26T23:06:22+0200,58e86286-12ca-447f-8334-9e4372101f50,2026-05-31T14:00:00Z,2026-05-31T16:00:00+0200,3660.29375,MW,BE,BE,actual_solar_generation,Solar,2026-06-26T21:06:31Z
2026-06-26T21:06:22Z,2026-06-26T23:06:22+0200,58e86286-12ca-447f-8334-9e4372101f50,2026-05-31T15:00:00Z,2026-05-31T17:00:00+0200,3351.42375,MW,BE,BE,actual_solar_generation,Solar,2026-06-26T21:06:31Z
2026-06-26T21:06:22Z,2026-06-26T23:06:22+0200,58e86286-12ca-447f-8334-9e4372101f50,2026-05-31T16:00:00Z,2026-05-31T18:00:00+0200,2417.915,MW,BE,BE,actual_solar_generation,Solar,2026-06-26T21:06:31Z
2026-06-26T21:06:22Z,2026-06-26T23:06:22+0200,58e86286-12ca-447f-8334-9e4372101f50,2026-05-31T17:00:00Z,2026-05-31T19:00:00+0200,1321.5715,MW,BE,BE,actual_solar_generation,Solar,2026-06-26T21:06:31Z
2026-06-26T21:06:22Z,2026-06-26T23:06:22+0200,58e86286-12ca-447f-8334-9e4372101f50,2026-05-31T18:00:00Z,2026-05-31T20:00:00+0200,516.1265,MW,BE,BE,actual_solar_generation,Solar,2026-06-26T21:06:31Z
2026-06-26T21:06:22Z,2026-06-26T23:06:22+0200,58e86286-12ca-447f-8334-9e4372101f50,2026-05-31T19:00:00Z,2026-05-31T21:00:00+0200,50.71,MW,BE,BE,actual_solar_generation,Solar,2026-06-26T21:06:31Z
2026-06-26T21:06:22Z,2026-06-26T23:06:22+0200,58e86286-12ca-447f-8334-9e4372101f50,2026-05-31T20:00:00Z,2026-05-31T22:00:00+0200,0.00725,MW,BE,BE,actual_solar_generation,Solar,2026-06-26T21:06:31Z
2026-06-26T21:06:22Z,2026-06-26T23:06:22+0200,58e86286-12ca-447f-8334-9e4372101f50,2026-05-31T21:00:00Z,2026-05-31T23:00:00+0200,0.0,MW,BE,BE,actual_solar_generation,Solar,2026-06-26T21:06:31Z
2026-06-26T21:06:22Z,2026-06-26T23:06:22+0200,58e86286-12ca-447f-8334-9e4372101f50,2026-05-31T22:00:00Z,2026-06-01T00:00:00+0200,0.0,MW,BE,BE,actual_solar_generation,Solar,2026-06-26T21:06:31Z
2026-06-26T21:06:22Z,2026-06-26T23:06:22+0200,58e86286-12ca-447f-8334-9e4372101f50,2026-05-31T23:00:00Z,2026-06-01T01:00:00+0200,0.0,MW,BE,BE,actual_solar_generation,Solar,2026-06-26T21:06:31Z
2026-06-26T21:06:22Z,2026-06-26T23:06:22+0200,58e86286-12ca-447f-8334-9e4372101f50,2026-06-01T00:00:00Z,2026-06-01T02:00:00+0200,0.0,MW,BE,BE,actual_solar_generation,Solar,2026-06-26T21:06:31Z
2026-06-26T21:06:22Z,2026-06-26T23:06:22+0200,58e86286-12ca-447f-8334-9e4372101f50,2026-06-01T01:00:00Z,2026-06-01T03:00:00+0200,0.0,MW,BE,BE,actual_solar_generation,Solar,2026-06-26T21:06:31Z
2026-06-26T21:06:22Z,2026-06-26T23:06:22+0200,58e86286-12ca-447f-8334-9e4372101f50,2026-06-01T02:00:00Z,2026-06-01T04:00:00+0200,0.0,MW,BE,BE,actual_solar_generation,Solar,2026-06-26T21:06:31Z
2026-06-26T21:06:22Z,2026-06-26T23:06:22+0200,58e86286-12ca-447f-8334-9e4372101f50,2026-06-01T03:00:00Z,2026-06-01T05:00:00+0200,6.95725,MW,BE,BE,actual_solar_generation,Solar,2026-06-26T21:06:31Z
2026-06-26T21:06:22Z,2026-06-26T23:06:22+0200,58e86286-12ca-447f-8334-9e4372101f50,2026-06-01T04:00:00Z,2026-06-01T06:00:00+0200,411.106,MW,BE,BE,actual_solar_generation,Solar,2026-06-26T21:06:31Z
2026-06-26T21:06:22Z,2026-06-26T23:06:22+0200,58e86286-12ca-447f-8334-9e4372101f50,2026-06-01T05:00:00Z,2026-06-01T07:00:00+0200,1338.219,MW,BE,BE,actual_solar_generation,Solar,2026-06-26T21:06:31Z
2026-06-26T21:06:22Z,2026-06-26T23:06:22+0200,58e86286-12ca-447f-8334-9e4372101f50,2026-06-01T06:00:00Z,2026-06-01T08:00:00+0200,2691.04075,MW,BE,BE,actual_solar_generation,Solar,2026-06-26T21:06:31Z
2026-06-26T21:06:22Z,2026-06-26T23:06:22+0200,58e86286-12ca-447f-8334-9e4372101f50,2026-06-01T07:00:00Z,2026-06-01T09:00:00+0200,4057.9415,MW,BE,BE,actual_solar_generation,Solar,2026-06-26T21:06:31Z
2026-06-26T21:06:22Z,2026-06-26T23:06:22+0200,58e86286-12ca-447f-8334-9e4372101f50,2026-06-01T08:00:00Z,2026-06-01T10:00:00+0200,5341.98275,MW,BE,BE,actual_solar_generation,Solar,2026-06-26T21:06:31Z
2026-06-26T21:06:22Z,2026-06-26T23:06:22+0200,58e86286-12ca-447f-8334-9e4372101f50,2026-06-01T09:00:00Z,2026-06-01T11:00:00+0200,6329.9855,MW,BE,BE,actual_solar_generation,Solar,2026-06-26T21:06:31Z
2026-06-26T21:06:22Z,2026-06-26T23:06:22+0200,58e86286-12ca-447f-8334-9e4372101f50,2026-06-01T10:00:00Z,2026-06-01T12:00:00+0200,6466.9275,MW,BE,BE,actual_solar_generation,Solar,2026-06-26T21:06:31Z
2026-06-26T21:06:22Z,2026-06-26T23:06:22+0200,58e86286-12ca-447f-8334-9e4372101f50,2026-06-01T11:00:00Z,2026-06-01T13:00:00+0200,6269.09575,MW,BE,BE,actual_solar_generation,Solar,2026-06-26T21:06:31Z
2026-06-26T21:06:22Z,2026-06-26T23:06:22+0200,58e86286-12ca-447f-8334-9e4372101f50,2026-06-01T12:00:00Z,2026-06-01T14:00:00+0200,6078.521,MW,BE,BE,actual_solar_generation,Solar,2026-06-26T21:06:31Z
2026-06-26T21:06:22Z,2026-06-26T23:06:22+0200,58e86286-12ca-447f-8334-9e4372101f50,2026-06-01T13:00:00Z,2026-06-01T15:00:00+0200,5501.83925,MW,BE,BE,actual_solar_generation,Solar,2026-06-26T21:06:31Z
2026-06-26T21:06:22Z,2026-06-26T23:06:22+0200,58e86286-12ca-447f-8334-9e4372101f50,2026-06-01T14:00:00Z,2026-06-01T16:00:00+0200,4900.3965,MW,BE,BE,actual_solar_generation,Solar,2026-06-26T21:06:31Z
2026-06-26T21:06:22Z,2026-06-26T23:06:22+0200,58e86286-12ca-447f-8334-9e4372101f50,2026-06-01T15:00:00Z,2026-06-01T17:00:00+0200,3856.13925,MW,BE,BE,actual_solar_generation,Solar,2026-06-26T21:06:31Z
2026-06-26T21:06:22Z,2026-06-26T23:06:22+0200,58e86286-12ca-447f-8334-9e4372101f50,2026-06-01T16:00:00Z,2026-06-01T18:00:00+0200,2487.25275,MW,BE,BE,actual_solar_generation,Solar,2026-06-26T21:06:31Z
2026-06-26T21:06:22Z,2026-06-26T23:06:22+0200,58e86286-12ca-447f-8334-9e4372101f50,2026-06-01T17:00:00Z,2026-06-01T19:00:00+0200,1369.08,MW,BE,BE,actual_solar_generation,Solar,2026-06-26T21:06:31Z
2026-06-26T21:06:22Z,2026-06-26T23:06:22+0200,58e86286-12ca-447f-8334-9e4372101f50,2026-06-01T18:00:00Z,2026-06-01T20:00:00+0200,524.1935,MW,BE,BE,actual_solar_generation,Solar,2026-06-26T21:06:31Z
2026-06-26T21:06:22Z,2026-06-26T23:06:22+0200,58e86286-12ca-447f-8334-9e4372101f50,2026-06-01T19:00:00Z,2026-06-01T21:00:00+0200,50.0665,MW,BE,BE,actual_solar_generation,Solar,2026-06-26T21:06:31Z
2026-06-26T21:06:22Z,2026-06-26T23:06:22+0200,58e86286-12ca-447f-8334-9e4372101f50,2026-06-01T20:00:00Z,2026-06-01T22:00:00+0200,0.0,MW,BE,BE,actual_solar_generation,Solar,2026-06-26T21:06:31Z
2026-06-26T21:06:22Z,2026-06-26T23:06:22+0200,58e86286-12ca-447f-8334-9e4372101f50,2026-06-01T21:00:00Z,2026-06-01T23:00:00+0200,0.0,MW,BE,BE,actual_solar_generation,Solar,2026-06-26T21:06:31Z
2026-06-26T21:06:22Z,2026-06-26T23:06:22+0200,58e86286-12ca-447f-8334-9e4372101f50,2026-06-01T22:00:00Z,2026-06-02T00:00:00+0200,0.0,MW,BE,BE,actual_solar_generation,Solar,2026-06-26T21:06:31Z
2026-06-26T21:06:22Z,2026-06-26T23:06:22+0200,58e86286-12ca-447f-8334-9e4372101f50,2026-06-01T23:00:00Z,2026-06-02T01:00:00+0200,0.0,MW,BE,BE,actual_solar_generation,Solar,2026-06-26T21:06:31Z
2026-06-26T21:06:22Z,2026-06-26T23:06:22+0200,58e86286-12ca-447f-8334-9e4372101f50,2026-06-02T00:00:00Z,2026-06-02T02:00:00+0200,0.0,MW,BE,BE,actual_solar_generation,Solar,2026-06-26T21:06:31Z
2026-06-26T21:06:22Z,2026-06-26T23:06:22+0200,58e86286-12ca-447f-8334-9e4372101f50,2026-06-02T01:00:00Z,2026-06-02T03:00:00+0200,0.0,MW,BE,BE,actual_solar_generation,Solar,2026-06-26T21:06:31Z
2026-06-26T21:06:22Z,2026-06-26T23:06:22+0200,58e86286-12ca-447f-8334-9e4372101f50,2026-06-02T02:00:00Z,2026-06-02T04:00:00+0200,0.0,MW,BE,BE,actual_solar_generation,Solar,2026-06-26T21:06:31Z
2026-06-26T21:06:22Z,2026-06-26T23:06:22+0200,58e86286-12ca-447f-8334-9e4372101f50,2026-06-02T03:00:00Z,2026-06-02T05:00:00+0200,3.00975,MW,BE,BE,actual_solar_generation,Solar,2026-06-26T21:06:31Z
2026-06-26T21:06:22Z,2026-06-26T23:06:22+0200,58e86286-12ca-447f-8334-9e4372101f50,2026-06-02T04:00:00Z,2026-06-02T06:00:00+0200,180.0575,MW,BE,BE,actual_solar_generation,Solar,2026-06-26T21:06:31Z
2026-06-26T21:06:22Z,2026-06-26T23:06:22+0200,58e86286-12ca-447f-8334-9e4372101f50,2026-06-02T05:00:00Z,2026-06-02T07:00:00+0200,540.905,MW,BE,BE,actual_solar_generation,Solar,2026-06-26T21:06:31Z
2026-06-26T21:06:22Z,2026-06-26T23:06:22+0200,58e86286-12ca-447f-8334-9e4372101f50,2026-06-02T06:00:00Z,2026-06-02T08:00:00+0200,955.1135,MW,BE,BE,actual_solar_generation,Solar,2026-06-26T21:06:31Z
2026-06-26T21:06:22Z,2026-06-26T23:06:22+0200,58e86286-12ca-447f-8334-9e4372101f50,2026-06-02T07:00:00Z,2026-06-02T09:00:00+0200,1337.98325,MW,BE,BE,actual_solar_generation,Solar,2026-06-26T21:06:31Z
2026-06-26T21:06:22Z,2026-06-26T23:06:22+0200,58e86286-12ca-447f-8334-9e4372101f50,2026-06-02T08:00:00Z,2026-06-02T10:00:00+0200,2341.64725,MW,BE,BE,actual_solar_generation,Solar,2026-06-26T21:06:31Z
2026-06-26T21:06:22Z,2026-06-26T23:06:22+0200,58e86286-12ca-447f-8334-9e4372101f50,2026-06-02T09:00:00Z,2026-06-02T11:00:00+0200,3856.522,MW,BE,BE,actual_solar_generation,Solar,2026-06-26T21:06:31Z
2026-06-26T21:06:22Z,2026-06-26T23:06:22+0200,58e86286-12ca-447f-8334-9e4372101f50,2026-06-02T10:00:00Z,2026-06-02T12:00:00+0200,3479.6745,MW,BE,BE,actual_solar_generation,Solar,2026-06-26T21:06:31Z
2026-06-26T21:06:22Z,2026-06-26T23:06:22+0200,58e86286-12ca-447f-8334-9e4372101f50,2026-06-02T11:00:00Z,2026-06-02T13:00:00+0200,2517.67625,MW,BE,BE,actual_solar_generation,Solar,2026-06-26T21:06:31Z
2026-06-26T21:06:22Z,2026-06-26T23:06:22+0200,58e86286-12ca-447f-8334-9e4372101f50,2026-06-02T12:00:00Z,2026-06-02T14:00:00+0200,2695.482,MW,BE,BE,actual_solar_generation,Solar,2026-06-26T21:06:31Z
2026-06-26T21:06:22Z,2026-06-26T23:06:22+0200,58e86286-12ca-447f-8334-9e4372101f50,2026-06-02T13:00:00Z,2026-06-02T15:00:00+0200,4361.28575,MW,BE,BE,actual_solar_generation,Solar,2026-06-26T21:06:31Z
2026-06-26T21:06:22Z,2026-06-26T23:06:22+0200,58e86286-12ca-447f-8334-9e4372101f50,2026-06-02T14:00:00Z,2026-06-02T16:00:00+0200,3530.77425,MW,BE,BE,actual_solar_generation,Solar,2026-06-26T21:06:31Z
2026-06-26T21:06:22Z,2026-06-26T23:06:22+0200,58e86286-12ca-447f-8334-9e4372101f50,2026-06-02T15:00:00Z,2026-06-02T17:00:00+0200,1853.6005,MW,BE,BE,actual_solar_generation,Solar,2026-06-26T21:06:31Z
2026-06-26T21:06:22Z,2026-06-26T23:06:22+0200,58e86286-12ca-447f-8334-9e4372101f50,2026-06-02T16:00:00Z,2026-06-02T18:00:00+0200,1598.8625,MW,BE,BE,actual_solar_generation,Solar,2026-06-26T21:06:31Z
2026-06-26T21:06:22Z,2026-06-26T23:06:22+0200,58e86286-12ca-447f-8334-9e4372101f50,2026-06-02T17:00:00Z,2026-06-02T19:00:00+0200,1391.23,MW,BE,BE,actual_solar_generation,Solar,2026-06-26T21:06:31Z
2026-06-26T21:06:22Z,2026-06-26T23:06:22+0200,58e86286-12ca-447f-8334-9e4372101f50,2026-06-02T18:00:00Z,2026-06-02T20:00:00+0200,656.91325,MW,BE,BE,actual_solar_generation,Solar,2026-06-26T21:06:31Z
2026-06-26T21:06:22Z,2026-06-26T23:06:22+0200,58e86286-12ca-447f-8334-9e4372101f50,2026-06-02T19:00:00Z,2026-06-02T21:00:00+0200,86.0125,MW,BE,BE,actual_solar_generation,Solar,2026-06-26T21:06:31Z
2026-06-26T21:06:22Z,2026-06-26T23:06:22+0200,58e86286-12ca-447f-8334-9e4372101f50,2026-06-02T20:00:00Z,2026-06-02T22:00:00+0200,0.00025,MW,BE,BE,actual_solar_generation,Solar,2026-06-26T21:06:31Z
2026-06-26T21:06:22Z,2026-06-26T23:06:22+0200,58e86286-12ca-447f-8334-9e4372101f50,2026-06-02T21:00:00Z,2026-06-02T23:00:00+0200,0.0,MW,BE,BE,actual_solar_generation,Solar,2026-06-26T21:06:31Z
2026-06-26T21:06:22Z,2026-06-26T23:06:22+0200,58e86286-12ca-447f-8334-9e4372101f50,2026-06-02T22:00:00Z,2026-06-03T00:00:00+0200,0.0,MW,BE,BE,actual_solar_generation,Solar,2026-06-26T21:06:31Z
2026-06-26T21:06:22Z,2026-06-26T23:06:22+0200,58e86286-12ca-447f-8334-9e4372101f50,2026-06-02T23:00:00Z,2026-06-03T01:00:00+0200,0.0,MW,BE,BE,actual_solar_generation,Solar,2026-06-26T21:06:31Z
2026-06-26T21:06:22Z,2026-06-26T23:06:22+0200,58e86286-12ca-447f-8334-9e4372101f50,2026-06-03T00:00:00Z,2026-06-03T02:00:00+0200,0.0,MW,BE,BE,actual_solar_generation,Solar,2026-06-26T21:06:31Z
2026-06-26T21:06:22Z,2026-06-26T23:06:22+0200,58e86286-12ca-447f-8334-9e4372101f50,2026-06-03T01:00:00Z,2026-06-03T03:00:00+0200,0.0,MW,BE,BE,actual_solar_generation,Solar,2026-06-26T21:06:31Z
2026-06-26T21:06:22Z,2026-06-26T23:06:22+0200,58e86286-12ca-447f-8334-9e4372101f50,2026-06-03T02:00:00Z,2026-06-03T04:00:00+0200,0.0,MW,BE,BE,actual_solar_generation,Solar,2026-06-26T21:06:31Z
2026-06-26T21:06:22Z,2026-06-26T23:06:22+0200,58e86286-12ca-447f-8334-9e4372101f50,2026-06-03T03:00:00Z,2026-06-03T05:00:00+0200,12.38975,MW,BE,BE,actual_solar_generation,Solar,2026-06-26T21:06:31Z
2026-06-26T21:06:22Z,2026-06-26T23:06:22+0200,58e86286-12ca-447f-8334-9e4372101f50,2026-06-03T04:00:00Z,2026-06-03T06:00:00+0200,139.518,MW,BE,BE,actual_solar_generation,Solar,2026-06-26T21:06:31Z
2026-06-26T21:06:22Z,2026-06-26T23:06:22+0200,58e86286-12ca-447f-8334-9e4372101f50,2026-06-03T05:00:00Z,2026-06-03T07:00:00+0200,448.801,MW,BE,BE,actual_solar_generation,Solar,2026-06-26T21:06:31Z
2026-06-26T21:06:22Z,2026-06-26T23:06:22+0200,58e86286-12ca-447f-8334-9e4372101f50,2026-06-03T06:00:00Z,2026-06-03T08:00:00+0200,994.971,MW,BE,BE,actual_solar_generation,Solar,2026-06-26T21:06:31Z
2026-06-26T21:06:22Z,2026-06-26T23:06:22+0200,58e86286-12ca-447f-8334-9e4372101f50,2026-06-03T07:00:00Z,2026-06-03T09:00:00+0200,1965.1235,MW,BE,BE,actual_solar_generation,Solar,2026-06-26T21:06:31Z
2026-06-26T21:06:22Z,2026-06-26T23:06:22+0200,58e86286-12ca-447f-8334-9e4372101f50,2026-06-03T08:00:00Z,2026-06-03T10:00:00+0200,3203.08625,MW,BE,BE,actual_solar_generation,Solar,2026-06-26T21:06:31Z
2026-06-26T21:06:22Z,2026-06-26T23:06:22+0200,58e86286-12ca-447f-8334-9e4372101f50,2026-06-03T09:00:00Z,2026-06-03T11:00:00+0200,4209.2075,MW,BE,BE,actual_solar_generation,Solar,2026-06-26T21:06:31Z
2026-06-26T21:06:22Z,2026-06-26T23:06:22+0200,58e86286-12ca-447f-8334-9e4372101f50,2026-06-03T10:00:00Z,2026-06-03T12:00:00+0200,4465.591,MW,BE,BE,actual_solar_generation,Solar,2026-06-26T21:06:31Z
2026-06-26T21:06:22Z,2026-06-26T23:06:22+0200,58e86286-12ca-447f-8334-9e4372101f50,2026-06-03T11:00:00Z,2026-06-03T13:00:00+0200,4583.59025,MW,BE,BE,actual_solar_generation,Solar,2026-06-26T21:06:31Z
2026-06-26T21:06:22Z,2026-06-26T23:06:22+0200,58e86286-12ca-447f-8334-9e4372101f50,2026-06-03T12:00:00Z,2026-06-03T14:00:00+0200,4719.6895,MW,BE,BE,actual_solar_generation,Solar,2026-06-26T21:06:31Z
2026-06-26T21:06:22Z,2026-06-26T23:06:22+0200,58e86286-12ca-447f-8334-9e4372101f50,2026-06-03T13:00:00Z,2026-06-03T15:00:00+0200,3306.31425,MW,BE,BE,actual_solar_generation,Solar,2026-06-26T21:06:31Z
2026-06-26T21:06:22Z,2026-06-26T23:06:22+0200,58e86286-12ca-447f-8334-9e4372101f50,2026-06-03T14:00:00Z,2026-06-03T16:00:00+0200,1906.9395,MW,BE,BE,actual_solar_generation,Solar,2026-06-26T21:06:31Z
2026-06-26T21:06:22Z,2026-06-26T23:06:22+0200,58e86286-12ca-447f-8334-9e4372101f50,2026-06-03T15:00:00Z,2026-06-03T17:00:00+0200,1088.72125,MW,BE,BE,actual_solar_generation,Solar,2026-06-26T21:06:31Z
2026-06-26T21:06:22Z,2026-06-26T23:06:22+0200,58e86286-12ca-447f-8334-9e4372101f50,2026-06-03T16:00:00Z,2026-06-03T18:00:00+0200,776.92025,MW,BE,BE,actual_solar_generation,Solar,2026-06-26T21:06:31Z
2026-06-26T21:06:22Z,2026-06-26T23:06:22+0200,58e86286-12ca-447f-8334-9e4372101f50,2026-06-03T17:00:00Z,2026-06-03T19:00:00+0200,438.272,MW,BE,BE,actual_solar_generation,Solar,2026-06-26T21:06:31Z
2026-06-26T21:06:22Z,2026-06-26T23:06:22+0200,58e86286-12ca-447f-8334-9e4372101f50,2026-06-03T18:00:00Z,2026-06-03T20:00:00+0200,171.96,MW,BE,BE,actual_solar_generation,Solar,2026-06-26T21:06:31Z
2026-06-26T21:06:22Z,2026-06-26T23:06:22+0200,58e86286-12ca-447f-8334-9e4372101f50,2026-06-03T19:00:00Z,2026-06-03T21:00:00+0200,17.334,MW,BE,BE,actual_solar_generation,Solar,2026-06-26T21:06:31Z
2026-06-26T21:06:22Z,2026-06-26T23:06:22+0200,58e86286-12ca-447f-8334-9e4372101f50,2026-06-03T20:00:00Z,2026-06-03T22:00:00+0200,0.01325,MW,BE,BE,actual_solar_generation,Solar,2026-06-26T21:06:31Z
2026-06-26T21:06:22Z,2026-06-26T23:06:22+0200,58e86286-12ca-447f-8334-9e4372101f50,2026-06-03T21:00:00Z,2026-06-03T23:00:00+0200,0.0,MW,BE,BE,actual_solar_generation,Solar,2026-06-26T21:06:31Z
2026-06-26T21:06:22Z,2026-06-26T23:06:22+0200,58e86286-12ca-447f-8334-9e4372101f50,2026-06-03T22:00:00Z,2026-06-04T00:00:00+0200,0.0,MW,BE,BE,actual_solar_generation,Solar,2026-06-26T21:06:31Z
2026-06-26T21:06:22Z,2026-06-26T23:06:22+0200,58e86286-12ca-447f-8334-9e4372101f50,2026-06-03T23:00:00Z,2026-06-04T01:00:00+0200,0.0,MW,BE,BE,actual_solar_generation,Solar,2026-06-26T21:06:31Z
2026-06-26T21:06:22Z,2026-06-26T23:06:22+0200,58e86286-12ca-447f-8334-9e4372101f50,2026-06-04T00:00:00Z,2026-06-04T02:00:00+0200,0.0,MW,BE,BE,actual_solar_generation,Solar,2026-06-26T21:06:31Z
2026-06-26T21:06:22Z,2026-06-26T23:06:22+0200,58e86286-12ca-447f-8334-9e4372101f50,2026-06-04T01:00:00Z,2026-06-04T03:00:00+0200,0.0,MW,BE,BE,actual_solar_generation,Solar,2026-06-26T21:06:31Z
2026-06-26T21:06:22Z,2026-06-26T23:06:22+0200,58e86286-12ca-447f-8334-9e4372101f50,2026-06-04T02:00:00Z,2026-06-04T04:00:00+0200,0.0,MW,BE,BE,actual_solar_generation,Solar,2026-06-26T21:06:31Z
2026-06-26T21:06:22Z,2026-06-26T23:06:22+0200,58e86286-12ca-447f-8334-9e4372101f50,2026-06-04T03:00:00Z,2026-06-04T05:00:00+0200,0.71775,MW,BE,BE,actual_solar_generation,Solar,2026-06-26T21:06:31Z
2026-06-26T21:06:22Z,2026-06-26T23:06:22+0200,58e86286-12ca-447f-8334-9e4372101f50,2026-06-04T04:00:00Z,2026-06-04T06:00:00+0200,148.2525,MW,BE,BE,actual_solar_generation,Solar,2026-06-26T21:06:31Z
2026-06-26T21:06:22Z,2026-06-26T23:06:22+0200,58e86286-12ca-447f-8334-9e4372101f50,2026-06-04T05:00:00Z,2026-06-04T07:00:00+0200,552.5925,MW,BE,BE,actual_solar_generation,Solar,2026-06-26T21:06:31Z
2026-06-26T21:06:22Z,2026-06-26T23:06:22+0200,58e86286-12ca-447f-8334-9e4372101f50,2026-06-04T06:00:00Z,2026-06-04T08:00:00+0200,989.5775,MW,BE,BE,actual_solar_generation,Solar,2026-06-26T21:06:31Z
2026-06-26T21:06:22Z,2026-06-26T23:06:22+0200,58e86286-12ca-447f-8334-9e4372101f50,2026-06-04T07:00:00Z,2026-06-04T09:00:00+0200,1488.12775,MW,BE,BE,actual_solar_generation,Solar,2026-06-26T21:06:31Z
2026-06-26T21:06:22Z,2026-06-26T23:06:22+0200,58e86286-12ca-447f-8334-9e4372101f50,2026-06-04T08:00:00Z,2026-06-04T10:00:00+0200,1864.728,MW,BE,BE,actual_solar_generation,Solar,2026-06-26T21:06:31Z
2026-06-26T21:06:22Z,2026-06-26T23:06:22+0200,58e86286-12ca-447f-8334-9e4372101f50,2026-06-04T09:00:00Z,2026-06-04T11:00:00+0200,3202.975,MW,BE,BE,actual_solar_generation,Solar,2026-06-26T21:06:31Z
2026-06-26T21:06:22Z,2026-06-26T23:06:22+0200,58e86286-12ca-447f-8334-9e4372101f50,2026-06-04T10:00:00Z,2026-06-04T12:00:00+0200,3524.9765,MW,BE,BE,actual_solar_generation,Solar,2026-06-26T21:06:31Z
2026-06-26T21:06:22Z,2026-06-26T23:06:22+0200,58e86286-12ca-447f-8334-9e4372101f50,2026-06-04T11:00:00Z,2026-06-04T13:00:00+0200,3956.5885,MW,BE,BE,actual_solar_generation,Solar,2026-06-26T21:06:31Z
2026-06-26T21:06:22Z,2026-06-26T23:06:22+0200,58e86286-12ca-447f-8334-9e4372101f50,2026-06-04T12:00:00Z,2026-06-04T14:00:00+0200,4766.36275,MW,BE,BE,actual_solar_generation,Solar,2026-06-26T21:06:31Z
2026-06-26T21:06:22Z,2026-06-26T23:06:22+0200,58e86286-12ca-447f-8334-9e4372101f50,2026-06-04T13:00:00Z,2026-06-04T15:00:00+0200,4912.8335,MW,BE,BE,actual_solar_generation,Solar,2026-06-26T21:06:31Z
2026-06-26T21:06:22Z,2026-06-26T23:06:22+0200,58e86286-12ca-447f-8334-9e4372101f50,2026-06-04T14:00:00Z,2026-06-04T16:00:00+0200,4521.0905,MW,BE,BE,actual_solar_generation,Solar,2026-06-26T21:06:31Z
2026-06-26T21:06:22Z,2026-06-26T23:06:22+0200,58e86286-12ca-447f-8334-9e4372101f50,2026-06-04T15:00:00Z,2026-06-04T17:00:00+0200,3812.8135,MW,BE,BE,actual_solar_generation,Solar,2026-06-26T21:06:31Z
2026-06-26T21:06:22Z,2026-06-26T23:06:22+0200,58e86286-12ca-447f-8334-9e4372101f50,2026-06-04T16:00:00Z,2026-06-04T18:00:00+0200,2689.24075,MW,BE,BE,actual_solar_generation,Solar,2026-06-26T21:06:31Z
2026-06-26T21:06:22Z,2026-06-26T23:06:22+0200,58e86286-12ca-447f-8334-9e4372101f50,2026-06-04T17:00:00Z,2026-06-04T19:00:00+0200,1450.8205,MW,BE,BE,actual_solar_generation,Solar,2026-06-26T21:06:31Z
2026-06-26T21:06:22Z,2026-06-26T23:06:22+0200,58e86286-12ca-447f-8334-9e4372101f50,2026-06-04T18:00:00Z,2026-06-04T20:00:00+0200,523.2185,MW,BE,BE,actual_solar_generation,Solar,2026-06-26T21:06:31Z
2026-06-26T21:06:22Z,2026-06-26T23:06:22+0200,58e86286-12ca-447f-8334-9e4372101f50,2026-06-04T19:00:00Z,2026-06-04T21:00:00+0200,39.73625,MW,BE,BE,actual_solar_generation,Solar,2026-06-26T21:06:31Z
2026-06-26T21:06:22Z,2026-06-26T23:06:22+0200,58e86286-12ca-447f-8334-9e4372101f50,2026-06-04T20:00:00Z,2026-06-04T22:00:00+0200,0.0,MW,BE,BE,actual_solar_generation,Solar,2026-06-26T21:06:31Z
2026-06-26T21:06:22Z,2026-06-26T23:06:22+0200,58e86286-12ca-447f-8334-9e4372101f50,2026-06-04T21:00:00Z,2026-06-04T23:00:00+0200,0.0,MW,BE,BE,actual_solar_generation,Solar,2026-06-26T21:06:31Z
2026-06-26T21:06:22Z,2026-06-26T23:06:22+0200,58e86286-12ca-447f-8334-9e4372101f50,2026-06-04T22:00:00Z,2026-06-05T00:00:00+0200,0.0,MW,BE,BE,actual_solar_generation,Solar,2026-06-26T21:06:31Z
2026-06-26T21:06:22Z,2026-06-26T23:06:22+0200,58e86286-12ca-447f-8334-9e4372101f50,2026-06-04T23:00:00Z,2026-06-05T01:00:00+0200,0.0,MW,BE,BE,actual_solar_generation,Solar,2026-06-26T21:06:31Z
2026-06-26T21:06:22Z,2026-06-26T23:06:22+0200,58e86286-12ca-447f-8334-9e4372101f50,2026-06-05T00:00:00Z,2026-06-05T02:00:00+0200,0.0,MW,BE,BE,actual_solar_generation,Solar,2026-06-26T21:06:31Z
2026-06-26T21:06:22Z,2026-06-26T23:06:22+0200,58e86286-12ca-447f-8334-9e4372101f50,2026-06-05T01:00:00Z,2026-06-05T03:00:00+0200,0.0,MW,BE,BE,actual_solar_generation,Solar,2026-06-26T21:06:31Z
2026-06-26T21:06:22Z,2026-06-26T23:06:22+0200,58e86286-12ca-447f-8334-9e4372101f50,2026-06-05T02:00:00Z,2026-06-05T04:00:00+0200,0.0,MW,BE,BE,actual_solar_generation,Solar,2026-06-26T21:06:31Z
2026-06-26T21:06:22Z,2026-06-26T23:06:22+0200,58e86286-12ca-447f-8334-9e4372101f50,2026-06-05T03:00:00Z,2026-06-05T05:00:00+0200,2.3375,MW,BE,BE,actual_solar_generation,Solar,2026-06-26T21:06:31Z
2026-06-26T21:06:22Z,2026-06-26T23:06:22+0200,58e86286-12ca-447f-8334-9e4372101f50,2026-06-05T04:00:00Z,2026-06-05T06:00:00+0200,225.0395,MW,BE,BE,actual_solar_generation,Solar,2026-06-26T21:06:31Z
2026-06-26T21:06:22Z,2026-06-26T23:06:22+0200,58e86286-12ca-447f-8334-9e4372101f50,2026-06-05T05:00:00Z,2026-06-05T07:00:00+0200,792.2805,MW,BE,BE,actual_solar_generation,Solar,2026-06-26T21:06:31Z
2026-06-26T21:06:22Z,2026-06-26T23:06:22+0200,58e86286-12ca-447f-8334-9e4372101f50,2026-06-05T06:00:00Z,2026-06-05T08:00:00+0200,1568.05025,MW,BE,BE,actual_solar_generation,Solar,2026-06-26T21:06:31Z
2026-06-26T21:06:22Z,2026-06-26T23:06:22+0200,58e86286-12ca-447f-8334-9e4372101f50,2026-06-05T07:00:00Z,2026-06-05T09:00:00+0200,2557.3425,MW,BE,BE,actual_solar_generation,Solar,2026-06-26T21:06:31Z
2026-06-26T21:06:22Z,2026-06-26T23:06:22+0200,58e86286-12ca-447f-8334-9e4372101f50,2026-06-05T08:00:00Z,2026-06-05T10:00:00+0200,3657.39525,MW,BE,BE,actual_solar_generation,Solar,2026-06-26T21:06:31Z
2026-06-26T21:06:22Z,2026-06-26T23:06:22+0200,58e86286-12ca-447f-8334-9e4372101f50,2026-06-05T09:00:00Z,2026-06-05T11:00:00+0200,4512.64875,MW,BE,BE,actual_solar_generation,Solar,2026-06-26T21:06:31Z
2026-06-26T21:06:22Z,2026-06-26T23:06:22+0200,58e86286-12ca-447f-8334-9e4372101f50,2026-06-05T10:00:00Z,2026-06-05T12:00:00+0200,5235.607,MW,BE,BE,actual_solar_generation,Solar,2026-06-26T21:06:31Z
2026-06-26T21:06:22Z,2026-06-26T23:06:22+0200,58e86286-12ca-447f-8334-9e4372101f50,2026-06-05T11:00:00Z,2026-06-05T13:00:00+0200,5062.02625,MW,BE,BE,actual_solar_generation,Solar,2026-06-26T21:06:31Z
2026-06-26T21:06:22Z,2026-06-26T23:06:22+0200,58e86286-12ca-447f-8334-9e4372101f50,2026-06-05T12:00:00Z,2026-06-05T14:00:00+0200,4388.649,MW,BE,BE,actual_solar_generation,Solar,2026-06-26T21:06:31Z
2026-06-26T21:06:22Z,2026-06-26T23:06:22+0200,58e86286-12ca-447f-8334-9e4372101f50,2026-06-05T13:00:00Z,2026-06-05T15:00:00+0200,3650.93175,MW,BE,BE,actual_solar_generation,Solar,2026-06-26T21:06:31Z
2026-06-26T21:06:22Z,2026-06-26T23:06:22+0200,58e86286-12ca-447f-8334-9e4372101f50,2026-06-05T14:00:00Z,2026-06-05T16:00:00+0200,3077.56275,MW,BE,BE,actual_solar_generation,Solar,2026-06-26T21:06:31Z
2026-06-26T21:06:22Z,2026-06-26T23:06:22+0200,58e86286-12ca-447f-8334-9e4372101f50,2026-06-05T15:00:00Z,2026-06-05T17:00:00+0200,2335.25675,MW,BE,BE,actual_solar_generation,Solar,2026-06-26T21:06:31Z
2026-06-26T21:06:22Z,2026-06-26T23:06:22+0200,58e86286-12ca-447f-8334-9e4372101f50,2026-06-05T16:00:00Z,2026-06-05T18:00:00+0200,1618.956,MW,BE,BE,actual_solar_generation,Solar,2026-06-26T21:06:31Z
2026-06-26T21:06:22Z,2026-06-26T23:06:22+0200,58e86286-12ca-447f-8334-9e4372101f50,2026-06-05T17:00:00Z,2026-06-05T19:00:00+0200,1188.538,MW,BE,BE,actual_solar_generation,Solar,2026-06-26T21:06:31Z
2026-06-26T21:06:22Z,2026-06-26T23:06:22+0200,58e86286-12ca-447f-8334-9e4372101f50,2026-06-05T18:00:00Z,2026-06-05T20:00:00+0200,607.47975,MW,BE,BE,actual_solar_generation,Solar,2026-06-26T21:06:31Z
2026-06-26T21:06:22Z,2026-06-26T23:06:22+0200,58e86286-12ca-447f-8334-9e4372101f50,2026-06-05T19:00:00Z,2026-06-05T21:00:00+0200,63.53075,MW,BE,BE,actual_solar_generation,Solar,2026-06-26T21:06:31Z
2026-06-26T21:06:22Z,2026-06-26T23:06:22+0200,58e86286-12ca-447f-8334-9e4372101f50,2026-06-05T20:00:00Z,2026-06-05T22:00:00+0200,0.0,MW,BE,BE,actual_solar_generation,Solar,2026-06-26T21:06:31Z
2026-06-26T21:06:22Z,2026-06-26T23:06:22+0200,58e86286-12ca-447f-8334-9e4372101f50,2026-06-05T21:00:00Z,2026-06-05T23:00:00+0200,0.0,MW,BE,BE,actual_solar_generation,Solar,2026-06-26T21:06:31Z
2026-06-26T21:06:22Z,2026-06-26T23:06:22+0200,58e86286-12ca-447f-8334-9e4372101f50,2026-06-05T22:00:00Z,2026-06-06T00:00:00+0200,0.0,MW,BE,BE,actual_solar_generation,Solar,2026-06-26T21:06:31Z
2026-06-26T21:06:22Z,2026-06-26T23:06:22+0200,58e86286-12ca-447f-8334-9e4372101f50,2026-06-05T23:00:00Z,2026-06-06T01:00:00+0200,0.0,MW,BE,BE,actual_solar_generation,Solar,2026-06-26T21:06:31Z
2026-06-26T21:06:22Z,2026-06-26T23:06:22+0200,58e86286-12ca-447f-8334-9e4372101f50,2026-06-06T00:00:00Z,2026-06-06T02:00:00+0200,0.0,MW,BE,BE,actual_solar_generation,Solar,2026-06-26T21:06:31Z
2026-06-26T21:06:22Z,2026-06-26T23:06:22+0200,58e86286-12ca-447f-8334-9e4372101f50,2026-06-06T01:00:00Z,2026-06-06T03:00:00+0200,0.0,MW,BE,BE,actual_solar_generation,Solar,2026-06-26T21:06:31Z
2026-06-26T21:06:22Z,2026-06-26T23:06:22+0200,58e86286-12ca-447f-8334-9e4372101f50,2026-06-06T02:00:00Z,2026-06-06T04:00:00+0200,0.0,MW,BE,BE,actual_solar_generation,Solar,2026-06-26T21:06:31Z
2026-06-26T21:06:22Z,2026-06-26T23:06:22+0200,58e86286-12ca-447f-8334-9e4372101f50,2026-06-06T03:00:00Z,2026-06-06T05:00:00+0200,13.885,MW,BE,BE,actual_solar_generation,Solar,2026-06-26T21:06:31Z
2026-06-26T21:06:22Z,2026-06-26T23:06:22+0200,58e86286-12ca-447f-8334-9e4372101f50,2026-06-06T04:00:00Z,2026-06-06T06:00:00+0200,297.6815,MW,BE,BE,actual_solar_generation,Solar,2026-06-26T21:06:31Z
2026-06-26T21:06:22Z,2026-06-26T23:06:22+0200,58e86286-12ca-447f-8334-9e4372101f50,2026-06-06T05:00:00Z,2026-06-06T07:00:00+0200,874.04325,MW,BE,BE,actual_solar_generation,Solar,2026-06-26T21:06:31Z
2026-06-26T21:06:22Z,2026-06-26T23:06:22+0200,58e86286-12ca-447f-8334-9e4372101f50,2026-06-06T06:00:00Z,2026-06-06T08:00:00+0200,1751.80475,MW,BE,BE,actual_solar_generation,Solar,2026-06-26T21:06:31Z
2026-06-26T21:06:22Z,2026-06-26T23:06:22+0200,58e86286-12ca-447f-8334-9e4372101f50,2026-06-06T07:00:00Z,2026-06-06T09:00:00+0200,2863.002,MW,BE,BE,actual_solar_generation,Solar,2026-06-26T21:06:31Z
2026-06-26T21:06:22Z,2026-06-26T23:06:22+0200,58e86286-12ca-447f-8334-9e4372101f50,2026-06-06T08:00:00Z,2026-06-06T10:00:00+0200,3699.027,MW,BE,BE,actual_solar_generation,Solar,2026-06-26T21:06:31Z
2026-06-26T21:06:22Z,2026-06-26T23:06:22+0200,58e86286-12ca-447f-8334-9e4372101f50,2026-06-06T09:00:00Z,2026-06-06T11:00:00+0200,3846.05575,MW,BE,BE,actual_solar_generation,Solar,2026-06-26T21:06:31Z
2026-06-26T21:06:22Z,2026-06-26T23:06:22+0200,58e86286-12ca-447f-8334-9e4372101f50,2026-06-06T10:00:00Z,2026-06-06T12:00:00+0200,3480.6365,MW,BE,BE,actual_solar_generation,Solar,2026-06-26T21:06:31Z
2026-06-26T21:06:22Z,2026-06-26T23:06:22+0200,58e86286-12ca-447f-8334-9e4372101f50,2026-06-06T11:00:00Z,2026-06-06T13:00:00+0200,3380.33075,MW,BE,BE,actual_solar_generation,Solar,2026-06-26T21:06:31Z
2026-06-26T21:06:22Z,2026-06-26T23:06:22+0200,58e86286-12ca-447f-8334-9e4372101f50,2026-06-06T12:00:00Z,2026-06-06T14:00:00+0200,3103.81725,MW,BE,BE,actual_solar_generation,Solar,2026-06-26T21:06:31Z
2026-06-26T21:06:22Z,2026-06-26T23:06:22+0200,58e86286-12ca-447f-8334-9e4372101f50,2026-06-06T13:00:00Z,2026-06-06T15:00:00+0200,2312.77225,MW,BE,BE,actual_solar_generation,Solar,2026-06-26T21:06:31Z
2026-06-26T21:06:22Z,2026-06-26T23:06:22+0200,58e86286-12ca-447f-8334-9e4372101f50,2026-06-06T14:00:00Z,2026-06-06T16:00:00+0200,2690.29725,MW,BE,BE,actual_solar_generation,Solar,2026-06-26T21:06:31Z
2026-06-26T21:06:22Z,2026-06-26T23:06:22+0200,58e86286-12ca-447f-8334-9e4372101f50,2026-06-06T15:00:00Z,2026-06-06T17:00:00+0200,2349.8485,MW,BE,BE,actual_solar_generation,Solar,2026-06-26T21:06:31Z
2026-06-26T21:06:22Z,2026-06-26T23:06:22+0200,58e86286-12ca-447f-8334-9e4372101f50,2026-06-06T16:00:00Z,2026-06-06T18:00:00+0200,1406.6105,MW,BE,BE,actual_solar_generation,Solar,2026-06-26T21:06:31Z
2026-06-26T21:06:22Z,2026-06-26T23:06:22+0200,58e86286-12ca-447f-8334-9e4372101f50,2026-06-06T17:00:00Z,2026-06-06T19:00:00+0200,931.5775,MW,BE,BE,actual_solar_generation,Solar,2026-06-26T21:06:31Z
2026-06-26T21:06:22Z,2026-06-26T23:06:22+0200,58e86286-12ca-447f-8334-9e4372101f50,2026-06-06T18:00:00Z,2026-06-06T20:00:00+0200,365.633,MW,BE,BE,actual_solar_generation,Solar,2026-06-26T21:06:31Z
2026-06-26T21:06:22Z,2026-06-26T23:06:22+0200,58e86286-12ca-447f-8334-9e4372101f50,2026-06-06T19:00:00Z,2026-06-06T21:00:00+0200,33.23225,MW,BE,BE,actual_solar_generation,Solar,2026-06-26T21:06:31Z
2026-06-26T21:06:22Z,2026-06-26T23:06:22+0200,58e86286-12ca-447f-8334-9e4372101f50,2026-06-06T20:00:00Z,2026-06-06T22:00:00+0200,0.0,MW,BE,BE,actual_solar_generation,Solar,2026-06-26T21:06:31Z
2026-06-26T21:06:22Z,2026-06-26T23:06:22+0200,58e86286-12ca-447f-8334-9e4372101f50,2026-06-06T21:00:00Z,2026-06-06T23:00:00+0200,0.0,MW,BE,BE,actual_solar_generation,Solar,2026-06-26T21:06:31Z
2026-06-26T21:06:22Z,2026-06-26T23:06:22+0200,58e86286-12ca-447f-8334-9e4372101f50,2026-06-06T22:00:00Z,2026-06-07T00:00:00+0200,0.0,MW,BE,BE,actual_solar_generation,Solar,2026-06-26T21:06:31Z
2026-06-26T21:06:22Z,2026-06-26T23:06:22+0200,58e86286-12ca-447f-8334-9e4372101f50,2026-06-06T23:00:00Z,2026-06-07T01:00:00+0200,0.0,MW,BE,BE,actual_solar_generation,Solar,2026-06-26T21:06:31Z
2026-06-26T21:06:22Z,2026-06-26T23:06:22+0200,58e86286-12ca-447f-8334-9e4372101f50,2026-06-07T00:00:00Z,2026-06-07T02:00:00+0200,0.0,MW,BE,BE,actual_solar_generation,Solar,2026-06-26T21:06:31Z
2026-06-26T21:06:22Z,2026-06-26T23:06:22+0200,58e86286-12ca-447f-8334-9e4372101f50,2026-06-07T01:00:00Z,2026-06-07T03:00:00+0200,0.0,MW,BE,BE,actual_solar_generation,Solar,2026-06-26T21:06:31Z
2026-06-26T21:06:22Z,2026-06-26T23:06:22+0200,58e86286-12ca-447f-8334-9e4372101f50,2026-06-07T02:00:00Z,2026-06-07T04:00:00+0200,0.0,MW,BE,BE,actual_solar_generation,Solar,2026-06-26T21:06:31Z
2026-06-26T21:06:22Z,2026-06-26T23:06:22+0200,58e86286-12ca-447f-8334-9e4372101f50,2026-06-07T03:00:00Z,2026-06-07T05:00:00+0200,3.73575,MW,BE,BE,actual_solar_generation,Solar,2026-06-26T21:06:31Z
2026-06-26T21:06:22Z,2026-06-26T23:06:22+0200,58e86286-12ca-447f-8334-9e4372101f50,2026-06-07T04:00:00Z,2026-06-07T06:00:00+0200,164.917,MW,BE,BE,actual_solar_generation,Solar,2026-06-26T21:06:31Z
2026-06-26T21:06:22Z,2026-06-26T23:06:22+0200,58e86286-12ca-447f-8334-9e4372101f50,2026-06-07T05:00:00Z,2026-06-07T07:00:00+0200,718.5475,MW,BE,BE,actual_solar_generation,Solar,2026-06-26T21:06:31Z
2026-06-26T21:06:22Z,2026-06-26T23:06:22+0200,58e86286-12ca-447f-8334-9e4372101f50,2026-06-07T06:00:00Z,2026-06-07T08:00:00+0200,1604.3515,MW,BE,BE,actual_solar_generation,Solar,2026-06-26T21:06:31Z
2026-06-26T21:06:22Z,2026-06-26T23:06:22+0200,58e86286-12ca-447f-8334-9e4372101f50,2026-06-07T07:00:00Z,2026-06-07T09:00:00+0200,2624.731,MW,BE,BE,actual_solar_generation,Solar,2026-06-26T21:06:31Z
2026-06-26T21:06:22Z,2026-06-26T23:06:22+0200,58e86286-12ca-447f-8334-9e4372101f50,2026-06-07T08:00:00Z,2026-06-07T10:00:00+0200,3213.651,MW,BE,BE,actual_solar_generation,Solar,2026-06-26T21:06:31Z
2026-06-26T21:06:22Z,2026-06-26T23:06:22+0200,58e86286-12ca-447f-8334-9e4372101f50,2026-06-07T09:00:00Z,2026-06-07T11:00:00+0200,3706.99025,MW,BE,BE,actual_solar_generation,Solar,2026-06-26T21:06:31Z
2026-06-26T21:06:22Z,2026-06-26T23:06:22+0200,58e86286-12ca-447f-8334-9e4372101f50,2026-06-07T10:00:00Z,2026-06-07T12:00:00+0200,4253.51375,MW,BE,BE,actual_solar_generation,Solar,2026-06-26T21:06:31Z
2026-06-26T21:06:22Z,2026-06-26T23:06:22+0200,58e86286-12ca-447f-8334-9e4372101f50,2026-06-07T11:00:00Z,2026-06-07T13:00:00+0200,4490.47,MW,BE,BE,actual_solar_generation,Solar,2026-06-26T21:06:31Z
2026-06-26T21:06:22Z,2026-06-26T23:06:22+0200,58e86286-12ca-447f-8334-9e4372101f50,2026-06-07T12:00:00Z,2026-06-07T14:00:00+0200,4195.73725,MW,BE,BE,actual_solar_generation,Solar,2026-06-26T21:06:31Z
2026-06-26T21:06:22Z,2026-06-26T23:06:22+0200,58e86286-12ca-447f-8334-9e4372101f50,2026-06-07T13:00:00Z,2026-06-07T15:00:00+0200,3685.266,MW,BE,BE,actual_solar_generation,Solar,2026-06-26T21:06:31Z
2026-06-26T21:06:22Z,2026-06-26T23:06:22+0200,58e86286-12ca-447f-8334-9e4372101f50,2026-06-07T14:00:00Z,2026-06-07T16:00:00+0200,3195.36525,MW,BE,BE,actual_solar_generation,Solar,2026-06-26T21:06:31Z
2026-06-26T21:06:22Z,2026-06-26T23:06:22+0200,58e86286-12ca-447f-8334-9e4372101f50,2026-06-07T15:00:00Z,2026-06-07T17:00:00+0200,2553.825,MW,BE,BE,actual_solar_generation,Solar,2026-06-26T21:06:31Z
2026-06-26T21:06:22Z,2026-06-26T23:06:22+0200,58e86286-12ca-447f-8334-9e4372101f50,2026-06-07T16:00:00Z,2026-06-07T18:00:00+0200,1728.28375,MW,BE,BE,actual_solar_generation,Solar,2026-06-26T21:06:31Z
2026-06-26T21:06:22Z,2026-06-26T23:06:22+0200,58e86286-12ca-447f-8334-9e4372101f50,2026-06-07T17:00:00Z,2026-06-07T19:00:00+0200,955.0365,MW,BE,BE,actual_solar_generation,Solar,2026-06-26T21:06:31Z
2026-06-26T21:06:22Z,2026-06-26T23:06:22+0200,58e86286-12ca-447f-8334-9e4372101f50,2026-06-07T18:00:00Z,2026-06-07T20:00:00+0200,406.19325,MW,BE,BE,actual_solar_generation,Solar,2026-06-26T21:06:31Z
2026-06-26T21:06:22Z,2026-06-26T23:06:22+0200,58e86286-12ca-447f-8334-9e4372101f50,2026-06-07T19:00:00Z,2026-06-07T21:00:00+0200,62.69725,MW,BE,BE,actual_solar_generation,Solar,2026-06-26T21:06:31Z
2026-06-26T21:06:22Z,2026-06-26T23:06:22+0200,58e86286-12ca-447f-8334-9e4372101f50,2026-06-07T20:00:00Z,2026-06-07T22:00:00+0200,0.0,MW,BE,BE,actual_solar_generation,Solar,2026-06-26T21:06:31Z
2026-06-26T21:06:22Z,2026-06-26T23:06:22+0200,58e86286-12ca-447f-8334-9e4372101f50,2026-06-07T21:00:00Z,2026-06-07T23:00:00+0200,0.0,MW,BE,BE,actual_solar_generation,Solar,2026-06-26T21:06:31Z
2026-06-26T21:06:22Z,2026-06-26T23:06:22+0200,58e86286-12ca-447f-8334-9e4372101f50,2026-06-07T22:00:00Z,2026-06-08T00:00:00+0200,0.0,MW,BE,BE,actual_solar_generation,Solar,2026-06-26T21:06:31Z
2026-06-26T21:06:22Z,2026-06-26T23:06:22+0200,58e86286-12ca-447f-8334-9e4372101f50,2026-06-07T23:00:00Z,2026-06-08T01:00:00+0200,0.0,MW,BE,BE,actual_solar_generation,Solar,2026-06-26T21:06:31Z
2026-06-26T21:06:22Z,2026-06-26T23:06:22+0200,58e86286-12ca-447f-8334-9e4372101f50,2026-06-08T00:00:00Z,2026-06-08T02:00:00+0200,0.0,MW,BE,BE,actual_solar_generation,Solar,2026-06-26T21:06:31Z
2026-06-26T21:06:22Z,2026-06-26T23:06:22+0200,58e86286-12ca-447f-8334-9e4372101f50,2026-06-08T01:00:00Z,2026-06-08T03:00:00+0200,0.0,MW,BE,BE,actual_solar_generation,Solar,2026-06-26T21:06:31Z
2026-06-26T21:06:22Z,2026-06-26T23:06:22+0200,58e86286-12ca-447f-8334-9e4372101f50,2026-06-08T02:00:00Z,2026-06-08T04:00:00+0200,0.0,MW,BE,BE,actual_solar_generation,Solar,2026-06-26T21:06:31Z
2026-06-26T21:06:22Z,2026-06-26T23:06:22+0200,58e86286-12ca-447f-8334-9e4372101f50,2026-06-08T03:00:00Z,2026-06-08T05:00:00+0200,12.589,MW,BE,BE,actual_solar_generation,Solar,2026-06-26T21:06:31Z
2026-06-26T21:06:22Z,2026-06-26T23:06:22+0200,58e86286-12ca-447f-8334-9e4372101f50,2026-06-08T04:00:00Z,2026-06-08T06:00:00+0200,321.4935,MW,BE,BE,actual_solar_generation,Solar,2026-06-26T21:06:31Z
2026-06-26T21:06:22Z,2026-06-26T23:06:22+0200,58e86286-12ca-447f-8334-9e4372101f50,2026-06-08T05:00:00Z,2026-06-08T07:00:00+0200,906.956,MW,BE,BE,actual_solar_generation,Solar,2026-06-26T21:06:31Z
2026-06-26T21:06:22Z,2026-06-26T23:06:22+0200,58e86286-12ca-447f-8334-9e4372101f50,2026-06-08T06:00:00Z,2026-06-08T08:00:00+0200,1480.4955,MW,BE,BE,actual_solar_generation,Solar,2026-06-26T21:06:31Z
2026-06-26T21:06:22Z,2026-06-26T23:06:22+0200,58e86286-12ca-447f-8334-9e4372101f50,2026-06-08T07:00:00Z,2026-06-08T09:00:00+0200,2207.48375,MW,BE,BE,actual_solar_generation,Solar,2026-06-26T21:06:31Z
2026-06-26T21:06:22Z,2026-06-26T23:06:22+0200,58e86286-12ca-447f-8334-9e4372101f50,2026-06-08T08:00:00Z,2026-06-08T10:00:00+0200,2602.21475,MW,BE,BE,actual_solar_generation,Solar,2026-06-26T21:06:31Z
2026-06-26T21:06:22Z,2026-06-26T23:06:22+0200,58e86286-12ca-447f-8334-9e4372101f50,2026-06-08T09:00:00Z,2026-06-08T11:00:00+0200,3014.5725,MW,BE,BE,actual_solar_generation,Solar,2026-06-26T21:06:31Z
2026-06-26T21:06:22Z,2026-06-26T23:06:22+0200,58e86286-12ca-447f-8334-9e4372101f50,2026-06-08T10:00:00Z,2026-06-08T12:00:00+0200,3653.86875,MW,BE,BE,actual_solar_generation,Solar,2026-06-26T21:06:31Z
2026-06-26T21:06:22Z,2026-06-26T23:06:22+0200,58e86286-12ca-447f-8334-9e4372101f50,2026-06-08T11:00:00Z,2026-06-08T13:00:00+0200,4322.429,MW,BE,BE,actual_solar_generation,Solar,2026-06-26T21:06:31Z
2026-06-26T21:06:22Z,2026-06-26T23:06:22+0200,58e86286-12ca-447f-8334-9e4372101f50,2026-06-08T12:00:00Z,2026-06-08T14:00:00+0200,4288.91275,MW,BE,BE,actual_solar_generation,Solar,2026-06-26T21:06:31Z
2026-06-26T21:06:22Z,2026-06-26T23:06:22+0200,58e86286-12ca-447f-8334-9e4372101f50,2026-06-08T13:00:00Z,2026-06-08T15:00:00+0200,3902.72425,MW,BE,BE,actual_solar_generation,Solar,2026-06-26T21:06:31Z
2026-06-26T21:06:22Z,2026-06-26T23:06:22+0200,58e86286-12ca-447f-8334-9e4372101f50,2026-06-08T14:00:00Z,2026-06-08T16:00:00+0200,2447.94825,MW,BE,BE,actual_solar_generation,Solar,2026-06-26T21:06:31Z
2026-06-26T21:06:22Z,2026-06-26T23:06:22+0200,58e86286-12ca-447f-8334-9e4372101f50,2026-06-08T15:00:00Z,2026-06-08T17:00:00+0200,1110.60625,MW,BE,BE,actual_solar_generation,Solar,2026-06-26T21:06:31Z
2026-06-26T21:06:22Z,2026-06-26T23:06:22+0200,58e86286-12ca-447f-8334-9e4372101f50,2026-06-08T16:00:00Z,2026-06-08T18:00:00+0200,602.059,MW,BE,BE,actual_solar_generation,Solar,2026-06-26T21:06:31Z
2026-06-26T21:06:22Z,2026-06-26T23:06:22+0200,58e86286-12ca-447f-8334-9e4372101f50,2026-06-08T17:00:00Z,2026-06-08T19:00:00+0200,321.6885,MW,BE,BE,actual_solar_generation,Solar,2026-06-26T21:06:31Z
2026-06-26T21:06:22Z,2026-06-26T23:06:22+0200,58e86286-12ca-447f-8334-9e4372101f50,2026-06-08T18:00:00Z,2026-06-08T20:00:00+0200,199.5135,MW,BE,BE,actual_solar_generation,Solar,2026-06-26T21:06:31Z
2026-06-26T21:06:22Z,2026-06-26T23:06:22+0200,58e86286-12ca-447f-8334-9e4372101f50,2026-06-08T19:00:00Z,2026-06-08T21:00:00+0200,75.21975,MW,BE,BE,actual_solar_generation,Solar,2026-06-26T21:06:31Z
2026-06-26T21:06:22Z,2026-06-26T23:06:22+0200,58e86286-12ca-447f-8334-9e4372101f50,2026-06-08T20:00:00Z,2026-06-08T22:00:00+0200,0.052,MW,BE,BE,actual_solar_generation,Solar,2026-06-26T21:06:31Z
2026-06-26T21:06:22Z,2026-06-26T23:06:22+0200,58e86286-12ca-447f-8334-9e4372101f50,2026-06-08T21:00:00Z,2026-06-08T23:00:00+0200,0.0,MW,BE,BE,actual_solar_generation,Solar,2026-06-26T21:06:31Z
2026-06-26T21:06:22Z,2026-06-26T23:06:22+0200,58e86286-12ca-447f-8334-9e4372101f50,2026-06-08T22:00:00Z,2026-06-09T00:00:00+0200,0.0,MW,BE,BE,actual_solar_generation,Solar,2026-06-26T21:06:31Z
2026-06-26T21:06:22Z,2026-06-26T23:06:22+0200,58e86286-12ca-447f-8334-9e4372101f50,2026-06-08T23:00:00Z,2026-06-09T01:00:00+0200,0.0,MW,BE,BE,actual_solar_generation,Solar,2026-06-26T21:06:31Z
2026-06-26T21:06:22Z,2026-06-26T23:06:22+0200,58e86286-12ca-447f-8334-9e4372101f50,2026-06-09T00:00:00Z,2026-06-09T02:00:00+0200,0.0,MW,BE,BE,actual_solar_generation,Solar,2026-06-26T21:06:31Z
2026-06-26T21:06:22Z,2026-06-26T23:06:22+0200,58e86286-12ca-447f-8334-9e4372101f50,2026-06-09T01:00:00Z,2026-06-09T03:00:00+0200,0.0,MW,BE,BE,actual_solar_generation,Solar,2026-06-26T21:06:31Z
2026-06-26T21:06:22Z,2026-06-26T23:06:22+0200,58e86286-12ca-447f-8334-9e4372101f50,2026-06-09T02:00:00Z,2026-06-09T04:00:00+0200,0.0,MW,BE,BE,actual_solar_generation,Solar,2026-06-26T21:06:31Z
2026-06-26T21:06:22Z,2026-06-26T23:06:22+0200,58e86286-12ca-447f-8334-9e4372101f50,2026-06-09T03:00:00Z,2026-06-09T05:00:00+0200,4.4865,MW,BE,BE,actual_solar_generation,Solar,2026-06-26T21:06:31Z
2026-06-26T21:06:22Z,2026-06-26T23:06:22+0200,58e86286-12ca-447f-8334-9e4372101f50,2026-06-09T04:00:00Z,2026-06-09T06:00:00+0200,360.04625,MW,BE,BE,actual_solar_generation,Solar,2026-06-26T21:06:31Z
2026-06-26T21:06:22Z,2026-06-26T23:06:22+0200,58e86286-12ca-447f-8334-9e4372101f50,2026-06-09T05:00:00Z,2026-06-09T07:00:00+0200,1258.49825,MW,BE,BE,actual_solar_generation,Solar,2026-06-26T21:06:31Z
2026-06-26T21:06:22Z,2026-06-26T23:06:22+0200,58e86286-12ca-447f-8334-9e4372101f50,2026-06-09T06:00:00Z,2026-06-09T08:00:00+0200,2686.994,MW,BE,BE,actual_solar_generation,Solar,2026-06-26T21:06:31Z
2026-06-26T21:06:22Z,2026-06-26T23:06:22+0200,58e86286-12ca-447f-8334-9e4372101f50,2026-06-09T07:00:00Z,2026-06-09T09:00:00+0200,4131.16275,MW,BE,BE,actual_solar_generation,Solar,2026-06-26T21:06:31Z
2026-06-26T21:06:22Z,2026-06-26T23:06:22+0200,58e86286-12ca-447f-8334-9e4372101f50,2026-06-09T08:00:00Z,2026-06-09T10:00:00+0200,4756.29975,MW,BE,BE,actual_solar_generation,Solar,2026-06-26T21:06:31Z
2026-06-26T21:06:22Z,2026-06-26T23:06:22+0200,58e86286-12ca-447f-8334-9e4372101f50,2026-06-09T09:00:00Z,2026-06-09T11:00:00+0200,5046.883,MW,BE,BE,actual_solar_generation,Solar,2026-06-26T21:06:31Z
2026-06-26T21:06:22Z,2026-06-26T23:06:22+0200,58e86286-12ca-447f-8334-9e4372101f50,2026-06-09T10:00:00Z,2026-06-09T12:00:00+0200,5055.12125,MW,BE,BE,actual_solar_generation,Solar,2026-06-26T21:06:31Z
2026-06-26T21:06:22Z,2026-06-26T23:06:22+0200,58e86286-12ca-447f-8334-9e4372101f50,2026-06-09T11:00:00Z,2026-06-09T13:00:00+0200,5163.12575,MW,BE,BE,actual_solar_generation,Solar,2026-06-26T21:06:31Z
2026-06-26T21:06:22Z,2026-06-26T23:06:22+0200,58e86286-12ca-447f-8334-9e4372101f50,2026-06-09T12:00:00Z,2026-06-09T14:00:00+0200,5259.46675,MW,BE,BE,actual_solar_generation,Solar,2026-06-26T21:06:31Z
2026-06-26T21:06:22Z,2026-06-26T23:06:22+0200,58e86286-12ca-447f-8334-9e4372101f50,2026-06-09T13:00:00Z,2026-06-09T15:00:00+0200,4805.10475,MW,BE,BE,actual_solar_generation,Solar,2026-06-26T21:06:31Z
2026-06-26T21:06:22Z,2026-06-26T23:06:22+0200,58e86286-12ca-447f-8334-9e4372101f50,2026-06-09T14:00:00Z,2026-06-09T16:00:00+0200,3965.5875,MW,BE,BE,actual_solar_generation,Solar,2026-06-26T21:06:31Z
2026-06-26T21:06:22Z,2026-06-26T23:06:22+0200,58e86286-12ca-447f-8334-9e4372101f50,2026-06-09T15:00:00Z,2026-06-09T17:00:00+0200,3220.26125,MW,BE,BE,actual_solar_generation,Solar,2026-06-26T21:06:31Z
2026-06-26T21:06:22Z,2026-06-26T23:06:22+0200,58e86286-12ca-447f-8334-9e4372101f50,2026-06-09T16:00:00Z,2026-06-09T18:00:00+0200,2639.05875,MW,BE,BE,actual_solar_generation,Solar,2026-06-26T21:06:31Z
2026-06-26T21:06:22Z,2026-06-26T23:06:22+0200,58e86286-12ca-447f-8334-9e4372101f50,2026-06-09T17:00:00Z,2026-06-09T19:00:00+0200,1713.5415,MW,BE,BE,actual_solar_generation,Solar,2026-06-26T21:06:31Z
2026-06-26T21:06:22Z,2026-06-26T23:06:22+0200,58e86286-12ca-447f-8334-9e4372101f50,2026-06-09T18:00:00Z,2026-06-09T20:00:00+0200,821.494,MW,BE,BE,actual_solar_generation,Solar,2026-06-26T21:06:31Z
2026-06-26T21:06:22Z,2026-06-26T23:06:22+0200,58e86286-12ca-447f-8334-9e4372101f50,2026-06-09T19:00:00Z,2026-06-09T21:00:00+0200,117.242,MW,BE,BE,actual_solar_generation,Solar,2026-06-26T21:06:31Z
2026-06-26T21:06:22Z,2026-06-26T23:06:22+0200,58e86286-12ca-447f-8334-9e4372101f50,2026-06-09T20:00:00Z,2026-06-09T22:00:00+0200,0.01025,MW,BE,BE,actual_solar_generation,Solar,2026-06-26T21:06:31Z
2026-06-26T21:06:22Z,2026-06-26T23:06:22+0200,58e86286-12ca-447f-8334-9e4372101f50,2026-06-09T21:00:00Z,2026-06-09T23:00:00+0200,0.0,MW,BE,BE,actual_solar_generation,Solar,2026-06-26T21:06:31Z
2026-06-26T21:06:22Z,2026-06-26T23:06:22+0200,58e86286-12ca-447f-8334-9e4372101f50,2026-06-09T22:00:00Z,2026-06-10T00:00:00+0200,0.0,MW,BE,BE,actual_solar_generation,Solar,2026-06-26T21:06:31Z
2026-06-26T21:06:22Z,2026-06-26T23:06:22+0200,58e86286-12ca-447f-8334-9e4372101f50,2026-06-09T23:00:00Z,2026-06-10T01:00:00+0200,0.0,MW,BE,BE,actual_solar_generation,Solar,2026-06-26T21:06:31Z
2026-06-26T21:06:22Z,2026-06-26T23:06:22+0200,58e86286-12ca-447f-8334-9e4372101f50,2026-06-10T00:00:00Z,2026-06-10T02:00:00+0200,0.0,MW,BE,BE,actual_solar_generation,Solar,2026-06-26T21:06:31Z
2026-06-26T21:06:22Z,2026-06-26T23:06:22+0200,58e86286-12ca-447f-8334-9e4372101f50,2026-06-10T01:00:00Z,2026-06-10T03:00:00+0200,0.0,MW,BE,BE,actual_solar_generation,Solar,2026-06-26T21:06:31Z
2026-06-26T21:06:22Z,2026-06-26T23:06:22+0200,58e86286-12ca-447f-8334-9e4372101f50,2026-06-10T02:00:00Z,2026-06-10T04:00:00+0200,0.0,MW,BE,BE,actual_solar_generation,Solar,2026-06-26T21:06:31Z
2026-06-26T21:06:22Z,2026-06-26T23:06:22+0200,58e86286-12ca-447f-8334-9e4372101f50,2026-06-10T03:00:00Z,2026-06-10T05:00:00+0200,14.00125,MW,BE,BE,actual_solar_generation,Solar,2026-06-26T21:06:31Z
2026-06-26T21:06:22Z,2026-06-26T23:06:22+0200,58e86286-12ca-447f-8334-9e4372101f50,2026-06-10T04:00:00Z,2026-06-10T06:00:00+0200,398.11375,MW,BE,BE,actual_solar_generation,Solar,2026-06-26T21:06:31Z
2026-06-26T21:06:22Z,2026-06-26T23:06:22+0200,58e86286-12ca-447f-8334-9e4372101f50,2026-06-10T05:00:00Z,2026-06-10T07:00:00+0200,1176.0395,MW,BE,BE,actual_solar_generation,Solar,2026-06-26T21:06:31Z
2026-06-26T21:06:22Z,2026-06-26T23:06:22+0200,58e86286-12ca-447f-8334-9e4372101f50,2026-06-10T06:00:00Z,2026-06-10T08:00:00+0200,2169.996,MW,BE,BE,actual_solar_generation,Solar,2026-06-26T21:06:31Z
2026-06-26T21:06:22Z,2026-06-26T23:06:22+0200,58e86286-12ca-447f-8334-9e4372101f50,2026-06-10T07:00:00Z,2026-06-10T09:00:00+0200,3151.12125,MW,BE,BE,actual_solar_generation,Solar,2026-06-26T21:06:31Z
2026-06-26T21:06:22Z,2026-06-26T23:06:22+0200,58e86286-12ca-447f-8334-9e4372101f50,2026-06-10T08:00:00Z,2026-06-10T10:00:00+0200,4214.66875,MW,BE,BE,actual_solar_generation,Solar,2026-06-26T21:06:31Z
2026-06-26T21:06:22Z,2026-06-26T23:06:22+0200,58e86286-12ca-447f-8334-9e4372101f50,2026-06-10T09:00:00Z,2026-06-10T11:00:00+0200,4939.5185,MW,BE,BE,actual_solar_generation,Solar,2026-06-26T21:06:31Z
2026-06-26T21:06:22Z,2026-06-26T23:06:22+0200,58e86286-12ca-447f-8334-9e4372101f50,2026-06-10T10:00:00Z,2026-06-10T12:00:00+0200,5209.22825,MW,BE,BE,actual_solar_generation,Solar,2026-06-26T21:06:31Z
2026-06-26T21:06:22Z,2026-06-26T23:06:22+0200,58e86286-12ca-447f-8334-9e4372101f50,2026-06-10T11:00:00Z,2026-06-10T13:00:00+0200,5006.031,MW,BE,BE,actual_solar_generation,Solar,2026-06-26T21:06:31Z
2026-06-26T21:06:22Z,2026-06-26T23:06:22+0200,58e86286-12ca-447f-8334-9e4372101f50,2026-06-10T12:00:00Z,2026-06-10T14:00:00+0200,4861.82175,MW,BE,BE,actual_solar_generation,Solar,2026-06-26T21:06:31Z
2026-06-26T21:06:22Z,2026-06-26T23:06:22+0200,58e86286-12ca-447f-8334-9e4372101f50,2026-06-10T13:00:00Z,2026-06-10T15:00:00+0200,4155.7685,MW,BE,BE,actual_solar_generation,Solar,2026-06-26T21:06:31Z
2026-06-26T21:06:22Z,2026-06-26T23:06:22+0200,58e86286-12ca-447f-8334-9e4372101f50,2026-06-10T14:00:00Z,2026-06-10T16:00:00+0200,3714.08075,MW,BE,BE,actual_solar_generation,Solar,2026-06-26T21:06:31Z
2026-06-26T21:06:22Z,2026-06-26T23:06:22+0200,58e86286-12ca-447f-8334-9e4372101f50,2026-06-10T15:00:00Z,2026-06-10T17:00:00+0200,3245.53275,MW,BE,BE,actual_solar_generation,Solar,2026-06-26T21:06:31Z
2026-06-26T21:06:22Z,2026-06-26T23:06:22+0200,58e86286-12ca-447f-8334-9e4372101f50,2026-06-10T16:00:00Z,2026-06-10T18:00:00+0200,2044.0705,MW,BE,BE,actual_solar_generation,Solar,2026-06-26T21:06:31Z
2026-06-26T21:06:22Z,2026-06-26T23:06:22+0200,58e86286-12ca-447f-8334-9e4372101f50,2026-06-10T17:00:00Z,2026-06-10T19:00:00+0200,1113.862,MW,BE,BE,actual_solar_generation,Solar,2026-06-26T21:06:31Z
2026-06-26T21:06:22Z,2026-06-26T23:06:22+0200,58e86286-12ca-447f-8334-9e4372101f50,2026-06-10T18:00:00Z,2026-06-10T20:00:00+0200,447.48125,MW,BE,BE,actual_solar_generation,Solar,2026-06-26T21:06:31Z
2026-06-26T21:06:22Z,2026-06-26T23:06:22+0200,58e86286-12ca-447f-8334-9e4372101f50,2026-06-10T19:00:00Z,2026-06-10T21:00:00+0200,57.47075,MW,BE,BE,actual_solar_generation,Solar,2026-06-26T21:06:31Z
2026-06-26T21:06:22Z,2026-06-26T23:06:22+0200,58e86286-12ca-447f-8334-9e4372101f50,2026-06-10T20:00:00Z,2026-06-10T22:00:00+0200,0.0,MW,BE,BE,actual_solar_generation,Solar,2026-06-26T21:06:31Z
2026-06-26T21:06:22Z,2026-06-26T23:06:22+0200,58e86286-12ca-447f-8334-9e4372101f50,2026-06-10T21:00:00Z,2026-06-10T23:00:00+0200,0.0,MW,BE,BE,actual_solar_generation,Solar,2026-06-26T21:06:31Z
2026-06-26T21:06:22Z,2026-06-26T23:06:22+0200,58e86286-12ca-447f-8334-9e4372101f50,2026-06-10T22:00:00Z,2026-06-11T00:00:00+0200,0.0,MW,BE,BE,actual_solar_generation,Solar,2026-06-26T21:06:31Z
2026-06-26T21:06:22Z,2026-06-26T23:06:22+0200,58e86286-12ca-447f-8334-9e4372101f50,2026-06-10T23:00:00Z,2026-06-11T01:00:00+0200,0.0,MW,BE,BE,actual_solar_generation,Solar,2026-06-26T21:06:31Z
2026-06-26T21:06:22Z,2026-06-26T23:06:22+0200,58e86286-12ca-447f-8334-9e4372101f50,2026-06-11T00:00:00Z,2026-06-11T02:00:00+0200,0.0,MW,BE,BE,actual_solar_generation,Solar,2026-06-26T21:06:31Z
2026-06-26T21:06:22Z,2026-06-26T23:06:22+0200,58e86286-12ca-447f-8334-9e4372101f50,2026-06-11T01:00:00Z,2026-06-11T03:00:00+0200,0.0,MW,BE,BE,actual_solar_generation,Solar,2026-06-26T21:06:31Z
2026-06-26T21:06:22Z,2026-06-26T23:06:22+0200,58e86286-12ca-447f-8334-9e4372101f50,2026-06-11T02:00:00Z,2026-06-11T04:00:00+0200,0.0,MW,BE,BE,actual_solar_generation,Solar,2026-06-26T21:06:31Z
2026-06-26T21:06:22Z,2026-06-26T23:06:22+0200,58e86286-12ca-447f-8334-9e4372101f50,2026-06-11T03:00:00Z,2026-06-11T05:00:00+0200,19.8835,MW,BE,BE,actual_solar_generation,Solar,2026-06-26T21:06:31Z
2026-06-26T21:06:22Z,2026-06-26T23:06:22+0200,58e86286-12ca-447f-8334-9e4372101f50,2026-06-11T04:00:00Z,2026-06-11T06:00:00+0200,457.2,MW,BE,BE,actual_solar_generation,Solar,2026-06-26T21:06:31Z
2026-06-26T21:06:22Z,2026-06-26T23:06:22+0200,58e86286-12ca-447f-8334-9e4372101f50,2026-06-11T05:00:00Z,2026-06-11T07:00:00+0200,1383.73725,MW,BE,BE,actual_solar_generation,Solar,2026-06-26T21:06:31Z
2026-06-26T21:06:22Z,2026-06-26T23:06:22+0200,58e86286-12ca-447f-8334-9e4372101f50,2026-06-11T06:00:00Z,2026-06-11T08:00:00+0200,2688.8225,MW,BE,BE,actual_solar_generation,Solar,2026-06-26T21:06:31Z
2026-06-26T21:06:22Z,2026-06-26T23:06:22+0200,58e86286-12ca-447f-8334-9e4372101f50,2026-06-11T07:00:00Z,2026-06-11T09:00:00+0200,3785.2735,MW,BE,BE,actual_solar_generation,Solar,2026-06-26T21:06:31Z
2026-06-26T21:06:22Z,2026-06-26T23:06:22+0200,58e86286-12ca-447f-8334-9e4372101f50,2026-06-11T08:00:00Z,2026-06-11T10:00:00+0200,4626.66875,MW,BE,BE,actual_solar_generation,Solar,2026-06-26T21:06:31Z
2026-06-26T21:06:22Z,2026-06-26T23:06:22+0200,58e86286-12ca-447f-8334-9e4372101f50,2026-06-11T09:00:00Z,2026-06-11T11:00:00+0200,5216.3585,MW,BE,BE,actual_solar_generation,Solar,2026-06-26T21:06:31Z
2026-06-26T21:06:22Z,2026-06-26T23:06:22+0200,58e86286-12ca-447f-8334-9e4372101f50,2026-06-11T10:00:00Z,2026-06-11T12:00:00+0200,4942.485,MW,BE,BE,actual_solar_generation,Solar,2026-06-26T21:06:31Z
2026-06-26T21:06:22Z,2026-06-26T23:06:22+0200,58e86286-12ca-447f-8334-9e4372101f50,2026-06-11T11:00:00Z,2026-06-11T13:00:00+0200,3675.35725,MW,BE,BE,actual_solar_generation,Solar,2026-06-26T21:06:31Z
2026-06-26T21:06:22Z,2026-06-26T23:06:22+0200,58e86286-12ca-447f-8334-9e4372101f50,2026-06-11T12:00:00Z,2026-06-11T14:00:00+0200,2920.2435,MW,BE,BE,actual_solar_generation,Solar,2026-06-26T21:06:31Z
2026-06-26T21:06:22Z,2026-06-26T23:06:22+0200,58e86286-12ca-447f-8334-9e4372101f50,2026-06-11T13:00:00Z,2026-06-11T15:00:00+0200,2199.35975,MW,BE,BE,actual_solar_generation,Solar,2026-06-26T21:06:31Z
2026-06-26T21:06:22Z,2026-06-26T23:06:22+0200,58e86286-12ca-447f-8334-9e4372101f50,2026-06-11T14:00:00Z,2026-06-11T16:00:00+0200,1764.508,MW,BE,BE,actual_solar_generation,Solar,2026-06-26T21:06:31Z
2026-06-26T21:06:22Z,2026-06-26T23:06:22+0200,58e86286-12ca-447f-8334-9e4372101f50,2026-06-11T15:00:00Z,2026-06-11T17:00:00+0200,1169.15725,MW,BE,BE,actual_solar_generation,Solar,2026-06-26T21:06:31Z
2026-06-26T21:06:22Z,2026-06-26T23:06:22+0200,58e86286-12ca-447f-8334-9e4372101f50,2026-06-11T16:00:00Z,2026-06-11T18:00:00+0200,632.34325,MW,BE,BE,actual_solar_generation,Solar,2026-06-26T21:06:31Z
2026-06-26T21:06:22Z,2026-06-26T23:06:22+0200,58e86286-12ca-447f-8334-9e4372101f50,2026-06-11T17:00:00Z,2026-06-11T19:00:00+0200,341.721,MW,BE,BE,actual_solar_generation,Solar,2026-06-26T21:06:31Z
2026-06-26T21:06:22Z,2026-06-26T23:06:22+0200,58e86286-12ca-447f-8334-9e4372101f50,2026-06-11T18:00:00Z,2026-06-11T20:00:00+0200,119.503,MW,BE,BE,actual_solar_generation,Solar,2026-06-26T21:06:31Z
2026-06-26T21:06:22Z,2026-06-26T23:06:22+0200,58e86286-12ca-447f-8334-9e4372101f50,2026-06-11T19:00:00Z,2026-06-11T21:00:00+0200,3.84425,MW,BE,BE,actual_solar_generation,Solar,2026-06-26T21:06:31Z
2026-06-26T21:06:22Z,2026-06-26T23:06:22+0200,58e86286-12ca-447f-8334-9e4372101f50,2026-06-11T20:00:00Z,2026-06-11T22:00:00+0200,0.0,MW,BE,BE,actual_solar_generation,Solar,2026-06-26T21:06:31Z
2026-06-26T21:06:22Z,2026-06-26T23:06:22+0200,58e86286-12ca-447f-8334-9e4372101f50,2026-06-11T21:00:00Z,2026-06-11T23:00:00+0200,0.0,MW,BE,BE,actual_solar_generation,Solar,2026-06-26T21:06:31Z
2026-06-26T21:06:22Z,2026-06-26T23:06:22+0200,58e86286-12ca-447f-8334-9e4372101f50,2026-06-11T22:00:00Z,2026-06-12T00:00:00+0200,0.0,MW,BE,BE,actual_solar_generation,Solar,2026-06-26T21:06:31Z
2026-06-26T21:06:22Z,2026-06-26T23:06:22+0200,58e86286-12ca-447f-8334-9e4372101f50,2026-06-11T23:00:00Z,2026-06-12T01:00:00+0200,0.0,MW,BE,BE,actual_solar_generation,Solar,2026-06-26T21:06:31Z
2026-06-26T21:06:22Z,2026-06-26T23:06:22+0200,58e86286-12ca-447f-8334-9e4372101f50,2026-06-12T00:00:00Z,2026-06-12T02:00:00+0200,0.0,MW,BE,BE,actual_solar_generation,Solar,2026-06-26T21:06:31Z
2026-06-26T21:06:22Z,2026-06-26T23:06:22+0200,58e86286-12ca-447f-8334-9e4372101f50,2026-06-12T01:00:00Z,2026-06-12T03:00:00+0200,0.0,MW,BE,BE,actual_solar_generation,Solar,2026-06-26T21:06:31Z
2026-06-26T21:06:22Z,2026-06-26T23:06:22+0200,58e86286-12ca-447f-8334-9e4372101f50,2026-06-12T02:00:00Z,2026-06-12T04:00:00+0200,0.0,MW,BE,BE,actual_solar_generation,Solar,2026-06-26T21:06:31Z
2026-06-26T21:06:22Z,2026-06-26T23:06:22+0200,58e86286-12ca-447f-8334-9e4372101f50,2026-06-12T03:00:00Z,2026-06-12T05:00:00+0200,0.04375,MW,BE,BE,actual_solar_generation,Solar,2026-06-26T21:06:31Z
2026-06-26T21:06:22Z,2026-06-26T23:06:22+0200,58e86286-12ca-447f-8334-9e4372101f50,2026-06-12T04:00:00Z,2026-06-12T06:00:00+0200,53.8025,MW,BE,BE,actual_solar_generation,Solar,2026-06-26T21:06:31Z
2026-06-26T21:06:22Z,2026-06-26T23:06:22+0200,58e86286-12ca-447f-8334-9e4372101f50,2026-06-12T05:00:00Z,2026-06-12T07:00:00+0200,276.59925,MW,BE,BE,actual_solar_generation,Solar,2026-06-26T21:06:31Z
2026-06-26T21:06:22Z,2026-06-26T23:06:22+0200,58e86286-12ca-447f-8334-9e4372101f50,2026-06-12T06:00:00Z,2026-06-12T08:00:00+0200,720.5505,MW,BE,BE,actual_solar_generation,Solar,2026-06-26T21:06:31Z
2026-06-26T21:06:22Z,2026-06-26T23:06:22+0200,58e86286-12ca-447f-8334-9e4372101f50,2026-06-12T07:00:00Z,2026-06-12T09:00:00+0200,1188.05625,MW,BE,BE,actual_solar_generation,Solar,2026-06-26T21:06:31Z
2026-06-26T21:06:22Z,2026-06-26T23:06:22+0200,58e86286-12ca-447f-8334-9e4372101f50,2026-06-12T08:00:00Z,2026-06-12T10:00:00+0200,1767.264,MW,BE,BE,actual_solar_generation,Solar,2026-06-26T21:06:31Z
2026-06-26T21:06:22Z,2026-06-26T23:06:22+0200,58e86286-12ca-447f-8334-9e4372101f50,2026-06-12T09:00:00Z,2026-06-12T11:00:00+0200,2199.72125,MW,BE,BE,actual_solar_generation,Solar,2026-06-26T21:06:31Z
2026-06-26T21:06:22Z,2026-06-26T23:06:22+0200,58e86286-12ca-447f-8334-9e4372101f50,2026-06-12T10:00:00Z,2026-06-12T12:00:00+0200,2535.50575,MW,BE,BE,actual_solar_generation,Solar,2026-06-26T21:06:31Z
2026-06-26T21:06:22Z,2026-06-26T23:06:22+0200,58e86286-12ca-447f-8334-9e4372101f50,2026-06-12T11:00:00Z,2026-06-12T13:00:00+0200,3124.548,MW,BE,BE,actual_solar_generation,Solar,2026-06-26T21:06:31Z
2026-06-26T21:06:22Z,2026-06-26T23:06:22+0200,58e86286-12ca-447f-8334-9e4372101f50,2026-06-12T12:00:00Z,2026-06-12T14:00:00+0200,3306.302,MW,BE,BE,actual_solar_generation,Solar,2026-06-26T21:06:31Z
2026-06-26T21:06:22Z,2026-06-26T23:06:22+0200,58e86286-12ca-447f-8334-9e4372101f50,2026-06-12T13:00:00Z,2026-06-12T15:00:00+0200,2617.192,MW,BE,BE,actual_solar_generation,Solar,2026-06-26T21:06:31Z
2026-06-26T21:06:22Z,2026-06-26T23:06:22+0200,58e86286-12ca-447f-8334-9e4372101f50,2026-06-12T14:00:00Z,2026-06-12T16:00:00+0200,1931.79925,MW,BE,BE,actual_solar_generation,Solar,2026-06-26T21:06:31Z
2026-06-26T21:06:22Z,2026-06-26T23:06:22+0200,58e86286-12ca-447f-8334-9e4372101f50,2026-06-12T15:00:00Z,2026-06-12T17:00:00+0200,1468.334,MW,BE,BE,actual_solar_generation,Solar,2026-06-26T21:06:31Z
2026-06-26T21:06:22Z,2026-06-26T23:06:22+0200,58e86286-12ca-447f-8334-9e4372101f50,2026-06-12T16:00:00Z,2026-06-12T18:00:00+0200,1056.3205,MW,BE,BE,actual_solar_generation,Solar,2026-06-26T21:06:31Z
2026-06-26T21:06:22Z,2026-06-26T23:06:22+0200,58e86286-12ca-447f-8334-9e4372101f50,2026-06-12T17:00:00Z,2026-06-12T19:00:00+0200,657.54375,MW,BE,BE,actual_solar_generation,Solar,2026-06-26T21:06:31Z
2026-06-26T21:06:22Z,2026-06-26T23:06:22+0200,58e86286-12ca-447f-8334-9e4372101f50,2026-06-12T18:00:00Z,2026-06-12T20:00:00+0200,244.87025,MW,BE,BE,actual_solar_generation,Solar,2026-06-26T21:06:31Z
2026-06-26T21:06:22Z,2026-06-26T23:06:22+0200,58e86286-12ca-447f-8334-9e4372101f50,2026-06-12T19:00:00Z,2026-06-12T21:00:00+0200,20.5075,MW,BE,BE,actual_solar_generation,Solar,2026-06-26T21:06:31Z
2026-06-26T21:06:22Z,2026-06-26T23:06:22+0200,58e86286-12ca-447f-8334-9e4372101f50,2026-06-12T20:00:00Z,2026-06-12T22:00:00+0200,0.0,MW,BE,BE,actual_solar_generation,Solar,2026-06-26T21:06:31Z
2026-06-26T21:06:22Z,2026-06-26T23:06:22+0200,58e86286-12ca-447f-8334-9e4372101f50,2026-06-12T21:00:00Z,2026-06-12T23:00:00+0200,0.0,MW,BE,BE,actual_solar_generation,Solar,2026-06-26T21:06:31Z
2026-06-26T21:06:22Z,2026-06-26T23:06:22+0200,58e86286-12ca-447f-8334-9e4372101f50,2026-06-12T22:00:00Z,2026-06-13T00:00:00+0200,0.0,MW,BE,BE,actual_solar_generation,Solar,2026-06-26T21:06:31Z
2026-06-26T21:06:22Z,2026-06-26T23:06:22+0200,58e86286-12ca-447f-8334-9e4372101f50,2026-06-12T23:00:00Z,2026-06-13T01:00:00+0200,0.0,MW,BE,BE,actual_solar_generation,Solar,2026-06-26T21:06:31Z
2026-06-26T21:06:22Z,2026-06-26T23:06:22+0200,58e86286-12ca-447f-8334-9e4372101f50,2026-06-13T00:00:00Z,2026-06-13T02:00:00+0200,0.0,MW,BE,BE,actual_solar_generation,Solar,2026-06-26T21:06:31Z
2026-06-26T21:06:22Z,2026-06-26T23:06:22+0200,58e86286-12ca-447f-8334-9e4372101f50,2026-06-13T01:00:00Z,2026-06-13T03:00:00+0200,0.0,MW,BE,BE,actual_solar_generation,Solar,2026-06-26T21:06:31Z
2026-06-26T21:06:22Z,2026-06-26T23:06:22+0200,58e86286-12ca-447f-8334-9e4372101f50,2026-06-13T02:00:00Z,2026-06-13T04:00:00+0200,0.0,MW,BE,BE,actual_solar_generation,Solar,2026-06-26T21:06:31Z
2026-06-26T21:06:22Z,2026-06-26T23:06:22+0200,58e86286-12ca-447f-8334-9e4372101f50,2026-06-13T03:00:00Z,2026-06-13T05:00:00+0200,2.9965,MW,BE,BE,actual_solar_generation,Solar,2026-06-26T21:06:31Z
2026-06-26T21:06:22Z,2026-06-26T23:06:22+0200,58e86286-12ca-447f-8334-9e4372101f50,2026-06-13T04:00:00Z,2026-06-13T06:00:00+0200,166.058,MW,BE,BE,actual_solar_generation,Solar,2026-06-26T21:06:31Z
2026-06-26T21:06:22Z,2026-06-26T23:06:22+0200,58e86286-12ca-447f-8334-9e4372101f50,2026-06-13T05:00:00Z,2026-06-13T07:00:00+0200,547.7175,MW,BE,BE,actual_solar_generation,Solar,2026-06-26T21:06:31Z
2026-06-26T21:06:22Z,2026-06-26T23:06:22+0200,58e86286-12ca-447f-8334-9e4372101f50,2026-06-13T06:00:00Z,2026-06-13T08:00:00+0200,988.498,MW,BE,BE,actual_solar_generation,Solar,2026-06-26T21:06:31Z
2026-06-26T21:06:22Z,2026-06-26T23:06:22+0200,58e86286-12ca-447f-8334-9e4372101f50,2026-06-13T07:00:00Z,2026-06-13T09:00:00+0200,2056.66375,MW,BE,BE,actual_solar_generation,Solar,2026-06-26T21:06:31Z
2026-06-26T21:06:22Z,2026-06-26T23:06:22+0200,58e86286-12ca-447f-8334-9e4372101f50,2026-06-13T08:00:00Z,2026-06-13T10:00:00+0200,3994.2965,MW,BE,BE,actual_solar_generation,Solar,2026-06-26T21:06:31Z
2026-06-26T21:06:22Z,2026-06-26T23:06:22+0200,58e86286-12ca-447f-8334-9e4372101f50,2026-06-13T09:00:00Z,2026-06-13T11:00:00+0200,4907.89575,MW,BE,BE,actual_solar_generation,Solar,2026-06-26T21:06:31Z
2026-06-26T21:06:22Z,2026-06-26T23:06:22+0200,58e86286-12ca-447f-8334-9e4372101f50,2026-06-13T10:00:00Z,2026-06-13T12:00:00+0200,5423.83725,MW,BE,BE,actual_solar_generation,Solar,2026-06-26T21:06:31Z
2026-06-26T21:06:22Z,2026-06-26T23:06:22+0200,58e86286-12ca-447f-8334-9e4372101f50,2026-06-13T11:00:00Z,2026-06-13T13:00:00+0200,6056.81325,MW,BE,BE,actual_solar_generation,Solar,2026-06-26T21:06:31Z
2026-06-26T21:06:22Z,2026-06-26T23:06:22+0200,58e86286-12ca-447f-8334-9e4372101f50,2026-06-13T12:00:00Z,2026-06-13T14:00:00+0200,5998.5645,MW,BE,BE,actual_solar_generation,Solar,2026-06-26T21:06:31Z
2026-06-26T21:06:22Z,2026-06-26T23:06:22+0200,58e86286-12ca-447f-8334-9e4372101f50,2026-06-13T13:00:00Z,2026-06-13T15:00:00+0200,5713.5495,MW,BE,BE,actual_solar_generation,Solar,2026-06-26T21:06:31Z
2026-06-26T21:06:22Z,2026-06-26T23:06:22+0200,58e86286-12ca-447f-8334-9e4372101f50,2026-06-13T14:00:00Z,2026-06-13T16:00:00+0200,5131.21225,MW,BE,BE,actual_solar_generation,Solar,2026-06-26T21:06:31Z
2026-06-26T21:06:22Z,2026-06-26T23:06:22+0200,58e86286-12ca-447f-8334-9e4372101f50,2026-06-13T15:00:00Z,2026-06-13T17:00:00+0200,3991.05625,MW,BE,BE,actual_solar_generation,Solar,2026-06-26T21:06:31Z
2026-06-26T21:06:22Z,2026-06-26T23:06:22+0200,58e86286-12ca-447f-8334-9e4372101f50,2026-06-13T16:00:00Z,2026-06-13T18:00:00+0200,2581.88675,MW,BE,BE,actual_solar_generation,Solar,2026-06-26T21:06:31Z
2026-06-26T21:06:22Z,2026-06-26T23:06:22+0200,58e86286-12ca-447f-8334-9e4372101f50,2026-06-13T17:00:00Z,2026-06-13T19:00:00+0200,1561.89425,MW,BE,BE,actual_solar_generation,Solar,2026-06-26T21:06:31Z
2026-06-26T21:06:22Z,2026-06-26T23:06:22+0200,58e86286-12ca-447f-8334-9e4372101f50,2026-06-13T18:00:00Z,2026-06-13T20:00:00+0200,648.993,MW,BE,BE,actual_solar_generation,Solar,2026-06-26T21:06:31Z
2026-06-26T21:06:22Z,2026-06-26T23:06:22+0200,58e86286-12ca-447f-8334-9e4372101f50,2026-06-13T19:00:00Z,2026-06-13T21:00:00+0200,94.32975,MW,BE,BE,actual_solar_generation,Solar,2026-06-26T21:06:31Z
2026-06-26T21:06:22Z,2026-06-26T23:06:22+0200,58e86286-12ca-447f-8334-9e4372101f50,2026-06-13T20:00:00Z,2026-06-13T22:00:00+0200,0.0,MW,BE,BE,actual_solar_generation,Solar,2026-06-26T21:06:31Z
2026-06-26T21:06:22Z,2026-06-26T23:06:22+0200,58e86286-12ca-447f-8334-9e4372101f50,2026-06-13T21:00:00Z,2026-06-13T23:00:00+0200,0.0,MW,BE,BE,actual_solar_generation,Solar,2026-06-26T21:06:31Z
2026-06-26T21:06:22Z,2026-06-26T23:06:22+0200,58e86286-12ca-447f-8334-9e4372101f50,2026-06-13T22:00:00Z,2026-06-14T00:00:00+0200,0.0,MW,BE,BE,actual_solar_generation,Solar,2026-06-26T21:06:31Z
2026-06-26T21:06:22Z,2026-06-26T23:06:22+0200,58e86286-12ca-447f-8334-9e4372101f50,2026-06-13T23:00:00Z,2026-06-14T01:00:00+0200,0.0,MW,BE,BE,actual_solar_generation,Solar,2026-06-26T21:06:31Z
2026-06-26T21:06:22Z,2026-06-26T23:06:22+0200,58e86286-12ca-447f-8334-9e4372101f50,2026-06-14T00:00:00Z,2026-06-14T02:00:00+0200,0.0,MW,BE,BE,actual_solar_generation,Solar,2026-06-26T21:06:31Z
2026-06-26T21:06:22Z,2026-06-26T23:06:22+0200,58e86286-12ca-447f-8334-9e4372101f50,2026-06-14T01:00:00Z,2026-06-14T03:00:00+0200,0.0,MW,BE,BE,actual_solar_generation,Solar,2026-06-26T21:06:31Z
2026-06-26T21:06:22Z,2026-06-26T23:06:22+0200,58e86286-12ca-447f-8334-9e4372101f50,2026-06-14T02:00:00Z,2026-06-14T04:00:00+0200,0.0,MW,BE,BE,actual_solar_generation,Solar,2026-06-26T21:06:31Z
2026-06-26T21:06:22Z,2026-06-26T23:06:22+0200,58e86286-12ca-447f-8334-9e4372101f50,2026-06-14T03:00:00Z,2026-06-14T05:00:00+0200,13.3015,MW,BE,BE,actual_solar_generation,Solar,2026-06-26T21:06:31Z
2026-06-26T21:06:22Z,2026-06-26T23:06:22+0200,58e86286-12ca-447f-8334-9e4372101f50,2026-06-14T04:00:00Z,2026-06-14T06:00:00+0200,377.9215,MW,BE,BE,actual_solar_generation,Solar,2026-06-26T21:06:31Z
2026-06-26T21:06:22Z,2026-06-26T23:06:22+0200,58e86286-12ca-447f-8334-9e4372101f50,2026-06-14T05:00:00Z,2026-06-14T07:00:00+0200,1347.87525,MW,BE,BE,actual_solar_generation,Solar,2026-06-26T21:06:31Z
2026-06-26T21:06:22Z,2026-06-26T23:06:22+0200,58e86286-12ca-447f-8334-9e4372101f50,2026-06-14T06:00:00Z,2026-06-14T08:00:00+0200,2372.57125,MW,BE,BE,actual_solar_generation,Solar,2026-06-26T21:06:31Z
2026-06-26T21:06:22Z,2026-06-26T23:06:22+0200,58e86286-12ca-447f-8334-9e4372101f50,2026-06-14T07:00:00Z,2026-06-14T09:00:00+0200,3074.367,MW,BE,BE,actual_solar_generation,Solar,2026-06-26T21:06:31Z
2026-06-26T21:06:22Z,2026-06-26T23:06:22+0200,58e86286-12ca-447f-8334-9e4372101f50,2026-06-14T08:00:00Z,2026-06-14T10:00:00+0200,3724.40775,MW,BE,BE,actual_solar_generation,Solar,2026-06-26T21:06:31Z
2026-06-26T21:06:22Z,2026-06-26T23:06:22+0200,58e86286-12ca-447f-8334-9e4372101f50,2026-06-14T09:00:00Z,2026-06-14T11:00:00+0200,4204.0235,MW,BE,BE,actual_solar_generation,Solar,2026-06-26T21:06:31Z
2026-06-26T21:06:22Z,2026-06-26T23:06:22+0200,58e86286-12ca-447f-8334-9e4372101f50,2026-06-14T10:00:00Z,2026-06-14T12:00:00+0200,4942.22,MW,BE,BE,actual_solar_generation,Solar,2026-06-26T21:06:31Z
2026-06-26T21:06:22Z,2026-06-26T23:06:22+0200,58e86286-12ca-447f-8334-9e4372101f50,2026-06-14T11:00:00Z,2026-06-14T13:00:00+0200,4920.223,MW,BE,BE,actual_solar_generation,Solar,2026-06-26T21:06:31Z
2026-06-26T21:06:22Z,2026-06-26T23:06:22+0200,58e86286-12ca-447f-8334-9e4372101f50,2026-06-14T12:00:00Z,2026-06-14T14:00:00+0200,4734.4025,MW,BE,BE,actual_solar_generation,Solar,2026-06-26T21:06:31Z
2026-06-26T21:06:22Z,2026-06-26T23:06:22+0200,58e86286-12ca-447f-8334-9e4372101f50,2026-06-14T13:00:00Z,2026-06-14T15:00:00+0200,4834.685,MW,BE,BE,actual_solar_generation,Solar,2026-06-26T21:06:31Z
2026-06-26T21:06:22Z,2026-06-26T23:06:22+0200,58e86286-12ca-447f-8334-9e4372101f50,2026-06-14T14:00:00Z,2026-06-14T16:00:00+0200,4614.40025,MW,BE,BE,actual_solar_generation,Solar,2026-06-26T21:06:31Z
2026-06-26T21:06:22Z,2026-06-26T23:06:22+0200,58e86286-12ca-447f-8334-9e4372101f50,2026-06-14T15:00:00Z,2026-06-14T17:00:00+0200,4084.05975,MW,BE,BE,actual_solar_generation,Solar,2026-06-26T21:06:31Z
2026-06-26T21:06:22Z,2026-06-26T23:06:22+0200,58e86286-12ca-447f-8334-9e4372101f50,2026-06-14T16:00:00Z,2026-06-14T18:00:00+0200,2923.25425,MW,BE,BE,actual_solar_generation,Solar,2026-06-26T21:06:31Z
2026-06-26T21:06:22Z,2026-06-26T23:06:22+0200,58e86286-12ca-447f-8334-9e4372101f50,2026-06-14T17:00:00Z,2026-06-14T19:00:00+0200,1647.00425,MW,BE,BE,actual_solar_generation,Solar,2026-06-26T21:06:31Z
2026-06-26T21:06:22Z,2026-06-26T23:06:22+0200,58e86286-12ca-447f-8334-9e4372101f50,2026-06-14T18:00:00Z,2026-06-14T20:00:00+0200,736.325,MW,BE,BE,actual_solar_generation,Solar,2026-06-26T21:06:31Z
2026-06-26T21:06:22Z,2026-06-26T23:06:22+0200,58e86286-12ca-447f-8334-9e4372101f50,2026-06-14T19:00:00Z,2026-06-14T21:00:00+0200,152.40675,MW,BE,BE,actual_solar_generation,Solar,2026-06-26T21:06:31Z
2026-06-26T21:06:22Z,2026-06-26T23:06:22+0200,58e86286-12ca-447f-8334-9e4372101f50,2026-06-14T20:00:00Z,2026-06-14T22:00:00+0200,0.0115,MW,BE,BE,actual_solar_generation,Solar,2026-06-26T21:06:31Z
2026-06-26T21:06:22Z,2026-06-26T23:06:22+0200,58e86286-12ca-447f-8334-9e4372101f50,2026-06-14T21:00:00Z,2026-06-14T23:00:00+0200,0.0,MW,BE,BE,actual_solar_generation,Solar,2026-06-26T21:06:31Z
2026-06-26T21:06:22Z,2026-06-26T23:06:22+0200,58e86286-12ca-447f-8334-9e4372101f50,2026-06-14T22:00:00Z,2026-06-15T00:00:00+0200,0.0,MW,BE,BE,actual_solar_generation,Solar,2026-06-26T21:06:31Z
2026-06-26T21:06:22Z,2026-06-26T23:06:22+0200,58e86286-12ca-447f-8334-9e4372101f50,2026-06-14T23:00:00Z,2026-06-15T01:00:00+0200,0.0,MW,BE,BE,actual_solar_generation,Solar,2026-06-26T21:06:31Z
2026-06-26T21:06:22Z,2026-06-26T23:06:22+0200,58e86286-12ca-447f-8334-9e4372101f50,2026-06-15T00:00:00Z,2026-06-15T02:00:00+0200,0.0,MW,BE,BE,actual_solar_generation,Solar,2026-06-26T21:06:31Z
2026-06-26T21:06:22Z,2026-06-26T23:06:22+0200,58e86286-12ca-447f-8334-9e4372101f50,2026-06-15T01:00:00Z,2026-06-15T03:00:00+0200,0.0,MW,BE,BE,actual_solar_generation,Solar,2026-06-26T21:06:31Z
2026-06-26T21:06:22Z,2026-06-26T23:06:22+0200,58e86286-12ca-447f-8334-9e4372101f50,2026-06-15T02:00:00Z,2026-06-15T04:00:00+0200,0.0,MW,BE,BE,actual_solar_generation,Solar,2026-06-26T21:06:31Z
2026-06-26T21:06:22Z,2026-06-26T23:06:22+0200,58e86286-12ca-447f-8334-9e4372101f50,2026-06-15T03:00:00Z,2026-06-15T05:00:00+0200,2.769,MW,BE,BE,actual_solar_generation,Solar,2026-06-26T21:06:31Z
2026-06-26T21:06:22Z,2026-06-26T23:06:22+0200,58e86286-12ca-447f-8334-9e4372101f50,2026-06-15T04:00:00Z,2026-06-15T06:00:00+0200,212.3965,MW,BE,BE,actual_solar_generation,Solar,2026-06-26T21:06:31Z
2026-06-26T21:06:22Z,2026-06-26T23:06:22+0200,58e86286-12ca-447f-8334-9e4372101f50,2026-06-15T05:00:00Z,2026-06-15T07:00:00+0200,784.8245,MW,BE,BE,actual_solar_generation,Solar,2026-06-26T21:06:31Z
2026-06-26T21:06:22Z,2026-06-26T23:06:22+0200,58e86286-12ca-447f-8334-9e4372101f50,2026-06-15T06:00:00Z,2026-06-15T08:00:00+0200,1650.78375,MW,BE,BE,actual_solar_generation,Solar,2026-06-26T21:06:31Z
2026-06-26T21:06:22Z,2026-06-26T23:06:22+0200,58e86286-12ca-447f-8334-9e4372101f50,2026-06-15T07:00:00Z,2026-06-15T09:00:00+0200,2551.18675,MW,BE,BE,actual_solar_generation,Solar,2026-06-26T21:06:31Z
2026-06-26T21:06:22Z,2026-06-26T23:06:22+0200,58e86286-12ca-447f-8334-9e4372101f50,2026-06-15T08:00:00Z,2026-06-15T10:00:00+0200,3268.137,MW,BE,BE,actual_solar_generation,Solar,2026-06-26T21:06:31Z
2026-06-26T21:06:22Z,2026-06-26T23:06:22+0200,58e86286-12ca-447f-8334-9e4372101f50,2026-06-15T09:00:00Z,2026-06-15T11:00:00+0200,4230.934,MW,BE,BE,actual_solar_generation,Solar,2026-06-26T21:06:31Z
2026-06-26T21:06:22Z,2026-06-26T23:06:22+0200,58e86286-12ca-447f-8334-9e4372101f50,2026-06-15T10:00:00Z,2026-06-15T12:00:00+0200,5148.276,MW,BE,BE,actual_solar_generation,Solar,2026-06-26T21:06:31Z
2026-06-26T21:06:22Z,2026-06-26T23:06:22+0200,58e86286-12ca-447f-8334-9e4372101f50,2026-06-15T11:00:00Z,2026-06-15T13:00:00+0200,5773.85675,MW,BE,BE,actual_solar_generation,Solar,2026-06-26T21:06:31Z
2026-06-26T21:06:22Z,2026-06-26T23:06:22+0200,58e86286-12ca-447f-8334-9e4372101f50,2026-06-15T12:00:00Z,2026-06-15T14:00:00+0200,5478.533,MW,BE,BE,actual_solar_generation,Solar,2026-06-26T21:06:31Z
2026-06-26T21:06:22Z,2026-06-26T23:06:22+0200,58e86286-12ca-447f-8334-9e4372101f50,2026-06-15T13:00:00Z,2026-06-15T15:00:00+0200,4799.09,MW,BE,BE,actual_solar_generation,Solar,2026-06-26T21:06:31Z
2026-06-26T21:06:22Z,2026-06-26T23:06:22+0200,58e86286-12ca-447f-8334-9e4372101f50,2026-06-15T14:00:00Z,2026-06-15T16:00:00+0200,3781.3615,MW,BE,BE,actual_solar_generation,Solar,2026-06-26T21:06:31Z
2026-06-26T21:06:22Z,2026-06-26T23:06:22+0200,58e86286-12ca-447f-8334-9e4372101f50,2026-06-15T15:00:00Z,2026-06-15T17:00:00+0200,3122.7885,MW,BE,BE,actual_solar_generation,Solar,2026-06-26T21:06:31Z
2026-06-26T21:06:22Z,2026-06-26T23:06:22+0200,58e86286-12ca-447f-8334-9e4372101f50,2026-06-15T16:00:00Z,2026-06-15T18:00:00+0200,2419.5355,MW,BE,BE,actual_solar_generation,Solar,2026-06-26T21:06:31Z
2026-06-26T21:06:22Z,2026-06-26T23:06:22+0200,58e86286-12ca-447f-8334-9e4372101f50,2026-06-15T17:00:00Z,2026-06-15T19:00:00+0200,1393.0705,MW,BE,BE,actual_solar_generation,Solar,2026-06-26T21:06:31Z
2026-06-26T21:06:22Z,2026-06-26T23:06:22+0200,58e86286-12ca-447f-8334-9e4372101f50,2026-06-15T18:00:00Z,2026-06-15T20:00:00+0200,591.26425,MW,BE,BE,actual_solar_generation,Solar,2026-06-26T21:06:31Z
2026-06-26T21:06:22Z,2026-06-26T23:06:22+0200,58e86286-12ca-447f-8334-9e4372101f50,2026-06-15T19:00:00Z,2026-06-15T21:00:00+0200,80.74225,MW,BE,BE,actual_solar_generation,Solar,2026-06-26T21:06:31Z
2026-06-26T21:06:22Z,2026-06-26T23:06:22+0200,58e86286-12ca-447f-8334-9e4372101f50,2026-06-15T20:00:00Z,2026-06-15T22:00:00+0200,0.0005,MW,BE,BE,actual_solar_generation,Solar,2026-06-26T21:06:31Z
2026-06-26T21:06:22Z,2026-06-26T23:06:22+0200,58e86286-12ca-447f-8334-9e4372101f50,2026-06-15T21:00:00Z,2026-06-15T23:00:00+0200,0.0,MW,BE,BE,actual_solar_generation,Solar,2026-06-26T21:06:31Z
2026-06-26T21:06:22Z,2026-06-26T23:06:22+0200,58e86286-12ca-447f-8334-9e4372101f50,2026-06-15T22:00:00Z,2026-06-16T00:00:00+0200,0.0,MW,BE,BE,actual_solar_generation,Solar,2026-06-26T21:06:31Z
2026-06-26T21:06:22Z,2026-06-26T23:06:22+0200,58e86286-12ca-447f-8334-9e4372101f50,2026-06-15T23:00:00Z,2026-06-16T01:00:00+0200,0.0,MW,BE,BE,actual_solar_generation,Solar,2026-06-26T21:06:31Z
2026-06-26T21:06:22Z,2026-06-26T23:06:22+0200,58e86286-12ca-447f-8334-9e4372101f50,2026-06-16T00:00:00Z,2026-06-16T02:00:00+0200,0.0,MW,BE,BE,actual_solar_generation,Solar,2026-06-26T21:06:31Z
2026-06-26T21:06:22Z,2026-06-26T23:06:22+0200,58e86286-12ca-447f-8334-9e4372101f50,2026-06-16T01:00:00Z,2026-06-16T03:00:00+0200,0.0,MW,BE,BE,actual_solar_generation,Solar,2026-06-26T21:06:31Z
2026-06-26T21:06:22Z,2026-06-26T23:06:22+0200,58e86286-12ca-447f-8334-9e4372101f50,2026-06-16T02:00:00Z,2026-06-16T04:00:00+0200,0.0,MW,BE,BE,actual_solar_generation,Solar,2026-06-26T21:06:31Z
2026-06-26T21:06:22Z,2026-06-26T23:06:22+0200,58e86286-12ca-447f-8334-9e4372101f50,2026-06-16T03:00:00Z,2026-06-16T05:00:00+0200,1.38725,MW,BE,BE,actual_solar_generation,Solar,2026-06-26T21:06:31Z
2026-06-26T21:06:22Z,2026-06-26T23:06:22+0200,58e86286-12ca-447f-8334-9e4372101f50,2026-06-16T04:00:00Z,2026-06-16T06:00:00+0200,198.03375,MW,BE,BE,actual_solar_generation,Solar,2026-06-26T21:06:31Z
2026-06-26T21:06:22Z,2026-06-26T23:06:22+0200,58e86286-12ca-447f-8334-9e4372101f50,2026-06-16T05:00:00Z,2026-06-16T07:00:00+0200,664.45275,MW,BE,BE,actual_solar_generation,Solar,2026-06-26T21:06:31Z
2026-06-26T21:06:22Z,2026-06-26T23:06:22+0200,58e86286-12ca-447f-8334-9e4372101f50,2026-06-16T06:00:00Z,2026-06-16T08:00:00+0200,1349.515,MW,BE,BE,actual_solar_generation,Solar,2026-06-26T21:06:31Z
2026-06-26T21:06:22Z,2026-06-26T23:06:22+0200,58e86286-12ca-447f-8334-9e4372101f50,2026-06-16T07:00:00Z,2026-06-16T09:00:00+0200,2246.0365,MW,BE,BE,actual_solar_generation,Solar,2026-06-26T21:06:31Z
2026-06-26T21:06:22Z,2026-06-26T23:06:22+0200,58e86286-12ca-447f-8334-9e4372101f50,2026-06-16T08:00:00Z,2026-06-16T10:00:00+0200,3716.11175,MW,BE,BE,actual_solar_generation,Solar,2026-06-26T21:06:31Z
2026-06-26T21:06:22Z,2026-06-26T23:06:22+0200,58e86286-12ca-447f-8334-9e4372101f50,2026-06-16T09:00:00Z,2026-06-16T11:00:00+0200,5866.02875,MW,BE,BE,actual_solar_generation,Solar,2026-06-26T21:06:31Z
2026-06-26T21:06:22Z,2026-06-26T23:06:22+0200,58e86286-12ca-447f-8334-9e4372101f50,2026-06-16T10:00:00Z,2026-06-16T12:00:00+0200,7086.9055,MW,BE,BE,actual_solar_generation,Solar,2026-06-26T21:06:31Z
2026-06-26T21:06:22Z,2026-06-26T23:06:22+0200,58e86286-12ca-447f-8334-9e4372101f50,2026-06-16T11:00:00Z,2026-06-16T13:00:00+0200,7549.87975,MW,BE,BE,actual_solar_generation,Solar,2026-06-26T21:06:31Z
2026-06-26T21:06:22Z,2026-06-26T23:06:22+0200,58e86286-12ca-447f-8334-9e4372101f50,2026-06-16T12:00:00Z,2026-06-16T14:00:00+0200,7480.52725,MW,BE,BE,actual_solar_generation,Solar,2026-06-26T21:06:31Z
2026-06-26T21:06:22Z,2026-06-26T23:06:22+0200,58e86286-12ca-447f-8334-9e4372101f50,2026-06-16T13:00:00Z,2026-06-16T15:00:00+0200,7001.22475,MW,BE,BE,actual_solar_generation,Solar,2026-06-26T21:06:31Z
2026-06-26T21:06:22Z,2026-06-26T23:06:22+0200,58e86286-12ca-447f-8334-9e4372101f50,2026-06-16T14:00:00Z,2026-06-16T16:00:00+0200,5911.63825,MW,BE,BE,actual_solar_generation,Solar,2026-06-26T21:06:31Z
2026-06-26T21:06:22Z,2026-06-26T23:06:22+0200,58e86286-12ca-447f-8334-9e4372101f50,2026-06-16T15:00:00Z,2026-06-16T17:00:00+0200,4629.0025,MW,BE,BE,actual_solar_generation,Solar,2026-06-26T21:06:31Z
2026-06-26T21:06:22Z,2026-06-26T23:06:22+0200,58e86286-12ca-447f-8334-9e4372101f50,2026-06-16T16:00:00Z,2026-06-16T18:00:00+0200,3164.03275,MW,BE,BE,actual_solar_generation,Solar,2026-06-26T21:06:31Z
2026-06-26T21:06:22Z,2026-06-26T23:06:22+0200,58e86286-12ca-447f-8334-9e4372101f50,2026-06-16T17:00:00Z,2026-06-16T19:00:00+0200,1793.6795,MW,BE,BE,actual_solar_generation,Solar,2026-06-26T21:06:31Z
2026-06-26T21:06:22Z,2026-06-26T23:06:22+0200,58e86286-12ca-447f-8334-9e4372101f50,2026-06-16T18:00:00Z,2026-06-16T20:00:00+0200,789.88175,MW,BE,BE,actual_solar_generation,Solar,2026-06-26T21:06:31Z
2026-06-26T21:06:22Z,2026-06-26T23:06:22+0200,58e86286-12ca-447f-8334-9e4372101f50,2026-06-16T19:00:00Z,2026-06-16T21:00:00+0200,97.1815,MW,BE,BE,actual_solar_generation,Solar,2026-06-26T21:06:31Z
2026-06-26T21:06:22Z,2026-06-26T23:06:22+0200,58e86286-12ca-447f-8334-9e4372101f50,2026-06-16T20:00:00Z,2026-06-16T22:00:00+0200,0.00275,MW,BE,BE,actual_solar_generation,Solar,2026-06-26T21:06:31Z
2026-06-26T21:06:22Z,2026-06-26T23:06:22+0200,58e86286-12ca-447f-8334-9e4372101f50,2026-06-16T21:00:00Z,2026-06-16T23:00:00+0200,0.0,MW,BE,BE,actual_solar_generation,Solar,2026-06-26T21:06:31Z
2026-06-26T21:06:22Z,2026-06-26T23:06:22+0200,58e86286-12ca-447f-8334-9e4372101f50,2026-06-16T22:00:00Z,2026-06-17T00:00:00+0200,0.0,MW,BE,BE,actual_solar_generation,Solar,2026-06-26T21:06:31Z
2026-06-26T21:06:22Z,2026-06-26T23:06:22+0200,58e86286-12ca-447f-8334-9e4372101f50,2026-06-16T23:00:00Z,2026-06-17T01:00:00+0200,0.0,MW,BE,BE,actual_solar_generation,Solar,2026-06-26T21:06:31Z
2026-06-26T21:06:22Z,2026-06-26T23:06:22+0200,58e86286-12ca-447f-8334-9e4372101f50,2026-06-17T00:00:00Z,2026-06-17T02:00:00+0200,0.0,MW,BE,BE,actual_solar_generation,Solar,2026-06-26T21:06:31Z
2026-06-26T21:06:22Z,2026-06-26T23:06:22+0200,58e86286-12ca-447f-8334-9e4372101f50,2026-06-17T01:00:00Z,2026-06-17T03:00:00+0200,0.0,MW,BE,BE,actual_solar_generation,Solar,2026-06-26T21:06:31Z
2026-06-26T21:06:22Z,2026-06-26T23:06:22+0200,58e86286-12ca-447f-8334-9e4372101f50,2026-06-17T02:00:00Z,2026-06-17T04:00:00+0200,0.0,MW,BE,BE,actual_solar_generation,Solar,2026-06-26T21:06:31Z
2026-06-26T21:06:22Z,2026-06-26T23:06:22+0200,58e86286-12ca-447f-8334-9e4372101f50,2026-06-17T03:00:00Z,2026-06-17T05:00:00+0200,10.11225,MW,BE,BE,actual_solar_generation,Solar,2026-06-26T21:06:31Z
2026-06-26T21:06:22Z,2026-06-26T23:06:22+0200,58e86286-12ca-447f-8334-9e4372101f50,2026-06-17T04:00:00Z,2026-06-17T06:00:00+0200,278.3575,MW,BE,BE,actual_solar_generation,Solar,2026-06-26T21:06:31Z
2026-06-26T21:06:22Z,2026-06-26T23:06:22+0200,58e86286-12ca-447f-8334-9e4372101f50,2026-06-17T05:00:00Z,2026-06-17T07:00:00+0200,936.2825,MW,BE,BE,actual_solar_generation,Solar,2026-06-26T21:06:31Z
2026-06-26T21:06:22Z,2026-06-26T23:06:22+0200,58e86286-12ca-447f-8334-9e4372101f50,2026-06-17T06:00:00Z,2026-06-17T08:00:00+0200,1856.971,MW,BE,BE,actual_solar_generation,Solar,2026-06-26T21:06:31Z
2026-06-26T21:06:22Z,2026-06-26T23:06:22+0200,58e86286-12ca-447f-8334-9e4372101f50,2026-06-17T07:00:00Z,2026-06-17T09:00:00+0200,2876.875,MW,BE,BE,actual_solar_generation,Solar,2026-06-26T21:06:31Z
2026-06-26T21:06:22Z,2026-06-26T23:06:22+0200,58e86286-12ca-447f-8334-9e4372101f50,2026-06-17T08:00:00Z,2026-06-17T10:00:00+0200,3541.71025,MW,BE,BE,actual_solar_generation,Solar,2026-06-26T21:06:31Z
2026-06-26T21:06:22Z,2026-06-26T23:06:22+0200,58e86286-12ca-447f-8334-9e4372101f50,2026-06-17T09:00:00Z,2026-06-17T11:00:00+0200,3990.6855,MW,BE,BE,actual_solar_generation,Solar,2026-06-26T21:06:31Z
2026-06-26T21:06:22Z,2026-06-26T23:06:22+0200,58e86286-12ca-447f-8334-9e4372101f50,2026-06-17T10:00:00Z,2026-06-17T12:00:00+0200,5120.777,MW,BE,BE,actual_solar_generation,Solar,2026-06-26T21:06:31Z
2026-06-26T21:06:22Z,2026-06-26T23:06:22+0200,58e86286-12ca-447f-8334-9e4372101f50,2026-06-17T11:00:00Z,2026-06-17T13:00:00+0200,5654.857,MW,BE,BE,actual_solar_generation,Solar,2026-06-26T21:06:31Z
2026-06-26T21:06:22Z,2026-06-26T23:06:22+0200,58e86286-12ca-447f-8334-9e4372101f50,2026-06-17T12:00:00Z,2026-06-17T14:00:00+0200,5704.55025,MW,BE,BE,actual_solar_generation,Solar,2026-06-26T21:06:31Z
2026-06-26T21:06:22Z,2026-06-26T23:06:22+0200,58e86286-12ca-447f-8334-9e4372101f50,2026-06-17T13:00:00Z,2026-06-17T15:00:00+0200,5402.83575,MW,BE,BE,actual_solar_generation,Solar,2026-06-26T21:06:31Z
2026-06-26T21:06:22Z,2026-06-26T23:06:22+0200,58e86286-12ca-447f-8334-9e4372101f50,2026-06-17T14:00:00Z,2026-06-17T16:00:00+0200,4920.7075,MW,BE,BE,actual_solar_generation,Solar,2026-06-26T21:06:31Z
2026-06-26T21:06:22Z,2026-06-26T23:06:22+0200,58e86286-12ca-447f-8334-9e4372101f50,2026-06-17T15:00:00Z,2026-06-17T17:00:00+0200,4172.0275,MW,BE,BE,actual_solar_generation,Solar,2026-06-26T21:06:31Z
2026-06-26T21:06:22Z,2026-06-26T23:06:22+0200,58e86286-12ca-447f-8334-9e4372101f50,2026-06-17T16:00:00Z,2026-06-17T18:00:00+0200,2832.441,MW,BE,BE,actual_solar_generation,Solar,2026-06-26T21:06:31Z
2026-06-26T21:06:22Z,2026-06-26T23:06:22+0200,58e86286-12ca-447f-8334-9e4372101f50,2026-06-17T17:00:00Z,2026-06-17T19:00:00+0200,1598.2955,MW,BE,BE,actual_solar_generation,Solar,2026-06-26T21:06:31Z
2026-06-26T21:06:22Z,2026-06-26T23:06:22+0200,58e86286-12ca-447f-8334-9e4372101f50,2026-06-17T18:00:00Z,2026-06-17T20:00:00+0200,687.029,MW,BE,BE,actual_solar_generation,Solar,2026-06-26T21:06:31Z
2026-06-26T21:06:22Z,2026-06-26T23:06:22+0200,58e86286-12ca-447f-8334-9e4372101f50,2026-06-17T19:00:00Z,2026-06-17T21:00:00+0200,108.25625,MW,BE,BE,actual_solar_generation,Solar,2026-06-26T21:06:31Z
2026-06-26T21:06:22Z,2026-06-26T23:06:22+0200,58e86286-12ca-447f-8334-9e4372101f50,2026-06-17T20:00:00Z,2026-06-17T22:00:00+0200,0.0,MW,BE,BE,actual_solar_generation,Solar,2026-06-26T21:06:31Z
2026-06-26T21:06:22Z,2026-06-26T23:06:22+0200,58e86286-12ca-447f-8334-9e4372101f50,2026-06-17T21:00:00Z,2026-06-17T23:00:00+0200,0.0,MW,BE,BE,actual_solar_generation,Solar,2026-06-26T21:06:31Z
2026-06-26T21:06:22Z,2026-06-26T23:06:22+0200,58e86286-12ca-447f-8334-9e4372101f50,2026-06-17T22:00:00Z,2026-06-18T00:00:00+0200,0.0,MW,BE,BE,actual_solar_generation,Solar,2026-06-26T21:06:31Z
2026-06-26T21:06:22Z,2026-06-26T23:06:22+0200,58e86286-12ca-447f-8334-9e4372101f50,2026-06-17T23:00:00Z,2026-06-18T01:00:00+0200,0.0,MW,BE,BE,actual_solar_generation,Solar,2026-06-26T21:06:31Z
2026-06-26T21:06:22Z,2026-06-26T23:06:22+0200,58e86286-12ca-447f-8334-9e4372101f50,2026-06-18T00:00:00Z,2026-06-18T02:00:00+0200,0.0,MW,BE,BE,actual_solar_generation,Solar,2026-06-26T21:06:31Z
2026-06-26T21:06:22Z,2026-06-26T23:06:22+0200,58e86286-12ca-447f-8334-9e4372101f50,2026-06-18T01:00:00Z,2026-06-18T03:00:00+0200,0.0,MW,BE,BE,actual_solar_generation,Solar,2026-06-26T21:06:31Z
2026-06-26T21:06:22Z,2026-06-26T23:06:22+0200,58e86286-12ca-447f-8334-9e4372101f50,2026-06-18T02:00:00Z,2026-06-18T04:00:00+0200,0.0,MW,BE,BE,actual_solar_generation,Solar,2026-06-26T21:06:31Z
2026-06-26T21:06:22Z,2026-06-26T23:06:22+0200,58e86286-12ca-447f-8334-9e4372101f50,2026-06-18T03:00:00Z,2026-06-18T05:00:00+0200,12.4035,MW,BE,BE,actual_solar_generation,Solar,2026-06-26T21:06:31Z
2026-06-26T21:06:22Z,2026-06-26T23:06:22+0200,58e86286-12ca-447f-8334-9e4372101f50,2026-06-18T04:00:00Z,2026-06-18T06:00:00+0200,380.6635,MW,BE,BE,actual_solar_generation,Solar,2026-06-26T21:06:31Z
2026-06-26T21:06:22Z,2026-06-26T23:06:22+0200,58e86286-12ca-447f-8334-9e4372101f50,2026-06-18T05:00:00Z,2026-06-18T07:00:00+0200,1295.47075,MW,BE,BE,actual_solar_generation,Solar,2026-06-26T21:06:31Z
2026-06-26T21:06:22Z,2026-06-26T23:06:22+0200,58e86286-12ca-447f-8334-9e4372101f50,2026-06-18T06:00:00Z,2026-06-18T08:00:00+0200,2565.69525,MW,BE,BE,actual_solar_generation,Solar,2026-06-26T21:06:31Z
2026-06-26T21:06:22Z,2026-06-26T23:06:22+0200,58e86286-12ca-447f-8334-9e4372101f50,2026-06-18T07:00:00Z,2026-06-18T09:00:00+0200,4106.536,MW,BE,BE,actual_solar_generation,Solar,2026-06-26T21:06:31Z
2026-06-26T21:06:22Z,2026-06-26T23:06:22+0200,58e86286-12ca-447f-8334-9e4372101f50,2026-06-18T08:00:00Z,2026-06-18T10:00:00+0200,5635.47,MW,BE,BE,actual_solar_generation,Solar,2026-06-26T21:06:31Z
2026-06-26T21:06:22Z,2026-06-26T23:06:22+0200,58e86286-12ca-447f-8334-9e4372101f50,2026-06-18T09:00:00Z,2026-06-18T11:00:00+0200,6904.929,MW,BE,BE,actual_solar_generation,Solar,2026-06-26T21:06:31Z
2026-06-26T21:06:22Z,2026-06-26T23:06:22+0200,58e86286-12ca-447f-8334-9e4372101f50,2026-06-18T10:00:00Z,2026-06-18T12:00:00+0200,7675.27475,MW,BE,BE,actual_solar_generation,Solar,2026-06-26T21:06:31Z
2026-06-26T21:06:22Z,2026-06-26T23:06:22+0200,58e86286-12ca-447f-8334-9e4372101f50,2026-06-18T11:00:00Z,2026-06-18T13:00:00+0200,7937.74475,MW,BE,BE,actual_solar_generation,Solar,2026-06-26T21:06:31Z
2026-06-26T21:06:22Z,2026-06-26T23:06:22+0200,58e86286-12ca-447f-8334-9e4372101f50,2026-06-18T12:00:00Z,2026-06-18T14:00:00+0200,7743.90225,MW,BE,BE,actual_solar_generation,Solar,2026-06-26T21:06:31Z
2026-06-26T21:06:22Z,2026-06-26T23:06:22+0200,58e86286-12ca-447f-8334-9e4372101f50,2026-06-18T13:00:00Z,2026-06-18T15:00:00+0200,7088.20475,MW,BE,BE,actual_solar_generation,Solar,2026-06-26T21:06:31Z
2026-06-26T21:06:22Z,2026-06-26T23:06:22+0200,58e86286-12ca-447f-8334-9e4372101f50,2026-06-18T14:00:00Z,2026-06-18T16:00:00+0200,5850.851,MW,BE,BE,actual_solar_generation,Solar,2026-06-26T21:06:31Z
2026-06-26T21:06:22Z,2026-06-26T23:06:22+0200,58e86286-12ca-447f-8334-9e4372101f50,2026-06-18T15:00:00Z,2026-06-18T17:00:00+0200,3775.07,MW,BE,BE,actual_solar_generation,Solar,2026-06-26T21:06:31Z
2026-06-26T21:06:22Z,2026-06-26T23:06:22+0200,58e86286-12ca-447f-8334-9e4372101f50,2026-06-18T16:00:00Z,2026-06-18T18:00:00+0200,1868.37225,MW,BE,BE,actual_solar_generation,Solar,2026-06-26T21:06:31Z
2026-06-26T21:06:22Z,2026-06-26T23:06:22+0200,58e86286-12ca-447f-8334-9e4372101f50,2026-06-18T17:00:00Z,2026-06-18T19:00:00+0200,643.70025,MW,BE,BE,actual_solar_generation,Solar,2026-06-26T21:06:31Z
2026-06-26T21:06:22Z,2026-06-26T23:06:22+0200,58e86286-12ca-447f-8334-9e4372101f50,2026-06-18T18:00:00Z,2026-06-18T20:00:00+0200,166.69425,MW,BE,BE,actual_solar_generation,Solar,2026-06-26T21:06:31Z
2026-06-26T21:06:22Z,2026-06-26T23:06:22+0200,58e86286-12ca-447f-8334-9e4372101f50,2026-06-18T19:00:00Z,2026-06-18T21:00:00+0200,61.2495,MW,BE,BE,actual_solar_generation,Solar,2026-06-26T21:06:31Z
2026-06-26T21:06:22Z,2026-06-26T23:06:22+0200,58e86286-12ca-447f-8334-9e4372101f50,2026-06-18T20:00:00Z,2026-06-18T22:00:00+0200,0.00075,MW,BE,BE,actual_solar_generation,Solar,2026-06-26T21:06:31Z
2026-06-26T21:06:22Z,2026-06-26T23:06:22+0200,58e86286-12ca-447f-8334-9e4372101f50,2026-06-18T21:00:00Z,2026-06-18T23:00:00+0200,0.0,MW,BE,BE,actual_solar_generation,Solar,2026-06-26T21:06:31Z
2026-06-26T21:06:22Z,2026-06-26T23:06:22+0200,58e86286-12ca-447f-8334-9e4372101f50,2026-06-18T22:00:00Z,2026-06-19T00:00:00+0200,0.0,MW,BE,BE,actual_solar_generation,Solar,2026-06-26T21:06:31Z
2026-06-26T21:06:22Z,2026-06-26T23:06:22+0200,58e86286-12ca-447f-8334-9e4372101f50,2026-06-18T23:00:00Z,2026-06-19T01:00:00+0200,0.0,MW,BE,BE,actual_solar_generation,Solar,2026-06-26T21:06:31Z
2026-06-26T21:06:22Z,2026-06-26T23:06:22+0200,58e86286-12ca-447f-8334-9e4372101f50,2026-06-19T00:00:00Z,2026-06-19T02:00:00+0200,0.0,MW,BE,BE,actual_solar_generation,Solar,2026-06-26T21:06:31Z
2026-06-26T21:06:22Z,2026-06-26T23:06:22+0200,58e86286-12ca-447f-8334-9e4372101f50,2026-06-19T01:00:00Z,2026-06-19T03:00:00+0200,0.0,MW,BE,BE,actual_solar_generation,Solar,2026-06-26T21:06:31Z
2026-06-26T21:06:22Z,2026-06-26T23:06:22+0200,58e86286-12ca-447f-8334-9e4372101f50,2026-06-19T02:00:00Z,2026-06-19T04:00:00+0200,0.0,MW,BE,BE,actual_solar_generation,Solar,2026-06-26T21:06:31Z
2026-06-26T21:06:22Z,2026-06-26T23:06:22+0200,58e86286-12ca-447f-8334-9e4372101f50,2026-06-19T03:00:00Z,2026-06-19T05:00:00+0200,7.19075,MW,BE,BE,actual_solar_generation,Solar,2026-06-26T21:06:31Z
2026-06-26T21:06:22Z,2026-06-26T23:06:22+0200,58e86286-12ca-447f-8334-9e4372101f50,2026-06-19T04:00:00Z,2026-06-19T06:00:00+0200,357.307,MW,BE,BE,actual_solar_generation,Solar,2026-06-26T21:06:31Z
2026-06-26T21:06:22Z,2026-06-26T23:06:22+0200,58e86286-12ca-447f-8334-9e4372101f50,2026-06-19T05:00:00Z,2026-06-19T07:00:00+0200,1207.7325,MW,BE,BE,actual_solar_generation,Solar,2026-06-26T21:06:31Z
2026-06-26T21:06:22Z,2026-06-26T23:06:22+0200,58e86286-12ca-447f-8334-9e4372101f50,2026-06-19T06:00:00Z,2026-06-19T08:00:00+0200,2443.4835,MW,BE,BE,actual_solar_generation,Solar,2026-06-26T21:06:31Z
2026-06-26T21:06:22Z,2026-06-26T23:06:22+0200,58e86286-12ca-447f-8334-9e4372101f50,2026-06-19T07:00:00Z,2026-06-19T09:00:00+0200,4014.09925,MW,BE,BE,actual_solar_generation,Solar,2026-06-26T21:06:31Z
2026-06-26T21:06:22Z,2026-06-26T23:06:22+0200,58e86286-12ca-447f-8334-9e4372101f50,2026-06-19T08:00:00Z,2026-06-19T10:00:00+0200,5552.01575,MW,BE,BE,actual_solar_generation,Solar,2026-06-26T21:06:31Z
2026-06-26T21:06:22Z,2026-06-26T23:06:22+0200,58e86286-12ca-447f-8334-9e4372101f50,2026-06-19T09:00:00Z,2026-06-19T11:00:00+0200,6784.936,MW,BE,BE,actual_solar_generation,Solar,2026-06-26T21:06:31Z
2026-06-26T21:06:22Z,2026-06-26T23:06:22+0200,58e86286-12ca-447f-8334-9e4372101f50,2026-06-19T10:00:00Z,2026-06-19T12:00:00+0200,7529.83375,MW,BE,BE,actual_solar_generation,Solar,2026-06-26T21:06:31Z
2026-06-26T21:06:22Z,2026-06-26T23:06:22+0200,58e86286-12ca-447f-8334-9e4372101f50,2026-06-19T11:00:00Z,2026-06-19T13:00:00+0200,7252.19775,MW,BE,BE,actual_solar_generation,Solar,2026-06-26T21:06:31Z
2026-06-26T21:06:22Z,2026-06-26T23:06:22+0200,58e86286-12ca-447f-8334-9e4372101f50,2026-06-19T12:00:00Z,2026-06-19T14:00:00+0200,6650.32325,MW,BE,BE,actual_solar_generation,Solar,2026-06-26T21:06:31Z
2026-06-26T21:06:22Z,2026-06-26T23:06:22+0200,58e86286-12ca-447f-8334-9e4372101f50,2026-06-19T13:00:00Z,2026-06-19T15:00:00+0200,6625.16175,MW,BE,BE,actual_solar_generation,Solar,2026-06-26T21:06:31Z
2026-06-26T21:06:22Z,2026-06-26T23:06:22+0200,58e86286-12ca-447f-8334-9e4372101f50,2026-06-19T14:00:00Z,2026-06-19T16:00:00+0200,5782.63625,MW,BE,BE,actual_solar_generation,Solar,2026-06-26T21:06:31Z
2026-06-26T21:06:22Z,2026-06-26T23:06:22+0200,58e86286-12ca-447f-8334-9e4372101f50,2026-06-19T15:00:00Z,2026-06-19T17:00:00+0200,4327.736,MW,BE,BE,actual_solar_generation,Solar,2026-06-26T21:06:31Z
2026-06-26T21:06:22Z,2026-06-26T23:06:22+0200,58e86286-12ca-447f-8334-9e4372101f50,2026-06-19T16:00:00Z,2026-06-19T18:00:00+0200,2684.015,MW,BE,BE,actual_solar_generation,Solar,2026-06-26T21:06:31Z
2026-06-26T21:06:22Z,2026-06-26T23:06:22+0200,58e86286-12ca-447f-8334-9e4372101f50,2026-06-19T17:00:00Z,2026-06-19T19:00:00+0200,921.07575,MW,BE,BE,actual_solar_generation,Solar,2026-06-26T21:06:31Z
2026-06-26T21:06:22Z,2026-06-26T23:06:22+0200,58e86286-12ca-447f-8334-9e4372101f50,2026-06-19T18:00:00Z,2026-06-19T20:00:00+0200,175.1325,MW,BE,BE,actual_solar_generation,Solar,2026-06-26T21:06:31Z
2026-06-26T21:06:22Z,2026-06-26T23:06:22+0200,58e86286-12ca-447f-8334-9e4372101f50,2026-06-19T19:00:00Z,2026-06-19T21:00:00+0200,8.741,MW,BE,BE,actual_solar_generation,Solar,2026-06-26T21:06:31Z
2026-06-26T21:06:22Z,2026-06-26T23:06:22+0200,58e86286-12ca-447f-8334-9e4372101f50,2026-06-19T20:00:00Z,2026-06-19T22:00:00+0200,0.026,MW,BE,BE,actual_solar_generation,Solar,2026-06-26T21:06:31Z
2026-06-26T21:06:22Z,2026-06-26T23:06:22+0200,58e86286-12ca-447f-8334-9e4372101f50,2026-06-19T21:00:00Z,2026-06-19T23:00:00+0200,0.0,MW,BE,BE,actual_solar_generation,Solar,2026-06-26T21:06:31Z
2026-06-26T21:06:22Z,2026-06-26T23:06:22+0200,58e86286-12ca-447f-8334-9e4372101f50,2026-06-19T22:00:00Z,2026-06-20T00:00:00+0200,0.0,MW,BE,BE,actual_solar_generation,Solar,2026-06-26T21:06:31Z
2026-06-26T21:06:22Z,2026-06-26T23:06:22+0200,58e86286-12ca-447f-8334-9e4372101f50,2026-06-19T23:00:00Z,2026-06-20T01:00:00+0200,0.0,MW,BE,BE,actual_solar_generation,Solar,2026-06-26T21:06:31Z
2026-06-26T21:06:22Z,2026-06-26T23:06:22+0200,58e86286-12ca-447f-8334-9e4372101f50,2026-06-20T00:00:00Z,2026-06-20T02:00:00+0200,0.0,MW,BE,BE,actual_solar_generation,Solar,2026-06-26T21:06:31Z
2026-06-26T21:06:22Z,2026-06-26T23:06:22+0200,58e86286-12ca-447f-8334-9e4372101f50,2026-06-20T01:00:00Z,2026-06-20T03:00:00+0200,0.0,MW,BE,BE,actual_solar_generation,Solar,2026-06-26T21:06:31Z
2026-06-26T21:06:22Z,2026-06-26T23:06:22+0200,58e86286-12ca-447f-8334-9e4372101f50,2026-06-20T02:00:00Z,2026-06-20T04:00:00+0200,0.0,MW,BE,BE,actual_solar_generation,Solar,2026-06-26T21:06:31Z
2026-06-26T21:06:22Z,2026-06-26T23:06:22+0200,58e86286-12ca-447f-8334-9e4372101f50,2026-06-20T03:00:00Z,2026-06-20T05:00:00+0200,4.88325,MW,BE,BE,actual_solar_generation,Solar,2026-06-26T21:06:31Z
2026-06-26T21:06:22Z,2026-06-26T23:06:22+0200,58e86286-12ca-447f-8334-9e4372101f50,2026-06-20T04:00:00Z,2026-06-20T06:00:00+0200,327.5815,MW,BE,BE,actual_solar_generation,Solar,2026-06-26T21:06:31Z
2026-06-26T21:06:22Z,2026-06-26T23:06:22+0200,58e86286-12ca-447f-8334-9e4372101f50,2026-06-20T05:00:00Z,2026-06-20T07:00:00+0200,1183.135,MW,BE,BE,actual_solar_generation,Solar,2026-06-26T21:06:31Z
2026-06-26T21:06:22Z,2026-06-26T23:06:22+0200,58e86286-12ca-447f-8334-9e4372101f50,2026-06-20T06:00:00Z,2026-06-20T08:00:00+0200,2474.96025,MW,BE,BE,actual_solar_generation,Solar,2026-06-26T21:06:31Z
2026-06-26T21:06:22Z,2026-06-26T23:06:22+0200,58e86286-12ca-447f-8334-9e4372101f50,2026-06-20T07:00:00Z,2026-06-20T09:00:00+0200,3988.5985,MW,BE,BE,actual_solar_generation,Solar,2026-06-26T21:06:31Z
2026-06-26T21:06:22Z,2026-06-26T23:06:22+0200,58e86286-12ca-447f-8334-9e4372101f50,2026-06-20T08:00:00Z,2026-06-20T10:00:00+0200,5568.232,MW,BE,BE,actual_solar_generation,Solar,2026-06-26T21:06:31Z
2026-06-26T21:06:22Z,2026-06-26T23:06:22+0200,58e86286-12ca-447f-8334-9e4372101f50,2026-06-20T09:00:00Z,2026-06-20T11:00:00+0200,6889.90175,MW,BE,BE,actual_solar_generation,Solar,2026-06-26T21:06:31Z
2026-06-26T21:06:22Z,2026-06-26T23:06:22+0200,58e86286-12ca-447f-8334-9e4372101f50,2026-06-20T10:00:00Z,2026-06-20T12:00:00+0200,7756.228,MW,BE,BE,actual_solar_generation,Solar,2026-06-26T21:06:31Z
2026-06-26T21:06:22Z,2026-06-26T23:06:22+0200,58e86286-12ca-447f-8334-9e4372101f50,2026-06-20T11:00:00Z,2026-06-20T13:00:00+0200,8097.3515,MW,BE,BE,actual_solar_generation,Solar,2026-06-26T21:06:31Z
2026-06-26T21:06:22Z,2026-06-26T23:06:22+0200,58e86286-12ca-447f-8334-9e4372101f50,2026-06-20T12:00:00Z,2026-06-20T14:00:00+0200,7858.81325,MW,BE,BE,actual_solar_generation,Solar,2026-06-26T21:06:31Z
2026-06-26T21:06:22Z,2026-06-26T23:06:22+0200,58e86286-12ca-447f-8334-9e4372101f50,2026-06-20T13:00:00Z,2026-06-20T15:00:00+0200,7045.95925,MW,BE,BE,actual_solar_generation,Solar,2026-06-26T21:06:31Z
2026-06-26T21:06:22Z,2026-06-26T23:06:22+0200,58e86286-12ca-447f-8334-9e4372101f50,2026-06-20T14:00:00Z,2026-06-20T16:00:00+0200,5965.20525,MW,BE,BE,actual_solar_generation,Solar,2026-06-26T21:06:31Z
2026-06-26T21:06:22Z,2026-06-26T23:06:22+0200,58e86286-12ca-447f-8334-9e4372101f50,2026-06-20T15:00:00Z,2026-06-20T17:00:00+0200,4570.90875,MW,BE,BE,actual_solar_generation,Solar,2026-06-26T21:06:31Z
2026-06-26T21:06:22Z,2026-06-26T23:06:22+0200,58e86286-12ca-447f-8334-9e4372101f50,2026-06-20T16:00:00Z,2026-06-20T18:00:00+0200,3053.8475,MW,BE,BE,actual_solar_generation,Solar,2026-06-26T21:06:31Z
2026-06-26T21:06:22Z,2026-06-26T23:06:22+0200,58e86286-12ca-447f-8334-9e4372101f50,2026-06-20T17:00:00Z,2026-06-20T19:00:00+0200,1717.629,MW,BE,BE,actual_solar_generation,Solar,2026-06-26T21:06:31Z
2026-06-26T21:06:22Z,2026-06-26T23:06:22+0200,58e86286-12ca-447f-8334-9e4372101f50,2026-06-20T18:00:00Z,2026-06-20T20:00:00+0200,706.46475,MW,BE,BE,actual_solar_generation,Solar,2026-06-26T21:06:31Z
2026-06-26T21:06:22Z,2026-06-26T23:06:22+0200,58e86286-12ca-447f-8334-9e4372101f50,2026-06-20T19:00:00Z,2026-06-20T21:00:00+0200,104.5985,MW,BE,BE,actual_solar_generation,Solar,2026-06-26T21:06:31Z
2026-06-26T21:06:22Z,2026-06-26T23:06:22+0200,58e86286-12ca-447f-8334-9e4372101f50,2026-06-20T20:00:00Z,2026-06-20T22:00:00+0200,0.006,MW,BE,BE,actual_solar_generation,Solar,2026-06-26T21:06:31Z
2026-06-26T21:06:22Z,2026-06-26T23:06:22+0200,58e86286-12ca-447f-8334-9e4372101f50,2026-06-20T21:00:00Z,2026-06-20T23:00:00+0200,0.0,MW,BE,BE,actual_solar_generation,Solar,2026-06-26T21:06:31Z
2026-06-26T21:06:22Z,2026-06-26T23:06:22+0200,58e86286-12ca-447f-8334-9e4372101f50,2026-06-20T22:00:00Z,2026-06-21T00:00:00+0200,0.0,MW,BE,BE,actual_solar_generation,Solar,2026-06-26T21:06:31Z
2026-06-26T21:06:22Z,2026-06-26T23:06:22+0200,58e86286-12ca-447f-8334-9e4372101f50,2026-06-20T23:00:00Z,2026-06-21T01:00:00+0200,0.0,MW,BE,BE,actual_solar_generation,Solar,2026-06-26T21:06:31Z
2026-06-26T21:06:22Z,2026-06-26T23:06:22+0200,58e86286-12ca-447f-8334-9e4372101f50,2026-06-21T00:00:00Z,2026-06-21T02:00:00+0200,0.0,MW,BE,BE,actual_solar_generation,Solar,2026-06-26T21:06:31Z
2026-06-26T21:06:22Z,2026-06-26T23:06:22+0200,58e86286-12ca-447f-8334-9e4372101f50,2026-06-21T01:00:00Z,2026-06-21T03:00:00+0200,0.0,MW,BE,BE,actual_solar_generation,Solar,2026-06-26T21:06:31Z
2026-06-26T21:06:22Z,2026-06-26T23:06:22+0200,58e86286-12ca-447f-8334-9e4372101f50,2026-06-21T02:00:00Z,2026-06-21T04:00:00+0200,0.0,MW,BE,BE,actual_solar_generation,Solar,2026-06-26T21:06:31Z
2026-06-26T21:06:22Z,2026-06-26T23:06:22+0200,58e86286-12ca-447f-8334-9e4372101f50,2026-06-21T03:00:00Z,2026-06-21T05:00:00+0200,3.38525,MW,BE,BE,actual_solar_generation,Solar,2026-06-26T21:06:31Z
2026-06-26T21:06:22Z,2026-06-26T23:06:22+0200,58e86286-12ca-447f-8334-9e4372101f50,2026-06-21T04:00:00Z,2026-06-21T06:00:00+0200,239.8865,MW,BE,BE,actual_solar_generation,Solar,2026-06-26T21:06:31Z
2026-06-26T21:06:22Z,2026-06-26T23:06:22+0200,58e86286-12ca-447f-8334-9e4372101f50,2026-06-21T05:00:00Z,2026-06-21T07:00:00+0200,925.04,MW,BE,BE,actual_solar_generation,Solar,2026-06-26T21:06:31Z
2026-06-26T21:06:22Z,2026-06-26T23:06:22+0200,58e86286-12ca-447f-8334-9e4372101f50,2026-06-21T06:00:00Z,2026-06-21T08:00:00+0200,1989.20025,MW,BE,BE,actual_solar_generation,Solar,2026-06-26T21:06:31Z
2026-06-26T21:06:22Z,2026-06-26T23:06:22+0200,58e86286-12ca-447f-8334-9e4372101f50,2026-06-21T07:00:00Z,2026-06-21T09:00:00+0200,3625.96775,MW,BE,BE,actual_solar_generation,Solar,2026-06-26T21:06:31Z
2026-06-26T21:06:22Z,2026-06-26T23:06:22+0200,58e86286-12ca-447f-8334-9e4372101f50,2026-06-21T08:00:00Z,2026-06-21T10:00:00+0200,5309.06025,MW,BE,BE,actual_solar_generation,Solar,2026-06-26T21:06:31Z
2026-06-26T21:06:22Z,2026-06-26T23:06:22+0200,58e86286-12ca-447f-8334-9e4372101f50,2026-06-21T09:00:00Z,2026-06-21T11:00:00+0200,6736.86625,MW,BE,BE,actual_solar_generation,Solar,2026-06-26T21:06:31Z
2026-06-26T21:06:22Z,2026-06-26T23:06:22+0200,58e86286-12ca-447f-8334-9e4372101f50,2026-06-21T10:00:00Z,2026-06-21T12:00:00+0200,7490.81475,MW,BE,BE,actual_solar_generation,Solar,2026-06-26T21:06:31Z
2026-06-26T21:06:22Z,2026-06-26T23:06:22+0200,58e86286-12ca-447f-8334-9e4372101f50,2026-06-21T11:00:00Z,2026-06-21T13:00:00+0200,7609.76025,MW,BE,BE,actual_solar_generation,Solar,2026-06-26T21:06:31Z
2026-06-26T21:06:22Z,2026-06-26T23:06:22+0200,58e86286-12ca-447f-8334-9e4372101f50,2026-06-21T12:00:00Z,2026-06-21T14:00:00+0200,7394.539,MW,BE,BE,actual_solar_generation,Solar,2026-06-26T21:06:31Z
2026-06-26T21:06:22Z,2026-06-26T23:06:22+0200,58e86286-12ca-447f-8334-9e4372101f50,2026-06-21T13:00:00Z,2026-06-21T15:00:00+0200,6886.45475,MW,BE,BE,actual_solar_generation,Solar,2026-06-26T21:06:31Z
2026-06-26T21:06:22Z,2026-06-26T23:06:22+0200,58e86286-12ca-447f-8334-9e4372101f50,2026-06-21T14:00:00Z,2026-06-21T16:00:00+0200,5926.2645,MW,BE,BE,actual_solar_generation,Solar,2026-06-26T21:06:31Z
2026-06-26T21:06:22Z,2026-06-26T23:06:22+0200,58e86286-12ca-447f-8334-9e4372101f50,2026-06-21T15:00:00Z,2026-06-21T17:00:00+0200,4619.80025,MW,BE,BE,actual_solar_generation,Solar,2026-06-26T21:06:31Z
2026-06-26T21:06:22Z,2026-06-26T23:06:22+0200,58e86286-12ca-447f-8334-9e4372101f50,2026-06-21T16:00:00Z,2026-06-21T18:00:00+0200,3093.685,MW,BE,BE,actual_solar_generation,Solar,2026-06-26T21:06:31Z
2026-06-26T21:06:22Z,2026-06-26T23:06:22+0200,58e86286-12ca-447f-8334-9e4372101f50,2026-06-21T17:00:00Z,2026-06-21T19:00:00+0200,1749.43725,MW,BE,BE,actual_solar_generation,Solar,2026-06-26T21:06:31Z
2026-06-26T21:06:22Z,2026-06-26T23:06:22+0200,58e86286-12ca-447f-8334-9e4372101f50,2026-06-21T18:00:00Z,2026-06-21T20:00:00+0200,656.20525,MW,BE,BE,actual_solar_generation,Solar,2026-06-26T21:06:31Z
2026-06-26T21:06:22Z,2026-06-26T23:06:22+0200,58e86286-12ca-447f-8334-9e4372101f50,2026-06-21T19:00:00Z,2026-06-21T21:00:00+0200,126.44775,MW,BE,BE,actual_solar_generation,Solar,2026-06-26T21:06:31Z
2026-06-26T21:06:22Z,2026-06-26T23:06:22+0200,58e86286-12ca-447f-8334-9e4372101f50,2026-06-21T20:00:00Z,2026-06-21T22:00:00+0200,0.00225,MW,BE,BE,actual_solar_generation,Solar,2026-06-26T21:06:31Z
2026-06-26T21:06:22Z,2026-06-26T23:06:22+0200,58e86286-12ca-447f-8334-9e4372101f50,2026-06-21T21:00:00Z,2026-06-21T23:00:00+0200,0.0,MW,BE,BE,actual_solar_generation,Solar,2026-06-26T21:06:31Z
2026-06-26T21:06:22Z,2026-06-26T23:06:22+0200,58e86286-12ca-447f-8334-9e4372101f50,2026-06-21T22:00:00Z,2026-06-22T00:00:00+0200,0.0,MW,BE,BE,actual_solar_generation,Solar,2026-06-26T21:06:31Z
2026-06-26T21:06:22Z,2026-06-26T23:06:22+0200,58e86286-12ca-447f-8334-9e4372101f50,2026-06-21T23:00:00Z,2026-06-22T01:00:00+0200,0.0,MW,BE,BE,actual_solar_generation,Solar,2026-06-26T21:06:31Z
2026-06-26T21:06:22Z,2026-06-26T23:06:22+0200,58e86286-12ca-447f-8334-9e4372101f50,2026-06-22T00:00:00Z,2026-06-22T02:00:00+0200,0.0,MW,BE,BE,actual_solar_generation,Solar,2026-06-26T21:06:31Z
2026-06-26T21:06:22Z,2026-06-26T23:06:22+0200,58e86286-12ca-447f-8334-9e4372101f50,2026-06-22T01:00:00Z,2026-06-22T03:00:00+0200,0.0,MW,BE,BE,actual_solar_generation,Solar,2026-06-26T21:06:31Z
2026-06-26T21:06:22Z,2026-06-26T23:06:22+0200,58e86286-12ca-447f-8334-9e4372101f50,2026-06-22T02:00:00Z,2026-06-22T04:00:00+0200,0.0,MW,BE,BE,actual_solar_generation,Solar,2026-06-26T21:06:31Z
2026-06-26T21:06:22Z,2026-06-26T23:06:22+0200,58e86286-12ca-447f-8334-9e4372101f50,2026-06-22T03:00:00Z,2026-06-22T05:00:00+0200,19.21325,MW,BE,BE,actual_solar_generation,Solar,2026-06-26T21:06:31Z
2026-06-26T21:06:22Z,2026-06-26T23:06:22+0200,58e86286-12ca-447f-8334-9e4372101f50,2026-06-22T04:00:00Z,2026-06-22T06:00:00+0200,387.81825,MW,BE,BE,actual_solar_generation,Solar,2026-06-26T21:06:31Z
2026-06-26T21:06:22Z,2026-06-26T23:06:22+0200,58e86286-12ca-447f-8334-9e4372101f50,2026-06-22T05:00:00Z,2026-06-22T07:00:00+0200,1248.30125,MW,BE,BE,actual_solar_generation,Solar,2026-06-26T21:06:31Z
2026-06-26T21:06:22Z,2026-06-26T23:06:22+0200,58e86286-12ca-447f-8334-9e4372101f50,2026-06-22T06:00:00Z,2026-06-22T08:00:00+0200,2490.712,MW,BE,BE,actual_solar_generation,Solar,2026-06-26T21:06:31Z
2026-06-26T21:06:22Z,2026-06-26T23:06:22+0200,58e86286-12ca-447f-8334-9e4372101f50,2026-06-22T07:00:00Z,2026-06-22T09:00:00+0200,3988.304,MW,BE,BE,actual_solar_generation,Solar,2026-06-26T21:06:31Z
2026-06-26T21:06:22Z,2026-06-26T23:06:22+0200,58e86286-12ca-447f-8334-9e4372101f50,2026-06-22T08:00:00Z,2026-06-22T10:00:00+0200,5525.5105,MW,BE,BE,actual_solar_generation,Solar,2026-06-26T21:06:31Z
2026-06-26T21:06:22Z,2026-06-26T23:06:22+0200,58e86286-12ca-447f-8334-9e4372101f50,2026-06-22T09:00:00Z,2026-06-22T11:00:00+0200,6800.297,MW,BE,BE,actual_solar_generation,Solar,2026-06-26T21:06:31Z
2026-06-26T21:06:22Z,2026-06-26T23:06:22+0200,58e86286-12ca-447f-8334-9e4372101f50,2026-06-22T10:00:00Z,2026-06-22T12:00:00+0200,7662.1095,MW,BE,BE,actual_solar_generation,Solar,2026-06-26T21:06:31Z
2026-06-26T21:06:22Z,2026-06-26T23:06:22+0200,58e86286-12ca-447f-8334-9e4372101f50,2026-06-22T11:00:00Z,2026-06-22T13:00:00+0200,7961.29825,MW,BE,BE,actual_solar_generation,Solar,2026-06-26T21:06:31Z
2026-06-26T21:06:22Z,2026-06-26T23:06:22+0200,58e86286-12ca-447f-8334-9e4372101f50,2026-06-22T12:00:00Z,2026-06-22T14:00:00+0200,7744.17675,MW,BE,BE,actual_solar_generation,Solar,2026-06-26T21:06:31Z
2026-06-26T21:06:22Z,2026-06-26T23:06:22+0200,58e86286-12ca-447f-8334-9e4372101f50,2026-06-22T13:00:00Z,2026-06-22T15:00:00+0200,7106.89325,MW,BE,BE,actual_solar_generation,Solar,2026-06-26T21:06:31Z
2026-06-26T21:06:22Z,2026-06-26T23:06:22+0200,58e86286-12ca-447f-8334-9e4372101f50,2026-06-22T14:00:00Z,2026-06-22T16:00:00+0200,6079.3365,MW,BE,BE,actual_solar_generation,Solar,2026-06-26T21:06:31Z
2026-06-26T21:06:22Z,2026-06-26T23:06:22+0200,58e86286-12ca-447f-8334-9e4372101f50,2026-06-22T15:00:00Z,2026-06-22T17:00:00+0200,4704.83975,MW,BE,BE,actual_solar_generation,Solar,2026-06-26T21:06:31Z
2026-06-26T21:06:22Z,2026-06-26T23:06:22+0200,58e86286-12ca-447f-8334-9e4372101f50,2026-06-22T16:00:00Z,2026-06-22T18:00:00+0200,3191.7855,MW,BE,BE,actual_solar_generation,Solar,2026-06-26T21:06:31Z
2026-06-26T21:06:22Z,2026-06-26T23:06:22+0200,58e86286-12ca-447f-8334-9e4372101f50,2026-06-22T17:00:00Z,2026-06-22T19:00:00+0200,1845.50425,MW,BE,BE,actual_solar_generation,Solar,2026-06-26T21:06:31Z
2026-06-26T21:06:22Z,2026-06-26T23:06:22+0200,58e86286-12ca-447f-8334-9e4372101f50,2026-06-22T18:00:00Z,2026-06-22T20:00:00+0200,773.997,MW,BE,BE,actual_solar_generation,Solar,2026-06-26T21:06:31Z
2026-06-26T21:06:22Z,2026-06-26T23:06:22+0200,58e86286-12ca-447f-8334-9e4372101f50,2026-06-22T19:00:00Z,2026-06-22T21:00:00+0200,105.3625,MW,BE,BE,actual_solar_generation,Solar,2026-06-26T21:06:31Z
2026-06-26T21:06:22Z,2026-06-26T23:06:22+0200,58e86286-12ca-447f-8334-9e4372101f50,2026-06-22T20:00:00Z,2026-06-22T22:00:00+0200,0.0,MW,BE,BE,actual_solar_generation,Solar,2026-06-26T21:06:31Z
2026-06-26T21:06:22Z,2026-06-26T23:06:22+0200,58e86286-12ca-447f-8334-9e4372101f50,2026-06-22T21:00:00Z,2026-06-22T23:00:00+0200,0.0,MW,BE,BE,actual_solar_generation,Solar,2026-06-26T21:06:31Z
2026-06-26T21:06:22Z,2026-06-26T23:06:22+0200,58e86286-12ca-447f-8334-9e4372101f50,2026-06-22T22:00:00Z,2026-06-23T00:00:00+0200,0.0,MW,BE,BE,actual_solar_generation,Solar,2026-06-26T21:06:31Z
2026-06-26T21:06:22Z,2026-06-26T23:06:22+0200,58e86286-12ca-447f-8334-9e4372101f50,2026-06-22T23:00:00Z,2026-06-23T01:00:00+0200,0.0,MW,BE,BE,actual_solar_generation,Solar,2026-06-26T21:06:31Z
2026-06-26T21:06:22Z,2026-06-26T23:06:22+0200,58e86286-12ca-447f-8334-9e4372101f50,2026-06-23T00:00:00Z,2026-06-23T02:00:00+0200,0.0,MW,BE,BE,actual_solar_generation,Solar,2026-06-26T21:06:31Z
2026-06-26T21:06:22Z,2026-06-26T23:06:22+0200,58e86286-12ca-447f-8334-9e4372101f50,2026-06-23T01:00:00Z,2026-06-23T03:00:00+0200,0.0,MW,BE,BE,actual_solar_generation,Solar,2026-06-26T21:06:31Z
2026-06-26T21:06:22Z,2026-06-26T23:06:22+0200,58e86286-12ca-447f-8334-9e4372101f50,2026-06-23T02:00:00Z,2026-06-23T04:00:00+0200,0.0,MW,BE,BE,actual_solar_generation,Solar,2026-06-26T21:06:31Z
2026-06-26T21:06:22Z,2026-06-26T23:06:22+0200,58e86286-12ca-447f-8334-9e4372101f50,2026-06-23T03:00:00Z,2026-06-23T05:00:00+0200,8.523,MW,BE,BE,actual_solar_generation,Solar,2026-06-26T21:06:31Z
2026-06-26T21:06:22Z,2026-06-26T23:06:22+0200,58e86286-12ca-447f-8334-9e4372101f50,2026-06-23T04:00:00Z,2026-06-23T06:00:00+0200,268.097,MW,BE,BE,actual_solar_generation,Solar,2026-06-26T21:06:31Z
2026-06-26T21:06:22Z,2026-06-26T23:06:22+0200,58e86286-12ca-447f-8334-9e4372101f50,2026-06-23T05:00:00Z,2026-06-23T07:00:00+0200,617.95325,MW,BE,BE,actual_solar_generation,Solar,2026-06-26T21:06:31Z
2026-06-26T21:06:22Z,2026-06-26T23:06:22+0200,58e86286-12ca-447f-8334-9e4372101f50,2026-06-23T06:00:00Z,2026-06-23T08:00:00+0200,980.67975,MW,BE,BE,actual_solar_generation,Solar,2026-06-26T21:06:31Z
2026-06-26T21:06:22Z,2026-06-26T23:06:22+0200,58e86286-12ca-447f-8334-9e4372101f50,2026-06-23T07:00:00Z,2026-06-23T09:00:00+0200,1658.2765,MW,BE,BE,actual_solar_generation,Solar,2026-06-26T21:06:31Z
2026-06-26T21:06:22Z,2026-06-26T23:06:22+0200,58e86286-12ca-447f-8334-9e4372101f50,2026-06-23T08:00:00Z,2026-06-23T10:00:00+0200,2516.08625,MW,BE,BE,actual_solar_generation,Solar,2026-06-26T21:06:31Z
2026-06-26T21:06:22Z,2026-06-26T23:06:22+0200,58e86286-12ca-447f-8334-9e4372101f50,2026-06-23T09:00:00Z,2026-06-23T11:00:00+0200,3939.771,MW,BE,BE,actual_solar_generation,Solar,2026-06-26T21:06:31Z
2026-06-26T21:06:22Z,2026-06-26T23:06:22+0200,58e86286-12ca-447f-8334-9e4372101f50,2026-06-23T10:00:00Z,2026-06-23T12:00:00+0200,5295.64725,MW,BE,BE,actual_solar_generation,Solar,2026-06-26T21:06:31Z
2026-06-26T21:06:22Z,2026-06-26T23:06:22+0200,58e86286-12ca-447f-8334-9e4372101f50,2026-06-23T11:00:00Z,2026-06-23T13:00:00+0200,6565.16325,MW,BE,BE,actual_solar_generation,Solar,2026-06-26T21:06:31Z
2026-06-26T21:06:22Z,2026-06-26T23:06:22+0200,58e86286-12ca-447f-8334-9e4372101f50,2026-06-23T12:00:00Z,2026-06-23T14:00:00+0200,7303.967,MW,BE,BE,actual_solar_generation,Solar,2026-06-26T21:06:31Z
2026-06-26T21:06:22Z,2026-06-26T23:06:22+0200,58e86286-12ca-447f-8334-9e4372101f50,2026-06-23T13:00:00Z,2026-06-23T15:00:00+0200,7109.8475,MW,BE,BE,actual_solar_generation,Solar,2026-06-26T21:06:31Z
2026-06-26T21:06:22Z,2026-06-26T23:06:22+0200,58e86286-12ca-447f-8334-9e4372101f50,2026-06-23T14:00:00Z,2026-06-23T16:00:00+0200,6178.5055,MW,BE,BE,actual_solar_generation,Solar,2026-06-26T21:06:31Z
2026-06-26T21:06:22Z,2026-06-26T23:06:22+0200,58e86286-12ca-447f-8334-9e4372101f50,2026-06-23T15:00:00Z,2026-06-23T17:00:00+0200,4746.45775,MW,BE,BE,actual_solar_generation,Solar,2026-06-26T21:06:31Z
2026-06-26T21:06:22Z,2026-06-26T23:06:22+0200,58e86286-12ca-447f-8334-9e4372101f50,2026-06-23T16:00:00Z,2026-06-23T18:00:00+0200,3164.3605,MW,BE,BE,actual_solar_generation,Solar,2026-06-26T21:06:31Z
2026-06-26T21:06:22Z,2026-06-26T23:06:22+0200,58e86286-12ca-447f-8334-9e4372101f50,2026-06-23T17:00:00Z,2026-06-23T19:00:00+0200,1756.7155,MW,BE,BE,actual_solar_generation,Solar,2026-06-26T21:06:31Z
2026-06-26T21:06:22Z,2026-06-26T23:06:22+0200,58e86286-12ca-447f-8334-9e4372101f50,2026-06-23T18:00:00Z,2026-06-23T20:00:00+0200,724.9035,MW,BE,BE,actual_solar_generation,Solar,2026-06-26T21:06:31Z
2026-06-26T21:06:22Z,2026-06-26T23:06:22+0200,58e86286-12ca-447f-8334-9e4372101f50,2026-06-23T19:00:00Z,2026-06-23T21:00:00+0200,124.235,MW,BE,BE,actual_solar_generation,Solar,2026-06-26T21:06:31Z
2026-06-26T21:06:22Z,2026-06-26T23:06:22+0200,58e86286-12ca-447f-8334-9e4372101f50,2026-06-23T20:00:00Z,2026-06-23T22:00:00+0200,0.0025,MW,BE,BE,actual_solar_generation,Solar,2026-06-26T21:06:31Z
2026-06-26T21:06:22Z,2026-06-26T23:06:22+0200,58e86286-12ca-447f-8334-9e4372101f50,2026-06-23T21:00:00Z,2026-06-23T23:00:00+0200,0.0,MW,BE,BE,actual_solar_generation,Solar,2026-06-26T21:06:31Z
2026-06-26T21:06:22Z,2026-06-26T23:06:22+0200,58e86286-12ca-447f-8334-9e4372101f50,2026-06-23T22:00:00Z,2026-06-24T00:00:00+0200,0.0,MW,BE,BE,actual_solar_generation,Solar,2026-06-26T21:06:31Z
2026-06-26T21:06:22Z,2026-06-26T23:06:22+0200,58e86286-12ca-447f-8334-9e4372101f50,2026-06-23T23:00:00Z,2026-06-24T01:00:00+0200,0.0,MW,BE,BE,actual_solar_generation,Solar,2026-06-26T21:06:31Z
2026-06-26T21:06:22Z,2026-06-26T23:06:22+0200,58e86286-12ca-447f-8334-9e4372101f50,2026-06-24T00:00:00Z,2026-06-24T02:00:00+0200,0.0,MW,BE,BE,actual_solar_generation,Solar,2026-06-26T21:06:31Z
2026-06-26T21:06:22Z,2026-06-26T23:06:22+0200,58e86286-12ca-447f-8334-9e4372101f50,2026-06-24T01:00:00Z,2026-06-24T03:00:00+0200,0.0,MW,BE,BE,actual_solar_generation,Solar,2026-06-26T21:06:31Z
2026-06-26T21:06:22Z,2026-06-26T23:06:22+0200,58e86286-12ca-447f-8334-9e4372101f50,2026-06-24T02:00:00Z,2026-06-24T04:00:00+0200,0.0,MW,BE,BE,actual_solar_generation,Solar,2026-06-26T21:06:31Z
2026-06-26T21:06:22Z,2026-06-26T23:06:22+0200,58e86286-12ca-447f-8334-9e4372101f50,2026-06-24T03:00:00Z,2026-06-24T05:00:00+0200,11.367,MW,BE,BE,actual_solar_generation,Solar,2026-06-26T21:06:31Z
2026-06-26T21:06:22Z,2026-06-26T23:06:22+0200,58e86286-12ca-447f-8334-9e4372101f50,2026-06-24T04:00:00Z,2026-06-24T06:00:00+0200,369.4905,MW,BE,BE,actual_solar_generation,Solar,2026-06-26T21:06:31Z
2026-06-26T21:06:22Z,2026-06-26T23:06:22+0200,58e86286-12ca-447f-8334-9e4372101f50,2026-06-24T05:00:00Z,2026-06-24T07:00:00+0200,1186.70425,MW,BE,BE,actual_solar_generation,Solar,2026-06-26T21:06:31Z
2026-06-26T21:06:22Z,2026-06-26T23:06:22+0200,58e86286-12ca-447f-8334-9e4372101f50,2026-06-24T06:00:00Z,2026-06-24T08:00:00+0200,2417.5625,MW,BE,BE,actual_solar_generation,Solar,2026-06-26T21:06:31Z
2026-06-26T21:06:22Z,2026-06-26T23:06:22+0200,58e86286-12ca-447f-8334-9e4372101f50,2026-06-24T07:00:00Z,2026-06-24T09:00:00+0200,3906.143,MW,BE,BE,actual_solar_generation,Solar,2026-06-26T21:06:31Z
2026-06-26T21:06:22Z,2026-06-26T23:06:22+0200,58e86286-12ca-447f-8334-9e4372101f50,2026-06-24T08:00:00Z,2026-06-24T10:00:00+0200,5352.50175,MW,BE,BE,actual_solar_generation,Solar,2026-06-26T21:06:31Z
2026-06-26T21:06:22Z,2026-06-26T23:06:22+0200,58e86286-12ca-447f-8334-9e4372101f50,2026-06-24T09:00:00Z,2026-06-24T11:00:00+0200,6626.647,MW,BE,BE,actual_solar_generation,Solar,2026-06-26T21:06:31Z
2026-06-26T21:06:22Z,2026-06-26T23:06:22+0200,58e86286-12ca-447f-8334-9e4372101f50,2026-06-24T10:00:00Z,2026-06-24T12:00:00+0200,7444.922,MW,BE,BE,actual_solar_generation,Solar,2026-06-26T21:06:31Z
2026-06-26T21:06:22Z,2026-06-26T23:06:22+0200,58e86286-12ca-447f-8334-9e4372101f50,2026-06-24T11:00:00Z,2026-06-24T13:00:00+0200,7788.94325,MW,BE,BE,actual_solar_generation,Solar,2026-06-26T21:06:31Z
2026-06-26T21:06:22Z,2026-06-26T23:06:22+0200,58e86286-12ca-447f-8334-9e4372101f50,2026-06-24T12:00:00Z,2026-06-24T14:00:00+0200,7663.88975,MW,BE,BE,actual_solar_generation,Solar,2026-06-26T21:06:31Z
2026-06-26T21:06:22Z,2026-06-26T23:06:22+0200,58e86286-12ca-447f-8334-9e4372101f50,2026-06-24T13:00:00Z,2026-06-24T15:00:00+0200,7055.17025,MW,BE,BE,actual_solar_generation,Solar,2026-06-26T21:06:31Z
2026-06-26T21:06:22Z,2026-06-26T23:06:22+0200,58e86286-12ca-447f-8334-9e4372101f50,2026-06-24T14:00:00Z,2026-06-24T16:00:00+0200,5957.498,MW,BE,BE,actual_solar_generation,Solar,2026-06-26T21:06:31Z
2026-06-26T21:06:22Z,2026-06-26T23:06:22+0200,58e86286-12ca-447f-8334-9e4372101f50,2026-06-24T15:00:00Z,2026-06-24T17:00:00+0200,4568.86225,MW,BE,BE,actual_solar_generation,Solar,2026-06-26T21:06:31Z
2026-06-26T21:06:22Z,2026-06-26T23:06:22+0200,58e86286-12ca-447f-8334-9e4372101f50,2026-06-24T16:00:00Z,2026-06-24T18:00:00+0200,3031.03975,MW,BE,BE,actual_solar_generation,Solar,2026-06-26T21:06:31Z
2026-06-26T21:06:22Z,2026-06-26T23:06:22+0200,58e86286-12ca-447f-8334-9e4372101f50,2026-06-24T17:00:00Z,2026-06-24T19:00:00+0200,1699.78225,MW,BE,BE,actual_solar_generation,Solar,2026-06-26T21:06:31Z
2026-06-26T21:06:22Z,2026-06-26T23:06:22+0200,58e86286-12ca-447f-8334-9e4372101f50,2026-06-24T18:00:00Z,2026-06-24T20:00:00+0200,736.45375,MW,BE,BE,actual_solar_generation,Solar,2026-06-26T21:06:31Z
2026-06-26T21:06:22Z,2026-06-26T23:06:22+0200,58e86286-12ca-447f-8334-9e4372101f50,2026-06-24T19:00:00Z,2026-06-24T21:00:00+0200,115.33875,MW,BE,BE,actual_solar_generation,Solar,2026-06-26T21:06:31Z
2026-06-26T21:06:22Z,2026-06-26T23:06:22+0200,58e86286-12ca-447f-8334-9e4372101f50,2026-06-24T20:00:00Z,2026-06-24T22:00:00+0200,0.00275,MW,BE,BE,actual_solar_generation,Solar,2026-06-26T21:06:31Z
2026-06-26T21:06:22Z,2026-06-26T23:06:22+0200,58e86286-12ca-447f-8334-9e4372101f50,2026-06-24T21:00:00Z,2026-06-24T23:00:00+0200,0.0,MW,BE,BE,actual_solar_generation,Solar,2026-06-26T21:06:31Z
2026-06-26T21:06:22Z,2026-06-26T23:06:22+0200,58e86286-12ca-447f-8334-9e4372101f50,2026-06-24T22:00:00Z,2026-06-25T00:00:00+0200,0.0,MW,BE,BE,actual_solar_generation,Solar,2026-06-26T21:06:31Z
2026-06-26T21:06:22Z,2026-06-26T23:06:22+0200,58e86286-12ca-447f-8334-9e4372101f50,2026-06-24T23:00:00Z,2026-06-25T01:00:00+0200,0.0,MW,BE,BE,actual_solar_generation,Solar,2026-06-26T21:06:31Z
2026-06-26T21:06:22Z,2026-06-26T23:06:22+0200,58e86286-12ca-447f-8334-9e4372101f50,2026-06-25T00:00:00Z,2026-06-25T02:00:00+0200,0.0,MW,BE,BE,actual_solar_generation,Solar,2026-06-26T21:06:31Z
2026-06-26T21:06:22Z,2026-06-26T23:06:22+0200,58e86286-12ca-447f-8334-9e4372101f50,2026-06-25T01:00:00Z,2026-06-25T03:00:00+0200,0.0,MW,BE,BE,actual_solar_generation,Solar,2026-06-26T21:06:31Z
2026-06-26T21:06:22Z,2026-06-26T23:06:22+0200,58e86286-12ca-447f-8334-9e4372101f50,2026-06-25T02:00:00Z,2026-06-25T04:00:00+0200,0.0,MW,BE,BE,actual_solar_generation,Solar,2026-06-26T21:06:31Z
2026-06-26T21:06:22Z,2026-06-26T23:06:22+0200,58e86286-12ca-447f-8334-9e4372101f50,2026-06-25T03:00:00Z,2026-06-25T05:00:00+0200,10.177,MW,BE,BE,actual_solar_generation,Solar,2026-06-26T21:06:31Z
2026-06-26T21:06:22Z,2026-06-26T23:06:22+0200,58e86286-12ca-447f-8334-9e4372101f50,2026-06-25T04:00:00Z,2026-06-25T06:00:00+0200,351.4435,MW,BE,BE,actual_solar_generation,Solar,2026-06-26T21:06:31Z
2026-06-26T21:06:22Z,2026-06-26T23:06:22+0200,58e86286-12ca-447f-8334-9e4372101f50,2026-06-25T05:00:00Z,2026-06-25T07:00:00+0200,1160.147,MW,BE,BE,actual_solar_generation,Solar,2026-06-26T21:06:31Z
2026-06-26T21:06:22Z,2026-06-26T23:06:22+0200,58e86286-12ca-447f-8334-9e4372101f50,2026-06-25T06:00:00Z,2026-06-25T08:00:00+0200,2409.27025,MW,BE,BE,actual_solar_generation,Solar,2026-06-26T21:06:31Z
2026-06-26T21:06:22Z,2026-06-26T23:06:22+0200,58e86286-12ca-447f-8334-9e4372101f50,2026-06-25T07:00:00Z,2026-06-25T09:00:00+0200,3876.272,MW,BE,BE,actual_solar_generation,Solar,2026-06-26T21:06:31Z
2026-06-26T21:06:22Z,2026-06-26T23:06:22+0200,58e86286-12ca-447f-8334-9e4372101f50,2026-06-25T08:00:00Z,2026-06-25T10:00:00+0200,5376.6045,MW,BE,BE,actual_solar_generation,Solar,2026-06-26T21:06:31Z
2026-06-26T21:06:22Z,2026-06-26T23:06:22+0200,58e86286-12ca-447f-8334-9e4372101f50,2026-06-25T09:00:00Z,2026-06-25T11:00:00+0200,6608.7145,MW,BE,BE,actual_solar_generation,Solar,2026-06-26T21:06:31Z
2026-06-26T21:06:22Z,2026-06-26T23:06:22+0200,58e86286-12ca-447f-8334-9e4372101f50,2026-06-25T10:00:00Z,2026-06-25T12:00:00+0200,7460.44825,MW,BE,BE,actual_solar_generation,Solar,2026-06-26T21:06:31Z
2026-06-26T21:06:22Z,2026-06-26T23:06:22+0200,58e86286-12ca-447f-8334-9e4372101f50,2026-06-25T11:00:00Z,2026-06-25T13:00:00+0200,7827.67075,MW,BE,BE,actual_solar_generation,Solar,2026-06-26T21:06:31Z
2026-06-26T21:06:22Z,2026-06-26T23:06:22+0200,58e86286-12ca-447f-8334-9e4372101f50,2026-06-25T12:00:00Z,2026-06-25T14:00:00+0200,7659.84675,MW,BE,BE,actual_solar_generation,Solar,2026-06-26T21:06:31Z
2026-06-26T21:06:22Z,2026-06-26T23:06:22+0200,58e86286-12ca-447f-8334-9e4372101f50,2026-06-25T13:00:00Z,2026-06-25T15:00:00+0200,6842.15575,MW,BE,BE,actual_solar_generation,Solar,2026-06-26T21:06:31Z
2026-06-26T21:06:22Z,2026-06-26T23:06:22+0200,58e86286-12ca-447f-8334-9e4372101f50,2026-06-25T14:00:00Z,2026-06-25T16:00:00+0200,5543.0705,MW,BE,BE,actual_solar_generation,Solar,2026-06-26T21:06:31Z
2026-06-26T21:06:22Z,2026-06-26T23:06:22+0200,58e86286-12ca-447f-8334-9e4372101f50,2026-06-25T15:00:00Z,2026-06-25T17:00:00+0200,4158.89925,MW,BE,BE,actual_solar_generation,Solar,2026-06-26T21:06:31Z
2026-06-26T21:06:22Z,2026-06-26T23:06:22+0200,58e86286-12ca-447f-8334-9e4372101f50,2026-06-25T16:00:00Z,2026-06-25T18:00:00+0200,2803.40025,MW,BE,BE,actual_solar_generation,Solar,2026-06-26T21:06:31Z
2026-06-26T21:06:22Z,2026-06-26T23:06:22+0200,58e86286-12ca-447f-8334-9e4372101f50,2026-06-25T17:00:00Z,2026-06-25T19:00:00+0200,1548.72425,MW,BE,BE,actual_solar_generation,Solar,2026-06-26T21:06:31Z
2026-06-26T21:06:22Z,2026-06-26T23:06:22+0200,58e86286-12ca-447f-8334-9e4372101f50,2026-06-25T18:00:00Z,2026-06-25T20:00:00+0200,596.97,MW,BE,BE,actual_solar_generation,Solar,2026-06-26T21:06:31Z
2026-06-26T21:06:22Z,2026-06-26T23:06:22+0200,58e86286-12ca-447f-8334-9e4372101f50,2026-06-25T19:00:00Z,2026-06-25T21:00:00+0200,81.68275,MW,BE,BE,actual_solar_generation,Solar,2026-06-26T21:06:31Z
2026-06-26T21:06:22Z,2026-06-26T23:06:22+0200,58e86286-12ca-447f-8334-9e4372101f50,2026-06-25T20:00:00Z,2026-06-25T22:00:00+0200,0.01175,MW,BE,BE,actual_solar_generation,Solar,2026-06-26T21:06:31Z
2026-06-26T21:06:22Z,2026-06-26T23:06:22+0200,58e86286-12ca-447f-8334-9e4372101f50,2026-06-25T21:00:00Z,2026-06-25T23:00:00+0200,0.0,MW,BE,BE,actual_solar_generation,Solar,2026-06-26T21:06:31Z
2026-06-26T21:06:22Z,2026-06-26T23:06:22+0200,58e86286-12ca-447f-8334-9e4372101f50,2026-06-25T22:00:00Z,2026-06-26T00:00:00+0200,0.0,MW,BE,BE,actual_solar_generation,Solar,2026-06-26T21:06:31Z
2026-06-26T21:06:22Z,2026-06-26T23:06:22+0200,58e86286-12ca-447f-8334-9e4372101f50,2026-06-25T23:00:00Z,2026-06-26T01:00:00+0200,0.0,MW,BE,BE,actual_solar_generation,Solar,2026-06-26T21:06:31Z
2026-06-26T21:06:22Z,2026-06-26T23:06:22+0200,58e86286-12ca-447f-8334-9e4372101f50,2026-06-26T00:00:00Z,2026-06-26T02:00:00+0200,0.0,MW,BE,BE,actual_solar_generation,Solar,2026-06-26T21:06:31Z
2026-06-26T21:06:22Z,2026-06-26T23:06:22+0200,58e86286-12ca-447f-8334-9e4372101f50,2026-06-26T01:00:00Z,2026-06-26T03:00:00+0200,0.0,MW,BE,BE,actual_solar_generation,Solar,2026-06-26T21:06:31Z
2026-06-26T21:06:22Z,2026-06-26T23:06:22+0200,58e86286-12ca-447f-8334-9e4372101f50,2026-06-26T02:00:00Z,2026-06-26T04:00:00+0200,0.0,MW,BE,BE,actual_solar_generation,Solar,2026-06-26T21:06:31Z
2026-06-26T21:06:22Z,2026-06-26T23:06:22+0200,58e86286-12ca-447f-8334-9e4372101f50,2026-06-26T03:00:00Z,2026-06-26T05:00:00+0200,11.37625,MW,BE,BE,actual_solar_generation,Solar,2026-06-26T21:06:31Z
2026-06-26T21:06:22Z,2026-06-26T23:06:22+0200,58e86286-12ca-447f-8334-9e4372101f50,2026-06-26T04:00:00Z,2026-06-26T06:00:00+0200,350.53275,MW,BE,BE,actual_solar_generation,Solar,2026-06-26T21:06:31Z
2026-06-26T21:06:22Z,2026-06-26T23:06:22+0200,58e86286-12ca-447f-8334-9e4372101f50,2026-06-26T05:00:00Z,2026-06-26T07:00:00+0200,1196.72375,MW,BE,BE,actual_solar_generation,Solar,2026-06-26T21:06:31Z
2026-06-26T21:06:22Z,2026-06-26T23:06:22+0200,58e86286-12ca-447f-8334-9e4372101f50,2026-06-26T06:00:00Z,2026-06-26T08:00:00+0200,2390.54075,MW,BE,BE,actual_solar_generation,Solar,2026-06-26T21:06:31Z
2026-06-26T21:06:22Z,2026-06-26T23:06:22+0200,58e86286-12ca-447f-8334-9e4372101f50,2026-06-26T07:00:00Z,2026-06-26T09:00:00+0200,3864.48775,MW,BE,BE,actual_solar_generation,Solar,2026-06-26T21:06:31Z
2026-06-26T21:06:22Z,2026-06-26T23:06:22+0200,58e86286-12ca-447f-8334-9e4372101f50,2026-06-26T08:00:00Z,2026-06-26T10:00:00+0200,5307.8145,MW,BE,BE,actual_solar_generation,Solar,2026-06-26T21:06:31Z
2026-06-26T21:06:22Z,2026-06-26T23:06:22+0200,58e86286-12ca-447f-8334-9e4372101f50,2026-06-26T09:00:00Z,2026-06-26T11:00:00+0200,6069.244,MW,BE,BE,actual_solar_generation,Solar,2026-06-26T21:06:31Z
2026-06-26T21:06:22Z,2026-06-26T23:06:22+0200,58e86286-12ca-447f-8334-9e4372101f50,2026-06-26T10:00:00Z,2026-06-26T12:00:00+0200,6933.95,MW,BE,BE,actual_solar_generation,Solar,2026-06-26T21:06:31Z
2026-06-26T21:06:22Z,2026-06-26T23:06:22+0200,58e86286-12ca-447f-8334-9e4372101f50,2026-06-26T11:00:00Z,2026-06-26T13:00:00+0200,7267.9915,MW,BE,BE,actual_solar_generation,Solar,2026-06-26T21:06:31Z
2026-06-26T21:06:22Z,2026-06-26T23:06:22+0200,58e86286-12ca-447f-8334-9e4372101f50,2026-06-26T12:00:00Z,2026-06-26T14:00:00+0200,7538.9315,MW,BE,BE,actual_solar_generation,Solar,2026-06-26T21:06:31Z
2026-06-26T21:06:22Z,2026-06-26T23:06:22+0200,58e86286-12ca-447f-8334-9e4372101f50,2026-06-26T13:00:00Z,2026-06-26T15:00:00+0200,6891.13675,MW,BE,BE,actual_solar_generation,Solar,2026-06-26T21:06:31Z
2026-06-26T21:06:22Z,2026-06-26T23:06:22+0200,58e86286-12ca-447f-8334-9e4372101f50,2026-06-26T14:00:00Z,2026-06-26T16:00:00+0200,5816.16475,MW,BE,BE,actual_solar_generation,Solar,2026-06-26T21:06:31Z
2026-06-26T21:06:22Z,2026-06-26T23:06:22+0200,58e86286-12ca-447f-8334-9e4372101f50,2026-06-26T15:00:00Z,2026-06-26T17:00:00+0200,4442.3385,MW,BE,BE,actual_solar_generation,Solar,2026-06-26T21:06:31Z
2026-06-26T21:06:22Z,2026-06-26T23:06:22+0200,58e86286-12ca-447f-8334-9e4372101f50,2026-06-26T16:00:00Z,2026-06-26T18:00:00+0200,2907.92025,MW,BE,BE,actual_solar_generation,Solar,2026-06-26T21:06:31Z
2026-06-26T21:06:22Z,2026-06-26T23:06:22+0200,58e86286-12ca-447f-8334-9e4372101f50,2026-06-26T17:00:00Z,2026-06-26T19:00:00+0200,1658.2645,MW,BE,BE,actual_solar_generation,Solar,2026-06-26T21:06:31Z
2026-06-26T21:06:22Z,2026-06-26T23:06:22+0200,58e86286-12ca-447f-8334-9e4372101f50,2026-06-26T18:00:00Z,2026-06-26T20:00:00+0200,660.69825,MW,BE,BE,actual_solar_generation,Solar,2026-06-26T21:06:31Z
2026-06-26T21:06:22Z,2026-06-26T23:06:22+0200,58e86286-12ca-447f-8334-9e4372101f50,2026-06-26T19:00:00Z,2026-06-26T21:00:00+0200,115.55725,MW,BE,BE,actual_solar_generation,Solar,2026-06-26T21:06:31Z
