collection_time_utc,collection_time_local,run_id,timestamp_utc,timestamp_local,value,unit,country,entsoe_area,variable,source,updated_at_utc
2026-08-09T11:15:09Z,2026-08-09T13:15:09+0200,e7e504e8-2603-4a3b-a199-89117103e6be,2026-07-09T12:00:00Z,2026-07-09T14:00:00+0200,280.798,MW,DK1,DK_1,actual_offshore_wind_generation,Wind Offshore,2026-08-09T11:25:52Z
2026-08-09T11:15:09Z,2026-08-09T13:15:09+0200,e7e504e8-2603-4a3b-a199-89117103e6be,2026-07-09T12:15:00Z,2026-07-09T14:15:00+0200,285.755,MW,DK1,DK_1,actual_offshore_wind_generation,Wind Offshore,2026-08-09T11:25:52Z
2026-08-09T11:15:09Z,2026-08-09T13:15:09+0200,e7e504e8-2603-4a3b-a199-89117103e6be,2026-07-09T12:30:00Z,2026-07-09T14:30:00+0200,281.475,MW,DK1,DK_1,actual_offshore_wind_generation,Wind Offshore,2026-08-09T11:25:52Z
2026-08-09T11:15:09Z,2026-08-09T13:15:09+0200,e7e504e8-2603-4a3b-a199-89117103e6be,2026-07-09T12:45:00Z,2026-07-09T14:45:00+0200,301.565,MW,DK1,DK_1,actual_offshore_wind_generation,Wind Offshore,2026-08-09T11:25:52Z
2026-08-09T11:15:09Z,2026-08-09T13:15:09+0200,e7e504e8-2603-4a3b-a199-89117103e6be,2026-07-09T13:00:00Z,2026-07-09T15:00:00+0200,350.723,MW,DK1,DK_1,actual_offshore_wind_generation,Wind Offshore,2026-08-09T11:25:52Z
2026-08-09T11:15:09Z,2026-08-09T13:15:09+0200,e7e504e8-2603-4a3b-a199-89117103e6be,2026-07-09T13:15:00Z,2026-07-09T15:15:00+0200,395.334,MW,DK1,DK_1,actual_offshore_wind_generation,Wind Offshore,2026-08-09T11:25:52Z
2026-08-09T11:15:09Z,2026-08-09T13:15:09+0200,e7e504e8-2603-4a3b-a199-89117103e6be,2026-07-09T13:30:00Z,2026-07-09T15:30:00+0200,428.309,MW,DK1,DK_1,actual_offshore_wind_generation,Wind Offshore,2026-08-09T11:25:52Z
2026-08-09T11:15:09Z,2026-08-09T13:15:09+0200,e7e504e8-2603-4a3b-a199-89117103e6be,2026-07-09T13:45:00Z,2026-07-09T15:45:00+0200,440.146,MW,DK1,DK_1,actual_offshore_wind_generation,Wind Offshore,2026-08-09T11:25:52Z
2026-08-09T11:15:09Z,2026-08-09T13:15:09+0200,e7e504e8-2603-4a3b-a199-89117103e6be,2026-07-09T14:00:00Z,2026-07-09T16:00:00+0200,430.354,MW,DK1,DK_1,actual_offshore_wind_generation,Wind Offshore,2026-08-09T11:25:52Z
2026-08-09T11:15:09Z,2026-08-09T13:15:09+0200,e7e504e8-2603-4a3b-a199-89117103e6be,2026-07-09T14:15:00Z,2026-07-09T16:15:00+0200,445.195,MW,DK1,DK_1,actual_offshore_wind_generation,Wind Offshore,2026-08-09T11:25:52Z
2026-08-09T11:15:09Z,2026-08-09T13:15:09+0200,e7e504e8-2603-4a3b-a199-89117103e6be,2026-07-09T14:30:00Z,2026-07-09T16:30:00+0200,466.254,MW,DK1,DK_1,actual_offshore_wind_generation,Wind Offshore,2026-08-09T11:25:52Z
2026-08-09T11:15:09Z,2026-08-09T13:15:09+0200,e7e504e8-2603-4a3b-a199-89117103e6be,2026-07-09T14:45:00Z,2026-07-09T16:45:00+0200,439.408,MW,DK1,DK_1,actual_offshore_wind_generation,Wind Offshore,2026-08-09T11:25:52Z
2026-08-09T11:15:09Z,2026-08-09T13:15:09+0200,e7e504e8-2603-4a3b-a199-89117103e6be,2026-07-09T15:00:00Z,2026-07-09T17:00:00+0200,430.695,MW,DK1,DK_1,actual_offshore_wind_generation,Wind Offshore,2026-08-09T11:25:52Z
2026-08-09T11:15:09Z,2026-08-09T13:15:09+0200,e7e504e8-2603-4a3b-a199-89117103e6be,2026-07-09T15:15:00Z,2026-07-09T17:15:00+0200,412.515,MW,DK1,DK_1,actual_offshore_wind_generation,Wind Offshore,2026-08-09T11:25:52Z
2026-08-09T11:15:09Z,2026-08-09T13:15:09+0200,e7e504e8-2603-4a3b-a199-89117103e6be,2026-07-09T15:30:00Z,2026-07-09T17:30:00+0200,377.006,MW,DK1,DK_1,actual_offshore_wind_generation,Wind Offshore,2026-08-09T11:25:52Z
2026-08-09T11:15:09Z,2026-08-09T13:15:09+0200,e7e504e8-2603-4a3b-a199-89117103e6be,2026-07-09T15:45:00Z,2026-07-09T17:45:00+0200,340.509,MW,DK1,DK_1,actual_offshore_wind_generation,Wind Offshore,2026-08-09T11:25:52Z
2026-08-09T11:15:09Z,2026-08-09T13:15:09+0200,e7e504e8-2603-4a3b-a199-89117103e6be,2026-07-09T16:00:00Z,2026-07-09T18:00:00+0200,309.306,MW,DK1,DK_1,actual_offshore_wind_generation,Wind Offshore,2026-08-09T11:25:52Z
2026-08-09T11:15:09Z,2026-08-09T13:15:09+0200,e7e504e8-2603-4a3b-a199-89117103e6be,2026-07-09T16:15:00Z,2026-07-09T18:15:00+0200,292.911,MW,DK1,DK_1,actual_offshore_wind_generation,Wind Offshore,2026-08-09T11:25:52Z
2026-08-09T11:15:09Z,2026-08-09T13:15:09+0200,e7e504e8-2603-4a3b-a199-89117103e6be,2026-07-09T16:30:00Z,2026-07-09T18:30:00+0200,273.439,MW,DK1,DK_1,actual_offshore_wind_generation,Wind Offshore,2026-08-09T11:25:52Z
2026-08-09T11:15:09Z,2026-08-09T13:15:09+0200,e7e504e8-2603-4a3b-a199-89117103e6be,2026-07-09T16:45:00Z,2026-07-09T18:45:00+0200,246.331,MW,DK1,DK_1,actual_offshore_wind_generation,Wind Offshore,2026-08-09T11:25:52Z
2026-08-09T11:15:09Z,2026-08-09T13:15:09+0200,e7e504e8-2603-4a3b-a199-89117103e6be,2026-07-09T17:00:00Z,2026-07-09T19:00:00+0200,183.61,MW,DK1,DK_1,actual_offshore_wind_generation,Wind Offshore,2026-08-09T11:25:52Z
2026-08-09T11:15:09Z,2026-08-09T13:15:09+0200,e7e504e8-2603-4a3b-a199-89117103e6be,2026-07-09T17:15:00Z,2026-07-09T19:15:00+0200,161.227,MW,DK1,DK_1,actual_offshore_wind_generation,Wind Offshore,2026-08-09T11:25:52Z
2026-08-09T11:15:09Z,2026-08-09T13:15:09+0200,e7e504e8-2603-4a3b-a199-89117103e6be,2026-07-09T17:30:00Z,2026-07-09T19:30:00+0200,161.115,MW,DK1,DK_1,actual_offshore_wind_generation,Wind Offshore,2026-08-09T11:25:52Z
2026-08-09T11:15:09Z,2026-08-09T13:15:09+0200,e7e504e8-2603-4a3b-a199-89117103e6be,2026-07-09T17:45:00Z,2026-07-09T19:45:00+0200,178.247,MW,DK1,DK_1,actual_offshore_wind_generation,Wind Offshore,2026-08-09T11:25:52Z
2026-08-09T11:15:09Z,2026-08-09T13:15:09+0200,e7e504e8-2603-4a3b-a199-89117103e6be,2026-07-09T18:00:00Z,2026-07-09T20:00:00+0200,174.847,MW,DK1,DK_1,actual_offshore_wind_generation,Wind Offshore,2026-08-09T11:25:52Z
2026-08-09T11:15:09Z,2026-08-09T13:15:09+0200,e7e504e8-2603-4a3b-a199-89117103e6be,2026-07-09T18:15:00Z,2026-07-09T20:15:00+0200,177.091,MW,DK1,DK_1,actual_offshore_wind_generation,Wind Offshore,2026-08-09T11:25:52Z
2026-08-09T11:15:09Z,2026-08-09T13:15:09+0200,e7e504e8-2603-4a3b-a199-89117103e6be,2026-07-09T18:30:00Z,2026-07-09T20:30:00+0200,167.558,MW,DK1,DK_1,actual_offshore_wind_generation,Wind Offshore,2026-08-09T11:25:52Z
2026-08-09T11:15:09Z,2026-08-09T13:15:09+0200,e7e504e8-2603-4a3b-a199-89117103e6be,2026-07-09T18:45:00Z,2026-07-09T20:45:00+0200,174.815,MW,DK1,DK_1,actual_offshore_wind_generation,Wind Offshore,2026-08-09T11:25:52Z
2026-08-09T11:15:09Z,2026-08-09T13:15:09+0200,e7e504e8-2603-4a3b-a199-89117103e6be,2026-07-09T19:00:00Z,2026-07-09T21:00:00+0200,176.168,MW,DK1,DK_1,actual_offshore_wind_generation,Wind Offshore,2026-08-09T11:25:52Z
2026-08-09T11:15:09Z,2026-08-09T13:15:09+0200,e7e504e8-2603-4a3b-a199-89117103e6be,2026-07-09T19:15:00Z,2026-07-09T21:15:00+0200,184.035,MW,DK1,DK_1,actual_offshore_wind_generation,Wind Offshore,2026-08-09T11:25:52Z
2026-08-09T11:15:09Z,2026-08-09T13:15:09+0200,e7e504e8-2603-4a3b-a199-89117103e6be,2026-07-09T19:30:00Z,2026-07-09T21:30:00+0200,199.093,MW,DK1,DK_1,actual_offshore_wind_generation,Wind Offshore,2026-08-09T11:25:52Z
2026-08-09T11:15:09Z,2026-08-09T13:15:09+0200,e7e504e8-2603-4a3b-a199-89117103e6be,2026-07-09T19:45:00Z,2026-07-09T21:45:00+0200,220.22,MW,DK1,DK_1,actual_offshore_wind_generation,Wind Offshore,2026-08-09T11:25:52Z
2026-08-09T11:15:09Z,2026-08-09T13:15:09+0200,e7e504e8-2603-4a3b-a199-89117103e6be,2026-07-09T20:00:00Z,2026-07-09T22:00:00+0200,197.299,MW,DK1,DK_1,actual_offshore_wind_generation,Wind Offshore,2026-08-09T11:25:52Z
2026-08-09T11:15:09Z,2026-08-09T13:15:09+0200,e7e504e8-2603-4a3b-a199-89117103e6be,2026-07-09T20:15:00Z,2026-07-09T22:15:00+0200,186.875,MW,DK1,DK_1,actual_offshore_wind_generation,Wind Offshore,2026-08-09T11:25:52Z
2026-08-09T11:15:09Z,2026-08-09T13:15:09+0200,e7e504e8-2603-4a3b-a199-89117103e6be,2026-07-09T20:30:00Z,2026-07-09T22:30:00+0200,185.771,MW,DK1,DK_1,actual_offshore_wind_generation,Wind Offshore,2026-08-09T11:25:52Z
2026-08-09T11:15:09Z,2026-08-09T13:15:09+0200,e7e504e8-2603-4a3b-a199-89117103e6be,2026-07-09T20:45:00Z,2026-07-09T22:45:00+0200,201.09,MW,DK1,DK_1,actual_offshore_wind_generation,Wind Offshore,2026-08-09T11:25:52Z
2026-08-09T11:15:09Z,2026-08-09T13:15:09+0200,e7e504e8-2603-4a3b-a199-89117103e6be,2026-07-09T21:00:00Z,2026-07-09T23:00:00+0200,197.783,MW,DK1,DK_1,actual_offshore_wind_generation,Wind Offshore,2026-08-09T11:25:52Z
2026-08-09T11:15:09Z,2026-08-09T13:15:09+0200,e7e504e8-2603-4a3b-a199-89117103e6be,2026-07-09T21:15:00Z,2026-07-09T23:15:00+0200,189.918,MW,DK1,DK_1,actual_offshore_wind_generation,Wind Offshore,2026-08-09T11:25:52Z
2026-08-09T11:15:09Z,2026-08-09T13:15:09+0200,e7e504e8-2603-4a3b-a199-89117103e6be,2026-07-09T21:30:00Z,2026-07-09T23:30:00+0200,186.087,MW,DK1,DK_1,actual_offshore_wind_generation,Wind Offshore,2026-08-09T11:25:52Z
2026-08-09T11:15:09Z,2026-08-09T13:15:09+0200,e7e504e8-2603-4a3b-a199-89117103e6be,2026-07-09T21:45:00Z,2026-07-09T23:45:00+0200,198.426,MW,DK1,DK_1,actual_offshore_wind_generation,Wind Offshore,2026-08-09T11:25:52Z
2026-08-09T11:15:09Z,2026-08-09T13:15:09+0200,e7e504e8-2603-4a3b-a199-89117103e6be,2026-07-09T22:00:00Z,2026-07-10T00:00:00+0200,216.966,MW,DK1,DK_1,actual_offshore_wind_generation,Wind Offshore,2026-08-09T11:25:52Z
2026-08-09T11:15:09Z,2026-08-09T13:15:09+0200,e7e504e8-2603-4a3b-a199-89117103e6be,2026-07-09T22:15:00Z,2026-07-10T00:15:00+0200,227.856,MW,DK1,DK_1,actual_offshore_wind_generation,Wind Offshore,2026-08-09T11:25:52Z
2026-08-09T11:15:09Z,2026-08-09T13:15:09+0200,e7e504e8-2603-4a3b-a199-89117103e6be,2026-07-09T22:30:00Z,2026-07-10T00:30:00+0200,210.567,MW,DK1,DK_1,actual_offshore_wind_generation,Wind Offshore,2026-08-09T11:25:52Z
2026-08-09T11:15:09Z,2026-08-09T13:15:09+0200,e7e504e8-2603-4a3b-a199-89117103e6be,2026-07-09T22:45:00Z,2026-07-10T00:45:00+0200,211.316,MW,DK1,DK_1,actual_offshore_wind_generation,Wind Offshore,2026-08-09T11:25:52Z
2026-08-09T11:15:09Z,2026-08-09T13:15:09+0200,e7e504e8-2603-4a3b-a199-89117103e6be,2026-07-09T23:00:00Z,2026-07-10T01:00:00+0200,221.329,MW,DK1,DK_1,actual_offshore_wind_generation,Wind Offshore,2026-08-09T11:25:52Z
2026-08-09T11:15:09Z,2026-08-09T13:15:09+0200,e7e504e8-2603-4a3b-a199-89117103e6be,2026-07-09T23:15:00Z,2026-07-10T01:15:00+0200,204.179,MW,DK1,DK_1,actual_offshore_wind_generation,Wind Offshore,2026-08-09T11:25:52Z
2026-08-09T11:15:09Z,2026-08-09T13:15:09+0200,e7e504e8-2603-4a3b-a199-89117103e6be,2026-07-09T23:30:00Z,2026-07-10T01:30:00+0200,206.761,MW,DK1,DK_1,actual_offshore_wind_generation,Wind Offshore,2026-08-09T11:25:52Z
2026-08-09T11:15:09Z,2026-08-09T13:15:09+0200,e7e504e8-2603-4a3b-a199-89117103e6be,2026-07-09T23:45:00Z,2026-07-10T01:45:00+0200,213.197,MW,DK1,DK_1,actual_offshore_wind_generation,Wind Offshore,2026-08-09T11:25:52Z
2026-08-09T11:15:09Z,2026-08-09T13:15:09+0200,e7e504e8-2603-4a3b-a199-89117103e6be,2026-07-10T00:00:00Z,2026-07-10T02:00:00+0200,191.144,MW,DK1,DK_1,actual_offshore_wind_generation,Wind Offshore,2026-08-09T11:25:52Z
2026-08-09T11:15:09Z,2026-08-09T13:15:09+0200,e7e504e8-2603-4a3b-a199-89117103e6be,2026-07-10T00:15:00Z,2026-07-10T02:15:00+0200,163.426,MW,DK1,DK_1,actual_offshore_wind_generation,Wind Offshore,2026-08-09T11:25:52Z
2026-08-09T11:15:09Z,2026-08-09T13:15:09+0200,e7e504e8-2603-4a3b-a199-89117103e6be,2026-07-10T00:30:00Z,2026-07-10T02:30:00+0200,158.42,MW,DK1,DK_1,actual_offshore_wind_generation,Wind Offshore,2026-08-09T11:25:52Z
2026-08-09T11:15:09Z,2026-08-09T13:15:09+0200,e7e504e8-2603-4a3b-a199-89117103e6be,2026-07-10T00:45:00Z,2026-07-10T02:45:00+0200,155.44,MW,DK1,DK_1,actual_offshore_wind_generation,Wind Offshore,2026-08-09T11:25:52Z
2026-08-09T11:15:09Z,2026-08-09T13:15:09+0200,e7e504e8-2603-4a3b-a199-89117103e6be,2026-07-10T01:00:00Z,2026-07-10T03:00:00+0200,135.183,MW,DK1,DK_1,actual_offshore_wind_generation,Wind Offshore,2026-08-09T11:25:52Z
2026-08-09T11:15:09Z,2026-08-09T13:15:09+0200,e7e504e8-2603-4a3b-a199-89117103e6be,2026-07-10T01:15:00Z,2026-07-10T03:15:00+0200,125.322,MW,DK1,DK_1,actual_offshore_wind_generation,Wind Offshore,2026-08-09T11:25:52Z
2026-08-09T11:15:09Z,2026-08-09T13:15:09+0200,e7e504e8-2603-4a3b-a199-89117103e6be,2026-07-10T01:30:00Z,2026-07-10T03:30:00+0200,121.958,MW,DK1,DK_1,actual_offshore_wind_generation,Wind Offshore,2026-08-09T11:25:52Z
2026-08-09T11:15:09Z,2026-08-09T13:15:09+0200,e7e504e8-2603-4a3b-a199-89117103e6be,2026-07-10T01:45:00Z,2026-07-10T03:45:00+0200,114.026,MW,DK1,DK_1,actual_offshore_wind_generation,Wind Offshore,2026-08-09T11:25:52Z
2026-08-09T11:15:09Z,2026-08-09T13:15:09+0200,e7e504e8-2603-4a3b-a199-89117103e6be,2026-07-10T02:00:00Z,2026-07-10T04:00:00+0200,111.265,MW,DK1,DK_1,actual_offshore_wind_generation,Wind Offshore,2026-08-09T11:25:52Z
2026-08-09T11:15:09Z,2026-08-09T13:15:09+0200,e7e504e8-2603-4a3b-a199-89117103e6be,2026-07-10T02:15:00Z,2026-07-10T04:15:00+0200,113.65,MW,DK1,DK_1,actual_offshore_wind_generation,Wind Offshore,2026-08-09T11:25:52Z
2026-08-09T11:15:09Z,2026-08-09T13:15:09+0200,e7e504e8-2603-4a3b-a199-89117103e6be,2026-07-10T02:30:00Z,2026-07-10T04:30:00+0200,137.521,MW,DK1,DK_1,actual_offshore_wind_generation,Wind Offshore,2026-08-09T11:25:52Z
2026-08-09T11:15:09Z,2026-08-09T13:15:09+0200,e7e504e8-2603-4a3b-a199-89117103e6be,2026-07-10T02:45:00Z,2026-07-10T04:45:00+0200,130.374,MW,DK1,DK_1,actual_offshore_wind_generation,Wind Offshore,2026-08-09T11:25:52Z
2026-08-09T11:15:09Z,2026-08-09T13:15:09+0200,e7e504e8-2603-4a3b-a199-89117103e6be,2026-07-10T03:00:00Z,2026-07-10T05:00:00+0200,102.003,MW,DK1,DK_1,actual_offshore_wind_generation,Wind Offshore,2026-08-09T11:25:52Z
2026-08-09T11:15:09Z,2026-08-09T13:15:09+0200,e7e504e8-2603-4a3b-a199-89117103e6be,2026-07-10T03:15:00Z,2026-07-10T05:15:00+0200,87.8919,MW,DK1,DK_1,actual_offshore_wind_generation,Wind Offshore,2026-08-09T11:25:52Z
2026-08-09T11:15:09Z,2026-08-09T13:15:09+0200,e7e504e8-2603-4a3b-a199-89117103e6be,2026-07-10T03:30:00Z,2026-07-10T05:30:00+0200,89.6799,MW,DK1,DK_1,actual_offshore_wind_generation,Wind Offshore,2026-08-09T11:25:52Z
2026-08-09T11:15:09Z,2026-08-09T13:15:09+0200,e7e504e8-2603-4a3b-a199-89117103e6be,2026-07-10T03:45:00Z,2026-07-10T05:45:00+0200,73.8286,MW,DK1,DK_1,actual_offshore_wind_generation,Wind Offshore,2026-08-09T11:25:52Z
2026-08-09T11:15:09Z,2026-08-09T13:15:09+0200,e7e504e8-2603-4a3b-a199-89117103e6be,2026-07-10T04:00:00Z,2026-07-10T06:00:00+0200,74.1399,MW,DK1,DK_1,actual_offshore_wind_generation,Wind Offshore,2026-08-09T11:25:52Z
2026-08-09T11:15:09Z,2026-08-09T13:15:09+0200,e7e504e8-2603-4a3b-a199-89117103e6be,2026-07-10T04:15:00Z,2026-07-10T06:15:00+0200,69.364,MW,DK1,DK_1,actual_offshore_wind_generation,Wind Offshore,2026-08-09T11:25:52Z
2026-08-09T11:15:09Z,2026-08-09T13:15:09+0200,e7e504e8-2603-4a3b-a199-89117103e6be,2026-07-10T04:30:00Z,2026-07-10T06:30:00+0200,65.8411,MW,DK1,DK_1,actual_offshore_wind_generation,Wind Offshore,2026-08-09T11:25:52Z
2026-08-09T11:15:09Z,2026-08-09T13:15:09+0200,e7e504e8-2603-4a3b-a199-89117103e6be,2026-07-10T04:45:00Z,2026-07-10T06:45:00+0200,67.7903,MW,DK1,DK_1,actual_offshore_wind_generation,Wind Offshore,2026-08-09T11:25:52Z
2026-08-09T11:15:09Z,2026-08-09T13:15:09+0200,e7e504e8-2603-4a3b-a199-89117103e6be,2026-07-10T05:00:00Z,2026-07-10T07:00:00+0200,55.0346,MW,DK1,DK_1,actual_offshore_wind_generation,Wind Offshore,2026-08-09T11:25:52Z
2026-08-09T11:15:09Z,2026-08-09T13:15:09+0200,e7e504e8-2603-4a3b-a199-89117103e6be,2026-07-10T05:15:00Z,2026-07-10T07:15:00+0200,48.5247,MW,DK1,DK_1,actual_offshore_wind_generation,Wind Offshore,2026-08-09T11:25:52Z
2026-08-09T11:15:09Z,2026-08-09T13:15:09+0200,e7e504e8-2603-4a3b-a199-89117103e6be,2026-07-10T05:30:00Z,2026-07-10T07:30:00+0200,40.7813,MW,DK1,DK_1,actual_offshore_wind_generation,Wind Offshore,2026-08-09T11:25:52Z
2026-08-09T11:15:09Z,2026-08-09T13:15:09+0200,e7e504e8-2603-4a3b-a199-89117103e6be,2026-07-10T05:45:00Z,2026-07-10T07:45:00+0200,34.6571,MW,DK1,DK_1,actual_offshore_wind_generation,Wind Offshore,2026-08-09T11:25:52Z
2026-08-09T11:15:09Z,2026-08-09T13:15:09+0200,e7e504e8-2603-4a3b-a199-89117103e6be,2026-07-10T06:00:00Z,2026-07-10T08:00:00+0200,32.8239,MW,DK1,DK_1,actual_offshore_wind_generation,Wind Offshore,2026-08-09T11:25:52Z
2026-08-09T11:15:09Z,2026-08-09T13:15:09+0200,e7e504e8-2603-4a3b-a199-89117103e6be,2026-07-10T06:15:00Z,2026-07-10T08:15:00+0200,30.9886,MW,DK1,DK_1,actual_offshore_wind_generation,Wind Offshore,2026-08-09T11:25:52Z
2026-08-09T11:15:09Z,2026-08-09T13:15:09+0200,e7e504e8-2603-4a3b-a199-89117103e6be,2026-07-10T06:30:00Z,2026-07-10T08:30:00+0200,32.8211,MW,DK1,DK_1,actual_offshore_wind_generation,Wind Offshore,2026-08-09T11:25:52Z
2026-08-09T11:15:09Z,2026-08-09T13:15:09+0200,e7e504e8-2603-4a3b-a199-89117103e6be,2026-07-10T06:45:00Z,2026-07-10T08:45:00+0200,35.2359,MW,DK1,DK_1,actual_offshore_wind_generation,Wind Offshore,2026-08-09T11:25:52Z
2026-08-09T11:15:09Z,2026-08-09T13:15:09+0200,e7e504e8-2603-4a3b-a199-89117103e6be,2026-07-10T07:00:00Z,2026-07-10T09:00:00+0200,28.5338,MW,DK1,DK_1,actual_offshore_wind_generation,Wind Offshore,2026-08-09T11:25:52Z
2026-08-09T11:15:09Z,2026-08-09T13:15:09+0200,e7e504e8-2603-4a3b-a199-89117103e6be,2026-07-10T07:15:00Z,2026-07-10T09:15:00+0200,17.2266,MW,DK1,DK_1,actual_offshore_wind_generation,Wind Offshore,2026-08-09T11:25:52Z
2026-08-09T11:15:09Z,2026-08-09T13:15:09+0200,e7e504e8-2603-4a3b-a199-89117103e6be,2026-07-10T07:30:00Z,2026-07-10T09:30:00+0200,10.9881,MW,DK1,DK_1,actual_offshore_wind_generation,Wind Offshore,2026-08-09T11:25:52Z
2026-08-09T11:15:09Z,2026-08-09T13:15:09+0200,e7e504e8-2603-4a3b-a199-89117103e6be,2026-07-10T07:45:00Z,2026-07-10T09:45:00+0200,13.5512,MW,DK1,DK_1,actual_offshore_wind_generation,Wind Offshore,2026-08-09T11:25:52Z
2026-08-09T11:15:09Z,2026-08-09T13:15:09+0200,e7e504e8-2603-4a3b-a199-89117103e6be,2026-07-10T08:00:00Z,2026-07-10T10:00:00+0200,12.786,MW,DK1,DK_1,actual_offshore_wind_generation,Wind Offshore,2026-08-09T11:25:52Z
2026-08-09T11:15:09Z,2026-08-09T13:15:09+0200,e7e504e8-2603-4a3b-a199-89117103e6be,2026-07-10T08:15:00Z,2026-07-10T10:15:00+0200,17.7563,MW,DK1,DK_1,actual_offshore_wind_generation,Wind Offshore,2026-08-09T11:25:52Z
2026-08-09T11:15:09Z,2026-08-09T13:15:09+0200,e7e504e8-2603-4a3b-a199-89117103e6be,2026-07-10T08:30:00Z,2026-07-10T10:30:00+0200,19.5768,MW,DK1,DK_1,actual_offshore_wind_generation,Wind Offshore,2026-08-09T11:25:52Z
2026-08-09T11:15:09Z,2026-08-09T13:15:09+0200,e7e504e8-2603-4a3b-a199-89117103e6be,2026-07-10T08:45:00Z,2026-07-10T10:45:00+0200,9.17592,MW,DK1,DK_1,actual_offshore_wind_generation,Wind Offshore,2026-08-09T11:25:52Z
2026-08-09T11:15:09Z,2026-08-09T13:15:09+0200,e7e504e8-2603-4a3b-a199-89117103e6be,2026-07-10T09:00:00Z,2026-07-10T11:00:00+0200,5.01726,MW,DK1,DK_1,actual_offshore_wind_generation,Wind Offshore,2026-08-09T11:25:52Z
2026-08-09T11:15:09Z,2026-08-09T13:15:09+0200,e7e504e8-2603-4a3b-a199-89117103e6be,2026-07-10T09:15:00Z,2026-07-10T11:15:00+0200,6.43482,MW,DK1,DK_1,actual_offshore_wind_generation,Wind Offshore,2026-08-09T11:25:52Z
2026-08-09T11:15:09Z,2026-08-09T13:15:09+0200,e7e504e8-2603-4a3b-a199-89117103e6be,2026-07-10T09:30:00Z,2026-07-10T11:30:00+0200,7.77599,MW,DK1,DK_1,actual_offshore_wind_generation,Wind Offshore,2026-08-09T11:25:52Z
2026-08-09T11:15:09Z,2026-08-09T13:15:09+0200,e7e504e8-2603-4a3b-a199-89117103e6be,2026-07-10T09:45:00Z,2026-07-10T11:45:00+0200,10.211,MW,DK1,DK_1,actual_offshore_wind_generation,Wind Offshore,2026-08-09T11:25:52Z
2026-08-09T11:15:09Z,2026-08-09T13:15:09+0200,e7e504e8-2603-4a3b-a199-89117103e6be,2026-07-10T10:00:00Z,2026-07-10T12:00:00+0200,12.43,MW,DK1,DK_1,actual_offshore_wind_generation,Wind Offshore,2026-08-09T11:25:52Z
2026-08-09T11:15:09Z,2026-08-09T13:15:09+0200,e7e504e8-2603-4a3b-a199-89117103e6be,2026-07-10T10:15:00Z,2026-07-10T12:15:00+0200,11.7862,MW,DK1,DK_1,actual_offshore_wind_generation,Wind Offshore,2026-08-09T11:25:52Z
2026-08-09T11:15:09Z,2026-08-09T13:15:09+0200,e7e504e8-2603-4a3b-a199-89117103e6be,2026-07-10T10:30:00Z,2026-07-10T12:30:00+0200,12.2079,MW,DK1,DK_1,actual_offshore_wind_generation,Wind Offshore,2026-08-09T11:25:52Z
2026-08-09T11:15:09Z,2026-08-09T13:15:09+0200,e7e504e8-2603-4a3b-a199-89117103e6be,2026-07-10T10:45:00Z,2026-07-10T12:45:00+0200,12.0087,MW,DK1,DK_1,actual_offshore_wind_generation,Wind Offshore,2026-08-09T11:25:52Z
2026-08-09T11:15:09Z,2026-08-09T13:15:09+0200,e7e504e8-2603-4a3b-a199-89117103e6be,2026-07-10T11:00:00Z,2026-07-10T13:00:00+0200,9.66099,MW,DK1,DK_1,actual_offshore_wind_generation,Wind Offshore,2026-08-09T11:25:52Z
2026-08-09T11:15:09Z,2026-08-09T13:15:09+0200,e7e504e8-2603-4a3b-a199-89117103e6be,2026-07-10T11:15:00Z,2026-07-10T13:15:00+0200,18.0961,MW,DK1,DK_1,actual_offshore_wind_generation,Wind Offshore,2026-08-09T11:25:52Z
2026-08-09T11:15:09Z,2026-08-09T13:15:09+0200,e7e504e8-2603-4a3b-a199-89117103e6be,2026-07-10T11:30:00Z,2026-07-10T13:30:00+0200,17.9275,MW,DK1,DK_1,actual_offshore_wind_generation,Wind Offshore,2026-08-09T11:25:52Z
2026-08-09T11:15:09Z,2026-08-09T13:15:09+0200,e7e504e8-2603-4a3b-a199-89117103e6be,2026-07-10T11:45:00Z,2026-07-10T13:45:00+0200,9.39541,MW,DK1,DK_1,actual_offshore_wind_generation,Wind Offshore,2026-08-09T11:25:52Z
2026-08-09T11:15:09Z,2026-08-09T13:15:09+0200,e7e504e8-2603-4a3b-a199-89117103e6be,2026-07-10T12:00:00Z,2026-07-10T14:00:00+0200,13.4026,MW,DK1,DK_1,actual_offshore_wind_generation,Wind Offshore,2026-08-09T11:25:52Z
2026-08-09T11:15:09Z,2026-08-09T13:15:09+0200,e7e504e8-2603-4a3b-a199-89117103e6be,2026-07-10T12:15:00Z,2026-07-10T14:15:00+0200,10.1592,MW,DK1,DK_1,actual_offshore_wind_generation,Wind Offshore,2026-08-09T11:25:52Z
2026-08-09T11:15:09Z,2026-08-09T13:15:09+0200,e7e504e8-2603-4a3b-a199-89117103e6be,2026-07-10T12:30:00Z,2026-07-10T14:30:00+0200,12.0568,MW,DK1,DK_1,actual_offshore_wind_generation,Wind Offshore,2026-08-09T11:25:52Z
2026-08-09T11:15:09Z,2026-08-09T13:15:09+0200,e7e504e8-2603-4a3b-a199-89117103e6be,2026-07-10T12:45:00Z,2026-07-10T14:45:00+0200,11.05,MW,DK1,DK_1,actual_offshore_wind_generation,Wind Offshore,2026-08-09T11:25:52Z
2026-08-09T11:15:09Z,2026-08-09T13:15:09+0200,e7e504e8-2603-4a3b-a199-89117103e6be,2026-07-10T13:00:00Z,2026-07-10T15:00:00+0200,9.63668,MW,DK1,DK_1,actual_offshore_wind_generation,Wind Offshore,2026-08-09T11:25:52Z
2026-08-09T11:15:09Z,2026-08-09T13:15:09+0200,e7e504e8-2603-4a3b-a199-89117103e6be,2026-07-10T13:15:00Z,2026-07-10T15:15:00+0200,9.25482,MW,DK1,DK_1,actual_offshore_wind_generation,Wind Offshore,2026-08-09T11:25:52Z
2026-08-09T11:15:09Z,2026-08-09T13:15:09+0200,e7e504e8-2603-4a3b-a199-89117103e6be,2026-07-10T13:30:00Z,2026-07-10T15:30:00+0200,7.38077,MW,DK1,DK_1,actual_offshore_wind_generation,Wind Offshore,2026-08-09T11:25:52Z
2026-08-09T11:15:09Z,2026-08-09T13:15:09+0200,e7e504e8-2603-4a3b-a199-89117103e6be,2026-07-10T13:45:00Z,2026-07-10T15:45:00+0200,9.72065,MW,DK1,DK_1,actual_offshore_wind_generation,Wind Offshore,2026-08-09T11:25:52Z
2026-08-09T11:15:09Z,2026-08-09T13:15:09+0200,e7e504e8-2603-4a3b-a199-89117103e6be,2026-07-10T14:00:00Z,2026-07-10T16:00:00+0200,17.2096,MW,DK1,DK_1,actual_offshore_wind_generation,Wind Offshore,2026-08-09T11:25:52Z
2026-08-09T11:15:09Z,2026-08-09T13:15:09+0200,e7e504e8-2603-4a3b-a199-89117103e6be,2026-07-10T14:15:00Z,2026-07-10T16:15:00+0200,24.9231,MW,DK1,DK_1,actual_offshore_wind_generation,Wind Offshore,2026-08-09T11:25:52Z
2026-08-09T11:15:09Z,2026-08-09T13:15:09+0200,e7e504e8-2603-4a3b-a199-89117103e6be,2026-07-10T14:30:00Z,2026-07-10T16:30:00+0200,34.4162,MW,DK1,DK_1,actual_offshore_wind_generation,Wind Offshore,2026-08-09T11:25:52Z
2026-08-09T11:15:09Z,2026-08-09T13:15:09+0200,e7e504e8-2603-4a3b-a199-89117103e6be,2026-07-10T14:45:00Z,2026-07-10T16:45:00+0200,42.6731,MW,DK1,DK_1,actual_offshore_wind_generation,Wind Offshore,2026-08-09T11:25:52Z
2026-08-09T11:15:09Z,2026-08-09T13:15:09+0200,e7e504e8-2603-4a3b-a199-89117103e6be,2026-07-10T15:00:00Z,2026-07-10T17:00:00+0200,59.1851,MW,DK1,DK_1,actual_offshore_wind_generation,Wind Offshore,2026-08-09T11:25:52Z
2026-08-09T11:15:09Z,2026-08-09T13:15:09+0200,e7e504e8-2603-4a3b-a199-89117103e6be,2026-07-10T15:15:00Z,2026-07-10T17:15:00+0200,68.6801,MW,DK1,DK_1,actual_offshore_wind_generation,Wind Offshore,2026-08-09T11:25:52Z
2026-08-09T11:15:09Z,2026-08-09T13:15:09+0200,e7e504e8-2603-4a3b-a199-89117103e6be,2026-07-10T15:30:00Z,2026-07-10T17:30:00+0200,66.6096,MW,DK1,DK_1,actual_offshore_wind_generation,Wind Offshore,2026-08-09T11:25:52Z
2026-08-09T11:15:09Z,2026-08-09T13:15:09+0200,e7e504e8-2603-4a3b-a199-89117103e6be,2026-07-10T15:45:00Z,2026-07-10T17:45:00+0200,65.6691,MW,DK1,DK_1,actual_offshore_wind_generation,Wind Offshore,2026-08-09T11:25:52Z
2026-08-09T11:15:09Z,2026-08-09T13:15:09+0200,e7e504e8-2603-4a3b-a199-89117103e6be,2026-07-10T16:00:00Z,2026-07-10T18:00:00+0200,69.9341,MW,DK1,DK_1,actual_offshore_wind_generation,Wind Offshore,2026-08-09T11:25:52Z
2026-08-09T11:15:09Z,2026-08-09T13:15:09+0200,e7e504e8-2603-4a3b-a199-89117103e6be,2026-07-10T16:15:00Z,2026-07-10T18:15:00+0200,83.6347,MW,DK1,DK_1,actual_offshore_wind_generation,Wind Offshore,2026-08-09T11:25:52Z
2026-08-09T11:15:09Z,2026-08-09T13:15:09+0200,e7e504e8-2603-4a3b-a199-89117103e6be,2026-07-10T16:30:00Z,2026-07-10T18:30:00+0200,94.8312,MW,DK1,DK_1,actual_offshore_wind_generation,Wind Offshore,2026-08-09T11:25:52Z
2026-08-09T11:15:09Z,2026-08-09T13:15:09+0200,e7e504e8-2603-4a3b-a199-89117103e6be,2026-07-10T16:45:00Z,2026-07-10T18:45:00+0200,93.0737,MW,DK1,DK_1,actual_offshore_wind_generation,Wind Offshore,2026-08-09T11:25:52Z
2026-08-09T11:15:09Z,2026-08-09T13:15:09+0200,e7e504e8-2603-4a3b-a199-89117103e6be,2026-07-10T17:00:00Z,2026-07-10T19:00:00+0200,90.6947,MW,DK1,DK_1,actual_offshore_wind_generation,Wind Offshore,2026-08-09T11:25:52Z
2026-08-09T11:15:09Z,2026-08-09T13:15:09+0200,e7e504e8-2603-4a3b-a199-89117103e6be,2026-07-10T17:15:00Z,2026-07-10T19:15:00+0200,97.2455,MW,DK1,DK_1,actual_offshore_wind_generation,Wind Offshore,2026-08-09T11:25:52Z
2026-08-09T11:15:09Z,2026-08-09T13:15:09+0200,e7e504e8-2603-4a3b-a199-89117103e6be,2026-07-10T17:30:00Z,2026-07-10T19:30:00+0200,106.824,MW,DK1,DK_1,actual_offshore_wind_generation,Wind Offshore,2026-08-09T11:25:52Z
2026-08-09T11:15:09Z,2026-08-09T13:15:09+0200,e7e504e8-2603-4a3b-a199-89117103e6be,2026-07-10T17:45:00Z,2026-07-10T19:45:00+0200,109.486,MW,DK1,DK_1,actual_offshore_wind_generation,Wind Offshore,2026-08-09T11:25:52Z
2026-08-09T11:15:09Z,2026-08-09T13:15:09+0200,e7e504e8-2603-4a3b-a199-89117103e6be,2026-07-10T18:00:00Z,2026-07-10T20:00:00+0200,94.0246,MW,DK1,DK_1,actual_offshore_wind_generation,Wind Offshore,2026-08-09T11:25:52Z
2026-08-09T11:15:09Z,2026-08-09T13:15:09+0200,e7e504e8-2603-4a3b-a199-89117103e6be,2026-07-10T18:15:00Z,2026-07-10T20:15:00+0200,84.1765,MW,DK1,DK_1,actual_offshore_wind_generation,Wind Offshore,2026-08-09T11:25:52Z
2026-08-09T11:15:09Z,2026-08-09T13:15:09+0200,e7e504e8-2603-4a3b-a199-89117103e6be,2026-07-10T18:30:00Z,2026-07-10T20:30:00+0200,87.7183,MW,DK1,DK_1,actual_offshore_wind_generation,Wind Offshore,2026-08-09T11:25:52Z
2026-08-09T11:15:09Z,2026-08-09T13:15:09+0200,e7e504e8-2603-4a3b-a199-89117103e6be,2026-07-10T18:45:00Z,2026-07-10T20:45:00+0200,88.8651,MW,DK1,DK_1,actual_offshore_wind_generation,Wind Offshore,2026-08-09T11:25:52Z
2026-08-09T11:15:09Z,2026-08-09T13:15:09+0200,e7e504e8-2603-4a3b-a199-89117103e6be,2026-07-10T19:00:00Z,2026-07-10T21:00:00+0200,82.139,MW,DK1,DK_1,actual_offshore_wind_generation,Wind Offshore,2026-08-09T11:25:52Z
2026-08-09T11:15:09Z,2026-08-09T13:15:09+0200,e7e504e8-2603-4a3b-a199-89117103e6be,2026-07-10T19:15:00Z,2026-07-10T21:15:00+0200,96.2039,MW,DK1,DK_1,actual_offshore_wind_generation,Wind Offshore,2026-08-09T11:25:52Z
2026-08-09T11:15:09Z,2026-08-09T13:15:09+0200,e7e504e8-2603-4a3b-a199-89117103e6be,2026-07-10T19:30:00Z,2026-07-10T21:30:00+0200,117.138,MW,DK1,DK_1,actual_offshore_wind_generation,Wind Offshore,2026-08-09T11:25:52Z
2026-08-09T11:15:09Z,2026-08-09T13:15:09+0200,e7e504e8-2603-4a3b-a199-89117103e6be,2026-07-10T19:45:00Z,2026-07-10T21:45:00+0200,126.787,MW,DK1,DK_1,actual_offshore_wind_generation,Wind Offshore,2026-08-09T11:25:52Z
2026-08-09T11:15:09Z,2026-08-09T13:15:09+0200,e7e504e8-2603-4a3b-a199-89117103e6be,2026-07-10T20:00:00Z,2026-07-10T22:00:00+0200,130.833,MW,DK1,DK_1,actual_offshore_wind_generation,Wind Offshore,2026-08-09T11:25:52Z
2026-08-09T11:15:09Z,2026-08-09T13:15:09+0200,e7e504e8-2603-4a3b-a199-89117103e6be,2026-07-10T20:15:00Z,2026-07-10T22:15:00+0200,116.538,MW,DK1,DK_1,actual_offshore_wind_generation,Wind Offshore,2026-08-09T11:25:52Z
2026-08-09T11:15:09Z,2026-08-09T13:15:09+0200,e7e504e8-2603-4a3b-a199-89117103e6be,2026-07-10T20:30:00Z,2026-07-10T22:30:00+0200,119.486,MW,DK1,DK_1,actual_offshore_wind_generation,Wind Offshore,2026-08-09T11:25:52Z
2026-08-09T11:15:09Z,2026-08-09T13:15:09+0200,e7e504e8-2603-4a3b-a199-89117103e6be,2026-07-10T20:45:00Z,2026-07-10T22:45:00+0200,113.167,MW,DK1,DK_1,actual_offshore_wind_generation,Wind Offshore,2026-08-09T11:25:52Z
2026-08-09T11:15:09Z,2026-08-09T13:15:09+0200,e7e504e8-2603-4a3b-a199-89117103e6be,2026-07-10T21:00:00Z,2026-07-10T23:00:00+0200,131.505,MW,DK1,DK_1,actual_offshore_wind_generation,Wind Offshore,2026-08-09T11:25:52Z
2026-08-09T11:15:09Z,2026-08-09T13:15:09+0200,e7e504e8-2603-4a3b-a199-89117103e6be,2026-07-10T21:15:00Z,2026-07-10T23:15:00+0200,131.783,MW,DK1,DK_1,actual_offshore_wind_generation,Wind Offshore,2026-08-09T11:25:52Z
2026-08-09T11:15:09Z,2026-08-09T13:15:09+0200,e7e504e8-2603-4a3b-a199-89117103e6be,2026-07-10T21:30:00Z,2026-07-10T23:30:00+0200,131.951,MW,DK1,DK_1,actual_offshore_wind_generation,Wind Offshore,2026-08-09T11:25:52Z
2026-08-09T11:15:09Z,2026-08-09T13:15:09+0200,e7e504e8-2603-4a3b-a199-89117103e6be,2026-07-10T21:45:00Z,2026-07-10T23:45:00+0200,130.077,MW,DK1,DK_1,actual_offshore_wind_generation,Wind Offshore,2026-08-09T11:25:52Z
2026-08-09T11:15:09Z,2026-08-09T13:15:09+0200,e7e504e8-2603-4a3b-a199-89117103e6be,2026-07-10T22:00:00Z,2026-07-11T00:00:00+0200,94.4196,MW,DK1,DK_1,actual_offshore_wind_generation,Wind Offshore,2026-08-09T11:25:52Z
2026-08-09T11:15:09Z,2026-08-09T13:15:09+0200,e7e504e8-2603-4a3b-a199-89117103e6be,2026-07-10T22:15:00Z,2026-07-11T00:15:00+0200,63.9751,MW,DK1,DK_1,actual_offshore_wind_generation,Wind Offshore,2026-08-09T11:25:52Z
2026-08-09T11:15:09Z,2026-08-09T13:15:09+0200,e7e504e8-2603-4a3b-a199-89117103e6be,2026-07-10T22:30:00Z,2026-07-11T00:30:00+0200,58.8829,MW,DK1,DK_1,actual_offshore_wind_generation,Wind Offshore,2026-08-09T11:25:52Z
2026-08-09T11:15:09Z,2026-08-09T13:15:09+0200,e7e504e8-2603-4a3b-a199-89117103e6be,2026-07-10T22:45:00Z,2026-07-11T00:45:00+0200,47.1687,MW,DK1,DK_1,actual_offshore_wind_generation,Wind Offshore,2026-08-09T11:25:52Z
2026-08-09T11:15:09Z,2026-08-09T13:15:09+0200,e7e504e8-2603-4a3b-a199-89117103e6be,2026-07-10T23:00:00Z,2026-07-11T01:00:00+0200,34.5387,MW,DK1,DK_1,actual_offshore_wind_generation,Wind Offshore,2026-08-09T11:25:52Z
2026-08-09T11:15:09Z,2026-08-09T13:15:09+0200,e7e504e8-2603-4a3b-a199-89117103e6be,2026-07-10T23:15:00Z,2026-07-11T01:15:00+0200,27.8842,MW,DK1,DK_1,actual_offshore_wind_generation,Wind Offshore,2026-08-09T11:25:52Z
2026-08-09T11:15:09Z,2026-08-09T13:15:09+0200,e7e504e8-2603-4a3b-a199-89117103e6be,2026-07-10T23:30:00Z,2026-07-11T01:30:00+0200,21.0997,MW,DK1,DK_1,actual_offshore_wind_generation,Wind Offshore,2026-08-09T11:25:52Z
2026-08-09T11:15:09Z,2026-08-09T13:15:09+0200,e7e504e8-2603-4a3b-a199-89117103e6be,2026-07-10T23:45:00Z,2026-07-11T01:45:00+0200,15.8446,MW,DK1,DK_1,actual_offshore_wind_generation,Wind Offshore,2026-08-09T11:25:52Z
2026-08-09T11:15:09Z,2026-08-09T13:15:09+0200,e7e504e8-2603-4a3b-a199-89117103e6be,2026-07-11T00:00:00Z,2026-07-11T02:00:00+0200,13.7967,MW,DK1,DK_1,actual_offshore_wind_generation,Wind Offshore,2026-08-09T11:25:52Z
2026-08-09T11:15:09Z,2026-08-09T13:15:09+0200,e7e504e8-2603-4a3b-a199-89117103e6be,2026-07-11T00:15:00Z,2026-07-11T02:15:00+0200,9.76908,MW,DK1,DK_1,actual_offshore_wind_generation,Wind Offshore,2026-08-09T11:25:52Z
2026-08-09T11:15:09Z,2026-08-09T13:15:09+0200,e7e504e8-2603-4a3b-a199-89117103e6be,2026-07-11T00:30:00Z,2026-07-11T02:30:00+0200,8.75795,MW,DK1,DK_1,actual_offshore_wind_generation,Wind Offshore,2026-08-09T11:25:52Z
2026-08-09T11:15:09Z,2026-08-09T13:15:09+0200,e7e504e8-2603-4a3b-a199-89117103e6be,2026-07-11T00:45:00Z,2026-07-11T02:45:00+0200,9.61663,MW,DK1,DK_1,actual_offshore_wind_generation,Wind Offshore,2026-08-09T11:25:52Z
2026-08-09T11:15:09Z,2026-08-09T13:15:09+0200,e7e504e8-2603-4a3b-a199-89117103e6be,2026-07-11T01:00:00Z,2026-07-11T03:00:00+0200,10.3719,MW,DK1,DK_1,actual_offshore_wind_generation,Wind Offshore,2026-08-09T11:25:52Z
2026-08-09T11:15:09Z,2026-08-09T13:15:09+0200,e7e504e8-2603-4a3b-a199-89117103e6be,2026-07-11T01:15:00Z,2026-07-11T03:15:00+0200,7.89035,MW,DK1,DK_1,actual_offshore_wind_generation,Wind Offshore,2026-08-09T11:25:52Z
2026-08-09T11:15:09Z,2026-08-09T13:15:09+0200,e7e504e8-2603-4a3b-a199-89117103e6be,2026-07-11T01:30:00Z,2026-07-11T03:30:00+0200,12.7975,MW,DK1,DK_1,actual_offshore_wind_generation,Wind Offshore,2026-08-09T11:25:52Z
2026-08-09T11:15:09Z,2026-08-09T13:15:09+0200,e7e504e8-2603-4a3b-a199-89117103e6be,2026-07-11T01:45:00Z,2026-07-11T03:45:00+0200,14.7513,MW,DK1,DK_1,actual_offshore_wind_generation,Wind Offshore,2026-08-09T11:25:52Z
2026-08-09T11:15:09Z,2026-08-09T13:15:09+0200,e7e504e8-2603-4a3b-a199-89117103e6be,2026-07-11T02:00:00Z,2026-07-11T04:00:00+0200,14.1668,MW,DK1,DK_1,actual_offshore_wind_generation,Wind Offshore,2026-08-09T11:25:52Z
2026-08-09T11:15:09Z,2026-08-09T13:15:09+0200,e7e504e8-2603-4a3b-a199-89117103e6be,2026-07-11T02:15:00Z,2026-07-11T04:15:00+0200,13.063,MW,DK1,DK_1,actual_offshore_wind_generation,Wind Offshore,2026-08-09T11:25:52Z
2026-08-09T11:15:09Z,2026-08-09T13:15:09+0200,e7e504e8-2603-4a3b-a199-89117103e6be,2026-07-11T02:30:00Z,2026-07-11T04:30:00+0200,12.1294,MW,DK1,DK_1,actual_offshore_wind_generation,Wind Offshore,2026-08-09T11:25:52Z
2026-08-09T11:15:09Z,2026-08-09T13:15:09+0200,e7e504e8-2603-4a3b-a199-89117103e6be,2026-07-11T02:45:00Z,2026-07-11T04:45:00+0200,15.9523,MW,DK1,DK_1,actual_offshore_wind_generation,Wind Offshore,2026-08-09T11:25:52Z
2026-08-09T11:15:09Z,2026-08-09T13:15:09+0200,e7e504e8-2603-4a3b-a199-89117103e6be,2026-07-11T03:00:00Z,2026-07-11T05:00:00+0200,15.6431,MW,DK1,DK_1,actual_offshore_wind_generation,Wind Offshore,2026-08-09T11:25:52Z
2026-08-09T11:15:09Z,2026-08-09T13:15:09+0200,e7e504e8-2603-4a3b-a199-89117103e6be,2026-07-11T03:15:00Z,2026-07-11T05:15:00+0200,12.7204,MW,DK1,DK_1,actual_offshore_wind_generation,Wind Offshore,2026-08-09T11:25:52Z
2026-08-09T11:15:09Z,2026-08-09T13:15:09+0200,e7e504e8-2603-4a3b-a199-89117103e6be,2026-07-11T03:30:00Z,2026-07-11T05:30:00+0200,16.9277,MW,DK1,DK_1,actual_offshore_wind_generation,Wind Offshore,2026-08-09T11:25:52Z
2026-08-09T11:15:09Z,2026-08-09T13:15:09+0200,e7e504e8-2603-4a3b-a199-89117103e6be,2026-07-11T03:45:00Z,2026-07-11T05:45:00+0200,16.1405,MW,DK1,DK_1,actual_offshore_wind_generation,Wind Offshore,2026-08-09T11:25:52Z
2026-08-09T11:15:09Z,2026-08-09T13:15:09+0200,e7e504e8-2603-4a3b-a199-89117103e6be,2026-07-11T04:00:00Z,2026-07-11T06:00:00+0200,12.8659,MW,DK1,DK_1,actual_offshore_wind_generation,Wind Offshore,2026-08-09T11:25:52Z
2026-08-09T11:15:09Z,2026-08-09T13:15:09+0200,e7e504e8-2603-4a3b-a199-89117103e6be,2026-07-11T04:15:00Z,2026-07-11T06:15:00+0200,6.75958,MW,DK1,DK_1,actual_offshore_wind_generation,Wind Offshore,2026-08-09T11:25:52Z
2026-08-09T11:15:09Z,2026-08-09T13:15:09+0200,e7e504e8-2603-4a3b-a199-89117103e6be,2026-07-11T04:30:00Z,2026-07-11T06:30:00+0200,4.91747,MW,DK1,DK_1,actual_offshore_wind_generation,Wind Offshore,2026-08-09T11:25:52Z
2026-08-09T11:15:09Z,2026-08-09T13:15:09+0200,e7e504e8-2603-4a3b-a199-89117103e6be,2026-07-11T04:45:00Z,2026-07-11T06:45:00+0200,3.95889,MW,DK1,DK_1,actual_offshore_wind_generation,Wind Offshore,2026-08-09T11:25:52Z
2026-08-09T11:15:09Z,2026-08-09T13:15:09+0200,e7e504e8-2603-4a3b-a199-89117103e6be,2026-07-11T05:00:00Z,2026-07-11T07:00:00+0200,7.40924,MW,DK1,DK_1,actual_offshore_wind_generation,Wind Offshore,2026-08-09T11:25:52Z
2026-08-09T11:15:09Z,2026-08-09T13:15:09+0200,e7e504e8-2603-4a3b-a199-89117103e6be,2026-07-11T05:15:00Z,2026-07-11T07:15:00+0200,11.5758,MW,DK1,DK_1,actual_offshore_wind_generation,Wind Offshore,2026-08-09T11:25:52Z
2026-08-09T11:15:09Z,2026-08-09T13:15:09+0200,e7e504e8-2603-4a3b-a199-89117103e6be,2026-07-11T05:30:00Z,2026-07-11T07:30:00+0200,17.4692,MW,DK1,DK_1,actual_offshore_wind_generation,Wind Offshore,2026-08-09T11:25:52Z
2026-08-09T11:15:09Z,2026-08-09T13:15:09+0200,e7e504e8-2603-4a3b-a199-89117103e6be,2026-07-11T05:45:00Z,2026-07-11T07:45:00+0200,15.8467,MW,DK1,DK_1,actual_offshore_wind_generation,Wind Offshore,2026-08-09T11:25:52Z
2026-08-09T11:15:09Z,2026-08-09T13:15:09+0200,e7e504e8-2603-4a3b-a199-89117103e6be,2026-07-11T06:00:00Z,2026-07-11T08:00:00+0200,14.5349,MW,DK1,DK_1,actual_offshore_wind_generation,Wind Offshore,2026-08-09T11:25:52Z
2026-08-09T11:15:09Z,2026-08-09T13:15:09+0200,e7e504e8-2603-4a3b-a199-89117103e6be,2026-07-11T06:15:00Z,2026-07-11T08:15:00+0200,16.0423,MW,DK1,DK_1,actual_offshore_wind_generation,Wind Offshore,2026-08-09T11:25:52Z
2026-08-09T11:15:09Z,2026-08-09T13:15:09+0200,e7e504e8-2603-4a3b-a199-89117103e6be,2026-07-11T06:30:00Z,2026-07-11T08:30:00+0200,14.6923,MW,DK1,DK_1,actual_offshore_wind_generation,Wind Offshore,2026-08-09T11:25:52Z
2026-08-09T11:15:09Z,2026-08-09T13:15:09+0200,e7e504e8-2603-4a3b-a199-89117103e6be,2026-07-11T06:45:00Z,2026-07-11T08:45:00+0200,34.07,MW,DK1,DK_1,actual_offshore_wind_generation,Wind Offshore,2026-08-09T11:25:52Z
2026-08-09T11:15:09Z,2026-08-09T13:15:09+0200,e7e504e8-2603-4a3b-a199-89117103e6be,2026-07-11T07:00:00Z,2026-07-11T09:00:00+0200,46.5487,MW,DK1,DK_1,actual_offshore_wind_generation,Wind Offshore,2026-08-09T11:25:52Z
2026-08-09T11:15:09Z,2026-08-09T13:15:09+0200,e7e504e8-2603-4a3b-a199-89117103e6be,2026-07-11T07:15:00Z,2026-07-11T09:15:00+0200,37.2321,MW,DK1,DK_1,actual_offshore_wind_generation,Wind Offshore,2026-08-09T11:25:52Z
2026-08-09T11:15:09Z,2026-08-09T13:15:09+0200,e7e504e8-2603-4a3b-a199-89117103e6be,2026-07-11T07:30:00Z,2026-07-11T09:30:00+0200,36.5299,MW,DK1,DK_1,actual_offshore_wind_generation,Wind Offshore,2026-08-09T11:25:52Z
2026-08-09T11:15:09Z,2026-08-09T13:15:09+0200,e7e504e8-2603-4a3b-a199-89117103e6be,2026-07-11T07:45:00Z,2026-07-11T09:45:00+0200,36.7463,MW,DK1,DK_1,actual_offshore_wind_generation,Wind Offshore,2026-08-09T11:25:52Z
2026-08-09T11:15:09Z,2026-08-09T13:15:09+0200,e7e504e8-2603-4a3b-a199-89117103e6be,2026-07-11T08:00:00Z,2026-07-11T10:00:00+0200,40.7188,MW,DK1,DK_1,actual_offshore_wind_generation,Wind Offshore,2026-08-09T11:25:52Z
2026-08-09T11:15:09Z,2026-08-09T13:15:09+0200,e7e504e8-2603-4a3b-a199-89117103e6be,2026-07-11T08:15:00Z,2026-07-11T10:15:00+0200,43.7512,MW,DK1,DK_1,actual_offshore_wind_generation,Wind Offshore,2026-08-09T11:25:52Z
2026-08-09T11:15:09Z,2026-08-09T13:15:09+0200,e7e504e8-2603-4a3b-a199-89117103e6be,2026-07-11T08:30:00Z,2026-07-11T10:30:00+0200,43.0209,MW,DK1,DK_1,actual_offshore_wind_generation,Wind Offshore,2026-08-09T11:25:52Z
2026-08-09T11:15:09Z,2026-08-09T13:15:09+0200,e7e504e8-2603-4a3b-a199-89117103e6be,2026-07-11T08:45:00Z,2026-07-11T10:45:00+0200,58.8523,MW,DK1,DK_1,actual_offshore_wind_generation,Wind Offshore,2026-08-09T11:25:52Z
2026-08-09T11:15:09Z,2026-08-09T13:15:09+0200,e7e504e8-2603-4a3b-a199-89117103e6be,2026-07-11T09:00:00Z,2026-07-11T11:00:00+0200,57.9098,MW,DK1,DK_1,actual_offshore_wind_generation,Wind Offshore,2026-08-09T11:25:52Z
2026-08-09T11:15:09Z,2026-08-09T13:15:09+0200,e7e504e8-2603-4a3b-a199-89117103e6be,2026-07-11T09:15:00Z,2026-07-11T11:15:00+0200,59.3431,MW,DK1,DK_1,actual_offshore_wind_generation,Wind Offshore,2026-08-09T11:25:52Z
2026-08-09T11:15:09Z,2026-08-09T13:15:09+0200,e7e504e8-2603-4a3b-a199-89117103e6be,2026-07-11T09:30:00Z,2026-07-11T11:30:00+0200,58.554,MW,DK1,DK_1,actual_offshore_wind_generation,Wind Offshore,2026-08-09T11:25:52Z
2026-08-09T11:15:09Z,2026-08-09T13:15:09+0200,e7e504e8-2603-4a3b-a199-89117103e6be,2026-07-11T09:45:00Z,2026-07-11T11:45:00+0200,60.3807,MW,DK1,DK_1,actual_offshore_wind_generation,Wind Offshore,2026-08-09T11:25:52Z
2026-08-09T11:15:09Z,2026-08-09T13:15:09+0200,e7e504e8-2603-4a3b-a199-89117103e6be,2026-07-11T10:00:00Z,2026-07-11T12:00:00+0200,65.4355,MW,DK1,DK_1,actual_offshore_wind_generation,Wind Offshore,2026-08-09T11:25:52Z
2026-08-09T11:15:09Z,2026-08-09T13:15:09+0200,e7e504e8-2603-4a3b-a199-89117103e6be,2026-07-11T10:15:00Z,2026-07-11T12:15:00+0200,74.4565,MW,DK1,DK_1,actual_offshore_wind_generation,Wind Offshore,2026-08-09T11:25:52Z
2026-08-09T11:15:09Z,2026-08-09T13:15:09+0200,e7e504e8-2603-4a3b-a199-89117103e6be,2026-07-11T10:30:00Z,2026-07-11T12:30:00+0200,78.696,MW,DK1,DK_1,actual_offshore_wind_generation,Wind Offshore,2026-08-09T11:25:52Z
2026-08-09T11:15:09Z,2026-08-09T13:15:09+0200,e7e504e8-2603-4a3b-a199-89117103e6be,2026-07-11T10:45:00Z,2026-07-11T12:45:00+0200,95.8705,MW,DK1,DK_1,actual_offshore_wind_generation,Wind Offshore,2026-08-09T11:25:52Z
2026-08-09T11:15:09Z,2026-08-09T13:15:09+0200,e7e504e8-2603-4a3b-a199-89117103e6be,2026-07-11T11:00:00Z,2026-07-11T13:00:00+0200,100.452,MW,DK1,DK_1,actual_offshore_wind_generation,Wind Offshore,2026-08-09T11:25:52Z
2026-08-09T11:15:09Z,2026-08-09T13:15:09+0200,e7e504e8-2603-4a3b-a199-89117103e6be,2026-07-11T11:15:00Z,2026-07-11T13:15:00+0200,74.7629,MW,DK1,DK_1,actual_offshore_wind_generation,Wind Offshore,2026-08-09T11:25:52Z
2026-08-09T11:15:09Z,2026-08-09T13:15:09+0200,e7e504e8-2603-4a3b-a199-89117103e6be,2026-07-11T11:30:00Z,2026-07-11T13:30:00+0200,52.4312,MW,DK1,DK_1,actual_offshore_wind_generation,Wind Offshore,2026-08-09T11:25:52Z
2026-08-09T11:15:09Z,2026-08-09T13:15:09+0200,e7e504e8-2603-4a3b-a199-89117103e6be,2026-07-11T11:45:00Z,2026-07-11T13:45:00+0200,34.7707,MW,DK1,DK_1,actual_offshore_wind_generation,Wind Offshore,2026-08-09T11:25:52Z
2026-08-09T11:15:09Z,2026-08-09T13:15:09+0200,e7e504e8-2603-4a3b-a199-89117103e6be,2026-07-11T12:00:00Z,2026-07-11T14:00:00+0200,27.8941,MW,DK1,DK_1,actual_offshore_wind_generation,Wind Offshore,2026-08-09T11:25:52Z
2026-08-09T11:15:09Z,2026-08-09T13:15:09+0200,e7e504e8-2603-4a3b-a199-89117103e6be,2026-07-11T12:15:00Z,2026-07-11T14:15:00+0200,25.6796,MW,DK1,DK_1,actual_offshore_wind_generation,Wind Offshore,2026-08-09T11:25:52Z
2026-08-09T11:15:09Z,2026-08-09T13:15:09+0200,e7e504e8-2603-4a3b-a199-89117103e6be,2026-07-11T12:30:00Z,2026-07-11T14:30:00+0200,23.6944,MW,DK1,DK_1,actual_offshore_wind_generation,Wind Offshore,2026-08-09T11:25:52Z
2026-08-09T11:15:09Z,2026-08-09T13:15:09+0200,e7e504e8-2603-4a3b-a199-89117103e6be,2026-07-11T12:45:00Z,2026-07-11T14:45:00+0200,23.5011,MW,DK1,DK_1,actual_offshore_wind_generation,Wind Offshore,2026-08-09T11:25:52Z
2026-08-09T11:15:09Z,2026-08-09T13:15:09+0200,e7e504e8-2603-4a3b-a199-89117103e6be,2026-07-11T13:00:00Z,2026-07-11T15:00:00+0200,32.2037,MW,DK1,DK_1,actual_offshore_wind_generation,Wind Offshore,2026-08-09T11:25:52Z
2026-08-09T11:15:09Z,2026-08-09T13:15:09+0200,e7e504e8-2603-4a3b-a199-89117103e6be,2026-07-11T13:15:00Z,2026-07-11T15:15:00+0200,46.3474,MW,DK1,DK_1,actual_offshore_wind_generation,Wind Offshore,2026-08-09T11:25:52Z
2026-08-09T11:15:09Z,2026-08-09T13:15:09+0200,e7e504e8-2603-4a3b-a199-89117103e6be,2026-07-11T13:30:00Z,2026-07-11T15:30:00+0200,46.8574,MW,DK1,DK_1,actual_offshore_wind_generation,Wind Offshore,2026-08-09T11:25:52Z
2026-08-09T11:15:09Z,2026-08-09T13:15:09+0200,e7e504e8-2603-4a3b-a199-89117103e6be,2026-07-11T13:45:00Z,2026-07-11T15:45:00+0200,37.6226,MW,DK1,DK_1,actual_offshore_wind_generation,Wind Offshore,2026-08-09T11:25:52Z
2026-08-09T11:15:09Z,2026-08-09T13:15:09+0200,e7e504e8-2603-4a3b-a199-89117103e6be,2026-07-11T14:00:00Z,2026-07-11T16:00:00+0200,37.3446,MW,DK1,DK_1,actual_offshore_wind_generation,Wind Offshore,2026-08-09T11:25:52Z
2026-08-09T11:15:09Z,2026-08-09T13:15:09+0200,e7e504e8-2603-4a3b-a199-89117103e6be,2026-07-11T14:15:00Z,2026-07-11T16:15:00+0200,49.9909,MW,DK1,DK_1,actual_offshore_wind_generation,Wind Offshore,2026-08-09T11:25:52Z
2026-08-09T11:15:09Z,2026-08-09T13:15:09+0200,e7e504e8-2603-4a3b-a199-89117103e6be,2026-07-11T14:30:00Z,2026-07-11T16:30:00+0200,69.1103,MW,DK1,DK_1,actual_offshore_wind_generation,Wind Offshore,2026-08-09T11:25:52Z
2026-08-09T11:15:09Z,2026-08-09T13:15:09+0200,e7e504e8-2603-4a3b-a199-89117103e6be,2026-07-11T14:45:00Z,2026-07-11T16:45:00+0200,90.7558,MW,DK1,DK_1,actual_offshore_wind_generation,Wind Offshore,2026-08-09T11:25:52Z
2026-08-09T11:15:09Z,2026-08-09T13:15:09+0200,e7e504e8-2603-4a3b-a199-89117103e6be,2026-07-11T15:00:00Z,2026-07-11T17:00:00+0200,134.006,MW,DK1,DK_1,actual_offshore_wind_generation,Wind Offshore,2026-08-09T11:25:52Z
2026-08-09T11:15:09Z,2026-08-09T13:15:09+0200,e7e504e8-2603-4a3b-a199-89117103e6be,2026-07-11T15:15:00Z,2026-07-11T17:15:00+0200,142.342,MW,DK1,DK_1,actual_offshore_wind_generation,Wind Offshore,2026-08-09T11:25:52Z
2026-08-09T11:15:09Z,2026-08-09T13:15:09+0200,e7e504e8-2603-4a3b-a199-89117103e6be,2026-07-11T15:30:00Z,2026-07-11T17:30:00+0200,138.692,MW,DK1,DK_1,actual_offshore_wind_generation,Wind Offshore,2026-08-09T11:25:52Z
2026-08-09T11:15:09Z,2026-08-09T13:15:09+0200,e7e504e8-2603-4a3b-a199-89117103e6be,2026-07-11T15:45:00Z,2026-07-11T17:45:00+0200,125.141,MW,DK1,DK_1,actual_offshore_wind_generation,Wind Offshore,2026-08-09T11:25:52Z
2026-08-09T11:15:09Z,2026-08-09T13:15:09+0200,e7e504e8-2603-4a3b-a199-89117103e6be,2026-07-11T16:00:00Z,2026-07-11T18:00:00+0200,108.424,MW,DK1,DK_1,actual_offshore_wind_generation,Wind Offshore,2026-08-09T11:25:52Z
2026-08-09T11:15:09Z,2026-08-09T13:15:09+0200,e7e504e8-2603-4a3b-a199-89117103e6be,2026-07-11T16:15:00Z,2026-07-11T18:15:00+0200,108.587,MW,DK1,DK_1,actual_offshore_wind_generation,Wind Offshore,2026-08-09T11:25:52Z
2026-08-09T11:15:09Z,2026-08-09T13:15:09+0200,e7e504e8-2603-4a3b-a199-89117103e6be,2026-07-11T16:30:00Z,2026-07-11T18:30:00+0200,99.6895,MW,DK1,DK_1,actual_offshore_wind_generation,Wind Offshore,2026-08-09T11:25:52Z
2026-08-09T11:15:09Z,2026-08-09T13:15:09+0200,e7e504e8-2603-4a3b-a199-89117103e6be,2026-07-11T16:45:00Z,2026-07-11T18:45:00+0200,91.4454,MW,DK1,DK_1,actual_offshore_wind_generation,Wind Offshore,2026-08-09T11:25:52Z
2026-08-09T11:15:09Z,2026-08-09T13:15:09+0200,e7e504e8-2603-4a3b-a199-89117103e6be,2026-07-11T17:00:00Z,2026-07-11T19:00:00+0200,85.2995,MW,DK1,DK_1,actual_offshore_wind_generation,Wind Offshore,2026-08-09T11:25:52Z
2026-08-09T11:15:09Z,2026-08-09T13:15:09+0200,e7e504e8-2603-4a3b-a199-89117103e6be,2026-07-11T17:15:00Z,2026-07-11T19:15:00+0200,82.6616,MW,DK1,DK_1,actual_offshore_wind_generation,Wind Offshore,2026-08-09T11:25:52Z
2026-08-09T11:15:09Z,2026-08-09T13:15:09+0200,e7e504e8-2603-4a3b-a199-89117103e6be,2026-07-11T17:30:00Z,2026-07-11T19:30:00+0200,95.1331,MW,DK1,DK_1,actual_offshore_wind_generation,Wind Offshore,2026-08-09T11:25:52Z
2026-08-09T11:15:09Z,2026-08-09T13:15:09+0200,e7e504e8-2603-4a3b-a199-89117103e6be,2026-07-11T17:45:00Z,2026-07-11T19:45:00+0200,115.615,MW,DK1,DK_1,actual_offshore_wind_generation,Wind Offshore,2026-08-09T11:25:52Z
2026-08-09T11:15:09Z,2026-08-09T13:15:09+0200,e7e504e8-2603-4a3b-a199-89117103e6be,2026-07-11T18:00:00Z,2026-07-11T20:00:00+0200,155.131,MW,DK1,DK_1,actual_offshore_wind_generation,Wind Offshore,2026-08-09T11:25:52Z
2026-08-09T11:15:09Z,2026-08-09T13:15:09+0200,e7e504e8-2603-4a3b-a199-89117103e6be,2026-07-11T18:15:00Z,2026-07-11T20:15:00+0200,220.738,MW,DK1,DK_1,actual_offshore_wind_generation,Wind Offshore,2026-08-09T11:25:52Z
2026-08-09T11:15:09Z,2026-08-09T13:15:09+0200,e7e504e8-2603-4a3b-a199-89117103e6be,2026-07-11T18:30:00Z,2026-07-11T20:30:00+0200,278.823,MW,DK1,DK_1,actual_offshore_wind_generation,Wind Offshore,2026-08-09T11:25:52Z
2026-08-09T11:15:09Z,2026-08-09T13:15:09+0200,e7e504e8-2603-4a3b-a199-89117103e6be,2026-07-11T18:45:00Z,2026-07-11T20:45:00+0200,288.762,MW,DK1,DK_1,actual_offshore_wind_generation,Wind Offshore,2026-08-09T11:25:52Z
2026-08-09T11:15:09Z,2026-08-09T13:15:09+0200,e7e504e8-2603-4a3b-a199-89117103e6be,2026-07-11T19:00:00Z,2026-07-11T21:00:00+0200,312.055,MW,DK1,DK_1,actual_offshore_wind_generation,Wind Offshore,2026-08-09T11:25:52Z
2026-08-09T11:15:09Z,2026-08-09T13:15:09+0200,e7e504e8-2603-4a3b-a199-89117103e6be,2026-07-11T19:15:00Z,2026-07-11T21:15:00+0200,354.309,MW,DK1,DK_1,actual_offshore_wind_generation,Wind Offshore,2026-08-09T11:25:52Z
2026-08-09T11:15:09Z,2026-08-09T13:15:09+0200,e7e504e8-2603-4a3b-a199-89117103e6be,2026-07-11T19:30:00Z,2026-07-11T21:30:00+0200,412.133,MW,DK1,DK_1,actual_offshore_wind_generation,Wind Offshore,2026-08-09T11:25:52Z
2026-08-09T11:15:09Z,2026-08-09T13:15:09+0200,e7e504e8-2603-4a3b-a199-89117103e6be,2026-07-11T19:45:00Z,2026-07-11T21:45:00+0200,453.772,MW,DK1,DK_1,actual_offshore_wind_generation,Wind Offshore,2026-08-09T11:25:52Z
2026-08-09T11:15:09Z,2026-08-09T13:15:09+0200,e7e504e8-2603-4a3b-a199-89117103e6be,2026-07-11T20:00:00Z,2026-07-11T22:00:00+0200,461.631,MW,DK1,DK_1,actual_offshore_wind_generation,Wind Offshore,2026-08-09T11:25:52Z
2026-08-09T11:15:09Z,2026-08-09T13:15:09+0200,e7e504e8-2603-4a3b-a199-89117103e6be,2026-07-11T20:15:00Z,2026-07-11T22:15:00+0200,447.391,MW,DK1,DK_1,actual_offshore_wind_generation,Wind Offshore,2026-08-09T11:25:52Z
2026-08-09T11:15:09Z,2026-08-09T13:15:09+0200,e7e504e8-2603-4a3b-a199-89117103e6be,2026-07-11T20:30:00Z,2026-07-11T22:30:00+0200,435.495,MW,DK1,DK_1,actual_offshore_wind_generation,Wind Offshore,2026-08-09T11:25:52Z
2026-08-09T11:15:09Z,2026-08-09T13:15:09+0200,e7e504e8-2603-4a3b-a199-89117103e6be,2026-07-11T20:45:00Z,2026-07-11T22:45:00+0200,424.141,MW,DK1,DK_1,actual_offshore_wind_generation,Wind Offshore,2026-08-09T11:25:52Z
2026-08-09T11:15:09Z,2026-08-09T13:15:09+0200,e7e504e8-2603-4a3b-a199-89117103e6be,2026-07-11T21:00:00Z,2026-07-11T23:00:00+0200,451.446,MW,DK1,DK_1,actual_offshore_wind_generation,Wind Offshore,2026-08-09T11:25:52Z
2026-08-09T11:15:09Z,2026-08-09T13:15:09+0200,e7e504e8-2603-4a3b-a199-89117103e6be,2026-07-11T21:15:00Z,2026-07-11T23:15:00+0200,550.711,MW,DK1,DK_1,actual_offshore_wind_generation,Wind Offshore,2026-08-09T11:25:52Z
2026-08-09T11:15:09Z,2026-08-09T13:15:09+0200,e7e504e8-2603-4a3b-a199-89117103e6be,2026-07-11T21:30:00Z,2026-07-11T23:30:00+0200,595.87,MW,DK1,DK_1,actual_offshore_wind_generation,Wind Offshore,2026-08-09T11:25:52Z
2026-08-09T11:15:09Z,2026-08-09T13:15:09+0200,e7e504e8-2603-4a3b-a199-89117103e6be,2026-07-11T21:45:00Z,2026-07-11T23:45:00+0200,632.866,MW,DK1,DK_1,actual_offshore_wind_generation,Wind Offshore,2026-08-09T11:25:52Z
2026-08-09T11:15:09Z,2026-08-09T13:15:09+0200,e7e504e8-2603-4a3b-a199-89117103e6be,2026-07-11T22:00:00Z,2026-07-12T00:00:00+0200,655.174,MW,DK1,DK_1,actual_offshore_wind_generation,Wind Offshore,2026-08-09T11:25:52Z
2026-08-09T11:15:09Z,2026-08-09T13:15:09+0200,e7e504e8-2603-4a3b-a199-89117103e6be,2026-07-11T22:15:00Z,2026-07-12T00:15:00+0200,680.713,MW,DK1,DK_1,actual_offshore_wind_generation,Wind Offshore,2026-08-09T11:25:52Z
2026-08-09T11:15:09Z,2026-08-09T13:15:09+0200,e7e504e8-2603-4a3b-a199-89117103e6be,2026-07-11T22:30:00Z,2026-07-12T00:30:00+0200,685.226,MW,DK1,DK_1,actual_offshore_wind_generation,Wind Offshore,2026-08-09T11:25:52Z
2026-08-09T11:15:09Z,2026-08-09T13:15:09+0200,e7e504e8-2603-4a3b-a199-89117103e6be,2026-07-11T22:45:00Z,2026-07-12T00:45:00+0200,689.929,MW,DK1,DK_1,actual_offshore_wind_generation,Wind Offshore,2026-08-09T11:25:52Z
2026-08-09T11:15:09Z,2026-08-09T13:15:09+0200,e7e504e8-2603-4a3b-a199-89117103e6be,2026-07-11T23:00:00Z,2026-07-12T01:00:00+0200,667.912,MW,DK1,DK_1,actual_offshore_wind_generation,Wind Offshore,2026-08-09T11:25:52Z
2026-08-09T11:15:09Z,2026-08-09T13:15:09+0200,e7e504e8-2603-4a3b-a199-89117103e6be,2026-07-11T23:15:00Z,2026-07-12T01:15:00+0200,644.687,MW,DK1,DK_1,actual_offshore_wind_generation,Wind Offshore,2026-08-09T11:25:52Z
2026-08-09T11:15:09Z,2026-08-09T13:15:09+0200,e7e504e8-2603-4a3b-a199-89117103e6be,2026-07-11T23:30:00Z,2026-07-12T01:30:00+0200,654.486,MW,DK1,DK_1,actual_offshore_wind_generation,Wind Offshore,2026-08-09T11:25:52Z
2026-08-09T11:15:09Z,2026-08-09T13:15:09+0200,e7e504e8-2603-4a3b-a199-89117103e6be,2026-07-11T23:45:00Z,2026-07-12T01:45:00+0200,672.694,MW,DK1,DK_1,actual_offshore_wind_generation,Wind Offshore,2026-08-09T11:25:52Z
2026-08-09T11:15:09Z,2026-08-09T13:15:09+0200,e7e504e8-2603-4a3b-a199-89117103e6be,2026-07-12T00:00:00Z,2026-07-12T02:00:00+0200,694.409,MW,DK1,DK_1,actual_offshore_wind_generation,Wind Offshore,2026-08-09T11:25:52Z
2026-08-09T11:15:09Z,2026-08-09T13:15:09+0200,e7e504e8-2603-4a3b-a199-89117103e6be,2026-07-12T00:15:00Z,2026-07-12T02:15:00+0200,705.351,MW,DK1,DK_1,actual_offshore_wind_generation,Wind Offshore,2026-08-09T11:25:52Z
2026-08-09T11:15:09Z,2026-08-09T13:15:09+0200,e7e504e8-2603-4a3b-a199-89117103e6be,2026-07-12T00:30:00Z,2026-07-12T02:30:00+0200,710.79,MW,DK1,DK_1,actual_offshore_wind_generation,Wind Offshore,2026-08-09T11:25:52Z
2026-08-09T11:15:09Z,2026-08-09T13:15:09+0200,e7e504e8-2603-4a3b-a199-89117103e6be,2026-07-12T00:45:00Z,2026-07-12T02:45:00+0200,716.478,MW,DK1,DK_1,actual_offshore_wind_generation,Wind Offshore,2026-08-09T11:25:52Z
2026-08-09T11:15:09Z,2026-08-09T13:15:09+0200,e7e504e8-2603-4a3b-a199-89117103e6be,2026-07-12T01:00:00Z,2026-07-12T03:00:00+0200,741.055,MW,DK1,DK_1,actual_offshore_wind_generation,Wind Offshore,2026-08-09T11:25:52Z
2026-08-09T11:15:09Z,2026-08-09T13:15:09+0200,e7e504e8-2603-4a3b-a199-89117103e6be,2026-07-12T01:15:00Z,2026-07-12T03:15:00+0200,776.424,MW,DK1,DK_1,actual_offshore_wind_generation,Wind Offshore,2026-08-09T11:25:52Z
2026-08-09T11:15:09Z,2026-08-09T13:15:09+0200,e7e504e8-2603-4a3b-a199-89117103e6be,2026-07-12T01:30:00Z,2026-07-12T03:30:00+0200,811.692,MW,DK1,DK_1,actual_offshore_wind_generation,Wind Offshore,2026-08-09T11:25:52Z
2026-08-09T11:15:09Z,2026-08-09T13:15:09+0200,e7e504e8-2603-4a3b-a199-89117103e6be,2026-07-12T01:45:00Z,2026-07-12T03:45:00+0200,798.18,MW,DK1,DK_1,actual_offshore_wind_generation,Wind Offshore,2026-08-09T11:25:52Z
2026-08-09T11:15:09Z,2026-08-09T13:15:09+0200,e7e504e8-2603-4a3b-a199-89117103e6be,2026-07-12T02:00:00Z,2026-07-12T04:00:00+0200,782.889,MW,DK1,DK_1,actual_offshore_wind_generation,Wind Offshore,2026-08-09T11:25:52Z
2026-08-09T11:15:09Z,2026-08-09T13:15:09+0200,e7e504e8-2603-4a3b-a199-89117103e6be,2026-07-12T02:15:00Z,2026-07-12T04:15:00+0200,764.219,MW,DK1,DK_1,actual_offshore_wind_generation,Wind Offshore,2026-08-09T11:25:52Z
2026-08-09T11:15:09Z,2026-08-09T13:15:09+0200,e7e504e8-2603-4a3b-a199-89117103e6be,2026-07-12T02:30:00Z,2026-07-12T04:30:00+0200,734.97,MW,DK1,DK_1,actual_offshore_wind_generation,Wind Offshore,2026-08-09T11:25:52Z
2026-08-09T11:15:09Z,2026-08-09T13:15:09+0200,e7e504e8-2603-4a3b-a199-89117103e6be,2026-07-12T02:45:00Z,2026-07-12T04:45:00+0200,711.261,MW,DK1,DK_1,actual_offshore_wind_generation,Wind Offshore,2026-08-09T11:25:52Z
2026-08-09T11:15:09Z,2026-08-09T13:15:09+0200,e7e504e8-2603-4a3b-a199-89117103e6be,2026-07-12T03:00:00Z,2026-07-12T05:00:00+0200,705.528,MW,DK1,DK_1,actual_offshore_wind_generation,Wind Offshore,2026-08-09T11:25:52Z
2026-08-09T11:15:09Z,2026-08-09T13:15:09+0200,e7e504e8-2603-4a3b-a199-89117103e6be,2026-07-12T03:15:00Z,2026-07-12T05:15:00+0200,708.387,MW,DK1,DK_1,actual_offshore_wind_generation,Wind Offshore,2026-08-09T11:25:52Z
2026-08-09T11:15:09Z,2026-08-09T13:15:09+0200,e7e504e8-2603-4a3b-a199-89117103e6be,2026-07-12T03:30:00Z,2026-07-12T05:30:00+0200,719.481,MW,DK1,DK_1,actual_offshore_wind_generation,Wind Offshore,2026-08-09T11:25:52Z
2026-08-09T11:15:09Z,2026-08-09T13:15:09+0200,e7e504e8-2603-4a3b-a199-89117103e6be,2026-07-12T03:45:00Z,2026-07-12T05:45:00+0200,767.286,MW,DK1,DK_1,actual_offshore_wind_generation,Wind Offshore,2026-08-09T11:25:52Z
2026-08-09T11:15:09Z,2026-08-09T13:15:09+0200,e7e504e8-2603-4a3b-a199-89117103e6be,2026-07-12T04:00:00Z,2026-07-12T06:00:00+0200,773.142,MW,DK1,DK_1,actual_offshore_wind_generation,Wind Offshore,2026-08-09T11:25:52Z
2026-08-09T11:15:09Z,2026-08-09T13:15:09+0200,e7e504e8-2603-4a3b-a199-89117103e6be,2026-07-12T04:15:00Z,2026-07-12T06:15:00+0200,766.206,MW,DK1,DK_1,actual_offshore_wind_generation,Wind Offshore,2026-08-09T11:25:52Z
2026-08-09T11:15:09Z,2026-08-09T13:15:09+0200,e7e504e8-2603-4a3b-a199-89117103e6be,2026-07-12T04:30:00Z,2026-07-12T06:30:00+0200,708.452,MW,DK1,DK_1,actual_offshore_wind_generation,Wind Offshore,2026-08-09T11:25:52Z
2026-08-09T11:15:09Z,2026-08-09T13:15:09+0200,e7e504e8-2603-4a3b-a199-89117103e6be,2026-07-12T04:45:00Z,2026-07-12T06:45:00+0200,675.9,MW,DK1,DK_1,actual_offshore_wind_generation,Wind Offshore,2026-08-09T11:25:52Z
2026-08-09T11:15:09Z,2026-08-09T13:15:09+0200,e7e504e8-2603-4a3b-a199-89117103e6be,2026-07-12T05:00:00Z,2026-07-12T07:00:00+0200,626.076,MW,DK1,DK_1,actual_offshore_wind_generation,Wind Offshore,2026-08-09T11:25:52Z
2026-08-09T11:15:09Z,2026-08-09T13:15:09+0200,e7e504e8-2603-4a3b-a199-89117103e6be,2026-07-12T05:15:00Z,2026-07-12T07:15:00+0200,575.565,MW,DK1,DK_1,actual_offshore_wind_generation,Wind Offshore,2026-08-09T11:25:52Z
2026-08-09T11:15:09Z,2026-08-09T13:15:09+0200,e7e504e8-2603-4a3b-a199-89117103e6be,2026-07-12T05:30:00Z,2026-07-12T07:30:00+0200,552.042,MW,DK1,DK_1,actual_offshore_wind_generation,Wind Offshore,2026-08-09T11:25:52Z
2026-08-09T11:15:09Z,2026-08-09T13:15:09+0200,e7e504e8-2603-4a3b-a199-89117103e6be,2026-07-12T05:45:00Z,2026-07-12T07:45:00+0200,582.124,MW,DK1,DK_1,actual_offshore_wind_generation,Wind Offshore,2026-08-09T11:25:52Z
2026-08-09T11:15:09Z,2026-08-09T13:15:09+0200,e7e504e8-2603-4a3b-a199-89117103e6be,2026-07-12T06:00:00Z,2026-07-12T08:00:00+0200,604.615,MW,DK1,DK_1,actual_offshore_wind_generation,Wind Offshore,2026-08-09T11:25:52Z
2026-08-09T11:15:09Z,2026-08-09T13:15:09+0200,e7e504e8-2603-4a3b-a199-89117103e6be,2026-07-12T06:15:00Z,2026-07-12T08:15:00+0200,597.898,MW,DK1,DK_1,actual_offshore_wind_generation,Wind Offshore,2026-08-09T11:25:52Z
2026-08-09T11:15:09Z,2026-08-09T13:15:09+0200,e7e504e8-2603-4a3b-a199-89117103e6be,2026-07-12T06:30:00Z,2026-07-12T08:30:00+0200,575.299,MW,DK1,DK_1,actual_offshore_wind_generation,Wind Offshore,2026-08-09T11:25:52Z
2026-08-09T11:15:09Z,2026-08-09T13:15:09+0200,e7e504e8-2603-4a3b-a199-89117103e6be,2026-07-12T06:45:00Z,2026-07-12T08:45:00+0200,546.098,MW,DK1,DK_1,actual_offshore_wind_generation,Wind Offshore,2026-08-09T11:25:52Z
2026-08-09T11:15:09Z,2026-08-09T13:15:09+0200,e7e504e8-2603-4a3b-a199-89117103e6be,2026-07-12T07:00:00Z,2026-07-12T09:00:00+0200,533.52,MW,DK1,DK_1,actual_offshore_wind_generation,Wind Offshore,2026-08-09T11:25:52Z
2026-08-09T11:15:09Z,2026-08-09T13:15:09+0200,e7e504e8-2603-4a3b-a199-89117103e6be,2026-07-12T07:15:00Z,2026-07-12T09:15:00+0200,448.422,MW,DK1,DK_1,actual_offshore_wind_generation,Wind Offshore,2026-08-09T11:25:52Z
2026-08-09T11:15:09Z,2026-08-09T13:15:09+0200,e7e504e8-2603-4a3b-a199-89117103e6be,2026-07-12T07:30:00Z,2026-07-12T09:30:00+0200,405.741,MW,DK1,DK_1,actual_offshore_wind_generation,Wind Offshore,2026-08-09T11:25:52Z
2026-08-09T11:15:09Z,2026-08-09T13:15:09+0200,e7e504e8-2603-4a3b-a199-89117103e6be,2026-07-12T07:45:00Z,2026-07-12T09:45:00+0200,348.994,MW,DK1,DK_1,actual_offshore_wind_generation,Wind Offshore,2026-08-09T11:25:52Z
2026-08-09T11:15:09Z,2026-08-09T13:15:09+0200,e7e504e8-2603-4a3b-a199-89117103e6be,2026-07-12T08:00:00Z,2026-07-12T10:00:00+0200,369.51,MW,DK1,DK_1,actual_offshore_wind_generation,Wind Offshore,2026-08-09T11:25:52Z
2026-08-09T11:15:09Z,2026-08-09T13:15:09+0200,e7e504e8-2603-4a3b-a199-89117103e6be,2026-07-12T08:15:00Z,2026-07-12T10:15:00+0200,337.563,MW,DK1,DK_1,actual_offshore_wind_generation,Wind Offshore,2026-08-09T11:25:52Z
2026-08-09T11:15:09Z,2026-08-09T13:15:09+0200,e7e504e8-2603-4a3b-a199-89117103e6be,2026-07-12T08:30:00Z,2026-07-12T10:30:00+0200,266.398,MW,DK1,DK_1,actual_offshore_wind_generation,Wind Offshore,2026-08-09T11:25:52Z
2026-08-09T11:15:09Z,2026-08-09T13:15:09+0200,e7e504e8-2603-4a3b-a199-89117103e6be,2026-07-12T08:45:00Z,2026-07-12T10:45:00+0200,215.195,MW,DK1,DK_1,actual_offshore_wind_generation,Wind Offshore,2026-08-09T11:25:52Z
2026-08-09T11:15:09Z,2026-08-09T13:15:09+0200,e7e504e8-2603-4a3b-a199-89117103e6be,2026-07-12T09:00:00Z,2026-07-12T11:00:00+0200,200.039,MW,DK1,DK_1,actual_offshore_wind_generation,Wind Offshore,2026-08-09T11:25:52Z
2026-08-09T11:15:09Z,2026-08-09T13:15:09+0200,e7e504e8-2603-4a3b-a199-89117103e6be,2026-07-12T09:15:00Z,2026-07-12T11:15:00+0200,208.717,MW,DK1,DK_1,actual_offshore_wind_generation,Wind Offshore,2026-08-09T11:25:52Z
2026-08-09T11:15:09Z,2026-08-09T13:15:09+0200,e7e504e8-2603-4a3b-a199-89117103e6be,2026-07-12T09:30:00Z,2026-07-12T11:30:00+0200,190.466,MW,DK1,DK_1,actual_offshore_wind_generation,Wind Offshore,2026-08-09T11:25:52Z
2026-08-09T11:15:09Z,2026-08-09T13:15:09+0200,e7e504e8-2603-4a3b-a199-89117103e6be,2026-07-12T09:45:00Z,2026-07-12T11:45:00+0200,105.474,MW,DK1,DK_1,actual_offshore_wind_generation,Wind Offshore,2026-08-09T11:25:52Z
2026-08-09T11:15:09Z,2026-08-09T13:15:09+0200,e7e504e8-2603-4a3b-a199-89117103e6be,2026-07-12T10:00:00Z,2026-07-12T12:00:00+0200,5.81251,MW,DK1,DK_1,actual_offshore_wind_generation,Wind Offshore,2026-08-09T11:25:52Z
2026-08-09T11:15:09Z,2026-08-09T13:15:09+0200,e7e504e8-2603-4a3b-a199-89117103e6be,2026-07-12T10:15:00Z,2026-07-12T12:15:00+0200,9.47401,MW,DK1,DK_1,actual_offshore_wind_generation,Wind Offshore,2026-08-09T11:25:52Z
2026-08-09T11:15:09Z,2026-08-09T13:15:09+0200,e7e504e8-2603-4a3b-a199-89117103e6be,2026-07-12T10:30:00Z,2026-07-12T12:30:00+0200,10.699,MW,DK1,DK_1,actual_offshore_wind_generation,Wind Offshore,2026-08-09T11:25:52Z
2026-08-09T11:15:09Z,2026-08-09T13:15:09+0200,e7e504e8-2603-4a3b-a199-89117103e6be,2026-07-12T10:45:00Z,2026-07-12T12:45:00+0200,13.1805,MW,DK1,DK_1,actual_offshore_wind_generation,Wind Offshore,2026-08-09T11:25:52Z
2026-08-09T11:15:09Z,2026-08-09T13:15:09+0200,e7e504e8-2603-4a3b-a199-89117103e6be,2026-07-12T11:00:00Z,2026-07-12T13:00:00+0200,13.5053,MW,DK1,DK_1,actual_offshore_wind_generation,Wind Offshore,2026-08-09T11:25:52Z
2026-08-09T11:15:09Z,2026-08-09T13:15:09+0200,e7e504e8-2603-4a3b-a199-89117103e6be,2026-07-12T11:15:00Z,2026-07-12T13:15:00+0200,11.0166,MW,DK1,DK_1,actual_offshore_wind_generation,Wind Offshore,2026-08-09T11:25:52Z
2026-08-09T11:15:09Z,2026-08-09T13:15:09+0200,e7e504e8-2603-4a3b-a199-89117103e6be,2026-07-12T11:30:00Z,2026-07-12T13:30:00+0200,6.40844,MW,DK1,DK_1,actual_offshore_wind_generation,Wind Offshore,2026-08-09T11:25:52Z
2026-08-09T11:15:09Z,2026-08-09T13:15:09+0200,e7e504e8-2603-4a3b-a199-89117103e6be,2026-07-12T11:45:00Z,2026-07-12T13:45:00+0200,6.40506,MW,DK1,DK_1,actual_offshore_wind_generation,Wind Offshore,2026-08-09T11:25:52Z
2026-08-09T11:15:09Z,2026-08-09T13:15:09+0200,e7e504e8-2603-4a3b-a199-89117103e6be,2026-07-12T12:00:00Z,2026-07-12T14:00:00+0200,7.39235,MW,DK1,DK_1,actual_offshore_wind_generation,Wind Offshore,2026-08-09T11:25:52Z
2026-08-09T11:15:09Z,2026-08-09T13:15:09+0200,e7e504e8-2603-4a3b-a199-89117103e6be,2026-07-12T12:15:00Z,2026-07-12T14:15:00+0200,6.09526,MW,DK1,DK_1,actual_offshore_wind_generation,Wind Offshore,2026-08-09T11:25:52Z
2026-08-09T11:15:09Z,2026-08-09T13:15:09+0200,e7e504e8-2603-4a3b-a199-89117103e6be,2026-07-12T12:30:00Z,2026-07-12T14:30:00+0200,5.19335,MW,DK1,DK_1,actual_offshore_wind_generation,Wind Offshore,2026-08-09T11:25:52Z
2026-08-09T11:15:09Z,2026-08-09T13:15:09+0200,e7e504e8-2603-4a3b-a199-89117103e6be,2026-07-12T12:45:00Z,2026-07-12T14:45:00+0200,6.74303,MW,DK1,DK_1,actual_offshore_wind_generation,Wind Offshore,2026-08-09T11:25:52Z
2026-08-09T11:15:09Z,2026-08-09T13:15:09+0200,e7e504e8-2603-4a3b-a199-89117103e6be,2026-07-12T13:00:00Z,2026-07-12T15:00:00+0200,42.5599,MW,DK1,DK_1,actual_offshore_wind_generation,Wind Offshore,2026-08-09T11:25:52Z
2026-08-09T11:15:09Z,2026-08-09T13:15:09+0200,e7e504e8-2603-4a3b-a199-89117103e6be,2026-07-12T13:15:00Z,2026-07-12T15:15:00+0200,55.0129,MW,DK1,DK_1,actual_offshore_wind_generation,Wind Offshore,2026-08-09T11:25:52Z
2026-08-09T11:15:09Z,2026-08-09T13:15:09+0200,e7e504e8-2603-4a3b-a199-89117103e6be,2026-07-12T13:30:00Z,2026-07-12T15:30:00+0200,116.311,MW,DK1,DK_1,actual_offshore_wind_generation,Wind Offshore,2026-08-09T11:25:52Z
2026-08-09T11:15:09Z,2026-08-09T13:15:09+0200,e7e504e8-2603-4a3b-a199-89117103e6be,2026-07-12T13:45:00Z,2026-07-12T15:45:00+0200,136.828,MW,DK1,DK_1,actual_offshore_wind_generation,Wind Offshore,2026-08-09T11:25:52Z
2026-08-09T11:15:09Z,2026-08-09T13:15:09+0200,e7e504e8-2603-4a3b-a199-89117103e6be,2026-07-12T14:00:00Z,2026-07-12T16:00:00+0200,224.533,MW,DK1,DK_1,actual_offshore_wind_generation,Wind Offshore,2026-08-09T11:25:52Z
2026-08-09T11:15:09Z,2026-08-09T13:15:09+0200,e7e504e8-2603-4a3b-a199-89117103e6be,2026-07-12T14:15:00Z,2026-07-12T16:15:00+0200,420.145,MW,DK1,DK_1,actual_offshore_wind_generation,Wind Offshore,2026-08-09T11:25:52Z
2026-08-09T11:15:09Z,2026-08-09T13:15:09+0200,e7e504e8-2603-4a3b-a199-89117103e6be,2026-07-12T14:30:00Z,2026-07-12T16:30:00+0200,524.829,MW,DK1,DK_1,actual_offshore_wind_generation,Wind Offshore,2026-08-09T11:25:52Z
2026-08-09T11:15:09Z,2026-08-09T13:15:09+0200,e7e504e8-2603-4a3b-a199-89117103e6be,2026-07-12T14:45:00Z,2026-07-12T16:45:00+0200,600.362,MW,DK1,DK_1,actual_offshore_wind_generation,Wind Offshore,2026-08-09T11:25:52Z
2026-08-09T11:15:09Z,2026-08-09T13:15:09+0200,e7e504e8-2603-4a3b-a199-89117103e6be,2026-07-12T15:00:00Z,2026-07-12T17:00:00+0200,830.477,MW,DK1,DK_1,actual_offshore_wind_generation,Wind Offshore,2026-08-09T11:25:52Z
2026-08-09T11:15:09Z,2026-08-09T13:15:09+0200,e7e504e8-2603-4a3b-a199-89117103e6be,2026-07-12T15:15:00Z,2026-07-12T17:15:00+0200,925.891,MW,DK1,DK_1,actual_offshore_wind_generation,Wind Offshore,2026-08-09T11:25:52Z
2026-08-09T11:15:09Z,2026-08-09T13:15:09+0200,e7e504e8-2603-4a3b-a199-89117103e6be,2026-07-12T15:30:00Z,2026-07-12T17:30:00+0200,880.814,MW,DK1,DK_1,actual_offshore_wind_generation,Wind Offshore,2026-08-09T11:25:52Z
2026-08-09T11:15:09Z,2026-08-09T13:15:09+0200,e7e504e8-2603-4a3b-a199-89117103e6be,2026-07-12T15:45:00Z,2026-07-12T17:45:00+0200,920.185,MW,DK1,DK_1,actual_offshore_wind_generation,Wind Offshore,2026-08-09T11:25:52Z
2026-08-09T11:15:09Z,2026-08-09T13:15:09+0200,e7e504e8-2603-4a3b-a199-89117103e6be,2026-07-12T16:00:00Z,2026-07-12T18:00:00+0200,1075.34,MW,DK1,DK_1,actual_offshore_wind_generation,Wind Offshore,2026-08-09T11:25:52Z
2026-08-09T11:15:09Z,2026-08-09T13:15:09+0200,e7e504e8-2603-4a3b-a199-89117103e6be,2026-07-12T16:15:00Z,2026-07-12T18:15:00+0200,1060.97,MW,DK1,DK_1,actual_offshore_wind_generation,Wind Offshore,2026-08-09T11:25:52Z
2026-08-09T11:15:09Z,2026-08-09T13:15:09+0200,e7e504e8-2603-4a3b-a199-89117103e6be,2026-07-12T16:30:00Z,2026-07-12T18:30:00+0200,1064.82,MW,DK1,DK_1,actual_offshore_wind_generation,Wind Offshore,2026-08-09T11:25:52Z
2026-08-09T11:15:09Z,2026-08-09T13:15:09+0200,e7e504e8-2603-4a3b-a199-89117103e6be,2026-07-12T16:45:00Z,2026-07-12T18:45:00+0200,1078.24,MW,DK1,DK_1,actual_offshore_wind_generation,Wind Offshore,2026-08-09T11:25:52Z
2026-08-09T11:15:09Z,2026-08-09T13:15:09+0200,e7e504e8-2603-4a3b-a199-89117103e6be,2026-07-12T17:00:00Z,2026-07-12T19:00:00+0200,1067.51,MW,DK1,DK_1,actual_offshore_wind_generation,Wind Offshore,2026-08-09T11:25:52Z
2026-08-09T11:15:09Z,2026-08-09T13:15:09+0200,e7e504e8-2603-4a3b-a199-89117103e6be,2026-07-12T17:15:00Z,2026-07-12T19:15:00+0200,1089.97,MW,DK1,DK_1,actual_offshore_wind_generation,Wind Offshore,2026-08-09T11:25:52Z
2026-08-09T11:15:09Z,2026-08-09T13:15:09+0200,e7e504e8-2603-4a3b-a199-89117103e6be,2026-07-12T17:30:00Z,2026-07-12T19:30:00+0200,1082.98,MW,DK1,DK_1,actual_offshore_wind_generation,Wind Offshore,2026-08-09T11:25:52Z
2026-08-09T11:15:09Z,2026-08-09T13:15:09+0200,e7e504e8-2603-4a3b-a199-89117103e6be,2026-07-12T17:45:00Z,2026-07-12T19:45:00+0200,1090.98,MW,DK1,DK_1,actual_offshore_wind_generation,Wind Offshore,2026-08-09T11:25:52Z
2026-08-09T11:15:09Z,2026-08-09T13:15:09+0200,e7e504e8-2603-4a3b-a199-89117103e6be,2026-07-12T18:00:00Z,2026-07-12T20:00:00+0200,1098.74,MW,DK1,DK_1,actual_offshore_wind_generation,Wind Offshore,2026-08-09T11:25:52Z
2026-08-09T11:15:09Z,2026-08-09T13:15:09+0200,e7e504e8-2603-4a3b-a199-89117103e6be,2026-07-12T18:15:00Z,2026-07-12T20:15:00+0200,1084.52,MW,DK1,DK_1,actual_offshore_wind_generation,Wind Offshore,2026-08-09T11:25:52Z
2026-08-09T11:15:09Z,2026-08-09T13:15:09+0200,e7e504e8-2603-4a3b-a199-89117103e6be,2026-07-12T18:30:00Z,2026-07-12T20:30:00+0200,1155.96,MW,DK1,DK_1,actual_offshore_wind_generation,Wind Offshore,2026-08-09T11:25:52Z
2026-08-09T11:15:09Z,2026-08-09T13:15:09+0200,e7e504e8-2603-4a3b-a199-89117103e6be,2026-07-12T18:45:00Z,2026-07-12T20:45:00+0200,1187.4,MW,DK1,DK_1,actual_offshore_wind_generation,Wind Offshore,2026-08-09T11:25:52Z
2026-08-09T11:15:09Z,2026-08-09T13:15:09+0200,e7e504e8-2603-4a3b-a199-89117103e6be,2026-07-12T19:00:00Z,2026-07-12T21:00:00+0200,1182.33,MW,DK1,DK_1,actual_offshore_wind_generation,Wind Offshore,2026-08-09T11:25:52Z
2026-08-09T11:15:09Z,2026-08-09T13:15:09+0200,e7e504e8-2603-4a3b-a199-89117103e6be,2026-07-12T19:15:00Z,2026-07-12T21:15:00+0200,1131.24,MW,DK1,DK_1,actual_offshore_wind_generation,Wind Offshore,2026-08-09T11:25:52Z
2026-08-09T11:15:09Z,2026-08-09T13:15:09+0200,e7e504e8-2603-4a3b-a199-89117103e6be,2026-07-12T19:30:00Z,2026-07-12T21:30:00+0200,1077.82,MW,DK1,DK_1,actual_offshore_wind_generation,Wind Offshore,2026-08-09T11:25:52Z
2026-08-09T11:15:09Z,2026-08-09T13:15:09+0200,e7e504e8-2603-4a3b-a199-89117103e6be,2026-07-12T19:45:00Z,2026-07-12T21:45:00+0200,1071.9,MW,DK1,DK_1,actual_offshore_wind_generation,Wind Offshore,2026-08-09T11:25:52Z
2026-08-09T11:15:09Z,2026-08-09T13:15:09+0200,e7e504e8-2603-4a3b-a199-89117103e6be,2026-07-12T20:00:00Z,2026-07-12T22:00:00+0200,1123.55,MW,DK1,DK_1,actual_offshore_wind_generation,Wind Offshore,2026-08-09T11:25:52Z
2026-08-09T11:15:09Z,2026-08-09T13:15:09+0200,e7e504e8-2603-4a3b-a199-89117103e6be,2026-07-12T20:15:00Z,2026-07-12T22:15:00+0200,1115.42,MW,DK1,DK_1,actual_offshore_wind_generation,Wind Offshore,2026-08-09T11:25:52Z
2026-08-09T11:15:09Z,2026-08-09T13:15:09+0200,e7e504e8-2603-4a3b-a199-89117103e6be,2026-07-12T20:30:00Z,2026-07-12T22:30:00+0200,1097.02,MW,DK1,DK_1,actual_offshore_wind_generation,Wind Offshore,2026-08-09T11:25:52Z
2026-08-09T11:15:09Z,2026-08-09T13:15:09+0200,e7e504e8-2603-4a3b-a199-89117103e6be,2026-07-12T20:45:00Z,2026-07-12T22:45:00+0200,1103.74,MW,DK1,DK_1,actual_offshore_wind_generation,Wind Offshore,2026-08-09T11:25:52Z
2026-08-09T11:15:09Z,2026-08-09T13:15:09+0200,e7e504e8-2603-4a3b-a199-89117103e6be,2026-07-12T21:00:00Z,2026-07-12T23:00:00+0200,1083.45,MW,DK1,DK_1,actual_offshore_wind_generation,Wind Offshore,2026-08-09T11:25:52Z
2026-08-09T11:15:09Z,2026-08-09T13:15:09+0200,e7e504e8-2603-4a3b-a199-89117103e6be,2026-07-12T21:15:00Z,2026-07-12T23:15:00+0200,1024.13,MW,DK1,DK_1,actual_offshore_wind_generation,Wind Offshore,2026-08-09T11:25:52Z
2026-08-09T11:15:09Z,2026-08-09T13:15:09+0200,e7e504e8-2603-4a3b-a199-89117103e6be,2026-07-12T21:30:00Z,2026-07-12T23:30:00+0200,984.043,MW,DK1,DK_1,actual_offshore_wind_generation,Wind Offshore,2026-08-09T11:25:52Z
2026-08-09T11:15:09Z,2026-08-09T13:15:09+0200,e7e504e8-2603-4a3b-a199-89117103e6be,2026-07-12T21:45:00Z,2026-07-12T23:45:00+0200,940.678,MW,DK1,DK_1,actual_offshore_wind_generation,Wind Offshore,2026-08-09T11:25:52Z
2026-08-09T11:15:09Z,2026-08-09T13:15:09+0200,e7e504e8-2603-4a3b-a199-89117103e6be,2026-07-12T22:00:00Z,2026-07-13T00:00:00+0200,904.165,MW,DK1,DK_1,actual_offshore_wind_generation,Wind Offshore,2026-08-09T11:25:52Z
2026-08-09T11:15:09Z,2026-08-09T13:15:09+0200,e7e504e8-2603-4a3b-a199-89117103e6be,2026-07-12T22:15:00Z,2026-07-13T00:15:00+0200,891.715,MW,DK1,DK_1,actual_offshore_wind_generation,Wind Offshore,2026-08-09T11:25:52Z
2026-08-09T11:15:09Z,2026-08-09T13:15:09+0200,e7e504e8-2603-4a3b-a199-89117103e6be,2026-07-12T22:30:00Z,2026-07-13T00:30:00+0200,880.94,MW,DK1,DK_1,actual_offshore_wind_generation,Wind Offshore,2026-08-09T11:25:52Z
2026-08-09T11:15:09Z,2026-08-09T13:15:09+0200,e7e504e8-2603-4a3b-a199-89117103e6be,2026-07-12T22:45:00Z,2026-07-13T00:45:00+0200,844.508,MW,DK1,DK_1,actual_offshore_wind_generation,Wind Offshore,2026-08-09T11:25:52Z
2026-08-09T11:15:09Z,2026-08-09T13:15:09+0200,e7e504e8-2603-4a3b-a199-89117103e6be,2026-07-12T23:00:00Z,2026-07-13T01:00:00+0200,808.647,MW,DK1,DK_1,actual_offshore_wind_generation,Wind Offshore,2026-08-09T11:25:52Z
2026-08-09T11:15:09Z,2026-08-09T13:15:09+0200,e7e504e8-2603-4a3b-a199-89117103e6be,2026-07-12T23:15:00Z,2026-07-13T01:15:00+0200,753.404,MW,DK1,DK_1,actual_offshore_wind_generation,Wind Offshore,2026-08-09T11:25:52Z
2026-08-09T11:15:09Z,2026-08-09T13:15:09+0200,e7e504e8-2603-4a3b-a199-89117103e6be,2026-07-12T23:30:00Z,2026-07-13T01:30:00+0200,730.445,MW,DK1,DK_1,actual_offshore_wind_generation,Wind Offshore,2026-08-09T11:25:52Z
2026-08-09T11:15:09Z,2026-08-09T13:15:09+0200,e7e504e8-2603-4a3b-a199-89117103e6be,2026-07-12T23:45:00Z,2026-07-13T01:45:00+0200,709.27,MW,DK1,DK_1,actual_offshore_wind_generation,Wind Offshore,2026-08-09T11:25:52Z
2026-08-09T11:15:09Z,2026-08-09T13:15:09+0200,e7e504e8-2603-4a3b-a199-89117103e6be,2026-07-13T00:00:00Z,2026-07-13T02:00:00+0200,724.751,MW,DK1,DK_1,actual_offshore_wind_generation,Wind Offshore,2026-08-09T11:25:52Z
2026-08-09T11:15:09Z,2026-08-09T13:15:09+0200,e7e504e8-2603-4a3b-a199-89117103e6be,2026-07-13T00:15:00Z,2026-07-13T02:15:00+0200,729.536,MW,DK1,DK_1,actual_offshore_wind_generation,Wind Offshore,2026-08-09T11:25:52Z
2026-08-09T11:15:09Z,2026-08-09T13:15:09+0200,e7e504e8-2603-4a3b-a199-89117103e6be,2026-07-13T00:30:00Z,2026-07-13T02:30:00+0200,701.104,MW,DK1,DK_1,actual_offshore_wind_generation,Wind Offshore,2026-08-09T11:25:52Z
2026-08-09T11:15:09Z,2026-08-09T13:15:09+0200,e7e504e8-2603-4a3b-a199-89117103e6be,2026-07-13T00:45:00Z,2026-07-13T02:45:00+0200,655.107,MW,DK1,DK_1,actual_offshore_wind_generation,Wind Offshore,2026-08-09T11:25:52Z
2026-08-09T11:15:09Z,2026-08-09T13:15:09+0200,e7e504e8-2603-4a3b-a199-89117103e6be,2026-07-13T01:00:00Z,2026-07-13T03:00:00+0200,642.812,MW,DK1,DK_1,actual_offshore_wind_generation,Wind Offshore,2026-08-09T11:25:52Z
2026-08-09T11:15:09Z,2026-08-09T13:15:09+0200,e7e504e8-2603-4a3b-a199-89117103e6be,2026-07-13T01:15:00Z,2026-07-13T03:15:00+0200,617.839,MW,DK1,DK_1,actual_offshore_wind_generation,Wind Offshore,2026-08-09T11:25:52Z
2026-08-09T11:15:09Z,2026-08-09T13:15:09+0200,e7e504e8-2603-4a3b-a199-89117103e6be,2026-07-13T01:30:00Z,2026-07-13T03:30:00+0200,577.18,MW,DK1,DK_1,actual_offshore_wind_generation,Wind Offshore,2026-08-09T11:25:52Z
2026-08-09T11:15:09Z,2026-08-09T13:15:09+0200,e7e504e8-2603-4a3b-a199-89117103e6be,2026-07-13T01:45:00Z,2026-07-13T03:45:00+0200,572.124,MW,DK1,DK_1,actual_offshore_wind_generation,Wind Offshore,2026-08-09T11:25:52Z
2026-08-09T11:15:09Z,2026-08-09T13:15:09+0200,e7e504e8-2603-4a3b-a199-89117103e6be,2026-07-13T02:00:00Z,2026-07-13T04:00:00+0200,628.907,MW,DK1,DK_1,actual_offshore_wind_generation,Wind Offshore,2026-08-09T11:25:52Z
2026-08-09T11:15:09Z,2026-08-09T13:15:09+0200,e7e504e8-2603-4a3b-a199-89117103e6be,2026-07-13T02:15:00Z,2026-07-13T04:15:00+0200,620.952,MW,DK1,DK_1,actual_offshore_wind_generation,Wind Offshore,2026-08-09T11:25:52Z
2026-08-09T11:15:09Z,2026-08-09T13:15:09+0200,e7e504e8-2603-4a3b-a199-89117103e6be,2026-07-13T02:30:00Z,2026-07-13T04:30:00+0200,617.53,MW,DK1,DK_1,actual_offshore_wind_generation,Wind Offshore,2026-08-09T11:25:52Z
2026-08-09T11:15:09Z,2026-08-09T13:15:09+0200,e7e504e8-2603-4a3b-a199-89117103e6be,2026-07-13T02:45:00Z,2026-07-13T04:45:00+0200,604.522,MW,DK1,DK_1,actual_offshore_wind_generation,Wind Offshore,2026-08-09T11:25:52Z
2026-08-09T11:15:09Z,2026-08-09T13:15:09+0200,e7e504e8-2603-4a3b-a199-89117103e6be,2026-07-13T03:00:00Z,2026-07-13T05:00:00+0200,617.53,MW,DK1,DK_1,actual_offshore_wind_generation,Wind Offshore,2026-08-09T11:25:52Z
2026-08-09T11:15:09Z,2026-08-09T13:15:09+0200,e7e504e8-2603-4a3b-a199-89117103e6be,2026-07-13T03:15:00Z,2026-07-13T05:15:00+0200,609.143,MW,DK1,DK_1,actual_offshore_wind_generation,Wind Offshore,2026-08-09T11:25:52Z
2026-08-09T11:15:09Z,2026-08-09T13:15:09+0200,e7e504e8-2603-4a3b-a199-89117103e6be,2026-07-13T03:30:00Z,2026-07-13T05:30:00+0200,571.936,MW,DK1,DK_1,actual_offshore_wind_generation,Wind Offshore,2026-08-09T11:25:52Z
2026-08-09T11:15:09Z,2026-08-09T13:15:09+0200,e7e504e8-2603-4a3b-a199-89117103e6be,2026-07-13T03:45:00Z,2026-07-13T05:45:00+0200,570.109,MW,DK1,DK_1,actual_offshore_wind_generation,Wind Offshore,2026-08-09T11:25:52Z
2026-08-09T11:15:09Z,2026-08-09T13:15:09+0200,e7e504e8-2603-4a3b-a199-89117103e6be,2026-07-13T04:00:00Z,2026-07-13T06:00:00+0200,601.737,MW,DK1,DK_1,actual_offshore_wind_generation,Wind Offshore,2026-08-09T11:25:52Z
2026-08-09T11:15:09Z,2026-08-09T13:15:09+0200,e7e504e8-2603-4a3b-a199-89117103e6be,2026-07-13T04:15:00Z,2026-07-13T06:15:00+0200,650.426,MW,DK1,DK_1,actual_offshore_wind_generation,Wind Offshore,2026-08-09T11:25:52Z
2026-08-09T11:15:09Z,2026-08-09T13:15:09+0200,e7e504e8-2603-4a3b-a199-89117103e6be,2026-07-13T04:30:00Z,2026-07-13T06:30:00+0200,663.563,MW,DK1,DK_1,actual_offshore_wind_generation,Wind Offshore,2026-08-09T11:25:52Z
2026-08-09T11:15:09Z,2026-08-09T13:15:09+0200,e7e504e8-2603-4a3b-a199-89117103e6be,2026-07-13T04:45:00Z,2026-07-13T06:45:00+0200,616.035,MW,DK1,DK_1,actual_offshore_wind_generation,Wind Offshore,2026-08-09T11:25:52Z
2026-08-09T11:15:09Z,2026-08-09T13:15:09+0200,e7e504e8-2603-4a3b-a199-89117103e6be,2026-07-13T05:00:00Z,2026-07-13T07:00:00+0200,597.139,MW,DK1,DK_1,actual_offshore_wind_generation,Wind Offshore,2026-08-09T11:25:52Z
2026-08-09T11:15:09Z,2026-08-09T13:15:09+0200,e7e504e8-2603-4a3b-a199-89117103e6be,2026-07-13T05:15:00Z,2026-07-13T07:15:00+0200,583.311,MW,DK1,DK_1,actual_offshore_wind_generation,Wind Offshore,2026-08-09T11:25:52Z
2026-08-09T11:15:09Z,2026-08-09T13:15:09+0200,e7e504e8-2603-4a3b-a199-89117103e6be,2026-07-13T05:30:00Z,2026-07-13T07:30:00+0200,584.502,MW,DK1,DK_1,actual_offshore_wind_generation,Wind Offshore,2026-08-09T11:25:52Z
2026-08-09T11:15:09Z,2026-08-09T13:15:09+0200,e7e504e8-2603-4a3b-a199-89117103e6be,2026-07-13T05:45:00Z,2026-07-13T07:45:00+0200,548.944,MW,DK1,DK_1,actual_offshore_wind_generation,Wind Offshore,2026-08-09T11:25:52Z
2026-08-09T11:15:09Z,2026-08-09T13:15:09+0200,e7e504e8-2603-4a3b-a199-89117103e6be,2026-07-13T06:00:00Z,2026-07-13T08:00:00+0200,507.552,MW,DK1,DK_1,actual_offshore_wind_generation,Wind Offshore,2026-08-09T11:25:52Z
2026-08-09T11:15:09Z,2026-08-09T13:15:09+0200,e7e504e8-2603-4a3b-a199-89117103e6be,2026-07-13T06:15:00Z,2026-07-13T08:15:00+0200,518.791,MW,DK1,DK_1,actual_offshore_wind_generation,Wind Offshore,2026-08-09T11:25:52Z
2026-08-09T11:15:09Z,2026-08-09T13:15:09+0200,e7e504e8-2603-4a3b-a199-89117103e6be,2026-07-13T06:30:00Z,2026-07-13T08:30:00+0200,503.484,MW,DK1,DK_1,actual_offshore_wind_generation,Wind Offshore,2026-08-09T11:25:52Z
2026-08-09T11:15:09Z,2026-08-09T13:15:09+0200,e7e504e8-2603-4a3b-a199-89117103e6be,2026-07-13T06:45:00Z,2026-07-13T08:45:00+0200,465.139,MW,DK1,DK_1,actual_offshore_wind_generation,Wind Offshore,2026-08-09T11:25:52Z
2026-08-09T11:15:09Z,2026-08-09T13:15:09+0200,e7e504e8-2603-4a3b-a199-89117103e6be,2026-07-13T07:00:00Z,2026-07-13T09:00:00+0200,443.11,MW,DK1,DK_1,actual_offshore_wind_generation,Wind Offshore,2026-08-09T11:25:52Z
2026-08-09T11:15:09Z,2026-08-09T13:15:09+0200,e7e504e8-2603-4a3b-a199-89117103e6be,2026-07-13T07:15:00Z,2026-07-13T09:15:00+0200,402.065,MW,DK1,DK_1,actual_offshore_wind_generation,Wind Offshore,2026-08-09T11:25:52Z
2026-08-09T11:15:09Z,2026-08-09T13:15:09+0200,e7e504e8-2603-4a3b-a199-89117103e6be,2026-07-13T07:30:00Z,2026-07-13T09:30:00+0200,357.392,MW,DK1,DK_1,actual_offshore_wind_generation,Wind Offshore,2026-08-09T11:25:52Z
2026-08-09T11:15:09Z,2026-08-09T13:15:09+0200,e7e504e8-2603-4a3b-a199-89117103e6be,2026-07-13T07:45:00Z,2026-07-13T09:45:00+0200,332.777,MW,DK1,DK_1,actual_offshore_wind_generation,Wind Offshore,2026-08-09T11:25:52Z
2026-08-09T11:15:09Z,2026-08-09T13:15:09+0200,e7e504e8-2603-4a3b-a199-89117103e6be,2026-07-13T08:00:00Z,2026-07-13T10:00:00+0200,286.862,MW,DK1,DK_1,actual_offshore_wind_generation,Wind Offshore,2026-08-09T11:25:52Z
2026-08-09T11:15:09Z,2026-08-09T13:15:09+0200,e7e504e8-2603-4a3b-a199-89117103e6be,2026-07-13T08:15:00Z,2026-07-13T10:15:00+0200,235.856,MW,DK1,DK_1,actual_offshore_wind_generation,Wind Offshore,2026-08-09T11:25:52Z
2026-08-09T11:15:09Z,2026-08-09T13:15:09+0200,e7e504e8-2603-4a3b-a199-89117103e6be,2026-07-13T08:30:00Z,2026-07-13T10:30:00+0200,214.926,MW,DK1,DK_1,actual_offshore_wind_generation,Wind Offshore,2026-08-09T11:25:52Z
2026-08-09T11:15:09Z,2026-08-09T13:15:09+0200,e7e504e8-2603-4a3b-a199-89117103e6be,2026-07-13T08:45:00Z,2026-07-13T10:45:00+0200,207.715,MW,DK1,DK_1,actual_offshore_wind_generation,Wind Offshore,2026-08-09T11:25:52Z
2026-08-09T11:15:09Z,2026-08-09T13:15:09+0200,e7e504e8-2603-4a3b-a199-89117103e6be,2026-07-13T09:00:00Z,2026-07-13T11:00:00+0200,194.176,MW,DK1,DK_1,actual_offshore_wind_generation,Wind Offshore,2026-08-09T11:25:52Z
2026-08-09T11:15:09Z,2026-08-09T13:15:09+0200,e7e504e8-2603-4a3b-a199-89117103e6be,2026-07-13T09:15:00Z,2026-07-13T11:15:00+0200,192.522,MW,DK1,DK_1,actual_offshore_wind_generation,Wind Offshore,2026-08-09T11:25:52Z
2026-08-09T11:15:09Z,2026-08-09T13:15:09+0200,e7e504e8-2603-4a3b-a199-89117103e6be,2026-07-13T09:30:00Z,2026-07-13T11:30:00+0200,176.249,MW,DK1,DK_1,actual_offshore_wind_generation,Wind Offshore,2026-08-09T11:25:52Z
2026-08-09T11:15:09Z,2026-08-09T13:15:09+0200,e7e504e8-2603-4a3b-a199-89117103e6be,2026-07-13T09:45:00Z,2026-07-13T11:45:00+0200,150.099,MW,DK1,DK_1,actual_offshore_wind_generation,Wind Offshore,2026-08-09T11:25:52Z
2026-08-09T11:15:09Z,2026-08-09T13:15:09+0200,e7e504e8-2603-4a3b-a199-89117103e6be,2026-07-13T10:00:00Z,2026-07-13T12:00:00+0200,136.058,MW,DK1,DK_1,actual_offshore_wind_generation,Wind Offshore,2026-08-09T11:25:52Z
2026-08-09T11:15:09Z,2026-08-09T13:15:09+0200,e7e504e8-2603-4a3b-a199-89117103e6be,2026-07-13T10:15:00Z,2026-07-13T12:15:00+0200,142.747,MW,DK1,DK_1,actual_offshore_wind_generation,Wind Offshore,2026-08-09T11:25:52Z
2026-08-09T11:15:09Z,2026-08-09T13:15:09+0200,e7e504e8-2603-4a3b-a199-89117103e6be,2026-07-13T10:30:00Z,2026-07-13T12:30:00+0200,153.158,MW,DK1,DK_1,actual_offshore_wind_generation,Wind Offshore,2026-08-09T11:25:52Z
2026-08-09T11:15:09Z,2026-08-09T13:15:09+0200,e7e504e8-2603-4a3b-a199-89117103e6be,2026-07-13T10:45:00Z,2026-07-13T12:45:00+0200,148.432,MW,DK1,DK_1,actual_offshore_wind_generation,Wind Offshore,2026-08-09T11:25:52Z
2026-08-09T11:15:09Z,2026-08-09T13:15:09+0200,e7e504e8-2603-4a3b-a199-89117103e6be,2026-07-13T11:00:00Z,2026-07-13T13:00:00+0200,150.24,MW,DK1,DK_1,actual_offshore_wind_generation,Wind Offshore,2026-08-09T11:25:52Z
2026-08-09T11:15:09Z,2026-08-09T13:15:09+0200,e7e504e8-2603-4a3b-a199-89117103e6be,2026-07-13T11:15:00Z,2026-07-13T13:15:00+0200,155.591,MW,DK1,DK_1,actual_offshore_wind_generation,Wind Offshore,2026-08-09T11:25:52Z
2026-08-09T11:15:09Z,2026-08-09T13:15:09+0200,e7e504e8-2603-4a3b-a199-89117103e6be,2026-07-13T11:30:00Z,2026-07-13T13:30:00+0200,161.988,MW,DK1,DK_1,actual_offshore_wind_generation,Wind Offshore,2026-08-09T11:25:52Z
2026-08-09T11:15:09Z,2026-08-09T13:15:09+0200,e7e504e8-2603-4a3b-a199-89117103e6be,2026-07-13T11:45:00Z,2026-07-13T13:45:00+0200,167.473,MW,DK1,DK_1,actual_offshore_wind_generation,Wind Offshore,2026-08-09T11:25:52Z
2026-08-09T11:15:09Z,2026-08-09T13:15:09+0200,e7e504e8-2603-4a3b-a199-89117103e6be,2026-07-13T12:00:00Z,2026-07-13T14:00:00+0200,157.894,MW,DK1,DK_1,actual_offshore_wind_generation,Wind Offshore,2026-08-09T11:25:52Z
2026-08-09T11:15:09Z,2026-08-09T13:15:09+0200,e7e504e8-2603-4a3b-a199-89117103e6be,2026-07-13T12:15:00Z,2026-07-13T14:15:00+0200,172.702,MW,DK1,DK_1,actual_offshore_wind_generation,Wind Offshore,2026-08-09T11:25:52Z
2026-08-09T11:15:09Z,2026-08-09T13:15:09+0200,e7e504e8-2603-4a3b-a199-89117103e6be,2026-07-13T12:30:00Z,2026-07-13T14:30:00+0200,189.657,MW,DK1,DK_1,actual_offshore_wind_generation,Wind Offshore,2026-08-09T11:25:52Z
2026-08-09T11:15:09Z,2026-08-09T13:15:09+0200,e7e504e8-2603-4a3b-a199-89117103e6be,2026-07-13T12:45:00Z,2026-07-13T14:45:00+0200,193.423,MW,DK1,DK_1,actual_offshore_wind_generation,Wind Offshore,2026-08-09T11:25:52Z
2026-08-09T11:15:09Z,2026-08-09T13:15:09+0200,e7e504e8-2603-4a3b-a199-89117103e6be,2026-07-13T13:00:00Z,2026-07-13T15:00:00+0200,210.284,MW,DK1,DK_1,actual_offshore_wind_generation,Wind Offshore,2026-08-09T11:25:52Z
2026-08-09T11:15:09Z,2026-08-09T13:15:09+0200,e7e504e8-2603-4a3b-a199-89117103e6be,2026-07-13T13:15:00Z,2026-07-13T15:15:00+0200,228.216,MW,DK1,DK_1,actual_offshore_wind_generation,Wind Offshore,2026-08-09T11:25:52Z
2026-08-09T11:15:09Z,2026-08-09T13:15:09+0200,e7e504e8-2603-4a3b-a199-89117103e6be,2026-07-13T13:30:00Z,2026-07-13T15:30:00+0200,215.193,MW,DK1,DK_1,actual_offshore_wind_generation,Wind Offshore,2026-08-09T11:25:52Z
2026-08-09T11:15:09Z,2026-08-09T13:15:09+0200,e7e504e8-2603-4a3b-a199-89117103e6be,2026-07-13T13:45:00Z,2026-07-13T15:45:00+0200,253.016,MW,DK1,DK_1,actual_offshore_wind_generation,Wind Offshore,2026-08-09T11:25:52Z
2026-08-09T11:15:09Z,2026-08-09T13:15:09+0200,e7e504e8-2603-4a3b-a199-89117103e6be,2026-07-13T14:00:00Z,2026-07-13T16:00:00+0200,257.713,MW,DK1,DK_1,actual_offshore_wind_generation,Wind Offshore,2026-08-09T11:25:52Z
2026-08-09T11:15:09Z,2026-08-09T13:15:09+0200,e7e504e8-2603-4a3b-a199-89117103e6be,2026-07-13T14:15:00Z,2026-07-13T16:15:00+0200,254.113,MW,DK1,DK_1,actual_offshore_wind_generation,Wind Offshore,2026-08-09T11:25:52Z
2026-08-09T11:15:09Z,2026-08-09T13:15:09+0200,e7e504e8-2603-4a3b-a199-89117103e6be,2026-07-13T14:30:00Z,2026-07-13T16:30:00+0200,263.996,MW,DK1,DK_1,actual_offshore_wind_generation,Wind Offshore,2026-08-09T11:25:52Z
2026-08-09T11:15:09Z,2026-08-09T13:15:09+0200,e7e504e8-2603-4a3b-a199-89117103e6be,2026-07-13T14:45:00Z,2026-07-13T16:45:00+0200,299.586,MW,DK1,DK_1,actual_offshore_wind_generation,Wind Offshore,2026-08-09T11:25:52Z
2026-08-09T11:15:09Z,2026-08-09T13:15:09+0200,e7e504e8-2603-4a3b-a199-89117103e6be,2026-07-13T15:00:00Z,2026-07-13T17:00:00+0200,275.091,MW,DK1,DK_1,actual_offshore_wind_generation,Wind Offshore,2026-08-09T11:25:52Z
2026-08-09T11:15:09Z,2026-08-09T13:15:09+0200,e7e504e8-2603-4a3b-a199-89117103e6be,2026-07-13T15:15:00Z,2026-07-13T17:15:00+0200,216.644,MW,DK1,DK_1,actual_offshore_wind_generation,Wind Offshore,2026-08-09T11:25:52Z
2026-08-09T11:15:09Z,2026-08-09T13:15:09+0200,e7e504e8-2603-4a3b-a199-89117103e6be,2026-07-13T15:30:00Z,2026-07-13T17:30:00+0200,203.222,MW,DK1,DK_1,actual_offshore_wind_generation,Wind Offshore,2026-08-09T11:25:52Z
2026-08-09T11:15:09Z,2026-08-09T13:15:09+0200,e7e504e8-2603-4a3b-a199-89117103e6be,2026-07-13T15:45:00Z,2026-07-13T17:45:00+0200,148.443,MW,DK1,DK_1,actual_offshore_wind_generation,Wind Offshore,2026-08-09T11:25:52Z
2026-08-09T11:15:09Z,2026-08-09T13:15:09+0200,e7e504e8-2603-4a3b-a199-89117103e6be,2026-07-13T16:00:00Z,2026-07-13T18:00:00+0200,89.2219,MW,DK1,DK_1,actual_offshore_wind_generation,Wind Offshore,2026-08-09T11:25:52Z
2026-08-09T11:15:09Z,2026-08-09T13:15:09+0200,e7e504e8-2603-4a3b-a199-89117103e6be,2026-07-13T16:15:00Z,2026-07-13T18:15:00+0200,77.0728,MW,DK1,DK_1,actual_offshore_wind_generation,Wind Offshore,2026-08-09T11:25:52Z
2026-08-09T11:15:09Z,2026-08-09T13:15:09+0200,e7e504e8-2603-4a3b-a199-89117103e6be,2026-07-13T16:30:00Z,2026-07-13T18:30:00+0200,89.2495,MW,DK1,DK_1,actual_offshore_wind_generation,Wind Offshore,2026-08-09T11:25:52Z
2026-08-09T11:15:09Z,2026-08-09T13:15:09+0200,e7e504e8-2603-4a3b-a199-89117103e6be,2026-07-13T16:45:00Z,2026-07-13T18:45:00+0200,103.042,MW,DK1,DK_1,actual_offshore_wind_generation,Wind Offshore,2026-08-09T11:25:52Z
2026-08-09T11:15:09Z,2026-08-09T13:15:09+0200,e7e504e8-2603-4a3b-a199-89117103e6be,2026-07-13T17:00:00Z,2026-07-13T19:00:00+0200,152.77,MW,DK1,DK_1,actual_offshore_wind_generation,Wind Offshore,2026-08-09T11:25:52Z
2026-08-09T11:15:09Z,2026-08-09T13:15:09+0200,e7e504e8-2603-4a3b-a199-89117103e6be,2026-07-13T17:15:00Z,2026-07-13T19:15:00+0200,193.709,MW,DK1,DK_1,actual_offshore_wind_generation,Wind Offshore,2026-08-09T11:25:52Z
2026-08-09T11:15:09Z,2026-08-09T13:15:09+0200,e7e504e8-2603-4a3b-a199-89117103e6be,2026-07-13T17:30:00Z,2026-07-13T19:30:00+0200,227.764,MW,DK1,DK_1,actual_offshore_wind_generation,Wind Offshore,2026-08-09T11:25:52Z
2026-08-09T11:15:09Z,2026-08-09T13:15:09+0200,e7e504e8-2603-4a3b-a199-89117103e6be,2026-07-13T17:45:00Z,2026-07-13T19:45:00+0200,227.259,MW,DK1,DK_1,actual_offshore_wind_generation,Wind Offshore,2026-08-09T11:25:52Z
2026-08-09T11:15:09Z,2026-08-09T13:15:09+0200,e7e504e8-2603-4a3b-a199-89117103e6be,2026-07-13T18:00:00Z,2026-07-13T20:00:00+0200,215.086,MW,DK1,DK_1,actual_offshore_wind_generation,Wind Offshore,2026-08-09T11:25:52Z
2026-08-09T11:15:09Z,2026-08-09T13:15:09+0200,e7e504e8-2603-4a3b-a199-89117103e6be,2026-07-13T18:15:00Z,2026-07-13T20:15:00+0200,185.935,MW,DK1,DK_1,actual_offshore_wind_generation,Wind Offshore,2026-08-09T11:25:52Z
2026-08-09T11:15:09Z,2026-08-09T13:15:09+0200,e7e504e8-2603-4a3b-a199-89117103e6be,2026-07-13T18:30:00Z,2026-07-13T20:30:00+0200,166.722,MW,DK1,DK_1,actual_offshore_wind_generation,Wind Offshore,2026-08-09T11:25:52Z
2026-08-09T11:15:09Z,2026-08-09T13:15:09+0200,e7e504e8-2603-4a3b-a199-89117103e6be,2026-07-13T18:45:00Z,2026-07-13T20:45:00+0200,190.755,MW,DK1,DK_1,actual_offshore_wind_generation,Wind Offshore,2026-08-09T11:25:52Z
2026-08-09T11:15:09Z,2026-08-09T13:15:09+0200,e7e504e8-2603-4a3b-a199-89117103e6be,2026-07-13T19:00:00Z,2026-07-13T21:00:00+0200,134.546,MW,DK1,DK_1,actual_offshore_wind_generation,Wind Offshore,2026-08-09T11:25:52Z
2026-08-09T11:15:09Z,2026-08-09T13:15:09+0200,e7e504e8-2603-4a3b-a199-89117103e6be,2026-07-13T19:15:00Z,2026-07-13T21:15:00+0200,99.9196,MW,DK1,DK_1,actual_offshore_wind_generation,Wind Offshore,2026-08-09T11:25:52Z
2026-08-09T11:15:09Z,2026-08-09T13:15:09+0200,e7e504e8-2603-4a3b-a199-89117103e6be,2026-07-13T19:30:00Z,2026-07-13T21:30:00+0200,115.939,MW,DK1,DK_1,actual_offshore_wind_generation,Wind Offshore,2026-08-09T11:25:52Z
2026-08-09T11:15:09Z,2026-08-09T13:15:09+0200,e7e504e8-2603-4a3b-a199-89117103e6be,2026-07-13T19:45:00Z,2026-07-13T21:45:00+0200,108.018,MW,DK1,DK_1,actual_offshore_wind_generation,Wind Offshore,2026-08-09T11:25:52Z
2026-08-09T11:15:09Z,2026-08-09T13:15:09+0200,e7e504e8-2603-4a3b-a199-89117103e6be,2026-07-13T20:00:00Z,2026-07-13T22:00:00+0200,84.5922,MW,DK1,DK_1,actual_offshore_wind_generation,Wind Offshore,2026-08-09T11:25:52Z
2026-08-09T11:15:09Z,2026-08-09T13:15:09+0200,e7e504e8-2603-4a3b-a199-89117103e6be,2026-07-13T20:15:00Z,2026-07-13T22:15:00+0200,81.9876,MW,DK1,DK_1,actual_offshore_wind_generation,Wind Offshore,2026-08-09T11:25:52Z
2026-08-09T11:15:09Z,2026-08-09T13:15:09+0200,e7e504e8-2603-4a3b-a199-89117103e6be,2026-07-13T20:30:00Z,2026-07-13T22:30:00+0200,76.397,MW,DK1,DK_1,actual_offshore_wind_generation,Wind Offshore,2026-08-09T11:25:52Z
2026-08-09T11:15:09Z,2026-08-09T13:15:09+0200,e7e504e8-2603-4a3b-a199-89117103e6be,2026-07-13T20:45:00Z,2026-07-13T22:45:00+0200,75.7787,MW,DK1,DK_1,actual_offshore_wind_generation,Wind Offshore,2026-08-09T11:25:52Z
2026-08-09T11:15:09Z,2026-08-09T13:15:09+0200,e7e504e8-2603-4a3b-a199-89117103e6be,2026-07-13T21:00:00Z,2026-07-13T23:00:00+0200,122.033,MW,DK1,DK_1,actual_offshore_wind_generation,Wind Offshore,2026-08-09T11:25:52Z
2026-08-09T11:15:09Z,2026-08-09T13:15:09+0200,e7e504e8-2603-4a3b-a199-89117103e6be,2026-07-13T21:15:00Z,2026-07-13T23:15:00+0200,150.023,MW,DK1,DK_1,actual_offshore_wind_generation,Wind Offshore,2026-08-09T11:25:52Z
2026-08-09T11:15:09Z,2026-08-09T13:15:09+0200,e7e504e8-2603-4a3b-a199-89117103e6be,2026-07-13T21:30:00Z,2026-07-13T23:30:00+0200,145.444,MW,DK1,DK_1,actual_offshore_wind_generation,Wind Offshore,2026-08-09T11:25:52Z
2026-08-09T11:15:09Z,2026-08-09T13:15:09+0200,e7e504e8-2603-4a3b-a199-89117103e6be,2026-07-13T21:45:00Z,2026-07-13T23:45:00+0200,140.334,MW,DK1,DK_1,actual_offshore_wind_generation,Wind Offshore,2026-08-09T11:25:52Z
2026-08-09T11:15:09Z,2026-08-09T13:15:09+0200,e7e504e8-2603-4a3b-a199-89117103e6be,2026-07-13T22:00:00Z,2026-07-14T00:00:00+0200,159.106,MW,DK1,DK_1,actual_offshore_wind_generation,Wind Offshore,2026-08-09T11:25:52Z
2026-08-09T11:15:09Z,2026-08-09T13:15:09+0200,e7e504e8-2603-4a3b-a199-89117103e6be,2026-07-13T22:15:00Z,2026-07-14T00:15:00+0200,172.298,MW,DK1,DK_1,actual_offshore_wind_generation,Wind Offshore,2026-08-09T11:25:52Z
2026-08-09T11:15:09Z,2026-08-09T13:15:09+0200,e7e504e8-2603-4a3b-a199-89117103e6be,2026-07-13T22:30:00Z,2026-07-14T00:30:00+0200,179.347,MW,DK1,DK_1,actual_offshore_wind_generation,Wind Offshore,2026-08-09T11:25:52Z
2026-08-09T11:15:09Z,2026-08-09T13:15:09+0200,e7e504e8-2603-4a3b-a199-89117103e6be,2026-07-13T22:45:00Z,2026-07-14T00:45:00+0200,176.588,MW,DK1,DK_1,actual_offshore_wind_generation,Wind Offshore,2026-08-09T11:25:52Z
2026-08-09T11:15:09Z,2026-08-09T13:15:09+0200,e7e504e8-2603-4a3b-a199-89117103e6be,2026-07-13T23:00:00Z,2026-07-14T01:00:00+0200,176.388,MW,DK1,DK_1,actual_offshore_wind_generation,Wind Offshore,2026-08-09T11:25:52Z
2026-08-09T11:15:09Z,2026-08-09T13:15:09+0200,e7e504e8-2603-4a3b-a199-89117103e6be,2026-07-13T23:15:00Z,2026-07-14T01:15:00+0200,166.273,MW,DK1,DK_1,actual_offshore_wind_generation,Wind Offshore,2026-08-09T11:25:52Z
2026-08-09T11:15:09Z,2026-08-09T13:15:09+0200,e7e504e8-2603-4a3b-a199-89117103e6be,2026-07-13T23:30:00Z,2026-07-14T01:30:00+0200,174.3,MW,DK1,DK_1,actual_offshore_wind_generation,Wind Offshore,2026-08-09T11:25:52Z
2026-08-09T11:15:09Z,2026-08-09T13:15:09+0200,e7e504e8-2603-4a3b-a199-89117103e6be,2026-07-13T23:45:00Z,2026-07-14T01:45:00+0200,179.486,MW,DK1,DK_1,actual_offshore_wind_generation,Wind Offshore,2026-08-09T11:25:52Z
2026-08-09T11:15:09Z,2026-08-09T13:15:09+0200,e7e504e8-2603-4a3b-a199-89117103e6be,2026-07-14T00:00:00Z,2026-07-14T02:00:00+0200,176.175,MW,DK1,DK_1,actual_offshore_wind_generation,Wind Offshore,2026-08-09T11:25:52Z
2026-08-09T11:15:09Z,2026-08-09T13:15:09+0200,e7e504e8-2603-4a3b-a199-89117103e6be,2026-07-14T00:15:00Z,2026-07-14T02:15:00+0200,149.17,MW,DK1,DK_1,actual_offshore_wind_generation,Wind Offshore,2026-08-09T11:25:52Z
2026-08-09T11:15:09Z,2026-08-09T13:15:09+0200,e7e504e8-2603-4a3b-a199-89117103e6be,2026-07-14T00:30:00Z,2026-07-14T02:30:00+0200,128.865,MW,DK1,DK_1,actual_offshore_wind_generation,Wind Offshore,2026-08-09T11:25:52Z
2026-08-09T11:15:09Z,2026-08-09T13:15:09+0200,e7e504e8-2603-4a3b-a199-89117103e6be,2026-07-14T00:45:00Z,2026-07-14T02:45:00+0200,108.504,MW,DK1,DK_1,actual_offshore_wind_generation,Wind Offshore,2026-08-09T11:25:52Z
2026-08-09T11:15:09Z,2026-08-09T13:15:09+0200,e7e504e8-2603-4a3b-a199-89117103e6be,2026-07-14T01:00:00Z,2026-07-14T03:00:00+0200,101.476,MW,DK1,DK_1,actual_offshore_wind_generation,Wind Offshore,2026-08-09T11:25:52Z
2026-08-09T11:15:09Z,2026-08-09T13:15:09+0200,e7e504e8-2603-4a3b-a199-89117103e6be,2026-07-14T01:15:00Z,2026-07-14T03:15:00+0200,98.8169,MW,DK1,DK_1,actual_offshore_wind_generation,Wind Offshore,2026-08-09T11:25:52Z
2026-08-09T11:15:09Z,2026-08-09T13:15:09+0200,e7e504e8-2603-4a3b-a199-89117103e6be,2026-07-14T01:30:00Z,2026-07-14T03:30:00+0200,100.582,MW,DK1,DK_1,actual_offshore_wind_generation,Wind Offshore,2026-08-09T11:25:52Z
2026-08-09T11:15:09Z,2026-08-09T13:15:09+0200,e7e504e8-2603-4a3b-a199-89117103e6be,2026-07-14T01:45:00Z,2026-07-14T03:45:00+0200,94.3919,MW,DK1,DK_1,actual_offshore_wind_generation,Wind Offshore,2026-08-09T11:25:52Z
2026-08-09T11:15:09Z,2026-08-09T13:15:09+0200,e7e504e8-2603-4a3b-a199-89117103e6be,2026-07-14T02:00:00Z,2026-07-14T04:00:00+0200,91.4255,MW,DK1,DK_1,actual_offshore_wind_generation,Wind Offshore,2026-08-09T11:25:52Z
2026-08-09T11:15:09Z,2026-08-09T13:15:09+0200,e7e504e8-2603-4a3b-a199-89117103e6be,2026-07-14T02:15:00Z,2026-07-14T04:15:00+0200,86.076,MW,DK1,DK_1,actual_offshore_wind_generation,Wind Offshore,2026-08-09T11:25:52Z
2026-08-09T11:15:09Z,2026-08-09T13:15:09+0200,e7e504e8-2603-4a3b-a199-89117103e6be,2026-07-14T02:30:00Z,2026-07-14T04:30:00+0200,74.7593,MW,DK1,DK_1,actual_offshore_wind_generation,Wind Offshore,2026-08-09T11:25:52Z
2026-08-09T11:15:09Z,2026-08-09T13:15:09+0200,e7e504e8-2603-4a3b-a199-89117103e6be,2026-07-14T02:45:00Z,2026-07-14T04:45:00+0200,68.987,MW,DK1,DK_1,actual_offshore_wind_generation,Wind Offshore,2026-08-09T11:25:52Z
2026-08-09T11:15:09Z,2026-08-09T13:15:09+0200,e7e504e8-2603-4a3b-a199-89117103e6be,2026-07-14T03:00:00Z,2026-07-14T05:00:00+0200,63.5725,MW,DK1,DK_1,actual_offshore_wind_generation,Wind Offshore,2026-08-09T11:25:52Z
2026-08-09T11:15:09Z,2026-08-09T13:15:09+0200,e7e504e8-2603-4a3b-a199-89117103e6be,2026-07-14T03:15:00Z,2026-07-14T05:15:00+0200,60.6441,MW,DK1,DK_1,actual_offshore_wind_generation,Wind Offshore,2026-08-09T11:25:52Z
2026-08-09T11:15:09Z,2026-08-09T13:15:09+0200,e7e504e8-2603-4a3b-a199-89117103e6be,2026-07-14T03:30:00Z,2026-07-14T05:30:00+0200,57.9843,MW,DK1,DK_1,actual_offshore_wind_generation,Wind Offshore,2026-08-09T11:25:52Z
2026-08-09T11:15:09Z,2026-08-09T13:15:09+0200,e7e504e8-2603-4a3b-a199-89117103e6be,2026-07-14T03:45:00Z,2026-07-14T05:45:00+0200,55.3389,MW,DK1,DK_1,actual_offshore_wind_generation,Wind Offshore,2026-08-09T11:25:52Z
2026-08-09T11:15:09Z,2026-08-09T13:15:09+0200,e7e504e8-2603-4a3b-a199-89117103e6be,2026-07-14T04:00:00Z,2026-07-14T06:00:00+0200,56.6208,MW,DK1,DK_1,actual_offshore_wind_generation,Wind Offshore,2026-08-09T11:25:52Z
2026-08-09T11:15:09Z,2026-08-09T13:15:09+0200,e7e504e8-2603-4a3b-a199-89117103e6be,2026-07-14T04:15:00Z,2026-07-14T06:15:00+0200,59.7294,MW,DK1,DK_1,actual_offshore_wind_generation,Wind Offshore,2026-08-09T11:25:52Z
2026-08-09T11:15:09Z,2026-08-09T13:15:09+0200,e7e504e8-2603-4a3b-a199-89117103e6be,2026-07-14T04:30:00Z,2026-07-14T06:30:00+0200,69.7703,MW,DK1,DK_1,actual_offshore_wind_generation,Wind Offshore,2026-08-09T11:25:52Z
2026-08-09T11:15:09Z,2026-08-09T13:15:09+0200,e7e504e8-2603-4a3b-a199-89117103e6be,2026-07-14T04:45:00Z,2026-07-14T06:45:00+0200,68.7691,MW,DK1,DK_1,actual_offshore_wind_generation,Wind Offshore,2026-08-09T11:25:52Z
2026-08-09T11:15:09Z,2026-08-09T13:15:09+0200,e7e504e8-2603-4a3b-a199-89117103e6be,2026-07-14T05:00:00Z,2026-07-14T07:00:00+0200,61.7216,MW,DK1,DK_1,actual_offshore_wind_generation,Wind Offshore,2026-08-09T11:25:52Z
2026-08-09T11:15:09Z,2026-08-09T13:15:09+0200,e7e504e8-2603-4a3b-a199-89117103e6be,2026-07-14T05:15:00Z,2026-07-14T07:15:00+0200,53.1273,MW,DK1,DK_1,actual_offshore_wind_generation,Wind Offshore,2026-08-09T11:25:52Z
2026-08-09T11:15:09Z,2026-08-09T13:15:09+0200,e7e504e8-2603-4a3b-a199-89117103e6be,2026-07-14T05:30:00Z,2026-07-14T07:30:00+0200,47.6375,MW,DK1,DK_1,actual_offshore_wind_generation,Wind Offshore,2026-08-09T11:25:52Z
2026-08-09T11:15:09Z,2026-08-09T13:15:09+0200,e7e504e8-2603-4a3b-a199-89117103e6be,2026-07-14T05:45:00Z,2026-07-14T07:45:00+0200,40.1567,MW,DK1,DK_1,actual_offshore_wind_generation,Wind Offshore,2026-08-09T11:25:52Z
2026-08-09T11:15:09Z,2026-08-09T13:15:09+0200,e7e504e8-2603-4a3b-a199-89117103e6be,2026-07-14T06:00:00Z,2026-07-14T08:00:00+0200,46.223,MW,DK1,DK_1,actual_offshore_wind_generation,Wind Offshore,2026-08-09T11:25:52Z
2026-08-09T11:15:09Z,2026-08-09T13:15:09+0200,e7e504e8-2603-4a3b-a199-89117103e6be,2026-07-14T06:15:00Z,2026-07-14T08:15:00+0200,47.748,MW,DK1,DK_1,actual_offshore_wind_generation,Wind Offshore,2026-08-09T11:25:52Z
2026-08-09T11:15:09Z,2026-08-09T13:15:09+0200,e7e504e8-2603-4a3b-a199-89117103e6be,2026-07-14T06:30:00Z,2026-07-14T08:30:00+0200,41.9033,MW,DK1,DK_1,actual_offshore_wind_generation,Wind Offshore,2026-08-09T11:25:52Z
2026-08-09T11:15:09Z,2026-08-09T13:15:09+0200,e7e504e8-2603-4a3b-a199-89117103e6be,2026-07-14T06:45:00Z,2026-07-14T08:45:00+0200,36.7785,MW,DK1,DK_1,actual_offshore_wind_generation,Wind Offshore,2026-08-09T11:25:52Z
2026-08-09T11:15:09Z,2026-08-09T13:15:09+0200,e7e504e8-2603-4a3b-a199-89117103e6be,2026-07-14T07:00:00Z,2026-07-14T09:00:00+0200,32.2385,MW,DK1,DK_1,actual_offshore_wind_generation,Wind Offshore,2026-08-09T11:25:52Z
2026-08-09T11:15:09Z,2026-08-09T13:15:09+0200,e7e504e8-2603-4a3b-a199-89117103e6be,2026-07-14T07:15:00Z,2026-07-14T09:15:00+0200,31.0887,MW,DK1,DK_1,actual_offshore_wind_generation,Wind Offshore,2026-08-09T11:25:52Z
2026-08-09T11:15:09Z,2026-08-09T13:15:09+0200,e7e504e8-2603-4a3b-a199-89117103e6be,2026-07-14T07:30:00Z,2026-07-14T09:30:00+0200,29.9106,MW,DK1,DK_1,actual_offshore_wind_generation,Wind Offshore,2026-08-09T11:25:52Z
2026-08-09T11:15:09Z,2026-08-09T13:15:09+0200,e7e504e8-2603-4a3b-a199-89117103e6be,2026-07-14T07:45:00Z,2026-07-14T09:45:00+0200,19.7135,MW,DK1,DK_1,actual_offshore_wind_generation,Wind Offshore,2026-08-09T11:25:52Z
2026-08-09T11:15:09Z,2026-08-09T13:15:09+0200,e7e504e8-2603-4a3b-a199-89117103e6be,2026-07-14T08:00:00Z,2026-07-14T10:00:00+0200,9.18263,MW,DK1,DK_1,actual_offshore_wind_generation,Wind Offshore,2026-08-09T11:25:52Z
2026-08-09T11:15:09Z,2026-08-09T13:15:09+0200,e7e504e8-2603-4a3b-a199-89117103e6be,2026-07-14T08:15:00Z,2026-07-14T10:15:00+0200,5.32327,MW,DK1,DK_1,actual_offshore_wind_generation,Wind Offshore,2026-08-09T11:25:52Z
2026-08-09T11:15:09Z,2026-08-09T13:15:09+0200,e7e504e8-2603-4a3b-a199-89117103e6be,2026-07-14T08:30:00Z,2026-07-14T10:30:00+0200,1.87841,MW,DK1,DK_1,actual_offshore_wind_generation,Wind Offshore,2026-08-09T11:25:52Z
2026-08-09T11:15:09Z,2026-08-09T13:15:09+0200,e7e504e8-2603-4a3b-a199-89117103e6be,2026-07-14T09:00:00Z,2026-07-14T11:00:00+0200,1.92394,MW,DK1,DK_1,actual_offshore_wind_generation,Wind Offshore,2026-08-09T11:25:52Z
2026-08-09T11:15:09Z,2026-08-09T13:15:09+0200,e7e504e8-2603-4a3b-a199-89117103e6be,2026-07-14T09:15:00Z,2026-07-14T11:15:00+0200,2.79567,MW,DK1,DK_1,actual_offshore_wind_generation,Wind Offshore,2026-08-09T11:25:52Z
2026-08-09T11:15:09Z,2026-08-09T13:15:09+0200,e7e504e8-2603-4a3b-a199-89117103e6be,2026-07-14T09:30:00Z,2026-07-14T11:30:00+0200,2.91087,MW,DK1,DK_1,actual_offshore_wind_generation,Wind Offshore,2026-08-09T11:25:52Z
2026-08-09T11:15:09Z,2026-08-09T13:15:09+0200,e7e504e8-2603-4a3b-a199-89117103e6be,2026-07-14T09:45:00Z,2026-07-14T11:45:00+0200,2.9617,MW,DK1,DK_1,actual_offshore_wind_generation,Wind Offshore,2026-08-09T11:25:52Z
2026-08-09T11:15:09Z,2026-08-09T13:15:09+0200,e7e504e8-2603-4a3b-a199-89117103e6be,2026-07-14T10:00:00Z,2026-07-14T12:00:00+0200,0.73982,MW,DK1,DK_1,actual_offshore_wind_generation,Wind Offshore,2026-08-09T11:25:52Z
2026-08-09T11:15:09Z,2026-08-09T13:15:09+0200,e7e504e8-2603-4a3b-a199-89117103e6be,2026-07-14T10:15:00Z,2026-07-14T12:15:00+0200,2.1401,MW,DK1,DK_1,actual_offshore_wind_generation,Wind Offshore,2026-08-09T11:25:52Z
2026-08-09T11:15:09Z,2026-08-09T13:15:09+0200,e7e504e8-2603-4a3b-a199-89117103e6be,2026-07-14T10:30:00Z,2026-07-14T12:30:00+0200,3.6307,MW,DK1,DK_1,actual_offshore_wind_generation,Wind Offshore,2026-08-09T11:25:52Z
2026-08-09T11:15:09Z,2026-08-09T13:15:09+0200,e7e504e8-2603-4a3b-a199-89117103e6be,2026-07-14T10:45:00Z,2026-07-14T12:45:00+0200,9.86067,MW,DK1,DK_1,actual_offshore_wind_generation,Wind Offshore,2026-08-09T11:25:52Z
2026-08-09T11:15:09Z,2026-08-09T13:15:09+0200,e7e504e8-2603-4a3b-a199-89117103e6be,2026-07-14T11:00:00Z,2026-07-14T13:00:00+0200,28.2954,MW,DK1,DK_1,actual_offshore_wind_generation,Wind Offshore,2026-08-09T11:25:52Z
2026-08-09T11:15:09Z,2026-08-09T13:15:09+0200,e7e504e8-2603-4a3b-a199-89117103e6be,2026-07-14T11:15:00Z,2026-07-14T13:15:00+0200,44.7723,MW,DK1,DK_1,actual_offshore_wind_generation,Wind Offshore,2026-08-09T11:25:52Z
2026-08-09T11:15:09Z,2026-08-09T13:15:09+0200,e7e504e8-2603-4a3b-a199-89117103e6be,2026-07-14T11:30:00Z,2026-07-14T13:30:00+0200,50.2514,MW,DK1,DK_1,actual_offshore_wind_generation,Wind Offshore,2026-08-09T11:25:52Z
2026-08-09T11:15:09Z,2026-08-09T13:15:09+0200,e7e504e8-2603-4a3b-a199-89117103e6be,2026-07-14T11:45:00Z,2026-07-14T13:45:00+0200,55.7727,MW,DK1,DK_1,actual_offshore_wind_generation,Wind Offshore,2026-08-09T11:25:52Z
2026-08-09T11:15:09Z,2026-08-09T13:15:09+0200,e7e504e8-2603-4a3b-a199-89117103e6be,2026-07-14T12:00:00Z,2026-07-14T14:00:00+0200,65.2258,MW,DK1,DK_1,actual_offshore_wind_generation,Wind Offshore,2026-08-09T11:25:52Z
2026-08-09T11:15:09Z,2026-08-09T13:15:09+0200,e7e504e8-2603-4a3b-a199-89117103e6be,2026-07-14T12:15:00Z,2026-07-14T14:15:00+0200,80.6599,MW,DK1,DK_1,actual_offshore_wind_generation,Wind Offshore,2026-08-09T11:25:52Z
2026-08-09T11:15:09Z,2026-08-09T13:15:09+0200,e7e504e8-2603-4a3b-a199-89117103e6be,2026-07-14T12:30:00Z,2026-07-14T14:30:00+0200,89.2661,MW,DK1,DK_1,actual_offshore_wind_generation,Wind Offshore,2026-08-09T11:25:52Z
2026-08-09T11:15:09Z,2026-08-09T13:15:09+0200,e7e504e8-2603-4a3b-a199-89117103e6be,2026-07-14T12:45:00Z,2026-07-14T14:45:00+0200,105.454,MW,DK1,DK_1,actual_offshore_wind_generation,Wind Offshore,2026-08-09T11:25:52Z
2026-08-09T11:15:09Z,2026-08-09T13:15:09+0200,e7e504e8-2603-4a3b-a199-89117103e6be,2026-07-14T13:00:00Z,2026-07-14T15:00:00+0200,126.507,MW,DK1,DK_1,actual_offshore_wind_generation,Wind Offshore,2026-08-09T11:25:52Z
2026-08-09T11:15:09Z,2026-08-09T13:15:09+0200,e7e504e8-2603-4a3b-a199-89117103e6be,2026-07-14T13:15:00Z,2026-07-14T15:15:00+0200,128.871,MW,DK1,DK_1,actual_offshore_wind_generation,Wind Offshore,2026-08-09T11:25:52Z
2026-08-09T11:15:09Z,2026-08-09T13:15:09+0200,e7e504e8-2603-4a3b-a199-89117103e6be,2026-07-14T13:30:00Z,2026-07-14T15:30:00+0200,135.047,MW,DK1,DK_1,actual_offshore_wind_generation,Wind Offshore,2026-08-09T11:25:52Z
2026-08-09T11:15:09Z,2026-08-09T13:15:09+0200,e7e504e8-2603-4a3b-a199-89117103e6be,2026-07-14T13:45:00Z,2026-07-14T15:45:00+0200,147.371,MW,DK1,DK_1,actual_offshore_wind_generation,Wind Offshore,2026-08-09T11:25:52Z
2026-08-09T11:15:09Z,2026-08-09T13:15:09+0200,e7e504e8-2603-4a3b-a199-89117103e6be,2026-07-14T14:00:00Z,2026-07-14T16:00:00+0200,158.353,MW,DK1,DK_1,actual_offshore_wind_generation,Wind Offshore,2026-08-09T11:25:52Z
2026-08-09T11:15:09Z,2026-08-09T13:15:09+0200,e7e504e8-2603-4a3b-a199-89117103e6be,2026-07-14T14:15:00Z,2026-07-14T16:15:00+0200,171.934,MW,DK1,DK_1,actual_offshore_wind_generation,Wind Offshore,2026-08-09T11:25:52Z
2026-08-09T11:15:09Z,2026-08-09T13:15:09+0200,e7e504e8-2603-4a3b-a199-89117103e6be,2026-07-14T14:30:00Z,2026-07-14T16:30:00+0200,174.538,MW,DK1,DK_1,actual_offshore_wind_generation,Wind Offshore,2026-08-09T11:25:52Z
2026-08-09T11:15:09Z,2026-08-09T13:15:09+0200,e7e504e8-2603-4a3b-a199-89117103e6be,2026-07-14T14:45:00Z,2026-07-14T16:45:00+0200,183.922,MW,DK1,DK_1,actual_offshore_wind_generation,Wind Offshore,2026-08-09T11:25:52Z
2026-08-09T11:15:09Z,2026-08-09T13:15:09+0200,e7e504e8-2603-4a3b-a199-89117103e6be,2026-07-14T15:00:00Z,2026-07-14T17:00:00+0200,191.053,MW,DK1,DK_1,actual_offshore_wind_generation,Wind Offshore,2026-08-09T11:25:52Z
2026-08-09T11:15:09Z,2026-08-09T13:15:09+0200,e7e504e8-2603-4a3b-a199-89117103e6be,2026-07-14T15:15:00Z,2026-07-14T17:15:00+0200,211.072,MW,DK1,DK_1,actual_offshore_wind_generation,Wind Offshore,2026-08-09T11:25:52Z
2026-08-09T11:15:09Z,2026-08-09T13:15:09+0200,e7e504e8-2603-4a3b-a199-89117103e6be,2026-07-14T15:30:00Z,2026-07-14T17:30:00+0200,219.36,MW,DK1,DK_1,actual_offshore_wind_generation,Wind Offshore,2026-08-09T11:25:52Z
2026-08-09T11:15:09Z,2026-08-09T13:15:09+0200,e7e504e8-2603-4a3b-a199-89117103e6be,2026-07-14T15:45:00Z,2026-07-14T17:45:00+0200,224.803,MW,DK1,DK_1,actual_offshore_wind_generation,Wind Offshore,2026-08-09T11:25:52Z
2026-08-09T11:15:09Z,2026-08-09T13:15:09+0200,e7e504e8-2603-4a3b-a199-89117103e6be,2026-07-14T16:00:00Z,2026-07-14T18:00:00+0200,200.832,MW,DK1,DK_1,actual_offshore_wind_generation,Wind Offshore,2026-08-09T11:25:52Z
2026-08-09T11:15:09Z,2026-08-09T13:15:09+0200,e7e504e8-2603-4a3b-a199-89117103e6be,2026-07-14T16:15:00Z,2026-07-14T18:15:00+0200,201.228,MW,DK1,DK_1,actual_offshore_wind_generation,Wind Offshore,2026-08-09T11:25:52Z
2026-08-09T11:15:09Z,2026-08-09T13:15:09+0200,e7e504e8-2603-4a3b-a199-89117103e6be,2026-07-14T16:30:00Z,2026-07-14T18:30:00+0200,192.643,MW,DK1,DK_1,actual_offshore_wind_generation,Wind Offshore,2026-08-09T11:25:52Z
2026-08-09T11:15:09Z,2026-08-09T13:15:09+0200,e7e504e8-2603-4a3b-a199-89117103e6be,2026-07-14T16:45:00Z,2026-07-14T18:45:00+0200,206.435,MW,DK1,DK_1,actual_offshore_wind_generation,Wind Offshore,2026-08-09T11:25:52Z
2026-08-09T11:15:09Z,2026-08-09T13:15:09+0200,e7e504e8-2603-4a3b-a199-89117103e6be,2026-07-14T17:00:00Z,2026-07-14T19:00:00+0200,242.243,MW,DK1,DK_1,actual_offshore_wind_generation,Wind Offshore,2026-08-09T11:25:52Z
2026-08-09T11:15:09Z,2026-08-09T13:15:09+0200,e7e504e8-2603-4a3b-a199-89117103e6be,2026-07-14T17:15:00Z,2026-07-14T19:15:00+0200,272.154,MW,DK1,DK_1,actual_offshore_wind_generation,Wind Offshore,2026-08-09T11:25:52Z
2026-08-09T11:15:09Z,2026-08-09T13:15:09+0200,e7e504e8-2603-4a3b-a199-89117103e6be,2026-07-14T17:30:00Z,2026-07-14T19:30:00+0200,292.449,MW,DK1,DK_1,actual_offshore_wind_generation,Wind Offshore,2026-08-09T11:25:52Z
2026-08-09T11:15:09Z,2026-08-09T13:15:09+0200,e7e504e8-2603-4a3b-a199-89117103e6be,2026-07-14T17:45:00Z,2026-07-14T19:45:00+0200,317.671,MW,DK1,DK_1,actual_offshore_wind_generation,Wind Offshore,2026-08-09T11:25:52Z
2026-08-09T11:15:09Z,2026-08-09T13:15:09+0200,e7e504e8-2603-4a3b-a199-89117103e6be,2026-07-14T18:00:00Z,2026-07-14T20:00:00+0200,411.392,MW,DK1,DK_1,actual_offshore_wind_generation,Wind Offshore,2026-08-09T11:25:52Z
2026-08-09T11:15:09Z,2026-08-09T13:15:09+0200,e7e504e8-2603-4a3b-a199-89117103e6be,2026-07-14T18:15:00Z,2026-07-14T20:15:00+0200,415.914,MW,DK1,DK_1,actual_offshore_wind_generation,Wind Offshore,2026-08-09T11:25:52Z
2026-08-09T11:15:09Z,2026-08-09T13:15:09+0200,e7e504e8-2603-4a3b-a199-89117103e6be,2026-07-14T18:30:00Z,2026-07-14T20:30:00+0200,442.988,MW,DK1,DK_1,actual_offshore_wind_generation,Wind Offshore,2026-08-09T11:25:52Z
2026-08-09T11:15:09Z,2026-08-09T13:15:09+0200,e7e504e8-2603-4a3b-a199-89117103e6be,2026-07-14T18:45:00Z,2026-07-14T20:45:00+0200,448.409,MW,DK1,DK_1,actual_offshore_wind_generation,Wind Offshore,2026-08-09T11:25:52Z
2026-08-09T11:15:09Z,2026-08-09T13:15:09+0200,e7e504e8-2603-4a3b-a199-89117103e6be,2026-07-14T19:00:00Z,2026-07-14T21:00:00+0200,448.032,MW,DK1,DK_1,actual_offshore_wind_generation,Wind Offshore,2026-08-09T11:25:52Z
2026-08-09T11:15:09Z,2026-08-09T13:15:09+0200,e7e504e8-2603-4a3b-a199-89117103e6be,2026-07-14T19:15:00Z,2026-07-14T21:15:00+0200,425.31,MW,DK1,DK_1,actual_offshore_wind_generation,Wind Offshore,2026-08-09T11:25:52Z
2026-08-09T11:15:09Z,2026-08-09T13:15:09+0200,e7e504e8-2603-4a3b-a199-89117103e6be,2026-07-14T19:30:00Z,2026-07-14T21:30:00+0200,417.602,MW,DK1,DK_1,actual_offshore_wind_generation,Wind Offshore,2026-08-09T11:25:52Z
2026-08-09T11:15:09Z,2026-08-09T13:15:09+0200,e7e504e8-2603-4a3b-a199-89117103e6be,2026-07-14T19:45:00Z,2026-07-14T21:45:00+0200,408.34,MW,DK1,DK_1,actual_offshore_wind_generation,Wind Offshore,2026-08-09T11:25:52Z
2026-08-09T11:15:09Z,2026-08-09T13:15:09+0200,e7e504e8-2603-4a3b-a199-89117103e6be,2026-07-14T20:00:00Z,2026-07-14T22:00:00+0200,403.655,MW,DK1,DK_1,actual_offshore_wind_generation,Wind Offshore,2026-08-09T11:25:52Z
2026-08-09T11:15:09Z,2026-08-09T13:15:09+0200,e7e504e8-2603-4a3b-a199-89117103e6be,2026-07-14T20:15:00Z,2026-07-14T22:15:00+0200,443.315,MW,DK1,DK_1,actual_offshore_wind_generation,Wind Offshore,2026-08-09T11:25:52Z
2026-08-09T11:15:09Z,2026-08-09T13:15:09+0200,e7e504e8-2603-4a3b-a199-89117103e6be,2026-07-14T20:30:00Z,2026-07-14T22:30:00+0200,432.999,MW,DK1,DK_1,actual_offshore_wind_generation,Wind Offshore,2026-08-09T11:25:52Z
2026-08-09T11:15:09Z,2026-08-09T13:15:09+0200,e7e504e8-2603-4a3b-a199-89117103e6be,2026-07-14T20:45:00Z,2026-07-14T22:45:00+0200,396.948,MW,DK1,DK_1,actual_offshore_wind_generation,Wind Offshore,2026-08-09T11:25:52Z
2026-08-09T11:15:09Z,2026-08-09T13:15:09+0200,e7e504e8-2603-4a3b-a199-89117103e6be,2026-07-14T21:00:00Z,2026-07-14T23:00:00+0200,396.212,MW,DK1,DK_1,actual_offshore_wind_generation,Wind Offshore,2026-08-09T11:25:52Z
2026-08-09T11:15:09Z,2026-08-09T13:15:09+0200,e7e504e8-2603-4a3b-a199-89117103e6be,2026-07-14T21:15:00Z,2026-07-14T23:15:00+0200,430.613,MW,DK1,DK_1,actual_offshore_wind_generation,Wind Offshore,2026-08-09T11:25:52Z
2026-08-09T11:15:09Z,2026-08-09T13:15:09+0200,e7e504e8-2603-4a3b-a199-89117103e6be,2026-07-14T21:30:00Z,2026-07-14T23:30:00+0200,409.097,MW,DK1,DK_1,actual_offshore_wind_generation,Wind Offshore,2026-08-09T11:25:52Z
2026-08-09T11:15:09Z,2026-08-09T13:15:09+0200,e7e504e8-2603-4a3b-a199-89117103e6be,2026-07-14T21:45:00Z,2026-07-14T23:45:00+0200,371.175,MW,DK1,DK_1,actual_offshore_wind_generation,Wind Offshore,2026-08-09T11:25:52Z
2026-08-09T11:15:09Z,2026-08-09T13:15:09+0200,e7e504e8-2603-4a3b-a199-89117103e6be,2026-07-14T22:00:00Z,2026-07-15T00:00:00+0200,355.959,MW,DK1,DK_1,actual_offshore_wind_generation,Wind Offshore,2026-08-09T11:25:52Z
2026-08-09T11:15:09Z,2026-08-09T13:15:09+0200,e7e504e8-2603-4a3b-a199-89117103e6be,2026-07-14T22:15:00Z,2026-07-15T00:15:00+0200,361.015,MW,DK1,DK_1,actual_offshore_wind_generation,Wind Offshore,2026-08-09T11:25:52Z
2026-08-09T11:15:09Z,2026-08-09T13:15:09+0200,e7e504e8-2603-4a3b-a199-89117103e6be,2026-07-14T22:30:00Z,2026-07-15T00:30:00+0200,357.774,MW,DK1,DK_1,actual_offshore_wind_generation,Wind Offshore,2026-08-09T11:25:52Z
2026-08-09T11:15:09Z,2026-08-09T13:15:09+0200,e7e504e8-2603-4a3b-a199-89117103e6be,2026-07-14T22:45:00Z,2026-07-15T00:45:00+0200,337.62,MW,DK1,DK_1,actual_offshore_wind_generation,Wind Offshore,2026-08-09T11:25:52Z
2026-08-09T11:15:09Z,2026-08-09T13:15:09+0200,e7e504e8-2603-4a3b-a199-89117103e6be,2026-07-14T23:00:00Z,2026-07-15T01:00:00+0200,325.917,MW,DK1,DK_1,actual_offshore_wind_generation,Wind Offshore,2026-08-09T11:25:52Z
2026-08-09T11:15:09Z,2026-08-09T13:15:09+0200,e7e504e8-2603-4a3b-a199-89117103e6be,2026-07-14T23:15:00Z,2026-07-15T01:15:00+0200,333.231,MW,DK1,DK_1,actual_offshore_wind_generation,Wind Offshore,2026-08-09T11:25:52Z
2026-08-09T11:15:09Z,2026-08-09T13:15:09+0200,e7e504e8-2603-4a3b-a199-89117103e6be,2026-07-14T23:30:00Z,2026-07-15T01:30:00+0200,317.89,MW,DK1,DK_1,actual_offshore_wind_generation,Wind Offshore,2026-08-09T11:25:52Z
2026-08-09T11:15:09Z,2026-08-09T13:15:09+0200,e7e504e8-2603-4a3b-a199-89117103e6be,2026-07-14T23:45:00Z,2026-07-15T01:45:00+0200,278.416,MW,DK1,DK_1,actual_offshore_wind_generation,Wind Offshore,2026-08-09T11:25:52Z
2026-08-09T11:15:09Z,2026-08-09T13:15:09+0200,e7e504e8-2603-4a3b-a199-89117103e6be,2026-07-15T00:00:00Z,2026-07-15T02:00:00+0200,255.898,MW,DK1,DK_1,actual_offshore_wind_generation,Wind Offshore,2026-08-09T11:25:52Z
2026-08-09T11:15:09Z,2026-08-09T13:15:09+0200,e7e504e8-2603-4a3b-a199-89117103e6be,2026-07-15T00:15:00Z,2026-07-15T02:15:00+0200,247.985,MW,DK1,DK_1,actual_offshore_wind_generation,Wind Offshore,2026-08-09T11:25:52Z
2026-08-09T11:15:09Z,2026-08-09T13:15:09+0200,e7e504e8-2603-4a3b-a199-89117103e6be,2026-07-15T00:30:00Z,2026-07-15T02:30:00+0200,236.536,MW,DK1,DK_1,actual_offshore_wind_generation,Wind Offshore,2026-08-09T11:25:52Z
2026-08-09T11:15:09Z,2026-08-09T13:15:09+0200,e7e504e8-2603-4a3b-a199-89117103e6be,2026-07-15T00:45:00Z,2026-07-15T02:45:00+0200,207.819,MW,DK1,DK_1,actual_offshore_wind_generation,Wind Offshore,2026-08-09T11:25:52Z
2026-08-09T11:15:09Z,2026-08-09T13:15:09+0200,e7e504e8-2603-4a3b-a199-89117103e6be,2026-07-15T01:00:00Z,2026-07-15T03:00:00+0200,178.511,MW,DK1,DK_1,actual_offshore_wind_generation,Wind Offshore,2026-08-09T11:25:52Z
2026-08-09T11:15:09Z,2026-08-09T13:15:09+0200,e7e504e8-2603-4a3b-a199-89117103e6be,2026-07-15T01:15:00Z,2026-07-15T03:15:00+0200,148.306,MW,DK1,DK_1,actual_offshore_wind_generation,Wind Offshore,2026-08-09T11:25:52Z
2026-08-09T11:15:09Z,2026-08-09T13:15:09+0200,e7e504e8-2603-4a3b-a199-89117103e6be,2026-07-15T01:30:00Z,2026-07-15T03:30:00+0200,110.739,MW,DK1,DK_1,actual_offshore_wind_generation,Wind Offshore,2026-08-09T11:25:52Z
2026-08-09T11:15:09Z,2026-08-09T13:15:09+0200,e7e504e8-2603-4a3b-a199-89117103e6be,2026-07-15T01:45:00Z,2026-07-15T03:45:00+0200,86.3426,MW,DK1,DK_1,actual_offshore_wind_generation,Wind Offshore,2026-08-09T11:25:52Z
2026-08-09T11:15:09Z,2026-08-09T13:15:09+0200,e7e504e8-2603-4a3b-a199-89117103e6be,2026-07-15T02:00:00Z,2026-07-15T04:00:00+0200,74.1186,MW,DK1,DK_1,actual_offshore_wind_generation,Wind Offshore,2026-08-09T11:25:52Z
2026-08-09T11:15:09Z,2026-08-09T13:15:09+0200,e7e504e8-2603-4a3b-a199-89117103e6be,2026-07-15T02:15:00Z,2026-07-15T04:15:00+0200,62.7898,MW,DK1,DK_1,actual_offshore_wind_generation,Wind Offshore,2026-08-09T11:25:52Z
2026-08-09T11:15:09Z,2026-08-09T13:15:09+0200,e7e504e8-2603-4a3b-a199-89117103e6be,2026-07-15T02:30:00Z,2026-07-15T04:30:00+0200,56.9384,MW,DK1,DK_1,actual_offshore_wind_generation,Wind Offshore,2026-08-09T11:25:52Z
2026-08-09T11:15:09Z,2026-08-09T13:15:09+0200,e7e504e8-2603-4a3b-a199-89117103e6be,2026-07-15T02:45:00Z,2026-07-15T04:45:00+0200,51.3979,MW,DK1,DK_1,actual_offshore_wind_generation,Wind Offshore,2026-08-09T11:25:52Z
2026-08-09T11:15:09Z,2026-08-09T13:15:09+0200,e7e504e8-2603-4a3b-a199-89117103e6be,2026-07-15T03:00:00Z,2026-07-15T05:00:00+0200,42.6214,MW,DK1,DK_1,actual_offshore_wind_generation,Wind Offshore,2026-08-09T11:25:52Z
2026-08-09T11:15:09Z,2026-08-09T13:15:09+0200,e7e504e8-2603-4a3b-a199-89117103e6be,2026-07-15T03:15:00Z,2026-07-15T05:15:00+0200,37.7537,MW,DK1,DK_1,actual_offshore_wind_generation,Wind Offshore,2026-08-09T11:25:52Z
2026-08-09T11:15:09Z,2026-08-09T13:15:09+0200,e7e504e8-2603-4a3b-a199-89117103e6be,2026-07-15T03:30:00Z,2026-07-15T05:30:00+0200,33.6761,MW,DK1,DK_1,actual_offshore_wind_generation,Wind Offshore,2026-08-09T11:25:52Z
2026-08-09T11:15:09Z,2026-08-09T13:15:09+0200,e7e504e8-2603-4a3b-a199-89117103e6be,2026-07-15T03:45:00Z,2026-07-15T05:45:00+0200,30.821,MW,DK1,DK_1,actual_offshore_wind_generation,Wind Offshore,2026-08-09T11:25:52Z
2026-08-09T11:15:09Z,2026-08-09T13:15:09+0200,e7e504e8-2603-4a3b-a199-89117103e6be,2026-07-15T04:00:00Z,2026-07-15T06:00:00+0200,30.5785,MW,DK1,DK_1,actual_offshore_wind_generation,Wind Offshore,2026-08-09T11:25:52Z
2026-08-09T11:15:09Z,2026-08-09T13:15:09+0200,e7e504e8-2603-4a3b-a199-89117103e6be,2026-07-15T04:15:00Z,2026-07-15T06:15:00+0200,31.1715,MW,DK1,DK_1,actual_offshore_wind_generation,Wind Offshore,2026-08-09T11:25:52Z
2026-08-09T11:15:09Z,2026-08-09T13:15:09+0200,e7e504e8-2603-4a3b-a199-89117103e6be,2026-07-15T04:30:00Z,2026-07-15T06:30:00+0200,34.0549,MW,DK1,DK_1,actual_offshore_wind_generation,Wind Offshore,2026-08-09T11:25:52Z
2026-08-09T11:15:09Z,2026-08-09T13:15:09+0200,e7e504e8-2603-4a3b-a199-89117103e6be,2026-07-15T04:45:00Z,2026-07-15T06:45:00+0200,40.608,MW,DK1,DK_1,actual_offshore_wind_generation,Wind Offshore,2026-08-09T11:25:52Z
2026-08-09T11:15:09Z,2026-08-09T13:15:09+0200,e7e504e8-2603-4a3b-a199-89117103e6be,2026-07-15T05:00:00Z,2026-07-15T07:00:00+0200,40.2457,MW,DK1,DK_1,actual_offshore_wind_generation,Wind Offshore,2026-08-09T11:25:52Z
2026-08-09T11:15:09Z,2026-08-09T13:15:09+0200,e7e504e8-2603-4a3b-a199-89117103e6be,2026-07-15T05:15:00Z,2026-07-15T07:15:00+0200,42.618,MW,DK1,DK_1,actual_offshore_wind_generation,Wind Offshore,2026-08-09T11:25:52Z
2026-08-09T11:15:09Z,2026-08-09T13:15:09+0200,e7e504e8-2603-4a3b-a199-89117103e6be,2026-07-15T05:30:00Z,2026-07-15T07:30:00+0200,42.4944,MW,DK1,DK_1,actual_offshore_wind_generation,Wind Offshore,2026-08-09T11:25:52Z
2026-08-09T11:15:09Z,2026-08-09T13:15:09+0200,e7e504e8-2603-4a3b-a199-89117103e6be,2026-07-15T05:45:00Z,2026-07-15T07:45:00+0200,46.0708,MW,DK1,DK_1,actual_offshore_wind_generation,Wind Offshore,2026-08-09T11:25:52Z
2026-08-09T11:15:09Z,2026-08-09T13:15:09+0200,e7e504e8-2603-4a3b-a199-89117103e6be,2026-07-15T06:00:00Z,2026-07-15T08:00:00+0200,42.707,MW,DK1,DK_1,actual_offshore_wind_generation,Wind Offshore,2026-08-09T11:25:52Z
2026-08-09T11:15:09Z,2026-08-09T13:15:09+0200,e7e504e8-2603-4a3b-a199-89117103e6be,2026-07-15T06:15:00Z,2026-07-15T08:15:00+0200,50.8878,MW,DK1,DK_1,actual_offshore_wind_generation,Wind Offshore,2026-08-09T11:25:52Z
2026-08-09T11:15:09Z,2026-08-09T13:15:09+0200,e7e504e8-2603-4a3b-a199-89117103e6be,2026-07-15T06:30:00Z,2026-07-15T08:30:00+0200,51.2698,MW,DK1,DK_1,actual_offshore_wind_generation,Wind Offshore,2026-08-09T11:25:52Z
2026-08-09T11:15:09Z,2026-08-09T13:15:09+0200,e7e504e8-2603-4a3b-a199-89117103e6be,2026-07-15T06:45:00Z,2026-07-15T08:45:00+0200,44.9977,MW,DK1,DK_1,actual_offshore_wind_generation,Wind Offshore,2026-08-09T11:25:52Z
2026-08-09T11:15:09Z,2026-08-09T13:15:09+0200,e7e504e8-2603-4a3b-a199-89117103e6be,2026-07-15T07:00:00Z,2026-07-15T09:00:00+0200,53.433,MW,DK1,DK_1,actual_offshore_wind_generation,Wind Offshore,2026-08-09T11:25:52Z
2026-08-09T11:15:09Z,2026-08-09T13:15:09+0200,e7e504e8-2603-4a3b-a199-89117103e6be,2026-07-15T07:15:00Z,2026-07-15T09:15:00+0200,56.0426,MW,DK1,DK_1,actual_offshore_wind_generation,Wind Offshore,2026-08-09T11:25:52Z
2026-08-09T11:15:09Z,2026-08-09T13:15:09+0200,e7e504e8-2603-4a3b-a199-89117103e6be,2026-07-15T07:30:00Z,2026-07-15T09:30:00+0200,69.0091,MW,DK1,DK_1,actual_offshore_wind_generation,Wind Offshore,2026-08-09T11:25:52Z
2026-08-09T11:15:09Z,2026-08-09T13:15:09+0200,e7e504e8-2603-4a3b-a199-89117103e6be,2026-07-15T07:45:00Z,2026-07-15T09:45:00+0200,71.0309,MW,DK1,DK_1,actual_offshore_wind_generation,Wind Offshore,2026-08-09T11:25:52Z
2026-08-09T11:15:09Z,2026-08-09T13:15:09+0200,e7e504e8-2603-4a3b-a199-89117103e6be,2026-07-15T08:00:00Z,2026-07-15T10:00:00+0200,64.9215,MW,DK1,DK_1,actual_offshore_wind_generation,Wind Offshore,2026-08-09T11:25:52Z
2026-08-09T11:15:09Z,2026-08-09T13:15:09+0200,e7e504e8-2603-4a3b-a199-89117103e6be,2026-07-15T08:15:00Z,2026-07-15T10:15:00+0200,77.1517,MW,DK1,DK_1,actual_offshore_wind_generation,Wind Offshore,2026-08-09T11:25:52Z
2026-08-09T11:15:09Z,2026-08-09T13:15:09+0200,e7e504e8-2603-4a3b-a199-89117103e6be,2026-07-15T08:30:00Z,2026-07-15T10:30:00+0200,89.1884,MW,DK1,DK_1,actual_offshore_wind_generation,Wind Offshore,2026-08-09T11:25:52Z
2026-08-09T11:15:09Z,2026-08-09T13:15:09+0200,e7e504e8-2603-4a3b-a199-89117103e6be,2026-07-15T08:45:00Z,2026-07-15T10:45:00+0200,93.4959,MW,DK1,DK_1,actual_offshore_wind_generation,Wind Offshore,2026-08-09T11:25:52Z
2026-08-09T11:15:09Z,2026-08-09T13:15:09+0200,e7e504e8-2603-4a3b-a199-89117103e6be,2026-07-15T09:00:00Z,2026-07-15T11:00:00+0200,95.2252,MW,DK1,DK_1,actual_offshore_wind_generation,Wind Offshore,2026-08-09T11:25:52Z
2026-08-09T11:15:09Z,2026-08-09T13:15:09+0200,e7e504e8-2603-4a3b-a199-89117103e6be,2026-07-15T09:15:00Z,2026-07-15T11:15:00+0200,109.78,MW,DK1,DK_1,actual_offshore_wind_generation,Wind Offshore,2026-08-09T11:25:52Z
2026-08-09T11:15:09Z,2026-08-09T13:15:09+0200,e7e504e8-2603-4a3b-a199-89117103e6be,2026-07-15T09:30:00Z,2026-07-15T11:30:00+0200,121.516,MW,DK1,DK_1,actual_offshore_wind_generation,Wind Offshore,2026-08-09T11:25:52Z
2026-08-09T11:15:09Z,2026-08-09T13:15:09+0200,e7e504e8-2603-4a3b-a199-89117103e6be,2026-07-15T09:45:00Z,2026-07-15T11:45:00+0200,130.434,MW,DK1,DK_1,actual_offshore_wind_generation,Wind Offshore,2026-08-09T11:25:52Z
2026-08-09T11:15:09Z,2026-08-09T13:15:09+0200,e7e504e8-2603-4a3b-a199-89117103e6be,2026-07-15T10:00:00Z,2026-07-15T12:00:00+0200,133.985,MW,DK1,DK_1,actual_offshore_wind_generation,Wind Offshore,2026-08-09T11:25:52Z
2026-08-09T11:15:09Z,2026-08-09T13:15:09+0200,e7e504e8-2603-4a3b-a199-89117103e6be,2026-07-15T10:15:00Z,2026-07-15T12:15:00+0200,144.49,MW,DK1,DK_1,actual_offshore_wind_generation,Wind Offshore,2026-08-09T11:25:52Z
2026-08-09T11:15:09Z,2026-08-09T13:15:09+0200,e7e504e8-2603-4a3b-a199-89117103e6be,2026-07-15T10:30:00Z,2026-07-15T12:30:00+0200,155.094,MW,DK1,DK_1,actual_offshore_wind_generation,Wind Offshore,2026-08-09T11:25:52Z
2026-08-09T11:15:09Z,2026-08-09T13:15:09+0200,e7e504e8-2603-4a3b-a199-89117103e6be,2026-07-15T10:45:00Z,2026-07-15T12:45:00+0200,167.391,MW,DK1,DK_1,actual_offshore_wind_generation,Wind Offshore,2026-08-09T11:25:52Z
2026-08-09T11:15:09Z,2026-08-09T13:15:09+0200,e7e504e8-2603-4a3b-a199-89117103e6be,2026-07-15T11:00:00Z,2026-07-15T13:00:00+0200,163.948,MW,DK1,DK_1,actual_offshore_wind_generation,Wind Offshore,2026-08-09T11:25:52Z
2026-08-09T11:15:09Z,2026-08-09T13:15:09+0200,e7e504e8-2603-4a3b-a199-89117103e6be,2026-07-15T11:15:00Z,2026-07-15T13:15:00+0200,164.043,MW,DK1,DK_1,actual_offshore_wind_generation,Wind Offshore,2026-08-09T11:25:52Z
2026-08-09T11:15:09Z,2026-08-09T13:15:09+0200,e7e504e8-2603-4a3b-a199-89117103e6be,2026-07-15T11:30:00Z,2026-07-15T13:30:00+0200,167.908,MW,DK1,DK_1,actual_offshore_wind_generation,Wind Offshore,2026-08-09T11:25:52Z
2026-08-09T11:15:09Z,2026-08-09T13:15:09+0200,e7e504e8-2603-4a3b-a199-89117103e6be,2026-07-15T11:45:00Z,2026-07-15T13:45:00+0200,171.824,MW,DK1,DK_1,actual_offshore_wind_generation,Wind Offshore,2026-08-09T11:25:52Z
2026-08-09T11:15:09Z,2026-08-09T13:15:09+0200,e7e504e8-2603-4a3b-a199-89117103e6be,2026-07-15T12:00:00Z,2026-07-15T14:00:00+0200,181.58,MW,DK1,DK_1,actual_offshore_wind_generation,Wind Offshore,2026-08-09T11:25:52Z
2026-08-09T11:15:09Z,2026-08-09T13:15:09+0200,e7e504e8-2603-4a3b-a199-89117103e6be,2026-07-15T12:15:00Z,2026-07-15T14:15:00+0200,199.215,MW,DK1,DK_1,actual_offshore_wind_generation,Wind Offshore,2026-08-09T11:25:52Z
2026-08-09T11:15:09Z,2026-08-09T13:15:09+0200,e7e504e8-2603-4a3b-a199-89117103e6be,2026-07-15T12:30:00Z,2026-07-15T14:30:00+0200,210.283,MW,DK1,DK_1,actual_offshore_wind_generation,Wind Offshore,2026-08-09T11:25:52Z
2026-08-09T11:15:09Z,2026-08-09T13:15:09+0200,e7e504e8-2603-4a3b-a199-89117103e6be,2026-07-15T12:45:00Z,2026-07-15T14:45:00+0200,205.074,MW,DK1,DK_1,actual_offshore_wind_generation,Wind Offshore,2026-08-09T11:25:52Z
2026-08-09T11:15:09Z,2026-08-09T13:15:09+0200,e7e504e8-2603-4a3b-a199-89117103e6be,2026-07-15T13:00:00Z,2026-07-15T15:00:00+0200,201.039,MW,DK1,DK_1,actual_offshore_wind_generation,Wind Offshore,2026-08-09T11:25:52Z
2026-08-09T11:15:09Z,2026-08-09T13:15:09+0200,e7e504e8-2603-4a3b-a199-89117103e6be,2026-07-15T13:15:00Z,2026-07-15T15:15:00+0200,231.249,MW,DK1,DK_1,actual_offshore_wind_generation,Wind Offshore,2026-08-09T11:25:52Z
2026-08-09T11:15:09Z,2026-08-09T13:15:09+0200,e7e504e8-2603-4a3b-a199-89117103e6be,2026-07-15T13:30:00Z,2026-07-15T15:30:00+0200,276.435,MW,DK1,DK_1,actual_offshore_wind_generation,Wind Offshore,2026-08-09T11:25:52Z
2026-08-09T11:15:09Z,2026-08-09T13:15:09+0200,e7e504e8-2603-4a3b-a199-89117103e6be,2026-07-15T13:45:00Z,2026-07-15T15:45:00+0200,289.386,MW,DK1,DK_1,actual_offshore_wind_generation,Wind Offshore,2026-08-09T11:25:52Z
2026-08-09T11:15:09Z,2026-08-09T13:15:09+0200,e7e504e8-2603-4a3b-a199-89117103e6be,2026-07-15T14:00:00Z,2026-07-15T16:00:00+0200,318.201,MW,DK1,DK_1,actual_offshore_wind_generation,Wind Offshore,2026-08-09T11:25:52Z
2026-08-09T11:15:09Z,2026-08-09T13:15:09+0200,e7e504e8-2603-4a3b-a199-89117103e6be,2026-07-15T14:15:00Z,2026-07-15T16:15:00+0200,323.853,MW,DK1,DK_1,actual_offshore_wind_generation,Wind Offshore,2026-08-09T11:25:52Z
2026-08-09T11:15:09Z,2026-08-09T13:15:09+0200,e7e504e8-2603-4a3b-a199-89117103e6be,2026-07-15T14:30:00Z,2026-07-15T16:30:00+0200,326.057,MW,DK1,DK_1,actual_offshore_wind_generation,Wind Offshore,2026-08-09T11:25:52Z
2026-08-09T11:15:09Z,2026-08-09T13:15:09+0200,e7e504e8-2603-4a3b-a199-89117103e6be,2026-07-15T14:45:00Z,2026-07-15T16:45:00+0200,319.186,MW,DK1,DK_1,actual_offshore_wind_generation,Wind Offshore,2026-08-09T11:25:52Z
2026-08-09T11:15:09Z,2026-08-09T13:15:09+0200,e7e504e8-2603-4a3b-a199-89117103e6be,2026-07-15T15:00:00Z,2026-07-15T17:00:00+0200,316.123,MW,DK1,DK_1,actual_offshore_wind_generation,Wind Offshore,2026-08-09T11:25:52Z
2026-08-09T11:15:09Z,2026-08-09T13:15:09+0200,e7e504e8-2603-4a3b-a199-89117103e6be,2026-07-15T15:15:00Z,2026-07-15T17:15:00+0200,306.584,MW,DK1,DK_1,actual_offshore_wind_generation,Wind Offshore,2026-08-09T11:25:52Z
2026-08-09T11:15:09Z,2026-08-09T13:15:09+0200,e7e504e8-2603-4a3b-a199-89117103e6be,2026-07-15T15:30:00Z,2026-07-15T17:30:00+0200,290.358,MW,DK1,DK_1,actual_offshore_wind_generation,Wind Offshore,2026-08-09T11:25:52Z
2026-08-09T11:15:09Z,2026-08-09T13:15:09+0200,e7e504e8-2603-4a3b-a199-89117103e6be,2026-07-15T15:45:00Z,2026-07-15T17:45:00+0200,295.063,MW,DK1,DK_1,actual_offshore_wind_generation,Wind Offshore,2026-08-09T11:25:52Z
2026-08-09T11:15:09Z,2026-08-09T13:15:09+0200,e7e504e8-2603-4a3b-a199-89117103e6be,2026-07-15T16:00:00Z,2026-07-15T18:00:00+0200,298.09,MW,DK1,DK_1,actual_offshore_wind_generation,Wind Offshore,2026-08-09T11:25:52Z
2026-08-09T11:15:09Z,2026-08-09T13:15:09+0200,e7e504e8-2603-4a3b-a199-89117103e6be,2026-07-15T16:15:00Z,2026-07-15T18:15:00+0200,291.945,MW,DK1,DK_1,actual_offshore_wind_generation,Wind Offshore,2026-08-09T11:25:52Z
2026-08-09T11:15:09Z,2026-08-09T13:15:09+0200,e7e504e8-2603-4a3b-a199-89117103e6be,2026-07-15T16:30:00Z,2026-07-15T18:30:00+0200,286.851,MW,DK1,DK_1,actual_offshore_wind_generation,Wind Offshore,2026-08-09T11:25:52Z
2026-08-09T11:15:09Z,2026-08-09T13:15:09+0200,e7e504e8-2603-4a3b-a199-89117103e6be,2026-07-15T16:45:00Z,2026-07-15T18:45:00+0200,283.269,MW,DK1,DK_1,actual_offshore_wind_generation,Wind Offshore,2026-08-09T11:25:52Z
2026-08-09T11:15:09Z,2026-08-09T13:15:09+0200,e7e504e8-2603-4a3b-a199-89117103e6be,2026-07-15T17:00:00Z,2026-07-15T19:00:00+0200,293.811,MW,DK1,DK_1,actual_offshore_wind_generation,Wind Offshore,2026-08-09T11:25:52Z
2026-08-09T11:15:09Z,2026-08-09T13:15:09+0200,e7e504e8-2603-4a3b-a199-89117103e6be,2026-07-15T17:15:00Z,2026-07-15T19:15:00+0200,311.769,MW,DK1,DK_1,actual_offshore_wind_generation,Wind Offshore,2026-08-09T11:25:52Z
2026-08-09T11:15:09Z,2026-08-09T13:15:09+0200,e7e504e8-2603-4a3b-a199-89117103e6be,2026-07-15T17:30:00Z,2026-07-15T19:30:00+0200,299.537,MW,DK1,DK_1,actual_offshore_wind_generation,Wind Offshore,2026-08-09T11:25:52Z
2026-08-09T11:15:09Z,2026-08-09T13:15:09+0200,e7e504e8-2603-4a3b-a199-89117103e6be,2026-07-15T17:45:00Z,2026-07-15T19:45:00+0200,294.137,MW,DK1,DK_1,actual_offshore_wind_generation,Wind Offshore,2026-08-09T11:25:52Z
2026-08-09T11:15:09Z,2026-08-09T13:15:09+0200,e7e504e8-2603-4a3b-a199-89117103e6be,2026-07-15T18:00:00Z,2026-07-15T20:00:00+0200,292.475,MW,DK1,DK_1,actual_offshore_wind_generation,Wind Offshore,2026-08-09T11:25:52Z
2026-08-09T11:15:09Z,2026-08-09T13:15:09+0200,e7e504e8-2603-4a3b-a199-89117103e6be,2026-07-15T18:15:00Z,2026-07-15T20:15:00+0200,283.053,MW,DK1,DK_1,actual_offshore_wind_generation,Wind Offshore,2026-08-09T11:25:52Z
2026-08-09T11:15:09Z,2026-08-09T13:15:09+0200,e7e504e8-2603-4a3b-a199-89117103e6be,2026-07-15T18:30:00Z,2026-07-15T20:30:00+0200,290.447,MW,DK1,DK_1,actual_offshore_wind_generation,Wind Offshore,2026-08-09T11:25:52Z
2026-08-09T11:15:09Z,2026-08-09T13:15:09+0200,e7e504e8-2603-4a3b-a199-89117103e6be,2026-07-15T18:45:00Z,2026-07-15T20:45:00+0200,300.366,MW,DK1,DK_1,actual_offshore_wind_generation,Wind Offshore,2026-08-09T11:25:52Z
2026-08-09T11:15:09Z,2026-08-09T13:15:09+0200,e7e504e8-2603-4a3b-a199-89117103e6be,2026-07-15T19:00:00Z,2026-07-15T21:00:00+0200,308.051,MW,DK1,DK_1,actual_offshore_wind_generation,Wind Offshore,2026-08-09T11:25:52Z
2026-08-09T11:15:09Z,2026-08-09T13:15:09+0200,e7e504e8-2603-4a3b-a199-89117103e6be,2026-07-15T19:15:00Z,2026-07-15T21:15:00+0200,299.833,MW,DK1,DK_1,actual_offshore_wind_generation,Wind Offshore,2026-08-09T11:25:52Z
2026-08-09T11:15:09Z,2026-08-09T13:15:09+0200,e7e504e8-2603-4a3b-a199-89117103e6be,2026-07-15T19:30:00Z,2026-07-15T21:30:00+0200,281.799,MW,DK1,DK_1,actual_offshore_wind_generation,Wind Offshore,2026-08-09T11:25:52Z
2026-08-09T11:15:09Z,2026-08-09T13:15:09+0200,e7e504e8-2603-4a3b-a199-89117103e6be,2026-07-15T19:45:00Z,2026-07-15T21:45:00+0200,269.224,MW,DK1,DK_1,actual_offshore_wind_generation,Wind Offshore,2026-08-09T11:25:52Z
2026-08-09T11:15:09Z,2026-08-09T13:15:09+0200,e7e504e8-2603-4a3b-a199-89117103e6be,2026-07-15T20:00:00Z,2026-07-15T22:00:00+0200,314.9,MW,DK1,DK_1,actual_offshore_wind_generation,Wind Offshore,2026-08-09T11:25:52Z
2026-08-09T11:15:09Z,2026-08-09T13:15:09+0200,e7e504e8-2603-4a3b-a199-89117103e6be,2026-07-15T20:15:00Z,2026-07-15T22:15:00+0200,314.419,MW,DK1,DK_1,actual_offshore_wind_generation,Wind Offshore,2026-08-09T11:25:52Z
2026-08-09T11:15:09Z,2026-08-09T13:15:09+0200,e7e504e8-2603-4a3b-a199-89117103e6be,2026-07-15T20:30:00Z,2026-07-15T22:30:00+0200,315.472,MW,DK1,DK_1,actual_offshore_wind_generation,Wind Offshore,2026-08-09T11:25:52Z
2026-08-09T11:15:09Z,2026-08-09T13:15:09+0200,e7e504e8-2603-4a3b-a199-89117103e6be,2026-07-15T20:45:00Z,2026-07-15T22:45:00+0200,340.073,MW,DK1,DK_1,actual_offshore_wind_generation,Wind Offshore,2026-08-09T11:25:52Z
2026-08-09T11:15:09Z,2026-08-09T13:15:09+0200,e7e504e8-2603-4a3b-a199-89117103e6be,2026-07-15T21:00:00Z,2026-07-15T23:00:00+0200,355.954,MW,DK1,DK_1,actual_offshore_wind_generation,Wind Offshore,2026-08-09T11:25:52Z
2026-08-09T11:15:09Z,2026-08-09T13:15:09+0200,e7e504e8-2603-4a3b-a199-89117103e6be,2026-07-15T21:15:00Z,2026-07-15T23:15:00+0200,370.508,MW,DK1,DK_1,actual_offshore_wind_generation,Wind Offshore,2026-08-09T11:25:52Z
2026-08-09T11:15:09Z,2026-08-09T13:15:09+0200,e7e504e8-2603-4a3b-a199-89117103e6be,2026-07-15T21:30:00Z,2026-07-15T23:30:00+0200,367.179,MW,DK1,DK_1,actual_offshore_wind_generation,Wind Offshore,2026-08-09T11:25:52Z
2026-08-09T11:15:09Z,2026-08-09T13:15:09+0200,e7e504e8-2603-4a3b-a199-89117103e6be,2026-07-15T21:45:00Z,2026-07-15T23:45:00+0200,356.897,MW,DK1,DK_1,actual_offshore_wind_generation,Wind Offshore,2026-08-09T11:25:52Z
2026-08-09T11:15:09Z,2026-08-09T13:15:09+0200,e7e504e8-2603-4a3b-a199-89117103e6be,2026-07-15T22:00:00Z,2026-07-16T00:00:00+0200,380.514,MW,DK1,DK_1,actual_offshore_wind_generation,Wind Offshore,2026-08-09T11:25:52Z
2026-08-09T11:15:09Z,2026-08-09T13:15:09+0200,e7e504e8-2603-4a3b-a199-89117103e6be,2026-07-15T22:15:00Z,2026-07-16T00:15:00+0200,359.348,MW,DK1,DK_1,actual_offshore_wind_generation,Wind Offshore,2026-08-09T11:25:52Z
2026-08-09T11:15:09Z,2026-08-09T13:15:09+0200,e7e504e8-2603-4a3b-a199-89117103e6be,2026-07-15T22:30:00Z,2026-07-16T00:30:00+0200,325.99,MW,DK1,DK_1,actual_offshore_wind_generation,Wind Offshore,2026-08-09T11:25:52Z
2026-08-09T11:15:09Z,2026-08-09T13:15:09+0200,e7e504e8-2603-4a3b-a199-89117103e6be,2026-07-15T22:45:00Z,2026-07-16T00:45:00+0200,285.537,MW,DK1,DK_1,actual_offshore_wind_generation,Wind Offshore,2026-08-09T11:25:52Z
2026-08-09T11:15:09Z,2026-08-09T13:15:09+0200,e7e504e8-2603-4a3b-a199-89117103e6be,2026-07-15T23:00:00Z,2026-07-16T01:00:00+0200,235.51,MW,DK1,DK_1,actual_offshore_wind_generation,Wind Offshore,2026-08-09T11:25:52Z
2026-08-09T11:15:09Z,2026-08-09T13:15:09+0200,e7e504e8-2603-4a3b-a199-89117103e6be,2026-07-15T23:15:00Z,2026-07-16T01:15:00+0200,201.861,MW,DK1,DK_1,actual_offshore_wind_generation,Wind Offshore,2026-08-09T11:25:52Z
2026-08-09T11:15:09Z,2026-08-09T13:15:09+0200,e7e504e8-2603-4a3b-a199-89117103e6be,2026-07-15T23:30:00Z,2026-07-16T01:30:00+0200,193.216,MW,DK1,DK_1,actual_offshore_wind_generation,Wind Offshore,2026-08-09T11:25:52Z
2026-08-09T11:15:09Z,2026-08-09T13:15:09+0200,e7e504e8-2603-4a3b-a199-89117103e6be,2026-07-15T23:45:00Z,2026-07-16T01:45:00+0200,176.95,MW,DK1,DK_1,actual_offshore_wind_generation,Wind Offshore,2026-08-09T11:25:52Z
2026-08-09T11:15:09Z,2026-08-09T13:15:09+0200,e7e504e8-2603-4a3b-a199-89117103e6be,2026-07-16T00:00:00Z,2026-07-16T02:00:00+0200,163.8,MW,DK1,DK_1,actual_offshore_wind_generation,Wind Offshore,2026-08-09T11:25:52Z
2026-08-09T11:15:09Z,2026-08-09T13:15:09+0200,e7e504e8-2603-4a3b-a199-89117103e6be,2026-07-16T00:15:00Z,2026-07-16T02:15:00+0200,137.924,MW,DK1,DK_1,actual_offshore_wind_generation,Wind Offshore,2026-08-09T11:25:52Z
2026-08-09T11:15:09Z,2026-08-09T13:15:09+0200,e7e504e8-2603-4a3b-a199-89117103e6be,2026-07-16T00:30:00Z,2026-07-16T02:30:00+0200,115.697,MW,DK1,DK_1,actual_offshore_wind_generation,Wind Offshore,2026-08-09T11:25:52Z
2026-08-09T11:15:09Z,2026-08-09T13:15:09+0200,e7e504e8-2603-4a3b-a199-89117103e6be,2026-07-16T00:45:00Z,2026-07-16T02:45:00+0200,89.3417,MW,DK1,DK_1,actual_offshore_wind_generation,Wind Offshore,2026-08-09T11:25:52Z
2026-08-09T11:15:09Z,2026-08-09T13:15:09+0200,e7e504e8-2603-4a3b-a199-89117103e6be,2026-07-16T01:00:00Z,2026-07-16T03:00:00+0200,65.0661,MW,DK1,DK_1,actual_offshore_wind_generation,Wind Offshore,2026-08-09T11:25:52Z
2026-08-09T11:15:09Z,2026-08-09T13:15:09+0200,e7e504e8-2603-4a3b-a199-89117103e6be,2026-07-16T01:15:00Z,2026-07-16T03:15:00+0200,54.881,MW,DK1,DK_1,actual_offshore_wind_generation,Wind Offshore,2026-08-09T11:25:52Z
2026-08-09T11:15:09Z,2026-08-09T13:15:09+0200,e7e504e8-2603-4a3b-a199-89117103e6be,2026-07-16T01:30:00Z,2026-07-16T03:30:00+0200,46.213,MW,DK1,DK_1,actual_offshore_wind_generation,Wind Offshore,2026-08-09T11:25:52Z
2026-08-09T11:15:09Z,2026-08-09T13:15:09+0200,e7e504e8-2603-4a3b-a199-89117103e6be,2026-07-16T01:45:00Z,2026-07-16T03:45:00+0200,36.0934,MW,DK1,DK_1,actual_offshore_wind_generation,Wind Offshore,2026-08-09T11:25:52Z
2026-08-09T11:15:09Z,2026-08-09T13:15:09+0200,e7e504e8-2603-4a3b-a199-89117103e6be,2026-07-16T02:00:00Z,2026-07-16T04:00:00+0200,24.8479,MW,DK1,DK_1,actual_offshore_wind_generation,Wind Offshore,2026-08-09T11:25:52Z
2026-08-09T11:15:09Z,2026-08-09T13:15:09+0200,e7e504e8-2603-4a3b-a199-89117103e6be,2026-07-16T02:15:00Z,2026-07-16T04:15:00+0200,31.7309,MW,DK1,DK_1,actual_offshore_wind_generation,Wind Offshore,2026-08-09T11:25:52Z
2026-08-09T11:15:09Z,2026-08-09T13:15:09+0200,e7e504e8-2603-4a3b-a199-89117103e6be,2026-07-16T02:30:00Z,2026-07-16T04:30:00+0200,41.7737,MW,DK1,DK_1,actual_offshore_wind_generation,Wind Offshore,2026-08-09T11:25:52Z
2026-08-09T11:15:09Z,2026-08-09T13:15:09+0200,e7e504e8-2603-4a3b-a199-89117103e6be,2026-07-16T02:45:00Z,2026-07-16T04:45:00+0200,40.9527,MW,DK1,DK_1,actual_offshore_wind_generation,Wind Offshore,2026-08-09T11:25:52Z
2026-08-09T11:15:09Z,2026-08-09T13:15:09+0200,e7e504e8-2603-4a3b-a199-89117103e6be,2026-07-16T03:00:00Z,2026-07-16T05:00:00+0200,44.4859,MW,DK1,DK_1,actual_offshore_wind_generation,Wind Offshore,2026-08-09T11:25:52Z
2026-08-09T11:15:09Z,2026-08-09T13:15:09+0200,e7e504e8-2603-4a3b-a199-89117103e6be,2026-07-16T03:15:00Z,2026-07-16T05:15:00+0200,61.6066,MW,DK1,DK_1,actual_offshore_wind_generation,Wind Offshore,2026-08-09T11:25:52Z
2026-08-09T11:15:09Z,2026-08-09T13:15:09+0200,e7e504e8-2603-4a3b-a199-89117103e6be,2026-07-16T03:30:00Z,2026-07-16T05:30:00+0200,77.6432,MW,DK1,DK_1,actual_offshore_wind_generation,Wind Offshore,2026-08-09T11:25:52Z
2026-08-09T11:15:09Z,2026-08-09T13:15:09+0200,e7e504e8-2603-4a3b-a199-89117103e6be,2026-07-16T03:45:00Z,2026-07-16T05:45:00+0200,58.2587,MW,DK1,DK_1,actual_offshore_wind_generation,Wind Offshore,2026-08-09T11:25:52Z
2026-08-09T11:15:09Z,2026-08-09T13:15:09+0200,e7e504e8-2603-4a3b-a199-89117103e6be,2026-07-16T04:00:00Z,2026-07-16T06:00:00+0200,51.013,MW,DK1,DK_1,actual_offshore_wind_generation,Wind Offshore,2026-08-09T11:25:52Z
2026-08-09T11:15:09Z,2026-08-09T13:15:09+0200,e7e504e8-2603-4a3b-a199-89117103e6be,2026-07-16T04:15:00Z,2026-07-16T06:15:00+0200,59.0515,MW,DK1,DK_1,actual_offshore_wind_generation,Wind Offshore,2026-08-09T11:25:52Z
2026-08-09T11:15:09Z,2026-08-09T13:15:09+0200,e7e504e8-2603-4a3b-a199-89117103e6be,2026-07-16T04:30:00Z,2026-07-16T06:30:00+0200,72.0156,MW,DK1,DK_1,actual_offshore_wind_generation,Wind Offshore,2026-08-09T11:25:52Z
2026-08-09T11:15:09Z,2026-08-09T13:15:09+0200,e7e504e8-2603-4a3b-a199-89117103e6be,2026-07-16T04:45:00Z,2026-07-16T06:45:00+0200,70.1528,MW,DK1,DK_1,actual_offshore_wind_generation,Wind Offshore,2026-08-09T11:25:52Z
2026-08-09T11:15:09Z,2026-08-09T13:15:09+0200,e7e504e8-2603-4a3b-a199-89117103e6be,2026-07-16T05:00:00Z,2026-07-16T07:00:00+0200,76.3288,MW,DK1,DK_1,actual_offshore_wind_generation,Wind Offshore,2026-08-09T11:25:52Z
2026-08-09T11:15:09Z,2026-08-09T13:15:09+0200,e7e504e8-2603-4a3b-a199-89117103e6be,2026-07-16T05:15:00Z,2026-07-16T07:15:00+0200,91.1575,MW,DK1,DK_1,actual_offshore_wind_generation,Wind Offshore,2026-08-09T11:25:52Z
2026-08-09T11:15:09Z,2026-08-09T13:15:09+0200,e7e504e8-2603-4a3b-a199-89117103e6be,2026-07-16T05:30:00Z,2026-07-16T07:30:00+0200,107.401,MW,DK1,DK_1,actual_offshore_wind_generation,Wind Offshore,2026-08-09T11:25:52Z
2026-08-09T11:15:09Z,2026-08-09T13:15:09+0200,e7e504e8-2603-4a3b-a199-89117103e6be,2026-07-16T05:45:00Z,2026-07-16T07:45:00+0200,107.473,MW,DK1,DK_1,actual_offshore_wind_generation,Wind Offshore,2026-08-09T11:25:52Z
2026-08-09T11:15:09Z,2026-08-09T13:15:09+0200,e7e504e8-2603-4a3b-a199-89117103e6be,2026-07-16T06:00:00Z,2026-07-16T08:00:00+0200,113.37,MW,DK1,DK_1,actual_offshore_wind_generation,Wind Offshore,2026-08-09T11:25:52Z
2026-08-09T11:15:09Z,2026-08-09T13:15:09+0200,e7e504e8-2603-4a3b-a199-89117103e6be,2026-07-16T06:15:00Z,2026-07-16T08:15:00+0200,125.602,MW,DK1,DK_1,actual_offshore_wind_generation,Wind Offshore,2026-08-09T11:25:52Z
2026-08-09T11:15:09Z,2026-08-09T13:15:09+0200,e7e504e8-2603-4a3b-a199-89117103e6be,2026-07-16T06:30:00Z,2026-07-16T08:30:00+0200,143.586,MW,DK1,DK_1,actual_offshore_wind_generation,Wind Offshore,2026-08-09T11:25:52Z
2026-08-09T11:15:09Z,2026-08-09T13:15:09+0200,e7e504e8-2603-4a3b-a199-89117103e6be,2026-07-16T06:45:00Z,2026-07-16T08:45:00+0200,153.517,MW,DK1,DK_1,actual_offshore_wind_generation,Wind Offshore,2026-08-09T11:25:52Z
2026-08-09T11:15:09Z,2026-08-09T13:15:09+0200,e7e504e8-2603-4a3b-a199-89117103e6be,2026-07-16T07:00:00Z,2026-07-16T09:00:00+0200,162.867,MW,DK1,DK_1,actual_offshore_wind_generation,Wind Offshore,2026-08-09T11:25:52Z
2026-08-09T11:15:09Z,2026-08-09T13:15:09+0200,e7e504e8-2603-4a3b-a199-89117103e6be,2026-07-16T07:15:00Z,2026-07-16T09:15:00+0200,166.574,MW,DK1,DK_1,actual_offshore_wind_generation,Wind Offshore,2026-08-09T11:25:52Z
2026-08-09T11:15:09Z,2026-08-09T13:15:09+0200,e7e504e8-2603-4a3b-a199-89117103e6be,2026-07-16T07:30:00Z,2026-07-16T09:30:00+0200,179.117,MW,DK1,DK_1,actual_offshore_wind_generation,Wind Offshore,2026-08-09T11:25:52Z
2026-08-09T11:15:09Z,2026-08-09T13:15:09+0200,e7e504e8-2603-4a3b-a199-89117103e6be,2026-07-16T07:45:00Z,2026-07-16T09:45:00+0200,177.872,MW,DK1,DK_1,actual_offshore_wind_generation,Wind Offshore,2026-08-09T11:25:52Z
2026-08-09T11:15:09Z,2026-08-09T13:15:09+0200,e7e504e8-2603-4a3b-a199-89117103e6be,2026-07-16T08:00:00Z,2026-07-16T10:00:00+0200,187.989,MW,DK1,DK_1,actual_offshore_wind_generation,Wind Offshore,2026-08-09T11:25:52Z
2026-08-09T11:15:09Z,2026-08-09T13:15:09+0200,e7e504e8-2603-4a3b-a199-89117103e6be,2026-07-16T08:15:00Z,2026-07-16T10:15:00+0200,170.481,MW,DK1,DK_1,actual_offshore_wind_generation,Wind Offshore,2026-08-09T11:25:52Z
2026-08-09T11:15:09Z,2026-08-09T13:15:09+0200,e7e504e8-2603-4a3b-a199-89117103e6be,2026-07-16T08:30:00Z,2026-07-16T10:30:00+0200,169.09,MW,DK1,DK_1,actual_offshore_wind_generation,Wind Offshore,2026-08-09T11:25:52Z
2026-08-09T11:15:09Z,2026-08-09T13:15:09+0200,e7e504e8-2603-4a3b-a199-89117103e6be,2026-07-16T08:45:00Z,2026-07-16T10:45:00+0200,187.11,MW,DK1,DK_1,actual_offshore_wind_generation,Wind Offshore,2026-08-09T11:25:52Z
2026-08-09T11:15:09Z,2026-08-09T13:15:09+0200,e7e504e8-2603-4a3b-a199-89117103e6be,2026-07-16T09:00:00Z,2026-07-16T11:00:00+0200,206.935,MW,DK1,DK_1,actual_offshore_wind_generation,Wind Offshore,2026-08-09T11:25:52Z
2026-08-09T11:15:09Z,2026-08-09T13:15:09+0200,e7e504e8-2603-4a3b-a199-89117103e6be,2026-07-16T09:15:00Z,2026-07-16T11:15:00+0200,238.407,MW,DK1,DK_1,actual_offshore_wind_generation,Wind Offshore,2026-08-09T11:25:52Z
2026-08-09T11:15:09Z,2026-08-09T13:15:09+0200,e7e504e8-2603-4a3b-a199-89117103e6be,2026-07-16T09:30:00Z,2026-07-16T11:30:00+0200,253.948,MW,DK1,DK_1,actual_offshore_wind_generation,Wind Offshore,2026-08-09T11:25:52Z
2026-08-09T11:15:09Z,2026-08-09T13:15:09+0200,e7e504e8-2603-4a3b-a199-89117103e6be,2026-07-16T09:45:00Z,2026-07-16T11:45:00+0200,251.532,MW,DK1,DK_1,actual_offshore_wind_generation,Wind Offshore,2026-08-09T11:25:52Z
2026-08-09T11:15:09Z,2026-08-09T13:15:09+0200,e7e504e8-2603-4a3b-a199-89117103e6be,2026-07-16T10:00:00Z,2026-07-16T12:00:00+0200,238.705,MW,DK1,DK_1,actual_offshore_wind_generation,Wind Offshore,2026-08-09T11:25:52Z
2026-08-09T11:15:09Z,2026-08-09T13:15:09+0200,e7e504e8-2603-4a3b-a199-89117103e6be,2026-07-16T10:15:00Z,2026-07-16T12:15:00+0200,193.939,MW,DK1,DK_1,actual_offshore_wind_generation,Wind Offshore,2026-08-09T11:25:52Z
2026-08-09T11:15:09Z,2026-08-09T13:15:09+0200,e7e504e8-2603-4a3b-a199-89117103e6be,2026-07-16T10:30:00Z,2026-07-16T12:30:00+0200,160.591,MW,DK1,DK_1,actual_offshore_wind_generation,Wind Offshore,2026-08-09T11:25:52Z
2026-08-09T11:15:09Z,2026-08-09T13:15:09+0200,e7e504e8-2603-4a3b-a199-89117103e6be,2026-07-16T10:45:00Z,2026-07-16T12:45:00+0200,143.135,MW,DK1,DK_1,actual_offshore_wind_generation,Wind Offshore,2026-08-09T11:25:52Z
2026-08-09T11:15:09Z,2026-08-09T13:15:09+0200,e7e504e8-2603-4a3b-a199-89117103e6be,2026-07-16T11:00:00Z,2026-07-16T13:00:00+0200,121.855,MW,DK1,DK_1,actual_offshore_wind_generation,Wind Offshore,2026-08-09T11:25:52Z
2026-08-09T11:15:09Z,2026-08-09T13:15:09+0200,e7e504e8-2603-4a3b-a199-89117103e6be,2026-07-16T11:15:00Z,2026-07-16T13:15:00+0200,96.8885,MW,DK1,DK_1,actual_offshore_wind_generation,Wind Offshore,2026-08-09T11:25:52Z
2026-08-09T11:15:09Z,2026-08-09T13:15:09+0200,e7e504e8-2603-4a3b-a199-89117103e6be,2026-07-16T11:30:00Z,2026-07-16T13:30:00+0200,62.7756,MW,DK1,DK_1,actual_offshore_wind_generation,Wind Offshore,2026-08-09T11:25:52Z
2026-08-09T11:15:09Z,2026-08-09T13:15:09+0200,e7e504e8-2603-4a3b-a199-89117103e6be,2026-07-16T11:45:00Z,2026-07-16T13:45:00+0200,43.7354,MW,DK1,DK_1,actual_offshore_wind_generation,Wind Offshore,2026-08-09T11:25:52Z
2026-08-09T11:15:09Z,2026-08-09T13:15:09+0200,e7e504e8-2603-4a3b-a199-89117103e6be,2026-07-16T12:00:00Z,2026-07-16T14:00:00+0200,40.8317,MW,DK1,DK_1,actual_offshore_wind_generation,Wind Offshore,2026-08-09T11:25:52Z
2026-08-09T11:15:09Z,2026-08-09T13:15:09+0200,e7e504e8-2603-4a3b-a199-89117103e6be,2026-07-16T12:15:00Z,2026-07-16T14:15:00+0200,41.3358,MW,DK1,DK_1,actual_offshore_wind_generation,Wind Offshore,2026-08-09T11:25:52Z
2026-08-09T11:15:09Z,2026-08-09T13:15:09+0200,e7e504e8-2603-4a3b-a199-89117103e6be,2026-07-16T12:30:00Z,2026-07-16T14:30:00+0200,51.2134,MW,DK1,DK_1,actual_offshore_wind_generation,Wind Offshore,2026-08-09T11:25:52Z
2026-08-09T11:15:09Z,2026-08-09T13:15:09+0200,e7e504e8-2603-4a3b-a199-89117103e6be,2026-07-16T12:45:00Z,2026-07-16T14:45:00+0200,58.0381,MW,DK1,DK_1,actual_offshore_wind_generation,Wind Offshore,2026-08-09T11:25:52Z
2026-08-09T11:15:09Z,2026-08-09T13:15:09+0200,e7e504e8-2603-4a3b-a199-89117103e6be,2026-07-16T13:00:00Z,2026-07-16T15:00:00+0200,55.9544,MW,DK1,DK_1,actual_offshore_wind_generation,Wind Offshore,2026-08-09T11:25:52Z
2026-08-09T11:15:09Z,2026-08-09T13:15:09+0200,e7e504e8-2603-4a3b-a199-89117103e6be,2026-07-16T13:15:00Z,2026-07-16T15:15:00+0200,52.125,MW,DK1,DK_1,actual_offshore_wind_generation,Wind Offshore,2026-08-09T11:25:52Z
2026-08-09T11:15:09Z,2026-08-09T13:15:09+0200,e7e504e8-2603-4a3b-a199-89117103e6be,2026-07-16T13:30:00Z,2026-07-16T15:30:00+0200,46.8146,MW,DK1,DK_1,actual_offshore_wind_generation,Wind Offshore,2026-08-09T11:25:52Z
2026-08-09T11:15:09Z,2026-08-09T13:15:09+0200,e7e504e8-2603-4a3b-a199-89117103e6be,2026-07-16T13:45:00Z,2026-07-16T15:45:00+0200,56.9812,MW,DK1,DK_1,actual_offshore_wind_generation,Wind Offshore,2026-08-09T11:25:52Z
2026-08-09T11:15:09Z,2026-08-09T13:15:09+0200,e7e504e8-2603-4a3b-a199-89117103e6be,2026-07-16T14:00:00Z,2026-07-16T16:00:00+0200,64.7515,MW,DK1,DK_1,actual_offshore_wind_generation,Wind Offshore,2026-08-09T11:25:52Z
2026-08-09T11:15:09Z,2026-08-09T13:15:09+0200,e7e504e8-2603-4a3b-a199-89117103e6be,2026-07-16T14:15:00Z,2026-07-16T16:15:00+0200,71.9371,MW,DK1,DK_1,actual_offshore_wind_generation,Wind Offshore,2026-08-09T11:25:52Z
2026-08-09T11:15:09Z,2026-08-09T13:15:09+0200,e7e504e8-2603-4a3b-a199-89117103e6be,2026-07-16T14:30:00Z,2026-07-16T16:30:00+0200,88.9064,MW,DK1,DK_1,actual_offshore_wind_generation,Wind Offshore,2026-08-09T11:25:52Z
2026-08-09T11:15:09Z,2026-08-09T13:15:09+0200,e7e504e8-2603-4a3b-a199-89117103e6be,2026-07-16T14:45:00Z,2026-07-16T16:45:00+0200,107.146,MW,DK1,DK_1,actual_offshore_wind_generation,Wind Offshore,2026-08-09T11:25:52Z
2026-08-09T11:15:09Z,2026-08-09T13:15:09+0200,e7e504e8-2603-4a3b-a199-89117103e6be,2026-07-16T15:00:00Z,2026-07-16T17:00:00+0200,117.363,MW,DK1,DK_1,actual_offshore_wind_generation,Wind Offshore,2026-08-09T11:25:52Z
2026-08-09T11:15:09Z,2026-08-09T13:15:09+0200,e7e504e8-2603-4a3b-a199-89117103e6be,2026-07-16T15:15:00Z,2026-07-16T17:15:00+0200,107.364,MW,DK1,DK_1,actual_offshore_wind_generation,Wind Offshore,2026-08-09T11:25:52Z
2026-08-09T11:15:09Z,2026-08-09T13:15:09+0200,e7e504e8-2603-4a3b-a199-89117103e6be,2026-07-16T15:30:00Z,2026-07-16T17:30:00+0200,112.66,MW,DK1,DK_1,actual_offshore_wind_generation,Wind Offshore,2026-08-09T11:25:52Z
2026-08-09T11:15:09Z,2026-08-09T13:15:09+0200,e7e504e8-2603-4a3b-a199-89117103e6be,2026-07-16T15:45:00Z,2026-07-16T17:45:00+0200,108.963,MW,DK1,DK_1,actual_offshore_wind_generation,Wind Offshore,2026-08-09T11:25:52Z
2026-08-09T11:15:09Z,2026-08-09T13:15:09+0200,e7e504e8-2603-4a3b-a199-89117103e6be,2026-07-16T16:00:00Z,2026-07-16T18:00:00+0200,118.399,MW,DK1,DK_1,actual_offshore_wind_generation,Wind Offshore,2026-08-09T11:25:52Z
2026-08-09T11:15:09Z,2026-08-09T13:15:09+0200,e7e504e8-2603-4a3b-a199-89117103e6be,2026-07-16T16:15:00Z,2026-07-16T18:15:00+0200,106.742,MW,DK1,DK_1,actual_offshore_wind_generation,Wind Offshore,2026-08-09T11:25:52Z
2026-08-09T11:15:09Z,2026-08-09T13:15:09+0200,e7e504e8-2603-4a3b-a199-89117103e6be,2026-07-16T16:30:00Z,2026-07-16T18:30:00+0200,117.571,MW,DK1,DK_1,actual_offshore_wind_generation,Wind Offshore,2026-08-09T11:25:52Z
2026-08-09T11:15:09Z,2026-08-09T13:15:09+0200,e7e504e8-2603-4a3b-a199-89117103e6be,2026-07-16T16:45:00Z,2026-07-16T18:45:00+0200,123.867,MW,DK1,DK_1,actual_offshore_wind_generation,Wind Offshore,2026-08-09T11:25:52Z
2026-08-09T11:15:09Z,2026-08-09T13:15:09+0200,e7e504e8-2603-4a3b-a199-89117103e6be,2026-07-16T17:00:00Z,2026-07-16T19:00:00+0200,131.264,MW,DK1,DK_1,actual_offshore_wind_generation,Wind Offshore,2026-08-09T11:25:52Z
2026-08-09T11:15:09Z,2026-08-09T13:15:09+0200,e7e504e8-2603-4a3b-a199-89117103e6be,2026-07-16T17:15:00Z,2026-07-16T19:15:00+0200,131.975,MW,DK1,DK_1,actual_offshore_wind_generation,Wind Offshore,2026-08-09T11:25:52Z
2026-08-09T11:15:09Z,2026-08-09T13:15:09+0200,e7e504e8-2603-4a3b-a199-89117103e6be,2026-07-16T17:30:00Z,2026-07-16T19:30:00+0200,144.746,MW,DK1,DK_1,actual_offshore_wind_generation,Wind Offshore,2026-08-09T11:25:52Z
2026-08-09T11:15:09Z,2026-08-09T13:15:09+0200,e7e504e8-2603-4a3b-a199-89117103e6be,2026-07-16T17:45:00Z,2026-07-16T19:45:00+0200,128.792,MW,DK1,DK_1,actual_offshore_wind_generation,Wind Offshore,2026-08-09T11:25:52Z
2026-08-09T11:15:09Z,2026-08-09T13:15:09+0200,e7e504e8-2603-4a3b-a199-89117103e6be,2026-07-16T18:00:00Z,2026-07-16T20:00:00+0200,108.994,MW,DK1,DK_1,actual_offshore_wind_generation,Wind Offshore,2026-08-09T11:25:52Z
2026-08-09T11:15:09Z,2026-08-09T13:15:09+0200,e7e504e8-2603-4a3b-a199-89117103e6be,2026-07-16T18:15:00Z,2026-07-16T20:15:00+0200,87.4145,MW,DK1,DK_1,actual_offshore_wind_generation,Wind Offshore,2026-08-09T11:25:52Z
2026-08-09T11:15:09Z,2026-08-09T13:15:09+0200,e7e504e8-2603-4a3b-a199-89117103e6be,2026-07-16T18:30:00Z,2026-07-16T20:30:00+0200,70.6861,MW,DK1,DK_1,actual_offshore_wind_generation,Wind Offshore,2026-08-09T11:25:52Z
2026-08-09T11:15:09Z,2026-08-09T13:15:09+0200,e7e504e8-2603-4a3b-a199-89117103e6be,2026-07-16T18:45:00Z,2026-07-16T20:45:00+0200,65.1593,MW,DK1,DK_1,actual_offshore_wind_generation,Wind Offshore,2026-08-09T11:25:52Z
2026-08-09T11:15:09Z,2026-08-09T13:15:09+0200,e7e504e8-2603-4a3b-a199-89117103e6be,2026-07-16T19:00:00Z,2026-07-16T21:00:00+0200,50.1919,MW,DK1,DK_1,actual_offshore_wind_generation,Wind Offshore,2026-08-09T11:25:52Z
2026-08-09T11:15:09Z,2026-08-09T13:15:09+0200,e7e504e8-2603-4a3b-a199-89117103e6be,2026-07-16T19:15:00Z,2026-07-16T21:15:00+0200,42.92,MW,DK1,DK_1,actual_offshore_wind_generation,Wind Offshore,2026-08-09T11:25:52Z
2026-08-09T11:15:09Z,2026-08-09T13:15:09+0200,e7e504e8-2603-4a3b-a199-89117103e6be,2026-07-16T19:30:00Z,2026-07-16T21:30:00+0200,31.7768,MW,DK1,DK_1,actual_offshore_wind_generation,Wind Offshore,2026-08-09T11:25:52Z
2026-08-09T11:15:09Z,2026-08-09T13:15:09+0200,e7e504e8-2603-4a3b-a199-89117103e6be,2026-07-16T19:45:00Z,2026-07-16T21:45:00+0200,32.1039,MW,DK1,DK_1,actual_offshore_wind_generation,Wind Offshore,2026-08-09T11:25:52Z
2026-08-09T11:15:09Z,2026-08-09T13:15:09+0200,e7e504e8-2603-4a3b-a199-89117103e6be,2026-07-16T20:00:00Z,2026-07-16T22:00:00+0200,37.2026,MW,DK1,DK_1,actual_offshore_wind_generation,Wind Offshore,2026-08-09T11:25:52Z
2026-08-09T11:15:09Z,2026-08-09T13:15:09+0200,e7e504e8-2603-4a3b-a199-89117103e6be,2026-07-16T20:15:00Z,2026-07-16T22:15:00+0200,52.2152,MW,DK1,DK_1,actual_offshore_wind_generation,Wind Offshore,2026-08-09T11:25:52Z
2026-08-09T11:15:09Z,2026-08-09T13:15:09+0200,e7e504e8-2603-4a3b-a199-89117103e6be,2026-07-16T20:30:00Z,2026-07-16T22:30:00+0200,77.7814,MW,DK1,DK_1,actual_offshore_wind_generation,Wind Offshore,2026-08-09T11:25:52Z
2026-08-09T11:15:09Z,2026-08-09T13:15:09+0200,e7e504e8-2603-4a3b-a199-89117103e6be,2026-07-16T20:45:00Z,2026-07-16T22:45:00+0200,86.4843,MW,DK1,DK_1,actual_offshore_wind_generation,Wind Offshore,2026-08-09T11:25:52Z
2026-08-09T11:15:09Z,2026-08-09T13:15:09+0200,e7e504e8-2603-4a3b-a199-89117103e6be,2026-07-16T21:00:00Z,2026-07-16T23:00:00+0200,97.4132,MW,DK1,DK_1,actual_offshore_wind_generation,Wind Offshore,2026-08-09T11:25:52Z
2026-08-09T11:15:09Z,2026-08-09T13:15:09+0200,e7e504e8-2603-4a3b-a199-89117103e6be,2026-07-16T21:15:00Z,2026-07-16T23:15:00+0200,105.349,MW,DK1,DK_1,actual_offshore_wind_generation,Wind Offshore,2026-08-09T11:25:52Z
2026-08-09T11:15:09Z,2026-08-09T13:15:09+0200,e7e504e8-2603-4a3b-a199-89117103e6be,2026-07-16T21:30:00Z,2026-07-16T23:30:00+0200,129.12,MW,DK1,DK_1,actual_offshore_wind_generation,Wind Offshore,2026-08-09T11:25:52Z
2026-08-09T11:15:09Z,2026-08-09T13:15:09+0200,e7e504e8-2603-4a3b-a199-89117103e6be,2026-07-16T21:45:00Z,2026-07-16T23:45:00+0200,122.062,MW,DK1,DK_1,actual_offshore_wind_generation,Wind Offshore,2026-08-09T11:25:52Z
2026-08-09T11:15:09Z,2026-08-09T13:15:09+0200,e7e504e8-2603-4a3b-a199-89117103e6be,2026-07-16T22:00:00Z,2026-07-17T00:00:00+0200,111.871,MW,DK1,DK_1,actual_offshore_wind_generation,Wind Offshore,2026-08-09T11:25:52Z
2026-08-09T11:15:09Z,2026-08-09T13:15:09+0200,e7e504e8-2603-4a3b-a199-89117103e6be,2026-07-16T22:15:00Z,2026-07-17T00:15:00+0200,93.3424,MW,DK1,DK_1,actual_offshore_wind_generation,Wind Offshore,2026-08-09T11:25:52Z
2026-08-09T11:15:09Z,2026-08-09T13:15:09+0200,e7e504e8-2603-4a3b-a199-89117103e6be,2026-07-16T22:30:00Z,2026-07-17T00:30:00+0200,109.637,MW,DK1,DK_1,actual_offshore_wind_generation,Wind Offshore,2026-08-09T11:25:52Z
2026-08-09T11:15:09Z,2026-08-09T13:15:09+0200,e7e504e8-2603-4a3b-a199-89117103e6be,2026-07-16T22:45:00Z,2026-07-17T00:45:00+0200,109.336,MW,DK1,DK_1,actual_offshore_wind_generation,Wind Offshore,2026-08-09T11:25:52Z
2026-08-09T11:15:09Z,2026-08-09T13:15:09+0200,e7e504e8-2603-4a3b-a199-89117103e6be,2026-07-16T23:00:00Z,2026-07-17T01:00:00+0200,94.2429,MW,DK1,DK_1,actual_offshore_wind_generation,Wind Offshore,2026-08-09T11:25:52Z
2026-08-09T11:15:09Z,2026-08-09T13:15:09+0200,e7e504e8-2603-4a3b-a199-89117103e6be,2026-07-16T23:15:00Z,2026-07-17T01:15:00+0200,76.3629,MW,DK1,DK_1,actual_offshore_wind_generation,Wind Offshore,2026-08-09T11:25:52Z
2026-08-09T11:15:09Z,2026-08-09T13:15:09+0200,e7e504e8-2603-4a3b-a199-89117103e6be,2026-07-16T23:30:00Z,2026-07-17T01:30:00+0200,62.897,MW,DK1,DK_1,actual_offshore_wind_generation,Wind Offshore,2026-08-09T11:25:52Z
2026-08-09T11:15:09Z,2026-08-09T13:15:09+0200,e7e504e8-2603-4a3b-a199-89117103e6be,2026-07-16T23:45:00Z,2026-07-17T01:45:00+0200,75.6522,MW,DK1,DK_1,actual_offshore_wind_generation,Wind Offshore,2026-08-09T11:25:52Z
2026-08-09T11:15:09Z,2026-08-09T13:15:09+0200,e7e504e8-2603-4a3b-a199-89117103e6be,2026-07-17T00:00:00Z,2026-07-17T02:00:00+0200,72.611,MW,DK1,DK_1,actual_offshore_wind_generation,Wind Offshore,2026-08-09T11:25:52Z
2026-08-09T11:15:09Z,2026-08-09T13:15:09+0200,e7e504e8-2603-4a3b-a199-89117103e6be,2026-07-17T00:15:00Z,2026-07-17T02:15:00+0200,77.1019,MW,DK1,DK_1,actual_offshore_wind_generation,Wind Offshore,2026-08-09T11:25:52Z
2026-08-09T11:15:09Z,2026-08-09T13:15:09+0200,e7e504e8-2603-4a3b-a199-89117103e6be,2026-07-17T00:30:00Z,2026-07-17T02:30:00+0200,88.6196,MW,DK1,DK_1,actual_offshore_wind_generation,Wind Offshore,2026-08-09T11:25:52Z
2026-08-09T11:15:09Z,2026-08-09T13:15:09+0200,e7e504e8-2603-4a3b-a199-89117103e6be,2026-07-17T00:45:00Z,2026-07-17T02:45:00+0200,88.7566,MW,DK1,DK_1,actual_offshore_wind_generation,Wind Offshore,2026-08-09T11:25:52Z
2026-08-09T11:15:09Z,2026-08-09T13:15:09+0200,e7e504e8-2603-4a3b-a199-89117103e6be,2026-07-17T01:00:00Z,2026-07-17T03:00:00+0200,65.3964,MW,DK1,DK_1,actual_offshore_wind_generation,Wind Offshore,2026-08-09T11:25:52Z
2026-08-09T11:15:09Z,2026-08-09T13:15:09+0200,e7e504e8-2603-4a3b-a199-89117103e6be,2026-07-17T01:15:00Z,2026-07-17T03:15:00+0200,57.627,MW,DK1,DK_1,actual_offshore_wind_generation,Wind Offshore,2026-08-09T11:25:52Z
2026-08-09T11:15:09Z,2026-08-09T13:15:09+0200,e7e504e8-2603-4a3b-a199-89117103e6be,2026-07-17T01:30:00Z,2026-07-17T03:30:00+0200,54.9533,MW,DK1,DK_1,actual_offshore_wind_generation,Wind Offshore,2026-08-09T11:25:52Z
2026-08-09T11:15:09Z,2026-08-09T13:15:09+0200,e7e504e8-2603-4a3b-a199-89117103e6be,2026-07-17T01:45:00Z,2026-07-17T03:45:00+0200,49.4195,MW,DK1,DK_1,actual_offshore_wind_generation,Wind Offshore,2026-08-09T11:25:52Z
2026-08-09T11:15:09Z,2026-08-09T13:15:09+0200,e7e504e8-2603-4a3b-a199-89117103e6be,2026-07-17T02:00:00Z,2026-07-17T04:00:00+0200,51.185,MW,DK1,DK_1,actual_offshore_wind_generation,Wind Offshore,2026-08-09T11:25:52Z
2026-08-09T11:15:09Z,2026-08-09T13:15:09+0200,e7e504e8-2603-4a3b-a199-89117103e6be,2026-07-17T02:15:00Z,2026-07-17T04:15:00+0200,46.2605,MW,DK1,DK_1,actual_offshore_wind_generation,Wind Offshore,2026-08-09T11:25:52Z
2026-08-09T11:15:09Z,2026-08-09T13:15:09+0200,e7e504e8-2603-4a3b-a199-89117103e6be,2026-07-17T02:30:00Z,2026-07-17T04:30:00+0200,47.3189,MW,DK1,DK_1,actual_offshore_wind_generation,Wind Offshore,2026-08-09T11:25:52Z
2026-08-09T11:15:09Z,2026-08-09T13:15:09+0200,e7e504e8-2603-4a3b-a199-89117103e6be,2026-07-17T02:45:00Z,2026-07-17T04:45:00+0200,51.8659,MW,DK1,DK_1,actual_offshore_wind_generation,Wind Offshore,2026-08-09T11:25:52Z
2026-08-09T11:15:09Z,2026-08-09T13:15:09+0200,e7e504e8-2603-4a3b-a199-89117103e6be,2026-07-17T03:00:00Z,2026-07-17T05:00:00+0200,57.6338,MW,DK1,DK_1,actual_offshore_wind_generation,Wind Offshore,2026-08-09T11:25:52Z
2026-08-09T11:15:09Z,2026-08-09T13:15:09+0200,e7e504e8-2603-4a3b-a199-89117103e6be,2026-07-17T03:15:00Z,2026-07-17T05:15:00+0200,66.5056,MW,DK1,DK_1,actual_offshore_wind_generation,Wind Offshore,2026-08-09T11:25:52Z
2026-08-09T11:15:09Z,2026-08-09T13:15:09+0200,e7e504e8-2603-4a3b-a199-89117103e6be,2026-07-17T03:30:00Z,2026-07-17T05:30:00+0200,52.9407,MW,DK1,DK_1,actual_offshore_wind_generation,Wind Offshore,2026-08-09T11:25:52Z
2026-08-09T11:15:09Z,2026-08-09T13:15:09+0200,e7e504e8-2603-4a3b-a199-89117103e6be,2026-07-17T03:45:00Z,2026-07-17T05:45:00+0200,55.3965,MW,DK1,DK_1,actual_offshore_wind_generation,Wind Offshore,2026-08-09T11:25:52Z
2026-08-09T11:15:09Z,2026-08-09T13:15:09+0200,e7e504e8-2603-4a3b-a199-89117103e6be,2026-07-17T04:00:00Z,2026-07-17T06:00:00+0200,61.0409,MW,DK1,DK_1,actual_offshore_wind_generation,Wind Offshore,2026-08-09T11:25:52Z
2026-08-09T11:15:09Z,2026-08-09T13:15:09+0200,e7e504e8-2603-4a3b-a199-89117103e6be,2026-07-17T04:15:00Z,2026-07-17T06:15:00+0200,49.6876,MW,DK1,DK_1,actual_offshore_wind_generation,Wind Offshore,2026-08-09T11:25:52Z
2026-08-09T11:15:09Z,2026-08-09T13:15:09+0200,e7e504e8-2603-4a3b-a199-89117103e6be,2026-07-17T04:30:00Z,2026-07-17T06:30:00+0200,29.4847,MW,DK1,DK_1,actual_offshore_wind_generation,Wind Offshore,2026-08-09T11:25:52Z
2026-08-09T11:15:09Z,2026-08-09T13:15:09+0200,e7e504e8-2603-4a3b-a199-89117103e6be,2026-07-17T04:45:00Z,2026-07-17T06:45:00+0200,20.8629,MW,DK1,DK_1,actual_offshore_wind_generation,Wind Offshore,2026-08-09T11:25:52Z
2026-08-09T11:15:09Z,2026-08-09T13:15:09+0200,e7e504e8-2603-4a3b-a199-89117103e6be,2026-07-17T05:00:00Z,2026-07-17T07:00:00+0200,24.7496,MW,DK1,DK_1,actual_offshore_wind_generation,Wind Offshore,2026-08-09T11:25:52Z
2026-08-09T11:15:09Z,2026-08-09T13:15:09+0200,e7e504e8-2603-4a3b-a199-89117103e6be,2026-07-17T05:15:00Z,2026-07-17T07:15:00+0200,38.0149,MW,DK1,DK_1,actual_offshore_wind_generation,Wind Offshore,2026-08-09T11:25:52Z
2026-08-09T11:15:09Z,2026-08-09T13:15:09+0200,e7e504e8-2603-4a3b-a199-89117103e6be,2026-07-17T05:30:00Z,2026-07-17T07:30:00+0200,58.6745,MW,DK1,DK_1,actual_offshore_wind_generation,Wind Offshore,2026-08-09T11:25:52Z
2026-08-09T11:15:09Z,2026-08-09T13:15:09+0200,e7e504e8-2603-4a3b-a199-89117103e6be,2026-07-17T05:45:00Z,2026-07-17T07:45:00+0200,70.0655,MW,DK1,DK_1,actual_offshore_wind_generation,Wind Offshore,2026-08-09T11:25:52Z
2026-08-09T11:15:09Z,2026-08-09T13:15:09+0200,e7e504e8-2603-4a3b-a199-89117103e6be,2026-07-17T06:00:00Z,2026-07-17T08:00:00+0200,43.4789,MW,DK1,DK_1,actual_offshore_wind_generation,Wind Offshore,2026-08-09T11:25:52Z
2026-08-09T11:15:09Z,2026-08-09T13:15:09+0200,e7e504e8-2603-4a3b-a199-89117103e6be,2026-07-17T06:15:00Z,2026-07-17T08:15:00+0200,25.3229,MW,DK1,DK_1,actual_offshore_wind_generation,Wind Offshore,2026-08-09T11:25:52Z
2026-08-09T11:15:09Z,2026-08-09T13:15:09+0200,e7e504e8-2603-4a3b-a199-89117103e6be,2026-07-17T06:30:00Z,2026-07-17T08:30:00+0200,36.0418,MW,DK1,DK_1,actual_offshore_wind_generation,Wind Offshore,2026-08-09T11:25:52Z
2026-08-09T11:15:09Z,2026-08-09T13:15:09+0200,e7e504e8-2603-4a3b-a199-89117103e6be,2026-07-17T06:45:00Z,2026-07-17T08:45:00+0200,26.6107,MW,DK1,DK_1,actual_offshore_wind_generation,Wind Offshore,2026-08-09T11:25:52Z
2026-08-09T11:15:09Z,2026-08-09T13:15:09+0200,e7e504e8-2603-4a3b-a199-89117103e6be,2026-07-17T07:00:00Z,2026-07-17T09:00:00+0200,22.7091,MW,DK1,DK_1,actual_offshore_wind_generation,Wind Offshore,2026-08-09T11:25:52Z
2026-08-09T11:15:09Z,2026-08-09T13:15:09+0200,e7e504e8-2603-4a3b-a199-89117103e6be,2026-07-17T07:15:00Z,2026-07-17T09:15:00+0200,28.3068,MW,DK1,DK_1,actual_offshore_wind_generation,Wind Offshore,2026-08-09T11:25:52Z
2026-08-09T11:15:09Z,2026-08-09T13:15:09+0200,e7e504e8-2603-4a3b-a199-89117103e6be,2026-07-17T07:30:00Z,2026-07-17T09:30:00+0200,10.7352,MW,DK1,DK_1,actual_offshore_wind_generation,Wind Offshore,2026-08-09T11:25:52Z
2026-08-09T11:15:09Z,2026-08-09T13:15:09+0200,e7e504e8-2603-4a3b-a199-89117103e6be,2026-07-17T07:45:00Z,2026-07-17T09:45:00+0200,20.2184,MW,DK1,DK_1,actual_offshore_wind_generation,Wind Offshore,2026-08-09T11:25:52Z
2026-08-09T11:15:09Z,2026-08-09T13:15:09+0200,e7e504e8-2603-4a3b-a199-89117103e6be,2026-07-17T08:00:00Z,2026-07-17T10:00:00+0200,23.8673,MW,DK1,DK_1,actual_offshore_wind_generation,Wind Offshore,2026-08-09T11:25:52Z
2026-08-09T11:15:09Z,2026-08-09T13:15:09+0200,e7e504e8-2603-4a3b-a199-89117103e6be,2026-07-17T08:15:00Z,2026-07-17T10:15:00+0200,34.8526,MW,DK1,DK_1,actual_offshore_wind_generation,Wind Offshore,2026-08-09T11:25:52Z
2026-08-09T11:15:09Z,2026-08-09T13:15:09+0200,e7e504e8-2603-4a3b-a199-89117103e6be,2026-07-17T08:30:00Z,2026-07-17T10:30:00+0200,46.4605,MW,DK1,DK_1,actual_offshore_wind_generation,Wind Offshore,2026-08-09T11:25:52Z
2026-08-09T11:15:09Z,2026-08-09T13:15:09+0200,e7e504e8-2603-4a3b-a199-89117103e6be,2026-07-17T08:45:00Z,2026-07-17T10:45:00+0200,51.3717,MW,DK1,DK_1,actual_offshore_wind_generation,Wind Offshore,2026-08-09T11:25:52Z
2026-08-09T11:15:09Z,2026-08-09T13:15:09+0200,e7e504e8-2603-4a3b-a199-89117103e6be,2026-07-17T09:00:00Z,2026-07-17T11:00:00+0200,72.9277,MW,DK1,DK_1,actual_offshore_wind_generation,Wind Offshore,2026-08-09T11:25:52Z
2026-08-09T11:15:09Z,2026-08-09T13:15:09+0200,e7e504e8-2603-4a3b-a199-89117103e6be,2026-07-17T09:15:00Z,2026-07-17T11:15:00+0200,99.8135,MW,DK1,DK_1,actual_offshore_wind_generation,Wind Offshore,2026-08-09T11:25:52Z
2026-08-09T11:15:09Z,2026-08-09T13:15:09+0200,e7e504e8-2603-4a3b-a199-89117103e6be,2026-07-17T09:30:00Z,2026-07-17T11:30:00+0200,104.121,MW,DK1,DK_1,actual_offshore_wind_generation,Wind Offshore,2026-08-09T11:25:52Z
2026-08-09T11:15:09Z,2026-08-09T13:15:09+0200,e7e504e8-2603-4a3b-a199-89117103e6be,2026-07-17T09:45:00Z,2026-07-17T11:45:00+0200,91.9222,MW,DK1,DK_1,actual_offshore_wind_generation,Wind Offshore,2026-08-09T11:25:52Z
2026-08-09T11:15:09Z,2026-08-09T13:15:09+0200,e7e504e8-2603-4a3b-a199-89117103e6be,2026-07-17T10:00:00Z,2026-07-17T12:00:00+0200,107.129,MW,DK1,DK_1,actual_offshore_wind_generation,Wind Offshore,2026-08-09T11:25:52Z
2026-08-09T11:15:09Z,2026-08-09T13:15:09+0200,e7e504e8-2603-4a3b-a199-89117103e6be,2026-07-17T10:15:00Z,2026-07-17T12:15:00+0200,110.516,MW,DK1,DK_1,actual_offshore_wind_generation,Wind Offshore,2026-08-09T11:25:52Z
2026-08-09T11:15:09Z,2026-08-09T13:15:09+0200,e7e504e8-2603-4a3b-a199-89117103e6be,2026-07-17T10:30:00Z,2026-07-17T12:30:00+0200,115.905,MW,DK1,DK_1,actual_offshore_wind_generation,Wind Offshore,2026-08-09T11:25:52Z
2026-08-09T11:15:09Z,2026-08-09T13:15:09+0200,e7e504e8-2603-4a3b-a199-89117103e6be,2026-07-17T10:45:00Z,2026-07-17T12:45:00+0200,131.929,MW,DK1,DK_1,actual_offshore_wind_generation,Wind Offshore,2026-08-09T11:25:52Z
2026-08-09T11:15:09Z,2026-08-09T13:15:09+0200,e7e504e8-2603-4a3b-a199-89117103e6be,2026-07-17T11:00:00Z,2026-07-17T13:00:00+0200,120.299,MW,DK1,DK_1,actual_offshore_wind_generation,Wind Offshore,2026-08-09T11:25:52Z
2026-08-09T11:15:09Z,2026-08-09T13:15:09+0200,e7e504e8-2603-4a3b-a199-89117103e6be,2026-07-17T11:15:00Z,2026-07-17T13:15:00+0200,96.105,MW,DK1,DK_1,actual_offshore_wind_generation,Wind Offshore,2026-08-09T11:25:52Z
2026-08-09T11:15:09Z,2026-08-09T13:15:09+0200,e7e504e8-2603-4a3b-a199-89117103e6be,2026-07-17T11:30:00Z,2026-07-17T13:30:00+0200,95.7734,MW,DK1,DK_1,actual_offshore_wind_generation,Wind Offshore,2026-08-09T11:25:52Z
2026-08-09T11:15:09Z,2026-08-09T13:15:09+0200,e7e504e8-2603-4a3b-a199-89117103e6be,2026-07-17T11:45:00Z,2026-07-17T13:45:00+0200,99.8757,MW,DK1,DK_1,actual_offshore_wind_generation,Wind Offshore,2026-08-09T11:25:52Z
2026-08-09T11:15:09Z,2026-08-09T13:15:09+0200,e7e504e8-2603-4a3b-a199-89117103e6be,2026-07-17T12:00:00Z,2026-07-17T14:00:00+0200,91.5531,MW,DK1,DK_1,actual_offshore_wind_generation,Wind Offshore,2026-08-09T11:25:52Z
2026-08-09T11:15:09Z,2026-08-09T13:15:09+0200,e7e504e8-2603-4a3b-a199-89117103e6be,2026-07-17T12:15:00Z,2026-07-17T14:15:00+0200,95.2484,MW,DK1,DK_1,actual_offshore_wind_generation,Wind Offshore,2026-08-09T11:25:52Z
2026-08-09T11:15:09Z,2026-08-09T13:15:09+0200,e7e504e8-2603-4a3b-a199-89117103e6be,2026-07-17T12:30:00Z,2026-07-17T14:30:00+0200,100.148,MW,DK1,DK_1,actual_offshore_wind_generation,Wind Offshore,2026-08-09T11:25:52Z
2026-08-09T11:15:09Z,2026-08-09T13:15:09+0200,e7e504e8-2603-4a3b-a199-89117103e6be,2026-07-17T12:45:00Z,2026-07-17T14:45:00+0200,115.752,MW,DK1,DK_1,actual_offshore_wind_generation,Wind Offshore,2026-08-09T11:25:52Z
2026-08-09T11:15:09Z,2026-08-09T13:15:09+0200,e7e504e8-2603-4a3b-a199-89117103e6be,2026-07-17T13:00:00Z,2026-07-17T15:00:00+0200,135.269,MW,DK1,DK_1,actual_offshore_wind_generation,Wind Offshore,2026-08-09T11:25:52Z
2026-08-09T11:15:09Z,2026-08-09T13:15:09+0200,e7e504e8-2603-4a3b-a199-89117103e6be,2026-07-17T13:15:00Z,2026-07-17T15:15:00+0200,158.783,MW,DK1,DK_1,actual_offshore_wind_generation,Wind Offshore,2026-08-09T11:25:52Z
2026-08-09T11:15:09Z,2026-08-09T13:15:09+0200,e7e504e8-2603-4a3b-a199-89117103e6be,2026-07-17T13:30:00Z,2026-07-17T15:30:00+0200,161.474,MW,DK1,DK_1,actual_offshore_wind_generation,Wind Offshore,2026-08-09T11:25:52Z
2026-08-09T11:15:09Z,2026-08-09T13:15:09+0200,e7e504e8-2603-4a3b-a199-89117103e6be,2026-07-17T13:45:00Z,2026-07-17T15:45:00+0200,178.79,MW,DK1,DK_1,actual_offshore_wind_generation,Wind Offshore,2026-08-09T11:25:52Z
2026-08-09T11:15:09Z,2026-08-09T13:15:09+0200,e7e504e8-2603-4a3b-a199-89117103e6be,2026-07-17T14:00:00Z,2026-07-17T16:00:00+0200,204.498,MW,DK1,DK_1,actual_offshore_wind_generation,Wind Offshore,2026-08-09T11:25:52Z
2026-08-09T11:15:09Z,2026-08-09T13:15:09+0200,e7e504e8-2603-4a3b-a199-89117103e6be,2026-07-17T14:15:00Z,2026-07-17T16:15:00+0200,204.126,MW,DK1,DK_1,actual_offshore_wind_generation,Wind Offshore,2026-08-09T11:25:52Z
2026-08-09T11:15:09Z,2026-08-09T13:15:09+0200,e7e504e8-2603-4a3b-a199-89117103e6be,2026-07-17T14:30:00Z,2026-07-17T16:30:00+0200,211.164,MW,DK1,DK_1,actual_offshore_wind_generation,Wind Offshore,2026-08-09T11:25:52Z
2026-08-09T11:15:09Z,2026-08-09T13:15:09+0200,e7e504e8-2603-4a3b-a199-89117103e6be,2026-07-17T14:45:00Z,2026-07-17T16:45:00+0200,241.055,MW,DK1,DK_1,actual_offshore_wind_generation,Wind Offshore,2026-08-09T11:25:52Z
2026-08-09T11:15:09Z,2026-08-09T13:15:09+0200,e7e504e8-2603-4a3b-a199-89117103e6be,2026-07-17T15:00:00Z,2026-07-17T17:00:00+0200,261.966,MW,DK1,DK_1,actual_offshore_wind_generation,Wind Offshore,2026-08-09T11:25:52Z
2026-08-09T11:15:09Z,2026-08-09T13:15:09+0200,e7e504e8-2603-4a3b-a199-89117103e6be,2026-07-17T15:15:00Z,2026-07-17T17:15:00+0200,269.882,MW,DK1,DK_1,actual_offshore_wind_generation,Wind Offshore,2026-08-09T11:25:52Z
2026-08-09T11:15:09Z,2026-08-09T13:15:09+0200,e7e504e8-2603-4a3b-a199-89117103e6be,2026-07-17T15:30:00Z,2026-07-17T17:30:00+0200,250.058,MW,DK1,DK_1,actual_offshore_wind_generation,Wind Offshore,2026-08-09T11:25:52Z
2026-08-09T11:15:09Z,2026-08-09T13:15:09+0200,e7e504e8-2603-4a3b-a199-89117103e6be,2026-07-17T15:45:00Z,2026-07-17T17:45:00+0200,262.009,MW,DK1,DK_1,actual_offshore_wind_generation,Wind Offshore,2026-08-09T11:25:52Z
2026-08-09T11:15:09Z,2026-08-09T13:15:09+0200,e7e504e8-2603-4a3b-a199-89117103e6be,2026-07-17T16:00:00Z,2026-07-17T18:00:00+0200,264.395,MW,DK1,DK_1,actual_offshore_wind_generation,Wind Offshore,2026-08-09T11:25:52Z
2026-08-09T11:15:09Z,2026-08-09T13:15:09+0200,e7e504e8-2603-4a3b-a199-89117103e6be,2026-07-17T16:15:00Z,2026-07-17T18:15:00+0200,259.22,MW,DK1,DK_1,actual_offshore_wind_generation,Wind Offshore,2026-08-09T11:25:52Z
2026-08-09T11:15:09Z,2026-08-09T13:15:09+0200,e7e504e8-2603-4a3b-a199-89117103e6be,2026-07-17T16:30:00Z,2026-07-17T18:30:00+0200,261.606,MW,DK1,DK_1,actual_offshore_wind_generation,Wind Offshore,2026-08-09T11:25:52Z
2026-08-09T11:15:09Z,2026-08-09T13:15:09+0200,e7e504e8-2603-4a3b-a199-89117103e6be,2026-07-17T16:45:00Z,2026-07-17T18:45:00+0200,286.663,MW,DK1,DK_1,actual_offshore_wind_generation,Wind Offshore,2026-08-09T11:25:52Z
2026-08-09T11:15:09Z,2026-08-09T13:15:09+0200,e7e504e8-2603-4a3b-a199-89117103e6be,2026-07-17T17:00:00Z,2026-07-17T19:00:00+0200,312.969,MW,DK1,DK_1,actual_offshore_wind_generation,Wind Offshore,2026-08-09T11:25:52Z
2026-08-09T11:15:09Z,2026-08-09T13:15:09+0200,e7e504e8-2603-4a3b-a199-89117103e6be,2026-07-17T17:15:00Z,2026-07-17T19:15:00+0200,350.421,MW,DK1,DK_1,actual_offshore_wind_generation,Wind Offshore,2026-08-09T11:25:52Z
2026-08-09T11:15:09Z,2026-08-09T13:15:09+0200,e7e504e8-2603-4a3b-a199-89117103e6be,2026-07-17T17:30:00Z,2026-07-17T19:30:00+0200,487.991,MW,DK1,DK_1,actual_offshore_wind_generation,Wind Offshore,2026-08-09T11:25:52Z
2026-08-09T11:15:09Z,2026-08-09T13:15:09+0200,e7e504e8-2603-4a3b-a199-89117103e6be,2026-07-17T17:45:00Z,2026-07-17T19:45:00+0200,431.307,MW,DK1,DK_1,actual_offshore_wind_generation,Wind Offshore,2026-08-09T11:25:52Z
2026-08-09T11:15:09Z,2026-08-09T13:15:09+0200,e7e504e8-2603-4a3b-a199-89117103e6be,2026-07-17T18:00:00Z,2026-07-17T20:00:00+0200,328.367,MW,DK1,DK_1,actual_offshore_wind_generation,Wind Offshore,2026-08-09T11:25:52Z
2026-08-09T11:15:09Z,2026-08-09T13:15:09+0200,e7e504e8-2603-4a3b-a199-89117103e6be,2026-07-17T18:15:00Z,2026-07-17T20:15:00+0200,293.178,MW,DK1,DK_1,actual_offshore_wind_generation,Wind Offshore,2026-08-09T11:25:52Z
2026-08-09T11:15:09Z,2026-08-09T13:15:09+0200,e7e504e8-2603-4a3b-a199-89117103e6be,2026-07-17T18:30:00Z,2026-07-17T20:30:00+0200,240.684,MW,DK1,DK_1,actual_offshore_wind_generation,Wind Offshore,2026-08-09T11:25:52Z
2026-08-09T11:15:09Z,2026-08-09T13:15:09+0200,e7e504e8-2603-4a3b-a199-89117103e6be,2026-07-17T18:45:00Z,2026-07-17T20:45:00+0200,253.037,MW,DK1,DK_1,actual_offshore_wind_generation,Wind Offshore,2026-08-09T11:25:52Z
2026-08-09T11:15:09Z,2026-08-09T13:15:09+0200,e7e504e8-2603-4a3b-a199-89117103e6be,2026-07-17T19:00:00Z,2026-07-17T21:00:00+0200,265.725,MW,DK1,DK_1,actual_offshore_wind_generation,Wind Offshore,2026-08-09T11:25:52Z
2026-08-09T11:15:09Z,2026-08-09T13:15:09+0200,e7e504e8-2603-4a3b-a199-89117103e6be,2026-07-17T19:15:00Z,2026-07-17T21:15:00+0200,279.879,MW,DK1,DK_1,actual_offshore_wind_generation,Wind Offshore,2026-08-09T11:25:52Z
2026-08-09T11:15:09Z,2026-08-09T13:15:09+0200,e7e504e8-2603-4a3b-a199-89117103e6be,2026-07-17T19:30:00Z,2026-07-17T21:30:00+0200,320.827,MW,DK1,DK_1,actual_offshore_wind_generation,Wind Offshore,2026-08-09T11:25:52Z
2026-08-09T11:15:09Z,2026-08-09T13:15:09+0200,e7e504e8-2603-4a3b-a199-89117103e6be,2026-07-17T19:45:00Z,2026-07-17T21:45:00+0200,377.096,MW,DK1,DK_1,actual_offshore_wind_generation,Wind Offshore,2026-08-09T11:25:52Z
2026-08-09T11:15:09Z,2026-08-09T13:15:09+0200,e7e504e8-2603-4a3b-a199-89117103e6be,2026-07-17T20:00:00Z,2026-07-17T22:00:00+0200,421.043,MW,DK1,DK_1,actual_offshore_wind_generation,Wind Offshore,2026-08-09T11:25:52Z
2026-08-09T11:15:09Z,2026-08-09T13:15:09+0200,e7e504e8-2603-4a3b-a199-89117103e6be,2026-07-17T20:15:00Z,2026-07-17T22:15:00+0200,514.571,MW,DK1,DK_1,actual_offshore_wind_generation,Wind Offshore,2026-08-09T11:25:52Z
2026-08-09T11:15:09Z,2026-08-09T13:15:09+0200,e7e504e8-2603-4a3b-a199-89117103e6be,2026-07-17T20:30:00Z,2026-07-17T22:30:00+0200,595.533,MW,DK1,DK_1,actual_offshore_wind_generation,Wind Offshore,2026-08-09T11:25:52Z
2026-08-09T11:15:09Z,2026-08-09T13:15:09+0200,e7e504e8-2603-4a3b-a199-89117103e6be,2026-07-17T20:45:00Z,2026-07-17T22:45:00+0200,617.048,MW,DK1,DK_1,actual_offshore_wind_generation,Wind Offshore,2026-08-09T11:25:52Z
2026-08-09T11:15:09Z,2026-08-09T13:15:09+0200,e7e504e8-2603-4a3b-a199-89117103e6be,2026-07-17T21:00:00Z,2026-07-17T23:00:00+0200,646.819,MW,DK1,DK_1,actual_offshore_wind_generation,Wind Offshore,2026-08-09T11:25:52Z
2026-08-09T11:15:09Z,2026-08-09T13:15:09+0200,e7e504e8-2603-4a3b-a199-89117103e6be,2026-07-17T21:15:00Z,2026-07-17T23:15:00+0200,655.35,MW,DK1,DK_1,actual_offshore_wind_generation,Wind Offshore,2026-08-09T11:25:52Z
2026-08-09T11:15:09Z,2026-08-09T13:15:09+0200,e7e504e8-2603-4a3b-a199-89117103e6be,2026-07-17T21:30:00Z,2026-07-17T23:30:00+0200,662.748,MW,DK1,DK_1,actual_offshore_wind_generation,Wind Offshore,2026-08-09T11:25:52Z
2026-08-09T11:15:09Z,2026-08-09T13:15:09+0200,e7e504e8-2603-4a3b-a199-89117103e6be,2026-07-17T21:45:00Z,2026-07-17T23:45:00+0200,700.566,MW,DK1,DK_1,actual_offshore_wind_generation,Wind Offshore,2026-08-09T11:25:52Z
2026-08-09T11:15:09Z,2026-08-09T13:15:09+0200,e7e504e8-2603-4a3b-a199-89117103e6be,2026-07-17T22:00:00Z,2026-07-18T00:00:00+0200,724.825,MW,DK1,DK_1,actual_offshore_wind_generation,Wind Offshore,2026-08-09T11:25:52Z
2026-08-09T11:15:09Z,2026-08-09T13:15:09+0200,e7e504e8-2603-4a3b-a199-89117103e6be,2026-07-17T22:15:00Z,2026-07-18T00:15:00+0200,733.758,MW,DK1,DK_1,actual_offshore_wind_generation,Wind Offshore,2026-08-09T11:25:52Z
2026-08-09T11:15:09Z,2026-08-09T13:15:09+0200,e7e504e8-2603-4a3b-a199-89117103e6be,2026-07-17T22:30:00Z,2026-07-18T00:30:00+0200,766.972,MW,DK1,DK_1,actual_offshore_wind_generation,Wind Offshore,2026-08-09T11:25:52Z
2026-08-09T11:15:09Z,2026-08-09T13:15:09+0200,e7e504e8-2603-4a3b-a199-89117103e6be,2026-07-17T22:45:00Z,2026-07-18T00:45:00+0200,771.676,MW,DK1,DK_1,actual_offshore_wind_generation,Wind Offshore,2026-08-09T11:25:52Z
2026-08-09T11:15:09Z,2026-08-09T13:15:09+0200,e7e504e8-2603-4a3b-a199-89117103e6be,2026-07-17T23:00:00Z,2026-07-18T01:00:00+0200,804.098,MW,DK1,DK_1,actual_offshore_wind_generation,Wind Offshore,2026-08-09T11:25:52Z
2026-08-09T11:15:09Z,2026-08-09T13:15:09+0200,e7e504e8-2603-4a3b-a199-89117103e6be,2026-07-17T23:15:00Z,2026-07-18T01:15:00+0200,820.119,MW,DK1,DK_1,actual_offshore_wind_generation,Wind Offshore,2026-08-09T11:25:52Z
2026-08-09T11:15:09Z,2026-08-09T13:15:09+0200,e7e504e8-2603-4a3b-a199-89117103e6be,2026-07-17T23:30:00Z,2026-07-18T01:30:00+0200,868.496,MW,DK1,DK_1,actual_offshore_wind_generation,Wind Offshore,2026-08-09T11:25:52Z
2026-08-09T11:15:09Z,2026-08-09T13:15:09+0200,e7e504e8-2603-4a3b-a199-89117103e6be,2026-07-17T23:45:00Z,2026-07-18T01:45:00+0200,992.597,MW,DK1,DK_1,actual_offshore_wind_generation,Wind Offshore,2026-08-09T11:25:52Z
2026-08-09T11:15:09Z,2026-08-09T13:15:09+0200,e7e504e8-2603-4a3b-a199-89117103e6be,2026-07-18T00:00:00Z,2026-07-18T02:00:00+0200,1012.77,MW,DK1,DK_1,actual_offshore_wind_generation,Wind Offshore,2026-08-09T11:25:52Z
2026-08-09T11:15:09Z,2026-08-09T13:15:09+0200,e7e504e8-2603-4a3b-a199-89117103e6be,2026-07-18T00:15:00Z,2026-07-18T02:15:00+0200,1062.45,MW,DK1,DK_1,actual_offshore_wind_generation,Wind Offshore,2026-08-09T11:25:52Z
2026-08-09T11:15:09Z,2026-08-09T13:15:09+0200,e7e504e8-2603-4a3b-a199-89117103e6be,2026-07-18T00:30:00Z,2026-07-18T02:30:00+0200,1098.41,MW,DK1,DK_1,actual_offshore_wind_generation,Wind Offshore,2026-08-09T11:25:52Z
2026-08-09T11:15:09Z,2026-08-09T13:15:09+0200,e7e504e8-2603-4a3b-a199-89117103e6be,2026-07-18T00:45:00Z,2026-07-18T02:45:00+0200,1068.08,MW,DK1,DK_1,actual_offshore_wind_generation,Wind Offshore,2026-08-09T11:25:52Z
2026-08-09T11:15:09Z,2026-08-09T13:15:09+0200,e7e504e8-2603-4a3b-a199-89117103e6be,2026-07-18T01:00:00Z,2026-07-18T03:00:00+0200,1073.43,MW,DK1,DK_1,actual_offshore_wind_generation,Wind Offshore,2026-08-09T11:25:52Z
2026-08-09T11:15:09Z,2026-08-09T13:15:09+0200,e7e504e8-2603-4a3b-a199-89117103e6be,2026-07-18T01:15:00Z,2026-07-18T03:15:00+0200,1042.53,MW,DK1,DK_1,actual_offshore_wind_generation,Wind Offshore,2026-08-09T11:25:52Z
2026-08-09T11:15:09Z,2026-08-09T13:15:09+0200,e7e504e8-2603-4a3b-a199-89117103e6be,2026-07-18T01:30:00Z,2026-07-18T03:30:00+0200,1050.4,MW,DK1,DK_1,actual_offshore_wind_generation,Wind Offshore,2026-08-09T11:25:52Z
2026-08-09T11:15:09Z,2026-08-09T13:15:09+0200,e7e504e8-2603-4a3b-a199-89117103e6be,2026-07-18T01:45:00Z,2026-07-18T03:45:00+0200,1077.54,MW,DK1,DK_1,actual_offshore_wind_generation,Wind Offshore,2026-08-09T11:25:52Z
2026-08-09T11:15:09Z,2026-08-09T13:15:09+0200,e7e504e8-2603-4a3b-a199-89117103e6be,2026-07-18T02:00:00Z,2026-07-18T04:00:00+0200,1078.51,MW,DK1,DK_1,actual_offshore_wind_generation,Wind Offshore,2026-08-09T11:25:52Z
2026-08-09T11:15:09Z,2026-08-09T13:15:09+0200,e7e504e8-2603-4a3b-a199-89117103e6be,2026-07-18T02:15:00Z,2026-07-18T04:15:00+0200,1110.94,MW,DK1,DK_1,actual_offshore_wind_generation,Wind Offshore,2026-08-09T11:25:52Z
2026-08-09T11:15:09Z,2026-08-09T13:15:09+0200,e7e504e8-2603-4a3b-a199-89117103e6be,2026-07-18T02:30:00Z,2026-07-18T04:30:00+0200,1141.31,MW,DK1,DK_1,actual_offshore_wind_generation,Wind Offshore,2026-08-09T11:25:52Z
2026-08-09T11:15:09Z,2026-08-09T13:15:09+0200,e7e504e8-2603-4a3b-a199-89117103e6be,2026-07-18T02:45:00Z,2026-07-18T04:45:00+0200,1155.68,MW,DK1,DK_1,actual_offshore_wind_generation,Wind Offshore,2026-08-09T11:25:52Z
2026-08-09T11:15:09Z,2026-08-09T13:15:09+0200,e7e504e8-2603-4a3b-a199-89117103e6be,2026-07-18T03:00:00Z,2026-07-18T05:00:00+0200,1137.28,MW,DK1,DK_1,actual_offshore_wind_generation,Wind Offshore,2026-08-09T11:25:52Z
2026-08-09T11:15:09Z,2026-08-09T13:15:09+0200,e7e504e8-2603-4a3b-a199-89117103e6be,2026-07-18T03:15:00Z,2026-07-18T05:15:00+0200,1102.03,MW,DK1,DK_1,actual_offshore_wind_generation,Wind Offshore,2026-08-09T11:25:52Z
2026-08-09T11:15:09Z,2026-08-09T13:15:09+0200,e7e504e8-2603-4a3b-a199-89117103e6be,2026-07-18T03:30:00Z,2026-07-18T05:30:00+0200,1128.59,MW,DK1,DK_1,actual_offshore_wind_generation,Wind Offshore,2026-08-09T11:25:52Z
2026-08-09T11:15:09Z,2026-08-09T13:15:09+0200,e7e504e8-2603-4a3b-a199-89117103e6be,2026-07-18T03:45:00Z,2026-07-18T05:45:00+0200,1136.09,MW,DK1,DK_1,actual_offshore_wind_generation,Wind Offshore,2026-08-09T11:25:52Z
2026-08-09T11:15:09Z,2026-08-09T13:15:09+0200,e7e504e8-2603-4a3b-a199-89117103e6be,2026-07-18T04:00:00Z,2026-07-18T06:00:00+0200,1116.98,MW,DK1,DK_1,actual_offshore_wind_generation,Wind Offshore,2026-08-09T11:25:52Z
2026-08-09T11:15:09Z,2026-08-09T13:15:09+0200,e7e504e8-2603-4a3b-a199-89117103e6be,2026-07-18T04:15:00Z,2026-07-18T06:15:00+0200,1112.08,MW,DK1,DK_1,actual_offshore_wind_generation,Wind Offshore,2026-08-09T11:25:52Z
2026-08-09T11:15:09Z,2026-08-09T13:15:09+0200,e7e504e8-2603-4a3b-a199-89117103e6be,2026-07-18T04:30:00Z,2026-07-18T06:30:00+0200,1109.84,MW,DK1,DK_1,actual_offshore_wind_generation,Wind Offshore,2026-08-09T11:25:52Z
2026-08-09T11:15:09Z,2026-08-09T13:15:09+0200,e7e504e8-2603-4a3b-a199-89117103e6be,2026-07-18T04:45:00Z,2026-07-18T06:45:00+0200,1125.62,MW,DK1,DK_1,actual_offshore_wind_generation,Wind Offshore,2026-08-09T11:25:52Z
2026-08-09T11:15:09Z,2026-08-09T13:15:09+0200,e7e504e8-2603-4a3b-a199-89117103e6be,2026-07-18T05:00:00Z,2026-07-18T07:00:00+0200,1125.32,MW,DK1,DK_1,actual_offshore_wind_generation,Wind Offshore,2026-08-09T11:25:52Z
2026-08-09T11:15:09Z,2026-08-09T13:15:09+0200,e7e504e8-2603-4a3b-a199-89117103e6be,2026-07-18T05:15:00Z,2026-07-18T07:15:00+0200,1115.25,MW,DK1,DK_1,actual_offshore_wind_generation,Wind Offshore,2026-08-09T11:25:52Z
2026-08-09T11:15:09Z,2026-08-09T13:15:09+0200,e7e504e8-2603-4a3b-a199-89117103e6be,2026-07-18T05:30:00Z,2026-07-18T07:30:00+0200,1116.42,MW,DK1,DK_1,actual_offshore_wind_generation,Wind Offshore,2026-08-09T11:25:52Z
2026-08-09T11:15:09Z,2026-08-09T13:15:09+0200,e7e504e8-2603-4a3b-a199-89117103e6be,2026-07-18T05:45:00Z,2026-07-18T07:45:00+0200,1108.94,MW,DK1,DK_1,actual_offshore_wind_generation,Wind Offshore,2026-08-09T11:25:52Z
2026-08-09T11:15:09Z,2026-08-09T13:15:09+0200,e7e504e8-2603-4a3b-a199-89117103e6be,2026-07-18T06:00:00Z,2026-07-18T08:00:00+0200,1121.62,MW,DK1,DK_1,actual_offshore_wind_generation,Wind Offshore,2026-08-09T11:25:52Z
2026-08-09T11:15:09Z,2026-08-09T13:15:09+0200,e7e504e8-2603-4a3b-a199-89117103e6be,2026-07-18T06:15:00Z,2026-07-18T08:15:00+0200,1108.06,MW,DK1,DK_1,actual_offshore_wind_generation,Wind Offshore,2026-08-09T11:25:52Z
2026-08-09T11:15:09Z,2026-08-09T13:15:09+0200,e7e504e8-2603-4a3b-a199-89117103e6be,2026-07-18T06:30:00Z,2026-07-18T08:30:00+0200,1146.75,MW,DK1,DK_1,actual_offshore_wind_generation,Wind Offshore,2026-08-09T11:25:52Z
2026-08-09T11:15:09Z,2026-08-09T13:15:09+0200,e7e504e8-2603-4a3b-a199-89117103e6be,2026-07-18T06:45:00Z,2026-07-18T08:45:00+0200,1215.68,MW,DK1,DK_1,actual_offshore_wind_generation,Wind Offshore,2026-08-09T11:25:52Z
2026-08-09T11:15:09Z,2026-08-09T13:15:09+0200,e7e504e8-2603-4a3b-a199-89117103e6be,2026-07-18T07:00:00Z,2026-07-18T09:00:00+0200,1274.22,MW,DK1,DK_1,actual_offshore_wind_generation,Wind Offshore,2026-08-09T11:25:52Z
2026-08-09T11:15:09Z,2026-08-09T13:15:09+0200,e7e504e8-2603-4a3b-a199-89117103e6be,2026-07-18T07:15:00Z,2026-07-18T09:15:00+0200,1273.0,MW,DK1,DK_1,actual_offshore_wind_generation,Wind Offshore,2026-08-09T11:25:52Z
2026-08-09T11:15:09Z,2026-08-09T13:15:09+0200,e7e504e8-2603-4a3b-a199-89117103e6be,2026-07-18T07:30:00Z,2026-07-18T09:30:00+0200,1254.85,MW,DK1,DK_1,actual_offshore_wind_generation,Wind Offshore,2026-08-09T11:25:52Z
2026-08-09T11:15:09Z,2026-08-09T13:15:09+0200,e7e504e8-2603-4a3b-a199-89117103e6be,2026-07-18T07:45:00Z,2026-07-18T09:45:00+0200,1242.67,MW,DK1,DK_1,actual_offshore_wind_generation,Wind Offshore,2026-08-09T11:25:52Z
2026-08-09T11:15:09Z,2026-08-09T13:15:09+0200,e7e504e8-2603-4a3b-a199-89117103e6be,2026-07-18T08:00:00Z,2026-07-18T10:00:00+0200,1197.35,MW,DK1,DK_1,actual_offshore_wind_generation,Wind Offshore,2026-08-09T11:25:52Z
2026-08-09T11:15:09Z,2026-08-09T13:15:09+0200,e7e504e8-2603-4a3b-a199-89117103e6be,2026-07-18T08:15:00Z,2026-07-18T10:15:00+0200,1181.32,MW,DK1,DK_1,actual_offshore_wind_generation,Wind Offshore,2026-08-09T11:25:52Z
2026-08-09T11:15:09Z,2026-08-09T13:15:09+0200,e7e504e8-2603-4a3b-a199-89117103e6be,2026-07-18T08:30:00Z,2026-07-18T10:30:00+0200,1217.73,MW,DK1,DK_1,actual_offshore_wind_generation,Wind Offshore,2026-08-09T11:25:52Z
2026-08-09T11:15:09Z,2026-08-09T13:15:09+0200,e7e504e8-2603-4a3b-a199-89117103e6be,2026-07-18T08:45:00Z,2026-07-18T10:45:00+0200,1007.27,MW,DK1,DK_1,actual_offshore_wind_generation,Wind Offshore,2026-08-09T11:25:52Z
2026-08-09T11:15:09Z,2026-08-09T13:15:09+0200,e7e504e8-2603-4a3b-a199-89117103e6be,2026-07-18T09:00:00Z,2026-07-18T11:00:00+0200,1070.26,MW,DK1,DK_1,actual_offshore_wind_generation,Wind Offshore,2026-08-09T11:25:52Z
2026-08-09T11:15:09Z,2026-08-09T13:15:09+0200,e7e504e8-2603-4a3b-a199-89117103e6be,2026-07-18T09:15:00Z,2026-07-18T11:15:00+0200,1054.85,MW,DK1,DK_1,actual_offshore_wind_generation,Wind Offshore,2026-08-09T11:25:52Z
2026-08-09T11:15:09Z,2026-08-09T13:15:09+0200,e7e504e8-2603-4a3b-a199-89117103e6be,2026-07-18T09:30:00Z,2026-07-18T11:30:00+0200,1031.04,MW,DK1,DK_1,actual_offshore_wind_generation,Wind Offshore,2026-08-09T11:25:52Z
2026-08-09T11:15:09Z,2026-08-09T13:15:09+0200,e7e504e8-2603-4a3b-a199-89117103e6be,2026-07-18T09:45:00Z,2026-07-18T11:45:00+0200,1049.34,MW,DK1,DK_1,actual_offshore_wind_generation,Wind Offshore,2026-08-09T11:25:52Z
2026-08-09T11:15:09Z,2026-08-09T13:15:09+0200,e7e504e8-2603-4a3b-a199-89117103e6be,2026-07-18T10:00:00Z,2026-07-18T12:00:00+0200,1056.37,MW,DK1,DK_1,actual_offshore_wind_generation,Wind Offshore,2026-08-09T11:25:52Z
2026-08-09T11:15:09Z,2026-08-09T13:15:09+0200,e7e504e8-2603-4a3b-a199-89117103e6be,2026-07-18T10:15:00Z,2026-07-18T12:15:00+0200,1018.19,MW,DK1,DK_1,actual_offshore_wind_generation,Wind Offshore,2026-08-09T11:25:52Z
2026-08-09T11:15:09Z,2026-08-09T13:15:09+0200,e7e504e8-2603-4a3b-a199-89117103e6be,2026-07-18T10:30:00Z,2026-07-18T12:30:00+0200,1022.92,MW,DK1,DK_1,actual_offshore_wind_generation,Wind Offshore,2026-08-09T11:25:52Z
2026-08-09T11:15:09Z,2026-08-09T13:15:09+0200,e7e504e8-2603-4a3b-a199-89117103e6be,2026-07-18T10:45:00Z,2026-07-18T12:45:00+0200,982.627,MW,DK1,DK_1,actual_offshore_wind_generation,Wind Offshore,2026-08-09T11:25:52Z
2026-08-09T11:15:09Z,2026-08-09T13:15:09+0200,e7e504e8-2603-4a3b-a199-89117103e6be,2026-07-18T11:00:00Z,2026-07-18T13:00:00+0200,601.376,MW,DK1,DK_1,actual_offshore_wind_generation,Wind Offshore,2026-08-09T11:25:52Z
2026-08-09T11:15:09Z,2026-08-09T13:15:09+0200,e7e504e8-2603-4a3b-a199-89117103e6be,2026-07-18T11:15:00Z,2026-07-18T13:15:00+0200,344.978,MW,DK1,DK_1,actual_offshore_wind_generation,Wind Offshore,2026-08-09T11:25:52Z
2026-08-09T11:15:09Z,2026-08-09T13:15:09+0200,e7e504e8-2603-4a3b-a199-89117103e6be,2026-07-18T11:30:00Z,2026-07-18T13:30:00+0200,345.778,MW,DK1,DK_1,actual_offshore_wind_generation,Wind Offshore,2026-08-09T11:25:52Z
2026-08-09T11:15:09Z,2026-08-09T13:15:09+0200,e7e504e8-2603-4a3b-a199-89117103e6be,2026-07-18T11:45:00Z,2026-07-18T13:45:00+0200,349.285,MW,DK1,DK_1,actual_offshore_wind_generation,Wind Offshore,2026-08-09T11:25:52Z
2026-08-09T11:15:09Z,2026-08-09T13:15:09+0200,e7e504e8-2603-4a3b-a199-89117103e6be,2026-07-18T12:00:00Z,2026-07-18T14:00:00+0200,360.111,MW,DK1,DK_1,actual_offshore_wind_generation,Wind Offshore,2026-08-09T11:25:52Z
2026-08-09T11:15:09Z,2026-08-09T13:15:09+0200,e7e504e8-2603-4a3b-a199-89117103e6be,2026-07-18T12:15:00Z,2026-07-18T14:15:00+0200,353.92,MW,DK1,DK_1,actual_offshore_wind_generation,Wind Offshore,2026-08-09T11:25:52Z
2026-08-09T11:15:09Z,2026-08-09T13:15:09+0200,e7e504e8-2603-4a3b-a199-89117103e6be,2026-07-18T12:30:00Z,2026-07-18T14:30:00+0200,261.896,MW,DK1,DK_1,actual_offshore_wind_generation,Wind Offshore,2026-08-09T11:25:52Z
2026-08-09T11:15:09Z,2026-08-09T13:15:09+0200,e7e504e8-2603-4a3b-a199-89117103e6be,2026-07-18T12:45:00Z,2026-07-18T14:45:00+0200,239.997,MW,DK1,DK_1,actual_offshore_wind_generation,Wind Offshore,2026-08-09T11:25:52Z
2026-08-09T11:15:09Z,2026-08-09T13:15:09+0200,e7e504e8-2603-4a3b-a199-89117103e6be,2026-07-18T13:00:00Z,2026-07-18T15:00:00+0200,225.688,MW,DK1,DK_1,actual_offshore_wind_generation,Wind Offshore,2026-08-09T11:25:52Z
2026-08-09T11:15:09Z,2026-08-09T13:15:09+0200,e7e504e8-2603-4a3b-a199-89117103e6be,2026-07-18T13:15:00Z,2026-07-18T15:15:00+0200,224.838,MW,DK1,DK_1,actual_offshore_wind_generation,Wind Offshore,2026-08-09T11:25:52Z
2026-08-09T11:15:09Z,2026-08-09T13:15:09+0200,e7e504e8-2603-4a3b-a199-89117103e6be,2026-07-18T13:30:00Z,2026-07-18T15:30:00+0200,215.944,MW,DK1,DK_1,actual_offshore_wind_generation,Wind Offshore,2026-08-09T11:25:52Z
2026-08-09T11:15:09Z,2026-08-09T13:15:09+0200,e7e504e8-2603-4a3b-a199-89117103e6be,2026-07-18T13:45:00Z,2026-07-18T15:45:00+0200,214.356,MW,DK1,DK_1,actual_offshore_wind_generation,Wind Offshore,2026-08-09T11:25:52Z
2026-08-09T11:15:09Z,2026-08-09T13:15:09+0200,e7e504e8-2603-4a3b-a199-89117103e6be,2026-07-18T14:00:00Z,2026-07-18T16:00:00+0200,238.471,MW,DK1,DK_1,actual_offshore_wind_generation,Wind Offshore,2026-08-09T11:25:52Z
2026-08-09T11:15:09Z,2026-08-09T13:15:09+0200,e7e504e8-2603-4a3b-a199-89117103e6be,2026-07-18T14:15:00Z,2026-07-18T16:15:00+0200,247.582,MW,DK1,DK_1,actual_offshore_wind_generation,Wind Offshore,2026-08-09T11:25:52Z
2026-08-09T11:15:09Z,2026-08-09T13:15:09+0200,e7e504e8-2603-4a3b-a199-89117103e6be,2026-07-18T14:30:00Z,2026-07-18T16:30:00+0200,807.307,MW,DK1,DK_1,actual_offshore_wind_generation,Wind Offshore,2026-08-09T11:25:52Z
2026-08-09T11:15:09Z,2026-08-09T13:15:09+0200,e7e504e8-2603-4a3b-a199-89117103e6be,2026-07-18T14:45:00Z,2026-07-18T16:45:00+0200,937.714,MW,DK1,DK_1,actual_offshore_wind_generation,Wind Offshore,2026-08-09T11:25:52Z
2026-08-09T11:15:09Z,2026-08-09T13:15:09+0200,e7e504e8-2603-4a3b-a199-89117103e6be,2026-07-18T15:00:00Z,2026-07-18T17:00:00+0200,906.423,MW,DK1,DK_1,actual_offshore_wind_generation,Wind Offshore,2026-08-09T11:25:52Z
2026-08-09T11:15:09Z,2026-08-09T13:15:09+0200,e7e504e8-2603-4a3b-a199-89117103e6be,2026-07-18T15:15:00Z,2026-07-18T17:15:00+0200,917.804,MW,DK1,DK_1,actual_offshore_wind_generation,Wind Offshore,2026-08-09T11:25:52Z
2026-08-09T11:15:09Z,2026-08-09T13:15:09+0200,e7e504e8-2603-4a3b-a199-89117103e6be,2026-07-18T15:30:00Z,2026-07-18T17:30:00+0200,1061.01,MW,DK1,DK_1,actual_offshore_wind_generation,Wind Offshore,2026-08-09T11:25:52Z
2026-08-09T11:15:09Z,2026-08-09T13:15:09+0200,e7e504e8-2603-4a3b-a199-89117103e6be,2026-07-18T15:45:00Z,2026-07-18T17:45:00+0200,1076.78,MW,DK1,DK_1,actual_offshore_wind_generation,Wind Offshore,2026-08-09T11:25:52Z
2026-08-09T11:15:09Z,2026-08-09T13:15:09+0200,e7e504e8-2603-4a3b-a199-89117103e6be,2026-07-18T16:00:00Z,2026-07-18T18:00:00+0200,1009.57,MW,DK1,DK_1,actual_offshore_wind_generation,Wind Offshore,2026-08-09T11:25:52Z
2026-08-09T11:15:09Z,2026-08-09T13:15:09+0200,e7e504e8-2603-4a3b-a199-89117103e6be,2026-07-18T16:15:00Z,2026-07-18T18:15:00+0200,959.145,MW,DK1,DK_1,actual_offshore_wind_generation,Wind Offshore,2026-08-09T11:25:52Z
2026-08-09T11:15:09Z,2026-08-09T13:15:09+0200,e7e504e8-2603-4a3b-a199-89117103e6be,2026-07-18T16:30:00Z,2026-07-18T18:30:00+0200,971.676,MW,DK1,DK_1,actual_offshore_wind_generation,Wind Offshore,2026-08-09T11:25:52Z
2026-08-09T11:15:09Z,2026-08-09T13:15:09+0200,e7e504e8-2603-4a3b-a199-89117103e6be,2026-07-18T16:45:00Z,2026-07-18T18:45:00+0200,988.954,MW,DK1,DK_1,actual_offshore_wind_generation,Wind Offshore,2026-08-09T11:25:52Z
2026-08-09T11:15:09Z,2026-08-09T13:15:09+0200,e7e504e8-2603-4a3b-a199-89117103e6be,2026-07-18T17:00:00Z,2026-07-18T19:00:00+0200,1036.08,MW,DK1,DK_1,actual_offshore_wind_generation,Wind Offshore,2026-08-09T11:25:52Z
2026-08-09T11:15:09Z,2026-08-09T13:15:09+0200,e7e504e8-2603-4a3b-a199-89117103e6be,2026-07-18T17:15:00Z,2026-07-18T19:15:00+0200,1067.75,MW,DK1,DK_1,actual_offshore_wind_generation,Wind Offshore,2026-08-09T11:25:52Z
2026-08-09T11:15:09Z,2026-08-09T13:15:09+0200,e7e504e8-2603-4a3b-a199-89117103e6be,2026-07-18T17:30:00Z,2026-07-18T19:30:00+0200,1027.08,MW,DK1,DK_1,actual_offshore_wind_generation,Wind Offshore,2026-08-09T11:25:52Z
2026-08-09T11:15:09Z,2026-08-09T13:15:09+0200,e7e504e8-2603-4a3b-a199-89117103e6be,2026-07-18T17:45:00Z,2026-07-18T19:45:00+0200,985.432,MW,DK1,DK_1,actual_offshore_wind_generation,Wind Offshore,2026-08-09T11:25:52Z
2026-08-09T11:15:09Z,2026-08-09T13:15:09+0200,e7e504e8-2603-4a3b-a199-89117103e6be,2026-07-18T18:00:00Z,2026-07-18T20:00:00+0200,1002.44,MW,DK1,DK_1,actual_offshore_wind_generation,Wind Offshore,2026-08-09T11:25:52Z
2026-08-09T11:15:09Z,2026-08-09T13:15:09+0200,e7e504e8-2603-4a3b-a199-89117103e6be,2026-07-18T18:15:00Z,2026-07-18T20:15:00+0200,1035.03,MW,DK1,DK_1,actual_offshore_wind_generation,Wind Offshore,2026-08-09T11:25:52Z
2026-08-09T11:15:09Z,2026-08-09T13:15:09+0200,e7e504e8-2603-4a3b-a199-89117103e6be,2026-07-18T18:30:00Z,2026-07-18T20:30:00+0200,964.684,MW,DK1,DK_1,actual_offshore_wind_generation,Wind Offshore,2026-08-09T11:25:52Z
2026-08-09T11:15:09Z,2026-08-09T13:15:09+0200,e7e504e8-2603-4a3b-a199-89117103e6be,2026-07-18T18:45:00Z,2026-07-18T20:45:00+0200,839.536,MW,DK1,DK_1,actual_offshore_wind_generation,Wind Offshore,2026-08-09T11:25:52Z
2026-08-09T11:15:09Z,2026-08-09T13:15:09+0200,e7e504e8-2603-4a3b-a199-89117103e6be,2026-07-18T19:00:00Z,2026-07-18T21:00:00+0200,696.399,MW,DK1,DK_1,actual_offshore_wind_generation,Wind Offshore,2026-08-09T11:25:52Z
2026-08-09T11:15:09Z,2026-08-09T13:15:09+0200,e7e504e8-2603-4a3b-a199-89117103e6be,2026-07-18T19:15:00Z,2026-07-18T21:15:00+0200,595.969,MW,DK1,DK_1,actual_offshore_wind_generation,Wind Offshore,2026-08-09T11:25:52Z
2026-08-09T11:15:09Z,2026-08-09T13:15:09+0200,e7e504e8-2603-4a3b-a199-89117103e6be,2026-07-18T19:30:00Z,2026-07-18T21:30:00+0200,765.335,MW,DK1,DK_1,actual_offshore_wind_generation,Wind Offshore,2026-08-09T11:25:52Z
2026-08-09T11:15:09Z,2026-08-09T13:15:09+0200,e7e504e8-2603-4a3b-a199-89117103e6be,2026-07-18T19:45:00Z,2026-07-18T21:45:00+0200,862.507,MW,DK1,DK_1,actual_offshore_wind_generation,Wind Offshore,2026-08-09T11:25:52Z
2026-08-09T11:15:09Z,2026-08-09T13:15:09+0200,e7e504e8-2603-4a3b-a199-89117103e6be,2026-07-18T20:00:00Z,2026-07-18T22:00:00+0200,913.859,MW,DK1,DK_1,actual_offshore_wind_generation,Wind Offshore,2026-08-09T11:25:52Z
2026-08-09T11:15:09Z,2026-08-09T13:15:09+0200,e7e504e8-2603-4a3b-a199-89117103e6be,2026-07-18T20:15:00Z,2026-07-18T22:15:00+0200,923.203,MW,DK1,DK_1,actual_offshore_wind_generation,Wind Offshore,2026-08-09T11:25:52Z
2026-08-09T11:15:09Z,2026-08-09T13:15:09+0200,e7e504e8-2603-4a3b-a199-89117103e6be,2026-07-18T20:30:00Z,2026-07-18T22:30:00+0200,860.957,MW,DK1,DK_1,actual_offshore_wind_generation,Wind Offshore,2026-08-09T11:25:52Z
2026-08-09T11:15:09Z,2026-08-09T13:15:09+0200,e7e504e8-2603-4a3b-a199-89117103e6be,2026-07-18T20:45:00Z,2026-07-18T22:45:00+0200,823.451,MW,DK1,DK_1,actual_offshore_wind_generation,Wind Offshore,2026-08-09T11:25:52Z
2026-08-09T11:15:09Z,2026-08-09T13:15:09+0200,e7e504e8-2603-4a3b-a199-89117103e6be,2026-07-18T21:00:00Z,2026-07-18T23:00:00+0200,803.059,MW,DK1,DK_1,actual_offshore_wind_generation,Wind Offshore,2026-08-09T11:25:52Z
2026-08-09T11:15:09Z,2026-08-09T13:15:09+0200,e7e504e8-2603-4a3b-a199-89117103e6be,2026-07-18T21:15:00Z,2026-07-18T23:15:00+0200,763.22,MW,DK1,DK_1,actual_offshore_wind_generation,Wind Offshore,2026-08-09T11:25:52Z
2026-08-09T11:15:09Z,2026-08-09T13:15:09+0200,e7e504e8-2603-4a3b-a199-89117103e6be,2026-07-18T21:30:00Z,2026-07-18T23:30:00+0200,733.994,MW,DK1,DK_1,actual_offshore_wind_generation,Wind Offshore,2026-08-09T11:25:52Z
2026-08-09T11:15:09Z,2026-08-09T13:15:09+0200,e7e504e8-2603-4a3b-a199-89117103e6be,2026-07-18T21:45:00Z,2026-07-18T23:45:00+0200,694.221,MW,DK1,DK_1,actual_offshore_wind_generation,Wind Offshore,2026-08-09T11:25:52Z
2026-08-09T11:15:09Z,2026-08-09T13:15:09+0200,e7e504e8-2603-4a3b-a199-89117103e6be,2026-07-18T22:00:00Z,2026-07-19T00:00:00+0200,664.106,MW,DK1,DK_1,actual_offshore_wind_generation,Wind Offshore,2026-08-09T11:25:52Z
2026-08-09T11:15:09Z,2026-08-09T13:15:09+0200,e7e504e8-2603-4a3b-a199-89117103e6be,2026-07-18T22:15:00Z,2026-07-19T00:15:00+0200,604.526,MW,DK1,DK_1,actual_offshore_wind_generation,Wind Offshore,2026-08-09T11:25:52Z
2026-08-09T11:15:09Z,2026-08-09T13:15:09+0200,e7e504e8-2603-4a3b-a199-89117103e6be,2026-07-18T22:30:00Z,2026-07-19T00:30:00+0200,574.031,MW,DK1,DK_1,actual_offshore_wind_generation,Wind Offshore,2026-08-09T11:25:52Z
2026-08-09T11:15:09Z,2026-08-09T13:15:09+0200,e7e504e8-2603-4a3b-a199-89117103e6be,2026-07-18T22:45:00Z,2026-07-19T00:45:00+0200,601.996,MW,DK1,DK_1,actual_offshore_wind_generation,Wind Offshore,2026-08-09T11:25:52Z
2026-08-09T11:15:09Z,2026-08-09T13:15:09+0200,e7e504e8-2603-4a3b-a199-89117103e6be,2026-07-18T23:00:00Z,2026-07-19T01:00:00+0200,595.749,MW,DK1,DK_1,actual_offshore_wind_generation,Wind Offshore,2026-08-09T11:25:52Z
2026-08-09T11:15:09Z,2026-08-09T13:15:09+0200,e7e504e8-2603-4a3b-a199-89117103e6be,2026-07-18T23:15:00Z,2026-07-19T01:15:00+0200,579.545,MW,DK1,DK_1,actual_offshore_wind_generation,Wind Offshore,2026-08-09T11:25:52Z
2026-08-09T11:15:09Z,2026-08-09T13:15:09+0200,e7e504e8-2603-4a3b-a199-89117103e6be,2026-07-18T23:30:00Z,2026-07-19T01:30:00+0200,578.773,MW,DK1,DK_1,actual_offshore_wind_generation,Wind Offshore,2026-08-09T11:25:52Z
2026-08-09T11:15:09Z,2026-08-09T13:15:09+0200,e7e504e8-2603-4a3b-a199-89117103e6be,2026-07-18T23:45:00Z,2026-07-19T01:45:00+0200,561.348,MW,DK1,DK_1,actual_offshore_wind_generation,Wind Offshore,2026-08-09T11:25:52Z
2026-08-09T11:15:09Z,2026-08-09T13:15:09+0200,e7e504e8-2603-4a3b-a199-89117103e6be,2026-07-19T00:00:00Z,2026-07-19T02:00:00+0200,574.628,MW,DK1,DK_1,actual_offshore_wind_generation,Wind Offshore,2026-08-09T11:25:52Z
2026-08-09T11:15:09Z,2026-08-09T13:15:09+0200,e7e504e8-2603-4a3b-a199-89117103e6be,2026-07-19T00:15:00Z,2026-07-19T02:15:00+0200,559.839,MW,DK1,DK_1,actual_offshore_wind_generation,Wind Offshore,2026-08-09T11:25:52Z
2026-08-09T11:15:09Z,2026-08-09T13:15:09+0200,e7e504e8-2603-4a3b-a199-89117103e6be,2026-07-19T00:30:00Z,2026-07-19T02:30:00+0200,565.306,MW,DK1,DK_1,actual_offshore_wind_generation,Wind Offshore,2026-08-09T11:25:52Z
2026-08-09T11:15:09Z,2026-08-09T13:15:09+0200,e7e504e8-2603-4a3b-a199-89117103e6be,2026-07-19T00:45:00Z,2026-07-19T02:45:00+0200,573.313,MW,DK1,DK_1,actual_offshore_wind_generation,Wind Offshore,2026-08-09T11:25:52Z
2026-08-09T11:15:09Z,2026-08-09T13:15:09+0200,e7e504e8-2603-4a3b-a199-89117103e6be,2026-07-19T01:00:00Z,2026-07-19T03:00:00+0200,582.242,MW,DK1,DK_1,actual_offshore_wind_generation,Wind Offshore,2026-08-09T11:25:52Z
2026-08-09T11:15:09Z,2026-08-09T13:15:09+0200,e7e504e8-2603-4a3b-a199-89117103e6be,2026-07-19T01:15:00Z,2026-07-19T03:15:00+0200,679.18,MW,DK1,DK_1,actual_offshore_wind_generation,Wind Offshore,2026-08-09T11:25:52Z
2026-08-09T11:15:09Z,2026-08-09T13:15:09+0200,e7e504e8-2603-4a3b-a199-89117103e6be,2026-07-19T01:30:00Z,2026-07-19T03:30:00+0200,838.465,MW,DK1,DK_1,actual_offshore_wind_generation,Wind Offshore,2026-08-09T11:25:52Z
2026-08-09T11:15:09Z,2026-08-09T13:15:09+0200,e7e504e8-2603-4a3b-a199-89117103e6be,2026-07-19T01:45:00Z,2026-07-19T03:45:00+0200,876.856,MW,DK1,DK_1,actual_offshore_wind_generation,Wind Offshore,2026-08-09T11:25:52Z
2026-08-09T11:15:09Z,2026-08-09T13:15:09+0200,e7e504e8-2603-4a3b-a199-89117103e6be,2026-07-19T02:00:00Z,2026-07-19T04:00:00+0200,948.198,MW,DK1,DK_1,actual_offshore_wind_generation,Wind Offshore,2026-08-09T11:25:52Z
2026-08-09T11:15:09Z,2026-08-09T13:15:09+0200,e7e504e8-2603-4a3b-a199-89117103e6be,2026-07-19T02:15:00Z,2026-07-19T04:15:00+0200,1001.85,MW,DK1,DK_1,actual_offshore_wind_generation,Wind Offshore,2026-08-09T11:25:52Z
2026-08-09T11:15:09Z,2026-08-09T13:15:09+0200,e7e504e8-2603-4a3b-a199-89117103e6be,2026-07-19T02:30:00Z,2026-07-19T04:30:00+0200,1087.15,MW,DK1,DK_1,actual_offshore_wind_generation,Wind Offshore,2026-08-09T11:25:52Z
2026-08-09T11:15:09Z,2026-08-09T13:15:09+0200,e7e504e8-2603-4a3b-a199-89117103e6be,2026-07-19T02:45:00Z,2026-07-19T04:45:00+0200,1112.19,MW,DK1,DK_1,actual_offshore_wind_generation,Wind Offshore,2026-08-09T11:25:52Z
2026-08-09T11:15:09Z,2026-08-09T13:15:09+0200,e7e504e8-2603-4a3b-a199-89117103e6be,2026-07-19T03:00:00Z,2026-07-19T05:00:00+0200,1082.7,MW,DK1,DK_1,actual_offshore_wind_generation,Wind Offshore,2026-08-09T11:25:52Z
2026-08-09T11:15:09Z,2026-08-09T13:15:09+0200,e7e504e8-2603-4a3b-a199-89117103e6be,2026-07-19T03:15:00Z,2026-07-19T05:15:00+0200,1054.4,MW,DK1,DK_1,actual_offshore_wind_generation,Wind Offshore,2026-08-09T11:25:52Z
2026-08-09T11:15:09Z,2026-08-09T13:15:09+0200,e7e504e8-2603-4a3b-a199-89117103e6be,2026-07-19T03:30:00Z,2026-07-19T05:30:00+0200,1010.54,MW,DK1,DK_1,actual_offshore_wind_generation,Wind Offshore,2026-08-09T11:25:52Z
2026-08-09T11:15:09Z,2026-08-09T13:15:09+0200,e7e504e8-2603-4a3b-a199-89117103e6be,2026-07-19T03:45:00Z,2026-07-19T05:45:00+0200,997.333,MW,DK1,DK_1,actual_offshore_wind_generation,Wind Offshore,2026-08-09T11:25:52Z
2026-08-09T11:15:09Z,2026-08-09T13:15:09+0200,e7e504e8-2603-4a3b-a199-89117103e6be,2026-07-19T04:00:00Z,2026-07-19T06:00:00+0200,948.279,MW,DK1,DK_1,actual_offshore_wind_generation,Wind Offshore,2026-08-09T11:25:52Z
2026-08-09T11:15:09Z,2026-08-09T13:15:09+0200,e7e504e8-2603-4a3b-a199-89117103e6be,2026-07-19T04:15:00Z,2026-07-19T06:15:00+0200,879.355,MW,DK1,DK_1,actual_offshore_wind_generation,Wind Offshore,2026-08-09T11:25:52Z
2026-08-09T11:15:09Z,2026-08-09T13:15:09+0200,e7e504e8-2603-4a3b-a199-89117103e6be,2026-07-19T04:30:00Z,2026-07-19T06:30:00+0200,822.829,MW,DK1,DK_1,actual_offshore_wind_generation,Wind Offshore,2026-08-09T11:25:52Z
2026-08-09T11:15:09Z,2026-08-09T13:15:09+0200,e7e504e8-2603-4a3b-a199-89117103e6be,2026-07-19T04:45:00Z,2026-07-19T06:45:00+0200,731.213,MW,DK1,DK_1,actual_offshore_wind_generation,Wind Offshore,2026-08-09T11:25:52Z
2026-08-09T11:15:09Z,2026-08-09T13:15:09+0200,e7e504e8-2603-4a3b-a199-89117103e6be,2026-07-19T05:00:00Z,2026-07-19T07:00:00+0200,648.729,MW,DK1,DK_1,actual_offshore_wind_generation,Wind Offshore,2026-08-09T11:25:52Z
2026-08-09T11:15:09Z,2026-08-09T13:15:09+0200,e7e504e8-2603-4a3b-a199-89117103e6be,2026-07-19T05:15:00Z,2026-07-19T07:15:00+0200,601.38,MW,DK1,DK_1,actual_offshore_wind_generation,Wind Offshore,2026-08-09T11:25:52Z
2026-08-09T11:15:09Z,2026-08-09T13:15:09+0200,e7e504e8-2603-4a3b-a199-89117103e6be,2026-07-19T05:30:00Z,2026-07-19T07:30:00+0200,582.872,MW,DK1,DK_1,actual_offshore_wind_generation,Wind Offshore,2026-08-09T11:25:52Z
2026-08-09T11:15:09Z,2026-08-09T13:15:09+0200,e7e504e8-2603-4a3b-a199-89117103e6be,2026-07-19T05:45:00Z,2026-07-19T07:45:00+0200,611.939,MW,DK1,DK_1,actual_offshore_wind_generation,Wind Offshore,2026-08-09T11:25:52Z
2026-08-09T11:15:09Z,2026-08-09T13:15:09+0200,e7e504e8-2603-4a3b-a199-89117103e6be,2026-07-19T06:00:00Z,2026-07-19T08:00:00+0200,716.27,MW,DK1,DK_1,actual_offshore_wind_generation,Wind Offshore,2026-08-09T11:25:52Z
2026-08-09T11:15:09Z,2026-08-09T13:15:09+0200,e7e504e8-2603-4a3b-a199-89117103e6be,2026-07-19T06:15:00Z,2026-07-19T08:15:00+0200,773.033,MW,DK1,DK_1,actual_offshore_wind_generation,Wind Offshore,2026-08-09T11:25:52Z
2026-08-09T11:15:09Z,2026-08-09T13:15:09+0200,e7e504e8-2603-4a3b-a199-89117103e6be,2026-07-19T06:30:00Z,2026-07-19T08:30:00+0200,807.466,MW,DK1,DK_1,actual_offshore_wind_generation,Wind Offshore,2026-08-09T11:25:52Z
2026-08-09T11:15:09Z,2026-08-09T13:15:09+0200,e7e504e8-2603-4a3b-a199-89117103e6be,2026-07-19T06:45:00Z,2026-07-19T08:45:00+0200,869.748,MW,DK1,DK_1,actual_offshore_wind_generation,Wind Offshore,2026-08-09T11:25:52Z
2026-08-09T11:15:09Z,2026-08-09T13:15:09+0200,e7e504e8-2603-4a3b-a199-89117103e6be,2026-07-19T07:00:00Z,2026-07-19T09:00:00+0200,896.588,MW,DK1,DK_1,actual_offshore_wind_generation,Wind Offshore,2026-08-09T11:25:52Z
2026-08-09T11:15:09Z,2026-08-09T13:15:09+0200,e7e504e8-2603-4a3b-a199-89117103e6be,2026-07-19T07:15:00Z,2026-07-19T09:15:00+0200,909.613,MW,DK1,DK_1,actual_offshore_wind_generation,Wind Offshore,2026-08-09T11:25:52Z
2026-08-09T11:15:09Z,2026-08-09T13:15:09+0200,e7e504e8-2603-4a3b-a199-89117103e6be,2026-07-19T07:30:00Z,2026-07-19T09:30:00+0200,677.554,MW,DK1,DK_1,actual_offshore_wind_generation,Wind Offshore,2026-08-09T11:25:52Z
2026-08-09T11:15:09Z,2026-08-09T13:15:09+0200,e7e504e8-2603-4a3b-a199-89117103e6be,2026-07-19T07:45:00Z,2026-07-19T09:45:00+0200,571.945,MW,DK1,DK_1,actual_offshore_wind_generation,Wind Offshore,2026-08-09T11:25:52Z
2026-08-09T11:15:09Z,2026-08-09T13:15:09+0200,e7e504e8-2603-4a3b-a199-89117103e6be,2026-07-19T08:00:00Z,2026-07-19T10:00:00+0200,550.593,MW,DK1,DK_1,actual_offshore_wind_generation,Wind Offshore,2026-08-09T11:25:52Z
2026-08-09T11:15:09Z,2026-08-09T13:15:09+0200,e7e504e8-2603-4a3b-a199-89117103e6be,2026-07-19T08:15:00Z,2026-07-19T10:15:00+0200,495.206,MW,DK1,DK_1,actual_offshore_wind_generation,Wind Offshore,2026-08-09T11:25:52Z
2026-08-09T11:15:09Z,2026-08-09T13:15:09+0200,e7e504e8-2603-4a3b-a199-89117103e6be,2026-07-19T08:30:00Z,2026-07-19T10:30:00+0200,476.412,MW,DK1,DK_1,actual_offshore_wind_generation,Wind Offshore,2026-08-09T11:25:52Z
2026-08-09T11:15:09Z,2026-08-09T13:15:09+0200,e7e504e8-2603-4a3b-a199-89117103e6be,2026-07-19T08:45:00Z,2026-07-19T10:45:00+0200,474.249,MW,DK1,DK_1,actual_offshore_wind_generation,Wind Offshore,2026-08-09T11:25:52Z
2026-08-09T11:15:09Z,2026-08-09T13:15:09+0200,e7e504e8-2603-4a3b-a199-89117103e6be,2026-07-19T09:00:00Z,2026-07-19T11:00:00+0200,484.707,MW,DK1,DK_1,actual_offshore_wind_generation,Wind Offshore,2026-08-09T11:25:52Z
2026-08-09T11:15:09Z,2026-08-09T13:15:09+0200,e7e504e8-2603-4a3b-a199-89117103e6be,2026-07-19T09:15:00Z,2026-07-19T11:15:00+0200,498.657,MW,DK1,DK_1,actual_offshore_wind_generation,Wind Offshore,2026-08-09T11:25:52Z
2026-08-09T11:15:09Z,2026-08-09T13:15:09+0200,e7e504e8-2603-4a3b-a199-89117103e6be,2026-07-19T09:30:00Z,2026-07-19T11:30:00+0200,456.732,MW,DK1,DK_1,actual_offshore_wind_generation,Wind Offshore,2026-08-09T11:25:52Z
2026-08-09T11:15:09Z,2026-08-09T13:15:09+0200,e7e504e8-2603-4a3b-a199-89117103e6be,2026-07-19T09:45:00Z,2026-07-19T11:45:00+0200,222.464,MW,DK1,DK_1,actual_offshore_wind_generation,Wind Offshore,2026-08-09T11:25:52Z
2026-08-09T11:15:09Z,2026-08-09T13:15:09+0200,e7e504e8-2603-4a3b-a199-89117103e6be,2026-07-19T10:00:00Z,2026-07-19T12:00:00+0200,310.517,MW,DK1,DK_1,actual_offshore_wind_generation,Wind Offshore,2026-08-09T11:25:52Z
2026-08-09T11:15:09Z,2026-08-09T13:15:09+0200,e7e504e8-2603-4a3b-a199-89117103e6be,2026-07-19T10:15:00Z,2026-07-19T12:15:00+0200,242.442,MW,DK1,DK_1,actual_offshore_wind_generation,Wind Offshore,2026-08-09T11:25:52Z
2026-08-09T11:15:09Z,2026-08-09T13:15:09+0200,e7e504e8-2603-4a3b-a199-89117103e6be,2026-07-19T10:30:00Z,2026-07-19T12:30:00+0200,226.551,MW,DK1,DK_1,actual_offshore_wind_generation,Wind Offshore,2026-08-09T11:25:52Z
2026-08-09T11:15:09Z,2026-08-09T13:15:09+0200,e7e504e8-2603-4a3b-a199-89117103e6be,2026-07-19T10:45:00Z,2026-07-19T12:45:00+0200,262.775,MW,DK1,DK_1,actual_offshore_wind_generation,Wind Offshore,2026-08-09T11:25:52Z
2026-08-09T11:15:09Z,2026-08-09T13:15:09+0200,e7e504e8-2603-4a3b-a199-89117103e6be,2026-07-19T11:00:00Z,2026-07-19T13:00:00+0200,564.937,MW,DK1,DK_1,actual_offshore_wind_generation,Wind Offshore,2026-08-09T11:25:52Z
2026-08-09T11:15:09Z,2026-08-09T13:15:09+0200,e7e504e8-2603-4a3b-a199-89117103e6be,2026-07-19T11:15:00Z,2026-07-19T13:15:00+0200,587.833,MW,DK1,DK_1,actual_offshore_wind_generation,Wind Offshore,2026-08-09T11:25:52Z
2026-08-09T11:15:09Z,2026-08-09T13:15:09+0200,e7e504e8-2603-4a3b-a199-89117103e6be,2026-07-19T11:30:00Z,2026-07-19T13:30:00+0200,552.242,MW,DK1,DK_1,actual_offshore_wind_generation,Wind Offshore,2026-08-09T11:25:52Z
2026-08-09T11:15:09Z,2026-08-09T13:15:09+0200,e7e504e8-2603-4a3b-a199-89117103e6be,2026-07-19T11:45:00Z,2026-07-19T13:45:00+0200,575.31,MW,DK1,DK_1,actual_offshore_wind_generation,Wind Offshore,2026-08-09T11:25:52Z
2026-08-09T11:15:09Z,2026-08-09T13:15:09+0200,e7e504e8-2603-4a3b-a199-89117103e6be,2026-07-19T12:00:00Z,2026-07-19T14:00:00+0200,478.539,MW,DK1,DK_1,actual_offshore_wind_generation,Wind Offshore,2026-08-09T11:25:52Z
2026-08-09T11:15:09Z,2026-08-09T13:15:09+0200,e7e504e8-2603-4a3b-a199-89117103e6be,2026-07-19T12:15:00Z,2026-07-19T14:15:00+0200,432.42,MW,DK1,DK_1,actual_offshore_wind_generation,Wind Offshore,2026-08-09T11:25:52Z
2026-08-09T11:15:09Z,2026-08-09T13:15:09+0200,e7e504e8-2603-4a3b-a199-89117103e6be,2026-07-19T12:30:00Z,2026-07-19T14:30:00+0200,437.338,MW,DK1,DK_1,actual_offshore_wind_generation,Wind Offshore,2026-08-09T11:25:52Z
2026-08-09T11:15:09Z,2026-08-09T13:15:09+0200,e7e504e8-2603-4a3b-a199-89117103e6be,2026-07-19T12:45:00Z,2026-07-19T14:45:00+0200,436.142,MW,DK1,DK_1,actual_offshore_wind_generation,Wind Offshore,2026-08-09T11:25:52Z
2026-08-09T11:15:09Z,2026-08-09T13:15:09+0200,e7e504e8-2603-4a3b-a199-89117103e6be,2026-07-19T13:00:00Z,2026-07-19T15:00:00+0200,538.849,MW,DK1,DK_1,actual_offshore_wind_generation,Wind Offshore,2026-08-09T11:25:52Z
2026-08-09T11:15:09Z,2026-08-09T13:15:09+0200,e7e504e8-2603-4a3b-a199-89117103e6be,2026-07-19T13:15:00Z,2026-07-19T15:15:00+0200,509.288,MW,DK1,DK_1,actual_offshore_wind_generation,Wind Offshore,2026-08-09T11:25:52Z
2026-08-09T11:15:09Z,2026-08-09T13:15:09+0200,e7e504e8-2603-4a3b-a199-89117103e6be,2026-07-19T13:30:00Z,2026-07-19T15:30:00+0200,518.578,MW,DK1,DK_1,actual_offshore_wind_generation,Wind Offshore,2026-08-09T11:25:52Z
2026-08-09T11:15:09Z,2026-08-09T13:15:09+0200,e7e504e8-2603-4a3b-a199-89117103e6be,2026-07-19T13:45:00Z,2026-07-19T15:45:00+0200,469.382,MW,DK1,DK_1,actual_offshore_wind_generation,Wind Offshore,2026-08-09T11:25:52Z
2026-08-09T11:15:09Z,2026-08-09T13:15:09+0200,e7e504e8-2603-4a3b-a199-89117103e6be,2026-07-19T14:00:00Z,2026-07-19T16:00:00+0200,420.058,MW,DK1,DK_1,actual_offshore_wind_generation,Wind Offshore,2026-08-09T11:25:52Z
2026-08-09T11:15:09Z,2026-08-09T13:15:09+0200,e7e504e8-2603-4a3b-a199-89117103e6be,2026-07-19T14:15:00Z,2026-07-19T16:15:00+0200,425.241,MW,DK1,DK_1,actual_offshore_wind_generation,Wind Offshore,2026-08-09T11:25:52Z
2026-08-09T11:15:09Z,2026-08-09T13:15:09+0200,e7e504e8-2603-4a3b-a199-89117103e6be,2026-07-19T14:30:00Z,2026-07-19T16:30:00+0200,563.796,MW,DK1,DK_1,actual_offshore_wind_generation,Wind Offshore,2026-08-09T11:25:52Z
2026-08-09T11:15:09Z,2026-08-09T13:15:09+0200,e7e504e8-2603-4a3b-a199-89117103e6be,2026-07-19T14:45:00Z,2026-07-19T16:45:00+0200,963.342,MW,DK1,DK_1,actual_offshore_wind_generation,Wind Offshore,2026-08-09T11:25:52Z
2026-08-09T11:15:09Z,2026-08-09T13:15:09+0200,e7e504e8-2603-4a3b-a199-89117103e6be,2026-07-19T15:00:00Z,2026-07-19T17:00:00+0200,832.202,MW,DK1,DK_1,actual_offshore_wind_generation,Wind Offshore,2026-08-09T11:25:52Z
2026-08-09T11:15:09Z,2026-08-09T13:15:09+0200,e7e504e8-2603-4a3b-a199-89117103e6be,2026-07-19T15:15:00Z,2026-07-19T17:15:00+0200,1051.34,MW,DK1,DK_1,actual_offshore_wind_generation,Wind Offshore,2026-08-09T11:25:52Z
2026-08-09T11:15:09Z,2026-08-09T13:15:09+0200,e7e504e8-2603-4a3b-a199-89117103e6be,2026-07-19T15:30:00Z,2026-07-19T17:30:00+0200,1173.47,MW,DK1,DK_1,actual_offshore_wind_generation,Wind Offshore,2026-08-09T11:25:52Z
2026-08-09T11:15:09Z,2026-08-09T13:15:09+0200,e7e504e8-2603-4a3b-a199-89117103e6be,2026-07-19T15:45:00Z,2026-07-19T17:45:00+0200,1210.45,MW,DK1,DK_1,actual_offshore_wind_generation,Wind Offshore,2026-08-09T11:25:52Z
2026-08-09T11:15:09Z,2026-08-09T13:15:09+0200,e7e504e8-2603-4a3b-a199-89117103e6be,2026-07-19T16:00:00Z,2026-07-19T18:00:00+0200,1014.35,MW,DK1,DK_1,actual_offshore_wind_generation,Wind Offshore,2026-08-09T11:25:52Z
2026-08-09T11:15:09Z,2026-08-09T13:15:09+0200,e7e504e8-2603-4a3b-a199-89117103e6be,2026-07-19T16:15:00Z,2026-07-19T18:15:00+0200,1261.01,MW,DK1,DK_1,actual_offshore_wind_generation,Wind Offshore,2026-08-09T11:25:52Z
2026-08-09T11:15:09Z,2026-08-09T13:15:09+0200,e7e504e8-2603-4a3b-a199-89117103e6be,2026-07-19T16:30:00Z,2026-07-19T18:30:00+0200,1281.01,MW,DK1,DK_1,actual_offshore_wind_generation,Wind Offshore,2026-08-09T11:25:52Z
2026-08-09T11:15:09Z,2026-08-09T13:15:09+0200,e7e504e8-2603-4a3b-a199-89117103e6be,2026-07-19T16:45:00Z,2026-07-19T18:45:00+0200,1164.57,MW,DK1,DK_1,actual_offshore_wind_generation,Wind Offshore,2026-08-09T11:25:52Z
2026-08-09T11:15:09Z,2026-08-09T13:15:09+0200,e7e504e8-2603-4a3b-a199-89117103e6be,2026-07-19T17:00:00Z,2026-07-19T19:00:00+0200,1127.59,MW,DK1,DK_1,actual_offshore_wind_generation,Wind Offshore,2026-08-09T11:25:52Z
2026-08-09T11:15:09Z,2026-08-09T13:15:09+0200,e7e504e8-2603-4a3b-a199-89117103e6be,2026-07-19T17:15:00Z,2026-07-19T19:15:00+0200,1121.02,MW,DK1,DK_1,actual_offshore_wind_generation,Wind Offshore,2026-08-09T11:25:52Z
2026-08-09T11:15:09Z,2026-08-09T13:15:09+0200,e7e504e8-2603-4a3b-a199-89117103e6be,2026-07-19T17:30:00Z,2026-07-19T19:30:00+0200,1099.68,MW,DK1,DK_1,actual_offshore_wind_generation,Wind Offshore,2026-08-09T11:25:52Z
2026-08-09T11:15:09Z,2026-08-09T13:15:09+0200,e7e504e8-2603-4a3b-a199-89117103e6be,2026-07-19T17:45:00Z,2026-07-19T19:45:00+0200,1084.65,MW,DK1,DK_1,actual_offshore_wind_generation,Wind Offshore,2026-08-09T11:25:52Z
2026-08-09T11:15:09Z,2026-08-09T13:15:09+0200,e7e504e8-2603-4a3b-a199-89117103e6be,2026-07-19T18:00:00Z,2026-07-19T20:00:00+0200,1127.75,MW,DK1,DK_1,actual_offshore_wind_generation,Wind Offshore,2026-08-09T11:25:52Z
2026-08-09T11:15:09Z,2026-08-09T13:15:09+0200,e7e504e8-2603-4a3b-a199-89117103e6be,2026-07-19T18:15:00Z,2026-07-19T20:15:00+0200,1175.55,MW,DK1,DK_1,actual_offshore_wind_generation,Wind Offshore,2026-08-09T11:25:52Z
2026-08-09T11:15:09Z,2026-08-09T13:15:09+0200,e7e504e8-2603-4a3b-a199-89117103e6be,2026-07-19T18:30:00Z,2026-07-19T20:30:00+0200,1186.88,MW,DK1,DK_1,actual_offshore_wind_generation,Wind Offshore,2026-08-09T11:25:52Z
2026-08-09T11:15:09Z,2026-08-09T13:15:09+0200,e7e504e8-2603-4a3b-a199-89117103e6be,2026-07-19T18:45:00Z,2026-07-19T20:45:00+0200,1181.93,MW,DK1,DK_1,actual_offshore_wind_generation,Wind Offshore,2026-08-09T11:25:52Z
2026-08-09T11:15:09Z,2026-08-09T13:15:09+0200,e7e504e8-2603-4a3b-a199-89117103e6be,2026-07-19T19:00:00Z,2026-07-19T21:00:00+0200,1192.33,MW,DK1,DK_1,actual_offshore_wind_generation,Wind Offshore,2026-08-09T11:25:52Z
2026-08-09T11:15:09Z,2026-08-09T13:15:09+0200,e7e504e8-2603-4a3b-a199-89117103e6be,2026-07-19T19:15:00Z,2026-07-19T21:15:00+0200,1202.44,MW,DK1,DK_1,actual_offshore_wind_generation,Wind Offshore,2026-08-09T11:25:52Z
2026-08-09T11:15:09Z,2026-08-09T13:15:09+0200,e7e504e8-2603-4a3b-a199-89117103e6be,2026-07-19T19:30:00Z,2026-07-19T21:30:00+0200,1213.78,MW,DK1,DK_1,actual_offshore_wind_generation,Wind Offshore,2026-08-09T11:25:52Z
2026-08-09T11:15:09Z,2026-08-09T13:15:09+0200,e7e504e8-2603-4a3b-a199-89117103e6be,2026-07-19T19:45:00Z,2026-07-19T21:45:00+0200,1182.23,MW,DK1,DK_1,actual_offshore_wind_generation,Wind Offshore,2026-08-09T11:25:52Z
2026-08-09T11:15:09Z,2026-08-09T13:15:09+0200,e7e504e8-2603-4a3b-a199-89117103e6be,2026-07-19T20:00:00Z,2026-07-19T22:00:00+0200,1132.74,MW,DK1,DK_1,actual_offshore_wind_generation,Wind Offshore,2026-08-09T11:25:52Z
2026-08-09T11:15:09Z,2026-08-09T13:15:09+0200,e7e504e8-2603-4a3b-a199-89117103e6be,2026-07-19T20:15:00Z,2026-07-19T22:15:00+0200,1113.2,MW,DK1,DK_1,actual_offshore_wind_generation,Wind Offshore,2026-08-09T11:25:52Z
2026-08-09T11:15:09Z,2026-08-09T13:15:09+0200,e7e504e8-2603-4a3b-a199-89117103e6be,2026-07-19T20:30:00Z,2026-07-19T22:30:00+0200,1142.17,MW,DK1,DK_1,actual_offshore_wind_generation,Wind Offshore,2026-08-09T11:25:52Z
2026-08-09T11:15:09Z,2026-08-09T13:15:09+0200,e7e504e8-2603-4a3b-a199-89117103e6be,2026-07-19T20:45:00Z,2026-07-19T22:45:00+0200,1234.42,MW,DK1,DK_1,actual_offshore_wind_generation,Wind Offshore,2026-08-09T11:25:52Z
2026-08-09T11:15:09Z,2026-08-09T13:15:09+0200,e7e504e8-2603-4a3b-a199-89117103e6be,2026-07-19T21:00:00Z,2026-07-19T23:00:00+0200,1248.06,MW,DK1,DK_1,actual_offshore_wind_generation,Wind Offshore,2026-08-09T11:25:52Z
2026-08-09T11:15:09Z,2026-08-09T13:15:09+0200,e7e504e8-2603-4a3b-a199-89117103e6be,2026-07-19T21:15:00Z,2026-07-19T23:15:00+0200,1196.88,MW,DK1,DK_1,actual_offshore_wind_generation,Wind Offshore,2026-08-09T11:25:52Z
2026-08-09T11:15:09Z,2026-08-09T13:15:09+0200,e7e504e8-2603-4a3b-a199-89117103e6be,2026-07-19T21:30:00Z,2026-07-19T23:30:00+0200,1209.01,MW,DK1,DK_1,actual_offshore_wind_generation,Wind Offshore,2026-08-09T11:25:52Z
2026-08-09T11:15:09Z,2026-08-09T13:15:09+0200,e7e504e8-2603-4a3b-a199-89117103e6be,2026-07-19T21:45:00Z,2026-07-19T23:45:00+0200,1221.47,MW,DK1,DK_1,actual_offshore_wind_generation,Wind Offshore,2026-08-09T11:25:52Z
2026-08-09T11:15:09Z,2026-08-09T13:15:09+0200,e7e504e8-2603-4a3b-a199-89117103e6be,2026-07-19T22:00:00Z,2026-07-20T00:00:00+0200,1234.18,MW,DK1,DK_1,actual_offshore_wind_generation,Wind Offshore,2026-08-09T11:25:52Z
2026-08-09T11:15:09Z,2026-08-09T13:15:09+0200,e7e504e8-2603-4a3b-a199-89117103e6be,2026-07-19T22:15:00Z,2026-07-20T00:15:00+0200,1264.94,MW,DK1,DK_1,actual_offshore_wind_generation,Wind Offshore,2026-08-09T11:25:52Z
2026-08-09T11:15:09Z,2026-08-09T13:15:09+0200,e7e504e8-2603-4a3b-a199-89117103e6be,2026-07-19T22:30:00Z,2026-07-20T00:30:00+0200,1253.67,MW,DK1,DK_1,actual_offshore_wind_generation,Wind Offshore,2026-08-09T11:25:52Z
2026-08-09T11:15:09Z,2026-08-09T13:15:09+0200,e7e504e8-2603-4a3b-a199-89117103e6be,2026-07-19T22:45:00Z,2026-07-20T00:45:00+0200,1274.13,MW,DK1,DK_1,actual_offshore_wind_generation,Wind Offshore,2026-08-09T11:25:52Z
2026-08-09T11:15:09Z,2026-08-09T13:15:09+0200,e7e504e8-2603-4a3b-a199-89117103e6be,2026-07-19T23:00:00Z,2026-07-20T01:00:00+0200,1289.92,MW,DK1,DK_1,actual_offshore_wind_generation,Wind Offshore,2026-08-09T11:25:52Z
2026-08-09T11:15:09Z,2026-08-09T13:15:09+0200,e7e504e8-2603-4a3b-a199-89117103e6be,2026-07-19T23:15:00Z,2026-07-20T01:15:00+0200,1291.86,MW,DK1,DK_1,actual_offshore_wind_generation,Wind Offshore,2026-08-09T11:25:52Z
2026-08-09T11:15:09Z,2026-08-09T13:15:09+0200,e7e504e8-2603-4a3b-a199-89117103e6be,2026-07-19T23:30:00Z,2026-07-20T01:30:00+0200,1285.73,MW,DK1,DK_1,actual_offshore_wind_generation,Wind Offshore,2026-08-09T11:25:52Z
2026-08-09T11:15:09Z,2026-08-09T13:15:09+0200,e7e504e8-2603-4a3b-a199-89117103e6be,2026-07-19T23:45:00Z,2026-07-20T01:45:00+0200,1249.62,MW,DK1,DK_1,actual_offshore_wind_generation,Wind Offshore,2026-08-09T11:25:52Z
2026-08-09T11:15:09Z,2026-08-09T13:15:09+0200,e7e504e8-2603-4a3b-a199-89117103e6be,2026-07-20T00:00:00Z,2026-07-20T02:00:00+0200,1206.31,MW,DK1,DK_1,actual_offshore_wind_generation,Wind Offshore,2026-08-09T11:25:52Z
2026-08-09T11:15:09Z,2026-08-09T13:15:09+0200,e7e504e8-2603-4a3b-a199-89117103e6be,2026-07-20T00:15:00Z,2026-07-20T02:15:00+0200,1136.08,MW,DK1,DK_1,actual_offshore_wind_generation,Wind Offshore,2026-08-09T11:25:52Z
2026-08-09T11:15:09Z,2026-08-09T13:15:09+0200,e7e504e8-2603-4a3b-a199-89117103e6be,2026-07-20T00:30:00Z,2026-07-20T02:30:00+0200,1076.77,MW,DK1,DK_1,actual_offshore_wind_generation,Wind Offshore,2026-08-09T11:25:52Z
2026-08-09T11:15:09Z,2026-08-09T13:15:09+0200,e7e504e8-2603-4a3b-a199-89117103e6be,2026-07-20T00:45:00Z,2026-07-20T02:45:00+0200,1042.23,MW,DK1,DK_1,actual_offshore_wind_generation,Wind Offshore,2026-08-09T11:25:52Z
2026-08-09T11:15:09Z,2026-08-09T13:15:09+0200,e7e504e8-2603-4a3b-a199-89117103e6be,2026-07-20T01:00:00Z,2026-07-20T03:00:00+0200,1074.5,MW,DK1,DK_1,actual_offshore_wind_generation,Wind Offshore,2026-08-09T11:25:52Z
2026-08-09T11:15:09Z,2026-08-09T13:15:09+0200,e7e504e8-2603-4a3b-a199-89117103e6be,2026-07-20T01:15:00Z,2026-07-20T03:15:00+0200,1076.39,MW,DK1,DK_1,actual_offshore_wind_generation,Wind Offshore,2026-08-09T11:25:52Z
2026-08-09T11:15:09Z,2026-08-09T13:15:09+0200,e7e504e8-2603-4a3b-a199-89117103e6be,2026-07-20T01:30:00Z,2026-07-20T03:30:00+0200,1016.08,MW,DK1,DK_1,actual_offshore_wind_generation,Wind Offshore,2026-08-09T11:25:52Z
2026-08-09T11:15:09Z,2026-08-09T13:15:09+0200,e7e504e8-2603-4a3b-a199-89117103e6be,2026-07-20T01:45:00Z,2026-07-20T03:45:00+0200,1029.69,MW,DK1,DK_1,actual_offshore_wind_generation,Wind Offshore,2026-08-09T11:25:52Z
2026-08-09T11:15:09Z,2026-08-09T13:15:09+0200,e7e504e8-2603-4a3b-a199-89117103e6be,2026-07-20T02:00:00Z,2026-07-20T04:00:00+0200,1074.3,MW,DK1,DK_1,actual_offshore_wind_generation,Wind Offshore,2026-08-09T11:25:52Z
2026-08-09T11:15:09Z,2026-08-09T13:15:09+0200,e7e504e8-2603-4a3b-a199-89117103e6be,2026-07-20T02:15:00Z,2026-07-20T04:15:00+0200,1046.83,MW,DK1,DK_1,actual_offshore_wind_generation,Wind Offshore,2026-08-09T11:25:52Z
2026-08-09T11:15:09Z,2026-08-09T13:15:09+0200,e7e504e8-2603-4a3b-a199-89117103e6be,2026-07-20T02:30:00Z,2026-07-20T04:30:00+0200,983.938,MW,DK1,DK_1,actual_offshore_wind_generation,Wind Offshore,2026-08-09T11:25:52Z
2026-08-09T11:15:09Z,2026-08-09T13:15:09+0200,e7e504e8-2603-4a3b-a199-89117103e6be,2026-07-20T02:45:00Z,2026-07-20T04:45:00+0200,962.154,MW,DK1,DK_1,actual_offshore_wind_generation,Wind Offshore,2026-08-09T11:25:52Z
2026-08-09T11:15:09Z,2026-08-09T13:15:09+0200,e7e504e8-2603-4a3b-a199-89117103e6be,2026-07-20T03:00:00Z,2026-07-20T05:00:00+0200,964.662,MW,DK1,DK_1,actual_offshore_wind_generation,Wind Offshore,2026-08-09T11:25:52Z
2026-08-09T11:15:09Z,2026-08-09T13:15:09+0200,e7e504e8-2603-4a3b-a199-89117103e6be,2026-07-20T03:15:00Z,2026-07-20T05:15:00+0200,1000.15,MW,DK1,DK_1,actual_offshore_wind_generation,Wind Offshore,2026-08-09T11:25:52Z
2026-08-09T11:15:09Z,2026-08-09T13:15:09+0200,e7e504e8-2603-4a3b-a199-89117103e6be,2026-07-20T03:30:00Z,2026-07-20T05:30:00+0200,1047.52,MW,DK1,DK_1,actual_offshore_wind_generation,Wind Offshore,2026-08-09T11:25:52Z
2026-08-09T11:15:09Z,2026-08-09T13:15:09+0200,e7e504e8-2603-4a3b-a199-89117103e6be,2026-07-20T03:45:00Z,2026-07-20T05:45:00+0200,1035.2,MW,DK1,DK_1,actual_offshore_wind_generation,Wind Offshore,2026-08-09T11:25:52Z
2026-08-09T11:15:09Z,2026-08-09T13:15:09+0200,e7e504e8-2603-4a3b-a199-89117103e6be,2026-07-20T04:00:00Z,2026-07-20T06:00:00+0200,974.964,MW,DK1,DK_1,actual_offshore_wind_generation,Wind Offshore,2026-08-09T11:25:52Z
2026-08-09T11:15:09Z,2026-08-09T13:15:09+0200,e7e504e8-2603-4a3b-a199-89117103e6be,2026-07-20T04:15:00Z,2026-07-20T06:15:00+0200,900.222,MW,DK1,DK_1,actual_offshore_wind_generation,Wind Offshore,2026-08-09T11:25:52Z
2026-08-09T11:15:09Z,2026-08-09T13:15:09+0200,e7e504e8-2603-4a3b-a199-89117103e6be,2026-07-20T04:30:00Z,2026-07-20T06:30:00+0200,834.057,MW,DK1,DK_1,actual_offshore_wind_generation,Wind Offshore,2026-08-09T11:25:52Z
2026-08-09T11:15:09Z,2026-08-09T13:15:09+0200,e7e504e8-2603-4a3b-a199-89117103e6be,2026-07-20T04:45:00Z,2026-07-20T06:45:00+0200,780.64,MW,DK1,DK_1,actual_offshore_wind_generation,Wind Offshore,2026-08-09T11:25:52Z
2026-08-09T11:15:09Z,2026-08-09T13:15:09+0200,e7e504e8-2603-4a3b-a199-89117103e6be,2026-07-20T05:00:00Z,2026-07-20T07:00:00+0200,745.172,MW,DK1,DK_1,actual_offshore_wind_generation,Wind Offshore,2026-08-09T11:25:52Z
2026-08-09T11:15:09Z,2026-08-09T13:15:09+0200,e7e504e8-2603-4a3b-a199-89117103e6be,2026-07-20T05:15:00Z,2026-07-20T07:15:00+0200,718.004,MW,DK1,DK_1,actual_offshore_wind_generation,Wind Offshore,2026-08-09T11:25:52Z
2026-08-09T11:15:09Z,2026-08-09T13:15:09+0200,e7e504e8-2603-4a3b-a199-89117103e6be,2026-07-20T05:30:00Z,2026-07-20T07:30:00+0200,688.888,MW,DK1,DK_1,actual_offshore_wind_generation,Wind Offshore,2026-08-09T11:25:52Z
2026-08-09T11:15:09Z,2026-08-09T13:15:09+0200,e7e504e8-2603-4a3b-a199-89117103e6be,2026-07-20T05:45:00Z,2026-07-20T07:45:00+0200,687.993,MW,DK1,DK_1,actual_offshore_wind_generation,Wind Offshore,2026-08-09T11:25:52Z
2026-08-09T11:15:09Z,2026-08-09T13:15:09+0200,e7e504e8-2603-4a3b-a199-89117103e6be,2026-07-20T06:00:00Z,2026-07-20T08:00:00+0200,665.689,MW,DK1,DK_1,actual_offshore_wind_generation,Wind Offshore,2026-08-09T11:25:52Z
2026-08-09T11:15:09Z,2026-08-09T13:15:09+0200,e7e504e8-2603-4a3b-a199-89117103e6be,2026-07-20T06:15:00Z,2026-07-20T08:15:00+0200,638.868,MW,DK1,DK_1,actual_offshore_wind_generation,Wind Offshore,2026-08-09T11:25:52Z
2026-08-09T11:15:09Z,2026-08-09T13:15:09+0200,e7e504e8-2603-4a3b-a199-89117103e6be,2026-07-20T06:30:00Z,2026-07-20T08:30:00+0200,637.211,MW,DK1,DK_1,actual_offshore_wind_generation,Wind Offshore,2026-08-09T11:25:52Z
2026-08-09T11:15:09Z,2026-08-09T13:15:09+0200,e7e504e8-2603-4a3b-a199-89117103e6be,2026-07-20T06:45:00Z,2026-07-20T08:45:00+0200,641.845,MW,DK1,DK_1,actual_offshore_wind_generation,Wind Offshore,2026-08-09T11:25:52Z
2026-08-09T11:15:09Z,2026-08-09T13:15:09+0200,e7e504e8-2603-4a3b-a199-89117103e6be,2026-07-20T07:00:00Z,2026-07-20T09:00:00+0200,648.886,MW,DK1,DK_1,actual_offshore_wind_generation,Wind Offshore,2026-08-09T11:25:52Z
2026-08-09T11:15:09Z,2026-08-09T13:15:09+0200,e7e504e8-2603-4a3b-a199-89117103e6be,2026-07-20T07:15:00Z,2026-07-20T09:15:00+0200,632.989,MW,DK1,DK_1,actual_offshore_wind_generation,Wind Offshore,2026-08-09T11:25:52Z
2026-08-09T11:15:09Z,2026-08-09T13:15:09+0200,e7e504e8-2603-4a3b-a199-89117103e6be,2026-07-20T07:30:00Z,2026-07-20T09:30:00+0200,618.47,MW,DK1,DK_1,actual_offshore_wind_generation,Wind Offshore,2026-08-09T11:25:52Z
2026-08-09T11:15:09Z,2026-08-09T13:15:09+0200,e7e504e8-2603-4a3b-a199-89117103e6be,2026-07-20T07:45:00Z,2026-07-20T09:45:00+0200,617.483,MW,DK1,DK_1,actual_offshore_wind_generation,Wind Offshore,2026-08-09T11:25:52Z
2026-08-09T11:15:09Z,2026-08-09T13:15:09+0200,e7e504e8-2603-4a3b-a199-89117103e6be,2026-07-20T08:00:00Z,2026-07-20T10:00:00+0200,637.383,MW,DK1,DK_1,actual_offshore_wind_generation,Wind Offshore,2026-08-09T11:25:52Z
2026-08-09T11:15:09Z,2026-08-09T13:15:09+0200,e7e504e8-2603-4a3b-a199-89117103e6be,2026-07-20T08:15:00Z,2026-07-20T10:15:00+0200,650.291,MW,DK1,DK_1,actual_offshore_wind_generation,Wind Offshore,2026-08-09T11:25:52Z
2026-08-09T11:15:09Z,2026-08-09T13:15:09+0200,e7e504e8-2603-4a3b-a199-89117103e6be,2026-07-20T08:30:00Z,2026-07-20T10:30:00+0200,684.008,MW,DK1,DK_1,actual_offshore_wind_generation,Wind Offshore,2026-08-09T11:25:52Z
2026-08-09T11:15:09Z,2026-08-09T13:15:09+0200,e7e504e8-2603-4a3b-a199-89117103e6be,2026-07-20T08:45:00Z,2026-07-20T10:45:00+0200,701.322,MW,DK1,DK_1,actual_offshore_wind_generation,Wind Offshore,2026-08-09T11:25:52Z
2026-08-09T11:15:09Z,2026-08-09T13:15:09+0200,e7e504e8-2603-4a3b-a199-89117103e6be,2026-07-20T09:00:00Z,2026-07-20T11:00:00+0200,698.044,MW,DK1,DK_1,actual_offshore_wind_generation,Wind Offshore,2026-08-09T11:25:52Z
2026-08-09T11:15:09Z,2026-08-09T13:15:09+0200,e7e504e8-2603-4a3b-a199-89117103e6be,2026-07-20T09:15:00Z,2026-07-20T11:15:00+0200,736.995,MW,DK1,DK_1,actual_offshore_wind_generation,Wind Offshore,2026-08-09T11:25:52Z
2026-08-09T11:15:09Z,2026-08-09T13:15:09+0200,e7e504e8-2603-4a3b-a199-89117103e6be,2026-07-20T09:30:00Z,2026-07-20T11:30:00+0200,713.8,MW,DK1,DK_1,actual_offshore_wind_generation,Wind Offshore,2026-08-09T11:25:52Z
2026-08-09T11:15:09Z,2026-08-09T13:15:09+0200,e7e504e8-2603-4a3b-a199-89117103e6be,2026-07-20T09:45:00Z,2026-07-20T11:45:00+0200,694.699,MW,DK1,DK_1,actual_offshore_wind_generation,Wind Offshore,2026-08-09T11:25:52Z
2026-08-09T11:15:09Z,2026-08-09T13:15:09+0200,e7e504e8-2603-4a3b-a199-89117103e6be,2026-07-20T10:00:00Z,2026-07-20T12:00:00+0200,665.632,MW,DK1,DK_1,actual_offshore_wind_generation,Wind Offshore,2026-08-09T11:25:52Z
2026-08-09T11:15:09Z,2026-08-09T13:15:09+0200,e7e504e8-2603-4a3b-a199-89117103e6be,2026-07-20T10:15:00Z,2026-07-20T12:15:00+0200,660.466,MW,DK1,DK_1,actual_offshore_wind_generation,Wind Offshore,2026-08-09T11:25:52Z
2026-08-09T11:15:09Z,2026-08-09T13:15:09+0200,e7e504e8-2603-4a3b-a199-89117103e6be,2026-07-20T10:30:00Z,2026-07-20T12:30:00+0200,698.899,MW,DK1,DK_1,actual_offshore_wind_generation,Wind Offshore,2026-08-09T11:25:52Z
2026-08-09T11:15:09Z,2026-08-09T13:15:09+0200,e7e504e8-2603-4a3b-a199-89117103e6be,2026-07-20T10:45:00Z,2026-07-20T12:45:00+0200,674.785,MW,DK1,DK_1,actual_offshore_wind_generation,Wind Offshore,2026-08-09T11:25:52Z
2026-08-09T11:15:09Z,2026-08-09T13:15:09+0200,e7e504e8-2603-4a3b-a199-89117103e6be,2026-07-20T11:00:00Z,2026-07-20T13:00:00+0200,655.418,MW,DK1,DK_1,actual_offshore_wind_generation,Wind Offshore,2026-08-09T11:25:52Z
2026-08-09T11:15:09Z,2026-08-09T13:15:09+0200,e7e504e8-2603-4a3b-a199-89117103e6be,2026-07-20T11:15:00Z,2026-07-20T13:15:00+0200,673.325,MW,DK1,DK_1,actual_offshore_wind_generation,Wind Offshore,2026-08-09T11:25:52Z
2026-08-09T11:15:09Z,2026-08-09T13:15:09+0200,e7e504e8-2603-4a3b-a199-89117103e6be,2026-07-20T11:30:00Z,2026-07-20T13:30:00+0200,669.659,MW,DK1,DK_1,actual_offshore_wind_generation,Wind Offshore,2026-08-09T11:25:52Z
2026-08-09T11:15:09Z,2026-08-09T13:15:09+0200,e7e504e8-2603-4a3b-a199-89117103e6be,2026-07-20T11:45:00Z,2026-07-20T13:45:00+0200,689.078,MW,DK1,DK_1,actual_offshore_wind_generation,Wind Offshore,2026-08-09T11:25:52Z
2026-08-09T11:15:09Z,2026-08-09T13:15:09+0200,e7e504e8-2603-4a3b-a199-89117103e6be,2026-07-20T12:00:00Z,2026-07-20T14:00:00+0200,688.533,MW,DK1,DK_1,actual_offshore_wind_generation,Wind Offshore,2026-08-09T11:25:52Z
2026-08-09T11:15:09Z,2026-08-09T13:15:09+0200,e7e504e8-2603-4a3b-a199-89117103e6be,2026-07-20T12:15:00Z,2026-07-20T14:15:00+0200,704.344,MW,DK1,DK_1,actual_offshore_wind_generation,Wind Offshore,2026-08-09T11:25:52Z
2026-08-09T11:15:09Z,2026-08-09T13:15:09+0200,e7e504e8-2603-4a3b-a199-89117103e6be,2026-07-20T12:30:00Z,2026-07-20T14:30:00+0200,789.463,MW,DK1,DK_1,actual_offshore_wind_generation,Wind Offshore,2026-08-09T11:25:52Z
2026-08-09T11:15:09Z,2026-08-09T13:15:09+0200,e7e504e8-2603-4a3b-a199-89117103e6be,2026-07-20T12:45:00Z,2026-07-20T14:45:00+0200,782.457,MW,DK1,DK_1,actual_offshore_wind_generation,Wind Offshore,2026-08-09T11:25:52Z
2026-08-09T11:15:09Z,2026-08-09T13:15:09+0200,e7e504e8-2603-4a3b-a199-89117103e6be,2026-07-20T13:00:00Z,2026-07-20T15:00:00+0200,793.769,MW,DK1,DK_1,actual_offshore_wind_generation,Wind Offshore,2026-08-09T11:25:52Z
2026-08-09T11:15:09Z,2026-08-09T13:15:09+0200,e7e504e8-2603-4a3b-a199-89117103e6be,2026-07-20T13:15:00Z,2026-07-20T15:15:00+0200,765.571,MW,DK1,DK_1,actual_offshore_wind_generation,Wind Offshore,2026-08-09T11:25:52Z
2026-08-09T11:15:09Z,2026-08-09T13:15:09+0200,e7e504e8-2603-4a3b-a199-89117103e6be,2026-07-20T13:30:00Z,2026-07-20T15:30:00+0200,756.917,MW,DK1,DK_1,actual_offshore_wind_generation,Wind Offshore,2026-08-09T11:25:52Z
2026-08-09T11:15:09Z,2026-08-09T13:15:09+0200,e7e504e8-2603-4a3b-a199-89117103e6be,2026-07-20T13:45:00Z,2026-07-20T15:45:00+0200,773.771,MW,DK1,DK_1,actual_offshore_wind_generation,Wind Offshore,2026-08-09T11:25:52Z
2026-08-09T11:15:09Z,2026-08-09T13:15:09+0200,e7e504e8-2603-4a3b-a199-89117103e6be,2026-07-20T14:00:00Z,2026-07-20T16:00:00+0200,824.475,MW,DK1,DK_1,actual_offshore_wind_generation,Wind Offshore,2026-08-09T11:25:52Z
2026-08-09T11:15:09Z,2026-08-09T13:15:09+0200,e7e504e8-2603-4a3b-a199-89117103e6be,2026-07-20T14:15:00Z,2026-07-20T16:15:00+0200,836.716,MW,DK1,DK_1,actual_offshore_wind_generation,Wind Offshore,2026-08-09T11:25:52Z
2026-08-09T11:15:09Z,2026-08-09T13:15:09+0200,e7e504e8-2603-4a3b-a199-89117103e6be,2026-07-20T14:30:00Z,2026-07-20T16:30:00+0200,816.511,MW,DK1,DK_1,actual_offshore_wind_generation,Wind Offshore,2026-08-09T11:25:52Z
2026-08-09T11:15:09Z,2026-08-09T13:15:09+0200,e7e504e8-2603-4a3b-a199-89117103e6be,2026-07-20T14:45:00Z,2026-07-20T16:45:00+0200,851.734,MW,DK1,DK_1,actual_offshore_wind_generation,Wind Offshore,2026-08-09T11:25:52Z
2026-08-09T11:15:09Z,2026-08-09T13:15:09+0200,e7e504e8-2603-4a3b-a199-89117103e6be,2026-07-20T15:00:00Z,2026-07-20T17:00:00+0200,898.562,MW,DK1,DK_1,actual_offshore_wind_generation,Wind Offshore,2026-08-09T11:25:52Z
2026-08-09T11:15:09Z,2026-08-09T13:15:09+0200,e7e504e8-2603-4a3b-a199-89117103e6be,2026-07-20T15:15:00Z,2026-07-20T17:15:00+0200,914.615,MW,DK1,DK_1,actual_offshore_wind_generation,Wind Offshore,2026-08-09T11:25:52Z
2026-08-09T11:15:09Z,2026-08-09T13:15:09+0200,e7e504e8-2603-4a3b-a199-89117103e6be,2026-07-20T15:30:00Z,2026-07-20T17:30:00+0200,983.277,MW,DK1,DK_1,actual_offshore_wind_generation,Wind Offshore,2026-08-09T11:25:52Z
2026-08-09T11:15:09Z,2026-08-09T13:15:09+0200,e7e504e8-2603-4a3b-a199-89117103e6be,2026-07-20T15:45:00Z,2026-07-20T17:45:00+0200,1014.11,MW,DK1,DK_1,actual_offshore_wind_generation,Wind Offshore,2026-08-09T11:25:52Z
2026-08-09T11:15:09Z,2026-08-09T13:15:09+0200,e7e504e8-2603-4a3b-a199-89117103e6be,2026-07-20T16:00:00Z,2026-07-20T18:00:00+0200,1015.2,MW,DK1,DK_1,actual_offshore_wind_generation,Wind Offshore,2026-08-09T11:25:52Z
2026-08-09T11:15:09Z,2026-08-09T13:15:09+0200,e7e504e8-2603-4a3b-a199-89117103e6be,2026-07-20T16:15:00Z,2026-07-20T18:15:00+0200,1014.87,MW,DK1,DK_1,actual_offshore_wind_generation,Wind Offshore,2026-08-09T11:25:52Z
2026-08-09T11:15:09Z,2026-08-09T13:15:09+0200,e7e504e8-2603-4a3b-a199-89117103e6be,2026-07-20T16:30:00Z,2026-07-20T18:30:00+0200,974.28,MW,DK1,DK_1,actual_offshore_wind_generation,Wind Offshore,2026-08-09T11:25:52Z
2026-08-09T11:15:09Z,2026-08-09T13:15:09+0200,e7e504e8-2603-4a3b-a199-89117103e6be,2026-07-20T16:45:00Z,2026-07-20T18:45:00+0200,941.061,MW,DK1,DK_1,actual_offshore_wind_generation,Wind Offshore,2026-08-09T11:25:52Z
2026-08-09T11:15:09Z,2026-08-09T13:15:09+0200,e7e504e8-2603-4a3b-a199-89117103e6be,2026-07-20T17:00:00Z,2026-07-20T19:00:00+0200,898.582,MW,DK1,DK_1,actual_offshore_wind_generation,Wind Offshore,2026-08-09T11:25:52Z
2026-08-09T11:15:09Z,2026-08-09T13:15:09+0200,e7e504e8-2603-4a3b-a199-89117103e6be,2026-07-20T17:15:00Z,2026-07-20T19:15:00+0200,888.502,MW,DK1,DK_1,actual_offshore_wind_generation,Wind Offshore,2026-08-09T11:25:52Z
2026-08-09T11:15:09Z,2026-08-09T13:15:09+0200,e7e504e8-2603-4a3b-a199-89117103e6be,2026-07-20T17:30:00Z,2026-07-20T19:30:00+0200,903.991,MW,DK1,DK_1,actual_offshore_wind_generation,Wind Offshore,2026-08-09T11:25:52Z
2026-08-09T11:15:09Z,2026-08-09T13:15:09+0200,e7e504e8-2603-4a3b-a199-89117103e6be,2026-07-20T17:45:00Z,2026-07-20T19:45:00+0200,923.19,MW,DK1,DK_1,actual_offshore_wind_generation,Wind Offshore,2026-08-09T11:25:52Z
2026-08-09T11:15:09Z,2026-08-09T13:15:09+0200,e7e504e8-2603-4a3b-a199-89117103e6be,2026-07-20T18:00:00Z,2026-07-20T20:00:00+0200,900.552,MW,DK1,DK_1,actual_offshore_wind_generation,Wind Offshore,2026-08-09T11:25:52Z
2026-08-09T11:15:09Z,2026-08-09T13:15:09+0200,e7e504e8-2603-4a3b-a199-89117103e6be,2026-07-20T18:15:00Z,2026-07-20T20:15:00+0200,862.975,MW,DK1,DK_1,actual_offshore_wind_generation,Wind Offshore,2026-08-09T11:25:52Z
2026-08-09T11:15:09Z,2026-08-09T13:15:09+0200,e7e504e8-2603-4a3b-a199-89117103e6be,2026-07-20T18:30:00Z,2026-07-20T20:30:00+0200,823.023,MW,DK1,DK_1,actual_offshore_wind_generation,Wind Offshore,2026-08-09T11:25:52Z
2026-08-09T11:15:09Z,2026-08-09T13:15:09+0200,e7e504e8-2603-4a3b-a199-89117103e6be,2026-07-20T18:45:00Z,2026-07-20T20:45:00+0200,810.239,MW,DK1,DK_1,actual_offshore_wind_generation,Wind Offshore,2026-08-09T11:25:52Z
2026-08-09T11:15:09Z,2026-08-09T13:15:09+0200,e7e504e8-2603-4a3b-a199-89117103e6be,2026-07-20T19:00:00Z,2026-07-20T21:00:00+0200,787.175,MW,DK1,DK_1,actual_offshore_wind_generation,Wind Offshore,2026-08-09T11:25:52Z
2026-08-09T11:15:09Z,2026-08-09T13:15:09+0200,e7e504e8-2603-4a3b-a199-89117103e6be,2026-07-20T19:15:00Z,2026-07-20T21:15:00+0200,787.15,MW,DK1,DK_1,actual_offshore_wind_generation,Wind Offshore,2026-08-09T11:25:52Z
2026-08-09T11:15:09Z,2026-08-09T13:15:09+0200,e7e504e8-2603-4a3b-a199-89117103e6be,2026-07-20T19:30:00Z,2026-07-20T21:30:00+0200,777.531,MW,DK1,DK_1,actual_offshore_wind_generation,Wind Offshore,2026-08-09T11:25:52Z
2026-08-09T11:15:09Z,2026-08-09T13:15:09+0200,e7e504e8-2603-4a3b-a199-89117103e6be,2026-07-20T19:45:00Z,2026-07-20T21:45:00+0200,787.844,MW,DK1,DK_1,actual_offshore_wind_generation,Wind Offshore,2026-08-09T11:25:52Z
2026-08-09T11:15:09Z,2026-08-09T13:15:09+0200,e7e504e8-2603-4a3b-a199-89117103e6be,2026-07-20T20:00:00Z,2026-07-20T22:00:00+0200,807.42,MW,DK1,DK_1,actual_offshore_wind_generation,Wind Offshore,2026-08-09T11:25:52Z
2026-08-09T11:15:09Z,2026-08-09T13:15:09+0200,e7e504e8-2603-4a3b-a199-89117103e6be,2026-07-20T20:15:00Z,2026-07-20T22:15:00+0200,824.858,MW,DK1,DK_1,actual_offshore_wind_generation,Wind Offshore,2026-08-09T11:25:52Z
2026-08-09T11:15:09Z,2026-08-09T13:15:09+0200,e7e504e8-2603-4a3b-a199-89117103e6be,2026-07-20T20:30:00Z,2026-07-20T22:30:00+0200,844.097,MW,DK1,DK_1,actual_offshore_wind_generation,Wind Offshore,2026-08-09T11:25:52Z
2026-08-09T11:15:09Z,2026-08-09T13:15:09+0200,e7e504e8-2603-4a3b-a199-89117103e6be,2026-07-20T20:45:00Z,2026-07-20T22:45:00+0200,830.057,MW,DK1,DK_1,actual_offshore_wind_generation,Wind Offshore,2026-08-09T11:25:52Z
2026-08-09T11:15:09Z,2026-08-09T13:15:09+0200,e7e504e8-2603-4a3b-a199-89117103e6be,2026-07-20T21:00:00Z,2026-07-20T23:00:00+0200,791.333,MW,DK1,DK_1,actual_offshore_wind_generation,Wind Offshore,2026-08-09T11:25:52Z
2026-08-09T11:15:09Z,2026-08-09T13:15:09+0200,e7e504e8-2603-4a3b-a199-89117103e6be,2026-07-20T21:15:00Z,2026-07-20T23:15:00+0200,775.604,MW,DK1,DK_1,actual_offshore_wind_generation,Wind Offshore,2026-08-09T11:25:52Z
2026-08-09T11:15:09Z,2026-08-09T13:15:09+0200,e7e504e8-2603-4a3b-a199-89117103e6be,2026-07-20T21:30:00Z,2026-07-20T23:30:00+0200,737.419,MW,DK1,DK_1,actual_offshore_wind_generation,Wind Offshore,2026-08-09T11:25:52Z
2026-08-09T11:15:09Z,2026-08-09T13:15:09+0200,e7e504e8-2603-4a3b-a199-89117103e6be,2026-07-20T21:45:00Z,2026-07-20T23:45:00+0200,711.198,MW,DK1,DK_1,actual_offshore_wind_generation,Wind Offshore,2026-08-09T11:25:52Z
2026-08-09T11:15:09Z,2026-08-09T13:15:09+0200,e7e504e8-2603-4a3b-a199-89117103e6be,2026-07-20T22:00:00Z,2026-07-21T00:00:00+0200,689.704,MW,DK1,DK_1,actual_offshore_wind_generation,Wind Offshore,2026-08-09T11:25:52Z
2026-08-09T11:15:09Z,2026-08-09T13:15:09+0200,e7e504e8-2603-4a3b-a199-89117103e6be,2026-07-20T22:15:00Z,2026-07-21T00:15:00+0200,666.937,MW,DK1,DK_1,actual_offshore_wind_generation,Wind Offshore,2026-08-09T11:25:52Z
2026-08-09T11:15:09Z,2026-08-09T13:15:09+0200,e7e504e8-2603-4a3b-a199-89117103e6be,2026-07-20T22:30:00Z,2026-07-21T00:30:00+0200,653.942,MW,DK1,DK_1,actual_offshore_wind_generation,Wind Offshore,2026-08-09T11:25:52Z
2026-08-09T11:15:09Z,2026-08-09T13:15:09+0200,e7e504e8-2603-4a3b-a199-89117103e6be,2026-07-20T22:45:00Z,2026-07-21T00:45:00+0200,619.564,MW,DK1,DK_1,actual_offshore_wind_generation,Wind Offshore,2026-08-09T11:25:52Z
2026-08-09T11:15:09Z,2026-08-09T13:15:09+0200,e7e504e8-2603-4a3b-a199-89117103e6be,2026-07-20T23:00:00Z,2026-07-21T01:00:00+0200,606.722,MW,DK1,DK_1,actual_offshore_wind_generation,Wind Offshore,2026-08-09T11:25:52Z
2026-08-09T11:15:09Z,2026-08-09T13:15:09+0200,e7e504e8-2603-4a3b-a199-89117103e6be,2026-07-20T23:15:00Z,2026-07-21T01:15:00+0200,581.358,MW,DK1,DK_1,actual_offshore_wind_generation,Wind Offshore,2026-08-09T11:25:52Z
2026-08-09T11:15:09Z,2026-08-09T13:15:09+0200,e7e504e8-2603-4a3b-a199-89117103e6be,2026-07-20T23:30:00Z,2026-07-21T01:30:00+0200,560.509,MW,DK1,DK_1,actual_offshore_wind_generation,Wind Offshore,2026-08-09T11:25:52Z
2026-08-09T11:15:09Z,2026-08-09T13:15:09+0200,e7e504e8-2603-4a3b-a199-89117103e6be,2026-07-20T23:45:00Z,2026-07-21T01:45:00+0200,549.195,MW,DK1,DK_1,actual_offshore_wind_generation,Wind Offshore,2026-08-09T11:25:52Z
2026-08-09T11:15:09Z,2026-08-09T13:15:09+0200,e7e504e8-2603-4a3b-a199-89117103e6be,2026-07-21T00:00:00Z,2026-07-21T02:00:00+0200,537.869,MW,DK1,DK_1,actual_offshore_wind_generation,Wind Offshore,2026-08-09T11:25:52Z
2026-08-09T11:15:09Z,2026-08-09T13:15:09+0200,e7e504e8-2603-4a3b-a199-89117103e6be,2026-07-21T00:15:00Z,2026-07-21T02:15:00+0200,531.198,MW,DK1,DK_1,actual_offshore_wind_generation,Wind Offshore,2026-08-09T11:25:52Z
2026-08-09T11:15:09Z,2026-08-09T13:15:09+0200,e7e504e8-2603-4a3b-a199-89117103e6be,2026-07-21T00:30:00Z,2026-07-21T02:30:00+0200,522.891,MW,DK1,DK_1,actual_offshore_wind_generation,Wind Offshore,2026-08-09T11:25:52Z
2026-08-09T11:15:09Z,2026-08-09T13:15:09+0200,e7e504e8-2603-4a3b-a199-89117103e6be,2026-07-21T00:45:00Z,2026-07-21T02:45:00+0200,535.327,MW,DK1,DK_1,actual_offshore_wind_generation,Wind Offshore,2026-08-09T11:25:52Z
2026-08-09T11:15:09Z,2026-08-09T13:15:09+0200,e7e504e8-2603-4a3b-a199-89117103e6be,2026-07-21T01:00:00Z,2026-07-21T03:00:00+0200,556.405,MW,DK1,DK_1,actual_offshore_wind_generation,Wind Offshore,2026-08-09T11:25:52Z
2026-08-09T11:15:09Z,2026-08-09T13:15:09+0200,e7e504e8-2603-4a3b-a199-89117103e6be,2026-07-21T01:15:00Z,2026-07-21T03:15:00+0200,583.673,MW,DK1,DK_1,actual_offshore_wind_generation,Wind Offshore,2026-08-09T11:25:52Z
2026-08-09T11:15:09Z,2026-08-09T13:15:09+0200,e7e504e8-2603-4a3b-a199-89117103e6be,2026-07-21T01:30:00Z,2026-07-21T03:30:00+0200,558.682,MW,DK1,DK_1,actual_offshore_wind_generation,Wind Offshore,2026-08-09T11:25:52Z
2026-08-09T11:15:09Z,2026-08-09T13:15:09+0200,e7e504e8-2603-4a3b-a199-89117103e6be,2026-07-21T01:45:00Z,2026-07-21T03:45:00+0200,491.554,MW,DK1,DK_1,actual_offshore_wind_generation,Wind Offshore,2026-08-09T11:25:52Z
2026-08-09T11:15:09Z,2026-08-09T13:15:09+0200,e7e504e8-2603-4a3b-a199-89117103e6be,2026-07-21T02:00:00Z,2026-07-21T04:00:00+0200,437.342,MW,DK1,DK_1,actual_offshore_wind_generation,Wind Offshore,2026-08-09T11:25:52Z
2026-08-09T11:15:09Z,2026-08-09T13:15:09+0200,e7e504e8-2603-4a3b-a199-89117103e6be,2026-07-21T02:15:00Z,2026-07-21T04:15:00+0200,419.902,MW,DK1,DK_1,actual_offshore_wind_generation,Wind Offshore,2026-08-09T11:25:52Z
2026-08-09T11:15:09Z,2026-08-09T13:15:09+0200,e7e504e8-2603-4a3b-a199-89117103e6be,2026-07-21T02:30:00Z,2026-07-21T04:30:00+0200,398.222,MW,DK1,DK_1,actual_offshore_wind_generation,Wind Offshore,2026-08-09T11:25:52Z
2026-08-09T11:15:09Z,2026-08-09T13:15:09+0200,e7e504e8-2603-4a3b-a199-89117103e6be,2026-07-21T02:45:00Z,2026-07-21T04:45:00+0200,377.452,MW,DK1,DK_1,actual_offshore_wind_generation,Wind Offshore,2026-08-09T11:25:52Z
2026-08-09T11:15:09Z,2026-08-09T13:15:09+0200,e7e504e8-2603-4a3b-a199-89117103e6be,2026-07-21T03:00:00Z,2026-07-21T05:00:00+0200,371.146,MW,DK1,DK_1,actual_offshore_wind_generation,Wind Offshore,2026-08-09T11:25:52Z
2026-08-09T11:15:09Z,2026-08-09T13:15:09+0200,e7e504e8-2603-4a3b-a199-89117103e6be,2026-07-21T03:15:00Z,2026-07-21T05:15:00+0200,377.789,MW,DK1,DK_1,actual_offshore_wind_generation,Wind Offshore,2026-08-09T11:25:52Z
2026-08-09T11:15:09Z,2026-08-09T13:15:09+0200,e7e504e8-2603-4a3b-a199-89117103e6be,2026-07-21T03:30:00Z,2026-07-21T05:30:00+0200,384.545,MW,DK1,DK_1,actual_offshore_wind_generation,Wind Offshore,2026-08-09T11:25:52Z
2026-08-09T11:15:09Z,2026-08-09T13:15:09+0200,e7e504e8-2603-4a3b-a199-89117103e6be,2026-07-21T03:45:00Z,2026-07-21T05:45:00+0200,381.173,MW,DK1,DK_1,actual_offshore_wind_generation,Wind Offshore,2026-08-09T11:25:52Z
2026-08-09T11:15:09Z,2026-08-09T13:15:09+0200,e7e504e8-2603-4a3b-a199-89117103e6be,2026-07-21T04:00:00Z,2026-07-21T06:00:00+0200,399.291,MW,DK1,DK_1,actual_offshore_wind_generation,Wind Offshore,2026-08-09T11:25:52Z
2026-08-09T11:15:09Z,2026-08-09T13:15:09+0200,e7e504e8-2603-4a3b-a199-89117103e6be,2026-07-21T04:15:00Z,2026-07-21T06:15:00+0200,367.143,MW,DK1,DK_1,actual_offshore_wind_generation,Wind Offshore,2026-08-09T11:25:52Z
2026-08-09T11:15:09Z,2026-08-09T13:15:09+0200,e7e504e8-2603-4a3b-a199-89117103e6be,2026-07-21T04:30:00Z,2026-07-21T06:30:00+0200,377.466,MW,DK1,DK_1,actual_offshore_wind_generation,Wind Offshore,2026-08-09T11:25:52Z
2026-08-09T11:15:09Z,2026-08-09T13:15:09+0200,e7e504e8-2603-4a3b-a199-89117103e6be,2026-07-21T04:45:00Z,2026-07-21T06:45:00+0200,353.247,MW,DK1,DK_1,actual_offshore_wind_generation,Wind Offshore,2026-08-09T11:25:52Z
2026-08-09T11:15:09Z,2026-08-09T13:15:09+0200,e7e504e8-2603-4a3b-a199-89117103e6be,2026-07-21T05:00:00Z,2026-07-21T07:00:00+0200,342.594,MW,DK1,DK_1,actual_offshore_wind_generation,Wind Offshore,2026-08-09T11:25:52Z
2026-08-09T11:15:09Z,2026-08-09T13:15:09+0200,e7e504e8-2603-4a3b-a199-89117103e6be,2026-07-21T05:15:00Z,2026-07-21T07:15:00+0200,342.698,MW,DK1,DK_1,actual_offshore_wind_generation,Wind Offshore,2026-08-09T11:25:52Z
2026-08-09T11:15:09Z,2026-08-09T13:15:09+0200,e7e504e8-2603-4a3b-a199-89117103e6be,2026-07-21T05:30:00Z,2026-07-21T07:30:00+0200,350.25,MW,DK1,DK_1,actual_offshore_wind_generation,Wind Offshore,2026-08-09T11:25:52Z
2026-08-09T11:15:09Z,2026-08-09T13:15:09+0200,e7e504e8-2603-4a3b-a199-89117103e6be,2026-07-21T05:45:00Z,2026-07-21T07:45:00+0200,335.752,MW,DK1,DK_1,actual_offshore_wind_generation,Wind Offshore,2026-08-09T11:25:52Z
2026-08-09T11:15:09Z,2026-08-09T13:15:09+0200,e7e504e8-2603-4a3b-a199-89117103e6be,2026-07-21T06:00:00Z,2026-07-21T08:00:00+0200,311.747,MW,DK1,DK_1,actual_offshore_wind_generation,Wind Offshore,2026-08-09T11:25:52Z
2026-08-09T11:15:09Z,2026-08-09T13:15:09+0200,e7e504e8-2603-4a3b-a199-89117103e6be,2026-07-21T06:15:00Z,2026-07-21T08:15:00+0200,300.119,MW,DK1,DK_1,actual_offshore_wind_generation,Wind Offshore,2026-08-09T11:25:52Z
2026-08-09T11:15:09Z,2026-08-09T13:15:09+0200,e7e504e8-2603-4a3b-a199-89117103e6be,2026-07-21T06:30:00Z,2026-07-21T08:30:00+0200,304.043,MW,DK1,DK_1,actual_offshore_wind_generation,Wind Offshore,2026-08-09T11:25:52Z
2026-08-09T11:15:09Z,2026-08-09T13:15:09+0200,e7e504e8-2603-4a3b-a199-89117103e6be,2026-07-21T06:45:00Z,2026-07-21T08:45:00+0200,316.41,MW,DK1,DK_1,actual_offshore_wind_generation,Wind Offshore,2026-08-09T11:25:52Z
2026-08-09T11:15:09Z,2026-08-09T13:15:09+0200,e7e504e8-2603-4a3b-a199-89117103e6be,2026-07-21T07:00:00Z,2026-07-21T09:00:00+0200,329.283,MW,DK1,DK_1,actual_offshore_wind_generation,Wind Offshore,2026-08-09T11:25:52Z
2026-08-09T11:15:09Z,2026-08-09T13:15:09+0200,e7e504e8-2603-4a3b-a199-89117103e6be,2026-07-21T07:15:00Z,2026-07-21T09:15:00+0200,322.385,MW,DK1,DK_1,actual_offshore_wind_generation,Wind Offshore,2026-08-09T11:25:52Z
2026-08-09T11:15:09Z,2026-08-09T13:15:09+0200,e7e504e8-2603-4a3b-a199-89117103e6be,2026-07-21T07:30:00Z,2026-07-21T09:30:00+0200,329.596,MW,DK1,DK_1,actual_offshore_wind_generation,Wind Offshore,2026-08-09T11:25:52Z
2026-08-09T11:15:09Z,2026-08-09T13:15:09+0200,e7e504e8-2603-4a3b-a199-89117103e6be,2026-07-21T07:45:00Z,2026-07-21T09:45:00+0200,322.662,MW,DK1,DK_1,actual_offshore_wind_generation,Wind Offshore,2026-08-09T11:25:52Z
2026-08-09T11:15:09Z,2026-08-09T13:15:09+0200,e7e504e8-2603-4a3b-a199-89117103e6be,2026-07-21T08:00:00Z,2026-07-21T10:00:00+0200,302.782,MW,DK1,DK_1,actual_offshore_wind_generation,Wind Offshore,2026-08-09T11:25:52Z
2026-08-09T11:15:09Z,2026-08-09T13:15:09+0200,e7e504e8-2603-4a3b-a199-89117103e6be,2026-07-21T08:15:00Z,2026-07-21T10:15:00+0200,286.675,MW,DK1,DK_1,actual_offshore_wind_generation,Wind Offshore,2026-08-09T11:25:52Z
2026-08-09T11:15:09Z,2026-08-09T13:15:09+0200,e7e504e8-2603-4a3b-a199-89117103e6be,2026-07-21T08:30:00Z,2026-07-21T10:30:00+0200,260.651,MW,DK1,DK_1,actual_offshore_wind_generation,Wind Offshore,2026-08-09T11:25:52Z
2026-08-09T11:15:09Z,2026-08-09T13:15:09+0200,e7e504e8-2603-4a3b-a199-89117103e6be,2026-07-21T08:45:00Z,2026-07-21T10:45:00+0200,247.013,MW,DK1,DK_1,actual_offshore_wind_generation,Wind Offshore,2026-08-09T11:25:52Z
2026-08-09T11:15:09Z,2026-08-09T13:15:09+0200,e7e504e8-2603-4a3b-a199-89117103e6be,2026-07-21T09:00:00Z,2026-07-21T11:00:00+0200,233.979,MW,DK1,DK_1,actual_offshore_wind_generation,Wind Offshore,2026-08-09T11:25:52Z
2026-08-09T11:15:09Z,2026-08-09T13:15:09+0200,e7e504e8-2603-4a3b-a199-89117103e6be,2026-07-21T09:15:00Z,2026-07-21T11:15:00+0200,228.272,MW,DK1,DK_1,actual_offshore_wind_generation,Wind Offshore,2026-08-09T11:25:52Z
2026-08-09T11:15:09Z,2026-08-09T13:15:09+0200,e7e504e8-2603-4a3b-a199-89117103e6be,2026-07-21T09:30:00Z,2026-07-21T11:30:00+0200,234.927,MW,DK1,DK_1,actual_offshore_wind_generation,Wind Offshore,2026-08-09T11:25:52Z
2026-08-09T11:15:09Z,2026-08-09T13:15:09+0200,e7e504e8-2603-4a3b-a199-89117103e6be,2026-07-21T09:45:00Z,2026-07-21T11:45:00+0200,223.961,MW,DK1,DK_1,actual_offshore_wind_generation,Wind Offshore,2026-08-09T11:25:52Z
2026-08-09T11:15:09Z,2026-08-09T13:15:09+0200,e7e504e8-2603-4a3b-a199-89117103e6be,2026-07-21T10:00:00Z,2026-07-21T12:00:00+0200,211.284,MW,DK1,DK_1,actual_offshore_wind_generation,Wind Offshore,2026-08-09T11:25:52Z
2026-08-09T11:15:09Z,2026-08-09T13:15:09+0200,e7e504e8-2603-4a3b-a199-89117103e6be,2026-07-21T10:15:00Z,2026-07-21T12:15:00+0200,211.798,MW,DK1,DK_1,actual_offshore_wind_generation,Wind Offshore,2026-08-09T11:25:52Z
2026-08-09T11:15:09Z,2026-08-09T13:15:09+0200,e7e504e8-2603-4a3b-a199-89117103e6be,2026-07-21T10:30:00Z,2026-07-21T12:30:00+0200,221.172,MW,DK1,DK_1,actual_offshore_wind_generation,Wind Offshore,2026-08-09T11:25:52Z
2026-08-09T11:15:09Z,2026-08-09T13:15:09+0200,e7e504e8-2603-4a3b-a199-89117103e6be,2026-07-21T10:45:00Z,2026-07-21T12:45:00+0200,196.862,MW,DK1,DK_1,actual_offshore_wind_generation,Wind Offshore,2026-08-09T11:25:52Z
2026-08-09T11:15:09Z,2026-08-09T13:15:09+0200,e7e504e8-2603-4a3b-a199-89117103e6be,2026-07-21T11:00:00Z,2026-07-21T13:00:00+0200,200.025,MW,DK1,DK_1,actual_offshore_wind_generation,Wind Offshore,2026-08-09T11:25:52Z
2026-08-09T11:15:09Z,2026-08-09T13:15:09+0200,e7e504e8-2603-4a3b-a199-89117103e6be,2026-07-21T11:15:00Z,2026-07-21T13:15:00+0200,217.841,MW,DK1,DK_1,actual_offshore_wind_generation,Wind Offshore,2026-08-09T11:25:52Z
2026-08-09T11:15:09Z,2026-08-09T13:15:09+0200,e7e504e8-2603-4a3b-a199-89117103e6be,2026-07-21T11:30:00Z,2026-07-21T13:30:00+0200,208.661,MW,DK1,DK_1,actual_offshore_wind_generation,Wind Offshore,2026-08-09T11:25:52Z
2026-08-09T11:15:09Z,2026-08-09T13:15:09+0200,e7e504e8-2603-4a3b-a199-89117103e6be,2026-07-21T11:45:00Z,2026-07-21T13:45:00+0200,239.892,MW,DK1,DK_1,actual_offshore_wind_generation,Wind Offshore,2026-08-09T11:25:52Z
2026-08-09T11:15:09Z,2026-08-09T13:15:09+0200,e7e504e8-2603-4a3b-a199-89117103e6be,2026-07-21T12:00:00Z,2026-07-21T14:00:00+0200,269.902,MW,DK1,DK_1,actual_offshore_wind_generation,Wind Offshore,2026-08-09T11:25:52Z
2026-08-09T11:15:09Z,2026-08-09T13:15:09+0200,e7e504e8-2603-4a3b-a199-89117103e6be,2026-07-21T12:15:00Z,2026-07-21T14:15:00+0200,276.301,MW,DK1,DK_1,actual_offshore_wind_generation,Wind Offshore,2026-08-09T11:25:52Z
2026-08-09T11:15:09Z,2026-08-09T13:15:09+0200,e7e504e8-2603-4a3b-a199-89117103e6be,2026-07-21T12:30:00Z,2026-07-21T14:30:00+0200,272.275,MW,DK1,DK_1,actual_offshore_wind_generation,Wind Offshore,2026-08-09T11:25:52Z
2026-08-09T11:15:09Z,2026-08-09T13:15:09+0200,e7e504e8-2603-4a3b-a199-89117103e6be,2026-07-21T12:45:00Z,2026-07-21T14:45:00+0200,287.385,MW,DK1,DK_1,actual_offshore_wind_generation,Wind Offshore,2026-08-09T11:25:52Z
2026-08-09T11:15:09Z,2026-08-09T13:15:09+0200,e7e504e8-2603-4a3b-a199-89117103e6be,2026-07-21T13:00:00Z,2026-07-21T15:00:00+0200,334.74,MW,DK1,DK_1,actual_offshore_wind_generation,Wind Offshore,2026-08-09T11:25:52Z
2026-08-09T11:15:09Z,2026-08-09T13:15:09+0200,e7e504e8-2603-4a3b-a199-89117103e6be,2026-07-21T13:15:00Z,2026-07-21T15:15:00+0200,358.806,MW,DK1,DK_1,actual_offshore_wind_generation,Wind Offshore,2026-08-09T11:25:52Z
2026-08-09T11:15:09Z,2026-08-09T13:15:09+0200,e7e504e8-2603-4a3b-a199-89117103e6be,2026-07-21T13:30:00Z,2026-07-21T15:30:00+0200,364.878,MW,DK1,DK_1,actual_offshore_wind_generation,Wind Offshore,2026-08-09T11:25:52Z
2026-08-09T11:15:09Z,2026-08-09T13:15:09+0200,e7e504e8-2603-4a3b-a199-89117103e6be,2026-07-21T13:45:00Z,2026-07-21T15:45:00+0200,383.676,MW,DK1,DK_1,actual_offshore_wind_generation,Wind Offshore,2026-08-09T11:25:52Z
2026-08-09T11:15:09Z,2026-08-09T13:15:09+0200,e7e504e8-2603-4a3b-a199-89117103e6be,2026-07-21T14:00:00Z,2026-07-21T16:00:00+0200,372.245,MW,DK1,DK_1,actual_offshore_wind_generation,Wind Offshore,2026-08-09T11:25:52Z
2026-08-09T11:15:09Z,2026-08-09T13:15:09+0200,e7e504e8-2603-4a3b-a199-89117103e6be,2026-07-21T14:15:00Z,2026-07-21T16:15:00+0200,375.32,MW,DK1,DK_1,actual_offshore_wind_generation,Wind Offshore,2026-08-09T11:25:52Z
2026-08-09T11:15:09Z,2026-08-09T13:15:09+0200,e7e504e8-2603-4a3b-a199-89117103e6be,2026-07-21T14:30:00Z,2026-07-21T16:30:00+0200,410.669,MW,DK1,DK_1,actual_offshore_wind_generation,Wind Offshore,2026-08-09T11:25:52Z
2026-08-09T11:15:09Z,2026-08-09T13:15:09+0200,e7e504e8-2603-4a3b-a199-89117103e6be,2026-07-21T14:45:00Z,2026-07-21T16:45:00+0200,509.595,MW,DK1,DK_1,actual_offshore_wind_generation,Wind Offshore,2026-08-09T11:25:52Z
2026-08-09T11:15:09Z,2026-08-09T13:15:09+0200,e7e504e8-2603-4a3b-a199-89117103e6be,2026-07-21T15:00:00Z,2026-07-21T17:00:00+0200,557.103,MW,DK1,DK_1,actual_offshore_wind_generation,Wind Offshore,2026-08-09T11:25:52Z
2026-08-09T11:15:09Z,2026-08-09T13:15:09+0200,e7e504e8-2603-4a3b-a199-89117103e6be,2026-07-21T15:15:00Z,2026-07-21T17:15:00+0200,583.689,MW,DK1,DK_1,actual_offshore_wind_generation,Wind Offshore,2026-08-09T11:25:52Z
2026-08-09T11:15:09Z,2026-08-09T13:15:09+0200,e7e504e8-2603-4a3b-a199-89117103e6be,2026-07-21T15:30:00Z,2026-07-21T17:30:00+0200,588.853,MW,DK1,DK_1,actual_offshore_wind_generation,Wind Offshore,2026-08-09T11:25:52Z
2026-08-09T11:15:09Z,2026-08-09T13:15:09+0200,e7e504e8-2603-4a3b-a199-89117103e6be,2026-07-21T15:45:00Z,2026-07-21T17:45:00+0200,613.898,MW,DK1,DK_1,actual_offshore_wind_generation,Wind Offshore,2026-08-09T11:25:52Z
2026-08-09T11:15:09Z,2026-08-09T13:15:09+0200,e7e504e8-2603-4a3b-a199-89117103e6be,2026-07-21T16:00:00Z,2026-07-21T18:00:00+0200,609.131,MW,DK1,DK_1,actual_offshore_wind_generation,Wind Offshore,2026-08-09T11:25:52Z
2026-08-09T11:15:09Z,2026-08-09T13:15:09+0200,e7e504e8-2603-4a3b-a199-89117103e6be,2026-07-21T16:15:00Z,2026-07-21T18:15:00+0200,583.387,MW,DK1,DK_1,actual_offshore_wind_generation,Wind Offshore,2026-08-09T11:25:52Z
2026-08-09T11:15:09Z,2026-08-09T13:15:09+0200,e7e504e8-2603-4a3b-a199-89117103e6be,2026-07-21T16:30:00Z,2026-07-21T18:30:00+0200,618.812,MW,DK1,DK_1,actual_offshore_wind_generation,Wind Offshore,2026-08-09T11:25:52Z
2026-08-09T11:15:09Z,2026-08-09T13:15:09+0200,e7e504e8-2603-4a3b-a199-89117103e6be,2026-07-21T16:45:00Z,2026-07-21T18:45:00+0200,637.852,MW,DK1,DK_1,actual_offshore_wind_generation,Wind Offshore,2026-08-09T11:25:52Z
2026-08-09T11:15:09Z,2026-08-09T13:15:09+0200,e7e504e8-2603-4a3b-a199-89117103e6be,2026-07-21T17:00:00Z,2026-07-21T19:00:00+0200,768.181,MW,DK1,DK_1,actual_offshore_wind_generation,Wind Offshore,2026-08-09T11:25:52Z
2026-08-09T11:15:09Z,2026-08-09T13:15:09+0200,e7e504e8-2603-4a3b-a199-89117103e6be,2026-07-21T17:15:00Z,2026-07-21T19:15:00+0200,836.924,MW,DK1,DK_1,actual_offshore_wind_generation,Wind Offshore,2026-08-09T11:25:52Z
2026-08-09T11:15:09Z,2026-08-09T13:15:09+0200,e7e504e8-2603-4a3b-a199-89117103e6be,2026-07-21T17:30:00Z,2026-07-21T19:30:00+0200,986.099,MW,DK1,DK_1,actual_offshore_wind_generation,Wind Offshore,2026-08-09T11:25:52Z
2026-08-09T11:15:09Z,2026-08-09T13:15:09+0200,e7e504e8-2603-4a3b-a199-89117103e6be,2026-07-21T17:45:00Z,2026-07-21T19:45:00+0200,1055.49,MW,DK1,DK_1,actual_offshore_wind_generation,Wind Offshore,2026-08-09T11:25:52Z
2026-08-09T11:15:09Z,2026-08-09T13:15:09+0200,e7e504e8-2603-4a3b-a199-89117103e6be,2026-07-21T18:00:00Z,2026-07-21T20:00:00+0200,1088.21,MW,DK1,DK_1,actual_offshore_wind_generation,Wind Offshore,2026-08-09T11:25:52Z
2026-08-09T11:15:09Z,2026-08-09T13:15:09+0200,e7e504e8-2603-4a3b-a199-89117103e6be,2026-07-21T18:15:00Z,2026-07-21T20:15:00+0200,1046.91,MW,DK1,DK_1,actual_offshore_wind_generation,Wind Offshore,2026-08-09T11:25:52Z
2026-08-09T11:15:09Z,2026-08-09T13:15:09+0200,e7e504e8-2603-4a3b-a199-89117103e6be,2026-07-21T18:30:00Z,2026-07-21T20:30:00+0200,1075.07,MW,DK1,DK_1,actual_offshore_wind_generation,Wind Offshore,2026-08-09T11:25:52Z
2026-08-09T11:15:09Z,2026-08-09T13:15:09+0200,e7e504e8-2603-4a3b-a199-89117103e6be,2026-07-21T18:45:00Z,2026-07-21T20:45:00+0200,1184.3,MW,DK1,DK_1,actual_offshore_wind_generation,Wind Offshore,2026-08-09T11:25:52Z
2026-08-09T11:15:09Z,2026-08-09T13:15:09+0200,e7e504e8-2603-4a3b-a199-89117103e6be,2026-07-21T19:00:00Z,2026-07-21T21:00:00+0200,1216.19,MW,DK1,DK_1,actual_offshore_wind_generation,Wind Offshore,2026-08-09T11:25:52Z
2026-08-09T11:15:09Z,2026-08-09T13:15:09+0200,e7e504e8-2603-4a3b-a199-89117103e6be,2026-07-21T19:15:00Z,2026-07-21T21:15:00+0200,1242.87,MW,DK1,DK_1,actual_offshore_wind_generation,Wind Offshore,2026-08-09T11:25:52Z
2026-08-09T11:15:09Z,2026-08-09T13:15:09+0200,e7e504e8-2603-4a3b-a199-89117103e6be,2026-07-21T19:30:00Z,2026-07-21T21:30:00+0200,1203.49,MW,DK1,DK_1,actual_offshore_wind_generation,Wind Offshore,2026-08-09T11:25:52Z
2026-08-09T11:15:09Z,2026-08-09T13:15:09+0200,e7e504e8-2603-4a3b-a199-89117103e6be,2026-07-21T19:45:00Z,2026-07-21T21:45:00+0200,1177.15,MW,DK1,DK_1,actual_offshore_wind_generation,Wind Offshore,2026-08-09T11:25:52Z
2026-08-09T11:15:09Z,2026-08-09T13:15:09+0200,e7e504e8-2603-4a3b-a199-89117103e6be,2026-07-21T20:00:00Z,2026-07-21T22:00:00+0200,1218.72,MW,DK1,DK_1,actual_offshore_wind_generation,Wind Offshore,2026-08-09T11:25:52Z
2026-08-09T11:15:09Z,2026-08-09T13:15:09+0200,e7e504e8-2603-4a3b-a199-89117103e6be,2026-07-21T20:15:00Z,2026-07-21T22:15:00+0200,1178.04,MW,DK1,DK_1,actual_offshore_wind_generation,Wind Offshore,2026-08-09T11:25:52Z
2026-08-09T11:15:09Z,2026-08-09T13:15:09+0200,e7e504e8-2603-4a3b-a199-89117103e6be,2026-07-21T20:30:00Z,2026-07-21T22:30:00+0200,1257.44,MW,DK1,DK_1,actual_offshore_wind_generation,Wind Offshore,2026-08-09T11:25:52Z
2026-08-09T11:15:09Z,2026-08-09T13:15:09+0200,e7e504e8-2603-4a3b-a199-89117103e6be,2026-07-21T20:45:00Z,2026-07-21T22:45:00+0200,1294.27,MW,DK1,DK_1,actual_offshore_wind_generation,Wind Offshore,2026-08-09T11:25:52Z
2026-08-09T11:15:09Z,2026-08-09T13:15:09+0200,e7e504e8-2603-4a3b-a199-89117103e6be,2026-07-21T21:00:00Z,2026-07-21T23:00:00+0200,1285.0,MW,DK1,DK_1,actual_offshore_wind_generation,Wind Offshore,2026-08-09T11:25:52Z
2026-08-09T11:15:09Z,2026-08-09T13:15:09+0200,e7e504e8-2603-4a3b-a199-89117103e6be,2026-07-21T21:15:00Z,2026-07-21T23:15:00+0200,1286.52,MW,DK1,DK_1,actual_offshore_wind_generation,Wind Offshore,2026-08-09T11:25:52Z
2026-08-09T11:15:09Z,2026-08-09T13:15:09+0200,e7e504e8-2603-4a3b-a199-89117103e6be,2026-07-21T21:30:00Z,2026-07-21T23:30:00+0200,1272.42,MW,DK1,DK_1,actual_offshore_wind_generation,Wind Offshore,2026-08-09T11:25:52Z
2026-08-09T11:15:09Z,2026-08-09T13:15:09+0200,e7e504e8-2603-4a3b-a199-89117103e6be,2026-07-21T21:45:00Z,2026-07-21T23:45:00+0200,1333.73,MW,DK1,DK_1,actual_offshore_wind_generation,Wind Offshore,2026-08-09T11:25:52Z
2026-08-09T11:15:09Z,2026-08-09T13:15:09+0200,e7e504e8-2603-4a3b-a199-89117103e6be,2026-07-21T22:00:00Z,2026-07-22T00:00:00+0200,1312.33,MW,DK1,DK_1,actual_offshore_wind_generation,Wind Offshore,2026-08-09T11:25:52Z
2026-08-09T11:15:09Z,2026-08-09T13:15:09+0200,e7e504e8-2603-4a3b-a199-89117103e6be,2026-07-21T22:15:00Z,2026-07-22T00:15:00+0200,1348.37,MW,DK1,DK_1,actual_offshore_wind_generation,Wind Offshore,2026-08-09T11:25:52Z
2026-08-09T11:15:09Z,2026-08-09T13:15:09+0200,e7e504e8-2603-4a3b-a199-89117103e6be,2026-07-21T22:30:00Z,2026-07-22T00:30:00+0200,1320.19,MW,DK1,DK_1,actual_offshore_wind_generation,Wind Offshore,2026-08-09T11:25:52Z
2026-08-09T11:15:09Z,2026-08-09T13:15:09+0200,e7e504e8-2603-4a3b-a199-89117103e6be,2026-07-21T22:45:00Z,2026-07-22T00:45:00+0200,1316.91,MW,DK1,DK_1,actual_offshore_wind_generation,Wind Offshore,2026-08-09T11:25:52Z
2026-08-09T11:15:09Z,2026-08-09T13:15:09+0200,e7e504e8-2603-4a3b-a199-89117103e6be,2026-07-21T23:00:00Z,2026-07-22T01:00:00+0200,1352.97,MW,DK1,DK_1,actual_offshore_wind_generation,Wind Offshore,2026-08-09T11:25:52Z
2026-08-09T11:15:09Z,2026-08-09T13:15:09+0200,e7e504e8-2603-4a3b-a199-89117103e6be,2026-07-21T23:15:00Z,2026-07-22T01:15:00+0200,1451.11,MW,DK1,DK_1,actual_offshore_wind_generation,Wind Offshore,2026-08-09T11:25:52Z
2026-08-09T11:15:09Z,2026-08-09T13:15:09+0200,e7e504e8-2603-4a3b-a199-89117103e6be,2026-07-21T23:30:00Z,2026-07-22T01:30:00+0200,1440.01,MW,DK1,DK_1,actual_offshore_wind_generation,Wind Offshore,2026-08-09T11:25:52Z
2026-08-09T11:15:09Z,2026-08-09T13:15:09+0200,e7e504e8-2603-4a3b-a199-89117103e6be,2026-07-21T23:45:00Z,2026-07-22T01:45:00+0200,1423.54,MW,DK1,DK_1,actual_offshore_wind_generation,Wind Offshore,2026-08-09T11:25:52Z
2026-08-09T11:15:09Z,2026-08-09T13:15:09+0200,e7e504e8-2603-4a3b-a199-89117103e6be,2026-07-22T00:00:00Z,2026-07-22T02:00:00+0200,1414.1,MW,DK1,DK_1,actual_offshore_wind_generation,Wind Offshore,2026-08-09T11:25:52Z
2026-08-09T11:15:09Z,2026-08-09T13:15:09+0200,e7e504e8-2603-4a3b-a199-89117103e6be,2026-07-22T00:15:00Z,2026-07-22T02:15:00+0200,1405.25,MW,DK1,DK_1,actual_offshore_wind_generation,Wind Offshore,2026-08-09T11:25:52Z
2026-08-09T11:15:09Z,2026-08-09T13:15:09+0200,e7e504e8-2603-4a3b-a199-89117103e6be,2026-07-22T00:30:00Z,2026-07-22T02:30:00+0200,1421.8,MW,DK1,DK_1,actual_offshore_wind_generation,Wind Offshore,2026-08-09T11:25:52Z
2026-08-09T11:15:09Z,2026-08-09T13:15:09+0200,e7e504e8-2603-4a3b-a199-89117103e6be,2026-07-22T00:45:00Z,2026-07-22T02:45:00+0200,1419.41,MW,DK1,DK_1,actual_offshore_wind_generation,Wind Offshore,2026-08-09T11:25:52Z
2026-08-09T11:15:09Z,2026-08-09T13:15:09+0200,e7e504e8-2603-4a3b-a199-89117103e6be,2026-07-22T01:00:00Z,2026-07-22T03:00:00+0200,1448.9,MW,DK1,DK_1,actual_offshore_wind_generation,Wind Offshore,2026-08-09T11:25:52Z
2026-08-09T11:15:09Z,2026-08-09T13:15:09+0200,e7e504e8-2603-4a3b-a199-89117103e6be,2026-07-22T01:15:00Z,2026-07-22T03:15:00+0200,1430.32,MW,DK1,DK_1,actual_offshore_wind_generation,Wind Offshore,2026-08-09T11:25:52Z
2026-08-09T11:15:09Z,2026-08-09T13:15:09+0200,e7e504e8-2603-4a3b-a199-89117103e6be,2026-07-22T01:30:00Z,2026-07-22T03:30:00+0200,1414.99,MW,DK1,DK_1,actual_offshore_wind_generation,Wind Offshore,2026-08-09T11:25:52Z
2026-08-09T11:15:09Z,2026-08-09T13:15:09+0200,e7e504e8-2603-4a3b-a199-89117103e6be,2026-07-22T01:45:00Z,2026-07-22T03:45:00+0200,1428.29,MW,DK1,DK_1,actual_offshore_wind_generation,Wind Offshore,2026-08-09T11:25:52Z
2026-08-09T11:15:09Z,2026-08-09T13:15:09+0200,e7e504e8-2603-4a3b-a199-89117103e6be,2026-07-22T02:00:00Z,2026-07-22T04:00:00+0200,1453.06,MW,DK1,DK_1,actual_offshore_wind_generation,Wind Offshore,2026-08-09T11:25:52Z
2026-08-09T11:15:09Z,2026-08-09T13:15:09+0200,e7e504e8-2603-4a3b-a199-89117103e6be,2026-07-22T02:15:00Z,2026-07-22T04:15:00+0200,1444.54,MW,DK1,DK_1,actual_offshore_wind_generation,Wind Offshore,2026-08-09T11:25:52Z
2026-08-09T11:15:09Z,2026-08-09T13:15:09+0200,e7e504e8-2603-4a3b-a199-89117103e6be,2026-07-22T02:30:00Z,2026-07-22T04:30:00+0200,1439.96,MW,DK1,DK_1,actual_offshore_wind_generation,Wind Offshore,2026-08-09T11:25:52Z
2026-08-09T11:15:09Z,2026-08-09T13:15:09+0200,e7e504e8-2603-4a3b-a199-89117103e6be,2026-07-22T02:45:00Z,2026-07-22T04:45:00+0200,1456.23,MW,DK1,DK_1,actual_offshore_wind_generation,Wind Offshore,2026-08-09T11:25:52Z
2026-08-09T11:15:09Z,2026-08-09T13:15:09+0200,e7e504e8-2603-4a3b-a199-89117103e6be,2026-07-22T03:00:00Z,2026-07-22T05:00:00+0200,1461.6,MW,DK1,DK_1,actual_offshore_wind_generation,Wind Offshore,2026-08-09T11:25:52Z
2026-08-09T11:15:09Z,2026-08-09T13:15:09+0200,e7e504e8-2603-4a3b-a199-89117103e6be,2026-07-22T03:15:00Z,2026-07-22T05:15:00+0200,1458.12,MW,DK1,DK_1,actual_offshore_wind_generation,Wind Offshore,2026-08-09T11:25:52Z
2026-08-09T11:15:09Z,2026-08-09T13:15:09+0200,e7e504e8-2603-4a3b-a199-89117103e6be,2026-07-22T03:30:00Z,2026-07-22T05:30:00+0200,1477.35,MW,DK1,DK_1,actual_offshore_wind_generation,Wind Offshore,2026-08-09T11:25:52Z
2026-08-09T11:15:09Z,2026-08-09T13:15:09+0200,e7e504e8-2603-4a3b-a199-89117103e6be,2026-07-22T03:45:00Z,2026-07-22T05:45:00+0200,1470.32,MW,DK1,DK_1,actual_offshore_wind_generation,Wind Offshore,2026-08-09T11:25:52Z
2026-08-09T11:15:09Z,2026-08-09T13:15:09+0200,e7e504e8-2603-4a3b-a199-89117103e6be,2026-07-22T04:00:00Z,2026-07-22T06:00:00+0200,1459.44,MW,DK1,DK_1,actual_offshore_wind_generation,Wind Offshore,2026-08-09T11:25:52Z
2026-08-09T11:15:09Z,2026-08-09T13:15:09+0200,e7e504e8-2603-4a3b-a199-89117103e6be,2026-07-22T04:15:00Z,2026-07-22T06:15:00+0200,1418.87,MW,DK1,DK_1,actual_offshore_wind_generation,Wind Offshore,2026-08-09T11:25:52Z
2026-08-09T11:15:09Z,2026-08-09T13:15:09+0200,e7e504e8-2603-4a3b-a199-89117103e6be,2026-07-22T04:30:00Z,2026-07-22T06:30:00+0200,1414.31,MW,DK1,DK_1,actual_offshore_wind_generation,Wind Offshore,2026-08-09T11:25:52Z
2026-08-09T11:15:09Z,2026-08-09T13:15:09+0200,e7e504e8-2603-4a3b-a199-89117103e6be,2026-07-22T04:45:00Z,2026-07-22T06:45:00+0200,1444.38,MW,DK1,DK_1,actual_offshore_wind_generation,Wind Offshore,2026-08-09T11:25:52Z
2026-08-09T11:15:09Z,2026-08-09T13:15:09+0200,e7e504e8-2603-4a3b-a199-89117103e6be,2026-07-22T05:00:00Z,2026-07-22T07:00:00+0200,1456.06,MW,DK1,DK_1,actual_offshore_wind_generation,Wind Offshore,2026-08-09T11:25:52Z
2026-08-09T11:15:09Z,2026-08-09T13:15:09+0200,e7e504e8-2603-4a3b-a199-89117103e6be,2026-07-22T05:15:00Z,2026-07-22T07:15:00+0200,1448.97,MW,DK1,DK_1,actual_offshore_wind_generation,Wind Offshore,2026-08-09T11:25:52Z
2026-08-09T11:15:09Z,2026-08-09T13:15:09+0200,e7e504e8-2603-4a3b-a199-89117103e6be,2026-07-22T05:30:00Z,2026-07-22T07:30:00+0200,1436.53,MW,DK1,DK_1,actual_offshore_wind_generation,Wind Offshore,2026-08-09T11:25:52Z
2026-08-09T11:15:09Z,2026-08-09T13:15:09+0200,e7e504e8-2603-4a3b-a199-89117103e6be,2026-07-22T05:45:00Z,2026-07-22T07:45:00+0200,1434.71,MW,DK1,DK_1,actual_offshore_wind_generation,Wind Offshore,2026-08-09T11:25:52Z
2026-08-09T11:15:09Z,2026-08-09T13:15:09+0200,e7e504e8-2603-4a3b-a199-89117103e6be,2026-07-22T06:00:00Z,2026-07-22T08:00:00+0200,1453.57,MW,DK1,DK_1,actual_offshore_wind_generation,Wind Offshore,2026-08-09T11:25:52Z
2026-08-09T11:15:09Z,2026-08-09T13:15:09+0200,e7e504e8-2603-4a3b-a199-89117103e6be,2026-07-22T06:15:00Z,2026-07-22T08:15:00+0200,1449.74,MW,DK1,DK_1,actual_offshore_wind_generation,Wind Offshore,2026-08-09T11:25:52Z
2026-08-09T11:15:09Z,2026-08-09T13:15:09+0200,e7e504e8-2603-4a3b-a199-89117103e6be,2026-07-22T06:30:00Z,2026-07-22T08:30:00+0200,1456.34,MW,DK1,DK_1,actual_offshore_wind_generation,Wind Offshore,2026-08-09T11:25:52Z
2026-08-09T11:15:09Z,2026-08-09T13:15:09+0200,e7e504e8-2603-4a3b-a199-89117103e6be,2026-07-22T06:45:00Z,2026-07-22T08:45:00+0200,1458.69,MW,DK1,DK_1,actual_offshore_wind_generation,Wind Offshore,2026-08-09T11:25:52Z
2026-08-09T11:15:09Z,2026-08-09T13:15:09+0200,e7e504e8-2603-4a3b-a199-89117103e6be,2026-07-22T07:00:00Z,2026-07-22T09:00:00+0200,1454.22,MW,DK1,DK_1,actual_offshore_wind_generation,Wind Offshore,2026-08-09T11:25:52Z
2026-08-09T11:15:09Z,2026-08-09T13:15:09+0200,e7e504e8-2603-4a3b-a199-89117103e6be,2026-07-22T07:15:00Z,2026-07-22T09:15:00+0200,1464.01,MW,DK1,DK_1,actual_offshore_wind_generation,Wind Offshore,2026-08-09T11:25:52Z
2026-08-09T11:15:09Z,2026-08-09T13:15:09+0200,e7e504e8-2603-4a3b-a199-89117103e6be,2026-07-22T07:30:00Z,2026-07-22T09:30:00+0200,1458.59,MW,DK1,DK_1,actual_offshore_wind_generation,Wind Offshore,2026-08-09T11:25:52Z
2026-08-09T11:15:09Z,2026-08-09T13:15:09+0200,e7e504e8-2603-4a3b-a199-89117103e6be,2026-07-22T07:45:00Z,2026-07-22T09:45:00+0200,1432.58,MW,DK1,DK_1,actual_offshore_wind_generation,Wind Offshore,2026-08-09T11:25:52Z
2026-08-09T11:15:09Z,2026-08-09T13:15:09+0200,e7e504e8-2603-4a3b-a199-89117103e6be,2026-07-22T08:00:00Z,2026-07-22T10:00:00+0200,1430.41,MW,DK1,DK_1,actual_offshore_wind_generation,Wind Offshore,2026-08-09T11:25:52Z
2026-08-09T11:15:09Z,2026-08-09T13:15:09+0200,e7e504e8-2603-4a3b-a199-89117103e6be,2026-07-22T08:15:00Z,2026-07-22T10:15:00+0200,1429.26,MW,DK1,DK_1,actual_offshore_wind_generation,Wind Offshore,2026-08-09T11:25:52Z
2026-08-09T11:15:09Z,2026-08-09T13:15:09+0200,e7e504e8-2603-4a3b-a199-89117103e6be,2026-07-22T08:30:00Z,2026-07-22T10:30:00+0200,1401.65,MW,DK1,DK_1,actual_offshore_wind_generation,Wind Offshore,2026-08-09T11:25:52Z
2026-08-09T11:15:09Z,2026-08-09T13:15:09+0200,e7e504e8-2603-4a3b-a199-89117103e6be,2026-07-22T08:45:00Z,2026-07-22T10:45:00+0200,1366.18,MW,DK1,DK_1,actual_offshore_wind_generation,Wind Offshore,2026-08-09T11:25:52Z
2026-08-09T11:15:09Z,2026-08-09T13:15:09+0200,e7e504e8-2603-4a3b-a199-89117103e6be,2026-07-22T09:00:00Z,2026-07-22T11:00:00+0200,1286.21,MW,DK1,DK_1,actual_offshore_wind_generation,Wind Offshore,2026-08-09T11:25:52Z
2026-08-09T11:15:09Z,2026-08-09T13:15:09+0200,e7e504e8-2603-4a3b-a199-89117103e6be,2026-07-22T09:15:00Z,2026-07-22T11:15:00+0200,1287.68,MW,DK1,DK_1,actual_offshore_wind_generation,Wind Offshore,2026-08-09T11:25:52Z
2026-08-09T11:15:09Z,2026-08-09T13:15:09+0200,e7e504e8-2603-4a3b-a199-89117103e6be,2026-07-22T09:30:00Z,2026-07-22T11:30:00+0200,1299.31,MW,DK1,DK_1,actual_offshore_wind_generation,Wind Offshore,2026-08-09T11:25:52Z
2026-08-09T11:15:09Z,2026-08-09T13:15:09+0200,e7e504e8-2603-4a3b-a199-89117103e6be,2026-07-22T09:45:00Z,2026-07-22T11:45:00+0200,1339.74,MW,DK1,DK_1,actual_offshore_wind_generation,Wind Offshore,2026-08-09T11:25:52Z
2026-08-09T11:15:09Z,2026-08-09T13:15:09+0200,e7e504e8-2603-4a3b-a199-89117103e6be,2026-07-22T10:00:00Z,2026-07-22T12:00:00+0200,1403.03,MW,DK1,DK_1,actual_offshore_wind_generation,Wind Offshore,2026-08-09T11:25:52Z
2026-08-09T11:15:09Z,2026-08-09T13:15:09+0200,e7e504e8-2603-4a3b-a199-89117103e6be,2026-07-22T10:15:00Z,2026-07-22T12:15:00+0200,1429.43,MW,DK1,DK_1,actual_offshore_wind_generation,Wind Offshore,2026-08-09T11:25:52Z
2026-08-09T11:15:09Z,2026-08-09T13:15:09+0200,e7e504e8-2603-4a3b-a199-89117103e6be,2026-07-22T10:30:00Z,2026-07-22T12:30:00+0200,1311.49,MW,DK1,DK_1,actual_offshore_wind_generation,Wind Offshore,2026-08-09T11:25:52Z
2026-08-09T11:15:09Z,2026-08-09T13:15:09+0200,e7e504e8-2603-4a3b-a199-89117103e6be,2026-07-22T10:45:00Z,2026-07-22T12:45:00+0200,1244.1,MW,DK1,DK_1,actual_offshore_wind_generation,Wind Offshore,2026-08-09T11:25:52Z
2026-08-09T11:15:09Z,2026-08-09T13:15:09+0200,e7e504e8-2603-4a3b-a199-89117103e6be,2026-07-22T11:00:00Z,2026-07-22T13:00:00+0200,1029.13,MW,DK1,DK_1,actual_offshore_wind_generation,Wind Offshore,2026-08-09T11:25:52Z
2026-08-09T11:15:09Z,2026-08-09T13:15:09+0200,e7e504e8-2603-4a3b-a199-89117103e6be,2026-07-22T11:15:00Z,2026-07-22T13:15:00+0200,1020.73,MW,DK1,DK_1,actual_offshore_wind_generation,Wind Offshore,2026-08-09T11:25:52Z
2026-08-09T11:15:09Z,2026-08-09T13:15:09+0200,e7e504e8-2603-4a3b-a199-89117103e6be,2026-07-22T11:30:00Z,2026-07-22T13:30:00+0200,875.712,MW,DK1,DK_1,actual_offshore_wind_generation,Wind Offshore,2026-08-09T11:25:52Z
2026-08-09T11:15:09Z,2026-08-09T13:15:09+0200,e7e504e8-2603-4a3b-a199-89117103e6be,2026-07-22T11:45:00Z,2026-07-22T13:45:00+0200,783.972,MW,DK1,DK_1,actual_offshore_wind_generation,Wind Offshore,2026-08-09T11:25:52Z
2026-08-09T11:15:09Z,2026-08-09T13:15:09+0200,e7e504e8-2603-4a3b-a199-89117103e6be,2026-07-22T12:00:00Z,2026-07-22T14:00:00+0200,828.846,MW,DK1,DK_1,actual_offshore_wind_generation,Wind Offshore,2026-08-09T11:25:52Z
2026-08-09T11:15:09Z,2026-08-09T13:15:09+0200,e7e504e8-2603-4a3b-a199-89117103e6be,2026-07-22T12:15:00Z,2026-07-22T14:15:00+0200,831.36,MW,DK1,DK_1,actual_offshore_wind_generation,Wind Offshore,2026-08-09T11:25:52Z
2026-08-09T11:15:09Z,2026-08-09T13:15:09+0200,e7e504e8-2603-4a3b-a199-89117103e6be,2026-07-22T12:30:00Z,2026-07-22T14:30:00+0200,809.014,MW,DK1,DK_1,actual_offshore_wind_generation,Wind Offshore,2026-08-09T11:25:52Z
2026-08-09T11:15:09Z,2026-08-09T13:15:09+0200,e7e504e8-2603-4a3b-a199-89117103e6be,2026-07-22T12:45:00Z,2026-07-22T14:45:00+0200,772.459,MW,DK1,DK_1,actual_offshore_wind_generation,Wind Offshore,2026-08-09T11:25:52Z
2026-08-09T11:15:09Z,2026-08-09T13:15:09+0200,e7e504e8-2603-4a3b-a199-89117103e6be,2026-07-22T13:00:00Z,2026-07-22T15:00:00+0200,847.214,MW,DK1,DK_1,actual_offshore_wind_generation,Wind Offshore,2026-08-09T11:25:52Z
2026-08-09T11:15:09Z,2026-08-09T13:15:09+0200,e7e504e8-2603-4a3b-a199-89117103e6be,2026-07-22T13:15:00Z,2026-07-22T15:15:00+0200,810.87,MW,DK1,DK_1,actual_offshore_wind_generation,Wind Offshore,2026-08-09T11:25:52Z
2026-08-09T11:15:09Z,2026-08-09T13:15:09+0200,e7e504e8-2603-4a3b-a199-89117103e6be,2026-07-22T13:30:00Z,2026-07-22T15:30:00+0200,752.22,MW,DK1,DK_1,actual_offshore_wind_generation,Wind Offshore,2026-08-09T11:25:52Z
2026-08-09T11:15:09Z,2026-08-09T13:15:09+0200,e7e504e8-2603-4a3b-a199-89117103e6be,2026-07-22T13:45:00Z,2026-07-22T15:45:00+0200,851.042,MW,DK1,DK_1,actual_offshore_wind_generation,Wind Offshore,2026-08-09T11:25:52Z
2026-08-09T11:15:09Z,2026-08-09T13:15:09+0200,e7e504e8-2603-4a3b-a199-89117103e6be,2026-07-22T14:00:00Z,2026-07-22T16:00:00+0200,1028.96,MW,DK1,DK_1,actual_offshore_wind_generation,Wind Offshore,2026-08-09T11:25:52Z
2026-08-09T11:15:09Z,2026-08-09T13:15:09+0200,e7e504e8-2603-4a3b-a199-89117103e6be,2026-07-22T14:15:00Z,2026-07-22T16:15:00+0200,1280.67,MW,DK1,DK_1,actual_offshore_wind_generation,Wind Offshore,2026-08-09T11:25:52Z
2026-08-09T11:15:09Z,2026-08-09T13:15:09+0200,e7e504e8-2603-4a3b-a199-89117103e6be,2026-07-22T14:30:00Z,2026-07-22T16:30:00+0200,1350.01,MW,DK1,DK_1,actual_offshore_wind_generation,Wind Offshore,2026-08-09T11:25:52Z
2026-08-09T11:15:09Z,2026-08-09T13:15:09+0200,e7e504e8-2603-4a3b-a199-89117103e6be,2026-07-22T14:45:00Z,2026-07-22T16:45:00+0200,1398.11,MW,DK1,DK_1,actual_offshore_wind_generation,Wind Offshore,2026-08-09T11:25:52Z
2026-08-09T11:15:09Z,2026-08-09T13:15:09+0200,e7e504e8-2603-4a3b-a199-89117103e6be,2026-07-22T15:00:00Z,2026-07-22T17:00:00+0200,1391.93,MW,DK1,DK_1,actual_offshore_wind_generation,Wind Offshore,2026-08-09T11:25:52Z
2026-08-09T11:15:09Z,2026-08-09T13:15:09+0200,e7e504e8-2603-4a3b-a199-89117103e6be,2026-07-22T15:15:00Z,2026-07-22T17:15:00+0200,1397.96,MW,DK1,DK_1,actual_offshore_wind_generation,Wind Offshore,2026-08-09T11:25:52Z
2026-08-09T11:15:09Z,2026-08-09T13:15:09+0200,e7e504e8-2603-4a3b-a199-89117103e6be,2026-07-22T15:30:00Z,2026-07-22T17:30:00+0200,1411.98,MW,DK1,DK_1,actual_offshore_wind_generation,Wind Offshore,2026-08-09T11:25:52Z
2026-08-09T11:15:09Z,2026-08-09T13:15:09+0200,e7e504e8-2603-4a3b-a199-89117103e6be,2026-07-22T15:45:00Z,2026-07-22T17:45:00+0200,1368.47,MW,DK1,DK_1,actual_offshore_wind_generation,Wind Offshore,2026-08-09T11:25:52Z
2026-08-09T11:15:09Z,2026-08-09T13:15:09+0200,e7e504e8-2603-4a3b-a199-89117103e6be,2026-07-22T16:00:00Z,2026-07-22T18:00:00+0200,1371.86,MW,DK1,DK_1,actual_offshore_wind_generation,Wind Offshore,2026-08-09T11:25:52Z
2026-08-09T11:15:09Z,2026-08-09T13:15:09+0200,e7e504e8-2603-4a3b-a199-89117103e6be,2026-07-22T16:15:00Z,2026-07-22T18:15:00+0200,1370.27,MW,DK1,DK_1,actual_offshore_wind_generation,Wind Offshore,2026-08-09T11:25:52Z
2026-08-09T11:15:09Z,2026-08-09T13:15:09+0200,e7e504e8-2603-4a3b-a199-89117103e6be,2026-07-22T16:30:00Z,2026-07-22T18:30:00+0200,1353.09,MW,DK1,DK_1,actual_offshore_wind_generation,Wind Offshore,2026-08-09T11:25:52Z
2026-08-09T11:15:09Z,2026-08-09T13:15:09+0200,e7e504e8-2603-4a3b-a199-89117103e6be,2026-07-22T16:45:00Z,2026-07-22T18:45:00+0200,1380.66,MW,DK1,DK_1,actual_offshore_wind_generation,Wind Offshore,2026-08-09T11:25:52Z
2026-08-09T11:15:09Z,2026-08-09T13:15:09+0200,e7e504e8-2603-4a3b-a199-89117103e6be,2026-07-22T17:00:00Z,2026-07-22T19:00:00+0200,1353.43,MW,DK1,DK_1,actual_offshore_wind_generation,Wind Offshore,2026-08-09T11:25:52Z
2026-08-09T11:15:09Z,2026-08-09T13:15:09+0200,e7e504e8-2603-4a3b-a199-89117103e6be,2026-07-22T17:15:00Z,2026-07-22T19:15:00+0200,1349.81,MW,DK1,DK_1,actual_offshore_wind_generation,Wind Offshore,2026-08-09T11:25:52Z
2026-08-09T11:15:09Z,2026-08-09T13:15:09+0200,e7e504e8-2603-4a3b-a199-89117103e6be,2026-07-22T17:30:00Z,2026-07-22T19:30:00+0200,1364.19,MW,DK1,DK_1,actual_offshore_wind_generation,Wind Offshore,2026-08-09T11:25:52Z
2026-08-09T11:15:09Z,2026-08-09T13:15:09+0200,e7e504e8-2603-4a3b-a199-89117103e6be,2026-07-22T17:45:00Z,2026-07-22T19:45:00+0200,1337.14,MW,DK1,DK_1,actual_offshore_wind_generation,Wind Offshore,2026-08-09T11:25:52Z
2026-08-09T11:15:09Z,2026-08-09T13:15:09+0200,e7e504e8-2603-4a3b-a199-89117103e6be,2026-07-22T18:00:00Z,2026-07-22T20:00:00+0200,1295.79,MW,DK1,DK_1,actual_offshore_wind_generation,Wind Offshore,2026-08-09T11:25:52Z
2026-08-09T11:15:09Z,2026-08-09T13:15:09+0200,e7e504e8-2603-4a3b-a199-89117103e6be,2026-07-22T18:15:00Z,2026-07-22T20:15:00+0200,1251.84,MW,DK1,DK_1,actual_offshore_wind_generation,Wind Offshore,2026-08-09T11:25:52Z
2026-08-09T11:15:09Z,2026-08-09T13:15:09+0200,e7e504e8-2603-4a3b-a199-89117103e6be,2026-07-22T18:30:00Z,2026-07-22T20:30:00+0200,1265.03,MW,DK1,DK_1,actual_offshore_wind_generation,Wind Offshore,2026-08-09T11:25:52Z
2026-08-09T11:15:09Z,2026-08-09T13:15:09+0200,e7e504e8-2603-4a3b-a199-89117103e6be,2026-07-22T18:45:00Z,2026-07-22T20:45:00+0200,1256.74,MW,DK1,DK_1,actual_offshore_wind_generation,Wind Offshore,2026-08-09T11:25:52Z
2026-08-09T11:15:09Z,2026-08-09T13:15:09+0200,e7e504e8-2603-4a3b-a199-89117103e6be,2026-07-22T19:00:00Z,2026-07-22T21:00:00+0200,1219.43,MW,DK1,DK_1,actual_offshore_wind_generation,Wind Offshore,2026-08-09T11:25:52Z
2026-08-09T11:15:09Z,2026-08-09T13:15:09+0200,e7e504e8-2603-4a3b-a199-89117103e6be,2026-07-22T19:15:00Z,2026-07-22T21:15:00+0200,1200.94,MW,DK1,DK_1,actual_offshore_wind_generation,Wind Offshore,2026-08-09T11:25:52Z
2026-08-09T11:15:09Z,2026-08-09T13:15:09+0200,e7e504e8-2603-4a3b-a199-89117103e6be,2026-07-22T19:30:00Z,2026-07-22T21:30:00+0200,1216.71,MW,DK1,DK_1,actual_offshore_wind_generation,Wind Offshore,2026-08-09T11:25:52Z
2026-08-09T11:15:09Z,2026-08-09T13:15:09+0200,e7e504e8-2603-4a3b-a199-89117103e6be,2026-07-22T19:45:00Z,2026-07-22T21:45:00+0200,1222.51,MW,DK1,DK_1,actual_offshore_wind_generation,Wind Offshore,2026-08-09T11:25:52Z
2026-08-09T11:15:09Z,2026-08-09T13:15:09+0200,e7e504e8-2603-4a3b-a199-89117103e6be,2026-07-22T20:00:00Z,2026-07-22T22:00:00+0200,1238.89,MW,DK1,DK_1,actual_offshore_wind_generation,Wind Offshore,2026-08-09T11:25:52Z
2026-08-09T11:15:09Z,2026-08-09T13:15:09+0200,e7e504e8-2603-4a3b-a199-89117103e6be,2026-07-22T20:15:00Z,2026-07-22T22:15:00+0200,1240.55,MW,DK1,DK_1,actual_offshore_wind_generation,Wind Offshore,2026-08-09T11:25:52Z
2026-08-09T11:15:09Z,2026-08-09T13:15:09+0200,e7e504e8-2603-4a3b-a199-89117103e6be,2026-07-22T20:30:00Z,2026-07-22T22:30:00+0200,1226.47,MW,DK1,DK_1,actual_offshore_wind_generation,Wind Offshore,2026-08-09T11:25:52Z
2026-08-09T11:15:09Z,2026-08-09T13:15:09+0200,e7e504e8-2603-4a3b-a199-89117103e6be,2026-07-22T20:45:00Z,2026-07-22T22:45:00+0200,1233.24,MW,DK1,DK_1,actual_offshore_wind_generation,Wind Offshore,2026-08-09T11:25:52Z
2026-08-09T11:15:09Z,2026-08-09T13:15:09+0200,e7e504e8-2603-4a3b-a199-89117103e6be,2026-07-22T21:00:00Z,2026-07-22T23:00:00+0200,1252.91,MW,DK1,DK_1,actual_offshore_wind_generation,Wind Offshore,2026-08-09T11:25:52Z
2026-08-09T11:15:09Z,2026-08-09T13:15:09+0200,e7e504e8-2603-4a3b-a199-89117103e6be,2026-07-22T21:15:00Z,2026-07-22T23:15:00+0200,1219.6,MW,DK1,DK_1,actual_offshore_wind_generation,Wind Offshore,2026-08-09T11:25:52Z
2026-08-09T11:15:09Z,2026-08-09T13:15:09+0200,e7e504e8-2603-4a3b-a199-89117103e6be,2026-07-22T21:30:00Z,2026-07-22T23:30:00+0200,1195.82,MW,DK1,DK_1,actual_offshore_wind_generation,Wind Offshore,2026-08-09T11:25:52Z
2026-08-09T11:15:09Z,2026-08-09T13:15:09+0200,e7e504e8-2603-4a3b-a199-89117103e6be,2026-07-22T21:45:00Z,2026-07-22T23:45:00+0200,1151.92,MW,DK1,DK_1,actual_offshore_wind_generation,Wind Offshore,2026-08-09T11:25:52Z
2026-08-09T11:15:09Z,2026-08-09T13:15:09+0200,e7e504e8-2603-4a3b-a199-89117103e6be,2026-07-22T22:00:00Z,2026-07-23T00:00:00+0200,1174.43,MW,DK1,DK_1,actual_offshore_wind_generation,Wind Offshore,2026-08-09T11:25:52Z
2026-08-09T11:15:09Z,2026-08-09T13:15:09+0200,e7e504e8-2603-4a3b-a199-89117103e6be,2026-07-22T22:15:00Z,2026-07-23T00:15:00+0200,1159.94,MW,DK1,DK_1,actual_offshore_wind_generation,Wind Offshore,2026-08-09T11:25:52Z
2026-08-09T11:15:09Z,2026-08-09T13:15:09+0200,e7e504e8-2603-4a3b-a199-89117103e6be,2026-07-22T22:30:00Z,2026-07-23T00:30:00+0200,1144.61,MW,DK1,DK_1,actual_offshore_wind_generation,Wind Offshore,2026-08-09T11:25:52Z
2026-08-09T11:15:09Z,2026-08-09T13:15:09+0200,e7e504e8-2603-4a3b-a199-89117103e6be,2026-07-22T22:45:00Z,2026-07-23T00:45:00+0200,1157.22,MW,DK1,DK_1,actual_offshore_wind_generation,Wind Offshore,2026-08-09T11:25:52Z
2026-08-09T11:15:09Z,2026-08-09T13:15:09+0200,e7e504e8-2603-4a3b-a199-89117103e6be,2026-07-22T23:00:00Z,2026-07-23T01:00:00+0200,1134.42,MW,DK1,DK_1,actual_offshore_wind_generation,Wind Offshore,2026-08-09T11:25:52Z
2026-08-09T11:15:09Z,2026-08-09T13:15:09+0200,e7e504e8-2603-4a3b-a199-89117103e6be,2026-07-22T23:15:00Z,2026-07-23T01:15:00+0200,1096.86,MW,DK1,DK_1,actual_offshore_wind_generation,Wind Offshore,2026-08-09T11:25:52Z
2026-08-09T11:15:09Z,2026-08-09T13:15:09+0200,e7e504e8-2603-4a3b-a199-89117103e6be,2026-07-22T23:30:00Z,2026-07-23T01:30:00+0200,1004.68,MW,DK1,DK_1,actual_offshore_wind_generation,Wind Offshore,2026-08-09T11:25:52Z
2026-08-09T11:15:09Z,2026-08-09T13:15:09+0200,e7e504e8-2603-4a3b-a199-89117103e6be,2026-07-22T23:45:00Z,2026-07-23T01:45:00+0200,1001.83,MW,DK1,DK_1,actual_offshore_wind_generation,Wind Offshore,2026-08-09T11:25:52Z
2026-08-09T11:15:09Z,2026-08-09T13:15:09+0200,e7e504e8-2603-4a3b-a199-89117103e6be,2026-07-23T00:00:00Z,2026-07-23T02:00:00+0200,1012.71,MW,DK1,DK_1,actual_offshore_wind_generation,Wind Offshore,2026-08-09T11:25:52Z
2026-08-09T11:15:09Z,2026-08-09T13:15:09+0200,e7e504e8-2603-4a3b-a199-89117103e6be,2026-07-23T00:15:00Z,2026-07-23T02:15:00+0200,1014.34,MW,DK1,DK_1,actual_offshore_wind_generation,Wind Offshore,2026-08-09T11:25:52Z
2026-08-09T11:15:09Z,2026-08-09T13:15:09+0200,e7e504e8-2603-4a3b-a199-89117103e6be,2026-07-23T00:30:00Z,2026-07-23T02:30:00+0200,993.198,MW,DK1,DK_1,actual_offshore_wind_generation,Wind Offshore,2026-08-09T11:25:52Z
2026-08-09T11:15:09Z,2026-08-09T13:15:09+0200,e7e504e8-2603-4a3b-a199-89117103e6be,2026-07-23T00:45:00Z,2026-07-23T02:45:00+0200,986.019,MW,DK1,DK_1,actual_offshore_wind_generation,Wind Offshore,2026-08-09T11:25:52Z
2026-08-09T11:15:09Z,2026-08-09T13:15:09+0200,e7e504e8-2603-4a3b-a199-89117103e6be,2026-07-23T01:00:00Z,2026-07-23T03:00:00+0200,958.077,MW,DK1,DK_1,actual_offshore_wind_generation,Wind Offshore,2026-08-09T11:25:52Z
2026-08-09T11:15:09Z,2026-08-09T13:15:09+0200,e7e504e8-2603-4a3b-a199-89117103e6be,2026-07-23T01:15:00Z,2026-07-23T03:15:00+0200,960.086,MW,DK1,DK_1,actual_offshore_wind_generation,Wind Offshore,2026-08-09T11:25:52Z
2026-08-09T11:15:09Z,2026-08-09T13:15:09+0200,e7e504e8-2603-4a3b-a199-89117103e6be,2026-07-23T01:30:00Z,2026-07-23T03:30:00+0200,1006.37,MW,DK1,DK_1,actual_offshore_wind_generation,Wind Offshore,2026-08-09T11:25:52Z
2026-08-09T11:15:09Z,2026-08-09T13:15:09+0200,e7e504e8-2603-4a3b-a199-89117103e6be,2026-07-23T01:45:00Z,2026-07-23T03:45:00+0200,1014.52,MW,DK1,DK_1,actual_offshore_wind_generation,Wind Offshore,2026-08-09T11:25:52Z
2026-08-09T11:15:09Z,2026-08-09T13:15:09+0200,e7e504e8-2603-4a3b-a199-89117103e6be,2026-07-23T02:00:00Z,2026-07-23T04:00:00+0200,994.008,MW,DK1,DK_1,actual_offshore_wind_generation,Wind Offshore,2026-08-09T11:25:52Z
2026-08-09T11:15:09Z,2026-08-09T13:15:09+0200,e7e504e8-2603-4a3b-a199-89117103e6be,2026-07-23T02:15:00Z,2026-07-23T04:15:00+0200,960.321,MW,DK1,DK_1,actual_offshore_wind_generation,Wind Offshore,2026-08-09T11:25:52Z
2026-08-09T11:15:09Z,2026-08-09T13:15:09+0200,e7e504e8-2603-4a3b-a199-89117103e6be,2026-07-23T02:30:00Z,2026-07-23T04:30:00+0200,932.136,MW,DK1,DK_1,actual_offshore_wind_generation,Wind Offshore,2026-08-09T11:25:52Z
2026-08-09T11:15:09Z,2026-08-09T13:15:09+0200,e7e504e8-2603-4a3b-a199-89117103e6be,2026-07-23T02:45:00Z,2026-07-23T04:45:00+0200,899.048,MW,DK1,DK_1,actual_offshore_wind_generation,Wind Offshore,2026-08-09T11:25:52Z
2026-08-09T11:15:09Z,2026-08-09T13:15:09+0200,e7e504e8-2603-4a3b-a199-89117103e6be,2026-07-23T03:00:00Z,2026-07-23T05:00:00+0200,870.541,MW,DK1,DK_1,actual_offshore_wind_generation,Wind Offshore,2026-08-09T11:25:52Z
2026-08-09T11:15:09Z,2026-08-09T13:15:09+0200,e7e504e8-2603-4a3b-a199-89117103e6be,2026-07-23T03:15:00Z,2026-07-23T05:15:00+0200,839.971,MW,DK1,DK_1,actual_offshore_wind_generation,Wind Offshore,2026-08-09T11:25:52Z
2026-08-09T11:15:09Z,2026-08-09T13:15:09+0200,e7e504e8-2603-4a3b-a199-89117103e6be,2026-07-23T03:30:00Z,2026-07-23T05:30:00+0200,795.425,MW,DK1,DK_1,actual_offshore_wind_generation,Wind Offshore,2026-08-09T11:25:52Z
2026-08-09T11:15:09Z,2026-08-09T13:15:09+0200,e7e504e8-2603-4a3b-a199-89117103e6be,2026-07-23T03:45:00Z,2026-07-23T05:45:00+0200,738.007,MW,DK1,DK_1,actual_offshore_wind_generation,Wind Offshore,2026-08-09T11:25:52Z
2026-08-09T11:15:09Z,2026-08-09T13:15:09+0200,e7e504e8-2603-4a3b-a199-89117103e6be,2026-07-23T04:00:00Z,2026-07-23T06:00:00+0200,762.025,MW,DK1,DK_1,actual_offshore_wind_generation,Wind Offshore,2026-08-09T11:25:52Z
2026-08-09T11:15:09Z,2026-08-09T13:15:09+0200,e7e504e8-2603-4a3b-a199-89117103e6be,2026-07-23T04:15:00Z,2026-07-23T06:15:00+0200,684.156,MW,DK1,DK_1,actual_offshore_wind_generation,Wind Offshore,2026-08-09T11:25:52Z
2026-08-09T11:15:09Z,2026-08-09T13:15:09+0200,e7e504e8-2603-4a3b-a199-89117103e6be,2026-07-23T04:30:00Z,2026-07-23T06:30:00+0200,639.236,MW,DK1,DK_1,actual_offshore_wind_generation,Wind Offshore,2026-08-09T11:25:52Z
2026-08-09T11:15:09Z,2026-08-09T13:15:09+0200,e7e504e8-2603-4a3b-a199-89117103e6be,2026-07-23T04:45:00Z,2026-07-23T06:45:00+0200,629.694,MW,DK1,DK_1,actual_offshore_wind_generation,Wind Offshore,2026-08-09T11:25:52Z
2026-08-09T11:15:09Z,2026-08-09T13:15:09+0200,e7e504e8-2603-4a3b-a199-89117103e6be,2026-07-23T05:00:00Z,2026-07-23T07:00:00+0200,577.826,MW,DK1,DK_1,actual_offshore_wind_generation,Wind Offshore,2026-08-09T11:25:52Z
2026-08-09T11:15:09Z,2026-08-09T13:15:09+0200,e7e504e8-2603-4a3b-a199-89117103e6be,2026-07-23T05:15:00Z,2026-07-23T07:15:00+0200,566.829,MW,DK1,DK_1,actual_offshore_wind_generation,Wind Offshore,2026-08-09T11:25:52Z
2026-08-09T11:15:09Z,2026-08-09T13:15:09+0200,e7e504e8-2603-4a3b-a199-89117103e6be,2026-07-23T05:30:00Z,2026-07-23T07:30:00+0200,562.107,MW,DK1,DK_1,actual_offshore_wind_generation,Wind Offshore,2026-08-09T11:25:52Z
2026-08-09T11:15:09Z,2026-08-09T13:15:09+0200,e7e504e8-2603-4a3b-a199-89117103e6be,2026-07-23T05:45:00Z,2026-07-23T07:45:00+0200,517.017,MW,DK1,DK_1,actual_offshore_wind_generation,Wind Offshore,2026-08-09T11:25:52Z
2026-08-09T11:15:09Z,2026-08-09T13:15:09+0200,e7e504e8-2603-4a3b-a199-89117103e6be,2026-07-23T06:00:00Z,2026-07-23T08:00:00+0200,451.077,MW,DK1,DK_1,actual_offshore_wind_generation,Wind Offshore,2026-08-09T11:25:52Z
2026-08-09T11:15:09Z,2026-08-09T13:15:09+0200,e7e504e8-2603-4a3b-a199-89117103e6be,2026-07-23T06:15:00Z,2026-07-23T08:15:00+0200,429.466,MW,DK1,DK_1,actual_offshore_wind_generation,Wind Offshore,2026-08-09T11:25:52Z
2026-08-09T11:15:09Z,2026-08-09T13:15:09+0200,e7e504e8-2603-4a3b-a199-89117103e6be,2026-07-23T06:30:00Z,2026-07-23T08:30:00+0200,422.94,MW,DK1,DK_1,actual_offshore_wind_generation,Wind Offshore,2026-08-09T11:25:52Z
2026-08-09T11:15:09Z,2026-08-09T13:15:09+0200,e7e504e8-2603-4a3b-a199-89117103e6be,2026-07-23T06:45:00Z,2026-07-23T08:45:00+0200,416.107,MW,DK1,DK_1,actual_offshore_wind_generation,Wind Offshore,2026-08-09T11:25:52Z
2026-08-09T11:15:09Z,2026-08-09T13:15:09+0200,e7e504e8-2603-4a3b-a199-89117103e6be,2026-07-23T07:00:00Z,2026-07-23T09:00:00+0200,407.958,MW,DK1,DK_1,actual_offshore_wind_generation,Wind Offshore,2026-08-09T11:25:52Z
2026-08-09T11:15:09Z,2026-08-09T13:15:09+0200,e7e504e8-2603-4a3b-a199-89117103e6be,2026-07-23T07:15:00Z,2026-07-23T09:15:00+0200,382.533,MW,DK1,DK_1,actual_offshore_wind_generation,Wind Offshore,2026-08-09T11:25:52Z
2026-08-09T11:15:09Z,2026-08-09T13:15:09+0200,e7e504e8-2603-4a3b-a199-89117103e6be,2026-07-23T07:30:00Z,2026-07-23T09:30:00+0200,374.42,MW,DK1,DK_1,actual_offshore_wind_generation,Wind Offshore,2026-08-09T11:25:52Z
2026-08-09T11:15:09Z,2026-08-09T13:15:09+0200,e7e504e8-2603-4a3b-a199-89117103e6be,2026-07-23T07:45:00Z,2026-07-23T09:45:00+0200,358.104,MW,DK1,DK_1,actual_offshore_wind_generation,Wind Offshore,2026-08-09T11:25:52Z
2026-08-09T11:15:09Z,2026-08-09T13:15:09+0200,e7e504e8-2603-4a3b-a199-89117103e6be,2026-07-23T08:00:00Z,2026-07-23T10:00:00+0200,353.882,MW,DK1,DK_1,actual_offshore_wind_generation,Wind Offshore,2026-08-09T11:25:52Z
2026-08-09T11:15:09Z,2026-08-09T13:15:09+0200,e7e504e8-2603-4a3b-a199-89117103e6be,2026-07-23T08:15:00Z,2026-07-23T10:15:00+0200,358.844,MW,DK1,DK_1,actual_offshore_wind_generation,Wind Offshore,2026-08-09T11:25:52Z
2026-08-09T11:15:09Z,2026-08-09T13:15:09+0200,e7e504e8-2603-4a3b-a199-89117103e6be,2026-07-23T08:30:00Z,2026-07-23T10:30:00+0200,354.079,MW,DK1,DK_1,actual_offshore_wind_generation,Wind Offshore,2026-08-09T11:25:52Z
2026-08-09T11:15:09Z,2026-08-09T13:15:09+0200,e7e504e8-2603-4a3b-a199-89117103e6be,2026-07-23T08:45:00Z,2026-07-23T10:45:00+0200,360.215,MW,DK1,DK_1,actual_offshore_wind_generation,Wind Offshore,2026-08-09T11:25:52Z
2026-08-09T11:15:09Z,2026-08-09T13:15:09+0200,e7e504e8-2603-4a3b-a199-89117103e6be,2026-07-23T09:00:00Z,2026-07-23T11:00:00+0200,367.409,MW,DK1,DK_1,actual_offshore_wind_generation,Wind Offshore,2026-08-09T11:25:52Z
2026-08-09T11:15:09Z,2026-08-09T13:15:09+0200,e7e504e8-2603-4a3b-a199-89117103e6be,2026-07-23T09:15:00Z,2026-07-23T11:15:00+0200,382.119,MW,DK1,DK_1,actual_offshore_wind_generation,Wind Offshore,2026-08-09T11:25:52Z
2026-08-09T11:15:09Z,2026-08-09T13:15:09+0200,e7e504e8-2603-4a3b-a199-89117103e6be,2026-07-23T09:30:00Z,2026-07-23T11:30:00+0200,386.386,MW,DK1,DK_1,actual_offshore_wind_generation,Wind Offshore,2026-08-09T11:25:52Z
2026-08-09T11:15:09Z,2026-08-09T13:15:09+0200,e7e504e8-2603-4a3b-a199-89117103e6be,2026-07-23T09:45:00Z,2026-07-23T11:45:00+0200,377.306,MW,DK1,DK_1,actual_offshore_wind_generation,Wind Offshore,2026-08-09T11:25:52Z
2026-08-09T11:15:09Z,2026-08-09T13:15:09+0200,e7e504e8-2603-4a3b-a199-89117103e6be,2026-07-23T10:00:00Z,2026-07-23T12:00:00+0200,399.43,MW,DK1,DK_1,actual_offshore_wind_generation,Wind Offshore,2026-08-09T11:25:52Z
2026-08-09T11:15:09Z,2026-08-09T13:15:09+0200,e7e504e8-2603-4a3b-a199-89117103e6be,2026-07-23T10:15:00Z,2026-07-23T12:15:00+0200,405.305,MW,DK1,DK_1,actual_offshore_wind_generation,Wind Offshore,2026-08-09T11:25:52Z
2026-08-09T11:15:09Z,2026-08-09T13:15:09+0200,e7e504e8-2603-4a3b-a199-89117103e6be,2026-07-23T10:30:00Z,2026-07-23T12:30:00+0200,404.516,MW,DK1,DK_1,actual_offshore_wind_generation,Wind Offshore,2026-08-09T11:25:52Z
2026-08-09T11:15:09Z,2026-08-09T13:15:09+0200,e7e504e8-2603-4a3b-a199-89117103e6be,2026-07-23T10:45:00Z,2026-07-23T12:45:00+0200,428.346,MW,DK1,DK_1,actual_offshore_wind_generation,Wind Offshore,2026-08-09T11:25:52Z
2026-08-09T11:15:09Z,2026-08-09T13:15:09+0200,e7e504e8-2603-4a3b-a199-89117103e6be,2026-07-23T11:00:00Z,2026-07-23T13:00:00+0200,434.905,MW,DK1,DK_1,actual_offshore_wind_generation,Wind Offshore,2026-08-09T11:25:52Z
2026-08-09T11:15:09Z,2026-08-09T13:15:09+0200,e7e504e8-2603-4a3b-a199-89117103e6be,2026-07-23T11:15:00Z,2026-07-23T13:15:00+0200,450.236,MW,DK1,DK_1,actual_offshore_wind_generation,Wind Offshore,2026-08-09T11:25:52Z
2026-08-09T11:15:09Z,2026-08-09T13:15:09+0200,e7e504e8-2603-4a3b-a199-89117103e6be,2026-07-23T11:30:00Z,2026-07-23T13:30:00+0200,439.452,MW,DK1,DK_1,actual_offshore_wind_generation,Wind Offshore,2026-08-09T11:25:52Z
2026-08-09T11:15:09Z,2026-08-09T13:15:09+0200,e7e504e8-2603-4a3b-a199-89117103e6be,2026-07-23T11:45:00Z,2026-07-23T13:45:00+0200,414.767,MW,DK1,DK_1,actual_offshore_wind_generation,Wind Offshore,2026-08-09T11:25:52Z
2026-08-09T11:15:09Z,2026-08-09T13:15:09+0200,e7e504e8-2603-4a3b-a199-89117103e6be,2026-07-23T12:00:00Z,2026-07-23T14:00:00+0200,420.645,MW,DK1,DK_1,actual_offshore_wind_generation,Wind Offshore,2026-08-09T11:25:52Z
2026-08-09T11:15:09Z,2026-08-09T13:15:09+0200,e7e504e8-2603-4a3b-a199-89117103e6be,2026-07-23T12:15:00Z,2026-07-23T14:15:00+0200,374.024,MW,DK1,DK_1,actual_offshore_wind_generation,Wind Offshore,2026-08-09T11:25:52Z
2026-08-09T11:15:09Z,2026-08-09T13:15:09+0200,e7e504e8-2603-4a3b-a199-89117103e6be,2026-07-23T12:30:00Z,2026-07-23T14:30:00+0200,399.433,MW,DK1,DK_1,actual_offshore_wind_generation,Wind Offshore,2026-08-09T11:25:52Z
2026-08-09T11:15:09Z,2026-08-09T13:15:09+0200,e7e504e8-2603-4a3b-a199-89117103e6be,2026-07-23T12:45:00Z,2026-07-23T14:45:00+0200,415.427,MW,DK1,DK_1,actual_offshore_wind_generation,Wind Offshore,2026-08-09T11:25:52Z
2026-08-09T11:15:09Z,2026-08-09T13:15:09+0200,e7e504e8-2603-4a3b-a199-89117103e6be,2026-07-23T13:00:00Z,2026-07-23T15:00:00+0200,416.303,MW,DK1,DK_1,actual_offshore_wind_generation,Wind Offshore,2026-08-09T11:25:52Z
2026-08-09T11:15:09Z,2026-08-09T13:15:09+0200,e7e504e8-2603-4a3b-a199-89117103e6be,2026-07-23T13:15:00Z,2026-07-23T15:15:00+0200,417.923,MW,DK1,DK_1,actual_offshore_wind_generation,Wind Offshore,2026-08-09T11:25:52Z
2026-08-09T11:15:09Z,2026-08-09T13:15:09+0200,e7e504e8-2603-4a3b-a199-89117103e6be,2026-07-23T13:30:00Z,2026-07-23T15:30:00+0200,441.911,MW,DK1,DK_1,actual_offshore_wind_generation,Wind Offshore,2026-08-09T11:25:52Z
2026-08-09T11:15:09Z,2026-08-09T13:15:09+0200,e7e504e8-2603-4a3b-a199-89117103e6be,2026-07-23T13:45:00Z,2026-07-23T15:45:00+0200,481.401,MW,DK1,DK_1,actual_offshore_wind_generation,Wind Offshore,2026-08-09T11:25:52Z
2026-08-09T11:15:09Z,2026-08-09T13:15:09+0200,e7e504e8-2603-4a3b-a199-89117103e6be,2026-07-23T14:00:00Z,2026-07-23T16:00:00+0200,501.627,MW,DK1,DK_1,actual_offshore_wind_generation,Wind Offshore,2026-08-09T11:25:52Z
2026-08-09T11:15:09Z,2026-08-09T13:15:09+0200,e7e504e8-2603-4a3b-a199-89117103e6be,2026-07-23T14:15:00Z,2026-07-23T16:15:00+0200,517.425,MW,DK1,DK_1,actual_offshore_wind_generation,Wind Offshore,2026-08-09T11:25:52Z
2026-08-09T11:15:09Z,2026-08-09T13:15:09+0200,e7e504e8-2603-4a3b-a199-89117103e6be,2026-07-23T14:30:00Z,2026-07-23T16:30:00+0200,571.771,MW,DK1,DK_1,actual_offshore_wind_generation,Wind Offshore,2026-08-09T11:25:52Z
2026-08-09T11:15:09Z,2026-08-09T13:15:09+0200,e7e504e8-2603-4a3b-a199-89117103e6be,2026-07-23T14:45:00Z,2026-07-23T16:45:00+0200,649.949,MW,DK1,DK_1,actual_offshore_wind_generation,Wind Offshore,2026-08-09T11:25:52Z
2026-08-09T11:15:09Z,2026-08-09T13:15:09+0200,e7e504e8-2603-4a3b-a199-89117103e6be,2026-07-23T15:00:00Z,2026-07-23T17:00:00+0200,629.533,MW,DK1,DK_1,actual_offshore_wind_generation,Wind Offshore,2026-08-09T11:25:52Z
2026-08-09T11:15:09Z,2026-08-09T13:15:09+0200,e7e504e8-2603-4a3b-a199-89117103e6be,2026-07-23T15:15:00Z,2026-07-23T17:15:00+0200,591.762,MW,DK1,DK_1,actual_offshore_wind_generation,Wind Offshore,2026-08-09T11:25:52Z
2026-08-09T11:15:09Z,2026-08-09T13:15:09+0200,e7e504e8-2603-4a3b-a199-89117103e6be,2026-07-23T15:30:00Z,2026-07-23T17:30:00+0200,562.731,MW,DK1,DK_1,actual_offshore_wind_generation,Wind Offshore,2026-08-09T11:25:52Z
2026-08-09T11:15:09Z,2026-08-09T13:15:09+0200,e7e504e8-2603-4a3b-a199-89117103e6be,2026-07-23T15:45:00Z,2026-07-23T17:45:00+0200,498.944,MW,DK1,DK_1,actual_offshore_wind_generation,Wind Offshore,2026-08-09T11:25:52Z
2026-08-09T11:15:09Z,2026-08-09T13:15:09+0200,e7e504e8-2603-4a3b-a199-89117103e6be,2026-07-23T16:00:00Z,2026-07-23T18:00:00+0200,477.929,MW,DK1,DK_1,actual_offshore_wind_generation,Wind Offshore,2026-08-09T11:25:52Z
2026-08-09T11:15:09Z,2026-08-09T13:15:09+0200,e7e504e8-2603-4a3b-a199-89117103e6be,2026-07-23T16:15:00Z,2026-07-23T18:15:00+0200,527.644,MW,DK1,DK_1,actual_offshore_wind_generation,Wind Offshore,2026-08-09T11:25:52Z
2026-08-09T11:15:09Z,2026-08-09T13:15:09+0200,e7e504e8-2603-4a3b-a199-89117103e6be,2026-07-23T16:30:00Z,2026-07-23T18:30:00+0200,539.84,MW,DK1,DK_1,actual_offshore_wind_generation,Wind Offshore,2026-08-09T11:25:52Z
2026-08-09T11:15:09Z,2026-08-09T13:15:09+0200,e7e504e8-2603-4a3b-a199-89117103e6be,2026-07-23T16:45:00Z,2026-07-23T18:45:00+0200,593.355,MW,DK1,DK_1,actual_offshore_wind_generation,Wind Offshore,2026-08-09T11:25:52Z
2026-08-09T11:15:09Z,2026-08-09T13:15:09+0200,e7e504e8-2603-4a3b-a199-89117103e6be,2026-07-23T17:00:00Z,2026-07-23T19:00:00+0200,630.326,MW,DK1,DK_1,actual_offshore_wind_generation,Wind Offshore,2026-08-09T11:25:52Z
2026-08-09T11:15:09Z,2026-08-09T13:15:09+0200,e7e504e8-2603-4a3b-a199-89117103e6be,2026-07-23T17:15:00Z,2026-07-23T19:15:00+0200,590.609,MW,DK1,DK_1,actual_offshore_wind_generation,Wind Offshore,2026-08-09T11:25:52Z
2026-08-09T11:15:09Z,2026-08-09T13:15:09+0200,e7e504e8-2603-4a3b-a199-89117103e6be,2026-07-23T17:30:00Z,2026-07-23T19:30:00+0200,604.01,MW,DK1,DK_1,actual_offshore_wind_generation,Wind Offshore,2026-08-09T11:25:52Z
2026-08-09T11:15:09Z,2026-08-09T13:15:09+0200,e7e504e8-2603-4a3b-a199-89117103e6be,2026-07-23T17:45:00Z,2026-07-23T19:45:00+0200,603.533,MW,DK1,DK_1,actual_offshore_wind_generation,Wind Offshore,2026-08-09T11:25:52Z
2026-08-09T11:15:09Z,2026-08-09T13:15:09+0200,e7e504e8-2603-4a3b-a199-89117103e6be,2026-07-23T18:00:00Z,2026-07-23T20:00:00+0200,589.735,MW,DK1,DK_1,actual_offshore_wind_generation,Wind Offshore,2026-08-09T11:25:52Z
2026-08-09T11:15:09Z,2026-08-09T13:15:09+0200,e7e504e8-2603-4a3b-a199-89117103e6be,2026-07-23T18:15:00Z,2026-07-23T20:15:00+0200,555.604,MW,DK1,DK_1,actual_offshore_wind_generation,Wind Offshore,2026-08-09T11:25:52Z
2026-08-09T11:15:09Z,2026-08-09T13:15:09+0200,e7e504e8-2603-4a3b-a199-89117103e6be,2026-07-23T18:30:00Z,2026-07-23T20:30:00+0200,543.566,MW,DK1,DK_1,actual_offshore_wind_generation,Wind Offshore,2026-08-09T11:25:52Z
2026-08-09T11:15:09Z,2026-08-09T13:15:09+0200,e7e504e8-2603-4a3b-a199-89117103e6be,2026-07-23T18:45:00Z,2026-07-23T20:45:00+0200,591.51,MW,DK1,DK_1,actual_offshore_wind_generation,Wind Offshore,2026-08-09T11:25:52Z
2026-08-09T11:15:09Z,2026-08-09T13:15:09+0200,e7e504e8-2603-4a3b-a199-89117103e6be,2026-07-23T19:00:00Z,2026-07-23T21:00:00+0200,603.706,MW,DK1,DK_1,actual_offshore_wind_generation,Wind Offshore,2026-08-09T11:25:52Z
2026-08-09T11:15:09Z,2026-08-09T13:15:09+0200,e7e504e8-2603-4a3b-a199-89117103e6be,2026-07-23T19:15:00Z,2026-07-23T21:15:00+0200,625.334,MW,DK1,DK_1,actual_offshore_wind_generation,Wind Offshore,2026-08-09T11:25:52Z
2026-08-09T11:15:09Z,2026-08-09T13:15:09+0200,e7e504e8-2603-4a3b-a199-89117103e6be,2026-07-23T19:30:00Z,2026-07-23T21:30:00+0200,666.561,MW,DK1,DK_1,actual_offshore_wind_generation,Wind Offshore,2026-08-09T11:25:52Z
2026-08-09T11:15:09Z,2026-08-09T13:15:09+0200,e7e504e8-2603-4a3b-a199-89117103e6be,2026-07-23T19:45:00Z,2026-07-23T21:45:00+0200,635.076,MW,DK1,DK_1,actual_offshore_wind_generation,Wind Offshore,2026-08-09T11:25:52Z
2026-08-09T11:15:09Z,2026-08-09T13:15:09+0200,e7e504e8-2603-4a3b-a199-89117103e6be,2026-07-23T20:00:00Z,2026-07-23T22:00:00+0200,639.919,MW,DK1,DK_1,actual_offshore_wind_generation,Wind Offshore,2026-08-09T11:25:52Z
2026-08-09T11:15:09Z,2026-08-09T13:15:09+0200,e7e504e8-2603-4a3b-a199-89117103e6be,2026-07-23T20:15:00Z,2026-07-23T22:15:00+0200,697.808,MW,DK1,DK_1,actual_offshore_wind_generation,Wind Offshore,2026-08-09T11:25:52Z
2026-08-09T11:15:09Z,2026-08-09T13:15:09+0200,e7e504e8-2603-4a3b-a199-89117103e6be,2026-07-23T20:30:00Z,2026-07-23T22:30:00+0200,777.181,MW,DK1,DK_1,actual_offshore_wind_generation,Wind Offshore,2026-08-09T11:25:52Z
2026-08-09T11:15:09Z,2026-08-09T13:15:09+0200,e7e504e8-2603-4a3b-a199-89117103e6be,2026-07-23T20:45:00Z,2026-07-23T22:45:00+0200,786.148,MW,DK1,DK_1,actual_offshore_wind_generation,Wind Offshore,2026-08-09T11:25:52Z
2026-08-09T11:15:09Z,2026-08-09T13:15:09+0200,e7e504e8-2603-4a3b-a199-89117103e6be,2026-07-23T21:00:00Z,2026-07-23T23:00:00+0200,748.764,MW,DK1,DK_1,actual_offshore_wind_generation,Wind Offshore,2026-08-09T11:25:52Z
2026-08-09T11:15:09Z,2026-08-09T13:15:09+0200,e7e504e8-2603-4a3b-a199-89117103e6be,2026-07-23T21:15:00Z,2026-07-23T23:15:00+0200,754.298,MW,DK1,DK_1,actual_offshore_wind_generation,Wind Offshore,2026-08-09T11:25:52Z
2026-08-09T11:15:09Z,2026-08-09T13:15:09+0200,e7e504e8-2603-4a3b-a199-89117103e6be,2026-07-23T21:30:00Z,2026-07-23T23:30:00+0200,724.146,MW,DK1,DK_1,actual_offshore_wind_generation,Wind Offshore,2026-08-09T11:25:52Z
2026-08-09T11:15:09Z,2026-08-09T13:15:09+0200,e7e504e8-2603-4a3b-a199-89117103e6be,2026-07-23T21:45:00Z,2026-07-23T23:45:00+0200,747.119,MW,DK1,DK_1,actual_offshore_wind_generation,Wind Offshore,2026-08-09T11:25:52Z
2026-08-09T11:15:09Z,2026-08-09T13:15:09+0200,e7e504e8-2603-4a3b-a199-89117103e6be,2026-07-23T22:00:00Z,2026-07-24T00:00:00+0200,766.907,MW,DK1,DK_1,actual_offshore_wind_generation,Wind Offshore,2026-08-09T11:25:52Z
2026-08-09T11:15:09Z,2026-08-09T13:15:09+0200,e7e504e8-2603-4a3b-a199-89117103e6be,2026-07-23T22:15:00Z,2026-07-24T00:15:00+0200,749.478,MW,DK1,DK_1,actual_offshore_wind_generation,Wind Offshore,2026-08-09T11:25:52Z
2026-08-09T11:15:09Z,2026-08-09T13:15:09+0200,e7e504e8-2603-4a3b-a199-89117103e6be,2026-07-23T22:30:00Z,2026-07-24T00:30:00+0200,785.327,MW,DK1,DK_1,actual_offshore_wind_generation,Wind Offshore,2026-08-09T11:25:52Z
2026-08-09T11:15:09Z,2026-08-09T13:15:09+0200,e7e504e8-2603-4a3b-a199-89117103e6be,2026-07-23T22:45:00Z,2026-07-24T00:45:00+0200,763.951,MW,DK1,DK_1,actual_offshore_wind_generation,Wind Offshore,2026-08-09T11:25:52Z
2026-08-09T11:15:09Z,2026-08-09T13:15:09+0200,e7e504e8-2603-4a3b-a199-89117103e6be,2026-07-23T23:00:00Z,2026-07-24T01:00:00+0200,730.173,MW,DK1,DK_1,actual_offshore_wind_generation,Wind Offshore,2026-08-09T11:25:52Z
2026-08-09T11:15:09Z,2026-08-09T13:15:09+0200,e7e504e8-2603-4a3b-a199-89117103e6be,2026-07-23T23:15:00Z,2026-07-24T01:15:00+0200,752.063,MW,DK1,DK_1,actual_offshore_wind_generation,Wind Offshore,2026-08-09T11:25:52Z
2026-08-09T11:15:09Z,2026-08-09T13:15:09+0200,e7e504e8-2603-4a3b-a199-89117103e6be,2026-07-23T23:30:00Z,2026-07-24T01:30:00+0200,797.02,MW,DK1,DK_1,actual_offshore_wind_generation,Wind Offshore,2026-08-09T11:25:52Z
2026-08-09T11:15:09Z,2026-08-09T13:15:09+0200,e7e504e8-2603-4a3b-a199-89117103e6be,2026-07-23T23:45:00Z,2026-07-24T01:45:00+0200,814.308,MW,DK1,DK_1,actual_offshore_wind_generation,Wind Offshore,2026-08-09T11:25:52Z
2026-08-09T11:15:09Z,2026-08-09T13:15:09+0200,e7e504e8-2603-4a3b-a199-89117103e6be,2026-07-24T00:00:00Z,2026-07-24T02:00:00+0200,831.066,MW,DK1,DK_1,actual_offshore_wind_generation,Wind Offshore,2026-08-09T11:25:52Z
2026-08-09T11:15:09Z,2026-08-09T13:15:09+0200,e7e504e8-2603-4a3b-a199-89117103e6be,2026-07-24T00:15:00Z,2026-07-24T02:15:00+0200,896.709,MW,DK1,DK_1,actual_offshore_wind_generation,Wind Offshore,2026-08-09T11:25:52Z
2026-08-09T11:15:09Z,2026-08-09T13:15:09+0200,e7e504e8-2603-4a3b-a199-89117103e6be,2026-07-24T00:30:00Z,2026-07-24T02:30:00+0200,927.818,MW,DK1,DK_1,actual_offshore_wind_generation,Wind Offshore,2026-08-09T11:25:52Z
2026-08-09T11:15:09Z,2026-08-09T13:15:09+0200,e7e504e8-2603-4a3b-a199-89117103e6be,2026-07-24T00:45:00Z,2026-07-24T02:45:00+0200,933.47,MW,DK1,DK_1,actual_offshore_wind_generation,Wind Offshore,2026-08-09T11:25:52Z
2026-08-09T11:15:09Z,2026-08-09T13:15:09+0200,e7e504e8-2603-4a3b-a199-89117103e6be,2026-07-24T01:00:00Z,2026-07-24T03:00:00+0200,968.048,MW,DK1,DK_1,actual_offshore_wind_generation,Wind Offshore,2026-08-09T11:25:52Z
2026-08-09T11:15:09Z,2026-08-09T13:15:09+0200,e7e504e8-2603-4a3b-a199-89117103e6be,2026-07-24T01:15:00Z,2026-07-24T03:15:00+0200,1019.86,MW,DK1,DK_1,actual_offshore_wind_generation,Wind Offshore,2026-08-09T11:25:52Z
2026-08-09T11:15:09Z,2026-08-09T13:15:09+0200,e7e504e8-2603-4a3b-a199-89117103e6be,2026-07-24T01:30:00Z,2026-07-24T03:30:00+0200,979.422,MW,DK1,DK_1,actual_offshore_wind_generation,Wind Offshore,2026-08-09T11:25:52Z
2026-08-09T11:15:09Z,2026-08-09T13:15:09+0200,e7e504e8-2603-4a3b-a199-89117103e6be,2026-07-24T01:45:00Z,2026-07-24T03:45:00+0200,1048.67,MW,DK1,DK_1,actual_offshore_wind_generation,Wind Offshore,2026-08-09T11:25:52Z
2026-08-09T11:15:09Z,2026-08-09T13:15:09+0200,e7e504e8-2603-4a3b-a199-89117103e6be,2026-07-24T02:00:00Z,2026-07-24T04:00:00+0200,1071.58,MW,DK1,DK_1,actual_offshore_wind_generation,Wind Offshore,2026-08-09T11:25:52Z
2026-08-09T11:15:09Z,2026-08-09T13:15:09+0200,e7e504e8-2603-4a3b-a199-89117103e6be,2026-07-24T02:15:00Z,2026-07-24T04:15:00+0200,1064.98,MW,DK1,DK_1,actual_offshore_wind_generation,Wind Offshore,2026-08-09T11:25:52Z
2026-08-09T11:15:09Z,2026-08-09T13:15:09+0200,e7e504e8-2603-4a3b-a199-89117103e6be,2026-07-24T02:30:00Z,2026-07-24T04:30:00+0200,1045.06,MW,DK1,DK_1,actual_offshore_wind_generation,Wind Offshore,2026-08-09T11:25:52Z
2026-08-09T11:15:09Z,2026-08-09T13:15:09+0200,e7e504e8-2603-4a3b-a199-89117103e6be,2026-07-24T02:45:00Z,2026-07-24T04:45:00+0200,1030.23,MW,DK1,DK_1,actual_offshore_wind_generation,Wind Offshore,2026-08-09T11:25:52Z
2026-08-09T11:15:09Z,2026-08-09T13:15:09+0200,e7e504e8-2603-4a3b-a199-89117103e6be,2026-07-24T03:00:00Z,2026-07-24T05:00:00+0200,1026.14,MW,DK1,DK_1,actual_offshore_wind_generation,Wind Offshore,2026-08-09T11:25:52Z
2026-08-09T11:15:09Z,2026-08-09T13:15:09+0200,e7e504e8-2603-4a3b-a199-89117103e6be,2026-07-24T03:15:00Z,2026-07-24T05:15:00+0200,961.586,MW,DK1,DK_1,actual_offshore_wind_generation,Wind Offshore,2026-08-09T11:25:52Z
2026-08-09T11:15:09Z,2026-08-09T13:15:09+0200,e7e504e8-2603-4a3b-a199-89117103e6be,2026-07-24T03:30:00Z,2026-07-24T05:30:00+0200,977.801,MW,DK1,DK_1,actual_offshore_wind_generation,Wind Offshore,2026-08-09T11:25:52Z
2026-08-09T11:15:09Z,2026-08-09T13:15:09+0200,e7e504e8-2603-4a3b-a199-89117103e6be,2026-07-24T03:45:00Z,2026-07-24T05:45:00+0200,953.514,MW,DK1,DK_1,actual_offshore_wind_generation,Wind Offshore,2026-08-09T11:25:52Z
2026-08-09T11:15:09Z,2026-08-09T13:15:09+0200,e7e504e8-2603-4a3b-a199-89117103e6be,2026-07-24T04:00:00Z,2026-07-24T06:00:00+0200,896.644,MW,DK1,DK_1,actual_offshore_wind_generation,Wind Offshore,2026-08-09T11:25:52Z
2026-08-09T11:15:09Z,2026-08-09T13:15:09+0200,e7e504e8-2603-4a3b-a199-89117103e6be,2026-07-24T04:15:00Z,2026-07-24T06:15:00+0200,870.957,MW,DK1,DK_1,actual_offshore_wind_generation,Wind Offshore,2026-08-09T11:25:52Z
2026-08-09T11:15:09Z,2026-08-09T13:15:09+0200,e7e504e8-2603-4a3b-a199-89117103e6be,2026-07-24T04:30:00Z,2026-07-24T06:30:00+0200,935.819,MW,DK1,DK_1,actual_offshore_wind_generation,Wind Offshore,2026-08-09T11:25:52Z
2026-08-09T11:15:09Z,2026-08-09T13:15:09+0200,e7e504e8-2603-4a3b-a199-89117103e6be,2026-07-24T04:45:00Z,2026-07-24T06:45:00+0200,912.775,MW,DK1,DK_1,actual_offshore_wind_generation,Wind Offshore,2026-08-09T11:25:52Z
2026-08-09T11:15:09Z,2026-08-09T13:15:09+0200,e7e504e8-2603-4a3b-a199-89117103e6be,2026-07-24T05:00:00Z,2026-07-24T07:00:00+0200,855.231,MW,DK1,DK_1,actual_offshore_wind_generation,Wind Offshore,2026-08-09T11:25:52Z
2026-08-09T11:15:09Z,2026-08-09T13:15:09+0200,e7e504e8-2603-4a3b-a199-89117103e6be,2026-07-24T05:15:00Z,2026-07-24T07:15:00+0200,781.93,MW,DK1,DK_1,actual_offshore_wind_generation,Wind Offshore,2026-08-09T11:25:52Z
2026-08-09T11:15:09Z,2026-08-09T13:15:09+0200,e7e504e8-2603-4a3b-a199-89117103e6be,2026-07-24T05:30:00Z,2026-07-24T07:30:00+0200,795.651,MW,DK1,DK_1,actual_offshore_wind_generation,Wind Offshore,2026-08-09T11:25:52Z
2026-08-09T11:15:09Z,2026-08-09T13:15:09+0200,e7e504e8-2603-4a3b-a199-89117103e6be,2026-07-24T05:45:00Z,2026-07-24T07:45:00+0200,818.052,MW,DK1,DK_1,actual_offshore_wind_generation,Wind Offshore,2026-08-09T11:25:52Z
2026-08-09T11:15:09Z,2026-08-09T13:15:09+0200,e7e504e8-2603-4a3b-a199-89117103e6be,2026-07-24T06:00:00Z,2026-07-24T08:00:00+0200,845.503,MW,DK1,DK_1,actual_offshore_wind_generation,Wind Offshore,2026-08-09T11:25:52Z
2026-08-09T11:15:09Z,2026-08-09T13:15:09+0200,e7e504e8-2603-4a3b-a199-89117103e6be,2026-07-24T06:15:00Z,2026-07-24T08:15:00+0200,843.955,MW,DK1,DK_1,actual_offshore_wind_generation,Wind Offshore,2026-08-09T11:25:52Z
2026-08-09T11:15:09Z,2026-08-09T13:15:09+0200,e7e504e8-2603-4a3b-a199-89117103e6be,2026-07-24T06:30:00Z,2026-07-24T08:30:00+0200,845.87,MW,DK1,DK_1,actual_offshore_wind_generation,Wind Offshore,2026-08-09T11:25:52Z
2026-08-09T11:15:09Z,2026-08-09T13:15:09+0200,e7e504e8-2603-4a3b-a199-89117103e6be,2026-07-24T06:45:00Z,2026-07-24T08:45:00+0200,850.446,MW,DK1,DK_1,actual_offshore_wind_generation,Wind Offshore,2026-08-09T11:25:52Z
2026-08-09T11:15:09Z,2026-08-09T13:15:09+0200,e7e504e8-2603-4a3b-a199-89117103e6be,2026-07-24T07:00:00Z,2026-07-24T09:00:00+0200,880.01,MW,DK1,DK_1,actual_offshore_wind_generation,Wind Offshore,2026-08-09T11:25:52Z
2026-08-09T11:15:09Z,2026-08-09T13:15:09+0200,e7e504e8-2603-4a3b-a199-89117103e6be,2026-07-24T07:15:00Z,2026-07-24T09:15:00+0200,878.389,MW,DK1,DK_1,actual_offshore_wind_generation,Wind Offshore,2026-08-09T11:25:52Z
2026-08-09T11:15:09Z,2026-08-09T13:15:09+0200,e7e504e8-2603-4a3b-a199-89117103e6be,2026-07-24T07:30:00Z,2026-07-24T09:30:00+0200,863.947,MW,DK1,DK_1,actual_offshore_wind_generation,Wind Offshore,2026-08-09T11:25:52Z
2026-08-09T11:15:09Z,2026-08-09T13:15:09+0200,e7e504e8-2603-4a3b-a199-89117103e6be,2026-07-24T07:45:00Z,2026-07-24T09:45:00+0200,872.871,MW,DK1,DK_1,actual_offshore_wind_generation,Wind Offshore,2026-08-09T11:25:52Z
2026-08-09T11:15:09Z,2026-08-09T13:15:09+0200,e7e504e8-2603-4a3b-a199-89117103e6be,2026-07-24T08:00:00Z,2026-07-24T10:00:00+0200,865.431,MW,DK1,DK_1,actual_offshore_wind_generation,Wind Offshore,2026-08-09T11:25:52Z
2026-08-09T11:15:09Z,2026-08-09T13:15:09+0200,e7e504e8-2603-4a3b-a199-89117103e6be,2026-07-24T08:15:00Z,2026-07-24T10:15:00+0200,827.641,MW,DK1,DK_1,actual_offshore_wind_generation,Wind Offshore,2026-08-09T11:25:52Z
2026-08-09T11:15:09Z,2026-08-09T13:15:09+0200,e7e504e8-2603-4a3b-a199-89117103e6be,2026-07-24T08:30:00Z,2026-07-24T10:30:00+0200,790.652,MW,DK1,DK_1,actual_offshore_wind_generation,Wind Offshore,2026-08-09T11:25:52Z
2026-08-09T11:15:09Z,2026-08-09T13:15:09+0200,e7e504e8-2603-4a3b-a199-89117103e6be,2026-07-24T08:45:00Z,2026-07-24T10:45:00+0200,794.351,MW,DK1,DK_1,actual_offshore_wind_generation,Wind Offshore,2026-08-09T11:25:52Z
2026-08-09T11:15:09Z,2026-08-09T13:15:09+0200,e7e504e8-2603-4a3b-a199-89117103e6be,2026-07-24T09:00:00Z,2026-07-24T11:00:00+0200,766.267,MW,DK1,DK_1,actual_offshore_wind_generation,Wind Offshore,2026-08-09T11:25:52Z
2026-08-09T11:15:09Z,2026-08-09T13:15:09+0200,e7e504e8-2603-4a3b-a199-89117103e6be,2026-07-24T09:15:00Z,2026-07-24T11:15:00+0200,748.386,MW,DK1,DK_1,actual_offshore_wind_generation,Wind Offshore,2026-08-09T11:25:52Z
2026-08-09T11:15:09Z,2026-08-09T13:15:09+0200,e7e504e8-2603-4a3b-a199-89117103e6be,2026-07-24T09:30:00Z,2026-07-24T11:30:00+0200,695.13,MW,DK1,DK_1,actual_offshore_wind_generation,Wind Offshore,2026-08-09T11:25:52Z
2026-08-09T11:15:09Z,2026-08-09T13:15:09+0200,e7e504e8-2603-4a3b-a199-89117103e6be,2026-07-24T09:45:00Z,2026-07-24T11:45:00+0200,668.482,MW,DK1,DK_1,actual_offshore_wind_generation,Wind Offshore,2026-08-09T11:25:52Z
2026-08-09T11:15:09Z,2026-08-09T13:15:09+0200,e7e504e8-2603-4a3b-a199-89117103e6be,2026-07-24T10:00:00Z,2026-07-24T12:00:00+0200,650.835,MW,DK1,DK_1,actual_offshore_wind_generation,Wind Offshore,2026-08-09T11:25:52Z
2026-08-09T11:15:09Z,2026-08-09T13:15:09+0200,e7e504e8-2603-4a3b-a199-89117103e6be,2026-07-24T10:15:00Z,2026-07-24T12:15:00+0200,649.952,MW,DK1,DK_1,actual_offshore_wind_generation,Wind Offshore,2026-08-09T11:25:52Z
2026-08-09T11:15:09Z,2026-08-09T13:15:09+0200,e7e504e8-2603-4a3b-a199-89117103e6be,2026-07-24T10:30:00Z,2026-07-24T12:30:00+0200,646.456,MW,DK1,DK_1,actual_offshore_wind_generation,Wind Offshore,2026-08-09T11:25:52Z
2026-08-09T11:15:09Z,2026-08-09T13:15:09+0200,e7e504e8-2603-4a3b-a199-89117103e6be,2026-07-24T10:45:00Z,2026-07-24T12:45:00+0200,607.292,MW,DK1,DK_1,actual_offshore_wind_generation,Wind Offshore,2026-08-09T11:25:52Z
2026-08-09T11:15:09Z,2026-08-09T13:15:09+0200,e7e504e8-2603-4a3b-a199-89117103e6be,2026-07-24T11:00:00Z,2026-07-24T13:00:00+0200,596.527,MW,DK1,DK_1,actual_offshore_wind_generation,Wind Offshore,2026-08-09T11:25:52Z
2026-08-09T11:15:09Z,2026-08-09T13:15:09+0200,e7e504e8-2603-4a3b-a199-89117103e6be,2026-07-24T11:15:00Z,2026-07-24T13:15:00+0200,677.148,MW,DK1,DK_1,actual_offshore_wind_generation,Wind Offshore,2026-08-09T11:25:52Z
2026-08-09T11:15:09Z,2026-08-09T13:15:09+0200,e7e504e8-2603-4a3b-a199-89117103e6be,2026-07-24T11:30:00Z,2026-07-24T13:30:00+0200,764.375,MW,DK1,DK_1,actual_offshore_wind_generation,Wind Offshore,2026-08-09T11:25:52Z
2026-08-09T11:15:09Z,2026-08-09T13:15:09+0200,e7e504e8-2603-4a3b-a199-89117103e6be,2026-07-24T11:45:00Z,2026-07-24T13:45:00+0200,703.722,MW,DK1,DK_1,actual_offshore_wind_generation,Wind Offshore,2026-08-09T11:25:52Z
2026-08-09T11:15:09Z,2026-08-09T13:15:09+0200,e7e504e8-2603-4a3b-a199-89117103e6be,2026-07-24T12:00:00Z,2026-07-24T14:00:00+0200,609.339,MW,DK1,DK_1,actual_offshore_wind_generation,Wind Offshore,2026-08-09T11:25:52Z
2026-08-09T11:15:09Z,2026-08-09T13:15:09+0200,e7e504e8-2603-4a3b-a199-89117103e6be,2026-07-24T12:15:00Z,2026-07-24T14:15:00+0200,606.43,MW,DK1,DK_1,actual_offshore_wind_generation,Wind Offshore,2026-08-09T11:25:52Z
2026-08-09T11:15:09Z,2026-08-09T13:15:09+0200,e7e504e8-2603-4a3b-a199-89117103e6be,2026-07-24T12:30:00Z,2026-07-24T14:30:00+0200,579.108,MW,DK1,DK_1,actual_offshore_wind_generation,Wind Offshore,2026-08-09T11:25:52Z
2026-08-09T11:15:09Z,2026-08-09T13:15:09+0200,e7e504e8-2603-4a3b-a199-89117103e6be,2026-07-24T12:45:00Z,2026-07-24T14:45:00+0200,544.42,MW,DK1,DK_1,actual_offshore_wind_generation,Wind Offshore,2026-08-09T11:25:52Z
2026-08-09T11:15:09Z,2026-08-09T13:15:09+0200,e7e504e8-2603-4a3b-a199-89117103e6be,2026-07-24T13:00:00Z,2026-07-24T15:00:00+0200,527.782,MW,DK1,DK_1,actual_offshore_wind_generation,Wind Offshore,2026-08-09T11:25:52Z
2026-08-09T11:15:09Z,2026-08-09T13:15:09+0200,e7e504e8-2603-4a3b-a199-89117103e6be,2026-07-24T13:15:00Z,2026-07-24T15:15:00+0200,700.462,MW,DK1,DK_1,actual_offshore_wind_generation,Wind Offshore,2026-08-09T11:25:52Z
2026-08-09T11:15:09Z,2026-08-09T13:15:09+0200,e7e504e8-2603-4a3b-a199-89117103e6be,2026-07-24T13:30:00Z,2026-07-24T15:30:00+0200,764.063,MW,DK1,DK_1,actual_offshore_wind_generation,Wind Offshore,2026-08-09T11:25:52Z
2026-08-09T11:15:09Z,2026-08-09T13:15:09+0200,e7e504e8-2603-4a3b-a199-89117103e6be,2026-07-24T13:45:00Z,2026-07-24T15:45:00+0200,962.585,MW,DK1,DK_1,actual_offshore_wind_generation,Wind Offshore,2026-08-09T11:25:52Z
2026-08-09T11:15:09Z,2026-08-09T13:15:09+0200,e7e504e8-2603-4a3b-a199-89117103e6be,2026-07-24T14:00:00Z,2026-07-24T16:00:00+0200,974.907,MW,DK1,DK_1,actual_offshore_wind_generation,Wind Offshore,2026-08-09T11:25:52Z
2026-08-09T11:15:09Z,2026-08-09T13:15:09+0200,e7e504e8-2603-4a3b-a199-89117103e6be,2026-07-24T14:15:00Z,2026-07-24T16:15:00+0200,995.355,MW,DK1,DK_1,actual_offshore_wind_generation,Wind Offshore,2026-08-09T11:25:52Z
2026-08-09T11:15:09Z,2026-08-09T13:15:09+0200,e7e504e8-2603-4a3b-a199-89117103e6be,2026-07-24T14:30:00Z,2026-07-24T16:30:00+0200,977.514,MW,DK1,DK_1,actual_offshore_wind_generation,Wind Offshore,2026-08-09T11:25:52Z
2026-08-09T11:15:09Z,2026-08-09T13:15:09+0200,e7e504e8-2603-4a3b-a199-89117103e6be,2026-07-24T14:45:00Z,2026-07-24T16:45:00+0200,907.72,MW,DK1,DK_1,actual_offshore_wind_generation,Wind Offshore,2026-08-09T11:25:52Z
2026-08-09T11:15:09Z,2026-08-09T13:15:09+0200,e7e504e8-2603-4a3b-a199-89117103e6be,2026-07-24T15:00:00Z,2026-07-24T17:00:00+0200,884.618,MW,DK1,DK_1,actual_offshore_wind_generation,Wind Offshore,2026-08-09T11:25:52Z
2026-08-09T11:15:09Z,2026-08-09T13:15:09+0200,e7e504e8-2603-4a3b-a199-89117103e6be,2026-07-24T15:15:00Z,2026-07-24T17:15:00+0200,849.915,MW,DK1,DK_1,actual_offshore_wind_generation,Wind Offshore,2026-08-09T11:25:52Z
2026-08-09T11:15:09Z,2026-08-09T13:15:09+0200,e7e504e8-2603-4a3b-a199-89117103e6be,2026-07-24T15:30:00Z,2026-07-24T17:30:00+0200,842.421,MW,DK1,DK_1,actual_offshore_wind_generation,Wind Offshore,2026-08-09T11:25:52Z
2026-08-09T11:15:09Z,2026-08-09T13:15:09+0200,e7e504e8-2603-4a3b-a199-89117103e6be,2026-07-24T15:45:00Z,2026-07-24T17:45:00+0200,840.163,MW,DK1,DK_1,actual_offshore_wind_generation,Wind Offshore,2026-08-09T11:25:52Z
2026-08-09T11:15:09Z,2026-08-09T13:15:09+0200,e7e504e8-2603-4a3b-a199-89117103e6be,2026-07-24T16:00:00Z,2026-07-24T18:00:00+0200,861.073,MW,DK1,DK_1,actual_offshore_wind_generation,Wind Offshore,2026-08-09T11:25:52Z
2026-08-09T11:15:09Z,2026-08-09T13:15:09+0200,e7e504e8-2603-4a3b-a199-89117103e6be,2026-07-24T16:15:00Z,2026-07-24T18:15:00+0200,859.868,MW,DK1,DK_1,actual_offshore_wind_generation,Wind Offshore,2026-08-09T11:25:52Z
2026-08-09T11:15:09Z,2026-08-09T13:15:09+0200,e7e504e8-2603-4a3b-a199-89117103e6be,2026-07-24T16:30:00Z,2026-07-24T18:30:00+0200,964.141,MW,DK1,DK_1,actual_offshore_wind_generation,Wind Offshore,2026-08-09T11:25:52Z
2026-08-09T11:15:09Z,2026-08-09T13:15:09+0200,e7e504e8-2603-4a3b-a199-89117103e6be,2026-07-24T16:45:00Z,2026-07-24T18:45:00+0200,1016.41,MW,DK1,DK_1,actual_offshore_wind_generation,Wind Offshore,2026-08-09T11:25:52Z
2026-08-09T11:15:09Z,2026-08-09T13:15:09+0200,e7e504e8-2603-4a3b-a199-89117103e6be,2026-07-24T17:00:00Z,2026-07-24T19:00:00+0200,1049.22,MW,DK1,DK_1,actual_offshore_wind_generation,Wind Offshore,2026-08-09T11:25:52Z
2026-08-09T11:15:09Z,2026-08-09T13:15:09+0200,e7e504e8-2603-4a3b-a199-89117103e6be,2026-07-24T17:15:00Z,2026-07-24T19:15:00+0200,1087.91,MW,DK1,DK_1,actual_offshore_wind_generation,Wind Offshore,2026-08-09T11:25:52Z
2026-08-09T11:15:09Z,2026-08-09T13:15:09+0200,e7e504e8-2603-4a3b-a199-89117103e6be,2026-07-24T17:30:00Z,2026-07-24T19:30:00+0200,1100.92,MW,DK1,DK_1,actual_offshore_wind_generation,Wind Offshore,2026-08-09T11:25:52Z
2026-08-09T11:15:09Z,2026-08-09T13:15:09+0200,e7e504e8-2603-4a3b-a199-89117103e6be,2026-07-24T17:45:00Z,2026-07-24T19:45:00+0200,1101.33,MW,DK1,DK_1,actual_offshore_wind_generation,Wind Offshore,2026-08-09T11:25:52Z
2026-08-09T11:15:09Z,2026-08-09T13:15:09+0200,e7e504e8-2603-4a3b-a199-89117103e6be,2026-07-24T18:00:00Z,2026-07-24T20:00:00+0200,1104.26,MW,DK1,DK_1,actual_offshore_wind_generation,Wind Offshore,2026-08-09T11:25:52Z
2026-08-09T11:15:09Z,2026-08-09T13:15:09+0200,e7e504e8-2603-4a3b-a199-89117103e6be,2026-07-24T18:15:00Z,2026-07-24T20:15:00+0200,1120.63,MW,DK1,DK_1,actual_offshore_wind_generation,Wind Offshore,2026-08-09T11:25:52Z
2026-08-09T11:15:09Z,2026-08-09T13:15:09+0200,e7e504e8-2603-4a3b-a199-89117103e6be,2026-07-24T18:30:00Z,2026-07-24T20:30:00+0200,1135.7,MW,DK1,DK_1,actual_offshore_wind_generation,Wind Offshore,2026-08-09T11:25:52Z
2026-08-09T11:15:09Z,2026-08-09T13:15:09+0200,e7e504e8-2603-4a3b-a199-89117103e6be,2026-07-24T18:45:00Z,2026-07-24T20:45:00+0200,1116.87,MW,DK1,DK_1,actual_offshore_wind_generation,Wind Offshore,2026-08-09T11:25:52Z
2026-08-09T11:15:09Z,2026-08-09T13:15:09+0200,e7e504e8-2603-4a3b-a199-89117103e6be,2026-07-24T19:00:00Z,2026-07-24T21:00:00+0200,1083.59,MW,DK1,DK_1,actual_offshore_wind_generation,Wind Offshore,2026-08-09T11:25:52Z
2026-08-09T11:15:09Z,2026-08-09T13:15:09+0200,e7e504e8-2603-4a3b-a199-89117103e6be,2026-07-24T19:15:00Z,2026-07-24T21:15:00+0200,1053.34,MW,DK1,DK_1,actual_offshore_wind_generation,Wind Offshore,2026-08-09T11:25:52Z
2026-08-09T11:15:09Z,2026-08-09T13:15:09+0200,e7e504e8-2603-4a3b-a199-89117103e6be,2026-07-24T19:30:00Z,2026-07-24T21:30:00+0200,972.306,MW,DK1,DK_1,actual_offshore_wind_generation,Wind Offshore,2026-08-09T11:25:52Z
2026-08-09T11:15:09Z,2026-08-09T13:15:09+0200,e7e504e8-2603-4a3b-a199-89117103e6be,2026-07-24T19:45:00Z,2026-07-24T21:45:00+0200,918.238,MW,DK1,DK_1,actual_offshore_wind_generation,Wind Offshore,2026-08-09T11:25:52Z
2026-08-09T11:15:09Z,2026-08-09T13:15:09+0200,e7e504e8-2603-4a3b-a199-89117103e6be,2026-07-24T20:00:00Z,2026-07-24T22:00:00+0200,844.761,MW,DK1,DK_1,actual_offshore_wind_generation,Wind Offshore,2026-08-09T11:25:52Z
2026-08-09T11:15:09Z,2026-08-09T13:15:09+0200,e7e504e8-2603-4a3b-a199-89117103e6be,2026-07-24T20:15:00Z,2026-07-24T22:15:00+0200,759.762,MW,DK1,DK_1,actual_offshore_wind_generation,Wind Offshore,2026-08-09T11:25:52Z
2026-08-09T11:15:09Z,2026-08-09T13:15:09+0200,e7e504e8-2603-4a3b-a199-89117103e6be,2026-07-24T20:30:00Z,2026-07-24T22:30:00+0200,685.068,MW,DK1,DK_1,actual_offshore_wind_generation,Wind Offshore,2026-08-09T11:25:52Z
2026-08-09T11:15:09Z,2026-08-09T13:15:09+0200,e7e504e8-2603-4a3b-a199-89117103e6be,2026-07-24T20:45:00Z,2026-07-24T22:45:00+0200,619.739,MW,DK1,DK_1,actual_offshore_wind_generation,Wind Offshore,2026-08-09T11:25:52Z
2026-08-09T11:15:09Z,2026-08-09T13:15:09+0200,e7e504e8-2603-4a3b-a199-89117103e6be,2026-07-24T21:00:00Z,2026-07-24T23:00:00+0200,636.996,MW,DK1,DK_1,actual_offshore_wind_generation,Wind Offshore,2026-08-09T11:25:52Z
2026-08-09T11:15:09Z,2026-08-09T13:15:09+0200,e7e504e8-2603-4a3b-a199-89117103e6be,2026-07-24T21:15:00Z,2026-07-24T23:15:00+0200,634.254,MW,DK1,DK_1,actual_offshore_wind_generation,Wind Offshore,2026-08-09T11:25:52Z
2026-08-09T11:15:09Z,2026-08-09T13:15:09+0200,e7e504e8-2603-4a3b-a199-89117103e6be,2026-07-24T21:30:00Z,2026-07-24T23:30:00+0200,585.07,MW,DK1,DK_1,actual_offshore_wind_generation,Wind Offshore,2026-08-09T11:25:52Z
2026-08-09T11:15:09Z,2026-08-09T13:15:09+0200,e7e504e8-2603-4a3b-a199-89117103e6be,2026-07-24T21:45:00Z,2026-07-24T23:45:00+0200,587.321,MW,DK1,DK_1,actual_offshore_wind_generation,Wind Offshore,2026-08-09T11:25:52Z
2026-08-09T11:15:09Z,2026-08-09T13:15:09+0200,e7e504e8-2603-4a3b-a199-89117103e6be,2026-07-24T22:00:00Z,2026-07-25T00:00:00+0200,605.508,MW,DK1,DK_1,actual_offshore_wind_generation,Wind Offshore,2026-08-09T11:25:52Z
2026-08-09T11:15:09Z,2026-08-09T13:15:09+0200,e7e504e8-2603-4a3b-a199-89117103e6be,2026-07-24T22:15:00Z,2026-07-25T00:15:00+0200,637.658,MW,DK1,DK_1,actual_offshore_wind_generation,Wind Offshore,2026-08-09T11:25:52Z
2026-08-09T11:15:09Z,2026-08-09T13:15:09+0200,e7e504e8-2603-4a3b-a199-89117103e6be,2026-07-24T22:30:00Z,2026-07-25T00:30:00+0200,635.614,MW,DK1,DK_1,actual_offshore_wind_generation,Wind Offshore,2026-08-09T11:25:52Z
2026-08-09T11:15:09Z,2026-08-09T13:15:09+0200,e7e504e8-2603-4a3b-a199-89117103e6be,2026-07-24T22:45:00Z,2026-07-25T00:45:00+0200,623.032,MW,DK1,DK_1,actual_offshore_wind_generation,Wind Offshore,2026-08-09T11:25:52Z
2026-08-09T11:15:09Z,2026-08-09T13:15:09+0200,e7e504e8-2603-4a3b-a199-89117103e6be,2026-07-24T23:00:00Z,2026-07-25T01:00:00+0200,585.18,MW,DK1,DK_1,actual_offshore_wind_generation,Wind Offshore,2026-08-09T11:25:52Z
2026-08-09T11:15:09Z,2026-08-09T13:15:09+0200,e7e504e8-2603-4a3b-a199-89117103e6be,2026-07-24T23:15:00Z,2026-07-25T01:15:00+0200,594.29,MW,DK1,DK_1,actual_offshore_wind_generation,Wind Offshore,2026-08-09T11:25:52Z
2026-08-09T11:15:09Z,2026-08-09T13:15:09+0200,e7e504e8-2603-4a3b-a199-89117103e6be,2026-07-24T23:30:00Z,2026-07-25T01:30:00+0200,583.148,MW,DK1,DK_1,actual_offshore_wind_generation,Wind Offshore,2026-08-09T11:25:52Z
2026-08-09T11:15:09Z,2026-08-09T13:15:09+0200,e7e504e8-2603-4a3b-a199-89117103e6be,2026-07-24T23:45:00Z,2026-07-25T01:45:00+0200,619.245,MW,DK1,DK_1,actual_offshore_wind_generation,Wind Offshore,2026-08-09T11:25:52Z
2026-08-09T11:15:09Z,2026-08-09T13:15:09+0200,e7e504e8-2603-4a3b-a199-89117103e6be,2026-07-25T00:00:00Z,2026-07-25T02:00:00+0200,618.498,MW,DK1,DK_1,actual_offshore_wind_generation,Wind Offshore,2026-08-09T11:25:52Z
2026-08-09T11:15:09Z,2026-08-09T13:15:09+0200,e7e504e8-2603-4a3b-a199-89117103e6be,2026-07-25T00:15:00Z,2026-07-25T02:15:00+0200,565.353,MW,DK1,DK_1,actual_offshore_wind_generation,Wind Offshore,2026-08-09T11:25:52Z
2026-08-09T11:15:09Z,2026-08-09T13:15:09+0200,e7e504e8-2603-4a3b-a199-89117103e6be,2026-07-25T00:30:00Z,2026-07-25T02:30:00+0200,581.221,MW,DK1,DK_1,actual_offshore_wind_generation,Wind Offshore,2026-08-09T11:25:52Z
2026-08-09T11:15:09Z,2026-08-09T13:15:09+0200,e7e504e8-2603-4a3b-a199-89117103e6be,2026-07-25T00:45:00Z,2026-07-25T02:45:00+0200,588.336,MW,DK1,DK_1,actual_offshore_wind_generation,Wind Offshore,2026-08-09T11:25:52Z
2026-08-09T11:15:09Z,2026-08-09T13:15:09+0200,e7e504e8-2603-4a3b-a199-89117103e6be,2026-07-25T01:00:00Z,2026-07-25T03:00:00+0200,565.026,MW,DK1,DK_1,actual_offshore_wind_generation,Wind Offshore,2026-08-09T11:25:52Z
2026-08-09T11:15:09Z,2026-08-09T13:15:09+0200,e7e504e8-2603-4a3b-a199-89117103e6be,2026-07-25T01:15:00Z,2026-07-25T03:15:00+0200,607.016,MW,DK1,DK_1,actual_offshore_wind_generation,Wind Offshore,2026-08-09T11:25:52Z
2026-08-09T11:15:09Z,2026-08-09T13:15:09+0200,e7e504e8-2603-4a3b-a199-89117103e6be,2026-07-25T01:30:00Z,2026-07-25T03:30:00+0200,669.686,MW,DK1,DK_1,actual_offshore_wind_generation,Wind Offshore,2026-08-09T11:25:52Z
2026-08-09T11:15:09Z,2026-08-09T13:15:09+0200,e7e504e8-2603-4a3b-a199-89117103e6be,2026-07-25T01:45:00Z,2026-07-25T03:45:00+0200,717.293,MW,DK1,DK_1,actual_offshore_wind_generation,Wind Offshore,2026-08-09T11:25:52Z
2026-08-09T11:15:09Z,2026-08-09T13:15:09+0200,e7e504e8-2603-4a3b-a199-89117103e6be,2026-07-25T02:00:00Z,2026-07-25T04:00:00+0200,756.464,MW,DK1,DK_1,actual_offshore_wind_generation,Wind Offshore,2026-08-09T11:25:52Z
2026-08-09T11:15:09Z,2026-08-09T13:15:09+0200,e7e504e8-2603-4a3b-a199-89117103e6be,2026-07-25T02:15:00Z,2026-07-25T04:15:00+0200,815.81,MW,DK1,DK_1,actual_offshore_wind_generation,Wind Offshore,2026-08-09T11:25:52Z
2026-08-09T11:15:09Z,2026-08-09T13:15:09+0200,e7e504e8-2603-4a3b-a199-89117103e6be,2026-07-25T02:30:00Z,2026-07-25T04:30:00+0200,887.807,MW,DK1,DK_1,actual_offshore_wind_generation,Wind Offshore,2026-08-09T11:25:52Z
2026-08-09T11:15:09Z,2026-08-09T13:15:09+0200,e7e504e8-2603-4a3b-a199-89117103e6be,2026-07-25T02:45:00Z,2026-07-25T04:45:00+0200,923.814,MW,DK1,DK_1,actual_offshore_wind_generation,Wind Offshore,2026-08-09T11:25:52Z
2026-08-09T11:15:09Z,2026-08-09T13:15:09+0200,e7e504e8-2603-4a3b-a199-89117103e6be,2026-07-25T03:00:00Z,2026-07-25T05:00:00+0200,878.986,MW,DK1,DK_1,actual_offshore_wind_generation,Wind Offshore,2026-08-09T11:25:52Z
2026-08-09T11:15:09Z,2026-08-09T13:15:09+0200,e7e504e8-2603-4a3b-a199-89117103e6be,2026-07-25T03:15:00Z,2026-07-25T05:15:00+0200,862.705,MW,DK1,DK_1,actual_offshore_wind_generation,Wind Offshore,2026-08-09T11:25:52Z
2026-08-09T11:15:09Z,2026-08-09T13:15:09+0200,e7e504e8-2603-4a3b-a199-89117103e6be,2026-07-25T03:30:00Z,2026-07-25T05:30:00+0200,849.224,MW,DK1,DK_1,actual_offshore_wind_generation,Wind Offshore,2026-08-09T11:25:52Z
2026-08-09T11:15:09Z,2026-08-09T13:15:09+0200,e7e504e8-2603-4a3b-a199-89117103e6be,2026-07-25T03:45:00Z,2026-07-25T05:45:00+0200,873.628,MW,DK1,DK_1,actual_offshore_wind_generation,Wind Offshore,2026-08-09T11:25:52Z
2026-08-09T11:15:09Z,2026-08-09T13:15:09+0200,e7e504e8-2603-4a3b-a199-89117103e6be,2026-07-25T04:00:00Z,2026-07-25T06:00:00+0200,893.229,MW,DK1,DK_1,actual_offshore_wind_generation,Wind Offshore,2026-08-09T11:25:52Z
2026-08-09T11:15:09Z,2026-08-09T13:15:09+0200,e7e504e8-2603-4a3b-a199-89117103e6be,2026-07-25T04:15:00Z,2026-07-25T06:15:00+0200,864.374,MW,DK1,DK_1,actual_offshore_wind_generation,Wind Offshore,2026-08-09T11:25:52Z
2026-08-09T11:15:09Z,2026-08-09T13:15:09+0200,e7e504e8-2603-4a3b-a199-89117103e6be,2026-07-25T04:30:00Z,2026-07-25T06:30:00+0200,870.264,MW,DK1,DK_1,actual_offshore_wind_generation,Wind Offshore,2026-08-09T11:25:52Z
2026-08-09T11:15:09Z,2026-08-09T13:15:09+0200,e7e504e8-2603-4a3b-a199-89117103e6be,2026-07-25T04:45:00Z,2026-07-25T06:45:00+0200,872.027,MW,DK1,DK_1,actual_offshore_wind_generation,Wind Offshore,2026-08-09T11:25:52Z
2026-08-09T11:15:09Z,2026-08-09T13:15:09+0200,e7e504e8-2603-4a3b-a199-89117103e6be,2026-07-25T05:00:00Z,2026-07-25T07:00:00+0200,888.69,MW,DK1,DK_1,actual_offshore_wind_generation,Wind Offshore,2026-08-09T11:25:52Z
2026-08-09T11:15:09Z,2026-08-09T13:15:09+0200,e7e504e8-2603-4a3b-a199-89117103e6be,2026-07-25T05:15:00Z,2026-07-25T07:15:00+0200,845.16,MW,DK1,DK_1,actual_offshore_wind_generation,Wind Offshore,2026-08-09T11:25:52Z
2026-08-09T11:15:09Z,2026-08-09T13:15:09+0200,e7e504e8-2603-4a3b-a199-89117103e6be,2026-07-25T05:30:00Z,2026-07-25T07:30:00+0200,761.677,MW,DK1,DK_1,actual_offshore_wind_generation,Wind Offshore,2026-08-09T11:25:52Z
2026-08-09T11:15:09Z,2026-08-09T13:15:09+0200,e7e504e8-2603-4a3b-a199-89117103e6be,2026-07-25T05:45:00Z,2026-07-25T07:45:00+0200,728.631,MW,DK1,DK_1,actual_offshore_wind_generation,Wind Offshore,2026-08-09T11:25:52Z
2026-08-09T11:15:09Z,2026-08-09T13:15:09+0200,e7e504e8-2603-4a3b-a199-89117103e6be,2026-07-25T06:00:00Z,2026-07-25T08:00:00+0200,726.59,MW,DK1,DK_1,actual_offshore_wind_generation,Wind Offshore,2026-08-09T11:25:52Z
2026-08-09T11:15:09Z,2026-08-09T13:15:09+0200,e7e504e8-2603-4a3b-a199-89117103e6be,2026-07-25T06:15:00Z,2026-07-25T08:15:00+0200,703.382,MW,DK1,DK_1,actual_offshore_wind_generation,Wind Offshore,2026-08-09T11:25:52Z
2026-08-09T11:15:09Z,2026-08-09T13:15:09+0200,e7e504e8-2603-4a3b-a199-89117103e6be,2026-07-25T06:30:00Z,2026-07-25T08:30:00+0200,689.154,MW,DK1,DK_1,actual_offshore_wind_generation,Wind Offshore,2026-08-09T11:25:52Z
2026-08-09T11:15:09Z,2026-08-09T13:15:09+0200,e7e504e8-2603-4a3b-a199-89117103e6be,2026-07-25T06:45:00Z,2026-07-25T08:45:00+0200,678.242,MW,DK1,DK_1,actual_offshore_wind_generation,Wind Offshore,2026-08-09T11:25:52Z
2026-08-09T11:15:09Z,2026-08-09T13:15:09+0200,e7e504e8-2603-4a3b-a199-89117103e6be,2026-07-25T07:00:00Z,2026-07-25T09:00:00+0200,706.606,MW,DK1,DK_1,actual_offshore_wind_generation,Wind Offshore,2026-08-09T11:25:52Z
2026-08-09T11:15:09Z,2026-08-09T13:15:09+0200,e7e504e8-2603-4a3b-a199-89117103e6be,2026-07-25T07:15:00Z,2026-07-25T09:15:00+0200,786.735,MW,DK1,DK_1,actual_offshore_wind_generation,Wind Offshore,2026-08-09T11:25:52Z
2026-08-09T11:15:09Z,2026-08-09T13:15:09+0200,e7e504e8-2603-4a3b-a199-89117103e6be,2026-07-25T07:30:00Z,2026-07-25T09:30:00+0200,541.129,MW,DK1,DK_1,actual_offshore_wind_generation,Wind Offshore,2026-08-09T11:25:52Z
2026-08-09T11:15:09Z,2026-08-09T13:15:09+0200,e7e504e8-2603-4a3b-a199-89117103e6be,2026-07-25T07:45:00Z,2026-07-25T09:45:00+0200,482.829,MW,DK1,DK_1,actual_offshore_wind_generation,Wind Offshore,2026-08-09T11:25:52Z
2026-08-09T11:15:09Z,2026-08-09T13:15:09+0200,e7e504e8-2603-4a3b-a199-89117103e6be,2026-07-25T08:00:00Z,2026-07-25T10:00:00+0200,513.338,MW,DK1,DK_1,actual_offshore_wind_generation,Wind Offshore,2026-08-09T11:25:52Z
2026-08-09T11:15:09Z,2026-08-09T13:15:09+0200,e7e504e8-2603-4a3b-a199-89117103e6be,2026-07-25T08:15:00Z,2026-07-25T10:15:00+0200,581.287,MW,DK1,DK_1,actual_offshore_wind_generation,Wind Offshore,2026-08-09T11:25:52Z
2026-08-09T11:15:09Z,2026-08-09T13:15:09+0200,e7e504e8-2603-4a3b-a199-89117103e6be,2026-07-25T08:30:00Z,2026-07-25T10:30:00+0200,266.396,MW,DK1,DK_1,actual_offshore_wind_generation,Wind Offshore,2026-08-09T11:25:52Z
2026-08-09T11:15:09Z,2026-08-09T13:15:09+0200,e7e504e8-2603-4a3b-a199-89117103e6be,2026-07-25T08:45:00Z,2026-07-25T10:45:00+0200,49.0742,MW,DK1,DK_1,actual_offshore_wind_generation,Wind Offshore,2026-08-09T11:25:52Z
2026-08-09T11:15:09Z,2026-08-09T13:15:09+0200,e7e504e8-2603-4a3b-a199-89117103e6be,2026-07-25T09:00:00Z,2026-07-25T11:00:00+0200,22.6544,MW,DK1,DK_1,actual_offshore_wind_generation,Wind Offshore,2026-08-09T11:25:52Z
2026-08-09T11:15:09Z,2026-08-09T13:15:09+0200,e7e504e8-2603-4a3b-a199-89117103e6be,2026-07-25T09:15:00Z,2026-07-25T11:15:00+0200,31.3145,MW,DK1,DK_1,actual_offshore_wind_generation,Wind Offshore,2026-08-09T11:25:52Z
2026-08-09T11:15:09Z,2026-08-09T13:15:09+0200,e7e504e8-2603-4a3b-a199-89117103e6be,2026-07-25T09:30:00Z,2026-07-25T11:30:00+0200,83.6332,MW,DK1,DK_1,actual_offshore_wind_generation,Wind Offshore,2026-08-09T11:25:52Z
2026-08-09T11:15:09Z,2026-08-09T13:15:09+0200,e7e504e8-2603-4a3b-a199-89117103e6be,2026-07-25T09:45:00Z,2026-07-25T11:45:00+0200,36.1696,MW,DK1,DK_1,actual_offshore_wind_generation,Wind Offshore,2026-08-09T11:25:52Z
2026-08-09T11:15:09Z,2026-08-09T13:15:09+0200,e7e504e8-2603-4a3b-a199-89117103e6be,2026-07-25T10:00:00Z,2026-07-25T12:00:00+0200,48.8057,MW,DK1,DK_1,actual_offshore_wind_generation,Wind Offshore,2026-08-09T11:25:52Z
2026-08-09T11:15:09Z,2026-08-09T13:15:09+0200,e7e504e8-2603-4a3b-a199-89117103e6be,2026-07-25T10:15:00Z,2026-07-25T12:15:00+0200,46.3393,MW,DK1,DK_1,actual_offshore_wind_generation,Wind Offshore,2026-08-09T11:25:52Z
2026-08-09T11:15:09Z,2026-08-09T13:15:09+0200,e7e504e8-2603-4a3b-a199-89117103e6be,2026-07-25T10:30:00Z,2026-07-25T12:30:00+0200,40.1896,MW,DK1,DK_1,actual_offshore_wind_generation,Wind Offshore,2026-08-09T11:25:52Z
2026-08-09T11:15:09Z,2026-08-09T13:15:09+0200,e7e504e8-2603-4a3b-a199-89117103e6be,2026-07-25T10:45:00Z,2026-07-25T12:45:00+0200,85.3443,MW,DK1,DK_1,actual_offshore_wind_generation,Wind Offshore,2026-08-09T11:25:52Z
2026-08-09T11:15:09Z,2026-08-09T13:15:09+0200,e7e504e8-2603-4a3b-a199-89117103e6be,2026-07-25T11:00:00Z,2026-07-25T13:00:00+0200,106.187,MW,DK1,DK_1,actual_offshore_wind_generation,Wind Offshore,2026-08-09T11:25:52Z
2026-08-09T11:15:09Z,2026-08-09T13:15:09+0200,e7e504e8-2603-4a3b-a199-89117103e6be,2026-07-25T11:15:00Z,2026-07-25T13:15:00+0200,102.742,MW,DK1,DK_1,actual_offshore_wind_generation,Wind Offshore,2026-08-09T11:25:52Z
2026-08-09T11:15:09Z,2026-08-09T13:15:09+0200,e7e504e8-2603-4a3b-a199-89117103e6be,2026-07-25T11:30:00Z,2026-07-25T13:30:00+0200,54.1888,MW,DK1,DK_1,actual_offshore_wind_generation,Wind Offshore,2026-08-09T11:25:52Z
2026-08-09T11:15:09Z,2026-08-09T13:15:09+0200,e7e504e8-2603-4a3b-a199-89117103e6be,2026-07-25T11:45:00Z,2026-07-25T13:45:00+0200,35.2839,MW,DK1,DK_1,actual_offshore_wind_generation,Wind Offshore,2026-08-09T11:25:52Z
2026-08-09T11:15:09Z,2026-08-09T13:15:09+0200,e7e504e8-2603-4a3b-a199-89117103e6be,2026-07-25T12:00:00Z,2026-07-25T14:00:00+0200,34.1326,MW,DK1,DK_1,actual_offshore_wind_generation,Wind Offshore,2026-08-09T11:25:52Z
2026-08-09T11:15:09Z,2026-08-09T13:15:09+0200,e7e504e8-2603-4a3b-a199-89117103e6be,2026-07-25T12:15:00Z,2026-07-25T14:15:00+0200,33.1914,MW,DK1,DK_1,actual_offshore_wind_generation,Wind Offshore,2026-08-09T11:25:52Z
2026-08-09T11:15:09Z,2026-08-09T13:15:09+0200,e7e504e8-2603-4a3b-a199-89117103e6be,2026-07-25T12:30:00Z,2026-07-25T14:30:00+0200,38.2322,MW,DK1,DK_1,actual_offshore_wind_generation,Wind Offshore,2026-08-09T11:25:52Z
2026-08-09T11:15:09Z,2026-08-09T13:15:09+0200,e7e504e8-2603-4a3b-a199-89117103e6be,2026-07-25T12:45:00Z,2026-07-25T14:45:00+0200,44.8987,MW,DK1,DK_1,actual_offshore_wind_generation,Wind Offshore,2026-08-09T11:25:52Z
2026-08-09T11:15:09Z,2026-08-09T13:15:09+0200,e7e504e8-2603-4a3b-a199-89117103e6be,2026-07-25T13:00:00Z,2026-07-25T15:00:00+0200,40.0624,MW,DK1,DK_1,actual_offshore_wind_generation,Wind Offshore,2026-08-09T11:25:52Z
2026-08-09T11:15:09Z,2026-08-09T13:15:09+0200,e7e504e8-2603-4a3b-a199-89117103e6be,2026-07-25T13:15:00Z,2026-07-25T15:15:00+0200,66.4231,MW,DK1,DK_1,actual_offshore_wind_generation,Wind Offshore,2026-08-09T11:25:52Z
2026-08-09T11:15:09Z,2026-08-09T13:15:09+0200,e7e504e8-2603-4a3b-a199-89117103e6be,2026-07-25T13:30:00Z,2026-07-25T15:30:00+0200,39.3136,MW,DK1,DK_1,actual_offshore_wind_generation,Wind Offshore,2026-08-09T11:25:52Z
2026-08-09T11:15:09Z,2026-08-09T13:15:09+0200,e7e504e8-2603-4a3b-a199-89117103e6be,2026-07-25T13:45:00Z,2026-07-25T15:45:00+0200,51.7387,MW,DK1,DK_1,actual_offshore_wind_generation,Wind Offshore,2026-08-09T11:25:52Z
2026-08-09T11:15:09Z,2026-08-09T13:15:09+0200,e7e504e8-2603-4a3b-a199-89117103e6be,2026-07-25T14:00:00Z,2026-07-25T16:00:00+0200,48.5986,MW,DK1,DK_1,actual_offshore_wind_generation,Wind Offshore,2026-08-09T11:25:52Z
2026-08-09T11:15:09Z,2026-08-09T13:15:09+0200,e7e504e8-2603-4a3b-a199-89117103e6be,2026-07-25T14:15:00Z,2026-07-25T16:15:00+0200,40.3985,MW,DK1,DK_1,actual_offshore_wind_generation,Wind Offshore,2026-08-09T11:25:52Z
2026-08-09T11:15:09Z,2026-08-09T13:15:09+0200,e7e504e8-2603-4a3b-a199-89117103e6be,2026-07-25T14:30:00Z,2026-07-25T16:30:00+0200,42.6554,MW,DK1,DK_1,actual_offshore_wind_generation,Wind Offshore,2026-08-09T11:25:52Z
2026-08-09T11:15:09Z,2026-08-09T13:15:09+0200,e7e504e8-2603-4a3b-a199-89117103e6be,2026-07-25T14:45:00Z,2026-07-25T16:45:00+0200,573.632,MW,DK1,DK_1,actual_offshore_wind_generation,Wind Offshore,2026-08-09T11:25:52Z
2026-08-09T11:15:09Z,2026-08-09T13:15:09+0200,e7e504e8-2603-4a3b-a199-89117103e6be,2026-07-25T15:00:00Z,2026-07-25T17:00:00+0200,734.303,MW,DK1,DK_1,actual_offshore_wind_generation,Wind Offshore,2026-08-09T11:25:52Z
2026-08-09T11:15:09Z,2026-08-09T13:15:09+0200,e7e504e8-2603-4a3b-a199-89117103e6be,2026-07-25T15:15:00Z,2026-07-25T17:15:00+0200,794.187,MW,DK1,DK_1,actual_offshore_wind_generation,Wind Offshore,2026-08-09T11:25:52Z
2026-08-09T11:15:09Z,2026-08-09T13:15:09+0200,e7e504e8-2603-4a3b-a199-89117103e6be,2026-07-25T15:30:00Z,2026-07-25T17:30:00+0200,1168.46,MW,DK1,DK_1,actual_offshore_wind_generation,Wind Offshore,2026-08-09T11:25:52Z
2026-08-09T11:15:09Z,2026-08-09T13:15:09+0200,e7e504e8-2603-4a3b-a199-89117103e6be,2026-07-25T15:45:00Z,2026-07-25T17:45:00+0200,1191.36,MW,DK1,DK_1,actual_offshore_wind_generation,Wind Offshore,2026-08-09T11:25:52Z
2026-08-09T11:15:09Z,2026-08-09T13:15:09+0200,e7e504e8-2603-4a3b-a199-89117103e6be,2026-07-25T16:00:00Z,2026-07-25T18:00:00+0200,1302.55,MW,DK1,DK_1,actual_offshore_wind_generation,Wind Offshore,2026-08-09T11:25:52Z
2026-08-09T11:15:09Z,2026-08-09T13:15:09+0200,e7e504e8-2603-4a3b-a199-89117103e6be,2026-07-25T16:15:00Z,2026-07-25T18:15:00+0200,1312.15,MW,DK1,DK_1,actual_offshore_wind_generation,Wind Offshore,2026-08-09T11:25:52Z
2026-08-09T11:15:09Z,2026-08-09T13:15:09+0200,e7e504e8-2603-4a3b-a199-89117103e6be,2026-07-25T16:30:00Z,2026-07-25T18:30:00+0200,1369.34,MW,DK1,DK_1,actual_offshore_wind_generation,Wind Offshore,2026-08-09T11:25:52Z
2026-08-09T11:15:09Z,2026-08-09T13:15:09+0200,e7e504e8-2603-4a3b-a199-89117103e6be,2026-07-25T16:45:00Z,2026-07-25T18:45:00+0200,1377.33,MW,DK1,DK_1,actual_offshore_wind_generation,Wind Offshore,2026-08-09T11:25:52Z
2026-08-09T11:15:09Z,2026-08-09T13:15:09+0200,e7e504e8-2603-4a3b-a199-89117103e6be,2026-07-25T17:00:00Z,2026-07-25T19:00:00+0200,1337.42,MW,DK1,DK_1,actual_offshore_wind_generation,Wind Offshore,2026-08-09T11:25:52Z
2026-08-09T11:15:09Z,2026-08-09T13:15:09+0200,e7e504e8-2603-4a3b-a199-89117103e6be,2026-07-25T17:15:00Z,2026-07-25T19:15:00+0200,1361.46,MW,DK1,DK_1,actual_offshore_wind_generation,Wind Offshore,2026-08-09T11:25:52Z
2026-08-09T11:15:09Z,2026-08-09T13:15:09+0200,e7e504e8-2603-4a3b-a199-89117103e6be,2026-07-25T17:30:00Z,2026-07-25T19:30:00+0200,1307.8,MW,DK1,DK_1,actual_offshore_wind_generation,Wind Offshore,2026-08-09T11:25:52Z
2026-08-09T11:15:09Z,2026-08-09T13:15:09+0200,e7e504e8-2603-4a3b-a199-89117103e6be,2026-07-25T17:45:00Z,2026-07-25T19:45:00+0200,1226.21,MW,DK1,DK_1,actual_offshore_wind_generation,Wind Offshore,2026-08-09T11:25:52Z
2026-08-09T11:15:09Z,2026-08-09T13:15:09+0200,e7e504e8-2603-4a3b-a199-89117103e6be,2026-07-25T18:00:00Z,2026-07-25T20:00:00+0200,1241.21,MW,DK1,DK_1,actual_offshore_wind_generation,Wind Offshore,2026-08-09T11:25:52Z
2026-08-09T11:15:09Z,2026-08-09T13:15:09+0200,e7e504e8-2603-4a3b-a199-89117103e6be,2026-07-25T18:15:00Z,2026-07-25T20:15:00+0200,1139.54,MW,DK1,DK_1,actual_offshore_wind_generation,Wind Offshore,2026-08-09T11:25:52Z
2026-08-09T11:15:09Z,2026-08-09T13:15:09+0200,e7e504e8-2603-4a3b-a199-89117103e6be,2026-07-25T18:30:00Z,2026-07-25T20:30:00+0200,1161.22,MW,DK1,DK_1,actual_offshore_wind_generation,Wind Offshore,2026-08-09T11:25:52Z
2026-08-09T11:15:09Z,2026-08-09T13:15:09+0200,e7e504e8-2603-4a3b-a199-89117103e6be,2026-07-25T18:45:00Z,2026-07-25T20:45:00+0200,1115.01,MW,DK1,DK_1,actual_offshore_wind_generation,Wind Offshore,2026-08-09T11:25:52Z
2026-08-09T11:15:09Z,2026-08-09T13:15:09+0200,e7e504e8-2603-4a3b-a199-89117103e6be,2026-07-25T19:00:00Z,2026-07-25T21:00:00+0200,1107.13,MW,DK1,DK_1,actual_offshore_wind_generation,Wind Offshore,2026-08-09T11:25:52Z
2026-08-09T11:15:09Z,2026-08-09T13:15:09+0200,e7e504e8-2603-4a3b-a199-89117103e6be,2026-07-25T19:15:00Z,2026-07-25T21:15:00+0200,1128.01,MW,DK1,DK_1,actual_offshore_wind_generation,Wind Offshore,2026-08-09T11:25:52Z
2026-08-09T11:15:09Z,2026-08-09T13:15:09+0200,e7e504e8-2603-4a3b-a199-89117103e6be,2026-07-25T19:30:00Z,2026-07-25T21:30:00+0200,1102.57,MW,DK1,DK_1,actual_offshore_wind_generation,Wind Offshore,2026-08-09T11:25:52Z
2026-08-09T11:15:09Z,2026-08-09T13:15:09+0200,e7e504e8-2603-4a3b-a199-89117103e6be,2026-07-25T19:45:00Z,2026-07-25T21:45:00+0200,1088.18,MW,DK1,DK_1,actual_offshore_wind_generation,Wind Offshore,2026-08-09T11:25:52Z
2026-08-09T11:15:09Z,2026-08-09T13:15:09+0200,e7e504e8-2603-4a3b-a199-89117103e6be,2026-07-25T20:00:00Z,2026-07-25T22:00:00+0200,1072.1,MW,DK1,DK_1,actual_offshore_wind_generation,Wind Offshore,2026-08-09T11:25:52Z
2026-08-09T11:15:09Z,2026-08-09T13:15:09+0200,e7e504e8-2603-4a3b-a199-89117103e6be,2026-07-25T20:15:00Z,2026-07-25T22:15:00+0200,932.319,MW,DK1,DK_1,actual_offshore_wind_generation,Wind Offshore,2026-08-09T11:25:52Z
2026-08-09T11:15:09Z,2026-08-09T13:15:09+0200,e7e504e8-2603-4a3b-a199-89117103e6be,2026-07-25T20:30:00Z,2026-07-25T22:30:00+0200,940.086,MW,DK1,DK_1,actual_offshore_wind_generation,Wind Offshore,2026-08-09T11:25:52Z
2026-08-09T11:15:09Z,2026-08-09T13:15:09+0200,e7e504e8-2603-4a3b-a199-89117103e6be,2026-07-25T20:45:00Z,2026-07-25T22:45:00+0200,905.601,MW,DK1,DK_1,actual_offshore_wind_generation,Wind Offshore,2026-08-09T11:25:52Z
2026-08-09T11:15:09Z,2026-08-09T13:15:09+0200,e7e504e8-2603-4a3b-a199-89117103e6be,2026-07-25T21:00:00Z,2026-07-25T23:00:00+0200,817.257,MW,DK1,DK_1,actual_offshore_wind_generation,Wind Offshore,2026-08-09T11:25:52Z
2026-08-09T11:15:09Z,2026-08-09T13:15:09+0200,e7e504e8-2603-4a3b-a199-89117103e6be,2026-07-25T21:15:00Z,2026-07-25T23:15:00+0200,801.764,MW,DK1,DK_1,actual_offshore_wind_generation,Wind Offshore,2026-08-09T11:25:52Z
2026-08-09T11:15:09Z,2026-08-09T13:15:09+0200,e7e504e8-2603-4a3b-a199-89117103e6be,2026-07-25T21:30:00Z,2026-07-25T23:30:00+0200,863.197,MW,DK1,DK_1,actual_offshore_wind_generation,Wind Offshore,2026-08-09T11:25:52Z
2026-08-09T11:15:09Z,2026-08-09T13:15:09+0200,e7e504e8-2603-4a3b-a199-89117103e6be,2026-07-25T21:45:00Z,2026-07-25T23:45:00+0200,823.975,MW,DK1,DK_1,actual_offshore_wind_generation,Wind Offshore,2026-08-09T11:25:52Z
2026-08-09T11:15:09Z,2026-08-09T13:15:09+0200,e7e504e8-2603-4a3b-a199-89117103e6be,2026-07-25T22:00:00Z,2026-07-26T00:00:00+0200,827.417,MW,DK1,DK_1,actual_offshore_wind_generation,Wind Offshore,2026-08-09T11:25:52Z
2026-08-09T11:15:09Z,2026-08-09T13:15:09+0200,e7e504e8-2603-4a3b-a199-89117103e6be,2026-07-25T22:15:00Z,2026-07-26T00:15:00+0200,810.272,MW,DK1,DK_1,actual_offshore_wind_generation,Wind Offshore,2026-08-09T11:25:52Z
2026-08-09T11:15:09Z,2026-08-09T13:15:09+0200,e7e504e8-2603-4a3b-a199-89117103e6be,2026-07-25T22:30:00Z,2026-07-26T00:30:00+0200,781.159,MW,DK1,DK_1,actual_offshore_wind_generation,Wind Offshore,2026-08-09T11:25:52Z
2026-08-09T11:15:09Z,2026-08-09T13:15:09+0200,e7e504e8-2603-4a3b-a199-89117103e6be,2026-07-25T22:45:00Z,2026-07-26T00:45:00+0200,770.078,MW,DK1,DK_1,actual_offshore_wind_generation,Wind Offshore,2026-08-09T11:25:52Z
2026-08-09T11:15:09Z,2026-08-09T13:15:09+0200,e7e504e8-2603-4a3b-a199-89117103e6be,2026-07-25T23:00:00Z,2026-07-26T01:00:00+0200,737.211,MW,DK1,DK_1,actual_offshore_wind_generation,Wind Offshore,2026-08-09T11:25:52Z
2026-08-09T11:15:09Z,2026-08-09T13:15:09+0200,e7e504e8-2603-4a3b-a199-89117103e6be,2026-07-25T23:15:00Z,2026-07-26T01:15:00+0200,694.709,MW,DK1,DK_1,actual_offshore_wind_generation,Wind Offshore,2026-08-09T11:25:52Z
2026-08-09T11:15:09Z,2026-08-09T13:15:09+0200,e7e504e8-2603-4a3b-a199-89117103e6be,2026-07-25T23:30:00Z,2026-07-26T01:30:00+0200,668.977,MW,DK1,DK_1,actual_offshore_wind_generation,Wind Offshore,2026-08-09T11:25:52Z
2026-08-09T11:15:09Z,2026-08-09T13:15:09+0200,e7e504e8-2603-4a3b-a199-89117103e6be,2026-07-25T23:45:00Z,2026-07-26T01:45:00+0200,635.509,MW,DK1,DK_1,actual_offshore_wind_generation,Wind Offshore,2026-08-09T11:25:52Z
2026-08-09T11:15:09Z,2026-08-09T13:15:09+0200,e7e504e8-2603-4a3b-a199-89117103e6be,2026-07-26T00:00:00Z,2026-07-26T02:00:00+0200,593.889,MW,DK1,DK_1,actual_offshore_wind_generation,Wind Offshore,2026-08-09T11:25:52Z
2026-08-09T11:15:09Z,2026-08-09T13:15:09+0200,e7e504e8-2603-4a3b-a199-89117103e6be,2026-07-26T00:15:00Z,2026-07-26T02:15:00+0200,579.504,MW,DK1,DK_1,actual_offshore_wind_generation,Wind Offshore,2026-08-09T11:25:52Z
2026-08-09T11:15:09Z,2026-08-09T13:15:09+0200,e7e504e8-2603-4a3b-a199-89117103e6be,2026-07-26T00:30:00Z,2026-07-26T02:30:00+0200,566.894,MW,DK1,DK_1,actual_offshore_wind_generation,Wind Offshore,2026-08-09T11:25:52Z
2026-08-09T11:15:09Z,2026-08-09T13:15:09+0200,e7e504e8-2603-4a3b-a199-89117103e6be,2026-07-26T00:45:00Z,2026-07-26T02:45:00+0200,573.705,MW,DK1,DK_1,actual_offshore_wind_generation,Wind Offshore,2026-08-09T11:25:52Z
2026-08-09T11:15:09Z,2026-08-09T13:15:09+0200,e7e504e8-2603-4a3b-a199-89117103e6be,2026-07-26T01:00:00Z,2026-07-26T03:00:00+0200,582.675,MW,DK1,DK_1,actual_offshore_wind_generation,Wind Offshore,2026-08-09T11:25:52Z
2026-08-09T11:15:09Z,2026-08-09T13:15:09+0200,e7e504e8-2603-4a3b-a199-89117103e6be,2026-07-26T01:15:00Z,2026-07-26T03:15:00+0200,549.766,MW,DK1,DK_1,actual_offshore_wind_generation,Wind Offshore,2026-08-09T11:25:52Z
2026-08-09T11:15:09Z,2026-08-09T13:15:09+0200,e7e504e8-2603-4a3b-a199-89117103e6be,2026-07-26T01:30:00Z,2026-07-26T03:30:00+0200,554.027,MW,DK1,DK_1,actual_offshore_wind_generation,Wind Offshore,2026-08-09T11:25:52Z
2026-08-09T11:15:09Z,2026-08-09T13:15:09+0200,e7e504e8-2603-4a3b-a199-89117103e6be,2026-07-26T01:45:00Z,2026-07-26T03:45:00+0200,580.283,MW,DK1,DK_1,actual_offshore_wind_generation,Wind Offshore,2026-08-09T11:25:52Z
2026-08-09T11:15:09Z,2026-08-09T13:15:09+0200,e7e504e8-2603-4a3b-a199-89117103e6be,2026-07-26T02:00:00Z,2026-07-26T04:00:00+0200,599.534,MW,DK1,DK_1,actual_offshore_wind_generation,Wind Offshore,2026-08-09T11:25:52Z
2026-08-09T11:15:09Z,2026-08-09T13:15:09+0200,e7e504e8-2603-4a3b-a199-89117103e6be,2026-07-26T02:15:00Z,2026-07-26T04:15:00+0200,593.28,MW,DK1,DK_1,actual_offshore_wind_generation,Wind Offshore,2026-08-09T11:25:52Z
2026-08-09T11:15:09Z,2026-08-09T13:15:09+0200,e7e504e8-2603-4a3b-a199-89117103e6be,2026-07-26T02:30:00Z,2026-07-26T04:30:00+0200,559.688,MW,DK1,DK_1,actual_offshore_wind_generation,Wind Offshore,2026-08-09T11:25:52Z
2026-08-09T11:15:09Z,2026-08-09T13:15:09+0200,e7e504e8-2603-4a3b-a199-89117103e6be,2026-07-26T02:45:00Z,2026-07-26T04:45:00+0200,575.693,MW,DK1,DK_1,actual_offshore_wind_generation,Wind Offshore,2026-08-09T11:25:52Z
2026-08-09T11:15:09Z,2026-08-09T13:15:09+0200,e7e504e8-2603-4a3b-a199-89117103e6be,2026-07-26T03:00:00Z,2026-07-26T05:00:00+0200,531.059,MW,DK1,DK_1,actual_offshore_wind_generation,Wind Offshore,2026-08-09T11:25:52Z
2026-08-09T11:15:09Z,2026-08-09T13:15:09+0200,e7e504e8-2603-4a3b-a199-89117103e6be,2026-07-26T03:15:00Z,2026-07-26T05:15:00+0200,501.16,MW,DK1,DK_1,actual_offshore_wind_generation,Wind Offshore,2026-08-09T11:25:52Z
2026-08-09T11:15:09Z,2026-08-09T13:15:09+0200,e7e504e8-2603-4a3b-a199-89117103e6be,2026-07-26T03:30:00Z,2026-07-26T05:30:00+0200,504.991,MW,DK1,DK_1,actual_offshore_wind_generation,Wind Offshore,2026-08-09T11:25:52Z
2026-08-09T11:15:09Z,2026-08-09T13:15:09+0200,e7e504e8-2603-4a3b-a199-89117103e6be,2026-07-26T03:45:00Z,2026-07-26T05:45:00+0200,494.2,MW,DK1,DK_1,actual_offshore_wind_generation,Wind Offshore,2026-08-09T11:25:52Z
2026-08-09T11:15:09Z,2026-08-09T13:15:09+0200,e7e504e8-2603-4a3b-a199-89117103e6be,2026-07-26T04:00:00Z,2026-07-26T06:00:00+0200,452.999,MW,DK1,DK_1,actual_offshore_wind_generation,Wind Offshore,2026-08-09T11:25:52Z
2026-08-09T11:15:09Z,2026-08-09T13:15:09+0200,e7e504e8-2603-4a3b-a199-89117103e6be,2026-07-26T04:15:00Z,2026-07-26T06:15:00+0200,417.706,MW,DK1,DK_1,actual_offshore_wind_generation,Wind Offshore,2026-08-09T11:25:52Z
2026-08-09T11:15:09Z,2026-08-09T13:15:09+0200,e7e504e8-2603-4a3b-a199-89117103e6be,2026-07-26T04:30:00Z,2026-07-26T06:30:00+0200,382.215,MW,DK1,DK_1,actual_offshore_wind_generation,Wind Offshore,2026-08-09T11:25:52Z
2026-08-09T11:15:09Z,2026-08-09T13:15:09+0200,e7e504e8-2603-4a3b-a199-89117103e6be,2026-07-26T04:45:00Z,2026-07-26T06:45:00+0200,371.905,MW,DK1,DK_1,actual_offshore_wind_generation,Wind Offshore,2026-08-09T11:25:52Z
2026-08-09T11:15:09Z,2026-08-09T13:15:09+0200,e7e504e8-2603-4a3b-a199-89117103e6be,2026-07-26T05:00:00Z,2026-07-26T07:00:00+0200,360.44,MW,DK1,DK_1,actual_offshore_wind_generation,Wind Offshore,2026-08-09T11:25:52Z
2026-08-09T11:15:09Z,2026-08-09T13:15:09+0200,e7e504e8-2603-4a3b-a199-89117103e6be,2026-07-26T05:15:00Z,2026-07-26T07:15:00+0200,345.028,MW,DK1,DK_1,actual_offshore_wind_generation,Wind Offshore,2026-08-09T11:25:52Z
2026-08-09T11:15:09Z,2026-08-09T13:15:09+0200,e7e504e8-2603-4a3b-a199-89117103e6be,2026-07-26T05:30:00Z,2026-07-26T07:30:00+0200,301.66,MW,DK1,DK_1,actual_offshore_wind_generation,Wind Offshore,2026-08-09T11:25:52Z
2026-08-09T11:15:09Z,2026-08-09T13:15:09+0200,e7e504e8-2603-4a3b-a199-89117103e6be,2026-07-26T05:45:00Z,2026-07-26T07:45:00+0200,249.494,MW,DK1,DK_1,actual_offshore_wind_generation,Wind Offshore,2026-08-09T11:25:52Z
2026-08-09T11:15:09Z,2026-08-09T13:15:09+0200,e7e504e8-2603-4a3b-a199-89117103e6be,2026-07-26T06:00:00Z,2026-07-26T08:00:00+0200,246.169,MW,DK1,DK_1,actual_offshore_wind_generation,Wind Offshore,2026-08-09T11:25:52Z
2026-08-09T11:15:09Z,2026-08-09T13:15:09+0200,e7e504e8-2603-4a3b-a199-89117103e6be,2026-07-26T06:15:00Z,2026-07-26T08:15:00+0200,205.375,MW,DK1,DK_1,actual_offshore_wind_generation,Wind Offshore,2026-08-09T11:25:52Z
2026-08-09T11:15:09Z,2026-08-09T13:15:09+0200,e7e504e8-2603-4a3b-a199-89117103e6be,2026-07-26T06:30:00Z,2026-07-26T08:30:00+0200,159.496,MW,DK1,DK_1,actual_offshore_wind_generation,Wind Offshore,2026-08-09T11:25:52Z
2026-08-09T11:15:09Z,2026-08-09T13:15:09+0200,e7e504e8-2603-4a3b-a199-89117103e6be,2026-07-26T06:45:00Z,2026-07-26T08:45:00+0200,134.166,MW,DK1,DK_1,actual_offshore_wind_generation,Wind Offshore,2026-08-09T11:25:52Z
2026-08-09T11:15:09Z,2026-08-09T13:15:09+0200,e7e504e8-2603-4a3b-a199-89117103e6be,2026-07-26T07:00:00Z,2026-07-26T09:00:00+0200,148.6,MW,DK1,DK_1,actual_offshore_wind_generation,Wind Offshore,2026-08-09T11:25:52Z
2026-08-09T11:15:09Z,2026-08-09T13:15:09+0200,e7e504e8-2603-4a3b-a199-89117103e6be,2026-07-26T07:15:00Z,2026-07-26T09:15:00+0200,139.513,MW,DK1,DK_1,actual_offshore_wind_generation,Wind Offshore,2026-08-09T11:25:52Z
2026-08-09T11:15:09Z,2026-08-09T13:15:09+0200,e7e504e8-2603-4a3b-a199-89117103e6be,2026-07-26T07:30:00Z,2026-07-26T09:30:00+0200,75.3003,MW,DK1,DK_1,actual_offshore_wind_generation,Wind Offshore,2026-08-09T11:25:52Z
2026-08-09T11:15:09Z,2026-08-09T13:15:09+0200,e7e504e8-2603-4a3b-a199-89117103e6be,2026-07-26T07:45:00Z,2026-07-26T09:45:00+0200,53.6614,MW,DK1,DK_1,actual_offshore_wind_generation,Wind Offshore,2026-08-09T11:25:52Z
2026-08-09T11:15:09Z,2026-08-09T13:15:09+0200,e7e504e8-2603-4a3b-a199-89117103e6be,2026-07-26T08:00:00Z,2026-07-26T10:00:00+0200,55.4216,MW,DK1,DK_1,actual_offshore_wind_generation,Wind Offshore,2026-08-09T11:25:52Z
2026-08-09T11:15:09Z,2026-08-09T13:15:09+0200,e7e504e8-2603-4a3b-a199-89117103e6be,2026-07-26T08:15:00Z,2026-07-26T10:15:00+0200,51.3073,MW,DK1,DK_1,actual_offshore_wind_generation,Wind Offshore,2026-08-09T11:25:52Z
2026-08-09T11:15:09Z,2026-08-09T13:15:09+0200,e7e504e8-2603-4a3b-a199-89117103e6be,2026-07-26T08:30:00Z,2026-07-26T10:30:00+0200,38.5434,MW,DK1,DK_1,actual_offshore_wind_generation,Wind Offshore,2026-08-09T11:25:52Z
2026-08-09T11:15:09Z,2026-08-09T13:15:09+0200,e7e504e8-2603-4a3b-a199-89117103e6be,2026-07-26T08:45:00Z,2026-07-26T10:45:00+0200,26.3864,MW,DK1,DK_1,actual_offshore_wind_generation,Wind Offshore,2026-08-09T11:25:52Z
2026-08-09T11:15:09Z,2026-08-09T13:15:09+0200,e7e504e8-2603-4a3b-a199-89117103e6be,2026-07-26T09:00:00Z,2026-07-26T11:00:00+0200,26.044,MW,DK1,DK_1,actual_offshore_wind_generation,Wind Offshore,2026-08-09T11:25:52Z
2026-08-09T11:15:09Z,2026-08-09T13:15:09+0200,e7e504e8-2603-4a3b-a199-89117103e6be,2026-07-26T09:15:00Z,2026-07-26T11:15:00+0200,12.134,MW,DK1,DK_1,actual_offshore_wind_generation,Wind Offshore,2026-08-09T11:25:52Z
2026-08-09T11:15:09Z,2026-08-09T13:15:09+0200,e7e504e8-2603-4a3b-a199-89117103e6be,2026-07-26T09:30:00Z,2026-07-26T11:30:00+0200,5.09655,MW,DK1,DK_1,actual_offshore_wind_generation,Wind Offshore,2026-08-09T11:25:52Z
2026-08-09T11:15:09Z,2026-08-09T13:15:09+0200,e7e504e8-2603-4a3b-a199-89117103e6be,2026-07-26T09:45:00Z,2026-07-26T11:45:00+0200,6.83969,MW,DK1,DK_1,actual_offshore_wind_generation,Wind Offshore,2026-08-09T11:25:52Z
2026-08-09T11:15:09Z,2026-08-09T13:15:09+0200,e7e504e8-2603-4a3b-a199-89117103e6be,2026-07-26T10:00:00Z,2026-07-26T12:00:00+0200,13.0306,MW,DK1,DK_1,actual_offshore_wind_generation,Wind Offshore,2026-08-09T11:25:52Z
2026-08-09T11:15:09Z,2026-08-09T13:15:09+0200,e7e504e8-2603-4a3b-a199-89117103e6be,2026-07-26T10:15:00Z,2026-07-26T12:15:00+0200,11.7279,MW,DK1,DK_1,actual_offshore_wind_generation,Wind Offshore,2026-08-09T11:25:52Z
2026-08-09T11:15:09Z,2026-08-09T13:15:09+0200,e7e504e8-2603-4a3b-a199-89117103e6be,2026-07-26T10:30:00Z,2026-07-26T12:30:00+0200,4.50618,MW,DK1,DK_1,actual_offshore_wind_generation,Wind Offshore,2026-08-09T11:25:52Z
2026-08-09T11:15:09Z,2026-08-09T13:15:09+0200,e7e504e8-2603-4a3b-a199-89117103e6be,2026-07-26T10:45:00Z,2026-07-26T12:45:00+0200,2.27903,MW,DK1,DK_1,actual_offshore_wind_generation,Wind Offshore,2026-08-09T11:25:52Z
2026-08-09T11:15:09Z,2026-08-09T13:15:09+0200,e7e504e8-2603-4a3b-a199-89117103e6be,2026-07-26T11:00:00Z,2026-07-26T13:00:00+0200,0.304449,MW,DK1,DK_1,actual_offshore_wind_generation,Wind Offshore,2026-08-09T11:25:52Z
2026-08-09T11:15:09Z,2026-08-09T13:15:09+0200,e7e504e8-2603-4a3b-a199-89117103e6be,2026-07-26T11:15:00Z,2026-07-26T13:15:00+0200,0.486858,MW,DK1,DK_1,actual_offshore_wind_generation,Wind Offshore,2026-08-09T11:25:52Z
2026-08-09T11:15:09Z,2026-08-09T13:15:09+0200,e7e504e8-2603-4a3b-a199-89117103e6be,2026-07-26T11:30:00Z,2026-07-26T13:30:00+0200,0.684701,MW,DK1,DK_1,actual_offshore_wind_generation,Wind Offshore,2026-08-09T11:25:52Z
2026-08-09T11:15:09Z,2026-08-09T13:15:09+0200,e7e504e8-2603-4a3b-a199-89117103e6be,2026-07-26T11:45:00Z,2026-07-26T13:45:00+0200,1.31996,MW,DK1,DK_1,actual_offshore_wind_generation,Wind Offshore,2026-08-09T11:25:52Z
2026-08-09T11:15:09Z,2026-08-09T13:15:09+0200,e7e504e8-2603-4a3b-a199-89117103e6be,2026-07-26T12:00:00Z,2026-07-26T14:00:00+0200,2.06534,MW,DK1,DK_1,actual_offshore_wind_generation,Wind Offshore,2026-08-09T11:25:52Z
2026-08-09T11:15:09Z,2026-08-09T13:15:09+0200,e7e504e8-2603-4a3b-a199-89117103e6be,2026-07-26T12:15:00Z,2026-07-26T14:15:00+0200,10.8985,MW,DK1,DK_1,actual_offshore_wind_generation,Wind Offshore,2026-08-09T11:25:52Z
2026-08-09T11:15:09Z,2026-08-09T13:15:09+0200,e7e504e8-2603-4a3b-a199-89117103e6be,2026-07-26T12:30:00Z,2026-07-26T14:30:00+0200,30.0871,MW,DK1,DK_1,actual_offshore_wind_generation,Wind Offshore,2026-08-09T11:25:52Z
2026-08-09T11:15:09Z,2026-08-09T13:15:09+0200,e7e504e8-2603-4a3b-a199-89117103e6be,2026-07-26T12:45:00Z,2026-07-26T14:45:00+0200,38.7101,MW,DK1,DK_1,actual_offshore_wind_generation,Wind Offshore,2026-08-09T11:25:52Z
2026-08-09T11:15:09Z,2026-08-09T13:15:09+0200,e7e504e8-2603-4a3b-a199-89117103e6be,2026-07-26T13:00:00Z,2026-07-26T15:00:00+0200,39.9255,MW,DK1,DK_1,actual_offshore_wind_generation,Wind Offshore,2026-08-09T11:25:52Z
2026-08-09T11:15:09Z,2026-08-09T13:15:09+0200,e7e504e8-2603-4a3b-a199-89117103e6be,2026-07-26T13:15:00Z,2026-07-26T15:15:00+0200,45.442,MW,DK1,DK_1,actual_offshore_wind_generation,Wind Offshore,2026-08-09T11:25:52Z
2026-08-09T11:15:09Z,2026-08-09T13:15:09+0200,e7e504e8-2603-4a3b-a199-89117103e6be,2026-07-26T13:30:00Z,2026-07-26T15:30:00+0200,52.3886,MW,DK1,DK_1,actual_offshore_wind_generation,Wind Offshore,2026-08-09T11:25:52Z
2026-08-09T11:15:09Z,2026-08-09T13:15:09+0200,e7e504e8-2603-4a3b-a199-89117103e6be,2026-07-26T13:45:00Z,2026-07-26T15:45:00+0200,67.2663,MW,DK1,DK_1,actual_offshore_wind_generation,Wind Offshore,2026-08-09T11:25:52Z
2026-08-09T11:15:09Z,2026-08-09T13:15:09+0200,e7e504e8-2603-4a3b-a199-89117103e6be,2026-07-26T14:00:00Z,2026-07-26T16:00:00+0200,69.4126,MW,DK1,DK_1,actual_offshore_wind_generation,Wind Offshore,2026-08-09T11:25:52Z
2026-08-09T11:15:09Z,2026-08-09T13:15:09+0200,e7e504e8-2603-4a3b-a199-89117103e6be,2026-07-26T14:15:00Z,2026-07-26T16:15:00+0200,77.3358,MW,DK1,DK_1,actual_offshore_wind_generation,Wind Offshore,2026-08-09T11:25:52Z
2026-08-09T11:15:09Z,2026-08-09T13:15:09+0200,e7e504e8-2603-4a3b-a199-89117103e6be,2026-07-26T14:30:00Z,2026-07-26T16:30:00+0200,87.9021,MW,DK1,DK_1,actual_offshore_wind_generation,Wind Offshore,2026-08-09T11:25:52Z
2026-08-09T11:15:09Z,2026-08-09T13:15:09+0200,e7e504e8-2603-4a3b-a199-89117103e6be,2026-07-26T14:45:00Z,2026-07-26T16:45:00+0200,100.431,MW,DK1,DK_1,actual_offshore_wind_generation,Wind Offshore,2026-08-09T11:25:52Z
2026-08-09T11:15:09Z,2026-08-09T13:15:09+0200,e7e504e8-2603-4a3b-a199-89117103e6be,2026-07-26T15:00:00Z,2026-07-26T17:00:00+0200,148.801,MW,DK1,DK_1,actual_offshore_wind_generation,Wind Offshore,2026-08-09T11:25:52Z
2026-08-09T11:15:09Z,2026-08-09T13:15:09+0200,e7e504e8-2603-4a3b-a199-89117103e6be,2026-07-26T15:15:00Z,2026-07-26T17:15:00+0200,143.16,MW,DK1,DK_1,actual_offshore_wind_generation,Wind Offshore,2026-08-09T11:25:52Z
2026-08-09T11:15:09Z,2026-08-09T13:15:09+0200,e7e504e8-2603-4a3b-a199-89117103e6be,2026-07-26T15:30:00Z,2026-07-26T17:30:00+0200,150.838,MW,DK1,DK_1,actual_offshore_wind_generation,Wind Offshore,2026-08-09T11:25:52Z
2026-08-09T11:15:09Z,2026-08-09T13:15:09+0200,e7e504e8-2603-4a3b-a199-89117103e6be,2026-07-26T15:45:00Z,2026-07-26T17:45:00+0200,146.401,MW,DK1,DK_1,actual_offshore_wind_generation,Wind Offshore,2026-08-09T11:25:52Z
2026-08-09T11:15:09Z,2026-08-09T13:15:09+0200,e7e504e8-2603-4a3b-a199-89117103e6be,2026-07-26T16:00:00Z,2026-07-26T18:00:00+0200,121.854,MW,DK1,DK_1,actual_offshore_wind_generation,Wind Offshore,2026-08-09T11:25:52Z
2026-08-09T11:15:09Z,2026-08-09T13:15:09+0200,e7e504e8-2603-4a3b-a199-89117103e6be,2026-07-26T16:15:00Z,2026-07-26T18:15:00+0200,123.343,MW,DK1,DK_1,actual_offshore_wind_generation,Wind Offshore,2026-08-09T11:25:52Z
2026-08-09T11:15:09Z,2026-08-09T13:15:09+0200,e7e504e8-2603-4a3b-a199-89117103e6be,2026-07-26T16:30:00Z,2026-07-26T18:30:00+0200,133.464,MW,DK1,DK_1,actual_offshore_wind_generation,Wind Offshore,2026-08-09T11:25:52Z
2026-08-09T11:15:09Z,2026-08-09T13:15:09+0200,e7e504e8-2603-4a3b-a199-89117103e6be,2026-07-26T16:45:00Z,2026-07-26T18:45:00+0200,146.538,MW,DK1,DK_1,actual_offshore_wind_generation,Wind Offshore,2026-08-09T11:25:52Z
2026-08-09T11:15:09Z,2026-08-09T13:15:09+0200,e7e504e8-2603-4a3b-a199-89117103e6be,2026-07-26T17:00:00Z,2026-07-26T19:00:00+0200,142.036,MW,DK1,DK_1,actual_offshore_wind_generation,Wind Offshore,2026-08-09T11:25:52Z
2026-08-09T11:15:09Z,2026-08-09T13:15:09+0200,e7e504e8-2603-4a3b-a199-89117103e6be,2026-07-26T17:15:00Z,2026-07-26T19:15:00+0200,130.273,MW,DK1,DK_1,actual_offshore_wind_generation,Wind Offshore,2026-08-09T11:25:52Z
2026-08-09T11:15:09Z,2026-08-09T13:15:09+0200,e7e504e8-2603-4a3b-a199-89117103e6be,2026-07-26T17:30:00Z,2026-07-26T19:30:00+0200,124.178,MW,DK1,DK_1,actual_offshore_wind_generation,Wind Offshore,2026-08-09T11:25:52Z
2026-08-09T11:15:09Z,2026-08-09T13:15:09+0200,e7e504e8-2603-4a3b-a199-89117103e6be,2026-07-26T17:45:00Z,2026-07-26T19:45:00+0200,116.775,MW,DK1,DK_1,actual_offshore_wind_generation,Wind Offshore,2026-08-09T11:25:52Z
2026-08-09T11:15:09Z,2026-08-09T13:15:09+0200,e7e504e8-2603-4a3b-a199-89117103e6be,2026-07-26T18:00:00Z,2026-07-26T20:00:00+0200,131.079,MW,DK1,DK_1,actual_offshore_wind_generation,Wind Offshore,2026-08-09T11:25:52Z
2026-08-09T11:15:09Z,2026-08-09T13:15:09+0200,e7e504e8-2603-4a3b-a199-89117103e6be,2026-07-26T18:15:00Z,2026-07-26T20:15:00+0200,186.507,MW,DK1,DK_1,actual_offshore_wind_generation,Wind Offshore,2026-08-09T11:25:52Z
2026-08-09T11:15:09Z,2026-08-09T13:15:09+0200,e7e504e8-2603-4a3b-a199-89117103e6be,2026-07-26T18:30:00Z,2026-07-26T20:30:00+0200,188.6,MW,DK1,DK_1,actual_offshore_wind_generation,Wind Offshore,2026-08-09T11:25:52Z
2026-08-09T11:15:09Z,2026-08-09T13:15:09+0200,e7e504e8-2603-4a3b-a199-89117103e6be,2026-07-26T18:45:00Z,2026-07-26T20:45:00+0200,195.209,MW,DK1,DK_1,actual_offshore_wind_generation,Wind Offshore,2026-08-09T11:25:52Z
2026-08-09T11:15:09Z,2026-08-09T13:15:09+0200,e7e504e8-2603-4a3b-a199-89117103e6be,2026-07-26T19:00:00Z,2026-07-26T21:00:00+0200,213.34,MW,DK1,DK_1,actual_offshore_wind_generation,Wind Offshore,2026-08-09T11:25:52Z
2026-08-09T11:15:09Z,2026-08-09T13:15:09+0200,e7e504e8-2603-4a3b-a199-89117103e6be,2026-07-26T19:15:00Z,2026-07-26T21:15:00+0200,258.394,MW,DK1,DK_1,actual_offshore_wind_generation,Wind Offshore,2026-08-09T11:25:52Z
2026-08-09T11:15:09Z,2026-08-09T13:15:09+0200,e7e504e8-2603-4a3b-a199-89117103e6be,2026-07-26T19:30:00Z,2026-07-26T21:30:00+0200,316.191,MW,DK1,DK_1,actual_offshore_wind_generation,Wind Offshore,2026-08-09T11:25:52Z
2026-08-09T11:15:09Z,2026-08-09T13:15:09+0200,e7e504e8-2603-4a3b-a199-89117103e6be,2026-07-26T19:45:00Z,2026-07-26T21:45:00+0200,354.797,MW,DK1,DK_1,actual_offshore_wind_generation,Wind Offshore,2026-08-09T11:25:52Z
2026-08-09T11:15:09Z,2026-08-09T13:15:09+0200,e7e504e8-2603-4a3b-a199-89117103e6be,2026-07-26T20:00:00Z,2026-07-26T22:00:00+0200,369.186,MW,DK1,DK_1,actual_offshore_wind_generation,Wind Offshore,2026-08-09T11:25:52Z
2026-08-09T11:15:09Z,2026-08-09T13:15:09+0200,e7e504e8-2603-4a3b-a199-89117103e6be,2026-07-26T20:15:00Z,2026-07-26T22:15:00+0200,426.758,MW,DK1,DK_1,actual_offshore_wind_generation,Wind Offshore,2026-08-09T11:25:52Z
2026-08-09T11:15:09Z,2026-08-09T13:15:09+0200,e7e504e8-2603-4a3b-a199-89117103e6be,2026-07-26T20:30:00Z,2026-07-26T22:30:00+0200,450.446,MW,DK1,DK_1,actual_offshore_wind_generation,Wind Offshore,2026-08-09T11:25:52Z
2026-08-09T11:15:09Z,2026-08-09T13:15:09+0200,e7e504e8-2603-4a3b-a199-89117103e6be,2026-07-26T20:45:00Z,2026-07-26T22:45:00+0200,435.903,MW,DK1,DK_1,actual_offshore_wind_generation,Wind Offshore,2026-08-09T11:25:52Z
2026-08-09T11:15:09Z,2026-08-09T13:15:09+0200,e7e504e8-2603-4a3b-a199-89117103e6be,2026-07-26T21:00:00Z,2026-07-26T23:00:00+0200,463.248,MW,DK1,DK_1,actual_offshore_wind_generation,Wind Offshore,2026-08-09T11:25:52Z
2026-08-09T11:15:09Z,2026-08-09T13:15:09+0200,e7e504e8-2603-4a3b-a199-89117103e6be,2026-07-26T21:15:00Z,2026-07-26T23:15:00+0200,536.522,MW,DK1,DK_1,actual_offshore_wind_generation,Wind Offshore,2026-08-09T11:25:52Z
2026-08-09T11:15:09Z,2026-08-09T13:15:09+0200,e7e504e8-2603-4a3b-a199-89117103e6be,2026-07-26T21:30:00Z,2026-07-26T23:30:00+0200,571.28,MW,DK1,DK_1,actual_offshore_wind_generation,Wind Offshore,2026-08-09T11:25:52Z
2026-08-09T11:15:09Z,2026-08-09T13:15:09+0200,e7e504e8-2603-4a3b-a199-89117103e6be,2026-07-26T21:45:00Z,2026-07-26T23:45:00+0200,604.581,MW,DK1,DK_1,actual_offshore_wind_generation,Wind Offshore,2026-08-09T11:25:52Z
2026-08-09T11:15:09Z,2026-08-09T13:15:09+0200,e7e504e8-2603-4a3b-a199-89117103e6be,2026-07-26T22:00:00Z,2026-07-27T00:00:00+0200,723.737,MW,DK1,DK_1,actual_offshore_wind_generation,Wind Offshore,2026-08-09T11:25:52Z
2026-08-09T11:15:09Z,2026-08-09T13:15:09+0200,e7e504e8-2603-4a3b-a199-89117103e6be,2026-07-26T22:15:00Z,2026-07-27T00:15:00+0200,792.427,MW,DK1,DK_1,actual_offshore_wind_generation,Wind Offshore,2026-08-09T11:25:52Z
2026-08-09T11:15:09Z,2026-08-09T13:15:09+0200,e7e504e8-2603-4a3b-a199-89117103e6be,2026-07-26T22:30:00Z,2026-07-27T00:30:00+0200,825.289,MW,DK1,DK_1,actual_offshore_wind_generation,Wind Offshore,2026-08-09T11:25:52Z
2026-08-09T11:15:09Z,2026-08-09T13:15:09+0200,e7e504e8-2603-4a3b-a199-89117103e6be,2026-07-26T22:45:00Z,2026-07-27T00:45:00+0200,846.353,MW,DK1,DK_1,actual_offshore_wind_generation,Wind Offshore,2026-08-09T11:25:52Z
2026-08-09T11:15:09Z,2026-08-09T13:15:09+0200,e7e504e8-2603-4a3b-a199-89117103e6be,2026-07-26T23:00:00Z,2026-07-27T01:00:00+0200,896.456,MW,DK1,DK_1,actual_offshore_wind_generation,Wind Offshore,2026-08-09T11:25:52Z
2026-08-09T11:15:09Z,2026-08-09T13:15:09+0200,e7e504e8-2603-4a3b-a199-89117103e6be,2026-07-26T23:15:00Z,2026-07-27T01:15:00+0200,1044.85,MW,DK1,DK_1,actual_offshore_wind_generation,Wind Offshore,2026-08-09T11:25:52Z
2026-08-09T11:15:09Z,2026-08-09T13:15:09+0200,e7e504e8-2603-4a3b-a199-89117103e6be,2026-07-26T23:30:00Z,2026-07-27T01:30:00+0200,1106.59,MW,DK1,DK_1,actual_offshore_wind_generation,Wind Offshore,2026-08-09T11:25:52Z
2026-08-09T11:15:09Z,2026-08-09T13:15:09+0200,e7e504e8-2603-4a3b-a199-89117103e6be,2026-07-26T23:45:00Z,2026-07-27T01:45:00+0200,1177.93,MW,DK1,DK_1,actual_offshore_wind_generation,Wind Offshore,2026-08-09T11:25:52Z
2026-08-09T11:15:09Z,2026-08-09T13:15:09+0200,e7e504e8-2603-4a3b-a199-89117103e6be,2026-07-27T00:00:00Z,2026-07-27T02:00:00+0200,1169.48,MW,DK1,DK_1,actual_offshore_wind_generation,Wind Offshore,2026-08-09T11:25:52Z
2026-08-09T11:15:09Z,2026-08-09T13:15:09+0200,e7e504e8-2603-4a3b-a199-89117103e6be,2026-07-27T00:15:00Z,2026-07-27T02:15:00+0200,1288.51,MW,DK1,DK_1,actual_offshore_wind_generation,Wind Offshore,2026-08-09T11:25:52Z
2026-08-09T11:15:09Z,2026-08-09T13:15:09+0200,e7e504e8-2603-4a3b-a199-89117103e6be,2026-07-27T00:30:00Z,2026-07-27T02:30:00+0200,1369.4,MW,DK1,DK_1,actual_offshore_wind_generation,Wind Offshore,2026-08-09T11:25:52Z
2026-08-09T11:15:09Z,2026-08-09T13:15:09+0200,e7e504e8-2603-4a3b-a199-89117103e6be,2026-07-27T00:45:00Z,2026-07-27T02:45:00+0200,1400.09,MW,DK1,DK_1,actual_offshore_wind_generation,Wind Offshore,2026-08-09T11:25:52Z
2026-08-09T11:15:09Z,2026-08-09T13:15:09+0200,e7e504e8-2603-4a3b-a199-89117103e6be,2026-07-27T01:00:00Z,2026-07-27T03:00:00+0200,1435.07,MW,DK1,DK_1,actual_offshore_wind_generation,Wind Offshore,2026-08-09T11:25:52Z
2026-08-09T11:15:09Z,2026-08-09T13:15:09+0200,e7e504e8-2603-4a3b-a199-89117103e6be,2026-07-27T01:15:00Z,2026-07-27T03:15:00+0200,1457.85,MW,DK1,DK_1,actual_offshore_wind_generation,Wind Offshore,2026-08-09T11:25:52Z
2026-08-09T11:15:09Z,2026-08-09T13:15:09+0200,e7e504e8-2603-4a3b-a199-89117103e6be,2026-07-27T01:30:00Z,2026-07-27T03:30:00+0200,1454.37,MW,DK1,DK_1,actual_offshore_wind_generation,Wind Offshore,2026-08-09T11:25:52Z
2026-08-09T11:15:09Z,2026-08-09T13:15:09+0200,e7e504e8-2603-4a3b-a199-89117103e6be,2026-07-27T01:45:00Z,2026-07-27T03:45:00+0200,1489.14,MW,DK1,DK_1,actual_offshore_wind_generation,Wind Offshore,2026-08-09T11:25:52Z
2026-08-09T11:15:09Z,2026-08-09T13:15:09+0200,e7e504e8-2603-4a3b-a199-89117103e6be,2026-07-27T02:00:00Z,2026-07-27T04:00:00+0200,1485.67,MW,DK1,DK_1,actual_offshore_wind_generation,Wind Offshore,2026-08-09T11:25:52Z
2026-08-09T11:15:09Z,2026-08-09T13:15:09+0200,e7e504e8-2603-4a3b-a199-89117103e6be,2026-07-27T02:15:00Z,2026-07-27T04:15:00+0200,1480.64,MW,DK1,DK_1,actual_offshore_wind_generation,Wind Offshore,2026-08-09T11:25:52Z
2026-08-09T11:15:09Z,2026-08-09T13:15:09+0200,e7e504e8-2603-4a3b-a199-89117103e6be,2026-07-27T02:30:00Z,2026-07-27T04:30:00+0200,1457.85,MW,DK1,DK_1,actual_offshore_wind_generation,Wind Offshore,2026-08-09T11:25:52Z
2026-08-09T11:15:09Z,2026-08-09T13:15:09+0200,e7e504e8-2603-4a3b-a199-89117103e6be,2026-07-27T02:45:00Z,2026-07-27T04:45:00+0200,1433.76,MW,DK1,DK_1,actual_offshore_wind_generation,Wind Offshore,2026-08-09T11:25:52Z
2026-08-09T11:15:09Z,2026-08-09T13:15:09+0200,e7e504e8-2603-4a3b-a199-89117103e6be,2026-07-27T03:00:00Z,2026-07-27T05:00:00+0200,1401.49,MW,DK1,DK_1,actual_offshore_wind_generation,Wind Offshore,2026-08-09T11:25:52Z
2026-08-09T11:15:09Z,2026-08-09T13:15:09+0200,e7e504e8-2603-4a3b-a199-89117103e6be,2026-07-27T03:15:00Z,2026-07-27T05:15:00+0200,1376.69,MW,DK1,DK_1,actual_offshore_wind_generation,Wind Offshore,2026-08-09T11:25:52Z
2026-08-09T11:15:09Z,2026-08-09T13:15:09+0200,e7e504e8-2603-4a3b-a199-89117103e6be,2026-07-27T03:30:00Z,2026-07-27T05:30:00+0200,1397.49,MW,DK1,DK_1,actual_offshore_wind_generation,Wind Offshore,2026-08-09T11:25:52Z
2026-08-09T11:15:09Z,2026-08-09T13:15:09+0200,e7e504e8-2603-4a3b-a199-89117103e6be,2026-07-27T03:45:00Z,2026-07-27T05:45:00+0200,1440.8,MW,DK1,DK_1,actual_offshore_wind_generation,Wind Offshore,2026-08-09T11:25:52Z
2026-08-09T11:15:09Z,2026-08-09T13:15:09+0200,e7e504e8-2603-4a3b-a199-89117103e6be,2026-07-27T04:00:00Z,2026-07-27T06:00:00+0200,1446.36,MW,DK1,DK_1,actual_offshore_wind_generation,Wind Offshore,2026-08-09T11:25:52Z
2026-08-09T11:15:09Z,2026-08-09T13:15:09+0200,e7e504e8-2603-4a3b-a199-89117103e6be,2026-07-27T04:15:00Z,2026-07-27T06:15:00+0200,1471.38,MW,DK1,DK_1,actual_offshore_wind_generation,Wind Offshore,2026-08-09T11:25:52Z
2026-08-09T11:15:09Z,2026-08-09T13:15:09+0200,e7e504e8-2603-4a3b-a199-89117103e6be,2026-07-27T04:30:00Z,2026-07-27T06:30:00+0200,1477.89,MW,DK1,DK_1,actual_offshore_wind_generation,Wind Offshore,2026-08-09T11:25:52Z
2026-08-09T11:15:09Z,2026-08-09T13:15:09+0200,e7e504e8-2603-4a3b-a199-89117103e6be,2026-07-27T04:45:00Z,2026-07-27T06:45:00+0200,1465.79,MW,DK1,DK_1,actual_offshore_wind_generation,Wind Offshore,2026-08-09T11:25:52Z
2026-08-09T11:15:09Z,2026-08-09T13:15:09+0200,e7e504e8-2603-4a3b-a199-89117103e6be,2026-07-27T05:00:00Z,2026-07-27T07:00:00+0200,1462.49,MW,DK1,DK_1,actual_offshore_wind_generation,Wind Offshore,2026-08-09T11:25:52Z
2026-08-09T11:15:09Z,2026-08-09T13:15:09+0200,e7e504e8-2603-4a3b-a199-89117103e6be,2026-07-27T05:15:00Z,2026-07-27T07:15:00+0200,1447.23,MW,DK1,DK_1,actual_offshore_wind_generation,Wind Offshore,2026-08-09T11:25:52Z
2026-08-09T11:15:09Z,2026-08-09T13:15:09+0200,e7e504e8-2603-4a3b-a199-89117103e6be,2026-07-27T05:30:00Z,2026-07-27T07:30:00+0200,1471.19,MW,DK1,DK_1,actual_offshore_wind_generation,Wind Offshore,2026-08-09T11:25:52Z
2026-08-09T11:15:09Z,2026-08-09T13:15:09+0200,e7e504e8-2603-4a3b-a199-89117103e6be,2026-07-27T05:45:00Z,2026-07-27T07:45:00+0200,1471.43,MW,DK1,DK_1,actual_offshore_wind_generation,Wind Offshore,2026-08-09T11:25:52Z
2026-08-09T11:15:09Z,2026-08-09T13:15:09+0200,e7e504e8-2603-4a3b-a199-89117103e6be,2026-07-27T06:00:00Z,2026-07-27T08:00:00+0200,1449.31,MW,DK1,DK_1,actual_offshore_wind_generation,Wind Offshore,2026-08-09T11:25:52Z
2026-08-09T11:15:09Z,2026-08-09T13:15:09+0200,e7e504e8-2603-4a3b-a199-89117103e6be,2026-07-27T06:15:00Z,2026-07-27T08:15:00+0200,1444.71,MW,DK1,DK_1,actual_offshore_wind_generation,Wind Offshore,2026-08-09T11:25:52Z
2026-08-09T11:15:09Z,2026-08-09T13:15:09+0200,e7e504e8-2603-4a3b-a199-89117103e6be,2026-07-27T06:30:00Z,2026-07-27T08:30:00+0200,1442.57,MW,DK1,DK_1,actual_offshore_wind_generation,Wind Offshore,2026-08-09T11:25:52Z
2026-08-09T11:15:09Z,2026-08-09T13:15:09+0200,e7e504e8-2603-4a3b-a199-89117103e6be,2026-07-27T06:45:00Z,2026-07-27T08:45:00+0200,1409.78,MW,DK1,DK_1,actual_offshore_wind_generation,Wind Offshore,2026-08-09T11:25:52Z
2026-08-09T11:15:09Z,2026-08-09T13:15:09+0200,e7e504e8-2603-4a3b-a199-89117103e6be,2026-07-27T07:00:00Z,2026-07-27T09:00:00+0200,1412.89,MW,DK1,DK_1,actual_offshore_wind_generation,Wind Offshore,2026-08-09T11:25:52Z
2026-08-09T11:15:09Z,2026-08-09T13:15:09+0200,e7e504e8-2603-4a3b-a199-89117103e6be,2026-07-27T07:15:00Z,2026-07-27T09:15:00+0200,1405.98,MW,DK1,DK_1,actual_offshore_wind_generation,Wind Offshore,2026-08-09T11:25:52Z
2026-08-09T11:15:09Z,2026-08-09T13:15:09+0200,e7e504e8-2603-4a3b-a199-89117103e6be,2026-07-27T07:30:00Z,2026-07-27T09:30:00+0200,1392.83,MW,DK1,DK_1,actual_offshore_wind_generation,Wind Offshore,2026-08-09T11:25:52Z
2026-08-09T11:15:09Z,2026-08-09T13:15:09+0200,e7e504e8-2603-4a3b-a199-89117103e6be,2026-07-27T07:45:00Z,2026-07-27T09:45:00+0200,1412.04,MW,DK1,DK_1,actual_offshore_wind_generation,Wind Offshore,2026-08-09T11:25:52Z
2026-08-09T11:15:09Z,2026-08-09T13:15:09+0200,e7e504e8-2603-4a3b-a199-89117103e6be,2026-07-27T08:00:00Z,2026-07-27T10:00:00+0200,1428.08,MW,DK1,DK_1,actual_offshore_wind_generation,Wind Offshore,2026-08-09T11:25:52Z
2026-08-09T11:15:09Z,2026-08-09T13:15:09+0200,e7e504e8-2603-4a3b-a199-89117103e6be,2026-07-27T08:15:00Z,2026-07-27T10:15:00+0200,1446.54,MW,DK1,DK_1,actual_offshore_wind_generation,Wind Offshore,2026-08-09T11:25:52Z
2026-08-09T11:15:09Z,2026-08-09T13:15:09+0200,e7e504e8-2603-4a3b-a199-89117103e6be,2026-07-27T08:30:00Z,2026-07-27T10:30:00+0200,1425.01,MW,DK1,DK_1,actual_offshore_wind_generation,Wind Offshore,2026-08-09T11:25:52Z
2026-08-09T11:15:09Z,2026-08-09T13:15:09+0200,e7e504e8-2603-4a3b-a199-89117103e6be,2026-07-27T08:45:00Z,2026-07-27T10:45:00+0200,1457.98,MW,DK1,DK_1,actual_offshore_wind_generation,Wind Offshore,2026-08-09T11:25:52Z
2026-08-09T11:15:09Z,2026-08-09T13:15:09+0200,e7e504e8-2603-4a3b-a199-89117103e6be,2026-07-27T09:00:00Z,2026-07-27T11:00:00+0200,1465.84,MW,DK1,DK_1,actual_offshore_wind_generation,Wind Offshore,2026-08-09T11:25:52Z
2026-08-09T11:15:09Z,2026-08-09T13:15:09+0200,e7e504e8-2603-4a3b-a199-89117103e6be,2026-07-27T09:15:00Z,2026-07-27T11:15:00+0200,1326.09,MW,DK1,DK_1,actual_offshore_wind_generation,Wind Offshore,2026-08-09T11:25:52Z
2026-08-09T11:15:09Z,2026-08-09T13:15:09+0200,e7e504e8-2603-4a3b-a199-89117103e6be,2026-07-27T09:30:00Z,2026-07-27T11:30:00+0200,1336.02,MW,DK1,DK_1,actual_offshore_wind_generation,Wind Offshore,2026-08-09T11:25:52Z
2026-08-09T11:15:09Z,2026-08-09T13:15:09+0200,e7e504e8-2603-4a3b-a199-89117103e6be,2026-07-27T09:45:00Z,2026-07-27T11:45:00+0200,1298.8,MW,DK1,DK_1,actual_offshore_wind_generation,Wind Offshore,2026-08-09T11:25:52Z
2026-08-09T11:15:09Z,2026-08-09T13:15:09+0200,e7e504e8-2603-4a3b-a199-89117103e6be,2026-07-27T10:00:00Z,2026-07-27T12:00:00+0200,1294.2,MW,DK1,DK_1,actual_offshore_wind_generation,Wind Offshore,2026-08-09T11:25:52Z
2026-08-09T11:15:09Z,2026-08-09T13:15:09+0200,e7e504e8-2603-4a3b-a199-89117103e6be,2026-07-27T10:15:00Z,2026-07-27T12:15:00+0200,1214.3,MW,DK1,DK_1,actual_offshore_wind_generation,Wind Offshore,2026-08-09T11:25:52Z
2026-08-09T11:15:09Z,2026-08-09T13:15:09+0200,e7e504e8-2603-4a3b-a199-89117103e6be,2026-07-27T10:30:00Z,2026-07-27T12:30:00+0200,1356.27,MW,DK1,DK_1,actual_offshore_wind_generation,Wind Offshore,2026-08-09T11:25:52Z
2026-08-09T11:15:09Z,2026-08-09T13:15:09+0200,e7e504e8-2603-4a3b-a199-89117103e6be,2026-07-27T10:45:00Z,2026-07-27T12:45:00+0200,1377.44,MW,DK1,DK_1,actual_offshore_wind_generation,Wind Offshore,2026-08-09T11:25:52Z
2026-08-09T11:15:09Z,2026-08-09T13:15:09+0200,e7e504e8-2603-4a3b-a199-89117103e6be,2026-07-27T11:00:00Z,2026-07-27T13:00:00+0200,1406.33,MW,DK1,DK_1,actual_offshore_wind_generation,Wind Offshore,2026-08-09T11:25:52Z
2026-08-09T11:15:09Z,2026-08-09T13:15:09+0200,e7e504e8-2603-4a3b-a199-89117103e6be,2026-07-27T11:15:00Z,2026-07-27T13:15:00+0200,1357.43,MW,DK1,DK_1,actual_offshore_wind_generation,Wind Offshore,2026-08-09T11:25:52Z
2026-08-09T11:15:09Z,2026-08-09T13:15:09+0200,e7e504e8-2603-4a3b-a199-89117103e6be,2026-07-27T11:30:00Z,2026-07-27T13:30:00+0200,1355.58,MW,DK1,DK_1,actual_offshore_wind_generation,Wind Offshore,2026-08-09T11:25:52Z
2026-08-09T11:15:09Z,2026-08-09T13:15:09+0200,e7e504e8-2603-4a3b-a199-89117103e6be,2026-07-27T11:45:00Z,2026-07-27T13:45:00+0200,1357.76,MW,DK1,DK_1,actual_offshore_wind_generation,Wind Offshore,2026-08-09T11:25:52Z
2026-08-09T11:15:09Z,2026-08-09T13:15:09+0200,e7e504e8-2603-4a3b-a199-89117103e6be,2026-07-27T12:00:00Z,2026-07-27T14:00:00+0200,1361.08,MW,DK1,DK_1,actual_offshore_wind_generation,Wind Offshore,2026-08-09T11:25:52Z
2026-08-09T11:15:09Z,2026-08-09T13:15:09+0200,e7e504e8-2603-4a3b-a199-89117103e6be,2026-07-27T12:15:00Z,2026-07-27T14:15:00+0200,1372.79,MW,DK1,DK_1,actual_offshore_wind_generation,Wind Offshore,2026-08-09T11:25:52Z
2026-08-09T11:15:09Z,2026-08-09T13:15:09+0200,e7e504e8-2603-4a3b-a199-89117103e6be,2026-07-27T12:30:00Z,2026-07-27T14:30:00+0200,1339.13,MW,DK1,DK_1,actual_offshore_wind_generation,Wind Offshore,2026-08-09T11:25:52Z
2026-08-09T11:15:09Z,2026-08-09T13:15:09+0200,e7e504e8-2603-4a3b-a199-89117103e6be,2026-07-27T12:45:00Z,2026-07-27T14:45:00+0200,1312.85,MW,DK1,DK_1,actual_offshore_wind_generation,Wind Offshore,2026-08-09T11:25:52Z
2026-08-09T11:15:09Z,2026-08-09T13:15:09+0200,e7e504e8-2603-4a3b-a199-89117103e6be,2026-07-27T13:00:00Z,2026-07-27T15:00:00+0200,1235.44,MW,DK1,DK_1,actual_offshore_wind_generation,Wind Offshore,2026-08-09T11:25:52Z
2026-08-09T11:15:09Z,2026-08-09T13:15:09+0200,e7e504e8-2603-4a3b-a199-89117103e6be,2026-07-27T13:15:00Z,2026-07-27T15:15:00+0200,1072.63,MW,DK1,DK_1,actual_offshore_wind_generation,Wind Offshore,2026-08-09T11:25:52Z
2026-08-09T11:15:09Z,2026-08-09T13:15:09+0200,e7e504e8-2603-4a3b-a199-89117103e6be,2026-07-27T13:30:00Z,2026-07-27T15:30:00+0200,1157.32,MW,DK1,DK_1,actual_offshore_wind_generation,Wind Offshore,2026-08-09T11:25:52Z
2026-08-09T11:15:09Z,2026-08-09T13:15:09+0200,e7e504e8-2603-4a3b-a199-89117103e6be,2026-07-27T13:45:00Z,2026-07-27T15:45:00+0200,1355.45,MW,DK1,DK_1,actual_offshore_wind_generation,Wind Offshore,2026-08-09T11:25:52Z
2026-08-09T11:15:09Z,2026-08-09T13:15:09+0200,e7e504e8-2603-4a3b-a199-89117103e6be,2026-07-27T14:00:00Z,2026-07-27T16:00:00+0200,1350.27,MW,DK1,DK_1,actual_offshore_wind_generation,Wind Offshore,2026-08-09T11:25:52Z
2026-08-09T11:15:09Z,2026-08-09T13:15:09+0200,e7e504e8-2603-4a3b-a199-89117103e6be,2026-07-27T14:15:00Z,2026-07-27T16:15:00+0200,1361.87,MW,DK1,DK_1,actual_offshore_wind_generation,Wind Offshore,2026-08-09T11:25:52Z
2026-08-09T11:15:09Z,2026-08-09T13:15:09+0200,e7e504e8-2603-4a3b-a199-89117103e6be,2026-07-27T14:30:00Z,2026-07-27T16:30:00+0200,1360.35,MW,DK1,DK_1,actual_offshore_wind_generation,Wind Offshore,2026-08-09T11:25:52Z
2026-08-09T11:15:09Z,2026-08-09T13:15:09+0200,e7e504e8-2603-4a3b-a199-89117103e6be,2026-07-27T14:45:00Z,2026-07-27T16:45:00+0200,1383.35,MW,DK1,DK_1,actual_offshore_wind_generation,Wind Offshore,2026-08-09T11:25:52Z
2026-08-09T11:15:09Z,2026-08-09T13:15:09+0200,e7e504e8-2603-4a3b-a199-89117103e6be,2026-07-27T15:00:00Z,2026-07-27T17:00:00+0200,1389.29,MW,DK1,DK_1,actual_offshore_wind_generation,Wind Offshore,2026-08-09T11:25:52Z
2026-08-09T11:15:09Z,2026-08-09T13:15:09+0200,e7e504e8-2603-4a3b-a199-89117103e6be,2026-07-27T15:15:00Z,2026-07-27T17:15:00+0200,1409.48,MW,DK1,DK_1,actual_offshore_wind_generation,Wind Offshore,2026-08-09T11:25:52Z
2026-08-09T11:15:09Z,2026-08-09T13:15:09+0200,e7e504e8-2603-4a3b-a199-89117103e6be,2026-07-27T15:30:00Z,2026-07-27T17:30:00+0200,1350.22,MW,DK1,DK_1,actual_offshore_wind_generation,Wind Offshore,2026-08-09T11:25:52Z
2026-08-09T11:15:09Z,2026-08-09T13:15:09+0200,e7e504e8-2603-4a3b-a199-89117103e6be,2026-07-27T15:45:00Z,2026-07-27T17:45:00+0200,1421.91,MW,DK1,DK_1,actual_offshore_wind_generation,Wind Offshore,2026-08-09T11:25:52Z
2026-08-09T11:15:09Z,2026-08-09T13:15:09+0200,e7e504e8-2603-4a3b-a199-89117103e6be,2026-07-27T16:00:00Z,2026-07-27T18:00:00+0200,1392.21,MW,DK1,DK_1,actual_offshore_wind_generation,Wind Offshore,2026-08-09T11:25:52Z
2026-08-09T11:15:09Z,2026-08-09T13:15:09+0200,e7e504e8-2603-4a3b-a199-89117103e6be,2026-07-27T16:15:00Z,2026-07-27T18:15:00+0200,1398.95,MW,DK1,DK_1,actual_offshore_wind_generation,Wind Offshore,2026-08-09T11:25:52Z
2026-08-09T11:15:09Z,2026-08-09T13:15:09+0200,e7e504e8-2603-4a3b-a199-89117103e6be,2026-07-27T16:30:00Z,2026-07-27T18:30:00+0200,1422.64,MW,DK1,DK_1,actual_offshore_wind_generation,Wind Offshore,2026-08-09T11:25:52Z
2026-08-09T11:15:09Z,2026-08-09T13:15:09+0200,e7e504e8-2603-4a3b-a199-89117103e6be,2026-07-27T16:45:00Z,2026-07-27T18:45:00+0200,1426.25,MW,DK1,DK_1,actual_offshore_wind_generation,Wind Offshore,2026-08-09T11:25:52Z
2026-08-09T11:15:09Z,2026-08-09T13:15:09+0200,e7e504e8-2603-4a3b-a199-89117103e6be,2026-07-27T17:00:00Z,2026-07-27T19:00:00+0200,1424.71,MW,DK1,DK_1,actual_offshore_wind_generation,Wind Offshore,2026-08-09T11:25:52Z
2026-08-09T11:15:09Z,2026-08-09T13:15:09+0200,e7e504e8-2603-4a3b-a199-89117103e6be,2026-07-27T17:15:00Z,2026-07-27T19:15:00+0200,1393.26,MW,DK1,DK_1,actual_offshore_wind_generation,Wind Offshore,2026-08-09T11:25:52Z
2026-08-09T11:15:09Z,2026-08-09T13:15:09+0200,e7e504e8-2603-4a3b-a199-89117103e6be,2026-07-27T17:30:00Z,2026-07-27T19:30:00+0200,1362.58,MW,DK1,DK_1,actual_offshore_wind_generation,Wind Offshore,2026-08-09T11:25:52Z
2026-08-09T11:15:09Z,2026-08-09T13:15:09+0200,e7e504e8-2603-4a3b-a199-89117103e6be,2026-07-27T17:45:00Z,2026-07-27T19:45:00+0200,1323.03,MW,DK1,DK_1,actual_offshore_wind_generation,Wind Offshore,2026-08-09T11:25:52Z
2026-08-09T11:15:09Z,2026-08-09T13:15:09+0200,e7e504e8-2603-4a3b-a199-89117103e6be,2026-07-27T18:00:00Z,2026-07-27T20:00:00+0200,1306.93,MW,DK1,DK_1,actual_offshore_wind_generation,Wind Offshore,2026-08-09T11:25:52Z
2026-08-09T11:15:09Z,2026-08-09T13:15:09+0200,e7e504e8-2603-4a3b-a199-89117103e6be,2026-07-27T18:15:00Z,2026-07-27T20:15:00+0200,1296.76,MW,DK1,DK_1,actual_offshore_wind_generation,Wind Offshore,2026-08-09T11:25:52Z
2026-08-09T11:15:09Z,2026-08-09T13:15:09+0200,e7e504e8-2603-4a3b-a199-89117103e6be,2026-07-27T18:30:00Z,2026-07-27T20:30:00+0200,1255.45,MW,DK1,DK_1,actual_offshore_wind_generation,Wind Offshore,2026-08-09T11:25:52Z
2026-08-09T11:15:09Z,2026-08-09T13:15:09+0200,e7e504e8-2603-4a3b-a199-89117103e6be,2026-07-27T18:45:00Z,2026-07-27T20:45:00+0200,1220.13,MW,DK1,DK_1,actual_offshore_wind_generation,Wind Offshore,2026-08-09T11:25:52Z
2026-08-09T11:15:09Z,2026-08-09T13:15:09+0200,e7e504e8-2603-4a3b-a199-89117103e6be,2026-07-27T19:00:00Z,2026-07-27T21:00:00+0200,1231.5,MW,DK1,DK_1,actual_offshore_wind_generation,Wind Offshore,2026-08-09T11:25:52Z
2026-08-09T11:15:09Z,2026-08-09T13:15:09+0200,e7e504e8-2603-4a3b-a199-89117103e6be,2026-07-27T19:15:00Z,2026-07-27T21:15:00+0200,1168.9,MW,DK1,DK_1,actual_offshore_wind_generation,Wind Offshore,2026-08-09T11:25:52Z
2026-08-09T11:15:09Z,2026-08-09T13:15:09+0200,e7e504e8-2603-4a3b-a199-89117103e6be,2026-07-27T19:30:00Z,2026-07-27T21:30:00+0200,1107.87,MW,DK1,DK_1,actual_offshore_wind_generation,Wind Offshore,2026-08-09T11:25:52Z
2026-08-09T11:15:09Z,2026-08-09T13:15:09+0200,e7e504e8-2603-4a3b-a199-89117103e6be,2026-07-27T19:45:00Z,2026-07-27T21:45:00+0200,1058.2,MW,DK1,DK_1,actual_offshore_wind_generation,Wind Offshore,2026-08-09T11:25:52Z
2026-08-09T11:15:09Z,2026-08-09T13:15:09+0200,e7e504e8-2603-4a3b-a199-89117103e6be,2026-07-27T20:00:00Z,2026-07-27T22:00:00+0200,1069.24,MW,DK1,DK_1,actual_offshore_wind_generation,Wind Offshore,2026-08-09T11:25:52Z
2026-08-09T11:15:09Z,2026-08-09T13:15:09+0200,e7e504e8-2603-4a3b-a199-89117103e6be,2026-07-27T20:15:00Z,2026-07-27T22:15:00+0200,1090.8,MW,DK1,DK_1,actual_offshore_wind_generation,Wind Offshore,2026-08-09T11:25:52Z
2026-08-09T11:15:09Z,2026-08-09T13:15:09+0200,e7e504e8-2603-4a3b-a199-89117103e6be,2026-07-27T20:30:00Z,2026-07-27T22:30:00+0200,1124.91,MW,DK1,DK_1,actual_offshore_wind_generation,Wind Offshore,2026-08-09T11:25:52Z
2026-08-09T11:15:09Z,2026-08-09T13:15:09+0200,e7e504e8-2603-4a3b-a199-89117103e6be,2026-07-27T20:45:00Z,2026-07-27T22:45:00+0200,1132.71,MW,DK1,DK_1,actual_offshore_wind_generation,Wind Offshore,2026-08-09T11:25:52Z
2026-08-09T11:15:09Z,2026-08-09T13:15:09+0200,e7e504e8-2603-4a3b-a199-89117103e6be,2026-07-27T21:00:00Z,2026-07-27T23:00:00+0200,1118.06,MW,DK1,DK_1,actual_offshore_wind_generation,Wind Offshore,2026-08-09T11:25:52Z
2026-08-09T11:15:09Z,2026-08-09T13:15:09+0200,e7e504e8-2603-4a3b-a199-89117103e6be,2026-07-27T21:15:00Z,2026-07-27T23:15:00+0200,1163.96,MW,DK1,DK_1,actual_offshore_wind_generation,Wind Offshore,2026-08-09T11:25:52Z
2026-08-09T11:15:09Z,2026-08-09T13:15:09+0200,e7e504e8-2603-4a3b-a199-89117103e6be,2026-07-27T21:30:00Z,2026-07-27T23:30:00+0200,1200.46,MW,DK1,DK_1,actual_offshore_wind_generation,Wind Offshore,2026-08-09T11:25:52Z
2026-08-09T11:15:09Z,2026-08-09T13:15:09+0200,e7e504e8-2603-4a3b-a199-89117103e6be,2026-07-27T21:45:00Z,2026-07-27T23:45:00+0200,1227.89,MW,DK1,DK_1,actual_offshore_wind_generation,Wind Offshore,2026-08-09T11:25:52Z
2026-08-09T11:15:09Z,2026-08-09T13:15:09+0200,e7e504e8-2603-4a3b-a199-89117103e6be,2026-07-27T22:00:00Z,2026-07-28T00:00:00+0200,1273.39,MW,DK1,DK_1,actual_offshore_wind_generation,Wind Offshore,2026-08-09T11:25:52Z
2026-08-09T11:15:09Z,2026-08-09T13:15:09+0200,e7e504e8-2603-4a3b-a199-89117103e6be,2026-07-27T22:15:00Z,2026-07-28T00:15:00+0200,1305.1,MW,DK1,DK_1,actual_offshore_wind_generation,Wind Offshore,2026-08-09T11:25:52Z
2026-08-09T11:15:09Z,2026-08-09T13:15:09+0200,e7e504e8-2603-4a3b-a199-89117103e6be,2026-07-27T22:30:00Z,2026-07-28T00:30:00+0200,1318.47,MW,DK1,DK_1,actual_offshore_wind_generation,Wind Offshore,2026-08-09T11:25:52Z
2026-08-09T11:15:09Z,2026-08-09T13:15:09+0200,e7e504e8-2603-4a3b-a199-89117103e6be,2026-07-27T22:45:00Z,2026-07-28T00:45:00+0200,1355.64,MW,DK1,DK_1,actual_offshore_wind_generation,Wind Offshore,2026-08-09T11:25:52Z
2026-08-09T11:15:09Z,2026-08-09T13:15:09+0200,e7e504e8-2603-4a3b-a199-89117103e6be,2026-07-27T23:00:00Z,2026-07-28T01:00:00+0200,1389.96,MW,DK1,DK_1,actual_offshore_wind_generation,Wind Offshore,2026-08-09T11:25:52Z
2026-08-09T11:15:09Z,2026-08-09T13:15:09+0200,e7e504e8-2603-4a3b-a199-89117103e6be,2026-07-27T23:15:00Z,2026-07-28T01:15:00+0200,1394.77,MW,DK1,DK_1,actual_offshore_wind_generation,Wind Offshore,2026-08-09T11:25:52Z
2026-08-09T11:15:09Z,2026-08-09T13:15:09+0200,e7e504e8-2603-4a3b-a199-89117103e6be,2026-07-27T23:30:00Z,2026-07-28T01:30:00+0200,1396.72,MW,DK1,DK_1,actual_offshore_wind_generation,Wind Offshore,2026-08-09T11:25:52Z
2026-08-09T11:15:09Z,2026-08-09T13:15:09+0200,e7e504e8-2603-4a3b-a199-89117103e6be,2026-07-27T23:45:00Z,2026-07-28T01:45:00+0200,1426.09,MW,DK1,DK_1,actual_offshore_wind_generation,Wind Offshore,2026-08-09T11:25:52Z
2026-08-09T11:15:09Z,2026-08-09T13:15:09+0200,e7e504e8-2603-4a3b-a199-89117103e6be,2026-07-28T00:00:00Z,2026-07-28T02:00:00+0200,1443.79,MW,DK1,DK_1,actual_offshore_wind_generation,Wind Offshore,2026-08-09T11:25:52Z
2026-08-09T11:15:09Z,2026-08-09T13:15:09+0200,e7e504e8-2603-4a3b-a199-89117103e6be,2026-07-28T00:15:00Z,2026-07-28T02:15:00+0200,1444.74,MW,DK1,DK_1,actual_offshore_wind_generation,Wind Offshore,2026-08-09T11:25:52Z
2026-08-09T11:15:09Z,2026-08-09T13:15:09+0200,e7e504e8-2603-4a3b-a199-89117103e6be,2026-07-28T00:30:00Z,2026-07-28T02:30:00+0200,1435.91,MW,DK1,DK_1,actual_offshore_wind_generation,Wind Offshore,2026-08-09T11:25:52Z
2026-08-09T11:15:09Z,2026-08-09T13:15:09+0200,e7e504e8-2603-4a3b-a199-89117103e6be,2026-07-28T00:45:00Z,2026-07-28T02:45:00+0200,1426.34,MW,DK1,DK_1,actual_offshore_wind_generation,Wind Offshore,2026-08-09T11:25:52Z
2026-08-09T11:15:09Z,2026-08-09T13:15:09+0200,e7e504e8-2603-4a3b-a199-89117103e6be,2026-07-28T01:00:00Z,2026-07-28T03:00:00+0200,1390.55,MW,DK1,DK_1,actual_offshore_wind_generation,Wind Offshore,2026-08-09T11:25:52Z
2026-08-09T11:15:09Z,2026-08-09T13:15:09+0200,e7e504e8-2603-4a3b-a199-89117103e6be,2026-07-28T01:15:00Z,2026-07-28T03:15:00+0200,1329.55,MW,DK1,DK_1,actual_offshore_wind_generation,Wind Offshore,2026-08-09T11:25:52Z
2026-08-09T11:15:09Z,2026-08-09T13:15:09+0200,e7e504e8-2603-4a3b-a199-89117103e6be,2026-07-28T01:30:00Z,2026-07-28T03:30:00+0200,1283.2,MW,DK1,DK_1,actual_offshore_wind_generation,Wind Offshore,2026-08-09T11:25:52Z
2026-08-09T11:15:09Z,2026-08-09T13:15:09+0200,e7e504e8-2603-4a3b-a199-89117103e6be,2026-07-28T01:45:00Z,2026-07-28T03:45:00+0200,1373.88,MW,DK1,DK_1,actual_offshore_wind_generation,Wind Offshore,2026-08-09T11:25:52Z
2026-08-09T11:15:09Z,2026-08-09T13:15:09+0200,e7e504e8-2603-4a3b-a199-89117103e6be,2026-07-28T02:00:00Z,2026-07-28T04:00:00+0200,1412.08,MW,DK1,DK_1,actual_offshore_wind_generation,Wind Offshore,2026-08-09T11:25:52Z
2026-08-09T11:15:09Z,2026-08-09T13:15:09+0200,e7e504e8-2603-4a3b-a199-89117103e6be,2026-07-28T02:15:00Z,2026-07-28T04:15:00+0200,1412.12,MW,DK1,DK_1,actual_offshore_wind_generation,Wind Offshore,2026-08-09T11:25:52Z
2026-08-09T11:15:09Z,2026-08-09T13:15:09+0200,e7e504e8-2603-4a3b-a199-89117103e6be,2026-07-28T02:30:00Z,2026-07-28T04:30:00+0200,1410.19,MW,DK1,DK_1,actual_offshore_wind_generation,Wind Offshore,2026-08-09T11:25:52Z
2026-08-09T11:15:09Z,2026-08-09T13:15:09+0200,e7e504e8-2603-4a3b-a199-89117103e6be,2026-07-28T02:45:00Z,2026-07-28T04:45:00+0200,1404.45,MW,DK1,DK_1,actual_offshore_wind_generation,Wind Offshore,2026-08-09T11:25:52Z
2026-08-09T11:15:09Z,2026-08-09T13:15:09+0200,e7e504e8-2603-4a3b-a199-89117103e6be,2026-07-28T03:00:00Z,2026-07-28T05:00:00+0200,1380.06,MW,DK1,DK_1,actual_offshore_wind_generation,Wind Offshore,2026-08-09T11:25:52Z
2026-08-09T11:15:09Z,2026-08-09T13:15:09+0200,e7e504e8-2603-4a3b-a199-89117103e6be,2026-07-28T03:15:00Z,2026-07-28T05:15:00+0200,1291.07,MW,DK1,DK_1,actual_offshore_wind_generation,Wind Offshore,2026-08-09T11:25:52Z
2026-08-09T11:15:09Z,2026-08-09T13:15:09+0200,e7e504e8-2603-4a3b-a199-89117103e6be,2026-07-28T03:30:00Z,2026-07-28T05:30:00+0200,1205.04,MW,DK1,DK_1,actual_offshore_wind_generation,Wind Offshore,2026-08-09T11:25:52Z
2026-08-09T11:15:09Z,2026-08-09T13:15:09+0200,e7e504e8-2603-4a3b-a199-89117103e6be,2026-07-28T03:45:00Z,2026-07-28T05:45:00+0200,1130.05,MW,DK1,DK_1,actual_offshore_wind_generation,Wind Offshore,2026-08-09T11:25:52Z
2026-08-09T11:15:09Z,2026-08-09T13:15:09+0200,e7e504e8-2603-4a3b-a199-89117103e6be,2026-07-28T04:00:00Z,2026-07-28T06:00:00+0200,1079.65,MW,DK1,DK_1,actual_offshore_wind_generation,Wind Offshore,2026-08-09T11:25:52Z
2026-08-09T11:15:09Z,2026-08-09T13:15:09+0200,e7e504e8-2603-4a3b-a199-89117103e6be,2026-07-28T04:15:00Z,2026-07-28T06:15:00+0200,1059.43,MW,DK1,DK_1,actual_offshore_wind_generation,Wind Offshore,2026-08-09T11:25:52Z
2026-08-09T11:15:09Z,2026-08-09T13:15:09+0200,e7e504e8-2603-4a3b-a199-89117103e6be,2026-07-28T04:30:00Z,2026-07-28T06:30:00+0200,1026.7,MW,DK1,DK_1,actual_offshore_wind_generation,Wind Offshore,2026-08-09T11:25:52Z
2026-08-09T11:15:09Z,2026-08-09T13:15:09+0200,e7e504e8-2603-4a3b-a199-89117103e6be,2026-07-28T04:45:00Z,2026-07-28T06:45:00+0200,959.363,MW,DK1,DK_1,actual_offshore_wind_generation,Wind Offshore,2026-08-09T11:25:52Z
2026-08-09T11:15:09Z,2026-08-09T13:15:09+0200,e7e504e8-2603-4a3b-a199-89117103e6be,2026-07-28T05:00:00Z,2026-07-28T07:00:00+0200,922.47,MW,DK1,DK_1,actual_offshore_wind_generation,Wind Offshore,2026-08-09T11:25:52Z
2026-08-09T11:15:09Z,2026-08-09T13:15:09+0200,e7e504e8-2603-4a3b-a199-89117103e6be,2026-07-28T05:15:00Z,2026-07-28T07:15:00+0200,914.28,MW,DK1,DK_1,actual_offshore_wind_generation,Wind Offshore,2026-08-09T11:25:52Z
2026-08-09T11:15:09Z,2026-08-09T13:15:09+0200,e7e504e8-2603-4a3b-a199-89117103e6be,2026-07-28T05:30:00Z,2026-07-28T07:30:00+0200,863.642,MW,DK1,DK_1,actual_offshore_wind_generation,Wind Offshore,2026-08-09T11:25:52Z
2026-08-09T11:15:09Z,2026-08-09T13:15:09+0200,e7e504e8-2603-4a3b-a199-89117103e6be,2026-07-28T05:45:00Z,2026-07-28T07:45:00+0200,844.266,MW,DK1,DK_1,actual_offshore_wind_generation,Wind Offshore,2026-08-09T11:25:52Z
2026-08-09T11:15:09Z,2026-08-09T13:15:09+0200,e7e504e8-2603-4a3b-a199-89117103e6be,2026-07-28T06:00:00Z,2026-07-28T08:00:00+0200,822.954,MW,DK1,DK_1,actual_offshore_wind_generation,Wind Offshore,2026-08-09T11:25:52Z
2026-08-09T11:15:09Z,2026-08-09T13:15:09+0200,e7e504e8-2603-4a3b-a199-89117103e6be,2026-07-28T06:15:00Z,2026-07-28T08:15:00+0200,795.177,MW,DK1,DK_1,actual_offshore_wind_generation,Wind Offshore,2026-08-09T11:25:52Z
2026-08-09T11:15:09Z,2026-08-09T13:15:09+0200,e7e504e8-2603-4a3b-a199-89117103e6be,2026-07-28T06:30:00Z,2026-07-28T08:30:00+0200,757.321,MW,DK1,DK_1,actual_offshore_wind_generation,Wind Offshore,2026-08-09T11:25:52Z
2026-08-09T11:15:09Z,2026-08-09T13:15:09+0200,e7e504e8-2603-4a3b-a199-89117103e6be,2026-07-28T06:45:00Z,2026-07-28T08:45:00+0200,750.825,MW,DK1,DK_1,actual_offshore_wind_generation,Wind Offshore,2026-08-09T11:25:52Z
2026-08-09T11:15:09Z,2026-08-09T13:15:09+0200,e7e504e8-2603-4a3b-a199-89117103e6be,2026-07-28T07:00:00Z,2026-07-28T09:00:00+0200,703.271,MW,DK1,DK_1,actual_offshore_wind_generation,Wind Offshore,2026-08-09T11:25:52Z
2026-08-09T11:15:09Z,2026-08-09T13:15:09+0200,e7e504e8-2603-4a3b-a199-89117103e6be,2026-07-28T07:15:00Z,2026-07-28T09:15:00+0200,702.243,MW,DK1,DK_1,actual_offshore_wind_generation,Wind Offshore,2026-08-09T11:25:52Z
2026-08-09T11:15:09Z,2026-08-09T13:15:09+0200,e7e504e8-2603-4a3b-a199-89117103e6be,2026-07-28T07:30:00Z,2026-07-28T09:30:00+0200,760.959,MW,DK1,DK_1,actual_offshore_wind_generation,Wind Offshore,2026-08-09T11:25:52Z
2026-08-09T11:15:09Z,2026-08-09T13:15:09+0200,e7e504e8-2603-4a3b-a199-89117103e6be,2026-07-28T07:45:00Z,2026-07-28T09:45:00+0200,774.877,MW,DK1,DK_1,actual_offshore_wind_generation,Wind Offshore,2026-08-09T11:25:52Z
2026-08-09T11:15:09Z,2026-08-09T13:15:09+0200,e7e504e8-2603-4a3b-a199-89117103e6be,2026-07-28T08:00:00Z,2026-07-28T10:00:00+0200,703.428,MW,DK1,DK_1,actual_offshore_wind_generation,Wind Offshore,2026-08-09T11:25:52Z
2026-08-09T11:15:09Z,2026-08-09T13:15:09+0200,e7e504e8-2603-4a3b-a199-89117103e6be,2026-07-28T08:15:00Z,2026-07-28T10:15:00+0200,633.368,MW,DK1,DK_1,actual_offshore_wind_generation,Wind Offshore,2026-08-09T11:25:52Z
2026-08-09T11:15:09Z,2026-08-09T13:15:09+0200,e7e504e8-2603-4a3b-a199-89117103e6be,2026-07-28T08:30:00Z,2026-07-28T10:30:00+0200,673.915,MW,DK1,DK_1,actual_offshore_wind_generation,Wind Offshore,2026-08-09T11:25:52Z
2026-08-09T11:15:09Z,2026-08-09T13:15:09+0200,e7e504e8-2603-4a3b-a199-89117103e6be,2026-07-28T08:45:00Z,2026-07-28T10:45:00+0200,581.49,MW,DK1,DK_1,actual_offshore_wind_generation,Wind Offshore,2026-08-09T11:25:52Z
2026-08-09T11:15:09Z,2026-08-09T13:15:09+0200,e7e504e8-2603-4a3b-a199-89117103e6be,2026-07-28T09:00:00Z,2026-07-28T11:00:00+0200,562.105,MW,DK1,DK_1,actual_offshore_wind_generation,Wind Offshore,2026-08-09T11:25:52Z
2026-08-09T11:15:09Z,2026-08-09T13:15:09+0200,e7e504e8-2603-4a3b-a199-89117103e6be,2026-07-28T09:15:00Z,2026-07-28T11:15:00+0200,522.717,MW,DK1,DK_1,actual_offshore_wind_generation,Wind Offshore,2026-08-09T11:25:52Z
2026-08-09T11:15:09Z,2026-08-09T13:15:09+0200,e7e504e8-2603-4a3b-a199-89117103e6be,2026-07-28T09:30:00Z,2026-07-28T11:30:00+0200,330.55,MW,DK1,DK_1,actual_offshore_wind_generation,Wind Offshore,2026-08-09T11:25:52Z
2026-08-09T11:15:09Z,2026-08-09T13:15:09+0200,e7e504e8-2603-4a3b-a199-89117103e6be,2026-07-28T09:45:00Z,2026-07-28T11:45:00+0200,264.16,MW,DK1,DK_1,actual_offshore_wind_generation,Wind Offshore,2026-08-09T11:25:52Z
2026-08-09T11:15:09Z,2026-08-09T13:15:09+0200,e7e504e8-2603-4a3b-a199-89117103e6be,2026-07-28T10:00:00Z,2026-07-28T12:00:00+0200,243.0,MW,DK1,DK_1,actual_offshore_wind_generation,Wind Offshore,2026-08-09T11:25:52Z
2026-08-09T11:15:09Z,2026-08-09T13:15:09+0200,e7e504e8-2603-4a3b-a199-89117103e6be,2026-07-28T10:15:00Z,2026-07-28T12:15:00+0200,247.722,MW,DK1,DK_1,actual_offshore_wind_generation,Wind Offshore,2026-08-09T11:25:52Z
2026-08-09T11:15:09Z,2026-08-09T13:15:09+0200,e7e504e8-2603-4a3b-a199-89117103e6be,2026-07-28T10:30:00Z,2026-07-28T12:30:00+0200,284.901,MW,DK1,DK_1,actual_offshore_wind_generation,Wind Offshore,2026-08-09T11:25:52Z
2026-08-09T11:15:09Z,2026-08-09T13:15:09+0200,e7e504e8-2603-4a3b-a199-89117103e6be,2026-07-28T10:45:00Z,2026-07-28T12:45:00+0200,306.839,MW,DK1,DK_1,actual_offshore_wind_generation,Wind Offshore,2026-08-09T11:25:52Z
2026-08-09T11:15:09Z,2026-08-09T13:15:09+0200,e7e504e8-2603-4a3b-a199-89117103e6be,2026-07-28T11:00:00Z,2026-07-28T13:00:00+0200,264.486,MW,DK1,DK_1,actual_offshore_wind_generation,Wind Offshore,2026-08-09T11:25:52Z
2026-08-09T11:15:09Z,2026-08-09T13:15:09+0200,e7e504e8-2603-4a3b-a199-89117103e6be,2026-07-28T11:15:00Z,2026-07-28T13:15:00+0200,268.695,MW,DK1,DK_1,actual_offshore_wind_generation,Wind Offshore,2026-08-09T11:25:52Z
2026-08-09T11:15:09Z,2026-08-09T13:15:09+0200,e7e504e8-2603-4a3b-a199-89117103e6be,2026-07-28T11:30:00Z,2026-07-28T13:30:00+0200,275.124,MW,DK1,DK_1,actual_offshore_wind_generation,Wind Offshore,2026-08-09T11:25:52Z
2026-08-09T11:15:09Z,2026-08-09T13:15:09+0200,e7e504e8-2603-4a3b-a199-89117103e6be,2026-07-28T11:45:00Z,2026-07-28T13:45:00+0200,278.403,MW,DK1,DK_1,actual_offshore_wind_generation,Wind Offshore,2026-08-09T11:25:52Z
2026-08-09T11:15:09Z,2026-08-09T13:15:09+0200,e7e504e8-2603-4a3b-a199-89117103e6be,2026-07-28T12:00:00Z,2026-07-28T14:00:00+0200,254.633,MW,DK1,DK_1,actual_offshore_wind_generation,Wind Offshore,2026-08-09T11:25:52Z
2026-08-09T11:15:09Z,2026-08-09T13:15:09+0200,e7e504e8-2603-4a3b-a199-89117103e6be,2026-07-28T12:15:00Z,2026-07-28T14:15:00+0200,241.62,MW,DK1,DK_1,actual_offshore_wind_generation,Wind Offshore,2026-08-09T11:25:52Z
2026-08-09T11:15:09Z,2026-08-09T13:15:09+0200,e7e504e8-2603-4a3b-a199-89117103e6be,2026-07-28T12:30:00Z,2026-07-28T14:30:00+0200,284.023,MW,DK1,DK_1,actual_offshore_wind_generation,Wind Offshore,2026-08-09T11:25:52Z
2026-08-09T11:15:09Z,2026-08-09T13:15:09+0200,e7e504e8-2603-4a3b-a199-89117103e6be,2026-07-28T12:45:00Z,2026-07-28T14:45:00+0200,295.049,MW,DK1,DK_1,actual_offshore_wind_generation,Wind Offshore,2026-08-09T11:25:52Z
2026-08-09T11:15:09Z,2026-08-09T13:15:09+0200,e7e504e8-2603-4a3b-a199-89117103e6be,2026-07-28T13:00:00Z,2026-07-28T15:00:00+0200,303.104,MW,DK1,DK_1,actual_offshore_wind_generation,Wind Offshore,2026-08-09T11:25:52Z
2026-08-09T11:15:09Z,2026-08-09T13:15:09+0200,e7e504e8-2603-4a3b-a199-89117103e6be,2026-07-28T13:15:00Z,2026-07-28T15:15:00+0200,280.793,MW,DK1,DK_1,actual_offshore_wind_generation,Wind Offshore,2026-08-09T11:25:52Z
2026-08-09T11:15:09Z,2026-08-09T13:15:09+0200,e7e504e8-2603-4a3b-a199-89117103e6be,2026-07-28T13:30:00Z,2026-07-28T15:30:00+0200,295.711,MW,DK1,DK_1,actual_offshore_wind_generation,Wind Offshore,2026-08-09T11:25:52Z
2026-08-09T11:15:09Z,2026-08-09T13:15:09+0200,e7e504e8-2603-4a3b-a199-89117103e6be,2026-07-28T13:45:00Z,2026-07-28T15:45:00+0200,298.134,MW,DK1,DK_1,actual_offshore_wind_generation,Wind Offshore,2026-08-09T11:25:52Z
2026-08-09T11:15:09Z,2026-08-09T13:15:09+0200,e7e504e8-2603-4a3b-a199-89117103e6be,2026-07-28T14:00:00Z,2026-07-28T16:00:00+0200,467.338,MW,DK1,DK_1,actual_offshore_wind_generation,Wind Offshore,2026-08-09T11:25:52Z
2026-08-09T11:15:09Z,2026-08-09T13:15:09+0200,e7e504e8-2603-4a3b-a199-89117103e6be,2026-07-28T14:15:00Z,2026-07-28T16:15:00+0200,535.517,MW,DK1,DK_1,actual_offshore_wind_generation,Wind Offshore,2026-08-09T11:25:52Z
2026-08-09T11:15:09Z,2026-08-09T13:15:09+0200,e7e504e8-2603-4a3b-a199-89117103e6be,2026-07-28T14:30:00Z,2026-07-28T16:30:00+0200,620.158,MW,DK1,DK_1,actual_offshore_wind_generation,Wind Offshore,2026-08-09T11:25:52Z
2026-08-09T11:15:09Z,2026-08-09T13:15:09+0200,e7e504e8-2603-4a3b-a199-89117103e6be,2026-07-28T14:45:00Z,2026-07-28T16:45:00+0200,702.667,MW,DK1,DK_1,actual_offshore_wind_generation,Wind Offshore,2026-08-09T11:25:52Z
2026-08-09T11:15:09Z,2026-08-09T13:15:09+0200,e7e504e8-2603-4a3b-a199-89117103e6be,2026-07-28T15:00:00Z,2026-07-28T17:00:00+0200,768.552,MW,DK1,DK_1,actual_offshore_wind_generation,Wind Offshore,2026-08-09T11:25:52Z
2026-08-09T11:15:09Z,2026-08-09T13:15:09+0200,e7e504e8-2603-4a3b-a199-89117103e6be,2026-07-28T15:15:00Z,2026-07-28T17:15:00+0200,864.825,MW,DK1,DK_1,actual_offshore_wind_generation,Wind Offshore,2026-08-09T11:25:52Z
2026-08-09T11:15:09Z,2026-08-09T13:15:09+0200,e7e504e8-2603-4a3b-a199-89117103e6be,2026-07-28T15:30:00Z,2026-07-28T17:30:00+0200,943.879,MW,DK1,DK_1,actual_offshore_wind_generation,Wind Offshore,2026-08-09T11:25:52Z
2026-08-09T11:15:09Z,2026-08-09T13:15:09+0200,e7e504e8-2603-4a3b-a199-89117103e6be,2026-07-28T15:45:00Z,2026-07-28T17:45:00+0200,1028.01,MW,DK1,DK_1,actual_offshore_wind_generation,Wind Offshore,2026-08-09T11:25:52Z
2026-08-09T11:15:09Z,2026-08-09T13:15:09+0200,e7e504e8-2603-4a3b-a199-89117103e6be,2026-07-28T16:00:00Z,2026-07-28T18:00:00+0200,1136.54,MW,DK1,DK_1,actual_offshore_wind_generation,Wind Offshore,2026-08-09T11:25:52Z
2026-08-09T11:15:09Z,2026-08-09T13:15:09+0200,e7e504e8-2603-4a3b-a199-89117103e6be,2026-07-28T16:15:00Z,2026-07-28T18:15:00+0200,1279.2,MW,DK1,DK_1,actual_offshore_wind_generation,Wind Offshore,2026-08-09T11:25:52Z
2026-08-09T11:15:09Z,2026-08-09T13:15:09+0200,e7e504e8-2603-4a3b-a199-89117103e6be,2026-07-28T16:30:00Z,2026-07-28T18:30:00+0200,1382.75,MW,DK1,DK_1,actual_offshore_wind_generation,Wind Offshore,2026-08-09T11:25:52Z
2026-08-09T11:15:09Z,2026-08-09T13:15:09+0200,e7e504e8-2603-4a3b-a199-89117103e6be,2026-07-28T16:45:00Z,2026-07-28T18:45:00+0200,1438.94,MW,DK1,DK_1,actual_offshore_wind_generation,Wind Offshore,2026-08-09T11:25:52Z
2026-08-09T11:15:09Z,2026-08-09T13:15:09+0200,e7e504e8-2603-4a3b-a199-89117103e6be,2026-07-28T17:00:00Z,2026-07-28T19:00:00+0200,1445.51,MW,DK1,DK_1,actual_offshore_wind_generation,Wind Offshore,2026-08-09T11:25:52Z
2026-08-09T11:15:09Z,2026-08-09T13:15:09+0200,e7e504e8-2603-4a3b-a199-89117103e6be,2026-07-28T17:15:00Z,2026-07-28T19:15:00+0200,1421.87,MW,DK1,DK_1,actual_offshore_wind_generation,Wind Offshore,2026-08-09T11:25:52Z
2026-08-09T11:15:09Z,2026-08-09T13:15:09+0200,e7e504e8-2603-4a3b-a199-89117103e6be,2026-07-28T17:30:00Z,2026-07-28T19:30:00+0200,1351.57,MW,DK1,DK_1,actual_offshore_wind_generation,Wind Offshore,2026-08-09T11:25:52Z
2026-08-09T11:15:09Z,2026-08-09T13:15:09+0200,e7e504e8-2603-4a3b-a199-89117103e6be,2026-07-28T17:45:00Z,2026-07-28T19:45:00+0200,1331.09,MW,DK1,DK_1,actual_offshore_wind_generation,Wind Offshore,2026-08-09T11:25:52Z
2026-08-09T11:15:09Z,2026-08-09T13:15:09+0200,e7e504e8-2603-4a3b-a199-89117103e6be,2026-07-28T18:00:00Z,2026-07-28T20:00:00+0200,1243.77,MW,DK1,DK_1,actual_offshore_wind_generation,Wind Offshore,2026-08-09T11:25:52Z
2026-08-09T11:15:09Z,2026-08-09T13:15:09+0200,e7e504e8-2603-4a3b-a199-89117103e6be,2026-07-28T18:15:00Z,2026-07-28T20:15:00+0200,1197.76,MW,DK1,DK_1,actual_offshore_wind_generation,Wind Offshore,2026-08-09T11:25:52Z
2026-08-09T11:15:09Z,2026-08-09T13:15:09+0200,e7e504e8-2603-4a3b-a199-89117103e6be,2026-07-28T18:30:00Z,2026-07-28T20:30:00+0200,1129.36,MW,DK1,DK_1,actual_offshore_wind_generation,Wind Offshore,2026-08-09T11:25:52Z
2026-08-09T11:15:09Z,2026-08-09T13:15:09+0200,e7e504e8-2603-4a3b-a199-89117103e6be,2026-07-28T18:45:00Z,2026-07-28T20:45:00+0200,1064.67,MW,DK1,DK_1,actual_offshore_wind_generation,Wind Offshore,2026-08-09T11:25:52Z
2026-08-09T11:15:09Z,2026-08-09T13:15:09+0200,e7e504e8-2603-4a3b-a199-89117103e6be,2026-07-28T19:00:00Z,2026-07-28T21:00:00+0200,1046.34,MW,DK1,DK_1,actual_offshore_wind_generation,Wind Offshore,2026-08-09T11:25:52Z
2026-08-09T11:15:09Z,2026-08-09T13:15:09+0200,e7e504e8-2603-4a3b-a199-89117103e6be,2026-07-28T19:15:00Z,2026-07-28T21:15:00+0200,1084.25,MW,DK1,DK_1,actual_offshore_wind_generation,Wind Offshore,2026-08-09T11:25:52Z
2026-08-09T11:15:09Z,2026-08-09T13:15:09+0200,e7e504e8-2603-4a3b-a199-89117103e6be,2026-07-28T19:30:00Z,2026-07-28T21:30:00+0200,1128.42,MW,DK1,DK_1,actual_offshore_wind_generation,Wind Offshore,2026-08-09T11:25:52Z
2026-08-09T11:15:09Z,2026-08-09T13:15:09+0200,e7e504e8-2603-4a3b-a199-89117103e6be,2026-07-28T19:45:00Z,2026-07-28T21:45:00+0200,1197.75,MW,DK1,DK_1,actual_offshore_wind_generation,Wind Offshore,2026-08-09T11:25:52Z
2026-08-09T11:15:09Z,2026-08-09T13:15:09+0200,e7e504e8-2603-4a3b-a199-89117103e6be,2026-07-28T20:00:00Z,2026-07-28T22:00:00+0200,1220.78,MW,DK1,DK_1,actual_offshore_wind_generation,Wind Offshore,2026-08-09T11:25:52Z
2026-08-09T11:15:09Z,2026-08-09T13:15:09+0200,e7e504e8-2603-4a3b-a199-89117103e6be,2026-07-28T20:15:00Z,2026-07-28T22:15:00+0200,1219.81,MW,DK1,DK_1,actual_offshore_wind_generation,Wind Offshore,2026-08-09T11:25:52Z
2026-08-09T11:15:09Z,2026-08-09T13:15:09+0200,e7e504e8-2603-4a3b-a199-89117103e6be,2026-07-28T20:30:00Z,2026-07-28T22:30:00+0200,1241.58,MW,DK1,DK_1,actual_offshore_wind_generation,Wind Offshore,2026-08-09T11:25:52Z
2026-08-09T11:15:09Z,2026-08-09T13:15:09+0200,e7e504e8-2603-4a3b-a199-89117103e6be,2026-07-28T20:45:00Z,2026-07-28T22:45:00+0200,1238.7,MW,DK1,DK_1,actual_offshore_wind_generation,Wind Offshore,2026-08-09T11:25:52Z
2026-08-09T11:15:09Z,2026-08-09T13:15:09+0200,e7e504e8-2603-4a3b-a199-89117103e6be,2026-07-28T21:00:00Z,2026-07-28T23:00:00+0200,1169.26,MW,DK1,DK_1,actual_offshore_wind_generation,Wind Offshore,2026-08-09T11:25:52Z
2026-08-09T11:15:09Z,2026-08-09T13:15:09+0200,e7e504e8-2603-4a3b-a199-89117103e6be,2026-07-28T21:15:00Z,2026-07-28T23:15:00+0200,1110.55,MW,DK1,DK_1,actual_offshore_wind_generation,Wind Offshore,2026-08-09T11:25:52Z
2026-08-09T11:15:09Z,2026-08-09T13:15:09+0200,e7e504e8-2603-4a3b-a199-89117103e6be,2026-07-28T21:30:00Z,2026-07-28T23:30:00+0200,1079.03,MW,DK1,DK_1,actual_offshore_wind_generation,Wind Offshore,2026-08-09T11:25:52Z
2026-08-09T11:15:09Z,2026-08-09T13:15:09+0200,e7e504e8-2603-4a3b-a199-89117103e6be,2026-07-28T21:45:00Z,2026-07-28T23:45:00+0200,1032.48,MW,DK1,DK_1,actual_offshore_wind_generation,Wind Offshore,2026-08-09T11:25:52Z
2026-08-09T11:15:09Z,2026-08-09T13:15:09+0200,e7e504e8-2603-4a3b-a199-89117103e6be,2026-07-28T22:00:00Z,2026-07-29T00:00:00+0200,1023.85,MW,DK1,DK_1,actual_offshore_wind_generation,Wind Offshore,2026-08-09T11:25:52Z
2026-08-09T11:15:09Z,2026-08-09T13:15:09+0200,e7e504e8-2603-4a3b-a199-89117103e6be,2026-07-28T22:15:00Z,2026-07-29T00:15:00+0200,984.052,MW,DK1,DK_1,actual_offshore_wind_generation,Wind Offshore,2026-08-09T11:25:52Z
2026-08-09T11:15:09Z,2026-08-09T13:15:09+0200,e7e504e8-2603-4a3b-a199-89117103e6be,2026-07-28T22:30:00Z,2026-07-29T00:30:00+0200,952.18,MW,DK1,DK_1,actual_offshore_wind_generation,Wind Offshore,2026-08-09T11:25:52Z
2026-08-09T11:15:09Z,2026-08-09T13:15:09+0200,e7e504e8-2603-4a3b-a199-89117103e6be,2026-07-28T22:45:00Z,2026-07-29T00:45:00+0200,919.634,MW,DK1,DK_1,actual_offshore_wind_generation,Wind Offshore,2026-08-09T11:25:52Z
2026-08-09T11:15:09Z,2026-08-09T13:15:09+0200,e7e504e8-2603-4a3b-a199-89117103e6be,2026-07-28T23:00:00Z,2026-07-29T01:00:00+0200,892.428,MW,DK1,DK_1,actual_offshore_wind_generation,Wind Offshore,2026-08-09T11:25:52Z
2026-08-09T11:15:09Z,2026-08-09T13:15:09+0200,e7e504e8-2603-4a3b-a199-89117103e6be,2026-07-28T23:15:00Z,2026-07-29T01:15:00+0200,852.38,MW,DK1,DK_1,actual_offshore_wind_generation,Wind Offshore,2026-08-09T11:25:52Z
2026-08-09T11:15:09Z,2026-08-09T13:15:09+0200,e7e504e8-2603-4a3b-a199-89117103e6be,2026-07-28T23:30:00Z,2026-07-29T01:30:00+0200,833.68,MW,DK1,DK_1,actual_offshore_wind_generation,Wind Offshore,2026-08-09T11:25:52Z
2026-08-09T11:15:09Z,2026-08-09T13:15:09+0200,e7e504e8-2603-4a3b-a199-89117103e6be,2026-07-28T23:45:00Z,2026-07-29T01:45:00+0200,778.99,MW,DK1,DK_1,actual_offshore_wind_generation,Wind Offshore,2026-08-09T11:25:52Z
2026-08-09T11:15:09Z,2026-08-09T13:15:09+0200,e7e504e8-2603-4a3b-a199-89117103e6be,2026-07-29T00:00:00Z,2026-07-29T02:00:00+0200,718.084,MW,DK1,DK_1,actual_offshore_wind_generation,Wind Offshore,2026-08-09T11:25:52Z
2026-08-09T11:15:09Z,2026-08-09T13:15:09+0200,e7e504e8-2603-4a3b-a199-89117103e6be,2026-07-29T00:15:00Z,2026-07-29T02:15:00+0200,704.321,MW,DK1,DK_1,actual_offshore_wind_generation,Wind Offshore,2026-08-09T11:25:52Z
2026-08-09T11:15:09Z,2026-08-09T13:15:09+0200,e7e504e8-2603-4a3b-a199-89117103e6be,2026-07-29T00:30:00Z,2026-07-29T02:30:00+0200,665.948,MW,DK1,DK_1,actual_offshore_wind_generation,Wind Offshore,2026-08-09T11:25:52Z
2026-08-09T11:15:09Z,2026-08-09T13:15:09+0200,e7e504e8-2603-4a3b-a199-89117103e6be,2026-07-29T00:45:00Z,2026-07-29T02:45:00+0200,587.089,MW,DK1,DK_1,actual_offshore_wind_generation,Wind Offshore,2026-08-09T11:25:52Z
2026-08-09T11:15:09Z,2026-08-09T13:15:09+0200,e7e504e8-2603-4a3b-a199-89117103e6be,2026-07-29T01:00:00Z,2026-07-29T03:00:00+0200,544.193,MW,DK1,DK_1,actual_offshore_wind_generation,Wind Offshore,2026-08-09T11:25:52Z
2026-08-09T11:15:09Z,2026-08-09T13:15:09+0200,e7e504e8-2603-4a3b-a199-89117103e6be,2026-07-29T01:15:00Z,2026-07-29T03:15:00+0200,498.05,MW,DK1,DK_1,actual_offshore_wind_generation,Wind Offshore,2026-08-09T11:25:52Z
2026-08-09T11:15:09Z,2026-08-09T13:15:09+0200,e7e504e8-2603-4a3b-a199-89117103e6be,2026-07-29T01:30:00Z,2026-07-29T03:30:00+0200,506.749,MW,DK1,DK_1,actual_offshore_wind_generation,Wind Offshore,2026-08-09T11:25:52Z
2026-08-09T11:15:09Z,2026-08-09T13:15:09+0200,e7e504e8-2603-4a3b-a199-89117103e6be,2026-07-29T01:45:00Z,2026-07-29T03:45:00+0200,505.13,MW,DK1,DK_1,actual_offshore_wind_generation,Wind Offshore,2026-08-09T11:25:52Z
2026-08-09T11:15:09Z,2026-08-09T13:15:09+0200,e7e504e8-2603-4a3b-a199-89117103e6be,2026-07-29T02:00:00Z,2026-07-29T04:00:00+0200,477.879,MW,DK1,DK_1,actual_offshore_wind_generation,Wind Offshore,2026-08-09T11:25:52Z
2026-08-09T11:15:09Z,2026-08-09T13:15:09+0200,e7e504e8-2603-4a3b-a199-89117103e6be,2026-07-29T02:15:00Z,2026-07-29T04:15:00+0200,474.285,MW,DK1,DK_1,actual_offshore_wind_generation,Wind Offshore,2026-08-09T11:25:52Z
2026-08-09T11:15:09Z,2026-08-09T13:15:09+0200,e7e504e8-2603-4a3b-a199-89117103e6be,2026-07-29T02:30:00Z,2026-07-29T04:30:00+0200,458.864,MW,DK1,DK_1,actual_offshore_wind_generation,Wind Offshore,2026-08-09T11:25:52Z
2026-08-09T11:15:09Z,2026-08-09T13:15:09+0200,e7e504e8-2603-4a3b-a199-89117103e6be,2026-07-29T02:45:00Z,2026-07-29T04:45:00+0200,449.135,MW,DK1,DK_1,actual_offshore_wind_generation,Wind Offshore,2026-08-09T11:25:52Z
2026-08-09T11:15:09Z,2026-08-09T13:15:09+0200,e7e504e8-2603-4a3b-a199-89117103e6be,2026-07-29T03:00:00Z,2026-07-29T05:00:00+0200,394.579,MW,DK1,DK_1,actual_offshore_wind_generation,Wind Offshore,2026-08-09T11:25:52Z
2026-08-09T11:15:09Z,2026-08-09T13:15:09+0200,e7e504e8-2603-4a3b-a199-89117103e6be,2026-07-29T03:15:00Z,2026-07-29T05:15:00+0200,494.411,MW,DK1,DK_1,actual_offshore_wind_generation,Wind Offshore,2026-08-09T11:25:52Z
2026-08-09T11:15:09Z,2026-08-09T13:15:09+0200,e7e504e8-2603-4a3b-a199-89117103e6be,2026-07-29T03:30:00Z,2026-07-29T05:30:00+0200,505.236,MW,DK1,DK_1,actual_offshore_wind_generation,Wind Offshore,2026-08-09T11:25:52Z
2026-08-09T11:15:09Z,2026-08-09T13:15:09+0200,e7e504e8-2603-4a3b-a199-89117103e6be,2026-07-29T03:45:00Z,2026-07-29T05:45:00+0200,444.624,MW,DK1,DK_1,actual_offshore_wind_generation,Wind Offshore,2026-08-09T11:25:52Z
2026-08-09T11:15:09Z,2026-08-09T13:15:09+0200,e7e504e8-2603-4a3b-a199-89117103e6be,2026-07-29T04:00:00Z,2026-07-29T06:00:00+0200,423.968,MW,DK1,DK_1,actual_offshore_wind_generation,Wind Offshore,2026-08-09T11:25:52Z
2026-08-09T11:15:09Z,2026-08-09T13:15:09+0200,e7e504e8-2603-4a3b-a199-89117103e6be,2026-07-29T04:15:00Z,2026-07-29T06:15:00+0200,422.537,MW,DK1,DK_1,actual_offshore_wind_generation,Wind Offshore,2026-08-09T11:25:52Z
2026-08-09T11:15:09Z,2026-08-09T13:15:09+0200,e7e504e8-2603-4a3b-a199-89117103e6be,2026-07-29T04:30:00Z,2026-07-29T06:30:00+0200,489.213,MW,DK1,DK_1,actual_offshore_wind_generation,Wind Offshore,2026-08-09T11:25:52Z
2026-08-09T11:15:09Z,2026-08-09T13:15:09+0200,e7e504e8-2603-4a3b-a199-89117103e6be,2026-07-29T04:45:00Z,2026-07-29T06:45:00+0200,466.491,MW,DK1,DK_1,actual_offshore_wind_generation,Wind Offshore,2026-08-09T11:25:52Z
2026-08-09T11:15:09Z,2026-08-09T13:15:09+0200,e7e504e8-2603-4a3b-a199-89117103e6be,2026-07-29T05:00:00Z,2026-07-29T07:00:00+0200,472.563,MW,DK1,DK_1,actual_offshore_wind_generation,Wind Offshore,2026-08-09T11:25:52Z
2026-08-09T11:15:09Z,2026-08-09T13:15:09+0200,e7e504e8-2603-4a3b-a199-89117103e6be,2026-07-29T05:15:00Z,2026-07-29T07:15:00+0200,543.457,MW,DK1,DK_1,actual_offshore_wind_generation,Wind Offshore,2026-08-09T11:25:52Z
2026-08-09T11:15:09Z,2026-08-09T13:15:09+0200,e7e504e8-2603-4a3b-a199-89117103e6be,2026-07-29T05:30:00Z,2026-07-29T07:30:00+0200,615.917,MW,DK1,DK_1,actual_offshore_wind_generation,Wind Offshore,2026-08-09T11:25:52Z
2026-08-09T11:15:09Z,2026-08-09T13:15:09+0200,e7e504e8-2603-4a3b-a199-89117103e6be,2026-07-29T05:45:00Z,2026-07-29T07:45:00+0200,614.297,MW,DK1,DK_1,actual_offshore_wind_generation,Wind Offshore,2026-08-09T11:25:52Z
2026-08-09T11:15:09Z,2026-08-09T13:15:09+0200,e7e504e8-2603-4a3b-a199-89117103e6be,2026-07-29T06:00:00Z,2026-07-29T08:00:00+0200,631.151,MW,DK1,DK_1,actual_offshore_wind_generation,Wind Offshore,2026-08-09T11:25:52Z
2026-08-09T11:15:09Z,2026-08-09T13:15:09+0200,e7e504e8-2603-4a3b-a199-89117103e6be,2026-07-29T06:15:00Z,2026-07-29T08:15:00+0200,604.01,MW,DK1,DK_1,actual_offshore_wind_generation,Wind Offshore,2026-08-09T11:25:52Z
2026-08-09T11:15:09Z,2026-08-09T13:15:09+0200,e7e504e8-2603-4a3b-a199-89117103e6be,2026-07-29T06:30:00Z,2026-07-29T08:30:00+0200,597.225,MW,DK1,DK_1,actual_offshore_wind_generation,Wind Offshore,2026-08-09T11:25:52Z
2026-08-09T11:15:09Z,2026-08-09T13:15:09+0200,e7e504e8-2603-4a3b-a199-89117103e6be,2026-07-29T06:45:00Z,2026-07-29T08:45:00+0200,584.199,MW,DK1,DK_1,actual_offshore_wind_generation,Wind Offshore,2026-08-09T11:25:52Z
2026-08-09T11:15:09Z,2026-08-09T13:15:09+0200,e7e504e8-2603-4a3b-a199-89117103e6be,2026-07-29T07:00:00Z,2026-07-29T09:00:00+0200,582.039,MW,DK1,DK_1,actual_offshore_wind_generation,Wind Offshore,2026-08-09T11:25:52Z
2026-08-09T11:15:09Z,2026-08-09T13:15:09+0200,e7e504e8-2603-4a3b-a199-89117103e6be,2026-07-29T07:15:00Z,2026-07-29T09:15:00+0200,588.615,MW,DK1,DK_1,actual_offshore_wind_generation,Wind Offshore,2026-08-09T11:25:52Z
2026-08-09T11:15:09Z,2026-08-09T13:15:09+0200,e7e504e8-2603-4a3b-a199-89117103e6be,2026-07-29T07:30:00Z,2026-07-29T09:30:00+0200,571.003,MW,DK1,DK_1,actual_offshore_wind_generation,Wind Offshore,2026-08-09T11:25:52Z
2026-08-09T11:15:09Z,2026-08-09T13:15:09+0200,e7e504e8-2603-4a3b-a199-89117103e6be,2026-07-29T07:45:00Z,2026-07-29T09:45:00+0200,578.545,MW,DK1,DK_1,actual_offshore_wind_generation,Wind Offshore,2026-08-09T11:25:52Z
2026-08-09T11:15:09Z,2026-08-09T13:15:09+0200,e7e504e8-2603-4a3b-a199-89117103e6be,2026-07-29T08:00:00Z,2026-07-29T10:00:00+0200,595.202,MW,DK1,DK_1,actual_offshore_wind_generation,Wind Offshore,2026-08-09T11:25:52Z
2026-08-09T11:15:09Z,2026-08-09T13:15:09+0200,e7e504e8-2603-4a3b-a199-89117103e6be,2026-07-29T08:15:00Z,2026-07-29T10:15:00+0200,594.662,MW,DK1,DK_1,actual_offshore_wind_generation,Wind Offshore,2026-08-09T11:25:52Z
2026-08-09T11:15:09Z,2026-08-09T13:15:09+0200,e7e504e8-2603-4a3b-a199-89117103e6be,2026-07-29T08:30:00Z,2026-07-29T10:30:00+0200,639.712,MW,DK1,DK_1,actual_offshore_wind_generation,Wind Offshore,2026-08-09T11:25:52Z
2026-08-09T11:15:09Z,2026-08-09T13:15:09+0200,e7e504e8-2603-4a3b-a199-89117103e6be,2026-07-29T08:45:00Z,2026-07-29T10:45:00+0200,677.428,MW,DK1,DK_1,actual_offshore_wind_generation,Wind Offshore,2026-08-09T11:25:52Z
2026-08-09T11:15:09Z,2026-08-09T13:15:09+0200,e7e504e8-2603-4a3b-a199-89117103e6be,2026-07-29T09:00:00Z,2026-07-29T11:00:00+0200,662.28,MW,DK1,DK_1,actual_offshore_wind_generation,Wind Offshore,2026-08-09T11:25:52Z
2026-08-09T11:15:09Z,2026-08-09T13:15:09+0200,e7e504e8-2603-4a3b-a199-89117103e6be,2026-07-29T09:15:00Z,2026-07-29T11:15:00+0200,643.324,MW,DK1,DK_1,actual_offshore_wind_generation,Wind Offshore,2026-08-09T11:25:52Z
2026-08-09T11:15:09Z,2026-08-09T13:15:09+0200,e7e504e8-2603-4a3b-a199-89117103e6be,2026-07-29T09:30:00Z,2026-07-29T11:30:00+0200,659.73,MW,DK1,DK_1,actual_offshore_wind_generation,Wind Offshore,2026-08-09T11:25:52Z
2026-08-09T11:15:09Z,2026-08-09T13:15:09+0200,e7e504e8-2603-4a3b-a199-89117103e6be,2026-07-29T09:45:00Z,2026-07-29T11:45:00+0200,630.08,MW,DK1,DK_1,actual_offshore_wind_generation,Wind Offshore,2026-08-09T11:25:52Z
2026-08-09T11:15:09Z,2026-08-09T13:15:09+0200,e7e504e8-2603-4a3b-a199-89117103e6be,2026-07-29T10:00:00Z,2026-07-29T12:00:00+0200,637.65,MW,DK1,DK_1,actual_offshore_wind_generation,Wind Offshore,2026-08-09T11:25:52Z
2026-08-09T11:15:09Z,2026-08-09T13:15:09+0200,e7e504e8-2603-4a3b-a199-89117103e6be,2026-07-29T10:15:00Z,2026-07-29T12:15:00+0200,515.816,MW,DK1,DK_1,actual_offshore_wind_generation,Wind Offshore,2026-08-09T11:25:52Z
2026-08-09T11:15:09Z,2026-08-09T13:15:09+0200,e7e504e8-2603-4a3b-a199-89117103e6be,2026-07-29T10:30:00Z,2026-07-29T12:30:00+0200,487.347,MW,DK1,DK_1,actual_offshore_wind_generation,Wind Offshore,2026-08-09T11:25:52Z
2026-08-09T11:15:09Z,2026-08-09T13:15:09+0200,e7e504e8-2603-4a3b-a199-89117103e6be,2026-07-29T10:45:00Z,2026-07-29T12:45:00+0200,456.658,MW,DK1,DK_1,actual_offshore_wind_generation,Wind Offshore,2026-08-09T11:25:52Z
2026-08-09T11:15:09Z,2026-08-09T13:15:09+0200,e7e504e8-2603-4a3b-a199-89117103e6be,2026-07-29T11:00:00Z,2026-07-29T13:00:00+0200,453.427,MW,DK1,DK_1,actual_offshore_wind_generation,Wind Offshore,2026-08-09T11:25:52Z
2026-08-09T11:15:09Z,2026-08-09T13:15:09+0200,e7e504e8-2603-4a3b-a199-89117103e6be,2026-07-29T11:15:00Z,2026-07-29T13:15:00+0200,482.396,MW,DK1,DK_1,actual_offshore_wind_generation,Wind Offshore,2026-08-09T11:25:52Z
2026-08-09T11:15:09Z,2026-08-09T13:15:09+0200,e7e504e8-2603-4a3b-a199-89117103e6be,2026-07-29T11:30:00Z,2026-07-29T13:30:00+0200,489.011,MW,DK1,DK_1,actual_offshore_wind_generation,Wind Offshore,2026-08-09T11:25:52Z
2026-08-09T11:15:09Z,2026-08-09T13:15:09+0200,e7e504e8-2603-4a3b-a199-89117103e6be,2026-07-29T11:45:00Z,2026-07-29T13:45:00+0200,480.502,MW,DK1,DK_1,actual_offshore_wind_generation,Wind Offshore,2026-08-09T11:25:52Z
2026-08-09T11:15:09Z,2026-08-09T13:15:09+0200,e7e504e8-2603-4a3b-a199-89117103e6be,2026-07-29T12:00:00Z,2026-07-29T14:00:00+0200,472.314,MW,DK1,DK_1,actual_offshore_wind_generation,Wind Offshore,2026-08-09T11:25:52Z
2026-08-09T11:15:09Z,2026-08-09T13:15:09+0200,e7e504e8-2603-4a3b-a199-89117103e6be,2026-07-29T12:15:00Z,2026-07-29T14:15:00+0200,472.126,MW,DK1,DK_1,actual_offshore_wind_generation,Wind Offshore,2026-08-09T11:25:52Z
2026-08-09T11:15:09Z,2026-08-09T13:15:09+0200,e7e504e8-2603-4a3b-a199-89117103e6be,2026-07-29T12:30:00Z,2026-07-29T14:30:00+0200,434.511,MW,DK1,DK_1,actual_offshore_wind_generation,Wind Offshore,2026-08-09T11:25:52Z
2026-08-09T11:15:09Z,2026-08-09T13:15:09+0200,e7e504e8-2603-4a3b-a199-89117103e6be,2026-07-29T12:45:00Z,2026-07-29T14:45:00+0200,438.998,MW,DK1,DK_1,actual_offshore_wind_generation,Wind Offshore,2026-08-09T11:25:52Z
2026-08-09T11:15:09Z,2026-08-09T13:15:09+0200,e7e504e8-2603-4a3b-a199-89117103e6be,2026-07-29T13:00:00Z,2026-07-29T15:00:00+0200,459.849,MW,DK1,DK_1,actual_offshore_wind_generation,Wind Offshore,2026-08-09T11:25:52Z
2026-08-09T11:15:09Z,2026-08-09T13:15:09+0200,e7e504e8-2603-4a3b-a199-89117103e6be,2026-07-29T13:15:00Z,2026-07-29T15:15:00+0200,472.654,MW,DK1,DK_1,actual_offshore_wind_generation,Wind Offshore,2026-08-09T11:25:52Z
2026-08-09T11:15:09Z,2026-08-09T13:15:09+0200,e7e504e8-2603-4a3b-a199-89117103e6be,2026-07-29T13:30:00Z,2026-07-29T15:30:00+0200,630.69,MW,DK1,DK_1,actual_offshore_wind_generation,Wind Offshore,2026-08-09T11:25:52Z
2026-08-09T11:15:09Z,2026-08-09T13:15:09+0200,e7e504e8-2603-4a3b-a199-89117103e6be,2026-07-29T13:45:00Z,2026-07-29T15:45:00+0200,605.891,MW,DK1,DK_1,actual_offshore_wind_generation,Wind Offshore,2026-08-09T11:25:52Z
2026-08-09T11:15:09Z,2026-08-09T13:15:09+0200,e7e504e8-2603-4a3b-a199-89117103e6be,2026-07-29T14:00:00Z,2026-07-29T16:00:00+0200,560.807,MW,DK1,DK_1,actual_offshore_wind_generation,Wind Offshore,2026-08-09T11:25:52Z
2026-08-09T11:15:09Z,2026-08-09T13:15:09+0200,e7e504e8-2603-4a3b-a199-89117103e6be,2026-07-29T14:15:00Z,2026-07-29T16:15:00+0200,549.305,MW,DK1,DK_1,actual_offshore_wind_generation,Wind Offshore,2026-08-09T11:25:52Z
2026-08-09T11:15:09Z,2026-08-09T13:15:09+0200,e7e504e8-2603-4a3b-a199-89117103e6be,2026-07-29T14:30:00Z,2026-07-29T16:30:00+0200,545.092,MW,DK1,DK_1,actual_offshore_wind_generation,Wind Offshore,2026-08-09T11:25:52Z
2026-08-09T11:15:09Z,2026-08-09T13:15:09+0200,e7e504e8-2603-4a3b-a199-89117103e6be,2026-07-29T14:45:00Z,2026-07-29T16:45:00+0200,521.658,MW,DK1,DK_1,actual_offshore_wind_generation,Wind Offshore,2026-08-09T11:25:52Z
2026-08-09T11:15:09Z,2026-08-09T13:15:09+0200,e7e504e8-2603-4a3b-a199-89117103e6be,2026-07-29T15:00:00Z,2026-07-29T17:00:00+0200,514.603,MW,DK1,DK_1,actual_offshore_wind_generation,Wind Offshore,2026-08-09T11:25:52Z
2026-08-09T11:15:09Z,2026-08-09T13:15:09+0200,e7e504e8-2603-4a3b-a199-89117103e6be,2026-07-29T15:15:00Z,2026-07-29T17:15:00+0200,528.903,MW,DK1,DK_1,actual_offshore_wind_generation,Wind Offshore,2026-08-09T11:25:52Z
2026-08-09T11:15:09Z,2026-08-09T13:15:09+0200,e7e504e8-2603-4a3b-a199-89117103e6be,2026-07-29T15:30:00Z,2026-07-29T17:30:00+0200,523.455,MW,DK1,DK_1,actual_offshore_wind_generation,Wind Offshore,2026-08-09T11:25:52Z
2026-08-09T11:15:09Z,2026-08-09T13:15:09+0200,e7e504e8-2603-4a3b-a199-89117103e6be,2026-07-29T15:45:00Z,2026-07-29T17:45:00+0200,528.622,MW,DK1,DK_1,actual_offshore_wind_generation,Wind Offshore,2026-08-09T11:25:52Z
2026-08-09T11:15:09Z,2026-08-09T13:15:09+0200,e7e504e8-2603-4a3b-a199-89117103e6be,2026-07-29T16:00:00Z,2026-07-29T18:00:00+0200,523.64,MW,DK1,DK_1,actual_offshore_wind_generation,Wind Offshore,2026-08-09T11:25:52Z
2026-08-09T11:15:09Z,2026-08-09T13:15:09+0200,e7e504e8-2603-4a3b-a199-89117103e6be,2026-07-29T16:15:00Z,2026-07-29T18:15:00+0200,521.019,MW,DK1,DK_1,actual_offshore_wind_generation,Wind Offshore,2026-08-09T11:25:52Z
2026-08-09T11:15:09Z,2026-08-09T13:15:09+0200,e7e504e8-2603-4a3b-a199-89117103e6be,2026-07-29T16:30:00Z,2026-07-29T18:30:00+0200,519.179,MW,DK1,DK_1,actual_offshore_wind_generation,Wind Offshore,2026-08-09T11:25:52Z
2026-08-09T11:15:09Z,2026-08-09T13:15:09+0200,e7e504e8-2603-4a3b-a199-89117103e6be,2026-07-29T16:45:00Z,2026-07-29T18:45:00+0200,509.432,MW,DK1,DK_1,actual_offshore_wind_generation,Wind Offshore,2026-08-09T11:25:52Z
2026-08-09T11:15:09Z,2026-08-09T13:15:09+0200,e7e504e8-2603-4a3b-a199-89117103e6be,2026-07-29T17:00:00Z,2026-07-29T19:00:00+0200,489.676,MW,DK1,DK_1,actual_offshore_wind_generation,Wind Offshore,2026-08-09T11:25:52Z
2026-08-09T11:15:09Z,2026-08-09T13:15:09+0200,e7e504e8-2603-4a3b-a199-89117103e6be,2026-07-29T17:15:00Z,2026-07-29T19:15:00+0200,477.408,MW,DK1,DK_1,actual_offshore_wind_generation,Wind Offshore,2026-08-09T11:25:52Z
2026-08-09T11:15:09Z,2026-08-09T13:15:09+0200,e7e504e8-2603-4a3b-a199-89117103e6be,2026-07-29T17:30:00Z,2026-07-29T19:30:00+0200,431.896,MW,DK1,DK_1,actual_offshore_wind_generation,Wind Offshore,2026-08-09T11:25:52Z
2026-08-09T11:15:09Z,2026-08-09T13:15:09+0200,e7e504e8-2603-4a3b-a199-89117103e6be,2026-07-29T17:45:00Z,2026-07-29T19:45:00+0200,448.481,MW,DK1,DK_1,actual_offshore_wind_generation,Wind Offshore,2026-08-09T11:25:52Z
2026-08-09T11:15:09Z,2026-08-09T13:15:09+0200,e7e504e8-2603-4a3b-a199-89117103e6be,2026-07-29T18:00:00Z,2026-07-29T20:00:00+0200,449.857,MW,DK1,DK_1,actual_offshore_wind_generation,Wind Offshore,2026-08-09T11:25:52Z
2026-08-09T11:15:09Z,2026-08-09T13:15:09+0200,e7e504e8-2603-4a3b-a199-89117103e6be,2026-07-29T18:15:00Z,2026-07-29T20:15:00+0200,446.919,MW,DK1,DK_1,actual_offshore_wind_generation,Wind Offshore,2026-08-09T11:25:52Z
2026-08-09T11:15:09Z,2026-08-09T13:15:09+0200,e7e504e8-2603-4a3b-a199-89117103e6be,2026-07-29T18:30:00Z,2026-07-29T20:30:00+0200,431.937,MW,DK1,DK_1,actual_offshore_wind_generation,Wind Offshore,2026-08-09T11:25:52Z
2026-08-09T11:15:09Z,2026-08-09T13:15:09+0200,e7e504e8-2603-4a3b-a199-89117103e6be,2026-07-29T18:45:00Z,2026-07-29T20:45:00+0200,417.734,MW,DK1,DK_1,actual_offshore_wind_generation,Wind Offshore,2026-08-09T11:25:52Z
2026-08-09T11:15:09Z,2026-08-09T13:15:09+0200,e7e504e8-2603-4a3b-a199-89117103e6be,2026-07-29T19:00:00Z,2026-07-29T21:00:00+0200,410.396,MW,DK1,DK_1,actual_offshore_wind_generation,Wind Offshore,2026-08-09T11:25:52Z
2026-08-09T11:15:09Z,2026-08-09T13:15:09+0200,e7e504e8-2603-4a3b-a199-89117103e6be,2026-07-29T19:15:00Z,2026-07-29T21:15:00+0200,385.745,MW,DK1,DK_1,actual_offshore_wind_generation,Wind Offshore,2026-08-09T11:25:52Z
2026-08-09T11:15:09Z,2026-08-09T13:15:09+0200,e7e504e8-2603-4a3b-a199-89117103e6be,2026-07-29T19:30:00Z,2026-07-29T21:30:00+0200,379.4,MW,DK1,DK_1,actual_offshore_wind_generation,Wind Offshore,2026-08-09T11:25:52Z
2026-08-09T11:15:09Z,2026-08-09T13:15:09+0200,e7e504e8-2603-4a3b-a199-89117103e6be,2026-07-29T19:45:00Z,2026-07-29T21:45:00+0200,373.759,MW,DK1,DK_1,actual_offshore_wind_generation,Wind Offshore,2026-08-09T11:25:52Z
2026-08-09T11:15:09Z,2026-08-09T13:15:09+0200,e7e504e8-2603-4a3b-a199-89117103e6be,2026-07-29T20:00:00Z,2026-07-29T22:00:00+0200,350.441,MW,DK1,DK_1,actual_offshore_wind_generation,Wind Offshore,2026-08-09T11:25:52Z
2026-08-09T11:15:09Z,2026-08-09T13:15:09+0200,e7e504e8-2603-4a3b-a199-89117103e6be,2026-07-29T20:15:00Z,2026-07-29T22:15:00+0200,327.201,MW,DK1,DK_1,actual_offshore_wind_generation,Wind Offshore,2026-08-09T11:25:52Z
2026-08-09T11:15:09Z,2026-08-09T13:15:09+0200,e7e504e8-2603-4a3b-a199-89117103e6be,2026-07-29T20:30:00Z,2026-07-29T22:30:00+0200,331.375,MW,DK1,DK_1,actual_offshore_wind_generation,Wind Offshore,2026-08-09T11:25:52Z
2026-08-09T11:15:09Z,2026-08-09T13:15:09+0200,e7e504e8-2603-4a3b-a199-89117103e6be,2026-07-29T20:45:00Z,2026-07-29T22:45:00+0200,343.128,MW,DK1,DK_1,actual_offshore_wind_generation,Wind Offshore,2026-08-09T11:25:52Z
2026-08-09T11:15:09Z,2026-08-09T13:15:09+0200,e7e504e8-2603-4a3b-a199-89117103e6be,2026-07-29T21:00:00Z,2026-07-29T23:00:00+0200,365.658,MW,DK1,DK_1,actual_offshore_wind_generation,Wind Offshore,2026-08-09T11:25:52Z
2026-08-09T11:15:09Z,2026-08-09T13:15:09+0200,e7e504e8-2603-4a3b-a199-89117103e6be,2026-07-29T21:15:00Z,2026-07-29T23:15:00+0200,399.038,MW,DK1,DK_1,actual_offshore_wind_generation,Wind Offshore,2026-08-09T11:25:52Z
2026-08-09T11:15:09Z,2026-08-09T13:15:09+0200,e7e504e8-2603-4a3b-a199-89117103e6be,2026-07-29T21:30:00Z,2026-07-29T23:30:00+0200,421.825,MW,DK1,DK_1,actual_offshore_wind_generation,Wind Offshore,2026-08-09T11:25:52Z
2026-08-09T11:15:09Z,2026-08-09T13:15:09+0200,e7e504e8-2603-4a3b-a199-89117103e6be,2026-07-29T21:45:00Z,2026-07-29T23:45:00+0200,423.755,MW,DK1,DK_1,actual_offshore_wind_generation,Wind Offshore,2026-08-09T11:25:52Z
2026-08-09T11:15:09Z,2026-08-09T13:15:09+0200,e7e504e8-2603-4a3b-a199-89117103e6be,2026-07-29T22:00:00Z,2026-07-30T00:00:00+0200,405.505,MW,DK1,DK_1,actual_offshore_wind_generation,Wind Offshore,2026-08-09T11:25:52Z
2026-08-09T11:15:09Z,2026-08-09T13:15:09+0200,e7e504e8-2603-4a3b-a199-89117103e6be,2026-07-29T22:15:00Z,2026-07-30T00:15:00+0200,400.866,MW,DK1,DK_1,actual_offshore_wind_generation,Wind Offshore,2026-08-09T11:25:52Z
2026-08-09T11:15:09Z,2026-08-09T13:15:09+0200,e7e504e8-2603-4a3b-a199-89117103e6be,2026-07-29T22:30:00Z,2026-07-30T00:30:00+0200,425.755,MW,DK1,DK_1,actual_offshore_wind_generation,Wind Offshore,2026-08-09T11:25:52Z
2026-08-09T11:15:09Z,2026-08-09T13:15:09+0200,e7e504e8-2603-4a3b-a199-89117103e6be,2026-07-29T22:45:00Z,2026-07-30T00:45:00+0200,424.186,MW,DK1,DK_1,actual_offshore_wind_generation,Wind Offshore,2026-08-09T11:25:52Z
2026-08-09T11:15:09Z,2026-08-09T13:15:09+0200,e7e504e8-2603-4a3b-a199-89117103e6be,2026-07-29T23:00:00Z,2026-07-30T01:00:00+0200,425.321,MW,DK1,DK_1,actual_offshore_wind_generation,Wind Offshore,2026-08-09T11:25:52Z
2026-08-09T11:15:09Z,2026-08-09T13:15:09+0200,e7e504e8-2603-4a3b-a199-89117103e6be,2026-07-29T23:15:00Z,2026-07-30T01:15:00+0200,407.58,MW,DK1,DK_1,actual_offshore_wind_generation,Wind Offshore,2026-08-09T11:25:52Z
2026-08-09T11:15:09Z,2026-08-09T13:15:09+0200,e7e504e8-2603-4a3b-a199-89117103e6be,2026-07-29T23:30:00Z,2026-07-30T01:30:00+0200,383.066,MW,DK1,DK_1,actual_offshore_wind_generation,Wind Offshore,2026-08-09T11:25:52Z
2026-08-09T11:15:09Z,2026-08-09T13:15:09+0200,e7e504e8-2603-4a3b-a199-89117103e6be,2026-07-29T23:45:00Z,2026-07-30T01:45:00+0200,372.287,MW,DK1,DK_1,actual_offshore_wind_generation,Wind Offshore,2026-08-09T11:25:52Z
2026-08-09T11:15:09Z,2026-08-09T13:15:09+0200,e7e504e8-2603-4a3b-a199-89117103e6be,2026-07-30T00:00:00Z,2026-07-30T02:00:00+0200,356.635,MW,DK1,DK_1,actual_offshore_wind_generation,Wind Offshore,2026-08-09T11:25:52Z
2026-08-09T11:15:09Z,2026-08-09T13:15:09+0200,e7e504e8-2603-4a3b-a199-89117103e6be,2026-07-30T00:15:00Z,2026-07-30T02:15:00+0200,347.134,MW,DK1,DK_1,actual_offshore_wind_generation,Wind Offshore,2026-08-09T11:25:52Z
2026-08-09T11:15:09Z,2026-08-09T13:15:09+0200,e7e504e8-2603-4a3b-a199-89117103e6be,2026-07-30T00:30:00Z,2026-07-30T02:30:00+0200,329.892,MW,DK1,DK_1,actual_offshore_wind_generation,Wind Offshore,2026-08-09T11:25:52Z
2026-08-09T11:15:09Z,2026-08-09T13:15:09+0200,e7e504e8-2603-4a3b-a199-89117103e6be,2026-07-30T00:45:00Z,2026-07-30T02:45:00+0200,299.719,MW,DK1,DK_1,actual_offshore_wind_generation,Wind Offshore,2026-08-09T11:25:52Z
2026-08-09T11:15:09Z,2026-08-09T13:15:09+0200,e7e504e8-2603-4a3b-a199-89117103e6be,2026-07-30T01:00:00Z,2026-07-30T03:00:00+0200,293.271,MW,DK1,DK_1,actual_offshore_wind_generation,Wind Offshore,2026-08-09T11:25:52Z
2026-08-09T11:15:09Z,2026-08-09T13:15:09+0200,e7e504e8-2603-4a3b-a199-89117103e6be,2026-07-30T01:15:00Z,2026-07-30T03:15:00+0200,295.604,MW,DK1,DK_1,actual_offshore_wind_generation,Wind Offshore,2026-08-09T11:25:52Z
2026-08-09T11:15:09Z,2026-08-09T13:15:09+0200,e7e504e8-2603-4a3b-a199-89117103e6be,2026-07-30T01:30:00Z,2026-07-30T03:30:00+0200,320.39,MW,DK1,DK_1,actual_offshore_wind_generation,Wind Offshore,2026-08-09T11:25:52Z
2026-08-09T11:15:09Z,2026-08-09T13:15:09+0200,e7e504e8-2603-4a3b-a199-89117103e6be,2026-07-30T01:45:00Z,2026-07-30T03:45:00+0200,301.381,MW,DK1,DK_1,actual_offshore_wind_generation,Wind Offshore,2026-08-09T11:25:52Z
2026-08-09T11:15:09Z,2026-08-09T13:15:09+0200,e7e504e8-2603-4a3b-a199-89117103e6be,2026-07-30T02:00:00Z,2026-07-30T04:00:00+0200,248.09,MW,DK1,DK_1,actual_offshore_wind_generation,Wind Offshore,2026-08-09T11:25:52Z
2026-08-09T11:15:09Z,2026-08-09T13:15:09+0200,e7e504e8-2603-4a3b-a199-89117103e6be,2026-07-30T02:15:00Z,2026-07-30T04:15:00+0200,234.152,MW,DK1,DK_1,actual_offshore_wind_generation,Wind Offshore,2026-08-09T11:25:52Z
2026-08-09T11:15:09Z,2026-08-09T13:15:09+0200,e7e504e8-2603-4a3b-a199-89117103e6be,2026-07-30T02:30:00Z,2026-07-30T04:30:00+0200,226.927,MW,DK1,DK_1,actual_offshore_wind_generation,Wind Offshore,2026-08-09T11:25:52Z
2026-08-09T11:15:09Z,2026-08-09T13:15:09+0200,e7e504e8-2603-4a3b-a199-89117103e6be,2026-07-30T02:45:00Z,2026-07-30T04:45:00+0200,246.527,MW,DK1,DK_1,actual_offshore_wind_generation,Wind Offshore,2026-08-09T11:25:52Z
2026-08-09T11:15:09Z,2026-08-09T13:15:09+0200,e7e504e8-2603-4a3b-a199-89117103e6be,2026-07-30T03:00:00Z,2026-07-30T05:00:00+0200,242.021,MW,DK1,DK_1,actual_offshore_wind_generation,Wind Offshore,2026-08-09T11:25:52Z
2026-08-09T11:15:09Z,2026-08-09T13:15:09+0200,e7e504e8-2603-4a3b-a199-89117103e6be,2026-07-30T03:15:00Z,2026-07-30T05:15:00+0200,257.32,MW,DK1,DK_1,actual_offshore_wind_generation,Wind Offshore,2026-08-09T11:25:52Z
2026-08-09T11:15:09Z,2026-08-09T13:15:09+0200,e7e504e8-2603-4a3b-a199-89117103e6be,2026-07-30T03:30:00Z,2026-07-30T05:30:00+0200,270.041,MW,DK1,DK_1,actual_offshore_wind_generation,Wind Offshore,2026-08-09T11:25:52Z
2026-08-09T11:15:09Z,2026-08-09T13:15:09+0200,e7e504e8-2603-4a3b-a199-89117103e6be,2026-07-30T03:45:00Z,2026-07-30T05:45:00+0200,293.677,MW,DK1,DK_1,actual_offshore_wind_generation,Wind Offshore,2026-08-09T11:25:52Z
2026-08-09T11:15:09Z,2026-08-09T13:15:09+0200,e7e504e8-2603-4a3b-a199-89117103e6be,2026-07-30T04:00:00Z,2026-07-30T06:00:00+0200,339.248,MW,DK1,DK_1,actual_offshore_wind_generation,Wind Offshore,2026-08-09T11:25:52Z
2026-08-09T11:15:09Z,2026-08-09T13:15:09+0200,e7e504e8-2603-4a3b-a199-89117103e6be,2026-07-30T04:15:00Z,2026-07-30T06:15:00+0200,357.546,MW,DK1,DK_1,actual_offshore_wind_generation,Wind Offshore,2026-08-09T11:25:52Z
2026-08-09T11:15:09Z,2026-08-09T13:15:09+0200,e7e504e8-2603-4a3b-a199-89117103e6be,2026-07-30T04:30:00Z,2026-07-30T06:30:00+0200,341.024,MW,DK1,DK_1,actual_offshore_wind_generation,Wind Offshore,2026-08-09T11:25:52Z
2026-08-09T11:15:09Z,2026-08-09T13:15:09+0200,e7e504e8-2603-4a3b-a199-89117103e6be,2026-07-30T04:45:00Z,2026-07-30T06:45:00+0200,299.242,MW,DK1,DK_1,actual_offshore_wind_generation,Wind Offshore,2026-08-09T11:25:52Z
2026-08-09T11:15:09Z,2026-08-09T13:15:09+0200,e7e504e8-2603-4a3b-a199-89117103e6be,2026-07-30T05:00:00Z,2026-07-30T07:00:00+0200,299.645,MW,DK1,DK_1,actual_offshore_wind_generation,Wind Offshore,2026-08-09T11:25:52Z
2026-08-09T11:15:09Z,2026-08-09T13:15:09+0200,e7e504e8-2603-4a3b-a199-89117103e6be,2026-07-30T05:15:00Z,2026-07-30T07:15:00+0200,269.924,MW,DK1,DK_1,actual_offshore_wind_generation,Wind Offshore,2026-08-09T11:25:52Z
2026-08-09T11:15:09Z,2026-08-09T13:15:09+0200,e7e504e8-2603-4a3b-a199-89117103e6be,2026-07-30T05:30:00Z,2026-07-30T07:30:00+0200,268.152,MW,DK1,DK_1,actual_offshore_wind_generation,Wind Offshore,2026-08-09T11:25:52Z
2026-08-09T11:15:09Z,2026-08-09T13:15:09+0200,e7e504e8-2603-4a3b-a199-89117103e6be,2026-07-30T05:45:00Z,2026-07-30T07:45:00+0200,284.318,MW,DK1,DK_1,actual_offshore_wind_generation,Wind Offshore,2026-08-09T11:25:52Z
2026-08-09T11:15:09Z,2026-08-09T13:15:09+0200,e7e504e8-2603-4a3b-a199-89117103e6be,2026-07-30T06:00:00Z,2026-07-30T08:00:00+0200,303.683,MW,DK1,DK_1,actual_offshore_wind_generation,Wind Offshore,2026-08-09T11:25:52Z
2026-08-09T11:15:09Z,2026-08-09T13:15:09+0200,e7e504e8-2603-4a3b-a199-89117103e6be,2026-07-30T06:15:00Z,2026-07-30T08:15:00+0200,335.093,MW,DK1,DK_1,actual_offshore_wind_generation,Wind Offshore,2026-08-09T11:25:52Z
2026-08-09T11:15:09Z,2026-08-09T13:15:09+0200,e7e504e8-2603-4a3b-a199-89117103e6be,2026-07-30T06:30:00Z,2026-07-30T08:30:00+0200,336.958,MW,DK1,DK_1,actual_offshore_wind_generation,Wind Offshore,2026-08-09T11:25:52Z
2026-08-09T11:15:09Z,2026-08-09T13:15:09+0200,e7e504e8-2603-4a3b-a199-89117103e6be,2026-07-30T06:45:00Z,2026-07-30T08:45:00+0200,328.61,MW,DK1,DK_1,actual_offshore_wind_generation,Wind Offshore,2026-08-09T11:25:52Z
2026-08-09T11:15:09Z,2026-08-09T13:15:09+0200,e7e504e8-2603-4a3b-a199-89117103e6be,2026-07-30T07:00:00Z,2026-07-30T09:00:00+0200,356.089,MW,DK1,DK_1,actual_offshore_wind_generation,Wind Offshore,2026-08-09T11:25:52Z
2026-08-09T11:15:09Z,2026-08-09T13:15:09+0200,e7e504e8-2603-4a3b-a199-89117103e6be,2026-07-30T07:15:00Z,2026-07-30T09:15:00+0200,409.523,MW,DK1,DK_1,actual_offshore_wind_generation,Wind Offshore,2026-08-09T11:25:52Z
2026-08-09T11:15:09Z,2026-08-09T13:15:09+0200,e7e504e8-2603-4a3b-a199-89117103e6be,2026-07-30T07:30:00Z,2026-07-30T09:30:00+0200,466.362,MW,DK1,DK_1,actual_offshore_wind_generation,Wind Offshore,2026-08-09T11:25:52Z
2026-08-09T11:15:09Z,2026-08-09T13:15:09+0200,e7e504e8-2603-4a3b-a199-89117103e6be,2026-07-30T07:45:00Z,2026-07-30T09:45:00+0200,494.923,MW,DK1,DK_1,actual_offshore_wind_generation,Wind Offshore,2026-08-09T11:25:52Z
2026-08-09T11:15:09Z,2026-08-09T13:15:09+0200,e7e504e8-2603-4a3b-a199-89117103e6be,2026-07-30T08:00:00Z,2026-07-30T10:00:00+0200,494.041,MW,DK1,DK_1,actual_offshore_wind_generation,Wind Offshore,2026-08-09T11:25:52Z
2026-08-09T11:15:09Z,2026-08-09T13:15:09+0200,e7e504e8-2603-4a3b-a199-89117103e6be,2026-07-30T08:15:00Z,2026-07-30T10:15:00+0200,487.048,MW,DK1,DK_1,actual_offshore_wind_generation,Wind Offshore,2026-08-09T11:25:52Z
2026-08-09T11:15:09Z,2026-08-09T13:15:09+0200,e7e504e8-2603-4a3b-a199-89117103e6be,2026-07-30T08:30:00Z,2026-07-30T10:30:00+0200,497.496,MW,DK1,DK_1,actual_offshore_wind_generation,Wind Offshore,2026-08-09T11:25:52Z
2026-08-09T11:15:09Z,2026-08-09T13:15:09+0200,e7e504e8-2603-4a3b-a199-89117103e6be,2026-07-30T08:45:00Z,2026-07-30T10:45:00+0200,536.899,MW,DK1,DK_1,actual_offshore_wind_generation,Wind Offshore,2026-08-09T11:25:52Z
2026-08-09T11:15:09Z,2026-08-09T13:15:09+0200,e7e504e8-2603-4a3b-a199-89117103e6be,2026-07-30T09:00:00Z,2026-07-30T11:00:00+0200,582.777,MW,DK1,DK_1,actual_offshore_wind_generation,Wind Offshore,2026-08-09T11:25:52Z
2026-08-09T11:15:09Z,2026-08-09T13:15:09+0200,e7e504e8-2603-4a3b-a199-89117103e6be,2026-07-30T09:15:00Z,2026-07-30T11:15:00+0200,553.334,MW,DK1,DK_1,actual_offshore_wind_generation,Wind Offshore,2026-08-09T11:25:52Z
2026-08-09T11:15:09Z,2026-08-09T13:15:09+0200,e7e504e8-2603-4a3b-a199-89117103e6be,2026-07-30T09:30:00Z,2026-07-30T11:30:00+0200,509.214,MW,DK1,DK_1,actual_offshore_wind_generation,Wind Offshore,2026-08-09T11:25:52Z
2026-08-09T11:15:09Z,2026-08-09T13:15:09+0200,e7e504e8-2603-4a3b-a199-89117103e6be,2026-07-30T09:45:00Z,2026-07-30T11:45:00+0200,447.825,MW,DK1,DK_1,actual_offshore_wind_generation,Wind Offshore,2026-08-09T11:25:52Z
2026-08-09T11:15:09Z,2026-08-09T13:15:09+0200,e7e504e8-2603-4a3b-a199-89117103e6be,2026-07-30T10:00:00Z,2026-07-30T12:00:00+0200,419.176,MW,DK1,DK_1,actual_offshore_wind_generation,Wind Offshore,2026-08-09T11:25:52Z
2026-08-09T11:15:09Z,2026-08-09T13:15:09+0200,e7e504e8-2603-4a3b-a199-89117103e6be,2026-07-30T10:15:00Z,2026-07-30T12:15:00+0200,450.413,MW,DK1,DK_1,actual_offshore_wind_generation,Wind Offshore,2026-08-09T11:25:52Z
2026-08-09T11:15:09Z,2026-08-09T13:15:09+0200,e7e504e8-2603-4a3b-a199-89117103e6be,2026-07-30T10:30:00Z,2026-07-30T12:30:00+0200,438.734,MW,DK1,DK_1,actual_offshore_wind_generation,Wind Offshore,2026-08-09T11:25:52Z
2026-08-09T11:15:09Z,2026-08-09T13:15:09+0200,e7e504e8-2603-4a3b-a199-89117103e6be,2026-07-30T10:45:00Z,2026-07-30T12:45:00+0200,402.396,MW,DK1,DK_1,actual_offshore_wind_generation,Wind Offshore,2026-08-09T11:25:52Z
2026-08-09T11:15:09Z,2026-08-09T13:15:09+0200,e7e504e8-2603-4a3b-a199-89117103e6be,2026-07-30T11:00:00Z,2026-07-30T13:00:00+0200,412.403,MW,DK1,DK_1,actual_offshore_wind_generation,Wind Offshore,2026-08-09T11:25:52Z
2026-08-09T11:15:09Z,2026-08-09T13:15:09+0200,e7e504e8-2603-4a3b-a199-89117103e6be,2026-07-30T11:15:00Z,2026-07-30T13:15:00+0200,540.646,MW,DK1,DK_1,actual_offshore_wind_generation,Wind Offshore,2026-08-09T11:25:52Z
2026-08-09T11:15:09Z,2026-08-09T13:15:09+0200,e7e504e8-2603-4a3b-a199-89117103e6be,2026-07-30T11:30:00Z,2026-07-30T13:30:00+0200,582.723,MW,DK1,DK_1,actual_offshore_wind_generation,Wind Offshore,2026-08-09T11:25:52Z
2026-08-09T11:15:09Z,2026-08-09T13:15:09+0200,e7e504e8-2603-4a3b-a199-89117103e6be,2026-07-30T11:45:00Z,2026-07-30T13:45:00+0200,621.468,MW,DK1,DK_1,actual_offshore_wind_generation,Wind Offshore,2026-08-09T11:25:52Z
2026-08-09T11:15:09Z,2026-08-09T13:15:09+0200,e7e504e8-2603-4a3b-a199-89117103e6be,2026-07-30T12:00:00Z,2026-07-30T14:00:00+0200,599.554,MW,DK1,DK_1,actual_offshore_wind_generation,Wind Offshore,2026-08-09T11:25:52Z
2026-08-09T11:15:09Z,2026-08-09T13:15:09+0200,e7e504e8-2603-4a3b-a199-89117103e6be,2026-07-30T12:15:00Z,2026-07-30T14:15:00+0200,633.014,MW,DK1,DK_1,actual_offshore_wind_generation,Wind Offshore,2026-08-09T11:25:52Z
2026-08-09T11:15:09Z,2026-08-09T13:15:09+0200,e7e504e8-2603-4a3b-a199-89117103e6be,2026-07-30T12:30:00Z,2026-07-30T14:30:00+0200,739.592,MW,DK1,DK_1,actual_offshore_wind_generation,Wind Offshore,2026-08-09T11:25:52Z
2026-08-09T11:15:09Z,2026-08-09T13:15:09+0200,e7e504e8-2603-4a3b-a199-89117103e6be,2026-07-30T12:45:00Z,2026-07-30T14:45:00+0200,782.357,MW,DK1,DK_1,actual_offshore_wind_generation,Wind Offshore,2026-08-09T11:25:52Z
2026-08-09T11:15:09Z,2026-08-09T13:15:09+0200,e7e504e8-2603-4a3b-a199-89117103e6be,2026-07-30T13:00:00Z,2026-07-30T15:00:00+0200,787.31,MW,DK1,DK_1,actual_offshore_wind_generation,Wind Offshore,2026-08-09T11:25:52Z
2026-08-09T11:15:09Z,2026-08-09T13:15:09+0200,e7e504e8-2603-4a3b-a199-89117103e6be,2026-07-30T13:15:00Z,2026-07-30T15:15:00+0200,805.537,MW,DK1,DK_1,actual_offshore_wind_generation,Wind Offshore,2026-08-09T11:25:52Z
2026-08-09T11:15:09Z,2026-08-09T13:15:09+0200,e7e504e8-2603-4a3b-a199-89117103e6be,2026-07-30T13:30:00Z,2026-07-30T15:30:00+0200,856.868,MW,DK1,DK_1,actual_offshore_wind_generation,Wind Offshore,2026-08-09T11:25:52Z
2026-08-09T11:15:09Z,2026-08-09T13:15:09+0200,e7e504e8-2603-4a3b-a199-89117103e6be,2026-07-30T13:45:00Z,2026-07-30T15:45:00+0200,944.393,MW,DK1,DK_1,actual_offshore_wind_generation,Wind Offshore,2026-08-09T11:25:52Z
2026-08-09T11:15:09Z,2026-08-09T13:15:09+0200,e7e504e8-2603-4a3b-a199-89117103e6be,2026-07-30T14:00:00Z,2026-07-30T16:00:00+0200,946.925,MW,DK1,DK_1,actual_offshore_wind_generation,Wind Offshore,2026-08-09T11:25:52Z
2026-08-09T11:15:09Z,2026-08-09T13:15:09+0200,e7e504e8-2603-4a3b-a199-89117103e6be,2026-07-30T14:15:00Z,2026-07-30T16:15:00+0200,912.41,MW,DK1,DK_1,actual_offshore_wind_generation,Wind Offshore,2026-08-09T11:25:52Z
2026-08-09T11:15:09Z,2026-08-09T13:15:09+0200,e7e504e8-2603-4a3b-a199-89117103e6be,2026-07-30T14:30:00Z,2026-07-30T16:30:00+0200,879.131,MW,DK1,DK_1,actual_offshore_wind_generation,Wind Offshore,2026-08-09T11:25:52Z
2026-08-09T11:15:09Z,2026-08-09T13:15:09+0200,e7e504e8-2603-4a3b-a199-89117103e6be,2026-07-30T14:45:00Z,2026-07-30T16:45:00+0200,888.867,MW,DK1,DK_1,actual_offshore_wind_generation,Wind Offshore,2026-08-09T11:25:52Z
2026-08-09T11:15:09Z,2026-08-09T13:15:09+0200,e7e504e8-2603-4a3b-a199-89117103e6be,2026-07-30T15:00:00Z,2026-07-30T17:00:00+0200,928.384,MW,DK1,DK_1,actual_offshore_wind_generation,Wind Offshore,2026-08-09T11:25:52Z
2026-08-09T11:15:09Z,2026-08-09T13:15:09+0200,e7e504e8-2603-4a3b-a199-89117103e6be,2026-07-30T15:15:00Z,2026-07-30T17:15:00+0200,941.14,MW,DK1,DK_1,actual_offshore_wind_generation,Wind Offshore,2026-08-09T11:25:52Z
2026-08-09T11:15:09Z,2026-08-09T13:15:09+0200,e7e504e8-2603-4a3b-a199-89117103e6be,2026-07-30T15:30:00Z,2026-07-30T17:30:00+0200,975.459,MW,DK1,DK_1,actual_offshore_wind_generation,Wind Offshore,2026-08-09T11:25:52Z
2026-08-09T11:15:09Z,2026-08-09T13:15:09+0200,e7e504e8-2603-4a3b-a199-89117103e6be,2026-07-30T15:45:00Z,2026-07-30T17:45:00+0200,966.958,MW,DK1,DK_1,actual_offshore_wind_generation,Wind Offshore,2026-08-09T11:25:52Z
2026-08-09T11:15:09Z,2026-08-09T13:15:09+0200,e7e504e8-2603-4a3b-a199-89117103e6be,2026-07-30T16:00:00Z,2026-07-30T18:00:00+0200,963.481,MW,DK1,DK_1,actual_offshore_wind_generation,Wind Offshore,2026-08-09T11:25:52Z
2026-08-09T11:15:09Z,2026-08-09T13:15:09+0200,e7e504e8-2603-4a3b-a199-89117103e6be,2026-07-30T16:15:00Z,2026-07-30T18:15:00+0200,945.901,MW,DK1,DK_1,actual_offshore_wind_generation,Wind Offshore,2026-08-09T11:25:52Z
2026-08-09T11:15:09Z,2026-08-09T13:15:09+0200,e7e504e8-2603-4a3b-a199-89117103e6be,2026-07-30T16:30:00Z,2026-07-30T18:30:00+0200,980.151,MW,DK1,DK_1,actual_offshore_wind_generation,Wind Offshore,2026-08-09T11:25:52Z
2026-08-09T11:15:09Z,2026-08-09T13:15:09+0200,e7e504e8-2603-4a3b-a199-89117103e6be,2026-07-30T16:45:00Z,2026-07-30T18:45:00+0200,920.633,MW,DK1,DK_1,actual_offshore_wind_generation,Wind Offshore,2026-08-09T11:25:52Z
2026-08-09T11:15:09Z,2026-08-09T13:15:09+0200,e7e504e8-2603-4a3b-a199-89117103e6be,2026-07-30T17:00:00Z,2026-07-30T19:00:00+0200,924.43,MW,DK1,DK_1,actual_offshore_wind_generation,Wind Offshore,2026-08-09T11:25:52Z
2026-08-09T11:15:09Z,2026-08-09T13:15:09+0200,e7e504e8-2603-4a3b-a199-89117103e6be,2026-07-30T17:15:00Z,2026-07-30T19:15:00+0200,852.488,MW,DK1,DK_1,actual_offshore_wind_generation,Wind Offshore,2026-08-09T11:25:52Z
2026-08-09T11:15:09Z,2026-08-09T13:15:09+0200,e7e504e8-2603-4a3b-a199-89117103e6be,2026-07-30T17:30:00Z,2026-07-30T19:30:00+0200,739.936,MW,DK1,DK_1,actual_offshore_wind_generation,Wind Offshore,2026-08-09T11:25:52Z
2026-08-09T11:15:09Z,2026-08-09T13:15:09+0200,e7e504e8-2603-4a3b-a199-89117103e6be,2026-07-30T17:45:00Z,2026-07-30T19:45:00+0200,677.454,MW,DK1,DK_1,actual_offshore_wind_generation,Wind Offshore,2026-08-09T11:25:52Z
2026-08-09T11:15:09Z,2026-08-09T13:15:09+0200,e7e504e8-2603-4a3b-a199-89117103e6be,2026-07-30T18:00:00Z,2026-07-30T20:00:00+0200,642.557,MW,DK1,DK_1,actual_offshore_wind_generation,Wind Offshore,2026-08-09T11:25:52Z
2026-08-09T11:15:09Z,2026-08-09T13:15:09+0200,e7e504e8-2603-4a3b-a199-89117103e6be,2026-07-30T18:15:00Z,2026-07-30T20:15:00+0200,719.663,MW,DK1,DK_1,actual_offshore_wind_generation,Wind Offshore,2026-08-09T11:25:52Z
2026-08-09T11:15:09Z,2026-08-09T13:15:09+0200,e7e504e8-2603-4a3b-a199-89117103e6be,2026-07-30T18:30:00Z,2026-07-30T20:30:00+0200,761.491,MW,DK1,DK_1,actual_offshore_wind_generation,Wind Offshore,2026-08-09T11:25:52Z
2026-08-09T11:15:09Z,2026-08-09T13:15:09+0200,e7e504e8-2603-4a3b-a199-89117103e6be,2026-07-30T18:45:00Z,2026-07-30T20:45:00+0200,776.983,MW,DK1,DK_1,actual_offshore_wind_generation,Wind Offshore,2026-08-09T11:25:52Z
2026-08-09T11:15:09Z,2026-08-09T13:15:09+0200,e7e504e8-2603-4a3b-a199-89117103e6be,2026-07-30T19:00:00Z,2026-07-30T21:00:00+0200,808.446,MW,DK1,DK_1,actual_offshore_wind_generation,Wind Offshore,2026-08-09T11:25:52Z
2026-08-09T11:15:09Z,2026-08-09T13:15:09+0200,e7e504e8-2603-4a3b-a199-89117103e6be,2026-07-30T19:15:00Z,2026-07-30T21:15:00+0200,824.737,MW,DK1,DK_1,actual_offshore_wind_generation,Wind Offshore,2026-08-09T11:25:52Z
2026-08-09T11:15:09Z,2026-08-09T13:15:09+0200,e7e504e8-2603-4a3b-a199-89117103e6be,2026-07-30T19:30:00Z,2026-07-30T21:30:00+0200,870.015,MW,DK1,DK_1,actual_offshore_wind_generation,Wind Offshore,2026-08-09T11:25:52Z
2026-08-09T11:15:09Z,2026-08-09T13:15:09+0200,e7e504e8-2603-4a3b-a199-89117103e6be,2026-07-30T19:45:00Z,2026-07-30T21:45:00+0200,911.193,MW,DK1,DK_1,actual_offshore_wind_generation,Wind Offshore,2026-08-09T11:25:52Z
2026-08-09T11:15:09Z,2026-08-09T13:15:09+0200,e7e504e8-2603-4a3b-a199-89117103e6be,2026-07-30T20:00:00Z,2026-07-30T22:00:00+0200,901.855,MW,DK1,DK_1,actual_offshore_wind_generation,Wind Offshore,2026-08-09T11:25:52Z
2026-08-09T11:15:09Z,2026-08-09T13:15:09+0200,e7e504e8-2603-4a3b-a199-89117103e6be,2026-07-30T20:15:00Z,2026-07-30T22:15:00+0200,890.059,MW,DK1,DK_1,actual_offshore_wind_generation,Wind Offshore,2026-08-09T11:25:52Z
2026-08-09T11:15:09Z,2026-08-09T13:15:09+0200,e7e504e8-2603-4a3b-a199-89117103e6be,2026-07-30T20:30:00Z,2026-07-30T22:30:00+0200,827.112,MW,DK1,DK_1,actual_offshore_wind_generation,Wind Offshore,2026-08-09T11:25:52Z
2026-08-09T11:15:09Z,2026-08-09T13:15:09+0200,e7e504e8-2603-4a3b-a199-89117103e6be,2026-07-30T20:45:00Z,2026-07-30T22:45:00+0200,779.225,MW,DK1,DK_1,actual_offshore_wind_generation,Wind Offshore,2026-08-09T11:25:52Z
2026-08-09T11:15:09Z,2026-08-09T13:15:09+0200,e7e504e8-2603-4a3b-a199-89117103e6be,2026-07-30T21:00:00Z,2026-07-30T23:00:00+0200,762.038,MW,DK1,DK_1,actual_offshore_wind_generation,Wind Offshore,2026-08-09T11:25:52Z
2026-08-09T11:15:09Z,2026-08-09T13:15:09+0200,e7e504e8-2603-4a3b-a199-89117103e6be,2026-07-30T21:15:00Z,2026-07-30T23:15:00+0200,706.131,MW,DK1,DK_1,actual_offshore_wind_generation,Wind Offshore,2026-08-09T11:25:52Z
2026-08-09T11:15:09Z,2026-08-09T13:15:09+0200,e7e504e8-2603-4a3b-a199-89117103e6be,2026-07-30T21:30:00Z,2026-07-30T23:30:00+0200,696.926,MW,DK1,DK_1,actual_offshore_wind_generation,Wind Offshore,2026-08-09T11:25:52Z
2026-08-09T11:15:09Z,2026-08-09T13:15:09+0200,e7e504e8-2603-4a3b-a199-89117103e6be,2026-07-30T21:45:00Z,2026-07-30T23:45:00+0200,655.62,MW,DK1,DK_1,actual_offshore_wind_generation,Wind Offshore,2026-08-09T11:25:52Z
2026-08-09T11:15:09Z,2026-08-09T13:15:09+0200,e7e504e8-2603-4a3b-a199-89117103e6be,2026-07-30T22:00:00Z,2026-07-31T00:00:00+0200,698.209,MW,DK1,DK_1,actual_offshore_wind_generation,Wind Offshore,2026-08-09T11:25:52Z
2026-08-09T11:15:09Z,2026-08-09T13:15:09+0200,e7e504e8-2603-4a3b-a199-89117103e6be,2026-07-30T22:15:00Z,2026-07-31T00:15:00+0200,726.806,MW,DK1,DK_1,actual_offshore_wind_generation,Wind Offshore,2026-08-09T11:25:52Z
2026-08-09T11:15:09Z,2026-08-09T13:15:09+0200,e7e504e8-2603-4a3b-a199-89117103e6be,2026-07-30T22:30:00Z,2026-07-31T00:30:00+0200,786.589,MW,DK1,DK_1,actual_offshore_wind_generation,Wind Offshore,2026-08-09T11:25:52Z
2026-08-09T11:15:09Z,2026-08-09T13:15:09+0200,e7e504e8-2603-4a3b-a199-89117103e6be,2026-07-30T22:45:00Z,2026-07-31T00:45:00+0200,797.359,MW,DK1,DK_1,actual_offshore_wind_generation,Wind Offshore,2026-08-09T11:25:52Z
2026-08-09T11:15:09Z,2026-08-09T13:15:09+0200,e7e504e8-2603-4a3b-a199-89117103e6be,2026-07-30T23:00:00Z,2026-07-31T01:00:00+0200,820.986,MW,DK1,DK_1,actual_offshore_wind_generation,Wind Offshore,2026-08-09T11:25:52Z
2026-08-09T11:15:09Z,2026-08-09T13:15:09+0200,e7e504e8-2603-4a3b-a199-89117103e6be,2026-07-30T23:15:00Z,2026-07-31T01:15:00+0200,800.031,MW,DK1,DK_1,actual_offshore_wind_generation,Wind Offshore,2026-08-09T11:25:52Z
2026-08-09T11:15:09Z,2026-08-09T13:15:09+0200,e7e504e8-2603-4a3b-a199-89117103e6be,2026-07-30T23:30:00Z,2026-07-31T01:30:00+0200,734.434,MW,DK1,DK_1,actual_offshore_wind_generation,Wind Offshore,2026-08-09T11:25:52Z
2026-08-09T11:15:09Z,2026-08-09T13:15:09+0200,e7e504e8-2603-4a3b-a199-89117103e6be,2026-07-30T23:45:00Z,2026-07-31T01:45:00+0200,702.869,MW,DK1,DK_1,actual_offshore_wind_generation,Wind Offshore,2026-08-09T11:25:52Z
2026-08-09T11:15:09Z,2026-08-09T13:15:09+0200,e7e504e8-2603-4a3b-a199-89117103e6be,2026-07-31T00:00:00Z,2026-07-31T02:00:00+0200,674.813,MW,DK1,DK_1,actual_offshore_wind_generation,Wind Offshore,2026-08-09T11:25:52Z
2026-08-09T11:15:09Z,2026-08-09T13:15:09+0200,e7e504e8-2603-4a3b-a199-89117103e6be,2026-07-31T00:15:00Z,2026-07-31T02:15:00+0200,674.796,MW,DK1,DK_1,actual_offshore_wind_generation,Wind Offshore,2026-08-09T11:25:52Z
2026-08-09T11:15:09Z,2026-08-09T13:15:09+0200,e7e504e8-2603-4a3b-a199-89117103e6be,2026-07-31T00:30:00Z,2026-07-31T02:30:00+0200,630.07,MW,DK1,DK_1,actual_offshore_wind_generation,Wind Offshore,2026-08-09T11:25:52Z
2026-08-09T11:15:09Z,2026-08-09T13:15:09+0200,e7e504e8-2603-4a3b-a199-89117103e6be,2026-07-31T00:45:00Z,2026-07-31T02:45:00+0200,605.236,MW,DK1,DK_1,actual_offshore_wind_generation,Wind Offshore,2026-08-09T11:25:52Z
2026-08-09T11:15:09Z,2026-08-09T13:15:09+0200,e7e504e8-2603-4a3b-a199-89117103e6be,2026-07-31T01:00:00Z,2026-07-31T03:00:00+0200,565.814,MW,DK1,DK_1,actual_offshore_wind_generation,Wind Offshore,2026-08-09T11:25:52Z
2026-08-09T11:15:09Z,2026-08-09T13:15:09+0200,e7e504e8-2603-4a3b-a199-89117103e6be,2026-07-31T01:15:00Z,2026-07-31T03:15:00+0200,543.56,MW,DK1,DK_1,actual_offshore_wind_generation,Wind Offshore,2026-08-09T11:25:52Z
2026-08-09T11:15:09Z,2026-08-09T13:15:09+0200,e7e504e8-2603-4a3b-a199-89117103e6be,2026-07-31T01:30:00Z,2026-07-31T03:30:00+0200,516.769,MW,DK1,DK_1,actual_offshore_wind_generation,Wind Offshore,2026-08-09T11:25:52Z
2026-08-09T11:15:09Z,2026-08-09T13:15:09+0200,e7e504e8-2603-4a3b-a199-89117103e6be,2026-07-31T01:45:00Z,2026-07-31T03:45:00+0200,556.873,MW,DK1,DK_1,actual_offshore_wind_generation,Wind Offshore,2026-08-09T11:25:52Z
2026-08-09T11:15:09Z,2026-08-09T13:15:09+0200,e7e504e8-2603-4a3b-a199-89117103e6be,2026-07-31T02:00:00Z,2026-07-31T04:00:00+0200,551.53,MW,DK1,DK_1,actual_offshore_wind_generation,Wind Offshore,2026-08-09T11:25:52Z
2026-08-09T11:15:09Z,2026-08-09T13:15:09+0200,e7e504e8-2603-4a3b-a199-89117103e6be,2026-07-31T02:15:00Z,2026-07-31T04:15:00+0200,515.451,MW,DK1,DK_1,actual_offshore_wind_generation,Wind Offshore,2026-08-09T11:25:52Z
2026-08-09T11:15:09Z,2026-08-09T13:15:09+0200,e7e504e8-2603-4a3b-a199-89117103e6be,2026-07-31T02:30:00Z,2026-07-31T04:30:00+0200,480.621,MW,DK1,DK_1,actual_offshore_wind_generation,Wind Offshore,2026-08-09T11:25:52Z
2026-08-09T11:15:09Z,2026-08-09T13:15:09+0200,e7e504e8-2603-4a3b-a199-89117103e6be,2026-07-31T02:45:00Z,2026-07-31T04:45:00+0200,442.852,MW,DK1,DK_1,actual_offshore_wind_generation,Wind Offshore,2026-08-09T11:25:52Z
2026-08-09T11:15:09Z,2026-08-09T13:15:09+0200,e7e504e8-2603-4a3b-a199-89117103e6be,2026-07-31T03:00:00Z,2026-07-31T05:00:00+0200,410.321,MW,DK1,DK_1,actual_offshore_wind_generation,Wind Offshore,2026-08-09T11:25:52Z
2026-08-09T11:15:09Z,2026-08-09T13:15:09+0200,e7e504e8-2603-4a3b-a199-89117103e6be,2026-07-31T03:15:00Z,2026-07-31T05:15:00+0200,410.252,MW,DK1,DK_1,actual_offshore_wind_generation,Wind Offshore,2026-08-09T11:25:52Z
2026-08-09T11:15:09Z,2026-08-09T13:15:09+0200,e7e504e8-2603-4a3b-a199-89117103e6be,2026-07-31T03:30:00Z,2026-07-31T05:30:00+0200,424.352,MW,DK1,DK_1,actual_offshore_wind_generation,Wind Offshore,2026-08-09T11:25:52Z
2026-08-09T11:15:09Z,2026-08-09T13:15:09+0200,e7e504e8-2603-4a3b-a199-89117103e6be,2026-07-31T03:45:00Z,2026-07-31T05:45:00+0200,407.807,MW,DK1,DK_1,actual_offshore_wind_generation,Wind Offshore,2026-08-09T11:25:52Z
2026-08-09T11:15:09Z,2026-08-09T13:15:09+0200,e7e504e8-2603-4a3b-a199-89117103e6be,2026-07-31T04:00:00Z,2026-07-31T06:00:00+0200,422.819,MW,DK1,DK_1,actual_offshore_wind_generation,Wind Offshore,2026-08-09T11:25:52Z
2026-08-09T11:15:09Z,2026-08-09T13:15:09+0200,e7e504e8-2603-4a3b-a199-89117103e6be,2026-07-31T04:15:00Z,2026-07-31T06:15:00+0200,436.96,MW,DK1,DK_1,actual_offshore_wind_generation,Wind Offshore,2026-08-09T11:25:52Z
2026-08-09T11:15:09Z,2026-08-09T13:15:09+0200,e7e504e8-2603-4a3b-a199-89117103e6be,2026-07-31T04:30:00Z,2026-07-31T06:30:00+0200,470.69,MW,DK1,DK_1,actual_offshore_wind_generation,Wind Offshore,2026-08-09T11:25:52Z
2026-08-09T11:15:09Z,2026-08-09T13:15:09+0200,e7e504e8-2603-4a3b-a199-89117103e6be,2026-07-31T04:45:00Z,2026-07-31T06:45:00+0200,458.741,MW,DK1,DK_1,actual_offshore_wind_generation,Wind Offshore,2026-08-09T11:25:52Z
2026-08-09T11:15:09Z,2026-08-09T13:15:09+0200,e7e504e8-2603-4a3b-a199-89117103e6be,2026-07-31T05:00:00Z,2026-07-31T07:00:00+0200,459.564,MW,DK1,DK_1,actual_offshore_wind_generation,Wind Offshore,2026-08-09T11:25:52Z
2026-08-09T11:15:09Z,2026-08-09T13:15:09+0200,e7e504e8-2603-4a3b-a199-89117103e6be,2026-07-31T05:15:00Z,2026-07-31T07:15:00+0200,430.342,MW,DK1,DK_1,actual_offshore_wind_generation,Wind Offshore,2026-08-09T11:25:52Z
2026-08-09T11:15:09Z,2026-08-09T13:15:09+0200,e7e504e8-2603-4a3b-a199-89117103e6be,2026-07-31T05:30:00Z,2026-07-31T07:30:00+0200,429.181,MW,DK1,DK_1,actual_offshore_wind_generation,Wind Offshore,2026-08-09T11:25:52Z
2026-08-09T11:15:09Z,2026-08-09T13:15:09+0200,e7e504e8-2603-4a3b-a199-89117103e6be,2026-07-31T05:45:00Z,2026-07-31T07:45:00+0200,404.137,MW,DK1,DK_1,actual_offshore_wind_generation,Wind Offshore,2026-08-09T11:25:52Z
2026-08-09T11:15:09Z,2026-08-09T13:15:09+0200,e7e504e8-2603-4a3b-a199-89117103e6be,2026-07-31T06:00:00Z,2026-07-31T08:00:00+0200,417.654,MW,DK1,DK_1,actual_offshore_wind_generation,Wind Offshore,2026-08-09T11:25:52Z
2026-08-09T11:15:09Z,2026-08-09T13:15:09+0200,e7e504e8-2603-4a3b-a199-89117103e6be,2026-07-31T06:15:00Z,2026-07-31T08:15:00+0200,401.776,MW,DK1,DK_1,actual_offshore_wind_generation,Wind Offshore,2026-08-09T11:25:52Z
2026-08-09T11:15:09Z,2026-08-09T13:15:09+0200,e7e504e8-2603-4a3b-a199-89117103e6be,2026-07-31T06:30:00Z,2026-07-31T08:30:00+0200,385.707,MW,DK1,DK_1,actual_offshore_wind_generation,Wind Offshore,2026-08-09T11:25:52Z
2026-08-09T11:15:09Z,2026-08-09T13:15:09+0200,e7e504e8-2603-4a3b-a199-89117103e6be,2026-07-31T06:45:00Z,2026-07-31T08:45:00+0200,364.938,MW,DK1,DK_1,actual_offshore_wind_generation,Wind Offshore,2026-08-09T11:25:52Z
2026-08-09T11:15:09Z,2026-08-09T13:15:09+0200,e7e504e8-2603-4a3b-a199-89117103e6be,2026-07-31T07:00:00Z,2026-07-31T09:00:00+0200,315.443,MW,DK1,DK_1,actual_offshore_wind_generation,Wind Offshore,2026-08-09T11:25:52Z
2026-08-09T11:15:09Z,2026-08-09T13:15:09+0200,e7e504e8-2603-4a3b-a199-89117103e6be,2026-07-31T07:15:00Z,2026-07-31T09:15:00+0200,266.736,MW,DK1,DK_1,actual_offshore_wind_generation,Wind Offshore,2026-08-09T11:25:52Z
2026-08-09T11:15:09Z,2026-08-09T13:15:09+0200,e7e504e8-2603-4a3b-a199-89117103e6be,2026-07-31T07:30:00Z,2026-07-31T09:30:00+0200,203.146,MW,DK1,DK_1,actual_offshore_wind_generation,Wind Offshore,2026-08-09T11:25:52Z
2026-08-09T11:15:09Z,2026-08-09T13:15:09+0200,e7e504e8-2603-4a3b-a199-89117103e6be,2026-07-31T07:45:00Z,2026-07-31T09:45:00+0200,180.414,MW,DK1,DK_1,actual_offshore_wind_generation,Wind Offshore,2026-08-09T11:25:52Z
2026-08-09T11:15:09Z,2026-08-09T13:15:09+0200,e7e504e8-2603-4a3b-a199-89117103e6be,2026-07-31T08:00:00Z,2026-07-31T10:00:00+0200,195.4,MW,DK1,DK_1,actual_offshore_wind_generation,Wind Offshore,2026-08-09T11:25:52Z
2026-08-09T11:15:09Z,2026-08-09T13:15:09+0200,e7e504e8-2603-4a3b-a199-89117103e6be,2026-07-31T08:15:00Z,2026-07-31T10:15:00+0200,208.288,MW,DK1,DK_1,actual_offshore_wind_generation,Wind Offshore,2026-08-09T11:25:52Z
2026-08-09T11:15:09Z,2026-08-09T13:15:09+0200,e7e504e8-2603-4a3b-a199-89117103e6be,2026-07-31T08:30:00Z,2026-07-31T10:30:00+0200,176.328,MW,DK1,DK_1,actual_offshore_wind_generation,Wind Offshore,2026-08-09T11:25:52Z
2026-08-09T11:15:09Z,2026-08-09T13:15:09+0200,e7e504e8-2603-4a3b-a199-89117103e6be,2026-07-31T08:45:00Z,2026-07-31T10:45:00+0200,140.442,MW,DK1,DK_1,actual_offshore_wind_generation,Wind Offshore,2026-08-09T11:25:52Z
2026-08-09T11:15:09Z,2026-08-09T13:15:09+0200,e7e504e8-2603-4a3b-a199-89117103e6be,2026-07-31T09:00:00Z,2026-07-31T11:00:00+0200,123.998,MW,DK1,DK_1,actual_offshore_wind_generation,Wind Offshore,2026-08-09T11:25:52Z
2026-08-09T11:15:09Z,2026-08-09T13:15:09+0200,e7e504e8-2603-4a3b-a199-89117103e6be,2026-07-31T09:15:00Z,2026-07-31T11:15:00+0200,99.9776,MW,DK1,DK_1,actual_offshore_wind_generation,Wind Offshore,2026-08-09T11:25:52Z
2026-08-09T11:15:09Z,2026-08-09T13:15:09+0200,e7e504e8-2603-4a3b-a199-89117103e6be,2026-07-31T09:30:00Z,2026-07-31T11:30:00+0200,85.0724,MW,DK1,DK_1,actual_offshore_wind_generation,Wind Offshore,2026-08-09T11:25:52Z
2026-08-09T11:15:09Z,2026-08-09T13:15:09+0200,e7e504e8-2603-4a3b-a199-89117103e6be,2026-07-31T09:45:00Z,2026-07-31T11:45:00+0200,75.3851,MW,DK1,DK_1,actual_offshore_wind_generation,Wind Offshore,2026-08-09T11:25:52Z
2026-08-09T11:15:09Z,2026-08-09T13:15:09+0200,e7e504e8-2603-4a3b-a199-89117103e6be,2026-07-31T10:00:00Z,2026-07-31T12:00:00+0200,71.8063,MW,DK1,DK_1,actual_offshore_wind_generation,Wind Offshore,2026-08-09T11:25:52Z
2026-08-09T11:15:09Z,2026-08-09T13:15:09+0200,e7e504e8-2603-4a3b-a199-89117103e6be,2026-07-31T10:15:00Z,2026-07-31T12:15:00+0200,77.7599,MW,DK1,DK_1,actual_offshore_wind_generation,Wind Offshore,2026-08-09T11:25:52Z
2026-08-09T11:15:09Z,2026-08-09T13:15:09+0200,e7e504e8-2603-4a3b-a199-89117103e6be,2026-07-31T10:30:00Z,2026-07-31T12:30:00+0200,75.5059,MW,DK1,DK_1,actual_offshore_wind_generation,Wind Offshore,2026-08-09T11:25:52Z
2026-08-09T11:15:09Z,2026-08-09T13:15:09+0200,e7e504e8-2603-4a3b-a199-89117103e6be,2026-07-31T10:45:00Z,2026-07-31T12:45:00+0200,73.1833,MW,DK1,DK_1,actual_offshore_wind_generation,Wind Offshore,2026-08-09T11:25:52Z
2026-08-09T11:15:09Z,2026-08-09T13:15:09+0200,e7e504e8-2603-4a3b-a199-89117103e6be,2026-07-31T11:00:00Z,2026-07-31T13:00:00+0200,65.6931,MW,DK1,DK_1,actual_offshore_wind_generation,Wind Offshore,2026-08-09T11:25:52Z
2026-08-09T11:15:09Z,2026-08-09T13:15:09+0200,e7e504e8-2603-4a3b-a199-89117103e6be,2026-07-31T11:15:00Z,2026-07-31T13:15:00+0200,70.5989,MW,DK1,DK_1,actual_offshore_wind_generation,Wind Offshore,2026-08-09T11:25:52Z
2026-08-09T11:15:09Z,2026-08-09T13:15:09+0200,e7e504e8-2603-4a3b-a199-89117103e6be,2026-07-31T11:30:00Z,2026-07-31T13:30:00+0200,88.8518,MW,DK1,DK_1,actual_offshore_wind_generation,Wind Offshore,2026-08-09T11:25:52Z
2026-08-09T11:15:09Z,2026-08-09T13:15:09+0200,e7e504e8-2603-4a3b-a199-89117103e6be,2026-07-31T11:45:00Z,2026-07-31T13:45:00+0200,112.82,MW,DK1,DK_1,actual_offshore_wind_generation,Wind Offshore,2026-08-09T11:25:52Z
2026-08-09T11:15:09Z,2026-08-09T13:15:09+0200,e7e504e8-2603-4a3b-a199-89117103e6be,2026-07-31T12:00:00Z,2026-07-31T14:00:00+0200,111.394,MW,DK1,DK_1,actual_offshore_wind_generation,Wind Offshore,2026-08-09T11:25:52Z
2026-08-09T11:15:09Z,2026-08-09T13:15:09+0200,e7e504e8-2603-4a3b-a199-89117103e6be,2026-07-31T12:15:00Z,2026-07-31T14:15:00+0200,107.315,MW,DK1,DK_1,actual_offshore_wind_generation,Wind Offshore,2026-08-09T11:25:52Z
2026-08-09T11:15:09Z,2026-08-09T13:15:09+0200,e7e504e8-2603-4a3b-a199-89117103e6be,2026-07-31T12:30:00Z,2026-07-31T14:30:00+0200,120.713,MW,DK1,DK_1,actual_offshore_wind_generation,Wind Offshore,2026-08-09T11:25:52Z
2026-08-09T11:15:09Z,2026-08-09T13:15:09+0200,e7e504e8-2603-4a3b-a199-89117103e6be,2026-07-31T12:45:00Z,2026-07-31T14:45:00+0200,123.649,MW,DK1,DK_1,actual_offshore_wind_generation,Wind Offshore,2026-08-09T11:25:52Z
2026-08-09T11:15:09Z,2026-08-09T13:15:09+0200,e7e504e8-2603-4a3b-a199-89117103e6be,2026-07-31T13:00:00Z,2026-07-31T15:00:00+0200,134.159,MW,DK1,DK_1,actual_offshore_wind_generation,Wind Offshore,2026-08-09T11:25:52Z
2026-08-09T11:15:09Z,2026-08-09T13:15:09+0200,e7e504e8-2603-4a3b-a199-89117103e6be,2026-07-31T13:15:00Z,2026-07-31T15:15:00+0200,128.068,MW,DK1,DK_1,actual_offshore_wind_generation,Wind Offshore,2026-08-09T11:25:52Z
2026-08-09T11:15:09Z,2026-08-09T13:15:09+0200,e7e504e8-2603-4a3b-a199-89117103e6be,2026-07-31T13:30:00Z,2026-07-31T15:30:00+0200,126.471,MW,DK1,DK_1,actual_offshore_wind_generation,Wind Offshore,2026-08-09T11:25:52Z
2026-08-09T11:15:09Z,2026-08-09T13:15:09+0200,e7e504e8-2603-4a3b-a199-89117103e6be,2026-07-31T13:45:00Z,2026-07-31T15:45:00+0200,144.767,MW,DK1,DK_1,actual_offshore_wind_generation,Wind Offshore,2026-08-09T11:25:52Z
2026-08-09T11:15:09Z,2026-08-09T13:15:09+0200,e7e504e8-2603-4a3b-a199-89117103e6be,2026-07-31T14:00:00Z,2026-07-31T16:00:00+0200,137.908,MW,DK1,DK_1,actual_offshore_wind_generation,Wind Offshore,2026-08-09T11:25:52Z
2026-08-09T11:15:09Z,2026-08-09T13:15:09+0200,e7e504e8-2603-4a3b-a199-89117103e6be,2026-07-31T14:15:00Z,2026-07-31T16:15:00+0200,130.196,MW,DK1,DK_1,actual_offshore_wind_generation,Wind Offshore,2026-08-09T11:25:52Z
2026-08-09T11:15:09Z,2026-08-09T13:15:09+0200,e7e504e8-2603-4a3b-a199-89117103e6be,2026-07-31T14:30:00Z,2026-07-31T16:30:00+0200,138.337,MW,DK1,DK_1,actual_offshore_wind_generation,Wind Offshore,2026-08-09T11:25:52Z
2026-08-09T11:15:09Z,2026-08-09T13:15:09+0200,e7e504e8-2603-4a3b-a199-89117103e6be,2026-07-31T14:45:00Z,2026-07-31T16:45:00+0200,151.147,MW,DK1,DK_1,actual_offshore_wind_generation,Wind Offshore,2026-08-09T11:25:52Z
2026-08-09T11:15:09Z,2026-08-09T13:15:09+0200,e7e504e8-2603-4a3b-a199-89117103e6be,2026-07-31T15:00:00Z,2026-07-31T17:00:00+0200,150.907,MW,DK1,DK_1,actual_offshore_wind_generation,Wind Offshore,2026-08-09T11:25:52Z
2026-08-09T11:15:09Z,2026-08-09T13:15:09+0200,e7e504e8-2603-4a3b-a199-89117103e6be,2026-07-31T15:15:00Z,2026-07-31T17:15:00+0200,141.448,MW,DK1,DK_1,actual_offshore_wind_generation,Wind Offshore,2026-08-09T11:25:52Z
2026-08-09T11:15:09Z,2026-08-09T13:15:09+0200,e7e504e8-2603-4a3b-a199-89117103e6be,2026-07-31T15:30:00Z,2026-07-31T17:30:00+0200,161.072,MW,DK1,DK_1,actual_offshore_wind_generation,Wind Offshore,2026-08-09T11:25:52Z
2026-08-09T11:15:09Z,2026-08-09T13:15:09+0200,e7e504e8-2603-4a3b-a199-89117103e6be,2026-07-31T15:45:00Z,2026-07-31T17:45:00+0200,186.451,MW,DK1,DK_1,actual_offshore_wind_generation,Wind Offshore,2026-08-09T11:25:52Z
2026-08-09T11:15:09Z,2026-08-09T13:15:09+0200,e7e504e8-2603-4a3b-a199-89117103e6be,2026-07-31T16:00:00Z,2026-07-31T18:00:00+0200,225.017,MW,DK1,DK_1,actual_offshore_wind_generation,Wind Offshore,2026-08-09T11:25:52Z
2026-08-09T11:15:09Z,2026-08-09T13:15:09+0200,e7e504e8-2603-4a3b-a199-89117103e6be,2026-07-31T16:15:00Z,2026-07-31T18:15:00+0200,250.027,MW,DK1,DK_1,actual_offshore_wind_generation,Wind Offshore,2026-08-09T11:25:52Z
2026-08-09T11:15:09Z,2026-08-09T13:15:09+0200,e7e504e8-2603-4a3b-a199-89117103e6be,2026-07-31T16:30:00Z,2026-07-31T18:30:00+0200,282.15,MW,DK1,DK_1,actual_offshore_wind_generation,Wind Offshore,2026-08-09T11:25:52Z
2026-08-09T11:15:09Z,2026-08-09T13:15:09+0200,e7e504e8-2603-4a3b-a199-89117103e6be,2026-07-31T16:45:00Z,2026-07-31T18:45:00+0200,240.628,MW,DK1,DK_1,actual_offshore_wind_generation,Wind Offshore,2026-08-09T11:25:52Z
2026-08-09T11:15:09Z,2026-08-09T13:15:09+0200,e7e504e8-2603-4a3b-a199-89117103e6be,2026-07-31T17:00:00Z,2026-07-31T19:00:00+0200,222.19,MW,DK1,DK_1,actual_offshore_wind_generation,Wind Offshore,2026-08-09T11:25:52Z
2026-08-09T11:15:09Z,2026-08-09T13:15:09+0200,e7e504e8-2603-4a3b-a199-89117103e6be,2026-07-31T17:15:00Z,2026-07-31T19:15:00+0200,269.167,MW,DK1,DK_1,actual_offshore_wind_generation,Wind Offshore,2026-08-09T11:25:52Z
2026-08-09T11:15:09Z,2026-08-09T13:15:09+0200,e7e504e8-2603-4a3b-a199-89117103e6be,2026-07-31T17:30:00Z,2026-07-31T19:30:00+0200,287.393,MW,DK1,DK_1,actual_offshore_wind_generation,Wind Offshore,2026-08-09T11:25:52Z
2026-08-09T11:15:09Z,2026-08-09T13:15:09+0200,e7e504e8-2603-4a3b-a199-89117103e6be,2026-07-31T17:45:00Z,2026-07-31T19:45:00+0200,328.575,MW,DK1,DK_1,actual_offshore_wind_generation,Wind Offshore,2026-08-09T11:25:52Z
2026-08-09T11:15:09Z,2026-08-09T13:15:09+0200,e7e504e8-2603-4a3b-a199-89117103e6be,2026-07-31T18:00:00Z,2026-07-31T20:00:00+0200,345.548,MW,DK1,DK_1,actual_offshore_wind_generation,Wind Offshore,2026-08-09T11:25:52Z
2026-08-09T11:15:09Z,2026-08-09T13:15:09+0200,e7e504e8-2603-4a3b-a199-89117103e6be,2026-07-31T18:15:00Z,2026-07-31T20:15:00+0200,269.909,MW,DK1,DK_1,actual_offshore_wind_generation,Wind Offshore,2026-08-09T11:25:52Z
2026-08-09T11:15:09Z,2026-08-09T13:15:09+0200,e7e504e8-2603-4a3b-a199-89117103e6be,2026-07-31T18:30:00Z,2026-07-31T20:30:00+0200,237.585,MW,DK1,DK_1,actual_offshore_wind_generation,Wind Offshore,2026-08-09T11:25:52Z
2026-08-09T11:15:09Z,2026-08-09T13:15:09+0200,e7e504e8-2603-4a3b-a199-89117103e6be,2026-07-31T18:45:00Z,2026-07-31T20:45:00+0200,226.006,MW,DK1,DK_1,actual_offshore_wind_generation,Wind Offshore,2026-08-09T11:25:52Z
2026-08-09T11:15:09Z,2026-08-09T13:15:09+0200,e7e504e8-2603-4a3b-a199-89117103e6be,2026-07-31T19:00:00Z,2026-07-31T21:00:00+0200,203.78,MW,DK1,DK_1,actual_offshore_wind_generation,Wind Offshore,2026-08-09T11:25:52Z
2026-08-09T11:15:09Z,2026-08-09T13:15:09+0200,e7e504e8-2603-4a3b-a199-89117103e6be,2026-07-31T19:15:00Z,2026-07-31T21:15:00+0200,197.747,MW,DK1,DK_1,actual_offshore_wind_generation,Wind Offshore,2026-08-09T11:25:52Z
2026-08-09T11:15:09Z,2026-08-09T13:15:09+0200,e7e504e8-2603-4a3b-a199-89117103e6be,2026-07-31T19:30:00Z,2026-07-31T21:30:00+0200,160.685,MW,DK1,DK_1,actual_offshore_wind_generation,Wind Offshore,2026-08-09T11:25:52Z
2026-08-09T11:15:09Z,2026-08-09T13:15:09+0200,e7e504e8-2603-4a3b-a199-89117103e6be,2026-07-31T19:45:00Z,2026-07-31T21:45:00+0200,147.535,MW,DK1,DK_1,actual_offshore_wind_generation,Wind Offshore,2026-08-09T11:25:52Z
2026-08-09T11:15:09Z,2026-08-09T13:15:09+0200,e7e504e8-2603-4a3b-a199-89117103e6be,2026-07-31T20:00:00Z,2026-07-31T22:00:00+0200,163.062,MW,DK1,DK_1,actual_offshore_wind_generation,Wind Offshore,2026-08-09T11:25:52Z
2026-08-09T11:15:09Z,2026-08-09T13:15:09+0200,e7e504e8-2603-4a3b-a199-89117103e6be,2026-07-31T20:15:00Z,2026-07-31T22:15:00+0200,162.978,MW,DK1,DK_1,actual_offshore_wind_generation,Wind Offshore,2026-08-09T11:25:52Z
2026-08-09T11:15:09Z,2026-08-09T13:15:09+0200,e7e504e8-2603-4a3b-a199-89117103e6be,2026-07-31T20:30:00Z,2026-07-31T22:30:00+0200,173.773,MW,DK1,DK_1,actual_offshore_wind_generation,Wind Offshore,2026-08-09T11:25:52Z
2026-08-09T11:15:09Z,2026-08-09T13:15:09+0200,e7e504e8-2603-4a3b-a199-89117103e6be,2026-07-31T20:45:00Z,2026-07-31T22:45:00+0200,193.036,MW,DK1,DK_1,actual_offshore_wind_generation,Wind Offshore,2026-08-09T11:25:52Z
2026-08-09T11:15:09Z,2026-08-09T13:15:09+0200,e7e504e8-2603-4a3b-a199-89117103e6be,2026-07-31T21:00:00Z,2026-07-31T23:00:00+0200,195.654,MW,DK1,DK_1,actual_offshore_wind_generation,Wind Offshore,2026-08-09T11:25:52Z
2026-08-09T11:15:09Z,2026-08-09T13:15:09+0200,e7e504e8-2603-4a3b-a199-89117103e6be,2026-07-31T21:15:00Z,2026-07-31T23:15:00+0200,202.48,MW,DK1,DK_1,actual_offshore_wind_generation,Wind Offshore,2026-08-09T11:25:52Z
2026-08-09T11:15:09Z,2026-08-09T13:15:09+0200,e7e504e8-2603-4a3b-a199-89117103e6be,2026-07-31T21:30:00Z,2026-07-31T23:30:00+0200,204.366,MW,DK1,DK_1,actual_offshore_wind_generation,Wind Offshore,2026-08-09T11:25:52Z
2026-08-09T11:15:09Z,2026-08-09T13:15:09+0200,e7e504e8-2603-4a3b-a199-89117103e6be,2026-07-31T21:45:00Z,2026-07-31T23:45:00+0200,225.448,MW,DK1,DK_1,actual_offshore_wind_generation,Wind Offshore,2026-08-09T11:25:52Z
2026-08-09T11:15:09Z,2026-08-09T13:15:09+0200,e7e504e8-2603-4a3b-a199-89117103e6be,2026-07-31T22:00:00Z,2026-08-01T00:00:00+0200,227.168,MW,DK1,DK_1,actual_offshore_wind_generation,Wind Offshore,2026-08-09T11:25:52Z
2026-08-09T11:15:09Z,2026-08-09T13:15:09+0200,e7e504e8-2603-4a3b-a199-89117103e6be,2026-07-31T22:15:00Z,2026-08-01T00:15:00+0200,220.716,MW,DK1,DK_1,actual_offshore_wind_generation,Wind Offshore,2026-08-09T11:25:52Z
2026-08-09T11:15:09Z,2026-08-09T13:15:09+0200,e7e504e8-2603-4a3b-a199-89117103e6be,2026-07-31T22:30:00Z,2026-08-01T00:30:00+0200,240.338,MW,DK1,DK_1,actual_offshore_wind_generation,Wind Offshore,2026-08-09T11:25:52Z
2026-08-09T11:15:09Z,2026-08-09T13:15:09+0200,e7e504e8-2603-4a3b-a199-89117103e6be,2026-07-31T22:45:00Z,2026-08-01T00:45:00+0200,254.405,MW,DK1,DK_1,actual_offshore_wind_generation,Wind Offshore,2026-08-09T11:25:52Z
2026-08-09T11:15:09Z,2026-08-09T13:15:09+0200,e7e504e8-2603-4a3b-a199-89117103e6be,2026-07-31T23:00:00Z,2026-08-01T01:00:00+0200,263.243,MW,DK1,DK_1,actual_offshore_wind_generation,Wind Offshore,2026-08-09T11:25:52Z
2026-08-09T11:15:09Z,2026-08-09T13:15:09+0200,e7e504e8-2603-4a3b-a199-89117103e6be,2026-07-31T23:15:00Z,2026-08-01T01:15:00+0200,284.388,MW,DK1,DK_1,actual_offshore_wind_generation,Wind Offshore,2026-08-09T11:25:52Z
2026-08-09T11:15:09Z,2026-08-09T13:15:09+0200,e7e504e8-2603-4a3b-a199-89117103e6be,2026-07-31T23:30:00Z,2026-08-01T01:30:00+0200,294.046,MW,DK1,DK_1,actual_offshore_wind_generation,Wind Offshore,2026-08-09T11:25:52Z
2026-08-09T11:15:09Z,2026-08-09T13:15:09+0200,e7e504e8-2603-4a3b-a199-89117103e6be,2026-07-31T23:45:00Z,2026-08-01T01:45:00+0200,273.77,MW,DK1,DK_1,actual_offshore_wind_generation,Wind Offshore,2026-08-09T11:25:52Z
2026-08-09T11:15:09Z,2026-08-09T13:15:09+0200,e7e504e8-2603-4a3b-a199-89117103e6be,2026-08-01T00:00:00Z,2026-08-01T02:00:00+0200,292.348,MW,DK1,DK_1,actual_offshore_wind_generation,Wind Offshore,2026-08-09T11:25:52Z
2026-08-09T11:15:09Z,2026-08-09T13:15:09+0200,e7e504e8-2603-4a3b-a199-89117103e6be,2026-08-01T00:15:00Z,2026-08-01T02:15:00+0200,328.565,MW,DK1,DK_1,actual_offshore_wind_generation,Wind Offshore,2026-08-09T11:25:52Z
2026-08-09T11:15:09Z,2026-08-09T13:15:09+0200,e7e504e8-2603-4a3b-a199-89117103e6be,2026-08-01T00:30:00Z,2026-08-01T02:30:00+0200,352.099,MW,DK1,DK_1,actual_offshore_wind_generation,Wind Offshore,2026-08-09T11:25:52Z
2026-08-09T11:15:09Z,2026-08-09T13:15:09+0200,e7e504e8-2603-4a3b-a199-89117103e6be,2026-08-01T00:45:00Z,2026-08-01T02:45:00+0200,355.561,MW,DK1,DK_1,actual_offshore_wind_generation,Wind Offshore,2026-08-09T11:25:52Z
2026-08-09T11:15:09Z,2026-08-09T13:15:09+0200,e7e504e8-2603-4a3b-a199-89117103e6be,2026-08-01T01:00:00Z,2026-08-01T03:00:00+0200,363.69,MW,DK1,DK_1,actual_offshore_wind_generation,Wind Offshore,2026-08-09T11:25:52Z
2026-08-09T11:15:09Z,2026-08-09T13:15:09+0200,e7e504e8-2603-4a3b-a199-89117103e6be,2026-08-01T01:15:00Z,2026-08-01T03:15:00+0200,388.933,MW,DK1,DK_1,actual_offshore_wind_generation,Wind Offshore,2026-08-09T11:25:52Z
2026-08-09T11:15:09Z,2026-08-09T13:15:09+0200,e7e504e8-2603-4a3b-a199-89117103e6be,2026-08-01T01:30:00Z,2026-08-01T03:30:00+0200,409.215,MW,DK1,DK_1,actual_offshore_wind_generation,Wind Offshore,2026-08-09T11:25:52Z
2026-08-09T11:15:09Z,2026-08-09T13:15:09+0200,e7e504e8-2603-4a3b-a199-89117103e6be,2026-08-01T01:45:00Z,2026-08-01T03:45:00+0200,414.803,MW,DK1,DK_1,actual_offshore_wind_generation,Wind Offshore,2026-08-09T11:25:52Z
2026-08-09T11:15:09Z,2026-08-09T13:15:09+0200,e7e504e8-2603-4a3b-a199-89117103e6be,2026-08-01T02:00:00Z,2026-08-01T04:00:00+0200,394.557,MW,DK1,DK_1,actual_offshore_wind_generation,Wind Offshore,2026-08-09T11:25:52Z
2026-08-09T11:15:09Z,2026-08-09T13:15:09+0200,e7e504e8-2603-4a3b-a199-89117103e6be,2026-08-01T02:15:00Z,2026-08-01T04:15:00+0200,392.847,MW,DK1,DK_1,actual_offshore_wind_generation,Wind Offshore,2026-08-09T11:25:52Z
2026-08-09T11:15:09Z,2026-08-09T13:15:09+0200,e7e504e8-2603-4a3b-a199-89117103e6be,2026-08-01T02:30:00Z,2026-08-01T04:30:00+0200,376.365,MW,DK1,DK_1,actual_offshore_wind_generation,Wind Offshore,2026-08-09T11:25:52Z
2026-08-09T11:15:09Z,2026-08-09T13:15:09+0200,e7e504e8-2603-4a3b-a199-89117103e6be,2026-08-01T02:45:00Z,2026-08-01T04:45:00+0200,371.238,MW,DK1,DK_1,actual_offshore_wind_generation,Wind Offshore,2026-08-09T11:25:52Z
2026-08-09T11:15:09Z,2026-08-09T13:15:09+0200,e7e504e8-2603-4a3b-a199-89117103e6be,2026-08-01T03:00:00Z,2026-08-01T05:00:00+0200,349.874,MW,DK1,DK_1,actual_offshore_wind_generation,Wind Offshore,2026-08-09T11:25:52Z
2026-08-09T11:15:09Z,2026-08-09T13:15:09+0200,e7e504e8-2603-4a3b-a199-89117103e6be,2026-08-01T03:15:00Z,2026-08-01T05:15:00+0200,353.102,MW,DK1,DK_1,actual_offshore_wind_generation,Wind Offshore,2026-08-09T11:25:52Z
2026-08-09T11:15:09Z,2026-08-09T13:15:09+0200,e7e504e8-2603-4a3b-a199-89117103e6be,2026-08-01T03:30:00Z,2026-08-01T05:30:00+0200,340.006,MW,DK1,DK_1,actual_offshore_wind_generation,Wind Offshore,2026-08-09T11:25:52Z
2026-08-09T11:15:09Z,2026-08-09T13:15:09+0200,e7e504e8-2603-4a3b-a199-89117103e6be,2026-08-01T03:45:00Z,2026-08-01T05:45:00+0200,328.465,MW,DK1,DK_1,actual_offshore_wind_generation,Wind Offshore,2026-08-09T11:25:52Z
2026-08-09T11:15:09Z,2026-08-09T13:15:09+0200,e7e504e8-2603-4a3b-a199-89117103e6be,2026-08-01T04:00:00Z,2026-08-01T06:00:00+0200,303.152,MW,DK1,DK_1,actual_offshore_wind_generation,Wind Offshore,2026-08-09T11:25:52Z
2026-08-09T11:15:09Z,2026-08-09T13:15:09+0200,e7e504e8-2603-4a3b-a199-89117103e6be,2026-08-01T04:15:00Z,2026-08-01T06:15:00+0200,263.033,MW,DK1,DK_1,actual_offshore_wind_generation,Wind Offshore,2026-08-09T11:25:52Z
2026-08-09T11:15:09Z,2026-08-09T13:15:09+0200,e7e504e8-2603-4a3b-a199-89117103e6be,2026-08-01T04:30:00Z,2026-08-01T06:30:00+0200,242.703,MW,DK1,DK_1,actual_offshore_wind_generation,Wind Offshore,2026-08-09T11:25:52Z
2026-08-09T11:15:09Z,2026-08-09T13:15:09+0200,e7e504e8-2603-4a3b-a199-89117103e6be,2026-08-01T04:45:00Z,2026-08-01T06:45:00+0200,226.645,MW,DK1,DK_1,actual_offshore_wind_generation,Wind Offshore,2026-08-09T11:25:52Z
2026-08-09T11:15:09Z,2026-08-09T13:15:09+0200,e7e504e8-2603-4a3b-a199-89117103e6be,2026-08-01T05:00:00Z,2026-08-01T07:00:00+0200,213.525,MW,DK1,DK_1,actual_offshore_wind_generation,Wind Offshore,2026-08-09T11:25:52Z
2026-08-09T11:15:09Z,2026-08-09T13:15:09+0200,e7e504e8-2603-4a3b-a199-89117103e6be,2026-08-01T05:15:00Z,2026-08-01T07:15:00+0200,210.277,MW,DK1,DK_1,actual_offshore_wind_generation,Wind Offshore,2026-08-09T11:25:52Z
2026-08-09T11:15:09Z,2026-08-09T13:15:09+0200,e7e504e8-2603-4a3b-a199-89117103e6be,2026-08-01T05:30:00Z,2026-08-01T07:30:00+0200,211.595,MW,DK1,DK_1,actual_offshore_wind_generation,Wind Offshore,2026-08-09T11:25:52Z
2026-08-09T11:15:09Z,2026-08-09T13:15:09+0200,e7e504e8-2603-4a3b-a199-89117103e6be,2026-08-01T05:45:00Z,2026-08-01T07:45:00+0200,191.718,MW,DK1,DK_1,actual_offshore_wind_generation,Wind Offshore,2026-08-09T11:25:52Z
2026-08-09T11:15:09Z,2026-08-09T13:15:09+0200,e7e504e8-2603-4a3b-a199-89117103e6be,2026-08-01T06:00:00Z,2026-08-01T08:00:00+0200,170.198,MW,DK1,DK_1,actual_offshore_wind_generation,Wind Offshore,2026-08-09T11:25:52Z
2026-08-09T11:15:09Z,2026-08-09T13:15:09+0200,e7e504e8-2603-4a3b-a199-89117103e6be,2026-08-01T06:15:00Z,2026-08-01T08:15:00+0200,154.725,MW,DK1,DK_1,actual_offshore_wind_generation,Wind Offshore,2026-08-09T11:25:52Z
2026-08-09T11:15:09Z,2026-08-09T13:15:09+0200,e7e504e8-2603-4a3b-a199-89117103e6be,2026-08-01T06:30:00Z,2026-08-01T08:30:00+0200,137.072,MW,DK1,DK_1,actual_offshore_wind_generation,Wind Offshore,2026-08-09T11:25:52Z
2026-08-09T11:15:09Z,2026-08-09T13:15:09+0200,e7e504e8-2603-4a3b-a199-89117103e6be,2026-08-01T06:45:00Z,2026-08-01T08:45:00+0200,122.144,MW,DK1,DK_1,actual_offshore_wind_generation,Wind Offshore,2026-08-09T11:25:52Z
2026-08-09T11:15:09Z,2026-08-09T13:15:09+0200,e7e504e8-2603-4a3b-a199-89117103e6be,2026-08-01T07:00:00Z,2026-08-01T09:00:00+0200,102.129,MW,DK1,DK_1,actual_offshore_wind_generation,Wind Offshore,2026-08-09T11:25:52Z
2026-08-09T11:15:09Z,2026-08-09T13:15:09+0200,e7e504e8-2603-4a3b-a199-89117103e6be,2026-08-01T07:15:00Z,2026-08-01T09:15:00+0200,99.1515,MW,DK1,DK_1,actual_offshore_wind_generation,Wind Offshore,2026-08-09T11:25:52Z
2026-08-09T11:15:09Z,2026-08-09T13:15:09+0200,e7e504e8-2603-4a3b-a199-89117103e6be,2026-08-01T07:30:00Z,2026-08-01T09:30:00+0200,94.9348,MW,DK1,DK_1,actual_offshore_wind_generation,Wind Offshore,2026-08-09T11:25:52Z
2026-08-09T11:15:09Z,2026-08-09T13:15:09+0200,e7e504e8-2603-4a3b-a199-89117103e6be,2026-08-01T07:45:00Z,2026-08-01T09:45:00+0200,84.1173,MW,DK1,DK_1,actual_offshore_wind_generation,Wind Offshore,2026-08-09T11:25:52Z
2026-08-09T11:15:09Z,2026-08-09T13:15:09+0200,e7e504e8-2603-4a3b-a199-89117103e6be,2026-08-01T08:00:00Z,2026-08-01T10:00:00+0200,82.497,MW,DK1,DK_1,actual_offshore_wind_generation,Wind Offshore,2026-08-09T11:25:52Z
2026-08-09T11:15:09Z,2026-08-09T13:15:09+0200,e7e504e8-2603-4a3b-a199-89117103e6be,2026-08-01T08:15:00Z,2026-08-01T10:15:00+0200,79.2942,MW,DK1,DK_1,actual_offshore_wind_generation,Wind Offshore,2026-08-09T11:25:52Z
2026-08-09T11:15:09Z,2026-08-09T13:15:09+0200,e7e504e8-2603-4a3b-a199-89117103e6be,2026-08-01T08:30:00Z,2026-08-01T10:30:00+0200,80.5708,MW,DK1,DK_1,actual_offshore_wind_generation,Wind Offshore,2026-08-09T11:25:52Z
2026-08-09T11:15:09Z,2026-08-09T13:15:09+0200,e7e504e8-2603-4a3b-a199-89117103e6be,2026-08-01T08:45:00Z,2026-08-01T10:45:00+0200,78.4506,MW,DK1,DK_1,actual_offshore_wind_generation,Wind Offshore,2026-08-09T11:25:52Z
2026-08-09T11:15:09Z,2026-08-09T13:15:09+0200,e7e504e8-2603-4a3b-a199-89117103e6be,2026-08-01T09:00:00Z,2026-08-01T11:00:00+0200,81.8954,MW,DK1,DK_1,actual_offshore_wind_generation,Wind Offshore,2026-08-09T11:25:52Z
2026-08-09T11:15:09Z,2026-08-09T13:15:09+0200,e7e504e8-2603-4a3b-a199-89117103e6be,2026-08-01T09:15:00Z,2026-08-01T11:15:00+0200,91.2263,MW,DK1,DK_1,actual_offshore_wind_generation,Wind Offshore,2026-08-09T11:25:52Z
2026-08-09T11:15:09Z,2026-08-09T13:15:09+0200,e7e504e8-2603-4a3b-a199-89117103e6be,2026-08-01T09:30:00Z,2026-08-01T11:30:00+0200,102.805,MW,DK1,DK_1,actual_offshore_wind_generation,Wind Offshore,2026-08-09T11:25:52Z
2026-08-09T11:15:09Z,2026-08-09T13:15:09+0200,e7e504e8-2603-4a3b-a199-89117103e6be,2026-08-01T09:45:00Z,2026-08-01T11:45:00+0200,117.642,MW,DK1,DK_1,actual_offshore_wind_generation,Wind Offshore,2026-08-09T11:25:52Z
2026-08-09T11:15:09Z,2026-08-09T13:15:09+0200,e7e504e8-2603-4a3b-a199-89117103e6be,2026-08-01T10:00:00Z,2026-08-01T12:00:00+0200,131.315,MW,DK1,DK_1,actual_offshore_wind_generation,Wind Offshore,2026-08-09T11:25:52Z
2026-08-09T11:15:09Z,2026-08-09T13:15:09+0200,e7e504e8-2603-4a3b-a199-89117103e6be,2026-08-01T10:15:00Z,2026-08-01T12:15:00+0200,164.129,MW,DK1,DK_1,actual_offshore_wind_generation,Wind Offshore,2026-08-09T11:25:52Z
2026-08-09T11:15:09Z,2026-08-09T13:15:09+0200,e7e504e8-2603-4a3b-a199-89117103e6be,2026-08-01T10:30:00Z,2026-08-01T12:30:00+0200,265.301,MW,DK1,DK_1,actual_offshore_wind_generation,Wind Offshore,2026-08-09T11:25:52Z
2026-08-09T11:15:09Z,2026-08-09T13:15:09+0200,e7e504e8-2603-4a3b-a199-89117103e6be,2026-08-01T10:45:00Z,2026-08-01T12:45:00+0200,245.506,MW,DK1,DK_1,actual_offshore_wind_generation,Wind Offshore,2026-08-09T11:25:52Z
2026-08-09T11:15:09Z,2026-08-09T13:15:09+0200,e7e504e8-2603-4a3b-a199-89117103e6be,2026-08-01T11:00:00Z,2026-08-01T13:00:00+0200,179.147,MW,DK1,DK_1,actual_offshore_wind_generation,Wind Offshore,2026-08-09T11:25:52Z
2026-08-09T11:15:09Z,2026-08-09T13:15:09+0200,e7e504e8-2603-4a3b-a199-89117103e6be,2026-08-01T11:15:00Z,2026-08-01T13:15:00+0200,165.193,MW,DK1,DK_1,actual_offshore_wind_generation,Wind Offshore,2026-08-09T11:25:52Z
2026-08-09T11:15:09Z,2026-08-09T13:15:09+0200,e7e504e8-2603-4a3b-a199-89117103e6be,2026-08-01T11:30:00Z,2026-08-01T13:30:00+0200,194.148,MW,DK1,DK_1,actual_offshore_wind_generation,Wind Offshore,2026-08-09T11:25:52Z
2026-08-09T11:15:09Z,2026-08-09T13:15:09+0200,e7e504e8-2603-4a3b-a199-89117103e6be,2026-08-01T11:45:00Z,2026-08-01T13:45:00+0200,275.043,MW,DK1,DK_1,actual_offshore_wind_generation,Wind Offshore,2026-08-09T11:25:52Z
2026-08-09T11:15:09Z,2026-08-09T13:15:09+0200,e7e504e8-2603-4a3b-a199-89117103e6be,2026-08-01T12:00:00Z,2026-08-01T14:00:00+0200,286.501,MW,DK1,DK_1,actual_offshore_wind_generation,Wind Offshore,2026-08-09T11:25:52Z
2026-08-09T11:15:09Z,2026-08-09T13:15:09+0200,e7e504e8-2603-4a3b-a199-89117103e6be,2026-08-01T12:15:00Z,2026-08-01T14:15:00+0200,235.511,MW,DK1,DK_1,actual_offshore_wind_generation,Wind Offshore,2026-08-09T11:25:52Z
2026-08-09T11:15:09Z,2026-08-09T13:15:09+0200,e7e504e8-2603-4a3b-a199-89117103e6be,2026-08-01T12:30:00Z,2026-08-01T14:30:00+0200,258.746,MW,DK1,DK_1,actual_offshore_wind_generation,Wind Offshore,2026-08-09T11:25:52Z
2026-08-09T11:15:09Z,2026-08-09T13:15:09+0200,e7e504e8-2603-4a3b-a199-89117103e6be,2026-08-01T12:45:00Z,2026-08-01T14:45:00+0200,287.861,MW,DK1,DK_1,actual_offshore_wind_generation,Wind Offshore,2026-08-09T11:25:52Z
2026-08-09T11:15:09Z,2026-08-09T13:15:09+0200,e7e504e8-2603-4a3b-a199-89117103e6be,2026-08-01T13:00:00Z,2026-08-01T15:00:00+0200,292.367,MW,DK1,DK_1,actual_offshore_wind_generation,Wind Offshore,2026-08-09T11:25:52Z
2026-08-09T11:15:09Z,2026-08-09T13:15:09+0200,e7e504e8-2603-4a3b-a199-89117103e6be,2026-08-01T13:15:00Z,2026-08-01T15:15:00+0200,217.958,MW,DK1,DK_1,actual_offshore_wind_generation,Wind Offshore,2026-08-09T11:25:52Z
2026-08-09T11:15:09Z,2026-08-09T13:15:09+0200,e7e504e8-2603-4a3b-a199-89117103e6be,2026-08-01T13:30:00Z,2026-08-01T15:30:00+0200,189.025,MW,DK1,DK_1,actual_offshore_wind_generation,Wind Offshore,2026-08-09T11:25:52Z
2026-08-09T11:15:09Z,2026-08-09T13:15:09+0200,e7e504e8-2603-4a3b-a199-89117103e6be,2026-08-01T13:45:00Z,2026-08-01T15:45:00+0200,176.015,MW,DK1,DK_1,actual_offshore_wind_generation,Wind Offshore,2026-08-09T11:25:52Z
2026-08-09T11:15:09Z,2026-08-09T13:15:09+0200,e7e504e8-2603-4a3b-a199-89117103e6be,2026-08-01T14:00:00Z,2026-08-01T16:00:00+0200,181.033,MW,DK1,DK_1,actual_offshore_wind_generation,Wind Offshore,2026-08-09T11:25:52Z
2026-08-09T11:15:09Z,2026-08-09T13:15:09+0200,e7e504e8-2603-4a3b-a199-89117103e6be,2026-08-01T14:15:00Z,2026-08-01T16:15:00+0200,189.562,MW,DK1,DK_1,actual_offshore_wind_generation,Wind Offshore,2026-08-09T11:25:52Z
2026-08-09T11:15:09Z,2026-08-09T13:15:09+0200,e7e504e8-2603-4a3b-a199-89117103e6be,2026-08-01T14:30:00Z,2026-08-01T16:30:00+0200,192.111,MW,DK1,DK_1,actual_offshore_wind_generation,Wind Offshore,2026-08-09T11:25:52Z
2026-08-09T11:15:09Z,2026-08-09T13:15:09+0200,e7e504e8-2603-4a3b-a199-89117103e6be,2026-08-01T14:45:00Z,2026-08-01T16:45:00+0200,209.253,MW,DK1,DK_1,actual_offshore_wind_generation,Wind Offshore,2026-08-09T11:25:52Z
2026-08-09T11:15:09Z,2026-08-09T13:15:09+0200,e7e504e8-2603-4a3b-a199-89117103e6be,2026-08-01T15:00:00Z,2026-08-01T17:00:00+0200,243.778,MW,DK1,DK_1,actual_offshore_wind_generation,Wind Offshore,2026-08-09T11:25:52Z
2026-08-09T11:15:09Z,2026-08-09T13:15:09+0200,e7e504e8-2603-4a3b-a199-89117103e6be,2026-08-01T15:15:00Z,2026-08-01T17:15:00+0200,236.662,MW,DK1,DK_1,actual_offshore_wind_generation,Wind Offshore,2026-08-09T11:25:52Z
2026-08-09T11:15:09Z,2026-08-09T13:15:09+0200,e7e504e8-2603-4a3b-a199-89117103e6be,2026-08-01T15:30:00Z,2026-08-01T17:30:00+0200,266.128,MW,DK1,DK_1,actual_offshore_wind_generation,Wind Offshore,2026-08-09T11:25:52Z
2026-08-09T11:15:09Z,2026-08-09T13:15:09+0200,e7e504e8-2603-4a3b-a199-89117103e6be,2026-08-01T15:45:00Z,2026-08-01T17:45:00+0200,239.659,MW,DK1,DK_1,actual_offshore_wind_generation,Wind Offshore,2026-08-09T11:25:52Z
2026-08-09T11:15:09Z,2026-08-09T13:15:09+0200,e7e504e8-2603-4a3b-a199-89117103e6be,2026-08-01T16:00:00Z,2026-08-01T18:00:00+0200,230.068,MW,DK1,DK_1,actual_offshore_wind_generation,Wind Offshore,2026-08-09T11:25:52Z
2026-08-09T11:15:09Z,2026-08-09T13:15:09+0200,e7e504e8-2603-4a3b-a199-89117103e6be,2026-08-01T16:15:00Z,2026-08-01T18:15:00+0200,249.186,MW,DK1,DK_1,actual_offshore_wind_generation,Wind Offshore,2026-08-09T11:25:52Z
2026-08-09T11:15:09Z,2026-08-09T13:15:09+0200,e7e504e8-2603-4a3b-a199-89117103e6be,2026-08-01T16:30:00Z,2026-08-01T18:30:00+0200,220.68,MW,DK1,DK_1,actual_offshore_wind_generation,Wind Offshore,2026-08-09T11:25:52Z
2026-08-09T11:15:09Z,2026-08-09T13:15:09+0200,e7e504e8-2603-4a3b-a199-89117103e6be,2026-08-01T16:45:00Z,2026-08-01T18:45:00+0200,217.047,MW,DK1,DK_1,actual_offshore_wind_generation,Wind Offshore,2026-08-09T11:25:52Z
2026-08-09T11:15:09Z,2026-08-09T13:15:09+0200,e7e504e8-2603-4a3b-a199-89117103e6be,2026-08-01T17:00:00Z,2026-08-01T19:00:00+0200,206.548,MW,DK1,DK_1,actual_offshore_wind_generation,Wind Offshore,2026-08-09T11:25:52Z
2026-08-09T11:15:09Z,2026-08-09T13:15:09+0200,e7e504e8-2603-4a3b-a199-89117103e6be,2026-08-01T17:15:00Z,2026-08-01T19:15:00+0200,231.669,MW,DK1,DK_1,actual_offshore_wind_generation,Wind Offshore,2026-08-09T11:25:52Z
2026-08-09T11:15:09Z,2026-08-09T13:15:09+0200,e7e504e8-2603-4a3b-a199-89117103e6be,2026-08-01T17:30:00Z,2026-08-01T19:30:00+0200,299.866,MW,DK1,DK_1,actual_offshore_wind_generation,Wind Offshore,2026-08-09T11:25:52Z
2026-08-09T11:15:09Z,2026-08-09T13:15:09+0200,e7e504e8-2603-4a3b-a199-89117103e6be,2026-08-01T17:45:00Z,2026-08-01T19:45:00+0200,370.497,MW,DK1,DK_1,actual_offshore_wind_generation,Wind Offshore,2026-08-09T11:25:52Z
2026-08-09T11:15:09Z,2026-08-09T13:15:09+0200,e7e504e8-2603-4a3b-a199-89117103e6be,2026-08-01T18:00:00Z,2026-08-01T20:00:00+0200,384.783,MW,DK1,DK_1,actual_offshore_wind_generation,Wind Offshore,2026-08-09T11:25:52Z
2026-08-09T11:15:09Z,2026-08-09T13:15:09+0200,e7e504e8-2603-4a3b-a199-89117103e6be,2026-08-01T18:15:00Z,2026-08-01T20:15:00+0200,371.787,MW,DK1,DK_1,actual_offshore_wind_generation,Wind Offshore,2026-08-09T11:25:52Z
2026-08-09T11:15:09Z,2026-08-09T13:15:09+0200,e7e504e8-2603-4a3b-a199-89117103e6be,2026-08-01T18:30:00Z,2026-08-01T20:30:00+0200,397.263,MW,DK1,DK_1,actual_offshore_wind_generation,Wind Offshore,2026-08-09T11:25:52Z
2026-08-09T11:15:09Z,2026-08-09T13:15:09+0200,e7e504e8-2603-4a3b-a199-89117103e6be,2026-08-01T18:45:00Z,2026-08-01T20:45:00+0200,405.922,MW,DK1,DK_1,actual_offshore_wind_generation,Wind Offshore,2026-08-09T11:25:52Z
2026-08-09T11:15:09Z,2026-08-09T13:15:09+0200,e7e504e8-2603-4a3b-a199-89117103e6be,2026-08-01T19:00:00Z,2026-08-01T21:00:00+0200,425.375,MW,DK1,DK_1,actual_offshore_wind_generation,Wind Offshore,2026-08-09T11:25:52Z
2026-08-09T11:15:09Z,2026-08-09T13:15:09+0200,e7e504e8-2603-4a3b-a199-89117103e6be,2026-08-01T19:15:00Z,2026-08-01T21:15:00+0200,409.128,MW,DK1,DK_1,actual_offshore_wind_generation,Wind Offshore,2026-08-09T11:25:52Z
2026-08-09T11:15:09Z,2026-08-09T13:15:09+0200,e7e504e8-2603-4a3b-a199-89117103e6be,2026-08-01T19:30:00Z,2026-08-01T21:30:00+0200,429.183,MW,DK1,DK_1,actual_offshore_wind_generation,Wind Offshore,2026-08-09T11:25:52Z
2026-08-09T11:15:09Z,2026-08-09T13:15:09+0200,e7e504e8-2603-4a3b-a199-89117103e6be,2026-08-01T19:45:00Z,2026-08-01T21:45:00+0200,473.319,MW,DK1,DK_1,actual_offshore_wind_generation,Wind Offshore,2026-08-09T11:25:52Z
2026-08-09T11:15:09Z,2026-08-09T13:15:09+0200,e7e504e8-2603-4a3b-a199-89117103e6be,2026-08-01T20:00:00Z,2026-08-01T22:00:00+0200,498.921,MW,DK1,DK_1,actual_offshore_wind_generation,Wind Offshore,2026-08-09T11:25:52Z
2026-08-09T11:15:09Z,2026-08-09T13:15:09+0200,e7e504e8-2603-4a3b-a199-89117103e6be,2026-08-01T20:15:00Z,2026-08-01T22:15:00+0200,519.306,MW,DK1,DK_1,actual_offshore_wind_generation,Wind Offshore,2026-08-09T11:25:52Z
2026-08-09T11:15:09Z,2026-08-09T13:15:09+0200,e7e504e8-2603-4a3b-a199-89117103e6be,2026-08-01T20:30:00Z,2026-08-01T22:30:00+0200,562.205,MW,DK1,DK_1,actual_offshore_wind_generation,Wind Offshore,2026-08-09T11:25:52Z
2026-08-09T11:15:09Z,2026-08-09T13:15:09+0200,e7e504e8-2603-4a3b-a199-89117103e6be,2026-08-01T20:45:00Z,2026-08-01T22:45:00+0200,599.166,MW,DK1,DK_1,actual_offshore_wind_generation,Wind Offshore,2026-08-09T11:25:52Z
2026-08-09T11:15:09Z,2026-08-09T13:15:09+0200,e7e504e8-2603-4a3b-a199-89117103e6be,2026-08-01T21:00:00Z,2026-08-01T23:00:00+0200,553.077,MW,DK1,DK_1,actual_offshore_wind_generation,Wind Offshore,2026-08-09T11:25:52Z
2026-08-09T11:15:09Z,2026-08-09T13:15:09+0200,e7e504e8-2603-4a3b-a199-89117103e6be,2026-08-01T21:15:00Z,2026-08-01T23:15:00+0200,524.764,MW,DK1,DK_1,actual_offshore_wind_generation,Wind Offshore,2026-08-09T11:25:52Z
2026-08-09T11:15:09Z,2026-08-09T13:15:09+0200,e7e504e8-2603-4a3b-a199-89117103e6be,2026-08-01T21:30:00Z,2026-08-01T23:30:00+0200,553.193,MW,DK1,DK_1,actual_offshore_wind_generation,Wind Offshore,2026-08-09T11:25:52Z
2026-08-09T11:15:09Z,2026-08-09T13:15:09+0200,e7e504e8-2603-4a3b-a199-89117103e6be,2026-08-01T21:45:00Z,2026-08-01T23:45:00+0200,549.107,MW,DK1,DK_1,actual_offshore_wind_generation,Wind Offshore,2026-08-09T11:25:52Z
2026-08-09T11:15:09Z,2026-08-09T13:15:09+0200,e7e504e8-2603-4a3b-a199-89117103e6be,2026-08-01T22:00:00Z,2026-08-02T00:00:00+0200,612.81,MW,DK1,DK_1,actual_offshore_wind_generation,Wind Offshore,2026-08-09T11:25:52Z
2026-08-09T11:15:09Z,2026-08-09T13:15:09+0200,e7e504e8-2603-4a3b-a199-89117103e6be,2026-08-01T22:15:00Z,2026-08-02T00:15:00+0200,639.457,MW,DK1,DK_1,actual_offshore_wind_generation,Wind Offshore,2026-08-09T11:25:52Z
2026-08-09T11:15:09Z,2026-08-09T13:15:09+0200,e7e504e8-2603-4a3b-a199-89117103e6be,2026-08-01T22:30:00Z,2026-08-02T00:30:00+0200,668.668,MW,DK1,DK_1,actual_offshore_wind_generation,Wind Offshore,2026-08-09T11:25:52Z
2026-08-09T11:15:09Z,2026-08-09T13:15:09+0200,e7e504e8-2603-4a3b-a199-89117103e6be,2026-08-01T22:45:00Z,2026-08-02T00:45:00+0200,668.226,MW,DK1,DK_1,actual_offshore_wind_generation,Wind Offshore,2026-08-09T11:25:52Z
2026-08-09T11:15:09Z,2026-08-09T13:15:09+0200,e7e504e8-2603-4a3b-a199-89117103e6be,2026-08-01T23:00:00Z,2026-08-02T01:00:00+0200,660.814,MW,DK1,DK_1,actual_offshore_wind_generation,Wind Offshore,2026-08-09T11:25:52Z
2026-08-09T11:15:09Z,2026-08-09T13:15:09+0200,e7e504e8-2603-4a3b-a199-89117103e6be,2026-08-01T23:15:00Z,2026-08-02T01:15:00+0200,628.2,MW,DK1,DK_1,actual_offshore_wind_generation,Wind Offshore,2026-08-09T11:25:52Z
2026-08-09T11:15:09Z,2026-08-09T13:15:09+0200,e7e504e8-2603-4a3b-a199-89117103e6be,2026-08-01T23:30:00Z,2026-08-02T01:30:00+0200,585.296,MW,DK1,DK_1,actual_offshore_wind_generation,Wind Offshore,2026-08-09T11:25:52Z
2026-08-09T11:15:09Z,2026-08-09T13:15:09+0200,e7e504e8-2603-4a3b-a199-89117103e6be,2026-08-01T23:45:00Z,2026-08-02T01:45:00+0200,574.426,MW,DK1,DK_1,actual_offshore_wind_generation,Wind Offshore,2026-08-09T11:25:52Z
2026-08-09T11:15:09Z,2026-08-09T13:15:09+0200,e7e504e8-2603-4a3b-a199-89117103e6be,2026-08-02T00:00:00Z,2026-08-02T02:00:00+0200,568.39,MW,DK1,DK_1,actual_offshore_wind_generation,Wind Offshore,2026-08-09T11:25:52Z
2026-08-09T11:15:09Z,2026-08-09T13:15:09+0200,e7e504e8-2603-4a3b-a199-89117103e6be,2026-08-02T00:15:00Z,2026-08-02T02:15:00+0200,608.88,MW,DK1,DK_1,actual_offshore_wind_generation,Wind Offshore,2026-08-09T11:25:52Z
2026-08-09T11:15:09Z,2026-08-09T13:15:09+0200,e7e504e8-2603-4a3b-a199-89117103e6be,2026-08-02T00:30:00Z,2026-08-02T02:30:00+0200,616.085,MW,DK1,DK_1,actual_offshore_wind_generation,Wind Offshore,2026-08-09T11:25:52Z
2026-08-09T11:15:09Z,2026-08-09T13:15:09+0200,e7e504e8-2603-4a3b-a199-89117103e6be,2026-08-02T00:45:00Z,2026-08-02T02:45:00+0200,567.282,MW,DK1,DK_1,actual_offshore_wind_generation,Wind Offshore,2026-08-09T11:25:52Z
2026-08-09T11:15:09Z,2026-08-09T13:15:09+0200,e7e504e8-2603-4a3b-a199-89117103e6be,2026-08-02T01:00:00Z,2026-08-02T03:00:00+0200,557.882,MW,DK1,DK_1,actual_offshore_wind_generation,Wind Offshore,2026-08-09T11:25:52Z
2026-08-09T11:15:09Z,2026-08-09T13:15:09+0200,e7e504e8-2603-4a3b-a199-89117103e6be,2026-08-02T01:15:00Z,2026-08-02T03:15:00+0200,600.478,MW,DK1,DK_1,actual_offshore_wind_generation,Wind Offshore,2026-08-09T11:25:52Z
2026-08-09T11:15:09Z,2026-08-09T13:15:09+0200,e7e504e8-2603-4a3b-a199-89117103e6be,2026-08-02T01:30:00Z,2026-08-02T03:30:00+0200,608.689,MW,DK1,DK_1,actual_offshore_wind_generation,Wind Offshore,2026-08-09T11:25:52Z
2026-08-09T11:15:09Z,2026-08-09T13:15:09+0200,e7e504e8-2603-4a3b-a199-89117103e6be,2026-08-02T01:45:00Z,2026-08-02T03:45:00+0200,635.095,MW,DK1,DK_1,actual_offshore_wind_generation,Wind Offshore,2026-08-09T11:25:52Z
2026-08-09T11:15:09Z,2026-08-09T13:15:09+0200,e7e504e8-2603-4a3b-a199-89117103e6be,2026-08-02T02:00:00Z,2026-08-02T04:00:00+0200,664.019,MW,DK1,DK_1,actual_offshore_wind_generation,Wind Offshore,2026-08-09T11:25:52Z
2026-08-09T11:15:09Z,2026-08-09T13:15:09+0200,e7e504e8-2603-4a3b-a199-89117103e6be,2026-08-02T02:15:00Z,2026-08-02T04:15:00+0200,649.106,MW,DK1,DK_1,actual_offshore_wind_generation,Wind Offshore,2026-08-09T11:25:52Z
2026-08-09T11:15:09Z,2026-08-09T13:15:09+0200,e7e504e8-2603-4a3b-a199-89117103e6be,2026-08-02T02:30:00Z,2026-08-02T04:30:00+0200,591.737,MW,DK1,DK_1,actual_offshore_wind_generation,Wind Offshore,2026-08-09T11:25:52Z
2026-08-09T11:15:09Z,2026-08-09T13:15:09+0200,e7e504e8-2603-4a3b-a199-89117103e6be,2026-08-02T02:45:00Z,2026-08-02T04:45:00+0200,581.718,MW,DK1,DK_1,actual_offshore_wind_generation,Wind Offshore,2026-08-09T11:25:52Z
2026-08-09T11:15:09Z,2026-08-09T13:15:09+0200,e7e504e8-2603-4a3b-a199-89117103e6be,2026-08-02T03:00:00Z,2026-08-02T05:00:00+0200,636.187,MW,DK1,DK_1,actual_offshore_wind_generation,Wind Offshore,2026-08-09T11:25:52Z
2026-08-09T11:15:09Z,2026-08-09T13:15:09+0200,e7e504e8-2603-4a3b-a199-89117103e6be,2026-08-02T03:15:00Z,2026-08-02T05:15:00+0200,638.663,MW,DK1,DK_1,actual_offshore_wind_generation,Wind Offshore,2026-08-09T11:25:52Z
2026-08-09T11:15:09Z,2026-08-09T13:15:09+0200,e7e504e8-2603-4a3b-a199-89117103e6be,2026-08-02T03:30:00Z,2026-08-02T05:30:00+0200,604.141,MW,DK1,DK_1,actual_offshore_wind_generation,Wind Offshore,2026-08-09T11:25:52Z
2026-08-09T11:15:09Z,2026-08-09T13:15:09+0200,e7e504e8-2603-4a3b-a199-89117103e6be,2026-08-02T03:45:00Z,2026-08-02T05:45:00+0200,634.559,MW,DK1,DK_1,actual_offshore_wind_generation,Wind Offshore,2026-08-09T11:25:52Z
2026-08-09T11:15:09Z,2026-08-09T13:15:09+0200,e7e504e8-2603-4a3b-a199-89117103e6be,2026-08-02T04:00:00Z,2026-08-02T06:00:00+0200,716.812,MW,DK1,DK_1,actual_offshore_wind_generation,Wind Offshore,2026-08-09T11:25:52Z
2026-08-09T11:15:09Z,2026-08-09T13:15:09+0200,e7e504e8-2603-4a3b-a199-89117103e6be,2026-08-02T04:15:00Z,2026-08-02T06:15:00+0200,873.472,MW,DK1,DK_1,actual_offshore_wind_generation,Wind Offshore,2026-08-09T11:25:52Z
2026-08-09T11:15:09Z,2026-08-09T13:15:09+0200,e7e504e8-2603-4a3b-a199-89117103e6be,2026-08-02T04:30:00Z,2026-08-02T06:30:00+0200,759.886,MW,DK1,DK_1,actual_offshore_wind_generation,Wind Offshore,2026-08-09T11:25:52Z
2026-08-09T11:15:09Z,2026-08-09T13:15:09+0200,e7e504e8-2603-4a3b-a199-89117103e6be,2026-08-02T04:45:00Z,2026-08-02T06:45:00+0200,632.779,MW,DK1,DK_1,actual_offshore_wind_generation,Wind Offshore,2026-08-09T11:25:52Z
2026-08-09T11:15:09Z,2026-08-09T13:15:09+0200,e7e504e8-2603-4a3b-a199-89117103e6be,2026-08-02T05:00:00Z,2026-08-02T07:00:00+0200,502.877,MW,DK1,DK_1,actual_offshore_wind_generation,Wind Offshore,2026-08-09T11:25:52Z
2026-08-09T11:15:09Z,2026-08-09T13:15:09+0200,e7e504e8-2603-4a3b-a199-89117103e6be,2026-08-02T05:15:00Z,2026-08-02T07:15:00+0200,540.602,MW,DK1,DK_1,actual_offshore_wind_generation,Wind Offshore,2026-08-09T11:25:52Z
2026-08-09T11:15:09Z,2026-08-09T13:15:09+0200,e7e504e8-2603-4a3b-a199-89117103e6be,2026-08-02T05:30:00Z,2026-08-02T07:30:00+0200,499.566,MW,DK1,DK_1,actual_offshore_wind_generation,Wind Offshore,2026-08-09T11:25:52Z
2026-08-09T11:15:09Z,2026-08-09T13:15:09+0200,e7e504e8-2603-4a3b-a199-89117103e6be,2026-08-02T05:45:00Z,2026-08-02T07:45:00+0200,458.194,MW,DK1,DK_1,actual_offshore_wind_generation,Wind Offshore,2026-08-09T11:25:52Z
2026-08-09T11:15:09Z,2026-08-09T13:15:09+0200,e7e504e8-2603-4a3b-a199-89117103e6be,2026-08-02T06:00:00Z,2026-08-02T08:00:00+0200,490.06,MW,DK1,DK_1,actual_offshore_wind_generation,Wind Offshore,2026-08-09T11:25:52Z
2026-08-09T11:15:09Z,2026-08-09T13:15:09+0200,e7e504e8-2603-4a3b-a199-89117103e6be,2026-08-02T06:15:00Z,2026-08-02T08:15:00+0200,503.002,MW,DK1,DK_1,actual_offshore_wind_generation,Wind Offshore,2026-08-09T11:25:52Z
2026-08-09T11:15:09Z,2026-08-09T13:15:09+0200,e7e504e8-2603-4a3b-a199-89117103e6be,2026-08-02T06:30:00Z,2026-08-02T08:30:00+0200,547.027,MW,DK1,DK_1,actual_offshore_wind_generation,Wind Offshore,2026-08-09T11:25:52Z
2026-08-09T11:15:09Z,2026-08-09T13:15:09+0200,e7e504e8-2603-4a3b-a199-89117103e6be,2026-08-02T06:45:00Z,2026-08-02T08:45:00+0200,540.554,MW,DK1,DK_1,actual_offshore_wind_generation,Wind Offshore,2026-08-09T11:25:52Z
2026-08-09T11:15:09Z,2026-08-09T13:15:09+0200,e7e504e8-2603-4a3b-a199-89117103e6be,2026-08-02T07:00:00Z,2026-08-02T09:00:00+0200,526.663,MW,DK1,DK_1,actual_offshore_wind_generation,Wind Offshore,2026-08-09T11:25:52Z
2026-08-09T11:15:09Z,2026-08-09T13:15:09+0200,e7e504e8-2603-4a3b-a199-89117103e6be,2026-08-02T07:15:00Z,2026-08-02T09:15:00+0200,489.074,MW,DK1,DK_1,actual_offshore_wind_generation,Wind Offshore,2026-08-09T11:25:52Z
2026-08-09T11:15:09Z,2026-08-09T13:15:09+0200,e7e504e8-2603-4a3b-a199-89117103e6be,2026-08-02T07:30:00Z,2026-08-02T09:30:00+0200,468.603,MW,DK1,DK_1,actual_offshore_wind_generation,Wind Offshore,2026-08-09T11:25:52Z
2026-08-09T11:15:09Z,2026-08-09T13:15:09+0200,e7e504e8-2603-4a3b-a199-89117103e6be,2026-08-02T07:45:00Z,2026-08-02T09:45:00+0200,416.227,MW,DK1,DK_1,actual_offshore_wind_generation,Wind Offshore,2026-08-09T11:25:52Z
2026-08-09T11:15:09Z,2026-08-09T13:15:09+0200,e7e504e8-2603-4a3b-a199-89117103e6be,2026-08-02T08:00:00Z,2026-08-02T10:00:00+0200,407.418,MW,DK1,DK_1,actual_offshore_wind_generation,Wind Offshore,2026-08-09T11:25:52Z
2026-08-09T11:15:09Z,2026-08-09T13:15:09+0200,e7e504e8-2603-4a3b-a199-89117103e6be,2026-08-02T08:15:00Z,2026-08-02T10:15:00+0200,304.592,MW,DK1,DK_1,actual_offshore_wind_generation,Wind Offshore,2026-08-09T11:25:52Z
2026-08-09T11:15:09Z,2026-08-09T13:15:09+0200,e7e504e8-2603-4a3b-a199-89117103e6be,2026-08-02T08:30:00Z,2026-08-02T10:30:00+0200,288.793,MW,DK1,DK_1,actual_offshore_wind_generation,Wind Offshore,2026-08-09T11:25:52Z
2026-08-09T11:15:09Z,2026-08-09T13:15:09+0200,e7e504e8-2603-4a3b-a199-89117103e6be,2026-08-02T08:45:00Z,2026-08-02T10:45:00+0200,286.827,MW,DK1,DK_1,actual_offshore_wind_generation,Wind Offshore,2026-08-09T11:25:52Z
2026-08-09T11:15:09Z,2026-08-09T13:15:09+0200,e7e504e8-2603-4a3b-a199-89117103e6be,2026-08-02T09:00:00Z,2026-08-02T11:00:00+0200,249.908,MW,DK1,DK_1,actual_offshore_wind_generation,Wind Offshore,2026-08-09T11:25:52Z
2026-08-09T11:15:09Z,2026-08-09T13:15:09+0200,e7e504e8-2603-4a3b-a199-89117103e6be,2026-08-02T09:15:00Z,2026-08-02T11:15:00+0200,242.085,MW,DK1,DK_1,actual_offshore_wind_generation,Wind Offshore,2026-08-09T11:25:52Z
2026-08-09T11:15:09Z,2026-08-09T13:15:09+0200,e7e504e8-2603-4a3b-a199-89117103e6be,2026-08-02T09:30:00Z,2026-08-02T11:30:00+0200,257.777,MW,DK1,DK_1,actual_offshore_wind_generation,Wind Offshore,2026-08-09T11:25:52Z
2026-08-09T11:15:09Z,2026-08-09T13:15:09+0200,e7e504e8-2603-4a3b-a199-89117103e6be,2026-08-02T09:45:00Z,2026-08-02T11:45:00+0200,253.896,MW,DK1,DK_1,actual_offshore_wind_generation,Wind Offshore,2026-08-09T11:25:52Z
2026-08-09T11:15:09Z,2026-08-09T13:15:09+0200,e7e504e8-2603-4a3b-a199-89117103e6be,2026-08-02T10:00:00Z,2026-08-02T12:00:00+0200,303.59,MW,DK1,DK_1,actual_offshore_wind_generation,Wind Offshore,2026-08-09T11:25:52Z
2026-08-09T11:15:09Z,2026-08-09T13:15:09+0200,e7e504e8-2603-4a3b-a199-89117103e6be,2026-08-02T10:15:00Z,2026-08-02T12:15:00+0200,303.67,MW,DK1,DK_1,actual_offshore_wind_generation,Wind Offshore,2026-08-09T11:25:52Z
2026-08-09T11:15:09Z,2026-08-09T13:15:09+0200,e7e504e8-2603-4a3b-a199-89117103e6be,2026-08-02T10:30:00Z,2026-08-02T12:30:00+0200,266.031,MW,DK1,DK_1,actual_offshore_wind_generation,Wind Offshore,2026-08-09T11:25:52Z
2026-08-09T11:15:09Z,2026-08-09T13:15:09+0200,e7e504e8-2603-4a3b-a199-89117103e6be,2026-08-02T10:45:00Z,2026-08-02T12:45:00+0200,252.133,MW,DK1,DK_1,actual_offshore_wind_generation,Wind Offshore,2026-08-09T11:25:52Z
2026-08-09T11:15:09Z,2026-08-09T13:15:09+0200,e7e504e8-2603-4a3b-a199-89117103e6be,2026-08-02T11:00:00Z,2026-08-02T13:00:00+0200,266.644,MW,DK1,DK_1,actual_offshore_wind_generation,Wind Offshore,2026-08-09T11:25:52Z
2026-08-09T11:15:09Z,2026-08-09T13:15:09+0200,e7e504e8-2603-4a3b-a199-89117103e6be,2026-08-02T11:15:00Z,2026-08-02T13:15:00+0200,248.063,MW,DK1,DK_1,actual_offshore_wind_generation,Wind Offshore,2026-08-09T11:25:52Z
2026-08-09T11:15:09Z,2026-08-09T13:15:09+0200,e7e504e8-2603-4a3b-a199-89117103e6be,2026-08-02T11:30:00Z,2026-08-02T13:30:00+0200,211.356,MW,DK1,DK_1,actual_offshore_wind_generation,Wind Offshore,2026-08-09T11:25:52Z
2026-08-09T11:15:09Z,2026-08-09T13:15:09+0200,e7e504e8-2603-4a3b-a199-89117103e6be,2026-08-02T11:45:00Z,2026-08-02T13:45:00+0200,193.401,MW,DK1,DK_1,actual_offshore_wind_generation,Wind Offshore,2026-08-09T11:25:52Z
2026-08-09T11:15:09Z,2026-08-09T13:15:09+0200,e7e504e8-2603-4a3b-a199-89117103e6be,2026-08-02T12:00:00Z,2026-08-02T14:00:00+0200,182.705,MW,DK1,DK_1,actual_offshore_wind_generation,Wind Offshore,2026-08-09T11:25:52Z
2026-08-09T11:15:09Z,2026-08-09T13:15:09+0200,e7e504e8-2603-4a3b-a199-89117103e6be,2026-08-02T12:15:00Z,2026-08-02T14:15:00+0200,180.13,MW,DK1,DK_1,actual_offshore_wind_generation,Wind Offshore,2026-08-09T11:25:52Z
2026-08-09T11:15:09Z,2026-08-09T13:15:09+0200,e7e504e8-2603-4a3b-a199-89117103e6be,2026-08-02T12:30:00Z,2026-08-02T14:30:00+0200,168.563,MW,DK1,DK_1,actual_offshore_wind_generation,Wind Offshore,2026-08-09T11:25:52Z
2026-08-09T11:15:09Z,2026-08-09T13:15:09+0200,e7e504e8-2603-4a3b-a199-89117103e6be,2026-08-02T12:45:00Z,2026-08-02T14:45:00+0200,185.316,MW,DK1,DK_1,actual_offshore_wind_generation,Wind Offshore,2026-08-09T11:25:52Z
2026-08-09T11:15:09Z,2026-08-09T13:15:09+0200,e7e504e8-2603-4a3b-a199-89117103e6be,2026-08-02T13:00:00Z,2026-08-02T15:00:00+0200,268.275,MW,DK1,DK_1,actual_offshore_wind_generation,Wind Offshore,2026-08-09T11:25:52Z
2026-08-09T11:15:09Z,2026-08-09T13:15:09+0200,e7e504e8-2603-4a3b-a199-89117103e6be,2026-08-02T13:15:00Z,2026-08-02T15:15:00+0200,243.111,MW,DK1,DK_1,actual_offshore_wind_generation,Wind Offshore,2026-08-09T11:25:52Z
2026-08-09T11:15:09Z,2026-08-09T13:15:09+0200,e7e504e8-2603-4a3b-a199-89117103e6be,2026-08-02T13:30:00Z,2026-08-02T15:30:00+0200,224.411,MW,DK1,DK_1,actual_offshore_wind_generation,Wind Offshore,2026-08-09T11:25:52Z
2026-08-09T11:15:09Z,2026-08-09T13:15:09+0200,e7e504e8-2603-4a3b-a199-89117103e6be,2026-08-02T13:45:00Z,2026-08-02T15:45:00+0200,222.212,MW,DK1,DK_1,actual_offshore_wind_generation,Wind Offshore,2026-08-09T11:25:52Z
2026-08-09T11:15:09Z,2026-08-09T13:15:09+0200,e7e504e8-2603-4a3b-a199-89117103e6be,2026-08-02T14:00:00Z,2026-08-02T16:00:00+0200,201.169,MW,DK1,DK_1,actual_offshore_wind_generation,Wind Offshore,2026-08-09T11:25:52Z
2026-08-09T11:15:09Z,2026-08-09T13:15:09+0200,e7e504e8-2603-4a3b-a199-89117103e6be,2026-08-02T14:15:00Z,2026-08-02T16:15:00+0200,248.096,MW,DK1,DK_1,actual_offshore_wind_generation,Wind Offshore,2026-08-09T11:25:52Z
2026-08-09T11:15:09Z,2026-08-09T13:15:09+0200,e7e504e8-2603-4a3b-a199-89117103e6be,2026-08-02T14:30:00Z,2026-08-02T16:30:00+0200,271.092,MW,DK1,DK_1,actual_offshore_wind_generation,Wind Offshore,2026-08-09T11:25:52Z
2026-08-09T11:15:09Z,2026-08-09T13:15:09+0200,e7e504e8-2603-4a3b-a199-89117103e6be,2026-08-02T14:45:00Z,2026-08-02T16:45:00+0200,267.214,MW,DK1,DK_1,actual_offshore_wind_generation,Wind Offshore,2026-08-09T11:25:52Z
2026-08-09T11:15:09Z,2026-08-09T13:15:09+0200,e7e504e8-2603-4a3b-a199-89117103e6be,2026-08-02T15:00:00Z,2026-08-02T17:00:00+0200,263.775,MW,DK1,DK_1,actual_offshore_wind_generation,Wind Offshore,2026-08-09T11:25:52Z
2026-08-09T11:15:09Z,2026-08-09T13:15:09+0200,e7e504e8-2603-4a3b-a199-89117103e6be,2026-08-02T15:15:00Z,2026-08-02T17:15:00+0200,256.891,MW,DK1,DK_1,actual_offshore_wind_generation,Wind Offshore,2026-08-09T11:25:52Z
2026-08-09T11:15:09Z,2026-08-09T13:15:09+0200,e7e504e8-2603-4a3b-a199-89117103e6be,2026-08-02T15:30:00Z,2026-08-02T17:30:00+0200,220.507,MW,DK1,DK_1,actual_offshore_wind_generation,Wind Offshore,2026-08-09T11:25:52Z
2026-08-09T11:15:09Z,2026-08-09T13:15:09+0200,e7e504e8-2603-4a3b-a199-89117103e6be,2026-08-02T15:45:00Z,2026-08-02T17:45:00+0200,212.564,MW,DK1,DK_1,actual_offshore_wind_generation,Wind Offshore,2026-08-09T11:25:52Z
2026-08-09T11:15:09Z,2026-08-09T13:15:09+0200,e7e504e8-2603-4a3b-a199-89117103e6be,2026-08-02T16:00:00Z,2026-08-02T18:00:00+0200,127.234,MW,DK1,DK_1,actual_offshore_wind_generation,Wind Offshore,2026-08-09T11:25:52Z
2026-08-09T11:15:09Z,2026-08-09T13:15:09+0200,e7e504e8-2603-4a3b-a199-89117103e6be,2026-08-02T16:15:00Z,2026-08-02T18:15:00+0200,75.095,MW,DK1,DK_1,actual_offshore_wind_generation,Wind Offshore,2026-08-09T11:25:52Z
2026-08-09T11:15:09Z,2026-08-09T13:15:09+0200,e7e504e8-2603-4a3b-a199-89117103e6be,2026-08-02T16:30:00Z,2026-08-02T18:30:00+0200,45.2878,MW,DK1,DK_1,actual_offshore_wind_generation,Wind Offshore,2026-08-09T11:25:52Z
2026-08-09T11:15:09Z,2026-08-09T13:15:09+0200,e7e504e8-2603-4a3b-a199-89117103e6be,2026-08-02T16:45:00Z,2026-08-02T18:45:00+0200,36.4438,MW,DK1,DK_1,actual_offshore_wind_generation,Wind Offshore,2026-08-09T11:25:52Z
2026-08-09T11:15:09Z,2026-08-09T13:15:09+0200,e7e504e8-2603-4a3b-a199-89117103e6be,2026-08-02T17:00:00Z,2026-08-02T19:00:00+0200,41.8369,MW,DK1,DK_1,actual_offshore_wind_generation,Wind Offshore,2026-08-09T11:25:52Z
2026-08-09T11:15:09Z,2026-08-09T13:15:09+0200,e7e504e8-2603-4a3b-a199-89117103e6be,2026-08-02T17:15:00Z,2026-08-02T19:15:00+0200,35.4782,MW,DK1,DK_1,actual_offshore_wind_generation,Wind Offshore,2026-08-09T11:25:52Z
2026-08-09T11:15:09Z,2026-08-09T13:15:09+0200,e7e504e8-2603-4a3b-a199-89117103e6be,2026-08-02T17:30:00Z,2026-08-02T19:30:00+0200,38.6001,MW,DK1,DK_1,actual_offshore_wind_generation,Wind Offshore,2026-08-09T11:25:52Z
2026-08-09T11:15:09Z,2026-08-09T13:15:09+0200,e7e504e8-2603-4a3b-a199-89117103e6be,2026-08-02T17:45:00Z,2026-08-02T19:45:00+0200,28.8505,MW,DK1,DK_1,actual_offshore_wind_generation,Wind Offshore,2026-08-09T11:25:52Z
2026-08-09T11:15:09Z,2026-08-09T13:15:09+0200,e7e504e8-2603-4a3b-a199-89117103e6be,2026-08-02T18:00:00Z,2026-08-02T20:00:00+0200,25.8665,MW,DK1,DK_1,actual_offshore_wind_generation,Wind Offshore,2026-08-09T11:25:52Z
2026-08-09T11:15:09Z,2026-08-09T13:15:09+0200,e7e504e8-2603-4a3b-a199-89117103e6be,2026-08-02T18:15:00Z,2026-08-02T20:15:00+0200,27.4489,MW,DK1,DK_1,actual_offshore_wind_generation,Wind Offshore,2026-08-09T11:25:52Z
2026-08-09T11:15:09Z,2026-08-09T13:15:09+0200,e7e504e8-2603-4a3b-a199-89117103e6be,2026-08-02T18:30:00Z,2026-08-02T20:30:00+0200,25.7558,MW,DK1,DK_1,actual_offshore_wind_generation,Wind Offshore,2026-08-09T11:25:52Z
2026-08-09T11:15:09Z,2026-08-09T13:15:09+0200,e7e504e8-2603-4a3b-a199-89117103e6be,2026-08-02T18:45:00Z,2026-08-02T20:45:00+0200,20.418,MW,DK1,DK_1,actual_offshore_wind_generation,Wind Offshore,2026-08-09T11:25:52Z
2026-08-09T11:15:09Z,2026-08-09T13:15:09+0200,e7e504e8-2603-4a3b-a199-89117103e6be,2026-08-02T19:00:00Z,2026-08-02T21:00:00+0200,22.7562,MW,DK1,DK_1,actual_offshore_wind_generation,Wind Offshore,2026-08-09T11:25:52Z
2026-08-09T11:15:09Z,2026-08-09T13:15:09+0200,e7e504e8-2603-4a3b-a199-89117103e6be,2026-08-02T19:15:00Z,2026-08-02T21:15:00+0200,24.1481,MW,DK1,DK_1,actual_offshore_wind_generation,Wind Offshore,2026-08-09T11:25:52Z
2026-08-09T11:15:09Z,2026-08-09T13:15:09+0200,e7e504e8-2603-4a3b-a199-89117103e6be,2026-08-02T19:30:00Z,2026-08-02T21:30:00+0200,37.9333,MW,DK1,DK_1,actual_offshore_wind_generation,Wind Offshore,2026-08-09T11:25:52Z
2026-08-09T11:15:09Z,2026-08-09T13:15:09+0200,e7e504e8-2603-4a3b-a199-89117103e6be,2026-08-02T19:45:00Z,2026-08-02T21:45:00+0200,49.7742,MW,DK1,DK_1,actual_offshore_wind_generation,Wind Offshore,2026-08-09T11:25:52Z
2026-08-09T11:15:09Z,2026-08-09T13:15:09+0200,e7e504e8-2603-4a3b-a199-89117103e6be,2026-08-02T20:00:00Z,2026-08-02T22:00:00+0200,58.069,MW,DK1,DK_1,actual_offshore_wind_generation,Wind Offshore,2026-08-09T11:25:52Z
2026-08-09T11:15:09Z,2026-08-09T13:15:09+0200,e7e504e8-2603-4a3b-a199-89117103e6be,2026-08-02T20:15:00Z,2026-08-02T22:15:00+0200,60.0973,MW,DK1,DK_1,actual_offshore_wind_generation,Wind Offshore,2026-08-09T11:25:52Z
2026-08-09T11:15:09Z,2026-08-09T13:15:09+0200,e7e504e8-2603-4a3b-a199-89117103e6be,2026-08-02T20:30:00Z,2026-08-02T22:30:00+0200,62.3925,MW,DK1,DK_1,actual_offshore_wind_generation,Wind Offshore,2026-08-09T11:25:52Z
2026-08-09T11:15:09Z,2026-08-09T13:15:09+0200,e7e504e8-2603-4a3b-a199-89117103e6be,2026-08-02T20:45:00Z,2026-08-02T22:45:00+0200,59.7669,MW,DK1,DK_1,actual_offshore_wind_generation,Wind Offshore,2026-08-09T11:25:52Z
2026-08-09T11:15:09Z,2026-08-09T13:15:09+0200,e7e504e8-2603-4a3b-a199-89117103e6be,2026-08-02T21:00:00Z,2026-08-02T23:00:00+0200,56.6066,MW,DK1,DK_1,actual_offshore_wind_generation,Wind Offshore,2026-08-09T11:25:52Z
2026-08-09T11:15:09Z,2026-08-09T13:15:09+0200,e7e504e8-2603-4a3b-a199-89117103e6be,2026-08-02T21:15:00Z,2026-08-02T23:15:00+0200,54.6262,MW,DK1,DK_1,actual_offshore_wind_generation,Wind Offshore,2026-08-09T11:25:52Z
2026-08-09T11:15:09Z,2026-08-09T13:15:09+0200,e7e504e8-2603-4a3b-a199-89117103e6be,2026-08-02T21:30:00Z,2026-08-02T23:30:00+0200,57.1377,MW,DK1,DK_1,actual_offshore_wind_generation,Wind Offshore,2026-08-09T11:25:52Z
2026-08-09T11:15:09Z,2026-08-09T13:15:09+0200,e7e504e8-2603-4a3b-a199-89117103e6be,2026-08-02T21:45:00Z,2026-08-02T23:45:00+0200,52.745,MW,DK1,DK_1,actual_offshore_wind_generation,Wind Offshore,2026-08-09T11:25:52Z
2026-08-09T11:15:09Z,2026-08-09T13:15:09+0200,e7e504e8-2603-4a3b-a199-89117103e6be,2026-08-02T22:00:00Z,2026-08-03T00:00:00+0200,45.6091,MW,DK1,DK_1,actual_offshore_wind_generation,Wind Offshore,2026-08-09T11:25:52Z
2026-08-09T11:15:09Z,2026-08-09T13:15:09+0200,e7e504e8-2603-4a3b-a199-89117103e6be,2026-08-02T22:15:00Z,2026-08-03T00:15:00+0200,35.109,MW,DK1,DK_1,actual_offshore_wind_generation,Wind Offshore,2026-08-09T11:25:52Z
2026-08-09T11:15:09Z,2026-08-09T13:15:09+0200,e7e504e8-2603-4a3b-a199-89117103e6be,2026-08-02T22:30:00Z,2026-08-03T00:30:00+0200,23.2351,MW,DK1,DK_1,actual_offshore_wind_generation,Wind Offshore,2026-08-09T11:25:52Z
2026-08-09T11:15:09Z,2026-08-09T13:15:09+0200,e7e504e8-2603-4a3b-a199-89117103e6be,2026-08-02T22:45:00Z,2026-08-03T00:45:00+0200,17.2383,MW,DK1,DK_1,actual_offshore_wind_generation,Wind Offshore,2026-08-09T11:25:52Z
2026-08-09T11:15:09Z,2026-08-09T13:15:09+0200,e7e504e8-2603-4a3b-a199-89117103e6be,2026-08-02T23:00:00Z,2026-08-03T01:00:00+0200,14.5358,MW,DK1,DK_1,actual_offshore_wind_generation,Wind Offshore,2026-08-09T11:25:52Z
2026-08-09T11:15:09Z,2026-08-09T13:15:09+0200,e7e504e8-2603-4a3b-a199-89117103e6be,2026-08-02T23:15:00Z,2026-08-03T01:15:00+0200,10.794,MW,DK1,DK_1,actual_offshore_wind_generation,Wind Offshore,2026-08-09T11:25:52Z
2026-08-09T11:15:09Z,2026-08-09T13:15:09+0200,e7e504e8-2603-4a3b-a199-89117103e6be,2026-08-02T23:30:00Z,2026-08-03T01:30:00+0200,7.60199,MW,DK1,DK_1,actual_offshore_wind_generation,Wind Offshore,2026-08-09T11:25:52Z
2026-08-09T11:15:09Z,2026-08-09T13:15:09+0200,e7e504e8-2603-4a3b-a199-89117103e6be,2026-08-02T23:45:00Z,2026-08-03T01:45:00+0200,5.49587,MW,DK1,DK_1,actual_offshore_wind_generation,Wind Offshore,2026-08-09T11:25:52Z
2026-08-09T11:15:09Z,2026-08-09T13:15:09+0200,e7e504e8-2603-4a3b-a199-89117103e6be,2026-08-03T00:00:00Z,2026-08-03T02:00:00+0200,2.54601,MW,DK1,DK_1,actual_offshore_wind_generation,Wind Offshore,2026-08-09T11:25:52Z
2026-08-09T11:15:09Z,2026-08-09T13:15:09+0200,e7e504e8-2603-4a3b-a199-89117103e6be,2026-08-03T00:15:00Z,2026-08-03T02:15:00+0200,0.316342,MW,DK1,DK_1,actual_offshore_wind_generation,Wind Offshore,2026-08-09T11:25:52Z
2026-08-09T11:15:09Z,2026-08-09T13:15:09+0200,e7e504e8-2603-4a3b-a199-89117103e6be,2026-08-03T00:30:00Z,2026-08-03T02:30:00+0200,0.0,MW,DK1,DK_1,actual_offshore_wind_generation,Wind Offshore,2026-08-09T11:25:52Z
2026-08-09T11:15:09Z,2026-08-09T13:15:09+0200,e7e504e8-2603-4a3b-a199-89117103e6be,2026-08-03T00:45:00Z,2026-08-03T02:45:00+0200,0.0,MW,DK1,DK_1,actual_offshore_wind_generation,Wind Offshore,2026-08-09T11:25:52Z
2026-08-09T11:15:09Z,2026-08-09T13:15:09+0200,e7e504e8-2603-4a3b-a199-89117103e6be,2026-08-03T01:00:00Z,2026-08-03T03:00:00+0200,0.0,MW,DK1,DK_1,actual_offshore_wind_generation,Wind Offshore,2026-08-09T11:25:52Z
2026-08-09T11:15:09Z,2026-08-09T13:15:09+0200,e7e504e8-2603-4a3b-a199-89117103e6be,2026-08-03T01:15:00Z,2026-08-03T03:15:00+0200,0.0,MW,DK1,DK_1,actual_offshore_wind_generation,Wind Offshore,2026-08-09T11:25:52Z
2026-08-09T11:15:09Z,2026-08-09T13:15:09+0200,e7e504e8-2603-4a3b-a199-89117103e6be,2026-08-03T01:30:00Z,2026-08-03T03:30:00+0200,0.0,MW,DK1,DK_1,actual_offshore_wind_generation,Wind Offshore,2026-08-09T11:25:52Z
2026-08-09T11:15:09Z,2026-08-09T13:15:09+0200,e7e504e8-2603-4a3b-a199-89117103e6be,2026-08-03T01:45:00Z,2026-08-03T03:45:00+0200,0.0,MW,DK1,DK_1,actual_offshore_wind_generation,Wind Offshore,2026-08-09T11:25:52Z
2026-08-09T11:15:09Z,2026-08-09T13:15:09+0200,e7e504e8-2603-4a3b-a199-89117103e6be,2026-08-03T02:00:00Z,2026-08-03T04:00:00+0200,0.0,MW,DK1,DK_1,actual_offshore_wind_generation,Wind Offshore,2026-08-09T11:25:52Z
2026-08-09T11:15:09Z,2026-08-09T13:15:09+0200,e7e504e8-2603-4a3b-a199-89117103e6be,2026-08-03T02:15:00Z,2026-08-03T04:15:00+0200,1.1061,MW,DK1,DK_1,actual_offshore_wind_generation,Wind Offshore,2026-08-09T11:25:52Z
2026-08-09T11:15:09Z,2026-08-09T13:15:09+0200,e7e504e8-2603-4a3b-a199-89117103e6be,2026-08-03T02:30:00Z,2026-08-03T04:30:00+0200,1.43299,MW,DK1,DK_1,actual_offshore_wind_generation,Wind Offshore,2026-08-09T11:25:52Z
2026-08-09T11:15:09Z,2026-08-09T13:15:09+0200,e7e504e8-2603-4a3b-a199-89117103e6be,2026-08-03T02:45:00Z,2026-08-03T04:45:00+0200,0.193055,MW,DK1,DK_1,actual_offshore_wind_generation,Wind Offshore,2026-08-09T11:25:52Z
2026-08-09T11:15:09Z,2026-08-09T13:15:09+0200,e7e504e8-2603-4a3b-a199-89117103e6be,2026-08-03T03:00:00Z,2026-08-03T05:00:00+0200,0.976676,MW,DK1,DK_1,actual_offshore_wind_generation,Wind Offshore,2026-08-09T11:25:52Z
2026-08-09T11:15:09Z,2026-08-09T13:15:09+0200,e7e504e8-2603-4a3b-a199-89117103e6be,2026-08-03T03:15:00Z,2026-08-03T05:15:00+0200,8.36042,MW,DK1,DK_1,actual_offshore_wind_generation,Wind Offshore,2026-08-09T11:25:52Z
2026-08-09T11:15:09Z,2026-08-09T13:15:09+0200,e7e504e8-2603-4a3b-a199-89117103e6be,2026-08-03T03:30:00Z,2026-08-03T05:30:00+0200,12.5767,MW,DK1,DK_1,actual_offshore_wind_generation,Wind Offshore,2026-08-09T11:25:52Z
2026-08-09T11:15:09Z,2026-08-09T13:15:09+0200,e7e504e8-2603-4a3b-a199-89117103e6be,2026-08-03T03:45:00Z,2026-08-03T05:45:00+0200,14.8615,MW,DK1,DK_1,actual_offshore_wind_generation,Wind Offshore,2026-08-09T11:25:52Z
2026-08-09T11:15:09Z,2026-08-09T13:15:09+0200,e7e504e8-2603-4a3b-a199-89117103e6be,2026-08-03T04:00:00Z,2026-08-03T06:00:00+0200,23.4679,MW,DK1,DK_1,actual_offshore_wind_generation,Wind Offshore,2026-08-09T11:25:52Z
2026-08-09T11:15:09Z,2026-08-09T13:15:09+0200,e7e504e8-2603-4a3b-a199-89117103e6be,2026-08-03T04:15:00Z,2026-08-03T06:15:00+0200,32.5821,MW,DK1,DK_1,actual_offshore_wind_generation,Wind Offshore,2026-08-09T11:25:52Z
2026-08-09T11:15:09Z,2026-08-09T13:15:09+0200,e7e504e8-2603-4a3b-a199-89117103e6be,2026-08-03T04:30:00Z,2026-08-03T06:30:00+0200,32.8007,MW,DK1,DK_1,actual_offshore_wind_generation,Wind Offshore,2026-08-09T11:25:52Z
2026-08-09T11:15:09Z,2026-08-09T13:15:09+0200,e7e504e8-2603-4a3b-a199-89117103e6be,2026-08-03T04:45:00Z,2026-08-03T06:45:00+0200,35.2865,MW,DK1,DK_1,actual_offshore_wind_generation,Wind Offshore,2026-08-09T11:25:52Z
2026-08-09T11:15:09Z,2026-08-09T13:15:09+0200,e7e504e8-2603-4a3b-a199-89117103e6be,2026-08-03T05:00:00Z,2026-08-03T07:00:00+0200,48.8529,MW,DK1,DK_1,actual_offshore_wind_generation,Wind Offshore,2026-08-09T11:25:52Z
2026-08-09T11:15:09Z,2026-08-09T13:15:09+0200,e7e504e8-2603-4a3b-a199-89117103e6be,2026-08-03T05:15:00Z,2026-08-03T07:15:00+0200,55.0226,MW,DK1,DK_1,actual_offshore_wind_generation,Wind Offshore,2026-08-09T11:25:52Z
2026-08-09T11:15:09Z,2026-08-09T13:15:09+0200,e7e504e8-2603-4a3b-a199-89117103e6be,2026-08-03T05:30:00Z,2026-08-03T07:30:00+0200,61.7908,MW,DK1,DK_1,actual_offshore_wind_generation,Wind Offshore,2026-08-09T11:25:52Z
2026-08-09T11:15:09Z,2026-08-09T13:15:09+0200,e7e504e8-2603-4a3b-a199-89117103e6be,2026-08-03T05:45:00Z,2026-08-03T07:45:00+0200,68.2496,MW,DK1,DK_1,actual_offshore_wind_generation,Wind Offshore,2026-08-09T11:25:52Z
2026-08-09T11:15:09Z,2026-08-09T13:15:09+0200,e7e504e8-2603-4a3b-a199-89117103e6be,2026-08-03T06:00:00Z,2026-08-03T08:00:00+0200,79.5937,MW,DK1,DK_1,actual_offshore_wind_generation,Wind Offshore,2026-08-09T11:25:52Z
2026-08-09T11:15:09Z,2026-08-09T13:15:09+0200,e7e504e8-2603-4a3b-a199-89117103e6be,2026-08-03T06:15:00Z,2026-08-03T08:15:00+0200,85.8145,MW,DK1,DK_1,actual_offshore_wind_generation,Wind Offshore,2026-08-09T11:25:52Z
2026-08-09T11:15:09Z,2026-08-09T13:15:09+0200,e7e504e8-2603-4a3b-a199-89117103e6be,2026-08-03T06:30:00Z,2026-08-03T08:30:00+0200,86.2228,MW,DK1,DK_1,actual_offshore_wind_generation,Wind Offshore,2026-08-09T11:25:52Z
2026-08-09T11:15:09Z,2026-08-09T13:15:09+0200,e7e504e8-2603-4a3b-a199-89117103e6be,2026-08-03T06:45:00Z,2026-08-03T08:45:00+0200,88.5435,MW,DK1,DK_1,actual_offshore_wind_generation,Wind Offshore,2026-08-09T11:25:52Z
2026-08-09T11:15:09Z,2026-08-09T13:15:09+0200,e7e504e8-2603-4a3b-a199-89117103e6be,2026-08-03T07:00:00Z,2026-08-03T09:00:00+0200,91.7232,MW,DK1,DK_1,actual_offshore_wind_generation,Wind Offshore,2026-08-09T11:25:52Z
2026-08-09T11:15:09Z,2026-08-09T13:15:09+0200,e7e504e8-2603-4a3b-a199-89117103e6be,2026-08-03T07:15:00Z,2026-08-03T09:15:00+0200,94.5389,MW,DK1,DK_1,actual_offshore_wind_generation,Wind Offshore,2026-08-09T11:25:52Z
2026-08-09T11:15:09Z,2026-08-09T13:15:09+0200,e7e504e8-2603-4a3b-a199-89117103e6be,2026-08-03T07:30:00Z,2026-08-03T09:30:00+0200,88.7149,MW,DK1,DK_1,actual_offshore_wind_generation,Wind Offshore,2026-08-09T11:25:52Z
2026-08-09T11:15:09Z,2026-08-09T13:15:09+0200,e7e504e8-2603-4a3b-a199-89117103e6be,2026-08-03T07:45:00Z,2026-08-03T09:45:00+0200,78.9642,MW,DK1,DK_1,actual_offshore_wind_generation,Wind Offshore,2026-08-09T11:25:52Z
2026-08-09T11:15:09Z,2026-08-09T13:15:09+0200,e7e504e8-2603-4a3b-a199-89117103e6be,2026-08-03T08:00:00Z,2026-08-03T10:00:00+0200,81.5812,MW,DK1,DK_1,actual_offshore_wind_generation,Wind Offshore,2026-08-09T11:25:52Z
2026-08-09T11:15:09Z,2026-08-09T13:15:09+0200,e7e504e8-2603-4a3b-a199-89117103e6be,2026-08-03T08:15:00Z,2026-08-03T10:15:00+0200,74.2696,MW,DK1,DK_1,actual_offshore_wind_generation,Wind Offshore,2026-08-09T11:25:52Z
2026-08-09T11:15:09Z,2026-08-09T13:15:09+0200,e7e504e8-2603-4a3b-a199-89117103e6be,2026-08-03T08:30:00Z,2026-08-03T10:30:00+0200,69.2524,MW,DK1,DK_1,actual_offshore_wind_generation,Wind Offshore,2026-08-09T11:25:52Z
2026-08-09T11:15:09Z,2026-08-09T13:15:09+0200,e7e504e8-2603-4a3b-a199-89117103e6be,2026-08-03T08:45:00Z,2026-08-03T10:45:00+0200,71.7053,MW,DK1,DK_1,actual_offshore_wind_generation,Wind Offshore,2026-08-09T11:25:52Z
2026-08-09T11:15:09Z,2026-08-09T13:15:09+0200,e7e504e8-2603-4a3b-a199-89117103e6be,2026-08-03T09:00:00Z,2026-08-03T11:00:00+0200,80.1021,MW,DK1,DK_1,actual_offshore_wind_generation,Wind Offshore,2026-08-09T11:25:52Z
2026-08-09T11:15:09Z,2026-08-09T13:15:09+0200,e7e504e8-2603-4a3b-a199-89117103e6be,2026-08-03T09:15:00Z,2026-08-03T11:15:00+0200,92.0042,MW,DK1,DK_1,actual_offshore_wind_generation,Wind Offshore,2026-08-09T11:25:52Z
2026-08-09T11:15:09Z,2026-08-09T13:15:09+0200,e7e504e8-2603-4a3b-a199-89117103e6be,2026-08-03T09:30:00Z,2026-08-03T11:30:00+0200,92.4505,MW,DK1,DK_1,actual_offshore_wind_generation,Wind Offshore,2026-08-09T11:25:52Z
2026-08-09T11:15:09Z,2026-08-09T13:15:09+0200,e7e504e8-2603-4a3b-a199-89117103e6be,2026-08-03T09:45:00Z,2026-08-03T11:45:00+0200,99.0557,MW,DK1,DK_1,actual_offshore_wind_generation,Wind Offshore,2026-08-09T11:25:52Z
2026-08-09T11:15:09Z,2026-08-09T13:15:09+0200,e7e504e8-2603-4a3b-a199-89117103e6be,2026-08-03T10:00:00Z,2026-08-03T12:00:00+0200,98.3674,MW,DK1,DK_1,actual_offshore_wind_generation,Wind Offshore,2026-08-09T11:25:52Z
2026-08-09T11:15:09Z,2026-08-09T13:15:09+0200,e7e504e8-2603-4a3b-a199-89117103e6be,2026-08-03T10:15:00Z,2026-08-03T12:15:00+0200,91.5019,MW,DK1,DK_1,actual_offshore_wind_generation,Wind Offshore,2026-08-09T11:25:52Z
2026-08-09T11:15:09Z,2026-08-09T13:15:09+0200,e7e504e8-2603-4a3b-a199-89117103e6be,2026-08-03T10:30:00Z,2026-08-03T12:30:00+0200,104.165,MW,DK1,DK_1,actual_offshore_wind_generation,Wind Offshore,2026-08-09T11:25:52Z
2026-08-09T11:15:09Z,2026-08-09T13:15:09+0200,e7e504e8-2603-4a3b-a199-89117103e6be,2026-08-03T10:45:00Z,2026-08-03T12:45:00+0200,126.079,MW,DK1,DK_1,actual_offshore_wind_generation,Wind Offshore,2026-08-09T11:25:52Z
2026-08-09T11:15:09Z,2026-08-09T13:15:09+0200,e7e504e8-2603-4a3b-a199-89117103e6be,2026-08-03T11:00:00Z,2026-08-03T13:00:00+0200,142.689,MW,DK1,DK_1,actual_offshore_wind_generation,Wind Offshore,2026-08-09T11:25:52Z
2026-08-09T11:15:09Z,2026-08-09T13:15:09+0200,e7e504e8-2603-4a3b-a199-89117103e6be,2026-08-03T11:15:00Z,2026-08-03T13:15:00+0200,147.192,MW,DK1,DK_1,actual_offshore_wind_generation,Wind Offshore,2026-08-09T11:25:52Z
2026-08-09T11:15:09Z,2026-08-09T13:15:09+0200,e7e504e8-2603-4a3b-a199-89117103e6be,2026-08-03T11:30:00Z,2026-08-03T13:30:00+0200,148.944,MW,DK1,DK_1,actual_offshore_wind_generation,Wind Offshore,2026-08-09T11:25:52Z
2026-08-09T11:15:09Z,2026-08-09T13:15:09+0200,e7e504e8-2603-4a3b-a199-89117103e6be,2026-08-03T11:45:00Z,2026-08-03T13:45:00+0200,147.269,MW,DK1,DK_1,actual_offshore_wind_generation,Wind Offshore,2026-08-09T11:25:52Z
2026-08-09T11:15:09Z,2026-08-09T13:15:09+0200,e7e504e8-2603-4a3b-a199-89117103e6be,2026-08-03T12:00:00Z,2026-08-03T14:00:00+0200,134.314,MW,DK1,DK_1,actual_offshore_wind_generation,Wind Offshore,2026-08-09T11:25:52Z
2026-08-09T11:15:09Z,2026-08-09T13:15:09+0200,e7e504e8-2603-4a3b-a199-89117103e6be,2026-08-03T12:15:00Z,2026-08-03T14:15:00+0200,139.302,MW,DK1,DK_1,actual_offshore_wind_generation,Wind Offshore,2026-08-09T11:25:52Z
2026-08-09T11:15:09Z,2026-08-09T13:15:09+0200,e7e504e8-2603-4a3b-a199-89117103e6be,2026-08-03T12:30:00Z,2026-08-03T14:30:00+0200,151.908,MW,DK1,DK_1,actual_offshore_wind_generation,Wind Offshore,2026-08-09T11:25:52Z
2026-08-09T11:15:09Z,2026-08-09T13:15:09+0200,e7e504e8-2603-4a3b-a199-89117103e6be,2026-08-03T12:45:00Z,2026-08-03T14:45:00+0200,152.841,MW,DK1,DK_1,actual_offshore_wind_generation,Wind Offshore,2026-08-09T11:25:52Z
2026-08-09T11:15:09Z,2026-08-09T13:15:09+0200,e7e504e8-2603-4a3b-a199-89117103e6be,2026-08-03T13:00:00Z,2026-08-03T15:00:00+0200,158.465,MW,DK1,DK_1,actual_offshore_wind_generation,Wind Offshore,2026-08-09T11:25:52Z
2026-08-09T11:15:09Z,2026-08-09T13:15:09+0200,e7e504e8-2603-4a3b-a199-89117103e6be,2026-08-03T13:15:00Z,2026-08-03T15:15:00+0200,174.477,MW,DK1,DK_1,actual_offshore_wind_generation,Wind Offshore,2026-08-09T11:25:52Z
2026-08-09T11:15:09Z,2026-08-09T13:15:09+0200,e7e504e8-2603-4a3b-a199-89117103e6be,2026-08-03T13:30:00Z,2026-08-03T15:30:00+0200,186.007,MW,DK1,DK_1,actual_offshore_wind_generation,Wind Offshore,2026-08-09T11:25:52Z
2026-08-09T11:15:09Z,2026-08-09T13:15:09+0200,e7e504e8-2603-4a3b-a199-89117103e6be,2026-08-03T13:45:00Z,2026-08-03T15:45:00+0200,206.893,MW,DK1,DK_1,actual_offshore_wind_generation,Wind Offshore,2026-08-09T11:25:52Z
2026-08-09T11:15:09Z,2026-08-09T13:15:09+0200,e7e504e8-2603-4a3b-a199-89117103e6be,2026-08-03T14:00:00Z,2026-08-03T16:00:00+0200,222.918,MW,DK1,DK_1,actual_offshore_wind_generation,Wind Offshore,2026-08-09T11:25:52Z
2026-08-09T11:15:09Z,2026-08-09T13:15:09+0200,e7e504e8-2603-4a3b-a199-89117103e6be,2026-08-03T14:15:00Z,2026-08-03T16:15:00+0200,244.082,MW,DK1,DK_1,actual_offshore_wind_generation,Wind Offshore,2026-08-09T11:25:52Z
2026-08-09T11:15:09Z,2026-08-09T13:15:09+0200,e7e504e8-2603-4a3b-a199-89117103e6be,2026-08-03T14:30:00Z,2026-08-03T16:30:00+0200,258.365,MW,DK1,DK_1,actual_offshore_wind_generation,Wind Offshore,2026-08-09T11:25:52Z
2026-08-09T11:15:09Z,2026-08-09T13:15:09+0200,e7e504e8-2603-4a3b-a199-89117103e6be,2026-08-03T14:45:00Z,2026-08-03T16:45:00+0200,278.964,MW,DK1,DK_1,actual_offshore_wind_generation,Wind Offshore,2026-08-09T11:25:52Z
2026-08-09T11:15:09Z,2026-08-09T13:15:09+0200,e7e504e8-2603-4a3b-a199-89117103e6be,2026-08-03T15:00:00Z,2026-08-03T17:00:00+0200,297.784,MW,DK1,DK_1,actual_offshore_wind_generation,Wind Offshore,2026-08-09T11:25:52Z
2026-08-09T11:15:09Z,2026-08-09T13:15:09+0200,e7e504e8-2603-4a3b-a199-89117103e6be,2026-08-03T15:15:00Z,2026-08-03T17:15:00+0200,315.179,MW,DK1,DK_1,actual_offshore_wind_generation,Wind Offshore,2026-08-09T11:25:52Z
2026-08-09T11:15:09Z,2026-08-09T13:15:09+0200,e7e504e8-2603-4a3b-a199-89117103e6be,2026-08-03T15:30:00Z,2026-08-03T17:30:00+0200,309.026,MW,DK1,DK_1,actual_offshore_wind_generation,Wind Offshore,2026-08-09T11:25:52Z
2026-08-09T11:15:09Z,2026-08-09T13:15:09+0200,e7e504e8-2603-4a3b-a199-89117103e6be,2026-08-03T15:45:00Z,2026-08-03T17:45:00+0200,340.944,MW,DK1,DK_1,actual_offshore_wind_generation,Wind Offshore,2026-08-09T11:25:52Z
2026-08-09T11:15:09Z,2026-08-09T13:15:09+0200,e7e504e8-2603-4a3b-a199-89117103e6be,2026-08-03T16:00:00Z,2026-08-03T18:00:00+0200,391.335,MW,DK1,DK_1,actual_offshore_wind_generation,Wind Offshore,2026-08-09T11:25:52Z
2026-08-09T11:15:09Z,2026-08-09T13:15:09+0200,e7e504e8-2603-4a3b-a199-89117103e6be,2026-08-03T16:15:00Z,2026-08-03T18:15:00+0200,419.004,MW,DK1,DK_1,actual_offshore_wind_generation,Wind Offshore,2026-08-09T11:25:52Z
2026-08-09T11:15:09Z,2026-08-09T13:15:09+0200,e7e504e8-2603-4a3b-a199-89117103e6be,2026-08-03T16:30:00Z,2026-08-03T18:30:00+0200,438.667,MW,DK1,DK_1,actual_offshore_wind_generation,Wind Offshore,2026-08-09T11:25:52Z
2026-08-09T11:15:09Z,2026-08-09T13:15:09+0200,e7e504e8-2603-4a3b-a199-89117103e6be,2026-08-03T16:45:00Z,2026-08-03T18:45:00+0200,431.303,MW,DK1,DK_1,actual_offshore_wind_generation,Wind Offshore,2026-08-09T11:25:52Z
2026-08-09T11:15:09Z,2026-08-09T13:15:09+0200,e7e504e8-2603-4a3b-a199-89117103e6be,2026-08-03T17:00:00Z,2026-08-03T19:00:00+0200,425.33,MW,DK1,DK_1,actual_offshore_wind_generation,Wind Offshore,2026-08-09T11:25:52Z
2026-08-09T11:15:09Z,2026-08-09T13:15:09+0200,e7e504e8-2603-4a3b-a199-89117103e6be,2026-08-03T17:15:00Z,2026-08-03T19:15:00+0200,485.174,MW,DK1,DK_1,actual_offshore_wind_generation,Wind Offshore,2026-08-09T11:25:52Z
2026-08-09T11:15:09Z,2026-08-09T13:15:09+0200,e7e504e8-2603-4a3b-a199-89117103e6be,2026-08-03T17:30:00Z,2026-08-03T19:30:00+0200,540.039,MW,DK1,DK_1,actual_offshore_wind_generation,Wind Offshore,2026-08-09T11:25:52Z
2026-08-09T11:15:09Z,2026-08-09T13:15:09+0200,e7e504e8-2603-4a3b-a199-89117103e6be,2026-08-03T17:45:00Z,2026-08-03T19:45:00+0200,523.463,MW,DK1,DK_1,actual_offshore_wind_generation,Wind Offshore,2026-08-09T11:25:52Z
2026-08-09T11:15:09Z,2026-08-09T13:15:09+0200,e7e504e8-2603-4a3b-a199-89117103e6be,2026-08-03T18:00:00Z,2026-08-03T20:00:00+0200,562.743,MW,DK1,DK_1,actual_offshore_wind_generation,Wind Offshore,2026-08-09T11:25:52Z
2026-08-09T11:15:09Z,2026-08-09T13:15:09+0200,e7e504e8-2603-4a3b-a199-89117103e6be,2026-08-03T18:15:00Z,2026-08-03T20:15:00+0200,585.066,MW,DK1,DK_1,actual_offshore_wind_generation,Wind Offshore,2026-08-09T11:25:52Z
2026-08-09T11:15:09Z,2026-08-09T13:15:09+0200,e7e504e8-2603-4a3b-a199-89117103e6be,2026-08-03T18:30:00Z,2026-08-03T20:30:00+0200,570.515,MW,DK1,DK_1,actual_offshore_wind_generation,Wind Offshore,2026-08-09T11:25:52Z
2026-08-09T11:15:09Z,2026-08-09T13:15:09+0200,e7e504e8-2603-4a3b-a199-89117103e6be,2026-08-03T18:45:00Z,2026-08-03T20:45:00+0200,560.793,MW,DK1,DK_1,actual_offshore_wind_generation,Wind Offshore,2026-08-09T11:25:52Z
2026-08-09T11:15:09Z,2026-08-09T13:15:09+0200,e7e504e8-2603-4a3b-a199-89117103e6be,2026-08-03T19:00:00Z,2026-08-03T21:00:00+0200,505.866,MW,DK1,DK_1,actual_offshore_wind_generation,Wind Offshore,2026-08-09T11:25:52Z
2026-08-09T11:15:09Z,2026-08-09T13:15:09+0200,e7e504e8-2603-4a3b-a199-89117103e6be,2026-08-03T19:15:00Z,2026-08-03T21:15:00+0200,453.67,MW,DK1,DK_1,actual_offshore_wind_generation,Wind Offshore,2026-08-09T11:25:52Z
2026-08-09T11:15:09Z,2026-08-09T13:15:09+0200,e7e504e8-2603-4a3b-a199-89117103e6be,2026-08-03T19:30:00Z,2026-08-03T21:30:00+0200,447.073,MW,DK1,DK_1,actual_offshore_wind_generation,Wind Offshore,2026-08-09T11:25:52Z
2026-08-09T11:15:09Z,2026-08-09T13:15:09+0200,e7e504e8-2603-4a3b-a199-89117103e6be,2026-08-03T19:45:00Z,2026-08-03T21:45:00+0200,432.78,MW,DK1,DK_1,actual_offshore_wind_generation,Wind Offshore,2026-08-09T11:25:52Z
2026-08-09T11:15:09Z,2026-08-09T13:15:09+0200,e7e504e8-2603-4a3b-a199-89117103e6be,2026-08-03T20:00:00Z,2026-08-03T22:00:00+0200,357.719,MW,DK1,DK_1,actual_offshore_wind_generation,Wind Offshore,2026-08-09T11:25:52Z
2026-08-09T11:15:09Z,2026-08-09T13:15:09+0200,e7e504e8-2603-4a3b-a199-89117103e6be,2026-08-03T20:15:00Z,2026-08-03T22:15:00+0200,357.862,MW,DK1,DK_1,actual_offshore_wind_generation,Wind Offshore,2026-08-09T11:25:52Z
2026-08-09T11:15:09Z,2026-08-09T13:15:09+0200,e7e504e8-2603-4a3b-a199-89117103e6be,2026-08-03T20:30:00Z,2026-08-03T22:30:00+0200,327.204,MW,DK1,DK_1,actual_offshore_wind_generation,Wind Offshore,2026-08-09T11:25:52Z
2026-08-09T11:15:09Z,2026-08-09T13:15:09+0200,e7e504e8-2603-4a3b-a199-89117103e6be,2026-08-03T20:45:00Z,2026-08-03T22:45:00+0200,358.811,MW,DK1,DK_1,actual_offshore_wind_generation,Wind Offshore,2026-08-09T11:25:52Z
2026-08-09T11:15:09Z,2026-08-09T13:15:09+0200,e7e504e8-2603-4a3b-a199-89117103e6be,2026-08-03T21:00:00Z,2026-08-03T23:00:00+0200,410.867,MW,DK1,DK_1,actual_offshore_wind_generation,Wind Offshore,2026-08-09T11:25:52Z
2026-08-09T11:15:09Z,2026-08-09T13:15:09+0200,e7e504e8-2603-4a3b-a199-89117103e6be,2026-08-03T21:15:00Z,2026-08-03T23:15:00+0200,475.798,MW,DK1,DK_1,actual_offshore_wind_generation,Wind Offshore,2026-08-09T11:25:52Z
2026-08-09T11:15:09Z,2026-08-09T13:15:09+0200,e7e504e8-2603-4a3b-a199-89117103e6be,2026-08-03T21:30:00Z,2026-08-03T23:30:00+0200,488.55,MW,DK1,DK_1,actual_offshore_wind_generation,Wind Offshore,2026-08-09T11:25:52Z
2026-08-09T11:15:09Z,2026-08-09T13:15:09+0200,e7e504e8-2603-4a3b-a199-89117103e6be,2026-08-03T21:45:00Z,2026-08-03T23:45:00+0200,509.292,MW,DK1,DK_1,actual_offshore_wind_generation,Wind Offshore,2026-08-09T11:25:52Z
2026-08-09T11:15:09Z,2026-08-09T13:15:09+0200,e7e504e8-2603-4a3b-a199-89117103e6be,2026-08-03T22:00:00Z,2026-08-04T00:00:00+0200,501.712,MW,DK1,DK_1,actual_offshore_wind_generation,Wind Offshore,2026-08-09T11:25:52Z
2026-08-09T11:15:09Z,2026-08-09T13:15:09+0200,e7e504e8-2603-4a3b-a199-89117103e6be,2026-08-03T22:15:00Z,2026-08-04T00:15:00+0200,490.95,MW,DK1,DK_1,actual_offshore_wind_generation,Wind Offshore,2026-08-09T11:25:52Z
2026-08-09T11:15:09Z,2026-08-09T13:15:09+0200,e7e504e8-2603-4a3b-a199-89117103e6be,2026-08-03T22:30:00Z,2026-08-04T00:30:00+0200,426.825,MW,DK1,DK_1,actual_offshore_wind_generation,Wind Offshore,2026-08-09T11:25:52Z
2026-08-09T11:15:09Z,2026-08-09T13:15:09+0200,e7e504e8-2603-4a3b-a199-89117103e6be,2026-08-03T22:45:00Z,2026-08-04T00:45:00+0200,397.685,MW,DK1,DK_1,actual_offshore_wind_generation,Wind Offshore,2026-08-09T11:25:52Z
2026-08-09T11:15:09Z,2026-08-09T13:15:09+0200,e7e504e8-2603-4a3b-a199-89117103e6be,2026-08-03T23:00:00Z,2026-08-04T01:00:00+0200,416.099,MW,DK1,DK_1,actual_offshore_wind_generation,Wind Offshore,2026-08-09T11:25:52Z
2026-08-09T11:15:09Z,2026-08-09T13:15:09+0200,e7e504e8-2603-4a3b-a199-89117103e6be,2026-08-03T23:15:00Z,2026-08-04T01:15:00+0200,392.952,MW,DK1,DK_1,actual_offshore_wind_generation,Wind Offshore,2026-08-09T11:25:52Z
2026-08-09T11:15:09Z,2026-08-09T13:15:09+0200,e7e504e8-2603-4a3b-a199-89117103e6be,2026-08-03T23:30:00Z,2026-08-04T01:30:00+0200,409.984,MW,DK1,DK_1,actual_offshore_wind_generation,Wind Offshore,2026-08-09T11:25:52Z
2026-08-09T11:15:09Z,2026-08-09T13:15:09+0200,e7e504e8-2603-4a3b-a199-89117103e6be,2026-08-03T23:45:00Z,2026-08-04T01:45:00+0200,438.168,MW,DK1,DK_1,actual_offshore_wind_generation,Wind Offshore,2026-08-09T11:25:52Z
2026-08-09T11:15:09Z,2026-08-09T13:15:09+0200,e7e504e8-2603-4a3b-a199-89117103e6be,2026-08-04T00:00:00Z,2026-08-04T02:00:00+0200,426.851,MW,DK1,DK_1,actual_offshore_wind_generation,Wind Offshore,2026-08-09T11:25:52Z
2026-08-09T11:15:09Z,2026-08-09T13:15:09+0200,e7e504e8-2603-4a3b-a199-89117103e6be,2026-08-04T00:15:00Z,2026-08-04T02:15:00+0200,435.013,MW,DK1,DK_1,actual_offshore_wind_generation,Wind Offshore,2026-08-09T11:25:52Z
2026-08-09T11:15:09Z,2026-08-09T13:15:09+0200,e7e504e8-2603-4a3b-a199-89117103e6be,2026-08-04T00:30:00Z,2026-08-04T02:30:00+0200,476.219,MW,DK1,DK_1,actual_offshore_wind_generation,Wind Offshore,2026-08-09T11:25:52Z
2026-08-09T11:15:09Z,2026-08-09T13:15:09+0200,e7e504e8-2603-4a3b-a199-89117103e6be,2026-08-04T00:45:00Z,2026-08-04T02:45:00+0200,525.607,MW,DK1,DK_1,actual_offshore_wind_generation,Wind Offshore,2026-08-09T11:25:52Z
2026-08-09T11:15:09Z,2026-08-09T13:15:09+0200,e7e504e8-2603-4a3b-a199-89117103e6be,2026-08-04T01:00:00Z,2026-08-04T03:00:00+0200,571.632,MW,DK1,DK_1,actual_offshore_wind_generation,Wind Offshore,2026-08-09T11:25:52Z
2026-08-09T11:15:09Z,2026-08-09T13:15:09+0200,e7e504e8-2603-4a3b-a199-89117103e6be,2026-08-04T01:15:00Z,2026-08-04T03:15:00+0200,599.589,MW,DK1,DK_1,actual_offshore_wind_generation,Wind Offshore,2026-08-09T11:25:52Z
2026-08-09T11:15:09Z,2026-08-09T13:15:09+0200,e7e504e8-2603-4a3b-a199-89117103e6be,2026-08-04T01:30:00Z,2026-08-04T03:30:00+0200,597.313,MW,DK1,DK_1,actual_offshore_wind_generation,Wind Offshore,2026-08-09T11:25:52Z
2026-08-09T11:15:09Z,2026-08-09T13:15:09+0200,e7e504e8-2603-4a3b-a199-89117103e6be,2026-08-04T01:45:00Z,2026-08-04T03:45:00+0200,626.787,MW,DK1,DK_1,actual_offshore_wind_generation,Wind Offshore,2026-08-09T11:25:52Z
2026-08-09T11:15:09Z,2026-08-09T13:15:09+0200,e7e504e8-2603-4a3b-a199-89117103e6be,2026-08-04T02:00:00Z,2026-08-04T04:00:00+0200,640.17,MW,DK1,DK_1,actual_offshore_wind_generation,Wind Offshore,2026-08-09T11:25:52Z
2026-08-09T11:15:09Z,2026-08-09T13:15:09+0200,e7e504e8-2603-4a3b-a199-89117103e6be,2026-08-04T02:15:00Z,2026-08-04T04:15:00+0200,667.12,MW,DK1,DK_1,actual_offshore_wind_generation,Wind Offshore,2026-08-09T11:25:52Z
2026-08-09T11:15:09Z,2026-08-09T13:15:09+0200,e7e504e8-2603-4a3b-a199-89117103e6be,2026-08-04T02:30:00Z,2026-08-04T04:30:00+0200,669.771,MW,DK1,DK_1,actual_offshore_wind_generation,Wind Offshore,2026-08-09T11:25:52Z
2026-08-09T11:15:09Z,2026-08-09T13:15:09+0200,e7e504e8-2603-4a3b-a199-89117103e6be,2026-08-04T02:45:00Z,2026-08-04T04:45:00+0200,679.747,MW,DK1,DK_1,actual_offshore_wind_generation,Wind Offshore,2026-08-09T11:25:52Z
2026-08-09T11:15:09Z,2026-08-09T13:15:09+0200,e7e504e8-2603-4a3b-a199-89117103e6be,2026-08-04T03:00:00Z,2026-08-04T05:00:00+0200,719.191,MW,DK1,DK_1,actual_offshore_wind_generation,Wind Offshore,2026-08-09T11:25:52Z
2026-08-09T11:15:09Z,2026-08-09T13:15:09+0200,e7e504e8-2603-4a3b-a199-89117103e6be,2026-08-04T03:15:00Z,2026-08-04T05:15:00+0200,800.65,MW,DK1,DK_1,actual_offshore_wind_generation,Wind Offshore,2026-08-09T11:25:52Z
2026-08-09T11:15:09Z,2026-08-09T13:15:09+0200,e7e504e8-2603-4a3b-a199-89117103e6be,2026-08-04T03:30:00Z,2026-08-04T05:30:00+0200,891.544,MW,DK1,DK_1,actual_offshore_wind_generation,Wind Offshore,2026-08-09T11:25:52Z
2026-08-09T11:15:09Z,2026-08-09T13:15:09+0200,e7e504e8-2603-4a3b-a199-89117103e6be,2026-08-04T03:45:00Z,2026-08-04T05:45:00+0200,906.438,MW,DK1,DK_1,actual_offshore_wind_generation,Wind Offshore,2026-08-09T11:25:52Z
2026-08-09T11:15:09Z,2026-08-09T13:15:09+0200,e7e504e8-2603-4a3b-a199-89117103e6be,2026-08-04T04:00:00Z,2026-08-04T06:00:00+0200,918.431,MW,DK1,DK_1,actual_offshore_wind_generation,Wind Offshore,2026-08-09T11:25:52Z
2026-08-09T11:15:09Z,2026-08-09T13:15:09+0200,e7e504e8-2603-4a3b-a199-89117103e6be,2026-08-04T04:15:00Z,2026-08-04T06:15:00+0200,949.499,MW,DK1,DK_1,actual_offshore_wind_generation,Wind Offshore,2026-08-09T11:25:52Z
2026-08-09T11:15:09Z,2026-08-09T13:15:09+0200,e7e504e8-2603-4a3b-a199-89117103e6be,2026-08-04T04:30:00Z,2026-08-04T06:30:00+0200,973.868,MW,DK1,DK_1,actual_offshore_wind_generation,Wind Offshore,2026-08-09T11:25:52Z
2026-08-09T11:15:09Z,2026-08-09T13:15:09+0200,e7e504e8-2603-4a3b-a199-89117103e6be,2026-08-04T04:45:00Z,2026-08-04T06:45:00+0200,1003.65,MW,DK1,DK_1,actual_offshore_wind_generation,Wind Offshore,2026-08-09T11:25:52Z
2026-08-09T11:15:09Z,2026-08-09T13:15:09+0200,e7e504e8-2603-4a3b-a199-89117103e6be,2026-08-04T05:00:00Z,2026-08-04T07:00:00+0200,1018.63,MW,DK1,DK_1,actual_offshore_wind_generation,Wind Offshore,2026-08-09T11:25:52Z
2026-08-09T11:15:09Z,2026-08-09T13:15:09+0200,e7e504e8-2603-4a3b-a199-89117103e6be,2026-08-04T05:15:00Z,2026-08-04T07:15:00+0200,1023.12,MW,DK1,DK_1,actual_offshore_wind_generation,Wind Offshore,2026-08-09T11:25:52Z
2026-08-09T11:15:09Z,2026-08-09T13:15:09+0200,e7e504e8-2603-4a3b-a199-89117103e6be,2026-08-04T05:30:00Z,2026-08-04T07:30:00+0200,1015.73,MW,DK1,DK_1,actual_offshore_wind_generation,Wind Offshore,2026-08-09T11:25:52Z
2026-08-09T11:15:09Z,2026-08-09T13:15:09+0200,e7e504e8-2603-4a3b-a199-89117103e6be,2026-08-04T05:45:00Z,2026-08-04T07:45:00+0200,1033.86,MW,DK1,DK_1,actual_offshore_wind_generation,Wind Offshore,2026-08-09T11:25:52Z
2026-08-09T11:15:09Z,2026-08-09T13:15:09+0200,e7e504e8-2603-4a3b-a199-89117103e6be,2026-08-04T06:00:00Z,2026-08-04T08:00:00+0200,1058.42,MW,DK1,DK_1,actual_offshore_wind_generation,Wind Offshore,2026-08-09T11:25:52Z
2026-08-09T11:15:09Z,2026-08-09T13:15:09+0200,e7e504e8-2603-4a3b-a199-89117103e6be,2026-08-04T06:15:00Z,2026-08-04T08:15:00+0200,1053.98,MW,DK1,DK_1,actual_offshore_wind_generation,Wind Offshore,2026-08-09T11:25:52Z
2026-08-09T11:15:09Z,2026-08-09T13:15:09+0200,e7e504e8-2603-4a3b-a199-89117103e6be,2026-08-04T06:30:00Z,2026-08-04T08:30:00+0200,1053.11,MW,DK1,DK_1,actual_offshore_wind_generation,Wind Offshore,2026-08-09T11:25:52Z
2026-08-09T11:15:09Z,2026-08-09T13:15:09+0200,e7e504e8-2603-4a3b-a199-89117103e6be,2026-08-04T06:45:00Z,2026-08-04T08:45:00+0200,1073.37,MW,DK1,DK_1,actual_offshore_wind_generation,Wind Offshore,2026-08-09T11:25:52Z
2026-08-09T11:15:09Z,2026-08-09T13:15:09+0200,e7e504e8-2603-4a3b-a199-89117103e6be,2026-08-04T07:00:00Z,2026-08-04T09:00:00+0200,1100.24,MW,DK1,DK_1,actual_offshore_wind_generation,Wind Offshore,2026-08-09T11:25:52Z
2026-08-09T11:15:09Z,2026-08-09T13:15:09+0200,e7e504e8-2603-4a3b-a199-89117103e6be,2026-08-04T07:15:00Z,2026-08-04T09:15:00+0200,1090.94,MW,DK1,DK_1,actual_offshore_wind_generation,Wind Offshore,2026-08-09T11:25:52Z
2026-08-09T11:15:09Z,2026-08-09T13:15:09+0200,e7e504e8-2603-4a3b-a199-89117103e6be,2026-08-04T07:30:00Z,2026-08-04T09:30:00+0200,1101.83,MW,DK1,DK_1,actual_offshore_wind_generation,Wind Offshore,2026-08-09T11:25:52Z
2026-08-09T11:15:09Z,2026-08-09T13:15:09+0200,e7e504e8-2603-4a3b-a199-89117103e6be,2026-08-04T07:45:00Z,2026-08-04T09:45:00+0200,1121.7,MW,DK1,DK_1,actual_offshore_wind_generation,Wind Offshore,2026-08-09T11:25:52Z
2026-08-09T11:15:09Z,2026-08-09T13:15:09+0200,e7e504e8-2603-4a3b-a199-89117103e6be,2026-08-04T08:00:00Z,2026-08-04T10:00:00+0200,1128.31,MW,DK1,DK_1,actual_offshore_wind_generation,Wind Offshore,2026-08-09T11:25:52Z
2026-08-09T11:15:09Z,2026-08-09T13:15:09+0200,e7e504e8-2603-4a3b-a199-89117103e6be,2026-08-04T08:15:00Z,2026-08-04T10:15:00+0200,1135.09,MW,DK1,DK_1,actual_offshore_wind_generation,Wind Offshore,2026-08-09T11:25:52Z
2026-08-09T11:15:09Z,2026-08-09T13:15:09+0200,e7e504e8-2603-4a3b-a199-89117103e6be,2026-08-04T08:30:00Z,2026-08-04T10:30:00+0200,1142.22,MW,DK1,DK_1,actual_offshore_wind_generation,Wind Offshore,2026-08-09T11:25:52Z
2026-08-09T11:15:09Z,2026-08-09T13:15:09+0200,e7e504e8-2603-4a3b-a199-89117103e6be,2026-08-04T08:45:00Z,2026-08-04T10:45:00+0200,1144.93,MW,DK1,DK_1,actual_offshore_wind_generation,Wind Offshore,2026-08-09T11:25:52Z
2026-08-09T11:15:09Z,2026-08-09T13:15:09+0200,e7e504e8-2603-4a3b-a199-89117103e6be,2026-08-04T09:00:00Z,2026-08-04T11:00:00+0200,1170.52,MW,DK1,DK_1,actual_offshore_wind_generation,Wind Offshore,2026-08-09T11:25:52Z
2026-08-09T11:15:09Z,2026-08-09T13:15:09+0200,e7e504e8-2603-4a3b-a199-89117103e6be,2026-08-04T09:15:00Z,2026-08-04T11:15:00+0200,1196.83,MW,DK1,DK_1,actual_offshore_wind_generation,Wind Offshore,2026-08-09T11:25:52Z
2026-08-09T11:15:09Z,2026-08-09T13:15:09+0200,e7e504e8-2603-4a3b-a199-89117103e6be,2026-08-04T09:30:00Z,2026-08-04T11:30:00+0200,1193.65,MW,DK1,DK_1,actual_offshore_wind_generation,Wind Offshore,2026-08-09T11:25:52Z
2026-08-09T11:15:09Z,2026-08-09T13:15:09+0200,e7e504e8-2603-4a3b-a199-89117103e6be,2026-08-04T09:45:00Z,2026-08-04T11:45:00+0200,1240.12,MW,DK1,DK_1,actual_offshore_wind_generation,Wind Offshore,2026-08-09T11:25:52Z
2026-08-09T11:15:09Z,2026-08-09T13:15:09+0200,e7e504e8-2603-4a3b-a199-89117103e6be,2026-08-04T10:00:00Z,2026-08-04T12:00:00+0200,1230.24,MW,DK1,DK_1,actual_offshore_wind_generation,Wind Offshore,2026-08-09T11:25:52Z
2026-08-09T11:15:09Z,2026-08-09T13:15:09+0200,e7e504e8-2603-4a3b-a199-89117103e6be,2026-08-04T10:15:00Z,2026-08-04T12:15:00+0200,1157.57,MW,DK1,DK_1,actual_offshore_wind_generation,Wind Offshore,2026-08-09T11:25:52Z
2026-08-09T11:15:09Z,2026-08-09T13:15:09+0200,e7e504e8-2603-4a3b-a199-89117103e6be,2026-08-04T10:30:00Z,2026-08-04T12:30:00+0200,1136.03,MW,DK1,DK_1,actual_offshore_wind_generation,Wind Offshore,2026-08-09T11:25:52Z
2026-08-09T11:15:09Z,2026-08-09T13:15:09+0200,e7e504e8-2603-4a3b-a199-89117103e6be,2026-08-04T10:45:00Z,2026-08-04T12:45:00+0200,1109.38,MW,DK1,DK_1,actual_offshore_wind_generation,Wind Offshore,2026-08-09T11:25:52Z
2026-08-09T11:15:09Z,2026-08-09T13:15:09+0200,e7e504e8-2603-4a3b-a199-89117103e6be,2026-08-04T11:00:00Z,2026-08-04T13:00:00+0200,1101.69,MW,DK1,DK_1,actual_offshore_wind_generation,Wind Offshore,2026-08-09T11:25:52Z
2026-08-09T11:15:09Z,2026-08-09T13:15:09+0200,e7e504e8-2603-4a3b-a199-89117103e6be,2026-08-04T11:15:00Z,2026-08-04T13:15:00+0200,1031.17,MW,DK1,DK_1,actual_offshore_wind_generation,Wind Offshore,2026-08-09T11:25:52Z
2026-08-09T11:15:09Z,2026-08-09T13:15:09+0200,e7e504e8-2603-4a3b-a199-89117103e6be,2026-08-04T11:30:00Z,2026-08-04T13:30:00+0200,1011.26,MW,DK1,DK_1,actual_offshore_wind_generation,Wind Offshore,2026-08-09T11:25:52Z
2026-08-09T11:15:09Z,2026-08-09T13:15:09+0200,e7e504e8-2603-4a3b-a199-89117103e6be,2026-08-04T11:45:00Z,2026-08-04T13:45:00+0200,1023.13,MW,DK1,DK_1,actual_offshore_wind_generation,Wind Offshore,2026-08-09T11:25:52Z
2026-08-09T11:15:09Z,2026-08-09T13:15:09+0200,e7e504e8-2603-4a3b-a199-89117103e6be,2026-08-04T12:00:00Z,2026-08-04T14:00:00+0200,998.798,MW,DK1,DK_1,actual_offshore_wind_generation,Wind Offshore,2026-08-09T11:25:52Z
2026-08-09T11:15:09Z,2026-08-09T13:15:09+0200,e7e504e8-2603-4a3b-a199-89117103e6be,2026-08-04T12:15:00Z,2026-08-04T14:15:00+0200,938.252,MW,DK1,DK_1,actual_offshore_wind_generation,Wind Offshore,2026-08-09T11:25:52Z
2026-08-09T11:15:09Z,2026-08-09T13:15:09+0200,e7e504e8-2603-4a3b-a199-89117103e6be,2026-08-04T12:30:00Z,2026-08-04T14:30:00+0200,898.874,MW,DK1,DK_1,actual_offshore_wind_generation,Wind Offshore,2026-08-09T11:25:52Z
2026-08-09T11:15:09Z,2026-08-09T13:15:09+0200,e7e504e8-2603-4a3b-a199-89117103e6be,2026-08-04T12:45:00Z,2026-08-04T14:45:00+0200,772.282,MW,DK1,DK_1,actual_offshore_wind_generation,Wind Offshore,2026-08-09T11:25:52Z
2026-08-09T11:15:09Z,2026-08-09T13:15:09+0200,e7e504e8-2603-4a3b-a199-89117103e6be,2026-08-04T13:00:00Z,2026-08-04T15:00:00+0200,750.222,MW,DK1,DK_1,actual_offshore_wind_generation,Wind Offshore,2026-08-09T11:25:52Z
2026-08-09T11:15:09Z,2026-08-09T13:15:09+0200,e7e504e8-2603-4a3b-a199-89117103e6be,2026-08-04T13:15:00Z,2026-08-04T15:15:00+0200,814.447,MW,DK1,DK_1,actual_offshore_wind_generation,Wind Offshore,2026-08-09T11:25:52Z
2026-08-09T11:15:09Z,2026-08-09T13:15:09+0200,e7e504e8-2603-4a3b-a199-89117103e6be,2026-08-04T13:30:00Z,2026-08-04T15:30:00+0200,919.994,MW,DK1,DK_1,actual_offshore_wind_generation,Wind Offshore,2026-08-09T11:25:52Z
2026-08-09T11:15:09Z,2026-08-09T13:15:09+0200,e7e504e8-2603-4a3b-a199-89117103e6be,2026-08-04T13:45:00Z,2026-08-04T15:45:00+0200,984.137,MW,DK1,DK_1,actual_offshore_wind_generation,Wind Offshore,2026-08-09T11:25:52Z
2026-08-09T11:15:09Z,2026-08-09T13:15:09+0200,e7e504e8-2603-4a3b-a199-89117103e6be,2026-08-04T14:00:00Z,2026-08-04T16:00:00+0200,993.835,MW,DK1,DK_1,actual_offshore_wind_generation,Wind Offshore,2026-08-09T11:25:52Z
2026-08-09T11:15:09Z,2026-08-09T13:15:09+0200,e7e504e8-2603-4a3b-a199-89117103e6be,2026-08-04T14:15:00Z,2026-08-04T16:15:00+0200,957.331,MW,DK1,DK_1,actual_offshore_wind_generation,Wind Offshore,2026-08-09T11:25:52Z
2026-08-09T11:15:09Z,2026-08-09T13:15:09+0200,e7e504e8-2603-4a3b-a199-89117103e6be,2026-08-04T14:30:00Z,2026-08-04T16:30:00+0200,925.405,MW,DK1,DK_1,actual_offshore_wind_generation,Wind Offshore,2026-08-09T11:25:52Z
2026-08-09T11:15:09Z,2026-08-09T13:15:09+0200,e7e504e8-2603-4a3b-a199-89117103e6be,2026-08-04T14:45:00Z,2026-08-04T16:45:00+0200,938.821,MW,DK1,DK_1,actual_offshore_wind_generation,Wind Offshore,2026-08-09T11:25:52Z
2026-08-09T11:15:09Z,2026-08-09T13:15:09+0200,e7e504e8-2603-4a3b-a199-89117103e6be,2026-08-04T15:00:00Z,2026-08-04T17:00:00+0200,941.452,MW,DK1,DK_1,actual_offshore_wind_generation,Wind Offshore,2026-08-09T11:25:52Z
2026-08-09T11:15:09Z,2026-08-09T13:15:09+0200,e7e504e8-2603-4a3b-a199-89117103e6be,2026-08-04T15:15:00Z,2026-08-04T17:15:00+0200,986.17,MW,DK1,DK_1,actual_offshore_wind_generation,Wind Offshore,2026-08-09T11:25:52Z
2026-08-09T11:15:09Z,2026-08-09T13:15:09+0200,e7e504e8-2603-4a3b-a199-89117103e6be,2026-08-04T15:30:00Z,2026-08-04T17:30:00+0200,1022.35,MW,DK1,DK_1,actual_offshore_wind_generation,Wind Offshore,2026-08-09T11:25:52Z
2026-08-09T11:15:09Z,2026-08-09T13:15:09+0200,e7e504e8-2603-4a3b-a199-89117103e6be,2026-08-04T15:45:00Z,2026-08-04T17:45:00+0200,1009.18,MW,DK1,DK_1,actual_offshore_wind_generation,Wind Offshore,2026-08-09T11:25:52Z
2026-08-09T11:15:09Z,2026-08-09T13:15:09+0200,e7e504e8-2603-4a3b-a199-89117103e6be,2026-08-04T16:00:00Z,2026-08-04T18:00:00+0200,1020.54,MW,DK1,DK_1,actual_offshore_wind_generation,Wind Offshore,2026-08-09T11:25:52Z
2026-08-09T11:15:09Z,2026-08-09T13:15:09+0200,e7e504e8-2603-4a3b-a199-89117103e6be,2026-08-04T16:15:00Z,2026-08-04T18:15:00+0200,1027.24,MW,DK1,DK_1,actual_offshore_wind_generation,Wind Offshore,2026-08-09T11:25:52Z
2026-08-09T11:15:09Z,2026-08-09T13:15:09+0200,e7e504e8-2603-4a3b-a199-89117103e6be,2026-08-04T16:30:00Z,2026-08-04T18:30:00+0200,1015.01,MW,DK1,DK_1,actual_offshore_wind_generation,Wind Offshore,2026-08-09T11:25:52Z
2026-08-09T11:15:09Z,2026-08-09T13:15:09+0200,e7e504e8-2603-4a3b-a199-89117103e6be,2026-08-04T16:45:00Z,2026-08-04T18:45:00+0200,992.044,MW,DK1,DK_1,actual_offshore_wind_generation,Wind Offshore,2026-08-09T11:25:52Z
2026-08-09T11:15:09Z,2026-08-09T13:15:09+0200,e7e504e8-2603-4a3b-a199-89117103e6be,2026-08-04T17:00:00Z,2026-08-04T19:00:00+0200,1023.95,MW,DK1,DK_1,actual_offshore_wind_generation,Wind Offshore,2026-08-09T11:25:52Z
2026-08-09T11:15:09Z,2026-08-09T13:15:09+0200,e7e504e8-2603-4a3b-a199-89117103e6be,2026-08-04T17:15:00Z,2026-08-04T19:15:00+0200,1036.53,MW,DK1,DK_1,actual_offshore_wind_generation,Wind Offshore,2026-08-09T11:25:52Z
2026-08-09T11:15:09Z,2026-08-09T13:15:09+0200,e7e504e8-2603-4a3b-a199-89117103e6be,2026-08-04T17:30:00Z,2026-08-04T19:30:00+0200,944.093,MW,DK1,DK_1,actual_offshore_wind_generation,Wind Offshore,2026-08-09T11:25:52Z
2026-08-09T11:15:09Z,2026-08-09T13:15:09+0200,e7e504e8-2603-4a3b-a199-89117103e6be,2026-08-04T17:45:00Z,2026-08-04T19:45:00+0200,836.826,MW,DK1,DK_1,actual_offshore_wind_generation,Wind Offshore,2026-08-09T11:25:52Z
2026-08-09T11:15:09Z,2026-08-09T13:15:09+0200,e7e504e8-2603-4a3b-a199-89117103e6be,2026-08-04T18:00:00Z,2026-08-04T20:00:00+0200,782.362,MW,DK1,DK_1,actual_offshore_wind_generation,Wind Offshore,2026-08-09T11:25:52Z
2026-08-09T11:15:09Z,2026-08-09T13:15:09+0200,e7e504e8-2603-4a3b-a199-89117103e6be,2026-08-04T18:15:00Z,2026-08-04T20:15:00+0200,731.751,MW,DK1,DK_1,actual_offshore_wind_generation,Wind Offshore,2026-08-09T11:25:52Z
2026-08-09T11:15:09Z,2026-08-09T13:15:09+0200,e7e504e8-2603-4a3b-a199-89117103e6be,2026-08-04T18:30:00Z,2026-08-04T20:30:00+0200,730.105,MW,DK1,DK_1,actual_offshore_wind_generation,Wind Offshore,2026-08-09T11:25:52Z
2026-08-09T11:15:09Z,2026-08-09T13:15:09+0200,e7e504e8-2603-4a3b-a199-89117103e6be,2026-08-04T18:45:00Z,2026-08-04T20:45:00+0200,775.557,MW,DK1,DK_1,actual_offshore_wind_generation,Wind Offshore,2026-08-09T11:25:52Z
2026-08-09T11:15:09Z,2026-08-09T13:15:09+0200,e7e504e8-2603-4a3b-a199-89117103e6be,2026-08-04T19:00:00Z,2026-08-04T21:00:00+0200,744.068,MW,DK1,DK_1,actual_offshore_wind_generation,Wind Offshore,2026-08-09T11:25:52Z
2026-08-09T11:15:09Z,2026-08-09T13:15:09+0200,e7e504e8-2603-4a3b-a199-89117103e6be,2026-08-04T19:15:00Z,2026-08-04T21:15:00+0200,753.99,MW,DK1,DK_1,actual_offshore_wind_generation,Wind Offshore,2026-08-09T11:25:52Z
2026-08-09T11:15:09Z,2026-08-09T13:15:09+0200,e7e504e8-2603-4a3b-a199-89117103e6be,2026-08-04T19:30:00Z,2026-08-04T21:30:00+0200,793.925,MW,DK1,DK_1,actual_offshore_wind_generation,Wind Offshore,2026-08-09T11:25:52Z
2026-08-09T11:15:09Z,2026-08-09T13:15:09+0200,e7e504e8-2603-4a3b-a199-89117103e6be,2026-08-04T19:45:00Z,2026-08-04T21:45:00+0200,847.354,MW,DK1,DK_1,actual_offshore_wind_generation,Wind Offshore,2026-08-09T11:25:52Z
2026-08-09T11:15:09Z,2026-08-09T13:15:09+0200,e7e504e8-2603-4a3b-a199-89117103e6be,2026-08-04T20:00:00Z,2026-08-04T22:00:00+0200,902.483,MW,DK1,DK_1,actual_offshore_wind_generation,Wind Offshore,2026-08-09T11:25:52Z
2026-08-09T11:15:09Z,2026-08-09T13:15:09+0200,e7e504e8-2603-4a3b-a199-89117103e6be,2026-08-04T20:15:00Z,2026-08-04T22:15:00+0200,972.53,MW,DK1,DK_1,actual_offshore_wind_generation,Wind Offshore,2026-08-09T11:25:52Z
2026-08-09T11:15:09Z,2026-08-09T13:15:09+0200,e7e504e8-2603-4a3b-a199-89117103e6be,2026-08-04T20:30:00Z,2026-08-04T22:30:00+0200,1046.61,MW,DK1,DK_1,actual_offshore_wind_generation,Wind Offshore,2026-08-09T11:25:52Z
2026-08-09T11:15:09Z,2026-08-09T13:15:09+0200,e7e504e8-2603-4a3b-a199-89117103e6be,2026-08-04T20:45:00Z,2026-08-04T22:45:00+0200,1074.72,MW,DK1,DK_1,actual_offshore_wind_generation,Wind Offshore,2026-08-09T11:25:52Z
2026-08-09T11:15:09Z,2026-08-09T13:15:09+0200,e7e504e8-2603-4a3b-a199-89117103e6be,2026-08-04T21:00:00Z,2026-08-04T23:00:00+0200,1069.12,MW,DK1,DK_1,actual_offshore_wind_generation,Wind Offshore,2026-08-09T11:25:52Z
2026-08-09T11:15:09Z,2026-08-09T13:15:09+0200,e7e504e8-2603-4a3b-a199-89117103e6be,2026-08-04T21:15:00Z,2026-08-04T23:15:00+0200,987.856,MW,DK1,DK_1,actual_offshore_wind_generation,Wind Offshore,2026-08-09T11:25:52Z
2026-08-09T11:15:09Z,2026-08-09T13:15:09+0200,e7e504e8-2603-4a3b-a199-89117103e6be,2026-08-04T21:30:00Z,2026-08-04T23:30:00+0200,879.55,MW,DK1,DK_1,actual_offshore_wind_generation,Wind Offshore,2026-08-09T11:25:52Z
2026-08-09T11:15:09Z,2026-08-09T13:15:09+0200,e7e504e8-2603-4a3b-a199-89117103e6be,2026-08-04T21:45:00Z,2026-08-04T23:45:00+0200,740.353,MW,DK1,DK_1,actual_offshore_wind_generation,Wind Offshore,2026-08-09T11:25:52Z
2026-08-09T11:15:09Z,2026-08-09T13:15:09+0200,e7e504e8-2603-4a3b-a199-89117103e6be,2026-08-04T22:00:00Z,2026-08-05T00:00:00+0200,662.857,MW,DK1,DK_1,actual_offshore_wind_generation,Wind Offshore,2026-08-09T11:25:52Z
2026-08-09T11:15:09Z,2026-08-09T13:15:09+0200,e7e504e8-2603-4a3b-a199-89117103e6be,2026-08-04T22:15:00Z,2026-08-05T00:15:00+0200,717.429,MW,DK1,DK_1,actual_offshore_wind_generation,Wind Offshore,2026-08-09T11:25:52Z
2026-08-09T11:15:09Z,2026-08-09T13:15:09+0200,e7e504e8-2603-4a3b-a199-89117103e6be,2026-08-04T22:30:00Z,2026-08-05T00:30:00+0200,754.458,MW,DK1,DK_1,actual_offshore_wind_generation,Wind Offshore,2026-08-09T11:25:52Z
2026-08-09T11:15:09Z,2026-08-09T13:15:09+0200,e7e504e8-2603-4a3b-a199-89117103e6be,2026-08-04T22:45:00Z,2026-08-05T00:45:00+0200,794.557,MW,DK1,DK_1,actual_offshore_wind_generation,Wind Offshore,2026-08-09T11:25:52Z
2026-08-09T11:15:09Z,2026-08-09T13:15:09+0200,e7e504e8-2603-4a3b-a199-89117103e6be,2026-08-04T23:00:00Z,2026-08-05T01:00:00+0200,940.476,MW,DK1,DK_1,actual_offshore_wind_generation,Wind Offshore,2026-08-09T11:25:52Z
2026-08-09T11:15:09Z,2026-08-09T13:15:09+0200,e7e504e8-2603-4a3b-a199-89117103e6be,2026-08-04T23:15:00Z,2026-08-05T01:15:00+0200,790.593,MW,DK1,DK_1,actual_offshore_wind_generation,Wind Offshore,2026-08-09T11:25:52Z
2026-08-09T11:15:09Z,2026-08-09T13:15:09+0200,e7e504e8-2603-4a3b-a199-89117103e6be,2026-08-04T23:30:00Z,2026-08-05T01:30:00+0200,819.329,MW,DK1,DK_1,actual_offshore_wind_generation,Wind Offshore,2026-08-09T11:25:52Z
2026-08-09T11:15:09Z,2026-08-09T13:15:09+0200,e7e504e8-2603-4a3b-a199-89117103e6be,2026-08-04T23:45:00Z,2026-08-05T01:45:00+0200,823.012,MW,DK1,DK_1,actual_offshore_wind_generation,Wind Offshore,2026-08-09T11:25:52Z
2026-08-09T11:15:09Z,2026-08-09T13:15:09+0200,e7e504e8-2603-4a3b-a199-89117103e6be,2026-08-05T00:00:00Z,2026-08-05T02:00:00+0200,768.013,MW,DK1,DK_1,actual_offshore_wind_generation,Wind Offshore,2026-08-09T11:25:52Z
2026-08-09T11:15:09Z,2026-08-09T13:15:09+0200,e7e504e8-2603-4a3b-a199-89117103e6be,2026-08-05T00:15:00Z,2026-08-05T02:15:00+0200,803.022,MW,DK1,DK_1,actual_offshore_wind_generation,Wind Offshore,2026-08-09T11:25:52Z
2026-08-09T11:15:09Z,2026-08-09T13:15:09+0200,e7e504e8-2603-4a3b-a199-89117103e6be,2026-08-05T00:30:00Z,2026-08-05T02:30:00+0200,841.745,MW,DK1,DK_1,actual_offshore_wind_generation,Wind Offshore,2026-08-09T11:25:52Z
2026-08-09T11:15:09Z,2026-08-09T13:15:09+0200,e7e504e8-2603-4a3b-a199-89117103e6be,2026-08-05T00:45:00Z,2026-08-05T02:45:00+0200,820.725,MW,DK1,DK_1,actual_offshore_wind_generation,Wind Offshore,2026-08-09T11:25:52Z
2026-08-09T11:15:09Z,2026-08-09T13:15:09+0200,e7e504e8-2603-4a3b-a199-89117103e6be,2026-08-05T01:00:00Z,2026-08-05T03:00:00+0200,711.189,MW,DK1,DK_1,actual_offshore_wind_generation,Wind Offshore,2026-08-09T11:25:52Z
2026-08-09T11:15:09Z,2026-08-09T13:15:09+0200,e7e504e8-2603-4a3b-a199-89117103e6be,2026-08-05T01:15:00Z,2026-08-05T03:15:00+0200,725.71,MW,DK1,DK_1,actual_offshore_wind_generation,Wind Offshore,2026-08-09T11:25:52Z
2026-08-09T11:15:09Z,2026-08-09T13:15:09+0200,e7e504e8-2603-4a3b-a199-89117103e6be,2026-08-05T01:30:00Z,2026-08-05T03:30:00+0200,713.241,MW,DK1,DK_1,actual_offshore_wind_generation,Wind Offshore,2026-08-09T11:25:52Z
2026-08-09T11:15:09Z,2026-08-09T13:15:09+0200,e7e504e8-2603-4a3b-a199-89117103e6be,2026-08-05T01:45:00Z,2026-08-05T03:45:00+0200,550.782,MW,DK1,DK_1,actual_offshore_wind_generation,Wind Offshore,2026-08-09T11:25:52Z
2026-08-09T11:15:09Z,2026-08-09T13:15:09+0200,e7e504e8-2603-4a3b-a199-89117103e6be,2026-08-05T02:00:00Z,2026-08-05T04:00:00+0200,491.661,MW,DK1,DK_1,actual_offshore_wind_generation,Wind Offshore,2026-08-09T11:25:52Z
2026-08-09T11:15:09Z,2026-08-09T13:15:09+0200,e7e504e8-2603-4a3b-a199-89117103e6be,2026-08-05T02:15:00Z,2026-08-05T04:15:00+0200,332.586,MW,DK1,DK_1,actual_offshore_wind_generation,Wind Offshore,2026-08-09T11:25:52Z
2026-08-09T11:15:09Z,2026-08-09T13:15:09+0200,e7e504e8-2603-4a3b-a199-89117103e6be,2026-08-05T02:30:00Z,2026-08-05T04:30:00+0200,327.056,MW,DK1,DK_1,actual_offshore_wind_generation,Wind Offshore,2026-08-09T11:25:52Z
2026-08-09T11:15:09Z,2026-08-09T13:15:09+0200,e7e504e8-2603-4a3b-a199-89117103e6be,2026-08-05T02:45:00Z,2026-08-05T04:45:00+0200,376.885,MW,DK1,DK_1,actual_offshore_wind_generation,Wind Offshore,2026-08-09T11:25:52Z
2026-08-09T11:15:09Z,2026-08-09T13:15:09+0200,e7e504e8-2603-4a3b-a199-89117103e6be,2026-08-05T03:00:00Z,2026-08-05T05:00:00+0200,440.523,MW,DK1,DK_1,actual_offshore_wind_generation,Wind Offshore,2026-08-09T11:25:52Z
2026-08-09T11:15:09Z,2026-08-09T13:15:09+0200,e7e504e8-2603-4a3b-a199-89117103e6be,2026-08-05T03:15:00Z,2026-08-05T05:15:00+0200,518.526,MW,DK1,DK_1,actual_offshore_wind_generation,Wind Offshore,2026-08-09T11:25:52Z
2026-08-09T11:15:09Z,2026-08-09T13:15:09+0200,e7e504e8-2603-4a3b-a199-89117103e6be,2026-08-05T03:30:00Z,2026-08-05T05:30:00+0200,622.567,MW,DK1,DK_1,actual_offshore_wind_generation,Wind Offshore,2026-08-09T11:25:52Z
2026-08-09T11:15:09Z,2026-08-09T13:15:09+0200,e7e504e8-2603-4a3b-a199-89117103e6be,2026-08-05T03:45:00Z,2026-08-05T05:45:00+0200,677.745,MW,DK1,DK_1,actual_offshore_wind_generation,Wind Offshore,2026-08-09T11:25:52Z
2026-08-09T11:15:09Z,2026-08-09T13:15:09+0200,e7e504e8-2603-4a3b-a199-89117103e6be,2026-08-05T04:00:00Z,2026-08-05T06:00:00+0200,740.614,MW,DK1,DK_1,actual_offshore_wind_generation,Wind Offshore,2026-08-09T11:25:52Z
2026-08-09T11:15:09Z,2026-08-09T13:15:09+0200,e7e504e8-2603-4a3b-a199-89117103e6be,2026-08-05T04:15:00Z,2026-08-05T06:15:00+0200,774.574,MW,DK1,DK_1,actual_offshore_wind_generation,Wind Offshore,2026-08-09T11:25:52Z
2026-08-09T11:15:09Z,2026-08-09T13:15:09+0200,e7e504e8-2603-4a3b-a199-89117103e6be,2026-08-05T04:30:00Z,2026-08-05T06:30:00+0200,808.708,MW,DK1,DK_1,actual_offshore_wind_generation,Wind Offshore,2026-08-09T11:25:52Z
2026-08-09T11:15:09Z,2026-08-09T13:15:09+0200,e7e504e8-2603-4a3b-a199-89117103e6be,2026-08-05T04:45:00Z,2026-08-05T06:45:00+0200,832.787,MW,DK1,DK_1,actual_offshore_wind_generation,Wind Offshore,2026-08-09T11:25:52Z
2026-08-09T11:15:09Z,2026-08-09T13:15:09+0200,e7e504e8-2603-4a3b-a199-89117103e6be,2026-08-05T05:00:00Z,2026-08-05T07:00:00+0200,859.965,MW,DK1,DK_1,actual_offshore_wind_generation,Wind Offshore,2026-08-09T11:25:52Z
2026-08-09T11:15:09Z,2026-08-09T13:15:09+0200,e7e504e8-2603-4a3b-a199-89117103e6be,2026-08-05T05:15:00Z,2026-08-05T07:15:00+0200,851.506,MW,DK1,DK_1,actual_offshore_wind_generation,Wind Offshore,2026-08-09T11:25:52Z
2026-08-09T11:15:09Z,2026-08-09T13:15:09+0200,e7e504e8-2603-4a3b-a199-89117103e6be,2026-08-05T05:30:00Z,2026-08-05T07:30:00+0200,914.317,MW,DK1,DK_1,actual_offshore_wind_generation,Wind Offshore,2026-08-09T11:25:52Z
2026-08-09T11:15:09Z,2026-08-09T13:15:09+0200,e7e504e8-2603-4a3b-a199-89117103e6be,2026-08-05T05:45:00Z,2026-08-05T07:45:00+0200,949.771,MW,DK1,DK_1,actual_offshore_wind_generation,Wind Offshore,2026-08-09T11:25:52Z
2026-08-09T11:15:09Z,2026-08-09T13:15:09+0200,e7e504e8-2603-4a3b-a199-89117103e6be,2026-08-05T06:00:00Z,2026-08-05T08:00:00+0200,915.545,MW,DK1,DK_1,actual_offshore_wind_generation,Wind Offshore,2026-08-09T11:25:52Z
2026-08-09T11:15:09Z,2026-08-09T13:15:09+0200,e7e504e8-2603-4a3b-a199-89117103e6be,2026-08-05T06:15:00Z,2026-08-05T08:15:00+0200,948.825,MW,DK1,DK_1,actual_offshore_wind_generation,Wind Offshore,2026-08-09T11:25:52Z
2026-08-09T11:15:09Z,2026-08-09T13:15:09+0200,e7e504e8-2603-4a3b-a199-89117103e6be,2026-08-05T06:30:00Z,2026-08-05T08:30:00+0200,983.415,MW,DK1,DK_1,actual_offshore_wind_generation,Wind Offshore,2026-08-09T11:25:52Z
2026-08-09T11:15:09Z,2026-08-09T13:15:09+0200,e7e504e8-2603-4a3b-a199-89117103e6be,2026-08-05T06:45:00Z,2026-08-05T08:45:00+0200,1069.49,MW,DK1,DK_1,actual_offshore_wind_generation,Wind Offshore,2026-08-09T11:25:52Z
2026-08-09T11:15:09Z,2026-08-09T13:15:09+0200,e7e504e8-2603-4a3b-a199-89117103e6be,2026-08-05T07:00:00Z,2026-08-05T09:00:00+0200,1071.11,MW,DK1,DK_1,actual_offshore_wind_generation,Wind Offshore,2026-08-09T11:25:52Z
2026-08-09T11:15:09Z,2026-08-09T13:15:09+0200,e7e504e8-2603-4a3b-a199-89117103e6be,2026-08-05T07:15:00Z,2026-08-05T09:15:00+0200,1067.45,MW,DK1,DK_1,actual_offshore_wind_generation,Wind Offshore,2026-08-09T11:25:52Z
2026-08-09T11:15:09Z,2026-08-09T13:15:09+0200,e7e504e8-2603-4a3b-a199-89117103e6be,2026-08-05T07:30:00Z,2026-08-05T09:30:00+0200,1074.76,MW,DK1,DK_1,actual_offshore_wind_generation,Wind Offshore,2026-08-09T11:25:52Z
2026-08-09T11:15:09Z,2026-08-09T13:15:09+0200,e7e504e8-2603-4a3b-a199-89117103e6be,2026-08-05T07:45:00Z,2026-08-05T09:45:00+0200,1074.94,MW,DK1,DK_1,actual_offshore_wind_generation,Wind Offshore,2026-08-09T11:25:52Z
2026-08-09T11:15:09Z,2026-08-09T13:15:09+0200,e7e504e8-2603-4a3b-a199-89117103e6be,2026-08-05T08:00:00Z,2026-08-05T10:00:00+0200,1142.98,MW,DK1,DK_1,actual_offshore_wind_generation,Wind Offshore,2026-08-09T11:25:52Z
2026-08-09T11:15:09Z,2026-08-09T13:15:09+0200,e7e504e8-2603-4a3b-a199-89117103e6be,2026-08-05T08:15:00Z,2026-08-05T10:15:00+0200,1189.08,MW,DK1,DK_1,actual_offshore_wind_generation,Wind Offshore,2026-08-09T11:25:52Z
2026-08-09T11:15:09Z,2026-08-09T13:15:09+0200,e7e504e8-2603-4a3b-a199-89117103e6be,2026-08-05T08:30:00Z,2026-08-05T10:30:00+0200,1203.48,MW,DK1,DK_1,actual_offshore_wind_generation,Wind Offshore,2026-08-09T11:25:52Z
2026-08-09T11:15:09Z,2026-08-09T13:15:09+0200,e7e504e8-2603-4a3b-a199-89117103e6be,2026-08-05T08:45:00Z,2026-08-05T10:45:00+0200,1245.71,MW,DK1,DK_1,actual_offshore_wind_generation,Wind Offshore,2026-08-09T11:25:52Z
2026-08-09T11:15:09Z,2026-08-09T13:15:09+0200,e7e504e8-2603-4a3b-a199-89117103e6be,2026-08-05T09:00:00Z,2026-08-05T11:00:00+0200,1236.18,MW,DK1,DK_1,actual_offshore_wind_generation,Wind Offshore,2026-08-09T11:25:52Z
2026-08-09T11:15:09Z,2026-08-09T13:15:09+0200,e7e504e8-2603-4a3b-a199-89117103e6be,2026-08-05T09:15:00Z,2026-08-05T11:15:00+0200,1302.18,MW,DK1,DK_1,actual_offshore_wind_generation,Wind Offshore,2026-08-09T11:25:52Z
2026-08-09T11:15:09Z,2026-08-09T13:15:09+0200,e7e504e8-2603-4a3b-a199-89117103e6be,2026-08-05T09:30:00Z,2026-08-05T11:30:00+0200,1205.7,MW,DK1,DK_1,actual_offshore_wind_generation,Wind Offshore,2026-08-09T11:25:52Z
2026-08-09T11:15:09Z,2026-08-09T13:15:09+0200,e7e504e8-2603-4a3b-a199-89117103e6be,2026-08-05T09:45:00Z,2026-08-05T11:45:00+0200,1019.52,MW,DK1,DK_1,actual_offshore_wind_generation,Wind Offshore,2026-08-09T11:25:52Z
2026-08-09T11:15:09Z,2026-08-09T13:15:09+0200,e7e504e8-2603-4a3b-a199-89117103e6be,2026-08-05T10:00:00Z,2026-08-05T12:00:00+0200,1175.34,MW,DK1,DK_1,actual_offshore_wind_generation,Wind Offshore,2026-08-09T11:25:52Z
2026-08-09T11:15:09Z,2026-08-09T13:15:09+0200,e7e504e8-2603-4a3b-a199-89117103e6be,2026-08-05T10:15:00Z,2026-08-05T12:15:00+0200,1210.74,MW,DK1,DK_1,actual_offshore_wind_generation,Wind Offshore,2026-08-09T11:25:52Z
2026-08-09T11:15:09Z,2026-08-09T13:15:09+0200,e7e504e8-2603-4a3b-a199-89117103e6be,2026-08-05T10:30:00Z,2026-08-05T12:30:00+0200,1055.48,MW,DK1,DK_1,actual_offshore_wind_generation,Wind Offshore,2026-08-09T11:25:52Z
2026-08-09T11:15:09Z,2026-08-09T13:15:09+0200,e7e504e8-2603-4a3b-a199-89117103e6be,2026-08-05T10:45:00Z,2026-08-05T12:45:00+0200,1135.66,MW,DK1,DK_1,actual_offshore_wind_generation,Wind Offshore,2026-08-09T11:25:52Z
2026-08-09T11:15:09Z,2026-08-09T13:15:09+0200,e7e504e8-2603-4a3b-a199-89117103e6be,2026-08-05T11:00:00Z,2026-08-05T13:00:00+0200,1256.92,MW,DK1,DK_1,actual_offshore_wind_generation,Wind Offshore,2026-08-09T11:25:52Z
2026-08-09T11:15:09Z,2026-08-09T13:15:09+0200,e7e504e8-2603-4a3b-a199-89117103e6be,2026-08-05T11:15:00Z,2026-08-05T13:15:00+0200,1292.2,MW,DK1,DK_1,actual_offshore_wind_generation,Wind Offshore,2026-08-09T11:25:52Z
2026-08-09T11:15:09Z,2026-08-09T13:15:09+0200,e7e504e8-2603-4a3b-a199-89117103e6be,2026-08-05T11:30:00Z,2026-08-05T13:30:00+0200,1303.42,MW,DK1,DK_1,actual_offshore_wind_generation,Wind Offshore,2026-08-09T11:25:52Z
2026-08-09T11:15:09Z,2026-08-09T13:15:09+0200,e7e504e8-2603-4a3b-a199-89117103e6be,2026-08-05T11:45:00Z,2026-08-05T13:45:00+0200,1323.35,MW,DK1,DK_1,actual_offshore_wind_generation,Wind Offshore,2026-08-09T11:25:52Z
2026-08-09T11:15:09Z,2026-08-09T13:15:09+0200,e7e504e8-2603-4a3b-a199-89117103e6be,2026-08-05T12:00:00Z,2026-08-05T14:00:00+0200,1307.29,MW,DK1,DK_1,actual_offshore_wind_generation,Wind Offshore,2026-08-09T11:25:52Z
2026-08-09T11:15:09Z,2026-08-09T13:15:09+0200,e7e504e8-2603-4a3b-a199-89117103e6be,2026-08-05T12:15:00Z,2026-08-05T14:15:00+0200,1198.37,MW,DK1,DK_1,actual_offshore_wind_generation,Wind Offshore,2026-08-09T11:25:52Z
2026-08-09T11:15:09Z,2026-08-09T13:15:09+0200,e7e504e8-2603-4a3b-a199-89117103e6be,2026-08-05T12:30:00Z,2026-08-05T14:30:00+0200,1227.75,MW,DK1,DK_1,actual_offshore_wind_generation,Wind Offshore,2026-08-09T11:25:52Z
2026-08-09T11:15:09Z,2026-08-09T13:15:09+0200,e7e504e8-2603-4a3b-a199-89117103e6be,2026-08-05T12:45:00Z,2026-08-05T14:45:00+0200,1204.71,MW,DK1,DK_1,actual_offshore_wind_generation,Wind Offshore,2026-08-09T11:25:52Z
2026-08-09T11:15:09Z,2026-08-09T13:15:09+0200,e7e504e8-2603-4a3b-a199-89117103e6be,2026-08-05T13:00:00Z,2026-08-05T15:00:00+0200,1074.23,MW,DK1,DK_1,actual_offshore_wind_generation,Wind Offshore,2026-08-09T11:25:52Z
2026-08-09T11:15:09Z,2026-08-09T13:15:09+0200,e7e504e8-2603-4a3b-a199-89117103e6be,2026-08-05T13:15:00Z,2026-08-05T15:15:00+0200,1043.58,MW,DK1,DK_1,actual_offshore_wind_generation,Wind Offshore,2026-08-09T11:25:52Z
2026-08-09T11:15:09Z,2026-08-09T13:15:09+0200,e7e504e8-2603-4a3b-a199-89117103e6be,2026-08-05T13:30:00Z,2026-08-05T15:30:00+0200,1049.25,MW,DK1,DK_1,actual_offshore_wind_generation,Wind Offshore,2026-08-09T11:25:52Z
2026-08-09T11:15:09Z,2026-08-09T13:15:09+0200,e7e504e8-2603-4a3b-a199-89117103e6be,2026-08-05T13:45:00Z,2026-08-05T15:45:00+0200,1052.74,MW,DK1,DK_1,actual_offshore_wind_generation,Wind Offshore,2026-08-09T11:25:52Z
2026-08-09T11:15:09Z,2026-08-09T13:15:09+0200,e7e504e8-2603-4a3b-a199-89117103e6be,2026-08-05T14:00:00Z,2026-08-05T16:00:00+0200,1014.06,MW,DK1,DK_1,actual_offshore_wind_generation,Wind Offshore,2026-08-09T11:25:52Z
2026-08-09T11:15:09Z,2026-08-09T13:15:09+0200,e7e504e8-2603-4a3b-a199-89117103e6be,2026-08-05T14:15:00Z,2026-08-05T16:15:00+0200,1001.01,MW,DK1,DK_1,actual_offshore_wind_generation,Wind Offshore,2026-08-09T11:25:52Z
2026-08-09T11:15:09Z,2026-08-09T13:15:09+0200,e7e504e8-2603-4a3b-a199-89117103e6be,2026-08-05T14:30:00Z,2026-08-05T16:30:00+0200,1190.18,MW,DK1,DK_1,actual_offshore_wind_generation,Wind Offshore,2026-08-09T11:25:52Z
2026-08-09T11:15:09Z,2026-08-09T13:15:09+0200,e7e504e8-2603-4a3b-a199-89117103e6be,2026-08-05T14:45:00Z,2026-08-05T16:45:00+0200,1233.42,MW,DK1,DK_1,actual_offshore_wind_generation,Wind Offshore,2026-08-09T11:25:52Z
2026-08-09T11:15:09Z,2026-08-09T13:15:09+0200,e7e504e8-2603-4a3b-a199-89117103e6be,2026-08-05T15:00:00Z,2026-08-05T17:00:00+0200,1231.21,MW,DK1,DK_1,actual_offshore_wind_generation,Wind Offshore,2026-08-09T11:25:52Z
2026-08-09T11:15:09Z,2026-08-09T13:15:09+0200,e7e504e8-2603-4a3b-a199-89117103e6be,2026-08-05T15:15:00Z,2026-08-05T17:15:00+0200,1121.34,MW,DK1,DK_1,actual_offshore_wind_generation,Wind Offshore,2026-08-09T11:25:52Z
2026-08-09T11:15:09Z,2026-08-09T13:15:09+0200,e7e504e8-2603-4a3b-a199-89117103e6be,2026-08-05T15:30:00Z,2026-08-05T17:30:00+0200,1199.57,MW,DK1,DK_1,actual_offshore_wind_generation,Wind Offshore,2026-08-09T11:25:52Z
2026-08-09T11:15:09Z,2026-08-09T13:15:09+0200,e7e504e8-2603-4a3b-a199-89117103e6be,2026-08-05T15:45:00Z,2026-08-05T17:45:00+0200,1240.8,MW,DK1,DK_1,actual_offshore_wind_generation,Wind Offshore,2026-08-09T11:25:52Z
2026-08-09T11:15:09Z,2026-08-09T13:15:09+0200,e7e504e8-2603-4a3b-a199-89117103e6be,2026-08-05T16:00:00Z,2026-08-05T18:00:00+0200,1299.98,MW,DK1,DK_1,actual_offshore_wind_generation,Wind Offshore,2026-08-09T11:25:52Z
2026-08-09T11:15:09Z,2026-08-09T13:15:09+0200,e7e504e8-2603-4a3b-a199-89117103e6be,2026-08-05T16:15:00Z,2026-08-05T18:15:00+0200,1258.08,MW,DK1,DK_1,actual_offshore_wind_generation,Wind Offshore,2026-08-09T11:25:52Z
2026-08-09T11:15:09Z,2026-08-09T13:15:09+0200,e7e504e8-2603-4a3b-a199-89117103e6be,2026-08-05T16:30:00Z,2026-08-05T18:30:00+0200,1184.16,MW,DK1,DK_1,actual_offshore_wind_generation,Wind Offshore,2026-08-09T11:25:52Z
2026-08-09T11:15:09Z,2026-08-09T13:15:09+0200,e7e504e8-2603-4a3b-a199-89117103e6be,2026-08-05T16:45:00Z,2026-08-05T18:45:00+0200,1180.64,MW,DK1,DK_1,actual_offshore_wind_generation,Wind Offshore,2026-08-09T11:25:52Z
2026-08-09T11:15:09Z,2026-08-09T13:15:09+0200,e7e504e8-2603-4a3b-a199-89117103e6be,2026-08-05T17:00:00Z,2026-08-05T19:00:00+0200,1162.78,MW,DK1,DK_1,actual_offshore_wind_generation,Wind Offshore,2026-08-09T11:25:52Z
2026-08-09T11:15:09Z,2026-08-09T13:15:09+0200,e7e504e8-2603-4a3b-a199-89117103e6be,2026-08-05T17:15:00Z,2026-08-05T19:15:00+0200,1112.82,MW,DK1,DK_1,actual_offshore_wind_generation,Wind Offshore,2026-08-09T11:25:52Z
2026-08-09T11:15:09Z,2026-08-09T13:15:09+0200,e7e504e8-2603-4a3b-a199-89117103e6be,2026-08-05T17:30:00Z,2026-08-05T19:30:00+0200,1117.12,MW,DK1,DK_1,actual_offshore_wind_generation,Wind Offshore,2026-08-09T11:25:52Z
2026-08-09T11:15:09Z,2026-08-09T13:15:09+0200,e7e504e8-2603-4a3b-a199-89117103e6be,2026-08-05T17:45:00Z,2026-08-05T19:45:00+0200,1038.18,MW,DK1,DK_1,actual_offshore_wind_generation,Wind Offshore,2026-08-09T11:25:52Z
2026-08-09T11:15:09Z,2026-08-09T13:15:09+0200,e7e504e8-2603-4a3b-a199-89117103e6be,2026-08-05T18:00:00Z,2026-08-05T20:00:00+0200,992.073,MW,DK1,DK_1,actual_offshore_wind_generation,Wind Offshore,2026-08-09T11:25:52Z
2026-08-09T11:15:09Z,2026-08-09T13:15:09+0200,e7e504e8-2603-4a3b-a199-89117103e6be,2026-08-05T18:15:00Z,2026-08-05T20:15:00+0200,907.646,MW,DK1,DK_1,actual_offshore_wind_generation,Wind Offshore,2026-08-09T11:25:52Z
2026-08-09T11:15:09Z,2026-08-09T13:15:09+0200,e7e504e8-2603-4a3b-a199-89117103e6be,2026-08-05T18:30:00Z,2026-08-05T20:30:00+0200,868.415,MW,DK1,DK_1,actual_offshore_wind_generation,Wind Offshore,2026-08-09T11:25:52Z
2026-08-09T11:15:09Z,2026-08-09T13:15:09+0200,e7e504e8-2603-4a3b-a199-89117103e6be,2026-08-05T18:45:00Z,2026-08-05T20:45:00+0200,822.393,MW,DK1,DK_1,actual_offshore_wind_generation,Wind Offshore,2026-08-09T11:25:52Z
2026-08-09T11:15:09Z,2026-08-09T13:15:09+0200,e7e504e8-2603-4a3b-a199-89117103e6be,2026-08-05T19:00:00Z,2026-08-05T21:00:00+0200,759.732,MW,DK1,DK_1,actual_offshore_wind_generation,Wind Offshore,2026-08-09T11:25:52Z
2026-08-09T11:15:09Z,2026-08-09T13:15:09+0200,e7e504e8-2603-4a3b-a199-89117103e6be,2026-08-05T19:15:00Z,2026-08-05T21:15:00+0200,708.688,MW,DK1,DK_1,actual_offshore_wind_generation,Wind Offshore,2026-08-09T11:25:52Z
2026-08-09T11:15:09Z,2026-08-09T13:15:09+0200,e7e504e8-2603-4a3b-a199-89117103e6be,2026-08-05T19:30:00Z,2026-08-05T21:30:00+0200,719.279,MW,DK1,DK_1,actual_offshore_wind_generation,Wind Offshore,2026-08-09T11:25:52Z
2026-08-09T11:15:09Z,2026-08-09T13:15:09+0200,e7e504e8-2603-4a3b-a199-89117103e6be,2026-08-05T19:45:00Z,2026-08-05T21:45:00+0200,643.817,MW,DK1,DK_1,actual_offshore_wind_generation,Wind Offshore,2026-08-09T11:25:52Z
2026-08-09T11:15:09Z,2026-08-09T13:15:09+0200,e7e504e8-2603-4a3b-a199-89117103e6be,2026-08-05T20:00:00Z,2026-08-05T22:00:00+0200,561.338,MW,DK1,DK_1,actual_offshore_wind_generation,Wind Offshore,2026-08-09T11:25:52Z
2026-08-09T11:15:09Z,2026-08-09T13:15:09+0200,e7e504e8-2603-4a3b-a199-89117103e6be,2026-08-05T20:15:00Z,2026-08-05T22:15:00+0200,622.59,MW,DK1,DK_1,actual_offshore_wind_generation,Wind Offshore,2026-08-09T11:25:52Z
2026-08-09T11:15:09Z,2026-08-09T13:15:09+0200,e7e504e8-2603-4a3b-a199-89117103e6be,2026-08-05T20:30:00Z,2026-08-05T22:30:00+0200,688.026,MW,DK1,DK_1,actual_offshore_wind_generation,Wind Offshore,2026-08-09T11:25:52Z
2026-08-09T11:15:09Z,2026-08-09T13:15:09+0200,e7e504e8-2603-4a3b-a199-89117103e6be,2026-08-05T20:45:00Z,2026-08-05T22:45:00+0200,656.117,MW,DK1,DK_1,actual_offshore_wind_generation,Wind Offshore,2026-08-09T11:25:52Z
2026-08-09T11:15:09Z,2026-08-09T13:15:09+0200,e7e504e8-2603-4a3b-a199-89117103e6be,2026-08-05T21:00:00Z,2026-08-05T23:00:00+0200,617.345,MW,DK1,DK_1,actual_offshore_wind_generation,Wind Offshore,2026-08-09T11:25:52Z
2026-08-09T11:15:09Z,2026-08-09T13:15:09+0200,e7e504e8-2603-4a3b-a199-89117103e6be,2026-08-05T21:15:00Z,2026-08-05T23:15:00+0200,571.745,MW,DK1,DK_1,actual_offshore_wind_generation,Wind Offshore,2026-08-09T11:25:52Z
2026-08-09T11:15:09Z,2026-08-09T13:15:09+0200,e7e504e8-2603-4a3b-a199-89117103e6be,2026-08-05T21:30:00Z,2026-08-05T23:30:00+0200,605.207,MW,DK1,DK_1,actual_offshore_wind_generation,Wind Offshore,2026-08-09T11:25:52Z
2026-08-09T11:15:09Z,2026-08-09T13:15:09+0200,e7e504e8-2603-4a3b-a199-89117103e6be,2026-08-05T21:45:00Z,2026-08-05T23:45:00+0200,684.872,MW,DK1,DK_1,actual_offshore_wind_generation,Wind Offshore,2026-08-09T11:25:52Z
2026-08-09T11:15:09Z,2026-08-09T13:15:09+0200,e7e504e8-2603-4a3b-a199-89117103e6be,2026-08-05T22:00:00Z,2026-08-06T00:00:00+0200,775.125,MW,DK1,DK_1,actual_offshore_wind_generation,Wind Offshore,2026-08-09T11:25:52Z
2026-08-09T11:15:09Z,2026-08-09T13:15:09+0200,e7e504e8-2603-4a3b-a199-89117103e6be,2026-08-05T22:15:00Z,2026-08-06T00:15:00+0200,881.245,MW,DK1,DK_1,actual_offshore_wind_generation,Wind Offshore,2026-08-09T11:25:52Z
2026-08-09T11:15:09Z,2026-08-09T13:15:09+0200,e7e504e8-2603-4a3b-a199-89117103e6be,2026-08-05T22:30:00Z,2026-08-06T00:30:00+0200,985.483,MW,DK1,DK_1,actual_offshore_wind_generation,Wind Offshore,2026-08-09T11:25:52Z
2026-08-09T11:15:09Z,2026-08-09T13:15:09+0200,e7e504e8-2603-4a3b-a199-89117103e6be,2026-08-05T22:45:00Z,2026-08-06T00:45:00+0200,1039.47,MW,DK1,DK_1,actual_offshore_wind_generation,Wind Offshore,2026-08-09T11:25:52Z
2026-08-09T11:15:09Z,2026-08-09T13:15:09+0200,e7e504e8-2603-4a3b-a199-89117103e6be,2026-08-05T23:00:00Z,2026-08-06T01:00:00+0200,1053.64,MW,DK1,DK_1,actual_offshore_wind_generation,Wind Offshore,2026-08-09T11:25:52Z
2026-08-09T11:15:09Z,2026-08-09T13:15:09+0200,e7e504e8-2603-4a3b-a199-89117103e6be,2026-08-05T23:15:00Z,2026-08-06T01:15:00+0200,1037.15,MW,DK1,DK_1,actual_offshore_wind_generation,Wind Offshore,2026-08-09T11:25:52Z
2026-08-09T11:15:09Z,2026-08-09T13:15:09+0200,e7e504e8-2603-4a3b-a199-89117103e6be,2026-08-05T23:30:00Z,2026-08-06T01:30:00+0200,1060.05,MW,DK1,DK_1,actual_offshore_wind_generation,Wind Offshore,2026-08-09T11:25:52Z
2026-08-09T11:15:09Z,2026-08-09T13:15:09+0200,e7e504e8-2603-4a3b-a199-89117103e6be,2026-08-05T23:45:00Z,2026-08-06T01:45:00+0200,1122.77,MW,DK1,DK_1,actual_offshore_wind_generation,Wind Offshore,2026-08-09T11:25:52Z
2026-08-09T11:15:09Z,2026-08-09T13:15:09+0200,e7e504e8-2603-4a3b-a199-89117103e6be,2026-08-06T00:00:00Z,2026-08-06T02:00:00+0200,1182.42,MW,DK1,DK_1,actual_offshore_wind_generation,Wind Offshore,2026-08-09T11:25:52Z
2026-08-09T11:15:09Z,2026-08-09T13:15:09+0200,e7e504e8-2603-4a3b-a199-89117103e6be,2026-08-06T00:15:00Z,2026-08-06T02:15:00+0200,1252.75,MW,DK1,DK_1,actual_offshore_wind_generation,Wind Offshore,2026-08-09T11:25:52Z
2026-08-09T11:15:09Z,2026-08-09T13:15:09+0200,e7e504e8-2603-4a3b-a199-89117103e6be,2026-08-06T00:30:00Z,2026-08-06T02:30:00+0200,1220.46,MW,DK1,DK_1,actual_offshore_wind_generation,Wind Offshore,2026-08-09T11:25:52Z
2026-08-09T11:15:09Z,2026-08-09T13:15:09+0200,e7e504e8-2603-4a3b-a199-89117103e6be,2026-08-06T00:45:00Z,2026-08-06T02:45:00+0200,1246.1,MW,DK1,DK_1,actual_offshore_wind_generation,Wind Offshore,2026-08-09T11:25:52Z
2026-08-09T11:15:09Z,2026-08-09T13:15:09+0200,e7e504e8-2603-4a3b-a199-89117103e6be,2026-08-06T01:00:00Z,2026-08-06T03:00:00+0200,1279.37,MW,DK1,DK_1,actual_offshore_wind_generation,Wind Offshore,2026-08-09T11:25:52Z
2026-08-09T11:15:09Z,2026-08-09T13:15:09+0200,e7e504e8-2603-4a3b-a199-89117103e6be,2026-08-06T01:15:00Z,2026-08-06T03:15:00+0200,1292.31,MW,DK1,DK_1,actual_offshore_wind_generation,Wind Offshore,2026-08-09T11:25:52Z
2026-08-09T11:15:09Z,2026-08-09T13:15:09+0200,e7e504e8-2603-4a3b-a199-89117103e6be,2026-08-06T01:30:00Z,2026-08-06T03:30:00+0200,1281.01,MW,DK1,DK_1,actual_offshore_wind_generation,Wind Offshore,2026-08-09T11:25:52Z
2026-08-09T11:15:09Z,2026-08-09T13:15:09+0200,e7e504e8-2603-4a3b-a199-89117103e6be,2026-08-06T01:45:00Z,2026-08-06T03:45:00+0200,1275.46,MW,DK1,DK_1,actual_offshore_wind_generation,Wind Offshore,2026-08-09T11:25:52Z
2026-08-09T11:15:09Z,2026-08-09T13:15:09+0200,e7e504e8-2603-4a3b-a199-89117103e6be,2026-08-06T02:00:00Z,2026-08-06T04:00:00+0200,1272.02,MW,DK1,DK_1,actual_offshore_wind_generation,Wind Offshore,2026-08-09T11:25:52Z
2026-08-09T11:15:09Z,2026-08-09T13:15:09+0200,e7e504e8-2603-4a3b-a199-89117103e6be,2026-08-06T02:15:00Z,2026-08-06T04:15:00+0200,1252.67,MW,DK1,DK_1,actual_offshore_wind_generation,Wind Offshore,2026-08-09T11:25:52Z
2026-08-09T11:15:09Z,2026-08-09T13:15:09+0200,e7e504e8-2603-4a3b-a199-89117103e6be,2026-08-06T02:30:00Z,2026-08-06T04:30:00+0200,1335.47,MW,DK1,DK_1,actual_offshore_wind_generation,Wind Offshore,2026-08-09T11:25:52Z
2026-08-09T11:15:09Z,2026-08-09T13:15:09+0200,e7e504e8-2603-4a3b-a199-89117103e6be,2026-08-06T02:45:00Z,2026-08-06T04:45:00+0200,1351.9,MW,DK1,DK_1,actual_offshore_wind_generation,Wind Offshore,2026-08-09T11:25:52Z
2026-08-09T11:15:09Z,2026-08-09T13:15:09+0200,e7e504e8-2603-4a3b-a199-89117103e6be,2026-08-06T03:00:00Z,2026-08-06T05:00:00+0200,1349.69,MW,DK1,DK_1,actual_offshore_wind_generation,Wind Offshore,2026-08-09T11:25:52Z
2026-08-09T11:15:09Z,2026-08-09T13:15:09+0200,e7e504e8-2603-4a3b-a199-89117103e6be,2026-08-06T03:15:00Z,2026-08-06T05:15:00+0200,1358.05,MW,DK1,DK_1,actual_offshore_wind_generation,Wind Offshore,2026-08-09T11:25:52Z
2026-08-09T11:15:09Z,2026-08-09T13:15:09+0200,e7e504e8-2603-4a3b-a199-89117103e6be,2026-08-06T03:30:00Z,2026-08-06T05:30:00+0200,1348.66,MW,DK1,DK_1,actual_offshore_wind_generation,Wind Offshore,2026-08-09T11:25:52Z
2026-08-09T11:15:09Z,2026-08-09T13:15:09+0200,e7e504e8-2603-4a3b-a199-89117103e6be,2026-08-06T03:45:00Z,2026-08-06T05:45:00+0200,1334.88,MW,DK1,DK_1,actual_offshore_wind_generation,Wind Offshore,2026-08-09T11:25:52Z
2026-08-09T11:15:09Z,2026-08-09T13:15:09+0200,e7e504e8-2603-4a3b-a199-89117103e6be,2026-08-06T04:00:00Z,2026-08-06T06:00:00+0200,1373.71,MW,DK1,DK_1,actual_offshore_wind_generation,Wind Offshore,2026-08-09T11:25:52Z
2026-08-09T11:15:09Z,2026-08-09T13:15:09+0200,e7e504e8-2603-4a3b-a199-89117103e6be,2026-08-06T04:15:00Z,2026-08-06T06:15:00+0200,1364.28,MW,DK1,DK_1,actual_offshore_wind_generation,Wind Offshore,2026-08-09T11:25:52Z
2026-08-09T11:15:09Z,2026-08-09T13:15:09+0200,e7e504e8-2603-4a3b-a199-89117103e6be,2026-08-06T04:30:00Z,2026-08-06T06:30:00+0200,1376.22,MW,DK1,DK_1,actual_offshore_wind_generation,Wind Offshore,2026-08-09T11:25:52Z
2026-08-09T11:15:09Z,2026-08-09T13:15:09+0200,e7e504e8-2603-4a3b-a199-89117103e6be,2026-08-06T04:45:00Z,2026-08-06T06:45:00+0200,1411.11,MW,DK1,DK_1,actual_offshore_wind_generation,Wind Offshore,2026-08-09T11:25:52Z
2026-08-09T11:15:09Z,2026-08-09T13:15:09+0200,e7e504e8-2603-4a3b-a199-89117103e6be,2026-08-06T05:00:00Z,2026-08-06T07:00:00+0200,1422.62,MW,DK1,DK_1,actual_offshore_wind_generation,Wind Offshore,2026-08-09T11:25:52Z
2026-08-09T11:15:09Z,2026-08-09T13:15:09+0200,e7e504e8-2603-4a3b-a199-89117103e6be,2026-08-06T05:15:00Z,2026-08-06T07:15:00+0200,1424.53,MW,DK1,DK_1,actual_offshore_wind_generation,Wind Offshore,2026-08-09T11:25:52Z
2026-08-09T11:15:09Z,2026-08-09T13:15:09+0200,e7e504e8-2603-4a3b-a199-89117103e6be,2026-08-06T05:30:00Z,2026-08-06T07:30:00+0200,1423.01,MW,DK1,DK_1,actual_offshore_wind_generation,Wind Offshore,2026-08-09T11:25:52Z
2026-08-09T11:15:09Z,2026-08-09T13:15:09+0200,e7e504e8-2603-4a3b-a199-89117103e6be,2026-08-06T05:45:00Z,2026-08-06T07:45:00+0200,1387.57,MW,DK1,DK_1,actual_offshore_wind_generation,Wind Offshore,2026-08-09T11:25:52Z
2026-08-09T11:15:09Z,2026-08-09T13:15:09+0200,e7e504e8-2603-4a3b-a199-89117103e6be,2026-08-06T06:00:00Z,2026-08-06T08:00:00+0200,1354.98,MW,DK1,DK_1,actual_offshore_wind_generation,Wind Offshore,2026-08-09T11:25:52Z
2026-08-09T11:15:09Z,2026-08-09T13:15:09+0200,e7e504e8-2603-4a3b-a199-89117103e6be,2026-08-06T06:15:00Z,2026-08-06T08:15:00+0200,1356.14,MW,DK1,DK_1,actual_offshore_wind_generation,Wind Offshore,2026-08-09T11:25:52Z
2026-08-09T11:15:09Z,2026-08-09T13:15:09+0200,e7e504e8-2603-4a3b-a199-89117103e6be,2026-08-06T06:30:00Z,2026-08-06T08:30:00+0200,1394.79,MW,DK1,DK_1,actual_offshore_wind_generation,Wind Offshore,2026-08-09T11:25:52Z
2026-08-09T11:15:09Z,2026-08-09T13:15:09+0200,e7e504e8-2603-4a3b-a199-89117103e6be,2026-08-06T06:45:00Z,2026-08-06T08:45:00+0200,1442.67,MW,DK1,DK_1,actual_offshore_wind_generation,Wind Offshore,2026-08-09T11:25:52Z
2026-08-09T11:15:09Z,2026-08-09T13:15:09+0200,e7e504e8-2603-4a3b-a199-89117103e6be,2026-08-06T07:00:00Z,2026-08-06T09:00:00+0200,1446.21,MW,DK1,DK_1,actual_offshore_wind_generation,Wind Offshore,2026-08-09T11:25:52Z
2026-08-09T11:15:09Z,2026-08-09T13:15:09+0200,e7e504e8-2603-4a3b-a199-89117103e6be,2026-08-06T07:15:00Z,2026-08-06T09:15:00+0200,1452.93,MW,DK1,DK_1,actual_offshore_wind_generation,Wind Offshore,2026-08-09T11:25:52Z
2026-08-09T11:15:09Z,2026-08-09T13:15:09+0200,e7e504e8-2603-4a3b-a199-89117103e6be,2026-08-06T07:30:00Z,2026-08-06T09:30:00+0200,1441.87,MW,DK1,DK_1,actual_offshore_wind_generation,Wind Offshore,2026-08-09T11:25:52Z
2026-08-09T11:15:09Z,2026-08-09T13:15:09+0200,e7e504e8-2603-4a3b-a199-89117103e6be,2026-08-06T07:45:00Z,2026-08-06T09:45:00+0200,1397.81,MW,DK1,DK_1,actual_offshore_wind_generation,Wind Offshore,2026-08-09T11:25:52Z
2026-08-09T11:15:09Z,2026-08-09T13:15:09+0200,e7e504e8-2603-4a3b-a199-89117103e6be,2026-08-06T08:00:00Z,2026-08-06T10:00:00+0200,1440.43,MW,DK1,DK_1,actual_offshore_wind_generation,Wind Offshore,2026-08-09T11:25:52Z
2026-08-09T11:15:09Z,2026-08-09T13:15:09+0200,e7e504e8-2603-4a3b-a199-89117103e6be,2026-08-06T08:15:00Z,2026-08-06T10:15:00+0200,1449.39,MW,DK1,DK_1,actual_offshore_wind_generation,Wind Offshore,2026-08-09T11:25:52Z
2026-08-09T11:15:09Z,2026-08-09T13:15:09+0200,e7e504e8-2603-4a3b-a199-89117103e6be,2026-08-06T08:30:00Z,2026-08-06T10:30:00+0200,1412.04,MW,DK1,DK_1,actual_offshore_wind_generation,Wind Offshore,2026-08-09T11:25:52Z
2026-08-09T11:15:09Z,2026-08-09T13:15:09+0200,e7e504e8-2603-4a3b-a199-89117103e6be,2026-08-06T08:45:00Z,2026-08-06T10:45:00+0200,1007.04,MW,DK1,DK_1,actual_offshore_wind_generation,Wind Offshore,2026-08-09T11:25:52Z
2026-08-09T11:15:09Z,2026-08-09T13:15:09+0200,e7e504e8-2603-4a3b-a199-89117103e6be,2026-08-06T09:00:00Z,2026-08-06T11:00:00+0200,913.816,MW,DK1,DK_1,actual_offshore_wind_generation,Wind Offshore,2026-08-09T11:25:52Z
2026-08-09T11:15:09Z,2026-08-09T13:15:09+0200,e7e504e8-2603-4a3b-a199-89117103e6be,2026-08-06T09:15:00Z,2026-08-06T11:15:00+0200,906.064,MW,DK1,DK_1,actual_offshore_wind_generation,Wind Offshore,2026-08-09T11:25:52Z
2026-08-09T11:15:09Z,2026-08-09T13:15:09+0200,e7e504e8-2603-4a3b-a199-89117103e6be,2026-08-06T09:30:00Z,2026-08-06T11:30:00+0200,896.129,MW,DK1,DK_1,actual_offshore_wind_generation,Wind Offshore,2026-08-09T11:25:52Z
2026-08-09T11:15:09Z,2026-08-09T13:15:09+0200,e7e504e8-2603-4a3b-a199-89117103e6be,2026-08-06T09:45:00Z,2026-08-06T11:45:00+0200,902.346,MW,DK1,DK_1,actual_offshore_wind_generation,Wind Offshore,2026-08-09T11:25:52Z
2026-08-09T11:15:09Z,2026-08-09T13:15:09+0200,e7e504e8-2603-4a3b-a199-89117103e6be,2026-08-06T10:00:00Z,2026-08-06T12:00:00+0200,898.038,MW,DK1,DK_1,actual_offshore_wind_generation,Wind Offshore,2026-08-09T11:25:52Z
2026-08-09T11:15:09Z,2026-08-09T13:15:09+0200,e7e504e8-2603-4a3b-a199-89117103e6be,2026-08-06T10:15:00Z,2026-08-06T12:15:00+0200,940.825,MW,DK1,DK_1,actual_offshore_wind_generation,Wind Offshore,2026-08-09T11:25:52Z
2026-08-09T11:15:09Z,2026-08-09T13:15:09+0200,e7e504e8-2603-4a3b-a199-89117103e6be,2026-08-06T10:30:00Z,2026-08-06T12:30:00+0200,904.068,MW,DK1,DK_1,actual_offshore_wind_generation,Wind Offshore,2026-08-09T11:25:52Z
2026-08-09T11:15:09Z,2026-08-09T13:15:09+0200,e7e504e8-2603-4a3b-a199-89117103e6be,2026-08-06T10:45:00Z,2026-08-06T12:45:00+0200,902.066,MW,DK1,DK_1,actual_offshore_wind_generation,Wind Offshore,2026-08-09T11:25:52Z
2026-08-09T11:15:09Z,2026-08-09T13:15:09+0200,e7e504e8-2603-4a3b-a199-89117103e6be,2026-08-06T11:00:00Z,2026-08-06T13:00:00+0200,899.876,MW,DK1,DK_1,actual_offshore_wind_generation,Wind Offshore,2026-08-09T11:25:52Z
2026-08-09T11:15:09Z,2026-08-09T13:15:09+0200,e7e504e8-2603-4a3b-a199-89117103e6be,2026-08-06T11:15:00Z,2026-08-06T13:15:00+0200,890.164,MW,DK1,DK_1,actual_offshore_wind_generation,Wind Offshore,2026-08-09T11:25:52Z
2026-08-09T11:15:09Z,2026-08-09T13:15:09+0200,e7e504e8-2603-4a3b-a199-89117103e6be,2026-08-06T11:30:00Z,2026-08-06T13:30:00+0200,904.173,MW,DK1,DK_1,actual_offshore_wind_generation,Wind Offshore,2026-08-09T11:25:52Z
2026-08-09T11:15:09Z,2026-08-09T13:15:09+0200,e7e504e8-2603-4a3b-a199-89117103e6be,2026-08-06T11:45:00Z,2026-08-06T13:45:00+0200,895.93,MW,DK1,DK_1,actual_offshore_wind_generation,Wind Offshore,2026-08-09T11:25:52Z
2026-08-09T11:15:09Z,2026-08-09T13:15:09+0200,e7e504e8-2603-4a3b-a199-89117103e6be,2026-08-06T12:00:00Z,2026-08-06T14:00:00+0200,880.0,MW,DK1,DK_1,actual_offshore_wind_generation,Wind Offshore,2026-08-09T11:25:52Z
2026-08-09T11:15:09Z,2026-08-09T13:15:09+0200,e7e504e8-2603-4a3b-a199-89117103e6be,2026-08-06T12:15:00Z,2026-08-06T14:15:00+0200,890.426,MW,DK1,DK_1,actual_offshore_wind_generation,Wind Offshore,2026-08-09T11:25:52Z
2026-08-09T11:15:09Z,2026-08-09T13:15:09+0200,e7e504e8-2603-4a3b-a199-89117103e6be,2026-08-06T12:30:00Z,2026-08-06T14:30:00+0200,896.716,MW,DK1,DK_1,actual_offshore_wind_generation,Wind Offshore,2026-08-09T11:25:52Z
2026-08-09T11:15:09Z,2026-08-09T13:15:09+0200,e7e504e8-2603-4a3b-a199-89117103e6be,2026-08-06T12:45:00Z,2026-08-06T14:45:00+0200,896.667,MW,DK1,DK_1,actual_offshore_wind_generation,Wind Offshore,2026-08-09T11:25:52Z
2026-08-09T11:15:09Z,2026-08-09T13:15:09+0200,e7e504e8-2603-4a3b-a199-89117103e6be,2026-08-06T13:00:00Z,2026-08-06T15:00:00+0200,897.567,MW,DK1,DK_1,actual_offshore_wind_generation,Wind Offshore,2026-08-09T11:25:52Z
2026-08-09T11:15:09Z,2026-08-09T13:15:09+0200,e7e504e8-2603-4a3b-a199-89117103e6be,2026-08-06T13:15:00Z,2026-08-06T15:15:00+0200,807.015,MW,DK1,DK_1,actual_offshore_wind_generation,Wind Offshore,2026-08-09T11:25:52Z
2026-08-09T11:15:09Z,2026-08-09T13:15:09+0200,e7e504e8-2603-4a3b-a199-89117103e6be,2026-08-06T13:30:00Z,2026-08-06T15:30:00+0200,926.027,MW,DK1,DK_1,actual_offshore_wind_generation,Wind Offshore,2026-08-09T11:25:52Z
2026-08-09T11:15:09Z,2026-08-09T13:15:09+0200,e7e504e8-2603-4a3b-a199-89117103e6be,2026-08-06T13:45:00Z,2026-08-06T15:45:00+0200,777.813,MW,DK1,DK_1,actual_offshore_wind_generation,Wind Offshore,2026-08-09T11:25:52Z
2026-08-09T11:15:09Z,2026-08-09T13:15:09+0200,e7e504e8-2603-4a3b-a199-89117103e6be,2026-08-06T14:00:00Z,2026-08-06T16:00:00+0200,818.258,MW,DK1,DK_1,actual_offshore_wind_generation,Wind Offshore,2026-08-09T11:25:52Z
2026-08-09T11:15:09Z,2026-08-09T13:15:09+0200,e7e504e8-2603-4a3b-a199-89117103e6be,2026-08-06T14:15:00Z,2026-08-06T16:15:00+0200,879.287,MW,DK1,DK_1,actual_offshore_wind_generation,Wind Offshore,2026-08-09T11:25:52Z
2026-08-09T11:15:09Z,2026-08-09T13:15:09+0200,e7e504e8-2603-4a3b-a199-89117103e6be,2026-08-06T14:30:00Z,2026-08-06T16:30:00+0200,904.185,MW,DK1,DK_1,actual_offshore_wind_generation,Wind Offshore,2026-08-09T11:25:52Z
2026-08-09T11:15:09Z,2026-08-09T13:15:09+0200,e7e504e8-2603-4a3b-a199-89117103e6be,2026-08-06T14:45:00Z,2026-08-06T16:45:00+0200,973.567,MW,DK1,DK_1,actual_offshore_wind_generation,Wind Offshore,2026-08-09T11:25:52Z
2026-08-09T11:15:09Z,2026-08-09T13:15:09+0200,e7e504e8-2603-4a3b-a199-89117103e6be,2026-08-06T15:00:00Z,2026-08-06T17:00:00+0200,1263.19,MW,DK1,DK_1,actual_offshore_wind_generation,Wind Offshore,2026-08-09T11:25:52Z
2026-08-09T11:15:09Z,2026-08-09T13:15:09+0200,e7e504e8-2603-4a3b-a199-89117103e6be,2026-08-06T15:15:00Z,2026-08-06T17:15:00+0200,1326.41,MW,DK1,DK_1,actual_offshore_wind_generation,Wind Offshore,2026-08-09T11:25:52Z
2026-08-09T11:15:09Z,2026-08-09T13:15:09+0200,e7e504e8-2603-4a3b-a199-89117103e6be,2026-08-06T15:30:00Z,2026-08-06T17:30:00+0200,1429.2,MW,DK1,DK_1,actual_offshore_wind_generation,Wind Offshore,2026-08-09T11:25:52Z
2026-08-09T11:15:09Z,2026-08-09T13:15:09+0200,e7e504e8-2603-4a3b-a199-89117103e6be,2026-08-06T15:45:00Z,2026-08-06T17:45:00+0200,1490.69,MW,DK1,DK_1,actual_offshore_wind_generation,Wind Offshore,2026-08-09T11:25:52Z
2026-08-09T11:15:09Z,2026-08-09T13:15:09+0200,e7e504e8-2603-4a3b-a199-89117103e6be,2026-08-06T16:00:00Z,2026-08-06T18:00:00+0200,1482.71,MW,DK1,DK_1,actual_offshore_wind_generation,Wind Offshore,2026-08-09T11:25:52Z
2026-08-09T11:15:09Z,2026-08-09T13:15:09+0200,e7e504e8-2603-4a3b-a199-89117103e6be,2026-08-06T16:15:00Z,2026-08-06T18:15:00+0200,1489.97,MW,DK1,DK_1,actual_offshore_wind_generation,Wind Offshore,2026-08-09T11:25:52Z
2026-08-09T11:15:09Z,2026-08-09T13:15:09+0200,e7e504e8-2603-4a3b-a199-89117103e6be,2026-08-06T16:30:00Z,2026-08-06T18:30:00+0200,1475.98,MW,DK1,DK_1,actual_offshore_wind_generation,Wind Offshore,2026-08-09T11:25:52Z
2026-08-09T11:15:09Z,2026-08-09T13:15:09+0200,e7e504e8-2603-4a3b-a199-89117103e6be,2026-08-06T16:45:00Z,2026-08-06T18:45:00+0200,1492.07,MW,DK1,DK_1,actual_offshore_wind_generation,Wind Offshore,2026-08-09T11:25:52Z
2026-08-09T11:15:09Z,2026-08-09T13:15:09+0200,e7e504e8-2603-4a3b-a199-89117103e6be,2026-08-06T17:00:00Z,2026-08-06T19:00:00+0200,1455.03,MW,DK1,DK_1,actual_offshore_wind_generation,Wind Offshore,2026-08-09T11:25:52Z
2026-08-09T11:15:09Z,2026-08-09T13:15:09+0200,e7e504e8-2603-4a3b-a199-89117103e6be,2026-08-06T17:15:00Z,2026-08-06T19:15:00+0200,1472.86,MW,DK1,DK_1,actual_offshore_wind_generation,Wind Offshore,2026-08-09T11:25:52Z
2026-08-09T11:15:09Z,2026-08-09T13:15:09+0200,e7e504e8-2603-4a3b-a199-89117103e6be,2026-08-06T17:30:00Z,2026-08-06T19:30:00+0200,1468.26,MW,DK1,DK_1,actual_offshore_wind_generation,Wind Offshore,2026-08-09T11:25:52Z
2026-08-09T11:15:09Z,2026-08-09T13:15:09+0200,e7e504e8-2603-4a3b-a199-89117103e6be,2026-08-06T17:45:00Z,2026-08-06T19:45:00+0200,1498.42,MW,DK1,DK_1,actual_offshore_wind_generation,Wind Offshore,2026-08-09T11:25:52Z
2026-08-09T11:15:09Z,2026-08-09T13:15:09+0200,e7e504e8-2603-4a3b-a199-89117103e6be,2026-08-06T18:00:00Z,2026-08-06T20:00:00+0200,1502.61,MW,DK1,DK_1,actual_offshore_wind_generation,Wind Offshore,2026-08-09T11:25:52Z
2026-08-09T11:15:09Z,2026-08-09T13:15:09+0200,e7e504e8-2603-4a3b-a199-89117103e6be,2026-08-06T18:15:00Z,2026-08-06T20:15:00+0200,1496.83,MW,DK1,DK_1,actual_offshore_wind_generation,Wind Offshore,2026-08-09T11:25:52Z
2026-08-09T11:15:09Z,2026-08-09T13:15:09+0200,e7e504e8-2603-4a3b-a199-89117103e6be,2026-08-06T18:30:00Z,2026-08-06T20:30:00+0200,1486.8,MW,DK1,DK_1,actual_offshore_wind_generation,Wind Offshore,2026-08-09T11:25:52Z
2026-08-09T11:15:09Z,2026-08-09T13:15:09+0200,e7e504e8-2603-4a3b-a199-89117103e6be,2026-08-06T18:45:00Z,2026-08-06T20:45:00+0200,1496.41,MW,DK1,DK_1,actual_offshore_wind_generation,Wind Offshore,2026-08-09T11:25:52Z
2026-08-09T11:15:09Z,2026-08-09T13:15:09+0200,e7e504e8-2603-4a3b-a199-89117103e6be,2026-08-06T19:00:00Z,2026-08-06T21:00:00+0200,1492.25,MW,DK1,DK_1,actual_offshore_wind_generation,Wind Offshore,2026-08-09T11:25:52Z
2026-08-09T11:15:09Z,2026-08-09T13:15:09+0200,e7e504e8-2603-4a3b-a199-89117103e6be,2026-08-06T19:15:00Z,2026-08-06T21:15:00+0200,1487.43,MW,DK1,DK_1,actual_offshore_wind_generation,Wind Offshore,2026-08-09T11:25:52Z
2026-08-09T11:15:09Z,2026-08-09T13:15:09+0200,e7e504e8-2603-4a3b-a199-89117103e6be,2026-08-06T19:30:00Z,2026-08-06T21:30:00+0200,1477.59,MW,DK1,DK_1,actual_offshore_wind_generation,Wind Offshore,2026-08-09T11:25:52Z
2026-08-09T11:15:09Z,2026-08-09T13:15:09+0200,e7e504e8-2603-4a3b-a199-89117103e6be,2026-08-06T19:45:00Z,2026-08-06T21:45:00+0200,1474.01,MW,DK1,DK_1,actual_offshore_wind_generation,Wind Offshore,2026-08-09T11:25:52Z
2026-08-09T11:15:09Z,2026-08-09T13:15:09+0200,e7e504e8-2603-4a3b-a199-89117103e6be,2026-08-06T20:00:00Z,2026-08-06T22:00:00+0200,1472.0,MW,DK1,DK_1,actual_offshore_wind_generation,Wind Offshore,2026-08-09T11:25:52Z
2026-08-09T11:15:09Z,2026-08-09T13:15:09+0200,e7e504e8-2603-4a3b-a199-89117103e6be,2026-08-06T20:15:00Z,2026-08-06T22:15:00+0200,1483.67,MW,DK1,DK_1,actual_offshore_wind_generation,Wind Offshore,2026-08-09T11:25:52Z
2026-08-09T11:15:09Z,2026-08-09T13:15:09+0200,e7e504e8-2603-4a3b-a199-89117103e6be,2026-08-06T20:30:00Z,2026-08-06T22:30:00+0200,1494.51,MW,DK1,DK_1,actual_offshore_wind_generation,Wind Offshore,2026-08-09T11:25:52Z
2026-08-09T11:15:09Z,2026-08-09T13:15:09+0200,e7e504e8-2603-4a3b-a199-89117103e6be,2026-08-06T20:45:00Z,2026-08-06T22:45:00+0200,1496.47,MW,DK1,DK_1,actual_offshore_wind_generation,Wind Offshore,2026-08-09T11:25:52Z
2026-08-09T11:15:09Z,2026-08-09T13:15:09+0200,e7e504e8-2603-4a3b-a199-89117103e6be,2026-08-06T21:00:00Z,2026-08-06T23:00:00+0200,1500.02,MW,DK1,DK_1,actual_offshore_wind_generation,Wind Offshore,2026-08-09T11:25:52Z
2026-08-09T11:15:09Z,2026-08-09T13:15:09+0200,e7e504e8-2603-4a3b-a199-89117103e6be,2026-08-06T21:15:00Z,2026-08-06T23:15:00+0200,1479.03,MW,DK1,DK_1,actual_offshore_wind_generation,Wind Offshore,2026-08-09T11:25:52Z
2026-08-09T11:15:09Z,2026-08-09T13:15:09+0200,e7e504e8-2603-4a3b-a199-89117103e6be,2026-08-06T21:30:00Z,2026-08-06T23:30:00+0200,1460.04,MW,DK1,DK_1,actual_offshore_wind_generation,Wind Offshore,2026-08-09T11:25:52Z
2026-08-09T11:15:09Z,2026-08-09T13:15:09+0200,e7e504e8-2603-4a3b-a199-89117103e6be,2026-08-06T21:45:00Z,2026-08-06T23:45:00+0200,1471.98,MW,DK1,DK_1,actual_offshore_wind_generation,Wind Offshore,2026-08-09T11:25:52Z
2026-08-09T11:15:09Z,2026-08-09T13:15:09+0200,e7e504e8-2603-4a3b-a199-89117103e6be,2026-08-06T22:00:00Z,2026-08-07T00:00:00+0200,1450.23,MW,DK1,DK_1,actual_offshore_wind_generation,Wind Offshore,2026-08-09T11:25:52Z
2026-08-09T11:15:09Z,2026-08-09T13:15:09+0200,e7e504e8-2603-4a3b-a199-89117103e6be,2026-08-06T22:15:00Z,2026-08-07T00:15:00+0200,1459.43,MW,DK1,DK_1,actual_offshore_wind_generation,Wind Offshore,2026-08-09T11:25:52Z
2026-08-09T11:15:09Z,2026-08-09T13:15:09+0200,e7e504e8-2603-4a3b-a199-89117103e6be,2026-08-06T22:30:00Z,2026-08-07T00:30:00+0200,1452.79,MW,DK1,DK_1,actual_offshore_wind_generation,Wind Offshore,2026-08-09T11:25:52Z
2026-08-09T11:15:09Z,2026-08-09T13:15:09+0200,e7e504e8-2603-4a3b-a199-89117103e6be,2026-08-06T22:45:00Z,2026-08-07T00:45:00+0200,1468.31,MW,DK1,DK_1,actual_offshore_wind_generation,Wind Offshore,2026-08-09T11:25:52Z
2026-08-09T11:15:09Z,2026-08-09T13:15:09+0200,e7e504e8-2603-4a3b-a199-89117103e6be,2026-08-06T23:00:00Z,2026-08-07T01:00:00+0200,1460.66,MW,DK1,DK_1,actual_offshore_wind_generation,Wind Offshore,2026-08-09T11:25:52Z
2026-08-09T11:15:09Z,2026-08-09T13:15:09+0200,e7e504e8-2603-4a3b-a199-89117103e6be,2026-08-06T23:15:00Z,2026-08-07T01:15:00+0200,1420.51,MW,DK1,DK_1,actual_offshore_wind_generation,Wind Offshore,2026-08-09T11:25:52Z
2026-08-09T11:15:09Z,2026-08-09T13:15:09+0200,e7e504e8-2603-4a3b-a199-89117103e6be,2026-08-06T23:30:00Z,2026-08-07T01:30:00+0200,1404.31,MW,DK1,DK_1,actual_offshore_wind_generation,Wind Offshore,2026-08-09T11:25:52Z
2026-08-09T11:15:09Z,2026-08-09T13:15:09+0200,e7e504e8-2603-4a3b-a199-89117103e6be,2026-08-06T23:45:00Z,2026-08-07T01:45:00+0200,1409.44,MW,DK1,DK_1,actual_offshore_wind_generation,Wind Offshore,2026-08-09T11:25:52Z
2026-08-09T11:15:09Z,2026-08-09T13:15:09+0200,e7e504e8-2603-4a3b-a199-89117103e6be,2026-08-07T00:00:00Z,2026-08-07T02:00:00+0200,1456.04,MW,DK1,DK_1,actual_offshore_wind_generation,Wind Offshore,2026-08-09T11:25:52Z
2026-08-09T11:15:09Z,2026-08-09T13:15:09+0200,e7e504e8-2603-4a3b-a199-89117103e6be,2026-08-07T00:15:00Z,2026-08-07T02:15:00+0200,1388.57,MW,DK1,DK_1,actual_offshore_wind_generation,Wind Offshore,2026-08-09T11:25:52Z
2026-08-09T11:15:09Z,2026-08-09T13:15:09+0200,e7e504e8-2603-4a3b-a199-89117103e6be,2026-08-07T00:30:00Z,2026-08-07T02:30:00+0200,1463.89,MW,DK1,DK_1,actual_offshore_wind_generation,Wind Offshore,2026-08-09T11:25:52Z
2026-08-09T11:15:09Z,2026-08-09T13:15:09+0200,e7e504e8-2603-4a3b-a199-89117103e6be,2026-08-07T00:45:00Z,2026-08-07T02:45:00+0200,1452.96,MW,DK1,DK_1,actual_offshore_wind_generation,Wind Offshore,2026-08-09T11:25:52Z
2026-08-09T11:15:09Z,2026-08-09T13:15:09+0200,e7e504e8-2603-4a3b-a199-89117103e6be,2026-08-07T01:00:00Z,2026-08-07T03:00:00+0200,1446.07,MW,DK1,DK_1,actual_offshore_wind_generation,Wind Offshore,2026-08-09T11:25:52Z
2026-08-09T11:15:09Z,2026-08-09T13:15:09+0200,e7e504e8-2603-4a3b-a199-89117103e6be,2026-08-07T01:15:00Z,2026-08-07T03:15:00+0200,1429.38,MW,DK1,DK_1,actual_offshore_wind_generation,Wind Offshore,2026-08-09T11:25:52Z
2026-08-09T11:15:09Z,2026-08-09T13:15:09+0200,e7e504e8-2603-4a3b-a199-89117103e6be,2026-08-07T01:30:00Z,2026-08-07T03:30:00+0200,1451.61,MW,DK1,DK_1,actual_offshore_wind_generation,Wind Offshore,2026-08-09T11:25:52Z
2026-08-09T11:15:09Z,2026-08-09T13:15:09+0200,e7e504e8-2603-4a3b-a199-89117103e6be,2026-08-07T01:45:00Z,2026-08-07T03:45:00+0200,1439.05,MW,DK1,DK_1,actual_offshore_wind_generation,Wind Offshore,2026-08-09T11:25:52Z
2026-08-09T11:15:09Z,2026-08-09T13:15:09+0200,e7e504e8-2603-4a3b-a199-89117103e6be,2026-08-07T02:00:00Z,2026-08-07T04:00:00+0200,1396.72,MW,DK1,DK_1,actual_offshore_wind_generation,Wind Offshore,2026-08-09T11:25:52Z
2026-08-09T11:15:09Z,2026-08-09T13:15:09+0200,e7e504e8-2603-4a3b-a199-89117103e6be,2026-08-07T02:15:00Z,2026-08-07T04:15:00+0200,1350.39,MW,DK1,DK_1,actual_offshore_wind_generation,Wind Offshore,2026-08-09T11:25:52Z
2026-08-09T11:15:09Z,2026-08-09T13:15:09+0200,e7e504e8-2603-4a3b-a199-89117103e6be,2026-08-07T02:30:00Z,2026-08-07T04:30:00+0200,1366.92,MW,DK1,DK_1,actual_offshore_wind_generation,Wind Offshore,2026-08-09T11:25:52Z
2026-08-09T11:15:09Z,2026-08-09T13:15:09+0200,e7e504e8-2603-4a3b-a199-89117103e6be,2026-08-07T02:45:00Z,2026-08-07T04:45:00+0200,1410.03,MW,DK1,DK_1,actual_offshore_wind_generation,Wind Offshore,2026-08-09T11:25:52Z
2026-08-09T11:15:09Z,2026-08-09T13:15:09+0200,e7e504e8-2603-4a3b-a199-89117103e6be,2026-08-07T03:00:00Z,2026-08-07T05:00:00+0200,1351.27,MW,DK1,DK_1,actual_offshore_wind_generation,Wind Offshore,2026-08-09T11:25:52Z
2026-08-09T11:15:09Z,2026-08-09T13:15:09+0200,e7e504e8-2603-4a3b-a199-89117103e6be,2026-08-07T03:15:00Z,2026-08-07T05:15:00+0200,1372.15,MW,DK1,DK_1,actual_offshore_wind_generation,Wind Offshore,2026-08-09T11:25:52Z
2026-08-09T11:15:09Z,2026-08-09T13:15:09+0200,e7e504e8-2603-4a3b-a199-89117103e6be,2026-08-07T03:30:00Z,2026-08-07T05:30:00+0200,1359.43,MW,DK1,DK_1,actual_offshore_wind_generation,Wind Offshore,2026-08-09T11:25:52Z
2026-08-09T11:15:09Z,2026-08-09T13:15:09+0200,e7e504e8-2603-4a3b-a199-89117103e6be,2026-08-07T03:45:00Z,2026-08-07T05:45:00+0200,1384.76,MW,DK1,DK_1,actual_offshore_wind_generation,Wind Offshore,2026-08-09T11:25:52Z
2026-08-09T11:15:09Z,2026-08-09T13:15:09+0200,e7e504e8-2603-4a3b-a199-89117103e6be,2026-08-07T04:00:00Z,2026-08-07T06:00:00+0200,1379.99,MW,DK1,DK_1,actual_offshore_wind_generation,Wind Offshore,2026-08-09T11:25:52Z
2026-08-09T11:15:09Z,2026-08-09T13:15:09+0200,e7e504e8-2603-4a3b-a199-89117103e6be,2026-08-07T04:15:00Z,2026-08-07T06:15:00+0200,1429.61,MW,DK1,DK_1,actual_offshore_wind_generation,Wind Offshore,2026-08-09T11:25:52Z
2026-08-09T11:15:09Z,2026-08-09T13:15:09+0200,e7e504e8-2603-4a3b-a199-89117103e6be,2026-08-07T04:30:00Z,2026-08-07T06:30:00+0200,1424.89,MW,DK1,DK_1,actual_offshore_wind_generation,Wind Offshore,2026-08-09T11:25:52Z
2026-08-09T11:15:09Z,2026-08-09T13:15:09+0200,e7e504e8-2603-4a3b-a199-89117103e6be,2026-08-07T04:45:00Z,2026-08-07T06:45:00+0200,1359.4,MW,DK1,DK_1,actual_offshore_wind_generation,Wind Offshore,2026-08-09T11:25:52Z
2026-08-09T11:15:09Z,2026-08-09T13:15:09+0200,e7e504e8-2603-4a3b-a199-89117103e6be,2026-08-07T05:00:00Z,2026-08-07T07:00:00+0200,1263.16,MW,DK1,DK_1,actual_offshore_wind_generation,Wind Offshore,2026-08-09T11:25:52Z
2026-08-09T11:15:09Z,2026-08-09T13:15:09+0200,e7e504e8-2603-4a3b-a199-89117103e6be,2026-08-07T05:15:00Z,2026-08-07T07:15:00+0200,1211.99,MW,DK1,DK_1,actual_offshore_wind_generation,Wind Offshore,2026-08-09T11:25:52Z
2026-08-09T11:15:09Z,2026-08-09T13:15:09+0200,e7e504e8-2603-4a3b-a199-89117103e6be,2026-08-07T05:30:00Z,2026-08-07T07:30:00+0200,1233.93,MW,DK1,DK_1,actual_offshore_wind_generation,Wind Offshore,2026-08-09T11:25:52Z
2026-08-09T11:15:09Z,2026-08-09T13:15:09+0200,e7e504e8-2603-4a3b-a199-89117103e6be,2026-08-07T05:45:00Z,2026-08-07T07:45:00+0200,1250.35,MW,DK1,DK_1,actual_offshore_wind_generation,Wind Offshore,2026-08-09T11:25:52Z
2026-08-09T11:15:09Z,2026-08-09T13:15:09+0200,e7e504e8-2603-4a3b-a199-89117103e6be,2026-08-07T06:00:00Z,2026-08-07T08:00:00+0200,1258.45,MW,DK1,DK_1,actual_offshore_wind_generation,Wind Offshore,2026-08-09T11:25:52Z
2026-08-09T11:15:09Z,2026-08-09T13:15:09+0200,e7e504e8-2603-4a3b-a199-89117103e6be,2026-08-07T06:15:00Z,2026-08-07T08:15:00+0200,1227.75,MW,DK1,DK_1,actual_offshore_wind_generation,Wind Offshore,2026-08-09T11:25:52Z
2026-08-09T11:15:09Z,2026-08-09T13:15:09+0200,e7e504e8-2603-4a3b-a199-89117103e6be,2026-08-07T06:30:00Z,2026-08-07T08:30:00+0200,1185.18,MW,DK1,DK_1,actual_offshore_wind_generation,Wind Offshore,2026-08-09T11:25:52Z
2026-08-09T11:15:09Z,2026-08-09T13:15:09+0200,e7e504e8-2603-4a3b-a199-89117103e6be,2026-08-07T06:45:00Z,2026-08-07T08:45:00+0200,1134.58,MW,DK1,DK_1,actual_offshore_wind_generation,Wind Offshore,2026-08-09T11:25:52Z
2026-08-09T11:15:09Z,2026-08-09T13:15:09+0200,e7e504e8-2603-4a3b-a199-89117103e6be,2026-08-07T07:00:00Z,2026-08-07T09:00:00+0200,1136.31,MW,DK1,DK_1,actual_offshore_wind_generation,Wind Offshore,2026-08-09T11:25:52Z
2026-08-09T11:15:09Z,2026-08-09T13:15:09+0200,e7e504e8-2603-4a3b-a199-89117103e6be,2026-08-07T07:15:00Z,2026-08-07T09:15:00+0200,1134.31,MW,DK1,DK_1,actual_offshore_wind_generation,Wind Offshore,2026-08-09T11:25:52Z
2026-08-09T11:15:09Z,2026-08-09T13:15:09+0200,e7e504e8-2603-4a3b-a199-89117103e6be,2026-08-07T07:30:00Z,2026-08-07T09:30:00+0200,1140.64,MW,DK1,DK_1,actual_offshore_wind_generation,Wind Offshore,2026-08-09T11:25:52Z
2026-08-09T11:15:09Z,2026-08-09T13:15:09+0200,e7e504e8-2603-4a3b-a199-89117103e6be,2026-08-07T07:45:00Z,2026-08-07T09:45:00+0200,1151.38,MW,DK1,DK_1,actual_offshore_wind_generation,Wind Offshore,2026-08-09T11:25:52Z
2026-08-09T11:15:09Z,2026-08-09T13:15:09+0200,e7e504e8-2603-4a3b-a199-89117103e6be,2026-08-07T08:00:00Z,2026-08-07T10:00:00+0200,1116.95,MW,DK1,DK_1,actual_offshore_wind_generation,Wind Offshore,2026-08-09T11:25:52Z
2026-08-09T11:15:09Z,2026-08-09T13:15:09+0200,e7e504e8-2603-4a3b-a199-89117103e6be,2026-08-07T08:15:00Z,2026-08-07T10:15:00+0200,1078.14,MW,DK1,DK_1,actual_offshore_wind_generation,Wind Offshore,2026-08-09T11:25:52Z
2026-08-09T11:15:09Z,2026-08-09T13:15:09+0200,e7e504e8-2603-4a3b-a199-89117103e6be,2026-08-07T08:30:00Z,2026-08-07T10:30:00+0200,1075.08,MW,DK1,DK_1,actual_offshore_wind_generation,Wind Offshore,2026-08-09T11:25:52Z
2026-08-09T11:15:09Z,2026-08-09T13:15:09+0200,e7e504e8-2603-4a3b-a199-89117103e6be,2026-08-07T08:45:00Z,2026-08-07T10:45:00+0200,1044.22,MW,DK1,DK_1,actual_offshore_wind_generation,Wind Offshore,2026-08-09T11:25:52Z
2026-08-09T11:15:09Z,2026-08-09T13:15:09+0200,e7e504e8-2603-4a3b-a199-89117103e6be,2026-08-07T09:00:00Z,2026-08-07T11:00:00+0200,1041.67,MW,DK1,DK_1,actual_offshore_wind_generation,Wind Offshore,2026-08-09T11:25:52Z
2026-08-09T11:15:09Z,2026-08-09T13:15:09+0200,e7e504e8-2603-4a3b-a199-89117103e6be,2026-08-07T09:15:00Z,2026-08-07T11:15:00+0200,1028.56,MW,DK1,DK_1,actual_offshore_wind_generation,Wind Offshore,2026-08-09T11:25:52Z
2026-08-09T11:15:09Z,2026-08-09T13:15:09+0200,e7e504e8-2603-4a3b-a199-89117103e6be,2026-08-07T09:30:00Z,2026-08-07T11:30:00+0200,952.148,MW,DK1,DK_1,actual_offshore_wind_generation,Wind Offshore,2026-08-09T11:25:52Z
2026-08-09T11:15:09Z,2026-08-09T13:15:09+0200,e7e504e8-2603-4a3b-a199-89117103e6be,2026-08-07T09:45:00Z,2026-08-07T11:45:00+0200,890.04,MW,DK1,DK_1,actual_offshore_wind_generation,Wind Offshore,2026-08-09T11:25:52Z
2026-08-09T11:15:09Z,2026-08-09T13:15:09+0200,e7e504e8-2603-4a3b-a199-89117103e6be,2026-08-07T10:00:00Z,2026-08-07T12:00:00+0200,881.065,MW,DK1,DK_1,actual_offshore_wind_generation,Wind Offshore,2026-08-09T11:25:52Z
2026-08-09T11:15:09Z,2026-08-09T13:15:09+0200,e7e504e8-2603-4a3b-a199-89117103e6be,2026-08-07T10:15:00Z,2026-08-07T12:15:00+0200,889.676,MW,DK1,DK_1,actual_offshore_wind_generation,Wind Offshore,2026-08-09T11:25:52Z
2026-08-09T11:15:09Z,2026-08-09T13:15:09+0200,e7e504e8-2603-4a3b-a199-89117103e6be,2026-08-07T10:30:00Z,2026-08-07T12:30:00+0200,911.954,MW,DK1,DK_1,actual_offshore_wind_generation,Wind Offshore,2026-08-09T11:25:52Z
2026-08-09T11:15:09Z,2026-08-09T13:15:09+0200,e7e504e8-2603-4a3b-a199-89117103e6be,2026-08-07T10:45:00Z,2026-08-07T12:45:00+0200,862.837,MW,DK1,DK_1,actual_offshore_wind_generation,Wind Offshore,2026-08-09T11:25:52Z
2026-08-09T11:15:09Z,2026-08-09T13:15:09+0200,e7e504e8-2603-4a3b-a199-89117103e6be,2026-08-07T11:00:00Z,2026-08-07T13:00:00+0200,898.624,MW,DK1,DK_1,actual_offshore_wind_generation,Wind Offshore,2026-08-09T11:25:52Z
2026-08-09T11:15:09Z,2026-08-09T13:15:09+0200,e7e504e8-2603-4a3b-a199-89117103e6be,2026-08-07T11:15:00Z,2026-08-07T13:15:00+0200,836.979,MW,DK1,DK_1,actual_offshore_wind_generation,Wind Offshore,2026-08-09T11:25:52Z
2026-08-09T11:15:09Z,2026-08-09T13:15:09+0200,e7e504e8-2603-4a3b-a199-89117103e6be,2026-08-07T11:30:00Z,2026-08-07T13:30:00+0200,853.24,MW,DK1,DK_1,actual_offshore_wind_generation,Wind Offshore,2026-08-09T11:25:52Z
2026-08-09T11:15:09Z,2026-08-09T13:15:09+0200,e7e504e8-2603-4a3b-a199-89117103e6be,2026-08-07T11:45:00Z,2026-08-07T13:45:00+0200,906.633,MW,DK1,DK_1,actual_offshore_wind_generation,Wind Offshore,2026-08-09T11:25:52Z
2026-08-09T11:15:09Z,2026-08-09T13:15:09+0200,e7e504e8-2603-4a3b-a199-89117103e6be,2026-08-07T12:00:00Z,2026-08-07T14:00:00+0200,899.627,MW,DK1,DK_1,actual_offshore_wind_generation,Wind Offshore,2026-08-09T11:25:52Z
2026-08-09T11:15:09Z,2026-08-09T13:15:09+0200,e7e504e8-2603-4a3b-a199-89117103e6be,2026-08-07T12:15:00Z,2026-08-07T14:15:00+0200,867.901,MW,DK1,DK_1,actual_offshore_wind_generation,Wind Offshore,2026-08-09T11:25:52Z
2026-08-09T11:15:09Z,2026-08-09T13:15:09+0200,e7e504e8-2603-4a3b-a199-89117103e6be,2026-08-07T12:30:00Z,2026-08-07T14:30:00+0200,844.167,MW,DK1,DK_1,actual_offshore_wind_generation,Wind Offshore,2026-08-09T11:25:52Z
2026-08-09T11:15:09Z,2026-08-09T13:15:09+0200,e7e504e8-2603-4a3b-a199-89117103e6be,2026-08-07T12:45:00Z,2026-08-07T14:45:00+0200,849.329,MW,DK1,DK_1,actual_offshore_wind_generation,Wind Offshore,2026-08-09T11:25:52Z
2026-08-09T11:15:09Z,2026-08-09T13:15:09+0200,e7e504e8-2603-4a3b-a199-89117103e6be,2026-08-07T13:00:00Z,2026-08-07T15:00:00+0200,836.0,MW,DK1,DK_1,actual_offshore_wind_generation,Wind Offshore,2026-08-09T11:25:52Z
2026-08-09T11:15:09Z,2026-08-09T13:15:09+0200,e7e504e8-2603-4a3b-a199-89117103e6be,2026-08-07T13:15:00Z,2026-08-07T15:15:00+0200,781.256,MW,DK1,DK_1,actual_offshore_wind_generation,Wind Offshore,2026-08-09T11:25:52Z
2026-08-09T11:15:09Z,2026-08-09T13:15:09+0200,e7e504e8-2603-4a3b-a199-89117103e6be,2026-08-07T13:30:00Z,2026-08-07T15:30:00+0200,755.149,MW,DK1,DK_1,actual_offshore_wind_generation,Wind Offshore,2026-08-09T11:25:52Z
2026-08-09T11:15:09Z,2026-08-09T13:15:09+0200,e7e504e8-2603-4a3b-a199-89117103e6be,2026-08-07T13:45:00Z,2026-08-07T15:45:00+0200,746.207,MW,DK1,DK_1,actual_offshore_wind_generation,Wind Offshore,2026-08-09T11:25:52Z
2026-08-09T11:15:09Z,2026-08-09T13:15:09+0200,e7e504e8-2603-4a3b-a199-89117103e6be,2026-08-07T14:00:00Z,2026-08-07T16:00:00+0200,730.575,MW,DK1,DK_1,actual_offshore_wind_generation,Wind Offshore,2026-08-09T11:25:52Z
2026-08-09T11:15:09Z,2026-08-09T13:15:09+0200,e7e504e8-2603-4a3b-a199-89117103e6be,2026-08-07T14:15:00Z,2026-08-07T16:15:00+0200,733.746,MW,DK1,DK_1,actual_offshore_wind_generation,Wind Offshore,2026-08-09T11:25:52Z
2026-08-09T11:15:09Z,2026-08-09T13:15:09+0200,e7e504e8-2603-4a3b-a199-89117103e6be,2026-08-07T14:30:00Z,2026-08-07T16:30:00+0200,748.614,MW,DK1,DK_1,actual_offshore_wind_generation,Wind Offshore,2026-08-09T11:25:52Z
2026-08-09T11:15:09Z,2026-08-09T13:15:09+0200,e7e504e8-2603-4a3b-a199-89117103e6be,2026-08-07T14:45:00Z,2026-08-07T16:45:00+0200,768.495,MW,DK1,DK_1,actual_offshore_wind_generation,Wind Offshore,2026-08-09T11:25:52Z
2026-08-09T11:15:09Z,2026-08-09T13:15:09+0200,e7e504e8-2603-4a3b-a199-89117103e6be,2026-08-07T15:00:00Z,2026-08-07T17:00:00+0200,768.359,MW,DK1,DK_1,actual_offshore_wind_generation,Wind Offshore,2026-08-09T11:25:52Z
2026-08-09T11:15:09Z,2026-08-09T13:15:09+0200,e7e504e8-2603-4a3b-a199-89117103e6be,2026-08-07T15:15:00Z,2026-08-07T17:15:00+0200,786.557,MW,DK1,DK_1,actual_offshore_wind_generation,Wind Offshore,2026-08-09T11:25:52Z
2026-08-09T11:15:09Z,2026-08-09T13:15:09+0200,e7e504e8-2603-4a3b-a199-89117103e6be,2026-08-07T15:30:00Z,2026-08-07T17:30:00+0200,799.438,MW,DK1,DK_1,actual_offshore_wind_generation,Wind Offshore,2026-08-09T11:25:52Z
2026-08-09T11:15:09Z,2026-08-09T13:15:09+0200,e7e504e8-2603-4a3b-a199-89117103e6be,2026-08-07T15:45:00Z,2026-08-07T17:45:00+0200,812.845,MW,DK1,DK_1,actual_offshore_wind_generation,Wind Offshore,2026-08-09T11:25:52Z
2026-08-09T11:15:09Z,2026-08-09T13:15:09+0200,e7e504e8-2603-4a3b-a199-89117103e6be,2026-08-07T16:00:00Z,2026-08-07T18:00:00+0200,765.362,MW,DK1,DK_1,actual_offshore_wind_generation,Wind Offshore,2026-08-09T11:25:52Z
2026-08-09T11:15:09Z,2026-08-09T13:15:09+0200,e7e504e8-2603-4a3b-a199-89117103e6be,2026-08-07T16:15:00Z,2026-08-07T18:15:00+0200,858.551,MW,DK1,DK_1,actual_offshore_wind_generation,Wind Offshore,2026-08-09T11:25:52Z
2026-08-09T11:15:09Z,2026-08-09T13:15:09+0200,e7e504e8-2603-4a3b-a199-89117103e6be,2026-08-07T16:30:00Z,2026-08-07T18:30:00+0200,928.332,MW,DK1,DK_1,actual_offshore_wind_generation,Wind Offshore,2026-08-09T11:25:52Z
2026-08-09T11:15:09Z,2026-08-09T13:15:09+0200,e7e504e8-2603-4a3b-a199-89117103e6be,2026-08-07T16:45:00Z,2026-08-07T18:45:00+0200,923.802,MW,DK1,DK_1,actual_offshore_wind_generation,Wind Offshore,2026-08-09T11:25:52Z
2026-08-09T11:15:09Z,2026-08-09T13:15:09+0200,e7e504e8-2603-4a3b-a199-89117103e6be,2026-08-07T17:00:00Z,2026-08-07T19:00:00+0200,943.449,MW,DK1,DK_1,actual_offshore_wind_generation,Wind Offshore,2026-08-09T11:25:52Z
2026-08-09T11:15:09Z,2026-08-09T13:15:09+0200,e7e504e8-2603-4a3b-a199-89117103e6be,2026-08-07T17:15:00Z,2026-08-07T19:15:00+0200,923.361,MW,DK1,DK_1,actual_offshore_wind_generation,Wind Offshore,2026-08-09T11:25:52Z
2026-08-09T11:15:09Z,2026-08-09T13:15:09+0200,e7e504e8-2603-4a3b-a199-89117103e6be,2026-08-07T17:30:00Z,2026-08-07T19:30:00+0200,898.908,MW,DK1,DK_1,actual_offshore_wind_generation,Wind Offshore,2026-08-09T11:25:52Z
2026-08-09T11:15:09Z,2026-08-09T13:15:09+0200,e7e504e8-2603-4a3b-a199-89117103e6be,2026-08-07T17:45:00Z,2026-08-07T19:45:00+0200,869.636,MW,DK1,DK_1,actual_offshore_wind_generation,Wind Offshore,2026-08-09T11:25:52Z
2026-08-09T11:15:09Z,2026-08-09T13:15:09+0200,e7e504e8-2603-4a3b-a199-89117103e6be,2026-08-07T18:00:00Z,2026-08-07T20:00:00+0200,913.695,MW,DK1,DK_1,actual_offshore_wind_generation,Wind Offshore,2026-08-09T11:25:52Z
2026-08-09T11:15:09Z,2026-08-09T13:15:09+0200,e7e504e8-2603-4a3b-a199-89117103e6be,2026-08-07T18:15:00Z,2026-08-07T20:15:00+0200,884.242,MW,DK1,DK_1,actual_offshore_wind_generation,Wind Offshore,2026-08-09T11:25:52Z
2026-08-09T11:15:09Z,2026-08-09T13:15:09+0200,e7e504e8-2603-4a3b-a199-89117103e6be,2026-08-07T18:30:00Z,2026-08-07T20:30:00+0200,178.576,MW,DK1,DK_1,actual_offshore_wind_generation,Wind Offshore,2026-08-09T11:25:52Z
2026-08-09T11:15:09Z,2026-08-09T13:15:09+0200,e7e504e8-2603-4a3b-a199-89117103e6be,2026-08-07T18:45:00Z,2026-08-07T20:45:00+0200,883.164,MW,DK1,DK_1,actual_offshore_wind_generation,Wind Offshore,2026-08-09T11:25:52Z
2026-08-09T11:15:09Z,2026-08-09T13:15:09+0200,e7e504e8-2603-4a3b-a199-89117103e6be,2026-08-07T19:00:00Z,2026-08-07T21:00:00+0200,900.407,MW,DK1,DK_1,actual_offshore_wind_generation,Wind Offshore,2026-08-09T11:25:52Z
2026-08-09T11:15:09Z,2026-08-09T13:15:09+0200,e7e504e8-2603-4a3b-a199-89117103e6be,2026-08-07T19:15:00Z,2026-08-07T21:15:00+0200,912.123,MW,DK1,DK_1,actual_offshore_wind_generation,Wind Offshore,2026-08-09T11:25:52Z
2026-08-09T11:15:09Z,2026-08-09T13:15:09+0200,e7e504e8-2603-4a3b-a199-89117103e6be,2026-08-07T19:30:00Z,2026-08-07T21:30:00+0200,835.246,MW,DK1,DK_1,actual_offshore_wind_generation,Wind Offshore,2026-08-09T11:25:52Z
2026-08-09T11:15:09Z,2026-08-09T13:15:09+0200,e7e504e8-2603-4a3b-a199-89117103e6be,2026-08-07T19:45:00Z,2026-08-07T21:45:00+0200,802.668,MW,DK1,DK_1,actual_offshore_wind_generation,Wind Offshore,2026-08-09T11:25:52Z
2026-08-09T11:15:09Z,2026-08-09T13:15:09+0200,e7e504e8-2603-4a3b-a199-89117103e6be,2026-08-07T20:00:00Z,2026-08-07T22:00:00+0200,805.951,MW,DK1,DK_1,actual_offshore_wind_generation,Wind Offshore,2026-08-09T11:25:52Z
2026-08-09T11:15:09Z,2026-08-09T13:15:09+0200,e7e504e8-2603-4a3b-a199-89117103e6be,2026-08-07T20:15:00Z,2026-08-07T22:15:00+0200,840.276,MW,DK1,DK_1,actual_offshore_wind_generation,Wind Offshore,2026-08-09T11:25:52Z
2026-08-09T11:15:09Z,2026-08-09T13:15:09+0200,e7e504e8-2603-4a3b-a199-89117103e6be,2026-08-07T20:30:00Z,2026-08-07T22:30:00+0200,835.483,MW,DK1,DK_1,actual_offshore_wind_generation,Wind Offshore,2026-08-09T11:25:52Z
2026-08-09T11:15:09Z,2026-08-09T13:15:09+0200,e7e504e8-2603-4a3b-a199-89117103e6be,2026-08-07T20:45:00Z,2026-08-07T22:45:00+0200,771.222,MW,DK1,DK_1,actual_offshore_wind_generation,Wind Offshore,2026-08-09T11:25:52Z
2026-08-09T11:15:09Z,2026-08-09T13:15:09+0200,e7e504e8-2603-4a3b-a199-89117103e6be,2026-08-07T21:00:00Z,2026-08-07T23:00:00+0200,759.014,MW,DK1,DK_1,actual_offshore_wind_generation,Wind Offshore,2026-08-09T11:25:52Z
2026-08-09T11:15:09Z,2026-08-09T13:15:09+0200,e7e504e8-2603-4a3b-a199-89117103e6be,2026-08-07T21:15:00Z,2026-08-07T23:15:00+0200,719.348,MW,DK1,DK_1,actual_offshore_wind_generation,Wind Offshore,2026-08-09T11:25:52Z
2026-08-09T11:15:09Z,2026-08-09T13:15:09+0200,e7e504e8-2603-4a3b-a199-89117103e6be,2026-08-07T21:30:00Z,2026-08-07T23:30:00+0200,658.307,MW,DK1,DK_1,actual_offshore_wind_generation,Wind Offshore,2026-08-09T11:25:52Z
2026-08-09T11:15:09Z,2026-08-09T13:15:09+0200,e7e504e8-2603-4a3b-a199-89117103e6be,2026-08-07T21:45:00Z,2026-08-07T23:45:00+0200,642.269,MW,DK1,DK_1,actual_offshore_wind_generation,Wind Offshore,2026-08-09T11:25:52Z
2026-08-09T11:15:09Z,2026-08-09T13:15:09+0200,e7e504e8-2603-4a3b-a199-89117103e6be,2026-08-07T22:00:00Z,2026-08-08T00:00:00+0200,632.812,MW,DK1,DK_1,actual_offshore_wind_generation,Wind Offshore,2026-08-09T11:25:52Z
2026-08-09T11:15:09Z,2026-08-09T13:15:09+0200,e7e504e8-2603-4a3b-a199-89117103e6be,2026-08-07T22:15:00Z,2026-08-08T00:15:00+0200,655.699,MW,DK1,DK_1,actual_offshore_wind_generation,Wind Offshore,2026-08-09T11:25:52Z
2026-08-09T11:15:09Z,2026-08-09T13:15:09+0200,e7e504e8-2603-4a3b-a199-89117103e6be,2026-08-07T22:30:00Z,2026-08-08T00:30:00+0200,678.779,MW,DK1,DK_1,actual_offshore_wind_generation,Wind Offshore,2026-08-09T11:25:52Z
2026-08-09T11:15:09Z,2026-08-09T13:15:09+0200,e7e504e8-2603-4a3b-a199-89117103e6be,2026-08-07T22:45:00Z,2026-08-08T00:45:00+0200,669.604,MW,DK1,DK_1,actual_offshore_wind_generation,Wind Offshore,2026-08-09T11:25:52Z
2026-08-09T11:15:09Z,2026-08-09T13:15:09+0200,e7e504e8-2603-4a3b-a199-89117103e6be,2026-08-07T23:00:00Z,2026-08-08T01:00:00+0200,676.717,MW,DK1,DK_1,actual_offshore_wind_generation,Wind Offshore,2026-08-09T11:25:52Z
2026-08-09T11:15:09Z,2026-08-09T13:15:09+0200,e7e504e8-2603-4a3b-a199-89117103e6be,2026-08-07T23:15:00Z,2026-08-08T01:15:00+0200,654.664,MW,DK1,DK_1,actual_offshore_wind_generation,Wind Offshore,2026-08-09T11:25:52Z
2026-08-09T11:15:09Z,2026-08-09T13:15:09+0200,e7e504e8-2603-4a3b-a199-89117103e6be,2026-08-07T23:30:00Z,2026-08-08T01:30:00+0200,635.967,MW,DK1,DK_1,actual_offshore_wind_generation,Wind Offshore,2026-08-09T11:25:52Z
2026-08-09T11:15:09Z,2026-08-09T13:15:09+0200,e7e504e8-2603-4a3b-a199-89117103e6be,2026-08-07T23:45:00Z,2026-08-08T01:45:00+0200,573.526,MW,DK1,DK_1,actual_offshore_wind_generation,Wind Offshore,2026-08-09T11:25:52Z
2026-08-09T11:15:09Z,2026-08-09T13:15:09+0200,e7e504e8-2603-4a3b-a199-89117103e6be,2026-08-08T00:00:00Z,2026-08-08T02:00:00+0200,513.415,MW,DK1,DK_1,actual_offshore_wind_generation,Wind Offshore,2026-08-09T11:25:52Z
2026-08-09T11:15:09Z,2026-08-09T13:15:09+0200,e7e504e8-2603-4a3b-a199-89117103e6be,2026-08-08T00:15:00Z,2026-08-08T02:15:00+0200,505.066,MW,DK1,DK_1,actual_offshore_wind_generation,Wind Offshore,2026-08-09T11:25:52Z
2026-08-09T11:15:09Z,2026-08-09T13:15:09+0200,e7e504e8-2603-4a3b-a199-89117103e6be,2026-08-08T00:30:00Z,2026-08-08T02:30:00+0200,499.442,MW,DK1,DK_1,actual_offshore_wind_generation,Wind Offshore,2026-08-09T11:25:52Z
2026-08-09T11:15:09Z,2026-08-09T13:15:09+0200,e7e504e8-2603-4a3b-a199-89117103e6be,2026-08-08T00:45:00Z,2026-08-08T02:45:00+0200,515.372,MW,DK1,DK_1,actual_offshore_wind_generation,Wind Offshore,2026-08-09T11:25:52Z
2026-08-09T11:15:09Z,2026-08-09T13:15:09+0200,e7e504e8-2603-4a3b-a199-89117103e6be,2026-08-08T01:00:00Z,2026-08-08T03:00:00+0200,571.661,MW,DK1,DK_1,actual_offshore_wind_generation,Wind Offshore,2026-08-09T11:25:52Z
2026-08-09T11:15:09Z,2026-08-09T13:15:09+0200,e7e504e8-2603-4a3b-a199-89117103e6be,2026-08-08T01:15:00Z,2026-08-08T03:15:00+0200,561.179,MW,DK1,DK_1,actual_offshore_wind_generation,Wind Offshore,2026-08-09T11:25:52Z
2026-08-09T11:15:09Z,2026-08-09T13:15:09+0200,e7e504e8-2603-4a3b-a199-89117103e6be,2026-08-08T01:30:00Z,2026-08-08T03:30:00+0200,532.455,MW,DK1,DK_1,actual_offshore_wind_generation,Wind Offshore,2026-08-09T11:25:52Z
2026-08-09T11:15:09Z,2026-08-09T13:15:09+0200,e7e504e8-2603-4a3b-a199-89117103e6be,2026-08-08T01:45:00Z,2026-08-08T03:45:00+0200,534.116,MW,DK1,DK_1,actual_offshore_wind_generation,Wind Offshore,2026-08-09T11:25:52Z
2026-08-09T11:15:09Z,2026-08-09T13:15:09+0200,e7e504e8-2603-4a3b-a199-89117103e6be,2026-08-08T02:00:00Z,2026-08-08T04:00:00+0200,544.252,MW,DK1,DK_1,actual_offshore_wind_generation,Wind Offshore,2026-08-09T11:25:52Z
2026-08-09T11:15:09Z,2026-08-09T13:15:09+0200,e7e504e8-2603-4a3b-a199-89117103e6be,2026-08-08T02:15:00Z,2026-08-08T04:15:00+0200,517.965,MW,DK1,DK_1,actual_offshore_wind_generation,Wind Offshore,2026-08-09T11:25:52Z
2026-08-09T11:15:09Z,2026-08-09T13:15:09+0200,e7e504e8-2603-4a3b-a199-89117103e6be,2026-08-08T02:30:00Z,2026-08-08T04:30:00+0200,516.559,MW,DK1,DK_1,actual_offshore_wind_generation,Wind Offshore,2026-08-09T11:25:52Z
2026-08-09T11:15:09Z,2026-08-09T13:15:09+0200,e7e504e8-2603-4a3b-a199-89117103e6be,2026-08-08T02:45:00Z,2026-08-08T04:45:00+0200,523.05,MW,DK1,DK_1,actual_offshore_wind_generation,Wind Offshore,2026-08-09T11:25:52Z
2026-08-09T11:15:09Z,2026-08-09T13:15:09+0200,e7e504e8-2603-4a3b-a199-89117103e6be,2026-08-08T03:00:00Z,2026-08-08T05:00:00+0200,513.883,MW,DK1,DK_1,actual_offshore_wind_generation,Wind Offshore,2026-08-09T11:25:52Z
2026-08-09T11:15:09Z,2026-08-09T13:15:09+0200,e7e504e8-2603-4a3b-a199-89117103e6be,2026-08-08T03:15:00Z,2026-08-08T05:15:00+0200,478.987,MW,DK1,DK_1,actual_offshore_wind_generation,Wind Offshore,2026-08-09T11:25:52Z
2026-08-09T11:15:09Z,2026-08-09T13:15:09+0200,e7e504e8-2603-4a3b-a199-89117103e6be,2026-08-08T03:30:00Z,2026-08-08T05:30:00+0200,451.074,MW,DK1,DK_1,actual_offshore_wind_generation,Wind Offshore,2026-08-09T11:25:52Z
2026-08-09T11:15:09Z,2026-08-09T13:15:09+0200,e7e504e8-2603-4a3b-a199-89117103e6be,2026-08-08T03:45:00Z,2026-08-08T05:45:00+0200,414.766,MW,DK1,DK_1,actual_offshore_wind_generation,Wind Offshore,2026-08-09T11:25:52Z
2026-08-09T11:15:09Z,2026-08-09T13:15:09+0200,e7e504e8-2603-4a3b-a199-89117103e6be,2026-08-08T04:00:00Z,2026-08-08T06:00:00+0200,449.211,MW,DK1,DK_1,actual_offshore_wind_generation,Wind Offshore,2026-08-09T11:25:52Z
2026-08-09T11:15:09Z,2026-08-09T13:15:09+0200,e7e504e8-2603-4a3b-a199-89117103e6be,2026-08-08T04:15:00Z,2026-08-08T06:15:00+0200,464.184,MW,DK1,DK_1,actual_offshore_wind_generation,Wind Offshore,2026-08-09T11:25:52Z
2026-08-09T11:15:09Z,2026-08-09T13:15:09+0200,e7e504e8-2603-4a3b-a199-89117103e6be,2026-08-08T04:30:00Z,2026-08-08T06:30:00+0200,480.873,MW,DK1,DK_1,actual_offshore_wind_generation,Wind Offshore,2026-08-09T11:25:52Z
2026-08-09T11:15:09Z,2026-08-09T13:15:09+0200,e7e504e8-2603-4a3b-a199-89117103e6be,2026-08-08T04:45:00Z,2026-08-08T06:45:00+0200,489.516,MW,DK1,DK_1,actual_offshore_wind_generation,Wind Offshore,2026-08-09T11:25:52Z
2026-08-09T11:15:09Z,2026-08-09T13:15:09+0200,e7e504e8-2603-4a3b-a199-89117103e6be,2026-08-08T05:00:00Z,2026-08-08T07:00:00+0200,487.337,MW,DK1,DK_1,actual_offshore_wind_generation,Wind Offshore,2026-08-09T11:25:52Z
2026-08-09T11:15:09Z,2026-08-09T13:15:09+0200,e7e504e8-2603-4a3b-a199-89117103e6be,2026-08-08T05:15:00Z,2026-08-08T07:15:00+0200,522.257,MW,DK1,DK_1,actual_offshore_wind_generation,Wind Offshore,2026-08-09T11:25:52Z
2026-08-09T11:15:09Z,2026-08-09T13:15:09+0200,e7e504e8-2603-4a3b-a199-89117103e6be,2026-08-08T05:30:00Z,2026-08-08T07:30:00+0200,542.953,MW,DK1,DK_1,actual_offshore_wind_generation,Wind Offshore,2026-08-09T11:25:52Z
2026-08-09T11:15:09Z,2026-08-09T13:15:09+0200,e7e504e8-2603-4a3b-a199-89117103e6be,2026-08-08T05:45:00Z,2026-08-08T07:45:00+0200,517.735,MW,DK1,DK_1,actual_offshore_wind_generation,Wind Offshore,2026-08-09T11:25:52Z
2026-08-09T11:15:09Z,2026-08-09T13:15:09+0200,e7e504e8-2603-4a3b-a199-89117103e6be,2026-08-08T06:00:00Z,2026-08-08T08:00:00+0200,516.205,MW,DK1,DK_1,actual_offshore_wind_generation,Wind Offshore,2026-08-09T11:25:52Z
2026-08-09T11:15:09Z,2026-08-09T13:15:09+0200,e7e504e8-2603-4a3b-a199-89117103e6be,2026-08-08T06:15:00Z,2026-08-08T08:15:00+0200,514.222,MW,DK1,DK_1,actual_offshore_wind_generation,Wind Offshore,2026-08-09T11:25:52Z
2026-08-09T11:15:09Z,2026-08-09T13:15:09+0200,e7e504e8-2603-4a3b-a199-89117103e6be,2026-08-08T06:30:00Z,2026-08-08T08:30:00+0200,501.593,MW,DK1,DK_1,actual_offshore_wind_generation,Wind Offshore,2026-08-09T11:25:52Z
2026-08-09T11:15:09Z,2026-08-09T13:15:09+0200,e7e504e8-2603-4a3b-a199-89117103e6be,2026-08-08T06:45:00Z,2026-08-08T08:45:00+0200,513.608,MW,DK1,DK_1,actual_offshore_wind_generation,Wind Offshore,2026-08-09T11:25:52Z
2026-08-09T11:15:09Z,2026-08-09T13:15:09+0200,e7e504e8-2603-4a3b-a199-89117103e6be,2026-08-08T07:00:00Z,2026-08-08T09:00:00+0200,532.48,MW,DK1,DK_1,actual_offshore_wind_generation,Wind Offshore,2026-08-09T11:25:52Z
2026-08-09T11:15:09Z,2026-08-09T13:15:09+0200,e7e504e8-2603-4a3b-a199-89117103e6be,2026-08-08T07:15:00Z,2026-08-08T09:15:00+0200,536.295,MW,DK1,DK_1,actual_offshore_wind_generation,Wind Offshore,2026-08-09T11:25:52Z
2026-08-09T11:15:09Z,2026-08-09T13:15:09+0200,e7e504e8-2603-4a3b-a199-89117103e6be,2026-08-08T07:30:00Z,2026-08-08T09:30:00+0200,531.963,MW,DK1,DK_1,actual_offshore_wind_generation,Wind Offshore,2026-08-09T11:25:52Z
2026-08-09T11:15:09Z,2026-08-09T13:15:09+0200,e7e504e8-2603-4a3b-a199-89117103e6be,2026-08-08T07:45:00Z,2026-08-08T09:45:00+0200,527.683,MW,DK1,DK_1,actual_offshore_wind_generation,Wind Offshore,2026-08-09T11:25:52Z
2026-08-09T11:15:09Z,2026-08-09T13:15:09+0200,e7e504e8-2603-4a3b-a199-89117103e6be,2026-08-08T08:00:00Z,2026-08-08T10:00:00+0200,505.287,MW,DK1,DK_1,actual_offshore_wind_generation,Wind Offshore,2026-08-09T11:25:52Z
2026-08-09T11:15:09Z,2026-08-09T13:15:09+0200,e7e504e8-2603-4a3b-a199-89117103e6be,2026-08-08T08:15:00Z,2026-08-08T10:15:00+0200,473.542,MW,DK1,DK_1,actual_offshore_wind_generation,Wind Offshore,2026-08-09T11:25:52Z
2026-08-09T11:15:09Z,2026-08-09T13:15:09+0200,e7e504e8-2603-4a3b-a199-89117103e6be,2026-08-08T08:30:00Z,2026-08-08T10:30:00+0200,326.756,MW,DK1,DK_1,actual_offshore_wind_generation,Wind Offshore,2026-08-09T11:25:52Z
2026-08-09T11:15:09Z,2026-08-09T13:15:09+0200,e7e504e8-2603-4a3b-a199-89117103e6be,2026-08-08T08:45:00Z,2026-08-08T10:45:00+0200,330.555,MW,DK1,DK_1,actual_offshore_wind_generation,Wind Offshore,2026-08-09T11:25:52Z
2026-08-09T11:15:09Z,2026-08-09T13:15:09+0200,e7e504e8-2603-4a3b-a199-89117103e6be,2026-08-08T09:00:00Z,2026-08-08T11:00:00+0200,331.014,MW,DK1,DK_1,actual_offshore_wind_generation,Wind Offshore,2026-08-09T11:25:52Z
2026-08-09T11:15:09Z,2026-08-09T13:15:09+0200,e7e504e8-2603-4a3b-a199-89117103e6be,2026-08-08T09:15:00Z,2026-08-08T11:15:00+0200,336.386,MW,DK1,DK_1,actual_offshore_wind_generation,Wind Offshore,2026-08-09T11:25:52Z
2026-08-09T11:15:09Z,2026-08-09T13:15:09+0200,e7e504e8-2603-4a3b-a199-89117103e6be,2026-08-08T09:30:00Z,2026-08-08T11:30:00+0200,341.162,MW,DK1,DK_1,actual_offshore_wind_generation,Wind Offshore,2026-08-09T11:25:52Z
2026-08-09T11:15:09Z,2026-08-09T13:15:09+0200,e7e504e8-2603-4a3b-a199-89117103e6be,2026-08-08T09:45:00Z,2026-08-08T11:45:00+0200,306.242,MW,DK1,DK_1,actual_offshore_wind_generation,Wind Offshore,2026-08-09T11:25:52Z
2026-08-09T11:15:09Z,2026-08-09T13:15:09+0200,e7e504e8-2603-4a3b-a199-89117103e6be,2026-08-08T10:00:00Z,2026-08-08T12:00:00+0200,320.381,MW,DK1,DK_1,actual_offshore_wind_generation,Wind Offshore,2026-08-09T11:25:52Z
2026-08-09T11:15:09Z,2026-08-09T13:15:09+0200,e7e504e8-2603-4a3b-a199-89117103e6be,2026-08-08T10:15:00Z,2026-08-08T12:15:00+0200,333.356,MW,DK1,DK_1,actual_offshore_wind_generation,Wind Offshore,2026-08-09T11:25:52Z
2026-08-09T11:15:09Z,2026-08-09T13:15:09+0200,e7e504e8-2603-4a3b-a199-89117103e6be,2026-08-08T10:30:00Z,2026-08-08T12:30:00+0200,359.692,MW,DK1,DK_1,actual_offshore_wind_generation,Wind Offshore,2026-08-09T11:25:52Z
2026-08-09T11:15:09Z,2026-08-09T13:15:09+0200,e7e504e8-2603-4a3b-a199-89117103e6be,2026-08-08T10:45:00Z,2026-08-08T12:45:00+0200,348.881,MW,DK1,DK_1,actual_offshore_wind_generation,Wind Offshore,2026-08-09T11:25:52Z
2026-08-09T11:15:09Z,2026-08-09T13:15:09+0200,e7e504e8-2603-4a3b-a199-89117103e6be,2026-08-08T11:00:00Z,2026-08-08T13:00:00+0200,369.385,MW,DK1,DK_1,actual_offshore_wind_generation,Wind Offshore,2026-08-09T11:25:52Z
2026-08-09T11:15:09Z,2026-08-09T13:15:09+0200,e7e504e8-2603-4a3b-a199-89117103e6be,2026-08-08T11:15:00Z,2026-08-08T13:15:00+0200,373.349,MW,DK1,DK_1,actual_offshore_wind_generation,Wind Offshore,2026-08-09T11:25:52Z
2026-08-09T11:15:09Z,2026-08-09T13:15:09+0200,e7e504e8-2603-4a3b-a199-89117103e6be,2026-08-08T11:30:00Z,2026-08-08T13:30:00+0200,372.876,MW,DK1,DK_1,actual_offshore_wind_generation,Wind Offshore,2026-08-09T11:25:52Z
2026-08-09T11:15:09Z,2026-08-09T13:15:09+0200,e7e504e8-2603-4a3b-a199-89117103e6be,2026-08-08T11:45:00Z,2026-08-08T13:45:00+0200,379.763,MW,DK1,DK_1,actual_offshore_wind_generation,Wind Offshore,2026-08-09T11:25:52Z
2026-08-09T11:15:09Z,2026-08-09T13:15:09+0200,e7e504e8-2603-4a3b-a199-89117103e6be,2026-08-08T12:00:00Z,2026-08-08T14:00:00+0200,407.425,MW,DK1,DK_1,actual_offshore_wind_generation,Wind Offshore,2026-08-09T11:25:52Z
2026-08-09T11:15:09Z,2026-08-09T13:15:09+0200,e7e504e8-2603-4a3b-a199-89117103e6be,2026-08-08T12:15:00Z,2026-08-08T14:15:00+0200,408.845,MW,DK1,DK_1,actual_offshore_wind_generation,Wind Offshore,2026-08-09T11:25:52Z
2026-08-09T11:15:09Z,2026-08-09T13:15:09+0200,e7e504e8-2603-4a3b-a199-89117103e6be,2026-08-08T12:30:00Z,2026-08-08T14:30:00+0200,405.755,MW,DK1,DK_1,actual_offshore_wind_generation,Wind Offshore,2026-08-09T11:25:52Z
2026-08-09T11:15:09Z,2026-08-09T13:15:09+0200,e7e504e8-2603-4a3b-a199-89117103e6be,2026-08-08T12:45:00Z,2026-08-08T14:45:00+0200,396.907,MW,DK1,DK_1,actual_offshore_wind_generation,Wind Offshore,2026-08-09T11:25:52Z
2026-08-09T11:15:09Z,2026-08-09T13:15:09+0200,e7e504e8-2603-4a3b-a199-89117103e6be,2026-08-08T13:00:00Z,2026-08-08T15:00:00+0200,378.846,MW,DK1,DK_1,actual_offshore_wind_generation,Wind Offshore,2026-08-09T11:25:52Z
2026-08-09T11:15:09Z,2026-08-09T13:15:09+0200,e7e504e8-2603-4a3b-a199-89117103e6be,2026-08-08T13:15:00Z,2026-08-08T15:15:00+0200,359.416,MW,DK1,DK_1,actual_offshore_wind_generation,Wind Offshore,2026-08-09T11:25:52Z
2026-08-09T11:15:09Z,2026-08-09T13:15:09+0200,e7e504e8-2603-4a3b-a199-89117103e6be,2026-08-08T13:30:00Z,2026-08-08T15:30:00+0200,337.151,MW,DK1,DK_1,actual_offshore_wind_generation,Wind Offshore,2026-08-09T11:25:52Z
2026-08-09T11:15:09Z,2026-08-09T13:15:09+0200,e7e504e8-2603-4a3b-a199-89117103e6be,2026-08-08T13:45:00Z,2026-08-08T15:45:00+0200,332.169,MW,DK1,DK_1,actual_offshore_wind_generation,Wind Offshore,2026-08-09T11:25:52Z
2026-08-09T11:15:09Z,2026-08-09T13:15:09+0200,e7e504e8-2603-4a3b-a199-89117103e6be,2026-08-08T14:00:00Z,2026-08-08T16:00:00+0200,208.508,MW,DK1,DK_1,actual_offshore_wind_generation,Wind Offshore,2026-08-09T11:25:52Z
2026-08-09T11:15:09Z,2026-08-09T13:15:09+0200,e7e504e8-2603-4a3b-a199-89117103e6be,2026-08-08T14:15:00Z,2026-08-08T16:15:00+0200,196.717,MW,DK1,DK_1,actual_offshore_wind_generation,Wind Offshore,2026-08-09T11:25:52Z
2026-08-09T11:15:09Z,2026-08-09T13:15:09+0200,e7e504e8-2603-4a3b-a199-89117103e6be,2026-08-08T14:30:00Z,2026-08-08T16:30:00+0200,391.0,MW,DK1,DK_1,actual_offshore_wind_generation,Wind Offshore,2026-08-09T11:25:52Z
2026-08-09T11:15:09Z,2026-08-09T13:15:09+0200,e7e504e8-2603-4a3b-a199-89117103e6be,2026-08-08T14:45:00Z,2026-08-08T16:45:00+0200,374.594,MW,DK1,DK_1,actual_offshore_wind_generation,Wind Offshore,2026-08-09T11:25:52Z
2026-08-09T11:15:09Z,2026-08-09T13:15:09+0200,e7e504e8-2603-4a3b-a199-89117103e6be,2026-08-08T15:00:00Z,2026-08-08T17:00:00+0200,358.143,MW,DK1,DK_1,actual_offshore_wind_generation,Wind Offshore,2026-08-09T11:25:52Z
2026-08-09T11:15:09Z,2026-08-09T13:15:09+0200,e7e504e8-2603-4a3b-a199-89117103e6be,2026-08-08T15:15:00Z,2026-08-08T17:15:00+0200,375.004,MW,DK1,DK_1,actual_offshore_wind_generation,Wind Offshore,2026-08-09T11:25:52Z
2026-08-09T11:15:09Z,2026-08-09T13:15:09+0200,e7e504e8-2603-4a3b-a199-89117103e6be,2026-08-08T15:30:00Z,2026-08-08T17:30:00+0200,387.948,MW,DK1,DK_1,actual_offshore_wind_generation,Wind Offshore,2026-08-09T11:25:52Z
2026-08-09T11:15:09Z,2026-08-09T13:15:09+0200,e7e504e8-2603-4a3b-a199-89117103e6be,2026-08-08T15:45:00Z,2026-08-08T17:45:00+0200,372.648,MW,DK1,DK_1,actual_offshore_wind_generation,Wind Offshore,2026-08-09T11:25:52Z
2026-08-09T11:15:09Z,2026-08-09T13:15:09+0200,e7e504e8-2603-4a3b-a199-89117103e6be,2026-08-08T16:00:00Z,2026-08-08T18:00:00+0200,357.054,MW,DK1,DK_1,actual_offshore_wind_generation,Wind Offshore,2026-08-09T11:25:52Z
2026-08-09T11:15:09Z,2026-08-09T13:15:09+0200,e7e504e8-2603-4a3b-a199-89117103e6be,2026-08-08T16:15:00Z,2026-08-08T18:15:00+0200,358.795,MW,DK1,DK_1,actual_offshore_wind_generation,Wind Offshore,2026-08-09T11:25:52Z
2026-08-09T11:15:09Z,2026-08-09T13:15:09+0200,e7e504e8-2603-4a3b-a199-89117103e6be,2026-08-08T16:30:00Z,2026-08-08T18:30:00+0200,341.197,MW,DK1,DK_1,actual_offshore_wind_generation,Wind Offshore,2026-08-09T11:25:52Z
2026-08-09T11:15:09Z,2026-08-09T13:15:09+0200,e7e504e8-2603-4a3b-a199-89117103e6be,2026-08-08T16:45:00Z,2026-08-08T18:45:00+0200,321.165,MW,DK1,DK_1,actual_offshore_wind_generation,Wind Offshore,2026-08-09T11:25:52Z
2026-08-09T11:15:09Z,2026-08-09T13:15:09+0200,e7e504e8-2603-4a3b-a199-89117103e6be,2026-08-08T17:00:00Z,2026-08-08T19:00:00+0200,304.81,MW,DK1,DK_1,actual_offshore_wind_generation,Wind Offshore,2026-08-09T11:25:52Z
2026-08-09T11:15:09Z,2026-08-09T13:15:09+0200,e7e504e8-2603-4a3b-a199-89117103e6be,2026-08-08T17:15:00Z,2026-08-08T19:15:00+0200,285.062,MW,DK1,DK_1,actual_offshore_wind_generation,Wind Offshore,2026-08-09T11:25:52Z
2026-08-09T11:15:09Z,2026-08-09T13:15:09+0200,e7e504e8-2603-4a3b-a199-89117103e6be,2026-08-08T17:30:00Z,2026-08-08T19:30:00+0200,274.761,MW,DK1,DK_1,actual_offshore_wind_generation,Wind Offshore,2026-08-09T11:25:52Z
2026-08-09T11:15:09Z,2026-08-09T13:15:09+0200,e7e504e8-2603-4a3b-a199-89117103e6be,2026-08-08T17:45:00Z,2026-08-08T19:45:00+0200,266.489,MW,DK1,DK_1,actual_offshore_wind_generation,Wind Offshore,2026-08-09T11:25:52Z
2026-08-09T11:15:09Z,2026-08-09T13:15:09+0200,e7e504e8-2603-4a3b-a199-89117103e6be,2026-08-08T18:00:00Z,2026-08-08T20:00:00+0200,244.757,MW,DK1,DK_1,actual_offshore_wind_generation,Wind Offshore,2026-08-09T11:25:52Z
2026-08-09T11:15:09Z,2026-08-09T13:15:09+0200,e7e504e8-2603-4a3b-a199-89117103e6be,2026-08-08T18:15:00Z,2026-08-08T20:15:00+0200,227.076,MW,DK1,DK_1,actual_offshore_wind_generation,Wind Offshore,2026-08-09T11:25:52Z
2026-08-09T11:15:09Z,2026-08-09T13:15:09+0200,e7e504e8-2603-4a3b-a199-89117103e6be,2026-08-08T18:30:00Z,2026-08-08T20:30:00+0200,216.91,MW,DK1,DK_1,actual_offshore_wind_generation,Wind Offshore,2026-08-09T11:25:52Z
2026-08-09T11:15:09Z,2026-08-09T13:15:09+0200,e7e504e8-2603-4a3b-a199-89117103e6be,2026-08-08T18:45:00Z,2026-08-08T20:45:00+0200,219.163,MW,DK1,DK_1,actual_offshore_wind_generation,Wind Offshore,2026-08-09T11:25:52Z
2026-08-09T11:15:09Z,2026-08-09T13:15:09+0200,e7e504e8-2603-4a3b-a199-89117103e6be,2026-08-08T19:00:00Z,2026-08-08T21:00:00+0200,224.918,MW,DK1,DK_1,actual_offshore_wind_generation,Wind Offshore,2026-08-09T11:25:52Z
2026-08-09T11:15:09Z,2026-08-09T13:15:09+0200,e7e504e8-2603-4a3b-a199-89117103e6be,2026-08-08T19:15:00Z,2026-08-08T21:15:00+0200,235.841,MW,DK1,DK_1,actual_offshore_wind_generation,Wind Offshore,2026-08-09T11:25:52Z
2026-08-09T11:15:09Z,2026-08-09T13:15:09+0200,e7e504e8-2603-4a3b-a199-89117103e6be,2026-08-08T19:30:00Z,2026-08-08T21:30:00+0200,238.013,MW,DK1,DK_1,actual_offshore_wind_generation,Wind Offshore,2026-08-09T11:25:52Z
2026-08-09T11:15:09Z,2026-08-09T13:15:09+0200,e7e504e8-2603-4a3b-a199-89117103e6be,2026-08-08T19:45:00Z,2026-08-08T21:45:00+0200,224.503,MW,DK1,DK_1,actual_offshore_wind_generation,Wind Offshore,2026-08-09T11:25:52Z
2026-08-09T11:15:09Z,2026-08-09T13:15:09+0200,e7e504e8-2603-4a3b-a199-89117103e6be,2026-08-08T20:00:00Z,2026-08-08T22:00:00+0200,210.218,MW,DK1,DK_1,actual_offshore_wind_generation,Wind Offshore,2026-08-09T11:25:52Z
2026-08-09T11:15:09Z,2026-08-09T13:15:09+0200,e7e504e8-2603-4a3b-a199-89117103e6be,2026-08-08T20:15:00Z,2026-08-08T22:15:00+0200,194.283,MW,DK1,DK_1,actual_offshore_wind_generation,Wind Offshore,2026-08-09T11:25:52Z
2026-08-09T11:15:09Z,2026-08-09T13:15:09+0200,e7e504e8-2603-4a3b-a199-89117103e6be,2026-08-08T20:30:00Z,2026-08-08T22:30:00+0200,184.538,MW,DK1,DK_1,actual_offshore_wind_generation,Wind Offshore,2026-08-09T11:25:52Z
2026-08-09T11:15:09Z,2026-08-09T13:15:09+0200,e7e504e8-2603-4a3b-a199-89117103e6be,2026-08-08T20:45:00Z,2026-08-08T22:45:00+0200,177.827,MW,DK1,DK_1,actual_offshore_wind_generation,Wind Offshore,2026-08-09T11:25:52Z
2026-08-09T11:15:09Z,2026-08-09T13:15:09+0200,e7e504e8-2603-4a3b-a199-89117103e6be,2026-08-08T21:00:00Z,2026-08-08T23:00:00+0200,177.791,MW,DK1,DK_1,actual_offshore_wind_generation,Wind Offshore,2026-08-09T11:25:52Z
2026-08-09T11:15:09Z,2026-08-09T13:15:09+0200,e7e504e8-2603-4a3b-a199-89117103e6be,2026-08-08T21:15:00Z,2026-08-08T23:15:00+0200,169.149,MW,DK1,DK_1,actual_offshore_wind_generation,Wind Offshore,2026-08-09T11:25:52Z
2026-08-09T11:15:09Z,2026-08-09T13:15:09+0200,e7e504e8-2603-4a3b-a199-89117103e6be,2026-08-08T21:30:00Z,2026-08-08T23:30:00+0200,164.396,MW,DK1,DK_1,actual_offshore_wind_generation,Wind Offshore,2026-08-09T11:25:52Z
2026-08-09T11:15:09Z,2026-08-09T13:15:09+0200,e7e504e8-2603-4a3b-a199-89117103e6be,2026-08-08T21:45:00Z,2026-08-08T23:45:00+0200,160.601,MW,DK1,DK_1,actual_offshore_wind_generation,Wind Offshore,2026-08-09T11:25:52Z
2026-08-09T11:15:09Z,2026-08-09T13:15:09+0200,e7e504e8-2603-4a3b-a199-89117103e6be,2026-08-08T22:00:00Z,2026-08-09T00:00:00+0200,156.367,MW,DK1,DK_1,actual_offshore_wind_generation,Wind Offshore,2026-08-09T11:25:52Z
2026-08-09T11:15:09Z,2026-08-09T13:15:09+0200,e7e504e8-2603-4a3b-a199-89117103e6be,2026-08-08T22:15:00Z,2026-08-09T00:15:00+0200,142.831,MW,DK1,DK_1,actual_offshore_wind_generation,Wind Offshore,2026-08-09T11:25:52Z
2026-08-09T11:15:09Z,2026-08-09T13:15:09+0200,e7e504e8-2603-4a3b-a199-89117103e6be,2026-08-08T22:30:00Z,2026-08-09T00:30:00+0200,134.272,MW,DK1,DK_1,actual_offshore_wind_generation,Wind Offshore,2026-08-09T11:25:52Z
2026-08-09T11:15:09Z,2026-08-09T13:15:09+0200,e7e504e8-2603-4a3b-a199-89117103e6be,2026-08-08T22:45:00Z,2026-08-09T00:45:00+0200,137.331,MW,DK1,DK_1,actual_offshore_wind_generation,Wind Offshore,2026-08-09T11:25:52Z
2026-08-09T11:15:09Z,2026-08-09T13:15:09+0200,e7e504e8-2603-4a3b-a199-89117103e6be,2026-08-08T23:00:00Z,2026-08-09T01:00:00+0200,138.486,MW,DK1,DK_1,actual_offshore_wind_generation,Wind Offshore,2026-08-09T11:25:52Z
2026-08-09T11:15:09Z,2026-08-09T13:15:09+0200,e7e504e8-2603-4a3b-a199-89117103e6be,2026-08-08T23:15:00Z,2026-08-09T01:15:00+0200,135.102,MW,DK1,DK_1,actual_offshore_wind_generation,Wind Offshore,2026-08-09T11:25:52Z
2026-08-09T11:15:09Z,2026-08-09T13:15:09+0200,e7e504e8-2603-4a3b-a199-89117103e6be,2026-08-08T23:30:00Z,2026-08-09T01:30:00+0200,138.034,MW,DK1,DK_1,actual_offshore_wind_generation,Wind Offshore,2026-08-09T11:25:52Z
2026-08-09T11:15:09Z,2026-08-09T13:15:09+0200,e7e504e8-2603-4a3b-a199-89117103e6be,2026-08-08T23:45:00Z,2026-08-09T01:45:00+0200,127.733,MW,DK1,DK_1,actual_offshore_wind_generation,Wind Offshore,2026-08-09T11:25:52Z
2026-08-09T11:15:09Z,2026-08-09T13:15:09+0200,e7e504e8-2603-4a3b-a199-89117103e6be,2026-08-09T00:00:00Z,2026-08-09T02:00:00+0200,118.468,MW,DK1,DK_1,actual_offshore_wind_generation,Wind Offshore,2026-08-09T11:25:52Z
2026-08-09T11:15:09Z,2026-08-09T13:15:09+0200,e7e504e8-2603-4a3b-a199-89117103e6be,2026-08-09T00:15:00Z,2026-08-09T02:15:00+0200,136.789,MW,DK1,DK_1,actual_offshore_wind_generation,Wind Offshore,2026-08-09T11:25:52Z
2026-08-09T11:15:09Z,2026-08-09T13:15:09+0200,e7e504e8-2603-4a3b-a199-89117103e6be,2026-08-09T00:30:00Z,2026-08-09T02:30:00+0200,155.542,MW,DK1,DK_1,actual_offshore_wind_generation,Wind Offshore,2026-08-09T11:25:52Z
2026-08-09T11:15:09Z,2026-08-09T13:15:09+0200,e7e504e8-2603-4a3b-a199-89117103e6be,2026-08-09T00:45:00Z,2026-08-09T02:45:00+0200,181.608,MW,DK1,DK_1,actual_offshore_wind_generation,Wind Offshore,2026-08-09T11:25:52Z
2026-08-09T11:15:09Z,2026-08-09T13:15:09+0200,e7e504e8-2603-4a3b-a199-89117103e6be,2026-08-09T01:00:00Z,2026-08-09T03:00:00+0200,191.824,MW,DK1,DK_1,actual_offshore_wind_generation,Wind Offshore,2026-08-09T11:25:52Z
2026-08-09T11:15:09Z,2026-08-09T13:15:09+0200,e7e504e8-2603-4a3b-a199-89117103e6be,2026-08-09T01:15:00Z,2026-08-09T03:15:00+0200,198.795,MW,DK1,DK_1,actual_offshore_wind_generation,Wind Offshore,2026-08-09T11:25:52Z
2026-08-09T11:15:09Z,2026-08-09T13:15:09+0200,e7e504e8-2603-4a3b-a199-89117103e6be,2026-08-09T01:30:00Z,2026-08-09T03:30:00+0200,198.314,MW,DK1,DK_1,actual_offshore_wind_generation,Wind Offshore,2026-08-09T11:25:52Z
2026-08-09T11:15:09Z,2026-08-09T13:15:09+0200,e7e504e8-2603-4a3b-a199-89117103e6be,2026-08-09T01:45:00Z,2026-08-09T03:45:00+0200,179.252,MW,DK1,DK_1,actual_offshore_wind_generation,Wind Offshore,2026-08-09T11:25:52Z
2026-08-09T11:15:09Z,2026-08-09T13:15:09+0200,e7e504e8-2603-4a3b-a199-89117103e6be,2026-08-09T02:00:00Z,2026-08-09T04:00:00+0200,183.548,MW,DK1,DK_1,actual_offshore_wind_generation,Wind Offshore,2026-08-09T11:25:52Z
2026-08-09T11:15:09Z,2026-08-09T13:15:09+0200,e7e504e8-2603-4a3b-a199-89117103e6be,2026-08-09T02:15:00Z,2026-08-09T04:15:00+0200,171.291,MW,DK1,DK_1,actual_offshore_wind_generation,Wind Offshore,2026-08-09T11:25:52Z
2026-08-09T11:15:09Z,2026-08-09T13:15:09+0200,e7e504e8-2603-4a3b-a199-89117103e6be,2026-08-09T02:30:00Z,2026-08-09T04:30:00+0200,167.395,MW,DK1,DK_1,actual_offshore_wind_generation,Wind Offshore,2026-08-09T11:25:52Z
2026-08-09T11:15:09Z,2026-08-09T13:15:09+0200,e7e504e8-2603-4a3b-a199-89117103e6be,2026-08-09T02:45:00Z,2026-08-09T04:45:00+0200,152.798,MW,DK1,DK_1,actual_offshore_wind_generation,Wind Offshore,2026-08-09T11:25:52Z
2026-08-09T11:15:09Z,2026-08-09T13:15:09+0200,e7e504e8-2603-4a3b-a199-89117103e6be,2026-08-09T03:00:00Z,2026-08-09T05:00:00+0200,161.156,MW,DK1,DK_1,actual_offshore_wind_generation,Wind Offshore,2026-08-09T11:25:52Z
2026-08-09T11:15:09Z,2026-08-09T13:15:09+0200,e7e504e8-2603-4a3b-a199-89117103e6be,2026-08-09T03:15:00Z,2026-08-09T05:15:00+0200,192.061,MW,DK1,DK_1,actual_offshore_wind_generation,Wind Offshore,2026-08-09T11:25:52Z
2026-08-09T11:15:09Z,2026-08-09T13:15:09+0200,e7e504e8-2603-4a3b-a199-89117103e6be,2026-08-09T03:30:00Z,2026-08-09T05:30:00+0200,190.93,MW,DK1,DK_1,actual_offshore_wind_generation,Wind Offshore,2026-08-09T11:25:52Z
2026-08-09T11:15:09Z,2026-08-09T13:15:09+0200,e7e504e8-2603-4a3b-a199-89117103e6be,2026-08-09T03:45:00Z,2026-08-09T05:45:00+0200,209.755,MW,DK1,DK_1,actual_offshore_wind_generation,Wind Offshore,2026-08-09T11:25:52Z
2026-08-09T11:15:09Z,2026-08-09T13:15:09+0200,e7e504e8-2603-4a3b-a199-89117103e6be,2026-08-09T04:00:00Z,2026-08-09T06:00:00+0200,224.076,MW,DK1,DK_1,actual_offshore_wind_generation,Wind Offshore,2026-08-09T11:25:52Z
2026-08-09T11:15:09Z,2026-08-09T13:15:09+0200,e7e504e8-2603-4a3b-a199-89117103e6be,2026-08-09T04:15:00Z,2026-08-09T06:15:00+0200,252.343,MW,DK1,DK_1,actual_offshore_wind_generation,Wind Offshore,2026-08-09T11:25:52Z
2026-08-09T11:15:09Z,2026-08-09T13:15:09+0200,e7e504e8-2603-4a3b-a199-89117103e6be,2026-08-09T04:30:00Z,2026-08-09T06:30:00+0200,270.437,MW,DK1,DK_1,actual_offshore_wind_generation,Wind Offshore,2026-08-09T11:25:52Z
2026-08-09T11:15:09Z,2026-08-09T13:15:09+0200,e7e504e8-2603-4a3b-a199-89117103e6be,2026-08-09T04:45:00Z,2026-08-09T06:45:00+0200,281.678,MW,DK1,DK_1,actual_offshore_wind_generation,Wind Offshore,2026-08-09T11:25:52Z
2026-08-09T11:15:09Z,2026-08-09T13:15:09+0200,e7e504e8-2603-4a3b-a199-89117103e6be,2026-08-09T05:00:00Z,2026-08-09T07:00:00+0200,313.447,MW,DK1,DK_1,actual_offshore_wind_generation,Wind Offshore,2026-08-09T11:25:52Z
2026-08-09T11:15:09Z,2026-08-09T13:15:09+0200,e7e504e8-2603-4a3b-a199-89117103e6be,2026-08-09T05:15:00Z,2026-08-09T07:15:00+0200,353.417,MW,DK1,DK_1,actual_offshore_wind_generation,Wind Offshore,2026-08-09T11:25:52Z
2026-08-09T11:15:09Z,2026-08-09T13:15:09+0200,e7e504e8-2603-4a3b-a199-89117103e6be,2026-08-09T05:30:00Z,2026-08-09T07:30:00+0200,355.443,MW,DK1,DK_1,actual_offshore_wind_generation,Wind Offshore,2026-08-09T11:25:52Z
2026-08-09T11:15:09Z,2026-08-09T13:15:09+0200,e7e504e8-2603-4a3b-a199-89117103e6be,2026-08-09T05:45:00Z,2026-08-09T07:45:00+0200,361.819,MW,DK1,DK_1,actual_offshore_wind_generation,Wind Offshore,2026-08-09T11:25:52Z
2026-08-09T11:15:09Z,2026-08-09T13:15:09+0200,e7e504e8-2603-4a3b-a199-89117103e6be,2026-08-09T06:00:00Z,2026-08-09T08:00:00+0200,383.993,MW,DK1,DK_1,actual_offshore_wind_generation,Wind Offshore,2026-08-09T11:25:52Z
2026-08-09T11:15:09Z,2026-08-09T13:15:09+0200,e7e504e8-2603-4a3b-a199-89117103e6be,2026-08-09T06:15:00Z,2026-08-09T08:15:00+0200,398.598,MW,DK1,DK_1,actual_offshore_wind_generation,Wind Offshore,2026-08-09T11:25:52Z
2026-08-09T11:15:09Z,2026-08-09T13:15:09+0200,e7e504e8-2603-4a3b-a199-89117103e6be,2026-08-09T06:30:00Z,2026-08-09T08:30:00+0200,399.855,MW,DK1,DK_1,actual_offshore_wind_generation,Wind Offshore,2026-08-09T11:25:52Z
2026-08-09T11:15:09Z,2026-08-09T13:15:09+0200,e7e504e8-2603-4a3b-a199-89117103e6be,2026-08-09T06:45:00Z,2026-08-09T08:45:00+0200,394.635,MW,DK1,DK_1,actual_offshore_wind_generation,Wind Offshore,2026-08-09T11:25:52Z
2026-08-09T11:15:09Z,2026-08-09T13:15:09+0200,e7e504e8-2603-4a3b-a199-89117103e6be,2026-08-09T07:00:00Z,2026-08-09T09:00:00+0200,372.218,MW,DK1,DK_1,actual_offshore_wind_generation,Wind Offshore,2026-08-09T11:25:52Z
2026-08-09T11:15:09Z,2026-08-09T13:15:09+0200,e7e504e8-2603-4a3b-a199-89117103e6be,2026-08-09T07:15:00Z,2026-08-09T09:15:00+0200,400.392,MW,DK1,DK_1,actual_offshore_wind_generation,Wind Offshore,2026-08-09T11:25:52Z
2026-08-09T11:15:09Z,2026-08-09T13:15:09+0200,e7e504e8-2603-4a3b-a199-89117103e6be,2026-08-09T07:30:00Z,2026-08-09T09:30:00+0200,409.027,MW,DK1,DK_1,actual_offshore_wind_generation,Wind Offshore,2026-08-09T11:25:52Z
2026-08-09T11:15:09Z,2026-08-09T13:15:09+0200,e7e504e8-2603-4a3b-a199-89117103e6be,2026-08-09T07:45:00Z,2026-08-09T09:45:00+0200,261.132,MW,DK1,DK_1,actual_offshore_wind_generation,Wind Offshore,2026-08-09T11:25:52Z
2026-08-09T11:15:09Z,2026-08-09T13:15:09+0200,e7e504e8-2603-4a3b-a199-89117103e6be,2026-08-09T08:00:00Z,2026-08-09T10:00:00+0200,203.475,MW,DK1,DK_1,actual_offshore_wind_generation,Wind Offshore,2026-08-09T11:25:52Z
2026-08-09T11:15:09Z,2026-08-09T13:15:09+0200,e7e504e8-2603-4a3b-a199-89117103e6be,2026-08-09T08:15:00Z,2026-08-09T10:15:00+0200,231.033,MW,DK1,DK_1,actual_offshore_wind_generation,Wind Offshore,2026-08-09T11:25:52Z
2026-08-09T11:15:09Z,2026-08-09T13:15:09+0200,e7e504e8-2603-4a3b-a199-89117103e6be,2026-08-09T08:30:00Z,2026-08-09T10:30:00+0200,232.181,MW,DK1,DK_1,actual_offshore_wind_generation,Wind Offshore,2026-08-09T11:25:52Z
2026-08-09T11:15:09Z,2026-08-09T13:15:09+0200,e7e504e8-2603-4a3b-a199-89117103e6be,2026-08-09T08:45:00Z,2026-08-09T10:45:00+0200,257.213,MW,DK1,DK_1,actual_offshore_wind_generation,Wind Offshore,2026-08-09T11:25:52Z
2026-08-09T11:15:09Z,2026-08-09T13:15:09+0200,e7e504e8-2603-4a3b-a199-89117103e6be,2026-08-09T09:00:00Z,2026-08-09T11:00:00+0200,258.785,MW,DK1,DK_1,actual_offshore_wind_generation,Wind Offshore,2026-08-09T11:25:52Z
2026-08-09T11:15:09Z,2026-08-09T13:15:09+0200,e7e504e8-2603-4a3b-a199-89117103e6be,2026-08-09T09:15:00Z,2026-08-09T11:15:00+0200,267.333,MW,DK1,DK_1,actual_offshore_wind_generation,Wind Offshore,2026-08-09T11:25:52Z
2026-08-09T11:15:09Z,2026-08-09T13:15:09+0200,e7e504e8-2603-4a3b-a199-89117103e6be,2026-08-09T09:30:00Z,2026-08-09T11:30:00+0200,279.79,MW,DK1,DK_1,actual_offshore_wind_generation,Wind Offshore,2026-08-09T11:25:52Z
2026-08-09T11:15:09Z,2026-08-09T13:15:09+0200,e7e504e8-2603-4a3b-a199-89117103e6be,2026-08-09T09:45:00Z,2026-08-09T11:45:00+0200,294.025,MW,DK1,DK_1,actual_offshore_wind_generation,Wind Offshore,2026-08-09T11:25:52Z
2026-08-09T11:15:09Z,2026-08-09T13:15:09+0200,e7e504e8-2603-4a3b-a199-89117103e6be,2026-08-09T10:00:00Z,2026-08-09T12:00:00+0200,277.21,MW,DK1,DK_1,actual_offshore_wind_generation,Wind Offshore,2026-08-09T11:25:52Z
2026-08-09T11:15:09Z,2026-08-09T13:15:09+0200,e7e504e8-2603-4a3b-a199-89117103e6be,2026-08-09T10:15:00Z,2026-08-09T12:15:00+0200,256.207,MW,DK1,DK_1,actual_offshore_wind_generation,Wind Offshore,2026-08-09T11:25:52Z
2026-08-09T11:15:09Z,2026-08-09T13:15:09+0200,e7e504e8-2603-4a3b-a199-89117103e6be,2026-08-09T10:30:00Z,2026-08-09T12:30:00+0200,254.974,MW,DK1,DK_1,actual_offshore_wind_generation,Wind Offshore,2026-08-09T11:25:52Z
