collection_time_utc,collection_time_local,run_id,timestamp_utc,timestamp_local,value,unit,country,entsoe_area,variable,source,updated_at_utc
2026-05-28T18:52:05Z,2026-05-28T20:52:05+0200,0ebf8cf8-6a6d-4569-a78c-2e9b11e999ad,2026-04-27T19:00:00Z,2026-04-27T21:00:00+0200,609.8,MW,BE,BE,forecast_onshore_wind_generation,Wind Onshore,2026-05-28T18:54:14Z
2026-05-28T18:52:05Z,2026-05-28T20:52:05+0200,0ebf8cf8-6a6d-4569-a78c-2e9b11e999ad,2026-04-27T20:00:00Z,2026-04-27T22:00:00+0200,681.5,MW,BE,BE,forecast_onshore_wind_generation,Wind Onshore,2026-05-28T18:54:14Z
2026-05-28T18:52:05Z,2026-05-28T20:52:05+0200,0ebf8cf8-6a6d-4569-a78c-2e9b11e999ad,2026-04-27T21:00:00Z,2026-04-27T23:00:00+0200,712.65,MW,BE,BE,forecast_onshore_wind_generation,Wind Onshore,2026-05-28T18:54:14Z
2026-05-28T18:52:05Z,2026-05-28T20:52:05+0200,0ebf8cf8-6a6d-4569-a78c-2e9b11e999ad,2026-04-27T22:00:00Z,2026-04-28T00:00:00+0200,742.45,MW,BE,BE,forecast_onshore_wind_generation,Wind Onshore,2026-05-28T18:54:14Z
2026-05-28T18:52:05Z,2026-05-28T20:52:05+0200,0ebf8cf8-6a6d-4569-a78c-2e9b11e999ad,2026-04-27T23:00:00Z,2026-04-28T01:00:00+0200,768.55,MW,BE,BE,forecast_onshore_wind_generation,Wind Onshore,2026-05-28T18:54:14Z
2026-05-28T18:52:05Z,2026-05-28T20:52:05+0200,0ebf8cf8-6a6d-4569-a78c-2e9b11e999ad,2026-04-28T00:00:00Z,2026-04-28T02:00:00+0200,784.375,MW,BE,BE,forecast_onshore_wind_generation,Wind Onshore,2026-05-28T18:54:14Z
2026-05-28T18:52:05Z,2026-05-28T20:52:05+0200,0ebf8cf8-6a6d-4569-a78c-2e9b11e999ad,2026-04-28T01:00:00Z,2026-04-28T03:00:00+0200,813.3,MW,BE,BE,forecast_onshore_wind_generation,Wind Onshore,2026-05-28T18:54:14Z
2026-05-28T18:52:05Z,2026-05-28T20:52:05+0200,0ebf8cf8-6a6d-4569-a78c-2e9b11e999ad,2026-04-28T02:00:00Z,2026-04-28T04:00:00+0200,842.075,MW,BE,BE,forecast_onshore_wind_generation,Wind Onshore,2026-05-28T18:54:14Z
2026-05-28T18:52:05Z,2026-05-28T20:52:05+0200,0ebf8cf8-6a6d-4569-a78c-2e9b11e999ad,2026-04-28T03:00:00Z,2026-04-28T05:00:00+0200,849.625,MW,BE,BE,forecast_onshore_wind_generation,Wind Onshore,2026-05-28T18:54:14Z
2026-05-28T18:52:05Z,2026-05-28T20:52:05+0200,0ebf8cf8-6a6d-4569-a78c-2e9b11e999ad,2026-04-28T04:00:00Z,2026-04-28T06:00:00+0200,834.725,MW,BE,BE,forecast_onshore_wind_generation,Wind Onshore,2026-05-28T18:54:14Z
2026-05-28T18:52:05Z,2026-05-28T20:52:05+0200,0ebf8cf8-6a6d-4569-a78c-2e9b11e999ad,2026-04-28T05:00:00Z,2026-04-28T07:00:00+0200,783.2,MW,BE,BE,forecast_onshore_wind_generation,Wind Onshore,2026-05-28T18:54:14Z
2026-05-28T18:52:05Z,2026-05-28T20:52:05+0200,0ebf8cf8-6a6d-4569-a78c-2e9b11e999ad,2026-04-28T06:00:00Z,2026-04-28T08:00:00+0200,736.65,MW,BE,BE,forecast_onshore_wind_generation,Wind Onshore,2026-05-28T18:54:14Z
2026-05-28T18:52:05Z,2026-05-28T20:52:05+0200,0ebf8cf8-6a6d-4569-a78c-2e9b11e999ad,2026-04-28T07:00:00Z,2026-04-28T09:00:00+0200,736.25,MW,BE,BE,forecast_onshore_wind_generation,Wind Onshore,2026-05-28T18:54:14Z
2026-05-28T18:52:05Z,2026-05-28T20:52:05+0200,0ebf8cf8-6a6d-4569-a78c-2e9b11e999ad,2026-04-28T08:00:00Z,2026-04-28T10:00:00+0200,767.6,MW,BE,BE,forecast_onshore_wind_generation,Wind Onshore,2026-05-28T18:54:14Z
2026-05-28T18:52:05Z,2026-05-28T20:52:05+0200,0ebf8cf8-6a6d-4569-a78c-2e9b11e999ad,2026-04-28T09:00:00Z,2026-04-28T11:00:00+0200,859.8,MW,BE,BE,forecast_onshore_wind_generation,Wind Onshore,2026-05-28T18:54:14Z
2026-05-28T18:52:05Z,2026-05-28T20:52:05+0200,0ebf8cf8-6a6d-4569-a78c-2e9b11e999ad,2026-04-28T10:00:00Z,2026-04-28T12:00:00+0200,1028.125,MW,BE,BE,forecast_onshore_wind_generation,Wind Onshore,2026-05-28T18:54:14Z
2026-05-28T18:52:05Z,2026-05-28T20:52:05+0200,0ebf8cf8-6a6d-4569-a78c-2e9b11e999ad,2026-04-28T11:00:00Z,2026-04-28T13:00:00+0200,1202.075,MW,BE,BE,forecast_onshore_wind_generation,Wind Onshore,2026-05-28T18:54:14Z
2026-05-28T18:52:05Z,2026-05-28T20:52:05+0200,0ebf8cf8-6a6d-4569-a78c-2e9b11e999ad,2026-04-28T12:00:00Z,2026-04-28T14:00:00+0200,1313.325,MW,BE,BE,forecast_onshore_wind_generation,Wind Onshore,2026-05-28T18:54:14Z
2026-05-28T18:52:05Z,2026-05-28T20:52:05+0200,0ebf8cf8-6a6d-4569-a78c-2e9b11e999ad,2026-04-28T13:00:00Z,2026-04-28T15:00:00+0200,1375.2,MW,BE,BE,forecast_onshore_wind_generation,Wind Onshore,2026-05-28T18:54:14Z
2026-05-28T18:52:05Z,2026-05-28T20:52:05+0200,0ebf8cf8-6a6d-4569-a78c-2e9b11e999ad,2026-04-28T14:00:00Z,2026-04-28T16:00:00+0200,1419.9,MW,BE,BE,forecast_onshore_wind_generation,Wind Onshore,2026-05-28T18:54:14Z
2026-05-28T18:52:05Z,2026-05-28T20:52:05+0200,0ebf8cf8-6a6d-4569-a78c-2e9b11e999ad,2026-04-28T15:00:00Z,2026-04-28T17:00:00+0200,1483.425,MW,BE,BE,forecast_onshore_wind_generation,Wind Onshore,2026-05-28T18:54:14Z
2026-05-28T18:52:05Z,2026-05-28T20:52:05+0200,0ebf8cf8-6a6d-4569-a78c-2e9b11e999ad,2026-04-28T16:00:00Z,2026-04-28T18:00:00+0200,1557.675,MW,BE,BE,forecast_onshore_wind_generation,Wind Onshore,2026-05-28T18:54:14Z
2026-05-28T18:52:05Z,2026-05-28T20:52:05+0200,0ebf8cf8-6a6d-4569-a78c-2e9b11e999ad,2026-04-28T17:00:00Z,2026-04-28T19:00:00+0200,1601.225,MW,BE,BE,forecast_onshore_wind_generation,Wind Onshore,2026-05-28T18:54:14Z
2026-05-28T18:52:05Z,2026-05-28T20:52:05+0200,0ebf8cf8-6a6d-4569-a78c-2e9b11e999ad,2026-04-28T18:00:00Z,2026-04-28T20:00:00+0200,1657.05,MW,BE,BE,forecast_onshore_wind_generation,Wind Onshore,2026-05-28T18:54:14Z
2026-05-28T18:52:05Z,2026-05-28T20:52:05+0200,0ebf8cf8-6a6d-4569-a78c-2e9b11e999ad,2026-04-28T19:00:00Z,2026-04-28T21:00:00+0200,1740.35,MW,BE,BE,forecast_onshore_wind_generation,Wind Onshore,2026-05-28T18:54:14Z
2026-05-28T18:52:05Z,2026-05-28T20:52:05+0200,0ebf8cf8-6a6d-4569-a78c-2e9b11e999ad,2026-04-28T20:00:00Z,2026-04-28T22:00:00+0200,1786.0,MW,BE,BE,forecast_onshore_wind_generation,Wind Onshore,2026-05-28T18:54:14Z
2026-05-28T18:52:05Z,2026-05-28T20:52:05+0200,0ebf8cf8-6a6d-4569-a78c-2e9b11e999ad,2026-04-28T21:00:00Z,2026-04-28T23:00:00+0200,1774.925,MW,BE,BE,forecast_onshore_wind_generation,Wind Onshore,2026-05-28T18:54:14Z
2026-05-28T18:52:05Z,2026-05-28T20:52:05+0200,0ebf8cf8-6a6d-4569-a78c-2e9b11e999ad,2026-04-28T22:00:00Z,2026-04-29T00:00:00+0200,1710.325,MW,BE,BE,forecast_onshore_wind_generation,Wind Onshore,2026-05-28T18:54:14Z
2026-05-28T18:52:05Z,2026-05-28T20:52:05+0200,0ebf8cf8-6a6d-4569-a78c-2e9b11e999ad,2026-04-28T23:00:00Z,2026-04-29T01:00:00+0200,1688.575,MW,BE,BE,forecast_onshore_wind_generation,Wind Onshore,2026-05-28T18:54:14Z
2026-05-28T18:52:05Z,2026-05-28T20:52:05+0200,0ebf8cf8-6a6d-4569-a78c-2e9b11e999ad,2026-04-29T00:00:00Z,2026-04-29T02:00:00+0200,1641.175,MW,BE,BE,forecast_onshore_wind_generation,Wind Onshore,2026-05-28T18:54:14Z
2026-05-28T18:52:05Z,2026-05-28T20:52:05+0200,0ebf8cf8-6a6d-4569-a78c-2e9b11e999ad,2026-04-29T01:00:00Z,2026-04-29T03:00:00+0200,1623.0,MW,BE,BE,forecast_onshore_wind_generation,Wind Onshore,2026-05-28T18:54:14Z
2026-05-28T18:52:05Z,2026-05-28T20:52:05+0200,0ebf8cf8-6a6d-4569-a78c-2e9b11e999ad,2026-04-29T02:00:00Z,2026-04-29T04:00:00+0200,1650.15,MW,BE,BE,forecast_onshore_wind_generation,Wind Onshore,2026-05-28T18:54:14Z
2026-05-28T18:52:05Z,2026-05-28T20:52:05+0200,0ebf8cf8-6a6d-4569-a78c-2e9b11e999ad,2026-04-29T03:00:00Z,2026-04-29T05:00:00+0200,1667.275,MW,BE,BE,forecast_onshore_wind_generation,Wind Onshore,2026-05-28T18:54:14Z
2026-05-28T18:52:05Z,2026-05-28T20:52:05+0200,0ebf8cf8-6a6d-4569-a78c-2e9b11e999ad,2026-04-29T04:00:00Z,2026-04-29T06:00:00+0200,1636.1,MW,BE,BE,forecast_onshore_wind_generation,Wind Onshore,2026-05-28T18:54:14Z
2026-05-28T18:52:05Z,2026-05-28T20:52:05+0200,0ebf8cf8-6a6d-4569-a78c-2e9b11e999ad,2026-04-29T05:00:00Z,2026-04-29T07:00:00+0200,1521.225,MW,BE,BE,forecast_onshore_wind_generation,Wind Onshore,2026-05-28T18:54:14Z
2026-05-28T18:52:05Z,2026-05-28T20:52:05+0200,0ebf8cf8-6a6d-4569-a78c-2e9b11e999ad,2026-04-29T06:00:00Z,2026-04-29T08:00:00+0200,1406.425,MW,BE,BE,forecast_onshore_wind_generation,Wind Onshore,2026-05-28T18:54:14Z
2026-05-28T18:52:05Z,2026-05-28T20:52:05+0200,0ebf8cf8-6a6d-4569-a78c-2e9b11e999ad,2026-04-29T07:00:00Z,2026-04-29T09:00:00+0200,1400.475,MW,BE,BE,forecast_onshore_wind_generation,Wind Onshore,2026-05-28T18:54:14Z
2026-05-28T18:52:05Z,2026-05-28T20:52:05+0200,0ebf8cf8-6a6d-4569-a78c-2e9b11e999ad,2026-04-29T08:00:00Z,2026-04-29T10:00:00+0200,1432.5,MW,BE,BE,forecast_onshore_wind_generation,Wind Onshore,2026-05-28T18:54:14Z
2026-05-28T18:52:05Z,2026-05-28T20:52:05+0200,0ebf8cf8-6a6d-4569-a78c-2e9b11e999ad,2026-04-29T09:00:00Z,2026-04-29T11:00:00+0200,1490.9,MW,BE,BE,forecast_onshore_wind_generation,Wind Onshore,2026-05-28T18:54:14Z
2026-05-28T18:52:05Z,2026-05-28T20:52:05+0200,0ebf8cf8-6a6d-4569-a78c-2e9b11e999ad,2026-04-29T10:00:00Z,2026-04-29T12:00:00+0200,1561.825,MW,BE,BE,forecast_onshore_wind_generation,Wind Onshore,2026-05-28T18:54:14Z
2026-05-28T18:52:05Z,2026-05-28T20:52:05+0200,0ebf8cf8-6a6d-4569-a78c-2e9b11e999ad,2026-04-29T11:00:00Z,2026-04-29T13:00:00+0200,1602.1,MW,BE,BE,forecast_onshore_wind_generation,Wind Onshore,2026-05-28T18:54:14Z
2026-05-28T18:52:05Z,2026-05-28T20:52:05+0200,0ebf8cf8-6a6d-4569-a78c-2e9b11e999ad,2026-04-29T12:00:00Z,2026-04-29T14:00:00+0200,1628.65,MW,BE,BE,forecast_onshore_wind_generation,Wind Onshore,2026-05-28T18:54:14Z
2026-05-28T18:52:05Z,2026-05-28T20:52:05+0200,0ebf8cf8-6a6d-4569-a78c-2e9b11e999ad,2026-04-29T13:00:00Z,2026-04-29T15:00:00+0200,1649.575,MW,BE,BE,forecast_onshore_wind_generation,Wind Onshore,2026-05-28T18:54:14Z
2026-05-28T18:52:05Z,2026-05-28T20:52:05+0200,0ebf8cf8-6a6d-4569-a78c-2e9b11e999ad,2026-04-29T14:00:00Z,2026-04-29T16:00:00+0200,1669.225,MW,BE,BE,forecast_onshore_wind_generation,Wind Onshore,2026-05-28T18:54:14Z
2026-05-28T18:52:05Z,2026-05-28T20:52:05+0200,0ebf8cf8-6a6d-4569-a78c-2e9b11e999ad,2026-04-29T15:00:00Z,2026-04-29T17:00:00+0200,1690.675,MW,BE,BE,forecast_onshore_wind_generation,Wind Onshore,2026-05-28T18:54:14Z
2026-05-28T18:52:05Z,2026-05-28T20:52:05+0200,0ebf8cf8-6a6d-4569-a78c-2e9b11e999ad,2026-04-29T16:00:00Z,2026-04-29T18:00:00+0200,1671.075,MW,BE,BE,forecast_onshore_wind_generation,Wind Onshore,2026-05-28T18:54:14Z
2026-05-28T18:52:05Z,2026-05-28T20:52:05+0200,0ebf8cf8-6a6d-4569-a78c-2e9b11e999ad,2026-04-29T17:00:00Z,2026-04-29T19:00:00+0200,1600.875,MW,BE,BE,forecast_onshore_wind_generation,Wind Onshore,2026-05-28T18:54:14Z
2026-05-28T18:52:05Z,2026-05-28T20:52:05+0200,0ebf8cf8-6a6d-4569-a78c-2e9b11e999ad,2026-04-29T18:00:00Z,2026-04-29T20:00:00+0200,1562.375,MW,BE,BE,forecast_onshore_wind_generation,Wind Onshore,2026-05-28T18:54:14Z
2026-05-28T18:52:05Z,2026-05-28T20:52:05+0200,0ebf8cf8-6a6d-4569-a78c-2e9b11e999ad,2026-04-29T19:00:00Z,2026-04-29T21:00:00+0200,1594.825,MW,BE,BE,forecast_onshore_wind_generation,Wind Onshore,2026-05-28T18:54:14Z
2026-05-28T18:52:05Z,2026-05-28T20:52:05+0200,0ebf8cf8-6a6d-4569-a78c-2e9b11e999ad,2026-04-29T20:00:00Z,2026-04-29T22:00:00+0200,1629.925,MW,BE,BE,forecast_onshore_wind_generation,Wind Onshore,2026-05-28T18:54:14Z
2026-05-28T18:52:05Z,2026-05-28T20:52:05+0200,0ebf8cf8-6a6d-4569-a78c-2e9b11e999ad,2026-04-29T21:00:00Z,2026-04-29T23:00:00+0200,1620.0,MW,BE,BE,forecast_onshore_wind_generation,Wind Onshore,2026-05-28T18:54:14Z
2026-05-28T18:52:05Z,2026-05-28T20:52:05+0200,0ebf8cf8-6a6d-4569-a78c-2e9b11e999ad,2026-04-29T22:00:00Z,2026-04-30T00:00:00+0200,1558.525,MW,BE,BE,forecast_onshore_wind_generation,Wind Onshore,2026-05-28T18:54:14Z
2026-05-28T18:52:05Z,2026-05-28T20:52:05+0200,0ebf8cf8-6a6d-4569-a78c-2e9b11e999ad,2026-04-29T23:00:00Z,2026-04-30T01:00:00+0200,1500.175,MW,BE,BE,forecast_onshore_wind_generation,Wind Onshore,2026-05-28T18:54:14Z
2026-05-28T18:52:05Z,2026-05-28T20:52:05+0200,0ebf8cf8-6a6d-4569-a78c-2e9b11e999ad,2026-04-30T00:00:00Z,2026-04-30T02:00:00+0200,1450.975,MW,BE,BE,forecast_onshore_wind_generation,Wind Onshore,2026-05-28T18:54:14Z
2026-05-28T18:52:05Z,2026-05-28T20:52:05+0200,0ebf8cf8-6a6d-4569-a78c-2e9b11e999ad,2026-04-30T01:00:00Z,2026-04-30T03:00:00+0200,1401.625,MW,BE,BE,forecast_onshore_wind_generation,Wind Onshore,2026-05-28T18:54:14Z
2026-05-28T18:52:05Z,2026-05-28T20:52:05+0200,0ebf8cf8-6a6d-4569-a78c-2e9b11e999ad,2026-04-30T02:00:00Z,2026-04-30T04:00:00+0200,1345.75,MW,BE,BE,forecast_onshore_wind_generation,Wind Onshore,2026-05-28T18:54:14Z
2026-05-28T18:52:05Z,2026-05-28T20:52:05+0200,0ebf8cf8-6a6d-4569-a78c-2e9b11e999ad,2026-04-30T03:00:00Z,2026-04-30T05:00:00+0200,1306.55,MW,BE,BE,forecast_onshore_wind_generation,Wind Onshore,2026-05-28T18:54:14Z
2026-05-28T18:52:05Z,2026-05-28T20:52:05+0200,0ebf8cf8-6a6d-4569-a78c-2e9b11e999ad,2026-04-30T04:00:00Z,2026-04-30T06:00:00+0200,1295.425,MW,BE,BE,forecast_onshore_wind_generation,Wind Onshore,2026-05-28T18:54:14Z
2026-05-28T18:52:05Z,2026-05-28T20:52:05+0200,0ebf8cf8-6a6d-4569-a78c-2e9b11e999ad,2026-04-30T05:00:00Z,2026-04-30T07:00:00+0200,1250.575,MW,BE,BE,forecast_onshore_wind_generation,Wind Onshore,2026-05-28T18:54:14Z
2026-05-28T18:52:05Z,2026-05-28T20:52:05+0200,0ebf8cf8-6a6d-4569-a78c-2e9b11e999ad,2026-04-30T06:00:00Z,2026-04-30T08:00:00+0200,1161.0,MW,BE,BE,forecast_onshore_wind_generation,Wind Onshore,2026-05-28T18:54:14Z
2026-05-28T18:52:05Z,2026-05-28T20:52:05+0200,0ebf8cf8-6a6d-4569-a78c-2e9b11e999ad,2026-04-30T07:00:00Z,2026-04-30T09:00:00+0200,1093.55,MW,BE,BE,forecast_onshore_wind_generation,Wind Onshore,2026-05-28T18:54:14Z
2026-05-28T18:52:05Z,2026-05-28T20:52:05+0200,0ebf8cf8-6a6d-4569-a78c-2e9b11e999ad,2026-04-30T08:00:00Z,2026-04-30T10:00:00+0200,1068.125,MW,BE,BE,forecast_onshore_wind_generation,Wind Onshore,2026-05-28T18:54:14Z
2026-05-28T18:52:05Z,2026-05-28T20:52:05+0200,0ebf8cf8-6a6d-4569-a78c-2e9b11e999ad,2026-04-30T09:00:00Z,2026-04-30T11:00:00+0200,1120.625,MW,BE,BE,forecast_onshore_wind_generation,Wind Onshore,2026-05-28T18:54:14Z
2026-05-28T18:52:05Z,2026-05-28T20:52:05+0200,0ebf8cf8-6a6d-4569-a78c-2e9b11e999ad,2026-04-30T10:00:00Z,2026-04-30T12:00:00+0200,1216.45,MW,BE,BE,forecast_onshore_wind_generation,Wind Onshore,2026-05-28T18:54:14Z
2026-05-28T18:52:05Z,2026-05-28T20:52:05+0200,0ebf8cf8-6a6d-4569-a78c-2e9b11e999ad,2026-04-30T11:00:00Z,2026-04-30T13:00:00+0200,1284.2,MW,BE,BE,forecast_onshore_wind_generation,Wind Onshore,2026-05-28T18:54:14Z
2026-05-28T18:52:05Z,2026-05-28T20:52:05+0200,0ebf8cf8-6a6d-4569-a78c-2e9b11e999ad,2026-04-30T12:00:00Z,2026-04-30T14:00:00+0200,1321.15,MW,BE,BE,forecast_onshore_wind_generation,Wind Onshore,2026-05-28T18:54:14Z
2026-05-28T18:52:05Z,2026-05-28T20:52:05+0200,0ebf8cf8-6a6d-4569-a78c-2e9b11e999ad,2026-04-30T13:00:00Z,2026-04-30T15:00:00+0200,1342.775,MW,BE,BE,forecast_onshore_wind_generation,Wind Onshore,2026-05-28T18:54:14Z
2026-05-28T18:52:05Z,2026-05-28T20:52:05+0200,0ebf8cf8-6a6d-4569-a78c-2e9b11e999ad,2026-04-30T14:00:00Z,2026-04-30T16:00:00+0200,1365.3,MW,BE,BE,forecast_onshore_wind_generation,Wind Onshore,2026-05-28T18:54:14Z
2026-05-28T18:52:05Z,2026-05-28T20:52:05+0200,0ebf8cf8-6a6d-4569-a78c-2e9b11e999ad,2026-04-30T15:00:00Z,2026-04-30T17:00:00+0200,1389.6,MW,BE,BE,forecast_onshore_wind_generation,Wind Onshore,2026-05-28T18:54:14Z
2026-05-28T18:52:05Z,2026-05-28T20:52:05+0200,0ebf8cf8-6a6d-4569-a78c-2e9b11e999ad,2026-04-30T16:00:00Z,2026-04-30T18:00:00+0200,1378.9,MW,BE,BE,forecast_onshore_wind_generation,Wind Onshore,2026-05-28T18:54:14Z
2026-05-28T18:52:05Z,2026-05-28T20:52:05+0200,0ebf8cf8-6a6d-4569-a78c-2e9b11e999ad,2026-04-30T17:00:00Z,2026-04-30T19:00:00+0200,1318.6,MW,BE,BE,forecast_onshore_wind_generation,Wind Onshore,2026-05-28T18:54:14Z
2026-05-28T18:52:05Z,2026-05-28T20:52:05+0200,0ebf8cf8-6a6d-4569-a78c-2e9b11e999ad,2026-04-30T18:00:00Z,2026-04-30T20:00:00+0200,1264.6,MW,BE,BE,forecast_onshore_wind_generation,Wind Onshore,2026-05-28T18:54:14Z
2026-05-28T18:52:05Z,2026-05-28T20:52:05+0200,0ebf8cf8-6a6d-4569-a78c-2e9b11e999ad,2026-04-30T19:00:00Z,2026-04-30T21:00:00+0200,1240.275,MW,BE,BE,forecast_onshore_wind_generation,Wind Onshore,2026-05-28T18:54:14Z
2026-05-28T18:52:05Z,2026-05-28T20:52:05+0200,0ebf8cf8-6a6d-4569-a78c-2e9b11e999ad,2026-04-30T20:00:00Z,2026-04-30T22:00:00+0200,1212.35,MW,BE,BE,forecast_onshore_wind_generation,Wind Onshore,2026-05-28T18:54:14Z
2026-05-28T18:52:05Z,2026-05-28T20:52:05+0200,0ebf8cf8-6a6d-4569-a78c-2e9b11e999ad,2026-04-30T21:00:00Z,2026-04-30T23:00:00+0200,1172.3,MW,BE,BE,forecast_onshore_wind_generation,Wind Onshore,2026-05-28T18:54:14Z
2026-05-28T18:52:05Z,2026-05-28T20:52:05+0200,0ebf8cf8-6a6d-4569-a78c-2e9b11e999ad,2026-04-30T22:00:00Z,2026-05-01T00:00:00+0200,1101.9,MW,BE,BE,forecast_onshore_wind_generation,Wind Onshore,2026-05-28T18:54:14Z
2026-05-28T18:52:05Z,2026-05-28T20:52:05+0200,0ebf8cf8-6a6d-4569-a78c-2e9b11e999ad,2026-04-30T23:00:00Z,2026-05-01T01:00:00+0200,1078.325,MW,BE,BE,forecast_onshore_wind_generation,Wind Onshore,2026-05-28T18:54:14Z
2026-05-28T18:52:05Z,2026-05-28T20:52:05+0200,0ebf8cf8-6a6d-4569-a78c-2e9b11e999ad,2026-05-01T00:00:00Z,2026-05-01T02:00:00+0200,1056.425,MW,BE,BE,forecast_onshore_wind_generation,Wind Onshore,2026-05-28T18:54:14Z
2026-05-28T18:52:05Z,2026-05-28T20:52:05+0200,0ebf8cf8-6a6d-4569-a78c-2e9b11e999ad,2026-05-01T01:00:00Z,2026-05-01T03:00:00+0200,1037.75,MW,BE,BE,forecast_onshore_wind_generation,Wind Onshore,2026-05-28T18:54:14Z
2026-05-28T18:52:05Z,2026-05-28T20:52:05+0200,0ebf8cf8-6a6d-4569-a78c-2e9b11e999ad,2026-05-01T02:00:00Z,2026-05-01T04:00:00+0200,1025.125,MW,BE,BE,forecast_onshore_wind_generation,Wind Onshore,2026-05-28T18:54:14Z
2026-05-28T18:52:05Z,2026-05-28T20:52:05+0200,0ebf8cf8-6a6d-4569-a78c-2e9b11e999ad,2026-05-01T03:00:00Z,2026-05-01T05:00:00+0200,1020.875,MW,BE,BE,forecast_onshore_wind_generation,Wind Onshore,2026-05-28T18:54:14Z
2026-05-28T18:52:05Z,2026-05-28T20:52:05+0200,0ebf8cf8-6a6d-4569-a78c-2e9b11e999ad,2026-05-01T04:00:00Z,2026-05-01T06:00:00+0200,999.05,MW,BE,BE,forecast_onshore_wind_generation,Wind Onshore,2026-05-28T18:54:14Z
2026-05-28T18:52:05Z,2026-05-28T20:52:05+0200,0ebf8cf8-6a6d-4569-a78c-2e9b11e999ad,2026-05-01T05:00:00Z,2026-05-01T07:00:00+0200,914.0,MW,BE,BE,forecast_onshore_wind_generation,Wind Onshore,2026-05-28T18:54:14Z
2026-05-28T18:52:05Z,2026-05-28T20:52:05+0200,0ebf8cf8-6a6d-4569-a78c-2e9b11e999ad,2026-05-01T06:00:00Z,2026-05-01T08:00:00+0200,715.225,MW,BE,BE,forecast_onshore_wind_generation,Wind Onshore,2026-05-28T18:54:14Z
2026-05-28T18:52:05Z,2026-05-28T20:52:05+0200,0ebf8cf8-6a6d-4569-a78c-2e9b11e999ad,2026-05-01T07:00:00Z,2026-05-01T09:00:00+0200,556.675,MW,BE,BE,forecast_onshore_wind_generation,Wind Onshore,2026-05-28T18:54:14Z
2026-05-28T18:52:05Z,2026-05-28T20:52:05+0200,0ebf8cf8-6a6d-4569-a78c-2e9b11e999ad,2026-05-01T08:00:00Z,2026-05-01T10:00:00+0200,496.55,MW,BE,BE,forecast_onshore_wind_generation,Wind Onshore,2026-05-28T18:54:14Z
2026-05-28T18:52:05Z,2026-05-28T20:52:05+0200,0ebf8cf8-6a6d-4569-a78c-2e9b11e999ad,2026-05-01T09:00:00Z,2026-05-01T11:00:00+0200,449.25,MW,BE,BE,forecast_onshore_wind_generation,Wind Onshore,2026-05-28T18:54:14Z
2026-05-28T18:52:05Z,2026-05-28T20:52:05+0200,0ebf8cf8-6a6d-4569-a78c-2e9b11e999ad,2026-05-01T10:00:00Z,2026-05-01T12:00:00+0200,406.05,MW,BE,BE,forecast_onshore_wind_generation,Wind Onshore,2026-05-28T18:54:14Z
2026-05-28T18:52:05Z,2026-05-28T20:52:05+0200,0ebf8cf8-6a6d-4569-a78c-2e9b11e999ad,2026-05-01T11:00:00Z,2026-05-01T13:00:00+0200,366.925,MW,BE,BE,forecast_onshore_wind_generation,Wind Onshore,2026-05-28T18:54:14Z
2026-05-28T18:52:05Z,2026-05-28T20:52:05+0200,0ebf8cf8-6a6d-4569-a78c-2e9b11e999ad,2026-05-01T12:00:00Z,2026-05-01T14:00:00+0200,332.9,MW,BE,BE,forecast_onshore_wind_generation,Wind Onshore,2026-05-28T18:54:14Z
2026-05-28T18:52:05Z,2026-05-28T20:52:05+0200,0ebf8cf8-6a6d-4569-a78c-2e9b11e999ad,2026-05-01T13:00:00Z,2026-05-01T15:00:00+0200,302.825,MW,BE,BE,forecast_onshore_wind_generation,Wind Onshore,2026-05-28T18:54:14Z
2026-05-28T18:52:05Z,2026-05-28T20:52:05+0200,0ebf8cf8-6a6d-4569-a78c-2e9b11e999ad,2026-05-01T14:00:00Z,2026-05-01T16:00:00+0200,278.475,MW,BE,BE,forecast_onshore_wind_generation,Wind Onshore,2026-05-28T18:54:14Z
2026-05-28T18:52:05Z,2026-05-28T20:52:05+0200,0ebf8cf8-6a6d-4569-a78c-2e9b11e999ad,2026-05-01T15:00:00Z,2026-05-01T17:00:00+0200,264.025,MW,BE,BE,forecast_onshore_wind_generation,Wind Onshore,2026-05-28T18:54:14Z
2026-05-28T18:52:05Z,2026-05-28T20:52:05+0200,0ebf8cf8-6a6d-4569-a78c-2e9b11e999ad,2026-05-01T16:00:00Z,2026-05-01T18:00:00+0200,257.05,MW,BE,BE,forecast_onshore_wind_generation,Wind Onshore,2026-05-28T18:54:14Z
2026-05-28T18:52:05Z,2026-05-28T20:52:05+0200,0ebf8cf8-6a6d-4569-a78c-2e9b11e999ad,2026-05-01T17:00:00Z,2026-05-01T19:00:00+0200,248.65,MW,BE,BE,forecast_onshore_wind_generation,Wind Onshore,2026-05-28T18:54:14Z
2026-05-28T18:52:05Z,2026-05-28T20:52:05+0200,0ebf8cf8-6a6d-4569-a78c-2e9b11e999ad,2026-05-01T18:00:00Z,2026-05-01T20:00:00+0200,279.175,MW,BE,BE,forecast_onshore_wind_generation,Wind Onshore,2026-05-28T18:54:14Z
2026-05-28T18:52:05Z,2026-05-28T20:52:05+0200,0ebf8cf8-6a6d-4569-a78c-2e9b11e999ad,2026-05-01T19:00:00Z,2026-05-01T21:00:00+0200,382.375,MW,BE,BE,forecast_onshore_wind_generation,Wind Onshore,2026-05-28T18:54:14Z
2026-05-28T18:52:05Z,2026-05-28T20:52:05+0200,0ebf8cf8-6a6d-4569-a78c-2e9b11e999ad,2026-05-01T20:00:00Z,2026-05-01T22:00:00+0200,509.85,MW,BE,BE,forecast_onshore_wind_generation,Wind Onshore,2026-05-28T18:54:14Z
2026-05-28T18:52:05Z,2026-05-28T20:52:05+0200,0ebf8cf8-6a6d-4569-a78c-2e9b11e999ad,2026-05-01T21:00:00Z,2026-05-01T23:00:00+0200,597.675,MW,BE,BE,forecast_onshore_wind_generation,Wind Onshore,2026-05-28T18:54:14Z
2026-05-28T18:52:05Z,2026-05-28T20:52:05+0200,0ebf8cf8-6a6d-4569-a78c-2e9b11e999ad,2026-05-01T22:00:00Z,2026-05-02T00:00:00+0200,566.7,MW,BE,BE,forecast_onshore_wind_generation,Wind Onshore,2026-05-28T18:54:14Z
2026-05-28T18:52:05Z,2026-05-28T20:52:05+0200,0ebf8cf8-6a6d-4569-a78c-2e9b11e999ad,2026-05-01T23:00:00Z,2026-05-02T01:00:00+0200,586.875,MW,BE,BE,forecast_onshore_wind_generation,Wind Onshore,2026-05-28T18:54:14Z
2026-05-28T18:52:05Z,2026-05-28T20:52:05+0200,0ebf8cf8-6a6d-4569-a78c-2e9b11e999ad,2026-05-02T00:00:00Z,2026-05-02T02:00:00+0200,607.125,MW,BE,BE,forecast_onshore_wind_generation,Wind Onshore,2026-05-28T18:54:14Z
2026-05-28T18:52:05Z,2026-05-28T20:52:05+0200,0ebf8cf8-6a6d-4569-a78c-2e9b11e999ad,2026-05-02T01:00:00Z,2026-05-02T03:00:00+0200,595.375,MW,BE,BE,forecast_onshore_wind_generation,Wind Onshore,2026-05-28T18:54:14Z
2026-05-28T18:52:05Z,2026-05-28T20:52:05+0200,0ebf8cf8-6a6d-4569-a78c-2e9b11e999ad,2026-05-02T02:00:00Z,2026-05-02T04:00:00+0200,545.075,MW,BE,BE,forecast_onshore_wind_generation,Wind Onshore,2026-05-28T18:54:14Z
2026-05-28T18:52:05Z,2026-05-28T20:52:05+0200,0ebf8cf8-6a6d-4569-a78c-2e9b11e999ad,2026-05-02T03:00:00Z,2026-05-02T05:00:00+0200,506.775,MW,BE,BE,forecast_onshore_wind_generation,Wind Onshore,2026-05-28T18:54:14Z
2026-05-28T18:52:05Z,2026-05-28T20:52:05+0200,0ebf8cf8-6a6d-4569-a78c-2e9b11e999ad,2026-05-02T04:00:00Z,2026-05-02T06:00:00+0200,470.9,MW,BE,BE,forecast_onshore_wind_generation,Wind Onshore,2026-05-28T18:54:14Z
2026-05-28T18:52:05Z,2026-05-28T20:52:05+0200,0ebf8cf8-6a6d-4569-a78c-2e9b11e999ad,2026-05-02T05:00:00Z,2026-05-02T07:00:00+0200,416.775,MW,BE,BE,forecast_onshore_wind_generation,Wind Onshore,2026-05-28T18:54:14Z
2026-05-28T18:52:05Z,2026-05-28T20:52:05+0200,0ebf8cf8-6a6d-4569-a78c-2e9b11e999ad,2026-05-02T06:00:00Z,2026-05-02T08:00:00+0200,300.35,MW,BE,BE,forecast_onshore_wind_generation,Wind Onshore,2026-05-28T18:54:14Z
2026-05-28T18:52:05Z,2026-05-28T20:52:05+0200,0ebf8cf8-6a6d-4569-a78c-2e9b11e999ad,2026-05-02T07:00:00Z,2026-05-02T09:00:00+0200,220.5,MW,BE,BE,forecast_onshore_wind_generation,Wind Onshore,2026-05-28T18:54:14Z
2026-05-28T18:52:05Z,2026-05-28T20:52:05+0200,0ebf8cf8-6a6d-4569-a78c-2e9b11e999ad,2026-05-02T08:00:00Z,2026-05-02T10:00:00+0200,220.275,MW,BE,BE,forecast_onshore_wind_generation,Wind Onshore,2026-05-28T18:54:14Z
2026-05-28T18:52:05Z,2026-05-28T20:52:05+0200,0ebf8cf8-6a6d-4569-a78c-2e9b11e999ad,2026-05-02T09:00:00Z,2026-05-02T11:00:00+0200,244.675,MW,BE,BE,forecast_onshore_wind_generation,Wind Onshore,2026-05-28T18:54:14Z
2026-05-28T18:52:05Z,2026-05-28T20:52:05+0200,0ebf8cf8-6a6d-4569-a78c-2e9b11e999ad,2026-05-02T10:00:00Z,2026-05-02T12:00:00+0200,258.95,MW,BE,BE,forecast_onshore_wind_generation,Wind Onshore,2026-05-28T18:54:14Z
2026-05-28T18:52:05Z,2026-05-28T20:52:05+0200,0ebf8cf8-6a6d-4569-a78c-2e9b11e999ad,2026-05-02T11:00:00Z,2026-05-02T13:00:00+0200,245.5,MW,BE,BE,forecast_onshore_wind_generation,Wind Onshore,2026-05-28T18:54:14Z
2026-05-28T18:52:05Z,2026-05-28T20:52:05+0200,0ebf8cf8-6a6d-4569-a78c-2e9b11e999ad,2026-05-02T12:00:00Z,2026-05-02T14:00:00+0200,218.2,MW,BE,BE,forecast_onshore_wind_generation,Wind Onshore,2026-05-28T18:54:14Z
2026-05-28T18:52:05Z,2026-05-28T20:52:05+0200,0ebf8cf8-6a6d-4569-a78c-2e9b11e999ad,2026-05-02T13:00:00Z,2026-05-02T15:00:00+0200,192.325,MW,BE,BE,forecast_onshore_wind_generation,Wind Onshore,2026-05-28T18:54:14Z
2026-05-28T18:52:05Z,2026-05-28T20:52:05+0200,0ebf8cf8-6a6d-4569-a78c-2e9b11e999ad,2026-05-02T14:00:00Z,2026-05-02T16:00:00+0200,179.8,MW,BE,BE,forecast_onshore_wind_generation,Wind Onshore,2026-05-28T18:54:14Z
2026-05-28T18:52:05Z,2026-05-28T20:52:05+0200,0ebf8cf8-6a6d-4569-a78c-2e9b11e999ad,2026-05-02T15:00:00Z,2026-05-02T17:00:00+0200,168.25,MW,BE,BE,forecast_onshore_wind_generation,Wind Onshore,2026-05-28T18:54:14Z
2026-05-28T18:52:05Z,2026-05-28T20:52:05+0200,0ebf8cf8-6a6d-4569-a78c-2e9b11e999ad,2026-05-02T16:00:00Z,2026-05-02T18:00:00+0200,156.825,MW,BE,BE,forecast_onshore_wind_generation,Wind Onshore,2026-05-28T18:54:14Z
2026-05-28T18:52:05Z,2026-05-28T20:52:05+0200,0ebf8cf8-6a6d-4569-a78c-2e9b11e999ad,2026-05-02T17:00:00Z,2026-05-02T19:00:00+0200,146.125,MW,BE,BE,forecast_onshore_wind_generation,Wind Onshore,2026-05-28T18:54:14Z
2026-05-28T18:52:05Z,2026-05-28T20:52:05+0200,0ebf8cf8-6a6d-4569-a78c-2e9b11e999ad,2026-05-02T18:00:00Z,2026-05-02T20:00:00+0200,130.625,MW,BE,BE,forecast_onshore_wind_generation,Wind Onshore,2026-05-28T18:54:14Z
2026-05-28T18:52:05Z,2026-05-28T20:52:05+0200,0ebf8cf8-6a6d-4569-a78c-2e9b11e999ad,2026-05-02T19:00:00Z,2026-05-02T21:00:00+0200,158.125,MW,BE,BE,forecast_onshore_wind_generation,Wind Onshore,2026-05-28T18:54:14Z
2026-05-28T18:52:05Z,2026-05-28T20:52:05+0200,0ebf8cf8-6a6d-4569-a78c-2e9b11e999ad,2026-05-02T20:00:00Z,2026-05-02T22:00:00+0200,228.125,MW,BE,BE,forecast_onshore_wind_generation,Wind Onshore,2026-05-28T18:54:14Z
2026-05-28T18:52:05Z,2026-05-28T20:52:05+0200,0ebf8cf8-6a6d-4569-a78c-2e9b11e999ad,2026-05-02T21:00:00Z,2026-05-02T23:00:00+0200,313.05,MW,BE,BE,forecast_onshore_wind_generation,Wind Onshore,2026-05-28T18:54:14Z
2026-05-28T18:52:05Z,2026-05-28T20:52:05+0200,0ebf8cf8-6a6d-4569-a78c-2e9b11e999ad,2026-05-02T22:00:00Z,2026-05-03T00:00:00+0200,477.375,MW,BE,BE,forecast_onshore_wind_generation,Wind Onshore,2026-05-28T18:54:14Z
2026-05-28T18:52:05Z,2026-05-28T20:52:05+0200,0ebf8cf8-6a6d-4569-a78c-2e9b11e999ad,2026-05-02T23:00:00Z,2026-05-03T01:00:00+0200,492.25,MW,BE,BE,forecast_onshore_wind_generation,Wind Onshore,2026-05-28T18:54:14Z
2026-05-28T18:52:05Z,2026-05-28T20:52:05+0200,0ebf8cf8-6a6d-4569-a78c-2e9b11e999ad,2026-05-03T00:00:00Z,2026-05-03T02:00:00+0200,479.4,MW,BE,BE,forecast_onshore_wind_generation,Wind Onshore,2026-05-28T18:54:14Z
2026-05-28T18:52:05Z,2026-05-28T20:52:05+0200,0ebf8cf8-6a6d-4569-a78c-2e9b11e999ad,2026-05-03T01:00:00Z,2026-05-03T03:00:00+0200,465.2,MW,BE,BE,forecast_onshore_wind_generation,Wind Onshore,2026-05-28T18:54:14Z
2026-05-28T18:52:05Z,2026-05-28T20:52:05+0200,0ebf8cf8-6a6d-4569-a78c-2e9b11e999ad,2026-05-03T02:00:00Z,2026-05-03T04:00:00+0200,470.2,MW,BE,BE,forecast_onshore_wind_generation,Wind Onshore,2026-05-28T18:54:14Z
2026-05-28T18:52:05Z,2026-05-28T20:52:05+0200,0ebf8cf8-6a6d-4569-a78c-2e9b11e999ad,2026-05-03T03:00:00Z,2026-05-03T05:00:00+0200,480.65,MW,BE,BE,forecast_onshore_wind_generation,Wind Onshore,2026-05-28T18:54:14Z
2026-05-28T18:52:05Z,2026-05-28T20:52:05+0200,0ebf8cf8-6a6d-4569-a78c-2e9b11e999ad,2026-05-03T04:00:00Z,2026-05-03T06:00:00+0200,507.6,MW,BE,BE,forecast_onshore_wind_generation,Wind Onshore,2026-05-28T18:54:14Z
2026-05-28T18:52:05Z,2026-05-28T20:52:05+0200,0ebf8cf8-6a6d-4569-a78c-2e9b11e999ad,2026-05-03T05:00:00Z,2026-05-03T07:00:00+0200,522.075,MW,BE,BE,forecast_onshore_wind_generation,Wind Onshore,2026-05-28T18:54:14Z
2026-05-28T18:52:05Z,2026-05-28T20:52:05+0200,0ebf8cf8-6a6d-4569-a78c-2e9b11e999ad,2026-05-03T06:00:00Z,2026-05-03T08:00:00+0200,489.7,MW,BE,BE,forecast_onshore_wind_generation,Wind Onshore,2026-05-28T18:54:14Z
2026-05-28T18:52:05Z,2026-05-28T20:52:05+0200,0ebf8cf8-6a6d-4569-a78c-2e9b11e999ad,2026-05-03T07:00:00Z,2026-05-03T09:00:00+0200,445.025,MW,BE,BE,forecast_onshore_wind_generation,Wind Onshore,2026-05-28T18:54:14Z
2026-05-28T18:52:05Z,2026-05-28T20:52:05+0200,0ebf8cf8-6a6d-4569-a78c-2e9b11e999ad,2026-05-03T08:00:00Z,2026-05-03T10:00:00+0200,425.6,MW,BE,BE,forecast_onshore_wind_generation,Wind Onshore,2026-05-28T18:54:14Z
2026-05-28T18:52:05Z,2026-05-28T20:52:05+0200,0ebf8cf8-6a6d-4569-a78c-2e9b11e999ad,2026-05-03T09:00:00Z,2026-05-03T11:00:00+0200,427.25,MW,BE,BE,forecast_onshore_wind_generation,Wind Onshore,2026-05-28T18:54:14Z
2026-05-28T18:52:05Z,2026-05-28T20:52:05+0200,0ebf8cf8-6a6d-4569-a78c-2e9b11e999ad,2026-05-03T10:00:00Z,2026-05-03T12:00:00+0200,469.525,MW,BE,BE,forecast_onshore_wind_generation,Wind Onshore,2026-05-28T18:54:14Z
2026-05-28T18:52:05Z,2026-05-28T20:52:05+0200,0ebf8cf8-6a6d-4569-a78c-2e9b11e999ad,2026-05-03T11:00:00Z,2026-05-03T13:00:00+0200,576.35,MW,BE,BE,forecast_onshore_wind_generation,Wind Onshore,2026-05-28T18:54:14Z
2026-05-28T18:52:05Z,2026-05-28T20:52:05+0200,0ebf8cf8-6a6d-4569-a78c-2e9b11e999ad,2026-05-03T12:00:00Z,2026-05-03T14:00:00+0200,688.825,MW,BE,BE,forecast_onshore_wind_generation,Wind Onshore,2026-05-28T18:54:14Z
2026-05-28T18:52:05Z,2026-05-28T20:52:05+0200,0ebf8cf8-6a6d-4569-a78c-2e9b11e999ad,2026-05-03T13:00:00Z,2026-05-03T15:00:00+0200,731.225,MW,BE,BE,forecast_onshore_wind_generation,Wind Onshore,2026-05-28T18:54:14Z
2026-05-28T18:52:05Z,2026-05-28T20:52:05+0200,0ebf8cf8-6a6d-4569-a78c-2e9b11e999ad,2026-05-03T14:00:00Z,2026-05-03T16:00:00+0200,726.8,MW,BE,BE,forecast_onshore_wind_generation,Wind Onshore,2026-05-28T18:54:14Z
2026-05-28T18:52:05Z,2026-05-28T20:52:05+0200,0ebf8cf8-6a6d-4569-a78c-2e9b11e999ad,2026-05-03T15:00:00Z,2026-05-03T17:00:00+0200,649.675,MW,BE,BE,forecast_onshore_wind_generation,Wind Onshore,2026-05-28T18:54:14Z
2026-05-28T18:52:05Z,2026-05-28T20:52:05+0200,0ebf8cf8-6a6d-4569-a78c-2e9b11e999ad,2026-05-03T16:00:00Z,2026-05-03T18:00:00+0200,503.6,MW,BE,BE,forecast_onshore_wind_generation,Wind Onshore,2026-05-28T18:54:14Z
2026-05-28T18:52:05Z,2026-05-28T20:52:05+0200,0ebf8cf8-6a6d-4569-a78c-2e9b11e999ad,2026-05-03T17:00:00Z,2026-05-03T19:00:00+0200,366.625,MW,BE,BE,forecast_onshore_wind_generation,Wind Onshore,2026-05-28T18:54:14Z
2026-05-28T18:52:05Z,2026-05-28T20:52:05+0200,0ebf8cf8-6a6d-4569-a78c-2e9b11e999ad,2026-05-03T18:00:00Z,2026-05-03T20:00:00+0200,292.05,MW,BE,BE,forecast_onshore_wind_generation,Wind Onshore,2026-05-28T18:54:14Z
2026-05-28T18:52:05Z,2026-05-28T20:52:05+0200,0ebf8cf8-6a6d-4569-a78c-2e9b11e999ad,2026-05-03T19:00:00Z,2026-05-03T21:00:00+0200,257.825,MW,BE,BE,forecast_onshore_wind_generation,Wind Onshore,2026-05-28T18:54:14Z
2026-05-28T18:52:05Z,2026-05-28T20:52:05+0200,0ebf8cf8-6a6d-4569-a78c-2e9b11e999ad,2026-05-03T20:00:00Z,2026-05-03T22:00:00+0200,257.475,MW,BE,BE,forecast_onshore_wind_generation,Wind Onshore,2026-05-28T18:54:14Z
2026-05-28T18:52:05Z,2026-05-28T20:52:05+0200,0ebf8cf8-6a6d-4569-a78c-2e9b11e999ad,2026-05-03T21:00:00Z,2026-05-03T23:00:00+0200,268.8,MW,BE,BE,forecast_onshore_wind_generation,Wind Onshore,2026-05-28T18:54:14Z
2026-05-28T18:52:05Z,2026-05-28T20:52:05+0200,0ebf8cf8-6a6d-4569-a78c-2e9b11e999ad,2026-05-03T22:00:00Z,2026-05-04T00:00:00+0200,331.9,MW,BE,BE,forecast_onshore_wind_generation,Wind Onshore,2026-05-28T18:54:14Z
2026-05-28T18:52:05Z,2026-05-28T20:52:05+0200,0ebf8cf8-6a6d-4569-a78c-2e9b11e999ad,2026-05-03T23:00:00Z,2026-05-04T01:00:00+0200,328.225,MW,BE,BE,forecast_onshore_wind_generation,Wind Onshore,2026-05-28T18:54:14Z
2026-05-28T18:52:05Z,2026-05-28T20:52:05+0200,0ebf8cf8-6a6d-4569-a78c-2e9b11e999ad,2026-05-04T00:00:00Z,2026-05-04T02:00:00+0200,298.2,MW,BE,BE,forecast_onshore_wind_generation,Wind Onshore,2026-05-28T18:54:14Z
2026-05-28T18:52:05Z,2026-05-28T20:52:05+0200,0ebf8cf8-6a6d-4569-a78c-2e9b11e999ad,2026-05-04T01:00:00Z,2026-05-04T03:00:00+0200,266.325,MW,BE,BE,forecast_onshore_wind_generation,Wind Onshore,2026-05-28T18:54:14Z
2026-05-28T18:52:05Z,2026-05-28T20:52:05+0200,0ebf8cf8-6a6d-4569-a78c-2e9b11e999ad,2026-05-04T02:00:00Z,2026-05-04T04:00:00+0200,231.575,MW,BE,BE,forecast_onshore_wind_generation,Wind Onshore,2026-05-28T18:54:14Z
2026-05-28T18:52:05Z,2026-05-28T20:52:05+0200,0ebf8cf8-6a6d-4569-a78c-2e9b11e999ad,2026-05-04T03:00:00Z,2026-05-04T05:00:00+0200,189.0,MW,BE,BE,forecast_onshore_wind_generation,Wind Onshore,2026-05-28T18:54:14Z
2026-05-28T18:52:05Z,2026-05-28T20:52:05+0200,0ebf8cf8-6a6d-4569-a78c-2e9b11e999ad,2026-05-04T04:00:00Z,2026-05-04T06:00:00+0200,141.325,MW,BE,BE,forecast_onshore_wind_generation,Wind Onshore,2026-05-28T18:54:14Z
2026-05-28T18:52:05Z,2026-05-28T20:52:05+0200,0ebf8cf8-6a6d-4569-a78c-2e9b11e999ad,2026-05-04T05:00:00Z,2026-05-04T07:00:00+0200,80.45,MW,BE,BE,forecast_onshore_wind_generation,Wind Onshore,2026-05-28T18:54:14Z
2026-05-28T18:52:05Z,2026-05-28T20:52:05+0200,0ebf8cf8-6a6d-4569-a78c-2e9b11e999ad,2026-05-04T06:00:00Z,2026-05-04T08:00:00+0200,38.2,MW,BE,BE,forecast_onshore_wind_generation,Wind Onshore,2026-05-28T18:54:14Z
2026-05-28T18:52:05Z,2026-05-28T20:52:05+0200,0ebf8cf8-6a6d-4569-a78c-2e9b11e999ad,2026-05-04T07:00:00Z,2026-05-04T09:00:00+0200,23.25,MW,BE,BE,forecast_onshore_wind_generation,Wind Onshore,2026-05-28T18:54:14Z
2026-05-28T18:52:05Z,2026-05-28T20:52:05+0200,0ebf8cf8-6a6d-4569-a78c-2e9b11e999ad,2026-05-04T08:00:00Z,2026-05-04T10:00:00+0200,25.2,MW,BE,BE,forecast_onshore_wind_generation,Wind Onshore,2026-05-28T18:54:14Z
2026-05-28T18:52:05Z,2026-05-28T20:52:05+0200,0ebf8cf8-6a6d-4569-a78c-2e9b11e999ad,2026-05-04T09:00:00Z,2026-05-04T11:00:00+0200,28.8,MW,BE,BE,forecast_onshore_wind_generation,Wind Onshore,2026-05-28T18:54:14Z
2026-05-28T18:52:05Z,2026-05-28T20:52:05+0200,0ebf8cf8-6a6d-4569-a78c-2e9b11e999ad,2026-05-04T10:00:00Z,2026-05-04T12:00:00+0200,35.075,MW,BE,BE,forecast_onshore_wind_generation,Wind Onshore,2026-05-28T18:54:14Z
2026-05-28T18:52:05Z,2026-05-28T20:52:05+0200,0ebf8cf8-6a6d-4569-a78c-2e9b11e999ad,2026-05-04T11:00:00Z,2026-05-04T13:00:00+0200,43.175,MW,BE,BE,forecast_onshore_wind_generation,Wind Onshore,2026-05-28T18:54:14Z
2026-05-28T18:52:05Z,2026-05-28T20:52:05+0200,0ebf8cf8-6a6d-4569-a78c-2e9b11e999ad,2026-05-04T12:00:00Z,2026-05-04T14:00:00+0200,59.825,MW,BE,BE,forecast_onshore_wind_generation,Wind Onshore,2026-05-28T18:54:14Z
2026-05-28T18:52:05Z,2026-05-28T20:52:05+0200,0ebf8cf8-6a6d-4569-a78c-2e9b11e999ad,2026-05-04T13:00:00Z,2026-05-04T15:00:00+0200,85.875,MW,BE,BE,forecast_onshore_wind_generation,Wind Onshore,2026-05-28T18:54:14Z
2026-05-28T18:52:05Z,2026-05-28T20:52:05+0200,0ebf8cf8-6a6d-4569-a78c-2e9b11e999ad,2026-05-04T14:00:00Z,2026-05-04T16:00:00+0200,122.275,MW,BE,BE,forecast_onshore_wind_generation,Wind Onshore,2026-05-28T18:54:14Z
2026-05-28T18:52:05Z,2026-05-28T20:52:05+0200,0ebf8cf8-6a6d-4569-a78c-2e9b11e999ad,2026-05-04T15:00:00Z,2026-05-04T17:00:00+0200,140.35,MW,BE,BE,forecast_onshore_wind_generation,Wind Onshore,2026-05-28T18:54:14Z
2026-05-28T18:52:05Z,2026-05-28T20:52:05+0200,0ebf8cf8-6a6d-4569-a78c-2e9b11e999ad,2026-05-04T16:00:00Z,2026-05-04T18:00:00+0200,143.5,MW,BE,BE,forecast_onshore_wind_generation,Wind Onshore,2026-05-28T18:54:14Z
2026-05-28T18:52:05Z,2026-05-28T20:52:05+0200,0ebf8cf8-6a6d-4569-a78c-2e9b11e999ad,2026-05-04T17:00:00Z,2026-05-04T19:00:00+0200,148.55,MW,BE,BE,forecast_onshore_wind_generation,Wind Onshore,2026-05-28T18:54:14Z
2026-05-28T18:52:05Z,2026-05-28T20:52:05+0200,0ebf8cf8-6a6d-4569-a78c-2e9b11e999ad,2026-05-04T18:00:00Z,2026-05-04T20:00:00+0200,167.95,MW,BE,BE,forecast_onshore_wind_generation,Wind Onshore,2026-05-28T18:54:14Z
2026-05-28T18:52:05Z,2026-05-28T20:52:05+0200,0ebf8cf8-6a6d-4569-a78c-2e9b11e999ad,2026-05-04T19:00:00Z,2026-05-04T21:00:00+0200,189.4,MW,BE,BE,forecast_onshore_wind_generation,Wind Onshore,2026-05-28T18:54:14Z
2026-05-28T18:52:05Z,2026-05-28T20:52:05+0200,0ebf8cf8-6a6d-4569-a78c-2e9b11e999ad,2026-05-04T20:00:00Z,2026-05-04T22:00:00+0200,202.15,MW,BE,BE,forecast_onshore_wind_generation,Wind Onshore,2026-05-28T18:54:14Z
2026-05-28T18:52:05Z,2026-05-28T20:52:05+0200,0ebf8cf8-6a6d-4569-a78c-2e9b11e999ad,2026-05-04T21:00:00Z,2026-05-04T23:00:00+0200,209.2,MW,BE,BE,forecast_onshore_wind_generation,Wind Onshore,2026-05-28T18:54:14Z
2026-05-28T18:52:05Z,2026-05-28T20:52:05+0200,0ebf8cf8-6a6d-4569-a78c-2e9b11e999ad,2026-05-04T22:00:00Z,2026-05-05T00:00:00+0200,206.6,MW,BE,BE,forecast_onshore_wind_generation,Wind Onshore,2026-05-28T18:54:14Z
2026-05-28T18:52:05Z,2026-05-28T20:52:05+0200,0ebf8cf8-6a6d-4569-a78c-2e9b11e999ad,2026-05-04T23:00:00Z,2026-05-05T01:00:00+0200,227.875,MW,BE,BE,forecast_onshore_wind_generation,Wind Onshore,2026-05-28T18:54:14Z
2026-05-28T18:52:05Z,2026-05-28T20:52:05+0200,0ebf8cf8-6a6d-4569-a78c-2e9b11e999ad,2026-05-05T00:00:00Z,2026-05-05T02:00:00+0200,246.2,MW,BE,BE,forecast_onshore_wind_generation,Wind Onshore,2026-05-28T18:54:14Z
2026-05-28T18:52:05Z,2026-05-28T20:52:05+0200,0ebf8cf8-6a6d-4569-a78c-2e9b11e999ad,2026-05-05T01:00:00Z,2026-05-05T03:00:00+0200,255.35,MW,BE,BE,forecast_onshore_wind_generation,Wind Onshore,2026-05-28T18:54:14Z
2026-05-28T18:52:05Z,2026-05-28T20:52:05+0200,0ebf8cf8-6a6d-4569-a78c-2e9b11e999ad,2026-05-05T02:00:00Z,2026-05-05T04:00:00+0200,252.2,MW,BE,BE,forecast_onshore_wind_generation,Wind Onshore,2026-05-28T18:54:14Z
2026-05-28T18:52:05Z,2026-05-28T20:52:05+0200,0ebf8cf8-6a6d-4569-a78c-2e9b11e999ad,2026-05-05T03:00:00Z,2026-05-05T05:00:00+0200,240.775,MW,BE,BE,forecast_onshore_wind_generation,Wind Onshore,2026-05-28T18:54:14Z
2026-05-28T18:52:05Z,2026-05-28T20:52:05+0200,0ebf8cf8-6a6d-4569-a78c-2e9b11e999ad,2026-05-05T04:00:00Z,2026-05-05T06:00:00+0200,231.575,MW,BE,BE,forecast_onshore_wind_generation,Wind Onshore,2026-05-28T18:54:14Z
2026-05-28T18:52:05Z,2026-05-28T20:52:05+0200,0ebf8cf8-6a6d-4569-a78c-2e9b11e999ad,2026-05-05T05:00:00Z,2026-05-05T07:00:00+0200,225.2,MW,BE,BE,forecast_onshore_wind_generation,Wind Onshore,2026-05-28T18:54:14Z
2026-05-28T18:52:05Z,2026-05-28T20:52:05+0200,0ebf8cf8-6a6d-4569-a78c-2e9b11e999ad,2026-05-05T06:00:00Z,2026-05-05T08:00:00+0200,248.7,MW,BE,BE,forecast_onshore_wind_generation,Wind Onshore,2026-05-28T18:54:14Z
2026-05-28T18:52:05Z,2026-05-28T20:52:05+0200,0ebf8cf8-6a6d-4569-a78c-2e9b11e999ad,2026-05-05T07:00:00Z,2026-05-05T09:00:00+0200,296.0,MW,BE,BE,forecast_onshore_wind_generation,Wind Onshore,2026-05-28T18:54:14Z
2026-05-28T18:52:05Z,2026-05-28T20:52:05+0200,0ebf8cf8-6a6d-4569-a78c-2e9b11e999ad,2026-05-05T08:00:00Z,2026-05-05T10:00:00+0200,358.85,MW,BE,BE,forecast_onshore_wind_generation,Wind Onshore,2026-05-28T18:54:14Z
2026-05-28T18:52:05Z,2026-05-28T20:52:05+0200,0ebf8cf8-6a6d-4569-a78c-2e9b11e999ad,2026-05-05T09:00:00Z,2026-05-05T11:00:00+0200,405.5,MW,BE,BE,forecast_onshore_wind_generation,Wind Onshore,2026-05-28T18:54:14Z
2026-05-28T18:52:05Z,2026-05-28T20:52:05+0200,0ebf8cf8-6a6d-4569-a78c-2e9b11e999ad,2026-05-05T10:00:00Z,2026-05-05T12:00:00+0200,428.675,MW,BE,BE,forecast_onshore_wind_generation,Wind Onshore,2026-05-28T18:54:14Z
2026-05-28T18:52:05Z,2026-05-28T20:52:05+0200,0ebf8cf8-6a6d-4569-a78c-2e9b11e999ad,2026-05-05T11:00:00Z,2026-05-05T13:00:00+0200,455.475,MW,BE,BE,forecast_onshore_wind_generation,Wind Onshore,2026-05-28T18:54:14Z
2026-05-28T18:52:05Z,2026-05-28T20:52:05+0200,0ebf8cf8-6a6d-4569-a78c-2e9b11e999ad,2026-05-05T12:00:00Z,2026-05-05T14:00:00+0200,494.75,MW,BE,BE,forecast_onshore_wind_generation,Wind Onshore,2026-05-28T18:54:14Z
2026-05-28T18:52:05Z,2026-05-28T20:52:05+0200,0ebf8cf8-6a6d-4569-a78c-2e9b11e999ad,2026-05-05T13:00:00Z,2026-05-05T15:00:00+0200,539.825,MW,BE,BE,forecast_onshore_wind_generation,Wind Onshore,2026-05-28T18:54:14Z
2026-05-28T18:52:05Z,2026-05-28T20:52:05+0200,0ebf8cf8-6a6d-4569-a78c-2e9b11e999ad,2026-05-05T14:00:00Z,2026-05-05T16:00:00+0200,570.225,MW,BE,BE,forecast_onshore_wind_generation,Wind Onshore,2026-05-28T18:54:14Z
2026-05-28T18:52:05Z,2026-05-28T20:52:05+0200,0ebf8cf8-6a6d-4569-a78c-2e9b11e999ad,2026-05-05T15:00:00Z,2026-05-05T17:00:00+0200,581.0,MW,BE,BE,forecast_onshore_wind_generation,Wind Onshore,2026-05-28T18:54:14Z
2026-05-28T18:52:05Z,2026-05-28T20:52:05+0200,0ebf8cf8-6a6d-4569-a78c-2e9b11e999ad,2026-05-05T16:00:00Z,2026-05-05T18:00:00+0200,600.3,MW,BE,BE,forecast_onshore_wind_generation,Wind Onshore,2026-05-28T18:54:14Z
2026-05-28T18:52:05Z,2026-05-28T20:52:05+0200,0ebf8cf8-6a6d-4569-a78c-2e9b11e999ad,2026-05-05T17:00:00Z,2026-05-05T19:00:00+0200,643.75,MW,BE,BE,forecast_onshore_wind_generation,Wind Onshore,2026-05-28T18:54:14Z
2026-05-28T18:52:05Z,2026-05-28T20:52:05+0200,0ebf8cf8-6a6d-4569-a78c-2e9b11e999ad,2026-05-05T18:00:00Z,2026-05-05T20:00:00+0200,723.475,MW,BE,BE,forecast_onshore_wind_generation,Wind Onshore,2026-05-28T18:54:14Z
2026-05-28T18:52:05Z,2026-05-28T20:52:05+0200,0ebf8cf8-6a6d-4569-a78c-2e9b11e999ad,2026-05-05T19:00:00Z,2026-05-05T21:00:00+0200,805.575,MW,BE,BE,forecast_onshore_wind_generation,Wind Onshore,2026-05-28T18:54:14Z
2026-05-28T18:52:05Z,2026-05-28T20:52:05+0200,0ebf8cf8-6a6d-4569-a78c-2e9b11e999ad,2026-05-05T20:00:00Z,2026-05-05T22:00:00+0200,854.65,MW,BE,BE,forecast_onshore_wind_generation,Wind Onshore,2026-05-28T18:54:14Z
2026-05-28T18:52:05Z,2026-05-28T20:52:05+0200,0ebf8cf8-6a6d-4569-a78c-2e9b11e999ad,2026-05-05T21:00:00Z,2026-05-05T23:00:00+0200,899.65,MW,BE,BE,forecast_onshore_wind_generation,Wind Onshore,2026-05-28T18:54:14Z
2026-05-28T18:52:05Z,2026-05-28T20:52:05+0200,0ebf8cf8-6a6d-4569-a78c-2e9b11e999ad,2026-05-05T22:00:00Z,2026-05-06T00:00:00+0200,856.6,MW,BE,BE,forecast_onshore_wind_generation,Wind Onshore,2026-05-28T18:54:14Z
2026-05-28T18:52:05Z,2026-05-28T20:52:05+0200,0ebf8cf8-6a6d-4569-a78c-2e9b11e999ad,2026-05-05T23:00:00Z,2026-05-06T01:00:00+0200,869.275,MW,BE,BE,forecast_onshore_wind_generation,Wind Onshore,2026-05-28T18:54:14Z
2026-05-28T18:52:05Z,2026-05-28T20:52:05+0200,0ebf8cf8-6a6d-4569-a78c-2e9b11e999ad,2026-05-06T00:00:00Z,2026-05-06T02:00:00+0200,821.425,MW,BE,BE,forecast_onshore_wind_generation,Wind Onshore,2026-05-28T18:54:14Z
2026-05-28T18:52:05Z,2026-05-28T20:52:05+0200,0ebf8cf8-6a6d-4569-a78c-2e9b11e999ad,2026-05-06T01:00:00Z,2026-05-06T03:00:00+0200,763.25,MW,BE,BE,forecast_onshore_wind_generation,Wind Onshore,2026-05-28T18:54:14Z
2026-05-28T18:52:05Z,2026-05-28T20:52:05+0200,0ebf8cf8-6a6d-4569-a78c-2e9b11e999ad,2026-05-06T02:00:00Z,2026-05-06T04:00:00+0200,722.1,MW,BE,BE,forecast_onshore_wind_generation,Wind Onshore,2026-05-28T18:54:14Z
2026-05-28T18:52:05Z,2026-05-28T20:52:05+0200,0ebf8cf8-6a6d-4569-a78c-2e9b11e999ad,2026-05-06T03:00:00Z,2026-05-06T05:00:00+0200,679.9,MW,BE,BE,forecast_onshore_wind_generation,Wind Onshore,2026-05-28T18:54:14Z
2026-05-28T18:52:05Z,2026-05-28T20:52:05+0200,0ebf8cf8-6a6d-4569-a78c-2e9b11e999ad,2026-05-06T04:00:00Z,2026-05-06T06:00:00+0200,656.625,MW,BE,BE,forecast_onshore_wind_generation,Wind Onshore,2026-05-28T18:54:14Z
2026-05-28T18:52:05Z,2026-05-28T20:52:05+0200,0ebf8cf8-6a6d-4569-a78c-2e9b11e999ad,2026-05-06T05:00:00Z,2026-05-06T07:00:00+0200,633.3,MW,BE,BE,forecast_onshore_wind_generation,Wind Onshore,2026-05-28T18:54:14Z
2026-05-28T18:52:05Z,2026-05-28T20:52:05+0200,0ebf8cf8-6a6d-4569-a78c-2e9b11e999ad,2026-05-06T06:00:00Z,2026-05-06T08:00:00+0200,610.4,MW,BE,BE,forecast_onshore_wind_generation,Wind Onshore,2026-05-28T18:54:14Z
2026-05-28T18:52:05Z,2026-05-28T20:52:05+0200,0ebf8cf8-6a6d-4569-a78c-2e9b11e999ad,2026-05-06T07:00:00Z,2026-05-06T09:00:00+0200,621.05,MW,BE,BE,forecast_onshore_wind_generation,Wind Onshore,2026-05-28T18:54:14Z
2026-05-28T18:52:05Z,2026-05-28T20:52:05+0200,0ebf8cf8-6a6d-4569-a78c-2e9b11e999ad,2026-05-06T08:00:00Z,2026-05-06T10:00:00+0200,645.45,MW,BE,BE,forecast_onshore_wind_generation,Wind Onshore,2026-05-28T18:54:14Z
2026-05-28T18:52:05Z,2026-05-28T20:52:05+0200,0ebf8cf8-6a6d-4569-a78c-2e9b11e999ad,2026-05-06T09:00:00Z,2026-05-06T11:00:00+0200,637.0,MW,BE,BE,forecast_onshore_wind_generation,Wind Onshore,2026-05-28T18:54:14Z
2026-05-28T18:52:05Z,2026-05-28T20:52:05+0200,0ebf8cf8-6a6d-4569-a78c-2e9b11e999ad,2026-05-06T10:00:00Z,2026-05-06T12:00:00+0200,609.9,MW,BE,BE,forecast_onshore_wind_generation,Wind Onshore,2026-05-28T18:54:14Z
2026-05-28T18:52:05Z,2026-05-28T20:52:05+0200,0ebf8cf8-6a6d-4569-a78c-2e9b11e999ad,2026-05-06T11:00:00Z,2026-05-06T13:00:00+0200,571.55,MW,BE,BE,forecast_onshore_wind_generation,Wind Onshore,2026-05-28T18:54:14Z
2026-05-28T18:52:05Z,2026-05-28T20:52:05+0200,0ebf8cf8-6a6d-4569-a78c-2e9b11e999ad,2026-05-06T12:00:00Z,2026-05-06T14:00:00+0200,520.9,MW,BE,BE,forecast_onshore_wind_generation,Wind Onshore,2026-05-28T18:54:14Z
2026-05-28T18:52:05Z,2026-05-28T20:52:05+0200,0ebf8cf8-6a6d-4569-a78c-2e9b11e999ad,2026-05-06T13:00:00Z,2026-05-06T15:00:00+0200,489.625,MW,BE,BE,forecast_onshore_wind_generation,Wind Onshore,2026-05-28T18:54:14Z
2026-05-28T18:52:05Z,2026-05-28T20:52:05+0200,0ebf8cf8-6a6d-4569-a78c-2e9b11e999ad,2026-05-06T14:00:00Z,2026-05-06T16:00:00+0200,473.775,MW,BE,BE,forecast_onshore_wind_generation,Wind Onshore,2026-05-28T18:54:14Z
2026-05-28T18:52:05Z,2026-05-28T20:52:05+0200,0ebf8cf8-6a6d-4569-a78c-2e9b11e999ad,2026-05-06T15:00:00Z,2026-05-06T17:00:00+0200,456.325,MW,BE,BE,forecast_onshore_wind_generation,Wind Onshore,2026-05-28T18:54:14Z
2026-05-28T18:52:05Z,2026-05-28T20:52:05+0200,0ebf8cf8-6a6d-4569-a78c-2e9b11e999ad,2026-05-06T16:00:00Z,2026-05-06T18:00:00+0200,425.075,MW,BE,BE,forecast_onshore_wind_generation,Wind Onshore,2026-05-28T18:54:14Z
2026-05-28T18:52:05Z,2026-05-28T20:52:05+0200,0ebf8cf8-6a6d-4569-a78c-2e9b11e999ad,2026-05-06T17:00:00Z,2026-05-06T19:00:00+0200,394.125,MW,BE,BE,forecast_onshore_wind_generation,Wind Onshore,2026-05-28T18:54:14Z
2026-05-28T18:52:05Z,2026-05-28T20:52:05+0200,0ebf8cf8-6a6d-4569-a78c-2e9b11e999ad,2026-05-06T18:00:00Z,2026-05-06T20:00:00+0200,375.05,MW,BE,BE,forecast_onshore_wind_generation,Wind Onshore,2026-05-28T18:54:14Z
2026-05-28T18:52:05Z,2026-05-28T20:52:05+0200,0ebf8cf8-6a6d-4569-a78c-2e9b11e999ad,2026-05-06T19:00:00Z,2026-05-06T21:00:00+0200,366.95,MW,BE,BE,forecast_onshore_wind_generation,Wind Onshore,2026-05-28T18:54:14Z
2026-05-28T18:52:05Z,2026-05-28T20:52:05+0200,0ebf8cf8-6a6d-4569-a78c-2e9b11e999ad,2026-05-06T20:00:00Z,2026-05-06T22:00:00+0200,363.025,MW,BE,BE,forecast_onshore_wind_generation,Wind Onshore,2026-05-28T18:54:14Z
2026-05-28T18:52:05Z,2026-05-28T20:52:05+0200,0ebf8cf8-6a6d-4569-a78c-2e9b11e999ad,2026-05-06T21:00:00Z,2026-05-06T23:00:00+0200,350.625,MW,BE,BE,forecast_onshore_wind_generation,Wind Onshore,2026-05-28T18:54:14Z
2026-05-28T18:52:05Z,2026-05-28T20:52:05+0200,0ebf8cf8-6a6d-4569-a78c-2e9b11e999ad,2026-05-06T22:00:00Z,2026-05-07T00:00:00+0200,186.725,MW,BE,BE,forecast_onshore_wind_generation,Wind Onshore,2026-05-28T18:54:14Z
2026-05-28T18:52:05Z,2026-05-28T20:52:05+0200,0ebf8cf8-6a6d-4569-a78c-2e9b11e999ad,2026-05-06T23:00:00Z,2026-05-07T01:00:00+0200,153.85,MW,BE,BE,forecast_onshore_wind_generation,Wind Onshore,2026-05-28T18:54:14Z
2026-05-28T18:52:05Z,2026-05-28T20:52:05+0200,0ebf8cf8-6a6d-4569-a78c-2e9b11e999ad,2026-05-07T00:00:00Z,2026-05-07T02:00:00+0200,137.6,MW,BE,BE,forecast_onshore_wind_generation,Wind Onshore,2026-05-28T18:54:14Z
2026-05-28T18:52:05Z,2026-05-28T20:52:05+0200,0ebf8cf8-6a6d-4569-a78c-2e9b11e999ad,2026-05-07T01:00:00Z,2026-05-07T03:00:00+0200,133.0,MW,BE,BE,forecast_onshore_wind_generation,Wind Onshore,2026-05-28T18:54:14Z
2026-05-28T18:52:05Z,2026-05-28T20:52:05+0200,0ebf8cf8-6a6d-4569-a78c-2e9b11e999ad,2026-05-07T02:00:00Z,2026-05-07T04:00:00+0200,130.875,MW,BE,BE,forecast_onshore_wind_generation,Wind Onshore,2026-05-28T18:54:14Z
2026-05-28T18:52:05Z,2026-05-28T20:52:05+0200,0ebf8cf8-6a6d-4569-a78c-2e9b11e999ad,2026-05-07T03:00:00Z,2026-05-07T05:00:00+0200,125.275,MW,BE,BE,forecast_onshore_wind_generation,Wind Onshore,2026-05-28T18:54:14Z
2026-05-28T18:52:05Z,2026-05-28T20:52:05+0200,0ebf8cf8-6a6d-4569-a78c-2e9b11e999ad,2026-05-07T04:00:00Z,2026-05-07T06:00:00+0200,111.275,MW,BE,BE,forecast_onshore_wind_generation,Wind Onshore,2026-05-28T18:54:14Z
2026-05-28T18:52:05Z,2026-05-28T20:52:05+0200,0ebf8cf8-6a6d-4569-a78c-2e9b11e999ad,2026-05-07T05:00:00Z,2026-05-07T07:00:00+0200,79.275,MW,BE,BE,forecast_onshore_wind_generation,Wind Onshore,2026-05-28T18:54:14Z
2026-05-28T18:52:05Z,2026-05-28T20:52:05+0200,0ebf8cf8-6a6d-4569-a78c-2e9b11e999ad,2026-05-07T06:00:00Z,2026-05-07T08:00:00+0200,37.15,MW,BE,BE,forecast_onshore_wind_generation,Wind Onshore,2026-05-28T18:54:14Z
2026-05-28T18:52:05Z,2026-05-28T20:52:05+0200,0ebf8cf8-6a6d-4569-a78c-2e9b11e999ad,2026-05-07T07:00:00Z,2026-05-07T09:00:00+0200,18.875,MW,BE,BE,forecast_onshore_wind_generation,Wind Onshore,2026-05-28T18:54:14Z
2026-05-28T18:52:05Z,2026-05-28T20:52:05+0200,0ebf8cf8-6a6d-4569-a78c-2e9b11e999ad,2026-05-07T08:00:00Z,2026-05-07T10:00:00+0200,14.075,MW,BE,BE,forecast_onshore_wind_generation,Wind Onshore,2026-05-28T18:54:14Z
2026-05-28T18:52:05Z,2026-05-28T20:52:05+0200,0ebf8cf8-6a6d-4569-a78c-2e9b11e999ad,2026-05-07T09:00:00Z,2026-05-07T11:00:00+0200,15.825,MW,BE,BE,forecast_onshore_wind_generation,Wind Onshore,2026-05-28T18:54:14Z
2026-05-28T18:52:05Z,2026-05-28T20:52:05+0200,0ebf8cf8-6a6d-4569-a78c-2e9b11e999ad,2026-05-07T10:00:00Z,2026-05-07T12:00:00+0200,19.3,MW,BE,BE,forecast_onshore_wind_generation,Wind Onshore,2026-05-28T18:54:14Z
2026-05-28T18:52:05Z,2026-05-28T20:52:05+0200,0ebf8cf8-6a6d-4569-a78c-2e9b11e999ad,2026-05-07T11:00:00Z,2026-05-07T13:00:00+0200,18.7,MW,BE,BE,forecast_onshore_wind_generation,Wind Onshore,2026-05-28T18:54:14Z
2026-05-28T18:52:05Z,2026-05-28T20:52:05+0200,0ebf8cf8-6a6d-4569-a78c-2e9b11e999ad,2026-05-07T12:00:00Z,2026-05-07T14:00:00+0200,18.5,MW,BE,BE,forecast_onshore_wind_generation,Wind Onshore,2026-05-28T18:54:14Z
2026-05-28T18:52:05Z,2026-05-28T20:52:05+0200,0ebf8cf8-6a6d-4569-a78c-2e9b11e999ad,2026-05-07T13:00:00Z,2026-05-07T15:00:00+0200,22.1,MW,BE,BE,forecast_onshore_wind_generation,Wind Onshore,2026-05-28T18:54:14Z
2026-05-28T18:52:05Z,2026-05-28T20:52:05+0200,0ebf8cf8-6a6d-4569-a78c-2e9b11e999ad,2026-05-07T14:00:00Z,2026-05-07T16:00:00+0200,26.225,MW,BE,BE,forecast_onshore_wind_generation,Wind Onshore,2026-05-28T18:54:14Z
2026-05-28T18:52:05Z,2026-05-28T20:52:05+0200,0ebf8cf8-6a6d-4569-a78c-2e9b11e999ad,2026-05-07T15:00:00Z,2026-05-07T17:00:00+0200,30.075,MW,BE,BE,forecast_onshore_wind_generation,Wind Onshore,2026-05-28T18:54:14Z
2026-05-28T18:52:05Z,2026-05-28T20:52:05+0200,0ebf8cf8-6a6d-4569-a78c-2e9b11e999ad,2026-05-07T16:00:00Z,2026-05-07T18:00:00+0200,33.15,MW,BE,BE,forecast_onshore_wind_generation,Wind Onshore,2026-05-28T18:54:14Z
2026-05-28T18:52:05Z,2026-05-28T20:52:05+0200,0ebf8cf8-6a6d-4569-a78c-2e9b11e999ad,2026-05-07T17:00:00Z,2026-05-07T19:00:00+0200,42.3,MW,BE,BE,forecast_onshore_wind_generation,Wind Onshore,2026-05-28T18:54:14Z
2026-05-28T18:52:05Z,2026-05-28T20:52:05+0200,0ebf8cf8-6a6d-4569-a78c-2e9b11e999ad,2026-05-07T18:00:00Z,2026-05-07T20:00:00+0200,83.55,MW,BE,BE,forecast_onshore_wind_generation,Wind Onshore,2026-05-28T18:54:14Z
2026-05-28T18:52:05Z,2026-05-28T20:52:05+0200,0ebf8cf8-6a6d-4569-a78c-2e9b11e999ad,2026-05-07T19:00:00Z,2026-05-07T21:00:00+0200,149.925,MW,BE,BE,forecast_onshore_wind_generation,Wind Onshore,2026-05-28T18:54:14Z
2026-05-28T18:52:05Z,2026-05-28T20:52:05+0200,0ebf8cf8-6a6d-4569-a78c-2e9b11e999ad,2026-05-07T20:00:00Z,2026-05-07T22:00:00+0200,204.5,MW,BE,BE,forecast_onshore_wind_generation,Wind Onshore,2026-05-28T18:54:14Z
2026-05-28T18:52:05Z,2026-05-28T20:52:05+0200,0ebf8cf8-6a6d-4569-a78c-2e9b11e999ad,2026-05-07T21:00:00Z,2026-05-07T23:00:00+0200,228.675,MW,BE,BE,forecast_onshore_wind_generation,Wind Onshore,2026-05-28T18:54:14Z
2026-05-28T18:52:05Z,2026-05-28T20:52:05+0200,0ebf8cf8-6a6d-4569-a78c-2e9b11e999ad,2026-05-07T22:00:00Z,2026-05-08T00:00:00+0200,234.075,MW,BE,BE,forecast_onshore_wind_generation,Wind Onshore,2026-05-28T18:54:14Z
2026-05-28T18:52:05Z,2026-05-28T20:52:05+0200,0ebf8cf8-6a6d-4569-a78c-2e9b11e999ad,2026-05-07T23:00:00Z,2026-05-08T01:00:00+0200,242.6,MW,BE,BE,forecast_onshore_wind_generation,Wind Onshore,2026-05-28T18:54:14Z
2026-05-28T18:52:05Z,2026-05-28T20:52:05+0200,0ebf8cf8-6a6d-4569-a78c-2e9b11e999ad,2026-05-08T00:00:00Z,2026-05-08T02:00:00+0200,246.15,MW,BE,BE,forecast_onshore_wind_generation,Wind Onshore,2026-05-28T18:54:14Z
2026-05-28T18:52:05Z,2026-05-28T20:52:05+0200,0ebf8cf8-6a6d-4569-a78c-2e9b11e999ad,2026-05-08T01:00:00Z,2026-05-08T03:00:00+0200,232.85,MW,BE,BE,forecast_onshore_wind_generation,Wind Onshore,2026-05-28T18:54:14Z
2026-05-28T18:52:05Z,2026-05-28T20:52:05+0200,0ebf8cf8-6a6d-4569-a78c-2e9b11e999ad,2026-05-08T02:00:00Z,2026-05-08T04:00:00+0200,210.775,MW,BE,BE,forecast_onshore_wind_generation,Wind Onshore,2026-05-28T18:54:14Z
2026-05-28T18:52:05Z,2026-05-28T20:52:05+0200,0ebf8cf8-6a6d-4569-a78c-2e9b11e999ad,2026-05-08T03:00:00Z,2026-05-08T05:00:00+0200,190.7,MW,BE,BE,forecast_onshore_wind_generation,Wind Onshore,2026-05-28T18:54:14Z
2026-05-28T18:52:05Z,2026-05-28T20:52:05+0200,0ebf8cf8-6a6d-4569-a78c-2e9b11e999ad,2026-05-08T04:00:00Z,2026-05-08T06:00:00+0200,184.95,MW,BE,BE,forecast_onshore_wind_generation,Wind Onshore,2026-05-28T18:54:14Z
2026-05-28T18:52:05Z,2026-05-28T20:52:05+0200,0ebf8cf8-6a6d-4569-a78c-2e9b11e999ad,2026-05-08T05:00:00Z,2026-05-08T07:00:00+0200,183.675,MW,BE,BE,forecast_onshore_wind_generation,Wind Onshore,2026-05-28T18:54:14Z
2026-05-28T18:52:05Z,2026-05-28T20:52:05+0200,0ebf8cf8-6a6d-4569-a78c-2e9b11e999ad,2026-05-08T06:00:00Z,2026-05-08T08:00:00+0200,131.15,MW,BE,BE,forecast_onshore_wind_generation,Wind Onshore,2026-05-28T18:54:14Z
2026-05-28T18:52:05Z,2026-05-28T20:52:05+0200,0ebf8cf8-6a6d-4569-a78c-2e9b11e999ad,2026-05-08T07:00:00Z,2026-05-08T09:00:00+0200,53.25,MW,BE,BE,forecast_onshore_wind_generation,Wind Onshore,2026-05-28T18:54:14Z
2026-05-28T18:52:05Z,2026-05-28T20:52:05+0200,0ebf8cf8-6a6d-4569-a78c-2e9b11e999ad,2026-05-08T08:00:00Z,2026-05-08T10:00:00+0200,38.375,MW,BE,BE,forecast_onshore_wind_generation,Wind Onshore,2026-05-28T18:54:14Z
2026-05-28T18:52:05Z,2026-05-28T20:52:05+0200,0ebf8cf8-6a6d-4569-a78c-2e9b11e999ad,2026-05-08T09:00:00Z,2026-05-08T11:00:00+0200,63.7,MW,BE,BE,forecast_onshore_wind_generation,Wind Onshore,2026-05-28T18:54:14Z
2026-05-28T18:52:05Z,2026-05-28T20:52:05+0200,0ebf8cf8-6a6d-4569-a78c-2e9b11e999ad,2026-05-08T10:00:00Z,2026-05-08T12:00:00+0200,75.875,MW,BE,BE,forecast_onshore_wind_generation,Wind Onshore,2026-05-28T18:54:14Z
2026-05-28T18:52:05Z,2026-05-28T20:52:05+0200,0ebf8cf8-6a6d-4569-a78c-2e9b11e999ad,2026-05-08T11:00:00Z,2026-05-08T13:00:00+0200,67.6,MW,BE,BE,forecast_onshore_wind_generation,Wind Onshore,2026-05-28T18:54:14Z
2026-05-28T18:52:05Z,2026-05-28T20:52:05+0200,0ebf8cf8-6a6d-4569-a78c-2e9b11e999ad,2026-05-08T12:00:00Z,2026-05-08T14:00:00+0200,51.725,MW,BE,BE,forecast_onshore_wind_generation,Wind Onshore,2026-05-28T18:54:14Z
2026-05-28T18:52:05Z,2026-05-28T20:52:05+0200,0ebf8cf8-6a6d-4569-a78c-2e9b11e999ad,2026-05-08T13:00:00Z,2026-05-08T15:00:00+0200,51.3,MW,BE,BE,forecast_onshore_wind_generation,Wind Onshore,2026-05-28T18:54:14Z
2026-05-28T18:52:05Z,2026-05-28T20:52:05+0200,0ebf8cf8-6a6d-4569-a78c-2e9b11e999ad,2026-05-08T14:00:00Z,2026-05-08T16:00:00+0200,59.525,MW,BE,BE,forecast_onshore_wind_generation,Wind Onshore,2026-05-28T18:54:14Z
2026-05-28T18:52:05Z,2026-05-28T20:52:05+0200,0ebf8cf8-6a6d-4569-a78c-2e9b11e999ad,2026-05-08T15:00:00Z,2026-05-08T17:00:00+0200,76.15,MW,BE,BE,forecast_onshore_wind_generation,Wind Onshore,2026-05-28T18:54:14Z
2026-05-28T18:52:05Z,2026-05-28T20:52:05+0200,0ebf8cf8-6a6d-4569-a78c-2e9b11e999ad,2026-05-08T16:00:00Z,2026-05-08T18:00:00+0200,111.7,MW,BE,BE,forecast_onshore_wind_generation,Wind Onshore,2026-05-28T18:54:14Z
2026-05-28T18:52:05Z,2026-05-28T20:52:05+0200,0ebf8cf8-6a6d-4569-a78c-2e9b11e999ad,2026-05-08T17:00:00Z,2026-05-08T19:00:00+0200,170.775,MW,BE,BE,forecast_onshore_wind_generation,Wind Onshore,2026-05-28T18:54:14Z
2026-05-28T18:52:05Z,2026-05-28T20:52:05+0200,0ebf8cf8-6a6d-4569-a78c-2e9b11e999ad,2026-05-08T18:00:00Z,2026-05-08T20:00:00+0200,255.5,MW,BE,BE,forecast_onshore_wind_generation,Wind Onshore,2026-05-28T18:54:14Z
2026-05-28T18:52:05Z,2026-05-28T20:52:05+0200,0ebf8cf8-6a6d-4569-a78c-2e9b11e999ad,2026-05-08T19:00:00Z,2026-05-08T21:00:00+0200,363.85,MW,BE,BE,forecast_onshore_wind_generation,Wind Onshore,2026-05-28T18:54:14Z
2026-05-28T18:52:05Z,2026-05-28T20:52:05+0200,0ebf8cf8-6a6d-4569-a78c-2e9b11e999ad,2026-05-08T20:00:00Z,2026-05-08T22:00:00+0200,458.2,MW,BE,BE,forecast_onshore_wind_generation,Wind Onshore,2026-05-28T18:54:14Z
2026-05-28T18:52:05Z,2026-05-28T20:52:05+0200,0ebf8cf8-6a6d-4569-a78c-2e9b11e999ad,2026-05-08T21:00:00Z,2026-05-08T23:00:00+0200,505.25,MW,BE,BE,forecast_onshore_wind_generation,Wind Onshore,2026-05-28T18:54:14Z
2026-05-28T18:52:05Z,2026-05-28T20:52:05+0200,0ebf8cf8-6a6d-4569-a78c-2e9b11e999ad,2026-05-08T22:00:00Z,2026-05-09T00:00:00+0200,444.275,MW,BE,BE,forecast_onshore_wind_generation,Wind Onshore,2026-05-28T18:54:14Z
2026-05-28T18:52:05Z,2026-05-28T20:52:05+0200,0ebf8cf8-6a6d-4569-a78c-2e9b11e999ad,2026-05-08T23:00:00Z,2026-05-09T01:00:00+0200,445.025,MW,BE,BE,forecast_onshore_wind_generation,Wind Onshore,2026-05-28T18:54:14Z
2026-05-28T18:52:05Z,2026-05-28T20:52:05+0200,0ebf8cf8-6a6d-4569-a78c-2e9b11e999ad,2026-05-09T00:00:00Z,2026-05-09T02:00:00+0200,429.375,MW,BE,BE,forecast_onshore_wind_generation,Wind Onshore,2026-05-28T18:54:14Z
2026-05-28T18:52:05Z,2026-05-28T20:52:05+0200,0ebf8cf8-6a6d-4569-a78c-2e9b11e999ad,2026-05-09T01:00:00Z,2026-05-09T03:00:00+0200,406.8,MW,BE,BE,forecast_onshore_wind_generation,Wind Onshore,2026-05-28T18:54:14Z
2026-05-28T18:52:05Z,2026-05-28T20:52:05+0200,0ebf8cf8-6a6d-4569-a78c-2e9b11e999ad,2026-05-09T02:00:00Z,2026-05-09T04:00:00+0200,385.325,MW,BE,BE,forecast_onshore_wind_generation,Wind Onshore,2026-05-28T18:54:14Z
2026-05-28T18:52:05Z,2026-05-28T20:52:05+0200,0ebf8cf8-6a6d-4569-a78c-2e9b11e999ad,2026-05-09T03:00:00Z,2026-05-09T05:00:00+0200,359.575,MW,BE,BE,forecast_onshore_wind_generation,Wind Onshore,2026-05-28T18:54:14Z
2026-05-28T18:52:05Z,2026-05-28T20:52:05+0200,0ebf8cf8-6a6d-4569-a78c-2e9b11e999ad,2026-05-09T04:00:00Z,2026-05-09T06:00:00+0200,332.825,MW,BE,BE,forecast_onshore_wind_generation,Wind Onshore,2026-05-28T18:54:14Z
2026-05-28T18:52:05Z,2026-05-28T20:52:05+0200,0ebf8cf8-6a6d-4569-a78c-2e9b11e999ad,2026-05-09T05:00:00Z,2026-05-09T07:00:00+0200,312.025,MW,BE,BE,forecast_onshore_wind_generation,Wind Onshore,2026-05-28T18:54:14Z
2026-05-28T18:52:05Z,2026-05-28T20:52:05+0200,0ebf8cf8-6a6d-4569-a78c-2e9b11e999ad,2026-05-09T06:00:00Z,2026-05-09T08:00:00+0200,221.975,MW,BE,BE,forecast_onshore_wind_generation,Wind Onshore,2026-05-28T18:54:14Z
2026-05-28T18:52:05Z,2026-05-28T20:52:05+0200,0ebf8cf8-6a6d-4569-a78c-2e9b11e999ad,2026-05-09T07:00:00Z,2026-05-09T09:00:00+0200,107.225,MW,BE,BE,forecast_onshore_wind_generation,Wind Onshore,2026-05-28T18:54:14Z
2026-05-28T18:52:05Z,2026-05-28T20:52:05+0200,0ebf8cf8-6a6d-4569-a78c-2e9b11e999ad,2026-05-09T08:00:00Z,2026-05-09T10:00:00+0200,94.5,MW,BE,BE,forecast_onshore_wind_generation,Wind Onshore,2026-05-28T18:54:14Z
2026-05-28T18:52:05Z,2026-05-28T20:52:05+0200,0ebf8cf8-6a6d-4569-a78c-2e9b11e999ad,2026-05-09T09:00:00Z,2026-05-09T11:00:00+0200,133.025,MW,BE,BE,forecast_onshore_wind_generation,Wind Onshore,2026-05-28T18:54:14Z
2026-05-28T18:52:05Z,2026-05-28T20:52:05+0200,0ebf8cf8-6a6d-4569-a78c-2e9b11e999ad,2026-05-09T10:00:00Z,2026-05-09T12:00:00+0200,144.15,MW,BE,BE,forecast_onshore_wind_generation,Wind Onshore,2026-05-28T18:54:14Z
2026-05-28T18:52:05Z,2026-05-28T20:52:05+0200,0ebf8cf8-6a6d-4569-a78c-2e9b11e999ad,2026-05-09T11:00:00Z,2026-05-09T13:00:00+0200,119.675,MW,BE,BE,forecast_onshore_wind_generation,Wind Onshore,2026-05-28T18:54:14Z
2026-05-28T18:52:05Z,2026-05-28T20:52:05+0200,0ebf8cf8-6a6d-4569-a78c-2e9b11e999ad,2026-05-09T12:00:00Z,2026-05-09T14:00:00+0200,94.95,MW,BE,BE,forecast_onshore_wind_generation,Wind Onshore,2026-05-28T18:54:14Z
2026-05-28T18:52:05Z,2026-05-28T20:52:05+0200,0ebf8cf8-6a6d-4569-a78c-2e9b11e999ad,2026-05-09T13:00:00Z,2026-05-09T15:00:00+0200,93.975,MW,BE,BE,forecast_onshore_wind_generation,Wind Onshore,2026-05-28T18:54:14Z
2026-05-28T18:52:05Z,2026-05-28T20:52:05+0200,0ebf8cf8-6a6d-4569-a78c-2e9b11e999ad,2026-05-09T14:00:00Z,2026-05-09T16:00:00+0200,110.925,MW,BE,BE,forecast_onshore_wind_generation,Wind Onshore,2026-05-28T18:54:14Z
2026-05-28T18:52:05Z,2026-05-28T20:52:05+0200,0ebf8cf8-6a6d-4569-a78c-2e9b11e999ad,2026-05-09T15:00:00Z,2026-05-09T17:00:00+0200,163.375,MW,BE,BE,forecast_onshore_wind_generation,Wind Onshore,2026-05-28T18:54:14Z
2026-05-28T18:52:05Z,2026-05-28T20:52:05+0200,0ebf8cf8-6a6d-4569-a78c-2e9b11e999ad,2026-05-09T16:00:00Z,2026-05-09T18:00:00+0200,264.75,MW,BE,BE,forecast_onshore_wind_generation,Wind Onshore,2026-05-28T18:54:14Z
2026-05-28T18:52:05Z,2026-05-28T20:52:05+0200,0ebf8cf8-6a6d-4569-a78c-2e9b11e999ad,2026-05-09T17:00:00Z,2026-05-09T19:00:00+0200,377.4,MW,BE,BE,forecast_onshore_wind_generation,Wind Onshore,2026-05-28T18:54:14Z
2026-05-28T18:52:05Z,2026-05-28T20:52:05+0200,0ebf8cf8-6a6d-4569-a78c-2e9b11e999ad,2026-05-09T18:00:00Z,2026-05-09T20:00:00+0200,496.375,MW,BE,BE,forecast_onshore_wind_generation,Wind Onshore,2026-05-28T18:54:14Z
2026-05-28T18:52:05Z,2026-05-28T20:52:05+0200,0ebf8cf8-6a6d-4569-a78c-2e9b11e999ad,2026-05-09T19:00:00Z,2026-05-09T21:00:00+0200,640.95,MW,BE,BE,forecast_onshore_wind_generation,Wind Onshore,2026-05-28T18:54:14Z
2026-05-28T18:52:05Z,2026-05-28T20:52:05+0200,0ebf8cf8-6a6d-4569-a78c-2e9b11e999ad,2026-05-09T20:00:00Z,2026-05-09T22:00:00+0200,719.475,MW,BE,BE,forecast_onshore_wind_generation,Wind Onshore,2026-05-28T18:54:14Z
2026-05-28T18:52:05Z,2026-05-28T20:52:05+0200,0ebf8cf8-6a6d-4569-a78c-2e9b11e999ad,2026-05-09T21:00:00Z,2026-05-09T23:00:00+0200,719.3,MW,BE,BE,forecast_onshore_wind_generation,Wind Onshore,2026-05-28T18:54:14Z
2026-05-28T18:52:05Z,2026-05-28T20:52:05+0200,0ebf8cf8-6a6d-4569-a78c-2e9b11e999ad,2026-05-09T22:00:00Z,2026-05-10T00:00:00+0200,629.675,MW,BE,BE,forecast_onshore_wind_generation,Wind Onshore,2026-05-28T18:54:14Z
2026-05-28T18:52:05Z,2026-05-28T20:52:05+0200,0ebf8cf8-6a6d-4569-a78c-2e9b11e999ad,2026-05-09T23:00:00Z,2026-05-10T01:00:00+0200,623.375,MW,BE,BE,forecast_onshore_wind_generation,Wind Onshore,2026-05-28T18:54:14Z
2026-05-28T18:52:05Z,2026-05-28T20:52:05+0200,0ebf8cf8-6a6d-4569-a78c-2e9b11e999ad,2026-05-10T00:00:00Z,2026-05-10T02:00:00+0200,639.275,MW,BE,BE,forecast_onshore_wind_generation,Wind Onshore,2026-05-28T18:54:14Z
2026-05-28T18:52:05Z,2026-05-28T20:52:05+0200,0ebf8cf8-6a6d-4569-a78c-2e9b11e999ad,2026-05-10T01:00:00Z,2026-05-10T03:00:00+0200,632.4,MW,BE,BE,forecast_onshore_wind_generation,Wind Onshore,2026-05-28T18:54:14Z
2026-05-28T18:52:05Z,2026-05-28T20:52:05+0200,0ebf8cf8-6a6d-4569-a78c-2e9b11e999ad,2026-05-10T02:00:00Z,2026-05-10T04:00:00+0200,621.325,MW,BE,BE,forecast_onshore_wind_generation,Wind Onshore,2026-05-28T18:54:14Z
2026-05-28T18:52:05Z,2026-05-28T20:52:05+0200,0ebf8cf8-6a6d-4569-a78c-2e9b11e999ad,2026-05-10T03:00:00Z,2026-05-10T05:00:00+0200,640.3,MW,BE,BE,forecast_onshore_wind_generation,Wind Onshore,2026-05-28T18:54:14Z
2026-05-28T18:52:05Z,2026-05-28T20:52:05+0200,0ebf8cf8-6a6d-4569-a78c-2e9b11e999ad,2026-05-10T04:00:00Z,2026-05-10T06:00:00+0200,672.35,MW,BE,BE,forecast_onshore_wind_generation,Wind Onshore,2026-05-28T18:54:14Z
2026-05-28T18:52:05Z,2026-05-28T20:52:05+0200,0ebf8cf8-6a6d-4569-a78c-2e9b11e999ad,2026-05-10T05:00:00Z,2026-05-10T07:00:00+0200,718.025,MW,BE,BE,forecast_onshore_wind_generation,Wind Onshore,2026-05-28T18:54:14Z
2026-05-28T18:52:05Z,2026-05-28T20:52:05+0200,0ebf8cf8-6a6d-4569-a78c-2e9b11e999ad,2026-05-10T06:00:00Z,2026-05-10T08:00:00+0200,622.0,MW,BE,BE,forecast_onshore_wind_generation,Wind Onshore,2026-05-28T18:54:14Z
2026-05-28T18:52:05Z,2026-05-28T20:52:05+0200,0ebf8cf8-6a6d-4569-a78c-2e9b11e999ad,2026-05-10T07:00:00Z,2026-05-10T09:00:00+0200,542.2,MW,BE,BE,forecast_onshore_wind_generation,Wind Onshore,2026-05-28T18:54:14Z
2026-05-28T18:52:05Z,2026-05-28T20:52:05+0200,0ebf8cf8-6a6d-4569-a78c-2e9b11e999ad,2026-05-10T08:00:00Z,2026-05-10T10:00:00+0200,618.9,MW,BE,BE,forecast_onshore_wind_generation,Wind Onshore,2026-05-28T18:54:14Z
2026-05-28T18:52:05Z,2026-05-28T20:52:05+0200,0ebf8cf8-6a6d-4569-a78c-2e9b11e999ad,2026-05-10T09:00:00Z,2026-05-10T11:00:00+0200,729.525,MW,BE,BE,forecast_onshore_wind_generation,Wind Onshore,2026-05-28T18:54:14Z
2026-05-28T18:52:05Z,2026-05-28T20:52:05+0200,0ebf8cf8-6a6d-4569-a78c-2e9b11e999ad,2026-05-10T10:00:00Z,2026-05-10T12:00:00+0200,773.075,MW,BE,BE,forecast_onshore_wind_generation,Wind Onshore,2026-05-28T18:54:14Z
2026-05-28T18:52:05Z,2026-05-28T20:52:05+0200,0ebf8cf8-6a6d-4569-a78c-2e9b11e999ad,2026-05-10T11:00:00Z,2026-05-10T13:00:00+0200,742.6,MW,BE,BE,forecast_onshore_wind_generation,Wind Onshore,2026-05-28T18:54:14Z
2026-05-28T18:52:05Z,2026-05-28T20:52:05+0200,0ebf8cf8-6a6d-4569-a78c-2e9b11e999ad,2026-05-10T12:00:00Z,2026-05-10T14:00:00+0200,715.275,MW,BE,BE,forecast_onshore_wind_generation,Wind Onshore,2026-05-28T18:54:14Z
2026-05-28T18:52:05Z,2026-05-28T20:52:05+0200,0ebf8cf8-6a6d-4569-a78c-2e9b11e999ad,2026-05-10T13:00:00Z,2026-05-10T15:00:00+0200,740.975,MW,BE,BE,forecast_onshore_wind_generation,Wind Onshore,2026-05-28T18:54:14Z
2026-05-28T18:52:05Z,2026-05-28T20:52:05+0200,0ebf8cf8-6a6d-4569-a78c-2e9b11e999ad,2026-05-10T14:00:00Z,2026-05-10T16:00:00+0200,807.35,MW,BE,BE,forecast_onshore_wind_generation,Wind Onshore,2026-05-28T18:54:14Z
2026-05-28T18:52:05Z,2026-05-28T20:52:05+0200,0ebf8cf8-6a6d-4569-a78c-2e9b11e999ad,2026-05-10T15:00:00Z,2026-05-10T17:00:00+0200,887.35,MW,BE,BE,forecast_onshore_wind_generation,Wind Onshore,2026-05-28T18:54:14Z
2026-05-28T18:52:05Z,2026-05-28T20:52:05+0200,0ebf8cf8-6a6d-4569-a78c-2e9b11e999ad,2026-05-10T16:00:00Z,2026-05-10T18:00:00+0200,942.075,MW,BE,BE,forecast_onshore_wind_generation,Wind Onshore,2026-05-28T18:54:14Z
2026-05-28T18:52:05Z,2026-05-28T20:52:05+0200,0ebf8cf8-6a6d-4569-a78c-2e9b11e999ad,2026-05-10T17:00:00Z,2026-05-10T19:00:00+0200,1001.9,MW,BE,BE,forecast_onshore_wind_generation,Wind Onshore,2026-05-28T18:54:14Z
2026-05-28T18:52:05Z,2026-05-28T20:52:05+0200,0ebf8cf8-6a6d-4569-a78c-2e9b11e999ad,2026-05-10T18:00:00Z,2026-05-10T20:00:00+0200,1096.4,MW,BE,BE,forecast_onshore_wind_generation,Wind Onshore,2026-05-28T18:54:14Z
2026-05-28T18:52:05Z,2026-05-28T20:52:05+0200,0ebf8cf8-6a6d-4569-a78c-2e9b11e999ad,2026-05-10T19:00:00Z,2026-05-10T21:00:00+0200,1203.7,MW,BE,BE,forecast_onshore_wind_generation,Wind Onshore,2026-05-28T18:54:14Z
2026-05-28T18:52:05Z,2026-05-28T20:52:05+0200,0ebf8cf8-6a6d-4569-a78c-2e9b11e999ad,2026-05-10T20:00:00Z,2026-05-10T22:00:00+0200,1241.5,MW,BE,BE,forecast_onshore_wind_generation,Wind Onshore,2026-05-28T18:54:14Z
2026-05-28T18:52:05Z,2026-05-28T20:52:05+0200,0ebf8cf8-6a6d-4569-a78c-2e9b11e999ad,2026-05-10T21:00:00Z,2026-05-10T23:00:00+0200,1195.775,MW,BE,BE,forecast_onshore_wind_generation,Wind Onshore,2026-05-28T18:54:14Z
2026-05-28T18:52:05Z,2026-05-28T20:52:05+0200,0ebf8cf8-6a6d-4569-a78c-2e9b11e999ad,2026-05-10T22:00:00Z,2026-05-11T00:00:00+0200,1238.0,MW,BE,BE,forecast_onshore_wind_generation,Wind Onshore,2026-05-28T18:54:14Z
2026-05-28T18:52:05Z,2026-05-28T20:52:05+0200,0ebf8cf8-6a6d-4569-a78c-2e9b11e999ad,2026-05-10T23:00:00Z,2026-05-11T01:00:00+0200,1168.375,MW,BE,BE,forecast_onshore_wind_generation,Wind Onshore,2026-05-28T18:54:14Z
2026-05-28T18:52:05Z,2026-05-28T20:52:05+0200,0ebf8cf8-6a6d-4569-a78c-2e9b11e999ad,2026-05-11T00:00:00Z,2026-05-11T02:00:00+0200,1037.725,MW,BE,BE,forecast_onshore_wind_generation,Wind Onshore,2026-05-28T18:54:14Z
2026-05-28T18:52:05Z,2026-05-28T20:52:05+0200,0ebf8cf8-6a6d-4569-a78c-2e9b11e999ad,2026-05-11T01:00:00Z,2026-05-11T03:00:00+0200,904.525,MW,BE,BE,forecast_onshore_wind_generation,Wind Onshore,2026-05-28T18:54:14Z
2026-05-28T18:52:05Z,2026-05-28T20:52:05+0200,0ebf8cf8-6a6d-4569-a78c-2e9b11e999ad,2026-05-11T02:00:00Z,2026-05-11T04:00:00+0200,786.35,MW,BE,BE,forecast_onshore_wind_generation,Wind Onshore,2026-05-28T18:54:14Z
2026-05-28T18:52:05Z,2026-05-28T20:52:05+0200,0ebf8cf8-6a6d-4569-a78c-2e9b11e999ad,2026-05-11T03:00:00Z,2026-05-11T05:00:00+0200,659.5,MW,BE,BE,forecast_onshore_wind_generation,Wind Onshore,2026-05-28T18:54:14Z
2026-05-28T18:52:05Z,2026-05-28T20:52:05+0200,0ebf8cf8-6a6d-4569-a78c-2e9b11e999ad,2026-05-11T04:00:00Z,2026-05-11T06:00:00+0200,553.25,MW,BE,BE,forecast_onshore_wind_generation,Wind Onshore,2026-05-28T18:54:14Z
2026-05-28T18:52:05Z,2026-05-28T20:52:05+0200,0ebf8cf8-6a6d-4569-a78c-2e9b11e999ad,2026-05-11T05:00:00Z,2026-05-11T07:00:00+0200,478.15,MW,BE,BE,forecast_onshore_wind_generation,Wind Onshore,2026-05-28T18:54:14Z
2026-05-28T18:52:05Z,2026-05-28T20:52:05+0200,0ebf8cf8-6a6d-4569-a78c-2e9b11e999ad,2026-05-11T06:00:00Z,2026-05-11T08:00:00+0200,441.8,MW,BE,BE,forecast_onshore_wind_generation,Wind Onshore,2026-05-28T18:54:14Z
2026-05-28T18:52:05Z,2026-05-28T20:52:05+0200,0ebf8cf8-6a6d-4569-a78c-2e9b11e999ad,2026-05-11T07:00:00Z,2026-05-11T09:00:00+0200,479.275,MW,BE,BE,forecast_onshore_wind_generation,Wind Onshore,2026-05-28T18:54:14Z
2026-05-28T18:52:05Z,2026-05-28T20:52:05+0200,0ebf8cf8-6a6d-4569-a78c-2e9b11e999ad,2026-05-11T08:00:00Z,2026-05-11T10:00:00+0200,565.075,MW,BE,BE,forecast_onshore_wind_generation,Wind Onshore,2026-05-28T18:54:14Z
2026-05-28T18:52:05Z,2026-05-28T20:52:05+0200,0ebf8cf8-6a6d-4569-a78c-2e9b11e999ad,2026-05-11T09:00:00Z,2026-05-11T11:00:00+0200,671.95,MW,BE,BE,forecast_onshore_wind_generation,Wind Onshore,2026-05-28T18:54:14Z
2026-05-28T18:52:05Z,2026-05-28T20:52:05+0200,0ebf8cf8-6a6d-4569-a78c-2e9b11e999ad,2026-05-11T10:00:00Z,2026-05-11T12:00:00+0200,832.0,MW,BE,BE,forecast_onshore_wind_generation,Wind Onshore,2026-05-28T18:54:14Z
2026-05-28T18:52:05Z,2026-05-28T20:52:05+0200,0ebf8cf8-6a6d-4569-a78c-2e9b11e999ad,2026-05-11T11:00:00Z,2026-05-11T13:00:00+0200,1014.425,MW,BE,BE,forecast_onshore_wind_generation,Wind Onshore,2026-05-28T18:54:14Z
2026-05-28T18:52:05Z,2026-05-28T20:52:05+0200,0ebf8cf8-6a6d-4569-a78c-2e9b11e999ad,2026-05-11T12:00:00Z,2026-05-11T14:00:00+0200,1202.35,MW,BE,BE,forecast_onshore_wind_generation,Wind Onshore,2026-05-28T18:54:14Z
2026-05-28T18:52:05Z,2026-05-28T20:52:05+0200,0ebf8cf8-6a6d-4569-a78c-2e9b11e999ad,2026-05-11T13:00:00Z,2026-05-11T15:00:00+0200,1407.925,MW,BE,BE,forecast_onshore_wind_generation,Wind Onshore,2026-05-28T18:54:14Z
2026-05-28T18:52:05Z,2026-05-28T20:52:05+0200,0ebf8cf8-6a6d-4569-a78c-2e9b11e999ad,2026-05-11T14:00:00Z,2026-05-11T16:00:00+0200,1573.7,MW,BE,BE,forecast_onshore_wind_generation,Wind Onshore,2026-05-28T18:54:14Z
2026-05-28T18:52:05Z,2026-05-28T20:52:05+0200,0ebf8cf8-6a6d-4569-a78c-2e9b11e999ad,2026-05-11T15:00:00Z,2026-05-11T17:00:00+0200,1702.725,MW,BE,BE,forecast_onshore_wind_generation,Wind Onshore,2026-05-28T18:54:14Z
2026-05-28T18:52:05Z,2026-05-28T20:52:05+0200,0ebf8cf8-6a6d-4569-a78c-2e9b11e999ad,2026-05-11T16:00:00Z,2026-05-11T18:00:00+0200,1758.275,MW,BE,BE,forecast_onshore_wind_generation,Wind Onshore,2026-05-28T18:54:14Z
2026-05-28T18:52:05Z,2026-05-28T20:52:05+0200,0ebf8cf8-6a6d-4569-a78c-2e9b11e999ad,2026-05-11T17:00:00Z,2026-05-11T19:00:00+0200,1676.7,MW,BE,BE,forecast_onshore_wind_generation,Wind Onshore,2026-05-28T18:54:14Z
2026-05-28T18:52:05Z,2026-05-28T20:52:05+0200,0ebf8cf8-6a6d-4569-a78c-2e9b11e999ad,2026-05-11T18:00:00Z,2026-05-11T20:00:00+0200,1483.1,MW,BE,BE,forecast_onshore_wind_generation,Wind Onshore,2026-05-28T18:54:14Z
2026-05-28T18:52:05Z,2026-05-28T20:52:05+0200,0ebf8cf8-6a6d-4569-a78c-2e9b11e999ad,2026-05-11T19:00:00Z,2026-05-11T21:00:00+0200,1251.475,MW,BE,BE,forecast_onshore_wind_generation,Wind Onshore,2026-05-28T18:54:14Z
2026-05-28T18:52:05Z,2026-05-28T20:52:05+0200,0ebf8cf8-6a6d-4569-a78c-2e9b11e999ad,2026-05-11T20:00:00Z,2026-05-11T22:00:00+0200,1078.55,MW,BE,BE,forecast_onshore_wind_generation,Wind Onshore,2026-05-28T18:54:14Z
2026-05-28T18:52:05Z,2026-05-28T20:52:05+0200,0ebf8cf8-6a6d-4569-a78c-2e9b11e999ad,2026-05-11T21:00:00Z,2026-05-11T23:00:00+0200,959.3,MW,BE,BE,forecast_onshore_wind_generation,Wind Onshore,2026-05-28T18:54:14Z
2026-05-28T18:52:05Z,2026-05-28T20:52:05+0200,0ebf8cf8-6a6d-4569-a78c-2e9b11e999ad,2026-05-11T22:00:00Z,2026-05-12T00:00:00+0200,992.95,MW,BE,BE,forecast_onshore_wind_generation,Wind Onshore,2026-05-28T18:54:14Z
2026-05-28T18:52:05Z,2026-05-28T20:52:05+0200,0ebf8cf8-6a6d-4569-a78c-2e9b11e999ad,2026-05-11T23:00:00Z,2026-05-12T01:00:00+0200,991.6,MW,BE,BE,forecast_onshore_wind_generation,Wind Onshore,2026-05-28T18:54:14Z
2026-05-28T18:52:05Z,2026-05-28T20:52:05+0200,0ebf8cf8-6a6d-4569-a78c-2e9b11e999ad,2026-05-12T00:00:00Z,2026-05-12T02:00:00+0200,974.425,MW,BE,BE,forecast_onshore_wind_generation,Wind Onshore,2026-05-28T18:54:14Z
2026-05-28T18:52:05Z,2026-05-28T20:52:05+0200,0ebf8cf8-6a6d-4569-a78c-2e9b11e999ad,2026-05-12T01:00:00Z,2026-05-12T03:00:00+0200,941.025,MW,BE,BE,forecast_onshore_wind_generation,Wind Onshore,2026-05-28T18:54:14Z
2026-05-28T18:52:05Z,2026-05-28T20:52:05+0200,0ebf8cf8-6a6d-4569-a78c-2e9b11e999ad,2026-05-12T02:00:00Z,2026-05-12T04:00:00+0200,898.075,MW,BE,BE,forecast_onshore_wind_generation,Wind Onshore,2026-05-28T18:54:14Z
2026-05-28T18:52:05Z,2026-05-28T20:52:05+0200,0ebf8cf8-6a6d-4569-a78c-2e9b11e999ad,2026-05-12T03:00:00Z,2026-05-12T05:00:00+0200,862.875,MW,BE,BE,forecast_onshore_wind_generation,Wind Onshore,2026-05-28T18:54:14Z
2026-05-28T18:52:05Z,2026-05-28T20:52:05+0200,0ebf8cf8-6a6d-4569-a78c-2e9b11e999ad,2026-05-12T04:00:00Z,2026-05-12T06:00:00+0200,820.4,MW,BE,BE,forecast_onshore_wind_generation,Wind Onshore,2026-05-28T18:54:14Z
2026-05-28T18:52:05Z,2026-05-28T20:52:05+0200,0ebf8cf8-6a6d-4569-a78c-2e9b11e999ad,2026-05-12T05:00:00Z,2026-05-12T07:00:00+0200,759.475,MW,BE,BE,forecast_onshore_wind_generation,Wind Onshore,2026-05-28T18:54:14Z
2026-05-28T18:52:05Z,2026-05-28T20:52:05+0200,0ebf8cf8-6a6d-4569-a78c-2e9b11e999ad,2026-05-12T06:00:00Z,2026-05-12T08:00:00+0200,760.875,MW,BE,BE,forecast_onshore_wind_generation,Wind Onshore,2026-05-28T18:54:14Z
2026-05-28T18:52:05Z,2026-05-28T20:52:05+0200,0ebf8cf8-6a6d-4569-a78c-2e9b11e999ad,2026-05-12T07:00:00Z,2026-05-12T09:00:00+0200,868.1,MW,BE,BE,forecast_onshore_wind_generation,Wind Onshore,2026-05-28T18:54:14Z
2026-05-28T18:52:05Z,2026-05-28T20:52:05+0200,0ebf8cf8-6a6d-4569-a78c-2e9b11e999ad,2026-05-12T08:00:00Z,2026-05-12T10:00:00+0200,923.975,MW,BE,BE,forecast_onshore_wind_generation,Wind Onshore,2026-05-28T18:54:14Z
2026-05-28T18:52:05Z,2026-05-28T20:52:05+0200,0ebf8cf8-6a6d-4569-a78c-2e9b11e999ad,2026-05-12T09:00:00Z,2026-05-12T11:00:00+0200,857.8,MW,BE,BE,forecast_onshore_wind_generation,Wind Onshore,2026-05-28T18:54:14Z
2026-05-28T18:52:05Z,2026-05-28T20:52:05+0200,0ebf8cf8-6a6d-4569-a78c-2e9b11e999ad,2026-05-12T10:00:00Z,2026-05-12T12:00:00+0200,780.875,MW,BE,BE,forecast_onshore_wind_generation,Wind Onshore,2026-05-28T18:54:14Z
2026-05-28T18:52:05Z,2026-05-28T20:52:05+0200,0ebf8cf8-6a6d-4569-a78c-2e9b11e999ad,2026-05-12T11:00:00Z,2026-05-12T13:00:00+0200,740.9,MW,BE,BE,forecast_onshore_wind_generation,Wind Onshore,2026-05-28T18:54:14Z
2026-05-28T18:52:05Z,2026-05-28T20:52:05+0200,0ebf8cf8-6a6d-4569-a78c-2e9b11e999ad,2026-05-12T12:00:00Z,2026-05-12T14:00:00+0200,731.125,MW,BE,BE,forecast_onshore_wind_generation,Wind Onshore,2026-05-28T18:54:14Z
2026-05-28T18:52:05Z,2026-05-28T20:52:05+0200,0ebf8cf8-6a6d-4569-a78c-2e9b11e999ad,2026-05-12T13:00:00Z,2026-05-12T15:00:00+0200,752.15,MW,BE,BE,forecast_onshore_wind_generation,Wind Onshore,2026-05-28T18:54:14Z
2026-05-28T18:52:05Z,2026-05-28T20:52:05+0200,0ebf8cf8-6a6d-4569-a78c-2e9b11e999ad,2026-05-12T14:00:00Z,2026-05-12T16:00:00+0200,810.175,MW,BE,BE,forecast_onshore_wind_generation,Wind Onshore,2026-05-28T18:54:14Z
2026-05-28T18:52:05Z,2026-05-28T20:52:05+0200,0ebf8cf8-6a6d-4569-a78c-2e9b11e999ad,2026-05-12T15:00:00Z,2026-05-12T17:00:00+0200,882.025,MW,BE,BE,forecast_onshore_wind_generation,Wind Onshore,2026-05-28T18:54:14Z
2026-05-28T18:52:05Z,2026-05-28T20:52:05+0200,0ebf8cf8-6a6d-4569-a78c-2e9b11e999ad,2026-05-12T16:00:00Z,2026-05-12T18:00:00+0200,882.375,MW,BE,BE,forecast_onshore_wind_generation,Wind Onshore,2026-05-28T18:54:14Z
2026-05-28T18:52:05Z,2026-05-28T20:52:05+0200,0ebf8cf8-6a6d-4569-a78c-2e9b11e999ad,2026-05-12T17:00:00Z,2026-05-12T19:00:00+0200,795.775,MW,BE,BE,forecast_onshore_wind_generation,Wind Onshore,2026-05-28T18:54:14Z
2026-05-28T18:52:05Z,2026-05-28T20:52:05+0200,0ebf8cf8-6a6d-4569-a78c-2e9b11e999ad,2026-05-12T18:00:00Z,2026-05-12T20:00:00+0200,742.725,MW,BE,BE,forecast_onshore_wind_generation,Wind Onshore,2026-05-28T18:54:14Z
2026-05-28T18:52:05Z,2026-05-28T20:52:05+0200,0ebf8cf8-6a6d-4569-a78c-2e9b11e999ad,2026-05-12T19:00:00Z,2026-05-12T21:00:00+0200,778.3,MW,BE,BE,forecast_onshore_wind_generation,Wind Onshore,2026-05-28T18:54:14Z
2026-05-28T18:52:05Z,2026-05-28T20:52:05+0200,0ebf8cf8-6a6d-4569-a78c-2e9b11e999ad,2026-05-12T20:00:00Z,2026-05-12T22:00:00+0200,892.325,MW,BE,BE,forecast_onshore_wind_generation,Wind Onshore,2026-05-28T18:54:14Z
2026-05-28T18:52:05Z,2026-05-28T20:52:05+0200,0ebf8cf8-6a6d-4569-a78c-2e9b11e999ad,2026-05-12T21:00:00Z,2026-05-12T23:00:00+0200,1008.1,MW,BE,BE,forecast_onshore_wind_generation,Wind Onshore,2026-05-28T18:54:14Z
2026-05-28T18:52:05Z,2026-05-28T20:52:05+0200,0ebf8cf8-6a6d-4569-a78c-2e9b11e999ad,2026-05-12T22:00:00Z,2026-05-13T00:00:00+0200,1058.0,MW,BE,BE,forecast_onshore_wind_generation,Wind Onshore,2026-05-28T18:54:14Z
2026-05-28T18:52:05Z,2026-05-28T20:52:05+0200,0ebf8cf8-6a6d-4569-a78c-2e9b11e999ad,2026-05-12T23:00:00Z,2026-05-13T01:00:00+0200,978.55,MW,BE,BE,forecast_onshore_wind_generation,Wind Onshore,2026-05-28T18:54:14Z
2026-05-28T18:52:05Z,2026-05-28T20:52:05+0200,0ebf8cf8-6a6d-4569-a78c-2e9b11e999ad,2026-05-13T00:00:00Z,2026-05-13T02:00:00+0200,891.925,MW,BE,BE,forecast_onshore_wind_generation,Wind Onshore,2026-05-28T18:54:14Z
2026-05-28T18:52:05Z,2026-05-28T20:52:05+0200,0ebf8cf8-6a6d-4569-a78c-2e9b11e999ad,2026-05-13T01:00:00Z,2026-05-13T03:00:00+0200,818.125,MW,BE,BE,forecast_onshore_wind_generation,Wind Onshore,2026-05-28T18:54:14Z
2026-05-28T18:52:05Z,2026-05-28T20:52:05+0200,0ebf8cf8-6a6d-4569-a78c-2e9b11e999ad,2026-05-13T02:00:00Z,2026-05-13T04:00:00+0200,775.3,MW,BE,BE,forecast_onshore_wind_generation,Wind Onshore,2026-05-28T18:54:14Z
2026-05-28T18:52:05Z,2026-05-28T20:52:05+0200,0ebf8cf8-6a6d-4569-a78c-2e9b11e999ad,2026-05-13T03:00:00Z,2026-05-13T05:00:00+0200,772.775,MW,BE,BE,forecast_onshore_wind_generation,Wind Onshore,2026-05-28T18:54:14Z
2026-05-28T18:52:05Z,2026-05-28T20:52:05+0200,0ebf8cf8-6a6d-4569-a78c-2e9b11e999ad,2026-05-13T04:00:00Z,2026-05-13T06:00:00+0200,791.4,MW,BE,BE,forecast_onshore_wind_generation,Wind Onshore,2026-05-28T18:54:14Z
2026-05-28T18:52:05Z,2026-05-28T20:52:05+0200,0ebf8cf8-6a6d-4569-a78c-2e9b11e999ad,2026-05-13T05:00:00Z,2026-05-13T07:00:00+0200,812.2,MW,BE,BE,forecast_onshore_wind_generation,Wind Onshore,2026-05-28T18:54:14Z
2026-05-28T18:52:05Z,2026-05-28T20:52:05+0200,0ebf8cf8-6a6d-4569-a78c-2e9b11e999ad,2026-05-13T06:00:00Z,2026-05-13T08:00:00+0200,778.5,MW,BE,BE,forecast_onshore_wind_generation,Wind Onshore,2026-05-28T18:54:14Z
2026-05-28T18:52:05Z,2026-05-28T20:52:05+0200,0ebf8cf8-6a6d-4569-a78c-2e9b11e999ad,2026-05-13T07:00:00Z,2026-05-13T09:00:00+0200,882.25,MW,BE,BE,forecast_onshore_wind_generation,Wind Onshore,2026-05-28T18:54:14Z
2026-05-28T18:52:05Z,2026-05-28T20:52:05+0200,0ebf8cf8-6a6d-4569-a78c-2e9b11e999ad,2026-05-13T08:00:00Z,2026-05-13T10:00:00+0200,1208.05,MW,BE,BE,forecast_onshore_wind_generation,Wind Onshore,2026-05-28T18:54:14Z
2026-05-28T18:52:05Z,2026-05-28T20:52:05+0200,0ebf8cf8-6a6d-4569-a78c-2e9b11e999ad,2026-05-13T09:00:00Z,2026-05-13T11:00:00+0200,1530.825,MW,BE,BE,forecast_onshore_wind_generation,Wind Onshore,2026-05-28T18:54:14Z
2026-05-28T18:52:05Z,2026-05-28T20:52:05+0200,0ebf8cf8-6a6d-4569-a78c-2e9b11e999ad,2026-05-13T10:00:00Z,2026-05-13T12:00:00+0200,1659.525,MW,BE,BE,forecast_onshore_wind_generation,Wind Onshore,2026-05-28T18:54:14Z
2026-05-28T18:52:05Z,2026-05-28T20:52:05+0200,0ebf8cf8-6a6d-4569-a78c-2e9b11e999ad,2026-05-13T11:00:00Z,2026-05-13T13:00:00+0200,1627.9,MW,BE,BE,forecast_onshore_wind_generation,Wind Onshore,2026-05-28T18:54:14Z
2026-05-28T18:52:05Z,2026-05-28T20:52:05+0200,0ebf8cf8-6a6d-4569-a78c-2e9b11e999ad,2026-05-13T12:00:00Z,2026-05-13T14:00:00+0200,1568.9,MW,BE,BE,forecast_onshore_wind_generation,Wind Onshore,2026-05-28T18:54:14Z
2026-05-28T18:52:05Z,2026-05-28T20:52:05+0200,0ebf8cf8-6a6d-4569-a78c-2e9b11e999ad,2026-05-13T13:00:00Z,2026-05-13T15:00:00+0200,1515.875,MW,BE,BE,forecast_onshore_wind_generation,Wind Onshore,2026-05-28T18:54:14Z
2026-05-28T18:52:05Z,2026-05-28T20:52:05+0200,0ebf8cf8-6a6d-4569-a78c-2e9b11e999ad,2026-05-13T14:00:00Z,2026-05-13T16:00:00+0200,1429.1,MW,BE,BE,forecast_onshore_wind_generation,Wind Onshore,2026-05-28T18:54:14Z
2026-05-28T18:52:05Z,2026-05-28T20:52:05+0200,0ebf8cf8-6a6d-4569-a78c-2e9b11e999ad,2026-05-13T15:00:00Z,2026-05-13T17:00:00+0200,1358.375,MW,BE,BE,forecast_onshore_wind_generation,Wind Onshore,2026-05-28T18:54:14Z
2026-05-28T18:52:05Z,2026-05-28T20:52:05+0200,0ebf8cf8-6a6d-4569-a78c-2e9b11e999ad,2026-05-13T16:00:00Z,2026-05-13T18:00:00+0200,1295.2,MW,BE,BE,forecast_onshore_wind_generation,Wind Onshore,2026-05-28T18:54:14Z
2026-05-28T18:52:05Z,2026-05-28T20:52:05+0200,0ebf8cf8-6a6d-4569-a78c-2e9b11e999ad,2026-05-13T17:00:00Z,2026-05-13T19:00:00+0200,1147.425,MW,BE,BE,forecast_onshore_wind_generation,Wind Onshore,2026-05-28T18:54:14Z
2026-05-28T18:52:05Z,2026-05-28T20:52:05+0200,0ebf8cf8-6a6d-4569-a78c-2e9b11e999ad,2026-05-13T18:00:00Z,2026-05-13T20:00:00+0200,993.7,MW,BE,BE,forecast_onshore_wind_generation,Wind Onshore,2026-05-28T18:54:14Z
2026-05-28T18:52:05Z,2026-05-28T20:52:05+0200,0ebf8cf8-6a6d-4569-a78c-2e9b11e999ad,2026-05-13T19:00:00Z,2026-05-13T21:00:00+0200,936.325,MW,BE,BE,forecast_onshore_wind_generation,Wind Onshore,2026-05-28T18:54:14Z
2026-05-28T18:52:05Z,2026-05-28T20:52:05+0200,0ebf8cf8-6a6d-4569-a78c-2e9b11e999ad,2026-05-13T20:00:00Z,2026-05-13T22:00:00+0200,962.575,MW,BE,BE,forecast_onshore_wind_generation,Wind Onshore,2026-05-28T18:54:14Z
2026-05-28T18:52:05Z,2026-05-28T20:52:05+0200,0ebf8cf8-6a6d-4569-a78c-2e9b11e999ad,2026-05-13T21:00:00Z,2026-05-13T23:00:00+0200,1016.075,MW,BE,BE,forecast_onshore_wind_generation,Wind Onshore,2026-05-28T18:54:14Z
2026-05-28T18:52:05Z,2026-05-28T20:52:05+0200,0ebf8cf8-6a6d-4569-a78c-2e9b11e999ad,2026-05-13T22:00:00Z,2026-05-14T00:00:00+0200,1013.125,MW,BE,BE,forecast_onshore_wind_generation,Wind Onshore,2026-05-28T18:54:14Z
2026-05-28T18:52:05Z,2026-05-28T20:52:05+0200,0ebf8cf8-6a6d-4569-a78c-2e9b11e999ad,2026-05-13T23:00:00Z,2026-05-14T01:00:00+0200,1052.25,MW,BE,BE,forecast_onshore_wind_generation,Wind Onshore,2026-05-28T18:54:14Z
2026-05-28T18:52:05Z,2026-05-28T20:52:05+0200,0ebf8cf8-6a6d-4569-a78c-2e9b11e999ad,2026-05-14T00:00:00Z,2026-05-14T02:00:00+0200,1052.325,MW,BE,BE,forecast_onshore_wind_generation,Wind Onshore,2026-05-28T18:54:14Z
2026-05-28T18:52:05Z,2026-05-28T20:52:05+0200,0ebf8cf8-6a6d-4569-a78c-2e9b11e999ad,2026-05-14T01:00:00Z,2026-05-14T03:00:00+0200,1013.05,MW,BE,BE,forecast_onshore_wind_generation,Wind Onshore,2026-05-28T18:54:14Z
2026-05-28T18:52:05Z,2026-05-28T20:52:05+0200,0ebf8cf8-6a6d-4569-a78c-2e9b11e999ad,2026-05-14T02:00:00Z,2026-05-14T04:00:00+0200,957.875,MW,BE,BE,forecast_onshore_wind_generation,Wind Onshore,2026-05-28T18:54:14Z
2026-05-28T18:52:05Z,2026-05-28T20:52:05+0200,0ebf8cf8-6a6d-4569-a78c-2e9b11e999ad,2026-05-14T03:00:00Z,2026-05-14T05:00:00+0200,899.775,MW,BE,BE,forecast_onshore_wind_generation,Wind Onshore,2026-05-28T18:54:14Z
2026-05-28T18:52:05Z,2026-05-28T20:52:05+0200,0ebf8cf8-6a6d-4569-a78c-2e9b11e999ad,2026-05-14T04:00:00Z,2026-05-14T06:00:00+0200,841.875,MW,BE,BE,forecast_onshore_wind_generation,Wind Onshore,2026-05-28T18:54:14Z
2026-05-28T18:52:05Z,2026-05-28T20:52:05+0200,0ebf8cf8-6a6d-4569-a78c-2e9b11e999ad,2026-05-14T05:00:00Z,2026-05-14T07:00:00+0200,780.05,MW,BE,BE,forecast_onshore_wind_generation,Wind Onshore,2026-05-28T18:54:14Z
2026-05-28T18:52:05Z,2026-05-28T20:52:05+0200,0ebf8cf8-6a6d-4569-a78c-2e9b11e999ad,2026-05-14T06:00:00Z,2026-05-14T08:00:00+0200,729.475,MW,BE,BE,forecast_onshore_wind_generation,Wind Onshore,2026-05-28T18:54:14Z
2026-05-28T18:52:05Z,2026-05-28T20:52:05+0200,0ebf8cf8-6a6d-4569-a78c-2e9b11e999ad,2026-05-14T07:00:00Z,2026-05-14T09:00:00+0200,707.325,MW,BE,BE,forecast_onshore_wind_generation,Wind Onshore,2026-05-28T18:54:14Z
2026-05-28T18:52:05Z,2026-05-28T20:52:05+0200,0ebf8cf8-6a6d-4569-a78c-2e9b11e999ad,2026-05-14T08:00:00Z,2026-05-14T10:00:00+0200,681.65,MW,BE,BE,forecast_onshore_wind_generation,Wind Onshore,2026-05-28T18:54:14Z
2026-05-28T18:52:05Z,2026-05-28T20:52:05+0200,0ebf8cf8-6a6d-4569-a78c-2e9b11e999ad,2026-05-14T09:00:00Z,2026-05-14T11:00:00+0200,630.275,MW,BE,BE,forecast_onshore_wind_generation,Wind Onshore,2026-05-28T18:54:14Z
2026-05-28T18:52:05Z,2026-05-28T20:52:05+0200,0ebf8cf8-6a6d-4569-a78c-2e9b11e999ad,2026-05-14T10:00:00Z,2026-05-14T12:00:00+0200,566.7,MW,BE,BE,forecast_onshore_wind_generation,Wind Onshore,2026-05-28T18:54:14Z
2026-05-28T18:52:05Z,2026-05-28T20:52:05+0200,0ebf8cf8-6a6d-4569-a78c-2e9b11e999ad,2026-05-14T11:00:00Z,2026-05-14T13:00:00+0200,496.825,MW,BE,BE,forecast_onshore_wind_generation,Wind Onshore,2026-05-28T18:54:14Z
2026-05-28T18:52:05Z,2026-05-28T20:52:05+0200,0ebf8cf8-6a6d-4569-a78c-2e9b11e999ad,2026-05-14T12:00:00Z,2026-05-14T14:00:00+0200,450.6,MW,BE,BE,forecast_onshore_wind_generation,Wind Onshore,2026-05-28T18:54:14Z
2026-05-28T18:52:05Z,2026-05-28T20:52:05+0200,0ebf8cf8-6a6d-4569-a78c-2e9b11e999ad,2026-05-14T13:00:00Z,2026-05-14T15:00:00+0200,437.575,MW,BE,BE,forecast_onshore_wind_generation,Wind Onshore,2026-05-28T18:54:14Z
2026-05-28T18:52:05Z,2026-05-28T20:52:05+0200,0ebf8cf8-6a6d-4569-a78c-2e9b11e999ad,2026-05-14T14:00:00Z,2026-05-14T16:00:00+0200,414.8,MW,BE,BE,forecast_onshore_wind_generation,Wind Onshore,2026-05-28T18:54:14Z
2026-05-28T18:52:05Z,2026-05-28T20:52:05+0200,0ebf8cf8-6a6d-4569-a78c-2e9b11e999ad,2026-05-14T15:00:00Z,2026-05-14T17:00:00+0200,387.275,MW,BE,BE,forecast_onshore_wind_generation,Wind Onshore,2026-05-28T18:54:14Z
2026-05-28T18:52:05Z,2026-05-28T20:52:05+0200,0ebf8cf8-6a6d-4569-a78c-2e9b11e999ad,2026-05-14T16:00:00Z,2026-05-14T18:00:00+0200,359.875,MW,BE,BE,forecast_onshore_wind_generation,Wind Onshore,2026-05-28T18:54:14Z
2026-05-28T18:52:05Z,2026-05-28T20:52:05+0200,0ebf8cf8-6a6d-4569-a78c-2e9b11e999ad,2026-05-14T17:00:00Z,2026-05-14T19:00:00+0200,318.075,MW,BE,BE,forecast_onshore_wind_generation,Wind Onshore,2026-05-28T18:54:14Z
2026-05-28T18:52:05Z,2026-05-28T20:52:05+0200,0ebf8cf8-6a6d-4569-a78c-2e9b11e999ad,2026-05-14T18:00:00Z,2026-05-14T20:00:00+0200,284.975,MW,BE,BE,forecast_onshore_wind_generation,Wind Onshore,2026-05-28T18:54:14Z
2026-05-28T18:52:05Z,2026-05-28T20:52:05+0200,0ebf8cf8-6a6d-4569-a78c-2e9b11e999ad,2026-05-14T19:00:00Z,2026-05-14T21:00:00+0200,284.675,MW,BE,BE,forecast_onshore_wind_generation,Wind Onshore,2026-05-28T18:54:14Z
2026-05-28T18:52:05Z,2026-05-28T20:52:05+0200,0ebf8cf8-6a6d-4569-a78c-2e9b11e999ad,2026-05-14T20:00:00Z,2026-05-14T22:00:00+0200,312.1,MW,BE,BE,forecast_onshore_wind_generation,Wind Onshore,2026-05-28T18:54:14Z
2026-05-28T18:52:05Z,2026-05-28T20:52:05+0200,0ebf8cf8-6a6d-4569-a78c-2e9b11e999ad,2026-05-14T21:00:00Z,2026-05-14T23:00:00+0200,336.4,MW,BE,BE,forecast_onshore_wind_generation,Wind Onshore,2026-05-28T18:54:14Z
2026-05-28T18:52:05Z,2026-05-28T20:52:05+0200,0ebf8cf8-6a6d-4569-a78c-2e9b11e999ad,2026-05-14T22:00:00Z,2026-05-15T00:00:00+0200,277.925,MW,BE,BE,forecast_onshore_wind_generation,Wind Onshore,2026-05-28T18:54:14Z
2026-05-28T18:52:05Z,2026-05-28T20:52:05+0200,0ebf8cf8-6a6d-4569-a78c-2e9b11e999ad,2026-05-14T23:00:00Z,2026-05-15T01:00:00+0200,254.05,MW,BE,BE,forecast_onshore_wind_generation,Wind Onshore,2026-05-28T18:54:14Z
2026-05-28T18:52:05Z,2026-05-28T20:52:05+0200,0ebf8cf8-6a6d-4569-a78c-2e9b11e999ad,2026-05-15T00:00:00Z,2026-05-15T02:00:00+0200,238.225,MW,BE,BE,forecast_onshore_wind_generation,Wind Onshore,2026-05-28T18:54:14Z
2026-05-28T18:52:05Z,2026-05-28T20:52:05+0200,0ebf8cf8-6a6d-4569-a78c-2e9b11e999ad,2026-05-15T01:00:00Z,2026-05-15T03:00:00+0200,237.75,MW,BE,BE,forecast_onshore_wind_generation,Wind Onshore,2026-05-28T18:54:14Z
2026-05-28T18:52:05Z,2026-05-28T20:52:05+0200,0ebf8cf8-6a6d-4569-a78c-2e9b11e999ad,2026-05-15T02:00:00Z,2026-05-15T04:00:00+0200,247.35,MW,BE,BE,forecast_onshore_wind_generation,Wind Onshore,2026-05-28T18:54:14Z
2026-05-28T18:52:05Z,2026-05-28T20:52:05+0200,0ebf8cf8-6a6d-4569-a78c-2e9b11e999ad,2026-05-15T03:00:00Z,2026-05-15T05:00:00+0200,255.9,MW,BE,BE,forecast_onshore_wind_generation,Wind Onshore,2026-05-28T18:54:14Z
2026-05-28T18:52:05Z,2026-05-28T20:52:05+0200,0ebf8cf8-6a6d-4569-a78c-2e9b11e999ad,2026-05-15T04:00:00Z,2026-05-15T06:00:00+0200,256.675,MW,BE,BE,forecast_onshore_wind_generation,Wind Onshore,2026-05-28T18:54:14Z
2026-05-28T18:52:05Z,2026-05-28T20:52:05+0200,0ebf8cf8-6a6d-4569-a78c-2e9b11e999ad,2026-05-15T05:00:00Z,2026-05-15T07:00:00+0200,241.3,MW,BE,BE,forecast_onshore_wind_generation,Wind Onshore,2026-05-28T18:54:14Z
2026-05-28T18:52:05Z,2026-05-28T20:52:05+0200,0ebf8cf8-6a6d-4569-a78c-2e9b11e999ad,2026-05-15T06:00:00Z,2026-05-15T08:00:00+0200,192.55,MW,BE,BE,forecast_onshore_wind_generation,Wind Onshore,2026-05-28T18:54:14Z
2026-05-28T18:52:05Z,2026-05-28T20:52:05+0200,0ebf8cf8-6a6d-4569-a78c-2e9b11e999ad,2026-05-15T07:00:00Z,2026-05-15T09:00:00+0200,205.75,MW,BE,BE,forecast_onshore_wind_generation,Wind Onshore,2026-05-28T18:54:14Z
2026-05-28T18:52:05Z,2026-05-28T20:52:05+0200,0ebf8cf8-6a6d-4569-a78c-2e9b11e999ad,2026-05-15T08:00:00Z,2026-05-15T10:00:00+0200,275.475,MW,BE,BE,forecast_onshore_wind_generation,Wind Onshore,2026-05-28T18:54:14Z
2026-05-28T18:52:05Z,2026-05-28T20:52:05+0200,0ebf8cf8-6a6d-4569-a78c-2e9b11e999ad,2026-05-15T09:00:00Z,2026-05-15T11:00:00+0200,327.325,MW,BE,BE,forecast_onshore_wind_generation,Wind Onshore,2026-05-28T18:54:14Z
2026-05-28T18:52:05Z,2026-05-28T20:52:05+0200,0ebf8cf8-6a6d-4569-a78c-2e9b11e999ad,2026-05-15T10:00:00Z,2026-05-15T12:00:00+0200,378.875,MW,BE,BE,forecast_onshore_wind_generation,Wind Onshore,2026-05-28T18:54:14Z
2026-05-28T18:52:05Z,2026-05-28T20:52:05+0200,0ebf8cf8-6a6d-4569-a78c-2e9b11e999ad,2026-05-15T11:00:00Z,2026-05-15T13:00:00+0200,454.425,MW,BE,BE,forecast_onshore_wind_generation,Wind Onshore,2026-05-28T18:54:14Z
2026-05-28T18:52:05Z,2026-05-28T20:52:05+0200,0ebf8cf8-6a6d-4569-a78c-2e9b11e999ad,2026-05-15T12:00:00Z,2026-05-15T14:00:00+0200,550.575,MW,BE,BE,forecast_onshore_wind_generation,Wind Onshore,2026-05-28T18:54:14Z
2026-05-28T18:52:05Z,2026-05-28T20:52:05+0200,0ebf8cf8-6a6d-4569-a78c-2e9b11e999ad,2026-05-15T13:00:00Z,2026-05-15T15:00:00+0200,654.4,MW,BE,BE,forecast_onshore_wind_generation,Wind Onshore,2026-05-28T18:54:14Z
2026-05-28T18:52:05Z,2026-05-28T20:52:05+0200,0ebf8cf8-6a6d-4569-a78c-2e9b11e999ad,2026-05-15T14:00:00Z,2026-05-15T16:00:00+0200,739.2,MW,BE,BE,forecast_onshore_wind_generation,Wind Onshore,2026-05-28T18:54:14Z
2026-05-28T18:52:05Z,2026-05-28T20:52:05+0200,0ebf8cf8-6a6d-4569-a78c-2e9b11e999ad,2026-05-15T15:00:00Z,2026-05-15T17:00:00+0200,775.55,MW,BE,BE,forecast_onshore_wind_generation,Wind Onshore,2026-05-28T18:54:14Z
2026-05-28T18:52:05Z,2026-05-28T20:52:05+0200,0ebf8cf8-6a6d-4569-a78c-2e9b11e999ad,2026-05-15T16:00:00Z,2026-05-15T18:00:00+0200,742.525,MW,BE,BE,forecast_onshore_wind_generation,Wind Onshore,2026-05-28T18:54:14Z
2026-05-28T18:52:05Z,2026-05-28T20:52:05+0200,0ebf8cf8-6a6d-4569-a78c-2e9b11e999ad,2026-05-15T17:00:00Z,2026-05-15T19:00:00+0200,624.45,MW,BE,BE,forecast_onshore_wind_generation,Wind Onshore,2026-05-28T18:54:14Z
2026-05-28T18:52:05Z,2026-05-28T20:52:05+0200,0ebf8cf8-6a6d-4569-a78c-2e9b11e999ad,2026-05-15T18:00:00Z,2026-05-15T20:00:00+0200,455.7,MW,BE,BE,forecast_onshore_wind_generation,Wind Onshore,2026-05-28T18:54:14Z
2026-05-28T18:52:05Z,2026-05-28T20:52:05+0200,0ebf8cf8-6a6d-4569-a78c-2e9b11e999ad,2026-05-15T19:00:00Z,2026-05-15T21:00:00+0200,320.575,MW,BE,BE,forecast_onshore_wind_generation,Wind Onshore,2026-05-28T18:54:14Z
2026-05-28T18:52:05Z,2026-05-28T20:52:05+0200,0ebf8cf8-6a6d-4569-a78c-2e9b11e999ad,2026-05-15T20:00:00Z,2026-05-15T22:00:00+0200,250.45,MW,BE,BE,forecast_onshore_wind_generation,Wind Onshore,2026-05-28T18:54:14Z
2026-05-28T18:52:05Z,2026-05-28T20:52:05+0200,0ebf8cf8-6a6d-4569-a78c-2e9b11e999ad,2026-05-15T21:00:00Z,2026-05-15T23:00:00+0200,231.45,MW,BE,BE,forecast_onshore_wind_generation,Wind Onshore,2026-05-28T18:54:14Z
2026-05-28T18:52:05Z,2026-05-28T20:52:05+0200,0ebf8cf8-6a6d-4569-a78c-2e9b11e999ad,2026-05-15T22:00:00Z,2026-05-16T00:00:00+0200,216.775,MW,BE,BE,forecast_onshore_wind_generation,Wind Onshore,2026-05-28T18:54:14Z
2026-05-28T18:52:05Z,2026-05-28T20:52:05+0200,0ebf8cf8-6a6d-4569-a78c-2e9b11e999ad,2026-05-15T23:00:00Z,2026-05-16T01:00:00+0200,238.65,MW,BE,BE,forecast_onshore_wind_generation,Wind Onshore,2026-05-28T18:54:14Z
2026-05-28T18:52:05Z,2026-05-28T20:52:05+0200,0ebf8cf8-6a6d-4569-a78c-2e9b11e999ad,2026-05-16T00:00:00Z,2026-05-16T02:00:00+0200,274.55,MW,BE,BE,forecast_onshore_wind_generation,Wind Onshore,2026-05-28T18:54:14Z
2026-05-28T18:52:05Z,2026-05-28T20:52:05+0200,0ebf8cf8-6a6d-4569-a78c-2e9b11e999ad,2026-05-16T01:00:00Z,2026-05-16T03:00:00+0200,314.025,MW,BE,BE,forecast_onshore_wind_generation,Wind Onshore,2026-05-28T18:54:14Z
2026-05-28T18:52:05Z,2026-05-28T20:52:05+0200,0ebf8cf8-6a6d-4569-a78c-2e9b11e999ad,2026-05-16T02:00:00Z,2026-05-16T04:00:00+0200,334.5,MW,BE,BE,forecast_onshore_wind_generation,Wind Onshore,2026-05-28T18:54:14Z
2026-05-28T18:52:05Z,2026-05-28T20:52:05+0200,0ebf8cf8-6a6d-4569-a78c-2e9b11e999ad,2026-05-16T03:00:00Z,2026-05-16T05:00:00+0200,332.975,MW,BE,BE,forecast_onshore_wind_generation,Wind Onshore,2026-05-28T18:54:14Z
2026-05-28T18:52:05Z,2026-05-28T20:52:05+0200,0ebf8cf8-6a6d-4569-a78c-2e9b11e999ad,2026-05-16T04:00:00Z,2026-05-16T06:00:00+0200,319.225,MW,BE,BE,forecast_onshore_wind_generation,Wind Onshore,2026-05-28T18:54:14Z
2026-05-28T18:52:05Z,2026-05-28T20:52:05+0200,0ebf8cf8-6a6d-4569-a78c-2e9b11e999ad,2026-05-16T05:00:00Z,2026-05-16T07:00:00+0200,273.4,MW,BE,BE,forecast_onshore_wind_generation,Wind Onshore,2026-05-28T18:54:14Z
2026-05-28T18:52:05Z,2026-05-28T20:52:05+0200,0ebf8cf8-6a6d-4569-a78c-2e9b11e999ad,2026-05-16T06:00:00Z,2026-05-16T08:00:00+0200,160.3,MW,BE,BE,forecast_onshore_wind_generation,Wind Onshore,2026-05-28T18:54:14Z
2026-05-28T18:52:05Z,2026-05-28T20:52:05+0200,0ebf8cf8-6a6d-4569-a78c-2e9b11e999ad,2026-05-16T07:00:00Z,2026-05-16T09:00:00+0200,133.375,MW,BE,BE,forecast_onshore_wind_generation,Wind Onshore,2026-05-28T18:54:14Z
2026-05-28T18:52:05Z,2026-05-28T20:52:05+0200,0ebf8cf8-6a6d-4569-a78c-2e9b11e999ad,2026-05-16T08:00:00Z,2026-05-16T10:00:00+0200,192.35,MW,BE,BE,forecast_onshore_wind_generation,Wind Onshore,2026-05-28T18:54:14Z
2026-05-28T18:52:05Z,2026-05-28T20:52:05+0200,0ebf8cf8-6a6d-4569-a78c-2e9b11e999ad,2026-05-16T09:00:00Z,2026-05-16T11:00:00+0200,275.15,MW,BE,BE,forecast_onshore_wind_generation,Wind Onshore,2026-05-28T18:54:14Z
2026-05-28T18:52:05Z,2026-05-28T20:52:05+0200,0ebf8cf8-6a6d-4569-a78c-2e9b11e999ad,2026-05-16T10:00:00Z,2026-05-16T12:00:00+0200,369.375,MW,BE,BE,forecast_onshore_wind_generation,Wind Onshore,2026-05-28T18:54:14Z
2026-05-28T18:52:05Z,2026-05-28T20:52:05+0200,0ebf8cf8-6a6d-4569-a78c-2e9b11e999ad,2026-05-16T11:00:00Z,2026-05-16T13:00:00+0200,455.05,MW,BE,BE,forecast_onshore_wind_generation,Wind Onshore,2026-05-28T18:54:14Z
2026-05-28T18:52:05Z,2026-05-28T20:52:05+0200,0ebf8cf8-6a6d-4569-a78c-2e9b11e999ad,2026-05-16T12:00:00Z,2026-05-16T14:00:00+0200,508.425,MW,BE,BE,forecast_onshore_wind_generation,Wind Onshore,2026-05-28T18:54:14Z
2026-05-28T18:52:05Z,2026-05-28T20:52:05+0200,0ebf8cf8-6a6d-4569-a78c-2e9b11e999ad,2026-05-16T13:00:00Z,2026-05-16T15:00:00+0200,519.85,MW,BE,BE,forecast_onshore_wind_generation,Wind Onshore,2026-05-28T18:54:14Z
2026-05-28T18:52:05Z,2026-05-28T20:52:05+0200,0ebf8cf8-6a6d-4569-a78c-2e9b11e999ad,2026-05-16T14:00:00Z,2026-05-16T16:00:00+0200,499.075,MW,BE,BE,forecast_onshore_wind_generation,Wind Onshore,2026-05-28T18:54:14Z
2026-05-28T18:52:05Z,2026-05-28T20:52:05+0200,0ebf8cf8-6a6d-4569-a78c-2e9b11e999ad,2026-05-16T15:00:00Z,2026-05-16T17:00:00+0200,458.825,MW,BE,BE,forecast_onshore_wind_generation,Wind Onshore,2026-05-28T18:54:14Z
2026-05-28T18:52:05Z,2026-05-28T20:52:05+0200,0ebf8cf8-6a6d-4569-a78c-2e9b11e999ad,2026-05-16T16:00:00Z,2026-05-16T18:00:00+0200,392.35,MW,BE,BE,forecast_onshore_wind_generation,Wind Onshore,2026-05-28T18:54:14Z
2026-05-28T18:52:05Z,2026-05-28T20:52:05+0200,0ebf8cf8-6a6d-4569-a78c-2e9b11e999ad,2026-05-16T17:00:00Z,2026-05-16T19:00:00+0200,298.75,MW,BE,BE,forecast_onshore_wind_generation,Wind Onshore,2026-05-28T18:54:14Z
2026-05-28T18:52:05Z,2026-05-28T20:52:05+0200,0ebf8cf8-6a6d-4569-a78c-2e9b11e999ad,2026-05-16T18:00:00Z,2026-05-16T20:00:00+0200,220.5,MW,BE,BE,forecast_onshore_wind_generation,Wind Onshore,2026-05-28T18:54:14Z
2026-05-28T18:52:05Z,2026-05-28T20:52:05+0200,0ebf8cf8-6a6d-4569-a78c-2e9b11e999ad,2026-05-16T19:00:00Z,2026-05-16T21:00:00+0200,225.3,MW,BE,BE,forecast_onshore_wind_generation,Wind Onshore,2026-05-28T18:54:14Z
2026-05-28T18:52:05Z,2026-05-28T20:52:05+0200,0ebf8cf8-6a6d-4569-a78c-2e9b11e999ad,2026-05-16T20:00:00Z,2026-05-16T22:00:00+0200,300.775,MW,BE,BE,forecast_onshore_wind_generation,Wind Onshore,2026-05-28T18:54:14Z
2026-05-28T18:52:05Z,2026-05-28T20:52:05+0200,0ebf8cf8-6a6d-4569-a78c-2e9b11e999ad,2026-05-16T21:00:00Z,2026-05-16T23:00:00+0200,426.5,MW,BE,BE,forecast_onshore_wind_generation,Wind Onshore,2026-05-28T18:54:14Z
2026-05-28T18:52:05Z,2026-05-28T20:52:05+0200,0ebf8cf8-6a6d-4569-a78c-2e9b11e999ad,2026-05-16T22:00:00Z,2026-05-17T00:00:00+0200,682.1,MW,BE,BE,forecast_onshore_wind_generation,Wind Onshore,2026-05-28T18:54:14Z
2026-05-28T18:52:05Z,2026-05-28T20:52:05+0200,0ebf8cf8-6a6d-4569-a78c-2e9b11e999ad,2026-05-16T23:00:00Z,2026-05-17T01:00:00+0200,797.425,MW,BE,BE,forecast_onshore_wind_generation,Wind Onshore,2026-05-28T18:54:14Z
2026-05-28T18:52:05Z,2026-05-28T20:52:05+0200,0ebf8cf8-6a6d-4569-a78c-2e9b11e999ad,2026-05-17T00:00:00Z,2026-05-17T02:00:00+0200,875.95,MW,BE,BE,forecast_onshore_wind_generation,Wind Onshore,2026-05-28T18:54:14Z
2026-05-28T18:52:05Z,2026-05-28T20:52:05+0200,0ebf8cf8-6a6d-4569-a78c-2e9b11e999ad,2026-05-17T01:00:00Z,2026-05-17T03:00:00+0200,920.2,MW,BE,BE,forecast_onshore_wind_generation,Wind Onshore,2026-05-28T18:54:14Z
2026-05-28T18:52:05Z,2026-05-28T20:52:05+0200,0ebf8cf8-6a6d-4569-a78c-2e9b11e999ad,2026-05-17T02:00:00Z,2026-05-17T04:00:00+0200,937.625,MW,BE,BE,forecast_onshore_wind_generation,Wind Onshore,2026-05-28T18:54:14Z
2026-05-28T18:52:05Z,2026-05-28T20:52:05+0200,0ebf8cf8-6a6d-4569-a78c-2e9b11e999ad,2026-05-17T03:00:00Z,2026-05-17T05:00:00+0200,929.25,MW,BE,BE,forecast_onshore_wind_generation,Wind Onshore,2026-05-28T18:54:14Z
2026-05-28T18:52:05Z,2026-05-28T20:52:05+0200,0ebf8cf8-6a6d-4569-a78c-2e9b11e999ad,2026-05-17T04:00:00Z,2026-05-17T06:00:00+0200,906.425,MW,BE,BE,forecast_onshore_wind_generation,Wind Onshore,2026-05-28T18:54:14Z
2026-05-28T18:52:05Z,2026-05-28T20:52:05+0200,0ebf8cf8-6a6d-4569-a78c-2e9b11e999ad,2026-05-17T05:00:00Z,2026-05-17T07:00:00+0200,882.25,MW,BE,BE,forecast_onshore_wind_generation,Wind Onshore,2026-05-28T18:54:14Z
2026-05-28T18:52:05Z,2026-05-28T20:52:05+0200,0ebf8cf8-6a6d-4569-a78c-2e9b11e999ad,2026-05-17T06:00:00Z,2026-05-17T08:00:00+0200,861.4,MW,BE,BE,forecast_onshore_wind_generation,Wind Onshore,2026-05-28T18:54:14Z
2026-05-28T18:52:05Z,2026-05-28T20:52:05+0200,0ebf8cf8-6a6d-4569-a78c-2e9b11e999ad,2026-05-17T07:00:00Z,2026-05-17T09:00:00+0200,850.925,MW,BE,BE,forecast_onshore_wind_generation,Wind Onshore,2026-05-28T18:54:14Z
2026-05-28T18:52:05Z,2026-05-28T20:52:05+0200,0ebf8cf8-6a6d-4569-a78c-2e9b11e999ad,2026-05-17T08:00:00Z,2026-05-17T10:00:00+0200,845.8,MW,BE,BE,forecast_onshore_wind_generation,Wind Onshore,2026-05-28T18:54:14Z
2026-05-28T18:52:05Z,2026-05-28T20:52:05+0200,0ebf8cf8-6a6d-4569-a78c-2e9b11e999ad,2026-05-17T09:00:00Z,2026-05-17T11:00:00+0200,834.6,MW,BE,BE,forecast_onshore_wind_generation,Wind Onshore,2026-05-28T18:54:14Z
2026-05-28T18:52:05Z,2026-05-28T20:52:05+0200,0ebf8cf8-6a6d-4569-a78c-2e9b11e999ad,2026-05-17T10:00:00Z,2026-05-17T12:00:00+0200,788.8,MW,BE,BE,forecast_onshore_wind_generation,Wind Onshore,2026-05-28T18:54:14Z
2026-05-28T18:52:05Z,2026-05-28T20:52:05+0200,0ebf8cf8-6a6d-4569-a78c-2e9b11e999ad,2026-05-17T11:00:00Z,2026-05-17T13:00:00+0200,726.4,MW,BE,BE,forecast_onshore_wind_generation,Wind Onshore,2026-05-28T18:54:14Z
2026-05-28T18:52:05Z,2026-05-28T20:52:05+0200,0ebf8cf8-6a6d-4569-a78c-2e9b11e999ad,2026-05-17T12:00:00Z,2026-05-17T14:00:00+0200,655.55,MW,BE,BE,forecast_onshore_wind_generation,Wind Onshore,2026-05-28T18:54:14Z
2026-05-28T18:52:05Z,2026-05-28T20:52:05+0200,0ebf8cf8-6a6d-4569-a78c-2e9b11e999ad,2026-05-17T13:00:00Z,2026-05-17T15:00:00+0200,573.025,MW,BE,BE,forecast_onshore_wind_generation,Wind Onshore,2026-05-28T18:54:14Z
2026-05-28T18:52:05Z,2026-05-28T20:52:05+0200,0ebf8cf8-6a6d-4569-a78c-2e9b11e999ad,2026-05-17T14:00:00Z,2026-05-17T16:00:00+0200,494.5,MW,BE,BE,forecast_onshore_wind_generation,Wind Onshore,2026-05-28T18:54:14Z
2026-05-28T18:52:05Z,2026-05-28T20:52:05+0200,0ebf8cf8-6a6d-4569-a78c-2e9b11e999ad,2026-05-17T15:00:00Z,2026-05-17T17:00:00+0200,407.225,MW,BE,BE,forecast_onshore_wind_generation,Wind Onshore,2026-05-28T18:54:14Z
2026-05-28T18:52:05Z,2026-05-28T20:52:05+0200,0ebf8cf8-6a6d-4569-a78c-2e9b11e999ad,2026-05-17T16:00:00Z,2026-05-17T18:00:00+0200,314.675,MW,BE,BE,forecast_onshore_wind_generation,Wind Onshore,2026-05-28T18:54:14Z
2026-05-28T18:52:05Z,2026-05-28T20:52:05+0200,0ebf8cf8-6a6d-4569-a78c-2e9b11e999ad,2026-05-17T17:00:00Z,2026-05-17T19:00:00+0200,242.475,MW,BE,BE,forecast_onshore_wind_generation,Wind Onshore,2026-05-28T18:54:14Z
2026-05-28T18:52:05Z,2026-05-28T20:52:05+0200,0ebf8cf8-6a6d-4569-a78c-2e9b11e999ad,2026-05-17T18:00:00Z,2026-05-17T20:00:00+0200,200.15,MW,BE,BE,forecast_onshore_wind_generation,Wind Onshore,2026-05-28T18:54:14Z
2026-05-28T18:52:05Z,2026-05-28T20:52:05+0200,0ebf8cf8-6a6d-4569-a78c-2e9b11e999ad,2026-05-17T19:00:00Z,2026-05-17T21:00:00+0200,192.025,MW,BE,BE,forecast_onshore_wind_generation,Wind Onshore,2026-05-28T18:54:14Z
2026-05-28T18:52:05Z,2026-05-28T20:52:05+0200,0ebf8cf8-6a6d-4569-a78c-2e9b11e999ad,2026-05-17T20:00:00Z,2026-05-17T22:00:00+0200,228.275,MW,BE,BE,forecast_onshore_wind_generation,Wind Onshore,2026-05-28T18:54:14Z
2026-05-28T18:52:05Z,2026-05-28T20:52:05+0200,0ebf8cf8-6a6d-4569-a78c-2e9b11e999ad,2026-05-17T21:00:00Z,2026-05-17T23:00:00+0200,256.25,MW,BE,BE,forecast_onshore_wind_generation,Wind Onshore,2026-05-28T18:54:14Z
2026-05-28T18:52:05Z,2026-05-28T20:52:05+0200,0ebf8cf8-6a6d-4569-a78c-2e9b11e999ad,2026-05-17T22:00:00Z,2026-05-18T00:00:00+0200,239.925,MW,BE,BE,forecast_onshore_wind_generation,Wind Onshore,2026-05-28T18:54:14Z
2026-05-28T18:52:05Z,2026-05-28T20:52:05+0200,0ebf8cf8-6a6d-4569-a78c-2e9b11e999ad,2026-05-17T23:00:00Z,2026-05-18T01:00:00+0200,269.65,MW,BE,BE,forecast_onshore_wind_generation,Wind Onshore,2026-05-28T18:54:14Z
2026-05-28T18:52:05Z,2026-05-28T20:52:05+0200,0ebf8cf8-6a6d-4569-a78c-2e9b11e999ad,2026-05-18T00:00:00Z,2026-05-18T02:00:00+0200,294.375,MW,BE,BE,forecast_onshore_wind_generation,Wind Onshore,2026-05-28T18:54:14Z
2026-05-28T18:52:05Z,2026-05-28T20:52:05+0200,0ebf8cf8-6a6d-4569-a78c-2e9b11e999ad,2026-05-18T01:00:00Z,2026-05-18T03:00:00+0200,304.4,MW,BE,BE,forecast_onshore_wind_generation,Wind Onshore,2026-05-28T18:54:14Z
2026-05-28T18:52:05Z,2026-05-28T20:52:05+0200,0ebf8cf8-6a6d-4569-a78c-2e9b11e999ad,2026-05-18T02:00:00Z,2026-05-18T04:00:00+0200,305.425,MW,BE,BE,forecast_onshore_wind_generation,Wind Onshore,2026-05-28T18:54:14Z
2026-05-28T18:52:05Z,2026-05-28T20:52:05+0200,0ebf8cf8-6a6d-4569-a78c-2e9b11e999ad,2026-05-18T03:00:00Z,2026-05-18T05:00:00+0200,320.425,MW,BE,BE,forecast_onshore_wind_generation,Wind Onshore,2026-05-28T18:54:14Z
2026-05-28T18:52:05Z,2026-05-28T20:52:05+0200,0ebf8cf8-6a6d-4569-a78c-2e9b11e999ad,2026-05-18T04:00:00Z,2026-05-18T06:00:00+0200,343.675,MW,BE,BE,forecast_onshore_wind_generation,Wind Onshore,2026-05-28T18:54:14Z
2026-05-28T18:52:05Z,2026-05-28T20:52:05+0200,0ebf8cf8-6a6d-4569-a78c-2e9b11e999ad,2026-05-18T05:00:00Z,2026-05-18T07:00:00+0200,351.125,MW,BE,BE,forecast_onshore_wind_generation,Wind Onshore,2026-05-28T18:54:14Z
2026-05-28T18:52:05Z,2026-05-28T20:52:05+0200,0ebf8cf8-6a6d-4569-a78c-2e9b11e999ad,2026-05-18T06:00:00Z,2026-05-18T08:00:00+0200,344.875,MW,BE,BE,forecast_onshore_wind_generation,Wind Onshore,2026-05-28T18:54:14Z
2026-05-28T18:52:05Z,2026-05-28T20:52:05+0200,0ebf8cf8-6a6d-4569-a78c-2e9b11e999ad,2026-05-18T07:00:00Z,2026-05-18T09:00:00+0200,362.05,MW,BE,BE,forecast_onshore_wind_generation,Wind Onshore,2026-05-28T18:54:14Z
2026-05-28T18:52:05Z,2026-05-28T20:52:05+0200,0ebf8cf8-6a6d-4569-a78c-2e9b11e999ad,2026-05-18T08:00:00Z,2026-05-18T10:00:00+0200,385.525,MW,BE,BE,forecast_onshore_wind_generation,Wind Onshore,2026-05-28T18:54:14Z
2026-05-28T18:52:05Z,2026-05-28T20:52:05+0200,0ebf8cf8-6a6d-4569-a78c-2e9b11e999ad,2026-05-18T09:00:00Z,2026-05-18T11:00:00+0200,405.275,MW,BE,BE,forecast_onshore_wind_generation,Wind Onshore,2026-05-28T18:54:14Z
2026-05-28T18:52:05Z,2026-05-28T20:52:05+0200,0ebf8cf8-6a6d-4569-a78c-2e9b11e999ad,2026-05-18T10:00:00Z,2026-05-18T12:00:00+0200,424.775,MW,BE,BE,forecast_onshore_wind_generation,Wind Onshore,2026-05-28T18:54:14Z
2026-05-28T18:52:05Z,2026-05-28T20:52:05+0200,0ebf8cf8-6a6d-4569-a78c-2e9b11e999ad,2026-05-18T11:00:00Z,2026-05-18T13:00:00+0200,436.225,MW,BE,BE,forecast_onshore_wind_generation,Wind Onshore,2026-05-28T18:54:14Z
2026-05-28T18:52:05Z,2026-05-28T20:52:05+0200,0ebf8cf8-6a6d-4569-a78c-2e9b11e999ad,2026-05-18T12:00:00Z,2026-05-18T14:00:00+0200,433.25,MW,BE,BE,forecast_onshore_wind_generation,Wind Onshore,2026-05-28T18:54:14Z
2026-05-28T18:52:05Z,2026-05-28T20:52:05+0200,0ebf8cf8-6a6d-4569-a78c-2e9b11e999ad,2026-05-18T13:00:00Z,2026-05-18T15:00:00+0200,404.425,MW,BE,BE,forecast_onshore_wind_generation,Wind Onshore,2026-05-28T18:54:14Z
2026-05-28T18:52:05Z,2026-05-28T20:52:05+0200,0ebf8cf8-6a6d-4569-a78c-2e9b11e999ad,2026-05-18T14:00:00Z,2026-05-18T16:00:00+0200,368.925,MW,BE,BE,forecast_onshore_wind_generation,Wind Onshore,2026-05-28T18:54:14Z
2026-05-28T18:52:05Z,2026-05-28T20:52:05+0200,0ebf8cf8-6a6d-4569-a78c-2e9b11e999ad,2026-05-18T15:00:00Z,2026-05-18T17:00:00+0200,314.725,MW,BE,BE,forecast_onshore_wind_generation,Wind Onshore,2026-05-28T18:54:14Z
2026-05-28T18:52:05Z,2026-05-28T20:52:05+0200,0ebf8cf8-6a6d-4569-a78c-2e9b11e999ad,2026-05-18T16:00:00Z,2026-05-18T18:00:00+0200,248.625,MW,BE,BE,forecast_onshore_wind_generation,Wind Onshore,2026-05-28T18:54:14Z
2026-05-28T18:52:05Z,2026-05-28T20:52:05+0200,0ebf8cf8-6a6d-4569-a78c-2e9b11e999ad,2026-05-18T17:00:00Z,2026-05-18T19:00:00+0200,189.5,MW,BE,BE,forecast_onshore_wind_generation,Wind Onshore,2026-05-28T18:54:14Z
2026-05-28T18:52:05Z,2026-05-28T20:52:05+0200,0ebf8cf8-6a6d-4569-a78c-2e9b11e999ad,2026-05-18T18:00:00Z,2026-05-18T20:00:00+0200,138.95,MW,BE,BE,forecast_onshore_wind_generation,Wind Onshore,2026-05-28T18:54:14Z
2026-05-28T18:52:05Z,2026-05-28T20:52:05+0200,0ebf8cf8-6a6d-4569-a78c-2e9b11e999ad,2026-05-18T19:00:00Z,2026-05-18T21:00:00+0200,136.925,MW,BE,BE,forecast_onshore_wind_generation,Wind Onshore,2026-05-28T18:54:14Z
2026-05-28T18:52:05Z,2026-05-28T20:52:05+0200,0ebf8cf8-6a6d-4569-a78c-2e9b11e999ad,2026-05-18T20:00:00Z,2026-05-18T22:00:00+0200,206.125,MW,BE,BE,forecast_onshore_wind_generation,Wind Onshore,2026-05-28T18:54:14Z
2026-05-28T18:52:05Z,2026-05-28T20:52:05+0200,0ebf8cf8-6a6d-4569-a78c-2e9b11e999ad,2026-05-18T21:00:00Z,2026-05-18T23:00:00+0200,306.3,MW,BE,BE,forecast_onshore_wind_generation,Wind Onshore,2026-05-28T18:54:14Z
2026-05-28T18:52:05Z,2026-05-28T20:52:05+0200,0ebf8cf8-6a6d-4569-a78c-2e9b11e999ad,2026-05-18T22:00:00Z,2026-05-19T00:00:00+0200,304.05,MW,BE,BE,forecast_onshore_wind_generation,Wind Onshore,2026-05-28T18:54:14Z
2026-05-28T18:52:05Z,2026-05-28T20:52:05+0200,0ebf8cf8-6a6d-4569-a78c-2e9b11e999ad,2026-05-18T23:00:00Z,2026-05-19T01:00:00+0200,413.875,MW,BE,BE,forecast_onshore_wind_generation,Wind Onshore,2026-05-28T18:54:14Z
2026-05-28T18:52:05Z,2026-05-28T20:52:05+0200,0ebf8cf8-6a6d-4569-a78c-2e9b11e999ad,2026-05-19T00:00:00Z,2026-05-19T02:00:00+0200,507.775,MW,BE,BE,forecast_onshore_wind_generation,Wind Onshore,2026-05-28T18:54:14Z
2026-05-28T18:52:05Z,2026-05-28T20:52:05+0200,0ebf8cf8-6a6d-4569-a78c-2e9b11e999ad,2026-05-19T01:00:00Z,2026-05-19T03:00:00+0200,591.35,MW,BE,BE,forecast_onshore_wind_generation,Wind Onshore,2026-05-28T18:54:14Z
2026-05-28T18:52:05Z,2026-05-28T20:52:05+0200,0ebf8cf8-6a6d-4569-a78c-2e9b11e999ad,2026-05-19T02:00:00Z,2026-05-19T04:00:00+0200,657.625,MW,BE,BE,forecast_onshore_wind_generation,Wind Onshore,2026-05-28T18:54:14Z
2026-05-28T18:52:05Z,2026-05-28T20:52:05+0200,0ebf8cf8-6a6d-4569-a78c-2e9b11e999ad,2026-05-19T03:00:00Z,2026-05-19T05:00:00+0200,695.725,MW,BE,BE,forecast_onshore_wind_generation,Wind Onshore,2026-05-28T18:54:14Z
2026-05-28T18:52:05Z,2026-05-28T20:52:05+0200,0ebf8cf8-6a6d-4569-a78c-2e9b11e999ad,2026-05-19T04:00:00Z,2026-05-19T06:00:00+0200,707.625,MW,BE,BE,forecast_onshore_wind_generation,Wind Onshore,2026-05-28T18:54:14Z
2026-05-28T18:52:05Z,2026-05-28T20:52:05+0200,0ebf8cf8-6a6d-4569-a78c-2e9b11e999ad,2026-05-19T05:00:00Z,2026-05-19T07:00:00+0200,687.4,MW,BE,BE,forecast_onshore_wind_generation,Wind Onshore,2026-05-28T18:54:14Z
2026-05-28T18:52:05Z,2026-05-28T20:52:05+0200,0ebf8cf8-6a6d-4569-a78c-2e9b11e999ad,2026-05-19T06:00:00Z,2026-05-19T08:00:00+0200,696.4,MW,BE,BE,forecast_onshore_wind_generation,Wind Onshore,2026-05-28T18:54:14Z
2026-05-28T18:52:05Z,2026-05-28T20:52:05+0200,0ebf8cf8-6a6d-4569-a78c-2e9b11e999ad,2026-05-19T07:00:00Z,2026-05-19T09:00:00+0200,719.05,MW,BE,BE,forecast_onshore_wind_generation,Wind Onshore,2026-05-28T18:54:14Z
2026-05-28T18:52:05Z,2026-05-28T20:52:05+0200,0ebf8cf8-6a6d-4569-a78c-2e9b11e999ad,2026-05-19T08:00:00Z,2026-05-19T10:00:00+0200,799.775,MW,BE,BE,forecast_onshore_wind_generation,Wind Onshore,2026-05-28T18:54:14Z
2026-05-28T18:52:05Z,2026-05-28T20:52:05+0200,0ebf8cf8-6a6d-4569-a78c-2e9b11e999ad,2026-05-19T09:00:00Z,2026-05-19T11:00:00+0200,1022.425,MW,BE,BE,forecast_onshore_wind_generation,Wind Onshore,2026-05-28T18:54:14Z
2026-05-28T18:52:05Z,2026-05-28T20:52:05+0200,0ebf8cf8-6a6d-4569-a78c-2e9b11e999ad,2026-05-19T10:00:00Z,2026-05-19T12:00:00+0200,1320.075,MW,BE,BE,forecast_onshore_wind_generation,Wind Onshore,2026-05-28T18:54:14Z
2026-05-28T18:52:05Z,2026-05-28T20:52:05+0200,0ebf8cf8-6a6d-4569-a78c-2e9b11e999ad,2026-05-19T11:00:00Z,2026-05-19T13:00:00+0200,1524.275,MW,BE,BE,forecast_onshore_wind_generation,Wind Onshore,2026-05-28T18:54:14Z
2026-05-28T18:52:05Z,2026-05-28T20:52:05+0200,0ebf8cf8-6a6d-4569-a78c-2e9b11e999ad,2026-05-19T12:00:00Z,2026-05-19T14:00:00+0200,1583.925,MW,BE,BE,forecast_onshore_wind_generation,Wind Onshore,2026-05-28T18:54:14Z
2026-05-28T18:52:05Z,2026-05-28T20:52:05+0200,0ebf8cf8-6a6d-4569-a78c-2e9b11e999ad,2026-05-19T13:00:00Z,2026-05-19T15:00:00+0200,1542.0,MW,BE,BE,forecast_onshore_wind_generation,Wind Onshore,2026-05-28T18:54:14Z
2026-05-28T18:52:05Z,2026-05-28T20:52:05+0200,0ebf8cf8-6a6d-4569-a78c-2e9b11e999ad,2026-05-19T14:00:00Z,2026-05-19T16:00:00+0200,1481.95,MW,BE,BE,forecast_onshore_wind_generation,Wind Onshore,2026-05-28T18:54:14Z
2026-05-28T18:52:05Z,2026-05-28T20:52:05+0200,0ebf8cf8-6a6d-4569-a78c-2e9b11e999ad,2026-05-19T15:00:00Z,2026-05-19T17:00:00+0200,1394.975,MW,BE,BE,forecast_onshore_wind_generation,Wind Onshore,2026-05-28T18:54:14Z
2026-05-28T18:52:05Z,2026-05-28T20:52:05+0200,0ebf8cf8-6a6d-4569-a78c-2e9b11e999ad,2026-05-19T16:00:00Z,2026-05-19T18:00:00+0200,1281.5,MW,BE,BE,forecast_onshore_wind_generation,Wind Onshore,2026-05-28T18:54:14Z
2026-05-28T18:52:05Z,2026-05-28T20:52:05+0200,0ebf8cf8-6a6d-4569-a78c-2e9b11e999ad,2026-05-19T17:00:00Z,2026-05-19T19:00:00+0200,1233.1,MW,BE,BE,forecast_onshore_wind_generation,Wind Onshore,2026-05-28T18:54:14Z
2026-05-28T18:52:05Z,2026-05-28T20:52:05+0200,0ebf8cf8-6a6d-4569-a78c-2e9b11e999ad,2026-05-19T18:00:00Z,2026-05-19T20:00:00+0200,1206.9,MW,BE,BE,forecast_onshore_wind_generation,Wind Onshore,2026-05-28T18:54:14Z
2026-05-28T18:52:05Z,2026-05-28T20:52:05+0200,0ebf8cf8-6a6d-4569-a78c-2e9b11e999ad,2026-05-19T19:00:00Z,2026-05-19T21:00:00+0200,1184.725,MW,BE,BE,forecast_onshore_wind_generation,Wind Onshore,2026-05-28T18:54:14Z
2026-05-28T18:52:05Z,2026-05-28T20:52:05+0200,0ebf8cf8-6a6d-4569-a78c-2e9b11e999ad,2026-05-19T20:00:00Z,2026-05-19T22:00:00+0200,1169.175,MW,BE,BE,forecast_onshore_wind_generation,Wind Onshore,2026-05-28T18:54:14Z
2026-05-28T18:52:05Z,2026-05-28T20:52:05+0200,0ebf8cf8-6a6d-4569-a78c-2e9b11e999ad,2026-05-19T21:00:00Z,2026-05-19T23:00:00+0200,1152.1,MW,BE,BE,forecast_onshore_wind_generation,Wind Onshore,2026-05-28T18:54:14Z
2026-05-28T18:52:05Z,2026-05-28T20:52:05+0200,0ebf8cf8-6a6d-4569-a78c-2e9b11e999ad,2026-05-19T22:00:00Z,2026-05-20T00:00:00+0200,1123.175,MW,BE,BE,forecast_onshore_wind_generation,Wind Onshore,2026-05-28T18:54:14Z
2026-05-28T18:52:05Z,2026-05-28T20:52:05+0200,0ebf8cf8-6a6d-4569-a78c-2e9b11e999ad,2026-05-19T23:00:00Z,2026-05-20T01:00:00+0200,1070.5,MW,BE,BE,forecast_onshore_wind_generation,Wind Onshore,2026-05-28T18:54:14Z
2026-05-28T18:52:05Z,2026-05-28T20:52:05+0200,0ebf8cf8-6a6d-4569-a78c-2e9b11e999ad,2026-05-20T00:00:00Z,2026-05-20T02:00:00+0200,1041.925,MW,BE,BE,forecast_onshore_wind_generation,Wind Onshore,2026-05-28T18:54:14Z
2026-05-28T18:52:05Z,2026-05-28T20:52:05+0200,0ebf8cf8-6a6d-4569-a78c-2e9b11e999ad,2026-05-20T01:00:00Z,2026-05-20T03:00:00+0200,1002.075,MW,BE,BE,forecast_onshore_wind_generation,Wind Onshore,2026-05-28T18:54:14Z
2026-05-28T18:52:05Z,2026-05-28T20:52:05+0200,0ebf8cf8-6a6d-4569-a78c-2e9b11e999ad,2026-05-20T02:00:00Z,2026-05-20T04:00:00+0200,937.225,MW,BE,BE,forecast_onshore_wind_generation,Wind Onshore,2026-05-28T18:54:14Z
2026-05-28T18:52:05Z,2026-05-28T20:52:05+0200,0ebf8cf8-6a6d-4569-a78c-2e9b11e999ad,2026-05-20T03:00:00Z,2026-05-20T05:00:00+0200,934.725,MW,BE,BE,forecast_onshore_wind_generation,Wind Onshore,2026-05-28T18:54:14Z
2026-05-28T18:52:05Z,2026-05-28T20:52:05+0200,0ebf8cf8-6a6d-4569-a78c-2e9b11e999ad,2026-05-20T04:00:00Z,2026-05-20T06:00:00+0200,991.75,MW,BE,BE,forecast_onshore_wind_generation,Wind Onshore,2026-05-28T18:54:14Z
2026-05-28T18:52:05Z,2026-05-28T20:52:05+0200,0ebf8cf8-6a6d-4569-a78c-2e9b11e999ad,2026-05-20T05:00:00Z,2026-05-20T07:00:00+0200,1061.3,MW,BE,BE,forecast_onshore_wind_generation,Wind Onshore,2026-05-28T18:54:14Z
2026-05-28T18:52:05Z,2026-05-28T20:52:05+0200,0ebf8cf8-6a6d-4569-a78c-2e9b11e999ad,2026-05-20T06:00:00Z,2026-05-20T08:00:00+0200,1116.65,MW,BE,BE,forecast_onshore_wind_generation,Wind Onshore,2026-05-28T18:54:14Z
2026-05-28T18:52:05Z,2026-05-28T20:52:05+0200,0ebf8cf8-6a6d-4569-a78c-2e9b11e999ad,2026-05-20T07:00:00Z,2026-05-20T09:00:00+0200,1221.25,MW,BE,BE,forecast_onshore_wind_generation,Wind Onshore,2026-05-28T18:54:14Z
2026-05-28T18:52:05Z,2026-05-28T20:52:05+0200,0ebf8cf8-6a6d-4569-a78c-2e9b11e999ad,2026-05-20T08:00:00Z,2026-05-20T10:00:00+0200,1357.0,MW,BE,BE,forecast_onshore_wind_generation,Wind Onshore,2026-05-28T18:54:14Z
2026-05-28T18:52:05Z,2026-05-28T20:52:05+0200,0ebf8cf8-6a6d-4569-a78c-2e9b11e999ad,2026-05-20T09:00:00Z,2026-05-20T11:00:00+0200,1433.275,MW,BE,BE,forecast_onshore_wind_generation,Wind Onshore,2026-05-28T18:54:14Z
2026-05-28T18:52:05Z,2026-05-28T20:52:05+0200,0ebf8cf8-6a6d-4569-a78c-2e9b11e999ad,2026-05-20T10:00:00Z,2026-05-20T12:00:00+0200,1496.725,MW,BE,BE,forecast_onshore_wind_generation,Wind Onshore,2026-05-28T18:54:14Z
2026-05-28T18:52:05Z,2026-05-28T20:52:05+0200,0ebf8cf8-6a6d-4569-a78c-2e9b11e999ad,2026-05-20T11:00:00Z,2026-05-20T13:00:00+0200,1537.225,MW,BE,BE,forecast_onshore_wind_generation,Wind Onshore,2026-05-28T18:54:14Z
2026-05-28T18:52:05Z,2026-05-28T20:52:05+0200,0ebf8cf8-6a6d-4569-a78c-2e9b11e999ad,2026-05-20T12:00:00Z,2026-05-20T14:00:00+0200,1568.75,MW,BE,BE,forecast_onshore_wind_generation,Wind Onshore,2026-05-28T18:54:14Z
2026-05-28T18:52:05Z,2026-05-28T20:52:05+0200,0ebf8cf8-6a6d-4569-a78c-2e9b11e999ad,2026-05-20T13:00:00Z,2026-05-20T15:00:00+0200,1608.4,MW,BE,BE,forecast_onshore_wind_generation,Wind Onshore,2026-05-28T18:54:14Z
2026-05-28T18:52:05Z,2026-05-28T20:52:05+0200,0ebf8cf8-6a6d-4569-a78c-2e9b11e999ad,2026-05-20T14:00:00Z,2026-05-20T16:00:00+0200,1599.725,MW,BE,BE,forecast_onshore_wind_generation,Wind Onshore,2026-05-28T18:54:14Z
2026-05-28T18:52:05Z,2026-05-28T20:52:05+0200,0ebf8cf8-6a6d-4569-a78c-2e9b11e999ad,2026-05-20T15:00:00Z,2026-05-20T17:00:00+0200,1540.625,MW,BE,BE,forecast_onshore_wind_generation,Wind Onshore,2026-05-28T18:54:14Z
2026-05-28T18:52:05Z,2026-05-28T20:52:05+0200,0ebf8cf8-6a6d-4569-a78c-2e9b11e999ad,2026-05-20T16:00:00Z,2026-05-20T18:00:00+0200,1416.75,MW,BE,BE,forecast_onshore_wind_generation,Wind Onshore,2026-05-28T18:54:14Z
2026-05-28T18:52:05Z,2026-05-28T20:52:05+0200,0ebf8cf8-6a6d-4569-a78c-2e9b11e999ad,2026-05-20T17:00:00Z,2026-05-20T19:00:00+0200,1213.025,MW,BE,BE,forecast_onshore_wind_generation,Wind Onshore,2026-05-28T18:54:14Z
2026-05-28T18:52:05Z,2026-05-28T20:52:05+0200,0ebf8cf8-6a6d-4569-a78c-2e9b11e999ad,2026-05-20T18:00:00Z,2026-05-20T20:00:00+0200,966.65,MW,BE,BE,forecast_onshore_wind_generation,Wind Onshore,2026-05-28T18:54:14Z
2026-05-28T18:52:05Z,2026-05-28T20:52:05+0200,0ebf8cf8-6a6d-4569-a78c-2e9b11e999ad,2026-05-20T19:00:00Z,2026-05-20T21:00:00+0200,811.025,MW,BE,BE,forecast_onshore_wind_generation,Wind Onshore,2026-05-28T18:54:14Z
2026-05-28T18:52:05Z,2026-05-28T20:52:05+0200,0ebf8cf8-6a6d-4569-a78c-2e9b11e999ad,2026-05-20T20:00:00Z,2026-05-20T22:00:00+0200,772.575,MW,BE,BE,forecast_onshore_wind_generation,Wind Onshore,2026-05-28T18:54:14Z
2026-05-28T18:52:05Z,2026-05-28T20:52:05+0200,0ebf8cf8-6a6d-4569-a78c-2e9b11e999ad,2026-05-20T21:00:00Z,2026-05-20T23:00:00+0200,765.15,MW,BE,BE,forecast_onshore_wind_generation,Wind Onshore,2026-05-28T18:54:14Z
2026-05-28T18:52:05Z,2026-05-28T20:52:05+0200,0ebf8cf8-6a6d-4569-a78c-2e9b11e999ad,2026-05-20T22:00:00Z,2026-05-21T00:00:00+0200,750.025,MW,BE,BE,forecast_onshore_wind_generation,Wind Onshore,2026-05-28T18:54:14Z
2026-05-28T18:52:05Z,2026-05-28T20:52:05+0200,0ebf8cf8-6a6d-4569-a78c-2e9b11e999ad,2026-05-20T23:00:00Z,2026-05-21T01:00:00+0200,736.875,MW,BE,BE,forecast_onshore_wind_generation,Wind Onshore,2026-05-28T18:54:14Z
2026-05-28T18:52:05Z,2026-05-28T20:52:05+0200,0ebf8cf8-6a6d-4569-a78c-2e9b11e999ad,2026-05-21T00:00:00Z,2026-05-21T02:00:00+0200,716.675,MW,BE,BE,forecast_onshore_wind_generation,Wind Onshore,2026-05-28T18:54:14Z
2026-05-28T18:52:05Z,2026-05-28T20:52:05+0200,0ebf8cf8-6a6d-4569-a78c-2e9b11e999ad,2026-05-21T01:00:00Z,2026-05-21T03:00:00+0200,679.675,MW,BE,BE,forecast_onshore_wind_generation,Wind Onshore,2026-05-28T18:54:14Z
2026-05-28T18:52:05Z,2026-05-28T20:52:05+0200,0ebf8cf8-6a6d-4569-a78c-2e9b11e999ad,2026-05-21T02:00:00Z,2026-05-21T04:00:00+0200,627.725,MW,BE,BE,forecast_onshore_wind_generation,Wind Onshore,2026-05-28T18:54:14Z
2026-05-28T18:52:05Z,2026-05-28T20:52:05+0200,0ebf8cf8-6a6d-4569-a78c-2e9b11e999ad,2026-05-21T03:00:00Z,2026-05-21T05:00:00+0200,561.55,MW,BE,BE,forecast_onshore_wind_generation,Wind Onshore,2026-05-28T18:54:14Z
2026-05-28T18:52:05Z,2026-05-28T20:52:05+0200,0ebf8cf8-6a6d-4569-a78c-2e9b11e999ad,2026-05-21T04:00:00Z,2026-05-21T06:00:00+0200,477.775,MW,BE,BE,forecast_onshore_wind_generation,Wind Onshore,2026-05-28T18:54:14Z
2026-05-28T18:52:05Z,2026-05-28T20:52:05+0200,0ebf8cf8-6a6d-4569-a78c-2e9b11e999ad,2026-05-21T05:00:00Z,2026-05-21T07:00:00+0200,350.8,MW,BE,BE,forecast_onshore_wind_generation,Wind Onshore,2026-05-28T18:54:14Z
2026-05-28T18:52:05Z,2026-05-28T20:52:05+0200,0ebf8cf8-6a6d-4569-a78c-2e9b11e999ad,2026-05-21T06:00:00Z,2026-05-21T08:00:00+0200,226.3,MW,BE,BE,forecast_onshore_wind_generation,Wind Onshore,2026-05-28T18:54:14Z
2026-05-28T18:52:05Z,2026-05-28T20:52:05+0200,0ebf8cf8-6a6d-4569-a78c-2e9b11e999ad,2026-05-21T07:00:00Z,2026-05-21T09:00:00+0200,137.5,MW,BE,BE,forecast_onshore_wind_generation,Wind Onshore,2026-05-28T18:54:14Z
2026-05-28T18:52:05Z,2026-05-28T20:52:05+0200,0ebf8cf8-6a6d-4569-a78c-2e9b11e999ad,2026-05-21T08:00:00Z,2026-05-21T10:00:00+0200,112.775,MW,BE,BE,forecast_onshore_wind_generation,Wind Onshore,2026-05-28T18:54:14Z
2026-05-28T18:52:05Z,2026-05-28T20:52:05+0200,0ebf8cf8-6a6d-4569-a78c-2e9b11e999ad,2026-05-21T09:00:00Z,2026-05-21T11:00:00+0200,123.45,MW,BE,BE,forecast_onshore_wind_generation,Wind Onshore,2026-05-28T18:54:14Z
2026-05-28T18:52:05Z,2026-05-28T20:52:05+0200,0ebf8cf8-6a6d-4569-a78c-2e9b11e999ad,2026-05-21T10:00:00Z,2026-05-21T12:00:00+0200,151.025,MW,BE,BE,forecast_onshore_wind_generation,Wind Onshore,2026-05-28T18:54:14Z
2026-05-28T18:52:05Z,2026-05-28T20:52:05+0200,0ebf8cf8-6a6d-4569-a78c-2e9b11e999ad,2026-05-21T11:00:00Z,2026-05-21T13:00:00+0200,164.125,MW,BE,BE,forecast_onshore_wind_generation,Wind Onshore,2026-05-28T18:54:14Z
2026-05-28T18:52:05Z,2026-05-28T20:52:05+0200,0ebf8cf8-6a6d-4569-a78c-2e9b11e999ad,2026-05-21T12:00:00Z,2026-05-21T14:00:00+0200,144.625,MW,BE,BE,forecast_onshore_wind_generation,Wind Onshore,2026-05-28T18:54:14Z
2026-05-28T18:52:05Z,2026-05-28T20:52:05+0200,0ebf8cf8-6a6d-4569-a78c-2e9b11e999ad,2026-05-21T13:00:00Z,2026-05-21T15:00:00+0200,94.7,MW,BE,BE,forecast_onshore_wind_generation,Wind Onshore,2026-05-28T18:54:14Z
2026-05-28T18:52:05Z,2026-05-28T20:52:05+0200,0ebf8cf8-6a6d-4569-a78c-2e9b11e999ad,2026-05-21T14:00:00Z,2026-05-21T16:00:00+0200,50.525,MW,BE,BE,forecast_onshore_wind_generation,Wind Onshore,2026-05-28T18:54:14Z
2026-05-28T18:52:05Z,2026-05-28T20:52:05+0200,0ebf8cf8-6a6d-4569-a78c-2e9b11e999ad,2026-05-21T15:00:00Z,2026-05-21T17:00:00+0200,28.85,MW,BE,BE,forecast_onshore_wind_generation,Wind Onshore,2026-05-28T18:54:14Z
2026-05-28T18:52:05Z,2026-05-28T20:52:05+0200,0ebf8cf8-6a6d-4569-a78c-2e9b11e999ad,2026-05-21T16:00:00Z,2026-05-21T18:00:00+0200,21.225,MW,BE,BE,forecast_onshore_wind_generation,Wind Onshore,2026-05-28T18:54:14Z
2026-05-28T18:52:05Z,2026-05-28T20:52:05+0200,0ebf8cf8-6a6d-4569-a78c-2e9b11e999ad,2026-05-21T17:00:00Z,2026-05-21T19:00:00+0200,18.9,MW,BE,BE,forecast_onshore_wind_generation,Wind Onshore,2026-05-28T18:54:14Z
2026-05-28T18:52:05Z,2026-05-28T20:52:05+0200,0ebf8cf8-6a6d-4569-a78c-2e9b11e999ad,2026-05-21T18:00:00Z,2026-05-21T20:00:00+0200,29.825,MW,BE,BE,forecast_onshore_wind_generation,Wind Onshore,2026-05-28T18:54:14Z
2026-05-28T18:52:05Z,2026-05-28T20:52:05+0200,0ebf8cf8-6a6d-4569-a78c-2e9b11e999ad,2026-05-21T19:00:00Z,2026-05-21T21:00:00+0200,63.5,MW,BE,BE,forecast_onshore_wind_generation,Wind Onshore,2026-05-28T18:54:14Z
2026-05-28T18:52:05Z,2026-05-28T20:52:05+0200,0ebf8cf8-6a6d-4569-a78c-2e9b11e999ad,2026-05-21T20:00:00Z,2026-05-21T22:00:00+0200,97.7,MW,BE,BE,forecast_onshore_wind_generation,Wind Onshore,2026-05-28T18:54:14Z
2026-05-28T18:52:05Z,2026-05-28T20:52:05+0200,0ebf8cf8-6a6d-4569-a78c-2e9b11e999ad,2026-05-21T21:00:00Z,2026-05-21T23:00:00+0200,136.225,MW,BE,BE,forecast_onshore_wind_generation,Wind Onshore,2026-05-28T18:54:14Z
2026-05-28T18:52:05Z,2026-05-28T20:52:05+0200,0ebf8cf8-6a6d-4569-a78c-2e9b11e999ad,2026-05-21T22:00:00Z,2026-05-22T00:00:00+0200,174.1,MW,BE,BE,forecast_onshore_wind_generation,Wind Onshore,2026-05-28T18:54:14Z
2026-05-28T18:52:05Z,2026-05-28T20:52:05+0200,0ebf8cf8-6a6d-4569-a78c-2e9b11e999ad,2026-05-21T23:00:00Z,2026-05-22T01:00:00+0200,233.65,MW,BE,BE,forecast_onshore_wind_generation,Wind Onshore,2026-05-28T18:54:14Z
2026-05-28T18:52:05Z,2026-05-28T20:52:05+0200,0ebf8cf8-6a6d-4569-a78c-2e9b11e999ad,2026-05-22T00:00:00Z,2026-05-22T02:00:00+0200,312.425,MW,BE,BE,forecast_onshore_wind_generation,Wind Onshore,2026-05-28T18:54:14Z
2026-05-28T18:52:05Z,2026-05-28T20:52:05+0200,0ebf8cf8-6a6d-4569-a78c-2e9b11e999ad,2026-05-22T01:00:00Z,2026-05-22T03:00:00+0200,376.85,MW,BE,BE,forecast_onshore_wind_generation,Wind Onshore,2026-05-28T18:54:14Z
2026-05-28T18:52:05Z,2026-05-28T20:52:05+0200,0ebf8cf8-6a6d-4569-a78c-2e9b11e999ad,2026-05-22T02:00:00Z,2026-05-22T04:00:00+0200,409.7,MW,BE,BE,forecast_onshore_wind_generation,Wind Onshore,2026-05-28T18:54:14Z
2026-05-28T18:52:05Z,2026-05-28T20:52:05+0200,0ebf8cf8-6a6d-4569-a78c-2e9b11e999ad,2026-05-22T03:00:00Z,2026-05-22T05:00:00+0200,420.875,MW,BE,BE,forecast_onshore_wind_generation,Wind Onshore,2026-05-28T18:54:14Z
2026-05-28T18:52:05Z,2026-05-28T20:52:05+0200,0ebf8cf8-6a6d-4569-a78c-2e9b11e999ad,2026-05-22T04:00:00Z,2026-05-22T06:00:00+0200,417.25,MW,BE,BE,forecast_onshore_wind_generation,Wind Onshore,2026-05-28T18:54:14Z
2026-05-28T18:52:05Z,2026-05-28T20:52:05+0200,0ebf8cf8-6a6d-4569-a78c-2e9b11e999ad,2026-05-22T05:00:00Z,2026-05-22T07:00:00+0200,390.375,MW,BE,BE,forecast_onshore_wind_generation,Wind Onshore,2026-05-28T18:54:14Z
2026-05-28T18:52:05Z,2026-05-28T20:52:05+0200,0ebf8cf8-6a6d-4569-a78c-2e9b11e999ad,2026-05-22T06:00:00Z,2026-05-22T08:00:00+0200,294.6,MW,BE,BE,forecast_onshore_wind_generation,Wind Onshore,2026-05-28T18:54:14Z
2026-05-28T18:52:05Z,2026-05-28T20:52:05+0200,0ebf8cf8-6a6d-4569-a78c-2e9b11e999ad,2026-05-22T07:00:00Z,2026-05-22T09:00:00+0200,114.95,MW,BE,BE,forecast_onshore_wind_generation,Wind Onshore,2026-05-28T18:54:14Z
2026-05-28T18:52:05Z,2026-05-28T20:52:05+0200,0ebf8cf8-6a6d-4569-a78c-2e9b11e999ad,2026-05-22T08:00:00Z,2026-05-22T10:00:00+0200,40.1,MW,BE,BE,forecast_onshore_wind_generation,Wind Onshore,2026-05-28T18:54:14Z
2026-05-28T18:52:05Z,2026-05-28T20:52:05+0200,0ebf8cf8-6a6d-4569-a78c-2e9b11e999ad,2026-05-22T09:00:00Z,2026-05-22T11:00:00+0200,35.9,MW,BE,BE,forecast_onshore_wind_generation,Wind Onshore,2026-05-28T18:54:14Z
2026-05-28T18:52:05Z,2026-05-28T20:52:05+0200,0ebf8cf8-6a6d-4569-a78c-2e9b11e999ad,2026-05-22T10:00:00Z,2026-05-22T12:00:00+0200,33.2,MW,BE,BE,forecast_onshore_wind_generation,Wind Onshore,2026-05-28T18:54:14Z
2026-05-28T18:52:05Z,2026-05-28T20:52:05+0200,0ebf8cf8-6a6d-4569-a78c-2e9b11e999ad,2026-05-22T11:00:00Z,2026-05-22T13:00:00+0200,25.4,MW,BE,BE,forecast_onshore_wind_generation,Wind Onshore,2026-05-28T18:54:14Z
2026-05-28T18:52:05Z,2026-05-28T20:52:05+0200,0ebf8cf8-6a6d-4569-a78c-2e9b11e999ad,2026-05-22T12:00:00Z,2026-05-22T14:00:00+0200,18.375,MW,BE,BE,forecast_onshore_wind_generation,Wind Onshore,2026-05-28T18:54:14Z
2026-05-28T18:52:05Z,2026-05-28T20:52:05+0200,0ebf8cf8-6a6d-4569-a78c-2e9b11e999ad,2026-05-22T13:00:00Z,2026-05-22T15:00:00+0200,14.275,MW,BE,BE,forecast_onshore_wind_generation,Wind Onshore,2026-05-28T18:54:14Z
2026-05-28T18:52:05Z,2026-05-28T20:52:05+0200,0ebf8cf8-6a6d-4569-a78c-2e9b11e999ad,2026-05-22T14:00:00Z,2026-05-22T16:00:00+0200,11.475,MW,BE,BE,forecast_onshore_wind_generation,Wind Onshore,2026-05-28T18:54:14Z
2026-05-28T18:52:05Z,2026-05-28T20:52:05+0200,0ebf8cf8-6a6d-4569-a78c-2e9b11e999ad,2026-05-22T15:00:00Z,2026-05-22T17:00:00+0200,10.625,MW,BE,BE,forecast_onshore_wind_generation,Wind Onshore,2026-05-28T18:54:14Z
2026-05-28T18:52:05Z,2026-05-28T20:52:05+0200,0ebf8cf8-6a6d-4569-a78c-2e9b11e999ad,2026-05-22T16:00:00Z,2026-05-22T18:00:00+0200,10.7,MW,BE,BE,forecast_onshore_wind_generation,Wind Onshore,2026-05-28T18:54:14Z
2026-05-28T18:52:05Z,2026-05-28T20:52:05+0200,0ebf8cf8-6a6d-4569-a78c-2e9b11e999ad,2026-05-22T17:00:00Z,2026-05-22T19:00:00+0200,10.75,MW,BE,BE,forecast_onshore_wind_generation,Wind Onshore,2026-05-28T18:54:14Z
2026-05-28T18:52:05Z,2026-05-28T20:52:05+0200,0ebf8cf8-6a6d-4569-a78c-2e9b11e999ad,2026-05-22T18:00:00Z,2026-05-22T20:00:00+0200,18.4,MW,BE,BE,forecast_onshore_wind_generation,Wind Onshore,2026-05-28T18:54:14Z
2026-05-28T18:52:05Z,2026-05-28T20:52:05+0200,0ebf8cf8-6a6d-4569-a78c-2e9b11e999ad,2026-05-22T19:00:00Z,2026-05-22T21:00:00+0200,44.675,MW,BE,BE,forecast_onshore_wind_generation,Wind Onshore,2026-05-28T18:54:14Z
2026-05-28T18:52:05Z,2026-05-28T20:52:05+0200,0ebf8cf8-6a6d-4569-a78c-2e9b11e999ad,2026-05-22T20:00:00Z,2026-05-22T22:00:00+0200,76.05,MW,BE,BE,forecast_onshore_wind_generation,Wind Onshore,2026-05-28T18:54:14Z
2026-05-28T18:52:05Z,2026-05-28T20:52:05+0200,0ebf8cf8-6a6d-4569-a78c-2e9b11e999ad,2026-05-22T21:00:00Z,2026-05-22T23:00:00+0200,96.05,MW,BE,BE,forecast_onshore_wind_generation,Wind Onshore,2026-05-28T18:54:14Z
2026-05-28T18:52:05Z,2026-05-28T20:52:05+0200,0ebf8cf8-6a6d-4569-a78c-2e9b11e999ad,2026-05-22T22:00:00Z,2026-05-23T00:00:00+0200,121.775,MW,BE,BE,forecast_onshore_wind_generation,Wind Onshore,2026-05-28T18:54:14Z
2026-05-28T18:52:05Z,2026-05-28T20:52:05+0200,0ebf8cf8-6a6d-4569-a78c-2e9b11e999ad,2026-05-22T23:00:00Z,2026-05-23T01:00:00+0200,130.2,MW,BE,BE,forecast_onshore_wind_generation,Wind Onshore,2026-05-28T18:54:14Z
2026-05-28T18:52:05Z,2026-05-28T20:52:05+0200,0ebf8cf8-6a6d-4569-a78c-2e9b11e999ad,2026-05-23T00:00:00Z,2026-05-23T02:00:00+0200,142.275,MW,BE,BE,forecast_onshore_wind_generation,Wind Onshore,2026-05-28T18:54:14Z
2026-05-28T18:52:05Z,2026-05-28T20:52:05+0200,0ebf8cf8-6a6d-4569-a78c-2e9b11e999ad,2026-05-23T01:00:00Z,2026-05-23T03:00:00+0200,166.575,MW,BE,BE,forecast_onshore_wind_generation,Wind Onshore,2026-05-28T18:54:14Z
2026-05-28T18:52:05Z,2026-05-28T20:52:05+0200,0ebf8cf8-6a6d-4569-a78c-2e9b11e999ad,2026-05-23T02:00:00Z,2026-05-23T04:00:00+0200,203.85,MW,BE,BE,forecast_onshore_wind_generation,Wind Onshore,2026-05-28T18:54:14Z
2026-05-28T18:52:05Z,2026-05-28T20:52:05+0200,0ebf8cf8-6a6d-4569-a78c-2e9b11e999ad,2026-05-23T03:00:00Z,2026-05-23T05:00:00+0200,230.775,MW,BE,BE,forecast_onshore_wind_generation,Wind Onshore,2026-05-28T18:54:14Z
2026-05-28T18:52:05Z,2026-05-28T20:52:05+0200,0ebf8cf8-6a6d-4569-a78c-2e9b11e999ad,2026-05-23T04:00:00Z,2026-05-23T06:00:00+0200,256.275,MW,BE,BE,forecast_onshore_wind_generation,Wind Onshore,2026-05-28T18:54:14Z
2026-05-28T18:52:05Z,2026-05-28T20:52:05+0200,0ebf8cf8-6a6d-4569-a78c-2e9b11e999ad,2026-05-23T05:00:00Z,2026-05-23T07:00:00+0200,274.05,MW,BE,BE,forecast_onshore_wind_generation,Wind Onshore,2026-05-28T18:54:14Z
2026-05-28T18:52:05Z,2026-05-28T20:52:05+0200,0ebf8cf8-6a6d-4569-a78c-2e9b11e999ad,2026-05-23T06:00:00Z,2026-05-23T08:00:00+0200,251.575,MW,BE,BE,forecast_onshore_wind_generation,Wind Onshore,2026-05-28T18:54:14Z
2026-05-28T18:52:05Z,2026-05-28T20:52:05+0200,0ebf8cf8-6a6d-4569-a78c-2e9b11e999ad,2026-05-23T07:00:00Z,2026-05-23T09:00:00+0200,144.675,MW,BE,BE,forecast_onshore_wind_generation,Wind Onshore,2026-05-28T18:54:14Z
2026-05-28T18:52:05Z,2026-05-28T20:52:05+0200,0ebf8cf8-6a6d-4569-a78c-2e9b11e999ad,2026-05-23T08:00:00Z,2026-05-23T10:00:00+0200,65.125,MW,BE,BE,forecast_onshore_wind_generation,Wind Onshore,2026-05-28T18:54:14Z
2026-05-28T18:52:05Z,2026-05-28T20:52:05+0200,0ebf8cf8-6a6d-4569-a78c-2e9b11e999ad,2026-05-23T09:00:00Z,2026-05-23T11:00:00+0200,54.325,MW,BE,BE,forecast_onshore_wind_generation,Wind Onshore,2026-05-28T18:54:14Z
2026-05-28T18:52:05Z,2026-05-28T20:52:05+0200,0ebf8cf8-6a6d-4569-a78c-2e9b11e999ad,2026-05-23T10:00:00Z,2026-05-23T12:00:00+0200,43.85,MW,BE,BE,forecast_onshore_wind_generation,Wind Onshore,2026-05-28T18:54:14Z
2026-05-28T18:52:05Z,2026-05-28T20:52:05+0200,0ebf8cf8-6a6d-4569-a78c-2e9b11e999ad,2026-05-23T11:00:00Z,2026-05-23T13:00:00+0200,39.525,MW,BE,BE,forecast_onshore_wind_generation,Wind Onshore,2026-05-28T18:54:14Z
2026-05-28T18:52:05Z,2026-05-28T20:52:05+0200,0ebf8cf8-6a6d-4569-a78c-2e9b11e999ad,2026-05-23T12:00:00Z,2026-05-23T14:00:00+0200,39.5,MW,BE,BE,forecast_onshore_wind_generation,Wind Onshore,2026-05-28T18:54:14Z
2026-05-28T18:52:05Z,2026-05-28T20:52:05+0200,0ebf8cf8-6a6d-4569-a78c-2e9b11e999ad,2026-05-23T13:00:00Z,2026-05-23T15:00:00+0200,39.6,MW,BE,BE,forecast_onshore_wind_generation,Wind Onshore,2026-05-28T18:54:14Z
2026-05-28T18:52:05Z,2026-05-28T20:52:05+0200,0ebf8cf8-6a6d-4569-a78c-2e9b11e999ad,2026-05-23T14:00:00Z,2026-05-23T16:00:00+0200,37.55,MW,BE,BE,forecast_onshore_wind_generation,Wind Onshore,2026-05-28T18:54:14Z
2026-05-28T18:52:05Z,2026-05-28T20:52:05+0200,0ebf8cf8-6a6d-4569-a78c-2e9b11e999ad,2026-05-23T15:00:00Z,2026-05-23T17:00:00+0200,43.65,MW,BE,BE,forecast_onshore_wind_generation,Wind Onshore,2026-05-28T18:54:14Z
2026-05-28T18:52:05Z,2026-05-28T20:52:05+0200,0ebf8cf8-6a6d-4569-a78c-2e9b11e999ad,2026-05-23T16:00:00Z,2026-05-23T18:00:00+0200,62.05,MW,BE,BE,forecast_onshore_wind_generation,Wind Onshore,2026-05-28T18:54:14Z
2026-05-28T18:52:05Z,2026-05-28T20:52:05+0200,0ebf8cf8-6a6d-4569-a78c-2e9b11e999ad,2026-05-23T17:00:00Z,2026-05-23T19:00:00+0200,83.25,MW,BE,BE,forecast_onshore_wind_generation,Wind Onshore,2026-05-28T18:54:14Z
2026-05-28T18:52:05Z,2026-05-28T20:52:05+0200,0ebf8cf8-6a6d-4569-a78c-2e9b11e999ad,2026-05-23T18:00:00Z,2026-05-23T20:00:00+0200,114.975,MW,BE,BE,forecast_onshore_wind_generation,Wind Onshore,2026-05-28T18:54:14Z
2026-05-28T18:52:05Z,2026-05-28T20:52:05+0200,0ebf8cf8-6a6d-4569-a78c-2e9b11e999ad,2026-05-23T19:00:00Z,2026-05-23T21:00:00+0200,149.325,MW,BE,BE,forecast_onshore_wind_generation,Wind Onshore,2026-05-28T18:54:14Z
2026-05-28T18:52:05Z,2026-05-28T20:52:05+0200,0ebf8cf8-6a6d-4569-a78c-2e9b11e999ad,2026-05-23T20:00:00Z,2026-05-23T22:00:00+0200,166.15,MW,BE,BE,forecast_onshore_wind_generation,Wind Onshore,2026-05-28T18:54:14Z
2026-05-28T18:52:05Z,2026-05-28T20:52:05+0200,0ebf8cf8-6a6d-4569-a78c-2e9b11e999ad,2026-05-23T21:00:00Z,2026-05-23T23:00:00+0200,181.525,MW,BE,BE,forecast_onshore_wind_generation,Wind Onshore,2026-05-28T18:54:14Z
2026-05-28T18:52:05Z,2026-05-28T20:52:05+0200,0ebf8cf8-6a6d-4569-a78c-2e9b11e999ad,2026-05-23T22:00:00Z,2026-05-24T00:00:00+0200,201.925,MW,BE,BE,forecast_onshore_wind_generation,Wind Onshore,2026-05-28T18:54:14Z
2026-05-28T18:52:05Z,2026-05-28T20:52:05+0200,0ebf8cf8-6a6d-4569-a78c-2e9b11e999ad,2026-05-23T23:00:00Z,2026-05-24T01:00:00+0200,209.925,MW,BE,BE,forecast_onshore_wind_generation,Wind Onshore,2026-05-28T18:54:14Z
2026-05-28T18:52:05Z,2026-05-28T20:52:05+0200,0ebf8cf8-6a6d-4569-a78c-2e9b11e999ad,2026-05-24T00:00:00Z,2026-05-24T02:00:00+0200,208.325,MW,BE,BE,forecast_onshore_wind_generation,Wind Onshore,2026-05-28T18:54:14Z
2026-05-28T18:52:05Z,2026-05-28T20:52:05+0200,0ebf8cf8-6a6d-4569-a78c-2e9b11e999ad,2026-05-24T01:00:00Z,2026-05-24T03:00:00+0200,209.375,MW,BE,BE,forecast_onshore_wind_generation,Wind Onshore,2026-05-28T18:54:14Z
2026-05-28T18:52:05Z,2026-05-28T20:52:05+0200,0ebf8cf8-6a6d-4569-a78c-2e9b11e999ad,2026-05-24T02:00:00Z,2026-05-24T04:00:00+0200,212.7,MW,BE,BE,forecast_onshore_wind_generation,Wind Onshore,2026-05-28T18:54:14Z
2026-05-28T18:52:05Z,2026-05-28T20:52:05+0200,0ebf8cf8-6a6d-4569-a78c-2e9b11e999ad,2026-05-24T03:00:00Z,2026-05-24T05:00:00+0200,224.4,MW,BE,BE,forecast_onshore_wind_generation,Wind Onshore,2026-05-28T18:54:14Z
2026-05-28T18:52:05Z,2026-05-28T20:52:05+0200,0ebf8cf8-6a6d-4569-a78c-2e9b11e999ad,2026-05-24T04:00:00Z,2026-05-24T06:00:00+0200,242.275,MW,BE,BE,forecast_onshore_wind_generation,Wind Onshore,2026-05-28T18:54:14Z
2026-05-28T18:52:05Z,2026-05-28T20:52:05+0200,0ebf8cf8-6a6d-4569-a78c-2e9b11e999ad,2026-05-24T05:00:00Z,2026-05-24T07:00:00+0200,223.6,MW,BE,BE,forecast_onshore_wind_generation,Wind Onshore,2026-05-28T18:54:14Z
2026-05-28T18:52:05Z,2026-05-28T20:52:05+0200,0ebf8cf8-6a6d-4569-a78c-2e9b11e999ad,2026-05-24T06:00:00Z,2026-05-24T08:00:00+0200,127.575,MW,BE,BE,forecast_onshore_wind_generation,Wind Onshore,2026-05-28T18:54:14Z
2026-05-28T18:52:05Z,2026-05-28T20:52:05+0200,0ebf8cf8-6a6d-4569-a78c-2e9b11e999ad,2026-05-24T07:00:00Z,2026-05-24T09:00:00+0200,52.525,MW,BE,BE,forecast_onshore_wind_generation,Wind Onshore,2026-05-28T18:54:14Z
2026-05-28T18:52:05Z,2026-05-28T20:52:05+0200,0ebf8cf8-6a6d-4569-a78c-2e9b11e999ad,2026-05-24T08:00:00Z,2026-05-24T10:00:00+0200,56.8,MW,BE,BE,forecast_onshore_wind_generation,Wind Onshore,2026-05-28T18:54:14Z
2026-05-28T18:52:05Z,2026-05-28T20:52:05+0200,0ebf8cf8-6a6d-4569-a78c-2e9b11e999ad,2026-05-24T09:00:00Z,2026-05-24T11:00:00+0200,67.625,MW,BE,BE,forecast_onshore_wind_generation,Wind Onshore,2026-05-28T18:54:14Z
2026-05-28T18:52:05Z,2026-05-28T20:52:05+0200,0ebf8cf8-6a6d-4569-a78c-2e9b11e999ad,2026-05-24T10:00:00Z,2026-05-24T12:00:00+0200,73.275,MW,BE,BE,forecast_onshore_wind_generation,Wind Onshore,2026-05-28T18:54:14Z
2026-05-28T18:52:05Z,2026-05-28T20:52:05+0200,0ebf8cf8-6a6d-4569-a78c-2e9b11e999ad,2026-05-24T11:00:00Z,2026-05-24T13:00:00+0200,78.25,MW,BE,BE,forecast_onshore_wind_generation,Wind Onshore,2026-05-28T18:54:14Z
2026-05-28T18:52:05Z,2026-05-28T20:52:05+0200,0ebf8cf8-6a6d-4569-a78c-2e9b11e999ad,2026-05-24T12:00:00Z,2026-05-24T14:00:00+0200,85.325,MW,BE,BE,forecast_onshore_wind_generation,Wind Onshore,2026-05-28T18:54:14Z
2026-05-28T18:52:05Z,2026-05-28T20:52:05+0200,0ebf8cf8-6a6d-4569-a78c-2e9b11e999ad,2026-05-24T13:00:00Z,2026-05-24T15:00:00+0200,97.55,MW,BE,BE,forecast_onshore_wind_generation,Wind Onshore,2026-05-28T18:54:14Z
2026-05-28T18:52:05Z,2026-05-28T20:52:05+0200,0ebf8cf8-6a6d-4569-a78c-2e9b11e999ad,2026-05-24T14:00:00Z,2026-05-24T16:00:00+0200,117.45,MW,BE,BE,forecast_onshore_wind_generation,Wind Onshore,2026-05-28T18:54:14Z
2026-05-28T18:52:05Z,2026-05-28T20:52:05+0200,0ebf8cf8-6a6d-4569-a78c-2e9b11e999ad,2026-05-24T15:00:00Z,2026-05-24T17:00:00+0200,138.35,MW,BE,BE,forecast_onshore_wind_generation,Wind Onshore,2026-05-28T18:54:14Z
2026-05-28T18:52:05Z,2026-05-28T20:52:05+0200,0ebf8cf8-6a6d-4569-a78c-2e9b11e999ad,2026-05-24T16:00:00Z,2026-05-24T18:00:00+0200,171.7,MW,BE,BE,forecast_onshore_wind_generation,Wind Onshore,2026-05-28T18:54:14Z
2026-05-28T18:52:05Z,2026-05-28T20:52:05+0200,0ebf8cf8-6a6d-4569-a78c-2e9b11e999ad,2026-05-24T17:00:00Z,2026-05-24T19:00:00+0200,232.65,MW,BE,BE,forecast_onshore_wind_generation,Wind Onshore,2026-05-28T18:54:14Z
2026-05-28T18:52:05Z,2026-05-28T20:52:05+0200,0ebf8cf8-6a6d-4569-a78c-2e9b11e999ad,2026-05-24T18:00:00Z,2026-05-24T20:00:00+0200,324.45,MW,BE,BE,forecast_onshore_wind_generation,Wind Onshore,2026-05-28T18:54:14Z
2026-05-28T18:52:05Z,2026-05-28T20:52:05+0200,0ebf8cf8-6a6d-4569-a78c-2e9b11e999ad,2026-05-24T19:00:00Z,2026-05-24T21:00:00+0200,446.375,MW,BE,BE,forecast_onshore_wind_generation,Wind Onshore,2026-05-28T18:54:14Z
2026-05-28T18:52:05Z,2026-05-28T20:52:05+0200,0ebf8cf8-6a6d-4569-a78c-2e9b11e999ad,2026-05-24T20:00:00Z,2026-05-24T22:00:00+0200,530.1,MW,BE,BE,forecast_onshore_wind_generation,Wind Onshore,2026-05-28T18:54:14Z
2026-05-28T18:52:05Z,2026-05-28T20:52:05+0200,0ebf8cf8-6a6d-4569-a78c-2e9b11e999ad,2026-05-24T21:00:00Z,2026-05-24T23:00:00+0200,551.275,MW,BE,BE,forecast_onshore_wind_generation,Wind Onshore,2026-05-28T18:54:14Z
2026-05-28T18:52:05Z,2026-05-28T20:52:05+0200,0ebf8cf8-6a6d-4569-a78c-2e9b11e999ad,2026-05-24T22:00:00Z,2026-05-25T00:00:00+0200,540.85,MW,BE,BE,forecast_onshore_wind_generation,Wind Onshore,2026-05-28T18:54:14Z
2026-05-28T18:52:05Z,2026-05-28T20:52:05+0200,0ebf8cf8-6a6d-4569-a78c-2e9b11e999ad,2026-05-24T23:00:00Z,2026-05-25T01:00:00+0200,499.575,MW,BE,BE,forecast_onshore_wind_generation,Wind Onshore,2026-05-28T18:54:14Z
2026-05-28T18:52:05Z,2026-05-28T20:52:05+0200,0ebf8cf8-6a6d-4569-a78c-2e9b11e999ad,2026-05-25T00:00:00Z,2026-05-25T02:00:00+0200,443.55,MW,BE,BE,forecast_onshore_wind_generation,Wind Onshore,2026-05-28T18:54:14Z
2026-05-28T18:52:05Z,2026-05-28T20:52:05+0200,0ebf8cf8-6a6d-4569-a78c-2e9b11e999ad,2026-05-25T01:00:00Z,2026-05-25T03:00:00+0200,381.65,MW,BE,BE,forecast_onshore_wind_generation,Wind Onshore,2026-05-28T18:54:14Z
2026-05-28T18:52:05Z,2026-05-28T20:52:05+0200,0ebf8cf8-6a6d-4569-a78c-2e9b11e999ad,2026-05-25T02:00:00Z,2026-05-25T04:00:00+0200,329.625,MW,BE,BE,forecast_onshore_wind_generation,Wind Onshore,2026-05-28T18:54:14Z
2026-05-28T18:52:05Z,2026-05-28T20:52:05+0200,0ebf8cf8-6a6d-4569-a78c-2e9b11e999ad,2026-05-25T03:00:00Z,2026-05-25T05:00:00+0200,286.025,MW,BE,BE,forecast_onshore_wind_generation,Wind Onshore,2026-05-28T18:54:14Z
2026-05-28T18:52:05Z,2026-05-28T20:52:05+0200,0ebf8cf8-6a6d-4569-a78c-2e9b11e999ad,2026-05-25T04:00:00Z,2026-05-25T06:00:00+0200,240.95,MW,BE,BE,forecast_onshore_wind_generation,Wind Onshore,2026-05-28T18:54:14Z
2026-05-28T18:52:05Z,2026-05-28T20:52:05+0200,0ebf8cf8-6a6d-4569-a78c-2e9b11e999ad,2026-05-25T05:00:00Z,2026-05-25T07:00:00+0200,186.55,MW,BE,BE,forecast_onshore_wind_generation,Wind Onshore,2026-05-28T18:54:14Z
2026-05-28T18:52:05Z,2026-05-28T20:52:05+0200,0ebf8cf8-6a6d-4569-a78c-2e9b11e999ad,2026-05-25T06:00:00Z,2026-05-25T08:00:00+0200,100.6,MW,BE,BE,forecast_onshore_wind_generation,Wind Onshore,2026-05-28T18:54:14Z
2026-05-28T18:52:05Z,2026-05-28T20:52:05+0200,0ebf8cf8-6a6d-4569-a78c-2e9b11e999ad,2026-05-25T07:00:00Z,2026-05-25T09:00:00+0200,32.175,MW,BE,BE,forecast_onshore_wind_generation,Wind Onshore,2026-05-28T18:54:14Z
2026-05-28T18:52:05Z,2026-05-28T20:52:05+0200,0ebf8cf8-6a6d-4569-a78c-2e9b11e999ad,2026-05-25T08:00:00Z,2026-05-25T10:00:00+0200,15.675,MW,BE,BE,forecast_onshore_wind_generation,Wind Onshore,2026-05-28T18:54:14Z
2026-05-28T18:52:05Z,2026-05-28T20:52:05+0200,0ebf8cf8-6a6d-4569-a78c-2e9b11e999ad,2026-05-25T09:00:00Z,2026-05-25T11:00:00+0200,24.35,MW,BE,BE,forecast_onshore_wind_generation,Wind Onshore,2026-05-28T18:54:14Z
2026-05-28T18:52:05Z,2026-05-28T20:52:05+0200,0ebf8cf8-6a6d-4569-a78c-2e9b11e999ad,2026-05-25T10:00:00Z,2026-05-25T12:00:00+0200,32.75,MW,BE,BE,forecast_onshore_wind_generation,Wind Onshore,2026-05-28T18:54:14Z
2026-05-28T18:52:05Z,2026-05-28T20:52:05+0200,0ebf8cf8-6a6d-4569-a78c-2e9b11e999ad,2026-05-25T11:00:00Z,2026-05-25T13:00:00+0200,34.925,MW,BE,BE,forecast_onshore_wind_generation,Wind Onshore,2026-05-28T18:54:14Z
2026-05-28T18:52:05Z,2026-05-28T20:52:05+0200,0ebf8cf8-6a6d-4569-a78c-2e9b11e999ad,2026-05-25T12:00:00Z,2026-05-25T14:00:00+0200,43.2,MW,BE,BE,forecast_onshore_wind_generation,Wind Onshore,2026-05-28T18:54:14Z
2026-05-28T18:52:05Z,2026-05-28T20:52:05+0200,0ebf8cf8-6a6d-4569-a78c-2e9b11e999ad,2026-05-25T13:00:00Z,2026-05-25T15:00:00+0200,64.2,MW,BE,BE,forecast_onshore_wind_generation,Wind Onshore,2026-05-28T18:54:14Z
2026-05-28T18:52:05Z,2026-05-28T20:52:05+0200,0ebf8cf8-6a6d-4569-a78c-2e9b11e999ad,2026-05-25T14:00:00Z,2026-05-25T16:00:00+0200,98.65,MW,BE,BE,forecast_onshore_wind_generation,Wind Onshore,2026-05-28T18:54:14Z
2026-05-28T18:52:05Z,2026-05-28T20:52:05+0200,0ebf8cf8-6a6d-4569-a78c-2e9b11e999ad,2026-05-25T15:00:00Z,2026-05-25T17:00:00+0200,147.55,MW,BE,BE,forecast_onshore_wind_generation,Wind Onshore,2026-05-28T18:54:14Z
2026-05-28T18:52:05Z,2026-05-28T20:52:05+0200,0ebf8cf8-6a6d-4569-a78c-2e9b11e999ad,2026-05-25T16:00:00Z,2026-05-25T18:00:00+0200,202.925,MW,BE,BE,forecast_onshore_wind_generation,Wind Onshore,2026-05-28T18:54:14Z
2026-05-28T18:52:05Z,2026-05-28T20:52:05+0200,0ebf8cf8-6a6d-4569-a78c-2e9b11e999ad,2026-05-25T17:00:00Z,2026-05-25T19:00:00+0200,245.675,MW,BE,BE,forecast_onshore_wind_generation,Wind Onshore,2026-05-28T18:54:14Z
2026-05-28T18:52:05Z,2026-05-28T20:52:05+0200,0ebf8cf8-6a6d-4569-a78c-2e9b11e999ad,2026-05-25T18:00:00Z,2026-05-25T20:00:00+0200,297.075,MW,BE,BE,forecast_onshore_wind_generation,Wind Onshore,2026-05-28T18:54:14Z
2026-05-28T18:52:05Z,2026-05-28T20:52:05+0200,0ebf8cf8-6a6d-4569-a78c-2e9b11e999ad,2026-05-25T19:00:00Z,2026-05-25T21:00:00+0200,383.05,MW,BE,BE,forecast_onshore_wind_generation,Wind Onshore,2026-05-28T18:54:14Z
2026-05-28T18:52:05Z,2026-05-28T20:52:05+0200,0ebf8cf8-6a6d-4569-a78c-2e9b11e999ad,2026-05-25T20:00:00Z,2026-05-25T22:00:00+0200,459.95,MW,BE,BE,forecast_onshore_wind_generation,Wind Onshore,2026-05-28T18:54:14Z
2026-05-28T18:52:05Z,2026-05-28T20:52:05+0200,0ebf8cf8-6a6d-4569-a78c-2e9b11e999ad,2026-05-25T21:00:00Z,2026-05-25T23:00:00+0200,506.3,MW,BE,BE,forecast_onshore_wind_generation,Wind Onshore,2026-05-28T18:54:14Z
2026-05-28T18:52:05Z,2026-05-28T20:52:05+0200,0ebf8cf8-6a6d-4569-a78c-2e9b11e999ad,2026-05-25T22:00:00Z,2026-05-26T00:00:00+0200,467.325,MW,BE,BE,forecast_onshore_wind_generation,Wind Onshore,2026-05-28T18:54:14Z
2026-05-28T18:52:05Z,2026-05-28T20:52:05+0200,0ebf8cf8-6a6d-4569-a78c-2e9b11e999ad,2026-05-25T23:00:00Z,2026-05-26T01:00:00+0200,463.725,MW,BE,BE,forecast_onshore_wind_generation,Wind Onshore,2026-05-28T18:54:14Z
2026-05-28T18:52:05Z,2026-05-28T20:52:05+0200,0ebf8cf8-6a6d-4569-a78c-2e9b11e999ad,2026-05-26T00:00:00Z,2026-05-26T02:00:00+0200,450.1,MW,BE,BE,forecast_onshore_wind_generation,Wind Onshore,2026-05-28T18:54:14Z
2026-05-28T18:52:05Z,2026-05-28T20:52:05+0200,0ebf8cf8-6a6d-4569-a78c-2e9b11e999ad,2026-05-26T01:00:00Z,2026-05-26T03:00:00+0200,423.15,MW,BE,BE,forecast_onshore_wind_generation,Wind Onshore,2026-05-28T18:54:14Z
2026-05-28T18:52:05Z,2026-05-28T20:52:05+0200,0ebf8cf8-6a6d-4569-a78c-2e9b11e999ad,2026-05-26T02:00:00Z,2026-05-26T04:00:00+0200,382.1,MW,BE,BE,forecast_onshore_wind_generation,Wind Onshore,2026-05-28T18:54:14Z
2026-05-28T18:52:05Z,2026-05-28T20:52:05+0200,0ebf8cf8-6a6d-4569-a78c-2e9b11e999ad,2026-05-26T03:00:00Z,2026-05-26T05:00:00+0200,332.1,MW,BE,BE,forecast_onshore_wind_generation,Wind Onshore,2026-05-28T18:54:14Z
2026-05-28T18:52:05Z,2026-05-28T20:52:05+0200,0ebf8cf8-6a6d-4569-a78c-2e9b11e999ad,2026-05-26T04:00:00Z,2026-05-26T06:00:00+0200,271.725,MW,BE,BE,forecast_onshore_wind_generation,Wind Onshore,2026-05-28T18:54:14Z
2026-05-28T18:52:05Z,2026-05-28T20:52:05+0200,0ebf8cf8-6a6d-4569-a78c-2e9b11e999ad,2026-05-26T05:00:00Z,2026-05-26T07:00:00+0200,207.75,MW,BE,BE,forecast_onshore_wind_generation,Wind Onshore,2026-05-28T18:54:14Z
2026-05-28T18:52:05Z,2026-05-28T20:52:05+0200,0ebf8cf8-6a6d-4569-a78c-2e9b11e999ad,2026-05-26T06:00:00Z,2026-05-26T08:00:00+0200,116.2,MW,BE,BE,forecast_onshore_wind_generation,Wind Onshore,2026-05-28T18:54:14Z
2026-05-28T18:52:05Z,2026-05-28T20:52:05+0200,0ebf8cf8-6a6d-4569-a78c-2e9b11e999ad,2026-05-26T07:00:00Z,2026-05-26T09:00:00+0200,36.425,MW,BE,BE,forecast_onshore_wind_generation,Wind Onshore,2026-05-28T18:54:14Z
2026-05-28T18:52:05Z,2026-05-28T20:52:05+0200,0ebf8cf8-6a6d-4569-a78c-2e9b11e999ad,2026-05-26T08:00:00Z,2026-05-26T10:00:00+0200,11.5,MW,BE,BE,forecast_onshore_wind_generation,Wind Onshore,2026-05-28T18:54:14Z
2026-05-28T18:52:05Z,2026-05-28T20:52:05+0200,0ebf8cf8-6a6d-4569-a78c-2e9b11e999ad,2026-05-26T09:00:00Z,2026-05-26T11:00:00+0200,7.875,MW,BE,BE,forecast_onshore_wind_generation,Wind Onshore,2026-05-28T18:54:14Z
2026-05-28T18:52:05Z,2026-05-28T20:52:05+0200,0ebf8cf8-6a6d-4569-a78c-2e9b11e999ad,2026-05-26T10:00:00Z,2026-05-26T12:00:00+0200,7.15,MW,BE,BE,forecast_onshore_wind_generation,Wind Onshore,2026-05-28T18:54:14Z
2026-05-28T18:52:05Z,2026-05-28T20:52:05+0200,0ebf8cf8-6a6d-4569-a78c-2e9b11e999ad,2026-05-26T11:00:00Z,2026-05-26T13:00:00+0200,7.15,MW,BE,BE,forecast_onshore_wind_generation,Wind Onshore,2026-05-28T18:54:14Z
2026-05-28T18:52:05Z,2026-05-28T20:52:05+0200,0ebf8cf8-6a6d-4569-a78c-2e9b11e999ad,2026-05-26T12:00:00Z,2026-05-26T14:00:00+0200,7.95,MW,BE,BE,forecast_onshore_wind_generation,Wind Onshore,2026-05-28T18:54:14Z
2026-05-28T18:52:05Z,2026-05-28T20:52:05+0200,0ebf8cf8-6a6d-4569-a78c-2e9b11e999ad,2026-05-26T13:00:00Z,2026-05-26T15:00:00+0200,9.675,MW,BE,BE,forecast_onshore_wind_generation,Wind Onshore,2026-05-28T18:54:14Z
2026-05-28T18:52:05Z,2026-05-28T20:52:05+0200,0ebf8cf8-6a6d-4569-a78c-2e9b11e999ad,2026-05-26T14:00:00Z,2026-05-26T16:00:00+0200,13.925,MW,BE,BE,forecast_onshore_wind_generation,Wind Onshore,2026-05-28T18:54:14Z
2026-05-28T18:52:05Z,2026-05-28T20:52:05+0200,0ebf8cf8-6a6d-4569-a78c-2e9b11e999ad,2026-05-26T15:00:00Z,2026-05-26T17:00:00+0200,27.525,MW,BE,BE,forecast_onshore_wind_generation,Wind Onshore,2026-05-28T18:54:14Z
2026-05-28T18:52:05Z,2026-05-28T20:52:05+0200,0ebf8cf8-6a6d-4569-a78c-2e9b11e999ad,2026-05-26T16:00:00Z,2026-05-26T18:00:00+0200,52.7,MW,BE,BE,forecast_onshore_wind_generation,Wind Onshore,2026-05-28T18:54:14Z
2026-05-28T18:52:05Z,2026-05-28T20:52:05+0200,0ebf8cf8-6a6d-4569-a78c-2e9b11e999ad,2026-05-26T17:00:00Z,2026-05-26T19:00:00+0200,87.725,MW,BE,BE,forecast_onshore_wind_generation,Wind Onshore,2026-05-28T18:54:14Z
2026-05-28T18:52:05Z,2026-05-28T20:52:05+0200,0ebf8cf8-6a6d-4569-a78c-2e9b11e999ad,2026-05-26T18:00:00Z,2026-05-26T20:00:00+0200,138.675,MW,BE,BE,forecast_onshore_wind_generation,Wind Onshore,2026-05-28T18:54:14Z
2026-05-28T18:52:05Z,2026-05-28T20:52:05+0200,0ebf8cf8-6a6d-4569-a78c-2e9b11e999ad,2026-05-26T19:00:00Z,2026-05-26T21:00:00+0200,174.75,MW,BE,BE,forecast_onshore_wind_generation,Wind Onshore,2026-05-28T18:54:14Z
2026-05-28T18:52:05Z,2026-05-28T20:52:05+0200,0ebf8cf8-6a6d-4569-a78c-2e9b11e999ad,2026-05-26T20:00:00Z,2026-05-26T22:00:00+0200,209.975,MW,BE,BE,forecast_onshore_wind_generation,Wind Onshore,2026-05-28T18:54:14Z
2026-05-28T18:52:05Z,2026-05-28T20:52:05+0200,0ebf8cf8-6a6d-4569-a78c-2e9b11e999ad,2026-05-26T21:00:00Z,2026-05-26T23:00:00+0200,261.375,MW,BE,BE,forecast_onshore_wind_generation,Wind Onshore,2026-05-28T18:54:14Z
2026-05-28T18:52:05Z,2026-05-28T20:52:05+0200,0ebf8cf8-6a6d-4569-a78c-2e9b11e999ad,2026-05-26T22:00:00Z,2026-05-27T00:00:00+0200,479.4,MW,BE,BE,forecast_onshore_wind_generation,Wind Onshore,2026-05-28T18:54:14Z
2026-05-28T18:52:05Z,2026-05-28T20:52:05+0200,0ebf8cf8-6a6d-4569-a78c-2e9b11e999ad,2026-05-26T23:00:00Z,2026-05-27T01:00:00+0200,508.725,MW,BE,BE,forecast_onshore_wind_generation,Wind Onshore,2026-05-28T18:54:14Z
2026-05-28T18:52:05Z,2026-05-28T20:52:05+0200,0ebf8cf8-6a6d-4569-a78c-2e9b11e999ad,2026-05-27T00:00:00Z,2026-05-27T02:00:00+0200,498.775,MW,BE,BE,forecast_onshore_wind_generation,Wind Onshore,2026-05-28T18:54:14Z
2026-05-28T18:52:05Z,2026-05-28T20:52:05+0200,0ebf8cf8-6a6d-4569-a78c-2e9b11e999ad,2026-05-27T01:00:00Z,2026-05-27T03:00:00+0200,496.15,MW,BE,BE,forecast_onshore_wind_generation,Wind Onshore,2026-05-28T18:54:14Z
2026-05-28T18:52:05Z,2026-05-28T20:52:05+0200,0ebf8cf8-6a6d-4569-a78c-2e9b11e999ad,2026-05-27T02:00:00Z,2026-05-27T04:00:00+0200,505.85,MW,BE,BE,forecast_onshore_wind_generation,Wind Onshore,2026-05-28T18:54:14Z
2026-05-28T18:52:05Z,2026-05-28T20:52:05+0200,0ebf8cf8-6a6d-4569-a78c-2e9b11e999ad,2026-05-27T03:00:00Z,2026-05-27T05:00:00+0200,525.75,MW,BE,BE,forecast_onshore_wind_generation,Wind Onshore,2026-05-28T18:54:14Z
2026-05-28T18:52:05Z,2026-05-28T20:52:05+0200,0ebf8cf8-6a6d-4569-a78c-2e9b11e999ad,2026-05-27T04:00:00Z,2026-05-27T06:00:00+0200,532.225,MW,BE,BE,forecast_onshore_wind_generation,Wind Onshore,2026-05-28T18:54:14Z
2026-05-28T18:52:05Z,2026-05-28T20:52:05+0200,0ebf8cf8-6a6d-4569-a78c-2e9b11e999ad,2026-05-27T05:00:00Z,2026-05-27T07:00:00+0200,472.85,MW,BE,BE,forecast_onshore_wind_generation,Wind Onshore,2026-05-28T18:54:14Z
2026-05-28T18:52:05Z,2026-05-28T20:52:05+0200,0ebf8cf8-6a6d-4569-a78c-2e9b11e999ad,2026-05-27T06:00:00Z,2026-05-27T08:00:00+0200,377.8,MW,BE,BE,forecast_onshore_wind_generation,Wind Onshore,2026-05-28T18:54:14Z
2026-05-28T18:52:05Z,2026-05-28T20:52:05+0200,0ebf8cf8-6a6d-4569-a78c-2e9b11e999ad,2026-05-27T07:00:00Z,2026-05-27T09:00:00+0200,333.025,MW,BE,BE,forecast_onshore_wind_generation,Wind Onshore,2026-05-28T18:54:14Z
2026-05-28T18:52:05Z,2026-05-28T20:52:05+0200,0ebf8cf8-6a6d-4569-a78c-2e9b11e999ad,2026-05-27T08:00:00Z,2026-05-27T10:00:00+0200,348.95,MW,BE,BE,forecast_onshore_wind_generation,Wind Onshore,2026-05-28T18:54:14Z
2026-05-28T18:52:05Z,2026-05-28T20:52:05+0200,0ebf8cf8-6a6d-4569-a78c-2e9b11e999ad,2026-05-27T09:00:00Z,2026-05-27T11:00:00+0200,388.85,MW,BE,BE,forecast_onshore_wind_generation,Wind Onshore,2026-05-28T18:54:14Z
2026-05-28T18:52:05Z,2026-05-28T20:52:05+0200,0ebf8cf8-6a6d-4569-a78c-2e9b11e999ad,2026-05-27T10:00:00Z,2026-05-27T12:00:00+0200,414.825,MW,BE,BE,forecast_onshore_wind_generation,Wind Onshore,2026-05-28T18:54:14Z
2026-05-28T18:52:05Z,2026-05-28T20:52:05+0200,0ebf8cf8-6a6d-4569-a78c-2e9b11e999ad,2026-05-27T11:00:00Z,2026-05-27T13:00:00+0200,435.125,MW,BE,BE,forecast_onshore_wind_generation,Wind Onshore,2026-05-28T18:54:14Z
2026-05-28T18:52:05Z,2026-05-28T20:52:05+0200,0ebf8cf8-6a6d-4569-a78c-2e9b11e999ad,2026-05-27T12:00:00Z,2026-05-27T14:00:00+0200,460.95,MW,BE,BE,forecast_onshore_wind_generation,Wind Onshore,2026-05-28T18:54:14Z
2026-05-28T18:52:05Z,2026-05-28T20:52:05+0200,0ebf8cf8-6a6d-4569-a78c-2e9b11e999ad,2026-05-27T13:00:00Z,2026-05-27T15:00:00+0200,493.1,MW,BE,BE,forecast_onshore_wind_generation,Wind Onshore,2026-05-28T18:54:14Z
2026-05-28T18:52:05Z,2026-05-28T20:52:05+0200,0ebf8cf8-6a6d-4569-a78c-2e9b11e999ad,2026-05-27T14:00:00Z,2026-05-27T16:00:00+0200,525.575,MW,BE,BE,forecast_onshore_wind_generation,Wind Onshore,2026-05-28T18:54:14Z
2026-05-28T18:52:05Z,2026-05-28T20:52:05+0200,0ebf8cf8-6a6d-4569-a78c-2e9b11e999ad,2026-05-27T15:00:00Z,2026-05-27T17:00:00+0200,554.3,MW,BE,BE,forecast_onshore_wind_generation,Wind Onshore,2026-05-28T18:54:14Z
2026-05-28T18:52:05Z,2026-05-28T20:52:05+0200,0ebf8cf8-6a6d-4569-a78c-2e9b11e999ad,2026-05-27T16:00:00Z,2026-05-27T18:00:00+0200,570.175,MW,BE,BE,forecast_onshore_wind_generation,Wind Onshore,2026-05-28T18:54:14Z
2026-05-28T18:52:05Z,2026-05-28T20:52:05+0200,0ebf8cf8-6a6d-4569-a78c-2e9b11e999ad,2026-05-27T17:00:00Z,2026-05-27T19:00:00+0200,564.075,MW,BE,BE,forecast_onshore_wind_generation,Wind Onshore,2026-05-28T18:54:14Z
2026-05-28T18:52:05Z,2026-05-28T20:52:05+0200,0ebf8cf8-6a6d-4569-a78c-2e9b11e999ad,2026-05-27T18:00:00Z,2026-05-27T20:00:00+0200,555.75,MW,BE,BE,forecast_onshore_wind_generation,Wind Onshore,2026-05-28T18:54:14Z
2026-05-28T18:52:05Z,2026-05-28T20:52:05+0200,0ebf8cf8-6a6d-4569-a78c-2e9b11e999ad,2026-05-27T19:00:00Z,2026-05-27T21:00:00+0200,598.25,MW,BE,BE,forecast_onshore_wind_generation,Wind Onshore,2026-05-28T18:54:14Z
2026-05-28T18:52:05Z,2026-05-28T20:52:05+0200,0ebf8cf8-6a6d-4569-a78c-2e9b11e999ad,2026-05-27T20:00:00Z,2026-05-27T22:00:00+0200,666.9,MW,BE,BE,forecast_onshore_wind_generation,Wind Onshore,2026-05-28T18:54:14Z
2026-05-28T18:52:05Z,2026-05-28T20:52:05+0200,0ebf8cf8-6a6d-4569-a78c-2e9b11e999ad,2026-05-27T21:00:00Z,2026-05-27T23:00:00+0200,699.55,MW,BE,BE,forecast_onshore_wind_generation,Wind Onshore,2026-05-28T18:54:14Z
2026-05-28T18:52:05Z,2026-05-28T20:52:05+0200,0ebf8cf8-6a6d-4569-a78c-2e9b11e999ad,2026-05-27T22:00:00Z,2026-05-28T00:00:00+0200,714.1,MW,BE,BE,forecast_onshore_wind_generation,Wind Onshore,2026-05-28T18:54:14Z
2026-05-28T18:52:05Z,2026-05-28T20:52:05+0200,0ebf8cf8-6a6d-4569-a78c-2e9b11e999ad,2026-05-27T23:00:00Z,2026-05-28T01:00:00+0200,663.75,MW,BE,BE,forecast_onshore_wind_generation,Wind Onshore,2026-05-28T18:54:14Z
2026-05-28T18:52:05Z,2026-05-28T20:52:05+0200,0ebf8cf8-6a6d-4569-a78c-2e9b11e999ad,2026-05-28T00:00:00Z,2026-05-28T02:00:00+0200,609.425,MW,BE,BE,forecast_onshore_wind_generation,Wind Onshore,2026-05-28T18:54:14Z
2026-05-28T18:52:05Z,2026-05-28T20:52:05+0200,0ebf8cf8-6a6d-4569-a78c-2e9b11e999ad,2026-05-28T01:00:00Z,2026-05-28T03:00:00+0200,566.35,MW,BE,BE,forecast_onshore_wind_generation,Wind Onshore,2026-05-28T18:54:14Z
2026-05-28T18:52:05Z,2026-05-28T20:52:05+0200,0ebf8cf8-6a6d-4569-a78c-2e9b11e999ad,2026-05-28T02:00:00Z,2026-05-28T04:00:00+0200,530.475,MW,BE,BE,forecast_onshore_wind_generation,Wind Onshore,2026-05-28T18:54:14Z
2026-05-28T18:52:05Z,2026-05-28T20:52:05+0200,0ebf8cf8-6a6d-4569-a78c-2e9b11e999ad,2026-05-28T03:00:00Z,2026-05-28T05:00:00+0200,499.75,MW,BE,BE,forecast_onshore_wind_generation,Wind Onshore,2026-05-28T18:54:14Z
2026-05-28T18:52:05Z,2026-05-28T20:52:05+0200,0ebf8cf8-6a6d-4569-a78c-2e9b11e999ad,2026-05-28T04:00:00Z,2026-05-28T06:00:00+0200,449.3,MW,BE,BE,forecast_onshore_wind_generation,Wind Onshore,2026-05-28T18:54:14Z
2026-05-28T18:52:05Z,2026-05-28T20:52:05+0200,0ebf8cf8-6a6d-4569-a78c-2e9b11e999ad,2026-05-28T05:00:00Z,2026-05-28T07:00:00+0200,355.025,MW,BE,BE,forecast_onshore_wind_generation,Wind Onshore,2026-05-28T18:54:14Z
2026-05-28T18:52:05Z,2026-05-28T20:52:05+0200,0ebf8cf8-6a6d-4569-a78c-2e9b11e999ad,2026-05-28T06:00:00Z,2026-05-28T08:00:00+0200,252.15,MW,BE,BE,forecast_onshore_wind_generation,Wind Onshore,2026-05-28T18:54:14Z
2026-05-28T18:52:05Z,2026-05-28T20:52:05+0200,0ebf8cf8-6a6d-4569-a78c-2e9b11e999ad,2026-05-28T07:00:00Z,2026-05-28T09:00:00+0200,187.975,MW,BE,BE,forecast_onshore_wind_generation,Wind Onshore,2026-05-28T18:54:14Z
2026-05-28T18:52:05Z,2026-05-28T20:52:05+0200,0ebf8cf8-6a6d-4569-a78c-2e9b11e999ad,2026-05-28T08:00:00Z,2026-05-28T10:00:00+0200,157.475,MW,BE,BE,forecast_onshore_wind_generation,Wind Onshore,2026-05-28T18:54:14Z
2026-05-28T18:52:05Z,2026-05-28T20:52:05+0200,0ebf8cf8-6a6d-4569-a78c-2e9b11e999ad,2026-05-28T09:00:00Z,2026-05-28T11:00:00+0200,139.775,MW,BE,BE,forecast_onshore_wind_generation,Wind Onshore,2026-05-28T18:54:14Z
2026-05-28T18:52:05Z,2026-05-28T20:52:05+0200,0ebf8cf8-6a6d-4569-a78c-2e9b11e999ad,2026-05-28T10:00:00Z,2026-05-28T12:00:00+0200,121.175,MW,BE,BE,forecast_onshore_wind_generation,Wind Onshore,2026-05-28T18:54:14Z
2026-05-28T18:52:05Z,2026-05-28T20:52:05+0200,0ebf8cf8-6a6d-4569-a78c-2e9b11e999ad,2026-05-28T11:00:00Z,2026-05-28T13:00:00+0200,106.825,MW,BE,BE,forecast_onshore_wind_generation,Wind Onshore,2026-05-28T18:54:14Z
2026-05-28T18:52:05Z,2026-05-28T20:52:05+0200,0ebf8cf8-6a6d-4569-a78c-2e9b11e999ad,2026-05-28T12:00:00Z,2026-05-28T14:00:00+0200,96.725,MW,BE,BE,forecast_onshore_wind_generation,Wind Onshore,2026-05-28T18:54:14Z
2026-05-28T18:52:05Z,2026-05-28T20:52:05+0200,0ebf8cf8-6a6d-4569-a78c-2e9b11e999ad,2026-05-28T13:00:00Z,2026-05-28T15:00:00+0200,91.3,MW,BE,BE,forecast_onshore_wind_generation,Wind Onshore,2026-05-28T18:54:14Z
2026-05-28T18:52:05Z,2026-05-28T20:52:05+0200,0ebf8cf8-6a6d-4569-a78c-2e9b11e999ad,2026-05-28T14:00:00Z,2026-05-28T16:00:00+0200,81.625,MW,BE,BE,forecast_onshore_wind_generation,Wind Onshore,2026-05-28T18:54:14Z
2026-05-28T18:52:05Z,2026-05-28T20:52:05+0200,0ebf8cf8-6a6d-4569-a78c-2e9b11e999ad,2026-05-28T15:00:00Z,2026-05-28T17:00:00+0200,70.525,MW,BE,BE,forecast_onshore_wind_generation,Wind Onshore,2026-05-28T18:54:14Z
2026-05-28T18:52:05Z,2026-05-28T20:52:05+0200,0ebf8cf8-6a6d-4569-a78c-2e9b11e999ad,2026-05-28T16:00:00Z,2026-05-28T18:00:00+0200,66.0,MW,BE,BE,forecast_onshore_wind_generation,Wind Onshore,2026-05-28T18:54:14Z
2026-05-28T18:52:05Z,2026-05-28T20:52:05+0200,0ebf8cf8-6a6d-4569-a78c-2e9b11e999ad,2026-05-28T17:00:00Z,2026-05-28T19:00:00+0200,73.85,MW,BE,BE,forecast_onshore_wind_generation,Wind Onshore,2026-05-28T18:54:14Z
2026-05-28T18:52:05Z,2026-05-28T20:52:05+0200,0ebf8cf8-6a6d-4569-a78c-2e9b11e999ad,2026-05-28T18:00:00Z,2026-05-28T20:00:00+0200,124.2,MW,BE,BE,forecast_onshore_wind_generation,Wind Onshore,2026-05-28T18:54:14Z
