collection_time_utc,collection_time_local,run_id,timestamp_utc,timestamp_local,value,unit,country,entsoe_area,variable,source,updated_at_utc
2026-08-13T16:46:02Z,2026-08-13T18:46:02+0200,bbadff40-465f-4669-a5ab-d3c11bbfaf39,2026-07-13T17:00:00Z,2026-07-13T19:00:00+0200,6051.78,MW,FR,FR,actual_onshore_wind_generation,Wind Onshore,2026-08-13T16:47:47Z
2026-08-13T16:46:02Z,2026-08-13T18:46:02+0200,bbadff40-465f-4669-a5ab-d3c11bbfaf39,2026-07-13T17:15:00Z,2026-07-13T19:15:00+0200,6013.49,MW,FR,FR,actual_onshore_wind_generation,Wind Onshore,2026-08-13T16:47:47Z
2026-08-13T16:46:02Z,2026-08-13T18:46:02+0200,bbadff40-465f-4669-a5ab-d3c11bbfaf39,2026-07-13T17:30:00Z,2026-07-13T19:30:00+0200,6085.25,MW,FR,FR,actual_onshore_wind_generation,Wind Onshore,2026-08-13T16:47:47Z
2026-08-13T16:46:02Z,2026-08-13T18:46:02+0200,bbadff40-465f-4669-a5ab-d3c11bbfaf39,2026-07-13T17:45:00Z,2026-07-13T19:45:00+0200,6066.79,MW,FR,FR,actual_onshore_wind_generation,Wind Onshore,2026-08-13T16:47:47Z
2026-08-13T16:46:02Z,2026-08-13T18:46:02+0200,bbadff40-465f-4669-a5ab-d3c11bbfaf39,2026-07-13T18:00:00Z,2026-07-13T20:00:00+0200,5961.75,MW,FR,FR,actual_onshore_wind_generation,Wind Onshore,2026-08-13T16:47:47Z
2026-08-13T16:46:02Z,2026-08-13T18:46:02+0200,bbadff40-465f-4669-a5ab-d3c11bbfaf39,2026-07-13T18:15:00Z,2026-07-13T20:15:00+0200,5871.74,MW,FR,FR,actual_onshore_wind_generation,Wind Onshore,2026-08-13T16:47:47Z
2026-08-13T16:46:02Z,2026-08-13T18:46:02+0200,bbadff40-465f-4669-a5ab-d3c11bbfaf39,2026-07-13T18:30:00Z,2026-07-13T20:30:00+0200,5842.55,MW,FR,FR,actual_onshore_wind_generation,Wind Onshore,2026-08-13T16:47:47Z
2026-08-13T16:46:02Z,2026-08-13T18:46:02+0200,bbadff40-465f-4669-a5ab-d3c11bbfaf39,2026-07-13T18:45:00Z,2026-07-13T20:45:00+0200,5730.88,MW,FR,FR,actual_onshore_wind_generation,Wind Onshore,2026-08-13T16:47:47Z
2026-08-13T16:46:02Z,2026-08-13T18:46:02+0200,bbadff40-465f-4669-a5ab-d3c11bbfaf39,2026-07-13T19:00:00Z,2026-07-13T21:00:00+0200,5624.35,MW,FR,FR,actual_onshore_wind_generation,Wind Onshore,2026-08-13T16:47:47Z
2026-08-13T16:46:02Z,2026-08-13T18:46:02+0200,bbadff40-465f-4669-a5ab-d3c11bbfaf39,2026-07-13T19:15:00Z,2026-07-13T21:15:00+0200,5679.88,MW,FR,FR,actual_onshore_wind_generation,Wind Onshore,2026-08-13T16:47:47Z
2026-08-13T16:46:02Z,2026-08-13T18:46:02+0200,bbadff40-465f-4669-a5ab-d3c11bbfaf39,2026-07-13T19:30:00Z,2026-07-13T21:30:00+0200,5808.55,MW,FR,FR,actual_onshore_wind_generation,Wind Onshore,2026-08-13T16:47:47Z
2026-08-13T16:46:02Z,2026-08-13T18:46:02+0200,bbadff40-465f-4669-a5ab-d3c11bbfaf39,2026-07-13T19:45:00Z,2026-07-13T21:45:00+0200,5977.77,MW,FR,FR,actual_onshore_wind_generation,Wind Onshore,2026-08-13T16:47:47Z
2026-08-13T16:46:02Z,2026-08-13T18:46:02+0200,bbadff40-465f-4669-a5ab-d3c11bbfaf39,2026-07-13T20:00:00Z,2026-07-13T22:00:00+0200,6032.2,MW,FR,FR,actual_onshore_wind_generation,Wind Onshore,2026-08-13T16:47:47Z
2026-08-13T16:46:02Z,2026-08-13T18:46:02+0200,bbadff40-465f-4669-a5ab-d3c11bbfaf39,2026-07-13T20:15:00Z,2026-07-13T22:15:00+0200,6018.36,MW,FR,FR,actual_onshore_wind_generation,Wind Onshore,2026-08-13T16:47:47Z
2026-08-13T16:46:02Z,2026-08-13T18:46:02+0200,bbadff40-465f-4669-a5ab-d3c11bbfaf39,2026-07-13T20:30:00Z,2026-07-13T22:30:00+0200,6072.8,MW,FR,FR,actual_onshore_wind_generation,Wind Onshore,2026-08-13T16:47:47Z
2026-08-13T16:46:02Z,2026-08-13T18:46:02+0200,bbadff40-465f-4669-a5ab-d3c11bbfaf39,2026-07-13T20:45:00Z,2026-07-13T22:45:00+0200,6122.03,MW,FR,FR,actual_onshore_wind_generation,Wind Onshore,2026-08-13T16:47:47Z
2026-08-13T16:46:02Z,2026-08-13T18:46:02+0200,bbadff40-465f-4669-a5ab-d3c11bbfaf39,2026-07-13T21:00:00Z,2026-07-13T23:00:00+0200,6061.73,MW,FR,FR,actual_onshore_wind_generation,Wind Onshore,2026-08-13T16:47:47Z
2026-08-13T16:46:02Z,2026-08-13T18:46:02+0200,bbadff40-465f-4669-a5ab-d3c11bbfaf39,2026-07-13T21:15:00Z,2026-07-13T23:15:00+0200,5946.47,MW,FR,FR,actual_onshore_wind_generation,Wind Onshore,2026-08-13T16:47:47Z
2026-08-13T16:46:02Z,2026-08-13T18:46:02+0200,bbadff40-465f-4669-a5ab-d3c11bbfaf39,2026-07-13T21:30:00Z,2026-07-13T23:30:00+0200,5891.94,MW,FR,FR,actual_onshore_wind_generation,Wind Onshore,2026-08-13T16:47:47Z
2026-08-13T16:46:02Z,2026-08-13T18:46:02+0200,bbadff40-465f-4669-a5ab-d3c11bbfaf39,2026-07-13T21:45:00Z,2026-07-13T23:45:00+0200,5867.28,MW,FR,FR,actual_onshore_wind_generation,Wind Onshore,2026-08-13T16:47:47Z
2026-08-13T16:46:02Z,2026-08-13T18:46:02+0200,bbadff40-465f-4669-a5ab-d3c11bbfaf39,2026-07-13T22:00:00Z,2026-07-14T00:00:00+0200,5823.18,MW,FR,FR,actual_onshore_wind_generation,Wind Onshore,2026-08-13T16:47:47Z
2026-08-13T16:46:02Z,2026-08-13T18:46:02+0200,bbadff40-465f-4669-a5ab-d3c11bbfaf39,2026-07-13T22:15:00Z,2026-07-14T00:15:00+0200,5779.81,MW,FR,FR,actual_onshore_wind_generation,Wind Onshore,2026-08-13T16:47:47Z
2026-08-13T16:46:02Z,2026-08-13T18:46:02+0200,bbadff40-465f-4669-a5ab-d3c11bbfaf39,2026-07-13T22:30:00Z,2026-07-14T00:30:00+0200,5700.17,MW,FR,FR,actual_onshore_wind_generation,Wind Onshore,2026-08-13T16:47:47Z
2026-08-13T16:46:02Z,2026-08-13T18:46:02+0200,bbadff40-465f-4669-a5ab-d3c11bbfaf39,2026-07-13T22:45:00Z,2026-07-14T00:45:00+0200,5571.84,MW,FR,FR,actual_onshore_wind_generation,Wind Onshore,2026-08-13T16:47:47Z
2026-08-13T16:46:02Z,2026-08-13T18:46:02+0200,bbadff40-465f-4669-a5ab-d3c11bbfaf39,2026-07-13T23:00:00Z,2026-07-14T01:00:00+0200,5457.73,MW,FR,FR,actual_onshore_wind_generation,Wind Onshore,2026-08-13T16:47:47Z
2026-08-13T16:46:02Z,2026-08-13T18:46:02+0200,bbadff40-465f-4669-a5ab-d3c11bbfaf39,2026-07-13T23:15:00Z,2026-07-14T01:15:00+0200,5346.98,MW,FR,FR,actual_onshore_wind_generation,Wind Onshore,2026-08-13T16:47:47Z
2026-08-13T16:46:02Z,2026-08-13T18:46:02+0200,bbadff40-465f-4669-a5ab-d3c11bbfaf39,2026-07-13T23:30:00Z,2026-07-14T01:30:00+0200,5311.2,MW,FR,FR,actual_onshore_wind_generation,Wind Onshore,2026-08-13T16:47:47Z
2026-08-13T16:46:02Z,2026-08-13T18:46:02+0200,bbadff40-465f-4669-a5ab-d3c11bbfaf39,2026-07-13T23:45:00Z,2026-07-14T01:45:00+0200,5222.21,MW,FR,FR,actual_onshore_wind_generation,Wind Onshore,2026-08-13T16:47:47Z
2026-08-13T16:46:02Z,2026-08-13T18:46:02+0200,bbadff40-465f-4669-a5ab-d3c11bbfaf39,2026-07-14T00:00:00Z,2026-07-14T02:00:00+0200,5044.84,MW,FR,FR,actual_onshore_wind_generation,Wind Onshore,2026-08-13T16:47:47Z
2026-08-13T16:46:02Z,2026-08-13T18:46:02+0200,bbadff40-465f-4669-a5ab-d3c11bbfaf39,2026-07-14T00:15:00Z,2026-07-14T02:15:00+0200,4914.19,MW,FR,FR,actual_onshore_wind_generation,Wind Onshore,2026-08-13T16:47:47Z
2026-08-13T16:46:02Z,2026-08-13T18:46:02+0200,bbadff40-465f-4669-a5ab-d3c11bbfaf39,2026-07-14T00:30:00Z,2026-07-14T02:30:00+0200,4804.98,MW,FR,FR,actual_onshore_wind_generation,Wind Onshore,2026-08-13T16:47:47Z
2026-08-13T16:46:02Z,2026-08-13T18:46:02+0200,bbadff40-465f-4669-a5ab-d3c11bbfaf39,2026-07-14T00:45:00Z,2026-07-14T02:45:00+0200,4701.89,MW,FR,FR,actual_onshore_wind_generation,Wind Onshore,2026-08-13T16:47:47Z
2026-08-13T16:46:02Z,2026-08-13T18:46:02+0200,bbadff40-465f-4669-a5ab-d3c11bbfaf39,2026-07-14T01:00:00Z,2026-07-14T03:00:00+0200,4735.03,MW,FR,FR,actual_onshore_wind_generation,Wind Onshore,2026-08-13T16:47:47Z
2026-08-13T16:46:02Z,2026-08-13T18:46:02+0200,bbadff40-465f-4669-a5ab-d3c11bbfaf39,2026-07-14T01:15:00Z,2026-07-14T03:15:00+0200,4779.99,MW,FR,FR,actual_onshore_wind_generation,Wind Onshore,2026-08-13T16:47:47Z
2026-08-13T16:46:02Z,2026-08-13T18:46:02+0200,bbadff40-465f-4669-a5ab-d3c11bbfaf39,2026-07-14T01:30:00Z,2026-07-14T03:30:00+0200,4821.45,MW,FR,FR,actual_onshore_wind_generation,Wind Onshore,2026-08-13T16:47:47Z
2026-08-13T16:46:02Z,2026-08-13T18:46:02+0200,bbadff40-465f-4669-a5ab-d3c11bbfaf39,2026-07-14T01:45:00Z,2026-07-14T03:45:00+0200,4713.8,MW,FR,FR,actual_onshore_wind_generation,Wind Onshore,2026-08-13T16:47:47Z
2026-08-13T16:46:02Z,2026-08-13T18:46:02+0200,bbadff40-465f-4669-a5ab-d3c11bbfaf39,2026-07-14T02:00:00Z,2026-07-14T04:00:00+0200,4644.67,MW,FR,FR,actual_onshore_wind_generation,Wind Onshore,2026-08-13T16:47:47Z
2026-08-13T16:46:02Z,2026-08-13T18:46:02+0200,bbadff40-465f-4669-a5ab-d3c11bbfaf39,2026-07-14T02:15:00Z,2026-07-14T04:15:00+0200,4516.1,MW,FR,FR,actual_onshore_wind_generation,Wind Onshore,2026-08-13T16:47:47Z
2026-08-13T16:46:02Z,2026-08-13T18:46:02+0200,bbadff40-465f-4669-a5ab-d3c11bbfaf39,2026-07-14T02:30:00Z,2026-07-14T04:30:00+0200,4402.76,MW,FR,FR,actual_onshore_wind_generation,Wind Onshore,2026-08-13T16:47:47Z
2026-08-13T16:46:02Z,2026-08-13T18:46:02+0200,bbadff40-465f-4669-a5ab-d3c11bbfaf39,2026-07-14T02:45:00Z,2026-07-14T04:45:00+0200,4191.44,MW,FR,FR,actual_onshore_wind_generation,Wind Onshore,2026-08-13T16:47:47Z
2026-08-13T16:46:02Z,2026-08-13T18:46:02+0200,bbadff40-465f-4669-a5ab-d3c11bbfaf39,2026-07-14T03:00:00Z,2026-07-14T05:00:00+0200,4046.19,MW,FR,FR,actual_onshore_wind_generation,Wind Onshore,2026-08-13T16:47:47Z
2026-08-13T16:46:02Z,2026-08-13T18:46:02+0200,bbadff40-465f-4669-a5ab-d3c11bbfaf39,2026-07-14T03:15:00Z,2026-07-14T05:15:00+0200,3917.86,MW,FR,FR,actual_onshore_wind_generation,Wind Onshore,2026-08-13T16:47:47Z
2026-08-13T16:46:02Z,2026-08-13T18:46:02+0200,bbadff40-465f-4669-a5ab-d3c11bbfaf39,2026-07-14T03:30:00Z,2026-07-14T05:30:00+0200,3787.66,MW,FR,FR,actual_onshore_wind_generation,Wind Onshore,2026-08-13T16:47:47Z
2026-08-13T16:46:02Z,2026-08-13T18:46:02+0200,bbadff40-465f-4669-a5ab-d3c11bbfaf39,2026-07-14T03:45:00Z,2026-07-14T05:45:00+0200,3616.16,MW,FR,FR,actual_onshore_wind_generation,Wind Onshore,2026-08-13T16:47:47Z
2026-08-13T16:46:02Z,2026-08-13T18:46:02+0200,bbadff40-465f-4669-a5ab-d3c11bbfaf39,2026-07-14T04:00:00Z,2026-07-14T06:00:00+0200,3533.5,MW,FR,FR,actual_onshore_wind_generation,Wind Onshore,2026-08-13T16:47:47Z
2026-08-13T16:46:02Z,2026-08-13T18:46:02+0200,bbadff40-465f-4669-a5ab-d3c11bbfaf39,2026-07-14T04:15:00Z,2026-07-14T06:15:00+0200,3416.46,MW,FR,FR,actual_onshore_wind_generation,Wind Onshore,2026-08-13T16:47:47Z
2026-08-13T16:46:02Z,2026-08-13T18:46:02+0200,bbadff40-465f-4669-a5ab-d3c11bbfaf39,2026-07-14T04:30:00Z,2026-07-14T06:30:00+0200,3333.59,MW,FR,FR,actual_onshore_wind_generation,Wind Onshore,2026-08-13T16:47:47Z
2026-08-13T16:46:02Z,2026-08-13T18:46:02+0200,bbadff40-465f-4669-a5ab-d3c11bbfaf39,2026-07-14T04:45:00Z,2026-07-14T06:45:00+0200,3204.79,MW,FR,FR,actual_onshore_wind_generation,Wind Onshore,2026-08-13T16:47:47Z
2026-08-13T16:46:02Z,2026-08-13T18:46:02+0200,bbadff40-465f-4669-a5ab-d3c11bbfaf39,2026-07-14T05:00:00Z,2026-07-14T07:00:00+0200,3064.98,MW,FR,FR,actual_onshore_wind_generation,Wind Onshore,2026-08-13T16:47:47Z
2026-08-13T16:46:02Z,2026-08-13T18:46:02+0200,bbadff40-465f-4669-a5ab-d3c11bbfaf39,2026-07-14T05:15:00Z,2026-07-14T07:15:00+0200,2909.46,MW,FR,FR,actual_onshore_wind_generation,Wind Onshore,2026-08-13T16:47:47Z
2026-08-13T16:46:02Z,2026-08-13T18:46:02+0200,bbadff40-465f-4669-a5ab-d3c11bbfaf39,2026-07-14T05:30:00Z,2026-07-14T07:30:00+0200,2675.67,MW,FR,FR,actual_onshore_wind_generation,Wind Onshore,2026-08-13T16:47:47Z
2026-08-13T16:46:02Z,2026-08-13T18:46:02+0200,bbadff40-465f-4669-a5ab-d3c11bbfaf39,2026-07-14T05:45:00Z,2026-07-14T07:45:00+0200,2525.77,MW,FR,FR,actual_onshore_wind_generation,Wind Onshore,2026-08-13T16:47:47Z
2026-08-13T16:46:02Z,2026-08-13T18:46:02+0200,bbadff40-465f-4669-a5ab-d3c11bbfaf39,2026-07-14T06:00:00Z,2026-07-14T08:00:00+0200,2340.83,MW,FR,FR,actual_onshore_wind_generation,Wind Onshore,2026-08-13T16:47:47Z
2026-08-13T16:46:02Z,2026-08-13T18:46:02+0200,bbadff40-465f-4669-a5ab-d3c11bbfaf39,2026-07-14T06:15:00Z,2026-07-14T08:15:00+0200,2191.92,MW,FR,FR,actual_onshore_wind_generation,Wind Onshore,2026-08-13T16:47:47Z
2026-08-13T16:46:02Z,2026-08-13T18:46:02+0200,bbadff40-465f-4669-a5ab-d3c11bbfaf39,2026-07-14T06:30:00Z,2026-07-14T08:30:00+0200,2055.66,MW,FR,FR,actual_onshore_wind_generation,Wind Onshore,2026-08-13T16:47:47Z
2026-08-13T16:46:02Z,2026-08-13T18:46:02+0200,bbadff40-465f-4669-a5ab-d3c11bbfaf39,2026-07-14T06:45:00Z,2026-07-14T08:45:00+0200,1956.21,MW,FR,FR,actual_onshore_wind_generation,Wind Onshore,2026-08-13T16:47:47Z
2026-08-13T16:46:02Z,2026-08-13T18:46:02+0200,bbadff40-465f-4669-a5ab-d3c11bbfaf39,2026-07-14T07:00:00Z,2026-07-14T09:00:00+0200,1840.34,MW,FR,FR,actual_onshore_wind_generation,Wind Onshore,2026-08-13T16:47:47Z
2026-08-13T16:46:02Z,2026-08-13T18:46:02+0200,bbadff40-465f-4669-a5ab-d3c11bbfaf39,2026-07-14T07:15:00Z,2026-07-14T09:15:00+0200,1746.86,MW,FR,FR,actual_onshore_wind_generation,Wind Onshore,2026-08-13T16:47:47Z
2026-08-13T16:46:02Z,2026-08-13T18:46:02+0200,bbadff40-465f-4669-a5ab-d3c11bbfaf39,2026-07-14T07:30:00Z,2026-07-14T09:30:00+0200,1609.53,MW,FR,FR,actual_onshore_wind_generation,Wind Onshore,2026-08-13T16:47:47Z
2026-08-13T16:46:02Z,2026-08-13T18:46:02+0200,bbadff40-465f-4669-a5ab-d3c11bbfaf39,2026-07-14T07:45:00Z,2026-07-14T09:45:00+0200,1533.48,MW,FR,FR,actual_onshore_wind_generation,Wind Onshore,2026-08-13T16:47:47Z
2026-08-13T16:46:02Z,2026-08-13T18:46:02+0200,bbadff40-465f-4669-a5ab-d3c11bbfaf39,2026-07-14T08:00:00Z,2026-07-14T10:00:00+0200,1462.19,MW,FR,FR,actual_onshore_wind_generation,Wind Onshore,2026-08-13T16:47:47Z
2026-08-13T16:46:02Z,2026-08-13T18:46:02+0200,bbadff40-465f-4669-a5ab-d3c11bbfaf39,2026-07-14T08:15:00Z,2026-07-14T10:15:00+0200,1422.19,MW,FR,FR,actual_onshore_wind_generation,Wind Onshore,2026-08-13T16:47:47Z
2026-08-13T16:46:02Z,2026-08-13T18:46:02+0200,bbadff40-465f-4669-a5ab-d3c11bbfaf39,2026-07-14T08:30:00Z,2026-07-14T10:30:00+0200,1410.11,MW,FR,FR,actual_onshore_wind_generation,Wind Onshore,2026-08-13T16:47:47Z
2026-08-13T16:46:02Z,2026-08-13T18:46:02+0200,bbadff40-465f-4669-a5ab-d3c11bbfaf39,2026-07-14T08:45:00Z,2026-07-14T10:45:00+0200,1376.41,MW,FR,FR,actual_onshore_wind_generation,Wind Onshore,2026-08-13T16:47:47Z
2026-08-13T16:46:02Z,2026-08-13T18:46:02+0200,bbadff40-465f-4669-a5ab-d3c11bbfaf39,2026-07-14T09:00:00Z,2026-07-14T11:00:00+0200,1385.35,MW,FR,FR,actual_onshore_wind_generation,Wind Onshore,2026-08-13T16:47:47Z
2026-08-13T16:46:02Z,2026-08-13T18:46:02+0200,bbadff40-465f-4669-a5ab-d3c11bbfaf39,2026-07-14T09:15:00Z,2026-07-14T11:15:00+0200,1384.5,MW,FR,FR,actual_onshore_wind_generation,Wind Onshore,2026-08-13T16:47:47Z
2026-08-13T16:46:02Z,2026-08-13T18:46:02+0200,bbadff40-465f-4669-a5ab-d3c11bbfaf39,2026-07-14T09:30:00Z,2026-07-14T11:30:00+0200,1393.6,MW,FR,FR,actual_onshore_wind_generation,Wind Onshore,2026-08-13T16:47:47Z
2026-08-13T16:46:02Z,2026-08-13T18:46:02+0200,bbadff40-465f-4669-a5ab-d3c11bbfaf39,2026-07-14T09:45:00Z,2026-07-14T11:45:00+0200,1376.84,MW,FR,FR,actual_onshore_wind_generation,Wind Onshore,2026-08-13T16:47:47Z
2026-08-13T16:46:02Z,2026-08-13T18:46:02+0200,bbadff40-465f-4669-a5ab-d3c11bbfaf39,2026-07-14T10:00:00Z,2026-07-14T12:00:00+0200,1423.35,MW,FR,FR,actual_onshore_wind_generation,Wind Onshore,2026-08-13T16:47:47Z
2026-08-13T16:46:02Z,2026-08-13T18:46:02+0200,bbadff40-465f-4669-a5ab-d3c11bbfaf39,2026-07-14T10:15:00Z,2026-07-14T12:15:00+0200,1483.44,MW,FR,FR,actual_onshore_wind_generation,Wind Onshore,2026-08-13T16:47:47Z
2026-08-13T16:46:02Z,2026-08-13T18:46:02+0200,bbadff40-465f-4669-a5ab-d3c11bbfaf39,2026-07-14T10:30:00Z,2026-07-14T12:30:00+0200,1520.41,MW,FR,FR,actual_onshore_wind_generation,Wind Onshore,2026-08-13T16:47:47Z
2026-08-13T16:46:02Z,2026-08-13T18:46:02+0200,bbadff40-465f-4669-a5ab-d3c11bbfaf39,2026-07-14T10:45:00Z,2026-07-14T12:45:00+0200,1553.64,MW,FR,FR,actual_onshore_wind_generation,Wind Onshore,2026-08-13T16:47:47Z
2026-08-13T16:46:02Z,2026-08-13T18:46:02+0200,bbadff40-465f-4669-a5ab-d3c11bbfaf39,2026-07-14T11:00:00Z,2026-07-14T13:00:00+0200,1553.76,MW,FR,FR,actual_onshore_wind_generation,Wind Onshore,2026-08-13T16:47:47Z
2026-08-13T16:46:02Z,2026-08-13T18:46:02+0200,bbadff40-465f-4669-a5ab-d3c11bbfaf39,2026-07-14T11:15:00Z,2026-07-14T13:15:00+0200,1529.89,MW,FR,FR,actual_onshore_wind_generation,Wind Onshore,2026-08-13T16:47:47Z
2026-08-13T16:46:02Z,2026-08-13T18:46:02+0200,bbadff40-465f-4669-a5ab-d3c11bbfaf39,2026-07-14T11:30:00Z,2026-07-14T13:30:00+0200,1520.74,MW,FR,FR,actual_onshore_wind_generation,Wind Onshore,2026-08-13T16:47:47Z
2026-08-13T16:46:02Z,2026-08-13T18:46:02+0200,bbadff40-465f-4669-a5ab-d3c11bbfaf39,2026-07-14T11:45:00Z,2026-07-14T13:45:00+0200,1554.31,MW,FR,FR,actual_onshore_wind_generation,Wind Onshore,2026-08-13T16:47:47Z
2026-08-13T16:46:02Z,2026-08-13T18:46:02+0200,bbadff40-465f-4669-a5ab-d3c11bbfaf39,2026-07-14T12:00:00Z,2026-07-14T14:00:00+0200,1585.33,MW,FR,FR,actual_onshore_wind_generation,Wind Onshore,2026-08-13T16:47:47Z
2026-08-13T16:46:02Z,2026-08-13T18:46:02+0200,bbadff40-465f-4669-a5ab-d3c11bbfaf39,2026-07-14T12:15:00Z,2026-07-14T14:15:00+0200,1619.34,MW,FR,FR,actual_onshore_wind_generation,Wind Onshore,2026-08-13T16:47:47Z
2026-08-13T16:46:02Z,2026-08-13T18:46:02+0200,bbadff40-465f-4669-a5ab-d3c11bbfaf39,2026-07-14T12:30:00Z,2026-07-14T14:30:00+0200,1677.98,MW,FR,FR,actual_onshore_wind_generation,Wind Onshore,2026-08-13T16:47:47Z
2026-08-13T16:46:02Z,2026-08-13T18:46:02+0200,bbadff40-465f-4669-a5ab-d3c11bbfaf39,2026-07-14T12:45:00Z,2026-07-14T14:45:00+0200,1684.53,MW,FR,FR,actual_onshore_wind_generation,Wind Onshore,2026-08-13T16:47:47Z
2026-08-13T16:46:02Z,2026-08-13T18:46:02+0200,bbadff40-465f-4669-a5ab-d3c11bbfaf39,2026-07-14T13:00:00Z,2026-07-14T15:00:00+0200,1666.14,MW,FR,FR,actual_onshore_wind_generation,Wind Onshore,2026-08-13T16:47:47Z
2026-08-13T16:46:02Z,2026-08-13T18:46:02+0200,bbadff40-465f-4669-a5ab-d3c11bbfaf39,2026-07-14T13:15:00Z,2026-07-14T15:15:00+0200,1632.31,MW,FR,FR,actual_onshore_wind_generation,Wind Onshore,2026-08-13T16:47:47Z
2026-08-13T16:46:02Z,2026-08-13T18:46:02+0200,bbadff40-465f-4669-a5ab-d3c11bbfaf39,2026-07-14T13:30:00Z,2026-07-14T15:30:00+0200,1605.83,MW,FR,FR,actual_onshore_wind_generation,Wind Onshore,2026-08-13T16:47:47Z
2026-08-13T16:46:02Z,2026-08-13T18:46:02+0200,bbadff40-465f-4669-a5ab-d3c11bbfaf39,2026-07-14T13:45:00Z,2026-07-14T15:45:00+0200,1578.17,MW,FR,FR,actual_onshore_wind_generation,Wind Onshore,2026-08-13T16:47:47Z
2026-08-13T16:46:02Z,2026-08-13T18:46:02+0200,bbadff40-465f-4669-a5ab-d3c11bbfaf39,2026-07-14T14:00:00Z,2026-07-14T16:00:00+0200,1528.79,MW,FR,FR,actual_onshore_wind_generation,Wind Onshore,2026-08-13T16:47:47Z
2026-08-13T16:46:02Z,2026-08-13T18:46:02+0200,bbadff40-465f-4669-a5ab-d3c11bbfaf39,2026-07-14T14:15:00Z,2026-07-14T16:15:00+0200,1497.23,MW,FR,FR,actual_onshore_wind_generation,Wind Onshore,2026-08-13T16:47:47Z
2026-08-13T16:46:02Z,2026-08-13T18:46:02+0200,bbadff40-465f-4669-a5ab-d3c11bbfaf39,2026-07-14T14:30:00Z,2026-07-14T16:30:00+0200,1458.21,MW,FR,FR,actual_onshore_wind_generation,Wind Onshore,2026-08-13T16:47:47Z
2026-08-13T16:46:02Z,2026-08-13T18:46:02+0200,bbadff40-465f-4669-a5ab-d3c11bbfaf39,2026-07-14T14:45:00Z,2026-07-14T16:45:00+0200,1417.82,MW,FR,FR,actual_onshore_wind_generation,Wind Onshore,2026-08-13T16:47:47Z
2026-08-13T16:46:02Z,2026-08-13T18:46:02+0200,bbadff40-465f-4669-a5ab-d3c11bbfaf39,2026-07-14T15:00:00Z,2026-07-14T17:00:00+0200,1426.13,MW,FR,FR,actual_onshore_wind_generation,Wind Onshore,2026-08-13T16:47:47Z
2026-08-13T16:46:02Z,2026-08-13T18:46:02+0200,bbadff40-465f-4669-a5ab-d3c11bbfaf39,2026-07-14T15:15:00Z,2026-07-14T17:15:00+0200,1483.53,MW,FR,FR,actual_onshore_wind_generation,Wind Onshore,2026-08-13T16:47:47Z
2026-08-13T16:46:02Z,2026-08-13T18:46:02+0200,bbadff40-465f-4669-a5ab-d3c11bbfaf39,2026-07-14T15:30:00Z,2026-07-14T17:30:00+0200,1483.47,MW,FR,FR,actual_onshore_wind_generation,Wind Onshore,2026-08-13T16:47:47Z
2026-08-13T16:46:02Z,2026-08-13T18:46:02+0200,bbadff40-465f-4669-a5ab-d3c11bbfaf39,2026-07-14T15:45:00Z,2026-07-14T17:45:00+0200,1498.86,MW,FR,FR,actual_onshore_wind_generation,Wind Onshore,2026-08-13T16:47:47Z
2026-08-13T16:46:02Z,2026-08-13T18:46:02+0200,bbadff40-465f-4669-a5ab-d3c11bbfaf39,2026-07-14T16:00:00Z,2026-07-14T18:00:00+0200,1520.56,MW,FR,FR,actual_onshore_wind_generation,Wind Onshore,2026-08-13T16:47:47Z
2026-08-13T16:46:02Z,2026-08-13T18:46:02+0200,bbadff40-465f-4669-a5ab-d3c11bbfaf39,2026-07-14T16:15:00Z,2026-07-14T18:15:00+0200,1627.8,MW,FR,FR,actual_onshore_wind_generation,Wind Onshore,2026-08-13T16:47:47Z
2026-08-13T16:46:02Z,2026-08-13T18:46:02+0200,bbadff40-465f-4669-a5ab-d3c11bbfaf39,2026-07-14T16:30:00Z,2026-07-14T18:30:00+0200,1704.34,MW,FR,FR,actual_onshore_wind_generation,Wind Onshore,2026-08-13T16:47:47Z
2026-08-13T16:46:02Z,2026-08-13T18:46:02+0200,bbadff40-465f-4669-a5ab-d3c11bbfaf39,2026-07-14T16:45:00Z,2026-07-14T18:45:00+0200,1774.08,MW,FR,FR,actual_onshore_wind_generation,Wind Onshore,2026-08-13T16:47:47Z
2026-08-13T16:46:02Z,2026-08-13T18:46:02+0200,bbadff40-465f-4669-a5ab-d3c11bbfaf39,2026-07-14T17:00:00Z,2026-07-14T19:00:00+0200,1835.21,MW,FR,FR,actual_onshore_wind_generation,Wind Onshore,2026-08-13T16:47:47Z
2026-08-13T16:46:02Z,2026-08-13T18:46:02+0200,bbadff40-465f-4669-a5ab-d3c11bbfaf39,2026-07-14T17:15:00Z,2026-07-14T19:15:00+0200,1887.91,MW,FR,FR,actual_onshore_wind_generation,Wind Onshore,2026-08-13T16:47:47Z
2026-08-13T16:46:02Z,2026-08-13T18:46:02+0200,bbadff40-465f-4669-a5ab-d3c11bbfaf39,2026-07-14T17:30:00Z,2026-07-14T19:30:00+0200,1946.2,MW,FR,FR,actual_onshore_wind_generation,Wind Onshore,2026-08-13T16:47:47Z
2026-08-13T16:46:02Z,2026-08-13T18:46:02+0200,bbadff40-465f-4669-a5ab-d3c11bbfaf39,2026-07-14T17:45:00Z,2026-07-14T19:45:00+0200,2041.34,MW,FR,FR,actual_onshore_wind_generation,Wind Onshore,2026-08-13T16:47:47Z
2026-08-13T16:46:02Z,2026-08-13T18:46:02+0200,bbadff40-465f-4669-a5ab-d3c11bbfaf39,2026-07-14T18:00:00Z,2026-07-14T20:00:00+0200,2101.47,MW,FR,FR,actual_onshore_wind_generation,Wind Onshore,2026-08-13T16:47:47Z
2026-08-13T16:46:02Z,2026-08-13T18:46:02+0200,bbadff40-465f-4669-a5ab-d3c11bbfaf39,2026-07-14T18:15:00Z,2026-07-14T20:15:00+0200,2193.38,MW,FR,FR,actual_onshore_wind_generation,Wind Onshore,2026-08-13T16:47:47Z
2026-08-13T16:46:02Z,2026-08-13T18:46:02+0200,bbadff40-465f-4669-a5ab-d3c11bbfaf39,2026-07-14T18:30:00Z,2026-07-14T20:30:00+0200,2305.12,MW,FR,FR,actual_onshore_wind_generation,Wind Onshore,2026-08-13T16:47:47Z
2026-08-13T16:46:02Z,2026-08-13T18:46:02+0200,bbadff40-465f-4669-a5ab-d3c11bbfaf39,2026-07-14T18:45:00Z,2026-07-14T20:45:00+0200,2380.19,MW,FR,FR,actual_onshore_wind_generation,Wind Onshore,2026-08-13T16:47:47Z
2026-08-13T16:46:02Z,2026-08-13T18:46:02+0200,bbadff40-465f-4669-a5ab-d3c11bbfaf39,2026-07-14T19:00:00Z,2026-07-14T21:00:00+0200,2547.87,MW,FR,FR,actual_onshore_wind_generation,Wind Onshore,2026-08-13T16:47:47Z
2026-08-13T16:46:02Z,2026-08-13T18:46:02+0200,bbadff40-465f-4669-a5ab-d3c11bbfaf39,2026-07-14T19:15:00Z,2026-07-14T21:15:00+0200,2767.31,MW,FR,FR,actual_onshore_wind_generation,Wind Onshore,2026-08-13T16:47:47Z
2026-08-13T16:46:02Z,2026-08-13T18:46:02+0200,bbadff40-465f-4669-a5ab-d3c11bbfaf39,2026-07-14T19:30:00Z,2026-07-14T21:30:00+0200,3113.46,MW,FR,FR,actual_onshore_wind_generation,Wind Onshore,2026-08-13T16:47:47Z
2026-08-13T16:46:02Z,2026-08-13T18:46:02+0200,bbadff40-465f-4669-a5ab-d3c11bbfaf39,2026-07-14T19:45:00Z,2026-07-14T21:45:00+0200,3502.27,MW,FR,FR,actual_onshore_wind_generation,Wind Onshore,2026-08-13T16:47:47Z
2026-08-13T16:46:02Z,2026-08-13T18:46:02+0200,bbadff40-465f-4669-a5ab-d3c11bbfaf39,2026-07-14T20:00:00Z,2026-07-14T22:00:00+0200,3763.67,MW,FR,FR,actual_onshore_wind_generation,Wind Onshore,2026-08-13T16:47:47Z
2026-08-13T16:46:02Z,2026-08-13T18:46:02+0200,bbadff40-465f-4669-a5ab-d3c11bbfaf39,2026-07-14T20:15:00Z,2026-07-14T22:15:00+0200,4091.63,MW,FR,FR,actual_onshore_wind_generation,Wind Onshore,2026-08-13T16:47:47Z
2026-08-13T16:46:02Z,2026-08-13T18:46:02+0200,bbadff40-465f-4669-a5ab-d3c11bbfaf39,2026-07-14T20:30:00Z,2026-07-14T22:30:00+0200,4430.12,MW,FR,FR,actual_onshore_wind_generation,Wind Onshore,2026-08-13T16:47:47Z
2026-08-13T16:46:02Z,2026-08-13T18:46:02+0200,bbadff40-465f-4669-a5ab-d3c11bbfaf39,2026-07-14T20:45:00Z,2026-07-14T22:45:00+0200,4648.77,MW,FR,FR,actual_onshore_wind_generation,Wind Onshore,2026-08-13T16:47:47Z
2026-08-13T16:46:02Z,2026-08-13T18:46:02+0200,bbadff40-465f-4669-a5ab-d3c11bbfaf39,2026-07-14T21:00:00Z,2026-07-14T23:00:00+0200,4772.59,MW,FR,FR,actual_onshore_wind_generation,Wind Onshore,2026-08-13T16:47:47Z
2026-08-13T16:46:02Z,2026-08-13T18:46:02+0200,bbadff40-465f-4669-a5ab-d3c11bbfaf39,2026-07-14T21:15:00Z,2026-07-14T23:15:00+0200,4982.45,MW,FR,FR,actual_onshore_wind_generation,Wind Onshore,2026-08-13T16:47:47Z
2026-08-13T16:46:02Z,2026-08-13T18:46:02+0200,bbadff40-465f-4669-a5ab-d3c11bbfaf39,2026-07-14T21:30:00Z,2026-07-14T23:30:00+0200,4928.91,MW,FR,FR,actual_onshore_wind_generation,Wind Onshore,2026-08-13T16:47:47Z
2026-08-13T16:46:02Z,2026-08-13T18:46:02+0200,bbadff40-465f-4669-a5ab-d3c11bbfaf39,2026-07-14T21:45:00Z,2026-07-14T23:45:00+0200,5071.12,MW,FR,FR,actual_onshore_wind_generation,Wind Onshore,2026-08-13T16:47:47Z
2026-08-13T16:46:02Z,2026-08-13T18:46:02+0200,bbadff40-465f-4669-a5ab-d3c11bbfaf39,2026-07-14T22:00:00Z,2026-07-15T00:00:00+0200,5160.76,MW,FR,FR,actual_onshore_wind_generation,Wind Onshore,2026-08-13T16:47:47Z
2026-08-13T16:46:02Z,2026-08-13T18:46:02+0200,bbadff40-465f-4669-a5ab-d3c11bbfaf39,2026-07-14T22:15:00Z,2026-07-15T00:15:00+0200,5215.41,MW,FR,FR,actual_onshore_wind_generation,Wind Onshore,2026-08-13T16:47:47Z
2026-08-13T16:46:02Z,2026-08-13T18:46:02+0200,bbadff40-465f-4669-a5ab-d3c11bbfaf39,2026-07-14T22:30:00Z,2026-07-15T00:30:00+0200,5211.64,MW,FR,FR,actual_onshore_wind_generation,Wind Onshore,2026-08-13T16:47:47Z
2026-08-13T16:46:02Z,2026-08-13T18:46:02+0200,bbadff40-465f-4669-a5ab-d3c11bbfaf39,2026-07-14T22:45:00Z,2026-07-15T00:45:00+0200,5137.57,MW,FR,FR,actual_onshore_wind_generation,Wind Onshore,2026-08-13T16:47:47Z
2026-08-13T16:46:02Z,2026-08-13T18:46:02+0200,bbadff40-465f-4669-a5ab-d3c11bbfaf39,2026-07-14T23:00:00Z,2026-07-15T01:00:00+0200,5170.94,MW,FR,FR,actual_onshore_wind_generation,Wind Onshore,2026-08-13T16:47:47Z
2026-08-13T16:46:02Z,2026-08-13T18:46:02+0200,bbadff40-465f-4669-a5ab-d3c11bbfaf39,2026-07-14T23:15:00Z,2026-07-15T01:15:00+0200,5105.62,MW,FR,FR,actual_onshore_wind_generation,Wind Onshore,2026-08-13T16:47:47Z
2026-08-13T16:46:02Z,2026-08-13T18:46:02+0200,bbadff40-465f-4669-a5ab-d3c11bbfaf39,2026-07-14T23:30:00Z,2026-07-15T01:30:00+0200,5057.57,MW,FR,FR,actual_onshore_wind_generation,Wind Onshore,2026-08-13T16:47:47Z
2026-08-13T16:46:02Z,2026-08-13T18:46:02+0200,bbadff40-465f-4669-a5ab-d3c11bbfaf39,2026-07-14T23:45:00Z,2026-07-15T01:45:00+0200,5023.79,MW,FR,FR,actual_onshore_wind_generation,Wind Onshore,2026-08-13T16:47:47Z
2026-08-13T16:46:02Z,2026-08-13T18:46:02+0200,bbadff40-465f-4669-a5ab-d3c11bbfaf39,2026-07-15T00:00:00Z,2026-07-15T02:00:00+0200,4998.26,MW,FR,FR,actual_onshore_wind_generation,Wind Onshore,2026-08-13T16:47:47Z
2026-08-13T16:46:02Z,2026-08-13T18:46:02+0200,bbadff40-465f-4669-a5ab-d3c11bbfaf39,2026-07-15T00:15:00Z,2026-07-15T02:15:00+0200,4897.66,MW,FR,FR,actual_onshore_wind_generation,Wind Onshore,2026-08-13T16:47:47Z
2026-08-13T16:46:02Z,2026-08-13T18:46:02+0200,bbadff40-465f-4669-a5ab-d3c11bbfaf39,2026-07-15T00:30:00Z,2026-07-15T02:30:00+0200,4770.23,MW,FR,FR,actual_onshore_wind_generation,Wind Onshore,2026-08-13T16:47:47Z
2026-08-13T16:46:02Z,2026-08-13T18:46:02+0200,bbadff40-465f-4669-a5ab-d3c11bbfaf39,2026-07-15T00:45:00Z,2026-07-15T02:45:00+0200,4685.04,MW,FR,FR,actual_onshore_wind_generation,Wind Onshore,2026-08-13T16:47:47Z
2026-08-13T16:46:02Z,2026-08-13T18:46:02+0200,bbadff40-465f-4669-a5ab-d3c11bbfaf39,2026-07-15T01:00:00Z,2026-07-15T03:00:00+0200,4597.0,MW,FR,FR,actual_onshore_wind_generation,Wind Onshore,2026-08-13T16:47:47Z
2026-08-13T16:46:02Z,2026-08-13T18:46:02+0200,bbadff40-465f-4669-a5ab-d3c11bbfaf39,2026-07-15T01:15:00Z,2026-07-15T03:15:00+0200,4488.68,MW,FR,FR,actual_onshore_wind_generation,Wind Onshore,2026-08-13T16:47:47Z
2026-08-13T16:46:02Z,2026-08-13T18:46:02+0200,bbadff40-465f-4669-a5ab-d3c11bbfaf39,2026-07-15T01:30:00Z,2026-07-15T03:30:00+0200,4378.29,MW,FR,FR,actual_onshore_wind_generation,Wind Onshore,2026-08-13T16:47:47Z
2026-08-13T16:46:02Z,2026-08-13T18:46:02+0200,bbadff40-465f-4669-a5ab-d3c11bbfaf39,2026-07-15T01:45:00Z,2026-07-15T03:45:00+0200,4263.42,MW,FR,FR,actual_onshore_wind_generation,Wind Onshore,2026-08-13T16:47:47Z
2026-08-13T16:46:02Z,2026-08-13T18:46:02+0200,bbadff40-465f-4669-a5ab-d3c11bbfaf39,2026-07-15T02:00:00Z,2026-07-15T04:00:00+0200,4274.47,MW,FR,FR,actual_onshore_wind_generation,Wind Onshore,2026-08-13T16:47:47Z
2026-08-13T16:46:02Z,2026-08-13T18:46:02+0200,bbadff40-465f-4669-a5ab-d3c11bbfaf39,2026-07-15T02:15:00Z,2026-07-15T04:15:00+0200,4258.02,MW,FR,FR,actual_onshore_wind_generation,Wind Onshore,2026-08-13T16:47:47Z
2026-08-13T16:46:02Z,2026-08-13T18:46:02+0200,bbadff40-465f-4669-a5ab-d3c11bbfaf39,2026-07-15T02:30:00Z,2026-07-15T04:30:00+0200,4178.5,MW,FR,FR,actual_onshore_wind_generation,Wind Onshore,2026-08-13T16:47:47Z
2026-08-13T16:46:02Z,2026-08-13T18:46:02+0200,bbadff40-465f-4669-a5ab-d3c11bbfaf39,2026-07-15T02:45:00Z,2026-07-15T04:45:00+0200,4059.08,MW,FR,FR,actual_onshore_wind_generation,Wind Onshore,2026-08-13T16:47:47Z
2026-08-13T16:46:02Z,2026-08-13T18:46:02+0200,bbadff40-465f-4669-a5ab-d3c11bbfaf39,2026-07-15T03:00:00Z,2026-07-15T05:00:00+0200,4041.9,MW,FR,FR,actual_onshore_wind_generation,Wind Onshore,2026-08-13T16:47:47Z
2026-08-13T16:46:02Z,2026-08-13T18:46:02+0200,bbadff40-465f-4669-a5ab-d3c11bbfaf39,2026-07-15T03:15:00Z,2026-07-15T05:15:00+0200,4198.2,MW,FR,FR,actual_onshore_wind_generation,Wind Onshore,2026-08-13T16:47:47Z
2026-08-13T16:46:02Z,2026-08-13T18:46:02+0200,bbadff40-465f-4669-a5ab-d3c11bbfaf39,2026-07-15T03:30:00Z,2026-07-15T05:30:00+0200,4327.99,MW,FR,FR,actual_onshore_wind_generation,Wind Onshore,2026-08-13T16:47:47Z
2026-08-13T16:46:02Z,2026-08-13T18:46:02+0200,bbadff40-465f-4669-a5ab-d3c11bbfaf39,2026-07-15T03:45:00Z,2026-07-15T05:45:00+0200,4446.86,MW,FR,FR,actual_onshore_wind_generation,Wind Onshore,2026-08-13T16:47:47Z
2026-08-13T16:46:02Z,2026-08-13T18:46:02+0200,bbadff40-465f-4669-a5ab-d3c11bbfaf39,2026-07-15T04:00:00Z,2026-07-15T06:00:00+0200,4510.72,MW,FR,FR,actual_onshore_wind_generation,Wind Onshore,2026-08-13T16:47:47Z
2026-08-13T16:46:02Z,2026-08-13T18:46:02+0200,bbadff40-465f-4669-a5ab-d3c11bbfaf39,2026-07-15T04:15:00Z,2026-07-15T06:15:00+0200,4634.49,MW,FR,FR,actual_onshore_wind_generation,Wind Onshore,2026-08-13T16:47:47Z
2026-08-13T16:46:02Z,2026-08-13T18:46:02+0200,bbadff40-465f-4669-a5ab-d3c11bbfaf39,2026-07-15T04:30:00Z,2026-07-15T06:30:00+0200,4627.64,MW,FR,FR,actual_onshore_wind_generation,Wind Onshore,2026-08-13T16:47:47Z
2026-08-13T16:46:02Z,2026-08-13T18:46:02+0200,bbadff40-465f-4669-a5ab-d3c11bbfaf39,2026-07-15T04:45:00Z,2026-07-15T06:45:00+0200,4504.01,MW,FR,FR,actual_onshore_wind_generation,Wind Onshore,2026-08-13T16:47:47Z
2026-08-13T16:46:02Z,2026-08-13T18:46:02+0200,bbadff40-465f-4669-a5ab-d3c11bbfaf39,2026-07-15T05:00:00Z,2026-07-15T07:00:00+0200,4428.38,MW,FR,FR,actual_onshore_wind_generation,Wind Onshore,2026-08-13T16:47:47Z
2026-08-13T16:46:02Z,2026-08-13T18:46:02+0200,bbadff40-465f-4669-a5ab-d3c11bbfaf39,2026-07-15T05:15:00Z,2026-07-15T07:15:00+0200,4188.53,MW,FR,FR,actual_onshore_wind_generation,Wind Onshore,2026-08-13T16:47:47Z
2026-08-13T16:46:02Z,2026-08-13T18:46:02+0200,bbadff40-465f-4669-a5ab-d3c11bbfaf39,2026-07-15T05:30:00Z,2026-07-15T07:30:00+0200,3684.16,MW,FR,FR,actual_onshore_wind_generation,Wind Onshore,2026-08-13T16:47:47Z
2026-08-13T16:46:02Z,2026-08-13T18:46:02+0200,bbadff40-465f-4669-a5ab-d3c11bbfaf39,2026-07-15T05:45:00Z,2026-07-15T07:45:00+0200,3431.72,MW,FR,FR,actual_onshore_wind_generation,Wind Onshore,2026-08-13T16:47:47Z
2026-08-13T16:46:02Z,2026-08-13T18:46:02+0200,bbadff40-465f-4669-a5ab-d3c11bbfaf39,2026-07-15T06:00:00Z,2026-07-15T08:00:00+0200,3200.2,MW,FR,FR,actual_onshore_wind_generation,Wind Onshore,2026-08-13T16:47:47Z
2026-08-13T16:46:02Z,2026-08-13T18:46:02+0200,bbadff40-465f-4669-a5ab-d3c11bbfaf39,2026-07-15T06:15:00Z,2026-07-15T08:15:00+0200,2844.25,MW,FR,FR,actual_onshore_wind_generation,Wind Onshore,2026-08-13T16:47:47Z
2026-08-13T16:46:02Z,2026-08-13T18:46:02+0200,bbadff40-465f-4669-a5ab-d3c11bbfaf39,2026-07-15T06:30:00Z,2026-07-15T08:30:00+0200,2546.52,MW,FR,FR,actual_onshore_wind_generation,Wind Onshore,2026-08-13T16:47:47Z
2026-08-13T16:46:02Z,2026-08-13T18:46:02+0200,bbadff40-465f-4669-a5ab-d3c11bbfaf39,2026-07-15T06:45:00Z,2026-07-15T08:45:00+0200,2446.08,MW,FR,FR,actual_onshore_wind_generation,Wind Onshore,2026-08-13T16:47:47Z
2026-08-13T16:46:02Z,2026-08-13T18:46:02+0200,bbadff40-465f-4669-a5ab-d3c11bbfaf39,2026-07-15T07:00:00Z,2026-07-15T09:00:00+0200,2230.13,MW,FR,FR,actual_onshore_wind_generation,Wind Onshore,2026-08-13T16:47:47Z
2026-08-13T16:46:02Z,2026-08-13T18:46:02+0200,bbadff40-465f-4669-a5ab-d3c11bbfaf39,2026-07-15T07:15:00Z,2026-07-15T09:15:00+0200,2113.51,MW,FR,FR,actual_onshore_wind_generation,Wind Onshore,2026-08-13T16:47:47Z
2026-08-13T16:46:02Z,2026-08-13T18:46:02+0200,bbadff40-465f-4669-a5ab-d3c11bbfaf39,2026-07-15T07:30:00Z,2026-07-15T09:30:00+0200,2052.09,MW,FR,FR,actual_onshore_wind_generation,Wind Onshore,2026-08-13T16:47:47Z
2026-08-13T16:46:02Z,2026-08-13T18:46:02+0200,bbadff40-465f-4669-a5ab-d3c11bbfaf39,2026-07-15T07:45:00Z,2026-07-15T09:45:00+0200,2008.65,MW,FR,FR,actual_onshore_wind_generation,Wind Onshore,2026-08-13T16:47:47Z
2026-08-13T16:46:02Z,2026-08-13T18:46:02+0200,bbadff40-465f-4669-a5ab-d3c11bbfaf39,2026-07-15T08:00:00Z,2026-07-15T10:00:00+0200,1974.92,MW,FR,FR,actual_onshore_wind_generation,Wind Onshore,2026-08-13T16:47:47Z
2026-08-13T16:46:02Z,2026-08-13T18:46:02+0200,bbadff40-465f-4669-a5ab-d3c11bbfaf39,2026-07-15T08:15:00Z,2026-07-15T10:15:00+0200,2096.55,MW,FR,FR,actual_onshore_wind_generation,Wind Onshore,2026-08-13T16:47:47Z
2026-08-13T16:46:02Z,2026-08-13T18:46:02+0200,bbadff40-465f-4669-a5ab-d3c11bbfaf39,2026-07-15T08:30:00Z,2026-07-15T10:30:00+0200,2344.73,MW,FR,FR,actual_onshore_wind_generation,Wind Onshore,2026-08-13T16:47:47Z
2026-08-13T16:46:02Z,2026-08-13T18:46:02+0200,bbadff40-465f-4669-a5ab-d3c11bbfaf39,2026-07-15T08:45:00Z,2026-07-15T10:45:00+0200,2639.64,MW,FR,FR,actual_onshore_wind_generation,Wind Onshore,2026-08-13T16:47:47Z
2026-08-13T16:46:02Z,2026-08-13T18:46:02+0200,bbadff40-465f-4669-a5ab-d3c11bbfaf39,2026-07-15T09:00:00Z,2026-07-15T11:00:00+0200,2779.47,MW,FR,FR,actual_onshore_wind_generation,Wind Onshore,2026-08-13T16:47:47Z
2026-08-13T16:46:02Z,2026-08-13T18:46:02+0200,bbadff40-465f-4669-a5ab-d3c11bbfaf39,2026-07-15T09:15:00Z,2026-07-15T11:15:00+0200,2976.36,MW,FR,FR,actual_onshore_wind_generation,Wind Onshore,2026-08-13T16:47:47Z
2026-08-13T16:46:02Z,2026-08-13T18:46:02+0200,bbadff40-465f-4669-a5ab-d3c11bbfaf39,2026-07-15T09:30:00Z,2026-07-15T11:30:00+0200,3124.8,MW,FR,FR,actual_onshore_wind_generation,Wind Onshore,2026-08-13T16:47:47Z
2026-08-13T16:46:02Z,2026-08-13T18:46:02+0200,bbadff40-465f-4669-a5ab-d3c11bbfaf39,2026-07-15T09:45:00Z,2026-07-15T11:45:00+0200,3288.13,MW,FR,FR,actual_onshore_wind_generation,Wind Onshore,2026-08-13T16:47:47Z
2026-08-13T16:46:02Z,2026-08-13T18:46:02+0200,bbadff40-465f-4669-a5ab-d3c11bbfaf39,2026-07-15T10:00:00Z,2026-07-15T12:00:00+0200,3421.73,MW,FR,FR,actual_onshore_wind_generation,Wind Onshore,2026-08-13T16:47:47Z
2026-08-13T16:46:02Z,2026-08-13T18:46:02+0200,bbadff40-465f-4669-a5ab-d3c11bbfaf39,2026-07-15T10:15:00Z,2026-07-15T12:15:00+0200,3549.68,MW,FR,FR,actual_onshore_wind_generation,Wind Onshore,2026-08-13T16:47:47Z
2026-08-13T16:46:02Z,2026-08-13T18:46:02+0200,bbadff40-465f-4669-a5ab-d3c11bbfaf39,2026-07-15T10:30:00Z,2026-07-15T12:30:00+0200,3646.85,MW,FR,FR,actual_onshore_wind_generation,Wind Onshore,2026-08-13T16:47:47Z
2026-08-13T16:46:02Z,2026-08-13T18:46:02+0200,bbadff40-465f-4669-a5ab-d3c11bbfaf39,2026-07-15T10:45:00Z,2026-07-15T12:45:00+0200,3594.95,MW,FR,FR,actual_onshore_wind_generation,Wind Onshore,2026-08-13T16:47:47Z
2026-08-13T16:46:02Z,2026-08-13T18:46:02+0200,bbadff40-465f-4669-a5ab-d3c11bbfaf39,2026-07-15T11:00:00Z,2026-07-15T13:00:00+0200,3476.02,MW,FR,FR,actual_onshore_wind_generation,Wind Onshore,2026-08-13T16:47:47Z
2026-08-13T16:46:02Z,2026-08-13T18:46:02+0200,bbadff40-465f-4669-a5ab-d3c11bbfaf39,2026-07-15T11:15:00Z,2026-07-15T13:15:00+0200,3292.82,MW,FR,FR,actual_onshore_wind_generation,Wind Onshore,2026-08-13T16:47:47Z
2026-08-13T16:46:02Z,2026-08-13T18:46:02+0200,bbadff40-465f-4669-a5ab-d3c11bbfaf39,2026-07-15T11:30:00Z,2026-07-15T13:30:00+0200,3168.9,MW,FR,FR,actual_onshore_wind_generation,Wind Onshore,2026-08-13T16:47:47Z
2026-08-13T16:46:02Z,2026-08-13T18:46:02+0200,bbadff40-465f-4669-a5ab-d3c11bbfaf39,2026-07-15T11:45:00Z,2026-07-15T13:45:00+0200,2993.47,MW,FR,FR,actual_onshore_wind_generation,Wind Onshore,2026-08-13T16:47:47Z
2026-08-13T16:46:02Z,2026-08-13T18:46:02+0200,bbadff40-465f-4669-a5ab-d3c11bbfaf39,2026-07-15T12:00:00Z,2026-07-15T14:00:00+0200,2849.04,MW,FR,FR,actual_onshore_wind_generation,Wind Onshore,2026-08-13T16:47:47Z
2026-08-13T16:46:02Z,2026-08-13T18:46:02+0200,bbadff40-465f-4669-a5ab-d3c11bbfaf39,2026-07-15T12:15:00Z,2026-07-15T14:15:00+0200,2842.32,MW,FR,FR,actual_onshore_wind_generation,Wind Onshore,2026-08-13T16:47:47Z
2026-08-13T16:46:02Z,2026-08-13T18:46:02+0200,bbadff40-465f-4669-a5ab-d3c11bbfaf39,2026-07-15T12:30:00Z,2026-07-15T14:30:00+0200,2836.35,MW,FR,FR,actual_onshore_wind_generation,Wind Onshore,2026-08-13T16:47:47Z
2026-08-13T16:46:02Z,2026-08-13T18:46:02+0200,bbadff40-465f-4669-a5ab-d3c11bbfaf39,2026-07-15T12:45:00Z,2026-07-15T14:45:00+0200,2730.0,MW,FR,FR,actual_onshore_wind_generation,Wind Onshore,2026-08-13T16:47:47Z
2026-08-13T16:46:02Z,2026-08-13T18:46:02+0200,bbadff40-465f-4669-a5ab-d3c11bbfaf39,2026-07-15T13:00:00Z,2026-07-15T15:00:00+0200,2825.21,MW,FR,FR,actual_onshore_wind_generation,Wind Onshore,2026-08-13T16:47:47Z
2026-08-13T16:46:02Z,2026-08-13T18:46:02+0200,bbadff40-465f-4669-a5ab-d3c11bbfaf39,2026-07-15T13:15:00Z,2026-07-15T15:15:00+0200,2994.93,MW,FR,FR,actual_onshore_wind_generation,Wind Onshore,2026-08-13T16:47:47Z
2026-08-13T16:46:02Z,2026-08-13T18:46:02+0200,bbadff40-465f-4669-a5ab-d3c11bbfaf39,2026-07-15T13:30:00Z,2026-07-15T15:30:00+0200,3043.79,MW,FR,FR,actual_onshore_wind_generation,Wind Onshore,2026-08-13T16:47:47Z
2026-08-13T16:46:02Z,2026-08-13T18:46:02+0200,bbadff40-465f-4669-a5ab-d3c11bbfaf39,2026-07-15T13:45:00Z,2026-07-15T15:45:00+0200,3085.37,MW,FR,FR,actual_onshore_wind_generation,Wind Onshore,2026-08-13T16:47:47Z
2026-08-13T16:46:02Z,2026-08-13T18:46:02+0200,bbadff40-465f-4669-a5ab-d3c11bbfaf39,2026-07-15T14:00:00Z,2026-07-15T16:00:00+0200,3071.34,MW,FR,FR,actual_onshore_wind_generation,Wind Onshore,2026-08-13T16:47:47Z
2026-08-13T16:46:02Z,2026-08-13T18:46:02+0200,bbadff40-465f-4669-a5ab-d3c11bbfaf39,2026-07-15T14:15:00Z,2026-07-15T16:15:00+0200,3061.78,MW,FR,FR,actual_onshore_wind_generation,Wind Onshore,2026-08-13T16:47:47Z
2026-08-13T16:46:02Z,2026-08-13T18:46:02+0200,bbadff40-465f-4669-a5ab-d3c11bbfaf39,2026-07-15T14:30:00Z,2026-07-15T16:30:00+0200,3119.02,MW,FR,FR,actual_onshore_wind_generation,Wind Onshore,2026-08-13T16:47:47Z
2026-08-13T16:46:02Z,2026-08-13T18:46:02+0200,bbadff40-465f-4669-a5ab-d3c11bbfaf39,2026-07-15T14:45:00Z,2026-07-15T16:45:00+0200,3154.09,MW,FR,FR,actual_onshore_wind_generation,Wind Onshore,2026-08-13T16:47:47Z
2026-08-13T16:46:02Z,2026-08-13T18:46:02+0200,bbadff40-465f-4669-a5ab-d3c11bbfaf39,2026-07-15T15:00:00Z,2026-07-15T17:00:00+0200,3242.59,MW,FR,FR,actual_onshore_wind_generation,Wind Onshore,2026-08-13T16:47:47Z
2026-08-13T16:46:02Z,2026-08-13T18:46:02+0200,bbadff40-465f-4669-a5ab-d3c11bbfaf39,2026-07-15T15:15:00Z,2026-07-15T17:15:00+0200,3347.88,MW,FR,FR,actual_onshore_wind_generation,Wind Onshore,2026-08-13T16:47:47Z
2026-08-13T16:46:02Z,2026-08-13T18:46:02+0200,bbadff40-465f-4669-a5ab-d3c11bbfaf39,2026-07-15T15:30:00Z,2026-07-15T17:30:00+0200,3495.4,MW,FR,FR,actual_onshore_wind_generation,Wind Onshore,2026-08-13T16:47:47Z
2026-08-13T16:46:02Z,2026-08-13T18:46:02+0200,bbadff40-465f-4669-a5ab-d3c11bbfaf39,2026-07-15T15:45:00Z,2026-07-15T17:45:00+0200,3635.96,MW,FR,FR,actual_onshore_wind_generation,Wind Onshore,2026-08-13T16:47:47Z
2026-08-13T16:46:02Z,2026-08-13T18:46:02+0200,bbadff40-465f-4669-a5ab-d3c11bbfaf39,2026-07-15T16:00:00Z,2026-07-15T18:00:00+0200,3778.86,MW,FR,FR,actual_onshore_wind_generation,Wind Onshore,2026-08-13T16:47:47Z
2026-08-13T16:46:02Z,2026-08-13T18:46:02+0200,bbadff40-465f-4669-a5ab-d3c11bbfaf39,2026-07-15T16:15:00Z,2026-07-15T18:15:00+0200,3961.88,MW,FR,FR,actual_onshore_wind_generation,Wind Onshore,2026-08-13T16:47:47Z
2026-08-13T16:46:02Z,2026-08-13T18:46:02+0200,bbadff40-465f-4669-a5ab-d3c11bbfaf39,2026-07-15T16:30:00Z,2026-07-15T18:30:00+0200,4198.94,MW,FR,FR,actual_onshore_wind_generation,Wind Onshore,2026-08-13T16:47:47Z
2026-08-13T16:46:02Z,2026-08-13T18:46:02+0200,bbadff40-465f-4669-a5ab-d3c11bbfaf39,2026-07-15T16:45:00Z,2026-07-15T18:45:00+0200,4288.11,MW,FR,FR,actual_onshore_wind_generation,Wind Onshore,2026-08-13T16:47:47Z
2026-08-13T16:46:02Z,2026-08-13T18:46:02+0200,bbadff40-465f-4669-a5ab-d3c11bbfaf39,2026-07-15T17:00:00Z,2026-07-15T19:00:00+0200,4406.65,MW,FR,FR,actual_onshore_wind_generation,Wind Onshore,2026-08-13T16:47:47Z
2026-08-13T16:46:02Z,2026-08-13T18:46:02+0200,bbadff40-465f-4669-a5ab-d3c11bbfaf39,2026-07-15T17:15:00Z,2026-07-15T19:15:00+0200,4509.48,MW,FR,FR,actual_onshore_wind_generation,Wind Onshore,2026-08-13T16:47:47Z
2026-08-13T16:46:02Z,2026-08-13T18:46:02+0200,bbadff40-465f-4669-a5ab-d3c11bbfaf39,2026-07-15T17:30:00Z,2026-07-15T19:30:00+0200,4479.09,MW,FR,FR,actual_onshore_wind_generation,Wind Onshore,2026-08-13T16:47:47Z
2026-08-13T16:46:02Z,2026-08-13T18:46:02+0200,bbadff40-465f-4669-a5ab-d3c11bbfaf39,2026-07-15T17:45:00Z,2026-07-15T19:45:00+0200,4265.73,MW,FR,FR,actual_onshore_wind_generation,Wind Onshore,2026-08-13T16:47:47Z
2026-08-13T16:46:02Z,2026-08-13T18:46:02+0200,bbadff40-465f-4669-a5ab-d3c11bbfaf39,2026-07-15T18:00:00Z,2026-07-15T20:00:00+0200,4108.05,MW,FR,FR,actual_onshore_wind_generation,Wind Onshore,2026-08-13T16:47:47Z
2026-08-13T16:46:02Z,2026-08-13T18:46:02+0200,bbadff40-465f-4669-a5ab-d3c11bbfaf39,2026-07-15T18:15:00Z,2026-07-15T20:15:00+0200,3927.29,MW,FR,FR,actual_onshore_wind_generation,Wind Onshore,2026-08-13T16:47:47Z
2026-08-13T16:46:02Z,2026-08-13T18:46:02+0200,bbadff40-465f-4669-a5ab-d3c11bbfaf39,2026-07-15T18:30:00Z,2026-07-15T20:30:00+0200,3730.36,MW,FR,FR,actual_onshore_wind_generation,Wind Onshore,2026-08-13T16:47:47Z
2026-08-13T16:46:02Z,2026-08-13T18:46:02+0200,bbadff40-465f-4669-a5ab-d3c11bbfaf39,2026-07-15T18:45:00Z,2026-07-15T20:45:00+0200,3564.98,MW,FR,FR,actual_onshore_wind_generation,Wind Onshore,2026-08-13T16:47:47Z
2026-08-13T16:46:02Z,2026-08-13T18:46:02+0200,bbadff40-465f-4669-a5ab-d3c11bbfaf39,2026-07-15T19:00:00Z,2026-07-15T21:00:00+0200,3382.46,MW,FR,FR,actual_onshore_wind_generation,Wind Onshore,2026-08-13T16:47:47Z
2026-08-13T16:46:02Z,2026-08-13T18:46:02+0200,bbadff40-465f-4669-a5ab-d3c11bbfaf39,2026-07-15T19:15:00Z,2026-07-15T21:15:00+0200,3497.16,MW,FR,FR,actual_onshore_wind_generation,Wind Onshore,2026-08-13T16:47:47Z
2026-08-13T16:46:02Z,2026-08-13T18:46:02+0200,bbadff40-465f-4669-a5ab-d3c11bbfaf39,2026-07-15T19:30:00Z,2026-07-15T21:30:00+0200,3541.09,MW,FR,FR,actual_onshore_wind_generation,Wind Onshore,2026-08-13T16:47:47Z
2026-08-13T16:46:02Z,2026-08-13T18:46:02+0200,bbadff40-465f-4669-a5ab-d3c11bbfaf39,2026-07-15T19:45:00Z,2026-07-15T21:45:00+0200,3604.85,MW,FR,FR,actual_onshore_wind_generation,Wind Onshore,2026-08-13T16:47:47Z
2026-08-13T16:46:02Z,2026-08-13T18:46:02+0200,bbadff40-465f-4669-a5ab-d3c11bbfaf39,2026-07-15T20:00:00Z,2026-07-15T22:00:00+0200,3654.79,MW,FR,FR,actual_onshore_wind_generation,Wind Onshore,2026-08-13T16:47:47Z
2026-08-13T16:46:02Z,2026-08-13T18:46:02+0200,bbadff40-465f-4669-a5ab-d3c11bbfaf39,2026-07-15T20:15:00Z,2026-07-15T22:15:00+0200,3879.96,MW,FR,FR,actual_onshore_wind_generation,Wind Onshore,2026-08-13T16:47:47Z
2026-08-13T16:46:02Z,2026-08-13T18:46:02+0200,bbadff40-465f-4669-a5ab-d3c11bbfaf39,2026-07-15T20:30:00Z,2026-07-15T22:30:00+0200,4137.14,MW,FR,FR,actual_onshore_wind_generation,Wind Onshore,2026-08-13T16:47:47Z
2026-08-13T16:46:02Z,2026-08-13T18:46:02+0200,bbadff40-465f-4669-a5ab-d3c11bbfaf39,2026-07-15T20:45:00Z,2026-07-15T22:45:00+0200,4236.44,MW,FR,FR,actual_onshore_wind_generation,Wind Onshore,2026-08-13T16:47:47Z
2026-08-13T16:46:02Z,2026-08-13T18:46:02+0200,bbadff40-465f-4669-a5ab-d3c11bbfaf39,2026-07-15T21:00:00Z,2026-07-15T23:00:00+0200,4322.49,MW,FR,FR,actual_onshore_wind_generation,Wind Onshore,2026-08-13T16:47:47Z
2026-08-13T16:46:02Z,2026-08-13T18:46:02+0200,bbadff40-465f-4669-a5ab-d3c11bbfaf39,2026-07-15T21:15:00Z,2026-07-15T23:15:00+0200,4331.77,MW,FR,FR,actual_onshore_wind_generation,Wind Onshore,2026-08-13T16:47:47Z
2026-08-13T16:46:02Z,2026-08-13T18:46:02+0200,bbadff40-465f-4669-a5ab-d3c11bbfaf39,2026-07-15T21:30:00Z,2026-07-15T23:30:00+0200,4263.66,MW,FR,FR,actual_onshore_wind_generation,Wind Onshore,2026-08-13T16:47:47Z
2026-08-13T16:46:02Z,2026-08-13T18:46:02+0200,bbadff40-465f-4669-a5ab-d3c11bbfaf39,2026-07-15T21:45:00Z,2026-07-15T23:45:00+0200,4159.85,MW,FR,FR,actual_onshore_wind_generation,Wind Onshore,2026-08-13T16:47:47Z
2026-08-13T16:46:02Z,2026-08-13T18:46:02+0200,bbadff40-465f-4669-a5ab-d3c11bbfaf39,2026-07-15T22:00:00Z,2026-07-16T00:00:00+0200,4021.62,MW,FR,FR,actual_onshore_wind_generation,Wind Onshore,2026-08-13T16:47:47Z
2026-08-13T16:46:02Z,2026-08-13T18:46:02+0200,bbadff40-465f-4669-a5ab-d3c11bbfaf39,2026-07-15T22:15:00Z,2026-07-16T00:15:00+0200,3922.28,MW,FR,FR,actual_onshore_wind_generation,Wind Onshore,2026-08-13T16:47:47Z
2026-08-13T16:46:02Z,2026-08-13T18:46:02+0200,bbadff40-465f-4669-a5ab-d3c11bbfaf39,2026-07-15T22:30:00Z,2026-07-16T00:30:00+0200,3864.67,MW,FR,FR,actual_onshore_wind_generation,Wind Onshore,2026-08-13T16:47:47Z
2026-08-13T16:46:02Z,2026-08-13T18:46:02+0200,bbadff40-465f-4669-a5ab-d3c11bbfaf39,2026-07-15T22:45:00Z,2026-07-16T00:45:00+0200,3850.16,MW,FR,FR,actual_onshore_wind_generation,Wind Onshore,2026-08-13T16:47:47Z
2026-08-13T16:46:02Z,2026-08-13T18:46:02+0200,bbadff40-465f-4669-a5ab-d3c11bbfaf39,2026-07-15T23:00:00Z,2026-07-16T01:00:00+0200,3771.75,MW,FR,FR,actual_onshore_wind_generation,Wind Onshore,2026-08-13T16:47:47Z
2026-08-13T16:46:02Z,2026-08-13T18:46:02+0200,bbadff40-465f-4669-a5ab-d3c11bbfaf39,2026-07-15T23:15:00Z,2026-07-16T01:15:00+0200,3645.3,MW,FR,FR,actual_onshore_wind_generation,Wind Onshore,2026-08-13T16:47:47Z
2026-08-13T16:46:02Z,2026-08-13T18:46:02+0200,bbadff40-465f-4669-a5ab-d3c11bbfaf39,2026-07-15T23:30:00Z,2026-07-16T01:30:00+0200,3496.57,MW,FR,FR,actual_onshore_wind_generation,Wind Onshore,2026-08-13T16:47:47Z
2026-08-13T16:46:02Z,2026-08-13T18:46:02+0200,bbadff40-465f-4669-a5ab-d3c11bbfaf39,2026-07-15T23:45:00Z,2026-07-16T01:45:00+0200,3398.81,MW,FR,FR,actual_onshore_wind_generation,Wind Onshore,2026-08-13T16:47:47Z
2026-08-13T16:46:02Z,2026-08-13T18:46:02+0200,bbadff40-465f-4669-a5ab-d3c11bbfaf39,2026-07-16T00:00:00Z,2026-07-16T02:00:00+0200,3333.17,MW,FR,FR,actual_onshore_wind_generation,Wind Onshore,2026-08-13T16:47:47Z
2026-08-13T16:46:02Z,2026-08-13T18:46:02+0200,bbadff40-465f-4669-a5ab-d3c11bbfaf39,2026-07-16T00:15:00Z,2026-07-16T02:15:00+0200,3296.71,MW,FR,FR,actual_onshore_wind_generation,Wind Onshore,2026-08-13T16:47:47Z
2026-08-13T16:46:02Z,2026-08-13T18:46:02+0200,bbadff40-465f-4669-a5ab-d3c11bbfaf39,2026-07-16T00:30:00Z,2026-07-16T02:30:00+0200,3220.51,MW,FR,FR,actual_onshore_wind_generation,Wind Onshore,2026-08-13T16:47:47Z
2026-08-13T16:46:02Z,2026-08-13T18:46:02+0200,bbadff40-465f-4669-a5ab-d3c11bbfaf39,2026-07-16T00:45:00Z,2026-07-16T02:45:00+0200,3174.31,MW,FR,FR,actual_onshore_wind_generation,Wind Onshore,2026-08-13T16:47:47Z
2026-08-13T16:46:02Z,2026-08-13T18:46:02+0200,bbadff40-465f-4669-a5ab-d3c11bbfaf39,2026-07-16T01:00:00Z,2026-07-16T03:00:00+0200,3140.23,MW,FR,FR,actual_onshore_wind_generation,Wind Onshore,2026-08-13T16:47:47Z
2026-08-13T16:46:02Z,2026-08-13T18:46:02+0200,bbadff40-465f-4669-a5ab-d3c11bbfaf39,2026-07-16T01:15:00Z,2026-07-16T03:15:00+0200,3089.8,MW,FR,FR,actual_onshore_wind_generation,Wind Onshore,2026-08-13T16:47:47Z
2026-08-13T16:46:02Z,2026-08-13T18:46:02+0200,bbadff40-465f-4669-a5ab-d3c11bbfaf39,2026-07-16T01:30:00Z,2026-07-16T03:30:00+0200,3020.05,MW,FR,FR,actual_onshore_wind_generation,Wind Onshore,2026-08-13T16:47:47Z
2026-08-13T16:46:02Z,2026-08-13T18:46:02+0200,bbadff40-465f-4669-a5ab-d3c11bbfaf39,2026-07-16T01:45:00Z,2026-07-16T03:45:00+0200,2930.5,MW,FR,FR,actual_onshore_wind_generation,Wind Onshore,2026-08-13T16:47:47Z
2026-08-13T16:46:02Z,2026-08-13T18:46:02+0200,bbadff40-465f-4669-a5ab-d3c11bbfaf39,2026-07-16T02:00:00Z,2026-07-16T04:00:00+0200,2843.89,MW,FR,FR,actual_onshore_wind_generation,Wind Onshore,2026-08-13T16:47:47Z
2026-08-13T16:46:02Z,2026-08-13T18:46:02+0200,bbadff40-465f-4669-a5ab-d3c11bbfaf39,2026-07-16T02:15:00Z,2026-07-16T04:15:00+0200,2798.61,MW,FR,FR,actual_onshore_wind_generation,Wind Onshore,2026-08-13T16:47:47Z
2026-08-13T16:46:02Z,2026-08-13T18:46:02+0200,bbadff40-465f-4669-a5ab-d3c11bbfaf39,2026-07-16T02:30:00Z,2026-07-16T04:30:00+0200,2711.86,MW,FR,FR,actual_onshore_wind_generation,Wind Onshore,2026-08-13T16:47:47Z
2026-08-13T16:46:02Z,2026-08-13T18:46:02+0200,bbadff40-465f-4669-a5ab-d3c11bbfaf39,2026-07-16T02:45:00Z,2026-07-16T04:45:00+0200,2655.95,MW,FR,FR,actual_onshore_wind_generation,Wind Onshore,2026-08-13T16:47:47Z
2026-08-13T16:46:02Z,2026-08-13T18:46:02+0200,bbadff40-465f-4669-a5ab-d3c11bbfaf39,2026-07-16T03:00:00Z,2026-07-16T05:00:00+0200,2570.26,MW,FR,FR,actual_onshore_wind_generation,Wind Onshore,2026-08-13T16:47:47Z
2026-08-13T16:46:02Z,2026-08-13T18:46:02+0200,bbadff40-465f-4669-a5ab-d3c11bbfaf39,2026-07-16T03:15:00Z,2026-07-16T05:15:00+0200,2459.96,MW,FR,FR,actual_onshore_wind_generation,Wind Onshore,2026-08-13T16:47:47Z
2026-08-13T16:46:02Z,2026-08-13T18:46:02+0200,bbadff40-465f-4669-a5ab-d3c11bbfaf39,2026-07-16T03:30:00Z,2026-07-16T05:30:00+0200,2409.04,MW,FR,FR,actual_onshore_wind_generation,Wind Onshore,2026-08-13T16:47:47Z
2026-08-13T16:46:02Z,2026-08-13T18:46:02+0200,bbadff40-465f-4669-a5ab-d3c11bbfaf39,2026-07-16T03:45:00Z,2026-07-16T05:45:00+0200,2393.52,MW,FR,FR,actual_onshore_wind_generation,Wind Onshore,2026-08-13T16:47:47Z
2026-08-13T16:46:02Z,2026-08-13T18:46:02+0200,bbadff40-465f-4669-a5ab-d3c11bbfaf39,2026-07-16T04:00:00Z,2026-07-16T06:00:00+0200,2442.14,MW,FR,FR,actual_onshore_wind_generation,Wind Onshore,2026-08-13T16:47:47Z
2026-08-13T16:46:02Z,2026-08-13T18:46:02+0200,bbadff40-465f-4669-a5ab-d3c11bbfaf39,2026-07-16T04:15:00Z,2026-07-16T06:15:00+0200,2511.15,MW,FR,FR,actual_onshore_wind_generation,Wind Onshore,2026-08-13T16:47:47Z
2026-08-13T16:46:02Z,2026-08-13T18:46:02+0200,bbadff40-465f-4669-a5ab-d3c11bbfaf39,2026-07-16T04:30:00Z,2026-07-16T06:30:00+0200,2555.7,MW,FR,FR,actual_onshore_wind_generation,Wind Onshore,2026-08-13T16:47:47Z
2026-08-13T16:46:02Z,2026-08-13T18:46:02+0200,bbadff40-465f-4669-a5ab-d3c11bbfaf39,2026-07-16T04:45:00Z,2026-07-16T06:45:00+0200,2438.29,MW,FR,FR,actual_onshore_wind_generation,Wind Onshore,2026-08-13T16:47:47Z
2026-08-13T16:46:02Z,2026-08-13T18:46:02+0200,bbadff40-465f-4669-a5ab-d3c11bbfaf39,2026-07-16T05:00:00Z,2026-07-16T07:00:00+0200,2380.52,MW,FR,FR,actual_onshore_wind_generation,Wind Onshore,2026-08-13T16:47:47Z
2026-08-13T16:46:02Z,2026-08-13T18:46:02+0200,bbadff40-465f-4669-a5ab-d3c11bbfaf39,2026-07-16T05:15:00Z,2026-07-16T07:15:00+0200,2276.7,MW,FR,FR,actual_onshore_wind_generation,Wind Onshore,2026-08-13T16:47:47Z
2026-08-13T16:46:02Z,2026-08-13T18:46:02+0200,bbadff40-465f-4669-a5ab-d3c11bbfaf39,2026-07-16T05:30:00Z,2026-07-16T07:30:00+0200,2051.77,MW,FR,FR,actual_onshore_wind_generation,Wind Onshore,2026-08-13T16:47:47Z
2026-08-13T16:46:02Z,2026-08-13T18:46:02+0200,bbadff40-465f-4669-a5ab-d3c11bbfaf39,2026-07-16T05:45:00Z,2026-07-16T07:45:00+0200,1831.09,MW,FR,FR,actual_onshore_wind_generation,Wind Onshore,2026-08-13T16:47:47Z
2026-08-13T16:46:02Z,2026-08-13T18:46:02+0200,bbadff40-465f-4669-a5ab-d3c11bbfaf39,2026-07-16T06:00:00Z,2026-07-16T08:00:00+0200,1569.19,MW,FR,FR,actual_onshore_wind_generation,Wind Onshore,2026-08-13T16:47:47Z
2026-08-13T16:46:02Z,2026-08-13T18:46:02+0200,bbadff40-465f-4669-a5ab-d3c11bbfaf39,2026-07-16T06:15:00Z,2026-07-16T08:15:00+0200,1348.36,MW,FR,FR,actual_onshore_wind_generation,Wind Onshore,2026-08-13T16:47:47Z
2026-08-13T16:46:02Z,2026-08-13T18:46:02+0200,bbadff40-465f-4669-a5ab-d3c11bbfaf39,2026-07-16T06:30:00Z,2026-07-16T08:30:00+0200,1177.83,MW,FR,FR,actual_onshore_wind_generation,Wind Onshore,2026-08-13T16:47:47Z
2026-08-13T16:46:02Z,2026-08-13T18:46:02+0200,bbadff40-465f-4669-a5ab-d3c11bbfaf39,2026-07-16T06:45:00Z,2026-07-16T08:45:00+0200,1053.3,MW,FR,FR,actual_onshore_wind_generation,Wind Onshore,2026-08-13T16:47:47Z
2026-08-13T16:46:02Z,2026-08-13T18:46:02+0200,bbadff40-465f-4669-a5ab-d3c11bbfaf39,2026-07-16T07:00:00Z,2026-07-16T09:00:00+0200,985.16,MW,FR,FR,actual_onshore_wind_generation,Wind Onshore,2026-08-13T16:47:47Z
2026-08-13T16:46:02Z,2026-08-13T18:46:02+0200,bbadff40-465f-4669-a5ab-d3c11bbfaf39,2026-07-16T07:15:00Z,2026-07-16T09:15:00+0200,912.27,MW,FR,FR,actual_onshore_wind_generation,Wind Onshore,2026-08-13T16:47:47Z
2026-08-13T16:46:02Z,2026-08-13T18:46:02+0200,bbadff40-465f-4669-a5ab-d3c11bbfaf39,2026-07-16T07:30:00Z,2026-07-16T09:30:00+0200,904.9,MW,FR,FR,actual_onshore_wind_generation,Wind Onshore,2026-08-13T16:47:47Z
2026-08-13T16:46:02Z,2026-08-13T18:46:02+0200,bbadff40-465f-4669-a5ab-d3c11bbfaf39,2026-07-16T07:45:00Z,2026-07-16T09:45:00+0200,982.73,MW,FR,FR,actual_onshore_wind_generation,Wind Onshore,2026-08-13T16:47:47Z
2026-08-13T16:46:02Z,2026-08-13T18:46:02+0200,bbadff40-465f-4669-a5ab-d3c11bbfaf39,2026-07-16T08:00:00Z,2026-07-16T10:00:00+0200,1004.73,MW,FR,FR,actual_onshore_wind_generation,Wind Onshore,2026-08-13T16:47:47Z
2026-08-13T16:46:02Z,2026-08-13T18:46:02+0200,bbadff40-465f-4669-a5ab-d3c11bbfaf39,2026-07-16T08:15:00Z,2026-07-16T10:15:00+0200,1070.2,MW,FR,FR,actual_onshore_wind_generation,Wind Onshore,2026-08-13T16:47:47Z
2026-08-13T16:46:02Z,2026-08-13T18:46:02+0200,bbadff40-465f-4669-a5ab-d3c11bbfaf39,2026-07-16T08:30:00Z,2026-07-16T10:30:00+0200,1099.76,MW,FR,FR,actual_onshore_wind_generation,Wind Onshore,2026-08-13T16:47:47Z
2026-08-13T16:46:02Z,2026-08-13T18:46:02+0200,bbadff40-465f-4669-a5ab-d3c11bbfaf39,2026-07-16T08:45:00Z,2026-07-16T10:45:00+0200,1232.81,MW,FR,FR,actual_onshore_wind_generation,Wind Onshore,2026-08-13T16:47:47Z
2026-08-13T16:46:02Z,2026-08-13T18:46:02+0200,bbadff40-465f-4669-a5ab-d3c11bbfaf39,2026-07-16T09:00:00Z,2026-07-16T11:00:00+0200,1459.9,MW,FR,FR,actual_onshore_wind_generation,Wind Onshore,2026-08-13T16:47:47Z
2026-08-13T16:46:02Z,2026-08-13T18:46:02+0200,bbadff40-465f-4669-a5ab-d3c11bbfaf39,2026-07-16T09:15:00Z,2026-07-16T11:15:00+0200,1624.68,MW,FR,FR,actual_onshore_wind_generation,Wind Onshore,2026-08-13T16:47:47Z
2026-08-13T16:46:02Z,2026-08-13T18:46:02+0200,bbadff40-465f-4669-a5ab-d3c11bbfaf39,2026-07-16T09:30:00Z,2026-07-16T11:30:00+0200,1819.95,MW,FR,FR,actual_onshore_wind_generation,Wind Onshore,2026-08-13T16:47:47Z
2026-08-13T16:46:02Z,2026-08-13T18:46:02+0200,bbadff40-465f-4669-a5ab-d3c11bbfaf39,2026-07-16T09:45:00Z,2026-07-16T11:45:00+0200,2003.77,MW,FR,FR,actual_onshore_wind_generation,Wind Onshore,2026-08-13T16:47:47Z
2026-08-13T16:46:02Z,2026-08-13T18:46:02+0200,bbadff40-465f-4669-a5ab-d3c11bbfaf39,2026-07-16T10:00:00Z,2026-07-16T12:00:00+0200,2144.73,MW,FR,FR,actual_onshore_wind_generation,Wind Onshore,2026-08-13T16:47:47Z
2026-08-13T16:46:02Z,2026-08-13T18:46:02+0200,bbadff40-465f-4669-a5ab-d3c11bbfaf39,2026-07-16T10:15:00Z,2026-07-16T12:15:00+0200,2113.27,MW,FR,FR,actual_onshore_wind_generation,Wind Onshore,2026-08-13T16:47:47Z
2026-08-13T16:46:02Z,2026-08-13T18:46:02+0200,bbadff40-465f-4669-a5ab-d3c11bbfaf39,2026-07-16T10:30:00Z,2026-07-16T12:30:00+0200,2092.2,MW,FR,FR,actual_onshore_wind_generation,Wind Onshore,2026-08-13T16:47:47Z
2026-08-13T16:46:02Z,2026-08-13T18:46:02+0200,bbadff40-465f-4669-a5ab-d3c11bbfaf39,2026-07-16T10:45:00Z,2026-07-16T12:45:00+0200,2008.89,MW,FR,FR,actual_onshore_wind_generation,Wind Onshore,2026-08-13T16:47:47Z
2026-08-13T16:46:02Z,2026-08-13T18:46:02+0200,bbadff40-465f-4669-a5ab-d3c11bbfaf39,2026-07-16T11:00:00Z,2026-07-16T13:00:00+0200,1977.26,MW,FR,FR,actual_onshore_wind_generation,Wind Onshore,2026-08-13T16:47:47Z
2026-08-13T16:46:02Z,2026-08-13T18:46:02+0200,bbadff40-465f-4669-a5ab-d3c11bbfaf39,2026-07-16T11:15:00Z,2026-07-16T13:15:00+0200,1973.94,MW,FR,FR,actual_onshore_wind_generation,Wind Onshore,2026-08-13T16:47:47Z
2026-08-13T16:46:02Z,2026-08-13T18:46:02+0200,bbadff40-465f-4669-a5ab-d3c11bbfaf39,2026-07-16T11:30:00Z,2026-07-16T13:30:00+0200,1973.93,MW,FR,FR,actual_onshore_wind_generation,Wind Onshore,2026-08-13T16:47:47Z
2026-08-13T16:46:02Z,2026-08-13T18:46:02+0200,bbadff40-465f-4669-a5ab-d3c11bbfaf39,2026-07-16T11:45:00Z,2026-07-16T13:45:00+0200,1895.5,MW,FR,FR,actual_onshore_wind_generation,Wind Onshore,2026-08-13T16:47:47Z
2026-08-13T16:46:02Z,2026-08-13T18:46:02+0200,bbadff40-465f-4669-a5ab-d3c11bbfaf39,2026-07-16T12:00:00Z,2026-07-16T14:00:00+0200,1756.31,MW,FR,FR,actual_onshore_wind_generation,Wind Onshore,2026-08-13T16:47:47Z
2026-08-13T16:46:02Z,2026-08-13T18:46:02+0200,bbadff40-465f-4669-a5ab-d3c11bbfaf39,2026-07-16T12:15:00Z,2026-07-16T14:15:00+0200,1671.57,MW,FR,FR,actual_onshore_wind_generation,Wind Onshore,2026-08-13T16:47:47Z
2026-08-13T16:46:02Z,2026-08-13T18:46:02+0200,bbadff40-465f-4669-a5ab-d3c11bbfaf39,2026-07-16T12:30:00Z,2026-07-16T14:30:00+0200,1648.45,MW,FR,FR,actual_onshore_wind_generation,Wind Onshore,2026-08-13T16:47:47Z
2026-08-13T16:46:02Z,2026-08-13T18:46:02+0200,bbadff40-465f-4669-a5ab-d3c11bbfaf39,2026-07-16T12:45:00Z,2026-07-16T14:45:00+0200,1641.17,MW,FR,FR,actual_onshore_wind_generation,Wind Onshore,2026-08-13T16:47:47Z
2026-08-13T16:46:02Z,2026-08-13T18:46:02+0200,bbadff40-465f-4669-a5ab-d3c11bbfaf39,2026-07-16T13:00:00Z,2026-07-16T15:00:00+0200,1696.86,MW,FR,FR,actual_onshore_wind_generation,Wind Onshore,2026-08-13T16:47:47Z
2026-08-13T16:46:02Z,2026-08-13T18:46:02+0200,bbadff40-465f-4669-a5ab-d3c11bbfaf39,2026-07-16T13:15:00Z,2026-07-16T15:15:00+0200,1811.7,MW,FR,FR,actual_onshore_wind_generation,Wind Onshore,2026-08-13T16:47:47Z
2026-08-13T16:46:02Z,2026-08-13T18:46:02+0200,bbadff40-465f-4669-a5ab-d3c11bbfaf39,2026-07-16T13:30:00Z,2026-07-16T15:30:00+0200,1826.99,MW,FR,FR,actual_onshore_wind_generation,Wind Onshore,2026-08-13T16:47:47Z
2026-08-13T16:46:02Z,2026-08-13T18:46:02+0200,bbadff40-465f-4669-a5ab-d3c11bbfaf39,2026-07-16T13:45:00Z,2026-07-16T15:45:00+0200,2012.95,MW,FR,FR,actual_onshore_wind_generation,Wind Onshore,2026-08-13T16:47:47Z
2026-08-13T16:46:02Z,2026-08-13T18:46:02+0200,bbadff40-465f-4669-a5ab-d3c11bbfaf39,2026-07-16T14:00:00Z,2026-07-16T16:00:00+0200,2135.74,MW,FR,FR,actual_onshore_wind_generation,Wind Onshore,2026-08-13T16:47:47Z
2026-08-13T16:46:02Z,2026-08-13T18:46:02+0200,bbadff40-465f-4669-a5ab-d3c11bbfaf39,2026-07-16T14:15:00Z,2026-07-16T16:15:00+0200,2335.8,MW,FR,FR,actual_onshore_wind_generation,Wind Onshore,2026-08-13T16:47:47Z
2026-08-13T16:46:02Z,2026-08-13T18:46:02+0200,bbadff40-465f-4669-a5ab-d3c11bbfaf39,2026-07-16T14:30:00Z,2026-07-16T16:30:00+0200,2431.17,MW,FR,FR,actual_onshore_wind_generation,Wind Onshore,2026-08-13T16:47:47Z
2026-08-13T16:46:02Z,2026-08-13T18:46:02+0200,bbadff40-465f-4669-a5ab-d3c11bbfaf39,2026-07-16T14:45:00Z,2026-07-16T16:45:00+0200,2632.33,MW,FR,FR,actual_onshore_wind_generation,Wind Onshore,2026-08-13T16:47:47Z
2026-08-13T16:46:02Z,2026-08-13T18:46:02+0200,bbadff40-465f-4669-a5ab-d3c11bbfaf39,2026-07-16T15:00:00Z,2026-07-16T17:00:00+0200,2774.17,MW,FR,FR,actual_onshore_wind_generation,Wind Onshore,2026-08-13T16:47:47Z
2026-08-13T16:46:02Z,2026-08-13T18:46:02+0200,bbadff40-465f-4669-a5ab-d3c11bbfaf39,2026-07-16T15:15:00Z,2026-07-16T17:15:00+0200,3097.78,MW,FR,FR,actual_onshore_wind_generation,Wind Onshore,2026-08-13T16:47:47Z
2026-08-13T16:46:02Z,2026-08-13T18:46:02+0200,bbadff40-465f-4669-a5ab-d3c11bbfaf39,2026-07-16T15:30:00Z,2026-07-16T17:30:00+0200,3308.66,MW,FR,FR,actual_onshore_wind_generation,Wind Onshore,2026-08-13T16:47:47Z
2026-08-13T16:46:02Z,2026-08-13T18:46:02+0200,bbadff40-465f-4669-a5ab-d3c11bbfaf39,2026-07-16T15:45:00Z,2026-07-16T17:45:00+0200,3363.1,MW,FR,FR,actual_onshore_wind_generation,Wind Onshore,2026-08-13T16:47:47Z
2026-08-13T16:46:02Z,2026-08-13T18:46:02+0200,bbadff40-465f-4669-a5ab-d3c11bbfaf39,2026-07-16T16:00:00Z,2026-07-16T18:00:00+0200,3440.83,MW,FR,FR,actual_onshore_wind_generation,Wind Onshore,2026-08-13T16:47:47Z
2026-08-13T16:46:02Z,2026-08-13T18:46:02+0200,bbadff40-465f-4669-a5ab-d3c11bbfaf39,2026-07-16T16:15:00Z,2026-07-16T18:15:00+0200,3526.02,MW,FR,FR,actual_onshore_wind_generation,Wind Onshore,2026-08-13T16:47:47Z
2026-08-13T16:46:02Z,2026-08-13T18:46:02+0200,bbadff40-465f-4669-a5ab-d3c11bbfaf39,2026-07-16T16:30:00Z,2026-07-16T18:30:00+0200,3684.85,MW,FR,FR,actual_onshore_wind_generation,Wind Onshore,2026-08-13T16:47:47Z
2026-08-13T16:46:02Z,2026-08-13T18:46:02+0200,bbadff40-465f-4669-a5ab-d3c11bbfaf39,2026-07-16T16:45:00Z,2026-07-16T18:45:00+0200,3853.17,MW,FR,FR,actual_onshore_wind_generation,Wind Onshore,2026-08-13T16:47:47Z
2026-08-13T16:46:02Z,2026-08-13T18:46:02+0200,bbadff40-465f-4669-a5ab-d3c11bbfaf39,2026-07-16T17:00:00Z,2026-07-16T19:00:00+0200,4138.3,MW,FR,FR,actual_onshore_wind_generation,Wind Onshore,2026-08-13T16:47:47Z
2026-08-13T16:46:02Z,2026-08-13T18:46:02+0200,bbadff40-465f-4669-a5ab-d3c11bbfaf39,2026-07-16T17:15:00Z,2026-07-16T19:15:00+0200,4438.6,MW,FR,FR,actual_onshore_wind_generation,Wind Onshore,2026-08-13T16:47:47Z
2026-08-13T16:46:02Z,2026-08-13T18:46:02+0200,bbadff40-465f-4669-a5ab-d3c11bbfaf39,2026-07-16T17:30:00Z,2026-07-16T19:30:00+0200,4628.29,MW,FR,FR,actual_onshore_wind_generation,Wind Onshore,2026-08-13T16:47:47Z
2026-08-13T16:46:02Z,2026-08-13T18:46:02+0200,bbadff40-465f-4669-a5ab-d3c11bbfaf39,2026-07-16T17:45:00Z,2026-07-16T19:45:00+0200,4742.1,MW,FR,FR,actual_onshore_wind_generation,Wind Onshore,2026-08-13T16:47:47Z
2026-08-13T16:46:02Z,2026-08-13T18:46:02+0200,bbadff40-465f-4669-a5ab-d3c11bbfaf39,2026-07-16T18:00:00Z,2026-07-16T20:00:00+0200,4777.22,MW,FR,FR,actual_onshore_wind_generation,Wind Onshore,2026-08-13T16:47:47Z
2026-08-13T16:46:02Z,2026-08-13T18:46:02+0200,bbadff40-465f-4669-a5ab-d3c11bbfaf39,2026-07-16T18:15:00Z,2026-07-16T20:15:00+0200,4645.81,MW,FR,FR,actual_onshore_wind_generation,Wind Onshore,2026-08-13T16:47:47Z
2026-08-13T16:46:02Z,2026-08-13T18:46:02+0200,bbadff40-465f-4669-a5ab-d3c11bbfaf39,2026-07-16T18:30:00Z,2026-07-16T20:30:00+0200,4401.94,MW,FR,FR,actual_onshore_wind_generation,Wind Onshore,2026-08-13T16:47:47Z
2026-08-13T16:46:02Z,2026-08-13T18:46:02+0200,bbadff40-465f-4669-a5ab-d3c11bbfaf39,2026-07-16T18:45:00Z,2026-07-16T20:45:00+0200,4335.38,MW,FR,FR,actual_onshore_wind_generation,Wind Onshore,2026-08-13T16:47:47Z
2026-08-13T16:46:02Z,2026-08-13T18:46:02+0200,bbadff40-465f-4669-a5ab-d3c11bbfaf39,2026-07-16T19:00:00Z,2026-07-16T21:00:00+0200,4303.21,MW,FR,FR,actual_onshore_wind_generation,Wind Onshore,2026-08-13T16:47:47Z
2026-08-13T16:46:02Z,2026-08-13T18:46:02+0200,bbadff40-465f-4669-a5ab-d3c11bbfaf39,2026-07-16T19:15:00Z,2026-07-16T21:15:00+0200,4345.49,MW,FR,FR,actual_onshore_wind_generation,Wind Onshore,2026-08-13T16:47:47Z
2026-08-13T16:46:02Z,2026-08-13T18:46:02+0200,bbadff40-465f-4669-a5ab-d3c11bbfaf39,2026-07-16T19:30:00Z,2026-07-16T21:30:00+0200,4580.87,MW,FR,FR,actual_onshore_wind_generation,Wind Onshore,2026-08-13T16:47:47Z
2026-08-13T16:46:02Z,2026-08-13T18:46:02+0200,bbadff40-465f-4669-a5ab-d3c11bbfaf39,2026-07-16T19:45:00Z,2026-07-16T21:45:00+0200,4846.87,MW,FR,FR,actual_onshore_wind_generation,Wind Onshore,2026-08-13T16:47:47Z
2026-08-13T16:46:02Z,2026-08-13T18:46:02+0200,bbadff40-465f-4669-a5ab-d3c11bbfaf39,2026-07-16T20:00:00Z,2026-07-16T22:00:00+0200,4913.68,MW,FR,FR,actual_onshore_wind_generation,Wind Onshore,2026-08-13T16:47:47Z
2026-08-13T16:46:02Z,2026-08-13T18:46:02+0200,bbadff40-465f-4669-a5ab-d3c11bbfaf39,2026-07-16T20:15:00Z,2026-07-16T22:15:00+0200,4861.72,MW,FR,FR,actual_onshore_wind_generation,Wind Onshore,2026-08-13T16:47:47Z
2026-08-13T16:46:02Z,2026-08-13T18:46:02+0200,bbadff40-465f-4669-a5ab-d3c11bbfaf39,2026-07-16T20:30:00Z,2026-07-16T22:30:00+0200,4911.72,MW,FR,FR,actual_onshore_wind_generation,Wind Onshore,2026-08-13T16:47:47Z
2026-08-13T16:46:02Z,2026-08-13T18:46:02+0200,bbadff40-465f-4669-a5ab-d3c11bbfaf39,2026-07-16T20:45:00Z,2026-07-16T22:45:00+0200,4816.89,MW,FR,FR,actual_onshore_wind_generation,Wind Onshore,2026-08-13T16:47:47Z
2026-08-13T16:46:02Z,2026-08-13T18:46:02+0200,bbadff40-465f-4669-a5ab-d3c11bbfaf39,2026-07-16T21:00:00Z,2026-07-16T23:00:00+0200,4837.62,MW,FR,FR,actual_onshore_wind_generation,Wind Onshore,2026-08-13T16:47:47Z
2026-08-13T16:46:02Z,2026-08-13T18:46:02+0200,bbadff40-465f-4669-a5ab-d3c11bbfaf39,2026-07-16T21:15:00Z,2026-07-16T23:15:00+0200,4846.35,MW,FR,FR,actual_onshore_wind_generation,Wind Onshore,2026-08-13T16:47:47Z
2026-08-13T16:46:02Z,2026-08-13T18:46:02+0200,bbadff40-465f-4669-a5ab-d3c11bbfaf39,2026-07-16T21:30:00Z,2026-07-16T23:30:00+0200,4793.4,MW,FR,FR,actual_onshore_wind_generation,Wind Onshore,2026-08-13T16:47:47Z
2026-08-13T16:46:02Z,2026-08-13T18:46:02+0200,bbadff40-465f-4669-a5ab-d3c11bbfaf39,2026-07-16T21:45:00Z,2026-07-16T23:45:00+0200,4615.5,MW,FR,FR,actual_onshore_wind_generation,Wind Onshore,2026-08-13T16:47:47Z
2026-08-13T16:46:02Z,2026-08-13T18:46:02+0200,bbadff40-465f-4669-a5ab-d3c11bbfaf39,2026-07-16T22:00:00Z,2026-07-17T00:00:00+0200,4368.06,MW,FR,FR,actual_onshore_wind_generation,Wind Onshore,2026-08-13T16:47:47Z
2026-08-13T16:46:02Z,2026-08-13T18:46:02+0200,bbadff40-465f-4669-a5ab-d3c11bbfaf39,2026-07-16T22:15:00Z,2026-07-17T00:15:00+0200,4231.17,MW,FR,FR,actual_onshore_wind_generation,Wind Onshore,2026-08-13T16:47:47Z
2026-08-13T16:46:02Z,2026-08-13T18:46:02+0200,bbadff40-465f-4669-a5ab-d3c11bbfaf39,2026-07-16T22:30:00Z,2026-07-17T00:30:00+0200,4134.62,MW,FR,FR,actual_onshore_wind_generation,Wind Onshore,2026-08-13T16:47:47Z
2026-08-13T16:46:02Z,2026-08-13T18:46:02+0200,bbadff40-465f-4669-a5ab-d3c11bbfaf39,2026-07-16T22:45:00Z,2026-07-17T00:45:00+0200,4020.52,MW,FR,FR,actual_onshore_wind_generation,Wind Onshore,2026-08-13T16:47:47Z
2026-08-13T16:46:02Z,2026-08-13T18:46:02+0200,bbadff40-465f-4669-a5ab-d3c11bbfaf39,2026-07-16T23:00:00Z,2026-07-17T01:00:00+0200,4065.61,MW,FR,FR,actual_onshore_wind_generation,Wind Onshore,2026-08-13T16:47:47Z
2026-08-13T16:46:02Z,2026-08-13T18:46:02+0200,bbadff40-465f-4669-a5ab-d3c11bbfaf39,2026-07-16T23:15:00Z,2026-07-17T01:15:00+0200,3803.22,MW,FR,FR,actual_onshore_wind_generation,Wind Onshore,2026-08-13T16:47:47Z
2026-08-13T16:46:02Z,2026-08-13T18:46:02+0200,bbadff40-465f-4669-a5ab-d3c11bbfaf39,2026-07-16T23:30:00Z,2026-07-17T01:30:00+0200,3600.73,MW,FR,FR,actual_onshore_wind_generation,Wind Onshore,2026-08-13T16:47:47Z
2026-08-13T16:46:02Z,2026-08-13T18:46:02+0200,bbadff40-465f-4669-a5ab-d3c11bbfaf39,2026-07-16T23:45:00Z,2026-07-17T01:45:00+0200,3486.28,MW,FR,FR,actual_onshore_wind_generation,Wind Onshore,2026-08-13T16:47:47Z
2026-08-13T16:46:02Z,2026-08-13T18:46:02+0200,bbadff40-465f-4669-a5ab-d3c11bbfaf39,2026-07-17T00:00:00Z,2026-07-17T02:00:00+0200,3529.4,MW,FR,FR,actual_onshore_wind_generation,Wind Onshore,2026-08-13T16:47:47Z
2026-08-13T16:46:02Z,2026-08-13T18:46:02+0200,bbadff40-465f-4669-a5ab-d3c11bbfaf39,2026-07-17T00:15:00Z,2026-07-17T02:15:00+0200,3507.37,MW,FR,FR,actual_onshore_wind_generation,Wind Onshore,2026-08-13T16:47:47Z
2026-08-13T16:46:02Z,2026-08-13T18:46:02+0200,bbadff40-465f-4669-a5ab-d3c11bbfaf39,2026-07-17T00:30:00Z,2026-07-17T02:30:00+0200,3320.88,MW,FR,FR,actual_onshore_wind_generation,Wind Onshore,2026-08-13T16:47:47Z
2026-08-13T16:46:02Z,2026-08-13T18:46:02+0200,bbadff40-465f-4669-a5ab-d3c11bbfaf39,2026-07-17T00:45:00Z,2026-07-17T02:45:00+0200,3078.24,MW,FR,FR,actual_onshore_wind_generation,Wind Onshore,2026-08-13T16:47:47Z
2026-08-13T16:46:02Z,2026-08-13T18:46:02+0200,bbadff40-465f-4669-a5ab-d3c11bbfaf39,2026-07-17T01:00:00Z,2026-07-17T03:00:00+0200,2905.66,MW,FR,FR,actual_onshore_wind_generation,Wind Onshore,2026-08-13T16:47:47Z
2026-08-13T16:46:02Z,2026-08-13T18:46:02+0200,bbadff40-465f-4669-a5ab-d3c11bbfaf39,2026-07-17T01:15:00Z,2026-07-17T03:15:00+0200,2783.79,MW,FR,FR,actual_onshore_wind_generation,Wind Onshore,2026-08-13T16:47:47Z
2026-08-13T16:46:02Z,2026-08-13T18:46:02+0200,bbadff40-465f-4669-a5ab-d3c11bbfaf39,2026-07-17T01:30:00Z,2026-07-17T03:30:00+0200,2774.88,MW,FR,FR,actual_onshore_wind_generation,Wind Onshore,2026-08-13T16:47:47Z
2026-08-13T16:46:02Z,2026-08-13T18:46:02+0200,bbadff40-465f-4669-a5ab-d3c11bbfaf39,2026-07-17T01:45:00Z,2026-07-17T03:45:00+0200,2765.47,MW,FR,FR,actual_onshore_wind_generation,Wind Onshore,2026-08-13T16:47:47Z
2026-08-13T16:46:02Z,2026-08-13T18:46:02+0200,bbadff40-465f-4669-a5ab-d3c11bbfaf39,2026-07-17T02:00:00Z,2026-07-17T04:00:00+0200,2809.42,MW,FR,FR,actual_onshore_wind_generation,Wind Onshore,2026-08-13T16:47:47Z
2026-08-13T16:46:02Z,2026-08-13T18:46:02+0200,bbadff40-465f-4669-a5ab-d3c11bbfaf39,2026-07-17T02:15:00Z,2026-07-17T04:15:00+0200,2724.73,MW,FR,FR,actual_onshore_wind_generation,Wind Onshore,2026-08-13T16:47:47Z
2026-08-13T16:46:02Z,2026-08-13T18:46:02+0200,bbadff40-465f-4669-a5ab-d3c11bbfaf39,2026-07-17T02:30:00Z,2026-07-17T04:30:00+0200,2633.89,MW,FR,FR,actual_onshore_wind_generation,Wind Onshore,2026-08-13T16:47:47Z
2026-08-13T16:46:02Z,2026-08-13T18:46:02+0200,bbadff40-465f-4669-a5ab-d3c11bbfaf39,2026-07-17T02:45:00Z,2026-07-17T04:45:00+0200,2465.26,MW,FR,FR,actual_onshore_wind_generation,Wind Onshore,2026-08-13T16:47:47Z
2026-08-13T16:46:02Z,2026-08-13T18:46:02+0200,bbadff40-465f-4669-a5ab-d3c11bbfaf39,2026-07-17T03:00:00Z,2026-07-17T05:00:00+0200,2465.2,MW,FR,FR,actual_onshore_wind_generation,Wind Onshore,2026-08-13T16:47:47Z
2026-08-13T16:46:02Z,2026-08-13T18:46:02+0200,bbadff40-465f-4669-a5ab-d3c11bbfaf39,2026-07-17T03:15:00Z,2026-07-17T05:15:00+0200,2487.23,MW,FR,FR,actual_onshore_wind_generation,Wind Onshore,2026-08-13T16:47:47Z
2026-08-13T16:46:02Z,2026-08-13T18:46:02+0200,bbadff40-465f-4669-a5ab-d3c11bbfaf39,2026-07-17T03:30:00Z,2026-07-17T05:30:00+0200,2410.01,MW,FR,FR,actual_onshore_wind_generation,Wind Onshore,2026-08-13T16:47:47Z
2026-08-13T16:46:02Z,2026-08-13T18:46:02+0200,bbadff40-465f-4669-a5ab-d3c11bbfaf39,2026-07-17T03:45:00Z,2026-07-17T05:45:00+0200,2261.25,MW,FR,FR,actual_onshore_wind_generation,Wind Onshore,2026-08-13T16:47:47Z
2026-08-13T16:46:02Z,2026-08-13T18:46:02+0200,bbadff40-465f-4669-a5ab-d3c11bbfaf39,2026-07-17T04:00:00Z,2026-07-17T06:00:00+0200,2189.93,MW,FR,FR,actual_onshore_wind_generation,Wind Onshore,2026-08-13T16:47:47Z
2026-08-13T16:46:02Z,2026-08-13T18:46:02+0200,bbadff40-465f-4669-a5ab-d3c11bbfaf39,2026-07-17T04:15:00Z,2026-07-17T06:15:00+0200,2186.64,MW,FR,FR,actual_onshore_wind_generation,Wind Onshore,2026-08-13T16:47:47Z
2026-08-13T16:46:02Z,2026-08-13T18:46:02+0200,bbadff40-465f-4669-a5ab-d3c11bbfaf39,2026-07-17T04:30:00Z,2026-07-17T06:30:00+0200,2188.6,MW,FR,FR,actual_onshore_wind_generation,Wind Onshore,2026-08-13T16:47:47Z
2026-08-13T16:46:02Z,2026-08-13T18:46:02+0200,bbadff40-465f-4669-a5ab-d3c11bbfaf39,2026-07-17T04:45:00Z,2026-07-17T06:45:00+0200,2142.79,MW,FR,FR,actual_onshore_wind_generation,Wind Onshore,2026-08-13T16:47:47Z
2026-08-13T16:46:02Z,2026-08-13T18:46:02+0200,bbadff40-465f-4669-a5ab-d3c11bbfaf39,2026-07-17T05:00:00Z,2026-07-17T07:00:00+0200,2074.47,MW,FR,FR,actual_onshore_wind_generation,Wind Onshore,2026-08-13T16:47:47Z
2026-08-13T16:46:02Z,2026-08-13T18:46:02+0200,bbadff40-465f-4669-a5ab-d3c11bbfaf39,2026-07-17T05:15:00Z,2026-07-17T07:15:00+0200,2074.64,MW,FR,FR,actual_onshore_wind_generation,Wind Onshore,2026-08-13T16:47:47Z
2026-08-13T16:46:02Z,2026-08-13T18:46:02+0200,bbadff40-465f-4669-a5ab-d3c11bbfaf39,2026-07-17T05:30:00Z,2026-07-17T07:30:00+0200,2055.29,MW,FR,FR,actual_onshore_wind_generation,Wind Onshore,2026-08-13T16:47:47Z
2026-08-13T16:46:02Z,2026-08-13T18:46:02+0200,bbadff40-465f-4669-a5ab-d3c11bbfaf39,2026-07-17T05:45:00Z,2026-07-17T07:45:00+0200,2023.49,MW,FR,FR,actual_onshore_wind_generation,Wind Onshore,2026-08-13T16:47:47Z
2026-08-13T16:46:02Z,2026-08-13T18:46:02+0200,bbadff40-465f-4669-a5ab-d3c11bbfaf39,2026-07-17T06:00:00Z,2026-07-17T08:00:00+0200,1923.02,MW,FR,FR,actual_onshore_wind_generation,Wind Onshore,2026-08-13T16:47:47Z
2026-08-13T16:46:02Z,2026-08-13T18:46:02+0200,bbadff40-465f-4669-a5ab-d3c11bbfaf39,2026-07-17T06:15:00Z,2026-07-17T08:15:00+0200,1817.89,MW,FR,FR,actual_onshore_wind_generation,Wind Onshore,2026-08-13T16:47:47Z
2026-08-13T16:46:02Z,2026-08-13T18:46:02+0200,bbadff40-465f-4669-a5ab-d3c11bbfaf39,2026-07-17T06:30:00Z,2026-07-17T08:30:00+0200,1711.91,MW,FR,FR,actual_onshore_wind_generation,Wind Onshore,2026-08-13T16:47:47Z
2026-08-13T16:46:02Z,2026-08-13T18:46:02+0200,bbadff40-465f-4669-a5ab-d3c11bbfaf39,2026-07-17T06:45:00Z,2026-07-17T08:45:00+0200,1615.51,MW,FR,FR,actual_onshore_wind_generation,Wind Onshore,2026-08-13T16:47:47Z
2026-08-13T16:46:02Z,2026-08-13T18:46:02+0200,bbadff40-465f-4669-a5ab-d3c11bbfaf39,2026-07-17T07:00:00Z,2026-07-17T09:00:00+0200,1549.27,MW,FR,FR,actual_onshore_wind_generation,Wind Onshore,2026-08-13T16:47:47Z
2026-08-13T16:46:02Z,2026-08-13T18:46:02+0200,bbadff40-465f-4669-a5ab-d3c11bbfaf39,2026-07-17T07:15:00Z,2026-07-17T09:15:00+0200,1487.26,MW,FR,FR,actual_onshore_wind_generation,Wind Onshore,2026-08-13T16:47:47Z
2026-08-13T16:46:02Z,2026-08-13T18:46:02+0200,bbadff40-465f-4669-a5ab-d3c11bbfaf39,2026-07-17T07:30:00Z,2026-07-17T09:30:00+0200,1516.19,MW,FR,FR,actual_onshore_wind_generation,Wind Onshore,2026-08-13T16:47:47Z
2026-08-13T16:46:02Z,2026-08-13T18:46:02+0200,bbadff40-465f-4669-a5ab-d3c11bbfaf39,2026-07-17T07:45:00Z,2026-07-17T09:45:00+0200,1467.32,MW,FR,FR,actual_onshore_wind_generation,Wind Onshore,2026-08-13T16:47:47Z
2026-08-13T16:46:02Z,2026-08-13T18:46:02+0200,bbadff40-465f-4669-a5ab-d3c11bbfaf39,2026-07-17T08:00:00Z,2026-07-17T10:00:00+0200,1400.68,MW,FR,FR,actual_onshore_wind_generation,Wind Onshore,2026-08-13T16:47:47Z
2026-08-13T16:46:02Z,2026-08-13T18:46:02+0200,bbadff40-465f-4669-a5ab-d3c11bbfaf39,2026-07-17T08:15:00Z,2026-07-17T10:15:00+0200,1375.89,MW,FR,FR,actual_onshore_wind_generation,Wind Onshore,2026-08-13T16:47:47Z
2026-08-13T16:46:02Z,2026-08-13T18:46:02+0200,bbadff40-465f-4669-a5ab-d3c11bbfaf39,2026-07-17T08:30:00Z,2026-07-17T10:30:00+0200,1445.88,MW,FR,FR,actual_onshore_wind_generation,Wind Onshore,2026-08-13T16:47:47Z
2026-08-13T16:46:02Z,2026-08-13T18:46:02+0200,bbadff40-465f-4669-a5ab-d3c11bbfaf39,2026-07-17T08:45:00Z,2026-07-17T10:45:00+0200,1421.72,MW,FR,FR,actual_onshore_wind_generation,Wind Onshore,2026-08-13T16:47:47Z
2026-08-13T16:46:02Z,2026-08-13T18:46:02+0200,bbadff40-465f-4669-a5ab-d3c11bbfaf39,2026-07-17T09:00:00Z,2026-07-17T11:00:00+0200,1365.8,MW,FR,FR,actual_onshore_wind_generation,Wind Onshore,2026-08-13T16:47:47Z
2026-08-13T16:46:02Z,2026-08-13T18:46:02+0200,bbadff40-465f-4669-a5ab-d3c11bbfaf39,2026-07-17T09:15:00Z,2026-07-17T11:15:00+0200,1314.55,MW,FR,FR,actual_onshore_wind_generation,Wind Onshore,2026-08-13T16:47:47Z
2026-08-13T16:46:02Z,2026-08-13T18:46:02+0200,bbadff40-465f-4669-a5ab-d3c11bbfaf39,2026-07-17T09:30:00Z,2026-07-17T11:30:00+0200,1277.57,MW,FR,FR,actual_onshore_wind_generation,Wind Onshore,2026-08-13T16:47:47Z
2026-08-13T16:46:02Z,2026-08-13T18:46:02+0200,bbadff40-465f-4669-a5ab-d3c11bbfaf39,2026-07-17T09:45:00Z,2026-07-17T11:45:00+0200,1289.4,MW,FR,FR,actual_onshore_wind_generation,Wind Onshore,2026-08-13T16:47:47Z
2026-08-13T16:46:02Z,2026-08-13T18:46:02+0200,bbadff40-465f-4669-a5ab-d3c11bbfaf39,2026-07-17T10:00:00Z,2026-07-17T12:00:00+0200,1303.21,MW,FR,FR,actual_onshore_wind_generation,Wind Onshore,2026-08-13T16:47:47Z
2026-08-13T16:46:02Z,2026-08-13T18:46:02+0200,bbadff40-465f-4669-a5ab-d3c11bbfaf39,2026-07-17T10:15:00Z,2026-07-17T12:15:00+0200,1312.46,MW,FR,FR,actual_onshore_wind_generation,Wind Onshore,2026-08-13T16:47:47Z
2026-08-13T16:46:02Z,2026-08-13T18:46:02+0200,bbadff40-465f-4669-a5ab-d3c11bbfaf39,2026-07-17T10:30:00Z,2026-07-17T12:30:00+0200,1351.83,MW,FR,FR,actual_onshore_wind_generation,Wind Onshore,2026-08-13T16:47:47Z
2026-08-13T16:46:02Z,2026-08-13T18:46:02+0200,bbadff40-465f-4669-a5ab-d3c11bbfaf39,2026-07-17T10:45:00Z,2026-07-17T12:45:00+0200,1366.32,MW,FR,FR,actual_onshore_wind_generation,Wind Onshore,2026-08-13T16:47:47Z
2026-08-13T16:46:02Z,2026-08-13T18:46:02+0200,bbadff40-465f-4669-a5ab-d3c11bbfaf39,2026-07-17T11:00:00Z,2026-07-17T13:00:00+0200,1355.14,MW,FR,FR,actual_onshore_wind_generation,Wind Onshore,2026-08-13T16:47:47Z
2026-08-13T16:46:02Z,2026-08-13T18:46:02+0200,bbadff40-465f-4669-a5ab-d3c11bbfaf39,2026-07-17T11:15:00Z,2026-07-17T13:15:00+0200,1368.07,MW,FR,FR,actual_onshore_wind_generation,Wind Onshore,2026-08-13T16:47:47Z
2026-08-13T16:46:02Z,2026-08-13T18:46:02+0200,bbadff40-465f-4669-a5ab-d3c11bbfaf39,2026-07-17T11:30:00Z,2026-07-17T13:30:00+0200,1358.53,MW,FR,FR,actual_onshore_wind_generation,Wind Onshore,2026-08-13T16:47:47Z
2026-08-13T16:46:02Z,2026-08-13T18:46:02+0200,bbadff40-465f-4669-a5ab-d3c11bbfaf39,2026-07-17T11:45:00Z,2026-07-17T13:45:00+0200,1371.75,MW,FR,FR,actual_onshore_wind_generation,Wind Onshore,2026-08-13T16:47:47Z
2026-08-13T16:46:02Z,2026-08-13T18:46:02+0200,bbadff40-465f-4669-a5ab-d3c11bbfaf39,2026-07-17T12:00:00Z,2026-07-17T14:00:00+0200,1348.47,MW,FR,FR,actual_onshore_wind_generation,Wind Onshore,2026-08-13T16:47:47Z
2026-08-13T16:46:02Z,2026-08-13T18:46:02+0200,bbadff40-465f-4669-a5ab-d3c11bbfaf39,2026-07-17T12:15:00Z,2026-07-17T14:15:00+0200,1402.77,MW,FR,FR,actual_onshore_wind_generation,Wind Onshore,2026-08-13T16:47:47Z
2026-08-13T16:46:02Z,2026-08-13T18:46:02+0200,bbadff40-465f-4669-a5ab-d3c11bbfaf39,2026-07-17T12:30:00Z,2026-07-17T14:30:00+0200,1436.05,MW,FR,FR,actual_onshore_wind_generation,Wind Onshore,2026-08-13T16:47:47Z
2026-08-13T16:46:02Z,2026-08-13T18:46:02+0200,bbadff40-465f-4669-a5ab-d3c11bbfaf39,2026-07-17T12:45:00Z,2026-07-17T14:45:00+0200,1521.93,MW,FR,FR,actual_onshore_wind_generation,Wind Onshore,2026-08-13T16:47:47Z
2026-08-13T16:46:02Z,2026-08-13T18:46:02+0200,bbadff40-465f-4669-a5ab-d3c11bbfaf39,2026-07-17T13:00:00Z,2026-07-17T15:00:00+0200,1747.83,MW,FR,FR,actual_onshore_wind_generation,Wind Onshore,2026-08-13T16:47:47Z
2026-08-13T16:46:02Z,2026-08-13T18:46:02+0200,bbadff40-465f-4669-a5ab-d3c11bbfaf39,2026-07-17T13:15:00Z,2026-07-17T15:15:00+0200,1940.31,MW,FR,FR,actual_onshore_wind_generation,Wind Onshore,2026-08-13T16:47:47Z
2026-08-13T16:46:02Z,2026-08-13T18:46:02+0200,bbadff40-465f-4669-a5ab-d3c11bbfaf39,2026-07-17T13:30:00Z,2026-07-17T15:30:00+0200,2067.56,MW,FR,FR,actual_onshore_wind_generation,Wind Onshore,2026-08-13T16:47:47Z
2026-08-13T16:46:02Z,2026-08-13T18:46:02+0200,bbadff40-465f-4669-a5ab-d3c11bbfaf39,2026-07-17T13:45:00Z,2026-07-17T15:45:00+0200,2185.5,MW,FR,FR,actual_onshore_wind_generation,Wind Onshore,2026-08-13T16:47:47Z
2026-08-13T16:46:02Z,2026-08-13T18:46:02+0200,bbadff40-465f-4669-a5ab-d3c11bbfaf39,2026-07-17T14:00:00Z,2026-07-17T16:00:00+0200,2228.82,MW,FR,FR,actual_onshore_wind_generation,Wind Onshore,2026-08-13T16:47:47Z
2026-08-13T16:46:02Z,2026-08-13T18:46:02+0200,bbadff40-465f-4669-a5ab-d3c11bbfaf39,2026-07-17T14:15:00Z,2026-07-17T16:15:00+0200,2392.33,MW,FR,FR,actual_onshore_wind_generation,Wind Onshore,2026-08-13T16:47:47Z
2026-08-13T16:46:02Z,2026-08-13T18:46:02+0200,bbadff40-465f-4669-a5ab-d3c11bbfaf39,2026-07-17T14:30:00Z,2026-07-17T16:30:00+0200,2641.25,MW,FR,FR,actual_onshore_wind_generation,Wind Onshore,2026-08-13T16:47:47Z
2026-08-13T16:46:02Z,2026-08-13T18:46:02+0200,bbadff40-465f-4669-a5ab-d3c11bbfaf39,2026-07-17T14:45:00Z,2026-07-17T16:45:00+0200,2747.31,MW,FR,FR,actual_onshore_wind_generation,Wind Onshore,2026-08-13T16:47:47Z
2026-08-13T16:46:02Z,2026-08-13T18:46:02+0200,bbadff40-465f-4669-a5ab-d3c11bbfaf39,2026-07-17T15:00:00Z,2026-07-17T17:00:00+0200,2900.42,MW,FR,FR,actual_onshore_wind_generation,Wind Onshore,2026-08-13T16:47:47Z
2026-08-13T16:46:02Z,2026-08-13T18:46:02+0200,bbadff40-465f-4669-a5ab-d3c11bbfaf39,2026-07-17T15:15:00Z,2026-07-17T17:15:00+0200,2994.95,MW,FR,FR,actual_onshore_wind_generation,Wind Onshore,2026-08-13T16:47:47Z
2026-08-13T16:46:02Z,2026-08-13T18:46:02+0200,bbadff40-465f-4669-a5ab-d3c11bbfaf39,2026-07-17T15:30:00Z,2026-07-17T17:30:00+0200,2920.12,MW,FR,FR,actual_onshore_wind_generation,Wind Onshore,2026-08-13T16:47:47Z
2026-08-13T16:46:02Z,2026-08-13T18:46:02+0200,bbadff40-465f-4669-a5ab-d3c11bbfaf39,2026-07-17T15:45:00Z,2026-07-17T17:45:00+0200,2899.17,MW,FR,FR,actual_onshore_wind_generation,Wind Onshore,2026-08-13T16:47:47Z
2026-08-13T16:46:02Z,2026-08-13T18:46:02+0200,bbadff40-465f-4669-a5ab-d3c11bbfaf39,2026-07-17T16:00:00Z,2026-07-17T18:00:00+0200,2827.64,MW,FR,FR,actual_onshore_wind_generation,Wind Onshore,2026-08-13T16:47:47Z
2026-08-13T16:46:02Z,2026-08-13T18:46:02+0200,bbadff40-465f-4669-a5ab-d3c11bbfaf39,2026-07-17T16:15:00Z,2026-07-17T18:15:00+0200,2807.34,MW,FR,FR,actual_onshore_wind_generation,Wind Onshore,2026-08-13T16:47:47Z
2026-08-13T16:46:02Z,2026-08-13T18:46:02+0200,bbadff40-465f-4669-a5ab-d3c11bbfaf39,2026-07-17T16:30:00Z,2026-07-17T18:30:00+0200,2831.33,MW,FR,FR,actual_onshore_wind_generation,Wind Onshore,2026-08-13T16:47:47Z
2026-08-13T16:46:02Z,2026-08-13T18:46:02+0200,bbadff40-465f-4669-a5ab-d3c11bbfaf39,2026-07-17T16:45:00Z,2026-07-17T18:45:00+0200,2902.12,MW,FR,FR,actual_onshore_wind_generation,Wind Onshore,2026-08-13T16:47:47Z
2026-08-13T16:46:02Z,2026-08-13T18:46:02+0200,bbadff40-465f-4669-a5ab-d3c11bbfaf39,2026-07-17T17:00:00Z,2026-07-17T19:00:00+0200,2943.55,MW,FR,FR,actual_onshore_wind_generation,Wind Onshore,2026-08-13T16:47:47Z
2026-08-13T16:46:02Z,2026-08-13T18:46:02+0200,bbadff40-465f-4669-a5ab-d3c11bbfaf39,2026-07-17T17:15:00Z,2026-07-17T19:15:00+0200,2949.99,MW,FR,FR,actual_onshore_wind_generation,Wind Onshore,2026-08-13T16:47:47Z
2026-08-13T16:46:02Z,2026-08-13T18:46:02+0200,bbadff40-465f-4669-a5ab-d3c11bbfaf39,2026-07-17T17:30:00Z,2026-07-17T19:30:00+0200,2923.98,MW,FR,FR,actual_onshore_wind_generation,Wind Onshore,2026-08-13T16:47:47Z
2026-08-13T16:46:02Z,2026-08-13T18:46:02+0200,bbadff40-465f-4669-a5ab-d3c11bbfaf39,2026-07-17T17:45:00Z,2026-07-17T19:45:00+0200,2977.51,MW,FR,FR,actual_onshore_wind_generation,Wind Onshore,2026-08-13T16:47:47Z
2026-08-13T16:46:02Z,2026-08-13T18:46:02+0200,bbadff40-465f-4669-a5ab-d3c11bbfaf39,2026-07-17T18:00:00Z,2026-07-17T20:00:00+0200,2990.0,MW,FR,FR,actual_onshore_wind_generation,Wind Onshore,2026-08-13T16:47:47Z
2026-08-13T16:46:02Z,2026-08-13T18:46:02+0200,bbadff40-465f-4669-a5ab-d3c11bbfaf39,2026-07-17T18:15:00Z,2026-07-17T20:15:00+0200,2933.79,MW,FR,FR,actual_onshore_wind_generation,Wind Onshore,2026-08-13T16:47:47Z
2026-08-13T16:46:02Z,2026-08-13T18:46:02+0200,bbadff40-465f-4669-a5ab-d3c11bbfaf39,2026-07-17T18:30:00Z,2026-07-17T20:30:00+0200,2854.73,MW,FR,FR,actual_onshore_wind_generation,Wind Onshore,2026-08-13T16:47:47Z
2026-08-13T16:46:02Z,2026-08-13T18:46:02+0200,bbadff40-465f-4669-a5ab-d3c11bbfaf39,2026-07-17T18:45:00Z,2026-07-17T20:45:00+0200,2782.71,MW,FR,FR,actual_onshore_wind_generation,Wind Onshore,2026-08-13T16:47:47Z
2026-08-13T16:46:02Z,2026-08-13T18:46:02+0200,bbadff40-465f-4669-a5ab-d3c11bbfaf39,2026-07-17T19:00:00Z,2026-07-17T21:00:00+0200,2733.22,MW,FR,FR,actual_onshore_wind_generation,Wind Onshore,2026-08-13T16:47:47Z
2026-08-13T16:46:02Z,2026-08-13T18:46:02+0200,bbadff40-465f-4669-a5ab-d3c11bbfaf39,2026-07-17T19:15:00Z,2026-07-17T21:15:00+0200,2718.19,MW,FR,FR,actual_onshore_wind_generation,Wind Onshore,2026-08-13T16:47:47Z
2026-08-13T16:46:02Z,2026-08-13T18:46:02+0200,bbadff40-465f-4669-a5ab-d3c11bbfaf39,2026-07-17T19:30:00Z,2026-07-17T21:30:00+0200,2752.21,MW,FR,FR,actual_onshore_wind_generation,Wind Onshore,2026-08-13T16:47:47Z
2026-08-13T16:46:02Z,2026-08-13T18:46:02+0200,bbadff40-465f-4669-a5ab-d3c11bbfaf39,2026-07-17T19:45:00Z,2026-07-17T21:45:00+0200,2744.51,MW,FR,FR,actual_onshore_wind_generation,Wind Onshore,2026-08-13T16:47:47Z
2026-08-13T16:46:02Z,2026-08-13T18:46:02+0200,bbadff40-465f-4669-a5ab-d3c11bbfaf39,2026-07-17T20:00:00Z,2026-07-17T22:00:00+0200,2735.07,MW,FR,FR,actual_onshore_wind_generation,Wind Onshore,2026-08-13T16:47:47Z
2026-08-13T16:46:02Z,2026-08-13T18:46:02+0200,bbadff40-465f-4669-a5ab-d3c11bbfaf39,2026-07-17T20:15:00Z,2026-07-17T22:15:00+0200,2786.94,MW,FR,FR,actual_onshore_wind_generation,Wind Onshore,2026-08-13T16:47:47Z
2026-08-13T16:46:02Z,2026-08-13T18:46:02+0200,bbadff40-465f-4669-a5ab-d3c11bbfaf39,2026-07-17T20:30:00Z,2026-07-17T22:30:00+0200,2788.92,MW,FR,FR,actual_onshore_wind_generation,Wind Onshore,2026-08-13T16:47:47Z
2026-08-13T16:46:02Z,2026-08-13T18:46:02+0200,bbadff40-465f-4669-a5ab-d3c11bbfaf39,2026-07-17T20:45:00Z,2026-07-17T22:45:00+0200,2717.91,MW,FR,FR,actual_onshore_wind_generation,Wind Onshore,2026-08-13T16:47:47Z
2026-08-13T16:46:02Z,2026-08-13T18:46:02+0200,bbadff40-465f-4669-a5ab-d3c11bbfaf39,2026-07-17T21:00:00Z,2026-07-17T23:00:00+0200,2606.92,MW,FR,FR,actual_onshore_wind_generation,Wind Onshore,2026-08-13T16:47:47Z
2026-08-13T16:46:02Z,2026-08-13T18:46:02+0200,bbadff40-465f-4669-a5ab-d3c11bbfaf39,2026-07-17T21:15:00Z,2026-07-17T23:15:00+0200,2456.08,MW,FR,FR,actual_onshore_wind_generation,Wind Onshore,2026-08-13T16:47:47Z
2026-08-13T16:46:02Z,2026-08-13T18:46:02+0200,bbadff40-465f-4669-a5ab-d3c11bbfaf39,2026-07-17T21:30:00Z,2026-07-17T23:30:00+0200,2400.22,MW,FR,FR,actual_onshore_wind_generation,Wind Onshore,2026-08-13T16:47:47Z
2026-08-13T16:46:02Z,2026-08-13T18:46:02+0200,bbadff40-465f-4669-a5ab-d3c11bbfaf39,2026-07-17T21:45:00Z,2026-07-17T23:45:00+0200,2430.84,MW,FR,FR,actual_onshore_wind_generation,Wind Onshore,2026-08-13T16:47:47Z
2026-08-13T16:46:02Z,2026-08-13T18:46:02+0200,bbadff40-465f-4669-a5ab-d3c11bbfaf39,2026-07-17T22:00:00Z,2026-07-18T00:00:00+0200,2418.28,MW,FR,FR,actual_onshore_wind_generation,Wind Onshore,2026-08-13T16:47:47Z
2026-08-13T16:46:02Z,2026-08-13T18:46:02+0200,bbadff40-465f-4669-a5ab-d3c11bbfaf39,2026-07-17T22:15:00Z,2026-07-18T00:15:00+0200,2382.42,MW,FR,FR,actual_onshore_wind_generation,Wind Onshore,2026-08-13T16:47:47Z
2026-08-13T16:46:02Z,2026-08-13T18:46:02+0200,bbadff40-465f-4669-a5ab-d3c11bbfaf39,2026-07-17T22:30:00Z,2026-07-18T00:30:00+0200,2331.62,MW,FR,FR,actual_onshore_wind_generation,Wind Onshore,2026-08-13T16:47:47Z
2026-08-13T16:46:02Z,2026-08-13T18:46:02+0200,bbadff40-465f-4669-a5ab-d3c11bbfaf39,2026-07-17T22:45:00Z,2026-07-18T00:45:00+0200,2383.01,MW,FR,FR,actual_onshore_wind_generation,Wind Onshore,2026-08-13T16:47:47Z
2026-08-13T16:46:02Z,2026-08-13T18:46:02+0200,bbadff40-465f-4669-a5ab-d3c11bbfaf39,2026-07-17T23:00:00Z,2026-07-18T01:00:00+0200,2375.28,MW,FR,FR,actual_onshore_wind_generation,Wind Onshore,2026-08-13T16:47:47Z
2026-08-13T16:46:02Z,2026-08-13T18:46:02+0200,bbadff40-465f-4669-a5ab-d3c11bbfaf39,2026-07-17T23:15:00Z,2026-07-18T01:15:00+0200,2380.31,MW,FR,FR,actual_onshore_wind_generation,Wind Onshore,2026-08-13T16:47:47Z
2026-08-13T16:46:02Z,2026-08-13T18:46:02+0200,bbadff40-465f-4669-a5ab-d3c11bbfaf39,2026-07-17T23:30:00Z,2026-07-18T01:30:00+0200,2312.57,MW,FR,FR,actual_onshore_wind_generation,Wind Onshore,2026-08-13T16:47:47Z
2026-08-13T16:46:02Z,2026-08-13T18:46:02+0200,bbadff40-465f-4669-a5ab-d3c11bbfaf39,2026-07-17T23:45:00Z,2026-07-18T01:45:00+0200,2251.23,MW,FR,FR,actual_onshore_wind_generation,Wind Onshore,2026-08-13T16:47:47Z
2026-08-13T16:46:02Z,2026-08-13T18:46:02+0200,bbadff40-465f-4669-a5ab-d3c11bbfaf39,2026-07-18T00:00:00Z,2026-07-18T02:00:00+0200,2202.44,MW,FR,FR,actual_onshore_wind_generation,Wind Onshore,2026-08-13T16:47:47Z
2026-08-13T16:46:02Z,2026-08-13T18:46:02+0200,bbadff40-465f-4669-a5ab-d3c11bbfaf39,2026-07-18T00:15:00Z,2026-07-18T02:15:00+0200,2125.4,MW,FR,FR,actual_onshore_wind_generation,Wind Onshore,2026-08-13T16:47:47Z
2026-08-13T16:46:02Z,2026-08-13T18:46:02+0200,bbadff40-465f-4669-a5ab-d3c11bbfaf39,2026-07-18T00:30:00Z,2026-07-18T02:30:00+0200,2040.84,MW,FR,FR,actual_onshore_wind_generation,Wind Onshore,2026-08-13T16:47:47Z
2026-08-13T16:46:02Z,2026-08-13T18:46:02+0200,bbadff40-465f-4669-a5ab-d3c11bbfaf39,2026-07-18T00:45:00Z,2026-07-18T02:45:00+0200,1975.75,MW,FR,FR,actual_onshore_wind_generation,Wind Onshore,2026-08-13T16:47:47Z
2026-08-13T16:46:02Z,2026-08-13T18:46:02+0200,bbadff40-465f-4669-a5ab-d3c11bbfaf39,2026-07-18T01:00:00Z,2026-07-18T03:00:00+0200,1941.59,MW,FR,FR,actual_onshore_wind_generation,Wind Onshore,2026-08-13T16:47:47Z
2026-08-13T16:46:02Z,2026-08-13T18:46:02+0200,bbadff40-465f-4669-a5ab-d3c11bbfaf39,2026-07-18T01:15:00Z,2026-07-18T03:15:00+0200,1920.9,MW,FR,FR,actual_onshore_wind_generation,Wind Onshore,2026-08-13T16:47:47Z
2026-08-13T16:46:02Z,2026-08-13T18:46:02+0200,bbadff40-465f-4669-a5ab-d3c11bbfaf39,2026-07-18T01:30:00Z,2026-07-18T03:30:00+0200,1815.83,MW,FR,FR,actual_onshore_wind_generation,Wind Onshore,2026-08-13T16:47:47Z
2026-08-13T16:46:02Z,2026-08-13T18:46:02+0200,bbadff40-465f-4669-a5ab-d3c11bbfaf39,2026-07-18T01:45:00Z,2026-07-18T03:45:00+0200,1704.69,MW,FR,FR,actual_onshore_wind_generation,Wind Onshore,2026-08-13T16:47:47Z
2026-08-13T16:46:02Z,2026-08-13T18:46:02+0200,bbadff40-465f-4669-a5ab-d3c11bbfaf39,2026-07-18T02:00:00Z,2026-07-18T04:00:00+0200,1616.39,MW,FR,FR,actual_onshore_wind_generation,Wind Onshore,2026-08-13T16:47:47Z
2026-08-13T16:46:02Z,2026-08-13T18:46:02+0200,bbadff40-465f-4669-a5ab-d3c11bbfaf39,2026-07-18T02:15:00Z,2026-07-18T04:15:00+0200,1551.02,MW,FR,FR,actual_onshore_wind_generation,Wind Onshore,2026-08-13T16:47:47Z
2026-08-13T16:46:02Z,2026-08-13T18:46:02+0200,bbadff40-465f-4669-a5ab-d3c11bbfaf39,2026-07-18T02:30:00Z,2026-07-18T04:30:00+0200,1500.68,MW,FR,FR,actual_onshore_wind_generation,Wind Onshore,2026-08-13T16:47:47Z
2026-08-13T16:46:02Z,2026-08-13T18:46:02+0200,bbadff40-465f-4669-a5ab-d3c11bbfaf39,2026-07-18T02:45:00Z,2026-07-18T04:45:00+0200,1455.53,MW,FR,FR,actual_onshore_wind_generation,Wind Onshore,2026-08-13T16:47:47Z
2026-08-13T16:46:02Z,2026-08-13T18:46:02+0200,bbadff40-465f-4669-a5ab-d3c11bbfaf39,2026-07-18T03:00:00Z,2026-07-18T05:00:00+0200,1406.69,MW,FR,FR,actual_onshore_wind_generation,Wind Onshore,2026-08-13T16:47:47Z
2026-08-13T16:46:02Z,2026-08-13T18:46:02+0200,bbadff40-465f-4669-a5ab-d3c11bbfaf39,2026-07-18T03:15:00Z,2026-07-18T05:15:00+0200,1379.06,MW,FR,FR,actual_onshore_wind_generation,Wind Onshore,2026-08-13T16:47:47Z
2026-08-13T16:46:02Z,2026-08-13T18:46:02+0200,bbadff40-465f-4669-a5ab-d3c11bbfaf39,2026-07-18T03:30:00Z,2026-07-18T05:30:00+0200,1377.79,MW,FR,FR,actual_onshore_wind_generation,Wind Onshore,2026-08-13T16:47:47Z
2026-08-13T16:46:02Z,2026-08-13T18:46:02+0200,bbadff40-465f-4669-a5ab-d3c11bbfaf39,2026-07-18T03:45:00Z,2026-07-18T05:45:00+0200,1371.07,MW,FR,FR,actual_onshore_wind_generation,Wind Onshore,2026-08-13T16:47:47Z
2026-08-13T16:46:02Z,2026-08-13T18:46:02+0200,bbadff40-465f-4669-a5ab-d3c11bbfaf39,2026-07-18T04:00:00Z,2026-07-18T06:00:00+0200,1346.53,MW,FR,FR,actual_onshore_wind_generation,Wind Onshore,2026-08-13T16:47:47Z
2026-08-13T16:46:02Z,2026-08-13T18:46:02+0200,bbadff40-465f-4669-a5ab-d3c11bbfaf39,2026-07-18T04:15:00Z,2026-07-18T06:15:00+0200,1357.61,MW,FR,FR,actual_onshore_wind_generation,Wind Onshore,2026-08-13T16:47:47Z
2026-08-13T16:46:02Z,2026-08-13T18:46:02+0200,bbadff40-465f-4669-a5ab-d3c11bbfaf39,2026-07-18T04:30:00Z,2026-07-18T06:30:00+0200,1325.48,MW,FR,FR,actual_onshore_wind_generation,Wind Onshore,2026-08-13T16:47:47Z
2026-08-13T16:46:02Z,2026-08-13T18:46:02+0200,bbadff40-465f-4669-a5ab-d3c11bbfaf39,2026-07-18T04:45:00Z,2026-07-18T06:45:00+0200,1314.23,MW,FR,FR,actual_onshore_wind_generation,Wind Onshore,2026-08-13T16:47:47Z
2026-08-13T16:46:02Z,2026-08-13T18:46:02+0200,bbadff40-465f-4669-a5ab-d3c11bbfaf39,2026-07-18T05:00:00Z,2026-07-18T07:00:00+0200,1339.78,MW,FR,FR,actual_onshore_wind_generation,Wind Onshore,2026-08-13T16:47:47Z
2026-08-13T16:46:02Z,2026-08-13T18:46:02+0200,bbadff40-465f-4669-a5ab-d3c11bbfaf39,2026-07-18T05:15:00Z,2026-07-18T07:15:00+0200,1306.27,MW,FR,FR,actual_onshore_wind_generation,Wind Onshore,2026-08-13T16:47:47Z
2026-08-13T16:46:02Z,2026-08-13T18:46:02+0200,bbadff40-465f-4669-a5ab-d3c11bbfaf39,2026-07-18T05:30:00Z,2026-07-18T07:30:00+0200,1205.11,MW,FR,FR,actual_onshore_wind_generation,Wind Onshore,2026-08-13T16:47:47Z
2026-08-13T16:46:02Z,2026-08-13T18:46:02+0200,bbadff40-465f-4669-a5ab-d3c11bbfaf39,2026-07-18T05:45:00Z,2026-07-18T07:45:00+0200,1141.21,MW,FR,FR,actual_onshore_wind_generation,Wind Onshore,2026-08-13T16:47:47Z
2026-08-13T16:46:02Z,2026-08-13T18:46:02+0200,bbadff40-465f-4669-a5ab-d3c11bbfaf39,2026-07-18T06:00:00Z,2026-07-18T08:00:00+0200,1058.82,MW,FR,FR,actual_onshore_wind_generation,Wind Onshore,2026-08-13T16:47:47Z
2026-08-13T16:46:02Z,2026-08-13T18:46:02+0200,bbadff40-465f-4669-a5ab-d3c11bbfaf39,2026-07-18T06:15:00Z,2026-07-18T08:15:00+0200,929.09,MW,FR,FR,actual_onshore_wind_generation,Wind Onshore,2026-08-13T16:47:47Z
2026-08-13T16:46:02Z,2026-08-13T18:46:02+0200,bbadff40-465f-4669-a5ab-d3c11bbfaf39,2026-07-18T06:30:00Z,2026-07-18T08:30:00+0200,813.23,MW,FR,FR,actual_onshore_wind_generation,Wind Onshore,2026-08-13T16:47:47Z
2026-08-13T16:46:02Z,2026-08-13T18:46:02+0200,bbadff40-465f-4669-a5ab-d3c11bbfaf39,2026-07-18T06:45:00Z,2026-07-18T08:45:00+0200,741.56,MW,FR,FR,actual_onshore_wind_generation,Wind Onshore,2026-08-13T16:47:47Z
2026-08-13T16:46:02Z,2026-08-13T18:46:02+0200,bbadff40-465f-4669-a5ab-d3c11bbfaf39,2026-07-18T07:00:00Z,2026-07-18T09:00:00+0200,701.34,MW,FR,FR,actual_onshore_wind_generation,Wind Onshore,2026-08-13T16:47:47Z
2026-08-13T16:46:02Z,2026-08-13T18:46:02+0200,bbadff40-465f-4669-a5ab-d3c11bbfaf39,2026-07-18T07:15:00Z,2026-07-18T09:15:00+0200,693.24,MW,FR,FR,actual_onshore_wind_generation,Wind Onshore,2026-08-13T16:47:47Z
2026-08-13T16:46:02Z,2026-08-13T18:46:02+0200,bbadff40-465f-4669-a5ab-d3c11bbfaf39,2026-07-18T07:30:00Z,2026-07-18T09:30:00+0200,678.19,MW,FR,FR,actual_onshore_wind_generation,Wind Onshore,2026-08-13T16:47:47Z
2026-08-13T16:46:02Z,2026-08-13T18:46:02+0200,bbadff40-465f-4669-a5ab-d3c11bbfaf39,2026-07-18T07:45:00Z,2026-07-18T09:45:00+0200,682.21,MW,FR,FR,actual_onshore_wind_generation,Wind Onshore,2026-08-13T16:47:47Z
2026-08-13T16:46:02Z,2026-08-13T18:46:02+0200,bbadff40-465f-4669-a5ab-d3c11bbfaf39,2026-07-18T08:00:00Z,2026-07-18T10:00:00+0200,678.12,MW,FR,FR,actual_onshore_wind_generation,Wind Onshore,2026-08-13T16:47:47Z
2026-08-13T16:46:02Z,2026-08-13T18:46:02+0200,bbadff40-465f-4669-a5ab-d3c11bbfaf39,2026-07-18T08:15:00Z,2026-07-18T10:15:00+0200,679.04,MW,FR,FR,actual_onshore_wind_generation,Wind Onshore,2026-08-13T16:47:47Z
2026-08-13T16:46:02Z,2026-08-13T18:46:02+0200,bbadff40-465f-4669-a5ab-d3c11bbfaf39,2026-07-18T08:30:00Z,2026-07-18T10:30:00+0200,685.81,MW,FR,FR,actual_onshore_wind_generation,Wind Onshore,2026-08-13T16:47:47Z
2026-08-13T16:46:02Z,2026-08-13T18:46:02+0200,bbadff40-465f-4669-a5ab-d3c11bbfaf39,2026-07-18T08:45:00Z,2026-07-18T10:45:00+0200,681.94,MW,FR,FR,actual_onshore_wind_generation,Wind Onshore,2026-08-13T16:47:47Z
2026-08-13T16:46:02Z,2026-08-13T18:46:02+0200,bbadff40-465f-4669-a5ab-d3c11bbfaf39,2026-07-18T09:00:00Z,2026-07-18T11:00:00+0200,675.65,MW,FR,FR,actual_onshore_wind_generation,Wind Onshore,2026-08-13T16:47:47Z
2026-08-13T16:46:02Z,2026-08-13T18:46:02+0200,bbadff40-465f-4669-a5ab-d3c11bbfaf39,2026-07-18T09:15:00Z,2026-07-18T11:15:00+0200,656.99,MW,FR,FR,actual_onshore_wind_generation,Wind Onshore,2026-08-13T16:47:47Z
2026-08-13T16:46:02Z,2026-08-13T18:46:02+0200,bbadff40-465f-4669-a5ab-d3c11bbfaf39,2026-07-18T09:30:00Z,2026-07-18T11:30:00+0200,646.69,MW,FR,FR,actual_onshore_wind_generation,Wind Onshore,2026-08-13T16:47:47Z
2026-08-13T16:46:02Z,2026-08-13T18:46:02+0200,bbadff40-465f-4669-a5ab-d3c11bbfaf39,2026-07-18T09:45:00Z,2026-07-18T11:45:00+0200,651.72,MW,FR,FR,actual_onshore_wind_generation,Wind Onshore,2026-08-13T16:47:47Z
2026-08-13T16:46:02Z,2026-08-13T18:46:02+0200,bbadff40-465f-4669-a5ab-d3c11bbfaf39,2026-07-18T10:00:00Z,2026-07-18T12:00:00+0200,665.21,MW,FR,FR,actual_onshore_wind_generation,Wind Onshore,2026-08-13T16:47:47Z
2026-08-13T16:46:02Z,2026-08-13T18:46:02+0200,bbadff40-465f-4669-a5ab-d3c11bbfaf39,2026-07-18T10:15:00Z,2026-07-18T12:15:00+0200,696.75,MW,FR,FR,actual_onshore_wind_generation,Wind Onshore,2026-08-13T16:47:47Z
2026-08-13T16:46:02Z,2026-08-13T18:46:02+0200,bbadff40-465f-4669-a5ab-d3c11bbfaf39,2026-07-18T10:30:00Z,2026-07-18T12:30:00+0200,724.83,MW,FR,FR,actual_onshore_wind_generation,Wind Onshore,2026-08-13T16:47:47Z
2026-08-13T16:46:02Z,2026-08-13T18:46:02+0200,bbadff40-465f-4669-a5ab-d3c11bbfaf39,2026-07-18T10:45:00Z,2026-07-18T12:45:00+0200,763.15,MW,FR,FR,actual_onshore_wind_generation,Wind Onshore,2026-08-13T16:47:47Z
2026-08-13T16:46:02Z,2026-08-13T18:46:02+0200,bbadff40-465f-4669-a5ab-d3c11bbfaf39,2026-07-18T11:00:00Z,2026-07-18T13:00:00+0200,817.89,MW,FR,FR,actual_onshore_wind_generation,Wind Onshore,2026-08-13T16:47:47Z
2026-08-13T16:46:02Z,2026-08-13T18:46:02+0200,bbadff40-465f-4669-a5ab-d3c11bbfaf39,2026-07-18T11:15:00Z,2026-07-18T13:15:00+0200,828.34,MW,FR,FR,actual_onshore_wind_generation,Wind Onshore,2026-08-13T16:47:47Z
2026-08-13T16:46:02Z,2026-08-13T18:46:02+0200,bbadff40-465f-4669-a5ab-d3c11bbfaf39,2026-07-18T11:30:00Z,2026-07-18T13:30:00+0200,786.81,MW,FR,FR,actual_onshore_wind_generation,Wind Onshore,2026-08-13T16:47:47Z
2026-08-13T16:46:02Z,2026-08-13T18:46:02+0200,bbadff40-465f-4669-a5ab-d3c11bbfaf39,2026-07-18T11:45:00Z,2026-07-18T13:45:00+0200,845.33,MW,FR,FR,actual_onshore_wind_generation,Wind Onshore,2026-08-13T16:47:47Z
2026-08-13T16:46:02Z,2026-08-13T18:46:02+0200,bbadff40-465f-4669-a5ab-d3c11bbfaf39,2026-07-18T12:00:00Z,2026-07-18T14:00:00+0200,909.74,MW,FR,FR,actual_onshore_wind_generation,Wind Onshore,2026-08-13T16:47:47Z
2026-08-13T16:46:02Z,2026-08-13T18:46:02+0200,bbadff40-465f-4669-a5ab-d3c11bbfaf39,2026-07-18T12:15:00Z,2026-07-18T14:15:00+0200,959.64,MW,FR,FR,actual_onshore_wind_generation,Wind Onshore,2026-08-13T16:47:47Z
2026-08-13T16:46:02Z,2026-08-13T18:46:02+0200,bbadff40-465f-4669-a5ab-d3c11bbfaf39,2026-07-18T12:30:00Z,2026-07-18T14:30:00+0200,1008.14,MW,FR,FR,actual_onshore_wind_generation,Wind Onshore,2026-08-13T16:47:47Z
2026-08-13T16:46:02Z,2026-08-13T18:46:02+0200,bbadff40-465f-4669-a5ab-d3c11bbfaf39,2026-07-18T12:45:00Z,2026-07-18T14:45:00+0200,1108.91,MW,FR,FR,actual_onshore_wind_generation,Wind Onshore,2026-08-13T16:47:47Z
2026-08-13T16:46:02Z,2026-08-13T18:46:02+0200,bbadff40-465f-4669-a5ab-d3c11bbfaf39,2026-07-18T13:00:00Z,2026-07-18T15:00:00+0200,1414.49,MW,FR,FR,actual_onshore_wind_generation,Wind Onshore,2026-08-13T16:47:47Z
2026-08-13T16:46:02Z,2026-08-13T18:46:02+0200,bbadff40-465f-4669-a5ab-d3c11bbfaf39,2026-07-18T13:15:00Z,2026-07-18T15:15:00+0200,1717.59,MW,FR,FR,actual_onshore_wind_generation,Wind Onshore,2026-08-13T16:47:47Z
2026-08-13T16:46:02Z,2026-08-13T18:46:02+0200,bbadff40-465f-4669-a5ab-d3c11bbfaf39,2026-07-18T13:30:00Z,2026-07-18T15:30:00+0200,1896.47,MW,FR,FR,actual_onshore_wind_generation,Wind Onshore,2026-08-13T16:47:47Z
2026-08-13T16:46:02Z,2026-08-13T18:46:02+0200,bbadff40-465f-4669-a5ab-d3c11bbfaf39,2026-07-18T13:45:00Z,2026-07-18T15:45:00+0200,2119.35,MW,FR,FR,actual_onshore_wind_generation,Wind Onshore,2026-08-13T16:47:47Z
2026-08-13T16:46:02Z,2026-08-13T18:46:02+0200,bbadff40-465f-4669-a5ab-d3c11bbfaf39,2026-07-18T14:00:00Z,2026-07-18T16:00:00+0200,2341.12,MW,FR,FR,actual_onshore_wind_generation,Wind Onshore,2026-08-13T16:47:47Z
2026-08-13T16:46:02Z,2026-08-13T18:46:02+0200,bbadff40-465f-4669-a5ab-d3c11bbfaf39,2026-07-18T14:15:00Z,2026-07-18T16:15:00+0200,2568.18,MW,FR,FR,actual_onshore_wind_generation,Wind Onshore,2026-08-13T16:47:47Z
2026-08-13T16:46:02Z,2026-08-13T18:46:02+0200,bbadff40-465f-4669-a5ab-d3c11bbfaf39,2026-07-18T14:30:00Z,2026-07-18T16:30:00+0200,2767.27,MW,FR,FR,actual_onshore_wind_generation,Wind Onshore,2026-08-13T16:47:47Z
2026-08-13T16:46:02Z,2026-08-13T18:46:02+0200,bbadff40-465f-4669-a5ab-d3c11bbfaf39,2026-07-18T14:45:00Z,2026-07-18T16:45:00+0200,2959.35,MW,FR,FR,actual_onshore_wind_generation,Wind Onshore,2026-08-13T16:47:47Z
2026-08-13T16:46:02Z,2026-08-13T18:46:02+0200,bbadff40-465f-4669-a5ab-d3c11bbfaf39,2026-07-18T15:00:00Z,2026-07-18T17:00:00+0200,3045.65,MW,FR,FR,actual_onshore_wind_generation,Wind Onshore,2026-08-13T16:47:47Z
2026-08-13T16:46:02Z,2026-08-13T18:46:02+0200,bbadff40-465f-4669-a5ab-d3c11bbfaf39,2026-07-18T15:15:00Z,2026-07-18T17:15:00+0200,3158.49,MW,FR,FR,actual_onshore_wind_generation,Wind Onshore,2026-08-13T16:47:47Z
2026-08-13T16:46:02Z,2026-08-13T18:46:02+0200,bbadff40-465f-4669-a5ab-d3c11bbfaf39,2026-07-18T15:30:00Z,2026-07-18T17:30:00+0200,3261.71,MW,FR,FR,actual_onshore_wind_generation,Wind Onshore,2026-08-13T16:47:47Z
2026-08-13T16:46:02Z,2026-08-13T18:46:02+0200,bbadff40-465f-4669-a5ab-d3c11bbfaf39,2026-07-18T15:45:00Z,2026-07-18T17:45:00+0200,3378.08,MW,FR,FR,actual_onshore_wind_generation,Wind Onshore,2026-08-13T16:47:47Z
2026-08-13T16:46:02Z,2026-08-13T18:46:02+0200,bbadff40-465f-4669-a5ab-d3c11bbfaf39,2026-07-18T16:00:00Z,2026-07-18T18:00:00+0200,3484.42,MW,FR,FR,actual_onshore_wind_generation,Wind Onshore,2026-08-13T16:47:47Z
2026-08-13T16:46:02Z,2026-08-13T18:46:02+0200,bbadff40-465f-4669-a5ab-d3c11bbfaf39,2026-07-18T16:15:00Z,2026-07-18T18:15:00+0200,3572.35,MW,FR,FR,actual_onshore_wind_generation,Wind Onshore,2026-08-13T16:47:47Z
2026-08-13T16:46:02Z,2026-08-13T18:46:02+0200,bbadff40-465f-4669-a5ab-d3c11bbfaf39,2026-07-18T16:30:00Z,2026-07-18T18:30:00+0200,3706.57,MW,FR,FR,actual_onshore_wind_generation,Wind Onshore,2026-08-13T16:47:47Z
2026-08-13T16:46:02Z,2026-08-13T18:46:02+0200,bbadff40-465f-4669-a5ab-d3c11bbfaf39,2026-07-18T16:45:00Z,2026-07-18T18:45:00+0200,3925.65,MW,FR,FR,actual_onshore_wind_generation,Wind Onshore,2026-08-13T16:47:47Z
2026-08-13T16:46:02Z,2026-08-13T18:46:02+0200,bbadff40-465f-4669-a5ab-d3c11bbfaf39,2026-07-18T17:00:00Z,2026-07-18T19:00:00+0200,4070.28,MW,FR,FR,actual_onshore_wind_generation,Wind Onshore,2026-08-13T16:47:47Z
2026-08-13T16:46:02Z,2026-08-13T18:46:02+0200,bbadff40-465f-4669-a5ab-d3c11bbfaf39,2026-07-18T17:15:00Z,2026-07-18T19:15:00+0200,4211.49,MW,FR,FR,actual_onshore_wind_generation,Wind Onshore,2026-08-13T16:47:47Z
2026-08-13T16:46:02Z,2026-08-13T18:46:02+0200,bbadff40-465f-4669-a5ab-d3c11bbfaf39,2026-07-18T17:30:00Z,2026-07-18T19:30:00+0200,4403.6,MW,FR,FR,actual_onshore_wind_generation,Wind Onshore,2026-08-13T16:47:47Z
2026-08-13T16:46:02Z,2026-08-13T18:46:02+0200,bbadff40-465f-4669-a5ab-d3c11bbfaf39,2026-07-18T17:45:00Z,2026-07-18T19:45:00+0200,4618.05,MW,FR,FR,actual_onshore_wind_generation,Wind Onshore,2026-08-13T16:47:47Z
2026-08-13T16:46:02Z,2026-08-13T18:46:02+0200,bbadff40-465f-4669-a5ab-d3c11bbfaf39,2026-07-18T18:00:00Z,2026-07-18T20:00:00+0200,4912.23,MW,FR,FR,actual_onshore_wind_generation,Wind Onshore,2026-08-13T16:47:47Z
2026-08-13T16:46:02Z,2026-08-13T18:46:02+0200,bbadff40-465f-4669-a5ab-d3c11bbfaf39,2026-07-18T18:15:00Z,2026-07-18T20:15:00+0200,5366.85,MW,FR,FR,actual_onshore_wind_generation,Wind Onshore,2026-08-13T16:47:47Z
2026-08-13T16:46:02Z,2026-08-13T18:46:02+0200,bbadff40-465f-4669-a5ab-d3c11bbfaf39,2026-07-18T18:30:00Z,2026-07-18T20:30:00+0200,5648.83,MW,FR,FR,actual_onshore_wind_generation,Wind Onshore,2026-08-13T16:47:47Z
2026-08-13T16:46:02Z,2026-08-13T18:46:02+0200,bbadff40-465f-4669-a5ab-d3c11bbfaf39,2026-07-18T18:45:00Z,2026-07-18T20:45:00+0200,5814.6,MW,FR,FR,actual_onshore_wind_generation,Wind Onshore,2026-08-13T16:47:47Z
2026-08-13T16:46:02Z,2026-08-13T18:46:02+0200,bbadff40-465f-4669-a5ab-d3c11bbfaf39,2026-07-18T19:00:00Z,2026-07-18T21:00:00+0200,5898.01,MW,FR,FR,actual_onshore_wind_generation,Wind Onshore,2026-08-13T16:47:47Z
2026-08-13T16:46:02Z,2026-08-13T18:46:02+0200,bbadff40-465f-4669-a5ab-d3c11bbfaf39,2026-07-18T19:15:00Z,2026-07-18T21:15:00+0200,5840.52,MW,FR,FR,actual_onshore_wind_generation,Wind Onshore,2026-08-13T16:47:47Z
2026-08-13T16:46:02Z,2026-08-13T18:46:02+0200,bbadff40-465f-4669-a5ab-d3c11bbfaf39,2026-07-18T19:30:00Z,2026-07-18T21:30:00+0200,5696.01,MW,FR,FR,actual_onshore_wind_generation,Wind Onshore,2026-08-13T16:47:47Z
2026-08-13T16:46:02Z,2026-08-13T18:46:02+0200,bbadff40-465f-4669-a5ab-d3c11bbfaf39,2026-07-18T19:45:00Z,2026-07-18T21:45:00+0200,5543.51,MW,FR,FR,actual_onshore_wind_generation,Wind Onshore,2026-08-13T16:47:47Z
2026-08-13T16:46:02Z,2026-08-13T18:46:02+0200,bbadff40-465f-4669-a5ab-d3c11bbfaf39,2026-07-18T20:00:00Z,2026-07-18T22:00:00+0200,5377.6,MW,FR,FR,actual_onshore_wind_generation,Wind Onshore,2026-08-13T16:47:47Z
2026-08-13T16:46:02Z,2026-08-13T18:46:02+0200,bbadff40-465f-4669-a5ab-d3c11bbfaf39,2026-07-18T20:15:00Z,2026-07-18T22:15:00+0200,5217.22,MW,FR,FR,actual_onshore_wind_generation,Wind Onshore,2026-08-13T16:47:47Z
2026-08-13T16:46:02Z,2026-08-13T18:46:02+0200,bbadff40-465f-4669-a5ab-d3c11bbfaf39,2026-07-18T20:30:00Z,2026-07-18T22:30:00+0200,5126.21,MW,FR,FR,actual_onshore_wind_generation,Wind Onshore,2026-08-13T16:47:47Z
2026-08-13T16:46:02Z,2026-08-13T18:46:02+0200,bbadff40-465f-4669-a5ab-d3c11bbfaf39,2026-07-18T20:45:00Z,2026-07-18T22:45:00+0200,4915.76,MW,FR,FR,actual_onshore_wind_generation,Wind Onshore,2026-08-13T16:47:47Z
2026-08-13T16:46:02Z,2026-08-13T18:46:02+0200,bbadff40-465f-4669-a5ab-d3c11bbfaf39,2026-07-18T21:00:00Z,2026-07-18T23:00:00+0200,4820.85,MW,FR,FR,actual_onshore_wind_generation,Wind Onshore,2026-08-13T16:47:47Z
2026-08-13T16:46:02Z,2026-08-13T18:46:02+0200,bbadff40-465f-4669-a5ab-d3c11bbfaf39,2026-07-18T21:15:00Z,2026-07-18T23:15:00+0200,4756.98,MW,FR,FR,actual_onshore_wind_generation,Wind Onshore,2026-08-13T16:47:47Z
2026-08-13T16:46:02Z,2026-08-13T18:46:02+0200,bbadff40-465f-4669-a5ab-d3c11bbfaf39,2026-07-18T21:30:00Z,2026-07-18T23:30:00+0200,4733.59,MW,FR,FR,actual_onshore_wind_generation,Wind Onshore,2026-08-13T16:47:47Z
2026-08-13T16:46:02Z,2026-08-13T18:46:02+0200,bbadff40-465f-4669-a5ab-d3c11bbfaf39,2026-07-18T21:45:00Z,2026-07-18T23:45:00+0200,4518.17,MW,FR,FR,actual_onshore_wind_generation,Wind Onshore,2026-08-13T16:47:47Z
2026-08-13T16:46:02Z,2026-08-13T18:46:02+0200,bbadff40-465f-4669-a5ab-d3c11bbfaf39,2026-07-18T22:00:00Z,2026-07-19T00:00:00+0200,4321.47,MW,FR,FR,actual_onshore_wind_generation,Wind Onshore,2026-08-13T16:47:47Z
2026-08-13T16:46:02Z,2026-08-13T18:46:02+0200,bbadff40-465f-4669-a5ab-d3c11bbfaf39,2026-07-18T22:15:00Z,2026-07-19T00:15:00+0200,4454.59,MW,FR,FR,actual_onshore_wind_generation,Wind Onshore,2026-08-13T16:47:47Z
2026-08-13T16:46:02Z,2026-08-13T18:46:02+0200,bbadff40-465f-4669-a5ab-d3c11bbfaf39,2026-07-18T22:30:00Z,2026-07-19T00:30:00+0200,4613.75,MW,FR,FR,actual_onshore_wind_generation,Wind Onshore,2026-08-13T16:47:47Z
2026-08-13T16:46:02Z,2026-08-13T18:46:02+0200,bbadff40-465f-4669-a5ab-d3c11bbfaf39,2026-07-18T22:45:00Z,2026-07-19T00:45:00+0200,4703.78,MW,FR,FR,actual_onshore_wind_generation,Wind Onshore,2026-08-13T16:47:47Z
2026-08-13T16:46:02Z,2026-08-13T18:46:02+0200,bbadff40-465f-4669-a5ab-d3c11bbfaf39,2026-07-18T23:00:00Z,2026-07-19T01:00:00+0200,4939.44,MW,FR,FR,actual_onshore_wind_generation,Wind Onshore,2026-08-13T16:47:47Z
2026-08-13T16:46:02Z,2026-08-13T18:46:02+0200,bbadff40-465f-4669-a5ab-d3c11bbfaf39,2026-07-18T23:15:00Z,2026-07-19T01:15:00+0200,5041.7,MW,FR,FR,actual_onshore_wind_generation,Wind Onshore,2026-08-13T16:47:47Z
2026-08-13T16:46:02Z,2026-08-13T18:46:02+0200,bbadff40-465f-4669-a5ab-d3c11bbfaf39,2026-07-18T23:30:00Z,2026-07-19T01:30:00+0200,4982.31,MW,FR,FR,actual_onshore_wind_generation,Wind Onshore,2026-08-13T16:47:47Z
2026-08-13T16:46:02Z,2026-08-13T18:46:02+0200,bbadff40-465f-4669-a5ab-d3c11bbfaf39,2026-07-18T23:45:00Z,2026-07-19T01:45:00+0200,5062.84,MW,FR,FR,actual_onshore_wind_generation,Wind Onshore,2026-08-13T16:47:47Z
2026-08-13T16:46:02Z,2026-08-13T18:46:02+0200,bbadff40-465f-4669-a5ab-d3c11bbfaf39,2026-07-19T00:00:00Z,2026-07-19T02:00:00+0200,5061.1,MW,FR,FR,actual_onshore_wind_generation,Wind Onshore,2026-08-13T16:47:47Z
2026-08-13T16:46:02Z,2026-08-13T18:46:02+0200,bbadff40-465f-4669-a5ab-d3c11bbfaf39,2026-07-19T00:15:00Z,2026-07-19T02:15:00+0200,5075.7,MW,FR,FR,actual_onshore_wind_generation,Wind Onshore,2026-08-13T16:47:47Z
2026-08-13T16:46:02Z,2026-08-13T18:46:02+0200,bbadff40-465f-4669-a5ab-d3c11bbfaf39,2026-07-19T00:30:00Z,2026-07-19T02:30:00+0200,5058.16,MW,FR,FR,actual_onshore_wind_generation,Wind Onshore,2026-08-13T16:47:47Z
2026-08-13T16:46:02Z,2026-08-13T18:46:02+0200,bbadff40-465f-4669-a5ab-d3c11bbfaf39,2026-07-19T00:45:00Z,2026-07-19T02:45:00+0200,4976.36,MW,FR,FR,actual_onshore_wind_generation,Wind Onshore,2026-08-13T16:47:47Z
2026-08-13T16:46:02Z,2026-08-13T18:46:02+0200,bbadff40-465f-4669-a5ab-d3c11bbfaf39,2026-07-19T01:00:00Z,2026-07-19T03:00:00+0200,4934.89,MW,FR,FR,actual_onshore_wind_generation,Wind Onshore,2026-08-13T16:47:47Z
2026-08-13T16:46:02Z,2026-08-13T18:46:02+0200,bbadff40-465f-4669-a5ab-d3c11bbfaf39,2026-07-19T01:15:00Z,2026-07-19T03:15:00+0200,4900.11,MW,FR,FR,actual_onshore_wind_generation,Wind Onshore,2026-08-13T16:47:47Z
2026-08-13T16:46:02Z,2026-08-13T18:46:02+0200,bbadff40-465f-4669-a5ab-d3c11bbfaf39,2026-07-19T01:30:00Z,2026-07-19T03:30:00+0200,4755.14,MW,FR,FR,actual_onshore_wind_generation,Wind Onshore,2026-08-13T16:47:47Z
2026-08-13T16:46:02Z,2026-08-13T18:46:02+0200,bbadff40-465f-4669-a5ab-d3c11bbfaf39,2026-07-19T01:45:00Z,2026-07-19T03:45:00+0200,4729.56,MW,FR,FR,actual_onshore_wind_generation,Wind Onshore,2026-08-13T16:47:47Z
2026-08-13T16:46:02Z,2026-08-13T18:46:02+0200,bbadff40-465f-4669-a5ab-d3c11bbfaf39,2026-07-19T02:00:00Z,2026-07-19T04:00:00+0200,4677.82,MW,FR,FR,actual_onshore_wind_generation,Wind Onshore,2026-08-13T16:47:47Z
2026-08-13T16:46:02Z,2026-08-13T18:46:02+0200,bbadff40-465f-4669-a5ab-d3c11bbfaf39,2026-07-19T02:15:00Z,2026-07-19T04:15:00+0200,4652.23,MW,FR,FR,actual_onshore_wind_generation,Wind Onshore,2026-08-13T16:47:47Z
2026-08-13T16:46:02Z,2026-08-13T18:46:02+0200,bbadff40-465f-4669-a5ab-d3c11bbfaf39,2026-07-19T02:30:00Z,2026-07-19T04:30:00+0200,4619.3,MW,FR,FR,actual_onshore_wind_generation,Wind Onshore,2026-08-13T16:47:47Z
2026-08-13T16:46:02Z,2026-08-13T18:46:02+0200,bbadff40-465f-4669-a5ab-d3c11bbfaf39,2026-07-19T02:45:00Z,2026-07-19T04:45:00+0200,4581.68,MW,FR,FR,actual_onshore_wind_generation,Wind Onshore,2026-08-13T16:47:47Z
2026-08-13T16:46:02Z,2026-08-13T18:46:02+0200,bbadff40-465f-4669-a5ab-d3c11bbfaf39,2026-07-19T03:00:00Z,2026-07-19T05:00:00+0200,4624.84,MW,FR,FR,actual_onshore_wind_generation,Wind Onshore,2026-08-13T16:47:47Z
2026-08-13T16:46:02Z,2026-08-13T18:46:02+0200,bbadff40-465f-4669-a5ab-d3c11bbfaf39,2026-07-19T03:15:00Z,2026-07-19T05:15:00+0200,4664.35,MW,FR,FR,actual_onshore_wind_generation,Wind Onshore,2026-08-13T16:47:47Z
2026-08-13T16:46:02Z,2026-08-13T18:46:02+0200,bbadff40-465f-4669-a5ab-d3c11bbfaf39,2026-07-19T03:30:00Z,2026-07-19T05:30:00+0200,4737.8,MW,FR,FR,actual_onshore_wind_generation,Wind Onshore,2026-08-13T16:47:47Z
2026-08-13T16:46:02Z,2026-08-13T18:46:02+0200,bbadff40-465f-4669-a5ab-d3c11bbfaf39,2026-07-19T03:45:00Z,2026-07-19T05:45:00+0200,4760.19,MW,FR,FR,actual_onshore_wind_generation,Wind Onshore,2026-08-13T16:47:47Z
2026-08-13T16:46:02Z,2026-08-13T18:46:02+0200,bbadff40-465f-4669-a5ab-d3c11bbfaf39,2026-07-19T04:00:00Z,2026-07-19T06:00:00+0200,4839.41,MW,FR,FR,actual_onshore_wind_generation,Wind Onshore,2026-08-13T16:47:47Z
2026-08-13T16:46:02Z,2026-08-13T18:46:02+0200,bbadff40-465f-4669-a5ab-d3c11bbfaf39,2026-07-19T04:15:00Z,2026-07-19T06:15:00+0200,4852.39,MW,FR,FR,actual_onshore_wind_generation,Wind Onshore,2026-08-13T16:47:47Z
2026-08-13T16:46:02Z,2026-08-13T18:46:02+0200,bbadff40-465f-4669-a5ab-d3c11bbfaf39,2026-07-19T04:30:00Z,2026-07-19T06:30:00+0200,4839.07,MW,FR,FR,actual_onshore_wind_generation,Wind Onshore,2026-08-13T16:47:47Z
2026-08-13T16:46:02Z,2026-08-13T18:46:02+0200,bbadff40-465f-4669-a5ab-d3c11bbfaf39,2026-07-19T04:45:00Z,2026-07-19T06:45:00+0200,4695.82,MW,FR,FR,actual_onshore_wind_generation,Wind Onshore,2026-08-13T16:47:47Z
2026-08-13T16:46:02Z,2026-08-13T18:46:02+0200,bbadff40-465f-4669-a5ab-d3c11bbfaf39,2026-07-19T05:00:00Z,2026-07-19T07:00:00+0200,4619.09,MW,FR,FR,actual_onshore_wind_generation,Wind Onshore,2026-08-13T16:47:47Z
2026-08-13T16:46:02Z,2026-08-13T18:46:02+0200,bbadff40-465f-4669-a5ab-d3c11bbfaf39,2026-07-19T05:15:00Z,2026-07-19T07:15:00+0200,4375.95,MW,FR,FR,actual_onshore_wind_generation,Wind Onshore,2026-08-13T16:47:47Z
2026-08-13T16:46:02Z,2026-08-13T18:46:02+0200,bbadff40-465f-4669-a5ab-d3c11bbfaf39,2026-07-19T05:30:00Z,2026-07-19T07:30:00+0200,4039.4,MW,FR,FR,actual_onshore_wind_generation,Wind Onshore,2026-08-13T16:47:47Z
2026-08-13T16:46:02Z,2026-08-13T18:46:02+0200,bbadff40-465f-4669-a5ab-d3c11bbfaf39,2026-07-19T05:45:00Z,2026-07-19T07:45:00+0200,3694.25,MW,FR,FR,actual_onshore_wind_generation,Wind Onshore,2026-08-13T16:47:47Z
2026-08-13T16:46:02Z,2026-08-13T18:46:02+0200,bbadff40-465f-4669-a5ab-d3c11bbfaf39,2026-07-19T06:00:00Z,2026-07-19T08:00:00+0200,3435.39,MW,FR,FR,actual_onshore_wind_generation,Wind Onshore,2026-08-13T16:47:47Z
2026-08-13T16:46:02Z,2026-08-13T18:46:02+0200,bbadff40-465f-4669-a5ab-d3c11bbfaf39,2026-07-19T06:15:00Z,2026-07-19T08:15:00+0200,3264.79,MW,FR,FR,actual_onshore_wind_generation,Wind Onshore,2026-08-13T16:47:47Z
2026-08-13T16:46:02Z,2026-08-13T18:46:02+0200,bbadff40-465f-4669-a5ab-d3c11bbfaf39,2026-07-19T06:30:00Z,2026-07-19T08:30:00+0200,3268.85,MW,FR,FR,actual_onshore_wind_generation,Wind Onshore,2026-08-13T16:47:47Z
2026-08-13T16:46:02Z,2026-08-13T18:46:02+0200,bbadff40-465f-4669-a5ab-d3c11bbfaf39,2026-07-19T06:45:00Z,2026-07-19T08:45:00+0200,3344.28,MW,FR,FR,actual_onshore_wind_generation,Wind Onshore,2026-08-13T16:47:47Z
2026-08-13T16:46:02Z,2026-08-13T18:46:02+0200,bbadff40-465f-4669-a5ab-d3c11bbfaf39,2026-07-19T07:00:00Z,2026-07-19T09:00:00+0200,3375.66,MW,FR,FR,actual_onshore_wind_generation,Wind Onshore,2026-08-13T16:47:47Z
2026-08-13T16:46:02Z,2026-08-13T18:46:02+0200,bbadff40-465f-4669-a5ab-d3c11bbfaf39,2026-07-19T07:15:00Z,2026-07-19T09:15:00+0200,3204.61,MW,FR,FR,actual_onshore_wind_generation,Wind Onshore,2026-08-13T16:47:47Z
2026-08-13T16:46:02Z,2026-08-13T18:46:02+0200,bbadff40-465f-4669-a5ab-d3c11bbfaf39,2026-07-19T07:30:00Z,2026-07-19T09:30:00+0200,2642.28,MW,FR,FR,actual_onshore_wind_generation,Wind Onshore,2026-08-13T16:47:47Z
2026-08-13T16:46:02Z,2026-08-13T18:46:02+0200,bbadff40-465f-4669-a5ab-d3c11bbfaf39,2026-07-19T07:45:00Z,2026-07-19T09:45:00+0200,2543.36,MW,FR,FR,actual_onshore_wind_generation,Wind Onshore,2026-08-13T16:47:47Z
2026-08-13T16:46:02Z,2026-08-13T18:46:02+0200,bbadff40-465f-4669-a5ab-d3c11bbfaf39,2026-07-19T08:00:00Z,2026-07-19T10:00:00+0200,2620.28,MW,FR,FR,actual_onshore_wind_generation,Wind Onshore,2026-08-13T16:47:47Z
2026-08-13T16:46:02Z,2026-08-13T18:46:02+0200,bbadff40-465f-4669-a5ab-d3c11bbfaf39,2026-07-19T08:15:00Z,2026-07-19T10:15:00+0200,2411.38,MW,FR,FR,actual_onshore_wind_generation,Wind Onshore,2026-08-13T16:47:47Z
2026-08-13T16:46:02Z,2026-08-13T18:46:02+0200,bbadff40-465f-4669-a5ab-d3c11bbfaf39,2026-07-19T08:30:00Z,2026-07-19T10:30:00+0200,3095.59,MW,FR,FR,actual_onshore_wind_generation,Wind Onshore,2026-08-13T16:47:47Z
2026-08-13T16:46:02Z,2026-08-13T18:46:02+0200,bbadff40-465f-4669-a5ab-d3c11bbfaf39,2026-07-19T08:45:00Z,2026-07-19T10:45:00+0200,3065.82,MW,FR,FR,actual_onshore_wind_generation,Wind Onshore,2026-08-13T16:47:47Z
2026-08-13T16:46:02Z,2026-08-13T18:46:02+0200,bbadff40-465f-4669-a5ab-d3c11bbfaf39,2026-07-19T09:00:00Z,2026-07-19T11:00:00+0200,3035.19,MW,FR,FR,actual_onshore_wind_generation,Wind Onshore,2026-08-13T16:47:47Z
2026-08-13T16:46:02Z,2026-08-13T18:46:02+0200,bbadff40-465f-4669-a5ab-d3c11bbfaf39,2026-07-19T09:15:00Z,2026-07-19T11:15:00+0200,3027.31,MW,FR,FR,actual_onshore_wind_generation,Wind Onshore,2026-08-13T16:47:47Z
2026-08-13T16:46:02Z,2026-08-13T18:46:02+0200,bbadff40-465f-4669-a5ab-d3c11bbfaf39,2026-07-19T09:30:00Z,2026-07-19T11:30:00+0200,2979.39,MW,FR,FR,actual_onshore_wind_generation,Wind Onshore,2026-08-13T16:47:47Z
2026-08-13T16:46:02Z,2026-08-13T18:46:02+0200,bbadff40-465f-4669-a5ab-d3c11bbfaf39,2026-07-19T09:45:00Z,2026-07-19T11:45:00+0200,2930.53,MW,FR,FR,actual_onshore_wind_generation,Wind Onshore,2026-08-13T16:47:47Z
2026-08-13T16:46:02Z,2026-08-13T18:46:02+0200,bbadff40-465f-4669-a5ab-d3c11bbfaf39,2026-07-19T10:00:00Z,2026-07-19T12:00:00+0200,2888.16,MW,FR,FR,actual_onshore_wind_generation,Wind Onshore,2026-08-13T16:47:47Z
2026-08-13T16:46:02Z,2026-08-13T18:46:02+0200,bbadff40-465f-4669-a5ab-d3c11bbfaf39,2026-07-19T10:15:00Z,2026-07-19T12:15:00+0200,2683.56,MW,FR,FR,actual_onshore_wind_generation,Wind Onshore,2026-08-13T16:47:47Z
2026-08-13T16:46:02Z,2026-08-13T18:46:02+0200,bbadff40-465f-4669-a5ab-d3c11bbfaf39,2026-07-19T10:30:00Z,2026-07-19T12:30:00+0200,2369.05,MW,FR,FR,actual_onshore_wind_generation,Wind Onshore,2026-08-13T16:47:47Z
2026-08-13T16:46:02Z,2026-08-13T18:46:02+0200,bbadff40-465f-4669-a5ab-d3c11bbfaf39,2026-07-19T10:45:00Z,2026-07-19T12:45:00+0200,2199.99,MW,FR,FR,actual_onshore_wind_generation,Wind Onshore,2026-08-13T16:47:47Z
2026-08-13T16:46:02Z,2026-08-13T18:46:02+0200,bbadff40-465f-4669-a5ab-d3c11bbfaf39,2026-07-19T11:00:00Z,2026-07-19T13:00:00+0200,2129.27,MW,FR,FR,actual_onshore_wind_generation,Wind Onshore,2026-08-13T16:47:47Z
2026-08-13T16:46:02Z,2026-08-13T18:46:02+0200,bbadff40-465f-4669-a5ab-d3c11bbfaf39,2026-07-19T11:15:00Z,2026-07-19T13:15:00+0200,2013.25,MW,FR,FR,actual_onshore_wind_generation,Wind Onshore,2026-08-13T16:47:47Z
2026-08-13T16:46:02Z,2026-08-13T18:46:02+0200,bbadff40-465f-4669-a5ab-d3c11bbfaf39,2026-07-19T11:30:00Z,2026-07-19T13:30:00+0200,1968.78,MW,FR,FR,actual_onshore_wind_generation,Wind Onshore,2026-08-13T16:47:47Z
2026-08-13T16:46:02Z,2026-08-13T18:46:02+0200,bbadff40-465f-4669-a5ab-d3c11bbfaf39,2026-07-19T11:45:00Z,2026-07-19T13:45:00+0200,1934.74,MW,FR,FR,actual_onshore_wind_generation,Wind Onshore,2026-08-13T16:47:47Z
2026-08-13T16:46:02Z,2026-08-13T18:46:02+0200,bbadff40-465f-4669-a5ab-d3c11bbfaf39,2026-07-19T12:00:00Z,2026-07-19T14:00:00+0200,1947.84,MW,FR,FR,actual_onshore_wind_generation,Wind Onshore,2026-08-13T16:47:47Z
2026-08-13T16:46:02Z,2026-08-13T18:46:02+0200,bbadff40-465f-4669-a5ab-d3c11bbfaf39,2026-07-19T12:15:00Z,2026-07-19T14:15:00+0200,1950.27,MW,FR,FR,actual_onshore_wind_generation,Wind Onshore,2026-08-13T16:47:47Z
2026-08-13T16:46:02Z,2026-08-13T18:46:02+0200,bbadff40-465f-4669-a5ab-d3c11bbfaf39,2026-07-19T12:30:00Z,2026-07-19T14:30:00+0200,1968.53,MW,FR,FR,actual_onshore_wind_generation,Wind Onshore,2026-08-13T16:47:47Z
2026-08-13T16:46:02Z,2026-08-13T18:46:02+0200,bbadff40-465f-4669-a5ab-d3c11bbfaf39,2026-07-19T12:45:00Z,2026-07-19T14:45:00+0200,2012.3,MW,FR,FR,actual_onshore_wind_generation,Wind Onshore,2026-08-13T16:47:47Z
2026-08-13T16:46:02Z,2026-08-13T18:46:02+0200,bbadff40-465f-4669-a5ab-d3c11bbfaf39,2026-07-19T13:00:00Z,2026-07-19T15:00:00+0200,2011.45,MW,FR,FR,actual_onshore_wind_generation,Wind Onshore,2026-08-13T16:47:47Z
2026-08-13T16:46:02Z,2026-08-13T18:46:02+0200,bbadff40-465f-4669-a5ab-d3c11bbfaf39,2026-07-19T13:15:00Z,2026-07-19T15:15:00+0200,2025.41,MW,FR,FR,actual_onshore_wind_generation,Wind Onshore,2026-08-13T16:47:47Z
2026-08-13T16:46:02Z,2026-08-13T18:46:02+0200,bbadff40-465f-4669-a5ab-d3c11bbfaf39,2026-07-19T13:30:00Z,2026-07-19T15:30:00+0200,2028.72,MW,FR,FR,actual_onshore_wind_generation,Wind Onshore,2026-08-13T16:47:47Z
2026-08-13T16:46:02Z,2026-08-13T18:46:02+0200,bbadff40-465f-4669-a5ab-d3c11bbfaf39,2026-07-19T13:45:00Z,2026-07-19T15:45:00+0200,2036.9,MW,FR,FR,actual_onshore_wind_generation,Wind Onshore,2026-08-13T16:47:47Z
2026-08-13T16:46:02Z,2026-08-13T18:46:02+0200,bbadff40-465f-4669-a5ab-d3c11bbfaf39,2026-07-19T14:00:00Z,2026-07-19T16:00:00+0200,2170.85,MW,FR,FR,actual_onshore_wind_generation,Wind Onshore,2026-08-13T16:47:47Z
2026-08-13T16:46:02Z,2026-08-13T18:46:02+0200,bbadff40-465f-4669-a5ab-d3c11bbfaf39,2026-07-19T14:15:00Z,2026-07-19T16:15:00+0200,2738.95,MW,FR,FR,actual_onshore_wind_generation,Wind Onshore,2026-08-13T16:47:47Z
2026-08-13T16:46:02Z,2026-08-13T18:46:02+0200,bbadff40-465f-4669-a5ab-d3c11bbfaf39,2026-07-19T14:30:00Z,2026-07-19T16:30:00+0200,3318.9,MW,FR,FR,actual_onshore_wind_generation,Wind Onshore,2026-08-13T16:47:47Z
2026-08-13T16:46:02Z,2026-08-13T18:46:02+0200,bbadff40-465f-4669-a5ab-d3c11bbfaf39,2026-07-19T14:45:00Z,2026-07-19T16:45:00+0200,3516.89,MW,FR,FR,actual_onshore_wind_generation,Wind Onshore,2026-08-13T16:47:47Z
2026-08-13T16:46:02Z,2026-08-13T18:46:02+0200,bbadff40-465f-4669-a5ab-d3c11bbfaf39,2026-07-19T15:00:00Z,2026-07-19T17:00:00+0200,3608.48,MW,FR,FR,actual_onshore_wind_generation,Wind Onshore,2026-08-13T16:47:47Z
2026-08-13T16:46:02Z,2026-08-13T18:46:02+0200,bbadff40-465f-4669-a5ab-d3c11bbfaf39,2026-07-19T15:15:00Z,2026-07-19T17:15:00+0200,4568.71,MW,FR,FR,actual_onshore_wind_generation,Wind Onshore,2026-08-13T16:47:47Z
2026-08-13T16:46:02Z,2026-08-13T18:46:02+0200,bbadff40-465f-4669-a5ab-d3c11bbfaf39,2026-07-19T15:30:00Z,2026-07-19T17:30:00+0200,5018.81,MW,FR,FR,actual_onshore_wind_generation,Wind Onshore,2026-08-13T16:47:47Z
2026-08-13T16:46:02Z,2026-08-13T18:46:02+0200,bbadff40-465f-4669-a5ab-d3c11bbfaf39,2026-07-19T15:45:00Z,2026-07-19T17:45:00+0200,4755.93,MW,FR,FR,actual_onshore_wind_generation,Wind Onshore,2026-08-13T16:47:47Z
2026-08-13T16:46:02Z,2026-08-13T18:46:02+0200,bbadff40-465f-4669-a5ab-d3c11bbfaf39,2026-07-19T16:00:00Z,2026-07-19T18:00:00+0200,4992.01,MW,FR,FR,actual_onshore_wind_generation,Wind Onshore,2026-08-13T16:47:47Z
2026-08-13T16:46:02Z,2026-08-13T18:46:02+0200,bbadff40-465f-4669-a5ab-d3c11bbfaf39,2026-07-19T16:15:00Z,2026-07-19T18:15:00+0200,5271.58,MW,FR,FR,actual_onshore_wind_generation,Wind Onshore,2026-08-13T16:47:47Z
2026-08-13T16:46:02Z,2026-08-13T18:46:02+0200,bbadff40-465f-4669-a5ab-d3c11bbfaf39,2026-07-19T16:30:00Z,2026-07-19T18:30:00+0200,5372.02,MW,FR,FR,actual_onshore_wind_generation,Wind Onshore,2026-08-13T16:47:47Z
2026-08-13T16:46:02Z,2026-08-13T18:46:02+0200,bbadff40-465f-4669-a5ab-d3c11bbfaf39,2026-07-19T16:45:00Z,2026-07-19T18:45:00+0200,5592.65,MW,FR,FR,actual_onshore_wind_generation,Wind Onshore,2026-08-13T16:47:47Z
2026-08-13T16:46:02Z,2026-08-13T18:46:02+0200,bbadff40-465f-4669-a5ab-d3c11bbfaf39,2026-07-19T17:00:00Z,2026-07-19T19:00:00+0200,5812.45,MW,FR,FR,actual_onshore_wind_generation,Wind Onshore,2026-08-13T16:47:47Z
2026-08-13T16:46:02Z,2026-08-13T18:46:02+0200,bbadff40-465f-4669-a5ab-d3c11bbfaf39,2026-07-19T17:15:00Z,2026-07-19T19:15:00+0200,5914.82,MW,FR,FR,actual_onshore_wind_generation,Wind Onshore,2026-08-13T16:47:47Z
2026-08-13T16:46:02Z,2026-08-13T18:46:02+0200,bbadff40-465f-4669-a5ab-d3c11bbfaf39,2026-07-19T17:30:00Z,2026-07-19T19:30:00+0200,6179.56,MW,FR,FR,actual_onshore_wind_generation,Wind Onshore,2026-08-13T16:47:47Z
2026-08-13T16:46:02Z,2026-08-13T18:46:02+0200,bbadff40-465f-4669-a5ab-d3c11bbfaf39,2026-07-19T17:45:00Z,2026-07-19T19:45:00+0200,6279.61,MW,FR,FR,actual_onshore_wind_generation,Wind Onshore,2026-08-13T16:47:47Z
2026-08-13T16:46:02Z,2026-08-13T18:46:02+0200,bbadff40-465f-4669-a5ab-d3c11bbfaf39,2026-07-19T18:00:00Z,2026-07-19T20:00:00+0200,6351.95,MW,FR,FR,actual_onshore_wind_generation,Wind Onshore,2026-08-13T16:47:47Z
2026-08-13T16:46:02Z,2026-08-13T18:46:02+0200,bbadff40-465f-4669-a5ab-d3c11bbfaf39,2026-07-19T18:15:00Z,2026-07-19T20:15:00+0200,6331.37,MW,FR,FR,actual_onshore_wind_generation,Wind Onshore,2026-08-13T16:47:47Z
2026-08-13T16:46:02Z,2026-08-13T18:46:02+0200,bbadff40-465f-4669-a5ab-d3c11bbfaf39,2026-07-19T18:30:00Z,2026-07-19T20:30:00+0200,6236.67,MW,FR,FR,actual_onshore_wind_generation,Wind Onshore,2026-08-13T16:47:47Z
2026-08-13T16:46:02Z,2026-08-13T18:46:02+0200,bbadff40-465f-4669-a5ab-d3c11bbfaf39,2026-07-19T18:45:00Z,2026-07-19T20:45:00+0200,6192.31,MW,FR,FR,actual_onshore_wind_generation,Wind Onshore,2026-08-13T16:47:47Z
2026-08-13T16:46:02Z,2026-08-13T18:46:02+0200,bbadff40-465f-4669-a5ab-d3c11bbfaf39,2026-07-19T19:00:00Z,2026-07-19T21:00:00+0200,6151.51,MW,FR,FR,actual_onshore_wind_generation,Wind Onshore,2026-08-13T16:47:47Z
2026-08-13T16:46:02Z,2026-08-13T18:46:02+0200,bbadff40-465f-4669-a5ab-d3c11bbfaf39,2026-07-19T19:15:00Z,2026-07-19T21:15:00+0200,6136.03,MW,FR,FR,actual_onshore_wind_generation,Wind Onshore,2026-08-13T16:47:47Z
2026-08-13T16:46:02Z,2026-08-13T18:46:02+0200,bbadff40-465f-4669-a5ab-d3c11bbfaf39,2026-07-19T19:30:00Z,2026-07-19T21:30:00+0200,6102.94,MW,FR,FR,actual_onshore_wind_generation,Wind Onshore,2026-08-13T16:47:47Z
2026-08-13T16:46:02Z,2026-08-13T18:46:02+0200,bbadff40-465f-4669-a5ab-d3c11bbfaf39,2026-07-19T19:45:00Z,2026-07-19T21:45:00+0200,6118.59,MW,FR,FR,actual_onshore_wind_generation,Wind Onshore,2026-08-13T16:47:47Z
2026-08-13T16:46:02Z,2026-08-13T18:46:02+0200,bbadff40-465f-4669-a5ab-d3c11bbfaf39,2026-07-19T20:00:00Z,2026-07-19T22:00:00+0200,6047.01,MW,FR,FR,actual_onshore_wind_generation,Wind Onshore,2026-08-13T16:47:47Z
2026-08-13T16:46:02Z,2026-08-13T18:46:02+0200,bbadff40-465f-4669-a5ab-d3c11bbfaf39,2026-07-19T20:15:00Z,2026-07-19T22:15:00+0200,6088.76,MW,FR,FR,actual_onshore_wind_generation,Wind Onshore,2026-08-13T16:47:47Z
2026-08-13T16:46:02Z,2026-08-13T18:46:02+0200,bbadff40-465f-4669-a5ab-d3c11bbfaf39,2026-07-19T20:30:00Z,2026-07-19T22:30:00+0200,6271.04,MW,FR,FR,actual_onshore_wind_generation,Wind Onshore,2026-08-13T16:47:47Z
2026-08-13T16:46:02Z,2026-08-13T18:46:02+0200,bbadff40-465f-4669-a5ab-d3c11bbfaf39,2026-07-19T20:45:00Z,2026-07-19T22:45:00+0200,6467.71,MW,FR,FR,actual_onshore_wind_generation,Wind Onshore,2026-08-13T16:47:47Z
2026-08-13T16:46:02Z,2026-08-13T18:46:02+0200,bbadff40-465f-4669-a5ab-d3c11bbfaf39,2026-07-19T21:00:00Z,2026-07-19T23:00:00+0200,6518.93,MW,FR,FR,actual_onshore_wind_generation,Wind Onshore,2026-08-13T16:47:47Z
2026-08-13T16:46:02Z,2026-08-13T18:46:02+0200,bbadff40-465f-4669-a5ab-d3c11bbfaf39,2026-07-19T21:15:00Z,2026-07-19T23:15:00+0200,6577.5,MW,FR,FR,actual_onshore_wind_generation,Wind Onshore,2026-08-13T16:47:47Z
2026-08-13T16:46:02Z,2026-08-13T18:46:02+0200,bbadff40-465f-4669-a5ab-d3c11bbfaf39,2026-07-19T21:30:00Z,2026-07-19T23:30:00+0200,6665.4,MW,FR,FR,actual_onshore_wind_generation,Wind Onshore,2026-08-13T16:47:47Z
2026-08-13T16:46:02Z,2026-08-13T18:46:02+0200,bbadff40-465f-4669-a5ab-d3c11bbfaf39,2026-07-19T21:45:00Z,2026-07-19T23:45:00+0200,6784.94,MW,FR,FR,actual_onshore_wind_generation,Wind Onshore,2026-08-13T16:47:47Z
2026-08-13T16:46:02Z,2026-08-13T18:46:02+0200,bbadff40-465f-4669-a5ab-d3c11bbfaf39,2026-07-19T22:00:00Z,2026-07-20T00:00:00+0200,6966.03,MW,FR,FR,actual_onshore_wind_generation,Wind Onshore,2026-08-13T16:47:47Z
2026-08-13T16:46:02Z,2026-08-13T18:46:02+0200,bbadff40-465f-4669-a5ab-d3c11bbfaf39,2026-07-19T22:15:00Z,2026-07-20T00:15:00+0200,7098.17,MW,FR,FR,actual_onshore_wind_generation,Wind Onshore,2026-08-13T16:47:47Z
2026-08-13T16:46:02Z,2026-08-13T18:46:02+0200,bbadff40-465f-4669-a5ab-d3c11bbfaf39,2026-07-19T22:30:00Z,2026-07-20T00:30:00+0200,7205.63,MW,FR,FR,actual_onshore_wind_generation,Wind Onshore,2026-08-13T16:47:47Z
2026-08-13T16:46:02Z,2026-08-13T18:46:02+0200,bbadff40-465f-4669-a5ab-d3c11bbfaf39,2026-07-19T22:45:00Z,2026-07-20T00:45:00+0200,7127.96,MW,FR,FR,actual_onshore_wind_generation,Wind Onshore,2026-08-13T16:47:47Z
2026-08-13T16:46:02Z,2026-08-13T18:46:02+0200,bbadff40-465f-4669-a5ab-d3c11bbfaf39,2026-07-19T23:00:00Z,2026-07-20T01:00:00+0200,7060.16,MW,FR,FR,actual_onshore_wind_generation,Wind Onshore,2026-08-13T16:47:47Z
2026-08-13T16:46:02Z,2026-08-13T18:46:02+0200,bbadff40-465f-4669-a5ab-d3c11bbfaf39,2026-07-19T23:15:00Z,2026-07-20T01:15:00+0200,6979.32,MW,FR,FR,actual_onshore_wind_generation,Wind Onshore,2026-08-13T16:47:47Z
2026-08-13T16:46:02Z,2026-08-13T18:46:02+0200,bbadff40-465f-4669-a5ab-d3c11bbfaf39,2026-07-19T23:30:00Z,2026-07-20T01:30:00+0200,6870.5,MW,FR,FR,actual_onshore_wind_generation,Wind Onshore,2026-08-13T16:47:47Z
2026-08-13T16:46:02Z,2026-08-13T18:46:02+0200,bbadff40-465f-4669-a5ab-d3c11bbfaf39,2026-07-19T23:45:00Z,2026-07-20T01:45:00+0200,6766.71,MW,FR,FR,actual_onshore_wind_generation,Wind Onshore,2026-08-13T16:47:47Z
2026-08-13T16:46:02Z,2026-08-13T18:46:02+0200,bbadff40-465f-4669-a5ab-d3c11bbfaf39,2026-07-20T00:00:00Z,2026-07-20T02:00:00+0200,6641.96,MW,FR,FR,actual_onshore_wind_generation,Wind Onshore,2026-08-13T16:47:47Z
2026-08-13T16:46:02Z,2026-08-13T18:46:02+0200,bbadff40-465f-4669-a5ab-d3c11bbfaf39,2026-07-20T00:15:00Z,2026-07-20T02:15:00+0200,6531.08,MW,FR,FR,actual_onshore_wind_generation,Wind Onshore,2026-08-13T16:47:47Z
2026-08-13T16:46:02Z,2026-08-13T18:46:02+0200,bbadff40-465f-4669-a5ab-d3c11bbfaf39,2026-07-20T00:30:00Z,2026-07-20T02:30:00+0200,6462.18,MW,FR,FR,actual_onshore_wind_generation,Wind Onshore,2026-08-13T16:47:47Z
2026-08-13T16:46:02Z,2026-08-13T18:46:02+0200,bbadff40-465f-4669-a5ab-d3c11bbfaf39,2026-07-20T00:45:00Z,2026-07-20T02:45:00+0200,6339.95,MW,FR,FR,actual_onshore_wind_generation,Wind Onshore,2026-08-13T16:47:47Z
2026-08-13T16:46:02Z,2026-08-13T18:46:02+0200,bbadff40-465f-4669-a5ab-d3c11bbfaf39,2026-07-20T01:00:00Z,2026-07-20T03:00:00+0200,6198.2,MW,FR,FR,actual_onshore_wind_generation,Wind Onshore,2026-08-13T16:47:47Z
2026-08-13T16:46:02Z,2026-08-13T18:46:02+0200,bbadff40-465f-4669-a5ab-d3c11bbfaf39,2026-07-20T01:15:00Z,2026-07-20T03:15:00+0200,6058.71,MW,FR,FR,actual_onshore_wind_generation,Wind Onshore,2026-08-13T16:47:47Z
2026-08-13T16:46:02Z,2026-08-13T18:46:02+0200,bbadff40-465f-4669-a5ab-d3c11bbfaf39,2026-07-20T01:30:00Z,2026-07-20T03:30:00+0200,5957.5,MW,FR,FR,actual_onshore_wind_generation,Wind Onshore,2026-08-13T16:47:47Z
2026-08-13T16:46:02Z,2026-08-13T18:46:02+0200,bbadff40-465f-4669-a5ab-d3c11bbfaf39,2026-07-20T01:45:00Z,2026-07-20T03:45:00+0200,5899.51,MW,FR,FR,actual_onshore_wind_generation,Wind Onshore,2026-08-13T16:47:47Z
2026-08-13T16:46:02Z,2026-08-13T18:46:02+0200,bbadff40-465f-4669-a5ab-d3c11bbfaf39,2026-07-20T02:00:00Z,2026-07-20T04:00:00+0200,5832.74,MW,FR,FR,actual_onshore_wind_generation,Wind Onshore,2026-08-13T16:47:47Z
2026-08-13T16:46:02Z,2026-08-13T18:46:02+0200,bbadff40-465f-4669-a5ab-d3c11bbfaf39,2026-07-20T02:15:00Z,2026-07-20T04:15:00+0200,5737.89,MW,FR,FR,actual_onshore_wind_generation,Wind Onshore,2026-08-13T16:47:47Z
2026-08-13T16:46:02Z,2026-08-13T18:46:02+0200,bbadff40-465f-4669-a5ab-d3c11bbfaf39,2026-07-20T02:30:00Z,2026-07-20T04:30:00+0200,5649.92,MW,FR,FR,actual_onshore_wind_generation,Wind Onshore,2026-08-13T16:47:47Z
2026-08-13T16:46:02Z,2026-08-13T18:46:02+0200,bbadff40-465f-4669-a5ab-d3c11bbfaf39,2026-07-20T02:45:00Z,2026-07-20T04:45:00+0200,5542.58,MW,FR,FR,actual_onshore_wind_generation,Wind Onshore,2026-08-13T16:47:47Z
2026-08-13T16:46:02Z,2026-08-13T18:46:02+0200,bbadff40-465f-4669-a5ab-d3c11bbfaf39,2026-07-20T03:00:00Z,2026-07-20T05:00:00+0200,5463.26,MW,FR,FR,actual_onshore_wind_generation,Wind Onshore,2026-08-13T16:47:47Z
2026-08-13T16:46:02Z,2026-08-13T18:46:02+0200,bbadff40-465f-4669-a5ab-d3c11bbfaf39,2026-07-20T03:15:00Z,2026-07-20T05:15:00+0200,5481.01,MW,FR,FR,actual_onshore_wind_generation,Wind Onshore,2026-08-13T16:47:47Z
2026-08-13T16:46:02Z,2026-08-13T18:46:02+0200,bbadff40-465f-4669-a5ab-d3c11bbfaf39,2026-07-20T03:30:00Z,2026-07-20T05:30:00+0200,5497.12,MW,FR,FR,actual_onshore_wind_generation,Wind Onshore,2026-08-13T16:47:47Z
2026-08-13T16:46:02Z,2026-08-13T18:46:02+0200,bbadff40-465f-4669-a5ab-d3c11bbfaf39,2026-07-20T03:45:00Z,2026-07-20T05:45:00+0200,5420.53,MW,FR,FR,actual_onshore_wind_generation,Wind Onshore,2026-08-13T16:47:47Z
2026-08-13T16:46:02Z,2026-08-13T18:46:02+0200,bbadff40-465f-4669-a5ab-d3c11bbfaf39,2026-07-20T04:00:00Z,2026-07-20T06:00:00+0200,5417.57,MW,FR,FR,actual_onshore_wind_generation,Wind Onshore,2026-08-13T16:47:47Z
2026-08-13T16:46:02Z,2026-08-13T18:46:02+0200,bbadff40-465f-4669-a5ab-d3c11bbfaf39,2026-07-20T04:15:00Z,2026-07-20T06:15:00+0200,5454.42,MW,FR,FR,actual_onshore_wind_generation,Wind Onshore,2026-08-13T16:47:47Z
2026-08-13T16:46:02Z,2026-08-13T18:46:02+0200,bbadff40-465f-4669-a5ab-d3c11bbfaf39,2026-07-20T04:30:00Z,2026-07-20T06:30:00+0200,5455.33,MW,FR,FR,actual_onshore_wind_generation,Wind Onshore,2026-08-13T16:47:47Z
2026-08-13T16:46:02Z,2026-08-13T18:46:02+0200,bbadff40-465f-4669-a5ab-d3c11bbfaf39,2026-07-20T04:45:00Z,2026-07-20T06:45:00+0200,5387.04,MW,FR,FR,actual_onshore_wind_generation,Wind Onshore,2026-08-13T16:47:47Z
2026-08-13T16:46:02Z,2026-08-13T18:46:02+0200,bbadff40-465f-4669-a5ab-d3c11bbfaf39,2026-07-20T05:00:00Z,2026-07-20T07:00:00+0200,5352.66,MW,FR,FR,actual_onshore_wind_generation,Wind Onshore,2026-08-13T16:47:47Z
2026-08-13T16:46:02Z,2026-08-13T18:46:02+0200,bbadff40-465f-4669-a5ab-d3c11bbfaf39,2026-07-20T05:15:00Z,2026-07-20T07:15:00+0200,5139.94,MW,FR,FR,actual_onshore_wind_generation,Wind Onshore,2026-08-13T16:47:47Z
2026-08-13T16:46:02Z,2026-08-13T18:46:02+0200,bbadff40-465f-4669-a5ab-d3c11bbfaf39,2026-07-20T05:30:00Z,2026-07-20T07:30:00+0200,4689.02,MW,FR,FR,actual_onshore_wind_generation,Wind Onshore,2026-08-13T16:47:47Z
2026-08-13T16:46:02Z,2026-08-13T18:46:02+0200,bbadff40-465f-4669-a5ab-d3c11bbfaf39,2026-07-20T05:45:00Z,2026-07-20T07:45:00+0200,4456.49,MW,FR,FR,actual_onshore_wind_generation,Wind Onshore,2026-08-13T16:47:47Z
2026-08-13T16:46:02Z,2026-08-13T18:46:02+0200,bbadff40-465f-4669-a5ab-d3c11bbfaf39,2026-07-20T06:00:00Z,2026-07-20T08:00:00+0200,4106.59,MW,FR,FR,actual_onshore_wind_generation,Wind Onshore,2026-08-13T16:47:47Z
2026-08-13T16:46:02Z,2026-08-13T18:46:02+0200,bbadff40-465f-4669-a5ab-d3c11bbfaf39,2026-07-20T06:15:00Z,2026-07-20T08:15:00+0200,3798.73,MW,FR,FR,actual_onshore_wind_generation,Wind Onshore,2026-08-13T16:47:47Z
2026-08-13T16:46:02Z,2026-08-13T18:46:02+0200,bbadff40-465f-4669-a5ab-d3c11bbfaf39,2026-07-20T06:30:00Z,2026-07-20T08:30:00+0200,3721.12,MW,FR,FR,actual_onshore_wind_generation,Wind Onshore,2026-08-13T16:47:47Z
2026-08-13T16:46:02Z,2026-08-13T18:46:02+0200,bbadff40-465f-4669-a5ab-d3c11bbfaf39,2026-07-20T06:45:00Z,2026-07-20T08:45:00+0200,3743.27,MW,FR,FR,actual_onshore_wind_generation,Wind Onshore,2026-08-13T16:47:47Z
2026-08-13T16:46:02Z,2026-08-13T18:46:02+0200,bbadff40-465f-4669-a5ab-d3c11bbfaf39,2026-07-20T07:00:00Z,2026-07-20T09:00:00+0200,3826.24,MW,FR,FR,actual_onshore_wind_generation,Wind Onshore,2026-08-13T16:47:47Z
2026-08-13T16:46:02Z,2026-08-13T18:46:02+0200,bbadff40-465f-4669-a5ab-d3c11bbfaf39,2026-07-20T07:15:00Z,2026-07-20T09:15:00+0200,3953.98,MW,FR,FR,actual_onshore_wind_generation,Wind Onshore,2026-08-13T16:47:47Z
2026-08-13T16:46:02Z,2026-08-13T18:46:02+0200,bbadff40-465f-4669-a5ab-d3c11bbfaf39,2026-07-20T07:30:00Z,2026-07-20T09:30:00+0200,4162.96,MW,FR,FR,actual_onshore_wind_generation,Wind Onshore,2026-08-13T16:47:47Z
2026-08-13T16:46:02Z,2026-08-13T18:46:02+0200,bbadff40-465f-4669-a5ab-d3c11bbfaf39,2026-07-20T07:45:00Z,2026-07-20T09:45:00+0200,4293.17,MW,FR,FR,actual_onshore_wind_generation,Wind Onshore,2026-08-13T16:47:47Z
2026-08-13T16:46:02Z,2026-08-13T18:46:02+0200,bbadff40-465f-4669-a5ab-d3c11bbfaf39,2026-07-20T08:00:00Z,2026-07-20T10:00:00+0200,4373.6,MW,FR,FR,actual_onshore_wind_generation,Wind Onshore,2026-08-13T16:47:47Z
2026-08-13T16:46:02Z,2026-08-13T18:46:02+0200,bbadff40-465f-4669-a5ab-d3c11bbfaf39,2026-07-20T08:15:00Z,2026-07-20T10:15:00+0200,4403.3,MW,FR,FR,actual_onshore_wind_generation,Wind Onshore,2026-08-13T16:47:47Z
2026-08-13T16:46:02Z,2026-08-13T18:46:02+0200,bbadff40-465f-4669-a5ab-d3c11bbfaf39,2026-07-20T08:30:00Z,2026-07-20T10:30:00+0200,4440.47,MW,FR,FR,actual_onshore_wind_generation,Wind Onshore,2026-08-13T16:47:47Z
2026-08-13T16:46:02Z,2026-08-13T18:46:02+0200,bbadff40-465f-4669-a5ab-d3c11bbfaf39,2026-07-20T08:45:00Z,2026-07-20T10:45:00+0200,4400.32,MW,FR,FR,actual_onshore_wind_generation,Wind Onshore,2026-08-13T16:47:47Z
2026-08-13T16:46:02Z,2026-08-13T18:46:02+0200,bbadff40-465f-4669-a5ab-d3c11bbfaf39,2026-07-20T09:00:00Z,2026-07-20T11:00:00+0200,4484.65,MW,FR,FR,actual_onshore_wind_generation,Wind Onshore,2026-08-13T16:47:47Z
2026-08-13T16:46:02Z,2026-08-13T18:46:02+0200,bbadff40-465f-4669-a5ab-d3c11bbfaf39,2026-07-20T09:15:00Z,2026-07-20T11:15:00+0200,4614.11,MW,FR,FR,actual_onshore_wind_generation,Wind Onshore,2026-08-13T16:47:47Z
2026-08-13T16:46:02Z,2026-08-13T18:46:02+0200,bbadff40-465f-4669-a5ab-d3c11bbfaf39,2026-07-20T09:30:00Z,2026-07-20T11:30:00+0200,4601.29,MW,FR,FR,actual_onshore_wind_generation,Wind Onshore,2026-08-13T16:47:47Z
2026-08-13T16:46:02Z,2026-08-13T18:46:02+0200,bbadff40-465f-4669-a5ab-d3c11bbfaf39,2026-07-20T09:45:00Z,2026-07-20T11:45:00+0200,4261.1,MW,FR,FR,actual_onshore_wind_generation,Wind Onshore,2026-08-13T16:47:47Z
2026-08-13T16:46:02Z,2026-08-13T18:46:02+0200,bbadff40-465f-4669-a5ab-d3c11bbfaf39,2026-07-20T10:00:00Z,2026-07-20T12:00:00+0200,3260.55,MW,FR,FR,actual_onshore_wind_generation,Wind Onshore,2026-08-13T16:47:47Z
2026-08-13T16:46:02Z,2026-08-13T18:46:02+0200,bbadff40-465f-4669-a5ab-d3c11bbfaf39,2026-07-20T10:15:00Z,2026-07-20T12:15:00+0200,3060.06,MW,FR,FR,actual_onshore_wind_generation,Wind Onshore,2026-08-13T16:47:47Z
2026-08-13T16:46:02Z,2026-08-13T18:46:02+0200,bbadff40-465f-4669-a5ab-d3c11bbfaf39,2026-07-20T10:30:00Z,2026-07-20T12:30:00+0200,2946.53,MW,FR,FR,actual_onshore_wind_generation,Wind Onshore,2026-08-13T16:47:47Z
2026-08-13T16:46:02Z,2026-08-13T18:46:02+0200,bbadff40-465f-4669-a5ab-d3c11bbfaf39,2026-07-20T10:45:00Z,2026-07-20T12:45:00+0200,2997.29,MW,FR,FR,actual_onshore_wind_generation,Wind Onshore,2026-08-13T16:47:47Z
2026-08-13T16:46:02Z,2026-08-13T18:46:02+0200,bbadff40-465f-4669-a5ab-d3c11bbfaf39,2026-07-20T11:00:00Z,2026-07-20T13:00:00+0200,3802.26,MW,FR,FR,actual_onshore_wind_generation,Wind Onshore,2026-08-13T16:47:47Z
2026-08-13T16:46:02Z,2026-08-13T18:46:02+0200,bbadff40-465f-4669-a5ab-d3c11bbfaf39,2026-07-20T11:15:00Z,2026-07-20T13:15:00+0200,4501.75,MW,FR,FR,actual_onshore_wind_generation,Wind Onshore,2026-08-13T16:47:47Z
2026-08-13T16:46:02Z,2026-08-13T18:46:02+0200,bbadff40-465f-4669-a5ab-d3c11bbfaf39,2026-07-20T11:30:00Z,2026-07-20T13:30:00+0200,4838.78,MW,FR,FR,actual_onshore_wind_generation,Wind Onshore,2026-08-13T16:47:47Z
2026-08-13T16:46:02Z,2026-08-13T18:46:02+0200,bbadff40-465f-4669-a5ab-d3c11bbfaf39,2026-07-20T11:45:00Z,2026-07-20T13:45:00+0200,4871.77,MW,FR,FR,actual_onshore_wind_generation,Wind Onshore,2026-08-13T16:47:47Z
2026-08-13T16:46:02Z,2026-08-13T18:46:02+0200,bbadff40-465f-4669-a5ab-d3c11bbfaf39,2026-07-20T12:00:00Z,2026-07-20T14:00:00+0200,4810.45,MW,FR,FR,actual_onshore_wind_generation,Wind Onshore,2026-08-13T16:47:47Z
2026-08-13T16:46:02Z,2026-08-13T18:46:02+0200,bbadff40-465f-4669-a5ab-d3c11bbfaf39,2026-07-20T12:15:00Z,2026-07-20T14:15:00+0200,4505.88,MW,FR,FR,actual_onshore_wind_generation,Wind Onshore,2026-08-13T16:47:47Z
2026-08-13T16:46:02Z,2026-08-13T18:46:02+0200,bbadff40-465f-4669-a5ab-d3c11bbfaf39,2026-07-20T12:30:00Z,2026-07-20T14:30:00+0200,3589.05,MW,FR,FR,actual_onshore_wind_generation,Wind Onshore,2026-08-13T16:47:47Z
2026-08-13T16:46:02Z,2026-08-13T18:46:02+0200,bbadff40-465f-4669-a5ab-d3c11bbfaf39,2026-07-20T12:45:00Z,2026-07-20T14:45:00+0200,3505.35,MW,FR,FR,actual_onshore_wind_generation,Wind Onshore,2026-08-13T16:47:47Z
2026-08-13T16:46:02Z,2026-08-13T18:46:02+0200,bbadff40-465f-4669-a5ab-d3c11bbfaf39,2026-07-20T13:00:00Z,2026-07-20T15:00:00+0200,4590.75,MW,FR,FR,actual_onshore_wind_generation,Wind Onshore,2026-08-13T16:47:47Z
2026-08-13T16:46:02Z,2026-08-13T18:46:02+0200,bbadff40-465f-4669-a5ab-d3c11bbfaf39,2026-07-20T13:15:00Z,2026-07-20T15:15:00+0200,5322.07,MW,FR,FR,actual_onshore_wind_generation,Wind Onshore,2026-08-13T16:47:47Z
2026-08-13T16:46:02Z,2026-08-13T18:46:02+0200,bbadff40-465f-4669-a5ab-d3c11bbfaf39,2026-07-20T13:30:00Z,2026-07-20T15:30:00+0200,5427.79,MW,FR,FR,actual_onshore_wind_generation,Wind Onshore,2026-08-13T16:47:47Z
2026-08-13T16:46:02Z,2026-08-13T18:46:02+0200,bbadff40-465f-4669-a5ab-d3c11bbfaf39,2026-07-20T13:45:00Z,2026-07-20T15:45:00+0200,5715.91,MW,FR,FR,actual_onshore_wind_generation,Wind Onshore,2026-08-13T16:47:47Z
2026-08-13T16:46:02Z,2026-08-13T18:46:02+0200,bbadff40-465f-4669-a5ab-d3c11bbfaf39,2026-07-20T14:00:00Z,2026-07-20T16:00:00+0200,5804.05,MW,FR,FR,actual_onshore_wind_generation,Wind Onshore,2026-08-13T16:47:47Z
2026-08-13T16:46:02Z,2026-08-13T18:46:02+0200,bbadff40-465f-4669-a5ab-d3c11bbfaf39,2026-07-20T14:15:00Z,2026-07-20T16:15:00+0200,6011.52,MW,FR,FR,actual_onshore_wind_generation,Wind Onshore,2026-08-13T16:47:47Z
2026-08-13T16:46:02Z,2026-08-13T18:46:02+0200,bbadff40-465f-4669-a5ab-d3c11bbfaf39,2026-07-20T14:30:00Z,2026-07-20T16:30:00+0200,6219.3,MW,FR,FR,actual_onshore_wind_generation,Wind Onshore,2026-08-13T16:47:47Z
2026-08-13T16:46:02Z,2026-08-13T18:46:02+0200,bbadff40-465f-4669-a5ab-d3c11bbfaf39,2026-07-20T14:45:00Z,2026-07-20T16:45:00+0200,6294.75,MW,FR,FR,actual_onshore_wind_generation,Wind Onshore,2026-08-13T16:47:47Z
2026-08-13T16:46:02Z,2026-08-13T18:46:02+0200,bbadff40-465f-4669-a5ab-d3c11bbfaf39,2026-07-20T15:00:00Z,2026-07-20T17:00:00+0200,6515.26,MW,FR,FR,actual_onshore_wind_generation,Wind Onshore,2026-08-13T16:47:47Z
2026-08-13T16:46:02Z,2026-08-13T18:46:02+0200,bbadff40-465f-4669-a5ab-d3c11bbfaf39,2026-07-20T15:15:00Z,2026-07-20T17:15:00+0200,6664.22,MW,FR,FR,actual_onshore_wind_generation,Wind Onshore,2026-08-13T16:47:47Z
2026-08-13T16:46:02Z,2026-08-13T18:46:02+0200,bbadff40-465f-4669-a5ab-d3c11bbfaf39,2026-07-20T15:30:00Z,2026-07-20T17:30:00+0200,6826.84,MW,FR,FR,actual_onshore_wind_generation,Wind Onshore,2026-08-13T16:47:47Z
2026-08-13T16:46:02Z,2026-08-13T18:46:02+0200,bbadff40-465f-4669-a5ab-d3c11bbfaf39,2026-07-20T15:45:00Z,2026-07-20T17:45:00+0200,6881.21,MW,FR,FR,actual_onshore_wind_generation,Wind Onshore,2026-08-13T16:47:47Z
2026-08-13T16:46:02Z,2026-08-13T18:46:02+0200,bbadff40-465f-4669-a5ab-d3c11bbfaf39,2026-07-20T16:00:00Z,2026-07-20T18:00:00+0200,6990.71,MW,FR,FR,actual_onshore_wind_generation,Wind Onshore,2026-08-13T16:47:47Z
2026-08-13T16:46:02Z,2026-08-13T18:46:02+0200,bbadff40-465f-4669-a5ab-d3c11bbfaf39,2026-07-20T16:15:00Z,2026-07-20T18:15:00+0200,6970.2,MW,FR,FR,actual_onshore_wind_generation,Wind Onshore,2026-08-13T16:47:47Z
2026-08-13T16:46:02Z,2026-08-13T18:46:02+0200,bbadff40-465f-4669-a5ab-d3c11bbfaf39,2026-07-20T16:30:00Z,2026-07-20T18:30:00+0200,6954.0,MW,FR,FR,actual_onshore_wind_generation,Wind Onshore,2026-08-13T16:47:47Z
2026-08-13T16:46:02Z,2026-08-13T18:46:02+0200,bbadff40-465f-4669-a5ab-d3c11bbfaf39,2026-07-20T16:45:00Z,2026-07-20T18:45:00+0200,6959.14,MW,FR,FR,actual_onshore_wind_generation,Wind Onshore,2026-08-13T16:47:47Z
2026-08-13T16:46:02Z,2026-08-13T18:46:02+0200,bbadff40-465f-4669-a5ab-d3c11bbfaf39,2026-07-20T17:00:00Z,2026-07-20T19:00:00+0200,6966.62,MW,FR,FR,actual_onshore_wind_generation,Wind Onshore,2026-08-13T16:47:47Z
2026-08-13T16:46:02Z,2026-08-13T18:46:02+0200,bbadff40-465f-4669-a5ab-d3c11bbfaf39,2026-07-20T17:15:00Z,2026-07-20T19:15:00+0200,6977.19,MW,FR,FR,actual_onshore_wind_generation,Wind Onshore,2026-08-13T16:47:47Z
2026-08-13T16:46:02Z,2026-08-13T18:46:02+0200,bbadff40-465f-4669-a5ab-d3c11bbfaf39,2026-07-20T17:30:00Z,2026-07-20T19:30:00+0200,6923.64,MW,FR,FR,actual_onshore_wind_generation,Wind Onshore,2026-08-13T16:47:47Z
2026-08-13T16:46:02Z,2026-08-13T18:46:02+0200,bbadff40-465f-4669-a5ab-d3c11bbfaf39,2026-07-20T17:45:00Z,2026-07-20T19:45:00+0200,6922.66,MW,FR,FR,actual_onshore_wind_generation,Wind Onshore,2026-08-13T16:47:47Z
2026-08-13T16:46:02Z,2026-08-13T18:46:02+0200,bbadff40-465f-4669-a5ab-d3c11bbfaf39,2026-07-20T18:00:00Z,2026-07-20T20:00:00+0200,6782.74,MW,FR,FR,actual_onshore_wind_generation,Wind Onshore,2026-08-13T16:47:47Z
2026-08-13T16:46:02Z,2026-08-13T18:46:02+0200,bbadff40-465f-4669-a5ab-d3c11bbfaf39,2026-07-20T18:15:00Z,2026-07-20T20:15:00+0200,6666.75,MW,FR,FR,actual_onshore_wind_generation,Wind Onshore,2026-08-13T16:47:47Z
2026-08-13T16:46:02Z,2026-08-13T18:46:02+0200,bbadff40-465f-4669-a5ab-d3c11bbfaf39,2026-07-20T18:30:00Z,2026-07-20T20:30:00+0200,6576.9,MW,FR,FR,actual_onshore_wind_generation,Wind Onshore,2026-08-13T16:47:47Z
2026-08-13T16:46:02Z,2026-08-13T18:46:02+0200,bbadff40-465f-4669-a5ab-d3c11bbfaf39,2026-07-20T18:45:00Z,2026-07-20T20:45:00+0200,6348.27,MW,FR,FR,actual_onshore_wind_generation,Wind Onshore,2026-08-13T16:47:47Z
2026-08-13T16:46:02Z,2026-08-13T18:46:02+0200,bbadff40-465f-4669-a5ab-d3c11bbfaf39,2026-07-20T19:00:00Z,2026-07-20T21:00:00+0200,6144.93,MW,FR,FR,actual_onshore_wind_generation,Wind Onshore,2026-08-13T16:47:47Z
2026-08-13T16:46:02Z,2026-08-13T18:46:02+0200,bbadff40-465f-4669-a5ab-d3c11bbfaf39,2026-07-20T19:15:00Z,2026-07-20T21:15:00+0200,6003.15,MW,FR,FR,actual_onshore_wind_generation,Wind Onshore,2026-08-13T16:47:47Z
2026-08-13T16:46:02Z,2026-08-13T18:46:02+0200,bbadff40-465f-4669-a5ab-d3c11bbfaf39,2026-07-20T19:30:00Z,2026-07-20T21:30:00+0200,5992.31,MW,FR,FR,actual_onshore_wind_generation,Wind Onshore,2026-08-13T16:47:47Z
2026-08-13T16:46:02Z,2026-08-13T18:46:02+0200,bbadff40-465f-4669-a5ab-d3c11bbfaf39,2026-07-20T19:45:00Z,2026-07-20T21:45:00+0200,6108.0,MW,FR,FR,actual_onshore_wind_generation,Wind Onshore,2026-08-13T16:47:47Z
2026-08-13T16:46:02Z,2026-08-13T18:46:02+0200,bbadff40-465f-4669-a5ab-d3c11bbfaf39,2026-07-20T20:00:00Z,2026-07-20T22:00:00+0200,6201.47,MW,FR,FR,actual_onshore_wind_generation,Wind Onshore,2026-08-13T16:47:47Z
2026-08-13T16:46:02Z,2026-08-13T18:46:02+0200,bbadff40-465f-4669-a5ab-d3c11bbfaf39,2026-07-20T20:15:00Z,2026-07-20T22:15:00+0200,6387.47,MW,FR,FR,actual_onshore_wind_generation,Wind Onshore,2026-08-13T16:47:47Z
2026-08-13T16:46:02Z,2026-08-13T18:46:02+0200,bbadff40-465f-4669-a5ab-d3c11bbfaf39,2026-07-20T20:30:00Z,2026-07-20T22:30:00+0200,6676.72,MW,FR,FR,actual_onshore_wind_generation,Wind Onshore,2026-08-13T16:47:47Z
2026-08-13T16:46:02Z,2026-08-13T18:46:02+0200,bbadff40-465f-4669-a5ab-d3c11bbfaf39,2026-07-20T20:45:00Z,2026-07-20T22:45:00+0200,6879.81,MW,FR,FR,actual_onshore_wind_generation,Wind Onshore,2026-08-13T16:47:47Z
2026-08-13T16:46:02Z,2026-08-13T18:46:02+0200,bbadff40-465f-4669-a5ab-d3c11bbfaf39,2026-07-20T21:00:00Z,2026-07-20T23:00:00+0200,6929.56,MW,FR,FR,actual_onshore_wind_generation,Wind Onshore,2026-08-13T16:47:47Z
2026-08-13T16:46:02Z,2026-08-13T18:46:02+0200,bbadff40-465f-4669-a5ab-d3c11bbfaf39,2026-07-20T21:15:00Z,2026-07-20T23:15:00+0200,6943.75,MW,FR,FR,actual_onshore_wind_generation,Wind Onshore,2026-08-13T16:47:47Z
2026-08-13T16:46:02Z,2026-08-13T18:46:02+0200,bbadff40-465f-4669-a5ab-d3c11bbfaf39,2026-07-20T21:30:00Z,2026-07-20T23:30:00+0200,6958.89,MW,FR,FR,actual_onshore_wind_generation,Wind Onshore,2026-08-13T16:47:47Z
2026-08-13T16:46:02Z,2026-08-13T18:46:02+0200,bbadff40-465f-4669-a5ab-d3c11bbfaf39,2026-07-20T21:45:00Z,2026-07-20T23:45:00+0200,6964.02,MW,FR,FR,actual_onshore_wind_generation,Wind Onshore,2026-08-13T16:47:47Z
2026-08-13T16:46:02Z,2026-08-13T18:46:02+0200,bbadff40-465f-4669-a5ab-d3c11bbfaf39,2026-07-20T22:00:00Z,2026-07-21T00:00:00+0200,6941.38,MW,FR,FR,actual_onshore_wind_generation,Wind Onshore,2026-08-13T16:47:47Z
2026-08-13T16:46:02Z,2026-08-13T18:46:02+0200,bbadff40-465f-4669-a5ab-d3c11bbfaf39,2026-07-20T22:15:00Z,2026-07-21T00:15:00+0200,6938.34,MW,FR,FR,actual_onshore_wind_generation,Wind Onshore,2026-08-13T16:47:47Z
2026-08-13T16:46:02Z,2026-08-13T18:46:02+0200,bbadff40-465f-4669-a5ab-d3c11bbfaf39,2026-07-20T22:30:00Z,2026-07-21T00:30:00+0200,6815.92,MW,FR,FR,actual_onshore_wind_generation,Wind Onshore,2026-08-13T16:47:47Z
2026-08-13T16:46:02Z,2026-08-13T18:46:02+0200,bbadff40-465f-4669-a5ab-d3c11bbfaf39,2026-07-20T22:45:00Z,2026-07-21T00:45:00+0200,6783.82,MW,FR,FR,actual_onshore_wind_generation,Wind Onshore,2026-08-13T16:47:47Z
2026-08-13T16:46:02Z,2026-08-13T18:46:02+0200,bbadff40-465f-4669-a5ab-d3c11bbfaf39,2026-07-20T23:00:00Z,2026-07-21T01:00:00+0200,6710.56,MW,FR,FR,actual_onshore_wind_generation,Wind Onshore,2026-08-13T16:47:47Z
2026-08-13T16:46:02Z,2026-08-13T18:46:02+0200,bbadff40-465f-4669-a5ab-d3c11bbfaf39,2026-07-20T23:15:00Z,2026-07-21T01:15:00+0200,6628.55,MW,FR,FR,actual_onshore_wind_generation,Wind Onshore,2026-08-13T16:47:47Z
2026-08-13T16:46:02Z,2026-08-13T18:46:02+0200,bbadff40-465f-4669-a5ab-d3c11bbfaf39,2026-07-20T23:30:00Z,2026-07-21T01:30:00+0200,6515.09,MW,FR,FR,actual_onshore_wind_generation,Wind Onshore,2026-08-13T16:47:47Z
2026-08-13T16:46:02Z,2026-08-13T18:46:02+0200,bbadff40-465f-4669-a5ab-d3c11bbfaf39,2026-07-20T23:45:00Z,2026-07-21T01:45:00+0200,6446.31,MW,FR,FR,actual_onshore_wind_generation,Wind Onshore,2026-08-13T16:47:47Z
2026-08-13T16:46:02Z,2026-08-13T18:46:02+0200,bbadff40-465f-4669-a5ab-d3c11bbfaf39,2026-07-21T00:00:00Z,2026-07-21T02:00:00+0200,6384.61,MW,FR,FR,actual_onshore_wind_generation,Wind Onshore,2026-08-13T16:47:47Z
2026-08-13T16:46:02Z,2026-08-13T18:46:02+0200,bbadff40-465f-4669-a5ab-d3c11bbfaf39,2026-07-21T00:15:00Z,2026-07-21T02:15:00+0200,6329.36,MW,FR,FR,actual_onshore_wind_generation,Wind Onshore,2026-08-13T16:47:47Z
2026-08-13T16:46:02Z,2026-08-13T18:46:02+0200,bbadff40-465f-4669-a5ab-d3c11bbfaf39,2026-07-21T00:30:00Z,2026-07-21T02:30:00+0200,6327.41,MW,FR,FR,actual_onshore_wind_generation,Wind Onshore,2026-08-13T16:47:47Z
2026-08-13T16:46:02Z,2026-08-13T18:46:02+0200,bbadff40-465f-4669-a5ab-d3c11bbfaf39,2026-07-21T00:45:00Z,2026-07-21T02:45:00+0200,6294.8,MW,FR,FR,actual_onshore_wind_generation,Wind Onshore,2026-08-13T16:47:47Z
2026-08-13T16:46:02Z,2026-08-13T18:46:02+0200,bbadff40-465f-4669-a5ab-d3c11bbfaf39,2026-07-21T01:00:00Z,2026-07-21T03:00:00+0200,6294.2,MW,FR,FR,actual_onshore_wind_generation,Wind Onshore,2026-08-13T16:47:47Z
2026-08-13T16:46:02Z,2026-08-13T18:46:02+0200,bbadff40-465f-4669-a5ab-d3c11bbfaf39,2026-07-21T01:15:00Z,2026-07-21T03:15:00+0200,6353.68,MW,FR,FR,actual_onshore_wind_generation,Wind Onshore,2026-08-13T16:47:47Z
2026-08-13T16:46:02Z,2026-08-13T18:46:02+0200,bbadff40-465f-4669-a5ab-d3c11bbfaf39,2026-07-21T01:30:00Z,2026-07-21T03:30:00+0200,6358.81,MW,FR,FR,actual_onshore_wind_generation,Wind Onshore,2026-08-13T16:47:47Z
2026-08-13T16:46:02Z,2026-08-13T18:46:02+0200,bbadff40-465f-4669-a5ab-d3c11bbfaf39,2026-07-21T01:45:00Z,2026-07-21T03:45:00+0200,6332.91,MW,FR,FR,actual_onshore_wind_generation,Wind Onshore,2026-08-13T16:47:47Z
2026-08-13T16:46:02Z,2026-08-13T18:46:02+0200,bbadff40-465f-4669-a5ab-d3c11bbfaf39,2026-07-21T02:00:00Z,2026-07-21T04:00:00+0200,6267.68,MW,FR,FR,actual_onshore_wind_generation,Wind Onshore,2026-08-13T16:47:47Z
2026-08-13T16:46:02Z,2026-08-13T18:46:02+0200,bbadff40-465f-4669-a5ab-d3c11bbfaf39,2026-07-21T02:15:00Z,2026-07-21T04:15:00+0200,6184.64,MW,FR,FR,actual_onshore_wind_generation,Wind Onshore,2026-08-13T16:47:47Z
2026-08-13T16:46:02Z,2026-08-13T18:46:02+0200,bbadff40-465f-4669-a5ab-d3c11bbfaf39,2026-07-21T02:30:00Z,2026-07-21T04:30:00+0200,6069.63,MW,FR,FR,actual_onshore_wind_generation,Wind Onshore,2026-08-13T16:47:47Z
2026-08-13T16:46:02Z,2026-08-13T18:46:02+0200,bbadff40-465f-4669-a5ab-d3c11bbfaf39,2026-07-21T02:45:00Z,2026-07-21T04:45:00+0200,5953.43,MW,FR,FR,actual_onshore_wind_generation,Wind Onshore,2026-08-13T16:47:47Z
2026-08-13T16:46:02Z,2026-08-13T18:46:02+0200,bbadff40-465f-4669-a5ab-d3c11bbfaf39,2026-07-21T03:00:00Z,2026-07-21T05:00:00+0200,5921.05,MW,FR,FR,actual_onshore_wind_generation,Wind Onshore,2026-08-13T16:47:47Z
2026-08-13T16:46:02Z,2026-08-13T18:46:02+0200,bbadff40-465f-4669-a5ab-d3c11bbfaf39,2026-07-21T03:15:00Z,2026-07-21T05:15:00+0200,5945.67,MW,FR,FR,actual_onshore_wind_generation,Wind Onshore,2026-08-13T16:47:47Z
2026-08-13T16:46:02Z,2026-08-13T18:46:02+0200,bbadff40-465f-4669-a5ab-d3c11bbfaf39,2026-07-21T03:30:00Z,2026-07-21T05:30:00+0200,5899.76,MW,FR,FR,actual_onshore_wind_generation,Wind Onshore,2026-08-13T16:47:47Z
2026-08-13T16:46:02Z,2026-08-13T18:46:02+0200,bbadff40-465f-4669-a5ab-d3c11bbfaf39,2026-07-21T03:45:00Z,2026-07-21T05:45:00+0200,5864.93,MW,FR,FR,actual_onshore_wind_generation,Wind Onshore,2026-08-13T16:47:47Z
2026-08-13T16:46:02Z,2026-08-13T18:46:02+0200,bbadff40-465f-4669-a5ab-d3c11bbfaf39,2026-07-21T04:00:00Z,2026-07-21T06:00:00+0200,5894.16,MW,FR,FR,actual_onshore_wind_generation,Wind Onshore,2026-08-13T16:47:47Z
2026-08-13T16:46:02Z,2026-08-13T18:46:02+0200,bbadff40-465f-4669-a5ab-d3c11bbfaf39,2026-07-21T04:15:00Z,2026-07-21T06:15:00+0200,5778.76,MW,FR,FR,actual_onshore_wind_generation,Wind Onshore,2026-08-13T16:47:47Z
2026-08-13T16:46:02Z,2026-08-13T18:46:02+0200,bbadff40-465f-4669-a5ab-d3c11bbfaf39,2026-07-21T04:30:00Z,2026-07-21T06:30:00+0200,5669.45,MW,FR,FR,actual_onshore_wind_generation,Wind Onshore,2026-08-13T16:47:47Z
2026-08-13T16:46:02Z,2026-08-13T18:46:02+0200,bbadff40-465f-4669-a5ab-d3c11bbfaf39,2026-07-21T04:45:00Z,2026-07-21T06:45:00+0200,5531.62,MW,FR,FR,actual_onshore_wind_generation,Wind Onshore,2026-08-13T16:47:47Z
2026-08-13T16:46:02Z,2026-08-13T18:46:02+0200,bbadff40-465f-4669-a5ab-d3c11bbfaf39,2026-07-21T05:00:00Z,2026-07-21T07:00:00+0200,5392.79,MW,FR,FR,actual_onshore_wind_generation,Wind Onshore,2026-08-13T16:47:47Z
2026-08-13T16:46:02Z,2026-08-13T18:46:02+0200,bbadff40-465f-4669-a5ab-d3c11bbfaf39,2026-07-21T05:15:00Z,2026-07-21T07:15:00+0200,5174.49,MW,FR,FR,actual_onshore_wind_generation,Wind Onshore,2026-08-13T16:47:47Z
2026-08-13T16:46:02Z,2026-08-13T18:46:02+0200,bbadff40-465f-4669-a5ab-d3c11bbfaf39,2026-07-21T05:30:00Z,2026-07-21T07:30:00+0200,4843.97,MW,FR,FR,actual_onshore_wind_generation,Wind Onshore,2026-08-13T16:47:47Z
2026-08-13T16:46:02Z,2026-08-13T18:46:02+0200,bbadff40-465f-4669-a5ab-d3c11bbfaf39,2026-07-21T05:45:00Z,2026-07-21T07:45:00+0200,4373.74,MW,FR,FR,actual_onshore_wind_generation,Wind Onshore,2026-08-13T16:47:47Z
2026-08-13T16:46:02Z,2026-08-13T18:46:02+0200,bbadff40-465f-4669-a5ab-d3c11bbfaf39,2026-07-21T06:00:00Z,2026-07-21T08:00:00+0200,3979.55,MW,FR,FR,actual_onshore_wind_generation,Wind Onshore,2026-08-13T16:47:47Z
2026-08-13T16:46:02Z,2026-08-13T18:46:02+0200,bbadff40-465f-4669-a5ab-d3c11bbfaf39,2026-07-21T06:15:00Z,2026-07-21T08:15:00+0200,3672.05,MW,FR,FR,actual_onshore_wind_generation,Wind Onshore,2026-08-13T16:47:47Z
2026-08-13T16:46:02Z,2026-08-13T18:46:02+0200,bbadff40-465f-4669-a5ab-d3c11bbfaf39,2026-07-21T06:30:00Z,2026-07-21T08:30:00+0200,3476.08,MW,FR,FR,actual_onshore_wind_generation,Wind Onshore,2026-08-13T16:47:47Z
2026-08-13T16:46:02Z,2026-08-13T18:46:02+0200,bbadff40-465f-4669-a5ab-d3c11bbfaf39,2026-07-21T06:45:00Z,2026-07-21T08:45:00+0200,3365.68,MW,FR,FR,actual_onshore_wind_generation,Wind Onshore,2026-08-13T16:47:47Z
2026-08-13T16:46:02Z,2026-08-13T18:46:02+0200,bbadff40-465f-4669-a5ab-d3c11bbfaf39,2026-07-21T07:00:00Z,2026-07-21T09:00:00+0200,3356.59,MW,FR,FR,actual_onshore_wind_generation,Wind Onshore,2026-08-13T16:47:47Z
2026-08-13T16:46:02Z,2026-08-13T18:46:02+0200,bbadff40-465f-4669-a5ab-d3c11bbfaf39,2026-07-21T07:15:00Z,2026-07-21T09:15:00+0200,3478.99,MW,FR,FR,actual_onshore_wind_generation,Wind Onshore,2026-08-13T16:47:47Z
2026-08-13T16:46:02Z,2026-08-13T18:46:02+0200,bbadff40-465f-4669-a5ab-d3c11bbfaf39,2026-07-21T07:30:00Z,2026-07-21T09:30:00+0200,3656.0,MW,FR,FR,actual_onshore_wind_generation,Wind Onshore,2026-08-13T16:47:47Z
2026-08-13T16:46:02Z,2026-08-13T18:46:02+0200,bbadff40-465f-4669-a5ab-d3c11bbfaf39,2026-07-21T07:45:00Z,2026-07-21T09:45:00+0200,3819.35,MW,FR,FR,actual_onshore_wind_generation,Wind Onshore,2026-08-13T16:47:47Z
2026-08-13T16:46:02Z,2026-08-13T18:46:02+0200,bbadff40-465f-4669-a5ab-d3c11bbfaf39,2026-07-21T08:00:00Z,2026-07-21T10:00:00+0200,3989.17,MW,FR,FR,actual_onshore_wind_generation,Wind Onshore,2026-08-13T16:47:47Z
2026-08-13T16:46:02Z,2026-08-13T18:46:02+0200,bbadff40-465f-4669-a5ab-d3c11bbfaf39,2026-07-21T08:15:00Z,2026-07-21T10:15:00+0200,4083.53,MW,FR,FR,actual_onshore_wind_generation,Wind Onshore,2026-08-13T16:47:47Z
2026-08-13T16:46:02Z,2026-08-13T18:46:02+0200,bbadff40-465f-4669-a5ab-d3c11bbfaf39,2026-07-21T08:30:00Z,2026-07-21T10:30:00+0200,4187.21,MW,FR,FR,actual_onshore_wind_generation,Wind Onshore,2026-08-13T16:47:47Z
2026-08-13T16:46:02Z,2026-08-13T18:46:02+0200,bbadff40-465f-4669-a5ab-d3c11bbfaf39,2026-07-21T08:45:00Z,2026-07-21T10:45:00+0200,4276.5,MW,FR,FR,actual_onshore_wind_generation,Wind Onshore,2026-08-13T16:47:47Z
2026-08-13T16:46:02Z,2026-08-13T18:46:02+0200,bbadff40-465f-4669-a5ab-d3c11bbfaf39,2026-07-21T09:00:00Z,2026-07-21T11:00:00+0200,4323.33,MW,FR,FR,actual_onshore_wind_generation,Wind Onshore,2026-08-13T16:47:47Z
2026-08-13T16:46:02Z,2026-08-13T18:46:02+0200,bbadff40-465f-4669-a5ab-d3c11bbfaf39,2026-07-21T09:15:00Z,2026-07-21T11:15:00+0200,4446.56,MW,FR,FR,actual_onshore_wind_generation,Wind Onshore,2026-08-13T16:47:47Z
2026-08-13T16:46:02Z,2026-08-13T18:46:02+0200,bbadff40-465f-4669-a5ab-d3c11bbfaf39,2026-07-21T09:30:00Z,2026-07-21T11:30:00+0200,4478.15,MW,FR,FR,actual_onshore_wind_generation,Wind Onshore,2026-08-13T16:47:47Z
2026-08-13T16:46:02Z,2026-08-13T18:46:02+0200,bbadff40-465f-4669-a5ab-d3c11bbfaf39,2026-07-21T09:45:00Z,2026-07-21T11:45:00+0200,4445.55,MW,FR,FR,actual_onshore_wind_generation,Wind Onshore,2026-08-13T16:47:47Z
2026-08-13T16:46:02Z,2026-08-13T18:46:02+0200,bbadff40-465f-4669-a5ab-d3c11bbfaf39,2026-07-21T10:00:00Z,2026-07-21T12:00:00+0200,4457.62,MW,FR,FR,actual_onshore_wind_generation,Wind Onshore,2026-08-13T16:47:47Z
2026-08-13T16:46:02Z,2026-08-13T18:46:02+0200,bbadff40-465f-4669-a5ab-d3c11bbfaf39,2026-07-21T10:15:00Z,2026-07-21T12:15:00+0200,4216.72,MW,FR,FR,actual_onshore_wind_generation,Wind Onshore,2026-08-13T16:47:47Z
2026-08-13T16:46:02Z,2026-08-13T18:46:02+0200,bbadff40-465f-4669-a5ab-d3c11bbfaf39,2026-07-21T10:30:00Z,2026-07-21T12:30:00+0200,4216.67,MW,FR,FR,actual_onshore_wind_generation,Wind Onshore,2026-08-13T16:47:47Z
2026-08-13T16:46:02Z,2026-08-13T18:46:02+0200,bbadff40-465f-4669-a5ab-d3c11bbfaf39,2026-07-21T10:45:00Z,2026-07-21T12:45:00+0200,4146.94,MW,FR,FR,actual_onshore_wind_generation,Wind Onshore,2026-08-13T16:47:47Z
2026-08-13T16:46:02Z,2026-08-13T18:46:02+0200,bbadff40-465f-4669-a5ab-d3c11bbfaf39,2026-07-21T11:00:00Z,2026-07-21T13:00:00+0200,4071.38,MW,FR,FR,actual_onshore_wind_generation,Wind Onshore,2026-08-13T16:47:47Z
2026-08-13T16:46:02Z,2026-08-13T18:46:02+0200,bbadff40-465f-4669-a5ab-d3c11bbfaf39,2026-07-21T11:15:00Z,2026-07-21T13:15:00+0200,3936.13,MW,FR,FR,actual_onshore_wind_generation,Wind Onshore,2026-08-13T16:47:47Z
2026-08-13T16:46:02Z,2026-08-13T18:46:02+0200,bbadff40-465f-4669-a5ab-d3c11bbfaf39,2026-07-21T11:30:00Z,2026-07-21T13:30:00+0200,3811.18,MW,FR,FR,actual_onshore_wind_generation,Wind Onshore,2026-08-13T16:47:47Z
2026-08-13T16:46:02Z,2026-08-13T18:46:02+0200,bbadff40-465f-4669-a5ab-d3c11bbfaf39,2026-07-21T11:45:00Z,2026-07-21T13:45:00+0200,3840.48,MW,FR,FR,actual_onshore_wind_generation,Wind Onshore,2026-08-13T16:47:47Z
2026-08-13T16:46:02Z,2026-08-13T18:46:02+0200,bbadff40-465f-4669-a5ab-d3c11bbfaf39,2026-07-21T12:00:00Z,2026-07-21T14:00:00+0200,3953.43,MW,FR,FR,actual_onshore_wind_generation,Wind Onshore,2026-08-13T16:47:47Z
2026-08-13T16:46:02Z,2026-08-13T18:46:02+0200,bbadff40-465f-4669-a5ab-d3c11bbfaf39,2026-07-21T12:15:00Z,2026-07-21T14:15:00+0200,4060.64,MW,FR,FR,actual_onshore_wind_generation,Wind Onshore,2026-08-13T16:47:47Z
2026-08-13T16:46:02Z,2026-08-13T18:46:02+0200,bbadff40-465f-4669-a5ab-d3c11bbfaf39,2026-07-21T12:30:00Z,2026-07-21T14:30:00+0200,4092.24,MW,FR,FR,actual_onshore_wind_generation,Wind Onshore,2026-08-13T16:47:47Z
2026-08-13T16:46:02Z,2026-08-13T18:46:02+0200,bbadff40-465f-4669-a5ab-d3c11bbfaf39,2026-07-21T12:45:00Z,2026-07-21T14:45:00+0200,4036.44,MW,FR,FR,actual_onshore_wind_generation,Wind Onshore,2026-08-13T16:47:47Z
2026-08-13T16:46:02Z,2026-08-13T18:46:02+0200,bbadff40-465f-4669-a5ab-d3c11bbfaf39,2026-07-21T13:00:00Z,2026-07-21T15:00:00+0200,4165.81,MW,FR,FR,actual_onshore_wind_generation,Wind Onshore,2026-08-13T16:47:47Z
2026-08-13T16:46:02Z,2026-08-13T18:46:02+0200,bbadff40-465f-4669-a5ab-d3c11bbfaf39,2026-07-21T13:15:00Z,2026-07-21T15:15:00+0200,4407.75,MW,FR,FR,actual_onshore_wind_generation,Wind Onshore,2026-08-13T16:47:47Z
2026-08-13T16:46:02Z,2026-08-13T18:46:02+0200,bbadff40-465f-4669-a5ab-d3c11bbfaf39,2026-07-21T13:30:00Z,2026-07-21T15:30:00+0200,4543.89,MW,FR,FR,actual_onshore_wind_generation,Wind Onshore,2026-08-13T16:47:47Z
2026-08-13T16:46:02Z,2026-08-13T18:46:02+0200,bbadff40-465f-4669-a5ab-d3c11bbfaf39,2026-07-21T13:45:00Z,2026-07-21T15:45:00+0200,4589.55,MW,FR,FR,actual_onshore_wind_generation,Wind Onshore,2026-08-13T16:47:47Z
2026-08-13T16:46:02Z,2026-08-13T18:46:02+0200,bbadff40-465f-4669-a5ab-d3c11bbfaf39,2026-07-21T14:00:00Z,2026-07-21T16:00:00+0200,4825.26,MW,FR,FR,actual_onshore_wind_generation,Wind Onshore,2026-08-13T16:47:47Z
2026-08-13T16:46:02Z,2026-08-13T18:46:02+0200,bbadff40-465f-4669-a5ab-d3c11bbfaf39,2026-07-21T14:15:00Z,2026-07-21T16:15:00+0200,4977.78,MW,FR,FR,actual_onshore_wind_generation,Wind Onshore,2026-08-13T16:47:47Z
2026-08-13T16:46:02Z,2026-08-13T18:46:02+0200,bbadff40-465f-4669-a5ab-d3c11bbfaf39,2026-07-21T14:30:00Z,2026-07-21T16:30:00+0200,5041.97,MW,FR,FR,actual_onshore_wind_generation,Wind Onshore,2026-08-13T16:47:47Z
2026-08-13T16:46:02Z,2026-08-13T18:46:02+0200,bbadff40-465f-4669-a5ab-d3c11bbfaf39,2026-07-21T14:45:00Z,2026-07-21T16:45:00+0200,5143.28,MW,FR,FR,actual_onshore_wind_generation,Wind Onshore,2026-08-13T16:47:47Z
2026-08-13T16:46:02Z,2026-08-13T18:46:02+0200,bbadff40-465f-4669-a5ab-d3c11bbfaf39,2026-07-21T15:00:00Z,2026-07-21T17:00:00+0200,5253.48,MW,FR,FR,actual_onshore_wind_generation,Wind Onshore,2026-08-13T16:47:47Z
2026-08-13T16:46:02Z,2026-08-13T18:46:02+0200,bbadff40-465f-4669-a5ab-d3c11bbfaf39,2026-07-21T15:15:00Z,2026-07-21T17:15:00+0200,5403.16,MW,FR,FR,actual_onshore_wind_generation,Wind Onshore,2026-08-13T16:47:47Z
2026-08-13T16:46:02Z,2026-08-13T18:46:02+0200,bbadff40-465f-4669-a5ab-d3c11bbfaf39,2026-07-21T15:30:00Z,2026-07-21T17:30:00+0200,5474.65,MW,FR,FR,actual_onshore_wind_generation,Wind Onshore,2026-08-13T16:47:47Z
2026-08-13T16:46:02Z,2026-08-13T18:46:02+0200,bbadff40-465f-4669-a5ab-d3c11bbfaf39,2026-07-21T15:45:00Z,2026-07-21T17:45:00+0200,5590.1,MW,FR,FR,actual_onshore_wind_generation,Wind Onshore,2026-08-13T16:47:47Z
2026-08-13T16:46:02Z,2026-08-13T18:46:02+0200,bbadff40-465f-4669-a5ab-d3c11bbfaf39,2026-07-21T16:00:00Z,2026-07-21T18:00:00+0200,5673.6,MW,FR,FR,actual_onshore_wind_generation,Wind Onshore,2026-08-13T16:47:47Z
2026-08-13T16:46:02Z,2026-08-13T18:46:02+0200,bbadff40-465f-4669-a5ab-d3c11bbfaf39,2026-07-21T16:15:00Z,2026-07-21T18:15:00+0200,5839.95,MW,FR,FR,actual_onshore_wind_generation,Wind Onshore,2026-08-13T16:47:47Z
2026-08-13T16:46:02Z,2026-08-13T18:46:02+0200,bbadff40-465f-4669-a5ab-d3c11bbfaf39,2026-07-21T16:30:00Z,2026-07-21T18:30:00+0200,5951.04,MW,FR,FR,actual_onshore_wind_generation,Wind Onshore,2026-08-13T16:47:47Z
2026-08-13T16:46:02Z,2026-08-13T18:46:02+0200,bbadff40-465f-4669-a5ab-d3c11bbfaf39,2026-07-21T16:45:00Z,2026-07-21T18:45:00+0200,6052.15,MW,FR,FR,actual_onshore_wind_generation,Wind Onshore,2026-08-13T16:47:47Z
2026-08-13T16:46:02Z,2026-08-13T18:46:02+0200,bbadff40-465f-4669-a5ab-d3c11bbfaf39,2026-07-21T17:00:00Z,2026-07-21T19:00:00+0200,6130.18,MW,FR,FR,actual_onshore_wind_generation,Wind Onshore,2026-08-13T16:47:47Z
2026-08-13T16:46:02Z,2026-08-13T18:46:02+0200,bbadff40-465f-4669-a5ab-d3c11bbfaf39,2026-07-21T17:15:00Z,2026-07-21T19:15:00+0200,6134.2,MW,FR,FR,actual_onshore_wind_generation,Wind Onshore,2026-08-13T16:47:47Z
2026-08-13T16:46:02Z,2026-08-13T18:46:02+0200,bbadff40-465f-4669-a5ab-d3c11bbfaf39,2026-07-21T17:30:00Z,2026-07-21T19:30:00+0200,6214.24,MW,FR,FR,actual_onshore_wind_generation,Wind Onshore,2026-08-13T16:47:47Z
2026-08-13T16:46:02Z,2026-08-13T18:46:02+0200,bbadff40-465f-4669-a5ab-d3c11bbfaf39,2026-07-21T17:45:00Z,2026-07-21T19:45:00+0200,6232.87,MW,FR,FR,actual_onshore_wind_generation,Wind Onshore,2026-08-13T16:47:47Z
2026-08-13T16:46:02Z,2026-08-13T18:46:02+0200,bbadff40-465f-4669-a5ab-d3c11bbfaf39,2026-07-21T18:00:00Z,2026-07-21T20:00:00+0200,6204.74,MW,FR,FR,actual_onshore_wind_generation,Wind Onshore,2026-08-13T16:47:47Z
2026-08-13T16:46:02Z,2026-08-13T18:46:02+0200,bbadff40-465f-4669-a5ab-d3c11bbfaf39,2026-07-21T18:15:00Z,2026-07-21T20:15:00+0200,6047.7,MW,FR,FR,actual_onshore_wind_generation,Wind Onshore,2026-08-13T16:47:47Z
2026-08-13T16:46:02Z,2026-08-13T18:46:02+0200,bbadff40-465f-4669-a5ab-d3c11bbfaf39,2026-07-21T18:30:00Z,2026-07-21T20:30:00+0200,5936.95,MW,FR,FR,actual_onshore_wind_generation,Wind Onshore,2026-08-13T16:47:47Z
2026-08-13T16:46:02Z,2026-08-13T18:46:02+0200,bbadff40-465f-4669-a5ab-d3c11bbfaf39,2026-07-21T18:45:00Z,2026-07-21T20:45:00+0200,5799.43,MW,FR,FR,actual_onshore_wind_generation,Wind Onshore,2026-08-13T16:47:47Z
2026-08-13T16:46:02Z,2026-08-13T18:46:02+0200,bbadff40-465f-4669-a5ab-d3c11bbfaf39,2026-07-21T19:00:00Z,2026-07-21T21:00:00+0200,5626.12,MW,FR,FR,actual_onshore_wind_generation,Wind Onshore,2026-08-13T16:47:47Z
2026-08-13T16:46:02Z,2026-08-13T18:46:02+0200,bbadff40-465f-4669-a5ab-d3c11bbfaf39,2026-07-21T19:15:00Z,2026-07-21T21:15:00+0200,5483.29,MW,FR,FR,actual_onshore_wind_generation,Wind Onshore,2026-08-13T16:47:47Z
2026-08-13T16:46:02Z,2026-08-13T18:46:02+0200,bbadff40-465f-4669-a5ab-d3c11bbfaf39,2026-07-21T19:30:00Z,2026-07-21T21:30:00+0200,5401.54,MW,FR,FR,actual_onshore_wind_generation,Wind Onshore,2026-08-13T16:47:47Z
2026-08-13T16:46:02Z,2026-08-13T18:46:02+0200,bbadff40-465f-4669-a5ab-d3c11bbfaf39,2026-07-21T19:45:00Z,2026-07-21T21:45:00+0200,5295.33,MW,FR,FR,actual_onshore_wind_generation,Wind Onshore,2026-08-13T16:47:47Z
2026-08-13T16:46:02Z,2026-08-13T18:46:02+0200,bbadff40-465f-4669-a5ab-d3c11bbfaf39,2026-07-21T20:00:00Z,2026-07-21T22:00:00+0200,5302.74,MW,FR,FR,actual_onshore_wind_generation,Wind Onshore,2026-08-13T16:47:47Z
2026-08-13T16:46:02Z,2026-08-13T18:46:02+0200,bbadff40-465f-4669-a5ab-d3c11bbfaf39,2026-07-21T20:15:00Z,2026-07-21T22:15:00+0200,5384.11,MW,FR,FR,actual_onshore_wind_generation,Wind Onshore,2026-08-13T16:47:47Z
2026-08-13T16:46:02Z,2026-08-13T18:46:02+0200,bbadff40-465f-4669-a5ab-d3c11bbfaf39,2026-07-21T20:30:00Z,2026-07-21T22:30:00+0200,5535.78,MW,FR,FR,actual_onshore_wind_generation,Wind Onshore,2026-08-13T16:47:47Z
2026-08-13T16:46:02Z,2026-08-13T18:46:02+0200,bbadff40-465f-4669-a5ab-d3c11bbfaf39,2026-07-21T20:45:00Z,2026-07-21T22:45:00+0200,5664.39,MW,FR,FR,actual_onshore_wind_generation,Wind Onshore,2026-08-13T16:47:47Z
2026-08-13T16:46:02Z,2026-08-13T18:46:02+0200,bbadff40-465f-4669-a5ab-d3c11bbfaf39,2026-07-21T21:00:00Z,2026-07-21T23:00:00+0200,5825.31,MW,FR,FR,actual_onshore_wind_generation,Wind Onshore,2026-08-13T16:47:47Z
2026-08-13T16:46:02Z,2026-08-13T18:46:02+0200,bbadff40-465f-4669-a5ab-d3c11bbfaf39,2026-07-21T21:15:00Z,2026-07-21T23:15:00+0200,5905.63,MW,FR,FR,actual_onshore_wind_generation,Wind Onshore,2026-08-13T16:47:47Z
2026-08-13T16:46:02Z,2026-08-13T18:46:02+0200,bbadff40-465f-4669-a5ab-d3c11bbfaf39,2026-07-21T21:30:00Z,2026-07-21T23:30:00+0200,5877.36,MW,FR,FR,actual_onshore_wind_generation,Wind Onshore,2026-08-13T16:47:47Z
2026-08-13T16:46:02Z,2026-08-13T18:46:02+0200,bbadff40-465f-4669-a5ab-d3c11bbfaf39,2026-07-21T21:45:00Z,2026-07-21T23:45:00+0200,5849.81,MW,FR,FR,actual_onshore_wind_generation,Wind Onshore,2026-08-13T16:47:47Z
2026-08-13T16:46:02Z,2026-08-13T18:46:02+0200,bbadff40-465f-4669-a5ab-d3c11bbfaf39,2026-07-21T22:00:00Z,2026-07-22T00:00:00+0200,5845.96,MW,FR,FR,actual_onshore_wind_generation,Wind Onshore,2026-08-13T16:47:47Z
2026-08-13T16:46:02Z,2026-08-13T18:46:02+0200,bbadff40-465f-4669-a5ab-d3c11bbfaf39,2026-07-21T22:15:00Z,2026-07-22T00:15:00+0200,5815.43,MW,FR,FR,actual_onshore_wind_generation,Wind Onshore,2026-08-13T16:47:47Z
2026-08-13T16:46:02Z,2026-08-13T18:46:02+0200,bbadff40-465f-4669-a5ab-d3c11bbfaf39,2026-07-21T22:30:00Z,2026-07-22T00:30:00+0200,5756.04,MW,FR,FR,actual_onshore_wind_generation,Wind Onshore,2026-08-13T16:47:47Z
2026-08-13T16:46:02Z,2026-08-13T18:46:02+0200,bbadff40-465f-4669-a5ab-d3c11bbfaf39,2026-07-21T22:45:00Z,2026-07-22T00:45:00+0200,5643.13,MW,FR,FR,actual_onshore_wind_generation,Wind Onshore,2026-08-13T16:47:47Z
2026-08-13T16:46:02Z,2026-08-13T18:46:02+0200,bbadff40-465f-4669-a5ab-d3c11bbfaf39,2026-07-21T23:00:00Z,2026-07-22T01:00:00+0200,5514.91,MW,FR,FR,actual_onshore_wind_generation,Wind Onshore,2026-08-13T16:47:47Z
2026-08-13T16:46:02Z,2026-08-13T18:46:02+0200,bbadff40-465f-4669-a5ab-d3c11bbfaf39,2026-07-21T23:15:00Z,2026-07-22T01:15:00+0200,5398.0,MW,FR,FR,actual_onshore_wind_generation,Wind Onshore,2026-08-13T16:47:47Z
2026-08-13T16:46:02Z,2026-08-13T18:46:02+0200,bbadff40-465f-4669-a5ab-d3c11bbfaf39,2026-07-21T23:30:00Z,2026-07-22T01:30:00+0200,5294.05,MW,FR,FR,actual_onshore_wind_generation,Wind Onshore,2026-08-13T16:47:47Z
2026-08-13T16:46:02Z,2026-08-13T18:46:02+0200,bbadff40-465f-4669-a5ab-d3c11bbfaf39,2026-07-21T23:45:00Z,2026-07-22T01:45:00+0200,5211.59,MW,FR,FR,actual_onshore_wind_generation,Wind Onshore,2026-08-13T16:47:47Z
2026-08-13T16:46:02Z,2026-08-13T18:46:02+0200,bbadff40-465f-4669-a5ab-d3c11bbfaf39,2026-07-22T00:00:00Z,2026-07-22T02:00:00+0200,5184.62,MW,FR,FR,actual_onshore_wind_generation,Wind Onshore,2026-08-13T16:47:47Z
2026-08-13T16:46:02Z,2026-08-13T18:46:02+0200,bbadff40-465f-4669-a5ab-d3c11bbfaf39,2026-07-22T00:15:00Z,2026-07-22T02:15:00+0200,5105.74,MW,FR,FR,actual_onshore_wind_generation,Wind Onshore,2026-08-13T16:47:47Z
2026-08-13T16:46:02Z,2026-08-13T18:46:02+0200,bbadff40-465f-4669-a5ab-d3c11bbfaf39,2026-07-22T00:30:00Z,2026-07-22T02:30:00+0200,4977.13,MW,FR,FR,actual_onshore_wind_generation,Wind Onshore,2026-08-13T16:47:47Z
2026-08-13T16:46:02Z,2026-08-13T18:46:02+0200,bbadff40-465f-4669-a5ab-d3c11bbfaf39,2026-07-22T00:45:00Z,2026-07-22T02:45:00+0200,4800.04,MW,FR,FR,actual_onshore_wind_generation,Wind Onshore,2026-08-13T16:47:47Z
2026-08-13T16:46:02Z,2026-08-13T18:46:02+0200,bbadff40-465f-4669-a5ab-d3c11bbfaf39,2026-07-22T01:00:00Z,2026-07-22T03:00:00+0200,4662.73,MW,FR,FR,actual_onshore_wind_generation,Wind Onshore,2026-08-13T16:47:47Z
2026-08-13T16:46:02Z,2026-08-13T18:46:02+0200,bbadff40-465f-4669-a5ab-d3c11bbfaf39,2026-07-22T01:15:00Z,2026-07-22T03:15:00+0200,4544.99,MW,FR,FR,actual_onshore_wind_generation,Wind Onshore,2026-08-13T16:47:47Z
2026-08-13T16:46:02Z,2026-08-13T18:46:02+0200,bbadff40-465f-4669-a5ab-d3c11bbfaf39,2026-07-22T01:30:00Z,2026-07-22T03:30:00+0200,4377.66,MW,FR,FR,actual_onshore_wind_generation,Wind Onshore,2026-08-13T16:47:47Z
2026-08-13T16:46:02Z,2026-08-13T18:46:02+0200,bbadff40-465f-4669-a5ab-d3c11bbfaf39,2026-07-22T01:45:00Z,2026-07-22T03:45:00+0200,4187.21,MW,FR,FR,actual_onshore_wind_generation,Wind Onshore,2026-08-13T16:47:47Z
2026-08-13T16:46:02Z,2026-08-13T18:46:02+0200,bbadff40-465f-4669-a5ab-d3c11bbfaf39,2026-07-22T02:00:00Z,2026-07-22T04:00:00+0200,4026.03,MW,FR,FR,actual_onshore_wind_generation,Wind Onshore,2026-08-13T16:47:47Z
2026-08-13T16:46:02Z,2026-08-13T18:46:02+0200,bbadff40-465f-4669-a5ab-d3c11bbfaf39,2026-07-22T02:15:00Z,2026-07-22T04:15:00+0200,3940.59,MW,FR,FR,actual_onshore_wind_generation,Wind Onshore,2026-08-13T16:47:47Z
2026-08-13T16:46:02Z,2026-08-13T18:46:02+0200,bbadff40-465f-4669-a5ab-d3c11bbfaf39,2026-07-22T02:30:00Z,2026-07-22T04:30:00+0200,3863.61,MW,FR,FR,actual_onshore_wind_generation,Wind Onshore,2026-08-13T16:47:47Z
2026-08-13T16:46:02Z,2026-08-13T18:46:02+0200,bbadff40-465f-4669-a5ab-d3c11bbfaf39,2026-07-22T02:45:00Z,2026-07-22T04:45:00+0200,3815.21,MW,FR,FR,actual_onshore_wind_generation,Wind Onshore,2026-08-13T16:47:47Z
2026-08-13T16:46:02Z,2026-08-13T18:46:02+0200,bbadff40-465f-4669-a5ab-d3c11bbfaf39,2026-07-22T03:00:00Z,2026-07-22T05:00:00+0200,3819.17,MW,FR,FR,actual_onshore_wind_generation,Wind Onshore,2026-08-13T16:47:47Z
2026-08-13T16:46:02Z,2026-08-13T18:46:02+0200,bbadff40-465f-4669-a5ab-d3c11bbfaf39,2026-07-22T03:15:00Z,2026-07-22T05:15:00+0200,3772.42,MW,FR,FR,actual_onshore_wind_generation,Wind Onshore,2026-08-13T16:47:47Z
2026-08-13T16:46:02Z,2026-08-13T18:46:02+0200,bbadff40-465f-4669-a5ab-d3c11bbfaf39,2026-07-22T03:30:00Z,2026-07-22T05:30:00+0200,3712.07,MW,FR,FR,actual_onshore_wind_generation,Wind Onshore,2026-08-13T16:47:47Z
2026-08-13T16:46:02Z,2026-08-13T18:46:02+0200,bbadff40-465f-4669-a5ab-d3c11bbfaf39,2026-07-22T03:45:00Z,2026-07-22T05:45:00+0200,3623.05,MW,FR,FR,actual_onshore_wind_generation,Wind Onshore,2026-08-13T16:47:47Z
2026-08-13T16:46:02Z,2026-08-13T18:46:02+0200,bbadff40-465f-4669-a5ab-d3c11bbfaf39,2026-07-22T04:00:00Z,2026-07-22T06:00:00+0200,3614.23,MW,FR,FR,actual_onshore_wind_generation,Wind Onshore,2026-08-13T16:47:47Z
2026-08-13T16:46:02Z,2026-08-13T18:46:02+0200,bbadff40-465f-4669-a5ab-d3c11bbfaf39,2026-07-22T04:15:00Z,2026-07-22T06:15:00+0200,3629.57,MW,FR,FR,actual_onshore_wind_generation,Wind Onshore,2026-08-13T16:47:47Z
2026-08-13T16:46:02Z,2026-08-13T18:46:02+0200,bbadff40-465f-4669-a5ab-d3c11bbfaf39,2026-07-22T04:30:00Z,2026-07-22T06:30:00+0200,3560.2,MW,FR,FR,actual_onshore_wind_generation,Wind Onshore,2026-08-13T16:47:47Z
2026-08-13T16:46:02Z,2026-08-13T18:46:02+0200,bbadff40-465f-4669-a5ab-d3c11bbfaf39,2026-07-22T04:45:00Z,2026-07-22T06:45:00+0200,3508.86,MW,FR,FR,actual_onshore_wind_generation,Wind Onshore,2026-08-13T16:47:47Z
2026-08-13T16:46:02Z,2026-08-13T18:46:02+0200,bbadff40-465f-4669-a5ab-d3c11bbfaf39,2026-07-22T05:00:00Z,2026-07-22T07:00:00+0200,3510.04,MW,FR,FR,actual_onshore_wind_generation,Wind Onshore,2026-08-13T16:47:47Z
2026-08-13T16:46:02Z,2026-08-13T18:46:02+0200,bbadff40-465f-4669-a5ab-d3c11bbfaf39,2026-07-22T05:15:00Z,2026-07-22T07:15:00+0200,3438.78,MW,FR,FR,actual_onshore_wind_generation,Wind Onshore,2026-08-13T16:47:47Z
2026-08-13T16:46:02Z,2026-08-13T18:46:02+0200,bbadff40-465f-4669-a5ab-d3c11bbfaf39,2026-07-22T05:30:00Z,2026-07-22T07:30:00+0200,3201.07,MW,FR,FR,actual_onshore_wind_generation,Wind Onshore,2026-08-13T16:47:47Z
2026-08-13T16:46:02Z,2026-08-13T18:46:02+0200,bbadff40-465f-4669-a5ab-d3c11bbfaf39,2026-07-22T05:45:00Z,2026-07-22T07:45:00+0200,2855.6,MW,FR,FR,actual_onshore_wind_generation,Wind Onshore,2026-08-13T16:47:47Z
2026-08-13T16:46:02Z,2026-08-13T18:46:02+0200,bbadff40-465f-4669-a5ab-d3c11bbfaf39,2026-07-22T06:00:00Z,2026-07-22T08:00:00+0200,2539.36,MW,FR,FR,actual_onshore_wind_generation,Wind Onshore,2026-08-13T16:47:47Z
2026-08-13T16:46:02Z,2026-08-13T18:46:02+0200,bbadff40-465f-4669-a5ab-d3c11bbfaf39,2026-07-22T06:15:00Z,2026-07-22T08:15:00+0200,2219.48,MW,FR,FR,actual_onshore_wind_generation,Wind Onshore,2026-08-13T16:47:47Z
2026-08-13T16:46:02Z,2026-08-13T18:46:02+0200,bbadff40-465f-4669-a5ab-d3c11bbfaf39,2026-07-22T06:30:00Z,2026-07-22T08:30:00+0200,1952.87,MW,FR,FR,actual_onshore_wind_generation,Wind Onshore,2026-08-13T16:47:47Z
2026-08-13T16:46:02Z,2026-08-13T18:46:02+0200,bbadff40-465f-4669-a5ab-d3c11bbfaf39,2026-07-22T06:45:00Z,2026-07-22T08:45:00+0200,1814.89,MW,FR,FR,actual_onshore_wind_generation,Wind Onshore,2026-08-13T16:47:47Z
2026-08-13T16:46:02Z,2026-08-13T18:46:02+0200,bbadff40-465f-4669-a5ab-d3c11bbfaf39,2026-07-22T07:00:00Z,2026-07-22T09:00:00+0200,1713.67,MW,FR,FR,actual_onshore_wind_generation,Wind Onshore,2026-08-13T16:47:47Z
2026-08-13T16:46:02Z,2026-08-13T18:46:02+0200,bbadff40-465f-4669-a5ab-d3c11bbfaf39,2026-07-22T07:15:00Z,2026-07-22T09:15:00+0200,1669.37,MW,FR,FR,actual_onshore_wind_generation,Wind Onshore,2026-08-13T16:47:47Z
2026-08-13T16:46:02Z,2026-08-13T18:46:02+0200,bbadff40-465f-4669-a5ab-d3c11bbfaf39,2026-07-22T07:30:00Z,2026-07-22T09:30:00+0200,1631.23,MW,FR,FR,actual_onshore_wind_generation,Wind Onshore,2026-08-13T16:47:47Z
2026-08-13T16:46:02Z,2026-08-13T18:46:02+0200,bbadff40-465f-4669-a5ab-d3c11bbfaf39,2026-07-22T07:45:00Z,2026-07-22T09:45:00+0200,1566.08,MW,FR,FR,actual_onshore_wind_generation,Wind Onshore,2026-08-13T16:47:47Z
2026-08-13T16:46:02Z,2026-08-13T18:46:02+0200,bbadff40-465f-4669-a5ab-d3c11bbfaf39,2026-07-22T08:00:00Z,2026-07-22T10:00:00+0200,1507.89,MW,FR,FR,actual_onshore_wind_generation,Wind Onshore,2026-08-13T16:47:47Z
2026-08-13T16:46:02Z,2026-08-13T18:46:02+0200,bbadff40-465f-4669-a5ab-d3c11bbfaf39,2026-07-22T08:15:00Z,2026-07-22T10:15:00+0200,1486.87,MW,FR,FR,actual_onshore_wind_generation,Wind Onshore,2026-08-13T16:47:47Z
2026-08-13T16:46:02Z,2026-08-13T18:46:02+0200,bbadff40-465f-4669-a5ab-d3c11bbfaf39,2026-07-22T08:30:00Z,2026-07-22T10:30:00+0200,1585.66,MW,FR,FR,actual_onshore_wind_generation,Wind Onshore,2026-08-13T16:47:47Z
2026-08-13T16:46:02Z,2026-08-13T18:46:02+0200,bbadff40-465f-4669-a5ab-d3c11bbfaf39,2026-07-22T08:45:00Z,2026-07-22T10:45:00+0200,1703.72,MW,FR,FR,actual_onshore_wind_generation,Wind Onshore,2026-08-13T16:47:47Z
2026-08-13T16:46:02Z,2026-08-13T18:46:02+0200,bbadff40-465f-4669-a5ab-d3c11bbfaf39,2026-07-22T09:00:00Z,2026-07-22T11:00:00+0200,1837.16,MW,FR,FR,actual_onshore_wind_generation,Wind Onshore,2026-08-13T16:47:47Z
2026-08-13T16:46:02Z,2026-08-13T18:46:02+0200,bbadff40-465f-4669-a5ab-d3c11bbfaf39,2026-07-22T09:15:00Z,2026-07-22T11:15:00+0200,1977.75,MW,FR,FR,actual_onshore_wind_generation,Wind Onshore,2026-08-13T16:47:47Z
2026-08-13T16:46:02Z,2026-08-13T18:46:02+0200,bbadff40-465f-4669-a5ab-d3c11bbfaf39,2026-07-22T09:30:00Z,2026-07-22T11:30:00+0200,2159.36,MW,FR,FR,actual_onshore_wind_generation,Wind Onshore,2026-08-13T16:47:47Z
2026-08-13T16:46:02Z,2026-08-13T18:46:02+0200,bbadff40-465f-4669-a5ab-d3c11bbfaf39,2026-07-22T09:45:00Z,2026-07-22T11:45:00+0200,2278.94,MW,FR,FR,actual_onshore_wind_generation,Wind Onshore,2026-08-13T16:47:47Z
2026-08-13T16:46:02Z,2026-08-13T18:46:02+0200,bbadff40-465f-4669-a5ab-d3c11bbfaf39,2026-07-22T10:00:00Z,2026-07-22T12:00:00+0200,2347.85,MW,FR,FR,actual_onshore_wind_generation,Wind Onshore,2026-08-13T16:47:47Z
2026-08-13T16:46:02Z,2026-08-13T18:46:02+0200,bbadff40-465f-4669-a5ab-d3c11bbfaf39,2026-07-22T10:15:00Z,2026-07-22T12:15:00+0200,2372.27,MW,FR,FR,actual_onshore_wind_generation,Wind Onshore,2026-08-13T16:47:47Z
2026-08-13T16:46:02Z,2026-08-13T18:46:02+0200,bbadff40-465f-4669-a5ab-d3c11bbfaf39,2026-07-22T10:30:00Z,2026-07-22T12:30:00+0200,2341.15,MW,FR,FR,actual_onshore_wind_generation,Wind Onshore,2026-08-13T16:47:47Z
2026-08-13T16:46:02Z,2026-08-13T18:46:02+0200,bbadff40-465f-4669-a5ab-d3c11bbfaf39,2026-07-22T10:45:00Z,2026-07-22T12:45:00+0200,2328.97,MW,FR,FR,actual_onshore_wind_generation,Wind Onshore,2026-08-13T16:47:47Z
2026-08-13T16:46:02Z,2026-08-13T18:46:02+0200,bbadff40-465f-4669-a5ab-d3c11bbfaf39,2026-07-22T11:00:00Z,2026-07-22T13:00:00+0200,2338.27,MW,FR,FR,actual_onshore_wind_generation,Wind Onshore,2026-08-13T16:47:47Z
2026-08-13T16:46:02Z,2026-08-13T18:46:02+0200,bbadff40-465f-4669-a5ab-d3c11bbfaf39,2026-07-22T11:15:00Z,2026-07-22T13:15:00+0200,2370.14,MW,FR,FR,actual_onshore_wind_generation,Wind Onshore,2026-08-13T16:47:47Z
2026-08-13T16:46:02Z,2026-08-13T18:46:02+0200,bbadff40-465f-4669-a5ab-d3c11bbfaf39,2026-07-22T11:30:00Z,2026-07-22T13:30:00+0200,2404.06,MW,FR,FR,actual_onshore_wind_generation,Wind Onshore,2026-08-13T16:47:47Z
2026-08-13T16:46:02Z,2026-08-13T18:46:02+0200,bbadff40-465f-4669-a5ab-d3c11bbfaf39,2026-07-22T11:45:00Z,2026-07-22T13:45:00+0200,2373.05,MW,FR,FR,actual_onshore_wind_generation,Wind Onshore,2026-08-13T16:47:47Z
2026-08-13T16:46:02Z,2026-08-13T18:46:02+0200,bbadff40-465f-4669-a5ab-d3c11bbfaf39,2026-07-22T12:00:00Z,2026-07-22T14:00:00+0200,2408.37,MW,FR,FR,actual_onshore_wind_generation,Wind Onshore,2026-08-13T16:47:47Z
2026-08-13T16:46:02Z,2026-08-13T18:46:02+0200,bbadff40-465f-4669-a5ab-d3c11bbfaf39,2026-07-22T12:15:00Z,2026-07-22T14:15:00+0200,2419.43,MW,FR,FR,actual_onshore_wind_generation,Wind Onshore,2026-08-13T16:47:47Z
2026-08-13T16:46:02Z,2026-08-13T18:46:02+0200,bbadff40-465f-4669-a5ab-d3c11bbfaf39,2026-07-22T12:30:00Z,2026-07-22T14:30:00+0200,2533.95,MW,FR,FR,actual_onshore_wind_generation,Wind Onshore,2026-08-13T16:47:47Z
2026-08-13T16:46:02Z,2026-08-13T18:46:02+0200,bbadff40-465f-4669-a5ab-d3c11bbfaf39,2026-07-22T12:45:00Z,2026-07-22T14:45:00+0200,2681.95,MW,FR,FR,actual_onshore_wind_generation,Wind Onshore,2026-08-13T16:47:47Z
2026-08-13T16:46:02Z,2026-08-13T18:46:02+0200,bbadff40-465f-4669-a5ab-d3c11bbfaf39,2026-07-22T13:00:00Z,2026-07-22T15:00:00+0200,2796.3,MW,FR,FR,actual_onshore_wind_generation,Wind Onshore,2026-08-13T16:47:47Z
2026-08-13T16:46:02Z,2026-08-13T18:46:02+0200,bbadff40-465f-4669-a5ab-d3c11bbfaf39,2026-07-22T13:15:00Z,2026-07-22T15:15:00+0200,2965.17,MW,FR,FR,actual_onshore_wind_generation,Wind Onshore,2026-08-13T16:47:47Z
2026-08-13T16:46:02Z,2026-08-13T18:46:02+0200,bbadff40-465f-4669-a5ab-d3c11bbfaf39,2026-07-22T13:30:00Z,2026-07-22T15:30:00+0200,3131.46,MW,FR,FR,actual_onshore_wind_generation,Wind Onshore,2026-08-13T16:47:47Z
2026-08-13T16:46:02Z,2026-08-13T18:46:02+0200,bbadff40-465f-4669-a5ab-d3c11bbfaf39,2026-07-22T13:45:00Z,2026-07-22T15:45:00+0200,3359.13,MW,FR,FR,actual_onshore_wind_generation,Wind Onshore,2026-08-13T16:47:47Z
2026-08-13T16:46:02Z,2026-08-13T18:46:02+0200,bbadff40-465f-4669-a5ab-d3c11bbfaf39,2026-07-22T14:00:00Z,2026-07-22T16:00:00+0200,3480.66,MW,FR,FR,actual_onshore_wind_generation,Wind Onshore,2026-08-13T16:47:47Z
2026-08-13T16:46:02Z,2026-08-13T18:46:02+0200,bbadff40-465f-4669-a5ab-d3c11bbfaf39,2026-07-22T14:15:00Z,2026-07-22T16:15:00+0200,3637.84,MW,FR,FR,actual_onshore_wind_generation,Wind Onshore,2026-08-13T16:47:47Z
2026-08-13T16:46:02Z,2026-08-13T18:46:02+0200,bbadff40-465f-4669-a5ab-d3c11bbfaf39,2026-07-22T14:30:00Z,2026-07-22T16:30:00+0200,3906.87,MW,FR,FR,actual_onshore_wind_generation,Wind Onshore,2026-08-13T16:47:47Z
2026-08-13T16:46:02Z,2026-08-13T18:46:02+0200,bbadff40-465f-4669-a5ab-d3c11bbfaf39,2026-07-22T14:45:00Z,2026-07-22T16:45:00+0200,3894.42,MW,FR,FR,actual_onshore_wind_generation,Wind Onshore,2026-08-13T16:47:47Z
2026-08-13T16:46:02Z,2026-08-13T18:46:02+0200,bbadff40-465f-4669-a5ab-d3c11bbfaf39,2026-07-22T15:00:00Z,2026-07-22T17:00:00+0200,3888.82,MW,FR,FR,actual_onshore_wind_generation,Wind Onshore,2026-08-13T16:47:47Z
2026-08-13T16:46:02Z,2026-08-13T18:46:02+0200,bbadff40-465f-4669-a5ab-d3c11bbfaf39,2026-07-22T15:15:00Z,2026-07-22T17:15:00+0200,3853.11,MW,FR,FR,actual_onshore_wind_generation,Wind Onshore,2026-08-13T16:47:47Z
2026-08-13T16:46:02Z,2026-08-13T18:46:02+0200,bbadff40-465f-4669-a5ab-d3c11bbfaf39,2026-07-22T15:30:00Z,2026-07-22T17:30:00+0200,3843.2,MW,FR,FR,actual_onshore_wind_generation,Wind Onshore,2026-08-13T16:47:47Z
2026-08-13T16:46:02Z,2026-08-13T18:46:02+0200,bbadff40-465f-4669-a5ab-d3c11bbfaf39,2026-07-22T15:45:00Z,2026-07-22T17:45:00+0200,3865.43,MW,FR,FR,actual_onshore_wind_generation,Wind Onshore,2026-08-13T16:47:47Z
2026-08-13T16:46:02Z,2026-08-13T18:46:02+0200,bbadff40-465f-4669-a5ab-d3c11bbfaf39,2026-07-22T16:00:00Z,2026-07-22T18:00:00+0200,4198.52,MW,FR,FR,actual_onshore_wind_generation,Wind Onshore,2026-08-13T16:47:47Z
2026-08-13T16:46:02Z,2026-08-13T18:46:02+0200,bbadff40-465f-4669-a5ab-d3c11bbfaf39,2026-07-22T16:15:00Z,2026-07-22T18:15:00+0200,4436.35,MW,FR,FR,actual_onshore_wind_generation,Wind Onshore,2026-08-13T16:47:47Z
2026-08-13T16:46:02Z,2026-08-13T18:46:02+0200,bbadff40-465f-4669-a5ab-d3c11bbfaf39,2026-07-22T16:30:00Z,2026-07-22T18:30:00+0200,4538.5,MW,FR,FR,actual_onshore_wind_generation,Wind Onshore,2026-08-13T16:47:47Z
2026-08-13T16:46:02Z,2026-08-13T18:46:02+0200,bbadff40-465f-4669-a5ab-d3c11bbfaf39,2026-07-22T16:45:00Z,2026-07-22T18:45:00+0200,4627.15,MW,FR,FR,actual_onshore_wind_generation,Wind Onshore,2026-08-13T16:47:47Z
2026-08-13T16:46:02Z,2026-08-13T18:46:02+0200,bbadff40-465f-4669-a5ab-d3c11bbfaf39,2026-07-22T17:00:00Z,2026-07-22T19:00:00+0200,4554.9,MW,FR,FR,actual_onshore_wind_generation,Wind Onshore,2026-08-13T16:47:47Z
2026-08-13T16:46:02Z,2026-08-13T18:46:02+0200,bbadff40-465f-4669-a5ab-d3c11bbfaf39,2026-07-22T17:15:00Z,2026-07-22T19:15:00+0200,4611.18,MW,FR,FR,actual_onshore_wind_generation,Wind Onshore,2026-08-13T16:47:47Z
2026-08-13T16:46:02Z,2026-08-13T18:46:02+0200,bbadff40-465f-4669-a5ab-d3c11bbfaf39,2026-07-22T17:30:00Z,2026-07-22T19:30:00+0200,4647.41,MW,FR,FR,actual_onshore_wind_generation,Wind Onshore,2026-08-13T16:47:47Z
2026-08-13T16:46:02Z,2026-08-13T18:46:02+0200,bbadff40-465f-4669-a5ab-d3c11bbfaf39,2026-07-22T17:45:00Z,2026-07-22T19:45:00+0200,4766.54,MW,FR,FR,actual_onshore_wind_generation,Wind Onshore,2026-08-13T16:47:47Z
2026-08-13T16:46:02Z,2026-08-13T18:46:02+0200,bbadff40-465f-4669-a5ab-d3c11bbfaf39,2026-07-22T18:00:00Z,2026-07-22T20:00:00+0200,4777.03,MW,FR,FR,actual_onshore_wind_generation,Wind Onshore,2026-08-13T16:47:47Z
2026-08-13T16:46:02Z,2026-08-13T18:46:02+0200,bbadff40-465f-4669-a5ab-d3c11bbfaf39,2026-07-22T18:15:00Z,2026-07-22T20:15:00+0200,4720.0,MW,FR,FR,actual_onshore_wind_generation,Wind Onshore,2026-08-13T16:47:47Z
2026-08-13T16:46:02Z,2026-08-13T18:46:02+0200,bbadff40-465f-4669-a5ab-d3c11bbfaf39,2026-07-22T18:30:00Z,2026-07-22T20:30:00+0200,4628.21,MW,FR,FR,actual_onshore_wind_generation,Wind Onshore,2026-08-13T16:47:47Z
2026-08-13T16:46:02Z,2026-08-13T18:46:02+0200,bbadff40-465f-4669-a5ab-d3c11bbfaf39,2026-07-22T18:45:00Z,2026-07-22T20:45:00+0200,4390.44,MW,FR,FR,actual_onshore_wind_generation,Wind Onshore,2026-08-13T16:47:47Z
2026-08-13T16:46:02Z,2026-08-13T18:46:02+0200,bbadff40-465f-4669-a5ab-d3c11bbfaf39,2026-07-22T19:00:00Z,2026-07-22T21:00:00+0200,4181.54,MW,FR,FR,actual_onshore_wind_generation,Wind Onshore,2026-08-13T16:47:47Z
2026-08-13T16:46:02Z,2026-08-13T18:46:02+0200,bbadff40-465f-4669-a5ab-d3c11bbfaf39,2026-07-22T19:15:00Z,2026-07-22T21:15:00+0200,4116.02,MW,FR,FR,actual_onshore_wind_generation,Wind Onshore,2026-08-13T16:47:47Z
2026-08-13T16:46:02Z,2026-08-13T18:46:02+0200,bbadff40-465f-4669-a5ab-d3c11bbfaf39,2026-07-22T19:30:00Z,2026-07-22T21:30:00+0200,4060.46,MW,FR,FR,actual_onshore_wind_generation,Wind Onshore,2026-08-13T16:47:47Z
2026-08-13T16:46:02Z,2026-08-13T18:46:02+0200,bbadff40-465f-4669-a5ab-d3c11bbfaf39,2026-07-22T19:45:00Z,2026-07-22T21:45:00+0200,4111.87,MW,FR,FR,actual_onshore_wind_generation,Wind Onshore,2026-08-13T16:47:47Z
2026-08-13T16:46:02Z,2026-08-13T18:46:02+0200,bbadff40-465f-4669-a5ab-d3c11bbfaf39,2026-07-22T20:00:00Z,2026-07-22T22:00:00+0200,4211.34,MW,FR,FR,actual_onshore_wind_generation,Wind Onshore,2026-08-13T16:47:47Z
2026-08-13T16:46:02Z,2026-08-13T18:46:02+0200,bbadff40-465f-4669-a5ab-d3c11bbfaf39,2026-07-22T20:15:00Z,2026-07-22T22:15:00+0200,4269.65,MW,FR,FR,actual_onshore_wind_generation,Wind Onshore,2026-08-13T16:47:47Z
2026-08-13T16:46:02Z,2026-08-13T18:46:02+0200,bbadff40-465f-4669-a5ab-d3c11bbfaf39,2026-07-22T20:30:00Z,2026-07-22T22:30:00+0200,4369.39,MW,FR,FR,actual_onshore_wind_generation,Wind Onshore,2026-08-13T16:47:47Z
2026-08-13T16:46:02Z,2026-08-13T18:46:02+0200,bbadff40-465f-4669-a5ab-d3c11bbfaf39,2026-07-22T20:45:00Z,2026-07-22T22:45:00+0200,4513.94,MW,FR,FR,actual_onshore_wind_generation,Wind Onshore,2026-08-13T16:47:47Z
2026-08-13T16:46:02Z,2026-08-13T18:46:02+0200,bbadff40-465f-4669-a5ab-d3c11bbfaf39,2026-07-22T21:00:00Z,2026-07-22T23:00:00+0200,4574.97,MW,FR,FR,actual_onshore_wind_generation,Wind Onshore,2026-08-13T16:47:47Z
2026-08-13T16:46:02Z,2026-08-13T18:46:02+0200,bbadff40-465f-4669-a5ab-d3c11bbfaf39,2026-07-22T21:15:00Z,2026-07-22T23:15:00+0200,4625.58,MW,FR,FR,actual_onshore_wind_generation,Wind Onshore,2026-08-13T16:47:47Z
2026-08-13T16:46:02Z,2026-08-13T18:46:02+0200,bbadff40-465f-4669-a5ab-d3c11bbfaf39,2026-07-22T21:30:00Z,2026-07-22T23:30:00+0200,4631.48,MW,FR,FR,actual_onshore_wind_generation,Wind Onshore,2026-08-13T16:47:47Z
2026-08-13T16:46:02Z,2026-08-13T18:46:02+0200,bbadff40-465f-4669-a5ab-d3c11bbfaf39,2026-07-22T21:45:00Z,2026-07-22T23:45:00+0200,4555.59,MW,FR,FR,actual_onshore_wind_generation,Wind Onshore,2026-08-13T16:47:47Z
2026-08-13T16:46:02Z,2026-08-13T18:46:02+0200,bbadff40-465f-4669-a5ab-d3c11bbfaf39,2026-07-22T22:00:00Z,2026-07-23T00:00:00+0200,4487.99,MW,FR,FR,actual_onshore_wind_generation,Wind Onshore,2026-08-13T16:47:47Z
2026-08-13T16:46:02Z,2026-08-13T18:46:02+0200,bbadff40-465f-4669-a5ab-d3c11bbfaf39,2026-07-22T22:15:00Z,2026-07-23T00:15:00+0200,4473.44,MW,FR,FR,actual_onshore_wind_generation,Wind Onshore,2026-08-13T16:47:47Z
2026-08-13T16:46:02Z,2026-08-13T18:46:02+0200,bbadff40-465f-4669-a5ab-d3c11bbfaf39,2026-07-22T22:30:00Z,2026-07-23T00:30:00+0200,4438.27,MW,FR,FR,actual_onshore_wind_generation,Wind Onshore,2026-08-13T16:47:47Z
2026-08-13T16:46:02Z,2026-08-13T18:46:02+0200,bbadff40-465f-4669-a5ab-d3c11bbfaf39,2026-07-22T22:45:00Z,2026-07-23T00:45:00+0200,4426.86,MW,FR,FR,actual_onshore_wind_generation,Wind Onshore,2026-08-13T16:47:47Z
2026-08-13T16:46:02Z,2026-08-13T18:46:02+0200,bbadff40-465f-4669-a5ab-d3c11bbfaf39,2026-07-22T23:00:00Z,2026-07-23T01:00:00+0200,4401.52,MW,FR,FR,actual_onshore_wind_generation,Wind Onshore,2026-08-13T16:47:47Z
2026-08-13T16:46:02Z,2026-08-13T18:46:02+0200,bbadff40-465f-4669-a5ab-d3c11bbfaf39,2026-07-22T23:15:00Z,2026-07-23T01:15:00+0200,4359.22,MW,FR,FR,actual_onshore_wind_generation,Wind Onshore,2026-08-13T16:47:47Z
2026-08-13T16:46:02Z,2026-08-13T18:46:02+0200,bbadff40-465f-4669-a5ab-d3c11bbfaf39,2026-07-22T23:30:00Z,2026-07-23T01:30:00+0200,4313.74,MW,FR,FR,actual_onshore_wind_generation,Wind Onshore,2026-08-13T16:47:47Z
2026-08-13T16:46:02Z,2026-08-13T18:46:02+0200,bbadff40-465f-4669-a5ab-d3c11bbfaf39,2026-07-22T23:45:00Z,2026-07-23T01:45:00+0200,4245.86,MW,FR,FR,actual_onshore_wind_generation,Wind Onshore,2026-08-13T16:47:47Z
2026-08-13T16:46:02Z,2026-08-13T18:46:02+0200,bbadff40-465f-4669-a5ab-d3c11bbfaf39,2026-07-23T00:00:00Z,2026-07-23T02:00:00+0200,4242.52,MW,FR,FR,actual_onshore_wind_generation,Wind Onshore,2026-08-13T16:47:47Z
2026-08-13T16:46:02Z,2026-08-13T18:46:02+0200,bbadff40-465f-4669-a5ab-d3c11bbfaf39,2026-07-23T00:15:00Z,2026-07-23T02:15:00+0200,4256.93,MW,FR,FR,actual_onshore_wind_generation,Wind Onshore,2026-08-13T16:47:47Z
2026-08-13T16:46:02Z,2026-08-13T18:46:02+0200,bbadff40-465f-4669-a5ab-d3c11bbfaf39,2026-07-23T00:30:00Z,2026-07-23T02:30:00+0200,4343.18,MW,FR,FR,actual_onshore_wind_generation,Wind Onshore,2026-08-13T16:47:47Z
2026-08-13T16:46:02Z,2026-08-13T18:46:02+0200,bbadff40-465f-4669-a5ab-d3c11bbfaf39,2026-07-23T00:45:00Z,2026-07-23T02:45:00+0200,4379.56,MW,FR,FR,actual_onshore_wind_generation,Wind Onshore,2026-08-13T16:47:47Z
2026-08-13T16:46:02Z,2026-08-13T18:46:02+0200,bbadff40-465f-4669-a5ab-d3c11bbfaf39,2026-07-23T01:00:00Z,2026-07-23T03:00:00+0200,4386.59,MW,FR,FR,actual_onshore_wind_generation,Wind Onshore,2026-08-13T16:47:47Z
2026-08-13T16:46:02Z,2026-08-13T18:46:02+0200,bbadff40-465f-4669-a5ab-d3c11bbfaf39,2026-07-23T01:15:00Z,2026-07-23T03:15:00+0200,4289.16,MW,FR,FR,actual_onshore_wind_generation,Wind Onshore,2026-08-13T16:47:47Z
2026-08-13T16:46:02Z,2026-08-13T18:46:02+0200,bbadff40-465f-4669-a5ab-d3c11bbfaf39,2026-07-23T01:30:00Z,2026-07-23T03:30:00+0200,4177.37,MW,FR,FR,actual_onshore_wind_generation,Wind Onshore,2026-08-13T16:47:47Z
2026-08-13T16:46:02Z,2026-08-13T18:46:02+0200,bbadff40-465f-4669-a5ab-d3c11bbfaf39,2026-07-23T01:45:00Z,2026-07-23T03:45:00+0200,4078.09,MW,FR,FR,actual_onshore_wind_generation,Wind Onshore,2026-08-13T16:47:47Z
2026-08-13T16:46:02Z,2026-08-13T18:46:02+0200,bbadff40-465f-4669-a5ab-d3c11bbfaf39,2026-07-23T02:00:00Z,2026-07-23T04:00:00+0200,3899.11,MW,FR,FR,actual_onshore_wind_generation,Wind Onshore,2026-08-13T16:47:47Z
2026-08-13T16:46:02Z,2026-08-13T18:46:02+0200,bbadff40-465f-4669-a5ab-d3c11bbfaf39,2026-07-23T02:15:00Z,2026-07-23T04:15:00+0200,3738.15,MW,FR,FR,actual_onshore_wind_generation,Wind Onshore,2026-08-13T16:47:47Z
2026-08-13T16:46:02Z,2026-08-13T18:46:02+0200,bbadff40-465f-4669-a5ab-d3c11bbfaf39,2026-07-23T02:30:00Z,2026-07-23T04:30:00+0200,3624.25,MW,FR,FR,actual_onshore_wind_generation,Wind Onshore,2026-08-13T16:47:47Z
2026-08-13T16:46:02Z,2026-08-13T18:46:02+0200,bbadff40-465f-4669-a5ab-d3c11bbfaf39,2026-07-23T02:45:00Z,2026-07-23T04:45:00+0200,3543.39,MW,FR,FR,actual_onshore_wind_generation,Wind Onshore,2026-08-13T16:47:47Z
2026-08-13T16:46:02Z,2026-08-13T18:46:02+0200,bbadff40-465f-4669-a5ab-d3c11bbfaf39,2026-07-23T03:00:00Z,2026-07-23T05:00:00+0200,3521.07,MW,FR,FR,actual_onshore_wind_generation,Wind Onshore,2026-08-13T16:47:47Z
2026-08-13T16:46:02Z,2026-08-13T18:46:02+0200,bbadff40-465f-4669-a5ab-d3c11bbfaf39,2026-07-23T03:15:00Z,2026-07-23T05:15:00+0200,3482.63,MW,FR,FR,actual_onshore_wind_generation,Wind Onshore,2026-08-13T16:47:47Z
2026-08-13T16:46:02Z,2026-08-13T18:46:02+0200,bbadff40-465f-4669-a5ab-d3c11bbfaf39,2026-07-23T03:30:00Z,2026-07-23T05:30:00+0200,3386.73,MW,FR,FR,actual_onshore_wind_generation,Wind Onshore,2026-08-13T16:47:47Z
2026-08-13T16:46:02Z,2026-08-13T18:46:02+0200,bbadff40-465f-4669-a5ab-d3c11bbfaf39,2026-07-23T03:45:00Z,2026-07-23T05:45:00+0200,3326.28,MW,FR,FR,actual_onshore_wind_generation,Wind Onshore,2026-08-13T16:47:47Z
2026-08-13T16:46:02Z,2026-08-13T18:46:02+0200,bbadff40-465f-4669-a5ab-d3c11bbfaf39,2026-07-23T04:00:00Z,2026-07-23T06:00:00+0200,3369.09,MW,FR,FR,actual_onshore_wind_generation,Wind Onshore,2026-08-13T16:47:47Z
2026-08-13T16:46:02Z,2026-08-13T18:46:02+0200,bbadff40-465f-4669-a5ab-d3c11bbfaf39,2026-07-23T04:15:00Z,2026-07-23T06:15:00+0200,3460.47,MW,FR,FR,actual_onshore_wind_generation,Wind Onshore,2026-08-13T16:47:47Z
2026-08-13T16:46:02Z,2026-08-13T18:46:02+0200,bbadff40-465f-4669-a5ab-d3c11bbfaf39,2026-07-23T04:30:00Z,2026-07-23T06:30:00+0200,3537.25,MW,FR,FR,actual_onshore_wind_generation,Wind Onshore,2026-08-13T16:47:47Z
2026-08-13T16:46:02Z,2026-08-13T18:46:02+0200,bbadff40-465f-4669-a5ab-d3c11bbfaf39,2026-07-23T04:45:00Z,2026-07-23T06:45:00+0200,3549.09,MW,FR,FR,actual_onshore_wind_generation,Wind Onshore,2026-08-13T16:47:47Z
2026-08-13T16:46:02Z,2026-08-13T18:46:02+0200,bbadff40-465f-4669-a5ab-d3c11bbfaf39,2026-07-23T05:00:00Z,2026-07-23T07:00:00+0200,3553.43,MW,FR,FR,actual_onshore_wind_generation,Wind Onshore,2026-08-13T16:47:47Z
2026-08-13T16:46:02Z,2026-08-13T18:46:02+0200,bbadff40-465f-4669-a5ab-d3c11bbfaf39,2026-07-23T05:15:00Z,2026-07-23T07:15:00+0200,3469.45,MW,FR,FR,actual_onshore_wind_generation,Wind Onshore,2026-08-13T16:47:47Z
2026-08-13T16:46:02Z,2026-08-13T18:46:02+0200,bbadff40-465f-4669-a5ab-d3c11bbfaf39,2026-07-23T05:30:00Z,2026-07-23T07:30:00+0200,3280.76,MW,FR,FR,actual_onshore_wind_generation,Wind Onshore,2026-08-13T16:47:47Z
2026-08-13T16:46:02Z,2026-08-13T18:46:02+0200,bbadff40-465f-4669-a5ab-d3c11bbfaf39,2026-07-23T05:45:00Z,2026-07-23T07:45:00+0200,3006.86,MW,FR,FR,actual_onshore_wind_generation,Wind Onshore,2026-08-13T16:47:47Z
2026-08-13T16:46:02Z,2026-08-13T18:46:02+0200,bbadff40-465f-4669-a5ab-d3c11bbfaf39,2026-07-23T06:00:00Z,2026-07-23T08:00:00+0200,2711.33,MW,FR,FR,actual_onshore_wind_generation,Wind Onshore,2026-08-13T16:47:47Z
2026-08-13T16:46:02Z,2026-08-13T18:46:02+0200,bbadff40-465f-4669-a5ab-d3c11bbfaf39,2026-07-23T06:15:00Z,2026-07-23T08:15:00+0200,2424.45,MW,FR,FR,actual_onshore_wind_generation,Wind Onshore,2026-08-13T16:47:47Z
2026-08-13T16:46:02Z,2026-08-13T18:46:02+0200,bbadff40-465f-4669-a5ab-d3c11bbfaf39,2026-07-23T06:30:00Z,2026-07-23T08:30:00+0200,2279.18,MW,FR,FR,actual_onshore_wind_generation,Wind Onshore,2026-08-13T16:47:47Z
2026-08-13T16:46:02Z,2026-08-13T18:46:02+0200,bbadff40-465f-4669-a5ab-d3c11bbfaf39,2026-07-23T06:45:00Z,2026-07-23T08:45:00+0200,2303.63,MW,FR,FR,actual_onshore_wind_generation,Wind Onshore,2026-08-13T16:47:47Z
2026-08-13T16:46:02Z,2026-08-13T18:46:02+0200,bbadff40-465f-4669-a5ab-d3c11bbfaf39,2026-07-23T07:00:00Z,2026-07-23T09:00:00+0200,2334.75,MW,FR,FR,actual_onshore_wind_generation,Wind Onshore,2026-08-13T16:47:47Z
2026-08-13T16:46:02Z,2026-08-13T18:46:02+0200,bbadff40-465f-4669-a5ab-d3c11bbfaf39,2026-07-23T07:15:00Z,2026-07-23T09:15:00+0200,2467.25,MW,FR,FR,actual_onshore_wind_generation,Wind Onshore,2026-08-13T16:47:47Z
2026-08-13T16:46:02Z,2026-08-13T18:46:02+0200,bbadff40-465f-4669-a5ab-d3c11bbfaf39,2026-07-23T07:30:00Z,2026-07-23T09:30:00+0200,2556.44,MW,FR,FR,actual_onshore_wind_generation,Wind Onshore,2026-08-13T16:47:47Z
2026-08-13T16:46:02Z,2026-08-13T18:46:02+0200,bbadff40-465f-4669-a5ab-d3c11bbfaf39,2026-07-23T07:45:00Z,2026-07-23T09:45:00+0200,2598.96,MW,FR,FR,actual_onshore_wind_generation,Wind Onshore,2026-08-13T16:47:47Z
2026-08-13T16:46:02Z,2026-08-13T18:46:02+0200,bbadff40-465f-4669-a5ab-d3c11bbfaf39,2026-07-23T08:00:00Z,2026-07-23T10:00:00+0200,2611.7,MW,FR,FR,actual_onshore_wind_generation,Wind Onshore,2026-08-13T16:47:47Z
2026-08-13T16:46:02Z,2026-08-13T18:46:02+0200,bbadff40-465f-4669-a5ab-d3c11bbfaf39,2026-07-23T08:15:00Z,2026-07-23T10:15:00+0200,2652.73,MW,FR,FR,actual_onshore_wind_generation,Wind Onshore,2026-08-13T16:47:47Z
2026-08-13T16:46:02Z,2026-08-13T18:46:02+0200,bbadff40-465f-4669-a5ab-d3c11bbfaf39,2026-07-23T08:30:00Z,2026-07-23T10:30:00+0200,2579.77,MW,FR,FR,actual_onshore_wind_generation,Wind Onshore,2026-08-13T16:47:47Z
2026-08-13T16:46:02Z,2026-08-13T18:46:02+0200,bbadff40-465f-4669-a5ab-d3c11bbfaf39,2026-07-23T08:45:00Z,2026-07-23T10:45:00+0200,2506.51,MW,FR,FR,actual_onshore_wind_generation,Wind Onshore,2026-08-13T16:47:47Z
2026-08-13T16:46:02Z,2026-08-13T18:46:02+0200,bbadff40-465f-4669-a5ab-d3c11bbfaf39,2026-07-23T09:00:00Z,2026-07-23T11:00:00+0200,2517.65,MW,FR,FR,actual_onshore_wind_generation,Wind Onshore,2026-08-13T16:47:47Z
2026-08-13T16:46:02Z,2026-08-13T18:46:02+0200,bbadff40-465f-4669-a5ab-d3c11bbfaf39,2026-07-23T09:15:00Z,2026-07-23T11:15:00+0200,2588.65,MW,FR,FR,actual_onshore_wind_generation,Wind Onshore,2026-08-13T16:47:47Z
2026-08-13T16:46:02Z,2026-08-13T18:46:02+0200,bbadff40-465f-4669-a5ab-d3c11bbfaf39,2026-07-23T09:30:00Z,2026-07-23T11:30:00+0200,2623.65,MW,FR,FR,actual_onshore_wind_generation,Wind Onshore,2026-08-13T16:47:47Z
2026-08-13T16:46:02Z,2026-08-13T18:46:02+0200,bbadff40-465f-4669-a5ab-d3c11bbfaf39,2026-07-23T09:45:00Z,2026-07-23T11:45:00+0200,2613.22,MW,FR,FR,actual_onshore_wind_generation,Wind Onshore,2026-08-13T16:47:47Z
2026-08-13T16:46:02Z,2026-08-13T18:46:02+0200,bbadff40-465f-4669-a5ab-d3c11bbfaf39,2026-07-23T10:00:00Z,2026-07-23T12:00:00+0200,2638.68,MW,FR,FR,actual_onshore_wind_generation,Wind Onshore,2026-08-13T16:47:47Z
2026-08-13T16:46:02Z,2026-08-13T18:46:02+0200,bbadff40-465f-4669-a5ab-d3c11bbfaf39,2026-07-23T10:15:00Z,2026-07-23T12:15:00+0200,2643.3,MW,FR,FR,actual_onshore_wind_generation,Wind Onshore,2026-08-13T16:47:47Z
2026-08-13T16:46:02Z,2026-08-13T18:46:02+0200,bbadff40-465f-4669-a5ab-d3c11bbfaf39,2026-07-23T10:30:00Z,2026-07-23T12:30:00+0200,2705.4,MW,FR,FR,actual_onshore_wind_generation,Wind Onshore,2026-08-13T16:47:47Z
2026-08-13T16:46:02Z,2026-08-13T18:46:02+0200,bbadff40-465f-4669-a5ab-d3c11bbfaf39,2026-07-23T10:45:00Z,2026-07-23T12:45:00+0200,2728.52,MW,FR,FR,actual_onshore_wind_generation,Wind Onshore,2026-08-13T16:47:47Z
2026-08-13T16:46:02Z,2026-08-13T18:46:02+0200,bbadff40-465f-4669-a5ab-d3c11bbfaf39,2026-07-23T11:00:00Z,2026-07-23T13:00:00+0200,2736.16,MW,FR,FR,actual_onshore_wind_generation,Wind Onshore,2026-08-13T16:47:47Z
2026-08-13T16:46:02Z,2026-08-13T18:46:02+0200,bbadff40-465f-4669-a5ab-d3c11bbfaf39,2026-07-23T11:15:00Z,2026-07-23T13:15:00+0200,2759.64,MW,FR,FR,actual_onshore_wind_generation,Wind Onshore,2026-08-13T16:47:47Z
2026-08-13T16:46:02Z,2026-08-13T18:46:02+0200,bbadff40-465f-4669-a5ab-d3c11bbfaf39,2026-07-23T11:30:00Z,2026-07-23T13:30:00+0200,2736.89,MW,FR,FR,actual_onshore_wind_generation,Wind Onshore,2026-08-13T16:47:47Z
2026-08-13T16:46:02Z,2026-08-13T18:46:02+0200,bbadff40-465f-4669-a5ab-d3c11bbfaf39,2026-07-23T11:45:00Z,2026-07-23T13:45:00+0200,2793.72,MW,FR,FR,actual_onshore_wind_generation,Wind Onshore,2026-08-13T16:47:47Z
2026-08-13T16:46:02Z,2026-08-13T18:46:02+0200,bbadff40-465f-4669-a5ab-d3c11bbfaf39,2026-07-23T12:00:00Z,2026-07-23T14:00:00+0200,2822.16,MW,FR,FR,actual_onshore_wind_generation,Wind Onshore,2026-08-13T16:47:47Z
2026-08-13T16:46:02Z,2026-08-13T18:46:02+0200,bbadff40-465f-4669-a5ab-d3c11bbfaf39,2026-07-23T12:15:00Z,2026-07-23T14:15:00+0200,2894.67,MW,FR,FR,actual_onshore_wind_generation,Wind Onshore,2026-08-13T16:47:47Z
2026-08-13T16:46:02Z,2026-08-13T18:46:02+0200,bbadff40-465f-4669-a5ab-d3c11bbfaf39,2026-07-23T12:30:00Z,2026-07-23T14:30:00+0200,3017.64,MW,FR,FR,actual_onshore_wind_generation,Wind Onshore,2026-08-13T16:47:47Z
2026-08-13T16:46:02Z,2026-08-13T18:46:02+0200,bbadff40-465f-4669-a5ab-d3c11bbfaf39,2026-07-23T12:45:00Z,2026-07-23T14:45:00+0200,3029.23,MW,FR,FR,actual_onshore_wind_generation,Wind Onshore,2026-08-13T16:47:47Z
2026-08-13T16:46:02Z,2026-08-13T18:46:02+0200,bbadff40-465f-4669-a5ab-d3c11bbfaf39,2026-07-23T13:00:00Z,2026-07-23T15:00:00+0200,3067.76,MW,FR,FR,actual_onshore_wind_generation,Wind Onshore,2026-08-13T16:47:47Z
2026-08-13T16:46:02Z,2026-08-13T18:46:02+0200,bbadff40-465f-4669-a5ab-d3c11bbfaf39,2026-07-23T13:15:00Z,2026-07-23T15:15:00+0200,3137.7,MW,FR,FR,actual_onshore_wind_generation,Wind Onshore,2026-08-13T16:47:47Z
2026-08-13T16:46:02Z,2026-08-13T18:46:02+0200,bbadff40-465f-4669-a5ab-d3c11bbfaf39,2026-07-23T13:30:00Z,2026-07-23T15:30:00+0200,3264.19,MW,FR,FR,actual_onshore_wind_generation,Wind Onshore,2026-08-13T16:47:47Z
2026-08-13T16:46:02Z,2026-08-13T18:46:02+0200,bbadff40-465f-4669-a5ab-d3c11bbfaf39,2026-07-23T13:45:00Z,2026-07-23T15:45:00+0200,3358.91,MW,FR,FR,actual_onshore_wind_generation,Wind Onshore,2026-08-13T16:47:47Z
2026-08-13T16:46:02Z,2026-08-13T18:46:02+0200,bbadff40-465f-4669-a5ab-d3c11bbfaf39,2026-07-23T14:00:00Z,2026-07-23T16:00:00+0200,3392.54,MW,FR,FR,actual_onshore_wind_generation,Wind Onshore,2026-08-13T16:47:47Z
2026-08-13T16:46:02Z,2026-08-13T18:46:02+0200,bbadff40-465f-4669-a5ab-d3c11bbfaf39,2026-07-23T14:15:00Z,2026-07-23T16:15:00+0200,3482.18,MW,FR,FR,actual_onshore_wind_generation,Wind Onshore,2026-08-13T16:47:47Z
2026-08-13T16:46:02Z,2026-08-13T18:46:02+0200,bbadff40-465f-4669-a5ab-d3c11bbfaf39,2026-07-23T14:30:00Z,2026-07-23T16:30:00+0200,3627.08,MW,FR,FR,actual_onshore_wind_generation,Wind Onshore,2026-08-13T16:47:47Z
2026-08-13T16:46:02Z,2026-08-13T18:46:02+0200,bbadff40-465f-4669-a5ab-d3c11bbfaf39,2026-07-23T14:45:00Z,2026-07-23T16:45:00+0200,3823.79,MW,FR,FR,actual_onshore_wind_generation,Wind Onshore,2026-08-13T16:47:47Z
2026-08-13T16:46:02Z,2026-08-13T18:46:02+0200,bbadff40-465f-4669-a5ab-d3c11bbfaf39,2026-07-23T15:00:00Z,2026-07-23T17:00:00+0200,3862.69,MW,FR,FR,actual_onshore_wind_generation,Wind Onshore,2026-08-13T16:47:47Z
2026-08-13T16:46:02Z,2026-08-13T18:46:02+0200,bbadff40-465f-4669-a5ab-d3c11bbfaf39,2026-07-23T15:15:00Z,2026-07-23T17:15:00+0200,4015.43,MW,FR,FR,actual_onshore_wind_generation,Wind Onshore,2026-08-13T16:47:47Z
2026-08-13T16:46:02Z,2026-08-13T18:46:02+0200,bbadff40-465f-4669-a5ab-d3c11bbfaf39,2026-07-23T15:30:00Z,2026-07-23T17:30:00+0200,4146.33,MW,FR,FR,actual_onshore_wind_generation,Wind Onshore,2026-08-13T16:47:47Z
2026-08-13T16:46:02Z,2026-08-13T18:46:02+0200,bbadff40-465f-4669-a5ab-d3c11bbfaf39,2026-07-23T15:45:00Z,2026-07-23T17:45:00+0200,4221.37,MW,FR,FR,actual_onshore_wind_generation,Wind Onshore,2026-08-13T16:47:47Z
2026-08-13T16:46:02Z,2026-08-13T18:46:02+0200,bbadff40-465f-4669-a5ab-d3c11bbfaf39,2026-07-23T16:00:00Z,2026-07-23T18:00:00+0200,4344.1,MW,FR,FR,actual_onshore_wind_generation,Wind Onshore,2026-08-13T16:47:47Z
2026-08-13T16:46:02Z,2026-08-13T18:46:02+0200,bbadff40-465f-4669-a5ab-d3c11bbfaf39,2026-07-23T16:15:00Z,2026-07-23T18:15:00+0200,4404.99,MW,FR,FR,actual_onshore_wind_generation,Wind Onshore,2026-08-13T16:47:47Z
2026-08-13T16:46:02Z,2026-08-13T18:46:02+0200,bbadff40-465f-4669-a5ab-d3c11bbfaf39,2026-07-23T16:30:00Z,2026-07-23T18:30:00+0200,4422.32,MW,FR,FR,actual_onshore_wind_generation,Wind Onshore,2026-08-13T16:47:47Z
2026-08-13T16:46:02Z,2026-08-13T18:46:02+0200,bbadff40-465f-4669-a5ab-d3c11bbfaf39,2026-07-23T16:45:00Z,2026-07-23T18:45:00+0200,4425.98,MW,FR,FR,actual_onshore_wind_generation,Wind Onshore,2026-08-13T16:47:47Z
2026-08-13T16:46:02Z,2026-08-13T18:46:02+0200,bbadff40-465f-4669-a5ab-d3c11bbfaf39,2026-07-23T17:00:00Z,2026-07-23T19:00:00+0200,4463.56,MW,FR,FR,actual_onshore_wind_generation,Wind Onshore,2026-08-13T16:47:47Z
2026-08-13T16:46:02Z,2026-08-13T18:46:02+0200,bbadff40-465f-4669-a5ab-d3c11bbfaf39,2026-07-23T17:15:00Z,2026-07-23T19:15:00+0200,4446.51,MW,FR,FR,actual_onshore_wind_generation,Wind Onshore,2026-08-13T16:47:47Z
2026-08-13T16:46:02Z,2026-08-13T18:46:02+0200,bbadff40-465f-4669-a5ab-d3c11bbfaf39,2026-07-23T17:30:00Z,2026-07-23T19:30:00+0200,4452.67,MW,FR,FR,actual_onshore_wind_generation,Wind Onshore,2026-08-13T16:47:47Z
2026-08-13T16:46:02Z,2026-08-13T18:46:02+0200,bbadff40-465f-4669-a5ab-d3c11bbfaf39,2026-07-23T17:45:00Z,2026-07-23T19:45:00+0200,4371.65,MW,FR,FR,actual_onshore_wind_generation,Wind Onshore,2026-08-13T16:47:47Z
2026-08-13T16:46:02Z,2026-08-13T18:46:02+0200,bbadff40-465f-4669-a5ab-d3c11bbfaf39,2026-07-23T18:00:00Z,2026-07-23T20:00:00+0200,4309.99,MW,FR,FR,actual_onshore_wind_generation,Wind Onshore,2026-08-13T16:47:47Z
2026-08-13T16:46:02Z,2026-08-13T18:46:02+0200,bbadff40-465f-4669-a5ab-d3c11bbfaf39,2026-07-23T18:15:00Z,2026-07-23T20:15:00+0200,4187.38,MW,FR,FR,actual_onshore_wind_generation,Wind Onshore,2026-08-13T16:47:47Z
2026-08-13T16:46:02Z,2026-08-13T18:46:02+0200,bbadff40-465f-4669-a5ab-d3c11bbfaf39,2026-07-23T18:30:00Z,2026-07-23T20:30:00+0200,3967.16,MW,FR,FR,actual_onshore_wind_generation,Wind Onshore,2026-08-13T16:47:47Z
2026-08-13T16:46:02Z,2026-08-13T18:46:02+0200,bbadff40-465f-4669-a5ab-d3c11bbfaf39,2026-07-23T18:45:00Z,2026-07-23T20:45:00+0200,3755.53,MW,FR,FR,actual_onshore_wind_generation,Wind Onshore,2026-08-13T16:47:47Z
2026-08-13T16:46:02Z,2026-08-13T18:46:02+0200,bbadff40-465f-4669-a5ab-d3c11bbfaf39,2026-07-23T19:00:00Z,2026-07-23T21:00:00+0200,3540.44,MW,FR,FR,actual_onshore_wind_generation,Wind Onshore,2026-08-13T16:47:47Z
2026-08-13T16:46:02Z,2026-08-13T18:46:02+0200,bbadff40-465f-4669-a5ab-d3c11bbfaf39,2026-07-23T19:15:00Z,2026-07-23T21:15:00+0200,3492.35,MW,FR,FR,actual_onshore_wind_generation,Wind Onshore,2026-08-13T16:47:47Z
2026-08-13T16:46:02Z,2026-08-13T18:46:02+0200,bbadff40-465f-4669-a5ab-d3c11bbfaf39,2026-07-23T19:30:00Z,2026-07-23T21:30:00+0200,3441.78,MW,FR,FR,actual_onshore_wind_generation,Wind Onshore,2026-08-13T16:47:47Z
2026-08-13T16:46:02Z,2026-08-13T18:46:02+0200,bbadff40-465f-4669-a5ab-d3c11bbfaf39,2026-07-23T19:45:00Z,2026-07-23T21:45:00+0200,3456.77,MW,FR,FR,actual_onshore_wind_generation,Wind Onshore,2026-08-13T16:47:47Z
2026-08-13T16:46:02Z,2026-08-13T18:46:02+0200,bbadff40-465f-4669-a5ab-d3c11bbfaf39,2026-07-23T20:00:00Z,2026-07-23T22:00:00+0200,3566.06,MW,FR,FR,actual_onshore_wind_generation,Wind Onshore,2026-08-13T16:47:47Z
2026-08-13T16:46:02Z,2026-08-13T18:46:02+0200,bbadff40-465f-4669-a5ab-d3c11bbfaf39,2026-07-23T20:15:00Z,2026-07-23T22:15:00+0200,3744.81,MW,FR,FR,actual_onshore_wind_generation,Wind Onshore,2026-08-13T16:47:47Z
2026-08-13T16:46:02Z,2026-08-13T18:46:02+0200,bbadff40-465f-4669-a5ab-d3c11bbfaf39,2026-07-23T20:30:00Z,2026-07-23T22:30:00+0200,3930.94,MW,FR,FR,actual_onshore_wind_generation,Wind Onshore,2026-08-13T16:47:47Z
2026-08-13T16:46:02Z,2026-08-13T18:46:02+0200,bbadff40-465f-4669-a5ab-d3c11bbfaf39,2026-07-23T20:45:00Z,2026-07-23T22:45:00+0200,4060.96,MW,FR,FR,actual_onshore_wind_generation,Wind Onshore,2026-08-13T16:47:47Z
2026-08-13T16:46:02Z,2026-08-13T18:46:02+0200,bbadff40-465f-4669-a5ab-d3c11bbfaf39,2026-07-23T21:00:00Z,2026-07-23T23:00:00+0200,4168.14,MW,FR,FR,actual_onshore_wind_generation,Wind Onshore,2026-08-13T16:47:47Z
2026-08-13T16:46:02Z,2026-08-13T18:46:02+0200,bbadff40-465f-4669-a5ab-d3c11bbfaf39,2026-07-23T21:15:00Z,2026-07-23T23:15:00+0200,4312.21,MW,FR,FR,actual_onshore_wind_generation,Wind Onshore,2026-08-13T16:47:47Z
2026-08-13T16:46:02Z,2026-08-13T18:46:02+0200,bbadff40-465f-4669-a5ab-d3c11bbfaf39,2026-07-23T21:30:00Z,2026-07-23T23:30:00+0200,4362.42,MW,FR,FR,actual_onshore_wind_generation,Wind Onshore,2026-08-13T16:47:47Z
2026-08-13T16:46:02Z,2026-08-13T18:46:02+0200,bbadff40-465f-4669-a5ab-d3c11bbfaf39,2026-07-23T21:45:00Z,2026-07-23T23:45:00+0200,4326.1,MW,FR,FR,actual_onshore_wind_generation,Wind Onshore,2026-08-13T16:47:47Z
2026-08-13T16:46:02Z,2026-08-13T18:46:02+0200,bbadff40-465f-4669-a5ab-d3c11bbfaf39,2026-07-23T22:00:00Z,2026-07-24T00:00:00+0200,4343.13,MW,FR,FR,actual_onshore_wind_generation,Wind Onshore,2026-08-13T16:47:47Z
2026-08-13T16:46:02Z,2026-08-13T18:46:02+0200,bbadff40-465f-4669-a5ab-d3c11bbfaf39,2026-07-23T22:15:00Z,2026-07-24T00:15:00+0200,4364.27,MW,FR,FR,actual_onshore_wind_generation,Wind Onshore,2026-08-13T16:47:47Z
2026-08-13T16:46:02Z,2026-08-13T18:46:02+0200,bbadff40-465f-4669-a5ab-d3c11bbfaf39,2026-07-23T22:30:00Z,2026-07-24T00:30:00+0200,4444.14,MW,FR,FR,actual_onshore_wind_generation,Wind Onshore,2026-08-13T16:47:47Z
2026-08-13T16:46:02Z,2026-08-13T18:46:02+0200,bbadff40-465f-4669-a5ab-d3c11bbfaf39,2026-07-23T22:45:00Z,2026-07-24T00:45:00+0200,4538.02,MW,FR,FR,actual_onshore_wind_generation,Wind Onshore,2026-08-13T16:47:47Z
2026-08-13T16:46:02Z,2026-08-13T18:46:02+0200,bbadff40-465f-4669-a5ab-d3c11bbfaf39,2026-07-23T23:00:00Z,2026-07-24T01:00:00+0200,4591.16,MW,FR,FR,actual_onshore_wind_generation,Wind Onshore,2026-08-13T16:47:47Z
2026-08-13T16:46:02Z,2026-08-13T18:46:02+0200,bbadff40-465f-4669-a5ab-d3c11bbfaf39,2026-07-23T23:15:00Z,2026-07-24T01:15:00+0200,4595.62,MW,FR,FR,actual_onshore_wind_generation,Wind Onshore,2026-08-13T16:47:47Z
2026-08-13T16:46:02Z,2026-08-13T18:46:02+0200,bbadff40-465f-4669-a5ab-d3c11bbfaf39,2026-07-23T23:30:00Z,2026-07-24T01:30:00+0200,4634.65,MW,FR,FR,actual_onshore_wind_generation,Wind Onshore,2026-08-13T16:47:47Z
2026-08-13T16:46:02Z,2026-08-13T18:46:02+0200,bbadff40-465f-4669-a5ab-d3c11bbfaf39,2026-07-23T23:45:00Z,2026-07-24T01:45:00+0200,4599.43,MW,FR,FR,actual_onshore_wind_generation,Wind Onshore,2026-08-13T16:47:47Z
2026-08-13T16:46:02Z,2026-08-13T18:46:02+0200,bbadff40-465f-4669-a5ab-d3c11bbfaf39,2026-07-24T00:00:00Z,2026-07-24T02:00:00+0200,4564.56,MW,FR,FR,actual_onshore_wind_generation,Wind Onshore,2026-08-13T16:47:47Z
2026-08-13T16:46:02Z,2026-08-13T18:46:02+0200,bbadff40-465f-4669-a5ab-d3c11bbfaf39,2026-07-24T00:15:00Z,2026-07-24T02:15:00+0200,4450.64,MW,FR,FR,actual_onshore_wind_generation,Wind Onshore,2026-08-13T16:47:47Z
2026-08-13T16:46:02Z,2026-08-13T18:46:02+0200,bbadff40-465f-4669-a5ab-d3c11bbfaf39,2026-07-24T00:30:00Z,2026-07-24T02:30:00+0200,4346.78,MW,FR,FR,actual_onshore_wind_generation,Wind Onshore,2026-08-13T16:47:47Z
2026-08-13T16:46:02Z,2026-08-13T18:46:02+0200,bbadff40-465f-4669-a5ab-d3c11bbfaf39,2026-07-24T00:45:00Z,2026-07-24T02:45:00+0200,4257.06,MW,FR,FR,actual_onshore_wind_generation,Wind Onshore,2026-08-13T16:47:47Z
2026-08-13T16:46:02Z,2026-08-13T18:46:02+0200,bbadff40-465f-4669-a5ab-d3c11bbfaf39,2026-07-24T01:00:00Z,2026-07-24T03:00:00+0200,4184.46,MW,FR,FR,actual_onshore_wind_generation,Wind Onshore,2026-08-13T16:47:47Z
2026-08-13T16:46:02Z,2026-08-13T18:46:02+0200,bbadff40-465f-4669-a5ab-d3c11bbfaf39,2026-07-24T01:15:00Z,2026-07-24T03:15:00+0200,4013.44,MW,FR,FR,actual_onshore_wind_generation,Wind Onshore,2026-08-13T16:47:47Z
2026-08-13T16:46:02Z,2026-08-13T18:46:02+0200,bbadff40-465f-4669-a5ab-d3c11bbfaf39,2026-07-24T01:30:00Z,2026-07-24T03:30:00+0200,3889.02,MW,FR,FR,actual_onshore_wind_generation,Wind Onshore,2026-08-13T16:47:47Z
2026-08-13T16:46:02Z,2026-08-13T18:46:02+0200,bbadff40-465f-4669-a5ab-d3c11bbfaf39,2026-07-24T01:45:00Z,2026-07-24T03:45:00+0200,3767.52,MW,FR,FR,actual_onshore_wind_generation,Wind Onshore,2026-08-13T16:47:47Z
2026-08-13T16:46:02Z,2026-08-13T18:46:02+0200,bbadff40-465f-4669-a5ab-d3c11bbfaf39,2026-07-24T02:00:00Z,2026-07-24T04:00:00+0200,3643.05,MW,FR,FR,actual_onshore_wind_generation,Wind Onshore,2026-08-13T16:47:47Z
2026-08-13T16:46:02Z,2026-08-13T18:46:02+0200,bbadff40-465f-4669-a5ab-d3c11bbfaf39,2026-07-24T02:15:00Z,2026-07-24T04:15:00+0200,3581.3,MW,FR,FR,actual_onshore_wind_generation,Wind Onshore,2026-08-13T16:47:47Z
2026-08-13T16:46:02Z,2026-08-13T18:46:02+0200,bbadff40-465f-4669-a5ab-d3c11bbfaf39,2026-07-24T02:30:00Z,2026-07-24T04:30:00+0200,3529.79,MW,FR,FR,actual_onshore_wind_generation,Wind Onshore,2026-08-13T16:47:47Z
2026-08-13T16:46:02Z,2026-08-13T18:46:02+0200,bbadff40-465f-4669-a5ab-d3c11bbfaf39,2026-07-24T02:45:00Z,2026-07-24T04:45:00+0200,3493.74,MW,FR,FR,actual_onshore_wind_generation,Wind Onshore,2026-08-13T16:47:47Z
2026-08-13T16:46:02Z,2026-08-13T18:46:02+0200,bbadff40-465f-4669-a5ab-d3c11bbfaf39,2026-07-24T03:00:00Z,2026-07-24T05:00:00+0200,3478.53,MW,FR,FR,actual_onshore_wind_generation,Wind Onshore,2026-08-13T16:47:47Z
2026-08-13T16:46:02Z,2026-08-13T18:46:02+0200,bbadff40-465f-4669-a5ab-d3c11bbfaf39,2026-07-24T03:15:00Z,2026-07-24T05:15:00+0200,3442.58,MW,FR,FR,actual_onshore_wind_generation,Wind Onshore,2026-08-13T16:47:47Z
2026-08-13T16:46:02Z,2026-08-13T18:46:02+0200,bbadff40-465f-4669-a5ab-d3c11bbfaf39,2026-07-24T03:30:00Z,2026-07-24T05:30:00+0200,3455.3,MW,FR,FR,actual_onshore_wind_generation,Wind Onshore,2026-08-13T16:47:47Z
2026-08-13T16:46:02Z,2026-08-13T18:46:02+0200,bbadff40-465f-4669-a5ab-d3c11bbfaf39,2026-07-24T03:45:00Z,2026-07-24T05:45:00+0200,3476.12,MW,FR,FR,actual_onshore_wind_generation,Wind Onshore,2026-08-13T16:47:47Z
2026-08-13T16:46:02Z,2026-08-13T18:46:02+0200,bbadff40-465f-4669-a5ab-d3c11bbfaf39,2026-07-24T04:00:00Z,2026-07-24T06:00:00+0200,3508.24,MW,FR,FR,actual_onshore_wind_generation,Wind Onshore,2026-08-13T16:47:47Z
2026-08-13T16:46:02Z,2026-08-13T18:46:02+0200,bbadff40-465f-4669-a5ab-d3c11bbfaf39,2026-07-24T04:15:00Z,2026-07-24T06:15:00+0200,3430.42,MW,FR,FR,actual_onshore_wind_generation,Wind Onshore,2026-08-13T16:47:47Z
2026-08-13T16:46:02Z,2026-08-13T18:46:02+0200,bbadff40-465f-4669-a5ab-d3c11bbfaf39,2026-07-24T04:30:00Z,2026-07-24T06:30:00+0200,3344.45,MW,FR,FR,actual_onshore_wind_generation,Wind Onshore,2026-08-13T16:47:47Z
2026-08-13T16:46:02Z,2026-08-13T18:46:02+0200,bbadff40-465f-4669-a5ab-d3c11bbfaf39,2026-07-24T04:45:00Z,2026-07-24T06:45:00+0200,3265.83,MW,FR,FR,actual_onshore_wind_generation,Wind Onshore,2026-08-13T16:47:47Z
2026-08-13T16:46:02Z,2026-08-13T18:46:02+0200,bbadff40-465f-4669-a5ab-d3c11bbfaf39,2026-07-24T05:00:00Z,2026-07-24T07:00:00+0200,3262.6,MW,FR,FR,actual_onshore_wind_generation,Wind Onshore,2026-08-13T16:47:47Z
2026-08-13T16:46:02Z,2026-08-13T18:46:02+0200,bbadff40-465f-4669-a5ab-d3c11bbfaf39,2026-07-24T05:15:00Z,2026-07-24T07:15:00+0200,3270.08,MW,FR,FR,actual_onshore_wind_generation,Wind Onshore,2026-08-13T16:47:47Z
2026-08-13T16:46:02Z,2026-08-13T18:46:02+0200,bbadff40-465f-4669-a5ab-d3c11bbfaf39,2026-07-24T05:30:00Z,2026-07-24T07:30:00+0200,3121.49,MW,FR,FR,actual_onshore_wind_generation,Wind Onshore,2026-08-13T16:47:47Z
2026-08-13T16:46:02Z,2026-08-13T18:46:02+0200,bbadff40-465f-4669-a5ab-d3c11bbfaf39,2026-07-24T05:45:00Z,2026-07-24T07:45:00+0200,2902.6,MW,FR,FR,actual_onshore_wind_generation,Wind Onshore,2026-08-13T16:47:47Z
2026-08-13T16:46:02Z,2026-08-13T18:46:02+0200,bbadff40-465f-4669-a5ab-d3c11bbfaf39,2026-07-24T06:00:00Z,2026-07-24T08:00:00+0200,2622.77,MW,FR,FR,actual_onshore_wind_generation,Wind Onshore,2026-08-13T16:47:47Z
2026-08-13T16:46:02Z,2026-08-13T18:46:02+0200,bbadff40-465f-4669-a5ab-d3c11bbfaf39,2026-07-24T06:15:00Z,2026-07-24T08:15:00+0200,2281.25,MW,FR,FR,actual_onshore_wind_generation,Wind Onshore,2026-08-13T16:47:47Z
2026-08-13T16:46:02Z,2026-08-13T18:46:02+0200,bbadff40-465f-4669-a5ab-d3c11bbfaf39,2026-07-24T06:30:00Z,2026-07-24T08:30:00+0200,1949.97,MW,FR,FR,actual_onshore_wind_generation,Wind Onshore,2026-08-13T16:47:47Z
2026-08-13T16:46:02Z,2026-08-13T18:46:02+0200,bbadff40-465f-4669-a5ab-d3c11bbfaf39,2026-07-24T06:45:00Z,2026-07-24T08:45:00+0200,1692.97,MW,FR,FR,actual_onshore_wind_generation,Wind Onshore,2026-08-13T16:47:47Z
2026-08-13T16:46:02Z,2026-08-13T18:46:02+0200,bbadff40-465f-4669-a5ab-d3c11bbfaf39,2026-07-24T07:00:00Z,2026-07-24T09:00:00+0200,1588.03,MW,FR,FR,actual_onshore_wind_generation,Wind Onshore,2026-08-13T16:47:47Z
2026-08-13T16:46:02Z,2026-08-13T18:46:02+0200,bbadff40-465f-4669-a5ab-d3c11bbfaf39,2026-07-24T07:15:00Z,2026-07-24T09:15:00+0200,1554.69,MW,FR,FR,actual_onshore_wind_generation,Wind Onshore,2026-08-13T16:47:47Z
2026-08-13T16:46:02Z,2026-08-13T18:46:02+0200,bbadff40-465f-4669-a5ab-d3c11bbfaf39,2026-07-24T07:30:00Z,2026-07-24T09:30:00+0200,1493.02,MW,FR,FR,actual_onshore_wind_generation,Wind Onshore,2026-08-13T16:47:47Z
2026-08-13T16:46:02Z,2026-08-13T18:46:02+0200,bbadff40-465f-4669-a5ab-d3c11bbfaf39,2026-07-24T07:45:00Z,2026-07-24T09:45:00+0200,1488.02,MW,FR,FR,actual_onshore_wind_generation,Wind Onshore,2026-08-13T16:47:47Z
2026-08-13T16:46:02Z,2026-08-13T18:46:02+0200,bbadff40-465f-4669-a5ab-d3c11bbfaf39,2026-07-24T08:00:00Z,2026-07-24T10:00:00+0200,1510.24,MW,FR,FR,actual_onshore_wind_generation,Wind Onshore,2026-08-13T16:47:47Z
2026-08-13T16:46:02Z,2026-08-13T18:46:02+0200,bbadff40-465f-4669-a5ab-d3c11bbfaf39,2026-07-24T08:15:00Z,2026-07-24T10:15:00+0200,1558.27,MW,FR,FR,actual_onshore_wind_generation,Wind Onshore,2026-08-13T16:47:47Z
2026-08-13T16:46:02Z,2026-08-13T18:46:02+0200,bbadff40-465f-4669-a5ab-d3c11bbfaf39,2026-07-24T08:30:00Z,2026-07-24T10:30:00+0200,1589.94,MW,FR,FR,actual_onshore_wind_generation,Wind Onshore,2026-08-13T16:47:47Z
2026-08-13T16:46:02Z,2026-08-13T18:46:02+0200,bbadff40-465f-4669-a5ab-d3c11bbfaf39,2026-07-24T08:45:00Z,2026-07-24T10:45:00+0200,1648.59,MW,FR,FR,actual_onshore_wind_generation,Wind Onshore,2026-08-13T16:47:47Z
2026-08-13T16:46:02Z,2026-08-13T18:46:02+0200,bbadff40-465f-4669-a5ab-d3c11bbfaf39,2026-07-24T09:00:00Z,2026-07-24T11:00:00+0200,1738.91,MW,FR,FR,actual_onshore_wind_generation,Wind Onshore,2026-08-13T16:47:47Z
2026-08-13T16:46:02Z,2026-08-13T18:46:02+0200,bbadff40-465f-4669-a5ab-d3c11bbfaf39,2026-07-24T09:15:00Z,2026-07-24T11:15:00+0200,1853.72,MW,FR,FR,actual_onshore_wind_generation,Wind Onshore,2026-08-13T16:47:47Z
2026-08-13T16:46:02Z,2026-08-13T18:46:02+0200,bbadff40-465f-4669-a5ab-d3c11bbfaf39,2026-07-24T09:30:00Z,2026-07-24T11:30:00+0200,1944.23,MW,FR,FR,actual_onshore_wind_generation,Wind Onshore,2026-08-13T16:47:47Z
2026-08-13T16:46:02Z,2026-08-13T18:46:02+0200,bbadff40-465f-4669-a5ab-d3c11bbfaf39,2026-07-24T09:45:00Z,2026-07-24T11:45:00+0200,1958.68,MW,FR,FR,actual_onshore_wind_generation,Wind Onshore,2026-08-13T16:47:47Z
2026-08-13T16:46:02Z,2026-08-13T18:46:02+0200,bbadff40-465f-4669-a5ab-d3c11bbfaf39,2026-07-24T10:00:00Z,2026-07-24T12:00:00+0200,1986.79,MW,FR,FR,actual_onshore_wind_generation,Wind Onshore,2026-08-13T16:47:47Z
2026-08-13T16:46:02Z,2026-08-13T18:46:02+0200,bbadff40-465f-4669-a5ab-d3c11bbfaf39,2026-07-24T10:15:00Z,2026-07-24T12:15:00+0200,2017.32,MW,FR,FR,actual_onshore_wind_generation,Wind Onshore,2026-08-13T16:47:47Z
2026-08-13T16:46:02Z,2026-08-13T18:46:02+0200,bbadff40-465f-4669-a5ab-d3c11bbfaf39,2026-07-24T10:30:00Z,2026-07-24T12:30:00+0200,2008.33,MW,FR,FR,actual_onshore_wind_generation,Wind Onshore,2026-08-13T16:47:47Z
2026-08-13T16:46:02Z,2026-08-13T18:46:02+0200,bbadff40-465f-4669-a5ab-d3c11bbfaf39,2026-07-24T10:45:00Z,2026-07-24T12:45:00+0200,1965.95,MW,FR,FR,actual_onshore_wind_generation,Wind Onshore,2026-08-13T16:47:47Z
2026-08-13T16:46:02Z,2026-08-13T18:46:02+0200,bbadff40-465f-4669-a5ab-d3c11bbfaf39,2026-07-24T11:00:00Z,2026-07-24T13:00:00+0200,1997.48,MW,FR,FR,actual_onshore_wind_generation,Wind Onshore,2026-08-13T16:47:47Z
2026-08-13T16:46:02Z,2026-08-13T18:46:02+0200,bbadff40-465f-4669-a5ab-d3c11bbfaf39,2026-07-24T11:15:00Z,2026-07-24T13:15:00+0200,1974.53,MW,FR,FR,actual_onshore_wind_generation,Wind Onshore,2026-08-13T16:47:47Z
2026-08-13T16:46:02Z,2026-08-13T18:46:02+0200,bbadff40-465f-4669-a5ab-d3c11bbfaf39,2026-07-24T11:30:00Z,2026-07-24T13:30:00+0200,2039.86,MW,FR,FR,actual_onshore_wind_generation,Wind Onshore,2026-08-13T16:47:47Z
2026-08-13T16:46:02Z,2026-08-13T18:46:02+0200,bbadff40-465f-4669-a5ab-d3c11bbfaf39,2026-07-24T11:45:00Z,2026-07-24T13:45:00+0200,1997.92,MW,FR,FR,actual_onshore_wind_generation,Wind Onshore,2026-08-13T16:47:47Z
2026-08-13T16:46:02Z,2026-08-13T18:46:02+0200,bbadff40-465f-4669-a5ab-d3c11bbfaf39,2026-07-24T12:00:00Z,2026-07-24T14:00:00+0200,1960.32,MW,FR,FR,actual_onshore_wind_generation,Wind Onshore,2026-08-13T16:47:47Z
2026-08-13T16:46:02Z,2026-08-13T18:46:02+0200,bbadff40-465f-4669-a5ab-d3c11bbfaf39,2026-07-24T12:15:00Z,2026-07-24T14:15:00+0200,1946.91,MW,FR,FR,actual_onshore_wind_generation,Wind Onshore,2026-08-13T16:47:47Z
2026-08-13T16:46:02Z,2026-08-13T18:46:02+0200,bbadff40-465f-4669-a5ab-d3c11bbfaf39,2026-07-24T12:30:00Z,2026-07-24T14:30:00+0200,1916.35,MW,FR,FR,actual_onshore_wind_generation,Wind Onshore,2026-08-13T16:47:47Z
2026-08-13T16:46:02Z,2026-08-13T18:46:02+0200,bbadff40-465f-4669-a5ab-d3c11bbfaf39,2026-07-24T12:45:00Z,2026-07-24T14:45:00+0200,1913.17,MW,FR,FR,actual_onshore_wind_generation,Wind Onshore,2026-08-13T16:47:47Z
2026-08-13T16:46:02Z,2026-08-13T18:46:02+0200,bbadff40-465f-4669-a5ab-d3c11bbfaf39,2026-07-24T13:00:00Z,2026-07-24T15:00:00+0200,1889.46,MW,FR,FR,actual_onshore_wind_generation,Wind Onshore,2026-08-13T16:47:47Z
2026-08-13T16:46:02Z,2026-08-13T18:46:02+0200,bbadff40-465f-4669-a5ab-d3c11bbfaf39,2026-07-24T13:15:00Z,2026-07-24T15:15:00+0200,1798.28,MW,FR,FR,actual_onshore_wind_generation,Wind Onshore,2026-08-13T16:47:47Z
2026-08-13T16:46:02Z,2026-08-13T18:46:02+0200,bbadff40-465f-4669-a5ab-d3c11bbfaf39,2026-07-24T13:30:00Z,2026-07-24T15:30:00+0200,1794.82,MW,FR,FR,actual_onshore_wind_generation,Wind Onshore,2026-08-13T16:47:47Z
2026-08-13T16:46:02Z,2026-08-13T18:46:02+0200,bbadff40-465f-4669-a5ab-d3c11bbfaf39,2026-07-24T13:45:00Z,2026-07-24T15:45:00+0200,1815.34,MW,FR,FR,actual_onshore_wind_generation,Wind Onshore,2026-08-13T16:47:47Z
2026-08-13T16:46:02Z,2026-08-13T18:46:02+0200,bbadff40-465f-4669-a5ab-d3c11bbfaf39,2026-07-24T14:00:00Z,2026-07-24T16:00:00+0200,1792.14,MW,FR,FR,actual_onshore_wind_generation,Wind Onshore,2026-08-13T16:47:47Z
2026-08-13T16:46:02Z,2026-08-13T18:46:02+0200,bbadff40-465f-4669-a5ab-d3c11bbfaf39,2026-07-24T14:15:00Z,2026-07-24T16:15:00+0200,1783.7,MW,FR,FR,actual_onshore_wind_generation,Wind Onshore,2026-08-13T16:47:47Z
2026-08-13T16:46:02Z,2026-08-13T18:46:02+0200,bbadff40-465f-4669-a5ab-d3c11bbfaf39,2026-07-24T14:30:00Z,2026-07-24T16:30:00+0200,1778.93,MW,FR,FR,actual_onshore_wind_generation,Wind Onshore,2026-08-13T16:47:47Z
2026-08-13T16:46:02Z,2026-08-13T18:46:02+0200,bbadff40-465f-4669-a5ab-d3c11bbfaf39,2026-07-24T14:45:00Z,2026-07-24T16:45:00+0200,1770.81,MW,FR,FR,actual_onshore_wind_generation,Wind Onshore,2026-08-13T16:47:47Z
2026-08-13T16:46:02Z,2026-08-13T18:46:02+0200,bbadff40-465f-4669-a5ab-d3c11bbfaf39,2026-07-24T15:00:00Z,2026-07-24T17:00:00+0200,1816.71,MW,FR,FR,actual_onshore_wind_generation,Wind Onshore,2026-08-13T16:47:47Z
2026-08-13T16:46:02Z,2026-08-13T18:46:02+0200,bbadff40-465f-4669-a5ab-d3c11bbfaf39,2026-07-24T15:15:00Z,2026-07-24T17:15:00+0200,1849.55,MW,FR,FR,actual_onshore_wind_generation,Wind Onshore,2026-08-13T16:47:47Z
2026-08-13T16:46:02Z,2026-08-13T18:46:02+0200,bbadff40-465f-4669-a5ab-d3c11bbfaf39,2026-07-24T15:30:00Z,2026-07-24T17:30:00+0200,1874.23,MW,FR,FR,actual_onshore_wind_generation,Wind Onshore,2026-08-13T16:47:47Z
2026-08-13T16:46:02Z,2026-08-13T18:46:02+0200,bbadff40-465f-4669-a5ab-d3c11bbfaf39,2026-07-24T15:45:00Z,2026-07-24T17:45:00+0200,1897.1,MW,FR,FR,actual_onshore_wind_generation,Wind Onshore,2026-08-13T16:47:47Z
2026-08-13T16:46:02Z,2026-08-13T18:46:02+0200,bbadff40-465f-4669-a5ab-d3c11bbfaf39,2026-07-24T16:00:00Z,2026-07-24T18:00:00+0200,1923.95,MW,FR,FR,actual_onshore_wind_generation,Wind Onshore,2026-08-13T16:47:47Z
2026-08-13T16:46:02Z,2026-08-13T18:46:02+0200,bbadff40-465f-4669-a5ab-d3c11bbfaf39,2026-07-24T16:15:00Z,2026-07-24T18:15:00+0200,1925.8,MW,FR,FR,actual_onshore_wind_generation,Wind Onshore,2026-08-13T16:47:47Z
2026-08-13T16:46:02Z,2026-08-13T18:46:02+0200,bbadff40-465f-4669-a5ab-d3c11bbfaf39,2026-07-24T16:30:00Z,2026-07-24T18:30:00+0200,1980.72,MW,FR,FR,actual_onshore_wind_generation,Wind Onshore,2026-08-13T16:47:47Z
2026-08-13T16:46:02Z,2026-08-13T18:46:02+0200,bbadff40-465f-4669-a5ab-d3c11bbfaf39,2026-07-24T16:45:00Z,2026-07-24T18:45:00+0200,2000.7,MW,FR,FR,actual_onshore_wind_generation,Wind Onshore,2026-08-13T16:47:47Z
2026-08-13T16:46:02Z,2026-08-13T18:46:02+0200,bbadff40-465f-4669-a5ab-d3c11bbfaf39,2026-07-24T17:00:00Z,2026-07-24T19:00:00+0200,2039.05,MW,FR,FR,actual_onshore_wind_generation,Wind Onshore,2026-08-13T16:47:47Z
2026-08-13T16:46:02Z,2026-08-13T18:46:02+0200,bbadff40-465f-4669-a5ab-d3c11bbfaf39,2026-07-24T17:15:00Z,2026-07-24T19:15:00+0200,2100.01,MW,FR,FR,actual_onshore_wind_generation,Wind Onshore,2026-08-13T16:47:47Z
2026-08-13T16:46:02Z,2026-08-13T18:46:02+0200,bbadff40-465f-4669-a5ab-d3c11bbfaf39,2026-07-24T17:30:00Z,2026-07-24T19:30:00+0200,2179.27,MW,FR,FR,actual_onshore_wind_generation,Wind Onshore,2026-08-13T16:47:47Z
2026-08-13T16:46:02Z,2026-08-13T18:46:02+0200,bbadff40-465f-4669-a5ab-d3c11bbfaf39,2026-07-24T17:45:00Z,2026-07-24T19:45:00+0200,2219.23,MW,FR,FR,actual_onshore_wind_generation,Wind Onshore,2026-08-13T16:47:47Z
2026-08-13T16:46:02Z,2026-08-13T18:46:02+0200,bbadff40-465f-4669-a5ab-d3c11bbfaf39,2026-07-24T18:00:00Z,2026-07-24T20:00:00+0200,2288.8,MW,FR,FR,actual_onshore_wind_generation,Wind Onshore,2026-08-13T16:47:47Z
2026-08-13T16:46:02Z,2026-08-13T18:46:02+0200,bbadff40-465f-4669-a5ab-d3c11bbfaf39,2026-07-24T18:15:00Z,2026-07-24T20:15:00+0200,2421.47,MW,FR,FR,actual_onshore_wind_generation,Wind Onshore,2026-08-13T16:47:47Z
2026-08-13T16:46:02Z,2026-08-13T18:46:02+0200,bbadff40-465f-4669-a5ab-d3c11bbfaf39,2026-07-24T18:30:00Z,2026-07-24T20:30:00+0200,2565.09,MW,FR,FR,actual_onshore_wind_generation,Wind Onshore,2026-08-13T16:47:47Z
2026-08-13T16:46:02Z,2026-08-13T18:46:02+0200,bbadff40-465f-4669-a5ab-d3c11bbfaf39,2026-07-24T18:45:00Z,2026-07-24T20:45:00+0200,2698.3,MW,FR,FR,actual_onshore_wind_generation,Wind Onshore,2026-08-13T16:47:47Z
2026-08-13T16:46:02Z,2026-08-13T18:46:02+0200,bbadff40-465f-4669-a5ab-d3c11bbfaf39,2026-07-24T19:00:00Z,2026-07-24T21:00:00+0200,2939.0,MW,FR,FR,actual_onshore_wind_generation,Wind Onshore,2026-08-13T16:47:47Z
2026-08-13T16:46:02Z,2026-08-13T18:46:02+0200,bbadff40-465f-4669-a5ab-d3c11bbfaf39,2026-07-24T19:15:00Z,2026-07-24T21:15:00+0200,3200.33,MW,FR,FR,actual_onshore_wind_generation,Wind Onshore,2026-08-13T16:47:47Z
2026-08-13T16:46:02Z,2026-08-13T18:46:02+0200,bbadff40-465f-4669-a5ab-d3c11bbfaf39,2026-07-24T19:30:00Z,2026-07-24T21:30:00+0200,3417.23,MW,FR,FR,actual_onshore_wind_generation,Wind Onshore,2026-08-13T16:47:47Z
2026-08-13T16:46:02Z,2026-08-13T18:46:02+0200,bbadff40-465f-4669-a5ab-d3c11bbfaf39,2026-07-24T19:45:00Z,2026-07-24T21:45:00+0200,3629.82,MW,FR,FR,actual_onshore_wind_generation,Wind Onshore,2026-08-13T16:47:47Z
2026-08-13T16:46:02Z,2026-08-13T18:46:02+0200,bbadff40-465f-4669-a5ab-d3c11bbfaf39,2026-07-24T20:00:00Z,2026-07-24T22:00:00+0200,3855.92,MW,FR,FR,actual_onshore_wind_generation,Wind Onshore,2026-08-13T16:47:47Z
2026-08-13T16:46:02Z,2026-08-13T18:46:02+0200,bbadff40-465f-4669-a5ab-d3c11bbfaf39,2026-07-24T20:15:00Z,2026-07-24T22:15:00+0200,4047.45,MW,FR,FR,actual_onshore_wind_generation,Wind Onshore,2026-08-13T16:47:47Z
2026-08-13T16:46:02Z,2026-08-13T18:46:02+0200,bbadff40-465f-4669-a5ab-d3c11bbfaf39,2026-07-24T20:30:00Z,2026-07-24T22:30:00+0200,4080.67,MW,FR,FR,actual_onshore_wind_generation,Wind Onshore,2026-08-13T16:47:47Z
2026-08-13T16:46:02Z,2026-08-13T18:46:02+0200,bbadff40-465f-4669-a5ab-d3c11bbfaf39,2026-07-24T20:45:00Z,2026-07-24T22:45:00+0200,4159.99,MW,FR,FR,actual_onshore_wind_generation,Wind Onshore,2026-08-13T16:47:47Z
2026-08-13T16:46:02Z,2026-08-13T18:46:02+0200,bbadff40-465f-4669-a5ab-d3c11bbfaf39,2026-07-24T21:00:00Z,2026-07-24T23:00:00+0200,4277.48,MW,FR,FR,actual_onshore_wind_generation,Wind Onshore,2026-08-13T16:47:47Z
2026-08-13T16:46:02Z,2026-08-13T18:46:02+0200,bbadff40-465f-4669-a5ab-d3c11bbfaf39,2026-07-24T21:15:00Z,2026-07-24T23:15:00+0200,4454.78,MW,FR,FR,actual_onshore_wind_generation,Wind Onshore,2026-08-13T16:47:47Z
2026-08-13T16:46:02Z,2026-08-13T18:46:02+0200,bbadff40-465f-4669-a5ab-d3c11bbfaf39,2026-07-24T21:30:00Z,2026-07-24T23:30:00+0200,4372.97,MW,FR,FR,actual_onshore_wind_generation,Wind Onshore,2026-08-13T16:47:47Z
2026-08-13T16:46:02Z,2026-08-13T18:46:02+0200,bbadff40-465f-4669-a5ab-d3c11bbfaf39,2026-07-24T21:45:00Z,2026-07-24T23:45:00+0200,4201.86,MW,FR,FR,actual_onshore_wind_generation,Wind Onshore,2026-08-13T16:47:47Z
2026-08-13T16:46:02Z,2026-08-13T18:46:02+0200,bbadff40-465f-4669-a5ab-d3c11bbfaf39,2026-07-24T22:00:00Z,2026-07-25T00:00:00+0200,4024.78,MW,FR,FR,actual_onshore_wind_generation,Wind Onshore,2026-08-13T16:47:47Z
2026-08-13T16:46:02Z,2026-08-13T18:46:02+0200,bbadff40-465f-4669-a5ab-d3c11bbfaf39,2026-07-24T22:15:00Z,2026-07-25T00:15:00+0200,4004.57,MW,FR,FR,actual_onshore_wind_generation,Wind Onshore,2026-08-13T16:47:47Z
2026-08-13T16:46:02Z,2026-08-13T18:46:02+0200,bbadff40-465f-4669-a5ab-d3c11bbfaf39,2026-07-24T22:30:00Z,2026-07-25T00:30:00+0200,4006.86,MW,FR,FR,actual_onshore_wind_generation,Wind Onshore,2026-08-13T16:47:47Z
2026-08-13T16:46:02Z,2026-08-13T18:46:02+0200,bbadff40-465f-4669-a5ab-d3c11bbfaf39,2026-07-24T22:45:00Z,2026-07-25T00:45:00+0200,3968.37,MW,FR,FR,actual_onshore_wind_generation,Wind Onshore,2026-08-13T16:47:47Z
2026-08-13T16:46:02Z,2026-08-13T18:46:02+0200,bbadff40-465f-4669-a5ab-d3c11bbfaf39,2026-07-24T23:00:00Z,2026-07-25T01:00:00+0200,3836.89,MW,FR,FR,actual_onshore_wind_generation,Wind Onshore,2026-08-13T16:47:47Z
2026-08-13T16:46:02Z,2026-08-13T18:46:02+0200,bbadff40-465f-4669-a5ab-d3c11bbfaf39,2026-07-24T23:15:00Z,2026-07-25T01:15:00+0200,3645.91,MW,FR,FR,actual_onshore_wind_generation,Wind Onshore,2026-08-13T16:47:47Z
2026-08-13T16:46:02Z,2026-08-13T18:46:02+0200,bbadff40-465f-4669-a5ab-d3c11bbfaf39,2026-07-24T23:30:00Z,2026-07-25T01:30:00+0200,3477.1,MW,FR,FR,actual_onshore_wind_generation,Wind Onshore,2026-08-13T16:47:47Z
2026-08-13T16:46:02Z,2026-08-13T18:46:02+0200,bbadff40-465f-4669-a5ab-d3c11bbfaf39,2026-07-24T23:45:00Z,2026-07-25T01:45:00+0200,3340.77,MW,FR,FR,actual_onshore_wind_generation,Wind Onshore,2026-08-13T16:47:47Z
2026-08-13T16:46:02Z,2026-08-13T18:46:02+0200,bbadff40-465f-4669-a5ab-d3c11bbfaf39,2026-07-25T00:00:00Z,2026-07-25T02:00:00+0200,3149.27,MW,FR,FR,actual_onshore_wind_generation,Wind Onshore,2026-08-13T16:47:47Z
2026-08-13T16:46:02Z,2026-08-13T18:46:02+0200,bbadff40-465f-4669-a5ab-d3c11bbfaf39,2026-07-25T00:15:00Z,2026-07-25T02:15:00+0200,2919.12,MW,FR,FR,actual_onshore_wind_generation,Wind Onshore,2026-08-13T16:47:47Z
2026-08-13T16:46:02Z,2026-08-13T18:46:02+0200,bbadff40-465f-4669-a5ab-d3c11bbfaf39,2026-07-25T00:30:00Z,2026-07-25T02:30:00+0200,2796.37,MW,FR,FR,actual_onshore_wind_generation,Wind Onshore,2026-08-13T16:47:47Z
2026-08-13T16:46:02Z,2026-08-13T18:46:02+0200,bbadff40-465f-4669-a5ab-d3c11bbfaf39,2026-07-25T00:45:00Z,2026-07-25T02:45:00+0200,2708.28,MW,FR,FR,actual_onshore_wind_generation,Wind Onshore,2026-08-13T16:47:47Z
2026-08-13T16:46:02Z,2026-08-13T18:46:02+0200,bbadff40-465f-4669-a5ab-d3c11bbfaf39,2026-07-25T01:00:00Z,2026-07-25T03:00:00+0200,2633.86,MW,FR,FR,actual_onshore_wind_generation,Wind Onshore,2026-08-13T16:47:47Z
2026-08-13T16:46:02Z,2026-08-13T18:46:02+0200,bbadff40-465f-4669-a5ab-d3c11bbfaf39,2026-07-25T01:15:00Z,2026-07-25T03:15:00+0200,2737.1,MW,FR,FR,actual_onshore_wind_generation,Wind Onshore,2026-08-13T16:47:47Z
2026-08-13T16:46:02Z,2026-08-13T18:46:02+0200,bbadff40-465f-4669-a5ab-d3c11bbfaf39,2026-07-25T01:30:00Z,2026-07-25T03:30:00+0200,2711.13,MW,FR,FR,actual_onshore_wind_generation,Wind Onshore,2026-08-13T16:47:47Z
2026-08-13T16:46:02Z,2026-08-13T18:46:02+0200,bbadff40-465f-4669-a5ab-d3c11bbfaf39,2026-07-25T01:45:00Z,2026-07-25T03:45:00+0200,2547.08,MW,FR,FR,actual_onshore_wind_generation,Wind Onshore,2026-08-13T16:47:47Z
2026-08-13T16:46:02Z,2026-08-13T18:46:02+0200,bbadff40-465f-4669-a5ab-d3c11bbfaf39,2026-07-25T02:00:00Z,2026-07-25T04:00:00+0200,2401.33,MW,FR,FR,actual_onshore_wind_generation,Wind Onshore,2026-08-13T16:47:47Z
2026-08-13T16:46:02Z,2026-08-13T18:46:02+0200,bbadff40-465f-4669-a5ab-d3c11bbfaf39,2026-07-25T02:15:00Z,2026-07-25T04:15:00+0200,2324.69,MW,FR,FR,actual_onshore_wind_generation,Wind Onshore,2026-08-13T16:47:47Z
2026-08-13T16:46:02Z,2026-08-13T18:46:02+0200,bbadff40-465f-4669-a5ab-d3c11bbfaf39,2026-07-25T02:30:00Z,2026-07-25T04:30:00+0200,2319.0,MW,FR,FR,actual_onshore_wind_generation,Wind Onshore,2026-08-13T16:47:47Z
2026-08-13T16:46:02Z,2026-08-13T18:46:02+0200,bbadff40-465f-4669-a5ab-d3c11bbfaf39,2026-07-25T02:45:00Z,2026-07-25T04:45:00+0200,2269.89,MW,FR,FR,actual_onshore_wind_generation,Wind Onshore,2026-08-13T16:47:47Z
2026-08-13T16:46:02Z,2026-08-13T18:46:02+0200,bbadff40-465f-4669-a5ab-d3c11bbfaf39,2026-07-25T03:00:00Z,2026-07-25T05:00:00+0200,2228.44,MW,FR,FR,actual_onshore_wind_generation,Wind Onshore,2026-08-13T16:47:47Z
2026-08-13T16:46:02Z,2026-08-13T18:46:02+0200,bbadff40-465f-4669-a5ab-d3c11bbfaf39,2026-07-25T03:15:00Z,2026-07-25T05:15:00+0200,2186.14,MW,FR,FR,actual_onshore_wind_generation,Wind Onshore,2026-08-13T16:47:47Z
2026-08-13T16:46:02Z,2026-08-13T18:46:02+0200,bbadff40-465f-4669-a5ab-d3c11bbfaf39,2026-07-25T03:30:00Z,2026-07-25T05:30:00+0200,2146.05,MW,FR,FR,actual_onshore_wind_generation,Wind Onshore,2026-08-13T16:47:47Z
2026-08-13T16:46:02Z,2026-08-13T18:46:02+0200,bbadff40-465f-4669-a5ab-d3c11bbfaf39,2026-07-25T03:45:00Z,2026-07-25T05:45:00+0200,2059.9,MW,FR,FR,actual_onshore_wind_generation,Wind Onshore,2026-08-13T16:47:47Z
2026-08-13T16:46:02Z,2026-08-13T18:46:02+0200,bbadff40-465f-4669-a5ab-d3c11bbfaf39,2026-07-25T04:00:00Z,2026-07-25T06:00:00+0200,1941.59,MW,FR,FR,actual_onshore_wind_generation,Wind Onshore,2026-08-13T16:47:47Z
2026-08-13T16:46:02Z,2026-08-13T18:46:02+0200,bbadff40-465f-4669-a5ab-d3c11bbfaf39,2026-07-25T04:15:00Z,2026-07-25T06:15:00+0200,1877.44,MW,FR,FR,actual_onshore_wind_generation,Wind Onshore,2026-08-13T16:47:47Z
2026-08-13T16:46:02Z,2026-08-13T18:46:02+0200,bbadff40-465f-4669-a5ab-d3c11bbfaf39,2026-07-25T04:30:00Z,2026-07-25T06:30:00+0200,1909.15,MW,FR,FR,actual_onshore_wind_generation,Wind Onshore,2026-08-13T16:47:47Z
2026-08-13T16:46:02Z,2026-08-13T18:46:02+0200,bbadff40-465f-4669-a5ab-d3c11bbfaf39,2026-07-25T04:45:00Z,2026-07-25T06:45:00+0200,1916.12,MW,FR,FR,actual_onshore_wind_generation,Wind Onshore,2026-08-13T16:47:47Z
2026-08-13T16:46:02Z,2026-08-13T18:46:02+0200,bbadff40-465f-4669-a5ab-d3c11bbfaf39,2026-07-25T05:00:00Z,2026-07-25T07:00:00+0200,1907.66,MW,FR,FR,actual_onshore_wind_generation,Wind Onshore,2026-08-13T16:47:47Z
2026-08-13T16:46:02Z,2026-08-13T18:46:02+0200,bbadff40-465f-4669-a5ab-d3c11bbfaf39,2026-07-25T05:15:00Z,2026-07-25T07:15:00+0200,1892.03,MW,FR,FR,actual_onshore_wind_generation,Wind Onshore,2026-08-13T16:47:47Z
2026-08-13T16:46:02Z,2026-08-13T18:46:02+0200,bbadff40-465f-4669-a5ab-d3c11bbfaf39,2026-07-25T05:30:00Z,2026-07-25T07:30:00+0200,1873.41,MW,FR,FR,actual_onshore_wind_generation,Wind Onshore,2026-08-13T16:47:47Z
2026-08-13T16:46:02Z,2026-08-13T18:46:02+0200,bbadff40-465f-4669-a5ab-d3c11bbfaf39,2026-07-25T05:45:00Z,2026-07-25T07:45:00+0200,1799.28,MW,FR,FR,actual_onshore_wind_generation,Wind Onshore,2026-08-13T16:47:47Z
2026-08-13T16:46:02Z,2026-08-13T18:46:02+0200,bbadff40-465f-4669-a5ab-d3c11bbfaf39,2026-07-25T06:00:00Z,2026-07-25T08:00:00+0200,1696.16,MW,FR,FR,actual_onshore_wind_generation,Wind Onshore,2026-08-13T16:47:47Z
2026-08-13T16:46:02Z,2026-08-13T18:46:02+0200,bbadff40-465f-4669-a5ab-d3c11bbfaf39,2026-07-25T06:15:00Z,2026-07-25T08:15:00+0200,1597.68,MW,FR,FR,actual_onshore_wind_generation,Wind Onshore,2026-08-13T16:47:47Z
2026-08-13T16:46:02Z,2026-08-13T18:46:02+0200,bbadff40-465f-4669-a5ab-d3c11bbfaf39,2026-07-25T06:30:00Z,2026-07-25T08:30:00+0200,1491.04,MW,FR,FR,actual_onshore_wind_generation,Wind Onshore,2026-08-13T16:47:47Z
2026-08-13T16:46:02Z,2026-08-13T18:46:02+0200,bbadff40-465f-4669-a5ab-d3c11bbfaf39,2026-07-25T06:45:00Z,2026-07-25T08:45:00+0200,1345.53,MW,FR,FR,actual_onshore_wind_generation,Wind Onshore,2026-08-13T16:47:47Z
2026-08-13T16:46:02Z,2026-08-13T18:46:02+0200,bbadff40-465f-4669-a5ab-d3c11bbfaf39,2026-07-25T07:00:00Z,2026-07-25T09:00:00+0200,1220.13,MW,FR,FR,actual_onshore_wind_generation,Wind Onshore,2026-08-13T16:47:47Z
2026-08-13T16:46:02Z,2026-08-13T18:46:02+0200,bbadff40-465f-4669-a5ab-d3c11bbfaf39,2026-07-25T07:15:00Z,2026-07-25T09:15:00+0200,1154.1,MW,FR,FR,actual_onshore_wind_generation,Wind Onshore,2026-08-13T16:47:47Z
2026-08-13T16:46:02Z,2026-08-13T18:46:02+0200,bbadff40-465f-4669-a5ab-d3c11bbfaf39,2026-07-25T07:30:00Z,2026-07-25T09:30:00+0200,1112.27,MW,FR,FR,actual_onshore_wind_generation,Wind Onshore,2026-08-13T16:47:47Z
2026-08-13T16:46:02Z,2026-08-13T18:46:02+0200,bbadff40-465f-4669-a5ab-d3c11bbfaf39,2026-07-25T07:45:00Z,2026-07-25T09:45:00+0200,1069.27,MW,FR,FR,actual_onshore_wind_generation,Wind Onshore,2026-08-13T16:47:47Z
2026-08-13T16:46:02Z,2026-08-13T18:46:02+0200,bbadff40-465f-4669-a5ab-d3c11bbfaf39,2026-07-25T08:00:00Z,2026-07-25T10:00:00+0200,995.17,MW,FR,FR,actual_onshore_wind_generation,Wind Onshore,2026-08-13T16:47:47Z
2026-08-13T16:46:02Z,2026-08-13T18:46:02+0200,bbadff40-465f-4669-a5ab-d3c11bbfaf39,2026-07-25T08:15:00Z,2026-07-25T10:15:00+0200,808.25,MW,FR,FR,actual_onshore_wind_generation,Wind Onshore,2026-08-13T16:47:47Z
2026-08-13T16:46:02Z,2026-08-13T18:46:02+0200,bbadff40-465f-4669-a5ab-d3c11bbfaf39,2026-07-25T08:30:00Z,2026-07-25T10:30:00+0200,678.42,MW,FR,FR,actual_onshore_wind_generation,Wind Onshore,2026-08-13T16:47:47Z
2026-08-13T16:46:02Z,2026-08-13T18:46:02+0200,bbadff40-465f-4669-a5ab-d3c11bbfaf39,2026-07-25T08:45:00Z,2026-07-25T10:45:00+0200,525.95,MW,FR,FR,actual_onshore_wind_generation,Wind Onshore,2026-08-13T16:47:47Z
2026-08-13T16:46:02Z,2026-08-13T18:46:02+0200,bbadff40-465f-4669-a5ab-d3c11bbfaf39,2026-07-25T09:00:00Z,2026-07-25T11:00:00+0200,512.02,MW,FR,FR,actual_onshore_wind_generation,Wind Onshore,2026-08-13T16:47:47Z
2026-08-13T16:46:02Z,2026-08-13T18:46:02+0200,bbadff40-465f-4669-a5ab-d3c11bbfaf39,2026-07-25T09:15:00Z,2026-07-25T11:15:00+0200,514.29,MW,FR,FR,actual_onshore_wind_generation,Wind Onshore,2026-08-13T16:47:47Z
2026-08-13T16:46:02Z,2026-08-13T18:46:02+0200,bbadff40-465f-4669-a5ab-d3c11bbfaf39,2026-07-25T09:30:00Z,2026-07-25T11:30:00+0200,502.02,MW,FR,FR,actual_onshore_wind_generation,Wind Onshore,2026-08-13T16:47:47Z
2026-08-13T16:46:02Z,2026-08-13T18:46:02+0200,bbadff40-465f-4669-a5ab-d3c11bbfaf39,2026-07-25T09:45:00Z,2026-07-25T11:45:00+0200,490.65,MW,FR,FR,actual_onshore_wind_generation,Wind Onshore,2026-08-13T16:47:47Z
2026-08-13T16:46:02Z,2026-08-13T18:46:02+0200,bbadff40-465f-4669-a5ab-d3c11bbfaf39,2026-07-25T10:00:00Z,2026-07-25T12:00:00+0200,496.13,MW,FR,FR,actual_onshore_wind_generation,Wind Onshore,2026-08-13T16:47:47Z
2026-08-13T16:46:02Z,2026-08-13T18:46:02+0200,bbadff40-465f-4669-a5ab-d3c11bbfaf39,2026-07-25T10:15:00Z,2026-07-25T12:15:00+0200,502.27,MW,FR,FR,actual_onshore_wind_generation,Wind Onshore,2026-08-13T16:47:47Z
2026-08-13T16:46:02Z,2026-08-13T18:46:02+0200,bbadff40-465f-4669-a5ab-d3c11bbfaf39,2026-07-25T10:30:00Z,2026-07-25T12:30:00+0200,505.42,MW,FR,FR,actual_onshore_wind_generation,Wind Onshore,2026-08-13T16:47:47Z
2026-08-13T16:46:02Z,2026-08-13T18:46:02+0200,bbadff40-465f-4669-a5ab-d3c11bbfaf39,2026-07-25T10:45:00Z,2026-07-25T12:45:00+0200,516.03,MW,FR,FR,actual_onshore_wind_generation,Wind Onshore,2026-08-13T16:47:47Z
2026-08-13T16:46:02Z,2026-08-13T18:46:02+0200,bbadff40-465f-4669-a5ab-d3c11bbfaf39,2026-07-25T11:00:00Z,2026-07-25T13:00:00+0200,522.67,MW,FR,FR,actual_onshore_wind_generation,Wind Onshore,2026-08-13T16:47:47Z
2026-08-13T16:46:02Z,2026-08-13T18:46:02+0200,bbadff40-465f-4669-a5ab-d3c11bbfaf39,2026-07-25T11:15:00Z,2026-07-25T13:15:00+0200,533.21,MW,FR,FR,actual_onshore_wind_generation,Wind Onshore,2026-08-13T16:47:47Z
2026-08-13T16:46:02Z,2026-08-13T18:46:02+0200,bbadff40-465f-4669-a5ab-d3c11bbfaf39,2026-07-25T11:30:00Z,2026-07-25T13:30:00+0200,552.77,MW,FR,FR,actual_onshore_wind_generation,Wind Onshore,2026-08-13T16:47:47Z
2026-08-13T16:46:02Z,2026-08-13T18:46:02+0200,bbadff40-465f-4669-a5ab-d3c11bbfaf39,2026-07-25T11:45:00Z,2026-07-25T13:45:00+0200,594.29,MW,FR,FR,actual_onshore_wind_generation,Wind Onshore,2026-08-13T16:47:47Z
2026-08-13T16:46:02Z,2026-08-13T18:46:02+0200,bbadff40-465f-4669-a5ab-d3c11bbfaf39,2026-07-25T12:00:00Z,2026-07-25T14:00:00+0200,621.84,MW,FR,FR,actual_onshore_wind_generation,Wind Onshore,2026-08-13T16:47:47Z
2026-08-13T16:46:02Z,2026-08-13T18:46:02+0200,bbadff40-465f-4669-a5ab-d3c11bbfaf39,2026-07-25T12:15:00Z,2026-07-25T14:15:00+0200,643.42,MW,FR,FR,actual_onshore_wind_generation,Wind Onshore,2026-08-13T16:47:47Z
2026-08-13T16:46:02Z,2026-08-13T18:46:02+0200,bbadff40-465f-4669-a5ab-d3c11bbfaf39,2026-07-25T12:30:00Z,2026-07-25T14:30:00+0200,684.66,MW,FR,FR,actual_onshore_wind_generation,Wind Onshore,2026-08-13T16:47:47Z
2026-08-13T16:46:02Z,2026-08-13T18:46:02+0200,bbadff40-465f-4669-a5ab-d3c11bbfaf39,2026-07-25T12:45:00Z,2026-07-25T14:45:00+0200,710.61,MW,FR,FR,actual_onshore_wind_generation,Wind Onshore,2026-08-13T16:47:47Z
2026-08-13T16:46:02Z,2026-08-13T18:46:02+0200,bbadff40-465f-4669-a5ab-d3c11bbfaf39,2026-07-25T13:00:00Z,2026-07-25T15:00:00+0200,734.98,MW,FR,FR,actual_onshore_wind_generation,Wind Onshore,2026-08-13T16:47:47Z
2026-08-13T16:46:02Z,2026-08-13T18:46:02+0200,bbadff40-465f-4669-a5ab-d3c11bbfaf39,2026-07-25T13:15:00Z,2026-07-25T15:15:00+0200,747.07,MW,FR,FR,actual_onshore_wind_generation,Wind Onshore,2026-08-13T16:47:47Z
2026-08-13T16:46:02Z,2026-08-13T18:46:02+0200,bbadff40-465f-4669-a5ab-d3c11bbfaf39,2026-07-25T13:30:00Z,2026-07-25T15:30:00+0200,778.34,MW,FR,FR,actual_onshore_wind_generation,Wind Onshore,2026-08-13T16:47:47Z
2026-08-13T16:46:02Z,2026-08-13T18:46:02+0200,bbadff40-465f-4669-a5ab-d3c11bbfaf39,2026-07-25T13:45:00Z,2026-07-25T15:45:00+0200,811.32,MW,FR,FR,actual_onshore_wind_generation,Wind Onshore,2026-08-13T16:47:47Z
2026-08-13T16:46:02Z,2026-08-13T18:46:02+0200,bbadff40-465f-4669-a5ab-d3c11bbfaf39,2026-07-25T14:00:00Z,2026-07-25T16:00:00+0200,867.3,MW,FR,FR,actual_onshore_wind_generation,Wind Onshore,2026-08-13T16:47:47Z
2026-08-13T16:46:02Z,2026-08-13T18:46:02+0200,bbadff40-465f-4669-a5ab-d3c11bbfaf39,2026-07-25T14:15:00Z,2026-07-25T16:15:00+0200,1015.8,MW,FR,FR,actual_onshore_wind_generation,Wind Onshore,2026-08-13T16:47:47Z
2026-08-13T16:46:02Z,2026-08-13T18:46:02+0200,bbadff40-465f-4669-a5ab-d3c11bbfaf39,2026-07-25T14:30:00Z,2026-07-25T16:30:00+0200,1420.8,MW,FR,FR,actual_onshore_wind_generation,Wind Onshore,2026-08-13T16:47:47Z
2026-08-13T16:46:02Z,2026-08-13T18:46:02+0200,bbadff40-465f-4669-a5ab-d3c11bbfaf39,2026-07-25T14:45:00Z,2026-07-25T16:45:00+0200,1817.19,MW,FR,FR,actual_onshore_wind_generation,Wind Onshore,2026-08-13T16:47:47Z
2026-08-13T16:46:02Z,2026-08-13T18:46:02+0200,bbadff40-465f-4669-a5ab-d3c11bbfaf39,2026-07-25T15:00:00Z,2026-07-25T17:00:00+0200,2080.19,MW,FR,FR,actual_onshore_wind_generation,Wind Onshore,2026-08-13T16:47:47Z
2026-08-13T16:46:02Z,2026-08-13T18:46:02+0200,bbadff40-465f-4669-a5ab-d3c11bbfaf39,2026-07-25T15:15:00Z,2026-07-25T17:15:00+0200,2728.5,MW,FR,FR,actual_onshore_wind_generation,Wind Onshore,2026-08-13T16:47:47Z
2026-08-13T16:46:02Z,2026-08-13T18:46:02+0200,bbadff40-465f-4669-a5ab-d3c11bbfaf39,2026-07-25T15:30:00Z,2026-07-25T17:30:00+0200,3350.09,MW,FR,FR,actual_onshore_wind_generation,Wind Onshore,2026-08-13T16:47:47Z
2026-08-13T16:46:02Z,2026-08-13T18:46:02+0200,bbadff40-465f-4669-a5ab-d3c11bbfaf39,2026-07-25T15:45:00Z,2026-07-25T17:45:00+0200,3719.14,MW,FR,FR,actual_onshore_wind_generation,Wind Onshore,2026-08-13T16:47:47Z
2026-08-13T16:46:02Z,2026-08-13T18:46:02+0200,bbadff40-465f-4669-a5ab-d3c11bbfaf39,2026-07-25T16:00:00Z,2026-07-25T18:00:00+0200,3986.05,MW,FR,FR,actual_onshore_wind_generation,Wind Onshore,2026-08-13T16:47:47Z
2026-08-13T16:46:02Z,2026-08-13T18:46:02+0200,bbadff40-465f-4669-a5ab-d3c11bbfaf39,2026-07-25T16:15:00Z,2026-07-25T18:15:00+0200,4236.17,MW,FR,FR,actual_onshore_wind_generation,Wind Onshore,2026-08-13T16:47:47Z
2026-08-13T16:46:02Z,2026-08-13T18:46:02+0200,bbadff40-465f-4669-a5ab-d3c11bbfaf39,2026-07-25T16:30:00Z,2026-07-25T18:30:00+0200,4393.67,MW,FR,FR,actual_onshore_wind_generation,Wind Onshore,2026-08-13T16:47:47Z
2026-08-13T16:46:02Z,2026-08-13T18:46:02+0200,bbadff40-465f-4669-a5ab-d3c11bbfaf39,2026-07-25T16:45:00Z,2026-07-25T18:45:00+0200,4503.37,MW,FR,FR,actual_onshore_wind_generation,Wind Onshore,2026-08-13T16:47:47Z
2026-08-13T16:46:02Z,2026-08-13T18:46:02+0200,bbadff40-465f-4669-a5ab-d3c11bbfaf39,2026-07-25T17:00:00Z,2026-07-25T19:00:00+0200,4642.14,MW,FR,FR,actual_onshore_wind_generation,Wind Onshore,2026-08-13T16:47:47Z
2026-08-13T16:46:02Z,2026-08-13T18:46:02+0200,bbadff40-465f-4669-a5ab-d3c11bbfaf39,2026-07-25T17:15:00Z,2026-07-25T19:15:00+0200,4667.21,MW,FR,FR,actual_onshore_wind_generation,Wind Onshore,2026-08-13T16:47:47Z
2026-08-13T16:46:02Z,2026-08-13T18:46:02+0200,bbadff40-465f-4669-a5ab-d3c11bbfaf39,2026-07-25T17:30:00Z,2026-07-25T19:30:00+0200,4660.03,MW,FR,FR,actual_onshore_wind_generation,Wind Onshore,2026-08-13T16:47:47Z
2026-08-13T16:46:02Z,2026-08-13T18:46:02+0200,bbadff40-465f-4669-a5ab-d3c11bbfaf39,2026-07-25T17:45:00Z,2026-07-25T19:45:00+0200,4669.61,MW,FR,FR,actual_onshore_wind_generation,Wind Onshore,2026-08-13T16:47:47Z
2026-08-13T16:46:02Z,2026-08-13T18:46:02+0200,bbadff40-465f-4669-a5ab-d3c11bbfaf39,2026-07-25T18:00:00Z,2026-07-25T20:00:00+0200,4589.59,MW,FR,FR,actual_onshore_wind_generation,Wind Onshore,2026-08-13T16:47:47Z
2026-08-13T16:46:02Z,2026-08-13T18:46:02+0200,bbadff40-465f-4669-a5ab-d3c11bbfaf39,2026-07-25T18:15:00Z,2026-07-25T20:15:00+0200,4635.16,MW,FR,FR,actual_onshore_wind_generation,Wind Onshore,2026-08-13T16:47:47Z
2026-08-13T16:46:02Z,2026-08-13T18:46:02+0200,bbadff40-465f-4669-a5ab-d3c11bbfaf39,2026-07-25T18:30:00Z,2026-07-25T20:30:00+0200,4600.74,MW,FR,FR,actual_onshore_wind_generation,Wind Onshore,2026-08-13T16:47:47Z
2026-08-13T16:46:02Z,2026-08-13T18:46:02+0200,bbadff40-465f-4669-a5ab-d3c11bbfaf39,2026-07-25T18:45:00Z,2026-07-25T20:45:00+0200,4591.96,MW,FR,FR,actual_onshore_wind_generation,Wind Onshore,2026-08-13T16:47:47Z
2026-08-13T16:46:02Z,2026-08-13T18:46:02+0200,bbadff40-465f-4669-a5ab-d3c11bbfaf39,2026-07-25T19:00:00Z,2026-07-25T21:00:00+0200,4549.0,MW,FR,FR,actual_onshore_wind_generation,Wind Onshore,2026-08-13T16:47:47Z
2026-08-13T16:46:02Z,2026-08-13T18:46:02+0200,bbadff40-465f-4669-a5ab-d3c11bbfaf39,2026-07-25T19:15:00Z,2026-07-25T21:15:00+0200,4507.25,MW,FR,FR,actual_onshore_wind_generation,Wind Onshore,2026-08-13T16:47:47Z
2026-08-13T16:46:02Z,2026-08-13T18:46:02+0200,bbadff40-465f-4669-a5ab-d3c11bbfaf39,2026-07-25T19:30:00Z,2026-07-25T21:30:00+0200,4537.45,MW,FR,FR,actual_onshore_wind_generation,Wind Onshore,2026-08-13T16:47:47Z
2026-08-13T16:46:02Z,2026-08-13T18:46:02+0200,bbadff40-465f-4669-a5ab-d3c11bbfaf39,2026-07-25T19:45:00Z,2026-07-25T21:45:00+0200,4515.3,MW,FR,FR,actual_onshore_wind_generation,Wind Onshore,2026-08-13T16:47:47Z
2026-08-13T16:46:02Z,2026-08-13T18:46:02+0200,bbadff40-465f-4669-a5ab-d3c11bbfaf39,2026-07-25T20:00:00Z,2026-07-25T22:00:00+0200,4643.03,MW,FR,FR,actual_onshore_wind_generation,Wind Onshore,2026-08-13T16:47:47Z
2026-08-13T16:46:02Z,2026-08-13T18:46:02+0200,bbadff40-465f-4669-a5ab-d3c11bbfaf39,2026-07-25T20:15:00Z,2026-07-25T22:15:00+0200,4784.08,MW,FR,FR,actual_onshore_wind_generation,Wind Onshore,2026-08-13T16:47:47Z
2026-08-13T16:46:02Z,2026-08-13T18:46:02+0200,bbadff40-465f-4669-a5ab-d3c11bbfaf39,2026-07-25T20:30:00Z,2026-07-25T22:30:00+0200,4914.44,MW,FR,FR,actual_onshore_wind_generation,Wind Onshore,2026-08-13T16:47:47Z
2026-08-13T16:46:02Z,2026-08-13T18:46:02+0200,bbadff40-465f-4669-a5ab-d3c11bbfaf39,2026-07-25T20:45:00Z,2026-07-25T22:45:00+0200,5163.81,MW,FR,FR,actual_onshore_wind_generation,Wind Onshore,2026-08-13T16:47:47Z
2026-08-13T16:46:02Z,2026-08-13T18:46:02+0200,bbadff40-465f-4669-a5ab-d3c11bbfaf39,2026-07-25T21:00:00Z,2026-07-25T23:00:00+0200,5402.27,MW,FR,FR,actual_onshore_wind_generation,Wind Onshore,2026-08-13T16:47:47Z
2026-08-13T16:46:02Z,2026-08-13T18:46:02+0200,bbadff40-465f-4669-a5ab-d3c11bbfaf39,2026-07-25T21:15:00Z,2026-07-25T23:15:00+0200,5441.0,MW,FR,FR,actual_onshore_wind_generation,Wind Onshore,2026-08-13T16:47:47Z
2026-08-13T16:46:02Z,2026-08-13T18:46:02+0200,bbadff40-465f-4669-a5ab-d3c11bbfaf39,2026-07-25T21:30:00Z,2026-07-25T23:30:00+0200,5454.94,MW,FR,FR,actual_onshore_wind_generation,Wind Onshore,2026-08-13T16:47:47Z
2026-08-13T16:46:02Z,2026-08-13T18:46:02+0200,bbadff40-465f-4669-a5ab-d3c11bbfaf39,2026-07-25T21:45:00Z,2026-07-25T23:45:00+0200,5253.83,MW,FR,FR,actual_onshore_wind_generation,Wind Onshore,2026-08-13T16:47:47Z
2026-08-13T16:46:02Z,2026-08-13T18:46:02+0200,bbadff40-465f-4669-a5ab-d3c11bbfaf39,2026-07-25T22:00:00Z,2026-07-26T00:00:00+0200,5009.52,MW,FR,FR,actual_onshore_wind_generation,Wind Onshore,2026-08-13T16:47:47Z
2026-08-13T16:46:02Z,2026-08-13T18:46:02+0200,bbadff40-465f-4669-a5ab-d3c11bbfaf39,2026-07-25T22:15:00Z,2026-07-26T00:15:00+0200,4896.16,MW,FR,FR,actual_onshore_wind_generation,Wind Onshore,2026-08-13T16:47:47Z
2026-08-13T16:46:02Z,2026-08-13T18:46:02+0200,bbadff40-465f-4669-a5ab-d3c11bbfaf39,2026-07-25T22:30:00Z,2026-07-26T00:30:00+0200,5004.07,MW,FR,FR,actual_onshore_wind_generation,Wind Onshore,2026-08-13T16:47:47Z
2026-08-13T16:46:02Z,2026-08-13T18:46:02+0200,bbadff40-465f-4669-a5ab-d3c11bbfaf39,2026-07-25T22:45:00Z,2026-07-26T00:45:00+0200,5057.08,MW,FR,FR,actual_onshore_wind_generation,Wind Onshore,2026-08-13T16:47:47Z
2026-08-13T16:46:02Z,2026-08-13T18:46:02+0200,bbadff40-465f-4669-a5ab-d3c11bbfaf39,2026-07-25T23:00:00Z,2026-07-26T01:00:00+0200,4919.69,MW,FR,FR,actual_onshore_wind_generation,Wind Onshore,2026-08-13T16:47:47Z
2026-08-13T16:46:02Z,2026-08-13T18:46:02+0200,bbadff40-465f-4669-a5ab-d3c11bbfaf39,2026-07-25T23:15:00Z,2026-07-26T01:15:00+0200,4854.72,MW,FR,FR,actual_onshore_wind_generation,Wind Onshore,2026-08-13T16:47:47Z
2026-08-13T16:46:02Z,2026-08-13T18:46:02+0200,bbadff40-465f-4669-a5ab-d3c11bbfaf39,2026-07-25T23:30:00Z,2026-07-26T01:30:00+0200,4768.69,MW,FR,FR,actual_onshore_wind_generation,Wind Onshore,2026-08-13T16:47:47Z
2026-08-13T16:46:02Z,2026-08-13T18:46:02+0200,bbadff40-465f-4669-a5ab-d3c11bbfaf39,2026-07-25T23:45:00Z,2026-07-26T01:45:00+0200,4688.51,MW,FR,FR,actual_onshore_wind_generation,Wind Onshore,2026-08-13T16:47:47Z
2026-08-13T16:46:02Z,2026-08-13T18:46:02+0200,bbadff40-465f-4669-a5ab-d3c11bbfaf39,2026-07-26T00:00:00Z,2026-07-26T02:00:00+0200,4650.2,MW,FR,FR,actual_onshore_wind_generation,Wind Onshore,2026-08-13T16:47:47Z
2026-08-13T16:46:02Z,2026-08-13T18:46:02+0200,bbadff40-465f-4669-a5ab-d3c11bbfaf39,2026-07-26T00:15:00Z,2026-07-26T02:15:00+0200,4649.01,MW,FR,FR,actual_onshore_wind_generation,Wind Onshore,2026-08-13T16:47:47Z
2026-08-13T16:46:02Z,2026-08-13T18:46:02+0200,bbadff40-465f-4669-a5ab-d3c11bbfaf39,2026-07-26T00:30:00Z,2026-07-26T02:30:00+0200,4569.1,MW,FR,FR,actual_onshore_wind_generation,Wind Onshore,2026-08-13T16:47:47Z
2026-08-13T16:46:02Z,2026-08-13T18:46:02+0200,bbadff40-465f-4669-a5ab-d3c11bbfaf39,2026-07-26T00:45:00Z,2026-07-26T02:45:00+0200,4478.6,MW,FR,FR,actual_onshore_wind_generation,Wind Onshore,2026-08-13T16:47:47Z
2026-08-13T16:46:02Z,2026-08-13T18:46:02+0200,bbadff40-465f-4669-a5ab-d3c11bbfaf39,2026-07-26T01:00:00Z,2026-07-26T03:00:00+0200,4310.51,MW,FR,FR,actual_onshore_wind_generation,Wind Onshore,2026-08-13T16:47:47Z
2026-08-13T16:46:02Z,2026-08-13T18:46:02+0200,bbadff40-465f-4669-a5ab-d3c11bbfaf39,2026-07-26T01:15:00Z,2026-07-26T03:15:00+0200,4254.58,MW,FR,FR,actual_onshore_wind_generation,Wind Onshore,2026-08-13T16:47:47Z
2026-08-13T16:46:02Z,2026-08-13T18:46:02+0200,bbadff40-465f-4669-a5ab-d3c11bbfaf39,2026-07-26T01:30:00Z,2026-07-26T03:30:00+0200,4139.53,MW,FR,FR,actual_onshore_wind_generation,Wind Onshore,2026-08-13T16:47:47Z
2026-08-13T16:46:02Z,2026-08-13T18:46:02+0200,bbadff40-465f-4669-a5ab-d3c11bbfaf39,2026-07-26T01:45:00Z,2026-07-26T03:45:00+0200,4104.16,MW,FR,FR,actual_onshore_wind_generation,Wind Onshore,2026-08-13T16:47:47Z
2026-08-13T16:46:02Z,2026-08-13T18:46:02+0200,bbadff40-465f-4669-a5ab-d3c11bbfaf39,2026-07-26T02:00:00Z,2026-07-26T04:00:00+0200,4046.85,MW,FR,FR,actual_onshore_wind_generation,Wind Onshore,2026-08-13T16:47:47Z
2026-08-13T16:46:02Z,2026-08-13T18:46:02+0200,bbadff40-465f-4669-a5ab-d3c11bbfaf39,2026-07-26T02:15:00Z,2026-07-26T04:15:00+0200,4046.58,MW,FR,FR,actual_onshore_wind_generation,Wind Onshore,2026-08-13T16:47:47Z
2026-08-13T16:46:02Z,2026-08-13T18:46:02+0200,bbadff40-465f-4669-a5ab-d3c11bbfaf39,2026-07-26T02:30:00Z,2026-07-26T04:30:00+0200,4108.27,MW,FR,FR,actual_onshore_wind_generation,Wind Onshore,2026-08-13T16:47:47Z
2026-08-13T16:46:02Z,2026-08-13T18:46:02+0200,bbadff40-465f-4669-a5ab-d3c11bbfaf39,2026-07-26T02:45:00Z,2026-07-26T04:45:00+0200,4205.24,MW,FR,FR,actual_onshore_wind_generation,Wind Onshore,2026-08-13T16:47:47Z
2026-08-13T16:46:02Z,2026-08-13T18:46:02+0200,bbadff40-465f-4669-a5ab-d3c11bbfaf39,2026-07-26T03:00:00Z,2026-07-26T05:00:00+0200,4374.56,MW,FR,FR,actual_onshore_wind_generation,Wind Onshore,2026-08-13T16:47:47Z
2026-08-13T16:46:02Z,2026-08-13T18:46:02+0200,bbadff40-465f-4669-a5ab-d3c11bbfaf39,2026-07-26T03:15:00Z,2026-07-26T05:15:00+0200,4459.83,MW,FR,FR,actual_onshore_wind_generation,Wind Onshore,2026-08-13T16:47:47Z
2026-08-13T16:46:02Z,2026-08-13T18:46:02+0200,bbadff40-465f-4669-a5ab-d3c11bbfaf39,2026-07-26T03:30:00Z,2026-07-26T05:30:00+0200,4546.71,MW,FR,FR,actual_onshore_wind_generation,Wind Onshore,2026-08-13T16:47:47Z
2026-08-13T16:46:02Z,2026-08-13T18:46:02+0200,bbadff40-465f-4669-a5ab-d3c11bbfaf39,2026-07-26T03:45:00Z,2026-07-26T05:45:00+0200,4782.54,MW,FR,FR,actual_onshore_wind_generation,Wind Onshore,2026-08-13T16:47:47Z
2026-08-13T16:46:02Z,2026-08-13T18:46:02+0200,bbadff40-465f-4669-a5ab-d3c11bbfaf39,2026-07-26T04:00:00Z,2026-07-26T06:00:00+0200,4960.57,MW,FR,FR,actual_onshore_wind_generation,Wind Onshore,2026-08-13T16:47:47Z
2026-08-13T16:46:02Z,2026-08-13T18:46:02+0200,bbadff40-465f-4669-a5ab-d3c11bbfaf39,2026-07-26T04:15:00Z,2026-07-26T06:15:00+0200,5085.9,MW,FR,FR,actual_onshore_wind_generation,Wind Onshore,2026-08-13T16:47:47Z
2026-08-13T16:46:02Z,2026-08-13T18:46:02+0200,bbadff40-465f-4669-a5ab-d3c11bbfaf39,2026-07-26T04:30:00Z,2026-07-26T06:30:00+0200,5128.13,MW,FR,FR,actual_onshore_wind_generation,Wind Onshore,2026-08-13T16:47:47Z
2026-08-13T16:46:02Z,2026-08-13T18:46:02+0200,bbadff40-465f-4669-a5ab-d3c11bbfaf39,2026-07-26T04:45:00Z,2026-07-26T06:45:00+0200,5203.8,MW,FR,FR,actual_onshore_wind_generation,Wind Onshore,2026-08-13T16:47:47Z
2026-08-13T16:46:02Z,2026-08-13T18:46:02+0200,bbadff40-465f-4669-a5ab-d3c11bbfaf39,2026-07-26T05:00:00Z,2026-07-26T07:00:00+0200,5337.7,MW,FR,FR,actual_onshore_wind_generation,Wind Onshore,2026-08-13T16:47:47Z
2026-08-13T16:46:02Z,2026-08-13T18:46:02+0200,bbadff40-465f-4669-a5ab-d3c11bbfaf39,2026-07-26T05:15:00Z,2026-07-26T07:15:00+0200,5291.48,MW,FR,FR,actual_onshore_wind_generation,Wind Onshore,2026-08-13T16:47:47Z
2026-08-13T16:46:02Z,2026-08-13T18:46:02+0200,bbadff40-465f-4669-a5ab-d3c11bbfaf39,2026-07-26T05:30:00Z,2026-07-26T07:30:00+0200,5236.11,MW,FR,FR,actual_onshore_wind_generation,Wind Onshore,2026-08-13T16:47:47Z
2026-08-13T16:46:02Z,2026-08-13T18:46:02+0200,bbadff40-465f-4669-a5ab-d3c11bbfaf39,2026-07-26T05:45:00Z,2026-07-26T07:45:00+0200,5142.33,MW,FR,FR,actual_onshore_wind_generation,Wind Onshore,2026-08-13T16:47:47Z
2026-08-13T16:46:02Z,2026-08-13T18:46:02+0200,bbadff40-465f-4669-a5ab-d3c11bbfaf39,2026-07-26T06:00:00Z,2026-07-26T08:00:00+0200,5028.21,MW,FR,FR,actual_onshore_wind_generation,Wind Onshore,2026-08-13T16:47:47Z
2026-08-13T16:46:02Z,2026-08-13T18:46:02+0200,bbadff40-465f-4669-a5ab-d3c11bbfaf39,2026-07-26T06:15:00Z,2026-07-26T08:15:00+0200,4986.57,MW,FR,FR,actual_onshore_wind_generation,Wind Onshore,2026-08-13T16:47:47Z
2026-08-13T16:46:02Z,2026-08-13T18:46:02+0200,bbadff40-465f-4669-a5ab-d3c11bbfaf39,2026-07-26T06:30:00Z,2026-07-26T08:30:00+0200,4913.53,MW,FR,FR,actual_onshore_wind_generation,Wind Onshore,2026-08-13T16:47:47Z
2026-08-13T16:46:02Z,2026-08-13T18:46:02+0200,bbadff40-465f-4669-a5ab-d3c11bbfaf39,2026-07-26T06:45:00Z,2026-07-26T08:45:00+0200,5048.28,MW,FR,FR,actual_onshore_wind_generation,Wind Onshore,2026-08-13T16:47:47Z
2026-08-13T16:46:02Z,2026-08-13T18:46:02+0200,bbadff40-465f-4669-a5ab-d3c11bbfaf39,2026-07-26T07:00:00Z,2026-07-26T09:00:00+0200,4617.93,MW,FR,FR,actual_onshore_wind_generation,Wind Onshore,2026-08-13T16:47:47Z
2026-08-13T16:46:02Z,2026-08-13T18:46:02+0200,bbadff40-465f-4669-a5ab-d3c11bbfaf39,2026-07-26T07:15:00Z,2026-07-26T09:15:00+0200,3619.1,MW,FR,FR,actual_onshore_wind_generation,Wind Onshore,2026-08-13T16:47:47Z
2026-08-13T16:46:02Z,2026-08-13T18:46:02+0200,bbadff40-465f-4669-a5ab-d3c11bbfaf39,2026-07-26T07:30:00Z,2026-07-26T09:30:00+0200,3378.12,MW,FR,FR,actual_onshore_wind_generation,Wind Onshore,2026-08-13T16:47:47Z
2026-08-13T16:46:02Z,2026-08-13T18:46:02+0200,bbadff40-465f-4669-a5ab-d3c11bbfaf39,2026-07-26T07:45:00Z,2026-07-26T09:45:00+0200,2968.03,MW,FR,FR,actual_onshore_wind_generation,Wind Onshore,2026-08-13T16:47:47Z
2026-08-13T16:46:02Z,2026-08-13T18:46:02+0200,bbadff40-465f-4669-a5ab-d3c11bbfaf39,2026-07-26T08:00:00Z,2026-07-26T10:00:00+0200,2913.68,MW,FR,FR,actual_onshore_wind_generation,Wind Onshore,2026-08-13T16:47:47Z
2026-08-13T16:46:02Z,2026-08-13T18:46:02+0200,bbadff40-465f-4669-a5ab-d3c11bbfaf39,2026-07-26T08:15:00Z,2026-07-26T10:15:00+0200,3064.93,MW,FR,FR,actual_onshore_wind_generation,Wind Onshore,2026-08-13T16:47:47Z
2026-08-13T16:46:02Z,2026-08-13T18:46:02+0200,bbadff40-465f-4669-a5ab-d3c11bbfaf39,2026-07-26T08:30:00Z,2026-07-26T10:30:00+0200,3246.57,MW,FR,FR,actual_onshore_wind_generation,Wind Onshore,2026-08-13T16:47:47Z
2026-08-13T16:46:02Z,2026-08-13T18:46:02+0200,bbadff40-465f-4669-a5ab-d3c11bbfaf39,2026-07-26T08:45:00Z,2026-07-26T10:45:00+0200,3398.32,MW,FR,FR,actual_onshore_wind_generation,Wind Onshore,2026-08-13T16:47:47Z
2026-08-13T16:46:02Z,2026-08-13T18:46:02+0200,bbadff40-465f-4669-a5ab-d3c11bbfaf39,2026-07-26T09:00:00Z,2026-07-26T11:00:00+0200,4145.0,MW,FR,FR,actual_onshore_wind_generation,Wind Onshore,2026-08-13T16:47:47Z
2026-08-13T16:46:02Z,2026-08-13T18:46:02+0200,bbadff40-465f-4669-a5ab-d3c11bbfaf39,2026-07-26T09:15:00Z,2026-07-26T11:15:00+0200,4747.77,MW,FR,FR,actual_onshore_wind_generation,Wind Onshore,2026-08-13T16:47:47Z
2026-08-13T16:46:02Z,2026-08-13T18:46:02+0200,bbadff40-465f-4669-a5ab-d3c11bbfaf39,2026-07-26T09:30:00Z,2026-07-26T11:30:00+0200,4634.64,MW,FR,FR,actual_onshore_wind_generation,Wind Onshore,2026-08-13T16:47:47Z
2026-08-13T16:46:02Z,2026-08-13T18:46:02+0200,bbadff40-465f-4669-a5ab-d3c11bbfaf39,2026-07-26T09:45:00Z,2026-07-26T11:45:00+0200,4681.41,MW,FR,FR,actual_onshore_wind_generation,Wind Onshore,2026-08-13T16:47:47Z
2026-08-13T16:46:02Z,2026-08-13T18:46:02+0200,bbadff40-465f-4669-a5ab-d3c11bbfaf39,2026-07-26T10:00:00Z,2026-07-26T12:00:00+0200,5170.74,MW,FR,FR,actual_onshore_wind_generation,Wind Onshore,2026-08-13T16:47:47Z
2026-08-13T16:46:02Z,2026-08-13T18:46:02+0200,bbadff40-465f-4669-a5ab-d3c11bbfaf39,2026-07-26T10:15:00Z,2026-07-26T12:15:00+0200,5462.9,MW,FR,FR,actual_onshore_wind_generation,Wind Onshore,2026-08-13T16:47:47Z
2026-08-13T16:46:02Z,2026-08-13T18:46:02+0200,bbadff40-465f-4669-a5ab-d3c11bbfaf39,2026-07-26T10:30:00Z,2026-07-26T12:30:00+0200,5388.35,MW,FR,FR,actual_onshore_wind_generation,Wind Onshore,2026-08-13T16:47:47Z
2026-08-13T16:46:02Z,2026-08-13T18:46:02+0200,bbadff40-465f-4669-a5ab-d3c11bbfaf39,2026-07-26T10:45:00Z,2026-07-26T12:45:00+0200,5075.95,MW,FR,FR,actual_onshore_wind_generation,Wind Onshore,2026-08-13T16:47:47Z
2026-08-13T16:46:02Z,2026-08-13T18:46:02+0200,bbadff40-465f-4669-a5ab-d3c11bbfaf39,2026-07-26T11:00:00Z,2026-07-26T13:00:00+0200,4110.81,MW,FR,FR,actual_onshore_wind_generation,Wind Onshore,2026-08-13T16:47:47Z
2026-08-13T16:46:02Z,2026-08-13T18:46:02+0200,bbadff40-465f-4669-a5ab-d3c11bbfaf39,2026-07-26T11:15:00Z,2026-07-26T13:15:00+0200,3738.46,MW,FR,FR,actual_onshore_wind_generation,Wind Onshore,2026-08-13T16:47:47Z
2026-08-13T16:46:02Z,2026-08-13T18:46:02+0200,bbadff40-465f-4669-a5ab-d3c11bbfaf39,2026-07-26T11:30:00Z,2026-07-26T13:30:00+0200,3322.39,MW,FR,FR,actual_onshore_wind_generation,Wind Onshore,2026-08-13T16:47:47Z
2026-08-13T16:46:02Z,2026-08-13T18:46:02+0200,bbadff40-465f-4669-a5ab-d3c11bbfaf39,2026-07-26T11:45:00Z,2026-07-26T13:45:00+0200,3326.88,MW,FR,FR,actual_onshore_wind_generation,Wind Onshore,2026-08-13T16:47:47Z
2026-08-13T16:46:02Z,2026-08-13T18:46:02+0200,bbadff40-465f-4669-a5ab-d3c11bbfaf39,2026-07-26T12:00:00Z,2026-07-26T14:00:00+0200,3436.73,MW,FR,FR,actual_onshore_wind_generation,Wind Onshore,2026-08-13T16:47:47Z
2026-08-13T16:46:02Z,2026-08-13T18:46:02+0200,bbadff40-465f-4669-a5ab-d3c11bbfaf39,2026-07-26T12:15:00Z,2026-07-26T14:15:00+0200,3445.69,MW,FR,FR,actual_onshore_wind_generation,Wind Onshore,2026-08-13T16:47:47Z
2026-08-13T16:46:02Z,2026-08-13T18:46:02+0200,bbadff40-465f-4669-a5ab-d3c11bbfaf39,2026-07-26T12:30:00Z,2026-07-26T14:30:00+0200,3482.66,MW,FR,FR,actual_onshore_wind_generation,Wind Onshore,2026-08-13T16:47:47Z
2026-08-13T16:46:02Z,2026-08-13T18:46:02+0200,bbadff40-465f-4669-a5ab-d3c11bbfaf39,2026-07-26T12:45:00Z,2026-07-26T14:45:00+0200,3500.79,MW,FR,FR,actual_onshore_wind_generation,Wind Onshore,2026-08-13T16:47:47Z
2026-08-13T16:46:02Z,2026-08-13T18:46:02+0200,bbadff40-465f-4669-a5ab-d3c11bbfaf39,2026-07-26T13:00:00Z,2026-07-26T15:00:00+0200,3568.65,MW,FR,FR,actual_onshore_wind_generation,Wind Onshore,2026-08-13T16:47:47Z
2026-08-13T16:46:02Z,2026-08-13T18:46:02+0200,bbadff40-465f-4669-a5ab-d3c11bbfaf39,2026-07-26T13:15:00Z,2026-07-26T15:15:00+0200,3594.59,MW,FR,FR,actual_onshore_wind_generation,Wind Onshore,2026-08-13T16:47:47Z
2026-08-13T16:46:02Z,2026-08-13T18:46:02+0200,bbadff40-465f-4669-a5ab-d3c11bbfaf39,2026-07-26T13:30:00Z,2026-07-26T15:30:00+0200,3605.55,MW,FR,FR,actual_onshore_wind_generation,Wind Onshore,2026-08-13T16:47:47Z
2026-08-13T16:46:02Z,2026-08-13T18:46:02+0200,bbadff40-465f-4669-a5ab-d3c11bbfaf39,2026-07-26T13:45:00Z,2026-07-26T15:45:00+0200,3594.15,MW,FR,FR,actual_onshore_wind_generation,Wind Onshore,2026-08-13T16:47:47Z
2026-08-13T16:46:02Z,2026-08-13T18:46:02+0200,bbadff40-465f-4669-a5ab-d3c11bbfaf39,2026-07-26T14:00:00Z,2026-07-26T16:00:00+0200,3557.39,MW,FR,FR,actual_onshore_wind_generation,Wind Onshore,2026-08-13T16:47:47Z
2026-08-13T16:46:02Z,2026-08-13T18:46:02+0200,bbadff40-465f-4669-a5ab-d3c11bbfaf39,2026-07-26T14:15:00Z,2026-07-26T16:15:00+0200,3610.53,MW,FR,FR,actual_onshore_wind_generation,Wind Onshore,2026-08-13T16:47:47Z
2026-08-13T16:46:02Z,2026-08-13T18:46:02+0200,bbadff40-465f-4669-a5ab-d3c11bbfaf39,2026-07-26T14:30:00Z,2026-07-26T16:30:00+0200,3695.04,MW,FR,FR,actual_onshore_wind_generation,Wind Onshore,2026-08-13T16:47:47Z
2026-08-13T16:46:02Z,2026-08-13T18:46:02+0200,bbadff40-465f-4669-a5ab-d3c11bbfaf39,2026-07-26T14:45:00Z,2026-07-26T16:45:00+0200,3747.53,MW,FR,FR,actual_onshore_wind_generation,Wind Onshore,2026-08-13T16:47:47Z
2026-08-13T16:46:02Z,2026-08-13T18:46:02+0200,bbadff40-465f-4669-a5ab-d3c11bbfaf39,2026-07-26T15:00:00Z,2026-07-26T17:00:00+0200,3752.73,MW,FR,FR,actual_onshore_wind_generation,Wind Onshore,2026-08-13T16:47:47Z
2026-08-13T16:46:02Z,2026-08-13T18:46:02+0200,bbadff40-465f-4669-a5ab-d3c11bbfaf39,2026-07-26T15:15:00Z,2026-07-26T17:15:00+0200,3712.09,MW,FR,FR,actual_onshore_wind_generation,Wind Onshore,2026-08-13T16:47:47Z
2026-08-13T16:46:02Z,2026-08-13T18:46:02+0200,bbadff40-465f-4669-a5ab-d3c11bbfaf39,2026-07-26T15:30:00Z,2026-07-26T17:30:00+0200,4465.44,MW,FR,FR,actual_onshore_wind_generation,Wind Onshore,2026-08-13T16:47:47Z
2026-08-13T16:46:02Z,2026-08-13T18:46:02+0200,bbadff40-465f-4669-a5ab-d3c11bbfaf39,2026-07-26T15:45:00Z,2026-07-26T17:45:00+0200,5620.82,MW,FR,FR,actual_onshore_wind_generation,Wind Onshore,2026-08-13T16:47:47Z
2026-08-13T16:46:02Z,2026-08-13T18:46:02+0200,bbadff40-465f-4669-a5ab-d3c11bbfaf39,2026-07-26T16:00:00Z,2026-07-26T18:00:00+0200,7318.78,MW,FR,FR,actual_onshore_wind_generation,Wind Onshore,2026-08-13T16:47:47Z
2026-08-13T16:46:02Z,2026-08-13T18:46:02+0200,bbadff40-465f-4669-a5ab-d3c11bbfaf39,2026-07-26T16:15:00Z,2026-07-26T18:15:00+0200,8288.75,MW,FR,FR,actual_onshore_wind_generation,Wind Onshore,2026-08-13T16:47:47Z
2026-08-13T16:46:02Z,2026-08-13T18:46:02+0200,bbadff40-465f-4669-a5ab-d3c11bbfaf39,2026-07-26T16:30:00Z,2026-07-26T18:30:00+0200,8395.99,MW,FR,FR,actual_onshore_wind_generation,Wind Onshore,2026-08-13T16:47:47Z
2026-08-13T16:46:02Z,2026-08-13T18:46:02+0200,bbadff40-465f-4669-a5ab-d3c11bbfaf39,2026-07-26T16:45:00Z,2026-07-26T18:45:00+0200,10710.85,MW,FR,FR,actual_onshore_wind_generation,Wind Onshore,2026-08-13T16:47:47Z
2026-08-13T16:46:02Z,2026-08-13T18:46:02+0200,bbadff40-465f-4669-a5ab-d3c11bbfaf39,2026-07-26T17:00:00Z,2026-07-26T19:00:00+0200,12694.65,MW,FR,FR,actual_onshore_wind_generation,Wind Onshore,2026-08-13T16:47:47Z
2026-08-13T16:46:02Z,2026-08-13T18:46:02+0200,bbadff40-465f-4669-a5ab-d3c11bbfaf39,2026-07-26T17:15:00Z,2026-07-26T19:15:00+0200,12737.95,MW,FR,FR,actual_onshore_wind_generation,Wind Onshore,2026-08-13T16:47:47Z
2026-08-13T16:46:02Z,2026-08-13T18:46:02+0200,bbadff40-465f-4669-a5ab-d3c11bbfaf39,2026-07-26T17:30:00Z,2026-07-26T19:30:00+0200,12514.87,MW,FR,FR,actual_onshore_wind_generation,Wind Onshore,2026-08-13T16:47:47Z
2026-08-13T16:46:02Z,2026-08-13T18:46:02+0200,bbadff40-465f-4669-a5ab-d3c11bbfaf39,2026-07-26T17:45:00Z,2026-07-26T19:45:00+0200,12331.72,MW,FR,FR,actual_onshore_wind_generation,Wind Onshore,2026-08-13T16:47:47Z
2026-08-13T16:46:02Z,2026-08-13T18:46:02+0200,bbadff40-465f-4669-a5ab-d3c11bbfaf39,2026-07-26T18:00:00Z,2026-07-26T20:00:00+0200,11807.04,MW,FR,FR,actual_onshore_wind_generation,Wind Onshore,2026-08-13T16:47:47Z
2026-08-13T16:46:02Z,2026-08-13T18:46:02+0200,bbadff40-465f-4669-a5ab-d3c11bbfaf39,2026-07-26T18:15:00Z,2026-07-26T20:15:00+0200,11597.63,MW,FR,FR,actual_onshore_wind_generation,Wind Onshore,2026-08-13T16:47:47Z
2026-08-13T16:46:02Z,2026-08-13T18:46:02+0200,bbadff40-465f-4669-a5ab-d3c11bbfaf39,2026-07-26T18:30:00Z,2026-07-26T20:30:00+0200,11338.13,MW,FR,FR,actual_onshore_wind_generation,Wind Onshore,2026-08-13T16:47:47Z
2026-08-13T16:46:02Z,2026-08-13T18:46:02+0200,bbadff40-465f-4669-a5ab-d3c11bbfaf39,2026-07-26T18:45:00Z,2026-07-26T20:45:00+0200,10837.11,MW,FR,FR,actual_onshore_wind_generation,Wind Onshore,2026-08-13T16:47:47Z
2026-08-13T16:46:02Z,2026-08-13T18:46:02+0200,bbadff40-465f-4669-a5ab-d3c11bbfaf39,2026-07-26T19:00:00Z,2026-07-26T21:00:00+0200,10442.89,MW,FR,FR,actual_onshore_wind_generation,Wind Onshore,2026-08-13T16:47:47Z
2026-08-13T16:46:02Z,2026-08-13T18:46:02+0200,bbadff40-465f-4669-a5ab-d3c11bbfaf39,2026-07-26T19:15:00Z,2026-07-26T21:15:00+0200,10065.89,MW,FR,FR,actual_onshore_wind_generation,Wind Onshore,2026-08-13T16:47:47Z
2026-08-13T16:46:02Z,2026-08-13T18:46:02+0200,bbadff40-465f-4669-a5ab-d3c11bbfaf39,2026-07-26T19:30:00Z,2026-07-26T21:30:00+0200,9812.79,MW,FR,FR,actual_onshore_wind_generation,Wind Onshore,2026-08-13T16:47:47Z
2026-08-13T16:46:02Z,2026-08-13T18:46:02+0200,bbadff40-465f-4669-a5ab-d3c11bbfaf39,2026-07-26T19:45:00Z,2026-07-26T21:45:00+0200,9588.42,MW,FR,FR,actual_onshore_wind_generation,Wind Onshore,2026-08-13T16:47:47Z
2026-08-13T16:46:02Z,2026-08-13T18:46:02+0200,bbadff40-465f-4669-a5ab-d3c11bbfaf39,2026-07-26T20:00:00Z,2026-07-26T22:00:00+0200,9156.11,MW,FR,FR,actual_onshore_wind_generation,Wind Onshore,2026-08-13T16:47:47Z
2026-08-13T16:46:02Z,2026-08-13T18:46:02+0200,bbadff40-465f-4669-a5ab-d3c11bbfaf39,2026-07-26T20:15:00Z,2026-07-26T22:15:00+0200,8837.7,MW,FR,FR,actual_onshore_wind_generation,Wind Onshore,2026-08-13T16:47:47Z
2026-08-13T16:46:02Z,2026-08-13T18:46:02+0200,bbadff40-465f-4669-a5ab-d3c11bbfaf39,2026-07-26T20:30:00Z,2026-07-26T22:30:00+0200,8650.18,MW,FR,FR,actual_onshore_wind_generation,Wind Onshore,2026-08-13T16:47:47Z
2026-08-13T16:46:02Z,2026-08-13T18:46:02+0200,bbadff40-465f-4669-a5ab-d3c11bbfaf39,2026-07-26T20:45:00Z,2026-07-26T22:45:00+0200,8499.77,MW,FR,FR,actual_onshore_wind_generation,Wind Onshore,2026-08-13T16:47:47Z
2026-08-13T16:46:02Z,2026-08-13T18:46:02+0200,bbadff40-465f-4669-a5ab-d3c11bbfaf39,2026-07-26T21:00:00Z,2026-07-26T23:00:00+0200,8276.74,MW,FR,FR,actual_onshore_wind_generation,Wind Onshore,2026-08-13T16:47:47Z
2026-08-13T16:46:02Z,2026-08-13T18:46:02+0200,bbadff40-465f-4669-a5ab-d3c11bbfaf39,2026-07-26T21:15:00Z,2026-07-26T23:15:00+0200,8255.67,MW,FR,FR,actual_onshore_wind_generation,Wind Onshore,2026-08-13T16:47:47Z
2026-08-13T16:46:02Z,2026-08-13T18:46:02+0200,bbadff40-465f-4669-a5ab-d3c11bbfaf39,2026-07-26T21:30:00Z,2026-07-26T23:30:00+0200,8058.33,MW,FR,FR,actual_onshore_wind_generation,Wind Onshore,2026-08-13T16:47:47Z
2026-08-13T16:46:02Z,2026-08-13T18:46:02+0200,bbadff40-465f-4669-a5ab-d3c11bbfaf39,2026-07-26T21:45:00Z,2026-07-26T23:45:00+0200,7838.27,MW,FR,FR,actual_onshore_wind_generation,Wind Onshore,2026-08-13T16:47:47Z
2026-08-13T16:46:02Z,2026-08-13T18:46:02+0200,bbadff40-465f-4669-a5ab-d3c11bbfaf39,2026-07-26T22:00:00Z,2026-07-27T00:00:00+0200,7600.31,MW,FR,FR,actual_onshore_wind_generation,Wind Onshore,2026-08-13T16:47:47Z
2026-08-13T16:46:02Z,2026-08-13T18:46:02+0200,bbadff40-465f-4669-a5ab-d3c11bbfaf39,2026-07-26T22:15:00Z,2026-07-27T00:15:00+0200,7525.16,MW,FR,FR,actual_onshore_wind_generation,Wind Onshore,2026-08-13T16:47:47Z
2026-08-13T16:46:02Z,2026-08-13T18:46:02+0200,bbadff40-465f-4669-a5ab-d3c11bbfaf39,2026-07-26T22:30:00Z,2026-07-27T00:30:00+0200,7561.33,MW,FR,FR,actual_onshore_wind_generation,Wind Onshore,2026-08-13T16:47:47Z
2026-08-13T16:46:02Z,2026-08-13T18:46:02+0200,bbadff40-465f-4669-a5ab-d3c11bbfaf39,2026-07-26T22:45:00Z,2026-07-27T00:45:00+0200,7502.9,MW,FR,FR,actual_onshore_wind_generation,Wind Onshore,2026-08-13T16:47:47Z
2026-08-13T16:46:02Z,2026-08-13T18:46:02+0200,bbadff40-465f-4669-a5ab-d3c11bbfaf39,2026-07-26T23:00:00Z,2026-07-27T01:00:00+0200,7366.39,MW,FR,FR,actual_onshore_wind_generation,Wind Onshore,2026-08-13T16:47:47Z
2026-08-13T16:46:02Z,2026-08-13T18:46:02+0200,bbadff40-465f-4669-a5ab-d3c11bbfaf39,2026-07-26T23:15:00Z,2026-07-27T01:15:00+0200,7244.3,MW,FR,FR,actual_onshore_wind_generation,Wind Onshore,2026-08-13T16:47:47Z
2026-08-13T16:46:02Z,2026-08-13T18:46:02+0200,bbadff40-465f-4669-a5ab-d3c11bbfaf39,2026-07-26T23:30:00Z,2026-07-27T01:30:00+0200,7151.13,MW,FR,FR,actual_onshore_wind_generation,Wind Onshore,2026-08-13T16:47:47Z
2026-08-13T16:46:02Z,2026-08-13T18:46:02+0200,bbadff40-465f-4669-a5ab-d3c11bbfaf39,2026-07-26T23:45:00Z,2026-07-27T01:45:00+0200,6835.25,MW,FR,FR,actual_onshore_wind_generation,Wind Onshore,2026-08-13T16:47:47Z
2026-08-13T16:46:02Z,2026-08-13T18:46:02+0200,bbadff40-465f-4669-a5ab-d3c11bbfaf39,2026-07-27T00:00:00Z,2026-07-27T02:00:00+0200,6655.33,MW,FR,FR,actual_onshore_wind_generation,Wind Onshore,2026-08-13T16:47:47Z
2026-08-13T16:46:02Z,2026-08-13T18:46:02+0200,bbadff40-465f-4669-a5ab-d3c11bbfaf39,2026-07-27T00:15:00Z,2026-07-27T02:15:00+0200,6364.65,MW,FR,FR,actual_onshore_wind_generation,Wind Onshore,2026-08-13T16:47:47Z
2026-08-13T16:46:02Z,2026-08-13T18:46:02+0200,bbadff40-465f-4669-a5ab-d3c11bbfaf39,2026-07-27T00:30:00Z,2026-07-27T02:30:00+0200,6097.88,MW,FR,FR,actual_onshore_wind_generation,Wind Onshore,2026-08-13T16:47:47Z
2026-08-13T16:46:02Z,2026-08-13T18:46:02+0200,bbadff40-465f-4669-a5ab-d3c11bbfaf39,2026-07-27T00:45:00Z,2026-07-27T02:45:00+0200,5868.63,MW,FR,FR,actual_onshore_wind_generation,Wind Onshore,2026-08-13T16:47:47Z
2026-08-13T16:46:02Z,2026-08-13T18:46:02+0200,bbadff40-465f-4669-a5ab-d3c11bbfaf39,2026-07-27T01:00:00Z,2026-07-27T03:00:00+0200,5789.68,MW,FR,FR,actual_onshore_wind_generation,Wind Onshore,2026-08-13T16:47:47Z
2026-08-13T16:46:02Z,2026-08-13T18:46:02+0200,bbadff40-465f-4669-a5ab-d3c11bbfaf39,2026-07-27T01:15:00Z,2026-07-27T03:15:00+0200,5725.0,MW,FR,FR,actual_onshore_wind_generation,Wind Onshore,2026-08-13T16:47:47Z
2026-08-13T16:46:02Z,2026-08-13T18:46:02+0200,bbadff40-465f-4669-a5ab-d3c11bbfaf39,2026-07-27T01:30:00Z,2026-07-27T03:30:00+0200,5559.71,MW,FR,FR,actual_onshore_wind_generation,Wind Onshore,2026-08-13T16:47:47Z
2026-08-13T16:46:02Z,2026-08-13T18:46:02+0200,bbadff40-465f-4669-a5ab-d3c11bbfaf39,2026-07-27T01:45:00Z,2026-07-27T03:45:00+0200,5470.61,MW,FR,FR,actual_onshore_wind_generation,Wind Onshore,2026-08-13T16:47:47Z
2026-08-13T16:46:02Z,2026-08-13T18:46:02+0200,bbadff40-465f-4669-a5ab-d3c11bbfaf39,2026-07-27T02:00:00Z,2026-07-27T04:00:00+0200,5257.84,MW,FR,FR,actual_onshore_wind_generation,Wind Onshore,2026-08-13T16:47:47Z
2026-08-13T16:46:02Z,2026-08-13T18:46:02+0200,bbadff40-465f-4669-a5ab-d3c11bbfaf39,2026-07-27T02:15:00Z,2026-07-27T04:15:00+0200,4973.3,MW,FR,FR,actual_onshore_wind_generation,Wind Onshore,2026-08-13T16:47:47Z
2026-08-13T16:46:02Z,2026-08-13T18:46:02+0200,bbadff40-465f-4669-a5ab-d3c11bbfaf39,2026-07-27T02:30:00Z,2026-07-27T04:30:00+0200,4734.3,MW,FR,FR,actual_onshore_wind_generation,Wind Onshore,2026-08-13T16:47:47Z
2026-08-13T16:46:02Z,2026-08-13T18:46:02+0200,bbadff40-465f-4669-a5ab-d3c11bbfaf39,2026-07-27T02:45:00Z,2026-07-27T04:45:00+0200,4509.5,MW,FR,FR,actual_onshore_wind_generation,Wind Onshore,2026-08-13T16:47:47Z
2026-08-13T16:46:02Z,2026-08-13T18:46:02+0200,bbadff40-465f-4669-a5ab-d3c11bbfaf39,2026-07-27T03:00:00Z,2026-07-27T05:00:00+0200,4234.52,MW,FR,FR,actual_onshore_wind_generation,Wind Onshore,2026-08-13T16:47:47Z
2026-08-13T16:46:02Z,2026-08-13T18:46:02+0200,bbadff40-465f-4669-a5ab-d3c11bbfaf39,2026-07-27T03:15:00Z,2026-07-27T05:15:00+0200,4017.62,MW,FR,FR,actual_onshore_wind_generation,Wind Onshore,2026-08-13T16:47:47Z
2026-08-13T16:46:02Z,2026-08-13T18:46:02+0200,bbadff40-465f-4669-a5ab-d3c11bbfaf39,2026-07-27T03:30:00Z,2026-07-27T05:30:00+0200,3858.86,MW,FR,FR,actual_onshore_wind_generation,Wind Onshore,2026-08-13T16:47:47Z
2026-08-13T16:46:02Z,2026-08-13T18:46:02+0200,bbadff40-465f-4669-a5ab-d3c11bbfaf39,2026-07-27T03:45:00Z,2026-07-27T05:45:00+0200,3773.47,MW,FR,FR,actual_onshore_wind_generation,Wind Onshore,2026-08-13T16:47:47Z
2026-08-13T16:46:02Z,2026-08-13T18:46:02+0200,bbadff40-465f-4669-a5ab-d3c11bbfaf39,2026-07-27T04:00:00Z,2026-07-27T06:00:00+0200,3761.7,MW,FR,FR,actual_onshore_wind_generation,Wind Onshore,2026-08-13T16:47:47Z
2026-08-13T16:46:02Z,2026-08-13T18:46:02+0200,bbadff40-465f-4669-a5ab-d3c11bbfaf39,2026-07-27T04:15:00Z,2026-07-27T06:15:00+0200,3707.68,MW,FR,FR,actual_onshore_wind_generation,Wind Onshore,2026-08-13T16:47:47Z
2026-08-13T16:46:02Z,2026-08-13T18:46:02+0200,bbadff40-465f-4669-a5ab-d3c11bbfaf39,2026-07-27T04:30:00Z,2026-07-27T06:30:00+0200,3587.71,MW,FR,FR,actual_onshore_wind_generation,Wind Onshore,2026-08-13T16:47:47Z
2026-08-13T16:46:02Z,2026-08-13T18:46:02+0200,bbadff40-465f-4669-a5ab-d3c11bbfaf39,2026-07-27T04:45:00Z,2026-07-27T06:45:00+0200,3539.77,MW,FR,FR,actual_onshore_wind_generation,Wind Onshore,2026-08-13T16:47:47Z
2026-08-13T16:46:02Z,2026-08-13T18:46:02+0200,bbadff40-465f-4669-a5ab-d3c11bbfaf39,2026-07-27T05:00:00Z,2026-07-27T07:00:00+0200,3409.01,MW,FR,FR,actual_onshore_wind_generation,Wind Onshore,2026-08-13T16:47:47Z
2026-08-13T16:46:02Z,2026-08-13T18:46:02+0200,bbadff40-465f-4669-a5ab-d3c11bbfaf39,2026-07-27T05:15:00Z,2026-07-27T07:15:00+0200,3287.69,MW,FR,FR,actual_onshore_wind_generation,Wind Onshore,2026-08-13T16:47:47Z
2026-08-13T16:46:02Z,2026-08-13T18:46:02+0200,bbadff40-465f-4669-a5ab-d3c11bbfaf39,2026-07-27T05:30:00Z,2026-07-27T07:30:00+0200,3089.77,MW,FR,FR,actual_onshore_wind_generation,Wind Onshore,2026-08-13T16:47:47Z
2026-08-13T16:46:02Z,2026-08-13T18:46:02+0200,bbadff40-465f-4669-a5ab-d3c11bbfaf39,2026-07-27T05:45:00Z,2026-07-27T07:45:00+0200,2854.9,MW,FR,FR,actual_onshore_wind_generation,Wind Onshore,2026-08-13T16:47:47Z
2026-08-13T16:46:02Z,2026-08-13T18:46:02+0200,bbadff40-465f-4669-a5ab-d3c11bbfaf39,2026-07-27T06:00:00Z,2026-07-27T08:00:00+0200,2597.34,MW,FR,FR,actual_onshore_wind_generation,Wind Onshore,2026-08-13T16:47:47Z
2026-08-13T16:46:02Z,2026-08-13T18:46:02+0200,bbadff40-465f-4669-a5ab-d3c11bbfaf39,2026-07-27T06:15:00Z,2026-07-27T08:15:00+0200,2390.44,MW,FR,FR,actual_onshore_wind_generation,Wind Onshore,2026-08-13T16:47:47Z
2026-08-13T16:46:02Z,2026-08-13T18:46:02+0200,bbadff40-465f-4669-a5ab-d3c11bbfaf39,2026-07-27T06:30:00Z,2026-07-27T08:30:00+0200,2288.27,MW,FR,FR,actual_onshore_wind_generation,Wind Onshore,2026-08-13T16:47:47Z
2026-08-13T16:46:02Z,2026-08-13T18:46:02+0200,bbadff40-465f-4669-a5ab-d3c11bbfaf39,2026-07-27T06:45:00Z,2026-07-27T08:45:00+0200,2235.92,MW,FR,FR,actual_onshore_wind_generation,Wind Onshore,2026-08-13T16:47:47Z
2026-08-13T16:46:02Z,2026-08-13T18:46:02+0200,bbadff40-465f-4669-a5ab-d3c11bbfaf39,2026-07-27T07:00:00Z,2026-07-27T09:00:00+0200,2215.35,MW,FR,FR,actual_onshore_wind_generation,Wind Onshore,2026-08-13T16:47:47Z
2026-08-13T16:46:02Z,2026-08-13T18:46:02+0200,bbadff40-465f-4669-a5ab-d3c11bbfaf39,2026-07-27T07:15:00Z,2026-07-27T09:15:00+0200,2200.71,MW,FR,FR,actual_onshore_wind_generation,Wind Onshore,2026-08-13T16:47:47Z
2026-08-13T16:46:02Z,2026-08-13T18:46:02+0200,bbadff40-465f-4669-a5ab-d3c11bbfaf39,2026-07-27T07:30:00Z,2026-07-27T09:30:00+0200,2135.42,MW,FR,FR,actual_onshore_wind_generation,Wind Onshore,2026-08-13T16:47:47Z
2026-08-13T16:46:02Z,2026-08-13T18:46:02+0200,bbadff40-465f-4669-a5ab-d3c11bbfaf39,2026-07-27T07:45:00Z,2026-07-27T09:45:00+0200,1985.95,MW,FR,FR,actual_onshore_wind_generation,Wind Onshore,2026-08-13T16:47:47Z
2026-08-13T16:46:02Z,2026-08-13T18:46:02+0200,bbadff40-465f-4669-a5ab-d3c11bbfaf39,2026-07-27T08:00:00Z,2026-07-27T10:00:00+0200,1902.04,MW,FR,FR,actual_onshore_wind_generation,Wind Onshore,2026-08-13T16:47:47Z
2026-08-13T16:46:02Z,2026-08-13T18:46:02+0200,bbadff40-465f-4669-a5ab-d3c11bbfaf39,2026-07-27T08:15:00Z,2026-07-27T10:15:00+0200,1842.69,MW,FR,FR,actual_onshore_wind_generation,Wind Onshore,2026-08-13T16:47:47Z
2026-08-13T16:46:02Z,2026-08-13T18:46:02+0200,bbadff40-465f-4669-a5ab-d3c11bbfaf39,2026-07-27T08:30:00Z,2026-07-27T10:30:00+0200,1816.06,MW,FR,FR,actual_onshore_wind_generation,Wind Onshore,2026-08-13T16:47:47Z
2026-08-13T16:46:02Z,2026-08-13T18:46:02+0200,bbadff40-465f-4669-a5ab-d3c11bbfaf39,2026-07-27T08:45:00Z,2026-07-27T10:45:00+0200,1804.2,MW,FR,FR,actual_onshore_wind_generation,Wind Onshore,2026-08-13T16:47:47Z
2026-08-13T16:46:02Z,2026-08-13T18:46:02+0200,bbadff40-465f-4669-a5ab-d3c11bbfaf39,2026-07-27T09:00:00Z,2026-07-27T11:00:00+0200,1821.68,MW,FR,FR,actual_onshore_wind_generation,Wind Onshore,2026-08-13T16:47:47Z
2026-08-13T16:46:02Z,2026-08-13T18:46:02+0200,bbadff40-465f-4669-a5ab-d3c11bbfaf39,2026-07-27T09:15:00Z,2026-07-27T11:15:00+0200,1840.15,MW,FR,FR,actual_onshore_wind_generation,Wind Onshore,2026-08-13T16:47:47Z
2026-08-13T16:46:02Z,2026-08-13T18:46:02+0200,bbadff40-465f-4669-a5ab-d3c11bbfaf39,2026-07-27T09:30:00Z,2026-07-27T11:30:00+0200,1849.49,MW,FR,FR,actual_onshore_wind_generation,Wind Onshore,2026-08-13T16:47:47Z
2026-08-13T16:46:02Z,2026-08-13T18:46:02+0200,bbadff40-465f-4669-a5ab-d3c11bbfaf39,2026-07-27T09:45:00Z,2026-07-27T11:45:00+0200,1976.98,MW,FR,FR,actual_onshore_wind_generation,Wind Onshore,2026-08-13T16:47:47Z
2026-08-13T16:46:02Z,2026-08-13T18:46:02+0200,bbadff40-465f-4669-a5ab-d3c11bbfaf39,2026-07-27T10:00:00Z,2026-07-27T12:00:00+0200,2073.49,MW,FR,FR,actual_onshore_wind_generation,Wind Onshore,2026-08-13T16:47:47Z
2026-08-13T16:46:02Z,2026-08-13T18:46:02+0200,bbadff40-465f-4669-a5ab-d3c11bbfaf39,2026-07-27T10:15:00Z,2026-07-27T12:15:00+0200,2210.1,MW,FR,FR,actual_onshore_wind_generation,Wind Onshore,2026-08-13T16:47:47Z
2026-08-13T16:46:02Z,2026-08-13T18:46:02+0200,bbadff40-465f-4669-a5ab-d3c11bbfaf39,2026-07-27T10:30:00Z,2026-07-27T12:30:00+0200,2267.64,MW,FR,FR,actual_onshore_wind_generation,Wind Onshore,2026-08-13T16:47:47Z
2026-08-13T16:46:02Z,2026-08-13T18:46:02+0200,bbadff40-465f-4669-a5ab-d3c11bbfaf39,2026-07-27T10:45:00Z,2026-07-27T12:45:00+0200,2149.99,MW,FR,FR,actual_onshore_wind_generation,Wind Onshore,2026-08-13T16:47:47Z
2026-08-13T16:46:02Z,2026-08-13T18:46:02+0200,bbadff40-465f-4669-a5ab-d3c11bbfaf39,2026-07-27T11:00:00Z,2026-07-27T13:00:00+0200,1668.72,MW,FR,FR,actual_onshore_wind_generation,Wind Onshore,2026-08-13T16:47:47Z
2026-08-13T16:46:02Z,2026-08-13T18:46:02+0200,bbadff40-465f-4669-a5ab-d3c11bbfaf39,2026-07-27T11:15:00Z,2026-07-27T13:15:00+0200,1669.53,MW,FR,FR,actual_onshore_wind_generation,Wind Onshore,2026-08-13T16:47:47Z
2026-08-13T16:46:02Z,2026-08-13T18:46:02+0200,bbadff40-465f-4669-a5ab-d3c11bbfaf39,2026-07-27T11:30:00Z,2026-07-27T13:30:00+0200,1735.09,MW,FR,FR,actual_onshore_wind_generation,Wind Onshore,2026-08-13T16:47:47Z
2026-08-13T16:46:02Z,2026-08-13T18:46:02+0200,bbadff40-465f-4669-a5ab-d3c11bbfaf39,2026-07-27T11:45:00Z,2026-07-27T13:45:00+0200,1771.71,MW,FR,FR,actual_onshore_wind_generation,Wind Onshore,2026-08-13T16:47:47Z
2026-08-13T16:46:02Z,2026-08-13T18:46:02+0200,bbadff40-465f-4669-a5ab-d3c11bbfaf39,2026-07-27T12:00:00Z,2026-07-27T14:00:00+0200,1820.94,MW,FR,FR,actual_onshore_wind_generation,Wind Onshore,2026-08-13T16:47:47Z
2026-08-13T16:46:02Z,2026-08-13T18:46:02+0200,bbadff40-465f-4669-a5ab-d3c11bbfaf39,2026-07-27T12:15:00Z,2026-07-27T14:15:00+0200,1997.2,MW,FR,FR,actual_onshore_wind_generation,Wind Onshore,2026-08-13T16:47:47Z
2026-08-13T16:46:02Z,2026-08-13T18:46:02+0200,bbadff40-465f-4669-a5ab-d3c11bbfaf39,2026-07-27T12:30:00Z,2026-07-27T14:30:00+0200,2104.12,MW,FR,FR,actual_onshore_wind_generation,Wind Onshore,2026-08-13T16:47:47Z
2026-08-13T16:46:02Z,2026-08-13T18:46:02+0200,bbadff40-465f-4669-a5ab-d3c11bbfaf39,2026-07-27T12:45:00Z,2026-07-27T14:45:00+0200,2039.74,MW,FR,FR,actual_onshore_wind_generation,Wind Onshore,2026-08-13T16:47:47Z
2026-08-13T16:46:02Z,2026-08-13T18:46:02+0200,bbadff40-465f-4669-a5ab-d3c11bbfaf39,2026-07-27T13:00:00Z,2026-07-27T15:00:00+0200,2001.29,MW,FR,FR,actual_onshore_wind_generation,Wind Onshore,2026-08-13T16:47:47Z
2026-08-13T16:46:02Z,2026-08-13T18:46:02+0200,bbadff40-465f-4669-a5ab-d3c11bbfaf39,2026-07-27T13:15:00Z,2026-07-27T15:15:00+0200,1937.4,MW,FR,FR,actual_onshore_wind_generation,Wind Onshore,2026-08-13T16:47:47Z
2026-08-13T16:46:02Z,2026-08-13T18:46:02+0200,bbadff40-465f-4669-a5ab-d3c11bbfaf39,2026-07-27T13:30:00Z,2026-07-27T15:30:00+0200,1955.75,MW,FR,FR,actual_onshore_wind_generation,Wind Onshore,2026-08-13T16:47:47Z
2026-08-13T16:46:02Z,2026-08-13T18:46:02+0200,bbadff40-465f-4669-a5ab-d3c11bbfaf39,2026-07-27T13:45:00Z,2026-07-27T15:45:00+0200,1933.05,MW,FR,FR,actual_onshore_wind_generation,Wind Onshore,2026-08-13T16:47:47Z
2026-08-13T16:46:02Z,2026-08-13T18:46:02+0200,bbadff40-465f-4669-a5ab-d3c11bbfaf39,2026-07-27T14:00:00Z,2026-07-27T16:00:00+0200,1921.63,MW,FR,FR,actual_onshore_wind_generation,Wind Onshore,2026-08-13T16:47:47Z
2026-08-13T16:46:02Z,2026-08-13T18:46:02+0200,bbadff40-465f-4669-a5ab-d3c11bbfaf39,2026-07-27T14:15:00Z,2026-07-27T16:15:00+0200,1885.68,MW,FR,FR,actual_onshore_wind_generation,Wind Onshore,2026-08-13T16:47:47Z
2026-08-13T16:46:02Z,2026-08-13T18:46:02+0200,bbadff40-465f-4669-a5ab-d3c11bbfaf39,2026-07-27T14:30:00Z,2026-07-27T16:30:00+0200,1904.66,MW,FR,FR,actual_onshore_wind_generation,Wind Onshore,2026-08-13T16:47:47Z
2026-08-13T16:46:02Z,2026-08-13T18:46:02+0200,bbadff40-465f-4669-a5ab-d3c11bbfaf39,2026-07-27T14:45:00Z,2026-07-27T16:45:00+0200,1967.54,MW,FR,FR,actual_onshore_wind_generation,Wind Onshore,2026-08-13T16:47:47Z
2026-08-13T16:46:02Z,2026-08-13T18:46:02+0200,bbadff40-465f-4669-a5ab-d3c11bbfaf39,2026-07-27T15:00:00Z,2026-07-27T17:00:00+0200,2489.65,MW,FR,FR,actual_onshore_wind_generation,Wind Onshore,2026-08-13T16:47:47Z
2026-08-13T16:46:02Z,2026-08-13T18:46:02+0200,bbadff40-465f-4669-a5ab-d3c11bbfaf39,2026-07-27T15:15:00Z,2026-07-27T17:15:00+0200,2701.29,MW,FR,FR,actual_onshore_wind_generation,Wind Onshore,2026-08-13T16:47:47Z
2026-08-13T16:46:02Z,2026-08-13T18:46:02+0200,bbadff40-465f-4669-a5ab-d3c11bbfaf39,2026-07-27T15:30:00Z,2026-07-27T17:30:00+0200,2693.19,MW,FR,FR,actual_onshore_wind_generation,Wind Onshore,2026-08-13T16:47:47Z
2026-08-13T16:46:02Z,2026-08-13T18:46:02+0200,bbadff40-465f-4669-a5ab-d3c11bbfaf39,2026-07-27T15:45:00Z,2026-07-27T17:45:00+0200,2691.14,MW,FR,FR,actual_onshore_wind_generation,Wind Onshore,2026-08-13T16:47:47Z
2026-08-13T16:46:02Z,2026-08-13T18:46:02+0200,bbadff40-465f-4669-a5ab-d3c11bbfaf39,2026-07-27T16:00:00Z,2026-07-27T18:00:00+0200,2689.06,MW,FR,FR,actual_onshore_wind_generation,Wind Onshore,2026-08-13T16:47:47Z
2026-08-13T16:46:02Z,2026-08-13T18:46:02+0200,bbadff40-465f-4669-a5ab-d3c11bbfaf39,2026-07-27T16:15:00Z,2026-07-27T18:15:00+0200,2694.82,MW,FR,FR,actual_onshore_wind_generation,Wind Onshore,2026-08-13T16:47:47Z
2026-08-13T16:46:02Z,2026-08-13T18:46:02+0200,bbadff40-465f-4669-a5ab-d3c11bbfaf39,2026-07-27T16:30:00Z,2026-07-27T18:30:00+0200,2659.54,MW,FR,FR,actual_onshore_wind_generation,Wind Onshore,2026-08-13T16:47:47Z
2026-08-13T16:46:02Z,2026-08-13T18:46:02+0200,bbadff40-465f-4669-a5ab-d3c11bbfaf39,2026-07-27T16:45:00Z,2026-07-27T18:45:00+0200,2623.67,MW,FR,FR,actual_onshore_wind_generation,Wind Onshore,2026-08-13T16:47:47Z
2026-08-13T16:46:02Z,2026-08-13T18:46:02+0200,bbadff40-465f-4669-a5ab-d3c11bbfaf39,2026-07-27T17:00:00Z,2026-07-27T19:00:00+0200,2616.96,MW,FR,FR,actual_onshore_wind_generation,Wind Onshore,2026-08-13T16:47:47Z
2026-08-13T16:46:02Z,2026-08-13T18:46:02+0200,bbadff40-465f-4669-a5ab-d3c11bbfaf39,2026-07-27T17:15:00Z,2026-07-27T19:15:00+0200,2574.12,MW,FR,FR,actual_onshore_wind_generation,Wind Onshore,2026-08-13T16:47:47Z
2026-08-13T16:46:02Z,2026-08-13T18:46:02+0200,bbadff40-465f-4669-a5ab-d3c11bbfaf39,2026-07-27T17:30:00Z,2026-07-27T19:30:00+0200,2558.58,MW,FR,FR,actual_onshore_wind_generation,Wind Onshore,2026-08-13T16:47:47Z
2026-08-13T16:46:02Z,2026-08-13T18:46:02+0200,bbadff40-465f-4669-a5ab-d3c11bbfaf39,2026-07-27T17:45:00Z,2026-07-27T19:45:00+0200,2473.83,MW,FR,FR,actual_onshore_wind_generation,Wind Onshore,2026-08-13T16:47:47Z
2026-08-13T16:46:02Z,2026-08-13T18:46:02+0200,bbadff40-465f-4669-a5ab-d3c11bbfaf39,2026-07-27T18:00:00Z,2026-07-27T20:00:00+0200,2422.07,MW,FR,FR,actual_onshore_wind_generation,Wind Onshore,2026-08-13T16:47:47Z
2026-08-13T16:46:02Z,2026-08-13T18:46:02+0200,bbadff40-465f-4669-a5ab-d3c11bbfaf39,2026-07-27T18:15:00Z,2026-07-27T20:15:00+0200,2284.6,MW,FR,FR,actual_onshore_wind_generation,Wind Onshore,2026-08-13T16:47:47Z
2026-08-13T16:46:02Z,2026-08-13T18:46:02+0200,bbadff40-465f-4669-a5ab-d3c11bbfaf39,2026-07-27T18:30:00Z,2026-07-27T20:30:00+0200,2215.2,MW,FR,FR,actual_onshore_wind_generation,Wind Onshore,2026-08-13T16:47:47Z
2026-08-13T16:46:02Z,2026-08-13T18:46:02+0200,bbadff40-465f-4669-a5ab-d3c11bbfaf39,2026-07-27T18:45:00Z,2026-07-27T20:45:00+0200,2079.84,MW,FR,FR,actual_onshore_wind_generation,Wind Onshore,2026-08-13T16:47:47Z
2026-08-13T16:46:02Z,2026-08-13T18:46:02+0200,bbadff40-465f-4669-a5ab-d3c11bbfaf39,2026-07-27T19:00:00Z,2026-07-27T21:00:00+0200,1977.97,MW,FR,FR,actual_onshore_wind_generation,Wind Onshore,2026-08-13T16:47:47Z
2026-08-13T16:46:02Z,2026-08-13T18:46:02+0200,bbadff40-465f-4669-a5ab-d3c11bbfaf39,2026-07-27T19:15:00Z,2026-07-27T21:15:00+0200,1948.67,MW,FR,FR,actual_onshore_wind_generation,Wind Onshore,2026-08-13T16:47:47Z
2026-08-13T16:46:02Z,2026-08-13T18:46:02+0200,bbadff40-465f-4669-a5ab-d3c11bbfaf39,2026-07-27T19:30:00Z,2026-07-27T21:30:00+0200,1923.78,MW,FR,FR,actual_onshore_wind_generation,Wind Onshore,2026-08-13T16:47:47Z
2026-08-13T16:46:02Z,2026-08-13T18:46:02+0200,bbadff40-465f-4669-a5ab-d3c11bbfaf39,2026-07-27T19:45:00Z,2026-07-27T21:45:00+0200,1888.2,MW,FR,FR,actual_onshore_wind_generation,Wind Onshore,2026-08-13T16:47:47Z
2026-08-13T16:46:02Z,2026-08-13T18:46:02+0200,bbadff40-465f-4669-a5ab-d3c11bbfaf39,2026-07-27T20:00:00Z,2026-07-27T22:00:00+0200,1887.86,MW,FR,FR,actual_onshore_wind_generation,Wind Onshore,2026-08-13T16:47:47Z
2026-08-13T16:46:02Z,2026-08-13T18:46:02+0200,bbadff40-465f-4669-a5ab-d3c11bbfaf39,2026-07-27T20:15:00Z,2026-07-27T22:15:00+0200,1907.04,MW,FR,FR,actual_onshore_wind_generation,Wind Onshore,2026-08-13T16:47:47Z
2026-08-13T16:46:02Z,2026-08-13T18:46:02+0200,bbadff40-465f-4669-a5ab-d3c11bbfaf39,2026-07-27T20:30:00Z,2026-07-27T22:30:00+0200,1930.14,MW,FR,FR,actual_onshore_wind_generation,Wind Onshore,2026-08-13T16:47:47Z
2026-08-13T16:46:02Z,2026-08-13T18:46:02+0200,bbadff40-465f-4669-a5ab-d3c11bbfaf39,2026-07-27T20:45:00Z,2026-07-27T22:45:00+0200,1957.7,MW,FR,FR,actual_onshore_wind_generation,Wind Onshore,2026-08-13T16:47:47Z
2026-08-13T16:46:02Z,2026-08-13T18:46:02+0200,bbadff40-465f-4669-a5ab-d3c11bbfaf39,2026-07-27T21:00:00Z,2026-07-27T23:00:00+0200,2003.46,MW,FR,FR,actual_onshore_wind_generation,Wind Onshore,2026-08-13T16:47:47Z
2026-08-13T16:46:02Z,2026-08-13T18:46:02+0200,bbadff40-465f-4669-a5ab-d3c11bbfaf39,2026-07-27T21:15:00Z,2026-07-27T23:15:00+0200,1983.24,MW,FR,FR,actual_onshore_wind_generation,Wind Onshore,2026-08-13T16:47:47Z
2026-08-13T16:46:02Z,2026-08-13T18:46:02+0200,bbadff40-465f-4669-a5ab-d3c11bbfaf39,2026-07-27T21:30:00Z,2026-07-27T23:30:00+0200,1954.09,MW,FR,FR,actual_onshore_wind_generation,Wind Onshore,2026-08-13T16:47:47Z
2026-08-13T16:46:02Z,2026-08-13T18:46:02+0200,bbadff40-465f-4669-a5ab-d3c11bbfaf39,2026-07-27T21:45:00Z,2026-07-27T23:45:00+0200,1940.7,MW,FR,FR,actual_onshore_wind_generation,Wind Onshore,2026-08-13T16:47:47Z
2026-08-13T16:46:02Z,2026-08-13T18:46:02+0200,bbadff40-465f-4669-a5ab-d3c11bbfaf39,2026-07-27T22:00:00Z,2026-07-28T00:00:00+0200,1934.9,MW,FR,FR,actual_onshore_wind_generation,Wind Onshore,2026-08-13T16:47:47Z
2026-08-13T16:46:02Z,2026-08-13T18:46:02+0200,bbadff40-465f-4669-a5ab-d3c11bbfaf39,2026-07-27T22:15:00Z,2026-07-28T00:15:00+0200,1926.56,MW,FR,FR,actual_onshore_wind_generation,Wind Onshore,2026-08-13T16:47:47Z
2026-08-13T16:46:02Z,2026-08-13T18:46:02+0200,bbadff40-465f-4669-a5ab-d3c11bbfaf39,2026-07-27T22:30:00Z,2026-07-28T00:30:00+0200,1925.71,MW,FR,FR,actual_onshore_wind_generation,Wind Onshore,2026-08-13T16:47:47Z
2026-08-13T16:46:02Z,2026-08-13T18:46:02+0200,bbadff40-465f-4669-a5ab-d3c11bbfaf39,2026-07-27T22:45:00Z,2026-07-28T00:45:00+0200,1950.11,MW,FR,FR,actual_onshore_wind_generation,Wind Onshore,2026-08-13T16:47:47Z
2026-08-13T16:46:02Z,2026-08-13T18:46:02+0200,bbadff40-465f-4669-a5ab-d3c11bbfaf39,2026-07-27T23:00:00Z,2026-07-28T01:00:00+0200,2003.71,MW,FR,FR,actual_onshore_wind_generation,Wind Onshore,2026-08-13T16:47:47Z
2026-08-13T16:46:02Z,2026-08-13T18:46:02+0200,bbadff40-465f-4669-a5ab-d3c11bbfaf39,2026-07-27T23:15:00Z,2026-07-28T01:15:00+0200,2010.35,MW,FR,FR,actual_onshore_wind_generation,Wind Onshore,2026-08-13T16:47:47Z
2026-08-13T16:46:02Z,2026-08-13T18:46:02+0200,bbadff40-465f-4669-a5ab-d3c11bbfaf39,2026-07-27T23:30:00Z,2026-07-28T01:30:00+0200,2034.36,MW,FR,FR,actual_onshore_wind_generation,Wind Onshore,2026-08-13T16:47:47Z
2026-08-13T16:46:02Z,2026-08-13T18:46:02+0200,bbadff40-465f-4669-a5ab-d3c11bbfaf39,2026-07-27T23:45:00Z,2026-07-28T01:45:00+0200,2098.24,MW,FR,FR,actual_onshore_wind_generation,Wind Onshore,2026-08-13T16:47:47Z
2026-08-13T16:46:02Z,2026-08-13T18:46:02+0200,bbadff40-465f-4669-a5ab-d3c11bbfaf39,2026-07-28T00:00:00Z,2026-07-28T02:00:00+0200,2122.65,MW,FR,FR,actual_onshore_wind_generation,Wind Onshore,2026-08-13T16:47:47Z
2026-08-13T16:46:02Z,2026-08-13T18:46:02+0200,bbadff40-465f-4669-a5ab-d3c11bbfaf39,2026-07-28T00:15:00Z,2026-07-28T02:15:00+0200,2080.8,MW,FR,FR,actual_onshore_wind_generation,Wind Onshore,2026-08-13T16:47:47Z
2026-08-13T16:46:02Z,2026-08-13T18:46:02+0200,bbadff40-465f-4669-a5ab-d3c11bbfaf39,2026-07-28T00:30:00Z,2026-07-28T02:30:00+0200,2021.41,MW,FR,FR,actual_onshore_wind_generation,Wind Onshore,2026-08-13T16:47:47Z
2026-08-13T16:46:02Z,2026-08-13T18:46:02+0200,bbadff40-465f-4669-a5ab-d3c11bbfaf39,2026-07-28T00:45:00Z,2026-07-28T02:45:00+0200,2009.68,MW,FR,FR,actual_onshore_wind_generation,Wind Onshore,2026-08-13T16:47:47Z
2026-08-13T16:46:02Z,2026-08-13T18:46:02+0200,bbadff40-465f-4669-a5ab-d3c11bbfaf39,2026-07-28T01:00:00Z,2026-07-28T03:00:00+0200,1990.72,MW,FR,FR,actual_onshore_wind_generation,Wind Onshore,2026-08-13T16:47:47Z
2026-08-13T16:46:02Z,2026-08-13T18:46:02+0200,bbadff40-465f-4669-a5ab-d3c11bbfaf39,2026-07-28T01:15:00Z,2026-07-28T03:15:00+0200,1968.02,MW,FR,FR,actual_onshore_wind_generation,Wind Onshore,2026-08-13T16:47:47Z
2026-08-13T16:46:02Z,2026-08-13T18:46:02+0200,bbadff40-465f-4669-a5ab-d3c11bbfaf39,2026-07-28T01:30:00Z,2026-07-28T03:30:00+0200,1886.53,MW,FR,FR,actual_onshore_wind_generation,Wind Onshore,2026-08-13T16:47:47Z
2026-08-13T16:46:02Z,2026-08-13T18:46:02+0200,bbadff40-465f-4669-a5ab-d3c11bbfaf39,2026-07-28T01:45:00Z,2026-07-28T03:45:00+0200,1869.21,MW,FR,FR,actual_onshore_wind_generation,Wind Onshore,2026-08-13T16:47:47Z
2026-08-13T16:46:02Z,2026-08-13T18:46:02+0200,bbadff40-465f-4669-a5ab-d3c11bbfaf39,2026-07-28T02:00:00Z,2026-07-28T04:00:00+0200,1873.58,MW,FR,FR,actual_onshore_wind_generation,Wind Onshore,2026-08-13T16:47:47Z
2026-08-13T16:46:02Z,2026-08-13T18:46:02+0200,bbadff40-465f-4669-a5ab-d3c11bbfaf39,2026-07-28T02:15:00Z,2026-07-28T04:15:00+0200,1901.9,MW,FR,FR,actual_onshore_wind_generation,Wind Onshore,2026-08-13T16:47:47Z
2026-08-13T16:46:02Z,2026-08-13T18:46:02+0200,bbadff40-465f-4669-a5ab-d3c11bbfaf39,2026-07-28T02:30:00Z,2026-07-28T04:30:00+0200,1924.54,MW,FR,FR,actual_onshore_wind_generation,Wind Onshore,2026-08-13T16:47:47Z
2026-08-13T16:46:02Z,2026-08-13T18:46:02+0200,bbadff40-465f-4669-a5ab-d3c11bbfaf39,2026-07-28T02:45:00Z,2026-07-28T04:45:00+0200,1960.7,MW,FR,FR,actual_onshore_wind_generation,Wind Onshore,2026-08-13T16:47:47Z
2026-08-13T16:46:02Z,2026-08-13T18:46:02+0200,bbadff40-465f-4669-a5ab-d3c11bbfaf39,2026-07-28T03:00:00Z,2026-07-28T05:00:00+0200,1965.1,MW,FR,FR,actual_onshore_wind_generation,Wind Onshore,2026-08-13T16:47:47Z
2026-08-13T16:46:02Z,2026-08-13T18:46:02+0200,bbadff40-465f-4669-a5ab-d3c11bbfaf39,2026-07-28T03:15:00Z,2026-07-28T05:15:00+0200,1978.23,MW,FR,FR,actual_onshore_wind_generation,Wind Onshore,2026-08-13T16:47:47Z
2026-08-13T16:46:02Z,2026-08-13T18:46:02+0200,bbadff40-465f-4669-a5ab-d3c11bbfaf39,2026-07-28T03:30:00Z,2026-07-28T05:30:00+0200,1981.46,MW,FR,FR,actual_onshore_wind_generation,Wind Onshore,2026-08-13T16:47:47Z
2026-08-13T16:46:02Z,2026-08-13T18:46:02+0200,bbadff40-465f-4669-a5ab-d3c11bbfaf39,2026-07-28T03:45:00Z,2026-07-28T05:45:00+0200,1991.76,MW,FR,FR,actual_onshore_wind_generation,Wind Onshore,2026-08-13T16:47:47Z
2026-08-13T16:46:02Z,2026-08-13T18:46:02+0200,bbadff40-465f-4669-a5ab-d3c11bbfaf39,2026-07-28T04:00:00Z,2026-07-28T06:00:00+0200,2007.7,MW,FR,FR,actual_onshore_wind_generation,Wind Onshore,2026-08-13T16:47:47Z
2026-08-13T16:46:02Z,2026-08-13T18:46:02+0200,bbadff40-465f-4669-a5ab-d3c11bbfaf39,2026-07-28T04:15:00Z,2026-07-28T06:15:00+0200,2045.48,MW,FR,FR,actual_onshore_wind_generation,Wind Onshore,2026-08-13T16:47:47Z
2026-08-13T16:46:02Z,2026-08-13T18:46:02+0200,bbadff40-465f-4669-a5ab-d3c11bbfaf39,2026-07-28T04:30:00Z,2026-07-28T06:30:00+0200,2124.55,MW,FR,FR,actual_onshore_wind_generation,Wind Onshore,2026-08-13T16:47:47Z
2026-08-13T16:46:02Z,2026-08-13T18:46:02+0200,bbadff40-465f-4669-a5ab-d3c11bbfaf39,2026-07-28T04:45:00Z,2026-07-28T06:45:00+0200,2203.49,MW,FR,FR,actual_onshore_wind_generation,Wind Onshore,2026-08-13T16:47:47Z
2026-08-13T16:46:02Z,2026-08-13T18:46:02+0200,bbadff40-465f-4669-a5ab-d3c11bbfaf39,2026-07-28T05:00:00Z,2026-07-28T07:00:00+0200,2280.43,MW,FR,FR,actual_onshore_wind_generation,Wind Onshore,2026-08-13T16:47:47Z
2026-08-13T16:46:02Z,2026-08-13T18:46:02+0200,bbadff40-465f-4669-a5ab-d3c11bbfaf39,2026-07-28T05:15:00Z,2026-07-28T07:15:00+0200,2293.5,MW,FR,FR,actual_onshore_wind_generation,Wind Onshore,2026-08-13T16:47:47Z
2026-08-13T16:46:02Z,2026-08-13T18:46:02+0200,bbadff40-465f-4669-a5ab-d3c11bbfaf39,2026-07-28T05:30:00Z,2026-07-28T07:30:00+0200,2238.6,MW,FR,FR,actual_onshore_wind_generation,Wind Onshore,2026-08-13T16:47:47Z
2026-08-13T16:46:02Z,2026-08-13T18:46:02+0200,bbadff40-465f-4669-a5ab-d3c11bbfaf39,2026-07-28T05:45:00Z,2026-07-28T07:45:00+0200,2135.61,MW,FR,FR,actual_onshore_wind_generation,Wind Onshore,2026-08-13T16:47:47Z
2026-08-13T16:46:02Z,2026-08-13T18:46:02+0200,bbadff40-465f-4669-a5ab-d3c11bbfaf39,2026-07-28T06:00:00Z,2026-07-28T08:00:00+0200,1979.65,MW,FR,FR,actual_onshore_wind_generation,Wind Onshore,2026-08-13T16:47:47Z
2026-08-13T16:46:02Z,2026-08-13T18:46:02+0200,bbadff40-465f-4669-a5ab-d3c11bbfaf39,2026-07-28T06:15:00Z,2026-07-28T08:15:00+0200,1772.64,MW,FR,FR,actual_onshore_wind_generation,Wind Onshore,2026-08-13T16:47:47Z
2026-08-13T16:46:02Z,2026-08-13T18:46:02+0200,bbadff40-465f-4669-a5ab-d3c11bbfaf39,2026-07-28T06:30:00Z,2026-07-28T08:30:00+0200,1542.63,MW,FR,FR,actual_onshore_wind_generation,Wind Onshore,2026-08-13T16:47:47Z
2026-08-13T16:46:02Z,2026-08-13T18:46:02+0200,bbadff40-465f-4669-a5ab-d3c11bbfaf39,2026-07-28T06:45:00Z,2026-07-28T08:45:00+0200,1352.85,MW,FR,FR,actual_onshore_wind_generation,Wind Onshore,2026-08-13T16:47:47Z
2026-08-13T16:46:02Z,2026-08-13T18:46:02+0200,bbadff40-465f-4669-a5ab-d3c11bbfaf39,2026-07-28T07:00:00Z,2026-07-28T09:00:00+0200,1182.94,MW,FR,FR,actual_onshore_wind_generation,Wind Onshore,2026-08-13T16:47:47Z
2026-08-13T16:46:02Z,2026-08-13T18:46:02+0200,bbadff40-465f-4669-a5ab-d3c11bbfaf39,2026-07-28T07:15:00Z,2026-07-28T09:15:00+0200,1049.8,MW,FR,FR,actual_onshore_wind_generation,Wind Onshore,2026-08-13T16:47:47Z
2026-08-13T16:46:02Z,2026-08-13T18:46:02+0200,bbadff40-465f-4669-a5ab-d3c11bbfaf39,2026-07-28T07:30:00Z,2026-07-28T09:30:00+0200,987.39,MW,FR,FR,actual_onshore_wind_generation,Wind Onshore,2026-08-13T16:47:47Z
2026-08-13T16:46:02Z,2026-08-13T18:46:02+0200,bbadff40-465f-4669-a5ab-d3c11bbfaf39,2026-07-28T07:45:00Z,2026-07-28T09:45:00+0200,945.2,MW,FR,FR,actual_onshore_wind_generation,Wind Onshore,2026-08-13T16:47:47Z
2026-08-13T16:46:02Z,2026-08-13T18:46:02+0200,bbadff40-465f-4669-a5ab-d3c11bbfaf39,2026-07-28T08:00:00Z,2026-07-28T10:00:00+0200,873.87,MW,FR,FR,actual_onshore_wind_generation,Wind Onshore,2026-08-13T16:47:47Z
2026-08-13T16:46:02Z,2026-08-13T18:46:02+0200,bbadff40-465f-4669-a5ab-d3c11bbfaf39,2026-07-28T08:15:00Z,2026-07-28T10:15:00+0200,822.02,MW,FR,FR,actual_onshore_wind_generation,Wind Onshore,2026-08-13T16:47:47Z
2026-08-13T16:46:02Z,2026-08-13T18:46:02+0200,bbadff40-465f-4669-a5ab-d3c11bbfaf39,2026-07-28T08:30:00Z,2026-07-28T10:30:00+0200,733.74,MW,FR,FR,actual_onshore_wind_generation,Wind Onshore,2026-08-13T16:47:47Z
2026-08-13T16:46:02Z,2026-08-13T18:46:02+0200,bbadff40-465f-4669-a5ab-d3c11bbfaf39,2026-07-28T08:45:00Z,2026-07-28T10:45:00+0200,725.44,MW,FR,FR,actual_onshore_wind_generation,Wind Onshore,2026-08-13T16:47:47Z
2026-08-13T16:46:02Z,2026-08-13T18:46:02+0200,bbadff40-465f-4669-a5ab-d3c11bbfaf39,2026-07-28T09:00:00Z,2026-07-28T11:00:00+0200,725.18,MW,FR,FR,actual_onshore_wind_generation,Wind Onshore,2026-08-13T16:47:47Z
2026-08-13T16:46:02Z,2026-08-13T18:46:02+0200,bbadff40-465f-4669-a5ab-d3c11bbfaf39,2026-07-28T09:15:00Z,2026-07-28T11:15:00+0200,747.91,MW,FR,FR,actual_onshore_wind_generation,Wind Onshore,2026-08-13T16:47:47Z
2026-08-13T16:46:02Z,2026-08-13T18:46:02+0200,bbadff40-465f-4669-a5ab-d3c11bbfaf39,2026-07-28T09:30:00Z,2026-07-28T11:30:00+0200,751.84,MW,FR,FR,actual_onshore_wind_generation,Wind Onshore,2026-08-13T16:47:47Z
2026-08-13T16:46:02Z,2026-08-13T18:46:02+0200,bbadff40-465f-4669-a5ab-d3c11bbfaf39,2026-07-28T09:45:00Z,2026-07-28T11:45:00+0200,738.8,MW,FR,FR,actual_onshore_wind_generation,Wind Onshore,2026-08-13T16:47:47Z
2026-08-13T16:46:02Z,2026-08-13T18:46:02+0200,bbadff40-465f-4669-a5ab-d3c11bbfaf39,2026-07-28T10:00:00Z,2026-07-28T12:00:00+0200,804.18,MW,FR,FR,actual_onshore_wind_generation,Wind Onshore,2026-08-13T16:47:47Z
2026-08-13T16:46:02Z,2026-08-13T18:46:02+0200,bbadff40-465f-4669-a5ab-d3c11bbfaf39,2026-07-28T10:15:00Z,2026-07-28T12:15:00+0200,837.29,MW,FR,FR,actual_onshore_wind_generation,Wind Onshore,2026-08-13T16:47:47Z
2026-08-13T16:46:02Z,2026-08-13T18:46:02+0200,bbadff40-465f-4669-a5ab-d3c11bbfaf39,2026-07-28T10:30:00Z,2026-07-28T12:30:00+0200,792.49,MW,FR,FR,actual_onshore_wind_generation,Wind Onshore,2026-08-13T16:47:47Z
2026-08-13T16:46:02Z,2026-08-13T18:46:02+0200,bbadff40-465f-4669-a5ab-d3c11bbfaf39,2026-07-28T10:45:00Z,2026-07-28T12:45:00+0200,710.6,MW,FR,FR,actual_onshore_wind_generation,Wind Onshore,2026-08-13T16:47:47Z
2026-08-13T16:46:02Z,2026-08-13T18:46:02+0200,bbadff40-465f-4669-a5ab-d3c11bbfaf39,2026-07-28T11:00:00Z,2026-07-28T13:00:00+0200,677.17,MW,FR,FR,actual_onshore_wind_generation,Wind Onshore,2026-08-13T16:47:47Z
2026-08-13T16:46:02Z,2026-08-13T18:46:02+0200,bbadff40-465f-4669-a5ab-d3c11bbfaf39,2026-07-28T11:15:00Z,2026-07-28T13:15:00+0200,678.03,MW,FR,FR,actual_onshore_wind_generation,Wind Onshore,2026-08-13T16:47:47Z
2026-08-13T16:46:02Z,2026-08-13T18:46:02+0200,bbadff40-465f-4669-a5ab-d3c11bbfaf39,2026-07-28T11:30:00Z,2026-07-28T13:30:00+0200,660.29,MW,FR,FR,actual_onshore_wind_generation,Wind Onshore,2026-08-13T16:47:47Z
2026-08-13T16:46:02Z,2026-08-13T18:46:02+0200,bbadff40-465f-4669-a5ab-d3c11bbfaf39,2026-07-28T11:45:00Z,2026-07-28T13:45:00+0200,654.09,MW,FR,FR,actual_onshore_wind_generation,Wind Onshore,2026-08-13T16:47:47Z
2026-08-13T16:46:02Z,2026-08-13T18:46:02+0200,bbadff40-465f-4669-a5ab-d3c11bbfaf39,2026-07-28T12:00:00Z,2026-07-28T14:00:00+0200,632.6,MW,FR,FR,actual_onshore_wind_generation,Wind Onshore,2026-08-13T16:47:47Z
2026-08-13T16:46:02Z,2026-08-13T18:46:02+0200,bbadff40-465f-4669-a5ab-d3c11bbfaf39,2026-07-28T12:15:00Z,2026-07-28T14:15:00+0200,697.88,MW,FR,FR,actual_onshore_wind_generation,Wind Onshore,2026-08-13T16:47:47Z
2026-08-13T16:46:02Z,2026-08-13T18:46:02+0200,bbadff40-465f-4669-a5ab-d3c11bbfaf39,2026-07-28T12:30:00Z,2026-07-28T14:30:00+0200,777.88,MW,FR,FR,actual_onshore_wind_generation,Wind Onshore,2026-08-13T16:47:47Z
2026-08-13T16:46:02Z,2026-08-13T18:46:02+0200,bbadff40-465f-4669-a5ab-d3c11bbfaf39,2026-07-28T12:45:00Z,2026-07-28T14:45:00+0200,857.66,MW,FR,FR,actual_onshore_wind_generation,Wind Onshore,2026-08-13T16:47:47Z
2026-08-13T16:46:02Z,2026-08-13T18:46:02+0200,bbadff40-465f-4669-a5ab-d3c11bbfaf39,2026-07-28T13:00:00Z,2026-07-28T15:00:00+0200,856.09,MW,FR,FR,actual_onshore_wind_generation,Wind Onshore,2026-08-13T16:47:47Z
2026-08-13T16:46:02Z,2026-08-13T18:46:02+0200,bbadff40-465f-4669-a5ab-d3c11bbfaf39,2026-07-28T13:15:00Z,2026-07-28T15:15:00+0200,904.98,MW,FR,FR,actual_onshore_wind_generation,Wind Onshore,2026-08-13T16:47:47Z
2026-08-13T16:46:02Z,2026-08-13T18:46:02+0200,bbadff40-465f-4669-a5ab-d3c11bbfaf39,2026-07-28T13:30:00Z,2026-07-28T15:30:00+0200,901.55,MW,FR,FR,actual_onshore_wind_generation,Wind Onshore,2026-08-13T16:47:47Z
2026-08-13T16:46:02Z,2026-08-13T18:46:02+0200,bbadff40-465f-4669-a5ab-d3c11bbfaf39,2026-07-28T13:45:00Z,2026-07-28T15:45:00+0200,892.08,MW,FR,FR,actual_onshore_wind_generation,Wind Onshore,2026-08-13T16:47:47Z
2026-08-13T16:46:02Z,2026-08-13T18:46:02+0200,bbadff40-465f-4669-a5ab-d3c11bbfaf39,2026-07-28T14:00:00Z,2026-07-28T16:00:00+0200,890.91,MW,FR,FR,actual_onshore_wind_generation,Wind Onshore,2026-08-13T16:47:47Z
2026-08-13T16:46:02Z,2026-08-13T18:46:02+0200,bbadff40-465f-4669-a5ab-d3c11bbfaf39,2026-07-28T14:15:00Z,2026-07-28T16:15:00+0200,891.63,MW,FR,FR,actual_onshore_wind_generation,Wind Onshore,2026-08-13T16:47:47Z
2026-08-13T16:46:02Z,2026-08-13T18:46:02+0200,bbadff40-465f-4669-a5ab-d3c11bbfaf39,2026-07-28T14:30:00Z,2026-07-28T16:30:00+0200,895.92,MW,FR,FR,actual_onshore_wind_generation,Wind Onshore,2026-08-13T16:47:47Z
2026-08-13T16:46:02Z,2026-08-13T18:46:02+0200,bbadff40-465f-4669-a5ab-d3c11bbfaf39,2026-07-28T14:45:00Z,2026-07-28T16:45:00+0200,894.1,MW,FR,FR,actual_onshore_wind_generation,Wind Onshore,2026-08-13T16:47:47Z
2026-08-13T16:46:02Z,2026-08-13T18:46:02+0200,bbadff40-465f-4669-a5ab-d3c11bbfaf39,2026-07-28T15:00:00Z,2026-07-28T17:00:00+0200,898.85,MW,FR,FR,actual_onshore_wind_generation,Wind Onshore,2026-08-13T16:47:47Z
2026-08-13T16:46:02Z,2026-08-13T18:46:02+0200,bbadff40-465f-4669-a5ab-d3c11bbfaf39,2026-07-28T15:15:00Z,2026-07-28T17:15:00+0200,914.57,MW,FR,FR,actual_onshore_wind_generation,Wind Onshore,2026-08-13T16:47:47Z
2026-08-13T16:46:02Z,2026-08-13T18:46:02+0200,bbadff40-465f-4669-a5ab-d3c11bbfaf39,2026-07-28T15:30:00Z,2026-07-28T17:30:00+0200,910.77,MW,FR,FR,actual_onshore_wind_generation,Wind Onshore,2026-08-13T16:47:47Z
2026-08-13T16:46:02Z,2026-08-13T18:46:02+0200,bbadff40-465f-4669-a5ab-d3c11bbfaf39,2026-07-28T15:45:00Z,2026-07-28T17:45:00+0200,919.11,MW,FR,FR,actual_onshore_wind_generation,Wind Onshore,2026-08-13T16:47:47Z
2026-08-13T16:46:02Z,2026-08-13T18:46:02+0200,bbadff40-465f-4669-a5ab-d3c11bbfaf39,2026-07-28T16:00:00Z,2026-07-28T18:00:00+0200,913.04,MW,FR,FR,actual_onshore_wind_generation,Wind Onshore,2026-08-13T16:47:47Z
2026-08-13T16:46:02Z,2026-08-13T18:46:02+0200,bbadff40-465f-4669-a5ab-d3c11bbfaf39,2026-07-28T16:15:00Z,2026-07-28T18:15:00+0200,911.95,MW,FR,FR,actual_onshore_wind_generation,Wind Onshore,2026-08-13T16:47:47Z
2026-08-13T16:46:02Z,2026-08-13T18:46:02+0200,bbadff40-465f-4669-a5ab-d3c11bbfaf39,2026-07-28T16:30:00Z,2026-07-28T18:30:00+0200,910.35,MW,FR,FR,actual_onshore_wind_generation,Wind Onshore,2026-08-13T16:47:47Z
2026-08-13T16:46:02Z,2026-08-13T18:46:02+0200,bbadff40-465f-4669-a5ab-d3c11bbfaf39,2026-07-28T16:45:00Z,2026-07-28T18:45:00+0200,944.13,MW,FR,FR,actual_onshore_wind_generation,Wind Onshore,2026-08-13T16:47:47Z
2026-08-13T16:46:02Z,2026-08-13T18:46:02+0200,bbadff40-465f-4669-a5ab-d3c11bbfaf39,2026-07-28T17:00:00Z,2026-07-28T19:00:00+0200,965.4,MW,FR,FR,actual_onshore_wind_generation,Wind Onshore,2026-08-13T16:47:47Z
2026-08-13T16:46:02Z,2026-08-13T18:46:02+0200,bbadff40-465f-4669-a5ab-d3c11bbfaf39,2026-07-28T17:15:00Z,2026-07-28T19:15:00+0200,981.8,MW,FR,FR,actual_onshore_wind_generation,Wind Onshore,2026-08-13T16:47:47Z
2026-08-13T16:46:02Z,2026-08-13T18:46:02+0200,bbadff40-465f-4669-a5ab-d3c11bbfaf39,2026-07-28T17:30:00Z,2026-07-28T19:30:00+0200,1011.82,MW,FR,FR,actual_onshore_wind_generation,Wind Onshore,2026-08-13T16:47:47Z
2026-08-13T16:46:02Z,2026-08-13T18:46:02+0200,bbadff40-465f-4669-a5ab-d3c11bbfaf39,2026-07-28T17:45:00Z,2026-07-28T19:45:00+0200,1018.49,MW,FR,FR,actual_onshore_wind_generation,Wind Onshore,2026-08-13T16:47:47Z
2026-08-13T16:46:02Z,2026-08-13T18:46:02+0200,bbadff40-465f-4669-a5ab-d3c11bbfaf39,2026-07-28T18:00:00Z,2026-07-28T20:00:00+0200,1044.01,MW,FR,FR,actual_onshore_wind_generation,Wind Onshore,2026-08-13T16:47:47Z
2026-08-13T16:46:02Z,2026-08-13T18:46:02+0200,bbadff40-465f-4669-a5ab-d3c11bbfaf39,2026-07-28T18:15:00Z,2026-07-28T20:15:00+0200,1063.04,MW,FR,FR,actual_onshore_wind_generation,Wind Onshore,2026-08-13T16:47:47Z
2026-08-13T16:46:02Z,2026-08-13T18:46:02+0200,bbadff40-465f-4669-a5ab-d3c11bbfaf39,2026-07-28T18:30:00Z,2026-07-28T20:30:00+0200,1107.74,MW,FR,FR,actual_onshore_wind_generation,Wind Onshore,2026-08-13T16:47:47Z
2026-08-13T16:46:02Z,2026-08-13T18:46:02+0200,bbadff40-465f-4669-a5ab-d3c11bbfaf39,2026-07-28T18:45:00Z,2026-07-28T20:45:00+0200,1143.95,MW,FR,FR,actual_onshore_wind_generation,Wind Onshore,2026-08-13T16:47:47Z
2026-08-13T16:46:02Z,2026-08-13T18:46:02+0200,bbadff40-465f-4669-a5ab-d3c11bbfaf39,2026-07-28T19:00:00Z,2026-07-28T21:00:00+0200,1232.73,MW,FR,FR,actual_onshore_wind_generation,Wind Onshore,2026-08-13T16:47:47Z
2026-08-13T16:46:02Z,2026-08-13T18:46:02+0200,bbadff40-465f-4669-a5ab-d3c11bbfaf39,2026-07-28T19:15:00Z,2026-07-28T21:15:00+0200,1306.95,MW,FR,FR,actual_onshore_wind_generation,Wind Onshore,2026-08-13T16:47:47Z
2026-08-13T16:46:02Z,2026-08-13T18:46:02+0200,bbadff40-465f-4669-a5ab-d3c11bbfaf39,2026-07-28T19:30:00Z,2026-07-28T21:30:00+0200,1354.81,MW,FR,FR,actual_onshore_wind_generation,Wind Onshore,2026-08-13T16:47:47Z
2026-08-13T16:46:02Z,2026-08-13T18:46:02+0200,bbadff40-465f-4669-a5ab-d3c11bbfaf39,2026-07-28T19:45:00Z,2026-07-28T21:45:00+0200,1427.54,MW,FR,FR,actual_onshore_wind_generation,Wind Onshore,2026-08-13T16:47:47Z
2026-08-13T16:46:02Z,2026-08-13T18:46:02+0200,bbadff40-465f-4669-a5ab-d3c11bbfaf39,2026-07-28T20:00:00Z,2026-07-28T22:00:00+0200,1537.72,MW,FR,FR,actual_onshore_wind_generation,Wind Onshore,2026-08-13T16:47:47Z
2026-08-13T16:46:02Z,2026-08-13T18:46:02+0200,bbadff40-465f-4669-a5ab-d3c11bbfaf39,2026-07-28T20:15:00Z,2026-07-28T22:15:00+0200,1694.38,MW,FR,FR,actual_onshore_wind_generation,Wind Onshore,2026-08-13T16:47:47Z
2026-08-13T16:46:02Z,2026-08-13T18:46:02+0200,bbadff40-465f-4669-a5ab-d3c11bbfaf39,2026-07-28T20:30:00Z,2026-07-28T22:30:00+0200,1768.02,MW,FR,FR,actual_onshore_wind_generation,Wind Onshore,2026-08-13T16:47:47Z
2026-08-13T16:46:02Z,2026-08-13T18:46:02+0200,bbadff40-465f-4669-a5ab-d3c11bbfaf39,2026-07-28T20:45:00Z,2026-07-28T22:45:00+0200,1827.1,MW,FR,FR,actual_onshore_wind_generation,Wind Onshore,2026-08-13T16:47:47Z
2026-08-13T16:46:02Z,2026-08-13T18:46:02+0200,bbadff40-465f-4669-a5ab-d3c11bbfaf39,2026-07-28T21:00:00Z,2026-07-28T23:00:00+0200,1916.27,MW,FR,FR,actual_onshore_wind_generation,Wind Onshore,2026-08-13T16:47:47Z
2026-08-13T16:46:02Z,2026-08-13T18:46:02+0200,bbadff40-465f-4669-a5ab-d3c11bbfaf39,2026-07-28T21:15:00Z,2026-07-28T23:15:00+0200,2032.89,MW,FR,FR,actual_onshore_wind_generation,Wind Onshore,2026-08-13T16:47:47Z
2026-08-13T16:46:02Z,2026-08-13T18:46:02+0200,bbadff40-465f-4669-a5ab-d3c11bbfaf39,2026-07-28T21:30:00Z,2026-07-28T23:30:00+0200,2077.89,MW,FR,FR,actual_onshore_wind_generation,Wind Onshore,2026-08-13T16:47:47Z
2026-08-13T16:46:02Z,2026-08-13T18:46:02+0200,bbadff40-465f-4669-a5ab-d3c11bbfaf39,2026-07-28T21:45:00Z,2026-07-28T23:45:00+0200,2116.49,MW,FR,FR,actual_onshore_wind_generation,Wind Onshore,2026-08-13T16:47:47Z
2026-08-13T16:46:02Z,2026-08-13T18:46:02+0200,bbadff40-465f-4669-a5ab-d3c11bbfaf39,2026-07-28T22:00:00Z,2026-07-29T00:00:00+0200,2149.18,MW,FR,FR,actual_onshore_wind_generation,Wind Onshore,2026-08-13T16:47:47Z
2026-08-13T16:46:02Z,2026-08-13T18:46:02+0200,bbadff40-465f-4669-a5ab-d3c11bbfaf39,2026-07-28T22:15:00Z,2026-07-29T00:15:00+0200,2236.65,MW,FR,FR,actual_onshore_wind_generation,Wind Onshore,2026-08-13T16:47:47Z
2026-08-13T16:46:02Z,2026-08-13T18:46:02+0200,bbadff40-465f-4669-a5ab-d3c11bbfaf39,2026-07-28T22:30:00Z,2026-07-29T00:30:00+0200,2277.4,MW,FR,FR,actual_onshore_wind_generation,Wind Onshore,2026-08-13T16:47:47Z
2026-08-13T16:46:02Z,2026-08-13T18:46:02+0200,bbadff40-465f-4669-a5ab-d3c11bbfaf39,2026-07-28T22:45:00Z,2026-07-29T00:45:00+0200,2323.71,MW,FR,FR,actual_onshore_wind_generation,Wind Onshore,2026-08-13T16:47:47Z
2026-08-13T16:46:02Z,2026-08-13T18:46:02+0200,bbadff40-465f-4669-a5ab-d3c11bbfaf39,2026-07-28T23:00:00Z,2026-07-29T01:00:00+0200,2356.85,MW,FR,FR,actual_onshore_wind_generation,Wind Onshore,2026-08-13T16:47:47Z
2026-08-13T16:46:02Z,2026-08-13T18:46:02+0200,bbadff40-465f-4669-a5ab-d3c11bbfaf39,2026-07-28T23:15:00Z,2026-07-29T01:15:00+0200,2303.56,MW,FR,FR,actual_onshore_wind_generation,Wind Onshore,2026-08-13T16:47:47Z
2026-08-13T16:46:02Z,2026-08-13T18:46:02+0200,bbadff40-465f-4669-a5ab-d3c11bbfaf39,2026-07-28T23:30:00Z,2026-07-29T01:30:00+0200,2263.17,MW,FR,FR,actual_onshore_wind_generation,Wind Onshore,2026-08-13T16:47:47Z
2026-08-13T16:46:02Z,2026-08-13T18:46:02+0200,bbadff40-465f-4669-a5ab-d3c11bbfaf39,2026-07-28T23:45:00Z,2026-07-29T01:45:00+0200,2226.4,MW,FR,FR,actual_onshore_wind_generation,Wind Onshore,2026-08-13T16:47:47Z
2026-08-13T16:46:02Z,2026-08-13T18:46:02+0200,bbadff40-465f-4669-a5ab-d3c11bbfaf39,2026-07-29T00:00:00Z,2026-07-29T02:00:00+0200,2173.56,MW,FR,FR,actual_onshore_wind_generation,Wind Onshore,2026-08-13T16:47:47Z
2026-08-13T16:46:02Z,2026-08-13T18:46:02+0200,bbadff40-465f-4669-a5ab-d3c11bbfaf39,2026-07-29T00:15:00Z,2026-07-29T02:15:00+0200,2101.69,MW,FR,FR,actual_onshore_wind_generation,Wind Onshore,2026-08-13T16:47:47Z
2026-08-13T16:46:02Z,2026-08-13T18:46:02+0200,bbadff40-465f-4669-a5ab-d3c11bbfaf39,2026-07-29T00:30:00Z,2026-07-29T02:30:00+0200,2023.83,MW,FR,FR,actual_onshore_wind_generation,Wind Onshore,2026-08-13T16:47:47Z
2026-08-13T16:46:02Z,2026-08-13T18:46:02+0200,bbadff40-465f-4669-a5ab-d3c11bbfaf39,2026-07-29T00:45:00Z,2026-07-29T02:45:00+0200,1930.79,MW,FR,FR,actual_onshore_wind_generation,Wind Onshore,2026-08-13T16:47:47Z
2026-08-13T16:46:02Z,2026-08-13T18:46:02+0200,bbadff40-465f-4669-a5ab-d3c11bbfaf39,2026-07-29T01:00:00Z,2026-07-29T03:00:00+0200,1867.38,MW,FR,FR,actual_onshore_wind_generation,Wind Onshore,2026-08-13T16:47:47Z
2026-08-13T16:46:02Z,2026-08-13T18:46:02+0200,bbadff40-465f-4669-a5ab-d3c11bbfaf39,2026-07-29T01:15:00Z,2026-07-29T03:15:00+0200,1840.08,MW,FR,FR,actual_onshore_wind_generation,Wind Onshore,2026-08-13T16:47:47Z
2026-08-13T16:46:02Z,2026-08-13T18:46:02+0200,bbadff40-465f-4669-a5ab-d3c11bbfaf39,2026-07-29T01:30:00Z,2026-07-29T03:30:00+0200,1816.5,MW,FR,FR,actual_onshore_wind_generation,Wind Onshore,2026-08-13T16:47:47Z
2026-08-13T16:46:02Z,2026-08-13T18:46:02+0200,bbadff40-465f-4669-a5ab-d3c11bbfaf39,2026-07-29T01:45:00Z,2026-07-29T03:45:00+0200,1785.23,MW,FR,FR,actual_onshore_wind_generation,Wind Onshore,2026-08-13T16:47:47Z
2026-08-13T16:46:02Z,2026-08-13T18:46:02+0200,bbadff40-465f-4669-a5ab-d3c11bbfaf39,2026-07-29T02:00:00Z,2026-07-29T04:00:00+0200,1720.85,MW,FR,FR,actual_onshore_wind_generation,Wind Onshore,2026-08-13T16:47:47Z
2026-08-13T16:46:02Z,2026-08-13T18:46:02+0200,bbadff40-465f-4669-a5ab-d3c11bbfaf39,2026-07-29T02:15:00Z,2026-07-29T04:15:00+0200,1687.05,MW,FR,FR,actual_onshore_wind_generation,Wind Onshore,2026-08-13T16:47:47Z
2026-08-13T16:46:02Z,2026-08-13T18:46:02+0200,bbadff40-465f-4669-a5ab-d3c11bbfaf39,2026-07-29T02:30:00Z,2026-07-29T04:30:00+0200,1638.75,MW,FR,FR,actual_onshore_wind_generation,Wind Onshore,2026-08-13T16:47:47Z
2026-08-13T16:46:02Z,2026-08-13T18:46:02+0200,bbadff40-465f-4669-a5ab-d3c11bbfaf39,2026-07-29T02:45:00Z,2026-07-29T04:45:00+0200,1619.19,MW,FR,FR,actual_onshore_wind_generation,Wind Onshore,2026-08-13T16:47:47Z
2026-08-13T16:46:02Z,2026-08-13T18:46:02+0200,bbadff40-465f-4669-a5ab-d3c11bbfaf39,2026-07-29T03:00:00Z,2026-07-29T05:00:00+0200,1650.09,MW,FR,FR,actual_onshore_wind_generation,Wind Onshore,2026-08-13T16:47:47Z
2026-08-13T16:46:02Z,2026-08-13T18:46:02+0200,bbadff40-465f-4669-a5ab-d3c11bbfaf39,2026-07-29T03:15:00Z,2026-07-29T05:15:00+0200,1730.47,MW,FR,FR,actual_onshore_wind_generation,Wind Onshore,2026-08-13T16:47:47Z
2026-08-13T16:46:02Z,2026-08-13T18:46:02+0200,bbadff40-465f-4669-a5ab-d3c11bbfaf39,2026-07-29T03:30:00Z,2026-07-29T05:30:00+0200,1818.59,MW,FR,FR,actual_onshore_wind_generation,Wind Onshore,2026-08-13T16:47:47Z
2026-08-13T16:46:02Z,2026-08-13T18:46:02+0200,bbadff40-465f-4669-a5ab-d3c11bbfaf39,2026-07-29T03:45:00Z,2026-07-29T05:45:00+0200,1913.0,MW,FR,FR,actual_onshore_wind_generation,Wind Onshore,2026-08-13T16:47:47Z
2026-08-13T16:46:02Z,2026-08-13T18:46:02+0200,bbadff40-465f-4669-a5ab-d3c11bbfaf39,2026-07-29T04:00:00Z,2026-07-29T06:00:00+0200,2026.72,MW,FR,FR,actual_onshore_wind_generation,Wind Onshore,2026-08-13T16:47:47Z
2026-08-13T16:46:02Z,2026-08-13T18:46:02+0200,bbadff40-465f-4669-a5ab-d3c11bbfaf39,2026-07-29T04:15:00Z,2026-07-29T06:15:00+0200,2088.42,MW,FR,FR,actual_onshore_wind_generation,Wind Onshore,2026-08-13T16:47:47Z
2026-08-13T16:46:02Z,2026-08-13T18:46:02+0200,bbadff40-465f-4669-a5ab-d3c11bbfaf39,2026-07-29T04:30:00Z,2026-07-29T06:30:00+0200,2104.62,MW,FR,FR,actual_onshore_wind_generation,Wind Onshore,2026-08-13T16:47:47Z
2026-08-13T16:46:02Z,2026-08-13T18:46:02+0200,bbadff40-465f-4669-a5ab-d3c11bbfaf39,2026-07-29T04:45:00Z,2026-07-29T06:45:00+0200,2144.1,MW,FR,FR,actual_onshore_wind_generation,Wind Onshore,2026-08-13T16:47:47Z
2026-08-13T16:46:02Z,2026-08-13T18:46:02+0200,bbadff40-465f-4669-a5ab-d3c11bbfaf39,2026-07-29T05:00:00Z,2026-07-29T07:00:00+0200,2161.73,MW,FR,FR,actual_onshore_wind_generation,Wind Onshore,2026-08-13T16:47:47Z
2026-08-13T16:46:02Z,2026-08-13T18:46:02+0200,bbadff40-465f-4669-a5ab-d3c11bbfaf39,2026-07-29T05:15:00Z,2026-07-29T07:15:00+0200,2181.93,MW,FR,FR,actual_onshore_wind_generation,Wind Onshore,2026-08-13T16:47:47Z
2026-08-13T16:46:02Z,2026-08-13T18:46:02+0200,bbadff40-465f-4669-a5ab-d3c11bbfaf39,2026-07-29T05:30:00Z,2026-07-29T07:30:00+0200,2148.69,MW,FR,FR,actual_onshore_wind_generation,Wind Onshore,2026-08-13T16:47:47Z
2026-08-13T16:46:02Z,2026-08-13T18:46:02+0200,bbadff40-465f-4669-a5ab-d3c11bbfaf39,2026-07-29T05:45:00Z,2026-07-29T07:45:00+0200,2118.04,MW,FR,FR,actual_onshore_wind_generation,Wind Onshore,2026-08-13T16:47:47Z
2026-08-13T16:46:02Z,2026-08-13T18:46:02+0200,bbadff40-465f-4669-a5ab-d3c11bbfaf39,2026-07-29T06:00:00Z,2026-07-29T08:00:00+0200,2060.93,MW,FR,FR,actual_onshore_wind_generation,Wind Onshore,2026-08-13T16:47:47Z
2026-08-13T16:46:02Z,2026-08-13T18:46:02+0200,bbadff40-465f-4669-a5ab-d3c11bbfaf39,2026-07-29T06:15:00Z,2026-07-29T08:15:00+0200,1933.17,MW,FR,FR,actual_onshore_wind_generation,Wind Onshore,2026-08-13T16:47:47Z
2026-08-13T16:46:02Z,2026-08-13T18:46:02+0200,bbadff40-465f-4669-a5ab-d3c11bbfaf39,2026-07-29T06:30:00Z,2026-07-29T08:30:00+0200,1703.52,MW,FR,FR,actual_onshore_wind_generation,Wind Onshore,2026-08-13T16:47:47Z
2026-08-13T16:46:02Z,2026-08-13T18:46:02+0200,bbadff40-465f-4669-a5ab-d3c11bbfaf39,2026-07-29T06:45:00Z,2026-07-29T08:45:00+0200,1437.58,MW,FR,FR,actual_onshore_wind_generation,Wind Onshore,2026-08-13T16:47:47Z
2026-08-13T16:46:02Z,2026-08-13T18:46:02+0200,bbadff40-465f-4669-a5ab-d3c11bbfaf39,2026-07-29T07:00:00Z,2026-07-29T09:00:00+0200,1216.27,MW,FR,FR,actual_onshore_wind_generation,Wind Onshore,2026-08-13T16:47:47Z
2026-08-13T16:46:02Z,2026-08-13T18:46:02+0200,bbadff40-465f-4669-a5ab-d3c11bbfaf39,2026-07-29T07:15:00Z,2026-07-29T09:15:00+0200,1036.89,MW,FR,FR,actual_onshore_wind_generation,Wind Onshore,2026-08-13T16:47:47Z
2026-08-13T16:46:02Z,2026-08-13T18:46:02+0200,bbadff40-465f-4669-a5ab-d3c11bbfaf39,2026-07-29T07:30:00Z,2026-07-29T09:30:00+0200,910.82,MW,FR,FR,actual_onshore_wind_generation,Wind Onshore,2026-08-13T16:47:47Z
2026-08-13T16:46:02Z,2026-08-13T18:46:02+0200,bbadff40-465f-4669-a5ab-d3c11bbfaf39,2026-07-29T07:45:00Z,2026-07-29T09:45:00+0200,808.0,MW,FR,FR,actual_onshore_wind_generation,Wind Onshore,2026-08-13T16:47:47Z
2026-08-13T16:46:02Z,2026-08-13T18:46:02+0200,bbadff40-465f-4669-a5ab-d3c11bbfaf39,2026-07-29T08:00:00Z,2026-07-29T10:00:00+0200,766.02,MW,FR,FR,actual_onshore_wind_generation,Wind Onshore,2026-08-13T16:47:47Z
2026-08-13T16:46:02Z,2026-08-13T18:46:02+0200,bbadff40-465f-4669-a5ab-d3c11bbfaf39,2026-07-29T08:15:00Z,2026-07-29T10:15:00+0200,725.77,MW,FR,FR,actual_onshore_wind_generation,Wind Onshore,2026-08-13T16:47:47Z
2026-08-13T16:46:02Z,2026-08-13T18:46:02+0200,bbadff40-465f-4669-a5ab-d3c11bbfaf39,2026-07-29T08:30:00Z,2026-07-29T10:30:00+0200,707.67,MW,FR,FR,actual_onshore_wind_generation,Wind Onshore,2026-08-13T16:47:47Z
2026-08-13T16:46:02Z,2026-08-13T18:46:02+0200,bbadff40-465f-4669-a5ab-d3c11bbfaf39,2026-07-29T08:45:00Z,2026-07-29T10:45:00+0200,714.66,MW,FR,FR,actual_onshore_wind_generation,Wind Onshore,2026-08-13T16:47:47Z
2026-08-13T16:46:02Z,2026-08-13T18:46:02+0200,bbadff40-465f-4669-a5ab-d3c11bbfaf39,2026-07-29T09:00:00Z,2026-07-29T11:00:00+0200,709.84,MW,FR,FR,actual_onshore_wind_generation,Wind Onshore,2026-08-13T16:47:47Z
2026-08-13T16:46:02Z,2026-08-13T18:46:02+0200,bbadff40-465f-4669-a5ab-d3c11bbfaf39,2026-07-29T09:15:00Z,2026-07-29T11:15:00+0200,711.45,MW,FR,FR,actual_onshore_wind_generation,Wind Onshore,2026-08-13T16:47:47Z
2026-08-13T16:46:02Z,2026-08-13T18:46:02+0200,bbadff40-465f-4669-a5ab-d3c11bbfaf39,2026-07-29T09:30:00Z,2026-07-29T11:30:00+0200,716.8,MW,FR,FR,actual_onshore_wind_generation,Wind Onshore,2026-08-13T16:47:47Z
2026-08-13T16:46:02Z,2026-08-13T18:46:02+0200,bbadff40-465f-4669-a5ab-d3c11bbfaf39,2026-07-29T09:45:00Z,2026-07-29T11:45:00+0200,748.66,MW,FR,FR,actual_onshore_wind_generation,Wind Onshore,2026-08-13T16:47:47Z
2026-08-13T16:46:02Z,2026-08-13T18:46:02+0200,bbadff40-465f-4669-a5ab-d3c11bbfaf39,2026-07-29T10:00:00Z,2026-07-29T12:00:00+0200,794.31,MW,FR,FR,actual_onshore_wind_generation,Wind Onshore,2026-08-13T16:47:47Z
2026-08-13T16:46:02Z,2026-08-13T18:46:02+0200,bbadff40-465f-4669-a5ab-d3c11bbfaf39,2026-07-29T10:15:00Z,2026-07-29T12:15:00+0200,855.97,MW,FR,FR,actual_onshore_wind_generation,Wind Onshore,2026-08-13T16:47:47Z
2026-08-13T16:46:02Z,2026-08-13T18:46:02+0200,bbadff40-465f-4669-a5ab-d3c11bbfaf39,2026-07-29T10:30:00Z,2026-07-29T12:30:00+0200,938.44,MW,FR,FR,actual_onshore_wind_generation,Wind Onshore,2026-08-13T16:47:47Z
2026-08-13T16:46:02Z,2026-08-13T18:46:02+0200,bbadff40-465f-4669-a5ab-d3c11bbfaf39,2026-07-29T10:45:00Z,2026-07-29T12:45:00+0200,1028.84,MW,FR,FR,actual_onshore_wind_generation,Wind Onshore,2026-08-13T16:47:47Z
2026-08-13T16:46:02Z,2026-08-13T18:46:02+0200,bbadff40-465f-4669-a5ab-d3c11bbfaf39,2026-07-29T11:00:00Z,2026-07-29T13:00:00+0200,1102.92,MW,FR,FR,actual_onshore_wind_generation,Wind Onshore,2026-08-13T16:47:47Z
2026-08-13T16:46:02Z,2026-08-13T18:46:02+0200,bbadff40-465f-4669-a5ab-d3c11bbfaf39,2026-07-29T11:15:00Z,2026-07-29T13:15:00+0200,1269.22,MW,FR,FR,actual_onshore_wind_generation,Wind Onshore,2026-08-13T16:47:47Z
2026-08-13T16:46:02Z,2026-08-13T18:46:02+0200,bbadff40-465f-4669-a5ab-d3c11bbfaf39,2026-07-29T11:30:00Z,2026-07-29T13:30:00+0200,1455.1,MW,FR,FR,actual_onshore_wind_generation,Wind Onshore,2026-08-13T16:47:47Z
2026-08-13T16:46:02Z,2026-08-13T18:46:02+0200,bbadff40-465f-4669-a5ab-d3c11bbfaf39,2026-07-29T11:45:00Z,2026-07-29T13:45:00+0200,1633.53,MW,FR,FR,actual_onshore_wind_generation,Wind Onshore,2026-08-13T16:47:47Z
2026-08-13T16:46:02Z,2026-08-13T18:46:02+0200,bbadff40-465f-4669-a5ab-d3c11bbfaf39,2026-07-29T12:00:00Z,2026-07-29T14:00:00+0200,1836.93,MW,FR,FR,actual_onshore_wind_generation,Wind Onshore,2026-08-13T16:47:47Z
2026-08-13T16:46:02Z,2026-08-13T18:46:02+0200,bbadff40-465f-4669-a5ab-d3c11bbfaf39,2026-07-29T12:15:00Z,2026-07-29T14:15:00+0200,2060.45,MW,FR,FR,actual_onshore_wind_generation,Wind Onshore,2026-08-13T16:47:47Z
2026-08-13T16:46:02Z,2026-08-13T18:46:02+0200,bbadff40-465f-4669-a5ab-d3c11bbfaf39,2026-07-29T12:30:00Z,2026-07-29T14:30:00+0200,2216.14,MW,FR,FR,actual_onshore_wind_generation,Wind Onshore,2026-08-13T16:47:47Z
2026-08-13T16:46:02Z,2026-08-13T18:46:02+0200,bbadff40-465f-4669-a5ab-d3c11bbfaf39,2026-07-29T12:45:00Z,2026-07-29T14:45:00+0200,2297.75,MW,FR,FR,actual_onshore_wind_generation,Wind Onshore,2026-08-13T16:47:47Z
2026-08-13T16:46:02Z,2026-08-13T18:46:02+0200,bbadff40-465f-4669-a5ab-d3c11bbfaf39,2026-07-29T13:00:00Z,2026-07-29T15:00:00+0200,2358.81,MW,FR,FR,actual_onshore_wind_generation,Wind Onshore,2026-08-13T16:47:47Z
2026-08-13T16:46:02Z,2026-08-13T18:46:02+0200,bbadff40-465f-4669-a5ab-d3c11bbfaf39,2026-07-29T13:15:00Z,2026-07-29T15:15:00+0200,2432.11,MW,FR,FR,actual_onshore_wind_generation,Wind Onshore,2026-08-13T16:47:47Z
2026-08-13T16:46:02Z,2026-08-13T18:46:02+0200,bbadff40-465f-4669-a5ab-d3c11bbfaf39,2026-07-29T13:30:00Z,2026-07-29T15:30:00+0200,2486.07,MW,FR,FR,actual_onshore_wind_generation,Wind Onshore,2026-08-13T16:47:47Z
2026-08-13T16:46:02Z,2026-08-13T18:46:02+0200,bbadff40-465f-4669-a5ab-d3c11bbfaf39,2026-07-29T13:45:00Z,2026-07-29T15:45:00+0200,2568.73,MW,FR,FR,actual_onshore_wind_generation,Wind Onshore,2026-08-13T16:47:47Z
2026-08-13T16:46:02Z,2026-08-13T18:46:02+0200,bbadff40-465f-4669-a5ab-d3c11bbfaf39,2026-07-29T14:00:00Z,2026-07-29T16:00:00+0200,2536.73,MW,FR,FR,actual_onshore_wind_generation,Wind Onshore,2026-08-13T16:47:47Z
2026-08-13T16:46:02Z,2026-08-13T18:46:02+0200,bbadff40-465f-4669-a5ab-d3c11bbfaf39,2026-07-29T14:15:00Z,2026-07-29T16:15:00+0200,2556.32,MW,FR,FR,actual_onshore_wind_generation,Wind Onshore,2026-08-13T16:47:47Z
2026-08-13T16:46:02Z,2026-08-13T18:46:02+0200,bbadff40-465f-4669-a5ab-d3c11bbfaf39,2026-07-29T14:30:00Z,2026-07-29T16:30:00+0200,2545.78,MW,FR,FR,actual_onshore_wind_generation,Wind Onshore,2026-08-13T16:47:47Z
2026-08-13T16:46:02Z,2026-08-13T18:46:02+0200,bbadff40-465f-4669-a5ab-d3c11bbfaf39,2026-07-29T14:45:00Z,2026-07-29T16:45:00+0200,2575.12,MW,FR,FR,actual_onshore_wind_generation,Wind Onshore,2026-08-13T16:47:47Z
2026-08-13T16:46:02Z,2026-08-13T18:46:02+0200,bbadff40-465f-4669-a5ab-d3c11bbfaf39,2026-07-29T15:00:00Z,2026-07-29T17:00:00+0200,2658.62,MW,FR,FR,actual_onshore_wind_generation,Wind Onshore,2026-08-13T16:47:47Z
2026-08-13T16:46:02Z,2026-08-13T18:46:02+0200,bbadff40-465f-4669-a5ab-d3c11bbfaf39,2026-07-29T15:15:00Z,2026-07-29T17:15:00+0200,2715.04,MW,FR,FR,actual_onshore_wind_generation,Wind Onshore,2026-08-13T16:47:47Z
2026-08-13T16:46:02Z,2026-08-13T18:46:02+0200,bbadff40-465f-4669-a5ab-d3c11bbfaf39,2026-07-29T15:30:00Z,2026-07-29T17:30:00+0200,2628.84,MW,FR,FR,actual_onshore_wind_generation,Wind Onshore,2026-08-13T16:47:47Z
2026-08-13T16:46:02Z,2026-08-13T18:46:02+0200,bbadff40-465f-4669-a5ab-d3c11bbfaf39,2026-07-29T15:45:00Z,2026-07-29T17:45:00+0200,2650.22,MW,FR,FR,actual_onshore_wind_generation,Wind Onshore,2026-08-13T16:47:47Z
2026-08-13T16:46:02Z,2026-08-13T18:46:02+0200,bbadff40-465f-4669-a5ab-d3c11bbfaf39,2026-07-29T16:00:00Z,2026-07-29T18:00:00+0200,2544.83,MW,FR,FR,actual_onshore_wind_generation,Wind Onshore,2026-08-13T16:47:47Z
2026-08-13T16:46:02Z,2026-08-13T18:46:02+0200,bbadff40-465f-4669-a5ab-d3c11bbfaf39,2026-07-29T16:15:00Z,2026-07-29T18:15:00+0200,2508.3,MW,FR,FR,actual_onshore_wind_generation,Wind Onshore,2026-08-13T16:47:47Z
2026-08-13T16:46:02Z,2026-08-13T18:46:02+0200,bbadff40-465f-4669-a5ab-d3c11bbfaf39,2026-07-29T16:30:00Z,2026-07-29T18:30:00+0200,2446.61,MW,FR,FR,actual_onshore_wind_generation,Wind Onshore,2026-08-13T16:47:47Z
2026-08-13T16:46:02Z,2026-08-13T18:46:02+0200,bbadff40-465f-4669-a5ab-d3c11bbfaf39,2026-07-29T16:45:00Z,2026-07-29T18:45:00+0200,2356.24,MW,FR,FR,actual_onshore_wind_generation,Wind Onshore,2026-08-13T16:47:47Z
2026-08-13T16:46:02Z,2026-08-13T18:46:02+0200,bbadff40-465f-4669-a5ab-d3c11bbfaf39,2026-07-29T17:00:00Z,2026-07-29T19:00:00+0200,2316.17,MW,FR,FR,actual_onshore_wind_generation,Wind Onshore,2026-08-13T16:47:47Z
2026-08-13T16:46:02Z,2026-08-13T18:46:02+0200,bbadff40-465f-4669-a5ab-d3c11bbfaf39,2026-07-29T17:15:00Z,2026-07-29T19:15:00+0200,2209.85,MW,FR,FR,actual_onshore_wind_generation,Wind Onshore,2026-08-13T16:47:47Z
2026-08-13T16:46:02Z,2026-08-13T18:46:02+0200,bbadff40-465f-4669-a5ab-d3c11bbfaf39,2026-07-29T17:30:00Z,2026-07-29T19:30:00+0200,2090.17,MW,FR,FR,actual_onshore_wind_generation,Wind Onshore,2026-08-13T16:47:47Z
2026-08-13T16:46:02Z,2026-08-13T18:46:02+0200,bbadff40-465f-4669-a5ab-d3c11bbfaf39,2026-07-29T17:45:00Z,2026-07-29T19:45:00+0200,2049.13,MW,FR,FR,actual_onshore_wind_generation,Wind Onshore,2026-08-13T16:47:47Z
2026-08-13T16:46:02Z,2026-08-13T18:46:02+0200,bbadff40-465f-4669-a5ab-d3c11bbfaf39,2026-07-29T18:00:00Z,2026-07-29T20:00:00+0200,1993.7,MW,FR,FR,actual_onshore_wind_generation,Wind Onshore,2026-08-13T16:47:47Z
2026-08-13T16:46:02Z,2026-08-13T18:46:02+0200,bbadff40-465f-4669-a5ab-d3c11bbfaf39,2026-07-29T18:15:00Z,2026-07-29T20:15:00+0200,1971.62,MW,FR,FR,actual_onshore_wind_generation,Wind Onshore,2026-08-13T16:47:47Z
2026-08-13T16:46:02Z,2026-08-13T18:46:02+0200,bbadff40-465f-4669-a5ab-d3c11bbfaf39,2026-07-29T18:30:00Z,2026-07-29T20:30:00+0200,1985.51,MW,FR,FR,actual_onshore_wind_generation,Wind Onshore,2026-08-13T16:47:47Z
2026-08-13T16:46:02Z,2026-08-13T18:46:02+0200,bbadff40-465f-4669-a5ab-d3c11bbfaf39,2026-07-29T18:45:00Z,2026-07-29T20:45:00+0200,2082.6,MW,FR,FR,actual_onshore_wind_generation,Wind Onshore,2026-08-13T16:47:47Z
2026-08-13T16:46:02Z,2026-08-13T18:46:02+0200,bbadff40-465f-4669-a5ab-d3c11bbfaf39,2026-07-29T19:00:00Z,2026-07-29T21:00:00+0200,2230.24,MW,FR,FR,actual_onshore_wind_generation,Wind Onshore,2026-08-13T16:47:47Z
2026-08-13T16:46:02Z,2026-08-13T18:46:02+0200,bbadff40-465f-4669-a5ab-d3c11bbfaf39,2026-07-29T19:15:00Z,2026-07-29T21:15:00+0200,2340.63,MW,FR,FR,actual_onshore_wind_generation,Wind Onshore,2026-08-13T16:47:47Z
2026-08-13T16:46:02Z,2026-08-13T18:46:02+0200,bbadff40-465f-4669-a5ab-d3c11bbfaf39,2026-07-29T19:30:00Z,2026-07-29T21:30:00+0200,2373.71,MW,FR,FR,actual_onshore_wind_generation,Wind Onshore,2026-08-13T16:47:47Z
2026-08-13T16:46:02Z,2026-08-13T18:46:02+0200,bbadff40-465f-4669-a5ab-d3c11bbfaf39,2026-07-29T19:45:00Z,2026-07-29T21:45:00+0200,2308.69,MW,FR,FR,actual_onshore_wind_generation,Wind Onshore,2026-08-13T16:47:47Z
2026-08-13T16:46:02Z,2026-08-13T18:46:02+0200,bbadff40-465f-4669-a5ab-d3c11bbfaf39,2026-07-29T20:00:00Z,2026-07-29T22:00:00+0200,2223.28,MW,FR,FR,actual_onshore_wind_generation,Wind Onshore,2026-08-13T16:47:47Z
2026-08-13T16:46:02Z,2026-08-13T18:46:02+0200,bbadff40-465f-4669-a5ab-d3c11bbfaf39,2026-07-29T20:15:00Z,2026-07-29T22:15:00+0200,2198.74,MW,FR,FR,actual_onshore_wind_generation,Wind Onshore,2026-08-13T16:47:47Z
2026-08-13T16:46:02Z,2026-08-13T18:46:02+0200,bbadff40-465f-4669-a5ab-d3c11bbfaf39,2026-07-29T20:30:00Z,2026-07-29T22:30:00+0200,2153.3,MW,FR,FR,actual_onshore_wind_generation,Wind Onshore,2026-08-13T16:47:47Z
2026-08-13T16:46:02Z,2026-08-13T18:46:02+0200,bbadff40-465f-4669-a5ab-d3c11bbfaf39,2026-07-29T20:45:00Z,2026-07-29T22:45:00+0200,2147.9,MW,FR,FR,actual_onshore_wind_generation,Wind Onshore,2026-08-13T16:47:47Z
2026-08-13T16:46:02Z,2026-08-13T18:46:02+0200,bbadff40-465f-4669-a5ab-d3c11bbfaf39,2026-07-29T21:00:00Z,2026-07-29T23:00:00+0200,2091.05,MW,FR,FR,actual_onshore_wind_generation,Wind Onshore,2026-08-13T16:47:47Z
2026-08-13T16:46:02Z,2026-08-13T18:46:02+0200,bbadff40-465f-4669-a5ab-d3c11bbfaf39,2026-07-29T21:15:00Z,2026-07-29T23:15:00+0200,2091.96,MW,FR,FR,actual_onshore_wind_generation,Wind Onshore,2026-08-13T16:47:47Z
2026-08-13T16:46:02Z,2026-08-13T18:46:02+0200,bbadff40-465f-4669-a5ab-d3c11bbfaf39,2026-07-29T21:30:00Z,2026-07-29T23:30:00+0200,2098.03,MW,FR,FR,actual_onshore_wind_generation,Wind Onshore,2026-08-13T16:47:47Z
2026-08-13T16:46:02Z,2026-08-13T18:46:02+0200,bbadff40-465f-4669-a5ab-d3c11bbfaf39,2026-07-29T21:45:00Z,2026-07-29T23:45:00+0200,2141.81,MW,FR,FR,actual_onshore_wind_generation,Wind Onshore,2026-08-13T16:47:47Z
2026-08-13T16:46:02Z,2026-08-13T18:46:02+0200,bbadff40-465f-4669-a5ab-d3c11bbfaf39,2026-07-29T22:00:00Z,2026-07-30T00:00:00+0200,2148.88,MW,FR,FR,actual_onshore_wind_generation,Wind Onshore,2026-08-13T16:47:47Z
2026-08-13T16:46:02Z,2026-08-13T18:46:02+0200,bbadff40-465f-4669-a5ab-d3c11bbfaf39,2026-07-29T22:15:00Z,2026-07-30T00:15:00+0200,2111.48,MW,FR,FR,actual_onshore_wind_generation,Wind Onshore,2026-08-13T16:47:47Z
2026-08-13T16:46:02Z,2026-08-13T18:46:02+0200,bbadff40-465f-4669-a5ab-d3c11bbfaf39,2026-07-29T22:30:00Z,2026-07-30T00:30:00+0200,2068.95,MW,FR,FR,actual_onshore_wind_generation,Wind Onshore,2026-08-13T16:47:47Z
2026-08-13T16:46:02Z,2026-08-13T18:46:02+0200,bbadff40-465f-4669-a5ab-d3c11bbfaf39,2026-07-29T22:45:00Z,2026-07-30T00:45:00+0200,2071.9,MW,FR,FR,actual_onshore_wind_generation,Wind Onshore,2026-08-13T16:47:47Z
2026-08-13T16:46:02Z,2026-08-13T18:46:02+0200,bbadff40-465f-4669-a5ab-d3c11bbfaf39,2026-07-29T23:00:00Z,2026-07-30T01:00:00+0200,2095.32,MW,FR,FR,actual_onshore_wind_generation,Wind Onshore,2026-08-13T16:47:47Z
2026-08-13T16:46:02Z,2026-08-13T18:46:02+0200,bbadff40-465f-4669-a5ab-d3c11bbfaf39,2026-07-29T23:15:00Z,2026-07-30T01:15:00+0200,2154.52,MW,FR,FR,actual_onshore_wind_generation,Wind Onshore,2026-08-13T16:47:47Z
2026-08-13T16:46:02Z,2026-08-13T18:46:02+0200,bbadff40-465f-4669-a5ab-d3c11bbfaf39,2026-07-29T23:30:00Z,2026-07-30T01:30:00+0200,2211.49,MW,FR,FR,actual_onshore_wind_generation,Wind Onshore,2026-08-13T16:47:47Z
2026-08-13T16:46:02Z,2026-08-13T18:46:02+0200,bbadff40-465f-4669-a5ab-d3c11bbfaf39,2026-07-29T23:45:00Z,2026-07-30T01:45:00+0200,2312.18,MW,FR,FR,actual_onshore_wind_generation,Wind Onshore,2026-08-13T16:47:47Z
2026-08-13T16:46:02Z,2026-08-13T18:46:02+0200,bbadff40-465f-4669-a5ab-d3c11bbfaf39,2026-07-30T00:00:00Z,2026-07-30T02:00:00+0200,2382.24,MW,FR,FR,actual_onshore_wind_generation,Wind Onshore,2026-08-13T16:47:47Z
2026-08-13T16:46:02Z,2026-08-13T18:46:02+0200,bbadff40-465f-4669-a5ab-d3c11bbfaf39,2026-07-30T00:15:00Z,2026-07-30T02:15:00+0200,2417.74,MW,FR,FR,actual_onshore_wind_generation,Wind Onshore,2026-08-13T16:47:47Z
2026-08-13T16:46:02Z,2026-08-13T18:46:02+0200,bbadff40-465f-4669-a5ab-d3c11bbfaf39,2026-07-30T00:30:00Z,2026-07-30T02:30:00+0200,2549.95,MW,FR,FR,actual_onshore_wind_generation,Wind Onshore,2026-08-13T16:47:47Z
2026-08-13T16:46:02Z,2026-08-13T18:46:02+0200,bbadff40-465f-4669-a5ab-d3c11bbfaf39,2026-07-30T00:45:00Z,2026-07-30T02:45:00+0200,2682.94,MW,FR,FR,actual_onshore_wind_generation,Wind Onshore,2026-08-13T16:47:47Z
2026-08-13T16:46:02Z,2026-08-13T18:46:02+0200,bbadff40-465f-4669-a5ab-d3c11bbfaf39,2026-07-30T01:00:00Z,2026-07-30T03:00:00+0200,2772.0,MW,FR,FR,actual_onshore_wind_generation,Wind Onshore,2026-08-13T16:47:47Z
2026-08-13T16:46:02Z,2026-08-13T18:46:02+0200,bbadff40-465f-4669-a5ab-d3c11bbfaf39,2026-07-30T01:15:00Z,2026-07-30T03:15:00+0200,2851.41,MW,FR,FR,actual_onshore_wind_generation,Wind Onshore,2026-08-13T16:47:47Z
2026-08-13T16:46:02Z,2026-08-13T18:46:02+0200,bbadff40-465f-4669-a5ab-d3c11bbfaf39,2026-07-30T01:30:00Z,2026-07-30T03:30:00+0200,2937.31,MW,FR,FR,actual_onshore_wind_generation,Wind Onshore,2026-08-13T16:47:47Z
2026-08-13T16:46:02Z,2026-08-13T18:46:02+0200,bbadff40-465f-4669-a5ab-d3c11bbfaf39,2026-07-30T01:45:00Z,2026-07-30T03:45:00+0200,3037.66,MW,FR,FR,actual_onshore_wind_generation,Wind Onshore,2026-08-13T16:47:47Z
2026-08-13T16:46:02Z,2026-08-13T18:46:02+0200,bbadff40-465f-4669-a5ab-d3c11bbfaf39,2026-07-30T02:00:00Z,2026-07-30T04:00:00+0200,3184.5,MW,FR,FR,actual_onshore_wind_generation,Wind Onshore,2026-08-13T16:47:47Z
2026-08-13T16:46:02Z,2026-08-13T18:46:02+0200,bbadff40-465f-4669-a5ab-d3c11bbfaf39,2026-07-30T02:15:00Z,2026-07-30T04:15:00+0200,3409.2,MW,FR,FR,actual_onshore_wind_generation,Wind Onshore,2026-08-13T16:47:47Z
2026-08-13T16:46:02Z,2026-08-13T18:46:02+0200,bbadff40-465f-4669-a5ab-d3c11bbfaf39,2026-07-30T02:30:00Z,2026-07-30T04:30:00+0200,3503.63,MW,FR,FR,actual_onshore_wind_generation,Wind Onshore,2026-08-13T16:47:47Z
2026-08-13T16:46:02Z,2026-08-13T18:46:02+0200,bbadff40-465f-4669-a5ab-d3c11bbfaf39,2026-07-30T02:45:00Z,2026-07-30T04:45:00+0200,3623.32,MW,FR,FR,actual_onshore_wind_generation,Wind Onshore,2026-08-13T16:47:47Z
2026-08-13T16:46:02Z,2026-08-13T18:46:02+0200,bbadff40-465f-4669-a5ab-d3c11bbfaf39,2026-07-30T03:00:00Z,2026-07-30T05:00:00+0200,3743.33,MW,FR,FR,actual_onshore_wind_generation,Wind Onshore,2026-08-13T16:47:47Z
2026-08-13T16:46:02Z,2026-08-13T18:46:02+0200,bbadff40-465f-4669-a5ab-d3c11bbfaf39,2026-07-30T03:15:00Z,2026-07-30T05:15:00+0200,3742.07,MW,FR,FR,actual_onshore_wind_generation,Wind Onshore,2026-08-13T16:47:47Z
2026-08-13T16:46:02Z,2026-08-13T18:46:02+0200,bbadff40-465f-4669-a5ab-d3c11bbfaf39,2026-07-30T03:30:00Z,2026-07-30T05:30:00+0200,3861.32,MW,FR,FR,actual_onshore_wind_generation,Wind Onshore,2026-08-13T16:47:47Z
2026-08-13T16:46:02Z,2026-08-13T18:46:02+0200,bbadff40-465f-4669-a5ab-d3c11bbfaf39,2026-07-30T03:45:00Z,2026-07-30T05:45:00+0200,4128.76,MW,FR,FR,actual_onshore_wind_generation,Wind Onshore,2026-08-13T16:47:47Z
2026-08-13T16:46:02Z,2026-08-13T18:46:02+0200,bbadff40-465f-4669-a5ab-d3c11bbfaf39,2026-07-30T04:00:00Z,2026-07-30T06:00:00+0200,4464.64,MW,FR,FR,actual_onshore_wind_generation,Wind Onshore,2026-08-13T16:47:47Z
2026-08-13T16:46:02Z,2026-08-13T18:46:02+0200,bbadff40-465f-4669-a5ab-d3c11bbfaf39,2026-07-30T04:15:00Z,2026-07-30T06:15:00+0200,4835.0,MW,FR,FR,actual_onshore_wind_generation,Wind Onshore,2026-08-13T16:47:47Z
2026-08-13T16:46:02Z,2026-08-13T18:46:02+0200,bbadff40-465f-4669-a5ab-d3c11bbfaf39,2026-07-30T04:30:00Z,2026-07-30T06:30:00+0200,4926.17,MW,FR,FR,actual_onshore_wind_generation,Wind Onshore,2026-08-13T16:47:47Z
2026-08-13T16:46:02Z,2026-08-13T18:46:02+0200,bbadff40-465f-4669-a5ab-d3c11bbfaf39,2026-07-30T04:45:00Z,2026-07-30T06:45:00+0200,4757.79,MW,FR,FR,actual_onshore_wind_generation,Wind Onshore,2026-08-13T16:47:47Z
2026-08-13T16:46:02Z,2026-08-13T18:46:02+0200,bbadff40-465f-4669-a5ab-d3c11bbfaf39,2026-07-30T05:00:00Z,2026-07-30T07:00:00+0200,4508.14,MW,FR,FR,actual_onshore_wind_generation,Wind Onshore,2026-08-13T16:47:47Z
2026-08-13T16:46:02Z,2026-08-13T18:46:02+0200,bbadff40-465f-4669-a5ab-d3c11bbfaf39,2026-07-30T05:15:00Z,2026-07-30T07:15:00+0200,4470.61,MW,FR,FR,actual_onshore_wind_generation,Wind Onshore,2026-08-13T16:47:47Z
2026-08-13T16:46:02Z,2026-08-13T18:46:02+0200,bbadff40-465f-4669-a5ab-d3c11bbfaf39,2026-07-30T05:30:00Z,2026-07-30T07:30:00+0200,4525.32,MW,FR,FR,actual_onshore_wind_generation,Wind Onshore,2026-08-13T16:47:47Z
2026-08-13T16:46:02Z,2026-08-13T18:46:02+0200,bbadff40-465f-4669-a5ab-d3c11bbfaf39,2026-07-30T05:45:00Z,2026-07-30T07:45:00+0200,4491.42,MW,FR,FR,actual_onshore_wind_generation,Wind Onshore,2026-08-13T16:47:47Z
2026-08-13T16:46:02Z,2026-08-13T18:46:02+0200,bbadff40-465f-4669-a5ab-d3c11bbfaf39,2026-07-30T06:00:00Z,2026-07-30T08:00:00+0200,4381.38,MW,FR,FR,actual_onshore_wind_generation,Wind Onshore,2026-08-13T16:47:47Z
2026-08-13T16:46:02Z,2026-08-13T18:46:02+0200,bbadff40-465f-4669-a5ab-d3c11bbfaf39,2026-07-30T06:15:00Z,2026-07-30T08:15:00+0200,4219.57,MW,FR,FR,actual_onshore_wind_generation,Wind Onshore,2026-08-13T16:47:47Z
2026-08-13T16:46:02Z,2026-08-13T18:46:02+0200,bbadff40-465f-4669-a5ab-d3c11bbfaf39,2026-07-30T06:30:00Z,2026-07-30T08:30:00+0200,3784.41,MW,FR,FR,actual_onshore_wind_generation,Wind Onshore,2026-08-13T16:47:47Z
2026-08-13T16:46:02Z,2026-08-13T18:46:02+0200,bbadff40-465f-4669-a5ab-d3c11bbfaf39,2026-07-30T06:45:00Z,2026-07-30T08:45:00+0200,3670.58,MW,FR,FR,actual_onshore_wind_generation,Wind Onshore,2026-08-13T16:47:47Z
2026-08-13T16:46:02Z,2026-08-13T18:46:02+0200,bbadff40-465f-4669-a5ab-d3c11bbfaf39,2026-07-30T07:00:00Z,2026-07-30T09:00:00+0200,3555.97,MW,FR,FR,actual_onshore_wind_generation,Wind Onshore,2026-08-13T16:47:47Z
2026-08-13T16:46:02Z,2026-08-13T18:46:02+0200,bbadff40-465f-4669-a5ab-d3c11bbfaf39,2026-07-30T07:15:00Z,2026-07-30T09:15:00+0200,3616.17,MW,FR,FR,actual_onshore_wind_generation,Wind Onshore,2026-08-13T16:47:47Z
2026-08-13T16:46:02Z,2026-08-13T18:46:02+0200,bbadff40-465f-4669-a5ab-d3c11bbfaf39,2026-07-30T07:30:00Z,2026-07-30T09:30:00+0200,3720.77,MW,FR,FR,actual_onshore_wind_generation,Wind Onshore,2026-08-13T16:47:47Z
2026-08-13T16:46:02Z,2026-08-13T18:46:02+0200,bbadff40-465f-4669-a5ab-d3c11bbfaf39,2026-07-30T07:45:00Z,2026-07-30T09:45:00+0200,4231.58,MW,FR,FR,actual_onshore_wind_generation,Wind Onshore,2026-08-13T16:47:47Z
2026-08-13T16:46:02Z,2026-08-13T18:46:02+0200,bbadff40-465f-4669-a5ab-d3c11bbfaf39,2026-07-30T08:00:00Z,2026-07-30T10:00:00+0200,4530.54,MW,FR,FR,actual_onshore_wind_generation,Wind Onshore,2026-08-13T16:47:47Z
2026-08-13T16:46:02Z,2026-08-13T18:46:02+0200,bbadff40-465f-4669-a5ab-d3c11bbfaf39,2026-07-30T08:15:00Z,2026-07-30T10:15:00+0200,4750.8,MW,FR,FR,actual_onshore_wind_generation,Wind Onshore,2026-08-13T16:47:47Z
2026-08-13T16:46:02Z,2026-08-13T18:46:02+0200,bbadff40-465f-4669-a5ab-d3c11bbfaf39,2026-07-30T08:30:00Z,2026-07-30T10:30:00+0200,4695.55,MW,FR,FR,actual_onshore_wind_generation,Wind Onshore,2026-08-13T16:47:47Z
2026-08-13T16:46:02Z,2026-08-13T18:46:02+0200,bbadff40-465f-4669-a5ab-d3c11bbfaf39,2026-07-30T08:45:00Z,2026-07-30T10:45:00+0200,4907.61,MW,FR,FR,actual_onshore_wind_generation,Wind Onshore,2026-08-13T16:47:47Z
2026-08-13T16:46:02Z,2026-08-13T18:46:02+0200,bbadff40-465f-4669-a5ab-d3c11bbfaf39,2026-07-30T09:00:00Z,2026-07-30T11:00:00+0200,5329.53,MW,FR,FR,actual_onshore_wind_generation,Wind Onshore,2026-08-13T16:47:47Z
2026-08-13T16:46:02Z,2026-08-13T18:46:02+0200,bbadff40-465f-4669-a5ab-d3c11bbfaf39,2026-07-30T09:15:00Z,2026-07-30T11:15:00+0200,5553.72,MW,FR,FR,actual_onshore_wind_generation,Wind Onshore,2026-08-13T16:47:47Z
2026-08-13T16:46:02Z,2026-08-13T18:46:02+0200,bbadff40-465f-4669-a5ab-d3c11bbfaf39,2026-07-30T09:30:00Z,2026-07-30T11:30:00+0200,5405.13,MW,FR,FR,actual_onshore_wind_generation,Wind Onshore,2026-08-13T16:47:47Z
2026-08-13T16:46:02Z,2026-08-13T18:46:02+0200,bbadff40-465f-4669-a5ab-d3c11bbfaf39,2026-07-30T09:45:00Z,2026-07-30T11:45:00+0200,4970.42,MW,FR,FR,actual_onshore_wind_generation,Wind Onshore,2026-08-13T16:47:47Z
2026-08-13T16:46:02Z,2026-08-13T18:46:02+0200,bbadff40-465f-4669-a5ab-d3c11bbfaf39,2026-07-30T10:00:00Z,2026-07-30T12:00:00+0200,4667.77,MW,FR,FR,actual_onshore_wind_generation,Wind Onshore,2026-08-13T16:47:47Z
2026-08-13T16:46:02Z,2026-08-13T18:46:02+0200,bbadff40-465f-4669-a5ab-d3c11bbfaf39,2026-07-30T10:15:00Z,2026-07-30T12:15:00+0200,4383.18,MW,FR,FR,actual_onshore_wind_generation,Wind Onshore,2026-08-13T16:47:47Z
2026-08-13T16:46:02Z,2026-08-13T18:46:02+0200,bbadff40-465f-4669-a5ab-d3c11bbfaf39,2026-07-30T10:30:00Z,2026-07-30T12:30:00+0200,3676.06,MW,FR,FR,actual_onshore_wind_generation,Wind Onshore,2026-08-13T16:47:47Z
2026-08-13T16:46:02Z,2026-08-13T18:46:02+0200,bbadff40-465f-4669-a5ab-d3c11bbfaf39,2026-07-30T10:45:00Z,2026-07-30T12:45:00+0200,3214.32,MW,FR,FR,actual_onshore_wind_generation,Wind Onshore,2026-08-13T16:47:47Z
2026-08-13T16:46:02Z,2026-08-13T18:46:02+0200,bbadff40-465f-4669-a5ab-d3c11bbfaf39,2026-07-30T11:00:00Z,2026-07-30T13:00:00+0200,2869.68,MW,FR,FR,actual_onshore_wind_generation,Wind Onshore,2026-08-13T16:47:47Z
2026-08-13T16:46:02Z,2026-08-13T18:46:02+0200,bbadff40-465f-4669-a5ab-d3c11bbfaf39,2026-07-30T11:15:00Z,2026-07-30T13:15:00+0200,3004.74,MW,FR,FR,actual_onshore_wind_generation,Wind Onshore,2026-08-13T16:47:47Z
2026-08-13T16:46:02Z,2026-08-13T18:46:02+0200,bbadff40-465f-4669-a5ab-d3c11bbfaf39,2026-07-30T11:30:00Z,2026-07-30T13:30:00+0200,3310.03,MW,FR,FR,actual_onshore_wind_generation,Wind Onshore,2026-08-13T16:47:47Z
2026-08-13T16:46:02Z,2026-08-13T18:46:02+0200,bbadff40-465f-4669-a5ab-d3c11bbfaf39,2026-07-30T11:45:00Z,2026-07-30T13:45:00+0200,3160.57,MW,FR,FR,actual_onshore_wind_generation,Wind Onshore,2026-08-13T16:47:47Z
2026-08-13T16:46:02Z,2026-08-13T18:46:02+0200,bbadff40-465f-4669-a5ab-d3c11bbfaf39,2026-07-30T12:00:00Z,2026-07-30T14:00:00+0200,2614.75,MW,FR,FR,actual_onshore_wind_generation,Wind Onshore,2026-08-13T16:47:47Z
2026-08-13T16:46:02Z,2026-08-13T18:46:02+0200,bbadff40-465f-4669-a5ab-d3c11bbfaf39,2026-07-30T12:15:00Z,2026-07-30T14:15:00+0200,2450.9,MW,FR,FR,actual_onshore_wind_generation,Wind Onshore,2026-08-13T16:47:47Z
2026-08-13T16:46:02Z,2026-08-13T18:46:02+0200,bbadff40-465f-4669-a5ab-d3c11bbfaf39,2026-07-30T12:30:00Z,2026-07-30T14:30:00+0200,2230.57,MW,FR,FR,actual_onshore_wind_generation,Wind Onshore,2026-08-13T16:47:47Z
2026-08-13T16:46:02Z,2026-08-13T18:46:02+0200,bbadff40-465f-4669-a5ab-d3c11bbfaf39,2026-07-30T12:45:00Z,2026-07-30T14:45:00+0200,1991.14,MW,FR,FR,actual_onshore_wind_generation,Wind Onshore,2026-08-13T16:47:47Z
2026-08-13T16:46:02Z,2026-08-13T18:46:02+0200,bbadff40-465f-4669-a5ab-d3c11bbfaf39,2026-07-30T13:00:00Z,2026-07-30T15:00:00+0200,1876.72,MW,FR,FR,actual_onshore_wind_generation,Wind Onshore,2026-08-13T16:47:47Z
2026-08-13T16:46:02Z,2026-08-13T18:46:02+0200,bbadff40-465f-4669-a5ab-d3c11bbfaf39,2026-07-30T13:15:00Z,2026-07-30T15:15:00+0200,1863.87,MW,FR,FR,actual_onshore_wind_generation,Wind Onshore,2026-08-13T16:47:47Z
2026-08-13T16:46:02Z,2026-08-13T18:46:02+0200,bbadff40-465f-4669-a5ab-d3c11bbfaf39,2026-07-30T13:30:00Z,2026-07-30T15:30:00+0200,1853.61,MW,FR,FR,actual_onshore_wind_generation,Wind Onshore,2026-08-13T16:47:47Z
2026-08-13T16:46:02Z,2026-08-13T18:46:02+0200,bbadff40-465f-4669-a5ab-d3c11bbfaf39,2026-07-30T13:45:00Z,2026-07-30T15:45:00+0200,1727.7,MW,FR,FR,actual_onshore_wind_generation,Wind Onshore,2026-08-13T16:47:47Z
2026-08-13T16:46:02Z,2026-08-13T18:46:02+0200,bbadff40-465f-4669-a5ab-d3c11bbfaf39,2026-07-30T14:00:00Z,2026-07-30T16:00:00+0200,1733.95,MW,FR,FR,actual_onshore_wind_generation,Wind Onshore,2026-08-13T16:47:47Z
2026-08-13T16:46:02Z,2026-08-13T18:46:02+0200,bbadff40-465f-4669-a5ab-d3c11bbfaf39,2026-07-30T14:15:00Z,2026-07-30T16:15:00+0200,1773.93,MW,FR,FR,actual_onshore_wind_generation,Wind Onshore,2026-08-13T16:47:47Z
2026-08-13T16:46:02Z,2026-08-13T18:46:02+0200,bbadff40-465f-4669-a5ab-d3c11bbfaf39,2026-07-30T14:30:00Z,2026-07-30T16:30:00+0200,1816.96,MW,FR,FR,actual_onshore_wind_generation,Wind Onshore,2026-08-13T16:47:47Z
2026-08-13T16:46:02Z,2026-08-13T18:46:02+0200,bbadff40-465f-4669-a5ab-d3c11bbfaf39,2026-07-30T14:45:00Z,2026-07-30T16:45:00+0200,1833.54,MW,FR,FR,actual_onshore_wind_generation,Wind Onshore,2026-08-13T16:47:47Z
2026-08-13T16:46:02Z,2026-08-13T18:46:02+0200,bbadff40-465f-4669-a5ab-d3c11bbfaf39,2026-07-30T15:00:00Z,2026-07-30T17:00:00+0200,1886.06,MW,FR,FR,actual_onshore_wind_generation,Wind Onshore,2026-08-13T16:47:47Z
2026-08-13T16:46:02Z,2026-08-13T18:46:02+0200,bbadff40-465f-4669-a5ab-d3c11bbfaf39,2026-07-30T15:15:00Z,2026-07-30T17:15:00+0200,1817.76,MW,FR,FR,actual_onshore_wind_generation,Wind Onshore,2026-08-13T16:47:47Z
2026-08-13T16:46:02Z,2026-08-13T18:46:02+0200,bbadff40-465f-4669-a5ab-d3c11bbfaf39,2026-07-30T15:30:00Z,2026-07-30T17:30:00+0200,1778.71,MW,FR,FR,actual_onshore_wind_generation,Wind Onshore,2026-08-13T16:47:47Z
2026-08-13T16:46:02Z,2026-08-13T18:46:02+0200,bbadff40-465f-4669-a5ab-d3c11bbfaf39,2026-07-30T15:45:00Z,2026-07-30T17:45:00+0200,1726.27,MW,FR,FR,actual_onshore_wind_generation,Wind Onshore,2026-08-13T16:47:47Z
2026-08-13T16:46:02Z,2026-08-13T18:46:02+0200,bbadff40-465f-4669-a5ab-d3c11bbfaf39,2026-07-30T16:00:00Z,2026-07-30T18:00:00+0200,1705.05,MW,FR,FR,actual_onshore_wind_generation,Wind Onshore,2026-08-13T16:47:47Z
2026-08-13T16:46:02Z,2026-08-13T18:46:02+0200,bbadff40-465f-4669-a5ab-d3c11bbfaf39,2026-07-30T16:15:00Z,2026-07-30T18:15:00+0200,1711.61,MW,FR,FR,actual_onshore_wind_generation,Wind Onshore,2026-08-13T16:47:47Z
2026-08-13T16:46:02Z,2026-08-13T18:46:02+0200,bbadff40-465f-4669-a5ab-d3c11bbfaf39,2026-07-30T16:30:00Z,2026-07-30T18:30:00+0200,1690.64,MW,FR,FR,actual_onshore_wind_generation,Wind Onshore,2026-08-13T16:47:47Z
2026-08-13T16:46:02Z,2026-08-13T18:46:02+0200,bbadff40-465f-4669-a5ab-d3c11bbfaf39,2026-07-30T16:45:00Z,2026-07-30T18:45:00+0200,1689.15,MW,FR,FR,actual_onshore_wind_generation,Wind Onshore,2026-08-13T16:47:47Z
2026-08-13T16:46:02Z,2026-08-13T18:46:02+0200,bbadff40-465f-4669-a5ab-d3c11bbfaf39,2026-07-30T17:00:00Z,2026-07-30T19:00:00+0200,1700.93,MW,FR,FR,actual_onshore_wind_generation,Wind Onshore,2026-08-13T16:47:47Z
2026-08-13T16:46:02Z,2026-08-13T18:46:02+0200,bbadff40-465f-4669-a5ab-d3c11bbfaf39,2026-07-30T17:15:00Z,2026-07-30T19:15:00+0200,1782.12,MW,FR,FR,actual_onshore_wind_generation,Wind Onshore,2026-08-13T16:47:47Z
2026-08-13T16:46:02Z,2026-08-13T18:46:02+0200,bbadff40-465f-4669-a5ab-d3c11bbfaf39,2026-07-30T17:30:00Z,2026-07-30T19:30:00+0200,1832.29,MW,FR,FR,actual_onshore_wind_generation,Wind Onshore,2026-08-13T16:47:47Z
2026-08-13T16:46:02Z,2026-08-13T18:46:02+0200,bbadff40-465f-4669-a5ab-d3c11bbfaf39,2026-07-30T17:45:00Z,2026-07-30T19:45:00+0200,1892.84,MW,FR,FR,actual_onshore_wind_generation,Wind Onshore,2026-08-13T16:47:47Z
2026-08-13T16:46:02Z,2026-08-13T18:46:02+0200,bbadff40-465f-4669-a5ab-d3c11bbfaf39,2026-07-30T18:00:00Z,2026-07-30T20:00:00+0200,1997.09,MW,FR,FR,actual_onshore_wind_generation,Wind Onshore,2026-08-13T16:47:47Z
2026-08-13T16:46:02Z,2026-08-13T18:46:02+0200,bbadff40-465f-4669-a5ab-d3c11bbfaf39,2026-07-30T18:15:00Z,2026-07-30T20:15:00+0200,2114.09,MW,FR,FR,actual_onshore_wind_generation,Wind Onshore,2026-08-13T16:47:47Z
2026-08-13T16:46:02Z,2026-08-13T18:46:02+0200,bbadff40-465f-4669-a5ab-d3c11bbfaf39,2026-07-30T18:30:00Z,2026-07-30T20:30:00+0200,2137.6,MW,FR,FR,actual_onshore_wind_generation,Wind Onshore,2026-08-13T16:47:47Z
2026-08-13T16:46:02Z,2026-08-13T18:46:02+0200,bbadff40-465f-4669-a5ab-d3c11bbfaf39,2026-07-30T18:45:00Z,2026-07-30T20:45:00+0200,2177.15,MW,FR,FR,actual_onshore_wind_generation,Wind Onshore,2026-08-13T16:47:47Z
2026-08-13T16:46:02Z,2026-08-13T18:46:02+0200,bbadff40-465f-4669-a5ab-d3c11bbfaf39,2026-07-30T19:00:00Z,2026-07-30T21:00:00+0200,2166.39,MW,FR,FR,actual_onshore_wind_generation,Wind Onshore,2026-08-13T16:47:47Z
2026-08-13T16:46:02Z,2026-08-13T18:46:02+0200,bbadff40-465f-4669-a5ab-d3c11bbfaf39,2026-07-30T19:15:00Z,2026-07-30T21:15:00+0200,2135.34,MW,FR,FR,actual_onshore_wind_generation,Wind Onshore,2026-08-13T16:47:47Z
2026-08-13T16:46:02Z,2026-08-13T18:46:02+0200,bbadff40-465f-4669-a5ab-d3c11bbfaf39,2026-07-30T19:30:00Z,2026-07-30T21:30:00+0200,2032.98,MW,FR,FR,actual_onshore_wind_generation,Wind Onshore,2026-08-13T16:47:47Z
2026-08-13T16:46:02Z,2026-08-13T18:46:02+0200,bbadff40-465f-4669-a5ab-d3c11bbfaf39,2026-07-30T19:45:00Z,2026-07-30T21:45:00+0200,1983.04,MW,FR,FR,actual_onshore_wind_generation,Wind Onshore,2026-08-13T16:47:47Z
2026-08-13T16:46:02Z,2026-08-13T18:46:02+0200,bbadff40-465f-4669-a5ab-d3c11bbfaf39,2026-07-30T20:00:00Z,2026-07-30T22:00:00+0200,1947.25,MW,FR,FR,actual_onshore_wind_generation,Wind Onshore,2026-08-13T16:47:47Z
2026-08-13T16:46:02Z,2026-08-13T18:46:02+0200,bbadff40-465f-4669-a5ab-d3c11bbfaf39,2026-07-30T20:15:00Z,2026-07-30T22:15:00+0200,1904.5,MW,FR,FR,actual_onshore_wind_generation,Wind Onshore,2026-08-13T16:47:47Z
2026-08-13T16:46:02Z,2026-08-13T18:46:02+0200,bbadff40-465f-4669-a5ab-d3c11bbfaf39,2026-07-30T20:30:00Z,2026-07-30T22:30:00+0200,1828.7,MW,FR,FR,actual_onshore_wind_generation,Wind Onshore,2026-08-13T16:47:47Z
2026-08-13T16:46:02Z,2026-08-13T18:46:02+0200,bbadff40-465f-4669-a5ab-d3c11bbfaf39,2026-07-30T20:45:00Z,2026-07-30T22:45:00+0200,1802.43,MW,FR,FR,actual_onshore_wind_generation,Wind Onshore,2026-08-13T16:47:47Z
2026-08-13T16:46:02Z,2026-08-13T18:46:02+0200,bbadff40-465f-4669-a5ab-d3c11bbfaf39,2026-07-30T21:00:00Z,2026-07-30T23:00:00+0200,1768.77,MW,FR,FR,actual_onshore_wind_generation,Wind Onshore,2026-08-13T16:47:47Z
2026-08-13T16:46:02Z,2026-08-13T18:46:02+0200,bbadff40-465f-4669-a5ab-d3c11bbfaf39,2026-07-30T21:15:00Z,2026-07-30T23:15:00+0200,1727.63,MW,FR,FR,actual_onshore_wind_generation,Wind Onshore,2026-08-13T16:47:47Z
2026-08-13T16:46:02Z,2026-08-13T18:46:02+0200,bbadff40-465f-4669-a5ab-d3c11bbfaf39,2026-07-30T21:30:00Z,2026-07-30T23:30:00+0200,1735.04,MW,FR,FR,actual_onshore_wind_generation,Wind Onshore,2026-08-13T16:47:47Z
2026-08-13T16:46:02Z,2026-08-13T18:46:02+0200,bbadff40-465f-4669-a5ab-d3c11bbfaf39,2026-07-30T21:45:00Z,2026-07-30T23:45:00+0200,1754.4,MW,FR,FR,actual_onshore_wind_generation,Wind Onshore,2026-08-13T16:47:47Z
2026-08-13T16:46:02Z,2026-08-13T18:46:02+0200,bbadff40-465f-4669-a5ab-d3c11bbfaf39,2026-07-30T22:00:00Z,2026-07-31T00:00:00+0200,1720.27,MW,FR,FR,actual_onshore_wind_generation,Wind Onshore,2026-08-13T16:47:47Z
2026-08-13T16:46:02Z,2026-08-13T18:46:02+0200,bbadff40-465f-4669-a5ab-d3c11bbfaf39,2026-07-30T22:15:00Z,2026-07-31T00:15:00+0200,1673.86,MW,FR,FR,actual_onshore_wind_generation,Wind Onshore,2026-08-13T16:47:47Z
2026-08-13T16:46:02Z,2026-08-13T18:46:02+0200,bbadff40-465f-4669-a5ab-d3c11bbfaf39,2026-07-30T22:30:00Z,2026-07-31T00:30:00+0200,1562.68,MW,FR,FR,actual_onshore_wind_generation,Wind Onshore,2026-08-13T16:47:47Z
2026-08-13T16:46:02Z,2026-08-13T18:46:02+0200,bbadff40-465f-4669-a5ab-d3c11bbfaf39,2026-07-30T22:45:00Z,2026-07-31T00:45:00+0200,1531.78,MW,FR,FR,actual_onshore_wind_generation,Wind Onshore,2026-08-13T16:47:47Z
2026-08-13T16:46:02Z,2026-08-13T18:46:02+0200,bbadff40-465f-4669-a5ab-d3c11bbfaf39,2026-07-30T23:00:00Z,2026-07-31T01:00:00+0200,1564.64,MW,FR,FR,actual_onshore_wind_generation,Wind Onshore,2026-08-13T16:47:47Z
2026-08-13T16:46:02Z,2026-08-13T18:46:02+0200,bbadff40-465f-4669-a5ab-d3c11bbfaf39,2026-07-30T23:15:00Z,2026-07-31T01:15:00+0200,1554.83,MW,FR,FR,actual_onshore_wind_generation,Wind Onshore,2026-08-13T16:47:47Z
2026-08-13T16:46:02Z,2026-08-13T18:46:02+0200,bbadff40-465f-4669-a5ab-d3c11bbfaf39,2026-07-30T23:30:00Z,2026-07-31T01:30:00+0200,1603.34,MW,FR,FR,actual_onshore_wind_generation,Wind Onshore,2026-08-13T16:47:47Z
2026-08-13T16:46:02Z,2026-08-13T18:46:02+0200,bbadff40-465f-4669-a5ab-d3c11bbfaf39,2026-07-30T23:45:00Z,2026-07-31T01:45:00+0200,1678.27,MW,FR,FR,actual_onshore_wind_generation,Wind Onshore,2026-08-13T16:47:47Z
2026-08-13T16:46:02Z,2026-08-13T18:46:02+0200,bbadff40-465f-4669-a5ab-d3c11bbfaf39,2026-07-31T00:00:00Z,2026-07-31T02:00:00+0200,1619.31,MW,FR,FR,actual_onshore_wind_generation,Wind Onshore,2026-08-13T16:47:47Z
2026-08-13T16:46:02Z,2026-08-13T18:46:02+0200,bbadff40-465f-4669-a5ab-d3c11bbfaf39,2026-07-31T00:15:00Z,2026-07-31T02:15:00+0200,1492.08,MW,FR,FR,actual_onshore_wind_generation,Wind Onshore,2026-08-13T16:47:47Z
2026-08-13T16:46:02Z,2026-08-13T18:46:02+0200,bbadff40-465f-4669-a5ab-d3c11bbfaf39,2026-07-31T00:30:00Z,2026-07-31T02:30:00+0200,1450.96,MW,FR,FR,actual_onshore_wind_generation,Wind Onshore,2026-08-13T16:47:47Z
2026-08-13T16:46:02Z,2026-08-13T18:46:02+0200,bbadff40-465f-4669-a5ab-d3c11bbfaf39,2026-07-31T00:45:00Z,2026-07-31T02:45:00+0200,1400.99,MW,FR,FR,actual_onshore_wind_generation,Wind Onshore,2026-08-13T16:47:47Z
2026-08-13T16:46:02Z,2026-08-13T18:46:02+0200,bbadff40-465f-4669-a5ab-d3c11bbfaf39,2026-07-31T01:00:00Z,2026-07-31T03:00:00+0200,1422.12,MW,FR,FR,actual_onshore_wind_generation,Wind Onshore,2026-08-13T16:47:47Z
2026-08-13T16:46:02Z,2026-08-13T18:46:02+0200,bbadff40-465f-4669-a5ab-d3c11bbfaf39,2026-07-31T01:15:00Z,2026-07-31T03:15:00+0200,1401.31,MW,FR,FR,actual_onshore_wind_generation,Wind Onshore,2026-08-13T16:47:47Z
2026-08-13T16:46:02Z,2026-08-13T18:46:02+0200,bbadff40-465f-4669-a5ab-d3c11bbfaf39,2026-07-31T01:30:00Z,2026-07-31T03:30:00+0200,1355.51,MW,FR,FR,actual_onshore_wind_generation,Wind Onshore,2026-08-13T16:47:47Z
2026-08-13T16:46:02Z,2026-08-13T18:46:02+0200,bbadff40-465f-4669-a5ab-d3c11bbfaf39,2026-07-31T01:45:00Z,2026-07-31T03:45:00+0200,1293.12,MW,FR,FR,actual_onshore_wind_generation,Wind Onshore,2026-08-13T16:47:47Z
2026-08-13T16:46:02Z,2026-08-13T18:46:02+0200,bbadff40-465f-4669-a5ab-d3c11bbfaf39,2026-07-31T02:00:00Z,2026-07-31T04:00:00+0200,1277.85,MW,FR,FR,actual_onshore_wind_generation,Wind Onshore,2026-08-13T16:47:47Z
2026-08-13T16:46:02Z,2026-08-13T18:46:02+0200,bbadff40-465f-4669-a5ab-d3c11bbfaf39,2026-07-31T02:15:00Z,2026-07-31T04:15:00+0200,1282.82,MW,FR,FR,actual_onshore_wind_generation,Wind Onshore,2026-08-13T16:47:47Z
2026-08-13T16:46:02Z,2026-08-13T18:46:02+0200,bbadff40-465f-4669-a5ab-d3c11bbfaf39,2026-07-31T02:30:00Z,2026-07-31T04:30:00+0200,1343.19,MW,FR,FR,actual_onshore_wind_generation,Wind Onshore,2026-08-13T16:47:47Z
2026-08-13T16:46:02Z,2026-08-13T18:46:02+0200,bbadff40-465f-4669-a5ab-d3c11bbfaf39,2026-07-31T02:45:00Z,2026-07-31T04:45:00+0200,1349.68,MW,FR,FR,actual_onshore_wind_generation,Wind Onshore,2026-08-13T16:47:47Z
2026-08-13T16:46:02Z,2026-08-13T18:46:02+0200,bbadff40-465f-4669-a5ab-d3c11bbfaf39,2026-07-31T03:00:00Z,2026-07-31T05:00:00+0200,1342.09,MW,FR,FR,actual_onshore_wind_generation,Wind Onshore,2026-08-13T16:47:47Z
2026-08-13T16:46:02Z,2026-08-13T18:46:02+0200,bbadff40-465f-4669-a5ab-d3c11bbfaf39,2026-07-31T03:15:00Z,2026-07-31T05:15:00+0200,1342.96,MW,FR,FR,actual_onshore_wind_generation,Wind Onshore,2026-08-13T16:47:47Z
2026-08-13T16:46:02Z,2026-08-13T18:46:02+0200,bbadff40-465f-4669-a5ab-d3c11bbfaf39,2026-07-31T03:30:00Z,2026-07-31T05:30:00+0200,1295.82,MW,FR,FR,actual_onshore_wind_generation,Wind Onshore,2026-08-13T16:47:47Z
2026-08-13T16:46:02Z,2026-08-13T18:46:02+0200,bbadff40-465f-4669-a5ab-d3c11bbfaf39,2026-07-31T03:45:00Z,2026-07-31T05:45:00+0200,1303.25,MW,FR,FR,actual_onshore_wind_generation,Wind Onshore,2026-08-13T16:47:47Z
2026-08-13T16:46:02Z,2026-08-13T18:46:02+0200,bbadff40-465f-4669-a5ab-d3c11bbfaf39,2026-07-31T04:00:00Z,2026-07-31T06:00:00+0200,1335.89,MW,FR,FR,actual_onshore_wind_generation,Wind Onshore,2026-08-13T16:47:47Z
2026-08-13T16:46:02Z,2026-08-13T18:46:02+0200,bbadff40-465f-4669-a5ab-d3c11bbfaf39,2026-07-31T04:15:00Z,2026-07-31T06:15:00+0200,1378.53,MW,FR,FR,actual_onshore_wind_generation,Wind Onshore,2026-08-13T16:47:47Z
2026-08-13T16:46:02Z,2026-08-13T18:46:02+0200,bbadff40-465f-4669-a5ab-d3c11bbfaf39,2026-07-31T04:30:00Z,2026-07-31T06:30:00+0200,1405.01,MW,FR,FR,actual_onshore_wind_generation,Wind Onshore,2026-08-13T16:47:47Z
2026-08-13T16:46:02Z,2026-08-13T18:46:02+0200,bbadff40-465f-4669-a5ab-d3c11bbfaf39,2026-07-31T04:45:00Z,2026-07-31T06:45:00+0200,1502.31,MW,FR,FR,actual_onshore_wind_generation,Wind Onshore,2026-08-13T16:47:47Z
2026-08-13T16:46:02Z,2026-08-13T18:46:02+0200,bbadff40-465f-4669-a5ab-d3c11bbfaf39,2026-07-31T05:00:00Z,2026-07-31T07:00:00+0200,1554.65,MW,FR,FR,actual_onshore_wind_generation,Wind Onshore,2026-08-13T16:47:47Z
2026-08-13T16:46:02Z,2026-08-13T18:46:02+0200,bbadff40-465f-4669-a5ab-d3c11bbfaf39,2026-07-31T05:15:00Z,2026-07-31T07:15:00+0200,1558.55,MW,FR,FR,actual_onshore_wind_generation,Wind Onshore,2026-08-13T16:47:47Z
2026-08-13T16:46:02Z,2026-08-13T18:46:02+0200,bbadff40-465f-4669-a5ab-d3c11bbfaf39,2026-07-31T05:30:00Z,2026-07-31T07:30:00+0200,1491.77,MW,FR,FR,actual_onshore_wind_generation,Wind Onshore,2026-08-13T16:47:47Z
2026-08-13T16:46:02Z,2026-08-13T18:46:02+0200,bbadff40-465f-4669-a5ab-d3c11bbfaf39,2026-07-31T05:45:00Z,2026-07-31T07:45:00+0200,1484.92,MW,FR,FR,actual_onshore_wind_generation,Wind Onshore,2026-08-13T16:47:47Z
2026-08-13T16:46:02Z,2026-08-13T18:46:02+0200,bbadff40-465f-4669-a5ab-d3c11bbfaf39,2026-07-31T06:00:00Z,2026-07-31T08:00:00+0200,1396.54,MW,FR,FR,actual_onshore_wind_generation,Wind Onshore,2026-08-13T16:47:47Z
2026-08-13T16:46:02Z,2026-08-13T18:46:02+0200,bbadff40-465f-4669-a5ab-d3c11bbfaf39,2026-07-31T06:15:00Z,2026-07-31T08:15:00+0200,1298.01,MW,FR,FR,actual_onshore_wind_generation,Wind Onshore,2026-08-13T16:47:47Z
2026-08-13T16:46:02Z,2026-08-13T18:46:02+0200,bbadff40-465f-4669-a5ab-d3c11bbfaf39,2026-07-31T06:30:00Z,2026-07-31T08:30:00+0200,1199.71,MW,FR,FR,actual_onshore_wind_generation,Wind Onshore,2026-08-13T16:47:47Z
2026-08-13T16:46:02Z,2026-08-13T18:46:02+0200,bbadff40-465f-4669-a5ab-d3c11bbfaf39,2026-07-31T06:45:00Z,2026-07-31T08:45:00+0200,1131.37,MW,FR,FR,actual_onshore_wind_generation,Wind Onshore,2026-08-13T16:47:47Z
2026-08-13T16:46:02Z,2026-08-13T18:46:02+0200,bbadff40-465f-4669-a5ab-d3c11bbfaf39,2026-07-31T07:00:00Z,2026-07-31T09:00:00+0200,1115.07,MW,FR,FR,actual_onshore_wind_generation,Wind Onshore,2026-08-13T16:47:47Z
2026-08-13T16:46:02Z,2026-08-13T18:46:02+0200,bbadff40-465f-4669-a5ab-d3c11bbfaf39,2026-07-31T07:15:00Z,2026-07-31T09:15:00+0200,1195.39,MW,FR,FR,actual_onshore_wind_generation,Wind Onshore,2026-08-13T16:47:47Z
2026-08-13T16:46:02Z,2026-08-13T18:46:02+0200,bbadff40-465f-4669-a5ab-d3c11bbfaf39,2026-07-31T07:30:00Z,2026-07-31T09:30:00+0200,1206.4,MW,FR,FR,actual_onshore_wind_generation,Wind Onshore,2026-08-13T16:47:47Z
2026-08-13T16:46:02Z,2026-08-13T18:46:02+0200,bbadff40-465f-4669-a5ab-d3c11bbfaf39,2026-07-31T07:45:00Z,2026-07-31T09:45:00+0200,1148.97,MW,FR,FR,actual_onshore_wind_generation,Wind Onshore,2026-08-13T16:47:47Z
2026-08-13T16:46:02Z,2026-08-13T18:46:02+0200,bbadff40-465f-4669-a5ab-d3c11bbfaf39,2026-07-31T08:00:00Z,2026-07-31T10:00:00+0200,1068.29,MW,FR,FR,actual_onshore_wind_generation,Wind Onshore,2026-08-13T16:47:47Z
2026-08-13T16:46:02Z,2026-08-13T18:46:02+0200,bbadff40-465f-4669-a5ab-d3c11bbfaf39,2026-07-31T08:15:00Z,2026-07-31T10:15:00+0200,1007.31,MW,FR,FR,actual_onshore_wind_generation,Wind Onshore,2026-08-13T16:47:47Z
2026-08-13T16:46:02Z,2026-08-13T18:46:02+0200,bbadff40-465f-4669-a5ab-d3c11bbfaf39,2026-07-31T08:30:00Z,2026-07-31T10:30:00+0200,1008.21,MW,FR,FR,actual_onshore_wind_generation,Wind Onshore,2026-08-13T16:47:47Z
2026-08-13T16:46:02Z,2026-08-13T18:46:02+0200,bbadff40-465f-4669-a5ab-d3c11bbfaf39,2026-07-31T08:45:00Z,2026-07-31T10:45:00+0200,1034.49,MW,FR,FR,actual_onshore_wind_generation,Wind Onshore,2026-08-13T16:47:47Z
2026-08-13T16:46:02Z,2026-08-13T18:46:02+0200,bbadff40-465f-4669-a5ab-d3c11bbfaf39,2026-07-31T09:00:00Z,2026-07-31T11:00:00+0200,1142.36,MW,FR,FR,actual_onshore_wind_generation,Wind Onshore,2026-08-13T16:47:47Z
2026-08-13T16:46:02Z,2026-08-13T18:46:02+0200,bbadff40-465f-4669-a5ab-d3c11bbfaf39,2026-07-31T09:15:00Z,2026-07-31T11:15:00+0200,1147.72,MW,FR,FR,actual_onshore_wind_generation,Wind Onshore,2026-08-13T16:47:47Z
2026-08-13T16:46:02Z,2026-08-13T18:46:02+0200,bbadff40-465f-4669-a5ab-d3c11bbfaf39,2026-07-31T09:30:00Z,2026-07-31T11:30:00+0200,1152.74,MW,FR,FR,actual_onshore_wind_generation,Wind Onshore,2026-08-13T16:47:47Z
2026-08-13T16:46:02Z,2026-08-13T18:46:02+0200,bbadff40-465f-4669-a5ab-d3c11bbfaf39,2026-07-31T09:45:00Z,2026-07-31T11:45:00+0200,1132.24,MW,FR,FR,actual_onshore_wind_generation,Wind Onshore,2026-08-13T16:47:47Z
2026-08-13T16:46:02Z,2026-08-13T18:46:02+0200,bbadff40-465f-4669-a5ab-d3c11bbfaf39,2026-07-31T10:00:00Z,2026-07-31T12:00:00+0200,1117.52,MW,FR,FR,actual_onshore_wind_generation,Wind Onshore,2026-08-13T16:47:47Z
2026-08-13T16:46:02Z,2026-08-13T18:46:02+0200,bbadff40-465f-4669-a5ab-d3c11bbfaf39,2026-07-31T10:15:00Z,2026-07-31T12:15:00+0200,1104.14,MW,FR,FR,actual_onshore_wind_generation,Wind Onshore,2026-08-13T16:47:47Z
2026-08-13T16:46:02Z,2026-08-13T18:46:02+0200,bbadff40-465f-4669-a5ab-d3c11bbfaf39,2026-07-31T10:30:00Z,2026-07-31T12:30:00+0200,1062.14,MW,FR,FR,actual_onshore_wind_generation,Wind Onshore,2026-08-13T16:47:47Z
2026-08-13T16:46:02Z,2026-08-13T18:46:02+0200,bbadff40-465f-4669-a5ab-d3c11bbfaf39,2026-07-31T10:45:00Z,2026-07-31T12:45:00+0200,1052.18,MW,FR,FR,actual_onshore_wind_generation,Wind Onshore,2026-08-13T16:47:47Z
2026-08-13T16:46:02Z,2026-08-13T18:46:02+0200,bbadff40-465f-4669-a5ab-d3c11bbfaf39,2026-07-31T11:00:00Z,2026-07-31T13:00:00+0200,1099.94,MW,FR,FR,actual_onshore_wind_generation,Wind Onshore,2026-08-13T16:47:47Z
2026-08-13T16:46:02Z,2026-08-13T18:46:02+0200,bbadff40-465f-4669-a5ab-d3c11bbfaf39,2026-07-31T11:15:00Z,2026-07-31T13:15:00+0200,1199.33,MW,FR,FR,actual_onshore_wind_generation,Wind Onshore,2026-08-13T16:47:47Z
2026-08-13T16:46:02Z,2026-08-13T18:46:02+0200,bbadff40-465f-4669-a5ab-d3c11bbfaf39,2026-07-31T11:30:00Z,2026-07-31T13:30:00+0200,1222.63,MW,FR,FR,actual_onshore_wind_generation,Wind Onshore,2026-08-13T16:47:47Z
2026-08-13T16:46:02Z,2026-08-13T18:46:02+0200,bbadff40-465f-4669-a5ab-d3c11bbfaf39,2026-07-31T11:45:00Z,2026-07-31T13:45:00+0200,1242.38,MW,FR,FR,actual_onshore_wind_generation,Wind Onshore,2026-08-13T16:47:47Z
2026-08-13T16:46:02Z,2026-08-13T18:46:02+0200,bbadff40-465f-4669-a5ab-d3c11bbfaf39,2026-07-31T12:00:00Z,2026-07-31T14:00:00+0200,1321.08,MW,FR,FR,actual_onshore_wind_generation,Wind Onshore,2026-08-13T16:47:47Z
2026-08-13T16:46:02Z,2026-08-13T18:46:02+0200,bbadff40-465f-4669-a5ab-d3c11bbfaf39,2026-07-31T12:15:00Z,2026-07-31T14:15:00+0200,1421.85,MW,FR,FR,actual_onshore_wind_generation,Wind Onshore,2026-08-13T16:47:47Z
2026-08-13T16:46:02Z,2026-08-13T18:46:02+0200,bbadff40-465f-4669-a5ab-d3c11bbfaf39,2026-07-31T12:30:00Z,2026-07-31T14:30:00+0200,1500.71,MW,FR,FR,actual_onshore_wind_generation,Wind Onshore,2026-08-13T16:47:47Z
2026-08-13T16:46:02Z,2026-08-13T18:46:02+0200,bbadff40-465f-4669-a5ab-d3c11bbfaf39,2026-07-31T12:45:00Z,2026-07-31T14:45:00+0200,1514.49,MW,FR,FR,actual_onshore_wind_generation,Wind Onshore,2026-08-13T16:47:47Z
2026-08-13T16:46:02Z,2026-08-13T18:46:02+0200,bbadff40-465f-4669-a5ab-d3c11bbfaf39,2026-07-31T13:00:00Z,2026-07-31T15:00:00+0200,1528.09,MW,FR,FR,actual_onshore_wind_generation,Wind Onshore,2026-08-13T16:47:47Z
2026-08-13T16:46:02Z,2026-08-13T18:46:02+0200,bbadff40-465f-4669-a5ab-d3c11bbfaf39,2026-07-31T13:15:00Z,2026-07-31T15:15:00+0200,1570.7,MW,FR,FR,actual_onshore_wind_generation,Wind Onshore,2026-08-13T16:47:47Z
2026-08-13T16:46:02Z,2026-08-13T18:46:02+0200,bbadff40-465f-4669-a5ab-d3c11bbfaf39,2026-07-31T13:30:00Z,2026-07-31T15:30:00+0200,1604.54,MW,FR,FR,actual_onshore_wind_generation,Wind Onshore,2026-08-13T16:47:47Z
2026-08-13T16:46:02Z,2026-08-13T18:46:02+0200,bbadff40-465f-4669-a5ab-d3c11bbfaf39,2026-07-31T13:45:00Z,2026-07-31T15:45:00+0200,1690.77,MW,FR,FR,actual_onshore_wind_generation,Wind Onshore,2026-08-13T16:47:47Z
2026-08-13T16:46:02Z,2026-08-13T18:46:02+0200,bbadff40-465f-4669-a5ab-d3c11bbfaf39,2026-07-31T14:00:00Z,2026-07-31T16:00:00+0200,1786.62,MW,FR,FR,actual_onshore_wind_generation,Wind Onshore,2026-08-13T16:47:47Z
2026-08-13T16:46:02Z,2026-08-13T18:46:02+0200,bbadff40-465f-4669-a5ab-d3c11bbfaf39,2026-07-31T14:15:00Z,2026-07-31T16:15:00+0200,1856.75,MW,FR,FR,actual_onshore_wind_generation,Wind Onshore,2026-08-13T16:47:47Z
2026-08-13T16:46:02Z,2026-08-13T18:46:02+0200,bbadff40-465f-4669-a5ab-d3c11bbfaf39,2026-07-31T14:30:00Z,2026-07-31T16:30:00+0200,1904.15,MW,FR,FR,actual_onshore_wind_generation,Wind Onshore,2026-08-13T16:47:47Z
2026-08-13T16:46:02Z,2026-08-13T18:46:02+0200,bbadff40-465f-4669-a5ab-d3c11bbfaf39,2026-07-31T14:45:00Z,2026-07-31T16:45:00+0200,2006.64,MW,FR,FR,actual_onshore_wind_generation,Wind Onshore,2026-08-13T16:47:47Z
2026-08-13T16:46:02Z,2026-08-13T18:46:02+0200,bbadff40-465f-4669-a5ab-d3c11bbfaf39,2026-07-31T15:00:00Z,2026-07-31T17:00:00+0200,2085.3,MW,FR,FR,actual_onshore_wind_generation,Wind Onshore,2026-08-13T16:47:47Z
2026-08-13T16:46:02Z,2026-08-13T18:46:02+0200,bbadff40-465f-4669-a5ab-d3c11bbfaf39,2026-07-31T15:15:00Z,2026-07-31T17:15:00+0200,2209.04,MW,FR,FR,actual_onshore_wind_generation,Wind Onshore,2026-08-13T16:47:47Z
2026-08-13T16:46:02Z,2026-08-13T18:46:02+0200,bbadff40-465f-4669-a5ab-d3c11bbfaf39,2026-07-31T15:30:00Z,2026-07-31T17:30:00+0200,2341.01,MW,FR,FR,actual_onshore_wind_generation,Wind Onshore,2026-08-13T16:47:47Z
2026-08-13T16:46:02Z,2026-08-13T18:46:02+0200,bbadff40-465f-4669-a5ab-d3c11bbfaf39,2026-07-31T15:45:00Z,2026-07-31T17:45:00+0200,2427.67,MW,FR,FR,actual_onshore_wind_generation,Wind Onshore,2026-08-13T16:47:47Z
2026-08-13T16:46:02Z,2026-08-13T18:46:02+0200,bbadff40-465f-4669-a5ab-d3c11bbfaf39,2026-07-31T16:00:00Z,2026-07-31T18:00:00+0200,2471.54,MW,FR,FR,actual_onshore_wind_generation,Wind Onshore,2026-08-13T16:47:47Z
2026-08-13T16:46:02Z,2026-08-13T18:46:02+0200,bbadff40-465f-4669-a5ab-d3c11bbfaf39,2026-07-31T16:15:00Z,2026-07-31T18:15:00+0200,2468.51,MW,FR,FR,actual_onshore_wind_generation,Wind Onshore,2026-08-13T16:47:47Z
2026-08-13T16:46:02Z,2026-08-13T18:46:02+0200,bbadff40-465f-4669-a5ab-d3c11bbfaf39,2026-07-31T16:30:00Z,2026-07-31T18:30:00+0200,2526.43,MW,FR,FR,actual_onshore_wind_generation,Wind Onshore,2026-08-13T16:47:47Z
2026-08-13T16:46:02Z,2026-08-13T18:46:02+0200,bbadff40-465f-4669-a5ab-d3c11bbfaf39,2026-07-31T16:45:00Z,2026-07-31T18:45:00+0200,2732.94,MW,FR,FR,actual_onshore_wind_generation,Wind Onshore,2026-08-13T16:47:47Z
2026-08-13T16:46:02Z,2026-08-13T18:46:02+0200,bbadff40-465f-4669-a5ab-d3c11bbfaf39,2026-07-31T17:00:00Z,2026-07-31T19:00:00+0200,2892.94,MW,FR,FR,actual_onshore_wind_generation,Wind Onshore,2026-08-13T16:47:47Z
2026-08-13T16:46:02Z,2026-08-13T18:46:02+0200,bbadff40-465f-4669-a5ab-d3c11bbfaf39,2026-07-31T17:15:00Z,2026-07-31T19:15:00+0200,2975.91,MW,FR,FR,actual_onshore_wind_generation,Wind Onshore,2026-08-13T16:47:47Z
2026-08-13T16:46:02Z,2026-08-13T18:46:02+0200,bbadff40-465f-4669-a5ab-d3c11bbfaf39,2026-07-31T17:30:00Z,2026-07-31T19:30:00+0200,3075.22,MW,FR,FR,actual_onshore_wind_generation,Wind Onshore,2026-08-13T16:47:47Z
2026-08-13T16:46:02Z,2026-08-13T18:46:02+0200,bbadff40-465f-4669-a5ab-d3c11bbfaf39,2026-07-31T17:45:00Z,2026-07-31T19:45:00+0200,3122.27,MW,FR,FR,actual_onshore_wind_generation,Wind Onshore,2026-08-13T16:47:47Z
2026-08-13T16:46:02Z,2026-08-13T18:46:02+0200,bbadff40-465f-4669-a5ab-d3c11bbfaf39,2026-07-31T18:00:00Z,2026-07-31T20:00:00+0200,3290.69,MW,FR,FR,actual_onshore_wind_generation,Wind Onshore,2026-08-13T16:47:47Z
2026-08-13T16:46:02Z,2026-08-13T18:46:02+0200,bbadff40-465f-4669-a5ab-d3c11bbfaf39,2026-07-31T18:15:00Z,2026-07-31T20:15:00+0200,3385.36,MW,FR,FR,actual_onshore_wind_generation,Wind Onshore,2026-08-13T16:47:47Z
2026-08-13T16:46:02Z,2026-08-13T18:46:02+0200,bbadff40-465f-4669-a5ab-d3c11bbfaf39,2026-07-31T18:30:00Z,2026-07-31T20:30:00+0200,3476.43,MW,FR,FR,actual_onshore_wind_generation,Wind Onshore,2026-08-13T16:47:47Z
2026-08-13T16:46:02Z,2026-08-13T18:46:02+0200,bbadff40-465f-4669-a5ab-d3c11bbfaf39,2026-07-31T18:45:00Z,2026-07-31T20:45:00+0200,3515.74,MW,FR,FR,actual_onshore_wind_generation,Wind Onshore,2026-08-13T16:47:47Z
2026-08-13T16:46:02Z,2026-08-13T18:46:02+0200,bbadff40-465f-4669-a5ab-d3c11bbfaf39,2026-07-31T19:00:00Z,2026-07-31T21:00:00+0200,3450.72,MW,FR,FR,actual_onshore_wind_generation,Wind Onshore,2026-08-13T16:47:47Z
2026-08-13T16:46:02Z,2026-08-13T18:46:02+0200,bbadff40-465f-4669-a5ab-d3c11bbfaf39,2026-07-31T19:15:00Z,2026-07-31T21:15:00+0200,3323.09,MW,FR,FR,actual_onshore_wind_generation,Wind Onshore,2026-08-13T16:47:47Z
2026-08-13T16:46:02Z,2026-08-13T18:46:02+0200,bbadff40-465f-4669-a5ab-d3c11bbfaf39,2026-07-31T19:30:00Z,2026-07-31T21:30:00+0200,3197.3,MW,FR,FR,actual_onshore_wind_generation,Wind Onshore,2026-08-13T16:47:47Z
2026-08-13T16:46:02Z,2026-08-13T18:46:02+0200,bbadff40-465f-4669-a5ab-d3c11bbfaf39,2026-07-31T19:45:00Z,2026-07-31T21:45:00+0200,3186.01,MW,FR,FR,actual_onshore_wind_generation,Wind Onshore,2026-08-13T16:47:47Z
2026-08-13T16:46:02Z,2026-08-13T18:46:02+0200,bbadff40-465f-4669-a5ab-d3c11bbfaf39,2026-07-31T20:00:00Z,2026-07-31T22:00:00+0200,3176.45,MW,FR,FR,actual_onshore_wind_generation,Wind Onshore,2026-08-13T16:47:47Z
2026-08-13T16:46:02Z,2026-08-13T18:46:02+0200,bbadff40-465f-4669-a5ab-d3c11bbfaf39,2026-07-31T20:15:00Z,2026-07-31T22:15:00+0200,3126.64,MW,FR,FR,actual_onshore_wind_generation,Wind Onshore,2026-08-13T16:47:47Z
2026-08-13T16:46:02Z,2026-08-13T18:46:02+0200,bbadff40-465f-4669-a5ab-d3c11bbfaf39,2026-07-31T20:30:00Z,2026-07-31T22:30:00+0200,3117.72,MW,FR,FR,actual_onshore_wind_generation,Wind Onshore,2026-08-13T16:47:47Z
2026-08-13T16:46:02Z,2026-08-13T18:46:02+0200,bbadff40-465f-4669-a5ab-d3c11bbfaf39,2026-07-31T20:45:00Z,2026-07-31T22:45:00+0200,3172.88,MW,FR,FR,actual_onshore_wind_generation,Wind Onshore,2026-08-13T16:47:47Z
2026-08-13T16:46:02Z,2026-08-13T18:46:02+0200,bbadff40-465f-4669-a5ab-d3c11bbfaf39,2026-07-31T21:00:00Z,2026-07-31T23:00:00+0200,3072.83,MW,FR,FR,actual_onshore_wind_generation,Wind Onshore,2026-08-13T16:47:47Z
2026-08-13T16:46:02Z,2026-08-13T18:46:02+0200,bbadff40-465f-4669-a5ab-d3c11bbfaf39,2026-07-31T21:15:00Z,2026-07-31T23:15:00+0200,2983.78,MW,FR,FR,actual_onshore_wind_generation,Wind Onshore,2026-08-13T16:47:47Z
2026-08-13T16:46:02Z,2026-08-13T18:46:02+0200,bbadff40-465f-4669-a5ab-d3c11bbfaf39,2026-07-31T21:30:00Z,2026-07-31T23:30:00+0200,2941.56,MW,FR,FR,actual_onshore_wind_generation,Wind Onshore,2026-08-13T16:47:47Z
2026-08-13T16:46:02Z,2026-08-13T18:46:02+0200,bbadff40-465f-4669-a5ab-d3c11bbfaf39,2026-07-31T21:45:00Z,2026-07-31T23:45:00+0200,2893.31,MW,FR,FR,actual_onshore_wind_generation,Wind Onshore,2026-08-13T16:47:47Z
2026-08-13T16:46:02Z,2026-08-13T18:46:02+0200,bbadff40-465f-4669-a5ab-d3c11bbfaf39,2026-07-31T22:00:00Z,2026-08-01T00:00:00+0200,2807.55,MW,FR,FR,actual_onshore_wind_generation,Wind Onshore,2026-08-13T16:47:47Z
2026-08-13T16:46:02Z,2026-08-13T18:46:02+0200,bbadff40-465f-4669-a5ab-d3c11bbfaf39,2026-07-31T22:15:00Z,2026-08-01T00:15:00+0200,2791.63,MW,FR,FR,actual_onshore_wind_generation,Wind Onshore,2026-08-13T16:47:47Z
2026-08-13T16:46:02Z,2026-08-13T18:46:02+0200,bbadff40-465f-4669-a5ab-d3c11bbfaf39,2026-07-31T22:30:00Z,2026-08-01T00:30:00+0200,2695.79,MW,FR,FR,actual_onshore_wind_generation,Wind Onshore,2026-08-13T16:47:47Z
2026-08-13T16:46:02Z,2026-08-13T18:46:02+0200,bbadff40-465f-4669-a5ab-d3c11bbfaf39,2026-07-31T22:45:00Z,2026-08-01T00:45:00+0200,2685.88,MW,FR,FR,actual_onshore_wind_generation,Wind Onshore,2026-08-13T16:47:47Z
2026-08-13T16:46:02Z,2026-08-13T18:46:02+0200,bbadff40-465f-4669-a5ab-d3c11bbfaf39,2026-07-31T23:00:00Z,2026-08-01T01:00:00+0200,2718.1,MW,FR,FR,actual_onshore_wind_generation,Wind Onshore,2026-08-13T16:47:47Z
2026-08-13T16:46:02Z,2026-08-13T18:46:02+0200,bbadff40-465f-4669-a5ab-d3c11bbfaf39,2026-07-31T23:15:00Z,2026-08-01T01:15:00+0200,2720.58,MW,FR,FR,actual_onshore_wind_generation,Wind Onshore,2026-08-13T16:47:47Z
2026-08-13T16:46:02Z,2026-08-13T18:46:02+0200,bbadff40-465f-4669-a5ab-d3c11bbfaf39,2026-07-31T23:30:00Z,2026-08-01T01:30:00+0200,2766.27,MW,FR,FR,actual_onshore_wind_generation,Wind Onshore,2026-08-13T16:47:47Z
2026-08-13T16:46:02Z,2026-08-13T18:46:02+0200,bbadff40-465f-4669-a5ab-d3c11bbfaf39,2026-07-31T23:45:00Z,2026-08-01T01:45:00+0200,2723.83,MW,FR,FR,actual_onshore_wind_generation,Wind Onshore,2026-08-13T16:47:47Z
2026-08-13T16:46:02Z,2026-08-13T18:46:02+0200,bbadff40-465f-4669-a5ab-d3c11bbfaf39,2026-08-01T00:00:00Z,2026-08-01T02:00:00+0200,2707.16,MW,FR,FR,actual_onshore_wind_generation,Wind Onshore,2026-08-13T16:47:47Z
2026-08-13T16:46:02Z,2026-08-13T18:46:02+0200,bbadff40-465f-4669-a5ab-d3c11bbfaf39,2026-08-01T00:15:00Z,2026-08-01T02:15:00+0200,2691.65,MW,FR,FR,actual_onshore_wind_generation,Wind Onshore,2026-08-13T16:47:47Z
2026-08-13T16:46:02Z,2026-08-13T18:46:02+0200,bbadff40-465f-4669-a5ab-d3c11bbfaf39,2026-08-01T00:30:00Z,2026-08-01T02:30:00+0200,2678.4,MW,FR,FR,actual_onshore_wind_generation,Wind Onshore,2026-08-13T16:47:47Z
2026-08-13T16:46:02Z,2026-08-13T18:46:02+0200,bbadff40-465f-4669-a5ab-d3c11bbfaf39,2026-08-01T00:45:00Z,2026-08-01T02:45:00+0200,2722.37,MW,FR,FR,actual_onshore_wind_generation,Wind Onshore,2026-08-13T16:47:47Z
2026-08-13T16:46:02Z,2026-08-13T18:46:02+0200,bbadff40-465f-4669-a5ab-d3c11bbfaf39,2026-08-01T01:00:00Z,2026-08-01T03:00:00+0200,2724.38,MW,FR,FR,actual_onshore_wind_generation,Wind Onshore,2026-08-13T16:47:47Z
2026-08-13T16:46:02Z,2026-08-13T18:46:02+0200,bbadff40-465f-4669-a5ab-d3c11bbfaf39,2026-08-01T01:15:00Z,2026-08-01T03:15:00+0200,2697.06,MW,FR,FR,actual_onshore_wind_generation,Wind Onshore,2026-08-13T16:47:47Z
2026-08-13T16:46:02Z,2026-08-13T18:46:02+0200,bbadff40-465f-4669-a5ab-d3c11bbfaf39,2026-08-01T01:30:00Z,2026-08-01T03:30:00+0200,2633.01,MW,FR,FR,actual_onshore_wind_generation,Wind Onshore,2026-08-13T16:47:47Z
2026-08-13T16:46:02Z,2026-08-13T18:46:02+0200,bbadff40-465f-4669-a5ab-d3c11bbfaf39,2026-08-01T01:45:00Z,2026-08-01T03:45:00+0200,2562.22,MW,FR,FR,actual_onshore_wind_generation,Wind Onshore,2026-08-13T16:47:47Z
2026-08-13T16:46:02Z,2026-08-13T18:46:02+0200,bbadff40-465f-4669-a5ab-d3c11bbfaf39,2026-08-01T02:00:00Z,2026-08-01T04:00:00+0200,2553.98,MW,FR,FR,actual_onshore_wind_generation,Wind Onshore,2026-08-13T16:47:47Z
2026-08-13T16:46:02Z,2026-08-13T18:46:02+0200,bbadff40-465f-4669-a5ab-d3c11bbfaf39,2026-08-01T02:15:00Z,2026-08-01T04:15:00+0200,2495.99,MW,FR,FR,actual_onshore_wind_generation,Wind Onshore,2026-08-13T16:47:47Z
2026-08-13T16:46:02Z,2026-08-13T18:46:02+0200,bbadff40-465f-4669-a5ab-d3c11bbfaf39,2026-08-01T02:30:00Z,2026-08-01T04:30:00+0200,2438.97,MW,FR,FR,actual_onshore_wind_generation,Wind Onshore,2026-08-13T16:47:47Z
2026-08-13T16:46:02Z,2026-08-13T18:46:02+0200,bbadff40-465f-4669-a5ab-d3c11bbfaf39,2026-08-01T02:45:00Z,2026-08-01T04:45:00+0200,2432.1,MW,FR,FR,actual_onshore_wind_generation,Wind Onshore,2026-08-13T16:47:47Z
2026-08-13T16:46:02Z,2026-08-13T18:46:02+0200,bbadff40-465f-4669-a5ab-d3c11bbfaf39,2026-08-01T03:00:00Z,2026-08-01T05:00:00+0200,2365.96,MW,FR,FR,actual_onshore_wind_generation,Wind Onshore,2026-08-13T16:47:47Z
2026-08-13T16:46:02Z,2026-08-13T18:46:02+0200,bbadff40-465f-4669-a5ab-d3c11bbfaf39,2026-08-01T03:15:00Z,2026-08-01T05:15:00+0200,2296.38,MW,FR,FR,actual_onshore_wind_generation,Wind Onshore,2026-08-13T16:47:47Z
2026-08-13T16:46:02Z,2026-08-13T18:46:02+0200,bbadff40-465f-4669-a5ab-d3c11bbfaf39,2026-08-01T03:30:00Z,2026-08-01T05:30:00+0200,2219.85,MW,FR,FR,actual_onshore_wind_generation,Wind Onshore,2026-08-13T16:47:47Z
2026-08-13T16:46:02Z,2026-08-13T18:46:02+0200,bbadff40-465f-4669-a5ab-d3c11bbfaf39,2026-08-01T03:45:00Z,2026-08-01T05:45:00+0200,2154.45,MW,FR,FR,actual_onshore_wind_generation,Wind Onshore,2026-08-13T16:47:47Z
2026-08-13T16:46:02Z,2026-08-13T18:46:02+0200,bbadff40-465f-4669-a5ab-d3c11bbfaf39,2026-08-01T04:00:00Z,2026-08-01T06:00:00+0200,2084.02,MW,FR,FR,actual_onshore_wind_generation,Wind Onshore,2026-08-13T16:47:47Z
2026-08-13T16:46:02Z,2026-08-13T18:46:02+0200,bbadff40-465f-4669-a5ab-d3c11bbfaf39,2026-08-01T04:15:00Z,2026-08-01T06:15:00+0200,2082.75,MW,FR,FR,actual_onshore_wind_generation,Wind Onshore,2026-08-13T16:47:47Z
2026-08-13T16:46:02Z,2026-08-13T18:46:02+0200,bbadff40-465f-4669-a5ab-d3c11bbfaf39,2026-08-01T04:30:00Z,2026-08-01T06:30:00+0200,2107.49,MW,FR,FR,actual_onshore_wind_generation,Wind Onshore,2026-08-13T16:47:47Z
2026-08-13T16:46:02Z,2026-08-13T18:46:02+0200,bbadff40-465f-4669-a5ab-d3c11bbfaf39,2026-08-01T04:45:00Z,2026-08-01T06:45:00+0200,2119.53,MW,FR,FR,actual_onshore_wind_generation,Wind Onshore,2026-08-13T16:47:47Z
2026-08-13T16:46:02Z,2026-08-13T18:46:02+0200,bbadff40-465f-4669-a5ab-d3c11bbfaf39,2026-08-01T05:00:00Z,2026-08-01T07:00:00+0200,2110.42,MW,FR,FR,actual_onshore_wind_generation,Wind Onshore,2026-08-13T16:47:47Z
2026-08-13T16:46:02Z,2026-08-13T18:46:02+0200,bbadff40-465f-4669-a5ab-d3c11bbfaf39,2026-08-01T05:15:00Z,2026-08-01T07:15:00+0200,2069.48,MW,FR,FR,actual_onshore_wind_generation,Wind Onshore,2026-08-13T16:47:47Z
2026-08-13T16:46:02Z,2026-08-13T18:46:02+0200,bbadff40-465f-4669-a5ab-d3c11bbfaf39,2026-08-01T05:30:00Z,2026-08-01T07:30:00+0200,1983.51,MW,FR,FR,actual_onshore_wind_generation,Wind Onshore,2026-08-13T16:47:47Z
2026-08-13T16:46:02Z,2026-08-13T18:46:02+0200,bbadff40-465f-4669-a5ab-d3c11bbfaf39,2026-08-01T05:45:00Z,2026-08-01T07:45:00+0200,1861.99,MW,FR,FR,actual_onshore_wind_generation,Wind Onshore,2026-08-13T16:47:47Z
2026-08-13T16:46:02Z,2026-08-13T18:46:02+0200,bbadff40-465f-4669-a5ab-d3c11bbfaf39,2026-08-01T06:00:00Z,2026-08-01T08:00:00+0200,1639.24,MW,FR,FR,actual_onshore_wind_generation,Wind Onshore,2026-08-13T16:47:47Z
2026-08-13T16:46:02Z,2026-08-13T18:46:02+0200,bbadff40-465f-4669-a5ab-d3c11bbfaf39,2026-08-01T06:15:00Z,2026-08-01T08:15:00+0200,1417.89,MW,FR,FR,actual_onshore_wind_generation,Wind Onshore,2026-08-13T16:47:47Z
2026-08-13T16:46:02Z,2026-08-13T18:46:02+0200,bbadff40-465f-4669-a5ab-d3c11bbfaf39,2026-08-01T06:30:00Z,2026-08-01T08:30:00+0200,1232.12,MW,FR,FR,actual_onshore_wind_generation,Wind Onshore,2026-08-13T16:47:47Z
2026-08-13T16:46:02Z,2026-08-13T18:46:02+0200,bbadff40-465f-4669-a5ab-d3c11bbfaf39,2026-08-01T06:45:00Z,2026-08-01T08:45:00+0200,1091.4,MW,FR,FR,actual_onshore_wind_generation,Wind Onshore,2026-08-13T16:47:47Z
2026-08-13T16:46:02Z,2026-08-13T18:46:02+0200,bbadff40-465f-4669-a5ab-d3c11bbfaf39,2026-08-01T07:00:00Z,2026-08-01T09:00:00+0200,999.37,MW,FR,FR,actual_onshore_wind_generation,Wind Onshore,2026-08-13T16:47:47Z
2026-08-13T16:46:02Z,2026-08-13T18:46:02+0200,bbadff40-465f-4669-a5ab-d3c11bbfaf39,2026-08-01T07:15:00Z,2026-08-01T09:15:00+0200,947.68,MW,FR,FR,actual_onshore_wind_generation,Wind Onshore,2026-08-13T16:47:47Z
2026-08-13T16:46:02Z,2026-08-13T18:46:02+0200,bbadff40-465f-4669-a5ab-d3c11bbfaf39,2026-08-01T07:30:00Z,2026-08-01T09:30:00+0200,935.33,MW,FR,FR,actual_onshore_wind_generation,Wind Onshore,2026-08-13T16:47:47Z
2026-08-13T16:46:02Z,2026-08-13T18:46:02+0200,bbadff40-465f-4669-a5ab-d3c11bbfaf39,2026-08-01T07:45:00Z,2026-08-01T09:45:00+0200,924.45,MW,FR,FR,actual_onshore_wind_generation,Wind Onshore,2026-08-13T16:47:47Z
2026-08-13T16:46:02Z,2026-08-13T18:46:02+0200,bbadff40-465f-4669-a5ab-d3c11bbfaf39,2026-08-01T08:00:00Z,2026-08-01T10:00:00+0200,894.46,MW,FR,FR,actual_onshore_wind_generation,Wind Onshore,2026-08-13T16:47:47Z
2026-08-13T16:46:02Z,2026-08-13T18:46:02+0200,bbadff40-465f-4669-a5ab-d3c11bbfaf39,2026-08-01T08:15:00Z,2026-08-01T10:15:00+0200,882.4,MW,FR,FR,actual_onshore_wind_generation,Wind Onshore,2026-08-13T16:47:47Z
2026-08-13T16:46:02Z,2026-08-13T18:46:02+0200,bbadff40-465f-4669-a5ab-d3c11bbfaf39,2026-08-01T08:30:00Z,2026-08-01T10:30:00+0200,880.71,MW,FR,FR,actual_onshore_wind_generation,Wind Onshore,2026-08-13T16:47:47Z
2026-08-13T16:46:02Z,2026-08-13T18:46:02+0200,bbadff40-465f-4669-a5ab-d3c11bbfaf39,2026-08-01T08:45:00Z,2026-08-01T10:45:00+0200,888.26,MW,FR,FR,actual_onshore_wind_generation,Wind Onshore,2026-08-13T16:47:47Z
2026-08-13T16:46:02Z,2026-08-13T18:46:02+0200,bbadff40-465f-4669-a5ab-d3c11bbfaf39,2026-08-01T09:00:00Z,2026-08-01T11:00:00+0200,891.72,MW,FR,FR,actual_onshore_wind_generation,Wind Onshore,2026-08-13T16:47:47Z
2026-08-13T16:46:02Z,2026-08-13T18:46:02+0200,bbadff40-465f-4669-a5ab-d3c11bbfaf39,2026-08-01T09:15:00Z,2026-08-01T11:15:00+0200,894.95,MW,FR,FR,actual_onshore_wind_generation,Wind Onshore,2026-08-13T16:47:47Z
2026-08-13T16:46:02Z,2026-08-13T18:46:02+0200,bbadff40-465f-4669-a5ab-d3c11bbfaf39,2026-08-01T09:30:00Z,2026-08-01T11:30:00+0200,884.01,MW,FR,FR,actual_onshore_wind_generation,Wind Onshore,2026-08-13T16:47:47Z
2026-08-13T16:46:02Z,2026-08-13T18:46:02+0200,bbadff40-465f-4669-a5ab-d3c11bbfaf39,2026-08-01T09:45:00Z,2026-08-01T11:45:00+0200,857.92,MW,FR,FR,actual_onshore_wind_generation,Wind Onshore,2026-08-13T16:47:47Z
2026-08-13T16:46:02Z,2026-08-13T18:46:02+0200,bbadff40-465f-4669-a5ab-d3c11bbfaf39,2026-08-01T10:00:00Z,2026-08-01T12:00:00+0200,837.27,MW,FR,FR,actual_onshore_wind_generation,Wind Onshore,2026-08-13T16:47:47Z
2026-08-13T16:46:02Z,2026-08-13T18:46:02+0200,bbadff40-465f-4669-a5ab-d3c11bbfaf39,2026-08-01T10:15:00Z,2026-08-01T12:15:00+0200,825.39,MW,FR,FR,actual_onshore_wind_generation,Wind Onshore,2026-08-13T16:47:47Z
2026-08-13T16:46:02Z,2026-08-13T18:46:02+0200,bbadff40-465f-4669-a5ab-d3c11bbfaf39,2026-08-01T10:30:00Z,2026-08-01T12:30:00+0200,820.65,MW,FR,FR,actual_onshore_wind_generation,Wind Onshore,2026-08-13T16:47:47Z
2026-08-13T16:46:02Z,2026-08-13T18:46:02+0200,bbadff40-465f-4669-a5ab-d3c11bbfaf39,2026-08-01T10:45:00Z,2026-08-01T12:45:00+0200,809.66,MW,FR,FR,actual_onshore_wind_generation,Wind Onshore,2026-08-13T16:47:47Z
2026-08-13T16:46:02Z,2026-08-13T18:46:02+0200,bbadff40-465f-4669-a5ab-d3c11bbfaf39,2026-08-01T11:00:00Z,2026-08-01T13:00:00+0200,823.49,MW,FR,FR,actual_onshore_wind_generation,Wind Onshore,2026-08-13T16:47:47Z
2026-08-13T16:46:02Z,2026-08-13T18:46:02+0200,bbadff40-465f-4669-a5ab-d3c11bbfaf39,2026-08-01T11:15:00Z,2026-08-01T13:15:00+0200,836.06,MW,FR,FR,actual_onshore_wind_generation,Wind Onshore,2026-08-13T16:47:47Z
2026-08-13T16:46:02Z,2026-08-13T18:46:02+0200,bbadff40-465f-4669-a5ab-d3c11bbfaf39,2026-08-01T11:30:00Z,2026-08-01T13:30:00+0200,833.82,MW,FR,FR,actual_onshore_wind_generation,Wind Onshore,2026-08-13T16:47:47Z
2026-08-13T16:46:02Z,2026-08-13T18:46:02+0200,bbadff40-465f-4669-a5ab-d3c11bbfaf39,2026-08-01T11:45:00Z,2026-08-01T13:45:00+0200,853.69,MW,FR,FR,actual_onshore_wind_generation,Wind Onshore,2026-08-13T16:47:47Z
2026-08-13T16:46:02Z,2026-08-13T18:46:02+0200,bbadff40-465f-4669-a5ab-d3c11bbfaf39,2026-08-01T12:00:00Z,2026-08-01T14:00:00+0200,864.39,MW,FR,FR,actual_onshore_wind_generation,Wind Onshore,2026-08-13T16:47:47Z
2026-08-13T16:46:02Z,2026-08-13T18:46:02+0200,bbadff40-465f-4669-a5ab-d3c11bbfaf39,2026-08-01T12:15:00Z,2026-08-01T14:15:00+0200,885.64,MW,FR,FR,actual_onshore_wind_generation,Wind Onshore,2026-08-13T16:47:47Z
2026-08-13T16:46:02Z,2026-08-13T18:46:02+0200,bbadff40-465f-4669-a5ab-d3c11bbfaf39,2026-08-01T12:30:00Z,2026-08-01T14:30:00+0200,867.69,MW,FR,FR,actual_onshore_wind_generation,Wind Onshore,2026-08-13T16:47:47Z
2026-08-13T16:46:02Z,2026-08-13T18:46:02+0200,bbadff40-465f-4669-a5ab-d3c11bbfaf39,2026-08-01T12:45:00Z,2026-08-01T14:45:00+0200,863.8,MW,FR,FR,actual_onshore_wind_generation,Wind Onshore,2026-08-13T16:47:47Z
2026-08-13T16:46:02Z,2026-08-13T18:46:02+0200,bbadff40-465f-4669-a5ab-d3c11bbfaf39,2026-08-01T13:00:00Z,2026-08-01T15:00:00+0200,876.31,MW,FR,FR,actual_onshore_wind_generation,Wind Onshore,2026-08-13T16:47:47Z
2026-08-13T16:46:02Z,2026-08-13T18:46:02+0200,bbadff40-465f-4669-a5ab-d3c11bbfaf39,2026-08-01T13:15:00Z,2026-08-01T15:15:00+0200,885.28,MW,FR,FR,actual_onshore_wind_generation,Wind Onshore,2026-08-13T16:47:47Z
2026-08-13T16:46:02Z,2026-08-13T18:46:02+0200,bbadff40-465f-4669-a5ab-d3c11bbfaf39,2026-08-01T13:30:00Z,2026-08-01T15:30:00+0200,921.11,MW,FR,FR,actual_onshore_wind_generation,Wind Onshore,2026-08-13T16:47:47Z
2026-08-13T16:46:02Z,2026-08-13T18:46:02+0200,bbadff40-465f-4669-a5ab-d3c11bbfaf39,2026-08-01T13:45:00Z,2026-08-01T15:45:00+0200,933.64,MW,FR,FR,actual_onshore_wind_generation,Wind Onshore,2026-08-13T16:47:47Z
2026-08-13T16:46:02Z,2026-08-13T18:46:02+0200,bbadff40-465f-4669-a5ab-d3c11bbfaf39,2026-08-01T14:00:00Z,2026-08-01T16:00:00+0200,939.5,MW,FR,FR,actual_onshore_wind_generation,Wind Onshore,2026-08-13T16:47:47Z
2026-08-13T16:46:02Z,2026-08-13T18:46:02+0200,bbadff40-465f-4669-a5ab-d3c11bbfaf39,2026-08-01T14:15:00Z,2026-08-01T16:15:00+0200,967.2,MW,FR,FR,actual_onshore_wind_generation,Wind Onshore,2026-08-13T16:47:47Z
2026-08-13T16:46:02Z,2026-08-13T18:46:02+0200,bbadff40-465f-4669-a5ab-d3c11bbfaf39,2026-08-01T14:30:00Z,2026-08-01T16:30:00+0200,972.4,MW,FR,FR,actual_onshore_wind_generation,Wind Onshore,2026-08-13T16:47:47Z
2026-08-13T16:46:02Z,2026-08-13T18:46:02+0200,bbadff40-465f-4669-a5ab-d3c11bbfaf39,2026-08-01T14:45:00Z,2026-08-01T16:45:00+0200,1015.37,MW,FR,FR,actual_onshore_wind_generation,Wind Onshore,2026-08-13T16:47:47Z
2026-08-13T16:46:02Z,2026-08-13T18:46:02+0200,bbadff40-465f-4669-a5ab-d3c11bbfaf39,2026-08-01T15:00:00Z,2026-08-01T17:00:00+0200,1038.9,MW,FR,FR,actual_onshore_wind_generation,Wind Onshore,2026-08-13T16:47:47Z
2026-08-13T16:46:02Z,2026-08-13T18:46:02+0200,bbadff40-465f-4669-a5ab-d3c11bbfaf39,2026-08-01T15:15:00Z,2026-08-01T17:15:00+0200,1078.14,MW,FR,FR,actual_onshore_wind_generation,Wind Onshore,2026-08-13T16:47:47Z
2026-08-13T16:46:02Z,2026-08-13T18:46:02+0200,bbadff40-465f-4669-a5ab-d3c11bbfaf39,2026-08-01T15:30:00Z,2026-08-01T17:30:00+0200,1133.56,MW,FR,FR,actual_onshore_wind_generation,Wind Onshore,2026-08-13T16:47:47Z
2026-08-13T16:46:02Z,2026-08-13T18:46:02+0200,bbadff40-465f-4669-a5ab-d3c11bbfaf39,2026-08-01T15:45:00Z,2026-08-01T17:45:00+0200,1202.54,MW,FR,FR,actual_onshore_wind_generation,Wind Onshore,2026-08-13T16:47:47Z
2026-08-13T16:46:02Z,2026-08-13T18:46:02+0200,bbadff40-465f-4669-a5ab-d3c11bbfaf39,2026-08-01T16:00:00Z,2026-08-01T18:00:00+0200,1271.39,MW,FR,FR,actual_onshore_wind_generation,Wind Onshore,2026-08-13T16:47:47Z
2026-08-13T16:46:02Z,2026-08-13T18:46:02+0200,bbadff40-465f-4669-a5ab-d3c11bbfaf39,2026-08-01T16:15:00Z,2026-08-01T18:15:00+0200,1359.15,MW,FR,FR,actual_onshore_wind_generation,Wind Onshore,2026-08-13T16:47:47Z
2026-08-13T16:46:02Z,2026-08-13T18:46:02+0200,bbadff40-465f-4669-a5ab-d3c11bbfaf39,2026-08-01T16:30:00Z,2026-08-01T18:30:00+0200,1421.29,MW,FR,FR,actual_onshore_wind_generation,Wind Onshore,2026-08-13T16:47:47Z
2026-08-13T16:46:02Z,2026-08-13T18:46:02+0200,bbadff40-465f-4669-a5ab-d3c11bbfaf39,2026-08-01T16:45:00Z,2026-08-01T18:45:00+0200,1477.38,MW,FR,FR,actual_onshore_wind_generation,Wind Onshore,2026-08-13T16:47:47Z
2026-08-13T16:46:02Z,2026-08-13T18:46:02+0200,bbadff40-465f-4669-a5ab-d3c11bbfaf39,2026-08-01T17:00:00Z,2026-08-01T19:00:00+0200,1623.97,MW,FR,FR,actual_onshore_wind_generation,Wind Onshore,2026-08-13T16:47:47Z
2026-08-13T16:46:02Z,2026-08-13T18:46:02+0200,bbadff40-465f-4669-a5ab-d3c11bbfaf39,2026-08-01T17:15:00Z,2026-08-01T19:15:00+0200,1724.15,MW,FR,FR,actual_onshore_wind_generation,Wind Onshore,2026-08-13T16:47:47Z
2026-08-13T16:46:02Z,2026-08-13T18:46:02+0200,bbadff40-465f-4669-a5ab-d3c11bbfaf39,2026-08-01T17:30:00Z,2026-08-01T19:30:00+0200,1897.48,MW,FR,FR,actual_onshore_wind_generation,Wind Onshore,2026-08-13T16:47:47Z
2026-08-13T16:46:02Z,2026-08-13T18:46:02+0200,bbadff40-465f-4669-a5ab-d3c11bbfaf39,2026-08-01T17:45:00Z,2026-08-01T19:45:00+0200,2109.0,MW,FR,FR,actual_onshore_wind_generation,Wind Onshore,2026-08-13T16:47:47Z
2026-08-13T16:46:02Z,2026-08-13T18:46:02+0200,bbadff40-465f-4669-a5ab-d3c11bbfaf39,2026-08-01T18:00:00Z,2026-08-01T20:00:00+0200,2262.64,MW,FR,FR,actual_onshore_wind_generation,Wind Onshore,2026-08-13T16:47:47Z
2026-08-13T16:46:02Z,2026-08-13T18:46:02+0200,bbadff40-465f-4669-a5ab-d3c11bbfaf39,2026-08-01T18:15:00Z,2026-08-01T20:15:00+0200,2382.18,MW,FR,FR,actual_onshore_wind_generation,Wind Onshore,2026-08-13T16:47:47Z
2026-08-13T16:46:02Z,2026-08-13T18:46:02+0200,bbadff40-465f-4669-a5ab-d3c11bbfaf39,2026-08-01T18:30:00Z,2026-08-01T20:30:00+0200,2509.07,MW,FR,FR,actual_onshore_wind_generation,Wind Onshore,2026-08-13T16:47:47Z
2026-08-13T16:46:02Z,2026-08-13T18:46:02+0200,bbadff40-465f-4669-a5ab-d3c11bbfaf39,2026-08-01T18:45:00Z,2026-08-01T20:45:00+0200,2651.04,MW,FR,FR,actual_onshore_wind_generation,Wind Onshore,2026-08-13T16:47:47Z
2026-08-13T16:46:02Z,2026-08-13T18:46:02+0200,bbadff40-465f-4669-a5ab-d3c11bbfaf39,2026-08-01T19:00:00Z,2026-08-01T21:00:00+0200,2785.32,MW,FR,FR,actual_onshore_wind_generation,Wind Onshore,2026-08-13T16:47:47Z
2026-08-13T16:46:02Z,2026-08-13T18:46:02+0200,bbadff40-465f-4669-a5ab-d3c11bbfaf39,2026-08-01T19:15:00Z,2026-08-01T21:15:00+0200,3016.5,MW,FR,FR,actual_onshore_wind_generation,Wind Onshore,2026-08-13T16:47:47Z
2026-08-13T16:46:02Z,2026-08-13T18:46:02+0200,bbadff40-465f-4669-a5ab-d3c11bbfaf39,2026-08-01T19:30:00Z,2026-08-01T21:30:00+0200,3205.38,MW,FR,FR,actual_onshore_wind_generation,Wind Onshore,2026-08-13T16:47:47Z
2026-08-13T16:46:02Z,2026-08-13T18:46:02+0200,bbadff40-465f-4669-a5ab-d3c11bbfaf39,2026-08-01T19:45:00Z,2026-08-01T21:45:00+0200,3502.19,MW,FR,FR,actual_onshore_wind_generation,Wind Onshore,2026-08-13T16:47:47Z
2026-08-13T16:46:02Z,2026-08-13T18:46:02+0200,bbadff40-465f-4669-a5ab-d3c11bbfaf39,2026-08-01T20:00:00Z,2026-08-01T22:00:00+0200,3803.69,MW,FR,FR,actual_onshore_wind_generation,Wind Onshore,2026-08-13T16:47:47Z
2026-08-13T16:46:02Z,2026-08-13T18:46:02+0200,bbadff40-465f-4669-a5ab-d3c11bbfaf39,2026-08-01T20:15:00Z,2026-08-01T22:15:00+0200,4185.94,MW,FR,FR,actual_onshore_wind_generation,Wind Onshore,2026-08-13T16:47:47Z
2026-08-13T16:46:02Z,2026-08-13T18:46:02+0200,bbadff40-465f-4669-a5ab-d3c11bbfaf39,2026-08-01T20:30:00Z,2026-08-01T22:30:00+0200,4527.42,MW,FR,FR,actual_onshore_wind_generation,Wind Onshore,2026-08-13T16:47:47Z
2026-08-13T16:46:02Z,2026-08-13T18:46:02+0200,bbadff40-465f-4669-a5ab-d3c11bbfaf39,2026-08-01T20:45:00Z,2026-08-01T22:45:00+0200,4821.13,MW,FR,FR,actual_onshore_wind_generation,Wind Onshore,2026-08-13T16:47:47Z
2026-08-13T16:46:02Z,2026-08-13T18:46:02+0200,bbadff40-465f-4669-a5ab-d3c11bbfaf39,2026-08-01T21:00:00Z,2026-08-01T23:00:00+0200,5035.17,MW,FR,FR,actual_onshore_wind_generation,Wind Onshore,2026-08-13T16:47:47Z
2026-08-13T16:46:02Z,2026-08-13T18:46:02+0200,bbadff40-465f-4669-a5ab-d3c11bbfaf39,2026-08-01T21:15:00Z,2026-08-01T23:15:00+0200,5216.3,MW,FR,FR,actual_onshore_wind_generation,Wind Onshore,2026-08-13T16:47:47Z
2026-08-13T16:46:02Z,2026-08-13T18:46:02+0200,bbadff40-465f-4669-a5ab-d3c11bbfaf39,2026-08-01T21:30:00Z,2026-08-01T23:30:00+0200,5217.77,MW,FR,FR,actual_onshore_wind_generation,Wind Onshore,2026-08-13T16:47:47Z
2026-08-13T16:46:02Z,2026-08-13T18:46:02+0200,bbadff40-465f-4669-a5ab-d3c11bbfaf39,2026-08-01T21:45:00Z,2026-08-01T23:45:00+0200,5263.24,MW,FR,FR,actual_onshore_wind_generation,Wind Onshore,2026-08-13T16:47:47Z
2026-08-13T16:46:02Z,2026-08-13T18:46:02+0200,bbadff40-465f-4669-a5ab-d3c11bbfaf39,2026-08-01T22:00:00Z,2026-08-02T00:00:00+0200,5278.38,MW,FR,FR,actual_onshore_wind_generation,Wind Onshore,2026-08-13T16:47:47Z
2026-08-13T16:46:02Z,2026-08-13T18:46:02+0200,bbadff40-465f-4669-a5ab-d3c11bbfaf39,2026-08-01T22:15:00Z,2026-08-02T00:15:00+0200,5232.74,MW,FR,FR,actual_onshore_wind_generation,Wind Onshore,2026-08-13T16:47:47Z
2026-08-13T16:46:02Z,2026-08-13T18:46:02+0200,bbadff40-465f-4669-a5ab-d3c11bbfaf39,2026-08-01T22:30:00Z,2026-08-02T00:30:00+0200,5187.5,MW,FR,FR,actual_onshore_wind_generation,Wind Onshore,2026-08-13T16:47:47Z
2026-08-13T16:46:02Z,2026-08-13T18:46:02+0200,bbadff40-465f-4669-a5ab-d3c11bbfaf39,2026-08-01T22:45:00Z,2026-08-02T00:45:00+0200,5204.84,MW,FR,FR,actual_onshore_wind_generation,Wind Onshore,2026-08-13T16:47:47Z
2026-08-13T16:46:02Z,2026-08-13T18:46:02+0200,bbadff40-465f-4669-a5ab-d3c11bbfaf39,2026-08-01T23:00:00Z,2026-08-02T01:00:00+0200,5156.15,MW,FR,FR,actual_onshore_wind_generation,Wind Onshore,2026-08-13T16:47:47Z
2026-08-13T16:46:02Z,2026-08-13T18:46:02+0200,bbadff40-465f-4669-a5ab-d3c11bbfaf39,2026-08-01T23:15:00Z,2026-08-02T01:15:00+0200,5067.93,MW,FR,FR,actual_onshore_wind_generation,Wind Onshore,2026-08-13T16:47:47Z
2026-08-13T16:46:02Z,2026-08-13T18:46:02+0200,bbadff40-465f-4669-a5ab-d3c11bbfaf39,2026-08-01T23:30:00Z,2026-08-02T01:30:00+0200,4949.26,MW,FR,FR,actual_onshore_wind_generation,Wind Onshore,2026-08-13T16:47:47Z
2026-08-13T16:46:02Z,2026-08-13T18:46:02+0200,bbadff40-465f-4669-a5ab-d3c11bbfaf39,2026-08-01T23:45:00Z,2026-08-02T01:45:00+0200,4804.64,MW,FR,FR,actual_onshore_wind_generation,Wind Onshore,2026-08-13T16:47:47Z
2026-08-13T16:46:02Z,2026-08-13T18:46:02+0200,bbadff40-465f-4669-a5ab-d3c11bbfaf39,2026-08-02T00:00:00Z,2026-08-02T02:00:00+0200,4616.13,MW,FR,FR,actual_onshore_wind_generation,Wind Onshore,2026-08-13T16:47:47Z
2026-08-13T16:46:02Z,2026-08-13T18:46:02+0200,bbadff40-465f-4669-a5ab-d3c11bbfaf39,2026-08-02T00:15:00Z,2026-08-02T02:15:00+0200,4489.98,MW,FR,FR,actual_onshore_wind_generation,Wind Onshore,2026-08-13T16:47:47Z
2026-08-13T16:46:02Z,2026-08-13T18:46:02+0200,bbadff40-465f-4669-a5ab-d3c11bbfaf39,2026-08-02T00:30:00Z,2026-08-02T02:30:00+0200,4389.91,MW,FR,FR,actual_onshore_wind_generation,Wind Onshore,2026-08-13T16:47:47Z
2026-08-13T16:46:02Z,2026-08-13T18:46:02+0200,bbadff40-465f-4669-a5ab-d3c11bbfaf39,2026-08-02T00:45:00Z,2026-08-02T02:45:00+0200,4273.9,MW,FR,FR,actual_onshore_wind_generation,Wind Onshore,2026-08-13T16:47:47Z
2026-08-13T16:46:02Z,2026-08-13T18:46:02+0200,bbadff40-465f-4669-a5ab-d3c11bbfaf39,2026-08-02T01:00:00Z,2026-08-02T03:00:00+0200,4143.5,MW,FR,FR,actual_onshore_wind_generation,Wind Onshore,2026-08-13T16:47:47Z
2026-08-13T16:46:02Z,2026-08-13T18:46:02+0200,bbadff40-465f-4669-a5ab-d3c11bbfaf39,2026-08-02T01:15:00Z,2026-08-02T03:15:00+0200,4023.94,MW,FR,FR,actual_onshore_wind_generation,Wind Onshore,2026-08-13T16:47:47Z
2026-08-13T16:46:02Z,2026-08-13T18:46:02+0200,bbadff40-465f-4669-a5ab-d3c11bbfaf39,2026-08-02T01:30:00Z,2026-08-02T03:30:00+0200,3915.52,MW,FR,FR,actual_onshore_wind_generation,Wind Onshore,2026-08-13T16:47:47Z
2026-08-13T16:46:02Z,2026-08-13T18:46:02+0200,bbadff40-465f-4669-a5ab-d3c11bbfaf39,2026-08-02T01:45:00Z,2026-08-02T03:45:00+0200,3805.1,MW,FR,FR,actual_onshore_wind_generation,Wind Onshore,2026-08-13T16:47:47Z
2026-08-13T16:46:02Z,2026-08-13T18:46:02+0200,bbadff40-465f-4669-a5ab-d3c11bbfaf39,2026-08-02T02:00:00Z,2026-08-02T04:00:00+0200,3655.42,MW,FR,FR,actual_onshore_wind_generation,Wind Onshore,2026-08-13T16:47:47Z
2026-08-13T16:46:02Z,2026-08-13T18:46:02+0200,bbadff40-465f-4669-a5ab-d3c11bbfaf39,2026-08-02T02:15:00Z,2026-08-02T04:15:00+0200,3490.67,MW,FR,FR,actual_onshore_wind_generation,Wind Onshore,2026-08-13T16:47:47Z
2026-08-13T16:46:02Z,2026-08-13T18:46:02+0200,bbadff40-465f-4669-a5ab-d3c11bbfaf39,2026-08-02T02:30:00Z,2026-08-02T04:30:00+0200,3376.96,MW,FR,FR,actual_onshore_wind_generation,Wind Onshore,2026-08-13T16:47:47Z
2026-08-13T16:46:02Z,2026-08-13T18:46:02+0200,bbadff40-465f-4669-a5ab-d3c11bbfaf39,2026-08-02T02:45:00Z,2026-08-02T04:45:00+0200,3326.12,MW,FR,FR,actual_onshore_wind_generation,Wind Onshore,2026-08-13T16:47:47Z
2026-08-13T16:46:02Z,2026-08-13T18:46:02+0200,bbadff40-465f-4669-a5ab-d3c11bbfaf39,2026-08-02T03:00:00Z,2026-08-02T05:00:00+0200,3271.56,MW,FR,FR,actual_onshore_wind_generation,Wind Onshore,2026-08-13T16:47:47Z
2026-08-13T16:46:02Z,2026-08-13T18:46:02+0200,bbadff40-465f-4669-a5ab-d3c11bbfaf39,2026-08-02T03:15:00Z,2026-08-02T05:15:00+0200,3237.86,MW,FR,FR,actual_onshore_wind_generation,Wind Onshore,2026-08-13T16:47:47Z
2026-08-13T16:46:02Z,2026-08-13T18:46:02+0200,bbadff40-465f-4669-a5ab-d3c11bbfaf39,2026-08-02T03:30:00Z,2026-08-02T05:30:00+0200,3279.48,MW,FR,FR,actual_onshore_wind_generation,Wind Onshore,2026-08-13T16:47:47Z
2026-08-13T16:46:02Z,2026-08-13T18:46:02+0200,bbadff40-465f-4669-a5ab-d3c11bbfaf39,2026-08-02T03:45:00Z,2026-08-02T05:45:00+0200,3282.93,MW,FR,FR,actual_onshore_wind_generation,Wind Onshore,2026-08-13T16:47:47Z
2026-08-13T16:46:02Z,2026-08-13T18:46:02+0200,bbadff40-465f-4669-a5ab-d3c11bbfaf39,2026-08-02T04:00:00Z,2026-08-02T06:00:00+0200,3234.84,MW,FR,FR,actual_onshore_wind_generation,Wind Onshore,2026-08-13T16:47:47Z
2026-08-13T16:46:02Z,2026-08-13T18:46:02+0200,bbadff40-465f-4669-a5ab-d3c11bbfaf39,2026-08-02T04:15:00Z,2026-08-02T06:15:00+0200,3260.55,MW,FR,FR,actual_onshore_wind_generation,Wind Onshore,2026-08-13T16:47:47Z
2026-08-13T16:46:02Z,2026-08-13T18:46:02+0200,bbadff40-465f-4669-a5ab-d3c11bbfaf39,2026-08-02T04:30:00Z,2026-08-02T06:30:00+0200,3307.34,MW,FR,FR,actual_onshore_wind_generation,Wind Onshore,2026-08-13T16:47:47Z
2026-08-13T16:46:02Z,2026-08-13T18:46:02+0200,bbadff40-465f-4669-a5ab-d3c11bbfaf39,2026-08-02T04:45:00Z,2026-08-02T06:45:00+0200,3321.05,MW,FR,FR,actual_onshore_wind_generation,Wind Onshore,2026-08-13T16:47:47Z
2026-08-13T16:46:02Z,2026-08-13T18:46:02+0200,bbadff40-465f-4669-a5ab-d3c11bbfaf39,2026-08-02T05:00:00Z,2026-08-02T07:00:00+0200,3311.29,MW,FR,FR,actual_onshore_wind_generation,Wind Onshore,2026-08-13T16:47:47Z
2026-08-13T16:46:02Z,2026-08-13T18:46:02+0200,bbadff40-465f-4669-a5ab-d3c11bbfaf39,2026-08-02T05:15:00Z,2026-08-02T07:15:00+0200,3332.42,MW,FR,FR,actual_onshore_wind_generation,Wind Onshore,2026-08-13T16:47:47Z
2026-08-13T16:46:02Z,2026-08-13T18:46:02+0200,bbadff40-465f-4669-a5ab-d3c11bbfaf39,2026-08-02T05:30:00Z,2026-08-02T07:30:00+0200,3227.07,MW,FR,FR,actual_onshore_wind_generation,Wind Onshore,2026-08-13T16:47:47Z
2026-08-13T16:46:02Z,2026-08-13T18:46:02+0200,bbadff40-465f-4669-a5ab-d3c11bbfaf39,2026-08-02T05:45:00Z,2026-08-02T07:45:00+0200,3020.41,MW,FR,FR,actual_onshore_wind_generation,Wind Onshore,2026-08-13T16:47:47Z
2026-08-13T16:46:02Z,2026-08-13T18:46:02+0200,bbadff40-465f-4669-a5ab-d3c11bbfaf39,2026-08-02T06:00:00Z,2026-08-02T08:00:00+0200,2762.23,MW,FR,FR,actual_onshore_wind_generation,Wind Onshore,2026-08-13T16:47:47Z
2026-08-13T16:46:02Z,2026-08-13T18:46:02+0200,bbadff40-465f-4669-a5ab-d3c11bbfaf39,2026-08-02T06:15:00Z,2026-08-02T08:15:00+0200,2395.36,MW,FR,FR,actual_onshore_wind_generation,Wind Onshore,2026-08-13T16:47:47Z
2026-08-13T16:46:02Z,2026-08-13T18:46:02+0200,bbadff40-465f-4669-a5ab-d3c11bbfaf39,2026-08-02T06:30:00Z,2026-08-02T08:30:00+0200,2006.64,MW,FR,FR,actual_onshore_wind_generation,Wind Onshore,2026-08-13T16:47:47Z
2026-08-13T16:46:02Z,2026-08-13T18:46:02+0200,bbadff40-465f-4669-a5ab-d3c11bbfaf39,2026-08-02T06:45:00Z,2026-08-02T08:45:00+0200,1691.0,MW,FR,FR,actual_onshore_wind_generation,Wind Onshore,2026-08-13T16:47:47Z
2026-08-13T16:46:02Z,2026-08-13T18:46:02+0200,bbadff40-465f-4669-a5ab-d3c11bbfaf39,2026-08-02T07:00:00Z,2026-08-02T09:00:00+0200,1436.39,MW,FR,FR,actual_onshore_wind_generation,Wind Onshore,2026-08-13T16:47:47Z
2026-08-13T16:46:02Z,2026-08-13T18:46:02+0200,bbadff40-465f-4669-a5ab-d3c11bbfaf39,2026-08-02T07:15:00Z,2026-08-02T09:15:00+0200,1241.63,MW,FR,FR,actual_onshore_wind_generation,Wind Onshore,2026-08-13T16:47:47Z
2026-08-13T16:46:02Z,2026-08-13T18:46:02+0200,bbadff40-465f-4669-a5ab-d3c11bbfaf39,2026-08-02T07:30:00Z,2026-08-02T09:30:00+0200,1143.09,MW,FR,FR,actual_onshore_wind_generation,Wind Onshore,2026-08-13T16:47:47Z
2026-08-13T16:46:02Z,2026-08-13T18:46:02+0200,bbadff40-465f-4669-a5ab-d3c11bbfaf39,2026-08-02T07:45:00Z,2026-08-02T09:45:00+0200,1058.91,MW,FR,FR,actual_onshore_wind_generation,Wind Onshore,2026-08-13T16:47:47Z
2026-08-13T16:46:02Z,2026-08-13T18:46:02+0200,bbadff40-465f-4669-a5ab-d3c11bbfaf39,2026-08-02T08:00:00Z,2026-08-02T10:00:00+0200,1037.15,MW,FR,FR,actual_onshore_wind_generation,Wind Onshore,2026-08-13T16:47:47Z
2026-08-13T16:46:02Z,2026-08-13T18:46:02+0200,bbadff40-465f-4669-a5ab-d3c11bbfaf39,2026-08-02T08:15:00Z,2026-08-02T10:15:00+0200,1023.86,MW,FR,FR,actual_onshore_wind_generation,Wind Onshore,2026-08-13T16:47:47Z
2026-08-13T16:46:02Z,2026-08-13T18:46:02+0200,bbadff40-465f-4669-a5ab-d3c11bbfaf39,2026-08-02T08:30:00Z,2026-08-02T10:30:00+0200,1067.93,MW,FR,FR,actual_onshore_wind_generation,Wind Onshore,2026-08-13T16:47:47Z
2026-08-13T16:46:02Z,2026-08-13T18:46:02+0200,bbadff40-465f-4669-a5ab-d3c11bbfaf39,2026-08-02T08:45:00Z,2026-08-02T10:45:00+0200,1128.82,MW,FR,FR,actual_onshore_wind_generation,Wind Onshore,2026-08-13T16:47:47Z
2026-08-13T16:46:02Z,2026-08-13T18:46:02+0200,bbadff40-465f-4669-a5ab-d3c11bbfaf39,2026-08-02T09:00:00Z,2026-08-02T11:00:00+0200,1429.01,MW,FR,FR,actual_onshore_wind_generation,Wind Onshore,2026-08-13T16:47:47Z
2026-08-13T16:46:02Z,2026-08-13T18:46:02+0200,bbadff40-465f-4669-a5ab-d3c11bbfaf39,2026-08-02T09:15:00Z,2026-08-02T11:15:00+0200,1977.32,MW,FR,FR,actual_onshore_wind_generation,Wind Onshore,2026-08-13T16:47:47Z
2026-08-13T16:46:02Z,2026-08-13T18:46:02+0200,bbadff40-465f-4669-a5ab-d3c11bbfaf39,2026-08-02T09:30:00Z,2026-08-02T11:30:00+0200,2148.5,MW,FR,FR,actual_onshore_wind_generation,Wind Onshore,2026-08-13T16:47:47Z
2026-08-13T16:46:02Z,2026-08-13T18:46:02+0200,bbadff40-465f-4669-a5ab-d3c11bbfaf39,2026-08-02T09:45:00Z,2026-08-02T11:45:00+0200,2335.96,MW,FR,FR,actual_onshore_wind_generation,Wind Onshore,2026-08-13T16:47:47Z
2026-08-13T16:46:02Z,2026-08-13T18:46:02+0200,bbadff40-465f-4669-a5ab-d3c11bbfaf39,2026-08-02T10:00:00Z,2026-08-02T12:00:00+0200,2192.75,MW,FR,FR,actual_onshore_wind_generation,Wind Onshore,2026-08-13T16:47:47Z
2026-08-13T16:46:02Z,2026-08-13T18:46:02+0200,bbadff40-465f-4669-a5ab-d3c11bbfaf39,2026-08-02T10:15:00Z,2026-08-02T12:15:00+0200,2017.94,MW,FR,FR,actual_onshore_wind_generation,Wind Onshore,2026-08-13T16:47:47Z
2026-08-13T16:46:02Z,2026-08-13T18:46:02+0200,bbadff40-465f-4669-a5ab-d3c11bbfaf39,2026-08-02T10:30:00Z,2026-08-02T12:30:00+0200,1862.36,MW,FR,FR,actual_onshore_wind_generation,Wind Onshore,2026-08-13T16:47:47Z
2026-08-13T16:46:02Z,2026-08-13T18:46:02+0200,bbadff40-465f-4669-a5ab-d3c11bbfaf39,2026-08-02T10:45:00Z,2026-08-02T12:45:00+0200,1763.98,MW,FR,FR,actual_onshore_wind_generation,Wind Onshore,2026-08-13T16:47:47Z
2026-08-13T16:46:02Z,2026-08-13T18:46:02+0200,bbadff40-465f-4669-a5ab-d3c11bbfaf39,2026-08-02T11:00:00Z,2026-08-02T13:00:00+0200,1703.56,MW,FR,FR,actual_onshore_wind_generation,Wind Onshore,2026-08-13T16:47:47Z
2026-08-13T16:46:02Z,2026-08-13T18:46:02+0200,bbadff40-465f-4669-a5ab-d3c11bbfaf39,2026-08-02T11:15:00Z,2026-08-02T13:15:00+0200,1681.45,MW,FR,FR,actual_onshore_wind_generation,Wind Onshore,2026-08-13T16:47:47Z
2026-08-13T16:46:02Z,2026-08-13T18:46:02+0200,bbadff40-465f-4669-a5ab-d3c11bbfaf39,2026-08-02T11:30:00Z,2026-08-02T13:30:00+0200,1657.01,MW,FR,FR,actual_onshore_wind_generation,Wind Onshore,2026-08-13T16:47:47Z
2026-08-13T16:46:02Z,2026-08-13T18:46:02+0200,bbadff40-465f-4669-a5ab-d3c11bbfaf39,2026-08-02T11:45:00Z,2026-08-02T13:45:00+0200,1629.8,MW,FR,FR,actual_onshore_wind_generation,Wind Onshore,2026-08-13T16:47:47Z
2026-08-13T16:46:02Z,2026-08-13T18:46:02+0200,bbadff40-465f-4669-a5ab-d3c11bbfaf39,2026-08-02T12:00:00Z,2026-08-02T14:00:00+0200,1638.69,MW,FR,FR,actual_onshore_wind_generation,Wind Onshore,2026-08-13T16:47:47Z
2026-08-13T16:46:02Z,2026-08-13T18:46:02+0200,bbadff40-465f-4669-a5ab-d3c11bbfaf39,2026-08-02T12:15:00Z,2026-08-02T14:15:00+0200,1699.92,MW,FR,FR,actual_onshore_wind_generation,Wind Onshore,2026-08-13T16:47:47Z
2026-08-13T16:46:02Z,2026-08-13T18:46:02+0200,bbadff40-465f-4669-a5ab-d3c11bbfaf39,2026-08-02T12:30:00Z,2026-08-02T14:30:00+0200,1660.8,MW,FR,FR,actual_onshore_wind_generation,Wind Onshore,2026-08-13T16:47:47Z
2026-08-13T16:46:02Z,2026-08-13T18:46:02+0200,bbadff40-465f-4669-a5ab-d3c11bbfaf39,2026-08-02T12:45:00Z,2026-08-02T14:45:00+0200,1670.58,MW,FR,FR,actual_onshore_wind_generation,Wind Onshore,2026-08-13T16:47:47Z
2026-08-13T16:46:02Z,2026-08-13T18:46:02+0200,bbadff40-465f-4669-a5ab-d3c11bbfaf39,2026-08-02T13:00:00Z,2026-08-02T15:00:00+0200,1781.84,MW,FR,FR,actual_onshore_wind_generation,Wind Onshore,2026-08-13T16:47:47Z
2026-08-13T16:46:02Z,2026-08-13T18:46:02+0200,bbadff40-465f-4669-a5ab-d3c11bbfaf39,2026-08-02T13:15:00Z,2026-08-02T15:15:00+0200,1731.94,MW,FR,FR,actual_onshore_wind_generation,Wind Onshore,2026-08-13T16:47:47Z
2026-08-13T16:46:02Z,2026-08-13T18:46:02+0200,bbadff40-465f-4669-a5ab-d3c11bbfaf39,2026-08-02T13:30:00Z,2026-08-02T15:30:00+0200,1670.53,MW,FR,FR,actual_onshore_wind_generation,Wind Onshore,2026-08-13T16:47:47Z
2026-08-13T16:46:02Z,2026-08-13T18:46:02+0200,bbadff40-465f-4669-a5ab-d3c11bbfaf39,2026-08-02T13:45:00Z,2026-08-02T15:45:00+0200,974.78,MW,FR,FR,actual_onshore_wind_generation,Wind Onshore,2026-08-13T16:47:47Z
2026-08-13T16:46:02Z,2026-08-13T18:46:02+0200,bbadff40-465f-4669-a5ab-d3c11bbfaf39,2026-08-02T14:00:00Z,2026-08-02T16:00:00+0200,1078.67,MW,FR,FR,actual_onshore_wind_generation,Wind Onshore,2026-08-13T16:47:47Z
2026-08-13T16:46:02Z,2026-08-13T18:46:02+0200,bbadff40-465f-4669-a5ab-d3c11bbfaf39,2026-08-02T14:15:00Z,2026-08-02T16:15:00+0200,1122.17,MW,FR,FR,actual_onshore_wind_generation,Wind Onshore,2026-08-13T16:47:47Z
2026-08-13T16:46:02Z,2026-08-13T18:46:02+0200,bbadff40-465f-4669-a5ab-d3c11bbfaf39,2026-08-02T14:30:00Z,2026-08-02T16:30:00+0200,1145.67,MW,FR,FR,actual_onshore_wind_generation,Wind Onshore,2026-08-13T16:47:47Z
2026-08-13T16:46:02Z,2026-08-13T18:46:02+0200,bbadff40-465f-4669-a5ab-d3c11bbfaf39,2026-08-02T14:45:00Z,2026-08-02T16:45:00+0200,1172.89,MW,FR,FR,actual_onshore_wind_generation,Wind Onshore,2026-08-13T16:47:47Z
2026-08-13T16:46:02Z,2026-08-13T18:46:02+0200,bbadff40-465f-4669-a5ab-d3c11bbfaf39,2026-08-02T15:00:00Z,2026-08-02T17:00:00+0200,1196.23,MW,FR,FR,actual_onshore_wind_generation,Wind Onshore,2026-08-13T16:47:47Z
2026-08-13T16:46:02Z,2026-08-13T18:46:02+0200,bbadff40-465f-4669-a5ab-d3c11bbfaf39,2026-08-02T15:15:00Z,2026-08-02T17:15:00+0200,1227.48,MW,FR,FR,actual_onshore_wind_generation,Wind Onshore,2026-08-13T16:47:47Z
2026-08-13T16:46:02Z,2026-08-13T18:46:02+0200,bbadff40-465f-4669-a5ab-d3c11bbfaf39,2026-08-02T15:30:00Z,2026-08-02T17:30:00+0200,1319.66,MW,FR,FR,actual_onshore_wind_generation,Wind Onshore,2026-08-13T16:47:47Z
2026-08-13T16:46:02Z,2026-08-13T18:46:02+0200,bbadff40-465f-4669-a5ab-d3c11bbfaf39,2026-08-02T15:45:00Z,2026-08-02T17:45:00+0200,1382.87,MW,FR,FR,actual_onshore_wind_generation,Wind Onshore,2026-08-13T16:47:47Z
2026-08-13T16:46:02Z,2026-08-13T18:46:02+0200,bbadff40-465f-4669-a5ab-d3c11bbfaf39,2026-08-02T16:00:00Z,2026-08-02T18:00:00+0200,1392.0,MW,FR,FR,actual_onshore_wind_generation,Wind Onshore,2026-08-13T16:47:47Z
2026-08-13T16:46:02Z,2026-08-13T18:46:02+0200,bbadff40-465f-4669-a5ab-d3c11bbfaf39,2026-08-02T16:15:00Z,2026-08-02T18:15:00+0200,1405.9,MW,FR,FR,actual_onshore_wind_generation,Wind Onshore,2026-08-13T16:47:47Z
2026-08-13T16:46:02Z,2026-08-13T18:46:02+0200,bbadff40-465f-4669-a5ab-d3c11bbfaf39,2026-08-02T16:30:00Z,2026-08-02T18:30:00+0200,1465.64,MW,FR,FR,actual_onshore_wind_generation,Wind Onshore,2026-08-13T16:47:47Z
2026-08-13T16:46:02Z,2026-08-13T18:46:02+0200,bbadff40-465f-4669-a5ab-d3c11bbfaf39,2026-08-02T16:45:00Z,2026-08-02T18:45:00+0200,1465.35,MW,FR,FR,actual_onshore_wind_generation,Wind Onshore,2026-08-13T16:47:47Z
2026-08-13T16:46:02Z,2026-08-13T18:46:02+0200,bbadff40-465f-4669-a5ab-d3c11bbfaf39,2026-08-02T17:00:00Z,2026-08-02T19:00:00+0200,1464.32,MW,FR,FR,actual_onshore_wind_generation,Wind Onshore,2026-08-13T16:47:47Z
2026-08-13T16:46:02Z,2026-08-13T18:46:02+0200,bbadff40-465f-4669-a5ab-d3c11bbfaf39,2026-08-02T17:15:00Z,2026-08-02T19:15:00+0200,1516.34,MW,FR,FR,actual_onshore_wind_generation,Wind Onshore,2026-08-13T16:47:47Z
2026-08-13T16:46:02Z,2026-08-13T18:46:02+0200,bbadff40-465f-4669-a5ab-d3c11bbfaf39,2026-08-02T17:30:00Z,2026-08-02T19:30:00+0200,1585.25,MW,FR,FR,actual_onshore_wind_generation,Wind Onshore,2026-08-13T16:47:47Z
2026-08-13T16:46:02Z,2026-08-13T18:46:02+0200,bbadff40-465f-4669-a5ab-d3c11bbfaf39,2026-08-02T17:45:00Z,2026-08-02T19:45:00+0200,1683.5,MW,FR,FR,actual_onshore_wind_generation,Wind Onshore,2026-08-13T16:47:47Z
2026-08-13T16:46:02Z,2026-08-13T18:46:02+0200,bbadff40-465f-4669-a5ab-d3c11bbfaf39,2026-08-02T18:00:00Z,2026-08-02T20:00:00+0200,1756.71,MW,FR,FR,actual_onshore_wind_generation,Wind Onshore,2026-08-13T16:47:47Z
2026-08-13T16:46:02Z,2026-08-13T18:46:02+0200,bbadff40-465f-4669-a5ab-d3c11bbfaf39,2026-08-02T18:15:00Z,2026-08-02T20:15:00+0200,1938.35,MW,FR,FR,actual_onshore_wind_generation,Wind Onshore,2026-08-13T16:47:47Z
2026-08-13T16:46:02Z,2026-08-13T18:46:02+0200,bbadff40-465f-4669-a5ab-d3c11bbfaf39,2026-08-02T18:30:00Z,2026-08-02T20:30:00+0200,2097.08,MW,FR,FR,actual_onshore_wind_generation,Wind Onshore,2026-08-13T16:47:47Z
2026-08-13T16:46:02Z,2026-08-13T18:46:02+0200,bbadff40-465f-4669-a5ab-d3c11bbfaf39,2026-08-02T18:45:00Z,2026-08-02T20:45:00+0200,2289.54,MW,FR,FR,actual_onshore_wind_generation,Wind Onshore,2026-08-13T16:47:47Z
2026-08-13T16:46:02Z,2026-08-13T18:46:02+0200,bbadff40-465f-4669-a5ab-d3c11bbfaf39,2026-08-02T19:00:00Z,2026-08-02T21:00:00+0200,2505.1,MW,FR,FR,actual_onshore_wind_generation,Wind Onshore,2026-08-13T16:47:47Z
2026-08-13T16:46:02Z,2026-08-13T18:46:02+0200,bbadff40-465f-4669-a5ab-d3c11bbfaf39,2026-08-02T19:15:00Z,2026-08-02T21:15:00+0200,2730.45,MW,FR,FR,actual_onshore_wind_generation,Wind Onshore,2026-08-13T16:47:47Z
2026-08-13T16:46:02Z,2026-08-13T18:46:02+0200,bbadff40-465f-4669-a5ab-d3c11bbfaf39,2026-08-02T19:30:00Z,2026-08-02T21:30:00+0200,2958.01,MW,FR,FR,actual_onshore_wind_generation,Wind Onshore,2026-08-13T16:47:47Z
2026-08-13T16:46:02Z,2026-08-13T18:46:02+0200,bbadff40-465f-4669-a5ab-d3c11bbfaf39,2026-08-02T19:45:00Z,2026-08-02T21:45:00+0200,3270.68,MW,FR,FR,actual_onshore_wind_generation,Wind Onshore,2026-08-13T16:47:47Z
2026-08-13T16:46:02Z,2026-08-13T18:46:02+0200,bbadff40-465f-4669-a5ab-d3c11bbfaf39,2026-08-02T20:00:00Z,2026-08-02T22:00:00+0200,3553.99,MW,FR,FR,actual_onshore_wind_generation,Wind Onshore,2026-08-13T16:47:47Z
2026-08-13T16:46:02Z,2026-08-13T18:46:02+0200,bbadff40-465f-4669-a5ab-d3c11bbfaf39,2026-08-02T20:15:00Z,2026-08-02T22:15:00+0200,3816.14,MW,FR,FR,actual_onshore_wind_generation,Wind Onshore,2026-08-13T16:47:47Z
2026-08-13T16:46:02Z,2026-08-13T18:46:02+0200,bbadff40-465f-4669-a5ab-d3c11bbfaf39,2026-08-02T20:30:00Z,2026-08-02T22:30:00+0200,3957.95,MW,FR,FR,actual_onshore_wind_generation,Wind Onshore,2026-08-13T16:47:47Z
2026-08-13T16:46:02Z,2026-08-13T18:46:02+0200,bbadff40-465f-4669-a5ab-d3c11bbfaf39,2026-08-02T20:45:00Z,2026-08-02T22:45:00+0200,4034.68,MW,FR,FR,actual_onshore_wind_generation,Wind Onshore,2026-08-13T16:47:47Z
2026-08-13T16:46:02Z,2026-08-13T18:46:02+0200,bbadff40-465f-4669-a5ab-d3c11bbfaf39,2026-08-02T21:00:00Z,2026-08-02T23:00:00+0200,4155.86,MW,FR,FR,actual_onshore_wind_generation,Wind Onshore,2026-08-13T16:47:47Z
2026-08-13T16:46:02Z,2026-08-13T18:46:02+0200,bbadff40-465f-4669-a5ab-d3c11bbfaf39,2026-08-02T21:15:00Z,2026-08-02T23:15:00+0200,4178.26,MW,FR,FR,actual_onshore_wind_generation,Wind Onshore,2026-08-13T16:47:47Z
2026-08-13T16:46:02Z,2026-08-13T18:46:02+0200,bbadff40-465f-4669-a5ab-d3c11bbfaf39,2026-08-02T21:30:00Z,2026-08-02T23:30:00+0200,4164.02,MW,FR,FR,actual_onshore_wind_generation,Wind Onshore,2026-08-13T16:47:47Z
2026-08-13T16:46:02Z,2026-08-13T18:46:02+0200,bbadff40-465f-4669-a5ab-d3c11bbfaf39,2026-08-02T21:45:00Z,2026-08-02T23:45:00+0200,4075.54,MW,FR,FR,actual_onshore_wind_generation,Wind Onshore,2026-08-13T16:47:47Z
2026-08-13T16:46:02Z,2026-08-13T18:46:02+0200,bbadff40-465f-4669-a5ab-d3c11bbfaf39,2026-08-02T22:00:00Z,2026-08-03T00:00:00+0200,3939.81,MW,FR,FR,actual_onshore_wind_generation,Wind Onshore,2026-08-13T16:47:47Z
2026-08-13T16:46:02Z,2026-08-13T18:46:02+0200,bbadff40-465f-4669-a5ab-d3c11bbfaf39,2026-08-02T22:15:00Z,2026-08-03T00:15:00+0200,3852.83,MW,FR,FR,actual_onshore_wind_generation,Wind Onshore,2026-08-13T16:47:47Z
2026-08-13T16:46:02Z,2026-08-13T18:46:02+0200,bbadff40-465f-4669-a5ab-d3c11bbfaf39,2026-08-02T22:30:00Z,2026-08-03T00:30:00+0200,3764.42,MW,FR,FR,actual_onshore_wind_generation,Wind Onshore,2026-08-13T16:47:47Z
2026-08-13T16:46:02Z,2026-08-13T18:46:02+0200,bbadff40-465f-4669-a5ab-d3c11bbfaf39,2026-08-02T22:45:00Z,2026-08-03T00:45:00+0200,3661.48,MW,FR,FR,actual_onshore_wind_generation,Wind Onshore,2026-08-13T16:47:47Z
2026-08-13T16:46:02Z,2026-08-13T18:46:02+0200,bbadff40-465f-4669-a5ab-d3c11bbfaf39,2026-08-02T23:00:00Z,2026-08-03T01:00:00+0200,3523.34,MW,FR,FR,actual_onshore_wind_generation,Wind Onshore,2026-08-13T16:47:47Z
2026-08-13T16:46:02Z,2026-08-13T18:46:02+0200,bbadff40-465f-4669-a5ab-d3c11bbfaf39,2026-08-02T23:15:00Z,2026-08-03T01:15:00+0200,3460.8,MW,FR,FR,actual_onshore_wind_generation,Wind Onshore,2026-08-13T16:47:47Z
2026-08-13T16:46:02Z,2026-08-13T18:46:02+0200,bbadff40-465f-4669-a5ab-d3c11bbfaf39,2026-08-02T23:30:00Z,2026-08-03T01:30:00+0200,3417.4,MW,FR,FR,actual_onshore_wind_generation,Wind Onshore,2026-08-13T16:47:47Z
2026-08-13T16:46:02Z,2026-08-13T18:46:02+0200,bbadff40-465f-4669-a5ab-d3c11bbfaf39,2026-08-02T23:45:00Z,2026-08-03T01:45:00+0200,3341.95,MW,FR,FR,actual_onshore_wind_generation,Wind Onshore,2026-08-13T16:47:47Z
2026-08-13T16:46:02Z,2026-08-13T18:46:02+0200,bbadff40-465f-4669-a5ab-d3c11bbfaf39,2026-08-03T00:00:00Z,2026-08-03T02:00:00+0200,3273.45,MW,FR,FR,actual_onshore_wind_generation,Wind Onshore,2026-08-13T16:47:47Z
2026-08-13T16:46:02Z,2026-08-13T18:46:02+0200,bbadff40-465f-4669-a5ab-d3c11bbfaf39,2026-08-03T00:15:00Z,2026-08-03T02:15:00+0200,3192.11,MW,FR,FR,actual_onshore_wind_generation,Wind Onshore,2026-08-13T16:47:47Z
2026-08-13T16:46:02Z,2026-08-13T18:46:02+0200,bbadff40-465f-4669-a5ab-d3c11bbfaf39,2026-08-03T00:30:00Z,2026-08-03T02:30:00+0200,3050.42,MW,FR,FR,actual_onshore_wind_generation,Wind Onshore,2026-08-13T16:47:47Z
2026-08-13T16:46:02Z,2026-08-13T18:46:02+0200,bbadff40-465f-4669-a5ab-d3c11bbfaf39,2026-08-03T00:45:00Z,2026-08-03T02:45:00+0200,2926.47,MW,FR,FR,actual_onshore_wind_generation,Wind Onshore,2026-08-13T16:47:47Z
2026-08-13T16:46:02Z,2026-08-13T18:46:02+0200,bbadff40-465f-4669-a5ab-d3c11bbfaf39,2026-08-03T01:00:00Z,2026-08-03T03:00:00+0200,2814.62,MW,FR,FR,actual_onshore_wind_generation,Wind Onshore,2026-08-13T16:47:47Z
2026-08-13T16:46:02Z,2026-08-13T18:46:02+0200,bbadff40-465f-4669-a5ab-d3c11bbfaf39,2026-08-03T01:15:00Z,2026-08-03T03:15:00+0200,2712.28,MW,FR,FR,actual_onshore_wind_generation,Wind Onshore,2026-08-13T16:47:47Z
2026-08-13T16:46:02Z,2026-08-13T18:46:02+0200,bbadff40-465f-4669-a5ab-d3c11bbfaf39,2026-08-03T01:30:00Z,2026-08-03T03:30:00+0200,2628.4,MW,FR,FR,actual_onshore_wind_generation,Wind Onshore,2026-08-13T16:47:47Z
2026-08-13T16:46:02Z,2026-08-13T18:46:02+0200,bbadff40-465f-4669-a5ab-d3c11bbfaf39,2026-08-03T01:45:00Z,2026-08-03T03:45:00+0200,2543.03,MW,FR,FR,actual_onshore_wind_generation,Wind Onshore,2026-08-13T16:47:47Z
2026-08-13T16:46:02Z,2026-08-13T18:46:02+0200,bbadff40-465f-4669-a5ab-d3c11bbfaf39,2026-08-03T02:00:00Z,2026-08-03T04:00:00+0200,2495.97,MW,FR,FR,actual_onshore_wind_generation,Wind Onshore,2026-08-13T16:47:47Z
2026-08-13T16:46:02Z,2026-08-13T18:46:02+0200,bbadff40-465f-4669-a5ab-d3c11bbfaf39,2026-08-03T02:15:00Z,2026-08-03T04:15:00+0200,2413.43,MW,FR,FR,actual_onshore_wind_generation,Wind Onshore,2026-08-13T16:47:47Z
2026-08-13T16:46:02Z,2026-08-13T18:46:02+0200,bbadff40-465f-4669-a5ab-d3c11bbfaf39,2026-08-03T02:30:00Z,2026-08-03T04:30:00+0200,2354.87,MW,FR,FR,actual_onshore_wind_generation,Wind Onshore,2026-08-13T16:47:47Z
2026-08-13T16:46:02Z,2026-08-13T18:46:02+0200,bbadff40-465f-4669-a5ab-d3c11bbfaf39,2026-08-03T02:45:00Z,2026-08-03T04:45:00+0200,2285.85,MW,FR,FR,actual_onshore_wind_generation,Wind Onshore,2026-08-13T16:47:47Z
2026-08-13T16:46:02Z,2026-08-13T18:46:02+0200,bbadff40-465f-4669-a5ab-d3c11bbfaf39,2026-08-03T03:00:00Z,2026-08-03T05:00:00+0200,2291.35,MW,FR,FR,actual_onshore_wind_generation,Wind Onshore,2026-08-13T16:47:47Z
2026-08-13T16:46:02Z,2026-08-13T18:46:02+0200,bbadff40-465f-4669-a5ab-d3c11bbfaf39,2026-08-03T03:15:00Z,2026-08-03T05:15:00+0200,2290.11,MW,FR,FR,actual_onshore_wind_generation,Wind Onshore,2026-08-13T16:47:47Z
2026-08-13T16:46:02Z,2026-08-13T18:46:02+0200,bbadff40-465f-4669-a5ab-d3c11bbfaf39,2026-08-03T03:30:00Z,2026-08-03T05:30:00+0200,2240.22,MW,FR,FR,actual_onshore_wind_generation,Wind Onshore,2026-08-13T16:47:47Z
2026-08-13T16:46:02Z,2026-08-13T18:46:02+0200,bbadff40-465f-4669-a5ab-d3c11bbfaf39,2026-08-03T03:45:00Z,2026-08-03T05:45:00+0200,2151.26,MW,FR,FR,actual_onshore_wind_generation,Wind Onshore,2026-08-13T16:47:47Z
2026-08-13T16:46:02Z,2026-08-13T18:46:02+0200,bbadff40-465f-4669-a5ab-d3c11bbfaf39,2026-08-03T04:00:00Z,2026-08-03T06:00:00+0200,2099.59,MW,FR,FR,actual_onshore_wind_generation,Wind Onshore,2026-08-13T16:47:47Z
2026-08-13T16:46:02Z,2026-08-13T18:46:02+0200,bbadff40-465f-4669-a5ab-d3c11bbfaf39,2026-08-03T04:15:00Z,2026-08-03T06:15:00+0200,2087.91,MW,FR,FR,actual_onshore_wind_generation,Wind Onshore,2026-08-13T16:47:47Z
2026-08-13T16:46:02Z,2026-08-13T18:46:02+0200,bbadff40-465f-4669-a5ab-d3c11bbfaf39,2026-08-03T04:30:00Z,2026-08-03T06:30:00+0200,2095.03,MW,FR,FR,actual_onshore_wind_generation,Wind Onshore,2026-08-13T16:47:47Z
2026-08-13T16:46:02Z,2026-08-13T18:46:02+0200,bbadff40-465f-4669-a5ab-d3c11bbfaf39,2026-08-03T04:45:00Z,2026-08-03T06:45:00+0200,2164.01,MW,FR,FR,actual_onshore_wind_generation,Wind Onshore,2026-08-13T16:47:47Z
2026-08-13T16:46:02Z,2026-08-13T18:46:02+0200,bbadff40-465f-4669-a5ab-d3c11bbfaf39,2026-08-03T05:00:00Z,2026-08-03T07:00:00+0200,2282.58,MW,FR,FR,actual_onshore_wind_generation,Wind Onshore,2026-08-13T16:47:47Z
2026-08-13T16:46:02Z,2026-08-13T18:46:02+0200,bbadff40-465f-4669-a5ab-d3c11bbfaf39,2026-08-03T05:15:00Z,2026-08-03T07:15:00+0200,2308.41,MW,FR,FR,actual_onshore_wind_generation,Wind Onshore,2026-08-13T16:47:47Z
2026-08-13T16:46:02Z,2026-08-13T18:46:02+0200,bbadff40-465f-4669-a5ab-d3c11bbfaf39,2026-08-03T05:30:00Z,2026-08-03T07:30:00+0200,2260.95,MW,FR,FR,actual_onshore_wind_generation,Wind Onshore,2026-08-13T16:47:47Z
2026-08-13T16:46:02Z,2026-08-13T18:46:02+0200,bbadff40-465f-4669-a5ab-d3c11bbfaf39,2026-08-03T05:45:00Z,2026-08-03T07:45:00+0200,2227.92,MW,FR,FR,actual_onshore_wind_generation,Wind Onshore,2026-08-13T16:47:47Z
2026-08-13T16:46:02Z,2026-08-13T18:46:02+0200,bbadff40-465f-4669-a5ab-d3c11bbfaf39,2026-08-03T06:00:00Z,2026-08-03T08:00:00+0200,2142.28,MW,FR,FR,actual_onshore_wind_generation,Wind Onshore,2026-08-13T16:47:47Z
2026-08-13T16:46:02Z,2026-08-13T18:46:02+0200,bbadff40-465f-4669-a5ab-d3c11bbfaf39,2026-08-03T06:15:00Z,2026-08-03T08:15:00+0200,2028.47,MW,FR,FR,actual_onshore_wind_generation,Wind Onshore,2026-08-13T16:47:47Z
2026-08-13T16:46:02Z,2026-08-13T18:46:02+0200,bbadff40-465f-4669-a5ab-d3c11bbfaf39,2026-08-03T06:30:00Z,2026-08-03T08:30:00+0200,1849.46,MW,FR,FR,actual_onshore_wind_generation,Wind Onshore,2026-08-13T16:47:47Z
2026-08-13T16:46:02Z,2026-08-13T18:46:02+0200,bbadff40-465f-4669-a5ab-d3c11bbfaf39,2026-08-03T06:45:00Z,2026-08-03T08:45:00+0200,1664.31,MW,FR,FR,actual_onshore_wind_generation,Wind Onshore,2026-08-13T16:47:47Z
2026-08-13T16:46:02Z,2026-08-13T18:46:02+0200,bbadff40-465f-4669-a5ab-d3c11bbfaf39,2026-08-03T07:00:00Z,2026-08-03T09:00:00+0200,1574.37,MW,FR,FR,actual_onshore_wind_generation,Wind Onshore,2026-08-13T16:47:47Z
2026-08-13T16:46:02Z,2026-08-13T18:46:02+0200,bbadff40-465f-4669-a5ab-d3c11bbfaf39,2026-08-03T07:15:00Z,2026-08-03T09:15:00+0200,1569.4,MW,FR,FR,actual_onshore_wind_generation,Wind Onshore,2026-08-13T16:47:47Z
2026-08-13T16:46:02Z,2026-08-13T18:46:02+0200,bbadff40-465f-4669-a5ab-d3c11bbfaf39,2026-08-03T07:30:00Z,2026-08-03T09:30:00+0200,1542.68,MW,FR,FR,actual_onshore_wind_generation,Wind Onshore,2026-08-13T16:47:47Z
2026-08-13T16:46:02Z,2026-08-13T18:46:02+0200,bbadff40-465f-4669-a5ab-d3c11bbfaf39,2026-08-03T07:45:00Z,2026-08-03T09:45:00+0200,1483.39,MW,FR,FR,actual_onshore_wind_generation,Wind Onshore,2026-08-13T16:47:47Z
2026-08-13T16:46:02Z,2026-08-13T18:46:02+0200,bbadff40-465f-4669-a5ab-d3c11bbfaf39,2026-08-03T08:00:00Z,2026-08-03T10:00:00+0200,1468.65,MW,FR,FR,actual_onshore_wind_generation,Wind Onshore,2026-08-13T16:47:47Z
2026-08-13T16:46:02Z,2026-08-13T18:46:02+0200,bbadff40-465f-4669-a5ab-d3c11bbfaf39,2026-08-03T08:15:00Z,2026-08-03T10:15:00+0200,1426.17,MW,FR,FR,actual_onshore_wind_generation,Wind Onshore,2026-08-13T16:47:47Z
2026-08-13T16:46:02Z,2026-08-13T18:46:02+0200,bbadff40-465f-4669-a5ab-d3c11bbfaf39,2026-08-03T08:30:00Z,2026-08-03T10:30:00+0200,1438.99,MW,FR,FR,actual_onshore_wind_generation,Wind Onshore,2026-08-13T16:47:47Z
2026-08-13T16:46:02Z,2026-08-13T18:46:02+0200,bbadff40-465f-4669-a5ab-d3c11bbfaf39,2026-08-03T08:45:00Z,2026-08-03T10:45:00+0200,1485.52,MW,FR,FR,actual_onshore_wind_generation,Wind Onshore,2026-08-13T16:47:47Z
2026-08-13T16:46:02Z,2026-08-13T18:46:02+0200,bbadff40-465f-4669-a5ab-d3c11bbfaf39,2026-08-03T09:00:00Z,2026-08-03T11:00:00+0200,1537.09,MW,FR,FR,actual_onshore_wind_generation,Wind Onshore,2026-08-13T16:47:47Z
2026-08-13T16:46:02Z,2026-08-13T18:46:02+0200,bbadff40-465f-4669-a5ab-d3c11bbfaf39,2026-08-03T09:15:00Z,2026-08-03T11:15:00+0200,1568.35,MW,FR,FR,actual_onshore_wind_generation,Wind Onshore,2026-08-13T16:47:47Z
2026-08-13T16:46:02Z,2026-08-13T18:46:02+0200,bbadff40-465f-4669-a5ab-d3c11bbfaf39,2026-08-03T09:30:00Z,2026-08-03T11:30:00+0200,1603.4,MW,FR,FR,actual_onshore_wind_generation,Wind Onshore,2026-08-13T16:47:47Z
2026-08-13T16:46:02Z,2026-08-13T18:46:02+0200,bbadff40-465f-4669-a5ab-d3c11bbfaf39,2026-08-03T09:45:00Z,2026-08-03T11:45:00+0200,1726.48,MW,FR,FR,actual_onshore_wind_generation,Wind Onshore,2026-08-13T16:47:47Z
2026-08-13T16:46:02Z,2026-08-13T18:46:02+0200,bbadff40-465f-4669-a5ab-d3c11bbfaf39,2026-08-03T10:00:00Z,2026-08-03T12:00:00+0200,1790.98,MW,FR,FR,actual_onshore_wind_generation,Wind Onshore,2026-08-13T16:47:47Z
2026-08-13T16:46:02Z,2026-08-13T18:46:02+0200,bbadff40-465f-4669-a5ab-d3c11bbfaf39,2026-08-03T10:15:00Z,2026-08-03T12:15:00+0200,1895.85,MW,FR,FR,actual_onshore_wind_generation,Wind Onshore,2026-08-13T16:47:47Z
2026-08-13T16:46:02Z,2026-08-13T18:46:02+0200,bbadff40-465f-4669-a5ab-d3c11bbfaf39,2026-08-03T10:30:00Z,2026-08-03T12:30:00+0200,1961.45,MW,FR,FR,actual_onshore_wind_generation,Wind Onshore,2026-08-13T16:47:47Z
2026-08-13T16:46:02Z,2026-08-13T18:46:02+0200,bbadff40-465f-4669-a5ab-d3c11bbfaf39,2026-08-03T10:45:00Z,2026-08-03T12:45:00+0200,1989.26,MW,FR,FR,actual_onshore_wind_generation,Wind Onshore,2026-08-13T16:47:47Z
2026-08-13T16:46:02Z,2026-08-13T18:46:02+0200,bbadff40-465f-4669-a5ab-d3c11bbfaf39,2026-08-03T11:00:00Z,2026-08-03T13:00:00+0200,2035.2,MW,FR,FR,actual_onshore_wind_generation,Wind Onshore,2026-08-13T16:47:47Z
2026-08-13T16:46:02Z,2026-08-13T18:46:02+0200,bbadff40-465f-4669-a5ab-d3c11bbfaf39,2026-08-03T11:15:00Z,2026-08-03T13:15:00+0200,2081.45,MW,FR,FR,actual_onshore_wind_generation,Wind Onshore,2026-08-13T16:47:47Z
2026-08-13T16:46:02Z,2026-08-13T18:46:02+0200,bbadff40-465f-4669-a5ab-d3c11bbfaf39,2026-08-03T11:30:00Z,2026-08-03T13:30:00+0200,2226.68,MW,FR,FR,actual_onshore_wind_generation,Wind Onshore,2026-08-13T16:47:47Z
2026-08-13T16:46:02Z,2026-08-13T18:46:02+0200,bbadff40-465f-4669-a5ab-d3c11bbfaf39,2026-08-03T11:45:00Z,2026-08-03T13:45:00+0200,2380.12,MW,FR,FR,actual_onshore_wind_generation,Wind Onshore,2026-08-13T16:47:47Z
2026-08-13T16:46:02Z,2026-08-13T18:46:02+0200,bbadff40-465f-4669-a5ab-d3c11bbfaf39,2026-08-03T12:00:00Z,2026-08-03T14:00:00+0200,2535.67,MW,FR,FR,actual_onshore_wind_generation,Wind Onshore,2026-08-13T16:47:47Z
2026-08-13T16:46:02Z,2026-08-13T18:46:02+0200,bbadff40-465f-4669-a5ab-d3c11bbfaf39,2026-08-03T12:15:00Z,2026-08-03T14:15:00+0200,2544.35,MW,FR,FR,actual_onshore_wind_generation,Wind Onshore,2026-08-13T16:47:47Z
2026-08-13T16:46:02Z,2026-08-13T18:46:02+0200,bbadff40-465f-4669-a5ab-d3c11bbfaf39,2026-08-03T12:30:00Z,2026-08-03T14:30:00+0200,2485.2,MW,FR,FR,actual_onshore_wind_generation,Wind Onshore,2026-08-13T16:47:47Z
2026-08-13T16:46:02Z,2026-08-13T18:46:02+0200,bbadff40-465f-4669-a5ab-d3c11bbfaf39,2026-08-03T12:45:00Z,2026-08-03T14:45:00+0200,2559.33,MW,FR,FR,actual_onshore_wind_generation,Wind Onshore,2026-08-13T16:47:47Z
2026-08-13T16:46:02Z,2026-08-13T18:46:02+0200,bbadff40-465f-4669-a5ab-d3c11bbfaf39,2026-08-03T13:00:00Z,2026-08-03T15:00:00+0200,2756.41,MW,FR,FR,actual_onshore_wind_generation,Wind Onshore,2026-08-13T16:47:47Z
2026-08-13T16:46:02Z,2026-08-13T18:46:02+0200,bbadff40-465f-4669-a5ab-d3c11bbfaf39,2026-08-03T13:15:00Z,2026-08-03T15:15:00+0200,2571.43,MW,FR,FR,actual_onshore_wind_generation,Wind Onshore,2026-08-13T16:47:47Z
2026-08-13T16:46:02Z,2026-08-13T18:46:02+0200,bbadff40-465f-4669-a5ab-d3c11bbfaf39,2026-08-03T13:30:00Z,2026-08-03T15:30:00+0200,2551.19,MW,FR,FR,actual_onshore_wind_generation,Wind Onshore,2026-08-13T16:47:47Z
2026-08-13T16:46:02Z,2026-08-13T18:46:02+0200,bbadff40-465f-4669-a5ab-d3c11bbfaf39,2026-08-03T13:45:00Z,2026-08-03T15:45:00+0200,2494.12,MW,FR,FR,actual_onshore_wind_generation,Wind Onshore,2026-08-13T16:47:47Z
2026-08-13T16:46:02Z,2026-08-13T18:46:02+0200,bbadff40-465f-4669-a5ab-d3c11bbfaf39,2026-08-03T14:00:00Z,2026-08-03T16:00:00+0200,2461.86,MW,FR,FR,actual_onshore_wind_generation,Wind Onshore,2026-08-13T16:47:47Z
2026-08-13T16:46:02Z,2026-08-13T18:46:02+0200,bbadff40-465f-4669-a5ab-d3c11bbfaf39,2026-08-03T14:15:00Z,2026-08-03T16:15:00+0200,2607.95,MW,FR,FR,actual_onshore_wind_generation,Wind Onshore,2026-08-13T16:47:47Z
2026-08-13T16:46:02Z,2026-08-13T18:46:02+0200,bbadff40-465f-4669-a5ab-d3c11bbfaf39,2026-08-03T14:30:00Z,2026-08-03T16:30:00+0200,2749.08,MW,FR,FR,actual_onshore_wind_generation,Wind Onshore,2026-08-13T16:47:47Z
2026-08-13T16:46:02Z,2026-08-13T18:46:02+0200,bbadff40-465f-4669-a5ab-d3c11bbfaf39,2026-08-03T14:45:00Z,2026-08-03T16:45:00+0200,2876.85,MW,FR,FR,actual_onshore_wind_generation,Wind Onshore,2026-08-13T16:47:47Z
2026-08-13T16:46:02Z,2026-08-13T18:46:02+0200,bbadff40-465f-4669-a5ab-d3c11bbfaf39,2026-08-03T15:00:00Z,2026-08-03T17:00:00+0200,3158.76,MW,FR,FR,actual_onshore_wind_generation,Wind Onshore,2026-08-13T16:47:47Z
2026-08-13T16:46:02Z,2026-08-13T18:46:02+0200,bbadff40-465f-4669-a5ab-d3c11bbfaf39,2026-08-03T15:15:00Z,2026-08-03T17:15:00+0200,3580.58,MW,FR,FR,actual_onshore_wind_generation,Wind Onshore,2026-08-13T16:47:47Z
2026-08-13T16:46:02Z,2026-08-13T18:46:02+0200,bbadff40-465f-4669-a5ab-d3c11bbfaf39,2026-08-03T15:30:00Z,2026-08-03T17:30:00+0200,4063.89,MW,FR,FR,actual_onshore_wind_generation,Wind Onshore,2026-08-13T16:47:47Z
2026-08-13T16:46:02Z,2026-08-13T18:46:02+0200,bbadff40-465f-4669-a5ab-d3c11bbfaf39,2026-08-03T15:45:00Z,2026-08-03T17:45:00+0200,4158.38,MW,FR,FR,actual_onshore_wind_generation,Wind Onshore,2026-08-13T16:47:47Z
2026-08-13T16:46:02Z,2026-08-13T18:46:02+0200,bbadff40-465f-4669-a5ab-d3c11bbfaf39,2026-08-03T16:00:00Z,2026-08-03T18:00:00+0200,4312.53,MW,FR,FR,actual_onshore_wind_generation,Wind Onshore,2026-08-13T16:47:47Z
2026-08-13T16:46:02Z,2026-08-13T18:46:02+0200,bbadff40-465f-4669-a5ab-d3c11bbfaf39,2026-08-03T16:15:00Z,2026-08-03T18:15:00+0200,4446.68,MW,FR,FR,actual_onshore_wind_generation,Wind Onshore,2026-08-13T16:47:47Z
2026-08-13T16:46:02Z,2026-08-13T18:46:02+0200,bbadff40-465f-4669-a5ab-d3c11bbfaf39,2026-08-03T16:30:00Z,2026-08-03T18:30:00+0200,4153.63,MW,FR,FR,actual_onshore_wind_generation,Wind Onshore,2026-08-13T16:47:47Z
2026-08-13T16:46:02Z,2026-08-13T18:46:02+0200,bbadff40-465f-4669-a5ab-d3c11bbfaf39,2026-08-03T16:45:00Z,2026-08-03T18:45:00+0200,3733.85,MW,FR,FR,actual_onshore_wind_generation,Wind Onshore,2026-08-13T16:47:47Z
2026-08-13T16:46:02Z,2026-08-13T18:46:02+0200,bbadff40-465f-4669-a5ab-d3c11bbfaf39,2026-08-03T17:00:00Z,2026-08-03T19:00:00+0200,3548.56,MW,FR,FR,actual_onshore_wind_generation,Wind Onshore,2026-08-13T16:47:47Z
2026-08-13T16:46:02Z,2026-08-13T18:46:02+0200,bbadff40-465f-4669-a5ab-d3c11bbfaf39,2026-08-03T17:15:00Z,2026-08-03T19:15:00+0200,4067.14,MW,FR,FR,actual_onshore_wind_generation,Wind Onshore,2026-08-13T16:47:47Z
2026-08-13T16:46:02Z,2026-08-13T18:46:02+0200,bbadff40-465f-4669-a5ab-d3c11bbfaf39,2026-08-03T17:30:00Z,2026-08-03T19:30:00+0200,4279.99,MW,FR,FR,actual_onshore_wind_generation,Wind Onshore,2026-08-13T16:47:47Z
2026-08-13T16:46:02Z,2026-08-13T18:46:02+0200,bbadff40-465f-4669-a5ab-d3c11bbfaf39,2026-08-03T17:45:00Z,2026-08-03T19:45:00+0200,4320.1,MW,FR,FR,actual_onshore_wind_generation,Wind Onshore,2026-08-13T16:47:47Z
2026-08-13T16:46:02Z,2026-08-13T18:46:02+0200,bbadff40-465f-4669-a5ab-d3c11bbfaf39,2026-08-03T18:00:00Z,2026-08-03T20:00:00+0200,4011.02,MW,FR,FR,actual_onshore_wind_generation,Wind Onshore,2026-08-13T16:47:47Z
2026-08-13T16:46:02Z,2026-08-13T18:46:02+0200,bbadff40-465f-4669-a5ab-d3c11bbfaf39,2026-08-03T18:15:00Z,2026-08-03T20:15:00+0200,3680.59,MW,FR,FR,actual_onshore_wind_generation,Wind Onshore,2026-08-13T16:47:47Z
2026-08-13T16:46:02Z,2026-08-13T18:46:02+0200,bbadff40-465f-4669-a5ab-d3c11bbfaf39,2026-08-03T18:30:00Z,2026-08-03T20:30:00+0200,3669.69,MW,FR,FR,actual_onshore_wind_generation,Wind Onshore,2026-08-13T16:47:47Z
2026-08-13T16:46:02Z,2026-08-13T18:46:02+0200,bbadff40-465f-4669-a5ab-d3c11bbfaf39,2026-08-03T18:45:00Z,2026-08-03T20:45:00+0200,3750.17,MW,FR,FR,actual_onshore_wind_generation,Wind Onshore,2026-08-13T16:47:47Z
2026-08-13T16:46:02Z,2026-08-13T18:46:02+0200,bbadff40-465f-4669-a5ab-d3c11bbfaf39,2026-08-03T19:00:00Z,2026-08-03T21:00:00+0200,3648.82,MW,FR,FR,actual_onshore_wind_generation,Wind Onshore,2026-08-13T16:47:47Z
2026-08-13T16:46:02Z,2026-08-13T18:46:02+0200,bbadff40-465f-4669-a5ab-d3c11bbfaf39,2026-08-03T19:15:00Z,2026-08-03T21:15:00+0200,3239.02,MW,FR,FR,actual_onshore_wind_generation,Wind Onshore,2026-08-13T16:47:47Z
2026-08-13T16:46:02Z,2026-08-13T18:46:02+0200,bbadff40-465f-4669-a5ab-d3c11bbfaf39,2026-08-03T19:30:00Z,2026-08-03T21:30:00+0200,2760.53,MW,FR,FR,actual_onshore_wind_generation,Wind Onshore,2026-08-13T16:47:47Z
2026-08-13T16:46:02Z,2026-08-13T18:46:02+0200,bbadff40-465f-4669-a5ab-d3c11bbfaf39,2026-08-03T19:45:00Z,2026-08-03T21:45:00+0200,2555.16,MW,FR,FR,actual_onshore_wind_generation,Wind Onshore,2026-08-13T16:47:47Z
2026-08-13T16:46:02Z,2026-08-13T18:46:02+0200,bbadff40-465f-4669-a5ab-d3c11bbfaf39,2026-08-03T20:00:00Z,2026-08-03T22:00:00+0200,2526.67,MW,FR,FR,actual_onshore_wind_generation,Wind Onshore,2026-08-13T16:47:47Z
2026-08-13T16:46:02Z,2026-08-13T18:46:02+0200,bbadff40-465f-4669-a5ab-d3c11bbfaf39,2026-08-03T20:15:00Z,2026-08-03T22:15:00+0200,2339.59,MW,FR,FR,actual_onshore_wind_generation,Wind Onshore,2026-08-13T16:47:47Z
2026-08-13T16:46:02Z,2026-08-13T18:46:02+0200,bbadff40-465f-4669-a5ab-d3c11bbfaf39,2026-08-03T20:30:00Z,2026-08-03T22:30:00+0200,2322.75,MW,FR,FR,actual_onshore_wind_generation,Wind Onshore,2026-08-13T16:47:47Z
2026-08-13T16:46:02Z,2026-08-13T18:46:02+0200,bbadff40-465f-4669-a5ab-d3c11bbfaf39,2026-08-03T20:45:00Z,2026-08-03T22:45:00+0200,2374.77,MW,FR,FR,actual_onshore_wind_generation,Wind Onshore,2026-08-13T16:47:47Z
2026-08-13T16:46:02Z,2026-08-13T18:46:02+0200,bbadff40-465f-4669-a5ab-d3c11bbfaf39,2026-08-03T21:00:00Z,2026-08-03T23:00:00+0200,2356.74,MW,FR,FR,actual_onshore_wind_generation,Wind Onshore,2026-08-13T16:47:47Z
2026-08-13T16:46:02Z,2026-08-13T18:46:02+0200,bbadff40-465f-4669-a5ab-d3c11bbfaf39,2026-08-03T21:15:00Z,2026-08-03T23:15:00+0200,2416.29,MW,FR,FR,actual_onshore_wind_generation,Wind Onshore,2026-08-13T16:47:47Z
2026-08-13T16:46:02Z,2026-08-13T18:46:02+0200,bbadff40-465f-4669-a5ab-d3c11bbfaf39,2026-08-03T21:30:00Z,2026-08-03T23:30:00+0200,2558.74,MW,FR,FR,actual_onshore_wind_generation,Wind Onshore,2026-08-13T16:47:47Z
2026-08-13T16:46:02Z,2026-08-13T18:46:02+0200,bbadff40-465f-4669-a5ab-d3c11bbfaf39,2026-08-03T21:45:00Z,2026-08-03T23:45:00+0200,2838.41,MW,FR,FR,actual_onshore_wind_generation,Wind Onshore,2026-08-13T16:47:47Z
2026-08-13T16:46:02Z,2026-08-13T18:46:02+0200,bbadff40-465f-4669-a5ab-d3c11bbfaf39,2026-08-03T22:00:00Z,2026-08-04T00:00:00+0200,2936.72,MW,FR,FR,actual_onshore_wind_generation,Wind Onshore,2026-08-13T16:47:47Z
2026-08-13T16:46:02Z,2026-08-13T18:46:02+0200,bbadff40-465f-4669-a5ab-d3c11bbfaf39,2026-08-03T22:15:00Z,2026-08-04T00:15:00+0200,2717.77,MW,FR,FR,actual_onshore_wind_generation,Wind Onshore,2026-08-13T16:47:47Z
2026-08-13T16:46:02Z,2026-08-13T18:46:02+0200,bbadff40-465f-4669-a5ab-d3c11bbfaf39,2026-08-03T22:30:00Z,2026-08-04T00:30:00+0200,2552.32,MW,FR,FR,actual_onshore_wind_generation,Wind Onshore,2026-08-13T16:47:47Z
2026-08-13T16:46:02Z,2026-08-13T18:46:02+0200,bbadff40-465f-4669-a5ab-d3c11bbfaf39,2026-08-03T22:45:00Z,2026-08-04T00:45:00+0200,2482.53,MW,FR,FR,actual_onshore_wind_generation,Wind Onshore,2026-08-13T16:47:47Z
2026-08-13T16:46:02Z,2026-08-13T18:46:02+0200,bbadff40-465f-4669-a5ab-d3c11bbfaf39,2026-08-03T23:00:00Z,2026-08-04T01:00:00+0200,2596.19,MW,FR,FR,actual_onshore_wind_generation,Wind Onshore,2026-08-13T16:47:47Z
2026-08-13T16:46:02Z,2026-08-13T18:46:02+0200,bbadff40-465f-4669-a5ab-d3c11bbfaf39,2026-08-03T23:15:00Z,2026-08-04T01:15:00+0200,2637.67,MW,FR,FR,actual_onshore_wind_generation,Wind Onshore,2026-08-13T16:47:47Z
2026-08-13T16:46:02Z,2026-08-13T18:46:02+0200,bbadff40-465f-4669-a5ab-d3c11bbfaf39,2026-08-03T23:30:00Z,2026-08-04T01:30:00+0200,2633.33,MW,FR,FR,actual_onshore_wind_generation,Wind Onshore,2026-08-13T16:47:47Z
2026-08-13T16:46:02Z,2026-08-13T18:46:02+0200,bbadff40-465f-4669-a5ab-d3c11bbfaf39,2026-08-03T23:45:00Z,2026-08-04T01:45:00+0200,2685.35,MW,FR,FR,actual_onshore_wind_generation,Wind Onshore,2026-08-13T16:47:47Z
2026-08-13T16:46:02Z,2026-08-13T18:46:02+0200,bbadff40-465f-4669-a5ab-d3c11bbfaf39,2026-08-04T00:00:00Z,2026-08-04T02:00:00+0200,2798.78,MW,FR,FR,actual_onshore_wind_generation,Wind Onshore,2026-08-13T16:47:47Z
2026-08-13T16:46:02Z,2026-08-13T18:46:02+0200,bbadff40-465f-4669-a5ab-d3c11bbfaf39,2026-08-04T00:15:00Z,2026-08-04T02:15:00+0200,3061.31,MW,FR,FR,actual_onshore_wind_generation,Wind Onshore,2026-08-13T16:47:47Z
2026-08-13T16:46:02Z,2026-08-13T18:46:02+0200,bbadff40-465f-4669-a5ab-d3c11bbfaf39,2026-08-04T00:30:00Z,2026-08-04T02:30:00+0200,3214.95,MW,FR,FR,actual_onshore_wind_generation,Wind Onshore,2026-08-13T16:47:47Z
2026-08-13T16:46:02Z,2026-08-13T18:46:02+0200,bbadff40-465f-4669-a5ab-d3c11bbfaf39,2026-08-04T00:45:00Z,2026-08-04T02:45:00+0200,3350.67,MW,FR,FR,actual_onshore_wind_generation,Wind Onshore,2026-08-13T16:47:47Z
2026-08-13T16:46:02Z,2026-08-13T18:46:02+0200,bbadff40-465f-4669-a5ab-d3c11bbfaf39,2026-08-04T01:00:00Z,2026-08-04T03:00:00+0200,3421.21,MW,FR,FR,actual_onshore_wind_generation,Wind Onshore,2026-08-13T16:47:47Z
2026-08-13T16:46:02Z,2026-08-13T18:46:02+0200,bbadff40-465f-4669-a5ab-d3c11bbfaf39,2026-08-04T01:15:00Z,2026-08-04T03:15:00+0200,3347.42,MW,FR,FR,actual_onshore_wind_generation,Wind Onshore,2026-08-13T16:47:47Z
2026-08-13T16:46:02Z,2026-08-13T18:46:02+0200,bbadff40-465f-4669-a5ab-d3c11bbfaf39,2026-08-04T01:30:00Z,2026-08-04T03:30:00+0200,3418.16,MW,FR,FR,actual_onshore_wind_generation,Wind Onshore,2026-08-13T16:47:47Z
2026-08-13T16:46:02Z,2026-08-13T18:46:02+0200,bbadff40-465f-4669-a5ab-d3c11bbfaf39,2026-08-04T01:45:00Z,2026-08-04T03:45:00+0200,3676.55,MW,FR,FR,actual_onshore_wind_generation,Wind Onshore,2026-08-13T16:47:47Z
2026-08-13T16:46:02Z,2026-08-13T18:46:02+0200,bbadff40-465f-4669-a5ab-d3c11bbfaf39,2026-08-04T02:00:00Z,2026-08-04T04:00:00+0200,3991.38,MW,FR,FR,actual_onshore_wind_generation,Wind Onshore,2026-08-13T16:47:47Z
2026-08-13T16:46:02Z,2026-08-13T18:46:02+0200,bbadff40-465f-4669-a5ab-d3c11bbfaf39,2026-08-04T02:15:00Z,2026-08-04T04:15:00+0200,4256.94,MW,FR,FR,actual_onshore_wind_generation,Wind Onshore,2026-08-13T16:47:47Z
2026-08-13T16:46:02Z,2026-08-13T18:46:02+0200,bbadff40-465f-4669-a5ab-d3c11bbfaf39,2026-08-04T02:30:00Z,2026-08-04T04:30:00+0200,4378.53,MW,FR,FR,actual_onshore_wind_generation,Wind Onshore,2026-08-13T16:47:47Z
2026-08-13T16:46:02Z,2026-08-13T18:46:02+0200,bbadff40-465f-4669-a5ab-d3c11bbfaf39,2026-08-04T02:45:00Z,2026-08-04T04:45:00+0200,4518.87,MW,FR,FR,actual_onshore_wind_generation,Wind Onshore,2026-08-13T16:47:47Z
2026-08-13T16:46:02Z,2026-08-13T18:46:02+0200,bbadff40-465f-4669-a5ab-d3c11bbfaf39,2026-08-04T03:00:00Z,2026-08-04T05:00:00+0200,4588.85,MW,FR,FR,actual_onshore_wind_generation,Wind Onshore,2026-08-13T16:47:47Z
2026-08-13T16:46:02Z,2026-08-13T18:46:02+0200,bbadff40-465f-4669-a5ab-d3c11bbfaf39,2026-08-04T03:15:00Z,2026-08-04T05:15:00+0200,4693.46,MW,FR,FR,actual_onshore_wind_generation,Wind Onshore,2026-08-13T16:47:47Z
2026-08-13T16:46:02Z,2026-08-13T18:46:02+0200,bbadff40-465f-4669-a5ab-d3c11bbfaf39,2026-08-04T03:30:00Z,2026-08-04T05:30:00+0200,4723.0,MW,FR,FR,actual_onshore_wind_generation,Wind Onshore,2026-08-13T16:47:47Z
2026-08-13T16:46:02Z,2026-08-13T18:46:02+0200,bbadff40-465f-4669-a5ab-d3c11bbfaf39,2026-08-04T03:45:00Z,2026-08-04T05:45:00+0200,4401.63,MW,FR,FR,actual_onshore_wind_generation,Wind Onshore,2026-08-13T16:47:47Z
2026-08-13T16:46:02Z,2026-08-13T18:46:02+0200,bbadff40-465f-4669-a5ab-d3c11bbfaf39,2026-08-04T04:00:00Z,2026-08-04T06:00:00+0200,4099.09,MW,FR,FR,actual_onshore_wind_generation,Wind Onshore,2026-08-13T16:47:47Z
2026-08-13T16:46:02Z,2026-08-13T18:46:02+0200,bbadff40-465f-4669-a5ab-d3c11bbfaf39,2026-08-04T04:15:00Z,2026-08-04T06:15:00+0200,3751.55,MW,FR,FR,actual_onshore_wind_generation,Wind Onshore,2026-08-13T16:47:47Z
2026-08-13T16:46:02Z,2026-08-13T18:46:02+0200,bbadff40-465f-4669-a5ab-d3c11bbfaf39,2026-08-04T04:30:00Z,2026-08-04T06:30:00+0200,3377.63,MW,FR,FR,actual_onshore_wind_generation,Wind Onshore,2026-08-13T16:47:47Z
2026-08-13T16:46:02Z,2026-08-13T18:46:02+0200,bbadff40-465f-4669-a5ab-d3c11bbfaf39,2026-08-04T04:45:00Z,2026-08-04T06:45:00+0200,3144.37,MW,FR,FR,actual_onshore_wind_generation,Wind Onshore,2026-08-13T16:47:47Z
2026-08-13T16:46:02Z,2026-08-13T18:46:02+0200,bbadff40-465f-4669-a5ab-d3c11bbfaf39,2026-08-04T05:00:00Z,2026-08-04T07:00:00+0200,2904.25,MW,FR,FR,actual_onshore_wind_generation,Wind Onshore,2026-08-13T16:47:47Z
2026-08-13T16:46:02Z,2026-08-13T18:46:02+0200,bbadff40-465f-4669-a5ab-d3c11bbfaf39,2026-08-04T05:15:00Z,2026-08-04T07:15:00+0200,2794.6,MW,FR,FR,actual_onshore_wind_generation,Wind Onshore,2026-08-13T16:47:47Z
2026-08-13T16:46:02Z,2026-08-13T18:46:02+0200,bbadff40-465f-4669-a5ab-d3c11bbfaf39,2026-08-04T05:30:00Z,2026-08-04T07:30:00+0200,2588.37,MW,FR,FR,actual_onshore_wind_generation,Wind Onshore,2026-08-13T16:47:47Z
2026-08-13T16:46:02Z,2026-08-13T18:46:02+0200,bbadff40-465f-4669-a5ab-d3c11bbfaf39,2026-08-04T05:45:00Z,2026-08-04T07:45:00+0200,2422.61,MW,FR,FR,actual_onshore_wind_generation,Wind Onshore,2026-08-13T16:47:47Z
2026-08-13T16:46:02Z,2026-08-13T18:46:02+0200,bbadff40-465f-4669-a5ab-d3c11bbfaf39,2026-08-04T06:00:00Z,2026-08-04T08:00:00+0200,2219.08,MW,FR,FR,actual_onshore_wind_generation,Wind Onshore,2026-08-13T16:47:47Z
2026-08-13T16:46:02Z,2026-08-13T18:46:02+0200,bbadff40-465f-4669-a5ab-d3c11bbfaf39,2026-08-04T06:15:00Z,2026-08-04T08:15:00+0200,2029.59,MW,FR,FR,actual_onshore_wind_generation,Wind Onshore,2026-08-13T16:47:47Z
2026-08-13T16:46:02Z,2026-08-13T18:46:02+0200,bbadff40-465f-4669-a5ab-d3c11bbfaf39,2026-08-04T06:30:00Z,2026-08-04T08:30:00+0200,1922.01,MW,FR,FR,actual_onshore_wind_generation,Wind Onshore,2026-08-13T16:47:47Z
2026-08-13T16:46:02Z,2026-08-13T18:46:02+0200,bbadff40-465f-4669-a5ab-d3c11bbfaf39,2026-08-04T06:45:00Z,2026-08-04T08:45:00+0200,1856.84,MW,FR,FR,actual_onshore_wind_generation,Wind Onshore,2026-08-13T16:47:47Z
2026-08-13T16:46:02Z,2026-08-13T18:46:02+0200,bbadff40-465f-4669-a5ab-d3c11bbfaf39,2026-08-04T07:00:00Z,2026-08-04T09:00:00+0200,1841.17,MW,FR,FR,actual_onshore_wind_generation,Wind Onshore,2026-08-13T16:47:47Z
2026-08-13T16:46:02Z,2026-08-13T18:46:02+0200,bbadff40-465f-4669-a5ab-d3c11bbfaf39,2026-08-04T07:15:00Z,2026-08-04T09:15:00+0200,1889.59,MW,FR,FR,actual_onshore_wind_generation,Wind Onshore,2026-08-13T16:47:47Z
2026-08-13T16:46:02Z,2026-08-13T18:46:02+0200,bbadff40-465f-4669-a5ab-d3c11bbfaf39,2026-08-04T07:30:00Z,2026-08-04T09:30:00+0200,2076.68,MW,FR,FR,actual_onshore_wind_generation,Wind Onshore,2026-08-13T16:47:47Z
2026-08-13T16:46:02Z,2026-08-13T18:46:02+0200,bbadff40-465f-4669-a5ab-d3c11bbfaf39,2026-08-04T07:45:00Z,2026-08-04T09:45:00+0200,2234.71,MW,FR,FR,actual_onshore_wind_generation,Wind Onshore,2026-08-13T16:47:47Z
2026-08-13T16:46:02Z,2026-08-13T18:46:02+0200,bbadff40-465f-4669-a5ab-d3c11bbfaf39,2026-08-04T08:00:00Z,2026-08-04T10:00:00+0200,2477.74,MW,FR,FR,actual_onshore_wind_generation,Wind Onshore,2026-08-13T16:47:47Z
2026-08-13T16:46:02Z,2026-08-13T18:46:02+0200,bbadff40-465f-4669-a5ab-d3c11bbfaf39,2026-08-04T08:15:00Z,2026-08-04T10:15:00+0200,2617.21,MW,FR,FR,actual_onshore_wind_generation,Wind Onshore,2026-08-13T16:47:47Z
2026-08-13T16:46:02Z,2026-08-13T18:46:02+0200,bbadff40-465f-4669-a5ab-d3c11bbfaf39,2026-08-04T08:30:00Z,2026-08-04T10:30:00+0200,2670.1,MW,FR,FR,actual_onshore_wind_generation,Wind Onshore,2026-08-13T16:47:47Z
2026-08-13T16:46:02Z,2026-08-13T18:46:02+0200,bbadff40-465f-4669-a5ab-d3c11bbfaf39,2026-08-04T08:45:00Z,2026-08-04T10:45:00+0200,2608.84,MW,FR,FR,actual_onshore_wind_generation,Wind Onshore,2026-08-13T16:47:47Z
2026-08-13T16:46:02Z,2026-08-13T18:46:02+0200,bbadff40-465f-4669-a5ab-d3c11bbfaf39,2026-08-04T09:00:00Z,2026-08-04T11:00:00+0200,2605.71,MW,FR,FR,actual_onshore_wind_generation,Wind Onshore,2026-08-13T16:47:47Z
2026-08-13T16:46:02Z,2026-08-13T18:46:02+0200,bbadff40-465f-4669-a5ab-d3c11bbfaf39,2026-08-04T09:15:00Z,2026-08-04T11:15:00+0200,2618.4,MW,FR,FR,actual_onshore_wind_generation,Wind Onshore,2026-08-13T16:47:47Z
2026-08-13T16:46:02Z,2026-08-13T18:46:02+0200,bbadff40-465f-4669-a5ab-d3c11bbfaf39,2026-08-04T09:30:00Z,2026-08-04T11:30:00+0200,2686.87,MW,FR,FR,actual_onshore_wind_generation,Wind Onshore,2026-08-13T16:47:47Z
2026-08-13T16:46:02Z,2026-08-13T18:46:02+0200,bbadff40-465f-4669-a5ab-d3c11bbfaf39,2026-08-04T09:45:00Z,2026-08-04T11:45:00+0200,2745.89,MW,FR,FR,actual_onshore_wind_generation,Wind Onshore,2026-08-13T16:47:47Z
2026-08-13T16:46:02Z,2026-08-13T18:46:02+0200,bbadff40-465f-4669-a5ab-d3c11bbfaf39,2026-08-04T10:00:00Z,2026-08-04T12:00:00+0200,2664.39,MW,FR,FR,actual_onshore_wind_generation,Wind Onshore,2026-08-13T16:47:47Z
2026-08-13T16:46:02Z,2026-08-13T18:46:02+0200,bbadff40-465f-4669-a5ab-d3c11bbfaf39,2026-08-04T10:15:00Z,2026-08-04T12:15:00+0200,2446.06,MW,FR,FR,actual_onshore_wind_generation,Wind Onshore,2026-08-13T16:47:47Z
2026-08-13T16:46:02Z,2026-08-13T18:46:02+0200,bbadff40-465f-4669-a5ab-d3c11bbfaf39,2026-08-04T10:30:00Z,2026-08-04T12:30:00+0200,2373.53,MW,FR,FR,actual_onshore_wind_generation,Wind Onshore,2026-08-13T16:47:47Z
2026-08-13T16:46:02Z,2026-08-13T18:46:02+0200,bbadff40-465f-4669-a5ab-d3c11bbfaf39,2026-08-04T10:45:00Z,2026-08-04T12:45:00+0200,2415.01,MW,FR,FR,actual_onshore_wind_generation,Wind Onshore,2026-08-13T16:47:47Z
2026-08-13T16:46:02Z,2026-08-13T18:46:02+0200,bbadff40-465f-4669-a5ab-d3c11bbfaf39,2026-08-04T11:00:00Z,2026-08-04T13:00:00+0200,2449.38,MW,FR,FR,actual_onshore_wind_generation,Wind Onshore,2026-08-13T16:47:47Z
2026-08-13T16:46:02Z,2026-08-13T18:46:02+0200,bbadff40-465f-4669-a5ab-d3c11bbfaf39,2026-08-04T11:15:00Z,2026-08-04T13:15:00+0200,2506.96,MW,FR,FR,actual_onshore_wind_generation,Wind Onshore,2026-08-13T16:47:47Z
2026-08-13T16:46:02Z,2026-08-13T18:46:02+0200,bbadff40-465f-4669-a5ab-d3c11bbfaf39,2026-08-04T11:30:00Z,2026-08-04T13:30:00+0200,2651.65,MW,FR,FR,actual_onshore_wind_generation,Wind Onshore,2026-08-13T16:47:47Z
2026-08-13T16:46:02Z,2026-08-13T18:46:02+0200,bbadff40-465f-4669-a5ab-d3c11bbfaf39,2026-08-04T11:45:00Z,2026-08-04T13:45:00+0200,2790.35,MW,FR,FR,actual_onshore_wind_generation,Wind Onshore,2026-08-13T16:47:47Z
2026-08-13T16:46:02Z,2026-08-13T18:46:02+0200,bbadff40-465f-4669-a5ab-d3c11bbfaf39,2026-08-04T12:00:00Z,2026-08-04T14:00:00+0200,2916.02,MW,FR,FR,actual_onshore_wind_generation,Wind Onshore,2026-08-13T16:47:47Z
2026-08-13T16:46:02Z,2026-08-13T18:46:02+0200,bbadff40-465f-4669-a5ab-d3c11bbfaf39,2026-08-04T12:15:00Z,2026-08-04T14:15:00+0200,3080.65,MW,FR,FR,actual_onshore_wind_generation,Wind Onshore,2026-08-13T16:47:47Z
2026-08-13T16:46:02Z,2026-08-13T18:46:02+0200,bbadff40-465f-4669-a5ab-d3c11bbfaf39,2026-08-04T12:30:00Z,2026-08-04T14:30:00+0200,3318.91,MW,FR,FR,actual_onshore_wind_generation,Wind Onshore,2026-08-13T16:47:47Z
2026-08-13T16:46:02Z,2026-08-13T18:46:02+0200,bbadff40-465f-4669-a5ab-d3c11bbfaf39,2026-08-04T12:45:00Z,2026-08-04T14:45:00+0200,3289.48,MW,FR,FR,actual_onshore_wind_generation,Wind Onshore,2026-08-13T16:47:47Z
2026-08-13T16:46:02Z,2026-08-13T18:46:02+0200,bbadff40-465f-4669-a5ab-d3c11bbfaf39,2026-08-04T13:00:00Z,2026-08-04T15:00:00+0200,3400.3,MW,FR,FR,actual_onshore_wind_generation,Wind Onshore,2026-08-13T16:47:47Z
2026-08-13T16:46:02Z,2026-08-13T18:46:02+0200,bbadff40-465f-4669-a5ab-d3c11bbfaf39,2026-08-04T13:15:00Z,2026-08-04T15:15:00+0200,3486.76,MW,FR,FR,actual_onshore_wind_generation,Wind Onshore,2026-08-13T16:47:47Z
2026-08-13T16:46:02Z,2026-08-13T18:46:02+0200,bbadff40-465f-4669-a5ab-d3c11bbfaf39,2026-08-04T13:30:00Z,2026-08-04T15:30:00+0200,3558.73,MW,FR,FR,actual_onshore_wind_generation,Wind Onshore,2026-08-13T16:47:47Z
2026-08-13T16:46:02Z,2026-08-13T18:46:02+0200,bbadff40-465f-4669-a5ab-d3c11bbfaf39,2026-08-04T13:45:00Z,2026-08-04T15:45:00+0200,3621.81,MW,FR,FR,actual_onshore_wind_generation,Wind Onshore,2026-08-13T16:47:47Z
2026-08-13T16:46:02Z,2026-08-13T18:46:02+0200,bbadff40-465f-4669-a5ab-d3c11bbfaf39,2026-08-04T14:00:00Z,2026-08-04T16:00:00+0200,3735.94,MW,FR,FR,actual_onshore_wind_generation,Wind Onshore,2026-08-13T16:47:47Z
2026-08-13T16:46:02Z,2026-08-13T18:46:02+0200,bbadff40-465f-4669-a5ab-d3c11bbfaf39,2026-08-04T14:15:00Z,2026-08-04T16:15:00+0200,3864.84,MW,FR,FR,actual_onshore_wind_generation,Wind Onshore,2026-08-13T16:47:47Z
2026-08-13T16:46:02Z,2026-08-13T18:46:02+0200,bbadff40-465f-4669-a5ab-d3c11bbfaf39,2026-08-04T14:30:00Z,2026-08-04T16:30:00+0200,3851.65,MW,FR,FR,actual_onshore_wind_generation,Wind Onshore,2026-08-13T16:47:47Z
2026-08-13T16:46:02Z,2026-08-13T18:46:02+0200,bbadff40-465f-4669-a5ab-d3c11bbfaf39,2026-08-04T14:45:00Z,2026-08-04T16:45:00+0200,3995.1,MW,FR,FR,actual_onshore_wind_generation,Wind Onshore,2026-08-13T16:47:47Z
2026-08-13T16:46:02Z,2026-08-13T18:46:02+0200,bbadff40-465f-4669-a5ab-d3c11bbfaf39,2026-08-04T15:00:00Z,2026-08-04T17:00:00+0200,4078.61,MW,FR,FR,actual_onshore_wind_generation,Wind Onshore,2026-08-13T16:47:47Z
2026-08-13T16:46:02Z,2026-08-13T18:46:02+0200,bbadff40-465f-4669-a5ab-d3c11bbfaf39,2026-08-04T15:15:00Z,2026-08-04T17:15:00+0200,4176.61,MW,FR,FR,actual_onshore_wind_generation,Wind Onshore,2026-08-13T16:47:47Z
2026-08-13T16:46:02Z,2026-08-13T18:46:02+0200,bbadff40-465f-4669-a5ab-d3c11bbfaf39,2026-08-04T15:30:00Z,2026-08-04T17:30:00+0200,4262.05,MW,FR,FR,actual_onshore_wind_generation,Wind Onshore,2026-08-13T16:47:47Z
2026-08-13T16:46:02Z,2026-08-13T18:46:02+0200,bbadff40-465f-4669-a5ab-d3c11bbfaf39,2026-08-04T15:45:00Z,2026-08-04T17:45:00+0200,4223.74,MW,FR,FR,actual_onshore_wind_generation,Wind Onshore,2026-08-13T16:47:47Z
2026-08-13T16:46:02Z,2026-08-13T18:46:02+0200,bbadff40-465f-4669-a5ab-d3c11bbfaf39,2026-08-04T16:00:00Z,2026-08-04T18:00:00+0200,4182.6,MW,FR,FR,actual_onshore_wind_generation,Wind Onshore,2026-08-13T16:47:47Z
2026-08-13T16:46:02Z,2026-08-13T18:46:02+0200,bbadff40-465f-4669-a5ab-d3c11bbfaf39,2026-08-04T16:15:00Z,2026-08-04T18:15:00+0200,4119.88,MW,FR,FR,actual_onshore_wind_generation,Wind Onshore,2026-08-13T16:47:47Z
2026-08-13T16:46:02Z,2026-08-13T18:46:02+0200,bbadff40-465f-4669-a5ab-d3c11bbfaf39,2026-08-04T16:30:00Z,2026-08-04T18:30:00+0200,4106.86,MW,FR,FR,actual_onshore_wind_generation,Wind Onshore,2026-08-13T16:47:47Z
2026-08-13T16:46:02Z,2026-08-13T18:46:02+0200,bbadff40-465f-4669-a5ab-d3c11bbfaf39,2026-08-04T16:45:00Z,2026-08-04T18:45:00+0200,4014.72,MW,FR,FR,actual_onshore_wind_generation,Wind Onshore,2026-08-13T16:47:47Z
2026-08-13T16:46:02Z,2026-08-13T18:46:02+0200,bbadff40-465f-4669-a5ab-d3c11bbfaf39,2026-08-04T17:00:00Z,2026-08-04T19:00:00+0200,3874.18,MW,FR,FR,actual_onshore_wind_generation,Wind Onshore,2026-08-13T16:47:47Z
2026-08-13T16:46:02Z,2026-08-13T18:46:02+0200,bbadff40-465f-4669-a5ab-d3c11bbfaf39,2026-08-04T17:15:00Z,2026-08-04T19:15:00+0200,3781.17,MW,FR,FR,actual_onshore_wind_generation,Wind Onshore,2026-08-13T16:47:47Z
2026-08-13T16:46:02Z,2026-08-13T18:46:02+0200,bbadff40-465f-4669-a5ab-d3c11bbfaf39,2026-08-04T17:30:00Z,2026-08-04T19:30:00+0200,3655.16,MW,FR,FR,actual_onshore_wind_generation,Wind Onshore,2026-08-13T16:47:47Z
2026-08-13T16:46:02Z,2026-08-13T18:46:02+0200,bbadff40-465f-4669-a5ab-d3c11bbfaf39,2026-08-04T17:45:00Z,2026-08-04T19:45:00+0200,3587.57,MW,FR,FR,actual_onshore_wind_generation,Wind Onshore,2026-08-13T16:47:47Z
2026-08-13T16:46:02Z,2026-08-13T18:46:02+0200,bbadff40-465f-4669-a5ab-d3c11bbfaf39,2026-08-04T18:00:00Z,2026-08-04T20:00:00+0200,3469.76,MW,FR,FR,actual_onshore_wind_generation,Wind Onshore,2026-08-13T16:47:47Z
2026-08-13T16:46:02Z,2026-08-13T18:46:02+0200,bbadff40-465f-4669-a5ab-d3c11bbfaf39,2026-08-04T18:15:00Z,2026-08-04T20:15:00+0200,3351.29,MW,FR,FR,actual_onshore_wind_generation,Wind Onshore,2026-08-13T16:47:47Z
2026-08-13T16:46:02Z,2026-08-13T18:46:02+0200,bbadff40-465f-4669-a5ab-d3c11bbfaf39,2026-08-04T18:30:00Z,2026-08-04T20:30:00+0200,3138.6,MW,FR,FR,actual_onshore_wind_generation,Wind Onshore,2026-08-13T16:47:47Z
2026-08-13T16:46:02Z,2026-08-13T18:46:02+0200,bbadff40-465f-4669-a5ab-d3c11bbfaf39,2026-08-04T18:45:00Z,2026-08-04T20:45:00+0200,2980.01,MW,FR,FR,actual_onshore_wind_generation,Wind Onshore,2026-08-13T16:47:47Z
2026-08-13T16:46:02Z,2026-08-13T18:46:02+0200,bbadff40-465f-4669-a5ab-d3c11bbfaf39,2026-08-04T19:00:00Z,2026-08-04T21:00:00+0200,2830.95,MW,FR,FR,actual_onshore_wind_generation,Wind Onshore,2026-08-13T16:47:47Z
2026-08-13T16:46:02Z,2026-08-13T18:46:02+0200,bbadff40-465f-4669-a5ab-d3c11bbfaf39,2026-08-04T19:15:00Z,2026-08-04T21:15:00+0200,2709.36,MW,FR,FR,actual_onshore_wind_generation,Wind Onshore,2026-08-13T16:47:47Z
2026-08-13T16:46:02Z,2026-08-13T18:46:02+0200,bbadff40-465f-4669-a5ab-d3c11bbfaf39,2026-08-04T19:30:00Z,2026-08-04T21:30:00+0200,2512.42,MW,FR,FR,actual_onshore_wind_generation,Wind Onshore,2026-08-13T16:47:47Z
2026-08-13T16:46:02Z,2026-08-13T18:46:02+0200,bbadff40-465f-4669-a5ab-d3c11bbfaf39,2026-08-04T19:45:00Z,2026-08-04T21:45:00+0200,2414.71,MW,FR,FR,actual_onshore_wind_generation,Wind Onshore,2026-08-13T16:47:47Z
2026-08-13T16:46:02Z,2026-08-13T18:46:02+0200,bbadff40-465f-4669-a5ab-d3c11bbfaf39,2026-08-04T20:00:00Z,2026-08-04T22:00:00+0200,2423.22,MW,FR,FR,actual_onshore_wind_generation,Wind Onshore,2026-08-13T16:47:47Z
2026-08-13T16:46:02Z,2026-08-13T18:46:02+0200,bbadff40-465f-4669-a5ab-d3c11bbfaf39,2026-08-04T20:15:00Z,2026-08-04T22:15:00+0200,2442.34,MW,FR,FR,actual_onshore_wind_generation,Wind Onshore,2026-08-13T16:47:47Z
2026-08-13T16:46:02Z,2026-08-13T18:46:02+0200,bbadff40-465f-4669-a5ab-d3c11bbfaf39,2026-08-04T20:30:00Z,2026-08-04T22:30:00+0200,2537.38,MW,FR,FR,actual_onshore_wind_generation,Wind Onshore,2026-08-13T16:47:47Z
2026-08-13T16:46:02Z,2026-08-13T18:46:02+0200,bbadff40-465f-4669-a5ab-d3c11bbfaf39,2026-08-04T20:45:00Z,2026-08-04T22:45:00+0200,2647.2,MW,FR,FR,actual_onshore_wind_generation,Wind Onshore,2026-08-13T16:47:47Z
2026-08-13T16:46:02Z,2026-08-13T18:46:02+0200,bbadff40-465f-4669-a5ab-d3c11bbfaf39,2026-08-04T21:00:00Z,2026-08-04T23:00:00+0200,2774.15,MW,FR,FR,actual_onshore_wind_generation,Wind Onshore,2026-08-13T16:47:47Z
2026-08-13T16:46:02Z,2026-08-13T18:46:02+0200,bbadff40-465f-4669-a5ab-d3c11bbfaf39,2026-08-04T21:15:00Z,2026-08-04T23:15:00+0200,2932.77,MW,FR,FR,actual_onshore_wind_generation,Wind Onshore,2026-08-13T16:47:47Z
2026-08-13T16:46:02Z,2026-08-13T18:46:02+0200,bbadff40-465f-4669-a5ab-d3c11bbfaf39,2026-08-04T21:30:00Z,2026-08-04T23:30:00+0200,3025.51,MW,FR,FR,actual_onshore_wind_generation,Wind Onshore,2026-08-13T16:47:47Z
2026-08-13T16:46:02Z,2026-08-13T18:46:02+0200,bbadff40-465f-4669-a5ab-d3c11bbfaf39,2026-08-04T21:45:00Z,2026-08-04T23:45:00+0200,3156.05,MW,FR,FR,actual_onshore_wind_generation,Wind Onshore,2026-08-13T16:47:47Z
2026-08-13T16:46:02Z,2026-08-13T18:46:02+0200,bbadff40-465f-4669-a5ab-d3c11bbfaf39,2026-08-04T22:00:00Z,2026-08-05T00:00:00+0200,3313.58,MW,FR,FR,actual_onshore_wind_generation,Wind Onshore,2026-08-13T16:47:47Z
2026-08-13T16:46:02Z,2026-08-13T18:46:02+0200,bbadff40-465f-4669-a5ab-d3c11bbfaf39,2026-08-04T22:15:00Z,2026-08-05T00:15:00+0200,3397.74,MW,FR,FR,actual_onshore_wind_generation,Wind Onshore,2026-08-13T16:47:47Z
2026-08-13T16:46:02Z,2026-08-13T18:46:02+0200,bbadff40-465f-4669-a5ab-d3c11bbfaf39,2026-08-04T22:30:00Z,2026-08-05T00:30:00+0200,3426.88,MW,FR,FR,actual_onshore_wind_generation,Wind Onshore,2026-08-13T16:47:47Z
2026-08-13T16:46:02Z,2026-08-13T18:46:02+0200,bbadff40-465f-4669-a5ab-d3c11bbfaf39,2026-08-04T22:45:00Z,2026-08-05T00:45:00+0200,3509.57,MW,FR,FR,actual_onshore_wind_generation,Wind Onshore,2026-08-13T16:47:47Z
2026-08-13T16:46:02Z,2026-08-13T18:46:02+0200,bbadff40-465f-4669-a5ab-d3c11bbfaf39,2026-08-04T23:00:00Z,2026-08-05T01:00:00+0200,3432.69,MW,FR,FR,actual_onshore_wind_generation,Wind Onshore,2026-08-13T16:47:47Z
2026-08-13T16:46:02Z,2026-08-13T18:46:02+0200,bbadff40-465f-4669-a5ab-d3c11bbfaf39,2026-08-04T23:15:00Z,2026-08-05T01:15:00+0200,3405.58,MW,FR,FR,actual_onshore_wind_generation,Wind Onshore,2026-08-13T16:47:47Z
2026-08-13T16:46:02Z,2026-08-13T18:46:02+0200,bbadff40-465f-4669-a5ab-d3c11bbfaf39,2026-08-04T23:30:00Z,2026-08-05T01:30:00+0200,3375.79,MW,FR,FR,actual_onshore_wind_generation,Wind Onshore,2026-08-13T16:47:47Z
2026-08-13T16:46:02Z,2026-08-13T18:46:02+0200,bbadff40-465f-4669-a5ab-d3c11bbfaf39,2026-08-04T23:45:00Z,2026-08-05T01:45:00+0200,3334.98,MW,FR,FR,actual_onshore_wind_generation,Wind Onshore,2026-08-13T16:47:47Z
2026-08-13T16:46:02Z,2026-08-13T18:46:02+0200,bbadff40-465f-4669-a5ab-d3c11bbfaf39,2026-08-05T00:00:00Z,2026-08-05T02:00:00+0200,3239.07,MW,FR,FR,actual_onshore_wind_generation,Wind Onshore,2026-08-13T16:47:47Z
2026-08-13T16:46:02Z,2026-08-13T18:46:02+0200,bbadff40-465f-4669-a5ab-d3c11bbfaf39,2026-08-05T00:15:00Z,2026-08-05T02:15:00+0200,3111.25,MW,FR,FR,actual_onshore_wind_generation,Wind Onshore,2026-08-13T16:47:47Z
2026-08-13T16:46:02Z,2026-08-13T18:46:02+0200,bbadff40-465f-4669-a5ab-d3c11bbfaf39,2026-08-05T00:30:00Z,2026-08-05T02:30:00+0200,2992.24,MW,FR,FR,actual_onshore_wind_generation,Wind Onshore,2026-08-13T16:47:47Z
2026-08-13T16:46:02Z,2026-08-13T18:46:02+0200,bbadff40-465f-4669-a5ab-d3c11bbfaf39,2026-08-05T00:45:00Z,2026-08-05T02:45:00+0200,2891.32,MW,FR,FR,actual_onshore_wind_generation,Wind Onshore,2026-08-13T16:47:47Z
2026-08-13T16:46:02Z,2026-08-13T18:46:02+0200,bbadff40-465f-4669-a5ab-d3c11bbfaf39,2026-08-05T01:00:00Z,2026-08-05T03:00:00+0200,2775.44,MW,FR,FR,actual_onshore_wind_generation,Wind Onshore,2026-08-13T16:47:47Z
2026-08-13T16:46:02Z,2026-08-13T18:46:02+0200,bbadff40-465f-4669-a5ab-d3c11bbfaf39,2026-08-05T01:15:00Z,2026-08-05T03:15:00+0200,2668.33,MW,FR,FR,actual_onshore_wind_generation,Wind Onshore,2026-08-13T16:47:47Z
2026-08-13T16:46:02Z,2026-08-13T18:46:02+0200,bbadff40-465f-4669-a5ab-d3c11bbfaf39,2026-08-05T01:30:00Z,2026-08-05T03:30:00+0200,2608.61,MW,FR,FR,actual_onshore_wind_generation,Wind Onshore,2026-08-13T16:47:47Z
2026-08-13T16:46:02Z,2026-08-13T18:46:02+0200,bbadff40-465f-4669-a5ab-d3c11bbfaf39,2026-08-05T01:45:00Z,2026-08-05T03:45:00+0200,2521.07,MW,FR,FR,actual_onshore_wind_generation,Wind Onshore,2026-08-13T16:47:47Z
2026-08-13T16:46:02Z,2026-08-13T18:46:02+0200,bbadff40-465f-4669-a5ab-d3c11bbfaf39,2026-08-05T02:00:00Z,2026-08-05T04:00:00+0200,2464.82,MW,FR,FR,actual_onshore_wind_generation,Wind Onshore,2026-08-13T16:47:47Z
2026-08-13T16:46:02Z,2026-08-13T18:46:02+0200,bbadff40-465f-4669-a5ab-d3c11bbfaf39,2026-08-05T02:15:00Z,2026-08-05T04:15:00+0200,2440.11,MW,FR,FR,actual_onshore_wind_generation,Wind Onshore,2026-08-13T16:47:47Z
2026-08-13T16:46:02Z,2026-08-13T18:46:02+0200,bbadff40-465f-4669-a5ab-d3c11bbfaf39,2026-08-05T02:30:00Z,2026-08-05T04:30:00+0200,2393.02,MW,FR,FR,actual_onshore_wind_generation,Wind Onshore,2026-08-13T16:47:47Z
2026-08-13T16:46:02Z,2026-08-13T18:46:02+0200,bbadff40-465f-4669-a5ab-d3c11bbfaf39,2026-08-05T02:45:00Z,2026-08-05T04:45:00+0200,2363.98,MW,FR,FR,actual_onshore_wind_generation,Wind Onshore,2026-08-13T16:47:47Z
2026-08-13T16:46:02Z,2026-08-13T18:46:02+0200,bbadff40-465f-4669-a5ab-d3c11bbfaf39,2026-08-05T03:00:00Z,2026-08-05T05:00:00+0200,2352.85,MW,FR,FR,actual_onshore_wind_generation,Wind Onshore,2026-08-13T16:47:47Z
2026-08-13T16:46:02Z,2026-08-13T18:46:02+0200,bbadff40-465f-4669-a5ab-d3c11bbfaf39,2026-08-05T03:15:00Z,2026-08-05T05:15:00+0200,2395.03,MW,FR,FR,actual_onshore_wind_generation,Wind Onshore,2026-08-13T16:47:47Z
2026-08-13T16:46:02Z,2026-08-13T18:46:02+0200,bbadff40-465f-4669-a5ab-d3c11bbfaf39,2026-08-05T03:30:00Z,2026-08-05T05:30:00+0200,2442.53,MW,FR,FR,actual_onshore_wind_generation,Wind Onshore,2026-08-13T16:47:47Z
2026-08-13T16:46:02Z,2026-08-13T18:46:02+0200,bbadff40-465f-4669-a5ab-d3c11bbfaf39,2026-08-05T03:45:00Z,2026-08-05T05:45:00+0200,2416.82,MW,FR,FR,actual_onshore_wind_generation,Wind Onshore,2026-08-13T16:47:47Z
2026-08-13T16:46:02Z,2026-08-13T18:46:02+0200,bbadff40-465f-4669-a5ab-d3c11bbfaf39,2026-08-05T04:00:00Z,2026-08-05T06:00:00+0200,2473.17,MW,FR,FR,actual_onshore_wind_generation,Wind Onshore,2026-08-13T16:47:47Z
2026-08-13T16:46:02Z,2026-08-13T18:46:02+0200,bbadff40-465f-4669-a5ab-d3c11bbfaf39,2026-08-05T04:15:00Z,2026-08-05T06:15:00+0200,2496.74,MW,FR,FR,actual_onshore_wind_generation,Wind Onshore,2026-08-13T16:47:47Z
2026-08-13T16:46:02Z,2026-08-13T18:46:02+0200,bbadff40-465f-4669-a5ab-d3c11bbfaf39,2026-08-05T04:30:00Z,2026-08-05T06:30:00+0200,2533.35,MW,FR,FR,actual_onshore_wind_generation,Wind Onshore,2026-08-13T16:47:47Z
2026-08-13T16:46:02Z,2026-08-13T18:46:02+0200,bbadff40-465f-4669-a5ab-d3c11bbfaf39,2026-08-05T04:45:00Z,2026-08-05T06:45:00+0200,2583.45,MW,FR,FR,actual_onshore_wind_generation,Wind Onshore,2026-08-13T16:47:47Z
2026-08-13T16:46:02Z,2026-08-13T18:46:02+0200,bbadff40-465f-4669-a5ab-d3c11bbfaf39,2026-08-05T05:00:00Z,2026-08-05T07:00:00+0200,2651.04,MW,FR,FR,actual_onshore_wind_generation,Wind Onshore,2026-08-13T16:47:47Z
2026-08-13T16:46:02Z,2026-08-13T18:46:02+0200,bbadff40-465f-4669-a5ab-d3c11bbfaf39,2026-08-05T05:15:00Z,2026-08-05T07:15:00+0200,2724.41,MW,FR,FR,actual_onshore_wind_generation,Wind Onshore,2026-08-13T16:47:47Z
2026-08-13T16:46:02Z,2026-08-13T18:46:02+0200,bbadff40-465f-4669-a5ab-d3c11bbfaf39,2026-08-05T05:30:00Z,2026-08-05T07:30:00+0200,2670.81,MW,FR,FR,actual_onshore_wind_generation,Wind Onshore,2026-08-13T16:47:47Z
2026-08-13T16:46:02Z,2026-08-13T18:46:02+0200,bbadff40-465f-4669-a5ab-d3c11bbfaf39,2026-08-05T05:45:00Z,2026-08-05T07:45:00+0200,2597.16,MW,FR,FR,actual_onshore_wind_generation,Wind Onshore,2026-08-13T16:47:47Z
2026-08-13T16:46:02Z,2026-08-13T18:46:02+0200,bbadff40-465f-4669-a5ab-d3c11bbfaf39,2026-08-05T06:00:00Z,2026-08-05T08:00:00+0200,2486.94,MW,FR,FR,actual_onshore_wind_generation,Wind Onshore,2026-08-13T16:47:47Z
2026-08-13T16:46:02Z,2026-08-13T18:46:02+0200,bbadff40-465f-4669-a5ab-d3c11bbfaf39,2026-08-05T06:15:00Z,2026-08-05T08:15:00+0200,2464.23,MW,FR,FR,actual_onshore_wind_generation,Wind Onshore,2026-08-13T16:47:47Z
2026-08-13T16:46:02Z,2026-08-13T18:46:02+0200,bbadff40-465f-4669-a5ab-d3c11bbfaf39,2026-08-05T06:30:00Z,2026-08-05T08:30:00+0200,2463.91,MW,FR,FR,actual_onshore_wind_generation,Wind Onshore,2026-08-13T16:47:47Z
2026-08-13T16:46:02Z,2026-08-13T18:46:02+0200,bbadff40-465f-4669-a5ab-d3c11bbfaf39,2026-08-05T06:45:00Z,2026-08-05T08:45:00+0200,2483.4,MW,FR,FR,actual_onshore_wind_generation,Wind Onshore,2026-08-13T16:47:47Z
2026-08-13T16:46:02Z,2026-08-13T18:46:02+0200,bbadff40-465f-4669-a5ab-d3c11bbfaf39,2026-08-05T07:00:00Z,2026-08-05T09:00:00+0200,2556.82,MW,FR,FR,actual_onshore_wind_generation,Wind Onshore,2026-08-13T16:47:47Z
2026-08-13T16:46:02Z,2026-08-13T18:46:02+0200,bbadff40-465f-4669-a5ab-d3c11bbfaf39,2026-08-05T07:15:00Z,2026-08-05T09:15:00+0200,2779.02,MW,FR,FR,actual_onshore_wind_generation,Wind Onshore,2026-08-13T16:47:47Z
2026-08-13T16:46:02Z,2026-08-13T18:46:02+0200,bbadff40-465f-4669-a5ab-d3c11bbfaf39,2026-08-05T07:30:00Z,2026-08-05T09:30:00+0200,2944.13,MW,FR,FR,actual_onshore_wind_generation,Wind Onshore,2026-08-13T16:47:47Z
2026-08-13T16:46:02Z,2026-08-13T18:46:02+0200,bbadff40-465f-4669-a5ab-d3c11bbfaf39,2026-08-05T07:45:00Z,2026-08-05T09:45:00+0200,3010.94,MW,FR,FR,actual_onshore_wind_generation,Wind Onshore,2026-08-13T16:47:47Z
2026-08-13T16:46:02Z,2026-08-13T18:46:02+0200,bbadff40-465f-4669-a5ab-d3c11bbfaf39,2026-08-05T08:00:00Z,2026-08-05T10:00:00+0200,3397.44,MW,FR,FR,actual_onshore_wind_generation,Wind Onshore,2026-08-13T16:47:47Z
2026-08-13T16:46:02Z,2026-08-13T18:46:02+0200,bbadff40-465f-4669-a5ab-d3c11bbfaf39,2026-08-05T08:15:00Z,2026-08-05T10:15:00+0200,3665.66,MW,FR,FR,actual_onshore_wind_generation,Wind Onshore,2026-08-13T16:47:47Z
2026-08-13T16:46:02Z,2026-08-13T18:46:02+0200,bbadff40-465f-4669-a5ab-d3c11bbfaf39,2026-08-05T08:30:00Z,2026-08-05T10:30:00+0200,3808.93,MW,FR,FR,actual_onshore_wind_generation,Wind Onshore,2026-08-13T16:47:47Z
2026-08-13T16:46:02Z,2026-08-13T18:46:02+0200,bbadff40-465f-4669-a5ab-d3c11bbfaf39,2026-08-05T08:45:00Z,2026-08-05T10:45:00+0200,4077.56,MW,FR,FR,actual_onshore_wind_generation,Wind Onshore,2026-08-13T16:47:47Z
2026-08-13T16:46:02Z,2026-08-13T18:46:02+0200,bbadff40-465f-4669-a5ab-d3c11bbfaf39,2026-08-05T09:00:00Z,2026-08-05T11:00:00+0200,4456.86,MW,FR,FR,actual_onshore_wind_generation,Wind Onshore,2026-08-13T16:47:47Z
2026-08-13T16:46:02Z,2026-08-13T18:46:02+0200,bbadff40-465f-4669-a5ab-d3c11bbfaf39,2026-08-05T09:15:00Z,2026-08-05T11:15:00+0200,4706.19,MW,FR,FR,actual_onshore_wind_generation,Wind Onshore,2026-08-13T16:47:47Z
2026-08-13T16:46:02Z,2026-08-13T18:46:02+0200,bbadff40-465f-4669-a5ab-d3c11bbfaf39,2026-08-05T09:30:00Z,2026-08-05T11:30:00+0200,4942.77,MW,FR,FR,actual_onshore_wind_generation,Wind Onshore,2026-08-13T16:47:47Z
2026-08-13T16:46:02Z,2026-08-13T18:46:02+0200,bbadff40-465f-4669-a5ab-d3c11bbfaf39,2026-08-05T09:45:00Z,2026-08-05T11:45:00+0200,5168.92,MW,FR,FR,actual_onshore_wind_generation,Wind Onshore,2026-08-13T16:47:47Z
2026-08-13T16:46:02Z,2026-08-13T18:46:02+0200,bbadff40-465f-4669-a5ab-d3c11bbfaf39,2026-08-05T10:00:00Z,2026-08-05T12:00:00+0200,5520.2,MW,FR,FR,actual_onshore_wind_generation,Wind Onshore,2026-08-13T16:47:47Z
2026-08-13T16:46:02Z,2026-08-13T18:46:02+0200,bbadff40-465f-4669-a5ab-d3c11bbfaf39,2026-08-05T10:15:00Z,2026-08-05T12:15:00+0200,5670.4,MW,FR,FR,actual_onshore_wind_generation,Wind Onshore,2026-08-13T16:47:47Z
2026-08-13T16:46:02Z,2026-08-13T18:46:02+0200,bbadff40-465f-4669-a5ab-d3c11bbfaf39,2026-08-05T10:30:00Z,2026-08-05T12:30:00+0200,5982.93,MW,FR,FR,actual_onshore_wind_generation,Wind Onshore,2026-08-13T16:47:47Z
2026-08-13T16:46:02Z,2026-08-13T18:46:02+0200,bbadff40-465f-4669-a5ab-d3c11bbfaf39,2026-08-05T10:45:00Z,2026-08-05T12:45:00+0200,6280.64,MW,FR,FR,actual_onshore_wind_generation,Wind Onshore,2026-08-13T16:47:47Z
2026-08-13T16:46:02Z,2026-08-13T18:46:02+0200,bbadff40-465f-4669-a5ab-d3c11bbfaf39,2026-08-05T11:00:00Z,2026-08-05T13:00:00+0200,6740.75,MW,FR,FR,actual_onshore_wind_generation,Wind Onshore,2026-08-13T16:47:47Z
2026-08-13T16:46:02Z,2026-08-13T18:46:02+0200,bbadff40-465f-4669-a5ab-d3c11bbfaf39,2026-08-05T11:15:00Z,2026-08-05T13:15:00+0200,6997.95,MW,FR,FR,actual_onshore_wind_generation,Wind Onshore,2026-08-13T16:47:47Z
2026-08-13T16:46:02Z,2026-08-13T18:46:02+0200,bbadff40-465f-4669-a5ab-d3c11bbfaf39,2026-08-05T11:30:00Z,2026-08-05T13:30:00+0200,7281.26,MW,FR,FR,actual_onshore_wind_generation,Wind Onshore,2026-08-13T16:47:47Z
2026-08-13T16:46:02Z,2026-08-13T18:46:02+0200,bbadff40-465f-4669-a5ab-d3c11bbfaf39,2026-08-05T11:45:00Z,2026-08-05T13:45:00+0200,7546.95,MW,FR,FR,actual_onshore_wind_generation,Wind Onshore,2026-08-13T16:47:47Z
2026-08-13T16:46:02Z,2026-08-13T18:46:02+0200,bbadff40-465f-4669-a5ab-d3c11bbfaf39,2026-08-05T12:00:00Z,2026-08-05T14:00:00+0200,7664.05,MW,FR,FR,actual_onshore_wind_generation,Wind Onshore,2026-08-13T16:47:47Z
2026-08-13T16:46:02Z,2026-08-13T18:46:02+0200,bbadff40-465f-4669-a5ab-d3c11bbfaf39,2026-08-05T12:15:00Z,2026-08-05T14:15:00+0200,7761.95,MW,FR,FR,actual_onshore_wind_generation,Wind Onshore,2026-08-13T16:47:47Z
2026-08-13T16:46:02Z,2026-08-13T18:46:02+0200,bbadff40-465f-4669-a5ab-d3c11bbfaf39,2026-08-05T12:30:00Z,2026-08-05T14:30:00+0200,7794.35,MW,FR,FR,actual_onshore_wind_generation,Wind Onshore,2026-08-13T16:47:47Z
2026-08-13T16:46:02Z,2026-08-13T18:46:02+0200,bbadff40-465f-4669-a5ab-d3c11bbfaf39,2026-08-05T12:45:00Z,2026-08-05T14:45:00+0200,7819.87,MW,FR,FR,actual_onshore_wind_generation,Wind Onshore,2026-08-13T16:47:47Z
2026-08-13T16:46:02Z,2026-08-13T18:46:02+0200,bbadff40-465f-4669-a5ab-d3c11bbfaf39,2026-08-05T13:00:00Z,2026-08-05T15:00:00+0200,7867.42,MW,FR,FR,actual_onshore_wind_generation,Wind Onshore,2026-08-13T16:47:47Z
2026-08-13T16:46:02Z,2026-08-13T18:46:02+0200,bbadff40-465f-4669-a5ab-d3c11bbfaf39,2026-08-05T13:15:00Z,2026-08-05T15:15:00+0200,7653.2,MW,FR,FR,actual_onshore_wind_generation,Wind Onshore,2026-08-13T16:47:47Z
2026-08-13T16:46:02Z,2026-08-13T18:46:02+0200,bbadff40-465f-4669-a5ab-d3c11bbfaf39,2026-08-05T13:30:00Z,2026-08-05T15:30:00+0200,7673.47,MW,FR,FR,actual_onshore_wind_generation,Wind Onshore,2026-08-13T16:47:47Z
2026-08-13T16:46:02Z,2026-08-13T18:46:02+0200,bbadff40-465f-4669-a5ab-d3c11bbfaf39,2026-08-05T13:45:00Z,2026-08-05T15:45:00+0200,7553.44,MW,FR,FR,actual_onshore_wind_generation,Wind Onshore,2026-08-13T16:47:47Z
2026-08-13T16:46:02Z,2026-08-13T18:46:02+0200,bbadff40-465f-4669-a5ab-d3c11bbfaf39,2026-08-05T14:00:00Z,2026-08-05T16:00:00+0200,7647.52,MW,FR,FR,actual_onshore_wind_generation,Wind Onshore,2026-08-13T16:47:47Z
2026-08-13T16:46:02Z,2026-08-13T18:46:02+0200,bbadff40-465f-4669-a5ab-d3c11bbfaf39,2026-08-05T14:15:00Z,2026-08-05T16:15:00+0200,7627.86,MW,FR,FR,actual_onshore_wind_generation,Wind Onshore,2026-08-13T16:47:47Z
2026-08-13T16:46:02Z,2026-08-13T18:46:02+0200,bbadff40-465f-4669-a5ab-d3c11bbfaf39,2026-08-05T14:30:00Z,2026-08-05T16:30:00+0200,7621.52,MW,FR,FR,actual_onshore_wind_generation,Wind Onshore,2026-08-13T16:47:47Z
2026-08-13T16:46:02Z,2026-08-13T18:46:02+0200,bbadff40-465f-4669-a5ab-d3c11bbfaf39,2026-08-05T14:45:00Z,2026-08-05T16:45:00+0200,7507.6,MW,FR,FR,actual_onshore_wind_generation,Wind Onshore,2026-08-13T16:47:47Z
2026-08-13T16:46:02Z,2026-08-13T18:46:02+0200,bbadff40-465f-4669-a5ab-d3c11bbfaf39,2026-08-05T15:00:00Z,2026-08-05T17:00:00+0200,7343.03,MW,FR,FR,actual_onshore_wind_generation,Wind Onshore,2026-08-13T16:47:47Z
2026-08-13T16:46:02Z,2026-08-13T18:46:02+0200,bbadff40-465f-4669-a5ab-d3c11bbfaf39,2026-08-05T15:15:00Z,2026-08-05T17:15:00+0200,7238.34,MW,FR,FR,actual_onshore_wind_generation,Wind Onshore,2026-08-13T16:47:47Z
2026-08-13T16:46:02Z,2026-08-13T18:46:02+0200,bbadff40-465f-4669-a5ab-d3c11bbfaf39,2026-08-05T15:30:00Z,2026-08-05T17:30:00+0200,7150.53,MW,FR,FR,actual_onshore_wind_generation,Wind Onshore,2026-08-13T16:47:47Z
2026-08-13T16:46:02Z,2026-08-13T18:46:02+0200,bbadff40-465f-4669-a5ab-d3c11bbfaf39,2026-08-05T15:45:00Z,2026-08-05T17:45:00+0200,7186.76,MW,FR,FR,actual_onshore_wind_generation,Wind Onshore,2026-08-13T16:47:47Z
2026-08-13T16:46:02Z,2026-08-13T18:46:02+0200,bbadff40-465f-4669-a5ab-d3c11bbfaf39,2026-08-05T16:00:00Z,2026-08-05T18:00:00+0200,7195.69,MW,FR,FR,actual_onshore_wind_generation,Wind Onshore,2026-08-13T16:47:47Z
2026-08-13T16:46:02Z,2026-08-13T18:46:02+0200,bbadff40-465f-4669-a5ab-d3c11bbfaf39,2026-08-05T16:15:00Z,2026-08-05T18:15:00+0200,7210.15,MW,FR,FR,actual_onshore_wind_generation,Wind Onshore,2026-08-13T16:47:47Z
2026-08-13T16:46:02Z,2026-08-13T18:46:02+0200,bbadff40-465f-4669-a5ab-d3c11bbfaf39,2026-08-05T16:30:00Z,2026-08-05T18:30:00+0200,7180.8,MW,FR,FR,actual_onshore_wind_generation,Wind Onshore,2026-08-13T16:47:47Z
2026-08-13T16:46:02Z,2026-08-13T18:46:02+0200,bbadff40-465f-4669-a5ab-d3c11bbfaf39,2026-08-05T16:45:00Z,2026-08-05T18:45:00+0200,7281.41,MW,FR,FR,actual_onshore_wind_generation,Wind Onshore,2026-08-13T16:47:47Z
2026-08-13T16:46:02Z,2026-08-13T18:46:02+0200,bbadff40-465f-4669-a5ab-d3c11bbfaf39,2026-08-05T17:00:00Z,2026-08-05T19:00:00+0200,7247.36,MW,FR,FR,actual_onshore_wind_generation,Wind Onshore,2026-08-13T16:47:47Z
2026-08-13T16:46:02Z,2026-08-13T18:46:02+0200,bbadff40-465f-4669-a5ab-d3c11bbfaf39,2026-08-05T17:15:00Z,2026-08-05T19:15:00+0200,7288.91,MW,FR,FR,actual_onshore_wind_generation,Wind Onshore,2026-08-13T16:47:47Z
2026-08-13T16:46:02Z,2026-08-13T18:46:02+0200,bbadff40-465f-4669-a5ab-d3c11bbfaf39,2026-08-05T17:30:00Z,2026-08-05T19:30:00+0200,7156.17,MW,FR,FR,actual_onshore_wind_generation,Wind Onshore,2026-08-13T16:47:47Z
2026-08-13T16:46:02Z,2026-08-13T18:46:02+0200,bbadff40-465f-4669-a5ab-d3c11bbfaf39,2026-08-05T17:45:00Z,2026-08-05T19:45:00+0200,6905.33,MW,FR,FR,actual_onshore_wind_generation,Wind Onshore,2026-08-13T16:47:47Z
2026-08-13T16:46:02Z,2026-08-13T18:46:02+0200,bbadff40-465f-4669-a5ab-d3c11bbfaf39,2026-08-05T18:00:00Z,2026-08-05T20:00:00+0200,6707.23,MW,FR,FR,actual_onshore_wind_generation,Wind Onshore,2026-08-13T16:47:47Z
2026-08-13T16:46:02Z,2026-08-13T18:46:02+0200,bbadff40-465f-4669-a5ab-d3c11bbfaf39,2026-08-05T18:15:00Z,2026-08-05T20:15:00+0200,6433.27,MW,FR,FR,actual_onshore_wind_generation,Wind Onshore,2026-08-13T16:47:47Z
2026-08-13T16:46:02Z,2026-08-13T18:46:02+0200,bbadff40-465f-4669-a5ab-d3c11bbfaf39,2026-08-05T18:30:00Z,2026-08-05T20:30:00+0200,6032.11,MW,FR,FR,actual_onshore_wind_generation,Wind Onshore,2026-08-13T16:47:47Z
2026-08-13T16:46:02Z,2026-08-13T18:46:02+0200,bbadff40-465f-4669-a5ab-d3c11bbfaf39,2026-08-05T18:45:00Z,2026-08-05T20:45:00+0200,5600.11,MW,FR,FR,actual_onshore_wind_generation,Wind Onshore,2026-08-13T16:47:47Z
2026-08-13T16:46:02Z,2026-08-13T18:46:02+0200,bbadff40-465f-4669-a5ab-d3c11bbfaf39,2026-08-05T19:00:00Z,2026-08-05T21:00:00+0200,5134.74,MW,FR,FR,actual_onshore_wind_generation,Wind Onshore,2026-08-13T16:47:47Z
2026-08-13T16:46:02Z,2026-08-13T18:46:02+0200,bbadff40-465f-4669-a5ab-d3c11bbfaf39,2026-08-05T19:15:00Z,2026-08-05T21:15:00+0200,4776.04,MW,FR,FR,actual_onshore_wind_generation,Wind Onshore,2026-08-13T16:47:47Z
2026-08-13T16:46:02Z,2026-08-13T18:46:02+0200,bbadff40-465f-4669-a5ab-d3c11bbfaf39,2026-08-05T19:30:00Z,2026-08-05T21:30:00+0200,4437.01,MW,FR,FR,actual_onshore_wind_generation,Wind Onshore,2026-08-13T16:47:47Z
2026-08-13T16:46:02Z,2026-08-13T18:46:02+0200,bbadff40-465f-4669-a5ab-d3c11bbfaf39,2026-08-05T19:45:00Z,2026-08-05T21:45:00+0200,4305.51,MW,FR,FR,actual_onshore_wind_generation,Wind Onshore,2026-08-13T16:47:47Z
2026-08-13T16:46:02Z,2026-08-13T18:46:02+0200,bbadff40-465f-4669-a5ab-d3c11bbfaf39,2026-08-05T20:00:00Z,2026-08-05T22:00:00+0200,4273.36,MW,FR,FR,actual_onshore_wind_generation,Wind Onshore,2026-08-13T16:47:47Z
2026-08-13T16:46:02Z,2026-08-13T18:46:02+0200,bbadff40-465f-4669-a5ab-d3c11bbfaf39,2026-08-05T20:15:00Z,2026-08-05T22:15:00+0200,4313.87,MW,FR,FR,actual_onshore_wind_generation,Wind Onshore,2026-08-13T16:47:47Z
2026-08-13T16:46:02Z,2026-08-13T18:46:02+0200,bbadff40-465f-4669-a5ab-d3c11bbfaf39,2026-08-05T20:30:00Z,2026-08-05T22:30:00+0200,4211.76,MW,FR,FR,actual_onshore_wind_generation,Wind Onshore,2026-08-13T16:47:47Z
2026-08-13T16:46:02Z,2026-08-13T18:46:02+0200,bbadff40-465f-4669-a5ab-d3c11bbfaf39,2026-08-05T20:45:00Z,2026-08-05T22:45:00+0200,4125.15,MW,FR,FR,actual_onshore_wind_generation,Wind Onshore,2026-08-13T16:47:47Z
2026-08-13T16:46:02Z,2026-08-13T18:46:02+0200,bbadff40-465f-4669-a5ab-d3c11bbfaf39,2026-08-05T21:00:00Z,2026-08-05T23:00:00+0200,4046.34,MW,FR,FR,actual_onshore_wind_generation,Wind Onshore,2026-08-13T16:47:47Z
2026-08-13T16:46:02Z,2026-08-13T18:46:02+0200,bbadff40-465f-4669-a5ab-d3c11bbfaf39,2026-08-05T21:15:00Z,2026-08-05T23:15:00+0200,4012.94,MW,FR,FR,actual_onshore_wind_generation,Wind Onshore,2026-08-13T16:47:47Z
2026-08-13T16:46:02Z,2026-08-13T18:46:02+0200,bbadff40-465f-4669-a5ab-d3c11bbfaf39,2026-08-05T21:30:00Z,2026-08-05T23:30:00+0200,3962.81,MW,FR,FR,actual_onshore_wind_generation,Wind Onshore,2026-08-13T16:47:47Z
2026-08-13T16:46:02Z,2026-08-13T18:46:02+0200,bbadff40-465f-4669-a5ab-d3c11bbfaf39,2026-08-05T21:45:00Z,2026-08-05T23:45:00+0200,3894.57,MW,FR,FR,actual_onshore_wind_generation,Wind Onshore,2026-08-13T16:47:47Z
2026-08-13T16:46:02Z,2026-08-13T18:46:02+0200,bbadff40-465f-4669-a5ab-d3c11bbfaf39,2026-08-05T22:00:00Z,2026-08-06T00:00:00+0200,3961.84,MW,FR,FR,actual_onshore_wind_generation,Wind Onshore,2026-08-13T16:47:47Z
2026-08-13T16:46:02Z,2026-08-13T18:46:02+0200,bbadff40-465f-4669-a5ab-d3c11bbfaf39,2026-08-05T22:15:00Z,2026-08-06T00:15:00+0200,4058.09,MW,FR,FR,actual_onshore_wind_generation,Wind Onshore,2026-08-13T16:47:47Z
2026-08-13T16:46:02Z,2026-08-13T18:46:02+0200,bbadff40-465f-4669-a5ab-d3c11bbfaf39,2026-08-05T22:30:00Z,2026-08-06T00:30:00+0200,4041.82,MW,FR,FR,actual_onshore_wind_generation,Wind Onshore,2026-08-13T16:47:47Z
2026-08-13T16:46:02Z,2026-08-13T18:46:02+0200,bbadff40-465f-4669-a5ab-d3c11bbfaf39,2026-08-05T22:45:00Z,2026-08-06T00:45:00+0200,3990.45,MW,FR,FR,actual_onshore_wind_generation,Wind Onshore,2026-08-13T16:47:47Z
2026-08-13T16:46:02Z,2026-08-13T18:46:02+0200,bbadff40-465f-4669-a5ab-d3c11bbfaf39,2026-08-05T23:00:00Z,2026-08-06T01:00:00+0200,3943.21,MW,FR,FR,actual_onshore_wind_generation,Wind Onshore,2026-08-13T16:47:47Z
2026-08-13T16:46:02Z,2026-08-13T18:46:02+0200,bbadff40-465f-4669-a5ab-d3c11bbfaf39,2026-08-05T23:15:00Z,2026-08-06T01:15:00+0200,3842.58,MW,FR,FR,actual_onshore_wind_generation,Wind Onshore,2026-08-13T16:47:47Z
2026-08-13T16:46:02Z,2026-08-13T18:46:02+0200,bbadff40-465f-4669-a5ab-d3c11bbfaf39,2026-08-05T23:30:00Z,2026-08-06T01:30:00+0200,3741.2,MW,FR,FR,actual_onshore_wind_generation,Wind Onshore,2026-08-13T16:47:47Z
2026-08-13T16:46:02Z,2026-08-13T18:46:02+0200,bbadff40-465f-4669-a5ab-d3c11bbfaf39,2026-08-05T23:45:00Z,2026-08-06T01:45:00+0200,3658.23,MW,FR,FR,actual_onshore_wind_generation,Wind Onshore,2026-08-13T16:47:47Z
2026-08-13T16:46:02Z,2026-08-13T18:46:02+0200,bbadff40-465f-4669-a5ab-d3c11bbfaf39,2026-08-06T00:00:00Z,2026-08-06T02:00:00+0200,3663.72,MW,FR,FR,actual_onshore_wind_generation,Wind Onshore,2026-08-13T16:47:47Z
2026-08-13T16:46:02Z,2026-08-13T18:46:02+0200,bbadff40-465f-4669-a5ab-d3c11bbfaf39,2026-08-06T00:15:00Z,2026-08-06T02:15:00+0200,3582.74,MW,FR,FR,actual_onshore_wind_generation,Wind Onshore,2026-08-13T16:47:47Z
2026-08-13T16:46:02Z,2026-08-13T18:46:02+0200,bbadff40-465f-4669-a5ab-d3c11bbfaf39,2026-08-06T00:30:00Z,2026-08-06T02:30:00+0200,3465.18,MW,FR,FR,actual_onshore_wind_generation,Wind Onshore,2026-08-13T16:47:47Z
2026-08-13T16:46:02Z,2026-08-13T18:46:02+0200,bbadff40-465f-4669-a5ab-d3c11bbfaf39,2026-08-06T00:45:00Z,2026-08-06T02:45:00+0200,3401.89,MW,FR,FR,actual_onshore_wind_generation,Wind Onshore,2026-08-13T16:47:47Z
2026-08-13T16:46:02Z,2026-08-13T18:46:02+0200,bbadff40-465f-4669-a5ab-d3c11bbfaf39,2026-08-06T01:00:00Z,2026-08-06T03:00:00+0200,3397.99,MW,FR,FR,actual_onshore_wind_generation,Wind Onshore,2026-08-13T16:47:47Z
2026-08-13T16:46:02Z,2026-08-13T18:46:02+0200,bbadff40-465f-4669-a5ab-d3c11bbfaf39,2026-08-06T01:15:00Z,2026-08-06T03:15:00+0200,3372.0,MW,FR,FR,actual_onshore_wind_generation,Wind Onshore,2026-08-13T16:47:47Z
2026-08-13T16:46:02Z,2026-08-13T18:46:02+0200,bbadff40-465f-4669-a5ab-d3c11bbfaf39,2026-08-06T01:30:00Z,2026-08-06T03:30:00+0200,3304.9,MW,FR,FR,actual_onshore_wind_generation,Wind Onshore,2026-08-13T16:47:47Z
2026-08-13T16:46:02Z,2026-08-13T18:46:02+0200,bbadff40-465f-4669-a5ab-d3c11bbfaf39,2026-08-06T01:45:00Z,2026-08-06T03:45:00+0200,3255.74,MW,FR,FR,actual_onshore_wind_generation,Wind Onshore,2026-08-13T16:47:47Z
2026-08-13T16:46:02Z,2026-08-13T18:46:02+0200,bbadff40-465f-4669-a5ab-d3c11bbfaf39,2026-08-06T02:00:00Z,2026-08-06T04:00:00+0200,3180.15,MW,FR,FR,actual_onshore_wind_generation,Wind Onshore,2026-08-13T16:47:47Z
2026-08-13T16:46:02Z,2026-08-13T18:46:02+0200,bbadff40-465f-4669-a5ab-d3c11bbfaf39,2026-08-06T02:15:00Z,2026-08-06T04:15:00+0200,3100.57,MW,FR,FR,actual_onshore_wind_generation,Wind Onshore,2026-08-13T16:47:47Z
2026-08-13T16:46:02Z,2026-08-13T18:46:02+0200,bbadff40-465f-4669-a5ab-d3c11bbfaf39,2026-08-06T02:30:00Z,2026-08-06T04:30:00+0200,3014.63,MW,FR,FR,actual_onshore_wind_generation,Wind Onshore,2026-08-13T16:47:47Z
2026-08-13T16:46:02Z,2026-08-13T18:46:02+0200,bbadff40-465f-4669-a5ab-d3c11bbfaf39,2026-08-06T02:45:00Z,2026-08-06T04:45:00+0200,2923.68,MW,FR,FR,actual_onshore_wind_generation,Wind Onshore,2026-08-13T16:47:47Z
2026-08-13T16:46:02Z,2026-08-13T18:46:02+0200,bbadff40-465f-4669-a5ab-d3c11bbfaf39,2026-08-06T03:00:00Z,2026-08-06T05:00:00+0200,2836.32,MW,FR,FR,actual_onshore_wind_generation,Wind Onshore,2026-08-13T16:47:47Z
2026-08-13T16:46:02Z,2026-08-13T18:46:02+0200,bbadff40-465f-4669-a5ab-d3c11bbfaf39,2026-08-06T03:15:00Z,2026-08-06T05:15:00+0200,2736.53,MW,FR,FR,actual_onshore_wind_generation,Wind Onshore,2026-08-13T16:47:47Z
2026-08-13T16:46:02Z,2026-08-13T18:46:02+0200,bbadff40-465f-4669-a5ab-d3c11bbfaf39,2026-08-06T03:30:00Z,2026-08-06T05:30:00+0200,2613.22,MW,FR,FR,actual_onshore_wind_generation,Wind Onshore,2026-08-13T16:47:47Z
2026-08-13T16:46:02Z,2026-08-13T18:46:02+0200,bbadff40-465f-4669-a5ab-d3c11bbfaf39,2026-08-06T03:45:00Z,2026-08-06T05:45:00+0200,2475.42,MW,FR,FR,actual_onshore_wind_generation,Wind Onshore,2026-08-13T16:47:47Z
2026-08-13T16:46:02Z,2026-08-13T18:46:02+0200,bbadff40-465f-4669-a5ab-d3c11bbfaf39,2026-08-06T04:00:00Z,2026-08-06T06:00:00+0200,2351.04,MW,FR,FR,actual_onshore_wind_generation,Wind Onshore,2026-08-13T16:47:47Z
2026-08-13T16:46:02Z,2026-08-13T18:46:02+0200,bbadff40-465f-4669-a5ab-d3c11bbfaf39,2026-08-06T04:15:00Z,2026-08-06T06:15:00+0200,2325.67,MW,FR,FR,actual_onshore_wind_generation,Wind Onshore,2026-08-13T16:47:47Z
2026-08-13T16:46:02Z,2026-08-13T18:46:02+0200,bbadff40-465f-4669-a5ab-d3c11bbfaf39,2026-08-06T04:30:00Z,2026-08-06T06:30:00+0200,2354.23,MW,FR,FR,actual_onshore_wind_generation,Wind Onshore,2026-08-13T16:47:47Z
2026-08-13T16:46:02Z,2026-08-13T18:46:02+0200,bbadff40-465f-4669-a5ab-d3c11bbfaf39,2026-08-06T04:45:00Z,2026-08-06T06:45:00+0200,2320.12,MW,FR,FR,actual_onshore_wind_generation,Wind Onshore,2026-08-13T16:47:47Z
2026-08-13T16:46:02Z,2026-08-13T18:46:02+0200,bbadff40-465f-4669-a5ab-d3c11bbfaf39,2026-08-06T05:00:00Z,2026-08-06T07:00:00+0200,2276.56,MW,FR,FR,actual_onshore_wind_generation,Wind Onshore,2026-08-13T16:47:47Z
2026-08-13T16:46:02Z,2026-08-13T18:46:02+0200,bbadff40-465f-4669-a5ab-d3c11bbfaf39,2026-08-06T05:15:00Z,2026-08-06T07:15:00+0200,2225.58,MW,FR,FR,actual_onshore_wind_generation,Wind Onshore,2026-08-13T16:47:47Z
2026-08-13T16:46:02Z,2026-08-13T18:46:02+0200,bbadff40-465f-4669-a5ab-d3c11bbfaf39,2026-08-06T05:30:00Z,2026-08-06T07:30:00+0200,2107.57,MW,FR,FR,actual_onshore_wind_generation,Wind Onshore,2026-08-13T16:47:47Z
2026-08-13T16:46:02Z,2026-08-13T18:46:02+0200,bbadff40-465f-4669-a5ab-d3c11bbfaf39,2026-08-06T05:45:00Z,2026-08-06T07:45:00+0200,1963.27,MW,FR,FR,actual_onshore_wind_generation,Wind Onshore,2026-08-13T16:47:47Z
2026-08-13T16:46:02Z,2026-08-13T18:46:02+0200,bbadff40-465f-4669-a5ab-d3c11bbfaf39,2026-08-06T06:00:00Z,2026-08-06T08:00:00+0200,1800.15,MW,FR,FR,actual_onshore_wind_generation,Wind Onshore,2026-08-13T16:47:47Z
2026-08-13T16:46:02Z,2026-08-13T18:46:02+0200,bbadff40-465f-4669-a5ab-d3c11bbfaf39,2026-08-06T06:15:00Z,2026-08-06T08:15:00+0200,1596.64,MW,FR,FR,actual_onshore_wind_generation,Wind Onshore,2026-08-13T16:47:47Z
2026-08-13T16:46:02Z,2026-08-13T18:46:02+0200,bbadff40-465f-4669-a5ab-d3c11bbfaf39,2026-08-06T06:30:00Z,2026-08-06T08:30:00+0200,1388.45,MW,FR,FR,actual_onshore_wind_generation,Wind Onshore,2026-08-13T16:47:47Z
2026-08-13T16:46:02Z,2026-08-13T18:46:02+0200,bbadff40-465f-4669-a5ab-d3c11bbfaf39,2026-08-06T06:45:00Z,2026-08-06T08:45:00+0200,1262.48,MW,FR,FR,actual_onshore_wind_generation,Wind Onshore,2026-08-13T16:47:47Z
2026-08-13T16:46:02Z,2026-08-13T18:46:02+0200,bbadff40-465f-4669-a5ab-d3c11bbfaf39,2026-08-06T07:00:00Z,2026-08-06T09:00:00+0200,1202.69,MW,FR,FR,actual_onshore_wind_generation,Wind Onshore,2026-08-13T16:47:47Z
2026-08-13T16:46:02Z,2026-08-13T18:46:02+0200,bbadff40-465f-4669-a5ab-d3c11bbfaf39,2026-08-06T07:15:00Z,2026-08-06T09:15:00+0200,1201.53,MW,FR,FR,actual_onshore_wind_generation,Wind Onshore,2026-08-13T16:47:47Z
2026-08-13T16:46:02Z,2026-08-13T18:46:02+0200,bbadff40-465f-4669-a5ab-d3c11bbfaf39,2026-08-06T07:30:00Z,2026-08-06T09:30:00+0200,1246.09,MW,FR,FR,actual_onshore_wind_generation,Wind Onshore,2026-08-13T16:47:47Z
2026-08-13T16:46:02Z,2026-08-13T18:46:02+0200,bbadff40-465f-4669-a5ab-d3c11bbfaf39,2026-08-06T07:45:00Z,2026-08-06T09:45:00+0200,1345.01,MW,FR,FR,actual_onshore_wind_generation,Wind Onshore,2026-08-13T16:47:47Z
2026-08-13T16:46:02Z,2026-08-13T18:46:02+0200,bbadff40-465f-4669-a5ab-d3c11bbfaf39,2026-08-06T08:00:00Z,2026-08-06T10:00:00+0200,1433.37,MW,FR,FR,actual_onshore_wind_generation,Wind Onshore,2026-08-13T16:47:47Z
2026-08-13T16:46:02Z,2026-08-13T18:46:02+0200,bbadff40-465f-4669-a5ab-d3c11bbfaf39,2026-08-06T08:15:00Z,2026-08-06T10:15:00+0200,1490.98,MW,FR,FR,actual_onshore_wind_generation,Wind Onshore,2026-08-13T16:47:47Z
2026-08-13T16:46:02Z,2026-08-13T18:46:02+0200,bbadff40-465f-4669-a5ab-d3c11bbfaf39,2026-08-06T08:30:00Z,2026-08-06T10:30:00+0200,1541.13,MW,FR,FR,actual_onshore_wind_generation,Wind Onshore,2026-08-13T16:47:47Z
2026-08-13T16:46:02Z,2026-08-13T18:46:02+0200,bbadff40-465f-4669-a5ab-d3c11bbfaf39,2026-08-06T08:45:00Z,2026-08-06T10:45:00+0200,1612.94,MW,FR,FR,actual_onshore_wind_generation,Wind Onshore,2026-08-13T16:47:47Z
2026-08-13T16:46:02Z,2026-08-13T18:46:02+0200,bbadff40-465f-4669-a5ab-d3c11bbfaf39,2026-08-06T09:00:00Z,2026-08-06T11:00:00+0200,1699.19,MW,FR,FR,actual_onshore_wind_generation,Wind Onshore,2026-08-13T16:47:47Z
2026-08-13T16:46:02Z,2026-08-13T18:46:02+0200,bbadff40-465f-4669-a5ab-d3c11bbfaf39,2026-08-06T09:15:00Z,2026-08-06T11:15:00+0200,1700.73,MW,FR,FR,actual_onshore_wind_generation,Wind Onshore,2026-08-13T16:47:47Z
2026-08-13T16:46:02Z,2026-08-13T18:46:02+0200,bbadff40-465f-4669-a5ab-d3c11bbfaf39,2026-08-06T09:30:00Z,2026-08-06T11:30:00+0200,1770.41,MW,FR,FR,actual_onshore_wind_generation,Wind Onshore,2026-08-13T16:47:47Z
2026-08-13T16:46:02Z,2026-08-13T18:46:02+0200,bbadff40-465f-4669-a5ab-d3c11bbfaf39,2026-08-06T09:45:00Z,2026-08-06T11:45:00+0200,1815.44,MW,FR,FR,actual_onshore_wind_generation,Wind Onshore,2026-08-13T16:47:47Z
2026-08-13T16:46:02Z,2026-08-13T18:46:02+0200,bbadff40-465f-4669-a5ab-d3c11bbfaf39,2026-08-06T10:00:00Z,2026-08-06T12:00:00+0200,1886.42,MW,FR,FR,actual_onshore_wind_generation,Wind Onshore,2026-08-13T16:47:47Z
2026-08-13T16:46:02Z,2026-08-13T18:46:02+0200,bbadff40-465f-4669-a5ab-d3c11bbfaf39,2026-08-06T10:15:00Z,2026-08-06T12:15:00+0200,2038.42,MW,FR,FR,actual_onshore_wind_generation,Wind Onshore,2026-08-13T16:47:47Z
2026-08-13T16:46:02Z,2026-08-13T18:46:02+0200,bbadff40-465f-4669-a5ab-d3c11bbfaf39,2026-08-06T10:30:00Z,2026-08-06T12:30:00+0200,2147.12,MW,FR,FR,actual_onshore_wind_generation,Wind Onshore,2026-08-13T16:47:47Z
2026-08-13T16:46:02Z,2026-08-13T18:46:02+0200,bbadff40-465f-4669-a5ab-d3c11bbfaf39,2026-08-06T10:45:00Z,2026-08-06T12:45:00+0200,2238.17,MW,FR,FR,actual_onshore_wind_generation,Wind Onshore,2026-08-13T16:47:47Z
2026-08-13T16:46:02Z,2026-08-13T18:46:02+0200,bbadff40-465f-4669-a5ab-d3c11bbfaf39,2026-08-06T11:00:00Z,2026-08-06T13:00:00+0200,2385.11,MW,FR,FR,actual_onshore_wind_generation,Wind Onshore,2026-08-13T16:47:47Z
2026-08-13T16:46:02Z,2026-08-13T18:46:02+0200,bbadff40-465f-4669-a5ab-d3c11bbfaf39,2026-08-06T11:15:00Z,2026-08-06T13:15:00+0200,2452.28,MW,FR,FR,actual_onshore_wind_generation,Wind Onshore,2026-08-13T16:47:47Z
2026-08-13T16:46:02Z,2026-08-13T18:46:02+0200,bbadff40-465f-4669-a5ab-d3c11bbfaf39,2026-08-06T11:30:00Z,2026-08-06T13:30:00+0200,2502.52,MW,FR,FR,actual_onshore_wind_generation,Wind Onshore,2026-08-13T16:47:47Z
2026-08-13T16:46:02Z,2026-08-13T18:46:02+0200,bbadff40-465f-4669-a5ab-d3c11bbfaf39,2026-08-06T11:45:00Z,2026-08-06T13:45:00+0200,2517.43,MW,FR,FR,actual_onshore_wind_generation,Wind Onshore,2026-08-13T16:47:47Z
2026-08-13T16:46:02Z,2026-08-13T18:46:02+0200,bbadff40-465f-4669-a5ab-d3c11bbfaf39,2026-08-06T12:00:00Z,2026-08-06T14:00:00+0200,2592.47,MW,FR,FR,actual_onshore_wind_generation,Wind Onshore,2026-08-13T16:47:47Z
2026-08-13T16:46:02Z,2026-08-13T18:46:02+0200,bbadff40-465f-4669-a5ab-d3c11bbfaf39,2026-08-06T12:15:00Z,2026-08-06T14:15:00+0200,2642.06,MW,FR,FR,actual_onshore_wind_generation,Wind Onshore,2026-08-13T16:47:47Z
2026-08-13T16:46:02Z,2026-08-13T18:46:02+0200,bbadff40-465f-4669-a5ab-d3c11bbfaf39,2026-08-06T12:30:00Z,2026-08-06T14:30:00+0200,2659.96,MW,FR,FR,actual_onshore_wind_generation,Wind Onshore,2026-08-13T16:47:47Z
2026-08-13T16:46:02Z,2026-08-13T18:46:02+0200,bbadff40-465f-4669-a5ab-d3c11bbfaf39,2026-08-06T12:45:00Z,2026-08-06T14:45:00+0200,2782.42,MW,FR,FR,actual_onshore_wind_generation,Wind Onshore,2026-08-13T16:47:47Z
2026-08-13T16:46:02Z,2026-08-13T18:46:02+0200,bbadff40-465f-4669-a5ab-d3c11bbfaf39,2026-08-06T13:00:00Z,2026-08-06T15:00:00+0200,2840.44,MW,FR,FR,actual_onshore_wind_generation,Wind Onshore,2026-08-13T16:47:47Z
2026-08-13T16:46:02Z,2026-08-13T18:46:02+0200,bbadff40-465f-4669-a5ab-d3c11bbfaf39,2026-08-06T13:15:00Z,2026-08-06T15:15:00+0200,2962.49,MW,FR,FR,actual_onshore_wind_generation,Wind Onshore,2026-08-13T16:47:47Z
2026-08-13T16:46:02Z,2026-08-13T18:46:02+0200,bbadff40-465f-4669-a5ab-d3c11bbfaf39,2026-08-06T13:30:00Z,2026-08-06T15:30:00+0200,2979.91,MW,FR,FR,actual_onshore_wind_generation,Wind Onshore,2026-08-13T16:47:47Z
2026-08-13T16:46:02Z,2026-08-13T18:46:02+0200,bbadff40-465f-4669-a5ab-d3c11bbfaf39,2026-08-06T13:45:00Z,2026-08-06T15:45:00+0200,3081.71,MW,FR,FR,actual_onshore_wind_generation,Wind Onshore,2026-08-13T16:47:47Z
2026-08-13T16:46:02Z,2026-08-13T18:46:02+0200,bbadff40-465f-4669-a5ab-d3c11bbfaf39,2026-08-06T14:00:00Z,2026-08-06T16:00:00+0200,3090.12,MW,FR,FR,actual_onshore_wind_generation,Wind Onshore,2026-08-13T16:47:47Z
2026-08-13T16:46:02Z,2026-08-13T18:46:02+0200,bbadff40-465f-4669-a5ab-d3c11bbfaf39,2026-08-06T14:15:00Z,2026-08-06T16:15:00+0200,3213.85,MW,FR,FR,actual_onshore_wind_generation,Wind Onshore,2026-08-13T16:47:47Z
2026-08-13T16:46:02Z,2026-08-13T18:46:02+0200,bbadff40-465f-4669-a5ab-d3c11bbfaf39,2026-08-06T14:30:00Z,2026-08-06T16:30:00+0200,3199.52,MW,FR,FR,actual_onshore_wind_generation,Wind Onshore,2026-08-13T16:47:47Z
2026-08-13T16:46:02Z,2026-08-13T18:46:02+0200,bbadff40-465f-4669-a5ab-d3c11bbfaf39,2026-08-06T14:45:00Z,2026-08-06T16:45:00+0200,3225.59,MW,FR,FR,actual_onshore_wind_generation,Wind Onshore,2026-08-13T16:47:47Z
2026-08-13T16:46:02Z,2026-08-13T18:46:02+0200,bbadff40-465f-4669-a5ab-d3c11bbfaf39,2026-08-06T15:00:00Z,2026-08-06T17:00:00+0200,3304.9,MW,FR,FR,actual_onshore_wind_generation,Wind Onshore,2026-08-13T16:47:47Z
2026-08-13T16:46:02Z,2026-08-13T18:46:02+0200,bbadff40-465f-4669-a5ab-d3c11bbfaf39,2026-08-06T15:15:00Z,2026-08-06T17:15:00+0200,3258.87,MW,FR,FR,actual_onshore_wind_generation,Wind Onshore,2026-08-13T16:47:47Z
2026-08-13T16:46:02Z,2026-08-13T18:46:02+0200,bbadff40-465f-4669-a5ab-d3c11bbfaf39,2026-08-06T15:30:00Z,2026-08-06T17:30:00+0200,3349.66,MW,FR,FR,actual_onshore_wind_generation,Wind Onshore,2026-08-13T16:47:47Z
2026-08-13T16:46:02Z,2026-08-13T18:46:02+0200,bbadff40-465f-4669-a5ab-d3c11bbfaf39,2026-08-06T15:45:00Z,2026-08-06T17:45:00+0200,3343.86,MW,FR,FR,actual_onshore_wind_generation,Wind Onshore,2026-08-13T16:47:47Z
2026-08-13T16:46:02Z,2026-08-13T18:46:02+0200,bbadff40-465f-4669-a5ab-d3c11bbfaf39,2026-08-06T16:00:00Z,2026-08-06T18:00:00+0200,3377.36,MW,FR,FR,actual_onshore_wind_generation,Wind Onshore,2026-08-13T16:47:47Z
2026-08-13T16:46:02Z,2026-08-13T18:46:02+0200,bbadff40-465f-4669-a5ab-d3c11bbfaf39,2026-08-06T16:15:00Z,2026-08-06T18:15:00+0200,3381.54,MW,FR,FR,actual_onshore_wind_generation,Wind Onshore,2026-08-13T16:47:47Z
2026-08-13T16:46:02Z,2026-08-13T18:46:02+0200,bbadff40-465f-4669-a5ab-d3c11bbfaf39,2026-08-06T16:30:00Z,2026-08-06T18:30:00+0200,3377.11,MW,FR,FR,actual_onshore_wind_generation,Wind Onshore,2026-08-13T16:47:47Z
2026-08-13T16:46:02Z,2026-08-13T18:46:02+0200,bbadff40-465f-4669-a5ab-d3c11bbfaf39,2026-08-06T16:45:00Z,2026-08-06T18:45:00+0200,3366.18,MW,FR,FR,actual_onshore_wind_generation,Wind Onshore,2026-08-13T16:47:47Z
2026-08-13T16:46:02Z,2026-08-13T18:46:02+0200,bbadff40-465f-4669-a5ab-d3c11bbfaf39,2026-08-06T17:00:00Z,2026-08-06T19:00:00+0200,3322.35,MW,FR,FR,actual_onshore_wind_generation,Wind Onshore,2026-08-13T16:47:47Z
2026-08-13T16:46:02Z,2026-08-13T18:46:02+0200,bbadff40-465f-4669-a5ab-d3c11bbfaf39,2026-08-06T17:15:00Z,2026-08-06T19:15:00+0200,3356.41,MW,FR,FR,actual_onshore_wind_generation,Wind Onshore,2026-08-13T16:47:47Z
2026-08-13T16:46:02Z,2026-08-13T18:46:02+0200,bbadff40-465f-4669-a5ab-d3c11bbfaf39,2026-08-06T17:30:00Z,2026-08-06T19:30:00+0200,3468.51,MW,FR,FR,actual_onshore_wind_generation,Wind Onshore,2026-08-13T16:47:47Z
2026-08-13T16:46:02Z,2026-08-13T18:46:02+0200,bbadff40-465f-4669-a5ab-d3c11bbfaf39,2026-08-06T17:45:00Z,2026-08-06T19:45:00+0200,3509.85,MW,FR,FR,actual_onshore_wind_generation,Wind Onshore,2026-08-13T16:47:47Z
2026-08-13T16:46:02Z,2026-08-13T18:46:02+0200,bbadff40-465f-4669-a5ab-d3c11bbfaf39,2026-08-06T18:00:00Z,2026-08-06T20:00:00+0200,3583.62,MW,FR,FR,actual_onshore_wind_generation,Wind Onshore,2026-08-13T16:47:47Z
2026-08-13T16:46:02Z,2026-08-13T18:46:02+0200,bbadff40-465f-4669-a5ab-d3c11bbfaf39,2026-08-06T18:15:00Z,2026-08-06T20:15:00+0200,3586.91,MW,FR,FR,actual_onshore_wind_generation,Wind Onshore,2026-08-13T16:47:47Z
2026-08-13T16:46:02Z,2026-08-13T18:46:02+0200,bbadff40-465f-4669-a5ab-d3c11bbfaf39,2026-08-06T18:30:00Z,2026-08-06T20:30:00+0200,3630.73,MW,FR,FR,actual_onshore_wind_generation,Wind Onshore,2026-08-13T16:47:47Z
2026-08-13T16:46:02Z,2026-08-13T18:46:02+0200,bbadff40-465f-4669-a5ab-d3c11bbfaf39,2026-08-06T18:45:00Z,2026-08-06T20:45:00+0200,3725.96,MW,FR,FR,actual_onshore_wind_generation,Wind Onshore,2026-08-13T16:47:47Z
2026-08-13T16:46:02Z,2026-08-13T18:46:02+0200,bbadff40-465f-4669-a5ab-d3c11bbfaf39,2026-08-06T19:00:00Z,2026-08-06T21:00:00+0200,3778.18,MW,FR,FR,actual_onshore_wind_generation,Wind Onshore,2026-08-13T16:47:47Z
2026-08-13T16:46:02Z,2026-08-13T18:46:02+0200,bbadff40-465f-4669-a5ab-d3c11bbfaf39,2026-08-06T19:15:00Z,2026-08-06T21:15:00+0200,3739.18,MW,FR,FR,actual_onshore_wind_generation,Wind Onshore,2026-08-13T16:47:47Z
2026-08-13T16:46:02Z,2026-08-13T18:46:02+0200,bbadff40-465f-4669-a5ab-d3c11bbfaf39,2026-08-06T19:30:00Z,2026-08-06T21:30:00+0200,3821.57,MW,FR,FR,actual_onshore_wind_generation,Wind Onshore,2026-08-13T16:47:47Z
2026-08-13T16:46:02Z,2026-08-13T18:46:02+0200,bbadff40-465f-4669-a5ab-d3c11bbfaf39,2026-08-06T19:45:00Z,2026-08-06T21:45:00+0200,4022.23,MW,FR,FR,actual_onshore_wind_generation,Wind Onshore,2026-08-13T16:47:47Z
2026-08-13T16:46:02Z,2026-08-13T18:46:02+0200,bbadff40-465f-4669-a5ab-d3c11bbfaf39,2026-08-06T20:00:00Z,2026-08-06T22:00:00+0200,4261.13,MW,FR,FR,actual_onshore_wind_generation,Wind Onshore,2026-08-13T16:47:47Z
2026-08-13T16:46:02Z,2026-08-13T18:46:02+0200,bbadff40-465f-4669-a5ab-d3c11bbfaf39,2026-08-06T20:15:00Z,2026-08-06T22:15:00+0200,4597.35,MW,FR,FR,actual_onshore_wind_generation,Wind Onshore,2026-08-13T16:47:47Z
2026-08-13T16:46:02Z,2026-08-13T18:46:02+0200,bbadff40-465f-4669-a5ab-d3c11bbfaf39,2026-08-06T20:30:00Z,2026-08-06T22:30:00+0200,4840.4,MW,FR,FR,actual_onshore_wind_generation,Wind Onshore,2026-08-13T16:47:47Z
2026-08-13T16:46:02Z,2026-08-13T18:46:02+0200,bbadff40-465f-4669-a5ab-d3c11bbfaf39,2026-08-06T20:45:00Z,2026-08-06T22:45:00+0200,5071.83,MW,FR,FR,actual_onshore_wind_generation,Wind Onshore,2026-08-13T16:47:47Z
2026-08-13T16:46:02Z,2026-08-13T18:46:02+0200,bbadff40-465f-4669-a5ab-d3c11bbfaf39,2026-08-06T21:00:00Z,2026-08-06T23:00:00+0200,5238.14,MW,FR,FR,actual_onshore_wind_generation,Wind Onshore,2026-08-13T16:47:47Z
2026-08-13T16:46:02Z,2026-08-13T18:46:02+0200,bbadff40-465f-4669-a5ab-d3c11bbfaf39,2026-08-06T21:15:00Z,2026-08-06T23:15:00+0200,5376.59,MW,FR,FR,actual_onshore_wind_generation,Wind Onshore,2026-08-13T16:47:47Z
2026-08-13T16:46:02Z,2026-08-13T18:46:02+0200,bbadff40-465f-4669-a5ab-d3c11bbfaf39,2026-08-06T21:30:00Z,2026-08-06T23:30:00+0200,5474.65,MW,FR,FR,actual_onshore_wind_generation,Wind Onshore,2026-08-13T16:47:47Z
2026-08-13T16:46:02Z,2026-08-13T18:46:02+0200,bbadff40-465f-4669-a5ab-d3c11bbfaf39,2026-08-06T21:45:00Z,2026-08-06T23:45:00+0200,5514.97,MW,FR,FR,actual_onshore_wind_generation,Wind Onshore,2026-08-13T16:47:47Z
2026-08-13T16:46:02Z,2026-08-13T18:46:02+0200,bbadff40-465f-4669-a5ab-d3c11bbfaf39,2026-08-06T22:00:00Z,2026-08-07T00:00:00+0200,5471.42,MW,FR,FR,actual_onshore_wind_generation,Wind Onshore,2026-08-13T16:47:47Z
2026-08-13T16:46:02Z,2026-08-13T18:46:02+0200,bbadff40-465f-4669-a5ab-d3c11bbfaf39,2026-08-06T22:15:00Z,2026-08-07T00:15:00+0200,5449.5,MW,FR,FR,actual_onshore_wind_generation,Wind Onshore,2026-08-13T16:47:47Z
2026-08-13T16:46:02Z,2026-08-13T18:46:02+0200,bbadff40-465f-4669-a5ab-d3c11bbfaf39,2026-08-06T22:30:00Z,2026-08-07T00:30:00+0200,5366.44,MW,FR,FR,actual_onshore_wind_generation,Wind Onshore,2026-08-13T16:47:47Z
2026-08-13T16:46:02Z,2026-08-13T18:46:02+0200,bbadff40-465f-4669-a5ab-d3c11bbfaf39,2026-08-06T22:45:00Z,2026-08-07T00:45:00+0200,5312.46,MW,FR,FR,actual_onshore_wind_generation,Wind Onshore,2026-08-13T16:47:47Z
2026-08-13T16:46:02Z,2026-08-13T18:46:02+0200,bbadff40-465f-4669-a5ab-d3c11bbfaf39,2026-08-06T23:00:00Z,2026-08-07T01:00:00+0200,5264.24,MW,FR,FR,actual_onshore_wind_generation,Wind Onshore,2026-08-13T16:47:47Z
2026-08-13T16:46:02Z,2026-08-13T18:46:02+0200,bbadff40-465f-4669-a5ab-d3c11bbfaf39,2026-08-06T23:15:00Z,2026-08-07T01:15:00+0200,5139.14,MW,FR,FR,actual_onshore_wind_generation,Wind Onshore,2026-08-13T16:47:47Z
2026-08-13T16:46:02Z,2026-08-13T18:46:02+0200,bbadff40-465f-4669-a5ab-d3c11bbfaf39,2026-08-06T23:30:00Z,2026-08-07T01:30:00+0200,4979.57,MW,FR,FR,actual_onshore_wind_generation,Wind Onshore,2026-08-13T16:47:47Z
2026-08-13T16:46:02Z,2026-08-13T18:46:02+0200,bbadff40-465f-4669-a5ab-d3c11bbfaf39,2026-08-06T23:45:00Z,2026-08-07T01:45:00+0200,4807.23,MW,FR,FR,actual_onshore_wind_generation,Wind Onshore,2026-08-13T16:47:47Z
2026-08-13T16:46:02Z,2026-08-13T18:46:02+0200,bbadff40-465f-4669-a5ab-d3c11bbfaf39,2026-08-07T00:00:00Z,2026-08-07T02:00:00+0200,4705.13,MW,FR,FR,actual_onshore_wind_generation,Wind Onshore,2026-08-13T16:47:47Z
2026-08-13T16:46:02Z,2026-08-13T18:46:02+0200,bbadff40-465f-4669-a5ab-d3c11bbfaf39,2026-08-07T00:15:00Z,2026-08-07T02:15:00+0200,4681.52,MW,FR,FR,actual_onshore_wind_generation,Wind Onshore,2026-08-13T16:47:47Z
2026-08-13T16:46:02Z,2026-08-13T18:46:02+0200,bbadff40-465f-4669-a5ab-d3c11bbfaf39,2026-08-07T00:30:00Z,2026-08-07T02:30:00+0200,4592.06,MW,FR,FR,actual_onshore_wind_generation,Wind Onshore,2026-08-13T16:47:47Z
2026-08-13T16:46:02Z,2026-08-13T18:46:02+0200,bbadff40-465f-4669-a5ab-d3c11bbfaf39,2026-08-07T00:45:00Z,2026-08-07T02:45:00+0200,4471.52,MW,FR,FR,actual_onshore_wind_generation,Wind Onshore,2026-08-13T16:47:47Z
2026-08-13T16:46:02Z,2026-08-13T18:46:02+0200,bbadff40-465f-4669-a5ab-d3c11bbfaf39,2026-08-07T01:00:00Z,2026-08-07T03:00:00+0200,4365.33,MW,FR,FR,actual_onshore_wind_generation,Wind Onshore,2026-08-13T16:47:47Z
2026-08-13T16:46:02Z,2026-08-13T18:46:02+0200,bbadff40-465f-4669-a5ab-d3c11bbfaf39,2026-08-07T01:15:00Z,2026-08-07T03:15:00+0200,4263.81,MW,FR,FR,actual_onshore_wind_generation,Wind Onshore,2026-08-13T16:47:47Z
2026-08-13T16:46:02Z,2026-08-13T18:46:02+0200,bbadff40-465f-4669-a5ab-d3c11bbfaf39,2026-08-07T01:30:00Z,2026-08-07T03:30:00+0200,4129.4,MW,FR,FR,actual_onshore_wind_generation,Wind Onshore,2026-08-13T16:47:47Z
2026-08-13T16:46:02Z,2026-08-13T18:46:02+0200,bbadff40-465f-4669-a5ab-d3c11bbfaf39,2026-08-07T01:45:00Z,2026-08-07T03:45:00+0200,4009.36,MW,FR,FR,actual_onshore_wind_generation,Wind Onshore,2026-08-13T16:47:47Z
2026-08-13T16:46:02Z,2026-08-13T18:46:02+0200,bbadff40-465f-4669-a5ab-d3c11bbfaf39,2026-08-07T02:00:00Z,2026-08-07T04:00:00+0200,3886.67,MW,FR,FR,actual_onshore_wind_generation,Wind Onshore,2026-08-13T16:47:47Z
2026-08-13T16:46:02Z,2026-08-13T18:46:02+0200,bbadff40-465f-4669-a5ab-d3c11bbfaf39,2026-08-07T02:15:00Z,2026-08-07T04:15:00+0200,3731.99,MW,FR,FR,actual_onshore_wind_generation,Wind Onshore,2026-08-13T16:47:47Z
2026-08-13T16:46:02Z,2026-08-13T18:46:02+0200,bbadff40-465f-4669-a5ab-d3c11bbfaf39,2026-08-07T02:30:00Z,2026-08-07T04:30:00+0200,3537.01,MW,FR,FR,actual_onshore_wind_generation,Wind Onshore,2026-08-13T16:47:47Z
2026-08-13T16:46:02Z,2026-08-13T18:46:02+0200,bbadff40-465f-4669-a5ab-d3c11bbfaf39,2026-08-07T02:45:00Z,2026-08-07T04:45:00+0200,3394.25,MW,FR,FR,actual_onshore_wind_generation,Wind Onshore,2026-08-13T16:47:47Z
2026-08-13T16:46:02Z,2026-08-13T18:46:02+0200,bbadff40-465f-4669-a5ab-d3c11bbfaf39,2026-08-07T03:00:00Z,2026-08-07T05:00:00+0200,3300.38,MW,FR,FR,actual_onshore_wind_generation,Wind Onshore,2026-08-13T16:47:47Z
2026-08-13T16:46:02Z,2026-08-13T18:46:02+0200,bbadff40-465f-4669-a5ab-d3c11bbfaf39,2026-08-07T03:15:00Z,2026-08-07T05:15:00+0200,3212.28,MW,FR,FR,actual_onshore_wind_generation,Wind Onshore,2026-08-13T16:47:47Z
2026-08-13T16:46:02Z,2026-08-13T18:46:02+0200,bbadff40-465f-4669-a5ab-d3c11bbfaf39,2026-08-07T03:30:00Z,2026-08-07T05:30:00+0200,3168.5,MW,FR,FR,actual_onshore_wind_generation,Wind Onshore,2026-08-13T16:47:47Z
2026-08-13T16:46:02Z,2026-08-13T18:46:02+0200,bbadff40-465f-4669-a5ab-d3c11bbfaf39,2026-08-07T03:45:00Z,2026-08-07T05:45:00+0200,3124.9,MW,FR,FR,actual_onshore_wind_generation,Wind Onshore,2026-08-13T16:47:47Z
2026-08-13T16:46:02Z,2026-08-13T18:46:02+0200,bbadff40-465f-4669-a5ab-d3c11bbfaf39,2026-08-07T04:00:00Z,2026-08-07T06:00:00+0200,3083.22,MW,FR,FR,actual_onshore_wind_generation,Wind Onshore,2026-08-13T16:47:47Z
2026-08-13T16:46:02Z,2026-08-13T18:46:02+0200,bbadff40-465f-4669-a5ab-d3c11bbfaf39,2026-08-07T04:15:00Z,2026-08-07T06:15:00+0200,3007.86,MW,FR,FR,actual_onshore_wind_generation,Wind Onshore,2026-08-13T16:47:47Z
2026-08-13T16:46:02Z,2026-08-13T18:46:02+0200,bbadff40-465f-4669-a5ab-d3c11bbfaf39,2026-08-07T04:30:00Z,2026-08-07T06:30:00+0200,2955.86,MW,FR,FR,actual_onshore_wind_generation,Wind Onshore,2026-08-13T16:47:47Z
2026-08-13T16:46:02Z,2026-08-13T18:46:02+0200,bbadff40-465f-4669-a5ab-d3c11bbfaf39,2026-08-07T04:45:00Z,2026-08-07T06:45:00+0200,2954.31,MW,FR,FR,actual_onshore_wind_generation,Wind Onshore,2026-08-13T16:47:47Z
2026-08-13T16:46:02Z,2026-08-13T18:46:02+0200,bbadff40-465f-4669-a5ab-d3c11bbfaf39,2026-08-07T05:00:00Z,2026-08-07T07:00:00+0200,2932.7,MW,FR,FR,actual_onshore_wind_generation,Wind Onshore,2026-08-13T16:47:47Z
2026-08-13T16:46:02Z,2026-08-13T18:46:02+0200,bbadff40-465f-4669-a5ab-d3c11bbfaf39,2026-08-07T05:15:00Z,2026-08-07T07:15:00+0200,2856.03,MW,FR,FR,actual_onshore_wind_generation,Wind Onshore,2026-08-13T16:47:47Z
2026-08-13T16:46:02Z,2026-08-13T18:46:02+0200,bbadff40-465f-4669-a5ab-d3c11bbfaf39,2026-08-07T05:30:00Z,2026-08-07T07:30:00+0200,2773.77,MW,FR,FR,actual_onshore_wind_generation,Wind Onshore,2026-08-13T16:47:47Z
2026-08-13T16:46:02Z,2026-08-13T18:46:02+0200,bbadff40-465f-4669-a5ab-d3c11bbfaf39,2026-08-07T05:45:00Z,2026-08-07T07:45:00+0200,2666.68,MW,FR,FR,actual_onshore_wind_generation,Wind Onshore,2026-08-13T16:47:47Z
2026-08-13T16:46:02Z,2026-08-13T18:46:02+0200,bbadff40-465f-4669-a5ab-d3c11bbfaf39,2026-08-07T06:00:00Z,2026-08-07T08:00:00+0200,2421.36,MW,FR,FR,actual_onshore_wind_generation,Wind Onshore,2026-08-13T16:47:47Z
2026-08-13T16:46:02Z,2026-08-13T18:46:02+0200,bbadff40-465f-4669-a5ab-d3c11bbfaf39,2026-08-07T06:15:00Z,2026-08-07T08:15:00+0200,2131.07,MW,FR,FR,actual_onshore_wind_generation,Wind Onshore,2026-08-13T16:47:47Z
2026-08-13T16:46:02Z,2026-08-13T18:46:02+0200,bbadff40-465f-4669-a5ab-d3c11bbfaf39,2026-08-07T06:30:00Z,2026-08-07T08:30:00+0200,1898.99,MW,FR,FR,actual_onshore_wind_generation,Wind Onshore,2026-08-13T16:47:47Z
2026-08-13T16:46:02Z,2026-08-13T18:46:02+0200,bbadff40-465f-4669-a5ab-d3c11bbfaf39,2026-08-07T06:45:00Z,2026-08-07T08:45:00+0200,1686.83,MW,FR,FR,actual_onshore_wind_generation,Wind Onshore,2026-08-13T16:47:47Z
2026-08-13T16:46:02Z,2026-08-13T18:46:02+0200,bbadff40-465f-4669-a5ab-d3c11bbfaf39,2026-08-07T07:00:00Z,2026-08-07T09:00:00+0200,1513.44,MW,FR,FR,actual_onshore_wind_generation,Wind Onshore,2026-08-13T16:47:47Z
2026-08-13T16:46:02Z,2026-08-13T18:46:02+0200,bbadff40-465f-4669-a5ab-d3c11bbfaf39,2026-08-07T07:15:00Z,2026-08-07T09:15:00+0200,1426.52,MW,FR,FR,actual_onshore_wind_generation,Wind Onshore,2026-08-13T16:47:47Z
2026-08-13T16:46:02Z,2026-08-13T18:46:02+0200,bbadff40-465f-4669-a5ab-d3c11bbfaf39,2026-08-07T07:30:00Z,2026-08-07T09:30:00+0200,1367.22,MW,FR,FR,actual_onshore_wind_generation,Wind Onshore,2026-08-13T16:47:47Z
2026-08-13T16:46:02Z,2026-08-13T18:46:02+0200,bbadff40-465f-4669-a5ab-d3c11bbfaf39,2026-08-07T07:45:00Z,2026-08-07T09:45:00+0200,1302.78,MW,FR,FR,actual_onshore_wind_generation,Wind Onshore,2026-08-13T16:47:47Z
2026-08-13T16:46:02Z,2026-08-13T18:46:02+0200,bbadff40-465f-4669-a5ab-d3c11bbfaf39,2026-08-07T08:00:00Z,2026-08-07T10:00:00+0200,1302.71,MW,FR,FR,actual_onshore_wind_generation,Wind Onshore,2026-08-13T16:47:47Z
2026-08-13T16:46:02Z,2026-08-13T18:46:02+0200,bbadff40-465f-4669-a5ab-d3c11bbfaf39,2026-08-07T08:15:00Z,2026-08-07T10:15:00+0200,1269.34,MW,FR,FR,actual_onshore_wind_generation,Wind Onshore,2026-08-13T16:47:47Z
2026-08-13T16:46:02Z,2026-08-13T18:46:02+0200,bbadff40-465f-4669-a5ab-d3c11bbfaf39,2026-08-07T08:30:00Z,2026-08-07T10:30:00+0200,1214.62,MW,FR,FR,actual_onshore_wind_generation,Wind Onshore,2026-08-13T16:47:47Z
2026-08-13T16:46:02Z,2026-08-13T18:46:02+0200,bbadff40-465f-4669-a5ab-d3c11bbfaf39,2026-08-07T08:45:00Z,2026-08-07T10:45:00+0200,1148.3,MW,FR,FR,actual_onshore_wind_generation,Wind Onshore,2026-08-13T16:47:47Z
2026-08-13T16:46:02Z,2026-08-13T18:46:02+0200,bbadff40-465f-4669-a5ab-d3c11bbfaf39,2026-08-07T09:00:00Z,2026-08-07T11:00:00+0200,1122.24,MW,FR,FR,actual_onshore_wind_generation,Wind Onshore,2026-08-13T16:47:47Z
2026-08-13T16:46:02Z,2026-08-13T18:46:02+0200,bbadff40-465f-4669-a5ab-d3c11bbfaf39,2026-08-07T09:15:00Z,2026-08-07T11:15:00+0200,1096.77,MW,FR,FR,actual_onshore_wind_generation,Wind Onshore,2026-08-13T16:47:47Z
2026-08-13T16:46:02Z,2026-08-13T18:46:02+0200,bbadff40-465f-4669-a5ab-d3c11bbfaf39,2026-08-07T09:30:00Z,2026-08-07T11:30:00+0200,1072.25,MW,FR,FR,actual_onshore_wind_generation,Wind Onshore,2026-08-13T16:47:47Z
2026-08-13T16:46:02Z,2026-08-13T18:46:02+0200,bbadff40-465f-4669-a5ab-d3c11bbfaf39,2026-08-07T09:45:00Z,2026-08-07T11:45:00+0200,1048.13,MW,FR,FR,actual_onshore_wind_generation,Wind Onshore,2026-08-13T16:47:47Z
2026-08-13T16:46:02Z,2026-08-13T18:46:02+0200,bbadff40-465f-4669-a5ab-d3c11bbfaf39,2026-08-07T10:00:00Z,2026-08-07T12:00:00+0200,1025.9,MW,FR,FR,actual_onshore_wind_generation,Wind Onshore,2026-08-13T16:47:47Z
2026-08-13T16:46:02Z,2026-08-13T18:46:02+0200,bbadff40-465f-4669-a5ab-d3c11bbfaf39,2026-08-07T10:15:00Z,2026-08-07T12:15:00+0200,1036.93,MW,FR,FR,actual_onshore_wind_generation,Wind Onshore,2026-08-13T16:47:47Z
2026-08-13T16:46:02Z,2026-08-13T18:46:02+0200,bbadff40-465f-4669-a5ab-d3c11bbfaf39,2026-08-07T10:30:00Z,2026-08-07T12:30:00+0200,1051.66,MW,FR,FR,actual_onshore_wind_generation,Wind Onshore,2026-08-13T16:47:47Z
2026-08-13T16:46:02Z,2026-08-13T18:46:02+0200,bbadff40-465f-4669-a5ab-d3c11bbfaf39,2026-08-07T10:45:00Z,2026-08-07T12:45:00+0200,1059.64,MW,FR,FR,actual_onshore_wind_generation,Wind Onshore,2026-08-13T16:47:47Z
2026-08-13T16:46:02Z,2026-08-13T18:46:02+0200,bbadff40-465f-4669-a5ab-d3c11bbfaf39,2026-08-07T11:00:00Z,2026-08-07T13:00:00+0200,1062.54,MW,FR,FR,actual_onshore_wind_generation,Wind Onshore,2026-08-13T16:47:47Z
2026-08-13T16:46:02Z,2026-08-13T18:46:02+0200,bbadff40-465f-4669-a5ab-d3c11bbfaf39,2026-08-07T11:15:00Z,2026-08-07T13:15:00+0200,1033.07,MW,FR,FR,actual_onshore_wind_generation,Wind Onshore,2026-08-13T16:47:47Z
2026-08-13T16:46:02Z,2026-08-13T18:46:02+0200,bbadff40-465f-4669-a5ab-d3c11bbfaf39,2026-08-07T11:30:00Z,2026-08-07T13:30:00+0200,1030.49,MW,FR,FR,actual_onshore_wind_generation,Wind Onshore,2026-08-13T16:47:47Z
2026-08-13T16:46:02Z,2026-08-13T18:46:02+0200,bbadff40-465f-4669-a5ab-d3c11bbfaf39,2026-08-07T11:45:00Z,2026-08-07T13:45:00+0200,1048.99,MW,FR,FR,actual_onshore_wind_generation,Wind Onshore,2026-08-13T16:47:47Z
2026-08-13T16:46:02Z,2026-08-13T18:46:02+0200,bbadff40-465f-4669-a5ab-d3c11bbfaf39,2026-08-07T12:00:00Z,2026-08-07T14:00:00+0200,1029.65,MW,FR,FR,actual_onshore_wind_generation,Wind Onshore,2026-08-13T16:47:47Z
2026-08-13T16:46:02Z,2026-08-13T18:46:02+0200,bbadff40-465f-4669-a5ab-d3c11bbfaf39,2026-08-07T12:15:00Z,2026-08-07T14:15:00+0200,1041.69,MW,FR,FR,actual_onshore_wind_generation,Wind Onshore,2026-08-13T16:47:47Z
2026-08-13T16:46:02Z,2026-08-13T18:46:02+0200,bbadff40-465f-4669-a5ab-d3c11bbfaf39,2026-08-07T12:30:00Z,2026-08-07T14:30:00+0200,1049.3,MW,FR,FR,actual_onshore_wind_generation,Wind Onshore,2026-08-13T16:47:47Z
2026-08-13T16:46:02Z,2026-08-13T18:46:02+0200,bbadff40-465f-4669-a5ab-d3c11bbfaf39,2026-08-07T12:45:00Z,2026-08-07T14:45:00+0200,1069.22,MW,FR,FR,actual_onshore_wind_generation,Wind Onshore,2026-08-13T16:47:47Z
2026-08-13T16:46:02Z,2026-08-13T18:46:02+0200,bbadff40-465f-4669-a5ab-d3c11bbfaf39,2026-08-07T13:00:00Z,2026-08-07T15:00:00+0200,1081.44,MW,FR,FR,actual_onshore_wind_generation,Wind Onshore,2026-08-13T16:47:47Z
2026-08-13T16:46:02Z,2026-08-13T18:46:02+0200,bbadff40-465f-4669-a5ab-d3c11bbfaf39,2026-08-07T13:15:00Z,2026-08-07T15:15:00+0200,1138.14,MW,FR,FR,actual_onshore_wind_generation,Wind Onshore,2026-08-13T16:47:47Z
2026-08-13T16:46:02Z,2026-08-13T18:46:02+0200,bbadff40-465f-4669-a5ab-d3c11bbfaf39,2026-08-07T13:30:00Z,2026-08-07T15:30:00+0200,1162.22,MW,FR,FR,actual_onshore_wind_generation,Wind Onshore,2026-08-13T16:47:47Z
2026-08-13T16:46:02Z,2026-08-13T18:46:02+0200,bbadff40-465f-4669-a5ab-d3c11bbfaf39,2026-08-07T13:45:00Z,2026-08-07T15:45:00+0200,1208.58,MW,FR,FR,actual_onshore_wind_generation,Wind Onshore,2026-08-13T16:47:47Z
2026-08-13T16:46:02Z,2026-08-13T18:46:02+0200,bbadff40-465f-4669-a5ab-d3c11bbfaf39,2026-08-07T14:00:00Z,2026-08-07T16:00:00+0200,1234.31,MW,FR,FR,actual_onshore_wind_generation,Wind Onshore,2026-08-13T16:47:47Z
2026-08-13T16:46:02Z,2026-08-13T18:46:02+0200,bbadff40-465f-4669-a5ab-d3c11bbfaf39,2026-08-07T14:15:00Z,2026-08-07T16:15:00+0200,1218.98,MW,FR,FR,actual_onshore_wind_generation,Wind Onshore,2026-08-13T16:47:47Z
2026-08-13T16:46:02Z,2026-08-13T18:46:02+0200,bbadff40-465f-4669-a5ab-d3c11bbfaf39,2026-08-07T14:30:00Z,2026-08-07T16:30:00+0200,1271.99,MW,FR,FR,actual_onshore_wind_generation,Wind Onshore,2026-08-13T16:47:47Z
2026-08-13T16:46:02Z,2026-08-13T18:46:02+0200,bbadff40-465f-4669-a5ab-d3c11bbfaf39,2026-08-07T14:45:00Z,2026-08-07T16:45:00+0200,1322.86,MW,FR,FR,actual_onshore_wind_generation,Wind Onshore,2026-08-13T16:47:47Z
2026-08-13T16:46:02Z,2026-08-13T18:46:02+0200,bbadff40-465f-4669-a5ab-d3c11bbfaf39,2026-08-07T15:00:00Z,2026-08-07T17:00:00+0200,1381.75,MW,FR,FR,actual_onshore_wind_generation,Wind Onshore,2026-08-13T16:47:47Z
2026-08-13T16:46:02Z,2026-08-13T18:46:02+0200,bbadff40-465f-4669-a5ab-d3c11bbfaf39,2026-08-07T15:15:00Z,2026-08-07T17:15:00+0200,1433.86,MW,FR,FR,actual_onshore_wind_generation,Wind Onshore,2026-08-13T16:47:47Z
2026-08-13T16:46:02Z,2026-08-13T18:46:02+0200,bbadff40-465f-4669-a5ab-d3c11bbfaf39,2026-08-07T15:30:00Z,2026-08-07T17:30:00+0200,1471.58,MW,FR,FR,actual_onshore_wind_generation,Wind Onshore,2026-08-13T16:47:47Z
2026-08-13T16:46:02Z,2026-08-13T18:46:02+0200,bbadff40-465f-4669-a5ab-d3c11bbfaf39,2026-08-07T15:45:00Z,2026-08-07T17:45:00+0200,1517.87,MW,FR,FR,actual_onshore_wind_generation,Wind Onshore,2026-08-13T16:47:47Z
2026-08-13T16:46:02Z,2026-08-13T18:46:02+0200,bbadff40-465f-4669-a5ab-d3c11bbfaf39,2026-08-07T16:00:00Z,2026-08-07T18:00:00+0200,1490.6,MW,FR,FR,actual_onshore_wind_generation,Wind Onshore,2026-08-13T16:47:47Z
2026-08-13T16:46:02Z,2026-08-13T18:46:02+0200,bbadff40-465f-4669-a5ab-d3c11bbfaf39,2026-08-07T16:15:00Z,2026-08-07T18:15:00+0200,1530.05,MW,FR,FR,actual_onshore_wind_generation,Wind Onshore,2026-08-13T16:47:47Z
2026-08-13T16:46:02Z,2026-08-13T18:46:02+0200,bbadff40-465f-4669-a5ab-d3c11bbfaf39,2026-08-07T16:30:00Z,2026-08-07T18:30:00+0200,1556.18,MW,FR,FR,actual_onshore_wind_generation,Wind Onshore,2026-08-13T16:47:47Z
2026-08-13T16:46:02Z,2026-08-13T18:46:02+0200,bbadff40-465f-4669-a5ab-d3c11bbfaf39,2026-08-07T16:45:00Z,2026-08-07T18:45:00+0200,1637.56,MW,FR,FR,actual_onshore_wind_generation,Wind Onshore,2026-08-13T16:47:47Z
2026-08-13T16:46:02Z,2026-08-13T18:46:02+0200,bbadff40-465f-4669-a5ab-d3c11bbfaf39,2026-08-07T17:00:00Z,2026-08-07T19:00:00+0200,1727.75,MW,FR,FR,actual_onshore_wind_generation,Wind Onshore,2026-08-13T16:47:47Z
2026-08-13T16:46:02Z,2026-08-13T18:46:02+0200,bbadff40-465f-4669-a5ab-d3c11bbfaf39,2026-08-07T17:15:00Z,2026-08-07T19:15:00+0200,1775.06,MW,FR,FR,actual_onshore_wind_generation,Wind Onshore,2026-08-13T16:47:47Z
2026-08-13T16:46:02Z,2026-08-13T18:46:02+0200,bbadff40-465f-4669-a5ab-d3c11bbfaf39,2026-08-07T17:30:00Z,2026-08-07T19:30:00+0200,1874.7,MW,FR,FR,actual_onshore_wind_generation,Wind Onshore,2026-08-13T16:47:47Z
2026-08-13T16:46:02Z,2026-08-13T18:46:02+0200,bbadff40-465f-4669-a5ab-d3c11bbfaf39,2026-08-07T17:45:00Z,2026-08-07T19:45:00+0200,1966.01,MW,FR,FR,actual_onshore_wind_generation,Wind Onshore,2026-08-13T16:47:47Z
2026-08-13T16:46:02Z,2026-08-13T18:46:02+0200,bbadff40-465f-4669-a5ab-d3c11bbfaf39,2026-08-07T18:00:00Z,2026-08-07T20:00:00+0200,2059.86,MW,FR,FR,actual_onshore_wind_generation,Wind Onshore,2026-08-13T16:47:47Z
2026-08-13T16:46:02Z,2026-08-13T18:46:02+0200,bbadff40-465f-4669-a5ab-d3c11bbfaf39,2026-08-07T18:15:00Z,2026-08-07T20:15:00+0200,2097.18,MW,FR,FR,actual_onshore_wind_generation,Wind Onshore,2026-08-13T16:47:47Z
2026-08-13T16:46:02Z,2026-08-13T18:46:02+0200,bbadff40-465f-4669-a5ab-d3c11bbfaf39,2026-08-07T18:30:00Z,2026-08-07T20:30:00+0200,2125.89,MW,FR,FR,actual_onshore_wind_generation,Wind Onshore,2026-08-13T16:47:47Z
2026-08-13T16:46:02Z,2026-08-13T18:46:02+0200,bbadff40-465f-4669-a5ab-d3c11bbfaf39,2026-08-07T18:45:00Z,2026-08-07T20:45:00+0200,2195.35,MW,FR,FR,actual_onshore_wind_generation,Wind Onshore,2026-08-13T16:47:47Z
2026-08-13T16:46:02Z,2026-08-13T18:46:02+0200,bbadff40-465f-4669-a5ab-d3c11bbfaf39,2026-08-07T19:00:00Z,2026-08-07T21:00:00+0200,2315.12,MW,FR,FR,actual_onshore_wind_generation,Wind Onshore,2026-08-13T16:47:47Z
2026-08-13T16:46:02Z,2026-08-13T18:46:02+0200,bbadff40-465f-4669-a5ab-d3c11bbfaf39,2026-08-07T19:15:00Z,2026-08-07T21:15:00+0200,2433.37,MW,FR,FR,actual_onshore_wind_generation,Wind Onshore,2026-08-13T16:47:47Z
2026-08-13T16:46:02Z,2026-08-13T18:46:02+0200,bbadff40-465f-4669-a5ab-d3c11bbfaf39,2026-08-07T19:30:00Z,2026-08-07T21:30:00+0200,2627.32,MW,FR,FR,actual_onshore_wind_generation,Wind Onshore,2026-08-13T16:47:47Z
2026-08-13T16:46:02Z,2026-08-13T18:46:02+0200,bbadff40-465f-4669-a5ab-d3c11bbfaf39,2026-08-07T19:45:00Z,2026-08-07T21:45:00+0200,2962.75,MW,FR,FR,actual_onshore_wind_generation,Wind Onshore,2026-08-13T16:47:47Z
2026-08-13T16:46:02Z,2026-08-13T18:46:02+0200,bbadff40-465f-4669-a5ab-d3c11bbfaf39,2026-08-07T20:00:00Z,2026-08-07T22:00:00+0200,3368.14,MW,FR,FR,actual_onshore_wind_generation,Wind Onshore,2026-08-13T16:47:47Z
2026-08-13T16:46:02Z,2026-08-13T18:46:02+0200,bbadff40-465f-4669-a5ab-d3c11bbfaf39,2026-08-07T20:15:00Z,2026-08-07T22:15:00+0200,3747.54,MW,FR,FR,actual_onshore_wind_generation,Wind Onshore,2026-08-13T16:47:47Z
2026-08-13T16:46:02Z,2026-08-13T18:46:02+0200,bbadff40-465f-4669-a5ab-d3c11bbfaf39,2026-08-07T20:30:00Z,2026-08-07T22:30:00+0200,4151.15,MW,FR,FR,actual_onshore_wind_generation,Wind Onshore,2026-08-13T16:47:47Z
2026-08-13T16:46:02Z,2026-08-13T18:46:02+0200,bbadff40-465f-4669-a5ab-d3c11bbfaf39,2026-08-07T20:45:00Z,2026-08-07T22:45:00+0200,4397.5,MW,FR,FR,actual_onshore_wind_generation,Wind Onshore,2026-08-13T16:47:47Z
2026-08-13T16:46:02Z,2026-08-13T18:46:02+0200,bbadff40-465f-4669-a5ab-d3c11bbfaf39,2026-08-07T21:00:00Z,2026-08-07T23:00:00+0200,4578.0,MW,FR,FR,actual_onshore_wind_generation,Wind Onshore,2026-08-13T16:47:47Z
2026-08-13T16:46:02Z,2026-08-13T18:46:02+0200,bbadff40-465f-4669-a5ab-d3c11bbfaf39,2026-08-07T21:15:00Z,2026-08-07T23:15:00+0200,4702.17,MW,FR,FR,actual_onshore_wind_generation,Wind Onshore,2026-08-13T16:47:47Z
2026-08-13T16:46:02Z,2026-08-13T18:46:02+0200,bbadff40-465f-4669-a5ab-d3c11bbfaf39,2026-08-07T21:30:00Z,2026-08-07T23:30:00+0200,4782.62,MW,FR,FR,actual_onshore_wind_generation,Wind Onshore,2026-08-13T16:47:47Z
2026-08-13T16:46:02Z,2026-08-13T18:46:02+0200,bbadff40-465f-4669-a5ab-d3c11bbfaf39,2026-08-07T21:45:00Z,2026-08-07T23:45:00+0200,4879.74,MW,FR,FR,actual_onshore_wind_generation,Wind Onshore,2026-08-13T16:47:47Z
2026-08-13T16:46:02Z,2026-08-13T18:46:02+0200,bbadff40-465f-4669-a5ab-d3c11bbfaf39,2026-08-07T22:00:00Z,2026-08-08T00:00:00+0200,4964.97,MW,FR,FR,actual_onshore_wind_generation,Wind Onshore,2026-08-13T16:47:47Z
2026-08-13T16:46:02Z,2026-08-13T18:46:02+0200,bbadff40-465f-4669-a5ab-d3c11bbfaf39,2026-08-07T22:15:00Z,2026-08-08T00:15:00+0200,5042.88,MW,FR,FR,actual_onshore_wind_generation,Wind Onshore,2026-08-13T16:47:47Z
2026-08-13T16:46:02Z,2026-08-13T18:46:02+0200,bbadff40-465f-4669-a5ab-d3c11bbfaf39,2026-08-07T22:30:00Z,2026-08-08T00:30:00+0200,5158.37,MW,FR,FR,actual_onshore_wind_generation,Wind Onshore,2026-08-13T16:47:47Z
2026-08-13T16:46:02Z,2026-08-13T18:46:02+0200,bbadff40-465f-4669-a5ab-d3c11bbfaf39,2026-08-07T22:45:00Z,2026-08-08T00:45:00+0200,5150.16,MW,FR,FR,actual_onshore_wind_generation,Wind Onshore,2026-08-13T16:47:47Z
2026-08-13T16:46:02Z,2026-08-13T18:46:02+0200,bbadff40-465f-4669-a5ab-d3c11bbfaf39,2026-08-07T23:00:00Z,2026-08-08T01:00:00+0200,5140.61,MW,FR,FR,actual_onshore_wind_generation,Wind Onshore,2026-08-13T16:47:47Z
2026-08-13T16:46:02Z,2026-08-13T18:46:02+0200,bbadff40-465f-4669-a5ab-d3c11bbfaf39,2026-08-07T23:15:00Z,2026-08-08T01:15:00+0200,5242.11,MW,FR,FR,actual_onshore_wind_generation,Wind Onshore,2026-08-13T16:47:47Z
2026-08-13T16:46:02Z,2026-08-13T18:46:02+0200,bbadff40-465f-4669-a5ab-d3c11bbfaf39,2026-08-07T23:30:00Z,2026-08-08T01:30:00+0200,5293.03,MW,FR,FR,actual_onshore_wind_generation,Wind Onshore,2026-08-13T16:47:47Z
2026-08-13T16:46:02Z,2026-08-13T18:46:02+0200,bbadff40-465f-4669-a5ab-d3c11bbfaf39,2026-08-07T23:45:00Z,2026-08-08T01:45:00+0200,5290.66,MW,FR,FR,actual_onshore_wind_generation,Wind Onshore,2026-08-13T16:47:47Z
2026-08-13T16:46:02Z,2026-08-13T18:46:02+0200,bbadff40-465f-4669-a5ab-d3c11bbfaf39,2026-08-08T00:00:00Z,2026-08-08T02:00:00+0200,5206.27,MW,FR,FR,actual_onshore_wind_generation,Wind Onshore,2026-08-13T16:47:47Z
2026-08-13T16:46:02Z,2026-08-13T18:46:02+0200,bbadff40-465f-4669-a5ab-d3c11bbfaf39,2026-08-08T00:15:00Z,2026-08-08T02:15:00+0200,5125.17,MW,FR,FR,actual_onshore_wind_generation,Wind Onshore,2026-08-13T16:47:47Z
2026-08-13T16:46:02Z,2026-08-13T18:46:02+0200,bbadff40-465f-4669-a5ab-d3c11bbfaf39,2026-08-08T00:30:00Z,2026-08-08T02:30:00+0200,5105.78,MW,FR,FR,actual_onshore_wind_generation,Wind Onshore,2026-08-13T16:47:47Z
2026-08-13T16:46:02Z,2026-08-13T18:46:02+0200,bbadff40-465f-4669-a5ab-d3c11bbfaf39,2026-08-08T00:45:00Z,2026-08-08T02:45:00+0200,5141.88,MW,FR,FR,actual_onshore_wind_generation,Wind Onshore,2026-08-13T16:47:47Z
2026-08-13T16:46:02Z,2026-08-13T18:46:02+0200,bbadff40-465f-4669-a5ab-d3c11bbfaf39,2026-08-08T01:00:00Z,2026-08-08T03:00:00+0200,5154.86,MW,FR,FR,actual_onshore_wind_generation,Wind Onshore,2026-08-13T16:47:47Z
2026-08-13T16:46:02Z,2026-08-13T18:46:02+0200,bbadff40-465f-4669-a5ab-d3c11bbfaf39,2026-08-08T01:15:00Z,2026-08-08T03:15:00+0200,5195.8,MW,FR,FR,actual_onshore_wind_generation,Wind Onshore,2026-08-13T16:47:47Z
2026-08-13T16:46:02Z,2026-08-13T18:46:02+0200,bbadff40-465f-4669-a5ab-d3c11bbfaf39,2026-08-08T01:30:00Z,2026-08-08T03:30:00+0200,5139.76,MW,FR,FR,actual_onshore_wind_generation,Wind Onshore,2026-08-13T16:47:47Z
2026-08-13T16:46:02Z,2026-08-13T18:46:02+0200,bbadff40-465f-4669-a5ab-d3c11bbfaf39,2026-08-08T01:45:00Z,2026-08-08T03:45:00+0200,5058.16,MW,FR,FR,actual_onshore_wind_generation,Wind Onshore,2026-08-13T16:47:47Z
2026-08-13T16:46:02Z,2026-08-13T18:46:02+0200,bbadff40-465f-4669-a5ab-d3c11bbfaf39,2026-08-08T02:00:00Z,2026-08-08T04:00:00+0200,4939.61,MW,FR,FR,actual_onshore_wind_generation,Wind Onshore,2026-08-13T16:47:47Z
2026-08-13T16:46:02Z,2026-08-13T18:46:02+0200,bbadff40-465f-4669-a5ab-d3c11bbfaf39,2026-08-08T02:15:00Z,2026-08-08T04:15:00+0200,4812.49,MW,FR,FR,actual_onshore_wind_generation,Wind Onshore,2026-08-13T16:47:47Z
2026-08-13T16:46:02Z,2026-08-13T18:46:02+0200,bbadff40-465f-4669-a5ab-d3c11bbfaf39,2026-08-08T02:30:00Z,2026-08-08T04:30:00+0200,4644.31,MW,FR,FR,actual_onshore_wind_generation,Wind Onshore,2026-08-13T16:47:47Z
2026-08-13T16:46:02Z,2026-08-13T18:46:02+0200,bbadff40-465f-4669-a5ab-d3c11bbfaf39,2026-08-08T02:45:00Z,2026-08-08T04:45:00+0200,4502.02,MW,FR,FR,actual_onshore_wind_generation,Wind Onshore,2026-08-13T16:47:47Z
2026-08-13T16:46:02Z,2026-08-13T18:46:02+0200,bbadff40-465f-4669-a5ab-d3c11bbfaf39,2026-08-08T03:00:00Z,2026-08-08T05:00:00+0200,4351.13,MW,FR,FR,actual_onshore_wind_generation,Wind Onshore,2026-08-13T16:47:47Z
2026-08-13T16:46:02Z,2026-08-13T18:46:02+0200,bbadff40-465f-4669-a5ab-d3c11bbfaf39,2026-08-08T03:15:00Z,2026-08-08T05:15:00+0200,4288.27,MW,FR,FR,actual_onshore_wind_generation,Wind Onshore,2026-08-13T16:47:47Z
2026-08-13T16:46:02Z,2026-08-13T18:46:02+0200,bbadff40-465f-4669-a5ab-d3c11bbfaf39,2026-08-08T03:30:00Z,2026-08-08T05:30:00+0200,4192.65,MW,FR,FR,actual_onshore_wind_generation,Wind Onshore,2026-08-13T16:47:47Z
2026-08-13T16:46:02Z,2026-08-13T18:46:02+0200,bbadff40-465f-4669-a5ab-d3c11bbfaf39,2026-08-08T03:45:00Z,2026-08-08T05:45:00+0200,4053.78,MW,FR,FR,actual_onshore_wind_generation,Wind Onshore,2026-08-13T16:47:47Z
2026-08-13T16:46:02Z,2026-08-13T18:46:02+0200,bbadff40-465f-4669-a5ab-d3c11bbfaf39,2026-08-08T04:00:00Z,2026-08-08T06:00:00+0200,3931.08,MW,FR,FR,actual_onshore_wind_generation,Wind Onshore,2026-08-13T16:47:47Z
2026-08-13T16:46:02Z,2026-08-13T18:46:02+0200,bbadff40-465f-4669-a5ab-d3c11bbfaf39,2026-08-08T04:15:00Z,2026-08-08T06:15:00+0200,3835.0,MW,FR,FR,actual_onshore_wind_generation,Wind Onshore,2026-08-13T16:47:47Z
2026-08-13T16:46:02Z,2026-08-13T18:46:02+0200,bbadff40-465f-4669-a5ab-d3c11bbfaf39,2026-08-08T04:30:00Z,2026-08-08T06:30:00+0200,3785.17,MW,FR,FR,actual_onshore_wind_generation,Wind Onshore,2026-08-13T16:47:47Z
2026-08-13T16:46:02Z,2026-08-13T18:46:02+0200,bbadff40-465f-4669-a5ab-d3c11bbfaf39,2026-08-08T04:45:00Z,2026-08-08T06:45:00+0200,3766.4,MW,FR,FR,actual_onshore_wind_generation,Wind Onshore,2026-08-13T16:47:47Z
2026-08-13T16:46:02Z,2026-08-13T18:46:02+0200,bbadff40-465f-4669-a5ab-d3c11bbfaf39,2026-08-08T05:00:00Z,2026-08-08T07:00:00+0200,3827.94,MW,FR,FR,actual_onshore_wind_generation,Wind Onshore,2026-08-13T16:47:47Z
2026-08-13T16:46:02Z,2026-08-13T18:46:02+0200,bbadff40-465f-4669-a5ab-d3c11bbfaf39,2026-08-08T05:15:00Z,2026-08-08T07:15:00+0200,3769.64,MW,FR,FR,actual_onshore_wind_generation,Wind Onshore,2026-08-13T16:47:47Z
2026-08-13T16:46:02Z,2026-08-13T18:46:02+0200,bbadff40-465f-4669-a5ab-d3c11bbfaf39,2026-08-08T05:30:00Z,2026-08-08T07:30:00+0200,3703.83,MW,FR,FR,actual_onshore_wind_generation,Wind Onshore,2026-08-13T16:47:47Z
2026-08-13T16:46:02Z,2026-08-13T18:46:02+0200,bbadff40-465f-4669-a5ab-d3c11bbfaf39,2026-08-08T05:45:00Z,2026-08-08T07:45:00+0200,3578.59,MW,FR,FR,actual_onshore_wind_generation,Wind Onshore,2026-08-13T16:47:47Z
2026-08-13T16:46:02Z,2026-08-13T18:46:02+0200,bbadff40-465f-4669-a5ab-d3c11bbfaf39,2026-08-08T06:00:00Z,2026-08-08T08:00:00+0200,3276.93,MW,FR,FR,actual_onshore_wind_generation,Wind Onshore,2026-08-13T16:47:47Z
2026-08-13T16:46:02Z,2026-08-13T18:46:02+0200,bbadff40-465f-4669-a5ab-d3c11bbfaf39,2026-08-08T06:15:00Z,2026-08-08T08:15:00+0200,2864.39,MW,FR,FR,actual_onshore_wind_generation,Wind Onshore,2026-08-13T16:47:47Z
2026-08-13T16:46:02Z,2026-08-13T18:46:02+0200,bbadff40-465f-4669-a5ab-d3c11bbfaf39,2026-08-08T06:30:00Z,2026-08-08T08:30:00+0200,2389.34,MW,FR,FR,actual_onshore_wind_generation,Wind Onshore,2026-08-13T16:47:47Z
2026-08-13T16:46:02Z,2026-08-13T18:46:02+0200,bbadff40-465f-4669-a5ab-d3c11bbfaf39,2026-08-08T06:45:00Z,2026-08-08T08:45:00+0200,1950.24,MW,FR,FR,actual_onshore_wind_generation,Wind Onshore,2026-08-13T16:47:47Z
2026-08-13T16:46:02Z,2026-08-13T18:46:02+0200,bbadff40-465f-4669-a5ab-d3c11bbfaf39,2026-08-08T07:00:00Z,2026-08-08T09:00:00+0200,1562.31,MW,FR,FR,actual_onshore_wind_generation,Wind Onshore,2026-08-13T16:47:47Z
2026-08-13T16:46:02Z,2026-08-13T18:46:02+0200,bbadff40-465f-4669-a5ab-d3c11bbfaf39,2026-08-08T07:15:00Z,2026-08-08T09:15:00+0200,1276.4,MW,FR,FR,actual_onshore_wind_generation,Wind Onshore,2026-08-13T16:47:47Z
2026-08-13T16:46:02Z,2026-08-13T18:46:02+0200,bbadff40-465f-4669-a5ab-d3c11bbfaf39,2026-08-08T07:30:00Z,2026-08-08T09:30:00+0200,1091.08,MW,FR,FR,actual_onshore_wind_generation,Wind Onshore,2026-08-13T16:47:47Z
2026-08-13T16:46:02Z,2026-08-13T18:46:02+0200,bbadff40-465f-4669-a5ab-d3c11bbfaf39,2026-08-08T07:45:00Z,2026-08-08T09:45:00+0200,977.07,MW,FR,FR,actual_onshore_wind_generation,Wind Onshore,2026-08-13T16:47:47Z
2026-08-13T16:46:02Z,2026-08-13T18:46:02+0200,bbadff40-465f-4669-a5ab-d3c11bbfaf39,2026-08-08T08:00:00Z,2026-08-08T10:00:00+0200,916.85,MW,FR,FR,actual_onshore_wind_generation,Wind Onshore,2026-08-13T16:47:47Z
2026-08-13T16:46:02Z,2026-08-13T18:46:02+0200,bbadff40-465f-4669-a5ab-d3c11bbfaf39,2026-08-08T08:15:00Z,2026-08-08T10:15:00+0200,908.31,MW,FR,FR,actual_onshore_wind_generation,Wind Onshore,2026-08-13T16:47:47Z
2026-08-13T16:46:02Z,2026-08-13T18:46:02+0200,bbadff40-465f-4669-a5ab-d3c11bbfaf39,2026-08-08T08:30:00Z,2026-08-08T10:30:00+0200,885.92,MW,FR,FR,actual_onshore_wind_generation,Wind Onshore,2026-08-13T16:47:47Z
2026-08-13T16:46:02Z,2026-08-13T18:46:02+0200,bbadff40-465f-4669-a5ab-d3c11bbfaf39,2026-08-08T08:45:00Z,2026-08-08T10:45:00+0200,945.15,MW,FR,FR,actual_onshore_wind_generation,Wind Onshore,2026-08-13T16:47:47Z
2026-08-13T16:46:02Z,2026-08-13T18:46:02+0200,bbadff40-465f-4669-a5ab-d3c11bbfaf39,2026-08-08T09:00:00Z,2026-08-08T11:00:00+0200,1436.04,MW,FR,FR,actual_onshore_wind_generation,Wind Onshore,2026-08-13T16:47:47Z
2026-08-13T16:46:02Z,2026-08-13T18:46:02+0200,bbadff40-465f-4669-a5ab-d3c11bbfaf39,2026-08-08T09:15:00Z,2026-08-08T11:15:00+0200,1424.64,MW,FR,FR,actual_onshore_wind_generation,Wind Onshore,2026-08-13T16:47:47Z
2026-08-13T16:46:02Z,2026-08-13T18:46:02+0200,bbadff40-465f-4669-a5ab-d3c11bbfaf39,2026-08-08T09:30:00Z,2026-08-08T11:30:00+0200,1381.84,MW,FR,FR,actual_onshore_wind_generation,Wind Onshore,2026-08-13T16:47:47Z
2026-08-13T16:46:02Z,2026-08-13T18:46:02+0200,bbadff40-465f-4669-a5ab-d3c11bbfaf39,2026-08-08T09:45:00Z,2026-08-08T11:45:00+0200,1325.44,MW,FR,FR,actual_onshore_wind_generation,Wind Onshore,2026-08-13T16:47:47Z
2026-08-13T16:46:02Z,2026-08-13T18:46:02+0200,bbadff40-465f-4669-a5ab-d3c11bbfaf39,2026-08-08T10:00:00Z,2026-08-08T12:00:00+0200,1226.33,MW,FR,FR,actual_onshore_wind_generation,Wind Onshore,2026-08-13T16:47:47Z
2026-08-13T16:46:02Z,2026-08-13T18:46:02+0200,bbadff40-465f-4669-a5ab-d3c11bbfaf39,2026-08-08T10:15:00Z,2026-08-08T12:15:00+0200,1201.06,MW,FR,FR,actual_onshore_wind_generation,Wind Onshore,2026-08-13T16:47:47Z
2026-08-13T16:46:02Z,2026-08-13T18:46:02+0200,bbadff40-465f-4669-a5ab-d3c11bbfaf39,2026-08-08T10:30:00Z,2026-08-08T12:30:00+0200,1183.87,MW,FR,FR,actual_onshore_wind_generation,Wind Onshore,2026-08-13T16:47:47Z
2026-08-13T16:46:02Z,2026-08-13T18:46:02+0200,bbadff40-465f-4669-a5ab-d3c11bbfaf39,2026-08-08T10:45:00Z,2026-08-08T12:45:00+0200,1178.15,MW,FR,FR,actual_onshore_wind_generation,Wind Onshore,2026-08-13T16:47:47Z
2026-08-13T16:46:02Z,2026-08-13T18:46:02+0200,bbadff40-465f-4669-a5ab-d3c11bbfaf39,2026-08-08T11:00:00Z,2026-08-08T13:00:00+0200,1159.02,MW,FR,FR,actual_onshore_wind_generation,Wind Onshore,2026-08-13T16:47:47Z
2026-08-13T16:46:02Z,2026-08-13T18:46:02+0200,bbadff40-465f-4669-a5ab-d3c11bbfaf39,2026-08-08T11:15:00Z,2026-08-08T13:15:00+0200,1147.19,MW,FR,FR,actual_onshore_wind_generation,Wind Onshore,2026-08-13T16:47:47Z
2026-08-13T16:46:02Z,2026-08-13T18:46:02+0200,bbadff40-465f-4669-a5ab-d3c11bbfaf39,2026-08-08T11:30:00Z,2026-08-08T13:30:00+0200,1135.46,MW,FR,FR,actual_onshore_wind_generation,Wind Onshore,2026-08-13T16:47:47Z
2026-08-13T16:46:02Z,2026-08-13T18:46:02+0200,bbadff40-465f-4669-a5ab-d3c11bbfaf39,2026-08-08T11:45:00Z,2026-08-08T13:45:00+0200,1122.64,MW,FR,FR,actual_onshore_wind_generation,Wind Onshore,2026-08-13T16:47:47Z
2026-08-13T16:46:02Z,2026-08-13T18:46:02+0200,bbadff40-465f-4669-a5ab-d3c11bbfaf39,2026-08-08T12:00:00Z,2026-08-08T14:00:00+0200,1115.36,MW,FR,FR,actual_onshore_wind_generation,Wind Onshore,2026-08-13T16:47:47Z
2026-08-13T16:46:02Z,2026-08-13T18:46:02+0200,bbadff40-465f-4669-a5ab-d3c11bbfaf39,2026-08-08T12:15:00Z,2026-08-08T14:15:00+0200,1111.57,MW,FR,FR,actual_onshore_wind_generation,Wind Onshore,2026-08-13T16:47:47Z
2026-08-13T16:46:02Z,2026-08-13T18:46:02+0200,bbadff40-465f-4669-a5ab-d3c11bbfaf39,2026-08-08T12:30:00Z,2026-08-08T14:30:00+0200,1112.38,MW,FR,FR,actual_onshore_wind_generation,Wind Onshore,2026-08-13T16:47:47Z
2026-08-13T16:46:02Z,2026-08-13T18:46:02+0200,bbadff40-465f-4669-a5ab-d3c11bbfaf39,2026-08-08T12:45:00Z,2026-08-08T14:45:00+0200,1129.49,MW,FR,FR,actual_onshore_wind_generation,Wind Onshore,2026-08-13T16:47:47Z
2026-08-13T16:46:02Z,2026-08-13T18:46:02+0200,bbadff40-465f-4669-a5ab-d3c11bbfaf39,2026-08-08T13:00:00Z,2026-08-08T15:00:00+0200,1146.64,MW,FR,FR,actual_onshore_wind_generation,Wind Onshore,2026-08-13T16:47:47Z
2026-08-13T16:46:02Z,2026-08-13T18:46:02+0200,bbadff40-465f-4669-a5ab-d3c11bbfaf39,2026-08-08T13:15:00Z,2026-08-08T15:15:00+0200,1173.73,MW,FR,FR,actual_onshore_wind_generation,Wind Onshore,2026-08-13T16:47:47Z
2026-08-13T16:46:02Z,2026-08-13T18:46:02+0200,bbadff40-465f-4669-a5ab-d3c11bbfaf39,2026-08-08T13:30:00Z,2026-08-08T15:30:00+0200,1187.48,MW,FR,FR,actual_onshore_wind_generation,Wind Onshore,2026-08-13T16:47:47Z
2026-08-13T16:46:02Z,2026-08-13T18:46:02+0200,bbadff40-465f-4669-a5ab-d3c11bbfaf39,2026-08-08T13:45:00Z,2026-08-08T15:45:00+0200,1198.31,MW,FR,FR,actual_onshore_wind_generation,Wind Onshore,2026-08-13T16:47:47Z
2026-08-13T16:46:02Z,2026-08-13T18:46:02+0200,bbadff40-465f-4669-a5ab-d3c11bbfaf39,2026-08-08T14:00:00Z,2026-08-08T16:00:00+0200,1196.11,MW,FR,FR,actual_onshore_wind_generation,Wind Onshore,2026-08-13T16:47:47Z
2026-08-13T16:46:02Z,2026-08-13T18:46:02+0200,bbadff40-465f-4669-a5ab-d3c11bbfaf39,2026-08-08T14:15:00Z,2026-08-08T16:15:00+0200,983.46,MW,FR,FR,actual_onshore_wind_generation,Wind Onshore,2026-08-13T16:47:47Z
2026-08-13T16:46:02Z,2026-08-13T18:46:02+0200,bbadff40-465f-4669-a5ab-d3c11bbfaf39,2026-08-08T14:30:00Z,2026-08-08T16:30:00+0200,597.63,MW,FR,FR,actual_onshore_wind_generation,Wind Onshore,2026-08-13T16:47:47Z
2026-08-13T16:46:02Z,2026-08-13T18:46:02+0200,bbadff40-465f-4669-a5ab-d3c11bbfaf39,2026-08-08T14:45:00Z,2026-08-08T16:45:00+0200,651.24,MW,FR,FR,actual_onshore_wind_generation,Wind Onshore,2026-08-13T16:47:47Z
2026-08-13T16:46:02Z,2026-08-13T18:46:02+0200,bbadff40-465f-4669-a5ab-d3c11bbfaf39,2026-08-08T15:00:00Z,2026-08-08T17:00:00+0200,710.5,MW,FR,FR,actual_onshore_wind_generation,Wind Onshore,2026-08-13T16:47:47Z
2026-08-13T16:46:02Z,2026-08-13T18:46:02+0200,bbadff40-465f-4669-a5ab-d3c11bbfaf39,2026-08-08T15:15:00Z,2026-08-08T17:15:00+0200,731.2,MW,FR,FR,actual_onshore_wind_generation,Wind Onshore,2026-08-13T16:47:47Z
2026-08-13T16:46:02Z,2026-08-13T18:46:02+0200,bbadff40-465f-4669-a5ab-d3c11bbfaf39,2026-08-08T15:30:00Z,2026-08-08T17:30:00+0200,703.98,MW,FR,FR,actual_onshore_wind_generation,Wind Onshore,2026-08-13T16:47:47Z
2026-08-13T16:46:02Z,2026-08-13T18:46:02+0200,bbadff40-465f-4669-a5ab-d3c11bbfaf39,2026-08-08T15:45:00Z,2026-08-08T17:45:00+0200,733.17,MW,FR,FR,actual_onshore_wind_generation,Wind Onshore,2026-08-13T16:47:47Z
2026-08-13T16:46:02Z,2026-08-13T18:46:02+0200,bbadff40-465f-4669-a5ab-d3c11bbfaf39,2026-08-08T16:00:00Z,2026-08-08T18:00:00+0200,735.21,MW,FR,FR,actual_onshore_wind_generation,Wind Onshore,2026-08-13T16:47:47Z
2026-08-13T16:46:02Z,2026-08-13T18:46:02+0200,bbadff40-465f-4669-a5ab-d3c11bbfaf39,2026-08-08T16:15:00Z,2026-08-08T18:15:00+0200,725.83,MW,FR,FR,actual_onshore_wind_generation,Wind Onshore,2026-08-13T16:47:47Z
2026-08-13T16:46:02Z,2026-08-13T18:46:02+0200,bbadff40-465f-4669-a5ab-d3c11bbfaf39,2026-08-08T16:30:00Z,2026-08-08T18:30:00+0200,705.49,MW,FR,FR,actual_onshore_wind_generation,Wind Onshore,2026-08-13T16:47:47Z
2026-08-13T16:46:02Z,2026-08-13T18:46:02+0200,bbadff40-465f-4669-a5ab-d3c11bbfaf39,2026-08-08T16:45:00Z,2026-08-08T18:45:00+0200,704.63,MW,FR,FR,actual_onshore_wind_generation,Wind Onshore,2026-08-13T16:47:47Z
2026-08-13T16:46:02Z,2026-08-13T18:46:02+0200,bbadff40-465f-4669-a5ab-d3c11bbfaf39,2026-08-08T17:00:00Z,2026-08-08T19:00:00+0200,701.28,MW,FR,FR,actual_onshore_wind_generation,Wind Onshore,2026-08-13T16:47:47Z
2026-08-13T16:46:02Z,2026-08-13T18:46:02+0200,bbadff40-465f-4669-a5ab-d3c11bbfaf39,2026-08-08T17:15:00Z,2026-08-08T19:15:00+0200,710.0,MW,FR,FR,actual_onshore_wind_generation,Wind Onshore,2026-08-13T16:47:47Z
2026-08-13T16:46:02Z,2026-08-13T18:46:02+0200,bbadff40-465f-4669-a5ab-d3c11bbfaf39,2026-08-08T17:30:00Z,2026-08-08T19:30:00+0200,717.8,MW,FR,FR,actual_onshore_wind_generation,Wind Onshore,2026-08-13T16:47:47Z
2026-08-13T16:46:02Z,2026-08-13T18:46:02+0200,bbadff40-465f-4669-a5ab-d3c11bbfaf39,2026-08-08T17:45:00Z,2026-08-08T19:45:00+0200,720.19,MW,FR,FR,actual_onshore_wind_generation,Wind Onshore,2026-08-13T16:47:47Z
2026-08-13T16:46:02Z,2026-08-13T18:46:02+0200,bbadff40-465f-4669-a5ab-d3c11bbfaf39,2026-08-08T18:00:00Z,2026-08-08T20:00:00+0200,739.27,MW,FR,FR,actual_onshore_wind_generation,Wind Onshore,2026-08-13T16:47:47Z
2026-08-13T16:46:02Z,2026-08-13T18:46:02+0200,bbadff40-465f-4669-a5ab-d3c11bbfaf39,2026-08-08T18:15:00Z,2026-08-08T20:15:00+0200,777.61,MW,FR,FR,actual_onshore_wind_generation,Wind Onshore,2026-08-13T16:47:47Z
2026-08-13T16:46:02Z,2026-08-13T18:46:02+0200,bbadff40-465f-4669-a5ab-d3c11bbfaf39,2026-08-08T18:30:00Z,2026-08-08T20:30:00+0200,783.08,MW,FR,FR,actual_onshore_wind_generation,Wind Onshore,2026-08-13T16:47:47Z
2026-08-13T16:46:02Z,2026-08-13T18:46:02+0200,bbadff40-465f-4669-a5ab-d3c11bbfaf39,2026-08-08T18:45:00Z,2026-08-08T20:45:00+0200,826.04,MW,FR,FR,actual_onshore_wind_generation,Wind Onshore,2026-08-13T16:47:47Z
2026-08-13T16:46:02Z,2026-08-13T18:46:02+0200,bbadff40-465f-4669-a5ab-d3c11bbfaf39,2026-08-08T19:00:00Z,2026-08-08T21:00:00+0200,881.08,MW,FR,FR,actual_onshore_wind_generation,Wind Onshore,2026-08-13T16:47:47Z
2026-08-13T16:46:02Z,2026-08-13T18:46:02+0200,bbadff40-465f-4669-a5ab-d3c11bbfaf39,2026-08-08T19:15:00Z,2026-08-08T21:15:00+0200,925.58,MW,FR,FR,actual_onshore_wind_generation,Wind Onshore,2026-08-13T16:47:47Z
2026-08-13T16:46:02Z,2026-08-13T18:46:02+0200,bbadff40-465f-4669-a5ab-d3c11bbfaf39,2026-08-08T19:30:00Z,2026-08-08T21:30:00+0200,992.16,MW,FR,FR,actual_onshore_wind_generation,Wind Onshore,2026-08-13T16:47:47Z
2026-08-13T16:46:02Z,2026-08-13T18:46:02+0200,bbadff40-465f-4669-a5ab-d3c11bbfaf39,2026-08-08T19:45:00Z,2026-08-08T21:45:00+0200,1086.75,MW,FR,FR,actual_onshore_wind_generation,Wind Onshore,2026-08-13T16:47:47Z
2026-08-13T16:46:02Z,2026-08-13T18:46:02+0200,bbadff40-465f-4669-a5ab-d3c11bbfaf39,2026-08-08T20:00:00Z,2026-08-08T22:00:00+0200,1113.22,MW,FR,FR,actual_onshore_wind_generation,Wind Onshore,2026-08-13T16:47:47Z
2026-08-13T16:46:02Z,2026-08-13T18:46:02+0200,bbadff40-465f-4669-a5ab-d3c11bbfaf39,2026-08-08T20:15:00Z,2026-08-08T22:15:00+0200,1220.84,MW,FR,FR,actual_onshore_wind_generation,Wind Onshore,2026-08-13T16:47:47Z
2026-08-13T16:46:02Z,2026-08-13T18:46:02+0200,bbadff40-465f-4669-a5ab-d3c11bbfaf39,2026-08-08T20:30:00Z,2026-08-08T22:30:00+0200,1337.84,MW,FR,FR,actual_onshore_wind_generation,Wind Onshore,2026-08-13T16:47:47Z
2026-08-13T16:46:02Z,2026-08-13T18:46:02+0200,bbadff40-465f-4669-a5ab-d3c11bbfaf39,2026-08-08T20:45:00Z,2026-08-08T22:45:00+0200,1426.14,MW,FR,FR,actual_onshore_wind_generation,Wind Onshore,2026-08-13T16:47:47Z
2026-08-13T16:46:02Z,2026-08-13T18:46:02+0200,bbadff40-465f-4669-a5ab-d3c11bbfaf39,2026-08-08T21:00:00Z,2026-08-08T23:00:00+0200,1571.54,MW,FR,FR,actual_onshore_wind_generation,Wind Onshore,2026-08-13T16:47:47Z
2026-08-13T16:46:02Z,2026-08-13T18:46:02+0200,bbadff40-465f-4669-a5ab-d3c11bbfaf39,2026-08-08T21:15:00Z,2026-08-08T23:15:00+0200,1676.19,MW,FR,FR,actual_onshore_wind_generation,Wind Onshore,2026-08-13T16:47:47Z
2026-08-13T16:46:02Z,2026-08-13T18:46:02+0200,bbadff40-465f-4669-a5ab-d3c11bbfaf39,2026-08-08T21:30:00Z,2026-08-08T23:30:00+0200,1774.32,MW,FR,FR,actual_onshore_wind_generation,Wind Onshore,2026-08-13T16:47:47Z
2026-08-13T16:46:02Z,2026-08-13T18:46:02+0200,bbadff40-465f-4669-a5ab-d3c11bbfaf39,2026-08-08T21:45:00Z,2026-08-08T23:45:00+0200,1794.87,MW,FR,FR,actual_onshore_wind_generation,Wind Onshore,2026-08-13T16:47:47Z
2026-08-13T16:46:02Z,2026-08-13T18:46:02+0200,bbadff40-465f-4669-a5ab-d3c11bbfaf39,2026-08-08T22:00:00Z,2026-08-09T00:00:00+0200,1831.09,MW,FR,FR,actual_onshore_wind_generation,Wind Onshore,2026-08-13T16:47:47Z
2026-08-13T16:46:02Z,2026-08-13T18:46:02+0200,bbadff40-465f-4669-a5ab-d3c11bbfaf39,2026-08-08T22:15:00Z,2026-08-09T00:15:00+0200,1859.1,MW,FR,FR,actual_onshore_wind_generation,Wind Onshore,2026-08-13T16:47:47Z
2026-08-13T16:46:02Z,2026-08-13T18:46:02+0200,bbadff40-465f-4669-a5ab-d3c11bbfaf39,2026-08-08T22:30:00Z,2026-08-09T00:30:00+0200,1884.91,MW,FR,FR,actual_onshore_wind_generation,Wind Onshore,2026-08-13T16:47:47Z
2026-08-13T16:46:02Z,2026-08-13T18:46:02+0200,bbadff40-465f-4669-a5ab-d3c11bbfaf39,2026-08-08T22:45:00Z,2026-08-09T00:45:00+0200,1945.21,MW,FR,FR,actual_onshore_wind_generation,Wind Onshore,2026-08-13T16:47:47Z
2026-08-13T16:46:02Z,2026-08-13T18:46:02+0200,bbadff40-465f-4669-a5ab-d3c11bbfaf39,2026-08-08T23:00:00Z,2026-08-09T01:00:00+0200,2159.31,MW,FR,FR,actual_onshore_wind_generation,Wind Onshore,2026-08-13T16:47:47Z
2026-08-13T16:46:02Z,2026-08-13T18:46:02+0200,bbadff40-465f-4669-a5ab-d3c11bbfaf39,2026-08-08T23:15:00Z,2026-08-09T01:15:00+0200,2288.14,MW,FR,FR,actual_onshore_wind_generation,Wind Onshore,2026-08-13T16:47:47Z
2026-08-13T16:46:02Z,2026-08-13T18:46:02+0200,bbadff40-465f-4669-a5ab-d3c11bbfaf39,2026-08-08T23:30:00Z,2026-08-09T01:30:00+0200,2492.29,MW,FR,FR,actual_onshore_wind_generation,Wind Onshore,2026-08-13T16:47:47Z
2026-08-13T16:46:02Z,2026-08-13T18:46:02+0200,bbadff40-465f-4669-a5ab-d3c11bbfaf39,2026-08-08T23:45:00Z,2026-08-09T01:45:00+0200,2593.38,MW,FR,FR,actual_onshore_wind_generation,Wind Onshore,2026-08-13T16:47:47Z
2026-08-13T16:46:02Z,2026-08-13T18:46:02+0200,bbadff40-465f-4669-a5ab-d3c11bbfaf39,2026-08-09T00:00:00Z,2026-08-09T02:00:00+0200,2552.59,MW,FR,FR,actual_onshore_wind_generation,Wind Onshore,2026-08-13T16:47:47Z
2026-08-13T16:46:02Z,2026-08-13T18:46:02+0200,bbadff40-465f-4669-a5ab-d3c11bbfaf39,2026-08-09T00:15:00Z,2026-08-09T02:15:00+0200,2498.24,MW,FR,FR,actual_onshore_wind_generation,Wind Onshore,2026-08-13T16:47:47Z
2026-08-13T16:46:02Z,2026-08-13T18:46:02+0200,bbadff40-465f-4669-a5ab-d3c11bbfaf39,2026-08-09T00:30:00Z,2026-08-09T02:30:00+0200,2368.29,MW,FR,FR,actual_onshore_wind_generation,Wind Onshore,2026-08-13T16:47:47Z
2026-08-13T16:46:02Z,2026-08-13T18:46:02+0200,bbadff40-465f-4669-a5ab-d3c11bbfaf39,2026-08-09T00:45:00Z,2026-08-09T02:45:00+0200,2265.78,MW,FR,FR,actual_onshore_wind_generation,Wind Onshore,2026-08-13T16:47:47Z
2026-08-13T16:46:02Z,2026-08-13T18:46:02+0200,bbadff40-465f-4669-a5ab-d3c11bbfaf39,2026-08-09T01:00:00Z,2026-08-09T03:00:00+0200,2134.17,MW,FR,FR,actual_onshore_wind_generation,Wind Onshore,2026-08-13T16:47:47Z
2026-08-13T16:46:02Z,2026-08-13T18:46:02+0200,bbadff40-465f-4669-a5ab-d3c11bbfaf39,2026-08-09T01:15:00Z,2026-08-09T03:15:00+0200,2159.63,MW,FR,FR,actual_onshore_wind_generation,Wind Onshore,2026-08-13T16:47:47Z
2026-08-13T16:46:02Z,2026-08-13T18:46:02+0200,bbadff40-465f-4669-a5ab-d3c11bbfaf39,2026-08-09T01:30:00Z,2026-08-09T03:30:00+0200,1992.08,MW,FR,FR,actual_onshore_wind_generation,Wind Onshore,2026-08-13T16:47:47Z
2026-08-13T16:46:02Z,2026-08-13T18:46:02+0200,bbadff40-465f-4669-a5ab-d3c11bbfaf39,2026-08-09T01:45:00Z,2026-08-09T03:45:00+0200,1863.98,MW,FR,FR,actual_onshore_wind_generation,Wind Onshore,2026-08-13T16:47:47Z
2026-08-13T16:46:02Z,2026-08-13T18:46:02+0200,bbadff40-465f-4669-a5ab-d3c11bbfaf39,2026-08-09T02:00:00Z,2026-08-09T04:00:00+0200,1882.71,MW,FR,FR,actual_onshore_wind_generation,Wind Onshore,2026-08-13T16:47:47Z
2026-08-13T16:46:02Z,2026-08-13T18:46:02+0200,bbadff40-465f-4669-a5ab-d3c11bbfaf39,2026-08-09T02:15:00Z,2026-08-09T04:15:00+0200,1898.48,MW,FR,FR,actual_onshore_wind_generation,Wind Onshore,2026-08-13T16:47:47Z
2026-08-13T16:46:02Z,2026-08-13T18:46:02+0200,bbadff40-465f-4669-a5ab-d3c11bbfaf39,2026-08-09T02:30:00Z,2026-08-09T04:30:00+0200,1870.26,MW,FR,FR,actual_onshore_wind_generation,Wind Onshore,2026-08-13T16:47:47Z
2026-08-13T16:46:02Z,2026-08-13T18:46:02+0200,bbadff40-465f-4669-a5ab-d3c11bbfaf39,2026-08-09T02:45:00Z,2026-08-09T04:45:00+0200,1888.82,MW,FR,FR,actual_onshore_wind_generation,Wind Onshore,2026-08-13T16:47:47Z
2026-08-13T16:46:02Z,2026-08-13T18:46:02+0200,bbadff40-465f-4669-a5ab-d3c11bbfaf39,2026-08-09T03:00:00Z,2026-08-09T05:00:00+0200,1852.93,MW,FR,FR,actual_onshore_wind_generation,Wind Onshore,2026-08-13T16:47:47Z
2026-08-13T16:46:02Z,2026-08-13T18:46:02+0200,bbadff40-465f-4669-a5ab-d3c11bbfaf39,2026-08-09T03:15:00Z,2026-08-09T05:15:00+0200,1852.07,MW,FR,FR,actual_onshore_wind_generation,Wind Onshore,2026-08-13T16:47:47Z
2026-08-13T16:46:02Z,2026-08-13T18:46:02+0200,bbadff40-465f-4669-a5ab-d3c11bbfaf39,2026-08-09T03:30:00Z,2026-08-09T05:30:00+0200,1760.7,MW,FR,FR,actual_onshore_wind_generation,Wind Onshore,2026-08-13T16:47:47Z
2026-08-13T16:46:02Z,2026-08-13T18:46:02+0200,bbadff40-465f-4669-a5ab-d3c11bbfaf39,2026-08-09T03:45:00Z,2026-08-09T05:45:00+0200,1617.86,MW,FR,FR,actual_onshore_wind_generation,Wind Onshore,2026-08-13T16:47:47Z
2026-08-13T16:46:02Z,2026-08-13T18:46:02+0200,bbadff40-465f-4669-a5ab-d3c11bbfaf39,2026-08-09T04:00:00Z,2026-08-09T06:00:00+0200,1473.87,MW,FR,FR,actual_onshore_wind_generation,Wind Onshore,2026-08-13T16:47:47Z
2026-08-13T16:46:02Z,2026-08-13T18:46:02+0200,bbadff40-465f-4669-a5ab-d3c11bbfaf39,2026-08-09T04:15:00Z,2026-08-09T06:15:00+0200,1422.72,MW,FR,FR,actual_onshore_wind_generation,Wind Onshore,2026-08-13T16:47:47Z
2026-08-13T16:46:02Z,2026-08-13T18:46:02+0200,bbadff40-465f-4669-a5ab-d3c11bbfaf39,2026-08-09T04:30:00Z,2026-08-09T06:30:00+0200,1456.33,MW,FR,FR,actual_onshore_wind_generation,Wind Onshore,2026-08-13T16:47:47Z
2026-08-13T16:46:02Z,2026-08-13T18:46:02+0200,bbadff40-465f-4669-a5ab-d3c11bbfaf39,2026-08-09T04:45:00Z,2026-08-09T06:45:00+0200,1460.75,MW,FR,FR,actual_onshore_wind_generation,Wind Onshore,2026-08-13T16:47:47Z
2026-08-13T16:46:02Z,2026-08-13T18:46:02+0200,bbadff40-465f-4669-a5ab-d3c11bbfaf39,2026-08-09T05:00:00Z,2026-08-09T07:00:00+0200,1603.34,MW,FR,FR,actual_onshore_wind_generation,Wind Onshore,2026-08-13T16:47:47Z
2026-08-13T16:46:02Z,2026-08-13T18:46:02+0200,bbadff40-465f-4669-a5ab-d3c11bbfaf39,2026-08-09T05:15:00Z,2026-08-09T07:15:00+0200,1765.63,MW,FR,FR,actual_onshore_wind_generation,Wind Onshore,2026-08-13T16:47:47Z
2026-08-13T16:46:02Z,2026-08-13T18:46:02+0200,bbadff40-465f-4669-a5ab-d3c11bbfaf39,2026-08-09T05:30:00Z,2026-08-09T07:30:00+0200,1990.22,MW,FR,FR,actual_onshore_wind_generation,Wind Onshore,2026-08-13T16:47:47Z
2026-08-13T16:46:02Z,2026-08-13T18:46:02+0200,bbadff40-465f-4669-a5ab-d3c11bbfaf39,2026-08-09T05:45:00Z,2026-08-09T07:45:00+0200,1962.18,MW,FR,FR,actual_onshore_wind_generation,Wind Onshore,2026-08-13T16:47:47Z
2026-08-13T16:46:02Z,2026-08-13T18:46:02+0200,bbadff40-465f-4669-a5ab-d3c11bbfaf39,2026-08-09T06:00:00Z,2026-08-09T08:00:00+0200,1848.47,MW,FR,FR,actual_onshore_wind_generation,Wind Onshore,2026-08-13T16:47:47Z
2026-08-13T16:46:02Z,2026-08-13T18:46:02+0200,bbadff40-465f-4669-a5ab-d3c11bbfaf39,2026-08-09T06:15:00Z,2026-08-09T08:15:00+0200,1836.59,MW,FR,FR,actual_onshore_wind_generation,Wind Onshore,2026-08-13T16:47:47Z
2026-08-13T16:46:02Z,2026-08-13T18:46:02+0200,bbadff40-465f-4669-a5ab-d3c11bbfaf39,2026-08-09T06:30:00Z,2026-08-09T08:30:00+0200,1784.34,MW,FR,FR,actual_onshore_wind_generation,Wind Onshore,2026-08-13T16:47:47Z
2026-08-13T16:46:02Z,2026-08-13T18:46:02+0200,bbadff40-465f-4669-a5ab-d3c11bbfaf39,2026-08-09T06:45:00Z,2026-08-09T08:45:00+0200,1684.37,MW,FR,FR,actual_onshore_wind_generation,Wind Onshore,2026-08-13T16:47:47Z
2026-08-13T16:46:02Z,2026-08-13T18:46:02+0200,bbadff40-465f-4669-a5ab-d3c11bbfaf39,2026-08-09T07:00:00Z,2026-08-09T09:00:00+0200,1545.81,MW,FR,FR,actual_onshore_wind_generation,Wind Onshore,2026-08-13T16:47:47Z
2026-08-13T16:46:02Z,2026-08-13T18:46:02+0200,bbadff40-465f-4669-a5ab-d3c11bbfaf39,2026-08-09T07:15:00Z,2026-08-09T09:15:00+0200,1492.53,MW,FR,FR,actual_onshore_wind_generation,Wind Onshore,2026-08-13T16:47:47Z
2026-08-13T16:46:02Z,2026-08-13T18:46:02+0200,bbadff40-465f-4669-a5ab-d3c11bbfaf39,2026-08-09T07:30:00Z,2026-08-09T09:30:00+0200,1618.74,MW,FR,FR,actual_onshore_wind_generation,Wind Onshore,2026-08-13T16:47:47Z
2026-08-13T16:46:02Z,2026-08-13T18:46:02+0200,bbadff40-465f-4669-a5ab-d3c11bbfaf39,2026-08-09T07:45:00Z,2026-08-09T09:45:00+0200,1538.74,MW,FR,FR,actual_onshore_wind_generation,Wind Onshore,2026-08-13T16:47:47Z
2026-08-13T16:46:02Z,2026-08-13T18:46:02+0200,bbadff40-465f-4669-a5ab-d3c11bbfaf39,2026-08-09T08:00:00Z,2026-08-09T10:00:00+0200,1358.05,MW,FR,FR,actual_onshore_wind_generation,Wind Onshore,2026-08-13T16:47:47Z
2026-08-13T16:46:02Z,2026-08-13T18:46:02+0200,bbadff40-465f-4669-a5ab-d3c11bbfaf39,2026-08-09T08:15:00Z,2026-08-09T10:15:00+0200,1320.56,MW,FR,FR,actual_onshore_wind_generation,Wind Onshore,2026-08-13T16:47:47Z
2026-08-13T16:46:02Z,2026-08-13T18:46:02+0200,bbadff40-465f-4669-a5ab-d3c11bbfaf39,2026-08-09T08:30:00Z,2026-08-09T10:30:00+0200,1292.31,MW,FR,FR,actual_onshore_wind_generation,Wind Onshore,2026-08-13T16:47:47Z
2026-08-13T16:46:02Z,2026-08-13T18:46:02+0200,bbadff40-465f-4669-a5ab-d3c11bbfaf39,2026-08-09T08:45:00Z,2026-08-09T10:45:00+0200,1370.94,MW,FR,FR,actual_onshore_wind_generation,Wind Onshore,2026-08-13T16:47:47Z
2026-08-13T16:46:02Z,2026-08-13T18:46:02+0200,bbadff40-465f-4669-a5ab-d3c11bbfaf39,2026-08-09T09:00:00Z,2026-08-09T11:00:00+0200,1536.8,MW,FR,FR,actual_onshore_wind_generation,Wind Onshore,2026-08-13T16:47:47Z
2026-08-13T16:46:02Z,2026-08-13T18:46:02+0200,bbadff40-465f-4669-a5ab-d3c11bbfaf39,2026-08-09T09:15:00Z,2026-08-09T11:15:00+0200,1481.21,MW,FR,FR,actual_onshore_wind_generation,Wind Onshore,2026-08-13T16:47:47Z
2026-08-13T16:46:02Z,2026-08-13T18:46:02+0200,bbadff40-465f-4669-a5ab-d3c11bbfaf39,2026-08-09T09:30:00Z,2026-08-09T11:30:00+0200,1538.85,MW,FR,FR,actual_onshore_wind_generation,Wind Onshore,2026-08-13T16:47:47Z
2026-08-13T16:46:02Z,2026-08-13T18:46:02+0200,bbadff40-465f-4669-a5ab-d3c11bbfaf39,2026-08-09T09:45:00Z,2026-08-09T11:45:00+0200,1320.97,MW,FR,FR,actual_onshore_wind_generation,Wind Onshore,2026-08-13T16:47:47Z
2026-08-13T16:46:02Z,2026-08-13T18:46:02+0200,bbadff40-465f-4669-a5ab-d3c11bbfaf39,2026-08-09T10:00:00Z,2026-08-09T12:00:00+0200,1381.43,MW,FR,FR,actual_onshore_wind_generation,Wind Onshore,2026-08-13T16:47:47Z
2026-08-13T16:46:02Z,2026-08-13T18:46:02+0200,bbadff40-465f-4669-a5ab-d3c11bbfaf39,2026-08-09T10:15:00Z,2026-08-09T12:15:00+0200,1373.02,MW,FR,FR,actual_onshore_wind_generation,Wind Onshore,2026-08-13T16:47:47Z
2026-08-13T16:46:02Z,2026-08-13T18:46:02+0200,bbadff40-465f-4669-a5ab-d3c11bbfaf39,2026-08-09T10:30:00Z,2026-08-09T12:30:00+0200,1284.12,MW,FR,FR,actual_onshore_wind_generation,Wind Onshore,2026-08-13T16:47:47Z
2026-08-13T16:46:02Z,2026-08-13T18:46:02+0200,bbadff40-465f-4669-a5ab-d3c11bbfaf39,2026-08-09T10:45:00Z,2026-08-09T12:45:00+0200,1201.99,MW,FR,FR,actual_onshore_wind_generation,Wind Onshore,2026-08-13T16:47:47Z
2026-08-13T16:46:02Z,2026-08-13T18:46:02+0200,bbadff40-465f-4669-a5ab-d3c11bbfaf39,2026-08-09T11:00:00Z,2026-08-09T13:00:00+0200,1139.08,MW,FR,FR,actual_onshore_wind_generation,Wind Onshore,2026-08-13T16:47:47Z
2026-08-13T16:46:02Z,2026-08-13T18:46:02+0200,bbadff40-465f-4669-a5ab-d3c11bbfaf39,2026-08-09T11:15:00Z,2026-08-09T13:15:00+0200,1219.02,MW,FR,FR,actual_onshore_wind_generation,Wind Onshore,2026-08-13T16:47:47Z
2026-08-13T16:46:02Z,2026-08-13T18:46:02+0200,bbadff40-465f-4669-a5ab-d3c11bbfaf39,2026-08-09T11:30:00Z,2026-08-09T13:30:00+0200,1129.81,MW,FR,FR,actual_onshore_wind_generation,Wind Onshore,2026-08-13T16:47:47Z
2026-08-13T16:46:02Z,2026-08-13T18:46:02+0200,bbadff40-465f-4669-a5ab-d3c11bbfaf39,2026-08-09T11:45:00Z,2026-08-09T13:45:00+0200,1120.77,MW,FR,FR,actual_onshore_wind_generation,Wind Onshore,2026-08-13T16:47:47Z
2026-08-13T16:46:02Z,2026-08-13T18:46:02+0200,bbadff40-465f-4669-a5ab-d3c11bbfaf39,2026-08-09T12:00:00Z,2026-08-09T14:00:00+0200,1216.83,MW,FR,FR,actual_onshore_wind_generation,Wind Onshore,2026-08-13T16:47:47Z
2026-08-13T16:46:02Z,2026-08-13T18:46:02+0200,bbadff40-465f-4669-a5ab-d3c11bbfaf39,2026-08-09T12:15:00Z,2026-08-09T14:15:00+0200,1316.73,MW,FR,FR,actual_onshore_wind_generation,Wind Onshore,2026-08-13T16:47:47Z
2026-08-13T16:46:02Z,2026-08-13T18:46:02+0200,bbadff40-465f-4669-a5ab-d3c11bbfaf39,2026-08-09T12:30:00Z,2026-08-09T14:30:00+0200,1227.36,MW,FR,FR,actual_onshore_wind_generation,Wind Onshore,2026-08-13T16:47:47Z
2026-08-13T16:46:02Z,2026-08-13T18:46:02+0200,bbadff40-465f-4669-a5ab-d3c11bbfaf39,2026-08-09T12:45:00Z,2026-08-09T14:45:00+0200,1096.88,MW,FR,FR,actual_onshore_wind_generation,Wind Onshore,2026-08-13T16:47:47Z
2026-08-13T16:46:02Z,2026-08-13T18:46:02+0200,bbadff40-465f-4669-a5ab-d3c11bbfaf39,2026-08-09T13:00:00Z,2026-08-09T15:00:00+0200,1042.81,MW,FR,FR,actual_onshore_wind_generation,Wind Onshore,2026-08-13T16:47:47Z
2026-08-13T16:46:02Z,2026-08-13T18:46:02+0200,bbadff40-465f-4669-a5ab-d3c11bbfaf39,2026-08-09T13:15:00Z,2026-08-09T15:15:00+0200,986.01,MW,FR,FR,actual_onshore_wind_generation,Wind Onshore,2026-08-13T16:47:47Z
2026-08-13T16:46:02Z,2026-08-13T18:46:02+0200,bbadff40-465f-4669-a5ab-d3c11bbfaf39,2026-08-09T13:30:00Z,2026-08-09T15:30:00+0200,1011.44,MW,FR,FR,actual_onshore_wind_generation,Wind Onshore,2026-08-13T16:47:47Z
2026-08-13T16:46:02Z,2026-08-13T18:46:02+0200,bbadff40-465f-4669-a5ab-d3c11bbfaf39,2026-08-09T13:45:00Z,2026-08-09T15:45:00+0200,1188.12,MW,FR,FR,actual_onshore_wind_generation,Wind Onshore,2026-08-13T16:47:47Z
2026-08-13T16:46:02Z,2026-08-13T18:46:02+0200,bbadff40-465f-4669-a5ab-d3c11bbfaf39,2026-08-09T14:00:00Z,2026-08-09T16:00:00+0200,1312.78,MW,FR,FR,actual_onshore_wind_generation,Wind Onshore,2026-08-13T16:47:47Z
2026-08-13T16:46:02Z,2026-08-13T18:46:02+0200,bbadff40-465f-4669-a5ab-d3c11bbfaf39,2026-08-09T14:15:00Z,2026-08-09T16:15:00+0200,1351.09,MW,FR,FR,actual_onshore_wind_generation,Wind Onshore,2026-08-13T16:47:47Z
2026-08-13T16:46:02Z,2026-08-13T18:46:02+0200,bbadff40-465f-4669-a5ab-d3c11bbfaf39,2026-08-09T14:30:00Z,2026-08-09T16:30:00+0200,1341.89,MW,FR,FR,actual_onshore_wind_generation,Wind Onshore,2026-08-13T16:47:47Z
2026-08-13T16:46:02Z,2026-08-13T18:46:02+0200,bbadff40-465f-4669-a5ab-d3c11bbfaf39,2026-08-09T14:45:00Z,2026-08-09T16:45:00+0200,1321.87,MW,FR,FR,actual_onshore_wind_generation,Wind Onshore,2026-08-13T16:47:47Z
2026-08-13T16:46:02Z,2026-08-13T18:46:02+0200,bbadff40-465f-4669-a5ab-d3c11bbfaf39,2026-08-09T15:00:00Z,2026-08-09T17:00:00+0200,1433.87,MW,FR,FR,actual_onshore_wind_generation,Wind Onshore,2026-08-13T16:47:47Z
2026-08-13T16:46:02Z,2026-08-13T18:46:02+0200,bbadff40-465f-4669-a5ab-d3c11bbfaf39,2026-08-09T15:15:00Z,2026-08-09T17:15:00+0200,1515.03,MW,FR,FR,actual_onshore_wind_generation,Wind Onshore,2026-08-13T16:47:47Z
2026-08-13T16:46:02Z,2026-08-13T18:46:02+0200,bbadff40-465f-4669-a5ab-d3c11bbfaf39,2026-08-09T15:30:00Z,2026-08-09T17:30:00+0200,1574.99,MW,FR,FR,actual_onshore_wind_generation,Wind Onshore,2026-08-13T16:47:47Z
2026-08-13T16:46:02Z,2026-08-13T18:46:02+0200,bbadff40-465f-4669-a5ab-d3c11bbfaf39,2026-08-09T15:45:00Z,2026-08-09T17:45:00+0200,1572.71,MW,FR,FR,actual_onshore_wind_generation,Wind Onshore,2026-08-13T16:47:47Z
2026-08-13T16:46:02Z,2026-08-13T18:46:02+0200,bbadff40-465f-4669-a5ab-d3c11bbfaf39,2026-08-09T16:00:00Z,2026-08-09T18:00:00+0200,1634.49,MW,FR,FR,actual_onshore_wind_generation,Wind Onshore,2026-08-13T16:47:47Z
2026-08-13T16:46:02Z,2026-08-13T18:46:02+0200,bbadff40-465f-4669-a5ab-d3c11bbfaf39,2026-08-09T16:15:00Z,2026-08-09T18:15:00+0200,1642.53,MW,FR,FR,actual_onshore_wind_generation,Wind Onshore,2026-08-13T16:47:47Z
2026-08-13T16:46:02Z,2026-08-13T18:46:02+0200,bbadff40-465f-4669-a5ab-d3c11bbfaf39,2026-08-09T16:30:00Z,2026-08-09T18:30:00+0200,1664.21,MW,FR,FR,actual_onshore_wind_generation,Wind Onshore,2026-08-13T16:47:47Z
2026-08-13T16:46:02Z,2026-08-13T18:46:02+0200,bbadff40-465f-4669-a5ab-d3c11bbfaf39,2026-08-09T16:45:00Z,2026-08-09T18:45:00+0200,1632.66,MW,FR,FR,actual_onshore_wind_generation,Wind Onshore,2026-08-13T16:47:47Z
2026-08-13T16:46:02Z,2026-08-13T18:46:02+0200,bbadff40-465f-4669-a5ab-d3c11bbfaf39,2026-08-09T17:00:00Z,2026-08-09T19:00:00+0200,1631.19,MW,FR,FR,actual_onshore_wind_generation,Wind Onshore,2026-08-13T16:47:47Z
2026-08-13T16:46:02Z,2026-08-13T18:46:02+0200,bbadff40-465f-4669-a5ab-d3c11bbfaf39,2026-08-09T17:15:00Z,2026-08-09T19:15:00+0200,1691.39,MW,FR,FR,actual_onshore_wind_generation,Wind Onshore,2026-08-13T16:47:47Z
2026-08-13T16:46:02Z,2026-08-13T18:46:02+0200,bbadff40-465f-4669-a5ab-d3c11bbfaf39,2026-08-09T17:30:00Z,2026-08-09T19:30:00+0200,1812.53,MW,FR,FR,actual_onshore_wind_generation,Wind Onshore,2026-08-13T16:47:47Z
2026-08-13T16:46:02Z,2026-08-13T18:46:02+0200,bbadff40-465f-4669-a5ab-d3c11bbfaf39,2026-08-09T17:45:00Z,2026-08-09T19:45:00+0200,1859.62,MW,FR,FR,actual_onshore_wind_generation,Wind Onshore,2026-08-13T16:47:47Z
2026-08-13T16:46:02Z,2026-08-13T18:46:02+0200,bbadff40-465f-4669-a5ab-d3c11bbfaf39,2026-08-09T18:00:00Z,2026-08-09T20:00:00+0200,1882.08,MW,FR,FR,actual_onshore_wind_generation,Wind Onshore,2026-08-13T16:47:47Z
2026-08-13T16:46:02Z,2026-08-13T18:46:02+0200,bbadff40-465f-4669-a5ab-d3c11bbfaf39,2026-08-09T18:15:00Z,2026-08-09T20:15:00+0200,1867.87,MW,FR,FR,actual_onshore_wind_generation,Wind Onshore,2026-08-13T16:47:47Z
2026-08-13T16:46:02Z,2026-08-13T18:46:02+0200,bbadff40-465f-4669-a5ab-d3c11bbfaf39,2026-08-09T18:30:00Z,2026-08-09T20:30:00+0200,1911.35,MW,FR,FR,actual_onshore_wind_generation,Wind Onshore,2026-08-13T16:47:47Z
2026-08-13T16:46:02Z,2026-08-13T18:46:02+0200,bbadff40-465f-4669-a5ab-d3c11bbfaf39,2026-08-09T18:45:00Z,2026-08-09T20:45:00+0200,1961.77,MW,FR,FR,actual_onshore_wind_generation,Wind Onshore,2026-08-13T16:47:47Z
2026-08-13T16:46:02Z,2026-08-13T18:46:02+0200,bbadff40-465f-4669-a5ab-d3c11bbfaf39,2026-08-09T19:00:00Z,2026-08-09T21:00:00+0200,2033.5,MW,FR,FR,actual_onshore_wind_generation,Wind Onshore,2026-08-13T16:47:47Z
2026-08-13T16:46:02Z,2026-08-13T18:46:02+0200,bbadff40-465f-4669-a5ab-d3c11bbfaf39,2026-08-09T19:15:00Z,2026-08-09T21:15:00+0200,2076.26,MW,FR,FR,actual_onshore_wind_generation,Wind Onshore,2026-08-13T16:47:47Z
2026-08-13T16:46:02Z,2026-08-13T18:46:02+0200,bbadff40-465f-4669-a5ab-d3c11bbfaf39,2026-08-09T19:30:00Z,2026-08-09T21:30:00+0200,2177.77,MW,FR,FR,actual_onshore_wind_generation,Wind Onshore,2026-08-13T16:47:47Z
2026-08-13T16:46:02Z,2026-08-13T18:46:02+0200,bbadff40-465f-4669-a5ab-d3c11bbfaf39,2026-08-09T19:45:00Z,2026-08-09T21:45:00+0200,2417.81,MW,FR,FR,actual_onshore_wind_generation,Wind Onshore,2026-08-13T16:47:47Z
2026-08-13T16:46:02Z,2026-08-13T18:46:02+0200,bbadff40-465f-4669-a5ab-d3c11bbfaf39,2026-08-09T20:00:00Z,2026-08-09T22:00:00+0200,2599.24,MW,FR,FR,actual_onshore_wind_generation,Wind Onshore,2026-08-13T16:47:47Z
2026-08-13T16:46:02Z,2026-08-13T18:46:02+0200,bbadff40-465f-4669-a5ab-d3c11bbfaf39,2026-08-09T20:15:00Z,2026-08-09T22:15:00+0200,2868.38,MW,FR,FR,actual_onshore_wind_generation,Wind Onshore,2026-08-13T16:47:47Z
2026-08-13T16:46:02Z,2026-08-13T18:46:02+0200,bbadff40-465f-4669-a5ab-d3c11bbfaf39,2026-08-09T20:30:00Z,2026-08-09T22:30:00+0200,3087.99,MW,FR,FR,actual_onshore_wind_generation,Wind Onshore,2026-08-13T16:47:47Z
2026-08-13T16:46:02Z,2026-08-13T18:46:02+0200,bbadff40-465f-4669-a5ab-d3c11bbfaf39,2026-08-09T20:45:00Z,2026-08-09T22:45:00+0200,3235.17,MW,FR,FR,actual_onshore_wind_generation,Wind Onshore,2026-08-13T16:47:47Z
2026-08-13T16:46:02Z,2026-08-13T18:46:02+0200,bbadff40-465f-4669-a5ab-d3c11bbfaf39,2026-08-09T21:00:00Z,2026-08-09T23:00:00+0200,3341.67,MW,FR,FR,actual_onshore_wind_generation,Wind Onshore,2026-08-13T16:47:47Z
2026-08-13T16:46:02Z,2026-08-13T18:46:02+0200,bbadff40-465f-4669-a5ab-d3c11bbfaf39,2026-08-09T21:15:00Z,2026-08-09T23:15:00+0200,3392.54,MW,FR,FR,actual_onshore_wind_generation,Wind Onshore,2026-08-13T16:47:47Z
2026-08-13T16:46:02Z,2026-08-13T18:46:02+0200,bbadff40-465f-4669-a5ab-d3c11bbfaf39,2026-08-09T21:30:00Z,2026-08-09T23:30:00+0200,3367.59,MW,FR,FR,actual_onshore_wind_generation,Wind Onshore,2026-08-13T16:47:47Z
2026-08-13T16:46:02Z,2026-08-13T18:46:02+0200,bbadff40-465f-4669-a5ab-d3c11bbfaf39,2026-08-09T21:45:00Z,2026-08-09T23:45:00+0200,3300.49,MW,FR,FR,actual_onshore_wind_generation,Wind Onshore,2026-08-13T16:47:47Z
2026-08-13T16:46:02Z,2026-08-13T18:46:02+0200,bbadff40-465f-4669-a5ab-d3c11bbfaf39,2026-08-09T22:00:00Z,2026-08-10T00:00:00+0200,3236.69,MW,FR,FR,actual_onshore_wind_generation,Wind Onshore,2026-08-13T16:47:47Z
2026-08-13T16:46:02Z,2026-08-13T18:46:02+0200,bbadff40-465f-4669-a5ab-d3c11bbfaf39,2026-08-09T22:15:00Z,2026-08-10T00:15:00+0200,3202.22,MW,FR,FR,actual_onshore_wind_generation,Wind Onshore,2026-08-13T16:47:47Z
2026-08-13T16:46:02Z,2026-08-13T18:46:02+0200,bbadff40-465f-4669-a5ab-d3c11bbfaf39,2026-08-09T22:30:00Z,2026-08-10T00:30:00+0200,3183.74,MW,FR,FR,actual_onshore_wind_generation,Wind Onshore,2026-08-13T16:47:47Z
2026-08-13T16:46:02Z,2026-08-13T18:46:02+0200,bbadff40-465f-4669-a5ab-d3c11bbfaf39,2026-08-09T22:45:00Z,2026-08-10T00:45:00+0200,3293.96,MW,FR,FR,actual_onshore_wind_generation,Wind Onshore,2026-08-13T16:47:47Z
2026-08-13T16:46:02Z,2026-08-13T18:46:02+0200,bbadff40-465f-4669-a5ab-d3c11bbfaf39,2026-08-09T23:00:00Z,2026-08-10T01:00:00+0200,3214.15,MW,FR,FR,actual_onshore_wind_generation,Wind Onshore,2026-08-13T16:47:47Z
2026-08-13T16:46:02Z,2026-08-13T18:46:02+0200,bbadff40-465f-4669-a5ab-d3c11bbfaf39,2026-08-09T23:15:00Z,2026-08-10T01:15:00+0200,3160.61,MW,FR,FR,actual_onshore_wind_generation,Wind Onshore,2026-08-13T16:47:47Z
2026-08-13T16:46:02Z,2026-08-13T18:46:02+0200,bbadff40-465f-4669-a5ab-d3c11bbfaf39,2026-08-09T23:30:00Z,2026-08-10T01:30:00+0200,3259.55,MW,FR,FR,actual_onshore_wind_generation,Wind Onshore,2026-08-13T16:47:47Z
2026-08-13T16:46:02Z,2026-08-13T18:46:02+0200,bbadff40-465f-4669-a5ab-d3c11bbfaf39,2026-08-09T23:45:00Z,2026-08-10T01:45:00+0200,3349.32,MW,FR,FR,actual_onshore_wind_generation,Wind Onshore,2026-08-13T16:47:47Z
2026-08-13T16:46:02Z,2026-08-13T18:46:02+0200,bbadff40-465f-4669-a5ab-d3c11bbfaf39,2026-08-10T00:00:00Z,2026-08-10T02:00:00+0200,3319.28,MW,FR,FR,actual_onshore_wind_generation,Wind Onshore,2026-08-13T16:47:47Z
2026-08-13T16:46:02Z,2026-08-13T18:46:02+0200,bbadff40-465f-4669-a5ab-d3c11bbfaf39,2026-08-10T00:15:00Z,2026-08-10T02:15:00+0200,3315.91,MW,FR,FR,actual_onshore_wind_generation,Wind Onshore,2026-08-13T16:47:47Z
2026-08-13T16:46:02Z,2026-08-13T18:46:02+0200,bbadff40-465f-4669-a5ab-d3c11bbfaf39,2026-08-10T00:30:00Z,2026-08-10T02:30:00+0200,3300.93,MW,FR,FR,actual_onshore_wind_generation,Wind Onshore,2026-08-13T16:47:47Z
2026-08-13T16:46:02Z,2026-08-13T18:46:02+0200,bbadff40-465f-4669-a5ab-d3c11bbfaf39,2026-08-10T00:45:00Z,2026-08-10T02:45:00+0200,3136.15,MW,FR,FR,actual_onshore_wind_generation,Wind Onshore,2026-08-13T16:47:47Z
2026-08-13T16:46:02Z,2026-08-13T18:46:02+0200,bbadff40-465f-4669-a5ab-d3c11bbfaf39,2026-08-10T01:00:00Z,2026-08-10T03:00:00+0200,2934.1,MW,FR,FR,actual_onshore_wind_generation,Wind Onshore,2026-08-13T16:47:47Z
2026-08-13T16:46:02Z,2026-08-13T18:46:02+0200,bbadff40-465f-4669-a5ab-d3c11bbfaf39,2026-08-10T01:15:00Z,2026-08-10T03:15:00+0200,2816.04,MW,FR,FR,actual_onshore_wind_generation,Wind Onshore,2026-08-13T16:47:47Z
2026-08-13T16:46:02Z,2026-08-13T18:46:02+0200,bbadff40-465f-4669-a5ab-d3c11bbfaf39,2026-08-10T01:30:00Z,2026-08-10T03:30:00+0200,2718.43,MW,FR,FR,actual_onshore_wind_generation,Wind Onshore,2026-08-13T16:47:47Z
2026-08-13T16:46:02Z,2026-08-13T18:46:02+0200,bbadff40-465f-4669-a5ab-d3c11bbfaf39,2026-08-10T01:45:00Z,2026-08-10T03:45:00+0200,2718.66,MW,FR,FR,actual_onshore_wind_generation,Wind Onshore,2026-08-13T16:47:47Z
2026-08-13T16:46:02Z,2026-08-13T18:46:02+0200,bbadff40-465f-4669-a5ab-d3c11bbfaf39,2026-08-10T02:00:00Z,2026-08-10T04:00:00+0200,2722.9,MW,FR,FR,actual_onshore_wind_generation,Wind Onshore,2026-08-13T16:47:47Z
2026-08-13T16:46:02Z,2026-08-13T18:46:02+0200,bbadff40-465f-4669-a5ab-d3c11bbfaf39,2026-08-10T02:15:00Z,2026-08-10T04:15:00+0200,2739.91,MW,FR,FR,actual_onshore_wind_generation,Wind Onshore,2026-08-13T16:47:47Z
2026-08-13T16:46:02Z,2026-08-13T18:46:02+0200,bbadff40-465f-4669-a5ab-d3c11bbfaf39,2026-08-10T02:30:00Z,2026-08-10T04:30:00+0200,2776.59,MW,FR,FR,actual_onshore_wind_generation,Wind Onshore,2026-08-13T16:47:47Z
2026-08-13T16:46:02Z,2026-08-13T18:46:02+0200,bbadff40-465f-4669-a5ab-d3c11bbfaf39,2026-08-10T02:45:00Z,2026-08-10T04:45:00+0200,2894.62,MW,FR,FR,actual_onshore_wind_generation,Wind Onshore,2026-08-13T16:47:47Z
2026-08-13T16:46:02Z,2026-08-13T18:46:02+0200,bbadff40-465f-4669-a5ab-d3c11bbfaf39,2026-08-10T03:00:00Z,2026-08-10T05:00:00+0200,3028.4,MW,FR,FR,actual_onshore_wind_generation,Wind Onshore,2026-08-13T16:47:47Z
2026-08-13T16:46:02Z,2026-08-13T18:46:02+0200,bbadff40-465f-4669-a5ab-d3c11bbfaf39,2026-08-10T03:15:00Z,2026-08-10T05:15:00+0200,2967.46,MW,FR,FR,actual_onshore_wind_generation,Wind Onshore,2026-08-13T16:47:47Z
2026-08-13T16:46:02Z,2026-08-13T18:46:02+0200,bbadff40-465f-4669-a5ab-d3c11bbfaf39,2026-08-10T03:30:00Z,2026-08-10T05:30:00+0200,2826.04,MW,FR,FR,actual_onshore_wind_generation,Wind Onshore,2026-08-13T16:47:47Z
2026-08-13T16:46:02Z,2026-08-13T18:46:02+0200,bbadff40-465f-4669-a5ab-d3c11bbfaf39,2026-08-10T03:45:00Z,2026-08-10T05:45:00+0200,2689.29,MW,FR,FR,actual_onshore_wind_generation,Wind Onshore,2026-08-13T16:47:47Z
2026-08-13T16:46:02Z,2026-08-13T18:46:02+0200,bbadff40-465f-4669-a5ab-d3c11bbfaf39,2026-08-10T04:00:00Z,2026-08-10T06:00:00+0200,2611.85,MW,FR,FR,actual_onshore_wind_generation,Wind Onshore,2026-08-13T16:47:47Z
2026-08-13T16:46:02Z,2026-08-13T18:46:02+0200,bbadff40-465f-4669-a5ab-d3c11bbfaf39,2026-08-10T04:15:00Z,2026-08-10T06:15:00+0200,2535.87,MW,FR,FR,actual_onshore_wind_generation,Wind Onshore,2026-08-13T16:47:47Z
2026-08-13T16:46:02Z,2026-08-13T18:46:02+0200,bbadff40-465f-4669-a5ab-d3c11bbfaf39,2026-08-10T04:30:00Z,2026-08-10T06:30:00+0200,2480.51,MW,FR,FR,actual_onshore_wind_generation,Wind Onshore,2026-08-13T16:47:47Z
2026-08-13T16:46:02Z,2026-08-13T18:46:02+0200,bbadff40-465f-4669-a5ab-d3c11bbfaf39,2026-08-10T04:45:00Z,2026-08-10T06:45:00+0200,2576.31,MW,FR,FR,actual_onshore_wind_generation,Wind Onshore,2026-08-13T16:47:47Z
2026-08-13T16:46:02Z,2026-08-13T18:46:02+0200,bbadff40-465f-4669-a5ab-d3c11bbfaf39,2026-08-10T05:00:00Z,2026-08-10T07:00:00+0200,2683.12,MW,FR,FR,actual_onshore_wind_generation,Wind Onshore,2026-08-13T16:47:47Z
2026-08-13T16:46:02Z,2026-08-13T18:46:02+0200,bbadff40-465f-4669-a5ab-d3c11bbfaf39,2026-08-10T05:15:00Z,2026-08-10T07:15:00+0200,2611.73,MW,FR,FR,actual_onshore_wind_generation,Wind Onshore,2026-08-13T16:47:47Z
2026-08-13T16:46:02Z,2026-08-13T18:46:02+0200,bbadff40-465f-4669-a5ab-d3c11bbfaf39,2026-08-10T05:30:00Z,2026-08-10T07:30:00+0200,2549.4,MW,FR,FR,actual_onshore_wind_generation,Wind Onshore,2026-08-13T16:47:47Z
2026-08-13T16:46:02Z,2026-08-13T18:46:02+0200,bbadff40-465f-4669-a5ab-d3c11bbfaf39,2026-08-10T05:45:00Z,2026-08-10T07:45:00+0200,2448.64,MW,FR,FR,actual_onshore_wind_generation,Wind Onshore,2026-08-13T16:47:47Z
2026-08-13T16:46:02Z,2026-08-13T18:46:02+0200,bbadff40-465f-4669-a5ab-d3c11bbfaf39,2026-08-10T06:00:00Z,2026-08-10T08:00:00+0200,2188.82,MW,FR,FR,actual_onshore_wind_generation,Wind Onshore,2026-08-13T16:47:47Z
2026-08-13T16:46:02Z,2026-08-13T18:46:02+0200,bbadff40-465f-4669-a5ab-d3c11bbfaf39,2026-08-10T06:15:00Z,2026-08-10T08:15:00+0200,1949.84,MW,FR,FR,actual_onshore_wind_generation,Wind Onshore,2026-08-13T16:47:47Z
2026-08-13T16:46:02Z,2026-08-13T18:46:02+0200,bbadff40-465f-4669-a5ab-d3c11bbfaf39,2026-08-10T06:30:00Z,2026-08-10T08:30:00+0200,1666.96,MW,FR,FR,actual_onshore_wind_generation,Wind Onshore,2026-08-13T16:47:47Z
2026-08-13T16:46:02Z,2026-08-13T18:46:02+0200,bbadff40-465f-4669-a5ab-d3c11bbfaf39,2026-08-10T06:45:00Z,2026-08-10T08:45:00+0200,1471.23,MW,FR,FR,actual_onshore_wind_generation,Wind Onshore,2026-08-13T16:47:47Z
2026-08-13T16:46:02Z,2026-08-13T18:46:02+0200,bbadff40-465f-4669-a5ab-d3c11bbfaf39,2026-08-10T07:00:00Z,2026-08-10T09:00:00+0200,1335.56,MW,FR,FR,actual_onshore_wind_generation,Wind Onshore,2026-08-13T16:47:47Z
2026-08-13T16:46:02Z,2026-08-13T18:46:02+0200,bbadff40-465f-4669-a5ab-d3c11bbfaf39,2026-08-10T07:15:00Z,2026-08-10T09:15:00+0200,1244.06,MW,FR,FR,actual_onshore_wind_generation,Wind Onshore,2026-08-13T16:47:47Z
2026-08-13T16:46:02Z,2026-08-13T18:46:02+0200,bbadff40-465f-4669-a5ab-d3c11bbfaf39,2026-08-10T07:30:00Z,2026-08-10T09:30:00+0200,1162.7,MW,FR,FR,actual_onshore_wind_generation,Wind Onshore,2026-08-13T16:47:47Z
2026-08-13T16:46:02Z,2026-08-13T18:46:02+0200,bbadff40-465f-4669-a5ab-d3c11bbfaf39,2026-08-10T07:45:00Z,2026-08-10T09:45:00+0200,1068.67,MW,FR,FR,actual_onshore_wind_generation,Wind Onshore,2026-08-13T16:47:47Z
2026-08-13T16:46:02Z,2026-08-13T18:46:02+0200,bbadff40-465f-4669-a5ab-d3c11bbfaf39,2026-08-10T08:00:00Z,2026-08-10T10:00:00+0200,970.81,MW,FR,FR,actual_onshore_wind_generation,Wind Onshore,2026-08-13T16:47:47Z
2026-08-13T16:46:02Z,2026-08-13T18:46:02+0200,bbadff40-465f-4669-a5ab-d3c11bbfaf39,2026-08-10T08:15:00Z,2026-08-10T10:15:00+0200,896.8,MW,FR,FR,actual_onshore_wind_generation,Wind Onshore,2026-08-13T16:47:47Z
2026-08-13T16:46:02Z,2026-08-13T18:46:02+0200,bbadff40-465f-4669-a5ab-d3c11bbfaf39,2026-08-10T08:30:00Z,2026-08-10T10:30:00+0200,867.89,MW,FR,FR,actual_onshore_wind_generation,Wind Onshore,2026-08-13T16:47:47Z
2026-08-13T16:46:02Z,2026-08-13T18:46:02+0200,bbadff40-465f-4669-a5ab-d3c11bbfaf39,2026-08-10T08:45:00Z,2026-08-10T10:45:00+0200,848.44,MW,FR,FR,actual_onshore_wind_generation,Wind Onshore,2026-08-13T16:47:47Z
2026-08-13T16:46:02Z,2026-08-13T18:46:02+0200,bbadff40-465f-4669-a5ab-d3c11bbfaf39,2026-08-10T09:00:00Z,2026-08-10T11:00:00+0200,829.65,MW,FR,FR,actual_onshore_wind_generation,Wind Onshore,2026-08-13T16:47:47Z
2026-08-13T16:46:02Z,2026-08-13T18:46:02+0200,bbadff40-465f-4669-a5ab-d3c11bbfaf39,2026-08-10T09:15:00Z,2026-08-10T11:15:00+0200,856.37,MW,FR,FR,actual_onshore_wind_generation,Wind Onshore,2026-08-13T16:47:47Z
2026-08-13T16:46:02Z,2026-08-13T18:46:02+0200,bbadff40-465f-4669-a5ab-d3c11bbfaf39,2026-08-10T09:30:00Z,2026-08-10T11:30:00+0200,902.21,MW,FR,FR,actual_onshore_wind_generation,Wind Onshore,2026-08-13T16:47:47Z
2026-08-13T16:46:02Z,2026-08-13T18:46:02+0200,bbadff40-465f-4669-a5ab-d3c11bbfaf39,2026-08-10T09:45:00Z,2026-08-10T11:45:00+0200,960.25,MW,FR,FR,actual_onshore_wind_generation,Wind Onshore,2026-08-13T16:47:47Z
2026-08-13T16:46:02Z,2026-08-13T18:46:02+0200,bbadff40-465f-4669-a5ab-d3c11bbfaf39,2026-08-10T10:00:00Z,2026-08-10T12:00:00+0200,1014.43,MW,FR,FR,actual_onshore_wind_generation,Wind Onshore,2026-08-13T16:47:47Z
2026-08-13T16:46:02Z,2026-08-13T18:46:02+0200,bbadff40-465f-4669-a5ab-d3c11bbfaf39,2026-08-10T10:15:00Z,2026-08-10T12:15:00+0200,1075.21,MW,FR,FR,actual_onshore_wind_generation,Wind Onshore,2026-08-13T16:47:47Z
2026-08-13T16:46:02Z,2026-08-13T18:46:02+0200,bbadff40-465f-4669-a5ab-d3c11bbfaf39,2026-08-10T10:30:00Z,2026-08-10T12:30:00+0200,1159.4,MW,FR,FR,actual_onshore_wind_generation,Wind Onshore,2026-08-13T16:47:47Z
2026-08-13T16:46:02Z,2026-08-13T18:46:02+0200,bbadff40-465f-4669-a5ab-d3c11bbfaf39,2026-08-10T10:45:00Z,2026-08-10T12:45:00+0200,1229.23,MW,FR,FR,actual_onshore_wind_generation,Wind Onshore,2026-08-13T16:47:47Z
2026-08-13T16:46:02Z,2026-08-13T18:46:02+0200,bbadff40-465f-4669-a5ab-d3c11bbfaf39,2026-08-10T11:00:00Z,2026-08-10T13:00:00+0200,1273.97,MW,FR,FR,actual_onshore_wind_generation,Wind Onshore,2026-08-13T16:47:47Z
2026-08-13T16:46:02Z,2026-08-13T18:46:02+0200,bbadff40-465f-4669-a5ab-d3c11bbfaf39,2026-08-10T11:15:00Z,2026-08-10T13:15:00+0200,1342.02,MW,FR,FR,actual_onshore_wind_generation,Wind Onshore,2026-08-13T16:47:47Z
2026-08-13T16:46:02Z,2026-08-13T18:46:02+0200,bbadff40-465f-4669-a5ab-d3c11bbfaf39,2026-08-10T11:30:00Z,2026-08-10T13:30:00+0200,1433.46,MW,FR,FR,actual_onshore_wind_generation,Wind Onshore,2026-08-13T16:47:47Z
2026-08-13T16:46:02Z,2026-08-13T18:46:02+0200,bbadff40-465f-4669-a5ab-d3c11bbfaf39,2026-08-10T11:45:00Z,2026-08-10T13:45:00+0200,1491.25,MW,FR,FR,actual_onshore_wind_generation,Wind Onshore,2026-08-13T16:47:47Z
2026-08-13T16:46:02Z,2026-08-13T18:46:02+0200,bbadff40-465f-4669-a5ab-d3c11bbfaf39,2026-08-10T12:00:00Z,2026-08-10T14:00:00+0200,1504.02,MW,FR,FR,actual_onshore_wind_generation,Wind Onshore,2026-08-13T16:47:47Z
2026-08-13T16:46:02Z,2026-08-13T18:46:02+0200,bbadff40-465f-4669-a5ab-d3c11bbfaf39,2026-08-10T12:15:00Z,2026-08-10T14:15:00+0200,1471.89,MW,FR,FR,actual_onshore_wind_generation,Wind Onshore,2026-08-13T16:47:47Z
2026-08-13T16:46:02Z,2026-08-13T18:46:02+0200,bbadff40-465f-4669-a5ab-d3c11bbfaf39,2026-08-10T12:30:00Z,2026-08-10T14:30:00+0200,1504.73,MW,FR,FR,actual_onshore_wind_generation,Wind Onshore,2026-08-13T16:47:47Z
2026-08-13T16:46:02Z,2026-08-13T18:46:02+0200,bbadff40-465f-4669-a5ab-d3c11bbfaf39,2026-08-10T12:45:00Z,2026-08-10T14:45:00+0200,1555.3,MW,FR,FR,actual_onshore_wind_generation,Wind Onshore,2026-08-13T16:47:47Z
2026-08-13T16:46:02Z,2026-08-13T18:46:02+0200,bbadff40-465f-4669-a5ab-d3c11bbfaf39,2026-08-10T13:00:00Z,2026-08-10T15:00:00+0200,1547.32,MW,FR,FR,actual_onshore_wind_generation,Wind Onshore,2026-08-13T16:47:47Z
2026-08-13T16:46:02Z,2026-08-13T18:46:02+0200,bbadff40-465f-4669-a5ab-d3c11bbfaf39,2026-08-10T13:15:00Z,2026-08-10T15:15:00+0200,1542.13,MW,FR,FR,actual_onshore_wind_generation,Wind Onshore,2026-08-13T16:47:47Z
2026-08-13T16:46:02Z,2026-08-13T18:46:02+0200,bbadff40-465f-4669-a5ab-d3c11bbfaf39,2026-08-10T13:30:00Z,2026-08-10T15:30:00+0200,1564.97,MW,FR,FR,actual_onshore_wind_generation,Wind Onshore,2026-08-13T16:47:47Z
2026-08-13T16:46:02Z,2026-08-13T18:46:02+0200,bbadff40-465f-4669-a5ab-d3c11bbfaf39,2026-08-10T13:45:00Z,2026-08-10T15:45:00+0200,1547.7,MW,FR,FR,actual_onshore_wind_generation,Wind Onshore,2026-08-13T16:47:47Z
2026-08-13T16:46:02Z,2026-08-13T18:46:02+0200,bbadff40-465f-4669-a5ab-d3c11bbfaf39,2026-08-10T14:00:00Z,2026-08-10T16:00:00+0200,1525.02,MW,FR,FR,actual_onshore_wind_generation,Wind Onshore,2026-08-13T16:47:47Z
2026-08-13T16:46:02Z,2026-08-13T18:46:02+0200,bbadff40-465f-4669-a5ab-d3c11bbfaf39,2026-08-10T14:15:00Z,2026-08-10T16:15:00+0200,1489.2,MW,FR,FR,actual_onshore_wind_generation,Wind Onshore,2026-08-13T16:47:47Z
2026-08-13T16:46:02Z,2026-08-13T18:46:02+0200,bbadff40-465f-4669-a5ab-d3c11bbfaf39,2026-08-10T14:30:00Z,2026-08-10T16:30:00+0200,1504.19,MW,FR,FR,actual_onshore_wind_generation,Wind Onshore,2026-08-13T16:47:47Z
2026-08-13T16:46:02Z,2026-08-13T18:46:02+0200,bbadff40-465f-4669-a5ab-d3c11bbfaf39,2026-08-10T14:45:00Z,2026-08-10T16:45:00+0200,1530.79,MW,FR,FR,actual_onshore_wind_generation,Wind Onshore,2026-08-13T16:47:47Z
2026-08-13T16:46:02Z,2026-08-13T18:46:02+0200,bbadff40-465f-4669-a5ab-d3c11bbfaf39,2026-08-10T15:00:00Z,2026-08-10T17:00:00+0200,1514.26,MW,FR,FR,actual_onshore_wind_generation,Wind Onshore,2026-08-13T16:47:47Z
2026-08-13T16:46:02Z,2026-08-13T18:46:02+0200,bbadff40-465f-4669-a5ab-d3c11bbfaf39,2026-08-10T15:15:00Z,2026-08-10T17:15:00+0200,1535.31,MW,FR,FR,actual_onshore_wind_generation,Wind Onshore,2026-08-13T16:47:47Z
2026-08-13T16:46:02Z,2026-08-13T18:46:02+0200,bbadff40-465f-4669-a5ab-d3c11bbfaf39,2026-08-10T15:30:00Z,2026-08-10T17:30:00+0200,1530.29,MW,FR,FR,actual_onshore_wind_generation,Wind Onshore,2026-08-13T16:47:47Z
2026-08-13T16:46:02Z,2026-08-13T18:46:02+0200,bbadff40-465f-4669-a5ab-d3c11bbfaf39,2026-08-10T15:45:00Z,2026-08-10T17:45:00+0200,1547.95,MW,FR,FR,actual_onshore_wind_generation,Wind Onshore,2026-08-13T16:47:47Z
2026-08-13T16:46:02Z,2026-08-13T18:46:02+0200,bbadff40-465f-4669-a5ab-d3c11bbfaf39,2026-08-10T16:00:00Z,2026-08-10T18:00:00+0200,1564.43,MW,FR,FR,actual_onshore_wind_generation,Wind Onshore,2026-08-13T16:47:47Z
2026-08-13T16:46:02Z,2026-08-13T18:46:02+0200,bbadff40-465f-4669-a5ab-d3c11bbfaf39,2026-08-10T16:15:00Z,2026-08-10T18:15:00+0200,1628.69,MW,FR,FR,actual_onshore_wind_generation,Wind Onshore,2026-08-13T16:47:47Z
2026-08-13T16:46:02Z,2026-08-13T18:46:02+0200,bbadff40-465f-4669-a5ab-d3c11bbfaf39,2026-08-10T16:30:00Z,2026-08-10T18:30:00+0200,1698.27,MW,FR,FR,actual_onshore_wind_generation,Wind Onshore,2026-08-13T16:47:47Z
2026-08-13T16:46:02Z,2026-08-13T18:46:02+0200,bbadff40-465f-4669-a5ab-d3c11bbfaf39,2026-08-10T16:45:00Z,2026-08-10T18:45:00+0200,1843.77,MW,FR,FR,actual_onshore_wind_generation,Wind Onshore,2026-08-13T16:47:47Z
2026-08-13T16:46:02Z,2026-08-13T18:46:02+0200,bbadff40-465f-4669-a5ab-d3c11bbfaf39,2026-08-10T17:00:00Z,2026-08-10T19:00:00+0200,2023.65,MW,FR,FR,actual_onshore_wind_generation,Wind Onshore,2026-08-13T16:47:47Z
2026-08-13T16:46:02Z,2026-08-13T18:46:02+0200,bbadff40-465f-4669-a5ab-d3c11bbfaf39,2026-08-10T17:15:00Z,2026-08-10T19:15:00+0200,2228.94,MW,FR,FR,actual_onshore_wind_generation,Wind Onshore,2026-08-13T16:47:47Z
2026-08-13T16:46:02Z,2026-08-13T18:46:02+0200,bbadff40-465f-4669-a5ab-d3c11bbfaf39,2026-08-10T17:30:00Z,2026-08-10T19:30:00+0200,2477.92,MW,FR,FR,actual_onshore_wind_generation,Wind Onshore,2026-08-13T16:47:47Z
2026-08-13T16:46:02Z,2026-08-13T18:46:02+0200,bbadff40-465f-4669-a5ab-d3c11bbfaf39,2026-08-10T17:45:00Z,2026-08-10T19:45:00+0200,2702.08,MW,FR,FR,actual_onshore_wind_generation,Wind Onshore,2026-08-13T16:47:47Z
2026-08-13T16:46:02Z,2026-08-13T18:46:02+0200,bbadff40-465f-4669-a5ab-d3c11bbfaf39,2026-08-10T18:00:00Z,2026-08-10T20:00:00+0200,2950.63,MW,FR,FR,actual_onshore_wind_generation,Wind Onshore,2026-08-13T16:47:47Z
2026-08-13T16:46:02Z,2026-08-13T18:46:02+0200,bbadff40-465f-4669-a5ab-d3c11bbfaf39,2026-08-10T18:15:00Z,2026-08-10T20:15:00+0200,3215.78,MW,FR,FR,actual_onshore_wind_generation,Wind Onshore,2026-08-13T16:47:47Z
2026-08-13T16:46:02Z,2026-08-13T18:46:02+0200,bbadff40-465f-4669-a5ab-d3c11bbfaf39,2026-08-10T18:30:00Z,2026-08-10T20:30:00+0200,3459.56,MW,FR,FR,actual_onshore_wind_generation,Wind Onshore,2026-08-13T16:47:47Z
2026-08-13T16:46:02Z,2026-08-13T18:46:02+0200,bbadff40-465f-4669-a5ab-d3c11bbfaf39,2026-08-10T18:45:00Z,2026-08-10T20:45:00+0200,3675.77,MW,FR,FR,actual_onshore_wind_generation,Wind Onshore,2026-08-13T16:47:47Z
2026-08-13T16:46:02Z,2026-08-13T18:46:02+0200,bbadff40-465f-4669-a5ab-d3c11bbfaf39,2026-08-10T19:00:00Z,2026-08-10T21:00:00+0200,3774.69,MW,FR,FR,actual_onshore_wind_generation,Wind Onshore,2026-08-13T16:47:47Z
2026-08-13T16:46:02Z,2026-08-13T18:46:02+0200,bbadff40-465f-4669-a5ab-d3c11bbfaf39,2026-08-10T19:15:00Z,2026-08-10T21:15:00+0200,3912.43,MW,FR,FR,actual_onshore_wind_generation,Wind Onshore,2026-08-13T16:47:47Z
2026-08-13T16:46:02Z,2026-08-13T18:46:02+0200,bbadff40-465f-4669-a5ab-d3c11bbfaf39,2026-08-10T19:30:00Z,2026-08-10T21:30:00+0200,4152.33,MW,FR,FR,actual_onshore_wind_generation,Wind Onshore,2026-08-13T16:47:47Z
2026-08-13T16:46:02Z,2026-08-13T18:46:02+0200,bbadff40-465f-4669-a5ab-d3c11bbfaf39,2026-08-10T19:45:00Z,2026-08-10T21:45:00+0200,4370.09,MW,FR,FR,actual_onshore_wind_generation,Wind Onshore,2026-08-13T16:47:47Z
2026-08-13T16:46:02Z,2026-08-13T18:46:02+0200,bbadff40-465f-4669-a5ab-d3c11bbfaf39,2026-08-10T20:00:00Z,2026-08-10T22:00:00+0200,4560.87,MW,FR,FR,actual_onshore_wind_generation,Wind Onshore,2026-08-13T16:47:47Z
2026-08-13T16:46:02Z,2026-08-13T18:46:02+0200,bbadff40-465f-4669-a5ab-d3c11bbfaf39,2026-08-10T20:15:00Z,2026-08-10T22:15:00+0200,4661.65,MW,FR,FR,actual_onshore_wind_generation,Wind Onshore,2026-08-13T16:47:47Z
2026-08-13T16:46:02Z,2026-08-13T18:46:02+0200,bbadff40-465f-4669-a5ab-d3c11bbfaf39,2026-08-10T20:30:00Z,2026-08-10T22:30:00+0200,4803.66,MW,FR,FR,actual_onshore_wind_generation,Wind Onshore,2026-08-13T16:47:47Z
2026-08-13T16:46:02Z,2026-08-13T18:46:02+0200,bbadff40-465f-4669-a5ab-d3c11bbfaf39,2026-08-10T20:45:00Z,2026-08-10T22:45:00+0200,4900.59,MW,FR,FR,actual_onshore_wind_generation,Wind Onshore,2026-08-13T16:47:47Z
2026-08-13T16:46:02Z,2026-08-13T18:46:02+0200,bbadff40-465f-4669-a5ab-d3c11bbfaf39,2026-08-10T21:00:00Z,2026-08-10T23:00:00+0200,4962.32,MW,FR,FR,actual_onshore_wind_generation,Wind Onshore,2026-08-13T16:47:47Z
2026-08-13T16:46:02Z,2026-08-13T18:46:02+0200,bbadff40-465f-4669-a5ab-d3c11bbfaf39,2026-08-10T21:15:00Z,2026-08-10T23:15:00+0200,5159.5,MW,FR,FR,actual_onshore_wind_generation,Wind Onshore,2026-08-13T16:47:47Z
2026-08-13T16:46:02Z,2026-08-13T18:46:02+0200,bbadff40-465f-4669-a5ab-d3c11bbfaf39,2026-08-10T21:30:00Z,2026-08-10T23:30:00+0200,5365.16,MW,FR,FR,actual_onshore_wind_generation,Wind Onshore,2026-08-13T16:47:47Z
2026-08-13T16:46:02Z,2026-08-13T18:46:02+0200,bbadff40-465f-4669-a5ab-d3c11bbfaf39,2026-08-10T21:45:00Z,2026-08-10T23:45:00+0200,5488.66,MW,FR,FR,actual_onshore_wind_generation,Wind Onshore,2026-08-13T16:47:47Z
2026-08-13T16:46:02Z,2026-08-13T18:46:02+0200,bbadff40-465f-4669-a5ab-d3c11bbfaf39,2026-08-10T22:00:00Z,2026-08-11T00:00:00+0200,5616.22,MW,FR,FR,actual_onshore_wind_generation,Wind Onshore,2026-08-13T16:47:47Z
2026-08-13T16:46:02Z,2026-08-13T18:46:02+0200,bbadff40-465f-4669-a5ab-d3c11bbfaf39,2026-08-10T22:15:00Z,2026-08-11T00:15:00+0200,5573.12,MW,FR,FR,actual_onshore_wind_generation,Wind Onshore,2026-08-13T16:47:47Z
2026-08-13T16:46:02Z,2026-08-13T18:46:02+0200,bbadff40-465f-4669-a5ab-d3c11bbfaf39,2026-08-10T22:30:00Z,2026-08-11T00:30:00+0200,5477.55,MW,FR,FR,actual_onshore_wind_generation,Wind Onshore,2026-08-13T16:47:47Z
2026-08-13T16:46:02Z,2026-08-13T18:46:02+0200,bbadff40-465f-4669-a5ab-d3c11bbfaf39,2026-08-10T22:45:00Z,2026-08-11T00:45:00+0200,5404.41,MW,FR,FR,actual_onshore_wind_generation,Wind Onshore,2026-08-13T16:47:47Z
2026-08-13T16:46:02Z,2026-08-13T18:46:02+0200,bbadff40-465f-4669-a5ab-d3c11bbfaf39,2026-08-10T23:00:00Z,2026-08-11T01:00:00+0200,5431.46,MW,FR,FR,actual_onshore_wind_generation,Wind Onshore,2026-08-13T16:47:47Z
2026-08-13T16:46:02Z,2026-08-13T18:46:02+0200,bbadff40-465f-4669-a5ab-d3c11bbfaf39,2026-08-10T23:15:00Z,2026-08-11T01:15:00+0200,5383.54,MW,FR,FR,actual_onshore_wind_generation,Wind Onshore,2026-08-13T16:47:47Z
2026-08-13T16:46:02Z,2026-08-13T18:46:02+0200,bbadff40-465f-4669-a5ab-d3c11bbfaf39,2026-08-10T23:30:00Z,2026-08-11T01:30:00+0200,5294.76,MW,FR,FR,actual_onshore_wind_generation,Wind Onshore,2026-08-13T16:47:47Z
2026-08-13T16:46:02Z,2026-08-13T18:46:02+0200,bbadff40-465f-4669-a5ab-d3c11bbfaf39,2026-08-10T23:45:00Z,2026-08-11T01:45:00+0200,5305.26,MW,FR,FR,actual_onshore_wind_generation,Wind Onshore,2026-08-13T16:47:47Z
2026-08-13T16:46:02Z,2026-08-13T18:46:02+0200,bbadff40-465f-4669-a5ab-d3c11bbfaf39,2026-08-11T00:00:00Z,2026-08-11T02:00:00+0200,5278.68,MW,FR,FR,actual_onshore_wind_generation,Wind Onshore,2026-08-13T16:47:47Z
2026-08-13T16:46:02Z,2026-08-13T18:46:02+0200,bbadff40-465f-4669-a5ab-d3c11bbfaf39,2026-08-11T00:15:00Z,2026-08-11T02:15:00+0200,5265.6,MW,FR,FR,actual_onshore_wind_generation,Wind Onshore,2026-08-13T16:47:47Z
2026-08-13T16:46:02Z,2026-08-13T18:46:02+0200,bbadff40-465f-4669-a5ab-d3c11bbfaf39,2026-08-11T00:30:00Z,2026-08-11T02:30:00+0200,5260.29,MW,FR,FR,actual_onshore_wind_generation,Wind Onshore,2026-08-13T16:47:47Z
2026-08-13T16:46:02Z,2026-08-13T18:46:02+0200,bbadff40-465f-4669-a5ab-d3c11bbfaf39,2026-08-11T00:45:00Z,2026-08-11T02:45:00+0200,5222.02,MW,FR,FR,actual_onshore_wind_generation,Wind Onshore,2026-08-13T16:47:47Z
2026-08-13T16:46:02Z,2026-08-13T18:46:02+0200,bbadff40-465f-4669-a5ab-d3c11bbfaf39,2026-08-11T01:00:00Z,2026-08-11T03:00:00+0200,5030.4,MW,FR,FR,actual_onshore_wind_generation,Wind Onshore,2026-08-13T16:47:47Z
2026-08-13T16:46:02Z,2026-08-13T18:46:02+0200,bbadff40-465f-4669-a5ab-d3c11bbfaf39,2026-08-11T01:15:00Z,2026-08-11T03:15:00+0200,5028.47,MW,FR,FR,actual_onshore_wind_generation,Wind Onshore,2026-08-13T16:47:47Z
2026-08-13T16:46:02Z,2026-08-13T18:46:02+0200,bbadff40-465f-4669-a5ab-d3c11bbfaf39,2026-08-11T01:30:00Z,2026-08-11T03:30:00+0200,5006.46,MW,FR,FR,actual_onshore_wind_generation,Wind Onshore,2026-08-13T16:47:47Z
2026-08-13T16:46:02Z,2026-08-13T18:46:02+0200,bbadff40-465f-4669-a5ab-d3c11bbfaf39,2026-08-11T01:45:00Z,2026-08-11T03:45:00+0200,4961.92,MW,FR,FR,actual_onshore_wind_generation,Wind Onshore,2026-08-13T16:47:47Z
2026-08-13T16:46:02Z,2026-08-13T18:46:02+0200,bbadff40-465f-4669-a5ab-d3c11bbfaf39,2026-08-11T02:00:00Z,2026-08-11T04:00:00+0200,4928.4,MW,FR,FR,actual_onshore_wind_generation,Wind Onshore,2026-08-13T16:47:47Z
2026-08-13T16:46:02Z,2026-08-13T18:46:02+0200,bbadff40-465f-4669-a5ab-d3c11bbfaf39,2026-08-11T02:15:00Z,2026-08-11T04:15:00+0200,4874.49,MW,FR,FR,actual_onshore_wind_generation,Wind Onshore,2026-08-13T16:47:47Z
2026-08-13T16:46:02Z,2026-08-13T18:46:02+0200,bbadff40-465f-4669-a5ab-d3c11bbfaf39,2026-08-11T02:30:00Z,2026-08-11T04:30:00+0200,4787.98,MW,FR,FR,actual_onshore_wind_generation,Wind Onshore,2026-08-13T16:47:47Z
2026-08-13T16:46:02Z,2026-08-13T18:46:02+0200,bbadff40-465f-4669-a5ab-d3c11bbfaf39,2026-08-11T02:45:00Z,2026-08-11T04:45:00+0200,4737.73,MW,FR,FR,actual_onshore_wind_generation,Wind Onshore,2026-08-13T16:47:47Z
2026-08-13T16:46:02Z,2026-08-13T18:46:02+0200,bbadff40-465f-4669-a5ab-d3c11bbfaf39,2026-08-11T03:00:00Z,2026-08-11T05:00:00+0200,4652.68,MW,FR,FR,actual_onshore_wind_generation,Wind Onshore,2026-08-13T16:47:47Z
2026-08-13T16:46:02Z,2026-08-13T18:46:02+0200,bbadff40-465f-4669-a5ab-d3c11bbfaf39,2026-08-11T03:15:00Z,2026-08-11T05:15:00+0200,4578.11,MW,FR,FR,actual_onshore_wind_generation,Wind Onshore,2026-08-13T16:47:47Z
2026-08-13T16:46:02Z,2026-08-13T18:46:02+0200,bbadff40-465f-4669-a5ab-d3c11bbfaf39,2026-08-11T03:30:00Z,2026-08-11T05:30:00+0200,4512.85,MW,FR,FR,actual_onshore_wind_generation,Wind Onshore,2026-08-13T16:47:47Z
2026-08-13T16:46:02Z,2026-08-13T18:46:02+0200,bbadff40-465f-4669-a5ab-d3c11bbfaf39,2026-08-11T03:45:00Z,2026-08-11T05:45:00+0200,4441.59,MW,FR,FR,actual_onshore_wind_generation,Wind Onshore,2026-08-13T16:47:47Z
2026-08-13T16:46:02Z,2026-08-13T18:46:02+0200,bbadff40-465f-4669-a5ab-d3c11bbfaf39,2026-08-11T04:00:00Z,2026-08-11T06:00:00+0200,4362.44,MW,FR,FR,actual_onshore_wind_generation,Wind Onshore,2026-08-13T16:47:47Z
2026-08-13T16:46:02Z,2026-08-13T18:46:02+0200,bbadff40-465f-4669-a5ab-d3c11bbfaf39,2026-08-11T04:15:00Z,2026-08-11T06:15:00+0200,4294.34,MW,FR,FR,actual_onshore_wind_generation,Wind Onshore,2026-08-13T16:47:47Z
2026-08-13T16:46:02Z,2026-08-13T18:46:02+0200,bbadff40-465f-4669-a5ab-d3c11bbfaf39,2026-08-11T04:30:00Z,2026-08-11T06:30:00+0200,4319.86,MW,FR,FR,actual_onshore_wind_generation,Wind Onshore,2026-08-13T16:47:47Z
2026-08-13T16:46:02Z,2026-08-13T18:46:02+0200,bbadff40-465f-4669-a5ab-d3c11bbfaf39,2026-08-11T04:45:00Z,2026-08-11T06:45:00+0200,4363.24,MW,FR,FR,actual_onshore_wind_generation,Wind Onshore,2026-08-13T16:47:47Z
2026-08-13T16:46:02Z,2026-08-13T18:46:02+0200,bbadff40-465f-4669-a5ab-d3c11bbfaf39,2026-08-11T05:00:00Z,2026-08-11T07:00:00+0200,4425.21,MW,FR,FR,actual_onshore_wind_generation,Wind Onshore,2026-08-13T16:47:47Z
2026-08-13T16:46:02Z,2026-08-13T18:46:02+0200,bbadff40-465f-4669-a5ab-d3c11bbfaf39,2026-08-11T05:15:00Z,2026-08-11T07:15:00+0200,4424.2,MW,FR,FR,actual_onshore_wind_generation,Wind Onshore,2026-08-13T16:47:47Z
2026-08-13T16:46:02Z,2026-08-13T18:46:02+0200,bbadff40-465f-4669-a5ab-d3c11bbfaf39,2026-08-11T05:30:00Z,2026-08-11T07:30:00+0200,4328.38,MW,FR,FR,actual_onshore_wind_generation,Wind Onshore,2026-08-13T16:47:47Z
2026-08-13T16:46:02Z,2026-08-13T18:46:02+0200,bbadff40-465f-4669-a5ab-d3c11bbfaf39,2026-08-11T05:45:00Z,2026-08-11T07:45:00+0200,4119.15,MW,FR,FR,actual_onshore_wind_generation,Wind Onshore,2026-08-13T16:47:47Z
2026-08-13T16:46:02Z,2026-08-13T18:46:02+0200,bbadff40-465f-4669-a5ab-d3c11bbfaf39,2026-08-11T06:00:00Z,2026-08-11T08:00:00+0200,3804.63,MW,FR,FR,actual_onshore_wind_generation,Wind Onshore,2026-08-13T16:47:47Z
2026-08-13T16:46:02Z,2026-08-13T18:46:02+0200,bbadff40-465f-4669-a5ab-d3c11bbfaf39,2026-08-11T06:15:00Z,2026-08-11T08:15:00+0200,3381.79,MW,FR,FR,actual_onshore_wind_generation,Wind Onshore,2026-08-13T16:47:47Z
2026-08-13T16:46:02Z,2026-08-13T18:46:02+0200,bbadff40-465f-4669-a5ab-d3c11bbfaf39,2026-08-11T06:30:00Z,2026-08-11T08:30:00+0200,2934.53,MW,FR,FR,actual_onshore_wind_generation,Wind Onshore,2026-08-13T16:47:47Z
2026-08-13T16:46:02Z,2026-08-13T18:46:02+0200,bbadff40-465f-4669-a5ab-d3c11bbfaf39,2026-08-11T06:45:00Z,2026-08-11T08:45:00+0200,2555.18,MW,FR,FR,actual_onshore_wind_generation,Wind Onshore,2026-08-13T16:47:47Z
2026-08-13T16:46:02Z,2026-08-13T18:46:02+0200,bbadff40-465f-4669-a5ab-d3c11bbfaf39,2026-08-11T07:00:00Z,2026-08-11T09:00:00+0200,2274.66,MW,FR,FR,actual_onshore_wind_generation,Wind Onshore,2026-08-13T16:47:47Z
2026-08-13T16:46:02Z,2026-08-13T18:46:02+0200,bbadff40-465f-4669-a5ab-d3c11bbfaf39,2026-08-11T07:15:00Z,2026-08-11T09:15:00+0200,2013.5,MW,FR,FR,actual_onshore_wind_generation,Wind Onshore,2026-08-13T16:47:47Z
2026-08-13T16:46:02Z,2026-08-13T18:46:02+0200,bbadff40-465f-4669-a5ab-d3c11bbfaf39,2026-08-11T07:30:00Z,2026-08-11T09:30:00+0200,1794.22,MW,FR,FR,actual_onshore_wind_generation,Wind Onshore,2026-08-13T16:47:47Z
2026-08-13T16:46:02Z,2026-08-13T18:46:02+0200,bbadff40-465f-4669-a5ab-d3c11bbfaf39,2026-08-11T07:45:00Z,2026-08-11T09:45:00+0200,1635.51,MW,FR,FR,actual_onshore_wind_generation,Wind Onshore,2026-08-13T16:47:47Z
2026-08-13T16:46:02Z,2026-08-13T18:46:02+0200,bbadff40-465f-4669-a5ab-d3c11bbfaf39,2026-08-11T08:00:00Z,2026-08-11T10:00:00+0200,1549.29,MW,FR,FR,actual_onshore_wind_generation,Wind Onshore,2026-08-13T16:47:47Z
2026-08-13T16:46:02Z,2026-08-13T18:46:02+0200,bbadff40-465f-4669-a5ab-d3c11bbfaf39,2026-08-11T08:15:00Z,2026-08-11T10:15:00+0200,1511.2,MW,FR,FR,actual_onshore_wind_generation,Wind Onshore,2026-08-13T16:47:47Z
2026-08-13T16:46:02Z,2026-08-13T18:46:02+0200,bbadff40-465f-4669-a5ab-d3c11bbfaf39,2026-08-11T08:30:00Z,2026-08-11T10:30:00+0200,1521.35,MW,FR,FR,actual_onshore_wind_generation,Wind Onshore,2026-08-13T16:47:47Z
2026-08-13T16:46:02Z,2026-08-13T18:46:02+0200,bbadff40-465f-4669-a5ab-d3c11bbfaf39,2026-08-11T08:45:00Z,2026-08-11T10:45:00+0200,1565.03,MW,FR,FR,actual_onshore_wind_generation,Wind Onshore,2026-08-13T16:47:47Z
2026-08-13T16:46:02Z,2026-08-13T18:46:02+0200,bbadff40-465f-4669-a5ab-d3c11bbfaf39,2026-08-11T09:00:00Z,2026-08-11T11:00:00+0200,1651.81,MW,FR,FR,actual_onshore_wind_generation,Wind Onshore,2026-08-13T16:47:47Z
2026-08-13T16:46:02Z,2026-08-13T18:46:02+0200,bbadff40-465f-4669-a5ab-d3c11bbfaf39,2026-08-11T09:15:00Z,2026-08-11T11:15:00+0200,1733.77,MW,FR,FR,actual_onshore_wind_generation,Wind Onshore,2026-08-13T16:47:47Z
2026-08-13T16:46:02Z,2026-08-13T18:46:02+0200,bbadff40-465f-4669-a5ab-d3c11bbfaf39,2026-08-11T09:30:00Z,2026-08-11T11:30:00+0200,1829.87,MW,FR,FR,actual_onshore_wind_generation,Wind Onshore,2026-08-13T16:47:47Z
2026-08-13T16:46:02Z,2026-08-13T18:46:02+0200,bbadff40-465f-4669-a5ab-d3c11bbfaf39,2026-08-11T09:45:00Z,2026-08-11T11:45:00+0200,1887.43,MW,FR,FR,actual_onshore_wind_generation,Wind Onshore,2026-08-13T16:47:47Z
2026-08-13T16:46:02Z,2026-08-13T18:46:02+0200,bbadff40-465f-4669-a5ab-d3c11bbfaf39,2026-08-11T10:00:00Z,2026-08-11T12:00:00+0200,1940.56,MW,FR,FR,actual_onshore_wind_generation,Wind Onshore,2026-08-13T16:47:47Z
2026-08-13T16:46:02Z,2026-08-13T18:46:02+0200,bbadff40-465f-4669-a5ab-d3c11bbfaf39,2026-08-11T10:15:00Z,2026-08-11T12:15:00+0200,1979.18,MW,FR,FR,actual_onshore_wind_generation,Wind Onshore,2026-08-13T16:47:47Z
2026-08-13T16:46:02Z,2026-08-13T18:46:02+0200,bbadff40-465f-4669-a5ab-d3c11bbfaf39,2026-08-11T10:30:00Z,2026-08-11T12:30:00+0200,2016.79,MW,FR,FR,actual_onshore_wind_generation,Wind Onshore,2026-08-13T16:47:47Z
2026-08-13T16:46:02Z,2026-08-13T18:46:02+0200,bbadff40-465f-4669-a5ab-d3c11bbfaf39,2026-08-11T10:45:00Z,2026-08-11T12:45:00+0200,2009.98,MW,FR,FR,actual_onshore_wind_generation,Wind Onshore,2026-08-13T16:47:47Z
2026-08-13T16:46:02Z,2026-08-13T18:46:02+0200,bbadff40-465f-4669-a5ab-d3c11bbfaf39,2026-08-11T11:00:00Z,2026-08-11T13:00:00+0200,2000.41,MW,FR,FR,actual_onshore_wind_generation,Wind Onshore,2026-08-13T16:47:47Z
2026-08-13T16:46:02Z,2026-08-13T18:46:02+0200,bbadff40-465f-4669-a5ab-d3c11bbfaf39,2026-08-11T11:15:00Z,2026-08-11T13:15:00+0200,1982.39,MW,FR,FR,actual_onshore_wind_generation,Wind Onshore,2026-08-13T16:47:47Z
2026-08-13T16:46:02Z,2026-08-13T18:46:02+0200,bbadff40-465f-4669-a5ab-d3c11bbfaf39,2026-08-11T11:30:00Z,2026-08-11T13:30:00+0200,1976.57,MW,FR,FR,actual_onshore_wind_generation,Wind Onshore,2026-08-13T16:47:47Z
2026-08-13T16:46:02Z,2026-08-13T18:46:02+0200,bbadff40-465f-4669-a5ab-d3c11bbfaf39,2026-08-11T11:45:00Z,2026-08-11T13:45:00+0200,1954.73,MW,FR,FR,actual_onshore_wind_generation,Wind Onshore,2026-08-13T16:47:47Z
2026-08-13T16:46:02Z,2026-08-13T18:46:02+0200,bbadff40-465f-4669-a5ab-d3c11bbfaf39,2026-08-11T12:00:00Z,2026-08-11T14:00:00+0200,1927.32,MW,FR,FR,actual_onshore_wind_generation,Wind Onshore,2026-08-13T16:47:47Z
2026-08-13T16:46:02Z,2026-08-13T18:46:02+0200,bbadff40-465f-4669-a5ab-d3c11bbfaf39,2026-08-11T12:15:00Z,2026-08-11T14:15:00+0200,1945.21,MW,FR,FR,actual_onshore_wind_generation,Wind Onshore,2026-08-13T16:47:47Z
2026-08-13T16:46:02Z,2026-08-13T18:46:02+0200,bbadff40-465f-4669-a5ab-d3c11bbfaf39,2026-08-11T12:30:00Z,2026-08-11T14:30:00+0200,1936.92,MW,FR,FR,actual_onshore_wind_generation,Wind Onshore,2026-08-13T16:47:47Z
2026-08-13T16:46:02Z,2026-08-13T18:46:02+0200,bbadff40-465f-4669-a5ab-d3c11bbfaf39,2026-08-11T12:45:00Z,2026-08-11T14:45:00+0200,1812.93,MW,FR,FR,actual_onshore_wind_generation,Wind Onshore,2026-08-13T16:47:47Z
2026-08-13T16:46:02Z,2026-08-13T18:46:02+0200,bbadff40-465f-4669-a5ab-d3c11bbfaf39,2026-08-11T13:00:00Z,2026-08-11T15:00:00+0200,1841.22,MW,FR,FR,actual_onshore_wind_generation,Wind Onshore,2026-08-13T16:47:47Z
2026-08-13T16:46:02Z,2026-08-13T18:46:02+0200,bbadff40-465f-4669-a5ab-d3c11bbfaf39,2026-08-11T13:15:00Z,2026-08-11T15:15:00+0200,1860.89,MW,FR,FR,actual_onshore_wind_generation,Wind Onshore,2026-08-13T16:47:47Z
2026-08-13T16:46:02Z,2026-08-13T18:46:02+0200,bbadff40-465f-4669-a5ab-d3c11bbfaf39,2026-08-11T13:30:00Z,2026-08-11T15:30:00+0200,1839.53,MW,FR,FR,actual_onshore_wind_generation,Wind Onshore,2026-08-13T16:47:47Z
2026-08-13T16:46:02Z,2026-08-13T18:46:02+0200,bbadff40-465f-4669-a5ab-d3c11bbfaf39,2026-08-11T13:45:00Z,2026-08-11T15:45:00+0200,1828.17,MW,FR,FR,actual_onshore_wind_generation,Wind Onshore,2026-08-13T16:47:47Z
2026-08-13T16:46:02Z,2026-08-13T18:46:02+0200,bbadff40-465f-4669-a5ab-d3c11bbfaf39,2026-08-11T14:00:00Z,2026-08-11T16:00:00+0200,1835.95,MW,FR,FR,actual_onshore_wind_generation,Wind Onshore,2026-08-13T16:47:47Z
2026-08-13T16:46:02Z,2026-08-13T18:46:02+0200,bbadff40-465f-4669-a5ab-d3c11bbfaf39,2026-08-11T14:15:00Z,2026-08-11T16:15:00+0200,1880.54,MW,FR,FR,actual_onshore_wind_generation,Wind Onshore,2026-08-13T16:47:47Z
2026-08-13T16:46:02Z,2026-08-13T18:46:02+0200,bbadff40-465f-4669-a5ab-d3c11bbfaf39,2026-08-11T14:30:00Z,2026-08-11T16:30:00+0200,1877.92,MW,FR,FR,actual_onshore_wind_generation,Wind Onshore,2026-08-13T16:47:47Z
2026-08-13T16:46:02Z,2026-08-13T18:46:02+0200,bbadff40-465f-4669-a5ab-d3c11bbfaf39,2026-08-11T14:45:00Z,2026-08-11T16:45:00+0200,1958.47,MW,FR,FR,actual_onshore_wind_generation,Wind Onshore,2026-08-13T16:47:47Z
2026-08-13T16:46:02Z,2026-08-13T18:46:02+0200,bbadff40-465f-4669-a5ab-d3c11bbfaf39,2026-08-11T15:00:00Z,2026-08-11T17:00:00+0200,1962.32,MW,FR,FR,actual_onshore_wind_generation,Wind Onshore,2026-08-13T16:47:47Z
2026-08-13T16:46:02Z,2026-08-13T18:46:02+0200,bbadff40-465f-4669-a5ab-d3c11bbfaf39,2026-08-11T15:15:00Z,2026-08-11T17:15:00+0200,2007.13,MW,FR,FR,actual_onshore_wind_generation,Wind Onshore,2026-08-13T16:47:47Z
2026-08-13T16:46:02Z,2026-08-13T18:46:02+0200,bbadff40-465f-4669-a5ab-d3c11bbfaf39,2026-08-11T15:30:00Z,2026-08-11T17:30:00+0200,2053.23,MW,FR,FR,actual_onshore_wind_generation,Wind Onshore,2026-08-13T16:47:47Z
2026-08-13T16:46:02Z,2026-08-13T18:46:02+0200,bbadff40-465f-4669-a5ab-d3c11bbfaf39,2026-08-11T15:45:00Z,2026-08-11T17:45:00+0200,2133.25,MW,FR,FR,actual_onshore_wind_generation,Wind Onshore,2026-08-13T16:47:47Z
2026-08-13T16:46:02Z,2026-08-13T18:46:02+0200,bbadff40-465f-4669-a5ab-d3c11bbfaf39,2026-08-11T16:00:00Z,2026-08-11T18:00:00+0200,2295.1,MW,FR,FR,actual_onshore_wind_generation,Wind Onshore,2026-08-13T16:47:47Z
2026-08-13T16:46:02Z,2026-08-13T18:46:02+0200,bbadff40-465f-4669-a5ab-d3c11bbfaf39,2026-08-11T16:15:00Z,2026-08-11T18:15:00+0200,2370.66,MW,FR,FR,actual_onshore_wind_generation,Wind Onshore,2026-08-13T16:47:47Z
2026-08-13T16:46:02Z,2026-08-13T18:46:02+0200,bbadff40-465f-4669-a5ab-d3c11bbfaf39,2026-08-11T16:30:00Z,2026-08-11T18:30:00+0200,2516.21,MW,FR,FR,actual_onshore_wind_generation,Wind Onshore,2026-08-13T16:47:47Z
2026-08-13T16:46:02Z,2026-08-13T18:46:02+0200,bbadff40-465f-4669-a5ab-d3c11bbfaf39,2026-08-11T16:45:00Z,2026-08-11T18:45:00+0200,2607.64,MW,FR,FR,actual_onshore_wind_generation,Wind Onshore,2026-08-13T16:47:47Z
2026-08-13T16:46:02Z,2026-08-13T18:46:02+0200,bbadff40-465f-4669-a5ab-d3c11bbfaf39,2026-08-11T17:00:00Z,2026-08-11T19:00:00+0200,2744.12,MW,FR,FR,actual_onshore_wind_generation,Wind Onshore,2026-08-13T16:47:47Z
2026-08-13T16:46:02Z,2026-08-13T18:46:02+0200,bbadff40-465f-4669-a5ab-d3c11bbfaf39,2026-08-11T17:15:00Z,2026-08-11T19:15:00+0200,2895.39,MW,FR,FR,actual_onshore_wind_generation,Wind Onshore,2026-08-13T16:47:47Z
2026-08-13T16:46:02Z,2026-08-13T18:46:02+0200,bbadff40-465f-4669-a5ab-d3c11bbfaf39,2026-08-11T17:30:00Z,2026-08-11T19:30:00+0200,3049.57,MW,FR,FR,actual_onshore_wind_generation,Wind Onshore,2026-08-13T16:47:47Z
2026-08-13T16:46:02Z,2026-08-13T18:46:02+0200,bbadff40-465f-4669-a5ab-d3c11bbfaf39,2026-08-11T17:45:00Z,2026-08-11T19:45:00+0200,3219.52,MW,FR,FR,actual_onshore_wind_generation,Wind Onshore,2026-08-13T16:47:47Z
2026-08-13T16:46:02Z,2026-08-13T18:46:02+0200,bbadff40-465f-4669-a5ab-d3c11bbfaf39,2026-08-11T18:00:00Z,2026-08-11T20:00:00+0200,3384.29,MW,FR,FR,actual_onshore_wind_generation,Wind Onshore,2026-08-13T16:47:47Z
2026-08-13T16:46:02Z,2026-08-13T18:46:02+0200,bbadff40-465f-4669-a5ab-d3c11bbfaf39,2026-08-11T18:15:00Z,2026-08-11T20:15:00+0200,3504.71,MW,FR,FR,actual_onshore_wind_generation,Wind Onshore,2026-08-13T16:47:47Z
2026-08-13T16:46:02Z,2026-08-13T18:46:02+0200,bbadff40-465f-4669-a5ab-d3c11bbfaf39,2026-08-11T18:30:00Z,2026-08-11T20:30:00+0200,3669.93,MW,FR,FR,actual_onshore_wind_generation,Wind Onshore,2026-08-13T16:47:47Z
2026-08-13T16:46:02Z,2026-08-13T18:46:02+0200,bbadff40-465f-4669-a5ab-d3c11bbfaf39,2026-08-11T18:45:00Z,2026-08-11T20:45:00+0200,3917.4,MW,FR,FR,actual_onshore_wind_generation,Wind Onshore,2026-08-13T16:47:47Z
2026-08-13T16:46:02Z,2026-08-13T18:46:02+0200,bbadff40-465f-4669-a5ab-d3c11bbfaf39,2026-08-11T19:00:00Z,2026-08-11T21:00:00+0200,4200.12,MW,FR,FR,actual_onshore_wind_generation,Wind Onshore,2026-08-13T16:47:47Z
2026-08-13T16:46:02Z,2026-08-13T18:46:02+0200,bbadff40-465f-4669-a5ab-d3c11bbfaf39,2026-08-11T19:15:00Z,2026-08-11T21:15:00+0200,4536.66,MW,FR,FR,actual_onshore_wind_generation,Wind Onshore,2026-08-13T16:47:47Z
2026-08-13T16:46:02Z,2026-08-13T18:46:02+0200,bbadff40-465f-4669-a5ab-d3c11bbfaf39,2026-08-11T19:30:00Z,2026-08-11T21:30:00+0200,4977.5,MW,FR,FR,actual_onshore_wind_generation,Wind Onshore,2026-08-13T16:47:47Z
2026-08-13T16:46:02Z,2026-08-13T18:46:02+0200,bbadff40-465f-4669-a5ab-d3c11bbfaf39,2026-08-11T19:45:00Z,2026-08-11T21:45:00+0200,5458.63,MW,FR,FR,actual_onshore_wind_generation,Wind Onshore,2026-08-13T16:47:47Z
2026-08-13T16:46:02Z,2026-08-13T18:46:02+0200,bbadff40-465f-4669-a5ab-d3c11bbfaf39,2026-08-11T20:00:00Z,2026-08-11T22:00:00+0200,5914.98,MW,FR,FR,actual_onshore_wind_generation,Wind Onshore,2026-08-13T16:47:47Z
2026-08-13T16:46:02Z,2026-08-13T18:46:02+0200,bbadff40-465f-4669-a5ab-d3c11bbfaf39,2026-08-11T20:15:00Z,2026-08-11T22:15:00+0200,6269.52,MW,FR,FR,actual_onshore_wind_generation,Wind Onshore,2026-08-13T16:47:47Z
2026-08-13T16:46:02Z,2026-08-13T18:46:02+0200,bbadff40-465f-4669-a5ab-d3c11bbfaf39,2026-08-11T20:30:00Z,2026-08-11T22:30:00+0200,6558.24,MW,FR,FR,actual_onshore_wind_generation,Wind Onshore,2026-08-13T16:47:47Z
2026-08-13T16:46:02Z,2026-08-13T18:46:02+0200,bbadff40-465f-4669-a5ab-d3c11bbfaf39,2026-08-11T20:45:00Z,2026-08-11T22:45:00+0200,6766.38,MW,FR,FR,actual_onshore_wind_generation,Wind Onshore,2026-08-13T16:47:47Z
2026-08-13T16:46:02Z,2026-08-13T18:46:02+0200,bbadff40-465f-4669-a5ab-d3c11bbfaf39,2026-08-11T21:00:00Z,2026-08-11T23:00:00+0200,6913.56,MW,FR,FR,actual_onshore_wind_generation,Wind Onshore,2026-08-13T16:47:47Z
2026-08-13T16:46:02Z,2026-08-13T18:46:02+0200,bbadff40-465f-4669-a5ab-d3c11bbfaf39,2026-08-11T21:15:00Z,2026-08-11T23:15:00+0200,7028.85,MW,FR,FR,actual_onshore_wind_generation,Wind Onshore,2026-08-13T16:47:47Z
2026-08-13T16:46:02Z,2026-08-13T18:46:02+0200,bbadff40-465f-4669-a5ab-d3c11bbfaf39,2026-08-11T21:30:00Z,2026-08-11T23:30:00+0200,7028.77,MW,FR,FR,actual_onshore_wind_generation,Wind Onshore,2026-08-13T16:47:47Z
2026-08-13T16:46:02Z,2026-08-13T18:46:02+0200,bbadff40-465f-4669-a5ab-d3c11bbfaf39,2026-08-11T21:45:00Z,2026-08-11T23:45:00+0200,7006.42,MW,FR,FR,actual_onshore_wind_generation,Wind Onshore,2026-08-13T16:47:47Z
2026-08-13T16:46:02Z,2026-08-13T18:46:02+0200,bbadff40-465f-4669-a5ab-d3c11bbfaf39,2026-08-11T22:00:00Z,2026-08-12T00:00:00+0200,7038.13,MW,FR,FR,actual_onshore_wind_generation,Wind Onshore,2026-08-13T16:47:47Z
2026-08-13T16:46:02Z,2026-08-13T18:46:02+0200,bbadff40-465f-4669-a5ab-d3c11bbfaf39,2026-08-11T22:15:00Z,2026-08-12T00:15:00+0200,7074.56,MW,FR,FR,actual_onshore_wind_generation,Wind Onshore,2026-08-13T16:47:47Z
2026-08-13T16:46:02Z,2026-08-13T18:46:02+0200,bbadff40-465f-4669-a5ab-d3c11bbfaf39,2026-08-11T22:30:00Z,2026-08-12T00:30:00+0200,7037.07,MW,FR,FR,actual_onshore_wind_generation,Wind Onshore,2026-08-13T16:47:47Z
2026-08-13T16:46:02Z,2026-08-13T18:46:02+0200,bbadff40-465f-4669-a5ab-d3c11bbfaf39,2026-08-11T22:45:00Z,2026-08-12T00:45:00+0200,6967.8,MW,FR,FR,actual_onshore_wind_generation,Wind Onshore,2026-08-13T16:47:47Z
2026-08-13T16:46:02Z,2026-08-13T18:46:02+0200,bbadff40-465f-4669-a5ab-d3c11bbfaf39,2026-08-11T23:00:00Z,2026-08-12T01:00:00+0200,6806.25,MW,FR,FR,actual_onshore_wind_generation,Wind Onshore,2026-08-13T16:47:47Z
2026-08-13T16:46:02Z,2026-08-13T18:46:02+0200,bbadff40-465f-4669-a5ab-d3c11bbfaf39,2026-08-11T23:15:00Z,2026-08-12T01:15:00+0200,6673.28,MW,FR,FR,actual_onshore_wind_generation,Wind Onshore,2026-08-13T16:47:47Z
2026-08-13T16:46:02Z,2026-08-13T18:46:02+0200,bbadff40-465f-4669-a5ab-d3c11bbfaf39,2026-08-11T23:30:00Z,2026-08-12T01:30:00+0200,6553.88,MW,FR,FR,actual_onshore_wind_generation,Wind Onshore,2026-08-13T16:47:47Z
2026-08-13T16:46:02Z,2026-08-13T18:46:02+0200,bbadff40-465f-4669-a5ab-d3c11bbfaf39,2026-08-11T23:45:00Z,2026-08-12T01:45:00+0200,6413.69,MW,FR,FR,actual_onshore_wind_generation,Wind Onshore,2026-08-13T16:47:47Z
2026-08-13T16:46:02Z,2026-08-13T18:46:02+0200,bbadff40-465f-4669-a5ab-d3c11bbfaf39,2026-08-12T00:00:00Z,2026-08-12T02:00:00+0200,6285.88,MW,FR,FR,actual_onshore_wind_generation,Wind Onshore,2026-08-13T16:47:47Z
2026-08-13T16:46:02Z,2026-08-13T18:46:02+0200,bbadff40-465f-4669-a5ab-d3c11bbfaf39,2026-08-12T00:15:00Z,2026-08-12T02:15:00+0200,6088.68,MW,FR,FR,actual_onshore_wind_generation,Wind Onshore,2026-08-13T16:47:47Z
2026-08-13T16:46:02Z,2026-08-13T18:46:02+0200,bbadff40-465f-4669-a5ab-d3c11bbfaf39,2026-08-12T00:30:00Z,2026-08-12T02:30:00+0200,5887.54,MW,FR,FR,actual_onshore_wind_generation,Wind Onshore,2026-08-13T16:47:47Z
2026-08-13T16:46:02Z,2026-08-13T18:46:02+0200,bbadff40-465f-4669-a5ab-d3c11bbfaf39,2026-08-12T00:45:00Z,2026-08-12T02:45:00+0200,5717.68,MW,FR,FR,actual_onshore_wind_generation,Wind Onshore,2026-08-13T16:47:47Z
2026-08-13T16:46:02Z,2026-08-13T18:46:02+0200,bbadff40-465f-4669-a5ab-d3c11bbfaf39,2026-08-12T01:00:00Z,2026-08-12T03:00:00+0200,5602.01,MW,FR,FR,actual_onshore_wind_generation,Wind Onshore,2026-08-13T16:47:47Z
2026-08-13T16:46:02Z,2026-08-13T18:46:02+0200,bbadff40-465f-4669-a5ab-d3c11bbfaf39,2026-08-12T01:15:00Z,2026-08-12T03:15:00+0200,5480.56,MW,FR,FR,actual_onshore_wind_generation,Wind Onshore,2026-08-13T16:47:47Z
2026-08-13T16:46:02Z,2026-08-13T18:46:02+0200,bbadff40-465f-4669-a5ab-d3c11bbfaf39,2026-08-12T01:30:00Z,2026-08-12T03:30:00+0200,5354.32,MW,FR,FR,actual_onshore_wind_generation,Wind Onshore,2026-08-13T16:47:47Z
2026-08-13T16:46:02Z,2026-08-13T18:46:02+0200,bbadff40-465f-4669-a5ab-d3c11bbfaf39,2026-08-12T01:45:00Z,2026-08-12T03:45:00+0200,5239.92,MW,FR,FR,actual_onshore_wind_generation,Wind Onshore,2026-08-13T16:47:47Z
2026-08-13T16:46:02Z,2026-08-13T18:46:02+0200,bbadff40-465f-4669-a5ab-d3c11bbfaf39,2026-08-12T02:00:00Z,2026-08-12T04:00:00+0200,5123.61,MW,FR,FR,actual_onshore_wind_generation,Wind Onshore,2026-08-13T16:47:47Z
2026-08-13T16:46:02Z,2026-08-13T18:46:02+0200,bbadff40-465f-4669-a5ab-d3c11bbfaf39,2026-08-12T02:15:00Z,2026-08-12T04:15:00+0200,5022.53,MW,FR,FR,actual_onshore_wind_generation,Wind Onshore,2026-08-13T16:47:47Z
2026-08-13T16:46:02Z,2026-08-13T18:46:02+0200,bbadff40-465f-4669-a5ab-d3c11bbfaf39,2026-08-12T02:30:00Z,2026-08-12T04:30:00+0200,4914.94,MW,FR,FR,actual_onshore_wind_generation,Wind Onshore,2026-08-13T16:47:47Z
2026-08-13T16:46:02Z,2026-08-13T18:46:02+0200,bbadff40-465f-4669-a5ab-d3c11bbfaf39,2026-08-12T02:45:00Z,2026-08-12T04:45:00+0200,4828.48,MW,FR,FR,actual_onshore_wind_generation,Wind Onshore,2026-08-13T16:47:47Z
2026-08-13T16:46:02Z,2026-08-13T18:46:02+0200,bbadff40-465f-4669-a5ab-d3c11bbfaf39,2026-08-12T03:00:00Z,2026-08-12T05:00:00+0200,4711.03,MW,FR,FR,actual_onshore_wind_generation,Wind Onshore,2026-08-13T16:47:47Z
2026-08-13T16:46:02Z,2026-08-13T18:46:02+0200,bbadff40-465f-4669-a5ab-d3c11bbfaf39,2026-08-12T03:15:00Z,2026-08-12T05:15:00+0200,4648.03,MW,FR,FR,actual_onshore_wind_generation,Wind Onshore,2026-08-13T16:47:47Z
2026-08-13T16:46:02Z,2026-08-13T18:46:02+0200,bbadff40-465f-4669-a5ab-d3c11bbfaf39,2026-08-12T03:30:00Z,2026-08-12T05:30:00+0200,4583.46,MW,FR,FR,actual_onshore_wind_generation,Wind Onshore,2026-08-13T16:47:47Z
2026-08-13T16:46:02Z,2026-08-13T18:46:02+0200,bbadff40-465f-4669-a5ab-d3c11bbfaf39,2026-08-12T03:45:00Z,2026-08-12T05:45:00+0200,4503.25,MW,FR,FR,actual_onshore_wind_generation,Wind Onshore,2026-08-13T16:47:47Z
2026-08-13T16:46:02Z,2026-08-13T18:46:02+0200,bbadff40-465f-4669-a5ab-d3c11bbfaf39,2026-08-12T04:00:00Z,2026-08-12T06:00:00+0200,4445.16,MW,FR,FR,actual_onshore_wind_generation,Wind Onshore,2026-08-13T16:47:47Z
2026-08-13T16:46:02Z,2026-08-13T18:46:02+0200,bbadff40-465f-4669-a5ab-d3c11bbfaf39,2026-08-12T04:15:00Z,2026-08-12T06:15:00+0200,4394.87,MW,FR,FR,actual_onshore_wind_generation,Wind Onshore,2026-08-13T16:47:47Z
2026-08-13T16:46:02Z,2026-08-13T18:46:02+0200,bbadff40-465f-4669-a5ab-d3c11bbfaf39,2026-08-12T04:30:00Z,2026-08-12T06:30:00+0200,4416.25,MW,FR,FR,actual_onshore_wind_generation,Wind Onshore,2026-08-13T16:47:47Z
2026-08-13T16:46:02Z,2026-08-13T18:46:02+0200,bbadff40-465f-4669-a5ab-d3c11bbfaf39,2026-08-12T04:45:00Z,2026-08-12T06:45:00+0200,4442.73,MW,FR,FR,actual_onshore_wind_generation,Wind Onshore,2026-08-13T16:47:47Z
2026-08-13T16:46:02Z,2026-08-13T18:46:02+0200,bbadff40-465f-4669-a5ab-d3c11bbfaf39,2026-08-12T05:00:00Z,2026-08-12T07:00:00+0200,4427.57,MW,FR,FR,actual_onshore_wind_generation,Wind Onshore,2026-08-13T16:47:47Z
2026-08-13T16:46:02Z,2026-08-13T18:46:02+0200,bbadff40-465f-4669-a5ab-d3c11bbfaf39,2026-08-12T05:15:00Z,2026-08-12T07:15:00+0200,4285.91,MW,FR,FR,actual_onshore_wind_generation,Wind Onshore,2026-08-13T16:47:47Z
2026-08-13T16:46:02Z,2026-08-13T18:46:02+0200,bbadff40-465f-4669-a5ab-d3c11bbfaf39,2026-08-12T05:30:00Z,2026-08-12T07:30:00+0200,4147.77,MW,FR,FR,actual_onshore_wind_generation,Wind Onshore,2026-08-13T16:47:47Z
2026-08-13T16:46:02Z,2026-08-13T18:46:02+0200,bbadff40-465f-4669-a5ab-d3c11bbfaf39,2026-08-12T05:45:00Z,2026-08-12T07:45:00+0200,3993.75,MW,FR,FR,actual_onshore_wind_generation,Wind Onshore,2026-08-13T16:47:47Z
2026-08-13T16:46:02Z,2026-08-13T18:46:02+0200,bbadff40-465f-4669-a5ab-d3c11bbfaf39,2026-08-12T06:00:00Z,2026-08-12T08:00:00+0200,3698.62,MW,FR,FR,actual_onshore_wind_generation,Wind Onshore,2026-08-13T16:47:47Z
2026-08-13T16:46:02Z,2026-08-13T18:46:02+0200,bbadff40-465f-4669-a5ab-d3c11bbfaf39,2026-08-12T06:15:00Z,2026-08-12T08:15:00+0200,3332.45,MW,FR,FR,actual_onshore_wind_generation,Wind Onshore,2026-08-13T16:47:47Z
2026-08-13T16:46:02Z,2026-08-13T18:46:02+0200,bbadff40-465f-4669-a5ab-d3c11bbfaf39,2026-08-12T06:30:00Z,2026-08-12T08:30:00+0200,2881.31,MW,FR,FR,actual_onshore_wind_generation,Wind Onshore,2026-08-13T16:47:47Z
2026-08-13T16:46:02Z,2026-08-13T18:46:02+0200,bbadff40-465f-4669-a5ab-d3c11bbfaf39,2026-08-12T06:45:00Z,2026-08-12T08:45:00+0200,2474.22,MW,FR,FR,actual_onshore_wind_generation,Wind Onshore,2026-08-13T16:47:47Z
2026-08-13T16:46:02Z,2026-08-13T18:46:02+0200,bbadff40-465f-4669-a5ab-d3c11bbfaf39,2026-08-12T07:00:00Z,2026-08-12T09:00:00+0200,2076.24,MW,FR,FR,actual_onshore_wind_generation,Wind Onshore,2026-08-13T16:47:47Z
2026-08-13T16:46:02Z,2026-08-13T18:46:02+0200,bbadff40-465f-4669-a5ab-d3c11bbfaf39,2026-08-12T07:15:00Z,2026-08-12T09:15:00+0200,1781.08,MW,FR,FR,actual_onshore_wind_generation,Wind Onshore,2026-08-13T16:47:47Z
2026-08-13T16:46:02Z,2026-08-13T18:46:02+0200,bbadff40-465f-4669-a5ab-d3c11bbfaf39,2026-08-12T07:30:00Z,2026-08-12T09:30:00+0200,1569.16,MW,FR,FR,actual_onshore_wind_generation,Wind Onshore,2026-08-13T16:47:47Z
2026-08-13T16:46:02Z,2026-08-13T18:46:02+0200,bbadff40-465f-4669-a5ab-d3c11bbfaf39,2026-08-12T07:45:00Z,2026-08-12T09:45:00+0200,1389.29,MW,FR,FR,actual_onshore_wind_generation,Wind Onshore,2026-08-13T16:47:47Z
2026-08-13T16:46:02Z,2026-08-13T18:46:02+0200,bbadff40-465f-4669-a5ab-d3c11bbfaf39,2026-08-12T08:00:00Z,2026-08-12T10:00:00+0200,1245.34,MW,FR,FR,actual_onshore_wind_generation,Wind Onshore,2026-08-13T16:47:47Z
2026-08-13T16:46:02Z,2026-08-13T18:46:02+0200,bbadff40-465f-4669-a5ab-d3c11bbfaf39,2026-08-12T08:15:00Z,2026-08-12T10:15:00+0200,1125.3,MW,FR,FR,actual_onshore_wind_generation,Wind Onshore,2026-08-13T16:47:47Z
2026-08-13T16:46:02Z,2026-08-13T18:46:02+0200,bbadff40-465f-4669-a5ab-d3c11bbfaf39,2026-08-12T08:30:00Z,2026-08-12T10:30:00+0200,1045.63,MW,FR,FR,actual_onshore_wind_generation,Wind Onshore,2026-08-13T16:47:47Z
2026-08-13T16:46:02Z,2026-08-13T18:46:02+0200,bbadff40-465f-4669-a5ab-d3c11bbfaf39,2026-08-12T08:45:00Z,2026-08-12T10:45:00+0200,988.57,MW,FR,FR,actual_onshore_wind_generation,Wind Onshore,2026-08-13T16:47:47Z
2026-08-13T16:46:02Z,2026-08-13T18:46:02+0200,bbadff40-465f-4669-a5ab-d3c11bbfaf39,2026-08-12T09:00:00Z,2026-08-12T11:00:00+0200,990.07,MW,FR,FR,actual_onshore_wind_generation,Wind Onshore,2026-08-13T16:47:47Z
2026-08-13T16:46:02Z,2026-08-13T18:46:02+0200,bbadff40-465f-4669-a5ab-d3c11bbfaf39,2026-08-12T09:15:00Z,2026-08-12T11:15:00+0200,1049.81,MW,FR,FR,actual_onshore_wind_generation,Wind Onshore,2026-08-13T16:47:47Z
2026-08-13T16:46:02Z,2026-08-13T18:46:02+0200,bbadff40-465f-4669-a5ab-d3c11bbfaf39,2026-08-12T09:30:00Z,2026-08-12T11:30:00+0200,1078.43,MW,FR,FR,actual_onshore_wind_generation,Wind Onshore,2026-08-13T16:47:47Z
2026-08-13T16:46:02Z,2026-08-13T18:46:02+0200,bbadff40-465f-4669-a5ab-d3c11bbfaf39,2026-08-12T09:45:00Z,2026-08-12T11:45:00+0200,1148.62,MW,FR,FR,actual_onshore_wind_generation,Wind Onshore,2026-08-13T16:47:47Z
2026-08-13T16:46:02Z,2026-08-13T18:46:02+0200,bbadff40-465f-4669-a5ab-d3c11bbfaf39,2026-08-12T10:00:00Z,2026-08-12T12:00:00+0200,1212.05,MW,FR,FR,actual_onshore_wind_generation,Wind Onshore,2026-08-13T16:47:47Z
2026-08-13T16:46:02Z,2026-08-13T18:46:02+0200,bbadff40-465f-4669-a5ab-d3c11bbfaf39,2026-08-12T10:15:00Z,2026-08-12T12:15:00+0200,1280.04,MW,FR,FR,actual_onshore_wind_generation,Wind Onshore,2026-08-13T16:47:47Z
2026-08-13T16:46:02Z,2026-08-13T18:46:02+0200,bbadff40-465f-4669-a5ab-d3c11bbfaf39,2026-08-12T10:30:00Z,2026-08-12T12:30:00+0200,1389.54,MW,FR,FR,actual_onshore_wind_generation,Wind Onshore,2026-08-13T16:47:47Z
2026-08-13T16:46:02Z,2026-08-13T18:46:02+0200,bbadff40-465f-4669-a5ab-d3c11bbfaf39,2026-08-12T10:45:00Z,2026-08-12T12:45:00+0200,1462.67,MW,FR,FR,actual_onshore_wind_generation,Wind Onshore,2026-08-13T16:47:47Z
2026-08-13T16:46:02Z,2026-08-13T18:46:02+0200,bbadff40-465f-4669-a5ab-d3c11bbfaf39,2026-08-12T11:00:00Z,2026-08-12T13:00:00+0200,1528.69,MW,FR,FR,actual_onshore_wind_generation,Wind Onshore,2026-08-13T16:47:47Z
2026-08-13T16:46:02Z,2026-08-13T18:46:02+0200,bbadff40-465f-4669-a5ab-d3c11bbfaf39,2026-08-12T11:15:00Z,2026-08-12T13:15:00+0200,1545.98,MW,FR,FR,actual_onshore_wind_generation,Wind Onshore,2026-08-13T16:47:47Z
2026-08-13T16:46:02Z,2026-08-13T18:46:02+0200,bbadff40-465f-4669-a5ab-d3c11bbfaf39,2026-08-12T11:30:00Z,2026-08-12T13:30:00+0200,1490.98,MW,FR,FR,actual_onshore_wind_generation,Wind Onshore,2026-08-13T16:47:47Z
2026-08-13T16:46:02Z,2026-08-13T18:46:02+0200,bbadff40-465f-4669-a5ab-d3c11bbfaf39,2026-08-12T11:45:00Z,2026-08-12T13:45:00+0200,1415.96,MW,FR,FR,actual_onshore_wind_generation,Wind Onshore,2026-08-13T16:47:47Z
2026-08-13T16:46:02Z,2026-08-13T18:46:02+0200,bbadff40-465f-4669-a5ab-d3c11bbfaf39,2026-08-12T12:00:00Z,2026-08-12T14:00:00+0200,1345.59,MW,FR,FR,actual_onshore_wind_generation,Wind Onshore,2026-08-13T16:47:47Z
2026-08-13T16:46:02Z,2026-08-13T18:46:02+0200,bbadff40-465f-4669-a5ab-d3c11bbfaf39,2026-08-12T12:15:00Z,2026-08-12T14:15:00+0200,1284.88,MW,FR,FR,actual_onshore_wind_generation,Wind Onshore,2026-08-13T16:47:47Z
2026-08-13T16:46:02Z,2026-08-13T18:46:02+0200,bbadff40-465f-4669-a5ab-d3c11bbfaf39,2026-08-12T12:30:00Z,2026-08-12T14:30:00+0200,1239.41,MW,FR,FR,actual_onshore_wind_generation,Wind Onshore,2026-08-13T16:47:47Z
2026-08-13T16:46:02Z,2026-08-13T18:46:02+0200,bbadff40-465f-4669-a5ab-d3c11bbfaf39,2026-08-12T12:45:00Z,2026-08-12T14:45:00+0200,1213.69,MW,FR,FR,actual_onshore_wind_generation,Wind Onshore,2026-08-13T16:47:47Z
2026-08-13T16:46:02Z,2026-08-13T18:46:02+0200,bbadff40-465f-4669-a5ab-d3c11bbfaf39,2026-08-12T13:00:00Z,2026-08-12T15:00:00+0200,1206.81,MW,FR,FR,actual_onshore_wind_generation,Wind Onshore,2026-08-13T16:47:47Z
2026-08-13T16:46:02Z,2026-08-13T18:46:02+0200,bbadff40-465f-4669-a5ab-d3c11bbfaf39,2026-08-12T13:15:00Z,2026-08-12T15:15:00+0200,1176.67,MW,FR,FR,actual_onshore_wind_generation,Wind Onshore,2026-08-13T16:47:47Z
2026-08-13T16:46:02Z,2026-08-13T18:46:02+0200,bbadff40-465f-4669-a5ab-d3c11bbfaf39,2026-08-12T13:30:00Z,2026-08-12T15:30:00+0200,1188.63,MW,FR,FR,actual_onshore_wind_generation,Wind Onshore,2026-08-13T16:47:47Z
2026-08-13T16:46:02Z,2026-08-13T18:46:02+0200,bbadff40-465f-4669-a5ab-d3c11bbfaf39,2026-08-12T13:45:00Z,2026-08-12T15:45:00+0200,1205.26,MW,FR,FR,actual_onshore_wind_generation,Wind Onshore,2026-08-13T16:47:47Z
2026-08-13T16:46:02Z,2026-08-13T18:46:02+0200,bbadff40-465f-4669-a5ab-d3c11bbfaf39,2026-08-12T14:00:00Z,2026-08-12T16:00:00+0200,1153.67,MW,FR,FR,actual_onshore_wind_generation,Wind Onshore,2026-08-13T16:47:47Z
2026-08-13T16:46:02Z,2026-08-13T18:46:02+0200,bbadff40-465f-4669-a5ab-d3c11bbfaf39,2026-08-12T14:15:00Z,2026-08-12T16:15:00+0200,1149.12,MW,FR,FR,actual_onshore_wind_generation,Wind Onshore,2026-08-13T16:47:47Z
2026-08-13T16:46:02Z,2026-08-13T18:46:02+0200,bbadff40-465f-4669-a5ab-d3c11bbfaf39,2026-08-12T14:30:00Z,2026-08-12T16:30:00+0200,1158.58,MW,FR,FR,actual_onshore_wind_generation,Wind Onshore,2026-08-13T16:47:47Z
2026-08-13T16:46:02Z,2026-08-13T18:46:02+0200,bbadff40-465f-4669-a5ab-d3c11bbfaf39,2026-08-12T14:45:00Z,2026-08-12T16:45:00+0200,1170.87,MW,FR,FR,actual_onshore_wind_generation,Wind Onshore,2026-08-13T16:47:47Z
2026-08-13T16:46:02Z,2026-08-13T18:46:02+0200,bbadff40-465f-4669-a5ab-d3c11bbfaf39,2026-08-12T15:00:00Z,2026-08-12T17:00:00+0200,1140.74,MW,FR,FR,actual_onshore_wind_generation,Wind Onshore,2026-08-13T16:47:47Z
2026-08-13T16:46:02Z,2026-08-13T18:46:02+0200,bbadff40-465f-4669-a5ab-d3c11bbfaf39,2026-08-12T15:15:00Z,2026-08-12T17:15:00+0200,1146.35,MW,FR,FR,actual_onshore_wind_generation,Wind Onshore,2026-08-13T16:47:47Z
2026-08-13T16:46:02Z,2026-08-13T18:46:02+0200,bbadff40-465f-4669-a5ab-d3c11bbfaf39,2026-08-12T15:30:00Z,2026-08-12T17:30:00+0200,1176.29,MW,FR,FR,actual_onshore_wind_generation,Wind Onshore,2026-08-13T16:47:47Z
2026-08-13T16:46:02Z,2026-08-13T18:46:02+0200,bbadff40-465f-4669-a5ab-d3c11bbfaf39,2026-08-12T15:45:00Z,2026-08-12T17:45:00+0200,1208.84,MW,FR,FR,actual_onshore_wind_generation,Wind Onshore,2026-08-13T16:47:47Z
2026-08-13T16:46:02Z,2026-08-13T18:46:02+0200,bbadff40-465f-4669-a5ab-d3c11bbfaf39,2026-08-12T16:00:00Z,2026-08-12T18:00:00+0200,1193.7,MW,FR,FR,actual_onshore_wind_generation,Wind Onshore,2026-08-13T16:47:47Z
2026-08-13T16:46:02Z,2026-08-13T18:46:02+0200,bbadff40-465f-4669-a5ab-d3c11bbfaf39,2026-08-12T16:15:00Z,2026-08-12T18:15:00+0200,1215.57,MW,FR,FR,actual_onshore_wind_generation,Wind Onshore,2026-08-13T16:47:47Z
2026-08-13T16:46:02Z,2026-08-13T18:46:02+0200,bbadff40-465f-4669-a5ab-d3c11bbfaf39,2026-08-12T16:30:00Z,2026-08-12T18:30:00+0200,1254.81,MW,FR,FR,actual_onshore_wind_generation,Wind Onshore,2026-08-13T16:47:47Z
2026-08-13T16:46:02Z,2026-08-13T18:46:02+0200,bbadff40-465f-4669-a5ab-d3c11bbfaf39,2026-08-12T16:45:00Z,2026-08-12T18:45:00+0200,1318.86,MW,FR,FR,actual_onshore_wind_generation,Wind Onshore,2026-08-13T16:47:47Z
2026-08-13T16:46:02Z,2026-08-13T18:46:02+0200,bbadff40-465f-4669-a5ab-d3c11bbfaf39,2026-08-12T17:00:00Z,2026-08-12T19:00:00+0200,1367.49,MW,FR,FR,actual_onshore_wind_generation,Wind Onshore,2026-08-13T16:47:47Z
2026-08-13T16:46:02Z,2026-08-13T18:46:02+0200,bbadff40-465f-4669-a5ab-d3c11bbfaf39,2026-08-12T17:15:00Z,2026-08-12T19:15:00+0200,1427.97,MW,FR,FR,actual_onshore_wind_generation,Wind Onshore,2026-08-13T16:47:47Z
2026-08-13T16:46:02Z,2026-08-13T18:46:02+0200,bbadff40-465f-4669-a5ab-d3c11bbfaf39,2026-08-12T17:30:00Z,2026-08-12T19:30:00+0200,1454.29,MW,FR,FR,actual_onshore_wind_generation,Wind Onshore,2026-08-13T16:47:47Z
2026-08-13T16:46:02Z,2026-08-13T18:46:02+0200,bbadff40-465f-4669-a5ab-d3c11bbfaf39,2026-08-12T17:45:00Z,2026-08-12T19:45:00+0200,1538.09,MW,FR,FR,actual_onshore_wind_generation,Wind Onshore,2026-08-13T16:47:47Z
2026-08-13T16:46:02Z,2026-08-13T18:46:02+0200,bbadff40-465f-4669-a5ab-d3c11bbfaf39,2026-08-12T18:00:00Z,2026-08-12T20:00:00+0200,1672.61,MW,FR,FR,actual_onshore_wind_generation,Wind Onshore,2026-08-13T16:47:47Z
2026-08-13T16:46:02Z,2026-08-13T18:46:02+0200,bbadff40-465f-4669-a5ab-d3c11bbfaf39,2026-08-12T18:15:00Z,2026-08-12T20:15:00+0200,1860.48,MW,FR,FR,actual_onshore_wind_generation,Wind Onshore,2026-08-13T16:47:47Z
2026-08-13T16:46:02Z,2026-08-13T18:46:02+0200,bbadff40-465f-4669-a5ab-d3c11bbfaf39,2026-08-12T18:30:00Z,2026-08-12T20:30:00+0200,2140.07,MW,FR,FR,actual_onshore_wind_generation,Wind Onshore,2026-08-13T16:47:47Z
2026-08-13T16:46:02Z,2026-08-13T18:46:02+0200,bbadff40-465f-4669-a5ab-d3c11bbfaf39,2026-08-12T18:45:00Z,2026-08-12T20:45:00+0200,2428.25,MW,FR,FR,actual_onshore_wind_generation,Wind Onshore,2026-08-13T16:47:47Z
2026-08-13T16:46:02Z,2026-08-13T18:46:02+0200,bbadff40-465f-4669-a5ab-d3c11bbfaf39,2026-08-12T19:00:00Z,2026-08-12T21:00:00+0200,2735.53,MW,FR,FR,actual_onshore_wind_generation,Wind Onshore,2026-08-13T16:47:47Z
2026-08-13T16:46:02Z,2026-08-13T18:46:02+0200,bbadff40-465f-4669-a5ab-d3c11bbfaf39,2026-08-12T19:15:00Z,2026-08-12T21:15:00+0200,3029.16,MW,FR,FR,actual_onshore_wind_generation,Wind Onshore,2026-08-13T16:47:47Z
2026-08-13T16:46:02Z,2026-08-13T18:46:02+0200,bbadff40-465f-4669-a5ab-d3c11bbfaf39,2026-08-12T19:30:00Z,2026-08-12T21:30:00+0200,3479.04,MW,FR,FR,actual_onshore_wind_generation,Wind Onshore,2026-08-13T16:47:47Z
2026-08-13T16:46:02Z,2026-08-13T18:46:02+0200,bbadff40-465f-4669-a5ab-d3c11bbfaf39,2026-08-12T19:45:00Z,2026-08-12T21:45:00+0200,3981.97,MW,FR,FR,actual_onshore_wind_generation,Wind Onshore,2026-08-13T16:47:47Z
2026-08-13T16:46:02Z,2026-08-13T18:46:02+0200,bbadff40-465f-4669-a5ab-d3c11bbfaf39,2026-08-12T20:00:00Z,2026-08-12T22:00:00+0200,4370.91,MW,FR,FR,actual_onshore_wind_generation,Wind Onshore,2026-08-13T16:47:47Z
2026-08-13T16:46:02Z,2026-08-13T18:46:02+0200,bbadff40-465f-4669-a5ab-d3c11bbfaf39,2026-08-12T20:15:00Z,2026-08-12T22:15:00+0200,4734.27,MW,FR,FR,actual_onshore_wind_generation,Wind Onshore,2026-08-13T16:47:47Z
2026-08-13T16:46:02Z,2026-08-13T18:46:02+0200,bbadff40-465f-4669-a5ab-d3c11bbfaf39,2026-08-12T20:30:00Z,2026-08-12T22:30:00+0200,4945.06,MW,FR,FR,actual_onshore_wind_generation,Wind Onshore,2026-08-13T16:47:47Z
2026-08-13T16:46:02Z,2026-08-13T18:46:02+0200,bbadff40-465f-4669-a5ab-d3c11bbfaf39,2026-08-12T20:45:00Z,2026-08-12T22:45:00+0200,5138.44,MW,FR,FR,actual_onshore_wind_generation,Wind Onshore,2026-08-13T16:47:47Z
2026-08-13T16:46:02Z,2026-08-13T18:46:02+0200,bbadff40-465f-4669-a5ab-d3c11bbfaf39,2026-08-12T21:00:00Z,2026-08-12T23:00:00+0200,5273.51,MW,FR,FR,actual_onshore_wind_generation,Wind Onshore,2026-08-13T16:47:47Z
2026-08-13T16:46:02Z,2026-08-13T18:46:02+0200,bbadff40-465f-4669-a5ab-d3c11bbfaf39,2026-08-12T21:15:00Z,2026-08-12T23:15:00+0200,5299.15,MW,FR,FR,actual_onshore_wind_generation,Wind Onshore,2026-08-13T16:47:47Z
2026-08-13T16:46:02Z,2026-08-13T18:46:02+0200,bbadff40-465f-4669-a5ab-d3c11bbfaf39,2026-08-12T21:30:00Z,2026-08-12T23:30:00+0200,5270.18,MW,FR,FR,actual_onshore_wind_generation,Wind Onshore,2026-08-13T16:47:47Z
2026-08-13T16:46:02Z,2026-08-13T18:46:02+0200,bbadff40-465f-4669-a5ab-d3c11bbfaf39,2026-08-12T21:45:00Z,2026-08-12T23:45:00+0200,5273.71,MW,FR,FR,actual_onshore_wind_generation,Wind Onshore,2026-08-13T16:47:47Z
2026-08-13T16:46:02Z,2026-08-13T18:46:02+0200,bbadff40-465f-4669-a5ab-d3c11bbfaf39,2026-08-12T22:00:00Z,2026-08-13T00:00:00+0200,5112.13,MW,FR,FR,actual_onshore_wind_generation,Wind Onshore,2026-08-13T16:47:47Z
2026-08-13T16:46:02Z,2026-08-13T18:46:02+0200,bbadff40-465f-4669-a5ab-d3c11bbfaf39,2026-08-12T22:15:00Z,2026-08-13T00:15:00+0200,4866.26,MW,FR,FR,actual_onshore_wind_generation,Wind Onshore,2026-08-13T16:47:47Z
2026-08-13T16:46:02Z,2026-08-13T18:46:02+0200,bbadff40-465f-4669-a5ab-d3c11bbfaf39,2026-08-12T22:30:00Z,2026-08-13T00:30:00+0200,4682.13,MW,FR,FR,actual_onshore_wind_generation,Wind Onshore,2026-08-13T16:47:47Z
2026-08-13T16:46:02Z,2026-08-13T18:46:02+0200,bbadff40-465f-4669-a5ab-d3c11bbfaf39,2026-08-12T22:45:00Z,2026-08-13T00:45:00+0200,4479.84,MW,FR,FR,actual_onshore_wind_generation,Wind Onshore,2026-08-13T16:47:47Z
2026-08-13T16:46:02Z,2026-08-13T18:46:02+0200,bbadff40-465f-4669-a5ab-d3c11bbfaf39,2026-08-12T23:00:00Z,2026-08-13T01:00:00+0200,4204.58,MW,FR,FR,actual_onshore_wind_generation,Wind Onshore,2026-08-13T16:47:47Z
2026-08-13T16:46:02Z,2026-08-13T18:46:02+0200,bbadff40-465f-4669-a5ab-d3c11bbfaf39,2026-08-12T23:15:00Z,2026-08-13T01:15:00+0200,3939.59,MW,FR,FR,actual_onshore_wind_generation,Wind Onshore,2026-08-13T16:47:47Z
2026-08-13T16:46:02Z,2026-08-13T18:46:02+0200,bbadff40-465f-4669-a5ab-d3c11bbfaf39,2026-08-12T23:30:00Z,2026-08-13T01:30:00+0200,3796.49,MW,FR,FR,actual_onshore_wind_generation,Wind Onshore,2026-08-13T16:47:47Z
2026-08-13T16:46:02Z,2026-08-13T18:46:02+0200,bbadff40-465f-4669-a5ab-d3c11bbfaf39,2026-08-12T23:45:00Z,2026-08-13T01:45:00+0200,3666.4,MW,FR,FR,actual_onshore_wind_generation,Wind Onshore,2026-08-13T16:47:47Z
2026-08-13T16:46:02Z,2026-08-13T18:46:02+0200,bbadff40-465f-4669-a5ab-d3c11bbfaf39,2026-08-13T00:00:00Z,2026-08-13T02:00:00+0200,3546.61,MW,FR,FR,actual_onshore_wind_generation,Wind Onshore,2026-08-13T16:47:47Z
2026-08-13T16:46:02Z,2026-08-13T18:46:02+0200,bbadff40-465f-4669-a5ab-d3c11bbfaf39,2026-08-13T00:15:00Z,2026-08-13T02:15:00+0200,3512.22,MW,FR,FR,actual_onshore_wind_generation,Wind Onshore,2026-08-13T16:47:47Z
2026-08-13T16:46:02Z,2026-08-13T18:46:02+0200,bbadff40-465f-4669-a5ab-d3c11bbfaf39,2026-08-13T00:30:00Z,2026-08-13T02:30:00+0200,3404.47,MW,FR,FR,actual_onshore_wind_generation,Wind Onshore,2026-08-13T16:47:47Z
2026-08-13T16:46:02Z,2026-08-13T18:46:02+0200,bbadff40-465f-4669-a5ab-d3c11bbfaf39,2026-08-13T00:45:00Z,2026-08-13T02:45:00+0200,3292.02,MW,FR,FR,actual_onshore_wind_generation,Wind Onshore,2026-08-13T16:47:47Z
2026-08-13T16:46:02Z,2026-08-13T18:46:02+0200,bbadff40-465f-4669-a5ab-d3c11bbfaf39,2026-08-13T01:00:00Z,2026-08-13T03:00:00+0200,3273.53,MW,FR,FR,actual_onshore_wind_generation,Wind Onshore,2026-08-13T16:47:47Z
2026-08-13T16:46:02Z,2026-08-13T18:46:02+0200,bbadff40-465f-4669-a5ab-d3c11bbfaf39,2026-08-13T01:15:00Z,2026-08-13T03:15:00+0200,3213.77,MW,FR,FR,actual_onshore_wind_generation,Wind Onshore,2026-08-13T16:47:47Z
2026-08-13T16:46:02Z,2026-08-13T18:46:02+0200,bbadff40-465f-4669-a5ab-d3c11bbfaf39,2026-08-13T01:30:00Z,2026-08-13T03:30:00+0200,3138.43,MW,FR,FR,actual_onshore_wind_generation,Wind Onshore,2026-08-13T16:47:47Z
2026-08-13T16:46:02Z,2026-08-13T18:46:02+0200,bbadff40-465f-4669-a5ab-d3c11bbfaf39,2026-08-13T01:45:00Z,2026-08-13T03:45:00+0200,3070.53,MW,FR,FR,actual_onshore_wind_generation,Wind Onshore,2026-08-13T16:47:47Z
2026-08-13T16:46:02Z,2026-08-13T18:46:02+0200,bbadff40-465f-4669-a5ab-d3c11bbfaf39,2026-08-13T02:00:00Z,2026-08-13T04:00:00+0200,2998.92,MW,FR,FR,actual_onshore_wind_generation,Wind Onshore,2026-08-13T16:47:47Z
2026-08-13T16:46:02Z,2026-08-13T18:46:02+0200,bbadff40-465f-4669-a5ab-d3c11bbfaf39,2026-08-13T02:15:00Z,2026-08-13T04:15:00+0200,2931.12,MW,FR,FR,actual_onshore_wind_generation,Wind Onshore,2026-08-13T16:47:47Z
2026-08-13T16:46:02Z,2026-08-13T18:46:02+0200,bbadff40-465f-4669-a5ab-d3c11bbfaf39,2026-08-13T02:30:00Z,2026-08-13T04:30:00+0200,2831.59,MW,FR,FR,actual_onshore_wind_generation,Wind Onshore,2026-08-13T16:47:47Z
2026-08-13T16:46:02Z,2026-08-13T18:46:02+0200,bbadff40-465f-4669-a5ab-d3c11bbfaf39,2026-08-13T02:45:00Z,2026-08-13T04:45:00+0200,2831.9,MW,FR,FR,actual_onshore_wind_generation,Wind Onshore,2026-08-13T16:47:47Z
2026-08-13T16:46:02Z,2026-08-13T18:46:02+0200,bbadff40-465f-4669-a5ab-d3c11bbfaf39,2026-08-13T03:00:00Z,2026-08-13T05:00:00+0200,2819.13,MW,FR,FR,actual_onshore_wind_generation,Wind Onshore,2026-08-13T16:47:47Z
2026-08-13T16:46:02Z,2026-08-13T18:46:02+0200,bbadff40-465f-4669-a5ab-d3c11bbfaf39,2026-08-13T03:15:00Z,2026-08-13T05:15:00+0200,2800.06,MW,FR,FR,actual_onshore_wind_generation,Wind Onshore,2026-08-13T16:47:47Z
2026-08-13T16:46:02Z,2026-08-13T18:46:02+0200,bbadff40-465f-4669-a5ab-d3c11bbfaf39,2026-08-13T03:30:00Z,2026-08-13T05:30:00+0200,2787.19,MW,FR,FR,actual_onshore_wind_generation,Wind Onshore,2026-08-13T16:47:47Z
2026-08-13T16:46:02Z,2026-08-13T18:46:02+0200,bbadff40-465f-4669-a5ab-d3c11bbfaf39,2026-08-13T03:45:00Z,2026-08-13T05:45:00+0200,2812.59,MW,FR,FR,actual_onshore_wind_generation,Wind Onshore,2026-08-13T16:47:47Z
2026-08-13T16:46:02Z,2026-08-13T18:46:02+0200,bbadff40-465f-4669-a5ab-d3c11bbfaf39,2026-08-13T04:00:00Z,2026-08-13T06:00:00+0200,2803.03,MW,FR,FR,actual_onshore_wind_generation,Wind Onshore,2026-08-13T16:47:47Z
2026-08-13T16:46:02Z,2026-08-13T18:46:02+0200,bbadff40-465f-4669-a5ab-d3c11bbfaf39,2026-08-13T04:15:00Z,2026-08-13T06:15:00+0200,2765.25,MW,FR,FR,actual_onshore_wind_generation,Wind Onshore,2026-08-13T16:47:47Z
2026-08-13T16:46:02Z,2026-08-13T18:46:02+0200,bbadff40-465f-4669-a5ab-d3c11bbfaf39,2026-08-13T04:30:00Z,2026-08-13T06:30:00+0200,2764.9,MW,FR,FR,actual_onshore_wind_generation,Wind Onshore,2026-08-13T16:47:47Z
2026-08-13T16:46:02Z,2026-08-13T18:46:02+0200,bbadff40-465f-4669-a5ab-d3c11bbfaf39,2026-08-13T04:45:00Z,2026-08-13T06:45:00+0200,2759.8,MW,FR,FR,actual_onshore_wind_generation,Wind Onshore,2026-08-13T16:47:47Z
2026-08-13T16:46:02Z,2026-08-13T18:46:02+0200,bbadff40-465f-4669-a5ab-d3c11bbfaf39,2026-08-13T05:00:00Z,2026-08-13T07:00:00+0200,2777.16,MW,FR,FR,actual_onshore_wind_generation,Wind Onshore,2026-08-13T16:47:47Z
2026-08-13T16:46:02Z,2026-08-13T18:46:02+0200,bbadff40-465f-4669-a5ab-d3c11bbfaf39,2026-08-13T05:15:00Z,2026-08-13T07:15:00+0200,2718.95,MW,FR,FR,actual_onshore_wind_generation,Wind Onshore,2026-08-13T16:47:47Z
2026-08-13T16:46:02Z,2026-08-13T18:46:02+0200,bbadff40-465f-4669-a5ab-d3c11bbfaf39,2026-08-13T05:30:00Z,2026-08-13T07:30:00+0200,2633.23,MW,FR,FR,actual_onshore_wind_generation,Wind Onshore,2026-08-13T16:47:47Z
2026-08-13T16:46:02Z,2026-08-13T18:46:02+0200,bbadff40-465f-4669-a5ab-d3c11bbfaf39,2026-08-13T05:45:00Z,2026-08-13T07:45:00+0200,2511.53,MW,FR,FR,actual_onshore_wind_generation,Wind Onshore,2026-08-13T16:47:47Z
2026-08-13T16:46:02Z,2026-08-13T18:46:02+0200,bbadff40-465f-4669-a5ab-d3c11bbfaf39,2026-08-13T06:00:00Z,2026-08-13T08:00:00+0200,2346.76,MW,FR,FR,actual_onshore_wind_generation,Wind Onshore,2026-08-13T16:47:47Z
2026-08-13T16:46:02Z,2026-08-13T18:46:02+0200,bbadff40-465f-4669-a5ab-d3c11bbfaf39,2026-08-13T06:15:00Z,2026-08-13T08:15:00+0200,2141.33,MW,FR,FR,actual_onshore_wind_generation,Wind Onshore,2026-08-13T16:47:47Z
2026-08-13T16:46:02Z,2026-08-13T18:46:02+0200,bbadff40-465f-4669-a5ab-d3c11bbfaf39,2026-08-13T06:30:00Z,2026-08-13T08:30:00+0200,1906.68,MW,FR,FR,actual_onshore_wind_generation,Wind Onshore,2026-08-13T16:47:47Z
2026-08-13T16:46:02Z,2026-08-13T18:46:02+0200,bbadff40-465f-4669-a5ab-d3c11bbfaf39,2026-08-13T06:45:00Z,2026-08-13T08:45:00+0200,1646.5,MW,FR,FR,actual_onshore_wind_generation,Wind Onshore,2026-08-13T16:47:47Z
2026-08-13T16:46:02Z,2026-08-13T18:46:02+0200,bbadff40-465f-4669-a5ab-d3c11bbfaf39,2026-08-13T07:00:00Z,2026-08-13T09:00:00+0200,1394.77,MW,FR,FR,actual_onshore_wind_generation,Wind Onshore,2026-08-13T16:47:47Z
2026-08-13T16:46:02Z,2026-08-13T18:46:02+0200,bbadff40-465f-4669-a5ab-d3c11bbfaf39,2026-08-13T07:15:00Z,2026-08-13T09:15:00+0200,1164.95,MW,FR,FR,actual_onshore_wind_generation,Wind Onshore,2026-08-13T16:47:47Z
2026-08-13T16:46:02Z,2026-08-13T18:46:02+0200,bbadff40-465f-4669-a5ab-d3c11bbfaf39,2026-08-13T07:30:00Z,2026-08-13T09:30:00+0200,988.25,MW,FR,FR,actual_onshore_wind_generation,Wind Onshore,2026-08-13T16:47:47Z
2026-08-13T16:46:02Z,2026-08-13T18:46:02+0200,bbadff40-465f-4669-a5ab-d3c11bbfaf39,2026-08-13T07:45:00Z,2026-08-13T09:45:00+0200,851.91,MW,FR,FR,actual_onshore_wind_generation,Wind Onshore,2026-08-13T16:47:47Z
2026-08-13T16:46:02Z,2026-08-13T18:46:02+0200,bbadff40-465f-4669-a5ab-d3c11bbfaf39,2026-08-13T08:00:00Z,2026-08-13T10:00:00+0200,733.03,MW,FR,FR,actual_onshore_wind_generation,Wind Onshore,2026-08-13T16:47:47Z
2026-08-13T16:46:02Z,2026-08-13T18:46:02+0200,bbadff40-465f-4669-a5ab-d3c11bbfaf39,2026-08-13T08:15:00Z,2026-08-13T10:15:00+0200,661.48,MW,FR,FR,actual_onshore_wind_generation,Wind Onshore,2026-08-13T16:47:47Z
2026-08-13T16:46:02Z,2026-08-13T18:46:02+0200,bbadff40-465f-4669-a5ab-d3c11bbfaf39,2026-08-13T08:30:00Z,2026-08-13T10:30:00+0200,601.42,MW,FR,FR,actual_onshore_wind_generation,Wind Onshore,2026-08-13T16:47:47Z
2026-08-13T16:46:02Z,2026-08-13T18:46:02+0200,bbadff40-465f-4669-a5ab-d3c11bbfaf39,2026-08-13T08:45:00Z,2026-08-13T10:45:00+0200,572.24,MW,FR,FR,actual_onshore_wind_generation,Wind Onshore,2026-08-13T16:47:47Z
2026-08-13T16:46:02Z,2026-08-13T18:46:02+0200,bbadff40-465f-4669-a5ab-d3c11bbfaf39,2026-08-13T09:00:00Z,2026-08-13T11:00:00+0200,551.59,MW,FR,FR,actual_onshore_wind_generation,Wind Onshore,2026-08-13T16:47:47Z
2026-08-13T16:46:02Z,2026-08-13T18:46:02+0200,bbadff40-465f-4669-a5ab-d3c11bbfaf39,2026-08-13T09:15:00Z,2026-08-13T11:15:00+0200,557.36,MW,FR,FR,actual_onshore_wind_generation,Wind Onshore,2026-08-13T16:47:47Z
2026-08-13T16:46:02Z,2026-08-13T18:46:02+0200,bbadff40-465f-4669-a5ab-d3c11bbfaf39,2026-08-13T09:30:00Z,2026-08-13T11:30:00+0200,552.06,MW,FR,FR,actual_onshore_wind_generation,Wind Onshore,2026-08-13T16:47:47Z
2026-08-13T16:46:02Z,2026-08-13T18:46:02+0200,bbadff40-465f-4669-a5ab-d3c11bbfaf39,2026-08-13T09:45:00Z,2026-08-13T11:45:00+0200,557.24,MW,FR,FR,actual_onshore_wind_generation,Wind Onshore,2026-08-13T16:47:47Z
2026-08-13T16:46:02Z,2026-08-13T18:46:02+0200,bbadff40-465f-4669-a5ab-d3c11bbfaf39,2026-08-13T10:00:00Z,2026-08-13T12:00:00+0200,579.62,MW,FR,FR,actual_onshore_wind_generation,Wind Onshore,2026-08-13T16:47:47Z
2026-08-13T16:46:02Z,2026-08-13T18:46:02+0200,bbadff40-465f-4669-a5ab-d3c11bbfaf39,2026-08-13T10:15:00Z,2026-08-13T12:15:00+0200,592.76,MW,FR,FR,actual_onshore_wind_generation,Wind Onshore,2026-08-13T16:47:47Z
2026-08-13T16:46:02Z,2026-08-13T18:46:02+0200,bbadff40-465f-4669-a5ab-d3c11bbfaf39,2026-08-13T10:30:00Z,2026-08-13T12:30:00+0200,619.69,MW,FR,FR,actual_onshore_wind_generation,Wind Onshore,2026-08-13T16:47:47Z
2026-08-13T16:46:02Z,2026-08-13T18:46:02+0200,bbadff40-465f-4669-a5ab-d3c11bbfaf39,2026-08-13T10:45:00Z,2026-08-13T12:45:00+0200,657.09,MW,FR,FR,actual_onshore_wind_generation,Wind Onshore,2026-08-13T16:47:47Z
2026-08-13T16:46:02Z,2026-08-13T18:46:02+0200,bbadff40-465f-4669-a5ab-d3c11bbfaf39,2026-08-13T11:00:00Z,2026-08-13T13:00:00+0200,683.41,MW,FR,FR,actual_onshore_wind_generation,Wind Onshore,2026-08-13T16:47:47Z
2026-08-13T16:46:02Z,2026-08-13T18:46:02+0200,bbadff40-465f-4669-a5ab-d3c11bbfaf39,2026-08-13T11:15:00Z,2026-08-13T13:15:00+0200,705.3,MW,FR,FR,actual_onshore_wind_generation,Wind Onshore,2026-08-13T16:47:47Z
2026-08-13T16:46:02Z,2026-08-13T18:46:02+0200,bbadff40-465f-4669-a5ab-d3c11bbfaf39,2026-08-13T11:30:00Z,2026-08-13T13:30:00+0200,703.08,MW,FR,FR,actual_onshore_wind_generation,Wind Onshore,2026-08-13T16:47:47Z
2026-08-13T16:46:02Z,2026-08-13T18:46:02+0200,bbadff40-465f-4669-a5ab-d3c11bbfaf39,2026-08-13T11:45:00Z,2026-08-13T13:45:00+0200,691.39,MW,FR,FR,actual_onshore_wind_generation,Wind Onshore,2026-08-13T16:47:47Z
2026-08-13T16:46:02Z,2026-08-13T18:46:02+0200,bbadff40-465f-4669-a5ab-d3c11bbfaf39,2026-08-13T12:00:00Z,2026-08-13T14:00:00+0200,672.33,MW,FR,FR,actual_onshore_wind_generation,Wind Onshore,2026-08-13T16:47:47Z
2026-08-13T16:46:02Z,2026-08-13T18:46:02+0200,bbadff40-465f-4669-a5ab-d3c11bbfaf39,2026-08-13T12:15:00Z,2026-08-13T14:15:00+0200,691.28,MW,FR,FR,actual_onshore_wind_generation,Wind Onshore,2026-08-13T16:47:47Z
2026-08-13T16:46:02Z,2026-08-13T18:46:02+0200,bbadff40-465f-4669-a5ab-d3c11bbfaf39,2026-08-13T12:30:00Z,2026-08-13T14:30:00+0200,695.82,MW,FR,FR,actual_onshore_wind_generation,Wind Onshore,2026-08-13T16:47:47Z
2026-08-13T16:46:02Z,2026-08-13T18:46:02+0200,bbadff40-465f-4669-a5ab-d3c11bbfaf39,2026-08-13T12:45:00Z,2026-08-13T14:45:00+0200,690.27,MW,FR,FR,actual_onshore_wind_generation,Wind Onshore,2026-08-13T16:47:47Z
2026-08-13T16:46:02Z,2026-08-13T18:46:02+0200,bbadff40-465f-4669-a5ab-d3c11bbfaf39,2026-08-13T13:00:00Z,2026-08-13T15:00:00+0200,680.88,MW,FR,FR,actual_onshore_wind_generation,Wind Onshore,2026-08-13T16:47:47Z
2026-08-13T16:46:02Z,2026-08-13T18:46:02+0200,bbadff40-465f-4669-a5ab-d3c11bbfaf39,2026-08-13T13:15:00Z,2026-08-13T15:15:00+0200,679.91,MW,FR,FR,actual_onshore_wind_generation,Wind Onshore,2026-08-13T16:47:47Z
2026-08-13T16:46:02Z,2026-08-13T18:46:02+0200,bbadff40-465f-4669-a5ab-d3c11bbfaf39,2026-08-13T13:30:00Z,2026-08-13T15:30:00+0200,697.48,MW,FR,FR,actual_onshore_wind_generation,Wind Onshore,2026-08-13T16:47:47Z
2026-08-13T16:46:02Z,2026-08-13T18:46:02+0200,bbadff40-465f-4669-a5ab-d3c11bbfaf39,2026-08-13T13:45:00Z,2026-08-13T15:45:00+0200,701.01,MW,FR,FR,actual_onshore_wind_generation,Wind Onshore,2026-08-13T16:47:47Z
2026-08-13T16:46:02Z,2026-08-13T18:46:02+0200,bbadff40-465f-4669-a5ab-d3c11bbfaf39,2026-08-13T14:00:00Z,2026-08-13T16:00:00+0200,701.67,MW,FR,FR,actual_onshore_wind_generation,Wind Onshore,2026-08-13T16:47:47Z
2026-08-13T16:46:02Z,2026-08-13T18:46:02+0200,bbadff40-465f-4669-a5ab-d3c11bbfaf39,2026-08-13T14:15:00Z,2026-08-13T16:15:00+0200,733.96,MW,FR,FR,actual_onshore_wind_generation,Wind Onshore,2026-08-13T16:47:47Z
2026-08-13T16:46:02Z,2026-08-13T18:46:02+0200,bbadff40-465f-4669-a5ab-d3c11bbfaf39,2026-08-13T14:30:00Z,2026-08-13T16:30:00+0200,764.77,MW,FR,FR,actual_onshore_wind_generation,Wind Onshore,2026-08-13T16:47:47Z
2026-08-13T16:46:02Z,2026-08-13T18:46:02+0200,bbadff40-465f-4669-a5ab-d3c11bbfaf39,2026-08-13T14:45:00Z,2026-08-13T16:45:00+0200,796.0,MW,FR,FR,actual_onshore_wind_generation,Wind Onshore,2026-08-13T16:47:47Z
2026-08-13T16:46:02Z,2026-08-13T18:46:02+0200,bbadff40-465f-4669-a5ab-d3c11bbfaf39,2026-08-13T15:00:00Z,2026-08-13T17:00:00+0200,811.5,MW,FR,FR,actual_onshore_wind_generation,Wind Onshore,2026-08-13T16:47:47Z
2026-08-13T16:46:02Z,2026-08-13T18:46:02+0200,bbadff40-465f-4669-a5ab-d3c11bbfaf39,2026-08-13T15:15:00Z,2026-08-13T17:15:00+0200,823.99,MW,FR,FR,actual_onshore_wind_generation,Wind Onshore,2026-08-13T16:47:47Z
2026-08-13T16:46:02Z,2026-08-13T18:46:02+0200,bbadff40-465f-4669-a5ab-d3c11bbfaf39,2026-08-13T15:30:00Z,2026-08-13T17:30:00+0200,875.81,MW,FR,FR,actual_onshore_wind_generation,Wind Onshore,2026-08-13T16:47:47Z
2026-08-13T16:46:02Z,2026-08-13T18:46:02+0200,bbadff40-465f-4669-a5ab-d3c11bbfaf39,2026-08-13T15:45:00Z,2026-08-13T17:45:00+0200,889.65,MW,FR,FR,actual_onshore_wind_generation,Wind Onshore,2026-08-13T16:47:47Z
