collection_time_utc,collection_time_local,run_id,timestamp_utc,timestamp_local,value,unit,country,entsoe_area,variable,source,updated_at_utc
2026-08-05T12:02:33Z,2026-08-05T14:02:33+0200,a602df8b-e77d-453c-80cb-eeacd1e89d3b,2026-07-05T12:15:00Z,2026-07-05T14:15:00+0200,13.74,EUR/MWh,FR,FR,imbalance_price,Long,2026-08-05T12:06:18Z
2026-08-05T12:02:33Z,2026-08-05T14:02:33+0200,a602df8b-e77d-453c-80cb-eeacd1e89d3b,2026-07-05T12:15:00Z,2026-07-05T14:15:00+0200,15.04,EUR/MWh,FR,FR,imbalance_price,Short,2026-08-05T12:06:18Z
2026-08-05T12:02:33Z,2026-08-05T14:02:33+0200,a602df8b-e77d-453c-80cb-eeacd1e89d3b,2026-07-05T12:30:00Z,2026-07-05T14:30:00+0200,13.72,EUR/MWh,FR,FR,imbalance_price,Long,2026-08-05T12:06:18Z
2026-08-05T12:02:33Z,2026-08-05T14:02:33+0200,a602df8b-e77d-453c-80cb-eeacd1e89d3b,2026-07-05T12:30:00Z,2026-07-05T14:30:00+0200,15.02,EUR/MWh,FR,FR,imbalance_price,Short,2026-08-05T12:06:18Z
2026-08-05T12:02:33Z,2026-08-05T14:02:33+0200,a602df8b-e77d-453c-80cb-eeacd1e89d3b,2026-07-05T12:45:00Z,2026-07-05T14:45:00+0200,13.53,EUR/MWh,FR,FR,imbalance_price,Long,2026-08-05T12:06:18Z
2026-08-05T12:02:33Z,2026-08-05T14:02:33+0200,a602df8b-e77d-453c-80cb-eeacd1e89d3b,2026-07-05T12:45:00Z,2026-07-05T14:45:00+0200,14.81,EUR/MWh,FR,FR,imbalance_price,Short,2026-08-05T12:06:18Z
2026-08-05T12:02:33Z,2026-08-05T14:02:33+0200,a602df8b-e77d-453c-80cb-eeacd1e89d3b,2026-07-05T13:00:00Z,2026-07-05T15:00:00+0200,13.81,EUR/MWh,FR,FR,imbalance_price,Long,2026-08-05T12:06:18Z
2026-08-05T12:02:33Z,2026-08-05T14:02:33+0200,a602df8b-e77d-453c-80cb-eeacd1e89d3b,2026-07-05T13:00:00Z,2026-07-05T15:00:00+0200,15.11,EUR/MWh,FR,FR,imbalance_price,Short,2026-08-05T12:06:18Z
2026-08-05T12:02:33Z,2026-08-05T14:02:33+0200,a602df8b-e77d-453c-80cb-eeacd1e89d3b,2026-07-05T13:15:00Z,2026-07-05T15:15:00+0200,13.15,EUR/MWh,FR,FR,imbalance_price,Long,2026-08-05T12:06:18Z
2026-08-05T12:02:33Z,2026-08-05T14:02:33+0200,a602df8b-e77d-453c-80cb-eeacd1e89d3b,2026-07-05T13:15:00Z,2026-07-05T15:15:00+0200,14.39,EUR/MWh,FR,FR,imbalance_price,Short,2026-08-05T12:06:18Z
2026-08-05T12:02:33Z,2026-08-05T14:02:33+0200,a602df8b-e77d-453c-80cb-eeacd1e89d3b,2026-07-05T13:30:00Z,2026-07-05T15:30:00+0200,13.15,EUR/MWh,FR,FR,imbalance_price,Long,2026-08-05T12:06:18Z
2026-08-05T12:02:33Z,2026-08-05T14:02:33+0200,a602df8b-e77d-453c-80cb-eeacd1e89d3b,2026-07-05T13:30:00Z,2026-07-05T15:30:00+0200,14.39,EUR/MWh,FR,FR,imbalance_price,Short,2026-08-05T12:06:18Z
2026-08-05T12:02:33Z,2026-08-05T14:02:33+0200,a602df8b-e77d-453c-80cb-eeacd1e89d3b,2026-07-05T13:45:00Z,2026-07-05T15:45:00+0200,13.15,EUR/MWh,FR,FR,imbalance_price,Long,2026-08-05T12:06:18Z
2026-08-05T12:02:33Z,2026-08-05T14:02:33+0200,a602df8b-e77d-453c-80cb-eeacd1e89d3b,2026-07-05T13:45:00Z,2026-07-05T15:45:00+0200,14.39,EUR/MWh,FR,FR,imbalance_price,Short,2026-08-05T12:06:18Z
2026-08-05T12:02:33Z,2026-08-05T14:02:33+0200,a602df8b-e77d-453c-80cb-eeacd1e89d3b,2026-07-05T14:00:00Z,2026-07-05T16:00:00+0200,13.15,EUR/MWh,FR,FR,imbalance_price,Long,2026-08-05T12:06:18Z
2026-08-05T12:02:33Z,2026-08-05T14:02:33+0200,a602df8b-e77d-453c-80cb-eeacd1e89d3b,2026-07-05T14:00:00Z,2026-07-05T16:00:00+0200,14.39,EUR/MWh,FR,FR,imbalance_price,Short,2026-08-05T12:06:18Z
2026-08-05T12:02:33Z,2026-08-05T14:02:33+0200,a602df8b-e77d-453c-80cb-eeacd1e89d3b,2026-07-05T14:15:00Z,2026-07-05T16:15:00+0200,13.14,EUR/MWh,FR,FR,imbalance_price,Long,2026-08-05T12:06:18Z
2026-08-05T12:02:33Z,2026-08-05T14:02:33+0200,a602df8b-e77d-453c-80cb-eeacd1e89d3b,2026-07-05T14:15:00Z,2026-07-05T16:15:00+0200,14.38,EUR/MWh,FR,FR,imbalance_price,Short,2026-08-05T12:06:18Z
2026-08-05T12:02:33Z,2026-08-05T14:02:33+0200,a602df8b-e77d-453c-80cb-eeacd1e89d3b,2026-07-05T14:30:00Z,2026-07-05T16:30:00+0200,12.45,EUR/MWh,FR,FR,imbalance_price,Long,2026-08-05T12:06:18Z
2026-08-05T12:02:33Z,2026-08-05T14:02:33+0200,a602df8b-e77d-453c-80cb-eeacd1e89d3b,2026-07-05T14:30:00Z,2026-07-05T16:30:00+0200,13.63,EUR/MWh,FR,FR,imbalance_price,Short,2026-08-05T12:06:18Z
2026-08-05T12:02:33Z,2026-08-05T14:02:33+0200,a602df8b-e77d-453c-80cb-eeacd1e89d3b,2026-07-05T14:45:00Z,2026-07-05T16:45:00+0200,13.15,EUR/MWh,FR,FR,imbalance_price,Long,2026-08-05T12:06:18Z
2026-08-05T12:02:33Z,2026-08-05T14:02:33+0200,a602df8b-e77d-453c-80cb-eeacd1e89d3b,2026-07-05T14:45:00Z,2026-07-05T16:45:00+0200,14.39,EUR/MWh,FR,FR,imbalance_price,Short,2026-08-05T12:06:18Z
2026-08-05T12:02:33Z,2026-08-05T14:02:33+0200,a602df8b-e77d-453c-80cb-eeacd1e89d3b,2026-07-05T15:00:00Z,2026-07-05T17:00:00+0200,13.15,EUR/MWh,FR,FR,imbalance_price,Long,2026-08-05T12:06:18Z
2026-08-05T12:02:33Z,2026-08-05T14:02:33+0200,a602df8b-e77d-453c-80cb-eeacd1e89d3b,2026-07-05T15:00:00Z,2026-07-05T17:00:00+0200,14.39,EUR/MWh,FR,FR,imbalance_price,Short,2026-08-05T12:06:18Z
2026-08-05T12:02:33Z,2026-08-05T14:02:33+0200,a602df8b-e77d-453c-80cb-eeacd1e89d3b,2026-07-05T15:15:00Z,2026-07-05T17:15:00+0200,13.15,EUR/MWh,FR,FR,imbalance_price,Long,2026-08-05T12:06:18Z
2026-08-05T12:02:33Z,2026-08-05T14:02:33+0200,a602df8b-e77d-453c-80cb-eeacd1e89d3b,2026-07-05T15:15:00Z,2026-07-05T17:15:00+0200,14.39,EUR/MWh,FR,FR,imbalance_price,Short,2026-08-05T12:06:18Z
2026-08-05T12:02:33Z,2026-08-05T14:02:33+0200,a602df8b-e77d-453c-80cb-eeacd1e89d3b,2026-07-05T15:30:00Z,2026-07-05T17:30:00+0200,13.15,EUR/MWh,FR,FR,imbalance_price,Long,2026-08-05T12:06:18Z
2026-08-05T12:02:33Z,2026-08-05T14:02:33+0200,a602df8b-e77d-453c-80cb-eeacd1e89d3b,2026-07-05T15:30:00Z,2026-07-05T17:30:00+0200,14.39,EUR/MWh,FR,FR,imbalance_price,Short,2026-08-05T12:06:18Z
2026-08-05T12:02:33Z,2026-08-05T14:02:33+0200,a602df8b-e77d-453c-80cb-eeacd1e89d3b,2026-07-05T15:45:00Z,2026-07-05T17:45:00+0200,23.37,EUR/MWh,FR,FR,imbalance_price,Long,2026-08-05T12:06:18Z
2026-08-05T12:02:33Z,2026-08-05T14:02:33+0200,a602df8b-e77d-453c-80cb-eeacd1e89d3b,2026-07-05T15:45:00Z,2026-07-05T17:45:00+0200,25.57,EUR/MWh,FR,FR,imbalance_price,Short,2026-08-05T12:06:18Z
2026-08-05T12:02:33Z,2026-08-05T14:02:33+0200,a602df8b-e77d-453c-80cb-eeacd1e89d3b,2026-07-05T16:00:00Z,2026-07-05T18:00:00+0200,12.46,EUR/MWh,FR,FR,imbalance_price,Long,2026-08-05T12:06:18Z
2026-08-05T12:02:33Z,2026-08-05T14:02:33+0200,a602df8b-e77d-453c-80cb-eeacd1e89d3b,2026-07-05T16:00:00Z,2026-07-05T18:00:00+0200,13.64,EUR/MWh,FR,FR,imbalance_price,Short,2026-08-05T12:06:18Z
2026-08-05T12:02:33Z,2026-08-05T14:02:33+0200,a602df8b-e77d-453c-80cb-eeacd1e89d3b,2026-07-05T16:15:00Z,2026-07-05T18:15:00+0200,30.17,EUR/MWh,FR,FR,imbalance_price,Long,2026-08-05T12:06:18Z
2026-08-05T12:02:33Z,2026-08-05T14:02:33+0200,a602df8b-e77d-453c-80cb-eeacd1e89d3b,2026-07-05T16:15:00Z,2026-07-05T18:15:00+0200,33.01,EUR/MWh,FR,FR,imbalance_price,Short,2026-08-05T12:06:18Z
2026-08-05T12:02:33Z,2026-08-05T14:02:33+0200,a602df8b-e77d-453c-80cb-eeacd1e89d3b,2026-07-05T16:30:00Z,2026-07-05T18:30:00+0200,45.95,EUR/MWh,FR,FR,imbalance_price,Long,2026-08-05T12:06:18Z
2026-08-05T12:02:33Z,2026-08-05T14:02:33+0200,a602df8b-e77d-453c-80cb-eeacd1e89d3b,2026-07-05T16:30:00Z,2026-07-05T18:30:00+0200,50.29,EUR/MWh,FR,FR,imbalance_price,Short,2026-08-05T12:06:18Z
2026-08-05T12:02:33Z,2026-08-05T14:02:33+0200,a602df8b-e77d-453c-80cb-eeacd1e89d3b,2026-07-05T16:45:00Z,2026-07-05T18:45:00+0200,58.1,EUR/MWh,FR,FR,imbalance_price,Long,2026-08-05T12:06:18Z
2026-08-05T12:02:33Z,2026-08-05T14:02:33+0200,a602df8b-e77d-453c-80cb-eeacd1e89d3b,2026-07-05T16:45:00Z,2026-07-05T18:45:00+0200,63.58,EUR/MWh,FR,FR,imbalance_price,Short,2026-08-05T12:06:18Z
2026-08-05T12:02:33Z,2026-08-05T14:02:33+0200,a602df8b-e77d-453c-80cb-eeacd1e89d3b,2026-07-05T17:00:00Z,2026-07-05T19:00:00+0200,38.12,EUR/MWh,FR,FR,imbalance_price,Long,2026-08-05T12:06:18Z
2026-08-05T12:02:33Z,2026-08-05T14:02:33+0200,a602df8b-e77d-453c-80cb-eeacd1e89d3b,2026-07-05T17:00:00Z,2026-07-05T19:00:00+0200,41.72,EUR/MWh,FR,FR,imbalance_price,Short,2026-08-05T12:06:18Z
2026-08-05T12:02:33Z,2026-08-05T14:02:33+0200,a602df8b-e77d-453c-80cb-eeacd1e89d3b,2026-07-05T17:15:00Z,2026-07-05T19:15:00+0200,14.03,EUR/MWh,FR,FR,imbalance_price,Long,2026-08-05T12:06:18Z
2026-08-05T12:02:33Z,2026-08-05T14:02:33+0200,a602df8b-e77d-453c-80cb-eeacd1e89d3b,2026-07-05T17:15:00Z,2026-07-05T19:15:00+0200,15.35,EUR/MWh,FR,FR,imbalance_price,Short,2026-08-05T12:06:18Z
2026-08-05T12:02:33Z,2026-08-05T14:02:33+0200,a602df8b-e77d-453c-80cb-eeacd1e89d3b,2026-07-05T17:30:00Z,2026-07-05T19:30:00+0200,118.86,EUR/MWh,FR,FR,imbalance_price,Long,2026-08-05T12:06:18Z
2026-08-05T12:02:33Z,2026-08-05T14:02:33+0200,a602df8b-e77d-453c-80cb-eeacd1e89d3b,2026-07-05T17:30:00Z,2026-07-05T19:30:00+0200,130.06,EUR/MWh,FR,FR,imbalance_price,Short,2026-08-05T12:06:18Z
2026-08-05T12:02:33Z,2026-08-05T14:02:33+0200,a602df8b-e77d-453c-80cb-eeacd1e89d3b,2026-07-05T17:45:00Z,2026-07-05T19:45:00+0200,102.6,EUR/MWh,FR,FR,imbalance_price,Long,2026-08-05T12:06:18Z
2026-08-05T12:02:33Z,2026-08-05T14:02:33+0200,a602df8b-e77d-453c-80cb-eeacd1e89d3b,2026-07-05T17:45:00Z,2026-07-05T19:45:00+0200,112.26,EUR/MWh,FR,FR,imbalance_price,Short,2026-08-05T12:06:18Z
2026-08-05T12:02:33Z,2026-08-05T14:02:33+0200,a602df8b-e77d-453c-80cb-eeacd1e89d3b,2026-07-05T18:00:00Z,2026-07-05T20:00:00+0200,108.36,EUR/MWh,FR,FR,imbalance_price,Long,2026-08-05T12:06:18Z
2026-08-05T12:02:33Z,2026-08-05T14:02:33+0200,a602df8b-e77d-453c-80cb-eeacd1e89d3b,2026-07-05T18:00:00Z,2026-07-05T20:00:00+0200,118.58,EUR/MWh,FR,FR,imbalance_price,Short,2026-08-05T12:06:18Z
2026-08-05T12:02:33Z,2026-08-05T14:02:33+0200,a602df8b-e77d-453c-80cb-eeacd1e89d3b,2026-07-05T18:15:00Z,2026-07-05T20:15:00+0200,158.37,EUR/MWh,FR,FR,imbalance_price,Long,2026-08-05T12:06:18Z
2026-08-05T12:02:33Z,2026-08-05T14:02:33+0200,a602df8b-e77d-453c-80cb-eeacd1e89d3b,2026-07-05T18:15:00Z,2026-07-05T20:15:00+0200,173.29,EUR/MWh,FR,FR,imbalance_price,Short,2026-08-05T12:06:18Z
2026-08-05T12:02:33Z,2026-08-05T14:02:33+0200,a602df8b-e77d-453c-80cb-eeacd1e89d3b,2026-07-05T18:30:00Z,2026-07-05T20:30:00+0200,155.71,EUR/MWh,FR,FR,imbalance_price,Long,2026-08-05T12:06:18Z
2026-08-05T12:02:33Z,2026-08-05T14:02:33+0200,a602df8b-e77d-453c-80cb-eeacd1e89d3b,2026-07-05T18:30:00Z,2026-07-05T20:30:00+0200,170.39,EUR/MWh,FR,FR,imbalance_price,Short,2026-08-05T12:06:18Z
2026-08-05T12:02:33Z,2026-08-05T14:02:33+0200,a602df8b-e77d-453c-80cb-eeacd1e89d3b,2026-07-05T18:45:00Z,2026-07-05T20:45:00+0200,148.72,EUR/MWh,FR,FR,imbalance_price,Long,2026-08-05T12:06:18Z
2026-08-05T12:02:33Z,2026-08-05T14:02:33+0200,a602df8b-e77d-453c-80cb-eeacd1e89d3b,2026-07-05T18:45:00Z,2026-07-05T20:45:00+0200,162.74,EUR/MWh,FR,FR,imbalance_price,Short,2026-08-05T12:06:18Z
2026-08-05T12:02:33Z,2026-08-05T14:02:33+0200,a602df8b-e77d-453c-80cb-eeacd1e89d3b,2026-07-05T19:00:00Z,2026-07-05T21:00:00+0200,134.44,EUR/MWh,FR,FR,imbalance_price,Long,2026-08-05T12:06:18Z
2026-08-05T12:02:33Z,2026-08-05T14:02:33+0200,a602df8b-e77d-453c-80cb-eeacd1e89d3b,2026-07-05T19:00:00Z,2026-07-05T21:00:00+0200,147.12,EUR/MWh,FR,FR,imbalance_price,Short,2026-08-05T12:06:18Z
2026-08-05T12:02:33Z,2026-08-05T14:02:33+0200,a602df8b-e77d-453c-80cb-eeacd1e89d3b,2026-07-05T19:15:00Z,2026-07-05T21:15:00+0200,150.68,EUR/MWh,FR,FR,imbalance_price,Long,2026-08-05T12:06:18Z
2026-08-05T12:02:33Z,2026-08-05T14:02:33+0200,a602df8b-e77d-453c-80cb-eeacd1e89d3b,2026-07-05T19:15:00Z,2026-07-05T21:15:00+0200,164.88,EUR/MWh,FR,FR,imbalance_price,Short,2026-08-05T12:06:18Z
2026-08-05T12:02:33Z,2026-08-05T14:02:33+0200,a602df8b-e77d-453c-80cb-eeacd1e89d3b,2026-07-05T19:30:00Z,2026-07-05T21:30:00+0200,149.02,EUR/MWh,FR,FR,imbalance_price,Long,2026-08-05T12:06:18Z
2026-08-05T12:02:33Z,2026-08-05T14:02:33+0200,a602df8b-e77d-453c-80cb-eeacd1e89d3b,2026-07-05T19:30:00Z,2026-07-05T21:30:00+0200,163.06,EUR/MWh,FR,FR,imbalance_price,Short,2026-08-05T12:06:18Z
2026-08-05T12:02:33Z,2026-08-05T14:02:33+0200,a602df8b-e77d-453c-80cb-eeacd1e89d3b,2026-07-05T19:45:00Z,2026-07-05T21:45:00+0200,151.23,EUR/MWh,FR,FR,imbalance_price,Long,2026-08-05T12:06:18Z
2026-08-05T12:02:33Z,2026-08-05T14:02:33+0200,a602df8b-e77d-453c-80cb-eeacd1e89d3b,2026-07-05T19:45:00Z,2026-07-05T21:45:00+0200,165.49,EUR/MWh,FR,FR,imbalance_price,Short,2026-08-05T12:06:18Z
2026-08-05T12:02:33Z,2026-08-05T14:02:33+0200,a602df8b-e77d-453c-80cb-eeacd1e89d3b,2026-07-05T20:00:00Z,2026-07-05T22:00:00+0200,154.52,EUR/MWh,FR,FR,imbalance_price,Long,2026-08-05T12:06:18Z
2026-08-05T12:02:33Z,2026-08-05T14:02:33+0200,a602df8b-e77d-453c-80cb-eeacd1e89d3b,2026-07-05T20:00:00Z,2026-07-05T22:00:00+0200,169.08,EUR/MWh,FR,FR,imbalance_price,Short,2026-08-05T12:06:18Z
2026-08-05T12:02:33Z,2026-08-05T14:02:33+0200,a602df8b-e77d-453c-80cb-eeacd1e89d3b,2026-07-05T20:15:00Z,2026-07-05T22:15:00+0200,146.33,EUR/MWh,FR,FR,imbalance_price,Long,2026-08-05T12:06:18Z
2026-08-05T12:02:33Z,2026-08-05T14:02:33+0200,a602df8b-e77d-453c-80cb-eeacd1e89d3b,2026-07-05T20:15:00Z,2026-07-05T22:15:00+0200,160.11,EUR/MWh,FR,FR,imbalance_price,Short,2026-08-05T12:06:18Z
2026-08-05T12:02:33Z,2026-08-05T14:02:33+0200,a602df8b-e77d-453c-80cb-eeacd1e89d3b,2026-07-05T20:30:00Z,2026-07-05T22:30:00+0200,153.61,EUR/MWh,FR,FR,imbalance_price,Long,2026-08-05T12:06:18Z
2026-08-05T12:02:33Z,2026-08-05T14:02:33+0200,a602df8b-e77d-453c-80cb-eeacd1e89d3b,2026-07-05T20:30:00Z,2026-07-05T22:30:00+0200,168.09,EUR/MWh,FR,FR,imbalance_price,Short,2026-08-05T12:06:18Z
2026-08-05T12:02:33Z,2026-08-05T14:02:33+0200,a602df8b-e77d-453c-80cb-eeacd1e89d3b,2026-07-05T20:45:00Z,2026-07-05T22:45:00+0200,155.56,EUR/MWh,FR,FR,imbalance_price,Long,2026-08-05T12:06:18Z
2026-08-05T12:02:33Z,2026-08-05T14:02:33+0200,a602df8b-e77d-453c-80cb-eeacd1e89d3b,2026-07-05T20:45:00Z,2026-07-05T22:45:00+0200,170.22,EUR/MWh,FR,FR,imbalance_price,Short,2026-08-05T12:06:18Z
2026-08-05T12:02:33Z,2026-08-05T14:02:33+0200,a602df8b-e77d-453c-80cb-eeacd1e89d3b,2026-07-05T21:00:00Z,2026-07-05T23:00:00+0200,156.93,EUR/MWh,FR,FR,imbalance_price,Long,2026-08-05T12:06:18Z
2026-08-05T12:02:33Z,2026-08-05T14:02:33+0200,a602df8b-e77d-453c-80cb-eeacd1e89d3b,2026-07-05T21:00:00Z,2026-07-05T23:00:00+0200,171.71,EUR/MWh,FR,FR,imbalance_price,Short,2026-08-05T12:06:18Z
2026-08-05T12:02:33Z,2026-08-05T14:02:33+0200,a602df8b-e77d-453c-80cb-eeacd1e89d3b,2026-07-05T21:15:00Z,2026-07-05T23:15:00+0200,149.99,EUR/MWh,FR,FR,imbalance_price,Long,2026-08-05T12:06:18Z
2026-08-05T12:02:33Z,2026-08-05T14:02:33+0200,a602df8b-e77d-453c-80cb-eeacd1e89d3b,2026-07-05T21:15:00Z,2026-07-05T23:15:00+0200,164.13,EUR/MWh,FR,FR,imbalance_price,Short,2026-08-05T12:06:18Z
2026-08-05T12:02:33Z,2026-08-05T14:02:33+0200,a602df8b-e77d-453c-80cb-eeacd1e89d3b,2026-07-05T21:30:00Z,2026-07-05T23:30:00+0200,138.98,EUR/MWh,FR,FR,imbalance_price,Long,2026-08-05T12:06:18Z
2026-08-05T12:02:33Z,2026-08-05T14:02:33+0200,a602df8b-e77d-453c-80cb-eeacd1e89d3b,2026-07-05T21:30:00Z,2026-07-05T23:30:00+0200,152.08,EUR/MWh,FR,FR,imbalance_price,Short,2026-08-05T12:06:18Z
2026-08-05T12:02:33Z,2026-08-05T14:02:33+0200,a602df8b-e77d-453c-80cb-eeacd1e89d3b,2026-07-05T21:45:00Z,2026-07-05T23:45:00+0200,140.98,EUR/MWh,FR,FR,imbalance_price,Long,2026-08-05T12:06:18Z
2026-08-05T12:02:33Z,2026-08-05T14:02:33+0200,a602df8b-e77d-453c-80cb-eeacd1e89d3b,2026-07-05T21:45:00Z,2026-07-05T23:45:00+0200,154.26,EUR/MWh,FR,FR,imbalance_price,Short,2026-08-05T12:06:18Z
2026-08-05T12:02:33Z,2026-08-05T14:02:33+0200,a602df8b-e77d-453c-80cb-eeacd1e89d3b,2026-07-05T22:00:00Z,2026-07-06T00:00:00+0200,148.16,EUR/MWh,FR,FR,imbalance_price,Long,2026-08-05T12:06:18Z
2026-08-05T12:02:33Z,2026-08-05T14:02:33+0200,a602df8b-e77d-453c-80cb-eeacd1e89d3b,2026-07-05T22:00:00Z,2026-07-06T00:00:00+0200,162.12,EUR/MWh,FR,FR,imbalance_price,Short,2026-08-05T12:06:18Z
2026-08-05T12:02:33Z,2026-08-05T14:02:33+0200,a602df8b-e77d-453c-80cb-eeacd1e89d3b,2026-07-05T22:15:00Z,2026-07-06T00:15:00+0200,144.92,EUR/MWh,FR,FR,imbalance_price,Long,2026-08-05T12:06:18Z
2026-08-05T12:02:33Z,2026-08-05T14:02:33+0200,a602df8b-e77d-453c-80cb-eeacd1e89d3b,2026-07-05T22:15:00Z,2026-07-06T00:15:00+0200,158.58,EUR/MWh,FR,FR,imbalance_price,Short,2026-08-05T12:06:18Z
2026-08-05T12:02:33Z,2026-08-05T14:02:33+0200,a602df8b-e77d-453c-80cb-eeacd1e89d3b,2026-07-05T22:30:00Z,2026-07-06T00:30:00+0200,146.32,EUR/MWh,FR,FR,imbalance_price,Long,2026-08-05T12:06:18Z
2026-08-05T12:02:33Z,2026-08-05T14:02:33+0200,a602df8b-e77d-453c-80cb-eeacd1e89d3b,2026-07-05T22:30:00Z,2026-07-06T00:30:00+0200,160.1,EUR/MWh,FR,FR,imbalance_price,Short,2026-08-05T12:06:18Z
2026-08-05T12:02:33Z,2026-08-05T14:02:33+0200,a602df8b-e77d-453c-80cb-eeacd1e89d3b,2026-07-05T22:45:00Z,2026-07-06T00:45:00+0200,147.79,EUR/MWh,FR,FR,imbalance_price,Long,2026-08-05T12:06:18Z
2026-08-05T12:02:33Z,2026-08-05T14:02:33+0200,a602df8b-e77d-453c-80cb-eeacd1e89d3b,2026-07-05T22:45:00Z,2026-07-06T00:45:00+0200,161.71,EUR/MWh,FR,FR,imbalance_price,Short,2026-08-05T12:06:18Z
2026-08-05T12:02:33Z,2026-08-05T14:02:33+0200,a602df8b-e77d-453c-80cb-eeacd1e89d3b,2026-07-05T23:00:00Z,2026-07-06T01:00:00+0200,139.16,EUR/MWh,FR,FR,imbalance_price,Long,2026-08-05T12:06:18Z
2026-08-05T12:02:33Z,2026-08-05T14:02:33+0200,a602df8b-e77d-453c-80cb-eeacd1e89d3b,2026-07-05T23:00:00Z,2026-07-06T01:00:00+0200,152.28,EUR/MWh,FR,FR,imbalance_price,Short,2026-08-05T12:06:18Z
2026-08-05T12:02:33Z,2026-08-05T14:02:33+0200,a602df8b-e77d-453c-80cb-eeacd1e89d3b,2026-07-05T23:15:00Z,2026-07-06T01:15:00+0200,132.41,EUR/MWh,FR,FR,imbalance_price,Long,2026-08-05T12:06:18Z
2026-08-05T12:02:33Z,2026-08-05T14:02:33+0200,a602df8b-e77d-453c-80cb-eeacd1e89d3b,2026-07-05T23:15:00Z,2026-07-06T01:15:00+0200,144.89,EUR/MWh,FR,FR,imbalance_price,Short,2026-08-05T12:06:18Z
2026-08-05T12:02:33Z,2026-08-05T14:02:33+0200,a602df8b-e77d-453c-80cb-eeacd1e89d3b,2026-07-05T23:30:00Z,2026-07-06T01:30:00+0200,132.75,EUR/MWh,FR,FR,imbalance_price,Long,2026-08-05T12:06:18Z
2026-08-05T12:02:33Z,2026-08-05T14:02:33+0200,a602df8b-e77d-453c-80cb-eeacd1e89d3b,2026-07-05T23:30:00Z,2026-07-06T01:30:00+0200,145.26,EUR/MWh,FR,FR,imbalance_price,Short,2026-08-05T12:06:18Z
2026-08-05T12:02:33Z,2026-08-05T14:02:33+0200,a602df8b-e77d-453c-80cb-eeacd1e89d3b,2026-07-05T23:45:00Z,2026-07-06T01:45:00+0200,52.53,EUR/MWh,FR,FR,imbalance_price,Long,2026-08-05T12:06:18Z
2026-08-05T12:02:33Z,2026-08-05T14:02:33+0200,a602df8b-e77d-453c-80cb-eeacd1e89d3b,2026-07-05T23:45:00Z,2026-07-06T01:45:00+0200,57.48,EUR/MWh,FR,FR,imbalance_price,Short,2026-08-05T12:06:18Z
2026-08-05T12:02:33Z,2026-08-05T14:02:33+0200,a602df8b-e77d-453c-80cb-eeacd1e89d3b,2026-07-06T00:00:00Z,2026-07-06T02:00:00+0200,97.97,EUR/MWh,FR,FR,imbalance_price,Long,2026-08-05T12:06:18Z
2026-08-05T12:02:33Z,2026-08-05T14:02:33+0200,a602df8b-e77d-453c-80cb-eeacd1e89d3b,2026-07-06T00:00:00Z,2026-07-06T02:00:00+0200,107.21,EUR/MWh,FR,FR,imbalance_price,Short,2026-08-05T12:06:18Z
2026-08-05T12:02:33Z,2026-08-05T14:02:33+0200,a602df8b-e77d-453c-80cb-eeacd1e89d3b,2026-07-06T00:15:00Z,2026-07-06T02:15:00+0200,63.82,EUR/MWh,FR,FR,imbalance_price,Long,2026-08-05T12:06:18Z
2026-08-05T12:02:33Z,2026-08-05T14:02:33+0200,a602df8b-e77d-453c-80cb-eeacd1e89d3b,2026-07-06T00:15:00Z,2026-07-06T02:15:00+0200,69.84,EUR/MWh,FR,FR,imbalance_price,Short,2026-08-05T12:06:18Z
2026-08-05T12:02:33Z,2026-08-05T14:02:33+0200,a602df8b-e77d-453c-80cb-eeacd1e89d3b,2026-07-06T00:30:00Z,2026-07-06T02:30:00+0200,112.23,EUR/MWh,FR,FR,imbalance_price,Long,2026-08-05T12:06:18Z
2026-08-05T12:02:33Z,2026-08-05T14:02:33+0200,a602df8b-e77d-453c-80cb-eeacd1e89d3b,2026-07-06T00:30:00Z,2026-07-06T02:30:00+0200,122.81,EUR/MWh,FR,FR,imbalance_price,Short,2026-08-05T12:06:18Z
2026-08-05T12:02:33Z,2026-08-05T14:02:33+0200,a602df8b-e77d-453c-80cb-eeacd1e89d3b,2026-07-06T00:45:00Z,2026-07-06T02:45:00+0200,82.72,EUR/MWh,FR,FR,imbalance_price,Long,2026-08-05T12:06:18Z
2026-08-05T12:02:33Z,2026-08-05T14:02:33+0200,a602df8b-e77d-453c-80cb-eeacd1e89d3b,2026-07-06T00:45:00Z,2026-07-06T02:45:00+0200,90.52,EUR/MWh,FR,FR,imbalance_price,Short,2026-08-05T12:06:18Z
2026-08-05T12:02:33Z,2026-08-05T14:02:33+0200,a602df8b-e77d-453c-80cb-eeacd1e89d3b,2026-07-06T01:00:00Z,2026-07-06T03:00:00+0200,130.41,EUR/MWh,FR,FR,imbalance_price,Long,2026-08-05T12:06:18Z
2026-08-05T12:02:33Z,2026-08-05T14:02:33+0200,a602df8b-e77d-453c-80cb-eeacd1e89d3b,2026-07-06T01:00:00Z,2026-07-06T03:00:00+0200,142.71,EUR/MWh,FR,FR,imbalance_price,Short,2026-08-05T12:06:18Z
2026-08-05T12:02:33Z,2026-08-05T14:02:33+0200,a602df8b-e77d-453c-80cb-eeacd1e89d3b,2026-07-06T01:15:00Z,2026-07-06T03:15:00+0200,120.48,EUR/MWh,FR,FR,imbalance_price,Long,2026-08-05T12:06:18Z
2026-08-05T12:02:33Z,2026-08-05T14:02:33+0200,a602df8b-e77d-453c-80cb-eeacd1e89d3b,2026-07-06T01:15:00Z,2026-07-06T03:15:00+0200,131.84,EUR/MWh,FR,FR,imbalance_price,Short,2026-08-05T12:06:18Z
2026-08-05T12:02:33Z,2026-08-05T14:02:33+0200,a602df8b-e77d-453c-80cb-eeacd1e89d3b,2026-07-06T01:30:00Z,2026-07-06T03:30:00+0200,88.98,EUR/MWh,FR,FR,imbalance_price,Long,2026-08-05T12:06:18Z
2026-08-05T12:02:33Z,2026-08-05T14:02:33+0200,a602df8b-e77d-453c-80cb-eeacd1e89d3b,2026-07-06T01:30:00Z,2026-07-06T03:30:00+0200,97.36,EUR/MWh,FR,FR,imbalance_price,Short,2026-08-05T12:06:18Z
2026-08-05T12:02:33Z,2026-08-05T14:02:33+0200,a602df8b-e77d-453c-80cb-eeacd1e89d3b,2026-07-06T01:45:00Z,2026-07-06T03:45:00+0200,85.72,EUR/MWh,FR,FR,imbalance_price,Long,2026-08-05T12:06:18Z
2026-08-05T12:02:33Z,2026-08-05T14:02:33+0200,a602df8b-e77d-453c-80cb-eeacd1e89d3b,2026-07-06T01:45:00Z,2026-07-06T03:45:00+0200,93.8,EUR/MWh,FR,FR,imbalance_price,Short,2026-08-05T12:06:18Z
2026-08-05T12:02:33Z,2026-08-05T14:02:33+0200,a602df8b-e77d-453c-80cb-eeacd1e89d3b,2026-07-06T02:00:00Z,2026-07-06T04:00:00+0200,132.56,EUR/MWh,FR,FR,imbalance_price,Long,2026-08-05T12:06:18Z
2026-08-05T12:02:33Z,2026-08-05T14:02:33+0200,a602df8b-e77d-453c-80cb-eeacd1e89d3b,2026-07-06T02:00:00Z,2026-07-06T04:00:00+0200,145.06,EUR/MWh,FR,FR,imbalance_price,Short,2026-08-05T12:06:18Z
2026-08-05T12:02:33Z,2026-08-05T14:02:33+0200,a602df8b-e77d-453c-80cb-eeacd1e89d3b,2026-07-06T02:15:00Z,2026-07-06T04:15:00+0200,120.67,EUR/MWh,FR,FR,imbalance_price,Long,2026-08-05T12:06:18Z
2026-08-05T12:02:33Z,2026-08-05T14:02:33+0200,a602df8b-e77d-453c-80cb-eeacd1e89d3b,2026-07-06T02:15:00Z,2026-07-06T04:15:00+0200,132.05,EUR/MWh,FR,FR,imbalance_price,Short,2026-08-05T12:06:18Z
2026-08-05T12:02:33Z,2026-08-05T14:02:33+0200,a602df8b-e77d-453c-80cb-eeacd1e89d3b,2026-07-06T02:30:00Z,2026-07-06T04:30:00+0200,117.42,EUR/MWh,FR,FR,imbalance_price,Long,2026-08-05T12:06:18Z
2026-08-05T12:02:33Z,2026-08-05T14:02:33+0200,a602df8b-e77d-453c-80cb-eeacd1e89d3b,2026-07-06T02:30:00Z,2026-07-06T04:30:00+0200,128.48,EUR/MWh,FR,FR,imbalance_price,Short,2026-08-05T12:06:18Z
2026-08-05T12:02:33Z,2026-08-05T14:02:33+0200,a602df8b-e77d-453c-80cb-eeacd1e89d3b,2026-07-06T02:45:00Z,2026-07-06T04:45:00+0200,93.65,EUR/MWh,FR,FR,imbalance_price,Long,2026-08-05T12:06:18Z
2026-08-05T12:02:33Z,2026-08-05T14:02:33+0200,a602df8b-e77d-453c-80cb-eeacd1e89d3b,2026-07-06T02:45:00Z,2026-07-06T04:45:00+0200,102.47,EUR/MWh,FR,FR,imbalance_price,Short,2026-08-05T12:06:18Z
2026-08-05T12:02:33Z,2026-08-05T14:02:33+0200,a602df8b-e77d-453c-80cb-eeacd1e89d3b,2026-07-06T03:00:00Z,2026-07-06T05:00:00+0200,0.0,EUR/MWh,FR,FR,imbalance_price,Long,2026-08-05T12:06:18Z
2026-08-05T12:02:33Z,2026-08-05T14:02:33+0200,a602df8b-e77d-453c-80cb-eeacd1e89d3b,2026-07-06T03:00:00Z,2026-07-06T05:00:00+0200,0.0,EUR/MWh,FR,FR,imbalance_price,Short,2026-08-05T12:06:18Z
2026-08-05T12:02:33Z,2026-08-05T14:02:33+0200,a602df8b-e77d-453c-80cb-eeacd1e89d3b,2026-07-06T03:15:00Z,2026-07-06T05:15:00+0200,0.0,EUR/MWh,FR,FR,imbalance_price,Long,2026-08-05T12:06:18Z
2026-08-05T12:02:33Z,2026-08-05T14:02:33+0200,a602df8b-e77d-453c-80cb-eeacd1e89d3b,2026-07-06T03:15:00Z,2026-07-06T05:15:00+0200,0.0,EUR/MWh,FR,FR,imbalance_price,Short,2026-08-05T12:06:18Z
2026-08-05T12:02:33Z,2026-08-05T14:02:33+0200,a602df8b-e77d-453c-80cb-eeacd1e89d3b,2026-07-06T03:30:00Z,2026-07-06T05:30:00+0200,0.0,EUR/MWh,FR,FR,imbalance_price,Long,2026-08-05T12:06:18Z
2026-08-05T12:02:33Z,2026-08-05T14:02:33+0200,a602df8b-e77d-453c-80cb-eeacd1e89d3b,2026-07-06T03:30:00Z,2026-07-06T05:30:00+0200,0.0,EUR/MWh,FR,FR,imbalance_price,Short,2026-08-05T12:06:18Z
2026-08-05T12:02:33Z,2026-08-05T14:02:33+0200,a602df8b-e77d-453c-80cb-eeacd1e89d3b,2026-07-06T03:45:00Z,2026-07-06T05:45:00+0200,51.55,EUR/MWh,FR,FR,imbalance_price,Long,2026-08-05T12:06:18Z
2026-08-05T12:02:33Z,2026-08-05T14:02:33+0200,a602df8b-e77d-453c-80cb-eeacd1e89d3b,2026-07-06T03:45:00Z,2026-07-06T05:45:00+0200,56.41,EUR/MWh,FR,FR,imbalance_price,Short,2026-08-05T12:06:18Z
2026-08-05T12:02:33Z,2026-08-05T14:02:33+0200,a602df8b-e77d-453c-80cb-eeacd1e89d3b,2026-07-06T04:00:00Z,2026-07-06T06:00:00+0200,108.3,EUR/MWh,FR,FR,imbalance_price,Long,2026-08-05T12:06:18Z
2026-08-05T12:02:33Z,2026-08-05T14:02:33+0200,a602df8b-e77d-453c-80cb-eeacd1e89d3b,2026-07-06T04:00:00Z,2026-07-06T06:00:00+0200,118.5,EUR/MWh,FR,FR,imbalance_price,Short,2026-08-05T12:06:18Z
2026-08-05T12:02:33Z,2026-08-05T14:02:33+0200,a602df8b-e77d-453c-80cb-eeacd1e89d3b,2026-07-06T04:15:00Z,2026-07-06T06:15:00+0200,133.39,EUR/MWh,FR,FR,imbalance_price,Long,2026-08-05T12:06:18Z
2026-08-05T12:02:33Z,2026-08-05T14:02:33+0200,a602df8b-e77d-453c-80cb-eeacd1e89d3b,2026-07-06T04:15:00Z,2026-07-06T06:15:00+0200,145.97,EUR/MWh,FR,FR,imbalance_price,Short,2026-08-05T12:06:18Z
2026-08-05T12:02:33Z,2026-08-05T14:02:33+0200,a602df8b-e77d-453c-80cb-eeacd1e89d3b,2026-07-06T04:30:00Z,2026-07-06T06:30:00+0200,95.65,EUR/MWh,FR,FR,imbalance_price,Long,2026-08-05T12:06:18Z
2026-08-05T12:02:33Z,2026-08-05T14:02:33+0200,a602df8b-e77d-453c-80cb-eeacd1e89d3b,2026-07-06T04:30:00Z,2026-07-06T06:30:00+0200,104.67,EUR/MWh,FR,FR,imbalance_price,Short,2026-08-05T12:06:18Z
2026-08-05T12:02:33Z,2026-08-05T14:02:33+0200,a602df8b-e77d-453c-80cb-eeacd1e89d3b,2026-07-06T04:45:00Z,2026-07-06T06:45:00+0200,110.54,EUR/MWh,FR,FR,imbalance_price,Long,2026-08-05T12:06:18Z
2026-08-05T12:02:33Z,2026-08-05T14:02:33+0200,a602df8b-e77d-453c-80cb-eeacd1e89d3b,2026-07-06T04:45:00Z,2026-07-06T06:45:00+0200,120.96,EUR/MWh,FR,FR,imbalance_price,Short,2026-08-05T12:06:18Z
2026-08-05T12:02:33Z,2026-08-05T14:02:33+0200,a602df8b-e77d-453c-80cb-eeacd1e89d3b,2026-07-06T05:00:00Z,2026-07-06T07:00:00+0200,41.25,EUR/MWh,FR,FR,imbalance_price,Long,2026-08-05T12:06:18Z
2026-08-05T12:02:33Z,2026-08-05T14:02:33+0200,a602df8b-e77d-453c-80cb-eeacd1e89d3b,2026-07-06T05:00:00Z,2026-07-06T07:00:00+0200,45.13,EUR/MWh,FR,FR,imbalance_price,Short,2026-08-05T12:06:18Z
2026-08-05T12:02:33Z,2026-08-05T14:02:33+0200,a602df8b-e77d-453c-80cb-eeacd1e89d3b,2026-07-06T05:15:00Z,2026-07-06T07:15:00+0200,15.56,EUR/MWh,FR,FR,imbalance_price,Long,2026-08-05T12:06:18Z
2026-08-05T12:02:33Z,2026-08-05T14:02:33+0200,a602df8b-e77d-453c-80cb-eeacd1e89d3b,2026-07-06T05:15:00Z,2026-07-06T07:15:00+0200,17.02,EUR/MWh,FR,FR,imbalance_price,Short,2026-08-05T12:06:18Z
2026-08-05T12:02:33Z,2026-08-05T14:02:33+0200,a602df8b-e77d-453c-80cb-eeacd1e89d3b,2026-07-06T05:30:00Z,2026-07-06T07:30:00+0200,15.56,EUR/MWh,FR,FR,imbalance_price,Long,2026-08-05T12:06:18Z
2026-08-05T12:02:33Z,2026-08-05T14:02:33+0200,a602df8b-e77d-453c-80cb-eeacd1e89d3b,2026-07-06T05:30:00Z,2026-07-06T07:30:00+0200,17.02,EUR/MWh,FR,FR,imbalance_price,Short,2026-08-05T12:06:18Z
2026-08-05T12:02:33Z,2026-08-05T14:02:33+0200,a602df8b-e77d-453c-80cb-eeacd1e89d3b,2026-07-06T05:45:00Z,2026-07-06T07:45:00+0200,74.11,EUR/MWh,FR,FR,imbalance_price,Long,2026-08-05T12:06:18Z
2026-08-05T12:02:33Z,2026-08-05T14:02:33+0200,a602df8b-e77d-453c-80cb-eeacd1e89d3b,2026-07-06T05:45:00Z,2026-07-06T07:45:00+0200,81.09,EUR/MWh,FR,FR,imbalance_price,Short,2026-08-05T12:06:18Z
2026-08-05T12:02:33Z,2026-08-05T14:02:33+0200,a602df8b-e77d-453c-80cb-eeacd1e89d3b,2026-07-06T06:00:00Z,2026-07-06T08:00:00+0200,42.34,EUR/MWh,FR,FR,imbalance_price,Long,2026-08-05T12:06:18Z
2026-08-05T12:02:33Z,2026-08-05T14:02:33+0200,a602df8b-e77d-453c-80cb-eeacd1e89d3b,2026-07-06T06:00:00Z,2026-07-06T08:00:00+0200,46.32,EUR/MWh,FR,FR,imbalance_price,Short,2026-08-05T12:06:18Z
2026-08-05T12:02:33Z,2026-08-05T14:02:33+0200,a602df8b-e77d-453c-80cb-eeacd1e89d3b,2026-07-06T06:15:00Z,2026-07-06T08:15:00+0200,60.92,EUR/MWh,FR,FR,imbalance_price,Long,2026-08-05T12:06:18Z
2026-08-05T12:02:33Z,2026-08-05T14:02:33+0200,a602df8b-e77d-453c-80cb-eeacd1e89d3b,2026-07-06T06:15:00Z,2026-07-06T08:15:00+0200,66.66,EUR/MWh,FR,FR,imbalance_price,Short,2026-08-05T12:06:18Z
2026-08-05T12:02:33Z,2026-08-05T14:02:33+0200,a602df8b-e77d-453c-80cb-eeacd1e89d3b,2026-07-06T06:30:00Z,2026-07-06T08:30:00+0200,36.61,EUR/MWh,FR,FR,imbalance_price,Long,2026-08-05T12:06:18Z
2026-08-05T12:02:33Z,2026-08-05T14:02:33+0200,a602df8b-e77d-453c-80cb-eeacd1e89d3b,2026-07-06T06:30:00Z,2026-07-06T08:30:00+0200,40.07,EUR/MWh,FR,FR,imbalance_price,Short,2026-08-05T12:06:18Z
2026-08-05T12:02:33Z,2026-08-05T14:02:33+0200,a602df8b-e77d-453c-80cb-eeacd1e89d3b,2026-07-06T06:45:00Z,2026-07-06T08:45:00+0200,59.95,EUR/MWh,FR,FR,imbalance_price,Long,2026-08-05T12:06:18Z
2026-08-05T12:02:33Z,2026-08-05T14:02:33+0200,a602df8b-e77d-453c-80cb-eeacd1e89d3b,2026-07-06T06:45:00Z,2026-07-06T08:45:00+0200,65.61,EUR/MWh,FR,FR,imbalance_price,Short,2026-08-05T12:06:18Z
2026-08-05T12:02:33Z,2026-08-05T14:02:33+0200,a602df8b-e77d-453c-80cb-eeacd1e89d3b,2026-07-06T07:00:00Z,2026-07-06T09:00:00+0200,86.82,EUR/MWh,FR,FR,imbalance_price,Long,2026-08-05T12:06:18Z
2026-08-05T12:02:33Z,2026-08-05T14:02:33+0200,a602df8b-e77d-453c-80cb-eeacd1e89d3b,2026-07-06T07:00:00Z,2026-07-06T09:00:00+0200,95.0,EUR/MWh,FR,FR,imbalance_price,Short,2026-08-05T12:06:18Z
2026-08-05T12:02:33Z,2026-08-05T14:02:33+0200,a602df8b-e77d-453c-80cb-eeacd1e89d3b,2026-07-06T07:15:00Z,2026-07-06T09:15:00+0200,31.18,EUR/MWh,FR,FR,imbalance_price,Long,2026-08-05T12:06:18Z
2026-08-05T12:02:33Z,2026-08-05T14:02:33+0200,a602df8b-e77d-453c-80cb-eeacd1e89d3b,2026-07-06T07:15:00Z,2026-07-06T09:15:00+0200,34.12,EUR/MWh,FR,FR,imbalance_price,Short,2026-08-05T12:06:18Z
2026-08-05T12:02:33Z,2026-08-05T14:02:33+0200,a602df8b-e77d-453c-80cb-eeacd1e89d3b,2026-07-06T07:30:00Z,2026-07-06T09:30:00+0200,55.92,EUR/MWh,FR,FR,imbalance_price,Long,2026-08-05T12:06:18Z
2026-08-05T12:02:33Z,2026-08-05T14:02:33+0200,a602df8b-e77d-453c-80cb-eeacd1e89d3b,2026-07-06T07:30:00Z,2026-07-06T09:30:00+0200,61.18,EUR/MWh,FR,FR,imbalance_price,Short,2026-08-05T12:06:18Z
2026-08-05T12:02:33Z,2026-08-05T14:02:33+0200,a602df8b-e77d-453c-80cb-eeacd1e89d3b,2026-07-06T07:45:00Z,2026-07-06T09:45:00+0200,66.32,EUR/MWh,FR,FR,imbalance_price,Long,2026-08-05T12:06:18Z
2026-08-05T12:02:33Z,2026-08-05T14:02:33+0200,a602df8b-e77d-453c-80cb-eeacd1e89d3b,2026-07-06T07:45:00Z,2026-07-06T09:45:00+0200,72.58,EUR/MWh,FR,FR,imbalance_price,Short,2026-08-05T12:06:18Z
2026-08-05T12:02:33Z,2026-08-05T14:02:33+0200,a602df8b-e77d-453c-80cb-eeacd1e89d3b,2026-07-06T08:00:00Z,2026-07-06T10:00:00+0200,81.41,EUR/MWh,FR,FR,imbalance_price,Long,2026-08-05T12:06:18Z
2026-08-05T12:02:33Z,2026-08-05T14:02:33+0200,a602df8b-e77d-453c-80cb-eeacd1e89d3b,2026-07-06T08:00:00Z,2026-07-06T10:00:00+0200,89.09,EUR/MWh,FR,FR,imbalance_price,Short,2026-08-05T12:06:18Z
2026-08-05T12:02:33Z,2026-08-05T14:02:33+0200,a602df8b-e77d-453c-80cb-eeacd1e89d3b,2026-07-06T08:15:00Z,2026-07-06T10:15:00+0200,11.67,EUR/MWh,FR,FR,imbalance_price,Long,2026-08-05T12:06:18Z
2026-08-05T12:02:33Z,2026-08-05T14:02:33+0200,a602df8b-e77d-453c-80cb-eeacd1e89d3b,2026-07-06T08:15:00Z,2026-07-06T10:15:00+0200,12.77,EUR/MWh,FR,FR,imbalance_price,Short,2026-08-05T12:06:18Z
2026-08-05T12:02:33Z,2026-08-05T14:02:33+0200,a602df8b-e77d-453c-80cb-eeacd1e89d3b,2026-07-06T08:30:00Z,2026-07-06T10:30:00+0200,-24.06,EUR/MWh,FR,FR,imbalance_price,Long,2026-08-05T12:06:18Z
2026-08-05T12:02:33Z,2026-08-05T14:02:33+0200,a602df8b-e77d-453c-80cb-eeacd1e89d3b,2026-07-06T08:30:00Z,2026-07-06T10:30:00+0200,-21.98,EUR/MWh,FR,FR,imbalance_price,Short,2026-08-05T12:06:18Z
2026-08-05T12:02:33Z,2026-08-05T14:02:33+0200,a602df8b-e77d-453c-80cb-eeacd1e89d3b,2026-07-06T08:45:00Z,2026-07-06T10:45:00+0200,-24.06,EUR/MWh,FR,FR,imbalance_price,Long,2026-08-05T12:06:18Z
2026-08-05T12:02:33Z,2026-08-05T14:02:33+0200,a602df8b-e77d-453c-80cb-eeacd1e89d3b,2026-07-06T08:45:00Z,2026-07-06T10:45:00+0200,-21.98,EUR/MWh,FR,FR,imbalance_price,Short,2026-08-05T12:06:18Z
2026-08-05T12:02:33Z,2026-08-05T14:02:33+0200,a602df8b-e77d-453c-80cb-eeacd1e89d3b,2026-07-06T09:00:00Z,2026-07-06T11:00:00+0200,-24.06,EUR/MWh,FR,FR,imbalance_price,Long,2026-08-05T12:06:18Z
2026-08-05T12:02:33Z,2026-08-05T14:02:33+0200,a602df8b-e77d-453c-80cb-eeacd1e89d3b,2026-07-06T09:00:00Z,2026-07-06T11:00:00+0200,-21.98,EUR/MWh,FR,FR,imbalance_price,Short,2026-08-05T12:06:18Z
2026-08-05T12:02:33Z,2026-08-05T14:02:33+0200,a602df8b-e77d-453c-80cb-eeacd1e89d3b,2026-07-06T09:15:00Z,2026-07-06T11:15:00+0200,-18.31,EUR/MWh,FR,FR,imbalance_price,Long,2026-08-05T12:06:18Z
2026-08-05T12:02:33Z,2026-08-05T14:02:33+0200,a602df8b-e77d-453c-80cb-eeacd1e89d3b,2026-07-06T09:15:00Z,2026-07-06T11:15:00+0200,-16.73,EUR/MWh,FR,FR,imbalance_price,Short,2026-08-05T12:06:18Z
2026-08-05T12:02:33Z,2026-08-05T14:02:33+0200,a602df8b-e77d-453c-80cb-eeacd1e89d3b,2026-07-06T09:30:00Z,2026-07-06T11:30:00+0200,-18.31,EUR/MWh,FR,FR,imbalance_price,Long,2026-08-05T12:06:18Z
2026-08-05T12:02:33Z,2026-08-05T14:02:33+0200,a602df8b-e77d-453c-80cb-eeacd1e89d3b,2026-07-06T09:30:00Z,2026-07-06T11:30:00+0200,-16.73,EUR/MWh,FR,FR,imbalance_price,Short,2026-08-05T12:06:18Z
2026-08-05T12:02:33Z,2026-08-05T14:02:33+0200,a602df8b-e77d-453c-80cb-eeacd1e89d3b,2026-07-06T09:45:00Z,2026-07-06T11:45:00+0200,-18.31,EUR/MWh,FR,FR,imbalance_price,Long,2026-08-05T12:06:18Z
2026-08-05T12:02:33Z,2026-08-05T14:02:33+0200,a602df8b-e77d-453c-80cb-eeacd1e89d3b,2026-07-06T09:45:00Z,2026-07-06T11:45:00+0200,-16.73,EUR/MWh,FR,FR,imbalance_price,Short,2026-08-05T12:06:18Z
2026-08-05T12:02:33Z,2026-08-05T14:02:33+0200,a602df8b-e77d-453c-80cb-eeacd1e89d3b,2026-07-06T10:00:00Z,2026-07-06T12:00:00+0200,-18.31,EUR/MWh,FR,FR,imbalance_price,Long,2026-08-05T12:06:18Z
2026-08-05T12:02:33Z,2026-08-05T14:02:33+0200,a602df8b-e77d-453c-80cb-eeacd1e89d3b,2026-07-06T10:00:00Z,2026-07-06T12:00:00+0200,-16.73,EUR/MWh,FR,FR,imbalance_price,Short,2026-08-05T12:06:18Z
2026-08-05T12:02:33Z,2026-08-05T14:02:33+0200,a602df8b-e77d-453c-80cb-eeacd1e89d3b,2026-07-06T10:15:00Z,2026-07-06T12:15:00+0200,-18.31,EUR/MWh,FR,FR,imbalance_price,Long,2026-08-05T12:06:18Z
2026-08-05T12:02:33Z,2026-08-05T14:02:33+0200,a602df8b-e77d-453c-80cb-eeacd1e89d3b,2026-07-06T10:15:00Z,2026-07-06T12:15:00+0200,-16.73,EUR/MWh,FR,FR,imbalance_price,Short,2026-08-05T12:06:18Z
2026-08-05T12:02:33Z,2026-08-05T14:02:33+0200,a602df8b-e77d-453c-80cb-eeacd1e89d3b,2026-07-06T10:30:00Z,2026-07-06T12:30:00+0200,-18.31,EUR/MWh,FR,FR,imbalance_price,Long,2026-08-05T12:06:18Z
2026-08-05T12:02:33Z,2026-08-05T14:02:33+0200,a602df8b-e77d-453c-80cb-eeacd1e89d3b,2026-07-06T10:30:00Z,2026-07-06T12:30:00+0200,-16.73,EUR/MWh,FR,FR,imbalance_price,Short,2026-08-05T12:06:18Z
2026-08-05T12:02:33Z,2026-08-05T14:02:33+0200,a602df8b-e77d-453c-80cb-eeacd1e89d3b,2026-07-06T10:45:00Z,2026-07-06T12:45:00+0200,-24.06,EUR/MWh,FR,FR,imbalance_price,Long,2026-08-05T12:06:18Z
2026-08-05T12:02:33Z,2026-08-05T14:02:33+0200,a602df8b-e77d-453c-80cb-eeacd1e89d3b,2026-07-06T10:45:00Z,2026-07-06T12:45:00+0200,-21.98,EUR/MWh,FR,FR,imbalance_price,Short,2026-08-05T12:06:18Z
2026-08-05T12:02:33Z,2026-08-05T14:02:33+0200,a602df8b-e77d-453c-80cb-eeacd1e89d3b,2026-07-06T11:00:00Z,2026-07-06T13:00:00+0200,-24.06,EUR/MWh,FR,FR,imbalance_price,Long,2026-08-05T12:06:18Z
2026-08-05T12:02:33Z,2026-08-05T14:02:33+0200,a602df8b-e77d-453c-80cb-eeacd1e89d3b,2026-07-06T11:00:00Z,2026-07-06T13:00:00+0200,-21.98,EUR/MWh,FR,FR,imbalance_price,Short,2026-08-05T12:06:18Z
2026-08-05T12:02:33Z,2026-08-05T14:02:33+0200,a602df8b-e77d-453c-80cb-eeacd1e89d3b,2026-07-06T11:15:00Z,2026-07-06T13:15:00+0200,-24.06,EUR/MWh,FR,FR,imbalance_price,Long,2026-08-05T12:06:18Z
2026-08-05T12:02:33Z,2026-08-05T14:02:33+0200,a602df8b-e77d-453c-80cb-eeacd1e89d3b,2026-07-06T11:15:00Z,2026-07-06T13:15:00+0200,-21.98,EUR/MWh,FR,FR,imbalance_price,Short,2026-08-05T12:06:18Z
2026-08-05T12:02:33Z,2026-08-05T14:02:33+0200,a602df8b-e77d-453c-80cb-eeacd1e89d3b,2026-07-06T11:30:00Z,2026-07-06T13:30:00+0200,-24.06,EUR/MWh,FR,FR,imbalance_price,Long,2026-08-05T12:06:18Z
2026-08-05T12:02:33Z,2026-08-05T14:02:33+0200,a602df8b-e77d-453c-80cb-eeacd1e89d3b,2026-07-06T11:30:00Z,2026-07-06T13:30:00+0200,-21.98,EUR/MWh,FR,FR,imbalance_price,Short,2026-08-05T12:06:18Z
2026-08-05T12:02:33Z,2026-08-05T14:02:33+0200,a602df8b-e77d-453c-80cb-eeacd1e89d3b,2026-07-06T11:45:00Z,2026-07-06T13:45:00+0200,-24.06,EUR/MWh,FR,FR,imbalance_price,Long,2026-08-05T12:06:18Z
2026-08-05T12:02:33Z,2026-08-05T14:02:33+0200,a602df8b-e77d-453c-80cb-eeacd1e89d3b,2026-07-06T11:45:00Z,2026-07-06T13:45:00+0200,-21.98,EUR/MWh,FR,FR,imbalance_price,Short,2026-08-05T12:06:18Z
2026-08-05T12:02:33Z,2026-08-05T14:02:33+0200,a602df8b-e77d-453c-80cb-eeacd1e89d3b,2026-07-06T12:00:00Z,2026-07-06T14:00:00+0200,-24.06,EUR/MWh,FR,FR,imbalance_price,Long,2026-08-05T12:06:18Z
2026-08-05T12:02:33Z,2026-08-05T14:02:33+0200,a602df8b-e77d-453c-80cb-eeacd1e89d3b,2026-07-06T12:00:00Z,2026-07-06T14:00:00+0200,-21.98,EUR/MWh,FR,FR,imbalance_price,Short,2026-08-05T12:06:18Z
2026-08-05T12:02:33Z,2026-08-05T14:02:33+0200,a602df8b-e77d-453c-80cb-eeacd1e89d3b,2026-07-06T12:15:00Z,2026-07-06T14:15:00+0200,-24.06,EUR/MWh,FR,FR,imbalance_price,Long,2026-08-05T12:06:18Z
2026-08-05T12:02:33Z,2026-08-05T14:02:33+0200,a602df8b-e77d-453c-80cb-eeacd1e89d3b,2026-07-06T12:15:00Z,2026-07-06T14:15:00+0200,-21.98,EUR/MWh,FR,FR,imbalance_price,Short,2026-08-05T12:06:18Z
2026-08-05T12:02:33Z,2026-08-05T14:02:33+0200,a602df8b-e77d-453c-80cb-eeacd1e89d3b,2026-07-06T12:30:00Z,2026-07-06T14:30:00+0200,22.32,EUR/MWh,FR,FR,imbalance_price,Long,2026-08-05T12:06:18Z
2026-08-05T12:02:33Z,2026-08-05T14:02:33+0200,a602df8b-e77d-453c-80cb-eeacd1e89d3b,2026-07-06T12:30:00Z,2026-07-06T14:30:00+0200,24.42,EUR/MWh,FR,FR,imbalance_price,Short,2026-08-05T12:06:18Z
2026-08-05T12:02:33Z,2026-08-05T14:02:33+0200,a602df8b-e77d-453c-80cb-eeacd1e89d3b,2026-07-06T12:45:00Z,2026-07-06T14:45:00+0200,-24.06,EUR/MWh,FR,FR,imbalance_price,Long,2026-08-05T12:06:18Z
2026-08-05T12:02:33Z,2026-08-05T14:02:33+0200,a602df8b-e77d-453c-80cb-eeacd1e89d3b,2026-07-06T12:45:00Z,2026-07-06T14:45:00+0200,-21.98,EUR/MWh,FR,FR,imbalance_price,Short,2026-08-05T12:06:18Z
2026-08-05T12:02:33Z,2026-08-05T14:02:33+0200,a602df8b-e77d-453c-80cb-eeacd1e89d3b,2026-07-06T13:00:00Z,2026-07-06T15:00:00+0200,-24.06,EUR/MWh,FR,FR,imbalance_price,Long,2026-08-05T12:06:18Z
2026-08-05T12:02:33Z,2026-08-05T14:02:33+0200,a602df8b-e77d-453c-80cb-eeacd1e89d3b,2026-07-06T13:00:00Z,2026-07-06T15:00:00+0200,-21.98,EUR/MWh,FR,FR,imbalance_price,Short,2026-08-05T12:06:18Z
2026-08-05T12:02:33Z,2026-08-05T14:02:33+0200,a602df8b-e77d-453c-80cb-eeacd1e89d3b,2026-07-06T13:15:00Z,2026-07-06T15:15:00+0200,15.57,EUR/MWh,FR,FR,imbalance_price,Long,2026-08-05T12:06:18Z
2026-08-05T12:02:33Z,2026-08-05T14:02:33+0200,a602df8b-e77d-453c-80cb-eeacd1e89d3b,2026-07-06T13:15:00Z,2026-07-06T15:15:00+0200,17.03,EUR/MWh,FR,FR,imbalance_price,Short,2026-08-05T12:06:18Z
2026-08-05T12:02:33Z,2026-08-05T14:02:33+0200,a602df8b-e77d-453c-80cb-eeacd1e89d3b,2026-07-06T13:30:00Z,2026-07-06T15:30:00+0200,15.0,EUR/MWh,FR,FR,imbalance_price,Long,2026-08-05T12:06:18Z
2026-08-05T12:02:33Z,2026-08-05T14:02:33+0200,a602df8b-e77d-453c-80cb-eeacd1e89d3b,2026-07-06T13:30:00Z,2026-07-06T15:30:00+0200,16.42,EUR/MWh,FR,FR,imbalance_price,Short,2026-08-05T12:06:18Z
2026-08-05T12:02:33Z,2026-08-05T14:02:33+0200,a602df8b-e77d-453c-80cb-eeacd1e89d3b,2026-07-06T13:45:00Z,2026-07-06T15:45:00+0200,-24.06,EUR/MWh,FR,FR,imbalance_price,Long,2026-08-05T12:06:18Z
2026-08-05T12:02:33Z,2026-08-05T14:02:33+0200,a602df8b-e77d-453c-80cb-eeacd1e89d3b,2026-07-06T13:45:00Z,2026-07-06T15:45:00+0200,-21.98,EUR/MWh,FR,FR,imbalance_price,Short,2026-08-05T12:06:18Z
2026-08-05T12:02:33Z,2026-08-05T14:02:33+0200,a602df8b-e77d-453c-80cb-eeacd1e89d3b,2026-07-06T14:00:00Z,2026-07-06T16:00:00+0200,-24.06,EUR/MWh,FR,FR,imbalance_price,Long,2026-08-05T12:06:18Z
2026-08-05T12:02:33Z,2026-08-05T14:02:33+0200,a602df8b-e77d-453c-80cb-eeacd1e89d3b,2026-07-06T14:00:00Z,2026-07-06T16:00:00+0200,-21.98,EUR/MWh,FR,FR,imbalance_price,Short,2026-08-05T12:06:18Z
2026-08-05T12:02:33Z,2026-08-05T14:02:33+0200,a602df8b-e77d-453c-80cb-eeacd1e89d3b,2026-07-06T14:15:00Z,2026-07-06T16:15:00+0200,-24.06,EUR/MWh,FR,FR,imbalance_price,Long,2026-08-05T12:06:18Z
2026-08-05T12:02:33Z,2026-08-05T14:02:33+0200,a602df8b-e77d-453c-80cb-eeacd1e89d3b,2026-07-06T14:15:00Z,2026-07-06T16:15:00+0200,-21.98,EUR/MWh,FR,FR,imbalance_price,Short,2026-08-05T12:06:18Z
2026-08-05T12:02:33Z,2026-08-05T14:02:33+0200,a602df8b-e77d-453c-80cb-eeacd1e89d3b,2026-07-06T14:30:00Z,2026-07-06T16:30:00+0200,-24.06,EUR/MWh,FR,FR,imbalance_price,Long,2026-08-05T12:06:18Z
2026-08-05T12:02:33Z,2026-08-05T14:02:33+0200,a602df8b-e77d-453c-80cb-eeacd1e89d3b,2026-07-06T14:30:00Z,2026-07-06T16:30:00+0200,-21.98,EUR/MWh,FR,FR,imbalance_price,Short,2026-08-05T12:06:18Z
2026-08-05T12:02:33Z,2026-08-05T14:02:33+0200,a602df8b-e77d-453c-80cb-eeacd1e89d3b,2026-07-06T14:45:00Z,2026-07-06T16:45:00+0200,-24.06,EUR/MWh,FR,FR,imbalance_price,Long,2026-08-05T12:06:18Z
2026-08-05T12:02:33Z,2026-08-05T14:02:33+0200,a602df8b-e77d-453c-80cb-eeacd1e89d3b,2026-07-06T14:45:00Z,2026-07-06T16:45:00+0200,-21.98,EUR/MWh,FR,FR,imbalance_price,Short,2026-08-05T12:06:18Z
2026-08-05T12:02:33Z,2026-08-05T14:02:33+0200,a602df8b-e77d-453c-80cb-eeacd1e89d3b,2026-07-06T15:00:00Z,2026-07-06T17:00:00+0200,-24.06,EUR/MWh,FR,FR,imbalance_price,Long,2026-08-05T12:06:18Z
2026-08-05T12:02:33Z,2026-08-05T14:02:33+0200,a602df8b-e77d-453c-80cb-eeacd1e89d3b,2026-07-06T15:00:00Z,2026-07-06T17:00:00+0200,-21.98,EUR/MWh,FR,FR,imbalance_price,Short,2026-08-05T12:06:18Z
2026-08-05T12:02:33Z,2026-08-05T14:02:33+0200,a602df8b-e77d-453c-80cb-eeacd1e89d3b,2026-07-06T15:15:00Z,2026-07-06T17:15:00+0200,-24.06,EUR/MWh,FR,FR,imbalance_price,Long,2026-08-05T12:06:18Z
2026-08-05T12:02:33Z,2026-08-05T14:02:33+0200,a602df8b-e77d-453c-80cb-eeacd1e89d3b,2026-07-06T15:15:00Z,2026-07-06T17:15:00+0200,-21.98,EUR/MWh,FR,FR,imbalance_price,Short,2026-08-05T12:06:18Z
2026-08-05T12:02:33Z,2026-08-05T14:02:33+0200,a602df8b-e77d-453c-80cb-eeacd1e89d3b,2026-07-06T15:30:00Z,2026-07-06T17:30:00+0200,12.2,EUR/MWh,FR,FR,imbalance_price,Long,2026-08-05T12:06:18Z
2026-08-05T12:02:33Z,2026-08-05T14:02:33+0200,a602df8b-e77d-453c-80cb-eeacd1e89d3b,2026-07-06T15:30:00Z,2026-07-06T17:30:00+0200,13.36,EUR/MWh,FR,FR,imbalance_price,Short,2026-08-05T12:06:18Z
2026-08-05T12:02:33Z,2026-08-05T14:02:33+0200,a602df8b-e77d-453c-80cb-eeacd1e89d3b,2026-07-06T15:45:00Z,2026-07-06T17:45:00+0200,48.06,EUR/MWh,FR,FR,imbalance_price,Long,2026-08-05T12:06:18Z
2026-08-05T12:02:33Z,2026-08-05T14:02:33+0200,a602df8b-e77d-453c-80cb-eeacd1e89d3b,2026-07-06T15:45:00Z,2026-07-06T17:45:00+0200,52.58,EUR/MWh,FR,FR,imbalance_price,Short,2026-08-05T12:06:18Z
2026-08-05T12:02:33Z,2026-08-05T14:02:33+0200,a602df8b-e77d-453c-80cb-eeacd1e89d3b,2026-07-06T16:00:00Z,2026-07-06T18:00:00+0200,23.74,EUR/MWh,FR,FR,imbalance_price,Long,2026-08-05T12:06:18Z
2026-08-05T12:02:33Z,2026-08-05T14:02:33+0200,a602df8b-e77d-453c-80cb-eeacd1e89d3b,2026-07-06T16:00:00Z,2026-07-06T18:00:00+0200,25.98,EUR/MWh,FR,FR,imbalance_price,Short,2026-08-05T12:06:18Z
2026-08-05T12:02:33Z,2026-08-05T14:02:33+0200,a602df8b-e77d-453c-80cb-eeacd1e89d3b,2026-07-06T16:15:00Z,2026-07-06T18:15:00+0200,57.36,EUR/MWh,FR,FR,imbalance_price,Long,2026-08-05T12:06:18Z
2026-08-05T12:02:33Z,2026-08-05T14:02:33+0200,a602df8b-e77d-453c-80cb-eeacd1e89d3b,2026-07-06T16:15:00Z,2026-07-06T18:15:00+0200,62.76,EUR/MWh,FR,FR,imbalance_price,Short,2026-08-05T12:06:18Z
2026-08-05T12:02:33Z,2026-08-05T14:02:33+0200,a602df8b-e77d-453c-80cb-eeacd1e89d3b,2026-07-06T16:30:00Z,2026-07-06T18:30:00+0200,82.29,EUR/MWh,FR,FR,imbalance_price,Long,2026-08-05T12:06:18Z
2026-08-05T12:02:33Z,2026-08-05T14:02:33+0200,a602df8b-e77d-453c-80cb-eeacd1e89d3b,2026-07-06T16:30:00Z,2026-07-06T18:30:00+0200,90.05,EUR/MWh,FR,FR,imbalance_price,Short,2026-08-05T12:06:18Z
2026-08-05T12:02:33Z,2026-08-05T14:02:33+0200,a602df8b-e77d-453c-80cb-eeacd1e89d3b,2026-07-06T16:45:00Z,2026-07-06T18:45:00+0200,79.93,EUR/MWh,FR,FR,imbalance_price,Long,2026-08-05T12:06:18Z
2026-08-05T12:02:33Z,2026-08-05T14:02:33+0200,a602df8b-e77d-453c-80cb-eeacd1e89d3b,2026-07-06T16:45:00Z,2026-07-06T18:45:00+0200,87.47,EUR/MWh,FR,FR,imbalance_price,Short,2026-08-05T12:06:18Z
2026-08-05T12:02:33Z,2026-08-05T14:02:33+0200,a602df8b-e77d-453c-80cb-eeacd1e89d3b,2026-07-06T17:00:00Z,2026-07-06T19:00:00+0200,84.77,EUR/MWh,FR,FR,imbalance_price,Long,2026-08-05T12:06:18Z
2026-08-05T12:02:33Z,2026-08-05T14:02:33+0200,a602df8b-e77d-453c-80cb-eeacd1e89d3b,2026-07-06T17:00:00Z,2026-07-06T19:00:00+0200,92.75,EUR/MWh,FR,FR,imbalance_price,Short,2026-08-05T12:06:18Z
2026-08-05T12:02:33Z,2026-08-05T14:02:33+0200,a602df8b-e77d-453c-80cb-eeacd1e89d3b,2026-07-06T17:15:00Z,2026-07-06T19:15:00+0200,92.25,EUR/MWh,FR,FR,imbalance_price,Long,2026-08-05T12:06:18Z
2026-08-05T12:02:33Z,2026-08-05T14:02:33+0200,a602df8b-e77d-453c-80cb-eeacd1e89d3b,2026-07-06T17:15:00Z,2026-07-06T19:15:00+0200,100.95,EUR/MWh,FR,FR,imbalance_price,Short,2026-08-05T12:06:18Z
2026-08-05T12:02:33Z,2026-08-05T14:02:33+0200,a602df8b-e77d-453c-80cb-eeacd1e89d3b,2026-07-06T17:30:00Z,2026-07-06T19:30:00+0200,96.39,EUR/MWh,FR,FR,imbalance_price,Long,2026-08-05T12:06:18Z
2026-08-05T12:02:33Z,2026-08-05T14:02:33+0200,a602df8b-e77d-453c-80cb-eeacd1e89d3b,2026-07-06T17:30:00Z,2026-07-06T19:30:00+0200,105.47,EUR/MWh,FR,FR,imbalance_price,Short,2026-08-05T12:06:18Z
2026-08-05T12:02:33Z,2026-08-05T14:02:33+0200,a602df8b-e77d-453c-80cb-eeacd1e89d3b,2026-07-06T17:45:00Z,2026-07-06T19:45:00+0200,147.45,EUR/MWh,FR,FR,imbalance_price,Long,2026-08-05T12:06:18Z
2026-08-05T12:02:33Z,2026-08-05T14:02:33+0200,a602df8b-e77d-453c-80cb-eeacd1e89d3b,2026-07-06T17:45:00Z,2026-07-06T19:45:00+0200,161.35,EUR/MWh,FR,FR,imbalance_price,Short,2026-08-05T12:06:18Z
2026-08-05T12:02:33Z,2026-08-05T14:02:33+0200,a602df8b-e77d-453c-80cb-eeacd1e89d3b,2026-07-06T18:00:00Z,2026-07-06T20:00:00+0200,89.92,EUR/MWh,FR,FR,imbalance_price,Long,2026-08-05T12:06:18Z
2026-08-05T12:02:33Z,2026-08-05T14:02:33+0200,a602df8b-e77d-453c-80cb-eeacd1e89d3b,2026-07-06T18:00:00Z,2026-07-06T20:00:00+0200,98.4,EUR/MWh,FR,FR,imbalance_price,Short,2026-08-05T12:06:18Z
2026-08-05T12:02:33Z,2026-08-05T14:02:33+0200,a602df8b-e77d-453c-80cb-eeacd1e89d3b,2026-07-06T18:15:00Z,2026-07-06T20:15:00+0200,100.44,EUR/MWh,FR,FR,imbalance_price,Long,2026-08-05T12:06:18Z
2026-08-05T12:02:33Z,2026-08-05T14:02:33+0200,a602df8b-e77d-453c-80cb-eeacd1e89d3b,2026-07-06T18:15:00Z,2026-07-06T20:15:00+0200,109.9,EUR/MWh,FR,FR,imbalance_price,Short,2026-08-05T12:06:18Z
2026-08-05T12:02:33Z,2026-08-05T14:02:33+0200,a602df8b-e77d-453c-80cb-eeacd1e89d3b,2026-07-06T18:30:00Z,2026-07-06T20:30:00+0200,171.28,EUR/MWh,FR,FR,imbalance_price,Long,2026-08-05T12:06:18Z
2026-08-05T12:02:33Z,2026-08-05T14:02:33+0200,a602df8b-e77d-453c-80cb-eeacd1e89d3b,2026-07-06T18:30:00Z,2026-07-06T20:30:00+0200,187.42,EUR/MWh,FR,FR,imbalance_price,Short,2026-08-05T12:06:18Z
2026-08-05T12:02:33Z,2026-08-05T14:02:33+0200,a602df8b-e77d-453c-80cb-eeacd1e89d3b,2026-07-06T18:45:00Z,2026-07-06T20:45:00+0200,183.78,EUR/MWh,FR,FR,imbalance_price,Long,2026-08-05T12:06:18Z
2026-08-05T12:02:33Z,2026-08-05T14:02:33+0200,a602df8b-e77d-453c-80cb-eeacd1e89d3b,2026-07-06T18:45:00Z,2026-07-06T20:45:00+0200,201.1,EUR/MWh,FR,FR,imbalance_price,Short,2026-08-05T12:06:18Z
2026-08-05T12:02:33Z,2026-08-05T14:02:33+0200,a602df8b-e77d-453c-80cb-eeacd1e89d3b,2026-07-06T19:00:00Z,2026-07-06T21:00:00+0200,172.57,EUR/MWh,FR,FR,imbalance_price,Long,2026-08-05T12:06:18Z
2026-08-05T12:02:33Z,2026-08-05T14:02:33+0200,a602df8b-e77d-453c-80cb-eeacd1e89d3b,2026-07-06T19:00:00Z,2026-07-06T21:00:00+0200,188.83,EUR/MWh,FR,FR,imbalance_price,Short,2026-08-05T12:06:18Z
2026-08-05T12:02:33Z,2026-08-05T14:02:33+0200,a602df8b-e77d-453c-80cb-eeacd1e89d3b,2026-07-06T19:15:00Z,2026-07-06T21:15:00+0200,89.02,EUR/MWh,FR,FR,imbalance_price,Long,2026-08-05T12:06:18Z
2026-08-05T12:02:33Z,2026-08-05T14:02:33+0200,a602df8b-e77d-453c-80cb-eeacd1e89d3b,2026-07-06T19:15:00Z,2026-07-06T21:15:00+0200,97.4,EUR/MWh,FR,FR,imbalance_price,Short,2026-08-05T12:06:18Z
2026-08-05T12:02:33Z,2026-08-05T14:02:33+0200,a602df8b-e77d-453c-80cb-eeacd1e89d3b,2026-07-06T19:30:00Z,2026-07-06T21:30:00+0200,89.01,EUR/MWh,FR,FR,imbalance_price,Long,2026-08-05T12:06:18Z
2026-08-05T12:02:33Z,2026-08-05T14:02:33+0200,a602df8b-e77d-453c-80cb-eeacd1e89d3b,2026-07-06T19:30:00Z,2026-07-06T21:30:00+0200,97.39,EUR/MWh,FR,FR,imbalance_price,Short,2026-08-05T12:06:18Z
2026-08-05T12:02:33Z,2026-08-05T14:02:33+0200,a602df8b-e77d-453c-80cb-eeacd1e89d3b,2026-07-06T19:45:00Z,2026-07-06T21:45:00+0200,83.45,EUR/MWh,FR,FR,imbalance_price,Long,2026-08-05T12:06:18Z
2026-08-05T12:02:33Z,2026-08-05T14:02:33+0200,a602df8b-e77d-453c-80cb-eeacd1e89d3b,2026-07-06T19:45:00Z,2026-07-06T21:45:00+0200,91.31,EUR/MWh,FR,FR,imbalance_price,Short,2026-08-05T12:06:18Z
2026-08-05T12:02:33Z,2026-08-05T14:02:33+0200,a602df8b-e77d-453c-80cb-eeacd1e89d3b,2026-07-06T20:00:00Z,2026-07-06T22:00:00+0200,159.85,EUR/MWh,FR,FR,imbalance_price,Long,2026-08-05T12:06:18Z
2026-08-05T12:02:33Z,2026-08-05T14:02:33+0200,a602df8b-e77d-453c-80cb-eeacd1e89d3b,2026-07-06T20:00:00Z,2026-07-06T22:00:00+0200,174.91,EUR/MWh,FR,FR,imbalance_price,Short,2026-08-05T12:06:18Z
2026-08-05T12:02:33Z,2026-08-05T14:02:33+0200,a602df8b-e77d-453c-80cb-eeacd1e89d3b,2026-07-06T20:15:00Z,2026-07-06T22:15:00+0200,87.6,EUR/MWh,FR,FR,imbalance_price,Long,2026-08-05T12:06:18Z
2026-08-05T12:02:33Z,2026-08-05T14:02:33+0200,a602df8b-e77d-453c-80cb-eeacd1e89d3b,2026-07-06T20:15:00Z,2026-07-06T22:15:00+0200,95.86,EUR/MWh,FR,FR,imbalance_price,Short,2026-08-05T12:06:18Z
2026-08-05T12:02:33Z,2026-08-05T14:02:33+0200,a602df8b-e77d-453c-80cb-eeacd1e89d3b,2026-07-06T20:30:00Z,2026-07-06T22:30:00+0200,83.5,EUR/MWh,FR,FR,imbalance_price,Long,2026-08-05T12:06:18Z
2026-08-05T12:02:33Z,2026-08-05T14:02:33+0200,a602df8b-e77d-453c-80cb-eeacd1e89d3b,2026-07-06T20:30:00Z,2026-07-06T22:30:00+0200,91.36,EUR/MWh,FR,FR,imbalance_price,Short,2026-08-05T12:06:18Z
2026-08-05T12:02:33Z,2026-08-05T14:02:33+0200,a602df8b-e77d-453c-80cb-eeacd1e89d3b,2026-07-06T20:45:00Z,2026-07-06T22:45:00+0200,77.18,EUR/MWh,FR,FR,imbalance_price,Long,2026-08-05T12:06:18Z
2026-08-05T12:02:33Z,2026-08-05T14:02:33+0200,a602df8b-e77d-453c-80cb-eeacd1e89d3b,2026-07-06T20:45:00Z,2026-07-06T22:45:00+0200,84.46,EUR/MWh,FR,FR,imbalance_price,Short,2026-08-05T12:06:18Z
2026-08-05T12:02:33Z,2026-08-05T14:02:33+0200,a602df8b-e77d-453c-80cb-eeacd1e89d3b,2026-07-06T21:00:00Z,2026-07-06T23:00:00+0200,101.45,EUR/MWh,FR,FR,imbalance_price,Long,2026-08-05T12:06:18Z
2026-08-05T12:02:33Z,2026-08-05T14:02:33+0200,a602df8b-e77d-453c-80cb-eeacd1e89d3b,2026-07-06T21:00:00Z,2026-07-06T23:00:00+0200,111.01,EUR/MWh,FR,FR,imbalance_price,Short,2026-08-05T12:06:18Z
2026-08-05T12:02:33Z,2026-08-05T14:02:33+0200,a602df8b-e77d-453c-80cb-eeacd1e89d3b,2026-07-06T21:15:00Z,2026-07-06T23:15:00+0200,154.16,EUR/MWh,FR,FR,imbalance_price,Long,2026-08-05T12:06:18Z
2026-08-05T12:02:33Z,2026-08-05T14:02:33+0200,a602df8b-e77d-453c-80cb-eeacd1e89d3b,2026-07-06T21:15:00Z,2026-07-06T23:15:00+0200,168.68,EUR/MWh,FR,FR,imbalance_price,Short,2026-08-05T12:06:18Z
2026-08-05T12:02:33Z,2026-08-05T14:02:33+0200,a602df8b-e77d-453c-80cb-eeacd1e89d3b,2026-07-06T21:30:00Z,2026-07-06T23:30:00+0200,82.68,EUR/MWh,FR,FR,imbalance_price,Long,2026-08-05T12:06:18Z
2026-08-05T12:02:33Z,2026-08-05T14:02:33+0200,a602df8b-e77d-453c-80cb-eeacd1e89d3b,2026-07-06T21:30:00Z,2026-07-06T23:30:00+0200,90.48,EUR/MWh,FR,FR,imbalance_price,Short,2026-08-05T12:06:18Z
2026-08-05T12:02:33Z,2026-08-05T14:02:33+0200,a602df8b-e77d-453c-80cb-eeacd1e89d3b,2026-07-06T21:45:00Z,2026-07-06T23:45:00+0200,76.59,EUR/MWh,FR,FR,imbalance_price,Long,2026-08-05T12:06:18Z
2026-08-05T12:02:33Z,2026-08-05T14:02:33+0200,a602df8b-e77d-453c-80cb-eeacd1e89d3b,2026-07-06T21:45:00Z,2026-07-06T23:45:00+0200,83.81,EUR/MWh,FR,FR,imbalance_price,Short,2026-08-05T12:06:18Z
2026-08-05T12:02:33Z,2026-08-05T14:02:33+0200,a602df8b-e77d-453c-80cb-eeacd1e89d3b,2026-07-06T22:00:00Z,2026-07-07T00:00:00+0200,45.43,EUR/MWh,FR,FR,imbalance_price,Long,2026-08-05T12:06:18Z
2026-08-05T12:02:33Z,2026-08-05T14:02:33+0200,a602df8b-e77d-453c-80cb-eeacd1e89d3b,2026-07-06T22:00:00Z,2026-07-07T00:00:00+0200,49.71,EUR/MWh,FR,FR,imbalance_price,Short,2026-08-05T12:06:18Z
2026-08-05T12:02:33Z,2026-08-05T14:02:33+0200,a602df8b-e77d-453c-80cb-eeacd1e89d3b,2026-07-06T22:15:00Z,2026-07-07T00:15:00+0200,39.48,EUR/MWh,FR,FR,imbalance_price,Long,2026-08-05T12:06:18Z
2026-08-05T12:02:33Z,2026-08-05T14:02:33+0200,a602df8b-e77d-453c-80cb-eeacd1e89d3b,2026-07-06T22:15:00Z,2026-07-07T00:15:00+0200,43.2,EUR/MWh,FR,FR,imbalance_price,Short,2026-08-05T12:06:18Z
2026-08-05T12:02:33Z,2026-08-05T14:02:33+0200,a602df8b-e77d-453c-80cb-eeacd1e89d3b,2026-07-06T22:30:00Z,2026-07-07T00:30:00+0200,59.13,EUR/MWh,FR,FR,imbalance_price,Long,2026-08-05T12:06:18Z
2026-08-05T12:02:33Z,2026-08-05T14:02:33+0200,a602df8b-e77d-453c-80cb-eeacd1e89d3b,2026-07-06T22:30:00Z,2026-07-07T00:30:00+0200,64.71,EUR/MWh,FR,FR,imbalance_price,Short,2026-08-05T12:06:18Z
2026-08-05T12:02:33Z,2026-08-05T14:02:33+0200,a602df8b-e77d-453c-80cb-eeacd1e89d3b,2026-07-06T22:45:00Z,2026-07-07T00:45:00+0200,8.49,EUR/MWh,FR,FR,imbalance_price,Long,2026-08-05T12:06:18Z
2026-08-05T12:02:33Z,2026-08-05T14:02:33+0200,a602df8b-e77d-453c-80cb-eeacd1e89d3b,2026-07-06T22:45:00Z,2026-07-07T00:45:00+0200,9.29,EUR/MWh,FR,FR,imbalance_price,Short,2026-08-05T12:06:18Z
2026-08-05T12:02:33Z,2026-08-05T14:02:33+0200,a602df8b-e77d-453c-80cb-eeacd1e89d3b,2026-07-06T23:00:00Z,2026-07-07T01:00:00+0200,42.56,EUR/MWh,FR,FR,imbalance_price,Long,2026-08-05T12:06:18Z
2026-08-05T12:02:33Z,2026-08-05T14:02:33+0200,a602df8b-e77d-453c-80cb-eeacd1e89d3b,2026-07-06T23:00:00Z,2026-07-07T01:00:00+0200,46.58,EUR/MWh,FR,FR,imbalance_price,Short,2026-08-05T12:06:18Z
2026-08-05T12:02:33Z,2026-08-05T14:02:33+0200,a602df8b-e77d-453c-80cb-eeacd1e89d3b,2026-07-06T23:15:00Z,2026-07-07T01:15:00+0200,13.01,EUR/MWh,FR,FR,imbalance_price,Long,2026-08-05T12:06:18Z
2026-08-05T12:02:33Z,2026-08-05T14:02:33+0200,a602df8b-e77d-453c-80cb-eeacd1e89d3b,2026-07-06T23:15:00Z,2026-07-07T01:15:00+0200,14.23,EUR/MWh,FR,FR,imbalance_price,Short,2026-08-05T12:06:18Z
2026-08-05T12:02:33Z,2026-08-05T14:02:33+0200,a602df8b-e77d-453c-80cb-eeacd1e89d3b,2026-07-06T23:30:00Z,2026-07-07T01:30:00+0200,13.86,EUR/MWh,FR,FR,imbalance_price,Long,2026-08-05T12:06:18Z
2026-08-05T12:02:33Z,2026-08-05T14:02:33+0200,a602df8b-e77d-453c-80cb-eeacd1e89d3b,2026-07-06T23:30:00Z,2026-07-07T01:30:00+0200,15.16,EUR/MWh,FR,FR,imbalance_price,Short,2026-08-05T12:06:18Z
2026-08-05T12:02:33Z,2026-08-05T14:02:33+0200,a602df8b-e77d-453c-80cb-eeacd1e89d3b,2026-07-06T23:45:00Z,2026-07-07T01:45:00+0200,46.97,EUR/MWh,FR,FR,imbalance_price,Long,2026-08-05T12:06:18Z
2026-08-05T12:02:33Z,2026-08-05T14:02:33+0200,a602df8b-e77d-453c-80cb-eeacd1e89d3b,2026-07-06T23:45:00Z,2026-07-07T01:45:00+0200,51.39,EUR/MWh,FR,FR,imbalance_price,Short,2026-08-05T12:06:18Z
2026-08-05T12:02:33Z,2026-08-05T14:02:33+0200,a602df8b-e77d-453c-80cb-eeacd1e89d3b,2026-07-07T00:00:00Z,2026-07-07T02:00:00+0200,27.23,EUR/MWh,FR,FR,imbalance_price,Long,2026-08-05T12:06:18Z
2026-08-05T12:02:33Z,2026-08-05T14:02:33+0200,a602df8b-e77d-453c-80cb-eeacd1e89d3b,2026-07-07T00:00:00Z,2026-07-07T02:00:00+0200,29.79,EUR/MWh,FR,FR,imbalance_price,Short,2026-08-05T12:06:18Z
2026-08-05T12:02:33Z,2026-08-05T14:02:33+0200,a602df8b-e77d-453c-80cb-eeacd1e89d3b,2026-07-07T00:15:00Z,2026-07-07T02:15:00+0200,22.69,EUR/MWh,FR,FR,imbalance_price,Long,2026-08-05T12:06:18Z
2026-08-05T12:02:33Z,2026-08-05T14:02:33+0200,a602df8b-e77d-453c-80cb-eeacd1e89d3b,2026-07-07T00:15:00Z,2026-07-07T02:15:00+0200,24.83,EUR/MWh,FR,FR,imbalance_price,Short,2026-08-05T12:06:18Z
2026-08-05T12:02:33Z,2026-08-05T14:02:33+0200,a602df8b-e77d-453c-80cb-eeacd1e89d3b,2026-07-07T00:30:00Z,2026-07-07T02:30:00+0200,35.03,EUR/MWh,FR,FR,imbalance_price,Long,2026-08-05T12:06:18Z
2026-08-05T12:02:33Z,2026-08-05T14:02:33+0200,a602df8b-e77d-453c-80cb-eeacd1e89d3b,2026-07-07T00:30:00Z,2026-07-07T02:30:00+0200,38.33,EUR/MWh,FR,FR,imbalance_price,Short,2026-08-05T12:06:18Z
2026-08-05T12:02:33Z,2026-08-05T14:02:33+0200,a602df8b-e77d-453c-80cb-eeacd1e89d3b,2026-07-07T00:45:00Z,2026-07-07T02:45:00+0200,13.63,EUR/MWh,FR,FR,imbalance_price,Long,2026-08-05T12:06:18Z
2026-08-05T12:02:33Z,2026-08-05T14:02:33+0200,a602df8b-e77d-453c-80cb-eeacd1e89d3b,2026-07-07T00:45:00Z,2026-07-07T02:45:00+0200,14.91,EUR/MWh,FR,FR,imbalance_price,Short,2026-08-05T12:06:18Z
2026-08-05T12:02:33Z,2026-08-05T14:02:33+0200,a602df8b-e77d-453c-80cb-eeacd1e89d3b,2026-07-07T01:00:00Z,2026-07-07T03:00:00+0200,48.89,EUR/MWh,FR,FR,imbalance_price,Long,2026-08-05T12:06:18Z
2026-08-05T12:02:33Z,2026-08-05T14:02:33+0200,a602df8b-e77d-453c-80cb-eeacd1e89d3b,2026-07-07T01:00:00Z,2026-07-07T03:00:00+0200,53.49,EUR/MWh,FR,FR,imbalance_price,Short,2026-08-05T12:06:18Z
2026-08-05T12:02:33Z,2026-08-05T14:02:33+0200,a602df8b-e77d-453c-80cb-eeacd1e89d3b,2026-07-07T01:15:00Z,2026-07-07T03:15:00+0200,49.65,EUR/MWh,FR,FR,imbalance_price,Long,2026-08-05T12:06:18Z
2026-08-05T12:02:33Z,2026-08-05T14:02:33+0200,a602df8b-e77d-453c-80cb-eeacd1e89d3b,2026-07-07T01:15:00Z,2026-07-07T03:15:00+0200,54.33,EUR/MWh,FR,FR,imbalance_price,Short,2026-08-05T12:06:18Z
2026-08-05T12:02:33Z,2026-08-05T14:02:33+0200,a602df8b-e77d-453c-80cb-eeacd1e89d3b,2026-07-07T01:30:00Z,2026-07-07T03:30:00+0200,50.04,EUR/MWh,FR,FR,imbalance_price,Long,2026-08-05T12:06:18Z
2026-08-05T12:02:33Z,2026-08-05T14:02:33+0200,a602df8b-e77d-453c-80cb-eeacd1e89d3b,2026-07-07T01:30:00Z,2026-07-07T03:30:00+0200,54.76,EUR/MWh,FR,FR,imbalance_price,Short,2026-08-05T12:06:18Z
2026-08-05T12:02:33Z,2026-08-05T14:02:33+0200,a602df8b-e77d-453c-80cb-eeacd1e89d3b,2026-07-07T01:45:00Z,2026-07-07T03:45:00+0200,51.63,EUR/MWh,FR,FR,imbalance_price,Long,2026-08-05T12:06:18Z
2026-08-05T12:02:33Z,2026-08-05T14:02:33+0200,a602df8b-e77d-453c-80cb-eeacd1e89d3b,2026-07-07T01:45:00Z,2026-07-07T03:45:00+0200,56.49,EUR/MWh,FR,FR,imbalance_price,Short,2026-08-05T12:06:18Z
2026-08-05T12:02:33Z,2026-08-05T14:02:33+0200,a602df8b-e77d-453c-80cb-eeacd1e89d3b,2026-07-07T02:00:00Z,2026-07-07T04:00:00+0200,50.16,EUR/MWh,FR,FR,imbalance_price,Long,2026-08-05T12:06:18Z
2026-08-05T12:02:33Z,2026-08-05T14:02:33+0200,a602df8b-e77d-453c-80cb-eeacd1e89d3b,2026-07-07T02:00:00Z,2026-07-07T04:00:00+0200,54.88,EUR/MWh,FR,FR,imbalance_price,Short,2026-08-05T12:06:18Z
2026-08-05T12:02:33Z,2026-08-05T14:02:33+0200,a602df8b-e77d-453c-80cb-eeacd1e89d3b,2026-07-07T02:15:00Z,2026-07-07T04:15:00+0200,42.88,EUR/MWh,FR,FR,imbalance_price,Long,2026-08-05T12:06:18Z
2026-08-05T12:02:33Z,2026-08-05T14:02:33+0200,a602df8b-e77d-453c-80cb-eeacd1e89d3b,2026-07-07T02:15:00Z,2026-07-07T04:15:00+0200,46.92,EUR/MWh,FR,FR,imbalance_price,Short,2026-08-05T12:06:18Z
2026-08-05T12:02:33Z,2026-08-05T14:02:33+0200,a602df8b-e77d-453c-80cb-eeacd1e89d3b,2026-07-07T02:30:00Z,2026-07-07T04:30:00+0200,37.71,EUR/MWh,FR,FR,imbalance_price,Long,2026-08-05T12:06:18Z
2026-08-05T12:02:33Z,2026-08-05T14:02:33+0200,a602df8b-e77d-453c-80cb-eeacd1e89d3b,2026-07-07T02:30:00Z,2026-07-07T04:30:00+0200,41.27,EUR/MWh,FR,FR,imbalance_price,Short,2026-08-05T12:06:18Z
2026-08-05T12:02:33Z,2026-08-05T14:02:33+0200,a602df8b-e77d-453c-80cb-eeacd1e89d3b,2026-07-07T02:45:00Z,2026-07-07T04:45:00+0200,37.27,EUR/MWh,FR,FR,imbalance_price,Long,2026-08-05T12:06:18Z
2026-08-05T12:02:33Z,2026-08-05T14:02:33+0200,a602df8b-e77d-453c-80cb-eeacd1e89d3b,2026-07-07T02:45:00Z,2026-07-07T04:45:00+0200,40.79,EUR/MWh,FR,FR,imbalance_price,Short,2026-08-05T12:06:18Z
2026-08-05T12:02:33Z,2026-08-05T14:02:33+0200,a602df8b-e77d-453c-80cb-eeacd1e89d3b,2026-07-07T03:00:00Z,2026-07-07T05:00:00+0200,19.28,EUR/MWh,FR,FR,imbalance_price,Long,2026-08-05T12:06:18Z
2026-08-05T12:02:33Z,2026-08-05T14:02:33+0200,a602df8b-e77d-453c-80cb-eeacd1e89d3b,2026-07-07T03:00:00Z,2026-07-07T05:00:00+0200,21.1,EUR/MWh,FR,FR,imbalance_price,Short,2026-08-05T12:06:18Z
2026-08-05T12:02:33Z,2026-08-05T14:02:33+0200,a602df8b-e77d-453c-80cb-eeacd1e89d3b,2026-07-07T03:15:00Z,2026-07-07T05:15:00+0200,98.08,EUR/MWh,FR,FR,imbalance_price,Long,2026-08-05T12:06:18Z
2026-08-05T12:02:33Z,2026-08-05T14:02:33+0200,a602df8b-e77d-453c-80cb-eeacd1e89d3b,2026-07-07T03:15:00Z,2026-07-07T05:15:00+0200,107.32,EUR/MWh,FR,FR,imbalance_price,Short,2026-08-05T12:06:18Z
2026-08-05T12:02:33Z,2026-08-05T14:02:33+0200,a602df8b-e77d-453c-80cb-eeacd1e89d3b,2026-07-07T03:30:00Z,2026-07-07T05:30:00+0200,43.75,EUR/MWh,FR,FR,imbalance_price,Long,2026-08-05T12:06:18Z
2026-08-05T12:02:33Z,2026-08-05T14:02:33+0200,a602df8b-e77d-453c-80cb-eeacd1e89d3b,2026-07-07T03:30:00Z,2026-07-07T05:30:00+0200,47.87,EUR/MWh,FR,FR,imbalance_price,Short,2026-08-05T12:06:18Z
2026-08-05T12:02:33Z,2026-08-05T14:02:33+0200,a602df8b-e77d-453c-80cb-eeacd1e89d3b,2026-07-07T03:45:00Z,2026-07-07T05:45:00+0200,51.47,EUR/MWh,FR,FR,imbalance_price,Long,2026-08-05T12:06:18Z
2026-08-05T12:02:33Z,2026-08-05T14:02:33+0200,a602df8b-e77d-453c-80cb-eeacd1e89d3b,2026-07-07T03:45:00Z,2026-07-07T05:45:00+0200,56.33,EUR/MWh,FR,FR,imbalance_price,Short,2026-08-05T12:06:18Z
2026-08-05T12:02:33Z,2026-08-05T14:02:33+0200,a602df8b-e77d-453c-80cb-eeacd1e89d3b,2026-07-07T04:00:00Z,2026-07-07T06:00:00+0200,70.64,EUR/MWh,FR,FR,imbalance_price,Long,2026-08-05T12:06:18Z
2026-08-05T12:02:33Z,2026-08-05T14:02:33+0200,a602df8b-e77d-453c-80cb-eeacd1e89d3b,2026-07-07T04:00:00Z,2026-07-07T06:00:00+0200,77.3,EUR/MWh,FR,FR,imbalance_price,Short,2026-08-05T12:06:18Z
2026-08-05T12:02:33Z,2026-08-05T14:02:33+0200,a602df8b-e77d-453c-80cb-eeacd1e89d3b,2026-07-07T04:15:00Z,2026-07-07T06:15:00+0200,86.87,EUR/MWh,FR,FR,imbalance_price,Long,2026-08-05T12:06:18Z
2026-08-05T12:02:33Z,2026-08-05T14:02:33+0200,a602df8b-e77d-453c-80cb-eeacd1e89d3b,2026-07-07T04:15:00Z,2026-07-07T06:15:00+0200,95.05,EUR/MWh,FR,FR,imbalance_price,Short,2026-08-05T12:06:18Z
2026-08-05T12:02:33Z,2026-08-05T14:02:33+0200,a602df8b-e77d-453c-80cb-eeacd1e89d3b,2026-07-07T04:30:00Z,2026-07-07T06:30:00+0200,84.33,EUR/MWh,FR,FR,imbalance_price,Long,2026-08-05T12:06:18Z
2026-08-05T12:02:33Z,2026-08-05T14:02:33+0200,a602df8b-e77d-453c-80cb-eeacd1e89d3b,2026-07-07T04:30:00Z,2026-07-07T06:30:00+0200,92.27,EUR/MWh,FR,FR,imbalance_price,Short,2026-08-05T12:06:18Z
2026-08-05T12:02:33Z,2026-08-05T14:02:33+0200,a602df8b-e77d-453c-80cb-eeacd1e89d3b,2026-07-07T04:45:00Z,2026-07-07T06:45:00+0200,74.71,EUR/MWh,FR,FR,imbalance_price,Long,2026-08-05T12:06:18Z
2026-08-05T12:02:33Z,2026-08-05T14:02:33+0200,a602df8b-e77d-453c-80cb-eeacd1e89d3b,2026-07-07T04:45:00Z,2026-07-07T06:45:00+0200,81.75,EUR/MWh,FR,FR,imbalance_price,Short,2026-08-05T12:06:18Z
2026-08-05T12:02:33Z,2026-08-05T14:02:33+0200,a602df8b-e77d-453c-80cb-eeacd1e89d3b,2026-07-07T05:00:00Z,2026-07-07T07:00:00+0200,85.34,EUR/MWh,FR,FR,imbalance_price,Long,2026-08-05T12:06:18Z
2026-08-05T12:02:33Z,2026-08-05T14:02:33+0200,a602df8b-e77d-453c-80cb-eeacd1e89d3b,2026-07-07T05:00:00Z,2026-07-07T07:00:00+0200,93.38,EUR/MWh,FR,FR,imbalance_price,Short,2026-08-05T12:06:18Z
2026-08-05T12:02:33Z,2026-08-05T14:02:33+0200,a602df8b-e77d-453c-80cb-eeacd1e89d3b,2026-07-07T05:15:00Z,2026-07-07T07:15:00+0200,86.43,EUR/MWh,FR,FR,imbalance_price,Long,2026-08-05T12:06:18Z
2026-08-05T12:02:33Z,2026-08-05T14:02:33+0200,a602df8b-e77d-453c-80cb-eeacd1e89d3b,2026-07-07T05:15:00Z,2026-07-07T07:15:00+0200,94.57,EUR/MWh,FR,FR,imbalance_price,Short,2026-08-05T12:06:18Z
2026-08-05T12:02:33Z,2026-08-05T14:02:33+0200,a602df8b-e77d-453c-80cb-eeacd1e89d3b,2026-07-07T05:30:00Z,2026-07-07T07:30:00+0200,82.86,EUR/MWh,FR,FR,imbalance_price,Long,2026-08-05T12:06:18Z
2026-08-05T12:02:33Z,2026-08-05T14:02:33+0200,a602df8b-e77d-453c-80cb-eeacd1e89d3b,2026-07-07T05:30:00Z,2026-07-07T07:30:00+0200,90.66,EUR/MWh,FR,FR,imbalance_price,Short,2026-08-05T12:06:18Z
2026-08-05T12:02:33Z,2026-08-05T14:02:33+0200,a602df8b-e77d-453c-80cb-eeacd1e89d3b,2026-07-07T05:45:00Z,2026-07-07T07:45:00+0200,63.52,EUR/MWh,FR,FR,imbalance_price,Long,2026-08-05T12:06:18Z
2026-08-05T12:02:33Z,2026-08-05T14:02:33+0200,a602df8b-e77d-453c-80cb-eeacd1e89d3b,2026-07-07T05:45:00Z,2026-07-07T07:45:00+0200,69.5,EUR/MWh,FR,FR,imbalance_price,Short,2026-08-05T12:06:18Z
2026-08-05T12:02:33Z,2026-08-05T14:02:33+0200,a602df8b-e77d-453c-80cb-eeacd1e89d3b,2026-07-07T06:00:00Z,2026-07-07T08:00:00+0200,53.64,EUR/MWh,FR,FR,imbalance_price,Long,2026-08-05T12:06:18Z
2026-08-05T12:02:33Z,2026-08-05T14:02:33+0200,a602df8b-e77d-453c-80cb-eeacd1e89d3b,2026-07-07T06:00:00Z,2026-07-07T08:00:00+0200,58.7,EUR/MWh,FR,FR,imbalance_price,Short,2026-08-05T12:06:18Z
2026-08-05T12:02:33Z,2026-08-05T14:02:33+0200,a602df8b-e77d-453c-80cb-eeacd1e89d3b,2026-07-07T06:15:00Z,2026-07-07T08:15:00+0200,51.99,EUR/MWh,FR,FR,imbalance_price,Long,2026-08-05T12:06:18Z
2026-08-05T12:02:33Z,2026-08-05T14:02:33+0200,a602df8b-e77d-453c-80cb-eeacd1e89d3b,2026-07-07T06:15:00Z,2026-07-07T08:15:00+0200,56.89,EUR/MWh,FR,FR,imbalance_price,Short,2026-08-05T12:06:18Z
2026-08-05T12:02:33Z,2026-08-05T14:02:33+0200,a602df8b-e77d-453c-80cb-eeacd1e89d3b,2026-07-07T06:30:00Z,2026-07-07T08:30:00+0200,50.96,EUR/MWh,FR,FR,imbalance_price,Long,2026-08-05T12:06:18Z
2026-08-05T12:02:33Z,2026-08-05T14:02:33+0200,a602df8b-e77d-453c-80cb-eeacd1e89d3b,2026-07-07T06:30:00Z,2026-07-07T08:30:00+0200,55.76,EUR/MWh,FR,FR,imbalance_price,Short,2026-08-05T12:06:18Z
2026-08-05T12:02:33Z,2026-08-05T14:02:33+0200,a602df8b-e77d-453c-80cb-eeacd1e89d3b,2026-07-07T06:45:00Z,2026-07-07T08:45:00+0200,22.89,EUR/MWh,FR,FR,imbalance_price,Long,2026-08-05T12:06:18Z
2026-08-05T12:02:33Z,2026-08-05T14:02:33+0200,a602df8b-e77d-453c-80cb-eeacd1e89d3b,2026-07-07T06:45:00Z,2026-07-07T08:45:00+0200,25.05,EUR/MWh,FR,FR,imbalance_price,Short,2026-08-05T12:06:18Z
2026-08-05T12:02:33Z,2026-08-05T14:02:33+0200,a602df8b-e77d-453c-80cb-eeacd1e89d3b,2026-07-07T07:00:00Z,2026-07-07T09:00:00+0200,-107.08,EUR/MWh,FR,FR,imbalance_price,Long,2026-08-05T12:06:18Z
2026-08-05T12:02:33Z,2026-08-05T14:02:33+0200,a602df8b-e77d-453c-80cb-eeacd1e89d3b,2026-07-07T07:00:00Z,2026-07-07T09:00:00+0200,-97.86,EUR/MWh,FR,FR,imbalance_price,Short,2026-08-05T12:06:18Z
2026-08-05T12:02:33Z,2026-08-05T14:02:33+0200,a602df8b-e77d-453c-80cb-eeacd1e89d3b,2026-07-07T07:15:00Z,2026-07-07T09:15:00+0200,-233.64,EUR/MWh,FR,FR,imbalance_price,Long,2026-08-05T12:06:18Z
2026-08-05T12:02:33Z,2026-08-05T14:02:33+0200,a602df8b-e77d-453c-80cb-eeacd1e89d3b,2026-07-07T07:15:00Z,2026-07-07T09:15:00+0200,-213.52,EUR/MWh,FR,FR,imbalance_price,Short,2026-08-05T12:06:18Z
2026-08-05T12:02:33Z,2026-08-05T14:02:33+0200,a602df8b-e77d-453c-80cb-eeacd1e89d3b,2026-07-07T07:30:00Z,2026-07-07T09:30:00+0200,99.54,EUR/MWh,FR,FR,imbalance_price,Long,2026-08-05T12:06:18Z
2026-08-05T12:02:33Z,2026-08-05T14:02:33+0200,a602df8b-e77d-453c-80cb-eeacd1e89d3b,2026-07-07T07:30:00Z,2026-07-07T09:30:00+0200,108.92,EUR/MWh,FR,FR,imbalance_price,Short,2026-08-05T12:06:18Z
2026-08-05T12:02:33Z,2026-08-05T14:02:33+0200,a602df8b-e77d-453c-80cb-eeacd1e89d3b,2026-07-07T07:45:00Z,2026-07-07T09:45:00+0200,119.38,EUR/MWh,FR,FR,imbalance_price,Long,2026-08-05T12:06:18Z
2026-08-05T12:02:33Z,2026-08-05T14:02:33+0200,a602df8b-e77d-453c-80cb-eeacd1e89d3b,2026-07-07T07:45:00Z,2026-07-07T09:45:00+0200,130.64,EUR/MWh,FR,FR,imbalance_price,Short,2026-08-05T12:06:18Z
2026-08-05T12:02:33Z,2026-08-05T14:02:33+0200,a602df8b-e77d-453c-80cb-eeacd1e89d3b,2026-07-07T08:00:00Z,2026-07-07T10:00:00+0200,132.75,EUR/MWh,FR,FR,imbalance_price,Long,2026-08-05T12:06:18Z
2026-08-05T12:02:33Z,2026-08-05T14:02:33+0200,a602df8b-e77d-453c-80cb-eeacd1e89d3b,2026-07-07T08:00:00Z,2026-07-07T10:00:00+0200,145.26,EUR/MWh,FR,FR,imbalance_price,Short,2026-08-05T12:06:18Z
2026-08-05T12:02:33Z,2026-08-05T14:02:33+0200,a602df8b-e77d-453c-80cb-eeacd1e89d3b,2026-07-07T08:15:00Z,2026-07-07T10:15:00+0200,119.36,EUR/MWh,FR,FR,imbalance_price,Long,2026-08-05T12:06:18Z
2026-08-05T12:02:33Z,2026-08-05T14:02:33+0200,a602df8b-e77d-453c-80cb-eeacd1e89d3b,2026-07-07T08:15:00Z,2026-07-07T10:15:00+0200,130.6,EUR/MWh,FR,FR,imbalance_price,Short,2026-08-05T12:06:18Z
2026-08-05T12:02:33Z,2026-08-05T14:02:33+0200,a602df8b-e77d-453c-80cb-eeacd1e89d3b,2026-07-07T08:30:00Z,2026-07-07T10:30:00+0200,89.29,EUR/MWh,FR,FR,imbalance_price,Long,2026-08-05T12:06:18Z
2026-08-05T12:02:33Z,2026-08-05T14:02:33+0200,a602df8b-e77d-453c-80cb-eeacd1e89d3b,2026-07-07T08:30:00Z,2026-07-07T10:30:00+0200,97.71,EUR/MWh,FR,FR,imbalance_price,Short,2026-08-05T12:06:18Z
2026-08-05T12:02:33Z,2026-08-05T14:02:33+0200,a602df8b-e77d-453c-80cb-eeacd1e89d3b,2026-07-07T08:45:00Z,2026-07-07T10:45:00+0200,106.99,EUR/MWh,FR,FR,imbalance_price,Long,2026-08-05T12:06:18Z
2026-08-05T12:02:33Z,2026-08-05T14:02:33+0200,a602df8b-e77d-453c-80cb-eeacd1e89d3b,2026-07-07T08:45:00Z,2026-07-07T10:45:00+0200,117.07,EUR/MWh,FR,FR,imbalance_price,Short,2026-08-05T12:06:18Z
2026-08-05T12:02:33Z,2026-08-05T14:02:33+0200,a602df8b-e77d-453c-80cb-eeacd1e89d3b,2026-07-07T09:00:00Z,2026-07-07T11:00:00+0200,-20.06,EUR/MWh,FR,FR,imbalance_price,Long,2026-08-05T12:06:18Z
2026-08-05T12:02:33Z,2026-08-05T14:02:33+0200,a602df8b-e77d-453c-80cb-eeacd1e89d3b,2026-07-07T09:00:00Z,2026-07-07T11:00:00+0200,-18.34,EUR/MWh,FR,FR,imbalance_price,Short,2026-08-05T12:06:18Z
2026-08-05T12:02:33Z,2026-08-05T14:02:33+0200,a602df8b-e77d-453c-80cb-eeacd1e89d3b,2026-07-07T09:15:00Z,2026-07-07T11:15:00+0200,-107.59,EUR/MWh,FR,FR,imbalance_price,Long,2026-08-05T12:06:18Z
2026-08-05T12:02:33Z,2026-08-05T14:02:33+0200,a602df8b-e77d-453c-80cb-eeacd1e89d3b,2026-07-07T09:15:00Z,2026-07-07T11:15:00+0200,-98.33,EUR/MWh,FR,FR,imbalance_price,Short,2026-08-05T12:06:18Z
2026-08-05T12:02:33Z,2026-08-05T14:02:33+0200,a602df8b-e77d-453c-80cb-eeacd1e89d3b,2026-07-07T09:30:00Z,2026-07-07T11:30:00+0200,-69.36,EUR/MWh,FR,FR,imbalance_price,Long,2026-08-05T12:06:18Z
2026-08-05T12:02:33Z,2026-08-05T14:02:33+0200,a602df8b-e77d-453c-80cb-eeacd1e89d3b,2026-07-07T09:30:00Z,2026-07-07T11:30:00+0200,-63.38,EUR/MWh,FR,FR,imbalance_price,Short,2026-08-05T12:06:18Z
2026-08-05T12:02:33Z,2026-08-05T14:02:33+0200,a602df8b-e77d-453c-80cb-eeacd1e89d3b,2026-07-07T09:45:00Z,2026-07-07T11:45:00+0200,33.42,EUR/MWh,FR,FR,imbalance_price,Long,2026-08-05T12:06:18Z
2026-08-05T12:02:33Z,2026-08-05T14:02:33+0200,a602df8b-e77d-453c-80cb-eeacd1e89d3b,2026-07-07T09:45:00Z,2026-07-07T11:45:00+0200,36.56,EUR/MWh,FR,FR,imbalance_price,Short,2026-08-05T12:06:18Z
2026-08-05T12:02:33Z,2026-08-05T14:02:33+0200,a602df8b-e77d-453c-80cb-eeacd1e89d3b,2026-07-07T10:00:00Z,2026-07-07T12:00:00+0200,21.63,EUR/MWh,FR,FR,imbalance_price,Long,2026-08-05T12:06:18Z
2026-08-05T12:02:33Z,2026-08-05T14:02:33+0200,a602df8b-e77d-453c-80cb-eeacd1e89d3b,2026-07-07T10:00:00Z,2026-07-07T12:00:00+0200,23.67,EUR/MWh,FR,FR,imbalance_price,Short,2026-08-05T12:06:18Z
2026-08-05T12:02:33Z,2026-08-05T14:02:33+0200,a602df8b-e77d-453c-80cb-eeacd1e89d3b,2026-07-07T10:15:00Z,2026-07-07T12:15:00+0200,-20.36,EUR/MWh,FR,FR,imbalance_price,Long,2026-08-05T12:06:18Z
2026-08-05T12:02:33Z,2026-08-05T14:02:33+0200,a602df8b-e77d-453c-80cb-eeacd1e89d3b,2026-07-07T10:15:00Z,2026-07-07T12:15:00+0200,-18.6,EUR/MWh,FR,FR,imbalance_price,Short,2026-08-05T12:06:18Z
2026-08-05T12:02:33Z,2026-08-05T14:02:33+0200,a602df8b-e77d-453c-80cb-eeacd1e89d3b,2026-07-07T10:30:00Z,2026-07-07T12:30:00+0200,-20.36,EUR/MWh,FR,FR,imbalance_price,Long,2026-08-05T12:06:18Z
2026-08-05T12:02:33Z,2026-08-05T14:02:33+0200,a602df8b-e77d-453c-80cb-eeacd1e89d3b,2026-07-07T10:30:00Z,2026-07-07T12:30:00+0200,-18.6,EUR/MWh,FR,FR,imbalance_price,Short,2026-08-05T12:06:18Z
2026-08-05T12:02:33Z,2026-08-05T14:02:33+0200,a602df8b-e77d-453c-80cb-eeacd1e89d3b,2026-07-07T10:45:00Z,2026-07-07T12:45:00+0200,-24.81,EUR/MWh,FR,FR,imbalance_price,Long,2026-08-05T12:06:18Z
2026-08-05T12:02:33Z,2026-08-05T14:02:33+0200,a602df8b-e77d-453c-80cb-eeacd1e89d3b,2026-07-07T10:45:00Z,2026-07-07T12:45:00+0200,-22.67,EUR/MWh,FR,FR,imbalance_price,Short,2026-08-05T12:06:18Z
2026-08-05T12:02:33Z,2026-08-05T14:02:33+0200,a602df8b-e77d-453c-80cb-eeacd1e89d3b,2026-07-07T11:00:00Z,2026-07-07T13:00:00+0200,-291.49,EUR/MWh,FR,FR,imbalance_price,Long,2026-08-05T12:06:18Z
2026-08-05T12:02:33Z,2026-08-05T14:02:33+0200,a602df8b-e77d-453c-80cb-eeacd1e89d3b,2026-07-07T11:00:00Z,2026-07-07T13:00:00+0200,-266.39,EUR/MWh,FR,FR,imbalance_price,Short,2026-08-05T12:06:18Z
2026-08-05T12:02:33Z,2026-08-05T14:02:33+0200,a602df8b-e77d-453c-80cb-eeacd1e89d3b,2026-07-07T11:15:00Z,2026-07-07T13:15:00+0200,9.2,EUR/MWh,FR,FR,imbalance_price,Long,2026-08-05T12:06:18Z
2026-08-05T12:02:33Z,2026-08-05T14:02:33+0200,a602df8b-e77d-453c-80cb-eeacd1e89d3b,2026-07-07T11:15:00Z,2026-07-07T13:15:00+0200,10.06,EUR/MWh,FR,FR,imbalance_price,Short,2026-08-05T12:06:18Z
2026-08-05T12:02:33Z,2026-08-05T14:02:33+0200,a602df8b-e77d-453c-80cb-eeacd1e89d3b,2026-07-07T11:30:00Z,2026-07-07T13:30:00+0200,11.2,EUR/MWh,FR,FR,imbalance_price,Long,2026-08-05T12:06:18Z
2026-08-05T12:02:33Z,2026-08-05T14:02:33+0200,a602df8b-e77d-453c-80cb-eeacd1e89d3b,2026-07-07T11:30:00Z,2026-07-07T13:30:00+0200,12.26,EUR/MWh,FR,FR,imbalance_price,Short,2026-08-05T12:06:18Z
2026-08-05T12:02:33Z,2026-08-05T14:02:33+0200,a602df8b-e77d-453c-80cb-eeacd1e89d3b,2026-07-07T11:45:00Z,2026-07-07T13:45:00+0200,10.08,EUR/MWh,FR,FR,imbalance_price,Long,2026-08-05T12:06:18Z
2026-08-05T12:02:33Z,2026-08-05T14:02:33+0200,a602df8b-e77d-453c-80cb-eeacd1e89d3b,2026-07-07T11:45:00Z,2026-07-07T13:45:00+0200,11.04,EUR/MWh,FR,FR,imbalance_price,Short,2026-08-05T12:06:18Z
2026-08-05T12:02:33Z,2026-08-05T14:02:33+0200,a602df8b-e77d-453c-80cb-eeacd1e89d3b,2026-07-07T12:00:00Z,2026-07-07T14:00:00+0200,-4.18,EUR/MWh,FR,FR,imbalance_price,Long,2026-08-05T12:06:18Z
2026-08-05T12:02:33Z,2026-08-05T14:02:33+0200,a602df8b-e77d-453c-80cb-eeacd1e89d3b,2026-07-07T12:00:00Z,2026-07-07T14:00:00+0200,-3.82,EUR/MWh,FR,FR,imbalance_price,Short,2026-08-05T12:06:18Z
2026-08-05T12:02:33Z,2026-08-05T14:02:33+0200,a602df8b-e77d-453c-80cb-eeacd1e89d3b,2026-07-07T12:15:00Z,2026-07-07T14:15:00+0200,-283.74,EUR/MWh,FR,FR,imbalance_price,Long,2026-08-05T12:06:18Z
2026-08-05T12:02:33Z,2026-08-05T14:02:33+0200,a602df8b-e77d-453c-80cb-eeacd1e89d3b,2026-07-07T12:15:00Z,2026-07-07T14:15:00+0200,-259.3,EUR/MWh,FR,FR,imbalance_price,Short,2026-08-05T12:06:18Z
2026-08-05T12:02:33Z,2026-08-05T14:02:33+0200,a602df8b-e77d-453c-80cb-eeacd1e89d3b,2026-07-07T12:30:00Z,2026-07-07T14:30:00+0200,-4.18,EUR/MWh,FR,FR,imbalance_price,Long,2026-08-05T12:06:18Z
2026-08-05T12:02:33Z,2026-08-05T14:02:33+0200,a602df8b-e77d-453c-80cb-eeacd1e89d3b,2026-07-07T12:30:00Z,2026-07-07T14:30:00+0200,-3.82,EUR/MWh,FR,FR,imbalance_price,Short,2026-08-05T12:06:18Z
2026-08-05T12:02:33Z,2026-08-05T14:02:33+0200,a602df8b-e77d-453c-80cb-eeacd1e89d3b,2026-07-07T12:45:00Z,2026-07-07T14:45:00+0200,-106.51,EUR/MWh,FR,FR,imbalance_price,Long,2026-08-05T12:06:18Z
2026-08-05T12:02:33Z,2026-08-05T14:02:33+0200,a602df8b-e77d-453c-80cb-eeacd1e89d3b,2026-07-07T12:45:00Z,2026-07-07T14:45:00+0200,-97.33,EUR/MWh,FR,FR,imbalance_price,Short,2026-08-05T12:06:18Z
2026-08-05T12:02:33Z,2026-08-05T14:02:33+0200,a602df8b-e77d-453c-80cb-eeacd1e89d3b,2026-07-07T13:00:00Z,2026-07-07T15:00:00+0200,-72.81,EUR/MWh,FR,FR,imbalance_price,Long,2026-08-05T12:06:18Z
2026-08-05T12:02:33Z,2026-08-05T14:02:33+0200,a602df8b-e77d-453c-80cb-eeacd1e89d3b,2026-07-07T13:00:00Z,2026-07-07T15:00:00+0200,-66.53,EUR/MWh,FR,FR,imbalance_price,Short,2026-08-05T12:06:18Z
2026-08-05T12:02:33Z,2026-08-05T14:02:33+0200,a602df8b-e77d-453c-80cb-eeacd1e89d3b,2026-07-07T13:15:00Z,2026-07-07T15:15:00+0200,-58.83,EUR/MWh,FR,FR,imbalance_price,Long,2026-08-05T12:06:18Z
2026-08-05T12:02:33Z,2026-08-05T14:02:33+0200,a602df8b-e77d-453c-80cb-eeacd1e89d3b,2026-07-07T13:15:00Z,2026-07-07T15:15:00+0200,-53.77,EUR/MWh,FR,FR,imbalance_price,Short,2026-08-05T12:06:18Z
2026-08-05T12:02:33Z,2026-08-05T14:02:33+0200,a602df8b-e77d-453c-80cb-eeacd1e89d3b,2026-07-07T13:30:00Z,2026-07-07T15:30:00+0200,-242.83,EUR/MWh,FR,FR,imbalance_price,Long,2026-08-05T12:06:18Z
2026-08-05T12:02:33Z,2026-08-05T14:02:33+0200,a602df8b-e77d-453c-80cb-eeacd1e89d3b,2026-07-07T13:30:00Z,2026-07-07T15:30:00+0200,-221.91,EUR/MWh,FR,FR,imbalance_price,Short,2026-08-05T12:06:18Z
2026-08-05T12:02:33Z,2026-08-05T14:02:33+0200,a602df8b-e77d-453c-80cb-eeacd1e89d3b,2026-07-07T13:45:00Z,2026-07-07T15:45:00+0200,-142.34,EUR/MWh,FR,FR,imbalance_price,Long,2026-08-05T12:06:18Z
2026-08-05T12:02:33Z,2026-08-05T14:02:33+0200,a602df8b-e77d-453c-80cb-eeacd1e89d3b,2026-07-07T13:45:00Z,2026-07-07T15:45:00+0200,-130.08,EUR/MWh,FR,FR,imbalance_price,Short,2026-08-05T12:06:18Z
2026-08-05T12:02:33Z,2026-08-05T14:02:33+0200,a602df8b-e77d-453c-80cb-eeacd1e89d3b,2026-07-07T14:00:00Z,2026-07-07T16:00:00+0200,-60.79,EUR/MWh,FR,FR,imbalance_price,Long,2026-08-05T12:06:18Z
2026-08-05T12:02:33Z,2026-08-05T14:02:33+0200,a602df8b-e77d-453c-80cb-eeacd1e89d3b,2026-07-07T14:00:00Z,2026-07-07T16:00:00+0200,-55.55,EUR/MWh,FR,FR,imbalance_price,Short,2026-08-05T12:06:18Z
2026-08-05T12:02:33Z,2026-08-05T14:02:33+0200,a602df8b-e77d-453c-80cb-eeacd1e89d3b,2026-07-07T14:15:00Z,2026-07-07T16:15:00+0200,120.12,EUR/MWh,FR,FR,imbalance_price,Long,2026-08-05T12:06:18Z
2026-08-05T12:02:33Z,2026-08-05T14:02:33+0200,a602df8b-e77d-453c-80cb-eeacd1e89d3b,2026-07-07T14:15:00Z,2026-07-07T16:15:00+0200,131.44,EUR/MWh,FR,FR,imbalance_price,Short,2026-08-05T12:06:18Z
2026-08-05T12:02:33Z,2026-08-05T14:02:33+0200,a602df8b-e77d-453c-80cb-eeacd1e89d3b,2026-07-07T14:30:00Z,2026-07-07T16:30:00+0200,103.0,EUR/MWh,FR,FR,imbalance_price,Long,2026-08-05T12:06:18Z
2026-08-05T12:02:33Z,2026-08-05T14:02:33+0200,a602df8b-e77d-453c-80cb-eeacd1e89d3b,2026-07-07T14:30:00Z,2026-07-07T16:30:00+0200,112.7,EUR/MWh,FR,FR,imbalance_price,Short,2026-08-05T12:06:18Z
2026-08-05T12:02:33Z,2026-08-05T14:02:33+0200,a602df8b-e77d-453c-80cb-eeacd1e89d3b,2026-07-07T14:45:00Z,2026-07-07T16:45:00+0200,116.26,EUR/MWh,FR,FR,imbalance_price,Long,2026-08-05T12:06:18Z
2026-08-05T12:02:33Z,2026-08-05T14:02:33+0200,a602df8b-e77d-453c-80cb-eeacd1e89d3b,2026-07-07T14:45:00Z,2026-07-07T16:45:00+0200,127.22,EUR/MWh,FR,FR,imbalance_price,Short,2026-08-05T12:06:18Z
2026-08-05T12:02:33Z,2026-08-05T14:02:33+0200,a602df8b-e77d-453c-80cb-eeacd1e89d3b,2026-07-07T15:00:00Z,2026-07-07T17:00:00+0200,-14.48,EUR/MWh,FR,FR,imbalance_price,Long,2026-08-05T12:06:18Z
2026-08-05T12:02:33Z,2026-08-05T14:02:33+0200,a602df8b-e77d-453c-80cb-eeacd1e89d3b,2026-07-07T15:00:00Z,2026-07-07T17:00:00+0200,-13.24,EUR/MWh,FR,FR,imbalance_price,Short,2026-08-05T12:06:18Z
2026-08-05T12:02:33Z,2026-08-05T14:02:33+0200,a602df8b-e77d-453c-80cb-eeacd1e89d3b,2026-07-07T15:15:00Z,2026-07-07T17:15:00+0200,126.41,EUR/MWh,FR,FR,imbalance_price,Long,2026-08-05T12:06:18Z
2026-08-05T12:02:33Z,2026-08-05T14:02:33+0200,a602df8b-e77d-453c-80cb-eeacd1e89d3b,2026-07-07T15:15:00Z,2026-07-07T17:15:00+0200,138.33,EUR/MWh,FR,FR,imbalance_price,Short,2026-08-05T12:06:18Z
2026-08-05T12:02:33Z,2026-08-05T14:02:33+0200,a602df8b-e77d-453c-80cb-eeacd1e89d3b,2026-07-07T15:30:00Z,2026-07-07T17:30:00+0200,-103.18,EUR/MWh,FR,FR,imbalance_price,Long,2026-08-05T12:06:18Z
2026-08-05T12:02:33Z,2026-08-05T14:02:33+0200,a602df8b-e77d-453c-80cb-eeacd1e89d3b,2026-07-07T15:30:00Z,2026-07-07T17:30:00+0200,-94.3,EUR/MWh,FR,FR,imbalance_price,Short,2026-08-05T12:06:18Z
2026-08-05T12:02:33Z,2026-08-05T14:02:33+0200,a602df8b-e77d-453c-80cb-eeacd1e89d3b,2026-07-07T15:45:00Z,2026-07-07T17:45:00+0200,12.32,EUR/MWh,FR,FR,imbalance_price,Long,2026-08-05T12:06:18Z
2026-08-05T12:02:33Z,2026-08-05T14:02:33+0200,a602df8b-e77d-453c-80cb-eeacd1e89d3b,2026-07-07T15:45:00Z,2026-07-07T17:45:00+0200,13.48,EUR/MWh,FR,FR,imbalance_price,Short,2026-08-05T12:06:18Z
2026-08-05T12:02:33Z,2026-08-05T14:02:33+0200,a602df8b-e77d-453c-80cb-eeacd1e89d3b,2026-07-07T16:00:00Z,2026-07-07T18:00:00+0200,13.5,EUR/MWh,FR,FR,imbalance_price,Long,2026-08-05T12:06:18Z
2026-08-05T12:02:33Z,2026-08-05T14:02:33+0200,a602df8b-e77d-453c-80cb-eeacd1e89d3b,2026-07-07T16:00:00Z,2026-07-07T18:00:00+0200,14.78,EUR/MWh,FR,FR,imbalance_price,Short,2026-08-05T12:06:18Z
2026-08-05T12:02:33Z,2026-08-05T14:02:33+0200,a602df8b-e77d-453c-80cb-eeacd1e89d3b,2026-07-07T16:15:00Z,2026-07-07T18:15:00+0200,6.16,EUR/MWh,FR,FR,imbalance_price,Long,2026-08-05T12:06:18Z
2026-08-05T12:02:33Z,2026-08-05T14:02:33+0200,a602df8b-e77d-453c-80cb-eeacd1e89d3b,2026-07-07T16:15:00Z,2026-07-07T18:15:00+0200,6.74,EUR/MWh,FR,FR,imbalance_price,Short,2026-08-05T12:06:18Z
2026-08-05T12:02:33Z,2026-08-05T14:02:33+0200,a602df8b-e77d-453c-80cb-eeacd1e89d3b,2026-07-07T16:30:00Z,2026-07-07T18:30:00+0200,6.15,EUR/MWh,FR,FR,imbalance_price,Long,2026-08-05T12:06:18Z
2026-08-05T12:02:33Z,2026-08-05T14:02:33+0200,a602df8b-e77d-453c-80cb-eeacd1e89d3b,2026-07-07T16:30:00Z,2026-07-07T18:30:00+0200,6.73,EUR/MWh,FR,FR,imbalance_price,Short,2026-08-05T12:06:18Z
2026-08-05T12:02:33Z,2026-08-05T14:02:33+0200,a602df8b-e77d-453c-80cb-eeacd1e89d3b,2026-07-07T16:45:00Z,2026-07-07T18:45:00+0200,6.54,EUR/MWh,FR,FR,imbalance_price,Long,2026-08-05T12:06:18Z
2026-08-05T12:02:33Z,2026-08-05T14:02:33+0200,a602df8b-e77d-453c-80cb-eeacd1e89d3b,2026-07-07T16:45:00Z,2026-07-07T18:45:00+0200,7.16,EUR/MWh,FR,FR,imbalance_price,Short,2026-08-05T12:06:18Z
2026-08-05T12:02:33Z,2026-08-05T14:02:33+0200,a602df8b-e77d-453c-80cb-eeacd1e89d3b,2026-07-07T17:00:00Z,2026-07-07T19:00:00+0200,17.06,EUR/MWh,FR,FR,imbalance_price,Long,2026-08-05T12:06:18Z
2026-08-05T12:02:33Z,2026-08-05T14:02:33+0200,a602df8b-e77d-453c-80cb-eeacd1e89d3b,2026-07-07T17:00:00Z,2026-07-07T19:00:00+0200,18.66,EUR/MWh,FR,FR,imbalance_price,Short,2026-08-05T12:06:18Z
2026-08-05T12:02:33Z,2026-08-05T14:02:33+0200,a602df8b-e77d-453c-80cb-eeacd1e89d3b,2026-07-07T17:15:00Z,2026-07-07T19:15:00+0200,8.46,EUR/MWh,FR,FR,imbalance_price,Long,2026-08-05T12:06:18Z
2026-08-05T12:02:33Z,2026-08-05T14:02:33+0200,a602df8b-e77d-453c-80cb-eeacd1e89d3b,2026-07-07T17:15:00Z,2026-07-07T19:15:00+0200,9.26,EUR/MWh,FR,FR,imbalance_price,Short,2026-08-05T12:06:18Z
2026-08-05T12:02:33Z,2026-08-05T14:02:33+0200,a602df8b-e77d-453c-80cb-eeacd1e89d3b,2026-07-07T17:30:00Z,2026-07-07T19:30:00+0200,9.14,EUR/MWh,FR,FR,imbalance_price,Long,2026-08-05T12:06:18Z
2026-08-05T12:02:33Z,2026-08-05T14:02:33+0200,a602df8b-e77d-453c-80cb-eeacd1e89d3b,2026-07-07T17:30:00Z,2026-07-07T19:30:00+0200,10.0,EUR/MWh,FR,FR,imbalance_price,Short,2026-08-05T12:06:18Z
2026-08-05T12:02:33Z,2026-08-05T14:02:33+0200,a602df8b-e77d-453c-80cb-eeacd1e89d3b,2026-07-07T17:45:00Z,2026-07-07T19:45:00+0200,8.8,EUR/MWh,FR,FR,imbalance_price,Long,2026-08-05T12:06:18Z
2026-08-05T12:02:33Z,2026-08-05T14:02:33+0200,a602df8b-e77d-453c-80cb-eeacd1e89d3b,2026-07-07T17:45:00Z,2026-07-07T19:45:00+0200,9.62,EUR/MWh,FR,FR,imbalance_price,Short,2026-08-05T12:06:18Z
2026-08-05T12:02:33Z,2026-08-05T14:02:33+0200,a602df8b-e77d-453c-80cb-eeacd1e89d3b,2026-07-07T18:00:00Z,2026-07-07T20:00:00+0200,66.37,EUR/MWh,FR,FR,imbalance_price,Long,2026-08-05T12:06:18Z
2026-08-05T12:02:33Z,2026-08-05T14:02:33+0200,a602df8b-e77d-453c-80cb-eeacd1e89d3b,2026-07-07T18:00:00Z,2026-07-07T20:00:00+0200,72.63,EUR/MWh,FR,FR,imbalance_price,Short,2026-08-05T12:06:18Z
2026-08-05T12:02:33Z,2026-08-05T14:02:33+0200,a602df8b-e77d-453c-80cb-eeacd1e89d3b,2026-07-07T18:15:00Z,2026-07-07T20:15:00+0200,48.51,EUR/MWh,FR,FR,imbalance_price,Long,2026-08-05T12:06:18Z
2026-08-05T12:02:33Z,2026-08-05T14:02:33+0200,a602df8b-e77d-453c-80cb-eeacd1e89d3b,2026-07-07T18:15:00Z,2026-07-07T20:15:00+0200,53.09,EUR/MWh,FR,FR,imbalance_price,Short,2026-08-05T12:06:18Z
2026-08-05T12:02:33Z,2026-08-05T14:02:33+0200,a602df8b-e77d-453c-80cb-eeacd1e89d3b,2026-07-07T18:30:00Z,2026-07-07T20:30:00+0200,132.52,EUR/MWh,FR,FR,imbalance_price,Long,2026-08-05T12:06:18Z
2026-08-05T12:02:33Z,2026-08-05T14:02:33+0200,a602df8b-e77d-453c-80cb-eeacd1e89d3b,2026-07-07T18:30:00Z,2026-07-07T20:30:00+0200,145.0,EUR/MWh,FR,FR,imbalance_price,Short,2026-08-05T12:06:18Z
2026-08-05T12:02:33Z,2026-08-05T14:02:33+0200,a602df8b-e77d-453c-80cb-eeacd1e89d3b,2026-07-07T18:45:00Z,2026-07-07T20:45:00+0200,158.95,EUR/MWh,FR,FR,imbalance_price,Long,2026-08-05T12:06:18Z
2026-08-05T12:02:33Z,2026-08-05T14:02:33+0200,a602df8b-e77d-453c-80cb-eeacd1e89d3b,2026-07-07T18:45:00Z,2026-07-07T20:45:00+0200,173.93,EUR/MWh,FR,FR,imbalance_price,Short,2026-08-05T12:06:18Z
2026-08-05T12:02:33Z,2026-08-05T14:02:33+0200,a602df8b-e77d-453c-80cb-eeacd1e89d3b,2026-07-07T19:00:00Z,2026-07-07T21:00:00+0200,151.0,EUR/MWh,FR,FR,imbalance_price,Long,2026-08-05T12:06:18Z
2026-08-05T12:02:33Z,2026-08-05T14:02:33+0200,a602df8b-e77d-453c-80cb-eeacd1e89d3b,2026-07-07T19:00:00Z,2026-07-07T21:00:00+0200,165.24,EUR/MWh,FR,FR,imbalance_price,Short,2026-08-05T12:06:18Z
2026-08-05T12:02:33Z,2026-08-05T14:02:33+0200,a602df8b-e77d-453c-80cb-eeacd1e89d3b,2026-07-07T19:15:00Z,2026-07-07T21:15:00+0200,131.4,EUR/MWh,FR,FR,imbalance_price,Long,2026-08-05T12:06:18Z
2026-08-05T12:02:33Z,2026-08-05T14:02:33+0200,a602df8b-e77d-453c-80cb-eeacd1e89d3b,2026-07-07T19:15:00Z,2026-07-07T21:15:00+0200,143.78,EUR/MWh,FR,FR,imbalance_price,Short,2026-08-05T12:06:18Z
2026-08-05T12:02:33Z,2026-08-05T14:02:33+0200,a602df8b-e77d-453c-80cb-eeacd1e89d3b,2026-07-07T19:30:00Z,2026-07-07T21:30:00+0200,248.25,EUR/MWh,FR,FR,imbalance_price,Long,2026-08-05T12:06:18Z
2026-08-05T12:02:33Z,2026-08-05T14:02:33+0200,a602df8b-e77d-453c-80cb-eeacd1e89d3b,2026-07-07T19:30:00Z,2026-07-07T21:30:00+0200,271.65,EUR/MWh,FR,FR,imbalance_price,Short,2026-08-05T12:06:18Z
2026-08-05T12:02:33Z,2026-08-05T14:02:33+0200,a602df8b-e77d-453c-80cb-eeacd1e89d3b,2026-07-07T19:45:00Z,2026-07-07T21:45:00+0200,268.08,EUR/MWh,FR,FR,imbalance_price,Long,2026-08-05T12:06:18Z
2026-08-05T12:02:33Z,2026-08-05T14:02:33+0200,a602df8b-e77d-453c-80cb-eeacd1e89d3b,2026-07-07T19:45:00Z,2026-07-07T21:45:00+0200,293.34,EUR/MWh,FR,FR,imbalance_price,Short,2026-08-05T12:06:18Z
2026-08-05T12:02:33Z,2026-08-05T14:02:33+0200,a602df8b-e77d-453c-80cb-eeacd1e89d3b,2026-07-07T20:00:00Z,2026-07-07T22:00:00+0200,264.02,EUR/MWh,FR,FR,imbalance_price,Long,2026-08-05T12:06:18Z
2026-08-05T12:02:33Z,2026-08-05T14:02:33+0200,a602df8b-e77d-453c-80cb-eeacd1e89d3b,2026-07-07T20:00:00Z,2026-07-07T22:00:00+0200,288.9,EUR/MWh,FR,FR,imbalance_price,Short,2026-08-05T12:06:18Z
2026-08-05T12:02:33Z,2026-08-05T14:02:33+0200,a602df8b-e77d-453c-80cb-eeacd1e89d3b,2026-07-07T20:15:00Z,2026-07-07T22:15:00+0200,265.38,EUR/MWh,FR,FR,imbalance_price,Long,2026-08-05T12:06:18Z
2026-08-05T12:02:33Z,2026-08-05T14:02:33+0200,a602df8b-e77d-453c-80cb-eeacd1e89d3b,2026-07-07T20:15:00Z,2026-07-07T22:15:00+0200,290.4,EUR/MWh,FR,FR,imbalance_price,Short,2026-08-05T12:06:18Z
2026-08-05T12:02:33Z,2026-08-05T14:02:33+0200,a602df8b-e77d-453c-80cb-eeacd1e89d3b,2026-07-07T20:30:00Z,2026-07-07T22:30:00+0200,278.53,EUR/MWh,FR,FR,imbalance_price,Long,2026-08-05T12:06:18Z
2026-08-05T12:02:33Z,2026-08-05T14:02:33+0200,a602df8b-e77d-453c-80cb-eeacd1e89d3b,2026-07-07T20:30:00Z,2026-07-07T22:30:00+0200,304.77,EUR/MWh,FR,FR,imbalance_price,Short,2026-08-05T12:06:18Z
2026-08-05T12:02:33Z,2026-08-05T14:02:33+0200,a602df8b-e77d-453c-80cb-eeacd1e89d3b,2026-07-07T20:45:00Z,2026-07-07T22:45:00+0200,78.82,EUR/MWh,FR,FR,imbalance_price,Long,2026-08-05T12:06:18Z
2026-08-05T12:02:33Z,2026-08-05T14:02:33+0200,a602df8b-e77d-453c-80cb-eeacd1e89d3b,2026-07-07T20:45:00Z,2026-07-07T22:45:00+0200,86.24,EUR/MWh,FR,FR,imbalance_price,Short,2026-08-05T12:06:18Z
2026-08-05T12:02:33Z,2026-08-05T14:02:33+0200,a602df8b-e77d-453c-80cb-eeacd1e89d3b,2026-07-07T21:00:00Z,2026-07-07T23:00:00+0200,82.44,EUR/MWh,FR,FR,imbalance_price,Long,2026-08-05T12:06:18Z
2026-08-05T12:02:33Z,2026-08-05T14:02:33+0200,a602df8b-e77d-453c-80cb-eeacd1e89d3b,2026-07-07T21:00:00Z,2026-07-07T23:00:00+0200,90.2,EUR/MWh,FR,FR,imbalance_price,Short,2026-08-05T12:06:18Z
2026-08-05T12:02:33Z,2026-08-05T14:02:33+0200,a602df8b-e77d-453c-80cb-eeacd1e89d3b,2026-07-07T21:15:00Z,2026-07-07T23:15:00+0200,64.79,EUR/MWh,FR,FR,imbalance_price,Long,2026-08-05T12:06:18Z
2026-08-05T12:02:33Z,2026-08-05T14:02:33+0200,a602df8b-e77d-453c-80cb-eeacd1e89d3b,2026-07-07T21:15:00Z,2026-07-07T23:15:00+0200,70.89,EUR/MWh,FR,FR,imbalance_price,Short,2026-08-05T12:06:18Z
2026-08-05T12:02:33Z,2026-08-05T14:02:33+0200,a602df8b-e77d-453c-80cb-eeacd1e89d3b,2026-07-07T21:30:00Z,2026-07-07T23:30:00+0200,83.49,EUR/MWh,FR,FR,imbalance_price,Long,2026-08-05T12:06:18Z
2026-08-05T12:02:33Z,2026-08-05T14:02:33+0200,a602df8b-e77d-453c-80cb-eeacd1e89d3b,2026-07-07T21:30:00Z,2026-07-07T23:30:00+0200,91.35,EUR/MWh,FR,FR,imbalance_price,Short,2026-08-05T12:06:18Z
2026-08-05T12:02:33Z,2026-08-05T14:02:33+0200,a602df8b-e77d-453c-80cb-eeacd1e89d3b,2026-07-07T21:45:00Z,2026-07-07T23:45:00+0200,63.21,EUR/MWh,FR,FR,imbalance_price,Long,2026-08-05T12:06:18Z
2026-08-05T12:02:33Z,2026-08-05T14:02:33+0200,a602df8b-e77d-453c-80cb-eeacd1e89d3b,2026-07-07T21:45:00Z,2026-07-07T23:45:00+0200,69.17,EUR/MWh,FR,FR,imbalance_price,Short,2026-08-05T12:06:18Z
2026-08-05T12:02:33Z,2026-08-05T14:02:33+0200,a602df8b-e77d-453c-80cb-eeacd1e89d3b,2026-07-07T22:00:00Z,2026-07-08T00:00:00+0200,133.33,EUR/MWh,FR,FR,imbalance_price,Long,2026-08-05T12:06:18Z
2026-08-05T12:02:33Z,2026-08-05T14:02:33+0200,a602df8b-e77d-453c-80cb-eeacd1e89d3b,2026-07-07T22:00:00Z,2026-07-08T00:00:00+0200,145.89,EUR/MWh,FR,FR,imbalance_price,Short,2026-08-05T12:06:18Z
2026-08-05T12:02:33Z,2026-08-05T14:02:33+0200,a602df8b-e77d-453c-80cb-eeacd1e89d3b,2026-07-07T22:15:00Z,2026-07-08T00:15:00+0200,130.44,EUR/MWh,FR,FR,imbalance_price,Long,2026-08-05T12:06:18Z
2026-08-05T12:02:33Z,2026-08-05T14:02:33+0200,a602df8b-e77d-453c-80cb-eeacd1e89d3b,2026-07-07T22:15:00Z,2026-07-08T00:15:00+0200,142.74,EUR/MWh,FR,FR,imbalance_price,Short,2026-08-05T12:06:18Z
2026-08-05T12:02:33Z,2026-08-05T14:02:33+0200,a602df8b-e77d-453c-80cb-eeacd1e89d3b,2026-07-07T22:30:00Z,2026-07-08T00:30:00+0200,147.64,EUR/MWh,FR,FR,imbalance_price,Long,2026-08-05T12:06:18Z
2026-08-05T12:02:33Z,2026-08-05T14:02:33+0200,a602df8b-e77d-453c-80cb-eeacd1e89d3b,2026-07-07T22:30:00Z,2026-07-08T00:30:00+0200,161.56,EUR/MWh,FR,FR,imbalance_price,Short,2026-08-05T12:06:18Z
2026-08-05T12:02:33Z,2026-08-05T14:02:33+0200,a602df8b-e77d-453c-80cb-eeacd1e89d3b,2026-07-07T22:45:00Z,2026-07-08T00:45:00+0200,154.03,EUR/MWh,FR,FR,imbalance_price,Long,2026-08-05T12:06:18Z
2026-08-05T12:02:33Z,2026-08-05T14:02:33+0200,a602df8b-e77d-453c-80cb-eeacd1e89d3b,2026-07-07T22:45:00Z,2026-07-08T00:45:00+0200,168.55,EUR/MWh,FR,FR,imbalance_price,Short,2026-08-05T12:06:18Z
2026-08-05T12:02:33Z,2026-08-05T14:02:33+0200,a602df8b-e77d-453c-80cb-eeacd1e89d3b,2026-07-07T23:00:00Z,2026-07-08T01:00:00+0200,149.47,EUR/MWh,FR,FR,imbalance_price,Long,2026-08-05T12:06:18Z
2026-08-05T12:02:33Z,2026-08-05T14:02:33+0200,a602df8b-e77d-453c-80cb-eeacd1e89d3b,2026-07-07T23:00:00Z,2026-07-08T01:00:00+0200,163.55,EUR/MWh,FR,FR,imbalance_price,Short,2026-08-05T12:06:18Z
2026-08-05T12:02:33Z,2026-08-05T14:02:33+0200,a602df8b-e77d-453c-80cb-eeacd1e89d3b,2026-07-07T23:15:00Z,2026-07-08T01:15:00+0200,157.98,EUR/MWh,FR,FR,imbalance_price,Long,2026-08-05T12:06:18Z
2026-08-05T12:02:33Z,2026-08-05T14:02:33+0200,a602df8b-e77d-453c-80cb-eeacd1e89d3b,2026-07-07T23:15:00Z,2026-07-08T01:15:00+0200,172.86,EUR/MWh,FR,FR,imbalance_price,Short,2026-08-05T12:06:18Z
2026-08-05T12:02:33Z,2026-08-05T14:02:33+0200,a602df8b-e77d-453c-80cb-eeacd1e89d3b,2026-07-07T23:30:00Z,2026-07-08T01:30:00+0200,161.55,EUR/MWh,FR,FR,imbalance_price,Long,2026-08-05T12:06:18Z
2026-08-05T12:02:33Z,2026-08-05T14:02:33+0200,a602df8b-e77d-453c-80cb-eeacd1e89d3b,2026-07-07T23:30:00Z,2026-07-08T01:30:00+0200,176.77,EUR/MWh,FR,FR,imbalance_price,Short,2026-08-05T12:06:18Z
2026-08-05T12:02:33Z,2026-08-05T14:02:33+0200,a602df8b-e77d-453c-80cb-eeacd1e89d3b,2026-07-07T23:45:00Z,2026-07-08T01:45:00+0200,160.12,EUR/MWh,FR,FR,imbalance_price,Long,2026-08-05T12:06:18Z
2026-08-05T12:02:33Z,2026-08-05T14:02:33+0200,a602df8b-e77d-453c-80cb-eeacd1e89d3b,2026-07-07T23:45:00Z,2026-07-08T01:45:00+0200,175.22,EUR/MWh,FR,FR,imbalance_price,Short,2026-08-05T12:06:18Z
2026-08-05T12:02:33Z,2026-08-05T14:02:33+0200,a602df8b-e77d-453c-80cb-eeacd1e89d3b,2026-07-08T00:00:00Z,2026-07-08T02:00:00+0200,156.22,EUR/MWh,FR,FR,imbalance_price,Long,2026-08-05T12:06:18Z
2026-08-05T12:02:33Z,2026-08-05T14:02:33+0200,a602df8b-e77d-453c-80cb-eeacd1e89d3b,2026-07-08T00:00:00Z,2026-07-08T02:00:00+0200,170.94,EUR/MWh,FR,FR,imbalance_price,Short,2026-08-05T12:06:18Z
2026-08-05T12:02:33Z,2026-08-05T14:02:33+0200,a602df8b-e77d-453c-80cb-eeacd1e89d3b,2026-07-08T00:15:00Z,2026-07-08T02:15:00+0200,155.4,EUR/MWh,FR,FR,imbalance_price,Long,2026-08-05T12:06:18Z
2026-08-05T12:02:33Z,2026-08-05T14:02:33+0200,a602df8b-e77d-453c-80cb-eeacd1e89d3b,2026-07-08T00:15:00Z,2026-07-08T02:15:00+0200,170.04,EUR/MWh,FR,FR,imbalance_price,Short,2026-08-05T12:06:18Z
2026-08-05T12:02:33Z,2026-08-05T14:02:33+0200,a602df8b-e77d-453c-80cb-eeacd1e89d3b,2026-07-08T00:30:00Z,2026-07-08T02:30:00+0200,151.71,EUR/MWh,FR,FR,imbalance_price,Long,2026-08-05T12:06:18Z
2026-08-05T12:02:33Z,2026-08-05T14:02:33+0200,a602df8b-e77d-453c-80cb-eeacd1e89d3b,2026-07-08T00:30:00Z,2026-07-08T02:30:00+0200,166.01,EUR/MWh,FR,FR,imbalance_price,Short,2026-08-05T12:06:18Z
2026-08-05T12:02:33Z,2026-08-05T14:02:33+0200,a602df8b-e77d-453c-80cb-eeacd1e89d3b,2026-07-08T00:45:00Z,2026-07-08T02:45:00+0200,153.96,EUR/MWh,FR,FR,imbalance_price,Long,2026-08-05T12:06:18Z
2026-08-05T12:02:33Z,2026-08-05T14:02:33+0200,a602df8b-e77d-453c-80cb-eeacd1e89d3b,2026-07-08T00:45:00Z,2026-07-08T02:45:00+0200,168.46,EUR/MWh,FR,FR,imbalance_price,Short,2026-08-05T12:06:18Z
2026-08-05T12:02:33Z,2026-08-05T14:02:33+0200,a602df8b-e77d-453c-80cb-eeacd1e89d3b,2026-07-08T01:00:00Z,2026-07-08T03:00:00+0200,157.0,EUR/MWh,FR,FR,imbalance_price,Long,2026-08-05T12:06:18Z
2026-08-05T12:02:33Z,2026-08-05T14:02:33+0200,a602df8b-e77d-453c-80cb-eeacd1e89d3b,2026-07-08T01:00:00Z,2026-07-08T03:00:00+0200,171.8,EUR/MWh,FR,FR,imbalance_price,Short,2026-08-05T12:06:18Z
2026-08-05T12:02:33Z,2026-08-05T14:02:33+0200,a602df8b-e77d-453c-80cb-eeacd1e89d3b,2026-07-08T01:15:00Z,2026-07-08T03:15:00+0200,31.98,EUR/MWh,FR,FR,imbalance_price,Long,2026-08-05T12:06:18Z
2026-08-05T12:02:33Z,2026-08-05T14:02:33+0200,a602df8b-e77d-453c-80cb-eeacd1e89d3b,2026-07-08T01:15:00Z,2026-07-08T03:15:00+0200,35.0,EUR/MWh,FR,FR,imbalance_price,Short,2026-08-05T12:06:18Z
2026-08-05T12:02:33Z,2026-08-05T14:02:33+0200,a602df8b-e77d-453c-80cb-eeacd1e89d3b,2026-07-08T01:30:00Z,2026-07-08T03:30:00+0200,132.08,EUR/MWh,FR,FR,imbalance_price,Long,2026-08-05T12:06:18Z
2026-08-05T12:02:33Z,2026-08-05T14:02:33+0200,a602df8b-e77d-453c-80cb-eeacd1e89d3b,2026-07-08T01:30:00Z,2026-07-08T03:30:00+0200,144.52,EUR/MWh,FR,FR,imbalance_price,Short,2026-08-05T12:06:18Z
2026-08-05T12:02:33Z,2026-08-05T14:02:33+0200,a602df8b-e77d-453c-80cb-eeacd1e89d3b,2026-07-08T01:45:00Z,2026-07-08T03:45:00+0200,14.56,EUR/MWh,FR,FR,imbalance_price,Long,2026-08-05T12:06:18Z
2026-08-05T12:02:33Z,2026-08-05T14:02:33+0200,a602df8b-e77d-453c-80cb-eeacd1e89d3b,2026-07-08T01:45:00Z,2026-07-08T03:45:00+0200,15.94,EUR/MWh,FR,FR,imbalance_price,Short,2026-08-05T12:06:18Z
2026-08-05T12:02:33Z,2026-08-05T14:02:33+0200,a602df8b-e77d-453c-80cb-eeacd1e89d3b,2026-07-08T02:00:00Z,2026-07-08T04:00:00+0200,78.08,EUR/MWh,FR,FR,imbalance_price,Long,2026-08-05T12:06:18Z
2026-08-05T12:02:33Z,2026-08-05T14:02:33+0200,a602df8b-e77d-453c-80cb-eeacd1e89d3b,2026-07-08T02:00:00Z,2026-07-08T04:00:00+0200,85.44,EUR/MWh,FR,FR,imbalance_price,Short,2026-08-05T12:06:18Z
2026-08-05T12:02:33Z,2026-08-05T14:02:33+0200,a602df8b-e77d-453c-80cb-eeacd1e89d3b,2026-07-08T02:15:00Z,2026-07-08T04:15:00+0200,74.14,EUR/MWh,FR,FR,imbalance_price,Long,2026-08-05T12:06:18Z
2026-08-05T12:02:33Z,2026-08-05T14:02:33+0200,a602df8b-e77d-453c-80cb-eeacd1e89d3b,2026-07-08T02:15:00Z,2026-07-08T04:15:00+0200,81.12,EUR/MWh,FR,FR,imbalance_price,Short,2026-08-05T12:06:18Z
2026-08-05T12:02:33Z,2026-08-05T14:02:33+0200,a602df8b-e77d-453c-80cb-eeacd1e89d3b,2026-07-08T02:30:00Z,2026-07-08T04:30:00+0200,76.07,EUR/MWh,FR,FR,imbalance_price,Long,2026-08-05T12:06:18Z
2026-08-05T12:02:33Z,2026-08-05T14:02:33+0200,a602df8b-e77d-453c-80cb-eeacd1e89d3b,2026-07-08T02:30:00Z,2026-07-08T04:30:00+0200,83.23,EUR/MWh,FR,FR,imbalance_price,Short,2026-08-05T12:06:18Z
2026-08-05T12:02:33Z,2026-08-05T14:02:33+0200,a602df8b-e77d-453c-80cb-eeacd1e89d3b,2026-07-08T02:45:00Z,2026-07-08T04:45:00+0200,99.89,EUR/MWh,FR,FR,imbalance_price,Long,2026-08-05T12:06:18Z
2026-08-05T12:02:33Z,2026-08-05T14:02:33+0200,a602df8b-e77d-453c-80cb-eeacd1e89d3b,2026-07-08T02:45:00Z,2026-07-08T04:45:00+0200,109.31,EUR/MWh,FR,FR,imbalance_price,Short,2026-08-05T12:06:18Z
2026-08-05T12:02:33Z,2026-08-05T14:02:33+0200,a602df8b-e77d-453c-80cb-eeacd1e89d3b,2026-07-08T03:00:00Z,2026-07-08T05:00:00+0200,16.9,EUR/MWh,FR,FR,imbalance_price,Long,2026-08-05T12:06:18Z
2026-08-05T12:02:33Z,2026-08-05T14:02:33+0200,a602df8b-e77d-453c-80cb-eeacd1e89d3b,2026-07-08T03:00:00Z,2026-07-08T05:00:00+0200,18.5,EUR/MWh,FR,FR,imbalance_price,Short,2026-08-05T12:06:18Z
2026-08-05T12:02:33Z,2026-08-05T14:02:33+0200,a602df8b-e77d-453c-80cb-eeacd1e89d3b,2026-07-08T03:15:00Z,2026-07-08T05:15:00+0200,16.9,EUR/MWh,FR,FR,imbalance_price,Long,2026-08-05T12:06:18Z
2026-08-05T12:02:33Z,2026-08-05T14:02:33+0200,a602df8b-e77d-453c-80cb-eeacd1e89d3b,2026-07-08T03:15:00Z,2026-07-08T05:15:00+0200,18.5,EUR/MWh,FR,FR,imbalance_price,Short,2026-08-05T12:06:18Z
2026-08-05T12:02:33Z,2026-08-05T14:02:33+0200,a602df8b-e77d-453c-80cb-eeacd1e89d3b,2026-07-08T03:30:00Z,2026-07-08T05:30:00+0200,38.2,EUR/MWh,FR,FR,imbalance_price,Long,2026-08-05T12:06:18Z
2026-08-05T12:02:33Z,2026-08-05T14:02:33+0200,a602df8b-e77d-453c-80cb-eeacd1e89d3b,2026-07-08T03:30:00Z,2026-07-08T05:30:00+0200,41.8,EUR/MWh,FR,FR,imbalance_price,Short,2026-08-05T12:06:18Z
2026-08-05T12:02:33Z,2026-08-05T14:02:33+0200,a602df8b-e77d-453c-80cb-eeacd1e89d3b,2026-07-08T03:45:00Z,2026-07-08T05:45:00+0200,38.2,EUR/MWh,FR,FR,imbalance_price,Long,2026-08-05T12:06:18Z
2026-08-05T12:02:33Z,2026-08-05T14:02:33+0200,a602df8b-e77d-453c-80cb-eeacd1e89d3b,2026-07-08T03:45:00Z,2026-07-08T05:45:00+0200,41.8,EUR/MWh,FR,FR,imbalance_price,Short,2026-08-05T12:06:18Z
2026-08-05T12:02:33Z,2026-08-05T14:02:33+0200,a602df8b-e77d-453c-80cb-eeacd1e89d3b,2026-07-08T04:00:00Z,2026-07-08T06:00:00+0200,147.01,EUR/MWh,FR,FR,imbalance_price,Long,2026-08-05T12:06:18Z
2026-08-05T12:02:33Z,2026-08-05T14:02:33+0200,a602df8b-e77d-453c-80cb-eeacd1e89d3b,2026-07-08T04:00:00Z,2026-07-08T06:00:00+0200,160.87,EUR/MWh,FR,FR,imbalance_price,Short,2026-08-05T12:06:18Z
2026-08-05T12:02:33Z,2026-08-05T14:02:33+0200,a602df8b-e77d-453c-80cb-eeacd1e89d3b,2026-07-08T04:15:00Z,2026-07-08T06:15:00+0200,135.18,EUR/MWh,FR,FR,imbalance_price,Long,2026-08-05T12:06:18Z
2026-08-05T12:02:33Z,2026-08-05T14:02:33+0200,a602df8b-e77d-453c-80cb-eeacd1e89d3b,2026-07-08T04:15:00Z,2026-07-08T06:15:00+0200,147.92,EUR/MWh,FR,FR,imbalance_price,Short,2026-08-05T12:06:18Z
2026-08-05T12:02:33Z,2026-08-05T14:02:33+0200,a602df8b-e77d-453c-80cb-eeacd1e89d3b,2026-07-08T04:30:00Z,2026-07-08T06:30:00+0200,120.98,EUR/MWh,FR,FR,imbalance_price,Long,2026-08-05T12:06:18Z
2026-08-05T12:02:33Z,2026-08-05T14:02:33+0200,a602df8b-e77d-453c-80cb-eeacd1e89d3b,2026-07-08T04:30:00Z,2026-07-08T06:30:00+0200,132.38,EUR/MWh,FR,FR,imbalance_price,Short,2026-08-05T12:06:18Z
2026-08-05T12:02:33Z,2026-08-05T14:02:33+0200,a602df8b-e77d-453c-80cb-eeacd1e89d3b,2026-07-08T04:45:00Z,2026-07-08T06:45:00+0200,93.69,EUR/MWh,FR,FR,imbalance_price,Long,2026-08-05T12:06:18Z
2026-08-05T12:02:33Z,2026-08-05T14:02:33+0200,a602df8b-e77d-453c-80cb-eeacd1e89d3b,2026-07-08T04:45:00Z,2026-07-08T06:45:00+0200,102.51,EUR/MWh,FR,FR,imbalance_price,Short,2026-08-05T12:06:18Z
2026-08-05T12:02:33Z,2026-08-05T14:02:33+0200,a602df8b-e77d-453c-80cb-eeacd1e89d3b,2026-07-08T05:00:00Z,2026-07-08T07:00:00+0200,127.7,EUR/MWh,FR,FR,imbalance_price,Long,2026-08-05T12:06:18Z
2026-08-05T12:02:33Z,2026-08-05T14:02:33+0200,a602df8b-e77d-453c-80cb-eeacd1e89d3b,2026-07-08T05:00:00Z,2026-07-08T07:00:00+0200,139.74,EUR/MWh,FR,FR,imbalance_price,Short,2026-08-05T12:06:18Z
2026-08-05T12:02:33Z,2026-08-05T14:02:33+0200,a602df8b-e77d-453c-80cb-eeacd1e89d3b,2026-07-08T05:15:00Z,2026-07-08T07:15:00+0200,121.49,EUR/MWh,FR,FR,imbalance_price,Long,2026-08-05T12:06:18Z
2026-08-05T12:02:33Z,2026-08-05T14:02:33+0200,a602df8b-e77d-453c-80cb-eeacd1e89d3b,2026-07-08T05:15:00Z,2026-07-08T07:15:00+0200,132.93,EUR/MWh,FR,FR,imbalance_price,Short,2026-08-05T12:06:18Z
2026-08-05T12:02:33Z,2026-08-05T14:02:33+0200,a602df8b-e77d-453c-80cb-eeacd1e89d3b,2026-07-08T05:30:00Z,2026-07-08T07:30:00+0200,128.03,EUR/MWh,FR,FR,imbalance_price,Long,2026-08-05T12:06:18Z
2026-08-05T12:02:33Z,2026-08-05T14:02:33+0200,a602df8b-e77d-453c-80cb-eeacd1e89d3b,2026-07-08T05:30:00Z,2026-07-08T07:30:00+0200,140.09,EUR/MWh,FR,FR,imbalance_price,Short,2026-08-05T12:06:18Z
2026-08-05T12:02:33Z,2026-08-05T14:02:33+0200,a602df8b-e77d-453c-80cb-eeacd1e89d3b,2026-07-08T05:45:00Z,2026-07-08T07:45:00+0200,119.19,EUR/MWh,FR,FR,imbalance_price,Long,2026-08-05T12:06:18Z
2026-08-05T12:02:33Z,2026-08-05T14:02:33+0200,a602df8b-e77d-453c-80cb-eeacd1e89d3b,2026-07-08T05:45:00Z,2026-07-08T07:45:00+0200,130.43,EUR/MWh,FR,FR,imbalance_price,Short,2026-08-05T12:06:18Z
2026-08-05T12:02:33Z,2026-08-05T14:02:33+0200,a602df8b-e77d-453c-80cb-eeacd1e89d3b,2026-07-08T06:00:00Z,2026-07-08T08:00:00+0200,112.23,EUR/MWh,FR,FR,imbalance_price,Long,2026-08-05T12:06:18Z
2026-08-05T12:02:33Z,2026-08-05T14:02:33+0200,a602df8b-e77d-453c-80cb-eeacd1e89d3b,2026-07-08T06:00:00Z,2026-07-08T08:00:00+0200,122.81,EUR/MWh,FR,FR,imbalance_price,Short,2026-08-05T12:06:18Z
2026-08-05T12:02:33Z,2026-08-05T14:02:33+0200,a602df8b-e77d-453c-80cb-eeacd1e89d3b,2026-07-08T06:15:00Z,2026-07-08T08:15:00+0200,105.69,EUR/MWh,FR,FR,imbalance_price,Long,2026-08-05T12:06:18Z
2026-08-05T12:02:33Z,2026-08-05T14:02:33+0200,a602df8b-e77d-453c-80cb-eeacd1e89d3b,2026-07-08T06:15:00Z,2026-07-08T08:15:00+0200,115.65,EUR/MWh,FR,FR,imbalance_price,Short,2026-08-05T12:06:18Z
2026-08-05T12:02:33Z,2026-08-05T14:02:33+0200,a602df8b-e77d-453c-80cb-eeacd1e89d3b,2026-07-08T06:30:00Z,2026-07-08T08:30:00+0200,113.67,EUR/MWh,FR,FR,imbalance_price,Long,2026-08-05T12:06:18Z
2026-08-05T12:02:33Z,2026-08-05T14:02:33+0200,a602df8b-e77d-453c-80cb-eeacd1e89d3b,2026-07-08T06:30:00Z,2026-07-08T08:30:00+0200,124.39,EUR/MWh,FR,FR,imbalance_price,Short,2026-08-05T12:06:18Z
2026-08-05T12:02:33Z,2026-08-05T14:02:33+0200,a602df8b-e77d-453c-80cb-eeacd1e89d3b,2026-07-08T06:45:00Z,2026-07-08T08:45:00+0200,142.04,EUR/MWh,FR,FR,imbalance_price,Long,2026-08-05T12:06:18Z
2026-08-05T12:02:33Z,2026-08-05T14:02:33+0200,a602df8b-e77d-453c-80cb-eeacd1e89d3b,2026-07-08T06:45:00Z,2026-07-08T08:45:00+0200,155.42,EUR/MWh,FR,FR,imbalance_price,Short,2026-08-05T12:06:18Z
2026-08-05T12:02:33Z,2026-08-05T14:02:33+0200,a602df8b-e77d-453c-80cb-eeacd1e89d3b,2026-07-08T07:00:00Z,2026-07-08T09:00:00+0200,160.93,EUR/MWh,FR,FR,imbalance_price,Long,2026-08-05T12:06:18Z
2026-08-05T12:02:33Z,2026-08-05T14:02:33+0200,a602df8b-e77d-453c-80cb-eeacd1e89d3b,2026-07-08T07:00:00Z,2026-07-08T09:00:00+0200,176.09,EUR/MWh,FR,FR,imbalance_price,Short,2026-08-05T12:06:18Z
2026-08-05T12:02:33Z,2026-08-05T14:02:33+0200,a602df8b-e77d-453c-80cb-eeacd1e89d3b,2026-07-08T07:15:00Z,2026-07-08T09:15:00+0200,162.1,EUR/MWh,FR,FR,imbalance_price,Long,2026-08-05T12:06:18Z
2026-08-05T12:02:33Z,2026-08-05T14:02:33+0200,a602df8b-e77d-453c-80cb-eeacd1e89d3b,2026-07-08T07:15:00Z,2026-07-08T09:15:00+0200,177.38,EUR/MWh,FR,FR,imbalance_price,Short,2026-08-05T12:06:18Z
2026-08-05T12:02:33Z,2026-08-05T14:02:33+0200,a602df8b-e77d-453c-80cb-eeacd1e89d3b,2026-07-08T07:30:00Z,2026-07-08T09:30:00+0200,165.98,EUR/MWh,FR,FR,imbalance_price,Long,2026-08-05T12:06:18Z
2026-08-05T12:02:33Z,2026-08-05T14:02:33+0200,a602df8b-e77d-453c-80cb-eeacd1e89d3b,2026-07-08T07:30:00Z,2026-07-08T09:30:00+0200,181.62,EUR/MWh,FR,FR,imbalance_price,Short,2026-08-05T12:06:18Z
2026-08-05T12:02:33Z,2026-08-05T14:02:33+0200,a602df8b-e77d-453c-80cb-eeacd1e89d3b,2026-07-08T07:45:00Z,2026-07-08T09:45:00+0200,165.12,EUR/MWh,FR,FR,imbalance_price,Long,2026-08-05T12:06:18Z
2026-08-05T12:02:33Z,2026-08-05T14:02:33+0200,a602df8b-e77d-453c-80cb-eeacd1e89d3b,2026-07-08T07:45:00Z,2026-07-08T09:45:00+0200,180.68,EUR/MWh,FR,FR,imbalance_price,Short,2026-08-05T12:06:18Z
2026-08-05T12:02:33Z,2026-08-05T14:02:33+0200,a602df8b-e77d-453c-80cb-eeacd1e89d3b,2026-07-08T08:00:00Z,2026-07-08T10:00:00+0200,66.51,EUR/MWh,FR,FR,imbalance_price,Long,2026-08-05T12:06:18Z
2026-08-05T12:02:33Z,2026-08-05T14:02:33+0200,a602df8b-e77d-453c-80cb-eeacd1e89d3b,2026-07-08T08:00:00Z,2026-07-08T10:00:00+0200,72.77,EUR/MWh,FR,FR,imbalance_price,Short,2026-08-05T12:06:18Z
2026-08-05T12:02:33Z,2026-08-05T14:02:33+0200,a602df8b-e77d-453c-80cb-eeacd1e89d3b,2026-07-08T08:15:00Z,2026-07-08T10:15:00+0200,55.13,EUR/MWh,FR,FR,imbalance_price,Long,2026-08-05T12:06:18Z
2026-08-05T12:02:33Z,2026-08-05T14:02:33+0200,a602df8b-e77d-453c-80cb-eeacd1e89d3b,2026-07-08T08:15:00Z,2026-07-08T10:15:00+0200,60.33,EUR/MWh,FR,FR,imbalance_price,Short,2026-08-05T12:06:18Z
2026-08-05T12:02:33Z,2026-08-05T14:02:33+0200,a602df8b-e77d-453c-80cb-eeacd1e89d3b,2026-07-08T08:30:00Z,2026-07-08T10:30:00+0200,-118.3,EUR/MWh,FR,FR,imbalance_price,Long,2026-08-05T12:06:18Z
2026-08-05T12:02:33Z,2026-08-05T14:02:33+0200,a602df8b-e77d-453c-80cb-eeacd1e89d3b,2026-07-08T08:30:00Z,2026-07-08T10:30:00+0200,-108.12,EUR/MWh,FR,FR,imbalance_price,Short,2026-08-05T12:06:18Z
2026-08-05T12:02:33Z,2026-08-05T14:02:33+0200,a602df8b-e77d-453c-80cb-eeacd1e89d3b,2026-07-08T08:45:00Z,2026-07-08T10:45:00+0200,-170.55,EUR/MWh,FR,FR,imbalance_price,Long,2026-08-05T12:06:18Z
2026-08-05T12:02:33Z,2026-08-05T14:02:33+0200,a602df8b-e77d-453c-80cb-eeacd1e89d3b,2026-07-08T08:45:00Z,2026-07-08T10:45:00+0200,-155.87,EUR/MWh,FR,FR,imbalance_price,Short,2026-08-05T12:06:18Z
2026-08-05T12:02:33Z,2026-08-05T14:02:33+0200,a602df8b-e77d-453c-80cb-eeacd1e89d3b,2026-07-08T09:00:00Z,2026-07-08T11:00:00+0200,-257.69,EUR/MWh,FR,FR,imbalance_price,Long,2026-08-05T12:06:18Z
2026-08-05T12:02:33Z,2026-08-05T14:02:33+0200,a602df8b-e77d-453c-80cb-eeacd1e89d3b,2026-07-08T09:00:00Z,2026-07-08T11:00:00+0200,-235.49,EUR/MWh,FR,FR,imbalance_price,Short,2026-08-05T12:06:18Z
2026-08-05T12:02:33Z,2026-08-05T14:02:33+0200,a602df8b-e77d-453c-80cb-eeacd1e89d3b,2026-07-08T09:15:00Z,2026-07-08T11:15:00+0200,-73.11,EUR/MWh,FR,FR,imbalance_price,Long,2026-08-05T12:06:18Z
2026-08-05T12:02:33Z,2026-08-05T14:02:33+0200,a602df8b-e77d-453c-80cb-eeacd1e89d3b,2026-07-08T09:15:00Z,2026-07-08T11:15:00+0200,-66.81,EUR/MWh,FR,FR,imbalance_price,Short,2026-08-05T12:06:18Z
2026-08-05T12:02:33Z,2026-08-05T14:02:33+0200,a602df8b-e77d-453c-80cb-eeacd1e89d3b,2026-07-08T09:30:00Z,2026-07-08T11:30:00+0200,-297.12,EUR/MWh,FR,FR,imbalance_price,Long,2026-08-05T12:06:18Z
2026-08-05T12:02:33Z,2026-08-05T14:02:33+0200,a602df8b-e77d-453c-80cb-eeacd1e89d3b,2026-07-08T09:30:00Z,2026-07-08T11:30:00+0200,-271.54,EUR/MWh,FR,FR,imbalance_price,Short,2026-08-05T12:06:18Z
2026-08-05T12:02:33Z,2026-08-05T14:02:33+0200,a602df8b-e77d-453c-80cb-eeacd1e89d3b,2026-07-08T09:45:00Z,2026-07-08T11:45:00+0200,-295.99,EUR/MWh,FR,FR,imbalance_price,Long,2026-08-05T12:06:18Z
2026-08-05T12:02:33Z,2026-08-05T14:02:33+0200,a602df8b-e77d-453c-80cb-eeacd1e89d3b,2026-07-08T09:45:00Z,2026-07-08T11:45:00+0200,-270.49,EUR/MWh,FR,FR,imbalance_price,Short,2026-08-05T12:06:18Z
2026-08-05T12:02:33Z,2026-08-05T14:02:33+0200,a602df8b-e77d-453c-80cb-eeacd1e89d3b,2026-07-08T10:00:00Z,2026-07-08T12:00:00+0200,-76.39,EUR/MWh,FR,FR,imbalance_price,Long,2026-08-05T12:06:18Z
2026-08-05T12:02:33Z,2026-08-05T14:02:33+0200,a602df8b-e77d-453c-80cb-eeacd1e89d3b,2026-07-08T10:00:00Z,2026-07-08T12:00:00+0200,-69.81,EUR/MWh,FR,FR,imbalance_price,Short,2026-08-05T12:06:18Z
2026-08-05T12:02:33Z,2026-08-05T14:02:33+0200,a602df8b-e77d-453c-80cb-eeacd1e89d3b,2026-07-08T10:15:00Z,2026-07-08T12:15:00+0200,56.43,EUR/MWh,FR,FR,imbalance_price,Long,2026-08-05T12:06:18Z
2026-08-05T12:02:33Z,2026-08-05T14:02:33+0200,a602df8b-e77d-453c-80cb-eeacd1e89d3b,2026-07-08T10:15:00Z,2026-07-08T12:15:00+0200,61.75,EUR/MWh,FR,FR,imbalance_price,Short,2026-08-05T12:06:18Z
2026-08-05T12:02:33Z,2026-08-05T14:02:33+0200,a602df8b-e77d-453c-80cb-eeacd1e89d3b,2026-07-08T10:30:00Z,2026-07-08T12:30:00+0200,41.01,EUR/MWh,FR,FR,imbalance_price,Long,2026-08-05T12:06:18Z
2026-08-05T12:02:33Z,2026-08-05T14:02:33+0200,a602df8b-e77d-453c-80cb-eeacd1e89d3b,2026-07-08T10:30:00Z,2026-07-08T12:30:00+0200,44.87,EUR/MWh,FR,FR,imbalance_price,Short,2026-08-05T12:06:18Z
2026-08-05T12:02:33Z,2026-08-05T14:02:33+0200,a602df8b-e77d-453c-80cb-eeacd1e89d3b,2026-07-08T10:45:00Z,2026-07-08T12:45:00+0200,57.28,EUR/MWh,FR,FR,imbalance_price,Long,2026-08-05T12:06:18Z
2026-08-05T12:02:33Z,2026-08-05T14:02:33+0200,a602df8b-e77d-453c-80cb-eeacd1e89d3b,2026-07-08T10:45:00Z,2026-07-08T12:45:00+0200,62.68,EUR/MWh,FR,FR,imbalance_price,Short,2026-08-05T12:06:18Z
2026-08-05T12:02:33Z,2026-08-05T14:02:33+0200,a602df8b-e77d-453c-80cb-eeacd1e89d3b,2026-07-08T11:00:00Z,2026-07-08T13:00:00+0200,9.55,EUR/MWh,FR,FR,imbalance_price,Long,2026-08-05T12:06:18Z
2026-08-05T12:02:33Z,2026-08-05T14:02:33+0200,a602df8b-e77d-453c-80cb-eeacd1e89d3b,2026-07-08T11:00:00Z,2026-07-08T13:00:00+0200,10.45,EUR/MWh,FR,FR,imbalance_price,Short,2026-08-05T12:06:18Z
2026-08-05T12:02:33Z,2026-08-05T14:02:33+0200,a602df8b-e77d-453c-80cb-eeacd1e89d3b,2026-07-08T11:15:00Z,2026-07-08T13:15:00+0200,54.59,EUR/MWh,FR,FR,imbalance_price,Long,2026-08-05T12:06:18Z
2026-08-05T12:02:33Z,2026-08-05T14:02:33+0200,a602df8b-e77d-453c-80cb-eeacd1e89d3b,2026-07-08T11:15:00Z,2026-07-08T13:15:00+0200,59.73,EUR/MWh,FR,FR,imbalance_price,Short,2026-08-05T12:06:18Z
2026-08-05T12:02:33Z,2026-08-05T14:02:33+0200,a602df8b-e77d-453c-80cb-eeacd1e89d3b,2026-07-08T11:30:00Z,2026-07-08T13:30:00+0200,0.0,EUR/MWh,FR,FR,imbalance_price,Long,2026-08-05T12:06:18Z
2026-08-05T12:02:33Z,2026-08-05T14:02:33+0200,a602df8b-e77d-453c-80cb-eeacd1e89d3b,2026-07-08T11:30:00Z,2026-07-08T13:30:00+0200,0.0,EUR/MWh,FR,FR,imbalance_price,Short,2026-08-05T12:06:18Z
2026-08-05T12:02:33Z,2026-08-05T14:02:33+0200,a602df8b-e77d-453c-80cb-eeacd1e89d3b,2026-07-08T11:45:00Z,2026-07-08T13:45:00+0200,0.0,EUR/MWh,FR,FR,imbalance_price,Long,2026-08-05T12:06:18Z
2026-08-05T12:02:33Z,2026-08-05T14:02:33+0200,a602df8b-e77d-453c-80cb-eeacd1e89d3b,2026-07-08T11:45:00Z,2026-07-08T13:45:00+0200,0.0,EUR/MWh,FR,FR,imbalance_price,Short,2026-08-05T12:06:18Z
2026-08-05T12:02:33Z,2026-08-05T14:02:33+0200,a602df8b-e77d-453c-80cb-eeacd1e89d3b,2026-07-08T12:00:00Z,2026-07-08T14:00:00+0200,0.0,EUR/MWh,FR,FR,imbalance_price,Long,2026-08-05T12:06:18Z
2026-08-05T12:02:33Z,2026-08-05T14:02:33+0200,a602df8b-e77d-453c-80cb-eeacd1e89d3b,2026-07-08T12:00:00Z,2026-07-08T14:00:00+0200,0.0,EUR/MWh,FR,FR,imbalance_price,Short,2026-08-05T12:06:18Z
2026-08-05T12:02:33Z,2026-08-05T14:02:33+0200,a602df8b-e77d-453c-80cb-eeacd1e89d3b,2026-07-08T12:15:00Z,2026-07-08T14:15:00+0200,0.0,EUR/MWh,FR,FR,imbalance_price,Long,2026-08-05T12:06:18Z
2026-08-05T12:02:33Z,2026-08-05T14:02:33+0200,a602df8b-e77d-453c-80cb-eeacd1e89d3b,2026-07-08T12:15:00Z,2026-07-08T14:15:00+0200,0.0,EUR/MWh,FR,FR,imbalance_price,Short,2026-08-05T12:06:18Z
2026-08-05T12:02:33Z,2026-08-05T14:02:33+0200,a602df8b-e77d-453c-80cb-eeacd1e89d3b,2026-07-08T12:30:00Z,2026-07-08T14:30:00+0200,0.0,EUR/MWh,FR,FR,imbalance_price,Long,2026-08-05T12:06:18Z
2026-08-05T12:02:33Z,2026-08-05T14:02:33+0200,a602df8b-e77d-453c-80cb-eeacd1e89d3b,2026-07-08T12:30:00Z,2026-07-08T14:30:00+0200,0.0,EUR/MWh,FR,FR,imbalance_price,Short,2026-08-05T12:06:18Z
2026-08-05T12:02:33Z,2026-08-05T14:02:33+0200,a602df8b-e77d-453c-80cb-eeacd1e89d3b,2026-07-08T12:45:00Z,2026-07-08T14:45:00+0200,0.0,EUR/MWh,FR,FR,imbalance_price,Long,2026-08-05T12:06:18Z
2026-08-05T12:02:33Z,2026-08-05T14:02:33+0200,a602df8b-e77d-453c-80cb-eeacd1e89d3b,2026-07-08T12:45:00Z,2026-07-08T14:45:00+0200,0.0,EUR/MWh,FR,FR,imbalance_price,Short,2026-08-05T12:06:18Z
2026-08-05T12:02:33Z,2026-08-05T14:02:33+0200,a602df8b-e77d-453c-80cb-eeacd1e89d3b,2026-07-08T13:00:00Z,2026-07-08T15:00:00+0200,0.0,EUR/MWh,FR,FR,imbalance_price,Long,2026-08-05T12:06:18Z
2026-08-05T12:02:33Z,2026-08-05T14:02:33+0200,a602df8b-e77d-453c-80cb-eeacd1e89d3b,2026-07-08T13:00:00Z,2026-07-08T15:00:00+0200,0.0,EUR/MWh,FR,FR,imbalance_price,Short,2026-08-05T12:06:18Z
2026-08-05T12:02:33Z,2026-08-05T14:02:33+0200,a602df8b-e77d-453c-80cb-eeacd1e89d3b,2026-07-08T13:15:00Z,2026-07-08T15:15:00+0200,0.0,EUR/MWh,FR,FR,imbalance_price,Long,2026-08-05T12:06:18Z
2026-08-05T12:02:33Z,2026-08-05T14:02:33+0200,a602df8b-e77d-453c-80cb-eeacd1e89d3b,2026-07-08T13:15:00Z,2026-07-08T15:15:00+0200,0.0,EUR/MWh,FR,FR,imbalance_price,Short,2026-08-05T12:06:18Z
2026-08-05T12:02:33Z,2026-08-05T14:02:33+0200,a602df8b-e77d-453c-80cb-eeacd1e89d3b,2026-07-08T13:30:00Z,2026-07-08T15:30:00+0200,0.0,EUR/MWh,FR,FR,imbalance_price,Long,2026-08-05T12:06:18Z
2026-08-05T12:02:33Z,2026-08-05T14:02:33+0200,a602df8b-e77d-453c-80cb-eeacd1e89d3b,2026-07-08T13:30:00Z,2026-07-08T15:30:00+0200,0.0,EUR/MWh,FR,FR,imbalance_price,Short,2026-08-05T12:06:18Z
2026-08-05T12:02:33Z,2026-08-05T14:02:33+0200,a602df8b-e77d-453c-80cb-eeacd1e89d3b,2026-07-08T13:45:00Z,2026-07-08T15:45:00+0200,-170.5,EUR/MWh,FR,FR,imbalance_price,Long,2026-08-05T12:06:18Z
2026-08-05T12:02:33Z,2026-08-05T14:02:33+0200,a602df8b-e77d-453c-80cb-eeacd1e89d3b,2026-07-08T13:45:00Z,2026-07-08T15:45:00+0200,-155.82,EUR/MWh,FR,FR,imbalance_price,Short,2026-08-05T12:06:18Z
2026-08-05T12:02:33Z,2026-08-05T14:02:33+0200,a602df8b-e77d-453c-80cb-eeacd1e89d3b,2026-07-08T14:00:00Z,2026-07-08T16:00:00+0200,-12.5,EUR/MWh,FR,FR,imbalance_price,Long,2026-08-05T12:06:18Z
2026-08-05T12:02:33Z,2026-08-05T14:02:33+0200,a602df8b-e77d-453c-80cb-eeacd1e89d3b,2026-07-08T14:00:00Z,2026-07-08T16:00:00+0200,-11.42,EUR/MWh,FR,FR,imbalance_price,Short,2026-08-05T12:06:18Z
2026-08-05T12:02:33Z,2026-08-05T14:02:33+0200,a602df8b-e77d-453c-80cb-eeacd1e89d3b,2026-07-08T14:15:00Z,2026-07-08T16:15:00+0200,38.24,EUR/MWh,FR,FR,imbalance_price,Long,2026-08-05T12:06:18Z
2026-08-05T12:02:33Z,2026-08-05T14:02:33+0200,a602df8b-e77d-453c-80cb-eeacd1e89d3b,2026-07-08T14:15:00Z,2026-07-08T16:15:00+0200,41.84,EUR/MWh,FR,FR,imbalance_price,Short,2026-08-05T12:06:18Z
2026-08-05T12:02:33Z,2026-08-05T14:02:33+0200,a602df8b-e77d-453c-80cb-eeacd1e89d3b,2026-07-08T14:30:00Z,2026-07-08T16:30:00+0200,38.0,EUR/MWh,FR,FR,imbalance_price,Long,2026-08-05T12:06:18Z
2026-08-05T12:02:33Z,2026-08-05T14:02:33+0200,a602df8b-e77d-453c-80cb-eeacd1e89d3b,2026-07-08T14:30:00Z,2026-07-08T16:30:00+0200,41.58,EUR/MWh,FR,FR,imbalance_price,Short,2026-08-05T12:06:18Z
2026-08-05T12:02:33Z,2026-08-05T14:02:33+0200,a602df8b-e77d-453c-80cb-eeacd1e89d3b,2026-07-08T14:45:00Z,2026-07-08T16:45:00+0200,17.96,EUR/MWh,FR,FR,imbalance_price,Long,2026-08-05T12:06:18Z
2026-08-05T12:02:33Z,2026-08-05T14:02:33+0200,a602df8b-e77d-453c-80cb-eeacd1e89d3b,2026-07-08T14:45:00Z,2026-07-08T16:45:00+0200,19.66,EUR/MWh,FR,FR,imbalance_price,Short,2026-08-05T12:06:18Z
2026-08-05T12:02:33Z,2026-08-05T14:02:33+0200,a602df8b-e77d-453c-80cb-eeacd1e89d3b,2026-07-08T15:00:00Z,2026-07-08T17:00:00+0200,27.86,EUR/MWh,FR,FR,imbalance_price,Long,2026-08-05T12:06:18Z
2026-08-05T12:02:33Z,2026-08-05T14:02:33+0200,a602df8b-e77d-453c-80cb-eeacd1e89d3b,2026-07-08T15:00:00Z,2026-07-08T17:00:00+0200,30.48,EUR/MWh,FR,FR,imbalance_price,Short,2026-08-05T12:06:18Z
2026-08-05T12:02:33Z,2026-08-05T14:02:33+0200,a602df8b-e77d-453c-80cb-eeacd1e89d3b,2026-07-08T15:15:00Z,2026-07-08T17:15:00+0200,44.92,EUR/MWh,FR,FR,imbalance_price,Long,2026-08-05T12:06:18Z
2026-08-05T12:02:33Z,2026-08-05T14:02:33+0200,a602df8b-e77d-453c-80cb-eeacd1e89d3b,2026-07-08T15:15:00Z,2026-07-08T17:15:00+0200,49.16,EUR/MWh,FR,FR,imbalance_price,Short,2026-08-05T12:06:18Z
2026-08-05T12:02:33Z,2026-08-05T14:02:33+0200,a602df8b-e77d-453c-80cb-eeacd1e89d3b,2026-07-08T15:30:00Z,2026-07-08T17:30:00+0200,125.77,EUR/MWh,FR,FR,imbalance_price,Long,2026-08-05T12:06:18Z
2026-08-05T12:02:33Z,2026-08-05T14:02:33+0200,a602df8b-e77d-453c-80cb-eeacd1e89d3b,2026-07-08T15:30:00Z,2026-07-08T17:30:00+0200,137.63,EUR/MWh,FR,FR,imbalance_price,Short,2026-08-05T12:06:18Z
2026-08-05T12:02:33Z,2026-08-05T14:02:33+0200,a602df8b-e77d-453c-80cb-eeacd1e89d3b,2026-07-08T15:45:00Z,2026-07-08T17:45:00+0200,148.92,EUR/MWh,FR,FR,imbalance_price,Long,2026-08-05T12:06:18Z
2026-08-05T12:02:33Z,2026-08-05T14:02:33+0200,a602df8b-e77d-453c-80cb-eeacd1e89d3b,2026-07-08T15:45:00Z,2026-07-08T17:45:00+0200,162.96,EUR/MWh,FR,FR,imbalance_price,Short,2026-08-05T12:06:18Z
2026-08-05T12:02:33Z,2026-08-05T14:02:33+0200,a602df8b-e77d-453c-80cb-eeacd1e89d3b,2026-07-08T16:00:00Z,2026-07-08T18:00:00+0200,108.35,EUR/MWh,FR,FR,imbalance_price,Long,2026-08-05T12:06:18Z
2026-08-05T12:02:33Z,2026-08-05T14:02:33+0200,a602df8b-e77d-453c-80cb-eeacd1e89d3b,2026-07-08T16:00:00Z,2026-07-08T18:00:00+0200,118.57,EUR/MWh,FR,FR,imbalance_price,Short,2026-08-05T12:06:18Z
2026-08-05T12:02:33Z,2026-08-05T14:02:33+0200,a602df8b-e77d-453c-80cb-eeacd1e89d3b,2026-07-08T16:15:00Z,2026-07-08T18:15:00+0200,115.29,EUR/MWh,FR,FR,imbalance_price,Long,2026-08-05T12:06:18Z
2026-08-05T12:02:33Z,2026-08-05T14:02:33+0200,a602df8b-e77d-453c-80cb-eeacd1e89d3b,2026-07-08T16:15:00Z,2026-07-08T18:15:00+0200,126.15,EUR/MWh,FR,FR,imbalance_price,Short,2026-08-05T12:06:18Z
2026-08-05T12:02:33Z,2026-08-05T14:02:33+0200,a602df8b-e77d-453c-80cb-eeacd1e89d3b,2026-07-08T16:30:00Z,2026-07-08T18:30:00+0200,114.33,EUR/MWh,FR,FR,imbalance_price,Long,2026-08-05T12:06:18Z
2026-08-05T12:02:33Z,2026-08-05T14:02:33+0200,a602df8b-e77d-453c-80cb-eeacd1e89d3b,2026-07-08T16:30:00Z,2026-07-08T18:30:00+0200,125.11,EUR/MWh,FR,FR,imbalance_price,Short,2026-08-05T12:06:18Z
2026-08-05T12:02:33Z,2026-08-05T14:02:33+0200,a602df8b-e77d-453c-80cb-eeacd1e89d3b,2026-07-08T16:45:00Z,2026-07-08T18:45:00+0200,125.17,EUR/MWh,FR,FR,imbalance_price,Long,2026-08-05T12:06:18Z
2026-08-05T12:02:33Z,2026-08-05T14:02:33+0200,a602df8b-e77d-453c-80cb-eeacd1e89d3b,2026-07-08T16:45:00Z,2026-07-08T18:45:00+0200,136.97,EUR/MWh,FR,FR,imbalance_price,Short,2026-08-05T12:06:18Z
2026-08-05T12:02:33Z,2026-08-05T14:02:33+0200,a602df8b-e77d-453c-80cb-eeacd1e89d3b,2026-07-08T17:00:00Z,2026-07-08T19:00:00+0200,127.81,EUR/MWh,FR,FR,imbalance_price,Long,2026-08-05T12:06:18Z
2026-08-05T12:02:33Z,2026-08-05T14:02:33+0200,a602df8b-e77d-453c-80cb-eeacd1e89d3b,2026-07-08T17:00:00Z,2026-07-08T19:00:00+0200,139.85,EUR/MWh,FR,FR,imbalance_price,Short,2026-08-05T12:06:18Z
2026-08-05T12:02:33Z,2026-08-05T14:02:33+0200,a602df8b-e77d-453c-80cb-eeacd1e89d3b,2026-07-08T17:15:00Z,2026-07-08T19:15:00+0200,180.81,EUR/MWh,FR,FR,imbalance_price,Long,2026-08-05T12:06:18Z
2026-08-05T12:02:33Z,2026-08-05T14:02:33+0200,a602df8b-e77d-453c-80cb-eeacd1e89d3b,2026-07-08T17:15:00Z,2026-07-08T19:15:00+0200,197.85,EUR/MWh,FR,FR,imbalance_price,Short,2026-08-05T12:06:18Z
2026-08-05T12:02:33Z,2026-08-05T14:02:33+0200,a602df8b-e77d-453c-80cb-eeacd1e89d3b,2026-07-08T17:30:00Z,2026-07-08T19:30:00+0200,227.92,EUR/MWh,FR,FR,imbalance_price,Long,2026-08-05T12:06:18Z
2026-08-05T12:02:33Z,2026-08-05T14:02:33+0200,a602df8b-e77d-453c-80cb-eeacd1e89d3b,2026-07-08T17:30:00Z,2026-07-08T19:30:00+0200,249.4,EUR/MWh,FR,FR,imbalance_price,Short,2026-08-05T12:06:18Z
2026-08-05T12:02:33Z,2026-08-05T14:02:33+0200,a602df8b-e77d-453c-80cb-eeacd1e89d3b,2026-07-08T17:45:00Z,2026-07-08T19:45:00+0200,207.69,EUR/MWh,FR,FR,imbalance_price,Long,2026-08-05T12:06:18Z
2026-08-05T12:02:33Z,2026-08-05T14:02:33+0200,a602df8b-e77d-453c-80cb-eeacd1e89d3b,2026-07-08T17:45:00Z,2026-07-08T19:45:00+0200,227.27,EUR/MWh,FR,FR,imbalance_price,Short,2026-08-05T12:06:18Z
2026-08-05T12:02:33Z,2026-08-05T14:02:33+0200,a602df8b-e77d-453c-80cb-eeacd1e89d3b,2026-07-08T18:00:00Z,2026-07-08T20:00:00+0200,211.21,EUR/MWh,FR,FR,imbalance_price,Long,2026-08-05T12:06:18Z
2026-08-05T12:02:33Z,2026-08-05T14:02:33+0200,a602df8b-e77d-453c-80cb-eeacd1e89d3b,2026-07-08T18:00:00Z,2026-07-08T20:00:00+0200,231.11,EUR/MWh,FR,FR,imbalance_price,Short,2026-08-05T12:06:18Z
2026-08-05T12:02:33Z,2026-08-05T14:02:33+0200,a602df8b-e77d-453c-80cb-eeacd1e89d3b,2026-07-08T18:15:00Z,2026-07-08T20:15:00+0200,211.0,EUR/MWh,FR,FR,imbalance_price,Long,2026-08-05T12:06:18Z
2026-08-05T12:02:33Z,2026-08-05T14:02:33+0200,a602df8b-e77d-453c-80cb-eeacd1e89d3b,2026-07-08T18:15:00Z,2026-07-08T20:15:00+0200,230.88,EUR/MWh,FR,FR,imbalance_price,Short,2026-08-05T12:06:18Z
2026-08-05T12:02:33Z,2026-08-05T14:02:33+0200,a602df8b-e77d-453c-80cb-eeacd1e89d3b,2026-07-08T18:30:00Z,2026-07-08T20:30:00+0200,208.23,EUR/MWh,FR,FR,imbalance_price,Long,2026-08-05T12:06:18Z
2026-08-05T12:02:33Z,2026-08-05T14:02:33+0200,a602df8b-e77d-453c-80cb-eeacd1e89d3b,2026-07-08T18:30:00Z,2026-07-08T20:30:00+0200,227.85,EUR/MWh,FR,FR,imbalance_price,Short,2026-08-05T12:06:18Z
2026-08-05T12:02:33Z,2026-08-05T14:02:33+0200,a602df8b-e77d-453c-80cb-eeacd1e89d3b,2026-07-08T18:45:00Z,2026-07-08T20:45:00+0200,201.35,EUR/MWh,FR,FR,imbalance_price,Long,2026-08-05T12:06:18Z
2026-08-05T12:02:33Z,2026-08-05T14:02:33+0200,a602df8b-e77d-453c-80cb-eeacd1e89d3b,2026-07-08T18:45:00Z,2026-07-08T20:45:00+0200,220.33,EUR/MWh,FR,FR,imbalance_price,Short,2026-08-05T12:06:18Z
2026-08-05T12:02:33Z,2026-08-05T14:02:33+0200,a602df8b-e77d-453c-80cb-eeacd1e89d3b,2026-07-08T19:00:00Z,2026-07-08T21:00:00+0200,216.95,EUR/MWh,FR,FR,imbalance_price,Long,2026-08-05T12:06:18Z
2026-08-05T12:02:33Z,2026-08-05T14:02:33+0200,a602df8b-e77d-453c-80cb-eeacd1e89d3b,2026-07-08T19:00:00Z,2026-07-08T21:00:00+0200,237.39,EUR/MWh,FR,FR,imbalance_price,Short,2026-08-05T12:06:18Z
2026-08-05T12:02:33Z,2026-08-05T14:02:33+0200,a602df8b-e77d-453c-80cb-eeacd1e89d3b,2026-07-08T19:15:00Z,2026-07-08T21:15:00+0200,209.71,EUR/MWh,FR,FR,imbalance_price,Long,2026-08-05T12:06:18Z
2026-08-05T12:02:33Z,2026-08-05T14:02:33+0200,a602df8b-e77d-453c-80cb-eeacd1e89d3b,2026-07-08T19:15:00Z,2026-07-08T21:15:00+0200,229.47,EUR/MWh,FR,FR,imbalance_price,Short,2026-08-05T12:06:18Z
2026-08-05T12:02:33Z,2026-08-05T14:02:33+0200,a602df8b-e77d-453c-80cb-eeacd1e89d3b,2026-07-08T19:30:00Z,2026-07-08T21:30:00+0200,206.16,EUR/MWh,FR,FR,imbalance_price,Long,2026-08-05T12:06:18Z
2026-08-05T12:02:33Z,2026-08-05T14:02:33+0200,a602df8b-e77d-453c-80cb-eeacd1e89d3b,2026-07-08T19:30:00Z,2026-07-08T21:30:00+0200,225.58,EUR/MWh,FR,FR,imbalance_price,Short,2026-08-05T12:06:18Z
2026-08-05T12:02:33Z,2026-08-05T14:02:33+0200,a602df8b-e77d-453c-80cb-eeacd1e89d3b,2026-07-08T19:45:00Z,2026-07-08T21:45:00+0200,247.21,EUR/MWh,FR,FR,imbalance_price,Long,2026-08-05T12:06:18Z
2026-08-05T12:02:33Z,2026-08-05T14:02:33+0200,a602df8b-e77d-453c-80cb-eeacd1e89d3b,2026-07-08T19:45:00Z,2026-07-08T21:45:00+0200,270.51,EUR/MWh,FR,FR,imbalance_price,Short,2026-08-05T12:06:18Z
2026-08-05T12:02:33Z,2026-08-05T14:02:33+0200,a602df8b-e77d-453c-80cb-eeacd1e89d3b,2026-07-08T20:00:00Z,2026-07-08T22:00:00+0200,372.68,EUR/MWh,FR,FR,imbalance_price,Long,2026-08-05T12:06:18Z
2026-08-05T12:02:33Z,2026-08-05T14:02:33+0200,a602df8b-e77d-453c-80cb-eeacd1e89d3b,2026-07-08T20:00:00Z,2026-07-08T22:00:00+0200,407.8,EUR/MWh,FR,FR,imbalance_price,Short,2026-08-05T12:06:18Z
2026-08-05T12:02:33Z,2026-08-05T14:02:33+0200,a602df8b-e77d-453c-80cb-eeacd1e89d3b,2026-07-08T20:15:00Z,2026-07-08T22:15:00+0200,380.63,EUR/MWh,FR,FR,imbalance_price,Long,2026-08-05T12:06:18Z
2026-08-05T12:02:33Z,2026-08-05T14:02:33+0200,a602df8b-e77d-453c-80cb-eeacd1e89d3b,2026-07-08T20:15:00Z,2026-07-08T22:15:00+0200,416.51,EUR/MWh,FR,FR,imbalance_price,Short,2026-08-05T12:06:18Z
2026-08-05T12:02:33Z,2026-08-05T14:02:33+0200,a602df8b-e77d-453c-80cb-eeacd1e89d3b,2026-07-08T20:30:00Z,2026-07-08T22:30:00+0200,366.9,EUR/MWh,FR,FR,imbalance_price,Long,2026-08-05T12:06:18Z
2026-08-05T12:02:33Z,2026-08-05T14:02:33+0200,a602df8b-e77d-453c-80cb-eeacd1e89d3b,2026-07-08T20:30:00Z,2026-07-08T22:30:00+0200,401.48,EUR/MWh,FR,FR,imbalance_price,Short,2026-08-05T12:06:18Z
2026-08-05T12:02:33Z,2026-08-05T14:02:33+0200,a602df8b-e77d-453c-80cb-eeacd1e89d3b,2026-07-08T20:45:00Z,2026-07-08T22:45:00+0200,363.11,EUR/MWh,FR,FR,imbalance_price,Long,2026-08-05T12:06:18Z
2026-08-05T12:02:33Z,2026-08-05T14:02:33+0200,a602df8b-e77d-453c-80cb-eeacd1e89d3b,2026-07-08T20:45:00Z,2026-07-08T22:45:00+0200,397.33,EUR/MWh,FR,FR,imbalance_price,Short,2026-08-05T12:06:18Z
2026-08-05T12:02:33Z,2026-08-05T14:02:33+0200,a602df8b-e77d-453c-80cb-eeacd1e89d3b,2026-07-08T21:00:00Z,2026-07-08T23:00:00+0200,265.61,EUR/MWh,FR,FR,imbalance_price,Long,2026-08-05T12:06:18Z
2026-08-05T12:02:33Z,2026-08-05T14:02:33+0200,a602df8b-e77d-453c-80cb-eeacd1e89d3b,2026-07-08T21:00:00Z,2026-07-08T23:00:00+0200,290.65,EUR/MWh,FR,FR,imbalance_price,Short,2026-08-05T12:06:18Z
2026-08-05T12:02:33Z,2026-08-05T14:02:33+0200,a602df8b-e77d-453c-80cb-eeacd1e89d3b,2026-07-08T21:15:00Z,2026-07-08T23:15:00+0200,110.8,EUR/MWh,FR,FR,imbalance_price,Long,2026-08-05T12:06:18Z
2026-08-05T12:02:33Z,2026-08-05T14:02:33+0200,a602df8b-e77d-453c-80cb-eeacd1e89d3b,2026-07-08T21:15:00Z,2026-07-08T23:15:00+0200,121.24,EUR/MWh,FR,FR,imbalance_price,Short,2026-08-05T12:06:18Z
2026-08-05T12:02:33Z,2026-08-05T14:02:33+0200,a602df8b-e77d-453c-80cb-eeacd1e89d3b,2026-07-08T21:30:00Z,2026-07-08T23:30:00+0200,110.98,EUR/MWh,FR,FR,imbalance_price,Long,2026-08-05T12:06:18Z
2026-08-05T12:02:33Z,2026-08-05T14:02:33+0200,a602df8b-e77d-453c-80cb-eeacd1e89d3b,2026-07-08T21:30:00Z,2026-07-08T23:30:00+0200,121.44,EUR/MWh,FR,FR,imbalance_price,Short,2026-08-05T12:06:18Z
2026-08-05T12:02:33Z,2026-08-05T14:02:33+0200,a602df8b-e77d-453c-80cb-eeacd1e89d3b,2026-07-08T21:45:00Z,2026-07-08T23:45:00+0200,97.99,EUR/MWh,FR,FR,imbalance_price,Long,2026-08-05T12:06:18Z
2026-08-05T12:02:33Z,2026-08-05T14:02:33+0200,a602df8b-e77d-453c-80cb-eeacd1e89d3b,2026-07-08T21:45:00Z,2026-07-08T23:45:00+0200,107.23,EUR/MWh,FR,FR,imbalance_price,Short,2026-08-05T12:06:18Z
2026-08-05T12:02:33Z,2026-08-05T14:02:33+0200,a602df8b-e77d-453c-80cb-eeacd1e89d3b,2026-07-08T22:00:00Z,2026-07-09T00:00:00+0200,100.22,EUR/MWh,FR,FR,imbalance_price,Long,2026-08-05T12:06:18Z
2026-08-05T12:02:33Z,2026-08-05T14:02:33+0200,a602df8b-e77d-453c-80cb-eeacd1e89d3b,2026-07-08T22:00:00Z,2026-07-09T00:00:00+0200,109.66,EUR/MWh,FR,FR,imbalance_price,Short,2026-08-05T12:06:18Z
2026-08-05T12:02:33Z,2026-08-05T14:02:33+0200,a602df8b-e77d-453c-80cb-eeacd1e89d3b,2026-07-08T22:15:00Z,2026-07-09T00:15:00+0200,121.97,EUR/MWh,FR,FR,imbalance_price,Long,2026-08-05T12:06:18Z
2026-08-05T12:02:33Z,2026-08-05T14:02:33+0200,a602df8b-e77d-453c-80cb-eeacd1e89d3b,2026-07-08T22:15:00Z,2026-07-09T00:15:00+0200,133.47,EUR/MWh,FR,FR,imbalance_price,Short,2026-08-05T12:06:18Z
2026-08-05T12:02:33Z,2026-08-05T14:02:33+0200,a602df8b-e77d-453c-80cb-eeacd1e89d3b,2026-07-08T22:30:00Z,2026-07-09T00:30:00+0200,131.18,EUR/MWh,FR,FR,imbalance_price,Long,2026-08-05T12:06:18Z
2026-08-05T12:02:33Z,2026-08-05T14:02:33+0200,a602df8b-e77d-453c-80cb-eeacd1e89d3b,2026-07-08T22:30:00Z,2026-07-09T00:30:00+0200,143.54,EUR/MWh,FR,FR,imbalance_price,Short,2026-08-05T12:06:18Z
2026-08-05T12:02:33Z,2026-08-05T14:02:33+0200,a602df8b-e77d-453c-80cb-eeacd1e89d3b,2026-07-08T22:45:00Z,2026-07-09T00:45:00+0200,122.01,EUR/MWh,FR,FR,imbalance_price,Long,2026-08-05T12:06:18Z
2026-08-05T12:02:33Z,2026-08-05T14:02:33+0200,a602df8b-e77d-453c-80cb-eeacd1e89d3b,2026-07-08T22:45:00Z,2026-07-09T00:45:00+0200,133.51,EUR/MWh,FR,FR,imbalance_price,Short,2026-08-05T12:06:18Z
2026-08-05T12:02:33Z,2026-08-05T14:02:33+0200,a602df8b-e77d-453c-80cb-eeacd1e89d3b,2026-07-08T23:00:00Z,2026-07-09T01:00:00+0200,136.96,EUR/MWh,FR,FR,imbalance_price,Long,2026-08-05T12:06:18Z
2026-08-05T12:02:33Z,2026-08-05T14:02:33+0200,a602df8b-e77d-453c-80cb-eeacd1e89d3b,2026-07-08T23:00:00Z,2026-07-09T01:00:00+0200,149.86,EUR/MWh,FR,FR,imbalance_price,Short,2026-08-05T12:06:18Z
2026-08-05T12:02:33Z,2026-08-05T14:02:33+0200,a602df8b-e77d-453c-80cb-eeacd1e89d3b,2026-07-08T23:15:00Z,2026-07-09T01:15:00+0200,137.24,EUR/MWh,FR,FR,imbalance_price,Long,2026-08-05T12:06:18Z
2026-08-05T12:02:33Z,2026-08-05T14:02:33+0200,a602df8b-e77d-453c-80cb-eeacd1e89d3b,2026-07-08T23:15:00Z,2026-07-09T01:15:00+0200,150.18,EUR/MWh,FR,FR,imbalance_price,Short,2026-08-05T12:06:18Z
2026-08-05T12:02:33Z,2026-08-05T14:02:33+0200,a602df8b-e77d-453c-80cb-eeacd1e89d3b,2026-07-08T23:30:00Z,2026-07-09T01:30:00+0200,141.13,EUR/MWh,FR,FR,imbalance_price,Long,2026-08-05T12:06:18Z
2026-08-05T12:02:33Z,2026-08-05T14:02:33+0200,a602df8b-e77d-453c-80cb-eeacd1e89d3b,2026-07-08T23:30:00Z,2026-07-09T01:30:00+0200,154.43,EUR/MWh,FR,FR,imbalance_price,Short,2026-08-05T12:06:18Z
2026-08-05T12:02:33Z,2026-08-05T14:02:33+0200,a602df8b-e77d-453c-80cb-eeacd1e89d3b,2026-07-08T23:45:00Z,2026-07-09T01:45:00+0200,141.13,EUR/MWh,FR,FR,imbalance_price,Long,2026-08-05T12:06:18Z
2026-08-05T12:02:33Z,2026-08-05T14:02:33+0200,a602df8b-e77d-453c-80cb-eeacd1e89d3b,2026-07-08T23:45:00Z,2026-07-09T01:45:00+0200,154.43,EUR/MWh,FR,FR,imbalance_price,Short,2026-08-05T12:06:18Z
2026-08-05T12:02:33Z,2026-08-05T14:02:33+0200,a602df8b-e77d-453c-80cb-eeacd1e89d3b,2026-07-09T00:00:00Z,2026-07-09T02:00:00+0200,94.13,EUR/MWh,FR,FR,imbalance_price,Long,2026-08-05T12:06:18Z
2026-08-05T12:02:33Z,2026-08-05T14:02:33+0200,a602df8b-e77d-453c-80cb-eeacd1e89d3b,2026-07-09T00:00:00Z,2026-07-09T02:00:00+0200,103.01,EUR/MWh,FR,FR,imbalance_price,Short,2026-08-05T12:06:18Z
2026-08-05T12:02:33Z,2026-08-05T14:02:33+0200,a602df8b-e77d-453c-80cb-eeacd1e89d3b,2026-07-09T00:15:00Z,2026-07-09T02:15:00+0200,79.11,EUR/MWh,FR,FR,imbalance_price,Long,2026-08-05T12:06:18Z
2026-08-05T12:02:33Z,2026-08-05T14:02:33+0200,a602df8b-e77d-453c-80cb-eeacd1e89d3b,2026-07-09T00:15:00Z,2026-07-09T02:15:00+0200,86.57,EUR/MWh,FR,FR,imbalance_price,Short,2026-08-05T12:06:18Z
2026-08-05T12:02:33Z,2026-08-05T14:02:33+0200,a602df8b-e77d-453c-80cb-eeacd1e89d3b,2026-07-09T00:30:00Z,2026-07-09T02:30:00+0200,142.14,EUR/MWh,FR,FR,imbalance_price,Long,2026-08-05T12:06:18Z
2026-08-05T12:02:33Z,2026-08-05T14:02:33+0200,a602df8b-e77d-453c-80cb-eeacd1e89d3b,2026-07-09T00:30:00Z,2026-07-09T02:30:00+0200,155.54,EUR/MWh,FR,FR,imbalance_price,Short,2026-08-05T12:06:18Z
2026-08-05T12:02:33Z,2026-08-05T14:02:33+0200,a602df8b-e77d-453c-80cb-eeacd1e89d3b,2026-07-09T00:45:00Z,2026-07-09T02:45:00+0200,148.81,EUR/MWh,FR,FR,imbalance_price,Long,2026-08-05T12:06:18Z
2026-08-05T12:02:33Z,2026-08-05T14:02:33+0200,a602df8b-e77d-453c-80cb-eeacd1e89d3b,2026-07-09T00:45:00Z,2026-07-09T02:45:00+0200,162.83,EUR/MWh,FR,FR,imbalance_price,Short,2026-08-05T12:06:18Z
2026-08-05T12:02:33Z,2026-08-05T14:02:33+0200,a602df8b-e77d-453c-80cb-eeacd1e89d3b,2026-07-09T01:00:00Z,2026-07-09T03:00:00+0200,157.79,EUR/MWh,FR,FR,imbalance_price,Long,2026-08-05T12:06:18Z
2026-08-05T12:02:33Z,2026-08-05T14:02:33+0200,a602df8b-e77d-453c-80cb-eeacd1e89d3b,2026-07-09T01:00:00Z,2026-07-09T03:00:00+0200,172.67,EUR/MWh,FR,FR,imbalance_price,Short,2026-08-05T12:06:18Z
2026-08-05T12:02:33Z,2026-08-05T14:02:33+0200,a602df8b-e77d-453c-80cb-eeacd1e89d3b,2026-07-09T01:15:00Z,2026-07-09T03:15:00+0200,157.79,EUR/MWh,FR,FR,imbalance_price,Long,2026-08-05T12:06:18Z
2026-08-05T12:02:33Z,2026-08-05T14:02:33+0200,a602df8b-e77d-453c-80cb-eeacd1e89d3b,2026-07-09T01:15:00Z,2026-07-09T03:15:00+0200,172.67,EUR/MWh,FR,FR,imbalance_price,Short,2026-08-05T12:06:18Z
2026-08-05T12:02:33Z,2026-08-05T14:02:33+0200,a602df8b-e77d-453c-80cb-eeacd1e89d3b,2026-07-09T01:30:00Z,2026-07-09T03:30:00+0200,157.79,EUR/MWh,FR,FR,imbalance_price,Long,2026-08-05T12:06:18Z
2026-08-05T12:02:33Z,2026-08-05T14:02:33+0200,a602df8b-e77d-453c-80cb-eeacd1e89d3b,2026-07-09T01:30:00Z,2026-07-09T03:30:00+0200,172.67,EUR/MWh,FR,FR,imbalance_price,Short,2026-08-05T12:06:18Z
2026-08-05T12:02:33Z,2026-08-05T14:02:33+0200,a602df8b-e77d-453c-80cb-eeacd1e89d3b,2026-07-09T01:45:00Z,2026-07-09T03:45:00+0200,157.79,EUR/MWh,FR,FR,imbalance_price,Long,2026-08-05T12:06:18Z
2026-08-05T12:02:33Z,2026-08-05T14:02:33+0200,a602df8b-e77d-453c-80cb-eeacd1e89d3b,2026-07-09T01:45:00Z,2026-07-09T03:45:00+0200,172.67,EUR/MWh,FR,FR,imbalance_price,Short,2026-08-05T12:06:18Z
2026-08-05T12:02:33Z,2026-08-05T14:02:33+0200,a602df8b-e77d-453c-80cb-eeacd1e89d3b,2026-07-09T02:00:00Z,2026-07-09T04:00:00+0200,157.1,EUR/MWh,FR,FR,imbalance_price,Long,2026-08-05T12:06:18Z
2026-08-05T12:02:33Z,2026-08-05T14:02:33+0200,a602df8b-e77d-453c-80cb-eeacd1e89d3b,2026-07-09T02:00:00Z,2026-07-09T04:00:00+0200,171.9,EUR/MWh,FR,FR,imbalance_price,Short,2026-08-05T12:06:18Z
2026-08-05T12:02:33Z,2026-08-05T14:02:33+0200,a602df8b-e77d-453c-80cb-eeacd1e89d3b,2026-07-09T02:15:00Z,2026-07-09T04:15:00+0200,154.24,EUR/MWh,FR,FR,imbalance_price,Long,2026-08-05T12:06:18Z
2026-08-05T12:02:33Z,2026-08-05T14:02:33+0200,a602df8b-e77d-453c-80cb-eeacd1e89d3b,2026-07-09T02:15:00Z,2026-07-09T04:15:00+0200,168.78,EUR/MWh,FR,FR,imbalance_price,Short,2026-08-05T12:06:18Z
2026-08-05T12:02:33Z,2026-08-05T14:02:33+0200,a602df8b-e77d-453c-80cb-eeacd1e89d3b,2026-07-09T02:30:00Z,2026-07-09T04:30:00+0200,156.05,EUR/MWh,FR,FR,imbalance_price,Long,2026-08-05T12:06:18Z
2026-08-05T12:02:33Z,2026-08-05T14:02:33+0200,a602df8b-e77d-453c-80cb-eeacd1e89d3b,2026-07-09T02:30:00Z,2026-07-09T04:30:00+0200,170.75,EUR/MWh,FR,FR,imbalance_price,Short,2026-08-05T12:06:18Z
2026-08-05T12:02:33Z,2026-08-05T14:02:33+0200,a602df8b-e77d-453c-80cb-eeacd1e89d3b,2026-07-09T02:45:00Z,2026-07-09T04:45:00+0200,155.42,EUR/MWh,FR,FR,imbalance_price,Long,2026-08-05T12:06:18Z
2026-08-05T12:02:33Z,2026-08-05T14:02:33+0200,a602df8b-e77d-453c-80cb-eeacd1e89d3b,2026-07-09T02:45:00Z,2026-07-09T04:45:00+0200,170.06,EUR/MWh,FR,FR,imbalance_price,Short,2026-08-05T12:06:18Z
2026-08-05T12:02:33Z,2026-08-05T14:02:33+0200,a602df8b-e77d-453c-80cb-eeacd1e89d3b,2026-07-09T03:00:00Z,2026-07-09T05:00:00+0200,146.79,EUR/MWh,FR,FR,imbalance_price,Long,2026-08-05T12:06:18Z
2026-08-05T12:02:33Z,2026-08-05T14:02:33+0200,a602df8b-e77d-453c-80cb-eeacd1e89d3b,2026-07-09T03:00:00Z,2026-07-09T05:00:00+0200,160.63,EUR/MWh,FR,FR,imbalance_price,Short,2026-08-05T12:06:18Z
2026-08-05T12:02:33Z,2026-08-05T14:02:33+0200,a602df8b-e77d-453c-80cb-eeacd1e89d3b,2026-07-09T03:15:00Z,2026-07-09T05:15:00+0200,143.24,EUR/MWh,FR,FR,imbalance_price,Long,2026-08-05T12:06:18Z
2026-08-05T12:02:33Z,2026-08-05T14:02:33+0200,a602df8b-e77d-453c-80cb-eeacd1e89d3b,2026-07-09T03:15:00Z,2026-07-09T05:15:00+0200,156.74,EUR/MWh,FR,FR,imbalance_price,Short,2026-08-05T12:06:18Z
2026-08-05T12:02:33Z,2026-08-05T14:02:33+0200,a602df8b-e77d-453c-80cb-eeacd1e89d3b,2026-07-09T03:30:00Z,2026-07-09T05:30:00+0200,143.97,EUR/MWh,FR,FR,imbalance_price,Long,2026-08-05T12:06:18Z
2026-08-05T12:02:33Z,2026-08-05T14:02:33+0200,a602df8b-e77d-453c-80cb-eeacd1e89d3b,2026-07-09T03:30:00Z,2026-07-09T05:30:00+0200,157.53,EUR/MWh,FR,FR,imbalance_price,Short,2026-08-05T12:06:18Z
2026-08-05T12:02:33Z,2026-08-05T14:02:33+0200,a602df8b-e77d-453c-80cb-eeacd1e89d3b,2026-07-09T03:45:00Z,2026-07-09T05:45:00+0200,139.12,EUR/MWh,FR,FR,imbalance_price,Long,2026-08-05T12:06:18Z
2026-08-05T12:02:33Z,2026-08-05T14:02:33+0200,a602df8b-e77d-453c-80cb-eeacd1e89d3b,2026-07-09T03:45:00Z,2026-07-09T05:45:00+0200,152.24,EUR/MWh,FR,FR,imbalance_price,Short,2026-08-05T12:06:18Z
2026-08-05T12:02:33Z,2026-08-05T14:02:33+0200,a602df8b-e77d-453c-80cb-eeacd1e89d3b,2026-07-09T04:00:00Z,2026-07-09T06:00:00+0200,149.79,EUR/MWh,FR,FR,imbalance_price,Long,2026-08-05T12:06:18Z
2026-08-05T12:02:33Z,2026-08-05T14:02:33+0200,a602df8b-e77d-453c-80cb-eeacd1e89d3b,2026-07-09T04:00:00Z,2026-07-09T06:00:00+0200,163.91,EUR/MWh,FR,FR,imbalance_price,Short,2026-08-05T12:06:18Z
2026-08-05T12:02:33Z,2026-08-05T14:02:33+0200,a602df8b-e77d-453c-80cb-eeacd1e89d3b,2026-07-09T04:15:00Z,2026-07-09T06:15:00+0200,156.94,EUR/MWh,FR,FR,imbalance_price,Long,2026-08-05T12:06:18Z
2026-08-05T12:02:33Z,2026-08-05T14:02:33+0200,a602df8b-e77d-453c-80cb-eeacd1e89d3b,2026-07-09T04:15:00Z,2026-07-09T06:15:00+0200,171.74,EUR/MWh,FR,FR,imbalance_price,Short,2026-08-05T12:06:18Z
2026-08-05T12:02:33Z,2026-08-05T14:02:33+0200,a602df8b-e77d-453c-80cb-eeacd1e89d3b,2026-07-09T04:30:00Z,2026-07-09T06:30:00+0200,156.94,EUR/MWh,FR,FR,imbalance_price,Long,2026-08-05T12:06:18Z
2026-08-05T12:02:33Z,2026-08-05T14:02:33+0200,a602df8b-e77d-453c-80cb-eeacd1e89d3b,2026-07-09T04:30:00Z,2026-07-09T06:30:00+0200,171.74,EUR/MWh,FR,FR,imbalance_price,Short,2026-08-05T12:06:18Z
2026-08-05T12:02:33Z,2026-08-05T14:02:33+0200,a602df8b-e77d-453c-80cb-eeacd1e89d3b,2026-07-09T04:45:00Z,2026-07-09T06:45:00+0200,156.94,EUR/MWh,FR,FR,imbalance_price,Long,2026-08-05T12:06:18Z
2026-08-05T12:02:33Z,2026-08-05T14:02:33+0200,a602df8b-e77d-453c-80cb-eeacd1e89d3b,2026-07-09T04:45:00Z,2026-07-09T06:45:00+0200,171.74,EUR/MWh,FR,FR,imbalance_price,Short,2026-08-05T12:06:18Z
2026-08-05T12:02:33Z,2026-08-05T14:02:33+0200,a602df8b-e77d-453c-80cb-eeacd1e89d3b,2026-07-09T05:00:00Z,2026-07-09T07:00:00+0200,147.01,EUR/MWh,FR,FR,imbalance_price,Long,2026-08-05T12:06:18Z
2026-08-05T12:02:33Z,2026-08-05T14:02:33+0200,a602df8b-e77d-453c-80cb-eeacd1e89d3b,2026-07-09T05:00:00Z,2026-07-09T07:00:00+0200,160.87,EUR/MWh,FR,FR,imbalance_price,Short,2026-08-05T12:06:18Z
2026-08-05T12:02:33Z,2026-08-05T14:02:33+0200,a602df8b-e77d-453c-80cb-eeacd1e89d3b,2026-07-09T05:15:00Z,2026-07-09T07:15:00+0200,147.01,EUR/MWh,FR,FR,imbalance_price,Long,2026-08-05T12:06:18Z
2026-08-05T12:02:33Z,2026-08-05T14:02:33+0200,a602df8b-e77d-453c-80cb-eeacd1e89d3b,2026-07-09T05:15:00Z,2026-07-09T07:15:00+0200,160.87,EUR/MWh,FR,FR,imbalance_price,Short,2026-08-05T12:06:18Z
2026-08-05T12:02:33Z,2026-08-05T14:02:33+0200,a602df8b-e77d-453c-80cb-eeacd1e89d3b,2026-07-09T05:30:00Z,2026-07-09T07:30:00+0200,147.01,EUR/MWh,FR,FR,imbalance_price,Long,2026-08-05T12:06:18Z
2026-08-05T12:02:33Z,2026-08-05T14:02:33+0200,a602df8b-e77d-453c-80cb-eeacd1e89d3b,2026-07-09T05:30:00Z,2026-07-09T07:30:00+0200,160.87,EUR/MWh,FR,FR,imbalance_price,Short,2026-08-05T12:06:18Z
2026-08-05T12:02:33Z,2026-08-05T14:02:33+0200,a602df8b-e77d-453c-80cb-eeacd1e89d3b,2026-07-09T05:45:00Z,2026-07-09T07:45:00+0200,146.95,EUR/MWh,FR,FR,imbalance_price,Long,2026-08-05T12:06:18Z
2026-08-05T12:02:33Z,2026-08-05T14:02:33+0200,a602df8b-e77d-453c-80cb-eeacd1e89d3b,2026-07-09T05:45:00Z,2026-07-09T07:45:00+0200,160.79,EUR/MWh,FR,FR,imbalance_price,Short,2026-08-05T12:06:18Z
2026-08-05T12:02:33Z,2026-08-05T14:02:33+0200,a602df8b-e77d-453c-80cb-eeacd1e89d3b,2026-07-09T06:00:00Z,2026-07-09T08:00:00+0200,131.29,EUR/MWh,FR,FR,imbalance_price,Long,2026-08-05T12:06:18Z
2026-08-05T12:02:33Z,2026-08-05T14:02:33+0200,a602df8b-e77d-453c-80cb-eeacd1e89d3b,2026-07-09T06:00:00Z,2026-07-09T08:00:00+0200,143.67,EUR/MWh,FR,FR,imbalance_price,Short,2026-08-05T12:06:18Z
2026-08-05T12:02:33Z,2026-08-05T14:02:33+0200,a602df8b-e77d-453c-80cb-eeacd1e89d3b,2026-07-09T06:15:00Z,2026-07-09T08:15:00+0200,127.32,EUR/MWh,FR,FR,imbalance_price,Long,2026-08-05T12:06:18Z
2026-08-05T12:02:33Z,2026-08-05T14:02:33+0200,a602df8b-e77d-453c-80cb-eeacd1e89d3b,2026-07-09T06:15:00Z,2026-07-09T08:15:00+0200,139.32,EUR/MWh,FR,FR,imbalance_price,Short,2026-08-05T12:06:18Z
2026-08-05T12:02:33Z,2026-08-05T14:02:33+0200,a602df8b-e77d-453c-80cb-eeacd1e89d3b,2026-07-09T06:30:00Z,2026-07-09T08:30:00+0200,145.45,EUR/MWh,FR,FR,imbalance_price,Long,2026-08-05T12:06:18Z
2026-08-05T12:02:33Z,2026-08-05T14:02:33+0200,a602df8b-e77d-453c-80cb-eeacd1e89d3b,2026-07-09T06:30:00Z,2026-07-09T08:30:00+0200,159.15,EUR/MWh,FR,FR,imbalance_price,Short,2026-08-05T12:06:18Z
2026-08-05T12:02:33Z,2026-08-05T14:02:33+0200,a602df8b-e77d-453c-80cb-eeacd1e89d3b,2026-07-09T06:45:00Z,2026-07-09T08:45:00+0200,160.01,EUR/MWh,FR,FR,imbalance_price,Long,2026-08-05T12:06:18Z
2026-08-05T12:02:33Z,2026-08-05T14:02:33+0200,a602df8b-e77d-453c-80cb-eeacd1e89d3b,2026-07-09T06:45:00Z,2026-07-09T08:45:00+0200,175.09,EUR/MWh,FR,FR,imbalance_price,Short,2026-08-05T12:06:18Z
2026-08-05T12:02:33Z,2026-08-05T14:02:33+0200,a602df8b-e77d-453c-80cb-eeacd1e89d3b,2026-07-09T07:00:00Z,2026-07-09T09:00:00+0200,159.73,EUR/MWh,FR,FR,imbalance_price,Long,2026-08-05T12:06:18Z
2026-08-05T12:02:33Z,2026-08-05T14:02:33+0200,a602df8b-e77d-453c-80cb-eeacd1e89d3b,2026-07-09T07:00:00Z,2026-07-09T09:00:00+0200,174.79,EUR/MWh,FR,FR,imbalance_price,Short,2026-08-05T12:06:18Z
2026-08-05T12:02:33Z,2026-08-05T14:02:33+0200,a602df8b-e77d-453c-80cb-eeacd1e89d3b,2026-07-09T07:15:00Z,2026-07-09T09:15:00+0200,157.08,EUR/MWh,FR,FR,imbalance_price,Long,2026-08-05T12:06:18Z
2026-08-05T12:02:33Z,2026-08-05T14:02:33+0200,a602df8b-e77d-453c-80cb-eeacd1e89d3b,2026-07-09T07:15:00Z,2026-07-09T09:15:00+0200,171.88,EUR/MWh,FR,FR,imbalance_price,Short,2026-08-05T12:06:18Z
2026-08-05T12:02:33Z,2026-08-05T14:02:33+0200,a602df8b-e77d-453c-80cb-eeacd1e89d3b,2026-07-09T07:30:00Z,2026-07-09T09:30:00+0200,149.13,EUR/MWh,FR,FR,imbalance_price,Long,2026-08-05T12:06:18Z
2026-08-05T12:02:33Z,2026-08-05T14:02:33+0200,a602df8b-e77d-453c-80cb-eeacd1e89d3b,2026-07-09T07:30:00Z,2026-07-09T09:30:00+0200,163.19,EUR/MWh,FR,FR,imbalance_price,Short,2026-08-05T12:06:18Z
2026-08-05T12:02:33Z,2026-08-05T14:02:33+0200,a602df8b-e77d-453c-80cb-eeacd1e89d3b,2026-07-09T07:45:00Z,2026-07-09T09:45:00+0200,150.1,EUR/MWh,FR,FR,imbalance_price,Long,2026-08-05T12:06:18Z
2026-08-05T12:02:33Z,2026-08-05T14:02:33+0200,a602df8b-e77d-453c-80cb-eeacd1e89d3b,2026-07-09T07:45:00Z,2026-07-09T09:45:00+0200,164.24,EUR/MWh,FR,FR,imbalance_price,Short,2026-08-05T12:06:18Z
2026-08-05T12:02:33Z,2026-08-05T14:02:33+0200,a602df8b-e77d-453c-80cb-eeacd1e89d3b,2026-07-09T08:00:00Z,2026-07-09T10:00:00+0200,143.27,EUR/MWh,FR,FR,imbalance_price,Long,2026-08-05T12:06:18Z
2026-08-05T12:02:33Z,2026-08-05T14:02:33+0200,a602df8b-e77d-453c-80cb-eeacd1e89d3b,2026-07-09T08:00:00Z,2026-07-09T10:00:00+0200,156.77,EUR/MWh,FR,FR,imbalance_price,Short,2026-08-05T12:06:18Z
2026-08-05T12:02:33Z,2026-08-05T14:02:33+0200,a602df8b-e77d-453c-80cb-eeacd1e89d3b,2026-07-09T08:15:00Z,2026-07-09T10:15:00+0200,143.27,EUR/MWh,FR,FR,imbalance_price,Long,2026-08-05T12:06:18Z
2026-08-05T12:02:33Z,2026-08-05T14:02:33+0200,a602df8b-e77d-453c-80cb-eeacd1e89d3b,2026-07-09T08:15:00Z,2026-07-09T10:15:00+0200,156.77,EUR/MWh,FR,FR,imbalance_price,Short,2026-08-05T12:06:18Z
2026-08-05T12:02:33Z,2026-08-05T14:02:33+0200,a602df8b-e77d-453c-80cb-eeacd1e89d3b,2026-07-09T08:30:00Z,2026-07-09T10:30:00+0200,143.27,EUR/MWh,FR,FR,imbalance_price,Long,2026-08-05T12:06:18Z
2026-08-05T12:02:33Z,2026-08-05T14:02:33+0200,a602df8b-e77d-453c-80cb-eeacd1e89d3b,2026-07-09T08:30:00Z,2026-07-09T10:30:00+0200,156.77,EUR/MWh,FR,FR,imbalance_price,Short,2026-08-05T12:06:18Z
2026-08-05T12:02:33Z,2026-08-05T14:02:33+0200,a602df8b-e77d-453c-80cb-eeacd1e89d3b,2026-07-09T08:45:00Z,2026-07-09T10:45:00+0200,142.91,EUR/MWh,FR,FR,imbalance_price,Long,2026-08-05T12:06:18Z
2026-08-05T12:02:33Z,2026-08-05T14:02:33+0200,a602df8b-e77d-453c-80cb-eeacd1e89d3b,2026-07-09T08:45:00Z,2026-07-09T10:45:00+0200,156.37,EUR/MWh,FR,FR,imbalance_price,Short,2026-08-05T12:06:18Z
2026-08-05T12:02:33Z,2026-08-05T14:02:33+0200,a602df8b-e77d-453c-80cb-eeacd1e89d3b,2026-07-09T09:00:00Z,2026-07-09T11:00:00+0200,138.85,EUR/MWh,FR,FR,imbalance_price,Long,2026-08-05T12:06:18Z
2026-08-05T12:02:33Z,2026-08-05T14:02:33+0200,a602df8b-e77d-453c-80cb-eeacd1e89d3b,2026-07-09T09:00:00Z,2026-07-09T11:00:00+0200,151.93,EUR/MWh,FR,FR,imbalance_price,Short,2026-08-05T12:06:18Z
2026-08-05T12:02:33Z,2026-08-05T14:02:33+0200,a602df8b-e77d-453c-80cb-eeacd1e89d3b,2026-07-09T09:15:00Z,2026-07-09T11:15:00+0200,133.62,EUR/MWh,FR,FR,imbalance_price,Long,2026-08-05T12:06:18Z
2026-08-05T12:02:33Z,2026-08-05T14:02:33+0200,a602df8b-e77d-453c-80cb-eeacd1e89d3b,2026-07-09T09:15:00Z,2026-07-09T11:15:00+0200,146.22,EUR/MWh,FR,FR,imbalance_price,Short,2026-08-05T12:06:18Z
2026-08-05T12:02:33Z,2026-08-05T14:02:33+0200,a602df8b-e77d-453c-80cb-eeacd1e89d3b,2026-07-09T09:30:00Z,2026-07-09T11:30:00+0200,98.5,EUR/MWh,FR,FR,imbalance_price,Long,2026-08-05T12:06:18Z
2026-08-05T12:02:33Z,2026-08-05T14:02:33+0200,a602df8b-e77d-453c-80cb-eeacd1e89d3b,2026-07-09T09:30:00Z,2026-07-09T11:30:00+0200,107.78,EUR/MWh,FR,FR,imbalance_price,Short,2026-08-05T12:06:18Z
2026-08-05T12:02:33Z,2026-08-05T14:02:33+0200,a602df8b-e77d-453c-80cb-eeacd1e89d3b,2026-07-09T09:45:00Z,2026-07-09T11:45:00+0200,61.55,EUR/MWh,FR,FR,imbalance_price,Long,2026-08-05T12:06:18Z
2026-08-05T12:02:33Z,2026-08-05T14:02:33+0200,a602df8b-e77d-453c-80cb-eeacd1e89d3b,2026-07-09T09:45:00Z,2026-07-09T11:45:00+0200,67.35,EUR/MWh,FR,FR,imbalance_price,Short,2026-08-05T12:06:18Z
2026-08-05T12:02:33Z,2026-08-05T14:02:33+0200,a602df8b-e77d-453c-80cb-eeacd1e89d3b,2026-07-09T10:00:00Z,2026-07-09T12:00:00+0200,54.51,EUR/MWh,FR,FR,imbalance_price,Long,2026-08-05T12:06:18Z
2026-08-05T12:02:33Z,2026-08-05T14:02:33+0200,a602df8b-e77d-453c-80cb-eeacd1e89d3b,2026-07-09T10:00:00Z,2026-07-09T12:00:00+0200,59.65,EUR/MWh,FR,FR,imbalance_price,Short,2026-08-05T12:06:18Z
2026-08-05T12:02:33Z,2026-08-05T14:02:33+0200,a602df8b-e77d-453c-80cb-eeacd1e89d3b,2026-07-09T10:15:00Z,2026-07-09T12:15:00+0200,60.02,EUR/MWh,FR,FR,imbalance_price,Long,2026-08-05T12:06:18Z
2026-08-05T12:02:33Z,2026-08-05T14:02:33+0200,a602df8b-e77d-453c-80cb-eeacd1e89d3b,2026-07-09T10:15:00Z,2026-07-09T12:15:00+0200,65.68,EUR/MWh,FR,FR,imbalance_price,Short,2026-08-05T12:06:18Z
2026-08-05T12:02:33Z,2026-08-05T14:02:33+0200,a602df8b-e77d-453c-80cb-eeacd1e89d3b,2026-07-09T10:30:00Z,2026-07-09T12:30:00+0200,20.52,EUR/MWh,FR,FR,imbalance_price,Long,2026-08-05T12:06:18Z
2026-08-05T12:02:33Z,2026-08-05T14:02:33+0200,a602df8b-e77d-453c-80cb-eeacd1e89d3b,2026-07-09T10:30:00Z,2026-07-09T12:30:00+0200,22.46,EUR/MWh,FR,FR,imbalance_price,Short,2026-08-05T12:06:18Z
2026-08-05T12:02:33Z,2026-08-05T14:02:33+0200,a602df8b-e77d-453c-80cb-eeacd1e89d3b,2026-07-09T10:45:00Z,2026-07-09T12:45:00+0200,20.52,EUR/MWh,FR,FR,imbalance_price,Long,2026-08-05T12:06:18Z
2026-08-05T12:02:33Z,2026-08-05T14:02:33+0200,a602df8b-e77d-453c-80cb-eeacd1e89d3b,2026-07-09T10:45:00Z,2026-07-09T12:45:00+0200,22.46,EUR/MWh,FR,FR,imbalance_price,Short,2026-08-05T12:06:18Z
2026-08-05T12:02:33Z,2026-08-05T14:02:33+0200,a602df8b-e77d-453c-80cb-eeacd1e89d3b,2026-07-09T11:00:00Z,2026-07-09T13:00:00+0200,56.28,EUR/MWh,FR,FR,imbalance_price,Long,2026-08-05T12:06:18Z
2026-08-05T12:02:33Z,2026-08-05T14:02:33+0200,a602df8b-e77d-453c-80cb-eeacd1e89d3b,2026-07-09T11:00:00Z,2026-07-09T13:00:00+0200,61.58,EUR/MWh,FR,FR,imbalance_price,Short,2026-08-05T12:06:18Z
2026-08-05T12:02:33Z,2026-08-05T14:02:33+0200,a602df8b-e77d-453c-80cb-eeacd1e89d3b,2026-07-09T11:15:00Z,2026-07-09T13:15:00+0200,51.8,EUR/MWh,FR,FR,imbalance_price,Long,2026-08-05T12:06:18Z
2026-08-05T12:02:33Z,2026-08-05T14:02:33+0200,a602df8b-e77d-453c-80cb-eeacd1e89d3b,2026-07-09T11:15:00Z,2026-07-09T13:15:00+0200,56.68,EUR/MWh,FR,FR,imbalance_price,Short,2026-08-05T12:06:18Z
2026-08-05T12:02:33Z,2026-08-05T14:02:33+0200,a602df8b-e77d-453c-80cb-eeacd1e89d3b,2026-07-09T11:30:00Z,2026-07-09T13:30:00+0200,51.8,EUR/MWh,FR,FR,imbalance_price,Long,2026-08-05T12:06:18Z
2026-08-05T12:02:33Z,2026-08-05T14:02:33+0200,a602df8b-e77d-453c-80cb-eeacd1e89d3b,2026-07-09T11:30:00Z,2026-07-09T13:30:00+0200,56.68,EUR/MWh,FR,FR,imbalance_price,Short,2026-08-05T12:06:18Z
2026-08-05T12:02:33Z,2026-08-05T14:02:33+0200,a602df8b-e77d-453c-80cb-eeacd1e89d3b,2026-07-09T11:45:00Z,2026-07-09T13:45:00+0200,107.47,EUR/MWh,FR,FR,imbalance_price,Long,2026-08-05T12:06:18Z
2026-08-05T12:02:33Z,2026-08-05T14:02:33+0200,a602df8b-e77d-453c-80cb-eeacd1e89d3b,2026-07-09T11:45:00Z,2026-07-09T13:45:00+0200,117.59,EUR/MWh,FR,FR,imbalance_price,Short,2026-08-05T12:06:18Z
2026-08-05T12:02:33Z,2026-08-05T14:02:33+0200,a602df8b-e77d-453c-80cb-eeacd1e89d3b,2026-07-09T12:00:00Z,2026-07-09T14:00:00+0200,82.25,EUR/MWh,FR,FR,imbalance_price,Long,2026-08-05T12:06:18Z
2026-08-05T12:02:33Z,2026-08-05T14:02:33+0200,a602df8b-e77d-453c-80cb-eeacd1e89d3b,2026-07-09T12:00:00Z,2026-07-09T14:00:00+0200,90.01,EUR/MWh,FR,FR,imbalance_price,Short,2026-08-05T12:06:18Z
2026-08-05T12:02:33Z,2026-08-05T14:02:33+0200,a602df8b-e77d-453c-80cb-eeacd1e89d3b,2026-07-09T12:15:00Z,2026-07-09T14:15:00+0200,84.41,EUR/MWh,FR,FR,imbalance_price,Long,2026-08-05T12:06:18Z
2026-08-05T12:02:33Z,2026-08-05T14:02:33+0200,a602df8b-e77d-453c-80cb-eeacd1e89d3b,2026-07-09T12:15:00Z,2026-07-09T14:15:00+0200,92.37,EUR/MWh,FR,FR,imbalance_price,Short,2026-08-05T12:06:18Z
2026-08-05T12:02:33Z,2026-08-05T14:02:33+0200,a602df8b-e77d-453c-80cb-eeacd1e89d3b,2026-07-09T12:30:00Z,2026-07-09T14:30:00+0200,86.09,EUR/MWh,FR,FR,imbalance_price,Long,2026-08-05T12:06:18Z
2026-08-05T12:02:33Z,2026-08-05T14:02:33+0200,a602df8b-e77d-453c-80cb-eeacd1e89d3b,2026-07-09T12:30:00Z,2026-07-09T14:30:00+0200,94.21,EUR/MWh,FR,FR,imbalance_price,Short,2026-08-05T12:06:18Z
2026-08-05T12:02:33Z,2026-08-05T14:02:33+0200,a602df8b-e77d-453c-80cb-eeacd1e89d3b,2026-07-09T12:45:00Z,2026-07-09T14:45:00+0200,86.84,EUR/MWh,FR,FR,imbalance_price,Long,2026-08-05T12:06:18Z
2026-08-05T12:02:33Z,2026-08-05T14:02:33+0200,a602df8b-e77d-453c-80cb-eeacd1e89d3b,2026-07-09T12:45:00Z,2026-07-09T14:45:00+0200,95.02,EUR/MWh,FR,FR,imbalance_price,Short,2026-08-05T12:06:18Z
2026-08-05T12:02:33Z,2026-08-05T14:02:33+0200,a602df8b-e77d-453c-80cb-eeacd1e89d3b,2026-07-09T13:00:00Z,2026-07-09T15:00:00+0200,119.77,EUR/MWh,FR,FR,imbalance_price,Long,2026-08-05T12:06:18Z
2026-08-05T12:02:33Z,2026-08-05T14:02:33+0200,a602df8b-e77d-453c-80cb-eeacd1e89d3b,2026-07-09T13:00:00Z,2026-07-09T15:00:00+0200,131.05,EUR/MWh,FR,FR,imbalance_price,Short,2026-08-05T12:06:18Z
2026-08-05T12:02:33Z,2026-08-05T14:02:33+0200,a602df8b-e77d-453c-80cb-eeacd1e89d3b,2026-07-09T13:15:00Z,2026-07-09T15:15:00+0200,119.04,EUR/MWh,FR,FR,imbalance_price,Long,2026-08-05T12:06:18Z
2026-08-05T12:02:33Z,2026-08-05T14:02:33+0200,a602df8b-e77d-453c-80cb-eeacd1e89d3b,2026-07-09T13:15:00Z,2026-07-09T15:15:00+0200,130.26,EUR/MWh,FR,FR,imbalance_price,Short,2026-08-05T12:06:18Z
2026-08-05T12:02:33Z,2026-08-05T14:02:33+0200,a602df8b-e77d-453c-80cb-eeacd1e89d3b,2026-07-09T13:30:00Z,2026-07-09T15:30:00+0200,117.76,EUR/MWh,FR,FR,imbalance_price,Long,2026-08-05T12:06:18Z
2026-08-05T12:02:33Z,2026-08-05T14:02:33+0200,a602df8b-e77d-453c-80cb-eeacd1e89d3b,2026-07-09T13:30:00Z,2026-07-09T15:30:00+0200,128.86,EUR/MWh,FR,FR,imbalance_price,Short,2026-08-05T12:06:18Z
2026-08-05T12:02:33Z,2026-08-05T14:02:33+0200,a602df8b-e77d-453c-80cb-eeacd1e89d3b,2026-07-09T13:45:00Z,2026-07-09T15:45:00+0200,118.72,EUR/MWh,FR,FR,imbalance_price,Long,2026-08-05T12:06:18Z
2026-08-05T12:02:33Z,2026-08-05T14:02:33+0200,a602df8b-e77d-453c-80cb-eeacd1e89d3b,2026-07-09T13:45:00Z,2026-07-09T15:45:00+0200,129.9,EUR/MWh,FR,FR,imbalance_price,Short,2026-08-05T12:06:18Z
2026-08-05T12:02:33Z,2026-08-05T14:02:33+0200,a602df8b-e77d-453c-80cb-eeacd1e89d3b,2026-07-09T14:00:00Z,2026-07-09T16:00:00+0200,103.72,EUR/MWh,FR,FR,imbalance_price,Long,2026-08-05T12:06:18Z
2026-08-05T12:02:33Z,2026-08-05T14:02:33+0200,a602df8b-e77d-453c-80cb-eeacd1e89d3b,2026-07-09T14:00:00Z,2026-07-09T16:00:00+0200,113.5,EUR/MWh,FR,FR,imbalance_price,Short,2026-08-05T12:06:18Z
2026-08-05T12:02:33Z,2026-08-05T14:02:33+0200,a602df8b-e77d-453c-80cb-eeacd1e89d3b,2026-07-09T14:15:00Z,2026-07-09T16:15:00+0200,121.89,EUR/MWh,FR,FR,imbalance_price,Long,2026-08-05T12:06:18Z
2026-08-05T12:02:33Z,2026-08-05T14:02:33+0200,a602df8b-e77d-453c-80cb-eeacd1e89d3b,2026-07-09T14:15:00Z,2026-07-09T16:15:00+0200,133.37,EUR/MWh,FR,FR,imbalance_price,Short,2026-08-05T12:06:18Z
2026-08-05T12:02:33Z,2026-08-05T14:02:33+0200,a602df8b-e77d-453c-80cb-eeacd1e89d3b,2026-07-09T14:30:00Z,2026-07-09T16:30:00+0200,117.34,EUR/MWh,FR,FR,imbalance_price,Long,2026-08-05T12:06:18Z
2026-08-05T12:02:33Z,2026-08-05T14:02:33+0200,a602df8b-e77d-453c-80cb-eeacd1e89d3b,2026-07-09T14:30:00Z,2026-07-09T16:30:00+0200,128.4,EUR/MWh,FR,FR,imbalance_price,Short,2026-08-05T12:06:18Z
2026-08-05T12:02:33Z,2026-08-05T14:02:33+0200,a602df8b-e77d-453c-80cb-eeacd1e89d3b,2026-07-09T14:45:00Z,2026-07-09T16:45:00+0200,119.05,EUR/MWh,FR,FR,imbalance_price,Long,2026-08-05T12:06:18Z
2026-08-05T12:02:33Z,2026-08-05T14:02:33+0200,a602df8b-e77d-453c-80cb-eeacd1e89d3b,2026-07-09T14:45:00Z,2026-07-09T16:45:00+0200,130.27,EUR/MWh,FR,FR,imbalance_price,Short,2026-08-05T12:06:18Z
2026-08-05T12:02:33Z,2026-08-05T14:02:33+0200,a602df8b-e77d-453c-80cb-eeacd1e89d3b,2026-07-09T15:00:00Z,2026-07-09T17:00:00+0200,121.6,EUR/MWh,FR,FR,imbalance_price,Long,2026-08-05T12:06:18Z
2026-08-05T12:02:33Z,2026-08-05T14:02:33+0200,a602df8b-e77d-453c-80cb-eeacd1e89d3b,2026-07-09T15:00:00Z,2026-07-09T17:00:00+0200,133.06,EUR/MWh,FR,FR,imbalance_price,Short,2026-08-05T12:06:18Z
2026-08-05T12:02:33Z,2026-08-05T14:02:33+0200,a602df8b-e77d-453c-80cb-eeacd1e89d3b,2026-07-09T15:15:00Z,2026-07-09T17:15:00+0200,108.96,EUR/MWh,FR,FR,imbalance_price,Long,2026-08-05T12:06:18Z
2026-08-05T12:02:33Z,2026-08-05T14:02:33+0200,a602df8b-e77d-453c-80cb-eeacd1e89d3b,2026-07-09T15:15:00Z,2026-07-09T17:15:00+0200,119.22,EUR/MWh,FR,FR,imbalance_price,Short,2026-08-05T12:06:18Z
2026-08-05T12:02:33Z,2026-08-05T14:02:33+0200,a602df8b-e77d-453c-80cb-eeacd1e89d3b,2026-07-09T15:30:00Z,2026-07-09T17:30:00+0200,120.62,EUR/MWh,FR,FR,imbalance_price,Long,2026-08-05T12:06:18Z
2026-08-05T12:02:33Z,2026-08-05T14:02:33+0200,a602df8b-e77d-453c-80cb-eeacd1e89d3b,2026-07-09T15:30:00Z,2026-07-09T17:30:00+0200,131.98,EUR/MWh,FR,FR,imbalance_price,Short,2026-08-05T12:06:18Z
2026-08-05T12:02:33Z,2026-08-05T14:02:33+0200,a602df8b-e77d-453c-80cb-eeacd1e89d3b,2026-07-09T15:45:00Z,2026-07-09T17:45:00+0200,121.33,EUR/MWh,FR,FR,imbalance_price,Long,2026-08-05T12:06:18Z
2026-08-05T12:02:33Z,2026-08-05T14:02:33+0200,a602df8b-e77d-453c-80cb-eeacd1e89d3b,2026-07-09T15:45:00Z,2026-07-09T17:45:00+0200,132.77,EUR/MWh,FR,FR,imbalance_price,Short,2026-08-05T12:06:18Z
2026-08-05T12:02:33Z,2026-08-05T14:02:33+0200,a602df8b-e77d-453c-80cb-eeacd1e89d3b,2026-07-09T16:00:00Z,2026-07-09T18:00:00+0200,200.55,EUR/MWh,FR,FR,imbalance_price,Long,2026-08-05T12:06:18Z
2026-08-05T12:02:33Z,2026-08-05T14:02:33+0200,a602df8b-e77d-453c-80cb-eeacd1e89d3b,2026-07-09T16:00:00Z,2026-07-09T18:00:00+0200,219.45,EUR/MWh,FR,FR,imbalance_price,Short,2026-08-05T12:06:18Z
2026-08-05T12:02:33Z,2026-08-05T14:02:33+0200,a602df8b-e77d-453c-80cb-eeacd1e89d3b,2026-07-09T16:15:00Z,2026-07-09T18:15:00+0200,200.55,EUR/MWh,FR,FR,imbalance_price,Long,2026-08-05T12:06:18Z
2026-08-05T12:02:33Z,2026-08-05T14:02:33+0200,a602df8b-e77d-453c-80cb-eeacd1e89d3b,2026-07-09T16:15:00Z,2026-07-09T18:15:00+0200,219.45,EUR/MWh,FR,FR,imbalance_price,Short,2026-08-05T12:06:18Z
2026-08-05T12:02:33Z,2026-08-05T14:02:33+0200,a602df8b-e77d-453c-80cb-eeacd1e89d3b,2026-07-09T16:30:00Z,2026-07-09T18:30:00+0200,200.55,EUR/MWh,FR,FR,imbalance_price,Long,2026-08-05T12:06:18Z
2026-08-05T12:02:33Z,2026-08-05T14:02:33+0200,a602df8b-e77d-453c-80cb-eeacd1e89d3b,2026-07-09T16:30:00Z,2026-07-09T18:30:00+0200,219.45,EUR/MWh,FR,FR,imbalance_price,Short,2026-08-05T12:06:18Z
2026-08-05T12:02:33Z,2026-08-05T14:02:33+0200,a602df8b-e77d-453c-80cb-eeacd1e89d3b,2026-07-09T16:45:00Z,2026-07-09T18:45:00+0200,200.55,EUR/MWh,FR,FR,imbalance_price,Long,2026-08-05T12:06:18Z
2026-08-05T12:02:33Z,2026-08-05T14:02:33+0200,a602df8b-e77d-453c-80cb-eeacd1e89d3b,2026-07-09T16:45:00Z,2026-07-09T18:45:00+0200,219.45,EUR/MWh,FR,FR,imbalance_price,Short,2026-08-05T12:06:18Z
2026-08-05T12:02:33Z,2026-08-05T14:02:33+0200,a602df8b-e77d-453c-80cb-eeacd1e89d3b,2026-07-09T17:00:00Z,2026-07-09T19:00:00+0200,200.55,EUR/MWh,FR,FR,imbalance_price,Long,2026-08-05T12:06:18Z
2026-08-05T12:02:33Z,2026-08-05T14:02:33+0200,a602df8b-e77d-453c-80cb-eeacd1e89d3b,2026-07-09T17:00:00Z,2026-07-09T19:00:00+0200,219.45,EUR/MWh,FR,FR,imbalance_price,Short,2026-08-05T12:06:18Z
2026-08-05T12:02:33Z,2026-08-05T14:02:33+0200,a602df8b-e77d-453c-80cb-eeacd1e89d3b,2026-07-09T17:15:00Z,2026-07-09T19:15:00+0200,200.55,EUR/MWh,FR,FR,imbalance_price,Long,2026-08-05T12:06:18Z
2026-08-05T12:02:33Z,2026-08-05T14:02:33+0200,a602df8b-e77d-453c-80cb-eeacd1e89d3b,2026-07-09T17:15:00Z,2026-07-09T19:15:00+0200,219.45,EUR/MWh,FR,FR,imbalance_price,Short,2026-08-05T12:06:18Z
2026-08-05T12:02:33Z,2026-08-05T14:02:33+0200,a602df8b-e77d-453c-80cb-eeacd1e89d3b,2026-07-09T17:30:00Z,2026-07-09T19:30:00+0200,118.9,EUR/MWh,FR,FR,imbalance_price,Long,2026-08-05T12:06:18Z
2026-08-05T12:02:33Z,2026-08-05T14:02:33+0200,a602df8b-e77d-453c-80cb-eeacd1e89d3b,2026-07-09T17:30:00Z,2026-07-09T19:30:00+0200,130.1,EUR/MWh,FR,FR,imbalance_price,Short,2026-08-05T12:06:18Z
2026-08-05T12:02:33Z,2026-08-05T14:02:33+0200,a602df8b-e77d-453c-80cb-eeacd1e89d3b,2026-07-09T17:45:00Z,2026-07-09T19:45:00+0200,118.9,EUR/MWh,FR,FR,imbalance_price,Long,2026-08-05T12:06:18Z
2026-08-05T12:02:33Z,2026-08-05T14:02:33+0200,a602df8b-e77d-453c-80cb-eeacd1e89d3b,2026-07-09T17:45:00Z,2026-07-09T19:45:00+0200,130.1,EUR/MWh,FR,FR,imbalance_price,Short,2026-08-05T12:06:18Z
2026-08-05T12:02:33Z,2026-08-05T14:02:33+0200,a602df8b-e77d-453c-80cb-eeacd1e89d3b,2026-07-09T18:00:00Z,2026-07-09T20:00:00+0200,137.37,EUR/MWh,FR,FR,imbalance_price,Long,2026-08-05T12:06:18Z
2026-08-05T12:02:33Z,2026-08-05T14:02:33+0200,a602df8b-e77d-453c-80cb-eeacd1e89d3b,2026-07-09T18:00:00Z,2026-07-09T20:00:00+0200,150.31,EUR/MWh,FR,FR,imbalance_price,Short,2026-08-05T12:06:18Z
2026-08-05T12:02:33Z,2026-08-05T14:02:33+0200,a602df8b-e77d-453c-80cb-eeacd1e89d3b,2026-07-09T18:15:00Z,2026-07-09T20:15:00+0200,134.53,EUR/MWh,FR,FR,imbalance_price,Long,2026-08-05T12:06:18Z
2026-08-05T12:02:33Z,2026-08-05T14:02:33+0200,a602df8b-e77d-453c-80cb-eeacd1e89d3b,2026-07-09T18:15:00Z,2026-07-09T20:15:00+0200,147.21,EUR/MWh,FR,FR,imbalance_price,Short,2026-08-05T12:06:18Z
2026-08-05T12:02:33Z,2026-08-05T14:02:33+0200,a602df8b-e77d-453c-80cb-eeacd1e89d3b,2026-07-09T18:30:00Z,2026-07-09T20:30:00+0200,121.35,EUR/MWh,FR,FR,imbalance_price,Long,2026-08-05T12:06:18Z
2026-08-05T12:02:33Z,2026-08-05T14:02:33+0200,a602df8b-e77d-453c-80cb-eeacd1e89d3b,2026-07-09T18:30:00Z,2026-07-09T20:30:00+0200,132.79,EUR/MWh,FR,FR,imbalance_price,Short,2026-08-05T12:06:18Z
2026-08-05T12:02:33Z,2026-08-05T14:02:33+0200,a602df8b-e77d-453c-80cb-eeacd1e89d3b,2026-07-09T18:45:00Z,2026-07-09T20:45:00+0200,131.08,EUR/MWh,FR,FR,imbalance_price,Long,2026-08-05T12:06:18Z
2026-08-05T12:02:33Z,2026-08-05T14:02:33+0200,a602df8b-e77d-453c-80cb-eeacd1e89d3b,2026-07-09T18:45:00Z,2026-07-09T20:45:00+0200,143.44,EUR/MWh,FR,FR,imbalance_price,Short,2026-08-05T12:06:18Z
2026-08-05T12:02:33Z,2026-08-05T14:02:33+0200,a602df8b-e77d-453c-80cb-eeacd1e89d3b,2026-07-09T19:00:00Z,2026-07-09T21:00:00+0200,296.24,EUR/MWh,FR,FR,imbalance_price,Long,2026-08-05T12:06:18Z
2026-08-05T12:02:33Z,2026-08-05T14:02:33+0200,a602df8b-e77d-453c-80cb-eeacd1e89d3b,2026-07-09T19:00:00Z,2026-07-09T21:00:00+0200,324.16,EUR/MWh,FR,FR,imbalance_price,Short,2026-08-05T12:06:18Z
2026-08-05T12:02:33Z,2026-08-05T14:02:33+0200,a602df8b-e77d-453c-80cb-eeacd1e89d3b,2026-07-09T19:15:00Z,2026-07-09T21:15:00+0200,300.35,EUR/MWh,FR,FR,imbalance_price,Long,2026-08-05T12:06:18Z
2026-08-05T12:02:33Z,2026-08-05T14:02:33+0200,a602df8b-e77d-453c-80cb-eeacd1e89d3b,2026-07-09T19:15:00Z,2026-07-09T21:15:00+0200,328.65,EUR/MWh,FR,FR,imbalance_price,Short,2026-08-05T12:06:18Z
2026-08-05T12:02:33Z,2026-08-05T14:02:33+0200,a602df8b-e77d-453c-80cb-eeacd1e89d3b,2026-07-09T19:30:00Z,2026-07-09T21:30:00+0200,300.35,EUR/MWh,FR,FR,imbalance_price,Long,2026-08-05T12:06:18Z
2026-08-05T12:02:33Z,2026-08-05T14:02:33+0200,a602df8b-e77d-453c-80cb-eeacd1e89d3b,2026-07-09T19:30:00Z,2026-07-09T21:30:00+0200,328.65,EUR/MWh,FR,FR,imbalance_price,Short,2026-08-05T12:06:18Z
2026-08-05T12:02:33Z,2026-08-05T14:02:33+0200,a602df8b-e77d-453c-80cb-eeacd1e89d3b,2026-07-09T19:45:00Z,2026-07-09T21:45:00+0200,300.35,EUR/MWh,FR,FR,imbalance_price,Long,2026-08-05T12:06:18Z
2026-08-05T12:02:33Z,2026-08-05T14:02:33+0200,a602df8b-e77d-453c-80cb-eeacd1e89d3b,2026-07-09T19:45:00Z,2026-07-09T21:45:00+0200,328.65,EUR/MWh,FR,FR,imbalance_price,Short,2026-08-05T12:06:18Z
2026-08-05T12:02:33Z,2026-08-05T14:02:33+0200,a602df8b-e77d-453c-80cb-eeacd1e89d3b,2026-07-09T20:00:00Z,2026-07-09T22:00:00+0200,339.42,EUR/MWh,FR,FR,imbalance_price,Long,2026-08-05T12:06:18Z
2026-08-05T12:02:33Z,2026-08-05T14:02:33+0200,a602df8b-e77d-453c-80cb-eeacd1e89d3b,2026-07-09T20:00:00Z,2026-07-09T22:00:00+0200,371.4,EUR/MWh,FR,FR,imbalance_price,Short,2026-08-05T12:06:18Z
2026-08-05T12:02:33Z,2026-08-05T14:02:33+0200,a602df8b-e77d-453c-80cb-eeacd1e89d3b,2026-07-09T20:15:00Z,2026-07-09T22:15:00+0200,119.31,EUR/MWh,FR,FR,imbalance_price,Long,2026-08-05T12:06:18Z
2026-08-05T12:02:33Z,2026-08-05T14:02:33+0200,a602df8b-e77d-453c-80cb-eeacd1e89d3b,2026-07-09T20:15:00Z,2026-07-09T22:15:00+0200,130.55,EUR/MWh,FR,FR,imbalance_price,Short,2026-08-05T12:06:18Z
2026-08-05T12:02:33Z,2026-08-05T14:02:33+0200,a602df8b-e77d-453c-80cb-eeacd1e89d3b,2026-07-09T20:30:00Z,2026-07-09T22:30:00+0200,118.53,EUR/MWh,FR,FR,imbalance_price,Long,2026-08-05T12:06:18Z
2026-08-05T12:02:33Z,2026-08-05T14:02:33+0200,a602df8b-e77d-453c-80cb-eeacd1e89d3b,2026-07-09T20:30:00Z,2026-07-09T22:30:00+0200,129.71,EUR/MWh,FR,FR,imbalance_price,Short,2026-08-05T12:06:18Z
2026-08-05T12:02:33Z,2026-08-05T14:02:33+0200,a602df8b-e77d-453c-80cb-eeacd1e89d3b,2026-07-09T20:45:00Z,2026-07-09T22:45:00+0200,114.28,EUR/MWh,FR,FR,imbalance_price,Long,2026-08-05T12:06:18Z
2026-08-05T12:02:33Z,2026-08-05T14:02:33+0200,a602df8b-e77d-453c-80cb-eeacd1e89d3b,2026-07-09T20:45:00Z,2026-07-09T22:45:00+0200,125.06,EUR/MWh,FR,FR,imbalance_price,Short,2026-08-05T12:06:18Z
2026-08-05T12:02:33Z,2026-08-05T14:02:33+0200,a602df8b-e77d-453c-80cb-eeacd1e89d3b,2026-07-09T21:00:00Z,2026-07-09T23:00:00+0200,143.51,EUR/MWh,FR,FR,imbalance_price,Long,2026-08-05T12:06:18Z
2026-08-05T12:02:33Z,2026-08-05T14:02:33+0200,a602df8b-e77d-453c-80cb-eeacd1e89d3b,2026-07-09T21:00:00Z,2026-07-09T23:00:00+0200,157.03,EUR/MWh,FR,FR,imbalance_price,Short,2026-08-05T12:06:18Z
2026-08-05T12:02:33Z,2026-08-05T14:02:33+0200,a602df8b-e77d-453c-80cb-eeacd1e89d3b,2026-07-09T21:15:00Z,2026-07-09T23:15:00+0200,124.92,EUR/MWh,FR,FR,imbalance_price,Long,2026-08-05T12:06:18Z
2026-08-05T12:02:33Z,2026-08-05T14:02:33+0200,a602df8b-e77d-453c-80cb-eeacd1e89d3b,2026-07-09T21:15:00Z,2026-07-09T23:15:00+0200,136.7,EUR/MWh,FR,FR,imbalance_price,Short,2026-08-05T12:06:18Z
2026-08-05T12:02:33Z,2026-08-05T14:02:33+0200,a602df8b-e77d-453c-80cb-eeacd1e89d3b,2026-07-09T21:30:00Z,2026-07-09T23:30:00+0200,123.73,EUR/MWh,FR,FR,imbalance_price,Long,2026-08-05T12:06:18Z
2026-08-05T12:02:33Z,2026-08-05T14:02:33+0200,a602df8b-e77d-453c-80cb-eeacd1e89d3b,2026-07-09T21:30:00Z,2026-07-09T23:30:00+0200,135.39,EUR/MWh,FR,FR,imbalance_price,Short,2026-08-05T12:06:18Z
2026-08-05T12:02:33Z,2026-08-05T14:02:33+0200,a602df8b-e77d-453c-80cb-eeacd1e89d3b,2026-07-09T21:45:00Z,2026-07-09T23:45:00+0200,125.72,EUR/MWh,FR,FR,imbalance_price,Long,2026-08-05T12:06:18Z
2026-08-05T12:02:33Z,2026-08-05T14:02:33+0200,a602df8b-e77d-453c-80cb-eeacd1e89d3b,2026-07-09T21:45:00Z,2026-07-09T23:45:00+0200,137.56,EUR/MWh,FR,FR,imbalance_price,Short,2026-08-05T12:06:18Z
2026-08-05T12:02:33Z,2026-08-05T14:02:33+0200,a602df8b-e77d-453c-80cb-eeacd1e89d3b,2026-07-09T22:00:00Z,2026-07-10T00:00:00+0200,122.85,EUR/MWh,FR,FR,imbalance_price,Long,2026-08-05T12:06:18Z
2026-08-05T12:02:33Z,2026-08-05T14:02:33+0200,a602df8b-e77d-453c-80cb-eeacd1e89d3b,2026-07-09T22:00:00Z,2026-07-10T00:00:00+0200,134.43,EUR/MWh,FR,FR,imbalance_price,Short,2026-08-05T12:06:18Z
2026-08-05T12:02:33Z,2026-08-05T14:02:33+0200,a602df8b-e77d-453c-80cb-eeacd1e89d3b,2026-07-09T22:15:00Z,2026-07-10T00:15:00+0200,141.27,EUR/MWh,FR,FR,imbalance_price,Long,2026-08-05T12:06:18Z
2026-08-05T12:02:33Z,2026-08-05T14:02:33+0200,a602df8b-e77d-453c-80cb-eeacd1e89d3b,2026-07-09T22:15:00Z,2026-07-10T00:15:00+0200,154.59,EUR/MWh,FR,FR,imbalance_price,Short,2026-08-05T12:06:18Z
2026-08-05T12:02:33Z,2026-08-05T14:02:33+0200,a602df8b-e77d-453c-80cb-eeacd1e89d3b,2026-07-09T22:30:00Z,2026-07-10T00:30:00+0200,142.53,EUR/MWh,FR,FR,imbalance_price,Long,2026-08-05T12:06:18Z
2026-08-05T12:02:33Z,2026-08-05T14:02:33+0200,a602df8b-e77d-453c-80cb-eeacd1e89d3b,2026-07-09T22:30:00Z,2026-07-10T00:30:00+0200,155.97,EUR/MWh,FR,FR,imbalance_price,Short,2026-08-05T12:06:18Z
2026-08-05T12:02:33Z,2026-08-05T14:02:33+0200,a602df8b-e77d-453c-80cb-eeacd1e89d3b,2026-07-09T22:45:00Z,2026-07-10T00:45:00+0200,135.08,EUR/MWh,FR,FR,imbalance_price,Long,2026-08-05T12:06:18Z
2026-08-05T12:02:33Z,2026-08-05T14:02:33+0200,a602df8b-e77d-453c-80cb-eeacd1e89d3b,2026-07-09T22:45:00Z,2026-07-10T00:45:00+0200,147.82,EUR/MWh,FR,FR,imbalance_price,Short,2026-08-05T12:06:18Z
2026-08-05T12:02:33Z,2026-08-05T14:02:33+0200,a602df8b-e77d-453c-80cb-eeacd1e89d3b,2026-07-09T23:00:00Z,2026-07-10T01:00:00+0200,151.78,EUR/MWh,FR,FR,imbalance_price,Long,2026-08-05T12:06:18Z
2026-08-05T12:02:33Z,2026-08-05T14:02:33+0200,a602df8b-e77d-453c-80cb-eeacd1e89d3b,2026-07-09T23:00:00Z,2026-07-10T01:00:00+0200,166.08,EUR/MWh,FR,FR,imbalance_price,Short,2026-08-05T12:06:18Z
2026-08-05T12:02:33Z,2026-08-05T14:02:33+0200,a602df8b-e77d-453c-80cb-eeacd1e89d3b,2026-07-09T23:15:00Z,2026-07-10T01:15:00+0200,155.76,EUR/MWh,FR,FR,imbalance_price,Long,2026-08-05T12:06:18Z
2026-08-05T12:02:33Z,2026-08-05T14:02:33+0200,a602df8b-e77d-453c-80cb-eeacd1e89d3b,2026-07-09T23:15:00Z,2026-07-10T01:15:00+0200,170.44,EUR/MWh,FR,FR,imbalance_price,Short,2026-08-05T12:06:18Z
2026-08-05T12:02:33Z,2026-08-05T14:02:33+0200,a602df8b-e77d-453c-80cb-eeacd1e89d3b,2026-07-09T23:30:00Z,2026-07-10T01:30:00+0200,150.82,EUR/MWh,FR,FR,imbalance_price,Long,2026-08-05T12:06:18Z
2026-08-05T12:02:33Z,2026-08-05T14:02:33+0200,a602df8b-e77d-453c-80cb-eeacd1e89d3b,2026-07-09T23:30:00Z,2026-07-10T01:30:00+0200,165.04,EUR/MWh,FR,FR,imbalance_price,Short,2026-08-05T12:06:18Z
2026-08-05T12:02:33Z,2026-08-05T14:02:33+0200,a602df8b-e77d-453c-80cb-eeacd1e89d3b,2026-07-09T23:45:00Z,2026-07-10T01:45:00+0200,147.18,EUR/MWh,FR,FR,imbalance_price,Long,2026-08-05T12:06:18Z
2026-08-05T12:02:33Z,2026-08-05T14:02:33+0200,a602df8b-e77d-453c-80cb-eeacd1e89d3b,2026-07-09T23:45:00Z,2026-07-10T01:45:00+0200,161.04,EUR/MWh,FR,FR,imbalance_price,Short,2026-08-05T12:06:18Z
2026-08-05T12:02:33Z,2026-08-05T14:02:33+0200,a602df8b-e77d-453c-80cb-eeacd1e89d3b,2026-07-10T00:00:00Z,2026-07-10T02:00:00+0200,137.03,EUR/MWh,FR,FR,imbalance_price,Long,2026-08-05T12:06:18Z
2026-08-05T12:02:33Z,2026-08-05T14:02:33+0200,a602df8b-e77d-453c-80cb-eeacd1e89d3b,2026-07-10T00:00:00Z,2026-07-10T02:00:00+0200,149.95,EUR/MWh,FR,FR,imbalance_price,Short,2026-08-05T12:06:18Z
2026-08-05T12:02:33Z,2026-08-05T14:02:33+0200,a602df8b-e77d-453c-80cb-eeacd1e89d3b,2026-07-10T00:15:00Z,2026-07-10T02:15:00+0200,136.95,EUR/MWh,FR,FR,imbalance_price,Long,2026-08-05T12:06:18Z
2026-08-05T12:02:33Z,2026-08-05T14:02:33+0200,a602df8b-e77d-453c-80cb-eeacd1e89d3b,2026-07-10T00:15:00Z,2026-07-10T02:15:00+0200,149.85,EUR/MWh,FR,FR,imbalance_price,Short,2026-08-05T12:06:18Z
2026-08-05T12:02:33Z,2026-08-05T14:02:33+0200,a602df8b-e77d-453c-80cb-eeacd1e89d3b,2026-07-10T00:30:00Z,2026-07-10T02:30:00+0200,134.86,EUR/MWh,FR,FR,imbalance_price,Long,2026-08-05T12:06:18Z
2026-08-05T12:02:33Z,2026-08-05T14:02:33+0200,a602df8b-e77d-453c-80cb-eeacd1e89d3b,2026-07-10T00:30:00Z,2026-07-10T02:30:00+0200,147.56,EUR/MWh,FR,FR,imbalance_price,Short,2026-08-05T12:06:18Z
2026-08-05T12:02:33Z,2026-08-05T14:02:33+0200,a602df8b-e77d-453c-80cb-eeacd1e89d3b,2026-07-10T00:45:00Z,2026-07-10T02:45:00+0200,135.62,EUR/MWh,FR,FR,imbalance_price,Long,2026-08-05T12:06:18Z
2026-08-05T12:02:33Z,2026-08-05T14:02:33+0200,a602df8b-e77d-453c-80cb-eeacd1e89d3b,2026-07-10T00:45:00Z,2026-07-10T02:45:00+0200,148.4,EUR/MWh,FR,FR,imbalance_price,Short,2026-08-05T12:06:18Z
2026-08-05T12:02:33Z,2026-08-05T14:02:33+0200,a602df8b-e77d-453c-80cb-eeacd1e89d3b,2026-07-10T01:00:00Z,2026-07-10T03:00:00+0200,136.91,EUR/MWh,FR,FR,imbalance_price,Long,2026-08-05T12:06:18Z
2026-08-05T12:02:33Z,2026-08-05T14:02:33+0200,a602df8b-e77d-453c-80cb-eeacd1e89d3b,2026-07-10T01:00:00Z,2026-07-10T03:00:00+0200,149.81,EUR/MWh,FR,FR,imbalance_price,Short,2026-08-05T12:06:18Z
2026-08-05T12:02:33Z,2026-08-05T14:02:33+0200,a602df8b-e77d-453c-80cb-eeacd1e89d3b,2026-07-10T01:15:00Z,2026-07-10T03:15:00+0200,136.91,EUR/MWh,FR,FR,imbalance_price,Long,2026-08-05T12:06:18Z
2026-08-05T12:02:33Z,2026-08-05T14:02:33+0200,a602df8b-e77d-453c-80cb-eeacd1e89d3b,2026-07-10T01:15:00Z,2026-07-10T03:15:00+0200,149.81,EUR/MWh,FR,FR,imbalance_price,Short,2026-08-05T12:06:18Z
2026-08-05T12:02:33Z,2026-08-05T14:02:33+0200,a602df8b-e77d-453c-80cb-eeacd1e89d3b,2026-07-10T01:30:00Z,2026-07-10T03:30:00+0200,135.76,EUR/MWh,FR,FR,imbalance_price,Long,2026-08-05T12:06:18Z
2026-08-05T12:02:33Z,2026-08-05T14:02:33+0200,a602df8b-e77d-453c-80cb-eeacd1e89d3b,2026-07-10T01:30:00Z,2026-07-10T03:30:00+0200,148.56,EUR/MWh,FR,FR,imbalance_price,Short,2026-08-05T12:06:18Z
2026-08-05T12:02:33Z,2026-08-05T14:02:33+0200,a602df8b-e77d-453c-80cb-eeacd1e89d3b,2026-07-10T01:45:00Z,2026-07-10T03:45:00+0200,135.76,EUR/MWh,FR,FR,imbalance_price,Long,2026-08-05T12:06:18Z
2026-08-05T12:02:33Z,2026-08-05T14:02:33+0200,a602df8b-e77d-453c-80cb-eeacd1e89d3b,2026-07-10T01:45:00Z,2026-07-10T03:45:00+0200,148.56,EUR/MWh,FR,FR,imbalance_price,Short,2026-08-05T12:06:18Z
2026-08-05T12:02:33Z,2026-08-05T14:02:33+0200,a602df8b-e77d-453c-80cb-eeacd1e89d3b,2026-07-10T02:00:00Z,2026-07-10T04:00:00+0200,149.65,EUR/MWh,FR,FR,imbalance_price,Long,2026-08-05T12:06:18Z
2026-08-05T12:02:33Z,2026-08-05T14:02:33+0200,a602df8b-e77d-453c-80cb-eeacd1e89d3b,2026-07-10T02:00:00Z,2026-07-10T04:00:00+0200,163.75,EUR/MWh,FR,FR,imbalance_price,Short,2026-08-05T12:06:18Z
2026-08-05T12:02:33Z,2026-08-05T14:02:33+0200,a602df8b-e77d-453c-80cb-eeacd1e89d3b,2026-07-10T02:15:00Z,2026-07-10T04:15:00+0200,156.43,EUR/MWh,FR,FR,imbalance_price,Long,2026-08-05T12:06:18Z
2026-08-05T12:02:33Z,2026-08-05T14:02:33+0200,a602df8b-e77d-453c-80cb-eeacd1e89d3b,2026-07-10T02:15:00Z,2026-07-10T04:15:00+0200,171.17,EUR/MWh,FR,FR,imbalance_price,Short,2026-08-05T12:06:18Z
2026-08-05T12:02:33Z,2026-08-05T14:02:33+0200,a602df8b-e77d-453c-80cb-eeacd1e89d3b,2026-07-10T02:30:00Z,2026-07-10T04:30:00+0200,156.83,EUR/MWh,FR,FR,imbalance_price,Long,2026-08-05T12:06:18Z
2026-08-05T12:02:33Z,2026-08-05T14:02:33+0200,a602df8b-e77d-453c-80cb-eeacd1e89d3b,2026-07-10T02:30:00Z,2026-07-10T04:30:00+0200,171.61,EUR/MWh,FR,FR,imbalance_price,Short,2026-08-05T12:06:18Z
2026-08-05T12:02:33Z,2026-08-05T14:02:33+0200,a602df8b-e77d-453c-80cb-eeacd1e89d3b,2026-07-10T02:45:00Z,2026-07-10T04:45:00+0200,156.94,EUR/MWh,FR,FR,imbalance_price,Long,2026-08-05T12:06:18Z
2026-08-05T12:02:33Z,2026-08-05T14:02:33+0200,a602df8b-e77d-453c-80cb-eeacd1e89d3b,2026-07-10T02:45:00Z,2026-07-10T04:45:00+0200,171.74,EUR/MWh,FR,FR,imbalance_price,Short,2026-08-05T12:06:18Z
2026-08-05T12:02:33Z,2026-08-05T14:02:33+0200,a602df8b-e77d-453c-80cb-eeacd1e89d3b,2026-07-10T03:00:00Z,2026-07-10T05:00:00+0200,152.7,EUR/MWh,FR,FR,imbalance_price,Long,2026-08-05T12:06:18Z
2026-08-05T12:02:33Z,2026-08-05T14:02:33+0200,a602df8b-e77d-453c-80cb-eeacd1e89d3b,2026-07-10T03:00:00Z,2026-07-10T05:00:00+0200,167.1,EUR/MWh,FR,FR,imbalance_price,Short,2026-08-05T12:06:18Z
2026-08-05T12:02:33Z,2026-08-05T14:02:33+0200,a602df8b-e77d-453c-80cb-eeacd1e89d3b,2026-07-10T03:15:00Z,2026-07-10T05:15:00+0200,151.21,EUR/MWh,FR,FR,imbalance_price,Long,2026-08-05T12:06:18Z
2026-08-05T12:02:33Z,2026-08-05T14:02:33+0200,a602df8b-e77d-453c-80cb-eeacd1e89d3b,2026-07-10T03:15:00Z,2026-07-10T05:15:00+0200,165.45,EUR/MWh,FR,FR,imbalance_price,Short,2026-08-05T12:06:18Z
2026-08-05T12:02:33Z,2026-08-05T14:02:33+0200,a602df8b-e77d-453c-80cb-eeacd1e89d3b,2026-07-10T03:30:00Z,2026-07-10T05:30:00+0200,151.78,EUR/MWh,FR,FR,imbalance_price,Long,2026-08-05T12:06:18Z
2026-08-05T12:02:33Z,2026-08-05T14:02:33+0200,a602df8b-e77d-453c-80cb-eeacd1e89d3b,2026-07-10T03:30:00Z,2026-07-10T05:30:00+0200,166.08,EUR/MWh,FR,FR,imbalance_price,Short,2026-08-05T12:06:18Z
2026-08-05T12:02:33Z,2026-08-05T14:02:33+0200,a602df8b-e77d-453c-80cb-eeacd1e89d3b,2026-07-10T03:45:00Z,2026-07-10T05:45:00+0200,148.83,EUR/MWh,FR,FR,imbalance_price,Long,2026-08-05T12:06:18Z
2026-08-05T12:02:33Z,2026-08-05T14:02:33+0200,a602df8b-e77d-453c-80cb-eeacd1e89d3b,2026-07-10T03:45:00Z,2026-07-10T05:45:00+0200,162.85,EUR/MWh,FR,FR,imbalance_price,Short,2026-08-05T12:06:18Z
2026-08-05T12:02:33Z,2026-08-05T14:02:33+0200,a602df8b-e77d-453c-80cb-eeacd1e89d3b,2026-07-10T04:00:00Z,2026-07-10T06:00:00+0200,164.3,EUR/MWh,FR,FR,imbalance_price,Long,2026-08-05T12:06:18Z
2026-08-05T12:02:33Z,2026-08-05T14:02:33+0200,a602df8b-e77d-453c-80cb-eeacd1e89d3b,2026-07-10T04:00:00Z,2026-07-10T06:00:00+0200,179.78,EUR/MWh,FR,FR,imbalance_price,Short,2026-08-05T12:06:18Z
2026-08-05T12:02:33Z,2026-08-05T14:02:33+0200,a602df8b-e77d-453c-80cb-eeacd1e89d3b,2026-07-10T04:15:00Z,2026-07-10T06:15:00+0200,164.3,EUR/MWh,FR,FR,imbalance_price,Long,2026-08-05T12:06:18Z
2026-08-05T12:02:33Z,2026-08-05T14:02:33+0200,a602df8b-e77d-453c-80cb-eeacd1e89d3b,2026-07-10T04:15:00Z,2026-07-10T06:15:00+0200,179.78,EUR/MWh,FR,FR,imbalance_price,Short,2026-08-05T12:06:18Z
2026-08-05T12:02:33Z,2026-08-05T14:02:33+0200,a602df8b-e77d-453c-80cb-eeacd1e89d3b,2026-07-10T04:30:00Z,2026-07-10T06:30:00+0200,164.3,EUR/MWh,FR,FR,imbalance_price,Long,2026-08-05T12:06:18Z
2026-08-05T12:02:33Z,2026-08-05T14:02:33+0200,a602df8b-e77d-453c-80cb-eeacd1e89d3b,2026-07-10T04:30:00Z,2026-07-10T06:30:00+0200,179.78,EUR/MWh,FR,FR,imbalance_price,Short,2026-08-05T12:06:18Z
2026-08-05T12:02:33Z,2026-08-05T14:02:33+0200,a602df8b-e77d-453c-80cb-eeacd1e89d3b,2026-07-10T04:45:00Z,2026-07-10T06:45:00+0200,164.3,EUR/MWh,FR,FR,imbalance_price,Long,2026-08-05T12:06:18Z
2026-08-05T12:02:33Z,2026-08-05T14:02:33+0200,a602df8b-e77d-453c-80cb-eeacd1e89d3b,2026-07-10T04:45:00Z,2026-07-10T06:45:00+0200,179.78,EUR/MWh,FR,FR,imbalance_price,Short,2026-08-05T12:06:18Z
2026-08-05T12:02:33Z,2026-08-05T14:02:33+0200,a602df8b-e77d-453c-80cb-eeacd1e89d3b,2026-07-10T05:00:00Z,2026-07-10T07:00:00+0200,158.12,EUR/MWh,FR,FR,imbalance_price,Long,2026-08-05T12:06:18Z
2026-08-05T12:02:33Z,2026-08-05T14:02:33+0200,a602df8b-e77d-453c-80cb-eeacd1e89d3b,2026-07-10T05:00:00Z,2026-07-10T07:00:00+0200,173.02,EUR/MWh,FR,FR,imbalance_price,Short,2026-08-05T12:06:18Z
2026-08-05T12:02:33Z,2026-08-05T14:02:33+0200,a602df8b-e77d-453c-80cb-eeacd1e89d3b,2026-07-10T05:15:00Z,2026-07-10T07:15:00+0200,148.01,EUR/MWh,FR,FR,imbalance_price,Long,2026-08-05T12:06:18Z
2026-08-05T12:02:33Z,2026-08-05T14:02:33+0200,a602df8b-e77d-453c-80cb-eeacd1e89d3b,2026-07-10T05:15:00Z,2026-07-10T07:15:00+0200,161.95,EUR/MWh,FR,FR,imbalance_price,Short,2026-08-05T12:06:18Z
2026-08-05T12:02:33Z,2026-08-05T14:02:33+0200,a602df8b-e77d-453c-80cb-eeacd1e89d3b,2026-07-10T05:30:00Z,2026-07-10T07:30:00+0200,155.06,EUR/MWh,FR,FR,imbalance_price,Long,2026-08-05T12:06:18Z
2026-08-05T12:02:33Z,2026-08-05T14:02:33+0200,a602df8b-e77d-453c-80cb-eeacd1e89d3b,2026-07-10T05:30:00Z,2026-07-10T07:30:00+0200,169.68,EUR/MWh,FR,FR,imbalance_price,Short,2026-08-05T12:06:18Z
2026-08-05T12:02:33Z,2026-08-05T14:02:33+0200,a602df8b-e77d-453c-80cb-eeacd1e89d3b,2026-07-10T05:45:00Z,2026-07-10T07:45:00+0200,159.1,EUR/MWh,FR,FR,imbalance_price,Long,2026-08-05T12:06:18Z
2026-08-05T12:02:33Z,2026-08-05T14:02:33+0200,a602df8b-e77d-453c-80cb-eeacd1e89d3b,2026-07-10T05:45:00Z,2026-07-10T07:45:00+0200,174.1,EUR/MWh,FR,FR,imbalance_price,Short,2026-08-05T12:06:18Z
2026-08-05T12:02:33Z,2026-08-05T14:02:33+0200,a602df8b-e77d-453c-80cb-eeacd1e89d3b,2026-07-10T06:00:00Z,2026-07-10T08:00:00+0200,139.45,EUR/MWh,FR,FR,imbalance_price,Long,2026-08-05T12:06:18Z
2026-08-05T12:02:33Z,2026-08-05T14:02:33+0200,a602df8b-e77d-453c-80cb-eeacd1e89d3b,2026-07-10T06:00:00Z,2026-07-10T08:00:00+0200,152.59,EUR/MWh,FR,FR,imbalance_price,Short,2026-08-05T12:06:18Z
2026-08-05T12:02:33Z,2026-08-05T14:02:33+0200,a602df8b-e77d-453c-80cb-eeacd1e89d3b,2026-07-10T06:15:00Z,2026-07-10T08:15:00+0200,140.4,EUR/MWh,FR,FR,imbalance_price,Long,2026-08-05T12:06:18Z
2026-08-05T12:02:33Z,2026-08-05T14:02:33+0200,a602df8b-e77d-453c-80cb-eeacd1e89d3b,2026-07-10T06:15:00Z,2026-07-10T08:15:00+0200,153.64,EUR/MWh,FR,FR,imbalance_price,Short,2026-08-05T12:06:18Z
2026-08-05T12:02:33Z,2026-08-05T14:02:33+0200,a602df8b-e77d-453c-80cb-eeacd1e89d3b,2026-07-10T06:30:00Z,2026-07-10T08:30:00+0200,146.54,EUR/MWh,FR,FR,imbalance_price,Long,2026-08-05T12:06:18Z
2026-08-05T12:02:33Z,2026-08-05T14:02:33+0200,a602df8b-e77d-453c-80cb-eeacd1e89d3b,2026-07-10T06:30:00Z,2026-07-10T08:30:00+0200,160.34,EUR/MWh,FR,FR,imbalance_price,Short,2026-08-05T12:06:18Z
2026-08-05T12:02:33Z,2026-08-05T14:02:33+0200,a602df8b-e77d-453c-80cb-eeacd1e89d3b,2026-07-10T06:45:00Z,2026-07-10T08:45:00+0200,146.48,EUR/MWh,FR,FR,imbalance_price,Long,2026-08-05T12:06:18Z
2026-08-05T12:02:33Z,2026-08-05T14:02:33+0200,a602df8b-e77d-453c-80cb-eeacd1e89d3b,2026-07-10T06:45:00Z,2026-07-10T08:45:00+0200,160.28,EUR/MWh,FR,FR,imbalance_price,Short,2026-08-05T12:06:18Z
2026-08-05T12:02:33Z,2026-08-05T14:02:33+0200,a602df8b-e77d-453c-80cb-eeacd1e89d3b,2026-07-10T07:00:00Z,2026-07-10T09:00:00+0200,141.61,EUR/MWh,FR,FR,imbalance_price,Long,2026-08-05T12:06:18Z
2026-08-05T12:02:33Z,2026-08-05T14:02:33+0200,a602df8b-e77d-453c-80cb-eeacd1e89d3b,2026-07-10T07:00:00Z,2026-07-10T09:00:00+0200,154.95,EUR/MWh,FR,FR,imbalance_price,Short,2026-08-05T12:06:18Z
2026-08-05T12:02:33Z,2026-08-05T14:02:33+0200,a602df8b-e77d-453c-80cb-eeacd1e89d3b,2026-07-10T07:15:00Z,2026-07-10T09:15:00+0200,153.25,EUR/MWh,FR,FR,imbalance_price,Long,2026-08-05T12:06:18Z
2026-08-05T12:02:33Z,2026-08-05T14:02:33+0200,a602df8b-e77d-453c-80cb-eeacd1e89d3b,2026-07-10T07:15:00Z,2026-07-10T09:15:00+0200,167.69,EUR/MWh,FR,FR,imbalance_price,Short,2026-08-05T12:06:18Z
2026-08-05T12:02:33Z,2026-08-05T14:02:33+0200,a602df8b-e77d-453c-80cb-eeacd1e89d3b,2026-07-10T07:30:00Z,2026-07-10T09:30:00+0200,155.17,EUR/MWh,FR,FR,imbalance_price,Long,2026-08-05T12:06:18Z
2026-08-05T12:02:33Z,2026-08-05T14:02:33+0200,a602df8b-e77d-453c-80cb-eeacd1e89d3b,2026-07-10T07:30:00Z,2026-07-10T09:30:00+0200,169.79,EUR/MWh,FR,FR,imbalance_price,Short,2026-08-05T12:06:18Z
2026-08-05T12:02:33Z,2026-08-05T14:02:33+0200,a602df8b-e77d-453c-80cb-eeacd1e89d3b,2026-07-10T07:45:00Z,2026-07-10T09:45:00+0200,144.84,EUR/MWh,FR,FR,imbalance_price,Long,2026-08-05T12:06:18Z
2026-08-05T12:02:33Z,2026-08-05T14:02:33+0200,a602df8b-e77d-453c-80cb-eeacd1e89d3b,2026-07-10T07:45:00Z,2026-07-10T09:45:00+0200,158.48,EUR/MWh,FR,FR,imbalance_price,Short,2026-08-05T12:06:18Z
2026-08-05T12:02:33Z,2026-08-05T14:02:33+0200,a602df8b-e77d-453c-80cb-eeacd1e89d3b,2026-07-10T08:00:00Z,2026-07-10T10:00:00+0200,-17.56,EUR/MWh,FR,FR,imbalance_price,Long,2026-08-05T12:06:18Z
2026-08-05T12:02:33Z,2026-08-05T14:02:33+0200,a602df8b-e77d-453c-80cb-eeacd1e89d3b,2026-07-10T08:00:00Z,2026-07-10T10:00:00+0200,-16.04,EUR/MWh,FR,FR,imbalance_price,Short,2026-08-05T12:06:18Z
2026-08-05T12:02:33Z,2026-08-05T14:02:33+0200,a602df8b-e77d-453c-80cb-eeacd1e89d3b,2026-07-10T08:15:00Z,2026-07-10T10:15:00+0200,-77.77,EUR/MWh,FR,FR,imbalance_price,Long,2026-08-05T12:06:18Z
2026-08-05T12:02:33Z,2026-08-05T14:02:33+0200,a602df8b-e77d-453c-80cb-eeacd1e89d3b,2026-07-10T08:15:00Z,2026-07-10T10:15:00+0200,-71.07,EUR/MWh,FR,FR,imbalance_price,Short,2026-08-05T12:06:18Z
2026-08-05T12:02:33Z,2026-08-05T14:02:33+0200,a602df8b-e77d-453c-80cb-eeacd1e89d3b,2026-07-10T08:30:00Z,2026-07-10T10:30:00+0200,5.56,EUR/MWh,FR,FR,imbalance_price,Long,2026-08-05T12:06:18Z
2026-08-05T12:02:33Z,2026-08-05T14:02:33+0200,a602df8b-e77d-453c-80cb-eeacd1e89d3b,2026-07-10T08:30:00Z,2026-07-10T10:30:00+0200,6.08,EUR/MWh,FR,FR,imbalance_price,Short,2026-08-05T12:06:18Z
2026-08-05T12:02:33Z,2026-08-05T14:02:33+0200,a602df8b-e77d-453c-80cb-eeacd1e89d3b,2026-07-10T08:45:00Z,2026-07-10T10:45:00+0200,-384.16,EUR/MWh,FR,FR,imbalance_price,Long,2026-08-05T12:06:18Z
2026-08-05T12:02:33Z,2026-08-05T14:02:33+0200,a602df8b-e77d-453c-80cb-eeacd1e89d3b,2026-07-10T08:45:00Z,2026-07-10T10:45:00+0200,-351.08,EUR/MWh,FR,FR,imbalance_price,Short,2026-08-05T12:06:18Z
2026-08-05T12:02:33Z,2026-08-05T14:02:33+0200,a602df8b-e77d-453c-80cb-eeacd1e89d3b,2026-07-10T09:00:00Z,2026-07-10T11:00:00+0200,-51.99,EUR/MWh,FR,FR,imbalance_price,Long,2026-08-05T12:06:18Z
2026-08-05T12:02:33Z,2026-08-05T14:02:33+0200,a602df8b-e77d-453c-80cb-eeacd1e89d3b,2026-07-10T09:00:00Z,2026-07-10T11:00:00+0200,-47.51,EUR/MWh,FR,FR,imbalance_price,Short,2026-08-05T12:06:18Z
2026-08-05T12:02:33Z,2026-08-05T14:02:33+0200,a602df8b-e77d-453c-80cb-eeacd1e89d3b,2026-07-10T09:15:00Z,2026-07-10T11:15:00+0200,-142.29,EUR/MWh,FR,FR,imbalance_price,Long,2026-08-05T12:06:18Z
2026-08-05T12:02:33Z,2026-08-05T14:02:33+0200,a602df8b-e77d-453c-80cb-eeacd1e89d3b,2026-07-10T09:15:00Z,2026-07-10T11:15:00+0200,-130.03,EUR/MWh,FR,FR,imbalance_price,Short,2026-08-05T12:06:18Z
2026-08-05T12:02:33Z,2026-08-05T14:02:33+0200,a602df8b-e77d-453c-80cb-eeacd1e89d3b,2026-07-10T09:30:00Z,2026-07-10T11:30:00+0200,-15.58,EUR/MWh,FR,FR,imbalance_price,Long,2026-08-05T12:06:18Z
2026-08-05T12:02:33Z,2026-08-05T14:02:33+0200,a602df8b-e77d-453c-80cb-eeacd1e89d3b,2026-07-10T09:30:00Z,2026-07-10T11:30:00+0200,-14.24,EUR/MWh,FR,FR,imbalance_price,Short,2026-08-05T12:06:18Z
2026-08-05T12:02:33Z,2026-08-05T14:02:33+0200,a602df8b-e77d-453c-80cb-eeacd1e89d3b,2026-07-10T09:45:00Z,2026-07-10T11:45:00+0200,3.45,EUR/MWh,FR,FR,imbalance_price,Long,2026-08-05T12:06:18Z
2026-08-05T12:02:33Z,2026-08-05T14:02:33+0200,a602df8b-e77d-453c-80cb-eeacd1e89d3b,2026-07-10T09:45:00Z,2026-07-10T11:45:00+0200,3.77,EUR/MWh,FR,FR,imbalance_price,Short,2026-08-05T12:06:18Z
2026-08-05T12:02:33Z,2026-08-05T14:02:33+0200,a602df8b-e77d-453c-80cb-eeacd1e89d3b,2026-07-10T10:00:00Z,2026-07-10T12:00:00+0200,-26.23,EUR/MWh,FR,FR,imbalance_price,Long,2026-08-05T12:06:18Z
2026-08-05T12:02:33Z,2026-08-05T14:02:33+0200,a602df8b-e77d-453c-80cb-eeacd1e89d3b,2026-07-10T10:00:00Z,2026-07-10T12:00:00+0200,-23.97,EUR/MWh,FR,FR,imbalance_price,Short,2026-08-05T12:06:18Z
2026-08-05T12:02:33Z,2026-08-05T14:02:33+0200,a602df8b-e77d-453c-80cb-eeacd1e89d3b,2026-07-10T10:15:00Z,2026-07-10T12:15:00+0200,-60.47,EUR/MWh,FR,FR,imbalance_price,Long,2026-08-05T12:06:18Z
2026-08-05T12:02:33Z,2026-08-05T14:02:33+0200,a602df8b-e77d-453c-80cb-eeacd1e89d3b,2026-07-10T10:15:00Z,2026-07-10T12:15:00+0200,-55.27,EUR/MWh,FR,FR,imbalance_price,Short,2026-08-05T12:06:18Z
2026-08-05T12:02:33Z,2026-08-05T14:02:33+0200,a602df8b-e77d-453c-80cb-eeacd1e89d3b,2026-07-10T10:30:00Z,2026-07-10T12:30:00+0200,-46.24,EUR/MWh,FR,FR,imbalance_price,Long,2026-08-05T12:06:18Z
2026-08-05T12:02:33Z,2026-08-05T14:02:33+0200,a602df8b-e77d-453c-80cb-eeacd1e89d3b,2026-07-10T10:30:00Z,2026-07-10T12:30:00+0200,-42.26,EUR/MWh,FR,FR,imbalance_price,Short,2026-08-05T12:06:18Z
2026-08-05T12:02:33Z,2026-08-05T14:02:33+0200,a602df8b-e77d-453c-80cb-eeacd1e89d3b,2026-07-10T10:45:00Z,2026-07-10T12:45:00+0200,-56.03,EUR/MWh,FR,FR,imbalance_price,Long,2026-08-05T12:06:18Z
2026-08-05T12:02:33Z,2026-08-05T14:02:33+0200,a602df8b-e77d-453c-80cb-eeacd1e89d3b,2026-07-10T10:45:00Z,2026-07-10T12:45:00+0200,-51.21,EUR/MWh,FR,FR,imbalance_price,Short,2026-08-05T12:06:18Z
2026-08-05T12:02:33Z,2026-08-05T14:02:33+0200,a602df8b-e77d-453c-80cb-eeacd1e89d3b,2026-07-10T11:00:00Z,2026-07-10T13:00:00+0200,23.96,EUR/MWh,FR,FR,imbalance_price,Long,2026-08-05T12:06:18Z
2026-08-05T12:02:33Z,2026-08-05T14:02:33+0200,a602df8b-e77d-453c-80cb-eeacd1e89d3b,2026-07-10T11:00:00Z,2026-07-10T13:00:00+0200,26.22,EUR/MWh,FR,FR,imbalance_price,Short,2026-08-05T12:06:18Z
2026-08-05T12:02:33Z,2026-08-05T14:02:33+0200,a602df8b-e77d-453c-80cb-eeacd1e89d3b,2026-07-10T11:15:00Z,2026-07-10T13:15:00+0200,17.5,EUR/MWh,FR,FR,imbalance_price,Long,2026-08-05T12:06:18Z
2026-08-05T12:02:33Z,2026-08-05T14:02:33+0200,a602df8b-e77d-453c-80cb-eeacd1e89d3b,2026-07-10T11:15:00Z,2026-07-10T13:15:00+0200,19.14,EUR/MWh,FR,FR,imbalance_price,Short,2026-08-05T12:06:18Z
2026-08-05T12:02:33Z,2026-08-05T14:02:33+0200,a602df8b-e77d-453c-80cb-eeacd1e89d3b,2026-07-10T11:30:00Z,2026-07-10T13:30:00+0200,-43.86,EUR/MWh,FR,FR,imbalance_price,Long,2026-08-05T12:06:18Z
2026-08-05T12:02:33Z,2026-08-05T14:02:33+0200,a602df8b-e77d-453c-80cb-eeacd1e89d3b,2026-07-10T11:30:00Z,2026-07-10T13:30:00+0200,-40.08,EUR/MWh,FR,FR,imbalance_price,Short,2026-08-05T12:06:18Z
2026-08-05T12:02:33Z,2026-08-05T14:02:33+0200,a602df8b-e77d-453c-80cb-eeacd1e89d3b,2026-07-10T11:45:00Z,2026-07-10T13:45:00+0200,-66.03,EUR/MWh,FR,FR,imbalance_price,Long,2026-08-05T12:06:18Z
2026-08-05T12:02:33Z,2026-08-05T14:02:33+0200,a602df8b-e77d-453c-80cb-eeacd1e89d3b,2026-07-10T11:45:00Z,2026-07-10T13:45:00+0200,-60.35,EUR/MWh,FR,FR,imbalance_price,Short,2026-08-05T12:06:18Z
2026-08-05T12:02:33Z,2026-08-05T14:02:33+0200,a602df8b-e77d-453c-80cb-eeacd1e89d3b,2026-07-10T12:00:00Z,2026-07-10T14:00:00+0200,-122.25,EUR/MWh,FR,FR,imbalance_price,Long,2026-08-05T12:06:18Z
2026-08-05T12:02:33Z,2026-08-05T14:02:33+0200,a602df8b-e77d-453c-80cb-eeacd1e89d3b,2026-07-10T12:00:00Z,2026-07-10T14:00:00+0200,-111.73,EUR/MWh,FR,FR,imbalance_price,Short,2026-08-05T12:06:18Z
2026-08-05T12:02:33Z,2026-08-05T14:02:33+0200,a602df8b-e77d-453c-80cb-eeacd1e89d3b,2026-07-10T12:15:00Z,2026-07-10T14:15:00+0200,-117.94,EUR/MWh,FR,FR,imbalance_price,Long,2026-08-05T12:06:18Z
2026-08-05T12:02:33Z,2026-08-05T14:02:33+0200,a602df8b-e77d-453c-80cb-eeacd1e89d3b,2026-07-10T12:15:00Z,2026-07-10T14:15:00+0200,-107.78,EUR/MWh,FR,FR,imbalance_price,Short,2026-08-05T12:06:18Z
2026-08-05T12:02:33Z,2026-08-05T14:02:33+0200,a602df8b-e77d-453c-80cb-eeacd1e89d3b,2026-07-10T12:30:00Z,2026-07-10T14:30:00+0200,-108.03,EUR/MWh,FR,FR,imbalance_price,Long,2026-08-05T12:06:18Z
2026-08-05T12:02:33Z,2026-08-05T14:02:33+0200,a602df8b-e77d-453c-80cb-eeacd1e89d3b,2026-07-10T12:30:00Z,2026-07-10T14:30:00+0200,-98.73,EUR/MWh,FR,FR,imbalance_price,Short,2026-08-05T12:06:18Z
2026-08-05T12:02:33Z,2026-08-05T14:02:33+0200,a602df8b-e77d-453c-80cb-eeacd1e89d3b,2026-07-10T12:45:00Z,2026-07-10T14:45:00+0200,-81.32,EUR/MWh,FR,FR,imbalance_price,Long,2026-08-05T12:06:18Z
2026-08-05T12:02:33Z,2026-08-05T14:02:33+0200,a602df8b-e77d-453c-80cb-eeacd1e89d3b,2026-07-10T12:45:00Z,2026-07-10T14:45:00+0200,-74.32,EUR/MWh,FR,FR,imbalance_price,Short,2026-08-05T12:06:18Z
2026-08-05T12:02:33Z,2026-08-05T14:02:33+0200,a602df8b-e77d-453c-80cb-eeacd1e89d3b,2026-07-10T13:00:00Z,2026-07-10T15:00:00+0200,-70.4,EUR/MWh,FR,FR,imbalance_price,Long,2026-08-05T12:06:18Z
2026-08-05T12:02:33Z,2026-08-05T14:02:33+0200,a602df8b-e77d-453c-80cb-eeacd1e89d3b,2026-07-10T13:00:00Z,2026-07-10T15:00:00+0200,-64.34,EUR/MWh,FR,FR,imbalance_price,Short,2026-08-05T12:06:18Z
2026-08-05T12:02:33Z,2026-08-05T14:02:33+0200,a602df8b-e77d-453c-80cb-eeacd1e89d3b,2026-07-10T13:15:00Z,2026-07-10T15:15:00+0200,-55.23,EUR/MWh,FR,FR,imbalance_price,Long,2026-08-05T12:06:18Z
2026-08-05T12:02:33Z,2026-08-05T14:02:33+0200,a602df8b-e77d-453c-80cb-eeacd1e89d3b,2026-07-10T13:15:00Z,2026-07-10T15:15:00+0200,-50.47,EUR/MWh,FR,FR,imbalance_price,Short,2026-08-05T12:06:18Z
2026-08-05T12:02:33Z,2026-08-05T14:02:33+0200,a602df8b-e77d-453c-80cb-eeacd1e89d3b,2026-07-10T13:30:00Z,2026-07-10T15:30:00+0200,12.66,EUR/MWh,FR,FR,imbalance_price,Long,2026-08-05T12:06:18Z
2026-08-05T12:02:33Z,2026-08-05T14:02:33+0200,a602df8b-e77d-453c-80cb-eeacd1e89d3b,2026-07-10T13:30:00Z,2026-07-10T15:30:00+0200,13.86,EUR/MWh,FR,FR,imbalance_price,Short,2026-08-05T12:06:18Z
2026-08-05T12:02:33Z,2026-08-05T14:02:33+0200,a602df8b-e77d-453c-80cb-eeacd1e89d3b,2026-07-10T13:45:00Z,2026-07-10T15:45:00+0200,2.9,EUR/MWh,FR,FR,imbalance_price,Long,2026-08-05T12:06:18Z
2026-08-05T12:02:33Z,2026-08-05T14:02:33+0200,a602df8b-e77d-453c-80cb-eeacd1e89d3b,2026-07-10T13:45:00Z,2026-07-10T15:45:00+0200,3.18,EUR/MWh,FR,FR,imbalance_price,Short,2026-08-05T12:06:18Z
2026-08-05T12:02:33Z,2026-08-05T14:02:33+0200,a602df8b-e77d-453c-80cb-eeacd1e89d3b,2026-07-10T14:00:00Z,2026-07-10T16:00:00+0200,-183.41,EUR/MWh,FR,FR,imbalance_price,Long,2026-08-05T12:06:18Z
2026-08-05T12:02:33Z,2026-08-05T14:02:33+0200,a602df8b-e77d-453c-80cb-eeacd1e89d3b,2026-07-10T14:00:00Z,2026-07-10T16:00:00+0200,-167.61,EUR/MWh,FR,FR,imbalance_price,Short,2026-08-05T12:06:18Z
2026-08-05T12:02:33Z,2026-08-05T14:02:33+0200,a602df8b-e77d-453c-80cb-eeacd1e89d3b,2026-07-10T14:15:00Z,2026-07-10T16:15:00+0200,-194.81,EUR/MWh,FR,FR,imbalance_price,Long,2026-08-05T12:06:18Z
2026-08-05T12:02:33Z,2026-08-05T14:02:33+0200,a602df8b-e77d-453c-80cb-eeacd1e89d3b,2026-07-10T14:15:00Z,2026-07-10T16:15:00+0200,-178.03,EUR/MWh,FR,FR,imbalance_price,Short,2026-08-05T12:06:18Z
2026-08-05T12:02:33Z,2026-08-05T14:02:33+0200,a602df8b-e77d-453c-80cb-eeacd1e89d3b,2026-07-10T14:30:00Z,2026-07-10T16:30:00+0200,-207.16,EUR/MWh,FR,FR,imbalance_price,Long,2026-08-05T12:06:18Z
2026-08-05T12:02:33Z,2026-08-05T14:02:33+0200,a602df8b-e77d-453c-80cb-eeacd1e89d3b,2026-07-10T14:30:00Z,2026-07-10T16:30:00+0200,-189.32,EUR/MWh,FR,FR,imbalance_price,Short,2026-08-05T12:06:18Z
2026-08-05T12:02:33Z,2026-08-05T14:02:33+0200,a602df8b-e77d-453c-80cb-eeacd1e89d3b,2026-07-10T14:45:00Z,2026-07-10T16:45:00+0200,-204.23,EUR/MWh,FR,FR,imbalance_price,Long,2026-08-05T12:06:18Z
2026-08-05T12:02:33Z,2026-08-05T14:02:33+0200,a602df8b-e77d-453c-80cb-eeacd1e89d3b,2026-07-10T14:45:00Z,2026-07-10T16:45:00+0200,-186.65,EUR/MWh,FR,FR,imbalance_price,Short,2026-08-05T12:06:18Z
2026-08-05T12:02:33Z,2026-08-05T14:02:33+0200,a602df8b-e77d-453c-80cb-eeacd1e89d3b,2026-07-10T15:00:00Z,2026-07-10T17:00:00+0200,1.74,EUR/MWh,FR,FR,imbalance_price,Long,2026-08-05T12:06:18Z
2026-08-05T12:02:33Z,2026-08-05T14:02:33+0200,a602df8b-e77d-453c-80cb-eeacd1e89d3b,2026-07-10T15:00:00Z,2026-07-10T17:00:00+0200,1.9,EUR/MWh,FR,FR,imbalance_price,Short,2026-08-05T12:06:18Z
2026-08-05T12:02:33Z,2026-08-05T14:02:33+0200,a602df8b-e77d-453c-80cb-eeacd1e89d3b,2026-07-10T15:15:00Z,2026-07-10T17:15:00+0200,44.44,EUR/MWh,FR,FR,imbalance_price,Long,2026-08-05T12:06:18Z
2026-08-05T12:02:33Z,2026-08-05T14:02:33+0200,a602df8b-e77d-453c-80cb-eeacd1e89d3b,2026-07-10T15:15:00Z,2026-07-10T17:15:00+0200,48.62,EUR/MWh,FR,FR,imbalance_price,Short,2026-08-05T12:06:18Z
2026-08-05T12:02:33Z,2026-08-05T14:02:33+0200,a602df8b-e77d-453c-80cb-eeacd1e89d3b,2026-07-10T15:30:00Z,2026-07-10T17:30:00+0200,43.29,EUR/MWh,FR,FR,imbalance_price,Long,2026-08-05T12:06:18Z
2026-08-05T12:02:33Z,2026-08-05T14:02:33+0200,a602df8b-e77d-453c-80cb-eeacd1e89d3b,2026-07-10T15:30:00Z,2026-07-10T17:30:00+0200,47.37,EUR/MWh,FR,FR,imbalance_price,Short,2026-08-05T12:06:18Z
2026-08-05T12:02:33Z,2026-08-05T14:02:33+0200,a602df8b-e77d-453c-80cb-eeacd1e89d3b,2026-07-10T15:45:00Z,2026-07-10T17:45:00+0200,145.59,EUR/MWh,FR,FR,imbalance_price,Long,2026-08-05T12:06:18Z
2026-08-05T12:02:33Z,2026-08-05T14:02:33+0200,a602df8b-e77d-453c-80cb-eeacd1e89d3b,2026-07-10T15:45:00Z,2026-07-10T17:45:00+0200,159.31,EUR/MWh,FR,FR,imbalance_price,Short,2026-08-05T12:06:18Z
2026-08-05T12:02:33Z,2026-08-05T14:02:33+0200,a602df8b-e77d-453c-80cb-eeacd1e89d3b,2026-07-10T16:00:00Z,2026-07-10T18:00:00+0200,146.32,EUR/MWh,FR,FR,imbalance_price,Long,2026-08-05T12:06:18Z
2026-08-05T12:02:33Z,2026-08-05T14:02:33+0200,a602df8b-e77d-453c-80cb-eeacd1e89d3b,2026-07-10T16:00:00Z,2026-07-10T18:00:00+0200,160.1,EUR/MWh,FR,FR,imbalance_price,Short,2026-08-05T12:06:18Z
2026-08-05T12:02:33Z,2026-08-05T14:02:33+0200,a602df8b-e77d-453c-80cb-eeacd1e89d3b,2026-07-10T16:15:00Z,2026-07-10T18:15:00+0200,124.64,EUR/MWh,FR,FR,imbalance_price,Long,2026-08-05T12:06:18Z
2026-08-05T12:02:33Z,2026-08-05T14:02:33+0200,a602df8b-e77d-453c-80cb-eeacd1e89d3b,2026-07-10T16:15:00Z,2026-07-10T18:15:00+0200,136.38,EUR/MWh,FR,FR,imbalance_price,Short,2026-08-05T12:06:18Z
2026-08-05T12:02:33Z,2026-08-05T14:02:33+0200,a602df8b-e77d-453c-80cb-eeacd1e89d3b,2026-07-10T16:30:00Z,2026-07-10T18:30:00+0200,177.57,EUR/MWh,FR,FR,imbalance_price,Long,2026-08-05T12:06:18Z
2026-08-05T12:02:33Z,2026-08-05T14:02:33+0200,a602df8b-e77d-453c-80cb-eeacd1e89d3b,2026-07-10T16:30:00Z,2026-07-10T18:30:00+0200,194.31,EUR/MWh,FR,FR,imbalance_price,Short,2026-08-05T12:06:18Z
2026-08-05T12:02:33Z,2026-08-05T14:02:33+0200,a602df8b-e77d-453c-80cb-eeacd1e89d3b,2026-07-10T16:45:00Z,2026-07-10T18:45:00+0200,168.54,EUR/MWh,FR,FR,imbalance_price,Long,2026-08-05T12:06:18Z
2026-08-05T12:02:33Z,2026-08-05T14:02:33+0200,a602df8b-e77d-453c-80cb-eeacd1e89d3b,2026-07-10T16:45:00Z,2026-07-10T18:45:00+0200,184.42,EUR/MWh,FR,FR,imbalance_price,Short,2026-08-05T12:06:18Z
2026-08-05T12:02:33Z,2026-08-05T14:02:33+0200,a602df8b-e77d-453c-80cb-eeacd1e89d3b,2026-07-10T17:00:00Z,2026-07-10T19:00:00+0200,50.18,EUR/MWh,FR,FR,imbalance_price,Long,2026-08-05T12:06:18Z
2026-08-05T12:02:33Z,2026-08-05T14:02:33+0200,a602df8b-e77d-453c-80cb-eeacd1e89d3b,2026-07-10T17:00:00Z,2026-07-10T19:00:00+0200,54.9,EUR/MWh,FR,FR,imbalance_price,Short,2026-08-05T12:06:18Z
2026-08-05T12:02:33Z,2026-08-05T14:02:33+0200,a602df8b-e77d-453c-80cb-eeacd1e89d3b,2026-07-10T17:15:00Z,2026-07-10T19:15:00+0200,120.72,EUR/MWh,FR,FR,imbalance_price,Long,2026-08-05T12:06:18Z
2026-08-05T12:02:33Z,2026-08-05T14:02:33+0200,a602df8b-e77d-453c-80cb-eeacd1e89d3b,2026-07-10T17:15:00Z,2026-07-10T19:15:00+0200,132.1,EUR/MWh,FR,FR,imbalance_price,Short,2026-08-05T12:06:18Z
2026-08-05T12:02:33Z,2026-08-05T14:02:33+0200,a602df8b-e77d-453c-80cb-eeacd1e89d3b,2026-07-10T17:30:00Z,2026-07-10T19:30:00+0200,117.86,EUR/MWh,FR,FR,imbalance_price,Long,2026-08-05T12:06:18Z
2026-08-05T12:02:33Z,2026-08-05T14:02:33+0200,a602df8b-e77d-453c-80cb-eeacd1e89d3b,2026-07-10T17:30:00Z,2026-07-10T19:30:00+0200,128.96,EUR/MWh,FR,FR,imbalance_price,Short,2026-08-05T12:06:18Z
2026-08-05T12:02:33Z,2026-08-05T14:02:33+0200,a602df8b-e77d-453c-80cb-eeacd1e89d3b,2026-07-10T17:45:00Z,2026-07-10T19:45:00+0200,97.68,EUR/MWh,FR,FR,imbalance_price,Long,2026-08-05T12:06:18Z
2026-08-05T12:02:33Z,2026-08-05T14:02:33+0200,a602df8b-e77d-453c-80cb-eeacd1e89d3b,2026-07-10T17:45:00Z,2026-07-10T19:45:00+0200,106.88,EUR/MWh,FR,FR,imbalance_price,Short,2026-08-05T12:06:18Z
2026-08-05T12:02:33Z,2026-08-05T14:02:33+0200,a602df8b-e77d-453c-80cb-eeacd1e89d3b,2026-07-10T18:00:00Z,2026-07-10T20:00:00+0200,113.42,EUR/MWh,FR,FR,imbalance_price,Long,2026-08-05T12:06:18Z
2026-08-05T12:02:33Z,2026-08-05T14:02:33+0200,a602df8b-e77d-453c-80cb-eeacd1e89d3b,2026-07-10T18:00:00Z,2026-07-10T20:00:00+0200,124.1,EUR/MWh,FR,FR,imbalance_price,Short,2026-08-05T12:06:18Z
2026-08-05T12:02:33Z,2026-08-05T14:02:33+0200,a602df8b-e77d-453c-80cb-eeacd1e89d3b,2026-07-10T18:15:00Z,2026-07-10T20:15:00+0200,186.59,EUR/MWh,FR,FR,imbalance_price,Long,2026-08-05T12:06:18Z
2026-08-05T12:02:33Z,2026-08-05T14:02:33+0200,a602df8b-e77d-453c-80cb-eeacd1e89d3b,2026-07-10T18:15:00Z,2026-07-10T20:15:00+0200,204.17,EUR/MWh,FR,FR,imbalance_price,Short,2026-08-05T12:06:18Z
2026-08-05T12:02:33Z,2026-08-05T14:02:33+0200,a602df8b-e77d-453c-80cb-eeacd1e89d3b,2026-07-10T18:30:00Z,2026-07-10T20:30:00+0200,157.28,EUR/MWh,FR,FR,imbalance_price,Long,2026-08-05T12:06:18Z
2026-08-05T12:02:33Z,2026-08-05T14:02:33+0200,a602df8b-e77d-453c-80cb-eeacd1e89d3b,2026-07-10T18:30:00Z,2026-07-10T20:30:00+0200,172.1,EUR/MWh,FR,FR,imbalance_price,Short,2026-08-05T12:06:18Z
2026-08-05T12:02:33Z,2026-08-05T14:02:33+0200,a602df8b-e77d-453c-80cb-eeacd1e89d3b,2026-07-10T18:45:00Z,2026-07-10T20:45:00+0200,236.03,EUR/MWh,FR,FR,imbalance_price,Long,2026-08-05T12:06:18Z
2026-08-05T12:02:33Z,2026-08-05T14:02:33+0200,a602df8b-e77d-453c-80cb-eeacd1e89d3b,2026-07-10T18:45:00Z,2026-07-10T20:45:00+0200,258.27,EUR/MWh,FR,FR,imbalance_price,Short,2026-08-05T12:06:18Z
2026-08-05T12:02:33Z,2026-08-05T14:02:33+0200,a602df8b-e77d-453c-80cb-eeacd1e89d3b,2026-07-10T19:00:00Z,2026-07-10T21:00:00+0200,276.25,EUR/MWh,FR,FR,imbalance_price,Long,2026-08-05T12:06:18Z
2026-08-05T12:02:33Z,2026-08-05T14:02:33+0200,a602df8b-e77d-453c-80cb-eeacd1e89d3b,2026-07-10T19:00:00Z,2026-07-10T21:00:00+0200,302.29,EUR/MWh,FR,FR,imbalance_price,Short,2026-08-05T12:06:18Z
2026-08-05T12:02:33Z,2026-08-05T14:02:33+0200,a602df8b-e77d-453c-80cb-eeacd1e89d3b,2026-07-10T19:15:00Z,2026-07-10T21:15:00+0200,260.29,EUR/MWh,FR,FR,imbalance_price,Long,2026-08-05T12:06:18Z
2026-08-05T12:02:33Z,2026-08-05T14:02:33+0200,a602df8b-e77d-453c-80cb-eeacd1e89d3b,2026-07-10T19:15:00Z,2026-07-10T21:15:00+0200,284.81,EUR/MWh,FR,FR,imbalance_price,Short,2026-08-05T12:06:18Z
2026-08-05T12:02:33Z,2026-08-05T14:02:33+0200,a602df8b-e77d-453c-80cb-eeacd1e89d3b,2026-07-10T19:30:00Z,2026-07-10T21:30:00+0200,275.38,EUR/MWh,FR,FR,imbalance_price,Long,2026-08-05T12:06:18Z
2026-08-05T12:02:33Z,2026-08-05T14:02:33+0200,a602df8b-e77d-453c-80cb-eeacd1e89d3b,2026-07-10T19:30:00Z,2026-07-10T21:30:00+0200,301.34,EUR/MWh,FR,FR,imbalance_price,Short,2026-08-05T12:06:18Z
2026-08-05T12:02:33Z,2026-08-05T14:02:33+0200,a602df8b-e77d-453c-80cb-eeacd1e89d3b,2026-07-10T19:45:00Z,2026-07-10T21:45:00+0200,266.87,EUR/MWh,FR,FR,imbalance_price,Long,2026-08-05T12:06:18Z
2026-08-05T12:02:33Z,2026-08-05T14:02:33+0200,a602df8b-e77d-453c-80cb-eeacd1e89d3b,2026-07-10T19:45:00Z,2026-07-10T21:45:00+0200,292.01,EUR/MWh,FR,FR,imbalance_price,Short,2026-08-05T12:06:18Z
2026-08-05T12:02:33Z,2026-08-05T14:02:33+0200,a602df8b-e77d-453c-80cb-eeacd1e89d3b,2026-07-10T20:00:00Z,2026-07-10T22:00:00+0200,285.22,EUR/MWh,FR,FR,imbalance_price,Long,2026-08-05T12:06:18Z
2026-08-05T12:02:33Z,2026-08-05T14:02:33+0200,a602df8b-e77d-453c-80cb-eeacd1e89d3b,2026-07-10T20:00:00Z,2026-07-10T22:00:00+0200,312.1,EUR/MWh,FR,FR,imbalance_price,Short,2026-08-05T12:06:18Z
2026-08-05T12:02:33Z,2026-08-05T14:02:33+0200,a602df8b-e77d-453c-80cb-eeacd1e89d3b,2026-07-10T20:15:00Z,2026-07-10T22:15:00+0200,56.56,EUR/MWh,FR,FR,imbalance_price,Long,2026-08-05T12:06:18Z
2026-08-05T12:02:33Z,2026-08-05T14:02:33+0200,a602df8b-e77d-453c-80cb-eeacd1e89d3b,2026-07-10T20:15:00Z,2026-07-10T22:15:00+0200,61.88,EUR/MWh,FR,FR,imbalance_price,Short,2026-08-05T12:06:18Z
2026-08-05T12:02:33Z,2026-08-05T14:02:33+0200,a602df8b-e77d-453c-80cb-eeacd1e89d3b,2026-07-10T20:30:00Z,2026-07-10T22:30:00+0200,63.79,EUR/MWh,FR,FR,imbalance_price,Long,2026-08-05T12:06:18Z
2026-08-05T12:02:33Z,2026-08-05T14:02:33+0200,a602df8b-e77d-453c-80cb-eeacd1e89d3b,2026-07-10T20:30:00Z,2026-07-10T22:30:00+0200,69.81,EUR/MWh,FR,FR,imbalance_price,Short,2026-08-05T12:06:18Z
2026-08-05T12:02:33Z,2026-08-05T14:02:33+0200,a602df8b-e77d-453c-80cb-eeacd1e89d3b,2026-07-10T20:45:00Z,2026-07-10T22:45:00+0200,57.96,EUR/MWh,FR,FR,imbalance_price,Long,2026-08-05T12:06:18Z
2026-08-05T12:02:33Z,2026-08-05T14:02:33+0200,a602df8b-e77d-453c-80cb-eeacd1e89d3b,2026-07-10T20:45:00Z,2026-07-10T22:45:00+0200,63.42,EUR/MWh,FR,FR,imbalance_price,Short,2026-08-05T12:06:18Z
2026-08-05T12:02:33Z,2026-08-05T14:02:33+0200,a602df8b-e77d-453c-80cb-eeacd1e89d3b,2026-07-10T21:00:00Z,2026-07-10T23:00:00+0200,63.17,EUR/MWh,FR,FR,imbalance_price,Long,2026-08-05T12:06:18Z
2026-08-05T12:02:33Z,2026-08-05T14:02:33+0200,a602df8b-e77d-453c-80cb-eeacd1e89d3b,2026-07-10T21:00:00Z,2026-07-10T23:00:00+0200,69.13,EUR/MWh,FR,FR,imbalance_price,Short,2026-08-05T12:06:18Z
2026-08-05T12:02:33Z,2026-08-05T14:02:33+0200,a602df8b-e77d-453c-80cb-eeacd1e89d3b,2026-07-10T21:15:00Z,2026-07-10T23:15:00+0200,107.84,EUR/MWh,FR,FR,imbalance_price,Long,2026-08-05T12:06:18Z
2026-08-05T12:02:33Z,2026-08-05T14:02:33+0200,a602df8b-e77d-453c-80cb-eeacd1e89d3b,2026-07-10T21:15:00Z,2026-07-10T23:15:00+0200,118.0,EUR/MWh,FR,FR,imbalance_price,Short,2026-08-05T12:06:18Z
2026-08-05T12:02:33Z,2026-08-05T14:02:33+0200,a602df8b-e77d-453c-80cb-eeacd1e89d3b,2026-07-10T21:30:00Z,2026-07-10T23:30:00+0200,123.52,EUR/MWh,FR,FR,imbalance_price,Long,2026-08-05T12:06:18Z
2026-08-05T12:02:33Z,2026-08-05T14:02:33+0200,a602df8b-e77d-453c-80cb-eeacd1e89d3b,2026-07-10T21:30:00Z,2026-07-10T23:30:00+0200,135.16,EUR/MWh,FR,FR,imbalance_price,Short,2026-08-05T12:06:18Z
2026-08-05T12:02:33Z,2026-08-05T14:02:33+0200,a602df8b-e77d-453c-80cb-eeacd1e89d3b,2026-07-10T21:45:00Z,2026-07-10T23:45:00+0200,97.18,EUR/MWh,FR,FR,imbalance_price,Long,2026-08-05T12:06:18Z
2026-08-05T12:02:33Z,2026-08-05T14:02:33+0200,a602df8b-e77d-453c-80cb-eeacd1e89d3b,2026-07-10T21:45:00Z,2026-07-10T23:45:00+0200,106.34,EUR/MWh,FR,FR,imbalance_price,Short,2026-08-05T12:06:18Z
2026-08-05T12:02:33Z,2026-08-05T14:02:33+0200,a602df8b-e77d-453c-80cb-eeacd1e89d3b,2026-07-10T22:00:00Z,2026-07-11T00:00:00+0200,73.4,EUR/MWh,FR,FR,imbalance_price,Long,2026-08-05T12:06:18Z
2026-08-05T12:02:33Z,2026-08-05T14:02:33+0200,a602df8b-e77d-453c-80cb-eeacd1e89d3b,2026-07-10T22:00:00Z,2026-07-11T00:00:00+0200,80.32,EUR/MWh,FR,FR,imbalance_price,Short,2026-08-05T12:06:18Z
2026-08-05T12:02:33Z,2026-08-05T14:02:33+0200,a602df8b-e77d-453c-80cb-eeacd1e89d3b,2026-07-10T22:15:00Z,2026-07-11T00:15:00+0200,72.71,EUR/MWh,FR,FR,imbalance_price,Long,2026-08-05T12:06:18Z
2026-08-05T12:02:33Z,2026-08-05T14:02:33+0200,a602df8b-e77d-453c-80cb-eeacd1e89d3b,2026-07-10T22:15:00Z,2026-07-11T00:15:00+0200,79.57,EUR/MWh,FR,FR,imbalance_price,Short,2026-08-05T12:06:18Z
2026-08-05T12:02:33Z,2026-08-05T14:02:33+0200,a602df8b-e77d-453c-80cb-eeacd1e89d3b,2026-07-10T22:30:00Z,2026-07-11T00:30:00+0200,76.5,EUR/MWh,FR,FR,imbalance_price,Long,2026-08-05T12:06:18Z
2026-08-05T12:02:33Z,2026-08-05T14:02:33+0200,a602df8b-e77d-453c-80cb-eeacd1e89d3b,2026-07-10T22:30:00Z,2026-07-11T00:30:00+0200,83.7,EUR/MWh,FR,FR,imbalance_price,Short,2026-08-05T12:06:18Z
2026-08-05T12:02:33Z,2026-08-05T14:02:33+0200,a602df8b-e77d-453c-80cb-eeacd1e89d3b,2026-07-10T22:45:00Z,2026-07-11T00:45:00+0200,70.89,EUR/MWh,FR,FR,imbalance_price,Long,2026-08-05T12:06:18Z
2026-08-05T12:02:33Z,2026-08-05T14:02:33+0200,a602df8b-e77d-453c-80cb-eeacd1e89d3b,2026-07-10T22:45:00Z,2026-07-11T00:45:00+0200,77.57,EUR/MWh,FR,FR,imbalance_price,Short,2026-08-05T12:06:18Z
2026-08-05T12:02:33Z,2026-08-05T14:02:33+0200,a602df8b-e77d-453c-80cb-eeacd1e89d3b,2026-07-10T23:00:00Z,2026-07-11T01:00:00+0200,79.94,EUR/MWh,FR,FR,imbalance_price,Long,2026-08-05T12:06:18Z
2026-08-05T12:02:33Z,2026-08-05T14:02:33+0200,a602df8b-e77d-453c-80cb-eeacd1e89d3b,2026-07-10T23:00:00Z,2026-07-11T01:00:00+0200,87.48,EUR/MWh,FR,FR,imbalance_price,Short,2026-08-05T12:06:18Z
2026-08-05T12:02:33Z,2026-08-05T14:02:33+0200,a602df8b-e77d-453c-80cb-eeacd1e89d3b,2026-07-10T23:15:00Z,2026-07-11T01:15:00+0200,110.97,EUR/MWh,FR,FR,imbalance_price,Long,2026-08-05T12:06:18Z
2026-08-05T12:02:33Z,2026-08-05T14:02:33+0200,a602df8b-e77d-453c-80cb-eeacd1e89d3b,2026-07-10T23:15:00Z,2026-07-11T01:15:00+0200,121.43,EUR/MWh,FR,FR,imbalance_price,Short,2026-08-05T12:06:18Z
2026-08-05T12:02:33Z,2026-08-05T14:02:33+0200,a602df8b-e77d-453c-80cb-eeacd1e89d3b,2026-07-10T23:30:00Z,2026-07-11T01:30:00+0200,72.53,EUR/MWh,FR,FR,imbalance_price,Long,2026-08-05T12:06:18Z
2026-08-05T12:02:33Z,2026-08-05T14:02:33+0200,a602df8b-e77d-453c-80cb-eeacd1e89d3b,2026-07-10T23:30:00Z,2026-07-11T01:30:00+0200,79.37,EUR/MWh,FR,FR,imbalance_price,Short,2026-08-05T12:06:18Z
2026-08-05T12:02:33Z,2026-08-05T14:02:33+0200,a602df8b-e77d-453c-80cb-eeacd1e89d3b,2026-07-10T23:45:00Z,2026-07-11T01:45:00+0200,70.32,EUR/MWh,FR,FR,imbalance_price,Long,2026-08-05T12:06:18Z
2026-08-05T12:02:33Z,2026-08-05T14:02:33+0200,a602df8b-e77d-453c-80cb-eeacd1e89d3b,2026-07-10T23:45:00Z,2026-07-11T01:45:00+0200,76.94,EUR/MWh,FR,FR,imbalance_price,Short,2026-08-05T12:06:18Z
2026-08-05T12:02:33Z,2026-08-05T14:02:33+0200,a602df8b-e77d-453c-80cb-eeacd1e89d3b,2026-07-11T00:00:00Z,2026-07-11T02:00:00+0200,145.85,EUR/MWh,FR,FR,imbalance_price,Long,2026-08-05T12:06:18Z
2026-08-05T12:02:33Z,2026-08-05T14:02:33+0200,a602df8b-e77d-453c-80cb-eeacd1e89d3b,2026-07-11T00:00:00Z,2026-07-11T02:00:00+0200,159.59,EUR/MWh,FR,FR,imbalance_price,Short,2026-08-05T12:06:18Z
2026-08-05T12:02:33Z,2026-08-05T14:02:33+0200,a602df8b-e77d-453c-80cb-eeacd1e89d3b,2026-07-11T00:15:00Z,2026-07-11T02:15:00+0200,149.08,EUR/MWh,FR,FR,imbalance_price,Long,2026-08-05T12:06:18Z
2026-08-05T12:02:33Z,2026-08-05T14:02:33+0200,a602df8b-e77d-453c-80cb-eeacd1e89d3b,2026-07-11T00:15:00Z,2026-07-11T02:15:00+0200,163.12,EUR/MWh,FR,FR,imbalance_price,Short,2026-08-05T12:06:18Z
2026-08-05T12:02:33Z,2026-08-05T14:02:33+0200,a602df8b-e77d-453c-80cb-eeacd1e89d3b,2026-07-11T00:30:00Z,2026-07-11T02:30:00+0200,149.3,EUR/MWh,FR,FR,imbalance_price,Long,2026-08-05T12:06:18Z
2026-08-05T12:02:33Z,2026-08-05T14:02:33+0200,a602df8b-e77d-453c-80cb-eeacd1e89d3b,2026-07-11T00:30:00Z,2026-07-11T02:30:00+0200,163.38,EUR/MWh,FR,FR,imbalance_price,Short,2026-08-05T12:06:18Z
2026-08-05T12:02:33Z,2026-08-05T14:02:33+0200,a602df8b-e77d-453c-80cb-eeacd1e89d3b,2026-07-11T00:45:00Z,2026-07-11T02:45:00+0200,149.72,EUR/MWh,FR,FR,imbalance_price,Long,2026-08-05T12:06:18Z
2026-08-05T12:02:33Z,2026-08-05T14:02:33+0200,a602df8b-e77d-453c-80cb-eeacd1e89d3b,2026-07-11T00:45:00Z,2026-07-11T02:45:00+0200,163.82,EUR/MWh,FR,FR,imbalance_price,Short,2026-08-05T12:06:18Z
2026-08-05T12:02:33Z,2026-08-05T14:02:33+0200,a602df8b-e77d-453c-80cb-eeacd1e89d3b,2026-07-11T01:00:00Z,2026-07-11T03:00:00+0200,162.96,EUR/MWh,FR,FR,imbalance_price,Long,2026-08-05T12:06:18Z
2026-08-05T12:02:33Z,2026-08-05T14:02:33+0200,a602df8b-e77d-453c-80cb-eeacd1e89d3b,2026-07-11T01:00:00Z,2026-07-11T03:00:00+0200,178.32,EUR/MWh,FR,FR,imbalance_price,Short,2026-08-05T12:06:18Z
2026-08-05T12:02:33Z,2026-08-05T14:02:33+0200,a602df8b-e77d-453c-80cb-eeacd1e89d3b,2026-07-11T01:15:00Z,2026-07-11T03:15:00+0200,140.67,EUR/MWh,FR,FR,imbalance_price,Long,2026-08-05T12:06:18Z
2026-08-05T12:02:33Z,2026-08-05T14:02:33+0200,a602df8b-e77d-453c-80cb-eeacd1e89d3b,2026-07-11T01:15:00Z,2026-07-11T03:15:00+0200,153.93,EUR/MWh,FR,FR,imbalance_price,Short,2026-08-05T12:06:18Z
2026-08-05T12:02:33Z,2026-08-05T14:02:33+0200,a602df8b-e77d-453c-80cb-eeacd1e89d3b,2026-07-11T01:30:00Z,2026-07-11T03:30:00+0200,148.52,EUR/MWh,FR,FR,imbalance_price,Long,2026-08-05T12:06:18Z
2026-08-05T12:02:33Z,2026-08-05T14:02:33+0200,a602df8b-e77d-453c-80cb-eeacd1e89d3b,2026-07-11T01:30:00Z,2026-07-11T03:30:00+0200,162.52,EUR/MWh,FR,FR,imbalance_price,Short,2026-08-05T12:06:18Z
2026-08-05T12:02:33Z,2026-08-05T14:02:33+0200,a602df8b-e77d-453c-80cb-eeacd1e89d3b,2026-07-11T01:45:00Z,2026-07-11T03:45:00+0200,148.52,EUR/MWh,FR,FR,imbalance_price,Long,2026-08-05T12:06:18Z
2026-08-05T12:02:33Z,2026-08-05T14:02:33+0200,a602df8b-e77d-453c-80cb-eeacd1e89d3b,2026-07-11T01:45:00Z,2026-07-11T03:45:00+0200,162.52,EUR/MWh,FR,FR,imbalance_price,Short,2026-08-05T12:06:18Z
2026-08-05T12:02:33Z,2026-08-05T14:02:33+0200,a602df8b-e77d-453c-80cb-eeacd1e89d3b,2026-07-11T02:00:00Z,2026-07-11T04:00:00+0200,147.61,EUR/MWh,FR,FR,imbalance_price,Long,2026-08-05T12:06:18Z
2026-08-05T12:02:33Z,2026-08-05T14:02:33+0200,a602df8b-e77d-453c-80cb-eeacd1e89d3b,2026-07-11T02:00:00Z,2026-07-11T04:00:00+0200,161.53,EUR/MWh,FR,FR,imbalance_price,Short,2026-08-05T12:06:18Z
2026-08-05T12:02:33Z,2026-08-05T14:02:33+0200,a602df8b-e77d-453c-80cb-eeacd1e89d3b,2026-07-11T02:15:00Z,2026-07-11T04:15:00+0200,152.92,EUR/MWh,FR,FR,imbalance_price,Long,2026-08-05T12:06:18Z
2026-08-05T12:02:33Z,2026-08-05T14:02:33+0200,a602df8b-e77d-453c-80cb-eeacd1e89d3b,2026-07-11T02:15:00Z,2026-07-11T04:15:00+0200,167.34,EUR/MWh,FR,FR,imbalance_price,Short,2026-08-05T12:06:18Z
2026-08-05T12:02:33Z,2026-08-05T14:02:33+0200,a602df8b-e77d-453c-80cb-eeacd1e89d3b,2026-07-11T02:30:00Z,2026-07-11T04:30:00+0200,152.92,EUR/MWh,FR,FR,imbalance_price,Long,2026-08-05T12:06:18Z
2026-08-05T12:02:33Z,2026-08-05T14:02:33+0200,a602df8b-e77d-453c-80cb-eeacd1e89d3b,2026-07-11T02:30:00Z,2026-07-11T04:30:00+0200,167.34,EUR/MWh,FR,FR,imbalance_price,Short,2026-08-05T12:06:18Z
2026-08-05T12:02:33Z,2026-08-05T14:02:33+0200,a602df8b-e77d-453c-80cb-eeacd1e89d3b,2026-07-11T02:45:00Z,2026-07-11T04:45:00+0200,153.03,EUR/MWh,FR,FR,imbalance_price,Long,2026-08-05T12:06:18Z
2026-08-05T12:02:33Z,2026-08-05T14:02:33+0200,a602df8b-e77d-453c-80cb-eeacd1e89d3b,2026-07-11T02:45:00Z,2026-07-11T04:45:00+0200,167.45,EUR/MWh,FR,FR,imbalance_price,Short,2026-08-05T12:06:18Z
2026-08-05T12:02:33Z,2026-08-05T14:02:33+0200,a602df8b-e77d-453c-80cb-eeacd1e89d3b,2026-07-11T03:00:00Z,2026-07-11T05:00:00+0200,161.63,EUR/MWh,FR,FR,imbalance_price,Long,2026-08-05T12:06:18Z
2026-08-05T12:02:33Z,2026-08-05T14:02:33+0200,a602df8b-e77d-453c-80cb-eeacd1e89d3b,2026-07-11T03:00:00Z,2026-07-11T05:00:00+0200,176.87,EUR/MWh,FR,FR,imbalance_price,Short,2026-08-05T12:06:18Z
2026-08-05T12:02:33Z,2026-08-05T14:02:33+0200,a602df8b-e77d-453c-80cb-eeacd1e89d3b,2026-07-11T03:15:00Z,2026-07-11T05:15:00+0200,162.81,EUR/MWh,FR,FR,imbalance_price,Long,2026-08-05T12:06:18Z
2026-08-05T12:02:33Z,2026-08-05T14:02:33+0200,a602df8b-e77d-453c-80cb-eeacd1e89d3b,2026-07-11T03:15:00Z,2026-07-11T05:15:00+0200,178.15,EUR/MWh,FR,FR,imbalance_price,Short,2026-08-05T12:06:18Z
2026-08-05T12:02:33Z,2026-08-05T14:02:33+0200,a602df8b-e77d-453c-80cb-eeacd1e89d3b,2026-07-11T03:30:00Z,2026-07-11T05:30:00+0200,163.2,EUR/MWh,FR,FR,imbalance_price,Long,2026-08-05T12:06:18Z
2026-08-05T12:02:33Z,2026-08-05T14:02:33+0200,a602df8b-e77d-453c-80cb-eeacd1e89d3b,2026-07-11T03:30:00Z,2026-07-11T05:30:00+0200,178.58,EUR/MWh,FR,FR,imbalance_price,Short,2026-08-05T12:06:18Z
2026-08-05T12:02:33Z,2026-08-05T14:02:33+0200,a602df8b-e77d-453c-80cb-eeacd1e89d3b,2026-07-11T03:45:00Z,2026-07-11T05:45:00+0200,163.2,EUR/MWh,FR,FR,imbalance_price,Long,2026-08-05T12:06:18Z
2026-08-05T12:02:33Z,2026-08-05T14:02:33+0200,a602df8b-e77d-453c-80cb-eeacd1e89d3b,2026-07-11T03:45:00Z,2026-07-11T05:45:00+0200,178.58,EUR/MWh,FR,FR,imbalance_price,Short,2026-08-05T12:06:18Z
2026-08-05T12:02:33Z,2026-08-05T14:02:33+0200,a602df8b-e77d-453c-80cb-eeacd1e89d3b,2026-07-11T04:00:00Z,2026-07-11T06:00:00+0200,165.0,EUR/MWh,FR,FR,imbalance_price,Long,2026-08-05T12:06:18Z
2026-08-05T12:02:33Z,2026-08-05T14:02:33+0200,a602df8b-e77d-453c-80cb-eeacd1e89d3b,2026-07-11T04:00:00Z,2026-07-11T06:00:00+0200,180.56,EUR/MWh,FR,FR,imbalance_price,Short,2026-08-05T12:06:18Z
2026-08-05T12:02:33Z,2026-08-05T14:02:33+0200,a602df8b-e77d-453c-80cb-eeacd1e89d3b,2026-07-11T04:15:00Z,2026-07-11T06:15:00+0200,164.46,EUR/MWh,FR,FR,imbalance_price,Long,2026-08-05T12:06:18Z
2026-08-05T12:02:33Z,2026-08-05T14:02:33+0200,a602df8b-e77d-453c-80cb-eeacd1e89d3b,2026-07-11T04:15:00Z,2026-07-11T06:15:00+0200,179.96,EUR/MWh,FR,FR,imbalance_price,Short,2026-08-05T12:06:18Z
2026-08-05T12:02:33Z,2026-08-05T14:02:33+0200,a602df8b-e77d-453c-80cb-eeacd1e89d3b,2026-07-11T04:30:00Z,2026-07-11T06:30:00+0200,164.38,EUR/MWh,FR,FR,imbalance_price,Long,2026-08-05T12:06:18Z
2026-08-05T12:02:33Z,2026-08-05T14:02:33+0200,a602df8b-e77d-453c-80cb-eeacd1e89d3b,2026-07-11T04:30:00Z,2026-07-11T06:30:00+0200,179.88,EUR/MWh,FR,FR,imbalance_price,Short,2026-08-05T12:06:18Z
2026-08-05T12:02:33Z,2026-08-05T14:02:33+0200,a602df8b-e77d-453c-80cb-eeacd1e89d3b,2026-07-11T04:45:00Z,2026-07-11T06:45:00+0200,164.54,EUR/MWh,FR,FR,imbalance_price,Long,2026-08-05T12:06:18Z
2026-08-05T12:02:33Z,2026-08-05T14:02:33+0200,a602df8b-e77d-453c-80cb-eeacd1e89d3b,2026-07-11T04:45:00Z,2026-07-11T06:45:00+0200,180.04,EUR/MWh,FR,FR,imbalance_price,Short,2026-08-05T12:06:18Z
2026-08-05T12:02:33Z,2026-08-05T14:02:33+0200,a602df8b-e77d-453c-80cb-eeacd1e89d3b,2026-07-11T05:00:00Z,2026-07-11T07:00:00+0200,154.17,EUR/MWh,FR,FR,imbalance_price,Long,2026-08-05T12:06:18Z
2026-08-05T12:02:33Z,2026-08-05T14:02:33+0200,a602df8b-e77d-453c-80cb-eeacd1e89d3b,2026-07-11T05:00:00Z,2026-07-11T07:00:00+0200,168.69,EUR/MWh,FR,FR,imbalance_price,Short,2026-08-05T12:06:18Z
2026-08-05T12:02:33Z,2026-08-05T14:02:33+0200,a602df8b-e77d-453c-80cb-eeacd1e89d3b,2026-07-11T05:15:00Z,2026-07-11T07:15:00+0200,152.13,EUR/MWh,FR,FR,imbalance_price,Long,2026-08-05T12:06:18Z
2026-08-05T12:02:33Z,2026-08-05T14:02:33+0200,a602df8b-e77d-453c-80cb-eeacd1e89d3b,2026-07-11T05:15:00Z,2026-07-11T07:15:00+0200,166.47,EUR/MWh,FR,FR,imbalance_price,Short,2026-08-05T12:06:18Z
2026-08-05T12:02:33Z,2026-08-05T14:02:33+0200,a602df8b-e77d-453c-80cb-eeacd1e89d3b,2026-07-11T05:30:00Z,2026-07-11T07:30:00+0200,153.4,EUR/MWh,FR,FR,imbalance_price,Long,2026-08-05T12:06:18Z
2026-08-05T12:02:33Z,2026-08-05T14:02:33+0200,a602df8b-e77d-453c-80cb-eeacd1e89d3b,2026-07-11T05:30:00Z,2026-07-11T07:30:00+0200,167.86,EUR/MWh,FR,FR,imbalance_price,Short,2026-08-05T12:06:18Z
2026-08-05T12:02:33Z,2026-08-05T14:02:33+0200,a602df8b-e77d-453c-80cb-eeacd1e89d3b,2026-07-11T05:45:00Z,2026-07-11T07:45:00+0200,151.78,EUR/MWh,FR,FR,imbalance_price,Long,2026-08-05T12:06:18Z
2026-08-05T12:02:33Z,2026-08-05T14:02:33+0200,a602df8b-e77d-453c-80cb-eeacd1e89d3b,2026-07-11T05:45:00Z,2026-07-11T07:45:00+0200,166.08,EUR/MWh,FR,FR,imbalance_price,Short,2026-08-05T12:06:18Z
2026-08-05T12:02:33Z,2026-08-05T14:02:33+0200,a602df8b-e77d-453c-80cb-eeacd1e89d3b,2026-07-11T06:00:00Z,2026-07-11T08:00:00+0200,150.92,EUR/MWh,FR,FR,imbalance_price,Long,2026-08-05T12:06:18Z
2026-08-05T12:02:33Z,2026-08-05T14:02:33+0200,a602df8b-e77d-453c-80cb-eeacd1e89d3b,2026-07-11T06:00:00Z,2026-07-11T08:00:00+0200,165.14,EUR/MWh,FR,FR,imbalance_price,Short,2026-08-05T12:06:18Z
2026-08-05T12:02:33Z,2026-08-05T14:02:33+0200,a602df8b-e77d-453c-80cb-eeacd1e89d3b,2026-07-11T06:15:00Z,2026-07-11T08:15:00+0200,145.03,EUR/MWh,FR,FR,imbalance_price,Long,2026-08-05T12:06:18Z
2026-08-05T12:02:33Z,2026-08-05T14:02:33+0200,a602df8b-e77d-453c-80cb-eeacd1e89d3b,2026-07-11T06:15:00Z,2026-07-11T08:15:00+0200,158.69,EUR/MWh,FR,FR,imbalance_price,Short,2026-08-05T12:06:18Z
2026-08-05T12:02:33Z,2026-08-05T14:02:33+0200,a602df8b-e77d-453c-80cb-eeacd1e89d3b,2026-07-11T06:30:00Z,2026-07-11T08:30:00+0200,133.37,EUR/MWh,FR,FR,imbalance_price,Long,2026-08-05T12:06:18Z
2026-08-05T12:02:33Z,2026-08-05T14:02:33+0200,a602df8b-e77d-453c-80cb-eeacd1e89d3b,2026-07-11T06:30:00Z,2026-07-11T08:30:00+0200,145.93,EUR/MWh,FR,FR,imbalance_price,Short,2026-08-05T12:06:18Z
2026-08-05T12:02:33Z,2026-08-05T14:02:33+0200,a602df8b-e77d-453c-80cb-eeacd1e89d3b,2026-07-11T06:45:00Z,2026-07-11T08:45:00+0200,148.6,EUR/MWh,FR,FR,imbalance_price,Long,2026-08-05T12:06:18Z
2026-08-05T12:02:33Z,2026-08-05T14:02:33+0200,a602df8b-e77d-453c-80cb-eeacd1e89d3b,2026-07-11T06:45:00Z,2026-07-11T08:45:00+0200,162.6,EUR/MWh,FR,FR,imbalance_price,Short,2026-08-05T12:06:18Z
2026-08-05T12:02:33Z,2026-08-05T14:02:33+0200,a602df8b-e77d-453c-80cb-eeacd1e89d3b,2026-07-11T07:00:00Z,2026-07-11T09:00:00+0200,140.89,EUR/MWh,FR,FR,imbalance_price,Long,2026-08-05T12:06:18Z
2026-08-05T12:02:33Z,2026-08-05T14:02:33+0200,a602df8b-e77d-453c-80cb-eeacd1e89d3b,2026-07-11T07:00:00Z,2026-07-11T09:00:00+0200,154.17,EUR/MWh,FR,FR,imbalance_price,Short,2026-08-05T12:06:18Z
2026-08-05T12:02:33Z,2026-08-05T14:02:33+0200,a602df8b-e77d-453c-80cb-eeacd1e89d3b,2026-07-11T07:15:00Z,2026-07-11T09:15:00+0200,128.52,EUR/MWh,FR,FR,imbalance_price,Long,2026-08-05T12:06:18Z
2026-08-05T12:02:33Z,2026-08-05T14:02:33+0200,a602df8b-e77d-453c-80cb-eeacd1e89d3b,2026-07-11T07:15:00Z,2026-07-11T09:15:00+0200,140.64,EUR/MWh,FR,FR,imbalance_price,Short,2026-08-05T12:06:18Z
2026-08-05T12:02:33Z,2026-08-05T14:02:33+0200,a602df8b-e77d-453c-80cb-eeacd1e89d3b,2026-07-11T07:30:00Z,2026-07-11T09:30:00+0200,137.61,EUR/MWh,FR,FR,imbalance_price,Long,2026-08-05T12:06:18Z
2026-08-05T12:02:33Z,2026-08-05T14:02:33+0200,a602df8b-e77d-453c-80cb-eeacd1e89d3b,2026-07-11T07:30:00Z,2026-07-11T09:30:00+0200,150.57,EUR/MWh,FR,FR,imbalance_price,Short,2026-08-05T12:06:18Z
2026-08-05T12:02:33Z,2026-08-05T14:02:33+0200,a602df8b-e77d-453c-80cb-eeacd1e89d3b,2026-07-11T07:45:00Z,2026-07-11T09:45:00+0200,141.53,EUR/MWh,FR,FR,imbalance_price,Long,2026-08-05T12:06:18Z
2026-08-05T12:02:33Z,2026-08-05T14:02:33+0200,a602df8b-e77d-453c-80cb-eeacd1e89d3b,2026-07-11T07:45:00Z,2026-07-11T09:45:00+0200,154.87,EUR/MWh,FR,FR,imbalance_price,Short,2026-08-05T12:06:18Z
2026-08-05T12:02:33Z,2026-08-05T14:02:33+0200,a602df8b-e77d-453c-80cb-eeacd1e89d3b,2026-07-11T08:00:00Z,2026-07-11T10:00:00+0200,125.24,EUR/MWh,FR,FR,imbalance_price,Long,2026-08-05T12:06:18Z
2026-08-05T12:02:33Z,2026-08-05T14:02:33+0200,a602df8b-e77d-453c-80cb-eeacd1e89d3b,2026-07-11T08:00:00Z,2026-07-11T10:00:00+0200,137.04,EUR/MWh,FR,FR,imbalance_price,Short,2026-08-05T12:06:18Z
2026-08-05T12:02:33Z,2026-08-05T14:02:33+0200,a602df8b-e77d-453c-80cb-eeacd1e89d3b,2026-07-11T08:15:00Z,2026-07-11T10:15:00+0200,5.2,EUR/MWh,FR,FR,imbalance_price,Long,2026-08-05T12:06:18Z
2026-08-05T12:02:33Z,2026-08-05T14:02:33+0200,a602df8b-e77d-453c-80cb-eeacd1e89d3b,2026-07-11T08:15:00Z,2026-07-11T10:15:00+0200,5.7,EUR/MWh,FR,FR,imbalance_price,Short,2026-08-05T12:06:18Z
2026-08-05T12:02:33Z,2026-08-05T14:02:33+0200,a602df8b-e77d-453c-80cb-eeacd1e89d3b,2026-07-11T08:30:00Z,2026-07-11T10:30:00+0200,35.53,EUR/MWh,FR,FR,imbalance_price,Long,2026-08-05T12:06:18Z
2026-08-05T12:02:33Z,2026-08-05T14:02:33+0200,a602df8b-e77d-453c-80cb-eeacd1e89d3b,2026-07-11T08:30:00Z,2026-07-11T10:30:00+0200,38.87,EUR/MWh,FR,FR,imbalance_price,Short,2026-08-05T12:06:18Z
2026-08-05T12:02:33Z,2026-08-05T14:02:33+0200,a602df8b-e77d-453c-80cb-eeacd1e89d3b,2026-07-11T08:45:00Z,2026-07-11T10:45:00+0200,31.01,EUR/MWh,FR,FR,imbalance_price,Long,2026-08-05T12:06:18Z
2026-08-05T12:02:33Z,2026-08-05T14:02:33+0200,a602df8b-e77d-453c-80cb-eeacd1e89d3b,2026-07-11T08:45:00Z,2026-07-11T10:45:00+0200,33.93,EUR/MWh,FR,FR,imbalance_price,Short,2026-08-05T12:06:18Z
2026-08-05T12:02:33Z,2026-08-05T14:02:33+0200,a602df8b-e77d-453c-80cb-eeacd1e89d3b,2026-07-11T09:00:00Z,2026-07-11T11:00:00+0200,7.05,EUR/MWh,FR,FR,imbalance_price,Long,2026-08-05T12:06:18Z
2026-08-05T12:02:33Z,2026-08-05T14:02:33+0200,a602df8b-e77d-453c-80cb-eeacd1e89d3b,2026-07-11T09:00:00Z,2026-07-11T11:00:00+0200,7.71,EUR/MWh,FR,FR,imbalance_price,Short,2026-08-05T12:06:18Z
2026-08-05T12:02:33Z,2026-08-05T14:02:33+0200,a602df8b-e77d-453c-80cb-eeacd1e89d3b,2026-07-11T09:15:00Z,2026-07-11T11:15:00+0200,4.37,EUR/MWh,FR,FR,imbalance_price,Long,2026-08-05T12:06:18Z
2026-08-05T12:02:33Z,2026-08-05T14:02:33+0200,a602df8b-e77d-453c-80cb-eeacd1e89d3b,2026-07-11T09:15:00Z,2026-07-11T11:15:00+0200,4.79,EUR/MWh,FR,FR,imbalance_price,Short,2026-08-05T12:06:18Z
2026-08-05T12:02:33Z,2026-08-05T14:02:33+0200,a602df8b-e77d-453c-80cb-eeacd1e89d3b,2026-07-11T09:30:00Z,2026-07-11T11:30:00+0200,3.52,EUR/MWh,FR,FR,imbalance_price,Long,2026-08-05T12:06:18Z
2026-08-05T12:02:33Z,2026-08-05T14:02:33+0200,a602df8b-e77d-453c-80cb-eeacd1e89d3b,2026-07-11T09:30:00Z,2026-07-11T11:30:00+0200,3.86,EUR/MWh,FR,FR,imbalance_price,Short,2026-08-05T12:06:18Z
2026-08-05T12:02:33Z,2026-08-05T14:02:33+0200,a602df8b-e77d-453c-80cb-eeacd1e89d3b,2026-07-11T09:45:00Z,2026-07-11T11:45:00+0200,51.97,EUR/MWh,FR,FR,imbalance_price,Long,2026-08-05T12:06:18Z
2026-08-05T12:02:33Z,2026-08-05T14:02:33+0200,a602df8b-e77d-453c-80cb-eeacd1e89d3b,2026-07-11T09:45:00Z,2026-07-11T11:45:00+0200,56.87,EUR/MWh,FR,FR,imbalance_price,Short,2026-08-05T12:06:18Z
2026-08-05T12:02:33Z,2026-08-05T14:02:33+0200,a602df8b-e77d-453c-80cb-eeacd1e89d3b,2026-07-11T10:00:00Z,2026-07-11T12:00:00+0200,15.55,EUR/MWh,FR,FR,imbalance_price,Long,2026-08-05T12:06:18Z
2026-08-05T12:02:33Z,2026-08-05T14:02:33+0200,a602df8b-e77d-453c-80cb-eeacd1e89d3b,2026-07-11T10:00:00Z,2026-07-11T12:00:00+0200,17.01,EUR/MWh,FR,FR,imbalance_price,Short,2026-08-05T12:06:18Z
2026-08-05T12:02:33Z,2026-08-05T14:02:33+0200,a602df8b-e77d-453c-80cb-eeacd1e89d3b,2026-07-11T10:15:00Z,2026-07-11T12:15:00+0200,16.95,EUR/MWh,FR,FR,imbalance_price,Long,2026-08-05T12:06:18Z
2026-08-05T12:02:33Z,2026-08-05T14:02:33+0200,a602df8b-e77d-453c-80cb-eeacd1e89d3b,2026-07-11T10:15:00Z,2026-07-11T12:15:00+0200,18.55,EUR/MWh,FR,FR,imbalance_price,Short,2026-08-05T12:06:18Z
2026-08-05T12:02:33Z,2026-08-05T14:02:33+0200,a602df8b-e77d-453c-80cb-eeacd1e89d3b,2026-07-11T10:30:00Z,2026-07-11T12:30:00+0200,8.81,EUR/MWh,FR,FR,imbalance_price,Long,2026-08-05T12:06:18Z
2026-08-05T12:02:33Z,2026-08-05T14:02:33+0200,a602df8b-e77d-453c-80cb-eeacd1e89d3b,2026-07-11T10:30:00Z,2026-07-11T12:30:00+0200,9.63,EUR/MWh,FR,FR,imbalance_price,Short,2026-08-05T12:06:18Z
2026-08-05T12:02:33Z,2026-08-05T14:02:33+0200,a602df8b-e77d-453c-80cb-eeacd1e89d3b,2026-07-11T10:45:00Z,2026-07-11T12:45:00+0200,12.77,EUR/MWh,FR,FR,imbalance_price,Long,2026-08-05T12:06:18Z
2026-08-05T12:02:33Z,2026-08-05T14:02:33+0200,a602df8b-e77d-453c-80cb-eeacd1e89d3b,2026-07-11T10:45:00Z,2026-07-11T12:45:00+0200,13.97,EUR/MWh,FR,FR,imbalance_price,Short,2026-08-05T12:06:18Z
2026-08-05T12:02:33Z,2026-08-05T14:02:33+0200,a602df8b-e77d-453c-80cb-eeacd1e89d3b,2026-07-11T11:00:00Z,2026-07-11T13:00:00+0200,9.59,EUR/MWh,FR,FR,imbalance_price,Long,2026-08-05T12:06:18Z
2026-08-05T12:02:33Z,2026-08-05T14:02:33+0200,a602df8b-e77d-453c-80cb-eeacd1e89d3b,2026-07-11T11:00:00Z,2026-07-11T13:00:00+0200,10.49,EUR/MWh,FR,FR,imbalance_price,Short,2026-08-05T12:06:18Z
2026-08-05T12:02:33Z,2026-08-05T14:02:33+0200,a602df8b-e77d-453c-80cb-eeacd1e89d3b,2026-07-11T11:15:00Z,2026-07-11T13:15:00+0200,0.0,EUR/MWh,FR,FR,imbalance_price,Long,2026-08-05T12:06:18Z
2026-08-05T12:02:33Z,2026-08-05T14:02:33+0200,a602df8b-e77d-453c-80cb-eeacd1e89d3b,2026-07-11T11:15:00Z,2026-07-11T13:15:00+0200,0.0,EUR/MWh,FR,FR,imbalance_price,Short,2026-08-05T12:06:18Z
2026-08-05T12:02:33Z,2026-08-05T14:02:33+0200,a602df8b-e77d-453c-80cb-eeacd1e89d3b,2026-07-11T11:30:00Z,2026-07-11T13:30:00+0200,0.0,EUR/MWh,FR,FR,imbalance_price,Long,2026-08-05T12:06:18Z
2026-08-05T12:02:33Z,2026-08-05T14:02:33+0200,a602df8b-e77d-453c-80cb-eeacd1e89d3b,2026-07-11T11:30:00Z,2026-07-11T13:30:00+0200,0.0,EUR/MWh,FR,FR,imbalance_price,Short,2026-08-05T12:06:18Z
2026-08-05T12:02:33Z,2026-08-05T14:02:33+0200,a602df8b-e77d-453c-80cb-eeacd1e89d3b,2026-07-11T11:45:00Z,2026-07-11T13:45:00+0200,11.06,EUR/MWh,FR,FR,imbalance_price,Long,2026-08-05T12:06:18Z
2026-08-05T12:02:33Z,2026-08-05T14:02:33+0200,a602df8b-e77d-453c-80cb-eeacd1e89d3b,2026-07-11T11:45:00Z,2026-07-11T13:45:00+0200,12.1,EUR/MWh,FR,FR,imbalance_price,Short,2026-08-05T12:06:18Z
2026-08-05T12:02:33Z,2026-08-05T14:02:33+0200,a602df8b-e77d-453c-80cb-eeacd1e89d3b,2026-07-11T12:00:00Z,2026-07-11T14:00:00+0200,16.47,EUR/MWh,FR,FR,imbalance_price,Long,2026-08-05T12:06:18Z
2026-08-05T12:02:33Z,2026-08-05T14:02:33+0200,a602df8b-e77d-453c-80cb-eeacd1e89d3b,2026-07-11T12:00:00Z,2026-07-11T14:00:00+0200,18.03,EUR/MWh,FR,FR,imbalance_price,Short,2026-08-05T12:06:18Z
2026-08-05T12:02:33Z,2026-08-05T14:02:33+0200,a602df8b-e77d-453c-80cb-eeacd1e89d3b,2026-07-11T12:15:00Z,2026-07-11T14:15:00+0200,3.28,EUR/MWh,FR,FR,imbalance_price,Long,2026-08-05T12:06:18Z
2026-08-05T12:02:33Z,2026-08-05T14:02:33+0200,a602df8b-e77d-453c-80cb-eeacd1e89d3b,2026-07-11T12:15:00Z,2026-07-11T14:15:00+0200,3.58,EUR/MWh,FR,FR,imbalance_price,Short,2026-08-05T12:06:18Z
2026-08-05T12:02:33Z,2026-08-05T14:02:33+0200,a602df8b-e77d-453c-80cb-eeacd1e89d3b,2026-07-11T12:30:00Z,2026-07-11T14:30:00+0200,3.93,EUR/MWh,FR,FR,imbalance_price,Long,2026-08-05T12:06:18Z
2026-08-05T12:02:33Z,2026-08-05T14:02:33+0200,a602df8b-e77d-453c-80cb-eeacd1e89d3b,2026-07-11T12:30:00Z,2026-07-11T14:30:00+0200,4.29,EUR/MWh,FR,FR,imbalance_price,Short,2026-08-05T12:06:18Z
2026-08-05T12:02:33Z,2026-08-05T14:02:33+0200,a602df8b-e77d-453c-80cb-eeacd1e89d3b,2026-07-11T12:45:00Z,2026-07-11T14:45:00+0200,9.39,EUR/MWh,FR,FR,imbalance_price,Long,2026-08-05T12:06:18Z
2026-08-05T12:02:33Z,2026-08-05T14:02:33+0200,a602df8b-e77d-453c-80cb-eeacd1e89d3b,2026-07-11T12:45:00Z,2026-07-11T14:45:00+0200,10.27,EUR/MWh,FR,FR,imbalance_price,Short,2026-08-05T12:06:18Z
2026-08-05T12:02:33Z,2026-08-05T14:02:33+0200,a602df8b-e77d-453c-80cb-eeacd1e89d3b,2026-07-11T13:00:00Z,2026-07-11T15:00:00+0200,2.68,EUR/MWh,FR,FR,imbalance_price,Long,2026-08-05T12:06:18Z
2026-08-05T12:02:33Z,2026-08-05T14:02:33+0200,a602df8b-e77d-453c-80cb-eeacd1e89d3b,2026-07-11T13:00:00Z,2026-07-11T15:00:00+0200,2.94,EUR/MWh,FR,FR,imbalance_price,Short,2026-08-05T12:06:18Z
2026-08-05T12:02:33Z,2026-08-05T14:02:33+0200,a602df8b-e77d-453c-80cb-eeacd1e89d3b,2026-07-11T13:15:00Z,2026-07-11T15:15:00+0200,2.53,EUR/MWh,FR,FR,imbalance_price,Long,2026-08-05T12:06:18Z
2026-08-05T12:02:33Z,2026-08-05T14:02:33+0200,a602df8b-e77d-453c-80cb-eeacd1e89d3b,2026-07-11T13:15:00Z,2026-07-11T15:15:00+0200,2.77,EUR/MWh,FR,FR,imbalance_price,Short,2026-08-05T12:06:18Z
2026-08-05T12:02:33Z,2026-08-05T14:02:33+0200,a602df8b-e77d-453c-80cb-eeacd1e89d3b,2026-07-11T13:30:00Z,2026-07-11T15:30:00+0200,7.67,EUR/MWh,FR,FR,imbalance_price,Long,2026-08-05T12:06:18Z
2026-08-05T12:02:33Z,2026-08-05T14:02:33+0200,a602df8b-e77d-453c-80cb-eeacd1e89d3b,2026-07-11T13:30:00Z,2026-07-11T15:30:00+0200,8.39,EUR/MWh,FR,FR,imbalance_price,Short,2026-08-05T12:06:18Z
2026-08-05T12:02:33Z,2026-08-05T14:02:33+0200,a602df8b-e77d-453c-80cb-eeacd1e89d3b,2026-07-11T13:45:00Z,2026-07-11T15:45:00+0200,0.94,EUR/MWh,FR,FR,imbalance_price,Long,2026-08-05T12:06:18Z
2026-08-05T12:02:33Z,2026-08-05T14:02:33+0200,a602df8b-e77d-453c-80cb-eeacd1e89d3b,2026-07-11T13:45:00Z,2026-07-11T15:45:00+0200,1.02,EUR/MWh,FR,FR,imbalance_price,Short,2026-08-05T12:06:18Z
2026-08-05T12:02:33Z,2026-08-05T14:02:33+0200,a602df8b-e77d-453c-80cb-eeacd1e89d3b,2026-07-11T14:00:00Z,2026-07-11T16:00:00+0200,18.62,EUR/MWh,FR,FR,imbalance_price,Long,2026-08-05T12:06:18Z
2026-08-05T12:02:33Z,2026-08-05T14:02:33+0200,a602df8b-e77d-453c-80cb-eeacd1e89d3b,2026-07-11T14:00:00Z,2026-07-11T16:00:00+0200,20.38,EUR/MWh,FR,FR,imbalance_price,Short,2026-08-05T12:06:18Z
2026-08-05T12:02:33Z,2026-08-05T14:02:33+0200,a602df8b-e77d-453c-80cb-eeacd1e89d3b,2026-07-11T14:15:00Z,2026-07-11T16:15:00+0200,8.19,EUR/MWh,FR,FR,imbalance_price,Long,2026-08-05T12:06:18Z
2026-08-05T12:02:33Z,2026-08-05T14:02:33+0200,a602df8b-e77d-453c-80cb-eeacd1e89d3b,2026-07-11T14:15:00Z,2026-07-11T16:15:00+0200,8.97,EUR/MWh,FR,FR,imbalance_price,Short,2026-08-05T12:06:18Z
2026-08-05T12:02:33Z,2026-08-05T14:02:33+0200,a602df8b-e77d-453c-80cb-eeacd1e89d3b,2026-07-11T14:30:00Z,2026-07-11T16:30:00+0200,8.14,EUR/MWh,FR,FR,imbalance_price,Long,2026-08-05T12:06:18Z
2026-08-05T12:02:33Z,2026-08-05T14:02:33+0200,a602df8b-e77d-453c-80cb-eeacd1e89d3b,2026-07-11T14:30:00Z,2026-07-11T16:30:00+0200,8.9,EUR/MWh,FR,FR,imbalance_price,Short,2026-08-05T12:06:18Z
2026-08-05T12:02:33Z,2026-08-05T14:02:33+0200,a602df8b-e77d-453c-80cb-eeacd1e89d3b,2026-07-11T14:45:00Z,2026-07-11T16:45:00+0200,67.27,EUR/MWh,FR,FR,imbalance_price,Long,2026-08-05T12:06:18Z
2026-08-05T12:02:33Z,2026-08-05T14:02:33+0200,a602df8b-e77d-453c-80cb-eeacd1e89d3b,2026-07-11T14:45:00Z,2026-07-11T16:45:00+0200,73.61,EUR/MWh,FR,FR,imbalance_price,Short,2026-08-05T12:06:18Z
2026-08-05T12:02:33Z,2026-08-05T14:02:33+0200,a602df8b-e77d-453c-80cb-eeacd1e89d3b,2026-07-11T15:00:00Z,2026-07-11T17:00:00+0200,147.26,EUR/MWh,FR,FR,imbalance_price,Long,2026-08-05T12:06:18Z
2026-08-05T12:02:33Z,2026-08-05T14:02:33+0200,a602df8b-e77d-453c-80cb-eeacd1e89d3b,2026-07-11T15:00:00Z,2026-07-11T17:00:00+0200,161.14,EUR/MWh,FR,FR,imbalance_price,Short,2026-08-05T12:06:18Z
2026-08-05T12:02:33Z,2026-08-05T14:02:33+0200,a602df8b-e77d-453c-80cb-eeacd1e89d3b,2026-07-11T15:15:00Z,2026-07-11T17:15:00+0200,106.46,EUR/MWh,FR,FR,imbalance_price,Long,2026-08-05T12:06:18Z
2026-08-05T12:02:33Z,2026-08-05T14:02:33+0200,a602df8b-e77d-453c-80cb-eeacd1e89d3b,2026-07-11T15:15:00Z,2026-07-11T17:15:00+0200,116.5,EUR/MWh,FR,FR,imbalance_price,Short,2026-08-05T12:06:18Z
2026-08-05T12:02:33Z,2026-08-05T14:02:33+0200,a602df8b-e77d-453c-80cb-eeacd1e89d3b,2026-07-11T15:30:00Z,2026-07-11T17:30:00+0200,125.03,EUR/MWh,FR,FR,imbalance_price,Long,2026-08-05T12:06:18Z
2026-08-05T12:02:33Z,2026-08-05T14:02:33+0200,a602df8b-e77d-453c-80cb-eeacd1e89d3b,2026-07-11T15:30:00Z,2026-07-11T17:30:00+0200,136.81,EUR/MWh,FR,FR,imbalance_price,Short,2026-08-05T12:06:18Z
2026-08-05T12:02:33Z,2026-08-05T14:02:33+0200,a602df8b-e77d-453c-80cb-eeacd1e89d3b,2026-07-11T15:45:00Z,2026-07-11T17:45:00+0200,135.12,EUR/MWh,FR,FR,imbalance_price,Long,2026-08-05T12:06:18Z
2026-08-05T12:02:33Z,2026-08-05T14:02:33+0200,a602df8b-e77d-453c-80cb-eeacd1e89d3b,2026-07-11T15:45:00Z,2026-07-11T17:45:00+0200,147.86,EUR/MWh,FR,FR,imbalance_price,Short,2026-08-05T12:06:18Z
2026-08-05T12:02:33Z,2026-08-05T14:02:33+0200,a602df8b-e77d-453c-80cb-eeacd1e89d3b,2026-07-11T16:00:00Z,2026-07-11T18:00:00+0200,52.0,EUR/MWh,FR,FR,imbalance_price,Long,2026-08-05T12:06:18Z
2026-08-05T12:02:33Z,2026-08-05T14:02:33+0200,a602df8b-e77d-453c-80cb-eeacd1e89d3b,2026-07-11T16:00:00Z,2026-07-11T18:00:00+0200,56.9,EUR/MWh,FR,FR,imbalance_price,Short,2026-08-05T12:06:18Z
2026-08-05T12:02:33Z,2026-08-05T14:02:33+0200,a602df8b-e77d-453c-80cb-eeacd1e89d3b,2026-07-11T16:15:00Z,2026-07-11T18:15:00+0200,52.93,EUR/MWh,FR,FR,imbalance_price,Long,2026-08-05T12:06:18Z
2026-08-05T12:02:33Z,2026-08-05T14:02:33+0200,a602df8b-e77d-453c-80cb-eeacd1e89d3b,2026-07-11T16:15:00Z,2026-07-11T18:15:00+0200,57.91,EUR/MWh,FR,FR,imbalance_price,Short,2026-08-05T12:06:18Z
2026-08-05T12:02:33Z,2026-08-05T14:02:33+0200,a602df8b-e77d-453c-80cb-eeacd1e89d3b,2026-07-11T16:30:00Z,2026-07-11T18:30:00+0200,86.6,EUR/MWh,FR,FR,imbalance_price,Long,2026-08-05T12:06:18Z
2026-08-05T12:02:33Z,2026-08-05T14:02:33+0200,a602df8b-e77d-453c-80cb-eeacd1e89d3b,2026-07-11T16:30:00Z,2026-07-11T18:30:00+0200,94.76,EUR/MWh,FR,FR,imbalance_price,Short,2026-08-05T12:06:18Z
2026-08-05T12:02:33Z,2026-08-05T14:02:33+0200,a602df8b-e77d-453c-80cb-eeacd1e89d3b,2026-07-11T16:45:00Z,2026-07-11T18:45:00+0200,106.58,EUR/MWh,FR,FR,imbalance_price,Long,2026-08-05T12:06:18Z
2026-08-05T12:02:33Z,2026-08-05T14:02:33+0200,a602df8b-e77d-453c-80cb-eeacd1e89d3b,2026-07-11T16:45:00Z,2026-07-11T18:45:00+0200,116.62,EUR/MWh,FR,FR,imbalance_price,Short,2026-08-05T12:06:18Z
2026-08-05T12:02:33Z,2026-08-05T14:02:33+0200,a602df8b-e77d-453c-80cb-eeacd1e89d3b,2026-07-11T17:00:00Z,2026-07-11T19:00:00+0200,-193.25,EUR/MWh,FR,FR,imbalance_price,Long,2026-08-05T12:06:18Z
2026-08-05T12:02:33Z,2026-08-05T14:02:33+0200,a602df8b-e77d-453c-80cb-eeacd1e89d3b,2026-07-11T17:00:00Z,2026-07-11T19:00:00+0200,-176.61,EUR/MWh,FR,FR,imbalance_price,Short,2026-08-05T12:06:18Z
2026-08-05T12:02:33Z,2026-08-05T14:02:33+0200,a602df8b-e77d-453c-80cb-eeacd1e89d3b,2026-07-11T17:15:00Z,2026-07-11T19:15:00+0200,-231.12,EUR/MWh,FR,FR,imbalance_price,Long,2026-08-05T12:06:18Z
2026-08-05T12:02:33Z,2026-08-05T14:02:33+0200,a602df8b-e77d-453c-80cb-eeacd1e89d3b,2026-07-11T17:15:00Z,2026-07-11T19:15:00+0200,-211.22,EUR/MWh,FR,FR,imbalance_price,Short,2026-08-05T12:06:18Z
2026-08-05T12:02:33Z,2026-08-05T14:02:33+0200,a602df8b-e77d-453c-80cb-eeacd1e89d3b,2026-07-11T17:30:00Z,2026-07-11T19:30:00+0200,75.98,EUR/MWh,FR,FR,imbalance_price,Long,2026-08-05T12:06:18Z
2026-08-05T12:02:33Z,2026-08-05T14:02:33+0200,a602df8b-e77d-453c-80cb-eeacd1e89d3b,2026-07-11T17:30:00Z,2026-07-11T19:30:00+0200,83.14,EUR/MWh,FR,FR,imbalance_price,Short,2026-08-05T12:06:18Z
2026-08-05T12:02:33Z,2026-08-05T14:02:33+0200,a602df8b-e77d-453c-80cb-eeacd1e89d3b,2026-07-11T17:45:00Z,2026-07-11T19:45:00+0200,65.06,EUR/MWh,FR,FR,imbalance_price,Long,2026-08-05T12:06:18Z
2026-08-05T12:02:33Z,2026-08-05T14:02:33+0200,a602df8b-e77d-453c-80cb-eeacd1e89d3b,2026-07-11T17:45:00Z,2026-07-11T19:45:00+0200,71.2,EUR/MWh,FR,FR,imbalance_price,Short,2026-08-05T12:06:18Z
2026-08-05T12:02:33Z,2026-08-05T14:02:33+0200,a602df8b-e77d-453c-80cb-eeacd1e89d3b,2026-07-11T18:00:00Z,2026-07-11T20:00:00+0200,50.93,EUR/MWh,FR,FR,imbalance_price,Long,2026-08-05T12:06:18Z
2026-08-05T12:02:33Z,2026-08-05T14:02:33+0200,a602df8b-e77d-453c-80cb-eeacd1e89d3b,2026-07-11T18:00:00Z,2026-07-11T20:00:00+0200,55.73,EUR/MWh,FR,FR,imbalance_price,Short,2026-08-05T12:06:18Z
2026-08-05T12:02:33Z,2026-08-05T14:02:33+0200,a602df8b-e77d-453c-80cb-eeacd1e89d3b,2026-07-11T18:15:00Z,2026-07-11T20:15:00+0200,51.27,EUR/MWh,FR,FR,imbalance_price,Long,2026-08-05T12:06:18Z
2026-08-05T12:02:33Z,2026-08-05T14:02:33+0200,a602df8b-e77d-453c-80cb-eeacd1e89d3b,2026-07-11T18:15:00Z,2026-07-11T20:15:00+0200,56.11,EUR/MWh,FR,FR,imbalance_price,Short,2026-08-05T12:06:18Z
2026-08-05T12:02:33Z,2026-08-05T14:02:33+0200,a602df8b-e77d-453c-80cb-eeacd1e89d3b,2026-07-11T18:30:00Z,2026-07-11T20:30:00+0200,73.29,EUR/MWh,FR,FR,imbalance_price,Long,2026-08-05T12:06:18Z
2026-08-05T12:02:33Z,2026-08-05T14:02:33+0200,a602df8b-e77d-453c-80cb-eeacd1e89d3b,2026-07-11T18:30:00Z,2026-07-11T20:30:00+0200,80.19,EUR/MWh,FR,FR,imbalance_price,Short,2026-08-05T12:06:18Z
2026-08-05T12:02:33Z,2026-08-05T14:02:33+0200,a602df8b-e77d-453c-80cb-eeacd1e89d3b,2026-07-11T18:45:00Z,2026-07-11T20:45:00+0200,75.72,EUR/MWh,FR,FR,imbalance_price,Long,2026-08-05T12:06:18Z
2026-08-05T12:02:33Z,2026-08-05T14:02:33+0200,a602df8b-e77d-453c-80cb-eeacd1e89d3b,2026-07-11T18:45:00Z,2026-07-11T20:45:00+0200,82.86,EUR/MWh,FR,FR,imbalance_price,Short,2026-08-05T12:06:18Z
2026-08-05T12:02:33Z,2026-08-05T14:02:33+0200,a602df8b-e77d-453c-80cb-eeacd1e89d3b,2026-07-11T19:00:00Z,2026-07-11T21:00:00+0200,176.6,EUR/MWh,FR,FR,imbalance_price,Long,2026-08-05T12:06:18Z
2026-08-05T12:02:33Z,2026-08-05T14:02:33+0200,a602df8b-e77d-453c-80cb-eeacd1e89d3b,2026-07-11T19:00:00Z,2026-07-11T21:00:00+0200,193.24,EUR/MWh,FR,FR,imbalance_price,Short,2026-08-05T12:06:18Z
2026-08-05T12:02:33Z,2026-08-05T14:02:33+0200,a602df8b-e77d-453c-80cb-eeacd1e89d3b,2026-07-11T19:15:00Z,2026-07-11T21:15:00+0200,148.69,EUR/MWh,FR,FR,imbalance_price,Long,2026-08-05T12:06:18Z
2026-08-05T12:02:33Z,2026-08-05T14:02:33+0200,a602df8b-e77d-453c-80cb-eeacd1e89d3b,2026-07-11T19:15:00Z,2026-07-11T21:15:00+0200,162.71,EUR/MWh,FR,FR,imbalance_price,Short,2026-08-05T12:06:18Z
2026-08-05T12:02:33Z,2026-08-05T14:02:33+0200,a602df8b-e77d-453c-80cb-eeacd1e89d3b,2026-07-11T19:30:00Z,2026-07-11T21:30:00+0200,176.57,EUR/MWh,FR,FR,imbalance_price,Long,2026-08-05T12:06:18Z
2026-08-05T12:02:33Z,2026-08-05T14:02:33+0200,a602df8b-e77d-453c-80cb-eeacd1e89d3b,2026-07-11T19:30:00Z,2026-07-11T21:30:00+0200,193.21,EUR/MWh,FR,FR,imbalance_price,Short,2026-08-05T12:06:18Z
2026-08-05T12:02:33Z,2026-08-05T14:02:33+0200,a602df8b-e77d-453c-80cb-eeacd1e89d3b,2026-07-11T19:45:00Z,2026-07-11T21:45:00+0200,178.22,EUR/MWh,FR,FR,imbalance_price,Long,2026-08-05T12:06:18Z
2026-08-05T12:02:33Z,2026-08-05T14:02:33+0200,a602df8b-e77d-453c-80cb-eeacd1e89d3b,2026-07-11T19:45:00Z,2026-07-11T21:45:00+0200,195.02,EUR/MWh,FR,FR,imbalance_price,Short,2026-08-05T12:06:18Z
2026-08-05T12:02:33Z,2026-08-05T14:02:33+0200,a602df8b-e77d-453c-80cb-eeacd1e89d3b,2026-07-11T20:00:00Z,2026-07-11T22:00:00+0200,166.74,EUR/MWh,FR,FR,imbalance_price,Long,2026-08-05T12:06:18Z
2026-08-05T12:02:33Z,2026-08-05T14:02:33+0200,a602df8b-e77d-453c-80cb-eeacd1e89d3b,2026-07-11T20:00:00Z,2026-07-11T22:00:00+0200,182.46,EUR/MWh,FR,FR,imbalance_price,Short,2026-08-05T12:06:18Z
2026-08-05T12:02:33Z,2026-08-05T14:02:33+0200,a602df8b-e77d-453c-80cb-eeacd1e89d3b,2026-07-11T20:15:00Z,2026-07-11T22:15:00+0200,167.12,EUR/MWh,FR,FR,imbalance_price,Long,2026-08-05T12:06:18Z
2026-08-05T12:02:33Z,2026-08-05T14:02:33+0200,a602df8b-e77d-453c-80cb-eeacd1e89d3b,2026-07-11T20:15:00Z,2026-07-11T22:15:00+0200,182.86,EUR/MWh,FR,FR,imbalance_price,Short,2026-08-05T12:06:18Z
2026-08-05T12:02:33Z,2026-08-05T14:02:33+0200,a602df8b-e77d-453c-80cb-eeacd1e89d3b,2026-07-11T20:30:00Z,2026-07-11T22:30:00+0200,168.37,EUR/MWh,FR,FR,imbalance_price,Long,2026-08-05T12:06:18Z
2026-08-05T12:02:33Z,2026-08-05T14:02:33+0200,a602df8b-e77d-453c-80cb-eeacd1e89d3b,2026-07-11T20:30:00Z,2026-07-11T22:30:00+0200,184.23,EUR/MWh,FR,FR,imbalance_price,Short,2026-08-05T12:06:18Z
2026-08-05T12:02:33Z,2026-08-05T14:02:33+0200,a602df8b-e77d-453c-80cb-eeacd1e89d3b,2026-07-11T20:45:00Z,2026-07-11T22:45:00+0200,161.27,EUR/MWh,FR,FR,imbalance_price,Long,2026-08-05T12:06:18Z
2026-08-05T12:02:33Z,2026-08-05T14:02:33+0200,a602df8b-e77d-453c-80cb-eeacd1e89d3b,2026-07-11T20:45:00Z,2026-07-11T22:45:00+0200,176.47,EUR/MWh,FR,FR,imbalance_price,Short,2026-08-05T12:06:18Z
2026-08-05T12:02:33Z,2026-08-05T14:02:33+0200,a602df8b-e77d-453c-80cb-eeacd1e89d3b,2026-07-11T21:00:00Z,2026-07-11T23:00:00+0200,165.98,EUR/MWh,FR,FR,imbalance_price,Long,2026-08-05T12:06:18Z
2026-08-05T12:02:33Z,2026-08-05T14:02:33+0200,a602df8b-e77d-453c-80cb-eeacd1e89d3b,2026-07-11T21:00:00Z,2026-07-11T23:00:00+0200,181.62,EUR/MWh,FR,FR,imbalance_price,Short,2026-08-05T12:06:18Z
2026-08-05T12:02:33Z,2026-08-05T14:02:33+0200,a602df8b-e77d-453c-80cb-eeacd1e89d3b,2026-07-11T21:15:00Z,2026-07-11T23:15:00+0200,143.43,EUR/MWh,FR,FR,imbalance_price,Long,2026-08-05T12:06:18Z
2026-08-05T12:02:33Z,2026-08-05T14:02:33+0200,a602df8b-e77d-453c-80cb-eeacd1e89d3b,2026-07-11T21:15:00Z,2026-07-11T23:15:00+0200,156.95,EUR/MWh,FR,FR,imbalance_price,Short,2026-08-05T12:06:18Z
2026-08-05T12:02:33Z,2026-08-05T14:02:33+0200,a602df8b-e77d-453c-80cb-eeacd1e89d3b,2026-07-11T21:30:00Z,2026-07-11T23:30:00+0200,146.6,EUR/MWh,FR,FR,imbalance_price,Long,2026-08-05T12:06:18Z
2026-08-05T12:02:33Z,2026-08-05T14:02:33+0200,a602df8b-e77d-453c-80cb-eeacd1e89d3b,2026-07-11T21:30:00Z,2026-07-11T23:30:00+0200,160.42,EUR/MWh,FR,FR,imbalance_price,Short,2026-08-05T12:06:18Z
2026-08-05T12:02:33Z,2026-08-05T14:02:33+0200,a602df8b-e77d-453c-80cb-eeacd1e89d3b,2026-07-11T21:45:00Z,2026-07-11T23:45:00+0200,137.38,EUR/MWh,FR,FR,imbalance_price,Long,2026-08-05T12:06:18Z
2026-08-05T12:02:33Z,2026-08-05T14:02:33+0200,a602df8b-e77d-453c-80cb-eeacd1e89d3b,2026-07-11T21:45:00Z,2026-07-11T23:45:00+0200,150.32,EUR/MWh,FR,FR,imbalance_price,Short,2026-08-05T12:06:18Z
2026-08-05T12:02:33Z,2026-08-05T14:02:33+0200,a602df8b-e77d-453c-80cb-eeacd1e89d3b,2026-07-11T22:00:00Z,2026-07-12T00:00:00+0200,153.9,EUR/MWh,FR,FR,imbalance_price,Long,2026-08-05T12:06:18Z
2026-08-05T12:02:33Z,2026-08-05T14:02:33+0200,a602df8b-e77d-453c-80cb-eeacd1e89d3b,2026-07-11T22:00:00Z,2026-07-12T00:00:00+0200,168.4,EUR/MWh,FR,FR,imbalance_price,Short,2026-08-05T12:06:18Z
2026-08-05T12:02:33Z,2026-08-05T14:02:33+0200,a602df8b-e77d-453c-80cb-eeacd1e89d3b,2026-07-11T22:15:00Z,2026-07-12T00:15:00+0200,149.66,EUR/MWh,FR,FR,imbalance_price,Long,2026-08-05T12:06:18Z
2026-08-05T12:02:33Z,2026-08-05T14:02:33+0200,a602df8b-e77d-453c-80cb-eeacd1e89d3b,2026-07-11T22:15:00Z,2026-07-12T00:15:00+0200,163.76,EUR/MWh,FR,FR,imbalance_price,Short,2026-08-05T12:06:18Z
2026-08-05T12:02:33Z,2026-08-05T14:02:33+0200,a602df8b-e77d-453c-80cb-eeacd1e89d3b,2026-07-11T22:30:00Z,2026-07-12T00:30:00+0200,156.73,EUR/MWh,FR,FR,imbalance_price,Long,2026-08-05T12:06:18Z
2026-08-05T12:02:33Z,2026-08-05T14:02:33+0200,a602df8b-e77d-453c-80cb-eeacd1e89d3b,2026-07-11T22:30:00Z,2026-07-12T00:30:00+0200,171.49,EUR/MWh,FR,FR,imbalance_price,Short,2026-08-05T12:06:18Z
2026-08-05T12:02:33Z,2026-08-05T14:02:33+0200,a602df8b-e77d-453c-80cb-eeacd1e89d3b,2026-07-11T22:45:00Z,2026-07-12T00:45:00+0200,156.73,EUR/MWh,FR,FR,imbalance_price,Long,2026-08-05T12:06:18Z
2026-08-05T12:02:33Z,2026-08-05T14:02:33+0200,a602df8b-e77d-453c-80cb-eeacd1e89d3b,2026-07-11T22:45:00Z,2026-07-12T00:45:00+0200,171.49,EUR/MWh,FR,FR,imbalance_price,Short,2026-08-05T12:06:18Z
2026-08-05T12:02:33Z,2026-08-05T14:02:33+0200,a602df8b-e77d-453c-80cb-eeacd1e89d3b,2026-07-11T23:00:00Z,2026-07-12T01:00:00+0200,153.22,EUR/MWh,FR,FR,imbalance_price,Long,2026-08-05T12:06:18Z
2026-08-05T12:02:33Z,2026-08-05T14:02:33+0200,a602df8b-e77d-453c-80cb-eeacd1e89d3b,2026-07-11T23:00:00Z,2026-07-12T01:00:00+0200,167.66,EUR/MWh,FR,FR,imbalance_price,Short,2026-08-05T12:06:18Z
2026-08-05T12:02:33Z,2026-08-05T14:02:33+0200,a602df8b-e77d-453c-80cb-eeacd1e89d3b,2026-07-11T23:15:00Z,2026-07-12T01:15:00+0200,152.76,EUR/MWh,FR,FR,imbalance_price,Long,2026-08-05T12:06:18Z
2026-08-05T12:02:33Z,2026-08-05T14:02:33+0200,a602df8b-e77d-453c-80cb-eeacd1e89d3b,2026-07-11T23:15:00Z,2026-07-12T01:15:00+0200,167.16,EUR/MWh,FR,FR,imbalance_price,Short,2026-08-05T12:06:18Z
2026-08-05T12:02:33Z,2026-08-05T14:02:33+0200,a602df8b-e77d-453c-80cb-eeacd1e89d3b,2026-07-11T23:30:00Z,2026-07-12T01:30:00+0200,150.25,EUR/MWh,FR,FR,imbalance_price,Long,2026-08-05T12:06:18Z
2026-08-05T12:02:33Z,2026-08-05T14:02:33+0200,a602df8b-e77d-453c-80cb-eeacd1e89d3b,2026-07-11T23:30:00Z,2026-07-12T01:30:00+0200,164.41,EUR/MWh,FR,FR,imbalance_price,Short,2026-08-05T12:06:18Z
2026-08-05T12:02:33Z,2026-08-05T14:02:33+0200,a602df8b-e77d-453c-80cb-eeacd1e89d3b,2026-07-11T23:45:00Z,2026-07-12T01:45:00+0200,151.55,EUR/MWh,FR,FR,imbalance_price,Long,2026-08-05T12:06:18Z
2026-08-05T12:02:33Z,2026-08-05T14:02:33+0200,a602df8b-e77d-453c-80cb-eeacd1e89d3b,2026-07-11T23:45:00Z,2026-07-12T01:45:00+0200,165.83,EUR/MWh,FR,FR,imbalance_price,Short,2026-08-05T12:06:18Z
2026-08-05T12:02:33Z,2026-08-05T14:02:33+0200,a602df8b-e77d-453c-80cb-eeacd1e89d3b,2026-07-12T00:00:00Z,2026-07-12T02:00:00+0200,159.24,EUR/MWh,FR,FR,imbalance_price,Long,2026-08-05T12:06:18Z
2026-08-05T12:02:33Z,2026-08-05T14:02:33+0200,a602df8b-e77d-453c-80cb-eeacd1e89d3b,2026-07-12T00:00:00Z,2026-07-12T02:00:00+0200,174.24,EUR/MWh,FR,FR,imbalance_price,Short,2026-08-05T12:06:18Z
2026-08-05T12:02:33Z,2026-08-05T14:02:33+0200,a602df8b-e77d-453c-80cb-eeacd1e89d3b,2026-07-12T00:15:00Z,2026-07-12T02:15:00+0200,169.24,EUR/MWh,FR,FR,imbalance_price,Long,2026-08-05T12:06:18Z
2026-08-05T12:02:33Z,2026-08-05T14:02:33+0200,a602df8b-e77d-453c-80cb-eeacd1e89d3b,2026-07-12T00:15:00Z,2026-07-12T02:15:00+0200,185.18,EUR/MWh,FR,FR,imbalance_price,Short,2026-08-05T12:06:18Z
2026-08-05T12:02:33Z,2026-08-05T14:02:33+0200,a602df8b-e77d-453c-80cb-eeacd1e89d3b,2026-07-12T00:30:00Z,2026-07-12T02:30:00+0200,169.84,EUR/MWh,FR,FR,imbalance_price,Long,2026-08-05T12:06:18Z
2026-08-05T12:02:33Z,2026-08-05T14:02:33+0200,a602df8b-e77d-453c-80cb-eeacd1e89d3b,2026-07-12T00:30:00Z,2026-07-12T02:30:00+0200,185.84,EUR/MWh,FR,FR,imbalance_price,Short,2026-08-05T12:06:18Z
2026-08-05T12:02:33Z,2026-08-05T14:02:33+0200,a602df8b-e77d-453c-80cb-eeacd1e89d3b,2026-07-12T00:45:00Z,2026-07-12T02:45:00+0200,46.4,EUR/MWh,FR,FR,imbalance_price,Long,2026-08-05T12:06:18Z
2026-08-05T12:02:33Z,2026-08-05T14:02:33+0200,a602df8b-e77d-453c-80cb-eeacd1e89d3b,2026-07-12T00:45:00Z,2026-07-12T02:45:00+0200,50.78,EUR/MWh,FR,FR,imbalance_price,Short,2026-08-05T12:06:18Z
2026-08-05T12:02:33Z,2026-08-05T14:02:33+0200,a602df8b-e77d-453c-80cb-eeacd1e89d3b,2026-07-12T01:00:00Z,2026-07-12T03:00:00+0200,94.87,EUR/MWh,FR,FR,imbalance_price,Long,2026-08-05T12:06:18Z
2026-08-05T12:02:33Z,2026-08-05T14:02:33+0200,a602df8b-e77d-453c-80cb-eeacd1e89d3b,2026-07-12T01:00:00Z,2026-07-12T03:00:00+0200,103.81,EUR/MWh,FR,FR,imbalance_price,Short,2026-08-05T12:06:18Z
2026-08-05T12:02:33Z,2026-08-05T14:02:33+0200,a602df8b-e77d-453c-80cb-eeacd1e89d3b,2026-07-12T01:15:00Z,2026-07-12T03:15:00+0200,161.78,EUR/MWh,FR,FR,imbalance_price,Long,2026-08-05T12:06:18Z
2026-08-05T12:02:33Z,2026-08-05T14:02:33+0200,a602df8b-e77d-453c-80cb-eeacd1e89d3b,2026-07-12T01:15:00Z,2026-07-12T03:15:00+0200,177.02,EUR/MWh,FR,FR,imbalance_price,Short,2026-08-05T12:06:18Z
2026-08-05T12:02:33Z,2026-08-05T14:02:33+0200,a602df8b-e77d-453c-80cb-eeacd1e89d3b,2026-07-12T01:30:00Z,2026-07-12T03:30:00+0200,72.49,EUR/MWh,FR,FR,imbalance_price,Long,2026-08-05T12:06:18Z
2026-08-05T12:02:33Z,2026-08-05T14:02:33+0200,a602df8b-e77d-453c-80cb-eeacd1e89d3b,2026-07-12T01:30:00Z,2026-07-12T03:30:00+0200,79.33,EUR/MWh,FR,FR,imbalance_price,Short,2026-08-05T12:06:18Z
2026-08-05T12:02:33Z,2026-08-05T14:02:33+0200,a602df8b-e77d-453c-80cb-eeacd1e89d3b,2026-07-12T01:45:00Z,2026-07-12T03:45:00+0200,53.97,EUR/MWh,FR,FR,imbalance_price,Long,2026-08-05T12:06:18Z
2026-08-05T12:02:33Z,2026-08-05T14:02:33+0200,a602df8b-e77d-453c-80cb-eeacd1e89d3b,2026-07-12T01:45:00Z,2026-07-12T03:45:00+0200,59.05,EUR/MWh,FR,FR,imbalance_price,Short,2026-08-05T12:06:18Z
2026-08-05T12:02:33Z,2026-08-05T14:02:33+0200,a602df8b-e77d-453c-80cb-eeacd1e89d3b,2026-07-12T02:00:00Z,2026-07-12T04:00:00+0200,104.3,EUR/MWh,FR,FR,imbalance_price,Long,2026-08-05T12:06:18Z
2026-08-05T12:02:33Z,2026-08-05T14:02:33+0200,a602df8b-e77d-453c-80cb-eeacd1e89d3b,2026-07-12T02:00:00Z,2026-07-12T04:00:00+0200,114.12,EUR/MWh,FR,FR,imbalance_price,Short,2026-08-05T12:06:18Z
2026-08-05T12:02:33Z,2026-08-05T14:02:33+0200,a602df8b-e77d-453c-80cb-eeacd1e89d3b,2026-07-12T02:15:00Z,2026-07-12T04:15:00+0200,89.44,EUR/MWh,FR,FR,imbalance_price,Long,2026-08-05T12:06:18Z
2026-08-05T12:02:33Z,2026-08-05T14:02:33+0200,a602df8b-e77d-453c-80cb-eeacd1e89d3b,2026-07-12T02:15:00Z,2026-07-12T04:15:00+0200,97.86,EUR/MWh,FR,FR,imbalance_price,Short,2026-08-05T12:06:18Z
2026-08-05T12:02:33Z,2026-08-05T14:02:33+0200,a602df8b-e77d-453c-80cb-eeacd1e89d3b,2026-07-12T02:30:00Z,2026-07-12T04:30:00+0200,68.19,EUR/MWh,FR,FR,imbalance_price,Long,2026-08-05T12:06:18Z
2026-08-05T12:02:33Z,2026-08-05T14:02:33+0200,a602df8b-e77d-453c-80cb-eeacd1e89d3b,2026-07-12T02:30:00Z,2026-07-12T04:30:00+0200,74.61,EUR/MWh,FR,FR,imbalance_price,Short,2026-08-05T12:06:18Z
2026-08-05T12:02:33Z,2026-08-05T14:02:33+0200,a602df8b-e77d-453c-80cb-eeacd1e89d3b,2026-07-12T02:45:00Z,2026-07-12T04:45:00+0200,139.14,EUR/MWh,FR,FR,imbalance_price,Long,2026-08-05T12:06:18Z
2026-08-05T12:02:33Z,2026-08-05T14:02:33+0200,a602df8b-e77d-453c-80cb-eeacd1e89d3b,2026-07-12T02:45:00Z,2026-07-12T04:45:00+0200,152.26,EUR/MWh,FR,FR,imbalance_price,Short,2026-08-05T12:06:18Z
2026-08-05T12:02:33Z,2026-08-05T14:02:33+0200,a602df8b-e77d-453c-80cb-eeacd1e89d3b,2026-07-12T03:00:00Z,2026-07-12T05:00:00+0200,140.47,EUR/MWh,FR,FR,imbalance_price,Long,2026-08-05T12:06:18Z
2026-08-05T12:02:33Z,2026-08-05T14:02:33+0200,a602df8b-e77d-453c-80cb-eeacd1e89d3b,2026-07-12T03:00:00Z,2026-07-12T05:00:00+0200,153.71,EUR/MWh,FR,FR,imbalance_price,Short,2026-08-05T12:06:18Z
2026-08-05T12:02:33Z,2026-08-05T14:02:33+0200,a602df8b-e77d-453c-80cb-eeacd1e89d3b,2026-07-12T03:15:00Z,2026-07-12T05:15:00+0200,140.8,EUR/MWh,FR,FR,imbalance_price,Long,2026-08-05T12:06:18Z
2026-08-05T12:02:33Z,2026-08-05T14:02:33+0200,a602df8b-e77d-453c-80cb-eeacd1e89d3b,2026-07-12T03:15:00Z,2026-07-12T05:15:00+0200,154.06,EUR/MWh,FR,FR,imbalance_price,Short,2026-08-05T12:06:18Z
2026-08-05T12:02:33Z,2026-08-05T14:02:33+0200,a602df8b-e77d-453c-80cb-eeacd1e89d3b,2026-07-12T03:30:00Z,2026-07-12T05:30:00+0200,99.0,EUR/MWh,FR,FR,imbalance_price,Long,2026-08-05T12:06:18Z
2026-08-05T12:02:33Z,2026-08-05T14:02:33+0200,a602df8b-e77d-453c-80cb-eeacd1e89d3b,2026-07-12T03:30:00Z,2026-07-12T05:30:00+0200,108.32,EUR/MWh,FR,FR,imbalance_price,Short,2026-08-05T12:06:18Z
2026-08-05T12:02:33Z,2026-08-05T14:02:33+0200,a602df8b-e77d-453c-80cb-eeacd1e89d3b,2026-07-12T03:45:00Z,2026-07-12T05:45:00+0200,133.97,EUR/MWh,FR,FR,imbalance_price,Long,2026-08-05T12:06:18Z
2026-08-05T12:02:33Z,2026-08-05T14:02:33+0200,a602df8b-e77d-453c-80cb-eeacd1e89d3b,2026-07-12T03:45:00Z,2026-07-12T05:45:00+0200,146.59,EUR/MWh,FR,FR,imbalance_price,Short,2026-08-05T12:06:18Z
2026-08-05T12:02:33Z,2026-08-05T14:02:33+0200,a602df8b-e77d-453c-80cb-eeacd1e89d3b,2026-07-12T04:00:00Z,2026-07-12T06:00:00+0200,135.25,EUR/MWh,FR,FR,imbalance_price,Long,2026-08-05T12:06:18Z
2026-08-05T12:02:33Z,2026-08-05T14:02:33+0200,a602df8b-e77d-453c-80cb-eeacd1e89d3b,2026-07-12T04:00:00Z,2026-07-12T06:00:00+0200,147.99,EUR/MWh,FR,FR,imbalance_price,Short,2026-08-05T12:06:18Z
2026-08-05T12:02:33Z,2026-08-05T14:02:33+0200,a602df8b-e77d-453c-80cb-eeacd1e89d3b,2026-07-12T04:15:00Z,2026-07-12T06:15:00+0200,139.92,EUR/MWh,FR,FR,imbalance_price,Long,2026-08-05T12:06:18Z
2026-08-05T12:02:33Z,2026-08-05T14:02:33+0200,a602df8b-e77d-453c-80cb-eeacd1e89d3b,2026-07-12T04:15:00Z,2026-07-12T06:15:00+0200,153.1,EUR/MWh,FR,FR,imbalance_price,Short,2026-08-05T12:06:18Z
2026-08-05T12:02:33Z,2026-08-05T14:02:33+0200,a602df8b-e77d-453c-80cb-eeacd1e89d3b,2026-07-12T04:30:00Z,2026-07-12T06:30:00+0200,136.93,EUR/MWh,FR,FR,imbalance_price,Long,2026-08-05T12:06:18Z
2026-08-05T12:02:33Z,2026-08-05T14:02:33+0200,a602df8b-e77d-453c-80cb-eeacd1e89d3b,2026-07-12T04:30:00Z,2026-07-12T06:30:00+0200,149.83,EUR/MWh,FR,FR,imbalance_price,Short,2026-08-05T12:06:18Z
2026-08-05T12:02:33Z,2026-08-05T14:02:33+0200,a602df8b-e77d-453c-80cb-eeacd1e89d3b,2026-07-12T04:45:00Z,2026-07-12T06:45:00+0200,140.52,EUR/MWh,FR,FR,imbalance_price,Long,2026-08-05T12:06:18Z
2026-08-05T12:02:33Z,2026-08-05T14:02:33+0200,a602df8b-e77d-453c-80cb-eeacd1e89d3b,2026-07-12T04:45:00Z,2026-07-12T06:45:00+0200,153.76,EUR/MWh,FR,FR,imbalance_price,Short,2026-08-05T12:06:18Z
2026-08-05T12:02:33Z,2026-08-05T14:02:33+0200,a602df8b-e77d-453c-80cb-eeacd1e89d3b,2026-07-12T05:00:00Z,2026-07-12T07:00:00+0200,159.28,EUR/MWh,FR,FR,imbalance_price,Long,2026-08-05T12:06:18Z
2026-08-05T12:02:33Z,2026-08-05T14:02:33+0200,a602df8b-e77d-453c-80cb-eeacd1e89d3b,2026-07-12T05:00:00Z,2026-07-12T07:00:00+0200,174.3,EUR/MWh,FR,FR,imbalance_price,Short,2026-08-05T12:06:18Z
2026-08-05T12:02:33Z,2026-08-05T14:02:33+0200,a602df8b-e77d-453c-80cb-eeacd1e89d3b,2026-07-12T05:15:00Z,2026-07-12T07:15:00+0200,133.84,EUR/MWh,FR,FR,imbalance_price,Long,2026-08-05T12:06:18Z
2026-08-05T12:02:33Z,2026-08-05T14:02:33+0200,a602df8b-e77d-453c-80cb-eeacd1e89d3b,2026-07-12T05:15:00Z,2026-07-12T07:15:00+0200,146.46,EUR/MWh,FR,FR,imbalance_price,Short,2026-08-05T12:06:18Z
2026-08-05T12:02:33Z,2026-08-05T14:02:33+0200,a602df8b-e77d-453c-80cb-eeacd1e89d3b,2026-07-12T05:30:00Z,2026-07-12T07:30:00+0200,121.72,EUR/MWh,FR,FR,imbalance_price,Long,2026-08-05T12:06:18Z
2026-08-05T12:02:33Z,2026-08-05T14:02:33+0200,a602df8b-e77d-453c-80cb-eeacd1e89d3b,2026-07-12T05:30:00Z,2026-07-12T07:30:00+0200,133.2,EUR/MWh,FR,FR,imbalance_price,Short,2026-08-05T12:06:18Z
2026-08-05T12:02:33Z,2026-08-05T14:02:33+0200,a602df8b-e77d-453c-80cb-eeacd1e89d3b,2026-07-12T05:45:00Z,2026-07-12T07:45:00+0200,163.05,EUR/MWh,FR,FR,imbalance_price,Long,2026-08-05T12:06:18Z
2026-08-05T12:02:33Z,2026-08-05T14:02:33+0200,a602df8b-e77d-453c-80cb-eeacd1e89d3b,2026-07-12T05:45:00Z,2026-07-12T07:45:00+0200,178.41,EUR/MWh,FR,FR,imbalance_price,Short,2026-08-05T12:06:18Z
2026-08-05T12:02:33Z,2026-08-05T14:02:33+0200,a602df8b-e77d-453c-80cb-eeacd1e89d3b,2026-07-12T06:00:00Z,2026-07-12T08:00:00+0200,154.38,EUR/MWh,FR,FR,imbalance_price,Long,2026-08-05T12:06:18Z
2026-08-05T12:02:33Z,2026-08-05T14:02:33+0200,a602df8b-e77d-453c-80cb-eeacd1e89d3b,2026-07-12T06:00:00Z,2026-07-12T08:00:00+0200,168.92,EUR/MWh,FR,FR,imbalance_price,Short,2026-08-05T12:06:18Z
2026-08-05T12:02:33Z,2026-08-05T14:02:33+0200,a602df8b-e77d-453c-80cb-eeacd1e89d3b,2026-07-12T06:15:00Z,2026-07-12T08:15:00+0200,165.27,EUR/MWh,FR,FR,imbalance_price,Long,2026-08-05T12:06:18Z
2026-08-05T12:02:33Z,2026-08-05T14:02:33+0200,a602df8b-e77d-453c-80cb-eeacd1e89d3b,2026-07-12T06:15:00Z,2026-07-12T08:15:00+0200,180.85,EUR/MWh,FR,FR,imbalance_price,Short,2026-08-05T12:06:18Z
2026-08-05T12:02:33Z,2026-08-05T14:02:33+0200,a602df8b-e77d-453c-80cb-eeacd1e89d3b,2026-07-12T06:30:00Z,2026-07-12T08:30:00+0200,165.6,EUR/MWh,FR,FR,imbalance_price,Long,2026-08-05T12:06:18Z
2026-08-05T12:02:33Z,2026-08-05T14:02:33+0200,a602df8b-e77d-453c-80cb-eeacd1e89d3b,2026-07-12T06:30:00Z,2026-07-12T08:30:00+0200,181.2,EUR/MWh,FR,FR,imbalance_price,Short,2026-08-05T12:06:18Z
2026-08-05T12:02:33Z,2026-08-05T14:02:33+0200,a602df8b-e77d-453c-80cb-eeacd1e89d3b,2026-07-12T06:45:00Z,2026-07-12T08:45:00+0200,165.6,EUR/MWh,FR,FR,imbalance_price,Long,2026-08-05T12:06:18Z
2026-08-05T12:02:33Z,2026-08-05T14:02:33+0200,a602df8b-e77d-453c-80cb-eeacd1e89d3b,2026-07-12T06:45:00Z,2026-07-12T08:45:00+0200,181.2,EUR/MWh,FR,FR,imbalance_price,Short,2026-08-05T12:06:18Z
2026-08-05T12:02:33Z,2026-08-05T14:02:33+0200,a602df8b-e77d-453c-80cb-eeacd1e89d3b,2026-07-12T07:00:00Z,2026-07-12T09:00:00+0200,165.6,EUR/MWh,FR,FR,imbalance_price,Long,2026-08-05T12:06:18Z
2026-08-05T12:02:33Z,2026-08-05T14:02:33+0200,a602df8b-e77d-453c-80cb-eeacd1e89d3b,2026-07-12T07:00:00Z,2026-07-12T09:00:00+0200,181.2,EUR/MWh,FR,FR,imbalance_price,Short,2026-08-05T12:06:18Z
2026-08-05T12:02:33Z,2026-08-05T14:02:33+0200,a602df8b-e77d-453c-80cb-eeacd1e89d3b,2026-07-12T07:15:00Z,2026-07-12T09:15:00+0200,-12.06,EUR/MWh,FR,FR,imbalance_price,Long,2026-08-05T12:06:18Z
2026-08-05T12:02:33Z,2026-08-05T14:02:33+0200,a602df8b-e77d-453c-80cb-eeacd1e89d3b,2026-07-12T07:15:00Z,2026-07-12T09:15:00+0200,-11.02,EUR/MWh,FR,FR,imbalance_price,Short,2026-08-05T12:06:18Z
2026-08-05T12:02:33Z,2026-08-05T14:02:33+0200,a602df8b-e77d-453c-80cb-eeacd1e89d3b,2026-07-12T07:30:00Z,2026-07-12T09:30:00+0200,-11.53,EUR/MWh,FR,FR,imbalance_price,Long,2026-08-05T12:06:18Z
2026-08-05T12:02:33Z,2026-08-05T14:02:33+0200,a602df8b-e77d-453c-80cb-eeacd1e89d3b,2026-07-12T07:30:00Z,2026-07-12T09:30:00+0200,-10.53,EUR/MWh,FR,FR,imbalance_price,Short,2026-08-05T12:06:18Z
2026-08-05T12:02:33Z,2026-08-05T14:02:33+0200,a602df8b-e77d-453c-80cb-eeacd1e89d3b,2026-07-12T07:45:00Z,2026-07-12T09:45:00+0200,-20.63,EUR/MWh,FR,FR,imbalance_price,Long,2026-08-05T12:06:18Z
2026-08-05T12:02:33Z,2026-08-05T14:02:33+0200,a602df8b-e77d-453c-80cb-eeacd1e89d3b,2026-07-12T07:45:00Z,2026-07-12T09:45:00+0200,-18.85,EUR/MWh,FR,FR,imbalance_price,Short,2026-08-05T12:06:18Z
2026-08-05T12:02:33Z,2026-08-05T14:02:33+0200,a602df8b-e77d-453c-80cb-eeacd1e89d3b,2026-07-12T08:00:00Z,2026-07-12T10:00:00+0200,10.61,EUR/MWh,FR,FR,imbalance_price,Long,2026-08-05T12:06:18Z
2026-08-05T12:02:33Z,2026-08-05T14:02:33+0200,a602df8b-e77d-453c-80cb-eeacd1e89d3b,2026-07-12T08:00:00Z,2026-07-12T10:00:00+0200,11.61,EUR/MWh,FR,FR,imbalance_price,Short,2026-08-05T12:06:18Z
2026-08-05T12:02:33Z,2026-08-05T14:02:33+0200,a602df8b-e77d-453c-80cb-eeacd1e89d3b,2026-07-12T08:15:00Z,2026-07-12T10:15:00+0200,8.95,EUR/MWh,FR,FR,imbalance_price,Long,2026-08-05T12:06:18Z
2026-08-05T12:02:33Z,2026-08-05T14:02:33+0200,a602df8b-e77d-453c-80cb-eeacd1e89d3b,2026-07-12T08:15:00Z,2026-07-12T10:15:00+0200,9.79,EUR/MWh,FR,FR,imbalance_price,Short,2026-08-05T12:06:18Z
2026-08-05T12:02:33Z,2026-08-05T14:02:33+0200,a602df8b-e77d-453c-80cb-eeacd1e89d3b,2026-07-12T08:30:00Z,2026-07-12T10:30:00+0200,-7.64,EUR/MWh,FR,FR,imbalance_price,Long,2026-08-05T12:06:18Z
2026-08-05T12:02:33Z,2026-08-05T14:02:33+0200,a602df8b-e77d-453c-80cb-eeacd1e89d3b,2026-07-12T08:30:00Z,2026-07-12T10:30:00+0200,-6.98,EUR/MWh,FR,FR,imbalance_price,Short,2026-08-05T12:06:18Z
2026-08-05T12:02:33Z,2026-08-05T14:02:33+0200,a602df8b-e77d-453c-80cb-eeacd1e89d3b,2026-07-12T08:45:00Z,2026-07-12T10:45:00+0200,-7.51,EUR/MWh,FR,FR,imbalance_price,Long,2026-08-05T12:06:18Z
2026-08-05T12:02:33Z,2026-08-05T14:02:33+0200,a602df8b-e77d-453c-80cb-eeacd1e89d3b,2026-07-12T08:45:00Z,2026-07-12T10:45:00+0200,-6.87,EUR/MWh,FR,FR,imbalance_price,Short,2026-08-05T12:06:18Z
2026-08-05T12:02:33Z,2026-08-05T14:02:33+0200,a602df8b-e77d-453c-80cb-eeacd1e89d3b,2026-07-12T09:00:00Z,2026-07-12T11:00:00+0200,-10.95,EUR/MWh,FR,FR,imbalance_price,Long,2026-08-05T12:06:18Z
2026-08-05T12:02:33Z,2026-08-05T14:02:33+0200,a602df8b-e77d-453c-80cb-eeacd1e89d3b,2026-07-12T09:00:00Z,2026-07-12T11:00:00+0200,-10.01,EUR/MWh,FR,FR,imbalance_price,Short,2026-08-05T12:06:18Z
2026-08-05T12:02:33Z,2026-08-05T14:02:33+0200,a602df8b-e77d-453c-80cb-eeacd1e89d3b,2026-07-12T09:15:00Z,2026-07-12T11:15:00+0200,-11.94,EUR/MWh,FR,FR,imbalance_price,Long,2026-08-05T12:06:18Z
2026-08-05T12:02:33Z,2026-08-05T14:02:33+0200,a602df8b-e77d-453c-80cb-eeacd1e89d3b,2026-07-12T09:15:00Z,2026-07-12T11:15:00+0200,-10.92,EUR/MWh,FR,FR,imbalance_price,Short,2026-08-05T12:06:18Z
2026-08-05T12:02:33Z,2026-08-05T14:02:33+0200,a602df8b-e77d-453c-80cb-eeacd1e89d3b,2026-07-12T09:30:00Z,2026-07-12T11:30:00+0200,-15.2,EUR/MWh,FR,FR,imbalance_price,Long,2026-08-05T12:06:18Z
2026-08-05T12:02:33Z,2026-08-05T14:02:33+0200,a602df8b-e77d-453c-80cb-eeacd1e89d3b,2026-07-12T09:30:00Z,2026-07-12T11:30:00+0200,-13.9,EUR/MWh,FR,FR,imbalance_price,Short,2026-08-05T12:06:18Z
2026-08-05T12:02:33Z,2026-08-05T14:02:33+0200,a602df8b-e77d-453c-80cb-eeacd1e89d3b,2026-07-12T09:45:00Z,2026-07-12T11:45:00+0200,-15.83,EUR/MWh,FR,FR,imbalance_price,Long,2026-08-05T12:06:18Z
2026-08-05T12:02:33Z,2026-08-05T14:02:33+0200,a602df8b-e77d-453c-80cb-eeacd1e89d3b,2026-07-12T09:45:00Z,2026-07-12T11:45:00+0200,-14.47,EUR/MWh,FR,FR,imbalance_price,Short,2026-08-05T12:06:18Z
2026-08-05T12:02:33Z,2026-08-05T14:02:33+0200,a602df8b-e77d-453c-80cb-eeacd1e89d3b,2026-07-12T10:00:00Z,2026-07-12T12:00:00+0200,-12.97,EUR/MWh,FR,FR,imbalance_price,Long,2026-08-05T12:06:18Z
2026-08-05T12:02:33Z,2026-08-05T14:02:33+0200,a602df8b-e77d-453c-80cb-eeacd1e89d3b,2026-07-12T10:00:00Z,2026-07-12T12:00:00+0200,-11.85,EUR/MWh,FR,FR,imbalance_price,Short,2026-08-05T12:06:18Z
2026-08-05T12:02:33Z,2026-08-05T14:02:33+0200,a602df8b-e77d-453c-80cb-eeacd1e89d3b,2026-07-12T10:15:00Z,2026-07-12T12:15:00+0200,-13.5,EUR/MWh,FR,FR,imbalance_price,Long,2026-08-05T12:06:18Z
2026-08-05T12:02:33Z,2026-08-05T14:02:33+0200,a602df8b-e77d-453c-80cb-eeacd1e89d3b,2026-07-12T10:15:00Z,2026-07-12T12:15:00+0200,-12.34,EUR/MWh,FR,FR,imbalance_price,Short,2026-08-05T12:06:18Z
2026-08-05T12:02:33Z,2026-08-05T14:02:33+0200,a602df8b-e77d-453c-80cb-eeacd1e89d3b,2026-07-12T10:30:00Z,2026-07-12T12:30:00+0200,-14.48,EUR/MWh,FR,FR,imbalance_price,Long,2026-08-05T12:06:18Z
2026-08-05T12:02:33Z,2026-08-05T14:02:33+0200,a602df8b-e77d-453c-80cb-eeacd1e89d3b,2026-07-12T10:30:00Z,2026-07-12T12:30:00+0200,-13.24,EUR/MWh,FR,FR,imbalance_price,Short,2026-08-05T12:06:18Z
2026-08-05T12:02:33Z,2026-08-05T14:02:33+0200,a602df8b-e77d-453c-80cb-eeacd1e89d3b,2026-07-12T10:45:00Z,2026-07-12T12:45:00+0200,-15.26,EUR/MWh,FR,FR,imbalance_price,Long,2026-08-05T12:06:18Z
2026-08-05T12:02:33Z,2026-08-05T14:02:33+0200,a602df8b-e77d-453c-80cb-eeacd1e89d3b,2026-07-12T10:45:00Z,2026-07-12T12:45:00+0200,-13.94,EUR/MWh,FR,FR,imbalance_price,Short,2026-08-05T12:06:18Z
2026-08-05T12:02:33Z,2026-08-05T14:02:33+0200,a602df8b-e77d-453c-80cb-eeacd1e89d3b,2026-07-12T11:00:00Z,2026-07-12T13:00:00+0200,-14.27,EUR/MWh,FR,FR,imbalance_price,Long,2026-08-05T12:06:18Z
2026-08-05T12:02:33Z,2026-08-05T14:02:33+0200,a602df8b-e77d-453c-80cb-eeacd1e89d3b,2026-07-12T11:00:00Z,2026-07-12T13:00:00+0200,-13.05,EUR/MWh,FR,FR,imbalance_price,Short,2026-08-05T12:06:18Z
2026-08-05T12:02:33Z,2026-08-05T14:02:33+0200,a602df8b-e77d-453c-80cb-eeacd1e89d3b,2026-07-12T11:15:00Z,2026-07-12T13:15:00+0200,-13.91,EUR/MWh,FR,FR,imbalance_price,Long,2026-08-05T12:06:18Z
2026-08-05T12:02:33Z,2026-08-05T14:02:33+0200,a602df8b-e77d-453c-80cb-eeacd1e89d3b,2026-07-12T11:15:00Z,2026-07-12T13:15:00+0200,-12.71,EUR/MWh,FR,FR,imbalance_price,Short,2026-08-05T12:06:18Z
2026-08-05T12:02:33Z,2026-08-05T14:02:33+0200,a602df8b-e77d-453c-80cb-eeacd1e89d3b,2026-07-12T11:30:00Z,2026-07-12T13:30:00+0200,-13.78,EUR/MWh,FR,FR,imbalance_price,Long,2026-08-05T12:06:18Z
2026-08-05T12:02:33Z,2026-08-05T14:02:33+0200,a602df8b-e77d-453c-80cb-eeacd1e89d3b,2026-07-12T11:30:00Z,2026-07-12T13:30:00+0200,-12.6,EUR/MWh,FR,FR,imbalance_price,Short,2026-08-05T12:06:18Z
2026-08-05T12:02:33Z,2026-08-05T14:02:33+0200,a602df8b-e77d-453c-80cb-eeacd1e89d3b,2026-07-12T11:45:00Z,2026-07-12T13:45:00+0200,-14.02,EUR/MWh,FR,FR,imbalance_price,Long,2026-08-05T12:06:18Z
2026-08-05T12:02:33Z,2026-08-05T14:02:33+0200,a602df8b-e77d-453c-80cb-eeacd1e89d3b,2026-07-12T11:45:00Z,2026-07-12T13:45:00+0200,-12.82,EUR/MWh,FR,FR,imbalance_price,Short,2026-08-05T12:06:18Z
2026-08-05T12:02:33Z,2026-08-05T14:02:33+0200,a602df8b-e77d-453c-80cb-eeacd1e89d3b,2026-07-12T12:00:00Z,2026-07-12T14:00:00+0200,-4.61,EUR/MWh,FR,FR,imbalance_price,Long,2026-08-05T12:06:18Z
2026-08-05T12:02:33Z,2026-08-05T14:02:33+0200,a602df8b-e77d-453c-80cb-eeacd1e89d3b,2026-07-12T12:00:00Z,2026-07-12T14:00:00+0200,-4.21,EUR/MWh,FR,FR,imbalance_price,Short,2026-08-05T12:06:18Z
2026-08-05T12:02:33Z,2026-08-05T14:02:33+0200,a602df8b-e77d-453c-80cb-eeacd1e89d3b,2026-07-12T12:15:00Z,2026-07-12T14:15:00+0200,-49.74,EUR/MWh,FR,FR,imbalance_price,Long,2026-08-05T12:06:18Z
2026-08-05T12:02:33Z,2026-08-05T14:02:33+0200,a602df8b-e77d-453c-80cb-eeacd1e89d3b,2026-07-12T12:15:00Z,2026-07-12T14:15:00+0200,-45.46,EUR/MWh,FR,FR,imbalance_price,Short,2026-08-05T12:06:18Z
2026-08-05T12:02:33Z,2026-08-05T14:02:33+0200,a602df8b-e77d-453c-80cb-eeacd1e89d3b,2026-07-12T12:30:00Z,2026-07-12T14:30:00+0200,-49.74,EUR/MWh,FR,FR,imbalance_price,Long,2026-08-05T12:06:18Z
2026-08-05T12:02:33Z,2026-08-05T14:02:33+0200,a602df8b-e77d-453c-80cb-eeacd1e89d3b,2026-07-12T12:30:00Z,2026-07-12T14:30:00+0200,-45.46,EUR/MWh,FR,FR,imbalance_price,Short,2026-08-05T12:06:18Z
2026-08-05T12:02:33Z,2026-08-05T14:02:33+0200,a602df8b-e77d-453c-80cb-eeacd1e89d3b,2026-07-12T12:45:00Z,2026-07-12T14:45:00+0200,-49.74,EUR/MWh,FR,FR,imbalance_price,Long,2026-08-05T12:06:18Z
2026-08-05T12:02:33Z,2026-08-05T14:02:33+0200,a602df8b-e77d-453c-80cb-eeacd1e89d3b,2026-07-12T12:45:00Z,2026-07-12T14:45:00+0200,-45.46,EUR/MWh,FR,FR,imbalance_price,Short,2026-08-05T12:06:18Z
2026-08-05T12:02:33Z,2026-08-05T14:02:33+0200,a602df8b-e77d-453c-80cb-eeacd1e89d3b,2026-07-12T13:00:00Z,2026-07-12T15:00:00+0200,-6.46,EUR/MWh,FR,FR,imbalance_price,Long,2026-08-05T12:06:18Z
2026-08-05T12:02:33Z,2026-08-05T14:02:33+0200,a602df8b-e77d-453c-80cb-eeacd1e89d3b,2026-07-12T13:00:00Z,2026-07-12T15:00:00+0200,-5.9,EUR/MWh,FR,FR,imbalance_price,Short,2026-08-05T12:06:18Z
2026-08-05T12:02:33Z,2026-08-05T14:02:33+0200,a602df8b-e77d-453c-80cb-eeacd1e89d3b,2026-07-12T13:15:00Z,2026-07-12T15:15:00+0200,-8.49,EUR/MWh,FR,FR,imbalance_price,Long,2026-08-05T12:06:18Z
2026-08-05T12:02:33Z,2026-08-05T14:02:33+0200,a602df8b-e77d-453c-80cb-eeacd1e89d3b,2026-07-12T13:15:00Z,2026-07-12T15:15:00+0200,-7.75,EUR/MWh,FR,FR,imbalance_price,Short,2026-08-05T12:06:18Z
2026-08-05T12:02:33Z,2026-08-05T14:02:33+0200,a602df8b-e77d-453c-80cb-eeacd1e89d3b,2026-07-12T13:30:00Z,2026-07-12T15:30:00+0200,-6.12,EUR/MWh,FR,FR,imbalance_price,Long,2026-08-05T12:06:18Z
2026-08-05T12:02:33Z,2026-08-05T14:02:33+0200,a602df8b-e77d-453c-80cb-eeacd1e89d3b,2026-07-12T13:30:00Z,2026-07-12T15:30:00+0200,-5.6,EUR/MWh,FR,FR,imbalance_price,Short,2026-08-05T12:06:18Z
2026-08-05T12:02:33Z,2026-08-05T14:02:33+0200,a602df8b-e77d-453c-80cb-eeacd1e89d3b,2026-07-12T13:45:00Z,2026-07-12T15:45:00+0200,-8.32,EUR/MWh,FR,FR,imbalance_price,Long,2026-08-05T12:06:18Z
2026-08-05T12:02:33Z,2026-08-05T14:02:33+0200,a602df8b-e77d-453c-80cb-eeacd1e89d3b,2026-07-12T13:45:00Z,2026-07-12T15:45:00+0200,-7.6,EUR/MWh,FR,FR,imbalance_price,Short,2026-08-05T12:06:18Z
2026-08-05T12:02:33Z,2026-08-05T14:02:33+0200,a602df8b-e77d-453c-80cb-eeacd1e89d3b,2026-07-12T14:00:00Z,2026-07-12T16:00:00+0200,41.17,EUR/MWh,FR,FR,imbalance_price,Long,2026-08-05T12:06:18Z
2026-08-05T12:02:33Z,2026-08-05T14:02:33+0200,a602df8b-e77d-453c-80cb-eeacd1e89d3b,2026-07-12T14:00:00Z,2026-07-12T16:00:00+0200,45.05,EUR/MWh,FR,FR,imbalance_price,Short,2026-08-05T12:06:18Z
2026-08-05T12:02:33Z,2026-08-05T14:02:33+0200,a602df8b-e77d-453c-80cb-eeacd1e89d3b,2026-07-12T14:15:00Z,2026-07-12T16:15:00+0200,64.6,EUR/MWh,FR,FR,imbalance_price,Long,2026-08-05T12:06:18Z
2026-08-05T12:02:33Z,2026-08-05T14:02:33+0200,a602df8b-e77d-453c-80cb-eeacd1e89d3b,2026-07-12T14:15:00Z,2026-07-12T16:15:00+0200,70.68,EUR/MWh,FR,FR,imbalance_price,Short,2026-08-05T12:06:18Z
2026-08-05T12:02:33Z,2026-08-05T14:02:33+0200,a602df8b-e77d-453c-80cb-eeacd1e89d3b,2026-07-12T14:30:00Z,2026-07-12T16:30:00+0200,76.94,EUR/MWh,FR,FR,imbalance_price,Long,2026-08-05T12:06:18Z
2026-08-05T12:02:33Z,2026-08-05T14:02:33+0200,a602df8b-e77d-453c-80cb-eeacd1e89d3b,2026-07-12T14:30:00Z,2026-07-12T16:30:00+0200,84.2,EUR/MWh,FR,FR,imbalance_price,Short,2026-08-05T12:06:18Z
2026-08-05T12:02:33Z,2026-08-05T14:02:33+0200,a602df8b-e77d-453c-80cb-eeacd1e89d3b,2026-07-12T14:45:00Z,2026-07-12T16:45:00+0200,152.9,EUR/MWh,FR,FR,imbalance_price,Long,2026-08-05T12:06:18Z
2026-08-05T12:02:33Z,2026-08-05T14:02:33+0200,a602df8b-e77d-453c-80cb-eeacd1e89d3b,2026-07-12T14:45:00Z,2026-07-12T16:45:00+0200,167.3,EUR/MWh,FR,FR,imbalance_price,Short,2026-08-05T12:06:18Z
2026-08-05T12:02:33Z,2026-08-05T14:02:33+0200,a602df8b-e77d-453c-80cb-eeacd1e89d3b,2026-07-12T15:00:00Z,2026-07-12T17:00:00+0200,50.01,EUR/MWh,FR,FR,imbalance_price,Long,2026-08-05T12:06:18Z
2026-08-05T12:02:33Z,2026-08-05T14:02:33+0200,a602df8b-e77d-453c-80cb-eeacd1e89d3b,2026-07-12T15:00:00Z,2026-07-12T17:00:00+0200,54.73,EUR/MWh,FR,FR,imbalance_price,Short,2026-08-05T12:06:18Z
2026-08-05T12:02:33Z,2026-08-05T14:02:33+0200,a602df8b-e77d-453c-80cb-eeacd1e89d3b,2026-07-12T15:15:00Z,2026-07-12T17:15:00+0200,-510.35,EUR/MWh,FR,FR,imbalance_price,Long,2026-08-05T12:06:18Z
2026-08-05T12:02:33Z,2026-08-05T14:02:33+0200,a602df8b-e77d-453c-80cb-eeacd1e89d3b,2026-07-12T15:15:00Z,2026-07-12T17:15:00+0200,-466.39,EUR/MWh,FR,FR,imbalance_price,Short,2026-08-05T12:06:18Z
2026-08-05T12:02:33Z,2026-08-05T14:02:33+0200,a602df8b-e77d-453c-80cb-eeacd1e89d3b,2026-07-12T15:30:00Z,2026-07-12T17:30:00+0200,-24.45,EUR/MWh,FR,FR,imbalance_price,Long,2026-08-05T12:06:18Z
2026-08-05T12:02:33Z,2026-08-05T14:02:33+0200,a602df8b-e77d-453c-80cb-eeacd1e89d3b,2026-07-12T15:30:00Z,2026-07-12T17:30:00+0200,-22.35,EUR/MWh,FR,FR,imbalance_price,Short,2026-08-05T12:06:18Z
2026-08-05T12:02:33Z,2026-08-05T14:02:33+0200,a602df8b-e77d-453c-80cb-eeacd1e89d3b,2026-07-12T15:45:00Z,2026-07-12T17:45:00+0200,98.62,EUR/MWh,FR,FR,imbalance_price,Long,2026-08-05T12:06:18Z
2026-08-05T12:02:33Z,2026-08-05T14:02:33+0200,a602df8b-e77d-453c-80cb-eeacd1e89d3b,2026-07-12T15:45:00Z,2026-07-12T17:45:00+0200,107.92,EUR/MWh,FR,FR,imbalance_price,Short,2026-08-05T12:06:18Z
2026-08-05T12:02:33Z,2026-08-05T14:02:33+0200,a602df8b-e77d-453c-80cb-eeacd1e89d3b,2026-07-12T16:00:00Z,2026-07-12T18:00:00+0200,108.87,EUR/MWh,FR,FR,imbalance_price,Long,2026-08-05T12:06:18Z
2026-08-05T12:02:33Z,2026-08-05T14:02:33+0200,a602df8b-e77d-453c-80cb-eeacd1e89d3b,2026-07-12T16:00:00Z,2026-07-12T18:00:00+0200,119.13,EUR/MWh,FR,FR,imbalance_price,Short,2026-08-05T12:06:18Z
2026-08-05T12:02:33Z,2026-08-05T14:02:33+0200,a602df8b-e77d-453c-80cb-eeacd1e89d3b,2026-07-12T16:15:00Z,2026-07-12T18:15:00+0200,91.74,EUR/MWh,FR,FR,imbalance_price,Long,2026-08-05T12:06:18Z
2026-08-05T12:02:33Z,2026-08-05T14:02:33+0200,a602df8b-e77d-453c-80cb-eeacd1e89d3b,2026-07-12T16:15:00Z,2026-07-12T18:15:00+0200,100.38,EUR/MWh,FR,FR,imbalance_price,Short,2026-08-05T12:06:18Z
2026-08-05T12:02:33Z,2026-08-05T14:02:33+0200,a602df8b-e77d-453c-80cb-eeacd1e89d3b,2026-07-12T16:30:00Z,2026-07-12T18:30:00+0200,134.04,EUR/MWh,FR,FR,imbalance_price,Long,2026-08-05T12:06:18Z
2026-08-05T12:02:33Z,2026-08-05T14:02:33+0200,a602df8b-e77d-453c-80cb-eeacd1e89d3b,2026-07-12T16:30:00Z,2026-07-12T18:30:00+0200,146.68,EUR/MWh,FR,FR,imbalance_price,Short,2026-08-05T12:06:18Z
2026-08-05T12:02:33Z,2026-08-05T14:02:33+0200,a602df8b-e77d-453c-80cb-eeacd1e89d3b,2026-07-12T16:45:00Z,2026-07-12T18:45:00+0200,122.4,EUR/MWh,FR,FR,imbalance_price,Long,2026-08-05T12:06:18Z
2026-08-05T12:02:33Z,2026-08-05T14:02:33+0200,a602df8b-e77d-453c-80cb-eeacd1e89d3b,2026-07-12T16:45:00Z,2026-07-12T18:45:00+0200,133.94,EUR/MWh,FR,FR,imbalance_price,Short,2026-08-05T12:06:18Z
2026-08-05T12:02:33Z,2026-08-05T14:02:33+0200,a602df8b-e77d-453c-80cb-eeacd1e89d3b,2026-07-12T17:00:00Z,2026-07-12T19:00:00+0200,157.11,EUR/MWh,FR,FR,imbalance_price,Long,2026-08-05T12:06:18Z
2026-08-05T12:02:33Z,2026-08-05T14:02:33+0200,a602df8b-e77d-453c-80cb-eeacd1e89d3b,2026-07-12T17:00:00Z,2026-07-12T19:00:00+0200,171.91,EUR/MWh,FR,FR,imbalance_price,Short,2026-08-05T12:06:18Z
2026-08-05T12:02:33Z,2026-08-05T14:02:33+0200,a602df8b-e77d-453c-80cb-eeacd1e89d3b,2026-07-12T17:15:00Z,2026-07-12T19:15:00+0200,154.71,EUR/MWh,FR,FR,imbalance_price,Long,2026-08-05T12:06:18Z
2026-08-05T12:02:33Z,2026-08-05T14:02:33+0200,a602df8b-e77d-453c-80cb-eeacd1e89d3b,2026-07-12T17:15:00Z,2026-07-12T19:15:00+0200,169.29,EUR/MWh,FR,FR,imbalance_price,Short,2026-08-05T12:06:18Z
2026-08-05T12:02:33Z,2026-08-05T14:02:33+0200,a602df8b-e77d-453c-80cb-eeacd1e89d3b,2026-07-12T17:30:00Z,2026-07-12T19:30:00+0200,157.1,EUR/MWh,FR,FR,imbalance_price,Long,2026-08-05T12:06:18Z
2026-08-05T12:02:33Z,2026-08-05T14:02:33+0200,a602df8b-e77d-453c-80cb-eeacd1e89d3b,2026-07-12T17:30:00Z,2026-07-12T19:30:00+0200,171.9,EUR/MWh,FR,FR,imbalance_price,Short,2026-08-05T12:06:18Z
2026-08-05T12:02:33Z,2026-08-05T14:02:33+0200,a602df8b-e77d-453c-80cb-eeacd1e89d3b,2026-07-12T17:45:00Z,2026-07-12T19:45:00+0200,157.1,EUR/MWh,FR,FR,imbalance_price,Long,2026-08-05T12:06:18Z
2026-08-05T12:02:33Z,2026-08-05T14:02:33+0200,a602df8b-e77d-453c-80cb-eeacd1e89d3b,2026-07-12T17:45:00Z,2026-07-12T19:45:00+0200,171.9,EUR/MWh,FR,FR,imbalance_price,Short,2026-08-05T12:06:18Z
2026-08-05T12:02:33Z,2026-08-05T14:02:33+0200,a602df8b-e77d-453c-80cb-eeacd1e89d3b,2026-07-12T18:00:00Z,2026-07-12T20:00:00+0200,99.68,EUR/MWh,FR,FR,imbalance_price,Long,2026-08-05T12:06:18Z
2026-08-05T12:02:33Z,2026-08-05T14:02:33+0200,a602df8b-e77d-453c-80cb-eeacd1e89d3b,2026-07-12T18:00:00Z,2026-07-12T20:00:00+0200,109.08,EUR/MWh,FR,FR,imbalance_price,Short,2026-08-05T12:06:18Z
2026-08-05T12:02:33Z,2026-08-05T14:02:33+0200,a602df8b-e77d-453c-80cb-eeacd1e89d3b,2026-07-12T18:15:00Z,2026-07-12T20:15:00+0200,157.1,EUR/MWh,FR,FR,imbalance_price,Long,2026-08-05T12:06:18Z
2026-08-05T12:02:33Z,2026-08-05T14:02:33+0200,a602df8b-e77d-453c-80cb-eeacd1e89d3b,2026-07-12T18:15:00Z,2026-07-12T20:15:00+0200,171.9,EUR/MWh,FR,FR,imbalance_price,Short,2026-08-05T12:06:18Z
2026-08-05T12:02:33Z,2026-08-05T14:02:33+0200,a602df8b-e77d-453c-80cb-eeacd1e89d3b,2026-07-12T18:30:00Z,2026-07-12T20:30:00+0200,157.1,EUR/MWh,FR,FR,imbalance_price,Long,2026-08-05T12:06:18Z
2026-08-05T12:02:33Z,2026-08-05T14:02:33+0200,a602df8b-e77d-453c-80cb-eeacd1e89d3b,2026-07-12T18:30:00Z,2026-07-12T20:30:00+0200,171.9,EUR/MWh,FR,FR,imbalance_price,Short,2026-08-05T12:06:18Z
2026-08-05T12:02:33Z,2026-08-05T14:02:33+0200,a602df8b-e77d-453c-80cb-eeacd1e89d3b,2026-07-12T18:45:00Z,2026-07-12T20:45:00+0200,157.1,EUR/MWh,FR,FR,imbalance_price,Long,2026-08-05T12:06:18Z
2026-08-05T12:02:33Z,2026-08-05T14:02:33+0200,a602df8b-e77d-453c-80cb-eeacd1e89d3b,2026-07-12T18:45:00Z,2026-07-12T20:45:00+0200,171.9,EUR/MWh,FR,FR,imbalance_price,Short,2026-08-05T12:06:18Z
2026-08-05T12:02:33Z,2026-08-05T14:02:33+0200,a602df8b-e77d-453c-80cb-eeacd1e89d3b,2026-07-12T19:00:00Z,2026-07-12T21:00:00+0200,614.64,EUR/MWh,FR,FR,imbalance_price,Long,2026-08-05T12:06:18Z
2026-08-05T12:02:33Z,2026-08-05T14:02:33+0200,a602df8b-e77d-453c-80cb-eeacd1e89d3b,2026-07-12T19:00:00Z,2026-07-12T21:00:00+0200,672.56,EUR/MWh,FR,FR,imbalance_price,Short,2026-08-05T12:06:18Z
2026-08-05T12:02:33Z,2026-08-05T14:02:33+0200,a602df8b-e77d-453c-80cb-eeacd1e89d3b,2026-07-12T19:15:00Z,2026-07-12T21:15:00+0200,81.35,EUR/MWh,FR,FR,imbalance_price,Long,2026-08-05T12:06:18Z
2026-08-05T12:02:33Z,2026-08-05T14:02:33+0200,a602df8b-e77d-453c-80cb-eeacd1e89d3b,2026-07-12T19:15:00Z,2026-07-12T21:15:00+0200,89.01,EUR/MWh,FR,FR,imbalance_price,Short,2026-08-05T12:06:18Z
2026-08-05T12:02:33Z,2026-08-05T14:02:33+0200,a602df8b-e77d-453c-80cb-eeacd1e89d3b,2026-07-12T19:30:00Z,2026-07-12T21:30:00+0200,121.96,EUR/MWh,FR,FR,imbalance_price,Long,2026-08-05T12:06:18Z
2026-08-05T12:02:33Z,2026-08-05T14:02:33+0200,a602df8b-e77d-453c-80cb-eeacd1e89d3b,2026-07-12T19:30:00Z,2026-07-12T21:30:00+0200,133.46,EUR/MWh,FR,FR,imbalance_price,Short,2026-08-05T12:06:18Z
2026-08-05T12:02:33Z,2026-08-05T14:02:33+0200,a602df8b-e77d-453c-80cb-eeacd1e89d3b,2026-07-12T19:45:00Z,2026-07-12T21:45:00+0200,128.18,EUR/MWh,FR,FR,imbalance_price,Long,2026-08-05T12:06:18Z
2026-08-05T12:02:33Z,2026-08-05T14:02:33+0200,a602df8b-e77d-453c-80cb-eeacd1e89d3b,2026-07-12T19:45:00Z,2026-07-12T21:45:00+0200,140.26,EUR/MWh,FR,FR,imbalance_price,Short,2026-08-05T12:06:18Z
2026-08-05T12:02:33Z,2026-08-05T14:02:33+0200,a602df8b-e77d-453c-80cb-eeacd1e89d3b,2026-07-12T20:00:00Z,2026-07-12T22:00:00+0200,146.09,EUR/MWh,FR,FR,imbalance_price,Long,2026-08-05T12:06:18Z
2026-08-05T12:02:33Z,2026-08-05T14:02:33+0200,a602df8b-e77d-453c-80cb-eeacd1e89d3b,2026-07-12T20:00:00Z,2026-07-12T22:00:00+0200,159.85,EUR/MWh,FR,FR,imbalance_price,Short,2026-08-05T12:06:18Z
2026-08-05T12:02:33Z,2026-08-05T14:02:33+0200,a602df8b-e77d-453c-80cb-eeacd1e89d3b,2026-07-12T20:15:00Z,2026-07-12T22:15:00+0200,135.08,EUR/MWh,FR,FR,imbalance_price,Long,2026-08-05T12:06:18Z
2026-08-05T12:02:33Z,2026-08-05T14:02:33+0200,a602df8b-e77d-453c-80cb-eeacd1e89d3b,2026-07-12T20:15:00Z,2026-07-12T22:15:00+0200,147.8,EUR/MWh,FR,FR,imbalance_price,Short,2026-08-05T12:06:18Z
2026-08-05T12:02:33Z,2026-08-05T14:02:33+0200,a602df8b-e77d-453c-80cb-eeacd1e89d3b,2026-07-12T20:30:00Z,2026-07-12T22:30:00+0200,117.78,EUR/MWh,FR,FR,imbalance_price,Long,2026-08-05T12:06:18Z
2026-08-05T12:02:33Z,2026-08-05T14:02:33+0200,a602df8b-e77d-453c-80cb-eeacd1e89d3b,2026-07-12T20:30:00Z,2026-07-12T22:30:00+0200,128.88,EUR/MWh,FR,FR,imbalance_price,Short,2026-08-05T12:06:18Z
2026-08-05T12:02:33Z,2026-08-05T14:02:33+0200,a602df8b-e77d-453c-80cb-eeacd1e89d3b,2026-07-12T20:45:00Z,2026-07-12T22:45:00+0200,111.26,EUR/MWh,FR,FR,imbalance_price,Long,2026-08-05T12:06:18Z
2026-08-05T12:02:33Z,2026-08-05T14:02:33+0200,a602df8b-e77d-453c-80cb-eeacd1e89d3b,2026-07-12T20:45:00Z,2026-07-12T22:45:00+0200,121.74,EUR/MWh,FR,FR,imbalance_price,Short,2026-08-05T12:06:18Z
2026-08-05T12:02:33Z,2026-08-05T14:02:33+0200,a602df8b-e77d-453c-80cb-eeacd1e89d3b,2026-07-12T21:00:00Z,2026-07-12T23:00:00+0200,133.58,EUR/MWh,FR,FR,imbalance_price,Long,2026-08-05T12:06:18Z
2026-08-05T12:02:33Z,2026-08-05T14:02:33+0200,a602df8b-e77d-453c-80cb-eeacd1e89d3b,2026-07-12T21:00:00Z,2026-07-12T23:00:00+0200,146.16,EUR/MWh,FR,FR,imbalance_price,Short,2026-08-05T12:06:18Z
2026-08-05T12:02:33Z,2026-08-05T14:02:33+0200,a602df8b-e77d-453c-80cb-eeacd1e89d3b,2026-07-12T21:15:00Z,2026-07-12T23:15:00+0200,115.25,EUR/MWh,FR,FR,imbalance_price,Long,2026-08-05T12:06:18Z
2026-08-05T12:02:33Z,2026-08-05T14:02:33+0200,a602df8b-e77d-453c-80cb-eeacd1e89d3b,2026-07-12T21:15:00Z,2026-07-12T23:15:00+0200,126.11,EUR/MWh,FR,FR,imbalance_price,Short,2026-08-05T12:06:18Z
2026-08-05T12:02:33Z,2026-08-05T14:02:33+0200,a602df8b-e77d-453c-80cb-eeacd1e89d3b,2026-07-12T21:30:00Z,2026-07-12T23:30:00+0200,131.05,EUR/MWh,FR,FR,imbalance_price,Long,2026-08-05T12:06:18Z
2026-08-05T12:02:33Z,2026-08-05T14:02:33+0200,a602df8b-e77d-453c-80cb-eeacd1e89d3b,2026-07-12T21:30:00Z,2026-07-12T23:30:00+0200,143.41,EUR/MWh,FR,FR,imbalance_price,Short,2026-08-05T12:06:18Z
2026-08-05T12:02:33Z,2026-08-05T14:02:33+0200,a602df8b-e77d-453c-80cb-eeacd1e89d3b,2026-07-12T21:45:00Z,2026-07-12T23:45:00+0200,132.63,EUR/MWh,FR,FR,imbalance_price,Long,2026-08-05T12:06:18Z
2026-08-05T12:02:33Z,2026-08-05T14:02:33+0200,a602df8b-e77d-453c-80cb-eeacd1e89d3b,2026-07-12T21:45:00Z,2026-07-12T23:45:00+0200,145.13,EUR/MWh,FR,FR,imbalance_price,Short,2026-08-05T12:06:18Z
2026-08-05T12:02:33Z,2026-08-05T14:02:33+0200,a602df8b-e77d-453c-80cb-eeacd1e89d3b,2026-07-12T22:00:00Z,2026-07-13T00:00:00+0200,158.29,EUR/MWh,FR,FR,imbalance_price,Long,2026-08-05T12:06:18Z
2026-08-05T12:02:33Z,2026-08-05T14:02:33+0200,a602df8b-e77d-453c-80cb-eeacd1e89d3b,2026-07-12T22:00:00Z,2026-07-13T00:00:00+0200,173.21,EUR/MWh,FR,FR,imbalance_price,Short,2026-08-05T12:06:18Z
2026-08-05T12:02:33Z,2026-08-05T14:02:33+0200,a602df8b-e77d-453c-80cb-eeacd1e89d3b,2026-07-12T22:15:00Z,2026-07-13T00:15:00+0200,157.23,EUR/MWh,FR,FR,imbalance_price,Long,2026-08-05T12:06:18Z
2026-08-05T12:02:33Z,2026-08-05T14:02:33+0200,a602df8b-e77d-453c-80cb-eeacd1e89d3b,2026-07-12T22:15:00Z,2026-07-13T00:15:00+0200,172.05,EUR/MWh,FR,FR,imbalance_price,Short,2026-08-05T12:06:18Z
2026-08-05T12:02:33Z,2026-08-05T14:02:33+0200,a602df8b-e77d-453c-80cb-eeacd1e89d3b,2026-07-12T22:30:00Z,2026-07-13T00:30:00+0200,166.61,EUR/MWh,FR,FR,imbalance_price,Long,2026-08-05T12:06:18Z
2026-08-05T12:02:33Z,2026-08-05T14:02:33+0200,a602df8b-e77d-453c-80cb-eeacd1e89d3b,2026-07-12T22:30:00Z,2026-07-13T00:30:00+0200,182.31,EUR/MWh,FR,FR,imbalance_price,Short,2026-08-05T12:06:18Z
2026-08-05T12:02:33Z,2026-08-05T14:02:33+0200,a602df8b-e77d-453c-80cb-eeacd1e89d3b,2026-07-12T22:45:00Z,2026-07-13T00:45:00+0200,165.71,EUR/MWh,FR,FR,imbalance_price,Long,2026-08-05T12:06:18Z
2026-08-05T12:02:33Z,2026-08-05T14:02:33+0200,a602df8b-e77d-453c-80cb-eeacd1e89d3b,2026-07-12T22:45:00Z,2026-07-13T00:45:00+0200,181.33,EUR/MWh,FR,FR,imbalance_price,Short,2026-08-05T12:06:18Z
2026-08-05T12:02:33Z,2026-08-05T14:02:33+0200,a602df8b-e77d-453c-80cb-eeacd1e89d3b,2026-07-12T23:00:00Z,2026-07-13T01:00:00+0200,165.7,EUR/MWh,FR,FR,imbalance_price,Long,2026-08-05T12:06:18Z
2026-08-05T12:02:33Z,2026-08-05T14:02:33+0200,a602df8b-e77d-453c-80cb-eeacd1e89d3b,2026-07-12T23:00:00Z,2026-07-13T01:00:00+0200,181.32,EUR/MWh,FR,FR,imbalance_price,Short,2026-08-05T12:06:18Z
2026-08-05T12:02:33Z,2026-08-05T14:02:33+0200,a602df8b-e77d-453c-80cb-eeacd1e89d3b,2026-07-12T23:15:00Z,2026-07-13T01:15:00+0200,160.76,EUR/MWh,FR,FR,imbalance_price,Long,2026-08-05T12:06:18Z
2026-08-05T12:02:33Z,2026-08-05T14:02:33+0200,a602df8b-e77d-453c-80cb-eeacd1e89d3b,2026-07-12T23:15:00Z,2026-07-13T01:15:00+0200,175.9,EUR/MWh,FR,FR,imbalance_price,Short,2026-08-05T12:06:18Z
2026-08-05T12:02:33Z,2026-08-05T14:02:33+0200,a602df8b-e77d-453c-80cb-eeacd1e89d3b,2026-07-12T23:30:00Z,2026-07-13T01:30:00+0200,160.31,EUR/MWh,FR,FR,imbalance_price,Long,2026-08-05T12:06:18Z
2026-08-05T12:02:33Z,2026-08-05T14:02:33+0200,a602df8b-e77d-453c-80cb-eeacd1e89d3b,2026-07-12T23:30:00Z,2026-07-13T01:30:00+0200,175.41,EUR/MWh,FR,FR,imbalance_price,Short,2026-08-05T12:06:18Z
2026-08-05T12:02:33Z,2026-08-05T14:02:33+0200,a602df8b-e77d-453c-80cb-eeacd1e89d3b,2026-07-12T23:45:00Z,2026-07-13T01:45:00+0200,160.07,EUR/MWh,FR,FR,imbalance_price,Long,2026-08-05T12:06:18Z
2026-08-05T12:02:33Z,2026-08-05T14:02:33+0200,a602df8b-e77d-453c-80cb-eeacd1e89d3b,2026-07-12T23:45:00Z,2026-07-13T01:45:00+0200,175.15,EUR/MWh,FR,FR,imbalance_price,Short,2026-08-05T12:06:18Z
2026-08-05T12:02:33Z,2026-08-05T14:02:33+0200,a602df8b-e77d-453c-80cb-eeacd1e89d3b,2026-07-13T00:00:00Z,2026-07-13T02:00:00+0200,148.17,EUR/MWh,FR,FR,imbalance_price,Long,2026-08-05T12:06:18Z
2026-08-05T12:02:33Z,2026-08-05T14:02:33+0200,a602df8b-e77d-453c-80cb-eeacd1e89d3b,2026-07-13T00:00:00Z,2026-07-13T02:00:00+0200,162.13,EUR/MWh,FR,FR,imbalance_price,Short,2026-08-05T12:06:18Z
2026-08-05T12:02:33Z,2026-08-05T14:02:33+0200,a602df8b-e77d-453c-80cb-eeacd1e89d3b,2026-07-13T00:15:00Z,2026-07-13T02:15:00+0200,132.85,EUR/MWh,FR,FR,imbalance_price,Long,2026-08-05T12:06:18Z
2026-08-05T12:02:33Z,2026-08-05T14:02:33+0200,a602df8b-e77d-453c-80cb-eeacd1e89d3b,2026-07-13T00:15:00Z,2026-07-13T02:15:00+0200,145.37,EUR/MWh,FR,FR,imbalance_price,Short,2026-08-05T12:06:18Z
2026-08-05T12:02:33Z,2026-08-05T14:02:33+0200,a602df8b-e77d-453c-80cb-eeacd1e89d3b,2026-07-13T00:30:00Z,2026-07-13T02:30:00+0200,123.24,EUR/MWh,FR,FR,imbalance_price,Long,2026-08-05T12:06:18Z
2026-08-05T12:02:33Z,2026-08-05T14:02:33+0200,a602df8b-e77d-453c-80cb-eeacd1e89d3b,2026-07-13T00:30:00Z,2026-07-13T02:30:00+0200,134.86,EUR/MWh,FR,FR,imbalance_price,Short,2026-08-05T12:06:18Z
2026-08-05T12:02:33Z,2026-08-05T14:02:33+0200,a602df8b-e77d-453c-80cb-eeacd1e89d3b,2026-07-13T00:45:00Z,2026-07-13T02:45:00+0200,123.24,EUR/MWh,FR,FR,imbalance_price,Long,2026-08-05T12:06:18Z
2026-08-05T12:02:33Z,2026-08-05T14:02:33+0200,a602df8b-e77d-453c-80cb-eeacd1e89d3b,2026-07-13T00:45:00Z,2026-07-13T02:45:00+0200,134.86,EUR/MWh,FR,FR,imbalance_price,Short,2026-08-05T12:06:18Z
2026-08-05T12:02:33Z,2026-08-05T14:02:33+0200,a602df8b-e77d-453c-80cb-eeacd1e89d3b,2026-07-13T01:00:00Z,2026-07-13T03:00:00+0200,110.94,EUR/MWh,FR,FR,imbalance_price,Long,2026-08-05T12:06:18Z
2026-08-05T12:02:33Z,2026-08-05T14:02:33+0200,a602df8b-e77d-453c-80cb-eeacd1e89d3b,2026-07-13T01:00:00Z,2026-07-13T03:00:00+0200,121.4,EUR/MWh,FR,FR,imbalance_price,Short,2026-08-05T12:06:18Z
2026-08-05T12:02:33Z,2026-08-05T14:02:33+0200,a602df8b-e77d-453c-80cb-eeacd1e89d3b,2026-07-13T01:15:00Z,2026-07-13T03:15:00+0200,63.47,EUR/MWh,FR,FR,imbalance_price,Long,2026-08-05T12:06:18Z
2026-08-05T12:02:33Z,2026-08-05T14:02:33+0200,a602df8b-e77d-453c-80cb-eeacd1e89d3b,2026-07-13T01:15:00Z,2026-07-13T03:15:00+0200,69.45,EUR/MWh,FR,FR,imbalance_price,Short,2026-08-05T12:06:18Z
2026-08-05T12:02:33Z,2026-08-05T14:02:33+0200,a602df8b-e77d-453c-80cb-eeacd1e89d3b,2026-07-13T01:30:00Z,2026-07-13T03:30:00+0200,20.51,EUR/MWh,FR,FR,imbalance_price,Long,2026-08-05T12:06:18Z
2026-08-05T12:02:33Z,2026-08-05T14:02:33+0200,a602df8b-e77d-453c-80cb-eeacd1e89d3b,2026-07-13T01:30:00Z,2026-07-13T03:30:00+0200,22.45,EUR/MWh,FR,FR,imbalance_price,Short,2026-08-05T12:06:18Z
2026-08-05T12:02:33Z,2026-08-05T14:02:33+0200,a602df8b-e77d-453c-80cb-eeacd1e89d3b,2026-07-13T01:45:00Z,2026-07-13T03:45:00+0200,65.94,EUR/MWh,FR,FR,imbalance_price,Long,2026-08-05T12:06:18Z
2026-08-05T12:02:33Z,2026-08-05T14:02:33+0200,a602df8b-e77d-453c-80cb-eeacd1e89d3b,2026-07-13T01:45:00Z,2026-07-13T03:45:00+0200,72.16,EUR/MWh,FR,FR,imbalance_price,Short,2026-08-05T12:06:18Z
2026-08-05T12:02:33Z,2026-08-05T14:02:33+0200,a602df8b-e77d-453c-80cb-eeacd1e89d3b,2026-07-13T02:00:00Z,2026-07-13T04:00:00+0200,123.93,EUR/MWh,FR,FR,imbalance_price,Long,2026-08-05T12:06:18Z
2026-08-05T12:02:33Z,2026-08-05T14:02:33+0200,a602df8b-e77d-453c-80cb-eeacd1e89d3b,2026-07-13T02:00:00Z,2026-07-13T04:00:00+0200,135.61,EUR/MWh,FR,FR,imbalance_price,Short,2026-08-05T12:06:18Z
2026-08-05T12:02:33Z,2026-08-05T14:02:33+0200,a602df8b-e77d-453c-80cb-eeacd1e89d3b,2026-07-13T02:15:00Z,2026-07-13T04:15:00+0200,123.95,EUR/MWh,FR,FR,imbalance_price,Long,2026-08-05T12:06:18Z
2026-08-05T12:02:33Z,2026-08-05T14:02:33+0200,a602df8b-e77d-453c-80cb-eeacd1e89d3b,2026-07-13T02:15:00Z,2026-07-13T04:15:00+0200,135.63,EUR/MWh,FR,FR,imbalance_price,Short,2026-08-05T12:06:18Z
2026-08-05T12:02:33Z,2026-08-05T14:02:33+0200,a602df8b-e77d-453c-80cb-eeacd1e89d3b,2026-07-13T02:30:00Z,2026-07-13T04:30:00+0200,123.95,EUR/MWh,FR,FR,imbalance_price,Long,2026-08-05T12:06:18Z
2026-08-05T12:02:33Z,2026-08-05T14:02:33+0200,a602df8b-e77d-453c-80cb-eeacd1e89d3b,2026-07-13T02:30:00Z,2026-07-13T04:30:00+0200,135.63,EUR/MWh,FR,FR,imbalance_price,Short,2026-08-05T12:06:18Z
2026-08-05T12:02:33Z,2026-08-05T14:02:33+0200,a602df8b-e77d-453c-80cb-eeacd1e89d3b,2026-07-13T02:45:00Z,2026-07-13T04:45:00+0200,123.95,EUR/MWh,FR,FR,imbalance_price,Long,2026-08-05T12:06:18Z
2026-08-05T12:02:33Z,2026-08-05T14:02:33+0200,a602df8b-e77d-453c-80cb-eeacd1e89d3b,2026-07-13T02:45:00Z,2026-07-13T04:45:00+0200,135.63,EUR/MWh,FR,FR,imbalance_price,Short,2026-08-05T12:06:18Z
2026-08-05T12:02:33Z,2026-08-05T14:02:33+0200,a602df8b-e77d-453c-80cb-eeacd1e89d3b,2026-07-13T03:00:00Z,2026-07-13T05:00:00+0200,33.05,EUR/MWh,FR,FR,imbalance_price,Long,2026-08-05T12:06:18Z
2026-08-05T12:02:33Z,2026-08-05T14:02:33+0200,a602df8b-e77d-453c-80cb-eeacd1e89d3b,2026-07-13T03:00:00Z,2026-07-13T05:00:00+0200,36.17,EUR/MWh,FR,FR,imbalance_price,Short,2026-08-05T12:06:18Z
2026-08-05T12:02:33Z,2026-08-05T14:02:33+0200,a602df8b-e77d-453c-80cb-eeacd1e89d3b,2026-07-13T03:15:00Z,2026-07-13T05:15:00+0200,136.25,EUR/MWh,FR,FR,imbalance_price,Long,2026-08-05T12:06:18Z
2026-08-05T12:02:33Z,2026-08-05T14:02:33+0200,a602df8b-e77d-453c-80cb-eeacd1e89d3b,2026-07-13T03:15:00Z,2026-07-13T05:15:00+0200,149.09,EUR/MWh,FR,FR,imbalance_price,Short,2026-08-05T12:06:18Z
2026-08-05T12:02:33Z,2026-08-05T14:02:33+0200,a602df8b-e77d-453c-80cb-eeacd1e89d3b,2026-07-13T03:30:00Z,2026-07-13T05:30:00+0200,136.25,EUR/MWh,FR,FR,imbalance_price,Long,2026-08-05T12:06:18Z
2026-08-05T12:02:33Z,2026-08-05T14:02:33+0200,a602df8b-e77d-453c-80cb-eeacd1e89d3b,2026-07-13T03:30:00Z,2026-07-13T05:30:00+0200,149.09,EUR/MWh,FR,FR,imbalance_price,Short,2026-08-05T12:06:18Z
2026-08-05T12:02:33Z,2026-08-05T14:02:33+0200,a602df8b-e77d-453c-80cb-eeacd1e89d3b,2026-07-13T03:45:00Z,2026-07-13T05:45:00+0200,-39.62,EUR/MWh,FR,FR,imbalance_price,Long,2026-08-05T12:06:18Z
2026-08-05T12:02:33Z,2026-08-05T14:02:33+0200,a602df8b-e77d-453c-80cb-eeacd1e89d3b,2026-07-13T03:45:00Z,2026-07-13T05:45:00+0200,-36.2,EUR/MWh,FR,FR,imbalance_price,Short,2026-08-05T12:06:18Z
2026-08-05T12:02:33Z,2026-08-05T14:02:33+0200,a602df8b-e77d-453c-80cb-eeacd1e89d3b,2026-07-13T04:00:00Z,2026-07-13T06:00:00+0200,145.15,EUR/MWh,FR,FR,imbalance_price,Long,2026-08-05T12:06:18Z
2026-08-05T12:02:33Z,2026-08-05T14:02:33+0200,a602df8b-e77d-453c-80cb-eeacd1e89d3b,2026-07-13T04:00:00Z,2026-07-13T06:00:00+0200,158.83,EUR/MWh,FR,FR,imbalance_price,Short,2026-08-05T12:06:18Z
2026-08-05T12:02:33Z,2026-08-05T14:02:33+0200,a602df8b-e77d-453c-80cb-eeacd1e89d3b,2026-07-13T04:15:00Z,2026-07-13T06:15:00+0200,138.3,EUR/MWh,FR,FR,imbalance_price,Long,2026-08-05T12:06:18Z
2026-08-05T12:02:33Z,2026-08-05T14:02:33+0200,a602df8b-e77d-453c-80cb-eeacd1e89d3b,2026-07-13T04:15:00Z,2026-07-13T06:15:00+0200,151.34,EUR/MWh,FR,FR,imbalance_price,Short,2026-08-05T12:06:18Z
2026-08-05T12:02:33Z,2026-08-05T14:02:33+0200,a602df8b-e77d-453c-80cb-eeacd1e89d3b,2026-07-13T04:30:00Z,2026-07-13T06:30:00+0200,78.43,EUR/MWh,FR,FR,imbalance_price,Long,2026-08-05T12:06:18Z
2026-08-05T12:02:33Z,2026-08-05T14:02:33+0200,a602df8b-e77d-453c-80cb-eeacd1e89d3b,2026-07-13T04:30:00Z,2026-07-13T06:30:00+0200,85.83,EUR/MWh,FR,FR,imbalance_price,Short,2026-08-05T12:06:18Z
2026-08-05T12:02:33Z,2026-08-05T14:02:33+0200,a602df8b-e77d-453c-80cb-eeacd1e89d3b,2026-07-13T04:45:00Z,2026-07-13T06:45:00+0200,100.52,EUR/MWh,FR,FR,imbalance_price,Long,2026-08-05T12:06:18Z
2026-08-05T12:02:33Z,2026-08-05T14:02:33+0200,a602df8b-e77d-453c-80cb-eeacd1e89d3b,2026-07-13T04:45:00Z,2026-07-13T06:45:00+0200,110.0,EUR/MWh,FR,FR,imbalance_price,Short,2026-08-05T12:06:18Z
2026-08-05T12:02:33Z,2026-08-05T14:02:33+0200,a602df8b-e77d-453c-80cb-eeacd1e89d3b,2026-07-13T05:00:00Z,2026-07-13T07:00:00+0200,-129.06,EUR/MWh,FR,FR,imbalance_price,Long,2026-08-05T12:06:18Z
2026-08-05T12:02:33Z,2026-08-05T14:02:33+0200,a602df8b-e77d-453c-80cb-eeacd1e89d3b,2026-07-13T05:00:00Z,2026-07-13T07:00:00+0200,-117.94,EUR/MWh,FR,FR,imbalance_price,Short,2026-08-05T12:06:18Z
2026-08-05T12:02:33Z,2026-08-05T14:02:33+0200,a602df8b-e77d-453c-80cb-eeacd1e89d3b,2026-07-13T05:15:00Z,2026-07-13T07:15:00+0200,2.59,EUR/MWh,FR,FR,imbalance_price,Long,2026-08-05T12:06:18Z
2026-08-05T12:02:33Z,2026-08-05T14:02:33+0200,a602df8b-e77d-453c-80cb-eeacd1e89d3b,2026-07-13T05:15:00Z,2026-07-13T07:15:00+0200,2.83,EUR/MWh,FR,FR,imbalance_price,Short,2026-08-05T12:06:18Z
2026-08-05T12:02:33Z,2026-08-05T14:02:33+0200,a602df8b-e77d-453c-80cb-eeacd1e89d3b,2026-07-13T05:30:00Z,2026-07-13T07:30:00+0200,29.39,EUR/MWh,FR,FR,imbalance_price,Long,2026-08-05T12:06:18Z
2026-08-05T12:02:33Z,2026-08-05T14:02:33+0200,a602df8b-e77d-453c-80cb-eeacd1e89d3b,2026-07-13T05:30:00Z,2026-07-13T07:30:00+0200,32.15,EUR/MWh,FR,FR,imbalance_price,Short,2026-08-05T12:06:18Z
2026-08-05T12:02:33Z,2026-08-05T14:02:33+0200,a602df8b-e77d-453c-80cb-eeacd1e89d3b,2026-07-13T05:45:00Z,2026-07-13T07:45:00+0200,52.21,EUR/MWh,FR,FR,imbalance_price,Long,2026-08-05T12:06:18Z
2026-08-05T12:02:33Z,2026-08-05T14:02:33+0200,a602df8b-e77d-453c-80cb-eeacd1e89d3b,2026-07-13T05:45:00Z,2026-07-13T07:45:00+0200,57.13,EUR/MWh,FR,FR,imbalance_price,Short,2026-08-05T12:06:18Z
2026-08-05T12:02:33Z,2026-08-05T14:02:33+0200,a602df8b-e77d-453c-80cb-eeacd1e89d3b,2026-07-13T06:00:00Z,2026-07-13T08:00:00+0200,119.26,EUR/MWh,FR,FR,imbalance_price,Long,2026-08-05T12:06:18Z
2026-08-05T12:02:33Z,2026-08-05T14:02:33+0200,a602df8b-e77d-453c-80cb-eeacd1e89d3b,2026-07-13T06:00:00Z,2026-07-13T08:00:00+0200,130.5,EUR/MWh,FR,FR,imbalance_price,Short,2026-08-05T12:06:18Z
2026-08-05T12:02:33Z,2026-08-05T14:02:33+0200,a602df8b-e77d-453c-80cb-eeacd1e89d3b,2026-07-13T06:15:00Z,2026-07-13T08:15:00+0200,102.27,EUR/MWh,FR,FR,imbalance_price,Long,2026-08-05T12:06:18Z
2026-08-05T12:02:33Z,2026-08-05T14:02:33+0200,a602df8b-e77d-453c-80cb-eeacd1e89d3b,2026-07-13T06:15:00Z,2026-07-13T08:15:00+0200,111.91,EUR/MWh,FR,FR,imbalance_price,Short,2026-08-05T12:06:18Z
2026-08-05T12:02:33Z,2026-08-05T14:02:33+0200,a602df8b-e77d-453c-80cb-eeacd1e89d3b,2026-07-13T06:30:00Z,2026-07-13T08:30:00+0200,123.69,EUR/MWh,FR,FR,imbalance_price,Long,2026-08-05T12:06:18Z
2026-08-05T12:02:33Z,2026-08-05T14:02:33+0200,a602df8b-e77d-453c-80cb-eeacd1e89d3b,2026-07-13T06:30:00Z,2026-07-13T08:30:00+0200,135.35,EUR/MWh,FR,FR,imbalance_price,Short,2026-08-05T12:06:18Z
2026-08-05T12:02:33Z,2026-08-05T14:02:33+0200,a602df8b-e77d-453c-80cb-eeacd1e89d3b,2026-07-13T06:45:00Z,2026-07-13T08:45:00+0200,100.4,EUR/MWh,FR,FR,imbalance_price,Long,2026-08-05T12:06:18Z
2026-08-05T12:02:33Z,2026-08-05T14:02:33+0200,a602df8b-e77d-453c-80cb-eeacd1e89d3b,2026-07-13T06:45:00Z,2026-07-13T08:45:00+0200,109.86,EUR/MWh,FR,FR,imbalance_price,Short,2026-08-05T12:06:18Z
2026-08-05T12:02:33Z,2026-08-05T14:02:33+0200,a602df8b-e77d-453c-80cb-eeacd1e89d3b,2026-07-13T07:00:00Z,2026-07-13T09:00:00+0200,126.15,EUR/MWh,FR,FR,imbalance_price,Long,2026-08-05T12:06:18Z
2026-08-05T12:02:33Z,2026-08-05T14:02:33+0200,a602df8b-e77d-453c-80cb-eeacd1e89d3b,2026-07-13T07:00:00Z,2026-07-13T09:00:00+0200,138.03,EUR/MWh,FR,FR,imbalance_price,Short,2026-08-05T12:06:18Z
2026-08-05T12:02:33Z,2026-08-05T14:02:33+0200,a602df8b-e77d-453c-80cb-eeacd1e89d3b,2026-07-13T07:15:00Z,2026-07-13T09:15:00+0200,124.31,EUR/MWh,FR,FR,imbalance_price,Long,2026-08-05T12:06:18Z
2026-08-05T12:02:33Z,2026-08-05T14:02:33+0200,a602df8b-e77d-453c-80cb-eeacd1e89d3b,2026-07-13T07:15:00Z,2026-07-13T09:15:00+0200,136.03,EUR/MWh,FR,FR,imbalance_price,Short,2026-08-05T12:06:18Z
2026-08-05T12:02:33Z,2026-08-05T14:02:33+0200,a602df8b-e77d-453c-80cb-eeacd1e89d3b,2026-07-13T07:30:00Z,2026-07-13T09:30:00+0200,113.76,EUR/MWh,FR,FR,imbalance_price,Long,2026-08-05T12:06:18Z
2026-08-05T12:02:33Z,2026-08-05T14:02:33+0200,a602df8b-e77d-453c-80cb-eeacd1e89d3b,2026-07-13T07:30:00Z,2026-07-13T09:30:00+0200,124.48,EUR/MWh,FR,FR,imbalance_price,Short,2026-08-05T12:06:18Z
2026-08-05T12:02:33Z,2026-08-05T14:02:33+0200,a602df8b-e77d-453c-80cb-eeacd1e89d3b,2026-07-13T07:45:00Z,2026-07-13T09:45:00+0200,80.62,EUR/MWh,FR,FR,imbalance_price,Long,2026-08-05T12:06:18Z
2026-08-05T12:02:33Z,2026-08-05T14:02:33+0200,a602df8b-e77d-453c-80cb-eeacd1e89d3b,2026-07-13T07:45:00Z,2026-07-13T09:45:00+0200,88.22,EUR/MWh,FR,FR,imbalance_price,Short,2026-08-05T12:06:18Z
2026-08-05T12:02:33Z,2026-08-05T14:02:33+0200,a602df8b-e77d-453c-80cb-eeacd1e89d3b,2026-07-13T08:00:00Z,2026-07-13T10:00:00+0200,97.11,EUR/MWh,FR,FR,imbalance_price,Long,2026-08-05T12:06:18Z
2026-08-05T12:02:33Z,2026-08-05T14:02:33+0200,a602df8b-e77d-453c-80cb-eeacd1e89d3b,2026-07-13T08:00:00Z,2026-07-13T10:00:00+0200,106.27,EUR/MWh,FR,FR,imbalance_price,Short,2026-08-05T12:06:18Z
2026-08-05T12:02:33Z,2026-08-05T14:02:33+0200,a602df8b-e77d-453c-80cb-eeacd1e89d3b,2026-07-13T08:15:00Z,2026-07-13T10:15:00+0200,103.9,EUR/MWh,FR,FR,imbalance_price,Long,2026-08-05T12:06:18Z
2026-08-05T12:02:33Z,2026-08-05T14:02:33+0200,a602df8b-e77d-453c-80cb-eeacd1e89d3b,2026-07-13T08:15:00Z,2026-07-13T10:15:00+0200,113.7,EUR/MWh,FR,FR,imbalance_price,Short,2026-08-05T12:06:18Z
2026-08-05T12:02:33Z,2026-08-05T14:02:33+0200,a602df8b-e77d-453c-80cb-eeacd1e89d3b,2026-07-13T08:30:00Z,2026-07-13T10:30:00+0200,115.46,EUR/MWh,FR,FR,imbalance_price,Long,2026-08-05T12:06:18Z
2026-08-05T12:02:33Z,2026-08-05T14:02:33+0200,a602df8b-e77d-453c-80cb-eeacd1e89d3b,2026-07-13T08:30:00Z,2026-07-13T10:30:00+0200,126.34,EUR/MWh,FR,FR,imbalance_price,Short,2026-08-05T12:06:18Z
2026-08-05T12:02:33Z,2026-08-05T14:02:33+0200,a602df8b-e77d-453c-80cb-eeacd1e89d3b,2026-07-13T08:45:00Z,2026-07-13T10:45:00+0200,99.73,EUR/MWh,FR,FR,imbalance_price,Long,2026-08-05T12:06:18Z
2026-08-05T12:02:33Z,2026-08-05T14:02:33+0200,a602df8b-e77d-453c-80cb-eeacd1e89d3b,2026-07-13T08:45:00Z,2026-07-13T10:45:00+0200,109.13,EUR/MWh,FR,FR,imbalance_price,Short,2026-08-05T12:06:18Z
2026-08-05T12:02:33Z,2026-08-05T14:02:33+0200,a602df8b-e77d-453c-80cb-eeacd1e89d3b,2026-07-13T09:00:00Z,2026-07-13T11:00:00+0200,83.5,EUR/MWh,FR,FR,imbalance_price,Long,2026-08-05T12:06:18Z
2026-08-05T12:02:33Z,2026-08-05T14:02:33+0200,a602df8b-e77d-453c-80cb-eeacd1e89d3b,2026-07-13T09:00:00Z,2026-07-13T11:00:00+0200,91.36,EUR/MWh,FR,FR,imbalance_price,Short,2026-08-05T12:06:18Z
2026-08-05T12:02:33Z,2026-08-05T14:02:33+0200,a602df8b-e77d-453c-80cb-eeacd1e89d3b,2026-07-13T09:15:00Z,2026-07-13T11:15:00+0200,73.84,EUR/MWh,FR,FR,imbalance_price,Long,2026-08-05T12:06:18Z
2026-08-05T12:02:33Z,2026-08-05T14:02:33+0200,a602df8b-e77d-453c-80cb-eeacd1e89d3b,2026-07-13T09:15:00Z,2026-07-13T11:15:00+0200,80.8,EUR/MWh,FR,FR,imbalance_price,Short,2026-08-05T12:06:18Z
2026-08-05T12:02:33Z,2026-08-05T14:02:33+0200,a602df8b-e77d-453c-80cb-eeacd1e89d3b,2026-07-13T09:30:00Z,2026-07-13T11:30:00+0200,51.58,EUR/MWh,FR,FR,imbalance_price,Long,2026-08-05T12:06:18Z
2026-08-05T12:02:33Z,2026-08-05T14:02:33+0200,a602df8b-e77d-453c-80cb-eeacd1e89d3b,2026-07-13T09:30:00Z,2026-07-13T11:30:00+0200,56.44,EUR/MWh,FR,FR,imbalance_price,Short,2026-08-05T12:06:18Z
2026-08-05T12:02:33Z,2026-08-05T14:02:33+0200,a602df8b-e77d-453c-80cb-eeacd1e89d3b,2026-07-13T09:45:00Z,2026-07-13T11:45:00+0200,64.73,EUR/MWh,FR,FR,imbalance_price,Long,2026-08-05T12:06:18Z
2026-08-05T12:02:33Z,2026-08-05T14:02:33+0200,a602df8b-e77d-453c-80cb-eeacd1e89d3b,2026-07-13T09:45:00Z,2026-07-13T11:45:00+0200,70.83,EUR/MWh,FR,FR,imbalance_price,Short,2026-08-05T12:06:18Z
2026-08-05T12:02:33Z,2026-08-05T14:02:33+0200,a602df8b-e77d-453c-80cb-eeacd1e89d3b,2026-07-13T10:00:00Z,2026-07-13T12:00:00+0200,50.83,EUR/MWh,FR,FR,imbalance_price,Long,2026-08-05T12:06:18Z
2026-08-05T12:02:33Z,2026-08-05T14:02:33+0200,a602df8b-e77d-453c-80cb-eeacd1e89d3b,2026-07-13T10:00:00Z,2026-07-13T12:00:00+0200,55.61,EUR/MWh,FR,FR,imbalance_price,Short,2026-08-05T12:06:18Z
2026-08-05T12:02:33Z,2026-08-05T14:02:33+0200,a602df8b-e77d-453c-80cb-eeacd1e89d3b,2026-07-13T10:15:00Z,2026-07-13T12:15:00+0200,85.7,EUR/MWh,FR,FR,imbalance_price,Long,2026-08-05T12:06:18Z
2026-08-05T12:02:33Z,2026-08-05T14:02:33+0200,a602df8b-e77d-453c-80cb-eeacd1e89d3b,2026-07-13T10:15:00Z,2026-07-13T12:15:00+0200,93.78,EUR/MWh,FR,FR,imbalance_price,Short,2026-08-05T12:06:18Z
2026-08-05T12:02:33Z,2026-08-05T14:02:33+0200,a602df8b-e77d-453c-80cb-eeacd1e89d3b,2026-07-13T10:30:00Z,2026-07-13T12:30:00+0200,113.68,EUR/MWh,FR,FR,imbalance_price,Long,2026-08-05T12:06:18Z
2026-08-05T12:02:33Z,2026-08-05T14:02:33+0200,a602df8b-e77d-453c-80cb-eeacd1e89d3b,2026-07-13T10:30:00Z,2026-07-13T12:30:00+0200,124.4,EUR/MWh,FR,FR,imbalance_price,Short,2026-08-05T12:06:18Z
2026-08-05T12:02:33Z,2026-08-05T14:02:33+0200,a602df8b-e77d-453c-80cb-eeacd1e89d3b,2026-07-13T10:45:00Z,2026-07-13T12:45:00+0200,56.96,EUR/MWh,FR,FR,imbalance_price,Long,2026-08-05T12:06:18Z
2026-08-05T12:02:33Z,2026-08-05T14:02:33+0200,a602df8b-e77d-453c-80cb-eeacd1e89d3b,2026-07-13T10:45:00Z,2026-07-13T12:45:00+0200,62.32,EUR/MWh,FR,FR,imbalance_price,Short,2026-08-05T12:06:18Z
2026-08-05T12:02:33Z,2026-08-05T14:02:33+0200,a602df8b-e77d-453c-80cb-eeacd1e89d3b,2026-07-13T11:00:00Z,2026-07-13T13:00:00+0200,5.51,EUR/MWh,FR,FR,imbalance_price,Long,2026-08-05T12:06:18Z
2026-08-05T12:02:33Z,2026-08-05T14:02:33+0200,a602df8b-e77d-453c-80cb-eeacd1e89d3b,2026-07-13T11:00:00Z,2026-07-13T13:00:00+0200,6.03,EUR/MWh,FR,FR,imbalance_price,Short,2026-08-05T12:06:18Z
2026-08-05T12:02:33Z,2026-08-05T14:02:33+0200,a602df8b-e77d-453c-80cb-eeacd1e89d3b,2026-07-13T11:15:00Z,2026-07-13T13:15:00+0200,4.11,EUR/MWh,FR,FR,imbalance_price,Long,2026-08-05T12:06:18Z
2026-08-05T12:02:33Z,2026-08-05T14:02:33+0200,a602df8b-e77d-453c-80cb-eeacd1e89d3b,2026-07-13T11:15:00Z,2026-07-13T13:15:00+0200,4.49,EUR/MWh,FR,FR,imbalance_price,Short,2026-08-05T12:06:18Z
2026-08-05T12:02:33Z,2026-08-05T14:02:33+0200,a602df8b-e77d-453c-80cb-eeacd1e89d3b,2026-07-13T11:30:00Z,2026-07-13T13:30:00+0200,-3.68,EUR/MWh,FR,FR,imbalance_price,Long,2026-08-05T12:06:18Z
2026-08-05T12:02:33Z,2026-08-05T14:02:33+0200,a602df8b-e77d-453c-80cb-eeacd1e89d3b,2026-07-13T11:30:00Z,2026-07-13T13:30:00+0200,-3.36,EUR/MWh,FR,FR,imbalance_price,Short,2026-08-05T12:06:18Z
2026-08-05T12:02:33Z,2026-08-05T14:02:33+0200,a602df8b-e77d-453c-80cb-eeacd1e89d3b,2026-07-13T11:45:00Z,2026-07-13T13:45:00+0200,-22.67,EUR/MWh,FR,FR,imbalance_price,Long,2026-08-05T12:06:18Z
2026-08-05T12:02:33Z,2026-08-05T14:02:33+0200,a602df8b-e77d-453c-80cb-eeacd1e89d3b,2026-07-13T11:45:00Z,2026-07-13T13:45:00+0200,-20.71,EUR/MWh,FR,FR,imbalance_price,Short,2026-08-05T12:06:18Z
2026-08-05T12:02:33Z,2026-08-05T14:02:33+0200,a602df8b-e77d-453c-80cb-eeacd1e89d3b,2026-07-13T12:00:00Z,2026-07-13T14:00:00+0200,-76.2,EUR/MWh,FR,FR,imbalance_price,Long,2026-08-05T12:06:18Z
2026-08-05T12:02:33Z,2026-08-05T14:02:33+0200,a602df8b-e77d-453c-80cb-eeacd1e89d3b,2026-07-13T12:00:00Z,2026-07-13T14:00:00+0200,-69.64,EUR/MWh,FR,FR,imbalance_price,Short,2026-08-05T12:06:18Z
2026-08-05T12:02:33Z,2026-08-05T14:02:33+0200,a602df8b-e77d-453c-80cb-eeacd1e89d3b,2026-07-13T12:15:00Z,2026-07-13T14:15:00+0200,-74.16,EUR/MWh,FR,FR,imbalance_price,Long,2026-08-05T12:06:18Z
2026-08-05T12:02:33Z,2026-08-05T14:02:33+0200,a602df8b-e77d-453c-80cb-eeacd1e89d3b,2026-07-13T12:15:00Z,2026-07-13T14:15:00+0200,-67.78,EUR/MWh,FR,FR,imbalance_price,Short,2026-08-05T12:06:18Z
2026-08-05T12:02:33Z,2026-08-05T14:02:33+0200,a602df8b-e77d-453c-80cb-eeacd1e89d3b,2026-07-13T12:30:00Z,2026-07-13T14:30:00+0200,-62.75,EUR/MWh,FR,FR,imbalance_price,Long,2026-08-05T12:06:18Z
2026-08-05T12:02:33Z,2026-08-05T14:02:33+0200,a602df8b-e77d-453c-80cb-eeacd1e89d3b,2026-07-13T12:30:00Z,2026-07-13T14:30:00+0200,-57.35,EUR/MWh,FR,FR,imbalance_price,Short,2026-08-05T12:06:18Z
2026-08-05T12:02:33Z,2026-08-05T14:02:33+0200,a602df8b-e77d-453c-80cb-eeacd1e89d3b,2026-07-13T12:45:00Z,2026-07-13T14:45:00+0200,-54.48,EUR/MWh,FR,FR,imbalance_price,Long,2026-08-05T12:06:18Z
2026-08-05T12:02:33Z,2026-08-05T14:02:33+0200,a602df8b-e77d-453c-80cb-eeacd1e89d3b,2026-07-13T12:45:00Z,2026-07-13T14:45:00+0200,-49.78,EUR/MWh,FR,FR,imbalance_price,Short,2026-08-05T12:06:18Z
2026-08-05T12:02:33Z,2026-08-05T14:02:33+0200,a602df8b-e77d-453c-80cb-eeacd1e89d3b,2026-07-13T13:00:00Z,2026-07-13T15:00:00+0200,-60.34,EUR/MWh,FR,FR,imbalance_price,Long,2026-08-05T12:06:18Z
2026-08-05T12:02:33Z,2026-08-05T14:02:33+0200,a602df8b-e77d-453c-80cb-eeacd1e89d3b,2026-07-13T13:00:00Z,2026-07-13T15:00:00+0200,-55.14,EUR/MWh,FR,FR,imbalance_price,Short,2026-08-05T12:06:18Z
2026-08-05T12:02:33Z,2026-08-05T14:02:33+0200,a602df8b-e77d-453c-80cb-eeacd1e89d3b,2026-07-13T13:15:00Z,2026-07-13T15:15:00+0200,-64.83,EUR/MWh,FR,FR,imbalance_price,Long,2026-08-05T12:06:18Z
2026-08-05T12:02:33Z,2026-08-05T14:02:33+0200,a602df8b-e77d-453c-80cb-eeacd1e89d3b,2026-07-13T13:15:00Z,2026-07-13T15:15:00+0200,-59.25,EUR/MWh,FR,FR,imbalance_price,Short,2026-08-05T12:06:18Z
2026-08-05T12:02:33Z,2026-08-05T14:02:33+0200,a602df8b-e77d-453c-80cb-eeacd1e89d3b,2026-07-13T13:30:00Z,2026-07-13T15:30:00+0200,-62.57,EUR/MWh,FR,FR,imbalance_price,Long,2026-08-05T12:06:18Z
2026-08-05T12:02:33Z,2026-08-05T14:02:33+0200,a602df8b-e77d-453c-80cb-eeacd1e89d3b,2026-07-13T13:30:00Z,2026-07-13T15:30:00+0200,-57.19,EUR/MWh,FR,FR,imbalance_price,Short,2026-08-05T12:06:18Z
2026-08-05T12:02:33Z,2026-08-05T14:02:33+0200,a602df8b-e77d-453c-80cb-eeacd1e89d3b,2026-07-13T13:45:00Z,2026-07-13T15:45:00+0200,-63.42,EUR/MWh,FR,FR,imbalance_price,Long,2026-08-05T12:06:18Z
2026-08-05T12:02:33Z,2026-08-05T14:02:33+0200,a602df8b-e77d-453c-80cb-eeacd1e89d3b,2026-07-13T13:45:00Z,2026-07-13T15:45:00+0200,-57.96,EUR/MWh,FR,FR,imbalance_price,Short,2026-08-05T12:06:18Z
2026-08-05T12:02:33Z,2026-08-05T14:02:33+0200,a602df8b-e77d-453c-80cb-eeacd1e89d3b,2026-07-13T14:00:00Z,2026-07-13T16:00:00+0200,40.82,EUR/MWh,FR,FR,imbalance_price,Long,2026-08-05T12:06:18Z
2026-08-05T12:02:33Z,2026-08-05T14:02:33+0200,a602df8b-e77d-453c-80cb-eeacd1e89d3b,2026-07-13T14:00:00Z,2026-07-13T16:00:00+0200,44.66,EUR/MWh,FR,FR,imbalance_price,Short,2026-08-05T12:06:18Z
2026-08-05T12:02:33Z,2026-08-05T14:02:33+0200,a602df8b-e77d-453c-80cb-eeacd1e89d3b,2026-07-13T14:15:00Z,2026-07-13T16:15:00+0200,-13.47,EUR/MWh,FR,FR,imbalance_price,Long,2026-08-05T12:06:18Z
2026-08-05T12:02:33Z,2026-08-05T14:02:33+0200,a602df8b-e77d-453c-80cb-eeacd1e89d3b,2026-07-13T14:15:00Z,2026-07-13T16:15:00+0200,-12.31,EUR/MWh,FR,FR,imbalance_price,Short,2026-08-05T12:06:18Z
2026-08-05T12:02:33Z,2026-08-05T14:02:33+0200,a602df8b-e77d-453c-80cb-eeacd1e89d3b,2026-07-13T14:30:00Z,2026-07-13T16:30:00+0200,49.01,EUR/MWh,FR,FR,imbalance_price,Long,2026-08-05T12:06:18Z
2026-08-05T12:02:33Z,2026-08-05T14:02:33+0200,a602df8b-e77d-453c-80cb-eeacd1e89d3b,2026-07-13T14:30:00Z,2026-07-13T16:30:00+0200,53.63,EUR/MWh,FR,FR,imbalance_price,Short,2026-08-05T12:06:18Z
2026-08-05T12:02:33Z,2026-08-05T14:02:33+0200,a602df8b-e77d-453c-80cb-eeacd1e89d3b,2026-07-13T14:45:00Z,2026-07-13T16:45:00+0200,74.29,EUR/MWh,FR,FR,imbalance_price,Long,2026-08-05T12:06:18Z
2026-08-05T12:02:33Z,2026-08-05T14:02:33+0200,a602df8b-e77d-453c-80cb-eeacd1e89d3b,2026-07-13T14:45:00Z,2026-07-13T16:45:00+0200,81.29,EUR/MWh,FR,FR,imbalance_price,Short,2026-08-05T12:06:18Z
2026-08-05T12:02:33Z,2026-08-05T14:02:33+0200,a602df8b-e77d-453c-80cb-eeacd1e89d3b,2026-07-13T15:00:00Z,2026-07-13T17:00:00+0200,35.28,EUR/MWh,FR,FR,imbalance_price,Long,2026-08-05T12:06:18Z
2026-08-05T12:02:33Z,2026-08-05T14:02:33+0200,a602df8b-e77d-453c-80cb-eeacd1e89d3b,2026-07-13T15:00:00Z,2026-07-13T17:00:00+0200,38.6,EUR/MWh,FR,FR,imbalance_price,Short,2026-08-05T12:06:18Z
2026-08-05T12:02:33Z,2026-08-05T14:02:33+0200,a602df8b-e77d-453c-80cb-eeacd1e89d3b,2026-07-13T15:15:00Z,2026-07-13T17:15:00+0200,21.22,EUR/MWh,FR,FR,imbalance_price,Long,2026-08-05T12:06:18Z
2026-08-05T12:02:33Z,2026-08-05T14:02:33+0200,a602df8b-e77d-453c-80cb-eeacd1e89d3b,2026-07-13T15:15:00Z,2026-07-13T17:15:00+0200,23.22,EUR/MWh,FR,FR,imbalance_price,Short,2026-08-05T12:06:18Z
2026-08-05T12:02:33Z,2026-08-05T14:02:33+0200,a602df8b-e77d-453c-80cb-eeacd1e89d3b,2026-07-13T15:30:00Z,2026-07-13T17:30:00+0200,8.93,EUR/MWh,FR,FR,imbalance_price,Long,2026-08-05T12:06:18Z
2026-08-05T12:02:33Z,2026-08-05T14:02:33+0200,a602df8b-e77d-453c-80cb-eeacd1e89d3b,2026-07-13T15:30:00Z,2026-07-13T17:30:00+0200,9.77,EUR/MWh,FR,FR,imbalance_price,Short,2026-08-05T12:06:18Z
2026-08-05T12:02:33Z,2026-08-05T14:02:33+0200,a602df8b-e77d-453c-80cb-eeacd1e89d3b,2026-07-13T15:45:00Z,2026-07-13T17:45:00+0200,12.47,EUR/MWh,FR,FR,imbalance_price,Long,2026-08-05T12:06:18Z
2026-08-05T12:02:33Z,2026-08-05T14:02:33+0200,a602df8b-e77d-453c-80cb-eeacd1e89d3b,2026-07-13T15:45:00Z,2026-07-13T17:45:00+0200,13.65,EUR/MWh,FR,FR,imbalance_price,Short,2026-08-05T12:06:18Z
2026-08-05T12:02:33Z,2026-08-05T14:02:33+0200,a602df8b-e77d-453c-80cb-eeacd1e89d3b,2026-07-13T16:00:00Z,2026-07-13T18:00:00+0200,120.39,EUR/MWh,FR,FR,imbalance_price,Long,2026-08-05T12:06:18Z
2026-08-05T12:02:33Z,2026-08-05T14:02:33+0200,a602df8b-e77d-453c-80cb-eeacd1e89d3b,2026-07-13T16:00:00Z,2026-07-13T18:00:00+0200,131.73,EUR/MWh,FR,FR,imbalance_price,Short,2026-08-05T12:06:18Z
2026-08-05T12:02:33Z,2026-08-05T14:02:33+0200,a602df8b-e77d-453c-80cb-eeacd1e89d3b,2026-07-13T16:15:00Z,2026-07-13T18:15:00+0200,109.69,EUR/MWh,FR,FR,imbalance_price,Long,2026-08-05T12:06:18Z
2026-08-05T12:02:33Z,2026-08-05T14:02:33+0200,a602df8b-e77d-453c-80cb-eeacd1e89d3b,2026-07-13T16:15:00Z,2026-07-13T18:15:00+0200,120.03,EUR/MWh,FR,FR,imbalance_price,Short,2026-08-05T12:06:18Z
2026-08-05T12:02:33Z,2026-08-05T14:02:33+0200,a602df8b-e77d-453c-80cb-eeacd1e89d3b,2026-07-13T16:30:00Z,2026-07-13T18:30:00+0200,122.65,EUR/MWh,FR,FR,imbalance_price,Long,2026-08-05T12:06:18Z
2026-08-05T12:02:33Z,2026-08-05T14:02:33+0200,a602df8b-e77d-453c-80cb-eeacd1e89d3b,2026-07-13T16:30:00Z,2026-07-13T18:30:00+0200,134.21,EUR/MWh,FR,FR,imbalance_price,Short,2026-08-05T12:06:18Z
2026-08-05T12:02:33Z,2026-08-05T14:02:33+0200,a602df8b-e77d-453c-80cb-eeacd1e89d3b,2026-07-13T16:45:00Z,2026-07-13T18:45:00+0200,141.08,EUR/MWh,FR,FR,imbalance_price,Long,2026-08-05T12:06:18Z
2026-08-05T12:02:33Z,2026-08-05T14:02:33+0200,a602df8b-e77d-453c-80cb-eeacd1e89d3b,2026-07-13T16:45:00Z,2026-07-13T18:45:00+0200,154.38,EUR/MWh,FR,FR,imbalance_price,Short,2026-08-05T12:06:18Z
2026-08-05T12:02:33Z,2026-08-05T14:02:33+0200,a602df8b-e77d-453c-80cb-eeacd1e89d3b,2026-07-13T17:00:00Z,2026-07-13T19:00:00+0200,44.58,EUR/MWh,FR,FR,imbalance_price,Long,2026-08-05T12:06:18Z
2026-08-05T12:02:33Z,2026-08-05T14:02:33+0200,a602df8b-e77d-453c-80cb-eeacd1e89d3b,2026-07-13T17:00:00Z,2026-07-13T19:00:00+0200,48.78,EUR/MWh,FR,FR,imbalance_price,Short,2026-08-05T12:06:18Z
2026-08-05T12:02:33Z,2026-08-05T14:02:33+0200,a602df8b-e77d-453c-80cb-eeacd1e89d3b,2026-07-13T17:15:00Z,2026-07-13T19:15:00+0200,51.28,EUR/MWh,FR,FR,imbalance_price,Long,2026-08-05T12:06:18Z
2026-08-05T12:02:33Z,2026-08-05T14:02:33+0200,a602df8b-e77d-453c-80cb-eeacd1e89d3b,2026-07-13T17:15:00Z,2026-07-13T19:15:00+0200,56.12,EUR/MWh,FR,FR,imbalance_price,Short,2026-08-05T12:06:18Z
2026-08-05T12:02:33Z,2026-08-05T14:02:33+0200,a602df8b-e77d-453c-80cb-eeacd1e89d3b,2026-07-13T17:30:00Z,2026-07-13T19:30:00+0200,48.71,EUR/MWh,FR,FR,imbalance_price,Long,2026-08-05T12:06:18Z
2026-08-05T12:02:33Z,2026-08-05T14:02:33+0200,a602df8b-e77d-453c-80cb-eeacd1e89d3b,2026-07-13T17:30:00Z,2026-07-13T19:30:00+0200,53.31,EUR/MWh,FR,FR,imbalance_price,Short,2026-08-05T12:06:18Z
2026-08-05T12:02:33Z,2026-08-05T14:02:33+0200,a602df8b-e77d-453c-80cb-eeacd1e89d3b,2026-07-13T17:45:00Z,2026-07-13T19:45:00+0200,102.01,EUR/MWh,FR,FR,imbalance_price,Long,2026-08-05T12:06:18Z
2026-08-05T12:02:33Z,2026-08-05T14:02:33+0200,a602df8b-e77d-453c-80cb-eeacd1e89d3b,2026-07-13T17:45:00Z,2026-07-13T19:45:00+0200,111.63,EUR/MWh,FR,FR,imbalance_price,Short,2026-08-05T12:06:18Z
2026-08-05T12:02:33Z,2026-08-05T14:02:33+0200,a602df8b-e77d-453c-80cb-eeacd1e89d3b,2026-07-13T18:00:00Z,2026-07-13T20:00:00+0200,130.05,EUR/MWh,FR,FR,imbalance_price,Long,2026-08-05T12:06:18Z
2026-08-05T12:02:33Z,2026-08-05T14:02:33+0200,a602df8b-e77d-453c-80cb-eeacd1e89d3b,2026-07-13T18:00:00Z,2026-07-13T20:00:00+0200,142.31,EUR/MWh,FR,FR,imbalance_price,Short,2026-08-05T12:06:18Z
2026-08-05T12:02:33Z,2026-08-05T14:02:33+0200,a602df8b-e77d-453c-80cb-eeacd1e89d3b,2026-07-13T18:15:00Z,2026-07-13T20:15:00+0200,93.4,EUR/MWh,FR,FR,imbalance_price,Long,2026-08-05T12:06:18Z
2026-08-05T12:02:33Z,2026-08-05T14:02:33+0200,a602df8b-e77d-453c-80cb-eeacd1e89d3b,2026-07-13T18:15:00Z,2026-07-13T20:15:00+0200,102.2,EUR/MWh,FR,FR,imbalance_price,Short,2026-08-05T12:06:18Z
2026-08-05T12:02:33Z,2026-08-05T14:02:33+0200,a602df8b-e77d-453c-80cb-eeacd1e89d3b,2026-07-13T18:30:00Z,2026-07-13T20:30:00+0200,85.36,EUR/MWh,FR,FR,imbalance_price,Long,2026-08-05T12:06:18Z
2026-08-05T12:02:33Z,2026-08-05T14:02:33+0200,a602df8b-e77d-453c-80cb-eeacd1e89d3b,2026-07-13T18:30:00Z,2026-07-13T20:30:00+0200,93.4,EUR/MWh,FR,FR,imbalance_price,Short,2026-08-05T12:06:18Z
2026-08-05T12:02:33Z,2026-08-05T14:02:33+0200,a602df8b-e77d-453c-80cb-eeacd1e89d3b,2026-07-13T18:45:00Z,2026-07-13T20:45:00+0200,51.24,EUR/MWh,FR,FR,imbalance_price,Long,2026-08-05T12:06:18Z
2026-08-05T12:02:33Z,2026-08-05T14:02:33+0200,a602df8b-e77d-453c-80cb-eeacd1e89d3b,2026-07-13T18:45:00Z,2026-07-13T20:45:00+0200,56.06,EUR/MWh,FR,FR,imbalance_price,Short,2026-08-05T12:06:18Z
2026-08-05T12:02:33Z,2026-08-05T14:02:33+0200,a602df8b-e77d-453c-80cb-eeacd1e89d3b,2026-07-13T19:00:00Z,2026-07-13T21:00:00+0200,54.01,EUR/MWh,FR,FR,imbalance_price,Long,2026-08-05T12:06:18Z
2026-08-05T12:02:33Z,2026-08-05T14:02:33+0200,a602df8b-e77d-453c-80cb-eeacd1e89d3b,2026-07-13T19:00:00Z,2026-07-13T21:00:00+0200,59.09,EUR/MWh,FR,FR,imbalance_price,Short,2026-08-05T12:06:18Z
2026-08-05T12:02:33Z,2026-08-05T14:02:33+0200,a602df8b-e77d-453c-80cb-eeacd1e89d3b,2026-07-13T19:15:00Z,2026-07-13T21:15:00+0200,-107.91,EUR/MWh,FR,FR,imbalance_price,Long,2026-08-05T12:06:18Z
2026-08-05T12:02:33Z,2026-08-05T14:02:33+0200,a602df8b-e77d-453c-80cb-eeacd1e89d3b,2026-07-13T19:15:00Z,2026-07-13T21:15:00+0200,-98.61,EUR/MWh,FR,FR,imbalance_price,Short,2026-08-05T12:06:18Z
2026-08-05T12:02:33Z,2026-08-05T14:02:33+0200,a602df8b-e77d-453c-80cb-eeacd1e89d3b,2026-07-13T19:30:00Z,2026-07-13T21:30:00+0200,78.6,EUR/MWh,FR,FR,imbalance_price,Long,2026-08-05T12:06:18Z
2026-08-05T12:02:33Z,2026-08-05T14:02:33+0200,a602df8b-e77d-453c-80cb-eeacd1e89d3b,2026-07-13T19:30:00Z,2026-07-13T21:30:00+0200,86.0,EUR/MWh,FR,FR,imbalance_price,Short,2026-08-05T12:06:18Z
2026-08-05T12:02:33Z,2026-08-05T14:02:33+0200,a602df8b-e77d-453c-80cb-eeacd1e89d3b,2026-07-13T19:45:00Z,2026-07-13T21:45:00+0200,81.49,EUR/MWh,FR,FR,imbalance_price,Long,2026-08-05T12:06:18Z
2026-08-05T12:02:33Z,2026-08-05T14:02:33+0200,a602df8b-e77d-453c-80cb-eeacd1e89d3b,2026-07-13T19:45:00Z,2026-07-13T21:45:00+0200,89.17,EUR/MWh,FR,FR,imbalance_price,Short,2026-08-05T12:06:18Z
2026-08-05T12:02:33Z,2026-08-05T14:02:33+0200,a602df8b-e77d-453c-80cb-eeacd1e89d3b,2026-07-13T20:00:00Z,2026-07-13T22:00:00+0200,98.46,EUR/MWh,FR,FR,imbalance_price,Long,2026-08-05T12:06:18Z
2026-08-05T12:02:33Z,2026-08-05T14:02:33+0200,a602df8b-e77d-453c-80cb-eeacd1e89d3b,2026-07-13T20:00:00Z,2026-07-13T22:00:00+0200,107.74,EUR/MWh,FR,FR,imbalance_price,Short,2026-08-05T12:06:18Z
2026-08-05T12:02:33Z,2026-08-05T14:02:33+0200,a602df8b-e77d-453c-80cb-eeacd1e89d3b,2026-07-13T20:15:00Z,2026-07-13T22:15:00+0200,100.02,EUR/MWh,FR,FR,imbalance_price,Long,2026-08-05T12:06:18Z
2026-08-05T12:02:33Z,2026-08-05T14:02:33+0200,a602df8b-e77d-453c-80cb-eeacd1e89d3b,2026-07-13T20:15:00Z,2026-07-13T22:15:00+0200,109.44,EUR/MWh,FR,FR,imbalance_price,Short,2026-08-05T12:06:18Z
2026-08-05T12:02:33Z,2026-08-05T14:02:33+0200,a602df8b-e77d-453c-80cb-eeacd1e89d3b,2026-07-13T20:30:00Z,2026-07-13T22:30:00+0200,121.32,EUR/MWh,FR,FR,imbalance_price,Long,2026-08-05T12:06:18Z
2026-08-05T12:02:33Z,2026-08-05T14:02:33+0200,a602df8b-e77d-453c-80cb-eeacd1e89d3b,2026-07-13T20:30:00Z,2026-07-13T22:30:00+0200,132.76,EUR/MWh,FR,FR,imbalance_price,Short,2026-08-05T12:06:18Z
2026-08-05T12:02:33Z,2026-08-05T14:02:33+0200,a602df8b-e77d-453c-80cb-eeacd1e89d3b,2026-07-13T20:45:00Z,2026-07-13T22:45:00+0200,93.28,EUR/MWh,FR,FR,imbalance_price,Long,2026-08-05T12:06:18Z
2026-08-05T12:02:33Z,2026-08-05T14:02:33+0200,a602df8b-e77d-453c-80cb-eeacd1e89d3b,2026-07-13T20:45:00Z,2026-07-13T22:45:00+0200,102.08,EUR/MWh,FR,FR,imbalance_price,Short,2026-08-05T12:06:18Z
2026-08-05T12:02:33Z,2026-08-05T14:02:33+0200,a602df8b-e77d-453c-80cb-eeacd1e89d3b,2026-07-13T21:00:00Z,2026-07-13T23:00:00+0200,92.79,EUR/MWh,FR,FR,imbalance_price,Long,2026-08-05T12:06:18Z
2026-08-05T12:02:33Z,2026-08-05T14:02:33+0200,a602df8b-e77d-453c-80cb-eeacd1e89d3b,2026-07-13T21:00:00Z,2026-07-13T23:00:00+0200,101.53,EUR/MWh,FR,FR,imbalance_price,Short,2026-08-05T12:06:18Z
2026-08-05T12:02:33Z,2026-08-05T14:02:33+0200,a602df8b-e77d-453c-80cb-eeacd1e89d3b,2026-07-13T21:15:00Z,2026-07-13T23:15:00+0200,-5.26,EUR/MWh,FR,FR,imbalance_price,Long,2026-08-05T12:06:18Z
2026-08-05T12:02:33Z,2026-08-05T14:02:33+0200,a602df8b-e77d-453c-80cb-eeacd1e89d3b,2026-07-13T21:15:00Z,2026-07-13T23:15:00+0200,-4.8,EUR/MWh,FR,FR,imbalance_price,Short,2026-08-05T12:06:18Z
2026-08-05T12:02:33Z,2026-08-05T14:02:33+0200,a602df8b-e77d-453c-80cb-eeacd1e89d3b,2026-07-13T21:30:00Z,2026-07-13T23:30:00+0200,103.98,EUR/MWh,FR,FR,imbalance_price,Long,2026-08-05T12:06:18Z
2026-08-05T12:02:33Z,2026-08-05T14:02:33+0200,a602df8b-e77d-453c-80cb-eeacd1e89d3b,2026-07-13T21:30:00Z,2026-07-13T23:30:00+0200,113.78,EUR/MWh,FR,FR,imbalance_price,Short,2026-08-05T12:06:18Z
2026-08-05T12:02:33Z,2026-08-05T14:02:33+0200,a602df8b-e77d-453c-80cb-eeacd1e89d3b,2026-07-13T21:45:00Z,2026-07-13T23:45:00+0200,144.3,EUR/MWh,FR,FR,imbalance_price,Long,2026-08-05T12:06:18Z
2026-08-05T12:02:33Z,2026-08-05T14:02:33+0200,a602df8b-e77d-453c-80cb-eeacd1e89d3b,2026-07-13T21:45:00Z,2026-07-13T23:45:00+0200,157.9,EUR/MWh,FR,FR,imbalance_price,Short,2026-08-05T12:06:18Z
2026-08-05T12:02:33Z,2026-08-05T14:02:33+0200,a602df8b-e77d-453c-80cb-eeacd1e89d3b,2026-07-13T22:00:00Z,2026-07-14T00:00:00+0200,153.28,EUR/MWh,FR,FR,imbalance_price,Long,2026-08-05T12:06:18Z
2026-08-05T12:02:33Z,2026-08-05T14:02:33+0200,a602df8b-e77d-453c-80cb-eeacd1e89d3b,2026-07-13T22:00:00Z,2026-07-14T00:00:00+0200,167.72,EUR/MWh,FR,FR,imbalance_price,Short,2026-08-05T12:06:18Z
2026-08-05T12:02:33Z,2026-08-05T14:02:33+0200,a602df8b-e77d-453c-80cb-eeacd1e89d3b,2026-07-13T22:15:00Z,2026-07-14T00:15:00+0200,148.72,EUR/MWh,FR,FR,imbalance_price,Long,2026-08-05T12:06:18Z
2026-08-05T12:02:33Z,2026-08-05T14:02:33+0200,a602df8b-e77d-453c-80cb-eeacd1e89d3b,2026-07-13T22:15:00Z,2026-07-14T00:15:00+0200,162.74,EUR/MWh,FR,FR,imbalance_price,Short,2026-08-05T12:06:18Z
2026-08-05T12:02:33Z,2026-08-05T14:02:33+0200,a602df8b-e77d-453c-80cb-eeacd1e89d3b,2026-07-13T22:30:00Z,2026-07-14T00:30:00+0200,112.51,EUR/MWh,FR,FR,imbalance_price,Long,2026-08-05T12:06:18Z
2026-08-05T12:02:33Z,2026-08-05T14:02:33+0200,a602df8b-e77d-453c-80cb-eeacd1e89d3b,2026-07-13T22:30:00Z,2026-07-14T00:30:00+0200,123.11,EUR/MWh,FR,FR,imbalance_price,Short,2026-08-05T12:06:18Z
2026-08-05T12:02:33Z,2026-08-05T14:02:33+0200,a602df8b-e77d-453c-80cb-eeacd1e89d3b,2026-07-13T22:45:00Z,2026-07-14T00:45:00+0200,8.68,EUR/MWh,FR,FR,imbalance_price,Long,2026-08-05T12:06:18Z
2026-08-05T12:02:33Z,2026-08-05T14:02:33+0200,a602df8b-e77d-453c-80cb-eeacd1e89d3b,2026-07-13T22:45:00Z,2026-07-14T00:45:00+0200,9.5,EUR/MWh,FR,FR,imbalance_price,Short,2026-08-05T12:06:18Z
2026-08-05T12:02:33Z,2026-08-05T14:02:33+0200,a602df8b-e77d-453c-80cb-eeacd1e89d3b,2026-07-13T23:00:00Z,2026-07-14T01:00:00+0200,154.86,EUR/MWh,FR,FR,imbalance_price,Long,2026-08-05T12:06:18Z
2026-08-05T12:02:33Z,2026-08-05T14:02:33+0200,a602df8b-e77d-453c-80cb-eeacd1e89d3b,2026-07-13T23:00:00Z,2026-07-14T01:00:00+0200,169.46,EUR/MWh,FR,FR,imbalance_price,Short,2026-08-05T12:06:18Z
2026-08-05T12:02:33Z,2026-08-05T14:02:33+0200,a602df8b-e77d-453c-80cb-eeacd1e89d3b,2026-07-13T23:15:00Z,2026-07-14T01:15:00+0200,140.59,EUR/MWh,FR,FR,imbalance_price,Long,2026-08-05T12:06:18Z
2026-08-05T12:02:33Z,2026-08-05T14:02:33+0200,a602df8b-e77d-453c-80cb-eeacd1e89d3b,2026-07-13T23:15:00Z,2026-07-14T01:15:00+0200,153.83,EUR/MWh,FR,FR,imbalance_price,Short,2026-08-05T12:06:18Z
2026-08-05T12:02:33Z,2026-08-05T14:02:33+0200,a602df8b-e77d-453c-80cb-eeacd1e89d3b,2026-07-13T23:30:00Z,2026-07-14T01:30:00+0200,117.63,EUR/MWh,FR,FR,imbalance_price,Long,2026-08-05T12:06:18Z
2026-08-05T12:02:33Z,2026-08-05T14:02:33+0200,a602df8b-e77d-453c-80cb-eeacd1e89d3b,2026-07-13T23:30:00Z,2026-07-14T01:30:00+0200,128.71,EUR/MWh,FR,FR,imbalance_price,Short,2026-08-05T12:06:18Z
2026-08-05T12:02:33Z,2026-08-05T14:02:33+0200,a602df8b-e77d-453c-80cb-eeacd1e89d3b,2026-07-13T23:45:00Z,2026-07-14T01:45:00+0200,9.86,EUR/MWh,FR,FR,imbalance_price,Long,2026-08-05T12:06:18Z
2026-08-05T12:02:33Z,2026-08-05T14:02:33+0200,a602df8b-e77d-453c-80cb-eeacd1e89d3b,2026-07-13T23:45:00Z,2026-07-14T01:45:00+0200,10.78,EUR/MWh,FR,FR,imbalance_price,Short,2026-08-05T12:06:18Z
2026-08-05T12:02:33Z,2026-08-05T14:02:33+0200,a602df8b-e77d-453c-80cb-eeacd1e89d3b,2026-07-14T00:00:00Z,2026-07-14T02:00:00+0200,120.41,EUR/MWh,FR,FR,imbalance_price,Long,2026-08-05T12:06:18Z
2026-08-05T12:02:33Z,2026-08-05T14:02:33+0200,a602df8b-e77d-453c-80cb-eeacd1e89d3b,2026-07-14T00:00:00Z,2026-07-14T02:00:00+0200,131.75,EUR/MWh,FR,FR,imbalance_price,Short,2026-08-05T12:06:18Z
2026-08-05T12:02:33Z,2026-08-05T14:02:33+0200,a602df8b-e77d-453c-80cb-eeacd1e89d3b,2026-07-14T00:15:00Z,2026-07-14T02:15:00+0200,118.47,EUR/MWh,FR,FR,imbalance_price,Long,2026-08-05T12:06:18Z
2026-08-05T12:02:33Z,2026-08-05T14:02:33+0200,a602df8b-e77d-453c-80cb-eeacd1e89d3b,2026-07-14T00:15:00Z,2026-07-14T02:15:00+0200,129.63,EUR/MWh,FR,FR,imbalance_price,Short,2026-08-05T12:06:18Z
2026-08-05T12:02:33Z,2026-08-05T14:02:33+0200,a602df8b-e77d-453c-80cb-eeacd1e89d3b,2026-07-14T00:30:00Z,2026-07-14T02:30:00+0200,137.71,EUR/MWh,FR,FR,imbalance_price,Long,2026-08-05T12:06:18Z
2026-08-05T12:02:33Z,2026-08-05T14:02:33+0200,a602df8b-e77d-453c-80cb-eeacd1e89d3b,2026-07-14T00:30:00Z,2026-07-14T02:30:00+0200,150.69,EUR/MWh,FR,FR,imbalance_price,Short,2026-08-05T12:06:18Z
2026-08-05T12:02:33Z,2026-08-05T14:02:33+0200,a602df8b-e77d-453c-80cb-eeacd1e89d3b,2026-07-14T00:45:00Z,2026-07-14T02:45:00+0200,134.29,EUR/MWh,FR,FR,imbalance_price,Long,2026-08-05T12:06:18Z
2026-08-05T12:02:33Z,2026-08-05T14:02:33+0200,a602df8b-e77d-453c-80cb-eeacd1e89d3b,2026-07-14T00:45:00Z,2026-07-14T02:45:00+0200,146.95,EUR/MWh,FR,FR,imbalance_price,Short,2026-08-05T12:06:18Z
2026-08-05T12:02:33Z,2026-08-05T14:02:33+0200,a602df8b-e77d-453c-80cb-eeacd1e89d3b,2026-07-14T01:00:00Z,2026-07-14T03:00:00+0200,108.65,EUR/MWh,FR,FR,imbalance_price,Long,2026-08-05T12:06:18Z
2026-08-05T12:02:33Z,2026-08-05T14:02:33+0200,a602df8b-e77d-453c-80cb-eeacd1e89d3b,2026-07-14T01:00:00Z,2026-07-14T03:00:00+0200,118.89,EUR/MWh,FR,FR,imbalance_price,Short,2026-08-05T12:06:18Z
2026-08-05T12:02:33Z,2026-08-05T14:02:33+0200,a602df8b-e77d-453c-80cb-eeacd1e89d3b,2026-07-14T01:15:00Z,2026-07-14T03:15:00+0200,81.57,EUR/MWh,FR,FR,imbalance_price,Long,2026-08-05T12:06:18Z
2026-08-05T12:02:33Z,2026-08-05T14:02:33+0200,a602df8b-e77d-453c-80cb-eeacd1e89d3b,2026-07-14T01:15:00Z,2026-07-14T03:15:00+0200,89.25,EUR/MWh,FR,FR,imbalance_price,Short,2026-08-05T12:06:18Z
2026-08-05T12:02:33Z,2026-08-05T14:02:33+0200,a602df8b-e77d-453c-80cb-eeacd1e89d3b,2026-07-14T01:30:00Z,2026-07-14T03:30:00+0200,83.13,EUR/MWh,FR,FR,imbalance_price,Long,2026-08-05T12:06:18Z
2026-08-05T12:02:33Z,2026-08-05T14:02:33+0200,a602df8b-e77d-453c-80cb-eeacd1e89d3b,2026-07-14T01:30:00Z,2026-07-14T03:30:00+0200,90.97,EUR/MWh,FR,FR,imbalance_price,Short,2026-08-05T12:06:18Z
2026-08-05T12:02:33Z,2026-08-05T14:02:33+0200,a602df8b-e77d-453c-80cb-eeacd1e89d3b,2026-07-14T01:45:00Z,2026-07-14T03:45:00+0200,83.82,EUR/MWh,FR,FR,imbalance_price,Long,2026-08-05T12:06:18Z
2026-08-05T12:02:33Z,2026-08-05T14:02:33+0200,a602df8b-e77d-453c-80cb-eeacd1e89d3b,2026-07-14T01:45:00Z,2026-07-14T03:45:00+0200,91.72,EUR/MWh,FR,FR,imbalance_price,Short,2026-08-05T12:06:18Z
2026-08-05T12:02:33Z,2026-08-05T14:02:33+0200,a602df8b-e77d-453c-80cb-eeacd1e89d3b,2026-07-14T02:00:00Z,2026-07-14T04:00:00+0200,9.86,EUR/MWh,FR,FR,imbalance_price,Long,2026-08-05T12:06:18Z
2026-08-05T12:02:33Z,2026-08-05T14:02:33+0200,a602df8b-e77d-453c-80cb-eeacd1e89d3b,2026-07-14T02:00:00Z,2026-07-14T04:00:00+0200,10.78,EUR/MWh,FR,FR,imbalance_price,Short,2026-08-05T12:06:18Z
2026-08-05T12:02:33Z,2026-08-05T14:02:33+0200,a602df8b-e77d-453c-80cb-eeacd1e89d3b,2026-07-14T02:15:00Z,2026-07-14T04:15:00+0200,81.23,EUR/MWh,FR,FR,imbalance_price,Long,2026-08-05T12:06:18Z
2026-08-05T12:02:33Z,2026-08-05T14:02:33+0200,a602df8b-e77d-453c-80cb-eeacd1e89d3b,2026-07-14T02:15:00Z,2026-07-14T04:15:00+0200,88.89,EUR/MWh,FR,FR,imbalance_price,Short,2026-08-05T12:06:18Z
2026-08-05T12:02:33Z,2026-08-05T14:02:33+0200,a602df8b-e77d-453c-80cb-eeacd1e89d3b,2026-07-14T02:30:00Z,2026-07-14T04:30:00+0200,9.86,EUR/MWh,FR,FR,imbalance_price,Long,2026-08-05T12:06:18Z
2026-08-05T12:02:33Z,2026-08-05T14:02:33+0200,a602df8b-e77d-453c-80cb-eeacd1e89d3b,2026-07-14T02:30:00Z,2026-07-14T04:30:00+0200,10.78,EUR/MWh,FR,FR,imbalance_price,Short,2026-08-05T12:06:18Z
2026-08-05T12:02:33Z,2026-08-05T14:02:33+0200,a602df8b-e77d-453c-80cb-eeacd1e89d3b,2026-07-14T02:45:00Z,2026-07-14T04:45:00+0200,9.86,EUR/MWh,FR,FR,imbalance_price,Long,2026-08-05T12:06:18Z
2026-08-05T12:02:33Z,2026-08-05T14:02:33+0200,a602df8b-e77d-453c-80cb-eeacd1e89d3b,2026-07-14T02:45:00Z,2026-07-14T04:45:00+0200,10.78,EUR/MWh,FR,FR,imbalance_price,Short,2026-08-05T12:06:18Z
2026-08-05T12:02:33Z,2026-08-05T14:02:33+0200,a602df8b-e77d-453c-80cb-eeacd1e89d3b,2026-07-14T03:00:00Z,2026-07-14T05:00:00+0200,118.26,EUR/MWh,FR,FR,imbalance_price,Long,2026-08-05T12:06:18Z
2026-08-05T12:02:33Z,2026-08-05T14:02:33+0200,a602df8b-e77d-453c-80cb-eeacd1e89d3b,2026-07-14T03:00:00Z,2026-07-14T05:00:00+0200,129.4,EUR/MWh,FR,FR,imbalance_price,Short,2026-08-05T12:06:18Z
2026-08-05T12:02:33Z,2026-08-05T14:02:33+0200,a602df8b-e77d-453c-80cb-eeacd1e89d3b,2026-07-14T03:15:00Z,2026-07-14T05:15:00+0200,95.74,EUR/MWh,FR,FR,imbalance_price,Long,2026-08-05T12:06:18Z
2026-08-05T12:02:33Z,2026-08-05T14:02:33+0200,a602df8b-e77d-453c-80cb-eeacd1e89d3b,2026-07-14T03:15:00Z,2026-07-14T05:15:00+0200,104.76,EUR/MWh,FR,FR,imbalance_price,Short,2026-08-05T12:06:18Z
2026-08-05T12:02:33Z,2026-08-05T14:02:33+0200,a602df8b-e77d-453c-80cb-eeacd1e89d3b,2026-07-14T03:30:00Z,2026-07-14T05:30:00+0200,76.56,EUR/MWh,FR,FR,imbalance_price,Long,2026-08-05T12:06:18Z
2026-08-05T12:02:33Z,2026-08-05T14:02:33+0200,a602df8b-e77d-453c-80cb-eeacd1e89d3b,2026-07-14T03:30:00Z,2026-07-14T05:30:00+0200,83.78,EUR/MWh,FR,FR,imbalance_price,Short,2026-08-05T12:06:18Z
2026-08-05T12:02:33Z,2026-08-05T14:02:33+0200,a602df8b-e77d-453c-80cb-eeacd1e89d3b,2026-07-14T03:45:00Z,2026-07-14T05:45:00+0200,12.81,EUR/MWh,FR,FR,imbalance_price,Long,2026-08-05T12:06:18Z
2026-08-05T12:02:33Z,2026-08-05T14:02:33+0200,a602df8b-e77d-453c-80cb-eeacd1e89d3b,2026-07-14T03:45:00Z,2026-07-14T05:45:00+0200,14.01,EUR/MWh,FR,FR,imbalance_price,Short,2026-08-05T12:06:18Z
2026-08-05T12:02:33Z,2026-08-05T14:02:33+0200,a602df8b-e77d-453c-80cb-eeacd1e89d3b,2026-07-14T04:00:00Z,2026-07-14T06:00:00+0200,159.69,EUR/MWh,FR,FR,imbalance_price,Long,2026-08-05T12:06:18Z
2026-08-05T12:02:33Z,2026-08-05T14:02:33+0200,a602df8b-e77d-453c-80cb-eeacd1e89d3b,2026-07-14T04:00:00Z,2026-07-14T06:00:00+0200,174.73,EUR/MWh,FR,FR,imbalance_price,Short,2026-08-05T12:06:18Z
2026-08-05T12:02:33Z,2026-08-05T14:02:33+0200,a602df8b-e77d-453c-80cb-eeacd1e89d3b,2026-07-14T04:15:00Z,2026-07-14T06:15:00+0200,154.18,EUR/MWh,FR,FR,imbalance_price,Long,2026-08-05T12:06:18Z
2026-08-05T12:02:33Z,2026-08-05T14:02:33+0200,a602df8b-e77d-453c-80cb-eeacd1e89d3b,2026-07-14T04:15:00Z,2026-07-14T06:15:00+0200,168.72,EUR/MWh,FR,FR,imbalance_price,Short,2026-08-05T12:06:18Z
2026-08-05T12:02:33Z,2026-08-05T14:02:33+0200,a602df8b-e77d-453c-80cb-eeacd1e89d3b,2026-07-14T04:30:00Z,2026-07-14T06:30:00+0200,110.97,EUR/MWh,FR,FR,imbalance_price,Long,2026-08-05T12:06:18Z
2026-08-05T12:02:33Z,2026-08-05T14:02:33+0200,a602df8b-e77d-453c-80cb-eeacd1e89d3b,2026-07-14T04:30:00Z,2026-07-14T06:30:00+0200,121.43,EUR/MWh,FR,FR,imbalance_price,Short,2026-08-05T12:06:18Z
2026-08-05T12:02:33Z,2026-08-05T14:02:33+0200,a602df8b-e77d-453c-80cb-eeacd1e89d3b,2026-07-14T04:45:00Z,2026-07-14T06:45:00+0200,110.63,EUR/MWh,FR,FR,imbalance_price,Long,2026-08-05T12:06:18Z
2026-08-05T12:02:33Z,2026-08-05T14:02:33+0200,a602df8b-e77d-453c-80cb-eeacd1e89d3b,2026-07-14T04:45:00Z,2026-07-14T06:45:00+0200,121.05,EUR/MWh,FR,FR,imbalance_price,Short,2026-08-05T12:06:18Z
2026-08-05T12:02:33Z,2026-08-05T14:02:33+0200,a602df8b-e77d-453c-80cb-eeacd1e89d3b,2026-07-14T05:00:00Z,2026-07-14T07:00:00+0200,145.91,EUR/MWh,FR,FR,imbalance_price,Long,2026-08-05T12:06:18Z
2026-08-05T12:02:33Z,2026-08-05T14:02:33+0200,a602df8b-e77d-453c-80cb-eeacd1e89d3b,2026-07-14T05:00:00Z,2026-07-14T07:00:00+0200,159.67,EUR/MWh,FR,FR,imbalance_price,Short,2026-08-05T12:06:18Z
2026-08-05T12:02:33Z,2026-08-05T14:02:33+0200,a602df8b-e77d-453c-80cb-eeacd1e89d3b,2026-07-14T05:15:00Z,2026-07-14T07:15:00+0200,141.87,EUR/MWh,FR,FR,imbalance_price,Long,2026-08-05T12:06:18Z
2026-08-05T12:02:33Z,2026-08-05T14:02:33+0200,a602df8b-e77d-453c-80cb-eeacd1e89d3b,2026-07-14T05:15:00Z,2026-07-14T07:15:00+0200,155.23,EUR/MWh,FR,FR,imbalance_price,Short,2026-08-05T12:06:18Z
2026-08-05T12:02:33Z,2026-08-05T14:02:33+0200,a602df8b-e77d-453c-80cb-eeacd1e89d3b,2026-07-14T05:30:00Z,2026-07-14T07:30:00+0200,150.09,EUR/MWh,FR,FR,imbalance_price,Long,2026-08-05T12:06:18Z
2026-08-05T12:02:33Z,2026-08-05T14:02:33+0200,a602df8b-e77d-453c-80cb-eeacd1e89d3b,2026-07-14T05:30:00Z,2026-07-14T07:30:00+0200,164.23,EUR/MWh,FR,FR,imbalance_price,Short,2026-08-05T12:06:18Z
2026-08-05T12:02:33Z,2026-08-05T14:02:33+0200,a602df8b-e77d-453c-80cb-eeacd1e89d3b,2026-07-14T05:45:00Z,2026-07-14T07:45:00+0200,153.69,EUR/MWh,FR,FR,imbalance_price,Long,2026-08-05T12:06:18Z
2026-08-05T12:02:33Z,2026-08-05T14:02:33+0200,a602df8b-e77d-453c-80cb-eeacd1e89d3b,2026-07-14T05:45:00Z,2026-07-14T07:45:00+0200,168.17,EUR/MWh,FR,FR,imbalance_price,Short,2026-08-05T12:06:18Z
2026-08-05T12:02:33Z,2026-08-05T14:02:33+0200,a602df8b-e77d-453c-80cb-eeacd1e89d3b,2026-07-14T06:00:00Z,2026-07-14T08:00:00+0200,166.54,EUR/MWh,FR,FR,imbalance_price,Long,2026-08-05T12:06:18Z
2026-08-05T12:02:33Z,2026-08-05T14:02:33+0200,a602df8b-e77d-453c-80cb-eeacd1e89d3b,2026-07-14T06:00:00Z,2026-07-14T08:00:00+0200,182.24,EUR/MWh,FR,FR,imbalance_price,Short,2026-08-05T12:06:18Z
2026-08-05T12:02:33Z,2026-08-05T14:02:33+0200,a602df8b-e77d-453c-80cb-eeacd1e89d3b,2026-07-14T06:15:00Z,2026-07-14T08:15:00+0200,157.0,EUR/MWh,FR,FR,imbalance_price,Long,2026-08-05T12:06:18Z
2026-08-05T12:02:33Z,2026-08-05T14:02:33+0200,a602df8b-e77d-453c-80cb-eeacd1e89d3b,2026-07-14T06:15:00Z,2026-07-14T08:15:00+0200,171.8,EUR/MWh,FR,FR,imbalance_price,Short,2026-08-05T12:06:18Z
2026-08-05T12:02:33Z,2026-08-05T14:02:33+0200,a602df8b-e77d-453c-80cb-eeacd1e89d3b,2026-07-14T06:30:00Z,2026-07-14T08:30:00+0200,158.56,EUR/MWh,FR,FR,imbalance_price,Long,2026-08-05T12:06:18Z
2026-08-05T12:02:33Z,2026-08-05T14:02:33+0200,a602df8b-e77d-453c-80cb-eeacd1e89d3b,2026-07-14T06:30:00Z,2026-07-14T08:30:00+0200,173.5,EUR/MWh,FR,FR,imbalance_price,Short,2026-08-05T12:06:18Z
2026-08-05T12:02:33Z,2026-08-05T14:02:33+0200,a602df8b-e77d-453c-80cb-eeacd1e89d3b,2026-07-14T06:45:00Z,2026-07-14T08:45:00+0200,167.31,EUR/MWh,FR,FR,imbalance_price,Long,2026-08-05T12:06:18Z
2026-08-05T12:02:33Z,2026-08-05T14:02:33+0200,a602df8b-e77d-453c-80cb-eeacd1e89d3b,2026-07-14T06:45:00Z,2026-07-14T08:45:00+0200,183.07,EUR/MWh,FR,FR,imbalance_price,Short,2026-08-05T12:06:18Z
2026-08-05T12:02:33Z,2026-08-05T14:02:33+0200,a602df8b-e77d-453c-80cb-eeacd1e89d3b,2026-07-14T07:00:00Z,2026-07-14T09:00:00+0200,171.85,EUR/MWh,FR,FR,imbalance_price,Long,2026-08-05T12:06:18Z
2026-08-05T12:02:33Z,2026-08-05T14:02:33+0200,a602df8b-e77d-453c-80cb-eeacd1e89d3b,2026-07-14T07:00:00Z,2026-07-14T09:00:00+0200,188.05,EUR/MWh,FR,FR,imbalance_price,Short,2026-08-05T12:06:18Z
2026-08-05T12:02:33Z,2026-08-05T14:02:33+0200,a602df8b-e77d-453c-80cb-eeacd1e89d3b,2026-07-14T07:15:00Z,2026-07-14T09:15:00+0200,167.83,EUR/MWh,FR,FR,imbalance_price,Long,2026-08-05T12:06:18Z
2026-08-05T12:02:33Z,2026-08-05T14:02:33+0200,a602df8b-e77d-453c-80cb-eeacd1e89d3b,2026-07-14T07:15:00Z,2026-07-14T09:15:00+0200,183.65,EUR/MWh,FR,FR,imbalance_price,Short,2026-08-05T12:06:18Z
2026-08-05T12:02:33Z,2026-08-05T14:02:33+0200,a602df8b-e77d-453c-80cb-eeacd1e89d3b,2026-07-14T07:30:00Z,2026-07-14T09:30:00+0200,175.68,EUR/MWh,FR,FR,imbalance_price,Long,2026-08-05T12:06:18Z
2026-08-05T12:02:33Z,2026-08-05T14:02:33+0200,a602df8b-e77d-453c-80cb-eeacd1e89d3b,2026-07-14T07:30:00Z,2026-07-14T09:30:00+0200,192.24,EUR/MWh,FR,FR,imbalance_price,Short,2026-08-05T12:06:18Z
2026-08-05T12:02:33Z,2026-08-05T14:02:33+0200,a602df8b-e77d-453c-80cb-eeacd1e89d3b,2026-07-14T07:45:00Z,2026-07-14T09:45:00+0200,170.56,EUR/MWh,FR,FR,imbalance_price,Long,2026-08-05T12:06:18Z
2026-08-05T12:02:33Z,2026-08-05T14:02:33+0200,a602df8b-e77d-453c-80cb-eeacd1e89d3b,2026-07-14T07:45:00Z,2026-07-14T09:45:00+0200,186.64,EUR/MWh,FR,FR,imbalance_price,Short,2026-08-05T12:06:18Z
2026-08-05T12:02:33Z,2026-08-05T14:02:33+0200,a602df8b-e77d-453c-80cb-eeacd1e89d3b,2026-07-14T08:00:00Z,2026-07-14T10:00:00+0200,150.78,EUR/MWh,FR,FR,imbalance_price,Long,2026-08-05T12:06:18Z
2026-08-05T12:02:33Z,2026-08-05T14:02:33+0200,a602df8b-e77d-453c-80cb-eeacd1e89d3b,2026-07-14T08:00:00Z,2026-07-14T10:00:00+0200,165.0,EUR/MWh,FR,FR,imbalance_price,Short,2026-08-05T12:06:18Z
2026-08-05T12:02:33Z,2026-08-05T14:02:33+0200,a602df8b-e77d-453c-80cb-eeacd1e89d3b,2026-07-14T08:15:00Z,2026-07-14T10:15:00+0200,156.05,EUR/MWh,FR,FR,imbalance_price,Long,2026-08-05T12:06:18Z
2026-08-05T12:02:33Z,2026-08-05T14:02:33+0200,a602df8b-e77d-453c-80cb-eeacd1e89d3b,2026-07-14T08:15:00Z,2026-07-14T10:15:00+0200,170.75,EUR/MWh,FR,FR,imbalance_price,Short,2026-08-05T12:06:18Z
2026-08-05T12:02:33Z,2026-08-05T14:02:33+0200,a602df8b-e77d-453c-80cb-eeacd1e89d3b,2026-07-14T08:30:00Z,2026-07-14T10:30:00+0200,150.97,EUR/MWh,FR,FR,imbalance_price,Long,2026-08-05T12:06:18Z
2026-08-05T12:02:33Z,2026-08-05T14:02:33+0200,a602df8b-e77d-453c-80cb-eeacd1e89d3b,2026-07-14T08:30:00Z,2026-07-14T10:30:00+0200,165.19,EUR/MWh,FR,FR,imbalance_price,Short,2026-08-05T12:06:18Z
2026-08-05T12:02:33Z,2026-08-05T14:02:33+0200,a602df8b-e77d-453c-80cb-eeacd1e89d3b,2026-07-14T08:45:00Z,2026-07-14T10:45:00+0200,153.59,EUR/MWh,FR,FR,imbalance_price,Long,2026-08-05T12:06:18Z
2026-08-05T12:02:33Z,2026-08-05T14:02:33+0200,a602df8b-e77d-453c-80cb-eeacd1e89d3b,2026-07-14T08:45:00Z,2026-07-14T10:45:00+0200,168.07,EUR/MWh,FR,FR,imbalance_price,Short,2026-08-05T12:06:18Z
2026-08-05T12:02:33Z,2026-08-05T14:02:33+0200,a602df8b-e77d-453c-80cb-eeacd1e89d3b,2026-07-14T09:00:00Z,2026-07-14T11:00:00+0200,167.7,EUR/MWh,FR,FR,imbalance_price,Long,2026-08-05T12:06:18Z
2026-08-05T12:02:33Z,2026-08-05T14:02:33+0200,a602df8b-e77d-453c-80cb-eeacd1e89d3b,2026-07-14T09:00:00Z,2026-07-14T11:00:00+0200,183.5,EUR/MWh,FR,FR,imbalance_price,Short,2026-08-05T12:06:18Z
2026-08-05T12:02:33Z,2026-08-05T14:02:33+0200,a602df8b-e77d-453c-80cb-eeacd1e89d3b,2026-07-14T09:15:00Z,2026-07-14T11:15:00+0200,152.59,EUR/MWh,FR,FR,imbalance_price,Long,2026-08-05T12:06:18Z
2026-08-05T12:02:33Z,2026-08-05T14:02:33+0200,a602df8b-e77d-453c-80cb-eeacd1e89d3b,2026-07-14T09:15:00Z,2026-07-14T11:15:00+0200,166.97,EUR/MWh,FR,FR,imbalance_price,Short,2026-08-05T12:06:18Z
2026-08-05T12:02:33Z,2026-08-05T14:02:33+0200,a602df8b-e77d-453c-80cb-eeacd1e89d3b,2026-07-14T09:30:00Z,2026-07-14T11:30:00+0200,135.72,EUR/MWh,FR,FR,imbalance_price,Long,2026-08-05T12:06:18Z
2026-08-05T12:02:33Z,2026-08-05T14:02:33+0200,a602df8b-e77d-453c-80cb-eeacd1e89d3b,2026-07-14T09:30:00Z,2026-07-14T11:30:00+0200,148.5,EUR/MWh,FR,FR,imbalance_price,Short,2026-08-05T12:06:18Z
2026-08-05T12:02:33Z,2026-08-05T14:02:33+0200,a602df8b-e77d-453c-80cb-eeacd1e89d3b,2026-07-14T09:45:00Z,2026-07-14T11:45:00+0200,145.25,EUR/MWh,FR,FR,imbalance_price,Long,2026-08-05T12:06:18Z
2026-08-05T12:02:33Z,2026-08-05T14:02:33+0200,a602df8b-e77d-453c-80cb-eeacd1e89d3b,2026-07-14T09:45:00Z,2026-07-14T11:45:00+0200,158.93,EUR/MWh,FR,FR,imbalance_price,Short,2026-08-05T12:06:18Z
2026-08-05T12:02:33Z,2026-08-05T14:02:33+0200,a602df8b-e77d-453c-80cb-eeacd1e89d3b,2026-07-14T10:00:00Z,2026-07-14T12:00:00+0200,138.02,EUR/MWh,FR,FR,imbalance_price,Long,2026-08-05T12:06:18Z
2026-08-05T12:02:33Z,2026-08-05T14:02:33+0200,a602df8b-e77d-453c-80cb-eeacd1e89d3b,2026-07-14T10:00:00Z,2026-07-14T12:00:00+0200,151.02,EUR/MWh,FR,FR,imbalance_price,Short,2026-08-05T12:06:18Z
2026-08-05T12:02:33Z,2026-08-05T14:02:33+0200,a602df8b-e77d-453c-80cb-eeacd1e89d3b,2026-07-14T10:15:00Z,2026-07-14T12:15:00+0200,143.38,EUR/MWh,FR,FR,imbalance_price,Long,2026-08-05T12:06:18Z
2026-08-05T12:02:33Z,2026-08-05T14:02:33+0200,a602df8b-e77d-453c-80cb-eeacd1e89d3b,2026-07-14T10:15:00Z,2026-07-14T12:15:00+0200,156.9,EUR/MWh,FR,FR,imbalance_price,Short,2026-08-05T12:06:18Z
2026-08-05T12:02:33Z,2026-08-05T14:02:33+0200,a602df8b-e77d-453c-80cb-eeacd1e89d3b,2026-07-14T10:30:00Z,2026-07-14T12:30:00+0200,136.3,EUR/MWh,FR,FR,imbalance_price,Long,2026-08-05T12:06:18Z
2026-08-05T12:02:33Z,2026-08-05T14:02:33+0200,a602df8b-e77d-453c-80cb-eeacd1e89d3b,2026-07-14T10:30:00Z,2026-07-14T12:30:00+0200,149.14,EUR/MWh,FR,FR,imbalance_price,Short,2026-08-05T12:06:18Z
2026-08-05T12:02:33Z,2026-08-05T14:02:33+0200,a602df8b-e77d-453c-80cb-eeacd1e89d3b,2026-07-14T10:45:00Z,2026-07-14T12:45:00+0200,140.58,EUR/MWh,FR,FR,imbalance_price,Long,2026-08-05T12:06:18Z
2026-08-05T12:02:33Z,2026-08-05T14:02:33+0200,a602df8b-e77d-453c-80cb-eeacd1e89d3b,2026-07-14T10:45:00Z,2026-07-14T12:45:00+0200,153.82,EUR/MWh,FR,FR,imbalance_price,Short,2026-08-05T12:06:18Z
2026-08-05T12:02:33Z,2026-08-05T14:02:33+0200,a602df8b-e77d-453c-80cb-eeacd1e89d3b,2026-07-14T11:00:00Z,2026-07-14T13:00:00+0200,171.52,EUR/MWh,FR,FR,imbalance_price,Long,2026-08-05T12:06:18Z
2026-08-05T12:02:33Z,2026-08-05T14:02:33+0200,a602df8b-e77d-453c-80cb-eeacd1e89d3b,2026-07-14T11:00:00Z,2026-07-14T13:00:00+0200,187.68,EUR/MWh,FR,FR,imbalance_price,Short,2026-08-05T12:06:18Z
2026-08-05T12:02:33Z,2026-08-05T14:02:33+0200,a602df8b-e77d-453c-80cb-eeacd1e89d3b,2026-07-14T11:15:00Z,2026-07-14T13:15:00+0200,178.2,EUR/MWh,FR,FR,imbalance_price,Long,2026-08-05T12:06:18Z
2026-08-05T12:02:33Z,2026-08-05T14:02:33+0200,a602df8b-e77d-453c-80cb-eeacd1e89d3b,2026-07-14T11:15:00Z,2026-07-14T13:15:00+0200,195.0,EUR/MWh,FR,FR,imbalance_price,Short,2026-08-05T12:06:18Z
2026-08-05T12:02:33Z,2026-08-05T14:02:33+0200,a602df8b-e77d-453c-80cb-eeacd1e89d3b,2026-07-14T11:30:00Z,2026-07-14T13:30:00+0200,57.4,EUR/MWh,FR,FR,imbalance_price,Long,2026-08-05T12:06:18Z
2026-08-05T12:02:33Z,2026-08-05T14:02:33+0200,a602df8b-e77d-453c-80cb-eeacd1e89d3b,2026-07-14T11:30:00Z,2026-07-14T13:30:00+0200,62.8,EUR/MWh,FR,FR,imbalance_price,Short,2026-08-05T12:06:18Z
2026-08-05T12:02:33Z,2026-08-05T14:02:33+0200,a602df8b-e77d-453c-80cb-eeacd1e89d3b,2026-07-14T11:45:00Z,2026-07-14T13:45:00+0200,110.28,EUR/MWh,FR,FR,imbalance_price,Long,2026-08-05T12:06:18Z
2026-08-05T12:02:33Z,2026-08-05T14:02:33+0200,a602df8b-e77d-453c-80cb-eeacd1e89d3b,2026-07-14T11:45:00Z,2026-07-14T13:45:00+0200,120.68,EUR/MWh,FR,FR,imbalance_price,Short,2026-08-05T12:06:18Z
2026-08-05T12:02:33Z,2026-08-05T14:02:33+0200,a602df8b-e77d-453c-80cb-eeacd1e89d3b,2026-07-14T12:00:00Z,2026-07-14T14:00:00+0200,91.62,EUR/MWh,FR,FR,imbalance_price,Long,2026-08-05T12:06:18Z
2026-08-05T12:02:33Z,2026-08-05T14:02:33+0200,a602df8b-e77d-453c-80cb-eeacd1e89d3b,2026-07-14T12:00:00Z,2026-07-14T14:00:00+0200,100.26,EUR/MWh,FR,FR,imbalance_price,Short,2026-08-05T12:06:18Z
2026-08-05T12:02:33Z,2026-08-05T14:02:33+0200,a602df8b-e77d-453c-80cb-eeacd1e89d3b,2026-07-14T12:15:00Z,2026-07-14T14:15:00+0200,124.07,EUR/MWh,FR,FR,imbalance_price,Long,2026-08-05T12:06:18Z
2026-08-05T12:02:33Z,2026-08-05T14:02:33+0200,a602df8b-e77d-453c-80cb-eeacd1e89d3b,2026-07-14T12:15:00Z,2026-07-14T14:15:00+0200,135.77,EUR/MWh,FR,FR,imbalance_price,Short,2026-08-05T12:06:18Z
2026-08-05T12:02:33Z,2026-08-05T14:02:33+0200,a602df8b-e77d-453c-80cb-eeacd1e89d3b,2026-07-14T12:30:00Z,2026-07-14T14:30:00+0200,121.37,EUR/MWh,FR,FR,imbalance_price,Long,2026-08-05T12:06:18Z
2026-08-05T12:02:33Z,2026-08-05T14:02:33+0200,a602df8b-e77d-453c-80cb-eeacd1e89d3b,2026-07-14T12:30:00Z,2026-07-14T14:30:00+0200,132.81,EUR/MWh,FR,FR,imbalance_price,Short,2026-08-05T12:06:18Z
2026-08-05T12:02:33Z,2026-08-05T14:02:33+0200,a602df8b-e77d-453c-80cb-eeacd1e89d3b,2026-07-14T12:45:00Z,2026-07-14T14:45:00+0200,106.24,EUR/MWh,FR,FR,imbalance_price,Long,2026-08-05T12:06:18Z
2026-08-05T12:02:33Z,2026-08-05T14:02:33+0200,a602df8b-e77d-453c-80cb-eeacd1e89d3b,2026-07-14T12:45:00Z,2026-07-14T14:45:00+0200,116.26,EUR/MWh,FR,FR,imbalance_price,Short,2026-08-05T12:06:18Z
2026-08-05T12:02:33Z,2026-08-05T14:02:33+0200,a602df8b-e77d-453c-80cb-eeacd1e89d3b,2026-07-14T13:00:00Z,2026-07-14T15:00:00+0200,107.1,EUR/MWh,FR,FR,imbalance_price,Long,2026-08-05T12:06:18Z
2026-08-05T12:02:33Z,2026-08-05T14:02:33+0200,a602df8b-e77d-453c-80cb-eeacd1e89d3b,2026-07-14T13:00:00Z,2026-07-14T15:00:00+0200,117.2,EUR/MWh,FR,FR,imbalance_price,Short,2026-08-05T12:06:18Z
2026-08-05T12:02:33Z,2026-08-05T14:02:33+0200,a602df8b-e77d-453c-80cb-eeacd1e89d3b,2026-07-14T13:15:00Z,2026-07-14T15:15:00+0200,133.9,EUR/MWh,FR,FR,imbalance_price,Long,2026-08-05T12:06:18Z
2026-08-05T12:02:33Z,2026-08-05T14:02:33+0200,a602df8b-e77d-453c-80cb-eeacd1e89d3b,2026-07-14T13:15:00Z,2026-07-14T15:15:00+0200,146.52,EUR/MWh,FR,FR,imbalance_price,Short,2026-08-05T12:06:18Z
2026-08-05T12:02:33Z,2026-08-05T14:02:33+0200,a602df8b-e77d-453c-80cb-eeacd1e89d3b,2026-07-14T13:30:00Z,2026-07-14T15:30:00+0200,151.03,EUR/MWh,FR,FR,imbalance_price,Long,2026-08-05T12:06:18Z
2026-08-05T12:02:33Z,2026-08-05T14:02:33+0200,a602df8b-e77d-453c-80cb-eeacd1e89d3b,2026-07-14T13:30:00Z,2026-07-14T15:30:00+0200,165.27,EUR/MWh,FR,FR,imbalance_price,Short,2026-08-05T12:06:18Z
2026-08-05T12:02:33Z,2026-08-05T14:02:33+0200,a602df8b-e77d-453c-80cb-eeacd1e89d3b,2026-07-14T13:45:00Z,2026-07-14T15:45:00+0200,142.68,EUR/MWh,FR,FR,imbalance_price,Long,2026-08-05T12:06:18Z
2026-08-05T12:02:33Z,2026-08-05T14:02:33+0200,a602df8b-e77d-453c-80cb-eeacd1e89d3b,2026-07-14T13:45:00Z,2026-07-14T15:45:00+0200,156.12,EUR/MWh,FR,FR,imbalance_price,Short,2026-08-05T12:06:18Z
2026-08-05T12:02:33Z,2026-08-05T14:02:33+0200,a602df8b-e77d-453c-80cb-eeacd1e89d3b,2026-07-14T14:00:00Z,2026-07-14T16:00:00+0200,64.92,EUR/MWh,FR,FR,imbalance_price,Long,2026-08-05T12:06:18Z
2026-08-05T12:02:33Z,2026-08-05T14:02:33+0200,a602df8b-e77d-453c-80cb-eeacd1e89d3b,2026-07-14T14:00:00Z,2026-07-14T16:00:00+0200,71.04,EUR/MWh,FR,FR,imbalance_price,Short,2026-08-05T12:06:18Z
2026-08-05T12:02:33Z,2026-08-05T14:02:33+0200,a602df8b-e77d-453c-80cb-eeacd1e89d3b,2026-07-14T14:15:00Z,2026-07-14T16:15:00+0200,157.56,EUR/MWh,FR,FR,imbalance_price,Long,2026-08-05T12:06:18Z
2026-08-05T12:02:33Z,2026-08-05T14:02:33+0200,a602df8b-e77d-453c-80cb-eeacd1e89d3b,2026-07-14T14:15:00Z,2026-07-14T16:15:00+0200,172.4,EUR/MWh,FR,FR,imbalance_price,Short,2026-08-05T12:06:18Z
2026-08-05T12:02:33Z,2026-08-05T14:02:33+0200,a602df8b-e77d-453c-80cb-eeacd1e89d3b,2026-07-14T14:30:00Z,2026-07-14T16:30:00+0200,162.23,EUR/MWh,FR,FR,imbalance_price,Long,2026-08-05T12:06:18Z
2026-08-05T12:02:33Z,2026-08-05T14:02:33+0200,a602df8b-e77d-453c-80cb-eeacd1e89d3b,2026-07-14T14:30:00Z,2026-07-14T16:30:00+0200,177.51,EUR/MWh,FR,FR,imbalance_price,Short,2026-08-05T12:06:18Z
2026-08-05T12:02:33Z,2026-08-05T14:02:33+0200,a602df8b-e77d-453c-80cb-eeacd1e89d3b,2026-07-14T14:45:00Z,2026-07-14T16:45:00+0200,161.3,EUR/MWh,FR,FR,imbalance_price,Long,2026-08-05T12:06:18Z
2026-08-05T12:02:33Z,2026-08-05T14:02:33+0200,a602df8b-e77d-453c-80cb-eeacd1e89d3b,2026-07-14T14:45:00Z,2026-07-14T16:45:00+0200,176.5,EUR/MWh,FR,FR,imbalance_price,Short,2026-08-05T12:06:18Z
2026-08-05T12:02:33Z,2026-08-05T14:02:33+0200,a602df8b-e77d-453c-80cb-eeacd1e89d3b,2026-07-14T15:00:00Z,2026-07-14T17:00:00+0200,156.05,EUR/MWh,FR,FR,imbalance_price,Long,2026-08-05T12:06:18Z
2026-08-05T12:02:33Z,2026-08-05T14:02:33+0200,a602df8b-e77d-453c-80cb-eeacd1e89d3b,2026-07-14T15:00:00Z,2026-07-14T17:00:00+0200,170.75,EUR/MWh,FR,FR,imbalance_price,Short,2026-08-05T12:06:18Z
2026-08-05T12:02:33Z,2026-08-05T14:02:33+0200,a602df8b-e77d-453c-80cb-eeacd1e89d3b,2026-07-14T15:15:00Z,2026-07-14T17:15:00+0200,166.02,EUR/MWh,FR,FR,imbalance_price,Long,2026-08-05T12:06:18Z
2026-08-05T12:02:33Z,2026-08-05T14:02:33+0200,a602df8b-e77d-453c-80cb-eeacd1e89d3b,2026-07-14T15:15:00Z,2026-07-14T17:15:00+0200,181.66,EUR/MWh,FR,FR,imbalance_price,Short,2026-08-05T12:06:18Z
2026-08-05T12:02:33Z,2026-08-05T14:02:33+0200,a602df8b-e77d-453c-80cb-eeacd1e89d3b,2026-07-14T15:30:00Z,2026-07-14T17:30:00+0200,179.57,EUR/MWh,FR,FR,imbalance_price,Long,2026-08-05T12:06:18Z
2026-08-05T12:02:33Z,2026-08-05T14:02:33+0200,a602df8b-e77d-453c-80cb-eeacd1e89d3b,2026-07-14T15:30:00Z,2026-07-14T17:30:00+0200,196.49,EUR/MWh,FR,FR,imbalance_price,Short,2026-08-05T12:06:18Z
2026-08-05T12:02:33Z,2026-08-05T14:02:33+0200,a602df8b-e77d-453c-80cb-eeacd1e89d3b,2026-07-14T15:45:00Z,2026-07-14T17:45:00+0200,206.05,EUR/MWh,FR,FR,imbalance_price,Long,2026-08-05T12:06:18Z
2026-08-05T12:02:33Z,2026-08-05T14:02:33+0200,a602df8b-e77d-453c-80cb-eeacd1e89d3b,2026-07-14T15:45:00Z,2026-07-14T17:45:00+0200,225.47,EUR/MWh,FR,FR,imbalance_price,Short,2026-08-05T12:06:18Z
2026-08-05T12:02:33Z,2026-08-05T14:02:33+0200,a602df8b-e77d-453c-80cb-eeacd1e89d3b,2026-07-14T16:00:00Z,2026-07-14T18:00:00+0200,189.88,EUR/MWh,FR,FR,imbalance_price,Long,2026-08-05T12:06:18Z
2026-08-05T12:02:33Z,2026-08-05T14:02:33+0200,a602df8b-e77d-453c-80cb-eeacd1e89d3b,2026-07-14T16:00:00Z,2026-07-14T18:00:00+0200,207.78,EUR/MWh,FR,FR,imbalance_price,Short,2026-08-05T12:06:18Z
2026-08-05T12:02:33Z,2026-08-05T14:02:33+0200,a602df8b-e77d-453c-80cb-eeacd1e89d3b,2026-07-14T16:15:00Z,2026-07-14T18:15:00+0200,295.37,EUR/MWh,FR,FR,imbalance_price,Long,2026-08-05T12:06:18Z
2026-08-05T12:02:33Z,2026-08-05T14:02:33+0200,a602df8b-e77d-453c-80cb-eeacd1e89d3b,2026-07-14T16:15:00Z,2026-07-14T18:15:00+0200,323.21,EUR/MWh,FR,FR,imbalance_price,Short,2026-08-05T12:06:18Z
2026-08-05T12:02:33Z,2026-08-05T14:02:33+0200,a602df8b-e77d-453c-80cb-eeacd1e89d3b,2026-07-14T16:30:00Z,2026-07-14T18:30:00+0200,286.25,EUR/MWh,FR,FR,imbalance_price,Long,2026-08-05T12:06:18Z
2026-08-05T12:02:33Z,2026-08-05T14:02:33+0200,a602df8b-e77d-453c-80cb-eeacd1e89d3b,2026-07-14T16:30:00Z,2026-07-14T18:30:00+0200,313.23,EUR/MWh,FR,FR,imbalance_price,Short,2026-08-05T12:06:18Z
2026-08-05T12:02:33Z,2026-08-05T14:02:33+0200,a602df8b-e77d-453c-80cb-eeacd1e89d3b,2026-07-14T16:45:00Z,2026-07-14T18:45:00+0200,306.65,EUR/MWh,FR,FR,imbalance_price,Long,2026-08-05T12:06:18Z
2026-08-05T12:02:33Z,2026-08-05T14:02:33+0200,a602df8b-e77d-453c-80cb-eeacd1e89d3b,2026-07-14T16:45:00Z,2026-07-14T18:45:00+0200,335.55,EUR/MWh,FR,FR,imbalance_price,Short,2026-08-05T12:06:18Z
2026-08-05T12:02:33Z,2026-08-05T14:02:33+0200,a602df8b-e77d-453c-80cb-eeacd1e89d3b,2026-07-14T17:00:00Z,2026-07-14T19:00:00+0200,299.64,EUR/MWh,FR,FR,imbalance_price,Long,2026-08-05T12:06:18Z
2026-08-05T12:02:33Z,2026-08-05T14:02:33+0200,a602df8b-e77d-453c-80cb-eeacd1e89d3b,2026-07-14T17:00:00Z,2026-07-14T19:00:00+0200,327.88,EUR/MWh,FR,FR,imbalance_price,Short,2026-08-05T12:06:18Z
2026-08-05T12:02:33Z,2026-08-05T14:02:33+0200,a602df8b-e77d-453c-80cb-eeacd1e89d3b,2026-07-14T17:15:00Z,2026-07-14T19:15:00+0200,310.31,EUR/MWh,FR,FR,imbalance_price,Long,2026-08-05T12:06:18Z
2026-08-05T12:02:33Z,2026-08-05T14:02:33+0200,a602df8b-e77d-453c-80cb-eeacd1e89d3b,2026-07-14T17:15:00Z,2026-07-14T19:15:00+0200,339.55,EUR/MWh,FR,FR,imbalance_price,Short,2026-08-05T12:06:18Z
2026-08-05T12:02:33Z,2026-08-05T14:02:33+0200,a602df8b-e77d-453c-80cb-eeacd1e89d3b,2026-07-14T17:30:00Z,2026-07-14T19:30:00+0200,315.0,EUR/MWh,FR,FR,imbalance_price,Long,2026-08-05T12:06:18Z
2026-08-05T12:02:33Z,2026-08-05T14:02:33+0200,a602df8b-e77d-453c-80cb-eeacd1e89d3b,2026-07-14T17:30:00Z,2026-07-14T19:30:00+0200,344.68,EUR/MWh,FR,FR,imbalance_price,Short,2026-08-05T12:06:18Z
2026-08-05T12:02:33Z,2026-08-05T14:02:33+0200,a602df8b-e77d-453c-80cb-eeacd1e89d3b,2026-07-14T17:45:00Z,2026-07-14T19:45:00+0200,315.72,EUR/MWh,FR,FR,imbalance_price,Long,2026-08-05T12:06:18Z
2026-08-05T12:02:33Z,2026-08-05T14:02:33+0200,a602df8b-e77d-453c-80cb-eeacd1e89d3b,2026-07-14T17:45:00Z,2026-07-14T19:45:00+0200,345.48,EUR/MWh,FR,FR,imbalance_price,Short,2026-08-05T12:06:18Z
2026-08-05T12:02:33Z,2026-08-05T14:02:33+0200,a602df8b-e77d-453c-80cb-eeacd1e89d3b,2026-07-14T18:00:00Z,2026-07-14T20:00:00+0200,340.43,EUR/MWh,FR,FR,imbalance_price,Long,2026-08-05T12:06:18Z
2026-08-05T12:02:33Z,2026-08-05T14:02:33+0200,a602df8b-e77d-453c-80cb-eeacd1e89d3b,2026-07-14T18:00:00Z,2026-07-14T20:00:00+0200,372.51,EUR/MWh,FR,FR,imbalance_price,Short,2026-08-05T12:06:18Z
2026-08-05T12:02:33Z,2026-08-05T14:02:33+0200,a602df8b-e77d-453c-80cb-eeacd1e89d3b,2026-07-14T18:15:00Z,2026-07-14T20:15:00+0200,340.28,EUR/MWh,FR,FR,imbalance_price,Long,2026-08-05T12:06:18Z
2026-08-05T12:02:33Z,2026-08-05T14:02:33+0200,a602df8b-e77d-453c-80cb-eeacd1e89d3b,2026-07-14T18:15:00Z,2026-07-14T20:15:00+0200,372.34,EUR/MWh,FR,FR,imbalance_price,Short,2026-08-05T12:06:18Z
2026-08-05T12:02:33Z,2026-08-05T14:02:33+0200,a602df8b-e77d-453c-80cb-eeacd1e89d3b,2026-07-14T18:30:00Z,2026-07-14T20:30:00+0200,340.86,EUR/MWh,FR,FR,imbalance_price,Long,2026-08-05T12:06:18Z
2026-08-05T12:02:33Z,2026-08-05T14:02:33+0200,a602df8b-e77d-453c-80cb-eeacd1e89d3b,2026-07-14T18:30:00Z,2026-07-14T20:30:00+0200,372.98,EUR/MWh,FR,FR,imbalance_price,Short,2026-08-05T12:06:18Z
2026-08-05T12:02:33Z,2026-08-05T14:02:33+0200,a602df8b-e77d-453c-80cb-eeacd1e89d3b,2026-07-14T18:45:00Z,2026-07-14T20:45:00+0200,340.75,EUR/MWh,FR,FR,imbalance_price,Long,2026-08-05T12:06:18Z
2026-08-05T12:02:33Z,2026-08-05T14:02:33+0200,a602df8b-e77d-453c-80cb-eeacd1e89d3b,2026-07-14T18:45:00Z,2026-07-14T20:45:00+0200,372.87,EUR/MWh,FR,FR,imbalance_price,Short,2026-08-05T12:06:18Z
2026-08-05T12:02:33Z,2026-08-05T14:02:33+0200,a602df8b-e77d-453c-80cb-eeacd1e89d3b,2026-07-14T19:00:00Z,2026-07-14T21:00:00+0200,335.97,EUR/MWh,FR,FR,imbalance_price,Long,2026-08-05T12:06:18Z
2026-08-05T12:02:33Z,2026-08-05T14:02:33+0200,a602df8b-e77d-453c-80cb-eeacd1e89d3b,2026-07-14T19:00:00Z,2026-07-14T21:00:00+0200,367.63,EUR/MWh,FR,FR,imbalance_price,Short,2026-08-05T12:06:18Z
2026-08-05T12:02:33Z,2026-08-05T14:02:33+0200,a602df8b-e77d-453c-80cb-eeacd1e89d3b,2026-07-14T19:15:00Z,2026-07-14T21:15:00+0200,335.97,EUR/MWh,FR,FR,imbalance_price,Long,2026-08-05T12:06:18Z
2026-08-05T12:02:33Z,2026-08-05T14:02:33+0200,a602df8b-e77d-453c-80cb-eeacd1e89d3b,2026-07-14T19:15:00Z,2026-07-14T21:15:00+0200,367.63,EUR/MWh,FR,FR,imbalance_price,Short,2026-08-05T12:06:18Z
2026-08-05T12:02:33Z,2026-08-05T14:02:33+0200,a602df8b-e77d-453c-80cb-eeacd1e89d3b,2026-07-14T19:30:00Z,2026-07-14T21:30:00+0200,-7.79,EUR/MWh,FR,FR,imbalance_price,Long,2026-08-05T12:06:18Z
2026-08-05T12:02:33Z,2026-08-05T14:02:33+0200,a602df8b-e77d-453c-80cb-eeacd1e89d3b,2026-07-14T19:30:00Z,2026-07-14T21:30:00+0200,-7.11,EUR/MWh,FR,FR,imbalance_price,Short,2026-08-05T12:06:18Z
2026-08-05T12:02:33Z,2026-08-05T14:02:33+0200,a602df8b-e77d-453c-80cb-eeacd1e89d3b,2026-07-14T19:45:00Z,2026-07-14T21:45:00+0200,-70.06,EUR/MWh,FR,FR,imbalance_price,Long,2026-08-05T12:06:18Z
2026-08-05T12:02:33Z,2026-08-05T14:02:33+0200,a602df8b-e77d-453c-80cb-eeacd1e89d3b,2026-07-14T19:45:00Z,2026-07-14T21:45:00+0200,-64.02,EUR/MWh,FR,FR,imbalance_price,Short,2026-08-05T12:06:18Z
2026-08-05T12:02:33Z,2026-08-05T14:02:33+0200,a602df8b-e77d-453c-80cb-eeacd1e89d3b,2026-07-14T20:00:00Z,2026-07-14T22:00:00+0200,298.77,EUR/MWh,FR,FR,imbalance_price,Long,2026-08-05T12:06:18Z
2026-08-05T12:02:33Z,2026-08-05T14:02:33+0200,a602df8b-e77d-453c-80cb-eeacd1e89d3b,2026-07-14T20:00:00Z,2026-07-14T22:00:00+0200,326.93,EUR/MWh,FR,FR,imbalance_price,Short,2026-08-05T12:06:18Z
2026-08-05T12:02:33Z,2026-08-05T14:02:33+0200,a602df8b-e77d-453c-80cb-eeacd1e89d3b,2026-07-14T20:15:00Z,2026-07-14T22:15:00+0200,112.97,EUR/MWh,FR,FR,imbalance_price,Long,2026-08-05T12:06:18Z
2026-08-05T12:02:33Z,2026-08-05T14:02:33+0200,a602df8b-e77d-453c-80cb-eeacd1e89d3b,2026-07-14T20:15:00Z,2026-07-14T22:15:00+0200,123.61,EUR/MWh,FR,FR,imbalance_price,Short,2026-08-05T12:06:18Z
2026-08-05T12:02:33Z,2026-08-05T14:02:33+0200,a602df8b-e77d-453c-80cb-eeacd1e89d3b,2026-07-14T20:30:00Z,2026-07-14T22:30:00+0200,114.51,EUR/MWh,FR,FR,imbalance_price,Long,2026-08-05T12:06:18Z
2026-08-05T12:02:33Z,2026-08-05T14:02:33+0200,a602df8b-e77d-453c-80cb-eeacd1e89d3b,2026-07-14T20:30:00Z,2026-07-14T22:30:00+0200,125.31,EUR/MWh,FR,FR,imbalance_price,Short,2026-08-05T12:06:18Z
2026-08-05T12:02:33Z,2026-08-05T14:02:33+0200,a602df8b-e77d-453c-80cb-eeacd1e89d3b,2026-07-14T20:45:00Z,2026-07-14T22:45:00+0200,100.99,EUR/MWh,FR,FR,imbalance_price,Long,2026-08-05T12:06:18Z
2026-08-05T12:02:33Z,2026-08-05T14:02:33+0200,a602df8b-e77d-453c-80cb-eeacd1e89d3b,2026-07-14T20:45:00Z,2026-07-14T22:45:00+0200,110.51,EUR/MWh,FR,FR,imbalance_price,Short,2026-08-05T12:06:18Z
2026-08-05T12:02:33Z,2026-08-05T14:02:33+0200,a602df8b-e77d-453c-80cb-eeacd1e89d3b,2026-07-14T21:00:00Z,2026-07-14T23:00:00+0200,186.41,EUR/MWh,FR,FR,imbalance_price,Long,2026-08-05T12:06:18Z
2026-08-05T12:02:33Z,2026-08-05T14:02:33+0200,a602df8b-e77d-453c-80cb-eeacd1e89d3b,2026-07-14T21:00:00Z,2026-07-14T23:00:00+0200,203.97,EUR/MWh,FR,FR,imbalance_price,Short,2026-08-05T12:06:18Z
2026-08-05T12:02:33Z,2026-08-05T14:02:33+0200,a602df8b-e77d-453c-80cb-eeacd1e89d3b,2026-07-14T21:15:00Z,2026-07-14T23:15:00+0200,168.97,EUR/MWh,FR,FR,imbalance_price,Long,2026-08-05T12:06:18Z
2026-08-05T12:02:33Z,2026-08-05T14:02:33+0200,a602df8b-e77d-453c-80cb-eeacd1e89d3b,2026-07-14T21:15:00Z,2026-07-14T23:15:00+0200,184.89,EUR/MWh,FR,FR,imbalance_price,Short,2026-08-05T12:06:18Z
2026-08-05T12:02:33Z,2026-08-05T14:02:33+0200,a602df8b-e77d-453c-80cb-eeacd1e89d3b,2026-07-14T21:30:00Z,2026-07-14T23:30:00+0200,175.14,EUR/MWh,FR,FR,imbalance_price,Long,2026-08-05T12:06:18Z
2026-08-05T12:02:33Z,2026-08-05T14:02:33+0200,a602df8b-e77d-453c-80cb-eeacd1e89d3b,2026-07-14T21:30:00Z,2026-07-14T23:30:00+0200,191.64,EUR/MWh,FR,FR,imbalance_price,Short,2026-08-05T12:06:18Z
2026-08-05T12:02:33Z,2026-08-05T14:02:33+0200,a602df8b-e77d-453c-80cb-eeacd1e89d3b,2026-07-14T21:45:00Z,2026-07-14T23:45:00+0200,175.15,EUR/MWh,FR,FR,imbalance_price,Long,2026-08-05T12:06:18Z
2026-08-05T12:02:33Z,2026-08-05T14:02:33+0200,a602df8b-e77d-453c-80cb-eeacd1e89d3b,2026-07-14T21:45:00Z,2026-07-14T23:45:00+0200,191.65,EUR/MWh,FR,FR,imbalance_price,Short,2026-08-05T12:06:18Z
2026-08-05T12:02:33Z,2026-08-05T14:02:33+0200,a602df8b-e77d-453c-80cb-eeacd1e89d3b,2026-07-14T22:00:00Z,2026-07-15T00:00:00+0200,155.59,EUR/MWh,FR,FR,imbalance_price,Long,2026-08-05T12:06:18Z
2026-08-05T12:02:33Z,2026-08-05T14:02:33+0200,a602df8b-e77d-453c-80cb-eeacd1e89d3b,2026-07-14T22:00:00Z,2026-07-15T00:00:00+0200,170.25,EUR/MWh,FR,FR,imbalance_price,Short,2026-08-05T12:06:18Z
2026-08-05T12:02:33Z,2026-08-05T14:02:33+0200,a602df8b-e77d-453c-80cb-eeacd1e89d3b,2026-07-14T22:15:00Z,2026-07-15T00:15:00+0200,119.38,EUR/MWh,FR,FR,imbalance_price,Long,2026-08-05T12:06:18Z
2026-08-05T12:02:33Z,2026-08-05T14:02:33+0200,a602df8b-e77d-453c-80cb-eeacd1e89d3b,2026-07-14T22:15:00Z,2026-07-15T00:15:00+0200,130.63,EUR/MWh,FR,FR,imbalance_price,Short,2026-08-05T12:06:18Z
2026-08-05T12:02:33Z,2026-08-05T14:02:33+0200,a602df8b-e77d-453c-80cb-eeacd1e89d3b,2026-07-14T22:30:00Z,2026-07-15T00:30:00+0200,145.74,EUR/MWh,FR,FR,imbalance_price,Long,2026-08-05T12:06:18Z
2026-08-05T12:02:33Z,2026-08-05T14:02:33+0200,a602df8b-e77d-453c-80cb-eeacd1e89d3b,2026-07-14T22:30:00Z,2026-07-15T00:30:00+0200,159.48,EUR/MWh,FR,FR,imbalance_price,Short,2026-08-05T12:06:18Z
2026-08-05T12:02:33Z,2026-08-05T14:02:33+0200,a602df8b-e77d-453c-80cb-eeacd1e89d3b,2026-07-14T22:45:00Z,2026-07-15T00:45:00+0200,11.57,EUR/MWh,FR,FR,imbalance_price,Long,2026-08-05T12:06:18Z
2026-08-05T12:02:33Z,2026-08-05T14:02:33+0200,a602df8b-e77d-453c-80cb-eeacd1e89d3b,2026-07-14T22:45:00Z,2026-07-15T00:45:00+0200,12.65,EUR/MWh,FR,FR,imbalance_price,Short,2026-08-05T12:06:18Z
2026-08-05T12:02:33Z,2026-08-05T14:02:33+0200,a602df8b-e77d-453c-80cb-eeacd1e89d3b,2026-07-14T23:00:00Z,2026-07-15T01:00:00+0200,139.83,EUR/MWh,FR,FR,imbalance_price,Long,2026-08-05T12:06:18Z
2026-08-05T12:02:33Z,2026-08-05T14:02:33+0200,a602df8b-e77d-453c-80cb-eeacd1e89d3b,2026-07-14T23:00:00Z,2026-07-15T01:00:00+0200,153.01,EUR/MWh,FR,FR,imbalance_price,Short,2026-08-05T12:06:18Z
2026-08-05T12:02:33Z,2026-08-05T14:02:33+0200,a602df8b-e77d-453c-80cb-eeacd1e89d3b,2026-07-14T23:15:00Z,2026-07-15T01:15:00+0200,141.44,EUR/MWh,FR,FR,imbalance_price,Long,2026-08-05T12:06:18Z
2026-08-05T12:02:33Z,2026-08-05T14:02:33+0200,a602df8b-e77d-453c-80cb-eeacd1e89d3b,2026-07-14T23:15:00Z,2026-07-15T01:15:00+0200,154.76,EUR/MWh,FR,FR,imbalance_price,Short,2026-08-05T12:06:18Z
2026-08-05T12:02:33Z,2026-08-05T14:02:33+0200,a602df8b-e77d-453c-80cb-eeacd1e89d3b,2026-07-14T23:30:00Z,2026-07-15T01:30:00+0200,11.57,EUR/MWh,FR,FR,imbalance_price,Long,2026-08-05T12:06:18Z
2026-08-05T12:02:33Z,2026-08-05T14:02:33+0200,a602df8b-e77d-453c-80cb-eeacd1e89d3b,2026-07-14T23:30:00Z,2026-07-15T01:30:00+0200,12.65,EUR/MWh,FR,FR,imbalance_price,Short,2026-08-05T12:06:18Z
2026-08-05T12:02:33Z,2026-08-05T14:02:33+0200,a602df8b-e77d-453c-80cb-eeacd1e89d3b,2026-07-14T23:45:00Z,2026-07-15T01:45:00+0200,11.57,EUR/MWh,FR,FR,imbalance_price,Long,2026-08-05T12:06:18Z
2026-08-05T12:02:33Z,2026-08-05T14:02:33+0200,a602df8b-e77d-453c-80cb-eeacd1e89d3b,2026-07-14T23:45:00Z,2026-07-15T01:45:00+0200,12.65,EUR/MWh,FR,FR,imbalance_price,Short,2026-08-05T12:06:18Z
2026-08-05T12:02:33Z,2026-08-05T14:02:33+0200,a602df8b-e77d-453c-80cb-eeacd1e89d3b,2026-07-15T00:00:00Z,2026-07-15T02:00:00+0200,11.57,EUR/MWh,FR,FR,imbalance_price,Long,2026-08-05T12:06:18Z
2026-08-05T12:02:33Z,2026-08-05T14:02:33+0200,a602df8b-e77d-453c-80cb-eeacd1e89d3b,2026-07-15T00:00:00Z,2026-07-15T02:00:00+0200,12.65,EUR/MWh,FR,FR,imbalance_price,Short,2026-08-05T12:06:18Z
2026-08-05T12:02:33Z,2026-08-05T14:02:33+0200,a602df8b-e77d-453c-80cb-eeacd1e89d3b,2026-07-15T00:15:00Z,2026-07-15T02:15:00+0200,103.02,EUR/MWh,FR,FR,imbalance_price,Long,2026-08-05T12:06:18Z
2026-08-05T12:02:33Z,2026-08-05T14:02:33+0200,a602df8b-e77d-453c-80cb-eeacd1e89d3b,2026-07-15T00:15:00Z,2026-07-15T02:15:00+0200,112.72,EUR/MWh,FR,FR,imbalance_price,Short,2026-08-05T12:06:18Z
2026-08-05T12:02:33Z,2026-08-05T14:02:33+0200,a602df8b-e77d-453c-80cb-eeacd1e89d3b,2026-07-15T00:30:00Z,2026-07-15T02:30:00+0200,113.69,EUR/MWh,FR,FR,imbalance_price,Long,2026-08-05T12:06:18Z
2026-08-05T12:02:33Z,2026-08-05T14:02:33+0200,a602df8b-e77d-453c-80cb-eeacd1e89d3b,2026-07-15T00:30:00Z,2026-07-15T02:30:00+0200,124.41,EUR/MWh,FR,FR,imbalance_price,Short,2026-08-05T12:06:18Z
2026-08-05T12:02:33Z,2026-08-05T14:02:33+0200,a602df8b-e77d-453c-80cb-eeacd1e89d3b,2026-07-15T00:45:00Z,2026-07-15T02:45:00+0200,62.35,EUR/MWh,FR,FR,imbalance_price,Long,2026-08-05T12:06:18Z
2026-08-05T12:02:33Z,2026-08-05T14:02:33+0200,a602df8b-e77d-453c-80cb-eeacd1e89d3b,2026-07-15T00:45:00Z,2026-07-15T02:45:00+0200,68.23,EUR/MWh,FR,FR,imbalance_price,Short,2026-08-05T12:06:18Z
2026-08-05T12:02:33Z,2026-08-05T14:02:33+0200,a602df8b-e77d-453c-80cb-eeacd1e89d3b,2026-07-15T01:00:00Z,2026-07-15T03:00:00+0200,11.57,EUR/MWh,FR,FR,imbalance_price,Long,2026-08-05T12:06:18Z
2026-08-05T12:02:33Z,2026-08-05T14:02:33+0200,a602df8b-e77d-453c-80cb-eeacd1e89d3b,2026-07-15T01:00:00Z,2026-07-15T03:00:00+0200,12.65,EUR/MWh,FR,FR,imbalance_price,Short,2026-08-05T12:06:18Z
2026-08-05T12:02:33Z,2026-08-05T14:02:33+0200,a602df8b-e77d-453c-80cb-eeacd1e89d3b,2026-07-15T01:15:00Z,2026-07-15T03:15:00+0200,97.18,EUR/MWh,FR,FR,imbalance_price,Long,2026-08-05T12:06:18Z
2026-08-05T12:02:33Z,2026-08-05T14:02:33+0200,a602df8b-e77d-453c-80cb-eeacd1e89d3b,2026-07-15T01:15:00Z,2026-07-15T03:15:00+0200,106.34,EUR/MWh,FR,FR,imbalance_price,Short,2026-08-05T12:06:18Z
2026-08-05T12:02:33Z,2026-08-05T14:02:33+0200,a602df8b-e77d-453c-80cb-eeacd1e89d3b,2026-07-15T01:30:00Z,2026-07-15T03:30:00+0200,11.57,EUR/MWh,FR,FR,imbalance_price,Long,2026-08-05T12:06:18Z
2026-08-05T12:02:33Z,2026-08-05T14:02:33+0200,a602df8b-e77d-453c-80cb-eeacd1e89d3b,2026-07-15T01:30:00Z,2026-07-15T03:30:00+0200,12.65,EUR/MWh,FR,FR,imbalance_price,Short,2026-08-05T12:06:18Z
2026-08-05T12:02:33Z,2026-08-05T14:02:33+0200,a602df8b-e77d-453c-80cb-eeacd1e89d3b,2026-07-15T01:45:00Z,2026-07-15T03:45:00+0200,97.88,EUR/MWh,FR,FR,imbalance_price,Long,2026-08-05T12:06:18Z
2026-08-05T12:02:33Z,2026-08-05T14:02:33+0200,a602df8b-e77d-453c-80cb-eeacd1e89d3b,2026-07-15T01:45:00Z,2026-07-15T03:45:00+0200,107.1,EUR/MWh,FR,FR,imbalance_price,Short,2026-08-05T12:06:18Z
2026-08-05T12:02:33Z,2026-08-05T14:02:33+0200,a602df8b-e77d-453c-80cb-eeacd1e89d3b,2026-07-15T02:00:00Z,2026-07-15T04:00:00+0200,98.84,EUR/MWh,FR,FR,imbalance_price,Long,2026-08-05T12:06:18Z
2026-08-05T12:02:33Z,2026-08-05T14:02:33+0200,a602df8b-e77d-453c-80cb-eeacd1e89d3b,2026-07-15T02:00:00Z,2026-07-15T04:00:00+0200,108.16,EUR/MWh,FR,FR,imbalance_price,Short,2026-08-05T12:06:18Z
2026-08-05T12:02:33Z,2026-08-05T14:02:33+0200,a602df8b-e77d-453c-80cb-eeacd1e89d3b,2026-07-15T02:15:00Z,2026-07-15T04:15:00+0200,11.57,EUR/MWh,FR,FR,imbalance_price,Long,2026-08-05T12:06:18Z
2026-08-05T12:02:33Z,2026-08-05T14:02:33+0200,a602df8b-e77d-453c-80cb-eeacd1e89d3b,2026-07-15T02:15:00Z,2026-07-15T04:15:00+0200,12.65,EUR/MWh,FR,FR,imbalance_price,Short,2026-08-05T12:06:18Z
2026-08-05T12:02:33Z,2026-08-05T14:02:33+0200,a602df8b-e77d-453c-80cb-eeacd1e89d3b,2026-07-15T02:30:00Z,2026-07-15T04:30:00+0200,11.57,EUR/MWh,FR,FR,imbalance_price,Long,2026-08-05T12:06:18Z
2026-08-05T12:02:33Z,2026-08-05T14:02:33+0200,a602df8b-e77d-453c-80cb-eeacd1e89d3b,2026-07-15T02:30:00Z,2026-07-15T04:30:00+0200,12.65,EUR/MWh,FR,FR,imbalance_price,Short,2026-08-05T12:06:18Z
2026-08-05T12:02:33Z,2026-08-05T14:02:33+0200,a602df8b-e77d-453c-80cb-eeacd1e89d3b,2026-07-15T02:45:00Z,2026-07-15T04:45:00+0200,102.43,EUR/MWh,FR,FR,imbalance_price,Long,2026-08-05T12:06:18Z
2026-08-05T12:02:33Z,2026-08-05T14:02:33+0200,a602df8b-e77d-453c-80cb-eeacd1e89d3b,2026-07-15T02:45:00Z,2026-07-15T04:45:00+0200,112.09,EUR/MWh,FR,FR,imbalance_price,Short,2026-08-05T12:06:18Z
2026-08-05T12:02:33Z,2026-08-05T14:02:33+0200,a602df8b-e77d-453c-80cb-eeacd1e89d3b,2026-07-15T03:00:00Z,2026-07-15T05:00:00+0200,11.57,EUR/MWh,FR,FR,imbalance_price,Long,2026-08-05T12:06:18Z
2026-08-05T12:02:33Z,2026-08-05T14:02:33+0200,a602df8b-e77d-453c-80cb-eeacd1e89d3b,2026-07-15T03:00:00Z,2026-07-15T05:00:00+0200,12.65,EUR/MWh,FR,FR,imbalance_price,Short,2026-08-05T12:06:18Z
2026-08-05T12:02:33Z,2026-08-05T14:02:33+0200,a602df8b-e77d-453c-80cb-eeacd1e89d3b,2026-07-15T03:15:00Z,2026-07-15T05:15:00+0200,11.57,EUR/MWh,FR,FR,imbalance_price,Long,2026-08-05T12:06:18Z
2026-08-05T12:02:33Z,2026-08-05T14:02:33+0200,a602df8b-e77d-453c-80cb-eeacd1e89d3b,2026-07-15T03:15:00Z,2026-07-15T05:15:00+0200,12.65,EUR/MWh,FR,FR,imbalance_price,Short,2026-08-05T12:06:18Z
2026-08-05T12:02:33Z,2026-08-05T14:02:33+0200,a602df8b-e77d-453c-80cb-eeacd1e89d3b,2026-07-15T03:30:00Z,2026-07-15T05:30:00+0200,11.57,EUR/MWh,FR,FR,imbalance_price,Long,2026-08-05T12:06:18Z
2026-08-05T12:02:33Z,2026-08-05T14:02:33+0200,a602df8b-e77d-453c-80cb-eeacd1e89d3b,2026-07-15T03:30:00Z,2026-07-15T05:30:00+0200,12.65,EUR/MWh,FR,FR,imbalance_price,Short,2026-08-05T12:06:18Z
2026-08-05T12:02:33Z,2026-08-05T14:02:33+0200,a602df8b-e77d-453c-80cb-eeacd1e89d3b,2026-07-15T03:45:00Z,2026-07-15T05:45:00+0200,11.57,EUR/MWh,FR,FR,imbalance_price,Long,2026-08-05T12:06:18Z
2026-08-05T12:02:33Z,2026-08-05T14:02:33+0200,a602df8b-e77d-453c-80cb-eeacd1e89d3b,2026-07-15T03:45:00Z,2026-07-15T05:45:00+0200,12.65,EUR/MWh,FR,FR,imbalance_price,Short,2026-08-05T12:06:18Z
2026-08-05T12:02:33Z,2026-08-05T14:02:33+0200,a602df8b-e77d-453c-80cb-eeacd1e89d3b,2026-07-15T04:00:00Z,2026-07-15T06:00:00+0200,83.37,EUR/MWh,FR,FR,imbalance_price,Long,2026-08-05T12:06:18Z
2026-08-05T12:02:33Z,2026-08-05T14:02:33+0200,a602df8b-e77d-453c-80cb-eeacd1e89d3b,2026-07-15T04:00:00Z,2026-07-15T06:00:00+0200,91.23,EUR/MWh,FR,FR,imbalance_price,Short,2026-08-05T12:06:18Z
2026-08-05T12:02:33Z,2026-08-05T14:02:33+0200,a602df8b-e77d-453c-80cb-eeacd1e89d3b,2026-07-15T04:15:00Z,2026-07-15T06:15:00+0200,79.01,EUR/MWh,FR,FR,imbalance_price,Long,2026-08-05T12:06:18Z
2026-08-05T12:02:33Z,2026-08-05T14:02:33+0200,a602df8b-e77d-453c-80cb-eeacd1e89d3b,2026-07-15T04:15:00Z,2026-07-15T06:15:00+0200,86.45,EUR/MWh,FR,FR,imbalance_price,Short,2026-08-05T12:06:18Z
2026-08-05T12:02:33Z,2026-08-05T14:02:33+0200,a602df8b-e77d-453c-80cb-eeacd1e89d3b,2026-07-15T04:30:00Z,2026-07-15T06:30:00+0200,-151.17,EUR/MWh,FR,FR,imbalance_price,Long,2026-08-05T12:06:18Z
2026-08-05T12:02:33Z,2026-08-05T14:02:33+0200,a602df8b-e77d-453c-80cb-eeacd1e89d3b,2026-07-15T04:30:00Z,2026-07-15T06:30:00+0200,-138.15,EUR/MWh,FR,FR,imbalance_price,Short,2026-08-05T12:06:18Z
2026-08-05T12:02:33Z,2026-08-05T14:02:33+0200,a602df8b-e77d-453c-80cb-eeacd1e89d3b,2026-07-15T04:45:00Z,2026-07-15T06:45:00+0200,69.01,EUR/MWh,FR,FR,imbalance_price,Long,2026-08-05T12:06:18Z
2026-08-05T12:02:33Z,2026-08-05T14:02:33+0200,a602df8b-e77d-453c-80cb-eeacd1e89d3b,2026-07-15T04:45:00Z,2026-07-15T06:45:00+0200,75.51,EUR/MWh,FR,FR,imbalance_price,Short,2026-08-05T12:06:18Z
2026-08-05T12:02:33Z,2026-08-05T14:02:33+0200,a602df8b-e77d-453c-80cb-eeacd1e89d3b,2026-07-15T05:00:00Z,2026-07-15T07:00:00+0200,63.37,EUR/MWh,FR,FR,imbalance_price,Long,2026-08-05T12:06:18Z
2026-08-05T12:02:33Z,2026-08-05T14:02:33+0200,a602df8b-e77d-453c-80cb-eeacd1e89d3b,2026-07-15T05:00:00Z,2026-07-15T07:00:00+0200,69.35,EUR/MWh,FR,FR,imbalance_price,Short,2026-08-05T12:06:18Z
2026-08-05T12:02:33Z,2026-08-05T14:02:33+0200,a602df8b-e77d-453c-80cb-eeacd1e89d3b,2026-07-15T05:15:00Z,2026-07-15T07:15:00+0200,85.12,EUR/MWh,FR,FR,imbalance_price,Long,2026-08-05T12:06:18Z
2026-08-05T12:02:33Z,2026-08-05T14:02:33+0200,a602df8b-e77d-453c-80cb-eeacd1e89d3b,2026-07-15T05:15:00Z,2026-07-15T07:15:00+0200,93.14,EUR/MWh,FR,FR,imbalance_price,Short,2026-08-05T12:06:18Z
2026-08-05T12:02:33Z,2026-08-05T14:02:33+0200,a602df8b-e77d-453c-80cb-eeacd1e89d3b,2026-07-15T05:30:00Z,2026-07-15T07:30:00+0200,116.36,EUR/MWh,FR,FR,imbalance_price,Long,2026-08-05T12:06:18Z
2026-08-05T12:02:33Z,2026-08-05T14:02:33+0200,a602df8b-e77d-453c-80cb-eeacd1e89d3b,2026-07-15T05:30:00Z,2026-07-15T07:30:00+0200,127.32,EUR/MWh,FR,FR,imbalance_price,Short,2026-08-05T12:06:18Z
2026-08-05T12:02:33Z,2026-08-05T14:02:33+0200,a602df8b-e77d-453c-80cb-eeacd1e89d3b,2026-07-15T05:45:00Z,2026-07-15T07:45:00+0200,133.1,EUR/MWh,FR,FR,imbalance_price,Long,2026-08-05T12:06:18Z
2026-08-05T12:02:33Z,2026-08-05T14:02:33+0200,a602df8b-e77d-453c-80cb-eeacd1e89d3b,2026-07-15T05:45:00Z,2026-07-15T07:45:00+0200,145.64,EUR/MWh,FR,FR,imbalance_price,Short,2026-08-05T12:06:18Z
2026-08-05T12:02:33Z,2026-08-05T14:02:33+0200,a602df8b-e77d-453c-80cb-eeacd1e89d3b,2026-07-15T06:00:00Z,2026-07-15T08:00:00+0200,165.69,EUR/MWh,FR,FR,imbalance_price,Long,2026-08-05T12:06:18Z
2026-08-05T12:02:33Z,2026-08-05T14:02:33+0200,a602df8b-e77d-453c-80cb-eeacd1e89d3b,2026-07-15T06:00:00Z,2026-07-15T08:00:00+0200,181.31,EUR/MWh,FR,FR,imbalance_price,Short,2026-08-05T12:06:18Z
2026-08-05T12:02:33Z,2026-08-05T14:02:33+0200,a602df8b-e77d-453c-80cb-eeacd1e89d3b,2026-07-15T06:15:00Z,2026-07-15T08:15:00+0200,165.08,EUR/MWh,FR,FR,imbalance_price,Long,2026-08-05T12:06:18Z
2026-08-05T12:02:33Z,2026-08-05T14:02:33+0200,a602df8b-e77d-453c-80cb-eeacd1e89d3b,2026-07-15T06:15:00Z,2026-07-15T08:15:00+0200,180.64,EUR/MWh,FR,FR,imbalance_price,Short,2026-08-05T12:06:18Z
2026-08-05T12:02:33Z,2026-08-05T14:02:33+0200,a602df8b-e77d-453c-80cb-eeacd1e89d3b,2026-07-15T06:30:00Z,2026-07-15T08:30:00+0200,165.28,EUR/MWh,FR,FR,imbalance_price,Long,2026-08-05T12:06:18Z
2026-08-05T12:02:33Z,2026-08-05T14:02:33+0200,a602df8b-e77d-453c-80cb-eeacd1e89d3b,2026-07-15T06:30:00Z,2026-07-15T08:30:00+0200,180.86,EUR/MWh,FR,FR,imbalance_price,Short,2026-08-05T12:06:18Z
2026-08-05T12:02:33Z,2026-08-05T14:02:33+0200,a602df8b-e77d-453c-80cb-eeacd1e89d3b,2026-07-15T06:45:00Z,2026-07-15T08:45:00+0200,162.27,EUR/MWh,FR,FR,imbalance_price,Long,2026-08-05T12:06:18Z
2026-08-05T12:02:33Z,2026-08-05T14:02:33+0200,a602df8b-e77d-453c-80cb-eeacd1e89d3b,2026-07-15T06:45:00Z,2026-07-15T08:45:00+0200,177.57,EUR/MWh,FR,FR,imbalance_price,Short,2026-08-05T12:06:18Z
2026-08-05T12:02:33Z,2026-08-05T14:02:33+0200,a602df8b-e77d-453c-80cb-eeacd1e89d3b,2026-07-15T07:00:00Z,2026-07-15T09:00:00+0200,171.21,EUR/MWh,FR,FR,imbalance_price,Long,2026-08-05T12:06:18Z
2026-08-05T12:02:33Z,2026-08-05T14:02:33+0200,a602df8b-e77d-453c-80cb-eeacd1e89d3b,2026-07-15T07:00:00Z,2026-07-15T09:00:00+0200,187.35,EUR/MWh,FR,FR,imbalance_price,Short,2026-08-05T12:06:18Z
2026-08-05T12:02:33Z,2026-08-05T14:02:33+0200,a602df8b-e77d-453c-80cb-eeacd1e89d3b,2026-07-15T07:15:00Z,2026-07-15T09:15:00+0200,173.42,EUR/MWh,FR,FR,imbalance_price,Long,2026-08-05T12:06:18Z
2026-08-05T12:02:33Z,2026-08-05T14:02:33+0200,a602df8b-e77d-453c-80cb-eeacd1e89d3b,2026-07-15T07:15:00Z,2026-07-15T09:15:00+0200,189.76,EUR/MWh,FR,FR,imbalance_price,Short,2026-08-05T12:06:18Z
2026-08-05T12:02:33Z,2026-08-05T14:02:33+0200,a602df8b-e77d-453c-80cb-eeacd1e89d3b,2026-07-15T07:30:00Z,2026-07-15T09:30:00+0200,175.97,EUR/MWh,FR,FR,imbalance_price,Long,2026-08-05T12:06:18Z
2026-08-05T12:02:33Z,2026-08-05T14:02:33+0200,a602df8b-e77d-453c-80cb-eeacd1e89d3b,2026-07-15T07:30:00Z,2026-07-15T09:30:00+0200,192.55,EUR/MWh,FR,FR,imbalance_price,Short,2026-08-05T12:06:18Z
2026-08-05T12:02:33Z,2026-08-05T14:02:33+0200,a602df8b-e77d-453c-80cb-eeacd1e89d3b,2026-07-15T07:45:00Z,2026-07-15T09:45:00+0200,179.56,EUR/MWh,FR,FR,imbalance_price,Long,2026-08-05T12:06:18Z
2026-08-05T12:02:33Z,2026-08-05T14:02:33+0200,a602df8b-e77d-453c-80cb-eeacd1e89d3b,2026-07-15T07:45:00Z,2026-07-15T09:45:00+0200,196.48,EUR/MWh,FR,FR,imbalance_price,Short,2026-08-05T12:06:18Z
2026-08-05T12:02:33Z,2026-08-05T14:02:33+0200,a602df8b-e77d-453c-80cb-eeacd1e89d3b,2026-07-15T08:00:00Z,2026-07-15T10:00:00+0200,179.77,EUR/MWh,FR,FR,imbalance_price,Long,2026-08-05T12:06:18Z
2026-08-05T12:02:33Z,2026-08-05T14:02:33+0200,a602df8b-e77d-453c-80cb-eeacd1e89d3b,2026-07-15T08:00:00Z,2026-07-15T10:00:00+0200,196.71,EUR/MWh,FR,FR,imbalance_price,Short,2026-08-05T12:06:18Z
2026-08-05T12:02:33Z,2026-08-05T14:02:33+0200,a602df8b-e77d-453c-80cb-eeacd1e89d3b,2026-07-15T08:15:00Z,2026-07-15T10:15:00+0200,178.93,EUR/MWh,FR,FR,imbalance_price,Long,2026-08-05T12:06:18Z
2026-08-05T12:02:33Z,2026-08-05T14:02:33+0200,a602df8b-e77d-453c-80cb-eeacd1e89d3b,2026-07-15T08:15:00Z,2026-07-15T10:15:00+0200,195.79,EUR/MWh,FR,FR,imbalance_price,Short,2026-08-05T12:06:18Z
2026-08-05T12:02:33Z,2026-08-05T14:02:33+0200,a602df8b-e77d-453c-80cb-eeacd1e89d3b,2026-07-15T08:30:00Z,2026-07-15T10:30:00+0200,178.95,EUR/MWh,FR,FR,imbalance_price,Long,2026-08-05T12:06:18Z
2026-08-05T12:02:33Z,2026-08-05T14:02:33+0200,a602df8b-e77d-453c-80cb-eeacd1e89d3b,2026-07-15T08:30:00Z,2026-07-15T10:30:00+0200,195.81,EUR/MWh,FR,FR,imbalance_price,Short,2026-08-05T12:06:18Z
2026-08-05T12:02:33Z,2026-08-05T14:02:33+0200,a602df8b-e77d-453c-80cb-eeacd1e89d3b,2026-07-15T08:45:00Z,2026-07-15T10:45:00+0200,175.23,EUR/MWh,FR,FR,imbalance_price,Long,2026-08-05T12:06:18Z
2026-08-05T12:02:33Z,2026-08-05T14:02:33+0200,a602df8b-e77d-453c-80cb-eeacd1e89d3b,2026-07-15T08:45:00Z,2026-07-15T10:45:00+0200,191.75,EUR/MWh,FR,FR,imbalance_price,Short,2026-08-05T12:06:18Z
2026-08-05T12:02:33Z,2026-08-05T14:02:33+0200,a602df8b-e77d-453c-80cb-eeacd1e89d3b,2026-07-15T09:00:00Z,2026-07-15T11:00:00+0200,179.5,EUR/MWh,FR,FR,imbalance_price,Long,2026-08-05T12:06:18Z
2026-08-05T12:02:33Z,2026-08-05T14:02:33+0200,a602df8b-e77d-453c-80cb-eeacd1e89d3b,2026-07-15T09:00:00Z,2026-07-15T11:00:00+0200,196.42,EUR/MWh,FR,FR,imbalance_price,Short,2026-08-05T12:06:18Z
2026-08-05T12:02:33Z,2026-08-05T14:02:33+0200,a602df8b-e77d-453c-80cb-eeacd1e89d3b,2026-07-15T09:15:00Z,2026-07-15T11:15:00+0200,179.71,EUR/MWh,FR,FR,imbalance_price,Long,2026-08-05T12:06:18Z
2026-08-05T12:02:33Z,2026-08-05T14:02:33+0200,a602df8b-e77d-453c-80cb-eeacd1e89d3b,2026-07-15T09:15:00Z,2026-07-15T11:15:00+0200,196.65,EUR/MWh,FR,FR,imbalance_price,Short,2026-08-05T12:06:18Z
2026-08-05T12:02:33Z,2026-08-05T14:02:33+0200,a602df8b-e77d-453c-80cb-eeacd1e89d3b,2026-07-15T09:30:00Z,2026-07-15T11:30:00+0200,101.08,EUR/MWh,FR,FR,imbalance_price,Long,2026-08-05T12:06:18Z
2026-08-05T12:02:33Z,2026-08-05T14:02:33+0200,a602df8b-e77d-453c-80cb-eeacd1e89d3b,2026-07-15T09:30:00Z,2026-07-15T11:30:00+0200,110.6,EUR/MWh,FR,FR,imbalance_price,Short,2026-08-05T12:06:18Z
2026-08-05T12:02:33Z,2026-08-05T14:02:33+0200,a602df8b-e77d-453c-80cb-eeacd1e89d3b,2026-07-15T09:45:00Z,2026-07-15T11:45:00+0200,177.14,EUR/MWh,FR,FR,imbalance_price,Long,2026-08-05T12:06:18Z
2026-08-05T12:02:33Z,2026-08-05T14:02:33+0200,a602df8b-e77d-453c-80cb-eeacd1e89d3b,2026-07-15T09:45:00Z,2026-07-15T11:45:00+0200,193.84,EUR/MWh,FR,FR,imbalance_price,Short,2026-08-05T12:06:18Z
2026-08-05T12:02:33Z,2026-08-05T14:02:33+0200,a602df8b-e77d-453c-80cb-eeacd1e89d3b,2026-07-15T10:00:00Z,2026-07-15T12:00:00+0200,134.01,EUR/MWh,FR,FR,imbalance_price,Long,2026-08-05T12:06:18Z
2026-08-05T12:02:33Z,2026-08-05T14:02:33+0200,a602df8b-e77d-453c-80cb-eeacd1e89d3b,2026-07-15T10:00:00Z,2026-07-15T12:00:00+0200,146.63,EUR/MWh,FR,FR,imbalance_price,Short,2026-08-05T12:06:18Z
2026-08-05T12:02:33Z,2026-08-05T14:02:33+0200,a602df8b-e77d-453c-80cb-eeacd1e89d3b,2026-07-15T10:15:00Z,2026-07-15T12:15:00+0200,56.55,EUR/MWh,FR,FR,imbalance_price,Long,2026-08-05T12:06:18Z
2026-08-05T12:02:33Z,2026-08-05T14:02:33+0200,a602df8b-e77d-453c-80cb-eeacd1e89d3b,2026-07-15T10:15:00Z,2026-07-15T12:15:00+0200,61.87,EUR/MWh,FR,FR,imbalance_price,Short,2026-08-05T12:06:18Z
2026-08-05T12:02:33Z,2026-08-05T14:02:33+0200,a602df8b-e77d-453c-80cb-eeacd1e89d3b,2026-07-15T10:30:00Z,2026-07-15T12:30:00+0200,1.12,EUR/MWh,FR,FR,imbalance_price,Long,2026-08-05T12:06:18Z
2026-08-05T12:02:33Z,2026-08-05T14:02:33+0200,a602df8b-e77d-453c-80cb-eeacd1e89d3b,2026-07-15T10:30:00Z,2026-07-15T12:30:00+0200,1.22,EUR/MWh,FR,FR,imbalance_price,Short,2026-08-05T12:06:18Z
2026-08-05T12:02:33Z,2026-08-05T14:02:33+0200,a602df8b-e77d-453c-80cb-eeacd1e89d3b,2026-07-15T10:45:00Z,2026-07-15T12:45:00+0200,-274.67,EUR/MWh,FR,FR,imbalance_price,Long,2026-08-05T12:06:18Z
2026-08-05T12:02:33Z,2026-08-05T14:02:33+0200,a602df8b-e77d-453c-80cb-eeacd1e89d3b,2026-07-15T10:45:00Z,2026-07-15T12:45:00+0200,-251.01,EUR/MWh,FR,FR,imbalance_price,Short,2026-08-05T12:06:18Z
2026-08-05T12:02:33Z,2026-08-05T14:02:33+0200,a602df8b-e77d-453c-80cb-eeacd1e89d3b,2026-07-15T11:00:00Z,2026-07-15T13:00:00+0200,-210.99,EUR/MWh,FR,FR,imbalance_price,Long,2026-08-05T12:06:18Z
2026-08-05T12:02:33Z,2026-08-05T14:02:33+0200,a602df8b-e77d-453c-80cb-eeacd1e89d3b,2026-07-15T11:00:00Z,2026-07-15T13:00:00+0200,-192.81,EUR/MWh,FR,FR,imbalance_price,Short,2026-08-05T12:06:18Z
2026-08-05T12:02:33Z,2026-08-05T14:02:33+0200,a602df8b-e77d-453c-80cb-eeacd1e89d3b,2026-07-15T11:15:00Z,2026-07-15T13:15:00+0200,-207.29,EUR/MWh,FR,FR,imbalance_price,Long,2026-08-05T12:06:18Z
2026-08-05T12:02:33Z,2026-08-05T14:02:33+0200,a602df8b-e77d-453c-80cb-eeacd1e89d3b,2026-07-15T11:15:00Z,2026-07-15T13:15:00+0200,-189.43,EUR/MWh,FR,FR,imbalance_price,Short,2026-08-05T12:06:18Z
2026-08-05T12:02:33Z,2026-08-05T14:02:33+0200,a602df8b-e77d-453c-80cb-eeacd1e89d3b,2026-07-15T11:30:00Z,2026-07-15T13:30:00+0200,-113.4,EUR/MWh,FR,FR,imbalance_price,Long,2026-08-05T12:06:18Z
2026-08-05T12:02:33Z,2026-08-05T14:02:33+0200,a602df8b-e77d-453c-80cb-eeacd1e89d3b,2026-07-15T11:30:00Z,2026-07-15T13:30:00+0200,-103.64,EUR/MWh,FR,FR,imbalance_price,Short,2026-08-05T12:06:18Z
2026-08-05T12:02:33Z,2026-08-05T14:02:33+0200,a602df8b-e77d-453c-80cb-eeacd1e89d3b,2026-07-15T11:45:00Z,2026-07-15T13:45:00+0200,-147.67,EUR/MWh,FR,FR,imbalance_price,Long,2026-08-05T12:06:18Z
2026-08-05T12:02:33Z,2026-08-05T14:02:33+0200,a602df8b-e77d-453c-80cb-eeacd1e89d3b,2026-07-15T11:45:00Z,2026-07-15T13:45:00+0200,-134.95,EUR/MWh,FR,FR,imbalance_price,Short,2026-08-05T12:06:18Z
2026-08-05T12:02:33Z,2026-08-05T14:02:33+0200,a602df8b-e77d-453c-80cb-eeacd1e89d3b,2026-07-15T12:00:00Z,2026-07-15T14:00:00+0200,-1.69,EUR/MWh,FR,FR,imbalance_price,Long,2026-08-05T12:06:18Z
2026-08-05T12:02:33Z,2026-08-05T14:02:33+0200,a602df8b-e77d-453c-80cb-eeacd1e89d3b,2026-07-15T12:00:00Z,2026-07-15T14:00:00+0200,-1.55,EUR/MWh,FR,FR,imbalance_price,Short,2026-08-05T12:06:18Z
2026-08-05T12:02:33Z,2026-08-05T14:02:33+0200,a602df8b-e77d-453c-80cb-eeacd1e89d3b,2026-07-15T12:15:00Z,2026-07-15T14:15:00+0200,-208.12,EUR/MWh,FR,FR,imbalance_price,Long,2026-08-05T12:06:18Z
2026-08-05T12:02:33Z,2026-08-05T14:02:33+0200,a602df8b-e77d-453c-80cb-eeacd1e89d3b,2026-07-15T12:15:00Z,2026-07-15T14:15:00+0200,-190.2,EUR/MWh,FR,FR,imbalance_price,Short,2026-08-05T12:06:18Z
2026-08-05T12:02:33Z,2026-08-05T14:02:33+0200,a602df8b-e77d-453c-80cb-eeacd1e89d3b,2026-07-15T12:30:00Z,2026-07-15T14:30:00+0200,148.67,EUR/MWh,FR,FR,imbalance_price,Long,2026-08-05T12:06:18Z
2026-08-05T12:02:33Z,2026-08-05T14:02:33+0200,a602df8b-e77d-453c-80cb-eeacd1e89d3b,2026-07-15T12:30:00Z,2026-07-15T14:30:00+0200,162.69,EUR/MWh,FR,FR,imbalance_price,Short,2026-08-05T12:06:18Z
2026-08-05T12:02:33Z,2026-08-05T14:02:33+0200,a602df8b-e77d-453c-80cb-eeacd1e89d3b,2026-07-15T12:45:00Z,2026-07-15T14:45:00+0200,114.76,EUR/MWh,FR,FR,imbalance_price,Long,2026-08-05T12:06:18Z
2026-08-05T12:02:33Z,2026-08-05T14:02:33+0200,a602df8b-e77d-453c-80cb-eeacd1e89d3b,2026-07-15T12:45:00Z,2026-07-15T14:45:00+0200,125.58,EUR/MWh,FR,FR,imbalance_price,Short,2026-08-05T12:06:18Z
2026-08-05T12:02:33Z,2026-08-05T14:02:33+0200,a602df8b-e77d-453c-80cb-eeacd1e89d3b,2026-07-15T13:00:00Z,2026-07-15T15:00:00+0200,168.45,EUR/MWh,FR,FR,imbalance_price,Long,2026-08-05T12:06:18Z
2026-08-05T12:02:33Z,2026-08-05T14:02:33+0200,a602df8b-e77d-453c-80cb-eeacd1e89d3b,2026-07-15T13:00:00Z,2026-07-15T15:00:00+0200,184.33,EUR/MWh,FR,FR,imbalance_price,Short,2026-08-05T12:06:18Z
2026-08-05T12:02:33Z,2026-08-05T14:02:33+0200,a602df8b-e77d-453c-80cb-eeacd1e89d3b,2026-07-15T13:15:00Z,2026-07-15T15:15:00+0200,130.57,EUR/MWh,FR,FR,imbalance_price,Long,2026-08-05T12:06:18Z
2026-08-05T12:02:33Z,2026-08-05T14:02:33+0200,a602df8b-e77d-453c-80cb-eeacd1e89d3b,2026-07-15T13:15:00Z,2026-07-15T15:15:00+0200,142.87,EUR/MWh,FR,FR,imbalance_price,Short,2026-08-05T12:06:18Z
2026-08-05T12:02:33Z,2026-08-05T14:02:33+0200,a602df8b-e77d-453c-80cb-eeacd1e89d3b,2026-07-15T13:30:00Z,2026-07-15T15:30:00+0200,166.31,EUR/MWh,FR,FR,imbalance_price,Long,2026-08-05T12:06:18Z
2026-08-05T12:02:33Z,2026-08-05T14:02:33+0200,a602df8b-e77d-453c-80cb-eeacd1e89d3b,2026-07-15T13:30:00Z,2026-07-15T15:30:00+0200,181.99,EUR/MWh,FR,FR,imbalance_price,Short,2026-08-05T12:06:18Z
2026-08-05T12:02:33Z,2026-08-05T14:02:33+0200,a602df8b-e77d-453c-80cb-eeacd1e89d3b,2026-07-15T13:45:00Z,2026-07-15T15:45:00+0200,155.39,EUR/MWh,FR,FR,imbalance_price,Long,2026-08-05T12:06:18Z
2026-08-05T12:02:33Z,2026-08-05T14:02:33+0200,a602df8b-e77d-453c-80cb-eeacd1e89d3b,2026-07-15T13:45:00Z,2026-07-15T15:45:00+0200,170.03,EUR/MWh,FR,FR,imbalance_price,Short,2026-08-05T12:06:18Z
2026-08-05T12:02:33Z,2026-08-05T14:02:33+0200,a602df8b-e77d-453c-80cb-eeacd1e89d3b,2026-07-15T14:00:00Z,2026-07-15T16:00:00+0200,115.38,EUR/MWh,FR,FR,imbalance_price,Long,2026-08-05T12:06:18Z
2026-08-05T12:02:33Z,2026-08-05T14:02:33+0200,a602df8b-e77d-453c-80cb-eeacd1e89d3b,2026-07-15T14:00:00Z,2026-07-15T16:00:00+0200,126.26,EUR/MWh,FR,FR,imbalance_price,Short,2026-08-05T12:06:18Z
2026-08-05T12:02:33Z,2026-08-05T14:02:33+0200,a602df8b-e77d-453c-80cb-eeacd1e89d3b,2026-07-15T14:15:00Z,2026-07-15T16:15:00+0200,161.87,EUR/MWh,FR,FR,imbalance_price,Long,2026-08-05T12:06:18Z
2026-08-05T12:02:33Z,2026-08-05T14:02:33+0200,a602df8b-e77d-453c-80cb-eeacd1e89d3b,2026-07-15T14:15:00Z,2026-07-15T16:15:00+0200,177.13,EUR/MWh,FR,FR,imbalance_price,Short,2026-08-05T12:06:18Z
2026-08-05T12:02:33Z,2026-08-05T14:02:33+0200,a602df8b-e77d-453c-80cb-eeacd1e89d3b,2026-07-15T14:30:00Z,2026-07-15T16:30:00+0200,106.61,EUR/MWh,FR,FR,imbalance_price,Long,2026-08-05T12:06:18Z
2026-08-05T12:02:33Z,2026-08-05T14:02:33+0200,a602df8b-e77d-453c-80cb-eeacd1e89d3b,2026-07-15T14:30:00Z,2026-07-15T16:30:00+0200,116.65,EUR/MWh,FR,FR,imbalance_price,Short,2026-08-05T12:06:18Z
2026-08-05T12:02:33Z,2026-08-05T14:02:33+0200,a602df8b-e77d-453c-80cb-eeacd1e89d3b,2026-07-15T14:45:00Z,2026-07-15T16:45:00+0200,65.52,EUR/MWh,FR,FR,imbalance_price,Long,2026-08-05T12:06:18Z
2026-08-05T12:02:33Z,2026-08-05T14:02:33+0200,a602df8b-e77d-453c-80cb-eeacd1e89d3b,2026-07-15T14:45:00Z,2026-07-15T16:45:00+0200,71.7,EUR/MWh,FR,FR,imbalance_price,Short,2026-08-05T12:06:18Z
2026-08-05T12:02:33Z,2026-08-05T14:02:33+0200,a602df8b-e77d-453c-80cb-eeacd1e89d3b,2026-07-15T15:00:00Z,2026-07-15T17:00:00+0200,110.98,EUR/MWh,FR,FR,imbalance_price,Long,2026-08-05T12:06:18Z
2026-08-05T12:02:33Z,2026-08-05T14:02:33+0200,a602df8b-e77d-453c-80cb-eeacd1e89d3b,2026-07-15T15:00:00Z,2026-07-15T17:00:00+0200,121.44,EUR/MWh,FR,FR,imbalance_price,Short,2026-08-05T12:06:18Z
2026-08-05T12:02:33Z,2026-08-05T14:02:33+0200,a602df8b-e77d-453c-80cb-eeacd1e89d3b,2026-07-15T15:15:00Z,2026-07-15T17:15:00+0200,98.79,EUR/MWh,FR,FR,imbalance_price,Long,2026-08-05T12:06:18Z
2026-08-05T12:02:33Z,2026-08-05T14:02:33+0200,a602df8b-e77d-453c-80cb-eeacd1e89d3b,2026-07-15T15:15:00Z,2026-07-15T17:15:00+0200,108.09,EUR/MWh,FR,FR,imbalance_price,Short,2026-08-05T12:06:18Z
2026-08-05T12:02:33Z,2026-08-05T14:02:33+0200,a602df8b-e77d-453c-80cb-eeacd1e89d3b,2026-07-15T15:30:00Z,2026-07-15T17:30:00+0200,106.01,EUR/MWh,FR,FR,imbalance_price,Long,2026-08-05T12:06:18Z
2026-08-05T12:02:33Z,2026-08-05T14:02:33+0200,a602df8b-e77d-453c-80cb-eeacd1e89d3b,2026-07-15T15:30:00Z,2026-07-15T17:30:00+0200,116.0,EUR/MWh,FR,FR,imbalance_price,Short,2026-08-05T12:06:18Z
2026-08-05T12:02:33Z,2026-08-05T14:02:33+0200,a602df8b-e77d-453c-80cb-eeacd1e89d3b,2026-07-15T15:45:00Z,2026-07-15T17:45:00+0200,144.41,EUR/MWh,FR,FR,imbalance_price,Long,2026-08-05T12:06:18Z
2026-08-05T12:02:33Z,2026-08-05T14:02:33+0200,a602df8b-e77d-453c-80cb-eeacd1e89d3b,2026-07-15T15:45:00Z,2026-07-15T17:45:00+0200,158.01,EUR/MWh,FR,FR,imbalance_price,Short,2026-08-05T12:06:18Z
2026-08-05T12:02:33Z,2026-08-05T14:02:33+0200,a602df8b-e77d-453c-80cb-eeacd1e89d3b,2026-07-15T16:00:00Z,2026-07-15T18:00:00+0200,25.86,EUR/MWh,FR,FR,imbalance_price,Long,2026-08-05T12:06:18Z
2026-08-05T12:02:33Z,2026-08-05T14:02:33+0200,a602df8b-e77d-453c-80cb-eeacd1e89d3b,2026-07-15T16:00:00Z,2026-07-15T18:00:00+0200,28.3,EUR/MWh,FR,FR,imbalance_price,Short,2026-08-05T12:06:18Z
2026-08-05T12:02:33Z,2026-08-05T14:02:33+0200,a602df8b-e77d-453c-80cb-eeacd1e89d3b,2026-07-15T16:15:00Z,2026-07-15T18:15:00+0200,83.42,EUR/MWh,FR,FR,imbalance_price,Long,2026-08-05T12:06:18Z
2026-08-05T12:02:33Z,2026-08-05T14:02:33+0200,a602df8b-e77d-453c-80cb-eeacd1e89d3b,2026-07-15T16:15:00Z,2026-07-15T18:15:00+0200,91.28,EUR/MWh,FR,FR,imbalance_price,Short,2026-08-05T12:06:18Z
2026-08-05T12:02:33Z,2026-08-05T14:02:33+0200,a602df8b-e77d-453c-80cb-eeacd1e89d3b,2026-07-15T16:30:00Z,2026-07-15T18:30:00+0200,140.12,EUR/MWh,FR,FR,imbalance_price,Long,2026-08-05T12:06:18Z
2026-08-05T12:02:33Z,2026-08-05T14:02:33+0200,a602df8b-e77d-453c-80cb-eeacd1e89d3b,2026-07-15T16:30:00Z,2026-07-15T18:30:00+0200,153.32,EUR/MWh,FR,FR,imbalance_price,Short,2026-08-05T12:06:18Z
2026-08-05T12:02:33Z,2026-08-05T14:02:33+0200,a602df8b-e77d-453c-80cb-eeacd1e89d3b,2026-07-15T16:45:00Z,2026-07-15T18:45:00+0200,113.14,EUR/MWh,FR,FR,imbalance_price,Long,2026-08-05T12:06:18Z
2026-08-05T12:02:33Z,2026-08-05T14:02:33+0200,a602df8b-e77d-453c-80cb-eeacd1e89d3b,2026-07-15T16:45:00Z,2026-07-15T18:45:00+0200,123.8,EUR/MWh,FR,FR,imbalance_price,Short,2026-08-05T12:06:18Z
2026-08-05T12:02:33Z,2026-08-05T14:02:33+0200,a602df8b-e77d-453c-80cb-eeacd1e89d3b,2026-07-15T17:00:00Z,2026-07-15T19:00:00+0200,104.48,EUR/MWh,FR,FR,imbalance_price,Long,2026-08-05T12:06:18Z
2026-08-05T12:02:33Z,2026-08-05T14:02:33+0200,a602df8b-e77d-453c-80cb-eeacd1e89d3b,2026-07-15T17:00:00Z,2026-07-15T19:00:00+0200,114.32,EUR/MWh,FR,FR,imbalance_price,Short,2026-08-05T12:06:18Z
2026-08-05T12:02:33Z,2026-08-05T14:02:33+0200,a602df8b-e77d-453c-80cb-eeacd1e89d3b,2026-07-15T17:15:00Z,2026-07-15T19:15:00+0200,105.19,EUR/MWh,FR,FR,imbalance_price,Long,2026-08-05T12:06:18Z
2026-08-05T12:02:33Z,2026-08-05T14:02:33+0200,a602df8b-e77d-453c-80cb-eeacd1e89d3b,2026-07-15T17:15:00Z,2026-07-15T19:15:00+0200,115.11,EUR/MWh,FR,FR,imbalance_price,Short,2026-08-05T12:06:18Z
2026-08-05T12:02:33Z,2026-08-05T14:02:33+0200,a602df8b-e77d-453c-80cb-eeacd1e89d3b,2026-07-15T17:30:00Z,2026-07-15T19:30:00+0200,111.29,EUR/MWh,FR,FR,imbalance_price,Long,2026-08-05T12:06:18Z
2026-08-05T12:02:33Z,2026-08-05T14:02:33+0200,a602df8b-e77d-453c-80cb-eeacd1e89d3b,2026-07-15T17:30:00Z,2026-07-15T19:30:00+0200,121.77,EUR/MWh,FR,FR,imbalance_price,Short,2026-08-05T12:06:18Z
2026-08-05T12:02:33Z,2026-08-05T14:02:33+0200,a602df8b-e77d-453c-80cb-eeacd1e89d3b,2026-07-15T17:45:00Z,2026-07-15T19:45:00+0200,103.74,EUR/MWh,FR,FR,imbalance_price,Long,2026-08-05T12:06:18Z
2026-08-05T12:02:33Z,2026-08-05T14:02:33+0200,a602df8b-e77d-453c-80cb-eeacd1e89d3b,2026-07-15T17:45:00Z,2026-07-15T19:45:00+0200,113.52,EUR/MWh,FR,FR,imbalance_price,Short,2026-08-05T12:06:18Z
2026-08-05T12:02:33Z,2026-08-05T14:02:33+0200,a602df8b-e77d-453c-80cb-eeacd1e89d3b,2026-07-15T18:00:00Z,2026-07-15T20:00:00+0200,354.35,EUR/MWh,FR,FR,imbalance_price,Long,2026-08-05T12:06:18Z
2026-08-05T12:02:33Z,2026-08-05T14:02:33+0200,a602df8b-e77d-453c-80cb-eeacd1e89d3b,2026-07-15T18:00:00Z,2026-07-15T20:00:00+0200,387.75,EUR/MWh,FR,FR,imbalance_price,Short,2026-08-05T12:06:18Z
2026-08-05T12:02:33Z,2026-08-05T14:02:33+0200,a602df8b-e77d-453c-80cb-eeacd1e89d3b,2026-07-15T18:15:00Z,2026-07-15T20:15:00+0200,263.49,EUR/MWh,FR,FR,imbalance_price,Long,2026-08-05T12:06:18Z
2026-08-05T12:02:33Z,2026-08-05T14:02:33+0200,a602df8b-e77d-453c-80cb-eeacd1e89d3b,2026-07-15T18:15:00Z,2026-07-15T20:15:00+0200,288.33,EUR/MWh,FR,FR,imbalance_price,Short,2026-08-05T12:06:18Z
2026-08-05T12:02:33Z,2026-08-05T14:02:33+0200,a602df8b-e77d-453c-80cb-eeacd1e89d3b,2026-07-15T18:30:00Z,2026-07-15T20:30:00+0200,249.97,EUR/MWh,FR,FR,imbalance_price,Long,2026-08-05T12:06:18Z
2026-08-05T12:02:33Z,2026-08-05T14:02:33+0200,a602df8b-e77d-453c-80cb-eeacd1e89d3b,2026-07-15T18:30:00Z,2026-07-15T20:30:00+0200,273.53,EUR/MWh,FR,FR,imbalance_price,Short,2026-08-05T12:06:18Z
2026-08-05T12:02:33Z,2026-08-05T14:02:33+0200,a602df8b-e77d-453c-80cb-eeacd1e89d3b,2026-07-15T18:45:00Z,2026-07-15T20:45:00+0200,260.7,EUR/MWh,FR,FR,imbalance_price,Long,2026-08-05T12:06:18Z
2026-08-05T12:02:33Z,2026-08-05T14:02:33+0200,a602df8b-e77d-453c-80cb-eeacd1e89d3b,2026-07-15T18:45:00Z,2026-07-15T20:45:00+0200,285.26,EUR/MWh,FR,FR,imbalance_price,Short,2026-08-05T12:06:18Z
2026-08-05T12:02:33Z,2026-08-05T14:02:33+0200,a602df8b-e77d-453c-80cb-eeacd1e89d3b,2026-07-15T19:00:00Z,2026-07-15T21:00:00+0200,518.18,EUR/MWh,FR,FR,imbalance_price,Long,2026-08-05T12:06:18Z
2026-08-05T12:02:33Z,2026-08-05T14:02:33+0200,a602df8b-e77d-453c-80cb-eeacd1e89d3b,2026-07-15T19:00:00Z,2026-07-15T21:00:00+0200,567.02,EUR/MWh,FR,FR,imbalance_price,Short,2026-08-05T12:06:18Z
2026-08-05T12:02:33Z,2026-08-05T14:02:33+0200,a602df8b-e77d-453c-80cb-eeacd1e89d3b,2026-07-15T19:15:00Z,2026-07-15T21:15:00+0200,198.84,EUR/MWh,FR,FR,imbalance_price,Long,2026-08-05T12:06:18Z
2026-08-05T12:02:33Z,2026-08-05T14:02:33+0200,a602df8b-e77d-453c-80cb-eeacd1e89d3b,2026-07-15T19:15:00Z,2026-07-15T21:15:00+0200,217.58,EUR/MWh,FR,FR,imbalance_price,Short,2026-08-05T12:06:18Z
2026-08-05T12:02:33Z,2026-08-05T14:02:33+0200,a602df8b-e77d-453c-80cb-eeacd1e89d3b,2026-07-15T19:30:00Z,2026-07-15T21:30:00+0200,271.36,EUR/MWh,FR,FR,imbalance_price,Long,2026-08-05T12:06:18Z
2026-08-05T12:02:33Z,2026-08-05T14:02:33+0200,a602df8b-e77d-453c-80cb-eeacd1e89d3b,2026-07-15T19:30:00Z,2026-07-15T21:30:00+0200,296.94,EUR/MWh,FR,FR,imbalance_price,Short,2026-08-05T12:06:18Z
2026-08-05T12:02:33Z,2026-08-05T14:02:33+0200,a602df8b-e77d-453c-80cb-eeacd1e89d3b,2026-07-15T19:45:00Z,2026-07-15T21:45:00+0200,286.22,EUR/MWh,FR,FR,imbalance_price,Long,2026-08-05T12:06:18Z
2026-08-05T12:02:33Z,2026-08-05T14:02:33+0200,a602df8b-e77d-453c-80cb-eeacd1e89d3b,2026-07-15T19:45:00Z,2026-07-15T21:45:00+0200,313.2,EUR/MWh,FR,FR,imbalance_price,Short,2026-08-05T12:06:18Z
2026-08-05T12:02:33Z,2026-08-05T14:02:33+0200,a602df8b-e77d-453c-80cb-eeacd1e89d3b,2026-07-15T20:00:00Z,2026-07-15T22:00:00+0200,254.06,EUR/MWh,FR,FR,imbalance_price,Long,2026-08-05T12:06:18Z
2026-08-05T12:02:33Z,2026-08-05T14:02:33+0200,a602df8b-e77d-453c-80cb-eeacd1e89d3b,2026-07-15T20:00:00Z,2026-07-15T22:00:00+0200,278.0,EUR/MWh,FR,FR,imbalance_price,Short,2026-08-05T12:06:18Z
2026-08-05T12:02:33Z,2026-08-05T14:02:33+0200,a602df8b-e77d-453c-80cb-eeacd1e89d3b,2026-07-15T20:15:00Z,2026-07-15T22:15:00+0200,264.31,EUR/MWh,FR,FR,imbalance_price,Long,2026-08-05T12:06:18Z
2026-08-05T12:02:33Z,2026-08-05T14:02:33+0200,a602df8b-e77d-453c-80cb-eeacd1e89d3b,2026-07-15T20:15:00Z,2026-07-15T22:15:00+0200,289.21,EUR/MWh,FR,FR,imbalance_price,Short,2026-08-05T12:06:18Z
2026-08-05T12:02:33Z,2026-08-05T14:02:33+0200,a602df8b-e77d-453c-80cb-eeacd1e89d3b,2026-07-15T20:30:00Z,2026-07-15T22:30:00+0200,111.97,EUR/MWh,FR,FR,imbalance_price,Long,2026-08-05T12:06:18Z
2026-08-05T12:02:33Z,2026-08-05T14:02:33+0200,a602df8b-e77d-453c-80cb-eeacd1e89d3b,2026-07-15T20:30:00Z,2026-07-15T22:30:00+0200,122.53,EUR/MWh,FR,FR,imbalance_price,Short,2026-08-05T12:06:18Z
2026-08-05T12:02:33Z,2026-08-05T14:02:33+0200,a602df8b-e77d-453c-80cb-eeacd1e89d3b,2026-07-15T20:45:00Z,2026-07-15T22:45:00+0200,-136.22,EUR/MWh,FR,FR,imbalance_price,Long,2026-08-05T12:06:18Z
2026-08-05T12:02:33Z,2026-08-05T14:02:33+0200,a602df8b-e77d-453c-80cb-eeacd1e89d3b,2026-07-15T20:45:00Z,2026-07-15T22:45:00+0200,-124.48,EUR/MWh,FR,FR,imbalance_price,Short,2026-08-05T12:06:18Z
2026-08-05T12:02:33Z,2026-08-05T14:02:33+0200,a602df8b-e77d-453c-80cb-eeacd1e89d3b,2026-07-15T21:00:00Z,2026-07-15T23:00:00+0200,98.79,EUR/MWh,FR,FR,imbalance_price,Long,2026-08-05T12:06:18Z
2026-08-05T12:02:33Z,2026-08-05T14:02:33+0200,a602df8b-e77d-453c-80cb-eeacd1e89d3b,2026-07-15T21:00:00Z,2026-07-15T23:00:00+0200,108.11,EUR/MWh,FR,FR,imbalance_price,Short,2026-08-05T12:06:18Z
2026-08-05T12:02:33Z,2026-08-05T14:02:33+0200,a602df8b-e77d-453c-80cb-eeacd1e89d3b,2026-07-15T21:15:00Z,2026-07-15T23:15:00+0200,133.78,EUR/MWh,FR,FR,imbalance_price,Long,2026-08-05T12:06:18Z
2026-08-05T12:02:33Z,2026-08-05T14:02:33+0200,a602df8b-e77d-453c-80cb-eeacd1e89d3b,2026-07-15T21:15:00Z,2026-07-15T23:15:00+0200,146.38,EUR/MWh,FR,FR,imbalance_price,Short,2026-08-05T12:06:18Z
2026-08-05T12:02:33Z,2026-08-05T14:02:33+0200,a602df8b-e77d-453c-80cb-eeacd1e89d3b,2026-07-15T21:30:00Z,2026-07-15T23:30:00+0200,125.73,EUR/MWh,FR,FR,imbalance_price,Long,2026-08-05T12:06:18Z
2026-08-05T12:02:33Z,2026-08-05T14:02:33+0200,a602df8b-e77d-453c-80cb-eeacd1e89d3b,2026-07-15T21:30:00Z,2026-07-15T23:30:00+0200,137.57,EUR/MWh,FR,FR,imbalance_price,Short,2026-08-05T12:06:18Z
2026-08-05T12:02:33Z,2026-08-05T14:02:33+0200,a602df8b-e77d-453c-80cb-eeacd1e89d3b,2026-07-15T21:45:00Z,2026-07-15T23:45:00+0200,-94.1,EUR/MWh,FR,FR,imbalance_price,Long,2026-08-05T12:06:18Z
2026-08-05T12:02:33Z,2026-08-05T14:02:33+0200,a602df8b-e77d-453c-80cb-eeacd1e89d3b,2026-07-15T21:45:00Z,2026-07-15T23:45:00+0200,-86.0,EUR/MWh,FR,FR,imbalance_price,Short,2026-08-05T12:06:18Z
2026-08-05T12:02:33Z,2026-08-05T14:02:33+0200,a602df8b-e77d-453c-80cb-eeacd1e89d3b,2026-07-15T22:00:00Z,2026-07-16T00:00:00+0200,114.62,EUR/MWh,FR,FR,imbalance_price,Long,2026-08-05T12:06:18Z
2026-08-05T12:02:33Z,2026-08-05T14:02:33+0200,a602df8b-e77d-453c-80cb-eeacd1e89d3b,2026-07-15T22:00:00Z,2026-07-16T00:00:00+0200,125.42,EUR/MWh,FR,FR,imbalance_price,Short,2026-08-05T12:06:18Z
2026-08-05T12:02:33Z,2026-08-05T14:02:33+0200,a602df8b-e77d-453c-80cb-eeacd1e89d3b,2026-07-15T22:15:00Z,2026-07-16T00:15:00+0200,126.96,EUR/MWh,FR,FR,imbalance_price,Long,2026-08-05T12:06:18Z
2026-08-05T12:02:33Z,2026-08-05T14:02:33+0200,a602df8b-e77d-453c-80cb-eeacd1e89d3b,2026-07-15T22:15:00Z,2026-07-16T00:15:00+0200,138.92,EUR/MWh,FR,FR,imbalance_price,Short,2026-08-05T12:06:18Z
2026-08-05T12:02:33Z,2026-08-05T14:02:33+0200,a602df8b-e77d-453c-80cb-eeacd1e89d3b,2026-07-15T22:30:00Z,2026-07-16T00:30:00+0200,115.11,EUR/MWh,FR,FR,imbalance_price,Long,2026-08-05T12:06:18Z
2026-08-05T12:02:33Z,2026-08-05T14:02:33+0200,a602df8b-e77d-453c-80cb-eeacd1e89d3b,2026-07-15T22:30:00Z,2026-07-16T00:30:00+0200,125.95,EUR/MWh,FR,FR,imbalance_price,Short,2026-08-05T12:06:18Z
2026-08-05T12:02:33Z,2026-08-05T14:02:33+0200,a602df8b-e77d-453c-80cb-eeacd1e89d3b,2026-07-15T22:45:00Z,2026-07-16T00:45:00+0200,100.76,EUR/MWh,FR,FR,imbalance_price,Long,2026-08-05T12:06:18Z
2026-08-05T12:02:33Z,2026-08-05T14:02:33+0200,a602df8b-e77d-453c-80cb-eeacd1e89d3b,2026-07-15T22:45:00Z,2026-07-16T00:45:00+0200,110.26,EUR/MWh,FR,FR,imbalance_price,Short,2026-08-05T12:06:18Z
2026-08-05T12:02:33Z,2026-08-05T14:02:33+0200,a602df8b-e77d-453c-80cb-eeacd1e89d3b,2026-07-15T23:00:00Z,2026-07-16T01:00:00+0200,108.26,EUR/MWh,FR,FR,imbalance_price,Long,2026-08-05T12:06:18Z
2026-08-05T12:02:33Z,2026-08-05T14:02:33+0200,a602df8b-e77d-453c-80cb-eeacd1e89d3b,2026-07-15T23:00:00Z,2026-07-16T01:00:00+0200,118.46,EUR/MWh,FR,FR,imbalance_price,Short,2026-08-05T12:06:18Z
2026-08-05T12:02:33Z,2026-08-05T14:02:33+0200,a602df8b-e77d-453c-80cb-eeacd1e89d3b,2026-07-15T23:15:00Z,2026-07-16T01:15:00+0200,125.5,EUR/MWh,FR,FR,imbalance_price,Long,2026-08-05T12:06:18Z
2026-08-05T12:02:33Z,2026-08-05T14:02:33+0200,a602df8b-e77d-453c-80cb-eeacd1e89d3b,2026-07-15T23:15:00Z,2026-07-16T01:15:00+0200,137.32,EUR/MWh,FR,FR,imbalance_price,Short,2026-08-05T12:06:18Z
2026-08-05T12:02:33Z,2026-08-05T14:02:33+0200,a602df8b-e77d-453c-80cb-eeacd1e89d3b,2026-07-15T23:30:00Z,2026-07-16T01:30:00+0200,133.57,EUR/MWh,FR,FR,imbalance_price,Long,2026-08-05T12:06:18Z
2026-08-05T12:02:33Z,2026-08-05T14:02:33+0200,a602df8b-e77d-453c-80cb-eeacd1e89d3b,2026-07-15T23:30:00Z,2026-07-16T01:30:00+0200,146.15,EUR/MWh,FR,FR,imbalance_price,Short,2026-08-05T12:06:18Z
2026-08-05T12:02:33Z,2026-08-05T14:02:33+0200,a602df8b-e77d-453c-80cb-eeacd1e89d3b,2026-07-15T23:45:00Z,2026-07-16T01:45:00+0200,136.01,EUR/MWh,FR,FR,imbalance_price,Long,2026-08-05T12:06:18Z
2026-08-05T12:02:33Z,2026-08-05T14:02:33+0200,a602df8b-e77d-453c-80cb-eeacd1e89d3b,2026-07-15T23:45:00Z,2026-07-16T01:45:00+0200,148.83,EUR/MWh,FR,FR,imbalance_price,Short,2026-08-05T12:06:18Z
2026-08-05T12:02:33Z,2026-08-05T14:02:33+0200,a602df8b-e77d-453c-80cb-eeacd1e89d3b,2026-07-16T00:00:00Z,2026-07-16T02:00:00+0200,156.89,EUR/MWh,FR,FR,imbalance_price,Long,2026-08-05T12:06:18Z
2026-08-05T12:02:33Z,2026-08-05T14:02:33+0200,a602df8b-e77d-453c-80cb-eeacd1e89d3b,2026-07-16T00:00:00Z,2026-07-16T02:00:00+0200,171.67,EUR/MWh,FR,FR,imbalance_price,Short,2026-08-05T12:06:18Z
2026-08-05T12:02:33Z,2026-08-05T14:02:33+0200,a602df8b-e77d-453c-80cb-eeacd1e89d3b,2026-07-16T00:15:00Z,2026-07-16T02:15:00+0200,147.15,EUR/MWh,FR,FR,imbalance_price,Long,2026-08-05T12:06:18Z
2026-08-05T12:02:33Z,2026-08-05T14:02:33+0200,a602df8b-e77d-453c-80cb-eeacd1e89d3b,2026-07-16T00:15:00Z,2026-07-16T02:15:00+0200,161.01,EUR/MWh,FR,FR,imbalance_price,Short,2026-08-05T12:06:18Z
2026-08-05T12:02:33Z,2026-08-05T14:02:33+0200,a602df8b-e77d-453c-80cb-eeacd1e89d3b,2026-07-16T00:30:00Z,2026-07-16T02:30:00+0200,113.04,EUR/MWh,FR,FR,imbalance_price,Long,2026-08-05T12:06:18Z
2026-08-05T12:02:33Z,2026-08-05T14:02:33+0200,a602df8b-e77d-453c-80cb-eeacd1e89d3b,2026-07-16T00:30:00Z,2026-07-16T02:30:00+0200,123.7,EUR/MWh,FR,FR,imbalance_price,Short,2026-08-05T12:06:18Z
2026-08-05T12:02:33Z,2026-08-05T14:02:33+0200,a602df8b-e77d-453c-80cb-eeacd1e89d3b,2026-07-16T00:45:00Z,2026-07-16T02:45:00+0200,106.83,EUR/MWh,FR,FR,imbalance_price,Long,2026-08-05T12:06:18Z
2026-08-05T12:02:33Z,2026-08-05T14:02:33+0200,a602df8b-e77d-453c-80cb-eeacd1e89d3b,2026-07-16T00:45:00Z,2026-07-16T02:45:00+0200,116.89,EUR/MWh,FR,FR,imbalance_price,Short,2026-08-05T12:06:18Z
2026-08-05T12:02:33Z,2026-08-05T14:02:33+0200,a602df8b-e77d-453c-80cb-eeacd1e89d3b,2026-07-16T01:00:00Z,2026-07-16T03:00:00+0200,137.63,EUR/MWh,FR,FR,imbalance_price,Long,2026-08-05T12:06:18Z
2026-08-05T12:02:33Z,2026-08-05T14:02:33+0200,a602df8b-e77d-453c-80cb-eeacd1e89d3b,2026-07-16T01:00:00Z,2026-07-16T03:00:00+0200,150.61,EUR/MWh,FR,FR,imbalance_price,Short,2026-08-05T12:06:18Z
2026-08-05T12:02:33Z,2026-08-05T14:02:33+0200,a602df8b-e77d-453c-80cb-eeacd1e89d3b,2026-07-16T01:15:00Z,2026-07-16T03:15:00+0200,145.68,EUR/MWh,FR,FR,imbalance_price,Long,2026-08-05T12:06:18Z
2026-08-05T12:02:33Z,2026-08-05T14:02:33+0200,a602df8b-e77d-453c-80cb-eeacd1e89d3b,2026-07-16T01:15:00Z,2026-07-16T03:15:00+0200,159.4,EUR/MWh,FR,FR,imbalance_price,Short,2026-08-05T12:06:18Z
2026-08-05T12:02:33Z,2026-08-05T14:02:33+0200,a602df8b-e77d-453c-80cb-eeacd1e89d3b,2026-07-16T01:30:00Z,2026-07-16T03:30:00+0200,158.97,EUR/MWh,FR,FR,imbalance_price,Long,2026-08-05T12:06:18Z
2026-08-05T12:02:33Z,2026-08-05T14:02:33+0200,a602df8b-e77d-453c-80cb-eeacd1e89d3b,2026-07-16T01:30:00Z,2026-07-16T03:30:00+0200,173.95,EUR/MWh,FR,FR,imbalance_price,Short,2026-08-05T12:06:18Z
2026-08-05T12:02:33Z,2026-08-05T14:02:33+0200,a602df8b-e77d-453c-80cb-eeacd1e89d3b,2026-07-16T01:45:00Z,2026-07-16T03:45:00+0200,171.52,EUR/MWh,FR,FR,imbalance_price,Long,2026-08-05T12:06:18Z
2026-08-05T12:02:33Z,2026-08-05T14:02:33+0200,a602df8b-e77d-453c-80cb-eeacd1e89d3b,2026-07-16T01:45:00Z,2026-07-16T03:45:00+0200,187.68,EUR/MWh,FR,FR,imbalance_price,Short,2026-08-05T12:06:18Z
2026-08-05T12:02:33Z,2026-08-05T14:02:33+0200,a602df8b-e77d-453c-80cb-eeacd1e89d3b,2026-07-16T02:00:00Z,2026-07-16T04:00:00+0200,162.76,EUR/MWh,FR,FR,imbalance_price,Long,2026-08-05T12:06:18Z
2026-08-05T12:02:33Z,2026-08-05T14:02:33+0200,a602df8b-e77d-453c-80cb-eeacd1e89d3b,2026-07-16T02:00:00Z,2026-07-16T04:00:00+0200,178.1,EUR/MWh,FR,FR,imbalance_price,Short,2026-08-05T12:06:18Z
2026-08-05T12:02:33Z,2026-08-05T14:02:33+0200,a602df8b-e77d-453c-80cb-eeacd1e89d3b,2026-07-16T02:15:00Z,2026-07-16T04:15:00+0200,149.0,EUR/MWh,FR,FR,imbalance_price,Long,2026-08-05T12:06:18Z
2026-08-05T12:02:33Z,2026-08-05T14:02:33+0200,a602df8b-e77d-453c-80cb-eeacd1e89d3b,2026-07-16T02:15:00Z,2026-07-16T04:15:00+0200,163.04,EUR/MWh,FR,FR,imbalance_price,Short,2026-08-05T12:06:18Z
2026-08-05T12:02:33Z,2026-08-05T14:02:33+0200,a602df8b-e77d-453c-80cb-eeacd1e89d3b,2026-07-16T02:30:00Z,2026-07-16T04:30:00+0200,120.85,EUR/MWh,FR,FR,imbalance_price,Long,2026-08-05T12:06:18Z
2026-08-05T12:02:33Z,2026-08-05T14:02:33+0200,a602df8b-e77d-453c-80cb-eeacd1e89d3b,2026-07-16T02:30:00Z,2026-07-16T04:30:00+0200,132.23,EUR/MWh,FR,FR,imbalance_price,Short,2026-08-05T12:06:18Z
2026-08-05T12:02:33Z,2026-08-05T14:02:33+0200,a602df8b-e77d-453c-80cb-eeacd1e89d3b,2026-07-16T02:45:00Z,2026-07-16T04:45:00+0200,117.81,EUR/MWh,FR,FR,imbalance_price,Long,2026-08-05T12:06:18Z
2026-08-05T12:02:33Z,2026-08-05T14:02:33+0200,a602df8b-e77d-453c-80cb-eeacd1e89d3b,2026-07-16T02:45:00Z,2026-07-16T04:45:00+0200,128.91,EUR/MWh,FR,FR,imbalance_price,Short,2026-08-05T12:06:18Z
2026-08-05T12:02:33Z,2026-08-05T14:02:33+0200,a602df8b-e77d-453c-80cb-eeacd1e89d3b,2026-07-16T03:00:00Z,2026-07-16T05:00:00+0200,160.01,EUR/MWh,FR,FR,imbalance_price,Long,2026-08-05T12:06:18Z
2026-08-05T12:02:33Z,2026-08-05T14:02:33+0200,a602df8b-e77d-453c-80cb-eeacd1e89d3b,2026-07-16T03:00:00Z,2026-07-16T05:00:00+0200,175.09,EUR/MWh,FR,FR,imbalance_price,Short,2026-08-05T12:06:18Z
2026-08-05T12:02:33Z,2026-08-05T14:02:33+0200,a602df8b-e77d-453c-80cb-eeacd1e89d3b,2026-07-16T03:15:00Z,2026-07-16T05:15:00+0200,161.2,EUR/MWh,FR,FR,imbalance_price,Long,2026-08-05T12:06:18Z
2026-08-05T12:02:33Z,2026-08-05T14:02:33+0200,a602df8b-e77d-453c-80cb-eeacd1e89d3b,2026-07-16T03:15:00Z,2026-07-16T05:15:00+0200,176.4,EUR/MWh,FR,FR,imbalance_price,Short,2026-08-05T12:06:18Z
2026-08-05T12:02:33Z,2026-08-05T14:02:33+0200,a602df8b-e77d-453c-80cb-eeacd1e89d3b,2026-07-16T03:30:00Z,2026-07-16T05:30:00+0200,160.74,EUR/MWh,FR,FR,imbalance_price,Long,2026-08-05T12:06:18Z
2026-08-05T12:02:33Z,2026-08-05T14:02:33+0200,a602df8b-e77d-453c-80cb-eeacd1e89d3b,2026-07-16T03:30:00Z,2026-07-16T05:30:00+0200,175.88,EUR/MWh,FR,FR,imbalance_price,Short,2026-08-05T12:06:18Z
2026-08-05T12:02:33Z,2026-08-05T14:02:33+0200,a602df8b-e77d-453c-80cb-eeacd1e89d3b,2026-07-16T03:45:00Z,2026-07-16T05:45:00+0200,159.68,EUR/MWh,FR,FR,imbalance_price,Long,2026-08-05T12:06:18Z
2026-08-05T12:02:33Z,2026-08-05T14:02:33+0200,a602df8b-e77d-453c-80cb-eeacd1e89d3b,2026-07-16T03:45:00Z,2026-07-16T05:45:00+0200,174.72,EUR/MWh,FR,FR,imbalance_price,Short,2026-08-05T12:06:18Z
2026-08-05T12:02:33Z,2026-08-05T14:02:33+0200,a602df8b-e77d-453c-80cb-eeacd1e89d3b,2026-07-16T04:00:00Z,2026-07-16T06:00:00+0200,-19.91,EUR/MWh,FR,FR,imbalance_price,Long,2026-08-05T12:06:18Z
2026-08-05T12:02:33Z,2026-08-05T14:02:33+0200,a602df8b-e77d-453c-80cb-eeacd1e89d3b,2026-07-16T04:00:00Z,2026-07-16T06:00:00+0200,-18.19,EUR/MWh,FR,FR,imbalance_price,Short,2026-08-05T12:06:18Z
2026-08-05T12:02:33Z,2026-08-05T14:02:33+0200,a602df8b-e77d-453c-80cb-eeacd1e89d3b,2026-07-16T04:15:00Z,2026-07-16T06:15:00+0200,177.11,EUR/MWh,FR,FR,imbalance_price,Long,2026-08-05T12:06:18Z
2026-08-05T12:02:33Z,2026-08-05T14:02:33+0200,a602df8b-e77d-453c-80cb-eeacd1e89d3b,2026-07-16T04:15:00Z,2026-07-16T06:15:00+0200,193.81,EUR/MWh,FR,FR,imbalance_price,Short,2026-08-05T12:06:18Z
2026-08-05T12:02:33Z,2026-08-05T14:02:33+0200,a602df8b-e77d-453c-80cb-eeacd1e89d3b,2026-07-16T04:30:00Z,2026-07-16T06:30:00+0200,-189.97,EUR/MWh,FR,FR,imbalance_price,Long,2026-08-05T12:06:18Z
2026-08-05T12:02:33Z,2026-08-05T14:02:33+0200,a602df8b-e77d-453c-80cb-eeacd1e89d3b,2026-07-16T04:30:00Z,2026-07-16T06:30:00+0200,-173.61,EUR/MWh,FR,FR,imbalance_price,Short,2026-08-05T12:06:18Z
2026-08-05T12:02:33Z,2026-08-05T14:02:33+0200,a602df8b-e77d-453c-80cb-eeacd1e89d3b,2026-07-16T04:45:00Z,2026-07-16T06:45:00+0200,76.93,EUR/MWh,FR,FR,imbalance_price,Long,2026-08-05T12:06:18Z
2026-08-05T12:02:33Z,2026-08-05T14:02:33+0200,a602df8b-e77d-453c-80cb-eeacd1e89d3b,2026-07-16T04:45:00Z,2026-07-16T06:45:00+0200,84.17,EUR/MWh,FR,FR,imbalance_price,Short,2026-08-05T12:06:18Z
2026-08-05T12:02:33Z,2026-08-05T14:02:33+0200,a602df8b-e77d-453c-80cb-eeacd1e89d3b,2026-07-16T05:00:00Z,2026-07-16T07:00:00+0200,115.64,EUR/MWh,FR,FR,imbalance_price,Long,2026-08-05T12:06:18Z
2026-08-05T12:02:33Z,2026-08-05T14:02:33+0200,a602df8b-e77d-453c-80cb-eeacd1e89d3b,2026-07-16T05:00:00Z,2026-07-16T07:00:00+0200,126.54,EUR/MWh,FR,FR,imbalance_price,Short,2026-08-05T12:06:18Z
2026-08-05T12:02:33Z,2026-08-05T14:02:33+0200,a602df8b-e77d-453c-80cb-eeacd1e89d3b,2026-07-16T05:15:00Z,2026-07-16T07:15:00+0200,93.84,EUR/MWh,FR,FR,imbalance_price,Long,2026-08-05T12:06:18Z
2026-08-05T12:02:33Z,2026-08-05T14:02:33+0200,a602df8b-e77d-453c-80cb-eeacd1e89d3b,2026-07-16T05:15:00Z,2026-07-16T07:15:00+0200,102.68,EUR/MWh,FR,FR,imbalance_price,Short,2026-08-05T12:06:18Z
2026-08-05T12:02:33Z,2026-08-05T14:02:33+0200,a602df8b-e77d-453c-80cb-eeacd1e89d3b,2026-07-16T05:30:00Z,2026-07-16T07:30:00+0200,118.58,EUR/MWh,FR,FR,imbalance_price,Long,2026-08-05T12:06:18Z
2026-08-05T12:02:33Z,2026-08-05T14:02:33+0200,a602df8b-e77d-453c-80cb-eeacd1e89d3b,2026-07-16T05:30:00Z,2026-07-16T07:30:00+0200,129.76,EUR/MWh,FR,FR,imbalance_price,Short,2026-08-05T12:06:18Z
2026-08-05T12:02:33Z,2026-08-05T14:02:33+0200,a602df8b-e77d-453c-80cb-eeacd1e89d3b,2026-07-16T05:45:00Z,2026-07-16T07:45:00+0200,98.24,EUR/MWh,FR,FR,imbalance_price,Long,2026-08-05T12:06:18Z
2026-08-05T12:02:33Z,2026-08-05T14:02:33+0200,a602df8b-e77d-453c-80cb-eeacd1e89d3b,2026-07-16T05:45:00Z,2026-07-16T07:45:00+0200,107.5,EUR/MWh,FR,FR,imbalance_price,Short,2026-08-05T12:06:18Z
2026-08-05T12:02:33Z,2026-08-05T14:02:33+0200,a602df8b-e77d-453c-80cb-eeacd1e89d3b,2026-07-16T06:00:00Z,2026-07-16T08:00:00+0200,103.46,EUR/MWh,FR,FR,imbalance_price,Long,2026-08-05T12:06:18Z
2026-08-05T12:02:33Z,2026-08-05T14:02:33+0200,a602df8b-e77d-453c-80cb-eeacd1e89d3b,2026-07-16T06:00:00Z,2026-07-16T08:00:00+0200,113.2,EUR/MWh,FR,FR,imbalance_price,Short,2026-08-05T12:06:18Z
2026-08-05T12:02:33Z,2026-08-05T14:02:33+0200,a602df8b-e77d-453c-80cb-eeacd1e89d3b,2026-07-16T06:15:00Z,2026-07-16T08:15:00+0200,162.01,EUR/MWh,FR,FR,imbalance_price,Long,2026-08-05T12:06:18Z
2026-08-05T12:02:33Z,2026-08-05T14:02:33+0200,a602df8b-e77d-453c-80cb-eeacd1e89d3b,2026-07-16T06:15:00Z,2026-07-16T08:15:00+0200,177.27,EUR/MWh,FR,FR,imbalance_price,Short,2026-08-05T12:06:18Z
2026-08-05T12:02:33Z,2026-08-05T14:02:33+0200,a602df8b-e77d-453c-80cb-eeacd1e89d3b,2026-07-16T06:30:00Z,2026-07-16T08:30:00+0200,181.94,EUR/MWh,FR,FR,imbalance_price,Long,2026-08-05T12:06:18Z
2026-08-05T12:02:33Z,2026-08-05T14:02:33+0200,a602df8b-e77d-453c-80cb-eeacd1e89d3b,2026-07-16T06:30:00Z,2026-07-16T08:30:00+0200,199.08,EUR/MWh,FR,FR,imbalance_price,Short,2026-08-05T12:06:18Z
2026-08-05T12:02:33Z,2026-08-05T14:02:33+0200,a602df8b-e77d-453c-80cb-eeacd1e89d3b,2026-07-16T06:45:00Z,2026-07-16T08:45:00+0200,153.01,EUR/MWh,FR,FR,imbalance_price,Long,2026-08-05T12:06:18Z
2026-08-05T12:02:33Z,2026-08-05T14:02:33+0200,a602df8b-e77d-453c-80cb-eeacd1e89d3b,2026-07-16T06:45:00Z,2026-07-16T08:45:00+0200,167.43,EUR/MWh,FR,FR,imbalance_price,Short,2026-08-05T12:06:18Z
2026-08-05T12:02:33Z,2026-08-05T14:02:33+0200,a602df8b-e77d-453c-80cb-eeacd1e89d3b,2026-07-16T07:00:00Z,2026-07-16T09:00:00+0200,151.66,EUR/MWh,FR,FR,imbalance_price,Long,2026-08-05T12:06:18Z
2026-08-05T12:02:33Z,2026-08-05T14:02:33+0200,a602df8b-e77d-453c-80cb-eeacd1e89d3b,2026-07-16T07:00:00Z,2026-07-16T09:00:00+0200,165.96,EUR/MWh,FR,FR,imbalance_price,Short,2026-08-05T12:06:18Z
2026-08-05T12:02:33Z,2026-08-05T14:02:33+0200,a602df8b-e77d-453c-80cb-eeacd1e89d3b,2026-07-16T07:15:00Z,2026-07-16T09:15:00+0200,174.68,EUR/MWh,FR,FR,imbalance_price,Long,2026-08-05T12:06:18Z
2026-08-05T12:02:33Z,2026-08-05T14:02:33+0200,a602df8b-e77d-453c-80cb-eeacd1e89d3b,2026-07-16T07:15:00Z,2026-07-16T09:15:00+0200,191.14,EUR/MWh,FR,FR,imbalance_price,Short,2026-08-05T12:06:18Z
2026-08-05T12:02:33Z,2026-08-05T14:02:33+0200,a602df8b-e77d-453c-80cb-eeacd1e89d3b,2026-07-16T07:30:00Z,2026-07-16T09:30:00+0200,178.86,EUR/MWh,FR,FR,imbalance_price,Long,2026-08-05T12:06:18Z
2026-08-05T12:02:33Z,2026-08-05T14:02:33+0200,a602df8b-e77d-453c-80cb-eeacd1e89d3b,2026-07-16T07:30:00Z,2026-07-16T09:30:00+0200,195.72,EUR/MWh,FR,FR,imbalance_price,Short,2026-08-05T12:06:18Z
2026-08-05T12:02:33Z,2026-08-05T14:02:33+0200,a602df8b-e77d-453c-80cb-eeacd1e89d3b,2026-07-16T07:45:00Z,2026-07-16T09:45:00+0200,129.87,EUR/MWh,FR,FR,imbalance_price,Long,2026-08-05T12:06:18Z
2026-08-05T12:02:33Z,2026-08-05T14:02:33+0200,a602df8b-e77d-453c-80cb-eeacd1e89d3b,2026-07-16T07:45:00Z,2026-07-16T09:45:00+0200,142.11,EUR/MWh,FR,FR,imbalance_price,Short,2026-08-05T12:06:18Z
2026-08-05T12:02:33Z,2026-08-05T14:02:33+0200,a602df8b-e77d-453c-80cb-eeacd1e89d3b,2026-07-16T08:00:00Z,2026-07-16T10:00:00+0200,72.65,EUR/MWh,FR,FR,imbalance_price,Long,2026-08-05T12:06:18Z
2026-08-05T12:02:33Z,2026-08-05T14:02:33+0200,a602df8b-e77d-453c-80cb-eeacd1e89d3b,2026-07-16T08:00:00Z,2026-07-16T10:00:00+0200,79.49,EUR/MWh,FR,FR,imbalance_price,Short,2026-08-05T12:06:18Z
2026-08-05T12:02:33Z,2026-08-05T14:02:33+0200,a602df8b-e77d-453c-80cb-eeacd1e89d3b,2026-07-16T08:15:00Z,2026-07-16T10:15:00+0200,107.32,EUR/MWh,FR,FR,imbalance_price,Long,2026-08-05T12:06:18Z
2026-08-05T12:02:33Z,2026-08-05T14:02:33+0200,a602df8b-e77d-453c-80cb-eeacd1e89d3b,2026-07-16T08:15:00Z,2026-07-16T10:15:00+0200,117.44,EUR/MWh,FR,FR,imbalance_price,Short,2026-08-05T12:06:18Z
2026-08-05T12:02:33Z,2026-08-05T14:02:33+0200,a602df8b-e77d-453c-80cb-eeacd1e89d3b,2026-07-16T08:30:00Z,2026-07-16T10:30:00+0200,84.51,EUR/MWh,FR,FR,imbalance_price,Long,2026-08-05T12:06:18Z
2026-08-05T12:02:33Z,2026-08-05T14:02:33+0200,a602df8b-e77d-453c-80cb-eeacd1e89d3b,2026-07-16T08:30:00Z,2026-07-16T10:30:00+0200,92.47,EUR/MWh,FR,FR,imbalance_price,Short,2026-08-05T12:06:18Z
2026-08-05T12:02:33Z,2026-08-05T14:02:33+0200,a602df8b-e77d-453c-80cb-eeacd1e89d3b,2026-07-16T08:45:00Z,2026-07-16T10:45:00+0200,140.3,EUR/MWh,FR,FR,imbalance_price,Long,2026-08-05T12:06:18Z
2026-08-05T12:02:33Z,2026-08-05T14:02:33+0200,a602df8b-e77d-453c-80cb-eeacd1e89d3b,2026-07-16T08:45:00Z,2026-07-16T10:45:00+0200,153.52,EUR/MWh,FR,FR,imbalance_price,Short,2026-08-05T12:06:18Z
2026-08-05T12:02:33Z,2026-08-05T14:02:33+0200,a602df8b-e77d-453c-80cb-eeacd1e89d3b,2026-07-16T09:00:00Z,2026-07-16T11:00:00+0200,98.11,EUR/MWh,FR,FR,imbalance_price,Long,2026-08-05T12:06:18Z
2026-08-05T12:02:33Z,2026-08-05T14:02:33+0200,a602df8b-e77d-453c-80cb-eeacd1e89d3b,2026-07-16T09:00:00Z,2026-07-16T11:00:00+0200,107.35,EUR/MWh,FR,FR,imbalance_price,Short,2026-08-05T12:06:18Z
2026-08-05T12:02:33Z,2026-08-05T14:02:33+0200,a602df8b-e77d-453c-80cb-eeacd1e89d3b,2026-07-16T09:15:00Z,2026-07-16T11:15:00+0200,88.43,EUR/MWh,FR,FR,imbalance_price,Long,2026-08-05T12:06:18Z
2026-08-05T12:02:33Z,2026-08-05T14:02:33+0200,a602df8b-e77d-453c-80cb-eeacd1e89d3b,2026-07-16T09:15:00Z,2026-07-16T11:15:00+0200,96.77,EUR/MWh,FR,FR,imbalance_price,Short,2026-08-05T12:06:18Z
2026-08-05T12:02:33Z,2026-08-05T14:02:33+0200,a602df8b-e77d-453c-80cb-eeacd1e89d3b,2026-07-16T09:30:00Z,2026-07-16T11:30:00+0200,131.68,EUR/MWh,FR,FR,imbalance_price,Long,2026-08-05T12:06:18Z
2026-08-05T12:02:33Z,2026-08-05T14:02:33+0200,a602df8b-e77d-453c-80cb-eeacd1e89d3b,2026-07-16T09:30:00Z,2026-07-16T11:30:00+0200,144.1,EUR/MWh,FR,FR,imbalance_price,Short,2026-08-05T12:06:18Z
2026-08-05T12:02:33Z,2026-08-05T14:02:33+0200,a602df8b-e77d-453c-80cb-eeacd1e89d3b,2026-07-16T09:45:00Z,2026-07-16T11:45:00+0200,88.43,EUR/MWh,FR,FR,imbalance_price,Long,2026-08-05T12:06:18Z
2026-08-05T12:02:33Z,2026-08-05T14:02:33+0200,a602df8b-e77d-453c-80cb-eeacd1e89d3b,2026-07-16T09:45:00Z,2026-07-16T11:45:00+0200,96.77,EUR/MWh,FR,FR,imbalance_price,Short,2026-08-05T12:06:18Z
2026-08-05T12:02:33Z,2026-08-05T14:02:33+0200,a602df8b-e77d-453c-80cb-eeacd1e89d3b,2026-07-16T10:00:00Z,2026-07-16T12:00:00+0200,146.96,EUR/MWh,FR,FR,imbalance_price,Long,2026-08-05T12:06:18Z
2026-08-05T12:02:33Z,2026-08-05T14:02:33+0200,a602df8b-e77d-453c-80cb-eeacd1e89d3b,2026-07-16T10:00:00Z,2026-07-16T12:00:00+0200,160.82,EUR/MWh,FR,FR,imbalance_price,Short,2026-08-05T12:06:18Z
2026-08-05T12:02:33Z,2026-08-05T14:02:33+0200,a602df8b-e77d-453c-80cb-eeacd1e89d3b,2026-07-16T10:15:00Z,2026-07-16T12:15:00+0200,154.88,EUR/MWh,FR,FR,imbalance_price,Long,2026-08-05T12:06:18Z
2026-08-05T12:02:33Z,2026-08-05T14:02:33+0200,a602df8b-e77d-453c-80cb-eeacd1e89d3b,2026-07-16T10:15:00Z,2026-07-16T12:15:00+0200,169.48,EUR/MWh,FR,FR,imbalance_price,Short,2026-08-05T12:06:18Z
2026-08-05T12:02:33Z,2026-08-05T14:02:33+0200,a602df8b-e77d-453c-80cb-eeacd1e89d3b,2026-07-16T10:30:00Z,2026-07-16T12:30:00+0200,167.36,EUR/MWh,FR,FR,imbalance_price,Long,2026-08-05T12:06:18Z
2026-08-05T12:02:33Z,2026-08-05T14:02:33+0200,a602df8b-e77d-453c-80cb-eeacd1e89d3b,2026-07-16T10:30:00Z,2026-07-16T12:30:00+0200,183.14,EUR/MWh,FR,FR,imbalance_price,Short,2026-08-05T12:06:18Z
2026-08-05T12:02:33Z,2026-08-05T14:02:33+0200,a602df8b-e77d-453c-80cb-eeacd1e89d3b,2026-07-16T10:45:00Z,2026-07-16T12:45:00+0200,135.66,EUR/MWh,FR,FR,imbalance_price,Long,2026-08-05T12:06:18Z
2026-08-05T12:02:33Z,2026-08-05T14:02:33+0200,a602df8b-e77d-453c-80cb-eeacd1e89d3b,2026-07-16T10:45:00Z,2026-07-16T12:45:00+0200,148.44,EUR/MWh,FR,FR,imbalance_price,Short,2026-08-05T12:06:18Z
2026-08-05T12:02:33Z,2026-08-05T14:02:33+0200,a602df8b-e77d-453c-80cb-eeacd1e89d3b,2026-07-16T11:00:00Z,2026-07-16T13:00:00+0200,138.72,EUR/MWh,FR,FR,imbalance_price,Long,2026-08-05T12:06:18Z
2026-08-05T12:02:33Z,2026-08-05T14:02:33+0200,a602df8b-e77d-453c-80cb-eeacd1e89d3b,2026-07-16T11:00:00Z,2026-07-16T13:00:00+0200,151.8,EUR/MWh,FR,FR,imbalance_price,Short,2026-08-05T12:06:18Z
2026-08-05T12:02:33Z,2026-08-05T14:02:33+0200,a602df8b-e77d-453c-80cb-eeacd1e89d3b,2026-07-16T11:15:00Z,2026-07-16T13:15:00+0200,132.39,EUR/MWh,FR,FR,imbalance_price,Long,2026-08-05T12:06:18Z
2026-08-05T12:02:33Z,2026-08-05T14:02:33+0200,a602df8b-e77d-453c-80cb-eeacd1e89d3b,2026-07-16T11:15:00Z,2026-07-16T13:15:00+0200,144.87,EUR/MWh,FR,FR,imbalance_price,Short,2026-08-05T12:06:18Z
2026-08-05T12:02:33Z,2026-08-05T14:02:33+0200,a602df8b-e77d-453c-80cb-eeacd1e89d3b,2026-07-16T11:30:00Z,2026-07-16T13:30:00+0200,153.76,EUR/MWh,FR,FR,imbalance_price,Long,2026-08-05T12:06:18Z
2026-08-05T12:02:33Z,2026-08-05T14:02:33+0200,a602df8b-e77d-453c-80cb-eeacd1e89d3b,2026-07-16T11:30:00Z,2026-07-16T13:30:00+0200,168.26,EUR/MWh,FR,FR,imbalance_price,Short,2026-08-05T12:06:18Z
2026-08-05T12:02:33Z,2026-08-05T14:02:33+0200,a602df8b-e77d-453c-80cb-eeacd1e89d3b,2026-07-16T11:45:00Z,2026-07-16T13:45:00+0200,145.84,EUR/MWh,FR,FR,imbalance_price,Long,2026-08-05T12:06:18Z
2026-08-05T12:02:33Z,2026-08-05T14:02:33+0200,a602df8b-e77d-453c-80cb-eeacd1e89d3b,2026-07-16T11:45:00Z,2026-07-16T13:45:00+0200,159.58,EUR/MWh,FR,FR,imbalance_price,Short,2026-08-05T12:06:18Z
2026-08-05T12:02:33Z,2026-08-05T14:02:33+0200,a602df8b-e77d-453c-80cb-eeacd1e89d3b,2026-07-16T12:00:00Z,2026-07-16T14:00:00+0200,153.76,EUR/MWh,FR,FR,imbalance_price,Long,2026-08-05T12:06:18Z
2026-08-05T12:02:33Z,2026-08-05T14:02:33+0200,a602df8b-e77d-453c-80cb-eeacd1e89d3b,2026-07-16T12:00:00Z,2026-07-16T14:00:00+0200,168.26,EUR/MWh,FR,FR,imbalance_price,Short,2026-08-05T12:06:18Z
2026-08-05T12:02:33Z,2026-08-05T14:02:33+0200,a602df8b-e77d-453c-80cb-eeacd1e89d3b,2026-07-16T12:15:00Z,2026-07-16T14:15:00+0200,200.97,EUR/MWh,FR,FR,imbalance_price,Long,2026-08-05T12:06:18Z
2026-08-05T12:02:33Z,2026-08-05T14:02:33+0200,a602df8b-e77d-453c-80cb-eeacd1e89d3b,2026-07-16T12:15:00Z,2026-07-16T14:15:00+0200,219.91,EUR/MWh,FR,FR,imbalance_price,Short,2026-08-05T12:06:18Z
2026-08-05T12:02:33Z,2026-08-05T14:02:33+0200,a602df8b-e77d-453c-80cb-eeacd1e89d3b,2026-07-16T12:30:00Z,2026-07-16T14:30:00+0200,153.76,EUR/MWh,FR,FR,imbalance_price,Long,2026-08-05T12:06:18Z
2026-08-05T12:02:33Z,2026-08-05T14:02:33+0200,a602df8b-e77d-453c-80cb-eeacd1e89d3b,2026-07-16T12:30:00Z,2026-07-16T14:30:00+0200,168.26,EUR/MWh,FR,FR,imbalance_price,Short,2026-08-05T12:06:18Z
2026-08-05T12:02:33Z,2026-08-05T14:02:33+0200,a602df8b-e77d-453c-80cb-eeacd1e89d3b,2026-07-16T12:45:00Z,2026-07-16T14:45:00+0200,153.76,EUR/MWh,FR,FR,imbalance_price,Long,2026-08-05T12:06:18Z
2026-08-05T12:02:33Z,2026-08-05T14:02:33+0200,a602df8b-e77d-453c-80cb-eeacd1e89d3b,2026-07-16T12:45:00Z,2026-07-16T14:45:00+0200,168.26,EUR/MWh,FR,FR,imbalance_price,Short,2026-08-05T12:06:18Z
2026-08-05T12:02:33Z,2026-08-05T14:02:33+0200,a602df8b-e77d-453c-80cb-eeacd1e89d3b,2026-07-16T13:00:00Z,2026-07-16T15:00:00+0200,153.76,EUR/MWh,FR,FR,imbalance_price,Long,2026-08-05T12:06:18Z
2026-08-05T12:02:33Z,2026-08-05T14:02:33+0200,a602df8b-e77d-453c-80cb-eeacd1e89d3b,2026-07-16T13:00:00Z,2026-07-16T15:00:00+0200,168.26,EUR/MWh,FR,FR,imbalance_price,Short,2026-08-05T12:06:18Z
2026-08-05T12:02:33Z,2026-08-05T14:02:33+0200,a602df8b-e77d-453c-80cb-eeacd1e89d3b,2026-07-16T13:15:00Z,2026-07-16T15:15:00+0200,153.76,EUR/MWh,FR,FR,imbalance_price,Long,2026-08-05T12:06:18Z
2026-08-05T12:02:33Z,2026-08-05T14:02:33+0200,a602df8b-e77d-453c-80cb-eeacd1e89d3b,2026-07-16T13:15:00Z,2026-07-16T15:15:00+0200,168.26,EUR/MWh,FR,FR,imbalance_price,Short,2026-08-05T12:06:18Z
2026-08-05T12:02:33Z,2026-08-05T14:02:33+0200,a602df8b-e77d-453c-80cb-eeacd1e89d3b,2026-07-16T13:30:00Z,2026-07-16T15:30:00+0200,153.76,EUR/MWh,FR,FR,imbalance_price,Long,2026-08-05T12:06:18Z
2026-08-05T12:02:33Z,2026-08-05T14:02:33+0200,a602df8b-e77d-453c-80cb-eeacd1e89d3b,2026-07-16T13:30:00Z,2026-07-16T15:30:00+0200,168.26,EUR/MWh,FR,FR,imbalance_price,Short,2026-08-05T12:06:18Z
2026-08-05T12:02:33Z,2026-08-05T14:02:33+0200,a602df8b-e77d-453c-80cb-eeacd1e89d3b,2026-07-16T13:45:00Z,2026-07-16T15:45:00+0200,153.76,EUR/MWh,FR,FR,imbalance_price,Long,2026-08-05T12:06:18Z
2026-08-05T12:02:33Z,2026-08-05T14:02:33+0200,a602df8b-e77d-453c-80cb-eeacd1e89d3b,2026-07-16T13:45:00Z,2026-07-16T15:45:00+0200,168.26,EUR/MWh,FR,FR,imbalance_price,Short,2026-08-05T12:06:18Z
2026-08-05T12:02:33Z,2026-08-05T14:02:33+0200,a602df8b-e77d-453c-80cb-eeacd1e89d3b,2026-07-16T14:00:00Z,2026-07-16T16:00:00+0200,105.12,EUR/MWh,FR,FR,imbalance_price,Long,2026-08-05T12:06:18Z
2026-08-05T12:02:33Z,2026-08-05T14:02:33+0200,a602df8b-e77d-453c-80cb-eeacd1e89d3b,2026-07-16T14:00:00Z,2026-07-16T16:00:00+0200,115.02,EUR/MWh,FR,FR,imbalance_price,Short,2026-08-05T12:06:18Z
2026-08-05T12:02:33Z,2026-08-05T14:02:33+0200,a602df8b-e77d-453c-80cb-eeacd1e89d3b,2026-07-16T14:15:00Z,2026-07-16T16:15:00+0200,113.14,EUR/MWh,FR,FR,imbalance_price,Long,2026-08-05T12:06:18Z
2026-08-05T12:02:33Z,2026-08-05T14:02:33+0200,a602df8b-e77d-453c-80cb-eeacd1e89d3b,2026-07-16T14:15:00Z,2026-07-16T16:15:00+0200,123.8,EUR/MWh,FR,FR,imbalance_price,Short,2026-08-05T12:06:18Z
2026-08-05T12:02:33Z,2026-08-05T14:02:33+0200,a602df8b-e77d-453c-80cb-eeacd1e89d3b,2026-07-16T14:30:00Z,2026-07-16T16:30:00+0200,97.53,EUR/MWh,FR,FR,imbalance_price,Long,2026-08-05T12:06:18Z
2026-08-05T12:02:33Z,2026-08-05T14:02:33+0200,a602df8b-e77d-453c-80cb-eeacd1e89d3b,2026-07-16T14:30:00Z,2026-07-16T16:30:00+0200,106.73,EUR/MWh,FR,FR,imbalance_price,Short,2026-08-05T12:06:18Z
2026-08-05T12:02:33Z,2026-08-05T14:02:33+0200,a602df8b-e77d-453c-80cb-eeacd1e89d3b,2026-07-16T14:45:00Z,2026-07-16T16:45:00+0200,102.58,EUR/MWh,FR,FR,imbalance_price,Long,2026-08-05T12:06:18Z
2026-08-05T12:02:33Z,2026-08-05T14:02:33+0200,a602df8b-e77d-453c-80cb-eeacd1e89d3b,2026-07-16T14:45:00Z,2026-07-16T16:45:00+0200,112.24,EUR/MWh,FR,FR,imbalance_price,Short,2026-08-05T12:06:18Z
2026-08-05T12:02:33Z,2026-08-05T14:02:33+0200,a602df8b-e77d-453c-80cb-eeacd1e89d3b,2026-07-16T15:00:00Z,2026-07-16T17:00:00+0200,96.1,EUR/MWh,FR,FR,imbalance_price,Long,2026-08-05T12:06:18Z
2026-08-05T12:02:33Z,2026-08-05T14:02:33+0200,a602df8b-e77d-453c-80cb-eeacd1e89d3b,2026-07-16T15:00:00Z,2026-07-16T17:00:00+0200,105.16,EUR/MWh,FR,FR,imbalance_price,Short,2026-08-05T12:06:18Z
2026-08-05T12:02:33Z,2026-08-05T14:02:33+0200,a602df8b-e77d-453c-80cb-eeacd1e89d3b,2026-07-16T15:15:00Z,2026-07-16T17:15:00+0200,92.59,EUR/MWh,FR,FR,imbalance_price,Long,2026-08-05T12:06:18Z
2026-08-05T12:02:33Z,2026-08-05T14:02:33+0200,a602df8b-e77d-453c-80cb-eeacd1e89d3b,2026-07-16T15:15:00Z,2026-07-16T17:15:00+0200,101.31,EUR/MWh,FR,FR,imbalance_price,Short,2026-08-05T12:06:18Z
2026-08-05T12:02:33Z,2026-08-05T14:02:33+0200,a602df8b-e77d-453c-80cb-eeacd1e89d3b,2026-07-16T15:30:00Z,2026-07-16T17:30:00+0200,93.03,EUR/MWh,FR,FR,imbalance_price,Long,2026-08-05T12:06:18Z
2026-08-05T12:02:33Z,2026-08-05T14:02:33+0200,a602df8b-e77d-453c-80cb-eeacd1e89d3b,2026-07-16T15:30:00Z,2026-07-16T17:30:00+0200,101.79,EUR/MWh,FR,FR,imbalance_price,Short,2026-08-05T12:06:18Z
2026-08-05T12:02:33Z,2026-08-05T14:02:33+0200,a602df8b-e77d-453c-80cb-eeacd1e89d3b,2026-07-16T15:45:00Z,2026-07-16T17:45:00+0200,102.96,EUR/MWh,FR,FR,imbalance_price,Long,2026-08-05T12:06:18Z
2026-08-05T12:02:33Z,2026-08-05T14:02:33+0200,a602df8b-e77d-453c-80cb-eeacd1e89d3b,2026-07-16T15:45:00Z,2026-07-16T17:45:00+0200,112.66,EUR/MWh,FR,FR,imbalance_price,Short,2026-08-05T12:06:18Z
2026-08-05T12:02:33Z,2026-08-05T14:02:33+0200,a602df8b-e77d-453c-80cb-eeacd1e89d3b,2026-07-16T16:00:00Z,2026-07-16T18:00:00+0200,104.32,EUR/MWh,FR,FR,imbalance_price,Long,2026-08-05T12:06:18Z
2026-08-05T12:02:33Z,2026-08-05T14:02:33+0200,a602df8b-e77d-453c-80cb-eeacd1e89d3b,2026-07-16T16:00:00Z,2026-07-16T18:00:00+0200,114.16,EUR/MWh,FR,FR,imbalance_price,Short,2026-08-05T12:06:18Z
2026-08-05T12:02:33Z,2026-08-05T14:02:33+0200,a602df8b-e77d-453c-80cb-eeacd1e89d3b,2026-07-16T16:15:00Z,2026-07-16T18:15:00+0200,233.15,EUR/MWh,FR,FR,imbalance_price,Long,2026-08-05T12:06:18Z
2026-08-05T12:02:33Z,2026-08-05T14:02:33+0200,a602df8b-e77d-453c-80cb-eeacd1e89d3b,2026-07-16T16:15:00Z,2026-07-16T18:15:00+0200,255.13,EUR/MWh,FR,FR,imbalance_price,Short,2026-08-05T12:06:18Z
2026-08-05T12:02:33Z,2026-08-05T14:02:33+0200,a602df8b-e77d-453c-80cb-eeacd1e89d3b,2026-07-16T16:30:00Z,2026-07-16T18:30:00+0200,215.42,EUR/MWh,FR,FR,imbalance_price,Long,2026-08-05T12:06:18Z
2026-08-05T12:02:33Z,2026-08-05T14:02:33+0200,a602df8b-e77d-453c-80cb-eeacd1e89d3b,2026-07-16T16:30:00Z,2026-07-16T18:30:00+0200,235.72,EUR/MWh,FR,FR,imbalance_price,Short,2026-08-05T12:06:18Z
2026-08-05T12:02:33Z,2026-08-05T14:02:33+0200,a602df8b-e77d-453c-80cb-eeacd1e89d3b,2026-07-16T16:45:00Z,2026-07-16T18:45:00+0200,226.05,EUR/MWh,FR,FR,imbalance_price,Long,2026-08-05T12:06:18Z
2026-08-05T12:02:33Z,2026-08-05T14:02:33+0200,a602df8b-e77d-453c-80cb-eeacd1e89d3b,2026-07-16T16:45:00Z,2026-07-16T18:45:00+0200,247.35,EUR/MWh,FR,FR,imbalance_price,Short,2026-08-05T12:06:18Z
2026-08-05T12:02:33Z,2026-08-05T14:02:33+0200,a602df8b-e77d-453c-80cb-eeacd1e89d3b,2026-07-16T17:00:00Z,2026-07-16T19:00:00+0200,269.47,EUR/MWh,FR,FR,imbalance_price,Long,2026-08-05T12:06:18Z
2026-08-05T12:02:33Z,2026-08-05T14:02:33+0200,a602df8b-e77d-453c-80cb-eeacd1e89d3b,2026-07-16T17:00:00Z,2026-07-16T19:00:00+0200,294.87,EUR/MWh,FR,FR,imbalance_price,Short,2026-08-05T12:06:18Z
2026-08-05T12:02:33Z,2026-08-05T14:02:33+0200,a602df8b-e77d-453c-80cb-eeacd1e89d3b,2026-07-16T17:15:00Z,2026-07-16T19:15:00+0200,131.31,EUR/MWh,FR,FR,imbalance_price,Long,2026-08-05T12:06:18Z
2026-08-05T12:02:33Z,2026-08-05T14:02:33+0200,a602df8b-e77d-453c-80cb-eeacd1e89d3b,2026-07-16T17:15:00Z,2026-07-16T19:15:00+0200,143.69,EUR/MWh,FR,FR,imbalance_price,Short,2026-08-05T12:06:18Z
2026-08-05T12:02:33Z,2026-08-05T14:02:33+0200,a602df8b-e77d-453c-80cb-eeacd1e89d3b,2026-07-16T17:30:00Z,2026-07-16T19:30:00+0200,150.91,EUR/MWh,FR,FR,imbalance_price,Long,2026-08-05T12:06:18Z
2026-08-05T12:02:33Z,2026-08-05T14:02:33+0200,a602df8b-e77d-453c-80cb-eeacd1e89d3b,2026-07-16T17:30:00Z,2026-07-16T19:30:00+0200,165.13,EUR/MWh,FR,FR,imbalance_price,Short,2026-08-05T12:06:18Z
2026-08-05T12:02:33Z,2026-08-05T14:02:33+0200,a602df8b-e77d-453c-80cb-eeacd1e89d3b,2026-07-16T17:45:00Z,2026-07-16T19:45:00+0200,297.18,EUR/MWh,FR,FR,imbalance_price,Long,2026-08-05T12:06:18Z
2026-08-05T12:02:33Z,2026-08-05T14:02:33+0200,a602df8b-e77d-453c-80cb-eeacd1e89d3b,2026-07-16T17:45:00Z,2026-07-16T19:45:00+0200,325.18,EUR/MWh,FR,FR,imbalance_price,Short,2026-08-05T12:06:18Z
2026-08-05T12:02:33Z,2026-08-05T14:02:33+0200,a602df8b-e77d-453c-80cb-eeacd1e89d3b,2026-07-16T18:00:00Z,2026-07-16T20:00:00+0200,145.28,EUR/MWh,FR,FR,imbalance_price,Long,2026-08-05T12:06:18Z
2026-08-05T12:02:33Z,2026-08-05T14:02:33+0200,a602df8b-e77d-453c-80cb-eeacd1e89d3b,2026-07-16T18:00:00Z,2026-07-16T20:00:00+0200,158.98,EUR/MWh,FR,FR,imbalance_price,Short,2026-08-05T12:06:18Z
2026-08-05T12:02:33Z,2026-08-05T14:02:33+0200,a602df8b-e77d-453c-80cb-eeacd1e89d3b,2026-07-16T18:15:00Z,2026-07-16T20:15:00+0200,151.07,EUR/MWh,FR,FR,imbalance_price,Long,2026-08-05T12:06:18Z
2026-08-05T12:02:33Z,2026-08-05T14:02:33+0200,a602df8b-e77d-453c-80cb-eeacd1e89d3b,2026-07-16T18:15:00Z,2026-07-16T20:15:00+0200,165.31,EUR/MWh,FR,FR,imbalance_price,Short,2026-08-05T12:06:18Z
2026-08-05T12:02:33Z,2026-08-05T14:02:33+0200,a602df8b-e77d-453c-80cb-eeacd1e89d3b,2026-07-16T18:30:00Z,2026-07-16T20:30:00+0200,159.91,EUR/MWh,FR,FR,imbalance_price,Long,2026-08-05T12:06:18Z
2026-08-05T12:02:33Z,2026-08-05T14:02:33+0200,a602df8b-e77d-453c-80cb-eeacd1e89d3b,2026-07-16T18:30:00Z,2026-07-16T20:30:00+0200,174.97,EUR/MWh,FR,FR,imbalance_price,Short,2026-08-05T12:06:18Z
2026-08-05T12:02:33Z,2026-08-05T14:02:33+0200,a602df8b-e77d-453c-80cb-eeacd1e89d3b,2026-07-16T18:45:00Z,2026-07-16T20:45:00+0200,162.74,EUR/MWh,FR,FR,imbalance_price,Long,2026-08-05T12:06:18Z
2026-08-05T12:02:33Z,2026-08-05T14:02:33+0200,a602df8b-e77d-453c-80cb-eeacd1e89d3b,2026-07-16T18:45:00Z,2026-07-16T20:45:00+0200,178.08,EUR/MWh,FR,FR,imbalance_price,Short,2026-08-05T12:06:18Z
2026-08-05T12:02:33Z,2026-08-05T14:02:33+0200,a602df8b-e77d-453c-80cb-eeacd1e89d3b,2026-07-16T19:00:00Z,2026-07-16T21:00:00+0200,306.19,EUR/MWh,FR,FR,imbalance_price,Long,2026-08-05T12:06:18Z
2026-08-05T12:02:33Z,2026-08-05T14:02:33+0200,a602df8b-e77d-453c-80cb-eeacd1e89d3b,2026-07-16T19:00:00Z,2026-07-16T21:00:00+0200,335.05,EUR/MWh,FR,FR,imbalance_price,Short,2026-08-05T12:06:18Z
2026-08-05T12:02:33Z,2026-08-05T14:02:33+0200,a602df8b-e77d-453c-80cb-eeacd1e89d3b,2026-07-16T19:15:00Z,2026-07-16T21:15:00+0200,306.2,EUR/MWh,FR,FR,imbalance_price,Long,2026-08-05T12:06:18Z
2026-08-05T12:02:33Z,2026-08-05T14:02:33+0200,a602df8b-e77d-453c-80cb-eeacd1e89d3b,2026-07-16T19:15:00Z,2026-07-16T21:15:00+0200,335.06,EUR/MWh,FR,FR,imbalance_price,Short,2026-08-05T12:06:18Z
2026-08-05T12:02:33Z,2026-08-05T14:02:33+0200,a602df8b-e77d-453c-80cb-eeacd1e89d3b,2026-07-16T19:30:00Z,2026-07-16T21:30:00+0200,120.44,EUR/MWh,FR,FR,imbalance_price,Long,2026-08-05T12:06:18Z
2026-08-05T12:02:33Z,2026-08-05T14:02:33+0200,a602df8b-e77d-453c-80cb-eeacd1e89d3b,2026-07-16T19:30:00Z,2026-07-16T21:30:00+0200,131.78,EUR/MWh,FR,FR,imbalance_price,Short,2026-08-05T12:06:18Z
2026-08-05T12:02:33Z,2026-08-05T14:02:33+0200,a602df8b-e77d-453c-80cb-eeacd1e89d3b,2026-07-16T19:45:00Z,2026-07-16T21:45:00+0200,94.95,EUR/MWh,FR,FR,imbalance_price,Long,2026-08-05T12:06:18Z
2026-08-05T12:02:33Z,2026-08-05T14:02:33+0200,a602df8b-e77d-453c-80cb-eeacd1e89d3b,2026-07-16T19:45:00Z,2026-07-16T21:45:00+0200,103.89,EUR/MWh,FR,FR,imbalance_price,Short,2026-08-05T12:06:18Z
2026-08-05T12:02:33Z,2026-08-05T14:02:33+0200,a602df8b-e77d-453c-80cb-eeacd1e89d3b,2026-07-16T20:00:00Z,2026-07-16T22:00:00+0200,126.71,EUR/MWh,FR,FR,imbalance_price,Long,2026-08-05T12:06:18Z
2026-08-05T12:02:33Z,2026-08-05T14:02:33+0200,a602df8b-e77d-453c-80cb-eeacd1e89d3b,2026-07-16T20:00:00Z,2026-07-16T22:00:00+0200,138.65,EUR/MWh,FR,FR,imbalance_price,Short,2026-08-05T12:06:18Z
2026-08-05T12:02:33Z,2026-08-05T14:02:33+0200,a602df8b-e77d-453c-80cb-eeacd1e89d3b,2026-07-16T20:15:00Z,2026-07-16T22:15:00+0200,116.81,EUR/MWh,FR,FR,imbalance_price,Long,2026-08-05T12:06:18Z
2026-08-05T12:02:33Z,2026-08-05T14:02:33+0200,a602df8b-e77d-453c-80cb-eeacd1e89d3b,2026-07-16T20:15:00Z,2026-07-16T22:15:00+0200,127.81,EUR/MWh,FR,FR,imbalance_price,Short,2026-08-05T12:06:18Z
2026-08-05T12:02:33Z,2026-08-05T14:02:33+0200,a602df8b-e77d-453c-80cb-eeacd1e89d3b,2026-07-16T20:30:00Z,2026-07-16T22:30:00+0200,108.5,EUR/MWh,FR,FR,imbalance_price,Long,2026-08-05T12:06:18Z
2026-08-05T12:02:33Z,2026-08-05T14:02:33+0200,a602df8b-e77d-453c-80cb-eeacd1e89d3b,2026-07-16T20:30:00Z,2026-07-16T22:30:00+0200,118.72,EUR/MWh,FR,FR,imbalance_price,Short,2026-08-05T12:06:18Z
2026-08-05T12:02:33Z,2026-08-05T14:02:33+0200,a602df8b-e77d-453c-80cb-eeacd1e89d3b,2026-07-16T20:45:00Z,2026-07-16T22:45:00+0200,82.49,EUR/MWh,FR,FR,imbalance_price,Long,2026-08-05T12:06:18Z
2026-08-05T12:02:33Z,2026-08-05T14:02:33+0200,a602df8b-e77d-453c-80cb-eeacd1e89d3b,2026-07-16T20:45:00Z,2026-07-16T22:45:00+0200,90.27,EUR/MWh,FR,FR,imbalance_price,Short,2026-08-05T12:06:18Z
2026-08-05T12:02:33Z,2026-08-05T14:02:33+0200,a602df8b-e77d-453c-80cb-eeacd1e89d3b,2026-07-16T21:00:00Z,2026-07-16T23:00:00+0200,70.52,EUR/MWh,FR,FR,imbalance_price,Long,2026-08-05T12:06:18Z
2026-08-05T12:02:33Z,2026-08-05T14:02:33+0200,a602df8b-e77d-453c-80cb-eeacd1e89d3b,2026-07-16T21:00:00Z,2026-07-16T23:00:00+0200,77.16,EUR/MWh,FR,FR,imbalance_price,Short,2026-08-05T12:06:18Z
2026-08-05T12:02:33Z,2026-08-05T14:02:33+0200,a602df8b-e77d-453c-80cb-eeacd1e89d3b,2026-07-16T21:15:00Z,2026-07-16T23:15:00+0200,66.7,EUR/MWh,FR,FR,imbalance_price,Long,2026-08-05T12:06:18Z
2026-08-05T12:02:33Z,2026-08-05T14:02:33+0200,a602df8b-e77d-453c-80cb-eeacd1e89d3b,2026-07-16T21:15:00Z,2026-07-16T23:15:00+0200,72.98,EUR/MWh,FR,FR,imbalance_price,Short,2026-08-05T12:06:18Z
2026-08-05T12:02:33Z,2026-08-05T14:02:33+0200,a602df8b-e77d-453c-80cb-eeacd1e89d3b,2026-07-16T21:30:00Z,2026-07-16T23:30:00+0200,67.03,EUR/MWh,FR,FR,imbalance_price,Long,2026-08-05T12:06:18Z
2026-08-05T12:02:33Z,2026-08-05T14:02:33+0200,a602df8b-e77d-453c-80cb-eeacd1e89d3b,2026-07-16T21:30:00Z,2026-07-16T23:30:00+0200,73.35,EUR/MWh,FR,FR,imbalance_price,Short,2026-08-05T12:06:18Z
2026-08-05T12:02:33Z,2026-08-05T14:02:33+0200,a602df8b-e77d-453c-80cb-eeacd1e89d3b,2026-07-16T21:45:00Z,2026-07-16T23:45:00+0200,69.93,EUR/MWh,FR,FR,imbalance_price,Long,2026-08-05T12:06:18Z
2026-08-05T12:02:33Z,2026-08-05T14:02:33+0200,a602df8b-e77d-453c-80cb-eeacd1e89d3b,2026-07-16T21:45:00Z,2026-07-16T23:45:00+0200,76.53,EUR/MWh,FR,FR,imbalance_price,Short,2026-08-05T12:06:18Z
2026-08-05T12:02:33Z,2026-08-05T14:02:33+0200,a602df8b-e77d-453c-80cb-eeacd1e89d3b,2026-07-16T22:00:00Z,2026-07-17T00:00:00+0200,70.06,EUR/MWh,FR,FR,imbalance_price,Long,2026-08-05T12:06:18Z
2026-08-05T12:02:33Z,2026-08-05T14:02:33+0200,a602df8b-e77d-453c-80cb-eeacd1e89d3b,2026-07-16T22:00:00Z,2026-07-17T00:00:00+0200,76.66,EUR/MWh,FR,FR,imbalance_price,Short,2026-08-05T12:06:18Z
2026-08-05T12:02:33Z,2026-08-05T14:02:33+0200,a602df8b-e77d-453c-80cb-eeacd1e89d3b,2026-07-16T22:15:00Z,2026-07-17T00:15:00+0200,74.11,EUR/MWh,FR,FR,imbalance_price,Long,2026-08-05T12:06:18Z
2026-08-05T12:02:33Z,2026-08-05T14:02:33+0200,a602df8b-e77d-453c-80cb-eeacd1e89d3b,2026-07-16T22:15:00Z,2026-07-17T00:15:00+0200,81.09,EUR/MWh,FR,FR,imbalance_price,Short,2026-08-05T12:06:18Z
2026-08-05T12:02:33Z,2026-08-05T14:02:33+0200,a602df8b-e77d-453c-80cb-eeacd1e89d3b,2026-07-16T22:30:00Z,2026-07-17T00:30:00+0200,182.73,EUR/MWh,FR,FR,imbalance_price,Long,2026-08-05T12:06:18Z
2026-08-05T12:02:33Z,2026-08-05T14:02:33+0200,a602df8b-e77d-453c-80cb-eeacd1e89d3b,2026-07-16T22:30:00Z,2026-07-17T00:30:00+0200,199.95,EUR/MWh,FR,FR,imbalance_price,Short,2026-08-05T12:06:18Z
2026-08-05T12:02:33Z,2026-08-05T14:02:33+0200,a602df8b-e77d-453c-80cb-eeacd1e89d3b,2026-07-16T22:45:00Z,2026-07-17T00:45:00+0200,198.49,EUR/MWh,FR,FR,imbalance_price,Long,2026-08-05T12:06:18Z
2026-08-05T12:02:33Z,2026-08-05T14:02:33+0200,a602df8b-e77d-453c-80cb-eeacd1e89d3b,2026-07-16T22:45:00Z,2026-07-17T00:45:00+0200,217.19,EUR/MWh,FR,FR,imbalance_price,Short,2026-08-05T12:06:18Z
2026-08-05T12:02:33Z,2026-08-05T14:02:33+0200,a602df8b-e77d-453c-80cb-eeacd1e89d3b,2026-07-16T23:00:00Z,2026-07-17T01:00:00+0200,185.6,EUR/MWh,FR,FR,imbalance_price,Long,2026-08-05T12:06:18Z
2026-08-05T12:02:33Z,2026-08-05T14:02:33+0200,a602df8b-e77d-453c-80cb-eeacd1e89d3b,2026-07-16T23:00:00Z,2026-07-17T01:00:00+0200,203.1,EUR/MWh,FR,FR,imbalance_price,Short,2026-08-05T12:06:18Z
2026-08-05T12:02:33Z,2026-08-05T14:02:33+0200,a602df8b-e77d-453c-80cb-eeacd1e89d3b,2026-07-16T23:15:00Z,2026-07-17T01:15:00+0200,155.92,EUR/MWh,FR,FR,imbalance_price,Long,2026-08-05T12:06:18Z
2026-08-05T12:02:33Z,2026-08-05T14:02:33+0200,a602df8b-e77d-453c-80cb-eeacd1e89d3b,2026-07-16T23:15:00Z,2026-07-17T01:15:00+0200,170.62,EUR/MWh,FR,FR,imbalance_price,Short,2026-08-05T12:06:18Z
2026-08-05T12:02:33Z,2026-08-05T14:02:33+0200,a602df8b-e77d-453c-80cb-eeacd1e89d3b,2026-07-16T23:30:00Z,2026-07-17T01:30:00+0200,144.3,EUR/MWh,FR,FR,imbalance_price,Long,2026-08-05T12:06:18Z
2026-08-05T12:02:33Z,2026-08-05T14:02:33+0200,a602df8b-e77d-453c-80cb-eeacd1e89d3b,2026-07-16T23:30:00Z,2026-07-17T01:30:00+0200,157.9,EUR/MWh,FR,FR,imbalance_price,Short,2026-08-05T12:06:18Z
2026-08-05T12:02:33Z,2026-08-05T14:02:33+0200,a602df8b-e77d-453c-80cb-eeacd1e89d3b,2026-07-16T23:45:00Z,2026-07-17T01:45:00+0200,155.53,EUR/MWh,FR,FR,imbalance_price,Long,2026-08-05T12:06:18Z
2026-08-05T12:02:33Z,2026-08-05T14:02:33+0200,a602df8b-e77d-453c-80cb-eeacd1e89d3b,2026-07-16T23:45:00Z,2026-07-17T01:45:00+0200,170.19,EUR/MWh,FR,FR,imbalance_price,Short,2026-08-05T12:06:18Z
2026-08-05T12:02:33Z,2026-08-05T14:02:33+0200,a602df8b-e77d-453c-80cb-eeacd1e89d3b,2026-07-17T00:00:00Z,2026-07-17T02:00:00+0200,123.02,EUR/MWh,FR,FR,imbalance_price,Long,2026-08-05T12:06:18Z
2026-08-05T12:02:33Z,2026-08-05T14:02:33+0200,a602df8b-e77d-453c-80cb-eeacd1e89d3b,2026-07-17T00:00:00Z,2026-07-17T02:00:00+0200,134.62,EUR/MWh,FR,FR,imbalance_price,Short,2026-08-05T12:06:18Z
2026-08-05T12:02:33Z,2026-08-05T14:02:33+0200,a602df8b-e77d-453c-80cb-eeacd1e89d3b,2026-07-17T00:15:00Z,2026-07-17T02:15:00+0200,100.97,EUR/MWh,FR,FR,imbalance_price,Long,2026-08-05T12:06:18Z
2026-08-05T12:02:33Z,2026-08-05T14:02:33+0200,a602df8b-e77d-453c-80cb-eeacd1e89d3b,2026-07-17T00:15:00Z,2026-07-17T02:15:00+0200,110.49,EUR/MWh,FR,FR,imbalance_price,Short,2026-08-05T12:06:18Z
2026-08-05T12:02:33Z,2026-08-05T14:02:33+0200,a602df8b-e77d-453c-80cb-eeacd1e89d3b,2026-07-17T00:30:00Z,2026-07-17T02:30:00+0200,110.78,EUR/MWh,FR,FR,imbalance_price,Long,2026-08-05T12:06:18Z
2026-08-05T12:02:33Z,2026-08-05T14:02:33+0200,a602df8b-e77d-453c-80cb-eeacd1e89d3b,2026-07-17T00:30:00Z,2026-07-17T02:30:00+0200,121.22,EUR/MWh,FR,FR,imbalance_price,Short,2026-08-05T12:06:18Z
2026-08-05T12:02:33Z,2026-08-05T14:02:33+0200,a602df8b-e77d-453c-80cb-eeacd1e89d3b,2026-07-17T00:45:00Z,2026-07-17T02:45:00+0200,121.25,EUR/MWh,FR,FR,imbalance_price,Long,2026-08-05T12:06:18Z
2026-08-05T12:02:33Z,2026-08-05T14:02:33+0200,a602df8b-e77d-453c-80cb-eeacd1e89d3b,2026-07-17T00:45:00Z,2026-07-17T02:45:00+0200,132.67,EUR/MWh,FR,FR,imbalance_price,Short,2026-08-05T12:06:18Z
2026-08-05T12:02:33Z,2026-08-05T14:02:33+0200,a602df8b-e77d-453c-80cb-eeacd1e89d3b,2026-07-17T01:00:00Z,2026-07-17T03:00:00+0200,124.92,EUR/MWh,FR,FR,imbalance_price,Long,2026-08-05T12:06:18Z
2026-08-05T12:02:33Z,2026-08-05T14:02:33+0200,a602df8b-e77d-453c-80cb-eeacd1e89d3b,2026-07-17T01:00:00Z,2026-07-17T03:00:00+0200,136.7,EUR/MWh,FR,FR,imbalance_price,Short,2026-08-05T12:06:18Z
2026-08-05T12:02:33Z,2026-08-05T14:02:33+0200,a602df8b-e77d-453c-80cb-eeacd1e89d3b,2026-07-17T01:15:00Z,2026-07-17T03:15:00+0200,116.02,EUR/MWh,FR,FR,imbalance_price,Long,2026-08-05T12:06:18Z
2026-08-05T12:02:33Z,2026-08-05T14:02:33+0200,a602df8b-e77d-453c-80cb-eeacd1e89d3b,2026-07-17T01:15:00Z,2026-07-17T03:15:00+0200,126.96,EUR/MWh,FR,FR,imbalance_price,Short,2026-08-05T12:06:18Z
2026-08-05T12:02:33Z,2026-08-05T14:02:33+0200,a602df8b-e77d-453c-80cb-eeacd1e89d3b,2026-07-17T01:30:00Z,2026-07-17T03:30:00+0200,107.86,EUR/MWh,FR,FR,imbalance_price,Long,2026-08-05T12:06:18Z
2026-08-05T12:02:33Z,2026-08-05T14:02:33+0200,a602df8b-e77d-453c-80cb-eeacd1e89d3b,2026-07-17T01:30:00Z,2026-07-17T03:30:00+0200,118.02,EUR/MWh,FR,FR,imbalance_price,Short,2026-08-05T12:06:18Z
2026-08-05T12:02:33Z,2026-08-05T14:02:33+0200,a602df8b-e77d-453c-80cb-eeacd1e89d3b,2026-07-17T01:45:00Z,2026-07-17T03:45:00+0200,112.47,EUR/MWh,FR,FR,imbalance_price,Long,2026-08-05T12:06:18Z
2026-08-05T12:02:33Z,2026-08-05T14:02:33+0200,a602df8b-e77d-453c-80cb-eeacd1e89d3b,2026-07-17T01:45:00Z,2026-07-17T03:45:00+0200,123.07,EUR/MWh,FR,FR,imbalance_price,Short,2026-08-05T12:06:18Z
2026-08-05T12:02:33Z,2026-08-05T14:02:33+0200,a602df8b-e77d-453c-80cb-eeacd1e89d3b,2026-07-17T02:00:00Z,2026-07-17T04:00:00+0200,99.99,EUR/MWh,FR,FR,imbalance_price,Long,2026-08-05T12:06:18Z
2026-08-05T12:02:33Z,2026-08-05T14:02:33+0200,a602df8b-e77d-453c-80cb-eeacd1e89d3b,2026-07-17T02:00:00Z,2026-07-17T04:00:00+0200,109.41,EUR/MWh,FR,FR,imbalance_price,Short,2026-08-05T12:06:18Z
2026-08-05T12:02:33Z,2026-08-05T14:02:33+0200,a602df8b-e77d-453c-80cb-eeacd1e89d3b,2026-07-17T02:15:00Z,2026-07-17T04:15:00+0200,115.56,EUR/MWh,FR,FR,imbalance_price,Long,2026-08-05T12:06:18Z
2026-08-05T12:02:33Z,2026-08-05T14:02:33+0200,a602df8b-e77d-453c-80cb-eeacd1e89d3b,2026-07-17T02:15:00Z,2026-07-17T04:15:00+0200,126.45,EUR/MWh,FR,FR,imbalance_price,Short,2026-08-05T12:06:18Z
2026-08-05T12:02:33Z,2026-08-05T14:02:33+0200,a602df8b-e77d-453c-80cb-eeacd1e89d3b,2026-07-17T02:30:00Z,2026-07-17T04:30:00+0200,128.79,EUR/MWh,FR,FR,imbalance_price,Long,2026-08-05T12:06:18Z
2026-08-05T12:02:33Z,2026-08-05T14:02:33+0200,a602df8b-e77d-453c-80cb-eeacd1e89d3b,2026-07-17T02:30:00Z,2026-07-17T04:30:00+0200,140.93,EUR/MWh,FR,FR,imbalance_price,Short,2026-08-05T12:06:18Z
2026-08-05T12:02:33Z,2026-08-05T14:02:33+0200,a602df8b-e77d-453c-80cb-eeacd1e89d3b,2026-07-17T02:45:00Z,2026-07-17T04:45:00+0200,127.78,EUR/MWh,FR,FR,imbalance_price,Long,2026-08-05T12:06:18Z
2026-08-05T12:02:33Z,2026-08-05T14:02:33+0200,a602df8b-e77d-453c-80cb-eeacd1e89d3b,2026-07-17T02:45:00Z,2026-07-17T04:45:00+0200,139.82,EUR/MWh,FR,FR,imbalance_price,Short,2026-08-05T12:06:18Z
2026-08-05T12:02:33Z,2026-08-05T14:02:33+0200,a602df8b-e77d-453c-80cb-eeacd1e89d3b,2026-07-17T03:00:00Z,2026-07-17T05:00:00+0200,155.88,EUR/MWh,FR,FR,imbalance_price,Long,2026-08-05T12:06:18Z
2026-08-05T12:02:33Z,2026-08-05T14:02:33+0200,a602df8b-e77d-453c-80cb-eeacd1e89d3b,2026-07-17T03:00:00Z,2026-07-17T05:00:00+0200,170.56,EUR/MWh,FR,FR,imbalance_price,Short,2026-08-05T12:06:18Z
2026-08-05T12:02:33Z,2026-08-05T14:02:33+0200,a602df8b-e77d-453c-80cb-eeacd1e89d3b,2026-07-17T03:15:00Z,2026-07-17T05:15:00+0200,158.39,EUR/MWh,FR,FR,imbalance_price,Long,2026-08-05T12:06:18Z
2026-08-05T12:02:33Z,2026-08-05T14:02:33+0200,a602df8b-e77d-453c-80cb-eeacd1e89d3b,2026-07-17T03:15:00Z,2026-07-17T05:15:00+0200,173.31,EUR/MWh,FR,FR,imbalance_price,Short,2026-08-05T12:06:18Z
2026-08-05T12:02:33Z,2026-08-05T14:02:33+0200,a602df8b-e77d-453c-80cb-eeacd1e89d3b,2026-07-17T03:30:00Z,2026-07-17T05:30:00+0200,158.88,EUR/MWh,FR,FR,imbalance_price,Long,2026-08-05T12:06:18Z
2026-08-05T12:02:33Z,2026-08-05T14:02:33+0200,a602df8b-e77d-453c-80cb-eeacd1e89d3b,2026-07-17T03:30:00Z,2026-07-17T05:30:00+0200,173.86,EUR/MWh,FR,FR,imbalance_price,Short,2026-08-05T12:06:18Z
2026-08-05T12:02:33Z,2026-08-05T14:02:33+0200,a602df8b-e77d-453c-80cb-eeacd1e89d3b,2026-07-17T03:45:00Z,2026-07-17T05:45:00+0200,158.88,EUR/MWh,FR,FR,imbalance_price,Long,2026-08-05T12:06:18Z
2026-08-05T12:02:33Z,2026-08-05T14:02:33+0200,a602df8b-e77d-453c-80cb-eeacd1e89d3b,2026-07-17T03:45:00Z,2026-07-17T05:45:00+0200,173.86,EUR/MWh,FR,FR,imbalance_price,Short,2026-08-05T12:06:18Z
2026-08-05T12:02:33Z,2026-08-05T14:02:33+0200,a602df8b-e77d-453c-80cb-eeacd1e89d3b,2026-07-17T04:00:00Z,2026-07-17T06:00:00+0200,171.94,EUR/MWh,FR,FR,imbalance_price,Long,2026-08-05T12:06:18Z
2026-08-05T12:02:33Z,2026-08-05T14:02:33+0200,a602df8b-e77d-453c-80cb-eeacd1e89d3b,2026-07-17T04:00:00Z,2026-07-17T06:00:00+0200,188.14,EUR/MWh,FR,FR,imbalance_price,Short,2026-08-05T12:06:18Z
2026-08-05T12:02:33Z,2026-08-05T14:02:33+0200,a602df8b-e77d-453c-80cb-eeacd1e89d3b,2026-07-17T04:15:00Z,2026-07-17T06:15:00+0200,172.19,EUR/MWh,FR,FR,imbalance_price,Long,2026-08-05T12:06:18Z
2026-08-05T12:02:33Z,2026-08-05T14:02:33+0200,a602df8b-e77d-453c-80cb-eeacd1e89d3b,2026-07-17T04:15:00Z,2026-07-17T06:15:00+0200,188.41,EUR/MWh,FR,FR,imbalance_price,Short,2026-08-05T12:06:18Z
2026-08-05T12:02:33Z,2026-08-05T14:02:33+0200,a602df8b-e77d-453c-80cb-eeacd1e89d3b,2026-07-17T04:30:00Z,2026-07-17T06:30:00+0200,172.19,EUR/MWh,FR,FR,imbalance_price,Long,2026-08-05T12:06:18Z
2026-08-05T12:02:33Z,2026-08-05T14:02:33+0200,a602df8b-e77d-453c-80cb-eeacd1e89d3b,2026-07-17T04:30:00Z,2026-07-17T06:30:00+0200,188.41,EUR/MWh,FR,FR,imbalance_price,Short,2026-08-05T12:06:18Z
2026-08-05T12:02:33Z,2026-08-05T14:02:33+0200,a602df8b-e77d-453c-80cb-eeacd1e89d3b,2026-07-17T04:45:00Z,2026-07-17T06:45:00+0200,172.19,EUR/MWh,FR,FR,imbalance_price,Long,2026-08-05T12:06:18Z
2026-08-05T12:02:33Z,2026-08-05T14:02:33+0200,a602df8b-e77d-453c-80cb-eeacd1e89d3b,2026-07-17T04:45:00Z,2026-07-17T06:45:00+0200,188.41,EUR/MWh,FR,FR,imbalance_price,Short,2026-08-05T12:06:18Z
2026-08-05T12:02:33Z,2026-08-05T14:02:33+0200,a602df8b-e77d-453c-80cb-eeacd1e89d3b,2026-07-17T05:00:00Z,2026-07-17T07:00:00+0200,129.39,EUR/MWh,FR,FR,imbalance_price,Long,2026-08-05T12:06:18Z
2026-08-05T12:02:33Z,2026-08-05T14:02:33+0200,a602df8b-e77d-453c-80cb-eeacd1e89d3b,2026-07-17T05:00:00Z,2026-07-17T07:00:00+0200,141.59,EUR/MWh,FR,FR,imbalance_price,Short,2026-08-05T12:06:18Z
2026-08-05T12:02:33Z,2026-08-05T14:02:33+0200,a602df8b-e77d-453c-80cb-eeacd1e89d3b,2026-07-17T05:15:00Z,2026-07-17T07:15:00+0200,101.46,EUR/MWh,FR,FR,imbalance_price,Long,2026-08-05T12:06:18Z
2026-08-05T12:02:33Z,2026-08-05T14:02:33+0200,a602df8b-e77d-453c-80cb-eeacd1e89d3b,2026-07-17T05:15:00Z,2026-07-17T07:15:00+0200,111.02,EUR/MWh,FR,FR,imbalance_price,Short,2026-08-05T12:06:18Z
2026-08-05T12:02:33Z,2026-08-05T14:02:33+0200,a602df8b-e77d-453c-80cb-eeacd1e89d3b,2026-07-17T05:30:00Z,2026-07-17T07:30:00+0200,134.11,EUR/MWh,FR,FR,imbalance_price,Long,2026-08-05T12:06:18Z
2026-08-05T12:02:33Z,2026-08-05T14:02:33+0200,a602df8b-e77d-453c-80cb-eeacd1e89d3b,2026-07-17T05:30:00Z,2026-07-17T07:30:00+0200,146.75,EUR/MWh,FR,FR,imbalance_price,Short,2026-08-05T12:06:18Z
2026-08-05T12:02:33Z,2026-08-05T14:02:33+0200,a602df8b-e77d-453c-80cb-eeacd1e89d3b,2026-07-17T05:45:00Z,2026-07-17T07:45:00+0200,154.74,EUR/MWh,FR,FR,imbalance_price,Long,2026-08-05T12:06:18Z
2026-08-05T12:02:33Z,2026-08-05T14:02:33+0200,a602df8b-e77d-453c-80cb-eeacd1e89d3b,2026-07-17T05:45:00Z,2026-07-17T07:45:00+0200,169.32,EUR/MWh,FR,FR,imbalance_price,Short,2026-08-05T12:06:18Z
2026-08-05T12:02:33Z,2026-08-05T14:02:33+0200,a602df8b-e77d-453c-80cb-eeacd1e89d3b,2026-07-17T06:00:00Z,2026-07-17T08:00:00+0200,106.96,EUR/MWh,FR,FR,imbalance_price,Long,2026-08-05T12:06:18Z
2026-08-05T12:02:33Z,2026-08-05T14:02:33+0200,a602df8b-e77d-453c-80cb-eeacd1e89d3b,2026-07-17T06:00:00Z,2026-07-17T08:00:00+0200,117.04,EUR/MWh,FR,FR,imbalance_price,Short,2026-08-05T12:06:18Z
2026-08-05T12:02:33Z,2026-08-05T14:02:33+0200,a602df8b-e77d-453c-80cb-eeacd1e89d3b,2026-07-17T06:15:00Z,2026-07-17T08:15:00+0200,156.49,EUR/MWh,FR,FR,imbalance_price,Long,2026-08-05T12:06:18Z
2026-08-05T12:02:33Z,2026-08-05T14:02:33+0200,a602df8b-e77d-453c-80cb-eeacd1e89d3b,2026-07-17T06:15:00Z,2026-07-17T08:15:00+0200,171.23,EUR/MWh,FR,FR,imbalance_price,Short,2026-08-05T12:06:18Z
2026-08-05T12:02:33Z,2026-08-05T14:02:33+0200,a602df8b-e77d-453c-80cb-eeacd1e89d3b,2026-07-17T06:30:00Z,2026-07-17T08:30:00+0200,149.72,EUR/MWh,FR,FR,imbalance_price,Long,2026-08-05T12:06:18Z
2026-08-05T12:02:33Z,2026-08-05T14:02:33+0200,a602df8b-e77d-453c-80cb-eeacd1e89d3b,2026-07-17T06:30:00Z,2026-07-17T08:30:00+0200,163.82,EUR/MWh,FR,FR,imbalance_price,Short,2026-08-05T12:06:18Z
2026-08-05T12:02:33Z,2026-08-05T14:02:33+0200,a602df8b-e77d-453c-80cb-eeacd1e89d3b,2026-07-17T06:45:00Z,2026-07-17T08:45:00+0200,111.84,EUR/MWh,FR,FR,imbalance_price,Long,2026-08-05T12:06:18Z
2026-08-05T12:02:33Z,2026-08-05T14:02:33+0200,a602df8b-e77d-453c-80cb-eeacd1e89d3b,2026-07-17T06:45:00Z,2026-07-17T08:45:00+0200,122.38,EUR/MWh,FR,FR,imbalance_price,Short,2026-08-05T12:06:18Z
2026-08-05T12:02:33Z,2026-08-05T14:02:33+0200,a602df8b-e77d-453c-80cb-eeacd1e89d3b,2026-07-17T07:00:00Z,2026-07-17T09:00:00+0200,149.34,EUR/MWh,FR,FR,imbalance_price,Long,2026-08-05T12:06:18Z
2026-08-05T12:02:33Z,2026-08-05T14:02:33+0200,a602df8b-e77d-453c-80cb-eeacd1e89d3b,2026-07-17T07:00:00Z,2026-07-17T09:00:00+0200,163.42,EUR/MWh,FR,FR,imbalance_price,Short,2026-08-05T12:06:18Z
2026-08-05T12:02:33Z,2026-08-05T14:02:33+0200,a602df8b-e77d-453c-80cb-eeacd1e89d3b,2026-07-17T07:15:00Z,2026-07-17T09:15:00+0200,76.74,EUR/MWh,FR,FR,imbalance_price,Long,2026-08-05T12:06:18Z
2026-08-05T12:02:33Z,2026-08-05T14:02:33+0200,a602df8b-e77d-453c-80cb-eeacd1e89d3b,2026-07-17T07:15:00Z,2026-07-17T09:15:00+0200,83.98,EUR/MWh,FR,FR,imbalance_price,Short,2026-08-05T12:06:18Z
2026-08-05T12:02:33Z,2026-08-05T14:02:33+0200,a602df8b-e77d-453c-80cb-eeacd1e89d3b,2026-07-17T07:30:00Z,2026-07-17T09:30:00+0200,80.92,EUR/MWh,FR,FR,imbalance_price,Long,2026-08-05T12:06:18Z
2026-08-05T12:02:33Z,2026-08-05T14:02:33+0200,a602df8b-e77d-453c-80cb-eeacd1e89d3b,2026-07-17T07:30:00Z,2026-07-17T09:30:00+0200,88.54,EUR/MWh,FR,FR,imbalance_price,Short,2026-08-05T12:06:18Z
2026-08-05T12:02:33Z,2026-08-05T14:02:33+0200,a602df8b-e77d-453c-80cb-eeacd1e89d3b,2026-07-17T07:45:00Z,2026-07-17T09:45:00+0200,91.15,EUR/MWh,FR,FR,imbalance_price,Long,2026-08-05T12:06:18Z
2026-08-05T12:02:33Z,2026-08-05T14:02:33+0200,a602df8b-e77d-453c-80cb-eeacd1e89d3b,2026-07-17T07:45:00Z,2026-07-17T09:45:00+0200,99.75,EUR/MWh,FR,FR,imbalance_price,Short,2026-08-05T12:06:18Z
2026-08-05T12:02:33Z,2026-08-05T14:02:33+0200,a602df8b-e77d-453c-80cb-eeacd1e89d3b,2026-07-17T08:00:00Z,2026-07-17T10:00:00+0200,32.96,EUR/MWh,FR,FR,imbalance_price,Long,2026-08-05T12:06:18Z
2026-08-05T12:02:33Z,2026-08-05T14:02:33+0200,a602df8b-e77d-453c-80cb-eeacd1e89d3b,2026-07-17T08:00:00Z,2026-07-17T10:00:00+0200,36.06,EUR/MWh,FR,FR,imbalance_price,Short,2026-08-05T12:06:18Z
2026-08-05T12:02:33Z,2026-08-05T14:02:33+0200,a602df8b-e77d-453c-80cb-eeacd1e89d3b,2026-07-17T08:15:00Z,2026-07-17T10:15:00+0200,49.77,EUR/MWh,FR,FR,imbalance_price,Long,2026-08-05T12:06:18Z
2026-08-05T12:02:33Z,2026-08-05T14:02:33+0200,a602df8b-e77d-453c-80cb-eeacd1e89d3b,2026-07-17T08:15:00Z,2026-07-17T10:15:00+0200,54.45,EUR/MWh,FR,FR,imbalance_price,Short,2026-08-05T12:06:18Z
2026-08-05T12:02:33Z,2026-08-05T14:02:33+0200,a602df8b-e77d-453c-80cb-eeacd1e89d3b,2026-07-17T08:30:00Z,2026-07-17T10:30:00+0200,98.58,EUR/MWh,FR,FR,imbalance_price,Long,2026-08-05T12:06:18Z
2026-08-05T12:02:33Z,2026-08-05T14:02:33+0200,a602df8b-e77d-453c-80cb-eeacd1e89d3b,2026-07-17T08:30:00Z,2026-07-17T10:30:00+0200,107.88,EUR/MWh,FR,FR,imbalance_price,Short,2026-08-05T12:06:18Z
2026-08-05T12:02:33Z,2026-08-05T14:02:33+0200,a602df8b-e77d-453c-80cb-eeacd1e89d3b,2026-07-17T08:45:00Z,2026-07-17T10:45:00+0200,100.83,EUR/MWh,FR,FR,imbalance_price,Long,2026-08-05T12:06:18Z
2026-08-05T12:02:33Z,2026-08-05T14:02:33+0200,a602df8b-e77d-453c-80cb-eeacd1e89d3b,2026-07-17T08:45:00Z,2026-07-17T10:45:00+0200,110.33,EUR/MWh,FR,FR,imbalance_price,Short,2026-08-05T12:06:18Z
2026-08-05T12:02:33Z,2026-08-05T14:02:33+0200,a602df8b-e77d-453c-80cb-eeacd1e89d3b,2026-07-17T09:00:00Z,2026-07-17T11:00:00+0200,139.97,EUR/MWh,FR,FR,imbalance_price,Long,2026-08-05T12:06:18Z
2026-08-05T12:02:33Z,2026-08-05T14:02:33+0200,a602df8b-e77d-453c-80cb-eeacd1e89d3b,2026-07-17T09:00:00Z,2026-07-17T11:00:00+0200,153.17,EUR/MWh,FR,FR,imbalance_price,Short,2026-08-05T12:06:18Z
2026-08-05T12:02:33Z,2026-08-05T14:02:33+0200,a602df8b-e77d-453c-80cb-eeacd1e89d3b,2026-07-17T09:15:00Z,2026-07-17T11:15:00+0200,126.55,EUR/MWh,FR,FR,imbalance_price,Long,2026-08-05T12:06:18Z
2026-08-05T12:02:33Z,2026-08-05T14:02:33+0200,a602df8b-e77d-453c-80cb-eeacd1e89d3b,2026-07-17T09:15:00Z,2026-07-17T11:15:00+0200,138.47,EUR/MWh,FR,FR,imbalance_price,Short,2026-08-05T12:06:18Z
2026-08-05T12:02:33Z,2026-08-05T14:02:33+0200,a602df8b-e77d-453c-80cb-eeacd1e89d3b,2026-07-17T09:30:00Z,2026-07-17T11:30:00+0200,122.34,EUR/MWh,FR,FR,imbalance_price,Long,2026-08-05T12:06:18Z
2026-08-05T12:02:33Z,2026-08-05T14:02:33+0200,a602df8b-e77d-453c-80cb-eeacd1e89d3b,2026-07-17T09:30:00Z,2026-07-17T11:30:00+0200,133.86,EUR/MWh,FR,FR,imbalance_price,Short,2026-08-05T12:06:18Z
2026-08-05T12:02:33Z,2026-08-05T14:02:33+0200,a602df8b-e77d-453c-80cb-eeacd1e89d3b,2026-07-17T09:45:00Z,2026-07-17T11:45:00+0200,117.01,EUR/MWh,FR,FR,imbalance_price,Long,2026-08-05T12:06:18Z
2026-08-05T12:02:33Z,2026-08-05T14:02:33+0200,a602df8b-e77d-453c-80cb-eeacd1e89d3b,2026-07-17T09:45:00Z,2026-07-17T11:45:00+0200,128.03,EUR/MWh,FR,FR,imbalance_price,Short,2026-08-05T12:06:18Z
2026-08-05T12:02:33Z,2026-08-05T14:02:33+0200,a602df8b-e77d-453c-80cb-eeacd1e89d3b,2026-07-17T10:00:00Z,2026-07-17T12:00:00+0200,107.5,EUR/MWh,FR,FR,imbalance_price,Long,2026-08-05T12:06:18Z
2026-08-05T12:02:33Z,2026-08-05T14:02:33+0200,a602df8b-e77d-453c-80cb-eeacd1e89d3b,2026-07-17T10:00:00Z,2026-07-17T12:00:00+0200,117.64,EUR/MWh,FR,FR,imbalance_price,Short,2026-08-05T12:06:18Z
2026-08-05T12:02:33Z,2026-08-05T14:02:33+0200,a602df8b-e77d-453c-80cb-eeacd1e89d3b,2026-07-17T10:15:00Z,2026-07-17T12:15:00+0200,113.67,EUR/MWh,FR,FR,imbalance_price,Long,2026-08-05T12:06:18Z
2026-08-05T12:02:33Z,2026-08-05T14:02:33+0200,a602df8b-e77d-453c-80cb-eeacd1e89d3b,2026-07-17T10:15:00Z,2026-07-17T12:15:00+0200,124.39,EUR/MWh,FR,FR,imbalance_price,Short,2026-08-05T12:06:18Z
2026-08-05T12:02:33Z,2026-08-05T14:02:33+0200,a602df8b-e77d-453c-80cb-eeacd1e89d3b,2026-07-17T10:30:00Z,2026-07-17T12:30:00+0200,109.89,EUR/MWh,FR,FR,imbalance_price,Long,2026-08-05T12:06:18Z
2026-08-05T12:02:33Z,2026-08-05T14:02:33+0200,a602df8b-e77d-453c-80cb-eeacd1e89d3b,2026-07-17T10:30:00Z,2026-07-17T12:30:00+0200,120.25,EUR/MWh,FR,FR,imbalance_price,Short,2026-08-05T12:06:18Z
2026-08-05T12:02:33Z,2026-08-05T14:02:33+0200,a602df8b-e77d-453c-80cb-eeacd1e89d3b,2026-07-17T10:45:00Z,2026-07-17T12:45:00+0200,103.06,EUR/MWh,FR,FR,imbalance_price,Long,2026-08-05T12:06:18Z
2026-08-05T12:02:33Z,2026-08-05T14:02:33+0200,a602df8b-e77d-453c-80cb-eeacd1e89d3b,2026-07-17T10:45:00Z,2026-07-17T12:45:00+0200,112.78,EUR/MWh,FR,FR,imbalance_price,Short,2026-08-05T12:06:18Z
2026-08-05T12:02:33Z,2026-08-05T14:02:33+0200,a602df8b-e77d-453c-80cb-eeacd1e89d3b,2026-07-17T11:00:00Z,2026-07-17T13:00:00+0200,115.53,EUR/MWh,FR,FR,imbalance_price,Long,2026-08-05T12:06:18Z
2026-08-05T12:02:33Z,2026-08-05T14:02:33+0200,a602df8b-e77d-453c-80cb-eeacd1e89d3b,2026-07-17T11:00:00Z,2026-07-17T13:00:00+0200,126.41,EUR/MWh,FR,FR,imbalance_price,Short,2026-08-05T12:06:18Z
2026-08-05T12:02:33Z,2026-08-05T14:02:33+0200,a602df8b-e77d-453c-80cb-eeacd1e89d3b,2026-07-17T11:15:00Z,2026-07-17T13:15:00+0200,113.92,EUR/MWh,FR,FR,imbalance_price,Long,2026-08-05T12:06:18Z
2026-08-05T12:02:33Z,2026-08-05T14:02:33+0200,a602df8b-e77d-453c-80cb-eeacd1e89d3b,2026-07-17T11:15:00Z,2026-07-17T13:15:00+0200,124.66,EUR/MWh,FR,FR,imbalance_price,Short,2026-08-05T12:06:18Z
2026-08-05T12:02:33Z,2026-08-05T14:02:33+0200,a602df8b-e77d-453c-80cb-eeacd1e89d3b,2026-07-17T11:30:00Z,2026-07-17T13:30:00+0200,119.27,EUR/MWh,FR,FR,imbalance_price,Long,2026-08-05T12:06:18Z
2026-08-05T12:02:33Z,2026-08-05T14:02:33+0200,a602df8b-e77d-453c-80cb-eeacd1e89d3b,2026-07-17T11:30:00Z,2026-07-17T13:30:00+0200,130.51,EUR/MWh,FR,FR,imbalance_price,Short,2026-08-05T12:06:18Z
2026-08-05T12:02:33Z,2026-08-05T14:02:33+0200,a602df8b-e77d-453c-80cb-eeacd1e89d3b,2026-07-17T11:45:00Z,2026-07-17T13:45:00+0200,117.83,EUR/MWh,FR,FR,imbalance_price,Long,2026-08-05T12:06:18Z
2026-08-05T12:02:33Z,2026-08-05T14:02:33+0200,a602df8b-e77d-453c-80cb-eeacd1e89d3b,2026-07-17T11:45:00Z,2026-07-17T13:45:00+0200,128.93,EUR/MWh,FR,FR,imbalance_price,Short,2026-08-05T12:06:18Z
2026-08-05T12:02:33Z,2026-08-05T14:02:33+0200,a602df8b-e77d-453c-80cb-eeacd1e89d3b,2026-07-17T12:00:00Z,2026-07-17T14:00:00+0200,121.17,EUR/MWh,FR,FR,imbalance_price,Long,2026-08-05T12:06:18Z
2026-08-05T12:02:33Z,2026-08-05T14:02:33+0200,a602df8b-e77d-453c-80cb-eeacd1e89d3b,2026-07-17T12:00:00Z,2026-07-17T14:00:00+0200,132.59,EUR/MWh,FR,FR,imbalance_price,Short,2026-08-05T12:06:18Z
2026-08-05T12:02:33Z,2026-08-05T14:02:33+0200,a602df8b-e77d-453c-80cb-eeacd1e89d3b,2026-07-17T12:15:00Z,2026-07-17T14:15:00+0200,114.81,EUR/MWh,FR,FR,imbalance_price,Long,2026-08-05T12:06:18Z
2026-08-05T12:02:33Z,2026-08-05T14:02:33+0200,a602df8b-e77d-453c-80cb-eeacd1e89d3b,2026-07-17T12:15:00Z,2026-07-17T14:15:00+0200,125.63,EUR/MWh,FR,FR,imbalance_price,Short,2026-08-05T12:06:18Z
2026-08-05T12:02:33Z,2026-08-05T14:02:33+0200,a602df8b-e77d-453c-80cb-eeacd1e89d3b,2026-07-17T12:30:00Z,2026-07-17T14:30:00+0200,132.48,EUR/MWh,FR,FR,imbalance_price,Long,2026-08-05T12:06:18Z
2026-08-05T12:02:33Z,2026-08-05T14:02:33+0200,a602df8b-e77d-453c-80cb-eeacd1e89d3b,2026-07-17T12:30:00Z,2026-07-17T14:30:00+0200,144.96,EUR/MWh,FR,FR,imbalance_price,Short,2026-08-05T12:06:18Z
2026-08-05T12:02:33Z,2026-08-05T14:02:33+0200,a602df8b-e77d-453c-80cb-eeacd1e89d3b,2026-07-17T12:45:00Z,2026-07-17T14:45:00+0200,141.62,EUR/MWh,FR,FR,imbalance_price,Long,2026-08-05T12:06:18Z
2026-08-05T12:02:33Z,2026-08-05T14:02:33+0200,a602df8b-e77d-453c-80cb-eeacd1e89d3b,2026-07-17T12:45:00Z,2026-07-17T14:45:00+0200,154.96,EUR/MWh,FR,FR,imbalance_price,Short,2026-08-05T12:06:18Z
2026-08-05T12:02:33Z,2026-08-05T14:02:33+0200,a602df8b-e77d-453c-80cb-eeacd1e89d3b,2026-07-17T13:00:00Z,2026-07-17T15:00:00+0200,144.05,EUR/MWh,FR,FR,imbalance_price,Long,2026-08-05T12:06:18Z
2026-08-05T12:02:33Z,2026-08-05T14:02:33+0200,a602df8b-e77d-453c-80cb-eeacd1e89d3b,2026-07-17T13:00:00Z,2026-07-17T15:00:00+0200,157.63,EUR/MWh,FR,FR,imbalance_price,Short,2026-08-05T12:06:18Z
2026-08-05T12:02:33Z,2026-08-05T14:02:33+0200,a602df8b-e77d-453c-80cb-eeacd1e89d3b,2026-07-17T13:15:00Z,2026-07-17T15:15:00+0200,150.06,EUR/MWh,FR,FR,imbalance_price,Long,2026-08-05T12:06:18Z
2026-08-05T12:02:33Z,2026-08-05T14:02:33+0200,a602df8b-e77d-453c-80cb-eeacd1e89d3b,2026-07-17T13:15:00Z,2026-07-17T15:15:00+0200,164.2,EUR/MWh,FR,FR,imbalance_price,Short,2026-08-05T12:06:18Z
2026-08-05T12:02:33Z,2026-08-05T14:02:33+0200,a602df8b-e77d-453c-80cb-eeacd1e89d3b,2026-07-17T13:30:00Z,2026-07-17T15:30:00+0200,153.52,EUR/MWh,FR,FR,imbalance_price,Long,2026-08-05T12:06:18Z
2026-08-05T12:02:33Z,2026-08-05T14:02:33+0200,a602df8b-e77d-453c-80cb-eeacd1e89d3b,2026-07-17T13:30:00Z,2026-07-17T15:30:00+0200,167.98,EUR/MWh,FR,FR,imbalance_price,Short,2026-08-05T12:06:18Z
2026-08-05T12:02:33Z,2026-08-05T14:02:33+0200,a602df8b-e77d-453c-80cb-eeacd1e89d3b,2026-07-17T13:45:00Z,2026-07-17T15:45:00+0200,152.69,EUR/MWh,FR,FR,imbalance_price,Long,2026-08-05T12:06:18Z
2026-08-05T12:02:33Z,2026-08-05T14:02:33+0200,a602df8b-e77d-453c-80cb-eeacd1e89d3b,2026-07-17T13:45:00Z,2026-07-17T15:45:00+0200,167.09,EUR/MWh,FR,FR,imbalance_price,Short,2026-08-05T12:06:18Z
2026-08-05T12:02:33Z,2026-08-05T14:02:33+0200,a602df8b-e77d-453c-80cb-eeacd1e89d3b,2026-07-17T14:00:00Z,2026-07-17T16:00:00+0200,145.75,EUR/MWh,FR,FR,imbalance_price,Long,2026-08-05T12:06:18Z
2026-08-05T12:02:33Z,2026-08-05T14:02:33+0200,a602df8b-e77d-453c-80cb-eeacd1e89d3b,2026-07-17T14:00:00Z,2026-07-17T16:00:00+0200,159.49,EUR/MWh,FR,FR,imbalance_price,Short,2026-08-05T12:06:18Z
2026-08-05T12:02:33Z,2026-08-05T14:02:33+0200,a602df8b-e77d-453c-80cb-eeacd1e89d3b,2026-07-17T14:15:00Z,2026-07-17T16:15:00+0200,147.31,EUR/MWh,FR,FR,imbalance_price,Long,2026-08-05T12:06:18Z
2026-08-05T12:02:33Z,2026-08-05T14:02:33+0200,a602df8b-e77d-453c-80cb-eeacd1e89d3b,2026-07-17T14:15:00Z,2026-07-17T16:15:00+0200,161.19,EUR/MWh,FR,FR,imbalance_price,Short,2026-08-05T12:06:18Z
2026-08-05T12:02:33Z,2026-08-05T14:02:33+0200,a602df8b-e77d-453c-80cb-eeacd1e89d3b,2026-07-17T14:30:00Z,2026-07-17T16:30:00+0200,150.58,EUR/MWh,FR,FR,imbalance_price,Long,2026-08-05T12:06:18Z
2026-08-05T12:02:33Z,2026-08-05T14:02:33+0200,a602df8b-e77d-453c-80cb-eeacd1e89d3b,2026-07-17T14:30:00Z,2026-07-17T16:30:00+0200,164.78,EUR/MWh,FR,FR,imbalance_price,Short,2026-08-05T12:06:18Z
2026-08-05T12:02:33Z,2026-08-05T14:02:33+0200,a602df8b-e77d-453c-80cb-eeacd1e89d3b,2026-07-17T14:45:00Z,2026-07-17T16:45:00+0200,147.45,EUR/MWh,FR,FR,imbalance_price,Long,2026-08-05T12:06:18Z
2026-08-05T12:02:33Z,2026-08-05T14:02:33+0200,a602df8b-e77d-453c-80cb-eeacd1e89d3b,2026-07-17T14:45:00Z,2026-07-17T16:45:00+0200,161.35,EUR/MWh,FR,FR,imbalance_price,Short,2026-08-05T12:06:18Z
2026-08-05T12:02:33Z,2026-08-05T14:02:33+0200,a602df8b-e77d-453c-80cb-eeacd1e89d3b,2026-07-17T15:00:00Z,2026-07-17T17:00:00+0200,116.91,EUR/MWh,FR,FR,imbalance_price,Long,2026-08-05T12:06:18Z
2026-08-05T12:02:33Z,2026-08-05T14:02:33+0200,a602df8b-e77d-453c-80cb-eeacd1e89d3b,2026-07-17T15:00:00Z,2026-07-17T17:00:00+0200,127.93,EUR/MWh,FR,FR,imbalance_price,Short,2026-08-05T12:06:18Z
2026-08-05T12:02:33Z,2026-08-05T14:02:33+0200,a602df8b-e77d-453c-80cb-eeacd1e89d3b,2026-07-17T15:15:00Z,2026-07-17T17:15:00+0200,126.94,EUR/MWh,FR,FR,imbalance_price,Long,2026-08-05T12:06:18Z
2026-08-05T12:02:33Z,2026-08-05T14:02:33+0200,a602df8b-e77d-453c-80cb-eeacd1e89d3b,2026-07-17T15:15:00Z,2026-07-17T17:15:00+0200,138.9,EUR/MWh,FR,FR,imbalance_price,Short,2026-08-05T12:06:18Z
2026-08-05T12:02:33Z,2026-08-05T14:02:33+0200,a602df8b-e77d-453c-80cb-eeacd1e89d3b,2026-07-17T15:30:00Z,2026-07-17T17:30:00+0200,133.15,EUR/MWh,FR,FR,imbalance_price,Long,2026-08-05T12:06:18Z
2026-08-05T12:02:33Z,2026-08-05T14:02:33+0200,a602df8b-e77d-453c-80cb-eeacd1e89d3b,2026-07-17T15:30:00Z,2026-07-17T17:30:00+0200,145.69,EUR/MWh,FR,FR,imbalance_price,Short,2026-08-05T12:06:18Z
2026-08-05T12:02:33Z,2026-08-05T14:02:33+0200,a602df8b-e77d-453c-80cb-eeacd1e89d3b,2026-07-17T15:45:00Z,2026-07-17T17:45:00+0200,134.02,EUR/MWh,FR,FR,imbalance_price,Long,2026-08-05T12:06:18Z
2026-08-05T12:02:33Z,2026-08-05T14:02:33+0200,a602df8b-e77d-453c-80cb-eeacd1e89d3b,2026-07-17T15:45:00Z,2026-07-17T17:45:00+0200,146.64,EUR/MWh,FR,FR,imbalance_price,Short,2026-08-05T12:06:18Z
2026-08-05T12:02:33Z,2026-08-05T14:02:33+0200,a602df8b-e77d-453c-80cb-eeacd1e89d3b,2026-07-17T16:00:00Z,2026-07-17T18:00:00+0200,145.14,EUR/MWh,FR,FR,imbalance_price,Long,2026-08-05T12:06:18Z
2026-08-05T12:02:33Z,2026-08-05T14:02:33+0200,a602df8b-e77d-453c-80cb-eeacd1e89d3b,2026-07-17T16:00:00Z,2026-07-17T18:00:00+0200,158.82,EUR/MWh,FR,FR,imbalance_price,Short,2026-08-05T12:06:18Z
2026-08-05T12:02:33Z,2026-08-05T14:02:33+0200,a602df8b-e77d-453c-80cb-eeacd1e89d3b,2026-07-17T16:15:00Z,2026-07-17T18:15:00+0200,161.85,EUR/MWh,FR,FR,imbalance_price,Long,2026-08-05T12:06:18Z
2026-08-05T12:02:33Z,2026-08-05T14:02:33+0200,a602df8b-e77d-453c-80cb-eeacd1e89d3b,2026-07-17T16:15:00Z,2026-07-17T18:15:00+0200,177.11,EUR/MWh,FR,FR,imbalance_price,Short,2026-08-05T12:06:18Z
2026-08-05T12:02:33Z,2026-08-05T14:02:33+0200,a602df8b-e77d-453c-80cb-eeacd1e89d3b,2026-07-17T16:30:00Z,2026-07-17T18:30:00+0200,155.0,EUR/MWh,FR,FR,imbalance_price,Long,2026-08-05T12:06:18Z
2026-08-05T12:02:33Z,2026-08-05T14:02:33+0200,a602df8b-e77d-453c-80cb-eeacd1e89d3b,2026-07-17T16:30:00Z,2026-07-17T18:30:00+0200,169.6,EUR/MWh,FR,FR,imbalance_price,Short,2026-08-05T12:06:18Z
2026-08-05T12:02:33Z,2026-08-05T14:02:33+0200,a602df8b-e77d-453c-80cb-eeacd1e89d3b,2026-07-17T16:45:00Z,2026-07-17T18:45:00+0200,159.84,EUR/MWh,FR,FR,imbalance_price,Long,2026-08-05T12:06:18Z
2026-08-05T12:02:33Z,2026-08-05T14:02:33+0200,a602df8b-e77d-453c-80cb-eeacd1e89d3b,2026-07-17T16:45:00Z,2026-07-17T18:45:00+0200,174.9,EUR/MWh,FR,FR,imbalance_price,Short,2026-08-05T12:06:18Z
2026-08-05T12:02:33Z,2026-08-05T14:02:33+0200,a602df8b-e77d-453c-80cb-eeacd1e89d3b,2026-07-17T17:00:00Z,2026-07-17T19:00:00+0200,152.81,EUR/MWh,FR,FR,imbalance_price,Long,2026-08-05T12:06:18Z
2026-08-05T12:02:33Z,2026-08-05T14:02:33+0200,a602df8b-e77d-453c-80cb-eeacd1e89d3b,2026-07-17T17:00:00Z,2026-07-17T19:00:00+0200,167.21,EUR/MWh,FR,FR,imbalance_price,Short,2026-08-05T12:06:18Z
2026-08-05T12:02:33Z,2026-08-05T14:02:33+0200,a602df8b-e77d-453c-80cb-eeacd1e89d3b,2026-07-17T17:15:00Z,2026-07-17T19:15:00+0200,136.95,EUR/MWh,FR,FR,imbalance_price,Long,2026-08-05T12:06:18Z
2026-08-05T12:02:33Z,2026-08-05T14:02:33+0200,a602df8b-e77d-453c-80cb-eeacd1e89d3b,2026-07-17T17:15:00Z,2026-07-17T19:15:00+0200,149.85,EUR/MWh,FR,FR,imbalance_price,Short,2026-08-05T12:06:18Z
2026-08-05T12:02:33Z,2026-08-05T14:02:33+0200,a602df8b-e77d-453c-80cb-eeacd1e89d3b,2026-07-17T17:30:00Z,2026-07-17T19:30:00+0200,155.94,EUR/MWh,FR,FR,imbalance_price,Long,2026-08-05T12:06:18Z
2026-08-05T12:02:33Z,2026-08-05T14:02:33+0200,a602df8b-e77d-453c-80cb-eeacd1e89d3b,2026-07-17T17:30:00Z,2026-07-17T19:30:00+0200,170.64,EUR/MWh,FR,FR,imbalance_price,Short,2026-08-05T12:06:18Z
2026-08-05T12:02:33Z,2026-08-05T14:02:33+0200,a602df8b-e77d-453c-80cb-eeacd1e89d3b,2026-07-17T17:45:00Z,2026-07-17T19:45:00+0200,150.22,EUR/MWh,FR,FR,imbalance_price,Long,2026-08-05T12:06:18Z
2026-08-05T12:02:33Z,2026-08-05T14:02:33+0200,a602df8b-e77d-453c-80cb-eeacd1e89d3b,2026-07-17T17:45:00Z,2026-07-17T19:45:00+0200,164.38,EUR/MWh,FR,FR,imbalance_price,Short,2026-08-05T12:06:18Z
2026-08-05T12:02:33Z,2026-08-05T14:02:33+0200,a602df8b-e77d-453c-80cb-eeacd1e89d3b,2026-07-17T18:00:00Z,2026-07-17T20:00:00+0200,161.23,EUR/MWh,FR,FR,imbalance_price,Long,2026-08-05T12:06:18Z
2026-08-05T12:02:33Z,2026-08-05T14:02:33+0200,a602df8b-e77d-453c-80cb-eeacd1e89d3b,2026-07-17T18:00:00Z,2026-07-17T20:00:00+0200,176.43,EUR/MWh,FR,FR,imbalance_price,Short,2026-08-05T12:06:18Z
2026-08-05T12:02:33Z,2026-08-05T14:02:33+0200,a602df8b-e77d-453c-80cb-eeacd1e89d3b,2026-07-17T18:15:00Z,2026-07-17T20:15:00+0200,161.16,EUR/MWh,FR,FR,imbalance_price,Long,2026-08-05T12:06:18Z
2026-08-05T12:02:33Z,2026-08-05T14:02:33+0200,a602df8b-e77d-453c-80cb-eeacd1e89d3b,2026-07-17T18:15:00Z,2026-07-17T20:15:00+0200,176.34,EUR/MWh,FR,FR,imbalance_price,Short,2026-08-05T12:06:18Z
2026-08-05T12:02:33Z,2026-08-05T14:02:33+0200,a602df8b-e77d-453c-80cb-eeacd1e89d3b,2026-07-17T18:30:00Z,2026-07-17T20:30:00+0200,-19.06,EUR/MWh,FR,FR,imbalance_price,Long,2026-08-05T12:06:18Z
2026-08-05T12:02:33Z,2026-08-05T14:02:33+0200,a602df8b-e77d-453c-80cb-eeacd1e89d3b,2026-07-17T18:30:00Z,2026-07-17T20:30:00+0200,-17.42,EUR/MWh,FR,FR,imbalance_price,Short,2026-08-05T12:06:18Z
2026-08-05T12:02:33Z,2026-08-05T14:02:33+0200,a602df8b-e77d-453c-80cb-eeacd1e89d3b,2026-07-17T18:45:00Z,2026-07-17T20:45:00+0200,159.53,EUR/MWh,FR,FR,imbalance_price,Long,2026-08-05T12:06:18Z
2026-08-05T12:02:33Z,2026-08-05T14:02:33+0200,a602df8b-e77d-453c-80cb-eeacd1e89d3b,2026-07-17T18:45:00Z,2026-07-17T20:45:00+0200,174.57,EUR/MWh,FR,FR,imbalance_price,Short,2026-08-05T12:06:18Z
2026-08-05T12:02:33Z,2026-08-05T14:02:33+0200,a602df8b-e77d-453c-80cb-eeacd1e89d3b,2026-07-17T19:00:00Z,2026-07-17T21:00:00+0200,138.74,EUR/MWh,FR,FR,imbalance_price,Long,2026-08-05T12:06:18Z
2026-08-05T12:02:33Z,2026-08-05T14:02:33+0200,a602df8b-e77d-453c-80cb-eeacd1e89d3b,2026-07-17T19:00:00Z,2026-07-17T21:00:00+0200,151.82,EUR/MWh,FR,FR,imbalance_price,Short,2026-08-05T12:06:18Z
2026-08-05T12:02:33Z,2026-08-05T14:02:33+0200,a602df8b-e77d-453c-80cb-eeacd1e89d3b,2026-07-17T19:15:00Z,2026-07-17T21:15:00+0200,158.0,EUR/MWh,FR,FR,imbalance_price,Long,2026-08-05T12:06:18Z
2026-08-05T12:02:33Z,2026-08-05T14:02:33+0200,a602df8b-e77d-453c-80cb-eeacd1e89d3b,2026-07-17T19:15:00Z,2026-07-17T21:15:00+0200,172.88,EUR/MWh,FR,FR,imbalance_price,Short,2026-08-05T12:06:18Z
2026-08-05T12:02:33Z,2026-08-05T14:02:33+0200,a602df8b-e77d-453c-80cb-eeacd1e89d3b,2026-07-17T19:30:00Z,2026-07-17T21:30:00+0200,165.28,EUR/MWh,FR,FR,imbalance_price,Long,2026-08-05T12:06:18Z
2026-08-05T12:02:33Z,2026-08-05T14:02:33+0200,a602df8b-e77d-453c-80cb-eeacd1e89d3b,2026-07-17T19:30:00Z,2026-07-17T21:30:00+0200,180.86,EUR/MWh,FR,FR,imbalance_price,Short,2026-08-05T12:06:18Z
2026-08-05T12:02:33Z,2026-08-05T14:02:33+0200,a602df8b-e77d-453c-80cb-eeacd1e89d3b,2026-07-17T19:45:00Z,2026-07-17T21:45:00+0200,183.03,EUR/MWh,FR,FR,imbalance_price,Long,2026-08-05T12:06:18Z
2026-08-05T12:02:33Z,2026-08-05T14:02:33+0200,a602df8b-e77d-453c-80cb-eeacd1e89d3b,2026-07-17T19:45:00Z,2026-07-17T21:45:00+0200,200.27,EUR/MWh,FR,FR,imbalance_price,Short,2026-08-05T12:06:18Z
2026-08-05T12:02:33Z,2026-08-05T14:02:33+0200,a602df8b-e77d-453c-80cb-eeacd1e89d3b,2026-07-17T20:00:00Z,2026-07-17T22:00:00+0200,185.61,EUR/MWh,FR,FR,imbalance_price,Long,2026-08-05T12:06:18Z
2026-08-05T12:02:33Z,2026-08-05T14:02:33+0200,a602df8b-e77d-453c-80cb-eeacd1e89d3b,2026-07-17T20:00:00Z,2026-07-17T22:00:00+0200,203.11,EUR/MWh,FR,FR,imbalance_price,Short,2026-08-05T12:06:18Z
2026-08-05T12:02:33Z,2026-08-05T14:02:33+0200,a602df8b-e77d-453c-80cb-eeacd1e89d3b,2026-07-17T20:15:00Z,2026-07-17T22:15:00+0200,165.38,EUR/MWh,FR,FR,imbalance_price,Long,2026-08-05T12:06:18Z
2026-08-05T12:02:33Z,2026-08-05T14:02:33+0200,a602df8b-e77d-453c-80cb-eeacd1e89d3b,2026-07-17T20:15:00Z,2026-07-17T22:15:00+0200,180.96,EUR/MWh,FR,FR,imbalance_price,Short,2026-08-05T12:06:18Z
2026-08-05T12:02:33Z,2026-08-05T14:02:33+0200,a602df8b-e77d-453c-80cb-eeacd1e89d3b,2026-07-17T20:30:00Z,2026-07-17T22:30:00+0200,132.61,EUR/MWh,FR,FR,imbalance_price,Long,2026-08-05T12:06:18Z
2026-08-05T12:02:33Z,2026-08-05T14:02:33+0200,a602df8b-e77d-453c-80cb-eeacd1e89d3b,2026-07-17T20:30:00Z,2026-07-17T22:30:00+0200,145.11,EUR/MWh,FR,FR,imbalance_price,Short,2026-08-05T12:06:18Z
2026-08-05T12:02:33Z,2026-08-05T14:02:33+0200,a602df8b-e77d-453c-80cb-eeacd1e89d3b,2026-07-17T20:45:00Z,2026-07-17T22:45:00+0200,134.66,EUR/MWh,FR,FR,imbalance_price,Long,2026-08-05T12:06:18Z
2026-08-05T12:02:33Z,2026-08-05T14:02:33+0200,a602df8b-e77d-453c-80cb-eeacd1e89d3b,2026-07-17T20:45:00Z,2026-07-17T22:45:00+0200,147.36,EUR/MWh,FR,FR,imbalance_price,Short,2026-08-05T12:06:18Z
2026-08-05T12:02:33Z,2026-08-05T14:02:33+0200,a602df8b-e77d-453c-80cb-eeacd1e89d3b,2026-07-17T21:00:00Z,2026-07-17T23:00:00+0200,170.1,EUR/MWh,FR,FR,imbalance_price,Long,2026-08-05T12:06:18Z
2026-08-05T12:02:33Z,2026-08-05T14:02:33+0200,a602df8b-e77d-453c-80cb-eeacd1e89d3b,2026-07-17T21:00:00Z,2026-07-17T23:00:00+0200,186.12,EUR/MWh,FR,FR,imbalance_price,Short,2026-08-05T12:06:18Z
2026-08-05T12:02:33Z,2026-08-05T14:02:33+0200,a602df8b-e77d-453c-80cb-eeacd1e89d3b,2026-07-17T21:15:00Z,2026-07-17T23:15:00+0200,169.08,EUR/MWh,FR,FR,imbalance_price,Long,2026-08-05T12:06:18Z
2026-08-05T12:02:33Z,2026-08-05T14:02:33+0200,a602df8b-e77d-453c-80cb-eeacd1e89d3b,2026-07-17T21:15:00Z,2026-07-17T23:15:00+0200,185.02,EUR/MWh,FR,FR,imbalance_price,Short,2026-08-05T12:06:18Z
2026-08-05T12:02:33Z,2026-08-05T14:02:33+0200,a602df8b-e77d-453c-80cb-eeacd1e89d3b,2026-07-17T21:30:00Z,2026-07-17T23:30:00+0200,179.51,EUR/MWh,FR,FR,imbalance_price,Long,2026-08-05T12:06:18Z
2026-08-05T12:02:33Z,2026-08-05T14:02:33+0200,a602df8b-e77d-453c-80cb-eeacd1e89d3b,2026-07-17T21:30:00Z,2026-07-17T23:30:00+0200,196.43,EUR/MWh,FR,FR,imbalance_price,Short,2026-08-05T12:06:18Z
2026-08-05T12:02:33Z,2026-08-05T14:02:33+0200,a602df8b-e77d-453c-80cb-eeacd1e89d3b,2026-07-17T21:45:00Z,2026-07-17T23:45:00+0200,175.36,EUR/MWh,FR,FR,imbalance_price,Long,2026-08-05T12:06:18Z
2026-08-05T12:02:33Z,2026-08-05T14:02:33+0200,a602df8b-e77d-453c-80cb-eeacd1e89d3b,2026-07-17T21:45:00Z,2026-07-17T23:45:00+0200,191.88,EUR/MWh,FR,FR,imbalance_price,Short,2026-08-05T12:06:18Z
2026-08-05T12:02:33Z,2026-08-05T14:02:33+0200,a602df8b-e77d-453c-80cb-eeacd1e89d3b,2026-07-17T22:00:00Z,2026-07-18T00:00:00+0200,480.9,EUR/MWh,FR,FR,imbalance_price,Long,2026-08-05T12:06:18Z
2026-08-05T12:02:33Z,2026-08-05T14:02:33+0200,a602df8b-e77d-453c-80cb-eeacd1e89d3b,2026-07-17T22:00:00Z,2026-07-18T00:00:00+0200,526.22,EUR/MWh,FR,FR,imbalance_price,Short,2026-08-05T12:06:18Z
2026-08-05T12:02:33Z,2026-08-05T14:02:33+0200,a602df8b-e77d-453c-80cb-eeacd1e89d3b,2026-07-17T22:15:00Z,2026-07-18T00:15:00+0200,187.84,EUR/MWh,FR,FR,imbalance_price,Long,2026-08-05T12:06:18Z
2026-08-05T12:02:33Z,2026-08-05T14:02:33+0200,a602df8b-e77d-453c-80cb-eeacd1e89d3b,2026-07-17T22:15:00Z,2026-07-18T00:15:00+0200,205.54,EUR/MWh,FR,FR,imbalance_price,Short,2026-08-05T12:06:18Z
2026-08-05T12:02:33Z,2026-08-05T14:02:33+0200,a602df8b-e77d-453c-80cb-eeacd1e89d3b,2026-07-17T22:30:00Z,2026-07-18T00:30:00+0200,162.25,EUR/MWh,FR,FR,imbalance_price,Long,2026-08-05T12:06:18Z
2026-08-05T12:02:33Z,2026-08-05T14:02:33+0200,a602df8b-e77d-453c-80cb-eeacd1e89d3b,2026-07-17T22:30:00Z,2026-07-18T00:30:00+0200,177.55,EUR/MWh,FR,FR,imbalance_price,Short,2026-08-05T12:06:18Z
2026-08-05T12:02:33Z,2026-08-05T14:02:33+0200,a602df8b-e77d-453c-80cb-eeacd1e89d3b,2026-07-17T22:45:00Z,2026-07-18T00:45:00+0200,151.94,EUR/MWh,FR,FR,imbalance_price,Long,2026-08-05T12:06:18Z
2026-08-05T12:02:33Z,2026-08-05T14:02:33+0200,a602df8b-e77d-453c-80cb-eeacd1e89d3b,2026-07-17T22:45:00Z,2026-07-18T00:45:00+0200,166.26,EUR/MWh,FR,FR,imbalance_price,Short,2026-08-05T12:06:18Z
2026-08-05T12:02:33Z,2026-08-05T14:02:33+0200,a602df8b-e77d-453c-80cb-eeacd1e89d3b,2026-07-17T23:00:00Z,2026-07-18T01:00:00+0200,153.7,EUR/MWh,FR,FR,imbalance_price,Long,2026-08-05T12:06:18Z
2026-08-05T12:02:33Z,2026-08-05T14:02:33+0200,a602df8b-e77d-453c-80cb-eeacd1e89d3b,2026-07-17T23:00:00Z,2026-07-18T01:00:00+0200,168.18,EUR/MWh,FR,FR,imbalance_price,Short,2026-08-05T12:06:18Z
2026-08-05T12:02:33Z,2026-08-05T14:02:33+0200,a602df8b-e77d-453c-80cb-eeacd1e89d3b,2026-07-17T23:15:00Z,2026-07-18T01:15:00+0200,153.52,EUR/MWh,FR,FR,imbalance_price,Long,2026-08-05T12:06:18Z
2026-08-05T12:02:33Z,2026-08-05T14:02:33+0200,a602df8b-e77d-453c-80cb-eeacd1e89d3b,2026-07-17T23:15:00Z,2026-07-18T01:15:00+0200,167.98,EUR/MWh,FR,FR,imbalance_price,Short,2026-08-05T12:06:18Z
2026-08-05T12:02:33Z,2026-08-05T14:02:33+0200,a602df8b-e77d-453c-80cb-eeacd1e89d3b,2026-07-17T23:30:00Z,2026-07-18T01:30:00+0200,152.87,EUR/MWh,FR,FR,imbalance_price,Long,2026-08-05T12:06:18Z
2026-08-05T12:02:33Z,2026-08-05T14:02:33+0200,a602df8b-e77d-453c-80cb-eeacd1e89d3b,2026-07-17T23:30:00Z,2026-07-18T01:30:00+0200,167.27,EUR/MWh,FR,FR,imbalance_price,Short,2026-08-05T12:06:18Z
2026-08-05T12:02:33Z,2026-08-05T14:02:33+0200,a602df8b-e77d-453c-80cb-eeacd1e89d3b,2026-07-17T23:45:00Z,2026-07-18T01:45:00+0200,152.01,EUR/MWh,FR,FR,imbalance_price,Long,2026-08-05T12:06:18Z
2026-08-05T12:02:33Z,2026-08-05T14:02:33+0200,a602df8b-e77d-453c-80cb-eeacd1e89d3b,2026-07-17T23:45:00Z,2026-07-18T01:45:00+0200,166.33,EUR/MWh,FR,FR,imbalance_price,Short,2026-08-05T12:06:18Z
2026-08-05T12:02:33Z,2026-08-05T14:02:33+0200,a602df8b-e77d-453c-80cb-eeacd1e89d3b,2026-07-18T00:00:00Z,2026-07-18T02:00:00+0200,20.17,EUR/MWh,FR,FR,imbalance_price,Long,2026-08-05T12:06:18Z
2026-08-05T12:02:33Z,2026-08-05T14:02:33+0200,a602df8b-e77d-453c-80cb-eeacd1e89d3b,2026-07-18T00:00:00Z,2026-07-18T02:00:00+0200,22.07,EUR/MWh,FR,FR,imbalance_price,Short,2026-08-05T12:06:18Z
2026-08-05T12:02:33Z,2026-08-05T14:02:33+0200,a602df8b-e77d-453c-80cb-eeacd1e89d3b,2026-07-18T00:15:00Z,2026-07-18T02:15:00+0200,20.17,EUR/MWh,FR,FR,imbalance_price,Long,2026-08-05T12:06:18Z
2026-08-05T12:02:33Z,2026-08-05T14:02:33+0200,a602df8b-e77d-453c-80cb-eeacd1e89d3b,2026-07-18T00:15:00Z,2026-07-18T02:15:00+0200,22.07,EUR/MWh,FR,FR,imbalance_price,Short,2026-08-05T12:06:18Z
2026-08-05T12:02:33Z,2026-08-05T14:02:33+0200,a602df8b-e77d-453c-80cb-eeacd1e89d3b,2026-07-18T00:30:00Z,2026-07-18T02:30:00+0200,85.88,EUR/MWh,FR,FR,imbalance_price,Long,2026-08-05T12:06:18Z
2026-08-05T12:02:33Z,2026-08-05T14:02:33+0200,a602df8b-e77d-453c-80cb-eeacd1e89d3b,2026-07-18T00:30:00Z,2026-07-18T02:30:00+0200,93.98,EUR/MWh,FR,FR,imbalance_price,Short,2026-08-05T12:06:18Z
2026-08-05T12:02:33Z,2026-08-05T14:02:33+0200,a602df8b-e77d-453c-80cb-eeacd1e89d3b,2026-07-18T00:45:00Z,2026-07-18T02:45:00+0200,91.81,EUR/MWh,FR,FR,imbalance_price,Long,2026-08-05T12:06:18Z
2026-08-05T12:02:33Z,2026-08-05T14:02:33+0200,a602df8b-e77d-453c-80cb-eeacd1e89d3b,2026-07-18T00:45:00Z,2026-07-18T02:45:00+0200,100.47,EUR/MWh,FR,FR,imbalance_price,Short,2026-08-05T12:06:18Z
2026-08-05T12:02:33Z,2026-08-05T14:02:33+0200,a602df8b-e77d-453c-80cb-eeacd1e89d3b,2026-07-18T01:00:00Z,2026-07-18T03:00:00+0200,145.49,EUR/MWh,FR,FR,imbalance_price,Long,2026-08-05T12:06:18Z
2026-08-05T12:02:33Z,2026-08-05T14:02:33+0200,a602df8b-e77d-453c-80cb-eeacd1e89d3b,2026-07-18T01:00:00Z,2026-07-18T03:00:00+0200,159.21,EUR/MWh,FR,FR,imbalance_price,Short,2026-08-05T12:06:18Z
2026-08-05T12:02:33Z,2026-08-05T14:02:33+0200,a602df8b-e77d-453c-80cb-eeacd1e89d3b,2026-07-18T01:15:00Z,2026-07-18T03:15:00+0200,137.61,EUR/MWh,FR,FR,imbalance_price,Long,2026-08-05T12:06:18Z
2026-08-05T12:02:33Z,2026-08-05T14:02:33+0200,a602df8b-e77d-453c-80cb-eeacd1e89d3b,2026-07-18T01:15:00Z,2026-07-18T03:15:00+0200,150.57,EUR/MWh,FR,FR,imbalance_price,Short,2026-08-05T12:06:18Z
2026-08-05T12:02:33Z,2026-08-05T14:02:33+0200,a602df8b-e77d-453c-80cb-eeacd1e89d3b,2026-07-18T01:30:00Z,2026-07-18T03:30:00+0200,138.91,EUR/MWh,FR,FR,imbalance_price,Long,2026-08-05T12:06:18Z
2026-08-05T12:02:33Z,2026-08-05T14:02:33+0200,a602df8b-e77d-453c-80cb-eeacd1e89d3b,2026-07-18T01:30:00Z,2026-07-18T03:30:00+0200,152.01,EUR/MWh,FR,FR,imbalance_price,Short,2026-08-05T12:06:18Z
2026-08-05T12:02:33Z,2026-08-05T14:02:33+0200,a602df8b-e77d-453c-80cb-eeacd1e89d3b,2026-07-18T01:45:00Z,2026-07-18T03:45:00+0200,100.15,EUR/MWh,FR,FR,imbalance_price,Long,2026-08-05T12:06:18Z
2026-08-05T12:02:33Z,2026-08-05T14:02:33+0200,a602df8b-e77d-453c-80cb-eeacd1e89d3b,2026-07-18T01:45:00Z,2026-07-18T03:45:00+0200,109.59,EUR/MWh,FR,FR,imbalance_price,Short,2026-08-05T12:06:18Z
2026-08-05T12:02:33Z,2026-08-05T14:02:33+0200,a602df8b-e77d-453c-80cb-eeacd1e89d3b,2026-07-18T02:00:00Z,2026-07-18T04:00:00+0200,156.18,EUR/MWh,FR,FR,imbalance_price,Long,2026-08-05T12:06:18Z
2026-08-05T12:02:33Z,2026-08-05T14:02:33+0200,a602df8b-e77d-453c-80cb-eeacd1e89d3b,2026-07-18T02:00:00Z,2026-07-18T04:00:00+0200,170.9,EUR/MWh,FR,FR,imbalance_price,Short,2026-08-05T12:06:18Z
2026-08-05T12:02:33Z,2026-08-05T14:02:33+0200,a602df8b-e77d-453c-80cb-eeacd1e89d3b,2026-07-18T02:15:00Z,2026-07-18T04:15:00+0200,107.99,EUR/MWh,FR,FR,imbalance_price,Long,2026-08-05T12:06:18Z
2026-08-05T12:02:33Z,2026-08-05T14:02:33+0200,a602df8b-e77d-453c-80cb-eeacd1e89d3b,2026-07-18T02:15:00Z,2026-07-18T04:15:00+0200,118.17,EUR/MWh,FR,FR,imbalance_price,Short,2026-08-05T12:06:18Z
2026-08-05T12:02:33Z,2026-08-05T14:02:33+0200,a602df8b-e77d-453c-80cb-eeacd1e89d3b,2026-07-18T02:30:00Z,2026-07-18T04:30:00+0200,143.05,EUR/MWh,FR,FR,imbalance_price,Long,2026-08-05T12:06:18Z
2026-08-05T12:02:33Z,2026-08-05T14:02:33+0200,a602df8b-e77d-453c-80cb-eeacd1e89d3b,2026-07-18T02:30:00Z,2026-07-18T04:30:00+0200,156.53,EUR/MWh,FR,FR,imbalance_price,Short,2026-08-05T12:06:18Z
2026-08-05T12:02:33Z,2026-08-05T14:02:33+0200,a602df8b-e77d-453c-80cb-eeacd1e89d3b,2026-07-18T02:45:00Z,2026-07-18T04:45:00+0200,123.43,EUR/MWh,FR,FR,imbalance_price,Long,2026-08-05T12:06:18Z
2026-08-05T12:02:33Z,2026-08-05T14:02:33+0200,a602df8b-e77d-453c-80cb-eeacd1e89d3b,2026-07-18T02:45:00Z,2026-07-18T04:45:00+0200,135.07,EUR/MWh,FR,FR,imbalance_price,Short,2026-08-05T12:06:18Z
2026-08-05T12:02:33Z,2026-08-05T14:02:33+0200,a602df8b-e77d-453c-80cb-eeacd1e89d3b,2026-07-18T03:00:00Z,2026-07-18T05:00:00+0200,137.01,EUR/MWh,FR,FR,imbalance_price,Long,2026-08-05T12:06:18Z
2026-08-05T12:02:33Z,2026-08-05T14:02:33+0200,a602df8b-e77d-453c-80cb-eeacd1e89d3b,2026-07-18T03:00:00Z,2026-07-18T05:00:00+0200,149.93,EUR/MWh,FR,FR,imbalance_price,Short,2026-08-05T12:06:18Z
2026-08-05T12:02:33Z,2026-08-05T14:02:33+0200,a602df8b-e77d-453c-80cb-eeacd1e89d3b,2026-07-18T03:15:00Z,2026-07-18T05:15:00+0200,115.35,EUR/MWh,FR,FR,imbalance_price,Long,2026-08-05T12:06:18Z
2026-08-05T12:02:33Z,2026-08-05T14:02:33+0200,a602df8b-e77d-453c-80cb-eeacd1e89d3b,2026-07-18T03:15:00Z,2026-07-18T05:15:00+0200,126.23,EUR/MWh,FR,FR,imbalance_price,Short,2026-08-05T12:06:18Z
2026-08-05T12:02:33Z,2026-08-05T14:02:33+0200,a602df8b-e77d-453c-80cb-eeacd1e89d3b,2026-07-18T03:30:00Z,2026-07-18T05:30:00+0200,-34.5,EUR/MWh,FR,FR,imbalance_price,Long,2026-08-05T12:06:18Z
2026-08-05T12:02:33Z,2026-08-05T14:02:33+0200,a602df8b-e77d-453c-80cb-eeacd1e89d3b,2026-07-18T03:30:00Z,2026-07-18T05:30:00+0200,-31.52,EUR/MWh,FR,FR,imbalance_price,Short,2026-08-05T12:06:18Z
2026-08-05T12:02:33Z,2026-08-05T14:02:33+0200,a602df8b-e77d-453c-80cb-eeacd1e89d3b,2026-07-18T03:45:00Z,2026-07-18T05:45:00+0200,-34.5,EUR/MWh,FR,FR,imbalance_price,Long,2026-08-05T12:06:18Z
2026-08-05T12:02:33Z,2026-08-05T14:02:33+0200,a602df8b-e77d-453c-80cb-eeacd1e89d3b,2026-07-18T03:45:00Z,2026-07-18T05:45:00+0200,-31.52,EUR/MWh,FR,FR,imbalance_price,Short,2026-08-05T12:06:18Z
2026-08-05T12:02:33Z,2026-08-05T14:02:33+0200,a602df8b-e77d-453c-80cb-eeacd1e89d3b,2026-07-18T04:00:00Z,2026-07-18T06:00:00+0200,123.84,EUR/MWh,FR,FR,imbalance_price,Long,2026-08-05T12:06:18Z
2026-08-05T12:02:33Z,2026-08-05T14:02:33+0200,a602df8b-e77d-453c-80cb-eeacd1e89d3b,2026-07-18T04:00:00Z,2026-07-18T06:00:00+0200,135.52,EUR/MWh,FR,FR,imbalance_price,Short,2026-08-05T12:06:18Z
2026-08-05T12:02:33Z,2026-08-05T14:02:33+0200,a602df8b-e77d-453c-80cb-eeacd1e89d3b,2026-07-18T04:15:00Z,2026-07-18T06:15:00+0200,111.74,EUR/MWh,FR,FR,imbalance_price,Long,2026-08-05T12:06:18Z
2026-08-05T12:02:33Z,2026-08-05T14:02:33+0200,a602df8b-e77d-453c-80cb-eeacd1e89d3b,2026-07-18T04:15:00Z,2026-07-18T06:15:00+0200,122.28,EUR/MWh,FR,FR,imbalance_price,Short,2026-08-05T12:06:18Z
2026-08-05T12:02:33Z,2026-08-05T14:02:33+0200,a602df8b-e77d-453c-80cb-eeacd1e89d3b,2026-07-18T04:30:00Z,2026-07-18T06:30:00+0200,98.75,EUR/MWh,FR,FR,imbalance_price,Long,2026-08-05T12:06:18Z
2026-08-05T12:02:33Z,2026-08-05T14:02:33+0200,a602df8b-e77d-453c-80cb-eeacd1e89d3b,2026-07-18T04:30:00Z,2026-07-18T06:30:00+0200,108.05,EUR/MWh,FR,FR,imbalance_price,Short,2026-08-05T12:06:18Z
2026-08-05T12:02:33Z,2026-08-05T14:02:33+0200,a602df8b-e77d-453c-80cb-eeacd1e89d3b,2026-07-18T04:45:00Z,2026-07-18T06:45:00+0200,-34.5,EUR/MWh,FR,FR,imbalance_price,Long,2026-08-05T12:06:18Z
2026-08-05T12:02:33Z,2026-08-05T14:02:33+0200,a602df8b-e77d-453c-80cb-eeacd1e89d3b,2026-07-18T04:45:00Z,2026-07-18T06:45:00+0200,-31.52,EUR/MWh,FR,FR,imbalance_price,Short,2026-08-05T12:06:18Z
2026-08-05T12:02:33Z,2026-08-05T14:02:33+0200,a602df8b-e77d-453c-80cb-eeacd1e89d3b,2026-07-18T05:00:00Z,2026-07-18T07:00:00+0200,122.56,EUR/MWh,FR,FR,imbalance_price,Long,2026-08-05T12:06:18Z
2026-08-05T12:02:33Z,2026-08-05T14:02:33+0200,a602df8b-e77d-453c-80cb-eeacd1e89d3b,2026-07-18T05:00:00Z,2026-07-18T07:00:00+0200,134.12,EUR/MWh,FR,FR,imbalance_price,Short,2026-08-05T12:06:18Z
2026-08-05T12:02:33Z,2026-08-05T14:02:33+0200,a602df8b-e77d-453c-80cb-eeacd1e89d3b,2026-07-18T05:15:00Z,2026-07-18T07:15:00+0200,124.86,EUR/MWh,FR,FR,imbalance_price,Long,2026-08-05T12:06:18Z
2026-08-05T12:02:33Z,2026-08-05T14:02:33+0200,a602df8b-e77d-453c-80cb-eeacd1e89d3b,2026-07-18T05:15:00Z,2026-07-18T07:15:00+0200,136.62,EUR/MWh,FR,FR,imbalance_price,Short,2026-08-05T12:06:18Z
2026-08-05T12:02:33Z,2026-08-05T14:02:33+0200,a602df8b-e77d-453c-80cb-eeacd1e89d3b,2026-07-18T05:30:00Z,2026-07-18T07:30:00+0200,62.44,EUR/MWh,FR,FR,imbalance_price,Long,2026-08-05T12:06:18Z
2026-08-05T12:02:33Z,2026-08-05T14:02:33+0200,a602df8b-e77d-453c-80cb-eeacd1e89d3b,2026-07-18T05:30:00Z,2026-07-18T07:30:00+0200,68.32,EUR/MWh,FR,FR,imbalance_price,Short,2026-08-05T12:06:18Z
2026-08-05T12:02:33Z,2026-08-05T14:02:33+0200,a602df8b-e77d-453c-80cb-eeacd1e89d3b,2026-07-18T05:45:00Z,2026-07-18T07:45:00+0200,-34.5,EUR/MWh,FR,FR,imbalance_price,Long,2026-08-05T12:06:18Z
2026-08-05T12:02:33Z,2026-08-05T14:02:33+0200,a602df8b-e77d-453c-80cb-eeacd1e89d3b,2026-07-18T05:45:00Z,2026-07-18T07:45:00+0200,-31.52,EUR/MWh,FR,FR,imbalance_price,Short,2026-08-05T12:06:18Z
2026-08-05T12:02:33Z,2026-08-05T14:02:33+0200,a602df8b-e77d-453c-80cb-eeacd1e89d3b,2026-07-18T06:00:00Z,2026-07-18T08:00:00+0200,150.97,EUR/MWh,FR,FR,imbalance_price,Long,2026-08-05T12:06:18Z
2026-08-05T12:02:33Z,2026-08-05T14:02:33+0200,a602df8b-e77d-453c-80cb-eeacd1e89d3b,2026-07-18T06:00:00Z,2026-07-18T08:00:00+0200,165.19,EUR/MWh,FR,FR,imbalance_price,Short,2026-08-05T12:06:18Z
2026-08-05T12:02:33Z,2026-08-05T14:02:33+0200,a602df8b-e77d-453c-80cb-eeacd1e89d3b,2026-07-18T06:15:00Z,2026-07-18T08:15:00+0200,121.76,EUR/MWh,FR,FR,imbalance_price,Long,2026-08-05T12:06:18Z
2026-08-05T12:02:33Z,2026-08-05T14:02:33+0200,a602df8b-e77d-453c-80cb-eeacd1e89d3b,2026-07-18T06:15:00Z,2026-07-18T08:15:00+0200,133.24,EUR/MWh,FR,FR,imbalance_price,Short,2026-08-05T12:06:18Z
2026-08-05T12:02:33Z,2026-08-05T14:02:33+0200,a602df8b-e77d-453c-80cb-eeacd1e89d3b,2026-07-18T06:30:00Z,2026-07-18T08:30:00+0200,52.14,EUR/MWh,FR,FR,imbalance_price,Long,2026-08-05T12:06:18Z
2026-08-05T12:02:33Z,2026-08-05T14:02:33+0200,a602df8b-e77d-453c-80cb-eeacd1e89d3b,2026-07-18T06:30:00Z,2026-07-18T08:30:00+0200,57.06,EUR/MWh,FR,FR,imbalance_price,Short,2026-08-05T12:06:18Z
2026-08-05T12:02:33Z,2026-08-05T14:02:33+0200,a602df8b-e77d-453c-80cb-eeacd1e89d3b,2026-07-18T06:45:00Z,2026-07-18T08:45:00+0200,87.95,EUR/MWh,FR,FR,imbalance_price,Long,2026-08-05T12:06:18Z
2026-08-05T12:02:33Z,2026-08-05T14:02:33+0200,a602df8b-e77d-453c-80cb-eeacd1e89d3b,2026-07-18T06:45:00Z,2026-07-18T08:45:00+0200,96.23,EUR/MWh,FR,FR,imbalance_price,Short,2026-08-05T12:06:18Z
2026-08-05T12:02:33Z,2026-08-05T14:02:33+0200,a602df8b-e77d-453c-80cb-eeacd1e89d3b,2026-07-18T07:00:00Z,2026-07-18T09:00:00+0200,100.32,EUR/MWh,FR,FR,imbalance_price,Long,2026-08-05T12:06:18Z
2026-08-05T12:02:33Z,2026-08-05T14:02:33+0200,a602df8b-e77d-453c-80cb-eeacd1e89d3b,2026-07-18T07:00:00Z,2026-07-18T09:00:00+0200,109.78,EUR/MWh,FR,FR,imbalance_price,Short,2026-08-05T12:06:18Z
2026-08-05T12:02:33Z,2026-08-05T14:02:33+0200,a602df8b-e77d-453c-80cb-eeacd1e89d3b,2026-07-18T07:15:00Z,2026-07-18T09:15:00+0200,102.29,EUR/MWh,FR,FR,imbalance_price,Long,2026-08-05T12:06:18Z
2026-08-05T12:02:33Z,2026-08-05T14:02:33+0200,a602df8b-e77d-453c-80cb-eeacd1e89d3b,2026-07-18T07:15:00Z,2026-07-18T09:15:00+0200,111.93,EUR/MWh,FR,FR,imbalance_price,Short,2026-08-05T12:06:18Z
2026-08-05T12:02:33Z,2026-08-05T14:02:33+0200,a602df8b-e77d-453c-80cb-eeacd1e89d3b,2026-07-18T07:30:00Z,2026-07-18T09:30:00+0200,28.32,EUR/MWh,FR,FR,imbalance_price,Long,2026-08-05T12:06:18Z
2026-08-05T12:02:33Z,2026-08-05T14:02:33+0200,a602df8b-e77d-453c-80cb-eeacd1e89d3b,2026-07-18T07:30:00Z,2026-07-18T09:30:00+0200,30.98,EUR/MWh,FR,FR,imbalance_price,Short,2026-08-05T12:06:18Z
2026-08-05T12:02:33Z,2026-08-05T14:02:33+0200,a602df8b-e77d-453c-80cb-eeacd1e89d3b,2026-07-18T07:45:00Z,2026-07-18T09:45:00+0200,6.23,EUR/MWh,FR,FR,imbalance_price,Long,2026-08-05T12:06:18Z
2026-08-05T12:02:33Z,2026-08-05T14:02:33+0200,a602df8b-e77d-453c-80cb-eeacd1e89d3b,2026-07-18T07:45:00Z,2026-07-18T09:45:00+0200,6.81,EUR/MWh,FR,FR,imbalance_price,Short,2026-08-05T12:06:18Z
2026-08-05T12:02:33Z,2026-08-05T14:02:33+0200,a602df8b-e77d-453c-80cb-eeacd1e89d3b,2026-07-18T08:00:00Z,2026-07-18T10:00:00+0200,13.8,EUR/MWh,FR,FR,imbalance_price,Long,2026-08-05T12:06:18Z
2026-08-05T12:02:33Z,2026-08-05T14:02:33+0200,a602df8b-e77d-453c-80cb-eeacd1e89d3b,2026-07-18T08:00:00Z,2026-07-18T10:00:00+0200,15.1,EUR/MWh,FR,FR,imbalance_price,Short,2026-08-05T12:06:18Z
2026-08-05T12:02:33Z,2026-08-05T14:02:33+0200,a602df8b-e77d-453c-80cb-eeacd1e89d3b,2026-07-18T08:15:00Z,2026-07-18T10:15:00+0200,9.84,EUR/MWh,FR,FR,imbalance_price,Long,2026-08-05T12:06:18Z
2026-08-05T12:02:33Z,2026-08-05T14:02:33+0200,a602df8b-e77d-453c-80cb-eeacd1e89d3b,2026-07-18T08:15:00Z,2026-07-18T10:15:00+0200,10.76,EUR/MWh,FR,FR,imbalance_price,Short,2026-08-05T12:06:18Z
2026-08-05T12:02:33Z,2026-08-05T14:02:33+0200,a602df8b-e77d-453c-80cb-eeacd1e89d3b,2026-07-18T08:30:00Z,2026-07-18T10:30:00+0200,-25.62,EUR/MWh,FR,FR,imbalance_price,Long,2026-08-05T12:06:18Z
2026-08-05T12:02:33Z,2026-08-05T14:02:33+0200,a602df8b-e77d-453c-80cb-eeacd1e89d3b,2026-07-18T08:30:00Z,2026-07-18T10:30:00+0200,-23.42,EUR/MWh,FR,FR,imbalance_price,Short,2026-08-05T12:06:18Z
2026-08-05T12:02:33Z,2026-08-05T14:02:33+0200,a602df8b-e77d-453c-80cb-eeacd1e89d3b,2026-07-18T08:45:00Z,2026-07-18T10:45:00+0200,-80.99,EUR/MWh,FR,FR,imbalance_price,Long,2026-08-05T12:06:18Z
2026-08-05T12:02:33Z,2026-08-05T14:02:33+0200,a602df8b-e77d-453c-80cb-eeacd1e89d3b,2026-07-18T08:45:00Z,2026-07-18T10:45:00+0200,-74.01,EUR/MWh,FR,FR,imbalance_price,Short,2026-08-05T12:06:18Z
2026-08-05T12:02:33Z,2026-08-05T14:02:33+0200,a602df8b-e77d-453c-80cb-eeacd1e89d3b,2026-07-18T09:00:00Z,2026-07-18T11:00:00+0200,-198.31,EUR/MWh,FR,FR,imbalance_price,Long,2026-08-05T12:06:18Z
2026-08-05T12:02:33Z,2026-08-05T14:02:33+0200,a602df8b-e77d-453c-80cb-eeacd1e89d3b,2026-07-18T09:00:00Z,2026-07-18T11:00:00+0200,-181.23,EUR/MWh,FR,FR,imbalance_price,Short,2026-08-05T12:06:18Z
2026-08-05T12:02:33Z,2026-08-05T14:02:33+0200,a602df8b-e77d-453c-80cb-eeacd1e89d3b,2026-07-18T09:15:00Z,2026-07-18T11:15:00+0200,-11.2,EUR/MWh,FR,FR,imbalance_price,Long,2026-08-05T12:06:18Z
2026-08-05T12:02:33Z,2026-08-05T14:02:33+0200,a602df8b-e77d-453c-80cb-eeacd1e89d3b,2026-07-18T09:15:00Z,2026-07-18T11:15:00+0200,-10.24,EUR/MWh,FR,FR,imbalance_price,Short,2026-08-05T12:06:18Z
2026-08-05T12:02:33Z,2026-08-05T14:02:33+0200,a602df8b-e77d-453c-80cb-eeacd1e89d3b,2026-07-18T09:30:00Z,2026-07-18T11:30:00+0200,-11.18,EUR/MWh,FR,FR,imbalance_price,Long,2026-08-05T12:06:18Z
2026-08-05T12:02:33Z,2026-08-05T14:02:33+0200,a602df8b-e77d-453c-80cb-eeacd1e89d3b,2026-07-18T09:30:00Z,2026-07-18T11:30:00+0200,-10.22,EUR/MWh,FR,FR,imbalance_price,Short,2026-08-05T12:06:18Z
2026-08-05T12:02:33Z,2026-08-05T14:02:33+0200,a602df8b-e77d-453c-80cb-eeacd1e89d3b,2026-07-18T09:45:00Z,2026-07-18T11:45:00+0200,-75.1,EUR/MWh,FR,FR,imbalance_price,Long,2026-08-05T12:06:18Z
2026-08-05T12:02:33Z,2026-08-05T14:02:33+0200,a602df8b-e77d-453c-80cb-eeacd1e89d3b,2026-07-18T09:45:00Z,2026-07-18T11:45:00+0200,-68.64,EUR/MWh,FR,FR,imbalance_price,Short,2026-08-05T12:06:18Z
2026-08-05T12:02:33Z,2026-08-05T14:02:33+0200,a602df8b-e77d-453c-80cb-eeacd1e89d3b,2026-07-18T10:00:00Z,2026-07-18T12:00:00+0200,14.21,EUR/MWh,FR,FR,imbalance_price,Long,2026-08-05T12:06:18Z
2026-08-05T12:02:33Z,2026-08-05T14:02:33+0200,a602df8b-e77d-453c-80cb-eeacd1e89d3b,2026-07-18T10:00:00Z,2026-07-18T12:00:00+0200,15.55,EUR/MWh,FR,FR,imbalance_price,Short,2026-08-05T12:06:18Z
2026-08-05T12:02:33Z,2026-08-05T14:02:33+0200,a602df8b-e77d-453c-80cb-eeacd1e89d3b,2026-07-18T10:15:00Z,2026-07-18T12:15:00+0200,-45.49,EUR/MWh,FR,FR,imbalance_price,Long,2026-08-05T12:06:18Z
2026-08-05T12:02:33Z,2026-08-05T14:02:33+0200,a602df8b-e77d-453c-80cb-eeacd1e89d3b,2026-07-18T10:15:00Z,2026-07-18T12:15:00+0200,-41.57,EUR/MWh,FR,FR,imbalance_price,Short,2026-08-05T12:06:18Z
2026-08-05T12:02:33Z,2026-08-05T14:02:33+0200,a602df8b-e77d-453c-80cb-eeacd1e89d3b,2026-07-18T10:30:00Z,2026-07-18T12:30:00+0200,-68.66,EUR/MWh,FR,FR,imbalance_price,Long,2026-08-05T12:06:18Z
2026-08-05T12:02:33Z,2026-08-05T14:02:33+0200,a602df8b-e77d-453c-80cb-eeacd1e89d3b,2026-07-18T10:30:00Z,2026-07-18T12:30:00+0200,-62.74,EUR/MWh,FR,FR,imbalance_price,Short,2026-08-05T12:06:18Z
2026-08-05T12:02:33Z,2026-08-05T14:02:33+0200,a602df8b-e77d-453c-80cb-eeacd1e89d3b,2026-07-18T10:45:00Z,2026-07-18T12:45:00+0200,-82.05,EUR/MWh,FR,FR,imbalance_price,Long,2026-08-05T12:06:18Z
2026-08-05T12:02:33Z,2026-08-05T14:02:33+0200,a602df8b-e77d-453c-80cb-eeacd1e89d3b,2026-07-18T10:45:00Z,2026-07-18T12:45:00+0200,-74.99,EUR/MWh,FR,FR,imbalance_price,Short,2026-08-05T12:06:18Z
2026-08-05T12:02:33Z,2026-08-05T14:02:33+0200,a602df8b-e77d-453c-80cb-eeacd1e89d3b,2026-07-18T11:00:00Z,2026-07-18T13:00:00+0200,-141.47,EUR/MWh,FR,FR,imbalance_price,Long,2026-08-05T12:06:18Z
2026-08-05T12:02:33Z,2026-08-05T14:02:33+0200,a602df8b-e77d-453c-80cb-eeacd1e89d3b,2026-07-18T11:00:00Z,2026-07-18T13:00:00+0200,-129.29,EUR/MWh,FR,FR,imbalance_price,Short,2026-08-05T12:06:18Z
2026-08-05T12:02:33Z,2026-08-05T14:02:33+0200,a602df8b-e77d-453c-80cb-eeacd1e89d3b,2026-07-18T11:15:00Z,2026-07-18T13:15:00+0200,30.36,EUR/MWh,FR,FR,imbalance_price,Long,2026-08-05T12:06:18Z
2026-08-05T12:02:33Z,2026-08-05T14:02:33+0200,a602df8b-e77d-453c-80cb-eeacd1e89d3b,2026-07-18T11:15:00Z,2026-07-18T13:15:00+0200,33.22,EUR/MWh,FR,FR,imbalance_price,Short,2026-08-05T12:06:18Z
2026-08-05T12:02:33Z,2026-08-05T14:02:33+0200,a602df8b-e77d-453c-80cb-eeacd1e89d3b,2026-07-18T11:30:00Z,2026-07-18T13:30:00+0200,22.2,EUR/MWh,FR,FR,imbalance_price,Long,2026-08-05T12:06:18Z
2026-08-05T12:02:33Z,2026-08-05T14:02:33+0200,a602df8b-e77d-453c-80cb-eeacd1e89d3b,2026-07-18T11:30:00Z,2026-07-18T13:30:00+0200,24.3,EUR/MWh,FR,FR,imbalance_price,Short,2026-08-05T12:06:18Z
2026-08-05T12:02:33Z,2026-08-05T14:02:33+0200,a602df8b-e77d-453c-80cb-eeacd1e89d3b,2026-07-18T11:45:00Z,2026-07-18T13:45:00+0200,28.33,EUR/MWh,FR,FR,imbalance_price,Long,2026-08-05T12:06:18Z
2026-08-05T12:02:33Z,2026-08-05T14:02:33+0200,a602df8b-e77d-453c-80cb-eeacd1e89d3b,2026-07-18T11:45:00Z,2026-07-18T13:45:00+0200,31.01,EUR/MWh,FR,FR,imbalance_price,Short,2026-08-05T12:06:18Z
2026-08-05T12:02:33Z,2026-08-05T14:02:33+0200,a602df8b-e77d-453c-80cb-eeacd1e89d3b,2026-07-18T12:00:00Z,2026-07-18T14:00:00+0200,15.16,EUR/MWh,FR,FR,imbalance_price,Long,2026-08-05T12:06:18Z
2026-08-05T12:02:33Z,2026-08-05T14:02:33+0200,a602df8b-e77d-453c-80cb-eeacd1e89d3b,2026-07-18T12:00:00Z,2026-07-18T14:00:00+0200,16.58,EUR/MWh,FR,FR,imbalance_price,Short,2026-08-05T12:06:18Z
2026-08-05T12:02:33Z,2026-08-05T14:02:33+0200,a602df8b-e77d-453c-80cb-eeacd1e89d3b,2026-07-18T12:15:00Z,2026-07-18T14:15:00+0200,20.9,EUR/MWh,FR,FR,imbalance_price,Long,2026-08-05T12:06:18Z
2026-08-05T12:02:33Z,2026-08-05T14:02:33+0200,a602df8b-e77d-453c-80cb-eeacd1e89d3b,2026-07-18T12:15:00Z,2026-07-18T14:15:00+0200,22.86,EUR/MWh,FR,FR,imbalance_price,Short,2026-08-05T12:06:18Z
2026-08-05T12:02:33Z,2026-08-05T14:02:33+0200,a602df8b-e77d-453c-80cb-eeacd1e89d3b,2026-07-18T12:30:00Z,2026-07-18T14:30:00+0200,17.04,EUR/MWh,FR,FR,imbalance_price,Long,2026-08-05T12:06:18Z
2026-08-05T12:02:33Z,2026-08-05T14:02:33+0200,a602df8b-e77d-453c-80cb-eeacd1e89d3b,2026-07-18T12:30:00Z,2026-07-18T14:30:00+0200,18.64,EUR/MWh,FR,FR,imbalance_price,Short,2026-08-05T12:06:18Z
2026-08-05T12:02:33Z,2026-08-05T14:02:33+0200,a602df8b-e77d-453c-80cb-eeacd1e89d3b,2026-07-18T12:45:00Z,2026-07-18T14:45:00+0200,12.35,EUR/MWh,FR,FR,imbalance_price,Long,2026-08-05T12:06:18Z
2026-08-05T12:02:33Z,2026-08-05T14:02:33+0200,a602df8b-e77d-453c-80cb-eeacd1e89d3b,2026-07-18T12:45:00Z,2026-07-18T14:45:00+0200,13.51,EUR/MWh,FR,FR,imbalance_price,Short,2026-08-05T12:06:18Z
2026-08-05T12:02:33Z,2026-08-05T14:02:33+0200,a602df8b-e77d-453c-80cb-eeacd1e89d3b,2026-07-18T13:00:00Z,2026-07-18T15:00:00+0200,21.04,EUR/MWh,FR,FR,imbalance_price,Long,2026-08-05T12:06:18Z
2026-08-05T12:02:33Z,2026-08-05T14:02:33+0200,a602df8b-e77d-453c-80cb-eeacd1e89d3b,2026-07-18T13:00:00Z,2026-07-18T15:00:00+0200,23.02,EUR/MWh,FR,FR,imbalance_price,Short,2026-08-05T12:06:18Z
2026-08-05T12:02:33Z,2026-08-05T14:02:33+0200,a602df8b-e77d-453c-80cb-eeacd1e89d3b,2026-07-18T13:15:00Z,2026-07-18T15:15:00+0200,44.81,EUR/MWh,FR,FR,imbalance_price,Long,2026-08-05T12:06:18Z
2026-08-05T12:02:33Z,2026-08-05T14:02:33+0200,a602df8b-e77d-453c-80cb-eeacd1e89d3b,2026-07-18T13:15:00Z,2026-07-18T15:15:00+0200,49.03,EUR/MWh,FR,FR,imbalance_price,Short,2026-08-05T12:06:18Z
2026-08-05T12:02:33Z,2026-08-05T14:02:33+0200,a602df8b-e77d-453c-80cb-eeacd1e89d3b,2026-07-18T13:30:00Z,2026-07-18T15:30:00+0200,9.11,EUR/MWh,FR,FR,imbalance_price,Long,2026-08-05T12:06:18Z
2026-08-05T12:02:33Z,2026-08-05T14:02:33+0200,a602df8b-e77d-453c-80cb-eeacd1e89d3b,2026-07-18T13:30:00Z,2026-07-18T15:30:00+0200,9.97,EUR/MWh,FR,FR,imbalance_price,Short,2026-08-05T12:06:18Z
2026-08-05T12:02:33Z,2026-08-05T14:02:33+0200,a602df8b-e77d-453c-80cb-eeacd1e89d3b,2026-07-18T13:45:00Z,2026-07-18T15:45:00+0200,26.01,EUR/MWh,FR,FR,imbalance_price,Long,2026-08-05T12:06:18Z
2026-08-05T12:02:33Z,2026-08-05T14:02:33+0200,a602df8b-e77d-453c-80cb-eeacd1e89d3b,2026-07-18T13:45:00Z,2026-07-18T15:45:00+0200,28.47,EUR/MWh,FR,FR,imbalance_price,Short,2026-08-05T12:06:18Z
2026-08-05T12:02:33Z,2026-08-05T14:02:33+0200,a602df8b-e77d-453c-80cb-eeacd1e89d3b,2026-07-18T14:00:00Z,2026-07-18T16:00:00+0200,24.62,EUR/MWh,FR,FR,imbalance_price,Long,2026-08-05T12:06:18Z
2026-08-05T12:02:33Z,2026-08-05T14:02:33+0200,a602df8b-e77d-453c-80cb-eeacd1e89d3b,2026-07-18T14:00:00Z,2026-07-18T16:00:00+0200,26.94,EUR/MWh,FR,FR,imbalance_price,Short,2026-08-05T12:06:18Z
2026-08-05T12:02:33Z,2026-08-05T14:02:33+0200,a602df8b-e77d-453c-80cb-eeacd1e89d3b,2026-07-18T14:15:00Z,2026-07-18T16:15:00+0200,-94.89,EUR/MWh,FR,FR,imbalance_price,Long,2026-08-05T12:06:18Z
2026-08-05T12:02:33Z,2026-08-05T14:02:33+0200,a602df8b-e77d-453c-80cb-eeacd1e89d3b,2026-07-18T14:15:00Z,2026-07-18T16:15:00+0200,-86.71,EUR/MWh,FR,FR,imbalance_price,Short,2026-08-05T12:06:18Z
2026-08-05T12:02:33Z,2026-08-05T14:02:33+0200,a602df8b-e77d-453c-80cb-eeacd1e89d3b,2026-07-18T14:30:00Z,2026-07-18T16:30:00+0200,-40.24,EUR/MWh,FR,FR,imbalance_price,Long,2026-08-05T12:06:18Z
2026-08-05T12:02:33Z,2026-08-05T14:02:33+0200,a602df8b-e77d-453c-80cb-eeacd1e89d3b,2026-07-18T14:30:00Z,2026-07-18T16:30:00+0200,-36.78,EUR/MWh,FR,FR,imbalance_price,Short,2026-08-05T12:06:18Z
2026-08-05T12:02:33Z,2026-08-05T14:02:33+0200,a602df8b-e77d-453c-80cb-eeacd1e89d3b,2026-07-18T14:45:00Z,2026-07-18T16:45:00+0200,-117.59,EUR/MWh,FR,FR,imbalance_price,Long,2026-08-05T12:06:18Z
2026-08-05T12:02:33Z,2026-08-05T14:02:33+0200,a602df8b-e77d-453c-80cb-eeacd1e89d3b,2026-07-18T14:45:00Z,2026-07-18T16:45:00+0200,-107.47,EUR/MWh,FR,FR,imbalance_price,Short,2026-08-05T12:06:18Z
2026-08-05T12:02:33Z,2026-08-05T14:02:33+0200,a602df8b-e77d-453c-80cb-eeacd1e89d3b,2026-07-18T15:00:00Z,2026-07-18T17:00:00+0200,16.79,EUR/MWh,FR,FR,imbalance_price,Long,2026-08-05T12:06:18Z
2026-08-05T12:02:33Z,2026-08-05T14:02:33+0200,a602df8b-e77d-453c-80cb-eeacd1e89d3b,2026-07-18T15:00:00Z,2026-07-18T17:00:00+0200,18.37,EUR/MWh,FR,FR,imbalance_price,Short,2026-08-05T12:06:18Z
2026-08-05T12:02:33Z,2026-08-05T14:02:33+0200,a602df8b-e77d-453c-80cb-eeacd1e89d3b,2026-07-18T15:15:00Z,2026-07-18T17:15:00+0200,184.32,EUR/MWh,FR,FR,imbalance_price,Long,2026-08-05T12:06:18Z
2026-08-05T12:02:33Z,2026-08-05T14:02:33+0200,a602df8b-e77d-453c-80cb-eeacd1e89d3b,2026-07-18T15:15:00Z,2026-07-18T17:15:00+0200,201.7,EUR/MWh,FR,FR,imbalance_price,Short,2026-08-05T12:06:18Z
2026-08-05T12:02:33Z,2026-08-05T14:02:33+0200,a602df8b-e77d-453c-80cb-eeacd1e89d3b,2026-07-18T15:30:00Z,2026-07-18T17:30:00+0200,140.36,EUR/MWh,FR,FR,imbalance_price,Long,2026-08-05T12:06:18Z
2026-08-05T12:02:33Z,2026-08-05T14:02:33+0200,a602df8b-e77d-453c-80cb-eeacd1e89d3b,2026-07-18T15:30:00Z,2026-07-18T17:30:00+0200,153.58,EUR/MWh,FR,FR,imbalance_price,Short,2026-08-05T12:06:18Z
2026-08-05T12:02:33Z,2026-08-05T14:02:33+0200,a602df8b-e77d-453c-80cb-eeacd1e89d3b,2026-07-18T15:45:00Z,2026-07-18T17:45:00+0200,184.79,EUR/MWh,FR,FR,imbalance_price,Long,2026-08-05T12:06:18Z
2026-08-05T12:02:33Z,2026-08-05T14:02:33+0200,a602df8b-e77d-453c-80cb-eeacd1e89d3b,2026-07-18T15:45:00Z,2026-07-18T17:45:00+0200,202.21,EUR/MWh,FR,FR,imbalance_price,Short,2026-08-05T12:06:18Z
2026-08-05T12:02:33Z,2026-08-05T14:02:33+0200,a602df8b-e77d-453c-80cb-eeacd1e89d3b,2026-07-18T16:00:00Z,2026-07-18T18:00:00+0200,163.99,EUR/MWh,FR,FR,imbalance_price,Long,2026-08-05T12:06:18Z
2026-08-05T12:02:33Z,2026-08-05T14:02:33+0200,a602df8b-e77d-453c-80cb-eeacd1e89d3b,2026-07-18T16:00:00Z,2026-07-18T18:00:00+0200,179.45,EUR/MWh,FR,FR,imbalance_price,Short,2026-08-05T12:06:18Z
2026-08-05T12:02:33Z,2026-08-05T14:02:33+0200,a602df8b-e77d-453c-80cb-eeacd1e89d3b,2026-07-18T16:15:00Z,2026-07-18T18:15:00+0200,192.43,EUR/MWh,FR,FR,imbalance_price,Long,2026-08-05T12:06:18Z
2026-08-05T12:02:33Z,2026-08-05T14:02:33+0200,a602df8b-e77d-453c-80cb-eeacd1e89d3b,2026-07-18T16:15:00Z,2026-07-18T18:15:00+0200,210.57,EUR/MWh,FR,FR,imbalance_price,Short,2026-08-05T12:06:18Z
2026-08-05T12:02:33Z,2026-08-05T14:02:33+0200,a602df8b-e77d-453c-80cb-eeacd1e89d3b,2026-07-18T16:30:00Z,2026-07-18T18:30:00+0200,150.76,EUR/MWh,FR,FR,imbalance_price,Long,2026-08-05T12:06:18Z
2026-08-05T12:02:33Z,2026-08-05T14:02:33+0200,a602df8b-e77d-453c-80cb-eeacd1e89d3b,2026-07-18T16:30:00Z,2026-07-18T18:30:00+0200,164.96,EUR/MWh,FR,FR,imbalance_price,Short,2026-08-05T12:06:18Z
2026-08-05T12:02:33Z,2026-08-05T14:02:33+0200,a602df8b-e77d-453c-80cb-eeacd1e89d3b,2026-07-18T16:45:00Z,2026-07-18T18:45:00+0200,180.85,EUR/MWh,FR,FR,imbalance_price,Long,2026-08-05T12:06:18Z
2026-08-05T12:02:33Z,2026-08-05T14:02:33+0200,a602df8b-e77d-453c-80cb-eeacd1e89d3b,2026-07-18T16:45:00Z,2026-07-18T18:45:00+0200,197.89,EUR/MWh,FR,FR,imbalance_price,Short,2026-08-05T12:06:18Z
2026-08-05T12:02:33Z,2026-08-05T14:02:33+0200,a602df8b-e77d-453c-80cb-eeacd1e89d3b,2026-07-18T17:00:00Z,2026-07-18T19:00:00+0200,177.58,EUR/MWh,FR,FR,imbalance_price,Long,2026-08-05T12:06:18Z
2026-08-05T12:02:33Z,2026-08-05T14:02:33+0200,a602df8b-e77d-453c-80cb-eeacd1e89d3b,2026-07-18T17:00:00Z,2026-07-18T19:00:00+0200,194.32,EUR/MWh,FR,FR,imbalance_price,Short,2026-08-05T12:06:18Z
2026-08-05T12:02:33Z,2026-08-05T14:02:33+0200,a602df8b-e77d-453c-80cb-eeacd1e89d3b,2026-07-18T17:15:00Z,2026-07-18T19:15:00+0200,187.81,EUR/MWh,FR,FR,imbalance_price,Long,2026-08-05T12:06:18Z
2026-08-05T12:02:33Z,2026-08-05T14:02:33+0200,a602df8b-e77d-453c-80cb-eeacd1e89d3b,2026-07-18T17:15:00Z,2026-07-18T19:15:00+0200,205.51,EUR/MWh,FR,FR,imbalance_price,Short,2026-08-05T12:06:18Z
2026-08-05T12:02:33Z,2026-08-05T14:02:33+0200,a602df8b-e77d-453c-80cb-eeacd1e89d3b,2026-07-18T17:30:00Z,2026-07-18T19:30:00+0200,199.41,EUR/MWh,FR,FR,imbalance_price,Long,2026-08-05T12:06:18Z
2026-08-05T12:02:33Z,2026-08-05T14:02:33+0200,a602df8b-e77d-453c-80cb-eeacd1e89d3b,2026-07-18T17:30:00Z,2026-07-18T19:30:00+0200,218.21,EUR/MWh,FR,FR,imbalance_price,Short,2026-08-05T12:06:18Z
2026-08-05T12:02:33Z,2026-08-05T14:02:33+0200,a602df8b-e77d-453c-80cb-eeacd1e89d3b,2026-07-18T17:45:00Z,2026-07-18T19:45:00+0200,200.29,EUR/MWh,FR,FR,imbalance_price,Long,2026-08-05T12:06:18Z
2026-08-05T12:02:33Z,2026-08-05T14:02:33+0200,a602df8b-e77d-453c-80cb-eeacd1e89d3b,2026-07-18T17:45:00Z,2026-07-18T19:45:00+0200,219.17,EUR/MWh,FR,FR,imbalance_price,Short,2026-08-05T12:06:18Z
2026-08-05T12:02:33Z,2026-08-05T14:02:33+0200,a602df8b-e77d-453c-80cb-eeacd1e89d3b,2026-07-18T18:00:00Z,2026-07-18T20:00:00+0200,105.71,EUR/MWh,FR,FR,imbalance_price,Long,2026-08-05T12:06:18Z
2026-08-05T12:02:33Z,2026-08-05T14:02:33+0200,a602df8b-e77d-453c-80cb-eeacd1e89d3b,2026-07-18T18:00:00Z,2026-07-18T20:00:00+0200,115.67,EUR/MWh,FR,FR,imbalance_price,Short,2026-08-05T12:06:18Z
2026-08-05T12:02:33Z,2026-08-05T14:02:33+0200,a602df8b-e77d-453c-80cb-eeacd1e89d3b,2026-07-18T18:15:00Z,2026-07-18T20:15:00+0200,116.76,EUR/MWh,FR,FR,imbalance_price,Long,2026-08-05T12:06:18Z
2026-08-05T12:02:33Z,2026-08-05T14:02:33+0200,a602df8b-e77d-453c-80cb-eeacd1e89d3b,2026-07-18T18:15:00Z,2026-07-18T20:15:00+0200,127.76,EUR/MWh,FR,FR,imbalance_price,Short,2026-08-05T12:06:18Z
2026-08-05T12:02:33Z,2026-08-05T14:02:33+0200,a602df8b-e77d-453c-80cb-eeacd1e89d3b,2026-07-18T18:30:00Z,2026-07-18T20:30:00+0200,238.12,EUR/MWh,FR,FR,imbalance_price,Long,2026-08-05T12:06:18Z
2026-08-05T12:02:33Z,2026-08-05T14:02:33+0200,a602df8b-e77d-453c-80cb-eeacd1e89d3b,2026-07-18T18:30:00Z,2026-07-18T20:30:00+0200,260.56,EUR/MWh,FR,FR,imbalance_price,Short,2026-08-05T12:06:18Z
2026-08-05T12:02:33Z,2026-08-05T14:02:33+0200,a602df8b-e77d-453c-80cb-eeacd1e89d3b,2026-07-18T18:45:00Z,2026-07-18T20:45:00+0200,110.06,EUR/MWh,FR,FR,imbalance_price,Long,2026-08-05T12:06:18Z
2026-08-05T12:02:33Z,2026-08-05T14:02:33+0200,a602df8b-e77d-453c-80cb-eeacd1e89d3b,2026-07-18T18:45:00Z,2026-07-18T20:45:00+0200,120.44,EUR/MWh,FR,FR,imbalance_price,Short,2026-08-05T12:06:18Z
2026-08-05T12:02:33Z,2026-08-05T14:02:33+0200,a602df8b-e77d-453c-80cb-eeacd1e89d3b,2026-07-18T19:00:00Z,2026-07-18T21:00:00+0200,240.3,EUR/MWh,FR,FR,imbalance_price,Long,2026-08-05T12:06:18Z
2026-08-05T12:02:33Z,2026-08-05T14:02:33+0200,a602df8b-e77d-453c-80cb-eeacd1e89d3b,2026-07-18T19:00:00Z,2026-07-18T21:00:00+0200,262.94,EUR/MWh,FR,FR,imbalance_price,Short,2026-08-05T12:06:18Z
2026-08-05T12:02:33Z,2026-08-05T14:02:33+0200,a602df8b-e77d-453c-80cb-eeacd1e89d3b,2026-07-18T19:15:00Z,2026-07-18T21:15:00+0200,17.08,EUR/MWh,FR,FR,imbalance_price,Long,2026-08-05T12:06:18Z
2026-08-05T12:02:33Z,2026-08-05T14:02:33+0200,a602df8b-e77d-453c-80cb-eeacd1e89d3b,2026-07-18T19:15:00Z,2026-07-18T21:15:00+0200,18.68,EUR/MWh,FR,FR,imbalance_price,Short,2026-08-05T12:06:18Z
2026-08-05T12:02:33Z,2026-08-05T14:02:33+0200,a602df8b-e77d-453c-80cb-eeacd1e89d3b,2026-07-18T19:30:00Z,2026-07-18T21:30:00+0200,99.43,EUR/MWh,FR,FR,imbalance_price,Long,2026-08-05T12:06:18Z
2026-08-05T12:02:33Z,2026-08-05T14:02:33+0200,a602df8b-e77d-453c-80cb-eeacd1e89d3b,2026-07-18T19:30:00Z,2026-07-18T21:30:00+0200,108.81,EUR/MWh,FR,FR,imbalance_price,Short,2026-08-05T12:06:18Z
2026-08-05T12:02:33Z,2026-08-05T14:02:33+0200,a602df8b-e77d-453c-80cb-eeacd1e89d3b,2026-07-18T19:45:00Z,2026-07-18T21:45:00+0200,135.3,EUR/MWh,FR,FR,imbalance_price,Long,2026-08-05T12:06:18Z
2026-08-05T12:02:33Z,2026-08-05T14:02:33+0200,a602df8b-e77d-453c-80cb-eeacd1e89d3b,2026-07-18T19:45:00Z,2026-07-18T21:45:00+0200,148.06,EUR/MWh,FR,FR,imbalance_price,Short,2026-08-05T12:06:18Z
2026-08-05T12:02:33Z,2026-08-05T14:02:33+0200,a602df8b-e77d-453c-80cb-eeacd1e89d3b,2026-07-18T20:00:00Z,2026-07-18T22:00:00+0200,151.54,EUR/MWh,FR,FR,imbalance_price,Long,2026-08-05T12:06:18Z
2026-08-05T12:02:33Z,2026-08-05T14:02:33+0200,a602df8b-e77d-453c-80cb-eeacd1e89d3b,2026-07-18T20:00:00Z,2026-07-18T22:00:00+0200,165.82,EUR/MWh,FR,FR,imbalance_price,Short,2026-08-05T12:06:18Z
2026-08-05T12:02:33Z,2026-08-05T14:02:33+0200,a602df8b-e77d-453c-80cb-eeacd1e89d3b,2026-07-18T20:15:00Z,2026-07-18T22:15:00+0200,129.17,EUR/MWh,FR,FR,imbalance_price,Long,2026-08-05T12:06:18Z
2026-08-05T12:02:33Z,2026-08-05T14:02:33+0200,a602df8b-e77d-453c-80cb-eeacd1e89d3b,2026-07-18T20:15:00Z,2026-07-18T22:15:00+0200,141.35,EUR/MWh,FR,FR,imbalance_price,Short,2026-08-05T12:06:18Z
2026-08-05T12:02:33Z,2026-08-05T14:02:33+0200,a602df8b-e77d-453c-80cb-eeacd1e89d3b,2026-07-18T20:30:00Z,2026-07-18T22:30:00+0200,133.39,EUR/MWh,FR,FR,imbalance_price,Long,2026-08-05T12:06:18Z
2026-08-05T12:02:33Z,2026-08-05T14:02:33+0200,a602df8b-e77d-453c-80cb-eeacd1e89d3b,2026-07-18T20:30:00Z,2026-07-18T22:30:00+0200,145.97,EUR/MWh,FR,FR,imbalance_price,Short,2026-08-05T12:06:18Z
2026-08-05T12:02:33Z,2026-08-05T14:02:33+0200,a602df8b-e77d-453c-80cb-eeacd1e89d3b,2026-07-18T20:45:00Z,2026-07-18T22:45:00+0200,126.58,EUR/MWh,FR,FR,imbalance_price,Long,2026-08-05T12:06:18Z
2026-08-05T12:02:33Z,2026-08-05T14:02:33+0200,a602df8b-e77d-453c-80cb-eeacd1e89d3b,2026-07-18T20:45:00Z,2026-07-18T22:45:00+0200,138.5,EUR/MWh,FR,FR,imbalance_price,Short,2026-08-05T12:06:18Z
2026-08-05T12:02:33Z,2026-08-05T14:02:33+0200,a602df8b-e77d-453c-80cb-eeacd1e89d3b,2026-07-18T21:00:00Z,2026-07-18T23:00:00+0200,179.3,EUR/MWh,FR,FR,imbalance_price,Long,2026-08-05T12:06:18Z
2026-08-05T12:02:33Z,2026-08-05T14:02:33+0200,a602df8b-e77d-453c-80cb-eeacd1e89d3b,2026-07-18T21:00:00Z,2026-07-18T23:00:00+0200,196.2,EUR/MWh,FR,FR,imbalance_price,Short,2026-08-05T12:06:18Z
2026-08-05T12:02:33Z,2026-08-05T14:02:33+0200,a602df8b-e77d-453c-80cb-eeacd1e89d3b,2026-07-18T21:15:00Z,2026-07-18T23:15:00+0200,162.33,EUR/MWh,FR,FR,imbalance_price,Long,2026-08-05T12:06:18Z
2026-08-05T12:02:33Z,2026-08-05T14:02:33+0200,a602df8b-e77d-453c-80cb-eeacd1e89d3b,2026-07-18T21:15:00Z,2026-07-18T23:15:00+0200,177.63,EUR/MWh,FR,FR,imbalance_price,Short,2026-08-05T12:06:18Z
2026-08-05T12:02:33Z,2026-08-05T14:02:33+0200,a602df8b-e77d-453c-80cb-eeacd1e89d3b,2026-07-18T21:30:00Z,2026-07-18T23:30:00+0200,165.49,EUR/MWh,FR,FR,imbalance_price,Long,2026-08-05T12:06:18Z
2026-08-05T12:02:33Z,2026-08-05T14:02:33+0200,a602df8b-e77d-453c-80cb-eeacd1e89d3b,2026-07-18T21:30:00Z,2026-07-18T23:30:00+0200,181.09,EUR/MWh,FR,FR,imbalance_price,Short,2026-08-05T12:06:18Z
2026-08-05T12:02:33Z,2026-08-05T14:02:33+0200,a602df8b-e77d-453c-80cb-eeacd1e89d3b,2026-07-18T21:45:00Z,2026-07-18T23:45:00+0200,152.51,EUR/MWh,FR,FR,imbalance_price,Long,2026-08-05T12:06:18Z
2026-08-05T12:02:33Z,2026-08-05T14:02:33+0200,a602df8b-e77d-453c-80cb-eeacd1e89d3b,2026-07-18T21:45:00Z,2026-07-18T23:45:00+0200,166.89,EUR/MWh,FR,FR,imbalance_price,Short,2026-08-05T12:06:18Z
2026-08-05T12:02:33Z,2026-08-05T14:02:33+0200,a602df8b-e77d-453c-80cb-eeacd1e89d3b,2026-07-18T22:00:00Z,2026-07-19T00:00:00+0200,144.25,EUR/MWh,FR,FR,imbalance_price,Long,2026-08-05T12:06:18Z
2026-08-05T12:02:33Z,2026-08-05T14:02:33+0200,a602df8b-e77d-453c-80cb-eeacd1e89d3b,2026-07-18T22:00:00Z,2026-07-19T00:00:00+0200,157.85,EUR/MWh,FR,FR,imbalance_price,Short,2026-08-05T12:06:18Z
2026-08-05T12:02:33Z,2026-08-05T14:02:33+0200,a602df8b-e77d-453c-80cb-eeacd1e89d3b,2026-07-18T22:15:00Z,2026-07-19T00:15:00+0200,146.01,EUR/MWh,FR,FR,imbalance_price,Long,2026-08-05T12:06:18Z
2026-08-05T12:02:33Z,2026-08-05T14:02:33+0200,a602df8b-e77d-453c-80cb-eeacd1e89d3b,2026-07-18T22:15:00Z,2026-07-19T00:15:00+0200,159.77,EUR/MWh,FR,FR,imbalance_price,Short,2026-08-05T12:06:18Z
2026-08-05T12:02:33Z,2026-08-05T14:02:33+0200,a602df8b-e77d-453c-80cb-eeacd1e89d3b,2026-07-18T22:30:00Z,2026-07-19T00:30:00+0200,103.77,EUR/MWh,FR,FR,imbalance_price,Long,2026-08-05T12:06:18Z
2026-08-05T12:02:33Z,2026-08-05T14:02:33+0200,a602df8b-e77d-453c-80cb-eeacd1e89d3b,2026-07-18T22:30:00Z,2026-07-19T00:30:00+0200,113.55,EUR/MWh,FR,FR,imbalance_price,Short,2026-08-05T12:06:18Z
2026-08-05T12:02:33Z,2026-08-05T14:02:33+0200,a602df8b-e77d-453c-80cb-eeacd1e89d3b,2026-07-18T22:45:00Z,2026-07-19T00:45:00+0200,102.1,EUR/MWh,FR,FR,imbalance_price,Long,2026-08-05T12:06:18Z
2026-08-05T12:02:33Z,2026-08-05T14:02:33+0200,a602df8b-e77d-453c-80cb-eeacd1e89d3b,2026-07-18T22:45:00Z,2026-07-19T00:45:00+0200,111.72,EUR/MWh,FR,FR,imbalance_price,Short,2026-08-05T12:06:18Z
2026-08-05T12:02:33Z,2026-08-05T14:02:33+0200,a602df8b-e77d-453c-80cb-eeacd1e89d3b,2026-07-18T23:00:00Z,2026-07-19T01:00:00+0200,103.79,EUR/MWh,FR,FR,imbalance_price,Long,2026-08-05T12:06:18Z
2026-08-05T12:02:33Z,2026-08-05T14:02:33+0200,a602df8b-e77d-453c-80cb-eeacd1e89d3b,2026-07-18T23:00:00Z,2026-07-19T01:00:00+0200,113.57,EUR/MWh,FR,FR,imbalance_price,Short,2026-08-05T12:06:18Z
2026-08-05T12:02:33Z,2026-08-05T14:02:33+0200,a602df8b-e77d-453c-80cb-eeacd1e89d3b,2026-07-18T23:15:00Z,2026-07-19T01:15:00+0200,90.28,EUR/MWh,FR,FR,imbalance_price,Long,2026-08-05T12:06:18Z
2026-08-05T12:02:33Z,2026-08-05T14:02:33+0200,a602df8b-e77d-453c-80cb-eeacd1e89d3b,2026-07-18T23:15:00Z,2026-07-19T01:15:00+0200,98.78,EUR/MWh,FR,FR,imbalance_price,Short,2026-08-05T12:06:18Z
2026-08-05T12:02:33Z,2026-08-05T14:02:33+0200,a602df8b-e77d-453c-80cb-eeacd1e89d3b,2026-07-18T23:30:00Z,2026-07-19T01:30:00+0200,102.56,EUR/MWh,FR,FR,imbalance_price,Long,2026-08-05T12:06:18Z
2026-08-05T12:02:33Z,2026-08-05T14:02:33+0200,a602df8b-e77d-453c-80cb-eeacd1e89d3b,2026-07-18T23:30:00Z,2026-07-19T01:30:00+0200,112.22,EUR/MWh,FR,FR,imbalance_price,Short,2026-08-05T12:06:18Z
2026-08-05T12:02:33Z,2026-08-05T14:02:33+0200,a602df8b-e77d-453c-80cb-eeacd1e89d3b,2026-07-18T23:45:00Z,2026-07-19T01:45:00+0200,104.64,EUR/MWh,FR,FR,imbalance_price,Long,2026-08-05T12:06:18Z
2026-08-05T12:02:33Z,2026-08-05T14:02:33+0200,a602df8b-e77d-453c-80cb-eeacd1e89d3b,2026-07-18T23:45:00Z,2026-07-19T01:45:00+0200,114.5,EUR/MWh,FR,FR,imbalance_price,Short,2026-08-05T12:06:18Z
2026-08-05T12:02:33Z,2026-08-05T14:02:33+0200,a602df8b-e77d-453c-80cb-eeacd1e89d3b,2026-07-19T00:00:00Z,2026-07-19T02:00:00+0200,17.08,EUR/MWh,FR,FR,imbalance_price,Long,2026-08-05T12:06:18Z
2026-08-05T12:02:33Z,2026-08-05T14:02:33+0200,a602df8b-e77d-453c-80cb-eeacd1e89d3b,2026-07-19T00:00:00Z,2026-07-19T02:00:00+0200,18.68,EUR/MWh,FR,FR,imbalance_price,Short,2026-08-05T12:06:18Z
2026-08-05T12:02:33Z,2026-08-05T14:02:33+0200,a602df8b-e77d-453c-80cb-eeacd1e89d3b,2026-07-19T00:15:00Z,2026-07-19T02:15:00+0200,118.27,EUR/MWh,FR,FR,imbalance_price,Long,2026-08-05T12:06:18Z
2026-08-05T12:02:33Z,2026-08-05T14:02:33+0200,a602df8b-e77d-453c-80cb-eeacd1e89d3b,2026-07-19T00:15:00Z,2026-07-19T02:15:00+0200,129.41,EUR/MWh,FR,FR,imbalance_price,Short,2026-08-05T12:06:18Z
2026-08-05T12:02:33Z,2026-08-05T14:02:33+0200,a602df8b-e77d-453c-80cb-eeacd1e89d3b,2026-07-19T00:30:00Z,2026-07-19T02:30:00+0200,75.24,EUR/MWh,FR,FR,imbalance_price,Long,2026-08-05T12:06:18Z
2026-08-05T12:02:33Z,2026-08-05T14:02:33+0200,a602df8b-e77d-453c-80cb-eeacd1e89d3b,2026-07-19T00:30:00Z,2026-07-19T02:30:00+0200,82.34,EUR/MWh,FR,FR,imbalance_price,Short,2026-08-05T12:06:18Z
2026-08-05T12:02:33Z,2026-08-05T14:02:33+0200,a602df8b-e77d-453c-80cb-eeacd1e89d3b,2026-07-19T00:45:00Z,2026-07-19T02:45:00+0200,53.37,EUR/MWh,FR,FR,imbalance_price,Long,2026-08-05T12:06:18Z
2026-08-05T12:02:33Z,2026-08-05T14:02:33+0200,a602df8b-e77d-453c-80cb-eeacd1e89d3b,2026-07-19T00:45:00Z,2026-07-19T02:45:00+0200,58.39,EUR/MWh,FR,FR,imbalance_price,Short,2026-08-05T12:06:18Z
2026-08-05T12:02:33Z,2026-08-05T14:02:33+0200,a602df8b-e77d-453c-80cb-eeacd1e89d3b,2026-07-19T01:00:00Z,2026-07-19T03:00:00+0200,88.11,EUR/MWh,FR,FR,imbalance_price,Long,2026-08-05T12:06:18Z
2026-08-05T12:02:33Z,2026-08-05T14:02:33+0200,a602df8b-e77d-453c-80cb-eeacd1e89d3b,2026-07-19T01:00:00Z,2026-07-19T03:00:00+0200,96.41,EUR/MWh,FR,FR,imbalance_price,Short,2026-08-05T12:06:18Z
2026-08-05T12:02:33Z,2026-08-05T14:02:33+0200,a602df8b-e77d-453c-80cb-eeacd1e89d3b,2026-07-19T01:15:00Z,2026-07-19T03:15:00+0200,77.61,EUR/MWh,FR,FR,imbalance_price,Long,2026-08-05T12:06:18Z
2026-08-05T12:02:33Z,2026-08-05T14:02:33+0200,a602df8b-e77d-453c-80cb-eeacd1e89d3b,2026-07-19T01:15:00Z,2026-07-19T03:15:00+0200,84.93,EUR/MWh,FR,FR,imbalance_price,Short,2026-08-05T12:06:18Z
2026-08-05T12:02:33Z,2026-08-05T14:02:33+0200,a602df8b-e77d-453c-80cb-eeacd1e89d3b,2026-07-19T01:30:00Z,2026-07-19T03:30:00+0200,83.56,EUR/MWh,FR,FR,imbalance_price,Long,2026-08-05T12:06:18Z
2026-08-05T12:02:33Z,2026-08-05T14:02:33+0200,a602df8b-e77d-453c-80cb-eeacd1e89d3b,2026-07-19T01:30:00Z,2026-07-19T03:30:00+0200,91.44,EUR/MWh,FR,FR,imbalance_price,Short,2026-08-05T12:06:18Z
2026-08-05T12:02:33Z,2026-08-05T14:02:33+0200,a602df8b-e77d-453c-80cb-eeacd1e89d3b,2026-07-19T01:45:00Z,2026-07-19T03:45:00+0200,71.56,EUR/MWh,FR,FR,imbalance_price,Long,2026-08-05T12:06:18Z
2026-08-05T12:02:33Z,2026-08-05T14:02:33+0200,a602df8b-e77d-453c-80cb-eeacd1e89d3b,2026-07-19T01:45:00Z,2026-07-19T03:45:00+0200,78.3,EUR/MWh,FR,FR,imbalance_price,Short,2026-08-05T12:06:18Z
2026-08-05T12:02:33Z,2026-08-05T14:02:33+0200,a602df8b-e77d-453c-80cb-eeacd1e89d3b,2026-07-19T02:00:00Z,2026-07-19T04:00:00+0200,86.1,EUR/MWh,FR,FR,imbalance_price,Long,2026-08-05T12:06:18Z
2026-08-05T12:02:33Z,2026-08-05T14:02:33+0200,a602df8b-e77d-453c-80cb-eeacd1e89d3b,2026-07-19T02:00:00Z,2026-07-19T04:00:00+0200,94.22,EUR/MWh,FR,FR,imbalance_price,Short,2026-08-05T12:06:18Z
2026-08-05T12:02:33Z,2026-08-05T14:02:33+0200,a602df8b-e77d-453c-80cb-eeacd1e89d3b,2026-07-19T02:15:00Z,2026-07-19T04:15:00+0200,49.79,EUR/MWh,FR,FR,imbalance_price,Long,2026-08-05T12:06:18Z
2026-08-05T12:02:33Z,2026-08-05T14:02:33+0200,a602df8b-e77d-453c-80cb-eeacd1e89d3b,2026-07-19T02:15:00Z,2026-07-19T04:15:00+0200,54.49,EUR/MWh,FR,FR,imbalance_price,Short,2026-08-05T12:06:18Z
2026-08-05T12:02:33Z,2026-08-05T14:02:33+0200,a602df8b-e77d-453c-80cb-eeacd1e89d3b,2026-07-19T02:30:00Z,2026-07-19T04:30:00+0200,52.5,EUR/MWh,FR,FR,imbalance_price,Long,2026-08-05T12:06:18Z
2026-08-05T12:02:33Z,2026-08-05T14:02:33+0200,a602df8b-e77d-453c-80cb-eeacd1e89d3b,2026-07-19T02:30:00Z,2026-07-19T04:30:00+0200,57.44,EUR/MWh,FR,FR,imbalance_price,Short,2026-08-05T12:06:18Z
2026-08-05T12:02:33Z,2026-08-05T14:02:33+0200,a602df8b-e77d-453c-80cb-eeacd1e89d3b,2026-07-19T02:45:00Z,2026-07-19T04:45:00+0200,56.29,EUR/MWh,FR,FR,imbalance_price,Long,2026-08-05T12:06:18Z
2026-08-05T12:02:33Z,2026-08-05T14:02:33+0200,a602df8b-e77d-453c-80cb-eeacd1e89d3b,2026-07-19T02:45:00Z,2026-07-19T04:45:00+0200,61.59,EUR/MWh,FR,FR,imbalance_price,Short,2026-08-05T12:06:18Z
2026-08-05T12:02:33Z,2026-08-05T14:02:33+0200,a602df8b-e77d-453c-80cb-eeacd1e89d3b,2026-07-19T03:00:00Z,2026-07-19T05:00:00+0200,77.5,EUR/MWh,FR,FR,imbalance_price,Long,2026-08-05T12:06:18Z
2026-08-05T12:02:33Z,2026-08-05T14:02:33+0200,a602df8b-e77d-453c-80cb-eeacd1e89d3b,2026-07-19T03:00:00Z,2026-07-19T05:00:00+0200,84.8,EUR/MWh,FR,FR,imbalance_price,Short,2026-08-05T12:06:18Z
2026-08-05T12:02:33Z,2026-08-05T14:02:33+0200,a602df8b-e77d-453c-80cb-eeacd1e89d3b,2026-07-19T03:15:00Z,2026-07-19T05:15:00+0200,60.21,EUR/MWh,FR,FR,imbalance_price,Long,2026-08-05T12:06:18Z
2026-08-05T12:02:33Z,2026-08-05T14:02:33+0200,a602df8b-e77d-453c-80cb-eeacd1e89d3b,2026-07-19T03:15:00Z,2026-07-19T05:15:00+0200,65.89,EUR/MWh,FR,FR,imbalance_price,Short,2026-08-05T12:06:18Z
2026-08-05T12:02:33Z,2026-08-05T14:02:33+0200,a602df8b-e77d-453c-80cb-eeacd1e89d3b,2026-07-19T03:30:00Z,2026-07-19T05:30:00+0200,33.13,EUR/MWh,FR,FR,imbalance_price,Long,2026-08-05T12:06:18Z
2026-08-05T12:02:33Z,2026-08-05T14:02:33+0200,a602df8b-e77d-453c-80cb-eeacd1e89d3b,2026-07-19T03:30:00Z,2026-07-19T05:30:00+0200,36.25,EUR/MWh,FR,FR,imbalance_price,Short,2026-08-05T12:06:18Z
2026-08-05T12:02:33Z,2026-08-05T14:02:33+0200,a602df8b-e77d-453c-80cb-eeacd1e89d3b,2026-07-19T03:45:00Z,2026-07-19T05:45:00+0200,64.01,EUR/MWh,FR,FR,imbalance_price,Long,2026-08-05T12:06:18Z
2026-08-05T12:02:33Z,2026-08-05T14:02:33+0200,a602df8b-e77d-453c-80cb-eeacd1e89d3b,2026-07-19T03:45:00Z,2026-07-19T05:45:00+0200,70.05,EUR/MWh,FR,FR,imbalance_price,Short,2026-08-05T12:06:18Z
2026-08-05T12:02:33Z,2026-08-05T14:02:33+0200,a602df8b-e77d-453c-80cb-eeacd1e89d3b,2026-07-19T04:00:00Z,2026-07-19T06:00:00+0200,89.9,EUR/MWh,FR,FR,imbalance_price,Long,2026-08-05T12:06:18Z
2026-08-05T12:02:33Z,2026-08-05T14:02:33+0200,a602df8b-e77d-453c-80cb-eeacd1e89d3b,2026-07-19T04:00:00Z,2026-07-19T06:00:00+0200,98.38,EUR/MWh,FR,FR,imbalance_price,Short,2026-08-05T12:06:18Z
2026-08-05T12:02:33Z,2026-08-05T14:02:33+0200,a602df8b-e77d-453c-80cb-eeacd1e89d3b,2026-07-19T04:15:00Z,2026-07-19T06:15:00+0200,89.69,EUR/MWh,FR,FR,imbalance_price,Long,2026-08-05T12:06:18Z
2026-08-05T12:02:33Z,2026-08-05T14:02:33+0200,a602df8b-e77d-453c-80cb-eeacd1e89d3b,2026-07-19T04:15:00Z,2026-07-19T06:15:00+0200,98.15,EUR/MWh,FR,FR,imbalance_price,Short,2026-08-05T12:06:18Z
2026-08-05T12:02:33Z,2026-08-05T14:02:33+0200,a602df8b-e77d-453c-80cb-eeacd1e89d3b,2026-07-19T04:30:00Z,2026-07-19T06:30:00+0200,90.32,EUR/MWh,FR,FR,imbalance_price,Long,2026-08-05T12:06:18Z
2026-08-05T12:02:33Z,2026-08-05T14:02:33+0200,a602df8b-e77d-453c-80cb-eeacd1e89d3b,2026-07-19T04:30:00Z,2026-07-19T06:30:00+0200,98.84,EUR/MWh,FR,FR,imbalance_price,Short,2026-08-05T12:06:18Z
2026-08-05T12:02:33Z,2026-08-05T14:02:33+0200,a602df8b-e77d-453c-80cb-eeacd1e89d3b,2026-07-19T04:45:00Z,2026-07-19T06:45:00+0200,90.32,EUR/MWh,FR,FR,imbalance_price,Long,2026-08-05T12:06:18Z
2026-08-05T12:02:33Z,2026-08-05T14:02:33+0200,a602df8b-e77d-453c-80cb-eeacd1e89d3b,2026-07-19T04:45:00Z,2026-07-19T06:45:00+0200,98.84,EUR/MWh,FR,FR,imbalance_price,Short,2026-08-05T12:06:18Z
2026-08-05T12:02:33Z,2026-08-05T14:02:33+0200,a602df8b-e77d-453c-80cb-eeacd1e89d3b,2026-07-19T05:00:00Z,2026-07-19T07:00:00+0200,68.94,EUR/MWh,FR,FR,imbalance_price,Long,2026-08-05T12:06:18Z
2026-08-05T12:02:33Z,2026-08-05T14:02:33+0200,a602df8b-e77d-453c-80cb-eeacd1e89d3b,2026-07-19T05:00:00Z,2026-07-19T07:00:00+0200,75.44,EUR/MWh,FR,FR,imbalance_price,Short,2026-08-05T12:06:18Z
2026-08-05T12:02:33Z,2026-08-05T14:02:33+0200,a602df8b-e77d-453c-80cb-eeacd1e89d3b,2026-07-19T05:15:00Z,2026-07-19T07:15:00+0200,57.51,EUR/MWh,FR,FR,imbalance_price,Long,2026-08-05T12:06:18Z
2026-08-05T12:02:33Z,2026-08-05T14:02:33+0200,a602df8b-e77d-453c-80cb-eeacd1e89d3b,2026-07-19T05:15:00Z,2026-07-19T07:15:00+0200,62.93,EUR/MWh,FR,FR,imbalance_price,Short,2026-08-05T12:06:18Z
2026-08-05T12:02:33Z,2026-08-05T14:02:33+0200,a602df8b-e77d-453c-80cb-eeacd1e89d3b,2026-07-19T05:30:00Z,2026-07-19T07:30:00+0200,50.2,EUR/MWh,FR,FR,imbalance_price,Long,2026-08-05T12:06:18Z
2026-08-05T12:02:33Z,2026-08-05T14:02:33+0200,a602df8b-e77d-453c-80cb-eeacd1e89d3b,2026-07-19T05:30:00Z,2026-07-19T07:30:00+0200,54.94,EUR/MWh,FR,FR,imbalance_price,Short,2026-08-05T12:06:18Z
2026-08-05T12:02:33Z,2026-08-05T14:02:33+0200,a602df8b-e77d-453c-80cb-eeacd1e89d3b,2026-07-19T05:45:00Z,2026-07-19T07:45:00+0200,45.21,EUR/MWh,FR,FR,imbalance_price,Long,2026-08-05T12:06:18Z
2026-08-05T12:02:33Z,2026-08-05T14:02:33+0200,a602df8b-e77d-453c-80cb-eeacd1e89d3b,2026-07-19T05:45:00Z,2026-07-19T07:45:00+0200,49.47,EUR/MWh,FR,FR,imbalance_price,Short,2026-08-05T12:06:18Z
2026-08-05T12:02:33Z,2026-08-05T14:02:33+0200,a602df8b-e77d-453c-80cb-eeacd1e89d3b,2026-07-19T06:00:00Z,2026-07-19T08:00:00+0200,30.15,EUR/MWh,FR,FR,imbalance_price,Long,2026-08-05T12:06:18Z
2026-08-05T12:02:33Z,2026-08-05T14:02:33+0200,a602df8b-e77d-453c-80cb-eeacd1e89d3b,2026-07-19T06:00:00Z,2026-07-19T08:00:00+0200,32.99,EUR/MWh,FR,FR,imbalance_price,Short,2026-08-05T12:06:18Z
2026-08-05T12:02:33Z,2026-08-05T14:02:33+0200,a602df8b-e77d-453c-80cb-eeacd1e89d3b,2026-07-19T06:15:00Z,2026-07-19T08:15:00+0200,31.13,EUR/MWh,FR,FR,imbalance_price,Long,2026-08-05T12:06:18Z
2026-08-05T12:02:33Z,2026-08-05T14:02:33+0200,a602df8b-e77d-453c-80cb-eeacd1e89d3b,2026-07-19T06:15:00Z,2026-07-19T08:15:00+0200,34.07,EUR/MWh,FR,FR,imbalance_price,Short,2026-08-05T12:06:18Z
2026-08-05T12:02:33Z,2026-08-05T14:02:33+0200,a602df8b-e77d-453c-80cb-eeacd1e89d3b,2026-07-19T06:30:00Z,2026-07-19T08:30:00+0200,33.0,EUR/MWh,FR,FR,imbalance_price,Long,2026-08-05T12:06:18Z
2026-08-05T12:02:33Z,2026-08-05T14:02:33+0200,a602df8b-e77d-453c-80cb-eeacd1e89d3b,2026-07-19T06:30:00Z,2026-07-19T08:30:00+0200,36.12,EUR/MWh,FR,FR,imbalance_price,Short,2026-08-05T12:06:18Z
2026-08-05T12:02:33Z,2026-08-05T14:02:33+0200,a602df8b-e77d-453c-80cb-eeacd1e89d3b,2026-07-19T06:45:00Z,2026-07-19T08:45:00+0200,33.0,EUR/MWh,FR,FR,imbalance_price,Long,2026-08-05T12:06:18Z
2026-08-05T12:02:33Z,2026-08-05T14:02:33+0200,a602df8b-e77d-453c-80cb-eeacd1e89d3b,2026-07-19T06:45:00Z,2026-07-19T08:45:00+0200,36.12,EUR/MWh,FR,FR,imbalance_price,Short,2026-08-05T12:06:18Z
2026-08-05T12:02:33Z,2026-08-05T14:02:33+0200,a602df8b-e77d-453c-80cb-eeacd1e89d3b,2026-07-19T07:00:00Z,2026-07-19T09:00:00+0200,-77.95,EUR/MWh,FR,FR,imbalance_price,Long,2026-08-05T12:06:18Z
2026-08-05T12:02:33Z,2026-08-05T14:02:33+0200,a602df8b-e77d-453c-80cb-eeacd1e89d3b,2026-07-19T07:00:00Z,2026-07-19T09:00:00+0200,-71.23,EUR/MWh,FR,FR,imbalance_price,Short,2026-08-05T12:06:18Z
2026-08-05T12:02:33Z,2026-08-05T14:02:33+0200,a602df8b-e77d-453c-80cb-eeacd1e89d3b,2026-07-19T07:15:00Z,2026-07-19T09:15:00+0200,-252.69,EUR/MWh,FR,FR,imbalance_price,Long,2026-08-05T12:06:18Z
2026-08-05T12:02:33Z,2026-08-05T14:02:33+0200,a602df8b-e77d-453c-80cb-eeacd1e89d3b,2026-07-19T07:15:00Z,2026-07-19T09:15:00+0200,-230.93,EUR/MWh,FR,FR,imbalance_price,Short,2026-08-05T12:06:18Z
2026-08-05T12:02:33Z,2026-08-05T14:02:33+0200,a602df8b-e77d-453c-80cb-eeacd1e89d3b,2026-07-19T07:30:00Z,2026-07-19T09:30:00+0200,8.79,EUR/MWh,FR,FR,imbalance_price,Long,2026-08-05T12:06:18Z
2026-08-05T12:02:33Z,2026-08-05T14:02:33+0200,a602df8b-e77d-453c-80cb-eeacd1e89d3b,2026-07-19T07:30:00Z,2026-07-19T09:30:00+0200,9.61,EUR/MWh,FR,FR,imbalance_price,Short,2026-08-05T12:06:18Z
2026-08-05T12:02:33Z,2026-08-05T14:02:33+0200,a602df8b-e77d-453c-80cb-eeacd1e89d3b,2026-07-19T07:45:00Z,2026-07-19T09:45:00+0200,8.79,EUR/MWh,FR,FR,imbalance_price,Long,2026-08-05T12:06:18Z
2026-08-05T12:02:33Z,2026-08-05T14:02:33+0200,a602df8b-e77d-453c-80cb-eeacd1e89d3b,2026-07-19T07:45:00Z,2026-07-19T09:45:00+0200,9.61,EUR/MWh,FR,FR,imbalance_price,Short,2026-08-05T12:06:18Z
2026-08-05T12:02:33Z,2026-08-05T14:02:33+0200,a602df8b-e77d-453c-80cb-eeacd1e89d3b,2026-07-19T08:00:00Z,2026-07-19T10:00:00+0200,-156.93,EUR/MWh,FR,FR,imbalance_price,Long,2026-08-05T12:06:18Z
2026-08-05T12:02:33Z,2026-08-05T14:02:33+0200,a602df8b-e77d-453c-80cb-eeacd1e89d3b,2026-07-19T08:00:00Z,2026-07-19T10:00:00+0200,-143.41,EUR/MWh,FR,FR,imbalance_price,Short,2026-08-05T12:06:18Z
2026-08-05T12:02:33Z,2026-08-05T14:02:33+0200,a602df8b-e77d-453c-80cb-eeacd1e89d3b,2026-07-19T08:15:00Z,2026-07-19T10:15:00+0200,16.93,EUR/MWh,FR,FR,imbalance_price,Long,2026-08-05T12:06:18Z
2026-08-05T12:02:33Z,2026-08-05T14:02:33+0200,a602df8b-e77d-453c-80cb-eeacd1e89d3b,2026-07-19T08:15:00Z,2026-07-19T10:15:00+0200,18.53,EUR/MWh,FR,FR,imbalance_price,Short,2026-08-05T12:06:18Z
2026-08-05T12:02:33Z,2026-08-05T14:02:33+0200,a602df8b-e77d-453c-80cb-eeacd1e89d3b,2026-07-19T08:30:00Z,2026-07-19T10:30:00+0200,-7.22,EUR/MWh,FR,FR,imbalance_price,Long,2026-08-05T12:06:18Z
2026-08-05T12:02:33Z,2026-08-05T14:02:33+0200,a602df8b-e77d-453c-80cb-eeacd1e89d3b,2026-07-19T08:30:00Z,2026-07-19T10:30:00+0200,-6.6,EUR/MWh,FR,FR,imbalance_price,Short,2026-08-05T12:06:18Z
2026-08-05T12:02:33Z,2026-08-05T14:02:33+0200,a602df8b-e77d-453c-80cb-eeacd1e89d3b,2026-07-19T08:45:00Z,2026-07-19T10:45:00+0200,22.14,EUR/MWh,FR,FR,imbalance_price,Long,2026-08-05T12:06:18Z
2026-08-05T12:02:33Z,2026-08-05T14:02:33+0200,a602df8b-e77d-453c-80cb-eeacd1e89d3b,2026-07-19T08:45:00Z,2026-07-19T10:45:00+0200,24.22,EUR/MWh,FR,FR,imbalance_price,Short,2026-08-05T12:06:18Z
2026-08-05T12:02:33Z,2026-08-05T14:02:33+0200,a602df8b-e77d-453c-80cb-eeacd1e89d3b,2026-07-19T09:00:00Z,2026-07-19T11:00:00+0200,14.66,EUR/MWh,FR,FR,imbalance_price,Long,2026-08-05T12:06:18Z
2026-08-05T12:02:33Z,2026-08-05T14:02:33+0200,a602df8b-e77d-453c-80cb-eeacd1e89d3b,2026-07-19T09:00:00Z,2026-07-19T11:00:00+0200,16.04,EUR/MWh,FR,FR,imbalance_price,Short,2026-08-05T12:06:18Z
2026-08-05T12:02:33Z,2026-08-05T14:02:33+0200,a602df8b-e77d-453c-80cb-eeacd1e89d3b,2026-07-19T09:15:00Z,2026-07-19T11:15:00+0200,6.0,EUR/MWh,FR,FR,imbalance_price,Long,2026-08-05T12:06:18Z
2026-08-05T12:02:33Z,2026-08-05T14:02:33+0200,a602df8b-e77d-453c-80cb-eeacd1e89d3b,2026-07-19T09:15:00Z,2026-07-19T11:15:00+0200,6.56,EUR/MWh,FR,FR,imbalance_price,Short,2026-08-05T12:06:18Z
2026-08-05T12:02:33Z,2026-08-05T14:02:33+0200,a602df8b-e77d-453c-80cb-eeacd1e89d3b,2026-07-19T09:30:00Z,2026-07-19T11:30:00+0200,62.82,EUR/MWh,FR,FR,imbalance_price,Long,2026-08-05T12:06:18Z
2026-08-05T12:02:33Z,2026-08-05T14:02:33+0200,a602df8b-e77d-453c-80cb-eeacd1e89d3b,2026-07-19T09:30:00Z,2026-07-19T11:30:00+0200,68.74,EUR/MWh,FR,FR,imbalance_price,Short,2026-08-05T12:06:18Z
2026-08-05T12:02:33Z,2026-08-05T14:02:33+0200,a602df8b-e77d-453c-80cb-eeacd1e89d3b,2026-07-19T09:45:00Z,2026-07-19T11:45:00+0200,103.26,EUR/MWh,FR,FR,imbalance_price,Long,2026-08-05T12:06:18Z
2026-08-05T12:02:33Z,2026-08-05T14:02:33+0200,a602df8b-e77d-453c-80cb-eeacd1e89d3b,2026-07-19T09:45:00Z,2026-07-19T11:45:00+0200,113.0,EUR/MWh,FR,FR,imbalance_price,Short,2026-08-05T12:06:18Z
2026-08-05T12:02:33Z,2026-08-05T14:02:33+0200,a602df8b-e77d-453c-80cb-eeacd1e89d3b,2026-07-19T10:00:00Z,2026-07-19T12:00:00+0200,11.62,EUR/MWh,FR,FR,imbalance_price,Long,2026-08-05T12:06:18Z
2026-08-05T12:02:33Z,2026-08-05T14:02:33+0200,a602df8b-e77d-453c-80cb-eeacd1e89d3b,2026-07-19T10:00:00Z,2026-07-19T12:00:00+0200,12.72,EUR/MWh,FR,FR,imbalance_price,Short,2026-08-05T12:06:18Z
2026-08-05T12:02:33Z,2026-08-05T14:02:33+0200,a602df8b-e77d-453c-80cb-eeacd1e89d3b,2026-07-19T10:15:00Z,2026-07-19T12:15:00+0200,29.23,EUR/MWh,FR,FR,imbalance_price,Long,2026-08-05T12:06:18Z
2026-08-05T12:02:33Z,2026-08-05T14:02:33+0200,a602df8b-e77d-453c-80cb-eeacd1e89d3b,2026-07-19T10:15:00Z,2026-07-19T12:15:00+0200,31.99,EUR/MWh,FR,FR,imbalance_price,Short,2026-08-05T12:06:18Z
2026-08-05T12:02:33Z,2026-08-05T14:02:33+0200,a602df8b-e77d-453c-80cb-eeacd1e89d3b,2026-07-19T10:30:00Z,2026-07-19T12:30:00+0200,-1.75,EUR/MWh,FR,FR,imbalance_price,Long,2026-08-05T12:06:18Z
2026-08-05T12:02:33Z,2026-08-05T14:02:33+0200,a602df8b-e77d-453c-80cb-eeacd1e89d3b,2026-07-19T10:30:00Z,2026-07-19T12:30:00+0200,-1.59,EUR/MWh,FR,FR,imbalance_price,Short,2026-08-05T12:06:18Z
2026-08-05T12:02:33Z,2026-08-05T14:02:33+0200,a602df8b-e77d-453c-80cb-eeacd1e89d3b,2026-07-19T10:45:00Z,2026-07-19T12:45:00+0200,-0.47,EUR/MWh,FR,FR,imbalance_price,Long,2026-08-05T12:06:18Z
2026-08-05T12:02:33Z,2026-08-05T14:02:33+0200,a602df8b-e77d-453c-80cb-eeacd1e89d3b,2026-07-19T10:45:00Z,2026-07-19T12:45:00+0200,-0.43,EUR/MWh,FR,FR,imbalance_price,Short,2026-08-05T12:06:18Z
2026-08-05T12:02:33Z,2026-08-05T14:02:33+0200,a602df8b-e77d-453c-80cb-eeacd1e89d3b,2026-07-19T11:00:00Z,2026-07-19T13:00:00+0200,-0.67,EUR/MWh,FR,FR,imbalance_price,Long,2026-08-05T12:06:18Z
2026-08-05T12:02:33Z,2026-08-05T14:02:33+0200,a602df8b-e77d-453c-80cb-eeacd1e89d3b,2026-07-19T11:00:00Z,2026-07-19T13:00:00+0200,-0.61,EUR/MWh,FR,FR,imbalance_price,Short,2026-08-05T12:06:18Z
2026-08-05T12:02:33Z,2026-08-05T14:02:33+0200,a602df8b-e77d-453c-80cb-eeacd1e89d3b,2026-07-19T11:15:00Z,2026-07-19T13:15:00+0200,-0.04,EUR/MWh,FR,FR,imbalance_price,Long,2026-08-05T12:06:18Z
2026-08-05T12:02:33Z,2026-08-05T14:02:33+0200,a602df8b-e77d-453c-80cb-eeacd1e89d3b,2026-07-19T11:15:00Z,2026-07-19T13:15:00+0200,-0.04,EUR/MWh,FR,FR,imbalance_price,Short,2026-08-05T12:06:18Z
2026-08-05T12:02:33Z,2026-08-05T14:02:33+0200,a602df8b-e77d-453c-80cb-eeacd1e89d3b,2026-07-19T11:30:00Z,2026-07-19T13:30:00+0200,-1.66,EUR/MWh,FR,FR,imbalance_price,Long,2026-08-05T12:06:18Z
2026-08-05T12:02:33Z,2026-08-05T14:02:33+0200,a602df8b-e77d-453c-80cb-eeacd1e89d3b,2026-07-19T11:30:00Z,2026-07-19T13:30:00+0200,-1.52,EUR/MWh,FR,FR,imbalance_price,Short,2026-08-05T12:06:18Z
2026-08-05T12:02:33Z,2026-08-05T14:02:33+0200,a602df8b-e77d-453c-80cb-eeacd1e89d3b,2026-07-19T11:45:00Z,2026-07-19T13:45:00+0200,-2.01,EUR/MWh,FR,FR,imbalance_price,Long,2026-08-05T12:06:18Z
2026-08-05T12:02:33Z,2026-08-05T14:02:33+0200,a602df8b-e77d-453c-80cb-eeacd1e89d3b,2026-07-19T11:45:00Z,2026-07-19T13:45:00+0200,-1.83,EUR/MWh,FR,FR,imbalance_price,Short,2026-08-05T12:06:18Z
2026-08-05T12:02:33Z,2026-08-05T14:02:33+0200,a602df8b-e77d-453c-80cb-eeacd1e89d3b,2026-07-19T12:00:00Z,2026-07-19T14:00:00+0200,-25.53,EUR/MWh,FR,FR,imbalance_price,Long,2026-08-05T12:06:18Z
2026-08-05T12:02:33Z,2026-08-05T14:02:33+0200,a602df8b-e77d-453c-80cb-eeacd1e89d3b,2026-07-19T12:00:00Z,2026-07-19T14:00:00+0200,-23.33,EUR/MWh,FR,FR,imbalance_price,Short,2026-08-05T12:06:18Z
2026-08-05T12:02:33Z,2026-08-05T14:02:33+0200,a602df8b-e77d-453c-80cb-eeacd1e89d3b,2026-07-19T12:15:00Z,2026-07-19T14:15:00+0200,-17.06,EUR/MWh,FR,FR,imbalance_price,Long,2026-08-05T12:06:18Z
2026-08-05T12:02:33Z,2026-08-05T14:02:33+0200,a602df8b-e77d-453c-80cb-eeacd1e89d3b,2026-07-19T12:15:00Z,2026-07-19T14:15:00+0200,-15.6,EUR/MWh,FR,FR,imbalance_price,Short,2026-08-05T12:06:18Z
2026-08-05T12:02:33Z,2026-08-05T14:02:33+0200,a602df8b-e77d-453c-80cb-eeacd1e89d3b,2026-07-19T12:30:00Z,2026-07-19T14:30:00+0200,-34.5,EUR/MWh,FR,FR,imbalance_price,Long,2026-08-05T12:06:18Z
2026-08-05T12:02:33Z,2026-08-05T14:02:33+0200,a602df8b-e77d-453c-80cb-eeacd1e89d3b,2026-07-19T12:30:00Z,2026-07-19T14:30:00+0200,-31.52,EUR/MWh,FR,FR,imbalance_price,Short,2026-08-05T12:06:18Z
2026-08-05T12:02:33Z,2026-08-05T14:02:33+0200,a602df8b-e77d-453c-80cb-eeacd1e89d3b,2026-07-19T12:45:00Z,2026-07-19T14:45:00+0200,-17.63,EUR/MWh,FR,FR,imbalance_price,Long,2026-08-05T12:06:18Z
2026-08-05T12:02:33Z,2026-08-05T14:02:33+0200,a602df8b-e77d-453c-80cb-eeacd1e89d3b,2026-07-19T12:45:00Z,2026-07-19T14:45:00+0200,-16.11,EUR/MWh,FR,FR,imbalance_price,Short,2026-08-05T12:06:18Z
2026-08-05T12:02:33Z,2026-08-05T14:02:33+0200,a602df8b-e77d-453c-80cb-eeacd1e89d3b,2026-07-19T13:00:00Z,2026-07-19T15:00:00+0200,-8.49,EUR/MWh,FR,FR,imbalance_price,Long,2026-08-05T12:06:18Z
2026-08-05T12:02:33Z,2026-08-05T14:02:33+0200,a602df8b-e77d-453c-80cb-eeacd1e89d3b,2026-07-19T13:00:00Z,2026-07-19T15:00:00+0200,-7.75,EUR/MWh,FR,FR,imbalance_price,Short,2026-08-05T12:06:18Z
2026-08-05T12:02:33Z,2026-08-05T14:02:33+0200,a602df8b-e77d-453c-80cb-eeacd1e89d3b,2026-07-19T13:15:00Z,2026-07-19T15:15:00+0200,-16.88,EUR/MWh,FR,FR,imbalance_price,Long,2026-08-05T12:06:18Z
2026-08-05T12:02:33Z,2026-08-05T14:02:33+0200,a602df8b-e77d-453c-80cb-eeacd1e89d3b,2026-07-19T13:15:00Z,2026-07-19T15:15:00+0200,-15.42,EUR/MWh,FR,FR,imbalance_price,Short,2026-08-05T12:06:18Z
2026-08-05T12:02:33Z,2026-08-05T14:02:33+0200,a602df8b-e77d-453c-80cb-eeacd1e89d3b,2026-07-19T13:30:00Z,2026-07-19T15:30:00+0200,-4.58,EUR/MWh,FR,FR,imbalance_price,Long,2026-08-05T12:06:18Z
2026-08-05T12:02:33Z,2026-08-05T14:02:33+0200,a602df8b-e77d-453c-80cb-eeacd1e89d3b,2026-07-19T13:30:00Z,2026-07-19T15:30:00+0200,-4.18,EUR/MWh,FR,FR,imbalance_price,Short,2026-08-05T12:06:18Z
2026-08-05T12:02:33Z,2026-08-05T14:02:33+0200,a602df8b-e77d-453c-80cb-eeacd1e89d3b,2026-07-19T13:45:00Z,2026-07-19T15:45:00+0200,-1.64,EUR/MWh,FR,FR,imbalance_price,Long,2026-08-05T12:06:18Z
2026-08-05T12:02:33Z,2026-08-05T14:02:33+0200,a602df8b-e77d-453c-80cb-eeacd1e89d3b,2026-07-19T13:45:00Z,2026-07-19T15:45:00+0200,-1.5,EUR/MWh,FR,FR,imbalance_price,Short,2026-08-05T12:06:18Z
2026-08-05T12:02:33Z,2026-08-05T14:02:33+0200,a602df8b-e77d-453c-80cb-eeacd1e89d3b,2026-07-19T14:00:00Z,2026-07-19T16:00:00+0200,5.28,EUR/MWh,FR,FR,imbalance_price,Long,2026-08-05T12:06:18Z
2026-08-05T12:02:33Z,2026-08-05T14:02:33+0200,a602df8b-e77d-453c-80cb-eeacd1e89d3b,2026-07-19T14:00:00Z,2026-07-19T16:00:00+0200,5.78,EUR/MWh,FR,FR,imbalance_price,Short,2026-08-05T12:06:18Z
2026-08-05T12:02:33Z,2026-08-05T14:02:33+0200,a602df8b-e77d-453c-80cb-eeacd1e89d3b,2026-07-19T14:15:00Z,2026-07-19T16:15:00+0200,8.44,EUR/MWh,FR,FR,imbalance_price,Long,2026-08-05T12:06:18Z
2026-08-05T12:02:33Z,2026-08-05T14:02:33+0200,a602df8b-e77d-453c-80cb-eeacd1e89d3b,2026-07-19T14:15:00Z,2026-07-19T16:15:00+0200,9.24,EUR/MWh,FR,FR,imbalance_price,Short,2026-08-05T12:06:18Z
2026-08-05T12:02:33Z,2026-08-05T14:02:33+0200,a602df8b-e77d-453c-80cb-eeacd1e89d3b,2026-07-19T14:30:00Z,2026-07-19T16:30:00+0200,8.94,EUR/MWh,FR,FR,imbalance_price,Long,2026-08-05T12:06:18Z
2026-08-05T12:02:33Z,2026-08-05T14:02:33+0200,a602df8b-e77d-453c-80cb-eeacd1e89d3b,2026-07-19T14:30:00Z,2026-07-19T16:30:00+0200,9.78,EUR/MWh,FR,FR,imbalance_price,Short,2026-08-05T12:06:18Z
2026-08-05T12:02:33Z,2026-08-05T14:02:33+0200,a602df8b-e77d-453c-80cb-eeacd1e89d3b,2026-07-19T14:45:00Z,2026-07-19T16:45:00+0200,4.47,EUR/MWh,FR,FR,imbalance_price,Long,2026-08-05T12:06:18Z
2026-08-05T12:02:33Z,2026-08-05T14:02:33+0200,a602df8b-e77d-453c-80cb-eeacd1e89d3b,2026-07-19T14:45:00Z,2026-07-19T16:45:00+0200,4.89,EUR/MWh,FR,FR,imbalance_price,Short,2026-08-05T12:06:18Z
2026-08-05T12:02:33Z,2026-08-05T14:02:33+0200,a602df8b-e77d-453c-80cb-eeacd1e89d3b,2026-07-19T15:00:00Z,2026-07-19T17:00:00+0200,6.84,EUR/MWh,FR,FR,imbalance_price,Long,2026-08-05T12:06:18Z
2026-08-05T12:02:33Z,2026-08-05T14:02:33+0200,a602df8b-e77d-453c-80cb-eeacd1e89d3b,2026-07-19T15:00:00Z,2026-07-19T17:00:00+0200,7.48,EUR/MWh,FR,FR,imbalance_price,Short,2026-08-05T12:06:18Z
2026-08-05T12:02:33Z,2026-08-05T14:02:33+0200,a602df8b-e77d-453c-80cb-eeacd1e89d3b,2026-07-19T15:15:00Z,2026-07-19T17:15:00+0200,28.58,EUR/MWh,FR,FR,imbalance_price,Long,2026-08-05T12:06:18Z
2026-08-05T12:02:33Z,2026-08-05T14:02:33+0200,a602df8b-e77d-453c-80cb-eeacd1e89d3b,2026-07-19T15:15:00Z,2026-07-19T17:15:00+0200,31.28,EUR/MWh,FR,FR,imbalance_price,Short,2026-08-05T12:06:18Z
2026-08-05T12:02:33Z,2026-08-05T14:02:33+0200,a602df8b-e77d-453c-80cb-eeacd1e89d3b,2026-07-19T15:30:00Z,2026-07-19T17:30:00+0200,8.23,EUR/MWh,FR,FR,imbalance_price,Long,2026-08-05T12:06:18Z
2026-08-05T12:02:33Z,2026-08-05T14:02:33+0200,a602df8b-e77d-453c-80cb-eeacd1e89d3b,2026-07-19T15:30:00Z,2026-07-19T17:30:00+0200,9.01,EUR/MWh,FR,FR,imbalance_price,Short,2026-08-05T12:06:18Z
2026-08-05T12:02:33Z,2026-08-05T14:02:33+0200,a602df8b-e77d-453c-80cb-eeacd1e89d3b,2026-07-19T15:45:00Z,2026-07-19T17:45:00+0200,22.56,EUR/MWh,FR,FR,imbalance_price,Long,2026-08-05T12:06:18Z
2026-08-05T12:02:33Z,2026-08-05T14:02:33+0200,a602df8b-e77d-453c-80cb-eeacd1e89d3b,2026-07-19T15:45:00Z,2026-07-19T17:45:00+0200,24.68,EUR/MWh,FR,FR,imbalance_price,Short,2026-08-05T12:06:18Z
2026-08-05T12:02:33Z,2026-08-05T14:02:33+0200,a602df8b-e77d-453c-80cb-eeacd1e89d3b,2026-07-19T16:00:00Z,2026-07-19T18:00:00+0200,29.13,EUR/MWh,FR,FR,imbalance_price,Long,2026-08-05T12:06:18Z
2026-08-05T12:02:33Z,2026-08-05T14:02:33+0200,a602df8b-e77d-453c-80cb-eeacd1e89d3b,2026-07-19T16:00:00Z,2026-07-19T18:00:00+0200,31.87,EUR/MWh,FR,FR,imbalance_price,Short,2026-08-05T12:06:18Z
2026-08-05T12:02:33Z,2026-08-05T14:02:33+0200,a602df8b-e77d-453c-80cb-eeacd1e89d3b,2026-07-19T16:15:00Z,2026-07-19T18:15:00+0200,12.36,EUR/MWh,FR,FR,imbalance_price,Long,2026-08-05T12:06:18Z
2026-08-05T12:02:33Z,2026-08-05T14:02:33+0200,a602df8b-e77d-453c-80cb-eeacd1e89d3b,2026-07-19T16:15:00Z,2026-07-19T18:15:00+0200,13.52,EUR/MWh,FR,FR,imbalance_price,Short,2026-08-05T12:06:18Z
2026-08-05T12:02:33Z,2026-08-05T14:02:33+0200,a602df8b-e77d-453c-80cb-eeacd1e89d3b,2026-07-19T16:30:00Z,2026-07-19T18:30:00+0200,48.24,EUR/MWh,FR,FR,imbalance_price,Long,2026-08-05T12:06:18Z
2026-08-05T12:02:33Z,2026-08-05T14:02:33+0200,a602df8b-e77d-453c-80cb-eeacd1e89d3b,2026-07-19T16:30:00Z,2026-07-19T18:30:00+0200,52.78,EUR/MWh,FR,FR,imbalance_price,Short,2026-08-05T12:06:18Z
2026-08-05T12:02:33Z,2026-08-05T14:02:33+0200,a602df8b-e77d-453c-80cb-eeacd1e89d3b,2026-07-19T16:45:00Z,2026-07-19T18:45:00+0200,41.13,EUR/MWh,FR,FR,imbalance_price,Long,2026-08-05T12:06:18Z
2026-08-05T12:02:33Z,2026-08-05T14:02:33+0200,a602df8b-e77d-453c-80cb-eeacd1e89d3b,2026-07-19T16:45:00Z,2026-07-19T18:45:00+0200,45.01,EUR/MWh,FR,FR,imbalance_price,Short,2026-08-05T12:06:18Z
2026-08-05T12:02:33Z,2026-08-05T14:02:33+0200,a602df8b-e77d-453c-80cb-eeacd1e89d3b,2026-07-19T17:00:00Z,2026-07-19T19:00:00+0200,9.54,EUR/MWh,FR,FR,imbalance_price,Long,2026-08-05T12:06:18Z
2026-08-05T12:02:33Z,2026-08-05T14:02:33+0200,a602df8b-e77d-453c-80cb-eeacd1e89d3b,2026-07-19T17:00:00Z,2026-07-19T19:00:00+0200,10.44,EUR/MWh,FR,FR,imbalance_price,Short,2026-08-05T12:06:18Z
2026-08-05T12:02:33Z,2026-08-05T14:02:33+0200,a602df8b-e77d-453c-80cb-eeacd1e89d3b,2026-07-19T17:15:00Z,2026-07-19T19:15:00+0200,19.12,EUR/MWh,FR,FR,imbalance_price,Long,2026-08-05T12:06:18Z
2026-08-05T12:02:33Z,2026-08-05T14:02:33+0200,a602df8b-e77d-453c-80cb-eeacd1e89d3b,2026-07-19T17:15:00Z,2026-07-19T19:15:00+0200,20.92,EUR/MWh,FR,FR,imbalance_price,Short,2026-08-05T12:06:18Z
2026-08-05T12:02:33Z,2026-08-05T14:02:33+0200,a602df8b-e77d-453c-80cb-eeacd1e89d3b,2026-07-19T17:30:00Z,2026-07-19T19:30:00+0200,125.64,EUR/MWh,FR,FR,imbalance_price,Long,2026-08-05T12:06:18Z
2026-08-05T12:02:33Z,2026-08-05T14:02:33+0200,a602df8b-e77d-453c-80cb-eeacd1e89d3b,2026-07-19T17:30:00Z,2026-07-19T19:30:00+0200,137.48,EUR/MWh,FR,FR,imbalance_price,Short,2026-08-05T12:06:18Z
2026-08-05T12:02:33Z,2026-08-05T14:02:33+0200,a602df8b-e77d-453c-80cb-eeacd1e89d3b,2026-07-19T17:45:00Z,2026-07-19T19:45:00+0200,133.06,EUR/MWh,FR,FR,imbalance_price,Long,2026-08-05T12:06:18Z
2026-08-05T12:02:33Z,2026-08-05T14:02:33+0200,a602df8b-e77d-453c-80cb-eeacd1e89d3b,2026-07-19T17:45:00Z,2026-07-19T19:45:00+0200,145.6,EUR/MWh,FR,FR,imbalance_price,Short,2026-08-05T12:06:18Z
2026-08-05T12:02:33Z,2026-08-05T14:02:33+0200,a602df8b-e77d-453c-80cb-eeacd1e89d3b,2026-07-19T18:00:00Z,2026-07-19T20:00:00+0200,150.04,EUR/MWh,FR,FR,imbalance_price,Long,2026-08-05T12:06:18Z
2026-08-05T12:02:33Z,2026-08-05T14:02:33+0200,a602df8b-e77d-453c-80cb-eeacd1e89d3b,2026-07-19T18:00:00Z,2026-07-19T20:00:00+0200,164.18,EUR/MWh,FR,FR,imbalance_price,Short,2026-08-05T12:06:18Z
2026-08-05T12:02:33Z,2026-08-05T14:02:33+0200,a602df8b-e77d-453c-80cb-eeacd1e89d3b,2026-07-19T18:15:00Z,2026-07-19T20:15:00+0200,167.99,EUR/MWh,FR,FR,imbalance_price,Long,2026-08-05T12:06:18Z
2026-08-05T12:02:33Z,2026-08-05T14:02:33+0200,a602df8b-e77d-453c-80cb-eeacd1e89d3b,2026-07-19T18:15:00Z,2026-07-19T20:15:00+0200,183.83,EUR/MWh,FR,FR,imbalance_price,Short,2026-08-05T12:06:18Z
2026-08-05T12:02:33Z,2026-08-05T14:02:33+0200,a602df8b-e77d-453c-80cb-eeacd1e89d3b,2026-07-19T18:30:00Z,2026-07-19T20:30:00+0200,189.86,EUR/MWh,FR,FR,imbalance_price,Long,2026-08-05T12:06:18Z
2026-08-05T12:02:33Z,2026-08-05T14:02:33+0200,a602df8b-e77d-453c-80cb-eeacd1e89d3b,2026-07-19T18:30:00Z,2026-07-19T20:30:00+0200,207.76,EUR/MWh,FR,FR,imbalance_price,Short,2026-08-05T12:06:18Z
2026-08-05T12:02:33Z,2026-08-05T14:02:33+0200,a602df8b-e77d-453c-80cb-eeacd1e89d3b,2026-07-19T18:45:00Z,2026-07-19T20:45:00+0200,165.24,EUR/MWh,FR,FR,imbalance_price,Long,2026-08-05T12:06:18Z
2026-08-05T12:02:33Z,2026-08-05T14:02:33+0200,a602df8b-e77d-453c-80cb-eeacd1e89d3b,2026-07-19T18:45:00Z,2026-07-19T20:45:00+0200,180.82,EUR/MWh,FR,FR,imbalance_price,Short,2026-08-05T12:06:18Z
2026-08-05T12:02:33Z,2026-08-05T14:02:33+0200,a602df8b-e77d-453c-80cb-eeacd1e89d3b,2026-07-19T19:00:00Z,2026-07-19T21:00:00+0200,145.54,EUR/MWh,FR,FR,imbalance_price,Long,2026-08-05T12:06:18Z
2026-08-05T12:02:33Z,2026-08-05T14:02:33+0200,a602df8b-e77d-453c-80cb-eeacd1e89d3b,2026-07-19T19:00:00Z,2026-07-19T21:00:00+0200,159.26,EUR/MWh,FR,FR,imbalance_price,Short,2026-08-05T12:06:18Z
2026-08-05T12:02:33Z,2026-08-05T14:02:33+0200,a602df8b-e77d-453c-80cb-eeacd1e89d3b,2026-07-19T19:15:00Z,2026-07-19T21:15:00+0200,153.88,EUR/MWh,FR,FR,imbalance_price,Long,2026-08-05T12:06:18Z
2026-08-05T12:02:33Z,2026-08-05T14:02:33+0200,a602df8b-e77d-453c-80cb-eeacd1e89d3b,2026-07-19T19:15:00Z,2026-07-19T21:15:00+0200,168.38,EUR/MWh,FR,FR,imbalance_price,Short,2026-08-05T12:06:18Z
2026-08-05T12:02:33Z,2026-08-05T14:02:33+0200,a602df8b-e77d-453c-80cb-eeacd1e89d3b,2026-07-19T19:30:00Z,2026-07-19T21:30:00+0200,158.56,EUR/MWh,FR,FR,imbalance_price,Long,2026-08-05T12:06:18Z
2026-08-05T12:02:33Z,2026-08-05T14:02:33+0200,a602df8b-e77d-453c-80cb-eeacd1e89d3b,2026-07-19T19:30:00Z,2026-07-19T21:30:00+0200,173.5,EUR/MWh,FR,FR,imbalance_price,Short,2026-08-05T12:06:18Z
2026-08-05T12:02:33Z,2026-08-05T14:02:33+0200,a602df8b-e77d-453c-80cb-eeacd1e89d3b,2026-07-19T19:45:00Z,2026-07-19T21:45:00+0200,144.4,EUR/MWh,FR,FR,imbalance_price,Long,2026-08-05T12:06:18Z
2026-08-05T12:02:33Z,2026-08-05T14:02:33+0200,a602df8b-e77d-453c-80cb-eeacd1e89d3b,2026-07-19T19:45:00Z,2026-07-19T21:45:00+0200,158.0,EUR/MWh,FR,FR,imbalance_price,Short,2026-08-05T12:06:18Z
2026-08-05T12:02:33Z,2026-08-05T14:02:33+0200,a602df8b-e77d-453c-80cb-eeacd1e89d3b,2026-07-19T20:00:00Z,2026-07-19T22:00:00+0200,149.74,EUR/MWh,FR,FR,imbalance_price,Long,2026-08-05T12:06:18Z
2026-08-05T12:02:33Z,2026-08-05T14:02:33+0200,a602df8b-e77d-453c-80cb-eeacd1e89d3b,2026-07-19T20:00:00Z,2026-07-19T22:00:00+0200,163.86,EUR/MWh,FR,FR,imbalance_price,Short,2026-08-05T12:06:18Z
2026-08-05T12:02:33Z,2026-08-05T14:02:33+0200,a602df8b-e77d-453c-80cb-eeacd1e89d3b,2026-07-19T20:15:00Z,2026-07-19T22:15:00+0200,163.79,EUR/MWh,FR,FR,imbalance_price,Long,2026-08-05T12:06:18Z
2026-08-05T12:02:33Z,2026-08-05T14:02:33+0200,a602df8b-e77d-453c-80cb-eeacd1e89d3b,2026-07-19T20:15:00Z,2026-07-19T22:15:00+0200,179.23,EUR/MWh,FR,FR,imbalance_price,Short,2026-08-05T12:06:18Z
2026-08-05T12:02:33Z,2026-08-05T14:02:33+0200,a602df8b-e77d-453c-80cb-eeacd1e89d3b,2026-07-19T20:30:00Z,2026-07-19T22:30:00+0200,96.73,EUR/MWh,FR,FR,imbalance_price,Long,2026-08-05T12:06:18Z
2026-08-05T12:02:33Z,2026-08-05T14:02:33+0200,a602df8b-e77d-453c-80cb-eeacd1e89d3b,2026-07-19T20:30:00Z,2026-07-19T22:30:00+0200,105.85,EUR/MWh,FR,FR,imbalance_price,Short,2026-08-05T12:06:18Z
2026-08-05T12:02:33Z,2026-08-05T14:02:33+0200,a602df8b-e77d-453c-80cb-eeacd1e89d3b,2026-07-19T20:45:00Z,2026-07-19T22:45:00+0200,-72.03,EUR/MWh,FR,FR,imbalance_price,Long,2026-08-05T12:06:18Z
2026-08-05T12:02:33Z,2026-08-05T14:02:33+0200,a602df8b-e77d-453c-80cb-eeacd1e89d3b,2026-07-19T20:45:00Z,2026-07-19T22:45:00+0200,-65.83,EUR/MWh,FR,FR,imbalance_price,Short,2026-08-05T12:06:18Z
2026-08-05T12:02:33Z,2026-08-05T14:02:33+0200,a602df8b-e77d-453c-80cb-eeacd1e89d3b,2026-07-19T21:00:00Z,2026-07-19T23:00:00+0200,78.88,EUR/MWh,FR,FR,imbalance_price,Long,2026-08-05T12:06:18Z
2026-08-05T12:02:33Z,2026-08-05T14:02:33+0200,a602df8b-e77d-453c-80cb-eeacd1e89d3b,2026-07-19T21:00:00Z,2026-07-19T23:00:00+0200,86.32,EUR/MWh,FR,FR,imbalance_price,Short,2026-08-05T12:06:18Z
2026-08-05T12:02:33Z,2026-08-05T14:02:33+0200,a602df8b-e77d-453c-80cb-eeacd1e89d3b,2026-07-19T21:15:00Z,2026-07-19T23:15:00+0200,81.3,EUR/MWh,FR,FR,imbalance_price,Long,2026-08-05T12:06:18Z
2026-08-05T12:02:33Z,2026-08-05T14:02:33+0200,a602df8b-e77d-453c-80cb-eeacd1e89d3b,2026-07-19T21:15:00Z,2026-07-19T23:15:00+0200,88.96,EUR/MWh,FR,FR,imbalance_price,Short,2026-08-05T12:06:18Z
2026-08-05T12:02:33Z,2026-08-05T14:02:33+0200,a602df8b-e77d-453c-80cb-eeacd1e89d3b,2026-07-19T21:30:00Z,2026-07-19T23:30:00+0200,105.09,EUR/MWh,FR,FR,imbalance_price,Long,2026-08-05T12:06:18Z
2026-08-05T12:02:33Z,2026-08-05T14:02:33+0200,a602df8b-e77d-453c-80cb-eeacd1e89d3b,2026-07-19T21:30:00Z,2026-07-19T23:30:00+0200,114.99,EUR/MWh,FR,FR,imbalance_price,Short,2026-08-05T12:06:18Z
2026-08-05T12:02:33Z,2026-08-05T14:02:33+0200,a602df8b-e77d-453c-80cb-eeacd1e89d3b,2026-07-19T21:45:00Z,2026-07-19T23:45:00+0200,-46.47,EUR/MWh,FR,FR,imbalance_price,Long,2026-08-05T12:06:18Z
2026-08-05T12:02:33Z,2026-08-05T14:02:33+0200,a602df8b-e77d-453c-80cb-eeacd1e89d3b,2026-07-19T21:45:00Z,2026-07-19T23:45:00+0200,-42.47,EUR/MWh,FR,FR,imbalance_price,Short,2026-08-05T12:06:18Z
2026-08-05T12:02:33Z,2026-08-05T14:02:33+0200,a602df8b-e77d-453c-80cb-eeacd1e89d3b,2026-07-19T22:00:00Z,2026-07-20T00:00:00+0200,123.82,EUR/MWh,FR,FR,imbalance_price,Long,2026-08-05T12:06:18Z
2026-08-05T12:02:33Z,2026-08-05T14:02:33+0200,a602df8b-e77d-453c-80cb-eeacd1e89d3b,2026-07-19T22:00:00Z,2026-07-20T00:00:00+0200,135.48,EUR/MWh,FR,FR,imbalance_price,Short,2026-08-05T12:06:18Z
2026-08-05T12:02:33Z,2026-08-05T14:02:33+0200,a602df8b-e77d-453c-80cb-eeacd1e89d3b,2026-07-19T22:15:00Z,2026-07-20T00:15:00+0200,118.88,EUR/MWh,FR,FR,imbalance_price,Long,2026-08-05T12:06:18Z
2026-08-05T12:02:33Z,2026-08-05T14:02:33+0200,a602df8b-e77d-453c-80cb-eeacd1e89d3b,2026-07-19T22:15:00Z,2026-07-20T00:15:00+0200,130.08,EUR/MWh,FR,FR,imbalance_price,Short,2026-08-05T12:06:18Z
2026-08-05T12:02:33Z,2026-08-05T14:02:33+0200,a602df8b-e77d-453c-80cb-eeacd1e89d3b,2026-07-19T22:30:00Z,2026-07-20T00:30:00+0200,114.33,EUR/MWh,FR,FR,imbalance_price,Long,2026-08-05T12:06:18Z
2026-08-05T12:02:33Z,2026-08-05T14:02:33+0200,a602df8b-e77d-453c-80cb-eeacd1e89d3b,2026-07-19T22:30:00Z,2026-07-20T00:30:00+0200,125.11,EUR/MWh,FR,FR,imbalance_price,Short,2026-08-05T12:06:18Z
2026-08-05T12:02:33Z,2026-08-05T14:02:33+0200,a602df8b-e77d-453c-80cb-eeacd1e89d3b,2026-07-19T22:45:00Z,2026-07-20T00:45:00+0200,12.99,EUR/MWh,FR,FR,imbalance_price,Long,2026-08-05T12:06:18Z
2026-08-05T12:02:33Z,2026-08-05T14:02:33+0200,a602df8b-e77d-453c-80cb-eeacd1e89d3b,2026-07-19T22:45:00Z,2026-07-20T00:45:00+0200,14.21,EUR/MWh,FR,FR,imbalance_price,Short,2026-08-05T12:06:18Z
2026-08-05T12:02:33Z,2026-08-05T14:02:33+0200,a602df8b-e77d-453c-80cb-eeacd1e89d3b,2026-07-19T23:00:00Z,2026-07-20T01:00:00+0200,147.42,EUR/MWh,FR,FR,imbalance_price,Long,2026-08-05T12:06:18Z
2026-08-05T12:02:33Z,2026-08-05T14:02:33+0200,a602df8b-e77d-453c-80cb-eeacd1e89d3b,2026-07-19T23:00:00Z,2026-07-20T01:00:00+0200,161.32,EUR/MWh,FR,FR,imbalance_price,Short,2026-08-05T12:06:18Z
2026-08-05T12:02:33Z,2026-08-05T14:02:33+0200,a602df8b-e77d-453c-80cb-eeacd1e89d3b,2026-07-19T23:15:00Z,2026-07-20T01:15:00+0200,147.68,EUR/MWh,FR,FR,imbalance_price,Long,2026-08-05T12:06:18Z
2026-08-05T12:02:33Z,2026-08-05T14:02:33+0200,a602df8b-e77d-453c-80cb-eeacd1e89d3b,2026-07-19T23:15:00Z,2026-07-20T01:15:00+0200,161.6,EUR/MWh,FR,FR,imbalance_price,Short,2026-08-05T12:06:18Z
2026-08-05T12:02:33Z,2026-08-05T14:02:33+0200,a602df8b-e77d-453c-80cb-eeacd1e89d3b,2026-07-19T23:30:00Z,2026-07-20T01:30:00+0200,147.43,EUR/MWh,FR,FR,imbalance_price,Long,2026-08-05T12:06:18Z
2026-08-05T12:02:33Z,2026-08-05T14:02:33+0200,a602df8b-e77d-453c-80cb-eeacd1e89d3b,2026-07-19T23:30:00Z,2026-07-20T01:30:00+0200,161.33,EUR/MWh,FR,FR,imbalance_price,Short,2026-08-05T12:06:18Z
2026-08-05T12:02:33Z,2026-08-05T14:02:33+0200,a602df8b-e77d-453c-80cb-eeacd1e89d3b,2026-07-19T23:45:00Z,2026-07-20T01:45:00+0200,147.42,EUR/MWh,FR,FR,imbalance_price,Long,2026-08-05T12:06:18Z
2026-08-05T12:02:33Z,2026-08-05T14:02:33+0200,a602df8b-e77d-453c-80cb-eeacd1e89d3b,2026-07-19T23:45:00Z,2026-07-20T01:45:00+0200,161.32,EUR/MWh,FR,FR,imbalance_price,Short,2026-08-05T12:06:18Z
2026-08-05T12:02:33Z,2026-08-05T14:02:33+0200,a602df8b-e77d-453c-80cb-eeacd1e89d3b,2026-07-20T00:00:00Z,2026-07-20T02:00:00+0200,115.81,EUR/MWh,FR,FR,imbalance_price,Long,2026-08-05T12:06:18Z
2026-08-05T12:02:33Z,2026-08-05T14:02:33+0200,a602df8b-e77d-453c-80cb-eeacd1e89d3b,2026-07-20T00:00:00Z,2026-07-20T02:00:00+0200,126.73,EUR/MWh,FR,FR,imbalance_price,Short,2026-08-05T12:06:18Z
2026-08-05T12:02:33Z,2026-08-05T14:02:33+0200,a602df8b-e77d-453c-80cb-eeacd1e89d3b,2026-07-20T00:15:00Z,2026-07-20T02:15:00+0200,120.06,EUR/MWh,FR,FR,imbalance_price,Long,2026-08-05T12:06:18Z
2026-08-05T12:02:33Z,2026-08-05T14:02:33+0200,a602df8b-e77d-453c-80cb-eeacd1e89d3b,2026-07-20T00:15:00Z,2026-07-20T02:15:00+0200,131.38,EUR/MWh,FR,FR,imbalance_price,Short,2026-08-05T12:06:18Z
2026-08-05T12:02:33Z,2026-08-05T14:02:33+0200,a602df8b-e77d-453c-80cb-eeacd1e89d3b,2026-07-20T00:30:00Z,2026-07-20T02:30:00+0200,123.94,EUR/MWh,FR,FR,imbalance_price,Long,2026-08-05T12:06:18Z
2026-08-05T12:02:33Z,2026-08-05T14:02:33+0200,a602df8b-e77d-453c-80cb-eeacd1e89d3b,2026-07-20T00:30:00Z,2026-07-20T02:30:00+0200,135.62,EUR/MWh,FR,FR,imbalance_price,Short,2026-08-05T12:06:18Z
2026-08-05T12:02:33Z,2026-08-05T14:02:33+0200,a602df8b-e77d-453c-80cb-eeacd1e89d3b,2026-07-20T00:45:00Z,2026-07-20T02:45:00+0200,131.4,EUR/MWh,FR,FR,imbalance_price,Long,2026-08-05T12:06:18Z
2026-08-05T12:02:33Z,2026-08-05T14:02:33+0200,a602df8b-e77d-453c-80cb-eeacd1e89d3b,2026-07-20T00:45:00Z,2026-07-20T02:45:00+0200,143.78,EUR/MWh,FR,FR,imbalance_price,Short,2026-08-05T12:06:18Z
2026-08-05T12:02:33Z,2026-08-05T14:02:33+0200,a602df8b-e77d-453c-80cb-eeacd1e89d3b,2026-07-20T01:00:00Z,2026-07-20T03:00:00+0200,124.41,EUR/MWh,FR,FR,imbalance_price,Long,2026-08-05T12:06:18Z
2026-08-05T12:02:33Z,2026-08-05T14:02:33+0200,a602df8b-e77d-453c-80cb-eeacd1e89d3b,2026-07-20T01:00:00Z,2026-07-20T03:00:00+0200,136.13,EUR/MWh,FR,FR,imbalance_price,Short,2026-08-05T12:06:18Z
2026-08-05T12:02:33Z,2026-08-05T14:02:33+0200,a602df8b-e77d-453c-80cb-eeacd1e89d3b,2026-07-20T01:15:00Z,2026-07-20T03:15:00+0200,132.75,EUR/MWh,FR,FR,imbalance_price,Long,2026-08-05T12:06:18Z
2026-08-05T12:02:33Z,2026-08-05T14:02:33+0200,a602df8b-e77d-453c-80cb-eeacd1e89d3b,2026-07-20T01:15:00Z,2026-07-20T03:15:00+0200,145.26,EUR/MWh,FR,FR,imbalance_price,Short,2026-08-05T12:06:18Z
2026-08-05T12:02:33Z,2026-08-05T14:02:33+0200,a602df8b-e77d-453c-80cb-eeacd1e89d3b,2026-07-20T01:30:00Z,2026-07-20T03:30:00+0200,119.58,EUR/MWh,FR,FR,imbalance_price,Long,2026-08-05T12:06:18Z
2026-08-05T12:02:33Z,2026-08-05T14:02:33+0200,a602df8b-e77d-453c-80cb-eeacd1e89d3b,2026-07-20T01:30:00Z,2026-07-20T03:30:00+0200,130.84,EUR/MWh,FR,FR,imbalance_price,Short,2026-08-05T12:06:18Z
2026-08-05T12:02:33Z,2026-08-05T14:02:33+0200,a602df8b-e77d-453c-80cb-eeacd1e89d3b,2026-07-20T01:45:00Z,2026-07-20T03:45:00+0200,126.82,EUR/MWh,FR,FR,imbalance_price,Long,2026-08-05T12:06:18Z
2026-08-05T12:02:33Z,2026-08-05T14:02:33+0200,a602df8b-e77d-453c-80cb-eeacd1e89d3b,2026-07-20T01:45:00Z,2026-07-20T03:45:00+0200,138.78,EUR/MWh,FR,FR,imbalance_price,Short,2026-08-05T12:06:18Z
2026-08-05T12:02:33Z,2026-08-05T14:02:33+0200,a602df8b-e77d-453c-80cb-eeacd1e89d3b,2026-07-20T02:00:00Z,2026-07-20T04:00:00+0200,135.71,EUR/MWh,FR,FR,imbalance_price,Long,2026-08-05T12:06:18Z
2026-08-05T12:02:33Z,2026-08-05T14:02:33+0200,a602df8b-e77d-453c-80cb-eeacd1e89d3b,2026-07-20T02:00:00Z,2026-07-20T04:00:00+0200,148.49,EUR/MWh,FR,FR,imbalance_price,Short,2026-08-05T12:06:18Z
2026-08-05T12:02:33Z,2026-08-05T14:02:33+0200,a602df8b-e77d-453c-80cb-eeacd1e89d3b,2026-07-20T02:15:00Z,2026-07-20T04:15:00+0200,131.5,EUR/MWh,FR,FR,imbalance_price,Long,2026-08-05T12:06:18Z
2026-08-05T12:02:33Z,2026-08-05T14:02:33+0200,a602df8b-e77d-453c-80cb-eeacd1e89d3b,2026-07-20T02:15:00Z,2026-07-20T04:15:00+0200,143.9,EUR/MWh,FR,FR,imbalance_price,Short,2026-08-05T12:06:18Z
2026-08-05T12:02:33Z,2026-08-05T14:02:33+0200,a602df8b-e77d-453c-80cb-eeacd1e89d3b,2026-07-20T02:30:00Z,2026-07-20T04:30:00+0200,132.47,EUR/MWh,FR,FR,imbalance_price,Long,2026-08-05T12:06:18Z
2026-08-05T12:02:33Z,2026-08-05T14:02:33+0200,a602df8b-e77d-453c-80cb-eeacd1e89d3b,2026-07-20T02:30:00Z,2026-07-20T04:30:00+0200,144.95,EUR/MWh,FR,FR,imbalance_price,Short,2026-08-05T12:06:18Z
2026-08-05T12:02:33Z,2026-08-05T14:02:33+0200,a602df8b-e77d-453c-80cb-eeacd1e89d3b,2026-07-20T02:45:00Z,2026-07-20T04:45:00+0200,127.63,EUR/MWh,FR,FR,imbalance_price,Long,2026-08-05T12:06:18Z
2026-08-05T12:02:33Z,2026-08-05T14:02:33+0200,a602df8b-e77d-453c-80cb-eeacd1e89d3b,2026-07-20T02:45:00Z,2026-07-20T04:45:00+0200,139.65,EUR/MWh,FR,FR,imbalance_price,Short,2026-08-05T12:06:18Z
2026-08-05T12:02:33Z,2026-08-05T14:02:33+0200,a602df8b-e77d-453c-80cb-eeacd1e89d3b,2026-07-20T03:00:00Z,2026-07-20T05:00:00+0200,141.78,EUR/MWh,FR,FR,imbalance_price,Long,2026-08-05T12:06:18Z
2026-08-05T12:02:33Z,2026-08-05T14:02:33+0200,a602df8b-e77d-453c-80cb-eeacd1e89d3b,2026-07-20T03:00:00Z,2026-07-20T05:00:00+0200,155.14,EUR/MWh,FR,FR,imbalance_price,Short,2026-08-05T12:06:18Z
2026-08-05T12:02:33Z,2026-08-05T14:02:33+0200,a602df8b-e77d-453c-80cb-eeacd1e89d3b,2026-07-20T03:15:00Z,2026-07-20T05:15:00+0200,143.38,EUR/MWh,FR,FR,imbalance_price,Long,2026-08-05T12:06:18Z
2026-08-05T12:02:33Z,2026-08-05T14:02:33+0200,a602df8b-e77d-453c-80cb-eeacd1e89d3b,2026-07-20T03:15:00Z,2026-07-20T05:15:00+0200,156.9,EUR/MWh,FR,FR,imbalance_price,Short,2026-08-05T12:06:18Z
2026-08-05T12:02:33Z,2026-08-05T14:02:33+0200,a602df8b-e77d-453c-80cb-eeacd1e89d3b,2026-07-20T03:30:00Z,2026-07-20T05:30:00+0200,143.4,EUR/MWh,FR,FR,imbalance_price,Long,2026-08-05T12:06:18Z
2026-08-05T12:02:33Z,2026-08-05T14:02:33+0200,a602df8b-e77d-453c-80cb-eeacd1e89d3b,2026-07-20T03:30:00Z,2026-07-20T05:30:00+0200,156.92,EUR/MWh,FR,FR,imbalance_price,Short,2026-08-05T12:06:18Z
2026-08-05T12:02:33Z,2026-08-05T14:02:33+0200,a602df8b-e77d-453c-80cb-eeacd1e89d3b,2026-07-20T03:45:00Z,2026-07-20T05:45:00+0200,143.4,EUR/MWh,FR,FR,imbalance_price,Long,2026-08-05T12:06:18Z
2026-08-05T12:02:33Z,2026-08-05T14:02:33+0200,a602df8b-e77d-453c-80cb-eeacd1e89d3b,2026-07-20T03:45:00Z,2026-07-20T05:45:00+0200,156.92,EUR/MWh,FR,FR,imbalance_price,Short,2026-08-05T12:06:18Z
2026-08-05T12:02:33Z,2026-08-05T14:02:33+0200,a602df8b-e77d-453c-80cb-eeacd1e89d3b,2026-07-20T04:00:00Z,2026-07-20T06:00:00+0200,156.91,EUR/MWh,FR,FR,imbalance_price,Long,2026-08-05T12:06:18Z
2026-08-05T12:02:33Z,2026-08-05T14:02:33+0200,a602df8b-e77d-453c-80cb-eeacd1e89d3b,2026-07-20T04:00:00Z,2026-07-20T06:00:00+0200,171.69,EUR/MWh,FR,FR,imbalance_price,Short,2026-08-05T12:06:18Z
2026-08-05T12:02:33Z,2026-08-05T14:02:33+0200,a602df8b-e77d-453c-80cb-eeacd1e89d3b,2026-07-20T04:15:00Z,2026-07-20T06:15:00+0200,150.37,EUR/MWh,FR,FR,imbalance_price,Long,2026-08-05T12:06:18Z
2026-08-05T12:02:33Z,2026-08-05T14:02:33+0200,a602df8b-e77d-453c-80cb-eeacd1e89d3b,2026-07-20T04:15:00Z,2026-07-20T06:15:00+0200,164.55,EUR/MWh,FR,FR,imbalance_price,Short,2026-08-05T12:06:18Z
2026-08-05T12:02:33Z,2026-08-05T14:02:33+0200,a602df8b-e77d-453c-80cb-eeacd1e89d3b,2026-07-20T04:30:00Z,2026-07-20T06:30:00+0200,156.79,EUR/MWh,FR,FR,imbalance_price,Long,2026-08-05T12:06:18Z
2026-08-05T12:02:33Z,2026-08-05T14:02:33+0200,a602df8b-e77d-453c-80cb-eeacd1e89d3b,2026-07-20T04:30:00Z,2026-07-20T06:30:00+0200,171.57,EUR/MWh,FR,FR,imbalance_price,Short,2026-08-05T12:06:18Z
2026-08-05T12:02:33Z,2026-08-05T14:02:33+0200,a602df8b-e77d-453c-80cb-eeacd1e89d3b,2026-07-20T04:45:00Z,2026-07-20T06:45:00+0200,147.12,EUR/MWh,FR,FR,imbalance_price,Long,2026-08-05T12:06:18Z
2026-08-05T12:02:33Z,2026-08-05T14:02:33+0200,a602df8b-e77d-453c-80cb-eeacd1e89d3b,2026-07-20T04:45:00Z,2026-07-20T06:45:00+0200,160.98,EUR/MWh,FR,FR,imbalance_price,Short,2026-08-05T12:06:18Z
2026-08-05T12:02:33Z,2026-08-05T14:02:33+0200,a602df8b-e77d-453c-80cb-eeacd1e89d3b,2026-07-20T05:00:00Z,2026-07-20T07:00:00+0200,109.45,EUR/MWh,FR,FR,imbalance_price,Long,2026-08-05T12:06:18Z
2026-08-05T12:02:33Z,2026-08-05T14:02:33+0200,a602df8b-e77d-453c-80cb-eeacd1e89d3b,2026-07-20T05:00:00Z,2026-07-20T07:00:00+0200,119.77,EUR/MWh,FR,FR,imbalance_price,Short,2026-08-05T12:06:18Z
2026-08-05T12:02:33Z,2026-08-05T14:02:33+0200,a602df8b-e77d-453c-80cb-eeacd1e89d3b,2026-07-20T05:15:00Z,2026-07-20T07:15:00+0200,92.96,EUR/MWh,FR,FR,imbalance_price,Long,2026-08-05T12:06:18Z
2026-08-05T12:02:33Z,2026-08-05T14:02:33+0200,a602df8b-e77d-453c-80cb-eeacd1e89d3b,2026-07-20T05:15:00Z,2026-07-20T07:15:00+0200,101.72,EUR/MWh,FR,FR,imbalance_price,Short,2026-08-05T12:06:18Z
2026-08-05T12:02:33Z,2026-08-05T14:02:33+0200,a602df8b-e77d-453c-80cb-eeacd1e89d3b,2026-07-20T05:30:00Z,2026-07-20T07:30:00+0200,106.71,EUR/MWh,FR,FR,imbalance_price,Long,2026-08-05T12:06:18Z
2026-08-05T12:02:33Z,2026-08-05T14:02:33+0200,a602df8b-e77d-453c-80cb-eeacd1e89d3b,2026-07-20T05:30:00Z,2026-07-20T07:30:00+0200,116.77,EUR/MWh,FR,FR,imbalance_price,Short,2026-08-05T12:06:18Z
2026-08-05T12:02:33Z,2026-08-05T14:02:33+0200,a602df8b-e77d-453c-80cb-eeacd1e89d3b,2026-07-20T05:45:00Z,2026-07-20T07:45:00+0200,118.32,EUR/MWh,FR,FR,imbalance_price,Long,2026-08-05T12:06:18Z
2026-08-05T12:02:33Z,2026-08-05T14:02:33+0200,a602df8b-e77d-453c-80cb-eeacd1e89d3b,2026-07-20T05:45:00Z,2026-07-20T07:45:00+0200,129.48,EUR/MWh,FR,FR,imbalance_price,Short,2026-08-05T12:06:18Z
2026-08-05T12:02:33Z,2026-08-05T14:02:33+0200,a602df8b-e77d-453c-80cb-eeacd1e89d3b,2026-07-20T06:00:00Z,2026-07-20T08:00:00+0200,141.87,EUR/MWh,FR,FR,imbalance_price,Long,2026-08-05T12:06:18Z
2026-08-05T12:02:33Z,2026-08-05T14:02:33+0200,a602df8b-e77d-453c-80cb-eeacd1e89d3b,2026-07-20T06:00:00Z,2026-07-20T08:00:00+0200,155.23,EUR/MWh,FR,FR,imbalance_price,Short,2026-08-05T12:06:18Z
2026-08-05T12:02:33Z,2026-08-05T14:02:33+0200,a602df8b-e77d-453c-80cb-eeacd1e89d3b,2026-07-20T06:15:00Z,2026-07-20T08:15:00+0200,104.08,EUR/MWh,FR,FR,imbalance_price,Long,2026-08-05T12:06:18Z
2026-08-05T12:02:33Z,2026-08-05T14:02:33+0200,a602df8b-e77d-453c-80cb-eeacd1e89d3b,2026-07-20T06:15:00Z,2026-07-20T08:15:00+0200,113.88,EUR/MWh,FR,FR,imbalance_price,Short,2026-08-05T12:06:18Z
2026-08-05T12:02:33Z,2026-08-05T14:02:33+0200,a602df8b-e77d-453c-80cb-eeacd1e89d3b,2026-07-20T06:30:00Z,2026-07-20T08:30:00+0200,121.25,EUR/MWh,FR,FR,imbalance_price,Long,2026-08-05T12:06:18Z
2026-08-05T12:02:33Z,2026-08-05T14:02:33+0200,a602df8b-e77d-453c-80cb-eeacd1e89d3b,2026-07-20T06:30:00Z,2026-07-20T08:30:00+0200,132.67,EUR/MWh,FR,FR,imbalance_price,Short,2026-08-05T12:06:18Z
2026-08-05T12:02:33Z,2026-08-05T14:02:33+0200,a602df8b-e77d-453c-80cb-eeacd1e89d3b,2026-07-20T06:45:00Z,2026-07-20T08:45:00+0200,144.65,EUR/MWh,FR,FR,imbalance_price,Long,2026-08-05T12:06:18Z
2026-08-05T12:02:33Z,2026-08-05T14:02:33+0200,a602df8b-e77d-453c-80cb-eeacd1e89d3b,2026-07-20T06:45:00Z,2026-07-20T08:45:00+0200,158.29,EUR/MWh,FR,FR,imbalance_price,Short,2026-08-05T12:06:18Z
2026-08-05T12:02:33Z,2026-08-05T14:02:33+0200,a602df8b-e77d-453c-80cb-eeacd1e89d3b,2026-07-20T07:00:00Z,2026-07-20T09:00:00+0200,113.93,EUR/MWh,FR,FR,imbalance_price,Long,2026-08-05T12:06:18Z
2026-08-05T12:02:33Z,2026-08-05T14:02:33+0200,a602df8b-e77d-453c-80cb-eeacd1e89d3b,2026-07-20T07:00:00Z,2026-07-20T09:00:00+0200,124.67,EUR/MWh,FR,FR,imbalance_price,Short,2026-08-05T12:06:18Z
2026-08-05T12:02:33Z,2026-08-05T14:02:33+0200,a602df8b-e77d-453c-80cb-eeacd1e89d3b,2026-07-20T07:15:00Z,2026-07-20T09:15:00+0200,110.11,EUR/MWh,FR,FR,imbalance_price,Long,2026-08-05T12:06:18Z
2026-08-05T12:02:33Z,2026-08-05T14:02:33+0200,a602df8b-e77d-453c-80cb-eeacd1e89d3b,2026-07-20T07:15:00Z,2026-07-20T09:15:00+0200,120.49,EUR/MWh,FR,FR,imbalance_price,Short,2026-08-05T12:06:18Z
2026-08-05T12:02:33Z,2026-08-05T14:02:33+0200,a602df8b-e77d-453c-80cb-eeacd1e89d3b,2026-07-20T07:30:00Z,2026-07-20T09:30:00+0200,112.27,EUR/MWh,FR,FR,imbalance_price,Long,2026-08-05T12:06:18Z
2026-08-05T12:02:33Z,2026-08-05T14:02:33+0200,a602df8b-e77d-453c-80cb-eeacd1e89d3b,2026-07-20T07:30:00Z,2026-07-20T09:30:00+0200,122.85,EUR/MWh,FR,FR,imbalance_price,Short,2026-08-05T12:06:18Z
2026-08-05T12:02:33Z,2026-08-05T14:02:33+0200,a602df8b-e77d-453c-80cb-eeacd1e89d3b,2026-07-20T07:45:00Z,2026-07-20T09:45:00+0200,112.69,EUR/MWh,FR,FR,imbalance_price,Long,2026-08-05T12:06:18Z
2026-08-05T12:02:33Z,2026-08-05T14:02:33+0200,a602df8b-e77d-453c-80cb-eeacd1e89d3b,2026-07-20T07:45:00Z,2026-07-20T09:45:00+0200,123.31,EUR/MWh,FR,FR,imbalance_price,Short,2026-08-05T12:06:18Z
2026-08-05T12:02:33Z,2026-08-05T14:02:33+0200,a602df8b-e77d-453c-80cb-eeacd1e89d3b,2026-07-20T08:00:00Z,2026-07-20T10:00:00+0200,133.85,EUR/MWh,FR,FR,imbalance_price,Long,2026-08-05T12:06:18Z
2026-08-05T12:02:33Z,2026-08-05T14:02:33+0200,a602df8b-e77d-453c-80cb-eeacd1e89d3b,2026-07-20T08:00:00Z,2026-07-20T10:00:00+0200,146.47,EUR/MWh,FR,FR,imbalance_price,Short,2026-08-05T12:06:18Z
2026-08-05T12:02:33Z,2026-08-05T14:02:33+0200,a602df8b-e77d-453c-80cb-eeacd1e89d3b,2026-07-20T08:15:00Z,2026-07-20T10:15:00+0200,8.11,EUR/MWh,FR,FR,imbalance_price,Long,2026-08-05T12:06:18Z
2026-08-05T12:02:33Z,2026-08-05T14:02:33+0200,a602df8b-e77d-453c-80cb-eeacd1e89d3b,2026-07-20T08:15:00Z,2026-07-20T10:15:00+0200,8.87,EUR/MWh,FR,FR,imbalance_price,Short,2026-08-05T12:06:18Z
2026-08-05T12:02:33Z,2026-08-05T14:02:33+0200,a602df8b-e77d-453c-80cb-eeacd1e89d3b,2026-07-20T08:30:00Z,2026-07-20T10:30:00+0200,8.11,EUR/MWh,FR,FR,imbalance_price,Long,2026-08-05T12:06:18Z
2026-08-05T12:02:33Z,2026-08-05T14:02:33+0200,a602df8b-e77d-453c-80cb-eeacd1e89d3b,2026-07-20T08:30:00Z,2026-07-20T10:30:00+0200,8.87,EUR/MWh,FR,FR,imbalance_price,Short,2026-08-05T12:06:18Z
2026-08-05T12:02:33Z,2026-08-05T14:02:33+0200,a602df8b-e77d-453c-80cb-eeacd1e89d3b,2026-07-20T08:45:00Z,2026-07-20T10:45:00+0200,3.34,EUR/MWh,FR,FR,imbalance_price,Long,2026-08-05T12:06:18Z
2026-08-05T12:02:33Z,2026-08-05T14:02:33+0200,a602df8b-e77d-453c-80cb-eeacd1e89d3b,2026-07-20T08:45:00Z,2026-07-20T10:45:00+0200,3.66,EUR/MWh,FR,FR,imbalance_price,Short,2026-08-05T12:06:18Z
2026-08-05T12:02:33Z,2026-08-05T14:02:33+0200,a602df8b-e77d-453c-80cb-eeacd1e89d3b,2026-07-20T09:00:00Z,2026-07-20T11:00:00+0200,46.18,EUR/MWh,FR,FR,imbalance_price,Long,2026-08-05T12:06:18Z
2026-08-05T12:02:33Z,2026-08-05T14:02:33+0200,a602df8b-e77d-453c-80cb-eeacd1e89d3b,2026-07-20T09:00:00Z,2026-07-20T11:00:00+0200,50.54,EUR/MWh,FR,FR,imbalance_price,Short,2026-08-05T12:06:18Z
2026-08-05T12:02:33Z,2026-08-05T14:02:33+0200,a602df8b-e77d-453c-80cb-eeacd1e89d3b,2026-07-20T09:15:00Z,2026-07-20T11:15:00+0200,-25.53,EUR/MWh,FR,FR,imbalance_price,Long,2026-08-05T12:06:18Z
2026-08-05T12:02:33Z,2026-08-05T14:02:33+0200,a602df8b-e77d-453c-80cb-eeacd1e89d3b,2026-07-20T09:15:00Z,2026-07-20T11:15:00+0200,-23.33,EUR/MWh,FR,FR,imbalance_price,Short,2026-08-05T12:06:18Z
2026-08-05T12:02:33Z,2026-08-05T14:02:33+0200,a602df8b-e77d-453c-80cb-eeacd1e89d3b,2026-07-20T09:30:00Z,2026-07-20T11:30:00+0200,126.42,EUR/MWh,FR,FR,imbalance_price,Long,2026-08-05T12:06:18Z
2026-08-05T12:02:33Z,2026-08-05T14:02:33+0200,a602df8b-e77d-453c-80cb-eeacd1e89d3b,2026-07-20T09:30:00Z,2026-07-20T11:30:00+0200,138.34,EUR/MWh,FR,FR,imbalance_price,Short,2026-08-05T12:06:18Z
2026-08-05T12:02:33Z,2026-08-05T14:02:33+0200,a602df8b-e77d-453c-80cb-eeacd1e89d3b,2026-07-20T09:45:00Z,2026-07-20T11:45:00+0200,111.88,EUR/MWh,FR,FR,imbalance_price,Long,2026-08-05T12:06:18Z
2026-08-05T12:02:33Z,2026-08-05T14:02:33+0200,a602df8b-e77d-453c-80cb-eeacd1e89d3b,2026-07-20T09:45:00Z,2026-07-20T11:45:00+0200,122.42,EUR/MWh,FR,FR,imbalance_price,Short,2026-08-05T12:06:18Z
2026-08-05T12:02:33Z,2026-08-05T14:02:33+0200,a602df8b-e77d-453c-80cb-eeacd1e89d3b,2026-07-20T10:00:00Z,2026-07-20T12:00:00+0200,111.5,EUR/MWh,FR,FR,imbalance_price,Long,2026-08-05T12:06:18Z
2026-08-05T12:02:33Z,2026-08-05T14:02:33+0200,a602df8b-e77d-453c-80cb-eeacd1e89d3b,2026-07-20T10:00:00Z,2026-07-20T12:00:00+0200,122.0,EUR/MWh,FR,FR,imbalance_price,Short,2026-08-05T12:06:18Z
2026-08-05T12:02:33Z,2026-08-05T14:02:33+0200,a602df8b-e77d-453c-80cb-eeacd1e89d3b,2026-07-20T10:15:00Z,2026-07-20T12:15:00+0200,106.07,EUR/MWh,FR,FR,imbalance_price,Long,2026-08-05T12:06:18Z
2026-08-05T12:02:33Z,2026-08-05T14:02:33+0200,a602df8b-e77d-453c-80cb-eeacd1e89d3b,2026-07-20T10:15:00Z,2026-07-20T12:15:00+0200,116.07,EUR/MWh,FR,FR,imbalance_price,Short,2026-08-05T12:06:18Z
2026-08-05T12:02:33Z,2026-08-05T14:02:33+0200,a602df8b-e77d-453c-80cb-eeacd1e89d3b,2026-07-20T10:30:00Z,2026-07-20T12:30:00+0200,101.72,EUR/MWh,FR,FR,imbalance_price,Long,2026-08-05T12:06:18Z
2026-08-05T12:02:33Z,2026-08-05T14:02:33+0200,a602df8b-e77d-453c-80cb-eeacd1e89d3b,2026-07-20T10:30:00Z,2026-07-20T12:30:00+0200,111.3,EUR/MWh,FR,FR,imbalance_price,Short,2026-08-05T12:06:18Z
2026-08-05T12:02:33Z,2026-08-05T14:02:33+0200,a602df8b-e77d-453c-80cb-eeacd1e89d3b,2026-07-20T10:45:00Z,2026-07-20T12:45:00+0200,100.47,EUR/MWh,FR,FR,imbalance_price,Long,2026-08-05T12:06:18Z
2026-08-05T12:02:33Z,2026-08-05T14:02:33+0200,a602df8b-e77d-453c-80cb-eeacd1e89d3b,2026-07-20T10:45:00Z,2026-07-20T12:45:00+0200,109.93,EUR/MWh,FR,FR,imbalance_price,Short,2026-08-05T12:06:18Z
2026-08-05T12:02:33Z,2026-08-05T14:02:33+0200,a602df8b-e77d-453c-80cb-eeacd1e89d3b,2026-07-20T11:00:00Z,2026-07-20T13:00:00+0200,89.17,EUR/MWh,FR,FR,imbalance_price,Long,2026-08-05T12:06:18Z
2026-08-05T12:02:33Z,2026-08-05T14:02:33+0200,a602df8b-e77d-453c-80cb-eeacd1e89d3b,2026-07-20T11:00:00Z,2026-07-20T13:00:00+0200,97.57,EUR/MWh,FR,FR,imbalance_price,Short,2026-08-05T12:06:18Z
2026-08-05T12:02:33Z,2026-08-05T14:02:33+0200,a602df8b-e77d-453c-80cb-eeacd1e89d3b,2026-07-20T11:15:00Z,2026-07-20T13:15:00+0200,79.57,EUR/MWh,FR,FR,imbalance_price,Long,2026-08-05T12:06:18Z
2026-08-05T12:02:33Z,2026-08-05T14:02:33+0200,a602df8b-e77d-453c-80cb-eeacd1e89d3b,2026-07-20T11:15:00Z,2026-07-20T13:15:00+0200,87.07,EUR/MWh,FR,FR,imbalance_price,Short,2026-08-05T12:06:18Z
2026-08-05T12:02:33Z,2026-08-05T14:02:33+0200,a602df8b-e77d-453c-80cb-eeacd1e89d3b,2026-07-20T11:30:00Z,2026-07-20T13:30:00+0200,75.62,EUR/MWh,FR,FR,imbalance_price,Long,2026-08-05T12:06:18Z
2026-08-05T12:02:33Z,2026-08-05T14:02:33+0200,a602df8b-e77d-453c-80cb-eeacd1e89d3b,2026-07-20T11:30:00Z,2026-07-20T13:30:00+0200,82.74,EUR/MWh,FR,FR,imbalance_price,Short,2026-08-05T12:06:18Z
2026-08-05T12:02:33Z,2026-08-05T14:02:33+0200,a602df8b-e77d-453c-80cb-eeacd1e89d3b,2026-07-20T11:45:00Z,2026-07-20T13:45:00+0200,68.77,EUR/MWh,FR,FR,imbalance_price,Long,2026-08-05T12:06:18Z
2026-08-05T12:02:33Z,2026-08-05T14:02:33+0200,a602df8b-e77d-453c-80cb-eeacd1e89d3b,2026-07-20T11:45:00Z,2026-07-20T13:45:00+0200,75.25,EUR/MWh,FR,FR,imbalance_price,Short,2026-08-05T12:06:18Z
2026-08-05T12:02:33Z,2026-08-05T14:02:33+0200,a602df8b-e77d-453c-80cb-eeacd1e89d3b,2026-07-20T12:00:00Z,2026-07-20T14:00:00+0200,72.29,EUR/MWh,FR,FR,imbalance_price,Long,2026-08-05T12:06:18Z
2026-08-05T12:02:33Z,2026-08-05T14:02:33+0200,a602df8b-e77d-453c-80cb-eeacd1e89d3b,2026-07-20T12:00:00Z,2026-07-20T14:00:00+0200,79.11,EUR/MWh,FR,FR,imbalance_price,Short,2026-08-05T12:06:18Z
2026-08-05T12:02:33Z,2026-08-05T14:02:33+0200,a602df8b-e77d-453c-80cb-eeacd1e89d3b,2026-07-20T12:15:00Z,2026-07-20T14:15:00+0200,-46.9,EUR/MWh,FR,FR,imbalance_price,Long,2026-08-05T12:06:18Z
2026-08-05T12:02:33Z,2026-08-05T14:02:33+0200,a602df8b-e77d-453c-80cb-eeacd1e89d3b,2026-07-20T12:15:00Z,2026-07-20T14:15:00+0200,-42.86,EUR/MWh,FR,FR,imbalance_price,Short,2026-08-05T12:06:18Z
2026-08-05T12:02:33Z,2026-08-05T14:02:33+0200,a602df8b-e77d-453c-80cb-eeacd1e89d3b,2026-07-20T12:30:00Z,2026-07-20T14:30:00+0200,69.6,EUR/MWh,FR,FR,imbalance_price,Long,2026-08-05T12:06:18Z
2026-08-05T12:02:33Z,2026-08-05T14:02:33+0200,a602df8b-e77d-453c-80cb-eeacd1e89d3b,2026-07-20T12:30:00Z,2026-07-20T14:30:00+0200,76.16,EUR/MWh,FR,FR,imbalance_price,Short,2026-08-05T12:06:18Z
2026-08-05T12:02:33Z,2026-08-05T14:02:33+0200,a602df8b-e77d-453c-80cb-eeacd1e89d3b,2026-07-20T12:45:00Z,2026-07-20T14:45:00+0200,75.46,EUR/MWh,FR,FR,imbalance_price,Long,2026-08-05T12:06:18Z
2026-08-05T12:02:33Z,2026-08-05T14:02:33+0200,a602df8b-e77d-453c-80cb-eeacd1e89d3b,2026-07-20T12:45:00Z,2026-07-20T14:45:00+0200,82.58,EUR/MWh,FR,FR,imbalance_price,Short,2026-08-05T12:06:18Z
2026-08-05T12:02:33Z,2026-08-05T14:02:33+0200,a602df8b-e77d-453c-80cb-eeacd1e89d3b,2026-07-20T13:00:00Z,2026-07-20T15:00:00+0200,70.1,EUR/MWh,FR,FR,imbalance_price,Long,2026-08-05T12:06:18Z
2026-08-05T12:02:33Z,2026-08-05T14:02:33+0200,a602df8b-e77d-453c-80cb-eeacd1e89d3b,2026-07-20T13:00:00Z,2026-07-20T15:00:00+0200,76.7,EUR/MWh,FR,FR,imbalance_price,Short,2026-08-05T12:06:18Z
2026-08-05T12:02:33Z,2026-08-05T14:02:33+0200,a602df8b-e77d-453c-80cb-eeacd1e89d3b,2026-07-20T13:15:00Z,2026-07-20T15:15:00+0200,-7.88,EUR/MWh,FR,FR,imbalance_price,Long,2026-08-05T12:06:18Z
2026-08-05T12:02:33Z,2026-08-05T14:02:33+0200,a602df8b-e77d-453c-80cb-eeacd1e89d3b,2026-07-20T13:15:00Z,2026-07-20T15:15:00+0200,-7.2,EUR/MWh,FR,FR,imbalance_price,Short,2026-08-05T12:06:18Z
2026-08-05T12:02:33Z,2026-08-05T14:02:33+0200,a602df8b-e77d-453c-80cb-eeacd1e89d3b,2026-07-20T13:30:00Z,2026-07-20T15:30:00+0200,-32.85,EUR/MWh,FR,FR,imbalance_price,Long,2026-08-05T12:06:18Z
2026-08-05T12:02:33Z,2026-08-05T14:02:33+0200,a602df8b-e77d-453c-80cb-eeacd1e89d3b,2026-07-20T13:30:00Z,2026-07-20T15:30:00+0200,-30.03,EUR/MWh,FR,FR,imbalance_price,Short,2026-08-05T12:06:18Z
2026-08-05T12:02:33Z,2026-08-05T14:02:33+0200,a602df8b-e77d-453c-80cb-eeacd1e89d3b,2026-07-20T13:45:00Z,2026-07-20T15:45:00+0200,-24.78,EUR/MWh,FR,FR,imbalance_price,Long,2026-08-05T12:06:18Z
2026-08-05T12:02:33Z,2026-08-05T14:02:33+0200,a602df8b-e77d-453c-80cb-eeacd1e89d3b,2026-07-20T13:45:00Z,2026-07-20T15:45:00+0200,-22.64,EUR/MWh,FR,FR,imbalance_price,Short,2026-08-05T12:06:18Z
2026-08-05T12:02:33Z,2026-08-05T14:02:33+0200,a602df8b-e77d-453c-80cb-eeacd1e89d3b,2026-07-20T14:00:00Z,2026-07-20T16:00:00+0200,33.52,EUR/MWh,FR,FR,imbalance_price,Long,2026-08-05T12:06:18Z
2026-08-05T12:02:33Z,2026-08-05T14:02:33+0200,a602df8b-e77d-453c-80cb-eeacd1e89d3b,2026-07-20T14:00:00Z,2026-07-20T16:00:00+0200,36.68,EUR/MWh,FR,FR,imbalance_price,Short,2026-08-05T12:06:18Z
2026-08-05T12:02:33Z,2026-08-05T14:02:33+0200,a602df8b-e77d-453c-80cb-eeacd1e89d3b,2026-07-20T14:15:00Z,2026-07-20T16:15:00+0200,7.42,EUR/MWh,FR,FR,imbalance_price,Long,2026-08-05T12:06:18Z
2026-08-05T12:02:33Z,2026-08-05T14:02:33+0200,a602df8b-e77d-453c-80cb-eeacd1e89d3b,2026-07-20T14:15:00Z,2026-07-20T16:15:00+0200,8.12,EUR/MWh,FR,FR,imbalance_price,Short,2026-08-05T12:06:18Z
2026-08-05T12:02:33Z,2026-08-05T14:02:33+0200,a602df8b-e77d-453c-80cb-eeacd1e89d3b,2026-07-20T14:30:00Z,2026-07-20T16:30:00+0200,44.98,EUR/MWh,FR,FR,imbalance_price,Long,2026-08-05T12:06:18Z
2026-08-05T12:02:33Z,2026-08-05T14:02:33+0200,a602df8b-e77d-453c-80cb-eeacd1e89d3b,2026-07-20T14:30:00Z,2026-07-20T16:30:00+0200,49.22,EUR/MWh,FR,FR,imbalance_price,Short,2026-08-05T12:06:18Z
2026-08-05T12:02:33Z,2026-08-05T14:02:33+0200,a602df8b-e77d-453c-80cb-eeacd1e89d3b,2026-07-20T14:45:00Z,2026-07-20T16:45:00+0200,43.5,EUR/MWh,FR,FR,imbalance_price,Long,2026-08-05T12:06:18Z
2026-08-05T12:02:33Z,2026-08-05T14:02:33+0200,a602df8b-e77d-453c-80cb-eeacd1e89d3b,2026-07-20T14:45:00Z,2026-07-20T16:45:00+0200,47.6,EUR/MWh,FR,FR,imbalance_price,Short,2026-08-05T12:06:18Z
2026-08-05T12:02:33Z,2026-08-05T14:02:33+0200,a602df8b-e77d-453c-80cb-eeacd1e89d3b,2026-07-20T15:00:00Z,2026-07-20T17:00:00+0200,30.68,EUR/MWh,FR,FR,imbalance_price,Long,2026-08-05T12:06:18Z
2026-08-05T12:02:33Z,2026-08-05T14:02:33+0200,a602df8b-e77d-453c-80cb-eeacd1e89d3b,2026-07-20T15:00:00Z,2026-07-20T17:00:00+0200,33.58,EUR/MWh,FR,FR,imbalance_price,Short,2026-08-05T12:06:18Z
2026-08-05T12:02:33Z,2026-08-05T14:02:33+0200,a602df8b-e77d-453c-80cb-eeacd1e89d3b,2026-07-20T15:15:00Z,2026-07-20T17:15:00+0200,46.1,EUR/MWh,FR,FR,imbalance_price,Long,2026-08-05T12:06:18Z
2026-08-05T12:02:33Z,2026-08-05T14:02:33+0200,a602df8b-e77d-453c-80cb-eeacd1e89d3b,2026-07-20T15:15:00Z,2026-07-20T17:15:00+0200,50.44,EUR/MWh,FR,FR,imbalance_price,Short,2026-08-05T12:06:18Z
2026-08-05T12:02:33Z,2026-08-05T14:02:33+0200,a602df8b-e77d-453c-80cb-eeacd1e89d3b,2026-07-20T15:30:00Z,2026-07-20T17:30:00+0200,31.92,EUR/MWh,FR,FR,imbalance_price,Long,2026-08-05T12:06:18Z
2026-08-05T12:02:33Z,2026-08-05T14:02:33+0200,a602df8b-e77d-453c-80cb-eeacd1e89d3b,2026-07-20T15:30:00Z,2026-07-20T17:30:00+0200,34.92,EUR/MWh,FR,FR,imbalance_price,Short,2026-08-05T12:06:18Z
2026-08-05T12:02:33Z,2026-08-05T14:02:33+0200,a602df8b-e77d-453c-80cb-eeacd1e89d3b,2026-07-20T15:45:00Z,2026-07-20T17:45:00+0200,115.23,EUR/MWh,FR,FR,imbalance_price,Long,2026-08-05T12:06:18Z
2026-08-05T12:02:33Z,2026-08-05T14:02:33+0200,a602df8b-e77d-453c-80cb-eeacd1e89d3b,2026-07-20T15:45:00Z,2026-07-20T17:45:00+0200,126.09,EUR/MWh,FR,FR,imbalance_price,Short,2026-08-05T12:06:18Z
2026-08-05T12:02:33Z,2026-08-05T14:02:33+0200,a602df8b-e77d-453c-80cb-eeacd1e89d3b,2026-07-20T16:00:00Z,2026-07-20T18:00:00+0200,89.95,EUR/MWh,FR,FR,imbalance_price,Long,2026-08-05T12:06:18Z
2026-08-05T12:02:33Z,2026-08-05T14:02:33+0200,a602df8b-e77d-453c-80cb-eeacd1e89d3b,2026-07-20T16:00:00Z,2026-07-20T18:00:00+0200,98.43,EUR/MWh,FR,FR,imbalance_price,Short,2026-08-05T12:06:18Z
2026-08-05T12:02:33Z,2026-08-05T14:02:33+0200,a602df8b-e77d-453c-80cb-eeacd1e89d3b,2026-07-20T16:15:00Z,2026-07-20T18:15:00+0200,101.75,EUR/MWh,FR,FR,imbalance_price,Long,2026-08-05T12:06:18Z
2026-08-05T12:02:33Z,2026-08-05T14:02:33+0200,a602df8b-e77d-453c-80cb-eeacd1e89d3b,2026-07-20T16:15:00Z,2026-07-20T18:15:00+0200,111.33,EUR/MWh,FR,FR,imbalance_price,Short,2026-08-05T12:06:18Z
2026-08-05T12:02:33Z,2026-08-05T14:02:33+0200,a602df8b-e77d-453c-80cb-eeacd1e89d3b,2026-07-20T16:30:00Z,2026-07-20T18:30:00+0200,86.14,EUR/MWh,FR,FR,imbalance_price,Long,2026-08-05T12:06:18Z
2026-08-05T12:02:33Z,2026-08-05T14:02:33+0200,a602df8b-e77d-453c-80cb-eeacd1e89d3b,2026-07-20T16:30:00Z,2026-07-20T18:30:00+0200,94.26,EUR/MWh,FR,FR,imbalance_price,Short,2026-08-05T12:06:18Z
2026-08-05T12:02:33Z,2026-08-05T14:02:33+0200,a602df8b-e77d-453c-80cb-eeacd1e89d3b,2026-07-20T16:45:00Z,2026-07-20T18:45:00+0200,119.57,EUR/MWh,FR,FR,imbalance_price,Long,2026-08-05T12:06:18Z
2026-08-05T12:02:33Z,2026-08-05T14:02:33+0200,a602df8b-e77d-453c-80cb-eeacd1e89d3b,2026-07-20T16:45:00Z,2026-07-20T18:45:00+0200,130.83,EUR/MWh,FR,FR,imbalance_price,Short,2026-08-05T12:06:18Z
2026-08-05T12:02:33Z,2026-08-05T14:02:33+0200,a602df8b-e77d-453c-80cb-eeacd1e89d3b,2026-07-20T17:00:00Z,2026-07-20T19:00:00+0200,102.6,EUR/MWh,FR,FR,imbalance_price,Long,2026-08-05T12:06:18Z
2026-08-05T12:02:33Z,2026-08-05T14:02:33+0200,a602df8b-e77d-453c-80cb-eeacd1e89d3b,2026-07-20T17:00:00Z,2026-07-20T19:00:00+0200,112.26,EUR/MWh,FR,FR,imbalance_price,Short,2026-08-05T12:06:18Z
2026-08-05T12:02:33Z,2026-08-05T14:02:33+0200,a602df8b-e77d-453c-80cb-eeacd1e89d3b,2026-07-20T17:15:00Z,2026-07-20T19:15:00+0200,98.08,EUR/MWh,FR,FR,imbalance_price,Long,2026-08-05T12:06:18Z
2026-08-05T12:02:33Z,2026-08-05T14:02:33+0200,a602df8b-e77d-453c-80cb-eeacd1e89d3b,2026-07-20T17:15:00Z,2026-07-20T19:15:00+0200,107.32,EUR/MWh,FR,FR,imbalance_price,Short,2026-08-05T12:06:18Z
2026-08-05T12:02:33Z,2026-08-05T14:02:33+0200,a602df8b-e77d-453c-80cb-eeacd1e89d3b,2026-07-20T17:30:00Z,2026-07-20T19:30:00+0200,98.08,EUR/MWh,FR,FR,imbalance_price,Long,2026-08-05T12:06:18Z
2026-08-05T12:02:33Z,2026-08-05T14:02:33+0200,a602df8b-e77d-453c-80cb-eeacd1e89d3b,2026-07-20T17:30:00Z,2026-07-20T19:30:00+0200,107.32,EUR/MWh,FR,FR,imbalance_price,Short,2026-08-05T12:06:18Z
2026-08-05T12:02:33Z,2026-08-05T14:02:33+0200,a602df8b-e77d-453c-80cb-eeacd1e89d3b,2026-07-20T17:45:00Z,2026-07-20T19:45:00+0200,98.08,EUR/MWh,FR,FR,imbalance_price,Long,2026-08-05T12:06:18Z
2026-08-05T12:02:33Z,2026-08-05T14:02:33+0200,a602df8b-e77d-453c-80cb-eeacd1e89d3b,2026-07-20T17:45:00Z,2026-07-20T19:45:00+0200,107.32,EUR/MWh,FR,FR,imbalance_price,Short,2026-08-05T12:06:18Z
2026-08-05T12:02:33Z,2026-08-05T14:02:33+0200,a602df8b-e77d-453c-80cb-eeacd1e89d3b,2026-07-20T18:00:00Z,2026-07-20T20:00:00+0200,113.53,EUR/MWh,FR,FR,imbalance_price,Long,2026-08-05T12:06:18Z
2026-08-05T12:02:33Z,2026-08-05T14:02:33+0200,a602df8b-e77d-453c-80cb-eeacd1e89d3b,2026-07-20T18:00:00Z,2026-07-20T20:00:00+0200,124.23,EUR/MWh,FR,FR,imbalance_price,Short,2026-08-05T12:06:18Z
2026-08-05T12:02:33Z,2026-08-05T14:02:33+0200,a602df8b-e77d-453c-80cb-eeacd1e89d3b,2026-07-20T18:15:00Z,2026-07-20T20:15:00+0200,168.32,EUR/MWh,FR,FR,imbalance_price,Long,2026-08-05T12:06:18Z
2026-08-05T12:02:33Z,2026-08-05T14:02:33+0200,a602df8b-e77d-453c-80cb-eeacd1e89d3b,2026-07-20T18:15:00Z,2026-07-20T20:15:00+0200,184.18,EUR/MWh,FR,FR,imbalance_price,Short,2026-08-05T12:06:18Z
2026-08-05T12:02:33Z,2026-08-05T14:02:33+0200,a602df8b-e77d-453c-80cb-eeacd1e89d3b,2026-07-20T18:30:00Z,2026-07-20T20:30:00+0200,174.23,EUR/MWh,FR,FR,imbalance_price,Long,2026-08-05T12:06:18Z
2026-08-05T12:02:33Z,2026-08-05T14:02:33+0200,a602df8b-e77d-453c-80cb-eeacd1e89d3b,2026-07-20T18:30:00Z,2026-07-20T20:30:00+0200,190.65,EUR/MWh,FR,FR,imbalance_price,Short,2026-08-05T12:06:18Z
2026-08-05T12:02:33Z,2026-08-05T14:02:33+0200,a602df8b-e77d-453c-80cb-eeacd1e89d3b,2026-07-20T18:45:00Z,2026-07-20T20:45:00+0200,170.4,EUR/MWh,FR,FR,imbalance_price,Long,2026-08-05T12:06:18Z
2026-08-05T12:02:33Z,2026-08-05T14:02:33+0200,a602df8b-e77d-453c-80cb-eeacd1e89d3b,2026-07-20T18:45:00Z,2026-07-20T20:45:00+0200,186.46,EUR/MWh,FR,FR,imbalance_price,Short,2026-08-05T12:06:18Z
2026-08-05T12:02:33Z,2026-08-05T14:02:33+0200,a602df8b-e77d-453c-80cb-eeacd1e89d3b,2026-07-20T19:00:00Z,2026-07-20T21:00:00+0200,177.84,EUR/MWh,FR,FR,imbalance_price,Long,2026-08-05T12:06:18Z
2026-08-05T12:02:33Z,2026-08-05T14:02:33+0200,a602df8b-e77d-453c-80cb-eeacd1e89d3b,2026-07-20T19:00:00Z,2026-07-20T21:00:00+0200,194.6,EUR/MWh,FR,FR,imbalance_price,Short,2026-08-05T12:06:18Z
2026-08-05T12:02:33Z,2026-08-05T14:02:33+0200,a602df8b-e77d-453c-80cb-eeacd1e89d3b,2026-07-20T19:15:00Z,2026-07-20T21:15:00+0200,149.54,EUR/MWh,FR,FR,imbalance_price,Long,2026-08-05T12:06:18Z
2026-08-05T12:02:33Z,2026-08-05T14:02:33+0200,a602df8b-e77d-453c-80cb-eeacd1e89d3b,2026-07-20T19:15:00Z,2026-07-20T21:15:00+0200,163.64,EUR/MWh,FR,FR,imbalance_price,Short,2026-08-05T12:06:18Z
2026-08-05T12:02:33Z,2026-08-05T14:02:33+0200,a602df8b-e77d-453c-80cb-eeacd1e89d3b,2026-07-20T19:30:00Z,2026-07-20T21:30:00+0200,173.69,EUR/MWh,FR,FR,imbalance_price,Long,2026-08-05T12:06:18Z
2026-08-05T12:02:33Z,2026-08-05T14:02:33+0200,a602df8b-e77d-453c-80cb-eeacd1e89d3b,2026-07-20T19:30:00Z,2026-07-20T21:30:00+0200,190.05,EUR/MWh,FR,FR,imbalance_price,Short,2026-08-05T12:06:18Z
2026-08-05T12:02:33Z,2026-08-05T14:02:33+0200,a602df8b-e77d-453c-80cb-eeacd1e89d3b,2026-07-20T19:45:00Z,2026-07-20T21:45:00+0200,162.14,EUR/MWh,FR,FR,imbalance_price,Long,2026-08-05T12:06:18Z
2026-08-05T12:02:33Z,2026-08-05T14:02:33+0200,a602df8b-e77d-453c-80cb-eeacd1e89d3b,2026-07-20T19:45:00Z,2026-07-20T21:45:00+0200,177.42,EUR/MWh,FR,FR,imbalance_price,Short,2026-08-05T12:06:18Z
2026-08-05T12:02:33Z,2026-08-05T14:02:33+0200,a602df8b-e77d-453c-80cb-eeacd1e89d3b,2026-07-20T20:00:00Z,2026-07-20T22:00:00+0200,156.73,EUR/MWh,FR,FR,imbalance_price,Long,2026-08-05T12:06:18Z
2026-08-05T12:02:33Z,2026-08-05T14:02:33+0200,a602df8b-e77d-453c-80cb-eeacd1e89d3b,2026-07-20T20:00:00Z,2026-07-20T22:00:00+0200,171.49,EUR/MWh,FR,FR,imbalance_price,Short,2026-08-05T12:06:18Z
2026-08-05T12:02:33Z,2026-08-05T14:02:33+0200,a602df8b-e77d-453c-80cb-eeacd1e89d3b,2026-07-20T20:15:00Z,2026-07-20T22:15:00+0200,156.1,EUR/MWh,FR,FR,imbalance_price,Long,2026-08-05T12:06:18Z
2026-08-05T12:02:33Z,2026-08-05T14:02:33+0200,a602df8b-e77d-453c-80cb-eeacd1e89d3b,2026-07-20T20:15:00Z,2026-07-20T22:15:00+0200,170.82,EUR/MWh,FR,FR,imbalance_price,Short,2026-08-05T12:06:18Z
2026-08-05T12:02:33Z,2026-08-05T14:02:33+0200,a602df8b-e77d-453c-80cb-eeacd1e89d3b,2026-07-20T20:30:00Z,2026-07-20T22:30:00+0200,150.32,EUR/MWh,FR,FR,imbalance_price,Long,2026-08-05T12:06:18Z
2026-08-05T12:02:33Z,2026-08-05T14:02:33+0200,a602df8b-e77d-453c-80cb-eeacd1e89d3b,2026-07-20T20:30:00Z,2026-07-20T22:30:00+0200,164.48,EUR/MWh,FR,FR,imbalance_price,Short,2026-08-05T12:06:18Z
2026-08-05T12:02:33Z,2026-08-05T14:02:33+0200,a602df8b-e77d-453c-80cb-eeacd1e89d3b,2026-07-20T20:45:00Z,2026-07-20T22:45:00+0200,147.1,EUR/MWh,FR,FR,imbalance_price,Long,2026-08-05T12:06:18Z
2026-08-05T12:02:33Z,2026-08-05T14:02:33+0200,a602df8b-e77d-453c-80cb-eeacd1e89d3b,2026-07-20T20:45:00Z,2026-07-20T22:45:00+0200,160.96,EUR/MWh,FR,FR,imbalance_price,Short,2026-08-05T12:06:18Z
2026-08-05T12:02:33Z,2026-08-05T14:02:33+0200,a602df8b-e77d-453c-80cb-eeacd1e89d3b,2026-07-20T21:00:00Z,2026-07-20T23:00:00+0200,154.69,EUR/MWh,FR,FR,imbalance_price,Long,2026-08-05T12:06:18Z
2026-08-05T12:02:33Z,2026-08-05T14:02:33+0200,a602df8b-e77d-453c-80cb-eeacd1e89d3b,2026-07-20T21:00:00Z,2026-07-20T23:00:00+0200,169.27,EUR/MWh,FR,FR,imbalance_price,Short,2026-08-05T12:06:18Z
2026-08-05T12:02:33Z,2026-08-05T14:02:33+0200,a602df8b-e77d-453c-80cb-eeacd1e89d3b,2026-07-20T21:15:00Z,2026-07-20T23:15:00+0200,156.55,EUR/MWh,FR,FR,imbalance_price,Long,2026-08-05T12:06:18Z
2026-08-05T12:02:33Z,2026-08-05T14:02:33+0200,a602df8b-e77d-453c-80cb-eeacd1e89d3b,2026-07-20T21:15:00Z,2026-07-20T23:15:00+0200,171.31,EUR/MWh,FR,FR,imbalance_price,Short,2026-08-05T12:06:18Z
2026-08-05T12:02:33Z,2026-08-05T14:02:33+0200,a602df8b-e77d-453c-80cb-eeacd1e89d3b,2026-07-20T21:30:00Z,2026-07-20T23:30:00+0200,151.87,EUR/MWh,FR,FR,imbalance_price,Long,2026-08-05T12:06:18Z
2026-08-05T12:02:33Z,2026-08-05T14:02:33+0200,a602df8b-e77d-453c-80cb-eeacd1e89d3b,2026-07-20T21:30:00Z,2026-07-20T23:30:00+0200,166.19,EUR/MWh,FR,FR,imbalance_price,Short,2026-08-05T12:06:18Z
2026-08-05T12:02:33Z,2026-08-05T14:02:33+0200,a602df8b-e77d-453c-80cb-eeacd1e89d3b,2026-07-20T21:45:00Z,2026-07-20T23:45:00+0200,157.37,EUR/MWh,FR,FR,imbalance_price,Long,2026-08-05T12:06:18Z
2026-08-05T12:02:33Z,2026-08-05T14:02:33+0200,a602df8b-e77d-453c-80cb-eeacd1e89d3b,2026-07-20T21:45:00Z,2026-07-20T23:45:00+0200,172.21,EUR/MWh,FR,FR,imbalance_price,Short,2026-08-05T12:06:18Z
2026-08-05T12:02:33Z,2026-08-05T14:02:33+0200,a602df8b-e77d-453c-80cb-eeacd1e89d3b,2026-07-20T22:00:00Z,2026-07-21T00:00:00+0200,176.56,EUR/MWh,FR,FR,imbalance_price,Long,2026-08-05T12:06:18Z
2026-08-05T12:02:33Z,2026-08-05T14:02:33+0200,a602df8b-e77d-453c-80cb-eeacd1e89d3b,2026-07-20T22:00:00Z,2026-07-21T00:00:00+0200,193.2,EUR/MWh,FR,FR,imbalance_price,Short,2026-08-05T12:06:18Z
2026-08-05T12:02:33Z,2026-08-05T14:02:33+0200,a602df8b-e77d-453c-80cb-eeacd1e89d3b,2026-07-20T22:15:00Z,2026-07-21T00:15:00+0200,163.24,EUR/MWh,FR,FR,imbalance_price,Long,2026-08-05T12:06:18Z
2026-08-05T12:02:33Z,2026-08-05T14:02:33+0200,a602df8b-e77d-453c-80cb-eeacd1e89d3b,2026-07-20T22:15:00Z,2026-07-21T00:15:00+0200,178.62,EUR/MWh,FR,FR,imbalance_price,Short,2026-08-05T12:06:18Z
2026-08-05T12:02:33Z,2026-08-05T14:02:33+0200,a602df8b-e77d-453c-80cb-eeacd1e89d3b,2026-07-20T22:30:00Z,2026-07-21T00:30:00+0200,157.65,EUR/MWh,FR,FR,imbalance_price,Long,2026-08-05T12:06:18Z
2026-08-05T12:02:33Z,2026-08-05T14:02:33+0200,a602df8b-e77d-453c-80cb-eeacd1e89d3b,2026-07-20T22:30:00Z,2026-07-21T00:30:00+0200,172.51,EUR/MWh,FR,FR,imbalance_price,Short,2026-08-05T12:06:18Z
2026-08-05T12:02:33Z,2026-08-05T14:02:33+0200,a602df8b-e77d-453c-80cb-eeacd1e89d3b,2026-07-20T22:45:00Z,2026-07-21T00:45:00+0200,158.19,EUR/MWh,FR,FR,imbalance_price,Long,2026-08-05T12:06:18Z
2026-08-05T12:02:33Z,2026-08-05T14:02:33+0200,a602df8b-e77d-453c-80cb-eeacd1e89d3b,2026-07-20T22:45:00Z,2026-07-21T00:45:00+0200,173.09,EUR/MWh,FR,FR,imbalance_price,Short,2026-08-05T12:06:18Z
2026-08-05T12:02:33Z,2026-08-05T14:02:33+0200,a602df8b-e77d-453c-80cb-eeacd1e89d3b,2026-07-20T23:00:00Z,2026-07-21T01:00:00+0200,159.19,EUR/MWh,FR,FR,imbalance_price,Long,2026-08-05T12:06:18Z
2026-08-05T12:02:33Z,2026-08-05T14:02:33+0200,a602df8b-e77d-453c-80cb-eeacd1e89d3b,2026-07-20T23:00:00Z,2026-07-21T01:00:00+0200,174.19,EUR/MWh,FR,FR,imbalance_price,Short,2026-08-05T12:06:18Z
2026-08-05T12:02:33Z,2026-08-05T14:02:33+0200,a602df8b-e77d-453c-80cb-eeacd1e89d3b,2026-07-20T23:15:00Z,2026-07-21T01:15:00+0200,161.47,EUR/MWh,FR,FR,imbalance_price,Long,2026-08-05T12:06:18Z
2026-08-05T12:02:33Z,2026-08-05T14:02:33+0200,a602df8b-e77d-453c-80cb-eeacd1e89d3b,2026-07-20T23:15:00Z,2026-07-21T01:15:00+0200,176.69,EUR/MWh,FR,FR,imbalance_price,Short,2026-08-05T12:06:18Z
2026-08-05T12:02:33Z,2026-08-05T14:02:33+0200,a602df8b-e77d-453c-80cb-eeacd1e89d3b,2026-07-20T23:30:00Z,2026-07-21T01:30:00+0200,179.44,EUR/MWh,FR,FR,imbalance_price,Long,2026-08-05T12:06:18Z
2026-08-05T12:02:33Z,2026-08-05T14:02:33+0200,a602df8b-e77d-453c-80cb-eeacd1e89d3b,2026-07-20T23:30:00Z,2026-07-21T01:30:00+0200,196.36,EUR/MWh,FR,FR,imbalance_price,Short,2026-08-05T12:06:18Z
2026-08-05T12:02:33Z,2026-08-05T14:02:33+0200,a602df8b-e77d-453c-80cb-eeacd1e89d3b,2026-07-20T23:45:00Z,2026-07-21T01:45:00+0200,155.1,EUR/MWh,FR,FR,imbalance_price,Long,2026-08-05T12:06:18Z
2026-08-05T12:02:33Z,2026-08-05T14:02:33+0200,a602df8b-e77d-453c-80cb-eeacd1e89d3b,2026-07-20T23:45:00Z,2026-07-21T01:45:00+0200,169.72,EUR/MWh,FR,FR,imbalance_price,Short,2026-08-05T12:06:18Z
2026-08-05T12:02:33Z,2026-08-05T14:02:33+0200,a602df8b-e77d-453c-80cb-eeacd1e89d3b,2026-07-21T00:00:00Z,2026-07-21T02:00:00+0200,159.0,EUR/MWh,FR,FR,imbalance_price,Long,2026-08-05T12:06:18Z
2026-08-05T12:02:33Z,2026-08-05T14:02:33+0200,a602df8b-e77d-453c-80cb-eeacd1e89d3b,2026-07-21T00:00:00Z,2026-07-21T02:00:00+0200,173.98,EUR/MWh,FR,FR,imbalance_price,Short,2026-08-05T12:06:18Z
2026-08-05T12:02:33Z,2026-08-05T14:02:33+0200,a602df8b-e77d-453c-80cb-eeacd1e89d3b,2026-07-21T00:15:00Z,2026-07-21T02:15:00+0200,160.6,EUR/MWh,FR,FR,imbalance_price,Long,2026-08-05T12:06:18Z
2026-08-05T12:02:33Z,2026-08-05T14:02:33+0200,a602df8b-e77d-453c-80cb-eeacd1e89d3b,2026-07-21T00:15:00Z,2026-07-21T02:15:00+0200,175.74,EUR/MWh,FR,FR,imbalance_price,Short,2026-08-05T12:06:18Z
2026-08-05T12:02:33Z,2026-08-05T14:02:33+0200,a602df8b-e77d-453c-80cb-eeacd1e89d3b,2026-07-21T00:30:00Z,2026-07-21T02:30:00+0200,140.43,EUR/MWh,FR,FR,imbalance_price,Long,2026-08-05T12:06:18Z
2026-08-05T12:02:33Z,2026-08-05T14:02:33+0200,a602df8b-e77d-453c-80cb-eeacd1e89d3b,2026-07-21T00:30:00Z,2026-07-21T02:30:00+0200,153.67,EUR/MWh,FR,FR,imbalance_price,Short,2026-08-05T12:06:18Z
2026-08-05T12:02:33Z,2026-08-05T14:02:33+0200,a602df8b-e77d-453c-80cb-eeacd1e89d3b,2026-07-21T00:45:00Z,2026-07-21T02:45:00+0200,104.95,EUR/MWh,FR,FR,imbalance_price,Long,2026-08-05T12:06:18Z
2026-08-05T12:02:33Z,2026-08-05T14:02:33+0200,a602df8b-e77d-453c-80cb-eeacd1e89d3b,2026-07-21T00:45:00Z,2026-07-21T02:45:00+0200,114.85,EUR/MWh,FR,FR,imbalance_price,Short,2026-08-05T12:06:18Z
2026-08-05T12:02:33Z,2026-08-05T14:02:33+0200,a602df8b-e77d-453c-80cb-eeacd1e89d3b,2026-07-21T01:00:00Z,2026-07-21T03:00:00+0200,26.89,EUR/MWh,FR,FR,imbalance_price,Long,2026-08-05T12:06:18Z
2026-08-05T12:02:33Z,2026-08-05T14:02:33+0200,a602df8b-e77d-453c-80cb-eeacd1e89d3b,2026-07-21T01:00:00Z,2026-07-21T03:00:00+0200,29.43,EUR/MWh,FR,FR,imbalance_price,Short,2026-08-05T12:06:18Z
2026-08-05T12:02:33Z,2026-08-05T14:02:33+0200,a602df8b-e77d-453c-80cb-eeacd1e89d3b,2026-07-21T01:15:00Z,2026-07-21T03:15:00+0200,26.89,EUR/MWh,FR,FR,imbalance_price,Long,2026-08-05T12:06:18Z
2026-08-05T12:02:33Z,2026-08-05T14:02:33+0200,a602df8b-e77d-453c-80cb-eeacd1e89d3b,2026-07-21T01:15:00Z,2026-07-21T03:15:00+0200,29.43,EUR/MWh,FR,FR,imbalance_price,Short,2026-08-05T12:06:18Z
2026-08-05T12:02:33Z,2026-08-05T14:02:33+0200,a602df8b-e77d-453c-80cb-eeacd1e89d3b,2026-07-21T01:30:00Z,2026-07-21T03:30:00+0200,26.89,EUR/MWh,FR,FR,imbalance_price,Long,2026-08-05T12:06:18Z
2026-08-05T12:02:33Z,2026-08-05T14:02:33+0200,a602df8b-e77d-453c-80cb-eeacd1e89d3b,2026-07-21T01:30:00Z,2026-07-21T03:30:00+0200,29.43,EUR/MWh,FR,FR,imbalance_price,Short,2026-08-05T12:06:18Z
2026-08-05T12:02:33Z,2026-08-05T14:02:33+0200,a602df8b-e77d-453c-80cb-eeacd1e89d3b,2026-07-21T01:45:00Z,2026-07-21T03:45:00+0200,26.89,EUR/MWh,FR,FR,imbalance_price,Long,2026-08-05T12:06:18Z
2026-08-05T12:02:33Z,2026-08-05T14:02:33+0200,a602df8b-e77d-453c-80cb-eeacd1e89d3b,2026-07-21T01:45:00Z,2026-07-21T03:45:00+0200,29.43,EUR/MWh,FR,FR,imbalance_price,Short,2026-08-05T12:06:18Z
2026-08-05T12:02:33Z,2026-08-05T14:02:33+0200,a602df8b-e77d-453c-80cb-eeacd1e89d3b,2026-07-21T02:00:00Z,2026-07-21T04:00:00+0200,114.58,EUR/MWh,FR,FR,imbalance_price,Long,2026-08-05T12:06:18Z
2026-08-05T12:02:33Z,2026-08-05T14:02:33+0200,a602df8b-e77d-453c-80cb-eeacd1e89d3b,2026-07-21T02:00:00Z,2026-07-21T04:00:00+0200,125.38,EUR/MWh,FR,FR,imbalance_price,Short,2026-08-05T12:06:18Z
2026-08-05T12:02:33Z,2026-08-05T14:02:33+0200,a602df8b-e77d-453c-80cb-eeacd1e89d3b,2026-07-21T02:15:00Z,2026-07-21T04:15:00+0200,26.89,EUR/MWh,FR,FR,imbalance_price,Long,2026-08-05T12:06:18Z
2026-08-05T12:02:33Z,2026-08-05T14:02:33+0200,a602df8b-e77d-453c-80cb-eeacd1e89d3b,2026-07-21T02:15:00Z,2026-07-21T04:15:00+0200,29.43,EUR/MWh,FR,FR,imbalance_price,Short,2026-08-05T12:06:18Z
2026-08-05T12:02:33Z,2026-08-05T14:02:33+0200,a602df8b-e77d-453c-80cb-eeacd1e89d3b,2026-07-21T02:30:00Z,2026-07-21T04:30:00+0200,127.07,EUR/MWh,FR,FR,imbalance_price,Long,2026-08-05T12:06:18Z
2026-08-05T12:02:33Z,2026-08-05T14:02:33+0200,a602df8b-e77d-453c-80cb-eeacd1e89d3b,2026-07-21T02:30:00Z,2026-07-21T04:30:00+0200,139.05,EUR/MWh,FR,FR,imbalance_price,Short,2026-08-05T12:06:18Z
2026-08-05T12:02:33Z,2026-08-05T14:02:33+0200,a602df8b-e77d-453c-80cb-eeacd1e89d3b,2026-07-21T02:45:00Z,2026-07-21T04:45:00+0200,103.14,EUR/MWh,FR,FR,imbalance_price,Long,2026-08-05T12:06:18Z
2026-08-05T12:02:33Z,2026-08-05T14:02:33+0200,a602df8b-e77d-453c-80cb-eeacd1e89d3b,2026-07-21T02:45:00Z,2026-07-21T04:45:00+0200,112.86,EUR/MWh,FR,FR,imbalance_price,Short,2026-08-05T12:06:18Z
2026-08-05T12:02:33Z,2026-08-05T14:02:33+0200,a602df8b-e77d-453c-80cb-eeacd1e89d3b,2026-07-21T03:00:00Z,2026-07-21T05:00:00+0200,106.99,EUR/MWh,FR,FR,imbalance_price,Long,2026-08-05T12:06:18Z
2026-08-05T12:02:33Z,2026-08-05T14:02:33+0200,a602df8b-e77d-453c-80cb-eeacd1e89d3b,2026-07-21T03:00:00Z,2026-07-21T05:00:00+0200,117.07,EUR/MWh,FR,FR,imbalance_price,Short,2026-08-05T12:06:18Z
2026-08-05T12:02:33Z,2026-08-05T14:02:33+0200,a602df8b-e77d-453c-80cb-eeacd1e89d3b,2026-07-21T03:15:00Z,2026-07-21T05:15:00+0200,97.33,EUR/MWh,FR,FR,imbalance_price,Long,2026-08-05T12:06:18Z
2026-08-05T12:02:33Z,2026-08-05T14:02:33+0200,a602df8b-e77d-453c-80cb-eeacd1e89d3b,2026-07-21T03:15:00Z,2026-07-21T05:15:00+0200,106.51,EUR/MWh,FR,FR,imbalance_price,Short,2026-08-05T12:06:18Z
2026-08-05T12:02:33Z,2026-08-05T14:02:33+0200,a602df8b-e77d-453c-80cb-eeacd1e89d3b,2026-07-21T03:30:00Z,2026-07-21T05:30:00+0200,123.62,EUR/MWh,FR,FR,imbalance_price,Long,2026-08-05T12:06:18Z
2026-08-05T12:02:33Z,2026-08-05T14:02:33+0200,a602df8b-e77d-453c-80cb-eeacd1e89d3b,2026-07-21T03:30:00Z,2026-07-21T05:30:00+0200,135.26,EUR/MWh,FR,FR,imbalance_price,Short,2026-08-05T12:06:18Z
2026-08-05T12:02:33Z,2026-08-05T14:02:33+0200,a602df8b-e77d-453c-80cb-eeacd1e89d3b,2026-07-21T03:45:00Z,2026-07-21T05:45:00+0200,135.24,EUR/MWh,FR,FR,imbalance_price,Long,2026-08-05T12:06:18Z
2026-08-05T12:02:33Z,2026-08-05T14:02:33+0200,a602df8b-e77d-453c-80cb-eeacd1e89d3b,2026-07-21T03:45:00Z,2026-07-21T05:45:00+0200,147.98,EUR/MWh,FR,FR,imbalance_price,Short,2026-08-05T12:06:18Z
2026-08-05T12:02:33Z,2026-08-05T14:02:33+0200,a602df8b-e77d-453c-80cb-eeacd1e89d3b,2026-07-21T04:00:00Z,2026-07-21T06:00:00+0200,199.86,EUR/MWh,FR,FR,imbalance_price,Long,2026-08-05T12:06:18Z
2026-08-05T12:02:33Z,2026-08-05T14:02:33+0200,a602df8b-e77d-453c-80cb-eeacd1e89d3b,2026-07-21T04:00:00Z,2026-07-21T06:00:00+0200,218.7,EUR/MWh,FR,FR,imbalance_price,Short,2026-08-05T12:06:18Z
2026-08-05T12:02:33Z,2026-08-05T14:02:33+0200,a602df8b-e77d-453c-80cb-eeacd1e89d3b,2026-07-21T04:15:00Z,2026-07-21T06:15:00+0200,223.98,EUR/MWh,FR,FR,imbalance_price,Long,2026-08-05T12:06:18Z
2026-08-05T12:02:33Z,2026-08-05T14:02:33+0200,a602df8b-e77d-453c-80cb-eeacd1e89d3b,2026-07-21T04:15:00Z,2026-07-21T06:15:00+0200,245.08,EUR/MWh,FR,FR,imbalance_price,Short,2026-08-05T12:06:18Z
2026-08-05T12:02:33Z,2026-08-05T14:02:33+0200,a602df8b-e77d-453c-80cb-eeacd1e89d3b,2026-07-21T04:30:00Z,2026-07-21T06:30:00+0200,176.96,EUR/MWh,FR,FR,imbalance_price,Long,2026-08-05T12:06:18Z
2026-08-05T12:02:33Z,2026-08-05T14:02:33+0200,a602df8b-e77d-453c-80cb-eeacd1e89d3b,2026-07-21T04:30:00Z,2026-07-21T06:30:00+0200,193.64,EUR/MWh,FR,FR,imbalance_price,Short,2026-08-05T12:06:18Z
2026-08-05T12:02:33Z,2026-08-05T14:02:33+0200,a602df8b-e77d-453c-80cb-eeacd1e89d3b,2026-07-21T04:45:00Z,2026-07-21T06:45:00+0200,184.2,EUR/MWh,FR,FR,imbalance_price,Long,2026-08-05T12:06:18Z
2026-08-05T12:02:33Z,2026-08-05T14:02:33+0200,a602df8b-e77d-453c-80cb-eeacd1e89d3b,2026-07-21T04:45:00Z,2026-07-21T06:45:00+0200,201.56,EUR/MWh,FR,FR,imbalance_price,Short,2026-08-05T12:06:18Z
2026-08-05T12:02:33Z,2026-08-05T14:02:33+0200,a602df8b-e77d-453c-80cb-eeacd1e89d3b,2026-07-21T05:00:00Z,2026-07-21T07:00:00+0200,172.19,EUR/MWh,FR,FR,imbalance_price,Long,2026-08-05T12:06:18Z
2026-08-05T12:02:33Z,2026-08-05T14:02:33+0200,a602df8b-e77d-453c-80cb-eeacd1e89d3b,2026-07-21T05:00:00Z,2026-07-21T07:00:00+0200,188.41,EUR/MWh,FR,FR,imbalance_price,Short,2026-08-05T12:06:18Z
2026-08-05T12:02:33Z,2026-08-05T14:02:33+0200,a602df8b-e77d-453c-80cb-eeacd1e89d3b,2026-07-21T05:15:00Z,2026-07-21T07:15:00+0200,173.18,EUR/MWh,FR,FR,imbalance_price,Long,2026-08-05T12:06:18Z
2026-08-05T12:02:33Z,2026-08-05T14:02:33+0200,a602df8b-e77d-453c-80cb-eeacd1e89d3b,2026-07-21T05:15:00Z,2026-07-21T07:15:00+0200,189.5,EUR/MWh,FR,FR,imbalance_price,Short,2026-08-05T12:06:18Z
2026-08-05T12:02:33Z,2026-08-05T14:02:33+0200,a602df8b-e77d-453c-80cb-eeacd1e89d3b,2026-07-21T05:30:00Z,2026-07-21T07:30:00+0200,144.22,EUR/MWh,FR,FR,imbalance_price,Long,2026-08-05T12:06:18Z
2026-08-05T12:02:33Z,2026-08-05T14:02:33+0200,a602df8b-e77d-453c-80cb-eeacd1e89d3b,2026-07-21T05:30:00Z,2026-07-21T07:30:00+0200,157.82,EUR/MWh,FR,FR,imbalance_price,Short,2026-08-05T12:06:18Z
2026-08-05T12:02:33Z,2026-08-05T14:02:33+0200,a602df8b-e77d-453c-80cb-eeacd1e89d3b,2026-07-21T05:45:00Z,2026-07-21T07:45:00+0200,155.8,EUR/MWh,FR,FR,imbalance_price,Long,2026-08-05T12:06:18Z
2026-08-05T12:02:33Z,2026-08-05T14:02:33+0200,a602df8b-e77d-453c-80cb-eeacd1e89d3b,2026-07-21T05:45:00Z,2026-07-21T07:45:00+0200,170.48,EUR/MWh,FR,FR,imbalance_price,Short,2026-08-05T12:06:18Z
2026-08-05T12:02:33Z,2026-08-05T14:02:33+0200,a602df8b-e77d-453c-80cb-eeacd1e89d3b,2026-07-21T06:00:00Z,2026-07-21T08:00:00+0200,179.02,EUR/MWh,FR,FR,imbalance_price,Long,2026-08-05T12:06:18Z
2026-08-05T12:02:33Z,2026-08-05T14:02:33+0200,a602df8b-e77d-453c-80cb-eeacd1e89d3b,2026-07-21T06:00:00Z,2026-07-21T08:00:00+0200,195.9,EUR/MWh,FR,FR,imbalance_price,Short,2026-08-05T12:06:18Z
2026-08-05T12:02:33Z,2026-08-05T14:02:33+0200,a602df8b-e77d-453c-80cb-eeacd1e89d3b,2026-07-21T06:15:00Z,2026-07-21T08:15:00+0200,172.51,EUR/MWh,FR,FR,imbalance_price,Long,2026-08-05T12:06:18Z
2026-08-05T12:02:33Z,2026-08-05T14:02:33+0200,a602df8b-e77d-453c-80cb-eeacd1e89d3b,2026-07-21T06:15:00Z,2026-07-21T08:15:00+0200,188.77,EUR/MWh,FR,FR,imbalance_price,Short,2026-08-05T12:06:18Z
2026-08-05T12:02:33Z,2026-08-05T14:02:33+0200,a602df8b-e77d-453c-80cb-eeacd1e89d3b,2026-07-21T06:30:00Z,2026-07-21T08:30:00+0200,195.98,EUR/MWh,FR,FR,imbalance_price,Long,2026-08-05T12:06:18Z
2026-08-05T12:02:33Z,2026-08-05T14:02:33+0200,a602df8b-e77d-453c-80cb-eeacd1e89d3b,2026-07-21T06:30:00Z,2026-07-21T08:30:00+0200,214.44,EUR/MWh,FR,FR,imbalance_price,Short,2026-08-05T12:06:18Z
2026-08-05T12:02:33Z,2026-08-05T14:02:33+0200,a602df8b-e77d-453c-80cb-eeacd1e89d3b,2026-07-21T06:45:00Z,2026-07-21T08:45:00+0200,193.65,EUR/MWh,FR,FR,imbalance_price,Long,2026-08-05T12:06:18Z
2026-08-05T12:02:33Z,2026-08-05T14:02:33+0200,a602df8b-e77d-453c-80cb-eeacd1e89d3b,2026-07-21T06:45:00Z,2026-07-21T08:45:00+0200,211.91,EUR/MWh,FR,FR,imbalance_price,Short,2026-08-05T12:06:18Z
2026-08-05T12:02:33Z,2026-08-05T14:02:33+0200,a602df8b-e77d-453c-80cb-eeacd1e89d3b,2026-07-21T07:00:00Z,2026-07-21T09:00:00+0200,193.04,EUR/MWh,FR,FR,imbalance_price,Long,2026-08-05T12:06:18Z
2026-08-05T12:02:33Z,2026-08-05T14:02:33+0200,a602df8b-e77d-453c-80cb-eeacd1e89d3b,2026-07-21T07:00:00Z,2026-07-21T09:00:00+0200,211.24,EUR/MWh,FR,FR,imbalance_price,Short,2026-08-05T12:06:18Z
2026-08-05T12:02:33Z,2026-08-05T14:02:33+0200,a602df8b-e77d-453c-80cb-eeacd1e89d3b,2026-07-21T07:15:00Z,2026-07-21T09:15:00+0200,192.04,EUR/MWh,FR,FR,imbalance_price,Long,2026-08-05T12:06:18Z
2026-08-05T12:02:33Z,2026-08-05T14:02:33+0200,a602df8b-e77d-453c-80cb-eeacd1e89d3b,2026-07-21T07:15:00Z,2026-07-21T09:15:00+0200,210.14,EUR/MWh,FR,FR,imbalance_price,Short,2026-08-05T12:06:18Z
2026-08-05T12:02:33Z,2026-08-05T14:02:33+0200,a602df8b-e77d-453c-80cb-eeacd1e89d3b,2026-07-21T07:30:00Z,2026-07-21T09:30:00+0200,191.11,EUR/MWh,FR,FR,imbalance_price,Long,2026-08-05T12:06:18Z
2026-08-05T12:02:33Z,2026-08-05T14:02:33+0200,a602df8b-e77d-453c-80cb-eeacd1e89d3b,2026-07-21T07:30:00Z,2026-07-21T09:30:00+0200,209.11,EUR/MWh,FR,FR,imbalance_price,Short,2026-08-05T12:06:18Z
2026-08-05T12:02:33Z,2026-08-05T14:02:33+0200,a602df8b-e77d-453c-80cb-eeacd1e89d3b,2026-07-21T07:45:00Z,2026-07-21T09:45:00+0200,190.78,EUR/MWh,FR,FR,imbalance_price,Long,2026-08-05T12:06:18Z
2026-08-05T12:02:33Z,2026-08-05T14:02:33+0200,a602df8b-e77d-453c-80cb-eeacd1e89d3b,2026-07-21T07:45:00Z,2026-07-21T09:45:00+0200,208.76,EUR/MWh,FR,FR,imbalance_price,Short,2026-08-05T12:06:18Z
2026-08-05T12:02:33Z,2026-08-05T14:02:33+0200,a602df8b-e77d-453c-80cb-eeacd1e89d3b,2026-07-21T08:00:00Z,2026-07-21T10:00:00+0200,166.7,EUR/MWh,FR,FR,imbalance_price,Long,2026-08-05T12:06:18Z
2026-08-05T12:02:33Z,2026-08-05T14:02:33+0200,a602df8b-e77d-453c-80cb-eeacd1e89d3b,2026-07-21T08:00:00Z,2026-07-21T10:00:00+0200,182.4,EUR/MWh,FR,FR,imbalance_price,Short,2026-08-05T12:06:18Z
2026-08-05T12:02:33Z,2026-08-05T14:02:33+0200,a602df8b-e77d-453c-80cb-eeacd1e89d3b,2026-07-21T08:15:00Z,2026-07-21T10:15:00+0200,-24.4,EUR/MWh,FR,FR,imbalance_price,Long,2026-08-05T12:06:18Z
2026-08-05T12:02:33Z,2026-08-05T14:02:33+0200,a602df8b-e77d-453c-80cb-eeacd1e89d3b,2026-07-21T08:15:00Z,2026-07-21T10:15:00+0200,-22.3,EUR/MWh,FR,FR,imbalance_price,Short,2026-08-05T12:06:18Z
2026-08-05T12:02:33Z,2026-08-05T14:02:33+0200,a602df8b-e77d-453c-80cb-eeacd1e89d3b,2026-07-21T08:30:00Z,2026-07-21T10:30:00+0200,-12.58,EUR/MWh,FR,FR,imbalance_price,Long,2026-08-05T12:06:18Z
2026-08-05T12:02:33Z,2026-08-05T14:02:33+0200,a602df8b-e77d-453c-80cb-eeacd1e89d3b,2026-07-21T08:30:00Z,2026-07-21T10:30:00+0200,-11.5,EUR/MWh,FR,FR,imbalance_price,Short,2026-08-05T12:06:18Z
2026-08-05T12:02:33Z,2026-08-05T14:02:33+0200,a602df8b-e77d-453c-80cb-eeacd1e89d3b,2026-07-21T08:45:00Z,2026-07-21T10:45:00+0200,29.8,EUR/MWh,FR,FR,imbalance_price,Long,2026-08-05T12:06:18Z
2026-08-05T12:02:33Z,2026-08-05T14:02:33+0200,a602df8b-e77d-453c-80cb-eeacd1e89d3b,2026-07-21T08:45:00Z,2026-07-21T10:45:00+0200,32.6,EUR/MWh,FR,FR,imbalance_price,Short,2026-08-05T12:06:18Z
2026-08-05T12:02:33Z,2026-08-05T14:02:33+0200,a602df8b-e77d-453c-80cb-eeacd1e89d3b,2026-07-21T09:00:00Z,2026-07-21T11:00:00+0200,3.93,EUR/MWh,FR,FR,imbalance_price,Long,2026-08-05T12:06:18Z
2026-08-05T12:02:33Z,2026-08-05T14:02:33+0200,a602df8b-e77d-453c-80cb-eeacd1e89d3b,2026-07-21T09:00:00Z,2026-07-21T11:00:00+0200,4.31,EUR/MWh,FR,FR,imbalance_price,Short,2026-08-05T12:06:18Z
2026-08-05T12:02:33Z,2026-08-05T14:02:33+0200,a602df8b-e77d-453c-80cb-eeacd1e89d3b,2026-07-21T09:15:00Z,2026-07-21T11:15:00+0200,9.84,EUR/MWh,FR,FR,imbalance_price,Long,2026-08-05T12:06:18Z
2026-08-05T12:02:33Z,2026-08-05T14:02:33+0200,a602df8b-e77d-453c-80cb-eeacd1e89d3b,2026-07-21T09:15:00Z,2026-07-21T11:15:00+0200,10.76,EUR/MWh,FR,FR,imbalance_price,Short,2026-08-05T12:06:18Z
2026-08-05T12:02:33Z,2026-08-05T14:02:33+0200,a602df8b-e77d-453c-80cb-eeacd1e89d3b,2026-07-21T09:30:00Z,2026-07-21T11:30:00+0200,-29.6,EUR/MWh,FR,FR,imbalance_price,Long,2026-08-05T12:06:18Z
2026-08-05T12:02:33Z,2026-08-05T14:02:33+0200,a602df8b-e77d-453c-80cb-eeacd1e89d3b,2026-07-21T09:30:00Z,2026-07-21T11:30:00+0200,-27.06,EUR/MWh,FR,FR,imbalance_price,Short,2026-08-05T12:06:18Z
2026-08-05T12:02:33Z,2026-08-05T14:02:33+0200,a602df8b-e77d-453c-80cb-eeacd1e89d3b,2026-07-21T09:45:00Z,2026-07-21T11:45:00+0200,-55.68,EUR/MWh,FR,FR,imbalance_price,Long,2026-08-05T12:06:18Z
2026-08-05T12:02:33Z,2026-08-05T14:02:33+0200,a602df8b-e77d-453c-80cb-eeacd1e89d3b,2026-07-21T09:45:00Z,2026-07-21T11:45:00+0200,-50.88,EUR/MWh,FR,FR,imbalance_price,Short,2026-08-05T12:06:18Z
2026-08-05T12:02:33Z,2026-08-05T14:02:33+0200,a602df8b-e77d-453c-80cb-eeacd1e89d3b,2026-07-21T10:00:00Z,2026-07-21T12:00:00+0200,-186.64,EUR/MWh,FR,FR,imbalance_price,Long,2026-08-05T12:06:18Z
2026-08-05T12:02:33Z,2026-08-05T14:02:33+0200,a602df8b-e77d-453c-80cb-eeacd1e89d3b,2026-07-21T10:00:00Z,2026-07-21T12:00:00+0200,-170.56,EUR/MWh,FR,FR,imbalance_price,Short,2026-08-05T12:06:18Z
2026-08-05T12:02:33Z,2026-08-05T14:02:33+0200,a602df8b-e77d-453c-80cb-eeacd1e89d3b,2026-07-21T10:15:00Z,2026-07-21T12:15:00+0200,-159.98,EUR/MWh,FR,FR,imbalance_price,Long,2026-08-05T12:06:18Z
2026-08-05T12:02:33Z,2026-08-05T14:02:33+0200,a602df8b-e77d-453c-80cb-eeacd1e89d3b,2026-07-21T10:15:00Z,2026-07-21T12:15:00+0200,-146.2,EUR/MWh,FR,FR,imbalance_price,Short,2026-08-05T12:06:18Z
2026-08-05T12:02:33Z,2026-08-05T14:02:33+0200,a602df8b-e77d-453c-80cb-eeacd1e89d3b,2026-07-21T10:30:00Z,2026-07-21T12:30:00+0200,-148.29,EUR/MWh,FR,FR,imbalance_price,Long,2026-08-05T12:06:18Z
2026-08-05T12:02:33Z,2026-08-05T14:02:33+0200,a602df8b-e77d-453c-80cb-eeacd1e89d3b,2026-07-21T10:30:00Z,2026-07-21T12:30:00+0200,-135.51,EUR/MWh,FR,FR,imbalance_price,Short,2026-08-05T12:06:18Z
2026-08-05T12:02:33Z,2026-08-05T14:02:33+0200,a602df8b-e77d-453c-80cb-eeacd1e89d3b,2026-07-21T10:45:00Z,2026-07-21T12:45:00+0200,-103.14,EUR/MWh,FR,FR,imbalance_price,Long,2026-08-05T12:06:18Z
2026-08-05T12:02:33Z,2026-08-05T14:02:33+0200,a602df8b-e77d-453c-80cb-eeacd1e89d3b,2026-07-21T10:45:00Z,2026-07-21T12:45:00+0200,-94.26,EUR/MWh,FR,FR,imbalance_price,Short,2026-08-05T12:06:18Z
2026-08-05T12:02:33Z,2026-08-05T14:02:33+0200,a602df8b-e77d-453c-80cb-eeacd1e89d3b,2026-07-21T11:00:00Z,2026-07-21T13:00:00+0200,-91.6,EUR/MWh,FR,FR,imbalance_price,Long,2026-08-05T12:06:18Z
2026-08-05T12:02:33Z,2026-08-05T14:02:33+0200,a602df8b-e77d-453c-80cb-eeacd1e89d3b,2026-07-21T11:00:00Z,2026-07-21T13:00:00+0200,-83.72,EUR/MWh,FR,FR,imbalance_price,Short,2026-08-05T12:06:18Z
2026-08-05T12:02:33Z,2026-08-05T14:02:33+0200,a602df8b-e77d-453c-80cb-eeacd1e89d3b,2026-07-21T11:15:00Z,2026-07-21T13:15:00+0200,-152.63,EUR/MWh,FR,FR,imbalance_price,Long,2026-08-05T12:06:18Z
2026-08-05T12:02:33Z,2026-08-05T14:02:33+0200,a602df8b-e77d-453c-80cb-eeacd1e89d3b,2026-07-21T11:15:00Z,2026-07-21T13:15:00+0200,-139.49,EUR/MWh,FR,FR,imbalance_price,Short,2026-08-05T12:06:18Z
2026-08-05T12:02:33Z,2026-08-05T14:02:33+0200,a602df8b-e77d-453c-80cb-eeacd1e89d3b,2026-07-21T11:30:00Z,2026-07-21T13:30:00+0200,-168.51,EUR/MWh,FR,FR,imbalance_price,Long,2026-08-05T12:06:18Z
2026-08-05T12:02:33Z,2026-08-05T14:02:33+0200,a602df8b-e77d-453c-80cb-eeacd1e89d3b,2026-07-21T11:30:00Z,2026-07-21T13:30:00+0200,-153.99,EUR/MWh,FR,FR,imbalance_price,Short,2026-08-05T12:06:18Z
2026-08-05T12:02:33Z,2026-08-05T14:02:33+0200,a602df8b-e77d-453c-80cb-eeacd1e89d3b,2026-07-21T11:45:00Z,2026-07-21T13:45:00+0200,-112.37,EUR/MWh,FR,FR,imbalance_price,Long,2026-08-05T12:06:18Z
2026-08-05T12:02:33Z,2026-08-05T14:02:33+0200,a602df8b-e77d-453c-80cb-eeacd1e89d3b,2026-07-21T11:45:00Z,2026-07-21T13:45:00+0200,-102.69,EUR/MWh,FR,FR,imbalance_price,Short,2026-08-05T12:06:18Z
2026-08-05T12:02:33Z,2026-08-05T14:02:33+0200,a602df8b-e77d-453c-80cb-eeacd1e89d3b,2026-07-21T12:00:00Z,2026-07-21T14:00:00+0200,-109.71,EUR/MWh,FR,FR,imbalance_price,Long,2026-08-05T12:06:18Z
2026-08-05T12:02:33Z,2026-08-05T14:02:33+0200,a602df8b-e77d-453c-80cb-eeacd1e89d3b,2026-07-21T12:00:00Z,2026-07-21T14:00:00+0200,-100.27,EUR/MWh,FR,FR,imbalance_price,Short,2026-08-05T12:06:18Z
2026-08-05T12:02:33Z,2026-08-05T14:02:33+0200,a602df8b-e77d-453c-80cb-eeacd1e89d3b,2026-07-21T12:15:00Z,2026-07-21T14:15:00+0200,-102.36,EUR/MWh,FR,FR,imbalance_price,Long,2026-08-05T12:06:18Z
2026-08-05T12:02:33Z,2026-08-05T14:02:33+0200,a602df8b-e77d-453c-80cb-eeacd1e89d3b,2026-07-21T12:15:00Z,2026-07-21T14:15:00+0200,-93.54,EUR/MWh,FR,FR,imbalance_price,Short,2026-08-05T12:06:18Z
2026-08-05T12:02:33Z,2026-08-05T14:02:33+0200,a602df8b-e77d-453c-80cb-eeacd1e89d3b,2026-07-21T12:30:00Z,2026-07-21T14:30:00+0200,-98.76,EUR/MWh,FR,FR,imbalance_price,Long,2026-08-05T12:06:18Z
2026-08-05T12:02:33Z,2026-08-05T14:02:33+0200,a602df8b-e77d-453c-80cb-eeacd1e89d3b,2026-07-21T12:30:00Z,2026-07-21T14:30:00+0200,-90.26,EUR/MWh,FR,FR,imbalance_price,Short,2026-08-05T12:06:18Z
2026-08-05T12:02:33Z,2026-08-05T14:02:33+0200,a602df8b-e77d-453c-80cb-eeacd1e89d3b,2026-07-21T12:45:00Z,2026-07-21T14:45:00+0200,-98.22,EUR/MWh,FR,FR,imbalance_price,Long,2026-08-05T12:06:18Z
2026-08-05T12:02:33Z,2026-08-05T14:02:33+0200,a602df8b-e77d-453c-80cb-eeacd1e89d3b,2026-07-21T12:45:00Z,2026-07-21T14:45:00+0200,-89.76,EUR/MWh,FR,FR,imbalance_price,Short,2026-08-05T12:06:18Z
2026-08-05T12:02:33Z,2026-08-05T14:02:33+0200,a602df8b-e77d-453c-80cb-eeacd1e89d3b,2026-07-21T13:00:00Z,2026-07-21T15:00:00+0200,-45.2,EUR/MWh,FR,FR,imbalance_price,Long,2026-08-05T12:06:18Z
2026-08-05T12:02:33Z,2026-08-05T14:02:33+0200,a602df8b-e77d-453c-80cb-eeacd1e89d3b,2026-07-21T13:00:00Z,2026-07-21T15:00:00+0200,-41.3,EUR/MWh,FR,FR,imbalance_price,Short,2026-08-05T12:06:18Z
2026-08-05T12:02:33Z,2026-08-05T14:02:33+0200,a602df8b-e77d-453c-80cb-eeacd1e89d3b,2026-07-21T13:15:00Z,2026-07-21T15:15:00+0200,-12.21,EUR/MWh,FR,FR,imbalance_price,Long,2026-08-05T12:06:18Z
2026-08-05T12:02:33Z,2026-08-05T14:02:33+0200,a602df8b-e77d-453c-80cb-eeacd1e89d3b,2026-07-21T13:15:00Z,2026-07-21T15:15:00+0200,-11.15,EUR/MWh,FR,FR,imbalance_price,Short,2026-08-05T12:06:18Z
2026-08-05T12:02:33Z,2026-08-05T14:02:33+0200,a602df8b-e77d-453c-80cb-eeacd1e89d3b,2026-07-21T13:30:00Z,2026-07-21T15:30:00+0200,-4.16,EUR/MWh,FR,FR,imbalance_price,Long,2026-08-05T12:06:18Z
2026-08-05T12:02:33Z,2026-08-05T14:02:33+0200,a602df8b-e77d-453c-80cb-eeacd1e89d3b,2026-07-21T13:30:00Z,2026-07-21T15:30:00+0200,-3.8,EUR/MWh,FR,FR,imbalance_price,Short,2026-08-05T12:06:18Z
2026-08-05T12:02:33Z,2026-08-05T14:02:33+0200,a602df8b-e77d-453c-80cb-eeacd1e89d3b,2026-07-21T13:45:00Z,2026-07-21T15:45:00+0200,-13.07,EUR/MWh,FR,FR,imbalance_price,Long,2026-08-05T12:06:18Z
2026-08-05T12:02:33Z,2026-08-05T14:02:33+0200,a602df8b-e77d-453c-80cb-eeacd1e89d3b,2026-07-21T13:45:00Z,2026-07-21T15:45:00+0200,-11.95,EUR/MWh,FR,FR,imbalance_price,Short,2026-08-05T12:06:18Z
2026-08-05T12:02:33Z,2026-08-05T14:02:33+0200,a602df8b-e77d-453c-80cb-eeacd1e89d3b,2026-07-21T14:00:00Z,2026-07-21T16:00:00+0200,-9.44,EUR/MWh,FR,FR,imbalance_price,Long,2026-08-05T12:06:18Z
2026-08-05T12:02:33Z,2026-08-05T14:02:33+0200,a602df8b-e77d-453c-80cb-eeacd1e89d3b,2026-07-21T14:00:00Z,2026-07-21T16:00:00+0200,-8.62,EUR/MWh,FR,FR,imbalance_price,Short,2026-08-05T12:06:18Z
2026-08-05T12:02:33Z,2026-08-05T14:02:33+0200,a602df8b-e77d-453c-80cb-eeacd1e89d3b,2026-07-21T14:15:00Z,2026-07-21T16:15:00+0200,2.32,EUR/MWh,FR,FR,imbalance_price,Long,2026-08-05T12:06:18Z
2026-08-05T12:02:33Z,2026-08-05T14:02:33+0200,a602df8b-e77d-453c-80cb-eeacd1e89d3b,2026-07-21T14:15:00Z,2026-07-21T16:15:00+0200,2.54,EUR/MWh,FR,FR,imbalance_price,Short,2026-08-05T12:06:18Z
2026-08-05T12:02:33Z,2026-08-05T14:02:33+0200,a602df8b-e77d-453c-80cb-eeacd1e89d3b,2026-07-21T14:30:00Z,2026-07-21T16:30:00+0200,-129.63,EUR/MWh,FR,FR,imbalance_price,Long,2026-08-05T12:06:18Z
2026-08-05T12:02:33Z,2026-08-05T14:02:33+0200,a602df8b-e77d-453c-80cb-eeacd1e89d3b,2026-07-21T14:30:00Z,2026-07-21T16:30:00+0200,-118.47,EUR/MWh,FR,FR,imbalance_price,Short,2026-08-05T12:06:18Z
2026-08-05T12:02:33Z,2026-08-05T14:02:33+0200,a602df8b-e77d-453c-80cb-eeacd1e89d3b,2026-07-21T14:45:00Z,2026-07-21T16:45:00+0200,-122.2,EUR/MWh,FR,FR,imbalance_price,Long,2026-08-05T12:06:18Z
2026-08-05T12:02:33Z,2026-08-05T14:02:33+0200,a602df8b-e77d-453c-80cb-eeacd1e89d3b,2026-07-21T14:45:00Z,2026-07-21T16:45:00+0200,-111.68,EUR/MWh,FR,FR,imbalance_price,Short,2026-08-05T12:06:18Z
2026-08-05T12:02:33Z,2026-08-05T14:02:33+0200,a602df8b-e77d-453c-80cb-eeacd1e89d3b,2026-07-21T15:00:00Z,2026-07-21T17:00:00+0200,72.96,EUR/MWh,FR,FR,imbalance_price,Long,2026-08-05T12:06:18Z
2026-08-05T12:02:33Z,2026-08-05T14:02:33+0200,a602df8b-e77d-453c-80cb-eeacd1e89d3b,2026-07-21T15:00:00Z,2026-07-21T17:00:00+0200,79.84,EUR/MWh,FR,FR,imbalance_price,Short,2026-08-05T12:06:18Z
2026-08-05T12:02:33Z,2026-08-05T14:02:33+0200,a602df8b-e77d-453c-80cb-eeacd1e89d3b,2026-07-21T15:15:00Z,2026-07-21T17:15:00+0200,123.8,EUR/MWh,FR,FR,imbalance_price,Long,2026-08-05T12:06:18Z
2026-08-05T12:02:33Z,2026-08-05T14:02:33+0200,a602df8b-e77d-453c-80cb-eeacd1e89d3b,2026-07-21T15:15:00Z,2026-07-21T17:15:00+0200,135.46,EUR/MWh,FR,FR,imbalance_price,Short,2026-08-05T12:06:18Z
2026-08-05T12:02:33Z,2026-08-05T14:02:33+0200,a602df8b-e77d-453c-80cb-eeacd1e89d3b,2026-07-21T15:30:00Z,2026-07-21T17:30:00+0200,122.2,EUR/MWh,FR,FR,imbalance_price,Long,2026-08-05T12:06:18Z
2026-08-05T12:02:33Z,2026-08-05T14:02:33+0200,a602df8b-e77d-453c-80cb-eeacd1e89d3b,2026-07-21T15:30:00Z,2026-07-21T17:30:00+0200,133.72,EUR/MWh,FR,FR,imbalance_price,Short,2026-08-05T12:06:18Z
2026-08-05T12:02:33Z,2026-08-05T14:02:33+0200,a602df8b-e77d-453c-80cb-eeacd1e89d3b,2026-07-21T15:45:00Z,2026-07-21T17:45:00+0200,130.33,EUR/MWh,FR,FR,imbalance_price,Long,2026-08-05T12:06:18Z
2026-08-05T12:02:33Z,2026-08-05T14:02:33+0200,a602df8b-e77d-453c-80cb-eeacd1e89d3b,2026-07-21T15:45:00Z,2026-07-21T17:45:00+0200,142.61,EUR/MWh,FR,FR,imbalance_price,Short,2026-08-05T12:06:18Z
2026-08-05T12:02:33Z,2026-08-05T14:02:33+0200,a602df8b-e77d-453c-80cb-eeacd1e89d3b,2026-07-21T16:00:00Z,2026-07-21T18:00:00+0200,150.2,EUR/MWh,FR,FR,imbalance_price,Long,2026-08-05T12:06:18Z
2026-08-05T12:02:33Z,2026-08-05T14:02:33+0200,a602df8b-e77d-453c-80cb-eeacd1e89d3b,2026-07-21T16:00:00Z,2026-07-21T18:00:00+0200,164.36,EUR/MWh,FR,FR,imbalance_price,Short,2026-08-05T12:06:18Z
2026-08-05T12:02:33Z,2026-08-05T14:02:33+0200,a602df8b-e77d-453c-80cb-eeacd1e89d3b,2026-07-21T16:15:00Z,2026-07-21T18:15:00+0200,160.87,EUR/MWh,FR,FR,imbalance_price,Long,2026-08-05T12:06:18Z
2026-08-05T12:02:33Z,2026-08-05T14:02:33+0200,a602df8b-e77d-453c-80cb-eeacd1e89d3b,2026-07-21T16:15:00Z,2026-07-21T18:15:00+0200,176.03,EUR/MWh,FR,FR,imbalance_price,Short,2026-08-05T12:06:18Z
2026-08-05T12:02:33Z,2026-08-05T14:02:33+0200,a602df8b-e77d-453c-80cb-eeacd1e89d3b,2026-07-21T16:30:00Z,2026-07-21T18:30:00+0200,164.93,EUR/MWh,FR,FR,imbalance_price,Long,2026-08-05T12:06:18Z
2026-08-05T12:02:33Z,2026-08-05T14:02:33+0200,a602df8b-e77d-453c-80cb-eeacd1e89d3b,2026-07-21T16:30:00Z,2026-07-21T18:30:00+0200,180.47,EUR/MWh,FR,FR,imbalance_price,Short,2026-08-05T12:06:18Z
2026-08-05T12:02:33Z,2026-08-05T14:02:33+0200,a602df8b-e77d-453c-80cb-eeacd1e89d3b,2026-07-21T16:45:00Z,2026-07-21T18:45:00+0200,149.22,EUR/MWh,FR,FR,imbalance_price,Long,2026-08-05T12:06:18Z
2026-08-05T12:02:33Z,2026-08-05T14:02:33+0200,a602df8b-e77d-453c-80cb-eeacd1e89d3b,2026-07-21T16:45:00Z,2026-07-21T18:45:00+0200,163.28,EUR/MWh,FR,FR,imbalance_price,Short,2026-08-05T12:06:18Z
2026-08-05T12:02:33Z,2026-08-05T14:02:33+0200,a602df8b-e77d-453c-80cb-eeacd1e89d3b,2026-07-21T17:00:00Z,2026-07-21T19:00:00+0200,105.37,EUR/MWh,FR,FR,imbalance_price,Long,2026-08-05T12:06:18Z
2026-08-05T12:02:33Z,2026-08-05T14:02:33+0200,a602df8b-e77d-453c-80cb-eeacd1e89d3b,2026-07-21T17:00:00Z,2026-07-21T19:00:00+0200,115.31,EUR/MWh,FR,FR,imbalance_price,Short,2026-08-05T12:06:18Z
2026-08-05T12:02:33Z,2026-08-05T14:02:33+0200,a602df8b-e77d-453c-80cb-eeacd1e89d3b,2026-07-21T17:15:00Z,2026-07-21T19:15:00+0200,171.54,EUR/MWh,FR,FR,imbalance_price,Long,2026-08-05T12:06:18Z
2026-08-05T12:02:33Z,2026-08-05T14:02:33+0200,a602df8b-e77d-453c-80cb-eeacd1e89d3b,2026-07-21T17:15:00Z,2026-07-21T19:15:00+0200,187.7,EUR/MWh,FR,FR,imbalance_price,Short,2026-08-05T12:06:18Z
2026-08-05T12:02:33Z,2026-08-05T14:02:33+0200,a602df8b-e77d-453c-80cb-eeacd1e89d3b,2026-07-21T17:30:00Z,2026-07-21T19:30:00+0200,156.84,EUR/MWh,FR,FR,imbalance_price,Long,2026-08-05T12:06:18Z
2026-08-05T12:02:33Z,2026-08-05T14:02:33+0200,a602df8b-e77d-453c-80cb-eeacd1e89d3b,2026-07-21T17:30:00Z,2026-07-21T19:30:00+0200,171.62,EUR/MWh,FR,FR,imbalance_price,Short,2026-08-05T12:06:18Z
2026-08-05T12:02:33Z,2026-08-05T14:02:33+0200,a602df8b-e77d-453c-80cb-eeacd1e89d3b,2026-07-21T17:45:00Z,2026-07-21T19:45:00+0200,164.38,EUR/MWh,FR,FR,imbalance_price,Long,2026-08-05T12:06:18Z
2026-08-05T12:02:33Z,2026-08-05T14:02:33+0200,a602df8b-e77d-453c-80cb-eeacd1e89d3b,2026-07-21T17:45:00Z,2026-07-21T19:45:00+0200,179.88,EUR/MWh,FR,FR,imbalance_price,Short,2026-08-05T12:06:18Z
2026-08-05T12:02:33Z,2026-08-05T14:02:33+0200,a602df8b-e77d-453c-80cb-eeacd1e89d3b,2026-07-21T18:00:00Z,2026-07-21T20:00:00+0200,156.42,EUR/MWh,FR,FR,imbalance_price,Long,2026-08-05T12:06:18Z
2026-08-05T12:02:33Z,2026-08-05T14:02:33+0200,a602df8b-e77d-453c-80cb-eeacd1e89d3b,2026-07-21T18:00:00Z,2026-07-21T20:00:00+0200,171.16,EUR/MWh,FR,FR,imbalance_price,Short,2026-08-05T12:06:18Z
2026-08-05T12:02:33Z,2026-08-05T14:02:33+0200,a602df8b-e77d-453c-80cb-eeacd1e89d3b,2026-07-21T18:15:00Z,2026-07-21T20:15:00+0200,148.71,EUR/MWh,FR,FR,imbalance_price,Long,2026-08-05T12:06:18Z
2026-08-05T12:02:33Z,2026-08-05T14:02:33+0200,a602df8b-e77d-453c-80cb-eeacd1e89d3b,2026-07-21T18:15:00Z,2026-07-21T20:15:00+0200,162.73,EUR/MWh,FR,FR,imbalance_price,Short,2026-08-05T12:06:18Z
2026-08-05T12:02:33Z,2026-08-05T14:02:33+0200,a602df8b-e77d-453c-80cb-eeacd1e89d3b,2026-07-21T18:30:00Z,2026-07-21T20:30:00+0200,180.37,EUR/MWh,FR,FR,imbalance_price,Long,2026-08-05T12:06:18Z
2026-08-05T12:02:33Z,2026-08-05T14:02:33+0200,a602df8b-e77d-453c-80cb-eeacd1e89d3b,2026-07-21T18:30:00Z,2026-07-21T20:30:00+0200,197.37,EUR/MWh,FR,FR,imbalance_price,Short,2026-08-05T12:06:18Z
2026-08-05T12:02:33Z,2026-08-05T14:02:33+0200,a602df8b-e77d-453c-80cb-eeacd1e89d3b,2026-07-21T18:45:00Z,2026-07-21T20:45:00+0200,146.49,EUR/MWh,FR,FR,imbalance_price,Long,2026-08-05T12:06:18Z
2026-08-05T12:02:33Z,2026-08-05T14:02:33+0200,a602df8b-e77d-453c-80cb-eeacd1e89d3b,2026-07-21T18:45:00Z,2026-07-21T20:45:00+0200,160.29,EUR/MWh,FR,FR,imbalance_price,Short,2026-08-05T12:06:18Z
2026-08-05T12:02:33Z,2026-08-05T14:02:33+0200,a602df8b-e77d-453c-80cb-eeacd1e89d3b,2026-07-21T19:00:00Z,2026-07-21T21:00:00+0200,110.08,EUR/MWh,FR,FR,imbalance_price,Long,2026-08-05T12:06:18Z
2026-08-05T12:02:33Z,2026-08-05T14:02:33+0200,a602df8b-e77d-453c-80cb-eeacd1e89d3b,2026-07-21T19:00:00Z,2026-07-21T21:00:00+0200,120.46,EUR/MWh,FR,FR,imbalance_price,Short,2026-08-05T12:06:18Z
2026-08-05T12:02:33Z,2026-08-05T14:02:33+0200,a602df8b-e77d-453c-80cb-eeacd1e89d3b,2026-07-21T19:15:00Z,2026-07-21T21:15:00+0200,173.57,EUR/MWh,FR,FR,imbalance_price,Long,2026-08-05T12:06:18Z
2026-08-05T12:02:33Z,2026-08-05T14:02:33+0200,a602df8b-e77d-453c-80cb-eeacd1e89d3b,2026-07-21T19:15:00Z,2026-07-21T21:15:00+0200,189.93,EUR/MWh,FR,FR,imbalance_price,Short,2026-08-05T12:06:18Z
2026-08-05T12:02:33Z,2026-08-05T14:02:33+0200,a602df8b-e77d-453c-80cb-eeacd1e89d3b,2026-07-21T19:30:00Z,2026-07-21T21:30:00+0200,184.93,EUR/MWh,FR,FR,imbalance_price,Long,2026-08-05T12:06:18Z
2026-08-05T12:02:33Z,2026-08-05T14:02:33+0200,a602df8b-e77d-453c-80cb-eeacd1e89d3b,2026-07-21T19:30:00Z,2026-07-21T21:30:00+0200,202.35,EUR/MWh,FR,FR,imbalance_price,Short,2026-08-05T12:06:18Z
2026-08-05T12:02:33Z,2026-08-05T14:02:33+0200,a602df8b-e77d-453c-80cb-eeacd1e89d3b,2026-07-21T19:45:00Z,2026-07-21T21:45:00+0200,162.27,EUR/MWh,FR,FR,imbalance_price,Long,2026-08-05T12:06:18Z
2026-08-05T12:02:33Z,2026-08-05T14:02:33+0200,a602df8b-e77d-453c-80cb-eeacd1e89d3b,2026-07-21T19:45:00Z,2026-07-21T21:45:00+0200,177.57,EUR/MWh,FR,FR,imbalance_price,Short,2026-08-05T12:06:18Z
2026-08-05T12:02:33Z,2026-08-05T14:02:33+0200,a602df8b-e77d-453c-80cb-eeacd1e89d3b,2026-07-21T20:00:00Z,2026-07-21T22:00:00+0200,151.55,EUR/MWh,FR,FR,imbalance_price,Long,2026-08-05T12:06:18Z
2026-08-05T12:02:33Z,2026-08-05T14:02:33+0200,a602df8b-e77d-453c-80cb-eeacd1e89d3b,2026-07-21T20:00:00Z,2026-07-21T22:00:00+0200,165.83,EUR/MWh,FR,FR,imbalance_price,Short,2026-08-05T12:06:18Z
2026-08-05T12:02:33Z,2026-08-05T14:02:33+0200,a602df8b-e77d-453c-80cb-eeacd1e89d3b,2026-07-21T20:15:00Z,2026-07-21T22:15:00+0200,143.25,EUR/MWh,FR,FR,imbalance_price,Long,2026-08-05T12:06:18Z
2026-08-05T12:02:33Z,2026-08-05T14:02:33+0200,a602df8b-e77d-453c-80cb-eeacd1e89d3b,2026-07-21T20:15:00Z,2026-07-21T22:15:00+0200,156.75,EUR/MWh,FR,FR,imbalance_price,Short,2026-08-05T12:06:18Z
2026-08-05T12:02:33Z,2026-08-05T14:02:33+0200,a602df8b-e77d-453c-80cb-eeacd1e89d3b,2026-07-21T20:30:00Z,2026-07-21T22:30:00+0200,143.57,EUR/MWh,FR,FR,imbalance_price,Long,2026-08-05T12:06:18Z
2026-08-05T12:02:33Z,2026-08-05T14:02:33+0200,a602df8b-e77d-453c-80cb-eeacd1e89d3b,2026-07-21T20:30:00Z,2026-07-21T22:30:00+0200,157.11,EUR/MWh,FR,FR,imbalance_price,Short,2026-08-05T12:06:18Z
2026-08-05T12:02:33Z,2026-08-05T14:02:33+0200,a602df8b-e77d-453c-80cb-eeacd1e89d3b,2026-07-21T20:45:00Z,2026-07-21T22:45:00+0200,11.75,EUR/MWh,FR,FR,imbalance_price,Long,2026-08-05T12:06:18Z
2026-08-05T12:02:33Z,2026-08-05T14:02:33+0200,a602df8b-e77d-453c-80cb-eeacd1e89d3b,2026-07-21T20:45:00Z,2026-07-21T22:45:00+0200,12.85,EUR/MWh,FR,FR,imbalance_price,Short,2026-08-05T12:06:18Z
2026-08-05T12:02:33Z,2026-08-05T14:02:33+0200,a602df8b-e77d-453c-80cb-eeacd1e89d3b,2026-07-21T21:00:00Z,2026-07-21T23:00:00+0200,142.75,EUR/MWh,FR,FR,imbalance_price,Long,2026-08-05T12:06:18Z
2026-08-05T12:02:33Z,2026-08-05T14:02:33+0200,a602df8b-e77d-453c-80cb-eeacd1e89d3b,2026-07-21T21:00:00Z,2026-07-21T23:00:00+0200,156.21,EUR/MWh,FR,FR,imbalance_price,Short,2026-08-05T12:06:18Z
2026-08-05T12:02:33Z,2026-08-05T14:02:33+0200,a602df8b-e77d-453c-80cb-eeacd1e89d3b,2026-07-21T21:15:00Z,2026-07-21T23:15:00+0200,148.45,EUR/MWh,FR,FR,imbalance_price,Long,2026-08-05T12:06:18Z
2026-08-05T12:02:33Z,2026-08-05T14:02:33+0200,a602df8b-e77d-453c-80cb-eeacd1e89d3b,2026-07-21T21:15:00Z,2026-07-21T23:15:00+0200,162.43,EUR/MWh,FR,FR,imbalance_price,Short,2026-08-05T12:06:18Z
2026-08-05T12:02:33Z,2026-08-05T14:02:33+0200,a602df8b-e77d-453c-80cb-eeacd1e89d3b,2026-07-21T21:30:00Z,2026-07-21T23:30:00+0200,11.75,EUR/MWh,FR,FR,imbalance_price,Long,2026-08-05T12:06:18Z
2026-08-05T12:02:33Z,2026-08-05T14:02:33+0200,a602df8b-e77d-453c-80cb-eeacd1e89d3b,2026-07-21T21:30:00Z,2026-07-21T23:30:00+0200,12.85,EUR/MWh,FR,FR,imbalance_price,Short,2026-08-05T12:06:18Z
2026-08-05T12:02:33Z,2026-08-05T14:02:33+0200,a602df8b-e77d-453c-80cb-eeacd1e89d3b,2026-07-21T21:45:00Z,2026-07-21T23:45:00+0200,83.99,EUR/MWh,FR,FR,imbalance_price,Long,2026-08-05T12:06:18Z
2026-08-05T12:02:33Z,2026-08-05T14:02:33+0200,a602df8b-e77d-453c-80cb-eeacd1e89d3b,2026-07-21T21:45:00Z,2026-07-21T23:45:00+0200,91.91,EUR/MWh,FR,FR,imbalance_price,Short,2026-08-05T12:06:18Z
2026-08-05T12:02:33Z,2026-08-05T14:02:33+0200,a602df8b-e77d-453c-80cb-eeacd1e89d3b,2026-07-21T22:00:00Z,2026-07-22T00:00:00+0200,188.33,EUR/MWh,FR,FR,imbalance_price,Long,2026-08-05T12:06:18Z
2026-08-05T12:02:33Z,2026-08-05T14:02:33+0200,a602df8b-e77d-453c-80cb-eeacd1e89d3b,2026-07-21T22:00:00Z,2026-07-22T00:00:00+0200,206.07,EUR/MWh,FR,FR,imbalance_price,Short,2026-08-05T12:06:18Z
2026-08-05T12:02:33Z,2026-08-05T14:02:33+0200,a602df8b-e77d-453c-80cb-eeacd1e89d3b,2026-07-21T22:15:00Z,2026-07-22T00:15:00+0200,188.33,EUR/MWh,FR,FR,imbalance_price,Long,2026-08-05T12:06:18Z
2026-08-05T12:02:33Z,2026-08-05T14:02:33+0200,a602df8b-e77d-453c-80cb-eeacd1e89d3b,2026-07-21T22:15:00Z,2026-07-22T00:15:00+0200,206.07,EUR/MWh,FR,FR,imbalance_price,Short,2026-08-05T12:06:18Z
2026-08-05T12:02:33Z,2026-08-05T14:02:33+0200,a602df8b-e77d-453c-80cb-eeacd1e89d3b,2026-07-21T22:30:00Z,2026-07-22T00:30:00+0200,188.33,EUR/MWh,FR,FR,imbalance_price,Long,2026-08-05T12:06:18Z
2026-08-05T12:02:33Z,2026-08-05T14:02:33+0200,a602df8b-e77d-453c-80cb-eeacd1e89d3b,2026-07-21T22:30:00Z,2026-07-22T00:30:00+0200,206.07,EUR/MWh,FR,FR,imbalance_price,Short,2026-08-05T12:06:18Z
2026-08-05T12:02:33Z,2026-08-05T14:02:33+0200,a602df8b-e77d-453c-80cb-eeacd1e89d3b,2026-07-21T22:45:00Z,2026-07-22T00:45:00+0200,109.57,EUR/MWh,FR,FR,imbalance_price,Long,2026-08-05T12:06:18Z
2026-08-05T12:02:33Z,2026-08-05T14:02:33+0200,a602df8b-e77d-453c-80cb-eeacd1e89d3b,2026-07-21T22:45:00Z,2026-07-22T00:45:00+0200,119.89,EUR/MWh,FR,FR,imbalance_price,Short,2026-08-05T12:06:18Z
2026-08-05T12:02:33Z,2026-08-05T14:02:33+0200,a602df8b-e77d-453c-80cb-eeacd1e89d3b,2026-07-21T23:00:00Z,2026-07-22T01:00:00+0200,113.1,EUR/MWh,FR,FR,imbalance_price,Long,2026-08-05T12:06:18Z
2026-08-05T12:02:33Z,2026-08-05T14:02:33+0200,a602df8b-e77d-453c-80cb-eeacd1e89d3b,2026-07-21T23:00:00Z,2026-07-22T01:00:00+0200,123.76,EUR/MWh,FR,FR,imbalance_price,Short,2026-08-05T12:06:18Z
2026-08-05T12:02:33Z,2026-08-05T14:02:33+0200,a602df8b-e77d-453c-80cb-eeacd1e89d3b,2026-07-21T23:15:00Z,2026-07-22T01:15:00+0200,115.96,EUR/MWh,FR,FR,imbalance_price,Long,2026-08-05T12:06:18Z
2026-08-05T12:02:33Z,2026-08-05T14:02:33+0200,a602df8b-e77d-453c-80cb-eeacd1e89d3b,2026-07-21T23:15:00Z,2026-07-22T01:15:00+0200,126.88,EUR/MWh,FR,FR,imbalance_price,Short,2026-08-05T12:06:18Z
2026-08-05T12:02:33Z,2026-08-05T14:02:33+0200,a602df8b-e77d-453c-80cb-eeacd1e89d3b,2026-07-21T23:30:00Z,2026-07-22T01:30:00+0200,142.88,EUR/MWh,FR,FR,imbalance_price,Long,2026-08-05T12:06:18Z
2026-08-05T12:02:33Z,2026-08-05T14:02:33+0200,a602df8b-e77d-453c-80cb-eeacd1e89d3b,2026-07-21T23:30:00Z,2026-07-22T01:30:00+0200,156.34,EUR/MWh,FR,FR,imbalance_price,Short,2026-08-05T12:06:18Z
2026-08-05T12:02:33Z,2026-08-05T14:02:33+0200,a602df8b-e77d-453c-80cb-eeacd1e89d3b,2026-07-21T23:45:00Z,2026-07-22T01:45:00+0200,115.87,EUR/MWh,FR,FR,imbalance_price,Long,2026-08-05T12:06:18Z
2026-08-05T12:02:33Z,2026-08-05T14:02:33+0200,a602df8b-e77d-453c-80cb-eeacd1e89d3b,2026-07-21T23:45:00Z,2026-07-22T01:45:00+0200,126.79,EUR/MWh,FR,FR,imbalance_price,Short,2026-08-05T12:06:18Z
2026-08-05T12:02:33Z,2026-08-05T14:02:33+0200,a602df8b-e77d-453c-80cb-eeacd1e89d3b,2026-07-22T00:00:00Z,2026-07-22T02:00:00+0200,94.87,EUR/MWh,FR,FR,imbalance_price,Long,2026-08-05T12:06:18Z
2026-08-05T12:02:33Z,2026-08-05T14:02:33+0200,a602df8b-e77d-453c-80cb-eeacd1e89d3b,2026-07-22T00:00:00Z,2026-07-22T02:00:00+0200,103.81,EUR/MWh,FR,FR,imbalance_price,Short,2026-08-05T12:06:18Z
2026-08-05T12:02:33Z,2026-08-05T14:02:33+0200,a602df8b-e77d-453c-80cb-eeacd1e89d3b,2026-07-22T00:15:00Z,2026-07-22T02:15:00+0200,149.05,EUR/MWh,FR,FR,imbalance_price,Long,2026-08-05T12:06:18Z
2026-08-05T12:02:33Z,2026-08-05T14:02:33+0200,a602df8b-e77d-453c-80cb-eeacd1e89d3b,2026-07-22T00:15:00Z,2026-07-22T02:15:00+0200,163.09,EUR/MWh,FR,FR,imbalance_price,Short,2026-08-05T12:06:18Z
2026-08-05T12:02:33Z,2026-08-05T14:02:33+0200,a602df8b-e77d-453c-80cb-eeacd1e89d3b,2026-07-22T00:30:00Z,2026-07-22T02:30:00+0200,183.71,EUR/MWh,FR,FR,imbalance_price,Long,2026-08-05T12:06:18Z
2026-08-05T12:02:33Z,2026-08-05T14:02:33+0200,a602df8b-e77d-453c-80cb-eeacd1e89d3b,2026-07-22T00:30:00Z,2026-07-22T02:30:00+0200,201.03,EUR/MWh,FR,FR,imbalance_price,Short,2026-08-05T12:06:18Z
2026-08-05T12:02:33Z,2026-08-05T14:02:33+0200,a602df8b-e77d-453c-80cb-eeacd1e89d3b,2026-07-22T00:45:00Z,2026-07-22T02:45:00+0200,181.03,EUR/MWh,FR,FR,imbalance_price,Long,2026-08-05T12:06:18Z
2026-08-05T12:02:33Z,2026-08-05T14:02:33+0200,a602df8b-e77d-453c-80cb-eeacd1e89d3b,2026-07-22T00:45:00Z,2026-07-22T02:45:00+0200,198.09,EUR/MWh,FR,FR,imbalance_price,Short,2026-08-05T12:06:18Z
2026-08-05T12:02:33Z,2026-08-05T14:02:33+0200,a602df8b-e77d-453c-80cb-eeacd1e89d3b,2026-07-22T01:00:00Z,2026-07-22T03:00:00+0200,171.55,EUR/MWh,FR,FR,imbalance_price,Long,2026-08-05T12:06:18Z
2026-08-05T12:02:33Z,2026-08-05T14:02:33+0200,a602df8b-e77d-453c-80cb-eeacd1e89d3b,2026-07-22T01:00:00Z,2026-07-22T03:00:00+0200,187.71,EUR/MWh,FR,FR,imbalance_price,Short,2026-08-05T12:06:18Z
2026-08-05T12:02:33Z,2026-08-05T14:02:33+0200,a602df8b-e77d-453c-80cb-eeacd1e89d3b,2026-07-22T01:15:00Z,2026-07-22T03:15:00+0200,171.83,EUR/MWh,FR,FR,imbalance_price,Long,2026-08-05T12:06:18Z
2026-08-05T12:02:33Z,2026-08-05T14:02:33+0200,a602df8b-e77d-453c-80cb-eeacd1e89d3b,2026-07-22T01:15:00Z,2026-07-22T03:15:00+0200,188.03,EUR/MWh,FR,FR,imbalance_price,Short,2026-08-05T12:06:18Z
2026-08-05T12:02:33Z,2026-08-05T14:02:33+0200,a602df8b-e77d-453c-80cb-eeacd1e89d3b,2026-07-22T01:30:00Z,2026-07-22T03:30:00+0200,175.45,EUR/MWh,FR,FR,imbalance_price,Long,2026-08-05T12:06:18Z
2026-08-05T12:02:33Z,2026-08-05T14:02:33+0200,a602df8b-e77d-453c-80cb-eeacd1e89d3b,2026-07-22T01:30:00Z,2026-07-22T03:30:00+0200,191.99,EUR/MWh,FR,FR,imbalance_price,Short,2026-08-05T12:06:18Z
2026-08-05T12:02:33Z,2026-08-05T14:02:33+0200,a602df8b-e77d-453c-80cb-eeacd1e89d3b,2026-07-22T01:45:00Z,2026-07-22T03:45:00+0200,172.58,EUR/MWh,FR,FR,imbalance_price,Long,2026-08-05T12:06:18Z
2026-08-05T12:02:33Z,2026-08-05T14:02:33+0200,a602df8b-e77d-453c-80cb-eeacd1e89d3b,2026-07-22T01:45:00Z,2026-07-22T03:45:00+0200,188.84,EUR/MWh,FR,FR,imbalance_price,Short,2026-08-05T12:06:18Z
2026-08-05T12:02:33Z,2026-08-05T14:02:33+0200,a602df8b-e77d-453c-80cb-eeacd1e89d3b,2026-07-22T02:00:00Z,2026-07-22T04:00:00+0200,179.0,EUR/MWh,FR,FR,imbalance_price,Long,2026-08-05T12:06:18Z
2026-08-05T12:02:33Z,2026-08-05T14:02:33+0200,a602df8b-e77d-453c-80cb-eeacd1e89d3b,2026-07-22T02:00:00Z,2026-07-22T04:00:00+0200,195.86,EUR/MWh,FR,FR,imbalance_price,Short,2026-08-05T12:06:18Z
2026-08-05T12:02:33Z,2026-08-05T14:02:33+0200,a602df8b-e77d-453c-80cb-eeacd1e89d3b,2026-07-22T02:15:00Z,2026-07-22T04:15:00+0200,179.3,EUR/MWh,FR,FR,imbalance_price,Long,2026-08-05T12:06:18Z
2026-08-05T12:02:33Z,2026-08-05T14:02:33+0200,a602df8b-e77d-453c-80cb-eeacd1e89d3b,2026-07-22T02:15:00Z,2026-07-22T04:15:00+0200,196.2,EUR/MWh,FR,FR,imbalance_price,Short,2026-08-05T12:06:18Z
2026-08-05T12:02:33Z,2026-08-05T14:02:33+0200,a602df8b-e77d-453c-80cb-eeacd1e89d3b,2026-07-22T02:30:00Z,2026-07-22T04:30:00+0200,175.88,EUR/MWh,FR,FR,imbalance_price,Long,2026-08-05T12:06:18Z
2026-08-05T12:02:33Z,2026-08-05T14:02:33+0200,a602df8b-e77d-453c-80cb-eeacd1e89d3b,2026-07-22T02:30:00Z,2026-07-22T04:30:00+0200,192.46,EUR/MWh,FR,FR,imbalance_price,Short,2026-08-05T12:06:18Z
2026-08-05T12:02:33Z,2026-08-05T14:02:33+0200,a602df8b-e77d-453c-80cb-eeacd1e89d3b,2026-07-22T02:45:00Z,2026-07-22T04:45:00+0200,170.18,EUR/MWh,FR,FR,imbalance_price,Long,2026-08-05T12:06:18Z
2026-08-05T12:02:33Z,2026-08-05T14:02:33+0200,a602df8b-e77d-453c-80cb-eeacd1e89d3b,2026-07-22T02:45:00Z,2026-07-22T04:45:00+0200,186.22,EUR/MWh,FR,FR,imbalance_price,Short,2026-08-05T12:06:18Z
2026-08-05T12:02:33Z,2026-08-05T14:02:33+0200,a602df8b-e77d-453c-80cb-eeacd1e89d3b,2026-07-22T03:00:00Z,2026-07-22T05:00:00+0200,182.0,EUR/MWh,FR,FR,imbalance_price,Long,2026-08-05T12:06:18Z
2026-08-05T12:02:33Z,2026-08-05T14:02:33+0200,a602df8b-e77d-453c-80cb-eeacd1e89d3b,2026-07-22T03:00:00Z,2026-07-22T05:00:00+0200,199.16,EUR/MWh,FR,FR,imbalance_price,Short,2026-08-05T12:06:18Z
2026-08-05T12:02:33Z,2026-08-05T14:02:33+0200,a602df8b-e77d-453c-80cb-eeacd1e89d3b,2026-07-22T03:15:00Z,2026-07-22T05:15:00+0200,178.5,EUR/MWh,FR,FR,imbalance_price,Long,2026-08-05T12:06:18Z
2026-08-05T12:02:33Z,2026-08-05T14:02:33+0200,a602df8b-e77d-453c-80cb-eeacd1e89d3b,2026-07-22T03:15:00Z,2026-07-22T05:15:00+0200,195.32,EUR/MWh,FR,FR,imbalance_price,Short,2026-08-05T12:06:18Z
2026-08-05T12:02:33Z,2026-08-05T14:02:33+0200,a602df8b-e77d-453c-80cb-eeacd1e89d3b,2026-07-22T03:30:00Z,2026-07-22T05:30:00+0200,182.69,EUR/MWh,FR,FR,imbalance_price,Long,2026-08-05T12:06:18Z
2026-08-05T12:02:33Z,2026-08-05T14:02:33+0200,a602df8b-e77d-453c-80cb-eeacd1e89d3b,2026-07-22T03:30:00Z,2026-07-22T05:30:00+0200,199.91,EUR/MWh,FR,FR,imbalance_price,Short,2026-08-05T12:06:18Z
2026-08-05T12:02:33Z,2026-08-05T14:02:33+0200,a602df8b-e77d-453c-80cb-eeacd1e89d3b,2026-07-22T03:45:00Z,2026-07-22T05:45:00+0200,182.69,EUR/MWh,FR,FR,imbalance_price,Long,2026-08-05T12:06:18Z
2026-08-05T12:02:33Z,2026-08-05T14:02:33+0200,a602df8b-e77d-453c-80cb-eeacd1e89d3b,2026-07-22T03:45:00Z,2026-07-22T05:45:00+0200,199.91,EUR/MWh,FR,FR,imbalance_price,Short,2026-08-05T12:06:18Z
2026-08-05T12:02:33Z,2026-08-05T14:02:33+0200,a602df8b-e77d-453c-80cb-eeacd1e89d3b,2026-07-22T04:00:00Z,2026-07-22T06:00:00+0200,180.05,EUR/MWh,FR,FR,imbalance_price,Long,2026-08-05T12:06:18Z
2026-08-05T12:02:33Z,2026-08-05T14:02:33+0200,a602df8b-e77d-453c-80cb-eeacd1e89d3b,2026-07-22T04:00:00Z,2026-07-22T06:00:00+0200,197.01,EUR/MWh,FR,FR,imbalance_price,Short,2026-08-05T12:06:18Z
2026-08-05T12:02:33Z,2026-08-05T14:02:33+0200,a602df8b-e77d-453c-80cb-eeacd1e89d3b,2026-07-22T04:15:00Z,2026-07-22T06:15:00+0200,171.83,EUR/MWh,FR,FR,imbalance_price,Long,2026-08-05T12:06:18Z
2026-08-05T12:02:33Z,2026-08-05T14:02:33+0200,a602df8b-e77d-453c-80cb-eeacd1e89d3b,2026-07-22T04:15:00Z,2026-07-22T06:15:00+0200,188.03,EUR/MWh,FR,FR,imbalance_price,Short,2026-08-05T12:06:18Z
2026-08-05T12:02:33Z,2026-08-05T14:02:33+0200,a602df8b-e77d-453c-80cb-eeacd1e89d3b,2026-07-22T04:30:00Z,2026-07-22T06:30:00+0200,173.75,EUR/MWh,FR,FR,imbalance_price,Long,2026-08-05T12:06:18Z
2026-08-05T12:02:33Z,2026-08-05T14:02:33+0200,a602df8b-e77d-453c-80cb-eeacd1e89d3b,2026-07-22T04:30:00Z,2026-07-22T06:30:00+0200,190.13,EUR/MWh,FR,FR,imbalance_price,Short,2026-08-05T12:06:18Z
2026-08-05T12:02:33Z,2026-08-05T14:02:33+0200,a602df8b-e77d-453c-80cb-eeacd1e89d3b,2026-07-22T04:45:00Z,2026-07-22T06:45:00+0200,178.37,EUR/MWh,FR,FR,imbalance_price,Long,2026-08-05T12:06:18Z
2026-08-05T12:02:33Z,2026-08-05T14:02:33+0200,a602df8b-e77d-453c-80cb-eeacd1e89d3b,2026-07-22T04:45:00Z,2026-07-22T06:45:00+0200,195.19,EUR/MWh,FR,FR,imbalance_price,Short,2026-08-05T12:06:18Z
2026-08-05T12:02:33Z,2026-08-05T14:02:33+0200,a602df8b-e77d-453c-80cb-eeacd1e89d3b,2026-07-22T05:00:00Z,2026-07-22T07:00:00+0200,181.98,EUR/MWh,FR,FR,imbalance_price,Long,2026-08-05T12:06:18Z
2026-08-05T12:02:33Z,2026-08-05T14:02:33+0200,a602df8b-e77d-453c-80cb-eeacd1e89d3b,2026-07-22T05:00:00Z,2026-07-22T07:00:00+0200,199.12,EUR/MWh,FR,FR,imbalance_price,Short,2026-08-05T12:06:18Z
2026-08-05T12:02:33Z,2026-08-05T14:02:33+0200,a602df8b-e77d-453c-80cb-eeacd1e89d3b,2026-07-22T05:15:00Z,2026-07-22T07:15:00+0200,173.25,EUR/MWh,FR,FR,imbalance_price,Long,2026-08-05T12:06:18Z
2026-08-05T12:02:33Z,2026-08-05T14:02:33+0200,a602df8b-e77d-453c-80cb-eeacd1e89d3b,2026-07-22T05:15:00Z,2026-07-22T07:15:00+0200,189.57,EUR/MWh,FR,FR,imbalance_price,Short,2026-08-05T12:06:18Z
2026-08-05T12:02:33Z,2026-08-05T14:02:33+0200,a602df8b-e77d-453c-80cb-eeacd1e89d3b,2026-07-22T05:30:00Z,2026-07-22T07:30:00+0200,175.53,EUR/MWh,FR,FR,imbalance_price,Long,2026-08-05T12:06:18Z
2026-08-05T12:02:33Z,2026-08-05T14:02:33+0200,a602df8b-e77d-453c-80cb-eeacd1e89d3b,2026-07-22T05:30:00Z,2026-07-22T07:30:00+0200,192.07,EUR/MWh,FR,FR,imbalance_price,Short,2026-08-05T12:06:18Z
2026-08-05T12:02:33Z,2026-08-05T14:02:33+0200,a602df8b-e77d-453c-80cb-eeacd1e89d3b,2026-07-22T05:45:00Z,2026-07-22T07:45:00+0200,179.69,EUR/MWh,FR,FR,imbalance_price,Long,2026-08-05T12:06:18Z
2026-08-05T12:02:33Z,2026-08-05T14:02:33+0200,a602df8b-e77d-453c-80cb-eeacd1e89d3b,2026-07-22T05:45:00Z,2026-07-22T07:45:00+0200,196.63,EUR/MWh,FR,FR,imbalance_price,Short,2026-08-05T12:06:18Z
2026-08-05T12:02:33Z,2026-08-05T14:02:33+0200,a602df8b-e77d-453c-80cb-eeacd1e89d3b,2026-07-22T06:00:00Z,2026-07-22T08:00:00+0200,172.5,EUR/MWh,FR,FR,imbalance_price,Long,2026-08-05T12:06:18Z
2026-08-05T12:02:33Z,2026-08-05T14:02:33+0200,a602df8b-e77d-453c-80cb-eeacd1e89d3b,2026-07-22T06:00:00Z,2026-07-22T08:00:00+0200,188.76,EUR/MWh,FR,FR,imbalance_price,Short,2026-08-05T12:06:18Z
2026-08-05T12:02:33Z,2026-08-05T14:02:33+0200,a602df8b-e77d-453c-80cb-eeacd1e89d3b,2026-07-22T06:15:00Z,2026-07-22T08:15:00+0200,174.18,EUR/MWh,FR,FR,imbalance_price,Long,2026-08-05T12:06:18Z
2026-08-05T12:02:33Z,2026-08-05T14:02:33+0200,a602df8b-e77d-453c-80cb-eeacd1e89d3b,2026-07-22T06:15:00Z,2026-07-22T08:15:00+0200,190.6,EUR/MWh,FR,FR,imbalance_price,Short,2026-08-05T12:06:18Z
2026-08-05T12:02:33Z,2026-08-05T14:02:33+0200,a602df8b-e77d-453c-80cb-eeacd1e89d3b,2026-07-22T06:30:00Z,2026-07-22T08:30:00+0200,152.44,EUR/MWh,FR,FR,imbalance_price,Long,2026-08-05T12:06:18Z
2026-08-05T12:02:33Z,2026-08-05T14:02:33+0200,a602df8b-e77d-453c-80cb-eeacd1e89d3b,2026-07-22T06:30:00Z,2026-07-22T08:30:00+0200,166.8,EUR/MWh,FR,FR,imbalance_price,Short,2026-08-05T12:06:18Z
2026-08-05T12:02:33Z,2026-08-05T14:02:33+0200,a602df8b-e77d-453c-80cb-eeacd1e89d3b,2026-07-22T06:45:00Z,2026-07-22T08:45:00+0200,161.48,EUR/MWh,FR,FR,imbalance_price,Long,2026-08-05T12:06:18Z
2026-08-05T12:02:33Z,2026-08-05T14:02:33+0200,a602df8b-e77d-453c-80cb-eeacd1e89d3b,2026-07-22T06:45:00Z,2026-07-22T08:45:00+0200,176.7,EUR/MWh,FR,FR,imbalance_price,Short,2026-08-05T12:06:18Z
2026-08-05T12:02:33Z,2026-08-05T14:02:33+0200,a602df8b-e77d-453c-80cb-eeacd1e89d3b,2026-07-22T07:00:00Z,2026-07-22T09:00:00+0200,154.63,EUR/MWh,FR,FR,imbalance_price,Long,2026-08-05T12:06:18Z
2026-08-05T12:02:33Z,2026-08-05T14:02:33+0200,a602df8b-e77d-453c-80cb-eeacd1e89d3b,2026-07-22T07:00:00Z,2026-07-22T09:00:00+0200,169.21,EUR/MWh,FR,FR,imbalance_price,Short,2026-08-05T12:06:18Z
2026-08-05T12:02:33Z,2026-08-05T14:02:33+0200,a602df8b-e77d-453c-80cb-eeacd1e89d3b,2026-07-22T07:15:00Z,2026-07-22T09:15:00+0200,182.03,EUR/MWh,FR,FR,imbalance_price,Long,2026-08-05T12:06:18Z
2026-08-05T12:02:33Z,2026-08-05T14:02:33+0200,a602df8b-e77d-453c-80cb-eeacd1e89d3b,2026-07-22T07:15:00Z,2026-07-22T09:15:00+0200,199.19,EUR/MWh,FR,FR,imbalance_price,Short,2026-08-05T12:06:18Z
2026-08-05T12:02:33Z,2026-08-05T14:02:33+0200,a602df8b-e77d-453c-80cb-eeacd1e89d3b,2026-07-22T07:30:00Z,2026-07-22T09:30:00+0200,186.55,EUR/MWh,FR,FR,imbalance_price,Long,2026-08-05T12:06:18Z
2026-08-05T12:02:33Z,2026-08-05T14:02:33+0200,a602df8b-e77d-453c-80cb-eeacd1e89d3b,2026-07-22T07:30:00Z,2026-07-22T09:30:00+0200,204.13,EUR/MWh,FR,FR,imbalance_price,Short,2026-08-05T12:06:18Z
2026-08-05T12:02:33Z,2026-08-05T14:02:33+0200,a602df8b-e77d-453c-80cb-eeacd1e89d3b,2026-07-22T07:45:00Z,2026-07-22T09:45:00+0200,187.07,EUR/MWh,FR,FR,imbalance_price,Long,2026-08-05T12:06:18Z
2026-08-05T12:02:33Z,2026-08-05T14:02:33+0200,a602df8b-e77d-453c-80cb-eeacd1e89d3b,2026-07-22T07:45:00Z,2026-07-22T09:45:00+0200,204.71,EUR/MWh,FR,FR,imbalance_price,Short,2026-08-05T12:06:18Z
2026-08-05T12:02:33Z,2026-08-05T14:02:33+0200,a602df8b-e77d-453c-80cb-eeacd1e89d3b,2026-07-22T08:00:00Z,2026-07-22T10:00:00+0200,183.5,EUR/MWh,FR,FR,imbalance_price,Long,2026-08-05T12:06:18Z
2026-08-05T12:02:33Z,2026-08-05T14:02:33+0200,a602df8b-e77d-453c-80cb-eeacd1e89d3b,2026-07-22T08:00:00Z,2026-07-22T10:00:00+0200,200.8,EUR/MWh,FR,FR,imbalance_price,Short,2026-08-05T12:06:18Z
2026-08-05T12:02:33Z,2026-08-05T14:02:33+0200,a602df8b-e77d-453c-80cb-eeacd1e89d3b,2026-07-22T08:15:00Z,2026-07-22T10:15:00+0200,157.57,EUR/MWh,FR,FR,imbalance_price,Long,2026-08-05T12:06:18Z
2026-08-05T12:02:33Z,2026-08-05T14:02:33+0200,a602df8b-e77d-453c-80cb-eeacd1e89d3b,2026-07-22T08:15:00Z,2026-07-22T10:15:00+0200,172.41,EUR/MWh,FR,FR,imbalance_price,Short,2026-08-05T12:06:18Z
2026-08-05T12:02:33Z,2026-08-05T14:02:33+0200,a602df8b-e77d-453c-80cb-eeacd1e89d3b,2026-07-22T08:30:00Z,2026-07-22T10:30:00+0200,185.89,EUR/MWh,FR,FR,imbalance_price,Long,2026-08-05T12:06:18Z
2026-08-05T12:02:33Z,2026-08-05T14:02:33+0200,a602df8b-e77d-453c-80cb-eeacd1e89d3b,2026-07-22T08:30:00Z,2026-07-22T10:30:00+0200,203.41,EUR/MWh,FR,FR,imbalance_price,Short,2026-08-05T12:06:18Z
2026-08-05T12:02:33Z,2026-08-05T14:02:33+0200,a602df8b-e77d-453c-80cb-eeacd1e89d3b,2026-07-22T08:45:00Z,2026-07-22T10:45:00+0200,45.55,EUR/MWh,FR,FR,imbalance_price,Long,2026-08-05T12:06:18Z
2026-08-05T12:02:33Z,2026-08-05T14:02:33+0200,a602df8b-e77d-453c-80cb-eeacd1e89d3b,2026-07-22T08:45:00Z,2026-07-22T10:45:00+0200,49.85,EUR/MWh,FR,FR,imbalance_price,Short,2026-08-05T12:06:18Z
2026-08-05T12:02:33Z,2026-08-05T14:02:33+0200,a602df8b-e77d-453c-80cb-eeacd1e89d3b,2026-07-22T09:00:00Z,2026-07-22T11:00:00+0200,104.59,EUR/MWh,FR,FR,imbalance_price,Long,2026-08-05T12:06:18Z
2026-08-05T12:02:33Z,2026-08-05T14:02:33+0200,a602df8b-e77d-453c-80cb-eeacd1e89d3b,2026-07-22T09:00:00Z,2026-07-22T11:00:00+0200,114.45,EUR/MWh,FR,FR,imbalance_price,Short,2026-08-05T12:06:18Z
2026-08-05T12:02:33Z,2026-08-05T14:02:33+0200,a602df8b-e77d-453c-80cb-eeacd1e89d3b,2026-07-22T09:15:00Z,2026-07-22T11:15:00+0200,104.31,EUR/MWh,FR,FR,imbalance_price,Long,2026-08-05T12:06:18Z
2026-08-05T12:02:33Z,2026-08-05T14:02:33+0200,a602df8b-e77d-453c-80cb-eeacd1e89d3b,2026-07-22T09:15:00Z,2026-07-22T11:15:00+0200,114.13,EUR/MWh,FR,FR,imbalance_price,Short,2026-08-05T12:06:18Z
2026-08-05T12:02:33Z,2026-08-05T14:02:33+0200,a602df8b-e77d-453c-80cb-eeacd1e89d3b,2026-07-22T09:30:00Z,2026-07-22T11:30:00+0200,39.85,EUR/MWh,FR,FR,imbalance_price,Long,2026-08-05T12:06:18Z
2026-08-05T12:02:33Z,2026-08-05T14:02:33+0200,a602df8b-e77d-453c-80cb-eeacd1e89d3b,2026-07-22T09:30:00Z,2026-07-22T11:30:00+0200,43.61,EUR/MWh,FR,FR,imbalance_price,Short,2026-08-05T12:06:18Z
2026-08-05T12:02:33Z,2026-08-05T14:02:33+0200,a602df8b-e77d-453c-80cb-eeacd1e89d3b,2026-07-22T09:45:00Z,2026-07-22T11:45:00+0200,44.19,EUR/MWh,FR,FR,imbalance_price,Long,2026-08-05T12:06:18Z
2026-08-05T12:02:33Z,2026-08-05T14:02:33+0200,a602df8b-e77d-453c-80cb-eeacd1e89d3b,2026-07-22T09:45:00Z,2026-07-22T11:45:00+0200,48.35,EUR/MWh,FR,FR,imbalance_price,Short,2026-08-05T12:06:18Z
2026-08-05T12:02:33Z,2026-08-05T14:02:33+0200,a602df8b-e77d-453c-80cb-eeacd1e89d3b,2026-07-22T10:00:00Z,2026-07-22T12:00:00+0200,-245.61,EUR/MWh,FR,FR,imbalance_price,Long,2026-08-05T12:06:18Z
2026-08-05T12:02:33Z,2026-08-05T14:02:33+0200,a602df8b-e77d-453c-80cb-eeacd1e89d3b,2026-07-22T10:00:00Z,2026-07-22T12:00:00+0200,-224.45,EUR/MWh,FR,FR,imbalance_price,Short,2026-08-05T12:06:18Z
2026-08-05T12:02:33Z,2026-08-05T14:02:33+0200,a602df8b-e77d-453c-80cb-eeacd1e89d3b,2026-07-22T10:15:00Z,2026-07-22T12:15:00+0200,-48.47,EUR/MWh,FR,FR,imbalance_price,Long,2026-08-05T12:06:18Z
2026-08-05T12:02:33Z,2026-08-05T14:02:33+0200,a602df8b-e77d-453c-80cb-eeacd1e89d3b,2026-07-22T10:15:00Z,2026-07-22T12:15:00+0200,-44.29,EUR/MWh,FR,FR,imbalance_price,Short,2026-08-05T12:06:18Z
2026-08-05T12:02:33Z,2026-08-05T14:02:33+0200,a602df8b-e77d-453c-80cb-eeacd1e89d3b,2026-07-22T10:30:00Z,2026-07-22T12:30:00+0200,-48.47,EUR/MWh,FR,FR,imbalance_price,Long,2026-08-05T12:06:18Z
2026-08-05T12:02:33Z,2026-08-05T14:02:33+0200,a602df8b-e77d-453c-80cb-eeacd1e89d3b,2026-07-22T10:30:00Z,2026-07-22T12:30:00+0200,-44.29,EUR/MWh,FR,FR,imbalance_price,Short,2026-08-05T12:06:18Z
2026-08-05T12:02:33Z,2026-08-05T14:02:33+0200,a602df8b-e77d-453c-80cb-eeacd1e89d3b,2026-07-22T10:45:00Z,2026-07-22T12:45:00+0200,-48.47,EUR/MWh,FR,FR,imbalance_price,Long,2026-08-05T12:06:18Z
2026-08-05T12:02:33Z,2026-08-05T14:02:33+0200,a602df8b-e77d-453c-80cb-eeacd1e89d3b,2026-07-22T10:45:00Z,2026-07-22T12:45:00+0200,-44.29,EUR/MWh,FR,FR,imbalance_price,Short,2026-08-05T12:06:18Z
2026-08-05T12:02:33Z,2026-08-05T14:02:33+0200,a602df8b-e77d-453c-80cb-eeacd1e89d3b,2026-07-22T11:00:00Z,2026-07-22T13:00:00+0200,-48.47,EUR/MWh,FR,FR,imbalance_price,Long,2026-08-05T12:06:18Z
2026-08-05T12:02:33Z,2026-08-05T14:02:33+0200,a602df8b-e77d-453c-80cb-eeacd1e89d3b,2026-07-22T11:00:00Z,2026-07-22T13:00:00+0200,-44.29,EUR/MWh,FR,FR,imbalance_price,Short,2026-08-05T12:06:18Z
2026-08-05T12:02:33Z,2026-08-05T14:02:33+0200,a602df8b-e77d-453c-80cb-eeacd1e89d3b,2026-07-22T11:15:00Z,2026-07-22T13:15:00+0200,-48.47,EUR/MWh,FR,FR,imbalance_price,Long,2026-08-05T12:06:18Z
2026-08-05T12:02:33Z,2026-08-05T14:02:33+0200,a602df8b-e77d-453c-80cb-eeacd1e89d3b,2026-07-22T11:15:00Z,2026-07-22T13:15:00+0200,-44.29,EUR/MWh,FR,FR,imbalance_price,Short,2026-08-05T12:06:18Z
2026-08-05T12:02:33Z,2026-08-05T14:02:33+0200,a602df8b-e77d-453c-80cb-eeacd1e89d3b,2026-07-22T11:30:00Z,2026-07-22T13:30:00+0200,-160.65,EUR/MWh,FR,FR,imbalance_price,Long,2026-08-05T12:06:18Z
2026-08-05T12:02:33Z,2026-08-05T14:02:33+0200,a602df8b-e77d-453c-80cb-eeacd1e89d3b,2026-07-22T11:30:00Z,2026-07-22T13:30:00+0200,-146.81,EUR/MWh,FR,FR,imbalance_price,Short,2026-08-05T12:06:18Z
2026-08-05T12:02:33Z,2026-08-05T14:02:33+0200,a602df8b-e77d-453c-80cb-eeacd1e89d3b,2026-07-22T11:45:00Z,2026-07-22T13:45:00+0200,-104.42,EUR/MWh,FR,FR,imbalance_price,Long,2026-08-05T12:06:18Z
2026-08-05T12:02:33Z,2026-08-05T14:02:33+0200,a602df8b-e77d-453c-80cb-eeacd1e89d3b,2026-07-22T11:45:00Z,2026-07-22T13:45:00+0200,-95.42,EUR/MWh,FR,FR,imbalance_price,Short,2026-08-05T12:06:18Z
2026-08-05T12:02:33Z,2026-08-05T14:02:33+0200,a602df8b-e77d-453c-80cb-eeacd1e89d3b,2026-07-22T12:00:00Z,2026-07-22T14:00:00+0200,21.6,EUR/MWh,FR,FR,imbalance_price,Long,2026-08-05T12:06:18Z
2026-08-05T12:02:33Z,2026-08-05T14:02:33+0200,a602df8b-e77d-453c-80cb-eeacd1e89d3b,2026-07-22T12:00:00Z,2026-07-22T14:00:00+0200,23.64,EUR/MWh,FR,FR,imbalance_price,Short,2026-08-05T12:06:18Z
2026-08-05T12:02:33Z,2026-08-05T14:02:33+0200,a602df8b-e77d-453c-80cb-eeacd1e89d3b,2026-07-22T12:15:00Z,2026-07-22T14:15:00+0200,18.25,EUR/MWh,FR,FR,imbalance_price,Long,2026-08-05T12:06:18Z
2026-08-05T12:02:33Z,2026-08-05T14:02:33+0200,a602df8b-e77d-453c-80cb-eeacd1e89d3b,2026-07-22T12:15:00Z,2026-07-22T14:15:00+0200,19.97,EUR/MWh,FR,FR,imbalance_price,Short,2026-08-05T12:06:18Z
2026-08-05T12:02:33Z,2026-08-05T14:02:33+0200,a602df8b-e77d-453c-80cb-eeacd1e89d3b,2026-07-22T12:30:00Z,2026-07-22T14:30:00+0200,34.36,EUR/MWh,FR,FR,imbalance_price,Long,2026-08-05T12:06:18Z
2026-08-05T12:02:33Z,2026-08-05T14:02:33+0200,a602df8b-e77d-453c-80cb-eeacd1e89d3b,2026-07-22T12:30:00Z,2026-07-22T14:30:00+0200,37.6,EUR/MWh,FR,FR,imbalance_price,Short,2026-08-05T12:06:18Z
2026-08-05T12:02:33Z,2026-08-05T14:02:33+0200,a602df8b-e77d-453c-80cb-eeacd1e89d3b,2026-07-22T12:45:00Z,2026-07-22T14:45:00+0200,-48.47,EUR/MWh,FR,FR,imbalance_price,Long,2026-08-05T12:06:18Z
2026-08-05T12:02:33Z,2026-08-05T14:02:33+0200,a602df8b-e77d-453c-80cb-eeacd1e89d3b,2026-07-22T12:45:00Z,2026-07-22T14:45:00+0200,-44.29,EUR/MWh,FR,FR,imbalance_price,Short,2026-08-05T12:06:18Z
2026-08-05T12:02:33Z,2026-08-05T14:02:33+0200,a602df8b-e77d-453c-80cb-eeacd1e89d3b,2026-07-22T13:00:00Z,2026-07-22T15:00:00+0200,-48.52,EUR/MWh,FR,FR,imbalance_price,Long,2026-08-05T12:06:18Z
2026-08-05T12:02:33Z,2026-08-05T14:02:33+0200,a602df8b-e77d-453c-80cb-eeacd1e89d3b,2026-07-22T13:00:00Z,2026-07-22T15:00:00+0200,-44.34,EUR/MWh,FR,FR,imbalance_price,Short,2026-08-05T12:06:18Z
2026-08-05T12:02:33Z,2026-08-05T14:02:33+0200,a602df8b-e77d-453c-80cb-eeacd1e89d3b,2026-07-22T13:15:00Z,2026-07-22T15:15:00+0200,-48.47,EUR/MWh,FR,FR,imbalance_price,Long,2026-08-05T12:06:18Z
2026-08-05T12:02:33Z,2026-08-05T14:02:33+0200,a602df8b-e77d-453c-80cb-eeacd1e89d3b,2026-07-22T13:15:00Z,2026-07-22T15:15:00+0200,-44.29,EUR/MWh,FR,FR,imbalance_price,Short,2026-08-05T12:06:18Z
2026-08-05T12:02:33Z,2026-08-05T14:02:33+0200,a602df8b-e77d-453c-80cb-eeacd1e89d3b,2026-07-22T13:30:00Z,2026-07-22T15:30:00+0200,-48.47,EUR/MWh,FR,FR,imbalance_price,Long,2026-08-05T12:06:18Z
2026-08-05T12:02:33Z,2026-08-05T14:02:33+0200,a602df8b-e77d-453c-80cb-eeacd1e89d3b,2026-07-22T13:30:00Z,2026-07-22T15:30:00+0200,-44.29,EUR/MWh,FR,FR,imbalance_price,Short,2026-08-05T12:06:18Z
2026-08-05T12:02:33Z,2026-08-05T14:02:33+0200,a602df8b-e77d-453c-80cb-eeacd1e89d3b,2026-07-22T13:45:00Z,2026-07-22T15:45:00+0200,-48.47,EUR/MWh,FR,FR,imbalance_price,Long,2026-08-05T12:06:18Z
2026-08-05T12:02:33Z,2026-08-05T14:02:33+0200,a602df8b-e77d-453c-80cb-eeacd1e89d3b,2026-07-22T13:45:00Z,2026-07-22T15:45:00+0200,-44.29,EUR/MWh,FR,FR,imbalance_price,Short,2026-08-05T12:06:18Z
2026-08-05T12:02:33Z,2026-08-05T14:02:33+0200,a602df8b-e77d-453c-80cb-eeacd1e89d3b,2026-07-22T14:00:00Z,2026-07-22T16:00:00+0200,-239.26,EUR/MWh,FR,FR,imbalance_price,Long,2026-08-05T12:06:18Z
2026-08-05T12:02:33Z,2026-08-05T14:02:33+0200,a602df8b-e77d-453c-80cb-eeacd1e89d3b,2026-07-22T14:00:00Z,2026-07-22T16:00:00+0200,-218.66,EUR/MWh,FR,FR,imbalance_price,Short,2026-08-05T12:06:18Z
2026-08-05T12:02:33Z,2026-08-05T14:02:33+0200,a602df8b-e77d-453c-80cb-eeacd1e89d3b,2026-07-22T14:15:00Z,2026-07-22T16:15:00+0200,-119.66,EUR/MWh,FR,FR,imbalance_price,Long,2026-08-05T12:06:18Z
2026-08-05T12:02:33Z,2026-08-05T14:02:33+0200,a602df8b-e77d-453c-80cb-eeacd1e89d3b,2026-07-22T14:15:00Z,2026-07-22T16:15:00+0200,-109.36,EUR/MWh,FR,FR,imbalance_price,Short,2026-08-05T12:06:18Z
2026-08-05T12:02:33Z,2026-08-05T14:02:33+0200,a602df8b-e77d-453c-80cb-eeacd1e89d3b,2026-07-22T14:30:00Z,2026-07-22T16:30:00+0200,-48.47,EUR/MWh,FR,FR,imbalance_price,Long,2026-08-05T12:06:18Z
2026-08-05T12:02:33Z,2026-08-05T14:02:33+0200,a602df8b-e77d-453c-80cb-eeacd1e89d3b,2026-07-22T14:30:00Z,2026-07-22T16:30:00+0200,-44.29,EUR/MWh,FR,FR,imbalance_price,Short,2026-08-05T12:06:18Z
2026-08-05T12:02:33Z,2026-08-05T14:02:33+0200,a602df8b-e77d-453c-80cb-eeacd1e89d3b,2026-07-22T14:45:00Z,2026-07-22T16:45:00+0200,-48.47,EUR/MWh,FR,FR,imbalance_price,Long,2026-08-05T12:06:18Z
2026-08-05T12:02:33Z,2026-08-05T14:02:33+0200,a602df8b-e77d-453c-80cb-eeacd1e89d3b,2026-07-22T14:45:00Z,2026-07-22T16:45:00+0200,-44.29,EUR/MWh,FR,FR,imbalance_price,Short,2026-08-05T12:06:18Z
2026-08-05T12:02:33Z,2026-08-05T14:02:33+0200,a602df8b-e77d-453c-80cb-eeacd1e89d3b,2026-07-22T15:00:00Z,2026-07-22T17:00:00+0200,-70.65,EUR/MWh,FR,FR,imbalance_price,Long,2026-08-05T12:06:18Z
2026-08-05T12:02:33Z,2026-08-05T14:02:33+0200,a602df8b-e77d-453c-80cb-eeacd1e89d3b,2026-07-22T15:00:00Z,2026-07-22T17:00:00+0200,-64.57,EUR/MWh,FR,FR,imbalance_price,Short,2026-08-05T12:06:18Z
2026-08-05T12:02:33Z,2026-08-05T14:02:33+0200,a602df8b-e77d-453c-80cb-eeacd1e89d3b,2026-07-22T15:15:00Z,2026-07-22T17:15:00+0200,-67.32,EUR/MWh,FR,FR,imbalance_price,Long,2026-08-05T12:06:18Z
2026-08-05T12:02:33Z,2026-08-05T14:02:33+0200,a602df8b-e77d-453c-80cb-eeacd1e89d3b,2026-07-22T15:15:00Z,2026-07-22T17:15:00+0200,-61.52,EUR/MWh,FR,FR,imbalance_price,Short,2026-08-05T12:06:18Z
2026-08-05T12:02:33Z,2026-08-05T14:02:33+0200,a602df8b-e77d-453c-80cb-eeacd1e89d3b,2026-07-22T15:30:00Z,2026-07-22T17:30:00+0200,-70.34,EUR/MWh,FR,FR,imbalance_price,Long,2026-08-05T12:06:18Z
2026-08-05T12:02:33Z,2026-08-05T14:02:33+0200,a602df8b-e77d-453c-80cb-eeacd1e89d3b,2026-07-22T15:30:00Z,2026-07-22T17:30:00+0200,-64.28,EUR/MWh,FR,FR,imbalance_price,Short,2026-08-05T12:06:18Z
2026-08-05T12:02:33Z,2026-08-05T14:02:33+0200,a602df8b-e77d-453c-80cb-eeacd1e89d3b,2026-07-22T15:45:00Z,2026-07-22T17:45:00+0200,-70.4,EUR/MWh,FR,FR,imbalance_price,Long,2026-08-05T12:06:18Z
2026-08-05T12:02:33Z,2026-08-05T14:02:33+0200,a602df8b-e77d-453c-80cb-eeacd1e89d3b,2026-07-22T15:45:00Z,2026-07-22T17:45:00+0200,-64.34,EUR/MWh,FR,FR,imbalance_price,Short,2026-08-05T12:06:18Z
2026-08-05T12:02:33Z,2026-08-05T14:02:33+0200,a602df8b-e77d-453c-80cb-eeacd1e89d3b,2026-07-22T16:00:00Z,2026-07-22T18:00:00+0200,-2.97,EUR/MWh,FR,FR,imbalance_price,Long,2026-08-05T12:06:18Z
2026-08-05T12:02:33Z,2026-08-05T14:02:33+0200,a602df8b-e77d-453c-80cb-eeacd1e89d3b,2026-07-22T16:00:00Z,2026-07-22T18:00:00+0200,-2.71,EUR/MWh,FR,FR,imbalance_price,Short,2026-08-05T12:06:18Z
2026-08-05T12:02:33Z,2026-08-05T14:02:33+0200,a602df8b-e77d-453c-80cb-eeacd1e89d3b,2026-07-22T16:15:00Z,2026-07-22T18:15:00+0200,26.05,EUR/MWh,FR,FR,imbalance_price,Long,2026-08-05T12:06:18Z
2026-08-05T12:02:33Z,2026-08-05T14:02:33+0200,a602df8b-e77d-453c-80cb-eeacd1e89d3b,2026-07-22T16:15:00Z,2026-07-22T18:15:00+0200,28.51,EUR/MWh,FR,FR,imbalance_price,Short,2026-08-05T12:06:18Z
2026-08-05T12:02:33Z,2026-08-05T14:02:33+0200,a602df8b-e77d-453c-80cb-eeacd1e89d3b,2026-07-22T16:30:00Z,2026-07-22T18:30:00+0200,19.11,EUR/MWh,FR,FR,imbalance_price,Long,2026-08-05T12:06:18Z
2026-08-05T12:02:33Z,2026-08-05T14:02:33+0200,a602df8b-e77d-453c-80cb-eeacd1e89d3b,2026-07-22T16:30:00Z,2026-07-22T18:30:00+0200,20.91,EUR/MWh,FR,FR,imbalance_price,Short,2026-08-05T12:06:18Z
2026-08-05T12:02:33Z,2026-08-05T14:02:33+0200,a602df8b-e77d-453c-80cb-eeacd1e89d3b,2026-07-22T16:45:00Z,2026-07-22T18:45:00+0200,29.9,EUR/MWh,FR,FR,imbalance_price,Long,2026-08-05T12:06:18Z
2026-08-05T12:02:33Z,2026-08-05T14:02:33+0200,a602df8b-e77d-453c-80cb-eeacd1e89d3b,2026-07-22T16:45:00Z,2026-07-22T18:45:00+0200,32.72,EUR/MWh,FR,FR,imbalance_price,Short,2026-08-05T12:06:18Z
2026-08-05T12:02:33Z,2026-08-05T14:02:33+0200,a602df8b-e77d-453c-80cb-eeacd1e89d3b,2026-07-22T17:00:00Z,2026-07-22T19:00:00+0200,32.59,EUR/MWh,FR,FR,imbalance_price,Long,2026-08-05T12:06:18Z
2026-08-05T12:02:33Z,2026-08-05T14:02:33+0200,a602df8b-e77d-453c-80cb-eeacd1e89d3b,2026-07-22T17:00:00Z,2026-07-22T19:00:00+0200,35.67,EUR/MWh,FR,FR,imbalance_price,Short,2026-08-05T12:06:18Z
2026-08-05T12:02:33Z,2026-08-05T14:02:33+0200,a602df8b-e77d-453c-80cb-eeacd1e89d3b,2026-07-22T17:15:00Z,2026-07-22T19:15:00+0200,30.19,EUR/MWh,FR,FR,imbalance_price,Long,2026-08-05T12:06:18Z
2026-08-05T12:02:33Z,2026-08-05T14:02:33+0200,a602df8b-e77d-453c-80cb-eeacd1e89d3b,2026-07-22T17:15:00Z,2026-07-22T19:15:00+0200,33.03,EUR/MWh,FR,FR,imbalance_price,Short,2026-08-05T12:06:18Z
2026-08-05T12:02:33Z,2026-08-05T14:02:33+0200,a602df8b-e77d-453c-80cb-eeacd1e89d3b,2026-07-22T17:30:00Z,2026-07-22T19:30:00+0200,31.23,EUR/MWh,FR,FR,imbalance_price,Long,2026-08-05T12:06:18Z
2026-08-05T12:02:33Z,2026-08-05T14:02:33+0200,a602df8b-e77d-453c-80cb-eeacd1e89d3b,2026-07-22T17:30:00Z,2026-07-22T19:30:00+0200,34.17,EUR/MWh,FR,FR,imbalance_price,Short,2026-08-05T12:06:18Z
2026-08-05T12:02:33Z,2026-08-05T14:02:33+0200,a602df8b-e77d-453c-80cb-eeacd1e89d3b,2026-07-22T17:45:00Z,2026-07-22T19:45:00+0200,84.2,EUR/MWh,FR,FR,imbalance_price,Long,2026-08-05T12:06:18Z
2026-08-05T12:02:33Z,2026-08-05T14:02:33+0200,a602df8b-e77d-453c-80cb-eeacd1e89d3b,2026-07-22T17:45:00Z,2026-07-22T19:45:00+0200,92.14,EUR/MWh,FR,FR,imbalance_price,Short,2026-08-05T12:06:18Z
2026-08-05T12:02:33Z,2026-08-05T14:02:33+0200,a602df8b-e77d-453c-80cb-eeacd1e89d3b,2026-07-22T18:00:00Z,2026-07-22T20:00:00+0200,209.73,EUR/MWh,FR,FR,imbalance_price,Long,2026-08-05T12:06:18Z
2026-08-05T12:02:33Z,2026-08-05T14:02:33+0200,a602df8b-e77d-453c-80cb-eeacd1e89d3b,2026-07-22T18:00:00Z,2026-07-22T20:00:00+0200,229.49,EUR/MWh,FR,FR,imbalance_price,Short,2026-08-05T12:06:18Z
2026-08-05T12:02:33Z,2026-08-05T14:02:33+0200,a602df8b-e77d-453c-80cb-eeacd1e89d3b,2026-07-22T18:15:00Z,2026-07-22T20:15:00+0200,246.4,EUR/MWh,FR,FR,imbalance_price,Long,2026-08-05T12:06:18Z
2026-08-05T12:02:33Z,2026-08-05T14:02:33+0200,a602df8b-e77d-453c-80cb-eeacd1e89d3b,2026-07-22T18:15:00Z,2026-07-22T20:15:00+0200,269.62,EUR/MWh,FR,FR,imbalance_price,Short,2026-08-05T12:06:18Z
2026-08-05T12:02:33Z,2026-08-05T14:02:33+0200,a602df8b-e77d-453c-80cb-eeacd1e89d3b,2026-07-22T18:30:00Z,2026-07-22T20:30:00+0200,115.22,EUR/MWh,FR,FR,imbalance_price,Long,2026-08-05T12:06:18Z
2026-08-05T12:02:33Z,2026-08-05T14:02:33+0200,a602df8b-e77d-453c-80cb-eeacd1e89d3b,2026-07-22T18:30:00Z,2026-07-22T20:30:00+0200,126.08,EUR/MWh,FR,FR,imbalance_price,Short,2026-08-05T12:06:18Z
2026-08-05T12:02:33Z,2026-08-05T14:02:33+0200,a602df8b-e77d-453c-80cb-eeacd1e89d3b,2026-07-22T18:45:00Z,2026-07-22T20:45:00+0200,23.24,EUR/MWh,FR,FR,imbalance_price,Long,2026-08-05T12:06:18Z
2026-08-05T12:02:33Z,2026-08-05T14:02:33+0200,a602df8b-e77d-453c-80cb-eeacd1e89d3b,2026-07-22T18:45:00Z,2026-07-22T20:45:00+0200,25.42,EUR/MWh,FR,FR,imbalance_price,Short,2026-08-05T12:06:18Z
2026-08-05T12:02:33Z,2026-08-05T14:02:33+0200,a602df8b-e77d-453c-80cb-eeacd1e89d3b,2026-07-22T19:00:00Z,2026-07-22T21:00:00+0200,23.24,EUR/MWh,FR,FR,imbalance_price,Long,2026-08-05T12:06:18Z
2026-08-05T12:02:33Z,2026-08-05T14:02:33+0200,a602df8b-e77d-453c-80cb-eeacd1e89d3b,2026-07-22T19:00:00Z,2026-07-22T21:00:00+0200,25.42,EUR/MWh,FR,FR,imbalance_price,Short,2026-08-05T12:06:18Z
2026-08-05T12:02:33Z,2026-08-05T14:02:33+0200,a602df8b-e77d-453c-80cb-eeacd1e89d3b,2026-07-22T19:15:00Z,2026-07-22T21:15:00+0200,23.24,EUR/MWh,FR,FR,imbalance_price,Long,2026-08-05T12:06:18Z
2026-08-05T12:02:33Z,2026-08-05T14:02:33+0200,a602df8b-e77d-453c-80cb-eeacd1e89d3b,2026-07-22T19:15:00Z,2026-07-22T21:15:00+0200,25.42,EUR/MWh,FR,FR,imbalance_price,Short,2026-08-05T12:06:18Z
2026-08-05T12:02:33Z,2026-08-05T14:02:33+0200,a602df8b-e77d-453c-80cb-eeacd1e89d3b,2026-07-22T19:30:00Z,2026-07-22T21:30:00+0200,141.86,EUR/MWh,FR,FR,imbalance_price,Long,2026-08-05T12:06:18Z
2026-08-05T12:02:33Z,2026-08-05T14:02:33+0200,a602df8b-e77d-453c-80cb-eeacd1e89d3b,2026-07-22T19:30:00Z,2026-07-22T21:30:00+0200,155.22,EUR/MWh,FR,FR,imbalance_price,Short,2026-08-05T12:06:18Z
2026-08-05T12:02:33Z,2026-08-05T14:02:33+0200,a602df8b-e77d-453c-80cb-eeacd1e89d3b,2026-07-22T19:45:00Z,2026-07-22T21:45:00+0200,95.34,EUR/MWh,FR,FR,imbalance_price,Long,2026-08-05T12:06:18Z
2026-08-05T12:02:33Z,2026-08-05T14:02:33+0200,a602df8b-e77d-453c-80cb-eeacd1e89d3b,2026-07-22T19:45:00Z,2026-07-22T21:45:00+0200,104.32,EUR/MWh,FR,FR,imbalance_price,Short,2026-08-05T12:06:18Z
2026-08-05T12:02:33Z,2026-08-05T14:02:33+0200,a602df8b-e77d-453c-80cb-eeacd1e89d3b,2026-07-22T20:00:00Z,2026-07-22T22:00:00+0200,87.0,EUR/MWh,FR,FR,imbalance_price,Long,2026-08-05T12:06:18Z
2026-08-05T12:02:33Z,2026-08-05T14:02:33+0200,a602df8b-e77d-453c-80cb-eeacd1e89d3b,2026-07-22T20:00:00Z,2026-07-22T22:00:00+0200,95.2,EUR/MWh,FR,FR,imbalance_price,Short,2026-08-05T12:06:18Z
2026-08-05T12:02:33Z,2026-08-05T14:02:33+0200,a602df8b-e77d-453c-80cb-eeacd1e89d3b,2026-07-22T20:15:00Z,2026-07-22T22:15:00+0200,50.13,EUR/MWh,FR,FR,imbalance_price,Long,2026-08-05T12:06:18Z
2026-08-05T12:02:33Z,2026-08-05T14:02:33+0200,a602df8b-e77d-453c-80cb-eeacd1e89d3b,2026-07-22T20:15:00Z,2026-07-22T22:15:00+0200,54.85,EUR/MWh,FR,FR,imbalance_price,Short,2026-08-05T12:06:18Z
2026-08-05T12:02:33Z,2026-08-05T14:02:33+0200,a602df8b-e77d-453c-80cb-eeacd1e89d3b,2026-07-22T20:30:00Z,2026-07-22T22:30:00+0200,110.3,EUR/MWh,FR,FR,imbalance_price,Long,2026-08-05T12:06:18Z
2026-08-05T12:02:33Z,2026-08-05T14:02:33+0200,a602df8b-e77d-453c-80cb-eeacd1e89d3b,2026-07-22T20:30:00Z,2026-07-22T22:30:00+0200,120.7,EUR/MWh,FR,FR,imbalance_price,Short,2026-08-05T12:06:18Z
2026-08-05T12:02:33Z,2026-08-05T14:02:33+0200,a602df8b-e77d-453c-80cb-eeacd1e89d3b,2026-07-22T20:45:00Z,2026-07-22T22:45:00+0200,107.46,EUR/MWh,FR,FR,imbalance_price,Long,2026-08-05T12:06:18Z
2026-08-05T12:02:33Z,2026-08-05T14:02:33+0200,a602df8b-e77d-453c-80cb-eeacd1e89d3b,2026-07-22T20:45:00Z,2026-07-22T22:45:00+0200,117.58,EUR/MWh,FR,FR,imbalance_price,Short,2026-08-05T12:06:18Z
2026-08-05T12:02:33Z,2026-08-05T14:02:33+0200,a602df8b-e77d-453c-80cb-eeacd1e89d3b,2026-07-22T21:00:00Z,2026-07-22T23:00:00+0200,53.65,EUR/MWh,FR,FR,imbalance_price,Long,2026-08-05T12:06:18Z
2026-08-05T12:02:33Z,2026-08-05T14:02:33+0200,a602df8b-e77d-453c-80cb-eeacd1e89d3b,2026-07-22T21:00:00Z,2026-07-22T23:00:00+0200,58.71,EUR/MWh,FR,FR,imbalance_price,Short,2026-08-05T12:06:18Z
2026-08-05T12:02:33Z,2026-08-05T14:02:33+0200,a602df8b-e77d-453c-80cb-eeacd1e89d3b,2026-07-22T21:15:00Z,2026-07-22T23:15:00+0200,170.95,EUR/MWh,FR,FR,imbalance_price,Long,2026-08-05T12:06:18Z
2026-08-05T12:02:33Z,2026-08-05T14:02:33+0200,a602df8b-e77d-453c-80cb-eeacd1e89d3b,2026-07-22T21:15:00Z,2026-07-22T23:15:00+0200,187.06,EUR/MWh,FR,FR,imbalance_price,Short,2026-08-05T12:06:18Z
2026-08-05T12:02:33Z,2026-08-05T14:02:33+0200,a602df8b-e77d-453c-80cb-eeacd1e89d3b,2026-07-22T21:30:00Z,2026-07-22T23:30:00+0200,142.74,EUR/MWh,FR,FR,imbalance_price,Long,2026-08-05T12:06:18Z
2026-08-05T12:02:33Z,2026-08-05T14:02:33+0200,a602df8b-e77d-453c-80cb-eeacd1e89d3b,2026-07-22T21:30:00Z,2026-07-22T23:30:00+0200,156.2,EUR/MWh,FR,FR,imbalance_price,Short,2026-08-05T12:06:18Z
2026-08-05T12:02:33Z,2026-08-05T14:02:33+0200,a602df8b-e77d-453c-80cb-eeacd1e89d3b,2026-07-22T21:45:00Z,2026-07-22T23:45:00+0200,138.13,EUR/MWh,FR,FR,imbalance_price,Long,2026-08-05T12:06:18Z
2026-08-05T12:02:33Z,2026-08-05T14:02:33+0200,a602df8b-e77d-453c-80cb-eeacd1e89d3b,2026-07-22T21:45:00Z,2026-07-22T23:45:00+0200,151.15,EUR/MWh,FR,FR,imbalance_price,Short,2026-08-05T12:06:18Z
2026-08-05T12:02:33Z,2026-08-05T14:02:33+0200,a602df8b-e77d-453c-80cb-eeacd1e89d3b,2026-07-22T22:00:00Z,2026-07-23T00:00:00+0200,169.86,EUR/MWh,FR,FR,imbalance_price,Long,2026-08-05T12:06:18Z
2026-08-05T12:02:33Z,2026-08-05T14:02:33+0200,a602df8b-e77d-453c-80cb-eeacd1e89d3b,2026-07-22T22:00:00Z,2026-07-23T00:00:00+0200,185.86,EUR/MWh,FR,FR,imbalance_price,Short,2026-08-05T12:06:18Z
2026-08-05T12:02:33Z,2026-08-05T14:02:33+0200,a602df8b-e77d-453c-80cb-eeacd1e89d3b,2026-07-22T22:15:00Z,2026-07-23T00:15:00+0200,186.52,EUR/MWh,FR,FR,imbalance_price,Long,2026-08-05T12:06:18Z
2026-08-05T12:02:33Z,2026-08-05T14:02:33+0200,a602df8b-e77d-453c-80cb-eeacd1e89d3b,2026-07-22T22:15:00Z,2026-07-23T00:15:00+0200,204.1,EUR/MWh,FR,FR,imbalance_price,Short,2026-08-05T12:06:18Z
2026-08-05T12:02:33Z,2026-08-05T14:02:33+0200,a602df8b-e77d-453c-80cb-eeacd1e89d3b,2026-07-22T22:30:00Z,2026-07-23T00:30:00+0200,195.58,EUR/MWh,FR,FR,imbalance_price,Long,2026-08-05T12:06:18Z
2026-08-05T12:02:33Z,2026-08-05T14:02:33+0200,a602df8b-e77d-453c-80cb-eeacd1e89d3b,2026-07-22T22:30:00Z,2026-07-23T00:30:00+0200,214.02,EUR/MWh,FR,FR,imbalance_price,Short,2026-08-05T12:06:18Z
2026-08-05T12:02:33Z,2026-08-05T14:02:33+0200,a602df8b-e77d-453c-80cb-eeacd1e89d3b,2026-07-22T22:45:00Z,2026-07-23T00:45:00+0200,197.03,EUR/MWh,FR,FR,imbalance_price,Long,2026-08-05T12:06:18Z
2026-08-05T12:02:33Z,2026-08-05T14:02:33+0200,a602df8b-e77d-453c-80cb-eeacd1e89d3b,2026-07-22T22:45:00Z,2026-07-23T00:45:00+0200,215.59,EUR/MWh,FR,FR,imbalance_price,Short,2026-08-05T12:06:18Z
2026-08-05T12:02:33Z,2026-08-05T14:02:33+0200,a602df8b-e77d-453c-80cb-eeacd1e89d3b,2026-07-22T23:00:00Z,2026-07-23T01:00:00+0200,197.76,EUR/MWh,FR,FR,imbalance_price,Long,2026-08-05T12:06:18Z
2026-08-05T12:02:33Z,2026-08-05T14:02:33+0200,a602df8b-e77d-453c-80cb-eeacd1e89d3b,2026-07-22T23:00:00Z,2026-07-23T01:00:00+0200,216.4,EUR/MWh,FR,FR,imbalance_price,Short,2026-08-05T12:06:18Z
2026-08-05T12:02:33Z,2026-08-05T14:02:33+0200,a602df8b-e77d-453c-80cb-eeacd1e89d3b,2026-07-22T23:15:00Z,2026-07-23T01:15:00+0200,197.58,EUR/MWh,FR,FR,imbalance_price,Long,2026-08-05T12:06:18Z
2026-08-05T12:02:33Z,2026-08-05T14:02:33+0200,a602df8b-e77d-453c-80cb-eeacd1e89d3b,2026-07-22T23:15:00Z,2026-07-23T01:15:00+0200,216.2,EUR/MWh,FR,FR,imbalance_price,Short,2026-08-05T12:06:18Z
2026-08-05T12:02:33Z,2026-08-05T14:02:33+0200,a602df8b-e77d-453c-80cb-eeacd1e89d3b,2026-07-22T23:30:00Z,2026-07-23T01:30:00+0200,196.25,EUR/MWh,FR,FR,imbalance_price,Long,2026-08-05T12:06:18Z
2026-08-05T12:02:33Z,2026-08-05T14:02:33+0200,a602df8b-e77d-453c-80cb-eeacd1e89d3b,2026-07-22T23:30:00Z,2026-07-23T01:30:00+0200,214.75,EUR/MWh,FR,FR,imbalance_price,Short,2026-08-05T12:06:18Z
2026-08-05T12:02:33Z,2026-08-05T14:02:33+0200,a602df8b-e77d-453c-80cb-eeacd1e89d3b,2026-07-22T23:45:00Z,2026-07-23T01:45:00+0200,189.68,EUR/MWh,FR,FR,imbalance_price,Long,2026-08-05T12:06:18Z
2026-08-05T12:02:33Z,2026-08-05T14:02:33+0200,a602df8b-e77d-453c-80cb-eeacd1e89d3b,2026-07-22T23:45:00Z,2026-07-23T01:45:00+0200,207.56,EUR/MWh,FR,FR,imbalance_price,Short,2026-08-05T12:06:18Z
2026-08-05T12:02:33Z,2026-08-05T14:02:33+0200,a602df8b-e77d-453c-80cb-eeacd1e89d3b,2026-07-23T00:00:00Z,2026-07-23T02:00:00+0200,136.77,EUR/MWh,FR,FR,imbalance_price,Long,2026-08-05T12:06:18Z
2026-08-05T12:02:33Z,2026-08-05T14:02:33+0200,a602df8b-e77d-453c-80cb-eeacd1e89d3b,2026-07-23T00:00:00Z,2026-07-23T02:00:00+0200,149.65,EUR/MWh,FR,FR,imbalance_price,Short,2026-08-05T12:06:18Z
2026-08-05T12:02:33Z,2026-08-05T14:02:33+0200,a602df8b-e77d-453c-80cb-eeacd1e89d3b,2026-07-23T00:15:00Z,2026-07-23T02:15:00+0200,136.75,EUR/MWh,FR,FR,imbalance_price,Long,2026-08-05T12:06:18Z
2026-08-05T12:02:33Z,2026-08-05T14:02:33+0200,a602df8b-e77d-453c-80cb-eeacd1e89d3b,2026-07-23T00:15:00Z,2026-07-23T02:15:00+0200,149.63,EUR/MWh,FR,FR,imbalance_price,Short,2026-08-05T12:06:18Z
2026-08-05T12:02:33Z,2026-08-05T14:02:33+0200,a602df8b-e77d-453c-80cb-eeacd1e89d3b,2026-07-23T00:30:00Z,2026-07-23T02:30:00+0200,128.19,EUR/MWh,FR,FR,imbalance_price,Long,2026-08-05T12:06:18Z
2026-08-05T12:02:33Z,2026-08-05T14:02:33+0200,a602df8b-e77d-453c-80cb-eeacd1e89d3b,2026-07-23T00:30:00Z,2026-07-23T02:30:00+0200,140.27,EUR/MWh,FR,FR,imbalance_price,Short,2026-08-05T12:06:18Z
2026-08-05T12:02:33Z,2026-08-05T14:02:33+0200,a602df8b-e77d-453c-80cb-eeacd1e89d3b,2026-07-23T00:45:00Z,2026-07-23T02:45:00+0200,-15.9,EUR/MWh,FR,FR,imbalance_price,Long,2026-08-05T12:06:18Z
2026-08-05T12:02:33Z,2026-08-05T14:02:33+0200,a602df8b-e77d-453c-80cb-eeacd1e89d3b,2026-07-23T00:45:00Z,2026-07-23T02:45:00+0200,-14.54,EUR/MWh,FR,FR,imbalance_price,Short,2026-08-05T12:06:18Z
2026-08-05T12:02:33Z,2026-08-05T14:02:33+0200,a602df8b-e77d-453c-80cb-eeacd1e89d3b,2026-07-23T01:00:00Z,2026-07-23T03:00:00+0200,109.17,EUR/MWh,FR,FR,imbalance_price,Long,2026-08-05T12:06:18Z
2026-08-05T12:02:33Z,2026-08-05T14:02:33+0200,a602df8b-e77d-453c-80cb-eeacd1e89d3b,2026-07-23T01:00:00Z,2026-07-23T03:00:00+0200,119.45,EUR/MWh,FR,FR,imbalance_price,Short,2026-08-05T12:06:18Z
2026-08-05T12:02:33Z,2026-08-05T14:02:33+0200,a602df8b-e77d-453c-80cb-eeacd1e89d3b,2026-07-23T01:15:00Z,2026-07-23T03:15:00+0200,113.98,EUR/MWh,FR,FR,imbalance_price,Long,2026-08-05T12:06:18Z
2026-08-05T12:02:33Z,2026-08-05T14:02:33+0200,a602df8b-e77d-453c-80cb-eeacd1e89d3b,2026-07-23T01:15:00Z,2026-07-23T03:15:00+0200,124.72,EUR/MWh,FR,FR,imbalance_price,Short,2026-08-05T12:06:18Z
2026-08-05T12:02:33Z,2026-08-05T14:02:33+0200,a602df8b-e77d-453c-80cb-eeacd1e89d3b,2026-07-23T01:30:00Z,2026-07-23T03:30:00+0200,113.98,EUR/MWh,FR,FR,imbalance_price,Long,2026-08-05T12:06:18Z
2026-08-05T12:02:33Z,2026-08-05T14:02:33+0200,a602df8b-e77d-453c-80cb-eeacd1e89d3b,2026-07-23T01:30:00Z,2026-07-23T03:30:00+0200,124.72,EUR/MWh,FR,FR,imbalance_price,Short,2026-08-05T12:06:18Z
2026-08-05T12:02:33Z,2026-08-05T14:02:33+0200,a602df8b-e77d-453c-80cb-eeacd1e89d3b,2026-07-23T01:45:00Z,2026-07-23T03:45:00+0200,113.97,EUR/MWh,FR,FR,imbalance_price,Long,2026-08-05T12:06:18Z
2026-08-05T12:02:33Z,2026-08-05T14:02:33+0200,a602df8b-e77d-453c-80cb-eeacd1e89d3b,2026-07-23T01:45:00Z,2026-07-23T03:45:00+0200,124.71,EUR/MWh,FR,FR,imbalance_price,Short,2026-08-05T12:06:18Z
2026-08-05T12:02:33Z,2026-08-05T14:02:33+0200,a602df8b-e77d-453c-80cb-eeacd1e89d3b,2026-07-23T02:00:00Z,2026-07-23T04:00:00+0200,113.41,EUR/MWh,FR,FR,imbalance_price,Long,2026-08-05T12:06:18Z
2026-08-05T12:02:33Z,2026-08-05T14:02:33+0200,a602df8b-e77d-453c-80cb-eeacd1e89d3b,2026-07-23T02:00:00Z,2026-07-23T04:00:00+0200,124.09,EUR/MWh,FR,FR,imbalance_price,Short,2026-08-05T12:06:18Z
2026-08-05T12:02:33Z,2026-08-05T14:02:33+0200,a602df8b-e77d-453c-80cb-eeacd1e89d3b,2026-07-23T02:15:00Z,2026-07-23T04:15:00+0200,113.41,EUR/MWh,FR,FR,imbalance_price,Long,2026-08-05T12:06:18Z
2026-08-05T12:02:33Z,2026-08-05T14:02:33+0200,a602df8b-e77d-453c-80cb-eeacd1e89d3b,2026-07-23T02:15:00Z,2026-07-23T04:15:00+0200,124.09,EUR/MWh,FR,FR,imbalance_price,Short,2026-08-05T12:06:18Z
2026-08-05T12:02:33Z,2026-08-05T14:02:33+0200,a602df8b-e77d-453c-80cb-eeacd1e89d3b,2026-07-23T02:30:00Z,2026-07-23T04:30:00+0200,113.41,EUR/MWh,FR,FR,imbalance_price,Long,2026-08-05T12:06:18Z
2026-08-05T12:02:33Z,2026-08-05T14:02:33+0200,a602df8b-e77d-453c-80cb-eeacd1e89d3b,2026-07-23T02:30:00Z,2026-07-23T04:30:00+0200,124.09,EUR/MWh,FR,FR,imbalance_price,Short,2026-08-05T12:06:18Z
2026-08-05T12:02:33Z,2026-08-05T14:02:33+0200,a602df8b-e77d-453c-80cb-eeacd1e89d3b,2026-07-23T02:45:00Z,2026-07-23T04:45:00+0200,196.47,EUR/MWh,FR,FR,imbalance_price,Long,2026-08-05T12:06:18Z
2026-08-05T12:02:33Z,2026-08-05T14:02:33+0200,a602df8b-e77d-453c-80cb-eeacd1e89d3b,2026-07-23T02:45:00Z,2026-07-23T04:45:00+0200,214.99,EUR/MWh,FR,FR,imbalance_price,Short,2026-08-05T12:06:18Z
2026-08-05T12:02:33Z,2026-08-05T14:02:33+0200,a602df8b-e77d-453c-80cb-eeacd1e89d3b,2026-07-23T03:00:00Z,2026-07-23T05:00:00+0200,156.53,EUR/MWh,FR,FR,imbalance_price,Long,2026-08-05T12:06:18Z
2026-08-05T12:02:33Z,2026-08-05T14:02:33+0200,a602df8b-e77d-453c-80cb-eeacd1e89d3b,2026-07-23T03:00:00Z,2026-07-23T05:00:00+0200,171.29,EUR/MWh,FR,FR,imbalance_price,Short,2026-08-05T12:06:18Z
2026-08-05T12:02:33Z,2026-08-05T14:02:33+0200,a602df8b-e77d-453c-80cb-eeacd1e89d3b,2026-07-23T03:15:00Z,2026-07-23T05:15:00+0200,148.93,EUR/MWh,FR,FR,imbalance_price,Long,2026-08-05T12:06:18Z
2026-08-05T12:02:33Z,2026-08-05T14:02:33+0200,a602df8b-e77d-453c-80cb-eeacd1e89d3b,2026-07-23T03:15:00Z,2026-07-23T05:15:00+0200,162.97,EUR/MWh,FR,FR,imbalance_price,Short,2026-08-05T12:06:18Z
2026-08-05T12:02:33Z,2026-08-05T14:02:33+0200,a602df8b-e77d-453c-80cb-eeacd1e89d3b,2026-07-23T03:30:00Z,2026-07-23T05:30:00+0200,158.61,EUR/MWh,FR,FR,imbalance_price,Long,2026-08-05T12:06:18Z
2026-08-05T12:02:33Z,2026-08-05T14:02:33+0200,a602df8b-e77d-453c-80cb-eeacd1e89d3b,2026-07-23T03:30:00Z,2026-07-23T05:30:00+0200,173.55,EUR/MWh,FR,FR,imbalance_price,Short,2026-08-05T12:06:18Z
2026-08-05T12:02:33Z,2026-08-05T14:02:33+0200,a602df8b-e77d-453c-80cb-eeacd1e89d3b,2026-07-23T03:45:00Z,2026-07-23T05:45:00+0200,138.58,EUR/MWh,FR,FR,imbalance_price,Long,2026-08-05T12:06:18Z
2026-08-05T12:02:33Z,2026-08-05T14:02:33+0200,a602df8b-e77d-453c-80cb-eeacd1e89d3b,2026-07-23T03:45:00Z,2026-07-23T05:45:00+0200,151.64,EUR/MWh,FR,FR,imbalance_price,Short,2026-08-05T12:06:18Z
2026-08-05T12:02:33Z,2026-08-05T14:02:33+0200,a602df8b-e77d-453c-80cb-eeacd1e89d3b,2026-07-23T04:00:00Z,2026-07-23T06:00:00+0200,176.89,EUR/MWh,FR,FR,imbalance_price,Long,2026-08-05T12:06:18Z
2026-08-05T12:02:33Z,2026-08-05T14:02:33+0200,a602df8b-e77d-453c-80cb-eeacd1e89d3b,2026-07-23T04:00:00Z,2026-07-23T06:00:00+0200,193.55,EUR/MWh,FR,FR,imbalance_price,Short,2026-08-05T12:06:18Z
2026-08-05T12:02:33Z,2026-08-05T14:02:33+0200,a602df8b-e77d-453c-80cb-eeacd1e89d3b,2026-07-23T04:15:00Z,2026-07-23T06:15:00+0200,174.1,EUR/MWh,FR,FR,imbalance_price,Long,2026-08-05T12:06:18Z
2026-08-05T12:02:33Z,2026-08-05T14:02:33+0200,a602df8b-e77d-453c-80cb-eeacd1e89d3b,2026-07-23T04:15:00Z,2026-07-23T06:15:00+0200,190.5,EUR/MWh,FR,FR,imbalance_price,Short,2026-08-05T12:06:18Z
2026-08-05T12:02:33Z,2026-08-05T14:02:33+0200,a602df8b-e77d-453c-80cb-eeacd1e89d3b,2026-07-23T04:30:00Z,2026-07-23T06:30:00+0200,177.4,EUR/MWh,FR,FR,imbalance_price,Long,2026-08-05T12:06:18Z
2026-08-05T12:02:33Z,2026-08-05T14:02:33+0200,a602df8b-e77d-453c-80cb-eeacd1e89d3b,2026-07-23T04:30:00Z,2026-07-23T06:30:00+0200,194.12,EUR/MWh,FR,FR,imbalance_price,Short,2026-08-05T12:06:18Z
2026-08-05T12:02:33Z,2026-08-05T14:02:33+0200,a602df8b-e77d-453c-80cb-eeacd1e89d3b,2026-07-23T04:45:00Z,2026-07-23T06:45:00+0200,177.42,EUR/MWh,FR,FR,imbalance_price,Long,2026-08-05T12:06:18Z
2026-08-05T12:02:33Z,2026-08-05T14:02:33+0200,a602df8b-e77d-453c-80cb-eeacd1e89d3b,2026-07-23T04:45:00Z,2026-07-23T06:45:00+0200,194.14,EUR/MWh,FR,FR,imbalance_price,Short,2026-08-05T12:06:18Z
2026-08-05T12:02:33Z,2026-08-05T14:02:33+0200,a602df8b-e77d-453c-80cb-eeacd1e89d3b,2026-07-23T05:00:00Z,2026-07-23T07:00:00+0200,175.72,EUR/MWh,FR,FR,imbalance_price,Long,2026-08-05T12:06:18Z
2026-08-05T12:02:33Z,2026-08-05T14:02:33+0200,a602df8b-e77d-453c-80cb-eeacd1e89d3b,2026-07-23T05:00:00Z,2026-07-23T07:00:00+0200,192.28,EUR/MWh,FR,FR,imbalance_price,Short,2026-08-05T12:06:18Z
2026-08-05T12:02:33Z,2026-08-05T14:02:33+0200,a602df8b-e77d-453c-80cb-eeacd1e89d3b,2026-07-23T05:15:00Z,2026-07-23T07:15:00+0200,175.59,EUR/MWh,FR,FR,imbalance_price,Long,2026-08-05T12:06:18Z
2026-08-05T12:02:33Z,2026-08-05T14:02:33+0200,a602df8b-e77d-453c-80cb-eeacd1e89d3b,2026-07-23T05:15:00Z,2026-07-23T07:15:00+0200,192.13,EUR/MWh,FR,FR,imbalance_price,Short,2026-08-05T12:06:18Z
2026-08-05T12:02:33Z,2026-08-05T14:02:33+0200,a602df8b-e77d-453c-80cb-eeacd1e89d3b,2026-07-23T05:30:00Z,2026-07-23T07:30:00+0200,175.72,EUR/MWh,FR,FR,imbalance_price,Long,2026-08-05T12:06:18Z
2026-08-05T12:02:33Z,2026-08-05T14:02:33+0200,a602df8b-e77d-453c-80cb-eeacd1e89d3b,2026-07-23T05:30:00Z,2026-07-23T07:30:00+0200,192.28,EUR/MWh,FR,FR,imbalance_price,Short,2026-08-05T12:06:18Z
2026-08-05T12:02:33Z,2026-08-05T14:02:33+0200,a602df8b-e77d-453c-80cb-eeacd1e89d3b,2026-07-23T05:45:00Z,2026-07-23T07:45:00+0200,175.71,EUR/MWh,FR,FR,imbalance_price,Long,2026-08-05T12:06:18Z
2026-08-05T12:02:33Z,2026-08-05T14:02:33+0200,a602df8b-e77d-453c-80cb-eeacd1e89d3b,2026-07-23T05:45:00Z,2026-07-23T07:45:00+0200,192.27,EUR/MWh,FR,FR,imbalance_price,Short,2026-08-05T12:06:18Z
2026-08-05T12:02:33Z,2026-08-05T14:02:33+0200,a602df8b-e77d-453c-80cb-eeacd1e89d3b,2026-07-23T06:00:00Z,2026-07-23T08:00:00+0200,100.23,EUR/MWh,FR,FR,imbalance_price,Long,2026-08-05T12:06:18Z
2026-08-05T12:02:33Z,2026-08-05T14:02:33+0200,a602df8b-e77d-453c-80cb-eeacd1e89d3b,2026-07-23T06:00:00Z,2026-07-23T08:00:00+0200,109.67,EUR/MWh,FR,FR,imbalance_price,Short,2026-08-05T12:06:18Z
2026-08-05T12:02:33Z,2026-08-05T14:02:33+0200,a602df8b-e77d-453c-80cb-eeacd1e89d3b,2026-07-23T06:15:00Z,2026-07-23T08:15:00+0200,148.21,EUR/MWh,FR,FR,imbalance_price,Long,2026-08-05T12:06:18Z
2026-08-05T12:02:33Z,2026-08-05T14:02:33+0200,a602df8b-e77d-453c-80cb-eeacd1e89d3b,2026-07-23T06:15:00Z,2026-07-23T08:15:00+0200,162.17,EUR/MWh,FR,FR,imbalance_price,Short,2026-08-05T12:06:18Z
2026-08-05T12:02:33Z,2026-08-05T14:02:33+0200,a602df8b-e77d-453c-80cb-eeacd1e89d3b,2026-07-23T06:30:00Z,2026-07-23T08:30:00+0200,158.44,EUR/MWh,FR,FR,imbalance_price,Long,2026-08-05T12:06:18Z
2026-08-05T12:02:33Z,2026-08-05T14:02:33+0200,a602df8b-e77d-453c-80cb-eeacd1e89d3b,2026-07-23T06:30:00Z,2026-07-23T08:30:00+0200,173.38,EUR/MWh,FR,FR,imbalance_price,Short,2026-08-05T12:06:18Z
2026-08-05T12:02:33Z,2026-08-05T14:02:33+0200,a602df8b-e77d-453c-80cb-eeacd1e89d3b,2026-07-23T06:45:00Z,2026-07-23T08:45:00+0200,168.45,EUR/MWh,FR,FR,imbalance_price,Long,2026-08-05T12:06:18Z
2026-08-05T12:02:33Z,2026-08-05T14:02:33+0200,a602df8b-e77d-453c-80cb-eeacd1e89d3b,2026-07-23T06:45:00Z,2026-07-23T08:45:00+0200,184.33,EUR/MWh,FR,FR,imbalance_price,Short,2026-08-05T12:06:18Z
2026-08-05T12:02:33Z,2026-08-05T14:02:33+0200,a602df8b-e77d-453c-80cb-eeacd1e89d3b,2026-07-23T07:00:00Z,2026-07-23T09:00:00+0200,192.48,EUR/MWh,FR,FR,imbalance_price,Long,2026-08-05T12:06:18Z
2026-08-05T12:02:33Z,2026-08-05T14:02:33+0200,a602df8b-e77d-453c-80cb-eeacd1e89d3b,2026-07-23T07:00:00Z,2026-07-23T09:00:00+0200,210.62,EUR/MWh,FR,FR,imbalance_price,Short,2026-08-05T12:06:18Z
2026-08-05T12:02:33Z,2026-08-05T14:02:33+0200,a602df8b-e77d-453c-80cb-eeacd1e89d3b,2026-07-23T07:15:00Z,2026-07-23T09:15:00+0200,191.28,EUR/MWh,FR,FR,imbalance_price,Long,2026-08-05T12:06:18Z
2026-08-05T12:02:33Z,2026-08-05T14:02:33+0200,a602df8b-e77d-453c-80cb-eeacd1e89d3b,2026-07-23T07:15:00Z,2026-07-23T09:15:00+0200,209.3,EUR/MWh,FR,FR,imbalance_price,Short,2026-08-05T12:06:18Z
2026-08-05T12:02:33Z,2026-08-05T14:02:33+0200,a602df8b-e77d-453c-80cb-eeacd1e89d3b,2026-07-23T07:30:00Z,2026-07-23T09:30:00+0200,197.91,EUR/MWh,FR,FR,imbalance_price,Long,2026-08-05T12:06:18Z
2026-08-05T12:02:33Z,2026-08-05T14:02:33+0200,a602df8b-e77d-453c-80cb-eeacd1e89d3b,2026-07-23T07:30:00Z,2026-07-23T09:30:00+0200,216.57,EUR/MWh,FR,FR,imbalance_price,Short,2026-08-05T12:06:18Z
2026-08-05T12:02:33Z,2026-08-05T14:02:33+0200,a602df8b-e77d-453c-80cb-eeacd1e89d3b,2026-07-23T07:45:00Z,2026-07-23T09:45:00+0200,198.18,EUR/MWh,FR,FR,imbalance_price,Long,2026-08-05T12:06:18Z
2026-08-05T12:02:33Z,2026-08-05T14:02:33+0200,a602df8b-e77d-453c-80cb-eeacd1e89d3b,2026-07-23T07:45:00Z,2026-07-23T09:45:00+0200,216.86,EUR/MWh,FR,FR,imbalance_price,Short,2026-08-05T12:06:18Z
2026-08-05T12:02:33Z,2026-08-05T14:02:33+0200,a602df8b-e77d-453c-80cb-eeacd1e89d3b,2026-07-23T08:00:00Z,2026-07-23T10:00:00+0200,54.17,EUR/MWh,FR,FR,imbalance_price,Long,2026-08-05T12:06:18Z
2026-08-05T12:02:33Z,2026-08-05T14:02:33+0200,a602df8b-e77d-453c-80cb-eeacd1e89d3b,2026-07-23T08:00:00Z,2026-07-23T10:00:00+0200,59.27,EUR/MWh,FR,FR,imbalance_price,Short,2026-08-05T12:06:18Z
2026-08-05T12:02:33Z,2026-08-05T14:02:33+0200,a602df8b-e77d-453c-80cb-eeacd1e89d3b,2026-07-23T08:15:00Z,2026-07-23T10:15:00+0200,41.74,EUR/MWh,FR,FR,imbalance_price,Long,2026-08-05T12:06:18Z
2026-08-05T12:02:33Z,2026-08-05T14:02:33+0200,a602df8b-e77d-453c-80cb-eeacd1e89d3b,2026-07-23T08:15:00Z,2026-07-23T10:15:00+0200,45.68,EUR/MWh,FR,FR,imbalance_price,Short,2026-08-05T12:06:18Z
2026-08-05T12:02:33Z,2026-08-05T14:02:33+0200,a602df8b-e77d-453c-80cb-eeacd1e89d3b,2026-07-23T08:30:00Z,2026-07-23T10:30:00+0200,4.42,EUR/MWh,FR,FR,imbalance_price,Long,2026-08-05T12:06:18Z
2026-08-05T12:02:33Z,2026-08-05T14:02:33+0200,a602df8b-e77d-453c-80cb-eeacd1e89d3b,2026-07-23T08:30:00Z,2026-07-23T10:30:00+0200,4.84,EUR/MWh,FR,FR,imbalance_price,Short,2026-08-05T12:06:18Z
2026-08-05T12:02:33Z,2026-08-05T14:02:33+0200,a602df8b-e77d-453c-80cb-eeacd1e89d3b,2026-07-23T08:45:00Z,2026-07-23T10:45:00+0200,-2.05,EUR/MWh,FR,FR,imbalance_price,Long,2026-08-05T12:06:18Z
2026-08-05T12:02:33Z,2026-08-05T14:02:33+0200,a602df8b-e77d-453c-80cb-eeacd1e89d3b,2026-07-23T08:45:00Z,2026-07-23T10:45:00+0200,-1.87,EUR/MWh,FR,FR,imbalance_price,Short,2026-08-05T12:06:18Z
2026-08-05T12:02:33Z,2026-08-05T14:02:33+0200,a602df8b-e77d-453c-80cb-eeacd1e89d3b,2026-07-23T09:00:00Z,2026-07-23T11:00:00+0200,-19.78,EUR/MWh,FR,FR,imbalance_price,Long,2026-08-05T12:06:18Z
2026-08-05T12:02:33Z,2026-08-05T14:02:33+0200,a602df8b-e77d-453c-80cb-eeacd1e89d3b,2026-07-23T09:00:00Z,2026-07-23T11:00:00+0200,-18.08,EUR/MWh,FR,FR,imbalance_price,Short,2026-08-05T12:06:18Z
2026-08-05T12:02:33Z,2026-08-05T14:02:33+0200,a602df8b-e77d-453c-80cb-eeacd1e89d3b,2026-07-23T09:15:00Z,2026-07-23T11:15:00+0200,-19.78,EUR/MWh,FR,FR,imbalance_price,Long,2026-08-05T12:06:18Z
2026-08-05T12:02:33Z,2026-08-05T14:02:33+0200,a602df8b-e77d-453c-80cb-eeacd1e89d3b,2026-07-23T09:15:00Z,2026-07-23T11:15:00+0200,-18.08,EUR/MWh,FR,FR,imbalance_price,Short,2026-08-05T12:06:18Z
2026-08-05T12:02:33Z,2026-08-05T14:02:33+0200,a602df8b-e77d-453c-80cb-eeacd1e89d3b,2026-07-23T09:30:00Z,2026-07-23T11:30:00+0200,-19.78,EUR/MWh,FR,FR,imbalance_price,Long,2026-08-05T12:06:18Z
2026-08-05T12:02:33Z,2026-08-05T14:02:33+0200,a602df8b-e77d-453c-80cb-eeacd1e89d3b,2026-07-23T09:30:00Z,2026-07-23T11:30:00+0200,-18.08,EUR/MWh,FR,FR,imbalance_price,Short,2026-08-05T12:06:18Z
2026-08-05T12:02:33Z,2026-08-05T14:02:33+0200,a602df8b-e77d-453c-80cb-eeacd1e89d3b,2026-07-23T09:45:00Z,2026-07-23T11:45:00+0200,-19.78,EUR/MWh,FR,FR,imbalance_price,Long,2026-08-05T12:06:18Z
2026-08-05T12:02:33Z,2026-08-05T14:02:33+0200,a602df8b-e77d-453c-80cb-eeacd1e89d3b,2026-07-23T09:45:00Z,2026-07-23T11:45:00+0200,-18.08,EUR/MWh,FR,FR,imbalance_price,Short,2026-08-05T12:06:18Z
2026-08-05T12:02:33Z,2026-08-05T14:02:33+0200,a602df8b-e77d-453c-80cb-eeacd1e89d3b,2026-07-23T10:00:00Z,2026-07-23T12:00:00+0200,-20.21,EUR/MWh,FR,FR,imbalance_price,Long,2026-08-05T12:06:18Z
2026-08-05T12:02:33Z,2026-08-05T14:02:33+0200,a602df8b-e77d-453c-80cb-eeacd1e89d3b,2026-07-23T10:00:00Z,2026-07-23T12:00:00+0200,-18.47,EUR/MWh,FR,FR,imbalance_price,Short,2026-08-05T12:06:18Z
2026-08-05T12:02:33Z,2026-08-05T14:02:33+0200,a602df8b-e77d-453c-80cb-eeacd1e89d3b,2026-07-23T10:15:00Z,2026-07-23T12:15:00+0200,-19.94,EUR/MWh,FR,FR,imbalance_price,Long,2026-08-05T12:06:18Z
2026-08-05T12:02:33Z,2026-08-05T14:02:33+0200,a602df8b-e77d-453c-80cb-eeacd1e89d3b,2026-07-23T10:15:00Z,2026-07-23T12:15:00+0200,-18.22,EUR/MWh,FR,FR,imbalance_price,Short,2026-08-05T12:06:18Z
2026-08-05T12:02:33Z,2026-08-05T14:02:33+0200,a602df8b-e77d-453c-80cb-eeacd1e89d3b,2026-07-23T10:30:00Z,2026-07-23T12:30:00+0200,-19.78,EUR/MWh,FR,FR,imbalance_price,Long,2026-08-05T12:06:18Z
2026-08-05T12:02:33Z,2026-08-05T14:02:33+0200,a602df8b-e77d-453c-80cb-eeacd1e89d3b,2026-07-23T10:30:00Z,2026-07-23T12:30:00+0200,-18.08,EUR/MWh,FR,FR,imbalance_price,Short,2026-08-05T12:06:18Z
2026-08-05T12:02:33Z,2026-08-05T14:02:33+0200,a602df8b-e77d-453c-80cb-eeacd1e89d3b,2026-07-23T10:45:00Z,2026-07-23T12:45:00+0200,-19.78,EUR/MWh,FR,FR,imbalance_price,Long,2026-08-05T12:06:18Z
2026-08-05T12:02:33Z,2026-08-05T14:02:33+0200,a602df8b-e77d-453c-80cb-eeacd1e89d3b,2026-07-23T10:45:00Z,2026-07-23T12:45:00+0200,-18.08,EUR/MWh,FR,FR,imbalance_price,Short,2026-08-05T12:06:18Z
2026-08-05T12:02:33Z,2026-08-05T14:02:33+0200,a602df8b-e77d-453c-80cb-eeacd1e89d3b,2026-07-23T11:00:00Z,2026-07-23T13:00:00+0200,-19.78,EUR/MWh,FR,FR,imbalance_price,Long,2026-08-05T12:06:18Z
2026-08-05T12:02:33Z,2026-08-05T14:02:33+0200,a602df8b-e77d-453c-80cb-eeacd1e89d3b,2026-07-23T11:00:00Z,2026-07-23T13:00:00+0200,-18.08,EUR/MWh,FR,FR,imbalance_price,Short,2026-08-05T12:06:18Z
2026-08-05T12:02:33Z,2026-08-05T14:02:33+0200,a602df8b-e77d-453c-80cb-eeacd1e89d3b,2026-07-23T11:15:00Z,2026-07-23T13:15:00+0200,-19.78,EUR/MWh,FR,FR,imbalance_price,Long,2026-08-05T12:06:18Z
2026-08-05T12:02:33Z,2026-08-05T14:02:33+0200,a602df8b-e77d-453c-80cb-eeacd1e89d3b,2026-07-23T11:15:00Z,2026-07-23T13:15:00+0200,-18.08,EUR/MWh,FR,FR,imbalance_price,Short,2026-08-05T12:06:18Z
2026-08-05T12:02:33Z,2026-08-05T14:02:33+0200,a602df8b-e77d-453c-80cb-eeacd1e89d3b,2026-07-23T11:30:00Z,2026-07-23T13:30:00+0200,-19.78,EUR/MWh,FR,FR,imbalance_price,Long,2026-08-05T12:06:18Z
2026-08-05T12:02:33Z,2026-08-05T14:02:33+0200,a602df8b-e77d-453c-80cb-eeacd1e89d3b,2026-07-23T11:30:00Z,2026-07-23T13:30:00+0200,-18.08,EUR/MWh,FR,FR,imbalance_price,Short,2026-08-05T12:06:18Z
2026-08-05T12:02:33Z,2026-08-05T14:02:33+0200,a602df8b-e77d-453c-80cb-eeacd1e89d3b,2026-07-23T11:45:00Z,2026-07-23T13:45:00+0200,-19.78,EUR/MWh,FR,FR,imbalance_price,Long,2026-08-05T12:06:18Z
2026-08-05T12:02:33Z,2026-08-05T14:02:33+0200,a602df8b-e77d-453c-80cb-eeacd1e89d3b,2026-07-23T11:45:00Z,2026-07-23T13:45:00+0200,-18.08,EUR/MWh,FR,FR,imbalance_price,Short,2026-08-05T12:06:18Z
2026-08-05T12:02:33Z,2026-08-05T14:02:33+0200,a602df8b-e77d-453c-80cb-eeacd1e89d3b,2026-07-23T12:00:00Z,2026-07-23T14:00:00+0200,56.6,EUR/MWh,FR,FR,imbalance_price,Long,2026-08-05T12:06:18Z
2026-08-05T12:02:33Z,2026-08-05T14:02:33+0200,a602df8b-e77d-453c-80cb-eeacd1e89d3b,2026-07-23T12:00:00Z,2026-07-23T14:00:00+0200,61.94,EUR/MWh,FR,FR,imbalance_price,Short,2026-08-05T12:06:18Z
2026-08-05T12:02:33Z,2026-08-05T14:02:33+0200,a602df8b-e77d-453c-80cb-eeacd1e89d3b,2026-07-23T12:15:00Z,2026-07-23T14:15:00+0200,-25.53,EUR/MWh,FR,FR,imbalance_price,Long,2026-08-05T12:06:18Z
2026-08-05T12:02:33Z,2026-08-05T14:02:33+0200,a602df8b-e77d-453c-80cb-eeacd1e89d3b,2026-07-23T12:15:00Z,2026-07-23T14:15:00+0200,-23.33,EUR/MWh,FR,FR,imbalance_price,Short,2026-08-05T12:06:18Z
2026-08-05T12:02:33Z,2026-08-05T14:02:33+0200,a602df8b-e77d-453c-80cb-eeacd1e89d3b,2026-07-23T12:30:00Z,2026-07-23T14:30:00+0200,-25.53,EUR/MWh,FR,FR,imbalance_price,Long,2026-08-05T12:06:18Z
2026-08-05T12:02:33Z,2026-08-05T14:02:33+0200,a602df8b-e77d-453c-80cb-eeacd1e89d3b,2026-07-23T12:30:00Z,2026-07-23T14:30:00+0200,-23.33,EUR/MWh,FR,FR,imbalance_price,Short,2026-08-05T12:06:18Z
2026-08-05T12:02:33Z,2026-08-05T14:02:33+0200,a602df8b-e77d-453c-80cb-eeacd1e89d3b,2026-07-23T12:45:00Z,2026-07-23T14:45:00+0200,-25.53,EUR/MWh,FR,FR,imbalance_price,Long,2026-08-05T12:06:18Z
2026-08-05T12:02:33Z,2026-08-05T14:02:33+0200,a602df8b-e77d-453c-80cb-eeacd1e89d3b,2026-07-23T12:45:00Z,2026-07-23T14:45:00+0200,-23.33,EUR/MWh,FR,FR,imbalance_price,Short,2026-08-05T12:06:18Z
2026-08-05T12:02:33Z,2026-08-05T14:02:33+0200,a602df8b-e77d-453c-80cb-eeacd1e89d3b,2026-07-23T13:00:00Z,2026-07-23T15:00:00+0200,-25.53,EUR/MWh,FR,FR,imbalance_price,Long,2026-08-05T12:06:18Z
2026-08-05T12:02:33Z,2026-08-05T14:02:33+0200,a602df8b-e77d-453c-80cb-eeacd1e89d3b,2026-07-23T13:00:00Z,2026-07-23T15:00:00+0200,-23.33,EUR/MWh,FR,FR,imbalance_price,Short,2026-08-05T12:06:18Z
2026-08-05T12:02:33Z,2026-08-05T14:02:33+0200,a602df8b-e77d-453c-80cb-eeacd1e89d3b,2026-07-23T13:15:00Z,2026-07-23T15:15:00+0200,-40.24,EUR/MWh,FR,FR,imbalance_price,Long,2026-08-05T12:06:18Z
2026-08-05T12:02:33Z,2026-08-05T14:02:33+0200,a602df8b-e77d-453c-80cb-eeacd1e89d3b,2026-07-23T13:15:00Z,2026-07-23T15:15:00+0200,-36.78,EUR/MWh,FR,FR,imbalance_price,Short,2026-08-05T12:06:18Z
2026-08-05T12:02:33Z,2026-08-05T14:02:33+0200,a602df8b-e77d-453c-80cb-eeacd1e89d3b,2026-07-23T13:30:00Z,2026-07-23T15:30:00+0200,10.29,EUR/MWh,FR,FR,imbalance_price,Long,2026-08-05T12:06:18Z
2026-08-05T12:02:33Z,2026-08-05T14:02:33+0200,a602df8b-e77d-453c-80cb-eeacd1e89d3b,2026-07-23T13:30:00Z,2026-07-23T15:30:00+0200,11.25,EUR/MWh,FR,FR,imbalance_price,Short,2026-08-05T12:06:18Z
2026-08-05T12:02:33Z,2026-08-05T14:02:33+0200,a602df8b-e77d-453c-80cb-eeacd1e89d3b,2026-07-23T13:45:00Z,2026-07-23T15:45:00+0200,-3.47,EUR/MWh,FR,FR,imbalance_price,Long,2026-08-05T12:06:18Z
2026-08-05T12:02:33Z,2026-08-05T14:02:33+0200,a602df8b-e77d-453c-80cb-eeacd1e89d3b,2026-07-23T13:45:00Z,2026-07-23T15:45:00+0200,-3.17,EUR/MWh,FR,FR,imbalance_price,Short,2026-08-05T12:06:18Z
2026-08-05T12:02:33Z,2026-08-05T14:02:33+0200,a602df8b-e77d-453c-80cb-eeacd1e89d3b,2026-07-23T14:00:00Z,2026-07-23T16:00:00+0200,12.98,EUR/MWh,FR,FR,imbalance_price,Long,2026-08-05T12:06:18Z
2026-08-05T12:02:33Z,2026-08-05T14:02:33+0200,a602df8b-e77d-453c-80cb-eeacd1e89d3b,2026-07-23T14:00:00Z,2026-07-23T16:00:00+0200,14.2,EUR/MWh,FR,FR,imbalance_price,Short,2026-08-05T12:06:18Z
2026-08-05T12:02:33Z,2026-08-05T14:02:33+0200,a602df8b-e77d-453c-80cb-eeacd1e89d3b,2026-07-23T14:15:00Z,2026-07-23T16:15:00+0200,-40.24,EUR/MWh,FR,FR,imbalance_price,Long,2026-08-05T12:06:18Z
2026-08-05T12:02:33Z,2026-08-05T14:02:33+0200,a602df8b-e77d-453c-80cb-eeacd1e89d3b,2026-07-23T14:15:00Z,2026-07-23T16:15:00+0200,-36.78,EUR/MWh,FR,FR,imbalance_price,Short,2026-08-05T12:06:18Z
2026-08-05T12:02:33Z,2026-08-05T14:02:33+0200,a602df8b-e77d-453c-80cb-eeacd1e89d3b,2026-07-23T14:30:00Z,2026-07-23T16:30:00+0200,-40.24,EUR/MWh,FR,FR,imbalance_price,Long,2026-08-05T12:06:18Z
2026-08-05T12:02:33Z,2026-08-05T14:02:33+0200,a602df8b-e77d-453c-80cb-eeacd1e89d3b,2026-07-23T14:30:00Z,2026-07-23T16:30:00+0200,-36.78,EUR/MWh,FR,FR,imbalance_price,Short,2026-08-05T12:06:18Z
2026-08-05T12:02:33Z,2026-08-05T14:02:33+0200,a602df8b-e77d-453c-80cb-eeacd1e89d3b,2026-07-23T14:45:00Z,2026-07-23T16:45:00+0200,-40.24,EUR/MWh,FR,FR,imbalance_price,Long,2026-08-05T12:06:18Z
2026-08-05T12:02:33Z,2026-08-05T14:02:33+0200,a602df8b-e77d-453c-80cb-eeacd1e89d3b,2026-07-23T14:45:00Z,2026-07-23T16:45:00+0200,-36.78,EUR/MWh,FR,FR,imbalance_price,Short,2026-08-05T12:06:18Z
2026-08-05T12:02:33Z,2026-08-05T14:02:33+0200,a602df8b-e77d-453c-80cb-eeacd1e89d3b,2026-07-23T15:00:00Z,2026-07-23T17:00:00+0200,-75.07,EUR/MWh,FR,FR,imbalance_price,Long,2026-08-05T12:06:18Z
2026-08-05T12:02:33Z,2026-08-05T14:02:33+0200,a602df8b-e77d-453c-80cb-eeacd1e89d3b,2026-07-23T15:00:00Z,2026-07-23T17:00:00+0200,-68.61,EUR/MWh,FR,FR,imbalance_price,Short,2026-08-05T12:06:18Z
2026-08-05T12:02:33Z,2026-08-05T14:02:33+0200,a602df8b-e77d-453c-80cb-eeacd1e89d3b,2026-07-23T15:15:00Z,2026-07-23T17:15:00+0200,-9.51,EUR/MWh,FR,FR,imbalance_price,Long,2026-08-05T12:06:18Z
2026-08-05T12:02:33Z,2026-08-05T14:02:33+0200,a602df8b-e77d-453c-80cb-eeacd1e89d3b,2026-07-23T15:15:00Z,2026-07-23T17:15:00+0200,-8.69,EUR/MWh,FR,FR,imbalance_price,Short,2026-08-05T12:06:18Z
2026-08-05T12:02:33Z,2026-08-05T14:02:33+0200,a602df8b-e77d-453c-80cb-eeacd1e89d3b,2026-07-23T15:30:00Z,2026-07-23T17:30:00+0200,33.2,EUR/MWh,FR,FR,imbalance_price,Long,2026-08-05T12:06:18Z
2026-08-05T12:02:33Z,2026-08-05T14:02:33+0200,a602df8b-e77d-453c-80cb-eeacd1e89d3b,2026-07-23T15:30:00Z,2026-07-23T17:30:00+0200,36.32,EUR/MWh,FR,FR,imbalance_price,Short,2026-08-05T12:06:18Z
2026-08-05T12:02:33Z,2026-08-05T14:02:33+0200,a602df8b-e77d-453c-80cb-eeacd1e89d3b,2026-07-23T15:45:00Z,2026-07-23T17:45:00+0200,-158.29,EUR/MWh,FR,FR,imbalance_price,Long,2026-08-05T12:06:18Z
2026-08-05T12:02:33Z,2026-08-05T14:02:33+0200,a602df8b-e77d-453c-80cb-eeacd1e89d3b,2026-07-23T15:45:00Z,2026-07-23T17:45:00+0200,-144.65,EUR/MWh,FR,FR,imbalance_price,Short,2026-08-05T12:06:18Z
2026-08-05T12:02:33Z,2026-08-05T14:02:33+0200,a602df8b-e77d-453c-80cb-eeacd1e89d3b,2026-07-23T16:00:00Z,2026-07-23T18:00:00+0200,21.77,EUR/MWh,FR,FR,imbalance_price,Long,2026-08-05T12:06:18Z
2026-08-05T12:02:33Z,2026-08-05T14:02:33+0200,a602df8b-e77d-453c-80cb-eeacd1e89d3b,2026-07-23T16:00:00Z,2026-07-23T18:00:00+0200,23.83,EUR/MWh,FR,FR,imbalance_price,Short,2026-08-05T12:06:18Z
2026-08-05T12:02:33Z,2026-08-05T14:02:33+0200,a602df8b-e77d-453c-80cb-eeacd1e89d3b,2026-07-23T16:15:00Z,2026-07-23T18:15:00+0200,-40.24,EUR/MWh,FR,FR,imbalance_price,Long,2026-08-05T12:06:18Z
2026-08-05T12:02:33Z,2026-08-05T14:02:33+0200,a602df8b-e77d-453c-80cb-eeacd1e89d3b,2026-07-23T16:15:00Z,2026-07-23T18:15:00+0200,-36.78,EUR/MWh,FR,FR,imbalance_price,Short,2026-08-05T12:06:18Z
2026-08-05T12:02:33Z,2026-08-05T14:02:33+0200,a602df8b-e77d-453c-80cb-eeacd1e89d3b,2026-07-23T16:30:00Z,2026-07-23T18:30:00+0200,91.67,EUR/MWh,FR,FR,imbalance_price,Long,2026-08-05T12:06:18Z
2026-08-05T12:02:33Z,2026-08-05T14:02:33+0200,a602df8b-e77d-453c-80cb-eeacd1e89d3b,2026-07-23T16:30:00Z,2026-07-23T18:30:00+0200,100.31,EUR/MWh,FR,FR,imbalance_price,Short,2026-08-05T12:06:18Z
2026-08-05T12:02:33Z,2026-08-05T14:02:33+0200,a602df8b-e77d-453c-80cb-eeacd1e89d3b,2026-07-23T16:45:00Z,2026-07-23T18:45:00+0200,118.36,EUR/MWh,FR,FR,imbalance_price,Long,2026-08-05T12:06:18Z
2026-08-05T12:02:33Z,2026-08-05T14:02:33+0200,a602df8b-e77d-453c-80cb-eeacd1e89d3b,2026-07-23T16:45:00Z,2026-07-23T18:45:00+0200,129.52,EUR/MWh,FR,FR,imbalance_price,Short,2026-08-05T12:06:18Z
2026-08-05T12:02:33Z,2026-08-05T14:02:33+0200,a602df8b-e77d-453c-80cb-eeacd1e89d3b,2026-07-23T17:00:00Z,2026-07-23T19:00:00+0200,42.08,EUR/MWh,FR,FR,imbalance_price,Long,2026-08-05T12:06:18Z
2026-08-05T12:02:33Z,2026-08-05T14:02:33+0200,a602df8b-e77d-453c-80cb-eeacd1e89d3b,2026-07-23T17:00:00Z,2026-07-23T19:00:00+0200,46.04,EUR/MWh,FR,FR,imbalance_price,Short,2026-08-05T12:06:18Z
2026-08-05T12:02:33Z,2026-08-05T14:02:33+0200,a602df8b-e77d-453c-80cb-eeacd1e89d3b,2026-07-23T17:15:00Z,2026-07-23T19:15:00+0200,157.8,EUR/MWh,FR,FR,imbalance_price,Long,2026-08-05T12:06:18Z
2026-08-05T12:02:33Z,2026-08-05T14:02:33+0200,a602df8b-e77d-453c-80cb-eeacd1e89d3b,2026-07-23T17:15:00Z,2026-07-23T19:15:00+0200,172.68,EUR/MWh,FR,FR,imbalance_price,Short,2026-08-05T12:06:18Z
2026-08-05T12:02:33Z,2026-08-05T14:02:33+0200,a602df8b-e77d-453c-80cb-eeacd1e89d3b,2026-07-23T17:30:00Z,2026-07-23T19:30:00+0200,108.61,EUR/MWh,FR,FR,imbalance_price,Long,2026-08-05T12:06:18Z
2026-08-05T12:02:33Z,2026-08-05T14:02:33+0200,a602df8b-e77d-453c-80cb-eeacd1e89d3b,2026-07-23T17:30:00Z,2026-07-23T19:30:00+0200,118.85,EUR/MWh,FR,FR,imbalance_price,Short,2026-08-05T12:06:18Z
2026-08-05T12:02:33Z,2026-08-05T14:02:33+0200,a602df8b-e77d-453c-80cb-eeacd1e89d3b,2026-07-23T17:45:00Z,2026-07-23T19:45:00+0200,166.25,EUR/MWh,FR,FR,imbalance_price,Long,2026-08-05T12:06:18Z
2026-08-05T12:02:33Z,2026-08-05T14:02:33+0200,a602df8b-e77d-453c-80cb-eeacd1e89d3b,2026-07-23T17:45:00Z,2026-07-23T19:45:00+0200,181.91,EUR/MWh,FR,FR,imbalance_price,Short,2026-08-05T12:06:18Z
2026-08-05T12:02:33Z,2026-08-05T14:02:33+0200,a602df8b-e77d-453c-80cb-eeacd1e89d3b,2026-07-23T18:00:00Z,2026-07-23T20:00:00+0200,155.68,EUR/MWh,FR,FR,imbalance_price,Long,2026-08-05T12:06:18Z
2026-08-05T12:02:33Z,2026-08-05T14:02:33+0200,a602df8b-e77d-453c-80cb-eeacd1e89d3b,2026-07-23T18:00:00Z,2026-07-23T20:00:00+0200,170.36,EUR/MWh,FR,FR,imbalance_price,Short,2026-08-05T12:06:18Z
2026-08-05T12:02:33Z,2026-08-05T14:02:33+0200,a602df8b-e77d-453c-80cb-eeacd1e89d3b,2026-07-23T18:15:00Z,2026-07-23T20:15:00+0200,152.31,EUR/MWh,FR,FR,imbalance_price,Long,2026-08-05T12:06:18Z
2026-08-05T12:02:33Z,2026-08-05T14:02:33+0200,a602df8b-e77d-453c-80cb-eeacd1e89d3b,2026-07-23T18:15:00Z,2026-07-23T20:15:00+0200,166.67,EUR/MWh,FR,FR,imbalance_price,Short,2026-08-05T12:06:18Z
2026-08-05T12:02:33Z,2026-08-05T14:02:33+0200,a602df8b-e77d-453c-80cb-eeacd1e89d3b,2026-07-23T18:30:00Z,2026-07-23T20:30:00+0200,147.22,EUR/MWh,FR,FR,imbalance_price,Long,2026-08-05T12:06:18Z
2026-08-05T12:02:33Z,2026-08-05T14:02:33+0200,a602df8b-e77d-453c-80cb-eeacd1e89d3b,2026-07-23T18:30:00Z,2026-07-23T20:30:00+0200,161.1,EUR/MWh,FR,FR,imbalance_price,Short,2026-08-05T12:06:18Z
2026-08-05T12:02:33Z,2026-08-05T14:02:33+0200,a602df8b-e77d-453c-80cb-eeacd1e89d3b,2026-07-23T18:45:00Z,2026-07-23T20:45:00+0200,138.02,EUR/MWh,FR,FR,imbalance_price,Long,2026-08-05T12:06:18Z
2026-08-05T12:02:33Z,2026-08-05T14:02:33+0200,a602df8b-e77d-453c-80cb-eeacd1e89d3b,2026-07-23T18:45:00Z,2026-07-23T20:45:00+0200,151.02,EUR/MWh,FR,FR,imbalance_price,Short,2026-08-05T12:06:18Z
2026-08-05T12:02:33Z,2026-08-05T14:02:33+0200,a602df8b-e77d-453c-80cb-eeacd1e89d3b,2026-07-23T19:00:00Z,2026-07-23T21:00:00+0200,157.27,EUR/MWh,FR,FR,imbalance_price,Long,2026-08-05T12:06:18Z
2026-08-05T12:02:33Z,2026-08-05T14:02:33+0200,a602df8b-e77d-453c-80cb-eeacd1e89d3b,2026-07-23T19:00:00Z,2026-07-23T21:00:00+0200,172.09,EUR/MWh,FR,FR,imbalance_price,Short,2026-08-05T12:06:18Z
2026-08-05T12:02:33Z,2026-08-05T14:02:33+0200,a602df8b-e77d-453c-80cb-eeacd1e89d3b,2026-07-23T19:15:00Z,2026-07-23T21:15:00+0200,158.83,EUR/MWh,FR,FR,imbalance_price,Long,2026-08-05T12:06:18Z
2026-08-05T12:02:33Z,2026-08-05T14:02:33+0200,a602df8b-e77d-453c-80cb-eeacd1e89d3b,2026-07-23T19:15:00Z,2026-07-23T21:15:00+0200,173.79,EUR/MWh,FR,FR,imbalance_price,Short,2026-08-05T12:06:18Z
2026-08-05T12:02:33Z,2026-08-05T14:02:33+0200,a602df8b-e77d-453c-80cb-eeacd1e89d3b,2026-07-23T19:30:00Z,2026-07-23T21:30:00+0200,163.73,EUR/MWh,FR,FR,imbalance_price,Long,2026-08-05T12:06:18Z
2026-08-05T12:02:33Z,2026-08-05T14:02:33+0200,a602df8b-e77d-453c-80cb-eeacd1e89d3b,2026-07-23T19:30:00Z,2026-07-23T21:30:00+0200,179.15,EUR/MWh,FR,FR,imbalance_price,Short,2026-08-05T12:06:18Z
2026-08-05T12:02:33Z,2026-08-05T14:02:33+0200,a602df8b-e77d-453c-80cb-eeacd1e89d3b,2026-07-23T19:45:00Z,2026-07-23T21:45:00+0200,131.82,EUR/MWh,FR,FR,imbalance_price,Long,2026-08-05T12:06:18Z
2026-08-05T12:02:33Z,2026-08-05T14:02:33+0200,a602df8b-e77d-453c-80cb-eeacd1e89d3b,2026-07-23T19:45:00Z,2026-07-23T21:45:00+0200,144.24,EUR/MWh,FR,FR,imbalance_price,Short,2026-08-05T12:06:18Z
2026-08-05T12:02:33Z,2026-08-05T14:02:33+0200,a602df8b-e77d-453c-80cb-eeacd1e89d3b,2026-07-23T20:00:00Z,2026-07-23T22:00:00+0200,161.83,EUR/MWh,FR,FR,imbalance_price,Long,2026-08-05T12:06:18Z
2026-08-05T12:02:33Z,2026-08-05T14:02:33+0200,a602df8b-e77d-453c-80cb-eeacd1e89d3b,2026-07-23T20:00:00Z,2026-07-23T22:00:00+0200,177.09,EUR/MWh,FR,FR,imbalance_price,Short,2026-08-05T12:06:18Z
2026-08-05T12:02:33Z,2026-08-05T14:02:33+0200,a602df8b-e77d-453c-80cb-eeacd1e89d3b,2026-07-23T20:15:00Z,2026-07-23T22:15:00+0200,158.27,EUR/MWh,FR,FR,imbalance_price,Long,2026-08-05T12:06:18Z
2026-08-05T12:02:33Z,2026-08-05T14:02:33+0200,a602df8b-e77d-453c-80cb-eeacd1e89d3b,2026-07-23T20:15:00Z,2026-07-23T22:15:00+0200,173.19,EUR/MWh,FR,FR,imbalance_price,Short,2026-08-05T12:06:18Z
2026-08-05T12:02:33Z,2026-08-05T14:02:33+0200,a602df8b-e77d-453c-80cb-eeacd1e89d3b,2026-07-23T20:30:00Z,2026-07-23T22:30:00+0200,161.61,EUR/MWh,FR,FR,imbalance_price,Long,2026-08-05T12:06:18Z
2026-08-05T12:02:33Z,2026-08-05T14:02:33+0200,a602df8b-e77d-453c-80cb-eeacd1e89d3b,2026-07-23T20:30:00Z,2026-07-23T22:30:00+0200,176.83,EUR/MWh,FR,FR,imbalance_price,Short,2026-08-05T12:06:18Z
2026-08-05T12:02:33Z,2026-08-05T14:02:33+0200,a602df8b-e77d-453c-80cb-eeacd1e89d3b,2026-07-23T20:45:00Z,2026-07-23T22:45:00+0200,160.83,EUR/MWh,FR,FR,imbalance_price,Long,2026-08-05T12:06:18Z
2026-08-05T12:02:33Z,2026-08-05T14:02:33+0200,a602df8b-e77d-453c-80cb-eeacd1e89d3b,2026-07-23T20:45:00Z,2026-07-23T22:45:00+0200,175.99,EUR/MWh,FR,FR,imbalance_price,Short,2026-08-05T12:06:18Z
2026-08-05T12:02:33Z,2026-08-05T14:02:33+0200,a602df8b-e77d-453c-80cb-eeacd1e89d3b,2026-07-23T21:00:00Z,2026-07-23T23:00:00+0200,153.93,EUR/MWh,FR,FR,imbalance_price,Long,2026-08-05T12:06:18Z
2026-08-05T12:02:33Z,2026-08-05T14:02:33+0200,a602df8b-e77d-453c-80cb-eeacd1e89d3b,2026-07-23T21:00:00Z,2026-07-23T23:00:00+0200,168.43,EUR/MWh,FR,FR,imbalance_price,Short,2026-08-05T12:06:18Z
2026-08-05T12:02:33Z,2026-08-05T14:02:33+0200,a602df8b-e77d-453c-80cb-eeacd1e89d3b,2026-07-23T21:15:00Z,2026-07-23T23:15:00+0200,176.68,EUR/MWh,FR,FR,imbalance_price,Long,2026-08-05T12:06:18Z
2026-08-05T12:02:33Z,2026-08-05T14:02:33+0200,a602df8b-e77d-453c-80cb-eeacd1e89d3b,2026-07-23T21:15:00Z,2026-07-23T23:15:00+0200,193.33,EUR/MWh,FR,FR,imbalance_price,Short,2026-08-05T12:06:18Z
2026-08-05T12:02:33Z,2026-08-05T14:02:33+0200,a602df8b-e77d-453c-80cb-eeacd1e89d3b,2026-07-23T21:30:00Z,2026-07-23T23:30:00+0200,126.7,EUR/MWh,FR,FR,imbalance_price,Long,2026-08-05T12:06:18Z
2026-08-05T12:02:33Z,2026-08-05T14:02:33+0200,a602df8b-e77d-453c-80cb-eeacd1e89d3b,2026-07-23T21:30:00Z,2026-07-23T23:30:00+0200,138.64,EUR/MWh,FR,FR,imbalance_price,Short,2026-08-05T12:06:18Z
2026-08-05T12:02:33Z,2026-08-05T14:02:33+0200,a602df8b-e77d-453c-80cb-eeacd1e89d3b,2026-07-23T21:45:00Z,2026-07-23T23:45:00+0200,140.53,EUR/MWh,FR,FR,imbalance_price,Long,2026-08-05T12:06:18Z
2026-08-05T12:02:33Z,2026-08-05T14:02:33+0200,a602df8b-e77d-453c-80cb-eeacd1e89d3b,2026-07-23T21:45:00Z,2026-07-23T23:45:00+0200,153.77,EUR/MWh,FR,FR,imbalance_price,Short,2026-08-05T12:06:18Z
2026-08-05T12:02:33Z,2026-08-05T14:02:33+0200,a602df8b-e77d-453c-80cb-eeacd1e89d3b,2026-07-23T22:00:00Z,2026-07-24T00:00:00+0200,179.78,EUR/MWh,FR,FR,imbalance_price,Long,2026-08-05T12:06:18Z
2026-08-05T12:02:33Z,2026-08-05T14:02:33+0200,a602df8b-e77d-453c-80cb-eeacd1e89d3b,2026-07-23T22:00:00Z,2026-07-24T00:00:00+0200,196.72,EUR/MWh,FR,FR,imbalance_price,Short,2026-08-05T12:06:18Z
2026-08-05T12:02:33Z,2026-08-05T14:02:33+0200,a602df8b-e77d-453c-80cb-eeacd1e89d3b,2026-07-23T22:15:00Z,2026-07-24T00:15:00+0200,186.59,EUR/MWh,FR,FR,imbalance_price,Long,2026-08-05T12:06:18Z
2026-08-05T12:02:33Z,2026-08-05T14:02:33+0200,a602df8b-e77d-453c-80cb-eeacd1e89d3b,2026-07-23T22:15:00Z,2026-07-24T00:15:00+0200,204.17,EUR/MWh,FR,FR,imbalance_price,Short,2026-08-05T12:06:18Z
2026-08-05T12:02:33Z,2026-08-05T14:02:33+0200,a602df8b-e77d-453c-80cb-eeacd1e89d3b,2026-07-23T22:30:00Z,2026-07-24T00:30:00+0200,177.29,EUR/MWh,FR,FR,imbalance_price,Long,2026-08-05T12:06:18Z
2026-08-05T12:02:33Z,2026-08-05T14:02:33+0200,a602df8b-e77d-453c-80cb-eeacd1e89d3b,2026-07-23T22:30:00Z,2026-07-24T00:30:00+0200,193.99,EUR/MWh,FR,FR,imbalance_price,Short,2026-08-05T12:06:18Z
2026-08-05T12:02:33Z,2026-08-05T14:02:33+0200,a602df8b-e77d-453c-80cb-eeacd1e89d3b,2026-07-23T22:45:00Z,2026-07-24T00:45:00+0200,183.93,EUR/MWh,FR,FR,imbalance_price,Long,2026-08-05T12:06:18Z
2026-08-05T12:02:33Z,2026-08-05T14:02:33+0200,a602df8b-e77d-453c-80cb-eeacd1e89d3b,2026-07-23T22:45:00Z,2026-07-24T00:45:00+0200,201.27,EUR/MWh,FR,FR,imbalance_price,Short,2026-08-05T12:06:18Z
2026-08-05T12:02:33Z,2026-08-05T14:02:33+0200,a602df8b-e77d-453c-80cb-eeacd1e89d3b,2026-07-23T23:00:00Z,2026-07-24T01:00:00+0200,162.67,EUR/MWh,FR,FR,imbalance_price,Long,2026-08-05T12:06:18Z
2026-08-05T12:02:33Z,2026-08-05T14:02:33+0200,a602df8b-e77d-453c-80cb-eeacd1e89d3b,2026-07-23T23:00:00Z,2026-07-24T01:00:00+0200,177.99,EUR/MWh,FR,FR,imbalance_price,Short,2026-08-05T12:06:18Z
2026-08-05T12:02:33Z,2026-08-05T14:02:33+0200,a602df8b-e77d-453c-80cb-eeacd1e89d3b,2026-07-23T23:15:00Z,2026-07-24T01:15:00+0200,96.19,EUR/MWh,FR,FR,imbalance_price,Long,2026-08-05T12:06:18Z
2026-08-05T12:02:33Z,2026-08-05T14:02:33+0200,a602df8b-e77d-453c-80cb-eeacd1e89d3b,2026-07-23T23:15:00Z,2026-07-24T01:15:00+0200,105.25,EUR/MWh,FR,FR,imbalance_price,Short,2026-08-05T12:06:18Z
2026-08-05T12:02:33Z,2026-08-05T14:02:33+0200,a602df8b-e77d-453c-80cb-eeacd1e89d3b,2026-07-23T23:30:00Z,2026-07-24T01:30:00+0200,83.6,EUR/MWh,FR,FR,imbalance_price,Long,2026-08-05T12:06:18Z
2026-08-05T12:02:33Z,2026-08-05T14:02:33+0200,a602df8b-e77d-453c-80cb-eeacd1e89d3b,2026-07-23T23:30:00Z,2026-07-24T01:30:00+0200,91.48,EUR/MWh,FR,FR,imbalance_price,Short,2026-08-05T12:06:18Z
2026-08-05T12:02:33Z,2026-08-05T14:02:33+0200,a602df8b-e77d-453c-80cb-eeacd1e89d3b,2026-07-23T23:45:00Z,2026-07-24T01:45:00+0200,114.65,EUR/MWh,FR,FR,imbalance_price,Long,2026-08-05T12:06:18Z
2026-08-05T12:02:33Z,2026-08-05T14:02:33+0200,a602df8b-e77d-453c-80cb-eeacd1e89d3b,2026-07-23T23:45:00Z,2026-07-24T01:45:00+0200,125.45,EUR/MWh,FR,FR,imbalance_price,Short,2026-08-05T12:06:18Z
2026-08-05T12:02:33Z,2026-08-05T14:02:33+0200,a602df8b-e77d-453c-80cb-eeacd1e89d3b,2026-07-24T00:00:00Z,2026-07-24T02:00:00+0200,120.78,EUR/MWh,FR,FR,imbalance_price,Long,2026-08-05T12:06:18Z
2026-08-05T12:02:33Z,2026-08-05T14:02:33+0200,a602df8b-e77d-453c-80cb-eeacd1e89d3b,2026-07-24T00:00:00Z,2026-07-24T02:00:00+0200,132.16,EUR/MWh,FR,FR,imbalance_price,Short,2026-08-05T12:06:18Z
2026-08-05T12:02:33Z,2026-08-05T14:02:33+0200,a602df8b-e77d-453c-80cb-eeacd1e89d3b,2026-07-24T00:15:00Z,2026-07-24T02:15:00+0200,136.81,EUR/MWh,FR,FR,imbalance_price,Long,2026-08-05T12:06:18Z
2026-08-05T12:02:33Z,2026-08-05T14:02:33+0200,a602df8b-e77d-453c-80cb-eeacd1e89d3b,2026-07-24T00:15:00Z,2026-07-24T02:15:00+0200,149.71,EUR/MWh,FR,FR,imbalance_price,Short,2026-08-05T12:06:18Z
2026-08-05T12:02:33Z,2026-08-05T14:02:33+0200,a602df8b-e77d-453c-80cb-eeacd1e89d3b,2026-07-24T00:30:00Z,2026-07-24T02:30:00+0200,84.25,EUR/MWh,FR,FR,imbalance_price,Long,2026-08-05T12:06:18Z
2026-08-05T12:02:33Z,2026-08-05T14:02:33+0200,a602df8b-e77d-453c-80cb-eeacd1e89d3b,2026-07-24T00:30:00Z,2026-07-24T02:30:00+0200,92.19,EUR/MWh,FR,FR,imbalance_price,Short,2026-08-05T12:06:18Z
2026-08-05T12:02:33Z,2026-08-05T14:02:33+0200,a602df8b-e77d-453c-80cb-eeacd1e89d3b,2026-07-24T00:45:00Z,2026-07-24T02:45:00+0200,43.39,EUR/MWh,FR,FR,imbalance_price,Long,2026-08-05T12:06:18Z
2026-08-05T12:02:33Z,2026-08-05T14:02:33+0200,a602df8b-e77d-453c-80cb-eeacd1e89d3b,2026-07-24T00:45:00Z,2026-07-24T02:45:00+0200,47.47,EUR/MWh,FR,FR,imbalance_price,Short,2026-08-05T12:06:18Z
2026-08-05T12:02:33Z,2026-08-05T14:02:33+0200,a602df8b-e77d-453c-80cb-eeacd1e89d3b,2026-07-24T01:00:00Z,2026-07-24T03:00:00+0200,104.36,EUR/MWh,FR,FR,imbalance_price,Long,2026-08-05T12:06:18Z
2026-08-05T12:02:33Z,2026-08-05T14:02:33+0200,a602df8b-e77d-453c-80cb-eeacd1e89d3b,2026-07-24T01:00:00Z,2026-07-24T03:00:00+0200,114.2,EUR/MWh,FR,FR,imbalance_price,Short,2026-08-05T12:06:18Z
2026-08-05T12:02:33Z,2026-08-05T14:02:33+0200,a602df8b-e77d-453c-80cb-eeacd1e89d3b,2026-07-24T01:15:00Z,2026-07-24T03:15:00+0200,113.75,EUR/MWh,FR,FR,imbalance_price,Long,2026-08-05T12:06:18Z
2026-08-05T12:02:33Z,2026-08-05T14:02:33+0200,a602df8b-e77d-453c-80cb-eeacd1e89d3b,2026-07-24T01:15:00Z,2026-07-24T03:15:00+0200,124.47,EUR/MWh,FR,FR,imbalance_price,Short,2026-08-05T12:06:18Z
2026-08-05T12:02:33Z,2026-08-05T14:02:33+0200,a602df8b-e77d-453c-80cb-eeacd1e89d3b,2026-07-24T01:30:00Z,2026-07-24T03:30:00+0200,86.7,EUR/MWh,FR,FR,imbalance_price,Long,2026-08-05T12:06:18Z
2026-08-05T12:02:33Z,2026-08-05T14:02:33+0200,a602df8b-e77d-453c-80cb-eeacd1e89d3b,2026-07-24T01:30:00Z,2026-07-24T03:30:00+0200,94.88,EUR/MWh,FR,FR,imbalance_price,Short,2026-08-05T12:06:18Z
2026-08-05T12:02:33Z,2026-08-05T14:02:33+0200,a602df8b-e77d-453c-80cb-eeacd1e89d3b,2026-07-24T01:45:00Z,2026-07-24T03:45:00+0200,116.81,EUR/MWh,FR,FR,imbalance_price,Long,2026-08-05T12:06:18Z
2026-08-05T12:02:33Z,2026-08-05T14:02:33+0200,a602df8b-e77d-453c-80cb-eeacd1e89d3b,2026-07-24T01:45:00Z,2026-07-24T03:45:00+0200,127.81,EUR/MWh,FR,FR,imbalance_price,Short,2026-08-05T12:06:18Z
2026-08-05T12:02:33Z,2026-08-05T14:02:33+0200,a602df8b-e77d-453c-80cb-eeacd1e89d3b,2026-07-24T02:00:00Z,2026-07-24T04:00:00+0200,150.53,EUR/MWh,FR,FR,imbalance_price,Long,2026-08-05T12:06:18Z
2026-08-05T12:02:33Z,2026-08-05T14:02:33+0200,a602df8b-e77d-453c-80cb-eeacd1e89d3b,2026-07-24T02:00:00Z,2026-07-24T04:00:00+0200,164.71,EUR/MWh,FR,FR,imbalance_price,Short,2026-08-05T12:06:18Z
2026-08-05T12:02:33Z,2026-08-05T14:02:33+0200,a602df8b-e77d-453c-80cb-eeacd1e89d3b,2026-07-24T02:15:00Z,2026-07-24T04:15:00+0200,186.24,EUR/MWh,FR,FR,imbalance_price,Long,2026-08-05T12:06:18Z
2026-08-05T12:02:33Z,2026-08-05T14:02:33+0200,a602df8b-e77d-453c-80cb-eeacd1e89d3b,2026-07-24T02:15:00Z,2026-07-24T04:15:00+0200,203.8,EUR/MWh,FR,FR,imbalance_price,Short,2026-08-05T12:06:18Z
2026-08-05T12:02:33Z,2026-08-05T14:02:33+0200,a602df8b-e77d-453c-80cb-eeacd1e89d3b,2026-07-24T02:30:00Z,2026-07-24T04:30:00+0200,210.63,EUR/MWh,FR,FR,imbalance_price,Long,2026-08-05T12:06:18Z
2026-08-05T12:02:33Z,2026-08-05T14:02:33+0200,a602df8b-e77d-453c-80cb-eeacd1e89d3b,2026-07-24T02:30:00Z,2026-07-24T04:30:00+0200,230.47,EUR/MWh,FR,FR,imbalance_price,Short,2026-08-05T12:06:18Z
2026-08-05T12:02:33Z,2026-08-05T14:02:33+0200,a602df8b-e77d-453c-80cb-eeacd1e89d3b,2026-07-24T02:45:00Z,2026-07-24T04:45:00+0200,164.64,EUR/MWh,FR,FR,imbalance_price,Long,2026-08-05T12:06:18Z
2026-08-05T12:02:33Z,2026-08-05T14:02:33+0200,a602df8b-e77d-453c-80cb-eeacd1e89d3b,2026-07-24T02:45:00Z,2026-07-24T04:45:00+0200,180.16,EUR/MWh,FR,FR,imbalance_price,Short,2026-08-05T12:06:18Z
2026-08-05T12:02:33Z,2026-08-05T14:02:33+0200,a602df8b-e77d-453c-80cb-eeacd1e89d3b,2026-07-24T03:00:00Z,2026-07-24T05:00:00+0200,175.14,EUR/MWh,FR,FR,imbalance_price,Long,2026-08-05T12:06:18Z
2026-08-05T12:02:33Z,2026-08-05T14:02:33+0200,a602df8b-e77d-453c-80cb-eeacd1e89d3b,2026-07-24T03:00:00Z,2026-07-24T05:00:00+0200,191.64,EUR/MWh,FR,FR,imbalance_price,Short,2026-08-05T12:06:18Z
2026-08-05T12:02:33Z,2026-08-05T14:02:33+0200,a602df8b-e77d-453c-80cb-eeacd1e89d3b,2026-07-24T03:15:00Z,2026-07-24T05:15:00+0200,176.68,EUR/MWh,FR,FR,imbalance_price,Long,2026-08-05T12:06:18Z
2026-08-05T12:02:33Z,2026-08-05T14:02:33+0200,a602df8b-e77d-453c-80cb-eeacd1e89d3b,2026-07-24T03:15:00Z,2026-07-24T05:15:00+0200,193.34,EUR/MWh,FR,FR,imbalance_price,Short,2026-08-05T12:06:18Z
2026-08-05T12:02:33Z,2026-08-05T14:02:33+0200,a602df8b-e77d-453c-80cb-eeacd1e89d3b,2026-07-24T03:30:00Z,2026-07-24T05:30:00+0200,133.45,EUR/MWh,FR,FR,imbalance_price,Long,2026-08-05T12:06:18Z
2026-08-05T12:02:33Z,2026-08-05T14:02:33+0200,a602df8b-e77d-453c-80cb-eeacd1e89d3b,2026-07-24T03:30:00Z,2026-07-24T05:30:00+0200,146.03,EUR/MWh,FR,FR,imbalance_price,Short,2026-08-05T12:06:18Z
2026-08-05T12:02:33Z,2026-08-05T14:02:33+0200,a602df8b-e77d-453c-80cb-eeacd1e89d3b,2026-07-24T03:45:00Z,2026-07-24T05:45:00+0200,122.8,EUR/MWh,FR,FR,imbalance_price,Long,2026-08-05T12:06:18Z
2026-08-05T12:02:33Z,2026-08-05T14:02:33+0200,a602df8b-e77d-453c-80cb-eeacd1e89d3b,2026-07-24T03:45:00Z,2026-07-24T05:45:00+0200,134.38,EUR/MWh,FR,FR,imbalance_price,Short,2026-08-05T12:06:18Z
2026-08-05T12:02:33Z,2026-08-05T14:02:33+0200,a602df8b-e77d-453c-80cb-eeacd1e89d3b,2026-07-24T04:00:00Z,2026-07-24T06:00:00+0200,124.92,EUR/MWh,FR,FR,imbalance_price,Long,2026-08-05T12:06:18Z
2026-08-05T12:02:33Z,2026-08-05T14:02:33+0200,a602df8b-e77d-453c-80cb-eeacd1e89d3b,2026-07-24T04:00:00Z,2026-07-24T06:00:00+0200,136.7,EUR/MWh,FR,FR,imbalance_price,Short,2026-08-05T12:06:18Z
2026-08-05T12:02:33Z,2026-08-05T14:02:33+0200,a602df8b-e77d-453c-80cb-eeacd1e89d3b,2026-07-24T04:15:00Z,2026-07-24T06:15:00+0200,141.66,EUR/MWh,FR,FR,imbalance_price,Long,2026-08-05T12:06:18Z
2026-08-05T12:02:33Z,2026-08-05T14:02:33+0200,a602df8b-e77d-453c-80cb-eeacd1e89d3b,2026-07-24T04:15:00Z,2026-07-24T06:15:00+0200,155.02,EUR/MWh,FR,FR,imbalance_price,Short,2026-08-05T12:06:18Z
2026-08-05T12:02:33Z,2026-08-05T14:02:33+0200,a602df8b-e77d-453c-80cb-eeacd1e89d3b,2026-07-24T04:30:00Z,2026-07-24T06:30:00+0200,126.63,EUR/MWh,FR,FR,imbalance_price,Long,2026-08-05T12:06:18Z
2026-08-05T12:02:33Z,2026-08-05T14:02:33+0200,a602df8b-e77d-453c-80cb-eeacd1e89d3b,2026-07-24T04:30:00Z,2026-07-24T06:30:00+0200,138.57,EUR/MWh,FR,FR,imbalance_price,Short,2026-08-05T12:06:18Z
2026-08-05T12:02:33Z,2026-08-05T14:02:33+0200,a602df8b-e77d-453c-80cb-eeacd1e89d3b,2026-07-24T04:45:00Z,2026-07-24T06:45:00+0200,125.01,EUR/MWh,FR,FR,imbalance_price,Long,2026-08-05T12:06:18Z
2026-08-05T12:02:33Z,2026-08-05T14:02:33+0200,a602df8b-e77d-453c-80cb-eeacd1e89d3b,2026-07-24T04:45:00Z,2026-07-24T06:45:00+0200,136.79,EUR/MWh,FR,FR,imbalance_price,Short,2026-08-05T12:06:18Z
2026-08-05T12:02:33Z,2026-08-05T14:02:33+0200,a602df8b-e77d-453c-80cb-eeacd1e89d3b,2026-07-24T05:00:00Z,2026-07-24T07:00:00+0200,168.98,EUR/MWh,FR,FR,imbalance_price,Long,2026-08-05T12:06:18Z
2026-08-05T12:02:33Z,2026-08-05T14:02:33+0200,a602df8b-e77d-453c-80cb-eeacd1e89d3b,2026-07-24T05:00:00Z,2026-07-24T07:00:00+0200,184.9,EUR/MWh,FR,FR,imbalance_price,Short,2026-08-05T12:06:18Z
2026-08-05T12:02:33Z,2026-08-05T14:02:33+0200,a602df8b-e77d-453c-80cb-eeacd1e89d3b,2026-07-24T05:15:00Z,2026-07-24T07:15:00+0200,166.82,EUR/MWh,FR,FR,imbalance_price,Long,2026-08-05T12:06:18Z
2026-08-05T12:02:33Z,2026-08-05T14:02:33+0200,a602df8b-e77d-453c-80cb-eeacd1e89d3b,2026-07-24T05:15:00Z,2026-07-24T07:15:00+0200,182.54,EUR/MWh,FR,FR,imbalance_price,Short,2026-08-05T12:06:18Z
2026-08-05T12:02:33Z,2026-08-05T14:02:33+0200,a602df8b-e77d-453c-80cb-eeacd1e89d3b,2026-07-24T05:30:00Z,2026-07-24T07:30:00+0200,179.25,EUR/MWh,FR,FR,imbalance_price,Long,2026-08-05T12:06:18Z
2026-08-05T12:02:33Z,2026-08-05T14:02:33+0200,a602df8b-e77d-453c-80cb-eeacd1e89d3b,2026-07-24T05:30:00Z,2026-07-24T07:30:00+0200,196.15,EUR/MWh,FR,FR,imbalance_price,Short,2026-08-05T12:06:18Z
2026-08-05T12:02:33Z,2026-08-05T14:02:33+0200,a602df8b-e77d-453c-80cb-eeacd1e89d3b,2026-07-24T05:45:00Z,2026-07-24T07:45:00+0200,177.73,EUR/MWh,FR,FR,imbalance_price,Long,2026-08-05T12:06:18Z
2026-08-05T12:02:33Z,2026-08-05T14:02:33+0200,a602df8b-e77d-453c-80cb-eeacd1e89d3b,2026-07-24T05:45:00Z,2026-07-24T07:45:00+0200,194.47,EUR/MWh,FR,FR,imbalance_price,Short,2026-08-05T12:06:18Z
2026-08-05T12:02:33Z,2026-08-05T14:02:33+0200,a602df8b-e77d-453c-80cb-eeacd1e89d3b,2026-07-24T06:00:00Z,2026-07-24T08:00:00+0200,119.28,EUR/MWh,FR,FR,imbalance_price,Long,2026-08-05T12:06:18Z
2026-08-05T12:02:33Z,2026-08-05T14:02:33+0200,a602df8b-e77d-453c-80cb-eeacd1e89d3b,2026-07-24T06:00:00Z,2026-07-24T08:00:00+0200,130.52,EUR/MWh,FR,FR,imbalance_price,Short,2026-08-05T12:06:18Z
2026-08-05T12:02:33Z,2026-08-05T14:02:33+0200,a602df8b-e77d-453c-80cb-eeacd1e89d3b,2026-07-24T06:15:00Z,2026-07-24T08:15:00+0200,118.99,EUR/MWh,FR,FR,imbalance_price,Long,2026-08-05T12:06:18Z
2026-08-05T12:02:33Z,2026-08-05T14:02:33+0200,a602df8b-e77d-453c-80cb-eeacd1e89d3b,2026-07-24T06:15:00Z,2026-07-24T08:15:00+0200,130.21,EUR/MWh,FR,FR,imbalance_price,Short,2026-08-05T12:06:18Z
2026-08-05T12:02:33Z,2026-08-05T14:02:33+0200,a602df8b-e77d-453c-80cb-eeacd1e89d3b,2026-07-24T06:30:00Z,2026-07-24T08:30:00+0200,122.41,EUR/MWh,FR,FR,imbalance_price,Long,2026-08-05T12:06:18Z
2026-08-05T12:02:33Z,2026-08-05T14:02:33+0200,a602df8b-e77d-453c-80cb-eeacd1e89d3b,2026-07-24T06:30:00Z,2026-07-24T08:30:00+0200,133.95,EUR/MWh,FR,FR,imbalance_price,Short,2026-08-05T12:06:18Z
2026-08-05T12:02:33Z,2026-08-05T14:02:33+0200,a602df8b-e77d-453c-80cb-eeacd1e89d3b,2026-07-24T06:45:00Z,2026-07-24T08:45:00+0200,120.39,EUR/MWh,FR,FR,imbalance_price,Long,2026-08-05T12:06:18Z
2026-08-05T12:02:33Z,2026-08-05T14:02:33+0200,a602df8b-e77d-453c-80cb-eeacd1e89d3b,2026-07-24T06:45:00Z,2026-07-24T08:45:00+0200,131.73,EUR/MWh,FR,FR,imbalance_price,Short,2026-08-05T12:06:18Z
2026-08-05T12:02:33Z,2026-08-05T14:02:33+0200,a602df8b-e77d-453c-80cb-eeacd1e89d3b,2026-07-24T07:00:00Z,2026-07-24T09:00:00+0200,120.14,EUR/MWh,FR,FR,imbalance_price,Long,2026-08-05T12:06:18Z
2026-08-05T12:02:33Z,2026-08-05T14:02:33+0200,a602df8b-e77d-453c-80cb-eeacd1e89d3b,2026-07-24T07:00:00Z,2026-07-24T09:00:00+0200,131.46,EUR/MWh,FR,FR,imbalance_price,Short,2026-08-05T12:06:18Z
2026-08-05T12:02:33Z,2026-08-05T14:02:33+0200,a602df8b-e77d-453c-80cb-eeacd1e89d3b,2026-07-24T07:15:00Z,2026-07-24T09:15:00+0200,103.32,EUR/MWh,FR,FR,imbalance_price,Long,2026-08-05T12:06:18Z
2026-08-05T12:02:33Z,2026-08-05T14:02:33+0200,a602df8b-e77d-453c-80cb-eeacd1e89d3b,2026-07-24T07:15:00Z,2026-07-24T09:15:00+0200,113.06,EUR/MWh,FR,FR,imbalance_price,Short,2026-08-05T12:06:18Z
2026-08-05T12:02:33Z,2026-08-05T14:02:33+0200,a602df8b-e77d-453c-80cb-eeacd1e89d3b,2026-07-24T07:30:00Z,2026-07-24T09:30:00+0200,111.9,EUR/MWh,FR,FR,imbalance_price,Long,2026-08-05T12:06:18Z
2026-08-05T12:02:33Z,2026-08-05T14:02:33+0200,a602df8b-e77d-453c-80cb-eeacd1e89d3b,2026-07-24T07:30:00Z,2026-07-24T09:30:00+0200,122.44,EUR/MWh,FR,FR,imbalance_price,Short,2026-08-05T12:06:18Z
2026-08-05T12:02:33Z,2026-08-05T14:02:33+0200,a602df8b-e77d-453c-80cb-eeacd1e89d3b,2026-07-24T07:45:00Z,2026-07-24T09:45:00+0200,-11.22,EUR/MWh,FR,FR,imbalance_price,Long,2026-08-05T12:06:18Z
2026-08-05T12:02:33Z,2026-08-05T14:02:33+0200,a602df8b-e77d-453c-80cb-eeacd1e89d3b,2026-07-24T07:45:00Z,2026-07-24T09:45:00+0200,-10.26,EUR/MWh,FR,FR,imbalance_price,Short,2026-08-05T12:06:18Z
2026-08-05T12:02:33Z,2026-08-05T14:02:33+0200,a602df8b-e77d-453c-80cb-eeacd1e89d3b,2026-07-24T08:00:00Z,2026-07-24T10:00:00+0200,-4.73,EUR/MWh,FR,FR,imbalance_price,Long,2026-08-05T12:06:18Z
2026-08-05T12:02:33Z,2026-08-05T14:02:33+0200,a602df8b-e77d-453c-80cb-eeacd1e89d3b,2026-07-24T08:00:00Z,2026-07-24T10:00:00+0200,-4.33,EUR/MWh,FR,FR,imbalance_price,Short,2026-08-05T12:06:18Z
2026-08-05T12:02:33Z,2026-08-05T14:02:33+0200,a602df8b-e77d-453c-80cb-eeacd1e89d3b,2026-07-24T08:15:00Z,2026-07-24T10:15:00+0200,-4.72,EUR/MWh,FR,FR,imbalance_price,Long,2026-08-05T12:06:18Z
2026-08-05T12:02:33Z,2026-08-05T14:02:33+0200,a602df8b-e77d-453c-80cb-eeacd1e89d3b,2026-07-24T08:15:00Z,2026-07-24T10:15:00+0200,-4.32,EUR/MWh,FR,FR,imbalance_price,Short,2026-08-05T12:06:18Z
2026-08-05T12:02:33Z,2026-08-05T14:02:33+0200,a602df8b-e77d-453c-80cb-eeacd1e89d3b,2026-07-24T08:30:00Z,2026-07-24T10:30:00+0200,-6.93,EUR/MWh,FR,FR,imbalance_price,Long,2026-08-05T12:06:18Z
2026-08-05T12:02:33Z,2026-08-05T14:02:33+0200,a602df8b-e77d-453c-80cb-eeacd1e89d3b,2026-07-24T08:30:00Z,2026-07-24T10:30:00+0200,-6.33,EUR/MWh,FR,FR,imbalance_price,Short,2026-08-05T12:06:18Z
2026-08-05T12:02:33Z,2026-08-05T14:02:33+0200,a602df8b-e77d-453c-80cb-eeacd1e89d3b,2026-07-24T08:45:00Z,2026-07-24T10:45:00+0200,-6.93,EUR/MWh,FR,FR,imbalance_price,Long,2026-08-05T12:06:18Z
2026-08-05T12:02:33Z,2026-08-05T14:02:33+0200,a602df8b-e77d-453c-80cb-eeacd1e89d3b,2026-07-24T08:45:00Z,2026-07-24T10:45:00+0200,-6.33,EUR/MWh,FR,FR,imbalance_price,Short,2026-08-05T12:06:18Z
2026-08-05T12:02:33Z,2026-08-05T14:02:33+0200,a602df8b-e77d-453c-80cb-eeacd1e89d3b,2026-07-24T09:00:00Z,2026-07-24T11:00:00+0200,-33.07,EUR/MWh,FR,FR,imbalance_price,Long,2026-08-05T12:06:18Z
2026-08-05T12:02:33Z,2026-08-05T14:02:33+0200,a602df8b-e77d-453c-80cb-eeacd1e89d3b,2026-07-24T09:00:00Z,2026-07-24T11:00:00+0200,-30.23,EUR/MWh,FR,FR,imbalance_price,Short,2026-08-05T12:06:18Z
2026-08-05T12:02:33Z,2026-08-05T14:02:33+0200,a602df8b-e77d-453c-80cb-eeacd1e89d3b,2026-07-24T09:15:00Z,2026-07-24T11:15:00+0200,-173.28,EUR/MWh,FR,FR,imbalance_price,Long,2026-08-05T12:06:18Z
2026-08-05T12:02:33Z,2026-08-05T14:02:33+0200,a602df8b-e77d-453c-80cb-eeacd1e89d3b,2026-07-24T09:15:00Z,2026-07-24T11:15:00+0200,-158.36,EUR/MWh,FR,FR,imbalance_price,Short,2026-08-05T12:06:18Z
2026-08-05T12:02:33Z,2026-08-05T14:02:33+0200,a602df8b-e77d-453c-80cb-eeacd1e89d3b,2026-07-24T09:30:00Z,2026-07-24T11:30:00+0200,17.3,EUR/MWh,FR,FR,imbalance_price,Long,2026-08-05T12:06:18Z
2026-08-05T12:02:33Z,2026-08-05T14:02:33+0200,a602df8b-e77d-453c-80cb-eeacd1e89d3b,2026-07-24T09:30:00Z,2026-07-24T11:30:00+0200,18.92,EUR/MWh,FR,FR,imbalance_price,Short,2026-08-05T12:06:18Z
2026-08-05T12:02:33Z,2026-08-05T14:02:33+0200,a602df8b-e77d-453c-80cb-eeacd1e89d3b,2026-07-24T09:45:00Z,2026-07-24T11:45:00+0200,19.54,EUR/MWh,FR,FR,imbalance_price,Long,2026-08-05T12:06:18Z
2026-08-05T12:02:33Z,2026-08-05T14:02:33+0200,a602df8b-e77d-453c-80cb-eeacd1e89d3b,2026-07-24T09:45:00Z,2026-07-24T11:45:00+0200,21.38,EUR/MWh,FR,FR,imbalance_price,Short,2026-08-05T12:06:18Z
2026-08-05T12:02:33Z,2026-08-05T14:02:33+0200,a602df8b-e77d-453c-80cb-eeacd1e89d3b,2026-07-24T10:00:00Z,2026-07-24T12:00:00+0200,-32.99,EUR/MWh,FR,FR,imbalance_price,Long,2026-08-05T12:06:18Z
2026-08-05T12:02:33Z,2026-08-05T14:02:33+0200,a602df8b-e77d-453c-80cb-eeacd1e89d3b,2026-07-24T10:00:00Z,2026-07-24T12:00:00+0200,-30.15,EUR/MWh,FR,FR,imbalance_price,Short,2026-08-05T12:06:18Z
2026-08-05T12:02:33Z,2026-08-05T14:02:33+0200,a602df8b-e77d-453c-80cb-eeacd1e89d3b,2026-07-24T10:15:00Z,2026-07-24T12:15:00+0200,-24.28,EUR/MWh,FR,FR,imbalance_price,Long,2026-08-05T12:06:18Z
2026-08-05T12:02:33Z,2026-08-05T14:02:33+0200,a602df8b-e77d-453c-80cb-eeacd1e89d3b,2026-07-24T10:15:00Z,2026-07-24T12:15:00+0200,-22.18,EUR/MWh,FR,FR,imbalance_price,Short,2026-08-05T12:06:18Z
2026-08-05T12:02:33Z,2026-08-05T14:02:33+0200,a602df8b-e77d-453c-80cb-eeacd1e89d3b,2026-07-24T10:30:00Z,2026-07-24T12:30:00+0200,45.63,EUR/MWh,FR,FR,imbalance_price,Long,2026-08-05T12:06:18Z
2026-08-05T12:02:33Z,2026-08-05T14:02:33+0200,a602df8b-e77d-453c-80cb-eeacd1e89d3b,2026-07-24T10:30:00Z,2026-07-24T12:30:00+0200,49.93,EUR/MWh,FR,FR,imbalance_price,Short,2026-08-05T12:06:18Z
2026-08-05T12:02:33Z,2026-08-05T14:02:33+0200,a602df8b-e77d-453c-80cb-eeacd1e89d3b,2026-07-24T10:45:00Z,2026-07-24T12:45:00+0200,74.23,EUR/MWh,FR,FR,imbalance_price,Long,2026-08-05T12:06:18Z
2026-08-05T12:02:33Z,2026-08-05T14:02:33+0200,a602df8b-e77d-453c-80cb-eeacd1e89d3b,2026-07-24T10:45:00Z,2026-07-24T12:45:00+0200,81.23,EUR/MWh,FR,FR,imbalance_price,Short,2026-08-05T12:06:18Z
2026-08-05T12:02:33Z,2026-08-05T14:02:33+0200,a602df8b-e77d-453c-80cb-eeacd1e89d3b,2026-07-24T11:00:00Z,2026-07-24T13:00:00+0200,26.89,EUR/MWh,FR,FR,imbalance_price,Long,2026-08-05T12:06:18Z
2026-08-05T12:02:33Z,2026-08-05T14:02:33+0200,a602df8b-e77d-453c-80cb-eeacd1e89d3b,2026-07-24T11:00:00Z,2026-07-24T13:00:00+0200,29.43,EUR/MWh,FR,FR,imbalance_price,Short,2026-08-05T12:06:18Z
2026-08-05T12:02:33Z,2026-08-05T14:02:33+0200,a602df8b-e77d-453c-80cb-eeacd1e89d3b,2026-07-24T11:15:00Z,2026-07-24T13:15:00+0200,26.89,EUR/MWh,FR,FR,imbalance_price,Long,2026-08-05T12:06:18Z
2026-08-05T12:02:33Z,2026-08-05T14:02:33+0200,a602df8b-e77d-453c-80cb-eeacd1e89d3b,2026-07-24T11:15:00Z,2026-07-24T13:15:00+0200,29.43,EUR/MWh,FR,FR,imbalance_price,Short,2026-08-05T12:06:18Z
2026-08-05T12:02:33Z,2026-08-05T14:02:33+0200,a602df8b-e77d-453c-80cb-eeacd1e89d3b,2026-07-24T11:30:00Z,2026-07-24T13:30:00+0200,26.89,EUR/MWh,FR,FR,imbalance_price,Long,2026-08-05T12:06:18Z
2026-08-05T12:02:33Z,2026-08-05T14:02:33+0200,a602df8b-e77d-453c-80cb-eeacd1e89d3b,2026-07-24T11:30:00Z,2026-07-24T13:30:00+0200,29.43,EUR/MWh,FR,FR,imbalance_price,Short,2026-08-05T12:06:18Z
2026-08-05T12:02:33Z,2026-08-05T14:02:33+0200,a602df8b-e77d-453c-80cb-eeacd1e89d3b,2026-07-24T11:45:00Z,2026-07-24T13:45:00+0200,26.89,EUR/MWh,FR,FR,imbalance_price,Long,2026-08-05T12:06:18Z
2026-08-05T12:02:33Z,2026-08-05T14:02:33+0200,a602df8b-e77d-453c-80cb-eeacd1e89d3b,2026-07-24T11:45:00Z,2026-07-24T13:45:00+0200,29.43,EUR/MWh,FR,FR,imbalance_price,Short,2026-08-05T12:06:18Z
2026-08-05T12:02:33Z,2026-08-05T14:02:33+0200,a602df8b-e77d-453c-80cb-eeacd1e89d3b,2026-07-24T12:00:00Z,2026-07-24T14:00:00+0200,26.89,EUR/MWh,FR,FR,imbalance_price,Long,2026-08-05T12:06:18Z
2026-08-05T12:02:33Z,2026-08-05T14:02:33+0200,a602df8b-e77d-453c-80cb-eeacd1e89d3b,2026-07-24T12:00:00Z,2026-07-24T14:00:00+0200,29.43,EUR/MWh,FR,FR,imbalance_price,Short,2026-08-05T12:06:18Z
2026-08-05T12:02:33Z,2026-08-05T14:02:33+0200,a602df8b-e77d-453c-80cb-eeacd1e89d3b,2026-07-24T12:15:00Z,2026-07-24T14:15:00+0200,26.89,EUR/MWh,FR,FR,imbalance_price,Long,2026-08-05T12:06:18Z
2026-08-05T12:02:33Z,2026-08-05T14:02:33+0200,a602df8b-e77d-453c-80cb-eeacd1e89d3b,2026-07-24T12:15:00Z,2026-07-24T14:15:00+0200,29.43,EUR/MWh,FR,FR,imbalance_price,Short,2026-08-05T12:06:18Z
2026-08-05T12:02:33Z,2026-08-05T14:02:33+0200,a602df8b-e77d-453c-80cb-eeacd1e89d3b,2026-07-24T12:30:00Z,2026-07-24T14:30:00+0200,26.89,EUR/MWh,FR,FR,imbalance_price,Long,2026-08-05T12:06:18Z
2026-08-05T12:02:33Z,2026-08-05T14:02:33+0200,a602df8b-e77d-453c-80cb-eeacd1e89d3b,2026-07-24T12:30:00Z,2026-07-24T14:30:00+0200,29.43,EUR/MWh,FR,FR,imbalance_price,Short,2026-08-05T12:06:18Z
2026-08-05T12:02:33Z,2026-08-05T14:02:33+0200,a602df8b-e77d-453c-80cb-eeacd1e89d3b,2026-07-24T12:45:00Z,2026-07-24T14:45:00+0200,-2.54,EUR/MWh,FR,FR,imbalance_price,Long,2026-08-05T12:06:18Z
2026-08-05T12:02:33Z,2026-08-05T14:02:33+0200,a602df8b-e77d-453c-80cb-eeacd1e89d3b,2026-07-24T12:45:00Z,2026-07-24T14:45:00+0200,-2.32,EUR/MWh,FR,FR,imbalance_price,Short,2026-08-05T12:06:18Z
2026-08-05T12:02:33Z,2026-08-05T14:02:33+0200,a602df8b-e77d-453c-80cb-eeacd1e89d3b,2026-07-24T13:00:00Z,2026-07-24T15:00:00+0200,0.8,EUR/MWh,FR,FR,imbalance_price,Long,2026-08-05T12:06:18Z
2026-08-05T12:02:33Z,2026-08-05T14:02:33+0200,a602df8b-e77d-453c-80cb-eeacd1e89d3b,2026-07-24T13:00:00Z,2026-07-24T15:00:00+0200,0.88,EUR/MWh,FR,FR,imbalance_price,Short,2026-08-05T12:06:18Z
2026-08-05T12:02:33Z,2026-08-05T14:02:33+0200,a602df8b-e77d-453c-80cb-eeacd1e89d3b,2026-07-24T13:15:00Z,2026-07-24T15:15:00+0200,5.19,EUR/MWh,FR,FR,imbalance_price,Long,2026-08-05T12:06:18Z
2026-08-05T12:02:33Z,2026-08-05T14:02:33+0200,a602df8b-e77d-453c-80cb-eeacd1e89d3b,2026-07-24T13:15:00Z,2026-07-24T15:15:00+0200,5.67,EUR/MWh,FR,FR,imbalance_price,Short,2026-08-05T12:06:18Z
2026-08-05T12:02:33Z,2026-08-05T14:02:33+0200,a602df8b-e77d-453c-80cb-eeacd1e89d3b,2026-07-24T13:30:00Z,2026-07-24T15:30:00+0200,10.09,EUR/MWh,FR,FR,imbalance_price,Long,2026-08-05T12:06:18Z
2026-08-05T12:02:33Z,2026-08-05T14:02:33+0200,a602df8b-e77d-453c-80cb-eeacd1e89d3b,2026-07-24T13:30:00Z,2026-07-24T15:30:00+0200,11.05,EUR/MWh,FR,FR,imbalance_price,Short,2026-08-05T12:06:18Z
2026-08-05T12:02:33Z,2026-08-05T14:02:33+0200,a602df8b-e77d-453c-80cb-eeacd1e89d3b,2026-07-24T13:45:00Z,2026-07-24T15:45:00+0200,13.72,EUR/MWh,FR,FR,imbalance_price,Long,2026-08-05T12:06:18Z
2026-08-05T12:02:33Z,2026-08-05T14:02:33+0200,a602df8b-e77d-453c-80cb-eeacd1e89d3b,2026-07-24T13:45:00Z,2026-07-24T15:45:00+0200,15.02,EUR/MWh,FR,FR,imbalance_price,Short,2026-08-05T12:06:18Z
2026-08-05T12:02:33Z,2026-08-05T14:02:33+0200,a602df8b-e77d-453c-80cb-eeacd1e89d3b,2026-07-24T14:00:00Z,2026-07-24T16:00:00+0200,31.88,EUR/MWh,FR,FR,imbalance_price,Long,2026-08-05T12:06:18Z
2026-08-05T12:02:33Z,2026-08-05T14:02:33+0200,a602df8b-e77d-453c-80cb-eeacd1e89d3b,2026-07-24T14:00:00Z,2026-07-24T16:00:00+0200,34.88,EUR/MWh,FR,FR,imbalance_price,Short,2026-08-05T12:06:18Z
2026-08-05T12:02:33Z,2026-08-05T14:02:33+0200,a602df8b-e77d-453c-80cb-eeacd1e89d3b,2026-07-24T14:15:00Z,2026-07-24T16:15:00+0200,-0.32,EUR/MWh,FR,FR,imbalance_price,Long,2026-08-05T12:06:18Z
2026-08-05T12:02:33Z,2026-08-05T14:02:33+0200,a602df8b-e77d-453c-80cb-eeacd1e89d3b,2026-07-24T14:15:00Z,2026-07-24T16:15:00+0200,-0.3,EUR/MWh,FR,FR,imbalance_price,Short,2026-08-05T12:06:18Z
2026-08-05T12:02:33Z,2026-08-05T14:02:33+0200,a602df8b-e77d-453c-80cb-eeacd1e89d3b,2026-07-24T14:30:00Z,2026-07-24T16:30:00+0200,-38.14,EUR/MWh,FR,FR,imbalance_price,Long,2026-08-05T12:06:18Z
2026-08-05T12:02:33Z,2026-08-05T14:02:33+0200,a602df8b-e77d-453c-80cb-eeacd1e89d3b,2026-07-24T14:30:00Z,2026-07-24T16:30:00+0200,-34.86,EUR/MWh,FR,FR,imbalance_price,Short,2026-08-05T12:06:18Z
2026-08-05T12:02:33Z,2026-08-05T14:02:33+0200,a602df8b-e77d-453c-80cb-eeacd1e89d3b,2026-07-24T14:45:00Z,2026-07-24T16:45:00+0200,51.29,EUR/MWh,FR,FR,imbalance_price,Long,2026-08-05T12:06:18Z
2026-08-05T12:02:33Z,2026-08-05T14:02:33+0200,a602df8b-e77d-453c-80cb-eeacd1e89d3b,2026-07-24T14:45:00Z,2026-07-24T16:45:00+0200,56.13,EUR/MWh,FR,FR,imbalance_price,Short,2026-08-05T12:06:18Z
2026-08-05T12:02:33Z,2026-08-05T14:02:33+0200,a602df8b-e77d-453c-80cb-eeacd1e89d3b,2026-07-24T15:00:00Z,2026-07-24T17:00:00+0200,53.65,EUR/MWh,FR,FR,imbalance_price,Long,2026-08-05T12:06:18Z
2026-08-05T12:02:33Z,2026-08-05T14:02:33+0200,a602df8b-e77d-453c-80cb-eeacd1e89d3b,2026-07-24T15:00:00Z,2026-07-24T17:00:00+0200,58.71,EUR/MWh,FR,FR,imbalance_price,Short,2026-08-05T12:06:18Z
2026-08-05T12:02:33Z,2026-08-05T14:02:33+0200,a602df8b-e77d-453c-80cb-eeacd1e89d3b,2026-07-24T15:15:00Z,2026-07-24T17:15:00+0200,56.43,EUR/MWh,FR,FR,imbalance_price,Long,2026-08-05T12:06:18Z
2026-08-05T12:02:33Z,2026-08-05T14:02:33+0200,a602df8b-e77d-453c-80cb-eeacd1e89d3b,2026-07-24T15:15:00Z,2026-07-24T17:15:00+0200,61.75,EUR/MWh,FR,FR,imbalance_price,Short,2026-08-05T12:06:18Z
2026-08-05T12:02:33Z,2026-08-05T14:02:33+0200,a602df8b-e77d-453c-80cb-eeacd1e89d3b,2026-07-24T15:30:00Z,2026-07-24T17:30:00+0200,121.73,EUR/MWh,FR,FR,imbalance_price,Long,2026-08-05T12:06:18Z
2026-08-05T12:02:33Z,2026-08-05T14:02:33+0200,a602df8b-e77d-453c-80cb-eeacd1e89d3b,2026-07-24T15:30:00Z,2026-07-24T17:30:00+0200,133.21,EUR/MWh,FR,FR,imbalance_price,Short,2026-08-05T12:06:18Z
2026-08-05T12:02:33Z,2026-08-05T14:02:33+0200,a602df8b-e77d-453c-80cb-eeacd1e89d3b,2026-07-24T15:45:00Z,2026-07-24T17:45:00+0200,162.87,EUR/MWh,FR,FR,imbalance_price,Long,2026-08-05T12:06:18Z
2026-08-05T12:02:33Z,2026-08-05T14:02:33+0200,a602df8b-e77d-453c-80cb-eeacd1e89d3b,2026-07-24T15:45:00Z,2026-07-24T17:45:00+0200,178.21,EUR/MWh,FR,FR,imbalance_price,Short,2026-08-05T12:06:18Z
2026-08-05T12:02:33Z,2026-08-05T14:02:33+0200,a602df8b-e77d-453c-80cb-eeacd1e89d3b,2026-07-24T16:00:00Z,2026-07-24T18:00:00+0200,160.38,EUR/MWh,FR,FR,imbalance_price,Long,2026-08-05T12:06:18Z
2026-08-05T12:02:33Z,2026-08-05T14:02:33+0200,a602df8b-e77d-453c-80cb-eeacd1e89d3b,2026-07-24T16:00:00Z,2026-07-24T18:00:00+0200,175.5,EUR/MWh,FR,FR,imbalance_price,Short,2026-08-05T12:06:18Z
2026-08-05T12:02:33Z,2026-08-05T14:02:33+0200,a602df8b-e77d-453c-80cb-eeacd1e89d3b,2026-07-24T16:15:00Z,2026-07-24T18:15:00+0200,237.4,EUR/MWh,FR,FR,imbalance_price,Long,2026-08-05T12:06:18Z
2026-08-05T12:02:33Z,2026-08-05T14:02:33+0200,a602df8b-e77d-453c-80cb-eeacd1e89d3b,2026-07-24T16:15:00Z,2026-07-24T18:15:00+0200,259.78,EUR/MWh,FR,FR,imbalance_price,Short,2026-08-05T12:06:18Z
2026-08-05T12:02:33Z,2026-08-05T14:02:33+0200,a602df8b-e77d-453c-80cb-eeacd1e89d3b,2026-07-24T16:30:00Z,2026-07-24T18:30:00+0200,216.72,EUR/MWh,FR,FR,imbalance_price,Long,2026-08-05T12:06:18Z
2026-08-05T12:02:33Z,2026-08-05T14:02:33+0200,a602df8b-e77d-453c-80cb-eeacd1e89d3b,2026-07-24T16:30:00Z,2026-07-24T18:30:00+0200,237.14,EUR/MWh,FR,FR,imbalance_price,Short,2026-08-05T12:06:18Z
2026-08-05T12:02:33Z,2026-08-05T14:02:33+0200,a602df8b-e77d-453c-80cb-eeacd1e89d3b,2026-07-24T16:45:00Z,2026-07-24T18:45:00+0200,232.8,EUR/MWh,FR,FR,imbalance_price,Long,2026-08-05T12:06:18Z
2026-08-05T12:02:33Z,2026-08-05T14:02:33+0200,a602df8b-e77d-453c-80cb-eeacd1e89d3b,2026-07-24T16:45:00Z,2026-07-24T18:45:00+0200,254.74,EUR/MWh,FR,FR,imbalance_price,Short,2026-08-05T12:06:18Z
2026-08-05T12:02:33Z,2026-08-05T14:02:33+0200,a602df8b-e77d-453c-80cb-eeacd1e89d3b,2026-07-24T17:00:00Z,2026-07-24T19:00:00+0200,150.92,EUR/MWh,FR,FR,imbalance_price,Long,2026-08-05T12:06:18Z
2026-08-05T12:02:33Z,2026-08-05T14:02:33+0200,a602df8b-e77d-453c-80cb-eeacd1e89d3b,2026-07-24T17:00:00Z,2026-07-24T19:00:00+0200,165.14,EUR/MWh,FR,FR,imbalance_price,Short,2026-08-05T12:06:18Z
2026-08-05T12:02:33Z,2026-08-05T14:02:33+0200,a602df8b-e77d-453c-80cb-eeacd1e89d3b,2026-07-24T17:15:00Z,2026-07-24T19:15:00+0200,157.99,EUR/MWh,FR,FR,imbalance_price,Long,2026-08-05T12:06:18Z
2026-08-05T12:02:33Z,2026-08-05T14:02:33+0200,a602df8b-e77d-453c-80cb-eeacd1e89d3b,2026-07-24T17:15:00Z,2026-07-24T19:15:00+0200,172.87,EUR/MWh,FR,FR,imbalance_price,Short,2026-08-05T12:06:18Z
2026-08-05T12:02:33Z,2026-08-05T14:02:33+0200,a602df8b-e77d-453c-80cb-eeacd1e89d3b,2026-07-24T17:30:00Z,2026-07-24T19:30:00+0200,122.91,EUR/MWh,FR,FR,imbalance_price,Long,2026-08-05T12:06:18Z
2026-08-05T12:02:33Z,2026-08-05T14:02:33+0200,a602df8b-e77d-453c-80cb-eeacd1e89d3b,2026-07-24T17:30:00Z,2026-07-24T19:30:00+0200,134.49,EUR/MWh,FR,FR,imbalance_price,Short,2026-08-05T12:06:18Z
2026-08-05T12:02:33Z,2026-08-05T14:02:33+0200,a602df8b-e77d-453c-80cb-eeacd1e89d3b,2026-07-24T17:45:00Z,2026-07-24T19:45:00+0200,127.98,EUR/MWh,FR,FR,imbalance_price,Long,2026-08-05T12:06:18Z
2026-08-05T12:02:33Z,2026-08-05T14:02:33+0200,a602df8b-e77d-453c-80cb-eeacd1e89d3b,2026-07-24T17:45:00Z,2026-07-24T19:45:00+0200,140.04,EUR/MWh,FR,FR,imbalance_price,Short,2026-08-05T12:06:18Z
2026-08-05T12:02:33Z,2026-08-05T14:02:33+0200,a602df8b-e77d-453c-80cb-eeacd1e89d3b,2026-07-24T18:00:00Z,2026-07-24T20:00:00+0200,122.35,EUR/MWh,FR,FR,imbalance_price,Long,2026-08-05T12:06:18Z
2026-08-05T12:02:33Z,2026-08-05T14:02:33+0200,a602df8b-e77d-453c-80cb-eeacd1e89d3b,2026-07-24T18:00:00Z,2026-07-24T20:00:00+0200,133.87,EUR/MWh,FR,FR,imbalance_price,Short,2026-08-05T12:06:18Z
2026-08-05T12:02:33Z,2026-08-05T14:02:33+0200,a602df8b-e77d-453c-80cb-eeacd1e89d3b,2026-07-24T18:15:00Z,2026-07-24T20:15:00+0200,123.97,EUR/MWh,FR,FR,imbalance_price,Long,2026-08-05T12:06:18Z
2026-08-05T12:02:33Z,2026-08-05T14:02:33+0200,a602df8b-e77d-453c-80cb-eeacd1e89d3b,2026-07-24T18:15:00Z,2026-07-24T20:15:00+0200,135.65,EUR/MWh,FR,FR,imbalance_price,Short,2026-08-05T12:06:18Z
2026-08-05T12:02:33Z,2026-08-05T14:02:33+0200,a602df8b-e77d-453c-80cb-eeacd1e89d3b,2026-07-24T18:30:00Z,2026-07-24T20:30:00+0200,131.59,EUR/MWh,FR,FR,imbalance_price,Long,2026-08-05T12:06:18Z
2026-08-05T12:02:33Z,2026-08-05T14:02:33+0200,a602df8b-e77d-453c-80cb-eeacd1e89d3b,2026-07-24T18:30:00Z,2026-07-24T20:30:00+0200,143.99,EUR/MWh,FR,FR,imbalance_price,Short,2026-08-05T12:06:18Z
2026-08-05T12:02:33Z,2026-08-05T14:02:33+0200,a602df8b-e77d-453c-80cb-eeacd1e89d3b,2026-07-24T18:45:00Z,2026-07-24T20:45:00+0200,118.38,EUR/MWh,FR,FR,imbalance_price,Long,2026-08-05T12:06:18Z
2026-08-05T12:02:33Z,2026-08-05T14:02:33+0200,a602df8b-e77d-453c-80cb-eeacd1e89d3b,2026-07-24T18:45:00Z,2026-07-24T20:45:00+0200,129.54,EUR/MWh,FR,FR,imbalance_price,Short,2026-08-05T12:06:18Z
2026-08-05T12:02:33Z,2026-08-05T14:02:33+0200,a602df8b-e77d-453c-80cb-eeacd1e89d3b,2026-07-24T19:00:00Z,2026-07-24T21:00:00+0200,118.75,EUR/MWh,FR,FR,imbalance_price,Long,2026-08-05T12:06:18Z
2026-08-05T12:02:33Z,2026-08-05T14:02:33+0200,a602df8b-e77d-453c-80cb-eeacd1e89d3b,2026-07-24T19:00:00Z,2026-07-24T21:00:00+0200,129.95,EUR/MWh,FR,FR,imbalance_price,Short,2026-08-05T12:06:18Z
2026-08-05T12:02:33Z,2026-08-05T14:02:33+0200,a602df8b-e77d-453c-80cb-eeacd1e89d3b,2026-07-24T19:15:00Z,2026-07-24T21:15:00+0200,117.87,EUR/MWh,FR,FR,imbalance_price,Long,2026-08-05T12:06:18Z
2026-08-05T12:02:33Z,2026-08-05T14:02:33+0200,a602df8b-e77d-453c-80cb-eeacd1e89d3b,2026-07-24T19:15:00Z,2026-07-24T21:15:00+0200,128.97,EUR/MWh,FR,FR,imbalance_price,Short,2026-08-05T12:06:18Z
2026-08-05T12:02:33Z,2026-08-05T14:02:33+0200,a602df8b-e77d-453c-80cb-eeacd1e89d3b,2026-07-24T19:30:00Z,2026-07-24T21:30:00+0200,119.25,EUR/MWh,FR,FR,imbalance_price,Long,2026-08-05T12:06:18Z
2026-08-05T12:02:33Z,2026-08-05T14:02:33+0200,a602df8b-e77d-453c-80cb-eeacd1e89d3b,2026-07-24T19:30:00Z,2026-07-24T21:30:00+0200,130.49,EUR/MWh,FR,FR,imbalance_price,Short,2026-08-05T12:06:18Z
2026-08-05T12:02:33Z,2026-08-05T14:02:33+0200,a602df8b-e77d-453c-80cb-eeacd1e89d3b,2026-07-24T19:45:00Z,2026-07-24T21:45:00+0200,109.53,EUR/MWh,FR,FR,imbalance_price,Long,2026-08-05T12:06:18Z
2026-08-05T12:02:33Z,2026-08-05T14:02:33+0200,a602df8b-e77d-453c-80cb-eeacd1e89d3b,2026-07-24T19:45:00Z,2026-07-24T21:45:00+0200,119.85,EUR/MWh,FR,FR,imbalance_price,Short,2026-08-05T12:06:18Z
2026-08-05T12:02:33Z,2026-08-05T14:02:33+0200,a602df8b-e77d-453c-80cb-eeacd1e89d3b,2026-07-24T20:00:00Z,2026-07-24T22:00:00+0200,120.65,EUR/MWh,FR,FR,imbalance_price,Long,2026-08-05T12:06:18Z
2026-08-05T12:02:33Z,2026-08-05T14:02:33+0200,a602df8b-e77d-453c-80cb-eeacd1e89d3b,2026-07-24T20:00:00Z,2026-07-24T22:00:00+0200,132.03,EUR/MWh,FR,FR,imbalance_price,Short,2026-08-05T12:06:18Z
2026-08-05T12:02:33Z,2026-08-05T14:02:33+0200,a602df8b-e77d-453c-80cb-eeacd1e89d3b,2026-07-24T20:15:00Z,2026-07-24T22:15:00+0200,117.55,EUR/MWh,FR,FR,imbalance_price,Long,2026-08-05T12:06:18Z
2026-08-05T12:02:33Z,2026-08-05T14:02:33+0200,a602df8b-e77d-453c-80cb-eeacd1e89d3b,2026-07-24T20:15:00Z,2026-07-24T22:15:00+0200,128.63,EUR/MWh,FR,FR,imbalance_price,Short,2026-08-05T12:06:18Z
2026-08-05T12:02:33Z,2026-08-05T14:02:33+0200,a602df8b-e77d-453c-80cb-eeacd1e89d3b,2026-07-24T20:30:00Z,2026-07-24T22:30:00+0200,122.83,EUR/MWh,FR,FR,imbalance_price,Long,2026-08-05T12:06:18Z
2026-08-05T12:02:33Z,2026-08-05T14:02:33+0200,a602df8b-e77d-453c-80cb-eeacd1e89d3b,2026-07-24T20:30:00Z,2026-07-24T22:30:00+0200,134.41,EUR/MWh,FR,FR,imbalance_price,Short,2026-08-05T12:06:18Z
2026-08-05T12:02:33Z,2026-08-05T14:02:33+0200,a602df8b-e77d-453c-80cb-eeacd1e89d3b,2026-07-24T20:45:00Z,2026-07-24T22:45:00+0200,111.69,EUR/MWh,FR,FR,imbalance_price,Long,2026-08-05T12:06:18Z
2026-08-05T12:02:33Z,2026-08-05T14:02:33+0200,a602df8b-e77d-453c-80cb-eeacd1e89d3b,2026-07-24T20:45:00Z,2026-07-24T22:45:00+0200,122.21,EUR/MWh,FR,FR,imbalance_price,Short,2026-08-05T12:06:18Z
2026-08-05T12:02:33Z,2026-08-05T14:02:33+0200,a602df8b-e77d-453c-80cb-eeacd1e89d3b,2026-07-24T21:00:00Z,2026-07-24T23:00:00+0200,149.68,EUR/MWh,FR,FR,imbalance_price,Long,2026-08-05T12:06:18Z
2026-08-05T12:02:33Z,2026-08-05T14:02:33+0200,a602df8b-e77d-453c-80cb-eeacd1e89d3b,2026-07-24T21:00:00Z,2026-07-24T23:00:00+0200,163.78,EUR/MWh,FR,FR,imbalance_price,Short,2026-08-05T12:06:18Z
2026-08-05T12:02:33Z,2026-08-05T14:02:33+0200,a602df8b-e77d-453c-80cb-eeacd1e89d3b,2026-07-24T21:15:00Z,2026-07-24T23:15:00+0200,107.2,EUR/MWh,FR,FR,imbalance_price,Long,2026-08-05T12:06:18Z
2026-08-05T12:02:33Z,2026-08-05T14:02:33+0200,a602df8b-e77d-453c-80cb-eeacd1e89d3b,2026-07-24T21:15:00Z,2026-07-24T23:15:00+0200,117.3,EUR/MWh,FR,FR,imbalance_price,Short,2026-08-05T12:06:18Z
2026-08-05T12:02:33Z,2026-08-05T14:02:33+0200,a602df8b-e77d-453c-80cb-eeacd1e89d3b,2026-07-24T21:30:00Z,2026-07-24T23:30:00+0200,152.66,EUR/MWh,FR,FR,imbalance_price,Long,2026-08-05T12:06:18Z
2026-08-05T12:02:33Z,2026-08-05T14:02:33+0200,a602df8b-e77d-453c-80cb-eeacd1e89d3b,2026-07-24T21:30:00Z,2026-07-24T23:30:00+0200,167.04,EUR/MWh,FR,FR,imbalance_price,Short,2026-08-05T12:06:18Z
2026-08-05T12:02:33Z,2026-08-05T14:02:33+0200,a602df8b-e77d-453c-80cb-eeacd1e89d3b,2026-07-24T21:45:00Z,2026-07-24T23:45:00+0200,118.26,EUR/MWh,FR,FR,imbalance_price,Long,2026-08-05T12:06:18Z
2026-08-05T12:02:33Z,2026-08-05T14:02:33+0200,a602df8b-e77d-453c-80cb-eeacd1e89d3b,2026-07-24T21:45:00Z,2026-07-24T23:45:00+0200,129.4,EUR/MWh,FR,FR,imbalance_price,Short,2026-08-05T12:06:18Z
2026-08-05T12:02:33Z,2026-08-05T14:02:33+0200,a602df8b-e77d-453c-80cb-eeacd1e89d3b,2026-07-24T22:00:00Z,2026-07-25T00:00:00+0200,180.55,EUR/MWh,FR,FR,imbalance_price,Long,2026-08-05T12:06:18Z
2026-08-05T12:02:33Z,2026-08-05T14:02:33+0200,a602df8b-e77d-453c-80cb-eeacd1e89d3b,2026-07-24T22:00:00Z,2026-07-25T00:00:00+0200,197.57,EUR/MWh,FR,FR,imbalance_price,Short,2026-08-05T12:06:18Z
2026-08-05T12:02:33Z,2026-08-05T14:02:33+0200,a602df8b-e77d-453c-80cb-eeacd1e89d3b,2026-07-24T22:15:00Z,2026-07-25T00:15:00+0200,181.39,EUR/MWh,FR,FR,imbalance_price,Long,2026-08-05T12:06:18Z
2026-08-05T12:02:33Z,2026-08-05T14:02:33+0200,a602df8b-e77d-453c-80cb-eeacd1e89d3b,2026-07-24T22:15:00Z,2026-07-25T00:15:00+0200,198.49,EUR/MWh,FR,FR,imbalance_price,Short,2026-08-05T12:06:18Z
2026-08-05T12:02:33Z,2026-08-05T14:02:33+0200,a602df8b-e77d-453c-80cb-eeacd1e89d3b,2026-07-24T22:30:00Z,2026-07-25T00:30:00+0200,128.5,EUR/MWh,FR,FR,imbalance_price,Long,2026-08-05T12:06:18Z
2026-08-05T12:02:33Z,2026-08-05T14:02:33+0200,a602df8b-e77d-453c-80cb-eeacd1e89d3b,2026-07-24T22:30:00Z,2026-07-25T00:30:00+0200,140.6,EUR/MWh,FR,FR,imbalance_price,Short,2026-08-05T12:06:18Z
2026-08-05T12:02:33Z,2026-08-05T14:02:33+0200,a602df8b-e77d-453c-80cb-eeacd1e89d3b,2026-07-24T22:45:00Z,2026-07-25T00:45:00+0200,111.6,EUR/MWh,FR,FR,imbalance_price,Long,2026-08-05T12:06:18Z
2026-08-05T12:02:33Z,2026-08-05T14:02:33+0200,a602df8b-e77d-453c-80cb-eeacd1e89d3b,2026-07-24T22:45:00Z,2026-07-25T00:45:00+0200,122.12,EUR/MWh,FR,FR,imbalance_price,Short,2026-08-05T12:06:18Z
2026-08-05T12:02:33Z,2026-08-05T14:02:33+0200,a602df8b-e77d-453c-80cb-eeacd1e89d3b,2026-07-24T23:00:00Z,2026-07-25T01:00:00+0200,114.99,EUR/MWh,FR,FR,imbalance_price,Long,2026-08-05T12:06:18Z
2026-08-05T12:02:33Z,2026-08-05T14:02:33+0200,a602df8b-e77d-453c-80cb-eeacd1e89d3b,2026-07-24T23:00:00Z,2026-07-25T01:00:00+0200,125.83,EUR/MWh,FR,FR,imbalance_price,Short,2026-08-05T12:06:18Z
2026-08-05T12:02:33Z,2026-08-05T14:02:33+0200,a602df8b-e77d-453c-80cb-eeacd1e89d3b,2026-07-24T23:15:00Z,2026-07-25T01:15:00+0200,76.16,EUR/MWh,FR,FR,imbalance_price,Long,2026-08-05T12:06:18Z
2026-08-05T12:02:33Z,2026-08-05T14:02:33+0200,a602df8b-e77d-453c-80cb-eeacd1e89d3b,2026-07-24T23:15:00Z,2026-07-25T01:15:00+0200,83.34,EUR/MWh,FR,FR,imbalance_price,Short,2026-08-05T12:06:18Z
2026-08-05T12:02:33Z,2026-08-05T14:02:33+0200,a602df8b-e77d-453c-80cb-eeacd1e89d3b,2026-07-24T23:30:00Z,2026-07-25T01:30:00+0200,135.35,EUR/MWh,FR,FR,imbalance_price,Long,2026-08-05T12:06:18Z
2026-08-05T12:02:33Z,2026-08-05T14:02:33+0200,a602df8b-e77d-453c-80cb-eeacd1e89d3b,2026-07-24T23:30:00Z,2026-07-25T01:30:00+0200,148.11,EUR/MWh,FR,FR,imbalance_price,Short,2026-08-05T12:06:18Z
2026-08-05T12:02:33Z,2026-08-05T14:02:33+0200,a602df8b-e77d-453c-80cb-eeacd1e89d3b,2026-07-24T23:45:00Z,2026-07-25T01:45:00+0200,123.19,EUR/MWh,FR,FR,imbalance_price,Long,2026-08-05T12:06:18Z
2026-08-05T12:02:33Z,2026-08-05T14:02:33+0200,a602df8b-e77d-453c-80cb-eeacd1e89d3b,2026-07-24T23:45:00Z,2026-07-25T01:45:00+0200,134.79,EUR/MWh,FR,FR,imbalance_price,Short,2026-08-05T12:06:18Z
2026-08-05T12:02:33Z,2026-08-05T14:02:33+0200,a602df8b-e77d-453c-80cb-eeacd1e89d3b,2026-07-25T00:00:00Z,2026-07-25T02:00:00+0200,159.71,EUR/MWh,FR,FR,imbalance_price,Long,2026-08-05T12:06:18Z
2026-08-05T12:02:33Z,2026-08-05T14:02:33+0200,a602df8b-e77d-453c-80cb-eeacd1e89d3b,2026-07-25T00:00:00Z,2026-07-25T02:00:00+0200,174.77,EUR/MWh,FR,FR,imbalance_price,Short,2026-08-05T12:06:18Z
2026-08-05T12:02:33Z,2026-08-05T14:02:33+0200,a602df8b-e77d-453c-80cb-eeacd1e89d3b,2026-07-25T00:15:00Z,2026-07-25T02:15:00+0200,168.58,EUR/MWh,FR,FR,imbalance_price,Long,2026-08-05T12:06:18Z
2026-08-05T12:02:33Z,2026-08-05T14:02:33+0200,a602df8b-e77d-453c-80cb-eeacd1e89d3b,2026-07-25T00:15:00Z,2026-07-25T02:15:00+0200,184.46,EUR/MWh,FR,FR,imbalance_price,Short,2026-08-05T12:06:18Z
2026-08-05T12:02:33Z,2026-08-05T14:02:33+0200,a602df8b-e77d-453c-80cb-eeacd1e89d3b,2026-07-25T00:30:00Z,2026-07-25T02:30:00+0200,168.14,EUR/MWh,FR,FR,imbalance_price,Long,2026-08-05T12:06:18Z
2026-08-05T12:02:33Z,2026-08-05T14:02:33+0200,a602df8b-e77d-453c-80cb-eeacd1e89d3b,2026-07-25T00:30:00Z,2026-07-25T02:30:00+0200,183.98,EUR/MWh,FR,FR,imbalance_price,Short,2026-08-05T12:06:18Z
2026-08-05T12:02:33Z,2026-08-05T14:02:33+0200,a602df8b-e77d-453c-80cb-eeacd1e89d3b,2026-07-25T00:45:00Z,2026-07-25T02:45:00+0200,193.74,EUR/MWh,FR,FR,imbalance_price,Long,2026-08-05T12:06:18Z
2026-08-05T12:02:33Z,2026-08-05T14:02:33+0200,a602df8b-e77d-453c-80cb-eeacd1e89d3b,2026-07-25T00:45:00Z,2026-07-25T02:45:00+0200,212.0,EUR/MWh,FR,FR,imbalance_price,Short,2026-08-05T12:06:18Z
2026-08-05T12:02:33Z,2026-08-05T14:02:33+0200,a602df8b-e77d-453c-80cb-eeacd1e89d3b,2026-07-25T01:00:00Z,2026-07-25T03:00:00+0200,195.78,EUR/MWh,FR,FR,imbalance_price,Long,2026-08-05T12:06:18Z
2026-08-05T12:02:33Z,2026-08-05T14:02:33+0200,a602df8b-e77d-453c-80cb-eeacd1e89d3b,2026-07-25T01:00:00Z,2026-07-25T03:00:00+0200,214.24,EUR/MWh,FR,FR,imbalance_price,Short,2026-08-05T12:06:18Z
2026-08-05T12:02:33Z,2026-08-05T14:02:33+0200,a602df8b-e77d-453c-80cb-eeacd1e89d3b,2026-07-25T01:15:00Z,2026-07-25T03:15:00+0200,196.82,EUR/MWh,FR,FR,imbalance_price,Long,2026-08-05T12:06:18Z
2026-08-05T12:02:33Z,2026-08-05T14:02:33+0200,a602df8b-e77d-453c-80cb-eeacd1e89d3b,2026-07-25T01:15:00Z,2026-07-25T03:15:00+0200,215.36,EUR/MWh,FR,FR,imbalance_price,Short,2026-08-05T12:06:18Z
2026-08-05T12:02:33Z,2026-08-05T14:02:33+0200,a602df8b-e77d-453c-80cb-eeacd1e89d3b,2026-07-25T01:30:00Z,2026-07-25T03:30:00+0200,200.06,EUR/MWh,FR,FR,imbalance_price,Long,2026-08-05T12:06:18Z
2026-08-05T12:02:33Z,2026-08-05T14:02:33+0200,a602df8b-e77d-453c-80cb-eeacd1e89d3b,2026-07-25T01:30:00Z,2026-07-25T03:30:00+0200,218.92,EUR/MWh,FR,FR,imbalance_price,Short,2026-08-05T12:06:18Z
2026-08-05T12:02:33Z,2026-08-05T14:02:33+0200,a602df8b-e77d-453c-80cb-eeacd1e89d3b,2026-07-25T01:45:00Z,2026-07-25T03:45:00+0200,200.06,EUR/MWh,FR,FR,imbalance_price,Long,2026-08-05T12:06:18Z
2026-08-05T12:02:33Z,2026-08-05T14:02:33+0200,a602df8b-e77d-453c-80cb-eeacd1e89d3b,2026-07-25T01:45:00Z,2026-07-25T03:45:00+0200,218.92,EUR/MWh,FR,FR,imbalance_price,Short,2026-08-05T12:06:18Z
2026-08-05T12:02:33Z,2026-08-05T14:02:33+0200,a602df8b-e77d-453c-80cb-eeacd1e89d3b,2026-07-25T02:00:00Z,2026-07-25T04:00:00+0200,199.97,EUR/MWh,FR,FR,imbalance_price,Long,2026-08-05T12:06:18Z
2026-08-05T12:02:33Z,2026-08-05T14:02:33+0200,a602df8b-e77d-453c-80cb-eeacd1e89d3b,2026-07-25T02:00:00Z,2026-07-25T04:00:00+0200,218.81,EUR/MWh,FR,FR,imbalance_price,Short,2026-08-05T12:06:18Z
2026-08-05T12:02:33Z,2026-08-05T14:02:33+0200,a602df8b-e77d-453c-80cb-eeacd1e89d3b,2026-07-25T02:15:00Z,2026-07-25T04:15:00+0200,194.71,EUR/MWh,FR,FR,imbalance_price,Long,2026-08-05T12:06:18Z
2026-08-05T12:02:33Z,2026-08-05T14:02:33+0200,a602df8b-e77d-453c-80cb-eeacd1e89d3b,2026-07-25T02:15:00Z,2026-07-25T04:15:00+0200,213.05,EUR/MWh,FR,FR,imbalance_price,Short,2026-08-05T12:06:18Z
2026-08-05T12:02:33Z,2026-08-05T14:02:33+0200,a602df8b-e77d-453c-80cb-eeacd1e89d3b,2026-07-25T02:30:00Z,2026-07-25T04:30:00+0200,194.65,EUR/MWh,FR,FR,imbalance_price,Long,2026-08-05T12:06:18Z
2026-08-05T12:02:33Z,2026-08-05T14:02:33+0200,a602df8b-e77d-453c-80cb-eeacd1e89d3b,2026-07-25T02:30:00Z,2026-07-25T04:30:00+0200,212.99,EUR/MWh,FR,FR,imbalance_price,Short,2026-08-05T12:06:18Z
2026-08-05T12:02:33Z,2026-08-05T14:02:33+0200,a602df8b-e77d-453c-80cb-eeacd1e89d3b,2026-07-25T02:45:00Z,2026-07-25T04:45:00+0200,200.03,EUR/MWh,FR,FR,imbalance_price,Long,2026-08-05T12:06:18Z
2026-08-05T12:02:33Z,2026-08-05T14:02:33+0200,a602df8b-e77d-453c-80cb-eeacd1e89d3b,2026-07-25T02:45:00Z,2026-07-25T04:45:00+0200,218.89,EUR/MWh,FR,FR,imbalance_price,Short,2026-08-05T12:06:18Z
2026-08-05T12:02:33Z,2026-08-05T14:02:33+0200,a602df8b-e77d-453c-80cb-eeacd1e89d3b,2026-07-25T03:00:00Z,2026-07-25T05:00:00+0200,160.49,EUR/MWh,FR,FR,imbalance_price,Long,2026-08-05T12:06:18Z
2026-08-05T12:02:33Z,2026-08-05T14:02:33+0200,a602df8b-e77d-453c-80cb-eeacd1e89d3b,2026-07-25T03:00:00Z,2026-07-25T05:00:00+0200,175.61,EUR/MWh,FR,FR,imbalance_price,Short,2026-08-05T12:06:18Z
2026-08-05T12:02:33Z,2026-08-05T14:02:33+0200,a602df8b-e77d-453c-80cb-eeacd1e89d3b,2026-07-25T03:15:00Z,2026-07-25T05:15:00+0200,124.31,EUR/MWh,FR,FR,imbalance_price,Long,2026-08-05T12:06:18Z
2026-08-05T12:02:33Z,2026-08-05T14:02:33+0200,a602df8b-e77d-453c-80cb-eeacd1e89d3b,2026-07-25T03:15:00Z,2026-07-25T05:15:00+0200,136.03,EUR/MWh,FR,FR,imbalance_price,Short,2026-08-05T12:06:18Z
2026-08-05T12:02:33Z,2026-08-05T14:02:33+0200,a602df8b-e77d-453c-80cb-eeacd1e89d3b,2026-07-25T03:30:00Z,2026-07-25T05:30:00+0200,62.74,EUR/MWh,FR,FR,imbalance_price,Long,2026-08-05T12:06:18Z
2026-08-05T12:02:33Z,2026-08-05T14:02:33+0200,a602df8b-e77d-453c-80cb-eeacd1e89d3b,2026-07-25T03:30:00Z,2026-07-25T05:30:00+0200,68.66,EUR/MWh,FR,FR,imbalance_price,Short,2026-08-05T12:06:18Z
2026-08-05T12:02:33Z,2026-08-05T14:02:33+0200,a602df8b-e77d-453c-80cb-eeacd1e89d3b,2026-07-25T03:45:00Z,2026-07-25T05:45:00+0200,0.0,EUR/MWh,FR,FR,imbalance_price,Long,2026-08-05T12:06:18Z
2026-08-05T12:02:33Z,2026-08-05T14:02:33+0200,a602df8b-e77d-453c-80cb-eeacd1e89d3b,2026-07-25T03:45:00Z,2026-07-25T05:45:00+0200,0.0,EUR/MWh,FR,FR,imbalance_price,Short,2026-08-05T12:06:18Z
2026-08-05T12:02:33Z,2026-08-05T14:02:33+0200,a602df8b-e77d-453c-80cb-eeacd1e89d3b,2026-07-25T04:00:00Z,2026-07-25T06:00:00+0200,138.66,EUR/MWh,FR,FR,imbalance_price,Long,2026-08-05T12:06:18Z
2026-08-05T12:02:33Z,2026-08-05T14:02:33+0200,a602df8b-e77d-453c-80cb-eeacd1e89d3b,2026-07-25T04:00:00Z,2026-07-25T06:00:00+0200,151.72,EUR/MWh,FR,FR,imbalance_price,Short,2026-08-05T12:06:18Z
2026-08-05T12:02:33Z,2026-08-05T14:02:33+0200,a602df8b-e77d-453c-80cb-eeacd1e89d3b,2026-07-25T04:15:00Z,2026-07-25T06:15:00+0200,123.92,EUR/MWh,FR,FR,imbalance_price,Long,2026-08-05T12:06:18Z
2026-08-05T12:02:33Z,2026-08-05T14:02:33+0200,a602df8b-e77d-453c-80cb-eeacd1e89d3b,2026-07-25T04:15:00Z,2026-07-25T06:15:00+0200,135.6,EUR/MWh,FR,FR,imbalance_price,Short,2026-08-05T12:06:18Z
2026-08-05T12:02:33Z,2026-08-05T14:02:33+0200,a602df8b-e77d-453c-80cb-eeacd1e89d3b,2026-07-25T04:30:00Z,2026-07-25T06:30:00+0200,93.07,EUR/MWh,FR,FR,imbalance_price,Long,2026-08-05T12:06:18Z
2026-08-05T12:02:33Z,2026-08-05T14:02:33+0200,a602df8b-e77d-453c-80cb-eeacd1e89d3b,2026-07-25T04:30:00Z,2026-07-25T06:30:00+0200,101.85,EUR/MWh,FR,FR,imbalance_price,Short,2026-08-05T12:06:18Z
2026-08-05T12:02:33Z,2026-08-05T14:02:33+0200,a602df8b-e77d-453c-80cb-eeacd1e89d3b,2026-07-25T04:45:00Z,2026-07-25T06:45:00+0200,103.59,EUR/MWh,FR,FR,imbalance_price,Long,2026-08-05T12:06:18Z
2026-08-05T12:02:33Z,2026-08-05T14:02:33+0200,a602df8b-e77d-453c-80cb-eeacd1e89d3b,2026-07-25T04:45:00Z,2026-07-25T06:45:00+0200,113.35,EUR/MWh,FR,FR,imbalance_price,Short,2026-08-05T12:06:18Z
2026-08-05T12:02:33Z,2026-08-05T14:02:33+0200,a602df8b-e77d-453c-80cb-eeacd1e89d3b,2026-07-25T05:00:00Z,2026-07-25T07:00:00+0200,121.54,EUR/MWh,FR,FR,imbalance_price,Long,2026-08-05T12:06:18Z
2026-08-05T12:02:33Z,2026-08-05T14:02:33+0200,a602df8b-e77d-453c-80cb-eeacd1e89d3b,2026-07-25T05:00:00Z,2026-07-25T07:00:00+0200,133.0,EUR/MWh,FR,FR,imbalance_price,Short,2026-08-05T12:06:18Z
2026-08-05T12:02:33Z,2026-08-05T14:02:33+0200,a602df8b-e77d-453c-80cb-eeacd1e89d3b,2026-07-25T05:15:00Z,2026-07-25T07:15:00+0200,113.67,EUR/MWh,FR,FR,imbalance_price,Long,2026-08-05T12:06:18Z
2026-08-05T12:02:33Z,2026-08-05T14:02:33+0200,a602df8b-e77d-453c-80cb-eeacd1e89d3b,2026-07-25T05:15:00Z,2026-07-25T07:15:00+0200,124.39,EUR/MWh,FR,FR,imbalance_price,Short,2026-08-05T12:06:18Z
2026-08-05T12:02:33Z,2026-08-05T14:02:33+0200,a602df8b-e77d-453c-80cb-eeacd1e89d3b,2026-07-25T05:30:00Z,2026-07-25T07:30:00+0200,25.37,EUR/MWh,FR,FR,imbalance_price,Long,2026-08-05T12:06:18Z
2026-08-05T12:02:33Z,2026-08-05T14:02:33+0200,a602df8b-e77d-453c-80cb-eeacd1e89d3b,2026-07-25T05:30:00Z,2026-07-25T07:30:00+0200,27.77,EUR/MWh,FR,FR,imbalance_price,Short,2026-08-05T12:06:18Z
2026-08-05T12:02:33Z,2026-08-05T14:02:33+0200,a602df8b-e77d-453c-80cb-eeacd1e89d3b,2026-07-25T05:45:00Z,2026-07-25T07:45:00+0200,39.97,EUR/MWh,FR,FR,imbalance_price,Long,2026-08-05T12:06:18Z
2026-08-05T12:02:33Z,2026-08-05T14:02:33+0200,a602df8b-e77d-453c-80cb-eeacd1e89d3b,2026-07-25T05:45:00Z,2026-07-25T07:45:00+0200,43.73,EUR/MWh,FR,FR,imbalance_price,Short,2026-08-05T12:06:18Z
2026-08-05T12:02:33Z,2026-08-05T14:02:33+0200,a602df8b-e77d-453c-80cb-eeacd1e89d3b,2026-07-25T06:00:00Z,2026-07-25T08:00:00+0200,44.81,EUR/MWh,FR,FR,imbalance_price,Long,2026-08-05T12:06:18Z
2026-08-05T12:02:33Z,2026-08-05T14:02:33+0200,a602df8b-e77d-453c-80cb-eeacd1e89d3b,2026-07-25T06:00:00Z,2026-07-25T08:00:00+0200,49.03,EUR/MWh,FR,FR,imbalance_price,Short,2026-08-05T12:06:18Z
2026-08-05T12:02:33Z,2026-08-05T14:02:33+0200,a602df8b-e77d-453c-80cb-eeacd1e89d3b,2026-07-25T06:15:00Z,2026-07-25T08:15:00+0200,165.62,EUR/MWh,FR,FR,imbalance_price,Long,2026-08-05T12:06:18Z
2026-08-05T12:02:33Z,2026-08-05T14:02:33+0200,a602df8b-e77d-453c-80cb-eeacd1e89d3b,2026-07-25T06:15:00Z,2026-07-25T08:15:00+0200,181.22,EUR/MWh,FR,FR,imbalance_price,Short,2026-08-05T12:06:18Z
2026-08-05T12:02:33Z,2026-08-05T14:02:33+0200,a602df8b-e77d-453c-80cb-eeacd1e89d3b,2026-07-25T06:30:00Z,2026-07-25T08:30:00+0200,154.3,EUR/MWh,FR,FR,imbalance_price,Long,2026-08-05T12:06:18Z
2026-08-05T12:02:33Z,2026-08-05T14:02:33+0200,a602df8b-e77d-453c-80cb-eeacd1e89d3b,2026-07-25T06:30:00Z,2026-07-25T08:30:00+0200,168.84,EUR/MWh,FR,FR,imbalance_price,Short,2026-08-05T12:06:18Z
2026-08-05T12:02:33Z,2026-08-05T14:02:33+0200,a602df8b-e77d-453c-80cb-eeacd1e89d3b,2026-07-25T06:45:00Z,2026-07-25T08:45:00+0200,175.08,EUR/MWh,FR,FR,imbalance_price,Long,2026-08-05T12:06:18Z
2026-08-05T12:02:33Z,2026-08-05T14:02:33+0200,a602df8b-e77d-453c-80cb-eeacd1e89d3b,2026-07-25T06:45:00Z,2026-07-25T08:45:00+0200,191.58,EUR/MWh,FR,FR,imbalance_price,Short,2026-08-05T12:06:18Z
2026-08-05T12:02:33Z,2026-08-05T14:02:33+0200,a602df8b-e77d-453c-80cb-eeacd1e89d3b,2026-07-25T07:00:00Z,2026-07-25T09:00:00+0200,154.67,EUR/MWh,FR,FR,imbalance_price,Long,2026-08-05T12:06:18Z
2026-08-05T12:02:33Z,2026-08-05T14:02:33+0200,a602df8b-e77d-453c-80cb-eeacd1e89d3b,2026-07-25T07:00:00Z,2026-07-25T09:00:00+0200,169.25,EUR/MWh,FR,FR,imbalance_price,Short,2026-08-05T12:06:18Z
2026-08-05T12:02:33Z,2026-08-05T14:02:33+0200,a602df8b-e77d-453c-80cb-eeacd1e89d3b,2026-07-25T07:15:00Z,2026-07-25T09:15:00+0200,155.42,EUR/MWh,FR,FR,imbalance_price,Long,2026-08-05T12:06:18Z
2026-08-05T12:02:33Z,2026-08-05T14:02:33+0200,a602df8b-e77d-453c-80cb-eeacd1e89d3b,2026-07-25T07:15:00Z,2026-07-25T09:15:00+0200,170.06,EUR/MWh,FR,FR,imbalance_price,Short,2026-08-05T12:06:18Z
2026-08-05T12:02:33Z,2026-08-05T14:02:33+0200,a602df8b-e77d-453c-80cb-eeacd1e89d3b,2026-07-25T07:30:00Z,2026-07-25T09:30:00+0200,143.05,EUR/MWh,FR,FR,imbalance_price,Long,2026-08-05T12:06:18Z
2026-08-05T12:02:33Z,2026-08-05T14:02:33+0200,a602df8b-e77d-453c-80cb-eeacd1e89d3b,2026-07-25T07:30:00Z,2026-07-25T09:30:00+0200,156.53,EUR/MWh,FR,FR,imbalance_price,Short,2026-08-05T12:06:18Z
2026-08-05T12:02:33Z,2026-08-05T14:02:33+0200,a602df8b-e77d-453c-80cb-eeacd1e89d3b,2026-07-25T07:45:00Z,2026-07-25T09:45:00+0200,148.17,EUR/MWh,FR,FR,imbalance_price,Long,2026-08-05T12:06:18Z
2026-08-05T12:02:33Z,2026-08-05T14:02:33+0200,a602df8b-e77d-453c-80cb-eeacd1e89d3b,2026-07-25T07:45:00Z,2026-07-25T09:45:00+0200,162.13,EUR/MWh,FR,FR,imbalance_price,Short,2026-08-05T12:06:18Z
2026-08-05T12:02:33Z,2026-08-05T14:02:33+0200,a602df8b-e77d-453c-80cb-eeacd1e89d3b,2026-07-25T08:00:00Z,2026-07-25T10:00:00+0200,143.91,EUR/MWh,FR,FR,imbalance_price,Long,2026-08-05T12:06:18Z
2026-08-05T12:02:33Z,2026-08-05T14:02:33+0200,a602df8b-e77d-453c-80cb-eeacd1e89d3b,2026-07-25T08:00:00Z,2026-07-25T10:00:00+0200,157.47,EUR/MWh,FR,FR,imbalance_price,Short,2026-08-05T12:06:18Z
2026-08-05T12:02:33Z,2026-08-05T14:02:33+0200,a602df8b-e77d-453c-80cb-eeacd1e89d3b,2026-07-25T08:15:00Z,2026-07-25T10:15:00+0200,146.11,EUR/MWh,FR,FR,imbalance_price,Long,2026-08-05T12:06:18Z
2026-08-05T12:02:33Z,2026-08-05T14:02:33+0200,a602df8b-e77d-453c-80cb-eeacd1e89d3b,2026-07-25T08:15:00Z,2026-07-25T10:15:00+0200,159.87,EUR/MWh,FR,FR,imbalance_price,Short,2026-08-05T12:06:18Z
2026-08-05T12:02:33Z,2026-08-05T14:02:33+0200,a602df8b-e77d-453c-80cb-eeacd1e89d3b,2026-07-25T08:30:00Z,2026-07-25T10:30:00+0200,148.66,EUR/MWh,FR,FR,imbalance_price,Long,2026-08-05T12:06:18Z
2026-08-05T12:02:33Z,2026-08-05T14:02:33+0200,a602df8b-e77d-453c-80cb-eeacd1e89d3b,2026-07-25T08:30:00Z,2026-07-25T10:30:00+0200,162.68,EUR/MWh,FR,FR,imbalance_price,Short,2026-08-05T12:06:18Z
2026-08-05T12:02:33Z,2026-08-05T14:02:33+0200,a602df8b-e77d-453c-80cb-eeacd1e89d3b,2026-07-25T08:45:00Z,2026-07-25T10:45:00+0200,153.43,EUR/MWh,FR,FR,imbalance_price,Long,2026-08-05T12:06:18Z
2026-08-05T12:02:33Z,2026-08-05T14:02:33+0200,a602df8b-e77d-453c-80cb-eeacd1e89d3b,2026-07-25T08:45:00Z,2026-07-25T10:45:00+0200,167.89,EUR/MWh,FR,FR,imbalance_price,Short,2026-08-05T12:06:18Z
2026-08-05T12:02:33Z,2026-08-05T14:02:33+0200,a602df8b-e77d-453c-80cb-eeacd1e89d3b,2026-07-25T09:00:00Z,2026-07-25T11:00:00+0200,174.92,EUR/MWh,FR,FR,imbalance_price,Long,2026-08-05T12:06:18Z
2026-08-05T12:02:33Z,2026-08-05T14:02:33+0200,a602df8b-e77d-453c-80cb-eeacd1e89d3b,2026-07-25T09:00:00Z,2026-07-25T11:00:00+0200,191.4,EUR/MWh,FR,FR,imbalance_price,Short,2026-08-05T12:06:18Z
2026-08-05T12:02:33Z,2026-08-05T14:02:33+0200,a602df8b-e77d-453c-80cb-eeacd1e89d3b,2026-07-25T09:15:00Z,2026-07-25T11:15:00+0200,166.67,EUR/MWh,FR,FR,imbalance_price,Long,2026-08-05T12:06:18Z
2026-08-05T12:02:33Z,2026-08-05T14:02:33+0200,a602df8b-e77d-453c-80cb-eeacd1e89d3b,2026-07-25T09:15:00Z,2026-07-25T11:15:00+0200,182.37,EUR/MWh,FR,FR,imbalance_price,Short,2026-08-05T12:06:18Z
2026-08-05T12:02:33Z,2026-08-05T14:02:33+0200,a602df8b-e77d-453c-80cb-eeacd1e89d3b,2026-07-25T09:30:00Z,2026-07-25T11:30:00+0200,178.81,EUR/MWh,FR,FR,imbalance_price,Long,2026-08-05T12:06:18Z
2026-08-05T12:02:33Z,2026-08-05T14:02:33+0200,a602df8b-e77d-453c-80cb-eeacd1e89d3b,2026-07-25T09:30:00Z,2026-07-25T11:30:00+0200,195.67,EUR/MWh,FR,FR,imbalance_price,Short,2026-08-05T12:06:18Z
2026-08-05T12:02:33Z,2026-08-05T14:02:33+0200,a602df8b-e77d-453c-80cb-eeacd1e89d3b,2026-07-25T09:45:00Z,2026-07-25T11:45:00+0200,181.45,EUR/MWh,FR,FR,imbalance_price,Long,2026-08-05T12:06:18Z
2026-08-05T12:02:33Z,2026-08-05T14:02:33+0200,a602df8b-e77d-453c-80cb-eeacd1e89d3b,2026-07-25T09:45:00Z,2026-07-25T11:45:00+0200,198.55,EUR/MWh,FR,FR,imbalance_price,Short,2026-08-05T12:06:18Z
2026-08-05T12:02:33Z,2026-08-05T14:02:33+0200,a602df8b-e77d-453c-80cb-eeacd1e89d3b,2026-07-25T10:00:00Z,2026-07-25T12:00:00+0200,-6.53,EUR/MWh,FR,FR,imbalance_price,Long,2026-08-05T12:06:18Z
2026-08-05T12:02:33Z,2026-08-05T14:02:33+0200,a602df8b-e77d-453c-80cb-eeacd1e89d3b,2026-07-25T10:00:00Z,2026-07-25T12:00:00+0200,-5.97,EUR/MWh,FR,FR,imbalance_price,Short,2026-08-05T12:06:18Z
2026-08-05T12:02:33Z,2026-08-05T14:02:33+0200,a602df8b-e77d-453c-80cb-eeacd1e89d3b,2026-07-25T10:15:00Z,2026-07-25T12:15:00+0200,14.77,EUR/MWh,FR,FR,imbalance_price,Long,2026-08-05T12:06:18Z
2026-08-05T12:02:33Z,2026-08-05T14:02:33+0200,a602df8b-e77d-453c-80cb-eeacd1e89d3b,2026-07-25T10:15:00Z,2026-07-25T12:15:00+0200,16.17,EUR/MWh,FR,FR,imbalance_price,Short,2026-08-05T12:06:18Z
2026-08-05T12:02:33Z,2026-08-05T14:02:33+0200,a602df8b-e77d-453c-80cb-eeacd1e89d3b,2026-07-25T10:30:00Z,2026-07-25T12:30:00+0200,2.77,EUR/MWh,FR,FR,imbalance_price,Long,2026-08-05T12:06:18Z
2026-08-05T12:02:33Z,2026-08-05T14:02:33+0200,a602df8b-e77d-453c-80cb-eeacd1e89d3b,2026-07-25T10:30:00Z,2026-07-25T12:30:00+0200,3.03,EUR/MWh,FR,FR,imbalance_price,Short,2026-08-05T12:06:18Z
2026-08-05T12:02:33Z,2026-08-05T14:02:33+0200,a602df8b-e77d-453c-80cb-eeacd1e89d3b,2026-07-25T10:45:00Z,2026-07-25T12:45:00+0200,0.79,EUR/MWh,FR,FR,imbalance_price,Long,2026-08-05T12:06:18Z
2026-08-05T12:02:33Z,2026-08-05T14:02:33+0200,a602df8b-e77d-453c-80cb-eeacd1e89d3b,2026-07-25T10:45:00Z,2026-07-25T12:45:00+0200,0.87,EUR/MWh,FR,FR,imbalance_price,Short,2026-08-05T12:06:18Z
2026-08-05T12:02:33Z,2026-08-05T14:02:33+0200,a602df8b-e77d-453c-80cb-eeacd1e89d3b,2026-07-25T11:00:00Z,2026-07-25T13:00:00+0200,-10.16,EUR/MWh,FR,FR,imbalance_price,Long,2026-08-05T12:06:18Z
2026-08-05T12:02:33Z,2026-08-05T14:02:33+0200,a602df8b-e77d-453c-80cb-eeacd1e89d3b,2026-07-25T11:00:00Z,2026-07-25T13:00:00+0200,-9.28,EUR/MWh,FR,FR,imbalance_price,Short,2026-08-05T12:06:18Z
2026-08-05T12:02:33Z,2026-08-05T14:02:33+0200,a602df8b-e77d-453c-80cb-eeacd1e89d3b,2026-07-25T11:15:00Z,2026-07-25T13:15:00+0200,-14.38,EUR/MWh,FR,FR,imbalance_price,Long,2026-08-05T12:06:18Z
2026-08-05T12:02:33Z,2026-08-05T14:02:33+0200,a602df8b-e77d-453c-80cb-eeacd1e89d3b,2026-07-25T11:15:00Z,2026-07-25T13:15:00+0200,-13.14,EUR/MWh,FR,FR,imbalance_price,Short,2026-08-05T12:06:18Z
2026-08-05T12:02:33Z,2026-08-05T14:02:33+0200,a602df8b-e77d-453c-80cb-eeacd1e89d3b,2026-07-25T11:30:00Z,2026-07-25T13:30:00+0200,-12.47,EUR/MWh,FR,FR,imbalance_price,Long,2026-08-05T12:06:18Z
2026-08-05T12:02:33Z,2026-08-05T14:02:33+0200,a602df8b-e77d-453c-80cb-eeacd1e89d3b,2026-07-25T11:30:00Z,2026-07-25T13:30:00+0200,-11.39,EUR/MWh,FR,FR,imbalance_price,Short,2026-08-05T12:06:18Z
2026-08-05T12:02:33Z,2026-08-05T14:02:33+0200,a602df8b-e77d-453c-80cb-eeacd1e89d3b,2026-07-25T11:45:00Z,2026-07-25T13:45:00+0200,-11.74,EUR/MWh,FR,FR,imbalance_price,Long,2026-08-05T12:06:18Z
2026-08-05T12:02:33Z,2026-08-05T14:02:33+0200,a602df8b-e77d-453c-80cb-eeacd1e89d3b,2026-07-25T11:45:00Z,2026-07-25T13:45:00+0200,-10.72,EUR/MWh,FR,FR,imbalance_price,Short,2026-08-05T12:06:18Z
2026-08-05T12:02:33Z,2026-08-05T14:02:33+0200,a602df8b-e77d-453c-80cb-eeacd1e89d3b,2026-07-25T12:00:00Z,2026-07-25T14:00:00+0200,-18.36,EUR/MWh,FR,FR,imbalance_price,Long,2026-08-05T12:06:18Z
2026-08-05T12:02:33Z,2026-08-05T14:02:33+0200,a602df8b-e77d-453c-80cb-eeacd1e89d3b,2026-07-25T12:00:00Z,2026-07-25T14:00:00+0200,-16.78,EUR/MWh,FR,FR,imbalance_price,Short,2026-08-05T12:06:18Z
2026-08-05T12:02:33Z,2026-08-05T14:02:33+0200,a602df8b-e77d-453c-80cb-eeacd1e89d3b,2026-07-25T12:15:00Z,2026-07-25T14:15:00+0200,-9.67,EUR/MWh,FR,FR,imbalance_price,Long,2026-08-05T12:06:18Z
2026-08-05T12:02:33Z,2026-08-05T14:02:33+0200,a602df8b-e77d-453c-80cb-eeacd1e89d3b,2026-07-25T12:15:00Z,2026-07-25T14:15:00+0200,-8.83,EUR/MWh,FR,FR,imbalance_price,Short,2026-08-05T12:06:18Z
2026-08-05T12:02:33Z,2026-08-05T14:02:33+0200,a602df8b-e77d-453c-80cb-eeacd1e89d3b,2026-07-25T12:30:00Z,2026-07-25T14:30:00+0200,-18.1,EUR/MWh,FR,FR,imbalance_price,Long,2026-08-05T12:06:18Z
2026-08-05T12:02:33Z,2026-08-05T14:02:33+0200,a602df8b-e77d-453c-80cb-eeacd1e89d3b,2026-07-25T12:30:00Z,2026-07-25T14:30:00+0200,-16.54,EUR/MWh,FR,FR,imbalance_price,Short,2026-08-05T12:06:18Z
2026-08-05T12:02:33Z,2026-08-05T14:02:33+0200,a602df8b-e77d-453c-80cb-eeacd1e89d3b,2026-07-25T12:45:00Z,2026-07-25T14:45:00+0200,-18.94,EUR/MWh,FR,FR,imbalance_price,Long,2026-08-05T12:06:18Z
2026-08-05T12:02:33Z,2026-08-05T14:02:33+0200,a602df8b-e77d-453c-80cb-eeacd1e89d3b,2026-07-25T12:45:00Z,2026-07-25T14:45:00+0200,-17.3,EUR/MWh,FR,FR,imbalance_price,Short,2026-08-05T12:06:18Z
2026-08-05T12:02:33Z,2026-08-05T14:02:33+0200,a602df8b-e77d-453c-80cb-eeacd1e89d3b,2026-07-25T13:00:00Z,2026-07-25T15:00:00+0200,-18.59,EUR/MWh,FR,FR,imbalance_price,Long,2026-08-05T12:06:18Z
2026-08-05T12:02:33Z,2026-08-05T14:02:33+0200,a602df8b-e77d-453c-80cb-eeacd1e89d3b,2026-07-25T13:00:00Z,2026-07-25T15:00:00+0200,-16.99,EUR/MWh,FR,FR,imbalance_price,Short,2026-08-05T12:06:18Z
2026-08-05T12:02:33Z,2026-08-05T14:02:33+0200,a602df8b-e77d-453c-80cb-eeacd1e89d3b,2026-07-25T13:15:00Z,2026-07-25T15:15:00+0200,-17.79,EUR/MWh,FR,FR,imbalance_price,Long,2026-08-05T12:06:18Z
2026-08-05T12:02:33Z,2026-08-05T14:02:33+0200,a602df8b-e77d-453c-80cb-eeacd1e89d3b,2026-07-25T13:15:00Z,2026-07-25T15:15:00+0200,-16.25,EUR/MWh,FR,FR,imbalance_price,Short,2026-08-05T12:06:18Z
2026-08-05T12:02:33Z,2026-08-05T14:02:33+0200,a602df8b-e77d-453c-80cb-eeacd1e89d3b,2026-07-25T13:30:00Z,2026-07-25T15:30:00+0200,-14.68,EUR/MWh,FR,FR,imbalance_price,Long,2026-08-05T12:06:18Z
2026-08-05T12:02:33Z,2026-08-05T14:02:33+0200,a602df8b-e77d-453c-80cb-eeacd1e89d3b,2026-07-25T13:30:00Z,2026-07-25T15:30:00+0200,-13.42,EUR/MWh,FR,FR,imbalance_price,Short,2026-08-05T12:06:18Z
2026-08-05T12:02:33Z,2026-08-05T14:02:33+0200,a602df8b-e77d-453c-80cb-eeacd1e89d3b,2026-07-25T13:45:00Z,2026-07-25T15:45:00+0200,-50.62,EUR/MWh,FR,FR,imbalance_price,Long,2026-08-05T12:06:18Z
2026-08-05T12:02:33Z,2026-08-05T14:02:33+0200,a602df8b-e77d-453c-80cb-eeacd1e89d3b,2026-07-25T13:45:00Z,2026-07-25T15:45:00+0200,-46.26,EUR/MWh,FR,FR,imbalance_price,Short,2026-08-05T12:06:18Z
2026-08-05T12:02:33Z,2026-08-05T14:02:33+0200,a602df8b-e77d-453c-80cb-eeacd1e89d3b,2026-07-25T14:00:00Z,2026-07-25T16:00:00+0200,-5.84,EUR/MWh,FR,FR,imbalance_price,Long,2026-08-05T12:06:18Z
2026-08-05T12:02:33Z,2026-08-05T14:02:33+0200,a602df8b-e77d-453c-80cb-eeacd1e89d3b,2026-07-25T14:00:00Z,2026-07-25T16:00:00+0200,-5.34,EUR/MWh,FR,FR,imbalance_price,Short,2026-08-05T12:06:18Z
2026-08-05T12:02:33Z,2026-08-05T14:02:33+0200,a602df8b-e77d-453c-80cb-eeacd1e89d3b,2026-07-25T14:15:00Z,2026-07-25T16:15:00+0200,145.26,EUR/MWh,FR,FR,imbalance_price,Long,2026-08-05T12:06:18Z
2026-08-05T12:02:33Z,2026-08-05T14:02:33+0200,a602df8b-e77d-453c-80cb-eeacd1e89d3b,2026-07-25T14:15:00Z,2026-07-25T16:15:00+0200,158.94,EUR/MWh,FR,FR,imbalance_price,Short,2026-08-05T12:06:18Z
2026-08-05T12:02:33Z,2026-08-05T14:02:33+0200,a602df8b-e77d-453c-80cb-eeacd1e89d3b,2026-07-25T14:30:00Z,2026-07-25T16:30:00+0200,148.3,EUR/MWh,FR,FR,imbalance_price,Long,2026-08-05T12:06:18Z
2026-08-05T12:02:33Z,2026-08-05T14:02:33+0200,a602df8b-e77d-453c-80cb-eeacd1e89d3b,2026-07-25T14:30:00Z,2026-07-25T16:30:00+0200,162.28,EUR/MWh,FR,FR,imbalance_price,Short,2026-08-05T12:06:18Z
2026-08-05T12:02:33Z,2026-08-05T14:02:33+0200,a602df8b-e77d-453c-80cb-eeacd1e89d3b,2026-07-25T14:45:00Z,2026-07-25T16:45:00+0200,149.53,EUR/MWh,FR,FR,imbalance_price,Long,2026-08-05T12:06:18Z
2026-08-05T12:02:33Z,2026-08-05T14:02:33+0200,a602df8b-e77d-453c-80cb-eeacd1e89d3b,2026-07-25T14:45:00Z,2026-07-25T16:45:00+0200,163.63,EUR/MWh,FR,FR,imbalance_price,Short,2026-08-05T12:06:18Z
2026-08-05T12:02:33Z,2026-08-05T14:02:33+0200,a602df8b-e77d-453c-80cb-eeacd1e89d3b,2026-07-25T15:00:00Z,2026-07-25T17:00:00+0200,149.45,EUR/MWh,FR,FR,imbalance_price,Long,2026-08-05T12:06:18Z
2026-08-05T12:02:33Z,2026-08-05T14:02:33+0200,a602df8b-e77d-453c-80cb-eeacd1e89d3b,2026-07-25T15:00:00Z,2026-07-25T17:00:00+0200,163.53,EUR/MWh,FR,FR,imbalance_price,Short,2026-08-05T12:06:18Z
2026-08-05T12:02:33Z,2026-08-05T14:02:33+0200,a602df8b-e77d-453c-80cb-eeacd1e89d3b,2026-07-25T15:15:00Z,2026-07-25T17:15:00+0200,152.46,EUR/MWh,FR,FR,imbalance_price,Long,2026-08-05T12:06:18Z
2026-08-05T12:02:33Z,2026-08-05T14:02:33+0200,a602df8b-e77d-453c-80cb-eeacd1e89d3b,2026-07-25T15:15:00Z,2026-07-25T17:15:00+0200,166.82,EUR/MWh,FR,FR,imbalance_price,Short,2026-08-05T12:06:18Z
2026-08-05T12:02:33Z,2026-08-05T14:02:33+0200,a602df8b-e77d-453c-80cb-eeacd1e89d3b,2026-07-25T15:30:00Z,2026-07-25T17:30:00+0200,143.31,EUR/MWh,FR,FR,imbalance_price,Long,2026-08-05T12:06:18Z
2026-08-05T12:02:33Z,2026-08-05T14:02:33+0200,a602df8b-e77d-453c-80cb-eeacd1e89d3b,2026-07-25T15:30:00Z,2026-07-25T17:30:00+0200,156.81,EUR/MWh,FR,FR,imbalance_price,Short,2026-08-05T12:06:18Z
2026-08-05T12:02:33Z,2026-08-05T14:02:33+0200,a602df8b-e77d-453c-80cb-eeacd1e89d3b,2026-07-25T15:45:00Z,2026-07-25T17:45:00+0200,74.16,EUR/MWh,FR,FR,imbalance_price,Long,2026-08-05T12:06:18Z
2026-08-05T12:02:33Z,2026-08-05T14:02:33+0200,a602df8b-e77d-453c-80cb-eeacd1e89d3b,2026-07-25T15:45:00Z,2026-07-25T17:45:00+0200,81.14,EUR/MWh,FR,FR,imbalance_price,Short,2026-08-05T12:06:18Z
2026-08-05T12:02:33Z,2026-08-05T14:02:33+0200,a602df8b-e77d-453c-80cb-eeacd1e89d3b,2026-07-25T16:00:00Z,2026-07-25T18:00:00+0200,90.06,EUR/MWh,FR,FR,imbalance_price,Long,2026-08-05T12:06:18Z
2026-08-05T12:02:33Z,2026-08-05T14:02:33+0200,a602df8b-e77d-453c-80cb-eeacd1e89d3b,2026-07-25T16:00:00Z,2026-07-25T18:00:00+0200,98.54,EUR/MWh,FR,FR,imbalance_price,Short,2026-08-05T12:06:18Z
2026-08-05T12:02:33Z,2026-08-05T14:02:33+0200,a602df8b-e77d-453c-80cb-eeacd1e89d3b,2026-07-25T16:15:00Z,2026-07-25T18:15:00+0200,176.12,EUR/MWh,FR,FR,imbalance_price,Long,2026-08-05T12:06:18Z
2026-08-05T12:02:33Z,2026-08-05T14:02:33+0200,a602df8b-e77d-453c-80cb-eeacd1e89d3b,2026-07-25T16:15:00Z,2026-07-25T18:15:00+0200,192.72,EUR/MWh,FR,FR,imbalance_price,Short,2026-08-05T12:06:18Z
2026-08-05T12:02:33Z,2026-08-05T14:02:33+0200,a602df8b-e77d-453c-80cb-eeacd1e89d3b,2026-07-25T16:30:00Z,2026-07-25T18:30:00+0200,164.81,EUR/MWh,FR,FR,imbalance_price,Long,2026-08-05T12:06:18Z
2026-08-05T12:02:33Z,2026-08-05T14:02:33+0200,a602df8b-e77d-453c-80cb-eeacd1e89d3b,2026-07-25T16:30:00Z,2026-07-25T18:30:00+0200,180.35,EUR/MWh,FR,FR,imbalance_price,Short,2026-08-05T12:06:18Z
2026-08-05T12:02:33Z,2026-08-05T14:02:33+0200,a602df8b-e77d-453c-80cb-eeacd1e89d3b,2026-07-25T16:45:00Z,2026-07-25T18:45:00+0200,149.88,EUR/MWh,FR,FR,imbalance_price,Long,2026-08-05T12:06:18Z
2026-08-05T12:02:33Z,2026-08-05T14:02:33+0200,a602df8b-e77d-453c-80cb-eeacd1e89d3b,2026-07-25T16:45:00Z,2026-07-25T18:45:00+0200,164.0,EUR/MWh,FR,FR,imbalance_price,Short,2026-08-05T12:06:18Z
2026-08-05T12:02:33Z,2026-08-05T14:02:33+0200,a602df8b-e77d-453c-80cb-eeacd1e89d3b,2026-07-25T17:00:00Z,2026-07-25T19:00:00+0200,196.98,EUR/MWh,FR,FR,imbalance_price,Long,2026-08-05T12:06:18Z
2026-08-05T12:02:33Z,2026-08-05T14:02:33+0200,a602df8b-e77d-453c-80cb-eeacd1e89d3b,2026-07-25T17:00:00Z,2026-07-25T19:00:00+0200,215.54,EUR/MWh,FR,FR,imbalance_price,Short,2026-08-05T12:06:18Z
2026-08-05T12:02:33Z,2026-08-05T14:02:33+0200,a602df8b-e77d-453c-80cb-eeacd1e89d3b,2026-07-25T17:15:00Z,2026-07-25T19:15:00+0200,212.64,EUR/MWh,FR,FR,imbalance_price,Long,2026-08-05T12:06:18Z
2026-08-05T12:02:33Z,2026-08-05T14:02:33+0200,a602df8b-e77d-453c-80cb-eeacd1e89d3b,2026-07-25T17:15:00Z,2026-07-25T19:15:00+0200,232.68,EUR/MWh,FR,FR,imbalance_price,Short,2026-08-05T12:06:18Z
2026-08-05T12:02:33Z,2026-08-05T14:02:33+0200,a602df8b-e77d-453c-80cb-eeacd1e89d3b,2026-07-25T17:30:00Z,2026-07-25T19:30:00+0200,207.16,EUR/MWh,FR,FR,imbalance_price,Long,2026-08-05T12:06:18Z
2026-08-05T12:02:33Z,2026-08-05T14:02:33+0200,a602df8b-e77d-453c-80cb-eeacd1e89d3b,2026-07-25T17:30:00Z,2026-07-25T19:30:00+0200,226.68,EUR/MWh,FR,FR,imbalance_price,Short,2026-08-05T12:06:18Z
2026-08-05T12:02:33Z,2026-08-05T14:02:33+0200,a602df8b-e77d-453c-80cb-eeacd1e89d3b,2026-07-25T17:45:00Z,2026-07-25T19:45:00+0200,94.03,EUR/MWh,FR,FR,imbalance_price,Long,2026-08-05T12:06:18Z
2026-08-05T12:02:33Z,2026-08-05T14:02:33+0200,a602df8b-e77d-453c-80cb-eeacd1e89d3b,2026-07-25T17:45:00Z,2026-07-25T19:45:00+0200,102.89,EUR/MWh,FR,FR,imbalance_price,Short,2026-08-05T12:06:18Z
2026-08-05T12:02:33Z,2026-08-05T14:02:33+0200,a602df8b-e77d-453c-80cb-eeacd1e89d3b,2026-07-25T18:00:00Z,2026-07-25T20:00:00+0200,118.47,EUR/MWh,FR,FR,imbalance_price,Long,2026-08-05T12:06:18Z
2026-08-05T12:02:33Z,2026-08-05T14:02:33+0200,a602df8b-e77d-453c-80cb-eeacd1e89d3b,2026-07-25T18:00:00Z,2026-07-25T20:00:00+0200,129.63,EUR/MWh,FR,FR,imbalance_price,Short,2026-08-05T12:06:18Z
2026-08-05T12:02:33Z,2026-08-05T14:02:33+0200,a602df8b-e77d-453c-80cb-eeacd1e89d3b,2026-07-25T18:15:00Z,2026-07-25T20:15:00+0200,75.0,EUR/MWh,FR,FR,imbalance_price,Long,2026-08-05T12:06:18Z
2026-08-05T12:02:33Z,2026-08-05T14:02:33+0200,a602df8b-e77d-453c-80cb-eeacd1e89d3b,2026-07-25T18:15:00Z,2026-07-25T20:15:00+0200,82.06,EUR/MWh,FR,FR,imbalance_price,Short,2026-08-05T12:06:18Z
2026-08-05T12:02:33Z,2026-08-05T14:02:33+0200,a602df8b-e77d-453c-80cb-eeacd1e89d3b,2026-07-25T18:30:00Z,2026-07-25T20:30:00+0200,130.86,EUR/MWh,FR,FR,imbalance_price,Long,2026-08-05T12:06:18Z
2026-08-05T12:02:33Z,2026-08-05T14:02:33+0200,a602df8b-e77d-453c-80cb-eeacd1e89d3b,2026-07-25T18:30:00Z,2026-07-25T20:30:00+0200,143.2,EUR/MWh,FR,FR,imbalance_price,Short,2026-08-05T12:06:18Z
2026-08-05T12:02:33Z,2026-08-05T14:02:33+0200,a602df8b-e77d-453c-80cb-eeacd1e89d3b,2026-07-25T18:45:00Z,2026-07-25T20:45:00+0200,67.78,EUR/MWh,FR,FR,imbalance_price,Long,2026-08-05T12:06:18Z
2026-08-05T12:02:33Z,2026-08-05T14:02:33+0200,a602df8b-e77d-453c-80cb-eeacd1e89d3b,2026-07-25T18:45:00Z,2026-07-25T20:45:00+0200,74.16,EUR/MWh,FR,FR,imbalance_price,Short,2026-08-05T12:06:18Z
2026-08-05T12:02:33Z,2026-08-05T14:02:33+0200,a602df8b-e77d-453c-80cb-eeacd1e89d3b,2026-07-25T19:00:00Z,2026-07-25T21:00:00+0200,107.17,EUR/MWh,FR,FR,imbalance_price,Long,2026-08-05T12:06:18Z
2026-08-05T12:02:33Z,2026-08-05T14:02:33+0200,a602df8b-e77d-453c-80cb-eeacd1e89d3b,2026-07-25T19:00:00Z,2026-07-25T21:00:00+0200,117.27,EUR/MWh,FR,FR,imbalance_price,Short,2026-08-05T12:06:18Z
2026-08-05T12:02:33Z,2026-08-05T14:02:33+0200,a602df8b-e77d-453c-80cb-eeacd1e89d3b,2026-07-25T19:15:00Z,2026-07-25T21:15:00+0200,81.0,EUR/MWh,FR,FR,imbalance_price,Long,2026-08-05T12:06:18Z
2026-08-05T12:02:33Z,2026-08-05T14:02:33+0200,a602df8b-e77d-453c-80cb-eeacd1e89d3b,2026-07-25T19:15:00Z,2026-07-25T21:15:00+0200,88.64,EUR/MWh,FR,FR,imbalance_price,Short,2026-08-05T12:06:18Z
2026-08-05T12:02:33Z,2026-08-05T14:02:33+0200,a602df8b-e77d-453c-80cb-eeacd1e89d3b,2026-07-25T19:30:00Z,2026-07-25T21:30:00+0200,83.0,EUR/MWh,FR,FR,imbalance_price,Long,2026-08-05T12:06:18Z
2026-08-05T12:02:33Z,2026-08-05T14:02:33+0200,a602df8b-e77d-453c-80cb-eeacd1e89d3b,2026-07-25T19:30:00Z,2026-07-25T21:30:00+0200,90.82,EUR/MWh,FR,FR,imbalance_price,Short,2026-08-05T12:06:18Z
2026-08-05T12:02:33Z,2026-08-05T14:02:33+0200,a602df8b-e77d-453c-80cb-eeacd1e89d3b,2026-07-25T19:45:00Z,2026-07-25T21:45:00+0200,77.93,EUR/MWh,FR,FR,imbalance_price,Long,2026-08-05T12:06:18Z
2026-08-05T12:02:33Z,2026-08-05T14:02:33+0200,a602df8b-e77d-453c-80cb-eeacd1e89d3b,2026-07-25T19:45:00Z,2026-07-25T21:45:00+0200,85.27,EUR/MWh,FR,FR,imbalance_price,Short,2026-08-05T12:06:18Z
2026-08-05T12:02:33Z,2026-08-05T14:02:33+0200,a602df8b-e77d-453c-80cb-eeacd1e89d3b,2026-07-25T20:00:00Z,2026-07-25T22:00:00+0200,139.1,EUR/MWh,FR,FR,imbalance_price,Long,2026-08-05T12:06:18Z
2026-08-05T12:02:33Z,2026-08-05T14:02:33+0200,a602df8b-e77d-453c-80cb-eeacd1e89d3b,2026-07-25T20:00:00Z,2026-07-25T22:00:00+0200,152.2,EUR/MWh,FR,FR,imbalance_price,Short,2026-08-05T12:06:18Z
2026-08-05T12:02:33Z,2026-08-05T14:02:33+0200,a602df8b-e77d-453c-80cb-eeacd1e89d3b,2026-07-25T20:15:00Z,2026-07-25T22:15:00+0200,62.85,EUR/MWh,FR,FR,imbalance_price,Long,2026-08-05T12:06:18Z
2026-08-05T12:02:33Z,2026-08-05T14:02:33+0200,a602df8b-e77d-453c-80cb-eeacd1e89d3b,2026-07-25T20:15:00Z,2026-07-25T22:15:00+0200,68.77,EUR/MWh,FR,FR,imbalance_price,Short,2026-08-05T12:06:18Z
2026-08-05T12:02:33Z,2026-08-05T14:02:33+0200,a602df8b-e77d-453c-80cb-eeacd1e89d3b,2026-07-25T20:30:00Z,2026-07-25T22:30:00+0200,175.52,EUR/MWh,FR,FR,imbalance_price,Long,2026-08-05T12:06:18Z
2026-08-05T12:02:33Z,2026-08-05T14:02:33+0200,a602df8b-e77d-453c-80cb-eeacd1e89d3b,2026-07-25T20:30:00Z,2026-07-25T22:30:00+0200,192.06,EUR/MWh,FR,FR,imbalance_price,Short,2026-08-05T12:06:18Z
2026-08-05T12:02:33Z,2026-08-05T14:02:33+0200,a602df8b-e77d-453c-80cb-eeacd1e89d3b,2026-07-25T20:45:00Z,2026-07-25T22:45:00+0200,175.52,EUR/MWh,FR,FR,imbalance_price,Long,2026-08-05T12:06:18Z
2026-08-05T12:02:33Z,2026-08-05T14:02:33+0200,a602df8b-e77d-453c-80cb-eeacd1e89d3b,2026-07-25T20:45:00Z,2026-07-25T22:45:00+0200,192.06,EUR/MWh,FR,FR,imbalance_price,Short,2026-08-05T12:06:18Z
2026-08-05T12:02:33Z,2026-08-05T14:02:33+0200,a602df8b-e77d-453c-80cb-eeacd1e89d3b,2026-07-25T21:00:00Z,2026-07-25T23:00:00+0200,169.23,EUR/MWh,FR,FR,imbalance_price,Long,2026-08-05T12:06:18Z
2026-08-05T12:02:33Z,2026-08-05T14:02:33+0200,a602df8b-e77d-453c-80cb-eeacd1e89d3b,2026-07-25T21:00:00Z,2026-07-25T23:00:00+0200,185.17,EUR/MWh,FR,FR,imbalance_price,Short,2026-08-05T12:06:18Z
2026-08-05T12:02:33Z,2026-08-05T14:02:33+0200,a602df8b-e77d-453c-80cb-eeacd1e89d3b,2026-07-25T21:15:00Z,2026-07-25T23:15:00+0200,53.64,EUR/MWh,FR,FR,imbalance_price,Long,2026-08-05T12:06:18Z
2026-08-05T12:02:33Z,2026-08-05T14:02:33+0200,a602df8b-e77d-453c-80cb-eeacd1e89d3b,2026-07-25T21:15:00Z,2026-07-25T23:15:00+0200,58.7,EUR/MWh,FR,FR,imbalance_price,Short,2026-08-05T12:06:18Z
2026-08-05T12:02:33Z,2026-08-05T14:02:33+0200,a602df8b-e77d-453c-80cb-eeacd1e89d3b,2026-07-25T21:30:00Z,2026-07-25T23:30:00+0200,70.97,EUR/MWh,FR,FR,imbalance_price,Long,2026-08-05T12:06:18Z
2026-08-05T12:02:33Z,2026-08-05T14:02:33+0200,a602df8b-e77d-453c-80cb-eeacd1e89d3b,2026-07-25T21:30:00Z,2026-07-25T23:30:00+0200,77.65,EUR/MWh,FR,FR,imbalance_price,Short,2026-08-05T12:06:18Z
2026-08-05T12:02:33Z,2026-08-05T14:02:33+0200,a602df8b-e77d-453c-80cb-eeacd1e89d3b,2026-07-25T21:45:00Z,2026-07-25T23:45:00+0200,77.36,EUR/MWh,FR,FR,imbalance_price,Long,2026-08-05T12:06:18Z
2026-08-05T12:02:33Z,2026-08-05T14:02:33+0200,a602df8b-e77d-453c-80cb-eeacd1e89d3b,2026-07-25T21:45:00Z,2026-07-25T23:45:00+0200,84.65,EUR/MWh,FR,FR,imbalance_price,Short,2026-08-05T12:06:18Z
2026-08-05T12:02:33Z,2026-08-05T14:02:33+0200,a602df8b-e77d-453c-80cb-eeacd1e89d3b,2026-07-25T22:00:00Z,2026-07-26T00:00:00+0200,34.17,EUR/MWh,FR,FR,imbalance_price,Long,2026-08-05T12:06:18Z
2026-08-05T12:02:33Z,2026-08-05T14:02:33+0200,a602df8b-e77d-453c-80cb-eeacd1e89d3b,2026-07-25T22:00:00Z,2026-07-26T00:00:00+0200,37.39,EUR/MWh,FR,FR,imbalance_price,Short,2026-08-05T12:06:18Z
2026-08-05T12:02:33Z,2026-08-05T14:02:33+0200,a602df8b-e77d-453c-80cb-eeacd1e89d3b,2026-07-25T22:15:00Z,2026-07-26T00:15:00+0200,29.23,EUR/MWh,FR,FR,imbalance_price,Long,2026-08-05T12:06:18Z
2026-08-05T12:02:33Z,2026-08-05T14:02:33+0200,a602df8b-e77d-453c-80cb-eeacd1e89d3b,2026-07-25T22:15:00Z,2026-07-26T00:15:00+0200,31.99,EUR/MWh,FR,FR,imbalance_price,Short,2026-08-05T12:06:18Z
2026-08-05T12:02:33Z,2026-08-05T14:02:33+0200,a602df8b-e77d-453c-80cb-eeacd1e89d3b,2026-07-25T22:30:00Z,2026-07-26T00:30:00+0200,74.6,EUR/MWh,FR,FR,imbalance_price,Long,2026-08-05T12:06:18Z
2026-08-05T12:02:33Z,2026-08-05T14:02:33+0200,a602df8b-e77d-453c-80cb-eeacd1e89d3b,2026-07-25T22:30:00Z,2026-07-26T00:30:00+0200,81.64,EUR/MWh,FR,FR,imbalance_price,Short,2026-08-05T12:06:18Z
2026-08-05T12:02:33Z,2026-08-05T14:02:33+0200,a602df8b-e77d-453c-80cb-eeacd1e89d3b,2026-07-25T22:45:00Z,2026-07-26T00:45:00+0200,43.63,EUR/MWh,FR,FR,imbalance_price,Long,2026-08-05T12:06:18Z
2026-08-05T12:02:33Z,2026-08-05T14:02:33+0200,a602df8b-e77d-453c-80cb-eeacd1e89d3b,2026-07-25T22:45:00Z,2026-07-26T00:45:00+0200,47.75,EUR/MWh,FR,FR,imbalance_price,Short,2026-08-05T12:06:18Z
2026-08-05T12:02:33Z,2026-08-05T14:02:33+0200,a602df8b-e77d-453c-80cb-eeacd1e89d3b,2026-07-25T23:00:00Z,2026-07-26T01:00:00+0200,143.27,EUR/MWh,FR,FR,imbalance_price,Long,2026-08-05T12:06:18Z
2026-08-05T12:02:33Z,2026-08-05T14:02:33+0200,a602df8b-e77d-453c-80cb-eeacd1e89d3b,2026-07-25T23:00:00Z,2026-07-26T01:00:00+0200,156.77,EUR/MWh,FR,FR,imbalance_price,Short,2026-08-05T12:06:18Z
2026-08-05T12:02:33Z,2026-08-05T14:02:33+0200,a602df8b-e77d-453c-80cb-eeacd1e89d3b,2026-07-25T23:15:00Z,2026-07-26T01:15:00+0200,142.27,EUR/MWh,FR,FR,imbalance_price,Long,2026-08-05T12:06:18Z
2026-08-05T12:02:33Z,2026-08-05T14:02:33+0200,a602df8b-e77d-453c-80cb-eeacd1e89d3b,2026-07-25T23:15:00Z,2026-07-26T01:15:00+0200,155.67,EUR/MWh,FR,FR,imbalance_price,Short,2026-08-05T12:06:18Z
2026-08-05T12:02:33Z,2026-08-05T14:02:33+0200,a602df8b-e77d-453c-80cb-eeacd1e89d3b,2026-07-25T23:30:00Z,2026-07-26T01:30:00+0200,143.28,EUR/MWh,FR,FR,imbalance_price,Long,2026-08-05T12:06:18Z
2026-08-05T12:02:33Z,2026-08-05T14:02:33+0200,a602df8b-e77d-453c-80cb-eeacd1e89d3b,2026-07-25T23:30:00Z,2026-07-26T01:30:00+0200,156.78,EUR/MWh,FR,FR,imbalance_price,Short,2026-08-05T12:06:18Z
2026-08-05T12:02:33Z,2026-08-05T14:02:33+0200,a602df8b-e77d-453c-80cb-eeacd1e89d3b,2026-07-25T23:45:00Z,2026-07-26T01:45:00+0200,145.65,EUR/MWh,FR,FR,imbalance_price,Long,2026-08-05T12:06:18Z
2026-08-05T12:02:33Z,2026-08-05T14:02:33+0200,a602df8b-e77d-453c-80cb-eeacd1e89d3b,2026-07-25T23:45:00Z,2026-07-26T01:45:00+0200,159.37,EUR/MWh,FR,FR,imbalance_price,Short,2026-08-05T12:06:18Z
2026-08-05T12:02:33Z,2026-08-05T14:02:33+0200,a602df8b-e77d-453c-80cb-eeacd1e89d3b,2026-07-26T00:00:00Z,2026-07-26T02:00:00+0200,81.6,EUR/MWh,FR,FR,imbalance_price,Long,2026-08-05T12:06:18Z
2026-08-05T12:02:33Z,2026-08-05T14:02:33+0200,a602df8b-e77d-453c-80cb-eeacd1e89d3b,2026-07-26T00:00:00Z,2026-07-26T02:00:00+0200,89.3,EUR/MWh,FR,FR,imbalance_price,Short,2026-08-05T12:06:18Z
2026-08-05T12:02:33Z,2026-08-05T14:02:33+0200,a602df8b-e77d-453c-80cb-eeacd1e89d3b,2026-07-26T00:15:00Z,2026-07-26T02:15:00+0200,45.66,EUR/MWh,FR,FR,imbalance_price,Long,2026-08-05T12:06:18Z
2026-08-05T12:02:33Z,2026-08-05T14:02:33+0200,a602df8b-e77d-453c-80cb-eeacd1e89d3b,2026-07-26T00:15:00Z,2026-07-26T02:15:00+0200,49.96,EUR/MWh,FR,FR,imbalance_price,Short,2026-08-05T12:06:18Z
2026-08-05T12:02:33Z,2026-08-05T14:02:33+0200,a602df8b-e77d-453c-80cb-eeacd1e89d3b,2026-07-26T00:30:00Z,2026-07-26T02:30:00+0200,19.48,EUR/MWh,FR,FR,imbalance_price,Long,2026-08-05T12:06:18Z
2026-08-05T12:02:33Z,2026-08-05T14:02:33+0200,a602df8b-e77d-453c-80cb-eeacd1e89d3b,2026-07-26T00:30:00Z,2026-07-26T02:30:00+0200,21.32,EUR/MWh,FR,FR,imbalance_price,Short,2026-08-05T12:06:18Z
2026-08-05T12:02:33Z,2026-08-05T14:02:33+0200,a602df8b-e77d-453c-80cb-eeacd1e89d3b,2026-07-26T00:45:00Z,2026-07-26T02:45:00+0200,-20.7,EUR/MWh,FR,FR,imbalance_price,Long,2026-08-05T12:06:18Z
2026-08-05T12:02:33Z,2026-08-05T14:02:33+0200,a602df8b-e77d-453c-80cb-eeacd1e89d3b,2026-07-26T00:45:00Z,2026-07-26T02:45:00+0200,-18.92,EUR/MWh,FR,FR,imbalance_price,Short,2026-08-05T12:06:18Z
2026-08-05T12:02:33Z,2026-08-05T14:02:33+0200,a602df8b-e77d-453c-80cb-eeacd1e89d3b,2026-07-26T01:00:00Z,2026-07-26T03:00:00+0200,18.28,EUR/MWh,FR,FR,imbalance_price,Long,2026-08-05T12:06:18Z
2026-08-05T12:02:33Z,2026-08-05T14:02:33+0200,a602df8b-e77d-453c-80cb-eeacd1e89d3b,2026-07-26T01:00:00Z,2026-07-26T03:00:00+0200,20.0,EUR/MWh,FR,FR,imbalance_price,Short,2026-08-05T12:06:18Z
2026-08-05T12:02:33Z,2026-08-05T14:02:33+0200,a602df8b-e77d-453c-80cb-eeacd1e89d3b,2026-07-26T01:15:00Z,2026-07-26T03:15:00+0200,43.36,EUR/MWh,FR,FR,imbalance_price,Long,2026-08-05T12:06:18Z
2026-08-05T12:02:33Z,2026-08-05T14:02:33+0200,a602df8b-e77d-453c-80cb-eeacd1e89d3b,2026-07-26T01:15:00Z,2026-07-26T03:15:00+0200,47.44,EUR/MWh,FR,FR,imbalance_price,Short,2026-08-05T12:06:18Z
2026-08-05T12:02:33Z,2026-08-05T14:02:33+0200,a602df8b-e77d-453c-80cb-eeacd1e89d3b,2026-07-26T01:30:00Z,2026-07-26T03:30:00+0200,52.59,EUR/MWh,FR,FR,imbalance_price,Long,2026-08-05T12:06:18Z
2026-08-05T12:02:33Z,2026-08-05T14:02:33+0200,a602df8b-e77d-453c-80cb-eeacd1e89d3b,2026-07-26T01:30:00Z,2026-07-26T03:30:00+0200,57.55,EUR/MWh,FR,FR,imbalance_price,Short,2026-08-05T12:06:18Z
2026-08-05T12:02:33Z,2026-08-05T14:02:33+0200,a602df8b-e77d-453c-80cb-eeacd1e89d3b,2026-07-26T01:45:00Z,2026-07-26T03:45:00+0200,122.23,EUR/MWh,FR,FR,imbalance_price,Long,2026-08-05T12:06:18Z
2026-08-05T12:02:33Z,2026-08-05T14:02:33+0200,a602df8b-e77d-453c-80cb-eeacd1e89d3b,2026-07-26T01:45:00Z,2026-07-26T03:45:00+0200,133.75,EUR/MWh,FR,FR,imbalance_price,Short,2026-08-05T12:06:18Z
2026-08-05T12:02:33Z,2026-08-05T14:02:33+0200,a602df8b-e77d-453c-80cb-eeacd1e89d3b,2026-07-26T02:00:00Z,2026-07-26T04:00:00+0200,79.03,EUR/MWh,FR,FR,imbalance_price,Long,2026-08-05T12:06:18Z
2026-08-05T12:02:33Z,2026-08-05T14:02:33+0200,a602df8b-e77d-453c-80cb-eeacd1e89d3b,2026-07-26T02:00:00Z,2026-07-26T04:00:00+0200,86.47,EUR/MWh,FR,FR,imbalance_price,Short,2026-08-05T12:06:18Z
2026-08-05T12:02:33Z,2026-08-05T14:02:33+0200,a602df8b-e77d-453c-80cb-eeacd1e89d3b,2026-07-26T02:15:00Z,2026-07-26T04:15:00+0200,23.95,EUR/MWh,FR,FR,imbalance_price,Long,2026-08-05T12:06:18Z
2026-08-05T12:02:33Z,2026-08-05T14:02:33+0200,a602df8b-e77d-453c-80cb-eeacd1e89d3b,2026-07-26T02:15:00Z,2026-07-26T04:15:00+0200,26.21,EUR/MWh,FR,FR,imbalance_price,Short,2026-08-05T12:06:18Z
2026-08-05T12:02:33Z,2026-08-05T14:02:33+0200,a602df8b-e77d-453c-80cb-eeacd1e89d3b,2026-07-26T02:30:00Z,2026-07-26T04:30:00+0200,20.41,EUR/MWh,FR,FR,imbalance_price,Long,2026-08-05T12:06:18Z
2026-08-05T12:02:33Z,2026-08-05T14:02:33+0200,a602df8b-e77d-453c-80cb-eeacd1e89d3b,2026-07-26T02:30:00Z,2026-07-26T04:30:00+0200,22.33,EUR/MWh,FR,FR,imbalance_price,Short,2026-08-05T12:06:18Z
2026-08-05T12:02:33Z,2026-08-05T14:02:33+0200,a602df8b-e77d-453c-80cb-eeacd1e89d3b,2026-07-26T02:45:00Z,2026-07-26T04:45:00+0200,20.41,EUR/MWh,FR,FR,imbalance_price,Long,2026-08-05T12:06:18Z
2026-08-05T12:02:33Z,2026-08-05T14:02:33+0200,a602df8b-e77d-453c-80cb-eeacd1e89d3b,2026-07-26T02:45:00Z,2026-07-26T04:45:00+0200,22.33,EUR/MWh,FR,FR,imbalance_price,Short,2026-08-05T12:06:18Z
2026-08-05T12:02:33Z,2026-08-05T14:02:33+0200,a602df8b-e77d-453c-80cb-eeacd1e89d3b,2026-07-26T03:00:00Z,2026-07-26T05:00:00+0200,99.2,EUR/MWh,FR,FR,imbalance_price,Long,2026-08-05T12:06:18Z
2026-08-05T12:02:33Z,2026-08-05T14:02:33+0200,a602df8b-e77d-453c-80cb-eeacd1e89d3b,2026-07-26T03:00:00Z,2026-07-26T05:00:00+0200,108.54,EUR/MWh,FR,FR,imbalance_price,Short,2026-08-05T12:06:18Z
2026-08-05T12:02:33Z,2026-08-05T14:02:33+0200,a602df8b-e77d-453c-80cb-eeacd1e89d3b,2026-07-26T03:15:00Z,2026-07-26T05:15:00+0200,57.36,EUR/MWh,FR,FR,imbalance_price,Long,2026-08-05T12:06:18Z
2026-08-05T12:02:33Z,2026-08-05T14:02:33+0200,a602df8b-e77d-453c-80cb-eeacd1e89d3b,2026-07-26T03:15:00Z,2026-07-26T05:15:00+0200,62.76,EUR/MWh,FR,FR,imbalance_price,Short,2026-08-05T12:06:18Z
2026-08-05T12:02:33Z,2026-08-05T14:02:33+0200,a602df8b-e77d-453c-80cb-eeacd1e89d3b,2026-07-26T03:30:00Z,2026-07-26T05:30:00+0200,36.07,EUR/MWh,FR,FR,imbalance_price,Long,2026-08-05T12:06:18Z
2026-08-05T12:02:33Z,2026-08-05T14:02:33+0200,a602df8b-e77d-453c-80cb-eeacd1e89d3b,2026-07-26T03:30:00Z,2026-07-26T05:30:00+0200,39.47,EUR/MWh,FR,FR,imbalance_price,Short,2026-08-05T12:06:18Z
2026-08-05T12:02:33Z,2026-08-05T14:02:33+0200,a602df8b-e77d-453c-80cb-eeacd1e89d3b,2026-07-26T03:45:00Z,2026-07-26T05:45:00+0200,-5.0,EUR/MWh,FR,FR,imbalance_price,Long,2026-08-05T12:06:18Z
2026-08-05T12:02:33Z,2026-08-05T14:02:33+0200,a602df8b-e77d-453c-80cb-eeacd1e89d3b,2026-07-26T03:45:00Z,2026-07-26T05:45:00+0200,-4.56,EUR/MWh,FR,FR,imbalance_price,Short,2026-08-05T12:06:18Z
2026-08-05T12:02:33Z,2026-08-05T14:02:33+0200,a602df8b-e77d-453c-80cb-eeacd1e89d3b,2026-07-26T04:00:00Z,2026-07-26T06:00:00+0200,8.12,EUR/MWh,FR,FR,imbalance_price,Long,2026-08-05T12:06:18Z
2026-08-05T12:02:33Z,2026-08-05T14:02:33+0200,a602df8b-e77d-453c-80cb-eeacd1e89d3b,2026-07-26T04:00:00Z,2026-07-26T06:00:00+0200,8.88,EUR/MWh,FR,FR,imbalance_price,Short,2026-08-05T12:06:18Z
2026-08-05T12:02:33Z,2026-08-05T14:02:33+0200,a602df8b-e77d-453c-80cb-eeacd1e89d3b,2026-07-26T04:15:00Z,2026-07-26T06:15:00+0200,25.12,EUR/MWh,FR,FR,imbalance_price,Long,2026-08-05T12:06:18Z
2026-08-05T12:02:33Z,2026-08-05T14:02:33+0200,a602df8b-e77d-453c-80cb-eeacd1e89d3b,2026-07-26T04:15:00Z,2026-07-26T06:15:00+0200,27.48,EUR/MWh,FR,FR,imbalance_price,Short,2026-08-05T12:06:18Z
2026-08-05T12:02:33Z,2026-08-05T14:02:33+0200,a602df8b-e77d-453c-80cb-eeacd1e89d3b,2026-07-26T04:30:00Z,2026-07-26T06:30:00+0200,8.47,EUR/MWh,FR,FR,imbalance_price,Long,2026-08-05T12:06:18Z
2026-08-05T12:02:33Z,2026-08-05T14:02:33+0200,a602df8b-e77d-453c-80cb-eeacd1e89d3b,2026-07-26T04:30:00Z,2026-07-26T06:30:00+0200,9.27,EUR/MWh,FR,FR,imbalance_price,Short,2026-08-05T12:06:18Z
2026-08-05T12:02:33Z,2026-08-05T14:02:33+0200,a602df8b-e77d-453c-80cb-eeacd1e89d3b,2026-07-26T04:45:00Z,2026-07-26T06:45:00+0200,-7.0,EUR/MWh,FR,FR,imbalance_price,Long,2026-08-05T12:06:18Z
2026-08-05T12:02:33Z,2026-08-05T14:02:33+0200,a602df8b-e77d-453c-80cb-eeacd1e89d3b,2026-07-26T04:45:00Z,2026-07-26T06:45:00+0200,-6.4,EUR/MWh,FR,FR,imbalance_price,Short,2026-08-05T12:06:18Z
2026-08-05T12:02:33Z,2026-08-05T14:02:33+0200,a602df8b-e77d-453c-80cb-eeacd1e89d3b,2026-07-26T05:00:00Z,2026-07-26T07:00:00+0200,-55.05,EUR/MWh,FR,FR,imbalance_price,Long,2026-08-05T12:06:18Z
2026-08-05T12:02:33Z,2026-08-05T14:02:33+0200,a602df8b-e77d-453c-80cb-eeacd1e89d3b,2026-07-26T05:00:00Z,2026-07-26T07:00:00+0200,-50.31,EUR/MWh,FR,FR,imbalance_price,Short,2026-08-05T12:06:18Z
2026-08-05T12:02:33Z,2026-08-05T14:02:33+0200,a602df8b-e77d-453c-80cb-eeacd1e89d3b,2026-07-26T05:15:00Z,2026-07-26T07:15:00+0200,-279.99,EUR/MWh,FR,FR,imbalance_price,Long,2026-08-05T12:06:18Z
2026-08-05T12:02:33Z,2026-08-05T14:02:33+0200,a602df8b-e77d-453c-80cb-eeacd1e89d3b,2026-07-26T05:15:00Z,2026-07-26T07:15:00+0200,-255.87,EUR/MWh,FR,FR,imbalance_price,Short,2026-08-05T12:06:18Z
2026-08-05T12:02:33Z,2026-08-05T14:02:33+0200,a602df8b-e77d-453c-80cb-eeacd1e89d3b,2026-07-26T05:30:00Z,2026-07-26T07:30:00+0200,-107.75,EUR/MWh,FR,FR,imbalance_price,Long,2026-08-05T12:06:18Z
2026-08-05T12:02:33Z,2026-08-05T14:02:33+0200,a602df8b-e77d-453c-80cb-eeacd1e89d3b,2026-07-26T05:30:00Z,2026-07-26T07:30:00+0200,-98.47,EUR/MWh,FR,FR,imbalance_price,Short,2026-08-05T12:06:18Z
2026-08-05T12:02:33Z,2026-08-05T14:02:33+0200,a602df8b-e77d-453c-80cb-eeacd1e89d3b,2026-07-26T05:45:00Z,2026-07-26T07:45:00+0200,-55.21,EUR/MWh,FR,FR,imbalance_price,Long,2026-08-05T12:06:18Z
2026-08-05T12:02:33Z,2026-08-05T14:02:33+0200,a602df8b-e77d-453c-80cb-eeacd1e89d3b,2026-07-26T05:45:00Z,2026-07-26T07:45:00+0200,-50.45,EUR/MWh,FR,FR,imbalance_price,Short,2026-08-05T12:06:18Z
2026-08-05T12:02:33Z,2026-08-05T14:02:33+0200,a602df8b-e77d-453c-80cb-eeacd1e89d3b,2026-07-26T06:00:00Z,2026-07-26T08:00:00+0200,-25.26,EUR/MWh,FR,FR,imbalance_price,Long,2026-08-05T12:06:18Z
2026-08-05T12:02:33Z,2026-08-05T14:02:33+0200,a602df8b-e77d-453c-80cb-eeacd1e89d3b,2026-07-26T06:00:00Z,2026-07-26T08:00:00+0200,-23.08,EUR/MWh,FR,FR,imbalance_price,Short,2026-08-05T12:06:18Z
2026-08-05T12:02:33Z,2026-08-05T14:02:33+0200,a602df8b-e77d-453c-80cb-eeacd1e89d3b,2026-07-26T06:15:00Z,2026-07-26T08:15:00+0200,-25.26,EUR/MWh,FR,FR,imbalance_price,Long,2026-08-05T12:06:18Z
2026-08-05T12:02:33Z,2026-08-05T14:02:33+0200,a602df8b-e77d-453c-80cb-eeacd1e89d3b,2026-07-26T06:15:00Z,2026-07-26T08:15:00+0200,-23.08,EUR/MWh,FR,FR,imbalance_price,Short,2026-08-05T12:06:18Z
2026-08-05T12:02:33Z,2026-08-05T14:02:33+0200,a602df8b-e77d-453c-80cb-eeacd1e89d3b,2026-07-26T06:30:00Z,2026-07-26T08:30:00+0200,-236.49,EUR/MWh,FR,FR,imbalance_price,Long,2026-08-05T12:06:18Z
2026-08-05T12:02:33Z,2026-08-05T14:02:33+0200,a602df8b-e77d-453c-80cb-eeacd1e89d3b,2026-07-26T06:30:00Z,2026-07-26T08:30:00+0200,-216.13,EUR/MWh,FR,FR,imbalance_price,Short,2026-08-05T12:06:18Z
2026-08-05T12:02:33Z,2026-08-05T14:02:33+0200,a602df8b-e77d-453c-80cb-eeacd1e89d3b,2026-07-26T06:45:00Z,2026-07-26T08:45:00+0200,-296.84,EUR/MWh,FR,FR,imbalance_price,Long,2026-08-05T12:06:18Z
2026-08-05T12:02:33Z,2026-08-05T14:02:33+0200,a602df8b-e77d-453c-80cb-eeacd1e89d3b,2026-07-26T06:45:00Z,2026-07-26T08:45:00+0200,-271.28,EUR/MWh,FR,FR,imbalance_price,Short,2026-08-05T12:06:18Z
2026-08-05T12:02:33Z,2026-08-05T14:02:33+0200,a602df8b-e77d-453c-80cb-eeacd1e89d3b,2026-07-26T07:00:00Z,2026-07-26T09:00:00+0200,-290.01,EUR/MWh,FR,FR,imbalance_price,Long,2026-08-05T12:06:18Z
2026-08-05T12:02:33Z,2026-08-05T14:02:33+0200,a602df8b-e77d-453c-80cb-eeacd1e89d3b,2026-07-26T07:00:00Z,2026-07-26T09:00:00+0200,-265.03,EUR/MWh,FR,FR,imbalance_price,Short,2026-08-05T12:06:18Z
2026-08-05T12:02:33Z,2026-08-05T14:02:33+0200,a602df8b-e77d-453c-80cb-eeacd1e89d3b,2026-07-26T07:15:00Z,2026-07-26T09:15:00+0200,4.56,EUR/MWh,FR,FR,imbalance_price,Long,2026-08-05T12:06:18Z
2026-08-05T12:02:33Z,2026-08-05T14:02:33+0200,a602df8b-e77d-453c-80cb-eeacd1e89d3b,2026-07-26T07:15:00Z,2026-07-26T09:15:00+0200,5.0,EUR/MWh,FR,FR,imbalance_price,Short,2026-08-05T12:06:18Z
2026-08-05T12:02:33Z,2026-08-05T14:02:33+0200,a602df8b-e77d-453c-80cb-eeacd1e89d3b,2026-07-26T07:30:00Z,2026-07-26T09:30:00+0200,-32.15,EUR/MWh,FR,FR,imbalance_price,Long,2026-08-05T12:06:18Z
2026-08-05T12:02:33Z,2026-08-05T14:02:33+0200,a602df8b-e77d-453c-80cb-eeacd1e89d3b,2026-07-26T07:30:00Z,2026-07-26T09:30:00+0200,-29.39,EUR/MWh,FR,FR,imbalance_price,Short,2026-08-05T12:06:18Z
2026-08-05T12:02:33Z,2026-08-05T14:02:33+0200,a602df8b-e77d-453c-80cb-eeacd1e89d3b,2026-07-26T07:45:00Z,2026-07-26T09:45:00+0200,-21.85,EUR/MWh,FR,FR,imbalance_price,Long,2026-08-05T12:06:18Z
2026-08-05T12:02:33Z,2026-08-05T14:02:33+0200,a602df8b-e77d-453c-80cb-eeacd1e89d3b,2026-07-26T07:45:00Z,2026-07-26T09:45:00+0200,-19.97,EUR/MWh,FR,FR,imbalance_price,Short,2026-08-05T12:06:18Z
2026-08-05T12:02:33Z,2026-08-05T14:02:33+0200,a602df8b-e77d-453c-80cb-eeacd1e89d3b,2026-07-26T08:00:00Z,2026-07-26T10:00:00+0200,-17.55,EUR/MWh,FR,FR,imbalance_price,Long,2026-08-05T12:06:18Z
2026-08-05T12:02:33Z,2026-08-05T14:02:33+0200,a602df8b-e77d-453c-80cb-eeacd1e89d3b,2026-07-26T08:00:00Z,2026-07-26T10:00:00+0200,-16.03,EUR/MWh,FR,FR,imbalance_price,Short,2026-08-05T12:06:18Z
2026-08-05T12:02:33Z,2026-08-05T14:02:33+0200,a602df8b-e77d-453c-80cb-eeacd1e89d3b,2026-07-26T08:15:00Z,2026-07-26T10:15:00+0200,-19.9,EUR/MWh,FR,FR,imbalance_price,Long,2026-08-05T12:06:18Z
2026-08-05T12:02:33Z,2026-08-05T14:02:33+0200,a602df8b-e77d-453c-80cb-eeacd1e89d3b,2026-07-26T08:15:00Z,2026-07-26T10:15:00+0200,-18.18,EUR/MWh,FR,FR,imbalance_price,Short,2026-08-05T12:06:18Z
2026-08-05T12:02:33Z,2026-08-05T14:02:33+0200,a602df8b-e77d-453c-80cb-eeacd1e89d3b,2026-07-26T08:30:00Z,2026-07-26T10:30:00+0200,-24.35,EUR/MWh,FR,FR,imbalance_price,Long,2026-08-05T12:06:18Z
2026-08-05T12:02:33Z,2026-08-05T14:02:33+0200,a602df8b-e77d-453c-80cb-eeacd1e89d3b,2026-07-26T08:30:00Z,2026-07-26T10:30:00+0200,-22.25,EUR/MWh,FR,FR,imbalance_price,Short,2026-08-05T12:06:18Z
2026-08-05T12:02:33Z,2026-08-05T14:02:33+0200,a602df8b-e77d-453c-80cb-eeacd1e89d3b,2026-07-26T08:45:00Z,2026-07-26T10:45:00+0200,-43.81,EUR/MWh,FR,FR,imbalance_price,Long,2026-08-05T12:06:18Z
2026-08-05T12:02:33Z,2026-08-05T14:02:33+0200,a602df8b-e77d-453c-80cb-eeacd1e89d3b,2026-07-26T08:45:00Z,2026-07-26T10:45:00+0200,-40.03,EUR/MWh,FR,FR,imbalance_price,Short,2026-08-05T12:06:18Z
2026-08-05T12:02:33Z,2026-08-05T14:02:33+0200,a602df8b-e77d-453c-80cb-eeacd1e89d3b,2026-07-26T09:00:00Z,2026-07-26T11:00:00+0200,-85.75,EUR/MWh,FR,FR,imbalance_price,Long,2026-08-05T12:06:18Z
2026-08-05T12:02:33Z,2026-08-05T14:02:33+0200,a602df8b-e77d-453c-80cb-eeacd1e89d3b,2026-07-26T09:00:00Z,2026-07-26T11:00:00+0200,-78.37,EUR/MWh,FR,FR,imbalance_price,Short,2026-08-05T12:06:18Z
2026-08-05T12:02:33Z,2026-08-05T14:02:33+0200,a602df8b-e77d-453c-80cb-eeacd1e89d3b,2026-07-26T09:15:00Z,2026-07-26T11:15:00+0200,-77.42,EUR/MWh,FR,FR,imbalance_price,Long,2026-08-05T12:06:18Z
2026-08-05T12:02:33Z,2026-08-05T14:02:33+0200,a602df8b-e77d-453c-80cb-eeacd1e89d3b,2026-07-26T09:15:00Z,2026-07-26T11:15:00+0200,-70.76,EUR/MWh,FR,FR,imbalance_price,Short,2026-08-05T12:06:18Z
2026-08-05T12:02:33Z,2026-08-05T14:02:33+0200,a602df8b-e77d-453c-80cb-eeacd1e89d3b,2026-07-26T09:30:00Z,2026-07-26T11:30:00+0200,-64.43,EUR/MWh,FR,FR,imbalance_price,Long,2026-08-05T12:06:18Z
2026-08-05T12:02:33Z,2026-08-05T14:02:33+0200,a602df8b-e77d-453c-80cb-eeacd1e89d3b,2026-07-26T09:30:00Z,2026-07-26T11:30:00+0200,-58.89,EUR/MWh,FR,FR,imbalance_price,Short,2026-08-05T12:06:18Z
2026-08-05T12:02:33Z,2026-08-05T14:02:33+0200,a602df8b-e77d-453c-80cb-eeacd1e89d3b,2026-07-26T09:45:00Z,2026-07-26T11:45:00+0200,-67.67,EUR/MWh,FR,FR,imbalance_price,Long,2026-08-05T12:06:18Z
2026-08-05T12:02:33Z,2026-08-05T14:02:33+0200,a602df8b-e77d-453c-80cb-eeacd1e89d3b,2026-07-26T09:45:00Z,2026-07-26T11:45:00+0200,-61.85,EUR/MWh,FR,FR,imbalance_price,Short,2026-08-05T12:06:18Z
2026-08-05T12:02:33Z,2026-08-05T14:02:33+0200,a602df8b-e77d-453c-80cb-eeacd1e89d3b,2026-07-26T10:00:00Z,2026-07-26T12:00:00+0200,-288.9,EUR/MWh,FR,FR,imbalance_price,Long,2026-08-05T12:06:18Z
2026-08-05T12:02:33Z,2026-08-05T14:02:33+0200,a602df8b-e77d-453c-80cb-eeacd1e89d3b,2026-07-26T10:00:00Z,2026-07-26T12:00:00+0200,-264.02,EUR/MWh,FR,FR,imbalance_price,Short,2026-08-05T12:06:18Z
2026-08-05T12:02:33Z,2026-08-05T14:02:33+0200,a602df8b-e77d-453c-80cb-eeacd1e89d3b,2026-07-26T10:15:00Z,2026-07-26T12:15:00+0200,-81.81,EUR/MWh,FR,FR,imbalance_price,Long,2026-08-05T12:06:18Z
2026-08-05T12:02:33Z,2026-08-05T14:02:33+0200,a602df8b-e77d-453c-80cb-eeacd1e89d3b,2026-07-26T10:15:00Z,2026-07-26T12:15:00+0200,-74.77,EUR/MWh,FR,FR,imbalance_price,Short,2026-08-05T12:06:18Z
2026-08-05T12:02:33Z,2026-08-05T14:02:33+0200,a602df8b-e77d-453c-80cb-eeacd1e89d3b,2026-07-26T10:30:00Z,2026-07-26T12:30:00+0200,-84.08,EUR/MWh,FR,FR,imbalance_price,Long,2026-08-05T12:06:18Z
2026-08-05T12:02:33Z,2026-08-05T14:02:33+0200,a602df8b-e77d-453c-80cb-eeacd1e89d3b,2026-07-26T10:30:00Z,2026-07-26T12:30:00+0200,-76.84,EUR/MWh,FR,FR,imbalance_price,Short,2026-08-05T12:06:18Z
2026-08-05T12:02:33Z,2026-08-05T14:02:33+0200,a602df8b-e77d-453c-80cb-eeacd1e89d3b,2026-07-26T10:45:00Z,2026-07-26T12:45:00+0200,-5.73,EUR/MWh,FR,FR,imbalance_price,Long,2026-08-05T12:06:18Z
2026-08-05T12:02:33Z,2026-08-05T14:02:33+0200,a602df8b-e77d-453c-80cb-eeacd1e89d3b,2026-07-26T10:45:00Z,2026-07-26T12:45:00+0200,-5.23,EUR/MWh,FR,FR,imbalance_price,Short,2026-08-05T12:06:18Z
2026-08-05T12:02:33Z,2026-08-05T14:02:33+0200,a602df8b-e77d-453c-80cb-eeacd1e89d3b,2026-07-26T11:00:00Z,2026-07-26T13:00:00+0200,12.19,EUR/MWh,FR,FR,imbalance_price,Long,2026-08-05T12:06:18Z
2026-08-05T12:02:33Z,2026-08-05T14:02:33+0200,a602df8b-e77d-453c-80cb-eeacd1e89d3b,2026-07-26T11:00:00Z,2026-07-26T13:00:00+0200,13.33,EUR/MWh,FR,FR,imbalance_price,Short,2026-08-05T12:06:18Z
2026-08-05T12:02:33Z,2026-08-05T14:02:33+0200,a602df8b-e77d-453c-80cb-eeacd1e89d3b,2026-07-26T11:15:00Z,2026-07-26T13:15:00+0200,-11.52,EUR/MWh,FR,FR,imbalance_price,Long,2026-08-05T12:06:18Z
2026-08-05T12:02:33Z,2026-08-05T14:02:33+0200,a602df8b-e77d-453c-80cb-eeacd1e89d3b,2026-07-26T11:15:00Z,2026-07-26T13:15:00+0200,-10.52,EUR/MWh,FR,FR,imbalance_price,Short,2026-08-05T12:06:18Z
2026-08-05T12:02:33Z,2026-08-05T14:02:33+0200,a602df8b-e77d-453c-80cb-eeacd1e89d3b,2026-07-26T11:30:00Z,2026-07-26T13:30:00+0200,-2.75,EUR/MWh,FR,FR,imbalance_price,Long,2026-08-05T12:06:18Z
2026-08-05T12:02:33Z,2026-08-05T14:02:33+0200,a602df8b-e77d-453c-80cb-eeacd1e89d3b,2026-07-26T11:30:00Z,2026-07-26T13:30:00+0200,-2.51,EUR/MWh,FR,FR,imbalance_price,Short,2026-08-05T12:06:18Z
2026-08-05T12:02:33Z,2026-08-05T14:02:33+0200,a602df8b-e77d-453c-80cb-eeacd1e89d3b,2026-07-26T11:45:00Z,2026-07-26T13:45:00+0200,-9.62,EUR/MWh,FR,FR,imbalance_price,Long,2026-08-05T12:06:18Z
2026-08-05T12:02:33Z,2026-08-05T14:02:33+0200,a602df8b-e77d-453c-80cb-eeacd1e89d3b,2026-07-26T11:45:00Z,2026-07-26T13:45:00+0200,-8.8,EUR/MWh,FR,FR,imbalance_price,Short,2026-08-05T12:06:18Z
2026-08-05T12:02:33Z,2026-08-05T14:02:33+0200,a602df8b-e77d-453c-80cb-eeacd1e89d3b,2026-07-26T12:00:00Z,2026-07-26T14:00:00+0200,-41.4,EUR/MWh,FR,FR,imbalance_price,Long,2026-08-05T12:06:18Z
2026-08-05T12:02:33Z,2026-08-05T14:02:33+0200,a602df8b-e77d-453c-80cb-eeacd1e89d3b,2026-07-26T12:00:00Z,2026-07-26T14:00:00+0200,-37.84,EUR/MWh,FR,FR,imbalance_price,Short,2026-08-05T12:06:18Z
2026-08-05T12:02:33Z,2026-08-05T14:02:33+0200,a602df8b-e77d-453c-80cb-eeacd1e89d3b,2026-07-26T12:15:00Z,2026-07-26T14:15:00+0200,-41.65,EUR/MWh,FR,FR,imbalance_price,Long,2026-08-05T12:06:18Z
2026-08-05T12:02:33Z,2026-08-05T14:02:33+0200,a602df8b-e77d-453c-80cb-eeacd1e89d3b,2026-07-26T12:15:00Z,2026-07-26T14:15:00+0200,-38.07,EUR/MWh,FR,FR,imbalance_price,Short,2026-08-05T12:06:18Z
2026-08-05T12:02:33Z,2026-08-05T14:02:33+0200,a602df8b-e77d-453c-80cb-eeacd1e89d3b,2026-07-26T12:30:00Z,2026-07-26T14:30:00+0200,-42.92,EUR/MWh,FR,FR,imbalance_price,Long,2026-08-05T12:06:18Z
2026-08-05T12:02:33Z,2026-08-05T14:02:33+0200,a602df8b-e77d-453c-80cb-eeacd1e89d3b,2026-07-26T12:30:00Z,2026-07-26T14:30:00+0200,-39.22,EUR/MWh,FR,FR,imbalance_price,Short,2026-08-05T12:06:18Z
2026-08-05T12:02:33Z,2026-08-05T14:02:33+0200,a602df8b-e77d-453c-80cb-eeacd1e89d3b,2026-07-26T12:45:00Z,2026-07-26T14:45:00+0200,-43.05,EUR/MWh,FR,FR,imbalance_price,Long,2026-08-05T12:06:18Z
2026-08-05T12:02:33Z,2026-08-05T14:02:33+0200,a602df8b-e77d-453c-80cb-eeacd1e89d3b,2026-07-26T12:45:00Z,2026-07-26T14:45:00+0200,-39.35,EUR/MWh,FR,FR,imbalance_price,Short,2026-08-05T12:06:18Z
2026-08-05T12:02:33Z,2026-08-05T14:02:33+0200,a602df8b-e77d-453c-80cb-eeacd1e89d3b,2026-07-26T13:00:00Z,2026-07-26T15:00:00+0200,-37.38,EUR/MWh,FR,FR,imbalance_price,Long,2026-08-05T12:06:18Z
2026-08-05T12:02:33Z,2026-08-05T14:02:33+0200,a602df8b-e77d-453c-80cb-eeacd1e89d3b,2026-07-26T13:00:00Z,2026-07-26T15:00:00+0200,-34.16,EUR/MWh,FR,FR,imbalance_price,Short,2026-08-05T12:06:18Z
2026-08-05T12:02:33Z,2026-08-05T14:02:33+0200,a602df8b-e77d-453c-80cb-eeacd1e89d3b,2026-07-26T13:15:00Z,2026-07-26T15:15:00+0200,-56.46,EUR/MWh,FR,FR,imbalance_price,Long,2026-08-05T12:06:18Z
2026-08-05T12:02:33Z,2026-08-05T14:02:33+0200,a602df8b-e77d-453c-80cb-eeacd1e89d3b,2026-07-26T13:15:00Z,2026-07-26T15:15:00+0200,-51.6,EUR/MWh,FR,FR,imbalance_price,Short,2026-08-05T12:06:18Z
2026-08-05T12:02:33Z,2026-08-05T14:02:33+0200,a602df8b-e77d-453c-80cb-eeacd1e89d3b,2026-07-26T13:30:00Z,2026-07-26T15:30:00+0200,-64.93,EUR/MWh,FR,FR,imbalance_price,Long,2026-08-05T12:06:18Z
2026-08-05T12:02:33Z,2026-08-05T14:02:33+0200,a602df8b-e77d-453c-80cb-eeacd1e89d3b,2026-07-26T13:30:00Z,2026-07-26T15:30:00+0200,-59.33,EUR/MWh,FR,FR,imbalance_price,Short,2026-08-05T12:06:18Z
2026-08-05T12:02:33Z,2026-08-05T14:02:33+0200,a602df8b-e77d-453c-80cb-eeacd1e89d3b,2026-07-26T13:45:00Z,2026-07-26T15:45:00+0200,-42.68,EUR/MWh,FR,FR,imbalance_price,Long,2026-08-05T12:06:18Z
2026-08-05T12:02:33Z,2026-08-05T14:02:33+0200,a602df8b-e77d-453c-80cb-eeacd1e89d3b,2026-07-26T13:45:00Z,2026-07-26T15:45:00+0200,-39.0,EUR/MWh,FR,FR,imbalance_price,Short,2026-08-05T12:06:18Z
2026-08-05T12:02:33Z,2026-08-05T14:02:33+0200,a602df8b-e77d-453c-80cb-eeacd1e89d3b,2026-07-26T14:00:00Z,2026-07-26T16:00:00+0200,-37.43,EUR/MWh,FR,FR,imbalance_price,Long,2026-08-05T12:06:18Z
2026-08-05T12:02:33Z,2026-08-05T14:02:33+0200,a602df8b-e77d-453c-80cb-eeacd1e89d3b,2026-07-26T14:00:00Z,2026-07-26T16:00:00+0200,-34.21,EUR/MWh,FR,FR,imbalance_price,Short,2026-08-05T12:06:18Z
2026-08-05T12:02:33Z,2026-08-05T14:02:33+0200,a602df8b-e77d-453c-80cb-eeacd1e89d3b,2026-07-26T14:15:00Z,2026-07-26T16:15:00+0200,-34.54,EUR/MWh,FR,FR,imbalance_price,Long,2026-08-05T12:06:18Z
2026-08-05T12:02:33Z,2026-08-05T14:02:33+0200,a602df8b-e77d-453c-80cb-eeacd1e89d3b,2026-07-26T14:15:00Z,2026-07-26T16:15:00+0200,-31.56,EUR/MWh,FR,FR,imbalance_price,Short,2026-08-05T12:06:18Z
2026-08-05T12:02:33Z,2026-08-05T14:02:33+0200,a602df8b-e77d-453c-80cb-eeacd1e89d3b,2026-07-26T14:30:00Z,2026-07-26T16:30:00+0200,-193.4,EUR/MWh,FR,FR,imbalance_price,Long,2026-08-05T12:06:18Z
2026-08-05T12:02:33Z,2026-08-05T14:02:33+0200,a602df8b-e77d-453c-80cb-eeacd1e89d3b,2026-07-26T14:30:00Z,2026-07-26T16:30:00+0200,-176.74,EUR/MWh,FR,FR,imbalance_price,Short,2026-08-05T12:06:18Z
2026-08-05T12:02:33Z,2026-08-05T14:02:33+0200,a602df8b-e77d-453c-80cb-eeacd1e89d3b,2026-07-26T14:45:00Z,2026-07-26T16:45:00+0200,-52.64,EUR/MWh,FR,FR,imbalance_price,Long,2026-08-05T12:06:18Z
2026-08-05T12:02:33Z,2026-08-05T14:02:33+0200,a602df8b-e77d-453c-80cb-eeacd1e89d3b,2026-07-26T14:45:00Z,2026-07-26T16:45:00+0200,-48.1,EUR/MWh,FR,FR,imbalance_price,Short,2026-08-05T12:06:18Z
2026-08-05T12:02:33Z,2026-08-05T14:02:33+0200,a602df8b-e77d-453c-80cb-eeacd1e89d3b,2026-07-26T15:00:00Z,2026-07-26T17:00:00+0200,17.02,EUR/MWh,FR,FR,imbalance_price,Long,2026-08-05T12:06:18Z
2026-08-05T12:02:33Z,2026-08-05T14:02:33+0200,a602df8b-e77d-453c-80cb-eeacd1e89d3b,2026-07-26T15:00:00Z,2026-07-26T17:00:00+0200,18.62,EUR/MWh,FR,FR,imbalance_price,Short,2026-08-05T12:06:18Z
2026-08-05T12:02:33Z,2026-08-05T14:02:33+0200,a602df8b-e77d-453c-80cb-eeacd1e89d3b,2026-07-26T15:15:00Z,2026-07-26T17:15:00+0200,33.18,EUR/MWh,FR,FR,imbalance_price,Long,2026-08-05T12:06:18Z
2026-08-05T12:02:33Z,2026-08-05T14:02:33+0200,a602df8b-e77d-453c-80cb-eeacd1e89d3b,2026-07-26T15:15:00Z,2026-07-26T17:15:00+0200,36.3,EUR/MWh,FR,FR,imbalance_price,Short,2026-08-05T12:06:18Z
2026-08-05T12:02:33Z,2026-08-05T14:02:33+0200,a602df8b-e77d-453c-80cb-eeacd1e89d3b,2026-07-26T15:30:00Z,2026-07-26T17:30:00+0200,-56.37,EUR/MWh,FR,FR,imbalance_price,Long,2026-08-05T12:06:18Z
2026-08-05T12:02:33Z,2026-08-05T14:02:33+0200,a602df8b-e77d-453c-80cb-eeacd1e89d3b,2026-07-26T15:30:00Z,2026-07-26T17:30:00+0200,-51.51,EUR/MWh,FR,FR,imbalance_price,Short,2026-08-05T12:06:18Z
2026-08-05T12:02:33Z,2026-08-05T14:02:33+0200,a602df8b-e77d-453c-80cb-eeacd1e89d3b,2026-07-26T15:45:00Z,2026-07-26T17:45:00+0200,-85.16,EUR/MWh,FR,FR,imbalance_price,Long,2026-08-05T12:06:18Z
2026-08-05T12:02:33Z,2026-08-05T14:02:33+0200,a602df8b-e77d-453c-80cb-eeacd1e89d3b,2026-07-26T15:45:00Z,2026-07-26T17:45:00+0200,-77.82,EUR/MWh,FR,FR,imbalance_price,Short,2026-08-05T12:06:18Z
2026-08-05T12:02:33Z,2026-08-05T14:02:33+0200,a602df8b-e77d-453c-80cb-eeacd1e89d3b,2026-07-26T16:00:00Z,2026-07-26T18:00:00+0200,-112.58,EUR/MWh,FR,FR,imbalance_price,Long,2026-08-05T12:06:18Z
2026-08-05T12:02:33Z,2026-08-05T14:02:33+0200,a602df8b-e77d-453c-80cb-eeacd1e89d3b,2026-07-26T16:00:00Z,2026-07-26T18:00:00+0200,-102.88,EUR/MWh,FR,FR,imbalance_price,Short,2026-08-05T12:06:18Z
2026-08-05T12:02:33Z,2026-08-05T14:02:33+0200,a602df8b-e77d-453c-80cb-eeacd1e89d3b,2026-07-26T16:15:00Z,2026-07-26T18:15:00+0200,-92.03,EUR/MWh,FR,FR,imbalance_price,Long,2026-08-05T12:06:18Z
2026-08-05T12:02:33Z,2026-08-05T14:02:33+0200,a602df8b-e77d-453c-80cb-eeacd1e89d3b,2026-07-26T16:15:00Z,2026-07-26T18:15:00+0200,-84.11,EUR/MWh,FR,FR,imbalance_price,Short,2026-08-05T12:06:18Z
2026-08-05T12:02:33Z,2026-08-05T14:02:33+0200,a602df8b-e77d-453c-80cb-eeacd1e89d3b,2026-07-26T16:30:00Z,2026-07-26T18:30:00+0200,-86.45,EUR/MWh,FR,FR,imbalance_price,Long,2026-08-05T12:06:18Z
2026-08-05T12:02:33Z,2026-08-05T14:02:33+0200,a602df8b-e77d-453c-80cb-eeacd1e89d3b,2026-07-26T16:30:00Z,2026-07-26T18:30:00+0200,-79.01,EUR/MWh,FR,FR,imbalance_price,Short,2026-08-05T12:06:18Z
2026-08-05T12:02:33Z,2026-08-05T14:02:33+0200,a602df8b-e77d-453c-80cb-eeacd1e89d3b,2026-07-26T16:45:00Z,2026-07-26T18:45:00+0200,-156.92,EUR/MWh,FR,FR,imbalance_price,Long,2026-08-05T12:06:18Z
2026-08-05T12:02:33Z,2026-08-05T14:02:33+0200,a602df8b-e77d-453c-80cb-eeacd1e89d3b,2026-07-26T16:45:00Z,2026-07-26T18:45:00+0200,-143.4,EUR/MWh,FR,FR,imbalance_price,Short,2026-08-05T12:06:18Z
2026-08-05T12:02:33Z,2026-08-05T14:02:33+0200,a602df8b-e77d-453c-80cb-eeacd1e89d3b,2026-07-26T17:00:00Z,2026-07-26T19:00:00+0200,-73.28,EUR/MWh,FR,FR,imbalance_price,Long,2026-08-05T12:06:18Z
2026-08-05T12:02:33Z,2026-08-05T14:02:33+0200,a602df8b-e77d-453c-80cb-eeacd1e89d3b,2026-07-26T17:00:00Z,2026-07-26T19:00:00+0200,-66.96,EUR/MWh,FR,FR,imbalance_price,Short,2026-08-05T12:06:18Z
2026-08-05T12:02:33Z,2026-08-05T14:02:33+0200,a602df8b-e77d-453c-80cb-eeacd1e89d3b,2026-07-26T17:15:00Z,2026-07-26T19:15:00+0200,-43.47,EUR/MWh,FR,FR,imbalance_price,Long,2026-08-05T12:06:18Z
2026-08-05T12:02:33Z,2026-08-05T14:02:33+0200,a602df8b-e77d-453c-80cb-eeacd1e89d3b,2026-07-26T17:15:00Z,2026-07-26T19:15:00+0200,-39.73,EUR/MWh,FR,FR,imbalance_price,Short,2026-08-05T12:06:18Z
2026-08-05T12:02:33Z,2026-08-05T14:02:33+0200,a602df8b-e77d-453c-80cb-eeacd1e89d3b,2026-07-26T17:30:00Z,2026-07-26T19:30:00+0200,-34.43,EUR/MWh,FR,FR,imbalance_price,Long,2026-08-05T12:06:18Z
2026-08-05T12:02:33Z,2026-08-05T14:02:33+0200,a602df8b-e77d-453c-80cb-eeacd1e89d3b,2026-07-26T17:30:00Z,2026-07-26T19:30:00+0200,-31.47,EUR/MWh,FR,FR,imbalance_price,Short,2026-08-05T12:06:18Z
2026-08-05T12:02:33Z,2026-08-05T14:02:33+0200,a602df8b-e77d-453c-80cb-eeacd1e89d3b,2026-07-26T17:45:00Z,2026-07-26T19:45:00+0200,-33.85,EUR/MWh,FR,FR,imbalance_price,Long,2026-08-05T12:06:18Z
2026-08-05T12:02:33Z,2026-08-05T14:02:33+0200,a602df8b-e77d-453c-80cb-eeacd1e89d3b,2026-07-26T17:45:00Z,2026-07-26T19:45:00+0200,-30.93,EUR/MWh,FR,FR,imbalance_price,Short,2026-08-05T12:06:18Z
2026-08-05T12:02:33Z,2026-08-05T14:02:33+0200,a602df8b-e77d-453c-80cb-eeacd1e89d3b,2026-07-26T18:00:00Z,2026-07-26T20:00:00+0200,221.48,EUR/MWh,FR,FR,imbalance_price,Long,2026-08-05T12:06:18Z
2026-08-05T12:02:33Z,2026-08-05T14:02:33+0200,a602df8b-e77d-453c-80cb-eeacd1e89d3b,2026-07-26T18:00:00Z,2026-07-26T20:00:00+0200,242.36,EUR/MWh,FR,FR,imbalance_price,Short,2026-08-05T12:06:18Z
2026-08-05T12:02:33Z,2026-08-05T14:02:33+0200,a602df8b-e77d-453c-80cb-eeacd1e89d3b,2026-07-26T18:15:00Z,2026-07-26T20:15:00+0200,104.22,EUR/MWh,FR,FR,imbalance_price,Long,2026-08-05T12:06:18Z
2026-08-05T12:02:33Z,2026-08-05T14:02:33+0200,a602df8b-e77d-453c-80cb-eeacd1e89d3b,2026-07-26T18:15:00Z,2026-07-26T20:15:00+0200,114.04,EUR/MWh,FR,FR,imbalance_price,Short,2026-08-05T12:06:18Z
2026-08-05T12:02:33Z,2026-08-05T14:02:33+0200,a602df8b-e77d-453c-80cb-eeacd1e89d3b,2026-07-26T18:30:00Z,2026-07-26T20:30:00+0200,17.87,EUR/MWh,FR,FR,imbalance_price,Long,2026-08-05T12:06:18Z
2026-08-05T12:02:33Z,2026-08-05T14:02:33+0200,a602df8b-e77d-453c-80cb-eeacd1e89d3b,2026-07-26T18:30:00Z,2026-07-26T20:30:00+0200,19.55,EUR/MWh,FR,FR,imbalance_price,Short,2026-08-05T12:06:18Z
2026-08-05T12:02:33Z,2026-08-05T14:02:33+0200,a602df8b-e77d-453c-80cb-eeacd1e89d3b,2026-07-26T18:45:00Z,2026-07-26T20:45:00+0200,45.07,EUR/MWh,FR,FR,imbalance_price,Long,2026-08-05T12:06:18Z
2026-08-05T12:02:33Z,2026-08-05T14:02:33+0200,a602df8b-e77d-453c-80cb-eeacd1e89d3b,2026-07-26T18:45:00Z,2026-07-26T20:45:00+0200,49.31,EUR/MWh,FR,FR,imbalance_price,Short,2026-08-05T12:06:18Z
2026-08-05T12:02:33Z,2026-08-05T14:02:33+0200,a602df8b-e77d-453c-80cb-eeacd1e89d3b,2026-07-26T19:00:00Z,2026-07-26T21:00:00+0200,-13.4,EUR/MWh,FR,FR,imbalance_price,Long,2026-08-05T12:06:18Z
2026-08-05T12:02:33Z,2026-08-05T14:02:33+0200,a602df8b-e77d-453c-80cb-eeacd1e89d3b,2026-07-26T19:00:00Z,2026-07-26T21:00:00+0200,-12.24,EUR/MWh,FR,FR,imbalance_price,Short,2026-08-05T12:06:18Z
2026-08-05T12:02:33Z,2026-08-05T14:02:33+0200,a602df8b-e77d-453c-80cb-eeacd1e89d3b,2026-07-26T19:15:00Z,2026-07-26T21:15:00+0200,-13.4,EUR/MWh,FR,FR,imbalance_price,Long,2026-08-05T12:06:18Z
2026-08-05T12:02:33Z,2026-08-05T14:02:33+0200,a602df8b-e77d-453c-80cb-eeacd1e89d3b,2026-07-26T19:15:00Z,2026-07-26T21:15:00+0200,-12.24,EUR/MWh,FR,FR,imbalance_price,Short,2026-08-05T12:06:18Z
2026-08-05T12:02:33Z,2026-08-05T14:02:33+0200,a602df8b-e77d-453c-80cb-eeacd1e89d3b,2026-07-26T19:30:00Z,2026-07-26T21:30:00+0200,49.36,EUR/MWh,FR,FR,imbalance_price,Long,2026-08-05T12:06:18Z
2026-08-05T12:02:33Z,2026-08-05T14:02:33+0200,a602df8b-e77d-453c-80cb-eeacd1e89d3b,2026-07-26T19:30:00Z,2026-07-26T21:30:00+0200,54.02,EUR/MWh,FR,FR,imbalance_price,Short,2026-08-05T12:06:18Z
2026-08-05T12:02:33Z,2026-08-05T14:02:33+0200,a602df8b-e77d-453c-80cb-eeacd1e89d3b,2026-07-26T19:45:00Z,2026-07-26T21:45:00+0200,45.17,EUR/MWh,FR,FR,imbalance_price,Long,2026-08-05T12:06:18Z
2026-08-05T12:02:33Z,2026-08-05T14:02:33+0200,a602df8b-e77d-453c-80cb-eeacd1e89d3b,2026-07-26T19:45:00Z,2026-07-26T21:45:00+0200,49.43,EUR/MWh,FR,FR,imbalance_price,Short,2026-08-05T12:06:18Z
2026-08-05T12:02:33Z,2026-08-05T14:02:33+0200,a602df8b-e77d-453c-80cb-eeacd1e89d3b,2026-07-26T20:00:00Z,2026-07-26T22:00:00+0200,49.39,EUR/MWh,FR,FR,imbalance_price,Long,2026-08-05T12:06:18Z
2026-08-05T12:02:33Z,2026-08-05T14:02:33+0200,a602df8b-e77d-453c-80cb-eeacd1e89d3b,2026-07-26T20:00:00Z,2026-07-26T22:00:00+0200,54.05,EUR/MWh,FR,FR,imbalance_price,Short,2026-08-05T12:06:18Z
2026-08-05T12:02:33Z,2026-08-05T14:02:33+0200,a602df8b-e77d-453c-80cb-eeacd1e89d3b,2026-07-26T20:15:00Z,2026-07-26T22:15:00+0200,50.73,EUR/MWh,FR,FR,imbalance_price,Long,2026-08-05T12:06:18Z
2026-08-05T12:02:33Z,2026-08-05T14:02:33+0200,a602df8b-e77d-453c-80cb-eeacd1e89d3b,2026-07-26T20:15:00Z,2026-07-26T22:15:00+0200,55.51,EUR/MWh,FR,FR,imbalance_price,Short,2026-08-05T12:06:18Z
2026-08-05T12:02:33Z,2026-08-05T14:02:33+0200,a602df8b-e77d-453c-80cb-eeacd1e89d3b,2026-07-26T20:30:00Z,2026-07-26T22:30:00+0200,60.6,EUR/MWh,FR,FR,imbalance_price,Long,2026-08-05T12:06:18Z
2026-08-05T12:02:33Z,2026-08-05T14:02:33+0200,a602df8b-e77d-453c-80cb-eeacd1e89d3b,2026-07-26T20:30:00Z,2026-07-26T22:30:00+0200,66.32,EUR/MWh,FR,FR,imbalance_price,Short,2026-08-05T12:06:18Z
2026-08-05T12:02:33Z,2026-08-05T14:02:33+0200,a602df8b-e77d-453c-80cb-eeacd1e89d3b,2026-07-26T20:45:00Z,2026-07-26T22:45:00+0200,32.64,EUR/MWh,FR,FR,imbalance_price,Long,2026-08-05T12:06:18Z
2026-08-05T12:02:33Z,2026-08-05T14:02:33+0200,a602df8b-e77d-453c-80cb-eeacd1e89d3b,2026-07-26T20:45:00Z,2026-07-26T22:45:00+0200,35.72,EUR/MWh,FR,FR,imbalance_price,Short,2026-08-05T12:06:18Z
2026-08-05T12:02:33Z,2026-08-05T14:02:33+0200,a602df8b-e77d-453c-80cb-eeacd1e89d3b,2026-07-26T21:00:00Z,2026-07-26T23:00:00+0200,82.06,EUR/MWh,FR,FR,imbalance_price,Long,2026-08-05T12:06:18Z
2026-08-05T12:02:33Z,2026-08-05T14:02:33+0200,a602df8b-e77d-453c-80cb-eeacd1e89d3b,2026-07-26T21:00:00Z,2026-07-26T23:00:00+0200,89.8,EUR/MWh,FR,FR,imbalance_price,Short,2026-08-05T12:06:18Z
2026-08-05T12:02:33Z,2026-08-05T14:02:33+0200,a602df8b-e77d-453c-80cb-eeacd1e89d3b,2026-07-26T21:15:00Z,2026-07-26T23:15:00+0200,-13.4,EUR/MWh,FR,FR,imbalance_price,Long,2026-08-05T12:06:18Z
2026-08-05T12:02:33Z,2026-08-05T14:02:33+0200,a602df8b-e77d-453c-80cb-eeacd1e89d3b,2026-07-26T21:15:00Z,2026-07-26T23:15:00+0200,-12.24,EUR/MWh,FR,FR,imbalance_price,Short,2026-08-05T12:06:18Z
2026-08-05T12:02:33Z,2026-08-05T14:02:33+0200,a602df8b-e77d-453c-80cb-eeacd1e89d3b,2026-07-26T21:30:00Z,2026-07-26T23:30:00+0200,63.51,EUR/MWh,FR,FR,imbalance_price,Long,2026-08-05T12:06:18Z
2026-08-05T12:02:33Z,2026-08-05T14:02:33+0200,a602df8b-e77d-453c-80cb-eeacd1e89d3b,2026-07-26T21:30:00Z,2026-07-26T23:30:00+0200,69.49,EUR/MWh,FR,FR,imbalance_price,Short,2026-08-05T12:06:18Z
2026-08-05T12:02:33Z,2026-08-05T14:02:33+0200,a602df8b-e77d-453c-80cb-eeacd1e89d3b,2026-07-26T21:45:00Z,2026-07-26T23:45:00+0200,110.85,EUR/MWh,FR,FR,imbalance_price,Long,2026-08-05T12:06:18Z
2026-08-05T12:02:33Z,2026-08-05T14:02:33+0200,a602df8b-e77d-453c-80cb-eeacd1e89d3b,2026-07-26T21:45:00Z,2026-07-26T23:45:00+0200,121.29,EUR/MWh,FR,FR,imbalance_price,Short,2026-08-05T12:06:18Z
2026-08-05T12:02:33Z,2026-08-05T14:02:33+0200,a602df8b-e77d-453c-80cb-eeacd1e89d3b,2026-07-26T22:00:00Z,2026-07-27T00:00:00+0200,23.43,EUR/MWh,FR,FR,imbalance_price,Long,2026-08-05T12:06:18Z
2026-08-05T12:02:33Z,2026-08-05T14:02:33+0200,a602df8b-e77d-453c-80cb-eeacd1e89d3b,2026-07-26T22:00:00Z,2026-07-27T00:00:00+0200,25.63,EUR/MWh,FR,FR,imbalance_price,Short,2026-08-05T12:06:18Z
2026-08-05T12:02:33Z,2026-08-05T14:02:33+0200,a602df8b-e77d-453c-80cb-eeacd1e89d3b,2026-07-26T22:15:00Z,2026-07-27T00:15:00+0200,19.31,EUR/MWh,FR,FR,imbalance_price,Long,2026-08-05T12:06:18Z
2026-08-05T12:02:33Z,2026-08-05T14:02:33+0200,a602df8b-e77d-453c-80cb-eeacd1e89d3b,2026-07-26T22:15:00Z,2026-07-27T00:15:00+0200,21.13,EUR/MWh,FR,FR,imbalance_price,Short,2026-08-05T12:06:18Z
2026-08-05T12:02:33Z,2026-08-05T14:02:33+0200,a602df8b-e77d-453c-80cb-eeacd1e89d3b,2026-07-26T22:30:00Z,2026-07-27T00:30:00+0200,7.53,EUR/MWh,FR,FR,imbalance_price,Long,2026-08-05T12:06:18Z
2026-08-05T12:02:33Z,2026-08-05T14:02:33+0200,a602df8b-e77d-453c-80cb-eeacd1e89d3b,2026-07-26T22:30:00Z,2026-07-27T00:30:00+0200,8.25,EUR/MWh,FR,FR,imbalance_price,Short,2026-08-05T12:06:18Z
2026-08-05T12:02:33Z,2026-08-05T14:02:33+0200,a602df8b-e77d-453c-80cb-eeacd1e89d3b,2026-07-26T22:45:00Z,2026-07-27T00:45:00+0200,-32.57,EUR/MWh,FR,FR,imbalance_price,Long,2026-08-05T12:06:18Z
2026-08-05T12:02:33Z,2026-08-05T14:02:33+0200,a602df8b-e77d-453c-80cb-eeacd1e89d3b,2026-07-26T22:45:00Z,2026-07-27T00:45:00+0200,-29.77,EUR/MWh,FR,FR,imbalance_price,Short,2026-08-05T12:06:18Z
2026-08-05T12:02:33Z,2026-08-05T14:02:33+0200,a602df8b-e77d-453c-80cb-eeacd1e89d3b,2026-07-26T23:00:00Z,2026-07-27T01:00:00+0200,-20.13,EUR/MWh,FR,FR,imbalance_price,Long,2026-08-05T12:06:18Z
2026-08-05T12:02:33Z,2026-08-05T14:02:33+0200,a602df8b-e77d-453c-80cb-eeacd1e89d3b,2026-07-26T23:00:00Z,2026-07-27T01:00:00+0200,-18.39,EUR/MWh,FR,FR,imbalance_price,Short,2026-08-05T12:06:18Z
2026-08-05T12:02:33Z,2026-08-05T14:02:33+0200,a602df8b-e77d-453c-80cb-eeacd1e89d3b,2026-07-26T23:15:00Z,2026-07-27T01:15:00+0200,-285.85,EUR/MWh,FR,FR,imbalance_price,Long,2026-08-05T12:06:18Z
2026-08-05T12:02:33Z,2026-08-05T14:02:33+0200,a602df8b-e77d-453c-80cb-eeacd1e89d3b,2026-07-26T23:15:00Z,2026-07-27T01:15:00+0200,-261.23,EUR/MWh,FR,FR,imbalance_price,Short,2026-08-05T12:06:18Z
2026-08-05T12:02:33Z,2026-08-05T14:02:33+0200,a602df8b-e77d-453c-80cb-eeacd1e89d3b,2026-07-26T23:30:00Z,2026-07-27T01:30:00+0200,-54.94,EUR/MWh,FR,FR,imbalance_price,Long,2026-08-05T12:06:18Z
2026-08-05T12:02:33Z,2026-08-05T14:02:33+0200,a602df8b-e77d-453c-80cb-eeacd1e89d3b,2026-07-26T23:30:00Z,2026-07-27T01:30:00+0200,-50.2,EUR/MWh,FR,FR,imbalance_price,Short,2026-08-05T12:06:18Z
2026-08-05T12:02:33Z,2026-08-05T14:02:33+0200,a602df8b-e77d-453c-80cb-eeacd1e89d3b,2026-07-26T23:45:00Z,2026-07-27T01:45:00+0200,-66.89,EUR/MWh,FR,FR,imbalance_price,Long,2026-08-05T12:06:18Z
2026-08-05T12:02:33Z,2026-08-05T14:02:33+0200,a602df8b-e77d-453c-80cb-eeacd1e89d3b,2026-07-26T23:45:00Z,2026-07-27T01:45:00+0200,-61.13,EUR/MWh,FR,FR,imbalance_price,Short,2026-08-05T12:06:18Z
2026-08-05T12:02:33Z,2026-08-05T14:02:33+0200,a602df8b-e77d-453c-80cb-eeacd1e89d3b,2026-07-27T00:00:00Z,2026-07-27T02:00:00+0200,3.29,EUR/MWh,FR,FR,imbalance_price,Long,2026-08-05T12:06:18Z
2026-08-05T12:02:33Z,2026-08-05T14:02:33+0200,a602df8b-e77d-453c-80cb-eeacd1e89d3b,2026-07-27T00:00:00Z,2026-07-27T02:00:00+0200,3.61,EUR/MWh,FR,FR,imbalance_price,Short,2026-08-05T12:06:18Z
2026-08-05T12:02:33Z,2026-08-05T14:02:33+0200,a602df8b-e77d-453c-80cb-eeacd1e89d3b,2026-07-27T00:15:00Z,2026-07-27T02:15:00+0200,10.07,EUR/MWh,FR,FR,imbalance_price,Long,2026-08-05T12:06:18Z
2026-08-05T12:02:33Z,2026-08-05T14:02:33+0200,a602df8b-e77d-453c-80cb-eeacd1e89d3b,2026-07-27T00:15:00Z,2026-07-27T02:15:00+0200,11.01,EUR/MWh,FR,FR,imbalance_price,Short,2026-08-05T12:06:18Z
2026-08-05T12:02:33Z,2026-08-05T14:02:33+0200,a602df8b-e77d-453c-80cb-eeacd1e89d3b,2026-07-27T00:30:00Z,2026-07-27T02:30:00+0200,21.23,EUR/MWh,FR,FR,imbalance_price,Long,2026-08-05T12:06:18Z
2026-08-05T12:02:33Z,2026-08-05T14:02:33+0200,a602df8b-e77d-453c-80cb-eeacd1e89d3b,2026-07-27T00:30:00Z,2026-07-27T02:30:00+0200,23.23,EUR/MWh,FR,FR,imbalance_price,Short,2026-08-05T12:06:18Z
2026-08-05T12:02:33Z,2026-08-05T14:02:33+0200,a602df8b-e77d-453c-80cb-eeacd1e89d3b,2026-07-27T00:45:00Z,2026-07-27T02:45:00+0200,5.14,EUR/MWh,FR,FR,imbalance_price,Long,2026-08-05T12:06:18Z
2026-08-05T12:02:33Z,2026-08-05T14:02:33+0200,a602df8b-e77d-453c-80cb-eeacd1e89d3b,2026-07-27T00:45:00Z,2026-07-27T02:45:00+0200,5.62,EUR/MWh,FR,FR,imbalance_price,Short,2026-08-05T12:06:18Z
2026-08-05T12:02:33Z,2026-08-05T14:02:33+0200,a602df8b-e77d-453c-80cb-eeacd1e89d3b,2026-07-27T01:00:00Z,2026-07-27T03:00:00+0200,3.37,EUR/MWh,FR,FR,imbalance_price,Long,2026-08-05T12:06:18Z
2026-08-05T12:02:33Z,2026-08-05T14:02:33+0200,a602df8b-e77d-453c-80cb-eeacd1e89d3b,2026-07-27T01:00:00Z,2026-07-27T03:00:00+0200,3.69,EUR/MWh,FR,FR,imbalance_price,Short,2026-08-05T12:06:18Z
2026-08-05T12:02:33Z,2026-08-05T14:02:33+0200,a602df8b-e77d-453c-80cb-eeacd1e89d3b,2026-07-27T01:15:00Z,2026-07-27T03:15:00+0200,18.67,EUR/MWh,FR,FR,imbalance_price,Long,2026-08-05T12:06:18Z
2026-08-05T12:02:33Z,2026-08-05T14:02:33+0200,a602df8b-e77d-453c-80cb-eeacd1e89d3b,2026-07-27T01:15:00Z,2026-07-27T03:15:00+0200,20.43,EUR/MWh,FR,FR,imbalance_price,Short,2026-08-05T12:06:18Z
2026-08-05T12:02:33Z,2026-08-05T14:02:33+0200,a602df8b-e77d-453c-80cb-eeacd1e89d3b,2026-07-27T01:30:00Z,2026-07-27T03:30:00+0200,16.3,EUR/MWh,FR,FR,imbalance_price,Long,2026-08-05T12:06:18Z
2026-08-05T12:02:33Z,2026-08-05T14:02:33+0200,a602df8b-e77d-453c-80cb-eeacd1e89d3b,2026-07-27T01:30:00Z,2026-07-27T03:30:00+0200,17.84,EUR/MWh,FR,FR,imbalance_price,Short,2026-08-05T12:06:18Z
2026-08-05T12:02:33Z,2026-08-05T14:02:33+0200,a602df8b-e77d-453c-80cb-eeacd1e89d3b,2026-07-27T01:45:00Z,2026-07-27T03:45:00+0200,11.93,EUR/MWh,FR,FR,imbalance_price,Long,2026-08-05T12:06:18Z
2026-08-05T12:02:33Z,2026-08-05T14:02:33+0200,a602df8b-e77d-453c-80cb-eeacd1e89d3b,2026-07-27T01:45:00Z,2026-07-27T03:45:00+0200,13.05,EUR/MWh,FR,FR,imbalance_price,Short,2026-08-05T12:06:18Z
2026-08-05T12:02:33Z,2026-08-05T14:02:33+0200,a602df8b-e77d-453c-80cb-eeacd1e89d3b,2026-07-27T02:00:00Z,2026-07-27T04:00:00+0200,8.14,EUR/MWh,FR,FR,imbalance_price,Long,2026-08-05T12:06:18Z
2026-08-05T12:02:33Z,2026-08-05T14:02:33+0200,a602df8b-e77d-453c-80cb-eeacd1e89d3b,2026-07-27T02:00:00Z,2026-07-27T04:00:00+0200,8.9,EUR/MWh,FR,FR,imbalance_price,Short,2026-08-05T12:06:18Z
2026-08-05T12:02:33Z,2026-08-05T14:02:33+0200,a602df8b-e77d-453c-80cb-eeacd1e89d3b,2026-07-27T02:15:00Z,2026-07-27T04:15:00+0200,40.95,EUR/MWh,FR,FR,imbalance_price,Long,2026-08-05T12:06:18Z
2026-08-05T12:02:33Z,2026-08-05T14:02:33+0200,a602df8b-e77d-453c-80cb-eeacd1e89d3b,2026-07-27T02:15:00Z,2026-07-27T04:15:00+0200,44.81,EUR/MWh,FR,FR,imbalance_price,Short,2026-08-05T12:06:18Z
2026-08-05T12:02:33Z,2026-08-05T14:02:33+0200,a602df8b-e77d-453c-80cb-eeacd1e89d3b,2026-07-27T02:30:00Z,2026-07-27T04:30:00+0200,-410.28,EUR/MWh,FR,FR,imbalance_price,Long,2026-08-05T12:06:18Z
2026-08-05T12:02:33Z,2026-08-05T14:02:33+0200,a602df8b-e77d-453c-80cb-eeacd1e89d3b,2026-07-27T02:30:00Z,2026-07-27T04:30:00+0200,-374.94,EUR/MWh,FR,FR,imbalance_price,Short,2026-08-05T12:06:18Z
2026-08-05T12:02:33Z,2026-08-05T14:02:33+0200,a602df8b-e77d-453c-80cb-eeacd1e89d3b,2026-07-27T02:45:00Z,2026-07-27T04:45:00+0200,-193.88,EUR/MWh,FR,FR,imbalance_price,Long,2026-08-05T12:06:18Z
2026-08-05T12:02:33Z,2026-08-05T14:02:33+0200,a602df8b-e77d-453c-80cb-eeacd1e89d3b,2026-07-27T02:45:00Z,2026-07-27T04:45:00+0200,-177.18,EUR/MWh,FR,FR,imbalance_price,Short,2026-08-05T12:06:18Z
2026-08-05T12:02:33Z,2026-08-05T14:02:33+0200,a602df8b-e77d-453c-80cb-eeacd1e89d3b,2026-07-27T03:00:00Z,2026-07-27T05:00:00+0200,26.97,EUR/MWh,FR,FR,imbalance_price,Long,2026-08-05T12:06:18Z
2026-08-05T12:02:33Z,2026-08-05T14:02:33+0200,a602df8b-e77d-453c-80cb-eeacd1e89d3b,2026-07-27T03:00:00Z,2026-07-27T05:00:00+0200,29.51,EUR/MWh,FR,FR,imbalance_price,Short,2026-08-05T12:06:18Z
2026-08-05T12:02:33Z,2026-08-05T14:02:33+0200,a602df8b-e77d-453c-80cb-eeacd1e89d3b,2026-07-27T03:15:00Z,2026-07-27T05:15:00+0200,29.39,EUR/MWh,FR,FR,imbalance_price,Long,2026-08-05T12:06:18Z
2026-08-05T12:02:33Z,2026-08-05T14:02:33+0200,a602df8b-e77d-453c-80cb-eeacd1e89d3b,2026-07-27T03:15:00Z,2026-07-27T05:15:00+0200,32.17,EUR/MWh,FR,FR,imbalance_price,Short,2026-08-05T12:06:18Z
2026-08-05T12:02:33Z,2026-08-05T14:02:33+0200,a602df8b-e77d-453c-80cb-eeacd1e89d3b,2026-07-27T03:30:00Z,2026-07-27T05:30:00+0200,85.77,EUR/MWh,FR,FR,imbalance_price,Long,2026-08-05T12:06:18Z
2026-08-05T12:02:33Z,2026-08-05T14:02:33+0200,a602df8b-e77d-453c-80cb-eeacd1e89d3b,2026-07-27T03:30:00Z,2026-07-27T05:30:00+0200,93.85,EUR/MWh,FR,FR,imbalance_price,Short,2026-08-05T12:06:18Z
2026-08-05T12:02:33Z,2026-08-05T14:02:33+0200,a602df8b-e77d-453c-80cb-eeacd1e89d3b,2026-07-27T03:45:00Z,2026-07-27T05:45:00+0200,101.58,EUR/MWh,FR,FR,imbalance_price,Long,2026-08-05T12:06:18Z
2026-08-05T12:02:33Z,2026-08-05T14:02:33+0200,a602df8b-e77d-453c-80cb-eeacd1e89d3b,2026-07-27T03:45:00Z,2026-07-27T05:45:00+0200,111.16,EUR/MWh,FR,FR,imbalance_price,Short,2026-08-05T12:06:18Z
2026-08-05T12:02:33Z,2026-08-05T14:02:33+0200,a602df8b-e77d-453c-80cb-eeacd1e89d3b,2026-07-27T04:00:00Z,2026-07-27T06:00:00+0200,125.9,EUR/MWh,FR,FR,imbalance_price,Long,2026-08-05T12:06:18Z
2026-08-05T12:02:33Z,2026-08-05T14:02:33+0200,a602df8b-e77d-453c-80cb-eeacd1e89d3b,2026-07-27T04:00:00Z,2026-07-27T06:00:00+0200,137.76,EUR/MWh,FR,FR,imbalance_price,Short,2026-08-05T12:06:18Z
2026-08-05T12:02:33Z,2026-08-05T14:02:33+0200,a602df8b-e77d-453c-80cb-eeacd1e89d3b,2026-07-27T04:15:00Z,2026-07-27T06:15:00+0200,104.74,EUR/MWh,FR,FR,imbalance_price,Long,2026-08-05T12:06:18Z
2026-08-05T12:02:33Z,2026-08-05T14:02:33+0200,a602df8b-e77d-453c-80cb-eeacd1e89d3b,2026-07-27T04:15:00Z,2026-07-27T06:15:00+0200,114.62,EUR/MWh,FR,FR,imbalance_price,Short,2026-08-05T12:06:18Z
2026-08-05T12:02:33Z,2026-08-05T14:02:33+0200,a602df8b-e77d-453c-80cb-eeacd1e89d3b,2026-07-27T04:30:00Z,2026-07-27T06:30:00+0200,75.9,EUR/MWh,FR,FR,imbalance_price,Long,2026-08-05T12:06:18Z
2026-08-05T12:02:33Z,2026-08-05T14:02:33+0200,a602df8b-e77d-453c-80cb-eeacd1e89d3b,2026-07-27T04:30:00Z,2026-07-27T06:30:00+0200,83.06,EUR/MWh,FR,FR,imbalance_price,Short,2026-08-05T12:06:18Z
2026-08-05T12:02:33Z,2026-08-05T14:02:33+0200,a602df8b-e77d-453c-80cb-eeacd1e89d3b,2026-07-27T04:45:00Z,2026-07-27T06:45:00+0200,87.77,EUR/MWh,FR,FR,imbalance_price,Long,2026-08-05T12:06:18Z
2026-08-05T12:02:33Z,2026-08-05T14:02:33+0200,a602df8b-e77d-453c-80cb-eeacd1e89d3b,2026-07-27T04:45:00Z,2026-07-27T06:45:00+0200,96.05,EUR/MWh,FR,FR,imbalance_price,Short,2026-08-05T12:06:18Z
2026-08-05T12:02:33Z,2026-08-05T14:02:33+0200,a602df8b-e77d-453c-80cb-eeacd1e89d3b,2026-07-27T05:00:00Z,2026-07-27T07:00:00+0200,103.24,EUR/MWh,FR,FR,imbalance_price,Long,2026-08-05T12:06:18Z
2026-08-05T12:02:33Z,2026-08-05T14:02:33+0200,a602df8b-e77d-453c-80cb-eeacd1e89d3b,2026-07-27T05:00:00Z,2026-07-27T07:00:00+0200,112.96,EUR/MWh,FR,FR,imbalance_price,Short,2026-08-05T12:06:18Z
2026-08-05T12:02:33Z,2026-08-05T14:02:33+0200,a602df8b-e77d-453c-80cb-eeacd1e89d3b,2026-07-27T05:15:00Z,2026-07-27T07:15:00+0200,68.2,EUR/MWh,FR,FR,imbalance_price,Long,2026-08-05T12:06:18Z
2026-08-05T12:02:33Z,2026-08-05T14:02:33+0200,a602df8b-e77d-453c-80cb-eeacd1e89d3b,2026-07-27T05:15:00Z,2026-07-27T07:15:00+0200,74.62,EUR/MWh,FR,FR,imbalance_price,Short,2026-08-05T12:06:18Z
2026-08-05T12:02:33Z,2026-08-05T14:02:33+0200,a602df8b-e77d-453c-80cb-eeacd1e89d3b,2026-07-27T05:30:00Z,2026-07-27T07:30:00+0200,120.76,EUR/MWh,FR,FR,imbalance_price,Long,2026-08-05T12:06:18Z
2026-08-05T12:02:33Z,2026-08-05T14:02:33+0200,a602df8b-e77d-453c-80cb-eeacd1e89d3b,2026-07-27T05:30:00Z,2026-07-27T07:30:00+0200,132.14,EUR/MWh,FR,FR,imbalance_price,Short,2026-08-05T12:06:18Z
2026-08-05T12:02:33Z,2026-08-05T14:02:33+0200,a602df8b-e77d-453c-80cb-eeacd1e89d3b,2026-07-27T05:45:00Z,2026-07-27T07:45:00+0200,42.37,EUR/MWh,FR,FR,imbalance_price,Long,2026-08-05T12:06:18Z
2026-08-05T12:02:33Z,2026-08-05T14:02:33+0200,a602df8b-e77d-453c-80cb-eeacd1e89d3b,2026-07-27T05:45:00Z,2026-07-27T07:45:00+0200,46.37,EUR/MWh,FR,FR,imbalance_price,Short,2026-08-05T12:06:18Z
2026-08-05T12:02:33Z,2026-08-05T14:02:33+0200,a602df8b-e77d-453c-80cb-eeacd1e89d3b,2026-07-27T06:00:00Z,2026-07-27T08:00:00+0200,152.06,EUR/MWh,FR,FR,imbalance_price,Long,2026-08-05T12:06:18Z
2026-08-05T12:02:33Z,2026-08-05T14:02:33+0200,a602df8b-e77d-453c-80cb-eeacd1e89d3b,2026-07-27T06:00:00Z,2026-07-27T08:00:00+0200,166.38,EUR/MWh,FR,FR,imbalance_price,Short,2026-08-05T12:06:18Z
2026-08-05T12:02:33Z,2026-08-05T14:02:33+0200,a602df8b-e77d-453c-80cb-eeacd1e89d3b,2026-07-27T06:15:00Z,2026-07-27T08:15:00+0200,157.34,EUR/MWh,FR,FR,imbalance_price,Long,2026-08-05T12:06:18Z
2026-08-05T12:02:33Z,2026-08-05T14:02:33+0200,a602df8b-e77d-453c-80cb-eeacd1e89d3b,2026-07-27T06:15:00Z,2026-07-27T08:15:00+0200,172.16,EUR/MWh,FR,FR,imbalance_price,Short,2026-08-05T12:06:18Z
2026-08-05T12:02:33Z,2026-08-05T14:02:33+0200,a602df8b-e77d-453c-80cb-eeacd1e89d3b,2026-07-27T06:30:00Z,2026-07-27T08:30:00+0200,129.47,EUR/MWh,FR,FR,imbalance_price,Long,2026-08-05T12:06:18Z
2026-08-05T12:02:33Z,2026-08-05T14:02:33+0200,a602df8b-e77d-453c-80cb-eeacd1e89d3b,2026-07-27T06:30:00Z,2026-07-27T08:30:00+0200,141.67,EUR/MWh,FR,FR,imbalance_price,Short,2026-08-05T12:06:18Z
2026-08-05T12:02:33Z,2026-08-05T14:02:33+0200,a602df8b-e77d-453c-80cb-eeacd1e89d3b,2026-07-27T06:45:00Z,2026-07-27T08:45:00+0200,145.61,EUR/MWh,FR,FR,imbalance_price,Long,2026-08-05T12:06:18Z
2026-08-05T12:02:33Z,2026-08-05T14:02:33+0200,a602df8b-e77d-453c-80cb-eeacd1e89d3b,2026-07-27T06:45:00Z,2026-07-27T08:45:00+0200,159.33,EUR/MWh,FR,FR,imbalance_price,Short,2026-08-05T12:06:18Z
2026-08-05T12:02:33Z,2026-08-05T14:02:33+0200,a602df8b-e77d-453c-80cb-eeacd1e89d3b,2026-07-27T07:00:00Z,2026-07-27T09:00:00+0200,126.1,EUR/MWh,FR,FR,imbalance_price,Long,2026-08-05T12:06:18Z
2026-08-05T12:02:33Z,2026-08-05T14:02:33+0200,a602df8b-e77d-453c-80cb-eeacd1e89d3b,2026-07-27T07:00:00Z,2026-07-27T09:00:00+0200,137.98,EUR/MWh,FR,FR,imbalance_price,Short,2026-08-05T12:06:18Z
2026-08-05T12:02:33Z,2026-08-05T14:02:33+0200,a602df8b-e77d-453c-80cb-eeacd1e89d3b,2026-07-27T07:15:00Z,2026-07-27T09:15:00+0200,106.75,EUR/MWh,FR,FR,imbalance_price,Long,2026-08-05T12:06:18Z
2026-08-05T12:02:33Z,2026-08-05T14:02:33+0200,a602df8b-e77d-453c-80cb-eeacd1e89d3b,2026-07-27T07:15:00Z,2026-07-27T09:15:00+0200,116.81,EUR/MWh,FR,FR,imbalance_price,Short,2026-08-05T12:06:18Z
2026-08-05T12:02:33Z,2026-08-05T14:02:33+0200,a602df8b-e77d-453c-80cb-eeacd1e89d3b,2026-07-27T07:30:00Z,2026-07-27T09:30:00+0200,146.38,EUR/MWh,FR,FR,imbalance_price,Long,2026-08-05T12:06:18Z
2026-08-05T12:02:33Z,2026-08-05T14:02:33+0200,a602df8b-e77d-453c-80cb-eeacd1e89d3b,2026-07-27T07:30:00Z,2026-07-27T09:30:00+0200,160.18,EUR/MWh,FR,FR,imbalance_price,Short,2026-08-05T12:06:18Z
2026-08-05T12:02:33Z,2026-08-05T14:02:33+0200,a602df8b-e77d-453c-80cb-eeacd1e89d3b,2026-07-27T07:45:00Z,2026-07-27T09:45:00+0200,121.41,EUR/MWh,FR,FR,imbalance_price,Long,2026-08-05T12:06:18Z
2026-08-05T12:02:33Z,2026-08-05T14:02:33+0200,a602df8b-e77d-453c-80cb-eeacd1e89d3b,2026-07-27T07:45:00Z,2026-07-27T09:45:00+0200,132.85,EUR/MWh,FR,FR,imbalance_price,Short,2026-08-05T12:06:18Z
2026-08-05T12:02:33Z,2026-08-05T14:02:33+0200,a602df8b-e77d-453c-80cb-eeacd1e89d3b,2026-07-27T08:00:00Z,2026-07-27T10:00:00+0200,149.71,EUR/MWh,FR,FR,imbalance_price,Long,2026-08-05T12:06:18Z
2026-08-05T12:02:33Z,2026-08-05T14:02:33+0200,a602df8b-e77d-453c-80cb-eeacd1e89d3b,2026-07-27T08:00:00Z,2026-07-27T10:00:00+0200,163.81,EUR/MWh,FR,FR,imbalance_price,Short,2026-08-05T12:06:18Z
2026-08-05T12:02:33Z,2026-08-05T14:02:33+0200,a602df8b-e77d-453c-80cb-eeacd1e89d3b,2026-07-27T08:15:00Z,2026-07-27T10:15:00+0200,87.9,EUR/MWh,FR,FR,imbalance_price,Long,2026-08-05T12:06:18Z
2026-08-05T12:02:33Z,2026-08-05T14:02:33+0200,a602df8b-e77d-453c-80cb-eeacd1e89d3b,2026-07-27T08:15:00Z,2026-07-27T10:15:00+0200,96.18,EUR/MWh,FR,FR,imbalance_price,Short,2026-08-05T12:06:18Z
2026-08-05T12:02:33Z,2026-08-05T14:02:33+0200,a602df8b-e77d-453c-80cb-eeacd1e89d3b,2026-07-27T08:30:00Z,2026-07-27T10:30:00+0200,74.1,EUR/MWh,FR,FR,imbalance_price,Long,2026-08-05T12:06:18Z
2026-08-05T12:02:33Z,2026-08-05T14:02:33+0200,a602df8b-e77d-453c-80cb-eeacd1e89d3b,2026-07-27T08:30:00Z,2026-07-27T10:30:00+0200,81.08,EUR/MWh,FR,FR,imbalance_price,Short,2026-08-05T12:06:18Z
2026-08-05T12:02:33Z,2026-08-05T14:02:33+0200,a602df8b-e77d-453c-80cb-eeacd1e89d3b,2026-07-27T08:45:00Z,2026-07-27T10:45:00+0200,119.08,EUR/MWh,FR,FR,imbalance_price,Long,2026-08-05T12:06:18Z
2026-08-05T12:02:33Z,2026-08-05T14:02:33+0200,a602df8b-e77d-453c-80cb-eeacd1e89d3b,2026-07-27T08:45:00Z,2026-07-27T10:45:00+0200,130.3,EUR/MWh,FR,FR,imbalance_price,Short,2026-08-05T12:06:18Z
2026-08-05T12:02:33Z,2026-08-05T14:02:33+0200,a602df8b-e77d-453c-80cb-eeacd1e89d3b,2026-07-27T09:00:00Z,2026-07-27T11:00:00+0200,120.29,EUR/MWh,FR,FR,imbalance_price,Long,2026-08-05T12:06:18Z
2026-08-05T12:02:33Z,2026-08-05T14:02:33+0200,a602df8b-e77d-453c-80cb-eeacd1e89d3b,2026-07-27T09:00:00Z,2026-07-27T11:00:00+0200,131.63,EUR/MWh,FR,FR,imbalance_price,Short,2026-08-05T12:06:18Z
2026-08-05T12:02:33Z,2026-08-05T14:02:33+0200,a602df8b-e77d-453c-80cb-eeacd1e89d3b,2026-07-27T09:15:00Z,2026-07-27T11:15:00+0200,119.32,EUR/MWh,FR,FR,imbalance_price,Long,2026-08-05T12:06:18Z
2026-08-05T12:02:33Z,2026-08-05T14:02:33+0200,a602df8b-e77d-453c-80cb-eeacd1e89d3b,2026-07-27T09:15:00Z,2026-07-27T11:15:00+0200,130.56,EUR/MWh,FR,FR,imbalance_price,Short,2026-08-05T12:06:18Z
2026-08-05T12:02:33Z,2026-08-05T14:02:33+0200,a602df8b-e77d-453c-80cb-eeacd1e89d3b,2026-07-27T09:30:00Z,2026-07-27T11:30:00+0200,69.62,EUR/MWh,FR,FR,imbalance_price,Long,2026-08-05T12:06:18Z
2026-08-05T12:02:33Z,2026-08-05T14:02:33+0200,a602df8b-e77d-453c-80cb-eeacd1e89d3b,2026-07-27T09:30:00Z,2026-07-27T11:30:00+0200,76.18,EUR/MWh,FR,FR,imbalance_price,Short,2026-08-05T12:06:18Z
2026-08-05T12:02:33Z,2026-08-05T14:02:33+0200,a602df8b-e77d-453c-80cb-eeacd1e89d3b,2026-07-27T09:45:00Z,2026-07-27T11:45:00+0200,72.12,EUR/MWh,FR,FR,imbalance_price,Long,2026-08-05T12:06:18Z
2026-08-05T12:02:33Z,2026-08-05T14:02:33+0200,a602df8b-e77d-453c-80cb-eeacd1e89d3b,2026-07-27T09:45:00Z,2026-07-27T11:45:00+0200,78.92,EUR/MWh,FR,FR,imbalance_price,Short,2026-08-05T12:06:18Z
2026-08-05T12:02:33Z,2026-08-05T14:02:33+0200,a602df8b-e77d-453c-80cb-eeacd1e89d3b,2026-07-27T10:00:00Z,2026-07-27T12:00:00+0200,147.24,EUR/MWh,FR,FR,imbalance_price,Long,2026-08-05T12:06:18Z
2026-08-05T12:02:33Z,2026-08-05T14:02:33+0200,a602df8b-e77d-453c-80cb-eeacd1e89d3b,2026-07-27T10:00:00Z,2026-07-27T12:00:00+0200,161.12,EUR/MWh,FR,FR,imbalance_price,Short,2026-08-05T12:06:18Z
2026-08-05T12:02:33Z,2026-08-05T14:02:33+0200,a602df8b-e77d-453c-80cb-eeacd1e89d3b,2026-07-27T10:15:00Z,2026-07-27T12:15:00+0200,143.27,EUR/MWh,FR,FR,imbalance_price,Long,2026-08-05T12:06:18Z
2026-08-05T12:02:33Z,2026-08-05T14:02:33+0200,a602df8b-e77d-453c-80cb-eeacd1e89d3b,2026-07-27T10:15:00Z,2026-07-27T12:15:00+0200,156.77,EUR/MWh,FR,FR,imbalance_price,Short,2026-08-05T12:06:18Z
2026-08-05T12:02:33Z,2026-08-05T14:02:33+0200,a602df8b-e77d-453c-80cb-eeacd1e89d3b,2026-07-27T10:30:00Z,2026-07-27T12:30:00+0200,133.15,EUR/MWh,FR,FR,imbalance_price,Long,2026-08-05T12:06:18Z
2026-08-05T12:02:33Z,2026-08-05T14:02:33+0200,a602df8b-e77d-453c-80cb-eeacd1e89d3b,2026-07-27T10:30:00Z,2026-07-27T12:30:00+0200,145.69,EUR/MWh,FR,FR,imbalance_price,Short,2026-08-05T12:06:18Z
2026-08-05T12:02:33Z,2026-08-05T14:02:33+0200,a602df8b-e77d-453c-80cb-eeacd1e89d3b,2026-07-27T10:45:00Z,2026-07-27T12:45:00+0200,-6.49,EUR/MWh,FR,FR,imbalance_price,Long,2026-08-05T12:06:18Z
2026-08-05T12:02:33Z,2026-08-05T14:02:33+0200,a602df8b-e77d-453c-80cb-eeacd1e89d3b,2026-07-27T10:45:00Z,2026-07-27T12:45:00+0200,-5.93,EUR/MWh,FR,FR,imbalance_price,Short,2026-08-05T12:06:18Z
2026-08-05T12:02:33Z,2026-08-05T14:02:33+0200,a602df8b-e77d-453c-80cb-eeacd1e89d3b,2026-07-27T11:00:00Z,2026-07-27T13:00:00+0200,-38.38,EUR/MWh,FR,FR,imbalance_price,Long,2026-08-05T12:06:18Z
2026-08-05T12:02:33Z,2026-08-05T14:02:33+0200,a602df8b-e77d-453c-80cb-eeacd1e89d3b,2026-07-27T11:00:00Z,2026-07-27T13:00:00+0200,-35.08,EUR/MWh,FR,FR,imbalance_price,Short,2026-08-05T12:06:18Z
2026-08-05T12:02:33Z,2026-08-05T14:02:33+0200,a602df8b-e77d-453c-80cb-eeacd1e89d3b,2026-07-27T11:15:00Z,2026-07-27T13:15:00+0200,-104.87,EUR/MWh,FR,FR,imbalance_price,Long,2026-08-05T12:06:18Z
2026-08-05T12:02:33Z,2026-08-05T14:02:33+0200,a602df8b-e77d-453c-80cb-eeacd1e89d3b,2026-07-27T11:15:00Z,2026-07-27T13:15:00+0200,-95.83,EUR/MWh,FR,FR,imbalance_price,Short,2026-08-05T12:06:18Z
2026-08-05T12:02:33Z,2026-08-05T14:02:33+0200,a602df8b-e77d-453c-80cb-eeacd1e89d3b,2026-07-27T11:30:00Z,2026-07-27T13:30:00+0200,-390.33,EUR/MWh,FR,FR,imbalance_price,Long,2026-08-05T12:06:18Z
2026-08-05T12:02:33Z,2026-08-05T14:02:33+0200,a602df8b-e77d-453c-80cb-eeacd1e89d3b,2026-07-27T11:30:00Z,2026-07-27T13:30:00+0200,-356.71,EUR/MWh,FR,FR,imbalance_price,Short,2026-08-05T12:06:18Z
2026-08-05T12:02:33Z,2026-08-05T14:02:33+0200,a602df8b-e77d-453c-80cb-eeacd1e89d3b,2026-07-27T11:45:00Z,2026-07-27T13:45:00+0200,-253.75,EUR/MWh,FR,FR,imbalance_price,Long,2026-08-05T12:06:18Z
2026-08-05T12:02:33Z,2026-08-05T14:02:33+0200,a602df8b-e77d-453c-80cb-eeacd1e89d3b,2026-07-27T11:45:00Z,2026-07-27T13:45:00+0200,-231.89,EUR/MWh,FR,FR,imbalance_price,Short,2026-08-05T12:06:18Z
2026-08-05T12:02:33Z,2026-08-05T14:02:33+0200,a602df8b-e77d-453c-80cb-eeacd1e89d3b,2026-07-27T12:00:00Z,2026-07-27T14:00:00+0200,-271.65,EUR/MWh,FR,FR,imbalance_price,Long,2026-08-05T12:06:18Z
2026-08-05T12:02:33Z,2026-08-05T14:02:33+0200,a602df8b-e77d-453c-80cb-eeacd1e89d3b,2026-07-27T12:00:00Z,2026-07-27T14:00:00+0200,-248.25,EUR/MWh,FR,FR,imbalance_price,Short,2026-08-05T12:06:18Z
2026-08-05T12:02:33Z,2026-08-05T14:02:33+0200,a602df8b-e77d-453c-80cb-eeacd1e89d3b,2026-07-27T12:15:00Z,2026-07-27T14:15:00+0200,-327.42,EUR/MWh,FR,FR,imbalance_price,Long,2026-08-05T12:06:18Z
2026-08-05T12:02:33Z,2026-08-05T14:02:33+0200,a602df8b-e77d-453c-80cb-eeacd1e89d3b,2026-07-27T12:15:00Z,2026-07-27T14:15:00+0200,-299.22,EUR/MWh,FR,FR,imbalance_price,Short,2026-08-05T12:06:18Z
2026-08-05T12:02:33Z,2026-08-05T14:02:33+0200,a602df8b-e77d-453c-80cb-eeacd1e89d3b,2026-07-27T12:30:00Z,2026-07-27T14:30:00+0200,-240.06,EUR/MWh,FR,FR,imbalance_price,Long,2026-08-05T12:06:18Z
2026-08-05T12:02:33Z,2026-08-05T14:02:33+0200,a602df8b-e77d-453c-80cb-eeacd1e89d3b,2026-07-27T12:30:00Z,2026-07-27T14:30:00+0200,-219.38,EUR/MWh,FR,FR,imbalance_price,Short,2026-08-05T12:06:18Z
2026-08-05T12:02:33Z,2026-08-05T14:02:33+0200,a602df8b-e77d-453c-80cb-eeacd1e89d3b,2026-07-27T12:45:00Z,2026-07-27T14:45:00+0200,-118.1,EUR/MWh,FR,FR,imbalance_price,Long,2026-08-05T12:06:18Z
2026-08-05T12:02:33Z,2026-08-05T14:02:33+0200,a602df8b-e77d-453c-80cb-eeacd1e89d3b,2026-07-27T12:45:00Z,2026-07-27T14:45:00+0200,-107.92,EUR/MWh,FR,FR,imbalance_price,Short,2026-08-05T12:06:18Z
2026-08-05T12:02:33Z,2026-08-05T14:02:33+0200,a602df8b-e77d-453c-80cb-eeacd1e89d3b,2026-07-27T13:00:00Z,2026-07-27T15:00:00+0200,-79.51,EUR/MWh,FR,FR,imbalance_price,Long,2026-08-05T12:06:18Z
2026-08-05T12:02:33Z,2026-08-05T14:02:33+0200,a602df8b-e77d-453c-80cb-eeacd1e89d3b,2026-07-27T13:00:00Z,2026-07-27T15:00:00+0200,-72.67,EUR/MWh,FR,FR,imbalance_price,Short,2026-08-05T12:06:18Z
2026-08-05T12:02:33Z,2026-08-05T14:02:33+0200,a602df8b-e77d-453c-80cb-eeacd1e89d3b,2026-07-27T13:15:00Z,2026-07-27T15:15:00+0200,-40.98,EUR/MWh,FR,FR,imbalance_price,Long,2026-08-05T12:06:18Z
2026-08-05T12:02:33Z,2026-08-05T14:02:33+0200,a602df8b-e77d-453c-80cb-eeacd1e89d3b,2026-07-27T13:15:00Z,2026-07-27T15:15:00+0200,-37.46,EUR/MWh,FR,FR,imbalance_price,Short,2026-08-05T12:06:18Z
2026-08-05T12:02:33Z,2026-08-05T14:02:33+0200,a602df8b-e77d-453c-80cb-eeacd1e89d3b,2026-07-27T13:30:00Z,2026-07-27T15:30:00+0200,-7.84,EUR/MWh,FR,FR,imbalance_price,Long,2026-08-05T12:06:18Z
2026-08-05T12:02:33Z,2026-08-05T14:02:33+0200,a602df8b-e77d-453c-80cb-eeacd1e89d3b,2026-07-27T13:30:00Z,2026-07-27T15:30:00+0200,-7.16,EUR/MWh,FR,FR,imbalance_price,Short,2026-08-05T12:06:18Z
2026-08-05T12:02:33Z,2026-08-05T14:02:33+0200,a602df8b-e77d-453c-80cb-eeacd1e89d3b,2026-07-27T13:45:00Z,2026-07-27T15:45:00+0200,0.62,EUR/MWh,FR,FR,imbalance_price,Long,2026-08-05T12:06:18Z
2026-08-05T12:02:33Z,2026-08-05T14:02:33+0200,a602df8b-e77d-453c-80cb-eeacd1e89d3b,2026-07-27T13:45:00Z,2026-07-27T15:45:00+0200,0.68,EUR/MWh,FR,FR,imbalance_price,Short,2026-08-05T12:06:18Z
2026-08-05T12:02:33Z,2026-08-05T14:02:33+0200,a602df8b-e77d-453c-80cb-eeacd1e89d3b,2026-07-27T14:00:00Z,2026-07-27T16:00:00+0200,4.99,EUR/MWh,FR,FR,imbalance_price,Long,2026-08-05T12:06:18Z
2026-08-05T12:02:33Z,2026-08-05T14:02:33+0200,a602df8b-e77d-453c-80cb-eeacd1e89d3b,2026-07-27T14:00:00Z,2026-07-27T16:00:00+0200,5.47,EUR/MWh,FR,FR,imbalance_price,Short,2026-08-05T12:06:18Z
2026-08-05T12:02:33Z,2026-08-05T14:02:33+0200,a602df8b-e77d-453c-80cb-eeacd1e89d3b,2026-07-27T14:15:00Z,2026-07-27T16:15:00+0200,8.83,EUR/MWh,FR,FR,imbalance_price,Long,2026-08-05T12:06:18Z
2026-08-05T12:02:33Z,2026-08-05T14:02:33+0200,a602df8b-e77d-453c-80cb-eeacd1e89d3b,2026-07-27T14:15:00Z,2026-07-27T16:15:00+0200,9.67,EUR/MWh,FR,FR,imbalance_price,Short,2026-08-05T12:06:18Z
2026-08-05T12:02:33Z,2026-08-05T14:02:33+0200,a602df8b-e77d-453c-80cb-eeacd1e89d3b,2026-07-27T14:30:00Z,2026-07-27T16:30:00+0200,11.84,EUR/MWh,FR,FR,imbalance_price,Long,2026-08-05T12:06:18Z
2026-08-05T12:02:33Z,2026-08-05T14:02:33+0200,a602df8b-e77d-453c-80cb-eeacd1e89d3b,2026-07-27T14:30:00Z,2026-07-27T16:30:00+0200,12.96,EUR/MWh,FR,FR,imbalance_price,Short,2026-08-05T12:06:18Z
2026-08-05T12:02:33Z,2026-08-05T14:02:33+0200,a602df8b-e77d-453c-80cb-eeacd1e89d3b,2026-07-27T14:45:00Z,2026-07-27T16:45:00+0200,12.48,EUR/MWh,FR,FR,imbalance_price,Long,2026-08-05T12:06:18Z
2026-08-05T12:02:33Z,2026-08-05T14:02:33+0200,a602df8b-e77d-453c-80cb-eeacd1e89d3b,2026-07-27T14:45:00Z,2026-07-27T16:45:00+0200,13.66,EUR/MWh,FR,FR,imbalance_price,Short,2026-08-05T12:06:18Z
2026-08-05T12:02:33Z,2026-08-05T14:02:33+0200,a602df8b-e77d-453c-80cb-eeacd1e89d3b,2026-07-27T15:00:00Z,2026-07-27T17:00:00+0200,-279.27,EUR/MWh,FR,FR,imbalance_price,Long,2026-08-05T12:06:18Z
2026-08-05T12:02:33Z,2026-08-05T14:02:33+0200,a602df8b-e77d-453c-80cb-eeacd1e89d3b,2026-07-27T15:00:00Z,2026-07-27T17:00:00+0200,-255.21,EUR/MWh,FR,FR,imbalance_price,Short,2026-08-05T12:06:18Z
2026-08-05T12:02:33Z,2026-08-05T14:02:33+0200,a602df8b-e77d-453c-80cb-eeacd1e89d3b,2026-07-27T15:15:00Z,2026-07-27T17:15:00+0200,-123.4,EUR/MWh,FR,FR,imbalance_price,Long,2026-08-05T12:06:18Z
2026-08-05T12:02:33Z,2026-08-05T14:02:33+0200,a602df8b-e77d-453c-80cb-eeacd1e89d3b,2026-07-27T15:15:00Z,2026-07-27T17:15:00+0200,-112.78,EUR/MWh,FR,FR,imbalance_price,Short,2026-08-05T12:06:18Z
2026-08-05T12:02:33Z,2026-08-05T14:02:33+0200,a602df8b-e77d-453c-80cb-eeacd1e89d3b,2026-07-27T15:30:00Z,2026-07-27T17:30:00+0200,-87.56,EUR/MWh,FR,FR,imbalance_price,Long,2026-08-05T12:06:18Z
2026-08-05T12:02:33Z,2026-08-05T14:02:33+0200,a602df8b-e77d-453c-80cb-eeacd1e89d3b,2026-07-27T15:30:00Z,2026-07-27T17:30:00+0200,-80.02,EUR/MWh,FR,FR,imbalance_price,Short,2026-08-05T12:06:18Z
2026-08-05T12:02:33Z,2026-08-05T14:02:33+0200,a602df8b-e77d-453c-80cb-eeacd1e89d3b,2026-07-27T15:45:00Z,2026-07-27T17:45:00+0200,-34.85,EUR/MWh,FR,FR,imbalance_price,Long,2026-08-05T12:06:18Z
2026-08-05T12:02:33Z,2026-08-05T14:02:33+0200,a602df8b-e77d-453c-80cb-eeacd1e89d3b,2026-07-27T15:45:00Z,2026-07-27T17:45:00+0200,-31.85,EUR/MWh,FR,FR,imbalance_price,Short,2026-08-05T12:06:18Z
2026-08-05T12:02:33Z,2026-08-05T14:02:33+0200,a602df8b-e77d-453c-80cb-eeacd1e89d3b,2026-07-27T16:00:00Z,2026-07-27T18:00:00+0200,5.16,EUR/MWh,FR,FR,imbalance_price,Long,2026-08-05T12:06:18Z
2026-08-05T12:02:33Z,2026-08-05T14:02:33+0200,a602df8b-e77d-453c-80cb-eeacd1e89d3b,2026-07-27T16:00:00Z,2026-07-27T18:00:00+0200,5.64,EUR/MWh,FR,FR,imbalance_price,Short,2026-08-05T12:06:18Z
2026-08-05T12:02:33Z,2026-08-05T14:02:33+0200,a602df8b-e77d-453c-80cb-eeacd1e89d3b,2026-07-27T16:15:00Z,2026-07-27T18:15:00+0200,5.17,EUR/MWh,FR,FR,imbalance_price,Long,2026-08-05T12:06:18Z
2026-08-05T12:02:33Z,2026-08-05T14:02:33+0200,a602df8b-e77d-453c-80cb-eeacd1e89d3b,2026-07-27T16:15:00Z,2026-07-27T18:15:00+0200,5.65,EUR/MWh,FR,FR,imbalance_price,Short,2026-08-05T12:06:18Z
2026-08-05T12:02:33Z,2026-08-05T14:02:33+0200,a602df8b-e77d-453c-80cb-eeacd1e89d3b,2026-07-27T16:30:00Z,2026-07-27T18:30:00+0200,23.07,EUR/MWh,FR,FR,imbalance_price,Long,2026-08-05T12:06:18Z
2026-08-05T12:02:33Z,2026-08-05T14:02:33+0200,a602df8b-e77d-453c-80cb-eeacd1e89d3b,2026-07-27T16:30:00Z,2026-07-27T18:30:00+0200,25.25,EUR/MWh,FR,FR,imbalance_price,Short,2026-08-05T12:06:18Z
2026-08-05T12:02:33Z,2026-08-05T14:02:33+0200,a602df8b-e77d-453c-80cb-eeacd1e89d3b,2026-07-27T16:45:00Z,2026-07-27T18:45:00+0200,4.06,EUR/MWh,FR,FR,imbalance_price,Long,2026-08-05T12:06:18Z
2026-08-05T12:02:33Z,2026-08-05T14:02:33+0200,a602df8b-e77d-453c-80cb-eeacd1e89d3b,2026-07-27T16:45:00Z,2026-07-27T18:45:00+0200,4.44,EUR/MWh,FR,FR,imbalance_price,Short,2026-08-05T12:06:18Z
2026-08-05T12:02:33Z,2026-08-05T14:02:33+0200,a602df8b-e77d-453c-80cb-eeacd1e89d3b,2026-07-27T17:00:00Z,2026-07-27T19:00:00+0200,50.68,EUR/MWh,FR,FR,imbalance_price,Long,2026-08-05T12:06:18Z
2026-08-05T12:02:33Z,2026-08-05T14:02:33+0200,a602df8b-e77d-453c-80cb-eeacd1e89d3b,2026-07-27T17:00:00Z,2026-07-27T19:00:00+0200,55.46,EUR/MWh,FR,FR,imbalance_price,Short,2026-08-05T12:06:18Z
2026-08-05T12:02:33Z,2026-08-05T14:02:33+0200,a602df8b-e77d-453c-80cb-eeacd1e89d3b,2026-07-27T17:15:00Z,2026-07-27T19:15:00+0200,3.38,EUR/MWh,FR,FR,imbalance_price,Long,2026-08-05T12:06:18Z
2026-08-05T12:02:33Z,2026-08-05T14:02:33+0200,a602df8b-e77d-453c-80cb-eeacd1e89d3b,2026-07-27T17:15:00Z,2026-07-27T19:15:00+0200,3.7,EUR/MWh,FR,FR,imbalance_price,Short,2026-08-05T12:06:18Z
2026-08-05T12:02:33Z,2026-08-05T14:02:33+0200,a602df8b-e77d-453c-80cb-eeacd1e89d3b,2026-07-27T17:30:00Z,2026-07-27T19:30:00+0200,22.5,EUR/MWh,FR,FR,imbalance_price,Long,2026-08-05T12:06:18Z
2026-08-05T12:02:33Z,2026-08-05T14:02:33+0200,a602df8b-e77d-453c-80cb-eeacd1e89d3b,2026-07-27T17:30:00Z,2026-07-27T19:30:00+0200,24.62,EUR/MWh,FR,FR,imbalance_price,Short,2026-08-05T12:06:18Z
2026-08-05T12:02:33Z,2026-08-05T14:02:33+0200,a602df8b-e77d-453c-80cb-eeacd1e89d3b,2026-07-27T17:45:00Z,2026-07-27T19:45:00+0200,137.32,EUR/MWh,FR,FR,imbalance_price,Long,2026-08-05T12:06:18Z
2026-08-05T12:02:33Z,2026-08-05T14:02:33+0200,a602df8b-e77d-453c-80cb-eeacd1e89d3b,2026-07-27T17:45:00Z,2026-07-27T19:45:00+0200,150.26,EUR/MWh,FR,FR,imbalance_price,Short,2026-08-05T12:06:18Z
2026-08-05T12:02:33Z,2026-08-05T14:02:33+0200,a602df8b-e77d-453c-80cb-eeacd1e89d3b,2026-07-27T18:00:00Z,2026-07-27T20:00:00+0200,16.85,EUR/MWh,FR,FR,imbalance_price,Long,2026-08-05T12:06:18Z
2026-08-05T12:02:33Z,2026-08-05T14:02:33+0200,a602df8b-e77d-453c-80cb-eeacd1e89d3b,2026-07-27T18:00:00Z,2026-07-27T20:00:00+0200,18.43,EUR/MWh,FR,FR,imbalance_price,Short,2026-08-05T12:06:18Z
2026-08-05T12:02:33Z,2026-08-05T14:02:33+0200,a602df8b-e77d-453c-80cb-eeacd1e89d3b,2026-07-27T18:15:00Z,2026-07-27T20:15:00+0200,154.43,EUR/MWh,FR,FR,imbalance_price,Long,2026-08-05T12:06:18Z
2026-08-05T12:02:33Z,2026-08-05T14:02:33+0200,a602df8b-e77d-453c-80cb-eeacd1e89d3b,2026-07-27T18:15:00Z,2026-07-27T20:15:00+0200,168.99,EUR/MWh,FR,FR,imbalance_price,Short,2026-08-05T12:06:18Z
2026-08-05T12:02:33Z,2026-08-05T14:02:33+0200,a602df8b-e77d-453c-80cb-eeacd1e89d3b,2026-07-27T18:30:00Z,2026-07-27T20:30:00+0200,150.22,EUR/MWh,FR,FR,imbalance_price,Long,2026-08-05T12:06:18Z
2026-08-05T12:02:33Z,2026-08-05T14:02:33+0200,a602df8b-e77d-453c-80cb-eeacd1e89d3b,2026-07-27T18:30:00Z,2026-07-27T20:30:00+0200,164.38,EUR/MWh,FR,FR,imbalance_price,Short,2026-08-05T12:06:18Z
2026-08-05T12:02:33Z,2026-08-05T14:02:33+0200,a602df8b-e77d-453c-80cb-eeacd1e89d3b,2026-07-27T18:45:00Z,2026-07-27T20:45:00+0200,145.32,EUR/MWh,FR,FR,imbalance_price,Long,2026-08-05T12:06:18Z
2026-08-05T12:02:33Z,2026-08-05T14:02:33+0200,a602df8b-e77d-453c-80cb-eeacd1e89d3b,2026-07-27T18:45:00Z,2026-07-27T20:45:00+0200,159.02,EUR/MWh,FR,FR,imbalance_price,Short,2026-08-05T12:06:18Z
2026-08-05T12:02:33Z,2026-08-05T14:02:33+0200,a602df8b-e77d-453c-80cb-eeacd1e89d3b,2026-07-27T19:00:00Z,2026-07-27T21:00:00+0200,163.0,EUR/MWh,FR,FR,imbalance_price,Long,2026-08-05T12:06:18Z
2026-08-05T12:02:33Z,2026-08-05T14:02:33+0200,a602df8b-e77d-453c-80cb-eeacd1e89d3b,2026-07-27T19:00:00Z,2026-07-27T21:00:00+0200,178.36,EUR/MWh,FR,FR,imbalance_price,Short,2026-08-05T12:06:18Z
2026-08-05T12:02:33Z,2026-08-05T14:02:33+0200,a602df8b-e77d-453c-80cb-eeacd1e89d3b,2026-07-27T19:15:00Z,2026-07-27T21:15:00+0200,158.71,EUR/MWh,FR,FR,imbalance_price,Long,2026-08-05T12:06:18Z
2026-08-05T12:02:33Z,2026-08-05T14:02:33+0200,a602df8b-e77d-453c-80cb-eeacd1e89d3b,2026-07-27T19:15:00Z,2026-07-27T21:15:00+0200,173.67,EUR/MWh,FR,FR,imbalance_price,Short,2026-08-05T12:06:18Z
2026-08-05T12:02:33Z,2026-08-05T14:02:33+0200,a602df8b-e77d-453c-80cb-eeacd1e89d3b,2026-07-27T19:30:00Z,2026-07-27T21:30:00+0200,165.46,EUR/MWh,FR,FR,imbalance_price,Long,2026-08-05T12:06:18Z
2026-08-05T12:02:33Z,2026-08-05T14:02:33+0200,a602df8b-e77d-453c-80cb-eeacd1e89d3b,2026-07-27T19:30:00Z,2026-07-27T21:30:00+0200,181.06,EUR/MWh,FR,FR,imbalance_price,Short,2026-08-05T12:06:18Z
2026-08-05T12:02:33Z,2026-08-05T14:02:33+0200,a602df8b-e77d-453c-80cb-eeacd1e89d3b,2026-07-27T19:45:00Z,2026-07-27T21:45:00+0200,196.15,EUR/MWh,FR,FR,imbalance_price,Long,2026-08-05T12:06:18Z
2026-08-05T12:02:33Z,2026-08-05T14:02:33+0200,a602df8b-e77d-453c-80cb-eeacd1e89d3b,2026-07-27T19:45:00Z,2026-07-27T21:45:00+0200,214.63,EUR/MWh,FR,FR,imbalance_price,Short,2026-08-05T12:06:18Z
2026-08-05T12:02:33Z,2026-08-05T14:02:33+0200,a602df8b-e77d-453c-80cb-eeacd1e89d3b,2026-07-27T20:00:00Z,2026-07-27T22:00:00+0200,196.78,EUR/MWh,FR,FR,imbalance_price,Long,2026-08-05T12:06:18Z
2026-08-05T12:02:33Z,2026-08-05T14:02:33+0200,a602df8b-e77d-453c-80cb-eeacd1e89d3b,2026-07-27T20:00:00Z,2026-07-27T22:00:00+0200,215.32,EUR/MWh,FR,FR,imbalance_price,Short,2026-08-05T12:06:18Z
2026-08-05T12:02:33Z,2026-08-05T14:02:33+0200,a602df8b-e77d-453c-80cb-eeacd1e89d3b,2026-07-27T20:15:00Z,2026-07-27T22:15:00+0200,198.51,EUR/MWh,FR,FR,imbalance_price,Long,2026-08-05T12:06:18Z
2026-08-05T12:02:33Z,2026-08-05T14:02:33+0200,a602df8b-e77d-453c-80cb-eeacd1e89d3b,2026-07-27T20:15:00Z,2026-07-27T22:15:00+0200,217.21,EUR/MWh,FR,FR,imbalance_price,Short,2026-08-05T12:06:18Z
2026-08-05T12:02:33Z,2026-08-05T14:02:33+0200,a602df8b-e77d-453c-80cb-eeacd1e89d3b,2026-07-27T20:30:00Z,2026-07-27T22:30:00+0200,202.75,EUR/MWh,FR,FR,imbalance_price,Long,2026-08-05T12:06:18Z
2026-08-05T12:02:33Z,2026-08-05T14:02:33+0200,a602df8b-e77d-453c-80cb-eeacd1e89d3b,2026-07-27T20:30:00Z,2026-07-27T22:30:00+0200,221.85,EUR/MWh,FR,FR,imbalance_price,Short,2026-08-05T12:06:18Z
2026-08-05T12:02:33Z,2026-08-05T14:02:33+0200,a602df8b-e77d-453c-80cb-eeacd1e89d3b,2026-07-27T20:45:00Z,2026-07-27T22:45:00+0200,202.04,EUR/MWh,FR,FR,imbalance_price,Long,2026-08-05T12:06:18Z
2026-08-05T12:02:33Z,2026-08-05T14:02:33+0200,a602df8b-e77d-453c-80cb-eeacd1e89d3b,2026-07-27T20:45:00Z,2026-07-27T22:45:00+0200,221.08,EUR/MWh,FR,FR,imbalance_price,Short,2026-08-05T12:06:18Z
2026-08-05T12:02:33Z,2026-08-05T14:02:33+0200,a602df8b-e77d-453c-80cb-eeacd1e89d3b,2026-07-27T21:00:00Z,2026-07-27T23:00:00+0200,178.07,EUR/MWh,FR,FR,imbalance_price,Long,2026-08-05T12:06:18Z
2026-08-05T12:02:33Z,2026-08-05T14:02:33+0200,a602df8b-e77d-453c-80cb-eeacd1e89d3b,2026-07-27T21:00:00Z,2026-07-27T23:00:00+0200,194.85,EUR/MWh,FR,FR,imbalance_price,Short,2026-08-05T12:06:18Z
2026-08-05T12:02:33Z,2026-08-05T14:02:33+0200,a602df8b-e77d-453c-80cb-eeacd1e89d3b,2026-07-27T21:15:00Z,2026-07-27T23:15:00+0200,171.16,EUR/MWh,FR,FR,imbalance_price,Long,2026-08-05T12:06:18Z
2026-08-05T12:02:33Z,2026-08-05T14:02:33+0200,a602df8b-e77d-453c-80cb-eeacd1e89d3b,2026-07-27T21:15:00Z,2026-07-27T23:15:00+0200,187.28,EUR/MWh,FR,FR,imbalance_price,Short,2026-08-05T12:06:18Z
2026-08-05T12:02:33Z,2026-08-05T14:02:33+0200,a602df8b-e77d-453c-80cb-eeacd1e89d3b,2026-07-27T21:30:00Z,2026-07-27T23:30:00+0200,162.37,EUR/MWh,FR,FR,imbalance_price,Long,2026-08-05T12:06:18Z
2026-08-05T12:02:33Z,2026-08-05T14:02:33+0200,a602df8b-e77d-453c-80cb-eeacd1e89d3b,2026-07-27T21:30:00Z,2026-07-27T23:30:00+0200,177.67,EUR/MWh,FR,FR,imbalance_price,Short,2026-08-05T12:06:18Z
2026-08-05T12:02:33Z,2026-08-05T14:02:33+0200,a602df8b-e77d-453c-80cb-eeacd1e89d3b,2026-07-27T21:45:00Z,2026-07-27T23:45:00+0200,154.21,EUR/MWh,FR,FR,imbalance_price,Long,2026-08-05T12:06:18Z
2026-08-05T12:02:33Z,2026-08-05T14:02:33+0200,a602df8b-e77d-453c-80cb-eeacd1e89d3b,2026-07-27T21:45:00Z,2026-07-27T23:45:00+0200,168.75,EUR/MWh,FR,FR,imbalance_price,Short,2026-08-05T12:06:18Z
2026-08-05T12:02:33Z,2026-08-05T14:02:33+0200,a602df8b-e77d-453c-80cb-eeacd1e89d3b,2026-07-27T22:00:00Z,2026-07-28T00:00:00+0200,165.2,EUR/MWh,FR,FR,imbalance_price,Long,2026-08-05T12:06:18Z
2026-08-05T12:02:33Z,2026-08-05T14:02:33+0200,a602df8b-e77d-453c-80cb-eeacd1e89d3b,2026-07-27T22:00:00Z,2026-07-28T00:00:00+0200,180.76,EUR/MWh,FR,FR,imbalance_price,Short,2026-08-05T12:06:18Z
2026-08-05T12:02:33Z,2026-08-05T14:02:33+0200,a602df8b-e77d-453c-80cb-eeacd1e89d3b,2026-07-27T22:15:00Z,2026-07-28T00:15:00+0200,166.53,EUR/MWh,FR,FR,imbalance_price,Long,2026-08-05T12:06:18Z
2026-08-05T12:02:33Z,2026-08-05T14:02:33+0200,a602df8b-e77d-453c-80cb-eeacd1e89d3b,2026-07-27T22:15:00Z,2026-07-28T00:15:00+0200,182.23,EUR/MWh,FR,FR,imbalance_price,Short,2026-08-05T12:06:18Z
2026-08-05T12:02:33Z,2026-08-05T14:02:33+0200,a602df8b-e77d-453c-80cb-eeacd1e89d3b,2026-07-27T22:30:00Z,2026-07-28T00:30:00+0200,169.45,EUR/MWh,FR,FR,imbalance_price,Long,2026-08-05T12:06:18Z
2026-08-05T12:02:33Z,2026-08-05T14:02:33+0200,a602df8b-e77d-453c-80cb-eeacd1e89d3b,2026-07-27T22:30:00Z,2026-07-28T00:30:00+0200,185.41,EUR/MWh,FR,FR,imbalance_price,Short,2026-08-05T12:06:18Z
2026-08-05T12:02:33Z,2026-08-05T14:02:33+0200,a602df8b-e77d-453c-80cb-eeacd1e89d3b,2026-07-27T22:45:00Z,2026-07-28T00:45:00+0200,183.68,EUR/MWh,FR,FR,imbalance_price,Long,2026-08-05T12:06:18Z
2026-08-05T12:02:33Z,2026-08-05T14:02:33+0200,a602df8b-e77d-453c-80cb-eeacd1e89d3b,2026-07-27T22:45:00Z,2026-07-28T00:45:00+0200,200.98,EUR/MWh,FR,FR,imbalance_price,Short,2026-08-05T12:06:18Z
2026-08-05T12:02:33Z,2026-08-05T14:02:33+0200,a602df8b-e77d-453c-80cb-eeacd1e89d3b,2026-07-27T23:00:00Z,2026-07-28T01:00:00+0200,183.62,EUR/MWh,FR,FR,imbalance_price,Long,2026-08-05T12:06:18Z
2026-08-05T12:02:33Z,2026-08-05T14:02:33+0200,a602df8b-e77d-453c-80cb-eeacd1e89d3b,2026-07-27T23:00:00Z,2026-07-28T01:00:00+0200,200.92,EUR/MWh,FR,FR,imbalance_price,Short,2026-08-05T12:06:18Z
2026-08-05T12:02:33Z,2026-08-05T14:02:33+0200,a602df8b-e77d-453c-80cb-eeacd1e89d3b,2026-07-27T23:15:00Z,2026-07-28T01:15:00+0200,183.01,EUR/MWh,FR,FR,imbalance_price,Long,2026-08-05T12:06:18Z
2026-08-05T12:02:33Z,2026-08-05T14:02:33+0200,a602df8b-e77d-453c-80cb-eeacd1e89d3b,2026-07-27T23:15:00Z,2026-07-28T01:15:00+0200,200.25,EUR/MWh,FR,FR,imbalance_price,Short,2026-08-05T12:06:18Z
2026-08-05T12:02:33Z,2026-08-05T14:02:33+0200,a602df8b-e77d-453c-80cb-eeacd1e89d3b,2026-07-27T23:30:00Z,2026-07-28T01:30:00+0200,179.56,EUR/MWh,FR,FR,imbalance_price,Long,2026-08-05T12:06:18Z
2026-08-05T12:02:33Z,2026-08-05T14:02:33+0200,a602df8b-e77d-453c-80cb-eeacd1e89d3b,2026-07-27T23:30:00Z,2026-07-28T01:30:00+0200,196.48,EUR/MWh,FR,FR,imbalance_price,Short,2026-08-05T12:06:18Z
2026-08-05T12:02:33Z,2026-08-05T14:02:33+0200,a602df8b-e77d-453c-80cb-eeacd1e89d3b,2026-07-27T23:45:00Z,2026-07-28T01:45:00+0200,125.13,EUR/MWh,FR,FR,imbalance_price,Long,2026-08-05T12:06:18Z
2026-08-05T12:02:33Z,2026-08-05T14:02:33+0200,a602df8b-e77d-453c-80cb-eeacd1e89d3b,2026-07-27T23:45:00Z,2026-07-28T01:45:00+0200,136.93,EUR/MWh,FR,FR,imbalance_price,Short,2026-08-05T12:06:18Z
2026-08-05T12:02:33Z,2026-08-05T14:02:33+0200,a602df8b-e77d-453c-80cb-eeacd1e89d3b,2026-07-28T00:00:00Z,2026-07-28T02:00:00+0200,142.36,EUR/MWh,FR,FR,imbalance_price,Long,2026-08-05T12:06:18Z
2026-08-05T12:02:33Z,2026-08-05T14:02:33+0200,a602df8b-e77d-453c-80cb-eeacd1e89d3b,2026-07-28T00:00:00Z,2026-07-28T02:00:00+0200,155.78,EUR/MWh,FR,FR,imbalance_price,Short,2026-08-05T12:06:18Z
2026-08-05T12:02:33Z,2026-08-05T14:02:33+0200,a602df8b-e77d-453c-80cb-eeacd1e89d3b,2026-07-28T00:15:00Z,2026-07-28T02:15:00+0200,119.2,EUR/MWh,FR,FR,imbalance_price,Long,2026-08-05T12:06:18Z
2026-08-05T12:02:33Z,2026-08-05T14:02:33+0200,a602df8b-e77d-453c-80cb-eeacd1e89d3b,2026-07-28T00:15:00Z,2026-07-28T02:15:00+0200,130.44,EUR/MWh,FR,FR,imbalance_price,Short,2026-08-05T12:06:18Z
2026-08-05T12:02:33Z,2026-08-05T14:02:33+0200,a602df8b-e77d-453c-80cb-eeacd1e89d3b,2026-07-28T00:30:00Z,2026-07-28T02:30:00+0200,117.85,EUR/MWh,FR,FR,imbalance_price,Long,2026-08-05T12:06:18Z
2026-08-05T12:02:33Z,2026-08-05T14:02:33+0200,a602df8b-e77d-453c-80cb-eeacd1e89d3b,2026-07-28T00:30:00Z,2026-07-28T02:30:00+0200,128.95,EUR/MWh,FR,FR,imbalance_price,Short,2026-08-05T12:06:18Z
2026-08-05T12:02:33Z,2026-08-05T14:02:33+0200,a602df8b-e77d-453c-80cb-eeacd1e89d3b,2026-07-28T00:45:00Z,2026-07-28T02:45:00+0200,115.37,EUR/MWh,FR,FR,imbalance_price,Long,2026-08-05T12:06:18Z
2026-08-05T12:02:33Z,2026-08-05T14:02:33+0200,a602df8b-e77d-453c-80cb-eeacd1e89d3b,2026-07-28T00:45:00Z,2026-07-28T02:45:00+0200,126.25,EUR/MWh,FR,FR,imbalance_price,Short,2026-08-05T12:06:18Z
2026-08-05T12:02:33Z,2026-08-05T14:02:33+0200,a602df8b-e77d-453c-80cb-eeacd1e89d3b,2026-07-28T01:00:00Z,2026-07-28T03:00:00+0200,-13.4,EUR/MWh,FR,FR,imbalance_price,Long,2026-08-05T12:06:18Z
2026-08-05T12:02:33Z,2026-08-05T14:02:33+0200,a602df8b-e77d-453c-80cb-eeacd1e89d3b,2026-07-28T01:00:00Z,2026-07-28T03:00:00+0200,-12.24,EUR/MWh,FR,FR,imbalance_price,Short,2026-08-05T12:06:18Z
2026-08-05T12:02:33Z,2026-08-05T14:02:33+0200,a602df8b-e77d-453c-80cb-eeacd1e89d3b,2026-07-28T01:15:00Z,2026-07-28T03:15:00+0200,70.33,EUR/MWh,FR,FR,imbalance_price,Long,2026-08-05T12:06:18Z
2026-08-05T12:02:33Z,2026-08-05T14:02:33+0200,a602df8b-e77d-453c-80cb-eeacd1e89d3b,2026-07-28T01:15:00Z,2026-07-28T03:15:00+0200,76.95,EUR/MWh,FR,FR,imbalance_price,Short,2026-08-05T12:06:18Z
2026-08-05T12:02:33Z,2026-08-05T14:02:33+0200,a602df8b-e77d-453c-80cb-eeacd1e89d3b,2026-07-28T01:30:00Z,2026-07-28T03:30:00+0200,59.05,EUR/MWh,FR,FR,imbalance_price,Long,2026-08-05T12:06:18Z
2026-08-05T12:02:33Z,2026-08-05T14:02:33+0200,a602df8b-e77d-453c-80cb-eeacd1e89d3b,2026-07-28T01:30:00Z,2026-07-28T03:30:00+0200,64.61,EUR/MWh,FR,FR,imbalance_price,Short,2026-08-05T12:06:18Z
2026-08-05T12:02:33Z,2026-08-05T14:02:33+0200,a602df8b-e77d-453c-80cb-eeacd1e89d3b,2026-07-28T01:45:00Z,2026-07-28T03:45:00+0200,57.42,EUR/MWh,FR,FR,imbalance_price,Long,2026-08-05T12:06:18Z
2026-08-05T12:02:33Z,2026-08-05T14:02:33+0200,a602df8b-e77d-453c-80cb-eeacd1e89d3b,2026-07-28T01:45:00Z,2026-07-28T03:45:00+0200,62.84,EUR/MWh,FR,FR,imbalance_price,Short,2026-08-05T12:06:18Z
2026-08-05T12:02:33Z,2026-08-05T14:02:33+0200,a602df8b-e77d-453c-80cb-eeacd1e89d3b,2026-07-28T02:00:00Z,2026-07-28T04:00:00+0200,119.03,EUR/MWh,FR,FR,imbalance_price,Long,2026-08-05T12:06:18Z
2026-08-05T12:02:33Z,2026-08-05T14:02:33+0200,a602df8b-e77d-453c-80cb-eeacd1e89d3b,2026-07-28T02:00:00Z,2026-07-28T04:00:00+0200,130.25,EUR/MWh,FR,FR,imbalance_price,Short,2026-08-05T12:06:18Z
2026-08-05T12:02:33Z,2026-08-05T14:02:33+0200,a602df8b-e77d-453c-80cb-eeacd1e89d3b,2026-07-28T02:15:00Z,2026-07-28T04:15:00+0200,115.64,EUR/MWh,FR,FR,imbalance_price,Long,2026-08-05T12:06:18Z
2026-08-05T12:02:33Z,2026-08-05T14:02:33+0200,a602df8b-e77d-453c-80cb-eeacd1e89d3b,2026-07-28T02:15:00Z,2026-07-28T04:15:00+0200,126.54,EUR/MWh,FR,FR,imbalance_price,Short,2026-08-05T12:06:18Z
2026-08-05T12:02:33Z,2026-08-05T14:02:33+0200,a602df8b-e77d-453c-80cb-eeacd1e89d3b,2026-07-28T02:30:00Z,2026-07-28T04:30:00+0200,-7.65,EUR/MWh,FR,FR,imbalance_price,Long,2026-08-05T12:06:18Z
2026-08-05T12:02:33Z,2026-08-05T14:02:33+0200,a602df8b-e77d-453c-80cb-eeacd1e89d3b,2026-07-28T02:30:00Z,2026-07-28T04:30:00+0200,-6.99,EUR/MWh,FR,FR,imbalance_price,Short,2026-08-05T12:06:18Z
2026-08-05T12:02:33Z,2026-08-05T14:02:33+0200,a602df8b-e77d-453c-80cb-eeacd1e89d3b,2026-07-28T02:45:00Z,2026-07-28T04:45:00+0200,-7.65,EUR/MWh,FR,FR,imbalance_price,Long,2026-08-05T12:06:18Z
2026-08-05T12:02:33Z,2026-08-05T14:02:33+0200,a602df8b-e77d-453c-80cb-eeacd1e89d3b,2026-07-28T02:45:00Z,2026-07-28T04:45:00+0200,-6.99,EUR/MWh,FR,FR,imbalance_price,Short,2026-08-05T12:06:18Z
2026-08-05T12:02:33Z,2026-08-05T14:02:33+0200,a602df8b-e77d-453c-80cb-eeacd1e89d3b,2026-07-28T03:00:00Z,2026-07-28T05:00:00+0200,61.21,EUR/MWh,FR,FR,imbalance_price,Long,2026-08-05T12:06:18Z
2026-08-05T12:02:33Z,2026-08-05T14:02:33+0200,a602df8b-e77d-453c-80cb-eeacd1e89d3b,2026-07-28T03:00:00Z,2026-07-28T05:00:00+0200,66.97,EUR/MWh,FR,FR,imbalance_price,Short,2026-08-05T12:06:18Z
2026-08-05T12:02:33Z,2026-08-05T14:02:33+0200,a602df8b-e77d-453c-80cb-eeacd1e89d3b,2026-07-28T03:15:00Z,2026-07-28T05:15:00+0200,-6.07,EUR/MWh,FR,FR,imbalance_price,Long,2026-08-05T12:06:18Z
2026-08-05T12:02:33Z,2026-08-05T14:02:33+0200,a602df8b-e77d-453c-80cb-eeacd1e89d3b,2026-07-28T03:15:00Z,2026-07-28T05:15:00+0200,-5.55,EUR/MWh,FR,FR,imbalance_price,Short,2026-08-05T12:06:18Z
2026-08-05T12:02:33Z,2026-08-05T14:02:33+0200,a602df8b-e77d-453c-80cb-eeacd1e89d3b,2026-07-28T03:30:00Z,2026-07-28T05:30:00+0200,46.07,EUR/MWh,FR,FR,imbalance_price,Long,2026-08-05T12:06:18Z
2026-08-05T12:02:33Z,2026-08-05T14:02:33+0200,a602df8b-e77d-453c-80cb-eeacd1e89d3b,2026-07-28T03:30:00Z,2026-07-28T05:30:00+0200,50.41,EUR/MWh,FR,FR,imbalance_price,Short,2026-08-05T12:06:18Z
2026-08-05T12:02:33Z,2026-08-05T14:02:33+0200,a602df8b-e77d-453c-80cb-eeacd1e89d3b,2026-07-28T03:45:00Z,2026-07-28T05:45:00+0200,-2.69,EUR/MWh,FR,FR,imbalance_price,Long,2026-08-05T12:06:18Z
2026-08-05T12:02:33Z,2026-08-05T14:02:33+0200,a602df8b-e77d-453c-80cb-eeacd1e89d3b,2026-07-28T03:45:00Z,2026-07-28T05:45:00+0200,-2.45,EUR/MWh,FR,FR,imbalance_price,Short,2026-08-05T12:06:18Z
2026-08-05T12:02:33Z,2026-08-05T14:02:33+0200,a602df8b-e77d-453c-80cb-eeacd1e89d3b,2026-07-28T04:00:00Z,2026-07-28T06:00:00+0200,108.26,EUR/MWh,FR,FR,imbalance_price,Long,2026-08-05T12:06:18Z
2026-08-05T12:02:33Z,2026-08-05T14:02:33+0200,a602df8b-e77d-453c-80cb-eeacd1e89d3b,2026-07-28T04:00:00Z,2026-07-28T06:00:00+0200,118.46,EUR/MWh,FR,FR,imbalance_price,Short,2026-08-05T12:06:18Z
2026-08-05T12:02:33Z,2026-08-05T14:02:33+0200,a602df8b-e77d-453c-80cb-eeacd1e89d3b,2026-07-28T04:15:00Z,2026-07-28T06:15:00+0200,63.05,EUR/MWh,FR,FR,imbalance_price,Long,2026-08-05T12:06:18Z
2026-08-05T12:02:33Z,2026-08-05T14:02:33+0200,a602df8b-e77d-453c-80cb-eeacd1e89d3b,2026-07-28T04:15:00Z,2026-07-28T06:15:00+0200,68.99,EUR/MWh,FR,FR,imbalance_price,Short,2026-08-05T12:06:18Z
2026-08-05T12:02:33Z,2026-08-05T14:02:33+0200,a602df8b-e77d-453c-80cb-eeacd1e89d3b,2026-07-28T04:30:00Z,2026-07-28T06:30:00+0200,10.62,EUR/MWh,FR,FR,imbalance_price,Long,2026-08-05T12:06:18Z
2026-08-05T12:02:33Z,2026-08-05T14:02:33+0200,a602df8b-e77d-453c-80cb-eeacd1e89d3b,2026-07-28T04:30:00Z,2026-07-28T06:30:00+0200,11.62,EUR/MWh,FR,FR,imbalance_price,Short,2026-08-05T12:06:18Z
2026-08-05T12:02:33Z,2026-08-05T14:02:33+0200,a602df8b-e77d-453c-80cb-eeacd1e89d3b,2026-07-28T04:45:00Z,2026-07-28T06:45:00+0200,-13.4,EUR/MWh,FR,FR,imbalance_price,Long,2026-08-05T12:06:18Z
2026-08-05T12:02:33Z,2026-08-05T14:02:33+0200,a602df8b-e77d-453c-80cb-eeacd1e89d3b,2026-07-28T04:45:00Z,2026-07-28T06:45:00+0200,-12.24,EUR/MWh,FR,FR,imbalance_price,Short,2026-08-05T12:06:18Z
2026-08-05T12:02:33Z,2026-08-05T14:02:33+0200,a602df8b-e77d-453c-80cb-eeacd1e89d3b,2026-07-28T05:00:00Z,2026-07-28T07:00:00+0200,149.75,EUR/MWh,FR,FR,imbalance_price,Long,2026-08-05T12:06:18Z
2026-08-05T12:02:33Z,2026-08-05T14:02:33+0200,a602df8b-e77d-453c-80cb-eeacd1e89d3b,2026-07-28T05:00:00Z,2026-07-28T07:00:00+0200,163.87,EUR/MWh,FR,FR,imbalance_price,Short,2026-08-05T12:06:18Z
2026-08-05T12:02:33Z,2026-08-05T14:02:33+0200,a602df8b-e77d-453c-80cb-eeacd1e89d3b,2026-07-28T05:15:00Z,2026-07-28T07:15:00+0200,81.12,EUR/MWh,FR,FR,imbalance_price,Long,2026-08-05T12:06:18Z
2026-08-05T12:02:33Z,2026-08-05T14:02:33+0200,a602df8b-e77d-453c-80cb-eeacd1e89d3b,2026-07-28T05:15:00Z,2026-07-28T07:15:00+0200,88.76,EUR/MWh,FR,FR,imbalance_price,Short,2026-08-05T12:06:18Z
2026-08-05T12:02:33Z,2026-08-05T14:02:33+0200,a602df8b-e77d-453c-80cb-eeacd1e89d3b,2026-07-28T05:30:00Z,2026-07-28T07:30:00+0200,97.01,EUR/MWh,FR,FR,imbalance_price,Long,2026-08-05T12:06:18Z
2026-08-05T12:02:33Z,2026-08-05T14:02:33+0200,a602df8b-e77d-453c-80cb-eeacd1e89d3b,2026-07-28T05:30:00Z,2026-07-28T07:30:00+0200,106.15,EUR/MWh,FR,FR,imbalance_price,Short,2026-08-05T12:06:18Z
2026-08-05T12:02:33Z,2026-08-05T14:02:33+0200,a602df8b-e77d-453c-80cb-eeacd1e89d3b,2026-07-28T05:45:00Z,2026-07-28T07:45:00+0200,125.56,EUR/MWh,FR,FR,imbalance_price,Long,2026-08-05T12:06:18Z
2026-08-05T12:02:33Z,2026-08-05T14:02:33+0200,a602df8b-e77d-453c-80cb-eeacd1e89d3b,2026-07-28T05:45:00Z,2026-07-28T07:45:00+0200,137.4,EUR/MWh,FR,FR,imbalance_price,Short,2026-08-05T12:06:18Z
2026-08-05T12:02:33Z,2026-08-05T14:02:33+0200,a602df8b-e77d-453c-80cb-eeacd1e89d3b,2026-07-28T06:00:00Z,2026-07-28T08:00:00+0200,48.68,EUR/MWh,FR,FR,imbalance_price,Long,2026-08-05T12:06:18Z
2026-08-05T12:02:33Z,2026-08-05T14:02:33+0200,a602df8b-e77d-453c-80cb-eeacd1e89d3b,2026-07-28T06:00:00Z,2026-07-28T08:00:00+0200,53.26,EUR/MWh,FR,FR,imbalance_price,Short,2026-08-05T12:06:18Z
2026-08-05T12:02:33Z,2026-08-05T14:02:33+0200,a602df8b-e77d-453c-80cb-eeacd1e89d3b,2026-07-28T06:15:00Z,2026-07-28T08:15:00+0200,58.01,EUR/MWh,FR,FR,imbalance_price,Long,2026-08-05T12:06:18Z
2026-08-05T12:02:33Z,2026-08-05T14:02:33+0200,a602df8b-e77d-453c-80cb-eeacd1e89d3b,2026-07-28T06:15:00Z,2026-07-28T08:15:00+0200,63.47,EUR/MWh,FR,FR,imbalance_price,Short,2026-08-05T12:06:18Z
2026-08-05T12:02:33Z,2026-08-05T14:02:33+0200,a602df8b-e77d-453c-80cb-eeacd1e89d3b,2026-07-28T06:30:00Z,2026-07-28T08:30:00+0200,78.42,EUR/MWh,FR,FR,imbalance_price,Long,2026-08-05T12:06:18Z
2026-08-05T12:02:33Z,2026-08-05T14:02:33+0200,a602df8b-e77d-453c-80cb-eeacd1e89d3b,2026-07-28T06:30:00Z,2026-07-28T08:30:00+0200,85.82,EUR/MWh,FR,FR,imbalance_price,Short,2026-08-05T12:06:18Z
2026-08-05T12:02:33Z,2026-08-05T14:02:33+0200,a602df8b-e77d-453c-80cb-eeacd1e89d3b,2026-07-28T06:45:00Z,2026-07-28T08:45:00+0200,70.54,EUR/MWh,FR,FR,imbalance_price,Long,2026-08-05T12:06:18Z
2026-08-05T12:02:33Z,2026-08-05T14:02:33+0200,a602df8b-e77d-453c-80cb-eeacd1e89d3b,2026-07-28T06:45:00Z,2026-07-28T08:45:00+0200,77.18,EUR/MWh,FR,FR,imbalance_price,Short,2026-08-05T12:06:18Z
2026-08-05T12:02:33Z,2026-08-05T14:02:33+0200,a602df8b-e77d-453c-80cb-eeacd1e89d3b,2026-07-28T07:00:00Z,2026-07-28T09:00:00+0200,156.93,EUR/MWh,FR,FR,imbalance_price,Long,2026-08-05T12:06:18Z
2026-08-05T12:02:33Z,2026-08-05T14:02:33+0200,a602df8b-e77d-453c-80cb-eeacd1e89d3b,2026-07-28T07:00:00Z,2026-07-28T09:00:00+0200,171.71,EUR/MWh,FR,FR,imbalance_price,Short,2026-08-05T12:06:18Z
2026-08-05T12:02:33Z,2026-08-05T14:02:33+0200,a602df8b-e77d-453c-80cb-eeacd1e89d3b,2026-07-28T07:15:00Z,2026-07-28T09:15:00+0200,-32.17,EUR/MWh,FR,FR,imbalance_price,Long,2026-08-05T12:06:18Z
2026-08-05T12:02:33Z,2026-08-05T14:02:33+0200,a602df8b-e77d-453c-80cb-eeacd1e89d3b,2026-07-28T07:15:00Z,2026-07-28T09:15:00+0200,-29.39,EUR/MWh,FR,FR,imbalance_price,Short,2026-08-05T12:06:18Z
2026-08-05T12:02:33Z,2026-08-05T14:02:33+0200,a602df8b-e77d-453c-80cb-eeacd1e89d3b,2026-07-28T07:30:00Z,2026-07-28T09:30:00+0200,-327.61,EUR/MWh,FR,FR,imbalance_price,Long,2026-08-05T12:06:18Z
2026-08-05T12:02:33Z,2026-08-05T14:02:33+0200,a602df8b-e77d-453c-80cb-eeacd1e89d3b,2026-07-28T07:30:00Z,2026-07-28T09:30:00+0200,-299.39,EUR/MWh,FR,FR,imbalance_price,Short,2026-08-05T12:06:18Z
2026-08-05T12:02:33Z,2026-08-05T14:02:33+0200,a602df8b-e77d-453c-80cb-eeacd1e89d3b,2026-07-28T07:45:00Z,2026-07-28T09:45:00+0200,-324.18,EUR/MWh,FR,FR,imbalance_price,Long,2026-08-05T12:06:18Z
2026-08-05T12:02:33Z,2026-08-05T14:02:33+0200,a602df8b-e77d-453c-80cb-eeacd1e89d3b,2026-07-28T07:45:00Z,2026-07-28T09:45:00+0200,-296.26,EUR/MWh,FR,FR,imbalance_price,Short,2026-08-05T12:06:18Z
2026-08-05T12:02:33Z,2026-08-05T14:02:33+0200,a602df8b-e77d-453c-80cb-eeacd1e89d3b,2026-07-28T08:00:00Z,2026-07-28T10:00:00+0200,-203.47,EUR/MWh,FR,FR,imbalance_price,Long,2026-08-05T12:06:18Z
2026-08-05T12:02:33Z,2026-08-05T14:02:33+0200,a602df8b-e77d-453c-80cb-eeacd1e89d3b,2026-07-28T08:00:00Z,2026-07-28T10:00:00+0200,-185.95,EUR/MWh,FR,FR,imbalance_price,Short,2026-08-05T12:06:18Z
2026-08-05T12:02:33Z,2026-08-05T14:02:33+0200,a602df8b-e77d-453c-80cb-eeacd1e89d3b,2026-07-28T08:15:00Z,2026-07-28T10:15:00+0200,-74.32,EUR/MWh,FR,FR,imbalance_price,Long,2026-08-05T12:06:18Z
2026-08-05T12:02:33Z,2026-08-05T14:02:33+0200,a602df8b-e77d-453c-80cb-eeacd1e89d3b,2026-07-28T08:15:00Z,2026-07-28T10:15:00+0200,-67.92,EUR/MWh,FR,FR,imbalance_price,Short,2026-08-05T12:06:18Z
2026-08-05T12:02:33Z,2026-08-05T14:02:33+0200,a602df8b-e77d-453c-80cb-eeacd1e89d3b,2026-07-28T08:30:00Z,2026-07-28T10:30:00+0200,-28.07,EUR/MWh,FR,FR,imbalance_price,Long,2026-08-05T12:06:18Z
2026-08-05T12:02:33Z,2026-08-05T14:02:33+0200,a602df8b-e77d-453c-80cb-eeacd1e89d3b,2026-07-28T08:30:00Z,2026-07-28T10:30:00+0200,-25.65,EUR/MWh,FR,FR,imbalance_price,Short,2026-08-05T12:06:18Z
2026-08-05T12:02:33Z,2026-08-05T14:02:33+0200,a602df8b-e77d-453c-80cb-eeacd1e89d3b,2026-07-28T08:45:00Z,2026-07-28T10:45:00+0200,-64.8,EUR/MWh,FR,FR,imbalance_price,Long,2026-08-05T12:06:18Z
2026-08-05T12:02:33Z,2026-08-05T14:02:33+0200,a602df8b-e77d-453c-80cb-eeacd1e89d3b,2026-07-28T08:45:00Z,2026-07-28T10:45:00+0200,-59.22,EUR/MWh,FR,FR,imbalance_price,Short,2026-08-05T12:06:18Z
2026-08-05T12:02:33Z,2026-08-05T14:02:33+0200,a602df8b-e77d-453c-80cb-eeacd1e89d3b,2026-07-28T09:00:00Z,2026-07-28T11:00:00+0200,-52.3,EUR/MWh,FR,FR,imbalance_price,Long,2026-08-05T12:06:18Z
2026-08-05T12:02:33Z,2026-08-05T14:02:33+0200,a602df8b-e77d-453c-80cb-eeacd1e89d3b,2026-07-28T09:00:00Z,2026-07-28T11:00:00+0200,-47.8,EUR/MWh,FR,FR,imbalance_price,Short,2026-08-05T12:06:18Z
2026-08-05T12:02:33Z,2026-08-05T14:02:33+0200,a602df8b-e77d-453c-80cb-eeacd1e89d3b,2026-07-28T09:15:00Z,2026-07-28T11:15:00+0200,-73.52,EUR/MWh,FR,FR,imbalance_price,Long,2026-08-05T12:06:18Z
2026-08-05T12:02:33Z,2026-08-05T14:02:33+0200,a602df8b-e77d-453c-80cb-eeacd1e89d3b,2026-07-28T09:15:00Z,2026-07-28T11:15:00+0200,-67.18,EUR/MWh,FR,FR,imbalance_price,Short,2026-08-05T12:06:18Z
2026-08-05T12:02:33Z,2026-08-05T14:02:33+0200,a602df8b-e77d-453c-80cb-eeacd1e89d3b,2026-07-28T09:30:00Z,2026-07-28T11:30:00+0200,-23.82,EUR/MWh,FR,FR,imbalance_price,Long,2026-08-05T12:06:18Z
2026-08-05T12:02:33Z,2026-08-05T14:02:33+0200,a602df8b-e77d-453c-80cb-eeacd1e89d3b,2026-07-28T09:30:00Z,2026-07-28T11:30:00+0200,-21.76,EUR/MWh,FR,FR,imbalance_price,Short,2026-08-05T12:06:18Z
2026-08-05T12:02:33Z,2026-08-05T14:02:33+0200,a602df8b-e77d-453c-80cb-eeacd1e89d3b,2026-07-28T09:45:00Z,2026-07-28T11:45:00+0200,47.62,EUR/MWh,FR,FR,imbalance_price,Long,2026-08-05T12:06:18Z
2026-08-05T12:02:33Z,2026-08-05T14:02:33+0200,a602df8b-e77d-453c-80cb-eeacd1e89d3b,2026-07-28T09:45:00Z,2026-07-28T11:45:00+0200,52.1,EUR/MWh,FR,FR,imbalance_price,Short,2026-08-05T12:06:18Z
2026-08-05T12:02:33Z,2026-08-05T14:02:33+0200,a602df8b-e77d-453c-80cb-eeacd1e89d3b,2026-07-28T10:00:00Z,2026-07-28T12:00:00+0200,-251.46,EUR/MWh,FR,FR,imbalance_price,Long,2026-08-05T12:06:18Z
2026-08-05T12:02:33Z,2026-08-05T14:02:33+0200,a602df8b-e77d-453c-80cb-eeacd1e89d3b,2026-07-28T10:00:00Z,2026-07-28T12:00:00+0200,-229.8,EUR/MWh,FR,FR,imbalance_price,Short,2026-08-05T12:06:18Z
2026-08-05T12:02:33Z,2026-08-05T14:02:33+0200,a602df8b-e77d-453c-80cb-eeacd1e89d3b,2026-07-28T10:15:00Z,2026-07-28T12:15:00+0200,-431.25,EUR/MWh,FR,FR,imbalance_price,Long,2026-08-05T12:06:18Z
2026-08-05T12:02:33Z,2026-08-05T14:02:33+0200,a602df8b-e77d-453c-80cb-eeacd1e89d3b,2026-07-28T10:15:00Z,2026-07-28T12:15:00+0200,-394.11,EUR/MWh,FR,FR,imbalance_price,Short,2026-08-05T12:06:18Z
2026-08-05T12:02:33Z,2026-08-05T14:02:33+0200,a602df8b-e77d-453c-80cb-eeacd1e89d3b,2026-07-28T10:30:00Z,2026-07-28T12:30:00+0200,-141.2,EUR/MWh,FR,FR,imbalance_price,Long,2026-08-05T12:06:18Z
2026-08-05T12:02:33Z,2026-08-05T14:02:33+0200,a602df8b-e77d-453c-80cb-eeacd1e89d3b,2026-07-28T10:30:00Z,2026-07-28T12:30:00+0200,-129.04,EUR/MWh,FR,FR,imbalance_price,Short,2026-08-05T12:06:18Z
2026-08-05T12:02:33Z,2026-08-05T14:02:33+0200,a602df8b-e77d-453c-80cb-eeacd1e89d3b,2026-07-28T10:45:00Z,2026-07-28T12:45:00+0200,33.71,EUR/MWh,FR,FR,imbalance_price,Long,2026-08-05T12:06:18Z
2026-08-05T12:02:33Z,2026-08-05T14:02:33+0200,a602df8b-e77d-453c-80cb-eeacd1e89d3b,2026-07-28T10:45:00Z,2026-07-28T12:45:00+0200,36.89,EUR/MWh,FR,FR,imbalance_price,Short,2026-08-05T12:06:18Z
2026-08-05T12:02:33Z,2026-08-05T14:02:33+0200,a602df8b-e77d-453c-80cb-eeacd1e89d3b,2026-07-28T11:00:00Z,2026-07-28T13:00:00+0200,18.23,EUR/MWh,FR,FR,imbalance_price,Long,2026-08-05T12:06:18Z
2026-08-05T12:02:33Z,2026-08-05T14:02:33+0200,a602df8b-e77d-453c-80cb-eeacd1e89d3b,2026-07-28T11:00:00Z,2026-07-28T13:00:00+0200,19.95,EUR/MWh,FR,FR,imbalance_price,Short,2026-08-05T12:06:18Z
2026-08-05T12:02:33Z,2026-08-05T14:02:33+0200,a602df8b-e77d-453c-80cb-eeacd1e89d3b,2026-07-28T11:15:00Z,2026-07-28T13:15:00+0200,-30.19,EUR/MWh,FR,FR,imbalance_price,Long,2026-08-05T12:06:18Z
2026-08-05T12:02:33Z,2026-08-05T14:02:33+0200,a602df8b-e77d-453c-80cb-eeacd1e89d3b,2026-07-28T11:15:00Z,2026-07-28T13:15:00+0200,-27.59,EUR/MWh,FR,FR,imbalance_price,Short,2026-08-05T12:06:18Z
2026-08-05T12:02:33Z,2026-08-05T14:02:33+0200,a602df8b-e77d-453c-80cb-eeacd1e89d3b,2026-07-28T11:30:00Z,2026-07-28T13:30:00+0200,-43.39,EUR/MWh,FR,FR,imbalance_price,Long,2026-08-05T12:06:18Z
2026-08-05T12:02:33Z,2026-08-05T14:02:33+0200,a602df8b-e77d-453c-80cb-eeacd1e89d3b,2026-07-28T11:30:00Z,2026-07-28T13:30:00+0200,-39.65,EUR/MWh,FR,FR,imbalance_price,Short,2026-08-05T12:06:18Z
2026-08-05T12:02:33Z,2026-08-05T14:02:33+0200,a602df8b-e77d-453c-80cb-eeacd1e89d3b,2026-07-28T11:45:00Z,2026-07-28T13:45:00+0200,-13.4,EUR/MWh,FR,FR,imbalance_price,Long,2026-08-05T12:06:18Z
2026-08-05T12:02:33Z,2026-08-05T14:02:33+0200,a602df8b-e77d-453c-80cb-eeacd1e89d3b,2026-07-28T11:45:00Z,2026-07-28T13:45:00+0200,-12.24,EUR/MWh,FR,FR,imbalance_price,Short,2026-08-05T12:06:18Z
2026-08-05T12:02:33Z,2026-08-05T14:02:33+0200,a602df8b-e77d-453c-80cb-eeacd1e89d3b,2026-07-28T12:00:00Z,2026-07-28T14:00:00+0200,89.57,EUR/MWh,FR,FR,imbalance_price,Long,2026-08-05T12:06:18Z
2026-08-05T12:02:33Z,2026-08-05T14:02:33+0200,a602df8b-e77d-453c-80cb-eeacd1e89d3b,2026-07-28T12:00:00Z,2026-07-28T14:00:00+0200,98.01,EUR/MWh,FR,FR,imbalance_price,Short,2026-08-05T12:06:18Z
2026-08-05T12:02:33Z,2026-08-05T14:02:33+0200,a602df8b-e77d-453c-80cb-eeacd1e89d3b,2026-07-28T12:15:00Z,2026-07-28T14:15:00+0200,-38.01,EUR/MWh,FR,FR,imbalance_price,Long,2026-08-05T12:06:18Z
2026-08-05T12:02:33Z,2026-08-05T14:02:33+0200,a602df8b-e77d-453c-80cb-eeacd1e89d3b,2026-07-28T12:15:00Z,2026-07-28T14:15:00+0200,-34.73,EUR/MWh,FR,FR,imbalance_price,Short,2026-08-05T12:06:18Z
2026-08-05T12:02:33Z,2026-08-05T14:02:33+0200,a602df8b-e77d-453c-80cb-eeacd1e89d3b,2026-07-28T12:30:00Z,2026-07-28T14:30:00+0200,-13.4,EUR/MWh,FR,FR,imbalance_price,Long,2026-08-05T12:06:18Z
2026-08-05T12:02:33Z,2026-08-05T14:02:33+0200,a602df8b-e77d-453c-80cb-eeacd1e89d3b,2026-07-28T12:30:00Z,2026-07-28T14:30:00+0200,-12.24,EUR/MWh,FR,FR,imbalance_price,Short,2026-08-05T12:06:18Z
2026-08-05T12:02:33Z,2026-08-05T14:02:33+0200,a602df8b-e77d-453c-80cb-eeacd1e89d3b,2026-07-28T12:45:00Z,2026-07-28T14:45:00+0200,-13.4,EUR/MWh,FR,FR,imbalance_price,Long,2026-08-05T12:06:18Z
2026-08-05T12:02:33Z,2026-08-05T14:02:33+0200,a602df8b-e77d-453c-80cb-eeacd1e89d3b,2026-07-28T12:45:00Z,2026-07-28T14:45:00+0200,-12.24,EUR/MWh,FR,FR,imbalance_price,Short,2026-08-05T12:06:18Z
2026-08-05T12:02:33Z,2026-08-05T14:02:33+0200,a602df8b-e77d-453c-80cb-eeacd1e89d3b,2026-07-28T13:00:00Z,2026-07-28T15:00:00+0200,36.23,EUR/MWh,FR,FR,imbalance_price,Long,2026-08-05T12:06:18Z
2026-08-05T12:02:33Z,2026-08-05T14:02:33+0200,a602df8b-e77d-453c-80cb-eeacd1e89d3b,2026-07-28T13:00:00Z,2026-07-28T15:00:00+0200,39.65,EUR/MWh,FR,FR,imbalance_price,Short,2026-08-05T12:06:18Z
2026-08-05T12:02:33Z,2026-08-05T14:02:33+0200,a602df8b-e77d-453c-80cb-eeacd1e89d3b,2026-07-28T13:15:00Z,2026-07-28T15:15:00+0200,74.51,EUR/MWh,FR,FR,imbalance_price,Long,2026-08-05T12:06:18Z
2026-08-05T12:02:33Z,2026-08-05T14:02:33+0200,a602df8b-e77d-453c-80cb-eeacd1e89d3b,2026-07-28T13:15:00Z,2026-07-28T15:15:00+0200,81.53,EUR/MWh,FR,FR,imbalance_price,Short,2026-08-05T12:06:18Z
2026-08-05T12:02:33Z,2026-08-05T14:02:33+0200,a602df8b-e77d-453c-80cb-eeacd1e89d3b,2026-07-28T13:30:00Z,2026-07-28T15:30:00+0200,-31.01,EUR/MWh,FR,FR,imbalance_price,Long,2026-08-05T12:06:18Z
2026-08-05T12:02:33Z,2026-08-05T14:02:33+0200,a602df8b-e77d-453c-80cb-eeacd1e89d3b,2026-07-28T13:30:00Z,2026-07-28T15:30:00+0200,-28.33,EUR/MWh,FR,FR,imbalance_price,Short,2026-08-05T12:06:18Z
2026-08-05T12:02:33Z,2026-08-05T14:02:33+0200,a602df8b-e77d-453c-80cb-eeacd1e89d3b,2026-07-28T13:45:00Z,2026-07-28T15:45:00+0200,-31.01,EUR/MWh,FR,FR,imbalance_price,Long,2026-08-05T12:06:18Z
2026-08-05T12:02:33Z,2026-08-05T14:02:33+0200,a602df8b-e77d-453c-80cb-eeacd1e89d3b,2026-07-28T13:45:00Z,2026-07-28T15:45:00+0200,-28.33,EUR/MWh,FR,FR,imbalance_price,Short,2026-08-05T12:06:18Z
2026-08-05T12:02:33Z,2026-08-05T14:02:33+0200,a602df8b-e77d-453c-80cb-eeacd1e89d3b,2026-07-28T14:00:00Z,2026-07-28T16:00:00+0200,-2.39,EUR/MWh,FR,FR,imbalance_price,Long,2026-08-05T12:06:18Z
2026-08-05T12:02:33Z,2026-08-05T14:02:33+0200,a602df8b-e77d-453c-80cb-eeacd1e89d3b,2026-07-28T14:00:00Z,2026-07-28T16:00:00+0200,-2.19,EUR/MWh,FR,FR,imbalance_price,Short,2026-08-05T12:06:18Z
2026-08-05T12:02:33Z,2026-08-05T14:02:33+0200,a602df8b-e77d-453c-80cb-eeacd1e89d3b,2026-07-28T14:15:00Z,2026-07-28T16:15:00+0200,27.0,EUR/MWh,FR,FR,imbalance_price,Long,2026-08-05T12:06:18Z
2026-08-05T12:02:33Z,2026-08-05T14:02:33+0200,a602df8b-e77d-453c-80cb-eeacd1e89d3b,2026-07-28T14:15:00Z,2026-07-28T16:15:00+0200,29.54,EUR/MWh,FR,FR,imbalance_price,Short,2026-08-05T12:06:18Z
2026-08-05T12:02:33Z,2026-08-05T14:02:33+0200,a602df8b-e77d-453c-80cb-eeacd1e89d3b,2026-07-28T14:30:00Z,2026-07-28T16:30:00+0200,23.5,EUR/MWh,FR,FR,imbalance_price,Long,2026-08-05T12:06:18Z
2026-08-05T12:02:33Z,2026-08-05T14:02:33+0200,a602df8b-e77d-453c-80cb-eeacd1e89d3b,2026-07-28T14:30:00Z,2026-07-28T16:30:00+0200,25.72,EUR/MWh,FR,FR,imbalance_price,Short,2026-08-05T12:06:18Z
2026-08-05T12:02:33Z,2026-08-05T14:02:33+0200,a602df8b-e77d-453c-80cb-eeacd1e89d3b,2026-07-28T14:45:00Z,2026-07-28T16:45:00+0200,77.16,EUR/MWh,FR,FR,imbalance_price,Long,2026-08-05T12:06:18Z
2026-08-05T12:02:33Z,2026-08-05T14:02:33+0200,a602df8b-e77d-453c-80cb-eeacd1e89d3b,2026-07-28T14:45:00Z,2026-07-28T16:45:00+0200,84.44,EUR/MWh,FR,FR,imbalance_price,Short,2026-08-05T12:06:18Z
2026-08-05T12:02:33Z,2026-08-05T14:02:33+0200,a602df8b-e77d-453c-80cb-eeacd1e89d3b,2026-07-28T15:00:00Z,2026-07-28T17:00:00+0200,13.63,EUR/MWh,FR,FR,imbalance_price,Long,2026-08-05T12:06:18Z
2026-08-05T12:02:33Z,2026-08-05T14:02:33+0200,a602df8b-e77d-453c-80cb-eeacd1e89d3b,2026-07-28T15:00:00Z,2026-07-28T17:00:00+0200,14.91,EUR/MWh,FR,FR,imbalance_price,Short,2026-08-05T12:06:18Z
2026-08-05T12:02:33Z,2026-08-05T14:02:33+0200,a602df8b-e77d-453c-80cb-eeacd1e89d3b,2026-07-28T15:15:00Z,2026-07-28T17:15:00+0200,64.78,EUR/MWh,FR,FR,imbalance_price,Long,2026-08-05T12:06:18Z
2026-08-05T12:02:33Z,2026-08-05T14:02:33+0200,a602df8b-e77d-453c-80cb-eeacd1e89d3b,2026-07-28T15:15:00Z,2026-07-28T17:15:00+0200,70.88,EUR/MWh,FR,FR,imbalance_price,Short,2026-08-05T12:06:18Z
2026-08-05T12:02:33Z,2026-08-05T14:02:33+0200,a602df8b-e77d-453c-80cb-eeacd1e89d3b,2026-07-28T15:30:00Z,2026-07-28T17:30:00+0200,28.27,EUR/MWh,FR,FR,imbalance_price,Long,2026-08-05T12:06:18Z
2026-08-05T12:02:33Z,2026-08-05T14:02:33+0200,a602df8b-e77d-453c-80cb-eeacd1e89d3b,2026-07-28T15:30:00Z,2026-07-28T17:30:00+0200,30.93,EUR/MWh,FR,FR,imbalance_price,Short,2026-08-05T12:06:18Z
2026-08-05T12:02:33Z,2026-08-05T14:02:33+0200,a602df8b-e77d-453c-80cb-eeacd1e89d3b,2026-07-28T15:45:00Z,2026-07-28T17:45:00+0200,230.82,EUR/MWh,FR,FR,imbalance_price,Long,2026-08-05T12:06:18Z
2026-08-05T12:02:33Z,2026-08-05T14:02:33+0200,a602df8b-e77d-453c-80cb-eeacd1e89d3b,2026-07-28T15:45:00Z,2026-07-28T17:45:00+0200,252.58,EUR/MWh,FR,FR,imbalance_price,Short,2026-08-05T12:06:18Z
2026-08-05T12:02:33Z,2026-08-05T14:02:33+0200,a602df8b-e77d-453c-80cb-eeacd1e89d3b,2026-07-28T16:00:00Z,2026-07-28T18:00:00+0200,103.36,EUR/MWh,FR,FR,imbalance_price,Long,2026-08-05T12:06:18Z
2026-08-05T12:02:33Z,2026-08-05T14:02:33+0200,a602df8b-e77d-453c-80cb-eeacd1e89d3b,2026-07-28T16:00:00Z,2026-07-28T18:00:00+0200,113.1,EUR/MWh,FR,FR,imbalance_price,Short,2026-08-05T12:06:18Z
2026-08-05T12:02:33Z,2026-08-05T14:02:33+0200,a602df8b-e77d-453c-80cb-eeacd1e89d3b,2026-07-28T16:15:00Z,2026-07-28T18:15:00+0200,175.01,EUR/MWh,FR,FR,imbalance_price,Long,2026-08-05T12:06:18Z
2026-08-05T12:02:33Z,2026-08-05T14:02:33+0200,a602df8b-e77d-453c-80cb-eeacd1e89d3b,2026-07-28T16:15:00Z,2026-07-28T18:15:00+0200,191.51,EUR/MWh,FR,FR,imbalance_price,Short,2026-08-05T12:06:18Z
2026-08-05T12:02:33Z,2026-08-05T14:02:33+0200,a602df8b-e77d-453c-80cb-eeacd1e89d3b,2026-07-28T16:30:00Z,2026-07-28T18:30:00+0200,217.03,EUR/MWh,FR,FR,imbalance_price,Long,2026-08-05T12:06:18Z
2026-08-05T12:02:33Z,2026-08-05T14:02:33+0200,a602df8b-e77d-453c-80cb-eeacd1e89d3b,2026-07-28T16:30:00Z,2026-07-28T18:30:00+0200,237.49,EUR/MWh,FR,FR,imbalance_price,Short,2026-08-05T12:06:18Z
2026-08-05T12:02:33Z,2026-08-05T14:02:33+0200,a602df8b-e77d-453c-80cb-eeacd1e89d3b,2026-07-28T16:45:00Z,2026-07-28T18:45:00+0200,161.66,EUR/MWh,FR,FR,imbalance_price,Long,2026-08-05T12:06:18Z
2026-08-05T12:02:33Z,2026-08-05T14:02:33+0200,a602df8b-e77d-453c-80cb-eeacd1e89d3b,2026-07-28T16:45:00Z,2026-07-28T18:45:00+0200,176.9,EUR/MWh,FR,FR,imbalance_price,Short,2026-08-05T12:06:18Z
2026-08-05T12:02:33Z,2026-08-05T14:02:33+0200,a602df8b-e77d-453c-80cb-eeacd1e89d3b,2026-07-28T17:00:00Z,2026-07-28T19:00:00+0200,161.71,EUR/MWh,FR,FR,imbalance_price,Long,2026-08-05T12:06:18Z
2026-08-05T12:02:33Z,2026-08-05T14:02:33+0200,a602df8b-e77d-453c-80cb-eeacd1e89d3b,2026-07-28T17:00:00Z,2026-07-28T19:00:00+0200,176.95,EUR/MWh,FR,FR,imbalance_price,Short,2026-08-05T12:06:18Z
2026-08-05T12:02:33Z,2026-08-05T14:02:33+0200,a602df8b-e77d-453c-80cb-eeacd1e89d3b,2026-07-28T17:15:00Z,2026-07-28T19:15:00+0200,125.23,EUR/MWh,FR,FR,imbalance_price,Long,2026-08-05T12:06:18Z
2026-08-05T12:02:33Z,2026-08-05T14:02:33+0200,a602df8b-e77d-453c-80cb-eeacd1e89d3b,2026-07-28T17:15:00Z,2026-07-28T19:15:00+0200,137.03,EUR/MWh,FR,FR,imbalance_price,Short,2026-08-05T12:06:18Z
2026-08-05T12:02:33Z,2026-08-05T14:02:33+0200,a602df8b-e77d-453c-80cb-eeacd1e89d3b,2026-07-28T17:30:00Z,2026-07-28T19:30:00+0200,196.78,EUR/MWh,FR,FR,imbalance_price,Long,2026-08-05T12:06:18Z
2026-08-05T12:02:33Z,2026-08-05T14:02:33+0200,a602df8b-e77d-453c-80cb-eeacd1e89d3b,2026-07-28T17:30:00Z,2026-07-28T19:30:00+0200,215.32,EUR/MWh,FR,FR,imbalance_price,Short,2026-08-05T12:06:18Z
2026-08-05T12:02:33Z,2026-08-05T14:02:33+0200,a602df8b-e77d-453c-80cb-eeacd1e89d3b,2026-07-28T17:45:00Z,2026-07-28T19:45:00+0200,168.1,EUR/MWh,FR,FR,imbalance_price,Long,2026-08-05T12:06:18Z
2026-08-05T12:02:33Z,2026-08-05T14:02:33+0200,a602df8b-e77d-453c-80cb-eeacd1e89d3b,2026-07-28T17:45:00Z,2026-07-28T19:45:00+0200,183.94,EUR/MWh,FR,FR,imbalance_price,Short,2026-08-05T12:06:18Z
2026-08-05T12:02:33Z,2026-08-05T14:02:33+0200,a602df8b-e77d-453c-80cb-eeacd1e89d3b,2026-07-28T18:00:00Z,2026-07-28T20:00:00+0200,127.71,EUR/MWh,FR,FR,imbalance_price,Long,2026-08-05T12:06:18Z
2026-08-05T12:02:33Z,2026-08-05T14:02:33+0200,a602df8b-e77d-453c-80cb-eeacd1e89d3b,2026-07-28T18:00:00Z,2026-07-28T20:00:00+0200,139.75,EUR/MWh,FR,FR,imbalance_price,Short,2026-08-05T12:06:18Z
2026-08-05T12:02:33Z,2026-08-05T14:02:33+0200,a602df8b-e77d-453c-80cb-eeacd1e89d3b,2026-07-28T18:15:00Z,2026-07-28T20:15:00+0200,216.92,EUR/MWh,FR,FR,imbalance_price,Long,2026-08-05T12:06:18Z
2026-08-05T12:02:33Z,2026-08-05T14:02:33+0200,a602df8b-e77d-453c-80cb-eeacd1e89d3b,2026-07-28T18:15:00Z,2026-07-28T20:15:00+0200,237.36,EUR/MWh,FR,FR,imbalance_price,Short,2026-08-05T12:06:18Z
2026-08-05T12:02:33Z,2026-08-05T14:02:33+0200,a602df8b-e77d-453c-80cb-eeacd1e89d3b,2026-07-28T18:30:00Z,2026-07-28T20:30:00+0200,130.49,EUR/MWh,FR,FR,imbalance_price,Long,2026-08-05T12:06:18Z
2026-08-05T12:02:33Z,2026-08-05T14:02:33+0200,a602df8b-e77d-453c-80cb-eeacd1e89d3b,2026-07-28T18:30:00Z,2026-07-28T20:30:00+0200,142.79,EUR/MWh,FR,FR,imbalance_price,Short,2026-08-05T12:06:18Z
2026-08-05T12:02:33Z,2026-08-05T14:02:33+0200,a602df8b-e77d-453c-80cb-eeacd1e89d3b,2026-07-28T18:45:00Z,2026-07-28T20:45:00+0200,133.97,EUR/MWh,FR,FR,imbalance_price,Long,2026-08-05T12:06:18Z
2026-08-05T12:02:33Z,2026-08-05T14:02:33+0200,a602df8b-e77d-453c-80cb-eeacd1e89d3b,2026-07-28T18:45:00Z,2026-07-28T20:45:00+0200,146.59,EUR/MWh,FR,FR,imbalance_price,Short,2026-08-05T12:06:18Z
2026-08-05T12:02:33Z,2026-08-05T14:02:33+0200,a602df8b-e77d-453c-80cb-eeacd1e89d3b,2026-07-28T19:00:00Z,2026-07-28T21:00:00+0200,169.13,EUR/MWh,FR,FR,imbalance_price,Long,2026-08-05T12:06:18Z
2026-08-05T12:02:33Z,2026-08-05T14:02:33+0200,a602df8b-e77d-453c-80cb-eeacd1e89d3b,2026-07-28T19:00:00Z,2026-07-28T21:00:00+0200,185.07,EUR/MWh,FR,FR,imbalance_price,Short,2026-08-05T12:06:18Z
2026-08-05T12:02:33Z,2026-08-05T14:02:33+0200,a602df8b-e77d-453c-80cb-eeacd1e89d3b,2026-07-28T19:15:00Z,2026-07-28T21:15:00+0200,153.55,EUR/MWh,FR,FR,imbalance_price,Long,2026-08-05T12:06:18Z
2026-08-05T12:02:33Z,2026-08-05T14:02:33+0200,a602df8b-e77d-453c-80cb-eeacd1e89d3b,2026-07-28T19:15:00Z,2026-07-28T21:15:00+0200,168.03,EUR/MWh,FR,FR,imbalance_price,Short,2026-08-05T12:06:18Z
2026-08-05T12:02:33Z,2026-08-05T14:02:33+0200,a602df8b-e77d-453c-80cb-eeacd1e89d3b,2026-07-28T19:30:00Z,2026-07-28T21:30:00+0200,192.95,EUR/MWh,FR,FR,imbalance_price,Long,2026-08-05T12:06:18Z
2026-08-05T12:02:33Z,2026-08-05T14:02:33+0200,a602df8b-e77d-453c-80cb-eeacd1e89d3b,2026-07-28T19:30:00Z,2026-07-28T21:30:00+0200,211.13,EUR/MWh,FR,FR,imbalance_price,Short,2026-08-05T12:06:18Z
2026-08-05T12:02:33Z,2026-08-05T14:02:33+0200,a602df8b-e77d-453c-80cb-eeacd1e89d3b,2026-07-28T19:45:00Z,2026-07-28T21:45:00+0200,208.18,EUR/MWh,FR,FR,imbalance_price,Long,2026-08-05T12:06:18Z
2026-08-05T12:02:33Z,2026-08-05T14:02:33+0200,a602df8b-e77d-453c-80cb-eeacd1e89d3b,2026-07-28T19:45:00Z,2026-07-28T21:45:00+0200,227.8,EUR/MWh,FR,FR,imbalance_price,Short,2026-08-05T12:06:18Z
2026-08-05T12:02:33Z,2026-08-05T14:02:33+0200,a602df8b-e77d-453c-80cb-eeacd1e89d3b,2026-07-28T20:00:00Z,2026-07-28T22:00:00+0200,213.5,EUR/MWh,FR,FR,imbalance_price,Long,2026-08-05T12:06:18Z
2026-08-05T12:02:33Z,2026-08-05T14:02:33+0200,a602df8b-e77d-453c-80cb-eeacd1e89d3b,2026-07-28T20:00:00Z,2026-07-28T22:00:00+0200,233.62,EUR/MWh,FR,FR,imbalance_price,Short,2026-08-05T12:06:18Z
2026-08-05T12:02:33Z,2026-08-05T14:02:33+0200,a602df8b-e77d-453c-80cb-eeacd1e89d3b,2026-07-28T20:15:00Z,2026-07-28T22:15:00+0200,208.85,EUR/MWh,FR,FR,imbalance_price,Long,2026-08-05T12:06:18Z
2026-08-05T12:02:33Z,2026-08-05T14:02:33+0200,a602df8b-e77d-453c-80cb-eeacd1e89d3b,2026-07-28T20:15:00Z,2026-07-28T22:15:00+0200,228.53,EUR/MWh,FR,FR,imbalance_price,Short,2026-08-05T12:06:18Z
2026-08-05T12:02:33Z,2026-08-05T14:02:33+0200,a602df8b-e77d-453c-80cb-eeacd1e89d3b,2026-07-28T20:30:00Z,2026-07-28T22:30:00+0200,214.61,EUR/MWh,FR,FR,imbalance_price,Long,2026-08-05T12:06:18Z
2026-08-05T12:02:33Z,2026-08-05T14:02:33+0200,a602df8b-e77d-453c-80cb-eeacd1e89d3b,2026-07-28T20:30:00Z,2026-07-28T22:30:00+0200,234.83,EUR/MWh,FR,FR,imbalance_price,Short,2026-08-05T12:06:18Z
2026-08-05T12:02:33Z,2026-08-05T14:02:33+0200,a602df8b-e77d-453c-80cb-eeacd1e89d3b,2026-07-28T20:45:00Z,2026-07-28T22:45:00+0200,173.93,EUR/MWh,FR,FR,imbalance_price,Long,2026-08-05T12:06:18Z
2026-08-05T12:02:33Z,2026-08-05T14:02:33+0200,a602df8b-e77d-453c-80cb-eeacd1e89d3b,2026-07-28T20:45:00Z,2026-07-28T22:45:00+0200,190.33,EUR/MWh,FR,FR,imbalance_price,Short,2026-08-05T12:06:18Z
2026-08-05T12:02:33Z,2026-08-05T14:02:33+0200,a602df8b-e77d-453c-80cb-eeacd1e89d3b,2026-07-28T21:00:00Z,2026-07-28T23:00:00+0200,164.88,EUR/MWh,FR,FR,imbalance_price,Long,2026-08-05T12:06:18Z
2026-08-05T12:02:33Z,2026-08-05T14:02:33+0200,a602df8b-e77d-453c-80cb-eeacd1e89d3b,2026-07-28T21:00:00Z,2026-07-28T23:00:00+0200,180.42,EUR/MWh,FR,FR,imbalance_price,Short,2026-08-05T12:06:18Z
2026-08-05T12:02:33Z,2026-08-05T14:02:33+0200,a602df8b-e77d-453c-80cb-eeacd1e89d3b,2026-07-28T21:15:00Z,2026-07-28T23:15:00+0200,175.19,EUR/MWh,FR,FR,imbalance_price,Long,2026-08-05T12:06:18Z
2026-08-05T12:02:33Z,2026-08-05T14:02:33+0200,a602df8b-e77d-453c-80cb-eeacd1e89d3b,2026-07-28T21:15:00Z,2026-07-28T23:15:00+0200,191.69,EUR/MWh,FR,FR,imbalance_price,Short,2026-08-05T12:06:18Z
2026-08-05T12:02:33Z,2026-08-05T14:02:33+0200,a602df8b-e77d-453c-80cb-eeacd1e89d3b,2026-07-28T21:30:00Z,2026-07-28T23:30:00+0200,172.43,EUR/MWh,FR,FR,imbalance_price,Long,2026-08-05T12:06:18Z
2026-08-05T12:02:33Z,2026-08-05T14:02:33+0200,a602df8b-e77d-453c-80cb-eeacd1e89d3b,2026-07-28T21:30:00Z,2026-07-28T23:30:00+0200,188.69,EUR/MWh,FR,FR,imbalance_price,Short,2026-08-05T12:06:18Z
2026-08-05T12:02:33Z,2026-08-05T14:02:33+0200,a602df8b-e77d-453c-80cb-eeacd1e89d3b,2026-07-28T21:45:00Z,2026-07-28T23:45:00+0200,134.42,EUR/MWh,FR,FR,imbalance_price,Long,2026-08-05T12:06:18Z
2026-08-05T12:02:33Z,2026-08-05T14:02:33+0200,a602df8b-e77d-453c-80cb-eeacd1e89d3b,2026-07-28T21:45:00Z,2026-07-28T23:45:00+0200,147.08,EUR/MWh,FR,FR,imbalance_price,Short,2026-08-05T12:06:18Z
2026-08-05T12:02:33Z,2026-08-05T14:02:33+0200,a602df8b-e77d-453c-80cb-eeacd1e89d3b,2026-07-28T22:00:00Z,2026-07-29T00:00:00+0200,177.82,EUR/MWh,FR,FR,imbalance_price,Long,2026-08-05T12:06:18Z
2026-08-05T12:02:33Z,2026-08-05T14:02:33+0200,a602df8b-e77d-453c-80cb-eeacd1e89d3b,2026-07-28T22:00:00Z,2026-07-29T00:00:00+0200,194.58,EUR/MWh,FR,FR,imbalance_price,Short,2026-08-05T12:06:18Z
2026-08-05T12:02:33Z,2026-08-05T14:02:33+0200,a602df8b-e77d-453c-80cb-eeacd1e89d3b,2026-07-28T22:15:00Z,2026-07-29T00:15:00+0200,190.03,EUR/MWh,FR,FR,imbalance_price,Long,2026-08-05T12:06:18Z
2026-08-05T12:02:33Z,2026-08-05T14:02:33+0200,a602df8b-e77d-453c-80cb-eeacd1e89d3b,2026-07-28T22:15:00Z,2026-07-29T00:15:00+0200,207.93,EUR/MWh,FR,FR,imbalance_price,Short,2026-08-05T12:06:18Z
2026-08-05T12:02:33Z,2026-08-05T14:02:33+0200,a602df8b-e77d-453c-80cb-eeacd1e89d3b,2026-07-28T22:30:00Z,2026-07-29T00:30:00+0200,176.79,EUR/MWh,FR,FR,imbalance_price,Long,2026-08-05T12:06:18Z
2026-08-05T12:02:33Z,2026-08-05T14:02:33+0200,a602df8b-e77d-453c-80cb-eeacd1e89d3b,2026-07-28T22:30:00Z,2026-07-29T00:30:00+0200,193.45,EUR/MWh,FR,FR,imbalance_price,Short,2026-08-05T12:06:18Z
2026-08-05T12:02:33Z,2026-08-05T14:02:33+0200,a602df8b-e77d-453c-80cb-eeacd1e89d3b,2026-07-28T22:45:00Z,2026-07-29T00:45:00+0200,187.66,EUR/MWh,FR,FR,imbalance_price,Long,2026-08-05T12:06:18Z
2026-08-05T12:02:33Z,2026-08-05T14:02:33+0200,a602df8b-e77d-453c-80cb-eeacd1e89d3b,2026-07-28T22:45:00Z,2026-07-29T00:45:00+0200,205.34,EUR/MWh,FR,FR,imbalance_price,Short,2026-08-05T12:06:18Z
2026-08-05T12:02:33Z,2026-08-05T14:02:33+0200,a602df8b-e77d-453c-80cb-eeacd1e89d3b,2026-07-28T23:00:00Z,2026-07-29T01:00:00+0200,187.66,EUR/MWh,FR,FR,imbalance_price,Long,2026-08-05T12:06:18Z
2026-08-05T12:02:33Z,2026-08-05T14:02:33+0200,a602df8b-e77d-453c-80cb-eeacd1e89d3b,2026-07-28T23:00:00Z,2026-07-29T01:00:00+0200,205.34,EUR/MWh,FR,FR,imbalance_price,Short,2026-08-05T12:06:18Z
2026-08-05T12:02:33Z,2026-08-05T14:02:33+0200,a602df8b-e77d-453c-80cb-eeacd1e89d3b,2026-07-28T23:15:00Z,2026-07-29T01:15:00+0200,187.66,EUR/MWh,FR,FR,imbalance_price,Long,2026-08-05T12:06:18Z
2026-08-05T12:02:33Z,2026-08-05T14:02:33+0200,a602df8b-e77d-453c-80cb-eeacd1e89d3b,2026-07-28T23:15:00Z,2026-07-29T01:15:00+0200,205.34,EUR/MWh,FR,FR,imbalance_price,Short,2026-08-05T12:06:18Z
2026-08-05T12:02:33Z,2026-08-05T14:02:33+0200,a602df8b-e77d-453c-80cb-eeacd1e89d3b,2026-07-28T23:30:00Z,2026-07-29T01:30:00+0200,187.66,EUR/MWh,FR,FR,imbalance_price,Long,2026-08-05T12:06:18Z
2026-08-05T12:02:33Z,2026-08-05T14:02:33+0200,a602df8b-e77d-453c-80cb-eeacd1e89d3b,2026-07-28T23:30:00Z,2026-07-29T01:30:00+0200,205.34,EUR/MWh,FR,FR,imbalance_price,Short,2026-08-05T12:06:18Z
2026-08-05T12:02:33Z,2026-08-05T14:02:33+0200,a602df8b-e77d-453c-80cb-eeacd1e89d3b,2026-07-28T23:45:00Z,2026-07-29T01:45:00+0200,121.15,EUR/MWh,FR,FR,imbalance_price,Long,2026-08-05T12:06:18Z
2026-08-05T12:02:33Z,2026-08-05T14:02:33+0200,a602df8b-e77d-453c-80cb-eeacd1e89d3b,2026-07-28T23:45:00Z,2026-07-29T01:45:00+0200,132.57,EUR/MWh,FR,FR,imbalance_price,Short,2026-08-05T12:06:18Z
2026-08-05T12:02:33Z,2026-08-05T14:02:33+0200,a602df8b-e77d-453c-80cb-eeacd1e89d3b,2026-07-29T00:00:00Z,2026-07-29T02:00:00+0200,176.97,EUR/MWh,FR,FR,imbalance_price,Long,2026-08-05T12:06:18Z
2026-08-05T12:02:33Z,2026-08-05T14:02:33+0200,a602df8b-e77d-453c-80cb-eeacd1e89d3b,2026-07-29T00:00:00Z,2026-07-29T02:00:00+0200,193.65,EUR/MWh,FR,FR,imbalance_price,Short,2026-08-05T12:06:18Z
2026-08-05T12:02:33Z,2026-08-05T14:02:33+0200,a602df8b-e77d-453c-80cb-eeacd1e89d3b,2026-07-29T00:15:00Z,2026-07-29T02:15:00+0200,177.0,EUR/MWh,FR,FR,imbalance_price,Long,2026-08-05T12:06:18Z
2026-08-05T12:02:33Z,2026-08-05T14:02:33+0200,a602df8b-e77d-453c-80cb-eeacd1e89d3b,2026-07-29T00:15:00Z,2026-07-29T02:15:00+0200,193.68,EUR/MWh,FR,FR,imbalance_price,Short,2026-08-05T12:06:18Z
2026-08-05T12:02:33Z,2026-08-05T14:02:33+0200,a602df8b-e77d-453c-80cb-eeacd1e89d3b,2026-07-29T00:30:00Z,2026-07-29T02:30:00+0200,177.0,EUR/MWh,FR,FR,imbalance_price,Long,2026-08-05T12:06:18Z
2026-08-05T12:02:33Z,2026-08-05T14:02:33+0200,a602df8b-e77d-453c-80cb-eeacd1e89d3b,2026-07-29T00:30:00Z,2026-07-29T02:30:00+0200,193.68,EUR/MWh,FR,FR,imbalance_price,Short,2026-08-05T12:06:18Z
2026-08-05T12:02:33Z,2026-08-05T14:02:33+0200,a602df8b-e77d-453c-80cb-eeacd1e89d3b,2026-07-29T00:45:00Z,2026-07-29T02:45:00+0200,177.0,EUR/MWh,FR,FR,imbalance_price,Long,2026-08-05T12:06:18Z
2026-08-05T12:02:33Z,2026-08-05T14:02:33+0200,a602df8b-e77d-453c-80cb-eeacd1e89d3b,2026-07-29T00:45:00Z,2026-07-29T02:45:00+0200,193.68,EUR/MWh,FR,FR,imbalance_price,Short,2026-08-05T12:06:18Z
2026-08-05T12:02:33Z,2026-08-05T14:02:33+0200,a602df8b-e77d-453c-80cb-eeacd1e89d3b,2026-07-29T01:00:00Z,2026-07-29T03:00:00+0200,120.22,EUR/MWh,FR,FR,imbalance_price,Long,2026-08-05T12:06:18Z
2026-08-05T12:02:33Z,2026-08-05T14:02:33+0200,a602df8b-e77d-453c-80cb-eeacd1e89d3b,2026-07-29T01:00:00Z,2026-07-29T03:00:00+0200,131.54,EUR/MWh,FR,FR,imbalance_price,Short,2026-08-05T12:06:18Z
2026-08-05T12:02:33Z,2026-08-05T14:02:33+0200,a602df8b-e77d-453c-80cb-eeacd1e89d3b,2026-07-29T01:15:00Z,2026-07-29T03:15:00+0200,75.77,EUR/MWh,FR,FR,imbalance_price,Long,2026-08-05T12:06:18Z
2026-08-05T12:02:33Z,2026-08-05T14:02:33+0200,a602df8b-e77d-453c-80cb-eeacd1e89d3b,2026-07-29T01:15:00Z,2026-07-29T03:15:00+0200,82.91,EUR/MWh,FR,FR,imbalance_price,Short,2026-08-05T12:06:18Z
2026-08-05T12:02:33Z,2026-08-05T14:02:33+0200,a602df8b-e77d-453c-80cb-eeacd1e89d3b,2026-07-29T01:30:00Z,2026-07-29T03:30:00+0200,28.57,EUR/MWh,FR,FR,imbalance_price,Long,2026-08-05T12:06:18Z
2026-08-05T12:02:33Z,2026-08-05T14:02:33+0200,a602df8b-e77d-453c-80cb-eeacd1e89d3b,2026-07-29T01:30:00Z,2026-07-29T03:30:00+0200,31.27,EUR/MWh,FR,FR,imbalance_price,Short,2026-08-05T12:06:18Z
2026-08-05T12:02:33Z,2026-08-05T14:02:33+0200,a602df8b-e77d-453c-80cb-eeacd1e89d3b,2026-07-29T01:45:00Z,2026-07-29T03:45:00+0200,115.03,EUR/MWh,FR,FR,imbalance_price,Long,2026-08-05T12:06:18Z
2026-08-05T12:02:33Z,2026-08-05T14:02:33+0200,a602df8b-e77d-453c-80cb-eeacd1e89d3b,2026-07-29T01:45:00Z,2026-07-29T03:45:00+0200,125.87,EUR/MWh,FR,FR,imbalance_price,Short,2026-08-05T12:06:18Z
2026-08-05T12:02:33Z,2026-08-05T14:02:33+0200,a602df8b-e77d-453c-80cb-eeacd1e89d3b,2026-07-29T02:00:00Z,2026-07-29T04:00:00+0200,78.15,EUR/MWh,FR,FR,imbalance_price,Long,2026-08-05T12:06:18Z
2026-08-05T12:02:33Z,2026-08-05T14:02:33+0200,a602df8b-e77d-453c-80cb-eeacd1e89d3b,2026-07-29T02:00:00Z,2026-07-29T04:00:00+0200,85.51,EUR/MWh,FR,FR,imbalance_price,Short,2026-08-05T12:06:18Z
2026-08-05T12:02:33Z,2026-08-05T14:02:33+0200,a602df8b-e77d-453c-80cb-eeacd1e89d3b,2026-07-29T02:15:00Z,2026-07-29T04:15:00+0200,36.88,EUR/MWh,FR,FR,imbalance_price,Long,2026-08-05T12:06:18Z
2026-08-05T12:02:33Z,2026-08-05T14:02:33+0200,a602df8b-e77d-453c-80cb-eeacd1e89d3b,2026-07-29T02:15:00Z,2026-07-29T04:15:00+0200,40.36,EUR/MWh,FR,FR,imbalance_price,Short,2026-08-05T12:06:18Z
2026-08-05T12:02:33Z,2026-08-05T14:02:33+0200,a602df8b-e77d-453c-80cb-eeacd1e89d3b,2026-07-29T02:30:00Z,2026-07-29T04:30:00+0200,138.38,EUR/MWh,FR,FR,imbalance_price,Long,2026-08-05T12:06:18Z
2026-08-05T12:02:33Z,2026-08-05T14:02:33+0200,a602df8b-e77d-453c-80cb-eeacd1e89d3b,2026-07-29T02:30:00Z,2026-07-29T04:30:00+0200,151.42,EUR/MWh,FR,FR,imbalance_price,Short,2026-08-05T12:06:18Z
2026-08-05T12:02:33Z,2026-08-05T14:02:33+0200,a602df8b-e77d-453c-80cb-eeacd1e89d3b,2026-07-29T02:45:00Z,2026-07-29T04:45:00+0200,103.09,EUR/MWh,FR,FR,imbalance_price,Long,2026-08-05T12:06:18Z
2026-08-05T12:02:33Z,2026-08-05T14:02:33+0200,a602df8b-e77d-453c-80cb-eeacd1e89d3b,2026-07-29T02:45:00Z,2026-07-29T04:45:00+0200,112.81,EUR/MWh,FR,FR,imbalance_price,Short,2026-08-05T12:06:18Z
2026-08-05T12:02:33Z,2026-08-05T14:02:33+0200,a602df8b-e77d-453c-80cb-eeacd1e89d3b,2026-07-29T03:00:00Z,2026-07-29T05:00:00+0200,166.73,EUR/MWh,FR,FR,imbalance_price,Long,2026-08-05T12:06:18Z
2026-08-05T12:02:33Z,2026-08-05T14:02:33+0200,a602df8b-e77d-453c-80cb-eeacd1e89d3b,2026-07-29T03:00:00Z,2026-07-29T05:00:00+0200,182.45,EUR/MWh,FR,FR,imbalance_price,Short,2026-08-05T12:06:18Z
2026-08-05T12:02:33Z,2026-08-05T14:02:33+0200,a602df8b-e77d-453c-80cb-eeacd1e89d3b,2026-07-29T03:15:00Z,2026-07-29T05:15:00+0200,132.27,EUR/MWh,FR,FR,imbalance_price,Long,2026-08-05T12:06:18Z
2026-08-05T12:02:33Z,2026-08-05T14:02:33+0200,a602df8b-e77d-453c-80cb-eeacd1e89d3b,2026-07-29T03:15:00Z,2026-07-29T05:15:00+0200,144.73,EUR/MWh,FR,FR,imbalance_price,Short,2026-08-05T12:06:18Z
2026-08-05T12:02:33Z,2026-08-05T14:02:33+0200,a602df8b-e77d-453c-80cb-eeacd1e89d3b,2026-07-29T03:30:00Z,2026-07-29T05:30:00+0200,38.2,EUR/MWh,FR,FR,imbalance_price,Long,2026-08-05T12:06:18Z
2026-08-05T12:02:33Z,2026-08-05T14:02:33+0200,a602df8b-e77d-453c-80cb-eeacd1e89d3b,2026-07-29T03:30:00Z,2026-07-29T05:30:00+0200,41.8,EUR/MWh,FR,FR,imbalance_price,Short,2026-08-05T12:06:18Z
2026-08-05T12:02:33Z,2026-08-05T14:02:33+0200,a602df8b-e77d-453c-80cb-eeacd1e89d3b,2026-07-29T03:45:00Z,2026-07-29T05:45:00+0200,59.53,EUR/MWh,FR,FR,imbalance_price,Long,2026-08-05T12:06:18Z
2026-08-05T12:02:33Z,2026-08-05T14:02:33+0200,a602df8b-e77d-453c-80cb-eeacd1e89d3b,2026-07-29T03:45:00Z,2026-07-29T05:45:00+0200,65.15,EUR/MWh,FR,FR,imbalance_price,Short,2026-08-05T12:06:18Z
2026-08-05T12:02:33Z,2026-08-05T14:02:33+0200,a602df8b-e77d-453c-80cb-eeacd1e89d3b,2026-07-29T04:00:00Z,2026-07-29T06:00:00+0200,159.57,EUR/MWh,FR,FR,imbalance_price,Long,2026-08-05T12:06:18Z
2026-08-05T12:02:33Z,2026-08-05T14:02:33+0200,a602df8b-e77d-453c-80cb-eeacd1e89d3b,2026-07-29T04:00:00Z,2026-07-29T06:00:00+0200,174.61,EUR/MWh,FR,FR,imbalance_price,Short,2026-08-05T12:06:18Z
2026-08-05T12:02:33Z,2026-08-05T14:02:33+0200,a602df8b-e77d-453c-80cb-eeacd1e89d3b,2026-07-29T04:15:00Z,2026-07-29T06:15:00+0200,113.52,EUR/MWh,FR,FR,imbalance_price,Long,2026-08-05T12:06:18Z
2026-08-05T12:02:33Z,2026-08-05T14:02:33+0200,a602df8b-e77d-453c-80cb-eeacd1e89d3b,2026-07-29T04:15:00Z,2026-07-29T06:15:00+0200,124.22,EUR/MWh,FR,FR,imbalance_price,Short,2026-08-05T12:06:18Z
2026-08-05T12:02:33Z,2026-08-05T14:02:33+0200,a602df8b-e77d-453c-80cb-eeacd1e89d3b,2026-07-29T04:30:00Z,2026-07-29T06:30:00+0200,164.68,EUR/MWh,FR,FR,imbalance_price,Long,2026-08-05T12:06:18Z
2026-08-05T12:02:33Z,2026-08-05T14:02:33+0200,a602df8b-e77d-453c-80cb-eeacd1e89d3b,2026-07-29T04:30:00Z,2026-07-29T06:30:00+0200,180.2,EUR/MWh,FR,FR,imbalance_price,Short,2026-08-05T12:06:18Z
2026-08-05T12:02:33Z,2026-08-05T14:02:33+0200,a602df8b-e77d-453c-80cb-eeacd1e89d3b,2026-07-29T04:45:00Z,2026-07-29T06:45:00+0200,183.95,EUR/MWh,FR,FR,imbalance_price,Long,2026-08-05T12:06:18Z
2026-08-05T12:02:33Z,2026-08-05T14:02:33+0200,a602df8b-e77d-453c-80cb-eeacd1e89d3b,2026-07-29T04:45:00Z,2026-07-29T06:45:00+0200,201.29,EUR/MWh,FR,FR,imbalance_price,Short,2026-08-05T12:06:18Z
2026-08-05T12:02:33Z,2026-08-05T14:02:33+0200,a602df8b-e77d-453c-80cb-eeacd1e89d3b,2026-07-29T05:00:00Z,2026-07-29T07:00:00+0200,186.44,EUR/MWh,FR,FR,imbalance_price,Long,2026-08-05T12:06:18Z
2026-08-05T12:02:33Z,2026-08-05T14:02:33+0200,a602df8b-e77d-453c-80cb-eeacd1e89d3b,2026-07-29T05:00:00Z,2026-07-29T07:00:00+0200,204.02,EUR/MWh,FR,FR,imbalance_price,Short,2026-08-05T12:06:18Z
2026-08-05T12:02:33Z,2026-08-05T14:02:33+0200,a602df8b-e77d-453c-80cb-eeacd1e89d3b,2026-07-29T05:15:00Z,2026-07-29T07:15:00+0200,186.44,EUR/MWh,FR,FR,imbalance_price,Long,2026-08-05T12:06:18Z
2026-08-05T12:02:33Z,2026-08-05T14:02:33+0200,a602df8b-e77d-453c-80cb-eeacd1e89d3b,2026-07-29T05:15:00Z,2026-07-29T07:15:00+0200,204.02,EUR/MWh,FR,FR,imbalance_price,Short,2026-08-05T12:06:18Z
2026-08-05T12:02:33Z,2026-08-05T14:02:33+0200,a602df8b-e77d-453c-80cb-eeacd1e89d3b,2026-07-29T05:30:00Z,2026-07-29T07:30:00+0200,186.44,EUR/MWh,FR,FR,imbalance_price,Long,2026-08-05T12:06:18Z
2026-08-05T12:02:33Z,2026-08-05T14:02:33+0200,a602df8b-e77d-453c-80cb-eeacd1e89d3b,2026-07-29T05:30:00Z,2026-07-29T07:30:00+0200,204.02,EUR/MWh,FR,FR,imbalance_price,Short,2026-08-05T12:06:18Z
2026-08-05T12:02:33Z,2026-08-05T14:02:33+0200,a602df8b-e77d-453c-80cb-eeacd1e89d3b,2026-07-29T05:45:00Z,2026-07-29T07:45:00+0200,97.16,EUR/MWh,FR,FR,imbalance_price,Long,2026-08-05T12:06:18Z
2026-08-05T12:02:33Z,2026-08-05T14:02:33+0200,a602df8b-e77d-453c-80cb-eeacd1e89d3b,2026-07-29T05:45:00Z,2026-07-29T07:45:00+0200,106.32,EUR/MWh,FR,FR,imbalance_price,Short,2026-08-05T12:06:18Z
2026-08-05T12:02:33Z,2026-08-05T14:02:33+0200,a602df8b-e77d-453c-80cb-eeacd1e89d3b,2026-07-29T06:00:00Z,2026-07-29T08:00:00+0200,71.89,EUR/MWh,FR,FR,imbalance_price,Long,2026-08-05T12:06:18Z
2026-08-05T12:02:33Z,2026-08-05T14:02:33+0200,a602df8b-e77d-453c-80cb-eeacd1e89d3b,2026-07-29T06:00:00Z,2026-07-29T08:00:00+0200,78.67,EUR/MWh,FR,FR,imbalance_price,Short,2026-08-05T12:06:18Z
2026-08-05T12:02:33Z,2026-08-05T14:02:33+0200,a602df8b-e77d-453c-80cb-eeacd1e89d3b,2026-07-29T06:15:00Z,2026-07-29T08:15:00+0200,28.57,EUR/MWh,FR,FR,imbalance_price,Long,2026-08-05T12:06:18Z
2026-08-05T12:02:33Z,2026-08-05T14:02:33+0200,a602df8b-e77d-453c-80cb-eeacd1e89d3b,2026-07-29T06:15:00Z,2026-07-29T08:15:00+0200,31.27,EUR/MWh,FR,FR,imbalance_price,Short,2026-08-05T12:06:18Z
2026-08-05T12:02:33Z,2026-08-05T14:02:33+0200,a602df8b-e77d-453c-80cb-eeacd1e89d3b,2026-07-29T06:30:00Z,2026-07-29T08:30:00+0200,65.45,EUR/MWh,FR,FR,imbalance_price,Long,2026-08-05T12:06:18Z
2026-08-05T12:02:33Z,2026-08-05T14:02:33+0200,a602df8b-e77d-453c-80cb-eeacd1e89d3b,2026-07-29T06:30:00Z,2026-07-29T08:30:00+0200,71.61,EUR/MWh,FR,FR,imbalance_price,Short,2026-08-05T12:06:18Z
2026-08-05T12:02:33Z,2026-08-05T14:02:33+0200,a602df8b-e77d-453c-80cb-eeacd1e89d3b,2026-07-29T06:45:00Z,2026-07-29T08:45:00+0200,89.36,EUR/MWh,FR,FR,imbalance_price,Long,2026-08-05T12:06:18Z
2026-08-05T12:02:33Z,2026-08-05T14:02:33+0200,a602df8b-e77d-453c-80cb-eeacd1e89d3b,2026-07-29T06:45:00Z,2026-07-29T08:45:00+0200,97.78,EUR/MWh,FR,FR,imbalance_price,Short,2026-08-05T12:06:18Z
2026-08-05T12:02:33Z,2026-08-05T14:02:33+0200,a602df8b-e77d-453c-80cb-eeacd1e89d3b,2026-07-29T07:00:00Z,2026-07-29T09:00:00+0200,70.99,EUR/MWh,FR,FR,imbalance_price,Long,2026-08-05T12:06:18Z
2026-08-05T12:02:33Z,2026-08-05T14:02:33+0200,a602df8b-e77d-453c-80cb-eeacd1e89d3b,2026-07-29T07:00:00Z,2026-07-29T09:00:00+0200,77.69,EUR/MWh,FR,FR,imbalance_price,Short,2026-08-05T12:06:18Z
2026-08-05T12:02:33Z,2026-08-05T14:02:33+0200,a602df8b-e77d-453c-80cb-eeacd1e89d3b,2026-07-29T07:15:00Z,2026-07-29T09:15:00+0200,54.29,EUR/MWh,FR,FR,imbalance_price,Long,2026-08-05T12:06:18Z
2026-08-05T12:02:33Z,2026-08-05T14:02:33+0200,a602df8b-e77d-453c-80cb-eeacd1e89d3b,2026-07-29T07:15:00Z,2026-07-29T09:15:00+0200,59.41,EUR/MWh,FR,FR,imbalance_price,Short,2026-08-05T12:06:18Z
2026-08-05T12:02:33Z,2026-08-05T14:02:33+0200,a602df8b-e77d-453c-80cb-eeacd1e89d3b,2026-07-29T07:30:00Z,2026-07-29T09:30:00+0200,87.41,EUR/MWh,FR,FR,imbalance_price,Long,2026-08-05T12:06:18Z
2026-08-05T12:02:33Z,2026-08-05T14:02:33+0200,a602df8b-e77d-453c-80cb-eeacd1e89d3b,2026-07-29T07:30:00Z,2026-07-29T09:30:00+0200,95.65,EUR/MWh,FR,FR,imbalance_price,Short,2026-08-05T12:06:18Z
2026-08-05T12:02:33Z,2026-08-05T14:02:33+0200,a602df8b-e77d-453c-80cb-eeacd1e89d3b,2026-07-29T07:45:00Z,2026-07-29T09:45:00+0200,77.68,EUR/MWh,FR,FR,imbalance_price,Long,2026-08-05T12:06:18Z
2026-08-05T12:02:33Z,2026-08-05T14:02:33+0200,a602df8b-e77d-453c-80cb-eeacd1e89d3b,2026-07-29T07:45:00Z,2026-07-29T09:45:00+0200,85.0,EUR/MWh,FR,FR,imbalance_price,Short,2026-08-05T12:06:18Z
2026-08-05T12:02:33Z,2026-08-05T14:02:33+0200,a602df8b-e77d-453c-80cb-eeacd1e89d3b,2026-07-29T08:00:00Z,2026-07-29T10:00:00+0200,68.61,EUR/MWh,FR,FR,imbalance_price,Long,2026-08-05T12:06:18Z
2026-08-05T12:02:33Z,2026-08-05T14:02:33+0200,a602df8b-e77d-453c-80cb-eeacd1e89d3b,2026-07-29T08:00:00Z,2026-07-29T10:00:00+0200,75.07,EUR/MWh,FR,FR,imbalance_price,Short,2026-08-05T12:06:18Z
2026-08-05T12:02:33Z,2026-08-05T14:02:33+0200,a602df8b-e77d-453c-80cb-eeacd1e89d3b,2026-07-29T08:15:00Z,2026-07-29T10:15:00+0200,101.33,EUR/MWh,FR,FR,imbalance_price,Long,2026-08-05T12:06:18Z
2026-08-05T12:02:33Z,2026-08-05T14:02:33+0200,a602df8b-e77d-453c-80cb-eeacd1e89d3b,2026-07-29T08:15:00Z,2026-07-29T10:15:00+0200,110.87,EUR/MWh,FR,FR,imbalance_price,Short,2026-08-05T12:06:18Z
2026-08-05T12:02:33Z,2026-08-05T14:02:33+0200,a602df8b-e77d-453c-80cb-eeacd1e89d3b,2026-07-29T08:30:00Z,2026-07-29T10:30:00+0200,166.15,EUR/MWh,FR,FR,imbalance_price,Long,2026-08-05T12:06:18Z
2026-08-05T12:02:33Z,2026-08-05T14:02:33+0200,a602df8b-e77d-453c-80cb-eeacd1e89d3b,2026-07-29T08:30:00Z,2026-07-29T10:30:00+0200,181.81,EUR/MWh,FR,FR,imbalance_price,Short,2026-08-05T12:06:18Z
2026-08-05T12:02:33Z,2026-08-05T14:02:33+0200,a602df8b-e77d-453c-80cb-eeacd1e89d3b,2026-07-29T08:45:00Z,2026-07-29T10:45:00+0200,164.7,EUR/MWh,FR,FR,imbalance_price,Long,2026-08-05T12:06:18Z
2026-08-05T12:02:33Z,2026-08-05T14:02:33+0200,a602df8b-e77d-453c-80cb-eeacd1e89d3b,2026-07-29T08:45:00Z,2026-07-29T10:45:00+0200,180.22,EUR/MWh,FR,FR,imbalance_price,Short,2026-08-05T12:06:18Z
2026-08-05T12:02:33Z,2026-08-05T14:02:33+0200,a602df8b-e77d-453c-80cb-eeacd1e89d3b,2026-07-29T09:00:00Z,2026-07-29T11:00:00+0200,-100.74,EUR/MWh,FR,FR,imbalance_price,Long,2026-08-05T12:06:18Z
2026-08-05T12:02:33Z,2026-08-05T14:02:33+0200,a602df8b-e77d-453c-80cb-eeacd1e89d3b,2026-07-29T09:00:00Z,2026-07-29T11:00:00+0200,-92.06,EUR/MWh,FR,FR,imbalance_price,Short,2026-08-05T12:06:18Z
2026-08-05T12:02:33Z,2026-08-05T14:02:33+0200,a602df8b-e77d-453c-80cb-eeacd1e89d3b,2026-07-29T09:15:00Z,2026-07-29T11:15:00+0200,76.89,EUR/MWh,FR,FR,imbalance_price,Long,2026-08-05T12:06:18Z
2026-08-05T12:02:33Z,2026-08-05T14:02:33+0200,a602df8b-e77d-453c-80cb-eeacd1e89d3b,2026-07-29T09:15:00Z,2026-07-29T11:15:00+0200,84.13,EUR/MWh,FR,FR,imbalance_price,Short,2026-08-05T12:06:18Z
2026-08-05T12:02:33Z,2026-08-05T14:02:33+0200,a602df8b-e77d-453c-80cb-eeacd1e89d3b,2026-07-29T09:30:00Z,2026-07-29T11:30:00+0200,70.68,EUR/MWh,FR,FR,imbalance_price,Long,2026-08-05T12:06:18Z
2026-08-05T12:02:33Z,2026-08-05T14:02:33+0200,a602df8b-e77d-453c-80cb-eeacd1e89d3b,2026-07-29T09:30:00Z,2026-07-29T11:30:00+0200,77.34,EUR/MWh,FR,FR,imbalance_price,Short,2026-08-05T12:06:18Z
2026-08-05T12:02:33Z,2026-08-05T14:02:33+0200,a602df8b-e77d-453c-80cb-eeacd1e89d3b,2026-07-29T09:45:00Z,2026-07-29T11:45:00+0200,58.58,EUR/MWh,FR,FR,imbalance_price,Long,2026-08-05T12:06:18Z
2026-08-05T12:02:33Z,2026-08-05T14:02:33+0200,a602df8b-e77d-453c-80cb-eeacd1e89d3b,2026-07-29T09:45:00Z,2026-07-29T11:45:00+0200,64.1,EUR/MWh,FR,FR,imbalance_price,Short,2026-08-05T12:06:18Z
2026-08-05T12:02:33Z,2026-08-05T14:02:33+0200,a602df8b-e77d-453c-80cb-eeacd1e89d3b,2026-07-29T10:00:00Z,2026-07-29T12:00:00+0200,50.84,EUR/MWh,FR,FR,imbalance_price,Long,2026-08-05T12:06:18Z
2026-08-05T12:02:33Z,2026-08-05T14:02:33+0200,a602df8b-e77d-453c-80cb-eeacd1e89d3b,2026-07-29T10:00:00Z,2026-07-29T12:00:00+0200,55.64,EUR/MWh,FR,FR,imbalance_price,Short,2026-08-05T12:06:18Z
2026-08-05T12:02:33Z,2026-08-05T14:02:33+0200,a602df8b-e77d-453c-80cb-eeacd1e89d3b,2026-07-29T10:15:00Z,2026-07-29T12:15:00+0200,51.37,EUR/MWh,FR,FR,imbalance_price,Long,2026-08-05T12:06:18Z
2026-08-05T12:02:33Z,2026-08-05T14:02:33+0200,a602df8b-e77d-453c-80cb-eeacd1e89d3b,2026-07-29T10:15:00Z,2026-07-29T12:15:00+0200,56.21,EUR/MWh,FR,FR,imbalance_price,Short,2026-08-05T12:06:18Z
2026-08-05T12:02:33Z,2026-08-05T14:02:33+0200,a602df8b-e77d-453c-80cb-eeacd1e89d3b,2026-07-29T10:30:00Z,2026-07-29T12:30:00+0200,39.44,EUR/MWh,FR,FR,imbalance_price,Long,2026-08-05T12:06:18Z
2026-08-05T12:02:33Z,2026-08-05T14:02:33+0200,a602df8b-e77d-453c-80cb-eeacd1e89d3b,2026-07-29T10:30:00Z,2026-07-29T12:30:00+0200,43.16,EUR/MWh,FR,FR,imbalance_price,Short,2026-08-05T12:06:18Z
2026-08-05T12:02:33Z,2026-08-05T14:02:33+0200,a602df8b-e77d-453c-80cb-eeacd1e89d3b,2026-07-29T10:45:00Z,2026-07-29T12:45:00+0200,78.42,EUR/MWh,FR,FR,imbalance_price,Long,2026-08-05T12:06:18Z
2026-08-05T12:02:33Z,2026-08-05T14:02:33+0200,a602df8b-e77d-453c-80cb-eeacd1e89d3b,2026-07-29T10:45:00Z,2026-07-29T12:45:00+0200,85.82,EUR/MWh,FR,FR,imbalance_price,Short,2026-08-05T12:06:18Z
2026-08-05T12:02:33Z,2026-08-05T14:02:33+0200,a602df8b-e77d-453c-80cb-eeacd1e89d3b,2026-07-29T11:00:00Z,2026-07-29T13:00:00+0200,-31.01,EUR/MWh,FR,FR,imbalance_price,Long,2026-08-05T12:06:18Z
2026-08-05T12:02:33Z,2026-08-05T14:02:33+0200,a602df8b-e77d-453c-80cb-eeacd1e89d3b,2026-07-29T11:00:00Z,2026-07-29T13:00:00+0200,-28.33,EUR/MWh,FR,FR,imbalance_price,Short,2026-08-05T12:06:18Z
2026-08-05T12:02:33Z,2026-08-05T14:02:33+0200,a602df8b-e77d-453c-80cb-eeacd1e89d3b,2026-07-29T11:15:00Z,2026-07-29T13:15:00+0200,9.65,EUR/MWh,FR,FR,imbalance_price,Long,2026-08-05T12:06:18Z
2026-08-05T12:02:33Z,2026-08-05T14:02:33+0200,a602df8b-e77d-453c-80cb-eeacd1e89d3b,2026-07-29T11:15:00Z,2026-07-29T13:15:00+0200,10.55,EUR/MWh,FR,FR,imbalance_price,Short,2026-08-05T12:06:18Z
2026-08-05T12:02:33Z,2026-08-05T14:02:33+0200,a602df8b-e77d-453c-80cb-eeacd1e89d3b,2026-07-29T11:30:00Z,2026-07-29T13:30:00+0200,9.65,EUR/MWh,FR,FR,imbalance_price,Long,2026-08-05T12:06:18Z
2026-08-05T12:02:33Z,2026-08-05T14:02:33+0200,a602df8b-e77d-453c-80cb-eeacd1e89d3b,2026-07-29T11:30:00Z,2026-07-29T13:30:00+0200,10.55,EUR/MWh,FR,FR,imbalance_price,Short,2026-08-05T12:06:18Z
2026-08-05T12:02:33Z,2026-08-05T14:02:33+0200,a602df8b-e77d-453c-80cb-eeacd1e89d3b,2026-07-29T11:45:00Z,2026-07-29T13:45:00+0200,9.65,EUR/MWh,FR,FR,imbalance_price,Long,2026-08-05T12:06:18Z
2026-08-05T12:02:33Z,2026-08-05T14:02:33+0200,a602df8b-e77d-453c-80cb-eeacd1e89d3b,2026-07-29T11:45:00Z,2026-07-29T13:45:00+0200,10.55,EUR/MWh,FR,FR,imbalance_price,Short,2026-08-05T12:06:18Z
2026-08-05T12:02:33Z,2026-08-05T14:02:33+0200,a602df8b-e77d-453c-80cb-eeacd1e89d3b,2026-07-29T12:00:00Z,2026-07-29T14:00:00+0200,18.37,EUR/MWh,FR,FR,imbalance_price,Long,2026-08-05T12:06:18Z
2026-08-05T12:02:33Z,2026-08-05T14:02:33+0200,a602df8b-e77d-453c-80cb-eeacd1e89d3b,2026-07-29T12:00:00Z,2026-07-29T14:00:00+0200,20.11,EUR/MWh,FR,FR,imbalance_price,Short,2026-08-05T12:06:18Z
2026-08-05T12:02:33Z,2026-08-05T14:02:33+0200,a602df8b-e77d-453c-80cb-eeacd1e89d3b,2026-07-29T12:15:00Z,2026-07-29T14:15:00+0200,-125.17,EUR/MWh,FR,FR,imbalance_price,Long,2026-08-05T12:06:18Z
2026-08-05T12:02:33Z,2026-08-05T14:02:33+0200,a602df8b-e77d-453c-80cb-eeacd1e89d3b,2026-07-29T12:15:00Z,2026-07-29T14:15:00+0200,-114.39,EUR/MWh,FR,FR,imbalance_price,Short,2026-08-05T12:06:18Z
2026-08-05T12:02:33Z,2026-08-05T14:02:33+0200,a602df8b-e77d-453c-80cb-eeacd1e89d3b,2026-07-29T12:30:00Z,2026-07-29T14:30:00+0200,-420.96,EUR/MWh,FR,FR,imbalance_price,Long,2026-08-05T12:06:18Z
2026-08-05T12:02:33Z,2026-08-05T14:02:33+0200,a602df8b-e77d-453c-80cb-eeacd1e89d3b,2026-07-29T12:30:00Z,2026-07-29T14:30:00+0200,-384.7,EUR/MWh,FR,FR,imbalance_price,Short,2026-08-05T12:06:18Z
2026-08-05T12:02:33Z,2026-08-05T14:02:33+0200,a602df8b-e77d-453c-80cb-eeacd1e89d3b,2026-07-29T12:45:00Z,2026-07-29T14:45:00+0200,-270.98,EUR/MWh,FR,FR,imbalance_price,Long,2026-08-05T12:06:18Z
2026-08-05T12:02:33Z,2026-08-05T14:02:33+0200,a602df8b-e77d-453c-80cb-eeacd1e89d3b,2026-07-29T12:45:00Z,2026-07-29T14:45:00+0200,-247.64,EUR/MWh,FR,FR,imbalance_price,Short,2026-08-05T12:06:18Z
2026-08-05T12:02:33Z,2026-08-05T14:02:33+0200,a602df8b-e77d-453c-80cb-eeacd1e89d3b,2026-07-29T13:00:00Z,2026-07-29T15:00:00+0200,-76.07,EUR/MWh,FR,FR,imbalance_price,Long,2026-08-05T12:06:18Z
2026-08-05T12:02:33Z,2026-08-05T14:02:33+0200,a602df8b-e77d-453c-80cb-eeacd1e89d3b,2026-07-29T13:00:00Z,2026-07-29T15:00:00+0200,-69.51,EUR/MWh,FR,FR,imbalance_price,Short,2026-08-05T12:06:18Z
2026-08-05T12:02:33Z,2026-08-05T14:02:33+0200,a602df8b-e77d-453c-80cb-eeacd1e89d3b,2026-07-29T13:15:00Z,2026-07-29T15:15:00+0200,-213.04,EUR/MWh,FR,FR,imbalance_price,Long,2026-08-05T12:06:18Z
2026-08-05T12:02:33Z,2026-08-05T14:02:33+0200,a602df8b-e77d-453c-80cb-eeacd1e89d3b,2026-07-29T13:15:00Z,2026-07-29T15:15:00+0200,-194.7,EUR/MWh,FR,FR,imbalance_price,Short,2026-08-05T12:06:18Z
2026-08-05T12:02:33Z,2026-08-05T14:02:33+0200,a602df8b-e77d-453c-80cb-eeacd1e89d3b,2026-07-29T13:30:00Z,2026-07-29T15:30:00+0200,-55.55,EUR/MWh,FR,FR,imbalance_price,Long,2026-08-05T12:06:18Z
2026-08-05T12:02:33Z,2026-08-05T14:02:33+0200,a602df8b-e77d-453c-80cb-eeacd1e89d3b,2026-07-29T13:30:00Z,2026-07-29T15:30:00+0200,-50.77,EUR/MWh,FR,FR,imbalance_price,Short,2026-08-05T12:06:18Z
2026-08-05T12:02:33Z,2026-08-05T14:02:33+0200,a602df8b-e77d-453c-80cb-eeacd1e89d3b,2026-07-29T13:45:00Z,2026-07-29T15:45:00+0200,-66.12,EUR/MWh,FR,FR,imbalance_price,Long,2026-08-05T12:06:18Z
2026-08-05T12:02:33Z,2026-08-05T14:02:33+0200,a602df8b-e77d-453c-80cb-eeacd1e89d3b,2026-07-29T13:45:00Z,2026-07-29T15:45:00+0200,-60.42,EUR/MWh,FR,FR,imbalance_price,Short,2026-08-05T12:06:18Z
2026-08-05T12:02:33Z,2026-08-05T14:02:33+0200,a602df8b-e77d-453c-80cb-eeacd1e89d3b,2026-07-29T14:00:00Z,2026-07-29T16:00:00+0200,-45.21,EUR/MWh,FR,FR,imbalance_price,Long,2026-08-05T12:06:18Z
2026-08-05T12:02:33Z,2026-08-05T14:02:33+0200,a602df8b-e77d-453c-80cb-eeacd1e89d3b,2026-07-29T14:00:00Z,2026-07-29T16:00:00+0200,-41.31,EUR/MWh,FR,FR,imbalance_price,Short,2026-08-05T12:06:18Z
2026-08-05T12:02:33Z,2026-08-05T14:02:33+0200,a602df8b-e77d-453c-80cb-eeacd1e89d3b,2026-07-29T14:15:00Z,2026-07-29T16:15:00+0200,-40.15,EUR/MWh,FR,FR,imbalance_price,Long,2026-08-05T12:06:18Z
2026-08-05T12:02:33Z,2026-08-05T14:02:33+0200,a602df8b-e77d-453c-80cb-eeacd1e89d3b,2026-07-29T14:15:00Z,2026-07-29T16:15:00+0200,-36.69,EUR/MWh,FR,FR,imbalance_price,Short,2026-08-05T12:06:18Z
2026-08-05T12:02:33Z,2026-08-05T14:02:33+0200,a602df8b-e77d-453c-80cb-eeacd1e89d3b,2026-07-29T14:30:00Z,2026-07-29T16:30:00+0200,-42.01,EUR/MWh,FR,FR,imbalance_price,Long,2026-08-05T12:06:18Z
2026-08-05T12:02:33Z,2026-08-05T14:02:33+0200,a602df8b-e77d-453c-80cb-eeacd1e89d3b,2026-07-29T14:30:00Z,2026-07-29T16:30:00+0200,-38.39,EUR/MWh,FR,FR,imbalance_price,Short,2026-08-05T12:06:18Z
2026-08-05T12:02:33Z,2026-08-05T14:02:33+0200,a602df8b-e77d-453c-80cb-eeacd1e89d3b,2026-07-29T14:45:00Z,2026-07-29T16:45:00+0200,-63.94,EUR/MWh,FR,FR,imbalance_price,Long,2026-08-05T12:06:18Z
2026-08-05T12:02:33Z,2026-08-05T14:02:33+0200,a602df8b-e77d-453c-80cb-eeacd1e89d3b,2026-07-29T14:45:00Z,2026-07-29T16:45:00+0200,-58.44,EUR/MWh,FR,FR,imbalance_price,Short,2026-08-05T12:06:18Z
2026-08-05T12:02:33Z,2026-08-05T14:02:33+0200,a602df8b-e77d-453c-80cb-eeacd1e89d3b,2026-07-29T15:00:00Z,2026-07-29T17:00:00+0200,-40.28,EUR/MWh,FR,FR,imbalance_price,Long,2026-08-05T12:06:18Z
2026-08-05T12:02:33Z,2026-08-05T14:02:33+0200,a602df8b-e77d-453c-80cb-eeacd1e89d3b,2026-07-29T15:00:00Z,2026-07-29T17:00:00+0200,-36.82,EUR/MWh,FR,FR,imbalance_price,Short,2026-08-05T12:06:18Z
2026-08-05T12:02:33Z,2026-08-05T14:02:33+0200,a602df8b-e77d-453c-80cb-eeacd1e89d3b,2026-07-29T15:15:00Z,2026-07-29T17:15:00+0200,5.88,EUR/MWh,FR,FR,imbalance_price,Long,2026-08-05T12:06:18Z
2026-08-05T12:02:33Z,2026-08-05T14:02:33+0200,a602df8b-e77d-453c-80cb-eeacd1e89d3b,2026-07-29T15:15:00Z,2026-07-29T17:15:00+0200,6.44,EUR/MWh,FR,FR,imbalance_price,Short,2026-08-05T12:06:18Z
2026-08-05T12:02:33Z,2026-08-05T14:02:33+0200,a602df8b-e77d-453c-80cb-eeacd1e89d3b,2026-07-29T15:30:00Z,2026-07-29T17:30:00+0200,118.29,EUR/MWh,FR,FR,imbalance_price,Long,2026-08-05T12:06:18Z
2026-08-05T12:02:33Z,2026-08-05T14:02:33+0200,a602df8b-e77d-453c-80cb-eeacd1e89d3b,2026-07-29T15:30:00Z,2026-07-29T17:30:00+0200,129.43,EUR/MWh,FR,FR,imbalance_price,Short,2026-08-05T12:06:18Z
2026-08-05T12:02:33Z,2026-08-05T14:02:33+0200,a602df8b-e77d-453c-80cb-eeacd1e89d3b,2026-07-29T15:45:00Z,2026-07-29T17:45:00+0200,100.53,EUR/MWh,FR,FR,imbalance_price,Long,2026-08-05T12:06:18Z
2026-08-05T12:02:33Z,2026-08-05T14:02:33+0200,a602df8b-e77d-453c-80cb-eeacd1e89d3b,2026-07-29T15:45:00Z,2026-07-29T17:45:00+0200,110.01,EUR/MWh,FR,FR,imbalance_price,Short,2026-08-05T12:06:18Z
2026-08-05T12:02:33Z,2026-08-05T14:02:33+0200,a602df8b-e77d-453c-80cb-eeacd1e89d3b,2026-07-29T16:00:00Z,2026-07-29T18:00:00+0200,129.4,EUR/MWh,FR,FR,imbalance_price,Long,2026-08-05T12:06:18Z
2026-08-05T12:02:33Z,2026-08-05T14:02:33+0200,a602df8b-e77d-453c-80cb-eeacd1e89d3b,2026-07-29T16:00:00Z,2026-07-29T18:00:00+0200,141.6,EUR/MWh,FR,FR,imbalance_price,Short,2026-08-05T12:06:18Z
2026-08-05T12:02:33Z,2026-08-05T14:02:33+0200,a602df8b-e77d-453c-80cb-eeacd1e89d3b,2026-07-29T16:15:00Z,2026-07-29T18:15:00+0200,159.22,EUR/MWh,FR,FR,imbalance_price,Long,2026-08-05T12:06:18Z
2026-08-05T12:02:33Z,2026-08-05T14:02:33+0200,a602df8b-e77d-453c-80cb-eeacd1e89d3b,2026-07-29T16:15:00Z,2026-07-29T18:15:00+0200,174.22,EUR/MWh,FR,FR,imbalance_price,Short,2026-08-05T12:06:18Z
2026-08-05T12:02:33Z,2026-08-05T14:02:33+0200,a602df8b-e77d-453c-80cb-eeacd1e89d3b,2026-07-29T16:30:00Z,2026-07-29T18:30:00+0200,141.47,EUR/MWh,FR,FR,imbalance_price,Long,2026-08-05T12:06:18Z
2026-08-05T12:02:33Z,2026-08-05T14:02:33+0200,a602df8b-e77d-453c-80cb-eeacd1e89d3b,2026-07-29T16:30:00Z,2026-07-29T18:30:00+0200,154.81,EUR/MWh,FR,FR,imbalance_price,Short,2026-08-05T12:06:18Z
2026-08-05T12:02:33Z,2026-08-05T14:02:33+0200,a602df8b-e77d-453c-80cb-eeacd1e89d3b,2026-07-29T16:45:00Z,2026-07-29T18:45:00+0200,127.44,EUR/MWh,FR,FR,imbalance_price,Long,2026-08-05T12:06:18Z
2026-08-05T12:02:33Z,2026-08-05T14:02:33+0200,a602df8b-e77d-453c-80cb-eeacd1e89d3b,2026-07-29T16:45:00Z,2026-07-29T18:45:00+0200,139.46,EUR/MWh,FR,FR,imbalance_price,Short,2026-08-05T12:06:18Z
2026-08-05T12:02:33Z,2026-08-05T14:02:33+0200,a602df8b-e77d-453c-80cb-eeacd1e89d3b,2026-07-29T17:00:00Z,2026-07-29T19:00:00+0200,187.56,EUR/MWh,FR,FR,imbalance_price,Long,2026-08-05T12:06:18Z
2026-08-05T12:02:33Z,2026-08-05T14:02:33+0200,a602df8b-e77d-453c-80cb-eeacd1e89d3b,2026-07-29T17:00:00Z,2026-07-29T19:00:00+0200,205.24,EUR/MWh,FR,FR,imbalance_price,Short,2026-08-05T12:06:18Z
2026-08-05T12:02:33Z,2026-08-05T14:02:33+0200,a602df8b-e77d-453c-80cb-eeacd1e89d3b,2026-07-29T17:15:00Z,2026-07-29T19:15:00+0200,189.2,EUR/MWh,FR,FR,imbalance_price,Long,2026-08-05T12:06:18Z
2026-08-05T12:02:33Z,2026-08-05T14:02:33+0200,a602df8b-e77d-453c-80cb-eeacd1e89d3b,2026-07-29T17:15:00Z,2026-07-29T19:15:00+0200,207.04,EUR/MWh,FR,FR,imbalance_price,Short,2026-08-05T12:06:18Z
2026-08-05T12:02:33Z,2026-08-05T14:02:33+0200,a602df8b-e77d-453c-80cb-eeacd1e89d3b,2026-07-29T17:30:00Z,2026-07-29T19:30:00+0200,187.56,EUR/MWh,FR,FR,imbalance_price,Long,2026-08-05T12:06:18Z
2026-08-05T12:02:33Z,2026-08-05T14:02:33+0200,a602df8b-e77d-453c-80cb-eeacd1e89d3b,2026-07-29T17:30:00Z,2026-07-29T19:30:00+0200,205.24,EUR/MWh,FR,FR,imbalance_price,Short,2026-08-05T12:06:18Z
2026-08-05T12:02:33Z,2026-08-05T14:02:33+0200,a602df8b-e77d-453c-80cb-eeacd1e89d3b,2026-07-29T17:45:00Z,2026-07-29T19:45:00+0200,187.56,EUR/MWh,FR,FR,imbalance_price,Long,2026-08-05T12:06:18Z
2026-08-05T12:02:33Z,2026-08-05T14:02:33+0200,a602df8b-e77d-453c-80cb-eeacd1e89d3b,2026-07-29T17:45:00Z,2026-07-29T19:45:00+0200,205.24,EUR/MWh,FR,FR,imbalance_price,Short,2026-08-05T12:06:18Z
2026-08-05T12:02:33Z,2026-08-05T14:02:33+0200,a602df8b-e77d-453c-80cb-eeacd1e89d3b,2026-07-29T18:00:00Z,2026-07-29T20:00:00+0200,273.15,EUR/MWh,FR,FR,imbalance_price,Long,2026-08-05T12:06:18Z
2026-08-05T12:02:33Z,2026-08-05T14:02:33+0200,a602df8b-e77d-453c-80cb-eeacd1e89d3b,2026-07-29T18:00:00Z,2026-07-29T20:00:00+0200,298.89,EUR/MWh,FR,FR,imbalance_price,Short,2026-08-05T12:06:18Z
2026-08-05T12:02:33Z,2026-08-05T14:02:33+0200,a602df8b-e77d-453c-80cb-eeacd1e89d3b,2026-07-29T18:15:00Z,2026-07-29T20:15:00+0200,290.46,EUR/MWh,FR,FR,imbalance_price,Long,2026-08-05T12:06:18Z
2026-08-05T12:02:33Z,2026-08-05T14:02:33+0200,a602df8b-e77d-453c-80cb-eeacd1e89d3b,2026-07-29T18:15:00Z,2026-07-29T20:15:00+0200,317.84,EUR/MWh,FR,FR,imbalance_price,Short,2026-08-05T12:06:18Z
2026-08-05T12:02:33Z,2026-08-05T14:02:33+0200,a602df8b-e77d-453c-80cb-eeacd1e89d3b,2026-07-29T18:30:00Z,2026-07-29T20:30:00+0200,97.72,EUR/MWh,FR,FR,imbalance_price,Long,2026-08-05T12:06:18Z
2026-08-05T12:02:33Z,2026-08-05T14:02:33+0200,a602df8b-e77d-453c-80cb-eeacd1e89d3b,2026-07-29T18:30:00Z,2026-07-29T20:30:00+0200,106.92,EUR/MWh,FR,FR,imbalance_price,Short,2026-08-05T12:06:18Z
2026-08-05T12:02:33Z,2026-08-05T14:02:33+0200,a602df8b-e77d-453c-80cb-eeacd1e89d3b,2026-07-29T18:45:00Z,2026-07-29T20:45:00+0200,247.08,EUR/MWh,FR,FR,imbalance_price,Long,2026-08-05T12:06:18Z
2026-08-05T12:02:33Z,2026-08-05T14:02:33+0200,a602df8b-e77d-453c-80cb-eeacd1e89d3b,2026-07-29T18:45:00Z,2026-07-29T20:45:00+0200,270.36,EUR/MWh,FR,FR,imbalance_price,Short,2026-08-05T12:06:18Z
2026-08-05T12:02:33Z,2026-08-05T14:02:33+0200,a602df8b-e77d-453c-80cb-eeacd1e89d3b,2026-07-29T19:00:00Z,2026-07-29T21:00:00+0200,146.33,EUR/MWh,FR,FR,imbalance_price,Long,2026-08-05T12:06:18Z
2026-08-05T12:02:33Z,2026-08-05T14:02:33+0200,a602df8b-e77d-453c-80cb-eeacd1e89d3b,2026-07-29T19:00:00Z,2026-07-29T21:00:00+0200,160.11,EUR/MWh,FR,FR,imbalance_price,Short,2026-08-05T12:06:18Z
2026-08-05T12:02:33Z,2026-08-05T14:02:33+0200,a602df8b-e77d-453c-80cb-eeacd1e89d3b,2026-07-29T19:15:00Z,2026-07-29T21:15:00+0200,181.08,EUR/MWh,FR,FR,imbalance_price,Long,2026-08-05T12:06:18Z
2026-08-05T12:02:33Z,2026-08-05T14:02:33+0200,a602df8b-e77d-453c-80cb-eeacd1e89d3b,2026-07-29T19:15:00Z,2026-07-29T21:15:00+0200,198.14,EUR/MWh,FR,FR,imbalance_price,Short,2026-08-05T12:06:18Z
2026-08-05T12:02:33Z,2026-08-05T14:02:33+0200,a602df8b-e77d-453c-80cb-eeacd1e89d3b,2026-07-29T19:30:00Z,2026-07-29T21:30:00+0200,142.85,EUR/MWh,FR,FR,imbalance_price,Long,2026-08-05T12:06:18Z
2026-08-05T12:02:33Z,2026-08-05T14:02:33+0200,a602df8b-e77d-453c-80cb-eeacd1e89d3b,2026-07-29T19:30:00Z,2026-07-29T21:30:00+0200,156.31,EUR/MWh,FR,FR,imbalance_price,Short,2026-08-05T12:06:18Z
2026-08-05T12:02:33Z,2026-08-05T14:02:33+0200,a602df8b-e77d-453c-80cb-eeacd1e89d3b,2026-07-29T19:45:00Z,2026-07-29T21:45:00+0200,74.07,EUR/MWh,FR,FR,imbalance_price,Long,2026-08-05T12:06:18Z
2026-08-05T12:02:33Z,2026-08-05T14:02:33+0200,a602df8b-e77d-453c-80cb-eeacd1e89d3b,2026-07-29T19:45:00Z,2026-07-29T21:45:00+0200,81.05,EUR/MWh,FR,FR,imbalance_price,Short,2026-08-05T12:06:18Z
2026-08-05T12:02:33Z,2026-08-05T14:02:33+0200,a602df8b-e77d-453c-80cb-eeacd1e89d3b,2026-07-29T20:00:00Z,2026-07-29T22:00:00+0200,186.74,EUR/MWh,FR,FR,imbalance_price,Long,2026-08-05T12:06:18Z
2026-08-05T12:02:33Z,2026-08-05T14:02:33+0200,a602df8b-e77d-453c-80cb-eeacd1e89d3b,2026-07-29T20:00:00Z,2026-07-29T22:00:00+0200,204.34,EUR/MWh,FR,FR,imbalance_price,Short,2026-08-05T12:06:18Z
2026-08-05T12:02:33Z,2026-08-05T14:02:33+0200,a602df8b-e77d-453c-80cb-eeacd1e89d3b,2026-07-29T20:15:00Z,2026-07-29T22:15:00+0200,193.12,EUR/MWh,FR,FR,imbalance_price,Long,2026-08-05T12:06:18Z
2026-08-05T12:02:33Z,2026-08-05T14:02:33+0200,a602df8b-e77d-453c-80cb-eeacd1e89d3b,2026-07-29T20:15:00Z,2026-07-29T22:15:00+0200,211.32,EUR/MWh,FR,FR,imbalance_price,Short,2026-08-05T12:06:18Z
2026-08-05T12:02:33Z,2026-08-05T14:02:33+0200,a602df8b-e77d-453c-80cb-eeacd1e89d3b,2026-07-29T20:30:00Z,2026-07-29T22:30:00+0200,193.12,EUR/MWh,FR,FR,imbalance_price,Long,2026-08-05T12:06:18Z
2026-08-05T12:02:33Z,2026-08-05T14:02:33+0200,a602df8b-e77d-453c-80cb-eeacd1e89d3b,2026-07-29T20:30:00Z,2026-07-29T22:30:00+0200,211.32,EUR/MWh,FR,FR,imbalance_price,Short,2026-08-05T12:06:18Z
2026-08-05T12:02:33Z,2026-08-05T14:02:33+0200,a602df8b-e77d-453c-80cb-eeacd1e89d3b,2026-07-29T20:45:00Z,2026-07-29T22:45:00+0200,193.12,EUR/MWh,FR,FR,imbalance_price,Long,2026-08-05T12:06:18Z
2026-08-05T12:02:33Z,2026-08-05T14:02:33+0200,a602df8b-e77d-453c-80cb-eeacd1e89d3b,2026-07-29T20:45:00Z,2026-07-29T22:45:00+0200,211.32,EUR/MWh,FR,FR,imbalance_price,Short,2026-08-05T12:06:18Z
2026-08-05T12:02:33Z,2026-08-05T14:02:33+0200,a602df8b-e77d-453c-80cb-eeacd1e89d3b,2026-07-29T21:00:00Z,2026-07-29T23:00:00+0200,185.01,EUR/MWh,FR,FR,imbalance_price,Long,2026-08-05T12:06:18Z
2026-08-05T12:02:33Z,2026-08-05T14:02:33+0200,a602df8b-e77d-453c-80cb-eeacd1e89d3b,2026-07-29T21:00:00Z,2026-07-29T23:00:00+0200,202.45,EUR/MWh,FR,FR,imbalance_price,Short,2026-08-05T12:06:18Z
2026-08-05T12:02:33Z,2026-08-05T14:02:33+0200,a602df8b-e77d-453c-80cb-eeacd1e89d3b,2026-07-29T21:15:00Z,2026-07-29T23:15:00+0200,193.19,EUR/MWh,FR,FR,imbalance_price,Long,2026-08-05T12:06:18Z
2026-08-05T12:02:33Z,2026-08-05T14:02:33+0200,a602df8b-e77d-453c-80cb-eeacd1e89d3b,2026-07-29T21:15:00Z,2026-07-29T23:15:00+0200,211.39,EUR/MWh,FR,FR,imbalance_price,Short,2026-08-05T12:06:18Z
2026-08-05T12:02:33Z,2026-08-05T14:02:33+0200,a602df8b-e77d-453c-80cb-eeacd1e89d3b,2026-07-29T21:30:00Z,2026-07-29T23:30:00+0200,187.5,EUR/MWh,FR,FR,imbalance_price,Long,2026-08-05T12:06:18Z
2026-08-05T12:02:33Z,2026-08-05T14:02:33+0200,a602df8b-e77d-453c-80cb-eeacd1e89d3b,2026-07-29T21:30:00Z,2026-07-29T23:30:00+0200,205.16,EUR/MWh,FR,FR,imbalance_price,Short,2026-08-05T12:06:18Z
2026-08-05T12:02:33Z,2026-08-05T14:02:33+0200,a602df8b-e77d-453c-80cb-eeacd1e89d3b,2026-07-29T21:45:00Z,2026-07-29T23:45:00+0200,185.62,EUR/MWh,FR,FR,imbalance_price,Long,2026-08-05T12:06:18Z
2026-08-05T12:02:33Z,2026-08-05T14:02:33+0200,a602df8b-e77d-453c-80cb-eeacd1e89d3b,2026-07-29T21:45:00Z,2026-07-29T23:45:00+0200,203.12,EUR/MWh,FR,FR,imbalance_price,Short,2026-08-05T12:06:18Z
2026-08-05T12:02:33Z,2026-08-05T14:02:33+0200,a602df8b-e77d-453c-80cb-eeacd1e89d3b,2026-07-29T22:00:00Z,2026-07-30T00:00:00+0200,221.12,EUR/MWh,FR,FR,imbalance_price,Long,2026-08-05T12:06:18Z
2026-08-05T12:02:33Z,2026-08-05T14:02:33+0200,a602df8b-e77d-453c-80cb-eeacd1e89d3b,2026-07-29T22:00:00Z,2026-07-30T00:00:00+0200,241.96,EUR/MWh,FR,FR,imbalance_price,Short,2026-08-05T12:06:18Z
2026-08-05T12:02:33Z,2026-08-05T14:02:33+0200,a602df8b-e77d-453c-80cb-eeacd1e89d3b,2026-07-29T22:15:00Z,2026-07-30T00:15:00+0200,221.15,EUR/MWh,FR,FR,imbalance_price,Long,2026-08-05T12:06:18Z
2026-08-05T12:02:33Z,2026-08-05T14:02:33+0200,a602df8b-e77d-453c-80cb-eeacd1e89d3b,2026-07-29T22:15:00Z,2026-07-30T00:15:00+0200,241.99,EUR/MWh,FR,FR,imbalance_price,Short,2026-08-05T12:06:18Z
2026-08-05T12:02:33Z,2026-08-05T14:02:33+0200,a602df8b-e77d-453c-80cb-eeacd1e89d3b,2026-07-29T22:30:00Z,2026-07-30T00:30:00+0200,214.97,EUR/MWh,FR,FR,imbalance_price,Long,2026-08-05T12:06:18Z
2026-08-05T12:02:33Z,2026-08-05T14:02:33+0200,a602df8b-e77d-453c-80cb-eeacd1e89d3b,2026-07-29T22:30:00Z,2026-07-30T00:30:00+0200,235.23,EUR/MWh,FR,FR,imbalance_price,Short,2026-08-05T12:06:18Z
2026-08-05T12:02:33Z,2026-08-05T14:02:33+0200,a602df8b-e77d-453c-80cb-eeacd1e89d3b,2026-07-29T22:45:00Z,2026-07-30T00:45:00+0200,223.36,EUR/MWh,FR,FR,imbalance_price,Long,2026-08-05T12:06:18Z
2026-08-05T12:02:33Z,2026-08-05T14:02:33+0200,a602df8b-e77d-453c-80cb-eeacd1e89d3b,2026-07-29T22:45:00Z,2026-07-30T00:45:00+0200,244.42,EUR/MWh,FR,FR,imbalance_price,Short,2026-08-05T12:06:18Z
2026-08-05T12:02:33Z,2026-08-05T14:02:33+0200,a602df8b-e77d-453c-80cb-eeacd1e89d3b,2026-07-29T23:00:00Z,2026-07-30T01:00:00+0200,226.09,EUR/MWh,FR,FR,imbalance_price,Long,2026-08-05T12:06:18Z
2026-08-05T12:02:33Z,2026-08-05T14:02:33+0200,a602df8b-e77d-453c-80cb-eeacd1e89d3b,2026-07-29T23:00:00Z,2026-07-30T01:00:00+0200,247.39,EUR/MWh,FR,FR,imbalance_price,Short,2026-08-05T12:06:18Z
2026-08-05T12:02:33Z,2026-08-05T14:02:33+0200,a602df8b-e77d-453c-80cb-eeacd1e89d3b,2026-07-29T23:15:00Z,2026-07-30T01:15:00+0200,227.21,EUR/MWh,FR,FR,imbalance_price,Long,2026-08-05T12:06:18Z
2026-08-05T12:02:33Z,2026-08-05T14:02:33+0200,a602df8b-e77d-453c-80cb-eeacd1e89d3b,2026-07-29T23:15:00Z,2026-07-30T01:15:00+0200,248.63,EUR/MWh,FR,FR,imbalance_price,Short,2026-08-05T12:06:18Z
2026-08-05T12:02:33Z,2026-08-05T14:02:33+0200,a602df8b-e77d-453c-80cb-eeacd1e89d3b,2026-07-29T23:30:00Z,2026-07-30T01:30:00+0200,226.1,EUR/MWh,FR,FR,imbalance_price,Long,2026-08-05T12:06:18Z
2026-08-05T12:02:33Z,2026-08-05T14:02:33+0200,a602df8b-e77d-453c-80cb-eeacd1e89d3b,2026-07-29T23:30:00Z,2026-07-30T01:30:00+0200,247.4,EUR/MWh,FR,FR,imbalance_price,Short,2026-08-05T12:06:18Z
2026-08-05T12:02:33Z,2026-08-05T14:02:33+0200,a602df8b-e77d-453c-80cb-eeacd1e89d3b,2026-07-29T23:45:00Z,2026-07-30T01:45:00+0200,227.21,EUR/MWh,FR,FR,imbalance_price,Long,2026-08-05T12:06:18Z
2026-08-05T12:02:33Z,2026-08-05T14:02:33+0200,a602df8b-e77d-453c-80cb-eeacd1e89d3b,2026-07-29T23:45:00Z,2026-07-30T01:45:00+0200,248.63,EUR/MWh,FR,FR,imbalance_price,Short,2026-08-05T12:06:18Z
2026-08-05T12:02:33Z,2026-08-05T14:02:33+0200,a602df8b-e77d-453c-80cb-eeacd1e89d3b,2026-07-30T00:00:00Z,2026-07-30T02:00:00+0200,238.02,EUR/MWh,FR,FR,imbalance_price,Long,2026-08-05T12:06:18Z
2026-08-05T12:02:33Z,2026-08-05T14:02:33+0200,a602df8b-e77d-453c-80cb-eeacd1e89d3b,2026-07-30T00:00:00Z,2026-07-30T02:00:00+0200,260.46,EUR/MWh,FR,FR,imbalance_price,Short,2026-08-05T12:06:18Z
2026-08-05T12:02:33Z,2026-08-05T14:02:33+0200,a602df8b-e77d-453c-80cb-eeacd1e89d3b,2026-07-30T00:15:00Z,2026-07-30T02:15:00+0200,245.51,EUR/MWh,FR,FR,imbalance_price,Long,2026-08-05T12:06:18Z
2026-08-05T12:02:33Z,2026-08-05T14:02:33+0200,a602df8b-e77d-453c-80cb-eeacd1e89d3b,2026-07-30T00:15:00Z,2026-07-30T02:15:00+0200,268.65,EUR/MWh,FR,FR,imbalance_price,Short,2026-08-05T12:06:18Z
2026-08-05T12:02:33Z,2026-08-05T14:02:33+0200,a602df8b-e77d-453c-80cb-eeacd1e89d3b,2026-07-30T00:30:00Z,2026-07-30T02:30:00+0200,183.83,EUR/MWh,FR,FR,imbalance_price,Long,2026-08-05T12:06:18Z
2026-08-05T12:02:33Z,2026-08-05T14:02:33+0200,a602df8b-e77d-453c-80cb-eeacd1e89d3b,2026-07-30T00:30:00Z,2026-07-30T02:30:00+0200,201.15,EUR/MWh,FR,FR,imbalance_price,Short,2026-08-05T12:06:18Z
2026-08-05T12:02:33Z,2026-08-05T14:02:33+0200,a602df8b-e77d-453c-80cb-eeacd1e89d3b,2026-07-30T00:45:00Z,2026-07-30T02:45:00+0200,176.29,EUR/MWh,FR,FR,imbalance_price,Long,2026-08-05T12:06:18Z
2026-08-05T12:02:33Z,2026-08-05T14:02:33+0200,a602df8b-e77d-453c-80cb-eeacd1e89d3b,2026-07-30T00:45:00Z,2026-07-30T02:45:00+0200,192.91,EUR/MWh,FR,FR,imbalance_price,Short,2026-08-05T12:06:18Z
2026-08-05T12:02:33Z,2026-08-05T14:02:33+0200,a602df8b-e77d-453c-80cb-eeacd1e89d3b,2026-07-30T01:00:00Z,2026-07-30T03:00:00+0200,176.29,EUR/MWh,FR,FR,imbalance_price,Long,2026-08-05T12:06:18Z
2026-08-05T12:02:33Z,2026-08-05T14:02:33+0200,a602df8b-e77d-453c-80cb-eeacd1e89d3b,2026-07-30T01:00:00Z,2026-07-30T03:00:00+0200,192.91,EUR/MWh,FR,FR,imbalance_price,Short,2026-08-05T12:06:18Z
2026-08-05T12:02:33Z,2026-08-05T14:02:33+0200,a602df8b-e77d-453c-80cb-eeacd1e89d3b,2026-07-30T01:15:00Z,2026-07-30T03:15:00+0200,130.47,EUR/MWh,FR,FR,imbalance_price,Long,2026-08-05T12:06:18Z
2026-08-05T12:02:33Z,2026-08-05T14:02:33+0200,a602df8b-e77d-453c-80cb-eeacd1e89d3b,2026-07-30T01:15:00Z,2026-07-30T03:15:00+0200,142.77,EUR/MWh,FR,FR,imbalance_price,Short,2026-08-05T12:06:18Z
2026-08-05T12:02:33Z,2026-08-05T14:02:33+0200,a602df8b-e77d-453c-80cb-eeacd1e89d3b,2026-07-30T01:30:00Z,2026-07-30T03:30:00+0200,142.49,EUR/MWh,FR,FR,imbalance_price,Long,2026-08-05T12:06:18Z
2026-08-05T12:02:33Z,2026-08-05T14:02:33+0200,a602df8b-e77d-453c-80cb-eeacd1e89d3b,2026-07-30T01:30:00Z,2026-07-30T03:30:00+0200,155.91,EUR/MWh,FR,FR,imbalance_price,Short,2026-08-05T12:06:18Z
2026-08-05T12:02:33Z,2026-08-05T14:02:33+0200,a602df8b-e77d-453c-80cb-eeacd1e89d3b,2026-07-30T01:45:00Z,2026-07-30T03:45:00+0200,135.12,EUR/MWh,FR,FR,imbalance_price,Long,2026-08-05T12:06:18Z
2026-08-05T12:02:33Z,2026-08-05T14:02:33+0200,a602df8b-e77d-453c-80cb-eeacd1e89d3b,2026-07-30T01:45:00Z,2026-07-30T03:45:00+0200,147.86,EUR/MWh,FR,FR,imbalance_price,Short,2026-08-05T12:06:18Z
2026-08-05T12:02:33Z,2026-08-05T14:02:33+0200,a602df8b-e77d-453c-80cb-eeacd1e89d3b,2026-07-30T02:00:00Z,2026-07-30T04:00:00+0200,205.09,EUR/MWh,FR,FR,imbalance_price,Long,2026-08-05T12:06:18Z
2026-08-05T12:02:33Z,2026-08-05T14:02:33+0200,a602df8b-e77d-453c-80cb-eeacd1e89d3b,2026-07-30T02:00:00Z,2026-07-30T04:00:00+0200,224.41,EUR/MWh,FR,FR,imbalance_price,Short,2026-08-05T12:06:18Z
2026-08-05T12:02:33Z,2026-08-05T14:02:33+0200,a602df8b-e77d-453c-80cb-eeacd1e89d3b,2026-07-30T02:15:00Z,2026-07-30T04:15:00+0200,205.09,EUR/MWh,FR,FR,imbalance_price,Long,2026-08-05T12:06:18Z
2026-08-05T12:02:33Z,2026-08-05T14:02:33+0200,a602df8b-e77d-453c-80cb-eeacd1e89d3b,2026-07-30T02:15:00Z,2026-07-30T04:15:00+0200,224.41,EUR/MWh,FR,FR,imbalance_price,Short,2026-08-05T12:06:18Z
2026-08-05T12:02:33Z,2026-08-05T14:02:33+0200,a602df8b-e77d-453c-80cb-eeacd1e89d3b,2026-07-30T02:30:00Z,2026-07-30T04:30:00+0200,134.04,EUR/MWh,FR,FR,imbalance_price,Long,2026-08-05T12:06:18Z
2026-08-05T12:02:33Z,2026-08-05T14:02:33+0200,a602df8b-e77d-453c-80cb-eeacd1e89d3b,2026-07-30T02:30:00Z,2026-07-30T04:30:00+0200,146.68,EUR/MWh,FR,FR,imbalance_price,Short,2026-08-05T12:06:18Z
2026-08-05T12:02:33Z,2026-08-05T14:02:33+0200,a602df8b-e77d-453c-80cb-eeacd1e89d3b,2026-07-30T02:45:00Z,2026-07-30T04:45:00+0200,205.09,EUR/MWh,FR,FR,imbalance_price,Long,2026-08-05T12:06:18Z
2026-08-05T12:02:33Z,2026-08-05T14:02:33+0200,a602df8b-e77d-453c-80cb-eeacd1e89d3b,2026-07-30T02:45:00Z,2026-07-30T04:45:00+0200,224.41,EUR/MWh,FR,FR,imbalance_price,Short,2026-08-05T12:06:18Z
2026-08-05T12:02:33Z,2026-08-05T14:02:33+0200,a602df8b-e77d-453c-80cb-eeacd1e89d3b,2026-07-30T03:00:00Z,2026-07-30T05:00:00+0200,205.09,EUR/MWh,FR,FR,imbalance_price,Long,2026-08-05T12:06:18Z
2026-08-05T12:02:33Z,2026-08-05T14:02:33+0200,a602df8b-e77d-453c-80cb-eeacd1e89d3b,2026-07-30T03:00:00Z,2026-07-30T05:00:00+0200,224.41,EUR/MWh,FR,FR,imbalance_price,Short,2026-08-05T12:06:18Z
2026-08-05T12:02:33Z,2026-08-05T14:02:33+0200,a602df8b-e77d-453c-80cb-eeacd1e89d3b,2026-07-30T03:15:00Z,2026-07-30T05:15:00+0200,205.09,EUR/MWh,FR,FR,imbalance_price,Long,2026-08-05T12:06:18Z
2026-08-05T12:02:33Z,2026-08-05T14:02:33+0200,a602df8b-e77d-453c-80cb-eeacd1e89d3b,2026-07-30T03:15:00Z,2026-07-30T05:15:00+0200,224.41,EUR/MWh,FR,FR,imbalance_price,Short,2026-08-05T12:06:18Z
2026-08-05T12:02:33Z,2026-08-05T14:02:33+0200,a602df8b-e77d-453c-80cb-eeacd1e89d3b,2026-07-30T03:30:00Z,2026-07-30T05:30:00+0200,205.09,EUR/MWh,FR,FR,imbalance_price,Long,2026-08-05T12:06:18Z
2026-08-05T12:02:33Z,2026-08-05T14:02:33+0200,a602df8b-e77d-453c-80cb-eeacd1e89d3b,2026-07-30T03:30:00Z,2026-07-30T05:30:00+0200,224.41,EUR/MWh,FR,FR,imbalance_price,Short,2026-08-05T12:06:18Z
2026-08-05T12:02:33Z,2026-08-05T14:02:33+0200,a602df8b-e77d-453c-80cb-eeacd1e89d3b,2026-07-30T03:45:00Z,2026-07-30T05:45:00+0200,205.09,EUR/MWh,FR,FR,imbalance_price,Long,2026-08-05T12:06:18Z
2026-08-05T12:02:33Z,2026-08-05T14:02:33+0200,a602df8b-e77d-453c-80cb-eeacd1e89d3b,2026-07-30T03:45:00Z,2026-07-30T05:45:00+0200,224.41,EUR/MWh,FR,FR,imbalance_price,Short,2026-08-05T12:06:18Z
2026-08-05T12:02:33Z,2026-08-05T14:02:33+0200,a602df8b-e77d-453c-80cb-eeacd1e89d3b,2026-07-30T04:00:00Z,2026-07-30T06:00:00+0200,176.29,EUR/MWh,FR,FR,imbalance_price,Long,2026-08-05T12:06:18Z
2026-08-05T12:02:33Z,2026-08-05T14:02:33+0200,a602df8b-e77d-453c-80cb-eeacd1e89d3b,2026-07-30T04:00:00Z,2026-07-30T06:00:00+0200,192.91,EUR/MWh,FR,FR,imbalance_price,Short,2026-08-05T12:06:18Z
2026-08-05T12:02:33Z,2026-08-05T14:02:33+0200,a602df8b-e77d-453c-80cb-eeacd1e89d3b,2026-07-30T04:15:00Z,2026-07-30T06:15:00+0200,136.99,EUR/MWh,FR,FR,imbalance_price,Long,2026-08-05T12:06:18Z
2026-08-05T12:02:33Z,2026-08-05T14:02:33+0200,a602df8b-e77d-453c-80cb-eeacd1e89d3b,2026-07-30T04:15:00Z,2026-07-30T06:15:00+0200,149.89,EUR/MWh,FR,FR,imbalance_price,Short,2026-08-05T12:06:18Z
2026-08-05T12:02:33Z,2026-08-05T14:02:33+0200,a602df8b-e77d-453c-80cb-eeacd1e89d3b,2026-07-30T04:30:00Z,2026-07-30T06:30:00+0200,112.91,EUR/MWh,FR,FR,imbalance_price,Long,2026-08-05T12:06:18Z
2026-08-05T12:02:33Z,2026-08-05T14:02:33+0200,a602df8b-e77d-453c-80cb-eeacd1e89d3b,2026-07-30T04:30:00Z,2026-07-30T06:30:00+0200,123.55,EUR/MWh,FR,FR,imbalance_price,Short,2026-08-05T12:06:18Z
2026-08-05T12:02:33Z,2026-08-05T14:02:33+0200,a602df8b-e77d-453c-80cb-eeacd1e89d3b,2026-07-30T04:45:00Z,2026-07-30T06:45:00+0200,169.28,EUR/MWh,FR,FR,imbalance_price,Long,2026-08-05T12:06:18Z
2026-08-05T12:02:33Z,2026-08-05T14:02:33+0200,a602df8b-e77d-453c-80cb-eeacd1e89d3b,2026-07-30T04:45:00Z,2026-07-30T06:45:00+0200,185.24,EUR/MWh,FR,FR,imbalance_price,Short,2026-08-05T12:06:18Z
2026-08-05T12:02:33Z,2026-08-05T14:02:33+0200,a602df8b-e77d-453c-80cb-eeacd1e89d3b,2026-07-30T05:00:00Z,2026-07-30T07:00:00+0200,268.19,EUR/MWh,FR,FR,imbalance_price,Long,2026-08-05T12:06:18Z
2026-08-05T12:02:33Z,2026-08-05T14:02:33+0200,a602df8b-e77d-453c-80cb-eeacd1e89d3b,2026-07-30T05:00:00Z,2026-07-30T07:00:00+0200,293.47,EUR/MWh,FR,FR,imbalance_price,Short,2026-08-05T12:06:18Z
2026-08-05T12:02:33Z,2026-08-05T14:02:33+0200,a602df8b-e77d-453c-80cb-eeacd1e89d3b,2026-07-30T05:15:00Z,2026-07-30T07:15:00+0200,140.04,EUR/MWh,FR,FR,imbalance_price,Long,2026-08-05T12:06:18Z
2026-08-05T12:02:33Z,2026-08-05T14:02:33+0200,a602df8b-e77d-453c-80cb-eeacd1e89d3b,2026-07-30T05:15:00Z,2026-07-30T07:15:00+0200,153.24,EUR/MWh,FR,FR,imbalance_price,Short,2026-08-05T12:06:18Z
2026-08-05T12:02:33Z,2026-08-05T14:02:33+0200,a602df8b-e77d-453c-80cb-eeacd1e89d3b,2026-07-30T05:30:00Z,2026-07-30T07:30:00+0200,141.0,EUR/MWh,FR,FR,imbalance_price,Long,2026-08-05T12:06:18Z
2026-08-05T12:02:33Z,2026-08-05T14:02:33+0200,a602df8b-e77d-453c-80cb-eeacd1e89d3b,2026-07-30T05:30:00Z,2026-07-30T07:30:00+0200,154.28,EUR/MWh,FR,FR,imbalance_price,Short,2026-08-05T12:06:18Z
2026-08-05T12:02:33Z,2026-08-05T14:02:33+0200,a602df8b-e77d-453c-80cb-eeacd1e89d3b,2026-07-30T05:45:00Z,2026-07-30T07:45:00+0200,156.08,EUR/MWh,FR,FR,imbalance_price,Long,2026-08-05T12:06:18Z
2026-08-05T12:02:33Z,2026-08-05T14:02:33+0200,a602df8b-e77d-453c-80cb-eeacd1e89d3b,2026-07-30T05:45:00Z,2026-07-30T07:45:00+0200,170.78,EUR/MWh,FR,FR,imbalance_price,Short,2026-08-05T12:06:18Z
2026-08-05T12:02:33Z,2026-08-05T14:02:33+0200,a602df8b-e77d-453c-80cb-eeacd1e89d3b,2026-07-30T06:00:00Z,2026-07-30T08:00:00+0200,219.11,EUR/MWh,FR,FR,imbalance_price,Long,2026-08-05T12:06:18Z
2026-08-05T12:02:33Z,2026-08-05T14:02:33+0200,a602df8b-e77d-453c-80cb-eeacd1e89d3b,2026-07-30T06:00:00Z,2026-07-30T08:00:00+0200,239.75,EUR/MWh,FR,FR,imbalance_price,Short,2026-08-05T12:06:18Z
2026-08-05T12:02:33Z,2026-08-05T14:02:33+0200,a602df8b-e77d-453c-80cb-eeacd1e89d3b,2026-07-30T06:15:00Z,2026-07-30T08:15:00+0200,102.79,EUR/MWh,FR,FR,imbalance_price,Long,2026-08-05T12:06:18Z
2026-08-05T12:02:33Z,2026-08-05T14:02:33+0200,a602df8b-e77d-453c-80cb-eeacd1e89d3b,2026-07-30T06:15:00Z,2026-07-30T08:15:00+0200,112.47,EUR/MWh,FR,FR,imbalance_price,Short,2026-08-05T12:06:18Z
2026-08-05T12:02:33Z,2026-08-05T14:02:33+0200,a602df8b-e77d-453c-80cb-eeacd1e89d3b,2026-07-30T06:30:00Z,2026-07-30T08:30:00+0200,111.4,EUR/MWh,FR,FR,imbalance_price,Long,2026-08-05T12:06:18Z
2026-08-05T12:02:33Z,2026-08-05T14:02:33+0200,a602df8b-e77d-453c-80cb-eeacd1e89d3b,2026-07-30T06:30:00Z,2026-07-30T08:30:00+0200,121.9,EUR/MWh,FR,FR,imbalance_price,Short,2026-08-05T12:06:18Z
2026-08-05T12:02:33Z,2026-08-05T14:02:33+0200,a602df8b-e77d-453c-80cb-eeacd1e89d3b,2026-07-30T06:45:00Z,2026-07-30T08:45:00+0200,152.28,EUR/MWh,FR,FR,imbalance_price,Long,2026-08-05T12:06:18Z
2026-08-05T12:02:33Z,2026-08-05T14:02:33+0200,a602df8b-e77d-453c-80cb-eeacd1e89d3b,2026-07-30T06:45:00Z,2026-07-30T08:45:00+0200,166.64,EUR/MWh,FR,FR,imbalance_price,Short,2026-08-05T12:06:18Z
2026-08-05T12:02:33Z,2026-08-05T14:02:33+0200,a602df8b-e77d-453c-80cb-eeacd1e89d3b,2026-07-30T07:00:00Z,2026-07-30T09:00:00+0200,128.46,EUR/MWh,FR,FR,imbalance_price,Long,2026-08-05T12:06:18Z
2026-08-05T12:02:33Z,2026-08-05T14:02:33+0200,a602df8b-e77d-453c-80cb-eeacd1e89d3b,2026-07-30T07:00:00Z,2026-07-30T09:00:00+0200,140.56,EUR/MWh,FR,FR,imbalance_price,Short,2026-08-05T12:06:18Z
2026-08-05T12:02:33Z,2026-08-05T14:02:33+0200,a602df8b-e77d-453c-80cb-eeacd1e89d3b,2026-07-30T07:15:00Z,2026-07-30T09:15:00+0200,124.76,EUR/MWh,FR,FR,imbalance_price,Long,2026-08-05T12:06:18Z
2026-08-05T12:02:33Z,2026-08-05T14:02:33+0200,a602df8b-e77d-453c-80cb-eeacd1e89d3b,2026-07-30T07:15:00Z,2026-07-30T09:15:00+0200,136.52,EUR/MWh,FR,FR,imbalance_price,Short,2026-08-05T12:06:18Z
2026-08-05T12:02:33Z,2026-08-05T14:02:33+0200,a602df8b-e77d-453c-80cb-eeacd1e89d3b,2026-07-30T07:30:00Z,2026-07-30T09:30:00+0200,151.55,EUR/MWh,FR,FR,imbalance_price,Long,2026-08-05T12:06:18Z
2026-08-05T12:02:33Z,2026-08-05T14:02:33+0200,a602df8b-e77d-453c-80cb-eeacd1e89d3b,2026-07-30T07:30:00Z,2026-07-30T09:30:00+0200,165.83,EUR/MWh,FR,FR,imbalance_price,Short,2026-08-05T12:06:18Z
2026-08-05T12:02:33Z,2026-08-05T14:02:33+0200,a602df8b-e77d-453c-80cb-eeacd1e89d3b,2026-07-30T07:45:00Z,2026-07-30T09:45:00+0200,143.59,EUR/MWh,FR,FR,imbalance_price,Long,2026-08-05T12:06:18Z
2026-08-05T12:02:33Z,2026-08-05T14:02:33+0200,a602df8b-e77d-453c-80cb-eeacd1e89d3b,2026-07-30T07:45:00Z,2026-07-30T09:45:00+0200,157.13,EUR/MWh,FR,FR,imbalance_price,Short,2026-08-05T12:06:18Z
2026-08-05T12:02:33Z,2026-08-05T14:02:33+0200,a602df8b-e77d-453c-80cb-eeacd1e89d3b,2026-07-30T08:00:00Z,2026-07-30T10:00:00+0200,163.17,EUR/MWh,FR,FR,imbalance_price,Long,2026-08-05T12:06:18Z
2026-08-05T12:02:33Z,2026-08-05T14:02:33+0200,a602df8b-e77d-453c-80cb-eeacd1e89d3b,2026-07-30T08:00:00Z,2026-07-30T10:00:00+0200,178.55,EUR/MWh,FR,FR,imbalance_price,Short,2026-08-05T12:06:18Z
2026-08-05T12:02:33Z,2026-08-05T14:02:33+0200,a602df8b-e77d-453c-80cb-eeacd1e89d3b,2026-07-30T08:15:00Z,2026-07-30T10:15:00+0200,147.17,EUR/MWh,FR,FR,imbalance_price,Long,2026-08-05T12:06:18Z
2026-08-05T12:02:33Z,2026-08-05T14:02:33+0200,a602df8b-e77d-453c-80cb-eeacd1e89d3b,2026-07-30T08:15:00Z,2026-07-30T10:15:00+0200,161.03,EUR/MWh,FR,FR,imbalance_price,Short,2026-08-05T12:06:18Z
2026-08-05T12:02:33Z,2026-08-05T14:02:33+0200,a602df8b-e77d-453c-80cb-eeacd1e89d3b,2026-07-30T08:30:00Z,2026-07-30T10:30:00+0200,106.8,EUR/MWh,FR,FR,imbalance_price,Long,2026-08-05T12:06:18Z
2026-08-05T12:02:33Z,2026-08-05T14:02:33+0200,a602df8b-e77d-453c-80cb-eeacd1e89d3b,2026-07-30T08:30:00Z,2026-07-30T10:30:00+0200,116.86,EUR/MWh,FR,FR,imbalance_price,Short,2026-08-05T12:06:18Z
2026-08-05T12:02:33Z,2026-08-05T14:02:33+0200,a602df8b-e77d-453c-80cb-eeacd1e89d3b,2026-07-30T08:45:00Z,2026-07-30T10:45:00+0200,4.58,EUR/MWh,FR,FR,imbalance_price,Long,2026-08-05T12:06:18Z
2026-08-05T12:02:33Z,2026-08-05T14:02:33+0200,a602df8b-e77d-453c-80cb-eeacd1e89d3b,2026-07-30T08:45:00Z,2026-07-30T10:45:00+0200,5.02,EUR/MWh,FR,FR,imbalance_price,Short,2026-08-05T12:06:18Z
2026-08-05T12:02:33Z,2026-08-05T14:02:33+0200,a602df8b-e77d-453c-80cb-eeacd1e89d3b,2026-07-30T09:00:00Z,2026-07-30T11:00:00+0200,-7.02,EUR/MWh,FR,FR,imbalance_price,Long,2026-08-05T12:06:18Z
2026-08-05T12:02:33Z,2026-08-05T14:02:33+0200,a602df8b-e77d-453c-80cb-eeacd1e89d3b,2026-07-30T09:00:00Z,2026-07-30T11:00:00+0200,-6.42,EUR/MWh,FR,FR,imbalance_price,Short,2026-08-05T12:06:18Z
2026-08-05T12:02:33Z,2026-08-05T14:02:33+0200,a602df8b-e77d-453c-80cb-eeacd1e89d3b,2026-07-30T09:15:00Z,2026-07-30T11:15:00+0200,-74.42,EUR/MWh,FR,FR,imbalance_price,Long,2026-08-05T12:06:18Z
2026-08-05T12:02:33Z,2026-08-05T14:02:33+0200,a602df8b-e77d-453c-80cb-eeacd1e89d3b,2026-07-30T09:15:00Z,2026-07-30T11:15:00+0200,-68.02,EUR/MWh,FR,FR,imbalance_price,Short,2026-08-05T12:06:18Z
2026-08-05T12:02:33Z,2026-08-05T14:02:33+0200,a602df8b-e77d-453c-80cb-eeacd1e89d3b,2026-07-30T09:30:00Z,2026-07-30T11:30:00+0200,18.6,EUR/MWh,FR,FR,imbalance_price,Long,2026-08-05T12:06:18Z
2026-08-05T12:02:33Z,2026-08-05T14:02:33+0200,a602df8b-e77d-453c-80cb-eeacd1e89d3b,2026-07-30T09:30:00Z,2026-07-30T11:30:00+0200,20.36,EUR/MWh,FR,FR,imbalance_price,Short,2026-08-05T12:06:18Z
2026-08-05T12:02:33Z,2026-08-05T14:02:33+0200,a602df8b-e77d-453c-80cb-eeacd1e89d3b,2026-07-30T09:45:00Z,2026-07-30T11:45:00+0200,45.88,EUR/MWh,FR,FR,imbalance_price,Long,2026-08-05T12:06:18Z
2026-08-05T12:02:33Z,2026-08-05T14:02:33+0200,a602df8b-e77d-453c-80cb-eeacd1e89d3b,2026-07-30T09:45:00Z,2026-07-30T11:45:00+0200,50.2,EUR/MWh,FR,FR,imbalance_price,Short,2026-08-05T12:06:18Z
2026-08-05T12:02:33Z,2026-08-05T14:02:33+0200,a602df8b-e77d-453c-80cb-eeacd1e89d3b,2026-07-30T10:00:00Z,2026-07-30T12:00:00+0200,-26.4,EUR/MWh,FR,FR,imbalance_price,Long,2026-08-05T12:06:18Z
2026-08-05T12:02:33Z,2026-08-05T14:02:33+0200,a602df8b-e77d-453c-80cb-eeacd1e89d3b,2026-07-30T10:00:00Z,2026-07-30T12:00:00+0200,-24.12,EUR/MWh,FR,FR,imbalance_price,Short,2026-08-05T12:06:18Z
2026-08-05T12:02:33Z,2026-08-05T14:02:33+0200,a602df8b-e77d-453c-80cb-eeacd1e89d3b,2026-07-30T10:15:00Z,2026-07-30T12:15:00+0200,72.97,EUR/MWh,FR,FR,imbalance_price,Long,2026-08-05T12:06:18Z
2026-08-05T12:02:33Z,2026-08-05T14:02:33+0200,a602df8b-e77d-453c-80cb-eeacd1e89d3b,2026-07-30T10:15:00Z,2026-07-30T12:15:00+0200,79.85,EUR/MWh,FR,FR,imbalance_price,Short,2026-08-05T12:06:18Z
2026-08-05T12:02:33Z,2026-08-05T14:02:33+0200,a602df8b-e77d-453c-80cb-eeacd1e89d3b,2026-07-30T10:30:00Z,2026-07-30T12:30:00+0200,37.48,EUR/MWh,FR,FR,imbalance_price,Long,2026-08-05T12:06:18Z
2026-08-05T12:02:33Z,2026-08-05T14:02:33+0200,a602df8b-e77d-453c-80cb-eeacd1e89d3b,2026-07-30T10:30:00Z,2026-07-30T12:30:00+0200,41.02,EUR/MWh,FR,FR,imbalance_price,Short,2026-08-05T12:06:18Z
2026-08-05T12:02:33Z,2026-08-05T14:02:33+0200,a602df8b-e77d-453c-80cb-eeacd1e89d3b,2026-07-30T10:45:00Z,2026-07-30T12:45:00+0200,59.59,EUR/MWh,FR,FR,imbalance_price,Long,2026-08-05T12:06:18Z
2026-08-05T12:02:33Z,2026-08-05T14:02:33+0200,a602df8b-e77d-453c-80cb-eeacd1e89d3b,2026-07-30T10:45:00Z,2026-07-30T12:45:00+0200,65.21,EUR/MWh,FR,FR,imbalance_price,Short,2026-08-05T12:06:18Z
2026-08-05T12:02:33Z,2026-08-05T14:02:33+0200,a602df8b-e77d-453c-80cb-eeacd1e89d3b,2026-07-30T11:00:00Z,2026-07-30T13:00:00+0200,44.13,EUR/MWh,FR,FR,imbalance_price,Long,2026-08-05T12:06:18Z
2026-08-05T12:02:33Z,2026-08-05T14:02:33+0200,a602df8b-e77d-453c-80cb-eeacd1e89d3b,2026-07-30T11:00:00Z,2026-07-30T13:00:00+0200,48.29,EUR/MWh,FR,FR,imbalance_price,Short,2026-08-05T12:06:18Z
2026-08-05T12:02:33Z,2026-08-05T14:02:33+0200,a602df8b-e77d-453c-80cb-eeacd1e89d3b,2026-07-30T11:15:00Z,2026-07-30T13:15:00+0200,13.34,EUR/MWh,FR,FR,imbalance_price,Long,2026-08-05T12:06:18Z
2026-08-05T12:02:33Z,2026-08-05T14:02:33+0200,a602df8b-e77d-453c-80cb-eeacd1e89d3b,2026-07-30T11:15:00Z,2026-07-30T13:15:00+0200,14.6,EUR/MWh,FR,FR,imbalance_price,Short,2026-08-05T12:06:18Z
2026-08-05T12:02:33Z,2026-08-05T14:02:33+0200,a602df8b-e77d-453c-80cb-eeacd1e89d3b,2026-07-30T11:30:00Z,2026-07-30T13:30:00+0200,-13.87,EUR/MWh,FR,FR,imbalance_price,Long,2026-08-05T12:06:18Z
2026-08-05T12:02:33Z,2026-08-05T14:02:33+0200,a602df8b-e77d-453c-80cb-eeacd1e89d3b,2026-07-30T11:30:00Z,2026-07-30T13:30:00+0200,-12.67,EUR/MWh,FR,FR,imbalance_price,Short,2026-08-05T12:06:18Z
2026-08-05T12:02:33Z,2026-08-05T14:02:33+0200,a602df8b-e77d-453c-80cb-eeacd1e89d3b,2026-07-30T11:45:00Z,2026-07-30T13:45:00+0200,23.18,EUR/MWh,FR,FR,imbalance_price,Long,2026-08-05T12:06:18Z
2026-08-05T12:02:33Z,2026-08-05T14:02:33+0200,a602df8b-e77d-453c-80cb-eeacd1e89d3b,2026-07-30T11:45:00Z,2026-07-30T13:45:00+0200,25.36,EUR/MWh,FR,FR,imbalance_price,Short,2026-08-05T12:06:18Z
2026-08-05T12:02:33Z,2026-08-05T14:02:33+0200,a602df8b-e77d-453c-80cb-eeacd1e89d3b,2026-07-30T12:00:00Z,2026-07-30T14:00:00+0200,128.94,EUR/MWh,FR,FR,imbalance_price,Long,2026-08-05T12:06:18Z
2026-08-05T12:02:33Z,2026-08-05T14:02:33+0200,a602df8b-e77d-453c-80cb-eeacd1e89d3b,2026-07-30T12:00:00Z,2026-07-30T14:00:00+0200,141.1,EUR/MWh,FR,FR,imbalance_price,Short,2026-08-05T12:06:18Z
2026-08-05T12:02:33Z,2026-08-05T14:02:33+0200,a602df8b-e77d-453c-80cb-eeacd1e89d3b,2026-07-30T12:15:00Z,2026-07-30T14:15:00+0200,87.6,EUR/MWh,FR,FR,imbalance_price,Long,2026-08-05T12:06:18Z
2026-08-05T12:02:33Z,2026-08-05T14:02:33+0200,a602df8b-e77d-453c-80cb-eeacd1e89d3b,2026-07-30T12:15:00Z,2026-07-30T14:15:00+0200,95.86,EUR/MWh,FR,FR,imbalance_price,Short,2026-08-05T12:06:18Z
2026-08-05T12:02:33Z,2026-08-05T14:02:33+0200,a602df8b-e77d-453c-80cb-eeacd1e89d3b,2026-07-30T12:30:00Z,2026-07-30T14:30:00+0200,49.13,EUR/MWh,FR,FR,imbalance_price,Long,2026-08-05T12:06:18Z
2026-08-05T12:02:33Z,2026-08-05T14:02:33+0200,a602df8b-e77d-453c-80cb-eeacd1e89d3b,2026-07-30T12:30:00Z,2026-07-30T14:30:00+0200,53.75,EUR/MWh,FR,FR,imbalance_price,Short,2026-08-05T12:06:18Z
2026-08-05T12:02:33Z,2026-08-05T14:02:33+0200,a602df8b-e77d-453c-80cb-eeacd1e89d3b,2026-07-30T12:45:00Z,2026-07-30T14:45:00+0200,80.13,EUR/MWh,FR,FR,imbalance_price,Long,2026-08-05T12:06:18Z
2026-08-05T12:02:33Z,2026-08-05T14:02:33+0200,a602df8b-e77d-453c-80cb-eeacd1e89d3b,2026-07-30T12:45:00Z,2026-07-30T14:45:00+0200,87.69,EUR/MWh,FR,FR,imbalance_price,Short,2026-08-05T12:06:18Z
2026-08-05T12:02:33Z,2026-08-05T14:02:33+0200,a602df8b-e77d-453c-80cb-eeacd1e89d3b,2026-07-30T13:00:00Z,2026-07-30T15:00:00+0200,-26.4,EUR/MWh,FR,FR,imbalance_price,Long,2026-08-05T12:06:18Z
2026-08-05T12:02:33Z,2026-08-05T14:02:33+0200,a602df8b-e77d-453c-80cb-eeacd1e89d3b,2026-07-30T13:00:00Z,2026-07-30T15:00:00+0200,-24.12,EUR/MWh,FR,FR,imbalance_price,Short,2026-08-05T12:06:18Z
2026-08-05T12:02:33Z,2026-08-05T14:02:33+0200,a602df8b-e77d-453c-80cb-eeacd1e89d3b,2026-07-30T13:15:00Z,2026-07-30T15:15:00+0200,0.0,EUR/MWh,FR,FR,imbalance_price,Long,2026-08-05T12:06:18Z
2026-08-05T12:02:33Z,2026-08-05T14:02:33+0200,a602df8b-e77d-453c-80cb-eeacd1e89d3b,2026-07-30T13:15:00Z,2026-07-30T15:15:00+0200,0.0,EUR/MWh,FR,FR,imbalance_price,Short,2026-08-05T12:06:18Z
2026-08-05T12:02:33Z,2026-08-05T14:02:33+0200,a602df8b-e77d-453c-80cb-eeacd1e89d3b,2026-07-30T13:30:00Z,2026-07-30T15:30:00+0200,0.0,EUR/MWh,FR,FR,imbalance_price,Long,2026-08-05T12:06:18Z
2026-08-05T12:02:33Z,2026-08-05T14:02:33+0200,a602df8b-e77d-453c-80cb-eeacd1e89d3b,2026-07-30T13:30:00Z,2026-07-30T15:30:00+0200,0.0,EUR/MWh,FR,FR,imbalance_price,Short,2026-08-05T12:06:18Z
2026-08-05T12:02:33Z,2026-08-05T14:02:33+0200,a602df8b-e77d-453c-80cb-eeacd1e89d3b,2026-07-30T13:45:00Z,2026-07-30T15:45:00+0200,66.99,EUR/MWh,FR,FR,imbalance_price,Long,2026-08-05T12:06:18Z
2026-08-05T12:02:33Z,2026-08-05T14:02:33+0200,a602df8b-e77d-453c-80cb-eeacd1e89d3b,2026-07-30T13:45:00Z,2026-07-30T15:45:00+0200,73.31,EUR/MWh,FR,FR,imbalance_price,Short,2026-08-05T12:06:18Z
2026-08-05T12:02:33Z,2026-08-05T14:02:33+0200,a602df8b-e77d-453c-80cb-eeacd1e89d3b,2026-07-30T14:00:00Z,2026-07-30T16:00:00+0200,11.4,EUR/MWh,FR,FR,imbalance_price,Long,2026-08-05T12:06:18Z
2026-08-05T12:02:33Z,2026-08-05T14:02:33+0200,a602df8b-e77d-453c-80cb-eeacd1e89d3b,2026-07-30T14:00:00Z,2026-07-30T16:00:00+0200,12.48,EUR/MWh,FR,FR,imbalance_price,Short,2026-08-05T12:06:18Z
2026-08-05T12:02:33Z,2026-08-05T14:02:33+0200,a602df8b-e77d-453c-80cb-eeacd1e89d3b,2026-07-30T14:15:00Z,2026-07-30T16:15:00+0200,67.13,EUR/MWh,FR,FR,imbalance_price,Long,2026-08-05T12:06:18Z
2026-08-05T12:02:33Z,2026-08-05T14:02:33+0200,a602df8b-e77d-453c-80cb-eeacd1e89d3b,2026-07-30T14:15:00Z,2026-07-30T16:15:00+0200,73.45,EUR/MWh,FR,FR,imbalance_price,Short,2026-08-05T12:06:18Z
2026-08-05T12:02:33Z,2026-08-05T14:02:33+0200,a602df8b-e77d-453c-80cb-eeacd1e89d3b,2026-07-30T14:30:00Z,2026-07-30T16:30:00+0200,28.44,EUR/MWh,FR,FR,imbalance_price,Long,2026-08-05T12:06:18Z
2026-08-05T12:02:33Z,2026-08-05T14:02:33+0200,a602df8b-e77d-453c-80cb-eeacd1e89d3b,2026-07-30T14:30:00Z,2026-07-30T16:30:00+0200,31.12,EUR/MWh,FR,FR,imbalance_price,Short,2026-08-05T12:06:18Z
2026-08-05T12:02:33Z,2026-08-05T14:02:33+0200,a602df8b-e77d-453c-80cb-eeacd1e89d3b,2026-07-30T14:45:00Z,2026-07-30T16:45:00+0200,-32.14,EUR/MWh,FR,FR,imbalance_price,Long,2026-08-05T12:06:18Z
2026-08-05T12:02:33Z,2026-08-05T14:02:33+0200,a602df8b-e77d-453c-80cb-eeacd1e89d3b,2026-07-30T14:45:00Z,2026-07-30T16:45:00+0200,-29.38,EUR/MWh,FR,FR,imbalance_price,Short,2026-08-05T12:06:18Z
2026-08-05T12:02:33Z,2026-08-05T14:02:33+0200,a602df8b-e77d-453c-80cb-eeacd1e89d3b,2026-07-30T15:00:00Z,2026-07-30T17:00:00+0200,0.0,EUR/MWh,FR,FR,imbalance_price,Long,2026-08-05T12:06:18Z
2026-08-05T12:02:33Z,2026-08-05T14:02:33+0200,a602df8b-e77d-453c-80cb-eeacd1e89d3b,2026-07-30T15:00:00Z,2026-07-30T17:00:00+0200,0.0,EUR/MWh,FR,FR,imbalance_price,Short,2026-08-05T12:06:18Z
2026-08-05T12:02:33Z,2026-08-05T14:02:33+0200,a602df8b-e77d-453c-80cb-eeacd1e89d3b,2026-07-30T15:15:00Z,2026-07-30T17:15:00+0200,0.0,EUR/MWh,FR,FR,imbalance_price,Long,2026-08-05T12:06:18Z
2026-08-05T12:02:33Z,2026-08-05T14:02:33+0200,a602df8b-e77d-453c-80cb-eeacd1e89d3b,2026-07-30T15:15:00Z,2026-07-30T17:15:00+0200,0.0,EUR/MWh,FR,FR,imbalance_price,Short,2026-08-05T12:06:18Z
2026-08-05T12:02:33Z,2026-08-05T14:02:33+0200,a602df8b-e77d-453c-80cb-eeacd1e89d3b,2026-07-30T15:30:00Z,2026-07-30T17:30:00+0200,101.33,EUR/MWh,FR,FR,imbalance_price,Long,2026-08-05T12:06:18Z
2026-08-05T12:02:33Z,2026-08-05T14:02:33+0200,a602df8b-e77d-453c-80cb-eeacd1e89d3b,2026-07-30T15:30:00Z,2026-07-30T17:30:00+0200,110.87,EUR/MWh,FR,FR,imbalance_price,Short,2026-08-05T12:06:18Z
2026-08-05T12:02:33Z,2026-08-05T14:02:33+0200,a602df8b-e77d-453c-80cb-eeacd1e89d3b,2026-07-30T15:45:00Z,2026-07-30T17:45:00+0200,163.68,EUR/MWh,FR,FR,imbalance_price,Long,2026-08-05T12:06:18Z
2026-08-05T12:02:33Z,2026-08-05T14:02:33+0200,a602df8b-e77d-453c-80cb-eeacd1e89d3b,2026-07-30T15:45:00Z,2026-07-30T17:45:00+0200,179.1,EUR/MWh,FR,FR,imbalance_price,Short,2026-08-05T12:06:18Z
2026-08-05T12:02:33Z,2026-08-05T14:02:33+0200,a602df8b-e77d-453c-80cb-eeacd1e89d3b,2026-07-30T16:00:00Z,2026-07-30T18:00:00+0200,218.79,EUR/MWh,FR,FR,imbalance_price,Long,2026-08-05T12:06:18Z
2026-08-05T12:02:33Z,2026-08-05T14:02:33+0200,a602df8b-e77d-453c-80cb-eeacd1e89d3b,2026-07-30T16:00:00Z,2026-07-30T18:00:00+0200,239.41,EUR/MWh,FR,FR,imbalance_price,Short,2026-08-05T12:06:18Z
2026-08-05T12:02:33Z,2026-08-05T14:02:33+0200,a602df8b-e77d-453c-80cb-eeacd1e89d3b,2026-07-30T16:15:00Z,2026-07-30T18:15:00+0200,207.1,EUR/MWh,FR,FR,imbalance_price,Long,2026-08-05T12:06:18Z
2026-08-05T12:02:33Z,2026-08-05T14:02:33+0200,a602df8b-e77d-453c-80cb-eeacd1e89d3b,2026-07-30T16:15:00Z,2026-07-30T18:15:00+0200,226.62,EUR/MWh,FR,FR,imbalance_price,Short,2026-08-05T12:06:18Z
2026-08-05T12:02:33Z,2026-08-05T14:02:33+0200,a602df8b-e77d-453c-80cb-eeacd1e89d3b,2026-07-30T16:30:00Z,2026-07-30T18:30:00+0200,210.99,EUR/MWh,FR,FR,imbalance_price,Long,2026-08-05T12:06:18Z
2026-08-05T12:02:33Z,2026-08-05T14:02:33+0200,a602df8b-e77d-453c-80cb-eeacd1e89d3b,2026-07-30T16:30:00Z,2026-07-30T18:30:00+0200,230.87,EUR/MWh,FR,FR,imbalance_price,Short,2026-08-05T12:06:18Z
2026-08-05T12:02:33Z,2026-08-05T14:02:33+0200,a602df8b-e77d-453c-80cb-eeacd1e89d3b,2026-07-30T16:45:00Z,2026-07-30T18:45:00+0200,193.34,EUR/MWh,FR,FR,imbalance_price,Long,2026-08-05T12:06:18Z
2026-08-05T12:02:33Z,2026-08-05T14:02:33+0200,a602df8b-e77d-453c-80cb-eeacd1e89d3b,2026-07-30T16:45:00Z,2026-07-30T18:45:00+0200,211.56,EUR/MWh,FR,FR,imbalance_price,Short,2026-08-05T12:06:18Z
2026-08-05T12:02:33Z,2026-08-05T14:02:33+0200,a602df8b-e77d-453c-80cb-eeacd1e89d3b,2026-07-30T17:00:00Z,2026-07-30T19:00:00+0200,180.58,EUR/MWh,FR,FR,imbalance_price,Long,2026-08-05T12:06:18Z
2026-08-05T12:02:33Z,2026-08-05T14:02:33+0200,a602df8b-e77d-453c-80cb-eeacd1e89d3b,2026-07-30T17:00:00Z,2026-07-30T19:00:00+0200,197.6,EUR/MWh,FR,FR,imbalance_price,Short,2026-08-05T12:06:18Z
2026-08-05T12:02:33Z,2026-08-05T14:02:33+0200,a602df8b-e77d-453c-80cb-eeacd1e89d3b,2026-07-30T17:15:00Z,2026-07-30T19:15:00+0200,180.58,EUR/MWh,FR,FR,imbalance_price,Long,2026-08-05T12:06:18Z
2026-08-05T12:02:33Z,2026-08-05T14:02:33+0200,a602df8b-e77d-453c-80cb-eeacd1e89d3b,2026-07-30T17:15:00Z,2026-07-30T19:15:00+0200,197.6,EUR/MWh,FR,FR,imbalance_price,Short,2026-08-05T12:06:18Z
2026-08-05T12:02:33Z,2026-08-05T14:02:33+0200,a602df8b-e77d-453c-80cb-eeacd1e89d3b,2026-07-30T17:30:00Z,2026-07-30T19:30:00+0200,148.85,EUR/MWh,FR,FR,imbalance_price,Long,2026-08-05T12:06:18Z
2026-08-05T12:02:33Z,2026-08-05T14:02:33+0200,a602df8b-e77d-453c-80cb-eeacd1e89d3b,2026-07-30T17:30:00Z,2026-07-30T19:30:00+0200,162.87,EUR/MWh,FR,FR,imbalance_price,Short,2026-08-05T12:06:18Z
2026-08-05T12:02:33Z,2026-08-05T14:02:33+0200,a602df8b-e77d-453c-80cb-eeacd1e89d3b,2026-07-30T17:45:00Z,2026-07-30T19:45:00+0200,171.82,EUR/MWh,FR,FR,imbalance_price,Long,2026-08-05T12:06:18Z
2026-08-05T12:02:33Z,2026-08-05T14:02:33+0200,a602df8b-e77d-453c-80cb-eeacd1e89d3b,2026-07-30T17:45:00Z,2026-07-30T19:45:00+0200,188.02,EUR/MWh,FR,FR,imbalance_price,Short,2026-08-05T12:06:18Z
2026-08-05T12:02:33Z,2026-08-05T14:02:33+0200,a602df8b-e77d-453c-80cb-eeacd1e89d3b,2026-07-30T18:00:00Z,2026-07-30T20:00:00+0200,175.4,EUR/MWh,FR,FR,imbalance_price,Long,2026-08-05T12:06:18Z
2026-08-05T12:02:33Z,2026-08-05T14:02:33+0200,a602df8b-e77d-453c-80cb-eeacd1e89d3b,2026-07-30T18:00:00Z,2026-07-30T20:00:00+0200,191.92,EUR/MWh,FR,FR,imbalance_price,Short,2026-08-05T12:06:18Z
2026-08-05T12:02:33Z,2026-08-05T14:02:33+0200,a602df8b-e77d-453c-80cb-eeacd1e89d3b,2026-07-30T18:15:00Z,2026-07-30T20:15:00+0200,102.13,EUR/MWh,FR,FR,imbalance_price,Long,2026-08-05T12:06:18Z
2026-08-05T12:02:33Z,2026-08-05T14:02:33+0200,a602df8b-e77d-453c-80cb-eeacd1e89d3b,2026-07-30T18:15:00Z,2026-07-30T20:15:00+0200,111.75,EUR/MWh,FR,FR,imbalance_price,Short,2026-08-05T12:06:18Z
2026-08-05T12:02:33Z,2026-08-05T14:02:33+0200,a602df8b-e77d-453c-80cb-eeacd1e89d3b,2026-07-30T18:30:00Z,2026-07-30T20:30:00+0200,208.23,EUR/MWh,FR,FR,imbalance_price,Long,2026-08-05T12:06:18Z
2026-08-05T12:02:33Z,2026-08-05T14:02:33+0200,a602df8b-e77d-453c-80cb-eeacd1e89d3b,2026-07-30T18:30:00Z,2026-07-30T20:30:00+0200,227.85,EUR/MWh,FR,FR,imbalance_price,Short,2026-08-05T12:06:18Z
2026-08-05T12:02:33Z,2026-08-05T14:02:33+0200,a602df8b-e77d-453c-80cb-eeacd1e89d3b,2026-07-30T18:45:00Z,2026-07-30T20:45:00+0200,207.66,EUR/MWh,FR,FR,imbalance_price,Long,2026-08-05T12:06:18Z
2026-08-05T12:02:33Z,2026-08-05T14:02:33+0200,a602df8b-e77d-453c-80cb-eeacd1e89d3b,2026-07-30T18:45:00Z,2026-07-30T20:45:00+0200,227.24,EUR/MWh,FR,FR,imbalance_price,Short,2026-08-05T12:06:18Z
2026-08-05T12:02:33Z,2026-08-05T14:02:33+0200,a602df8b-e77d-453c-80cb-eeacd1e89d3b,2026-07-30T19:00:00Z,2026-07-30T21:00:00+0200,168.58,EUR/MWh,FR,FR,imbalance_price,Long,2026-08-05T12:06:18Z
2026-08-05T12:02:33Z,2026-08-05T14:02:33+0200,a602df8b-e77d-453c-80cb-eeacd1e89d3b,2026-07-30T19:00:00Z,2026-07-30T21:00:00+0200,184.46,EUR/MWh,FR,FR,imbalance_price,Short,2026-08-05T12:06:18Z
2026-08-05T12:02:33Z,2026-08-05T14:02:33+0200,a602df8b-e77d-453c-80cb-eeacd1e89d3b,2026-07-30T19:15:00Z,2026-07-30T21:15:00+0200,160.17,EUR/MWh,FR,FR,imbalance_price,Long,2026-08-05T12:06:18Z
2026-08-05T12:02:33Z,2026-08-05T14:02:33+0200,a602df8b-e77d-453c-80cb-eeacd1e89d3b,2026-07-30T19:15:00Z,2026-07-30T21:15:00+0200,175.27,EUR/MWh,FR,FR,imbalance_price,Short,2026-08-05T12:06:18Z
2026-08-05T12:02:33Z,2026-08-05T14:02:33+0200,a602df8b-e77d-453c-80cb-eeacd1e89d3b,2026-07-30T19:30:00Z,2026-07-30T21:30:00+0200,160.32,EUR/MWh,FR,FR,imbalance_price,Long,2026-08-05T12:06:18Z
2026-08-05T12:02:33Z,2026-08-05T14:02:33+0200,a602df8b-e77d-453c-80cb-eeacd1e89d3b,2026-07-30T19:30:00Z,2026-07-30T21:30:00+0200,175.42,EUR/MWh,FR,FR,imbalance_price,Short,2026-08-05T12:06:18Z
2026-08-05T12:02:33Z,2026-08-05T14:02:33+0200,a602df8b-e77d-453c-80cb-eeacd1e89d3b,2026-07-30T19:45:00Z,2026-07-30T21:45:00+0200,123.79,EUR/MWh,FR,FR,imbalance_price,Long,2026-08-05T12:06:18Z
2026-08-05T12:02:33Z,2026-08-05T14:02:33+0200,a602df8b-e77d-453c-80cb-eeacd1e89d3b,2026-07-30T19:45:00Z,2026-07-30T21:45:00+0200,135.45,EUR/MWh,FR,FR,imbalance_price,Short,2026-08-05T12:06:18Z
2026-08-05T12:02:33Z,2026-08-05T14:02:33+0200,a602df8b-e77d-453c-80cb-eeacd1e89d3b,2026-07-30T20:00:00Z,2026-07-30T22:00:00+0200,135.04,EUR/MWh,FR,FR,imbalance_price,Long,2026-08-05T12:06:18Z
2026-08-05T12:02:33Z,2026-08-05T14:02:33+0200,a602df8b-e77d-453c-80cb-eeacd1e89d3b,2026-07-30T20:00:00Z,2026-07-30T22:00:00+0200,147.76,EUR/MWh,FR,FR,imbalance_price,Short,2026-08-05T12:06:18Z
2026-08-05T12:02:33Z,2026-08-05T14:02:33+0200,a602df8b-e77d-453c-80cb-eeacd1e89d3b,2026-07-30T20:15:00Z,2026-07-30T22:15:00+0200,112.03,EUR/MWh,FR,FR,imbalance_price,Long,2026-08-05T12:06:18Z
2026-08-05T12:02:33Z,2026-08-05T14:02:33+0200,a602df8b-e77d-453c-80cb-eeacd1e89d3b,2026-07-30T20:15:00Z,2026-07-30T22:15:00+0200,122.59,EUR/MWh,FR,FR,imbalance_price,Short,2026-08-05T12:06:18Z
2026-08-05T12:02:33Z,2026-08-05T14:02:33+0200,a602df8b-e77d-453c-80cb-eeacd1e89d3b,2026-07-30T20:30:00Z,2026-07-30T22:30:00+0200,175.87,EUR/MWh,FR,FR,imbalance_price,Long,2026-08-05T12:06:18Z
2026-08-05T12:02:33Z,2026-08-05T14:02:33+0200,a602df8b-e77d-453c-80cb-eeacd1e89d3b,2026-07-30T20:30:00Z,2026-07-30T22:30:00+0200,192.45,EUR/MWh,FR,FR,imbalance_price,Short,2026-08-05T12:06:18Z
2026-08-05T12:02:33Z,2026-08-05T14:02:33+0200,a602df8b-e77d-453c-80cb-eeacd1e89d3b,2026-07-30T20:45:00Z,2026-07-30T22:45:00+0200,142.96,EUR/MWh,FR,FR,imbalance_price,Long,2026-08-05T12:06:18Z
2026-08-05T12:02:33Z,2026-08-05T14:02:33+0200,a602df8b-e77d-453c-80cb-eeacd1e89d3b,2026-07-30T20:45:00Z,2026-07-30T22:45:00+0200,156.44,EUR/MWh,FR,FR,imbalance_price,Short,2026-08-05T12:06:18Z
2026-08-05T12:02:33Z,2026-08-05T14:02:33+0200,a602df8b-e77d-453c-80cb-eeacd1e89d3b,2026-07-30T21:00:00Z,2026-07-30T23:00:00+0200,173.45,EUR/MWh,FR,FR,imbalance_price,Long,2026-08-05T12:06:18Z
2026-08-05T12:02:33Z,2026-08-05T14:02:33+0200,a602df8b-e77d-453c-80cb-eeacd1e89d3b,2026-07-30T21:00:00Z,2026-07-30T23:00:00+0200,189.79,EUR/MWh,FR,FR,imbalance_price,Short,2026-08-05T12:06:18Z
2026-08-05T12:02:33Z,2026-08-05T14:02:33+0200,a602df8b-e77d-453c-80cb-eeacd1e89d3b,2026-07-30T21:15:00Z,2026-07-30T23:15:00+0200,161.62,EUR/MWh,FR,FR,imbalance_price,Long,2026-08-05T12:06:18Z
2026-08-05T12:02:33Z,2026-08-05T14:02:33+0200,a602df8b-e77d-453c-80cb-eeacd1e89d3b,2026-07-30T21:15:00Z,2026-07-30T23:15:00+0200,176.86,EUR/MWh,FR,FR,imbalance_price,Short,2026-08-05T12:06:18Z
2026-08-05T12:02:33Z,2026-08-05T14:02:33+0200,a602df8b-e77d-453c-80cb-eeacd1e89d3b,2026-07-30T21:30:00Z,2026-07-30T23:30:00+0200,177.95,EUR/MWh,FR,FR,imbalance_price,Long,2026-08-05T12:06:18Z
2026-08-05T12:02:33Z,2026-08-05T14:02:33+0200,a602df8b-e77d-453c-80cb-eeacd1e89d3b,2026-07-30T21:30:00Z,2026-07-30T23:30:00+0200,194.71,EUR/MWh,FR,FR,imbalance_price,Short,2026-08-05T12:06:18Z
2026-08-05T12:02:33Z,2026-08-05T14:02:33+0200,a602df8b-e77d-453c-80cb-eeacd1e89d3b,2026-07-30T21:45:00Z,2026-07-30T23:45:00+0200,172.87,EUR/MWh,FR,FR,imbalance_price,Long,2026-08-05T12:06:18Z
2026-08-05T12:02:33Z,2026-08-05T14:02:33+0200,a602df8b-e77d-453c-80cb-eeacd1e89d3b,2026-07-30T21:45:00Z,2026-07-30T23:45:00+0200,189.17,EUR/MWh,FR,FR,imbalance_price,Short,2026-08-05T12:06:18Z
2026-08-05T12:02:33Z,2026-08-05T14:02:33+0200,a602df8b-e77d-453c-80cb-eeacd1e89d3b,2026-07-30T22:00:00Z,2026-07-31T00:00:00+0200,131.97,EUR/MWh,FR,FR,imbalance_price,Long,2026-08-05T12:06:18Z
2026-08-05T12:02:33Z,2026-08-05T14:02:33+0200,a602df8b-e77d-453c-80cb-eeacd1e89d3b,2026-07-30T22:00:00Z,2026-07-31T00:00:00+0200,144.41,EUR/MWh,FR,FR,imbalance_price,Short,2026-08-05T12:06:18Z
2026-08-05T12:02:33Z,2026-08-05T14:02:33+0200,a602df8b-e77d-453c-80cb-eeacd1e89d3b,2026-07-30T22:15:00Z,2026-07-31T00:15:00+0200,156.36,EUR/MWh,FR,FR,imbalance_price,Long,2026-08-05T12:06:18Z
2026-08-05T12:02:33Z,2026-08-05T14:02:33+0200,a602df8b-e77d-453c-80cb-eeacd1e89d3b,2026-07-30T22:15:00Z,2026-07-31T00:15:00+0200,171.1,EUR/MWh,FR,FR,imbalance_price,Short,2026-08-05T12:06:18Z
2026-08-05T12:02:33Z,2026-08-05T14:02:33+0200,a602df8b-e77d-453c-80cb-eeacd1e89d3b,2026-07-30T22:30:00Z,2026-07-31T00:30:00+0200,149.51,EUR/MWh,FR,FR,imbalance_price,Long,2026-08-05T12:06:18Z
2026-08-05T12:02:33Z,2026-08-05T14:02:33+0200,a602df8b-e77d-453c-80cb-eeacd1e89d3b,2026-07-30T22:30:00Z,2026-07-31T00:30:00+0200,163.61,EUR/MWh,FR,FR,imbalance_price,Short,2026-08-05T12:06:18Z
2026-08-05T12:02:33Z,2026-08-05T14:02:33+0200,a602df8b-e77d-453c-80cb-eeacd1e89d3b,2026-07-30T22:45:00Z,2026-07-31T00:45:00+0200,160.32,EUR/MWh,FR,FR,imbalance_price,Long,2026-08-05T12:06:18Z
2026-08-05T12:02:33Z,2026-08-05T14:02:33+0200,a602df8b-e77d-453c-80cb-eeacd1e89d3b,2026-07-30T22:45:00Z,2026-07-31T00:45:00+0200,175.42,EUR/MWh,FR,FR,imbalance_price,Short,2026-08-05T12:06:18Z
2026-08-05T12:02:33Z,2026-08-05T14:02:33+0200,a602df8b-e77d-453c-80cb-eeacd1e89d3b,2026-07-30T23:00:00Z,2026-07-31T01:00:00+0200,156.95,EUR/MWh,FR,FR,imbalance_price,Long,2026-08-05T12:06:18Z
2026-08-05T12:02:33Z,2026-08-05T14:02:33+0200,a602df8b-e77d-453c-80cb-eeacd1e89d3b,2026-07-30T23:00:00Z,2026-07-31T01:00:00+0200,171.75,EUR/MWh,FR,FR,imbalance_price,Short,2026-08-05T12:06:18Z
2026-08-05T12:02:33Z,2026-08-05T14:02:33+0200,a602df8b-e77d-453c-80cb-eeacd1e89d3b,2026-07-30T23:15:00Z,2026-07-31T01:15:00+0200,162.41,EUR/MWh,FR,FR,imbalance_price,Long,2026-08-05T12:06:18Z
2026-08-05T12:02:33Z,2026-08-05T14:02:33+0200,a602df8b-e77d-453c-80cb-eeacd1e89d3b,2026-07-30T23:15:00Z,2026-07-31T01:15:00+0200,177.71,EUR/MWh,FR,FR,imbalance_price,Short,2026-08-05T12:06:18Z
2026-08-05T12:02:33Z,2026-08-05T14:02:33+0200,a602df8b-e77d-453c-80cb-eeacd1e89d3b,2026-07-30T23:30:00Z,2026-07-31T01:30:00+0200,159.82,EUR/MWh,FR,FR,imbalance_price,Long,2026-08-05T12:06:18Z
2026-08-05T12:02:33Z,2026-08-05T14:02:33+0200,a602df8b-e77d-453c-80cb-eeacd1e89d3b,2026-07-30T23:30:00Z,2026-07-31T01:30:00+0200,174.88,EUR/MWh,FR,FR,imbalance_price,Short,2026-08-05T12:06:18Z
2026-08-05T12:02:33Z,2026-08-05T14:02:33+0200,a602df8b-e77d-453c-80cb-eeacd1e89d3b,2026-07-30T23:45:00Z,2026-07-31T01:45:00+0200,145.95,EUR/MWh,FR,FR,imbalance_price,Long,2026-08-05T12:06:18Z
2026-08-05T12:02:33Z,2026-08-05T14:02:33+0200,a602df8b-e77d-453c-80cb-eeacd1e89d3b,2026-07-30T23:45:00Z,2026-07-31T01:45:00+0200,159.71,EUR/MWh,FR,FR,imbalance_price,Short,2026-08-05T12:06:18Z
2026-08-05T12:02:33Z,2026-08-05T14:02:33+0200,a602df8b-e77d-453c-80cb-eeacd1e89d3b,2026-07-31T00:00:00Z,2026-07-31T02:00:00+0200,150.42,EUR/MWh,FR,FR,imbalance_price,Long,2026-08-05T12:06:18Z
2026-08-05T12:02:33Z,2026-08-05T14:02:33+0200,a602df8b-e77d-453c-80cb-eeacd1e89d3b,2026-07-31T00:00:00Z,2026-07-31T02:00:00+0200,164.6,EUR/MWh,FR,FR,imbalance_price,Short,2026-08-05T12:06:18Z
2026-08-05T12:02:33Z,2026-08-05T14:02:33+0200,a602df8b-e77d-453c-80cb-eeacd1e89d3b,2026-07-31T00:15:00Z,2026-07-31T02:15:00+0200,152.49,EUR/MWh,FR,FR,imbalance_price,Long,2026-08-05T12:06:18Z
2026-08-05T12:02:33Z,2026-08-05T14:02:33+0200,a602df8b-e77d-453c-80cb-eeacd1e89d3b,2026-07-31T00:15:00Z,2026-07-31T02:15:00+0200,166.87,EUR/MWh,FR,FR,imbalance_price,Short,2026-08-05T12:06:18Z
2026-08-05T12:02:33Z,2026-08-05T14:02:33+0200,a602df8b-e77d-453c-80cb-eeacd1e89d3b,2026-07-31T00:30:00Z,2026-07-31T02:30:00+0200,152.46,EUR/MWh,FR,FR,imbalance_price,Long,2026-08-05T12:06:18Z
2026-08-05T12:02:33Z,2026-08-05T14:02:33+0200,a602df8b-e77d-453c-80cb-eeacd1e89d3b,2026-07-31T00:30:00Z,2026-07-31T02:30:00+0200,166.82,EUR/MWh,FR,FR,imbalance_price,Short,2026-08-05T12:06:18Z
2026-08-05T12:02:33Z,2026-08-05T14:02:33+0200,a602df8b-e77d-453c-80cb-eeacd1e89d3b,2026-07-31T00:45:00Z,2026-07-31T02:45:00+0200,152.18,EUR/MWh,FR,FR,imbalance_price,Long,2026-08-05T12:06:18Z
2026-08-05T12:02:33Z,2026-08-05T14:02:33+0200,a602df8b-e77d-453c-80cb-eeacd1e89d3b,2026-07-31T00:45:00Z,2026-07-31T02:45:00+0200,166.52,EUR/MWh,FR,FR,imbalance_price,Short,2026-08-05T12:06:18Z
2026-08-05T12:02:33Z,2026-08-05T14:02:33+0200,a602df8b-e77d-453c-80cb-eeacd1e89d3b,2026-07-31T01:00:00Z,2026-07-31T03:00:00+0200,157.76,EUR/MWh,FR,FR,imbalance_price,Long,2026-08-05T12:06:18Z
2026-08-05T12:02:33Z,2026-08-05T14:02:33+0200,a602df8b-e77d-453c-80cb-eeacd1e89d3b,2026-07-31T01:00:00Z,2026-07-31T03:00:00+0200,172.62,EUR/MWh,FR,FR,imbalance_price,Short,2026-08-05T12:06:18Z
2026-08-05T12:02:33Z,2026-08-05T14:02:33+0200,a602df8b-e77d-453c-80cb-eeacd1e89d3b,2026-07-31T01:15:00Z,2026-07-31T03:15:00+0200,128.33,EUR/MWh,FR,FR,imbalance_price,Long,2026-08-05T12:06:18Z
2026-08-05T12:02:33Z,2026-08-05T14:02:33+0200,a602df8b-e77d-453c-80cb-eeacd1e89d3b,2026-07-31T01:15:00Z,2026-07-31T03:15:00+0200,140.43,EUR/MWh,FR,FR,imbalance_price,Short,2026-08-05T12:06:18Z
2026-08-05T12:02:33Z,2026-08-05T14:02:33+0200,a602df8b-e77d-453c-80cb-eeacd1e89d3b,2026-07-31T01:30:00Z,2026-07-31T03:30:00+0200,117.89,EUR/MWh,FR,FR,imbalance_price,Long,2026-08-05T12:06:18Z
2026-08-05T12:02:33Z,2026-08-05T14:02:33+0200,a602df8b-e77d-453c-80cb-eeacd1e89d3b,2026-07-31T01:30:00Z,2026-07-31T03:30:00+0200,128.99,EUR/MWh,FR,FR,imbalance_price,Short,2026-08-05T12:06:18Z
2026-08-05T12:02:33Z,2026-08-05T14:02:33+0200,a602df8b-e77d-453c-80cb-eeacd1e89d3b,2026-07-31T01:45:00Z,2026-07-31T03:45:00+0200,126.3,EUR/MWh,FR,FR,imbalance_price,Long,2026-08-05T12:06:18Z
2026-08-05T12:02:33Z,2026-08-05T14:02:33+0200,a602df8b-e77d-453c-80cb-eeacd1e89d3b,2026-07-31T01:45:00Z,2026-07-31T03:45:00+0200,138.2,EUR/MWh,FR,FR,imbalance_price,Short,2026-08-05T12:06:18Z
2026-08-05T12:02:33Z,2026-08-05T14:02:33+0200,a602df8b-e77d-453c-80cb-eeacd1e89d3b,2026-07-31T02:00:00Z,2026-07-31T04:00:00+0200,127.55,EUR/MWh,FR,FR,imbalance_price,Long,2026-08-05T12:06:18Z
2026-08-05T12:02:33Z,2026-08-05T14:02:33+0200,a602df8b-e77d-453c-80cb-eeacd1e89d3b,2026-07-31T02:00:00Z,2026-07-31T04:00:00+0200,139.57,EUR/MWh,FR,FR,imbalance_price,Short,2026-08-05T12:06:18Z
2026-08-05T12:02:33Z,2026-08-05T14:02:33+0200,a602df8b-e77d-453c-80cb-eeacd1e89d3b,2026-07-31T02:15:00Z,2026-07-31T04:15:00+0200,136.72,EUR/MWh,FR,FR,imbalance_price,Long,2026-08-05T12:06:18Z
2026-08-05T12:02:33Z,2026-08-05T14:02:33+0200,a602df8b-e77d-453c-80cb-eeacd1e89d3b,2026-07-31T02:15:00Z,2026-07-31T04:15:00+0200,149.6,EUR/MWh,FR,FR,imbalance_price,Short,2026-08-05T12:06:18Z
2026-08-05T12:02:33Z,2026-08-05T14:02:33+0200,a602df8b-e77d-453c-80cb-eeacd1e89d3b,2026-07-31T02:30:00Z,2026-07-31T04:30:00+0200,118.71,EUR/MWh,FR,FR,imbalance_price,Long,2026-08-05T12:06:18Z
2026-08-05T12:02:33Z,2026-08-05T14:02:33+0200,a602df8b-e77d-453c-80cb-eeacd1e89d3b,2026-07-31T02:30:00Z,2026-07-31T04:30:00+0200,129.89,EUR/MWh,FR,FR,imbalance_price,Short,2026-08-05T12:06:18Z
2026-08-05T12:02:33Z,2026-08-05T14:02:33+0200,a602df8b-e77d-453c-80cb-eeacd1e89d3b,2026-07-31T02:45:00Z,2026-07-31T04:45:00+0200,152.78,EUR/MWh,FR,FR,imbalance_price,Long,2026-08-05T12:06:18Z
2026-08-05T12:02:33Z,2026-08-05T14:02:33+0200,a602df8b-e77d-453c-80cb-eeacd1e89d3b,2026-07-31T02:45:00Z,2026-07-31T04:45:00+0200,167.18,EUR/MWh,FR,FR,imbalance_price,Short,2026-08-05T12:06:18Z
2026-08-05T12:02:33Z,2026-08-05T14:02:33+0200,a602df8b-e77d-453c-80cb-eeacd1e89d3b,2026-07-31T03:00:00Z,2026-07-31T05:00:00+0200,129.35,EUR/MWh,FR,FR,imbalance_price,Long,2026-08-05T12:06:18Z
2026-08-05T12:02:33Z,2026-08-05T14:02:33+0200,a602df8b-e77d-453c-80cb-eeacd1e89d3b,2026-07-31T03:00:00Z,2026-07-31T05:00:00+0200,141.55,EUR/MWh,FR,FR,imbalance_price,Short,2026-08-05T12:06:18Z
2026-08-05T12:02:33Z,2026-08-05T14:02:33+0200,a602df8b-e77d-453c-80cb-eeacd1e89d3b,2026-07-31T03:15:00Z,2026-07-31T05:15:00+0200,47.81,EUR/MWh,FR,FR,imbalance_price,Long,2026-08-05T12:06:18Z
2026-08-05T12:02:33Z,2026-08-05T14:02:33+0200,a602df8b-e77d-453c-80cb-eeacd1e89d3b,2026-07-31T03:15:00Z,2026-07-31T05:15:00+0200,52.31,EUR/MWh,FR,FR,imbalance_price,Short,2026-08-05T12:06:18Z
2026-08-05T12:02:33Z,2026-08-05T14:02:33+0200,a602df8b-e77d-453c-80cb-eeacd1e89d3b,2026-07-31T03:30:00Z,2026-07-31T05:30:00+0200,105.24,EUR/MWh,FR,FR,imbalance_price,Long,2026-08-05T12:06:18Z
2026-08-05T12:02:33Z,2026-08-05T14:02:33+0200,a602df8b-e77d-453c-80cb-eeacd1e89d3b,2026-07-31T03:30:00Z,2026-07-31T05:30:00+0200,115.16,EUR/MWh,FR,FR,imbalance_price,Short,2026-08-05T12:06:18Z
2026-08-05T12:02:33Z,2026-08-05T14:02:33+0200,a602df8b-e77d-453c-80cb-eeacd1e89d3b,2026-07-31T03:45:00Z,2026-07-31T05:45:00+0200,0.29,EUR/MWh,FR,FR,imbalance_price,Long,2026-08-05T12:06:18Z
2026-08-05T12:02:33Z,2026-08-05T14:02:33+0200,a602df8b-e77d-453c-80cb-eeacd1e89d3b,2026-07-31T03:45:00Z,2026-07-31T05:45:00+0200,0.31,EUR/MWh,FR,FR,imbalance_price,Short,2026-08-05T12:06:18Z
2026-08-05T12:02:33Z,2026-08-05T14:02:33+0200,a602df8b-e77d-453c-80cb-eeacd1e89d3b,2026-07-31T04:00:00Z,2026-07-31T06:00:00+0200,175.22,EUR/MWh,FR,FR,imbalance_price,Long,2026-08-05T12:06:18Z
2026-08-05T12:02:33Z,2026-08-05T14:02:33+0200,a602df8b-e77d-453c-80cb-eeacd1e89d3b,2026-07-31T04:00:00Z,2026-07-31T06:00:00+0200,191.74,EUR/MWh,FR,FR,imbalance_price,Short,2026-08-05T12:06:18Z
2026-08-05T12:02:33Z,2026-08-05T14:02:33+0200,a602df8b-e77d-453c-80cb-eeacd1e89d3b,2026-07-31T04:15:00Z,2026-07-31T06:15:00+0200,175.22,EUR/MWh,FR,FR,imbalance_price,Long,2026-08-05T12:06:18Z
2026-08-05T12:02:33Z,2026-08-05T14:02:33+0200,a602df8b-e77d-453c-80cb-eeacd1e89d3b,2026-07-31T04:15:00Z,2026-07-31T06:15:00+0200,191.74,EUR/MWh,FR,FR,imbalance_price,Short,2026-08-05T12:06:18Z
2026-08-05T12:02:33Z,2026-08-05T14:02:33+0200,a602df8b-e77d-453c-80cb-eeacd1e89d3b,2026-07-31T04:30:00Z,2026-07-31T06:30:00+0200,-53.34,EUR/MWh,FR,FR,imbalance_price,Long,2026-08-05T12:06:18Z
2026-08-05T12:02:33Z,2026-08-05T14:02:33+0200,a602df8b-e77d-453c-80cb-eeacd1e89d3b,2026-07-31T04:30:00Z,2026-07-31T06:30:00+0200,-48.74,EUR/MWh,FR,FR,imbalance_price,Short,2026-08-05T12:06:18Z
2026-08-05T12:02:33Z,2026-08-05T14:02:33+0200,a602df8b-e77d-453c-80cb-eeacd1e89d3b,2026-07-31T04:45:00Z,2026-07-31T06:45:00+0200,175.22,EUR/MWh,FR,FR,imbalance_price,Long,2026-08-05T12:06:18Z
2026-08-05T12:02:33Z,2026-08-05T14:02:33+0200,a602df8b-e77d-453c-80cb-eeacd1e89d3b,2026-07-31T04:45:00Z,2026-07-31T06:45:00+0200,191.74,EUR/MWh,FR,FR,imbalance_price,Short,2026-08-05T12:06:18Z
2026-08-05T12:02:33Z,2026-08-05T14:02:33+0200,a602df8b-e77d-453c-80cb-eeacd1e89d3b,2026-07-31T05:00:00Z,2026-07-31T07:00:00+0200,164.54,EUR/MWh,FR,FR,imbalance_price,Long,2026-08-05T12:06:18Z
2026-08-05T12:02:33Z,2026-08-05T14:02:33+0200,a602df8b-e77d-453c-80cb-eeacd1e89d3b,2026-07-31T05:00:00Z,2026-07-31T07:00:00+0200,180.04,EUR/MWh,FR,FR,imbalance_price,Short,2026-08-05T12:06:18Z
2026-08-05T12:02:33Z,2026-08-05T14:02:33+0200,a602df8b-e77d-453c-80cb-eeacd1e89d3b,2026-07-31T05:15:00Z,2026-07-31T07:15:00+0200,170.97,EUR/MWh,FR,FR,imbalance_price,Long,2026-08-05T12:06:18Z
2026-08-05T12:02:33Z,2026-08-05T14:02:33+0200,a602df8b-e77d-453c-80cb-eeacd1e89d3b,2026-07-31T05:15:00Z,2026-07-31T07:15:00+0200,187.09,EUR/MWh,FR,FR,imbalance_price,Short,2026-08-05T12:06:18Z
2026-08-05T12:02:33Z,2026-08-05T14:02:33+0200,a602df8b-e77d-453c-80cb-eeacd1e89d3b,2026-07-31T05:30:00Z,2026-07-31T07:30:00+0200,173.51,EUR/MWh,FR,FR,imbalance_price,Long,2026-08-05T12:06:18Z
2026-08-05T12:02:33Z,2026-08-05T14:02:33+0200,a602df8b-e77d-453c-80cb-eeacd1e89d3b,2026-07-31T05:30:00Z,2026-07-31T07:30:00+0200,189.87,EUR/MWh,FR,FR,imbalance_price,Short,2026-08-05T12:06:18Z
2026-08-05T12:02:33Z,2026-08-05T14:02:33+0200,a602df8b-e77d-453c-80cb-eeacd1e89d3b,2026-07-31T05:45:00Z,2026-07-31T07:45:00+0200,118.78,EUR/MWh,FR,FR,imbalance_price,Long,2026-08-05T12:06:18Z
2026-08-05T12:02:33Z,2026-08-05T14:02:33+0200,a602df8b-e77d-453c-80cb-eeacd1e89d3b,2026-07-31T05:45:00Z,2026-07-31T07:45:00+0200,129.98,EUR/MWh,FR,FR,imbalance_price,Short,2026-08-05T12:06:18Z
2026-08-05T12:02:33Z,2026-08-05T14:02:33+0200,a602df8b-e77d-453c-80cb-eeacd1e89d3b,2026-07-31T06:00:00Z,2026-07-31T08:00:00+0200,89.1,EUR/MWh,FR,FR,imbalance_price,Long,2026-08-05T12:06:18Z
2026-08-05T12:02:33Z,2026-08-05T14:02:33+0200,a602df8b-e77d-453c-80cb-eeacd1e89d3b,2026-07-31T06:00:00Z,2026-07-31T08:00:00+0200,97.5,EUR/MWh,FR,FR,imbalance_price,Short,2026-08-05T12:06:18Z
2026-08-05T12:02:33Z,2026-08-05T14:02:33+0200,a602df8b-e77d-453c-80cb-eeacd1e89d3b,2026-07-31T06:15:00Z,2026-07-31T08:15:00+0200,178.01,EUR/MWh,FR,FR,imbalance_price,Long,2026-08-05T12:06:18Z
2026-08-05T12:02:33Z,2026-08-05T14:02:33+0200,a602df8b-e77d-453c-80cb-eeacd1e89d3b,2026-07-31T06:15:00Z,2026-07-31T08:15:00+0200,194.79,EUR/MWh,FR,FR,imbalance_price,Short,2026-08-05T12:06:18Z
2026-08-05T12:02:33Z,2026-08-05T14:02:33+0200,a602df8b-e77d-453c-80cb-eeacd1e89d3b,2026-07-31T06:30:00Z,2026-07-31T08:30:00+0200,176.04,EUR/MWh,FR,FR,imbalance_price,Long,2026-08-05T12:06:18Z
2026-08-05T12:02:33Z,2026-08-05T14:02:33+0200,a602df8b-e77d-453c-80cb-eeacd1e89d3b,2026-07-31T06:30:00Z,2026-07-31T08:30:00+0200,192.62,EUR/MWh,FR,FR,imbalance_price,Short,2026-08-05T12:06:18Z
2026-08-05T12:02:33Z,2026-08-05T14:02:33+0200,a602df8b-e77d-453c-80cb-eeacd1e89d3b,2026-07-31T06:45:00Z,2026-07-31T08:45:00+0200,143.81,EUR/MWh,FR,FR,imbalance_price,Long,2026-08-05T12:06:18Z
2026-08-05T12:02:33Z,2026-08-05T14:02:33+0200,a602df8b-e77d-453c-80cb-eeacd1e89d3b,2026-07-31T06:45:00Z,2026-07-31T08:45:00+0200,157.37,EUR/MWh,FR,FR,imbalance_price,Short,2026-08-05T12:06:18Z
2026-08-05T12:02:33Z,2026-08-05T14:02:33+0200,a602df8b-e77d-453c-80cb-eeacd1e89d3b,2026-07-31T07:00:00Z,2026-07-31T09:00:00+0200,178.3,EUR/MWh,FR,FR,imbalance_price,Long,2026-08-05T12:06:18Z
2026-08-05T12:02:33Z,2026-08-05T14:02:33+0200,a602df8b-e77d-453c-80cb-eeacd1e89d3b,2026-07-31T07:00:00Z,2026-07-31T09:00:00+0200,195.1,EUR/MWh,FR,FR,imbalance_price,Short,2026-08-05T12:06:18Z
2026-08-05T12:02:33Z,2026-08-05T14:02:33+0200,a602df8b-e77d-453c-80cb-eeacd1e89d3b,2026-07-31T07:15:00Z,2026-07-31T09:15:00+0200,191.94,EUR/MWh,FR,FR,imbalance_price,Long,2026-08-05T12:06:18Z
2026-08-05T12:02:33Z,2026-08-05T14:02:33+0200,a602df8b-e77d-453c-80cb-eeacd1e89d3b,2026-07-31T07:15:00Z,2026-07-31T09:15:00+0200,210.02,EUR/MWh,FR,FR,imbalance_price,Short,2026-08-05T12:06:18Z
2026-08-05T12:02:33Z,2026-08-05T14:02:33+0200,a602df8b-e77d-453c-80cb-eeacd1e89d3b,2026-07-31T07:30:00Z,2026-07-31T09:30:00+0200,188.24,EUR/MWh,FR,FR,imbalance_price,Long,2026-08-05T12:06:18Z
2026-08-05T12:02:33Z,2026-08-05T14:02:33+0200,a602df8b-e77d-453c-80cb-eeacd1e89d3b,2026-07-31T07:30:00Z,2026-07-31T09:30:00+0200,205.98,EUR/MWh,FR,FR,imbalance_price,Short,2026-08-05T12:06:18Z
2026-08-05T12:02:33Z,2026-08-05T14:02:33+0200,a602df8b-e77d-453c-80cb-eeacd1e89d3b,2026-07-31T07:45:00Z,2026-07-31T09:45:00+0200,186.83,EUR/MWh,FR,FR,imbalance_price,Long,2026-08-05T12:06:18Z
2026-08-05T12:02:33Z,2026-08-05T14:02:33+0200,a602df8b-e77d-453c-80cb-eeacd1e89d3b,2026-07-31T07:45:00Z,2026-07-31T09:45:00+0200,204.43,EUR/MWh,FR,FR,imbalance_price,Short,2026-08-05T12:06:18Z
2026-08-05T12:02:33Z,2026-08-05T14:02:33+0200,a602df8b-e77d-453c-80cb-eeacd1e89d3b,2026-07-31T08:00:00Z,2026-07-31T10:00:00+0200,173.82,EUR/MWh,FR,FR,imbalance_price,Long,2026-08-05T12:06:18Z
2026-08-05T12:02:33Z,2026-08-05T14:02:33+0200,a602df8b-e77d-453c-80cb-eeacd1e89d3b,2026-07-31T08:00:00Z,2026-07-31T10:00:00+0200,190.2,EUR/MWh,FR,FR,imbalance_price,Short,2026-08-05T12:06:18Z
2026-08-05T12:02:33Z,2026-08-05T14:02:33+0200,a602df8b-e77d-453c-80cb-eeacd1e89d3b,2026-07-31T08:15:00Z,2026-07-31T10:15:00+0200,185.62,EUR/MWh,FR,FR,imbalance_price,Long,2026-08-05T12:06:18Z
2026-08-05T12:02:33Z,2026-08-05T14:02:33+0200,a602df8b-e77d-453c-80cb-eeacd1e89d3b,2026-07-31T08:15:00Z,2026-07-31T10:15:00+0200,203.12,EUR/MWh,FR,FR,imbalance_price,Short,2026-08-05T12:06:18Z
2026-08-05T12:02:33Z,2026-08-05T14:02:33+0200,a602df8b-e77d-453c-80cb-eeacd1e89d3b,2026-07-31T08:30:00Z,2026-07-31T10:30:00+0200,180.13,EUR/MWh,FR,FR,imbalance_price,Long,2026-08-05T12:06:18Z
2026-08-05T12:02:33Z,2026-08-05T14:02:33+0200,a602df8b-e77d-453c-80cb-eeacd1e89d3b,2026-07-31T08:30:00Z,2026-07-31T10:30:00+0200,197.11,EUR/MWh,FR,FR,imbalance_price,Short,2026-08-05T12:06:18Z
2026-08-05T12:02:33Z,2026-08-05T14:02:33+0200,a602df8b-e77d-453c-80cb-eeacd1e89d3b,2026-07-31T08:45:00Z,2026-07-31T10:45:00+0200,179.33,EUR/MWh,FR,FR,imbalance_price,Long,2026-08-05T12:06:18Z
2026-08-05T12:02:33Z,2026-08-05T14:02:33+0200,a602df8b-e77d-453c-80cb-eeacd1e89d3b,2026-07-31T08:45:00Z,2026-07-31T10:45:00+0200,196.23,EUR/MWh,FR,FR,imbalance_price,Short,2026-08-05T12:06:18Z
2026-08-05T12:02:33Z,2026-08-05T14:02:33+0200,a602df8b-e77d-453c-80cb-eeacd1e89d3b,2026-07-31T09:00:00Z,2026-07-31T11:00:00+0200,183.78,EUR/MWh,FR,FR,imbalance_price,Long,2026-08-05T12:06:18Z
2026-08-05T12:02:33Z,2026-08-05T14:02:33+0200,a602df8b-e77d-453c-80cb-eeacd1e89d3b,2026-07-31T09:00:00Z,2026-07-31T11:00:00+0200,201.1,EUR/MWh,FR,FR,imbalance_price,Short,2026-08-05T12:06:18Z
2026-08-05T12:02:33Z,2026-08-05T14:02:33+0200,a602df8b-e77d-453c-80cb-eeacd1e89d3b,2026-07-31T09:15:00Z,2026-07-31T11:15:00+0200,191.7,EUR/MWh,FR,FR,imbalance_price,Long,2026-08-05T12:06:18Z
2026-08-05T12:02:33Z,2026-08-05T14:02:33+0200,a602df8b-e77d-453c-80cb-eeacd1e89d3b,2026-07-31T09:15:00Z,2026-07-31T11:15:00+0200,209.76,EUR/MWh,FR,FR,imbalance_price,Short,2026-08-05T12:06:18Z
2026-08-05T12:02:33Z,2026-08-05T14:02:33+0200,a602df8b-e77d-453c-80cb-eeacd1e89d3b,2026-07-31T09:30:00Z,2026-07-31T11:30:00+0200,194.6,EUR/MWh,FR,FR,imbalance_price,Long,2026-08-05T12:06:18Z
2026-08-05T12:02:33Z,2026-08-05T14:02:33+0200,a602df8b-e77d-453c-80cb-eeacd1e89d3b,2026-07-31T09:30:00Z,2026-07-31T11:30:00+0200,212.94,EUR/MWh,FR,FR,imbalance_price,Short,2026-08-05T12:06:18Z
2026-08-05T12:02:33Z,2026-08-05T14:02:33+0200,a602df8b-e77d-453c-80cb-eeacd1e89d3b,2026-07-31T09:45:00Z,2026-07-31T11:45:00+0200,196.31,EUR/MWh,FR,FR,imbalance_price,Long,2026-08-05T12:06:18Z
2026-08-05T12:02:33Z,2026-08-05T14:02:33+0200,a602df8b-e77d-453c-80cb-eeacd1e89d3b,2026-07-31T09:45:00Z,2026-07-31T11:45:00+0200,214.81,EUR/MWh,FR,FR,imbalance_price,Short,2026-08-05T12:06:18Z
2026-08-05T12:02:33Z,2026-08-05T14:02:33+0200,a602df8b-e77d-453c-80cb-eeacd1e89d3b,2026-07-31T10:00:00Z,2026-07-31T12:00:00+0200,191.43,EUR/MWh,FR,FR,imbalance_price,Long,2026-08-05T12:06:18Z
2026-08-05T12:02:33Z,2026-08-05T14:02:33+0200,a602df8b-e77d-453c-80cb-eeacd1e89d3b,2026-07-31T10:00:00Z,2026-07-31T12:00:00+0200,209.47,EUR/MWh,FR,FR,imbalance_price,Short,2026-08-05T12:06:18Z
2026-08-05T12:02:33Z,2026-08-05T14:02:33+0200,a602df8b-e77d-453c-80cb-eeacd1e89d3b,2026-07-31T10:15:00Z,2026-07-31T12:15:00+0200,178.13,EUR/MWh,FR,FR,imbalance_price,Long,2026-08-05T12:06:18Z
2026-08-05T12:02:33Z,2026-08-05T14:02:33+0200,a602df8b-e77d-453c-80cb-eeacd1e89d3b,2026-07-31T10:15:00Z,2026-07-31T12:15:00+0200,194.91,EUR/MWh,FR,FR,imbalance_price,Short,2026-08-05T12:06:18Z
2026-08-05T12:02:33Z,2026-08-05T14:02:33+0200,a602df8b-e77d-453c-80cb-eeacd1e89d3b,2026-07-31T10:30:00Z,2026-07-31T12:30:00+0200,185.06,EUR/MWh,FR,FR,imbalance_price,Long,2026-08-05T12:06:18Z
2026-08-05T12:02:33Z,2026-08-05T14:02:33+0200,a602df8b-e77d-453c-80cb-eeacd1e89d3b,2026-07-31T10:30:00Z,2026-07-31T12:30:00+0200,202.5,EUR/MWh,FR,FR,imbalance_price,Short,2026-08-05T12:06:18Z
2026-08-05T12:02:33Z,2026-08-05T14:02:33+0200,a602df8b-e77d-453c-80cb-eeacd1e89d3b,2026-07-31T10:45:00Z,2026-07-31T12:45:00+0200,35.66,EUR/MWh,FR,FR,imbalance_price,Long,2026-08-05T12:06:18Z
2026-08-05T12:02:33Z,2026-08-05T14:02:33+0200,a602df8b-e77d-453c-80cb-eeacd1e89d3b,2026-07-31T10:45:00Z,2026-07-31T12:45:00+0200,39.02,EUR/MWh,FR,FR,imbalance_price,Short,2026-08-05T12:06:18Z
2026-08-05T12:02:33Z,2026-08-05T14:02:33+0200,a602df8b-e77d-453c-80cb-eeacd1e89d3b,2026-07-31T11:00:00Z,2026-07-31T13:00:00+0200,193.29,EUR/MWh,FR,FR,imbalance_price,Long,2026-08-05T12:06:18Z
2026-08-05T12:02:33Z,2026-08-05T14:02:33+0200,a602df8b-e77d-453c-80cb-eeacd1e89d3b,2026-07-31T11:00:00Z,2026-07-31T13:00:00+0200,211.51,EUR/MWh,FR,FR,imbalance_price,Short,2026-08-05T12:06:18Z
2026-08-05T12:02:33Z,2026-08-05T14:02:33+0200,a602df8b-e77d-453c-80cb-eeacd1e89d3b,2026-07-31T11:15:00Z,2026-07-31T13:15:00+0200,6.21,EUR/MWh,FR,FR,imbalance_price,Long,2026-08-05T12:06:18Z
2026-08-05T12:02:33Z,2026-08-05T14:02:33+0200,a602df8b-e77d-453c-80cb-eeacd1e89d3b,2026-07-31T11:15:00Z,2026-07-31T13:15:00+0200,6.79,EUR/MWh,FR,FR,imbalance_price,Short,2026-08-05T12:06:18Z
2026-08-05T12:02:33Z,2026-08-05T14:02:33+0200,a602df8b-e77d-453c-80cb-eeacd1e89d3b,2026-07-31T11:30:00Z,2026-07-31T13:30:00+0200,70.73,EUR/MWh,FR,FR,imbalance_price,Long,2026-08-05T12:06:18Z
2026-08-05T12:02:33Z,2026-08-05T14:02:33+0200,a602df8b-e77d-453c-80cb-eeacd1e89d3b,2026-07-31T11:30:00Z,2026-07-31T13:30:00+0200,77.39,EUR/MWh,FR,FR,imbalance_price,Short,2026-08-05T12:06:18Z
2026-08-05T12:02:33Z,2026-08-05T14:02:33+0200,a602df8b-e77d-453c-80cb-eeacd1e89d3b,2026-07-31T11:45:00Z,2026-07-31T13:45:00+0200,88.85,EUR/MWh,FR,FR,imbalance_price,Long,2026-08-05T12:06:18Z
2026-08-05T12:02:33Z,2026-08-05T14:02:33+0200,a602df8b-e77d-453c-80cb-eeacd1e89d3b,2026-07-31T11:45:00Z,2026-07-31T13:45:00+0200,97.23,EUR/MWh,FR,FR,imbalance_price,Short,2026-08-05T12:06:18Z
2026-08-05T12:02:33Z,2026-08-05T14:02:33+0200,a602df8b-e77d-453c-80cb-eeacd1e89d3b,2026-07-31T12:00:00Z,2026-07-31T14:00:00+0200,6.51,EUR/MWh,FR,FR,imbalance_price,Long,2026-08-05T12:06:18Z
2026-08-05T12:02:33Z,2026-08-05T14:02:33+0200,a602df8b-e77d-453c-80cb-eeacd1e89d3b,2026-07-31T12:00:00Z,2026-07-31T14:00:00+0200,7.13,EUR/MWh,FR,FR,imbalance_price,Short,2026-08-05T12:06:18Z
2026-08-05T12:02:33Z,2026-08-05T14:02:33+0200,a602df8b-e77d-453c-80cb-eeacd1e89d3b,2026-07-31T12:15:00Z,2026-07-31T14:15:00+0200,31.47,EUR/MWh,FR,FR,imbalance_price,Long,2026-08-05T12:06:18Z
2026-08-05T12:02:33Z,2026-08-05T14:02:33+0200,a602df8b-e77d-453c-80cb-eeacd1e89d3b,2026-07-31T12:15:00Z,2026-07-31T14:15:00+0200,34.43,EUR/MWh,FR,FR,imbalance_price,Short,2026-08-05T12:06:18Z
2026-08-05T12:02:33Z,2026-08-05T14:02:33+0200,a602df8b-e77d-453c-80cb-eeacd1e89d3b,2026-07-31T12:30:00Z,2026-07-31T14:30:00+0200,64.09,EUR/MWh,FR,FR,imbalance_price,Long,2026-08-05T12:06:18Z
2026-08-05T12:02:33Z,2026-08-05T14:02:33+0200,a602df8b-e77d-453c-80cb-eeacd1e89d3b,2026-07-31T12:30:00Z,2026-07-31T14:30:00+0200,70.13,EUR/MWh,FR,FR,imbalance_price,Short,2026-08-05T12:06:18Z
2026-08-05T12:02:33Z,2026-08-05T14:02:33+0200,a602df8b-e77d-453c-80cb-eeacd1e89d3b,2026-07-31T12:45:00Z,2026-07-31T14:45:00+0200,39.65,EUR/MWh,FR,FR,imbalance_price,Long,2026-08-05T12:06:18Z
2026-08-05T12:02:33Z,2026-08-05T14:02:33+0200,a602df8b-e77d-453c-80cb-eeacd1e89d3b,2026-07-31T12:45:00Z,2026-07-31T14:45:00+0200,43.39,EUR/MWh,FR,FR,imbalance_price,Short,2026-08-05T12:06:18Z
2026-08-05T12:02:33Z,2026-08-05T14:02:33+0200,a602df8b-e77d-453c-80cb-eeacd1e89d3b,2026-07-31T13:00:00Z,2026-07-31T15:00:00+0200,143.21,EUR/MWh,FR,FR,imbalance_price,Long,2026-08-05T12:06:18Z
2026-08-05T12:02:33Z,2026-08-05T14:02:33+0200,a602df8b-e77d-453c-80cb-eeacd1e89d3b,2026-07-31T13:00:00Z,2026-07-31T15:00:00+0200,156.71,EUR/MWh,FR,FR,imbalance_price,Short,2026-08-05T12:06:18Z
2026-08-05T12:02:33Z,2026-08-05T14:02:33+0200,a602df8b-e77d-453c-80cb-eeacd1e89d3b,2026-07-31T13:15:00Z,2026-07-31T15:15:00+0200,194.7,EUR/MWh,FR,FR,imbalance_price,Long,2026-08-05T12:06:18Z
2026-08-05T12:02:33Z,2026-08-05T14:02:33+0200,a602df8b-e77d-453c-80cb-eeacd1e89d3b,2026-07-31T13:15:00Z,2026-07-31T15:15:00+0200,213.04,EUR/MWh,FR,FR,imbalance_price,Short,2026-08-05T12:06:18Z
2026-08-05T12:02:33Z,2026-08-05T14:02:33+0200,a602df8b-e77d-453c-80cb-eeacd1e89d3b,2026-07-31T13:30:00Z,2026-07-31T15:30:00+0200,172.5,EUR/MWh,FR,FR,imbalance_price,Long,2026-08-05T12:06:18Z
2026-08-05T12:02:33Z,2026-08-05T14:02:33+0200,a602df8b-e77d-453c-80cb-eeacd1e89d3b,2026-07-31T13:30:00Z,2026-07-31T15:30:00+0200,188.76,EUR/MWh,FR,FR,imbalance_price,Short,2026-08-05T12:06:18Z
2026-08-05T12:02:33Z,2026-08-05T14:02:33+0200,a602df8b-e77d-453c-80cb-eeacd1e89d3b,2026-07-31T13:45:00Z,2026-07-31T15:45:00+0200,163.02,EUR/MWh,FR,FR,imbalance_price,Long,2026-08-05T12:06:18Z
2026-08-05T12:02:33Z,2026-08-05T14:02:33+0200,a602df8b-e77d-453c-80cb-eeacd1e89d3b,2026-07-31T13:45:00Z,2026-07-31T15:45:00+0200,178.38,EUR/MWh,FR,FR,imbalance_price,Short,2026-08-05T12:06:18Z
2026-08-05T12:02:33Z,2026-08-05T14:02:33+0200,a602df8b-e77d-453c-80cb-eeacd1e89d3b,2026-07-31T14:00:00Z,2026-07-31T16:00:00+0200,158.52,EUR/MWh,FR,FR,imbalance_price,Long,2026-08-05T12:06:18Z
2026-08-05T12:02:33Z,2026-08-05T14:02:33+0200,a602df8b-e77d-453c-80cb-eeacd1e89d3b,2026-07-31T14:00:00Z,2026-07-31T16:00:00+0200,173.46,EUR/MWh,FR,FR,imbalance_price,Short,2026-08-05T12:06:18Z
2026-08-05T12:02:33Z,2026-08-05T14:02:33+0200,a602df8b-e77d-453c-80cb-eeacd1e89d3b,2026-07-31T14:15:00Z,2026-07-31T16:15:00+0200,157.91,EUR/MWh,FR,FR,imbalance_price,Long,2026-08-05T12:06:18Z
2026-08-05T12:02:33Z,2026-08-05T14:02:33+0200,a602df8b-e77d-453c-80cb-eeacd1e89d3b,2026-07-31T14:15:00Z,2026-07-31T16:15:00+0200,172.79,EUR/MWh,FR,FR,imbalance_price,Short,2026-08-05T12:06:18Z
2026-08-05T12:02:33Z,2026-08-05T14:02:33+0200,a602df8b-e77d-453c-80cb-eeacd1e89d3b,2026-07-31T14:30:00Z,2026-07-31T16:30:00+0200,177.63,EUR/MWh,FR,FR,imbalance_price,Long,2026-08-05T12:06:18Z
2026-08-05T12:02:33Z,2026-08-05T14:02:33+0200,a602df8b-e77d-453c-80cb-eeacd1e89d3b,2026-07-31T14:30:00Z,2026-07-31T16:30:00+0200,194.37,EUR/MWh,FR,FR,imbalance_price,Short,2026-08-05T12:06:18Z
2026-08-05T12:02:33Z,2026-08-05T14:02:33+0200,a602df8b-e77d-453c-80cb-eeacd1e89d3b,2026-07-31T14:45:00Z,2026-07-31T16:45:00+0200,177.44,EUR/MWh,FR,FR,imbalance_price,Long,2026-08-05T12:06:18Z
2026-08-05T12:02:33Z,2026-08-05T14:02:33+0200,a602df8b-e77d-453c-80cb-eeacd1e89d3b,2026-07-31T14:45:00Z,2026-07-31T16:45:00+0200,194.16,EUR/MWh,FR,FR,imbalance_price,Short,2026-08-05T12:06:18Z
2026-08-05T12:02:33Z,2026-08-05T14:02:33+0200,a602df8b-e77d-453c-80cb-eeacd1e89d3b,2026-07-31T15:00:00Z,2026-07-31T17:00:00+0200,149.0,EUR/MWh,FR,FR,imbalance_price,Long,2026-08-05T12:06:18Z
2026-08-05T12:02:33Z,2026-08-05T14:02:33+0200,a602df8b-e77d-453c-80cb-eeacd1e89d3b,2026-07-31T15:00:00Z,2026-07-31T17:00:00+0200,163.04,EUR/MWh,FR,FR,imbalance_price,Short,2026-08-05T12:06:18Z
2026-08-05T12:02:33Z,2026-08-05T14:02:33+0200,a602df8b-e77d-453c-80cb-eeacd1e89d3b,2026-07-31T15:15:00Z,2026-07-31T17:15:00+0200,179.07,EUR/MWh,FR,FR,imbalance_price,Long,2026-08-05T12:06:18Z
2026-08-05T12:02:33Z,2026-08-05T14:02:33+0200,a602df8b-e77d-453c-80cb-eeacd1e89d3b,2026-07-31T15:15:00Z,2026-07-31T17:15:00+0200,195.95,EUR/MWh,FR,FR,imbalance_price,Short,2026-08-05T12:06:18Z
2026-08-05T12:02:33Z,2026-08-05T14:02:33+0200,a602df8b-e77d-453c-80cb-eeacd1e89d3b,2026-07-31T15:30:00Z,2026-07-31T17:30:00+0200,179.42,EUR/MWh,FR,FR,imbalance_price,Long,2026-08-05T12:06:18Z
2026-08-05T12:02:33Z,2026-08-05T14:02:33+0200,a602df8b-e77d-453c-80cb-eeacd1e89d3b,2026-07-31T15:30:00Z,2026-07-31T17:30:00+0200,196.32,EUR/MWh,FR,FR,imbalance_price,Short,2026-08-05T12:06:18Z
2026-08-05T12:02:33Z,2026-08-05T14:02:33+0200,a602df8b-e77d-453c-80cb-eeacd1e89d3b,2026-07-31T15:45:00Z,2026-07-31T17:45:00+0200,176.89,EUR/MWh,FR,FR,imbalance_price,Long,2026-08-05T12:06:18Z
2026-08-05T12:02:33Z,2026-08-05T14:02:33+0200,a602df8b-e77d-453c-80cb-eeacd1e89d3b,2026-07-31T15:45:00Z,2026-07-31T17:45:00+0200,193.55,EUR/MWh,FR,FR,imbalance_price,Short,2026-08-05T12:06:18Z
2026-08-05T12:02:33Z,2026-08-05T14:02:33+0200,a602df8b-e77d-453c-80cb-eeacd1e89d3b,2026-07-31T16:00:00Z,2026-07-31T18:00:00+0200,169.93,EUR/MWh,FR,FR,imbalance_price,Long,2026-08-05T12:06:18Z
2026-08-05T12:02:33Z,2026-08-05T14:02:33+0200,a602df8b-e77d-453c-80cb-eeacd1e89d3b,2026-07-31T16:00:00Z,2026-07-31T18:00:00+0200,185.95,EUR/MWh,FR,FR,imbalance_price,Short,2026-08-05T12:06:18Z
2026-08-05T12:02:33Z,2026-08-05T14:02:33+0200,a602df8b-e77d-453c-80cb-eeacd1e89d3b,2026-07-31T16:15:00Z,2026-07-31T18:15:00+0200,194.47,EUR/MWh,FR,FR,imbalance_price,Long,2026-08-05T12:06:18Z
2026-08-05T12:02:33Z,2026-08-05T14:02:33+0200,a602df8b-e77d-453c-80cb-eeacd1e89d3b,2026-07-31T16:15:00Z,2026-07-31T18:15:00+0200,212.79,EUR/MWh,FR,FR,imbalance_price,Short,2026-08-05T12:06:18Z
2026-08-05T12:02:33Z,2026-08-05T14:02:33+0200,a602df8b-e77d-453c-80cb-eeacd1e89d3b,2026-07-31T16:30:00Z,2026-07-31T18:30:00+0200,115.54,EUR/MWh,FR,FR,imbalance_price,Long,2026-08-05T12:06:18Z
2026-08-05T12:02:33Z,2026-08-05T14:02:33+0200,a602df8b-e77d-453c-80cb-eeacd1e89d3b,2026-07-31T16:30:00Z,2026-07-31T18:30:00+0200,126.42,EUR/MWh,FR,FR,imbalance_price,Short,2026-08-05T12:06:18Z
2026-08-05T12:02:33Z,2026-08-05T14:02:33+0200,a602df8b-e77d-453c-80cb-eeacd1e89d3b,2026-07-31T16:45:00Z,2026-07-31T18:45:00+0200,195.2,EUR/MWh,FR,FR,imbalance_price,Long,2026-08-05T12:06:18Z
2026-08-05T12:02:33Z,2026-08-05T14:02:33+0200,a602df8b-e77d-453c-80cb-eeacd1e89d3b,2026-07-31T16:45:00Z,2026-07-31T18:45:00+0200,213.6,EUR/MWh,FR,FR,imbalance_price,Short,2026-08-05T12:06:18Z
2026-08-05T12:02:33Z,2026-08-05T14:02:33+0200,a602df8b-e77d-453c-80cb-eeacd1e89d3b,2026-07-31T17:00:00Z,2026-07-31T19:00:00+0200,119.85,EUR/MWh,FR,FR,imbalance_price,Long,2026-08-05T12:06:18Z
2026-08-05T12:02:33Z,2026-08-05T14:02:33+0200,a602df8b-e77d-453c-80cb-eeacd1e89d3b,2026-07-31T17:00:00Z,2026-07-31T19:00:00+0200,131.15,EUR/MWh,FR,FR,imbalance_price,Short,2026-08-05T12:06:18Z
2026-08-05T12:02:33Z,2026-08-05T14:02:33+0200,a602df8b-e77d-453c-80cb-eeacd1e89d3b,2026-07-31T17:15:00Z,2026-07-31T19:15:00+0200,112.53,EUR/MWh,FR,FR,imbalance_price,Long,2026-08-05T12:06:18Z
2026-08-05T12:02:33Z,2026-08-05T14:02:33+0200,a602df8b-e77d-453c-80cb-eeacd1e89d3b,2026-07-31T17:15:00Z,2026-07-31T19:15:00+0200,123.13,EUR/MWh,FR,FR,imbalance_price,Short,2026-08-05T12:06:18Z
2026-08-05T12:02:33Z,2026-08-05T14:02:33+0200,a602df8b-e77d-453c-80cb-eeacd1e89d3b,2026-07-31T17:30:00Z,2026-07-31T19:30:00+0200,102.93,EUR/MWh,FR,FR,imbalance_price,Long,2026-08-05T12:06:18Z
2026-08-05T12:02:33Z,2026-08-05T14:02:33+0200,a602df8b-e77d-453c-80cb-eeacd1e89d3b,2026-07-31T17:30:00Z,2026-07-31T19:30:00+0200,112.63,EUR/MWh,FR,FR,imbalance_price,Short,2026-08-05T12:06:18Z
2026-08-05T12:02:33Z,2026-08-05T14:02:33+0200,a602df8b-e77d-453c-80cb-eeacd1e89d3b,2026-07-31T17:45:00Z,2026-07-31T19:45:00+0200,203.76,EUR/MWh,FR,FR,imbalance_price,Long,2026-08-05T12:06:18Z
2026-08-05T12:02:33Z,2026-08-05T14:02:33+0200,a602df8b-e77d-453c-80cb-eeacd1e89d3b,2026-07-31T17:45:00Z,2026-07-31T19:45:00+0200,222.96,EUR/MWh,FR,FR,imbalance_price,Short,2026-08-05T12:06:18Z
2026-08-05T12:02:33Z,2026-08-05T14:02:33+0200,a602df8b-e77d-453c-80cb-eeacd1e89d3b,2026-07-31T18:00:00Z,2026-07-31T20:00:00+0200,92.57,EUR/MWh,FR,FR,imbalance_price,Long,2026-08-05T12:06:18Z
2026-08-05T12:02:33Z,2026-08-05T14:02:33+0200,a602df8b-e77d-453c-80cb-eeacd1e89d3b,2026-07-31T18:00:00Z,2026-07-31T20:00:00+0200,101.29,EUR/MWh,FR,FR,imbalance_price,Short,2026-08-05T12:06:18Z
2026-08-05T12:02:33Z,2026-08-05T14:02:33+0200,a602df8b-e77d-453c-80cb-eeacd1e89d3b,2026-07-31T18:15:00Z,2026-07-31T20:15:00+0200,166.27,EUR/MWh,FR,FR,imbalance_price,Long,2026-08-05T12:06:18Z
2026-08-05T12:02:33Z,2026-08-05T14:02:33+0200,a602df8b-e77d-453c-80cb-eeacd1e89d3b,2026-07-31T18:15:00Z,2026-07-31T20:15:00+0200,181.93,EUR/MWh,FR,FR,imbalance_price,Short,2026-08-05T12:06:18Z
2026-08-05T12:02:33Z,2026-08-05T14:02:33+0200,a602df8b-e77d-453c-80cb-eeacd1e89d3b,2026-07-31T18:30:00Z,2026-07-31T20:30:00+0200,162.93,EUR/MWh,FR,FR,imbalance_price,Long,2026-08-05T12:06:18Z
2026-08-05T12:02:33Z,2026-08-05T14:02:33+0200,a602df8b-e77d-453c-80cb-eeacd1e89d3b,2026-07-31T18:30:00Z,2026-07-31T20:30:00+0200,178.29,EUR/MWh,FR,FR,imbalance_price,Short,2026-08-05T12:06:18Z
2026-08-05T12:02:33Z,2026-08-05T14:02:33+0200,a602df8b-e77d-453c-80cb-eeacd1e89d3b,2026-07-31T18:45:00Z,2026-07-31T20:45:00+0200,169.44,EUR/MWh,FR,FR,imbalance_price,Long,2026-08-05T12:06:18Z
2026-08-05T12:02:33Z,2026-08-05T14:02:33+0200,a602df8b-e77d-453c-80cb-eeacd1e89d3b,2026-07-31T18:45:00Z,2026-07-31T20:45:00+0200,185.4,EUR/MWh,FR,FR,imbalance_price,Short,2026-08-05T12:06:18Z
2026-08-05T12:02:33Z,2026-08-05T14:02:33+0200,a602df8b-e77d-453c-80cb-eeacd1e89d3b,2026-07-31T19:00:00Z,2026-07-31T21:00:00+0200,167.98,EUR/MWh,FR,FR,imbalance_price,Long,2026-08-05T12:06:18Z
2026-08-05T12:02:33Z,2026-08-05T14:02:33+0200,a602df8b-e77d-453c-80cb-eeacd1e89d3b,2026-07-31T19:00:00Z,2026-07-31T21:00:00+0200,183.82,EUR/MWh,FR,FR,imbalance_price,Short,2026-08-05T12:06:18Z
2026-08-05T12:02:33Z,2026-08-05T14:02:33+0200,a602df8b-e77d-453c-80cb-eeacd1e89d3b,2026-07-31T19:15:00Z,2026-07-31T21:15:00+0200,161.65,EUR/MWh,FR,FR,imbalance_price,Long,2026-08-05T12:06:18Z
2026-08-05T12:02:33Z,2026-08-05T14:02:33+0200,a602df8b-e77d-453c-80cb-eeacd1e89d3b,2026-07-31T19:15:00Z,2026-07-31T21:15:00+0200,176.89,EUR/MWh,FR,FR,imbalance_price,Short,2026-08-05T12:06:18Z
2026-08-05T12:02:33Z,2026-08-05T14:02:33+0200,a602df8b-e77d-453c-80cb-eeacd1e89d3b,2026-07-31T19:30:00Z,2026-07-31T21:30:00+0200,173.08,EUR/MWh,FR,FR,imbalance_price,Long,2026-08-05T12:06:18Z
2026-08-05T12:02:33Z,2026-08-05T14:02:33+0200,a602df8b-e77d-453c-80cb-eeacd1e89d3b,2026-07-31T19:30:00Z,2026-07-31T21:30:00+0200,189.4,EUR/MWh,FR,FR,imbalance_price,Short,2026-08-05T12:06:18Z
2026-08-05T12:02:33Z,2026-08-05T14:02:33+0200,a602df8b-e77d-453c-80cb-eeacd1e89d3b,2026-07-31T19:45:00Z,2026-07-31T21:45:00+0200,167.64,EUR/MWh,FR,FR,imbalance_price,Long,2026-08-05T12:06:18Z
2026-08-05T12:02:33Z,2026-08-05T14:02:33+0200,a602df8b-e77d-453c-80cb-eeacd1e89d3b,2026-07-31T19:45:00Z,2026-07-31T21:45:00+0200,183.44,EUR/MWh,FR,FR,imbalance_price,Short,2026-08-05T12:06:18Z
2026-08-05T12:02:33Z,2026-08-05T14:02:33+0200,a602df8b-e77d-453c-80cb-eeacd1e89d3b,2026-07-31T20:00:00Z,2026-07-31T22:00:00+0200,178.29,EUR/MWh,FR,FR,imbalance_price,Long,2026-08-05T12:06:18Z
2026-08-05T12:02:33Z,2026-08-05T14:02:33+0200,a602df8b-e77d-453c-80cb-eeacd1e89d3b,2026-07-31T20:00:00Z,2026-07-31T22:00:00+0200,195.09,EUR/MWh,FR,FR,imbalance_price,Short,2026-08-05T12:06:18Z
2026-08-05T12:02:33Z,2026-08-05T14:02:33+0200,a602df8b-e77d-453c-80cb-eeacd1e89d3b,2026-07-31T20:15:00Z,2026-07-31T22:15:00+0200,174.12,EUR/MWh,FR,FR,imbalance_price,Long,2026-08-05T12:06:18Z
2026-08-05T12:02:33Z,2026-08-05T14:02:33+0200,a602df8b-e77d-453c-80cb-eeacd1e89d3b,2026-07-31T20:15:00Z,2026-07-31T22:15:00+0200,190.52,EUR/MWh,FR,FR,imbalance_price,Short,2026-08-05T12:06:18Z
2026-08-05T12:02:33Z,2026-08-05T14:02:33+0200,a602df8b-e77d-453c-80cb-eeacd1e89d3b,2026-07-31T20:30:00Z,2026-07-31T22:30:00+0200,174.26,EUR/MWh,FR,FR,imbalance_price,Long,2026-08-05T12:06:18Z
2026-08-05T12:02:33Z,2026-08-05T14:02:33+0200,a602df8b-e77d-453c-80cb-eeacd1e89d3b,2026-07-31T20:30:00Z,2026-07-31T22:30:00+0200,190.68,EUR/MWh,FR,FR,imbalance_price,Short,2026-08-05T12:06:18Z
2026-08-05T12:02:33Z,2026-08-05T14:02:33+0200,a602df8b-e77d-453c-80cb-eeacd1e89d3b,2026-07-31T20:45:00Z,2026-07-31T22:45:00+0200,173.63,EUR/MWh,FR,FR,imbalance_price,Long,2026-08-05T12:06:18Z
2026-08-05T12:02:33Z,2026-08-05T14:02:33+0200,a602df8b-e77d-453c-80cb-eeacd1e89d3b,2026-07-31T20:45:00Z,2026-07-31T22:45:00+0200,189.99,EUR/MWh,FR,FR,imbalance_price,Short,2026-08-05T12:06:18Z
2026-08-05T12:02:33Z,2026-08-05T14:02:33+0200,a602df8b-e77d-453c-80cb-eeacd1e89d3b,2026-07-31T21:00:00Z,2026-07-31T23:00:00+0200,168.42,EUR/MWh,FR,FR,imbalance_price,Long,2026-08-05T12:06:18Z
2026-08-05T12:02:33Z,2026-08-05T14:02:33+0200,a602df8b-e77d-453c-80cb-eeacd1e89d3b,2026-07-31T21:00:00Z,2026-07-31T23:00:00+0200,184.3,EUR/MWh,FR,FR,imbalance_price,Short,2026-08-05T12:06:18Z
2026-08-05T12:02:33Z,2026-08-05T14:02:33+0200,a602df8b-e77d-453c-80cb-eeacd1e89d3b,2026-07-31T21:15:00Z,2026-07-31T23:15:00+0200,176.25,EUR/MWh,FR,FR,imbalance_price,Long,2026-08-05T12:06:18Z
2026-08-05T12:02:33Z,2026-08-05T14:02:33+0200,a602df8b-e77d-453c-80cb-eeacd1e89d3b,2026-07-31T21:15:00Z,2026-07-31T23:15:00+0200,192.87,EUR/MWh,FR,FR,imbalance_price,Short,2026-08-05T12:06:18Z
2026-08-05T12:02:33Z,2026-08-05T14:02:33+0200,a602df8b-e77d-453c-80cb-eeacd1e89d3b,2026-07-31T21:30:00Z,2026-07-31T23:30:00+0200,163.95,EUR/MWh,FR,FR,imbalance_price,Long,2026-08-05T12:06:18Z
2026-08-05T12:02:33Z,2026-08-05T14:02:33+0200,a602df8b-e77d-453c-80cb-eeacd1e89d3b,2026-07-31T21:30:00Z,2026-07-31T23:30:00+0200,179.41,EUR/MWh,FR,FR,imbalance_price,Short,2026-08-05T12:06:18Z
2026-08-05T12:02:33Z,2026-08-05T14:02:33+0200,a602df8b-e77d-453c-80cb-eeacd1e89d3b,2026-07-31T21:45:00Z,2026-07-31T23:45:00+0200,177.3,EUR/MWh,FR,FR,imbalance_price,Long,2026-08-05T12:06:18Z
2026-08-05T12:02:33Z,2026-08-05T14:02:33+0200,a602df8b-e77d-453c-80cb-eeacd1e89d3b,2026-07-31T21:45:00Z,2026-07-31T23:45:00+0200,194.0,EUR/MWh,FR,FR,imbalance_price,Short,2026-08-05T12:06:18Z
2026-08-05T12:02:33Z,2026-08-05T14:02:33+0200,a602df8b-e77d-453c-80cb-eeacd1e89d3b,2026-07-31T22:00:00Z,2026-08-01T00:00:00+0200,172.78,EUR/MWh,FR,FR,imbalance_price,Long,2026-08-05T12:06:18Z
2026-08-05T12:02:33Z,2026-08-05T14:02:33+0200,a602df8b-e77d-453c-80cb-eeacd1e89d3b,2026-07-31T22:00:00Z,2026-08-01T00:00:00+0200,192.4,EUR/MWh,FR,FR,imbalance_price,Short,2026-08-05T12:06:18Z
2026-08-05T12:02:33Z,2026-08-05T14:02:33+0200,a602df8b-e77d-453c-80cb-eeacd1e89d3b,2026-07-31T22:15:00Z,2026-08-01T00:15:00+0200,177.26,EUR/MWh,FR,FR,imbalance_price,Long,2026-08-05T12:06:18Z
2026-08-05T12:02:33Z,2026-08-05T14:02:33+0200,a602df8b-e77d-453c-80cb-eeacd1e89d3b,2026-07-31T22:15:00Z,2026-08-01T00:15:00+0200,197.38,EUR/MWh,FR,FR,imbalance_price,Short,2026-08-05T12:06:18Z
2026-08-05T12:02:33Z,2026-08-05T14:02:33+0200,a602df8b-e77d-453c-80cb-eeacd1e89d3b,2026-07-31T22:30:00Z,2026-08-01T00:30:00+0200,180.89,EUR/MWh,FR,FR,imbalance_price,Long,2026-08-05T12:06:18Z
2026-08-05T12:02:33Z,2026-08-05T14:02:33+0200,a602df8b-e77d-453c-80cb-eeacd1e89d3b,2026-07-31T22:30:00Z,2026-08-01T00:30:00+0200,201.41,EUR/MWh,FR,FR,imbalance_price,Short,2026-08-05T12:06:18Z
2026-08-05T12:02:33Z,2026-08-05T14:02:33+0200,a602df8b-e77d-453c-80cb-eeacd1e89d3b,2026-07-31T22:45:00Z,2026-08-01T00:45:00+0200,179.49,EUR/MWh,FR,FR,imbalance_price,Long,2026-08-05T12:06:18Z
2026-08-05T12:02:33Z,2026-08-05T14:02:33+0200,a602df8b-e77d-453c-80cb-eeacd1e89d3b,2026-07-31T22:45:00Z,2026-08-01T00:45:00+0200,199.87,EUR/MWh,FR,FR,imbalance_price,Short,2026-08-05T12:06:18Z
2026-08-05T12:02:33Z,2026-08-05T14:02:33+0200,a602df8b-e77d-453c-80cb-eeacd1e89d3b,2026-07-31T23:00:00Z,2026-08-01T01:00:00+0200,168.45,EUR/MWh,FR,FR,imbalance_price,Long,2026-08-05T12:06:18Z
2026-08-05T12:02:33Z,2026-08-05T14:02:33+0200,a602df8b-e77d-453c-80cb-eeacd1e89d3b,2026-07-31T23:00:00Z,2026-08-01T01:00:00+0200,187.57,EUR/MWh,FR,FR,imbalance_price,Short,2026-08-05T12:06:18Z
2026-08-05T12:02:33Z,2026-08-05T14:02:33+0200,a602df8b-e77d-453c-80cb-eeacd1e89d3b,2026-07-31T23:15:00Z,2026-08-01T01:15:00+0200,161.54,EUR/MWh,FR,FR,imbalance_price,Long,2026-08-05T12:06:18Z
2026-08-05T12:02:33Z,2026-08-05T14:02:33+0200,a602df8b-e77d-453c-80cb-eeacd1e89d3b,2026-07-31T23:15:00Z,2026-08-01T01:15:00+0200,179.88,EUR/MWh,FR,FR,imbalance_price,Short,2026-08-05T12:06:18Z
2026-08-05T12:02:33Z,2026-08-05T14:02:33+0200,a602df8b-e77d-453c-80cb-eeacd1e89d3b,2026-07-31T23:30:00Z,2026-08-01T01:30:00+0200,167.61,EUR/MWh,FR,FR,imbalance_price,Long,2026-08-05T12:06:18Z
2026-08-05T12:02:33Z,2026-08-05T14:02:33+0200,a602df8b-e77d-453c-80cb-eeacd1e89d3b,2026-07-31T23:30:00Z,2026-08-01T01:30:00+0200,186.63,EUR/MWh,FR,FR,imbalance_price,Short,2026-08-05T12:06:18Z
2026-08-05T12:02:33Z,2026-08-05T14:02:33+0200,a602df8b-e77d-453c-80cb-eeacd1e89d3b,2026-07-31T23:45:00Z,2026-08-01T01:45:00+0200,165.4,EUR/MWh,FR,FR,imbalance_price,Long,2026-08-05T12:06:18Z
2026-08-05T12:02:33Z,2026-08-05T14:02:33+0200,a602df8b-e77d-453c-80cb-eeacd1e89d3b,2026-07-31T23:45:00Z,2026-08-01T01:45:00+0200,184.18,EUR/MWh,FR,FR,imbalance_price,Short,2026-08-05T12:06:18Z
2026-08-05T12:02:33Z,2026-08-05T14:02:33+0200,a602df8b-e77d-453c-80cb-eeacd1e89d3b,2026-08-01T00:00:00Z,2026-08-01T02:00:00+0200,114.04,EUR/MWh,FR,FR,imbalance_price,Long,2026-08-05T12:06:18Z
2026-08-05T12:02:33Z,2026-08-05T14:02:33+0200,a602df8b-e77d-453c-80cb-eeacd1e89d3b,2026-08-01T00:00:00Z,2026-08-01T02:00:00+0200,126.98,EUR/MWh,FR,FR,imbalance_price,Short,2026-08-05T12:06:18Z
2026-08-05T12:02:33Z,2026-08-05T14:02:33+0200,a602df8b-e77d-453c-80cb-eeacd1e89d3b,2026-08-01T00:15:00Z,2026-08-01T02:15:00+0200,124.85,EUR/MWh,FR,FR,imbalance_price,Long,2026-08-05T12:06:18Z
2026-08-05T12:02:33Z,2026-08-05T14:02:33+0200,a602df8b-e77d-453c-80cb-eeacd1e89d3b,2026-08-01T00:15:00Z,2026-08-01T02:15:00+0200,139.03,EUR/MWh,FR,FR,imbalance_price,Short,2026-08-05T12:06:18Z
2026-08-05T12:02:33Z,2026-08-05T14:02:33+0200,a602df8b-e77d-453c-80cb-eeacd1e89d3b,2026-08-01T00:30:00Z,2026-08-01T02:30:00+0200,119.39,EUR/MWh,FR,FR,imbalance_price,Long,2026-08-05T12:06:18Z
2026-08-05T12:02:33Z,2026-08-05T14:02:33+0200,a602df8b-e77d-453c-80cb-eeacd1e89d3b,2026-08-01T00:30:00Z,2026-08-01T02:30:00+0200,132.95,EUR/MWh,FR,FR,imbalance_price,Short,2026-08-05T12:06:18Z
2026-08-05T12:02:33Z,2026-08-05T14:02:33+0200,a602df8b-e77d-453c-80cb-eeacd1e89d3b,2026-08-01T00:45:00Z,2026-08-01T02:45:00+0200,143.83,EUR/MWh,FR,FR,imbalance_price,Long,2026-08-05T12:06:18Z
2026-08-05T12:02:33Z,2026-08-05T14:02:33+0200,a602df8b-e77d-453c-80cb-eeacd1e89d3b,2026-08-01T00:45:00Z,2026-08-01T02:45:00+0200,160.15,EUR/MWh,FR,FR,imbalance_price,Short,2026-08-05T12:06:18Z
2026-08-05T12:02:33Z,2026-08-05T14:02:33+0200,a602df8b-e77d-453c-80cb-eeacd1e89d3b,2026-08-01T01:00:00Z,2026-08-01T03:00:00+0200,151.64,EUR/MWh,FR,FR,imbalance_price,Long,2026-08-05T12:06:18Z
2026-08-05T12:02:33Z,2026-08-05T14:02:33+0200,a602df8b-e77d-453c-80cb-eeacd1e89d3b,2026-08-01T01:00:00Z,2026-08-01T03:00:00+0200,168.84,EUR/MWh,FR,FR,imbalance_price,Short,2026-08-05T12:06:18Z
2026-08-05T12:02:33Z,2026-08-05T14:02:33+0200,a602df8b-e77d-453c-80cb-eeacd1e89d3b,2026-08-01T01:15:00Z,2026-08-01T03:15:00+0200,111.95,EUR/MWh,FR,FR,imbalance_price,Long,2026-08-05T12:06:18Z
2026-08-05T12:02:33Z,2026-08-05T14:02:33+0200,a602df8b-e77d-453c-80cb-eeacd1e89d3b,2026-08-01T01:15:00Z,2026-08-01T03:15:00+0200,124.65,EUR/MWh,FR,FR,imbalance_price,Short,2026-08-05T12:06:18Z
2026-08-05T12:02:33Z,2026-08-05T14:02:33+0200,a602df8b-e77d-453c-80cb-eeacd1e89d3b,2026-08-01T01:30:00Z,2026-08-01T03:30:00+0200,115.5,EUR/MWh,FR,FR,imbalance_price,Long,2026-08-05T12:06:18Z
2026-08-05T12:02:33Z,2026-08-05T14:02:33+0200,a602df8b-e77d-453c-80cb-eeacd1e89d3b,2026-08-01T01:30:00Z,2026-08-01T03:30:00+0200,128.6,EUR/MWh,FR,FR,imbalance_price,Short,2026-08-05T12:06:18Z
2026-08-05T12:02:33Z,2026-08-05T14:02:33+0200,a602df8b-e77d-453c-80cb-eeacd1e89d3b,2026-08-01T01:45:00Z,2026-08-01T03:45:00+0200,131.45,EUR/MWh,FR,FR,imbalance_price,Long,2026-08-05T12:06:18Z
2026-08-05T12:02:33Z,2026-08-05T14:02:33+0200,a602df8b-e77d-453c-80cb-eeacd1e89d3b,2026-08-01T01:45:00Z,2026-08-01T03:45:00+0200,146.37,EUR/MWh,FR,FR,imbalance_price,Short,2026-08-05T12:06:18Z
2026-08-05T12:02:33Z,2026-08-05T14:02:33+0200,a602df8b-e77d-453c-80cb-eeacd1e89d3b,2026-08-01T02:00:00Z,2026-08-01T04:00:00+0200,121.97,EUR/MWh,FR,FR,imbalance_price,Long,2026-08-05T12:06:18Z
2026-08-05T12:02:33Z,2026-08-05T14:02:33+0200,a602df8b-e77d-453c-80cb-eeacd1e89d3b,2026-08-01T02:00:00Z,2026-08-01T04:00:00+0200,135.81,EUR/MWh,FR,FR,imbalance_price,Short,2026-08-05T12:06:18Z
2026-08-05T12:02:33Z,2026-08-05T14:02:33+0200,a602df8b-e77d-453c-80cb-eeacd1e89d3b,2026-08-01T02:15:00Z,2026-08-01T04:15:00+0200,116.42,EUR/MWh,FR,FR,imbalance_price,Long,2026-08-05T12:06:18Z
2026-08-05T12:02:33Z,2026-08-05T14:02:33+0200,a602df8b-e77d-453c-80cb-eeacd1e89d3b,2026-08-01T02:15:00Z,2026-08-01T04:15:00+0200,129.64,EUR/MWh,FR,FR,imbalance_price,Short,2026-08-05T12:06:18Z
2026-08-05T12:02:33Z,2026-08-05T14:02:33+0200,a602df8b-e77d-453c-80cb-eeacd1e89d3b,2026-08-01T02:30:00Z,2026-08-01T04:30:00+0200,162.99,EUR/MWh,FR,FR,imbalance_price,Long,2026-08-05T12:06:18Z
2026-08-05T12:02:33Z,2026-08-05T14:02:33+0200,a602df8b-e77d-453c-80cb-eeacd1e89d3b,2026-08-01T02:30:00Z,2026-08-01T04:30:00+0200,181.49,EUR/MWh,FR,FR,imbalance_price,Short,2026-08-05T12:06:18Z
2026-08-05T12:02:33Z,2026-08-05T14:02:33+0200,a602df8b-e77d-453c-80cb-eeacd1e89d3b,2026-08-01T02:45:00Z,2026-08-01T04:45:00+0200,135.93,EUR/MWh,FR,FR,imbalance_price,Long,2026-08-05T12:06:18Z
2026-08-05T12:02:33Z,2026-08-05T14:02:33+0200,a602df8b-e77d-453c-80cb-eeacd1e89d3b,2026-08-01T02:45:00Z,2026-08-01T04:45:00+0200,151.35,EUR/MWh,FR,FR,imbalance_price,Short,2026-08-05T12:06:18Z
2026-08-05T12:02:33Z,2026-08-05T14:02:33+0200,a602df8b-e77d-453c-80cb-eeacd1e89d3b,2026-08-01T03:00:00Z,2026-08-01T05:00:00+0200,160.86,EUR/MWh,FR,FR,imbalance_price,Long,2026-08-05T12:06:18Z
2026-08-05T12:02:33Z,2026-08-05T14:02:33+0200,a602df8b-e77d-453c-80cb-eeacd1e89d3b,2026-08-01T03:00:00Z,2026-08-01T05:00:00+0200,179.12,EUR/MWh,FR,FR,imbalance_price,Short,2026-08-05T12:06:18Z
2026-08-05T12:02:33Z,2026-08-05T14:02:33+0200,a602df8b-e77d-453c-80cb-eeacd1e89d3b,2026-08-01T03:15:00Z,2026-08-01T05:15:00+0200,137.41,EUR/MWh,FR,FR,imbalance_price,Long,2026-08-05T12:06:18Z
2026-08-05T12:02:33Z,2026-08-05T14:02:33+0200,a602df8b-e77d-453c-80cb-eeacd1e89d3b,2026-08-01T03:15:00Z,2026-08-01T05:15:00+0200,153.01,EUR/MWh,FR,FR,imbalance_price,Short,2026-08-05T12:06:18Z
2026-08-05T12:02:33Z,2026-08-05T14:02:33+0200,a602df8b-e77d-453c-80cb-eeacd1e89d3b,2026-08-01T03:30:00Z,2026-08-01T05:30:00+0200,130.84,EUR/MWh,FR,FR,imbalance_price,Long,2026-08-05T12:06:18Z
2026-08-05T12:02:33Z,2026-08-05T14:02:33+0200,a602df8b-e77d-453c-80cb-eeacd1e89d3b,2026-08-01T03:30:00Z,2026-08-01T05:30:00+0200,145.7,EUR/MWh,FR,FR,imbalance_price,Short,2026-08-05T12:06:18Z
2026-08-05T12:02:33Z,2026-08-05T14:02:33+0200,a602df8b-e77d-453c-80cb-eeacd1e89d3b,2026-08-01T03:45:00Z,2026-08-01T05:45:00+0200,133.84,EUR/MWh,FR,FR,imbalance_price,Long,2026-08-05T12:06:18Z
2026-08-05T12:02:33Z,2026-08-05T14:02:33+0200,a602df8b-e77d-453c-80cb-eeacd1e89d3b,2026-08-01T03:45:00Z,2026-08-01T05:45:00+0200,149.02,EUR/MWh,FR,FR,imbalance_price,Short,2026-08-05T12:06:18Z
2026-08-05T12:02:33Z,2026-08-05T14:02:33+0200,a602df8b-e77d-453c-80cb-eeacd1e89d3b,2026-08-01T04:00:00Z,2026-08-01T06:00:00+0200,167.19,EUR/MWh,FR,FR,imbalance_price,Long,2026-08-05T12:06:18Z
2026-08-05T12:02:33Z,2026-08-05T14:02:33+0200,a602df8b-e77d-453c-80cb-eeacd1e89d3b,2026-08-01T04:00:00Z,2026-08-01T06:00:00+0200,186.17,EUR/MWh,FR,FR,imbalance_price,Short,2026-08-05T12:06:18Z
2026-08-05T12:02:33Z,2026-08-05T14:02:33+0200,a602df8b-e77d-453c-80cb-eeacd1e89d3b,2026-08-01T04:15:00Z,2026-08-01T06:15:00+0200,160.5,EUR/MWh,FR,FR,imbalance_price,Long,2026-08-05T12:06:18Z
2026-08-05T12:02:33Z,2026-08-05T14:02:33+0200,a602df8b-e77d-453c-80cb-eeacd1e89d3b,2026-08-01T04:15:00Z,2026-08-01T06:15:00+0200,178.72,EUR/MWh,FR,FR,imbalance_price,Short,2026-08-05T12:06:18Z
2026-08-05T12:02:33Z,2026-08-05T14:02:33+0200,a602df8b-e77d-453c-80cb-eeacd1e89d3b,2026-08-01T04:30:00Z,2026-08-01T06:30:00+0200,148.36,EUR/MWh,FR,FR,imbalance_price,Long,2026-08-05T12:06:18Z
2026-08-05T12:02:33Z,2026-08-05T14:02:33+0200,a602df8b-e77d-453c-80cb-eeacd1e89d3b,2026-08-01T04:30:00Z,2026-08-01T06:30:00+0200,165.2,EUR/MWh,FR,FR,imbalance_price,Short,2026-08-05T12:06:18Z
2026-08-05T12:02:33Z,2026-08-05T14:02:33+0200,a602df8b-e77d-453c-80cb-eeacd1e89d3b,2026-08-01T04:45:00Z,2026-08-01T06:45:00+0200,125.22,EUR/MWh,FR,FR,imbalance_price,Long,2026-08-05T12:06:18Z
2026-08-05T12:02:33Z,2026-08-05T14:02:33+0200,a602df8b-e77d-453c-80cb-eeacd1e89d3b,2026-08-01T04:45:00Z,2026-08-01T06:45:00+0200,139.44,EUR/MWh,FR,FR,imbalance_price,Short,2026-08-05T12:06:18Z
2026-08-05T12:02:33Z,2026-08-05T14:02:33+0200,a602df8b-e77d-453c-80cb-eeacd1e89d3b,2026-08-01T05:00:00Z,2026-08-01T07:00:00+0200,132.27,EUR/MWh,FR,FR,imbalance_price,Long,2026-08-05T12:06:18Z
2026-08-05T12:02:33Z,2026-08-05T14:02:33+0200,a602df8b-e77d-453c-80cb-eeacd1e89d3b,2026-08-01T05:00:00Z,2026-08-01T07:00:00+0200,147.29,EUR/MWh,FR,FR,imbalance_price,Short,2026-08-05T12:06:18Z
2026-08-05T12:02:33Z,2026-08-05T14:02:33+0200,a602df8b-e77d-453c-80cb-eeacd1e89d3b,2026-08-01T05:15:00Z,2026-08-01T07:15:00+0200,137.24,EUR/MWh,FR,FR,imbalance_price,Long,2026-08-05T12:06:18Z
2026-08-05T12:02:33Z,2026-08-05T14:02:33+0200,a602df8b-e77d-453c-80cb-eeacd1e89d3b,2026-08-01T05:15:00Z,2026-08-01T07:15:00+0200,152.82,EUR/MWh,FR,FR,imbalance_price,Short,2026-08-05T12:06:18Z
2026-08-05T12:02:33Z,2026-08-05T14:02:33+0200,a602df8b-e77d-453c-80cb-eeacd1e89d3b,2026-08-01T05:30:00Z,2026-08-01T07:30:00+0200,88.24,EUR/MWh,FR,FR,imbalance_price,Long,2026-08-05T12:06:18Z
2026-08-05T12:02:33Z,2026-08-05T14:02:33+0200,a602df8b-e77d-453c-80cb-eeacd1e89d3b,2026-08-01T05:30:00Z,2026-08-01T07:30:00+0200,98.26,EUR/MWh,FR,FR,imbalance_price,Short,2026-08-05T12:06:18Z
2026-08-05T12:02:33Z,2026-08-05T14:02:33+0200,a602df8b-e77d-453c-80cb-eeacd1e89d3b,2026-08-01T05:45:00Z,2026-08-01T07:45:00+0200,176.88,EUR/MWh,FR,FR,imbalance_price,Long,2026-08-05T12:06:18Z
2026-08-05T12:02:33Z,2026-08-05T14:02:33+0200,a602df8b-e77d-453c-80cb-eeacd1e89d3b,2026-08-01T05:45:00Z,2026-08-01T07:45:00+0200,196.96,EUR/MWh,FR,FR,imbalance_price,Short,2026-08-05T12:06:18Z
2026-08-05T12:02:33Z,2026-08-05T14:02:33+0200,a602df8b-e77d-453c-80cb-eeacd1e89d3b,2026-08-01T06:00:00Z,2026-08-01T08:00:00+0200,169.34,EUR/MWh,FR,FR,imbalance_price,Long,2026-08-05T12:06:18Z
2026-08-05T12:02:33Z,2026-08-05T14:02:33+0200,a602df8b-e77d-453c-80cb-eeacd1e89d3b,2026-08-01T06:00:00Z,2026-08-01T08:00:00+0200,188.56,EUR/MWh,FR,FR,imbalance_price,Short,2026-08-05T12:06:18Z
2026-08-05T12:02:33Z,2026-08-05T14:02:33+0200,a602df8b-e77d-453c-80cb-eeacd1e89d3b,2026-08-01T06:15:00Z,2026-08-01T08:15:00+0200,155.54,EUR/MWh,FR,FR,imbalance_price,Long,2026-08-05T12:06:18Z
2026-08-05T12:02:33Z,2026-08-05T14:02:33+0200,a602df8b-e77d-453c-80cb-eeacd1e89d3b,2026-08-01T06:15:00Z,2026-08-01T08:15:00+0200,173.2,EUR/MWh,FR,FR,imbalance_price,Short,2026-08-05T12:06:18Z
2026-08-05T12:02:33Z,2026-08-05T14:02:33+0200,a602df8b-e77d-453c-80cb-eeacd1e89d3b,2026-08-01T06:30:00Z,2026-08-01T08:30:00+0200,151.92,EUR/MWh,FR,FR,imbalance_price,Long,2026-08-05T12:06:18Z
2026-08-05T12:02:33Z,2026-08-05T14:02:33+0200,a602df8b-e77d-453c-80cb-eeacd1e89d3b,2026-08-01T06:30:00Z,2026-08-01T08:30:00+0200,169.16,EUR/MWh,FR,FR,imbalance_price,Short,2026-08-05T12:06:18Z
2026-08-05T12:02:33Z,2026-08-05T14:02:33+0200,a602df8b-e77d-453c-80cb-eeacd1e89d3b,2026-08-01T06:45:00Z,2026-08-01T08:45:00+0200,160.71,EUR/MWh,FR,FR,imbalance_price,Long,2026-08-05T12:06:18Z
2026-08-05T12:02:33Z,2026-08-05T14:02:33+0200,a602df8b-e77d-453c-80cb-eeacd1e89d3b,2026-08-01T06:45:00Z,2026-08-01T08:45:00+0200,178.95,EUR/MWh,FR,FR,imbalance_price,Short,2026-08-05T12:06:18Z
2026-08-05T12:02:33Z,2026-08-05T14:02:33+0200,a602df8b-e77d-453c-80cb-eeacd1e89d3b,2026-08-01T07:00:00Z,2026-08-01T09:00:00+0200,165.92,EUR/MWh,FR,FR,imbalance_price,Long,2026-08-05T12:06:18Z
2026-08-05T12:02:33Z,2026-08-05T14:02:33+0200,a602df8b-e77d-453c-80cb-eeacd1e89d3b,2026-08-01T07:00:00Z,2026-08-01T09:00:00+0200,184.76,EUR/MWh,FR,FR,imbalance_price,Short,2026-08-05T12:06:18Z
2026-08-05T12:02:33Z,2026-08-05T14:02:33+0200,a602df8b-e77d-453c-80cb-eeacd1e89d3b,2026-08-01T07:15:00Z,2026-08-01T09:15:00+0200,159.81,EUR/MWh,FR,FR,imbalance_price,Long,2026-08-05T12:06:18Z
2026-08-05T12:02:33Z,2026-08-05T14:02:33+0200,a602df8b-e77d-453c-80cb-eeacd1e89d3b,2026-08-01T07:15:00Z,2026-08-01T09:15:00+0200,177.95,EUR/MWh,FR,FR,imbalance_price,Short,2026-08-05T12:06:18Z
2026-08-05T12:02:33Z,2026-08-05T14:02:33+0200,a602df8b-e77d-453c-80cb-eeacd1e89d3b,2026-08-01T07:30:00Z,2026-08-01T09:30:00+0200,155.84,EUR/MWh,FR,FR,imbalance_price,Long,2026-08-05T12:06:18Z
2026-08-05T12:02:33Z,2026-08-05T14:02:33+0200,a602df8b-e77d-453c-80cb-eeacd1e89d3b,2026-08-01T07:30:00Z,2026-08-01T09:30:00+0200,173.52,EUR/MWh,FR,FR,imbalance_price,Short,2026-08-05T12:06:18Z
2026-08-05T12:02:33Z,2026-08-05T14:02:33+0200,a602df8b-e77d-453c-80cb-eeacd1e89d3b,2026-08-01T07:45:00Z,2026-08-01T09:45:00+0200,154.69,EUR/MWh,FR,FR,imbalance_price,Long,2026-08-05T12:06:18Z
2026-08-05T12:02:33Z,2026-08-05T14:02:33+0200,a602df8b-e77d-453c-80cb-eeacd1e89d3b,2026-08-01T07:45:00Z,2026-08-01T09:45:00+0200,172.25,EUR/MWh,FR,FR,imbalance_price,Short,2026-08-05T12:06:18Z
2026-08-05T12:02:33Z,2026-08-05T14:02:33+0200,a602df8b-e77d-453c-80cb-eeacd1e89d3b,2026-08-01T08:00:00Z,2026-08-01T10:00:00+0200,144.72,EUR/MWh,FR,FR,imbalance_price,Long,2026-08-05T12:06:18Z
2026-08-05T12:02:33Z,2026-08-05T14:02:33+0200,a602df8b-e77d-453c-80cb-eeacd1e89d3b,2026-08-01T08:00:00Z,2026-08-01T10:00:00+0200,161.14,EUR/MWh,FR,FR,imbalance_price,Short,2026-08-05T12:06:18Z
2026-08-05T12:02:33Z,2026-08-05T14:02:33+0200,a602df8b-e77d-453c-80cb-eeacd1e89d3b,2026-08-01T08:15:00Z,2026-08-01T10:15:00+0200,144.14,EUR/MWh,FR,FR,imbalance_price,Long,2026-08-05T12:06:18Z
2026-08-05T12:02:33Z,2026-08-05T14:02:33+0200,a602df8b-e77d-453c-80cb-eeacd1e89d3b,2026-08-01T08:15:00Z,2026-08-01T10:15:00+0200,160.5,EUR/MWh,FR,FR,imbalance_price,Short,2026-08-05T12:06:18Z
2026-08-05T12:02:33Z,2026-08-05T14:02:33+0200,a602df8b-e77d-453c-80cb-eeacd1e89d3b,2026-08-01T08:30:00Z,2026-08-01T10:30:00+0200,144.09,EUR/MWh,FR,FR,imbalance_price,Long,2026-08-05T12:06:18Z
2026-08-05T12:02:33Z,2026-08-05T14:02:33+0200,a602df8b-e77d-453c-80cb-eeacd1e89d3b,2026-08-01T08:30:00Z,2026-08-01T10:30:00+0200,160.45,EUR/MWh,FR,FR,imbalance_price,Short,2026-08-05T12:06:18Z
2026-08-05T12:02:33Z,2026-08-05T14:02:33+0200,a602df8b-e77d-453c-80cb-eeacd1e89d3b,2026-08-01T08:45:00Z,2026-08-01T10:45:00+0200,144.06,EUR/MWh,FR,FR,imbalance_price,Long,2026-08-05T12:06:18Z
2026-08-05T12:02:33Z,2026-08-05T14:02:33+0200,a602df8b-e77d-453c-80cb-eeacd1e89d3b,2026-08-01T08:45:00Z,2026-08-01T10:45:00+0200,160.4,EUR/MWh,FR,FR,imbalance_price,Short,2026-08-05T12:06:18Z
2026-08-05T12:02:33Z,2026-08-05T14:02:33+0200,a602df8b-e77d-453c-80cb-eeacd1e89d3b,2026-08-01T09:00:00Z,2026-08-01T11:00:00+0200,8.37,EUR/MWh,FR,FR,imbalance_price,Long,2026-08-05T12:06:18Z
2026-08-05T12:02:33Z,2026-08-05T14:02:33+0200,a602df8b-e77d-453c-80cb-eeacd1e89d3b,2026-08-01T09:00:00Z,2026-08-01T11:00:00+0200,9.33,EUR/MWh,FR,FR,imbalance_price,Short,2026-08-05T12:06:18Z
2026-08-05T12:02:33Z,2026-08-05T14:02:33+0200,a602df8b-e77d-453c-80cb-eeacd1e89d3b,2026-08-01T09:15:00Z,2026-08-01T11:15:00+0200,44.28,EUR/MWh,FR,FR,imbalance_price,Long,2026-08-05T12:06:18Z
2026-08-05T12:02:33Z,2026-08-05T14:02:33+0200,a602df8b-e77d-453c-80cb-eeacd1e89d3b,2026-08-01T09:15:00Z,2026-08-01T11:15:00+0200,49.3,EUR/MWh,FR,FR,imbalance_price,Short,2026-08-05T12:06:18Z
2026-08-05T12:02:33Z,2026-08-05T14:02:33+0200,a602df8b-e77d-453c-80cb-eeacd1e89d3b,2026-08-01T09:30:00Z,2026-08-01T11:30:00+0200,-60.29,EUR/MWh,FR,FR,imbalance_price,Long,2026-08-05T12:06:18Z
2026-08-05T12:02:33Z,2026-08-05T14:02:33+0200,a602df8b-e77d-453c-80cb-eeacd1e89d3b,2026-08-01T09:30:00Z,2026-08-01T11:30:00+0200,-54.15,EUR/MWh,FR,FR,imbalance_price,Short,2026-08-05T12:06:18Z
2026-08-05T12:02:33Z,2026-08-05T14:02:33+0200,a602df8b-e77d-453c-80cb-eeacd1e89d3b,2026-08-01T09:45:00Z,2026-08-01T11:45:00+0200,21.77,EUR/MWh,FR,FR,imbalance_price,Long,2026-08-05T12:06:18Z
2026-08-05T12:02:33Z,2026-08-05T14:02:33+0200,a602df8b-e77d-453c-80cb-eeacd1e89d3b,2026-08-01T09:45:00Z,2026-08-01T11:45:00+0200,24.25,EUR/MWh,FR,FR,imbalance_price,Short,2026-08-05T12:06:18Z
2026-08-05T12:02:33Z,2026-08-05T14:02:33+0200,a602df8b-e77d-453c-80cb-eeacd1e89d3b,2026-08-01T10:00:00Z,2026-08-01T12:00:00+0200,57.63,EUR/MWh,FR,FR,imbalance_price,Long,2026-08-05T12:06:18Z
2026-08-05T12:02:33Z,2026-08-05T14:02:33+0200,a602df8b-e77d-453c-80cb-eeacd1e89d3b,2026-08-01T10:00:00Z,2026-08-01T12:00:00+0200,64.17,EUR/MWh,FR,FR,imbalance_price,Short,2026-08-05T12:06:18Z
2026-08-05T12:02:33Z,2026-08-05T14:02:33+0200,a602df8b-e77d-453c-80cb-eeacd1e89d3b,2026-08-01T10:15:00Z,2026-08-01T12:15:00+0200,58.38,EUR/MWh,FR,FR,imbalance_price,Long,2026-08-05T12:06:18Z
2026-08-05T12:02:33Z,2026-08-05T14:02:33+0200,a602df8b-e77d-453c-80cb-eeacd1e89d3b,2026-08-01T10:15:00Z,2026-08-01T12:15:00+0200,65.0,EUR/MWh,FR,FR,imbalance_price,Short,2026-08-05T12:06:18Z
2026-08-05T12:02:33Z,2026-08-05T14:02:33+0200,a602df8b-e77d-453c-80cb-eeacd1e89d3b,2026-08-01T10:30:00Z,2026-08-01T12:30:00+0200,58.57,EUR/MWh,FR,FR,imbalance_price,Long,2026-08-05T12:06:18Z
2026-08-05T12:02:33Z,2026-08-05T14:02:33+0200,a602df8b-e77d-453c-80cb-eeacd1e89d3b,2026-08-01T10:30:00Z,2026-08-01T12:30:00+0200,65.21,EUR/MWh,FR,FR,imbalance_price,Short,2026-08-05T12:06:18Z
2026-08-05T12:02:33Z,2026-08-05T14:02:33+0200,a602df8b-e77d-453c-80cb-eeacd1e89d3b,2026-08-01T10:45:00Z,2026-08-01T12:45:00+0200,58.57,EUR/MWh,FR,FR,imbalance_price,Long,2026-08-05T12:06:18Z
2026-08-05T12:02:33Z,2026-08-05T14:02:33+0200,a602df8b-e77d-453c-80cb-eeacd1e89d3b,2026-08-01T10:45:00Z,2026-08-01T12:45:00+0200,65.21,EUR/MWh,FR,FR,imbalance_price,Short,2026-08-05T12:06:18Z
2026-08-05T12:02:33Z,2026-08-05T14:02:33+0200,a602df8b-e77d-453c-80cb-eeacd1e89d3b,2026-08-01T11:00:00Z,2026-08-01T13:00:00+0200,16.7,EUR/MWh,FR,FR,imbalance_price,Long,2026-08-05T12:06:18Z
2026-08-05T12:02:33Z,2026-08-05T14:02:33+0200,a602df8b-e77d-453c-80cb-eeacd1e89d3b,2026-08-01T11:00:00Z,2026-08-01T13:00:00+0200,18.6,EUR/MWh,FR,FR,imbalance_price,Short,2026-08-05T12:06:18Z
2026-08-05T12:02:33Z,2026-08-05T14:02:33+0200,a602df8b-e77d-453c-80cb-eeacd1e89d3b,2026-08-01T11:15:00Z,2026-08-01T13:15:00+0200,13.84,EUR/MWh,FR,FR,imbalance_price,Long,2026-08-05T12:06:18Z
2026-08-05T12:02:33Z,2026-08-05T14:02:33+0200,a602df8b-e77d-453c-80cb-eeacd1e89d3b,2026-08-01T11:15:00Z,2026-08-01T13:15:00+0200,15.42,EUR/MWh,FR,FR,imbalance_price,Short,2026-08-05T12:06:18Z
2026-08-05T12:02:33Z,2026-08-05T14:02:33+0200,a602df8b-e77d-453c-80cb-eeacd1e89d3b,2026-08-01T11:30:00Z,2026-08-01T13:30:00+0200,14.06,EUR/MWh,FR,FR,imbalance_price,Long,2026-08-05T12:06:18Z
2026-08-05T12:02:33Z,2026-08-05T14:02:33+0200,a602df8b-e77d-453c-80cb-eeacd1e89d3b,2026-08-01T11:30:00Z,2026-08-01T13:30:00+0200,15.66,EUR/MWh,FR,FR,imbalance_price,Short,2026-08-05T12:06:18Z
2026-08-05T12:02:33Z,2026-08-05T14:02:33+0200,a602df8b-e77d-453c-80cb-eeacd1e89d3b,2026-08-01T11:45:00Z,2026-08-01T13:45:00+0200,-163.06,EUR/MWh,FR,FR,imbalance_price,Long,2026-08-05T12:06:18Z
2026-08-05T12:02:33Z,2026-08-05T14:02:33+0200,a602df8b-e77d-453c-80cb-eeacd1e89d3b,2026-08-01T11:45:00Z,2026-08-01T13:45:00+0200,-146.44,EUR/MWh,FR,FR,imbalance_price,Short,2026-08-05T12:06:18Z
2026-08-05T12:02:33Z,2026-08-05T14:02:33+0200,a602df8b-e77d-453c-80cb-eeacd1e89d3b,2026-08-01T12:00:00Z,2026-08-01T14:00:00+0200,22.49,EUR/MWh,FR,FR,imbalance_price,Long,2026-08-05T12:06:18Z
2026-08-05T12:02:33Z,2026-08-05T14:02:33+0200,a602df8b-e77d-453c-80cb-eeacd1e89d3b,2026-08-01T12:00:00Z,2026-08-01T14:00:00+0200,25.05,EUR/MWh,FR,FR,imbalance_price,Short,2026-08-05T12:06:18Z
2026-08-05T12:02:33Z,2026-08-05T14:02:33+0200,a602df8b-e77d-453c-80cb-eeacd1e89d3b,2026-08-01T12:15:00Z,2026-08-01T14:15:00+0200,23.86,EUR/MWh,FR,FR,imbalance_price,Long,2026-08-05T12:06:18Z
2026-08-05T12:02:33Z,2026-08-05T14:02:33+0200,a602df8b-e77d-453c-80cb-eeacd1e89d3b,2026-08-01T12:15:00Z,2026-08-01T14:15:00+0200,26.56,EUR/MWh,FR,FR,imbalance_price,Short,2026-08-05T12:06:18Z
2026-08-05T12:02:33Z,2026-08-05T14:02:33+0200,a602df8b-e77d-453c-80cb-eeacd1e89d3b,2026-08-01T12:30:00Z,2026-08-01T14:30:00+0200,25.63,EUR/MWh,FR,FR,imbalance_price,Long,2026-08-05T12:06:18Z
2026-08-05T12:02:33Z,2026-08-05T14:02:33+0200,a602df8b-e77d-453c-80cb-eeacd1e89d3b,2026-08-01T12:30:00Z,2026-08-01T14:30:00+0200,28.53,EUR/MWh,FR,FR,imbalance_price,Short,2026-08-05T12:06:18Z
2026-08-05T12:02:33Z,2026-08-05T14:02:33+0200,a602df8b-e77d-453c-80cb-eeacd1e89d3b,2026-08-01T12:45:00Z,2026-08-01T14:45:00+0200,25.63,EUR/MWh,FR,FR,imbalance_price,Long,2026-08-05T12:06:18Z
2026-08-05T12:02:33Z,2026-08-05T14:02:33+0200,a602df8b-e77d-453c-80cb-eeacd1e89d3b,2026-08-01T12:45:00Z,2026-08-01T14:45:00+0200,28.53,EUR/MWh,FR,FR,imbalance_price,Short,2026-08-05T12:06:18Z
2026-08-05T12:02:33Z,2026-08-05T14:02:33+0200,a602df8b-e77d-453c-80cb-eeacd1e89d3b,2026-08-01T13:00:00Z,2026-08-01T15:00:00+0200,12.45,EUR/MWh,FR,FR,imbalance_price,Long,2026-08-05T12:06:18Z
2026-08-05T12:02:33Z,2026-08-05T14:02:33+0200,a602df8b-e77d-453c-80cb-eeacd1e89d3b,2026-08-01T13:00:00Z,2026-08-01T15:00:00+0200,13.87,EUR/MWh,FR,FR,imbalance_price,Short,2026-08-05T12:06:18Z
2026-08-05T12:02:33Z,2026-08-05T14:02:33+0200,a602df8b-e77d-453c-80cb-eeacd1e89d3b,2026-08-01T13:15:00Z,2026-08-01T15:15:00+0200,11.3,EUR/MWh,FR,FR,imbalance_price,Long,2026-08-05T12:06:18Z
2026-08-05T12:02:33Z,2026-08-05T14:02:33+0200,a602df8b-e77d-453c-80cb-eeacd1e89d3b,2026-08-01T13:15:00Z,2026-08-01T15:15:00+0200,12.58,EUR/MWh,FR,FR,imbalance_price,Short,2026-08-05T12:06:18Z
2026-08-05T12:02:33Z,2026-08-05T14:02:33+0200,a602df8b-e77d-453c-80cb-eeacd1e89d3b,2026-08-01T13:30:00Z,2026-08-01T15:30:00+0200,12.25,EUR/MWh,FR,FR,imbalance_price,Long,2026-08-05T12:06:18Z
2026-08-05T12:02:33Z,2026-08-05T14:02:33+0200,a602df8b-e77d-453c-80cb-eeacd1e89d3b,2026-08-01T13:30:00Z,2026-08-01T15:30:00+0200,13.63,EUR/MWh,FR,FR,imbalance_price,Short,2026-08-05T12:06:18Z
2026-08-05T12:02:33Z,2026-08-05T14:02:33+0200,a602df8b-e77d-453c-80cb-eeacd1e89d3b,2026-08-01T13:45:00Z,2026-08-01T15:45:00+0200,4.09,EUR/MWh,FR,FR,imbalance_price,Long,2026-08-05T12:06:18Z
2026-08-05T12:02:33Z,2026-08-05T14:02:33+0200,a602df8b-e77d-453c-80cb-eeacd1e89d3b,2026-08-01T13:45:00Z,2026-08-01T15:45:00+0200,4.55,EUR/MWh,FR,FR,imbalance_price,Short,2026-08-05T12:06:18Z
2026-08-05T12:02:33Z,2026-08-05T14:02:33+0200,a602df8b-e77d-453c-80cb-eeacd1e89d3b,2026-08-01T14:00:00Z,2026-08-01T16:00:00+0200,10.92,EUR/MWh,FR,FR,imbalance_price,Long,2026-08-05T12:06:18Z
2026-08-05T12:02:33Z,2026-08-05T14:02:33+0200,a602df8b-e77d-453c-80cb-eeacd1e89d3b,2026-08-01T14:00:00Z,2026-08-01T16:00:00+0200,12.16,EUR/MWh,FR,FR,imbalance_price,Short,2026-08-05T12:06:18Z
2026-08-05T12:02:33Z,2026-08-05T14:02:33+0200,a602df8b-e77d-453c-80cb-eeacd1e89d3b,2026-08-01T14:15:00Z,2026-08-01T16:15:00+0200,9.92,EUR/MWh,FR,FR,imbalance_price,Long,2026-08-05T12:06:18Z
2026-08-05T12:02:33Z,2026-08-05T14:02:33+0200,a602df8b-e77d-453c-80cb-eeacd1e89d3b,2026-08-01T14:15:00Z,2026-08-01T16:15:00+0200,11.04,EUR/MWh,FR,FR,imbalance_price,Short,2026-08-05T12:06:18Z
2026-08-05T12:02:33Z,2026-08-05T14:02:33+0200,a602df8b-e77d-453c-80cb-eeacd1e89d3b,2026-08-01T14:30:00Z,2026-08-01T16:30:00+0200,10.86,EUR/MWh,FR,FR,imbalance_price,Long,2026-08-05T12:06:18Z
2026-08-05T12:02:33Z,2026-08-05T14:02:33+0200,a602df8b-e77d-453c-80cb-eeacd1e89d3b,2026-08-01T14:30:00Z,2026-08-01T16:30:00+0200,12.1,EUR/MWh,FR,FR,imbalance_price,Short,2026-08-05T12:06:18Z
2026-08-05T12:02:33Z,2026-08-05T14:02:33+0200,a602df8b-e77d-453c-80cb-eeacd1e89d3b,2026-08-01T14:45:00Z,2026-08-01T16:45:00+0200,10.86,EUR/MWh,FR,FR,imbalance_price,Long,2026-08-05T12:06:18Z
2026-08-05T12:02:33Z,2026-08-05T14:02:33+0200,a602df8b-e77d-453c-80cb-eeacd1e89d3b,2026-08-01T14:45:00Z,2026-08-01T16:45:00+0200,12.1,EUR/MWh,FR,FR,imbalance_price,Short,2026-08-05T12:06:18Z
2026-08-05T12:02:33Z,2026-08-05T14:02:33+0200,a602df8b-e77d-453c-80cb-eeacd1e89d3b,2026-08-01T15:00:00Z,2026-08-01T17:00:00+0200,11.04,EUR/MWh,FR,FR,imbalance_price,Long,2026-08-05T12:06:18Z
2026-08-05T12:02:33Z,2026-08-05T14:02:33+0200,a602df8b-e77d-453c-80cb-eeacd1e89d3b,2026-08-01T15:00:00Z,2026-08-01T17:00:00+0200,12.3,EUR/MWh,FR,FR,imbalance_price,Short,2026-08-05T12:06:18Z
2026-08-05T12:02:33Z,2026-08-05T14:02:33+0200,a602df8b-e77d-453c-80cb-eeacd1e89d3b,2026-08-01T15:15:00Z,2026-08-01T17:15:00+0200,13.63,EUR/MWh,FR,FR,imbalance_price,Long,2026-08-05T12:06:18Z
2026-08-05T12:02:33Z,2026-08-05T14:02:33+0200,a602df8b-e77d-453c-80cb-eeacd1e89d3b,2026-08-01T15:15:00Z,2026-08-01T17:15:00+0200,15.17,EUR/MWh,FR,FR,imbalance_price,Short,2026-08-05T12:06:18Z
2026-08-05T12:02:33Z,2026-08-05T14:02:33+0200,a602df8b-e77d-453c-80cb-eeacd1e89d3b,2026-08-01T15:30:00Z,2026-08-01T17:30:00+0200,11.31,EUR/MWh,FR,FR,imbalance_price,Long,2026-08-05T12:06:18Z
2026-08-05T12:02:33Z,2026-08-05T14:02:33+0200,a602df8b-e77d-453c-80cb-eeacd1e89d3b,2026-08-01T15:30:00Z,2026-08-01T17:30:00+0200,12.59,EUR/MWh,FR,FR,imbalance_price,Short,2026-08-05T12:06:18Z
2026-08-05T12:02:33Z,2026-08-05T14:02:33+0200,a602df8b-e77d-453c-80cb-eeacd1e89d3b,2026-08-01T15:45:00Z,2026-08-01T17:45:00+0200,37.31,EUR/MWh,FR,FR,imbalance_price,Long,2026-08-05T12:06:18Z
2026-08-05T12:02:33Z,2026-08-05T14:02:33+0200,a602df8b-e77d-453c-80cb-eeacd1e89d3b,2026-08-01T15:45:00Z,2026-08-01T17:45:00+0200,41.55,EUR/MWh,FR,FR,imbalance_price,Short,2026-08-05T12:06:18Z
2026-08-05T12:02:33Z,2026-08-05T14:02:33+0200,a602df8b-e77d-453c-80cb-eeacd1e89d3b,2026-08-01T16:00:00Z,2026-08-01T18:00:00+0200,126.14,EUR/MWh,FR,FR,imbalance_price,Long,2026-08-05T12:06:18Z
2026-08-05T12:02:33Z,2026-08-05T14:02:33+0200,a602df8b-e77d-453c-80cb-eeacd1e89d3b,2026-08-01T16:00:00Z,2026-08-01T18:00:00+0200,140.46,EUR/MWh,FR,FR,imbalance_price,Short,2026-08-05T12:06:18Z
2026-08-05T12:02:33Z,2026-08-05T14:02:33+0200,a602df8b-e77d-453c-80cb-eeacd1e89d3b,2026-08-01T16:15:00Z,2026-08-01T18:15:00+0200,136.06,EUR/MWh,FR,FR,imbalance_price,Long,2026-08-05T12:06:18Z
2026-08-05T12:02:33Z,2026-08-05T14:02:33+0200,a602df8b-e77d-453c-80cb-eeacd1e89d3b,2026-08-01T16:15:00Z,2026-08-01T18:15:00+0200,151.5,EUR/MWh,FR,FR,imbalance_price,Short,2026-08-05T12:06:18Z
2026-08-05T12:02:33Z,2026-08-05T14:02:33+0200,a602df8b-e77d-453c-80cb-eeacd1e89d3b,2026-08-01T16:30:00Z,2026-08-01T18:30:00+0200,178.57,EUR/MWh,FR,FR,imbalance_price,Long,2026-08-05T12:06:18Z
2026-08-05T12:02:33Z,2026-08-05T14:02:33+0200,a602df8b-e77d-453c-80cb-eeacd1e89d3b,2026-08-01T16:30:00Z,2026-08-01T18:30:00+0200,198.83,EUR/MWh,FR,FR,imbalance_price,Short,2026-08-05T12:06:18Z
2026-08-05T12:02:33Z,2026-08-05T14:02:33+0200,a602df8b-e77d-453c-80cb-eeacd1e89d3b,2026-08-01T16:45:00Z,2026-08-01T18:45:00+0200,152.22,EUR/MWh,FR,FR,imbalance_price,Long,2026-08-05T12:06:18Z
2026-08-05T12:02:33Z,2026-08-05T14:02:33+0200,a602df8b-e77d-453c-80cb-eeacd1e89d3b,2026-08-01T16:45:00Z,2026-08-01T18:45:00+0200,169.5,EUR/MWh,FR,FR,imbalance_price,Short,2026-08-05T12:06:18Z
2026-08-05T12:02:33Z,2026-08-05T14:02:33+0200,a602df8b-e77d-453c-80cb-eeacd1e89d3b,2026-08-01T17:00:00Z,2026-08-01T19:00:00+0200,179.85,EUR/MWh,FR,FR,imbalance_price,Long,2026-08-05T12:06:18Z
2026-08-05T12:02:33Z,2026-08-05T14:02:33+0200,a602df8b-e77d-453c-80cb-eeacd1e89d3b,2026-08-01T17:00:00Z,2026-08-01T19:00:00+0200,200.27,EUR/MWh,FR,FR,imbalance_price,Short,2026-08-05T12:06:18Z
2026-08-05T12:02:33Z,2026-08-05T14:02:33+0200,a602df8b-e77d-453c-80cb-eeacd1e89d3b,2026-08-01T17:15:00Z,2026-08-01T19:15:00+0200,187.5,EUR/MWh,FR,FR,imbalance_price,Long,2026-08-05T12:06:18Z
2026-08-05T12:02:33Z,2026-08-05T14:02:33+0200,a602df8b-e77d-453c-80cb-eeacd1e89d3b,2026-08-01T17:15:00Z,2026-08-01T19:15:00+0200,208.78,EUR/MWh,FR,FR,imbalance_price,Short,2026-08-05T12:06:18Z
2026-08-05T12:02:33Z,2026-08-05T14:02:33+0200,a602df8b-e77d-453c-80cb-eeacd1e89d3b,2026-08-01T17:30:00Z,2026-08-01T19:30:00+0200,181.37,EUR/MWh,FR,FR,imbalance_price,Long,2026-08-05T12:06:18Z
2026-08-05T12:02:33Z,2026-08-05T14:02:33+0200,a602df8b-e77d-453c-80cb-eeacd1e89d3b,2026-08-01T17:30:00Z,2026-08-01T19:30:00+0200,201.95,EUR/MWh,FR,FR,imbalance_price,Short,2026-08-05T12:06:18Z
2026-08-05T12:02:33Z,2026-08-05T14:02:33+0200,a602df8b-e77d-453c-80cb-eeacd1e89d3b,2026-08-01T17:45:00Z,2026-08-01T19:45:00+0200,154.3,EUR/MWh,FR,FR,imbalance_price,Long,2026-08-05T12:06:18Z
2026-08-05T12:02:33Z,2026-08-05T14:02:33+0200,a602df8b-e77d-453c-80cb-eeacd1e89d3b,2026-08-01T17:45:00Z,2026-08-01T19:45:00+0200,171.82,EUR/MWh,FR,FR,imbalance_price,Short,2026-08-05T12:06:18Z
2026-08-05T12:02:33Z,2026-08-05T14:02:33+0200,a602df8b-e77d-453c-80cb-eeacd1e89d3b,2026-08-01T18:00:00Z,2026-08-01T20:00:00+0200,181.22,EUR/MWh,FR,FR,imbalance_price,Long,2026-08-05T12:06:18Z
2026-08-05T12:02:33Z,2026-08-05T14:02:33+0200,a602df8b-e77d-453c-80cb-eeacd1e89d3b,2026-08-01T18:00:00Z,2026-08-01T20:00:00+0200,201.78,EUR/MWh,FR,FR,imbalance_price,Short,2026-08-05T12:06:18Z
2026-08-05T12:02:33Z,2026-08-05T14:02:33+0200,a602df8b-e77d-453c-80cb-eeacd1e89d3b,2026-08-01T18:15:00Z,2026-08-01T20:15:00+0200,125.5,EUR/MWh,FR,FR,imbalance_price,Long,2026-08-05T12:06:18Z
2026-08-05T12:02:33Z,2026-08-05T14:02:33+0200,a602df8b-e77d-453c-80cb-eeacd1e89d3b,2026-08-01T18:15:00Z,2026-08-01T20:15:00+0200,139.74,EUR/MWh,FR,FR,imbalance_price,Short,2026-08-05T12:06:18Z
2026-08-05T12:02:33Z,2026-08-05T14:02:33+0200,a602df8b-e77d-453c-80cb-eeacd1e89d3b,2026-08-01T18:30:00Z,2026-08-01T20:30:00+0200,152.67,EUR/MWh,FR,FR,imbalance_price,Long,2026-08-05T12:06:18Z
2026-08-05T12:02:33Z,2026-08-05T14:02:33+0200,a602df8b-e77d-453c-80cb-eeacd1e89d3b,2026-08-01T18:30:00Z,2026-08-01T20:30:00+0200,169.99,EUR/MWh,FR,FR,imbalance_price,Short,2026-08-05T12:06:18Z
2026-08-05T12:02:33Z,2026-08-05T14:02:33+0200,a602df8b-e77d-453c-80cb-eeacd1e89d3b,2026-08-01T18:45:00Z,2026-08-01T20:45:00+0200,183.58,EUR/MWh,FR,FR,imbalance_price,Long,2026-08-05T12:06:18Z
2026-08-05T12:02:33Z,2026-08-05T14:02:33+0200,a602df8b-e77d-453c-80cb-eeacd1e89d3b,2026-08-01T18:45:00Z,2026-08-01T20:45:00+0200,204.42,EUR/MWh,FR,FR,imbalance_price,Short,2026-08-05T12:06:18Z
2026-08-05T12:02:33Z,2026-08-05T14:02:33+0200,a602df8b-e77d-453c-80cb-eeacd1e89d3b,2026-08-01T19:00:00Z,2026-08-01T21:00:00+0200,179.59,EUR/MWh,FR,FR,imbalance_price,Long,2026-08-05T12:06:18Z
2026-08-05T12:02:33Z,2026-08-05T14:02:33+0200,a602df8b-e77d-453c-80cb-eeacd1e89d3b,2026-08-01T19:00:00Z,2026-08-01T21:00:00+0200,199.97,EUR/MWh,FR,FR,imbalance_price,Short,2026-08-05T12:06:18Z
2026-08-05T12:02:33Z,2026-08-05T14:02:33+0200,a602df8b-e77d-453c-80cb-eeacd1e89d3b,2026-08-01T19:15:00Z,2026-08-01T21:15:00+0200,205.94,EUR/MWh,FR,FR,imbalance_price,Long,2026-08-05T12:06:18Z
2026-08-05T12:02:33Z,2026-08-05T14:02:33+0200,a602df8b-e77d-453c-80cb-eeacd1e89d3b,2026-08-01T19:15:00Z,2026-08-01T21:15:00+0200,229.32,EUR/MWh,FR,FR,imbalance_price,Short,2026-08-05T12:06:18Z
2026-08-05T12:02:33Z,2026-08-05T14:02:33+0200,a602df8b-e77d-453c-80cb-eeacd1e89d3b,2026-08-01T19:30:00Z,2026-08-01T21:30:00+0200,209.18,EUR/MWh,FR,FR,imbalance_price,Long,2026-08-05T12:06:18Z
2026-08-05T12:02:33Z,2026-08-05T14:02:33+0200,a602df8b-e77d-453c-80cb-eeacd1e89d3b,2026-08-01T19:30:00Z,2026-08-01T21:30:00+0200,232.92,EUR/MWh,FR,FR,imbalance_price,Short,2026-08-05T12:06:18Z
2026-08-05T12:02:33Z,2026-08-05T14:02:33+0200,a602df8b-e77d-453c-80cb-eeacd1e89d3b,2026-08-01T19:45:00Z,2026-08-01T21:45:00+0200,200.85,EUR/MWh,FR,FR,imbalance_price,Long,2026-08-05T12:06:18Z
2026-08-05T12:02:33Z,2026-08-05T14:02:33+0200,a602df8b-e77d-453c-80cb-eeacd1e89d3b,2026-08-01T19:45:00Z,2026-08-01T21:45:00+0200,223.65,EUR/MWh,FR,FR,imbalance_price,Short,2026-08-05T12:06:18Z
2026-08-05T12:02:33Z,2026-08-05T14:02:33+0200,a602df8b-e77d-453c-80cb-eeacd1e89d3b,2026-08-01T20:00:00Z,2026-08-01T22:00:00+0200,181.77,EUR/MWh,FR,FR,imbalance_price,Long,2026-08-05T12:06:18Z
2026-08-05T12:02:33Z,2026-08-05T14:02:33+0200,a602df8b-e77d-453c-80cb-eeacd1e89d3b,2026-08-01T20:00:00Z,2026-08-01T22:00:00+0200,202.39,EUR/MWh,FR,FR,imbalance_price,Short,2026-08-05T12:06:18Z
2026-08-05T12:02:33Z,2026-08-05T14:02:33+0200,a602df8b-e77d-453c-80cb-eeacd1e89d3b,2026-08-01T20:15:00Z,2026-08-01T22:15:00+0200,189.96,EUR/MWh,FR,FR,imbalance_price,Long,2026-08-05T12:06:18Z
2026-08-05T12:02:33Z,2026-08-05T14:02:33+0200,a602df8b-e77d-453c-80cb-eeacd1e89d3b,2026-08-01T20:15:00Z,2026-08-01T22:15:00+0200,211.52,EUR/MWh,FR,FR,imbalance_price,Short,2026-08-05T12:06:18Z
2026-08-05T12:02:33Z,2026-08-05T14:02:33+0200,a602df8b-e77d-453c-80cb-eeacd1e89d3b,2026-08-01T20:30:00Z,2026-08-01T22:30:00+0200,188.11,EUR/MWh,FR,FR,imbalance_price,Long,2026-08-05T12:06:18Z
2026-08-05T12:02:33Z,2026-08-05T14:02:33+0200,a602df8b-e77d-453c-80cb-eeacd1e89d3b,2026-08-01T20:30:00Z,2026-08-01T22:30:00+0200,209.47,EUR/MWh,FR,FR,imbalance_price,Short,2026-08-05T12:06:18Z
2026-08-05T12:02:33Z,2026-08-05T14:02:33+0200,a602df8b-e77d-453c-80cb-eeacd1e89d3b,2026-08-01T20:45:00Z,2026-08-01T22:45:00+0200,140.54,EUR/MWh,FR,FR,imbalance_price,Long,2026-08-05T12:06:18Z
2026-08-05T12:02:33Z,2026-08-05T14:02:33+0200,a602df8b-e77d-453c-80cb-eeacd1e89d3b,2026-08-01T20:45:00Z,2026-08-01T22:45:00+0200,156.5,EUR/MWh,FR,FR,imbalance_price,Short,2026-08-05T12:06:18Z
2026-08-05T12:02:33Z,2026-08-05T14:02:33+0200,a602df8b-e77d-453c-80cb-eeacd1e89d3b,2026-08-01T21:00:00Z,2026-08-01T23:00:00+0200,188.64,EUR/MWh,FR,FR,imbalance_price,Long,2026-08-05T12:06:18Z
2026-08-05T12:02:33Z,2026-08-05T14:02:33+0200,a602df8b-e77d-453c-80cb-eeacd1e89d3b,2026-08-01T21:00:00Z,2026-08-01T23:00:00+0200,210.06,EUR/MWh,FR,FR,imbalance_price,Short,2026-08-05T12:06:18Z
2026-08-05T12:02:33Z,2026-08-05T14:02:33+0200,a602df8b-e77d-453c-80cb-eeacd1e89d3b,2026-08-01T21:15:00Z,2026-08-01T23:15:00+0200,193.82,EUR/MWh,FR,FR,imbalance_price,Long,2026-08-05T12:06:18Z
2026-08-05T12:02:33Z,2026-08-05T14:02:33+0200,a602df8b-e77d-453c-80cb-eeacd1e89d3b,2026-08-01T21:15:00Z,2026-08-01T23:15:00+0200,215.82,EUR/MWh,FR,FR,imbalance_price,Short,2026-08-05T12:06:18Z
2026-08-05T12:02:33Z,2026-08-05T14:02:33+0200,a602df8b-e77d-453c-80cb-eeacd1e89d3b,2026-08-01T21:30:00Z,2026-08-01T23:30:00+0200,195.98,EUR/MWh,FR,FR,imbalance_price,Long,2026-08-05T12:06:18Z
2026-08-05T12:02:33Z,2026-08-05T14:02:33+0200,a602df8b-e77d-453c-80cb-eeacd1e89d3b,2026-08-01T21:30:00Z,2026-08-01T23:30:00+0200,218.22,EUR/MWh,FR,FR,imbalance_price,Short,2026-08-05T12:06:18Z
2026-08-05T12:02:33Z,2026-08-05T14:02:33+0200,a602df8b-e77d-453c-80cb-eeacd1e89d3b,2026-08-01T21:45:00Z,2026-08-01T23:45:00+0200,195.98,EUR/MWh,FR,FR,imbalance_price,Long,2026-08-05T12:06:18Z
2026-08-05T12:02:33Z,2026-08-05T14:02:33+0200,a602df8b-e77d-453c-80cb-eeacd1e89d3b,2026-08-01T21:45:00Z,2026-08-01T23:45:00+0200,218.22,EUR/MWh,FR,FR,imbalance_price,Short,2026-08-05T12:06:18Z
2026-08-05T12:02:33Z,2026-08-05T14:02:33+0200,a602df8b-e77d-453c-80cb-eeacd1e89d3b,2026-08-01T22:00:00Z,2026-08-02T00:00:00+0200,180.74,EUR/MWh,FR,FR,imbalance_price,Long,2026-08-05T12:06:18Z
2026-08-05T12:02:33Z,2026-08-05T14:02:33+0200,a602df8b-e77d-453c-80cb-eeacd1e89d3b,2026-08-01T22:00:00Z,2026-08-02T00:00:00+0200,201.26,EUR/MWh,FR,FR,imbalance_price,Short,2026-08-05T12:06:18Z
2026-08-05T12:02:33Z,2026-08-05T14:02:33+0200,a602df8b-e77d-453c-80cb-eeacd1e89d3b,2026-08-01T22:15:00Z,2026-08-02T00:15:00+0200,163.41,EUR/MWh,FR,FR,imbalance_price,Long,2026-08-05T12:06:18Z
2026-08-05T12:02:33Z,2026-08-05T14:02:33+0200,a602df8b-e77d-453c-80cb-eeacd1e89d3b,2026-08-01T22:15:00Z,2026-08-02T00:15:00+0200,181.95,EUR/MWh,FR,FR,imbalance_price,Short,2026-08-05T12:06:18Z
2026-08-05T12:02:33Z,2026-08-05T14:02:33+0200,a602df8b-e77d-453c-80cb-eeacd1e89d3b,2026-08-01T22:30:00Z,2026-08-02T00:30:00+0200,150.45,EUR/MWh,FR,FR,imbalance_price,Long,2026-08-05T12:06:18Z
2026-08-05T12:02:33Z,2026-08-05T14:02:33+0200,a602df8b-e77d-453c-80cb-eeacd1e89d3b,2026-08-01T22:30:00Z,2026-08-02T00:30:00+0200,167.53,EUR/MWh,FR,FR,imbalance_price,Short,2026-08-05T12:06:18Z
2026-08-05T12:02:33Z,2026-08-05T14:02:33+0200,a602df8b-e77d-453c-80cb-eeacd1e89d3b,2026-08-01T22:45:00Z,2026-08-02T00:45:00+0200,142.5,EUR/MWh,FR,FR,imbalance_price,Long,2026-08-05T12:06:18Z
2026-08-05T12:02:33Z,2026-08-05T14:02:33+0200,a602df8b-e77d-453c-80cb-eeacd1e89d3b,2026-08-01T22:45:00Z,2026-08-02T00:45:00+0200,158.68,EUR/MWh,FR,FR,imbalance_price,Short,2026-08-05T12:06:18Z
2026-08-05T12:02:33Z,2026-08-05T14:02:33+0200,a602df8b-e77d-453c-80cb-eeacd1e89d3b,2026-08-01T23:00:00Z,2026-08-02T01:00:00+0200,153.06,EUR/MWh,FR,FR,imbalance_price,Long,2026-08-05T12:06:18Z
2026-08-05T12:02:33Z,2026-08-05T14:02:33+0200,a602df8b-e77d-453c-80cb-eeacd1e89d3b,2026-08-01T23:00:00Z,2026-08-02T01:00:00+0200,170.44,EUR/MWh,FR,FR,imbalance_price,Short,2026-08-05T12:06:18Z
2026-08-05T12:02:33Z,2026-08-05T14:02:33+0200,a602df8b-e77d-453c-80cb-eeacd1e89d3b,2026-08-01T23:15:00Z,2026-08-02T01:15:00+0200,146.68,EUR/MWh,FR,FR,imbalance_price,Long,2026-08-05T12:06:18Z
2026-08-05T12:02:33Z,2026-08-05T14:02:33+0200,a602df8b-e77d-453c-80cb-eeacd1e89d3b,2026-08-01T23:15:00Z,2026-08-02T01:15:00+0200,163.32,EUR/MWh,FR,FR,imbalance_price,Short,2026-08-05T12:06:18Z
2026-08-05T12:02:33Z,2026-08-05T14:02:33+0200,a602df8b-e77d-453c-80cb-eeacd1e89d3b,2026-08-01T23:30:00Z,2026-08-02T01:30:00+0200,163.81,EUR/MWh,FR,FR,imbalance_price,Long,2026-08-05T12:06:18Z
2026-08-05T12:02:33Z,2026-08-05T14:02:33+0200,a602df8b-e77d-453c-80cb-eeacd1e89d3b,2026-08-01T23:30:00Z,2026-08-02T01:30:00+0200,182.41,EUR/MWh,FR,FR,imbalance_price,Short,2026-08-05T12:06:18Z
2026-08-05T12:02:33Z,2026-08-05T14:02:33+0200,a602df8b-e77d-453c-80cb-eeacd1e89d3b,2026-08-01T23:45:00Z,2026-08-02T01:45:00+0200,169.44,EUR/MWh,FR,FR,imbalance_price,Long,2026-08-05T12:06:18Z
2026-08-05T12:02:33Z,2026-08-05T14:02:33+0200,a602df8b-e77d-453c-80cb-eeacd1e89d3b,2026-08-01T23:45:00Z,2026-08-02T01:45:00+0200,188.68,EUR/MWh,FR,FR,imbalance_price,Short,2026-08-05T12:06:18Z
2026-08-05T12:02:33Z,2026-08-05T14:02:33+0200,a602df8b-e77d-453c-80cb-eeacd1e89d3b,2026-08-02T00:00:00Z,2026-08-02T02:00:00+0200,181.94,EUR/MWh,FR,FR,imbalance_price,Long,2026-08-05T12:06:18Z
2026-08-05T12:02:33Z,2026-08-05T14:02:33+0200,a602df8b-e77d-453c-80cb-eeacd1e89d3b,2026-08-02T00:00:00Z,2026-08-02T02:00:00+0200,202.58,EUR/MWh,FR,FR,imbalance_price,Short,2026-08-05T12:06:18Z
2026-08-05T12:02:33Z,2026-08-05T14:02:33+0200,a602df8b-e77d-453c-80cb-eeacd1e89d3b,2026-08-02T00:15:00Z,2026-08-02T02:15:00+0200,171.13,EUR/MWh,FR,FR,imbalance_price,Long,2026-08-05T12:06:18Z
2026-08-05T12:02:33Z,2026-08-05T14:02:33+0200,a602df8b-e77d-453c-80cb-eeacd1e89d3b,2026-08-02T00:15:00Z,2026-08-02T02:15:00+0200,190.55,EUR/MWh,FR,FR,imbalance_price,Short,2026-08-05T12:06:18Z
2026-08-05T12:02:33Z,2026-08-05T14:02:33+0200,a602df8b-e77d-453c-80cb-eeacd1e89d3b,2026-08-02T00:30:00Z,2026-08-02T02:30:00+0200,173.2,EUR/MWh,FR,FR,imbalance_price,Long,2026-08-05T12:06:18Z
2026-08-05T12:02:33Z,2026-08-05T14:02:33+0200,a602df8b-e77d-453c-80cb-eeacd1e89d3b,2026-08-02T00:30:00Z,2026-08-02T02:30:00+0200,192.86,EUR/MWh,FR,FR,imbalance_price,Short,2026-08-05T12:06:18Z
2026-08-05T12:02:33Z,2026-08-05T14:02:33+0200,a602df8b-e77d-453c-80cb-eeacd1e89d3b,2026-08-02T00:45:00Z,2026-08-02T02:45:00+0200,172.07,EUR/MWh,FR,FR,imbalance_price,Long,2026-08-05T12:06:18Z
2026-08-05T12:02:33Z,2026-08-05T14:02:33+0200,a602df8b-e77d-453c-80cb-eeacd1e89d3b,2026-08-02T00:45:00Z,2026-08-02T02:45:00+0200,191.59,EUR/MWh,FR,FR,imbalance_price,Short,2026-08-05T12:06:18Z
2026-08-05T12:02:33Z,2026-08-05T14:02:33+0200,a602df8b-e77d-453c-80cb-eeacd1e89d3b,2026-08-02T01:00:00Z,2026-08-02T03:00:00+0200,187.25,EUR/MWh,FR,FR,imbalance_price,Long,2026-08-05T12:06:18Z
2026-08-05T12:02:33Z,2026-08-05T14:02:33+0200,a602df8b-e77d-453c-80cb-eeacd1e89d3b,2026-08-02T01:00:00Z,2026-08-02T03:00:00+0200,208.51,EUR/MWh,FR,FR,imbalance_price,Short,2026-08-05T12:06:18Z
2026-08-05T12:02:33Z,2026-08-05T14:02:33+0200,a602df8b-e77d-453c-80cb-eeacd1e89d3b,2026-08-02T01:15:00Z,2026-08-02T03:15:00+0200,259.03,EUR/MWh,FR,FR,imbalance_price,Long,2026-08-05T12:06:18Z
2026-08-05T12:02:33Z,2026-08-05T14:02:33+0200,a602df8b-e77d-453c-80cb-eeacd1e89d3b,2026-08-02T01:15:00Z,2026-08-02T03:15:00+0200,288.43,EUR/MWh,FR,FR,imbalance_price,Short,2026-08-05T12:06:18Z
2026-08-05T12:02:33Z,2026-08-05T14:02:33+0200,a602df8b-e77d-453c-80cb-eeacd1e89d3b,2026-08-02T01:30:00Z,2026-08-02T03:30:00+0200,415.5,EUR/MWh,FR,FR,imbalance_price,Long,2026-08-05T12:06:18Z
2026-08-05T12:02:33Z,2026-08-05T14:02:33+0200,a602df8b-e77d-453c-80cb-eeacd1e89d3b,2026-08-02T01:30:00Z,2026-08-02T03:30:00+0200,462.66,EUR/MWh,FR,FR,imbalance_price,Short,2026-08-05T12:06:18Z
2026-08-05T12:02:33Z,2026-08-05T14:02:33+0200,a602df8b-e77d-453c-80cb-eeacd1e89d3b,2026-08-02T01:45:00Z,2026-08-02T03:45:00+0200,180.45,EUR/MWh,FR,FR,imbalance_price,Long,2026-08-05T12:06:18Z
2026-08-05T12:02:33Z,2026-08-05T14:02:33+0200,a602df8b-e77d-453c-80cb-eeacd1e89d3b,2026-08-02T01:45:00Z,2026-08-02T03:45:00+0200,200.93,EUR/MWh,FR,FR,imbalance_price,Short,2026-08-05T12:06:18Z
2026-08-05T12:02:33Z,2026-08-05T14:02:33+0200,a602df8b-e77d-453c-80cb-eeacd1e89d3b,2026-08-02T02:00:00Z,2026-08-02T04:00:00+0200,168.34,EUR/MWh,FR,FR,imbalance_price,Long,2026-08-05T12:06:18Z
2026-08-05T12:02:33Z,2026-08-05T14:02:33+0200,a602df8b-e77d-453c-80cb-eeacd1e89d3b,2026-08-02T02:00:00Z,2026-08-02T04:00:00+0200,187.44,EUR/MWh,FR,FR,imbalance_price,Short,2026-08-05T12:06:18Z
2026-08-05T12:02:33Z,2026-08-05T14:02:33+0200,a602df8b-e77d-453c-80cb-eeacd1e89d3b,2026-08-02T02:15:00Z,2026-08-02T04:15:00+0200,142.06,EUR/MWh,FR,FR,imbalance_price,Long,2026-08-05T12:06:18Z
2026-08-05T12:02:33Z,2026-08-05T14:02:33+0200,a602df8b-e77d-453c-80cb-eeacd1e89d3b,2026-08-02T02:15:00Z,2026-08-02T04:15:00+0200,158.18,EUR/MWh,FR,FR,imbalance_price,Short,2026-08-05T12:06:18Z
2026-08-05T12:02:33Z,2026-08-05T14:02:33+0200,a602df8b-e77d-453c-80cb-eeacd1e89d3b,2026-08-02T02:30:00Z,2026-08-02T04:30:00+0200,143.63,EUR/MWh,FR,FR,imbalance_price,Long,2026-08-05T12:06:18Z
2026-08-05T12:02:33Z,2026-08-05T14:02:33+0200,a602df8b-e77d-453c-80cb-eeacd1e89d3b,2026-08-02T02:30:00Z,2026-08-02T04:30:00+0200,159.93,EUR/MWh,FR,FR,imbalance_price,Short,2026-08-05T12:06:18Z
2026-08-05T12:02:33Z,2026-08-05T14:02:33+0200,a602df8b-e77d-453c-80cb-eeacd1e89d3b,2026-08-02T02:45:00Z,2026-08-02T04:45:00+0200,202.74,EUR/MWh,FR,FR,imbalance_price,Long,2026-08-05T12:06:18Z
2026-08-05T12:02:33Z,2026-08-05T14:02:33+0200,a602df8b-e77d-453c-80cb-eeacd1e89d3b,2026-08-02T02:45:00Z,2026-08-02T04:45:00+0200,225.74,EUR/MWh,FR,FR,imbalance_price,Short,2026-08-05T12:06:18Z
2026-08-05T12:02:33Z,2026-08-05T14:02:33+0200,a602df8b-e77d-453c-80cb-eeacd1e89d3b,2026-08-02T03:00:00Z,2026-08-02T05:00:00+0200,165.58,EUR/MWh,FR,FR,imbalance_price,Long,2026-08-05T12:06:18Z
2026-08-05T12:02:33Z,2026-08-05T14:02:33+0200,a602df8b-e77d-453c-80cb-eeacd1e89d3b,2026-08-02T03:00:00Z,2026-08-02T05:00:00+0200,184.38,EUR/MWh,FR,FR,imbalance_price,Short,2026-08-05T12:06:18Z
2026-08-05T12:02:33Z,2026-08-05T14:02:33+0200,a602df8b-e77d-453c-80cb-eeacd1e89d3b,2026-08-02T03:15:00Z,2026-08-02T05:15:00+0200,98.99,EUR/MWh,FR,FR,imbalance_price,Long,2026-08-05T12:06:18Z
2026-08-05T12:02:33Z,2026-08-05T14:02:33+0200,a602df8b-e77d-453c-80cb-eeacd1e89d3b,2026-08-02T03:15:00Z,2026-08-02T05:15:00+0200,110.23,EUR/MWh,FR,FR,imbalance_price,Short,2026-08-05T12:06:18Z
2026-08-05T12:02:33Z,2026-08-05T14:02:33+0200,a602df8b-e77d-453c-80cb-eeacd1e89d3b,2026-08-02T03:30:00Z,2026-08-02T05:30:00+0200,164.34,EUR/MWh,FR,FR,imbalance_price,Long,2026-08-05T12:06:18Z
2026-08-05T12:02:33Z,2026-08-05T14:02:33+0200,a602df8b-e77d-453c-80cb-eeacd1e89d3b,2026-08-02T03:30:00Z,2026-08-02T05:30:00+0200,183.0,EUR/MWh,FR,FR,imbalance_price,Short,2026-08-05T12:06:18Z
2026-08-05T12:02:33Z,2026-08-05T14:02:33+0200,a602df8b-e77d-453c-80cb-eeacd1e89d3b,2026-08-02T03:45:00Z,2026-08-02T05:45:00+0200,161.23,EUR/MWh,FR,FR,imbalance_price,Long,2026-08-05T12:06:18Z
2026-08-05T12:02:33Z,2026-08-05T14:02:33+0200,a602df8b-e77d-453c-80cb-eeacd1e89d3b,2026-08-02T03:45:00Z,2026-08-02T05:45:00+0200,179.53,EUR/MWh,FR,FR,imbalance_price,Short,2026-08-05T12:06:18Z
2026-08-05T12:02:33Z,2026-08-05T14:02:33+0200,a602df8b-e77d-453c-80cb-eeacd1e89d3b,2026-08-02T04:00:00Z,2026-08-02T06:00:00+0200,133.05,EUR/MWh,FR,FR,imbalance_price,Long,2026-08-05T12:06:18Z
2026-08-05T12:02:33Z,2026-08-05T14:02:33+0200,a602df8b-e77d-453c-80cb-eeacd1e89d3b,2026-08-02T04:00:00Z,2026-08-02T06:00:00+0200,148.15,EUR/MWh,FR,FR,imbalance_price,Short,2026-08-05T12:06:18Z
2026-08-05T12:02:33Z,2026-08-05T14:02:33+0200,a602df8b-e77d-453c-80cb-eeacd1e89d3b,2026-08-02T04:15:00Z,2026-08-02T06:15:00+0200,130.45,EUR/MWh,FR,FR,imbalance_price,Long,2026-08-05T12:06:18Z
2026-08-05T12:02:33Z,2026-08-05T14:02:33+0200,a602df8b-e77d-453c-80cb-eeacd1e89d3b,2026-08-02T04:15:00Z,2026-08-02T06:15:00+0200,145.25,EUR/MWh,FR,FR,imbalance_price,Short,2026-08-05T12:06:18Z
2026-08-05T12:02:33Z,2026-08-05T14:02:33+0200,a602df8b-e77d-453c-80cb-eeacd1e89d3b,2026-08-02T04:30:00Z,2026-08-02T06:30:00+0200,89.41,EUR/MWh,FR,FR,imbalance_price,Long,2026-08-05T12:06:18Z
2026-08-05T12:02:33Z,2026-08-05T14:02:33+0200,a602df8b-e77d-453c-80cb-eeacd1e89d3b,2026-08-02T04:30:00Z,2026-08-02T06:30:00+0200,99.55,EUR/MWh,FR,FR,imbalance_price,Short,2026-08-05T12:06:18Z
2026-08-05T12:02:33Z,2026-08-05T14:02:33+0200,a602df8b-e77d-453c-80cb-eeacd1e89d3b,2026-08-02T04:45:00Z,2026-08-02T06:45:00+0200,158.33,EUR/MWh,FR,FR,imbalance_price,Long,2026-08-05T12:06:18Z
2026-08-05T12:02:33Z,2026-08-05T14:02:33+0200,a602df8b-e77d-453c-80cb-eeacd1e89d3b,2026-08-02T04:45:00Z,2026-08-02T06:45:00+0200,176.29,EUR/MWh,FR,FR,imbalance_price,Short,2026-08-05T12:06:18Z
2026-08-05T12:02:33Z,2026-08-05T14:02:33+0200,a602df8b-e77d-453c-80cb-eeacd1e89d3b,2026-08-02T05:00:00Z,2026-08-02T07:00:00+0200,159.18,EUR/MWh,FR,FR,imbalance_price,Long,2026-08-05T12:06:18Z
2026-08-05T12:02:33Z,2026-08-05T14:02:33+0200,a602df8b-e77d-453c-80cb-eeacd1e89d3b,2026-08-02T05:00:00Z,2026-08-02T07:00:00+0200,177.24,EUR/MWh,FR,FR,imbalance_price,Short,2026-08-05T12:06:18Z
2026-08-05T12:02:33Z,2026-08-05T14:02:33+0200,a602df8b-e77d-453c-80cb-eeacd1e89d3b,2026-08-02T05:15:00Z,2026-08-02T07:15:00+0200,157.9,EUR/MWh,FR,FR,imbalance_price,Long,2026-08-05T12:06:18Z
2026-08-05T12:02:33Z,2026-08-05T14:02:33+0200,a602df8b-e77d-453c-80cb-eeacd1e89d3b,2026-08-02T05:15:00Z,2026-08-02T07:15:00+0200,175.82,EUR/MWh,FR,FR,imbalance_price,Short,2026-08-05T12:06:18Z
2026-08-05T12:02:33Z,2026-08-05T14:02:33+0200,a602df8b-e77d-453c-80cb-eeacd1e89d3b,2026-08-02T05:30:00Z,2026-08-02T07:30:00+0200,155.86,EUR/MWh,FR,FR,imbalance_price,Long,2026-08-05T12:06:18Z
2026-08-05T12:02:33Z,2026-08-05T14:02:33+0200,a602df8b-e77d-453c-80cb-eeacd1e89d3b,2026-08-02T05:30:00Z,2026-08-02T07:30:00+0200,173.54,EUR/MWh,FR,FR,imbalance_price,Short,2026-08-05T12:06:18Z
2026-08-05T12:02:33Z,2026-08-05T14:02:33+0200,a602df8b-e77d-453c-80cb-eeacd1e89d3b,2026-08-02T05:45:00Z,2026-08-02T07:45:00+0200,155.86,EUR/MWh,FR,FR,imbalance_price,Long,2026-08-05T12:06:18Z
2026-08-05T12:02:33Z,2026-08-05T14:02:33+0200,a602df8b-e77d-453c-80cb-eeacd1e89d3b,2026-08-02T05:45:00Z,2026-08-02T07:45:00+0200,173.54,EUR/MWh,FR,FR,imbalance_price,Short,2026-08-05T12:06:18Z
2026-08-05T12:02:33Z,2026-08-05T14:02:33+0200,a602df8b-e77d-453c-80cb-eeacd1e89d3b,2026-08-02T06:00:00Z,2026-08-02T08:00:00+0200,100.04,EUR/MWh,FR,FR,imbalance_price,Long,2026-08-05T12:06:18Z
2026-08-05T12:02:33Z,2026-08-05T14:02:33+0200,a602df8b-e77d-453c-80cb-eeacd1e89d3b,2026-08-02T06:00:00Z,2026-08-02T08:00:00+0200,111.4,EUR/MWh,FR,FR,imbalance_price,Short,2026-08-05T12:06:18Z
2026-08-05T12:02:33Z,2026-08-05T14:02:33+0200,a602df8b-e77d-453c-80cb-eeacd1e89d3b,2026-08-02T06:15:00Z,2026-08-02T08:15:00+0200,75.08,EUR/MWh,FR,FR,imbalance_price,Long,2026-08-05T12:06:18Z
2026-08-05T12:02:33Z,2026-08-05T14:02:33+0200,a602df8b-e77d-453c-80cb-eeacd1e89d3b,2026-08-02T06:15:00Z,2026-08-02T08:15:00+0200,83.6,EUR/MWh,FR,FR,imbalance_price,Short,2026-08-05T12:06:18Z
2026-08-05T12:02:33Z,2026-08-05T14:02:33+0200,a602df8b-e77d-453c-80cb-eeacd1e89d3b,2026-08-02T06:30:00Z,2026-08-02T08:30:00+0200,96.09,EUR/MWh,FR,FR,imbalance_price,Long,2026-08-05T12:06:18Z
2026-08-05T12:02:33Z,2026-08-05T14:02:33+0200,a602df8b-e77d-453c-80cb-eeacd1e89d3b,2026-08-02T06:30:00Z,2026-08-02T08:30:00+0200,106.99,EUR/MWh,FR,FR,imbalance_price,Short,2026-08-05T12:06:18Z
2026-08-05T12:02:33Z,2026-08-05T14:02:33+0200,a602df8b-e77d-453c-80cb-eeacd1e89d3b,2026-08-02T06:45:00Z,2026-08-02T08:45:00+0200,7.3,EUR/MWh,FR,FR,imbalance_price,Long,2026-08-05T12:06:18Z
2026-08-05T12:02:33Z,2026-08-05T14:02:33+0200,a602df8b-e77d-453c-80cb-eeacd1e89d3b,2026-08-02T06:45:00Z,2026-08-02T08:45:00+0200,8.12,EUR/MWh,FR,FR,imbalance_price,Short,2026-08-05T12:06:18Z
2026-08-05T12:02:33Z,2026-08-05T14:02:33+0200,a602df8b-e77d-453c-80cb-eeacd1e89d3b,2026-08-02T07:00:00Z,2026-08-02T09:00:00+0200,90.39,EUR/MWh,FR,FR,imbalance_price,Long,2026-08-05T12:06:18Z
2026-08-05T12:02:33Z,2026-08-05T14:02:33+0200,a602df8b-e77d-453c-80cb-eeacd1e89d3b,2026-08-02T07:00:00Z,2026-08-02T09:00:00+0200,100.65,EUR/MWh,FR,FR,imbalance_price,Short,2026-08-05T12:06:18Z
2026-08-05T12:02:33Z,2026-08-05T14:02:33+0200,a602df8b-e77d-453c-80cb-eeacd1e89d3b,2026-08-02T07:15:00Z,2026-08-02T09:15:00+0200,10.28,EUR/MWh,FR,FR,imbalance_price,Long,2026-08-05T12:06:18Z
2026-08-05T12:02:33Z,2026-08-05T14:02:33+0200,a602df8b-e77d-453c-80cb-eeacd1e89d3b,2026-08-02T07:15:00Z,2026-08-02T09:15:00+0200,11.44,EUR/MWh,FR,FR,imbalance_price,Short,2026-08-05T12:06:18Z
2026-08-05T12:02:33Z,2026-08-05T14:02:33+0200,a602df8b-e77d-453c-80cb-eeacd1e89d3b,2026-08-02T07:30:00Z,2026-08-02T09:30:00+0200,9.34,EUR/MWh,FR,FR,imbalance_price,Long,2026-08-05T12:06:18Z
2026-08-05T12:02:33Z,2026-08-05T14:02:33+0200,a602df8b-e77d-453c-80cb-eeacd1e89d3b,2026-08-02T07:30:00Z,2026-08-02T09:30:00+0200,10.4,EUR/MWh,FR,FR,imbalance_price,Short,2026-08-05T12:06:18Z
2026-08-05T12:02:33Z,2026-08-05T14:02:33+0200,a602df8b-e77d-453c-80cb-eeacd1e89d3b,2026-08-02T07:45:00Z,2026-08-02T09:45:00+0200,6.61,EUR/MWh,FR,FR,imbalance_price,Long,2026-08-05T12:06:18Z
2026-08-05T12:02:33Z,2026-08-05T14:02:33+0200,a602df8b-e77d-453c-80cb-eeacd1e89d3b,2026-08-02T07:45:00Z,2026-08-02T09:45:00+0200,7.35,EUR/MWh,FR,FR,imbalance_price,Short,2026-08-05T12:06:18Z
2026-08-05T12:02:33Z,2026-08-05T14:02:33+0200,a602df8b-e77d-453c-80cb-eeacd1e89d3b,2026-08-02T08:00:00Z,2026-08-02T10:00:00+0200,70.28,EUR/MWh,FR,FR,imbalance_price,Long,2026-08-05T12:06:18Z
2026-08-05T12:02:33Z,2026-08-05T14:02:33+0200,a602df8b-e77d-453c-80cb-eeacd1e89d3b,2026-08-02T08:00:00Z,2026-08-02T10:00:00+0200,78.26,EUR/MWh,FR,FR,imbalance_price,Short,2026-08-05T12:06:18Z
2026-08-05T12:02:33Z,2026-08-05T14:02:33+0200,a602df8b-e77d-453c-80cb-eeacd1e89d3b,2026-08-02T08:15:00Z,2026-08-02T10:15:00+0200,70.28,EUR/MWh,FR,FR,imbalance_price,Long,2026-08-05T12:06:18Z
2026-08-05T12:02:33Z,2026-08-05T14:02:33+0200,a602df8b-e77d-453c-80cb-eeacd1e89d3b,2026-08-02T08:15:00Z,2026-08-02T10:15:00+0200,78.26,EUR/MWh,FR,FR,imbalance_price,Short,2026-08-05T12:06:18Z
2026-08-05T12:02:33Z,2026-08-05T14:02:33+0200,a602df8b-e77d-453c-80cb-eeacd1e89d3b,2026-08-02T08:30:00Z,2026-08-02T10:30:00+0200,70.28,EUR/MWh,FR,FR,imbalance_price,Long,2026-08-05T12:06:18Z
2026-08-05T12:02:33Z,2026-08-05T14:02:33+0200,a602df8b-e77d-453c-80cb-eeacd1e89d3b,2026-08-02T08:30:00Z,2026-08-02T10:30:00+0200,78.26,EUR/MWh,FR,FR,imbalance_price,Short,2026-08-05T12:06:18Z
2026-08-05T12:02:33Z,2026-08-05T14:02:33+0200,a602df8b-e77d-453c-80cb-eeacd1e89d3b,2026-08-02T08:45:00Z,2026-08-02T10:45:00+0200,70.28,EUR/MWh,FR,FR,imbalance_price,Long,2026-08-05T12:06:18Z
2026-08-05T12:02:33Z,2026-08-05T14:02:33+0200,a602df8b-e77d-453c-80cb-eeacd1e89d3b,2026-08-02T08:45:00Z,2026-08-02T10:45:00+0200,78.26,EUR/MWh,FR,FR,imbalance_price,Short,2026-08-05T12:06:18Z
2026-08-05T12:02:33Z,2026-08-05T14:02:33+0200,a602df8b-e77d-453c-80cb-eeacd1e89d3b,2026-08-02T09:00:00Z,2026-08-02T11:00:00+0200,-0.59,EUR/MWh,FR,FR,imbalance_price,Long,2026-08-05T12:06:18Z
2026-08-05T12:02:33Z,2026-08-05T14:02:33+0200,a602df8b-e77d-453c-80cb-eeacd1e89d3b,2026-08-02T09:00:00Z,2026-08-02T11:00:00+0200,-0.53,EUR/MWh,FR,FR,imbalance_price,Short,2026-08-05T12:06:18Z
2026-08-05T12:02:33Z,2026-08-05T14:02:33+0200,a602df8b-e77d-453c-80cb-eeacd1e89d3b,2026-08-02T09:15:00Z,2026-08-02T11:15:00+0200,-15.74,EUR/MWh,FR,FR,imbalance_price,Long,2026-08-05T12:06:18Z
2026-08-05T12:02:33Z,2026-08-05T14:02:33+0200,a602df8b-e77d-453c-80cb-eeacd1e89d3b,2026-08-02T09:15:00Z,2026-08-02T11:15:00+0200,-14.14,EUR/MWh,FR,FR,imbalance_price,Short,2026-08-05T12:06:18Z
2026-08-05T12:02:33Z,2026-08-05T14:02:33+0200,a602df8b-e77d-453c-80cb-eeacd1e89d3b,2026-08-02T09:30:00Z,2026-08-02T11:30:00+0200,0.66,EUR/MWh,FR,FR,imbalance_price,Long,2026-08-05T12:06:18Z
2026-08-05T12:02:33Z,2026-08-05T14:02:33+0200,a602df8b-e77d-453c-80cb-eeacd1e89d3b,2026-08-02T09:30:00Z,2026-08-02T11:30:00+0200,0.74,EUR/MWh,FR,FR,imbalance_price,Short,2026-08-05T12:06:18Z
2026-08-05T12:02:33Z,2026-08-05T14:02:33+0200,a602df8b-e77d-453c-80cb-eeacd1e89d3b,2026-08-02T09:45:00Z,2026-08-02T11:45:00+0200,3.02,EUR/MWh,FR,FR,imbalance_price,Long,2026-08-05T12:06:18Z
2026-08-05T12:02:33Z,2026-08-05T14:02:33+0200,a602df8b-e77d-453c-80cb-eeacd1e89d3b,2026-08-02T09:45:00Z,2026-08-02T11:45:00+0200,3.36,EUR/MWh,FR,FR,imbalance_price,Short,2026-08-05T12:06:18Z
2026-08-05T12:02:33Z,2026-08-05T14:02:33+0200,a602df8b-e77d-453c-80cb-eeacd1e89d3b,2026-08-02T10:00:00Z,2026-08-02T12:00:00+0200,-5.67,EUR/MWh,FR,FR,imbalance_price,Long,2026-08-05T12:06:18Z
2026-08-05T12:02:33Z,2026-08-05T14:02:33+0200,a602df8b-e77d-453c-80cb-eeacd1e89d3b,2026-08-02T10:00:00Z,2026-08-02T12:00:00+0200,-5.09,EUR/MWh,FR,FR,imbalance_price,Short,2026-08-05T12:06:18Z
2026-08-05T12:02:33Z,2026-08-05T14:02:33+0200,a602df8b-e77d-453c-80cb-eeacd1e89d3b,2026-08-02T10:15:00Z,2026-08-02T12:15:00+0200,-13.8,EUR/MWh,FR,FR,imbalance_price,Long,2026-08-05T12:06:18Z
2026-08-05T12:02:33Z,2026-08-05T14:02:33+0200,a602df8b-e77d-453c-80cb-eeacd1e89d3b,2026-08-02T10:15:00Z,2026-08-02T12:15:00+0200,-12.4,EUR/MWh,FR,FR,imbalance_price,Short,2026-08-05T12:06:18Z
2026-08-05T12:02:33Z,2026-08-05T14:02:33+0200,a602df8b-e77d-453c-80cb-eeacd1e89d3b,2026-08-02T10:30:00Z,2026-08-02T12:30:00+0200,-14.54,EUR/MWh,FR,FR,imbalance_price,Long,2026-08-05T12:06:18Z
2026-08-05T12:02:33Z,2026-08-05T14:02:33+0200,a602df8b-e77d-453c-80cb-eeacd1e89d3b,2026-08-02T10:30:00Z,2026-08-02T12:30:00+0200,-13.06,EUR/MWh,FR,FR,imbalance_price,Short,2026-08-05T12:06:18Z
2026-08-05T12:02:33Z,2026-08-05T14:02:33+0200,a602df8b-e77d-453c-80cb-eeacd1e89d3b,2026-08-02T10:45:00Z,2026-08-02T12:45:00+0200,-14.57,EUR/MWh,FR,FR,imbalance_price,Long,2026-08-05T12:06:18Z
2026-08-05T12:02:33Z,2026-08-05T14:02:33+0200,a602df8b-e77d-453c-80cb-eeacd1e89d3b,2026-08-02T10:45:00Z,2026-08-02T12:45:00+0200,-13.09,EUR/MWh,FR,FR,imbalance_price,Short,2026-08-05T12:06:18Z
2026-08-05T12:02:33Z,2026-08-05T14:02:33+0200,a602df8b-e77d-453c-80cb-eeacd1e89d3b,2026-08-02T11:00:00Z,2026-08-02T13:00:00+0200,-11.83,EUR/MWh,FR,FR,imbalance_price,Long,2026-08-05T12:06:18Z
2026-08-05T12:02:33Z,2026-08-05T14:02:33+0200,a602df8b-e77d-453c-80cb-eeacd1e89d3b,2026-08-02T11:00:00Z,2026-08-02T13:00:00+0200,-10.63,EUR/MWh,FR,FR,imbalance_price,Short,2026-08-05T12:06:18Z
2026-08-05T12:02:33Z,2026-08-05T14:02:33+0200,a602df8b-e77d-453c-80cb-eeacd1e89d3b,2026-08-02T11:15:00Z,2026-08-02T13:15:00+0200,-12.77,EUR/MWh,FR,FR,imbalance_price,Long,2026-08-05T12:06:18Z
2026-08-05T12:02:33Z,2026-08-05T14:02:33+0200,a602df8b-e77d-453c-80cb-eeacd1e89d3b,2026-08-02T11:15:00Z,2026-08-02T13:15:00+0200,-11.47,EUR/MWh,FR,FR,imbalance_price,Short,2026-08-05T12:06:18Z
2026-08-05T12:02:33Z,2026-08-05T14:02:33+0200,a602df8b-e77d-453c-80cb-eeacd1e89d3b,2026-08-02T11:30:00Z,2026-08-02T13:30:00+0200,-12.61,EUR/MWh,FR,FR,imbalance_price,Long,2026-08-05T12:06:18Z
2026-08-05T12:02:33Z,2026-08-05T14:02:33+0200,a602df8b-e77d-453c-80cb-eeacd1e89d3b,2026-08-02T11:30:00Z,2026-08-02T13:30:00+0200,-11.33,EUR/MWh,FR,FR,imbalance_price,Short,2026-08-05T12:06:18Z
2026-08-05T12:02:33Z,2026-08-05T14:02:33+0200,a602df8b-e77d-453c-80cb-eeacd1e89d3b,2026-08-02T11:45:00Z,2026-08-02T13:45:00+0200,-12.75,EUR/MWh,FR,FR,imbalance_price,Long,2026-08-05T12:06:18Z
2026-08-05T12:02:33Z,2026-08-05T14:02:33+0200,a602df8b-e77d-453c-80cb-eeacd1e89d3b,2026-08-02T11:45:00Z,2026-08-02T13:45:00+0200,-11.45,EUR/MWh,FR,FR,imbalance_price,Short,2026-08-05T12:06:18Z
2026-08-05T12:02:33Z,2026-08-05T14:02:33+0200,a602df8b-e77d-453c-80cb-eeacd1e89d3b,2026-08-02T12:00:00Z,2026-08-02T14:00:00+0200,-12.4,EUR/MWh,FR,FR,imbalance_price,Long,2026-08-05T12:06:18Z
2026-08-05T12:02:33Z,2026-08-05T14:02:33+0200,a602df8b-e77d-453c-80cb-eeacd1e89d3b,2026-08-02T12:00:00Z,2026-08-02T14:00:00+0200,-11.14,EUR/MWh,FR,FR,imbalance_price,Short,2026-08-05T12:06:18Z
2026-08-05T12:02:33Z,2026-08-05T14:02:33+0200,a602df8b-e77d-453c-80cb-eeacd1e89d3b,2026-08-02T12:15:00Z,2026-08-02T14:15:00+0200,-12.54,EUR/MWh,FR,FR,imbalance_price,Long,2026-08-05T12:06:18Z
2026-08-05T12:02:33Z,2026-08-05T14:02:33+0200,a602df8b-e77d-453c-80cb-eeacd1e89d3b,2026-08-02T12:15:00Z,2026-08-02T14:15:00+0200,-11.26,EUR/MWh,FR,FR,imbalance_price,Short,2026-08-05T12:06:18Z
2026-08-05T12:02:33Z,2026-08-05T14:02:33+0200,a602df8b-e77d-453c-80cb-eeacd1e89d3b,2026-08-02T12:30:00Z,2026-08-02T14:30:00+0200,-11.35,EUR/MWh,FR,FR,imbalance_price,Long,2026-08-05T12:06:18Z
2026-08-05T12:02:33Z,2026-08-05T14:02:33+0200,a602df8b-e77d-453c-80cb-eeacd1e89d3b,2026-08-02T12:30:00Z,2026-08-02T14:30:00+0200,-10.19,EUR/MWh,FR,FR,imbalance_price,Short,2026-08-05T12:06:18Z
2026-08-05T12:02:33Z,2026-08-05T14:02:33+0200,a602df8b-e77d-453c-80cb-eeacd1e89d3b,2026-08-02T12:45:00Z,2026-08-02T14:45:00+0200,-11.34,EUR/MWh,FR,FR,imbalance_price,Long,2026-08-05T12:06:18Z
2026-08-05T12:02:33Z,2026-08-05T14:02:33+0200,a602df8b-e77d-453c-80cb-eeacd1e89d3b,2026-08-02T12:45:00Z,2026-08-02T14:45:00+0200,-10.18,EUR/MWh,FR,FR,imbalance_price,Short,2026-08-05T12:06:18Z
2026-08-05T12:02:33Z,2026-08-05T14:02:33+0200,a602df8b-e77d-453c-80cb-eeacd1e89d3b,2026-08-02T13:00:00Z,2026-08-02T15:00:00+0200,-10.77,EUR/MWh,FR,FR,imbalance_price,Long,2026-08-05T12:06:18Z
2026-08-05T12:02:33Z,2026-08-05T14:02:33+0200,a602df8b-e77d-453c-80cb-eeacd1e89d3b,2026-08-02T13:00:00Z,2026-08-02T15:00:00+0200,-9.67,EUR/MWh,FR,FR,imbalance_price,Short,2026-08-05T12:06:18Z
2026-08-05T12:02:33Z,2026-08-05T14:02:33+0200,a602df8b-e77d-453c-80cb-eeacd1e89d3b,2026-08-02T13:15:00Z,2026-08-02T15:15:00+0200,-4.26,EUR/MWh,FR,FR,imbalance_price,Long,2026-08-05T12:06:18Z
2026-08-05T12:02:33Z,2026-08-05T14:02:33+0200,a602df8b-e77d-453c-80cb-eeacd1e89d3b,2026-08-02T13:15:00Z,2026-08-02T15:15:00+0200,-3.82,EUR/MWh,FR,FR,imbalance_price,Short,2026-08-05T12:06:18Z
2026-08-05T12:02:33Z,2026-08-05T14:02:33+0200,a602df8b-e77d-453c-80cb-eeacd1e89d3b,2026-08-02T13:30:00Z,2026-08-02T15:30:00+0200,1.16,EUR/MWh,FR,FR,imbalance_price,Long,2026-08-05T12:06:18Z
2026-08-05T12:02:33Z,2026-08-05T14:02:33+0200,a602df8b-e77d-453c-80cb-eeacd1e89d3b,2026-08-02T13:30:00Z,2026-08-02T15:30:00+0200,1.3,EUR/MWh,FR,FR,imbalance_price,Short,2026-08-05T12:06:18Z
2026-08-05T12:02:33Z,2026-08-05T14:02:33+0200,a602df8b-e77d-453c-80cb-eeacd1e89d3b,2026-08-02T13:45:00Z,2026-08-02T15:45:00+0200,2.04,EUR/MWh,FR,FR,imbalance_price,Long,2026-08-05T12:06:18Z
2026-08-05T12:02:33Z,2026-08-05T14:02:33+0200,a602df8b-e77d-453c-80cb-eeacd1e89d3b,2026-08-02T13:45:00Z,2026-08-02T15:45:00+0200,2.28,EUR/MWh,FR,FR,imbalance_price,Short,2026-08-05T12:06:18Z
2026-08-05T12:02:33Z,2026-08-05T14:02:33+0200,a602df8b-e77d-453c-80cb-eeacd1e89d3b,2026-08-02T14:00:00Z,2026-08-02T16:00:00+0200,6.93,EUR/MWh,FR,FR,imbalance_price,Long,2026-08-05T12:06:18Z
2026-08-05T12:02:33Z,2026-08-05T14:02:33+0200,a602df8b-e77d-453c-80cb-eeacd1e89d3b,2026-08-02T14:00:00Z,2026-08-02T16:00:00+0200,7.71,EUR/MWh,FR,FR,imbalance_price,Short,2026-08-05T12:06:18Z
2026-08-05T12:02:33Z,2026-08-05T14:02:33+0200,a602df8b-e77d-453c-80cb-eeacd1e89d3b,2026-08-02T14:15:00Z,2026-08-02T16:15:00+0200,12.07,EUR/MWh,FR,FR,imbalance_price,Long,2026-08-05T12:06:18Z
2026-08-05T12:02:33Z,2026-08-05T14:02:33+0200,a602df8b-e77d-453c-80cb-eeacd1e89d3b,2026-08-02T14:15:00Z,2026-08-02T16:15:00+0200,13.45,EUR/MWh,FR,FR,imbalance_price,Short,2026-08-05T12:06:18Z
2026-08-05T12:02:33Z,2026-08-05T14:02:33+0200,a602df8b-e77d-453c-80cb-eeacd1e89d3b,2026-08-02T14:30:00Z,2026-08-02T16:30:00+0200,6.61,EUR/MWh,FR,FR,imbalance_price,Long,2026-08-05T12:06:18Z
2026-08-05T12:02:33Z,2026-08-05T14:02:33+0200,a602df8b-e77d-453c-80cb-eeacd1e89d3b,2026-08-02T14:30:00Z,2026-08-02T16:30:00+0200,7.35,EUR/MWh,FR,FR,imbalance_price,Short,2026-08-05T12:06:18Z
2026-08-05T12:02:33Z,2026-08-05T14:02:33+0200,a602df8b-e77d-453c-80cb-eeacd1e89d3b,2026-08-02T14:45:00Z,2026-08-02T16:45:00+0200,33.34,EUR/MWh,FR,FR,imbalance_price,Long,2026-08-05T12:06:18Z
2026-08-05T12:02:33Z,2026-08-05T14:02:33+0200,a602df8b-e77d-453c-80cb-eeacd1e89d3b,2026-08-02T14:45:00Z,2026-08-02T16:45:00+0200,37.12,EUR/MWh,FR,FR,imbalance_price,Short,2026-08-05T12:06:18Z
2026-08-05T12:02:33Z,2026-08-05T14:02:33+0200,a602df8b-e77d-453c-80cb-eeacd1e89d3b,2026-08-02T15:00:00Z,2026-08-02T17:00:00+0200,2.74,EUR/MWh,FR,FR,imbalance_price,Long,2026-08-05T12:06:18Z
2026-08-05T12:02:33Z,2026-08-05T14:02:33+0200,a602df8b-e77d-453c-80cb-eeacd1e89d3b,2026-08-02T15:00:00Z,2026-08-02T17:00:00+0200,3.06,EUR/MWh,FR,FR,imbalance_price,Short,2026-08-05T12:06:18Z
2026-08-05T12:02:33Z,2026-08-05T14:02:33+0200,a602df8b-e77d-453c-80cb-eeacd1e89d3b,2026-08-02T15:15:00Z,2026-08-02T17:15:00+0200,175.48,EUR/MWh,FR,FR,imbalance_price,Long,2026-08-05T12:06:18Z
2026-08-05T12:02:33Z,2026-08-05T14:02:33+0200,a602df8b-e77d-453c-80cb-eeacd1e89d3b,2026-08-02T15:15:00Z,2026-08-02T17:15:00+0200,195.4,EUR/MWh,FR,FR,imbalance_price,Short,2026-08-05T12:06:18Z
2026-08-05T12:02:33Z,2026-08-05T14:02:33+0200,a602df8b-e77d-453c-80cb-eeacd1e89d3b,2026-08-02T15:30:00Z,2026-08-02T17:30:00+0200,142.91,EUR/MWh,FR,FR,imbalance_price,Long,2026-08-05T12:06:18Z
2026-08-05T12:02:33Z,2026-08-05T14:02:33+0200,a602df8b-e77d-453c-80cb-eeacd1e89d3b,2026-08-02T15:30:00Z,2026-08-02T17:30:00+0200,159.13,EUR/MWh,FR,FR,imbalance_price,Short,2026-08-05T12:06:18Z
2026-08-05T12:02:33Z,2026-08-05T14:02:33+0200,a602df8b-e77d-453c-80cb-eeacd1e89d3b,2026-08-02T15:45:00Z,2026-08-02T17:45:00+0200,155.51,EUR/MWh,FR,FR,imbalance_price,Long,2026-08-05T12:06:18Z
2026-08-05T12:02:33Z,2026-08-05T14:02:33+0200,a602df8b-e77d-453c-80cb-eeacd1e89d3b,2026-08-02T15:45:00Z,2026-08-02T17:45:00+0200,173.17,EUR/MWh,FR,FR,imbalance_price,Short,2026-08-05T12:06:18Z
2026-08-05T12:02:33Z,2026-08-05T14:02:33+0200,a602df8b-e77d-453c-80cb-eeacd1e89d3b,2026-08-02T16:00:00Z,2026-08-02T18:00:00+0200,101.82,EUR/MWh,FR,FR,imbalance_price,Long,2026-08-05T12:06:18Z
2026-08-05T12:02:33Z,2026-08-05T14:02:33+0200,a602df8b-e77d-453c-80cb-eeacd1e89d3b,2026-08-02T16:00:00Z,2026-08-02T18:00:00+0200,113.38,EUR/MWh,FR,FR,imbalance_price,Short,2026-08-05T12:06:18Z
2026-08-05T12:02:33Z,2026-08-05T14:02:33+0200,a602df8b-e77d-453c-80cb-eeacd1e89d3b,2026-08-02T16:15:00Z,2026-08-02T18:15:00+0200,83.0,EUR/MWh,FR,FR,imbalance_price,Long,2026-08-05T12:06:18Z
2026-08-05T12:02:33Z,2026-08-05T14:02:33+0200,a602df8b-e77d-453c-80cb-eeacd1e89d3b,2026-08-02T16:15:00Z,2026-08-02T18:15:00+0200,92.42,EUR/MWh,FR,FR,imbalance_price,Short,2026-08-05T12:06:18Z
2026-08-05T12:02:33Z,2026-08-05T14:02:33+0200,a602df8b-e77d-453c-80cb-eeacd1e89d3b,2026-08-02T16:30:00Z,2026-08-02T18:30:00+0200,170.94,EUR/MWh,FR,FR,imbalance_price,Long,2026-08-05T12:06:18Z
2026-08-05T12:02:33Z,2026-08-05T14:02:33+0200,a602df8b-e77d-453c-80cb-eeacd1e89d3b,2026-08-02T16:30:00Z,2026-08-02T18:30:00+0200,190.34,EUR/MWh,FR,FR,imbalance_price,Short,2026-08-05T12:06:18Z
2026-08-05T12:02:33Z,2026-08-05T14:02:33+0200,a602df8b-e77d-453c-80cb-eeacd1e89d3b,2026-08-02T16:45:00Z,2026-08-02T18:45:00+0200,180.65,EUR/MWh,FR,FR,imbalance_price,Long,2026-08-05T12:06:18Z
2026-08-05T12:02:33Z,2026-08-05T14:02:33+0200,a602df8b-e77d-453c-80cb-eeacd1e89d3b,2026-08-02T16:45:00Z,2026-08-02T18:45:00+0200,201.15,EUR/MWh,FR,FR,imbalance_price,Short,2026-08-05T12:06:18Z
2026-08-05T12:02:33Z,2026-08-05T14:02:33+0200,a602df8b-e77d-453c-80cb-eeacd1e89d3b,2026-08-02T17:00:00Z,2026-08-02T19:00:00+0200,205.35,EUR/MWh,FR,FR,imbalance_price,Long,2026-08-05T12:06:18Z
2026-08-05T12:02:33Z,2026-08-05T14:02:33+0200,a602df8b-e77d-453c-80cb-eeacd1e89d3b,2026-08-02T17:00:00Z,2026-08-02T19:00:00+0200,228.65,EUR/MWh,FR,FR,imbalance_price,Short,2026-08-05T12:06:18Z
2026-08-05T12:02:33Z,2026-08-05T14:02:33+0200,a602df8b-e77d-453c-80cb-eeacd1e89d3b,2026-08-02T17:15:00Z,2026-08-02T19:15:00+0200,121.68,EUR/MWh,FR,FR,imbalance_price,Long,2026-08-05T12:06:18Z
2026-08-05T12:02:33Z,2026-08-05T14:02:33+0200,a602df8b-e77d-453c-80cb-eeacd1e89d3b,2026-08-02T17:15:00Z,2026-08-02T19:15:00+0200,135.48,EUR/MWh,FR,FR,imbalance_price,Short,2026-08-05T12:06:18Z
2026-08-05T12:02:33Z,2026-08-05T14:02:33+0200,a602df8b-e77d-453c-80cb-eeacd1e89d3b,2026-08-02T17:30:00Z,2026-08-02T19:30:00+0200,170.46,EUR/MWh,FR,FR,imbalance_price,Long,2026-08-05T12:06:18Z
2026-08-05T12:02:33Z,2026-08-05T14:02:33+0200,a602df8b-e77d-453c-80cb-eeacd1e89d3b,2026-08-02T17:30:00Z,2026-08-02T19:30:00+0200,189.8,EUR/MWh,FR,FR,imbalance_price,Short,2026-08-05T12:06:18Z
2026-08-05T12:02:33Z,2026-08-05T14:02:33+0200,a602df8b-e77d-453c-80cb-eeacd1e89d3b,2026-08-02T17:45:00Z,2026-08-02T19:45:00+0200,181.28,EUR/MWh,FR,FR,imbalance_price,Long,2026-08-05T12:06:18Z
2026-08-05T12:02:33Z,2026-08-05T14:02:33+0200,a602df8b-e77d-453c-80cb-eeacd1e89d3b,2026-08-02T17:45:00Z,2026-08-02T19:45:00+0200,201.86,EUR/MWh,FR,FR,imbalance_price,Short,2026-08-05T12:06:18Z
2026-08-05T12:02:33Z,2026-08-05T14:02:33+0200,a602df8b-e77d-453c-80cb-eeacd1e89d3b,2026-08-02T18:00:00Z,2026-08-02T20:00:00+0200,133.33,EUR/MWh,FR,FR,imbalance_price,Long,2026-08-05T12:06:18Z
2026-08-05T12:02:33Z,2026-08-05T14:02:33+0200,a602df8b-e77d-453c-80cb-eeacd1e89d3b,2026-08-02T18:00:00Z,2026-08-02T20:00:00+0200,148.47,EUR/MWh,FR,FR,imbalance_price,Short,2026-08-05T12:06:18Z
2026-08-05T12:02:33Z,2026-08-05T14:02:33+0200,a602df8b-e77d-453c-80cb-eeacd1e89d3b,2026-08-02T18:15:00Z,2026-08-02T20:15:00+0200,121.6,EUR/MWh,FR,FR,imbalance_price,Long,2026-08-05T12:06:18Z
2026-08-05T12:02:33Z,2026-08-05T14:02:33+0200,a602df8b-e77d-453c-80cb-eeacd1e89d3b,2026-08-02T18:15:00Z,2026-08-02T20:15:00+0200,135.4,EUR/MWh,FR,FR,imbalance_price,Short,2026-08-05T12:06:18Z
2026-08-05T12:02:33Z,2026-08-05T14:02:33+0200,a602df8b-e77d-453c-80cb-eeacd1e89d3b,2026-08-02T18:30:00Z,2026-08-02T20:30:00+0200,102.72,EUR/MWh,FR,FR,imbalance_price,Long,2026-08-05T12:06:18Z
2026-08-05T12:02:33Z,2026-08-05T14:02:33+0200,a602df8b-e77d-453c-80cb-eeacd1e89d3b,2026-08-02T18:30:00Z,2026-08-02T20:30:00+0200,114.38,EUR/MWh,FR,FR,imbalance_price,Short,2026-08-05T12:06:18Z
2026-08-05T12:02:33Z,2026-08-05T14:02:33+0200,a602df8b-e77d-453c-80cb-eeacd1e89d3b,2026-08-02T18:45:00Z,2026-08-02T20:45:00+0200,79.33,EUR/MWh,FR,FR,imbalance_price,Long,2026-08-05T12:06:18Z
2026-08-05T12:02:33Z,2026-08-05T14:02:33+0200,a602df8b-e77d-453c-80cb-eeacd1e89d3b,2026-08-02T18:45:00Z,2026-08-02T20:45:00+0200,88.33,EUR/MWh,FR,FR,imbalance_price,Short,2026-08-05T12:06:18Z
2026-08-05T12:02:33Z,2026-08-05T14:02:33+0200,a602df8b-e77d-453c-80cb-eeacd1e89d3b,2026-08-02T19:00:00Z,2026-08-02T21:00:00+0200,137.09,EUR/MWh,FR,FR,imbalance_price,Long,2026-08-05T12:06:18Z
2026-08-05T12:02:33Z,2026-08-05T14:02:33+0200,a602df8b-e77d-453c-80cb-eeacd1e89d3b,2026-08-02T19:00:00Z,2026-08-02T21:00:00+0200,152.65,EUR/MWh,FR,FR,imbalance_price,Short,2026-08-05T12:06:18Z
2026-08-05T12:02:33Z,2026-08-05T14:02:33+0200,a602df8b-e77d-453c-80cb-eeacd1e89d3b,2026-08-02T19:15:00Z,2026-08-02T21:15:00+0200,132.9,EUR/MWh,FR,FR,imbalance_price,Long,2026-08-05T12:06:18Z
2026-08-05T12:02:33Z,2026-08-05T14:02:33+0200,a602df8b-e77d-453c-80cb-eeacd1e89d3b,2026-08-02T19:15:00Z,2026-08-02T21:15:00+0200,147.98,EUR/MWh,FR,FR,imbalance_price,Short,2026-08-05T12:06:18Z
2026-08-05T12:02:33Z,2026-08-05T14:02:33+0200,a602df8b-e77d-453c-80cb-eeacd1e89d3b,2026-08-02T19:30:00Z,2026-08-02T21:30:00+0200,133.19,EUR/MWh,FR,FR,imbalance_price,Long,2026-08-05T12:06:18Z
2026-08-05T12:02:33Z,2026-08-05T14:02:33+0200,a602df8b-e77d-453c-80cb-eeacd1e89d3b,2026-08-02T19:30:00Z,2026-08-02T21:30:00+0200,148.31,EUR/MWh,FR,FR,imbalance_price,Short,2026-08-05T12:06:18Z
2026-08-05T12:02:33Z,2026-08-05T14:02:33+0200,a602df8b-e77d-453c-80cb-eeacd1e89d3b,2026-08-02T19:45:00Z,2026-08-02T21:45:00+0200,119.71,EUR/MWh,FR,FR,imbalance_price,Long,2026-08-05T12:06:18Z
2026-08-05T12:02:33Z,2026-08-05T14:02:33+0200,a602df8b-e77d-453c-80cb-eeacd1e89d3b,2026-08-02T19:45:00Z,2026-08-02T21:45:00+0200,133.29,EUR/MWh,FR,FR,imbalance_price,Short,2026-08-05T12:06:18Z
2026-08-05T12:02:33Z,2026-08-05T14:02:33+0200,a602df8b-e77d-453c-80cb-eeacd1e89d3b,2026-08-02T20:00:00Z,2026-08-02T22:00:00+0200,125.17,EUR/MWh,FR,FR,imbalance_price,Long,2026-08-05T12:06:18Z
2026-08-05T12:02:33Z,2026-08-05T14:02:33+0200,a602df8b-e77d-453c-80cb-eeacd1e89d3b,2026-08-02T20:00:00Z,2026-08-02T22:00:00+0200,139.37,EUR/MWh,FR,FR,imbalance_price,Short,2026-08-05T12:06:18Z
2026-08-05T12:02:33Z,2026-08-05T14:02:33+0200,a602df8b-e77d-453c-80cb-eeacd1e89d3b,2026-08-02T20:15:00Z,2026-08-02T22:15:00+0200,134.52,EUR/MWh,FR,FR,imbalance_price,Long,2026-08-05T12:06:18Z
2026-08-05T12:02:33Z,2026-08-05T14:02:33+0200,a602df8b-e77d-453c-80cb-eeacd1e89d3b,2026-08-02T20:15:00Z,2026-08-02T22:15:00+0200,149.78,EUR/MWh,FR,FR,imbalance_price,Short,2026-08-05T12:06:18Z
2026-08-05T12:02:33Z,2026-08-05T14:02:33+0200,a602df8b-e77d-453c-80cb-eeacd1e89d3b,2026-08-02T20:30:00Z,2026-08-02T22:30:00+0200,107.99,EUR/MWh,FR,FR,imbalance_price,Long,2026-08-05T12:06:18Z
2026-08-05T12:02:33Z,2026-08-05T14:02:33+0200,a602df8b-e77d-453c-80cb-eeacd1e89d3b,2026-08-02T20:30:00Z,2026-08-02T22:30:00+0200,120.25,EUR/MWh,FR,FR,imbalance_price,Short,2026-08-05T12:06:18Z
2026-08-05T12:02:33Z,2026-08-05T14:02:33+0200,a602df8b-e77d-453c-80cb-eeacd1e89d3b,2026-08-02T20:45:00Z,2026-08-02T22:45:00+0200,133.55,EUR/MWh,FR,FR,imbalance_price,Long,2026-08-05T12:06:18Z
2026-08-05T12:02:33Z,2026-08-05T14:02:33+0200,a602df8b-e77d-453c-80cb-eeacd1e89d3b,2026-08-02T20:45:00Z,2026-08-02T22:45:00+0200,148.71,EUR/MWh,FR,FR,imbalance_price,Short,2026-08-05T12:06:18Z
2026-08-05T12:02:33Z,2026-08-05T14:02:33+0200,a602df8b-e77d-453c-80cb-eeacd1e89d3b,2026-08-02T21:00:00Z,2026-08-02T23:00:00+0200,155.28,EUR/MWh,FR,FR,imbalance_price,Long,2026-08-05T12:06:18Z
2026-08-05T12:02:33Z,2026-08-05T14:02:33+0200,a602df8b-e77d-453c-80cb-eeacd1e89d3b,2026-08-02T21:00:00Z,2026-08-02T23:00:00+0200,172.9,EUR/MWh,FR,FR,imbalance_price,Short,2026-08-05T12:06:18Z
2026-08-05T12:02:33Z,2026-08-05T14:02:33+0200,a602df8b-e77d-453c-80cb-eeacd1e89d3b,2026-08-02T21:15:00Z,2026-08-02T23:15:00+0200,135.98,EUR/MWh,FR,FR,imbalance_price,Long,2026-08-05T12:06:18Z
2026-08-05T12:02:33Z,2026-08-05T14:02:33+0200,a602df8b-e77d-453c-80cb-eeacd1e89d3b,2026-08-02T21:15:00Z,2026-08-02T23:15:00+0200,151.42,EUR/MWh,FR,FR,imbalance_price,Short,2026-08-05T12:06:18Z
2026-08-05T12:02:33Z,2026-08-05T14:02:33+0200,a602df8b-e77d-453c-80cb-eeacd1e89d3b,2026-08-02T21:30:00Z,2026-08-02T23:30:00+0200,161.32,EUR/MWh,FR,FR,imbalance_price,Long,2026-08-05T12:06:18Z
2026-08-05T12:02:33Z,2026-08-05T14:02:33+0200,a602df8b-e77d-453c-80cb-eeacd1e89d3b,2026-08-02T21:30:00Z,2026-08-02T23:30:00+0200,179.62,EUR/MWh,FR,FR,imbalance_price,Short,2026-08-05T12:06:18Z
2026-08-05T12:02:33Z,2026-08-05T14:02:33+0200,a602df8b-e77d-453c-80cb-eeacd1e89d3b,2026-08-02T21:45:00Z,2026-08-02T23:45:00+0200,71.04,EUR/MWh,FR,FR,imbalance_price,Long,2026-08-05T12:06:18Z
2026-08-05T12:02:33Z,2026-08-05T14:02:33+0200,a602df8b-e77d-453c-80cb-eeacd1e89d3b,2026-08-02T21:45:00Z,2026-08-02T23:45:00+0200,79.1,EUR/MWh,FR,FR,imbalance_price,Short,2026-08-05T12:06:18Z
2026-08-05T12:02:33Z,2026-08-05T14:02:33+0200,a602df8b-e77d-453c-80cb-eeacd1e89d3b,2026-08-02T22:00:00Z,2026-08-03T00:00:00+0200,186.87,EUR/MWh,FR,FR,imbalance_price,Long,2026-08-05T12:06:18Z
2026-08-05T12:02:33Z,2026-08-05T14:02:33+0200,a602df8b-e77d-453c-80cb-eeacd1e89d3b,2026-08-02T22:00:00Z,2026-08-03T00:00:00+0200,208.07,EUR/MWh,FR,FR,imbalance_price,Short,2026-08-05T12:06:18Z
2026-08-05T12:02:33Z,2026-08-05T14:02:33+0200,a602df8b-e77d-453c-80cb-eeacd1e89d3b,2026-08-02T22:15:00Z,2026-08-03T00:15:00+0200,171.21,EUR/MWh,FR,FR,imbalance_price,Long,2026-08-05T12:06:18Z
2026-08-05T12:02:33Z,2026-08-05T14:02:33+0200,a602df8b-e77d-453c-80cb-eeacd1e89d3b,2026-08-02T22:15:00Z,2026-08-03T00:15:00+0200,190.65,EUR/MWh,FR,FR,imbalance_price,Short,2026-08-05T12:06:18Z
2026-08-05T12:02:33Z,2026-08-05T14:02:33+0200,a602df8b-e77d-453c-80cb-eeacd1e89d3b,2026-08-02T22:30:00Z,2026-08-03T00:30:00+0200,178.35,EUR/MWh,FR,FR,imbalance_price,Long,2026-08-05T12:06:18Z
2026-08-05T12:02:33Z,2026-08-05T14:02:33+0200,a602df8b-e77d-453c-80cb-eeacd1e89d3b,2026-08-02T22:30:00Z,2026-08-03T00:30:00+0200,198.59,EUR/MWh,FR,FR,imbalance_price,Short,2026-08-05T12:06:18Z
2026-08-05T12:02:33Z,2026-08-05T14:02:33+0200,a602df8b-e77d-453c-80cb-eeacd1e89d3b,2026-08-02T22:45:00Z,2026-08-03T00:45:00+0200,162.43,EUR/MWh,FR,FR,imbalance_price,Long,2026-08-05T12:06:18Z
2026-08-05T12:02:33Z,2026-08-05T14:02:33+0200,a602df8b-e77d-453c-80cb-eeacd1e89d3b,2026-08-02T22:45:00Z,2026-08-03T00:45:00+0200,180.87,EUR/MWh,FR,FR,imbalance_price,Short,2026-08-05T12:06:18Z
2026-08-05T12:02:33Z,2026-08-05T14:02:33+0200,a602df8b-e77d-453c-80cb-eeacd1e89d3b,2026-08-02T23:00:00Z,2026-08-03T01:00:00+0200,171.77,EUR/MWh,FR,FR,imbalance_price,Long,2026-08-05T12:06:18Z
2026-08-05T12:02:33Z,2026-08-05T14:02:33+0200,a602df8b-e77d-453c-80cb-eeacd1e89d3b,2026-08-02T23:00:00Z,2026-08-03T01:00:00+0200,191.27,EUR/MWh,FR,FR,imbalance_price,Short,2026-08-05T12:06:18Z
2026-08-05T12:02:33Z,2026-08-05T14:02:33+0200,a602df8b-e77d-453c-80cb-eeacd1e89d3b,2026-08-02T23:15:00Z,2026-08-03T01:15:00+0200,171.5,EUR/MWh,FR,FR,imbalance_price,Long,2026-08-05T12:06:18Z
2026-08-05T12:02:33Z,2026-08-05T14:02:33+0200,a602df8b-e77d-453c-80cb-eeacd1e89d3b,2026-08-02T23:15:00Z,2026-08-03T01:15:00+0200,190.96,EUR/MWh,FR,FR,imbalance_price,Short,2026-08-05T12:06:18Z
2026-08-05T12:02:33Z,2026-08-05T14:02:33+0200,a602df8b-e77d-453c-80cb-eeacd1e89d3b,2026-08-02T23:30:00Z,2026-08-03T01:30:00+0200,186.97,EUR/MWh,FR,FR,imbalance_price,Long,2026-08-05T12:06:18Z
2026-08-05T12:02:33Z,2026-08-05T14:02:33+0200,a602df8b-e77d-453c-80cb-eeacd1e89d3b,2026-08-02T23:30:00Z,2026-08-03T01:30:00+0200,208.19,EUR/MWh,FR,FR,imbalance_price,Short,2026-08-05T12:06:18Z
2026-08-05T12:02:33Z,2026-08-05T14:02:33+0200,a602df8b-e77d-453c-80cb-eeacd1e89d3b,2026-08-02T23:45:00Z,2026-08-03T01:45:00+0200,188.59,EUR/MWh,FR,FR,imbalance_price,Long,2026-08-05T12:06:18Z
2026-08-05T12:02:33Z,2026-08-05T14:02:33+0200,a602df8b-e77d-453c-80cb-eeacd1e89d3b,2026-08-02T23:45:00Z,2026-08-03T01:45:00+0200,209.99,EUR/MWh,FR,FR,imbalance_price,Short,2026-08-05T12:06:18Z
2026-08-05T12:02:33Z,2026-08-05T14:02:33+0200,a602df8b-e77d-453c-80cb-eeacd1e89d3b,2026-08-03T00:00:00Z,2026-08-03T02:00:00+0200,183.36,EUR/MWh,FR,FR,imbalance_price,Long,2026-08-05T12:06:18Z
2026-08-05T12:02:33Z,2026-08-05T14:02:33+0200,a602df8b-e77d-453c-80cb-eeacd1e89d3b,2026-08-03T00:00:00Z,2026-08-03T02:00:00+0200,204.18,EUR/MWh,FR,FR,imbalance_price,Short,2026-08-05T12:06:18Z
2026-08-05T12:02:33Z,2026-08-05T14:02:33+0200,a602df8b-e77d-453c-80cb-eeacd1e89d3b,2026-08-03T00:15:00Z,2026-08-03T02:15:00+0200,182.67,EUR/MWh,FR,FR,imbalance_price,Long,2026-08-05T12:06:18Z
2026-08-05T12:02:33Z,2026-08-05T14:02:33+0200,a602df8b-e77d-453c-80cb-eeacd1e89d3b,2026-08-03T00:15:00Z,2026-08-03T02:15:00+0200,203.41,EUR/MWh,FR,FR,imbalance_price,Short,2026-08-05T12:06:18Z
2026-08-05T12:02:33Z,2026-08-05T14:02:33+0200,a602df8b-e77d-453c-80cb-eeacd1e89d3b,2026-08-03T00:30:00Z,2026-08-03T02:30:00+0200,147.24,EUR/MWh,FR,FR,imbalance_price,Long,2026-08-05T12:06:18Z
2026-08-05T12:02:33Z,2026-08-05T14:02:33+0200,a602df8b-e77d-453c-80cb-eeacd1e89d3b,2026-08-03T00:30:00Z,2026-08-03T02:30:00+0200,163.96,EUR/MWh,FR,FR,imbalance_price,Short,2026-08-05T12:06:18Z
2026-08-05T12:02:33Z,2026-08-05T14:02:33+0200,a602df8b-e77d-453c-80cb-eeacd1e89d3b,2026-08-03T00:45:00Z,2026-08-03T02:45:00+0200,-45.38,EUR/MWh,FR,FR,imbalance_price,Long,2026-08-05T12:06:18Z
2026-08-05T12:02:33Z,2026-08-05T14:02:33+0200,a602df8b-e77d-453c-80cb-eeacd1e89d3b,2026-08-03T00:45:00Z,2026-08-03T02:45:00+0200,-40.76,EUR/MWh,FR,FR,imbalance_price,Short,2026-08-05T12:06:18Z
2026-08-05T12:02:33Z,2026-08-05T14:02:33+0200,a602df8b-e77d-453c-80cb-eeacd1e89d3b,2026-08-03T01:00:00Z,2026-08-03T03:00:00+0200,18.59,EUR/MWh,FR,FR,imbalance_price,Long,2026-08-05T12:06:18Z
2026-08-05T12:02:33Z,2026-08-05T14:02:33+0200,a602df8b-e77d-453c-80cb-eeacd1e89d3b,2026-08-03T01:00:00Z,2026-08-03T03:00:00+0200,20.69,EUR/MWh,FR,FR,imbalance_price,Short,2026-08-05T12:06:18Z
2026-08-05T12:02:33Z,2026-08-05T14:02:33+0200,a602df8b-e77d-453c-80cb-eeacd1e89d3b,2026-08-03T01:15:00Z,2026-08-03T03:15:00+0200,87.13,EUR/MWh,FR,FR,imbalance_price,Long,2026-08-05T12:06:18Z
2026-08-05T12:02:33Z,2026-08-05T14:02:33+0200,a602df8b-e77d-453c-80cb-eeacd1e89d3b,2026-08-03T01:15:00Z,2026-08-03T03:15:00+0200,97.01,EUR/MWh,FR,FR,imbalance_price,Short,2026-08-05T12:06:18Z
2026-08-05T12:02:33Z,2026-08-05T14:02:33+0200,a602df8b-e77d-453c-80cb-eeacd1e89d3b,2026-08-03T01:30:00Z,2026-08-03T03:30:00+0200,18.59,EUR/MWh,FR,FR,imbalance_price,Long,2026-08-05T12:06:18Z
2026-08-05T12:02:33Z,2026-08-05T14:02:33+0200,a602df8b-e77d-453c-80cb-eeacd1e89d3b,2026-08-03T01:30:00Z,2026-08-03T03:30:00+0200,20.69,EUR/MWh,FR,FR,imbalance_price,Short,2026-08-05T12:06:18Z
2026-08-05T12:02:33Z,2026-08-05T14:02:33+0200,a602df8b-e77d-453c-80cb-eeacd1e89d3b,2026-08-03T01:45:00Z,2026-08-03T03:45:00+0200,31.02,EUR/MWh,FR,FR,imbalance_price,Long,2026-08-05T12:06:18Z
2026-08-05T12:02:33Z,2026-08-05T14:02:33+0200,a602df8b-e77d-453c-80cb-eeacd1e89d3b,2026-08-03T01:45:00Z,2026-08-03T03:45:00+0200,34.54,EUR/MWh,FR,FR,imbalance_price,Short,2026-08-05T12:06:18Z
2026-08-05T12:02:33Z,2026-08-05T14:02:33+0200,a602df8b-e77d-453c-80cb-eeacd1e89d3b,2026-08-03T02:00:00Z,2026-08-03T04:00:00+0200,37.8,EUR/MWh,FR,FR,imbalance_price,Long,2026-08-05T12:06:18Z
2026-08-05T12:02:33Z,2026-08-05T14:02:33+0200,a602df8b-e77d-453c-80cb-eeacd1e89d3b,2026-08-03T02:00:00Z,2026-08-03T04:00:00+0200,42.08,EUR/MWh,FR,FR,imbalance_price,Short,2026-08-05T12:06:18Z
2026-08-05T12:02:33Z,2026-08-05T14:02:33+0200,a602df8b-e77d-453c-80cb-eeacd1e89d3b,2026-08-03T02:15:00Z,2026-08-03T04:15:00+0200,47.53,EUR/MWh,FR,FR,imbalance_price,Long,2026-08-05T12:06:18Z
2026-08-05T12:02:33Z,2026-08-05T14:02:33+0200,a602df8b-e77d-453c-80cb-eeacd1e89d3b,2026-08-03T02:15:00Z,2026-08-03T04:15:00+0200,52.93,EUR/MWh,FR,FR,imbalance_price,Short,2026-08-05T12:06:18Z
2026-08-05T12:02:33Z,2026-08-05T14:02:33+0200,a602df8b-e77d-453c-80cb-eeacd1e89d3b,2026-08-03T02:30:00Z,2026-08-03T04:30:00+0200,101.78,EUR/MWh,FR,FR,imbalance_price,Long,2026-08-05T12:06:18Z
2026-08-05T12:02:33Z,2026-08-05T14:02:33+0200,a602df8b-e77d-453c-80cb-eeacd1e89d3b,2026-08-03T02:30:00Z,2026-08-03T04:30:00+0200,113.34,EUR/MWh,FR,FR,imbalance_price,Short,2026-08-05T12:06:18Z
2026-08-05T12:02:33Z,2026-08-05T14:02:33+0200,a602df8b-e77d-453c-80cb-eeacd1e89d3b,2026-08-03T02:45:00Z,2026-08-03T04:45:00+0200,74.65,EUR/MWh,FR,FR,imbalance_price,Long,2026-08-05T12:06:18Z
2026-08-05T12:02:33Z,2026-08-05T14:02:33+0200,a602df8b-e77d-453c-80cb-eeacd1e89d3b,2026-08-03T02:45:00Z,2026-08-03T04:45:00+0200,83.13,EUR/MWh,FR,FR,imbalance_price,Short,2026-08-05T12:06:18Z
2026-08-05T12:02:33Z,2026-08-05T14:02:33+0200,a602df8b-e77d-453c-80cb-eeacd1e89d3b,2026-08-03T03:00:00Z,2026-08-03T05:00:00+0200,46.35,EUR/MWh,FR,FR,imbalance_price,Long,2026-08-05T12:06:18Z
2026-08-05T12:02:33Z,2026-08-05T14:02:33+0200,a602df8b-e77d-453c-80cb-eeacd1e89d3b,2026-08-03T03:00:00Z,2026-08-03T05:00:00+0200,51.61,EUR/MWh,FR,FR,imbalance_price,Short,2026-08-05T12:06:18Z
2026-08-05T12:02:33Z,2026-08-05T14:02:33+0200,a602df8b-e77d-453c-80cb-eeacd1e89d3b,2026-08-03T03:15:00Z,2026-08-03T05:15:00+0200,175.84,EUR/MWh,FR,FR,imbalance_price,Long,2026-08-05T12:06:18Z
2026-08-05T12:02:33Z,2026-08-05T14:02:33+0200,a602df8b-e77d-453c-80cb-eeacd1e89d3b,2026-08-03T03:15:00Z,2026-08-03T05:15:00+0200,195.8,EUR/MWh,FR,FR,imbalance_price,Short,2026-08-05T12:06:18Z
2026-08-05T12:02:33Z,2026-08-05T14:02:33+0200,a602df8b-e77d-453c-80cb-eeacd1e89d3b,2026-08-03T03:30:00Z,2026-08-03T05:30:00+0200,181.72,EUR/MWh,FR,FR,imbalance_price,Long,2026-08-05T12:06:18Z
2026-08-05T12:02:33Z,2026-08-05T14:02:33+0200,a602df8b-e77d-453c-80cb-eeacd1e89d3b,2026-08-03T03:30:00Z,2026-08-03T05:30:00+0200,202.34,EUR/MWh,FR,FR,imbalance_price,Short,2026-08-05T12:06:18Z
2026-08-05T12:02:33Z,2026-08-05T14:02:33+0200,a602df8b-e77d-453c-80cb-eeacd1e89d3b,2026-08-03T03:45:00Z,2026-08-03T05:45:00+0200,181.74,EUR/MWh,FR,FR,imbalance_price,Long,2026-08-05T12:06:18Z
2026-08-05T12:02:33Z,2026-08-05T14:02:33+0200,a602df8b-e77d-453c-80cb-eeacd1e89d3b,2026-08-03T03:45:00Z,2026-08-03T05:45:00+0200,202.36,EUR/MWh,FR,FR,imbalance_price,Short,2026-08-05T12:06:18Z
2026-08-05T12:02:33Z,2026-08-05T14:02:33+0200,a602df8b-e77d-453c-80cb-eeacd1e89d3b,2026-08-03T04:00:00Z,2026-08-03T06:00:00+0200,171.65,EUR/MWh,FR,FR,imbalance_price,Long,2026-08-05T12:06:18Z
2026-08-05T12:02:33Z,2026-08-05T14:02:33+0200,a602df8b-e77d-453c-80cb-eeacd1e89d3b,2026-08-03T04:00:00Z,2026-08-03T06:00:00+0200,191.13,EUR/MWh,FR,FR,imbalance_price,Short,2026-08-05T12:06:18Z
2026-08-05T12:02:33Z,2026-08-05T14:02:33+0200,a602df8b-e77d-453c-80cb-eeacd1e89d3b,2026-08-03T04:15:00Z,2026-08-03T06:15:00+0200,171.32,EUR/MWh,FR,FR,imbalance_price,Long,2026-08-05T12:06:18Z
2026-08-05T12:02:33Z,2026-08-05T14:02:33+0200,a602df8b-e77d-453c-80cb-eeacd1e89d3b,2026-08-03T04:15:00Z,2026-08-03T06:15:00+0200,190.76,EUR/MWh,FR,FR,imbalance_price,Short,2026-08-05T12:06:18Z
2026-08-05T12:02:33Z,2026-08-05T14:02:33+0200,a602df8b-e77d-453c-80cb-eeacd1e89d3b,2026-08-03T04:30:00Z,2026-08-03T06:30:00+0200,170.2,EUR/MWh,FR,FR,imbalance_price,Long,2026-08-05T12:06:18Z
2026-08-05T12:02:33Z,2026-08-05T14:02:33+0200,a602df8b-e77d-453c-80cb-eeacd1e89d3b,2026-08-03T04:30:00Z,2026-08-03T06:30:00+0200,189.52,EUR/MWh,FR,FR,imbalance_price,Short,2026-08-05T12:06:18Z
2026-08-05T12:02:33Z,2026-08-05T14:02:33+0200,a602df8b-e77d-453c-80cb-eeacd1e89d3b,2026-08-03T04:45:00Z,2026-08-03T06:45:00+0200,170.2,EUR/MWh,FR,FR,imbalance_price,Long,2026-08-05T12:06:18Z
2026-08-05T12:02:33Z,2026-08-05T14:02:33+0200,a602df8b-e77d-453c-80cb-eeacd1e89d3b,2026-08-03T04:45:00Z,2026-08-03T06:45:00+0200,189.52,EUR/MWh,FR,FR,imbalance_price,Short,2026-08-05T12:06:18Z
2026-08-05T12:02:33Z,2026-08-05T14:02:33+0200,a602df8b-e77d-453c-80cb-eeacd1e89d3b,2026-08-03T05:00:00Z,2026-08-03T07:00:00+0200,172.49,EUR/MWh,FR,FR,imbalance_price,Long,2026-08-05T12:06:18Z
2026-08-05T12:02:33Z,2026-08-05T14:02:33+0200,a602df8b-e77d-453c-80cb-eeacd1e89d3b,2026-08-03T05:00:00Z,2026-08-03T07:00:00+0200,192.07,EUR/MWh,FR,FR,imbalance_price,Short,2026-08-05T12:06:18Z
2026-08-05T12:02:33Z,2026-08-05T14:02:33+0200,a602df8b-e77d-453c-80cb-eeacd1e89d3b,2026-08-03T05:15:00Z,2026-08-03T07:15:00+0200,172.49,EUR/MWh,FR,FR,imbalance_price,Long,2026-08-05T12:06:18Z
2026-08-05T12:02:33Z,2026-08-05T14:02:33+0200,a602df8b-e77d-453c-80cb-eeacd1e89d3b,2026-08-03T05:15:00Z,2026-08-03T07:15:00+0200,192.07,EUR/MWh,FR,FR,imbalance_price,Short,2026-08-05T12:06:18Z
2026-08-05T12:02:33Z,2026-08-05T14:02:33+0200,a602df8b-e77d-453c-80cb-eeacd1e89d3b,2026-08-03T05:30:00Z,2026-08-03T07:30:00+0200,84.56,EUR/MWh,FR,FR,imbalance_price,Long,2026-08-05T12:06:18Z
2026-08-05T12:02:33Z,2026-08-05T14:02:33+0200,a602df8b-e77d-453c-80cb-eeacd1e89d3b,2026-08-03T05:30:00Z,2026-08-03T07:30:00+0200,94.16,EUR/MWh,FR,FR,imbalance_price,Short,2026-08-05T12:06:18Z
2026-08-05T12:02:33Z,2026-08-05T14:02:33+0200,a602df8b-e77d-453c-80cb-eeacd1e89d3b,2026-08-03T05:45:00Z,2026-08-03T07:45:00+0200,122.17,EUR/MWh,FR,FR,imbalance_price,Long,2026-08-05T12:06:18Z
2026-08-05T12:02:33Z,2026-08-05T14:02:33+0200,a602df8b-e77d-453c-80cb-eeacd1e89d3b,2026-08-03T05:45:00Z,2026-08-03T07:45:00+0200,136.03,EUR/MWh,FR,FR,imbalance_price,Short,2026-08-05T12:06:18Z
2026-08-05T12:02:33Z,2026-08-05T14:02:33+0200,a602df8b-e77d-453c-80cb-eeacd1e89d3b,2026-08-03T06:00:00Z,2026-08-03T08:00:00+0200,172.59,EUR/MWh,FR,FR,imbalance_price,Long,2026-08-05T12:06:18Z
2026-08-05T12:02:33Z,2026-08-05T14:02:33+0200,a602df8b-e77d-453c-80cb-eeacd1e89d3b,2026-08-03T06:00:00Z,2026-08-03T08:00:00+0200,192.17,EUR/MWh,FR,FR,imbalance_price,Short,2026-08-05T12:06:18Z
2026-08-05T12:02:33Z,2026-08-05T14:02:33+0200,a602df8b-e77d-453c-80cb-eeacd1e89d3b,2026-08-03T06:15:00Z,2026-08-03T08:15:00+0200,173.45,EUR/MWh,FR,FR,imbalance_price,Long,2026-08-05T12:06:18Z
2026-08-05T12:02:33Z,2026-08-05T14:02:33+0200,a602df8b-e77d-453c-80cb-eeacd1e89d3b,2026-08-03T06:15:00Z,2026-08-03T08:15:00+0200,193.13,EUR/MWh,FR,FR,imbalance_price,Short,2026-08-05T12:06:18Z
2026-08-05T12:02:33Z,2026-08-05T14:02:33+0200,a602df8b-e77d-453c-80cb-eeacd1e89d3b,2026-08-03T06:30:00Z,2026-08-03T08:30:00+0200,162.45,EUR/MWh,FR,FR,imbalance_price,Long,2026-08-05T12:06:18Z
2026-08-05T12:02:33Z,2026-08-05T14:02:33+0200,a602df8b-e77d-453c-80cb-eeacd1e89d3b,2026-08-03T06:30:00Z,2026-08-03T08:30:00+0200,180.89,EUR/MWh,FR,FR,imbalance_price,Short,2026-08-05T12:06:18Z
2026-08-05T12:02:33Z,2026-08-05T14:02:33+0200,a602df8b-e77d-453c-80cb-eeacd1e89d3b,2026-08-03T06:45:00Z,2026-08-03T08:45:00+0200,162.76,EUR/MWh,FR,FR,imbalance_price,Long,2026-08-05T12:06:18Z
2026-08-05T12:02:33Z,2026-08-05T14:02:33+0200,a602df8b-e77d-453c-80cb-eeacd1e89d3b,2026-08-03T06:45:00Z,2026-08-03T08:45:00+0200,181.24,EUR/MWh,FR,FR,imbalance_price,Short,2026-08-05T12:06:18Z
2026-08-05T12:02:33Z,2026-08-05T14:02:33+0200,a602df8b-e77d-453c-80cb-eeacd1e89d3b,2026-08-03T07:00:00Z,2026-08-03T09:00:00+0200,176.16,EUR/MWh,FR,FR,imbalance_price,Long,2026-08-05T12:06:18Z
2026-08-05T12:02:33Z,2026-08-05T14:02:33+0200,a602df8b-e77d-453c-80cb-eeacd1e89d3b,2026-08-03T07:00:00Z,2026-08-03T09:00:00+0200,196.16,EUR/MWh,FR,FR,imbalance_price,Short,2026-08-05T12:06:18Z
2026-08-05T12:02:33Z,2026-08-05T14:02:33+0200,a602df8b-e77d-453c-80cb-eeacd1e89d3b,2026-08-03T07:15:00Z,2026-08-03T09:15:00+0200,178.93,EUR/MWh,FR,FR,imbalance_price,Long,2026-08-05T12:06:18Z
2026-08-05T12:02:33Z,2026-08-05T14:02:33+0200,a602df8b-e77d-453c-80cb-eeacd1e89d3b,2026-08-03T07:15:00Z,2026-08-03T09:15:00+0200,199.23,EUR/MWh,FR,FR,imbalance_price,Short,2026-08-05T12:06:18Z
2026-08-05T12:02:33Z,2026-08-05T14:02:33+0200,a602df8b-e77d-453c-80cb-eeacd1e89d3b,2026-08-03T07:30:00Z,2026-08-03T09:30:00+0200,177.68,EUR/MWh,FR,FR,imbalance_price,Long,2026-08-05T12:06:18Z
2026-08-05T12:02:33Z,2026-08-05T14:02:33+0200,a602df8b-e77d-453c-80cb-eeacd1e89d3b,2026-08-03T07:30:00Z,2026-08-03T09:30:00+0200,197.84,EUR/MWh,FR,FR,imbalance_price,Short,2026-08-05T12:06:18Z
2026-08-05T12:02:33Z,2026-08-05T14:02:33+0200,a602df8b-e77d-453c-80cb-eeacd1e89d3b,2026-08-03T07:45:00Z,2026-08-03T09:45:00+0200,185.0,EUR/MWh,FR,FR,imbalance_price,Long,2026-08-05T12:06:18Z
2026-08-05T12:02:33Z,2026-08-05T14:02:33+0200,a602df8b-e77d-453c-80cb-eeacd1e89d3b,2026-08-03T07:45:00Z,2026-08-03T09:45:00+0200,206.0,EUR/MWh,FR,FR,imbalance_price,Short,2026-08-05T12:06:18Z
2026-08-05T12:02:33Z,2026-08-05T14:02:33+0200,a602df8b-e77d-453c-80cb-eeacd1e89d3b,2026-08-03T08:00:00Z,2026-08-03T10:00:00+0200,183.95,EUR/MWh,FR,FR,imbalance_price,Long,2026-08-05T12:06:18Z
2026-08-05T12:02:33Z,2026-08-05T14:02:33+0200,a602df8b-e77d-453c-80cb-eeacd1e89d3b,2026-08-03T08:00:00Z,2026-08-03T10:00:00+0200,204.83,EUR/MWh,FR,FR,imbalance_price,Short,2026-08-05T12:06:18Z
2026-08-05T12:02:33Z,2026-08-05T14:02:33+0200,a602df8b-e77d-453c-80cb-eeacd1e89d3b,2026-08-03T08:15:00Z,2026-08-03T10:15:00+0200,30.29,EUR/MWh,FR,FR,imbalance_price,Long,2026-08-05T12:06:18Z
2026-08-05T12:02:33Z,2026-08-05T14:02:33+0200,a602df8b-e77d-453c-80cb-eeacd1e89d3b,2026-08-03T08:15:00Z,2026-08-03T10:15:00+0200,33.73,EUR/MWh,FR,FR,imbalance_price,Short,2026-08-05T12:06:18Z
2026-08-05T12:02:33Z,2026-08-05T14:02:33+0200,a602df8b-e77d-453c-80cb-eeacd1e89d3b,2026-08-03T08:30:00Z,2026-08-03T10:30:00+0200,43.3,EUR/MWh,FR,FR,imbalance_price,Long,2026-08-05T12:06:18Z
2026-08-05T12:02:33Z,2026-08-05T14:02:33+0200,a602df8b-e77d-453c-80cb-eeacd1e89d3b,2026-08-03T08:30:00Z,2026-08-03T10:30:00+0200,48.22,EUR/MWh,FR,FR,imbalance_price,Short,2026-08-05T12:06:18Z
2026-08-05T12:02:33Z,2026-08-05T14:02:33+0200,a602df8b-e77d-453c-80cb-eeacd1e89d3b,2026-08-03T08:45:00Z,2026-08-03T10:45:00+0200,125.12,EUR/MWh,FR,FR,imbalance_price,Long,2026-08-05T12:06:18Z
2026-08-05T12:02:33Z,2026-08-05T14:02:33+0200,a602df8b-e77d-453c-80cb-eeacd1e89d3b,2026-08-03T08:45:00Z,2026-08-03T10:45:00+0200,139.32,EUR/MWh,FR,FR,imbalance_price,Short,2026-08-05T12:06:18Z
2026-08-05T12:02:33Z,2026-08-05T14:02:33+0200,a602df8b-e77d-453c-80cb-eeacd1e89d3b,2026-08-03T09:00:00Z,2026-08-03T11:00:00+0200,176.23,EUR/MWh,FR,FR,imbalance_price,Long,2026-08-05T12:06:18Z
2026-08-05T12:02:33Z,2026-08-05T14:02:33+0200,a602df8b-e77d-453c-80cb-eeacd1e89d3b,2026-08-03T09:00:00Z,2026-08-03T11:00:00+0200,196.23,EUR/MWh,FR,FR,imbalance_price,Short,2026-08-05T12:06:18Z
2026-08-05T12:02:33Z,2026-08-05T14:02:33+0200,a602df8b-e77d-453c-80cb-eeacd1e89d3b,2026-08-03T09:15:00Z,2026-08-03T11:15:00+0200,170.29,EUR/MWh,FR,FR,imbalance_price,Long,2026-08-05T12:06:18Z
2026-08-05T12:02:33Z,2026-08-05T14:02:33+0200,a602df8b-e77d-453c-80cb-eeacd1e89d3b,2026-08-03T09:15:00Z,2026-08-03T11:15:00+0200,189.61,EUR/MWh,FR,FR,imbalance_price,Short,2026-08-05T12:06:18Z
2026-08-05T12:02:33Z,2026-08-05T14:02:33+0200,a602df8b-e77d-453c-80cb-eeacd1e89d3b,2026-08-03T09:30:00Z,2026-08-03T11:30:00+0200,162.56,EUR/MWh,FR,FR,imbalance_price,Long,2026-08-05T12:06:18Z
2026-08-05T12:02:33Z,2026-08-05T14:02:33+0200,a602df8b-e77d-453c-80cb-eeacd1e89d3b,2026-08-03T09:30:00Z,2026-08-03T11:30:00+0200,181.02,EUR/MWh,FR,FR,imbalance_price,Short,2026-08-05T12:06:18Z
2026-08-05T12:02:33Z,2026-08-05T14:02:33+0200,a602df8b-e77d-453c-80cb-eeacd1e89d3b,2026-08-03T09:45:00Z,2026-08-03T11:45:00+0200,169.32,EUR/MWh,FR,FR,imbalance_price,Long,2026-08-05T12:06:18Z
2026-08-05T12:02:33Z,2026-08-05T14:02:33+0200,a602df8b-e77d-453c-80cb-eeacd1e89d3b,2026-08-03T09:45:00Z,2026-08-03T11:45:00+0200,188.54,EUR/MWh,FR,FR,imbalance_price,Short,2026-08-05T12:06:18Z
2026-08-05T12:02:33Z,2026-08-05T14:02:33+0200,a602df8b-e77d-453c-80cb-eeacd1e89d3b,2026-08-03T10:00:00Z,2026-08-03T12:00:00+0200,159.68,EUR/MWh,FR,FR,imbalance_price,Long,2026-08-05T12:06:18Z
2026-08-05T12:02:33Z,2026-08-05T14:02:33+0200,a602df8b-e77d-453c-80cb-eeacd1e89d3b,2026-08-03T10:00:00Z,2026-08-03T12:00:00+0200,177.8,EUR/MWh,FR,FR,imbalance_price,Short,2026-08-05T12:06:18Z
2026-08-05T12:02:33Z,2026-08-05T14:02:33+0200,a602df8b-e77d-453c-80cb-eeacd1e89d3b,2026-08-03T10:15:00Z,2026-08-03T12:15:00+0200,178.07,EUR/MWh,FR,FR,imbalance_price,Long,2026-08-05T12:06:18Z
2026-08-05T12:02:33Z,2026-08-05T14:02:33+0200,a602df8b-e77d-453c-80cb-eeacd1e89d3b,2026-08-03T10:15:00Z,2026-08-03T12:15:00+0200,198.29,EUR/MWh,FR,FR,imbalance_price,Short,2026-08-05T12:06:18Z
2026-08-05T12:02:33Z,2026-08-05T14:02:33+0200,a602df8b-e77d-453c-80cb-eeacd1e89d3b,2026-08-03T10:30:00Z,2026-08-03T12:30:00+0200,182.44,EUR/MWh,FR,FR,imbalance_price,Long,2026-08-05T12:06:18Z
2026-08-05T12:02:33Z,2026-08-05T14:02:33+0200,a602df8b-e77d-453c-80cb-eeacd1e89d3b,2026-08-03T10:30:00Z,2026-08-03T12:30:00+0200,203.14,EUR/MWh,FR,FR,imbalance_price,Short,2026-08-05T12:06:18Z
2026-08-05T12:02:33Z,2026-08-05T14:02:33+0200,a602df8b-e77d-453c-80cb-eeacd1e89d3b,2026-08-03T10:45:00Z,2026-08-03T12:45:00+0200,183.15,EUR/MWh,FR,FR,imbalance_price,Long,2026-08-05T12:06:18Z
2026-08-05T12:02:33Z,2026-08-05T14:02:33+0200,a602df8b-e77d-453c-80cb-eeacd1e89d3b,2026-08-03T10:45:00Z,2026-08-03T12:45:00+0200,203.93,EUR/MWh,FR,FR,imbalance_price,Short,2026-08-05T12:06:18Z
2026-08-05T12:02:33Z,2026-08-05T14:02:33+0200,a602df8b-e77d-453c-80cb-eeacd1e89d3b,2026-08-03T11:00:00Z,2026-08-03T13:00:00+0200,171.72,EUR/MWh,FR,FR,imbalance_price,Long,2026-08-05T12:06:18Z
2026-08-05T12:02:33Z,2026-08-05T14:02:33+0200,a602df8b-e77d-453c-80cb-eeacd1e89d3b,2026-08-03T11:00:00Z,2026-08-03T13:00:00+0200,191.2,EUR/MWh,FR,FR,imbalance_price,Short,2026-08-05T12:06:18Z
2026-08-05T12:02:33Z,2026-08-05T14:02:33+0200,a602df8b-e77d-453c-80cb-eeacd1e89d3b,2026-08-03T11:15:00Z,2026-08-03T13:15:00+0200,178.27,EUR/MWh,FR,FR,imbalance_price,Long,2026-08-05T12:06:18Z
2026-08-05T12:02:33Z,2026-08-05T14:02:33+0200,a602df8b-e77d-453c-80cb-eeacd1e89d3b,2026-08-03T11:15:00Z,2026-08-03T13:15:00+0200,198.51,EUR/MWh,FR,FR,imbalance_price,Short,2026-08-05T12:06:18Z
2026-08-05T12:02:33Z,2026-08-05T14:02:33+0200,a602df8b-e77d-453c-80cb-eeacd1e89d3b,2026-08-03T11:30:00Z,2026-08-03T13:30:00+0200,178.61,EUR/MWh,FR,FR,imbalance_price,Long,2026-08-05T12:06:18Z
2026-08-05T12:02:33Z,2026-08-05T14:02:33+0200,a602df8b-e77d-453c-80cb-eeacd1e89d3b,2026-08-03T11:30:00Z,2026-08-03T13:30:00+0200,198.89,EUR/MWh,FR,FR,imbalance_price,Short,2026-08-05T12:06:18Z
2026-08-05T12:02:33Z,2026-08-05T14:02:33+0200,a602df8b-e77d-453c-80cb-eeacd1e89d3b,2026-08-03T11:45:00Z,2026-08-03T13:45:00+0200,177.44,EUR/MWh,FR,FR,imbalance_price,Long,2026-08-05T12:06:18Z
2026-08-05T12:02:33Z,2026-08-05T14:02:33+0200,a602df8b-e77d-453c-80cb-eeacd1e89d3b,2026-08-03T11:45:00Z,2026-08-03T13:45:00+0200,197.58,EUR/MWh,FR,FR,imbalance_price,Short,2026-08-05T12:06:18Z
2026-08-05T12:02:33Z,2026-08-05T14:02:33+0200,a602df8b-e77d-453c-80cb-eeacd1e89d3b,2026-08-03T12:00:00Z,2026-08-03T14:00:00+0200,179.63,EUR/MWh,FR,FR,imbalance_price,Long,2026-08-05T12:06:18Z
2026-08-05T12:02:33Z,2026-08-05T14:02:33+0200,a602df8b-e77d-453c-80cb-eeacd1e89d3b,2026-08-03T12:00:00Z,2026-08-03T14:00:00+0200,200.01,EUR/MWh,FR,FR,imbalance_price,Short,2026-08-05T12:06:18Z
2026-08-05T12:02:33Z,2026-08-05T14:02:33+0200,a602df8b-e77d-453c-80cb-eeacd1e89d3b,2026-08-03T12:15:00Z,2026-08-03T14:15:00+0200,182.93,EUR/MWh,FR,FR,imbalance_price,Long,2026-08-05T12:06:18Z
2026-08-05T12:02:33Z,2026-08-05T14:02:33+0200,a602df8b-e77d-453c-80cb-eeacd1e89d3b,2026-08-03T12:15:00Z,2026-08-03T14:15:00+0200,203.69,EUR/MWh,FR,FR,imbalance_price,Short,2026-08-05T12:06:18Z
2026-08-05T12:02:33Z,2026-08-05T14:02:33+0200,a602df8b-e77d-453c-80cb-eeacd1e89d3b,2026-08-03T12:30:00Z,2026-08-03T14:30:00+0200,184.72,EUR/MWh,FR,FR,imbalance_price,Long,2026-08-05T12:06:18Z
2026-08-05T12:02:33Z,2026-08-05T14:02:33+0200,a602df8b-e77d-453c-80cb-eeacd1e89d3b,2026-08-03T12:30:00Z,2026-08-03T14:30:00+0200,205.68,EUR/MWh,FR,FR,imbalance_price,Short,2026-08-05T12:06:18Z
2026-08-05T12:02:33Z,2026-08-05T14:02:33+0200,a602df8b-e77d-453c-80cb-eeacd1e89d3b,2026-08-03T12:45:00Z,2026-08-03T14:45:00+0200,147.15,EUR/MWh,FR,FR,imbalance_price,Long,2026-08-05T12:06:18Z
2026-08-05T12:02:33Z,2026-08-05T14:02:33+0200,a602df8b-e77d-453c-80cb-eeacd1e89d3b,2026-08-03T12:45:00Z,2026-08-03T14:45:00+0200,163.85,EUR/MWh,FR,FR,imbalance_price,Short,2026-08-05T12:06:18Z
2026-08-05T12:02:33Z,2026-08-05T14:02:33+0200,a602df8b-e77d-453c-80cb-eeacd1e89d3b,2026-08-03T13:00:00Z,2026-08-03T15:00:00+0200,97.92,EUR/MWh,FR,FR,imbalance_price,Long,2026-08-05T12:06:18Z
2026-08-05T12:02:33Z,2026-08-05T14:02:33+0200,a602df8b-e77d-453c-80cb-eeacd1e89d3b,2026-08-03T13:00:00Z,2026-08-03T15:00:00+0200,109.04,EUR/MWh,FR,FR,imbalance_price,Short,2026-08-05T12:06:18Z
2026-08-05T12:02:33Z,2026-08-05T14:02:33+0200,a602df8b-e77d-453c-80cb-eeacd1e89d3b,2026-08-03T13:15:00Z,2026-08-03T15:15:00+0200,98.78,EUR/MWh,FR,FR,imbalance_price,Long,2026-08-05T12:06:18Z
2026-08-05T12:02:33Z,2026-08-05T14:02:33+0200,a602df8b-e77d-453c-80cb-eeacd1e89d3b,2026-08-03T13:15:00Z,2026-08-03T15:15:00+0200,110.0,EUR/MWh,FR,FR,imbalance_price,Short,2026-08-05T12:06:18Z
2026-08-05T12:02:33Z,2026-08-05T14:02:33+0200,a602df8b-e77d-453c-80cb-eeacd1e89d3b,2026-08-03T13:30:00Z,2026-08-03T15:30:00+0200,123.33,EUR/MWh,FR,FR,imbalance_price,Long,2026-08-05T12:06:18Z
2026-08-05T12:02:33Z,2026-08-05T14:02:33+0200,a602df8b-e77d-453c-80cb-eeacd1e89d3b,2026-08-03T13:30:00Z,2026-08-03T15:30:00+0200,137.33,EUR/MWh,FR,FR,imbalance_price,Short,2026-08-05T12:06:18Z
2026-08-05T12:02:33Z,2026-08-05T14:02:33+0200,a602df8b-e77d-453c-80cb-eeacd1e89d3b,2026-08-03T13:45:00Z,2026-08-03T15:45:00+0200,163.09,EUR/MWh,FR,FR,imbalance_price,Long,2026-08-05T12:06:18Z
2026-08-05T12:02:33Z,2026-08-05T14:02:33+0200,a602df8b-e77d-453c-80cb-eeacd1e89d3b,2026-08-03T13:45:00Z,2026-08-03T15:45:00+0200,181.61,EUR/MWh,FR,FR,imbalance_price,Short,2026-08-05T12:06:18Z
2026-08-05T12:02:33Z,2026-08-05T14:02:33+0200,a602df8b-e77d-453c-80cb-eeacd1e89d3b,2026-08-03T14:00:00Z,2026-08-03T16:00:00+0200,108.77,EUR/MWh,FR,FR,imbalance_price,Long,2026-08-05T12:06:18Z
2026-08-05T12:02:33Z,2026-08-05T14:02:33+0200,a602df8b-e77d-453c-80cb-eeacd1e89d3b,2026-08-03T14:00:00Z,2026-08-03T16:00:00+0200,121.11,EUR/MWh,FR,FR,imbalance_price,Short,2026-08-05T12:06:18Z
2026-08-05T12:02:33Z,2026-08-05T14:02:33+0200,a602df8b-e77d-453c-80cb-eeacd1e89d3b,2026-08-03T14:15:00Z,2026-08-03T16:15:00+0200,108.55,EUR/MWh,FR,FR,imbalance_price,Long,2026-08-05T12:06:18Z
2026-08-05T12:02:33Z,2026-08-05T14:02:33+0200,a602df8b-e77d-453c-80cb-eeacd1e89d3b,2026-08-03T14:15:00Z,2026-08-03T16:15:00+0200,120.87,EUR/MWh,FR,FR,imbalance_price,Short,2026-08-05T12:06:18Z
2026-08-05T12:02:33Z,2026-08-05T14:02:33+0200,a602df8b-e77d-453c-80cb-eeacd1e89d3b,2026-08-03T14:30:00Z,2026-08-03T16:30:00+0200,108.16,EUR/MWh,FR,FR,imbalance_price,Long,2026-08-05T12:06:18Z
2026-08-05T12:02:33Z,2026-08-05T14:02:33+0200,a602df8b-e77d-453c-80cb-eeacd1e89d3b,2026-08-03T14:30:00Z,2026-08-03T16:30:00+0200,120.44,EUR/MWh,FR,FR,imbalance_price,Short,2026-08-05T12:06:18Z
2026-08-05T12:02:33Z,2026-08-05T14:02:33+0200,a602df8b-e77d-453c-80cb-eeacd1e89d3b,2026-08-03T14:45:00Z,2026-08-03T16:45:00+0200,99.55,EUR/MWh,FR,FR,imbalance_price,Long,2026-08-05T12:06:18Z
2026-08-05T12:02:33Z,2026-08-05T14:02:33+0200,a602df8b-e77d-453c-80cb-eeacd1e89d3b,2026-08-03T14:45:00Z,2026-08-03T16:45:00+0200,110.85,EUR/MWh,FR,FR,imbalance_price,Short,2026-08-05T12:06:18Z
2026-08-05T12:02:33Z,2026-08-05T14:02:33+0200,a602df8b-e77d-453c-80cb-eeacd1e89d3b,2026-08-03T15:00:00Z,2026-08-03T17:00:00+0200,108.93,EUR/MWh,FR,FR,imbalance_price,Long,2026-08-05T12:06:18Z
2026-08-05T12:02:33Z,2026-08-05T14:02:33+0200,a602df8b-e77d-453c-80cb-eeacd1e89d3b,2026-08-03T15:00:00Z,2026-08-03T17:00:00+0200,121.29,EUR/MWh,FR,FR,imbalance_price,Short,2026-08-05T12:06:18Z
2026-08-05T12:02:33Z,2026-08-05T14:02:33+0200,a602df8b-e77d-453c-80cb-eeacd1e89d3b,2026-08-03T15:15:00Z,2026-08-03T17:15:00+0200,138.85,EUR/MWh,FR,FR,imbalance_price,Long,2026-08-05T12:06:18Z
2026-08-05T12:02:33Z,2026-08-05T14:02:33+0200,a602df8b-e77d-453c-80cb-eeacd1e89d3b,2026-08-03T15:15:00Z,2026-08-03T17:15:00+0200,154.61,EUR/MWh,FR,FR,imbalance_price,Short,2026-08-05T12:06:18Z
2026-08-05T12:02:33Z,2026-08-05T14:02:33+0200,a602df8b-e77d-453c-80cb-eeacd1e89d3b,2026-08-03T15:30:00Z,2026-08-03T17:30:00+0200,167.77,EUR/MWh,FR,FR,imbalance_price,Long,2026-08-05T12:06:18Z
2026-08-05T12:02:33Z,2026-08-05T14:02:33+0200,a602df8b-e77d-453c-80cb-eeacd1e89d3b,2026-08-03T15:30:00Z,2026-08-03T17:30:00+0200,186.81,EUR/MWh,FR,FR,imbalance_price,Short,2026-08-05T12:06:18Z
2026-08-05T12:02:33Z,2026-08-05T14:02:33+0200,a602df8b-e77d-453c-80cb-eeacd1e89d3b,2026-08-03T15:45:00Z,2026-08-03T17:45:00+0200,78.44,EUR/MWh,FR,FR,imbalance_price,Long,2026-08-05T12:06:18Z
2026-08-05T12:02:33Z,2026-08-05T14:02:33+0200,a602df8b-e77d-453c-80cb-eeacd1e89d3b,2026-08-03T15:45:00Z,2026-08-03T17:45:00+0200,87.34,EUR/MWh,FR,FR,imbalance_price,Short,2026-08-05T12:06:18Z
2026-08-05T12:02:33Z,2026-08-05T14:02:33+0200,a602df8b-e77d-453c-80cb-eeacd1e89d3b,2026-08-03T16:00:00Z,2026-08-03T18:00:00+0200,120.04,EUR/MWh,FR,FR,imbalance_price,Long,2026-08-05T12:06:18Z
2026-08-05T12:02:33Z,2026-08-05T14:02:33+0200,a602df8b-e77d-453c-80cb-eeacd1e89d3b,2026-08-03T16:00:00Z,2026-08-03T18:00:00+0200,133.66,EUR/MWh,FR,FR,imbalance_price,Short,2026-08-05T12:06:18Z
2026-08-05T12:02:33Z,2026-08-05T14:02:33+0200,a602df8b-e77d-453c-80cb-eeacd1e89d3b,2026-08-03T16:15:00Z,2026-08-03T18:15:00+0200,185.22,EUR/MWh,FR,FR,imbalance_price,Long,2026-08-05T12:06:18Z
2026-08-05T12:02:33Z,2026-08-05T14:02:33+0200,a602df8b-e77d-453c-80cb-eeacd1e89d3b,2026-08-03T16:15:00Z,2026-08-03T18:15:00+0200,206.24,EUR/MWh,FR,FR,imbalance_price,Short,2026-08-05T12:06:18Z
2026-08-05T12:02:33Z,2026-08-05T14:02:33+0200,a602df8b-e77d-453c-80cb-eeacd1e89d3b,2026-08-03T16:30:00Z,2026-08-03T18:30:00+0200,120.11,EUR/MWh,FR,FR,imbalance_price,Long,2026-08-05T12:06:18Z
2026-08-05T12:02:33Z,2026-08-05T14:02:33+0200,a602df8b-e77d-453c-80cb-eeacd1e89d3b,2026-08-03T16:30:00Z,2026-08-03T18:30:00+0200,133.75,EUR/MWh,FR,FR,imbalance_price,Short,2026-08-05T12:06:18Z
2026-08-05T12:02:33Z,2026-08-05T14:02:33+0200,a602df8b-e77d-453c-80cb-eeacd1e89d3b,2026-08-03T16:45:00Z,2026-08-03T18:45:00+0200,203.46,EUR/MWh,FR,FR,imbalance_price,Long,2026-08-05T12:06:18Z
2026-08-05T12:02:33Z,2026-08-05T14:02:33+0200,a602df8b-e77d-453c-80cb-eeacd1e89d3b,2026-08-03T16:45:00Z,2026-08-03T18:45:00+0200,226.56,EUR/MWh,FR,FR,imbalance_price,Short,2026-08-05T12:06:18Z
2026-08-05T12:02:33Z,2026-08-05T14:02:33+0200,a602df8b-e77d-453c-80cb-eeacd1e89d3b,2026-08-03T17:00:00Z,2026-08-03T19:00:00+0200,137.36,EUR/MWh,FR,FR,imbalance_price,Long,2026-08-05T12:06:18Z
2026-08-05T12:02:33Z,2026-08-05T14:02:33+0200,a602df8b-e77d-453c-80cb-eeacd1e89d3b,2026-08-03T17:00:00Z,2026-08-03T19:00:00+0200,152.96,EUR/MWh,FR,FR,imbalance_price,Short,2026-08-05T12:06:18Z
2026-08-05T12:02:33Z,2026-08-05T14:02:33+0200,a602df8b-e77d-453c-80cb-eeacd1e89d3b,2026-08-03T17:15:00Z,2026-08-03T19:15:00+0200,150.51,EUR/MWh,FR,FR,imbalance_price,Long,2026-08-05T12:06:18Z
2026-08-05T12:02:33Z,2026-08-05T14:02:33+0200,a602df8b-e77d-453c-80cb-eeacd1e89d3b,2026-08-03T17:15:00Z,2026-08-03T19:15:00+0200,167.59,EUR/MWh,FR,FR,imbalance_price,Short,2026-08-05T12:06:18Z
2026-08-05T12:02:33Z,2026-08-05T14:02:33+0200,a602df8b-e77d-453c-80cb-eeacd1e89d3b,2026-08-03T17:30:00Z,2026-08-03T19:30:00+0200,135.82,EUR/MWh,FR,FR,imbalance_price,Long,2026-08-05T12:06:18Z
2026-08-05T12:02:33Z,2026-08-05T14:02:33+0200,a602df8b-e77d-453c-80cb-eeacd1e89d3b,2026-08-03T17:30:00Z,2026-08-03T19:30:00+0200,151.24,EUR/MWh,FR,FR,imbalance_price,Short,2026-08-05T12:06:18Z
2026-08-05T12:02:33Z,2026-08-05T14:02:33+0200,a602df8b-e77d-453c-80cb-eeacd1e89d3b,2026-08-03T17:45:00Z,2026-08-03T19:45:00+0200,148.71,EUR/MWh,FR,FR,imbalance_price,Long,2026-08-05T12:06:18Z
2026-08-05T12:02:33Z,2026-08-05T14:02:33+0200,a602df8b-e77d-453c-80cb-eeacd1e89d3b,2026-08-03T17:45:00Z,2026-08-03T19:45:00+0200,165.59,EUR/MWh,FR,FR,imbalance_price,Short,2026-08-05T12:06:18Z
2026-08-05T12:02:33Z,2026-08-05T14:02:33+0200,a602df8b-e77d-453c-80cb-eeacd1e89d3b,2026-08-03T18:00:00Z,2026-08-03T20:00:00+0200,153.08,EUR/MWh,FR,FR,imbalance_price,Long,2026-08-05T12:06:18Z
2026-08-05T12:02:33Z,2026-08-05T14:02:33+0200,a602df8b-e77d-453c-80cb-eeacd1e89d3b,2026-08-03T18:00:00Z,2026-08-03T20:00:00+0200,170.46,EUR/MWh,FR,FR,imbalance_price,Short,2026-08-05T12:06:18Z
2026-08-05T12:02:33Z,2026-08-05T14:02:33+0200,a602df8b-e77d-453c-80cb-eeacd1e89d3b,2026-08-03T18:15:00Z,2026-08-03T20:15:00+0200,141.95,EUR/MWh,FR,FR,imbalance_price,Long,2026-08-05T12:06:18Z
2026-08-05T12:02:33Z,2026-08-05T14:02:33+0200,a602df8b-e77d-453c-80cb-eeacd1e89d3b,2026-08-03T18:15:00Z,2026-08-03T20:15:00+0200,158.06,EUR/MWh,FR,FR,imbalance_price,Short,2026-08-05T12:06:18Z
2026-08-05T12:02:33Z,2026-08-05T14:02:33+0200,a602df8b-e77d-453c-80cb-eeacd1e89d3b,2026-08-03T18:30:00Z,2026-08-03T20:30:00+0200,148.44,EUR/MWh,FR,FR,imbalance_price,Long,2026-08-05T12:06:18Z
2026-08-05T12:02:33Z,2026-08-05T14:02:33+0200,a602df8b-e77d-453c-80cb-eeacd1e89d3b,2026-08-03T18:30:00Z,2026-08-03T20:30:00+0200,165.28,EUR/MWh,FR,FR,imbalance_price,Short,2026-08-05T12:06:18Z
2026-08-05T12:02:33Z,2026-08-05T14:02:33+0200,a602df8b-e77d-453c-80cb-eeacd1e89d3b,2026-08-03T18:45:00Z,2026-08-03T20:45:00+0200,105.92,EUR/MWh,FR,FR,imbalance_price,Long,2026-08-05T12:06:18Z
2026-08-05T12:02:33Z,2026-08-05T14:02:33+0200,a602df8b-e77d-453c-80cb-eeacd1e89d3b,2026-08-03T18:45:00Z,2026-08-03T20:45:00+0200,117.94,EUR/MWh,FR,FR,imbalance_price,Short,2026-08-05T12:06:18Z
2026-08-05T12:02:33Z,2026-08-05T14:02:33+0200,a602df8b-e77d-453c-80cb-eeacd1e89d3b,2026-08-03T19:00:00Z,2026-08-03T21:00:00+0200,145.06,EUR/MWh,FR,FR,imbalance_price,Long,2026-08-05T12:06:18Z
2026-08-05T12:02:33Z,2026-08-05T14:02:33+0200,a602df8b-e77d-453c-80cb-eeacd1e89d3b,2026-08-03T19:00:00Z,2026-08-03T21:00:00+0200,161.52,EUR/MWh,FR,FR,imbalance_price,Short,2026-08-05T12:06:18Z
2026-08-05T12:02:33Z,2026-08-05T14:02:33+0200,a602df8b-e77d-453c-80cb-eeacd1e89d3b,2026-08-03T19:15:00Z,2026-08-03T21:15:00+0200,166.48,EUR/MWh,FR,FR,imbalance_price,Long,2026-08-05T12:06:18Z
2026-08-05T12:02:33Z,2026-08-05T14:02:33+0200,a602df8b-e77d-453c-80cb-eeacd1e89d3b,2026-08-03T19:15:00Z,2026-08-03T21:15:00+0200,185.38,EUR/MWh,FR,FR,imbalance_price,Short,2026-08-05T12:06:18Z
2026-08-05T12:02:33Z,2026-08-05T14:02:33+0200,a602df8b-e77d-453c-80cb-eeacd1e89d3b,2026-08-03T19:30:00Z,2026-08-03T21:30:00+0200,167.15,EUR/MWh,FR,FR,imbalance_price,Long,2026-08-05T12:06:18Z
2026-08-05T12:02:33Z,2026-08-05T14:02:33+0200,a602df8b-e77d-453c-80cb-eeacd1e89d3b,2026-08-03T19:30:00Z,2026-08-03T21:30:00+0200,186.13,EUR/MWh,FR,FR,imbalance_price,Short,2026-08-05T12:06:18Z
2026-08-05T12:02:33Z,2026-08-05T14:02:33+0200,a602df8b-e77d-453c-80cb-eeacd1e89d3b,2026-08-03T19:45:00Z,2026-08-03T21:45:00+0200,183.77,EUR/MWh,FR,FR,imbalance_price,Long,2026-08-05T12:06:18Z
2026-08-05T12:02:33Z,2026-08-05T14:02:33+0200,a602df8b-e77d-453c-80cb-eeacd1e89d3b,2026-08-03T19:45:00Z,2026-08-03T21:45:00+0200,204.63,EUR/MWh,FR,FR,imbalance_price,Short,2026-08-05T12:06:18Z
2026-08-05T12:02:33Z,2026-08-05T14:02:33+0200,a602df8b-e77d-453c-80cb-eeacd1e89d3b,2026-08-03T20:00:00Z,2026-08-03T22:00:00+0200,186.61,EUR/MWh,FR,FR,imbalance_price,Long,2026-08-05T12:06:18Z
2026-08-05T12:02:33Z,2026-08-05T14:02:33+0200,a602df8b-e77d-453c-80cb-eeacd1e89d3b,2026-08-03T20:00:00Z,2026-08-03T22:00:00+0200,207.79,EUR/MWh,FR,FR,imbalance_price,Short,2026-08-05T12:06:18Z
2026-08-05T12:02:33Z,2026-08-05T14:02:33+0200,a602df8b-e77d-453c-80cb-eeacd1e89d3b,2026-08-03T20:15:00Z,2026-08-03T22:15:00+0200,173.15,EUR/MWh,FR,FR,imbalance_price,Long,2026-08-05T12:06:18Z
2026-08-05T12:02:33Z,2026-08-05T14:02:33+0200,a602df8b-e77d-453c-80cb-eeacd1e89d3b,2026-08-03T20:15:00Z,2026-08-03T22:15:00+0200,192.81,EUR/MWh,FR,FR,imbalance_price,Short,2026-08-05T12:06:18Z
2026-08-05T12:02:33Z,2026-08-05T14:02:33+0200,a602df8b-e77d-453c-80cb-eeacd1e89d3b,2026-08-03T20:30:00Z,2026-08-03T22:30:00+0200,181.71,EUR/MWh,FR,FR,imbalance_price,Long,2026-08-05T12:06:18Z
2026-08-05T12:02:33Z,2026-08-05T14:02:33+0200,a602df8b-e77d-453c-80cb-eeacd1e89d3b,2026-08-03T20:30:00Z,2026-08-03T22:30:00+0200,202.33,EUR/MWh,FR,FR,imbalance_price,Short,2026-08-05T12:06:18Z
2026-08-05T12:02:33Z,2026-08-05T14:02:33+0200,a602df8b-e77d-453c-80cb-eeacd1e89d3b,2026-08-03T20:45:00Z,2026-08-03T22:45:00+0200,172.8,EUR/MWh,FR,FR,imbalance_price,Long,2026-08-05T12:06:18Z
2026-08-05T12:02:33Z,2026-08-05T14:02:33+0200,a602df8b-e77d-453c-80cb-eeacd1e89d3b,2026-08-03T20:45:00Z,2026-08-03T22:45:00+0200,192.42,EUR/MWh,FR,FR,imbalance_price,Short,2026-08-05T12:06:18Z
2026-08-05T12:02:33Z,2026-08-05T14:02:33+0200,a602df8b-e77d-453c-80cb-eeacd1e89d3b,2026-08-03T21:00:00Z,2026-08-03T23:00:00+0200,179.23,EUR/MWh,FR,FR,imbalance_price,Long,2026-08-05T12:06:18Z
2026-08-05T12:02:33Z,2026-08-05T14:02:33+0200,a602df8b-e77d-453c-80cb-eeacd1e89d3b,2026-08-03T21:00:00Z,2026-08-03T23:00:00+0200,199.57,EUR/MWh,FR,FR,imbalance_price,Short,2026-08-05T12:06:18Z
2026-08-05T12:02:33Z,2026-08-05T14:02:33+0200,a602df8b-e77d-453c-80cb-eeacd1e89d3b,2026-08-03T21:15:00Z,2026-08-03T23:15:00+0200,177.67,EUR/MWh,FR,FR,imbalance_price,Long,2026-08-05T12:06:18Z
2026-08-05T12:02:33Z,2026-08-05T14:02:33+0200,a602df8b-e77d-453c-80cb-eeacd1e89d3b,2026-08-03T21:15:00Z,2026-08-03T23:15:00+0200,197.83,EUR/MWh,FR,FR,imbalance_price,Short,2026-08-05T12:06:18Z
2026-08-05T12:02:33Z,2026-08-05T14:02:33+0200,a602df8b-e77d-453c-80cb-eeacd1e89d3b,2026-08-03T21:30:00Z,2026-08-03T23:30:00+0200,179.64,EUR/MWh,FR,FR,imbalance_price,Long,2026-08-05T12:06:18Z
2026-08-05T12:02:33Z,2026-08-05T14:02:33+0200,a602df8b-e77d-453c-80cb-eeacd1e89d3b,2026-08-03T21:30:00Z,2026-08-03T23:30:00+0200,200.02,EUR/MWh,FR,FR,imbalance_price,Short,2026-08-05T12:06:18Z
2026-08-05T12:02:33Z,2026-08-05T14:02:33+0200,a602df8b-e77d-453c-80cb-eeacd1e89d3b,2026-08-03T21:45:00Z,2026-08-03T23:45:00+0200,180.45,EUR/MWh,FR,FR,imbalance_price,Long,2026-08-05T12:06:18Z
2026-08-05T12:02:33Z,2026-08-05T14:02:33+0200,a602df8b-e77d-453c-80cb-eeacd1e89d3b,2026-08-03T21:45:00Z,2026-08-03T23:45:00+0200,200.93,EUR/MWh,FR,FR,imbalance_price,Short,2026-08-05T12:06:18Z
2026-08-05T12:02:33Z,2026-08-05T14:02:33+0200,a602df8b-e77d-453c-80cb-eeacd1e89d3b,2026-08-03T22:00:00Z,2026-08-04T00:00:00+0200,145.6,EUR/MWh,FR,FR,imbalance_price,Long,2026-08-05T12:06:18Z
2026-08-05T12:02:33Z,2026-08-05T14:02:33+0200,a602df8b-e77d-453c-80cb-eeacd1e89d3b,2026-08-03T22:00:00Z,2026-08-04T00:00:00+0200,162.12,EUR/MWh,FR,FR,imbalance_price,Short,2026-08-05T12:06:18Z
2026-08-05T12:02:33Z,2026-08-05T14:02:33+0200,a602df8b-e77d-453c-80cb-eeacd1e89d3b,2026-08-03T22:15:00Z,2026-08-04T00:15:00+0200,158.83,EUR/MWh,FR,FR,imbalance_price,Long,2026-08-05T12:06:18Z
2026-08-05T12:02:33Z,2026-08-05T14:02:33+0200,a602df8b-e77d-453c-80cb-eeacd1e89d3b,2026-08-03T22:15:00Z,2026-08-04T00:15:00+0200,176.85,EUR/MWh,FR,FR,imbalance_price,Short,2026-08-05T12:06:18Z
2026-08-05T12:02:33Z,2026-08-05T14:02:33+0200,a602df8b-e77d-453c-80cb-eeacd1e89d3b,2026-08-03T22:30:00Z,2026-08-04T00:30:00+0200,151.98,EUR/MWh,FR,FR,imbalance_price,Long,2026-08-05T12:06:18Z
2026-08-05T12:02:33Z,2026-08-05T14:02:33+0200,a602df8b-e77d-453c-80cb-eeacd1e89d3b,2026-08-03T22:30:00Z,2026-08-04T00:30:00+0200,169.22,EUR/MWh,FR,FR,imbalance_price,Short,2026-08-05T12:06:18Z
2026-08-05T12:02:33Z,2026-08-05T14:02:33+0200,a602df8b-e77d-453c-80cb-eeacd1e89d3b,2026-08-03T22:45:00Z,2026-08-04T00:45:00+0200,151.46,EUR/MWh,FR,FR,imbalance_price,Long,2026-08-05T12:06:18Z
2026-08-05T12:02:33Z,2026-08-05T14:02:33+0200,a602df8b-e77d-453c-80cb-eeacd1e89d3b,2026-08-03T22:45:00Z,2026-08-04T00:45:00+0200,168.66,EUR/MWh,FR,FR,imbalance_price,Short,2026-08-05T12:06:18Z
2026-08-05T12:02:33Z,2026-08-05T14:02:33+0200,a602df8b-e77d-453c-80cb-eeacd1e89d3b,2026-08-03T23:00:00Z,2026-08-04T01:00:00+0200,148.21,EUR/MWh,FR,FR,imbalance_price,Long,2026-08-05T12:06:18Z
2026-08-05T12:02:33Z,2026-08-05T14:02:33+0200,a602df8b-e77d-453c-80cb-eeacd1e89d3b,2026-08-03T23:00:00Z,2026-08-04T01:00:00+0200,165.03,EUR/MWh,FR,FR,imbalance_price,Short,2026-08-05T12:06:18Z
2026-08-05T12:02:33Z,2026-08-05T14:02:33+0200,a602df8b-e77d-453c-80cb-eeacd1e89d3b,2026-08-03T23:15:00Z,2026-08-04T01:15:00+0200,100.03,EUR/MWh,FR,FR,imbalance_price,Long,2026-08-05T12:06:18Z
2026-08-05T12:02:33Z,2026-08-05T14:02:33+0200,a602df8b-e77d-453c-80cb-eeacd1e89d3b,2026-08-03T23:15:00Z,2026-08-04T01:15:00+0200,111.39,EUR/MWh,FR,FR,imbalance_price,Short,2026-08-05T12:06:18Z
2026-08-05T12:02:33Z,2026-08-05T14:02:33+0200,a602df8b-e77d-453c-80cb-eeacd1e89d3b,2026-08-03T23:30:00Z,2026-08-04T01:30:00+0200,145.14,EUR/MWh,FR,FR,imbalance_price,Long,2026-08-05T12:06:18Z
2026-08-05T12:02:33Z,2026-08-05T14:02:33+0200,a602df8b-e77d-453c-80cb-eeacd1e89d3b,2026-08-03T23:30:00Z,2026-08-04T01:30:00+0200,161.62,EUR/MWh,FR,FR,imbalance_price,Short,2026-08-05T12:06:18Z
2026-08-05T12:02:33Z,2026-08-05T14:02:33+0200,a602df8b-e77d-453c-80cb-eeacd1e89d3b,2026-08-03T23:45:00Z,2026-08-04T01:45:00+0200,104.4,EUR/MWh,FR,FR,imbalance_price,Long,2026-08-05T12:06:18Z
2026-08-05T12:02:33Z,2026-08-05T14:02:33+0200,a602df8b-e77d-453c-80cb-eeacd1e89d3b,2026-08-03T23:45:00Z,2026-08-04T01:45:00+0200,116.24,EUR/MWh,FR,FR,imbalance_price,Short,2026-08-05T12:06:18Z
2026-08-05T12:02:33Z,2026-08-05T14:02:33+0200,a602df8b-e77d-453c-80cb-eeacd1e89d3b,2026-08-04T00:00:00Z,2026-08-04T02:00:00+0200,143.18,EUR/MWh,FR,FR,imbalance_price,Long,2026-08-05T12:06:18Z
2026-08-05T12:02:33Z,2026-08-05T14:02:33+0200,a602df8b-e77d-453c-80cb-eeacd1e89d3b,2026-08-04T00:00:00Z,2026-08-04T02:00:00+0200,159.42,EUR/MWh,FR,FR,imbalance_price,Short,2026-08-05T12:06:18Z
2026-08-05T12:02:33Z,2026-08-05T14:02:33+0200,a602df8b-e77d-453c-80cb-eeacd1e89d3b,2026-08-04T00:15:00Z,2026-08-04T02:15:00+0200,128.0,EUR/MWh,FR,FR,imbalance_price,Long,2026-08-05T12:06:18Z
2026-08-05T12:02:33Z,2026-08-05T14:02:33+0200,a602df8b-e77d-453c-80cb-eeacd1e89d3b,2026-08-04T00:15:00Z,2026-08-04T02:15:00+0200,142.52,EUR/MWh,FR,FR,imbalance_price,Short,2026-08-05T12:06:18Z
2026-08-05T12:02:33Z,2026-08-05T14:02:33+0200,a602df8b-e77d-453c-80cb-eeacd1e89d3b,2026-08-04T00:30:00Z,2026-08-04T02:30:00+0200,121.95,EUR/MWh,FR,FR,imbalance_price,Long,2026-08-05T12:06:18Z
2026-08-05T12:02:33Z,2026-08-05T14:02:33+0200,a602df8b-e77d-453c-80cb-eeacd1e89d3b,2026-08-04T00:30:00Z,2026-08-04T02:30:00+0200,135.79,EUR/MWh,FR,FR,imbalance_price,Short,2026-08-05T12:06:18Z
2026-08-05T12:02:33Z,2026-08-05T14:02:33+0200,a602df8b-e77d-453c-80cb-eeacd1e89d3b,2026-08-04T00:45:00Z,2026-08-04T02:45:00+0200,105.25,EUR/MWh,FR,FR,imbalance_price,Long,2026-08-05T12:06:18Z
2026-08-05T12:02:33Z,2026-08-05T14:02:33+0200,a602df8b-e77d-453c-80cb-eeacd1e89d3b,2026-08-04T00:45:00Z,2026-08-04T02:45:00+0200,117.19,EUR/MWh,FR,FR,imbalance_price,Short,2026-08-05T12:06:18Z
2026-08-05T12:02:33Z,2026-08-05T14:02:33+0200,a602df8b-e77d-453c-80cb-eeacd1e89d3b,2026-08-04T01:00:00Z,2026-08-04T03:00:00+0200,144.98,EUR/MWh,FR,FR,imbalance_price,Long,2026-08-05T12:06:18Z
2026-08-05T12:02:33Z,2026-08-05T14:02:33+0200,a602df8b-e77d-453c-80cb-eeacd1e89d3b,2026-08-04T01:00:00Z,2026-08-04T03:00:00+0200,161.44,EUR/MWh,FR,FR,imbalance_price,Short,2026-08-05T12:06:18Z
2026-08-05T12:02:33Z,2026-08-05T14:02:33+0200,a602df8b-e77d-453c-80cb-eeacd1e89d3b,2026-08-04T01:15:00Z,2026-08-04T03:15:00+0200,114.84,EUR/MWh,FR,FR,imbalance_price,Long,2026-08-05T12:06:18Z
2026-08-05T12:02:33Z,2026-08-05T14:02:33+0200,a602df8b-e77d-453c-80cb-eeacd1e89d3b,2026-08-04T01:15:00Z,2026-08-04T03:15:00+0200,127.88,EUR/MWh,FR,FR,imbalance_price,Short,2026-08-05T12:06:18Z
2026-08-05T12:02:33Z,2026-08-05T14:02:33+0200,a602df8b-e77d-453c-80cb-eeacd1e89d3b,2026-08-04T01:30:00Z,2026-08-04T03:30:00+0200,95.67,EUR/MWh,FR,FR,imbalance_price,Long,2026-08-05T12:06:18Z
2026-08-05T12:02:33Z,2026-08-05T14:02:33+0200,a602df8b-e77d-453c-80cb-eeacd1e89d3b,2026-08-04T01:30:00Z,2026-08-04T03:30:00+0200,106.53,EUR/MWh,FR,FR,imbalance_price,Short,2026-08-05T12:06:18Z
2026-08-05T12:02:33Z,2026-08-05T14:02:33+0200,a602df8b-e77d-453c-80cb-eeacd1e89d3b,2026-08-04T01:45:00Z,2026-08-04T03:45:00+0200,94.81,EUR/MWh,FR,FR,imbalance_price,Long,2026-08-05T12:06:18Z
2026-08-05T12:02:33Z,2026-08-05T14:02:33+0200,a602df8b-e77d-453c-80cb-eeacd1e89d3b,2026-08-04T01:45:00Z,2026-08-04T03:45:00+0200,105.57,EUR/MWh,FR,FR,imbalance_price,Short,2026-08-05T12:06:18Z
2026-08-05T12:02:33Z,2026-08-05T14:02:33+0200,a602df8b-e77d-453c-80cb-eeacd1e89d3b,2026-08-04T02:00:00Z,2026-08-04T04:00:00+0200,77.91,EUR/MWh,FR,FR,imbalance_price,Long,2026-08-05T12:06:18Z
2026-08-05T12:02:33Z,2026-08-05T14:02:33+0200,a602df8b-e77d-453c-80cb-eeacd1e89d3b,2026-08-04T02:00:00Z,2026-08-04T04:00:00+0200,86.75,EUR/MWh,FR,FR,imbalance_price,Short,2026-08-05T12:06:18Z
2026-08-05T12:02:33Z,2026-08-05T14:02:33+0200,a602df8b-e77d-453c-80cb-eeacd1e89d3b,2026-08-04T02:15:00Z,2026-08-04T04:15:00+0200,70.92,EUR/MWh,FR,FR,imbalance_price,Long,2026-08-05T12:06:18Z
2026-08-05T12:02:33Z,2026-08-05T14:02:33+0200,a602df8b-e77d-453c-80cb-eeacd1e89d3b,2026-08-04T02:15:00Z,2026-08-04T04:15:00+0200,78.96,EUR/MWh,FR,FR,imbalance_price,Short,2026-08-05T12:06:18Z
2026-08-05T12:02:33Z,2026-08-05T14:02:33+0200,a602df8b-e77d-453c-80cb-eeacd1e89d3b,2026-08-04T02:30:00Z,2026-08-04T04:30:00+0200,71.92,EUR/MWh,FR,FR,imbalance_price,Long,2026-08-05T12:06:18Z
2026-08-05T12:02:33Z,2026-08-05T14:02:33+0200,a602df8b-e77d-453c-80cb-eeacd1e89d3b,2026-08-04T02:30:00Z,2026-08-04T04:30:00+0200,80.08,EUR/MWh,FR,FR,imbalance_price,Short,2026-08-05T12:06:18Z
2026-08-05T12:02:33Z,2026-08-05T14:02:33+0200,a602df8b-e77d-453c-80cb-eeacd1e89d3b,2026-08-04T02:45:00Z,2026-08-04T04:45:00+0200,71.67,EUR/MWh,FR,FR,imbalance_price,Long,2026-08-05T12:06:18Z
2026-08-05T12:02:33Z,2026-08-05T14:02:33+0200,a602df8b-e77d-453c-80cb-eeacd1e89d3b,2026-08-04T02:45:00Z,2026-08-04T04:45:00+0200,79.81,EUR/MWh,FR,FR,imbalance_price,Short,2026-08-05T12:06:18Z
2026-08-05T12:02:33Z,2026-08-05T14:02:33+0200,a602df8b-e77d-453c-80cb-eeacd1e89d3b,2026-08-04T03:00:00Z,2026-08-04T05:00:00+0200,10.53,EUR/MWh,FR,FR,imbalance_price,Long,2026-08-05T12:06:18Z
2026-08-05T12:02:33Z,2026-08-05T14:02:33+0200,a602df8b-e77d-453c-80cb-eeacd1e89d3b,2026-08-04T03:00:00Z,2026-08-04T05:00:00+0200,11.73,EUR/MWh,FR,FR,imbalance_price,Short,2026-08-05T12:06:18Z
2026-08-05T12:02:33Z,2026-08-05T14:02:33+0200,a602df8b-e77d-453c-80cb-eeacd1e89d3b,2026-08-04T03:15:00Z,2026-08-04T05:15:00+0200,-135.43,EUR/MWh,FR,FR,imbalance_price,Long,2026-08-05T12:06:18Z
2026-08-05T12:02:33Z,2026-08-05T14:02:33+0200,a602df8b-e77d-453c-80cb-eeacd1e89d3b,2026-08-04T03:15:00Z,2026-08-04T05:15:00+0200,-121.63,EUR/MWh,FR,FR,imbalance_price,Short,2026-08-05T12:06:18Z
2026-08-05T12:02:33Z,2026-08-05T14:02:33+0200,a602df8b-e77d-453c-80cb-eeacd1e89d3b,2026-08-04T03:30:00Z,2026-08-04T05:30:00+0200,-21.36,EUR/MWh,FR,FR,imbalance_price,Long,2026-08-05T12:06:18Z
2026-08-05T12:02:33Z,2026-08-05T14:02:33+0200,a602df8b-e77d-453c-80cb-eeacd1e89d3b,2026-08-04T03:30:00Z,2026-08-04T05:30:00+0200,-19.18,EUR/MWh,FR,FR,imbalance_price,Short,2026-08-05T12:06:18Z
2026-08-05T12:02:33Z,2026-08-05T14:02:33+0200,a602df8b-e77d-453c-80cb-eeacd1e89d3b,2026-08-04T03:45:00Z,2026-08-04T05:45:00+0200,72.73,EUR/MWh,FR,FR,imbalance_price,Long,2026-08-05T12:06:18Z
2026-08-05T12:02:33Z,2026-08-05T14:02:33+0200,a602df8b-e77d-453c-80cb-eeacd1e89d3b,2026-08-04T03:45:00Z,2026-08-04T05:45:00+0200,80.99,EUR/MWh,FR,FR,imbalance_price,Short,2026-08-05T12:06:18Z
2026-08-05T12:02:33Z,2026-08-05T14:02:33+0200,a602df8b-e77d-453c-80cb-eeacd1e89d3b,2026-08-04T04:00:00Z,2026-08-04T06:00:00+0200,91.69,EUR/MWh,FR,FR,imbalance_price,Long,2026-08-05T12:06:18Z
2026-08-05T12:02:33Z,2026-08-05T14:02:33+0200,a602df8b-e77d-453c-80cb-eeacd1e89d3b,2026-08-04T04:00:00Z,2026-08-04T06:00:00+0200,102.09,EUR/MWh,FR,FR,imbalance_price,Short,2026-08-05T12:06:18Z
2026-08-05T12:02:33Z,2026-08-05T14:02:33+0200,a602df8b-e77d-453c-80cb-eeacd1e89d3b,2026-08-04T04:15:00Z,2026-08-04T06:15:00+0200,104.4,EUR/MWh,FR,FR,imbalance_price,Long,2026-08-05T12:06:18Z
2026-08-05T12:02:33Z,2026-08-05T14:02:33+0200,a602df8b-e77d-453c-80cb-eeacd1e89d3b,2026-08-04T04:15:00Z,2026-08-04T06:15:00+0200,116.24,EUR/MWh,FR,FR,imbalance_price,Short,2026-08-05T12:06:18Z
2026-08-05T12:02:33Z,2026-08-05T14:02:33+0200,a602df8b-e77d-453c-80cb-eeacd1e89d3b,2026-08-04T04:30:00Z,2026-08-04T06:30:00+0200,111.68,EUR/MWh,FR,FR,imbalance_price,Long,2026-08-05T12:06:18Z
2026-08-05T12:02:33Z,2026-08-05T14:02:33+0200,a602df8b-e77d-453c-80cb-eeacd1e89d3b,2026-08-04T04:30:00Z,2026-08-04T06:30:00+0200,124.36,EUR/MWh,FR,FR,imbalance_price,Short,2026-08-05T12:06:18Z
2026-08-05T12:02:33Z,2026-08-05T14:02:33+0200,a602df8b-e77d-453c-80cb-eeacd1e89d3b,2026-08-04T04:45:00Z,2026-08-04T06:45:00+0200,97.54,EUR/MWh,FR,FR,imbalance_price,Long,2026-08-05T12:06:18Z
2026-08-05T12:02:33Z,2026-08-05T14:02:33+0200,a602df8b-e77d-453c-80cb-eeacd1e89d3b,2026-08-04T04:45:00Z,2026-08-04T06:45:00+0200,108.6,EUR/MWh,FR,FR,imbalance_price,Short,2026-08-05T12:06:18Z
2026-08-05T12:02:33Z,2026-08-05T14:02:33+0200,a602df8b-e77d-453c-80cb-eeacd1e89d3b,2026-08-04T05:00:00Z,2026-08-04T07:00:00+0200,161.17,EUR/MWh,FR,FR,imbalance_price,Long,2026-08-05T12:06:18Z
2026-08-05T12:02:33Z,2026-08-05T14:02:33+0200,a602df8b-e77d-453c-80cb-eeacd1e89d3b,2026-08-04T05:00:00Z,2026-08-04T07:00:00+0200,179.47,EUR/MWh,FR,FR,imbalance_price,Short,2026-08-05T12:06:18Z
2026-08-05T12:02:33Z,2026-08-05T14:02:33+0200,a602df8b-e77d-453c-80cb-eeacd1e89d3b,2026-08-04T05:15:00Z,2026-08-04T07:15:00+0200,165.02,EUR/MWh,FR,FR,imbalance_price,Long,2026-08-05T12:06:18Z
2026-08-05T12:02:33Z,2026-08-05T14:02:33+0200,a602df8b-e77d-453c-80cb-eeacd1e89d3b,2026-08-04T05:15:00Z,2026-08-04T07:15:00+0200,183.74,EUR/MWh,FR,FR,imbalance_price,Short,2026-08-05T12:06:18Z
2026-08-05T12:02:33Z,2026-08-05T14:02:33+0200,a602df8b-e77d-453c-80cb-eeacd1e89d3b,2026-08-04T05:30:00Z,2026-08-04T07:30:00+0200,137.72,EUR/MWh,FR,FR,imbalance_price,Long,2026-08-05T12:06:18Z
2026-08-05T12:02:33Z,2026-08-05T14:02:33+0200,a602df8b-e77d-453c-80cb-eeacd1e89d3b,2026-08-04T05:30:00Z,2026-08-04T07:30:00+0200,153.34,EUR/MWh,FR,FR,imbalance_price,Short,2026-08-05T12:06:18Z
2026-08-05T12:02:33Z,2026-08-05T14:02:33+0200,a602df8b-e77d-453c-80cb-eeacd1e89d3b,2026-08-04T05:45:00Z,2026-08-04T07:45:00+0200,142.93,EUR/MWh,FR,FR,imbalance_price,Long,2026-08-05T12:06:18Z
2026-08-05T12:02:33Z,2026-08-05T14:02:33+0200,a602df8b-e77d-453c-80cb-eeacd1e89d3b,2026-08-04T05:45:00Z,2026-08-04T07:45:00+0200,159.15,EUR/MWh,FR,FR,imbalance_price,Short,2026-08-05T12:06:18Z
2026-08-05T12:02:33Z,2026-08-05T14:02:33+0200,a602df8b-e77d-453c-80cb-eeacd1e89d3b,2026-08-04T06:00:00Z,2026-08-04T08:00:00+0200,160.4,EUR/MWh,FR,FR,imbalance_price,Long,2026-08-05T12:06:18Z
2026-08-05T12:02:33Z,2026-08-05T14:02:33+0200,a602df8b-e77d-453c-80cb-eeacd1e89d3b,2026-08-04T06:00:00Z,2026-08-04T08:00:00+0200,178.6,EUR/MWh,FR,FR,imbalance_price,Short,2026-08-05T12:06:18Z
2026-08-05T12:02:33Z,2026-08-05T14:02:33+0200,a602df8b-e77d-453c-80cb-eeacd1e89d3b,2026-08-04T06:15:00Z,2026-08-04T08:15:00+0200,171.53,EUR/MWh,FR,FR,imbalance_price,Long,2026-08-05T12:06:18Z
2026-08-05T12:02:33Z,2026-08-05T14:02:33+0200,a602df8b-e77d-453c-80cb-eeacd1e89d3b,2026-08-04T06:15:00Z,2026-08-04T08:15:00+0200,190.99,EUR/MWh,FR,FR,imbalance_price,Short,2026-08-05T12:06:18Z
2026-08-05T12:02:33Z,2026-08-05T14:02:33+0200,a602df8b-e77d-453c-80cb-eeacd1e89d3b,2026-08-04T06:30:00Z,2026-08-04T08:30:00+0200,164.17,EUR/MWh,FR,FR,imbalance_price,Long,2026-08-05T12:06:18Z
2026-08-05T12:02:33Z,2026-08-05T14:02:33+0200,a602df8b-e77d-453c-80cb-eeacd1e89d3b,2026-08-04T06:30:00Z,2026-08-04T08:30:00+0200,182.81,EUR/MWh,FR,FR,imbalance_price,Short,2026-08-05T12:06:18Z
2026-08-05T12:02:33Z,2026-08-05T14:02:33+0200,a602df8b-e77d-453c-80cb-eeacd1e89d3b,2026-08-04T06:45:00Z,2026-08-04T08:45:00+0200,165.56,EUR/MWh,FR,FR,imbalance_price,Long,2026-08-05T12:06:18Z
2026-08-05T12:02:33Z,2026-08-05T14:02:33+0200,a602df8b-e77d-453c-80cb-eeacd1e89d3b,2026-08-04T06:45:00Z,2026-08-04T08:45:00+0200,184.36,EUR/MWh,FR,FR,imbalance_price,Short,2026-08-05T12:06:18Z
2026-08-05T12:02:33Z,2026-08-05T14:02:33+0200,a602df8b-e77d-453c-80cb-eeacd1e89d3b,2026-08-04T07:00:00Z,2026-08-04T09:00:00+0200,175.9,EUR/MWh,FR,FR,imbalance_price,Long,2026-08-05T12:06:18Z
2026-08-05T12:02:33Z,2026-08-05T14:02:33+0200,a602df8b-e77d-453c-80cb-eeacd1e89d3b,2026-08-04T07:00:00Z,2026-08-04T09:00:00+0200,195.86,EUR/MWh,FR,FR,imbalance_price,Short,2026-08-05T12:06:18Z
2026-08-05T12:02:33Z,2026-08-05T14:02:33+0200,a602df8b-e77d-453c-80cb-eeacd1e89d3b,2026-08-04T07:15:00Z,2026-08-04T09:15:00+0200,175.91,EUR/MWh,FR,FR,imbalance_price,Long,2026-08-05T12:06:18Z
2026-08-05T12:02:33Z,2026-08-05T14:02:33+0200,a602df8b-e77d-453c-80cb-eeacd1e89d3b,2026-08-04T07:15:00Z,2026-08-04T09:15:00+0200,195.87,EUR/MWh,FR,FR,imbalance_price,Short,2026-08-05T12:06:18Z
2026-08-05T12:02:33Z,2026-08-05T14:02:33+0200,a602df8b-e77d-453c-80cb-eeacd1e89d3b,2026-08-04T07:30:00Z,2026-08-04T09:30:00+0200,55.02,EUR/MWh,FR,FR,imbalance_price,Long,2026-08-05T12:06:18Z
2026-08-05T12:02:33Z,2026-08-05T14:02:33+0200,a602df8b-e77d-453c-80cb-eeacd1e89d3b,2026-08-04T07:30:00Z,2026-08-04T09:30:00+0200,61.26,EUR/MWh,FR,FR,imbalance_price,Short,2026-08-05T12:06:18Z
2026-08-05T12:02:33Z,2026-08-05T14:02:33+0200,a602df8b-e77d-453c-80cb-eeacd1e89d3b,2026-08-04T07:45:00Z,2026-08-04T09:45:00+0200,43.0,EUR/MWh,FR,FR,imbalance_price,Long,2026-08-05T12:06:18Z
2026-08-05T12:02:33Z,2026-08-05T14:02:33+0200,a602df8b-e77d-453c-80cb-eeacd1e89d3b,2026-08-04T07:45:00Z,2026-08-04T09:45:00+0200,47.88,EUR/MWh,FR,FR,imbalance_price,Short,2026-08-05T12:06:18Z
2026-08-05T12:02:33Z,2026-08-05T14:02:33+0200,a602df8b-e77d-453c-80cb-eeacd1e89d3b,2026-08-04T08:00:00Z,2026-08-04T10:00:00+0200,40.27,EUR/MWh,FR,FR,imbalance_price,Long,2026-08-05T12:06:18Z
2026-08-05T12:02:33Z,2026-08-05T14:02:33+0200,a602df8b-e77d-453c-80cb-eeacd1e89d3b,2026-08-04T08:00:00Z,2026-08-04T10:00:00+0200,44.85,EUR/MWh,FR,FR,imbalance_price,Short,2026-08-05T12:06:18Z
2026-08-05T12:02:33Z,2026-08-05T14:02:33+0200,a602df8b-e77d-453c-80cb-eeacd1e89d3b,2026-08-04T08:15:00Z,2026-08-04T10:15:00+0200,29.16,EUR/MWh,FR,FR,imbalance_price,Long,2026-08-05T12:06:18Z
2026-08-05T12:02:33Z,2026-08-05T14:02:33+0200,a602df8b-e77d-453c-80cb-eeacd1e89d3b,2026-08-04T08:15:00Z,2026-08-04T10:15:00+0200,32.48,EUR/MWh,FR,FR,imbalance_price,Short,2026-08-05T12:06:18Z
2026-08-05T12:02:33Z,2026-08-05T14:02:33+0200,a602df8b-e77d-453c-80cb-eeacd1e89d3b,2026-08-04T08:30:00Z,2026-08-04T10:30:00+0200,34.63,EUR/MWh,FR,FR,imbalance_price,Long,2026-08-05T12:06:18Z
2026-08-05T12:02:33Z,2026-08-05T14:02:33+0200,a602df8b-e77d-453c-80cb-eeacd1e89d3b,2026-08-04T08:30:00Z,2026-08-04T10:30:00+0200,38.57,EUR/MWh,FR,FR,imbalance_price,Short,2026-08-05T12:06:18Z
2026-08-05T12:02:33Z,2026-08-05T14:02:33+0200,a602df8b-e77d-453c-80cb-eeacd1e89d3b,2026-08-04T08:45:00Z,2026-08-04T10:45:00+0200,23.39,EUR/MWh,FR,FR,imbalance_price,Long,2026-08-05T12:06:18Z
2026-08-05T12:02:33Z,2026-08-05T14:02:33+0200,a602df8b-e77d-453c-80cb-eeacd1e89d3b,2026-08-04T08:45:00Z,2026-08-04T10:45:00+0200,26.05,EUR/MWh,FR,FR,imbalance_price,Short,2026-08-05T12:06:18Z
2026-08-05T12:02:33Z,2026-08-05T14:02:33+0200,a602df8b-e77d-453c-80cb-eeacd1e89d3b,2026-08-04T09:00:00Z,2026-08-04T11:00:00+0200,-25.0,EUR/MWh,FR,FR,imbalance_price,Long,2026-08-05T12:06:18Z
2026-08-05T12:02:33Z,2026-08-05T14:02:33+0200,a602df8b-e77d-453c-80cb-eeacd1e89d3b,2026-08-04T09:00:00Z,2026-08-04T11:00:00+0200,-22.46,EUR/MWh,FR,FR,imbalance_price,Short,2026-08-05T12:06:18Z
2026-08-05T12:02:33Z,2026-08-05T14:02:33+0200,a602df8b-e77d-453c-80cb-eeacd1e89d3b,2026-08-04T09:15:00Z,2026-08-04T11:15:00+0200,-34.05,EUR/MWh,FR,FR,imbalance_price,Long,2026-08-05T12:06:18Z
2026-08-05T12:02:33Z,2026-08-05T14:02:33+0200,a602df8b-e77d-453c-80cb-eeacd1e89d3b,2026-08-04T09:15:00Z,2026-08-04T11:15:00+0200,-30.57,EUR/MWh,FR,FR,imbalance_price,Short,2026-08-05T12:06:18Z
2026-08-05T12:02:33Z,2026-08-05T14:02:33+0200,a602df8b-e77d-453c-80cb-eeacd1e89d3b,2026-08-04T09:30:00Z,2026-08-04T11:30:00+0200,-27.04,EUR/MWh,FR,FR,imbalance_price,Long,2026-08-05T12:06:18Z
2026-08-05T12:02:33Z,2026-08-05T14:02:33+0200,a602df8b-e77d-453c-80cb-eeacd1e89d3b,2026-08-04T09:30:00Z,2026-08-04T11:30:00+0200,-24.28,EUR/MWh,FR,FR,imbalance_price,Short,2026-08-05T12:06:18Z
2026-08-05T12:02:33Z,2026-08-05T14:02:33+0200,a602df8b-e77d-453c-80cb-eeacd1e89d3b,2026-08-04T09:45:00Z,2026-08-04T11:45:00+0200,-28.38,EUR/MWh,FR,FR,imbalance_price,Long,2026-08-05T12:06:18Z
2026-08-05T12:02:33Z,2026-08-05T14:02:33+0200,a602df8b-e77d-453c-80cb-eeacd1e89d3b,2026-08-04T09:45:00Z,2026-08-04T11:45:00+0200,-25.48,EUR/MWh,FR,FR,imbalance_price,Short,2026-08-05T12:06:18Z
2026-08-05T12:02:33Z,2026-08-05T14:02:33+0200,a602df8b-e77d-453c-80cb-eeacd1e89d3b,2026-08-04T10:00:00Z,2026-08-04T12:00:00+0200,-33.02,EUR/MWh,FR,FR,imbalance_price,Long,2026-08-05T12:06:18Z
2026-08-05T12:02:33Z,2026-08-05T14:02:33+0200,a602df8b-e77d-453c-80cb-eeacd1e89d3b,2026-08-04T10:00:00Z,2026-08-04T12:00:00+0200,-29.66,EUR/MWh,FR,FR,imbalance_price,Short,2026-08-05T12:06:18Z
2026-08-05T12:02:33Z,2026-08-05T14:02:33+0200,a602df8b-e77d-453c-80cb-eeacd1e89d3b,2026-08-04T10:15:00Z,2026-08-04T12:15:00+0200,-35.06,EUR/MWh,FR,FR,imbalance_price,Long,2026-08-05T12:06:18Z
2026-08-05T12:02:33Z,2026-08-05T14:02:33+0200,a602df8b-e77d-453c-80cb-eeacd1e89d3b,2026-08-04T10:15:00Z,2026-08-04T12:15:00+0200,-31.48,EUR/MWh,FR,FR,imbalance_price,Short,2026-08-05T12:06:18Z
2026-08-05T12:02:33Z,2026-08-05T14:02:33+0200,a602df8b-e77d-453c-80cb-eeacd1e89d3b,2026-08-04T10:30:00Z,2026-08-04T12:30:00+0200,53.12,EUR/MWh,FR,FR,imbalance_price,Long,2026-08-05T12:06:18Z
2026-08-05T12:02:33Z,2026-08-05T14:02:33+0200,a602df8b-e77d-453c-80cb-eeacd1e89d3b,2026-08-04T10:30:00Z,2026-08-04T12:30:00+0200,59.14,EUR/MWh,FR,FR,imbalance_price,Short,2026-08-05T12:06:18Z
2026-08-05T12:02:33Z,2026-08-05T14:02:33+0200,a602df8b-e77d-453c-80cb-eeacd1e89d3b,2026-08-04T10:45:00Z,2026-08-04T12:45:00+0200,-25.65,EUR/MWh,FR,FR,imbalance_price,Long,2026-08-05T12:06:18Z
2026-08-05T12:02:33Z,2026-08-05T14:02:33+0200,a602df8b-e77d-453c-80cb-eeacd1e89d3b,2026-08-04T10:45:00Z,2026-08-04T12:45:00+0200,-23.03,EUR/MWh,FR,FR,imbalance_price,Short,2026-08-05T12:06:18Z
2026-08-05T12:02:33Z,2026-08-05T14:02:33+0200,a602df8b-e77d-453c-80cb-eeacd1e89d3b,2026-08-04T11:00:00Z,2026-08-04T13:00:00+0200,-44.97,EUR/MWh,FR,FR,imbalance_price,Long,2026-08-05T12:06:18Z
2026-08-05T12:02:33Z,2026-08-05T14:02:33+0200,a602df8b-e77d-453c-80cb-eeacd1e89d3b,2026-08-04T11:00:00Z,2026-08-04T13:00:00+0200,-40.39,EUR/MWh,FR,FR,imbalance_price,Short,2026-08-05T12:06:18Z
2026-08-05T12:02:33Z,2026-08-05T14:02:33+0200,a602df8b-e77d-453c-80cb-eeacd1e89d3b,2026-08-04T11:15:00Z,2026-08-04T13:15:00+0200,-58.32,EUR/MWh,FR,FR,imbalance_price,Long,2026-08-05T12:06:18Z
2026-08-05T12:02:33Z,2026-08-05T14:02:33+0200,a602df8b-e77d-453c-80cb-eeacd1e89d3b,2026-08-04T11:15:00Z,2026-08-04T13:15:00+0200,-52.38,EUR/MWh,FR,FR,imbalance_price,Short,2026-08-05T12:06:18Z
2026-08-05T12:02:33Z,2026-08-05T14:02:33+0200,a602df8b-e77d-453c-80cb-eeacd1e89d3b,2026-08-04T11:30:00Z,2026-08-04T13:30:00+0200,11.41,EUR/MWh,FR,FR,imbalance_price,Long,2026-08-05T12:06:18Z
2026-08-05T12:02:33Z,2026-08-05T14:02:33+0200,a602df8b-e77d-453c-80cb-eeacd1e89d3b,2026-08-04T11:30:00Z,2026-08-04T13:30:00+0200,12.71,EUR/MWh,FR,FR,imbalance_price,Short,2026-08-05T12:06:18Z
2026-08-05T12:02:33Z,2026-08-05T14:02:33+0200,a602df8b-e77d-453c-80cb-eeacd1e89d3b,2026-08-04T11:45:00Z,2026-08-04T13:45:00+0200,13.3,EUR/MWh,FR,FR,imbalance_price,Long,2026-08-05T12:06:18Z
2026-08-05T12:02:33Z,2026-08-05T14:02:33+0200,a602df8b-e77d-453c-80cb-eeacd1e89d3b,2026-08-04T11:45:00Z,2026-08-04T13:45:00+0200,14.82,EUR/MWh,FR,FR,imbalance_price,Short,2026-08-05T12:06:18Z
2026-08-05T12:02:33Z,2026-08-05T14:02:33+0200,a602df8b-e77d-453c-80cb-eeacd1e89d3b,2026-08-04T12:00:00Z,2026-08-04T14:00:00+0200,24.47,EUR/MWh,FR,FR,imbalance_price,Long,2026-08-05T12:06:18Z
2026-08-05T12:02:33Z,2026-08-05T14:02:33+0200,a602df8b-e77d-453c-80cb-eeacd1e89d3b,2026-08-04T12:00:00Z,2026-08-04T14:00:00+0200,27.25,EUR/MWh,FR,FR,imbalance_price,Short,2026-08-05T12:06:18Z
2026-08-05T12:02:33Z,2026-08-05T14:02:33+0200,a602df8b-e77d-453c-80cb-eeacd1e89d3b,2026-08-04T12:15:00Z,2026-08-04T14:15:00+0200,30.35,EUR/MWh,FR,FR,imbalance_price,Long,2026-08-05T12:06:18Z
2026-08-05T12:02:33Z,2026-08-05T14:02:33+0200,a602df8b-e77d-453c-80cb-eeacd1e89d3b,2026-08-04T12:15:00Z,2026-08-04T14:15:00+0200,33.79,EUR/MWh,FR,FR,imbalance_price,Short,2026-08-05T12:06:18Z
2026-08-05T12:02:33Z,2026-08-05T14:02:33+0200,a602df8b-e77d-453c-80cb-eeacd1e89d3b,2026-08-04T12:30:00Z,2026-08-04T14:30:00+0200,30.22,EUR/MWh,FR,FR,imbalance_price,Long,2026-08-05T12:06:18Z
2026-08-05T12:02:33Z,2026-08-05T14:02:33+0200,a602df8b-e77d-453c-80cb-eeacd1e89d3b,2026-08-04T12:30:00Z,2026-08-04T14:30:00+0200,33.64,EUR/MWh,FR,FR,imbalance_price,Short,2026-08-05T12:06:18Z
2026-08-05T12:02:33Z,2026-08-05T14:02:33+0200,a602df8b-e77d-453c-80cb-eeacd1e89d3b,2026-08-04T12:45:00Z,2026-08-04T14:45:00+0200,0.0,EUR/MWh,FR,FR,imbalance_price,Long,2026-08-05T12:06:18Z
2026-08-05T12:02:33Z,2026-08-05T14:02:33+0200,a602df8b-e77d-453c-80cb-eeacd1e89d3b,2026-08-04T12:45:00Z,2026-08-04T14:45:00+0200,0.0,EUR/MWh,FR,FR,imbalance_price,Short,2026-08-05T12:06:18Z
2026-08-05T12:02:33Z,2026-08-05T14:02:33+0200,a602df8b-e77d-453c-80cb-eeacd1e89d3b,2026-08-04T13:00:00Z,2026-08-04T15:00:00+0200,112.59,EUR/MWh,FR,FR,imbalance_price,Long,2026-08-05T12:06:18Z
2026-08-05T12:02:33Z,2026-08-05T14:02:33+0200,a602df8b-e77d-453c-80cb-eeacd1e89d3b,2026-08-04T13:00:00Z,2026-08-04T15:00:00+0200,125.37,EUR/MWh,FR,FR,imbalance_price,Short,2026-08-05T12:06:18Z
2026-08-05T12:02:33Z,2026-08-05T14:02:33+0200,a602df8b-e77d-453c-80cb-eeacd1e89d3b,2026-08-04T13:15:00Z,2026-08-04T15:15:00+0200,101.07,EUR/MWh,FR,FR,imbalance_price,Long,2026-08-05T12:06:18Z
2026-08-05T12:02:33Z,2026-08-05T14:02:33+0200,a602df8b-e77d-453c-80cb-eeacd1e89d3b,2026-08-04T13:15:00Z,2026-08-04T15:15:00+0200,112.55,EUR/MWh,FR,FR,imbalance_price,Short,2026-08-05T12:06:18Z
2026-08-05T12:02:33Z,2026-08-05T14:02:33+0200,a602df8b-e77d-453c-80cb-eeacd1e89d3b,2026-08-04T13:30:00Z,2026-08-04T15:30:00+0200,133.83,EUR/MWh,FR,FR,imbalance_price,Long,2026-08-05T12:06:18Z
2026-08-05T12:02:33Z,2026-08-05T14:02:33+0200,a602df8b-e77d-453c-80cb-eeacd1e89d3b,2026-08-04T13:30:00Z,2026-08-04T15:30:00+0200,149.01,EUR/MWh,FR,FR,imbalance_price,Short,2026-08-05T12:06:18Z
2026-08-05T12:02:33Z,2026-08-05T14:02:33+0200,a602df8b-e77d-453c-80cb-eeacd1e89d3b,2026-08-04T13:45:00Z,2026-08-04T15:45:00+0200,133.83,EUR/MWh,FR,FR,imbalance_price,Long,2026-08-05T12:06:18Z
2026-08-05T12:02:33Z,2026-08-05T14:02:33+0200,a602df8b-e77d-453c-80cb-eeacd1e89d3b,2026-08-04T13:45:00Z,2026-08-04T15:45:00+0200,149.01,EUR/MWh,FR,FR,imbalance_price,Short,2026-08-05T12:06:18Z
2026-08-05T12:02:33Z,2026-08-05T14:02:33+0200,a602df8b-e77d-453c-80cb-eeacd1e89d3b,2026-08-04T14:00:00Z,2026-08-04T16:00:00+0200,58.53,EUR/MWh,FR,FR,imbalance_price,Long,2026-08-05T12:06:18Z
2026-08-05T12:02:33Z,2026-08-05T14:02:33+0200,a602df8b-e77d-453c-80cb-eeacd1e89d3b,2026-08-04T14:00:00Z,2026-08-04T16:00:00+0200,65.17,EUR/MWh,FR,FR,imbalance_price,Short,2026-08-05T12:06:18Z
2026-08-05T12:02:33Z,2026-08-05T14:02:33+0200,a602df8b-e77d-453c-80cb-eeacd1e89d3b,2026-08-04T14:15:00Z,2026-08-04T16:15:00+0200,60.83,EUR/MWh,FR,FR,imbalance_price,Long,2026-08-05T12:06:18Z
2026-08-05T12:02:33Z,2026-08-05T14:02:33+0200,a602df8b-e77d-453c-80cb-eeacd1e89d3b,2026-08-04T14:15:00Z,2026-08-04T16:15:00+0200,67.73,EUR/MWh,FR,FR,imbalance_price,Short,2026-08-05T12:06:18Z
2026-08-05T12:02:33Z,2026-08-05T14:02:33+0200,a602df8b-e77d-453c-80cb-eeacd1e89d3b,2026-08-04T14:30:00Z,2026-08-04T16:30:00+0200,66.58,EUR/MWh,FR,FR,imbalance_price,Long,2026-08-05T12:06:18Z
2026-08-05T12:02:33Z,2026-08-05T14:02:33+0200,a602df8b-e77d-453c-80cb-eeacd1e89d3b,2026-08-04T14:30:00Z,2026-08-04T16:30:00+0200,74.14,EUR/MWh,FR,FR,imbalance_price,Short,2026-08-05T12:06:18Z
2026-08-05T12:02:33Z,2026-08-05T14:02:33+0200,a602df8b-e77d-453c-80cb-eeacd1e89d3b,2026-08-04T14:45:00Z,2026-08-04T16:45:00+0200,95.27,EUR/MWh,FR,FR,imbalance_price,Long,2026-08-05T12:06:18Z
2026-08-05T12:02:33Z,2026-08-05T14:02:33+0200,a602df8b-e77d-453c-80cb-eeacd1e89d3b,2026-08-04T14:45:00Z,2026-08-04T16:45:00+0200,106.09,EUR/MWh,FR,FR,imbalance_price,Short,2026-08-05T12:06:18Z
2026-08-05T12:02:33Z,2026-08-05T14:02:33+0200,a602df8b-e77d-453c-80cb-eeacd1e89d3b,2026-08-04T15:00:00Z,2026-08-04T17:00:00+0200,75.49,EUR/MWh,FR,FR,imbalance_price,Long,2026-08-05T12:06:18Z
2026-08-05T12:02:33Z,2026-08-05T14:02:33+0200,a602df8b-e77d-453c-80cb-eeacd1e89d3b,2026-08-04T15:00:00Z,2026-08-04T17:00:00+0200,84.05,EUR/MWh,FR,FR,imbalance_price,Short,2026-08-05T12:06:18Z
2026-08-05T12:02:33Z,2026-08-05T14:02:33+0200,a602df8b-e77d-453c-80cb-eeacd1e89d3b,2026-08-04T15:15:00Z,2026-08-04T17:15:00+0200,181.1,EUR/MWh,FR,FR,imbalance_price,Long,2026-08-05T12:06:18Z
2026-08-05T12:02:33Z,2026-08-05T14:02:33+0200,a602df8b-e77d-453c-80cb-eeacd1e89d3b,2026-08-04T15:15:00Z,2026-08-04T17:15:00+0200,201.66,EUR/MWh,FR,FR,imbalance_price,Short,2026-08-05T12:06:18Z
2026-08-05T12:02:33Z,2026-08-05T14:02:33+0200,a602df8b-e77d-453c-80cb-eeacd1e89d3b,2026-08-04T15:30:00Z,2026-08-04T17:30:00+0200,108.25,EUR/MWh,FR,FR,imbalance_price,Long,2026-08-05T12:06:18Z
2026-08-05T12:02:33Z,2026-08-05T14:02:33+0200,a602df8b-e77d-453c-80cb-eeacd1e89d3b,2026-08-04T15:30:00Z,2026-08-04T17:30:00+0200,120.53,EUR/MWh,FR,FR,imbalance_price,Short,2026-08-05T12:06:18Z
2026-08-05T12:02:33Z,2026-08-05T14:02:33+0200,a602df8b-e77d-453c-80cb-eeacd1e89d3b,2026-08-04T15:45:00Z,2026-08-04T17:45:00+0200,105.42,EUR/MWh,FR,FR,imbalance_price,Long,2026-08-05T12:06:18Z
2026-08-05T12:02:33Z,2026-08-05T14:02:33+0200,a602df8b-e77d-453c-80cb-eeacd1e89d3b,2026-08-04T15:45:00Z,2026-08-04T17:45:00+0200,117.38,EUR/MWh,FR,FR,imbalance_price,Short,2026-08-05T12:06:18Z
2026-08-05T12:02:33Z,2026-08-05T14:02:33+0200,a602df8b-e77d-453c-80cb-eeacd1e89d3b,2026-08-04T16:00:00Z,2026-08-04T18:00:00+0200,180.79,EUR/MWh,FR,FR,imbalance_price,Long,2026-08-05T12:06:18Z
2026-08-05T12:02:33Z,2026-08-05T14:02:33+0200,a602df8b-e77d-453c-80cb-eeacd1e89d3b,2026-08-04T16:00:00Z,2026-08-04T18:00:00+0200,201.31,EUR/MWh,FR,FR,imbalance_price,Short,2026-08-05T12:06:18Z
2026-08-05T12:02:33Z,2026-08-05T14:02:33+0200,a602df8b-e77d-453c-80cb-eeacd1e89d3b,2026-08-04T16:15:00Z,2026-08-04T18:15:00+0200,191.46,EUR/MWh,FR,FR,imbalance_price,Long,2026-08-05T12:06:18Z
2026-08-05T12:02:33Z,2026-08-05T14:02:33+0200,a602df8b-e77d-453c-80cb-eeacd1e89d3b,2026-08-04T16:15:00Z,2026-08-04T18:15:00+0200,213.18,EUR/MWh,FR,FR,imbalance_price,Short,2026-08-05T12:06:18Z
2026-08-05T12:02:33Z,2026-08-05T14:02:33+0200,a602df8b-e77d-453c-80cb-eeacd1e89d3b,2026-08-04T16:30:00Z,2026-08-04T18:30:00+0200,172.1,EUR/MWh,FR,FR,imbalance_price,Long,2026-08-05T12:06:18Z
2026-08-05T12:02:33Z,2026-08-05T14:02:33+0200,a602df8b-e77d-453c-80cb-eeacd1e89d3b,2026-08-04T16:30:00Z,2026-08-04T18:30:00+0200,191.64,EUR/MWh,FR,FR,imbalance_price,Short,2026-08-05T12:06:18Z
2026-08-05T12:02:33Z,2026-08-05T14:02:33+0200,a602df8b-e77d-453c-80cb-eeacd1e89d3b,2026-08-04T16:45:00Z,2026-08-04T18:45:00+0200,176.36,EUR/MWh,FR,FR,imbalance_price,Long,2026-08-05T12:06:18Z
2026-08-05T12:02:33Z,2026-08-05T14:02:33+0200,a602df8b-e77d-453c-80cb-eeacd1e89d3b,2026-08-04T16:45:00Z,2026-08-04T18:45:00+0200,196.38,EUR/MWh,FR,FR,imbalance_price,Short,2026-08-05T12:06:18Z
2026-08-05T12:02:33Z,2026-08-05T14:02:33+0200,a602df8b-e77d-453c-80cb-eeacd1e89d3b,2026-08-04T17:00:00Z,2026-08-04T19:00:00+0200,179.05,EUR/MWh,FR,FR,imbalance_price,Long,2026-08-05T12:06:18Z
2026-08-05T12:02:33Z,2026-08-05T14:02:33+0200,a602df8b-e77d-453c-80cb-eeacd1e89d3b,2026-08-04T17:00:00Z,2026-08-04T19:00:00+0200,199.37,EUR/MWh,FR,FR,imbalance_price,Short,2026-08-05T12:06:18Z
2026-08-05T12:02:33Z,2026-08-05T14:02:33+0200,a602df8b-e77d-453c-80cb-eeacd1e89d3b,2026-08-04T17:15:00Z,2026-08-04T19:15:00+0200,45.73,EUR/MWh,FR,FR,imbalance_price,Long,2026-08-05T12:06:18Z
2026-08-05T12:02:33Z,2026-08-05T14:02:33+0200,a602df8b-e77d-453c-80cb-eeacd1e89d3b,2026-08-04T17:15:00Z,2026-08-04T19:15:00+0200,50.93,EUR/MWh,FR,FR,imbalance_price,Short,2026-08-05T12:06:18Z
2026-08-05T12:02:33Z,2026-08-05T14:02:33+0200,a602df8b-e77d-453c-80cb-eeacd1e89d3b,2026-08-04T17:30:00Z,2026-08-04T19:30:00+0200,137.89,EUR/MWh,FR,FR,imbalance_price,Long,2026-08-05T12:06:18Z
2026-08-05T12:02:33Z,2026-08-05T14:02:33+0200,a602df8b-e77d-453c-80cb-eeacd1e89d3b,2026-08-04T17:30:00Z,2026-08-04T19:30:00+0200,153.55,EUR/MWh,FR,FR,imbalance_price,Short,2026-08-05T12:06:18Z
2026-08-05T12:02:33Z,2026-08-05T14:02:33+0200,a602df8b-e77d-453c-80cb-eeacd1e89d3b,2026-08-04T17:45:00Z,2026-08-04T19:45:00+0200,45.73,EUR/MWh,FR,FR,imbalance_price,Long,2026-08-05T12:06:18Z
2026-08-05T12:02:33Z,2026-08-05T14:02:33+0200,a602df8b-e77d-453c-80cb-eeacd1e89d3b,2026-08-04T17:45:00Z,2026-08-04T19:45:00+0200,50.93,EUR/MWh,FR,FR,imbalance_price,Short,2026-08-05T12:06:18Z
2026-08-05T12:02:33Z,2026-08-05T14:02:33+0200,a602df8b-e77d-453c-80cb-eeacd1e89d3b,2026-08-04T18:00:00Z,2026-08-04T20:00:00+0200,147.78,EUR/MWh,FR,FR,imbalance_price,Long,2026-08-05T12:06:18Z
2026-08-05T12:02:33Z,2026-08-05T14:02:33+0200,a602df8b-e77d-453c-80cb-eeacd1e89d3b,2026-08-04T18:00:00Z,2026-08-04T20:00:00+0200,164.56,EUR/MWh,FR,FR,imbalance_price,Short,2026-08-05T12:06:18Z
2026-08-05T12:02:33Z,2026-08-05T14:02:33+0200,a602df8b-e77d-453c-80cb-eeacd1e89d3b,2026-08-04T18:15:00Z,2026-08-04T20:15:00+0200,200.87,EUR/MWh,FR,FR,imbalance_price,Long,2026-08-05T12:06:18Z
2026-08-05T12:02:33Z,2026-08-05T14:02:33+0200,a602df8b-e77d-453c-80cb-eeacd1e89d3b,2026-08-04T18:15:00Z,2026-08-04T20:15:00+0200,223.67,EUR/MWh,FR,FR,imbalance_price,Short,2026-08-05T12:06:18Z
2026-08-05T12:02:33Z,2026-08-05T14:02:33+0200,a602df8b-e77d-453c-80cb-eeacd1e89d3b,2026-08-04T18:30:00Z,2026-08-04T20:30:00+0200,190.1,EUR/MWh,FR,FR,imbalance_price,Long,2026-08-05T12:06:18Z
2026-08-05T12:02:33Z,2026-08-05T14:02:33+0200,a602df8b-e77d-453c-80cb-eeacd1e89d3b,2026-08-04T18:30:00Z,2026-08-04T20:30:00+0200,211.68,EUR/MWh,FR,FR,imbalance_price,Short,2026-08-05T12:06:18Z
2026-08-05T12:02:33Z,2026-08-05T14:02:33+0200,a602df8b-e77d-453c-80cb-eeacd1e89d3b,2026-08-04T18:45:00Z,2026-08-04T20:45:00+0200,186.21,EUR/MWh,FR,FR,imbalance_price,Long,2026-08-05T12:06:18Z
2026-08-05T12:02:33Z,2026-08-05T14:02:33+0200,a602df8b-e77d-453c-80cb-eeacd1e89d3b,2026-08-04T18:45:00Z,2026-08-04T20:45:00+0200,207.35,EUR/MWh,FR,FR,imbalance_price,Short,2026-08-05T12:06:18Z
2026-08-05T12:02:33Z,2026-08-05T14:02:33+0200,a602df8b-e77d-453c-80cb-eeacd1e89d3b,2026-08-04T19:00:00Z,2026-08-04T21:00:00+0200,226.57,EUR/MWh,FR,FR,imbalance_price,Long,2026-08-05T12:06:18Z
2026-08-05T12:02:33Z,2026-08-05T14:02:33+0200,a602df8b-e77d-453c-80cb-eeacd1e89d3b,2026-08-04T19:00:00Z,2026-08-04T21:00:00+0200,252.29,EUR/MWh,FR,FR,imbalance_price,Short,2026-08-05T12:06:18Z
2026-08-05T12:02:33Z,2026-08-05T14:02:33+0200,a602df8b-e77d-453c-80cb-eeacd1e89d3b,2026-08-04T19:15:00Z,2026-08-04T21:15:00+0200,204.6,EUR/MWh,FR,FR,imbalance_price,Long,2026-08-05T12:06:18Z
2026-08-05T12:02:33Z,2026-08-05T14:02:33+0200,a602df8b-e77d-453c-80cb-eeacd1e89d3b,2026-08-04T19:15:00Z,2026-08-04T21:15:00+0200,227.82,EUR/MWh,FR,FR,imbalance_price,Short,2026-08-05T12:06:18Z
2026-08-05T12:02:33Z,2026-08-05T14:02:33+0200,a602df8b-e77d-453c-80cb-eeacd1e89d3b,2026-08-04T19:30:00Z,2026-08-04T21:30:00+0200,215.82,EUR/MWh,FR,FR,imbalance_price,Long,2026-08-05T12:06:18Z
2026-08-05T12:02:33Z,2026-08-05T14:02:33+0200,a602df8b-e77d-453c-80cb-eeacd1e89d3b,2026-08-04T19:30:00Z,2026-08-04T21:30:00+0200,240.32,EUR/MWh,FR,FR,imbalance_price,Short,2026-08-05T12:06:18Z
2026-08-05T12:02:33Z,2026-08-05T14:02:33+0200,a602df8b-e77d-453c-80cb-eeacd1e89d3b,2026-08-04T19:45:00Z,2026-08-04T21:45:00+0200,191.52,EUR/MWh,FR,FR,imbalance_price,Long,2026-08-05T12:06:18Z
2026-08-05T12:02:33Z,2026-08-05T14:02:33+0200,a602df8b-e77d-453c-80cb-eeacd1e89d3b,2026-08-04T19:45:00Z,2026-08-04T21:45:00+0200,213.26,EUR/MWh,FR,FR,imbalance_price,Short,2026-08-05T12:06:18Z
2026-08-05T12:02:33Z,2026-08-05T14:02:33+0200,a602df8b-e77d-453c-80cb-eeacd1e89d3b,2026-08-04T20:00:00Z,2026-08-04T22:00:00+0200,190.24,EUR/MWh,FR,FR,imbalance_price,Long,2026-08-05T12:06:18Z
2026-08-05T12:02:33Z,2026-08-05T14:02:33+0200,a602df8b-e77d-453c-80cb-eeacd1e89d3b,2026-08-04T20:00:00Z,2026-08-04T22:00:00+0200,211.84,EUR/MWh,FR,FR,imbalance_price,Short,2026-08-05T12:06:18Z
2026-08-05T12:02:33Z,2026-08-05T14:02:33+0200,a602df8b-e77d-453c-80cb-eeacd1e89d3b,2026-08-04T20:15:00Z,2026-08-04T22:15:00+0200,168.98,EUR/MWh,FR,FR,imbalance_price,Long,2026-08-05T12:06:18Z
2026-08-05T12:02:33Z,2026-08-05T14:02:33+0200,a602df8b-e77d-453c-80cb-eeacd1e89d3b,2026-08-04T20:15:00Z,2026-08-04T22:15:00+0200,188.16,EUR/MWh,FR,FR,imbalance_price,Short,2026-08-05T12:06:18Z
2026-08-05T12:02:33Z,2026-08-05T14:02:33+0200,a602df8b-e77d-453c-80cb-eeacd1e89d3b,2026-08-04T20:30:00Z,2026-08-04T22:30:00+0200,187.36,EUR/MWh,FR,FR,imbalance_price,Long,2026-08-05T12:06:18Z
2026-08-05T12:02:33Z,2026-08-05T14:02:33+0200,a602df8b-e77d-453c-80cb-eeacd1e89d3b,2026-08-04T20:30:00Z,2026-08-04T22:30:00+0200,208.62,EUR/MWh,FR,FR,imbalance_price,Short,2026-08-05T12:06:18Z
2026-08-05T12:02:33Z,2026-08-05T14:02:33+0200,a602df8b-e77d-453c-80cb-eeacd1e89d3b,2026-08-04T20:45:00Z,2026-08-04T22:45:00+0200,187.36,EUR/MWh,FR,FR,imbalance_price,Long,2026-08-05T12:06:18Z
2026-08-05T12:02:33Z,2026-08-05T14:02:33+0200,a602df8b-e77d-453c-80cb-eeacd1e89d3b,2026-08-04T20:45:00Z,2026-08-04T22:45:00+0200,208.62,EUR/MWh,FR,FR,imbalance_price,Short,2026-08-05T12:06:18Z
2026-08-05T12:02:33Z,2026-08-05T14:02:33+0200,a602df8b-e77d-453c-80cb-eeacd1e89d3b,2026-08-04T21:00:00Z,2026-08-04T23:00:00+0200,188.3,EUR/MWh,FR,FR,imbalance_price,Long,2026-08-05T12:06:18Z
2026-08-05T12:02:33Z,2026-08-05T14:02:33+0200,a602df8b-e77d-453c-80cb-eeacd1e89d3b,2026-08-04T21:00:00Z,2026-08-04T23:00:00+0200,209.68,EUR/MWh,FR,FR,imbalance_price,Short,2026-08-05T12:06:18Z
2026-08-05T12:02:33Z,2026-08-05T14:02:33+0200,a602df8b-e77d-453c-80cb-eeacd1e89d3b,2026-08-04T21:15:00Z,2026-08-04T23:15:00+0200,171.79,EUR/MWh,FR,FR,imbalance_price,Long,2026-08-05T12:06:18Z
2026-08-05T12:02:33Z,2026-08-05T14:02:33+0200,a602df8b-e77d-453c-80cb-eeacd1e89d3b,2026-08-04T21:15:00Z,2026-08-04T23:15:00+0200,191.29,EUR/MWh,FR,FR,imbalance_price,Short,2026-08-05T12:06:18Z
2026-08-05T12:02:33Z,2026-08-05T14:02:33+0200,a602df8b-e77d-453c-80cb-eeacd1e89d3b,2026-08-04T21:30:00Z,2026-08-04T23:30:00+0200,194.99,EUR/MWh,FR,FR,imbalance_price,Long,2026-08-05T12:06:18Z
2026-08-05T12:02:33Z,2026-08-05T14:02:33+0200,a602df8b-e77d-453c-80cb-eeacd1e89d3b,2026-08-04T21:30:00Z,2026-08-04T23:30:00+0200,217.13,EUR/MWh,FR,FR,imbalance_price,Short,2026-08-05T12:06:18Z
2026-08-05T12:02:33Z,2026-08-05T14:02:33+0200,a602df8b-e77d-453c-80cb-eeacd1e89d3b,2026-08-04T21:45:00Z,2026-08-04T23:45:00+0200,89.79,EUR/MWh,FR,FR,imbalance_price,Long,2026-08-05T12:06:18Z
2026-08-05T12:02:33Z,2026-08-05T14:02:33+0200,a602df8b-e77d-453c-80cb-eeacd1e89d3b,2026-08-04T21:45:00Z,2026-08-04T23:45:00+0200,99.99,EUR/MWh,FR,FR,imbalance_price,Short,2026-08-05T12:06:18Z
2026-08-05T12:02:33Z,2026-08-05T14:02:33+0200,a602df8b-e77d-453c-80cb-eeacd1e89d3b,2026-08-04T22:00:00Z,2026-08-05T00:00:00+0200,220.0,EUR/MWh,FR,FR,imbalance_price,Long,2026-08-05T12:06:18Z
2026-08-05T12:02:33Z,2026-08-05T14:02:33+0200,a602df8b-e77d-453c-80cb-eeacd1e89d3b,2026-08-04T22:00:00Z,2026-08-05T00:00:00+0200,244.96,EUR/MWh,FR,FR,imbalance_price,Short,2026-08-05T12:06:18Z
2026-08-05T12:02:33Z,2026-08-05T14:02:33+0200,a602df8b-e77d-453c-80cb-eeacd1e89d3b,2026-08-04T22:15:00Z,2026-08-05T00:15:00+0200,237.21,EUR/MWh,FR,FR,imbalance_price,Long,2026-08-05T12:06:18Z
2026-08-05T12:02:33Z,2026-08-05T14:02:33+0200,a602df8b-e77d-453c-80cb-eeacd1e89d3b,2026-08-04T22:15:00Z,2026-08-05T00:15:00+0200,264.13,EUR/MWh,FR,FR,imbalance_price,Short,2026-08-05T12:06:18Z
2026-08-05T12:02:33Z,2026-08-05T14:02:33+0200,a602df8b-e77d-453c-80cb-eeacd1e89d3b,2026-08-04T22:30:00Z,2026-08-05T00:30:00+0200,237.25,EUR/MWh,FR,FR,imbalance_price,Long,2026-08-05T12:06:18Z
2026-08-05T12:02:33Z,2026-08-05T14:02:33+0200,a602df8b-e77d-453c-80cb-eeacd1e89d3b,2026-08-04T22:30:00Z,2026-08-05T00:30:00+0200,264.17,EUR/MWh,FR,FR,imbalance_price,Short,2026-08-05T12:06:18Z
2026-08-05T12:02:33Z,2026-08-05T14:02:33+0200,a602df8b-e77d-453c-80cb-eeacd1e89d3b,2026-08-04T22:45:00Z,2026-08-05T00:45:00+0200,83.87,EUR/MWh,FR,FR,imbalance_price,Long,2026-08-05T12:06:18Z
2026-08-05T12:02:33Z,2026-08-05T14:02:33+0200,a602df8b-e77d-453c-80cb-eeacd1e89d3b,2026-08-04T22:45:00Z,2026-08-05T00:45:00+0200,93.39,EUR/MWh,FR,FR,imbalance_price,Short,2026-08-05T12:06:18Z
2026-08-05T12:02:33Z,2026-08-05T14:02:33+0200,a602df8b-e77d-453c-80cb-eeacd1e89d3b,2026-08-04T23:00:00Z,2026-08-05T01:00:00+0200,104.53,EUR/MWh,FR,FR,imbalance_price,Long,2026-08-05T12:06:18Z
2026-08-05T12:02:33Z,2026-08-05T14:02:33+0200,a602df8b-e77d-453c-80cb-eeacd1e89d3b,2026-08-04T23:00:00Z,2026-08-05T01:00:00+0200,116.39,EUR/MWh,FR,FR,imbalance_price,Short,2026-08-05T12:06:18Z
2026-08-05T12:02:33Z,2026-08-05T14:02:33+0200,a602df8b-e77d-453c-80cb-eeacd1e89d3b,2026-08-04T23:15:00Z,2026-08-05T01:15:00+0200,79.36,EUR/MWh,FR,FR,imbalance_price,Long,2026-08-05T12:06:18Z
2026-08-05T12:02:33Z,2026-08-05T14:02:33+0200,a602df8b-e77d-453c-80cb-eeacd1e89d3b,2026-08-04T23:15:00Z,2026-08-05T01:15:00+0200,88.36,EUR/MWh,FR,FR,imbalance_price,Short,2026-08-05T12:06:18Z
2026-08-05T12:02:33Z,2026-08-05T14:02:33+0200,a602df8b-e77d-453c-80cb-eeacd1e89d3b,2026-08-04T23:30:00Z,2026-08-05T01:30:00+0200,102.82,EUR/MWh,FR,FR,imbalance_price,Long,2026-08-05T12:06:18Z
2026-08-05T12:02:33Z,2026-08-05T14:02:33+0200,a602df8b-e77d-453c-80cb-eeacd1e89d3b,2026-08-04T23:30:00Z,2026-08-05T01:30:00+0200,114.5,EUR/MWh,FR,FR,imbalance_price,Short,2026-08-05T12:06:18Z
2026-08-05T12:02:33Z,2026-08-05T14:02:33+0200,a602df8b-e77d-453c-80cb-eeacd1e89d3b,2026-08-04T23:45:00Z,2026-08-05T01:45:00+0200,74.82,EUR/MWh,FR,FR,imbalance_price,Long,2026-08-05T12:06:18Z
2026-08-05T12:02:33Z,2026-08-05T14:02:33+0200,a602df8b-e77d-453c-80cb-eeacd1e89d3b,2026-08-04T23:45:00Z,2026-08-05T01:45:00+0200,83.32,EUR/MWh,FR,FR,imbalance_price,Short,2026-08-05T12:06:18Z
2026-08-05T12:02:33Z,2026-08-05T14:02:33+0200,a602df8b-e77d-453c-80cb-eeacd1e89d3b,2026-08-05T00:00:00Z,2026-08-05T02:00:00+0200,142.92,EUR/MWh,FR,FR,imbalance_price,Long,2026-08-05T12:06:18Z
2026-08-05T12:02:33Z,2026-08-05T14:02:33+0200,a602df8b-e77d-453c-80cb-eeacd1e89d3b,2026-08-05T00:00:00Z,2026-08-05T02:00:00+0200,159.14,EUR/MWh,FR,FR,imbalance_price,Short,2026-08-05T12:06:18Z
2026-08-05T12:02:33Z,2026-08-05T14:02:33+0200,a602df8b-e77d-453c-80cb-eeacd1e89d3b,2026-08-05T00:15:00Z,2026-08-05T02:15:00+0200,71.92,EUR/MWh,FR,FR,imbalance_price,Long,2026-08-05T12:06:18Z
2026-08-05T12:02:33Z,2026-08-05T14:02:33+0200,a602df8b-e77d-453c-80cb-eeacd1e89d3b,2026-08-05T00:15:00Z,2026-08-05T02:15:00+0200,80.08,EUR/MWh,FR,FR,imbalance_price,Short,2026-08-05T12:06:18Z
2026-08-05T12:02:33Z,2026-08-05T14:02:33+0200,a602df8b-e77d-453c-80cb-eeacd1e89d3b,2026-08-05T00:30:00Z,2026-08-05T02:30:00+0200,105.52,EUR/MWh,FR,FR,imbalance_price,Long,2026-08-05T12:06:18Z
2026-08-05T12:02:33Z,2026-08-05T14:02:33+0200,a602df8b-e77d-453c-80cb-eeacd1e89d3b,2026-08-05T00:30:00Z,2026-08-05T02:30:00+0200,117.5,EUR/MWh,FR,FR,imbalance_price,Short,2026-08-05T12:06:18Z
2026-08-05T12:02:33Z,2026-08-05T14:02:33+0200,a602df8b-e77d-453c-80cb-eeacd1e89d3b,2026-08-05T00:45:00Z,2026-08-05T02:45:00+0200,102.24,EUR/MWh,FR,FR,imbalance_price,Long,2026-08-05T12:06:18Z
2026-08-05T12:02:33Z,2026-08-05T14:02:33+0200,a602df8b-e77d-453c-80cb-eeacd1e89d3b,2026-08-05T00:45:00Z,2026-08-05T02:45:00+0200,113.84,EUR/MWh,FR,FR,imbalance_price,Short,2026-08-05T12:06:18Z
2026-08-05T12:02:33Z,2026-08-05T14:02:33+0200,a602df8b-e77d-453c-80cb-eeacd1e89d3b,2026-08-05T01:00:00Z,2026-08-05T03:00:00+0200,170.76,EUR/MWh,FR,FR,imbalance_price,Long,2026-08-05T12:06:18Z
2026-08-05T12:02:33Z,2026-08-05T14:02:33+0200,a602df8b-e77d-453c-80cb-eeacd1e89d3b,2026-08-05T01:00:00Z,2026-08-05T03:00:00+0200,190.14,EUR/MWh,FR,FR,imbalance_price,Short,2026-08-05T12:06:18Z
2026-08-05T12:02:33Z,2026-08-05T14:02:33+0200,a602df8b-e77d-453c-80cb-eeacd1e89d3b,2026-08-05T01:15:00Z,2026-08-05T03:15:00+0200,159.61,EUR/MWh,FR,FR,imbalance_price,Long,2026-08-05T12:06:18Z
2026-08-05T12:02:33Z,2026-08-05T14:02:33+0200,a602df8b-e77d-453c-80cb-eeacd1e89d3b,2026-08-05T01:15:00Z,2026-08-05T03:15:00+0200,177.73,EUR/MWh,FR,FR,imbalance_price,Short,2026-08-05T12:06:18Z
2026-08-05T12:02:33Z,2026-08-05T14:02:33+0200,a602df8b-e77d-453c-80cb-eeacd1e89d3b,2026-08-05T01:30:00Z,2026-08-05T03:30:00+0200,145.78,EUR/MWh,FR,FR,imbalance_price,Long,2026-08-05T12:06:18Z
2026-08-05T12:02:33Z,2026-08-05T14:02:33+0200,a602df8b-e77d-453c-80cb-eeacd1e89d3b,2026-08-05T01:30:00Z,2026-08-05T03:30:00+0200,162.32,EUR/MWh,FR,FR,imbalance_price,Short,2026-08-05T12:06:18Z
2026-08-05T12:02:33Z,2026-08-05T14:02:33+0200,a602df8b-e77d-453c-80cb-eeacd1e89d3b,2026-08-05T01:45:00Z,2026-08-05T03:45:00+0200,132.16,EUR/MWh,FR,FR,imbalance_price,Long,2026-08-05T12:06:18Z
2026-08-05T12:02:33Z,2026-08-05T14:02:33+0200,a602df8b-e77d-453c-80cb-eeacd1e89d3b,2026-08-05T01:45:00Z,2026-08-05T03:45:00+0200,147.16,EUR/MWh,FR,FR,imbalance_price,Short,2026-08-05T12:06:18Z
2026-08-05T12:02:33Z,2026-08-05T14:02:33+0200,a602df8b-e77d-453c-80cb-eeacd1e89d3b,2026-08-05T02:00:00Z,2026-08-05T04:00:00+0200,179.24,EUR/MWh,FR,FR,imbalance_price,Long,2026-08-05T12:06:18Z
2026-08-05T12:02:33Z,2026-08-05T14:02:33+0200,a602df8b-e77d-453c-80cb-eeacd1e89d3b,2026-08-05T02:00:00Z,2026-08-05T04:00:00+0200,199.58,EUR/MWh,FR,FR,imbalance_price,Short,2026-08-05T12:06:18Z
2026-08-05T12:02:33Z,2026-08-05T14:02:33+0200,a602df8b-e77d-453c-80cb-eeacd1e89d3b,2026-08-05T02:15:00Z,2026-08-05T04:15:00+0200,179.33,EUR/MWh,FR,FR,imbalance_price,Long,2026-08-05T12:06:18Z
2026-08-05T12:02:33Z,2026-08-05T14:02:33+0200,a602df8b-e77d-453c-80cb-eeacd1e89d3b,2026-08-05T02:15:00Z,2026-08-05T04:15:00+0200,199.69,EUR/MWh,FR,FR,imbalance_price,Short,2026-08-05T12:06:18Z
2026-08-05T12:02:33Z,2026-08-05T14:02:33+0200,a602df8b-e77d-453c-80cb-eeacd1e89d3b,2026-08-05T02:30:00Z,2026-08-05T04:30:00+0200,183.72,EUR/MWh,FR,FR,imbalance_price,Long,2026-08-05T12:06:18Z
2026-08-05T12:02:33Z,2026-08-05T14:02:33+0200,a602df8b-e77d-453c-80cb-eeacd1e89d3b,2026-08-05T02:30:00Z,2026-08-05T04:30:00+0200,204.58,EUR/MWh,FR,FR,imbalance_price,Short,2026-08-05T12:06:18Z
2026-08-05T12:02:33Z,2026-08-05T14:02:33+0200,a602df8b-e77d-453c-80cb-eeacd1e89d3b,2026-08-05T02:45:00Z,2026-08-05T04:45:00+0200,147.64,EUR/MWh,FR,FR,imbalance_price,Long,2026-08-05T12:06:18Z
2026-08-05T12:02:33Z,2026-08-05T14:02:33+0200,a602df8b-e77d-453c-80cb-eeacd1e89d3b,2026-08-05T02:45:00Z,2026-08-05T04:45:00+0200,164.4,EUR/MWh,FR,FR,imbalance_price,Short,2026-08-05T12:06:18Z
2026-08-05T12:02:33Z,2026-08-05T14:02:33+0200,a602df8b-e77d-453c-80cb-eeacd1e89d3b,2026-08-05T03:00:00Z,2026-08-05T05:00:00+0200,163.6,EUR/MWh,FR,FR,imbalance_price,Long,2026-08-05T12:06:18Z
2026-08-05T12:02:33Z,2026-08-05T14:02:33+0200,a602df8b-e77d-453c-80cb-eeacd1e89d3b,2026-08-05T03:00:00Z,2026-08-05T05:00:00+0200,182.16,EUR/MWh,FR,FR,imbalance_price,Short,2026-08-05T12:06:18Z
2026-08-05T12:02:33Z,2026-08-05T14:02:33+0200,a602df8b-e77d-453c-80cb-eeacd1e89d3b,2026-08-05T03:15:00Z,2026-08-05T05:15:00+0200,162.4,EUR/MWh,FR,FR,imbalance_price,Long,2026-08-05T12:06:18Z
2026-08-05T12:02:33Z,2026-08-05T14:02:33+0200,a602df8b-e77d-453c-80cb-eeacd1e89d3b,2026-08-05T03:15:00Z,2026-08-05T05:15:00+0200,180.84,EUR/MWh,FR,FR,imbalance_price,Short,2026-08-05T12:06:18Z
2026-08-05T12:02:33Z,2026-08-05T14:02:33+0200,a602df8b-e77d-453c-80cb-eeacd1e89d3b,2026-08-05T03:30:00Z,2026-08-05T05:30:00+0200,179.06,EUR/MWh,FR,FR,imbalance_price,Long,2026-08-05T12:06:18Z
2026-08-05T12:02:33Z,2026-08-05T14:02:33+0200,a602df8b-e77d-453c-80cb-eeacd1e89d3b,2026-08-05T03:30:00Z,2026-08-05T05:30:00+0200,199.38,EUR/MWh,FR,FR,imbalance_price,Short,2026-08-05T12:06:18Z
2026-08-05T12:02:33Z,2026-08-05T14:02:33+0200,a602df8b-e77d-453c-80cb-eeacd1e89d3b,2026-08-05T03:45:00Z,2026-08-05T05:45:00+0200,176.71,EUR/MWh,FR,FR,imbalance_price,Long,2026-08-05T12:06:18Z
2026-08-05T12:02:33Z,2026-08-05T14:02:33+0200,a602df8b-e77d-453c-80cb-eeacd1e89d3b,2026-08-05T03:45:00Z,2026-08-05T05:45:00+0200,196.77,EUR/MWh,FR,FR,imbalance_price,Short,2026-08-05T12:06:18Z
2026-08-05T12:02:33Z,2026-08-05T14:02:33+0200,a602df8b-e77d-453c-80cb-eeacd1e89d3b,2026-08-05T04:00:00Z,2026-08-05T06:00:00+0200,176.36,EUR/MWh,FR,FR,imbalance_price,Long,2026-08-05T12:06:18Z
2026-08-05T12:02:33Z,2026-08-05T14:02:33+0200,a602df8b-e77d-453c-80cb-eeacd1e89d3b,2026-08-05T04:00:00Z,2026-08-05T06:00:00+0200,196.38,EUR/MWh,FR,FR,imbalance_price,Short,2026-08-05T12:06:18Z
2026-08-05T12:02:33Z,2026-08-05T14:02:33+0200,a602df8b-e77d-453c-80cb-eeacd1e89d3b,2026-08-05T04:15:00Z,2026-08-05T06:15:00+0200,178.79,EUR/MWh,FR,FR,imbalance_price,Long,2026-08-05T12:06:18Z
2026-08-05T12:02:33Z,2026-08-05T14:02:33+0200,a602df8b-e77d-453c-80cb-eeacd1e89d3b,2026-08-05T04:15:00Z,2026-08-05T06:15:00+0200,199.09,EUR/MWh,FR,FR,imbalance_price,Short,2026-08-05T12:06:18Z
2026-08-05T12:02:33Z,2026-08-05T14:02:33+0200,a602df8b-e77d-453c-80cb-eeacd1e89d3b,2026-08-05T04:30:00Z,2026-08-05T06:30:00+0200,160.66,EUR/MWh,FR,FR,imbalance_price,Long,2026-08-05T12:06:18Z
2026-08-05T12:02:33Z,2026-08-05T14:02:33+0200,a602df8b-e77d-453c-80cb-eeacd1e89d3b,2026-08-05T04:30:00Z,2026-08-05T06:30:00+0200,178.9,EUR/MWh,FR,FR,imbalance_price,Short,2026-08-05T12:06:18Z
2026-08-05T12:02:33Z,2026-08-05T14:02:33+0200,a602df8b-e77d-453c-80cb-eeacd1e89d3b,2026-08-05T04:45:00Z,2026-08-05T06:45:00+0200,167.59,EUR/MWh,FR,FR,imbalance_price,Long,2026-08-05T12:06:18Z
2026-08-05T12:02:33Z,2026-08-05T14:02:33+0200,a602df8b-e77d-453c-80cb-eeacd1e89d3b,2026-08-05T04:45:00Z,2026-08-05T06:45:00+0200,186.61,EUR/MWh,FR,FR,imbalance_price,Short,2026-08-05T12:06:18Z
2026-08-05T12:02:33Z,2026-08-05T14:02:33+0200,a602df8b-e77d-453c-80cb-eeacd1e89d3b,2026-08-05T05:00:00Z,2026-08-05T07:00:00+0200,162.01,EUR/MWh,FR,FR,imbalance_price,Long,2026-08-05T12:06:18Z
2026-08-05T12:02:33Z,2026-08-05T14:02:33+0200,a602df8b-e77d-453c-80cb-eeacd1e89d3b,2026-08-05T05:00:00Z,2026-08-05T07:00:00+0200,180.39,EUR/MWh,FR,FR,imbalance_price,Short,2026-08-05T12:06:18Z
2026-08-05T12:02:33Z,2026-08-05T14:02:33+0200,a602df8b-e77d-453c-80cb-eeacd1e89d3b,2026-08-05T05:15:00Z,2026-08-05T07:15:00+0200,138.7,EUR/MWh,FR,FR,imbalance_price,Long,2026-08-05T12:06:18Z
2026-08-05T12:02:33Z,2026-08-05T14:02:33+0200,a602df8b-e77d-453c-80cb-eeacd1e89d3b,2026-08-05T05:15:00Z,2026-08-05T07:15:00+0200,154.44,EUR/MWh,FR,FR,imbalance_price,Short,2026-08-05T12:06:18Z
2026-08-05T12:02:33Z,2026-08-05T14:02:33+0200,a602df8b-e77d-453c-80cb-eeacd1e89d3b,2026-08-05T05:30:00Z,2026-08-05T07:30:00+0200,146.46,EUR/MWh,FR,FR,imbalance_price,Long,2026-08-05T12:06:18Z
2026-08-05T12:02:33Z,2026-08-05T14:02:33+0200,a602df8b-e77d-453c-80cb-eeacd1e89d3b,2026-08-05T05:30:00Z,2026-08-05T07:30:00+0200,163.08,EUR/MWh,FR,FR,imbalance_price,Short,2026-08-05T12:06:18Z
2026-08-05T12:02:33Z,2026-08-05T14:02:33+0200,a602df8b-e77d-453c-80cb-eeacd1e89d3b,2026-08-05T05:45:00Z,2026-08-05T07:45:00+0200,129.26,EUR/MWh,FR,FR,imbalance_price,Long,2026-08-05T12:06:18Z
2026-08-05T12:02:33Z,2026-08-05T14:02:33+0200,a602df8b-e77d-453c-80cb-eeacd1e89d3b,2026-08-05T05:45:00Z,2026-08-05T07:45:00+0200,143.94,EUR/MWh,FR,FR,imbalance_price,Short,2026-08-05T12:06:18Z
2026-08-05T12:02:33Z,2026-08-05T14:02:33+0200,a602df8b-e77d-453c-80cb-eeacd1e89d3b,2026-08-05T06:00:00Z,2026-08-05T08:00:00+0200,227.62,EUR/MWh,FR,FR,imbalance_price,Long,2026-08-05T12:06:18Z
2026-08-05T12:02:33Z,2026-08-05T14:02:33+0200,a602df8b-e77d-453c-80cb-eeacd1e89d3b,2026-08-05T06:00:00Z,2026-08-05T08:00:00+0200,253.46,EUR/MWh,FR,FR,imbalance_price,Short,2026-08-05T12:06:18Z
2026-08-05T12:02:33Z,2026-08-05T14:02:33+0200,a602df8b-e77d-453c-80cb-eeacd1e89d3b,2026-08-05T06:15:00Z,2026-08-05T08:15:00+0200,164.52,EUR/MWh,FR,FR,imbalance_price,Long,2026-08-05T12:06:18Z
2026-08-05T12:02:33Z,2026-08-05T14:02:33+0200,a602df8b-e77d-453c-80cb-eeacd1e89d3b,2026-08-05T06:15:00Z,2026-08-05T08:15:00+0200,183.2,EUR/MWh,FR,FR,imbalance_price,Short,2026-08-05T12:06:18Z
2026-08-05T12:02:33Z,2026-08-05T14:02:33+0200,a602df8b-e77d-453c-80cb-eeacd1e89d3b,2026-08-05T06:30:00Z,2026-08-05T08:30:00+0200,138.95,EUR/MWh,FR,FR,imbalance_price,Long,2026-08-05T12:06:18Z
2026-08-05T12:02:33Z,2026-08-05T14:02:33+0200,a602df8b-e77d-453c-80cb-eeacd1e89d3b,2026-08-05T06:30:00Z,2026-08-05T08:30:00+0200,154.73,EUR/MWh,FR,FR,imbalance_price,Short,2026-08-05T12:06:18Z
2026-08-05T12:02:33Z,2026-08-05T14:02:33+0200,a602df8b-e77d-453c-80cb-eeacd1e89d3b,2026-08-05T06:45:00Z,2026-08-05T08:45:00+0200,151.57,EUR/MWh,FR,FR,imbalance_price,Long,2026-08-05T12:06:18Z
2026-08-05T12:02:33Z,2026-08-05T14:02:33+0200,a602df8b-e77d-453c-80cb-eeacd1e89d3b,2026-08-05T06:45:00Z,2026-08-05T08:45:00+0200,168.77,EUR/MWh,FR,FR,imbalance_price,Short,2026-08-05T12:06:18Z
2026-08-05T12:02:33Z,2026-08-05T14:02:33+0200,a602df8b-e77d-453c-80cb-eeacd1e89d3b,2026-08-05T07:00:00Z,2026-08-05T09:00:00+0200,177.44,EUR/MWh,FR,FR,imbalance_price,Long,2026-08-05T12:06:18Z
2026-08-05T12:02:33Z,2026-08-05T14:02:33+0200,a602df8b-e77d-453c-80cb-eeacd1e89d3b,2026-08-05T07:00:00Z,2026-08-05T09:00:00+0200,197.58,EUR/MWh,FR,FR,imbalance_price,Short,2026-08-05T12:06:18Z
2026-08-05T12:02:33Z,2026-08-05T14:02:33+0200,a602df8b-e77d-453c-80cb-eeacd1e89d3b,2026-08-05T07:15:00Z,2026-08-05T09:15:00+0200,149.33,EUR/MWh,FR,FR,imbalance_price,Long,2026-08-05T12:06:18Z
2026-08-05T12:02:33Z,2026-08-05T14:02:33+0200,a602df8b-e77d-453c-80cb-eeacd1e89d3b,2026-08-05T07:15:00Z,2026-08-05T09:15:00+0200,166.27,EUR/MWh,FR,FR,imbalance_price,Short,2026-08-05T12:06:18Z
2026-08-05T12:02:33Z,2026-08-05T14:02:33+0200,a602df8b-e77d-453c-80cb-eeacd1e89d3b,2026-08-05T07:30:00Z,2026-08-05T09:30:00+0200,159.17,EUR/MWh,FR,FR,imbalance_price,Long,2026-08-05T12:06:18Z
2026-08-05T12:02:33Z,2026-08-05T14:02:33+0200,a602df8b-e77d-453c-80cb-eeacd1e89d3b,2026-08-05T07:30:00Z,2026-08-05T09:30:00+0200,177.23,EUR/MWh,FR,FR,imbalance_price,Short,2026-08-05T12:06:18Z
2026-08-05T12:02:33Z,2026-08-05T14:02:33+0200,a602df8b-e77d-453c-80cb-eeacd1e89d3b,2026-08-05T07:45:00Z,2026-08-05T09:45:00+0200,178.82,EUR/MWh,FR,FR,imbalance_price,Long,2026-08-05T12:06:18Z
2026-08-05T12:02:33Z,2026-08-05T14:02:33+0200,a602df8b-e77d-453c-80cb-eeacd1e89d3b,2026-08-05T07:45:00Z,2026-08-05T09:45:00+0200,199.12,EUR/MWh,FR,FR,imbalance_price,Short,2026-08-05T12:06:18Z
2026-08-05T12:02:33Z,2026-08-05T14:02:33+0200,a602df8b-e77d-453c-80cb-eeacd1e89d3b,2026-08-05T08:00:00Z,2026-08-05T10:00:00+0200,95.17,EUR/MWh,FR,FR,imbalance_price,Long,2026-08-05T12:06:18Z
2026-08-05T12:02:33Z,2026-08-05T14:02:33+0200,a602df8b-e77d-453c-80cb-eeacd1e89d3b,2026-08-05T08:00:00Z,2026-08-05T10:00:00+0200,105.97,EUR/MWh,FR,FR,imbalance_price,Short,2026-08-05T12:06:18Z
2026-08-05T12:02:33Z,2026-08-05T14:02:33+0200,a602df8b-e77d-453c-80cb-eeacd1e89d3b,2026-08-05T08:15:00Z,2026-08-05T10:15:00+0200,-18.02,EUR/MWh,FR,FR,imbalance_price,Long,2026-08-05T12:06:18Z
2026-08-05T12:02:33Z,2026-08-05T14:02:33+0200,a602df8b-e77d-453c-80cb-eeacd1e89d3b,2026-08-05T08:15:00Z,2026-08-05T10:15:00+0200,-16.18,EUR/MWh,FR,FR,imbalance_price,Short,2026-08-05T12:06:18Z
2026-08-05T12:02:33Z,2026-08-05T14:02:33+0200,a602df8b-e77d-453c-80cb-eeacd1e89d3b,2026-08-05T08:30:00Z,2026-08-05T10:30:00+0200,-2.56,EUR/MWh,FR,FR,imbalance_price,Long,2026-08-05T12:06:18Z
2026-08-05T12:02:33Z,2026-08-05T14:02:33+0200,a602df8b-e77d-453c-80cb-eeacd1e89d3b,2026-08-05T08:30:00Z,2026-08-05T10:30:00+0200,-2.3,EUR/MWh,FR,FR,imbalance_price,Short,2026-08-05T12:06:18Z
2026-08-05T12:02:33Z,2026-08-05T14:02:33+0200,a602df8b-e77d-453c-80cb-eeacd1e89d3b,2026-08-05T08:45:00Z,2026-08-05T10:45:00+0200,-17.62,EUR/MWh,FR,FR,imbalance_price,Long,2026-08-05T12:06:18Z
2026-08-05T12:02:33Z,2026-08-05T14:02:33+0200,a602df8b-e77d-453c-80cb-eeacd1e89d3b,2026-08-05T08:45:00Z,2026-08-05T10:45:00+0200,-15.82,EUR/MWh,FR,FR,imbalance_price,Short,2026-08-05T12:06:18Z
2026-08-05T12:02:33Z,2026-08-05T14:02:33+0200,a602df8b-e77d-453c-80cb-eeacd1e89d3b,2026-08-05T09:00:00Z,2026-08-05T11:00:00+0200,-13.97,EUR/MWh,FR,FR,imbalance_price,Long,2026-08-05T12:06:18Z
2026-08-05T12:02:33Z,2026-08-05T14:02:33+0200,a602df8b-e77d-453c-80cb-eeacd1e89d3b,2026-08-05T09:00:00Z,2026-08-05T11:00:00+0200,-12.55,EUR/MWh,FR,FR,imbalance_price,Short,2026-08-05T12:06:18Z
2026-08-05T12:02:33Z,2026-08-05T14:02:33+0200,a602df8b-e77d-453c-80cb-eeacd1e89d3b,2026-08-05T09:15:00Z,2026-08-05T11:15:00+0200,-11.05,EUR/MWh,FR,FR,imbalance_price,Long,2026-08-05T12:06:18Z
2026-08-05T12:02:33Z,2026-08-05T14:02:33+0200,a602df8b-e77d-453c-80cb-eeacd1e89d3b,2026-08-05T09:15:00Z,2026-08-05T11:15:00+0200,-9.93,EUR/MWh,FR,FR,imbalance_price,Short,2026-08-05T12:06:18Z
2026-08-05T12:02:33Z,2026-08-05T14:02:33+0200,a602df8b-e77d-453c-80cb-eeacd1e89d3b,2026-08-05T09:30:00Z,2026-08-05T11:30:00+0200,-6.37,EUR/MWh,FR,FR,imbalance_price,Long,2026-08-05T12:06:18Z
2026-08-05T12:02:33Z,2026-08-05T14:02:33+0200,a602df8b-e77d-453c-80cb-eeacd1e89d3b,2026-08-05T09:30:00Z,2026-08-05T11:30:00+0200,-5.73,EUR/MWh,FR,FR,imbalance_price,Short,2026-08-05T12:06:18Z
2026-08-05T12:02:33Z,2026-08-05T14:02:33+0200,a602df8b-e77d-453c-80cb-eeacd1e89d3b,2026-08-05T09:45:00Z,2026-08-05T11:45:00+0200,-19.77,EUR/MWh,FR,FR,imbalance_price,Long,2026-08-05T12:06:18Z
2026-08-05T12:02:33Z,2026-08-05T14:02:33+0200,a602df8b-e77d-453c-80cb-eeacd1e89d3b,2026-08-05T09:45:00Z,2026-08-05T11:45:00+0200,-17.75,EUR/MWh,FR,FR,imbalance_price,Short,2026-08-05T12:06:18Z
2026-08-05T12:02:33Z,2026-08-05T14:02:33+0200,a602df8b-e77d-453c-80cb-eeacd1e89d3b,2026-08-05T10:00:00Z,2026-08-05T12:00:00+0200,-21.35,EUR/MWh,FR,FR,imbalance_price,Long,2026-08-05T12:06:18Z
2026-08-05T12:02:33Z,2026-08-05T14:02:33+0200,a602df8b-e77d-453c-80cb-eeacd1e89d3b,2026-08-05T10:00:00Z,2026-08-05T12:00:00+0200,-19.17,EUR/MWh,FR,FR,imbalance_price,Short,2026-08-05T12:06:18Z
2026-08-05T12:02:33Z,2026-08-05T14:02:33+0200,a602df8b-e77d-453c-80cb-eeacd1e89d3b,2026-08-05T10:15:00Z,2026-08-05T12:15:00+0200,-22.16,EUR/MWh,FR,FR,imbalance_price,Long,2026-08-05T12:06:18Z
2026-08-05T12:02:33Z,2026-08-05T14:02:33+0200,a602df8b-e77d-453c-80cb-eeacd1e89d3b,2026-08-05T10:15:00Z,2026-08-05T12:15:00+0200,-19.9,EUR/MWh,FR,FR,imbalance_price,Short,2026-08-05T12:06:18Z
2026-08-05T12:02:33Z,2026-08-05T14:02:33+0200,a602df8b-e77d-453c-80cb-eeacd1e89d3b,2026-08-05T10:30:00Z,2026-08-05T12:30:00+0200,-21.79,EUR/MWh,FR,FR,imbalance_price,Long,2026-08-05T12:06:18Z
2026-08-05T12:02:33Z,2026-08-05T14:02:33+0200,a602df8b-e77d-453c-80cb-eeacd1e89d3b,2026-08-05T10:30:00Z,2026-08-05T12:30:00+0200,-19.57,EUR/MWh,FR,FR,imbalance_price,Short,2026-08-05T12:06:18Z
2026-08-05T12:02:33Z,2026-08-05T14:02:33+0200,a602df8b-e77d-453c-80cb-eeacd1e89d3b,2026-08-05T10:45:00Z,2026-08-05T12:45:00+0200,-20.23,EUR/MWh,FR,FR,imbalance_price,Long,2026-08-05T12:06:18Z
2026-08-05T12:02:33Z,2026-08-05T14:02:33+0200,a602df8b-e77d-453c-80cb-eeacd1e89d3b,2026-08-05T10:45:00Z,2026-08-05T12:45:00+0200,-18.17,EUR/MWh,FR,FR,imbalance_price,Short,2026-08-05T12:06:18Z
2026-08-05T12:02:33Z,2026-08-05T14:02:33+0200,a602df8b-e77d-453c-80cb-eeacd1e89d3b,2026-08-05T11:00:00Z,2026-08-05T13:00:00+0200,-21.32,EUR/MWh,FR,FR,imbalance_price,Long,2026-08-05T12:06:18Z
2026-08-05T12:02:33Z,2026-08-05T14:02:33+0200,a602df8b-e77d-453c-80cb-eeacd1e89d3b,2026-08-05T11:00:00Z,2026-08-05T13:00:00+0200,-19.14,EUR/MWh,FR,FR,imbalance_price,Short,2026-08-05T12:06:18Z
2026-08-05T12:02:33Z,2026-08-05T14:02:33+0200,a602df8b-e77d-453c-80cb-eeacd1e89d3b,2026-08-05T11:15:00Z,2026-08-05T13:15:00+0200,-21.32,EUR/MWh,FR,FR,imbalance_price,Long,2026-08-05T12:06:18Z
2026-08-05T12:02:33Z,2026-08-05T14:02:33+0200,a602df8b-e77d-453c-80cb-eeacd1e89d3b,2026-08-05T11:15:00Z,2026-08-05T13:15:00+0200,-19.14,EUR/MWh,FR,FR,imbalance_price,Short,2026-08-05T12:06:18Z
2026-08-05T12:02:33Z,2026-08-05T14:02:33+0200,a602df8b-e77d-453c-80cb-eeacd1e89d3b,2026-08-05T11:30:00Z,2026-08-05T13:30:00+0200,-21.32,EUR/MWh,FR,FR,imbalance_price,Long,2026-08-05T12:06:18Z
2026-08-05T12:02:33Z,2026-08-05T14:02:33+0200,a602df8b-e77d-453c-80cb-eeacd1e89d3b,2026-08-05T11:30:00Z,2026-08-05T13:30:00+0200,-19.14,EUR/MWh,FR,FR,imbalance_price,Short,2026-08-05T12:06:18Z
