collection_time_utc,collection_time_local,run_id,timestamp_utc,timestamp_local,value,unit,country,entsoe_area,variable,source,updated_at_utc
2026-08-16T07:18:28Z,2026-08-16T09:18:28+0200,aaa9bd4d-7504-4e17-a444-f570127b5d4f,2026-07-16T08:00:00Z,2026-07-16T10:00:00+0200,10977.516,MW,NL,NL,forecast_load,Forecasted Load,2026-08-16T07:22:13Z
2026-08-16T07:18:28Z,2026-08-16T09:18:28+0200,aaa9bd4d-7504-4e17-a444-f570127b5d4f,2026-07-16T08:15:00Z,2026-07-16T10:15:00+0200,10856.925,MW,NL,NL,forecast_load,Forecasted Load,2026-08-16T07:22:13Z
2026-08-16T07:18:28Z,2026-08-16T09:18:28+0200,aaa9bd4d-7504-4e17-a444-f570127b5d4f,2026-07-16T08:30:00Z,2026-07-16T10:30:00+0200,10788.127,MW,NL,NL,forecast_load,Forecasted Load,2026-08-16T07:22:13Z
2026-08-16T07:18:28Z,2026-08-16T09:18:28+0200,aaa9bd4d-7504-4e17-a444-f570127b5d4f,2026-07-16T08:45:00Z,2026-07-16T10:45:00+0200,10864.116,MW,NL,NL,forecast_load,Forecasted Load,2026-08-16T07:22:13Z
2026-08-16T07:18:28Z,2026-08-16T09:18:28+0200,aaa9bd4d-7504-4e17-a444-f570127b5d4f,2026-07-16T09:00:00Z,2026-07-16T11:00:00+0200,10851.705,MW,NL,NL,forecast_load,Forecasted Load,2026-08-16T07:22:13Z
2026-08-16T07:18:28Z,2026-08-16T09:18:28+0200,aaa9bd4d-7504-4e17-a444-f570127b5d4f,2026-07-16T09:15:00Z,2026-07-16T11:15:00+0200,11027.348,MW,NL,NL,forecast_load,Forecasted Load,2026-08-16T07:22:13Z
2026-08-16T07:18:28Z,2026-08-16T09:18:28+0200,aaa9bd4d-7504-4e17-a444-f570127b5d4f,2026-07-16T09:30:00Z,2026-07-16T11:30:00+0200,11032.354,MW,NL,NL,forecast_load,Forecasted Load,2026-08-16T07:22:13Z
2026-08-16T07:18:28Z,2026-08-16T09:18:28+0200,aaa9bd4d-7504-4e17-a444-f570127b5d4f,2026-07-16T09:45:00Z,2026-07-16T11:45:00+0200,11095.619,MW,NL,NL,forecast_load,Forecasted Load,2026-08-16T07:22:13Z
2026-08-16T07:18:28Z,2026-08-16T09:18:28+0200,aaa9bd4d-7504-4e17-a444-f570127b5d4f,2026-07-16T10:00:00Z,2026-07-16T12:00:00+0200,11010.007,MW,NL,NL,forecast_load,Forecasted Load,2026-08-16T07:22:13Z
2026-08-16T07:18:28Z,2026-08-16T09:18:28+0200,aaa9bd4d-7504-4e17-a444-f570127b5d4f,2026-07-16T10:15:00Z,2026-07-16T12:15:00+0200,11056.502,MW,NL,NL,forecast_load,Forecasted Load,2026-08-16T07:22:13Z
2026-08-16T07:18:28Z,2026-08-16T09:18:28+0200,aaa9bd4d-7504-4e17-a444-f570127b5d4f,2026-07-16T10:30:00Z,2026-07-16T12:30:00+0200,10926.575,MW,NL,NL,forecast_load,Forecasted Load,2026-08-16T07:22:13Z
2026-08-16T07:18:28Z,2026-08-16T09:18:28+0200,aaa9bd4d-7504-4e17-a444-f570127b5d4f,2026-07-16T10:45:00Z,2026-07-16T12:45:00+0200,10727.67,MW,NL,NL,forecast_load,Forecasted Load,2026-08-16T07:22:13Z
2026-08-16T07:18:28Z,2026-08-16T09:18:28+0200,aaa9bd4d-7504-4e17-a444-f570127b5d4f,2026-07-16T11:00:00Z,2026-07-16T13:00:00+0200,10601.615,MW,NL,NL,forecast_load,Forecasted Load,2026-08-16T07:22:13Z
2026-08-16T07:18:28Z,2026-08-16T09:18:28+0200,aaa9bd4d-7504-4e17-a444-f570127b5d4f,2026-07-16T11:15:00Z,2026-07-16T13:15:00+0200,10580.041,MW,NL,NL,forecast_load,Forecasted Load,2026-08-16T07:22:13Z
2026-08-16T07:18:28Z,2026-08-16T09:18:28+0200,aaa9bd4d-7504-4e17-a444-f570127b5d4f,2026-07-16T11:30:00Z,2026-07-16T13:30:00+0200,10257.934,MW,NL,NL,forecast_load,Forecasted Load,2026-08-16T07:22:13Z
2026-08-16T07:18:28Z,2026-08-16T09:18:28+0200,aaa9bd4d-7504-4e17-a444-f570127b5d4f,2026-07-16T11:45:00Z,2026-07-16T13:45:00+0200,10192.507,MW,NL,NL,forecast_load,Forecasted Load,2026-08-16T07:22:13Z
2026-08-16T07:18:28Z,2026-08-16T09:18:28+0200,aaa9bd4d-7504-4e17-a444-f570127b5d4f,2026-07-16T12:00:00Z,2026-07-16T14:00:00+0200,10039.921,MW,NL,NL,forecast_load,Forecasted Load,2026-08-16T07:22:13Z
2026-08-16T07:18:28Z,2026-08-16T09:18:28+0200,aaa9bd4d-7504-4e17-a444-f570127b5d4f,2026-07-16T12:15:00Z,2026-07-16T14:15:00+0200,9847.069,MW,NL,NL,forecast_load,Forecasted Load,2026-08-16T07:22:13Z
2026-08-16T07:18:28Z,2026-08-16T09:18:28+0200,aaa9bd4d-7504-4e17-a444-f570127b5d4f,2026-07-16T12:30:00Z,2026-07-16T14:30:00+0200,9601.802,MW,NL,NL,forecast_load,Forecasted Load,2026-08-16T07:22:13Z
2026-08-16T07:18:28Z,2026-08-16T09:18:28+0200,aaa9bd4d-7504-4e17-a444-f570127b5d4f,2026-07-16T12:45:00Z,2026-07-16T14:45:00+0200,9444.221,MW,NL,NL,forecast_load,Forecasted Load,2026-08-16T07:22:13Z
2026-08-16T07:18:28Z,2026-08-16T09:18:28+0200,aaa9bd4d-7504-4e17-a444-f570127b5d4f,2026-07-16T13:00:00Z,2026-07-16T15:00:00+0200,9175.066,MW,NL,NL,forecast_load,Forecasted Load,2026-08-16T07:22:13Z
2026-08-16T07:18:28Z,2026-08-16T09:18:28+0200,aaa9bd4d-7504-4e17-a444-f570127b5d4f,2026-07-16T13:15:00Z,2026-07-16T15:15:00+0200,9095.357,MW,NL,NL,forecast_load,Forecasted Load,2026-08-16T07:22:13Z
2026-08-16T07:18:28Z,2026-08-16T09:18:28+0200,aaa9bd4d-7504-4e17-a444-f570127b5d4f,2026-07-16T13:30:00Z,2026-07-16T15:30:00+0200,9079.464,MW,NL,NL,forecast_load,Forecasted Load,2026-08-16T07:22:13Z
2026-08-16T07:18:28Z,2026-08-16T09:18:28+0200,aaa9bd4d-7504-4e17-a444-f570127b5d4f,2026-07-16T13:45:00Z,2026-07-16T15:45:00+0200,8924.059,MW,NL,NL,forecast_load,Forecasted Load,2026-08-16T07:22:13Z
2026-08-16T07:18:28Z,2026-08-16T09:18:28+0200,aaa9bd4d-7504-4e17-a444-f570127b5d4f,2026-07-16T14:00:00Z,2026-07-16T16:00:00+0200,8634.319,MW,NL,NL,forecast_load,Forecasted Load,2026-08-16T07:22:13Z
2026-08-16T07:18:28Z,2026-08-16T09:18:28+0200,aaa9bd4d-7504-4e17-a444-f570127b5d4f,2026-07-16T14:15:00Z,2026-07-16T16:15:00+0200,8566.602,MW,NL,NL,forecast_load,Forecasted Load,2026-08-16T07:22:13Z
2026-08-16T07:18:28Z,2026-08-16T09:18:28+0200,aaa9bd4d-7504-4e17-a444-f570127b5d4f,2026-07-16T14:30:00Z,2026-07-16T16:30:00+0200,8701.089,MW,NL,NL,forecast_load,Forecasted Load,2026-08-16T07:22:13Z
2026-08-16T07:18:28Z,2026-08-16T09:18:28+0200,aaa9bd4d-7504-4e17-a444-f570127b5d4f,2026-07-16T14:45:00Z,2026-07-16T16:45:00+0200,8780.134,MW,NL,NL,forecast_load,Forecasted Load,2026-08-16T07:22:13Z
2026-08-16T07:18:28Z,2026-08-16T09:18:28+0200,aaa9bd4d-7504-4e17-a444-f570127b5d4f,2026-07-16T15:00:00Z,2026-07-16T17:00:00+0200,8962.782,MW,NL,NL,forecast_load,Forecasted Load,2026-08-16T07:22:13Z
2026-08-16T07:18:28Z,2026-08-16T09:18:28+0200,aaa9bd4d-7504-4e17-a444-f570127b5d4f,2026-07-16T15:15:00Z,2026-07-16T17:15:00+0200,9366.952,MW,NL,NL,forecast_load,Forecasted Load,2026-08-16T07:22:13Z
2026-08-16T07:18:28Z,2026-08-16T09:18:28+0200,aaa9bd4d-7504-4e17-a444-f570127b5d4f,2026-07-16T15:30:00Z,2026-07-16T17:30:00+0200,9652.061,MW,NL,NL,forecast_load,Forecasted Load,2026-08-16T07:22:13Z
2026-08-16T07:18:28Z,2026-08-16T09:18:28+0200,aaa9bd4d-7504-4e17-a444-f570127b5d4f,2026-07-16T15:45:00Z,2026-07-16T17:45:00+0200,9920.48,MW,NL,NL,forecast_load,Forecasted Load,2026-08-16T07:22:13Z
2026-08-16T07:18:28Z,2026-08-16T09:18:28+0200,aaa9bd4d-7504-4e17-a444-f570127b5d4f,2026-07-16T16:00:00Z,2026-07-16T18:00:00+0200,10160.644,MW,NL,NL,forecast_load,Forecasted Load,2026-08-16T07:22:13Z
2026-08-16T07:18:28Z,2026-08-16T09:18:28+0200,aaa9bd4d-7504-4e17-a444-f570127b5d4f,2026-07-16T16:15:00Z,2026-07-16T18:15:00+0200,10485.767,MW,NL,NL,forecast_load,Forecasted Load,2026-08-16T07:22:13Z
2026-08-16T07:18:28Z,2026-08-16T09:18:28+0200,aaa9bd4d-7504-4e17-a444-f570127b5d4f,2026-07-16T16:30:00Z,2026-07-16T18:30:00+0200,10652.975,MW,NL,NL,forecast_load,Forecasted Load,2026-08-16T07:22:13Z
2026-08-16T07:18:28Z,2026-08-16T09:18:28+0200,aaa9bd4d-7504-4e17-a444-f570127b5d4f,2026-07-16T16:45:00Z,2026-07-16T18:45:00+0200,10937.38,MW,NL,NL,forecast_load,Forecasted Load,2026-08-16T07:22:13Z
2026-08-16T07:18:28Z,2026-08-16T09:18:28+0200,aaa9bd4d-7504-4e17-a444-f570127b5d4f,2026-07-16T17:00:00Z,2026-07-16T19:00:00+0200,11065.462,MW,NL,NL,forecast_load,Forecasted Load,2026-08-16T07:22:13Z
2026-08-16T07:18:28Z,2026-08-16T09:18:28+0200,aaa9bd4d-7504-4e17-a444-f570127b5d4f,2026-07-16T17:15:00Z,2026-07-16T19:15:00+0200,11329.157,MW,NL,NL,forecast_load,Forecasted Load,2026-08-16T07:22:13Z
2026-08-16T07:18:28Z,2026-08-16T09:18:28+0200,aaa9bd4d-7504-4e17-a444-f570127b5d4f,2026-07-16T17:30:00Z,2026-07-16T19:30:00+0200,11593.454,MW,NL,NL,forecast_load,Forecasted Load,2026-08-16T07:22:13Z
2026-08-16T07:18:28Z,2026-08-16T09:18:28+0200,aaa9bd4d-7504-4e17-a444-f570127b5d4f,2026-07-16T17:45:00Z,2026-07-16T19:45:00+0200,11846.828,MW,NL,NL,forecast_load,Forecasted Load,2026-08-16T07:22:13Z
2026-08-16T07:18:28Z,2026-08-16T09:18:28+0200,aaa9bd4d-7504-4e17-a444-f570127b5d4f,2026-07-16T18:00:00Z,2026-07-16T20:00:00+0200,11967.961,MW,NL,NL,forecast_load,Forecasted Load,2026-08-16T07:22:13Z
2026-08-16T07:18:28Z,2026-08-16T09:18:28+0200,aaa9bd4d-7504-4e17-a444-f570127b5d4f,2026-07-16T18:15:00Z,2026-07-16T20:15:00+0200,12319.517,MW,NL,NL,forecast_load,Forecasted Load,2026-08-16T07:22:13Z
2026-08-16T07:18:28Z,2026-08-16T09:18:28+0200,aaa9bd4d-7504-4e17-a444-f570127b5d4f,2026-07-16T18:30:00Z,2026-07-16T20:30:00+0200,12563.165,MW,NL,NL,forecast_load,Forecasted Load,2026-08-16T07:22:13Z
2026-08-16T07:18:28Z,2026-08-16T09:18:28+0200,aaa9bd4d-7504-4e17-a444-f570127b5d4f,2026-07-16T18:45:00Z,2026-07-16T20:45:00+0200,12637.952,MW,NL,NL,forecast_load,Forecasted Load,2026-08-16T07:22:13Z
2026-08-16T07:18:28Z,2026-08-16T09:18:28+0200,aaa9bd4d-7504-4e17-a444-f570127b5d4f,2026-07-16T19:00:00Z,2026-07-16T21:00:00+0200,12838.825,MW,NL,NL,forecast_load,Forecasted Load,2026-08-16T07:22:13Z
2026-08-16T07:18:28Z,2026-08-16T09:18:28+0200,aaa9bd4d-7504-4e17-a444-f570127b5d4f,2026-07-16T19:15:00Z,2026-07-16T21:15:00+0200,13016.335,MW,NL,NL,forecast_load,Forecasted Load,2026-08-16T07:22:13Z
2026-08-16T07:18:28Z,2026-08-16T09:18:28+0200,aaa9bd4d-7504-4e17-a444-f570127b5d4f,2026-07-16T19:30:00Z,2026-07-16T21:30:00+0200,13121.861,MW,NL,NL,forecast_load,Forecasted Load,2026-08-16T07:22:13Z
2026-08-16T07:18:28Z,2026-08-16T09:18:28+0200,aaa9bd4d-7504-4e17-a444-f570127b5d4f,2026-07-16T19:45:00Z,2026-07-16T21:45:00+0200,13222.194,MW,NL,NL,forecast_load,Forecasted Load,2026-08-16T07:22:13Z
2026-08-16T07:18:28Z,2026-08-16T09:18:28+0200,aaa9bd4d-7504-4e17-a444-f570127b5d4f,2026-07-16T20:00:00Z,2026-07-16T22:00:00+0200,13359.175,MW,NL,NL,forecast_load,Forecasted Load,2026-08-16T07:22:13Z
2026-08-16T07:18:28Z,2026-08-16T09:18:28+0200,aaa9bd4d-7504-4e17-a444-f570127b5d4f,2026-07-16T20:15:00Z,2026-07-16T22:15:00+0200,13305.936,MW,NL,NL,forecast_load,Forecasted Load,2026-08-16T07:22:13Z
2026-08-16T07:18:28Z,2026-08-16T09:18:28+0200,aaa9bd4d-7504-4e17-a444-f570127b5d4f,2026-07-16T20:30:00Z,2026-07-16T22:30:00+0200,13295.92,MW,NL,NL,forecast_load,Forecasted Load,2026-08-16T07:22:13Z
2026-08-16T07:18:28Z,2026-08-16T09:18:28+0200,aaa9bd4d-7504-4e17-a444-f570127b5d4f,2026-07-16T20:45:00Z,2026-07-16T22:45:00+0200,13270.011,MW,NL,NL,forecast_load,Forecasted Load,2026-08-16T07:22:13Z
2026-08-16T07:18:28Z,2026-08-16T09:18:28+0200,aaa9bd4d-7504-4e17-a444-f570127b5d4f,2026-07-16T21:00:00Z,2026-07-16T23:00:00+0200,13201.122,MW,NL,NL,forecast_load,Forecasted Load,2026-08-16T07:22:13Z
2026-08-16T07:18:28Z,2026-08-16T09:18:28+0200,aaa9bd4d-7504-4e17-a444-f570127b5d4f,2026-07-16T21:15:00Z,2026-07-16T23:15:00+0200,13125.083,MW,NL,NL,forecast_load,Forecasted Load,2026-08-16T07:22:13Z
2026-08-16T07:18:28Z,2026-08-16T09:18:28+0200,aaa9bd4d-7504-4e17-a444-f570127b5d4f,2026-07-16T21:30:00Z,2026-07-16T23:30:00+0200,12977.668,MW,NL,NL,forecast_load,Forecasted Load,2026-08-16T07:22:13Z
2026-08-16T07:18:28Z,2026-08-16T09:18:28+0200,aaa9bd4d-7504-4e17-a444-f570127b5d4f,2026-07-16T21:45:00Z,2026-07-16T23:45:00+0200,12881.55,MW,NL,NL,forecast_load,Forecasted Load,2026-08-16T07:22:13Z
2026-08-16T07:18:28Z,2026-08-16T09:18:28+0200,aaa9bd4d-7504-4e17-a444-f570127b5d4f,2026-07-16T22:00:00Z,2026-07-17T00:00:00+0200,12758.63,MW,NL,NL,forecast_load,Forecasted Load,2026-08-16T07:22:13Z
2026-08-16T07:18:28Z,2026-08-16T09:18:28+0200,aaa9bd4d-7504-4e17-a444-f570127b5d4f,2026-07-16T22:15:00Z,2026-07-17T00:15:00+0200,12641.428,MW,NL,NL,forecast_load,Forecasted Load,2026-08-16T07:22:13Z
2026-08-16T07:18:28Z,2026-08-16T09:18:28+0200,aaa9bd4d-7504-4e17-a444-f570127b5d4f,2026-07-16T22:30:00Z,2026-07-17T00:30:00+0200,12409.49,MW,NL,NL,forecast_load,Forecasted Load,2026-08-16T07:22:13Z
2026-08-16T07:18:28Z,2026-08-16T09:18:28+0200,aaa9bd4d-7504-4e17-a444-f570127b5d4f,2026-07-16T22:45:00Z,2026-07-17T00:45:00+0200,12303.161,MW,NL,NL,forecast_load,Forecasted Load,2026-08-16T07:22:13Z
2026-08-16T07:18:28Z,2026-08-16T09:18:28+0200,aaa9bd4d-7504-4e17-a444-f570127b5d4f,2026-07-16T23:00:00Z,2026-07-17T01:00:00+0200,12261.275,MW,NL,NL,forecast_load,Forecasted Load,2026-08-16T07:22:13Z
2026-08-16T07:18:28Z,2026-08-16T09:18:28+0200,aaa9bd4d-7504-4e17-a444-f570127b5d4f,2026-07-16T23:15:00Z,2026-07-17T01:15:00+0200,12198.472,MW,NL,NL,forecast_load,Forecasted Load,2026-08-16T07:22:13Z
2026-08-16T07:18:28Z,2026-08-16T09:18:28+0200,aaa9bd4d-7504-4e17-a444-f570127b5d4f,2026-07-16T23:30:00Z,2026-07-17T01:30:00+0200,12113.957,MW,NL,NL,forecast_load,Forecasted Load,2026-08-16T07:22:13Z
2026-08-16T07:18:28Z,2026-08-16T09:18:28+0200,aaa9bd4d-7504-4e17-a444-f570127b5d4f,2026-07-16T23:45:00Z,2026-07-17T01:45:00+0200,12046.144,MW,NL,NL,forecast_load,Forecasted Load,2026-08-16T07:22:13Z
2026-08-16T07:18:28Z,2026-08-16T09:18:28+0200,aaa9bd4d-7504-4e17-a444-f570127b5d4f,2026-07-17T00:00:00Z,2026-07-17T02:00:00+0200,11986.63,MW,NL,NL,forecast_load,Forecasted Load,2026-08-16T07:22:13Z
2026-08-16T07:18:28Z,2026-08-16T09:18:28+0200,aaa9bd4d-7504-4e17-a444-f570127b5d4f,2026-07-17T00:15:00Z,2026-07-17T02:15:00+0200,12030.312,MW,NL,NL,forecast_load,Forecasted Load,2026-08-16T07:22:13Z
2026-08-16T07:18:28Z,2026-08-16T09:18:28+0200,aaa9bd4d-7504-4e17-a444-f570127b5d4f,2026-07-17T00:30:00Z,2026-07-17T02:30:00+0200,11932.987,MW,NL,NL,forecast_load,Forecasted Load,2026-08-16T07:22:13Z
2026-08-16T07:18:28Z,2026-08-16T09:18:28+0200,aaa9bd4d-7504-4e17-a444-f570127b5d4f,2026-07-17T00:45:00Z,2026-07-17T02:45:00+0200,11818.735,MW,NL,NL,forecast_load,Forecasted Load,2026-08-16T07:22:13Z
2026-08-16T07:18:28Z,2026-08-16T09:18:28+0200,aaa9bd4d-7504-4e17-a444-f570127b5d4f,2026-07-17T01:00:00Z,2026-07-17T03:00:00+0200,11837.324,MW,NL,NL,forecast_load,Forecasted Load,2026-08-16T07:22:13Z
2026-08-16T07:18:28Z,2026-08-16T09:18:28+0200,aaa9bd4d-7504-4e17-a444-f570127b5d4f,2026-07-17T01:15:00Z,2026-07-17T03:15:00+0200,11802.319,MW,NL,NL,forecast_load,Forecasted Load,2026-08-16T07:22:13Z
2026-08-16T07:18:28Z,2026-08-16T09:18:28+0200,aaa9bd4d-7504-4e17-a444-f570127b5d4f,2026-07-17T01:30:00Z,2026-07-17T03:30:00+0200,11789.957,MW,NL,NL,forecast_load,Forecasted Load,2026-08-16T07:22:13Z
2026-08-16T07:18:28Z,2026-08-16T09:18:28+0200,aaa9bd4d-7504-4e17-a444-f570127b5d4f,2026-07-17T01:45:00Z,2026-07-17T03:45:00+0200,11798.859,MW,NL,NL,forecast_load,Forecasted Load,2026-08-16T07:22:13Z
2026-08-16T07:18:28Z,2026-08-16T09:18:28+0200,aaa9bd4d-7504-4e17-a444-f570127b5d4f,2026-07-17T02:00:00Z,2026-07-17T04:00:00+0200,11825.842,MW,NL,NL,forecast_load,Forecasted Load,2026-08-16T07:22:13Z
2026-08-16T07:18:28Z,2026-08-16T09:18:28+0200,aaa9bd4d-7504-4e17-a444-f570127b5d4f,2026-07-17T02:15:00Z,2026-07-17T04:15:00+0200,11705.149,MW,NL,NL,forecast_load,Forecasted Load,2026-08-16T07:22:13Z
2026-08-16T07:18:28Z,2026-08-16T09:18:28+0200,aaa9bd4d-7504-4e17-a444-f570127b5d4f,2026-07-17T02:30:00Z,2026-07-17T04:30:00+0200,11671.709,MW,NL,NL,forecast_load,Forecasted Load,2026-08-16T07:22:13Z
2026-08-16T07:18:28Z,2026-08-16T09:18:28+0200,aaa9bd4d-7504-4e17-a444-f570127b5d4f,2026-07-17T02:45:00Z,2026-07-17T04:45:00+0200,11626.515,MW,NL,NL,forecast_load,Forecasted Load,2026-08-16T07:22:13Z
2026-08-16T07:18:28Z,2026-08-16T09:18:28+0200,aaa9bd4d-7504-4e17-a444-f570127b5d4f,2026-07-17T03:00:00Z,2026-07-17T05:00:00+0200,11575.924,MW,NL,NL,forecast_load,Forecasted Load,2026-08-16T07:22:13Z
2026-08-16T07:18:28Z,2026-08-16T09:18:28+0200,aaa9bd4d-7504-4e17-a444-f570127b5d4f,2026-07-17T03:15:00Z,2026-07-17T05:15:00+0200,11600.959,MW,NL,NL,forecast_load,Forecasted Load,2026-08-16T07:22:13Z
2026-08-16T07:18:28Z,2026-08-16T09:18:28+0200,aaa9bd4d-7504-4e17-a444-f570127b5d4f,2026-07-17T03:30:00Z,2026-07-17T05:30:00+0200,11600.882,MW,NL,NL,forecast_load,Forecasted Load,2026-08-16T07:22:13Z
2026-08-16T07:18:28Z,2026-08-16T09:18:28+0200,aaa9bd4d-7504-4e17-a444-f570127b5d4f,2026-07-17T03:45:00Z,2026-07-17T05:45:00+0200,11581.541,MW,NL,NL,forecast_load,Forecasted Load,2026-08-16T07:22:13Z
2026-08-16T07:18:28Z,2026-08-16T09:18:28+0200,aaa9bd4d-7504-4e17-a444-f570127b5d4f,2026-07-17T04:00:00Z,2026-07-17T06:00:00+0200,11535.128,MW,NL,NL,forecast_load,Forecasted Load,2026-08-16T07:22:13Z
2026-08-16T07:18:28Z,2026-08-16T09:18:28+0200,aaa9bd4d-7504-4e17-a444-f570127b5d4f,2026-07-17T04:15:00Z,2026-07-17T06:15:00+0200,11525.424,MW,NL,NL,forecast_load,Forecasted Load,2026-08-16T07:22:13Z
2026-08-16T07:18:28Z,2026-08-16T09:18:28+0200,aaa9bd4d-7504-4e17-a444-f570127b5d4f,2026-07-17T04:30:00Z,2026-07-17T06:30:00+0200,11485.115,MW,NL,NL,forecast_load,Forecasted Load,2026-08-16T07:22:13Z
2026-08-16T07:18:28Z,2026-08-16T09:18:28+0200,aaa9bd4d-7504-4e17-a444-f570127b5d4f,2026-07-17T04:45:00Z,2026-07-17T06:45:00+0200,11518.207,MW,NL,NL,forecast_load,Forecasted Load,2026-08-16T07:22:13Z
2026-08-16T07:18:28Z,2026-08-16T09:18:28+0200,aaa9bd4d-7504-4e17-a444-f570127b5d4f,2026-07-17T05:00:00Z,2026-07-17T07:00:00+0200,11490.047,MW,NL,NL,forecast_load,Forecasted Load,2026-08-16T07:22:13Z
2026-08-16T07:18:28Z,2026-08-16T09:18:28+0200,aaa9bd4d-7504-4e17-a444-f570127b5d4f,2026-07-17T05:15:00Z,2026-07-17T07:15:00+0200,11362.611,MW,NL,NL,forecast_load,Forecasted Load,2026-08-16T07:22:13Z
2026-08-16T07:18:28Z,2026-08-16T09:18:28+0200,aaa9bd4d-7504-4e17-a444-f570127b5d4f,2026-07-17T05:30:00Z,2026-07-17T07:30:00+0200,11287.536,MW,NL,NL,forecast_load,Forecasted Load,2026-08-16T07:22:13Z
2026-08-16T07:18:28Z,2026-08-16T09:18:28+0200,aaa9bd4d-7504-4e17-a444-f570127b5d4f,2026-07-17T05:45:00Z,2026-07-17T07:45:00+0200,11322.962,MW,NL,NL,forecast_load,Forecasted Load,2026-08-16T07:22:13Z
2026-08-16T07:18:28Z,2026-08-16T09:18:28+0200,aaa9bd4d-7504-4e17-a444-f570127b5d4f,2026-07-17T06:00:00Z,2026-07-17T08:00:00+0200,11402.245,MW,NL,NL,forecast_load,Forecasted Load,2026-08-16T07:22:13Z
2026-08-16T07:18:28Z,2026-08-16T09:18:28+0200,aaa9bd4d-7504-4e17-a444-f570127b5d4f,2026-07-17T06:15:00Z,2026-07-17T08:15:00+0200,11081.217,MW,NL,NL,forecast_load,Forecasted Load,2026-08-16T07:22:13Z
2026-08-16T07:18:28Z,2026-08-16T09:18:28+0200,aaa9bd4d-7504-4e17-a444-f570127b5d4f,2026-07-17T06:30:00Z,2026-07-17T08:30:00+0200,10895.365,MW,NL,NL,forecast_load,Forecasted Load,2026-08-16T07:22:13Z
2026-08-16T07:18:28Z,2026-08-16T09:18:28+0200,aaa9bd4d-7504-4e17-a444-f570127b5d4f,2026-07-17T06:45:00Z,2026-07-17T08:45:00+0200,10756.045,MW,NL,NL,forecast_load,Forecasted Load,2026-08-16T07:22:13Z
2026-08-16T07:18:28Z,2026-08-16T09:18:28+0200,aaa9bd4d-7504-4e17-a444-f570127b5d4f,2026-07-17T07:00:00Z,2026-07-17T09:00:00+0200,10549.327,MW,NL,NL,forecast_load,Forecasted Load,2026-08-16T07:22:13Z
2026-08-16T07:18:28Z,2026-08-16T09:18:28+0200,aaa9bd4d-7504-4e17-a444-f570127b5d4f,2026-07-17T07:15:00Z,2026-07-17T09:15:00+0200,10387.337,MW,NL,NL,forecast_load,Forecasted Load,2026-08-16T07:22:13Z
2026-08-16T07:18:28Z,2026-08-16T09:18:28+0200,aaa9bd4d-7504-4e17-a444-f570127b5d4f,2026-07-17T07:30:00Z,2026-07-17T09:30:00+0200,10086.069,MW,NL,NL,forecast_load,Forecasted Load,2026-08-16T07:22:13Z
2026-08-16T07:18:28Z,2026-08-16T09:18:28+0200,aaa9bd4d-7504-4e17-a444-f570127b5d4f,2026-07-17T07:45:00Z,2026-07-17T09:45:00+0200,9741.806,MW,NL,NL,forecast_load,Forecasted Load,2026-08-16T07:22:13Z
2026-08-16T07:18:28Z,2026-08-16T09:18:28+0200,aaa9bd4d-7504-4e17-a444-f570127b5d4f,2026-07-17T08:00:00Z,2026-07-17T10:00:00+0200,9346.7,MW,NL,NL,forecast_load,Forecasted Load,2026-08-16T07:22:13Z
2026-08-16T07:18:28Z,2026-08-16T09:18:28+0200,aaa9bd4d-7504-4e17-a444-f570127b5d4f,2026-07-17T08:15:00Z,2026-07-17T10:15:00+0200,8934.335,MW,NL,NL,forecast_load,Forecasted Load,2026-08-16T07:22:13Z
2026-08-16T07:18:28Z,2026-08-16T09:18:28+0200,aaa9bd4d-7504-4e17-a444-f570127b5d4f,2026-07-17T08:30:00Z,2026-07-17T10:30:00+0200,8583.1,MW,NL,NL,forecast_load,Forecasted Load,2026-08-16T07:22:13Z
2026-08-16T07:18:28Z,2026-08-16T09:18:28+0200,aaa9bd4d-7504-4e17-a444-f570127b5d4f,2026-07-17T08:45:00Z,2026-07-17T10:45:00+0200,8355.674,MW,NL,NL,forecast_load,Forecasted Load,2026-08-16T07:22:13Z
2026-08-16T07:18:28Z,2026-08-16T09:18:28+0200,aaa9bd4d-7504-4e17-a444-f570127b5d4f,2026-07-17T09:00:00Z,2026-07-17T11:00:00+0200,8138.804,MW,NL,NL,forecast_load,Forecasted Load,2026-08-16T07:22:13Z
2026-08-16T07:18:28Z,2026-08-16T09:18:28+0200,aaa9bd4d-7504-4e17-a444-f570127b5d4f,2026-07-17T09:15:00Z,2026-07-17T11:15:00+0200,8156.962,MW,NL,NL,forecast_load,Forecasted Load,2026-08-16T07:22:13Z
2026-08-16T07:18:28Z,2026-08-16T09:18:28+0200,aaa9bd4d-7504-4e17-a444-f570127b5d4f,2026-07-17T09:30:00Z,2026-07-17T11:30:00+0200,8046.482,MW,NL,NL,forecast_load,Forecasted Load,2026-08-16T07:22:13Z
2026-08-16T07:18:28Z,2026-08-16T09:18:28+0200,aaa9bd4d-7504-4e17-a444-f570127b5d4f,2026-07-17T09:45:00Z,2026-07-17T11:45:00+0200,7843.264,MW,NL,NL,forecast_load,Forecasted Load,2026-08-16T07:22:13Z
2026-08-16T07:18:28Z,2026-08-16T09:18:28+0200,aaa9bd4d-7504-4e17-a444-f570127b5d4f,2026-07-17T10:00:00Z,2026-07-17T12:00:00+0200,7749.83,MW,NL,NL,forecast_load,Forecasted Load,2026-08-16T07:22:13Z
2026-08-16T07:18:28Z,2026-08-16T09:18:28+0200,aaa9bd4d-7504-4e17-a444-f570127b5d4f,2026-07-17T10:15:00Z,2026-07-17T12:15:00+0200,7607.586,MW,NL,NL,forecast_load,Forecasted Load,2026-08-16T07:22:13Z
2026-08-16T07:18:28Z,2026-08-16T09:18:28+0200,aaa9bd4d-7504-4e17-a444-f570127b5d4f,2026-07-17T10:30:00Z,2026-07-17T12:30:00+0200,7577.408,MW,NL,NL,forecast_load,Forecasted Load,2026-08-16T07:22:13Z
2026-08-16T07:18:28Z,2026-08-16T09:18:28+0200,aaa9bd4d-7504-4e17-a444-f570127b5d4f,2026-07-17T10:45:00Z,2026-07-17T12:45:00+0200,7487.509,MW,NL,NL,forecast_load,Forecasted Load,2026-08-16T07:22:13Z
2026-08-16T07:18:28Z,2026-08-16T09:18:28+0200,aaa9bd4d-7504-4e17-a444-f570127b5d4f,2026-07-17T11:00:00Z,2026-07-17T13:00:00+0200,7405.349,MW,NL,NL,forecast_load,Forecasted Load,2026-08-16T07:22:13Z
2026-08-16T07:18:28Z,2026-08-16T09:18:28+0200,aaa9bd4d-7504-4e17-a444-f570127b5d4f,2026-07-17T11:15:00Z,2026-07-17T13:15:00+0200,7464.938,MW,NL,NL,forecast_load,Forecasted Load,2026-08-16T07:22:13Z
2026-08-16T07:18:28Z,2026-08-16T09:18:28+0200,aaa9bd4d-7504-4e17-a444-f570127b5d4f,2026-07-17T11:30:00Z,2026-07-17T13:30:00+0200,7507.046,MW,NL,NL,forecast_load,Forecasted Load,2026-08-16T07:22:13Z
2026-08-16T07:18:28Z,2026-08-16T09:18:28+0200,aaa9bd4d-7504-4e17-a444-f570127b5d4f,2026-07-17T11:45:00Z,2026-07-17T13:45:00+0200,7419.713,MW,NL,NL,forecast_load,Forecasted Load,2026-08-16T07:22:13Z
2026-08-16T07:18:28Z,2026-08-16T09:18:28+0200,aaa9bd4d-7504-4e17-a444-f570127b5d4f,2026-07-17T12:00:00Z,2026-07-17T14:00:00+0200,7401.321,MW,NL,NL,forecast_load,Forecasted Load,2026-08-16T07:22:13Z
2026-08-16T07:18:28Z,2026-08-16T09:18:28+0200,aaa9bd4d-7504-4e17-a444-f570127b5d4f,2026-07-17T12:15:00Z,2026-07-17T14:15:00+0200,7316.964,MW,NL,NL,forecast_load,Forecasted Load,2026-08-16T07:22:13Z
2026-08-16T07:18:28Z,2026-08-16T09:18:28+0200,aaa9bd4d-7504-4e17-a444-f570127b5d4f,2026-07-17T12:30:00Z,2026-07-17T14:30:00+0200,7205.763,MW,NL,NL,forecast_load,Forecasted Load,2026-08-16T07:22:13Z
2026-08-16T07:18:28Z,2026-08-16T09:18:28+0200,aaa9bd4d-7504-4e17-a444-f570127b5d4f,2026-07-17T12:45:00Z,2026-07-17T14:45:00+0200,7199.598,MW,NL,NL,forecast_load,Forecasted Load,2026-08-16T07:22:13Z
2026-08-16T07:18:28Z,2026-08-16T09:18:28+0200,aaa9bd4d-7504-4e17-a444-f570127b5d4f,2026-07-17T13:00:00Z,2026-07-17T15:00:00+0200,7138.642,MW,NL,NL,forecast_load,Forecasted Load,2026-08-16T07:22:13Z
2026-08-16T07:18:28Z,2026-08-16T09:18:28+0200,aaa9bd4d-7504-4e17-a444-f570127b5d4f,2026-07-17T13:15:00Z,2026-07-17T15:15:00+0200,7036.16,MW,NL,NL,forecast_load,Forecasted Load,2026-08-16T07:22:13Z
2026-08-16T07:18:28Z,2026-08-16T09:18:28+0200,aaa9bd4d-7504-4e17-a444-f570127b5d4f,2026-07-17T13:30:00Z,2026-07-17T15:30:00+0200,7078.629,MW,NL,NL,forecast_load,Forecasted Load,2026-08-16T07:22:13Z
2026-08-16T07:18:28Z,2026-08-16T09:18:28+0200,aaa9bd4d-7504-4e17-a444-f570127b5d4f,2026-07-17T13:45:00Z,2026-07-17T15:45:00+0200,7050.924,MW,NL,NL,forecast_load,Forecasted Load,2026-08-16T07:22:13Z
2026-08-16T07:18:28Z,2026-08-16T09:18:28+0200,aaa9bd4d-7504-4e17-a444-f570127b5d4f,2026-07-17T14:00:00Z,2026-07-17T16:00:00+0200,7147.961,MW,NL,NL,forecast_load,Forecasted Load,2026-08-16T07:22:13Z
2026-08-16T07:18:28Z,2026-08-16T09:18:28+0200,aaa9bd4d-7504-4e17-a444-f570127b5d4f,2026-07-17T14:15:00Z,2026-07-17T16:15:00+0200,7209.861,MW,NL,NL,forecast_load,Forecasted Load,2026-08-16T07:22:13Z
2026-08-16T07:18:28Z,2026-08-16T09:18:28+0200,aaa9bd4d-7504-4e17-a444-f570127b5d4f,2026-07-17T14:30:00Z,2026-07-17T16:30:00+0200,7335.989,MW,NL,NL,forecast_load,Forecasted Load,2026-08-16T07:22:13Z
2026-08-16T07:18:28Z,2026-08-16T09:18:28+0200,aaa9bd4d-7504-4e17-a444-f570127b5d4f,2026-07-17T14:45:00Z,2026-07-17T16:45:00+0200,7597.037,MW,NL,NL,forecast_load,Forecasted Load,2026-08-16T07:22:13Z
2026-08-16T07:18:28Z,2026-08-16T09:18:28+0200,aaa9bd4d-7504-4e17-a444-f570127b5d4f,2026-07-17T15:00:00Z,2026-07-17T17:00:00+0200,7918.633,MW,NL,NL,forecast_load,Forecasted Load,2026-08-16T07:22:13Z
2026-08-16T07:18:28Z,2026-08-16T09:18:28+0200,aaa9bd4d-7504-4e17-a444-f570127b5d4f,2026-07-17T15:15:00Z,2026-07-17T17:15:00+0200,8209.786,MW,NL,NL,forecast_load,Forecasted Load,2026-08-16T07:22:13Z
2026-08-16T07:18:28Z,2026-08-16T09:18:28+0200,aaa9bd4d-7504-4e17-a444-f570127b5d4f,2026-07-17T15:30:00Z,2026-07-17T17:30:00+0200,8563.417,MW,NL,NL,forecast_load,Forecasted Load,2026-08-16T07:22:13Z
2026-08-16T07:18:28Z,2026-08-16T09:18:28+0200,aaa9bd4d-7504-4e17-a444-f570127b5d4f,2026-07-17T15:45:00Z,2026-07-17T17:45:00+0200,8940.257,MW,NL,NL,forecast_load,Forecasted Load,2026-08-16T07:22:13Z
2026-08-16T07:18:28Z,2026-08-16T09:18:28+0200,aaa9bd4d-7504-4e17-a444-f570127b5d4f,2026-07-17T16:00:00Z,2026-07-17T18:00:00+0200,9252.664,MW,NL,NL,forecast_load,Forecasted Load,2026-08-16T07:22:13Z
2026-08-16T07:18:28Z,2026-08-16T09:18:28+0200,aaa9bd4d-7504-4e17-a444-f570127b5d4f,2026-07-17T16:15:00Z,2026-07-17T18:15:00+0200,9690.906,MW,NL,NL,forecast_load,Forecasted Load,2026-08-16T07:22:13Z
2026-08-16T07:18:28Z,2026-08-16T09:18:28+0200,aaa9bd4d-7504-4e17-a444-f570127b5d4f,2026-07-17T16:30:00Z,2026-07-17T18:30:00+0200,9923.239,MW,NL,NL,forecast_load,Forecasted Load,2026-08-16T07:22:13Z
2026-08-16T07:18:28Z,2026-08-16T09:18:28+0200,aaa9bd4d-7504-4e17-a444-f570127b5d4f,2026-07-17T16:45:00Z,2026-07-17T18:45:00+0200,10158.876,MW,NL,NL,forecast_load,Forecasted Load,2026-08-16T07:22:13Z
2026-08-16T07:18:28Z,2026-08-16T09:18:28+0200,aaa9bd4d-7504-4e17-a444-f570127b5d4f,2026-07-17T17:00:00Z,2026-07-17T19:00:00+0200,10435.018,MW,NL,NL,forecast_load,Forecasted Load,2026-08-16T07:22:13Z
2026-08-16T07:18:28Z,2026-08-16T09:18:28+0200,aaa9bd4d-7504-4e17-a444-f570127b5d4f,2026-07-17T17:15:00Z,2026-07-17T19:15:00+0200,10786.122,MW,NL,NL,forecast_load,Forecasted Load,2026-08-16T07:22:13Z
2026-08-16T07:18:28Z,2026-08-16T09:18:28+0200,aaa9bd4d-7504-4e17-a444-f570127b5d4f,2026-07-17T17:30:00Z,2026-07-17T19:30:00+0200,11009.171,MW,NL,NL,forecast_load,Forecasted Load,2026-08-16T07:22:13Z
2026-08-16T07:18:28Z,2026-08-16T09:18:28+0200,aaa9bd4d-7504-4e17-a444-f570127b5d4f,2026-07-17T17:45:00Z,2026-07-17T19:45:00+0200,11250.485,MW,NL,NL,forecast_load,Forecasted Load,2026-08-16T07:22:13Z
2026-08-16T07:18:28Z,2026-08-16T09:18:28+0200,aaa9bd4d-7504-4e17-a444-f570127b5d4f,2026-07-17T18:00:00Z,2026-07-17T20:00:00+0200,11428.656,MW,NL,NL,forecast_load,Forecasted Load,2026-08-16T07:22:13Z
2026-08-16T07:18:28Z,2026-08-16T09:18:28+0200,aaa9bd4d-7504-4e17-a444-f570127b5d4f,2026-07-17T18:15:00Z,2026-07-17T20:15:00+0200,11784.641,MW,NL,NL,forecast_load,Forecasted Load,2026-08-16T07:22:13Z
2026-08-16T07:18:28Z,2026-08-16T09:18:28+0200,aaa9bd4d-7504-4e17-a444-f570127b5d4f,2026-07-17T18:30:00Z,2026-07-17T20:30:00+0200,11880.0,MW,NL,NL,forecast_load,Forecasted Load,2026-08-16T07:22:13Z
2026-08-16T07:18:28Z,2026-08-16T09:18:28+0200,aaa9bd4d-7504-4e17-a444-f570127b5d4f,2026-07-17T18:45:00Z,2026-07-17T20:45:00+0200,12112.626,MW,NL,NL,forecast_load,Forecasted Load,2026-08-16T07:22:13Z
2026-08-16T07:18:28Z,2026-08-16T09:18:28+0200,aaa9bd4d-7504-4e17-a444-f570127b5d4f,2026-07-17T19:00:00Z,2026-07-17T21:00:00+0200,12191.322,MW,NL,NL,forecast_load,Forecasted Load,2026-08-16T07:22:13Z
2026-08-16T07:18:28Z,2026-08-16T09:18:28+0200,aaa9bd4d-7504-4e17-a444-f570127b5d4f,2026-07-17T19:15:00Z,2026-07-17T21:15:00+0200,12391.382,MW,NL,NL,forecast_load,Forecasted Load,2026-08-16T07:22:13Z
2026-08-16T07:18:28Z,2026-08-16T09:18:28+0200,aaa9bd4d-7504-4e17-a444-f570127b5d4f,2026-07-17T19:30:00Z,2026-07-17T21:30:00+0200,12521.047,MW,NL,NL,forecast_load,Forecasted Load,2026-08-16T07:22:13Z
2026-08-16T07:18:28Z,2026-08-16T09:18:28+0200,aaa9bd4d-7504-4e17-a444-f570127b5d4f,2026-07-17T19:45:00Z,2026-07-17T21:45:00+0200,12591.155,MW,NL,NL,forecast_load,Forecasted Load,2026-08-16T07:22:13Z
2026-08-16T07:18:28Z,2026-08-16T09:18:28+0200,aaa9bd4d-7504-4e17-a444-f570127b5d4f,2026-07-17T20:00:00Z,2026-07-17T22:00:00+0200,12580.04,MW,NL,NL,forecast_load,Forecasted Load,2026-08-16T07:22:13Z
2026-08-16T07:18:28Z,2026-08-16T09:18:28+0200,aaa9bd4d-7504-4e17-a444-f570127b5d4f,2026-07-17T20:15:00Z,2026-07-17T22:15:00+0200,12443.791,MW,NL,NL,forecast_load,Forecasted Load,2026-08-16T07:22:13Z
2026-08-16T07:18:28Z,2026-08-16T09:18:28+0200,aaa9bd4d-7504-4e17-a444-f570127b5d4f,2026-07-17T20:30:00Z,2026-07-17T22:30:00+0200,12512.845,MW,NL,NL,forecast_load,Forecasted Load,2026-08-16T07:22:13Z
2026-08-16T07:18:28Z,2026-08-16T09:18:28+0200,aaa9bd4d-7504-4e17-a444-f570127b5d4f,2026-07-17T20:45:00Z,2026-07-17T22:45:00+0200,12510.543,MW,NL,NL,forecast_load,Forecasted Load,2026-08-16T07:22:13Z
2026-08-16T07:18:28Z,2026-08-16T09:18:28+0200,aaa9bd4d-7504-4e17-a444-f570127b5d4f,2026-07-17T21:00:00Z,2026-07-17T23:00:00+0200,12441.733,MW,NL,NL,forecast_load,Forecasted Load,2026-08-16T07:22:13Z
2026-08-16T07:18:28Z,2026-08-16T09:18:28+0200,aaa9bd4d-7504-4e17-a444-f570127b5d4f,2026-07-17T21:15:00Z,2026-07-17T23:15:00+0200,12294.541,MW,NL,NL,forecast_load,Forecasted Load,2026-08-16T07:22:13Z
2026-08-16T07:18:28Z,2026-08-16T09:18:28+0200,aaa9bd4d-7504-4e17-a444-f570127b5d4f,2026-07-17T21:30:00Z,2026-07-17T23:30:00+0200,12252.913,MW,NL,NL,forecast_load,Forecasted Load,2026-08-16T07:22:13Z
2026-08-16T07:18:28Z,2026-08-16T09:18:28+0200,aaa9bd4d-7504-4e17-a444-f570127b5d4f,2026-07-17T21:45:00Z,2026-07-17T23:45:00+0200,12099.746,MW,NL,NL,forecast_load,Forecasted Load,2026-08-16T07:22:13Z
2026-08-16T07:18:28Z,2026-08-16T09:18:28+0200,aaa9bd4d-7504-4e17-a444-f570127b5d4f,2026-07-17T22:00:00Z,2026-07-18T00:00:00+0200,11938.343,MW,NL,NL,forecast_load,Forecasted Load,2026-08-16T07:22:13Z
2026-08-16T07:18:28Z,2026-08-16T09:18:28+0200,aaa9bd4d-7504-4e17-a444-f570127b5d4f,2026-07-17T22:15:00Z,2026-07-18T00:15:00+0200,11757.283,MW,NL,NL,forecast_load,Forecasted Load,2026-08-16T07:22:13Z
2026-08-16T07:18:28Z,2026-08-16T09:18:28+0200,aaa9bd4d-7504-4e17-a444-f570127b5d4f,2026-07-17T22:30:00Z,2026-07-18T00:30:00+0200,11666.099,MW,NL,NL,forecast_load,Forecasted Load,2026-08-16T07:22:13Z
2026-08-16T07:18:28Z,2026-08-16T09:18:28+0200,aaa9bd4d-7504-4e17-a444-f570127b5d4f,2026-07-17T22:45:00Z,2026-07-18T00:45:00+0200,11535.332,MW,NL,NL,forecast_load,Forecasted Load,2026-08-16T07:22:13Z
2026-08-16T07:18:28Z,2026-08-16T09:18:28+0200,aaa9bd4d-7504-4e17-a444-f570127b5d4f,2026-07-17T23:00:00Z,2026-07-18T01:00:00+0200,11456.538,MW,NL,NL,forecast_load,Forecasted Load,2026-08-16T07:22:13Z
2026-08-16T07:18:28Z,2026-08-16T09:18:28+0200,aaa9bd4d-7504-4e17-a444-f570127b5d4f,2026-07-17T23:15:00Z,2026-07-18T01:15:00+0200,11391.468,MW,NL,NL,forecast_load,Forecasted Load,2026-08-16T07:22:13Z
2026-08-16T07:18:28Z,2026-08-16T09:18:28+0200,aaa9bd4d-7504-4e17-a444-f570127b5d4f,2026-07-17T23:30:00Z,2026-07-18T01:30:00+0200,11306.711,MW,NL,NL,forecast_load,Forecasted Load,2026-08-16T07:22:13Z
2026-08-16T07:18:28Z,2026-08-16T09:18:28+0200,aaa9bd4d-7504-4e17-a444-f570127b5d4f,2026-07-17T23:45:00Z,2026-07-18T01:45:00+0200,11254.366,MW,NL,NL,forecast_load,Forecasted Load,2026-08-16T07:22:13Z
2026-08-16T07:18:28Z,2026-08-16T09:18:28+0200,aaa9bd4d-7504-4e17-a444-f570127b5d4f,2026-07-18T00:00:00Z,2026-07-18T02:00:00+0200,11164.38,MW,NL,NL,forecast_load,Forecasted Load,2026-08-16T07:22:13Z
2026-08-16T07:18:28Z,2026-08-16T09:18:28+0200,aaa9bd4d-7504-4e17-a444-f570127b5d4f,2026-07-18T00:15:00Z,2026-07-18T02:15:00+0200,11110.82,MW,NL,NL,forecast_load,Forecasted Load,2026-08-16T07:22:13Z
2026-08-16T07:18:28Z,2026-08-16T09:18:28+0200,aaa9bd4d-7504-4e17-a444-f570127b5d4f,2026-07-18T00:30:00Z,2026-07-18T02:30:00+0200,10950.644,MW,NL,NL,forecast_load,Forecasted Load,2026-08-16T07:22:13Z
2026-08-16T07:18:28Z,2026-08-16T09:18:28+0200,aaa9bd4d-7504-4e17-a444-f570127b5d4f,2026-07-18T00:45:00Z,2026-07-18T02:45:00+0200,10849.296,MW,NL,NL,forecast_load,Forecasted Load,2026-08-16T07:22:13Z
2026-08-16T07:18:28Z,2026-08-16T09:18:28+0200,aaa9bd4d-7504-4e17-a444-f570127b5d4f,2026-07-18T01:00:00Z,2026-07-18T03:00:00+0200,10849.626,MW,NL,NL,forecast_load,Forecasted Load,2026-08-16T07:22:13Z
2026-08-16T07:18:28Z,2026-08-16T09:18:28+0200,aaa9bd4d-7504-4e17-a444-f570127b5d4f,2026-07-18T01:15:00Z,2026-07-18T03:15:00+0200,10812.631,MW,NL,NL,forecast_load,Forecasted Load,2026-08-16T07:22:13Z
2026-08-16T07:18:28Z,2026-08-16T09:18:28+0200,aaa9bd4d-7504-4e17-a444-f570127b5d4f,2026-07-18T01:30:00Z,2026-07-18T03:30:00+0200,10806.326,MW,NL,NL,forecast_load,Forecasted Load,2026-08-16T07:22:13Z
2026-08-16T07:18:28Z,2026-08-16T09:18:28+0200,aaa9bd4d-7504-4e17-a444-f570127b5d4f,2026-07-18T01:45:00Z,2026-07-18T03:45:00+0200,10784.271,MW,NL,NL,forecast_load,Forecasted Load,2026-08-16T07:22:13Z
2026-08-16T07:18:28Z,2026-08-16T09:18:28+0200,aaa9bd4d-7504-4e17-a444-f570127b5d4f,2026-07-18T02:00:00Z,2026-07-18T04:00:00+0200,10760.79,MW,NL,NL,forecast_load,Forecasted Load,2026-08-16T07:22:13Z
2026-08-16T07:18:28Z,2026-08-16T09:18:28+0200,aaa9bd4d-7504-4e17-a444-f570127b5d4f,2026-07-18T02:15:00Z,2026-07-18T04:15:00+0200,10794.754,MW,NL,NL,forecast_load,Forecasted Load,2026-08-16T07:22:13Z
2026-08-16T07:18:28Z,2026-08-16T09:18:28+0200,aaa9bd4d-7504-4e17-a444-f570127b5d4f,2026-07-18T02:30:00Z,2026-07-18T04:30:00+0200,10751.116,MW,NL,NL,forecast_load,Forecasted Load,2026-08-16T07:22:13Z
2026-08-16T07:18:28Z,2026-08-16T09:18:28+0200,aaa9bd4d-7504-4e17-a444-f570127b5d4f,2026-07-18T02:45:00Z,2026-07-18T04:45:00+0200,10776.949,MW,NL,NL,forecast_load,Forecasted Load,2026-08-16T07:22:13Z
2026-08-16T07:18:28Z,2026-08-16T09:18:28+0200,aaa9bd4d-7504-4e17-a444-f570127b5d4f,2026-07-18T03:00:00Z,2026-07-18T05:00:00+0200,10748.027,MW,NL,NL,forecast_load,Forecasted Load,2026-08-16T07:22:13Z
2026-08-16T07:18:28Z,2026-08-16T09:18:28+0200,aaa9bd4d-7504-4e17-a444-f570127b5d4f,2026-07-18T03:15:00Z,2026-07-18T05:15:00+0200,10754.336,MW,NL,NL,forecast_load,Forecasted Load,2026-08-16T07:22:13Z
2026-08-16T07:18:28Z,2026-08-16T09:18:28+0200,aaa9bd4d-7504-4e17-a444-f570127b5d4f,2026-07-18T03:30:00Z,2026-07-18T05:30:00+0200,10614.992,MW,NL,NL,forecast_load,Forecasted Load,2026-08-16T07:22:13Z
2026-08-16T07:18:28Z,2026-08-16T09:18:28+0200,aaa9bd4d-7504-4e17-a444-f570127b5d4f,2026-07-18T03:45:00Z,2026-07-18T05:45:00+0200,10525.197,MW,NL,NL,forecast_load,Forecasted Load,2026-08-16T07:22:13Z
2026-08-16T07:18:28Z,2026-08-16T09:18:28+0200,aaa9bd4d-7504-4e17-a444-f570127b5d4f,2026-07-18T04:00:00Z,2026-07-18T06:00:00+0200,10435.792,MW,NL,NL,forecast_load,Forecasted Load,2026-08-16T07:22:13Z
2026-08-16T07:18:28Z,2026-08-16T09:18:28+0200,aaa9bd4d-7504-4e17-a444-f570127b5d4f,2026-07-18T04:15:00Z,2026-07-18T06:15:00+0200,10261.165,MW,NL,NL,forecast_load,Forecasted Load,2026-08-16T07:22:13Z
2026-08-16T07:18:28Z,2026-08-16T09:18:28+0200,aaa9bd4d-7504-4e17-a444-f570127b5d4f,2026-07-18T04:30:00Z,2026-07-18T06:30:00+0200,10187.784,MW,NL,NL,forecast_load,Forecasted Load,2026-08-16T07:22:13Z
2026-08-16T07:18:28Z,2026-08-16T09:18:28+0200,aaa9bd4d-7504-4e17-a444-f570127b5d4f,2026-07-18T04:45:00Z,2026-07-18T06:45:00+0200,10031.437,MW,NL,NL,forecast_load,Forecasted Load,2026-08-16T07:22:13Z
2026-08-16T07:18:28Z,2026-08-16T09:18:28+0200,aaa9bd4d-7504-4e17-a444-f570127b5d4f,2026-07-18T05:00:00Z,2026-07-18T07:00:00+0200,9929.664,MW,NL,NL,forecast_load,Forecasted Load,2026-08-16T07:22:13Z
2026-08-16T07:18:28Z,2026-08-16T09:18:28+0200,aaa9bd4d-7504-4e17-a444-f570127b5d4f,2026-07-18T05:15:00Z,2026-07-18T07:15:00+0200,9659.244,MW,NL,NL,forecast_load,Forecasted Load,2026-08-16T07:22:13Z
2026-08-16T07:18:28Z,2026-08-16T09:18:28+0200,aaa9bd4d-7504-4e17-a444-f570127b5d4f,2026-07-18T05:30:00Z,2026-07-18T07:30:00+0200,9537.689,MW,NL,NL,forecast_load,Forecasted Load,2026-08-16T07:22:13Z
2026-08-16T07:18:28Z,2026-08-16T09:18:28+0200,aaa9bd4d-7504-4e17-a444-f570127b5d4f,2026-07-18T05:45:00Z,2026-07-18T07:45:00+0200,9529.935,MW,NL,NL,forecast_load,Forecasted Load,2026-08-16T07:22:13Z
2026-08-16T07:18:28Z,2026-08-16T09:18:28+0200,aaa9bd4d-7504-4e17-a444-f570127b5d4f,2026-07-18T06:00:00Z,2026-07-18T08:00:00+0200,9562.521,MW,NL,NL,forecast_load,Forecasted Load,2026-08-16T07:22:13Z
2026-08-16T07:18:28Z,2026-08-16T09:18:28+0200,aaa9bd4d-7504-4e17-a444-f570127b5d4f,2026-07-18T06:15:00Z,2026-07-18T08:15:00+0200,9321.311,MW,NL,NL,forecast_load,Forecasted Load,2026-08-16T07:22:13Z
2026-08-16T07:18:28Z,2026-08-16T09:18:28+0200,aaa9bd4d-7504-4e17-a444-f570127b5d4f,2026-07-18T06:30:00Z,2026-07-18T08:30:00+0200,9165.51,MW,NL,NL,forecast_load,Forecasted Load,2026-08-16T07:22:13Z
2026-08-16T07:18:28Z,2026-08-16T09:18:28+0200,aaa9bd4d-7504-4e17-a444-f570127b5d4f,2026-07-18T06:45:00Z,2026-07-18T08:45:00+0200,8948.614,MW,NL,NL,forecast_load,Forecasted Load,2026-08-16T07:22:13Z
2026-08-16T07:18:28Z,2026-08-16T09:18:28+0200,aaa9bd4d-7504-4e17-a444-f570127b5d4f,2026-07-18T07:00:00Z,2026-07-18T09:00:00+0200,8729.7,MW,NL,NL,forecast_load,Forecasted Load,2026-08-16T07:22:13Z
2026-08-16T07:18:28Z,2026-08-16T09:18:28+0200,aaa9bd4d-7504-4e17-a444-f570127b5d4f,2026-07-18T07:15:00Z,2026-07-18T09:15:00+0200,8535.426,MW,NL,NL,forecast_load,Forecasted Load,2026-08-16T07:22:13Z
2026-08-16T07:18:28Z,2026-08-16T09:18:28+0200,aaa9bd4d-7504-4e17-a444-f570127b5d4f,2026-07-18T07:30:00Z,2026-07-18T09:30:00+0200,8233.716,MW,NL,NL,forecast_load,Forecasted Load,2026-08-16T07:22:13Z
2026-08-16T07:18:28Z,2026-08-16T09:18:28+0200,aaa9bd4d-7504-4e17-a444-f570127b5d4f,2026-07-18T07:45:00Z,2026-07-18T09:45:00+0200,8041.082,MW,NL,NL,forecast_load,Forecasted Load,2026-08-16T07:22:13Z
2026-08-16T07:18:28Z,2026-08-16T09:18:28+0200,aaa9bd4d-7504-4e17-a444-f570127b5d4f,2026-07-18T08:00:00Z,2026-07-18T10:00:00+0200,7712.451,MW,NL,NL,forecast_load,Forecasted Load,2026-08-16T07:22:13Z
2026-08-16T07:18:28Z,2026-08-16T09:18:28+0200,aaa9bd4d-7504-4e17-a444-f570127b5d4f,2026-07-18T08:15:00Z,2026-07-18T10:15:00+0200,7513.929,MW,NL,NL,forecast_load,Forecasted Load,2026-08-16T07:22:13Z
2026-08-16T07:18:28Z,2026-08-16T09:18:28+0200,aaa9bd4d-7504-4e17-a444-f570127b5d4f,2026-07-18T08:30:00Z,2026-07-18T10:30:00+0200,7436.579,MW,NL,NL,forecast_load,Forecasted Load,2026-08-16T07:22:13Z
2026-08-16T07:18:28Z,2026-08-16T09:18:28+0200,aaa9bd4d-7504-4e17-a444-f570127b5d4f,2026-07-18T08:45:00Z,2026-07-18T10:45:00+0200,7424.239,MW,NL,NL,forecast_load,Forecasted Load,2026-08-16T07:22:13Z
2026-08-16T07:18:28Z,2026-08-16T09:18:28+0200,aaa9bd4d-7504-4e17-a444-f570127b5d4f,2026-07-18T09:00:00Z,2026-07-18T11:00:00+0200,7439.522,MW,NL,NL,forecast_load,Forecasted Load,2026-08-16T07:22:13Z
2026-08-16T07:18:28Z,2026-08-16T09:18:28+0200,aaa9bd4d-7504-4e17-a444-f570127b5d4f,2026-07-18T09:15:00Z,2026-07-18T11:15:00+0200,7393.043,MW,NL,NL,forecast_load,Forecasted Load,2026-08-16T07:22:13Z
2026-08-16T07:18:28Z,2026-08-16T09:18:28+0200,aaa9bd4d-7504-4e17-a444-f570127b5d4f,2026-07-18T09:30:00Z,2026-07-18T11:30:00+0200,7134.56,MW,NL,NL,forecast_load,Forecasted Load,2026-08-16T07:22:13Z
2026-08-16T07:18:28Z,2026-08-16T09:18:28+0200,aaa9bd4d-7504-4e17-a444-f570127b5d4f,2026-07-18T09:45:00Z,2026-07-18T11:45:00+0200,7037.61,MW,NL,NL,forecast_load,Forecasted Load,2026-08-16T07:22:13Z
2026-08-16T07:18:28Z,2026-08-16T09:18:28+0200,aaa9bd4d-7504-4e17-a444-f570127b5d4f,2026-07-18T10:00:00Z,2026-07-18T12:00:00+0200,6887.576,MW,NL,NL,forecast_load,Forecasted Load,2026-08-16T07:22:13Z
2026-08-16T07:18:28Z,2026-08-16T09:18:28+0200,aaa9bd4d-7504-4e17-a444-f570127b5d4f,2026-07-18T10:15:00Z,2026-07-18T12:15:00+0200,6772.387,MW,NL,NL,forecast_load,Forecasted Load,2026-08-16T07:22:13Z
2026-08-16T07:18:28Z,2026-08-16T09:18:28+0200,aaa9bd4d-7504-4e17-a444-f570127b5d4f,2026-07-18T10:30:00Z,2026-07-18T12:30:00+0200,6771.878,MW,NL,NL,forecast_load,Forecasted Load,2026-08-16T07:22:13Z
2026-08-16T07:18:28Z,2026-08-16T09:18:28+0200,aaa9bd4d-7504-4e17-a444-f570127b5d4f,2026-07-18T10:45:00Z,2026-07-18T12:45:00+0200,6851.13,MW,NL,NL,forecast_load,Forecasted Load,2026-08-16T07:22:13Z
2026-08-16T07:18:28Z,2026-08-16T09:18:28+0200,aaa9bd4d-7504-4e17-a444-f570127b5d4f,2026-07-18T11:00:00Z,2026-07-18T13:00:00+0200,6786.657,MW,NL,NL,forecast_load,Forecasted Load,2026-08-16T07:22:13Z
2026-08-16T07:18:28Z,2026-08-16T09:18:28+0200,aaa9bd4d-7504-4e17-a444-f570127b5d4f,2026-07-18T11:15:00Z,2026-07-18T13:15:00+0200,6678.635,MW,NL,NL,forecast_load,Forecasted Load,2026-08-16T07:22:13Z
2026-08-16T07:18:28Z,2026-08-16T09:18:28+0200,aaa9bd4d-7504-4e17-a444-f570127b5d4f,2026-07-18T11:30:00Z,2026-07-18T13:30:00+0200,6693.183,MW,NL,NL,forecast_load,Forecasted Load,2026-08-16T07:22:13Z
2026-08-16T07:18:28Z,2026-08-16T09:18:28+0200,aaa9bd4d-7504-4e17-a444-f570127b5d4f,2026-07-18T11:45:00Z,2026-07-18T13:45:00+0200,6652.809,MW,NL,NL,forecast_load,Forecasted Load,2026-08-16T07:22:13Z
2026-08-16T07:18:28Z,2026-08-16T09:18:28+0200,aaa9bd4d-7504-4e17-a444-f570127b5d4f,2026-07-18T12:00:00Z,2026-07-18T14:00:00+0200,6741.353,MW,NL,NL,forecast_load,Forecasted Load,2026-08-16T07:22:13Z
2026-08-16T07:18:28Z,2026-08-16T09:18:28+0200,aaa9bd4d-7504-4e17-a444-f570127b5d4f,2026-07-18T12:15:00Z,2026-07-18T14:15:00+0200,6740.121,MW,NL,NL,forecast_load,Forecasted Load,2026-08-16T07:22:13Z
2026-08-16T07:18:28Z,2026-08-16T09:18:28+0200,aaa9bd4d-7504-4e17-a444-f570127b5d4f,2026-07-18T12:30:00Z,2026-07-18T14:30:00+0200,6722.425,MW,NL,NL,forecast_load,Forecasted Load,2026-08-16T07:22:13Z
2026-08-16T07:18:28Z,2026-08-16T09:18:28+0200,aaa9bd4d-7504-4e17-a444-f570127b5d4f,2026-07-18T12:45:00Z,2026-07-18T14:45:00+0200,6753.829,MW,NL,NL,forecast_load,Forecasted Load,2026-08-16T07:22:13Z
2026-08-16T07:18:28Z,2026-08-16T09:18:28+0200,aaa9bd4d-7504-4e17-a444-f570127b5d4f,2026-07-18T13:00:00Z,2026-07-18T15:00:00+0200,6677.295,MW,NL,NL,forecast_load,Forecasted Load,2026-08-16T07:22:13Z
2026-08-16T07:18:28Z,2026-08-16T09:18:28+0200,aaa9bd4d-7504-4e17-a444-f570127b5d4f,2026-07-18T13:15:00Z,2026-07-18T15:15:00+0200,6570.03,MW,NL,NL,forecast_load,Forecasted Load,2026-08-16T07:22:13Z
2026-08-16T07:18:28Z,2026-08-16T09:18:28+0200,aaa9bd4d-7504-4e17-a444-f570127b5d4f,2026-07-18T13:30:00Z,2026-07-18T15:30:00+0200,6471.661,MW,NL,NL,forecast_load,Forecasted Load,2026-08-16T07:22:13Z
2026-08-16T07:18:28Z,2026-08-16T09:18:28+0200,aaa9bd4d-7504-4e17-a444-f570127b5d4f,2026-07-18T13:45:00Z,2026-07-18T15:45:00+0200,6686.361,MW,NL,NL,forecast_load,Forecasted Load,2026-08-16T07:22:13Z
2026-08-16T07:18:28Z,2026-08-16T09:18:28+0200,aaa9bd4d-7504-4e17-a444-f570127b5d4f,2026-07-18T14:00:00Z,2026-07-18T16:00:00+0200,6737.629,MW,NL,NL,forecast_load,Forecasted Load,2026-08-16T07:22:13Z
2026-08-16T07:18:28Z,2026-08-16T09:18:28+0200,aaa9bd4d-7504-4e17-a444-f570127b5d4f,2026-07-18T14:15:00Z,2026-07-18T16:15:00+0200,7089.107,MW,NL,NL,forecast_load,Forecasted Load,2026-08-16T07:22:13Z
2026-08-16T07:18:28Z,2026-08-16T09:18:28+0200,aaa9bd4d-7504-4e17-a444-f570127b5d4f,2026-07-18T14:30:00Z,2026-07-18T16:30:00+0200,7270.734,MW,NL,NL,forecast_load,Forecasted Load,2026-08-16T07:22:13Z
2026-08-16T07:18:28Z,2026-08-16T09:18:28+0200,aaa9bd4d-7504-4e17-a444-f570127b5d4f,2026-07-18T14:45:00Z,2026-07-18T16:45:00+0200,7382.021,MW,NL,NL,forecast_load,Forecasted Load,2026-08-16T07:22:13Z
2026-08-16T07:18:28Z,2026-08-16T09:18:28+0200,aaa9bd4d-7504-4e17-a444-f570127b5d4f,2026-07-18T15:00:00Z,2026-07-18T17:00:00+0200,7718.094,MW,NL,NL,forecast_load,Forecasted Load,2026-08-16T07:22:13Z
2026-08-16T07:18:28Z,2026-08-16T09:18:28+0200,aaa9bd4d-7504-4e17-a444-f570127b5d4f,2026-07-18T15:15:00Z,2026-07-18T17:15:00+0200,8010.846,MW,NL,NL,forecast_load,Forecasted Load,2026-08-16T07:22:13Z
2026-08-16T07:18:28Z,2026-08-16T09:18:28+0200,aaa9bd4d-7504-4e17-a444-f570127b5d4f,2026-07-18T15:30:00Z,2026-07-18T17:30:00+0200,8429.37,MW,NL,NL,forecast_load,Forecasted Load,2026-08-16T07:22:13Z
2026-08-16T07:18:28Z,2026-08-16T09:18:28+0200,aaa9bd4d-7504-4e17-a444-f570127b5d4f,2026-07-18T15:45:00Z,2026-07-18T17:45:00+0200,8689.727,MW,NL,NL,forecast_load,Forecasted Load,2026-08-16T07:22:13Z
2026-08-16T07:18:28Z,2026-08-16T09:18:28+0200,aaa9bd4d-7504-4e17-a444-f570127b5d4f,2026-07-18T16:00:00Z,2026-07-18T18:00:00+0200,9088.995,MW,NL,NL,forecast_load,Forecasted Load,2026-08-16T07:22:13Z
2026-08-16T07:18:28Z,2026-08-16T09:18:28+0200,aaa9bd4d-7504-4e17-a444-f570127b5d4f,2026-07-18T16:15:00Z,2026-07-18T18:15:00+0200,9416.311,MW,NL,NL,forecast_load,Forecasted Load,2026-08-16T07:22:13Z
2026-08-16T07:18:28Z,2026-08-16T09:18:28+0200,aaa9bd4d-7504-4e17-a444-f570127b5d4f,2026-07-18T16:30:00Z,2026-07-18T18:30:00+0200,9633.329,MW,NL,NL,forecast_load,Forecasted Load,2026-08-16T07:22:13Z
2026-08-16T07:18:28Z,2026-08-16T09:18:28+0200,aaa9bd4d-7504-4e17-a444-f570127b5d4f,2026-07-18T16:45:00Z,2026-07-18T18:45:00+0200,9885.287,MW,NL,NL,forecast_load,Forecasted Load,2026-08-16T07:22:13Z
2026-08-16T07:18:28Z,2026-08-16T09:18:28+0200,aaa9bd4d-7504-4e17-a444-f570127b5d4f,2026-07-18T17:00:00Z,2026-07-18T19:00:00+0200,10125.044,MW,NL,NL,forecast_load,Forecasted Load,2026-08-16T07:22:13Z
2026-08-16T07:18:28Z,2026-08-16T09:18:28+0200,aaa9bd4d-7504-4e17-a444-f570127b5d4f,2026-07-18T17:15:00Z,2026-07-18T19:15:00+0200,10342.147,MW,NL,NL,forecast_load,Forecasted Load,2026-08-16T07:22:13Z
2026-08-16T07:18:28Z,2026-08-16T09:18:28+0200,aaa9bd4d-7504-4e17-a444-f570127b5d4f,2026-07-18T17:30:00Z,2026-07-18T19:30:00+0200,10574.727,MW,NL,NL,forecast_load,Forecasted Load,2026-08-16T07:22:13Z
2026-08-16T07:18:28Z,2026-08-16T09:18:28+0200,aaa9bd4d-7504-4e17-a444-f570127b5d4f,2026-07-18T17:45:00Z,2026-07-18T19:45:00+0200,10782.133,MW,NL,NL,forecast_load,Forecasted Load,2026-08-16T07:22:13Z
2026-08-16T07:18:28Z,2026-08-16T09:18:28+0200,aaa9bd4d-7504-4e17-a444-f570127b5d4f,2026-07-18T18:00:00Z,2026-07-18T20:00:00+0200,10892.284,MW,NL,NL,forecast_load,Forecasted Load,2026-08-16T07:22:13Z
2026-08-16T07:18:28Z,2026-08-16T09:18:28+0200,aaa9bd4d-7504-4e17-a444-f570127b5d4f,2026-07-18T18:15:00Z,2026-07-18T20:15:00+0200,11006.492,MW,NL,NL,forecast_load,Forecasted Load,2026-08-16T07:22:13Z
2026-08-16T07:18:28Z,2026-08-16T09:18:28+0200,aaa9bd4d-7504-4e17-a444-f570127b5d4f,2026-07-18T18:30:00Z,2026-07-18T20:30:00+0200,11202.163,MW,NL,NL,forecast_load,Forecasted Load,2026-08-16T07:22:13Z
2026-08-16T07:18:28Z,2026-08-16T09:18:28+0200,aaa9bd4d-7504-4e17-a444-f570127b5d4f,2026-07-18T18:45:00Z,2026-07-18T20:45:00+0200,11373.965,MW,NL,NL,forecast_load,Forecasted Load,2026-08-16T07:22:13Z
2026-08-16T07:18:28Z,2026-08-16T09:18:28+0200,aaa9bd4d-7504-4e17-a444-f570127b5d4f,2026-07-18T19:00:00Z,2026-07-18T21:00:00+0200,11409.769,MW,NL,NL,forecast_load,Forecasted Load,2026-08-16T07:22:13Z
2026-08-16T07:18:28Z,2026-08-16T09:18:28+0200,aaa9bd4d-7504-4e17-a444-f570127b5d4f,2026-07-18T19:15:00Z,2026-07-18T21:15:00+0200,11424.521,MW,NL,NL,forecast_load,Forecasted Load,2026-08-16T07:22:13Z
2026-08-16T07:18:28Z,2026-08-16T09:18:28+0200,aaa9bd4d-7504-4e17-a444-f570127b5d4f,2026-07-18T19:30:00Z,2026-07-18T21:30:00+0200,11495.748,MW,NL,NL,forecast_load,Forecasted Load,2026-08-16T07:22:13Z
2026-08-16T07:18:28Z,2026-08-16T09:18:28+0200,aaa9bd4d-7504-4e17-a444-f570127b5d4f,2026-07-18T19:45:00Z,2026-07-18T21:45:00+0200,11507.767,MW,NL,NL,forecast_load,Forecasted Load,2026-08-16T07:22:13Z
2026-08-16T07:18:28Z,2026-08-16T09:18:28+0200,aaa9bd4d-7504-4e17-a444-f570127b5d4f,2026-07-18T20:00:00Z,2026-07-18T22:00:00+0200,11607.552,MW,NL,NL,forecast_load,Forecasted Load,2026-08-16T07:22:13Z
2026-08-16T07:18:28Z,2026-08-16T09:18:28+0200,aaa9bd4d-7504-4e17-a444-f570127b5d4f,2026-07-18T20:15:00Z,2026-07-18T22:15:00+0200,11658.251,MW,NL,NL,forecast_load,Forecasted Load,2026-08-16T07:22:13Z
2026-08-16T07:18:28Z,2026-08-16T09:18:28+0200,aaa9bd4d-7504-4e17-a444-f570127b5d4f,2026-07-18T20:30:00Z,2026-07-18T22:30:00+0200,11741.73,MW,NL,NL,forecast_load,Forecasted Load,2026-08-16T07:22:13Z
2026-08-16T07:18:28Z,2026-08-16T09:18:28+0200,aaa9bd4d-7504-4e17-a444-f570127b5d4f,2026-07-18T20:45:00Z,2026-07-18T22:45:00+0200,11695.513,MW,NL,NL,forecast_load,Forecasted Load,2026-08-16T07:22:13Z
2026-08-16T07:18:28Z,2026-08-16T09:18:28+0200,aaa9bd4d-7504-4e17-a444-f570127b5d4f,2026-07-18T21:00:00Z,2026-07-18T23:00:00+0200,11694.249,MW,NL,NL,forecast_load,Forecasted Load,2026-08-16T07:22:13Z
2026-08-16T07:18:28Z,2026-08-16T09:18:28+0200,aaa9bd4d-7504-4e17-a444-f570127b5d4f,2026-07-18T21:15:00Z,2026-07-18T23:15:00+0200,11671.728,MW,NL,NL,forecast_load,Forecasted Load,2026-08-16T07:22:13Z
2026-08-16T07:18:28Z,2026-08-16T09:18:28+0200,aaa9bd4d-7504-4e17-a444-f570127b5d4f,2026-07-18T21:30:00Z,2026-07-18T23:30:00+0200,11755.806,MW,NL,NL,forecast_load,Forecasted Load,2026-08-16T07:22:13Z
2026-08-16T07:18:28Z,2026-08-16T09:18:28+0200,aaa9bd4d-7504-4e17-a444-f570127b5d4f,2026-07-18T21:45:00Z,2026-07-18T23:45:00+0200,11690.605,MW,NL,NL,forecast_load,Forecasted Load,2026-08-16T07:22:13Z
2026-08-16T07:18:28Z,2026-08-16T09:18:28+0200,aaa9bd4d-7504-4e17-a444-f570127b5d4f,2026-07-18T22:00:00Z,2026-07-19T00:00:00+0200,11634.997,MW,NL,NL,forecast_load,Forecasted Load,2026-08-16T07:22:13Z
2026-08-16T07:18:28Z,2026-08-16T09:18:28+0200,aaa9bd4d-7504-4e17-a444-f570127b5d4f,2026-07-18T22:15:00Z,2026-07-19T00:15:00+0200,11482.552,MW,NL,NL,forecast_load,Forecasted Load,2026-08-16T07:22:13Z
2026-08-16T07:18:28Z,2026-08-16T09:18:28+0200,aaa9bd4d-7504-4e17-a444-f570127b5d4f,2026-07-18T22:30:00Z,2026-07-19T00:30:00+0200,11386.2,MW,NL,NL,forecast_load,Forecasted Load,2026-08-16T07:22:13Z
2026-08-16T07:18:28Z,2026-08-16T09:18:28+0200,aaa9bd4d-7504-4e17-a444-f570127b5d4f,2026-07-18T22:45:00Z,2026-07-19T00:45:00+0200,11271.231,MW,NL,NL,forecast_load,Forecasted Load,2026-08-16T07:22:13Z
2026-08-16T07:18:28Z,2026-08-16T09:18:28+0200,aaa9bd4d-7504-4e17-a444-f570127b5d4f,2026-07-18T23:00:00Z,2026-07-19T01:00:00+0200,11168.288,MW,NL,NL,forecast_load,Forecasted Load,2026-08-16T07:22:13Z
2026-08-16T07:18:28Z,2026-08-16T09:18:28+0200,aaa9bd4d-7504-4e17-a444-f570127b5d4f,2026-07-18T23:15:00Z,2026-07-19T01:15:00+0200,11112.292,MW,NL,NL,forecast_load,Forecasted Load,2026-08-16T07:22:13Z
2026-08-16T07:18:28Z,2026-08-16T09:18:28+0200,aaa9bd4d-7504-4e17-a444-f570127b5d4f,2026-07-18T23:30:00Z,2026-07-19T01:30:00+0200,10986.323,MW,NL,NL,forecast_load,Forecasted Load,2026-08-16T07:22:13Z
2026-08-16T07:18:28Z,2026-08-16T09:18:28+0200,aaa9bd4d-7504-4e17-a444-f570127b5d4f,2026-07-18T23:45:00Z,2026-07-19T01:45:00+0200,10847.204,MW,NL,NL,forecast_load,Forecasted Load,2026-08-16T07:22:13Z
2026-08-16T07:18:28Z,2026-08-16T09:18:28+0200,aaa9bd4d-7504-4e17-a444-f570127b5d4f,2026-07-19T00:00:00Z,2026-07-19T02:00:00+0200,10741.394,MW,NL,NL,forecast_load,Forecasted Load,2026-08-16T07:22:13Z
2026-08-16T07:18:28Z,2026-08-16T09:18:28+0200,aaa9bd4d-7504-4e17-a444-f570127b5d4f,2026-07-19T00:15:00Z,2026-07-19T02:15:00+0200,10686.481,MW,NL,NL,forecast_load,Forecasted Load,2026-08-16T07:22:13Z
2026-08-16T07:18:28Z,2026-08-16T09:18:28+0200,aaa9bd4d-7504-4e17-a444-f570127b5d4f,2026-07-19T00:30:00Z,2026-07-19T02:30:00+0200,10594.917,MW,NL,NL,forecast_load,Forecasted Load,2026-08-16T07:22:13Z
2026-08-16T07:18:28Z,2026-08-16T09:18:28+0200,aaa9bd4d-7504-4e17-a444-f570127b5d4f,2026-07-19T00:45:00Z,2026-07-19T02:45:00+0200,10487.21,MW,NL,NL,forecast_load,Forecasted Load,2026-08-16T07:22:13Z
2026-08-16T07:18:28Z,2026-08-16T09:18:28+0200,aaa9bd4d-7504-4e17-a444-f570127b5d4f,2026-07-19T01:00:00Z,2026-07-19T03:00:00+0200,10358.433,MW,NL,NL,forecast_load,Forecasted Load,2026-08-16T07:22:13Z
2026-08-16T07:18:28Z,2026-08-16T09:18:28+0200,aaa9bd4d-7504-4e17-a444-f570127b5d4f,2026-07-19T01:15:00Z,2026-07-19T03:15:00+0200,10295.944,MW,NL,NL,forecast_load,Forecasted Load,2026-08-16T07:22:13Z
2026-08-16T07:18:28Z,2026-08-16T09:18:28+0200,aaa9bd4d-7504-4e17-a444-f570127b5d4f,2026-07-19T01:30:00Z,2026-07-19T03:30:00+0200,10284.173,MW,NL,NL,forecast_load,Forecasted Load,2026-08-16T07:22:13Z
2026-08-16T07:18:28Z,2026-08-16T09:18:28+0200,aaa9bd4d-7504-4e17-a444-f570127b5d4f,2026-07-19T01:45:00Z,2026-07-19T03:45:00+0200,10191.294,MW,NL,NL,forecast_load,Forecasted Load,2026-08-16T07:22:13Z
2026-08-16T07:18:28Z,2026-08-16T09:18:28+0200,aaa9bd4d-7504-4e17-a444-f570127b5d4f,2026-07-19T02:00:00Z,2026-07-19T04:00:00+0200,10171.843,MW,NL,NL,forecast_load,Forecasted Load,2026-08-16T07:22:13Z
2026-08-16T07:18:28Z,2026-08-16T09:18:28+0200,aaa9bd4d-7504-4e17-a444-f570127b5d4f,2026-07-19T02:15:00Z,2026-07-19T04:15:00+0200,10169.991,MW,NL,NL,forecast_load,Forecasted Load,2026-08-16T07:22:13Z
2026-08-16T07:18:28Z,2026-08-16T09:18:28+0200,aaa9bd4d-7504-4e17-a444-f570127b5d4f,2026-07-19T02:30:00Z,2026-07-19T04:30:00+0200,10129.293,MW,NL,NL,forecast_load,Forecasted Load,2026-08-16T07:22:13Z
2026-08-16T07:18:28Z,2026-08-16T09:18:28+0200,aaa9bd4d-7504-4e17-a444-f570127b5d4f,2026-07-19T02:45:00Z,2026-07-19T04:45:00+0200,10082.829,MW,NL,NL,forecast_load,Forecasted Load,2026-08-16T07:22:13Z
2026-08-16T07:18:28Z,2026-08-16T09:18:28+0200,aaa9bd4d-7504-4e17-a444-f570127b5d4f,2026-07-19T03:00:00Z,2026-07-19T05:00:00+0200,10111.022,MW,NL,NL,forecast_load,Forecasted Load,2026-08-16T07:22:13Z
2026-08-16T07:18:28Z,2026-08-16T09:18:28+0200,aaa9bd4d-7504-4e17-a444-f570127b5d4f,2026-07-19T03:15:00Z,2026-07-19T05:15:00+0200,9997.93,MW,NL,NL,forecast_load,Forecasted Load,2026-08-16T07:22:13Z
2026-08-16T07:18:28Z,2026-08-16T09:18:28+0200,aaa9bd4d-7504-4e17-a444-f570127b5d4f,2026-07-19T03:30:00Z,2026-07-19T05:30:00+0200,9962.189,MW,NL,NL,forecast_load,Forecasted Load,2026-08-16T07:22:13Z
2026-08-16T07:18:28Z,2026-08-16T09:18:28+0200,aaa9bd4d-7504-4e17-a444-f570127b5d4f,2026-07-19T03:45:00Z,2026-07-19T05:45:00+0200,9925.158,MW,NL,NL,forecast_load,Forecasted Load,2026-08-16T07:22:13Z
2026-08-16T07:18:28Z,2026-08-16T09:18:28+0200,aaa9bd4d-7504-4e17-a444-f570127b5d4f,2026-07-19T04:00:00Z,2026-07-19T06:00:00+0200,9820.295,MW,NL,NL,forecast_load,Forecasted Load,2026-08-16T07:22:13Z
2026-08-16T07:18:28Z,2026-08-16T09:18:28+0200,aaa9bd4d-7504-4e17-a444-f570127b5d4f,2026-07-19T04:15:00Z,2026-07-19T06:15:00+0200,9659.04,MW,NL,NL,forecast_load,Forecasted Load,2026-08-16T07:22:13Z
2026-08-16T07:18:28Z,2026-08-16T09:18:28+0200,aaa9bd4d-7504-4e17-a444-f570127b5d4f,2026-07-19T04:30:00Z,2026-07-19T06:30:00+0200,9613.672,MW,NL,NL,forecast_load,Forecasted Load,2026-08-16T07:22:13Z
2026-08-16T07:18:28Z,2026-08-16T09:18:28+0200,aaa9bd4d-7504-4e17-a444-f570127b5d4f,2026-07-19T04:45:00Z,2026-07-19T06:45:00+0200,9528.744,MW,NL,NL,forecast_load,Forecasted Load,2026-08-16T07:22:13Z
2026-08-16T07:18:28Z,2026-08-16T09:18:28+0200,aaa9bd4d-7504-4e17-a444-f570127b5d4f,2026-07-19T05:00:00Z,2026-07-19T07:00:00+0200,9470.712,MW,NL,NL,forecast_load,Forecasted Load,2026-08-16T07:22:13Z
2026-08-16T07:18:28Z,2026-08-16T09:18:28+0200,aaa9bd4d-7504-4e17-a444-f570127b5d4f,2026-07-19T05:15:00Z,2026-07-19T07:15:00+0200,9246.143,MW,NL,NL,forecast_load,Forecasted Load,2026-08-16T07:22:13Z
2026-08-16T07:18:28Z,2026-08-16T09:18:28+0200,aaa9bd4d-7504-4e17-a444-f570127b5d4f,2026-07-19T05:30:00Z,2026-07-19T07:30:00+0200,9104.512,MW,NL,NL,forecast_load,Forecasted Load,2026-08-16T07:22:13Z
2026-08-16T07:18:28Z,2026-08-16T09:18:28+0200,aaa9bd4d-7504-4e17-a444-f570127b5d4f,2026-07-19T05:45:00Z,2026-07-19T07:45:00+0200,9122.316,MW,NL,NL,forecast_load,Forecasted Load,2026-08-16T07:22:13Z
2026-08-16T07:18:28Z,2026-08-16T09:18:28+0200,aaa9bd4d-7504-4e17-a444-f570127b5d4f,2026-07-19T06:00:00Z,2026-07-19T08:00:00+0200,9198.247,MW,NL,NL,forecast_load,Forecasted Load,2026-08-16T07:22:13Z
2026-08-16T07:18:28Z,2026-08-16T09:18:28+0200,aaa9bd4d-7504-4e17-a444-f570127b5d4f,2026-07-19T06:15:00Z,2026-07-19T08:15:00+0200,9133.047,MW,NL,NL,forecast_load,Forecasted Load,2026-08-16T07:22:13Z
2026-08-16T07:18:28Z,2026-08-16T09:18:28+0200,aaa9bd4d-7504-4e17-a444-f570127b5d4f,2026-07-19T06:30:00Z,2026-07-19T08:30:00+0200,9167.224,MW,NL,NL,forecast_load,Forecasted Load,2026-08-16T07:22:13Z
2026-08-16T07:18:28Z,2026-08-16T09:18:28+0200,aaa9bd4d-7504-4e17-a444-f570127b5d4f,2026-07-19T06:45:00Z,2026-07-19T08:45:00+0200,9215.063,MW,NL,NL,forecast_load,Forecasted Load,2026-08-16T07:22:13Z
2026-08-16T07:18:28Z,2026-08-16T09:18:28+0200,aaa9bd4d-7504-4e17-a444-f570127b5d4f,2026-07-19T07:00:00Z,2026-07-19T09:00:00+0200,9264.915,MW,NL,NL,forecast_load,Forecasted Load,2026-08-16T07:22:13Z
2026-08-16T07:18:28Z,2026-08-16T09:18:28+0200,aaa9bd4d-7504-4e17-a444-f570127b5d4f,2026-07-19T07:15:00Z,2026-07-19T09:15:00+0200,9339.193,MW,NL,NL,forecast_load,Forecasted Load,2026-08-16T07:22:13Z
2026-08-16T07:18:28Z,2026-08-16T09:18:28+0200,aaa9bd4d-7504-4e17-a444-f570127b5d4f,2026-07-19T07:30:00Z,2026-07-19T09:30:00+0200,9309.247,MW,NL,NL,forecast_load,Forecasted Load,2026-08-16T07:22:13Z
2026-08-16T07:18:28Z,2026-08-16T09:18:28+0200,aaa9bd4d-7504-4e17-a444-f570127b5d4f,2026-07-19T07:45:00Z,2026-07-19T09:45:00+0200,9342.461,MW,NL,NL,forecast_load,Forecasted Load,2026-08-16T07:22:13Z
2026-08-16T07:18:28Z,2026-08-16T09:18:28+0200,aaa9bd4d-7504-4e17-a444-f570127b5d4f,2026-07-19T08:00:00Z,2026-07-19T10:00:00+0200,9278.684,MW,NL,NL,forecast_load,Forecasted Load,2026-08-16T07:22:13Z
2026-08-16T07:18:28Z,2026-08-16T09:18:28+0200,aaa9bd4d-7504-4e17-a444-f570127b5d4f,2026-07-19T08:15:00Z,2026-07-19T10:15:00+0200,9560.521,MW,NL,NL,forecast_load,Forecasted Load,2026-08-16T07:22:13Z
2026-08-16T07:18:28Z,2026-08-16T09:18:28+0200,aaa9bd4d-7504-4e17-a444-f570127b5d4f,2026-07-19T08:30:00Z,2026-07-19T10:30:00+0200,9589.698,MW,NL,NL,forecast_load,Forecasted Load,2026-08-16T07:22:13Z
2026-08-16T07:18:28Z,2026-08-16T09:18:28+0200,aaa9bd4d-7504-4e17-a444-f570127b5d4f,2026-07-19T08:45:00Z,2026-07-19T10:45:00+0200,9586.701,MW,NL,NL,forecast_load,Forecasted Load,2026-08-16T07:22:13Z
2026-08-16T07:18:28Z,2026-08-16T09:18:28+0200,aaa9bd4d-7504-4e17-a444-f570127b5d4f,2026-07-19T09:00:00Z,2026-07-19T11:00:00+0200,9746.11,MW,NL,NL,forecast_load,Forecasted Load,2026-08-16T07:22:13Z
2026-08-16T07:18:28Z,2026-08-16T09:18:28+0200,aaa9bd4d-7504-4e17-a444-f570127b5d4f,2026-07-19T09:15:00Z,2026-07-19T11:15:00+0200,9694.93,MW,NL,NL,forecast_load,Forecasted Load,2026-08-16T07:22:13Z
2026-08-16T07:18:28Z,2026-08-16T09:18:28+0200,aaa9bd4d-7504-4e17-a444-f570127b5d4f,2026-07-19T09:30:00Z,2026-07-19T11:30:00+0200,9690.95,MW,NL,NL,forecast_load,Forecasted Load,2026-08-16T07:22:13Z
2026-08-16T07:18:28Z,2026-08-16T09:18:28+0200,aaa9bd4d-7504-4e17-a444-f570127b5d4f,2026-07-19T09:45:00Z,2026-07-19T11:45:00+0200,9833.199,MW,NL,NL,forecast_load,Forecasted Load,2026-08-16T07:22:13Z
2026-08-16T07:18:28Z,2026-08-16T09:18:28+0200,aaa9bd4d-7504-4e17-a444-f570127b5d4f,2026-07-19T10:00:00Z,2026-07-19T12:00:00+0200,9872.313,MW,NL,NL,forecast_load,Forecasted Load,2026-08-16T07:22:13Z
2026-08-16T07:18:28Z,2026-08-16T09:18:28+0200,aaa9bd4d-7504-4e17-a444-f570127b5d4f,2026-07-19T10:15:00Z,2026-07-19T12:15:00+0200,9962.905,MW,NL,NL,forecast_load,Forecasted Load,2026-08-16T07:22:13Z
2026-08-16T07:18:28Z,2026-08-16T09:18:28+0200,aaa9bd4d-7504-4e17-a444-f570127b5d4f,2026-07-19T10:30:00Z,2026-07-19T12:30:00+0200,9903.241,MW,NL,NL,forecast_load,Forecasted Load,2026-08-16T07:22:13Z
2026-08-16T07:18:28Z,2026-08-16T09:18:28+0200,aaa9bd4d-7504-4e17-a444-f570127b5d4f,2026-07-19T10:45:00Z,2026-07-19T12:45:00+0200,9966.21,MW,NL,NL,forecast_load,Forecasted Load,2026-08-16T07:22:13Z
2026-08-16T07:18:28Z,2026-08-16T09:18:28+0200,aaa9bd4d-7504-4e17-a444-f570127b5d4f,2026-07-19T11:00:00Z,2026-07-19T13:00:00+0200,9961.439,MW,NL,NL,forecast_load,Forecasted Load,2026-08-16T07:22:13Z
2026-08-16T07:18:28Z,2026-08-16T09:18:28+0200,aaa9bd4d-7504-4e17-a444-f570127b5d4f,2026-07-19T11:15:00Z,2026-07-19T13:15:00+0200,10035.092,MW,NL,NL,forecast_load,Forecasted Load,2026-08-16T07:22:13Z
2026-08-16T07:18:28Z,2026-08-16T09:18:28+0200,aaa9bd4d-7504-4e17-a444-f570127b5d4f,2026-07-19T11:30:00Z,2026-07-19T13:30:00+0200,10076.247,MW,NL,NL,forecast_load,Forecasted Load,2026-08-16T07:22:13Z
2026-08-16T07:18:28Z,2026-08-16T09:18:28+0200,aaa9bd4d-7504-4e17-a444-f570127b5d4f,2026-07-19T11:45:00Z,2026-07-19T13:45:00+0200,10112.831,MW,NL,NL,forecast_load,Forecasted Load,2026-08-16T07:22:13Z
2026-08-16T07:18:28Z,2026-08-16T09:18:28+0200,aaa9bd4d-7504-4e17-a444-f570127b5d4f,2026-07-19T12:00:00Z,2026-07-19T14:00:00+0200,10195.416,MW,NL,NL,forecast_load,Forecasted Load,2026-08-16T07:22:13Z
2026-08-16T07:18:28Z,2026-08-16T09:18:28+0200,aaa9bd4d-7504-4e17-a444-f570127b5d4f,2026-07-19T12:15:00Z,2026-07-19T14:15:00+0200,10187.478,MW,NL,NL,forecast_load,Forecasted Load,2026-08-16T07:22:13Z
2026-08-16T07:18:28Z,2026-08-16T09:18:28+0200,aaa9bd4d-7504-4e17-a444-f570127b5d4f,2026-07-19T12:30:00Z,2026-07-19T14:30:00+0200,10131.93,MW,NL,NL,forecast_load,Forecasted Load,2026-08-16T07:22:13Z
2026-08-16T07:18:28Z,2026-08-16T09:18:28+0200,aaa9bd4d-7504-4e17-a444-f570127b5d4f,2026-07-19T12:45:00Z,2026-07-19T14:45:00+0200,10142.266,MW,NL,NL,forecast_load,Forecasted Load,2026-08-16T07:22:13Z
2026-08-16T07:18:28Z,2026-08-16T09:18:28+0200,aaa9bd4d-7504-4e17-a444-f570127b5d4f,2026-07-19T13:00:00Z,2026-07-19T15:00:00+0200,10104.648,MW,NL,NL,forecast_load,Forecasted Load,2026-08-16T07:22:13Z
2026-08-16T07:18:28Z,2026-08-16T09:18:28+0200,aaa9bd4d-7504-4e17-a444-f570127b5d4f,2026-07-19T13:15:00Z,2026-07-19T15:15:00+0200,10079.156,MW,NL,NL,forecast_load,Forecasted Load,2026-08-16T07:22:13Z
2026-08-16T07:18:28Z,2026-08-16T09:18:28+0200,aaa9bd4d-7504-4e17-a444-f570127b5d4f,2026-07-19T13:30:00Z,2026-07-19T15:30:00+0200,9974.081,MW,NL,NL,forecast_load,Forecasted Load,2026-08-16T07:22:13Z
2026-08-16T07:18:28Z,2026-08-16T09:18:28+0200,aaa9bd4d-7504-4e17-a444-f570127b5d4f,2026-07-19T13:45:00Z,2026-07-19T15:45:00+0200,9753.104,MW,NL,NL,forecast_load,Forecasted Load,2026-08-16T07:22:13Z
2026-08-16T07:18:28Z,2026-08-16T09:18:28+0200,aaa9bd4d-7504-4e17-a444-f570127b5d4f,2026-07-19T14:00:00Z,2026-07-19T16:00:00+0200,9647.92,MW,NL,NL,forecast_load,Forecasted Load,2026-08-16T07:22:13Z
2026-08-16T07:18:28Z,2026-08-16T09:18:28+0200,aaa9bd4d-7504-4e17-a444-f570127b5d4f,2026-07-19T14:15:00Z,2026-07-19T16:15:00+0200,9581.225,MW,NL,NL,forecast_load,Forecasted Load,2026-08-16T07:22:13Z
2026-08-16T07:18:28Z,2026-08-16T09:18:28+0200,aaa9bd4d-7504-4e17-a444-f570127b5d4f,2026-07-19T14:30:00Z,2026-07-19T16:30:00+0200,9649.379,MW,NL,NL,forecast_load,Forecasted Load,2026-08-16T07:22:13Z
2026-08-16T07:18:28Z,2026-08-16T09:18:28+0200,aaa9bd4d-7504-4e17-a444-f570127b5d4f,2026-07-19T14:45:00Z,2026-07-19T16:45:00+0200,9819.695,MW,NL,NL,forecast_load,Forecasted Load,2026-08-16T07:22:13Z
2026-08-16T07:18:28Z,2026-08-16T09:18:28+0200,aaa9bd4d-7504-4e17-a444-f570127b5d4f,2026-07-19T15:00:00Z,2026-07-19T17:00:00+0200,9895.122,MW,NL,NL,forecast_load,Forecasted Load,2026-08-16T07:22:13Z
2026-08-16T07:18:28Z,2026-08-16T09:18:28+0200,aaa9bd4d-7504-4e17-a444-f570127b5d4f,2026-07-19T15:15:00Z,2026-07-19T17:15:00+0200,10120.085,MW,NL,NL,forecast_load,Forecasted Load,2026-08-16T07:22:13Z
2026-08-16T07:18:28Z,2026-08-16T09:18:28+0200,aaa9bd4d-7504-4e17-a444-f570127b5d4f,2026-07-19T15:30:00Z,2026-07-19T17:30:00+0200,10441.178,MW,NL,NL,forecast_load,Forecasted Load,2026-08-16T07:22:13Z
2026-08-16T07:18:28Z,2026-08-16T09:18:28+0200,aaa9bd4d-7504-4e17-a444-f570127b5d4f,2026-07-19T15:45:00Z,2026-07-19T17:45:00+0200,10380.128,MW,NL,NL,forecast_load,Forecasted Load,2026-08-16T07:22:13Z
2026-08-16T07:18:28Z,2026-08-16T09:18:28+0200,aaa9bd4d-7504-4e17-a444-f570127b5d4f,2026-07-19T16:00:00Z,2026-07-19T18:00:00+0200,10525.481,MW,NL,NL,forecast_load,Forecasted Load,2026-08-16T07:22:13Z
2026-08-16T07:18:28Z,2026-08-16T09:18:28+0200,aaa9bd4d-7504-4e17-a444-f570127b5d4f,2026-07-19T16:15:00Z,2026-07-19T18:15:00+0200,10742.597,MW,NL,NL,forecast_load,Forecasted Load,2026-08-16T07:22:13Z
2026-08-16T07:18:28Z,2026-08-16T09:18:28+0200,aaa9bd4d-7504-4e17-a444-f570127b5d4f,2026-07-19T16:30:00Z,2026-07-19T18:30:00+0200,10985.873,MW,NL,NL,forecast_load,Forecasted Load,2026-08-16T07:22:13Z
2026-08-16T07:18:28Z,2026-08-16T09:18:28+0200,aaa9bd4d-7504-4e17-a444-f570127b5d4f,2026-07-19T16:45:00Z,2026-07-19T18:45:00+0200,11275.475,MW,NL,NL,forecast_load,Forecasted Load,2026-08-16T07:22:13Z
2026-08-16T07:18:28Z,2026-08-16T09:18:28+0200,aaa9bd4d-7504-4e17-a444-f570127b5d4f,2026-07-19T17:00:00Z,2026-07-19T19:00:00+0200,11512.732,MW,NL,NL,forecast_load,Forecasted Load,2026-08-16T07:22:13Z
2026-08-16T07:18:28Z,2026-08-16T09:18:28+0200,aaa9bd4d-7504-4e17-a444-f570127b5d4f,2026-07-19T17:15:00Z,2026-07-19T19:15:00+0200,11761.512,MW,NL,NL,forecast_load,Forecasted Load,2026-08-16T07:22:13Z
2026-08-16T07:18:28Z,2026-08-16T09:18:28+0200,aaa9bd4d-7504-4e17-a444-f570127b5d4f,2026-07-19T17:30:00Z,2026-07-19T19:30:00+0200,11840.798,MW,NL,NL,forecast_load,Forecasted Load,2026-08-16T07:22:13Z
2026-08-16T07:18:28Z,2026-08-16T09:18:28+0200,aaa9bd4d-7504-4e17-a444-f570127b5d4f,2026-07-19T17:45:00Z,2026-07-19T19:45:00+0200,11901.411,MW,NL,NL,forecast_load,Forecasted Load,2026-08-16T07:22:13Z
2026-08-16T07:18:28Z,2026-08-16T09:18:28+0200,aaa9bd4d-7504-4e17-a444-f570127b5d4f,2026-07-19T18:00:00Z,2026-07-19T20:00:00+0200,11787.18,MW,NL,NL,forecast_load,Forecasted Load,2026-08-16T07:22:13Z
2026-08-16T07:18:28Z,2026-08-16T09:18:28+0200,aaa9bd4d-7504-4e17-a444-f570127b5d4f,2026-07-19T18:15:00Z,2026-07-19T20:15:00+0200,11884.077,MW,NL,NL,forecast_load,Forecasted Load,2026-08-16T07:22:13Z
2026-08-16T07:18:28Z,2026-08-16T09:18:28+0200,aaa9bd4d-7504-4e17-a444-f570127b5d4f,2026-07-19T18:30:00Z,2026-07-19T20:30:00+0200,12011.218,MW,NL,NL,forecast_load,Forecasted Load,2026-08-16T07:22:13Z
2026-08-16T07:18:28Z,2026-08-16T09:18:28+0200,aaa9bd4d-7504-4e17-a444-f570127b5d4f,2026-07-19T18:45:00Z,2026-07-19T20:45:00+0200,12116.641,MW,NL,NL,forecast_load,Forecasted Load,2026-08-16T07:22:13Z
2026-08-16T07:18:28Z,2026-08-16T09:18:28+0200,aaa9bd4d-7504-4e17-a444-f570127b5d4f,2026-07-19T19:00:00Z,2026-07-19T21:00:00+0200,12217.271,MW,NL,NL,forecast_load,Forecasted Load,2026-08-16T07:22:13Z
2026-08-16T07:18:28Z,2026-08-16T09:18:28+0200,aaa9bd4d-7504-4e17-a444-f570127b5d4f,2026-07-19T19:15:00Z,2026-07-19T21:15:00+0200,12337.091,MW,NL,NL,forecast_load,Forecasted Load,2026-08-16T07:22:13Z
2026-08-16T07:18:28Z,2026-08-16T09:18:28+0200,aaa9bd4d-7504-4e17-a444-f570127b5d4f,2026-07-19T19:30:00Z,2026-07-19T21:30:00+0200,12420.344,MW,NL,NL,forecast_load,Forecasted Load,2026-08-16T07:22:13Z
2026-08-16T07:18:28Z,2026-08-16T09:18:28+0200,aaa9bd4d-7504-4e17-a444-f570127b5d4f,2026-07-19T19:45:00Z,2026-07-19T21:45:00+0200,12451.377,MW,NL,NL,forecast_load,Forecasted Load,2026-08-16T07:22:13Z
2026-08-16T07:18:28Z,2026-08-16T09:18:28+0200,aaa9bd4d-7504-4e17-a444-f570127b5d4f,2026-07-19T20:00:00Z,2026-07-19T22:00:00+0200,12467.761,MW,NL,NL,forecast_load,Forecasted Load,2026-08-16T07:22:13Z
2026-08-16T07:18:28Z,2026-08-16T09:18:28+0200,aaa9bd4d-7504-4e17-a444-f570127b5d4f,2026-07-19T20:15:00Z,2026-07-19T22:15:00+0200,12403.799,MW,NL,NL,forecast_load,Forecasted Load,2026-08-16T07:22:13Z
2026-08-16T07:18:28Z,2026-08-16T09:18:28+0200,aaa9bd4d-7504-4e17-a444-f570127b5d4f,2026-07-19T20:30:00Z,2026-07-19T22:30:00+0200,12327.82,MW,NL,NL,forecast_load,Forecasted Load,2026-08-16T07:22:13Z
2026-08-16T07:18:28Z,2026-08-16T09:18:28+0200,aaa9bd4d-7504-4e17-a444-f570127b5d4f,2026-07-19T20:45:00Z,2026-07-19T22:45:00+0200,12202.614,MW,NL,NL,forecast_load,Forecasted Load,2026-08-16T07:22:13Z
2026-08-16T07:18:28Z,2026-08-16T09:18:28+0200,aaa9bd4d-7504-4e17-a444-f570127b5d4f,2026-07-19T21:00:00Z,2026-07-19T23:00:00+0200,12089.714,MW,NL,NL,forecast_load,Forecasted Load,2026-08-16T07:22:13Z
2026-08-16T07:18:28Z,2026-08-16T09:18:28+0200,aaa9bd4d-7504-4e17-a444-f570127b5d4f,2026-07-19T21:15:00Z,2026-07-19T23:15:00+0200,11905.553,MW,NL,NL,forecast_load,Forecasted Load,2026-08-16T07:22:13Z
2026-08-16T07:18:28Z,2026-08-16T09:18:28+0200,aaa9bd4d-7504-4e17-a444-f570127b5d4f,2026-07-19T21:30:00Z,2026-07-19T23:30:00+0200,11768.057,MW,NL,NL,forecast_load,Forecasted Load,2026-08-16T07:22:13Z
2026-08-16T07:18:28Z,2026-08-16T09:18:28+0200,aaa9bd4d-7504-4e17-a444-f570127b5d4f,2026-07-19T21:45:00Z,2026-07-19T23:45:00+0200,11706.1,MW,NL,NL,forecast_load,Forecasted Load,2026-08-16T07:22:13Z
2026-08-16T07:18:28Z,2026-08-16T09:18:28+0200,aaa9bd4d-7504-4e17-a444-f570127b5d4f,2026-07-19T22:00:00Z,2026-07-20T00:00:00+0200,11649.081,MW,NL,NL,forecast_load,Forecasted Load,2026-08-16T07:22:13Z
2026-08-16T07:18:28Z,2026-08-16T09:18:28+0200,aaa9bd4d-7504-4e17-a444-f570127b5d4f,2026-07-19T22:15:00Z,2026-07-20T00:15:00+0200,11632.109,MW,NL,NL,forecast_load,Forecasted Load,2026-08-16T07:22:13Z
2026-08-16T07:18:28Z,2026-08-16T09:18:28+0200,aaa9bd4d-7504-4e17-a444-f570127b5d4f,2026-07-19T22:30:00Z,2026-07-20T00:30:00+0200,11587.984,MW,NL,NL,forecast_load,Forecasted Load,2026-08-16T07:22:13Z
2026-08-16T07:18:28Z,2026-08-16T09:18:28+0200,aaa9bd4d-7504-4e17-a444-f570127b5d4f,2026-07-19T22:45:00Z,2026-07-20T00:45:00+0200,11489.934,MW,NL,NL,forecast_load,Forecasted Load,2026-08-16T07:22:13Z
2026-08-16T07:18:28Z,2026-08-16T09:18:28+0200,aaa9bd4d-7504-4e17-a444-f570127b5d4f,2026-07-19T23:00:00Z,2026-07-20T01:00:00+0200,11415.164,MW,NL,NL,forecast_load,Forecasted Load,2026-08-16T07:22:13Z
2026-08-16T07:18:28Z,2026-08-16T09:18:28+0200,aaa9bd4d-7504-4e17-a444-f570127b5d4f,2026-07-19T23:15:00Z,2026-07-20T01:15:00+0200,11425.268,MW,NL,NL,forecast_load,Forecasted Load,2026-08-16T07:22:13Z
2026-08-16T07:18:28Z,2026-08-16T09:18:28+0200,aaa9bd4d-7504-4e17-a444-f570127b5d4f,2026-07-19T23:30:00Z,2026-07-20T01:30:00+0200,11362.904,MW,NL,NL,forecast_load,Forecasted Load,2026-08-16T07:22:13Z
2026-08-16T07:18:28Z,2026-08-16T09:18:28+0200,aaa9bd4d-7504-4e17-a444-f570127b5d4f,2026-07-19T23:45:00Z,2026-07-20T01:45:00+0200,11297.835,MW,NL,NL,forecast_load,Forecasted Load,2026-08-16T07:22:13Z
2026-08-16T07:18:28Z,2026-08-16T09:18:28+0200,aaa9bd4d-7504-4e17-a444-f570127b5d4f,2026-07-20T00:00:00Z,2026-07-20T02:00:00+0200,11226.663,MW,NL,NL,forecast_load,Forecasted Load,2026-08-16T07:22:13Z
2026-08-16T07:18:28Z,2026-08-16T09:18:28+0200,aaa9bd4d-7504-4e17-a444-f570127b5d4f,2026-07-20T00:15:00Z,2026-07-20T02:15:00+0200,11227.443,MW,NL,NL,forecast_load,Forecasted Load,2026-08-16T07:22:13Z
2026-08-16T07:18:28Z,2026-08-16T09:18:28+0200,aaa9bd4d-7504-4e17-a444-f570127b5d4f,2026-07-20T00:30:00Z,2026-07-20T02:30:00+0200,11202.969,MW,NL,NL,forecast_load,Forecasted Load,2026-08-16T07:22:13Z
2026-08-16T07:18:28Z,2026-08-16T09:18:28+0200,aaa9bd4d-7504-4e17-a444-f570127b5d4f,2026-07-20T00:45:00Z,2026-07-20T02:45:00+0200,11129.055,MW,NL,NL,forecast_load,Forecasted Load,2026-08-16T07:22:13Z
2026-08-16T07:18:28Z,2026-08-16T09:18:28+0200,aaa9bd4d-7504-4e17-a444-f570127b5d4f,2026-07-20T01:00:00Z,2026-07-20T03:00:00+0200,10943.683,MW,NL,NL,forecast_load,Forecasted Load,2026-08-16T07:22:13Z
2026-08-16T07:18:28Z,2026-08-16T09:18:28+0200,aaa9bd4d-7504-4e17-a444-f570127b5d4f,2026-07-20T01:15:00Z,2026-07-20T03:15:00+0200,10900.277,MW,NL,NL,forecast_load,Forecasted Load,2026-08-16T07:22:13Z
2026-08-16T07:18:28Z,2026-08-16T09:18:28+0200,aaa9bd4d-7504-4e17-a444-f570127b5d4f,2026-07-20T01:30:00Z,2026-07-20T03:30:00+0200,10852.977,MW,NL,NL,forecast_load,Forecasted Load,2026-08-16T07:22:13Z
2026-08-16T07:18:28Z,2026-08-16T09:18:28+0200,aaa9bd4d-7504-4e17-a444-f570127b5d4f,2026-07-20T01:45:00Z,2026-07-20T03:45:00+0200,10843.448,MW,NL,NL,forecast_load,Forecasted Load,2026-08-16T07:22:13Z
2026-08-16T07:18:28Z,2026-08-16T09:18:28+0200,aaa9bd4d-7504-4e17-a444-f570127b5d4f,2026-07-20T02:00:00Z,2026-07-20T04:00:00+0200,10794.09,MW,NL,NL,forecast_load,Forecasted Load,2026-08-16T07:22:13Z
2026-08-16T07:18:28Z,2026-08-16T09:18:28+0200,aaa9bd4d-7504-4e17-a444-f570127b5d4f,2026-07-20T02:15:00Z,2026-07-20T04:15:00+0200,10762.948,MW,NL,NL,forecast_load,Forecasted Load,2026-08-16T07:22:13Z
2026-08-16T07:18:28Z,2026-08-16T09:18:28+0200,aaa9bd4d-7504-4e17-a444-f570127b5d4f,2026-07-20T02:30:00Z,2026-07-20T04:30:00+0200,10748.77,MW,NL,NL,forecast_load,Forecasted Load,2026-08-16T07:22:13Z
2026-08-16T07:18:28Z,2026-08-16T09:18:28+0200,aaa9bd4d-7504-4e17-a444-f570127b5d4f,2026-07-20T02:45:00Z,2026-07-20T04:45:00+0200,10727.901,MW,NL,NL,forecast_load,Forecasted Load,2026-08-16T07:22:13Z
2026-08-16T07:18:28Z,2026-08-16T09:18:28+0200,aaa9bd4d-7504-4e17-a444-f570127b5d4f,2026-07-20T03:00:00Z,2026-07-20T05:00:00+0200,10757.811,MW,NL,NL,forecast_load,Forecasted Load,2026-08-16T07:22:13Z
2026-08-16T07:18:28Z,2026-08-16T09:18:28+0200,aaa9bd4d-7504-4e17-a444-f570127b5d4f,2026-07-20T03:15:00Z,2026-07-20T05:15:00+0200,10783.56,MW,NL,NL,forecast_load,Forecasted Load,2026-08-16T07:22:13Z
2026-08-16T07:18:28Z,2026-08-16T09:18:28+0200,aaa9bd4d-7504-4e17-a444-f570127b5d4f,2026-07-20T03:30:00Z,2026-07-20T05:30:00+0200,10738.338,MW,NL,NL,forecast_load,Forecasted Load,2026-08-16T07:22:13Z
2026-08-16T07:18:28Z,2026-08-16T09:18:28+0200,aaa9bd4d-7504-4e17-a444-f570127b5d4f,2026-07-20T03:45:00Z,2026-07-20T05:45:00+0200,10823.472,MW,NL,NL,forecast_load,Forecasted Load,2026-08-16T07:22:13Z
2026-08-16T07:18:28Z,2026-08-16T09:18:28+0200,aaa9bd4d-7504-4e17-a444-f570127b5d4f,2026-07-20T04:00:00Z,2026-07-20T06:00:00+0200,10857.223,MW,NL,NL,forecast_load,Forecasted Load,2026-08-16T07:22:13Z
2026-08-16T07:18:28Z,2026-08-16T09:18:28+0200,aaa9bd4d-7504-4e17-a444-f570127b5d4f,2026-07-20T04:15:00Z,2026-07-20T06:15:00+0200,10889.094,MW,NL,NL,forecast_load,Forecasted Load,2026-08-16T07:22:13Z
2026-08-16T07:18:28Z,2026-08-16T09:18:28+0200,aaa9bd4d-7504-4e17-a444-f570127b5d4f,2026-07-20T04:30:00Z,2026-07-20T06:30:00+0200,10886.271,MW,NL,NL,forecast_load,Forecasted Load,2026-08-16T07:22:13Z
2026-08-16T07:18:28Z,2026-08-16T09:18:28+0200,aaa9bd4d-7504-4e17-a444-f570127b5d4f,2026-07-20T04:45:00Z,2026-07-20T06:45:00+0200,11013.567,MW,NL,NL,forecast_load,Forecasted Load,2026-08-16T07:22:13Z
2026-08-16T07:18:28Z,2026-08-16T09:18:28+0200,aaa9bd4d-7504-4e17-a444-f570127b5d4f,2026-07-20T05:00:00Z,2026-07-20T07:00:00+0200,11095.736,MW,NL,NL,forecast_load,Forecasted Load,2026-08-16T07:22:13Z
2026-08-16T07:18:28Z,2026-08-16T09:18:28+0200,aaa9bd4d-7504-4e17-a444-f570127b5d4f,2026-07-20T05:15:00Z,2026-07-20T07:15:00+0200,11092.026,MW,NL,NL,forecast_load,Forecasted Load,2026-08-16T07:22:13Z
2026-08-16T07:18:28Z,2026-08-16T09:18:28+0200,aaa9bd4d-7504-4e17-a444-f570127b5d4f,2026-07-20T05:30:00Z,2026-07-20T07:30:00+0200,11264.011,MW,NL,NL,forecast_load,Forecasted Load,2026-08-16T07:22:13Z
2026-08-16T07:18:28Z,2026-08-16T09:18:28+0200,aaa9bd4d-7504-4e17-a444-f570127b5d4f,2026-07-20T05:45:00Z,2026-07-20T07:45:00+0200,11357.74,MW,NL,NL,forecast_load,Forecasted Load,2026-08-16T07:22:13Z
2026-08-16T07:18:28Z,2026-08-16T09:18:28+0200,aaa9bd4d-7504-4e17-a444-f570127b5d4f,2026-07-20T06:00:00Z,2026-07-20T08:00:00+0200,11269.417,MW,NL,NL,forecast_load,Forecasted Load,2026-08-16T07:22:13Z
2026-08-16T07:18:28Z,2026-08-16T09:18:28+0200,aaa9bd4d-7504-4e17-a444-f570127b5d4f,2026-07-20T06:15:00Z,2026-07-20T08:15:00+0200,11132.31,MW,NL,NL,forecast_load,Forecasted Load,2026-08-16T07:22:13Z
2026-08-16T07:18:28Z,2026-08-16T09:18:28+0200,aaa9bd4d-7504-4e17-a444-f570127b5d4f,2026-07-20T06:30:00Z,2026-07-20T08:30:00+0200,11121.337,MW,NL,NL,forecast_load,Forecasted Load,2026-08-16T07:22:13Z
2026-08-16T07:18:28Z,2026-08-16T09:18:28+0200,aaa9bd4d-7504-4e17-a444-f570127b5d4f,2026-07-20T06:45:00Z,2026-07-20T08:45:00+0200,11119.294,MW,NL,NL,forecast_load,Forecasted Load,2026-08-16T07:22:13Z
2026-08-16T07:18:28Z,2026-08-16T09:18:28+0200,aaa9bd4d-7504-4e17-a444-f570127b5d4f,2026-07-20T07:00:00Z,2026-07-20T09:00:00+0200,11135.731,MW,NL,NL,forecast_load,Forecasted Load,2026-08-16T07:22:13Z
2026-08-16T07:18:28Z,2026-08-16T09:18:28+0200,aaa9bd4d-7504-4e17-a444-f570127b5d4f,2026-07-20T07:15:00Z,2026-07-20T09:15:00+0200,11070.43,MW,NL,NL,forecast_load,Forecasted Load,2026-08-16T07:22:13Z
2026-08-16T07:18:28Z,2026-08-16T09:18:28+0200,aaa9bd4d-7504-4e17-a444-f570127b5d4f,2026-07-20T07:30:00Z,2026-07-20T09:30:00+0200,10962.385,MW,NL,NL,forecast_load,Forecasted Load,2026-08-16T07:22:13Z
2026-08-16T07:18:28Z,2026-08-16T09:18:28+0200,aaa9bd4d-7504-4e17-a444-f570127b5d4f,2026-07-20T07:45:00Z,2026-07-20T09:45:00+0200,10814.957,MW,NL,NL,forecast_load,Forecasted Load,2026-08-16T07:22:13Z
2026-08-16T07:18:28Z,2026-08-16T09:18:28+0200,aaa9bd4d-7504-4e17-a444-f570127b5d4f,2026-07-20T08:00:00Z,2026-07-20T10:00:00+0200,10460.426,MW,NL,NL,forecast_load,Forecasted Load,2026-08-16T07:22:13Z
2026-08-16T07:18:28Z,2026-08-16T09:18:28+0200,aaa9bd4d-7504-4e17-a444-f570127b5d4f,2026-07-20T08:15:00Z,2026-07-20T10:15:00+0200,10082.074,MW,NL,NL,forecast_load,Forecasted Load,2026-08-16T07:22:13Z
2026-08-16T07:18:28Z,2026-08-16T09:18:28+0200,aaa9bd4d-7504-4e17-a444-f570127b5d4f,2026-07-20T08:30:00Z,2026-07-20T10:30:00+0200,9734.169,MW,NL,NL,forecast_load,Forecasted Load,2026-08-16T07:22:13Z
2026-08-16T07:18:28Z,2026-08-16T09:18:28+0200,aaa9bd4d-7504-4e17-a444-f570127b5d4f,2026-07-20T08:45:00Z,2026-07-20T10:45:00+0200,9448.658,MW,NL,NL,forecast_load,Forecasted Load,2026-08-16T07:22:13Z
2026-08-16T07:18:28Z,2026-08-16T09:18:28+0200,aaa9bd4d-7504-4e17-a444-f570127b5d4f,2026-07-20T09:00:00Z,2026-07-20T11:00:00+0200,9176.712,MW,NL,NL,forecast_load,Forecasted Load,2026-08-16T07:22:13Z
2026-08-16T07:18:28Z,2026-08-16T09:18:28+0200,aaa9bd4d-7504-4e17-a444-f570127b5d4f,2026-07-20T09:15:00Z,2026-07-20T11:15:00+0200,8772.679,MW,NL,NL,forecast_load,Forecasted Load,2026-08-16T07:22:13Z
2026-08-16T07:18:28Z,2026-08-16T09:18:28+0200,aaa9bd4d-7504-4e17-a444-f570127b5d4f,2026-07-20T09:30:00Z,2026-07-20T11:30:00+0200,8550.047,MW,NL,NL,forecast_load,Forecasted Load,2026-08-16T07:22:13Z
2026-08-16T07:18:28Z,2026-08-16T09:18:28+0200,aaa9bd4d-7504-4e17-a444-f570127b5d4f,2026-07-20T09:45:00Z,2026-07-20T11:45:00+0200,8318.708,MW,NL,NL,forecast_load,Forecasted Load,2026-08-16T07:22:13Z
2026-08-16T07:18:28Z,2026-08-16T09:18:28+0200,aaa9bd4d-7504-4e17-a444-f570127b5d4f,2026-07-20T10:00:00Z,2026-07-20T12:00:00+0200,8022.145,MW,NL,NL,forecast_load,Forecasted Load,2026-08-16T07:22:13Z
2026-08-16T07:18:28Z,2026-08-16T09:18:28+0200,aaa9bd4d-7504-4e17-a444-f570127b5d4f,2026-07-20T10:15:00Z,2026-07-20T12:15:00+0200,7801.822,MW,NL,NL,forecast_load,Forecasted Load,2026-08-16T07:22:13Z
2026-08-16T07:18:28Z,2026-08-16T09:18:28+0200,aaa9bd4d-7504-4e17-a444-f570127b5d4f,2026-07-20T10:30:00Z,2026-07-20T12:30:00+0200,7629.834,MW,NL,NL,forecast_load,Forecasted Load,2026-08-16T07:22:13Z
2026-08-16T07:18:28Z,2026-08-16T09:18:28+0200,aaa9bd4d-7504-4e17-a444-f570127b5d4f,2026-07-20T10:45:00Z,2026-07-20T12:45:00+0200,7392.999,MW,NL,NL,forecast_load,Forecasted Load,2026-08-16T07:22:13Z
2026-08-16T07:18:28Z,2026-08-16T09:18:28+0200,aaa9bd4d-7504-4e17-a444-f570127b5d4f,2026-07-20T11:00:00Z,2026-07-20T13:00:00+0200,7466.644,MW,NL,NL,forecast_load,Forecasted Load,2026-08-16T07:22:13Z
2026-08-16T07:18:28Z,2026-08-16T09:18:28+0200,aaa9bd4d-7504-4e17-a444-f570127b5d4f,2026-07-20T11:15:00Z,2026-07-20T13:15:00+0200,7453.345,MW,NL,NL,forecast_load,Forecasted Load,2026-08-16T07:22:13Z
2026-08-16T07:18:28Z,2026-08-16T09:18:28+0200,aaa9bd4d-7504-4e17-a444-f570127b5d4f,2026-07-20T11:30:00Z,2026-07-20T13:30:00+0200,7558.603,MW,NL,NL,forecast_load,Forecasted Load,2026-08-16T07:22:13Z
2026-08-16T07:18:28Z,2026-08-16T09:18:28+0200,aaa9bd4d-7504-4e17-a444-f570127b5d4f,2026-07-20T11:45:00Z,2026-07-20T13:45:00+0200,7482.92,MW,NL,NL,forecast_load,Forecasted Load,2026-08-16T07:22:13Z
2026-08-16T07:18:28Z,2026-08-16T09:18:28+0200,aaa9bd4d-7504-4e17-a444-f570127b5d4f,2026-07-20T12:00:00Z,2026-07-20T14:00:00+0200,7584.23,MW,NL,NL,forecast_load,Forecasted Load,2026-08-16T07:22:13Z
2026-08-16T07:18:28Z,2026-08-16T09:18:28+0200,aaa9bd4d-7504-4e17-a444-f570127b5d4f,2026-07-20T12:15:00Z,2026-07-20T14:15:00+0200,7498.805,MW,NL,NL,forecast_load,Forecasted Load,2026-08-16T07:22:13Z
2026-08-16T07:18:28Z,2026-08-16T09:18:28+0200,aaa9bd4d-7504-4e17-a444-f570127b5d4f,2026-07-20T12:30:00Z,2026-07-20T14:30:00+0200,7368.411,MW,NL,NL,forecast_load,Forecasted Load,2026-08-16T07:22:13Z
2026-08-16T07:18:28Z,2026-08-16T09:18:28+0200,aaa9bd4d-7504-4e17-a444-f570127b5d4f,2026-07-20T12:45:00Z,2026-07-20T14:45:00+0200,7213.779,MW,NL,NL,forecast_load,Forecasted Load,2026-08-16T07:22:13Z
2026-08-16T07:18:28Z,2026-08-16T09:18:28+0200,aaa9bd4d-7504-4e17-a444-f570127b5d4f,2026-07-20T13:00:00Z,2026-07-20T15:00:00+0200,7310.092,MW,NL,NL,forecast_load,Forecasted Load,2026-08-16T07:22:13Z
2026-08-16T07:18:28Z,2026-08-16T09:18:28+0200,aaa9bd4d-7504-4e17-a444-f570127b5d4f,2026-07-20T13:15:00Z,2026-07-20T15:15:00+0200,7424.552,MW,NL,NL,forecast_load,Forecasted Load,2026-08-16T07:22:13Z
2026-08-16T07:18:28Z,2026-08-16T09:18:28+0200,aaa9bd4d-7504-4e17-a444-f570127b5d4f,2026-07-20T13:30:00Z,2026-07-20T15:30:00+0200,7516.505,MW,NL,NL,forecast_load,Forecasted Load,2026-08-16T07:22:13Z
2026-08-16T07:18:28Z,2026-08-16T09:18:28+0200,aaa9bd4d-7504-4e17-a444-f570127b5d4f,2026-07-20T13:45:00Z,2026-07-20T15:45:00+0200,7617.36,MW,NL,NL,forecast_load,Forecasted Load,2026-08-16T07:22:13Z
2026-08-16T07:18:28Z,2026-08-16T09:18:28+0200,aaa9bd4d-7504-4e17-a444-f570127b5d4f,2026-07-20T14:00:00Z,2026-07-20T16:00:00+0200,7751.363,MW,NL,NL,forecast_load,Forecasted Load,2026-08-16T07:22:13Z
2026-08-16T07:18:28Z,2026-08-16T09:18:28+0200,aaa9bd4d-7504-4e17-a444-f570127b5d4f,2026-07-20T14:15:00Z,2026-07-20T16:15:00+0200,7747.947,MW,NL,NL,forecast_load,Forecasted Load,2026-08-16T07:22:13Z
2026-08-16T07:18:28Z,2026-08-16T09:18:28+0200,aaa9bd4d-7504-4e17-a444-f570127b5d4f,2026-07-20T14:30:00Z,2026-07-20T16:30:00+0200,7825.707,MW,NL,NL,forecast_load,Forecasted Load,2026-08-16T07:22:13Z
2026-08-16T07:18:28Z,2026-08-16T09:18:28+0200,aaa9bd4d-7504-4e17-a444-f570127b5d4f,2026-07-20T14:45:00Z,2026-07-20T16:45:00+0200,8017.616,MW,NL,NL,forecast_load,Forecasted Load,2026-08-16T07:22:13Z
2026-08-16T07:18:28Z,2026-08-16T09:18:28+0200,aaa9bd4d-7504-4e17-a444-f570127b5d4f,2026-07-20T15:00:00Z,2026-07-20T17:00:00+0200,8185.334,MW,NL,NL,forecast_load,Forecasted Load,2026-08-16T07:22:13Z
2026-08-16T07:18:28Z,2026-08-16T09:18:28+0200,aaa9bd4d-7504-4e17-a444-f570127b5d4f,2026-07-20T15:15:00Z,2026-07-20T17:15:00+0200,8547.635,MW,NL,NL,forecast_load,Forecasted Load,2026-08-16T07:22:13Z
2026-08-16T07:18:28Z,2026-08-16T09:18:28+0200,aaa9bd4d-7504-4e17-a444-f570127b5d4f,2026-07-20T15:30:00Z,2026-07-20T17:30:00+0200,8909.741,MW,NL,NL,forecast_load,Forecasted Load,2026-08-16T07:22:13Z
2026-08-16T07:18:28Z,2026-08-16T09:18:28+0200,aaa9bd4d-7504-4e17-a444-f570127b5d4f,2026-07-20T15:45:00Z,2026-07-20T17:45:00+0200,9461.446,MW,NL,NL,forecast_load,Forecasted Load,2026-08-16T07:22:13Z
2026-08-16T07:18:28Z,2026-08-16T09:18:28+0200,aaa9bd4d-7504-4e17-a444-f570127b5d4f,2026-07-20T16:00:00Z,2026-07-20T18:00:00+0200,9522.182,MW,NL,NL,forecast_load,Forecasted Load,2026-08-16T07:22:13Z
2026-08-16T07:18:28Z,2026-08-16T09:18:28+0200,aaa9bd4d-7504-4e17-a444-f570127b5d4f,2026-07-20T16:15:00Z,2026-07-20T18:15:00+0200,9787.681,MW,NL,NL,forecast_load,Forecasted Load,2026-08-16T07:22:13Z
2026-08-16T07:18:28Z,2026-08-16T09:18:28+0200,aaa9bd4d-7504-4e17-a444-f570127b5d4f,2026-07-20T16:30:00Z,2026-07-20T18:30:00+0200,10009.69,MW,NL,NL,forecast_load,Forecasted Load,2026-08-16T07:22:13Z
2026-08-16T07:18:28Z,2026-08-16T09:18:28+0200,aaa9bd4d-7504-4e17-a444-f570127b5d4f,2026-07-20T16:45:00Z,2026-07-20T18:45:00+0200,10222.611,MW,NL,NL,forecast_load,Forecasted Load,2026-08-16T07:22:13Z
2026-08-16T07:18:28Z,2026-08-16T09:18:28+0200,aaa9bd4d-7504-4e17-a444-f570127b5d4f,2026-07-20T17:00:00Z,2026-07-20T19:00:00+0200,10404.581,MW,NL,NL,forecast_load,Forecasted Load,2026-08-16T07:22:13Z
2026-08-16T07:18:28Z,2026-08-16T09:18:28+0200,aaa9bd4d-7504-4e17-a444-f570127b5d4f,2026-07-20T17:15:00Z,2026-07-20T19:15:00+0200,10715.304,MW,NL,NL,forecast_load,Forecasted Load,2026-08-16T07:22:13Z
2026-08-16T07:18:28Z,2026-08-16T09:18:28+0200,aaa9bd4d-7504-4e17-a444-f570127b5d4f,2026-07-20T17:30:00Z,2026-07-20T19:30:00+0200,10986.713,MW,NL,NL,forecast_load,Forecasted Load,2026-08-16T07:22:13Z
2026-08-16T07:18:28Z,2026-08-16T09:18:28+0200,aaa9bd4d-7504-4e17-a444-f570127b5d4f,2026-07-20T17:45:00Z,2026-07-20T19:45:00+0200,11269.375,MW,NL,NL,forecast_load,Forecasted Load,2026-08-16T07:22:13Z
2026-08-16T07:18:28Z,2026-08-16T09:18:28+0200,aaa9bd4d-7504-4e17-a444-f570127b5d4f,2026-07-20T18:00:00Z,2026-07-20T20:00:00+0200,11472.86,MW,NL,NL,forecast_load,Forecasted Load,2026-08-16T07:22:13Z
2026-08-16T07:18:28Z,2026-08-16T09:18:28+0200,aaa9bd4d-7504-4e17-a444-f570127b5d4f,2026-07-20T18:15:00Z,2026-07-20T20:15:00+0200,11768.812,MW,NL,NL,forecast_load,Forecasted Load,2026-08-16T07:22:13Z
2026-08-16T07:18:28Z,2026-08-16T09:18:28+0200,aaa9bd4d-7504-4e17-a444-f570127b5d4f,2026-07-20T18:30:00Z,2026-07-20T20:30:00+0200,11987.218,MW,NL,NL,forecast_load,Forecasted Load,2026-08-16T07:22:13Z
2026-08-16T07:18:28Z,2026-08-16T09:18:28+0200,aaa9bd4d-7504-4e17-a444-f570127b5d4f,2026-07-20T18:45:00Z,2026-07-20T20:45:00+0200,12126.858,MW,NL,NL,forecast_load,Forecasted Load,2026-08-16T07:22:13Z
2026-08-16T07:18:28Z,2026-08-16T09:18:28+0200,aaa9bd4d-7504-4e17-a444-f570127b5d4f,2026-07-20T19:00:00Z,2026-07-20T21:00:00+0200,12222.247,MW,NL,NL,forecast_load,Forecasted Load,2026-08-16T07:22:13Z
2026-08-16T07:18:28Z,2026-08-16T09:18:28+0200,aaa9bd4d-7504-4e17-a444-f570127b5d4f,2026-07-20T19:15:00Z,2026-07-20T21:15:00+0200,12359.222,MW,NL,NL,forecast_load,Forecasted Load,2026-08-16T07:22:13Z
2026-08-16T07:18:28Z,2026-08-16T09:18:28+0200,aaa9bd4d-7504-4e17-a444-f570127b5d4f,2026-07-20T19:30:00Z,2026-07-20T21:30:00+0200,12461.19,MW,NL,NL,forecast_load,Forecasted Load,2026-08-16T07:22:13Z
2026-08-16T07:18:28Z,2026-08-16T09:18:28+0200,aaa9bd4d-7504-4e17-a444-f570127b5d4f,2026-07-20T19:45:00Z,2026-07-20T21:45:00+0200,12395.053,MW,NL,NL,forecast_load,Forecasted Load,2026-08-16T07:22:13Z
2026-08-16T07:18:28Z,2026-08-16T09:18:28+0200,aaa9bd4d-7504-4e17-a444-f570127b5d4f,2026-07-20T20:00:00Z,2026-07-20T22:00:00+0200,12392.971,MW,NL,NL,forecast_load,Forecasted Load,2026-08-16T07:22:13Z
2026-08-16T07:18:28Z,2026-08-16T09:18:28+0200,aaa9bd4d-7504-4e17-a444-f570127b5d4f,2026-07-20T20:15:00Z,2026-07-20T22:15:00+0200,12386.056,MW,NL,NL,forecast_load,Forecasted Load,2026-08-16T07:22:13Z
2026-08-16T07:18:28Z,2026-08-16T09:18:28+0200,aaa9bd4d-7504-4e17-a444-f570127b5d4f,2026-07-20T20:30:00Z,2026-07-20T22:30:00+0200,12388.306,MW,NL,NL,forecast_load,Forecasted Load,2026-08-16T07:22:13Z
2026-08-16T07:18:28Z,2026-08-16T09:18:28+0200,aaa9bd4d-7504-4e17-a444-f570127b5d4f,2026-07-20T20:45:00Z,2026-07-20T22:45:00+0200,12312.541,MW,NL,NL,forecast_load,Forecasted Load,2026-08-16T07:22:13Z
2026-08-16T07:18:28Z,2026-08-16T09:18:28+0200,aaa9bd4d-7504-4e17-a444-f570127b5d4f,2026-07-20T21:00:00Z,2026-07-20T23:00:00+0200,12160.573,MW,NL,NL,forecast_load,Forecasted Load,2026-08-16T07:22:13Z
2026-08-16T07:18:28Z,2026-08-16T09:18:28+0200,aaa9bd4d-7504-4e17-a444-f570127b5d4f,2026-07-20T21:15:00Z,2026-07-20T23:15:00+0200,12006.815,MW,NL,NL,forecast_load,Forecasted Load,2026-08-16T07:22:13Z
2026-08-16T07:18:28Z,2026-08-16T09:18:28+0200,aaa9bd4d-7504-4e17-a444-f570127b5d4f,2026-07-20T21:30:00Z,2026-07-20T23:30:00+0200,11962.537,MW,NL,NL,forecast_load,Forecasted Load,2026-08-16T07:22:13Z
2026-08-16T07:18:28Z,2026-08-16T09:18:28+0200,aaa9bd4d-7504-4e17-a444-f570127b5d4f,2026-07-20T21:45:00Z,2026-07-20T23:45:00+0200,11825.124,MW,NL,NL,forecast_load,Forecasted Load,2026-08-16T07:22:13Z
2026-08-16T07:18:28Z,2026-08-16T09:18:28+0200,aaa9bd4d-7504-4e17-a444-f570127b5d4f,2026-07-20T22:00:00Z,2026-07-21T00:00:00+0200,11595.441,MW,NL,NL,forecast_load,Forecasted Load,2026-08-16T07:22:13Z
2026-08-16T07:18:28Z,2026-08-16T09:18:28+0200,aaa9bd4d-7504-4e17-a444-f570127b5d4f,2026-07-20T22:15:00Z,2026-07-21T00:15:00+0200,11588.553,MW,NL,NL,forecast_load,Forecasted Load,2026-08-16T07:22:13Z
2026-08-16T07:18:28Z,2026-08-16T09:18:28+0200,aaa9bd4d-7504-4e17-a444-f570127b5d4f,2026-07-20T22:30:00Z,2026-07-21T00:30:00+0200,11358.657,MW,NL,NL,forecast_load,Forecasted Load,2026-08-16T07:22:13Z
2026-08-16T07:18:28Z,2026-08-16T09:18:28+0200,aaa9bd4d-7504-4e17-a444-f570127b5d4f,2026-07-20T22:45:00Z,2026-07-21T00:45:00+0200,11243.01,MW,NL,NL,forecast_load,Forecasted Load,2026-08-16T07:22:13Z
2026-08-16T07:18:28Z,2026-08-16T09:18:28+0200,aaa9bd4d-7504-4e17-a444-f570127b5d4f,2026-07-20T23:00:00Z,2026-07-21T01:00:00+0200,11232.933,MW,NL,NL,forecast_load,Forecasted Load,2026-08-16T07:22:13Z
2026-08-16T07:18:28Z,2026-08-16T09:18:28+0200,aaa9bd4d-7504-4e17-a444-f570127b5d4f,2026-07-20T23:15:00Z,2026-07-21T01:15:00+0200,11157.72,MW,NL,NL,forecast_load,Forecasted Load,2026-08-16T07:22:13Z
2026-08-16T07:18:28Z,2026-08-16T09:18:28+0200,aaa9bd4d-7504-4e17-a444-f570127b5d4f,2026-07-20T23:30:00Z,2026-07-21T01:30:00+0200,11021.938,MW,NL,NL,forecast_load,Forecasted Load,2026-08-16T07:22:13Z
2026-08-16T07:18:28Z,2026-08-16T09:18:28+0200,aaa9bd4d-7504-4e17-a444-f570127b5d4f,2026-07-20T23:45:00Z,2026-07-21T01:45:00+0200,10995.683,MW,NL,NL,forecast_load,Forecasted Load,2026-08-16T07:22:13Z
2026-08-16T07:18:28Z,2026-08-16T09:18:28+0200,aaa9bd4d-7504-4e17-a444-f570127b5d4f,2026-07-21T00:00:00Z,2026-07-21T02:00:00+0200,11049.555,MW,NL,NL,forecast_load,Forecasted Load,2026-08-16T07:22:13Z
2026-08-16T07:18:28Z,2026-08-16T09:18:28+0200,aaa9bd4d-7504-4e17-a444-f570127b5d4f,2026-07-21T00:15:00Z,2026-07-21T02:15:00+0200,11149.629,MW,NL,NL,forecast_load,Forecasted Load,2026-08-16T07:22:13Z
2026-08-16T07:18:28Z,2026-08-16T09:18:28+0200,aaa9bd4d-7504-4e17-a444-f570127b5d4f,2026-07-21T00:30:00Z,2026-07-21T02:30:00+0200,11151.07,MW,NL,NL,forecast_load,Forecasted Load,2026-08-16T07:22:13Z
2026-08-16T07:18:28Z,2026-08-16T09:18:28+0200,aaa9bd4d-7504-4e17-a444-f570127b5d4f,2026-07-21T00:45:00Z,2026-07-21T02:45:00+0200,11126.633,MW,NL,NL,forecast_load,Forecasted Load,2026-08-16T07:22:13Z
2026-08-16T07:18:28Z,2026-08-16T09:18:28+0200,aaa9bd4d-7504-4e17-a444-f570127b5d4f,2026-07-21T01:00:00Z,2026-07-21T03:00:00+0200,11133.485,MW,NL,NL,forecast_load,Forecasted Load,2026-08-16T07:22:13Z
2026-08-16T07:18:28Z,2026-08-16T09:18:28+0200,aaa9bd4d-7504-4e17-a444-f570127b5d4f,2026-07-21T01:15:00Z,2026-07-21T03:15:00+0200,11117.122,MW,NL,NL,forecast_load,Forecasted Load,2026-08-16T07:22:13Z
2026-08-16T07:18:28Z,2026-08-16T09:18:28+0200,aaa9bd4d-7504-4e17-a444-f570127b5d4f,2026-07-21T01:30:00Z,2026-07-21T03:30:00+0200,11079.697,MW,NL,NL,forecast_load,Forecasted Load,2026-08-16T07:22:13Z
2026-08-16T07:18:28Z,2026-08-16T09:18:28+0200,aaa9bd4d-7504-4e17-a444-f570127b5d4f,2026-07-21T01:45:00Z,2026-07-21T03:45:00+0200,11029.132,MW,NL,NL,forecast_load,Forecasted Load,2026-08-16T07:22:13Z
2026-08-16T07:18:28Z,2026-08-16T09:18:28+0200,aaa9bd4d-7504-4e17-a444-f570127b5d4f,2026-07-21T02:00:00Z,2026-07-21T04:00:00+0200,10997.1,MW,NL,NL,forecast_load,Forecasted Load,2026-08-16T07:22:13Z
2026-08-16T07:18:28Z,2026-08-16T09:18:28+0200,aaa9bd4d-7504-4e17-a444-f570127b5d4f,2026-07-21T02:15:00Z,2026-07-21T04:15:00+0200,10931.934,MW,NL,NL,forecast_load,Forecasted Load,2026-08-16T07:22:13Z
2026-08-16T07:18:28Z,2026-08-16T09:18:28+0200,aaa9bd4d-7504-4e17-a444-f570127b5d4f,2026-07-21T02:30:00Z,2026-07-21T04:30:00+0200,10976.103,MW,NL,NL,forecast_load,Forecasted Load,2026-08-16T07:22:13Z
2026-08-16T07:18:28Z,2026-08-16T09:18:28+0200,aaa9bd4d-7504-4e17-a444-f570127b5d4f,2026-07-21T02:45:00Z,2026-07-21T04:45:00+0200,11002.042,MW,NL,NL,forecast_load,Forecasted Load,2026-08-16T07:22:13Z
2026-08-16T07:18:28Z,2026-08-16T09:18:28+0200,aaa9bd4d-7504-4e17-a444-f570127b5d4f,2026-07-21T03:00:00Z,2026-07-21T05:00:00+0200,10997.868,MW,NL,NL,forecast_load,Forecasted Load,2026-08-16T07:22:13Z
2026-08-16T07:18:28Z,2026-08-16T09:18:28+0200,aaa9bd4d-7504-4e17-a444-f570127b5d4f,2026-07-21T03:15:00Z,2026-07-21T05:15:00+0200,10912.593,MW,NL,NL,forecast_load,Forecasted Load,2026-08-16T07:22:13Z
2026-08-16T07:18:28Z,2026-08-16T09:18:28+0200,aaa9bd4d-7504-4e17-a444-f570127b5d4f,2026-07-21T03:30:00Z,2026-07-21T05:30:00+0200,10882.147,MW,NL,NL,forecast_load,Forecasted Load,2026-08-16T07:22:13Z
2026-08-16T07:18:28Z,2026-08-16T09:18:28+0200,aaa9bd4d-7504-4e17-a444-f570127b5d4f,2026-07-21T03:45:00Z,2026-07-21T05:45:00+0200,10889.23,MW,NL,NL,forecast_load,Forecasted Load,2026-08-16T07:22:13Z
2026-08-16T07:18:28Z,2026-08-16T09:18:28+0200,aaa9bd4d-7504-4e17-a444-f570127b5d4f,2026-07-21T04:00:00Z,2026-07-21T06:00:00+0200,10922.433,MW,NL,NL,forecast_load,Forecasted Load,2026-08-16T07:22:13Z
2026-08-16T07:18:28Z,2026-08-16T09:18:28+0200,aaa9bd4d-7504-4e17-a444-f570127b5d4f,2026-07-21T04:15:00Z,2026-07-21T06:15:00+0200,11031.183,MW,NL,NL,forecast_load,Forecasted Load,2026-08-16T07:22:13Z
2026-08-16T07:18:28Z,2026-08-16T09:18:28+0200,aaa9bd4d-7504-4e17-a444-f570127b5d4f,2026-07-21T04:30:00Z,2026-07-21T06:30:00+0200,11025.338,MW,NL,NL,forecast_load,Forecasted Load,2026-08-16T07:22:13Z
2026-08-16T07:18:28Z,2026-08-16T09:18:28+0200,aaa9bd4d-7504-4e17-a444-f570127b5d4f,2026-07-21T04:45:00Z,2026-07-21T06:45:00+0200,11105.737,MW,NL,NL,forecast_load,Forecasted Load,2026-08-16T07:22:13Z
2026-08-16T07:18:28Z,2026-08-16T09:18:28+0200,aaa9bd4d-7504-4e17-a444-f570127b5d4f,2026-07-21T05:00:00Z,2026-07-21T07:00:00+0200,11162.461,MW,NL,NL,forecast_load,Forecasted Load,2026-08-16T07:22:13Z
2026-08-16T07:18:28Z,2026-08-16T09:18:28+0200,aaa9bd4d-7504-4e17-a444-f570127b5d4f,2026-07-21T05:15:00Z,2026-07-21T07:15:00+0200,11157.118,MW,NL,NL,forecast_load,Forecasted Load,2026-08-16T07:22:13Z
2026-08-16T07:18:28Z,2026-08-16T09:18:28+0200,aaa9bd4d-7504-4e17-a444-f570127b5d4f,2026-07-21T05:30:00Z,2026-07-21T07:30:00+0200,11162.251,MW,NL,NL,forecast_load,Forecasted Load,2026-08-16T07:22:13Z
2026-08-16T07:18:28Z,2026-08-16T09:18:28+0200,aaa9bd4d-7504-4e17-a444-f570127b5d4f,2026-07-21T05:45:00Z,2026-07-21T07:45:00+0200,11201.923,MW,NL,NL,forecast_load,Forecasted Load,2026-08-16T07:22:13Z
2026-08-16T07:18:28Z,2026-08-16T09:18:28+0200,aaa9bd4d-7504-4e17-a444-f570127b5d4f,2026-07-21T06:00:00Z,2026-07-21T08:00:00+0200,11137.622,MW,NL,NL,forecast_load,Forecasted Load,2026-08-16T07:22:13Z
2026-08-16T07:18:28Z,2026-08-16T09:18:28+0200,aaa9bd4d-7504-4e17-a444-f570127b5d4f,2026-07-21T06:15:00Z,2026-07-21T08:15:00+0200,10858.221,MW,NL,NL,forecast_load,Forecasted Load,2026-08-16T07:22:13Z
2026-08-16T07:18:28Z,2026-08-16T09:18:28+0200,aaa9bd4d-7504-4e17-a444-f570127b5d4f,2026-07-21T06:30:00Z,2026-07-21T08:30:00+0200,10686.717,MW,NL,NL,forecast_load,Forecasted Load,2026-08-16T07:22:13Z
2026-08-16T07:18:28Z,2026-08-16T09:18:28+0200,aaa9bd4d-7504-4e17-a444-f570127b5d4f,2026-07-21T06:45:00Z,2026-07-21T08:45:00+0200,10449.103,MW,NL,NL,forecast_load,Forecasted Load,2026-08-16T07:22:13Z
2026-08-16T07:18:28Z,2026-08-16T09:18:28+0200,aaa9bd4d-7504-4e17-a444-f570127b5d4f,2026-07-21T07:00:00Z,2026-07-21T09:00:00+0200,10263.04,MW,NL,NL,forecast_load,Forecasted Load,2026-08-16T07:22:13Z
2026-08-16T07:18:28Z,2026-08-16T09:18:28+0200,aaa9bd4d-7504-4e17-a444-f570127b5d4f,2026-07-21T07:15:00Z,2026-07-21T09:15:00+0200,9990.653,MW,NL,NL,forecast_load,Forecasted Load,2026-08-16T07:22:13Z
2026-08-16T07:18:28Z,2026-08-16T09:18:28+0200,aaa9bd4d-7504-4e17-a444-f570127b5d4f,2026-07-21T07:30:00Z,2026-07-21T09:30:00+0200,9592.695,MW,NL,NL,forecast_load,Forecasted Load,2026-08-16T07:22:13Z
2026-08-16T07:18:28Z,2026-08-16T09:18:28+0200,aaa9bd4d-7504-4e17-a444-f570127b5d4f,2026-07-21T07:45:00Z,2026-07-21T09:45:00+0200,9236.063,MW,NL,NL,forecast_load,Forecasted Load,2026-08-16T07:22:13Z
2026-08-16T07:18:28Z,2026-08-16T09:18:28+0200,aaa9bd4d-7504-4e17-a444-f570127b5d4f,2026-07-21T08:00:00Z,2026-07-21T10:00:00+0200,8937.13,MW,NL,NL,forecast_load,Forecasted Load,2026-08-16T07:22:13Z
2026-08-16T07:18:28Z,2026-08-16T09:18:28+0200,aaa9bd4d-7504-4e17-a444-f570127b5d4f,2026-07-21T08:15:00Z,2026-07-21T10:15:00+0200,8727.302,MW,NL,NL,forecast_load,Forecasted Load,2026-08-16T07:22:13Z
2026-08-16T07:18:28Z,2026-08-16T09:18:28+0200,aaa9bd4d-7504-4e17-a444-f570127b5d4f,2026-07-21T08:30:00Z,2026-07-21T10:30:00+0200,8483.598,MW,NL,NL,forecast_load,Forecasted Load,2026-08-16T07:22:13Z
2026-08-16T07:18:28Z,2026-08-16T09:18:28+0200,aaa9bd4d-7504-4e17-a444-f570127b5d4f,2026-07-21T08:45:00Z,2026-07-21T10:45:00+0200,8085.195,MW,NL,NL,forecast_load,Forecasted Load,2026-08-16T07:22:13Z
2026-08-16T07:18:28Z,2026-08-16T09:18:28+0200,aaa9bd4d-7504-4e17-a444-f570127b5d4f,2026-07-21T09:00:00Z,2026-07-21T11:00:00+0200,7920.62,MW,NL,NL,forecast_load,Forecasted Load,2026-08-16T07:22:13Z
2026-08-16T07:18:28Z,2026-08-16T09:18:28+0200,aaa9bd4d-7504-4e17-a444-f570127b5d4f,2026-07-21T09:15:00Z,2026-07-21T11:15:00+0200,7723.257,MW,NL,NL,forecast_load,Forecasted Load,2026-08-16T07:22:13Z
2026-08-16T07:18:28Z,2026-08-16T09:18:28+0200,aaa9bd4d-7504-4e17-a444-f570127b5d4f,2026-07-21T09:30:00Z,2026-07-21T11:30:00+0200,7456.129,MW,NL,NL,forecast_load,Forecasted Load,2026-08-16T07:22:13Z
2026-08-16T07:18:28Z,2026-08-16T09:18:28+0200,aaa9bd4d-7504-4e17-a444-f570127b5d4f,2026-07-21T09:45:00Z,2026-07-21T11:45:00+0200,7308.166,MW,NL,NL,forecast_load,Forecasted Load,2026-08-16T07:22:13Z
2026-08-16T07:18:28Z,2026-08-16T09:18:28+0200,aaa9bd4d-7504-4e17-a444-f570127b5d4f,2026-07-21T10:00:00Z,2026-07-21T12:00:00+0200,7067.575,MW,NL,NL,forecast_load,Forecasted Load,2026-08-16T07:22:13Z
2026-08-16T07:18:28Z,2026-08-16T09:18:28+0200,aaa9bd4d-7504-4e17-a444-f570127b5d4f,2026-07-21T10:15:00Z,2026-07-21T12:15:00+0200,6687.58,MW,NL,NL,forecast_load,Forecasted Load,2026-08-16T07:22:13Z
2026-08-16T07:18:28Z,2026-08-16T09:18:28+0200,aaa9bd4d-7504-4e17-a444-f570127b5d4f,2026-07-21T10:30:00Z,2026-07-21T12:30:00+0200,6708.665,MW,NL,NL,forecast_load,Forecasted Load,2026-08-16T07:22:13Z
2026-08-16T07:18:28Z,2026-08-16T09:18:28+0200,aaa9bd4d-7504-4e17-a444-f570127b5d4f,2026-07-21T10:45:00Z,2026-07-21T12:45:00+0200,6517.128,MW,NL,NL,forecast_load,Forecasted Load,2026-08-16T07:22:13Z
2026-08-16T07:18:28Z,2026-08-16T09:18:28+0200,aaa9bd4d-7504-4e17-a444-f570127b5d4f,2026-07-21T11:00:00Z,2026-07-21T13:00:00+0200,6630.079,MW,NL,NL,forecast_load,Forecasted Load,2026-08-16T07:22:13Z
2026-08-16T07:18:28Z,2026-08-16T09:18:28+0200,aaa9bd4d-7504-4e17-a444-f570127b5d4f,2026-07-21T11:15:00Z,2026-07-21T13:15:00+0200,6774.941,MW,NL,NL,forecast_load,Forecasted Load,2026-08-16T07:22:13Z
2026-08-16T07:18:28Z,2026-08-16T09:18:28+0200,aaa9bd4d-7504-4e17-a444-f570127b5d4f,2026-07-21T11:30:00Z,2026-07-21T13:30:00+0200,6770.208,MW,NL,NL,forecast_load,Forecasted Load,2026-08-16T07:22:13Z
2026-08-16T07:18:28Z,2026-08-16T09:18:28+0200,aaa9bd4d-7504-4e17-a444-f570127b5d4f,2026-07-21T11:45:00Z,2026-07-21T13:45:00+0200,6936.339,MW,NL,NL,forecast_load,Forecasted Load,2026-08-16T07:22:13Z
2026-08-16T07:18:28Z,2026-08-16T09:18:28+0200,aaa9bd4d-7504-4e17-a444-f570127b5d4f,2026-07-21T12:00:00Z,2026-07-21T14:00:00+0200,6859.631,MW,NL,NL,forecast_load,Forecasted Load,2026-08-16T07:22:13Z
2026-08-16T07:18:28Z,2026-08-16T09:18:28+0200,aaa9bd4d-7504-4e17-a444-f570127b5d4f,2026-07-21T12:15:00Z,2026-07-21T14:15:00+0200,6871.098,MW,NL,NL,forecast_load,Forecasted Load,2026-08-16T07:22:13Z
2026-08-16T07:18:28Z,2026-08-16T09:18:28+0200,aaa9bd4d-7504-4e17-a444-f570127b5d4f,2026-07-21T12:30:00Z,2026-07-21T14:30:00+0200,6785.539,MW,NL,NL,forecast_load,Forecasted Load,2026-08-16T07:22:13Z
2026-08-16T07:18:28Z,2026-08-16T09:18:28+0200,aaa9bd4d-7504-4e17-a444-f570127b5d4f,2026-07-21T12:45:00Z,2026-07-21T14:45:00+0200,6953.416,MW,NL,NL,forecast_load,Forecasted Load,2026-08-16T07:22:13Z
2026-08-16T07:18:28Z,2026-08-16T09:18:28+0200,aaa9bd4d-7504-4e17-a444-f570127b5d4f,2026-07-21T13:00:00Z,2026-07-21T15:00:00+0200,7034.346,MW,NL,NL,forecast_load,Forecasted Load,2026-08-16T07:22:13Z
2026-08-16T07:18:28Z,2026-08-16T09:18:28+0200,aaa9bd4d-7504-4e17-a444-f570127b5d4f,2026-07-21T13:15:00Z,2026-07-21T15:15:00+0200,7100.285,MW,NL,NL,forecast_load,Forecasted Load,2026-08-16T07:22:13Z
2026-08-16T07:18:28Z,2026-08-16T09:18:28+0200,aaa9bd4d-7504-4e17-a444-f570127b5d4f,2026-07-21T13:30:00Z,2026-07-21T15:30:00+0200,7192.047,MW,NL,NL,forecast_load,Forecasted Load,2026-08-16T07:22:13Z
2026-08-16T07:18:28Z,2026-08-16T09:18:28+0200,aaa9bd4d-7504-4e17-a444-f570127b5d4f,2026-07-21T13:45:00Z,2026-07-21T15:45:00+0200,7355.26,MW,NL,NL,forecast_load,Forecasted Load,2026-08-16T07:22:13Z
2026-08-16T07:18:28Z,2026-08-16T09:18:28+0200,aaa9bd4d-7504-4e17-a444-f570127b5d4f,2026-07-21T14:00:00Z,2026-07-21T16:00:00+0200,7458.663,MW,NL,NL,forecast_load,Forecasted Load,2026-08-16T07:22:13Z
2026-08-16T07:18:28Z,2026-08-16T09:18:28+0200,aaa9bd4d-7504-4e17-a444-f570127b5d4f,2026-07-21T14:15:00Z,2026-07-21T16:15:00+0200,7815.126,MW,NL,NL,forecast_load,Forecasted Load,2026-08-16T07:22:13Z
2026-08-16T07:18:28Z,2026-08-16T09:18:28+0200,aaa9bd4d-7504-4e17-a444-f570127b5d4f,2026-07-21T14:30:00Z,2026-07-21T16:30:00+0200,8019.265,MW,NL,NL,forecast_load,Forecasted Load,2026-08-16T07:22:13Z
2026-08-16T07:18:28Z,2026-08-16T09:18:28+0200,aaa9bd4d-7504-4e17-a444-f570127b5d4f,2026-07-21T14:45:00Z,2026-07-21T16:45:00+0200,8284.183,MW,NL,NL,forecast_load,Forecasted Load,2026-08-16T07:22:13Z
2026-08-16T07:18:28Z,2026-08-16T09:18:28+0200,aaa9bd4d-7504-4e17-a444-f570127b5d4f,2026-07-21T15:00:00Z,2026-07-21T17:00:00+0200,8529.523,MW,NL,NL,forecast_load,Forecasted Load,2026-08-16T07:22:13Z
2026-08-16T07:18:28Z,2026-08-16T09:18:28+0200,aaa9bd4d-7504-4e17-a444-f570127b5d4f,2026-07-21T15:15:00Z,2026-07-21T17:15:00+0200,8818.075,MW,NL,NL,forecast_load,Forecasted Load,2026-08-16T07:22:13Z
2026-08-16T07:18:28Z,2026-08-16T09:18:28+0200,aaa9bd4d-7504-4e17-a444-f570127b5d4f,2026-07-21T15:30:00Z,2026-07-21T17:30:00+0200,9141.851,MW,NL,NL,forecast_load,Forecasted Load,2026-08-16T07:22:13Z
2026-08-16T07:18:28Z,2026-08-16T09:18:28+0200,aaa9bd4d-7504-4e17-a444-f570127b5d4f,2026-07-21T15:45:00Z,2026-07-21T17:45:00+0200,9349.664,MW,NL,NL,forecast_load,Forecasted Load,2026-08-16T07:22:13Z
2026-08-16T07:18:28Z,2026-08-16T09:18:28+0200,aaa9bd4d-7504-4e17-a444-f570127b5d4f,2026-07-21T16:00:00Z,2026-07-21T18:00:00+0200,9414.528,MW,NL,NL,forecast_load,Forecasted Load,2026-08-16T07:22:13Z
2026-08-16T07:18:28Z,2026-08-16T09:18:28+0200,aaa9bd4d-7504-4e17-a444-f570127b5d4f,2026-07-21T16:15:00Z,2026-07-21T18:15:00+0200,9787.053,MW,NL,NL,forecast_load,Forecasted Load,2026-08-16T07:22:13Z
2026-08-16T07:18:28Z,2026-08-16T09:18:28+0200,aaa9bd4d-7504-4e17-a444-f570127b5d4f,2026-07-21T16:30:00Z,2026-07-21T18:30:00+0200,10052.213,MW,NL,NL,forecast_load,Forecasted Load,2026-08-16T07:22:13Z
2026-08-16T07:18:28Z,2026-08-16T09:18:28+0200,aaa9bd4d-7504-4e17-a444-f570127b5d4f,2026-07-21T16:45:00Z,2026-07-21T18:45:00+0200,10307.165,MW,NL,NL,forecast_load,Forecasted Load,2026-08-16T07:22:13Z
2026-08-16T07:18:28Z,2026-08-16T09:18:28+0200,aaa9bd4d-7504-4e17-a444-f570127b5d4f,2026-07-21T17:00:00Z,2026-07-21T19:00:00+0200,10571.461,MW,NL,NL,forecast_load,Forecasted Load,2026-08-16T07:22:13Z
2026-08-16T07:18:28Z,2026-08-16T09:18:28+0200,aaa9bd4d-7504-4e17-a444-f570127b5d4f,2026-07-21T17:15:00Z,2026-07-21T19:15:00+0200,10862.291,MW,NL,NL,forecast_load,Forecasted Load,2026-08-16T07:22:13Z
2026-08-16T07:18:28Z,2026-08-16T09:18:28+0200,aaa9bd4d-7504-4e17-a444-f570127b5d4f,2026-07-21T17:30:00Z,2026-07-21T19:30:00+0200,11038.449,MW,NL,NL,forecast_load,Forecasted Load,2026-08-16T07:22:13Z
2026-08-16T07:18:28Z,2026-08-16T09:18:28+0200,aaa9bd4d-7504-4e17-a444-f570127b5d4f,2026-07-21T17:45:00Z,2026-07-21T19:45:00+0200,11311.982,MW,NL,NL,forecast_load,Forecasted Load,2026-08-16T07:22:13Z
2026-08-16T07:18:28Z,2026-08-16T09:18:28+0200,aaa9bd4d-7504-4e17-a444-f570127b5d4f,2026-07-21T18:00:00Z,2026-07-21T20:00:00+0200,11463.238,MW,NL,NL,forecast_load,Forecasted Load,2026-08-16T07:22:13Z
2026-08-16T07:18:28Z,2026-08-16T09:18:28+0200,aaa9bd4d-7504-4e17-a444-f570127b5d4f,2026-07-21T18:15:00Z,2026-07-21T20:15:00+0200,11610.069,MW,NL,NL,forecast_load,Forecasted Load,2026-08-16T07:22:13Z
2026-08-16T07:18:28Z,2026-08-16T09:18:28+0200,aaa9bd4d-7504-4e17-a444-f570127b5d4f,2026-07-21T18:30:00Z,2026-07-21T20:30:00+0200,11719.088,MW,NL,NL,forecast_load,Forecasted Load,2026-08-16T07:22:13Z
2026-08-16T07:18:28Z,2026-08-16T09:18:28+0200,aaa9bd4d-7504-4e17-a444-f570127b5d4f,2026-07-21T18:45:00Z,2026-07-21T20:45:00+0200,11816.834,MW,NL,NL,forecast_load,Forecasted Load,2026-08-16T07:22:13Z
2026-08-16T07:18:28Z,2026-08-16T09:18:28+0200,aaa9bd4d-7504-4e17-a444-f570127b5d4f,2026-07-21T19:00:00Z,2026-07-21T21:00:00+0200,11884.3,MW,NL,NL,forecast_load,Forecasted Load,2026-08-16T07:22:13Z
2026-08-16T07:18:28Z,2026-08-16T09:18:28+0200,aaa9bd4d-7504-4e17-a444-f570127b5d4f,2026-07-21T19:15:00Z,2026-07-21T21:15:00+0200,11859.345,MW,NL,NL,forecast_load,Forecasted Load,2026-08-16T07:22:13Z
2026-08-16T07:18:28Z,2026-08-16T09:18:28+0200,aaa9bd4d-7504-4e17-a444-f570127b5d4f,2026-07-21T19:30:00Z,2026-07-21T21:30:00+0200,11962.915,MW,NL,NL,forecast_load,Forecasted Load,2026-08-16T07:22:13Z
2026-08-16T07:18:28Z,2026-08-16T09:18:28+0200,aaa9bd4d-7504-4e17-a444-f570127b5d4f,2026-07-21T19:45:00Z,2026-07-21T21:45:00+0200,12030.602,MW,NL,NL,forecast_load,Forecasted Load,2026-08-16T07:22:13Z
2026-08-16T07:18:28Z,2026-08-16T09:18:28+0200,aaa9bd4d-7504-4e17-a444-f570127b5d4f,2026-07-21T20:00:00Z,2026-07-21T22:00:00+0200,12007.446,MW,NL,NL,forecast_load,Forecasted Load,2026-08-16T07:22:13Z
2026-08-16T07:18:28Z,2026-08-16T09:18:28+0200,aaa9bd4d-7504-4e17-a444-f570127b5d4f,2026-07-21T20:15:00Z,2026-07-21T22:15:00+0200,11923.708,MW,NL,NL,forecast_load,Forecasted Load,2026-08-16T07:22:13Z
2026-08-16T07:18:28Z,2026-08-16T09:18:28+0200,aaa9bd4d-7504-4e17-a444-f570127b5d4f,2026-07-21T20:30:00Z,2026-07-21T22:30:00+0200,11949.094,MW,NL,NL,forecast_load,Forecasted Load,2026-08-16T07:22:13Z
2026-08-16T07:18:28Z,2026-08-16T09:18:28+0200,aaa9bd4d-7504-4e17-a444-f570127b5d4f,2026-07-21T20:45:00Z,2026-07-21T22:45:00+0200,11926.943,MW,NL,NL,forecast_load,Forecasted Load,2026-08-16T07:22:13Z
2026-08-16T07:18:28Z,2026-08-16T09:18:28+0200,aaa9bd4d-7504-4e17-a444-f570127b5d4f,2026-07-21T21:00:00Z,2026-07-21T23:00:00+0200,11857.556,MW,NL,NL,forecast_load,Forecasted Load,2026-08-16T07:22:13Z
2026-08-16T07:18:28Z,2026-08-16T09:18:28+0200,aaa9bd4d-7504-4e17-a444-f570127b5d4f,2026-07-21T21:15:00Z,2026-07-21T23:15:00+0200,11776.862,MW,NL,NL,forecast_load,Forecasted Load,2026-08-16T07:22:13Z
2026-08-16T07:18:28Z,2026-08-16T09:18:28+0200,aaa9bd4d-7504-4e17-a444-f570127b5d4f,2026-07-21T21:30:00Z,2026-07-21T23:30:00+0200,11664.645,MW,NL,NL,forecast_load,Forecasted Load,2026-08-16T07:22:13Z
2026-08-16T07:18:28Z,2026-08-16T09:18:28+0200,aaa9bd4d-7504-4e17-a444-f570127b5d4f,2026-07-21T21:45:00Z,2026-07-21T23:45:00+0200,11564.954,MW,NL,NL,forecast_load,Forecasted Load,2026-08-16T07:22:13Z
2026-08-16T07:18:28Z,2026-08-16T09:18:28+0200,aaa9bd4d-7504-4e17-a444-f570127b5d4f,2026-07-21T22:00:00Z,2026-07-22T00:00:00+0200,11516.842,MW,NL,NL,forecast_load,Forecasted Load,2026-08-16T07:22:13Z
2026-08-16T07:18:28Z,2026-08-16T09:18:28+0200,aaa9bd4d-7504-4e17-a444-f570127b5d4f,2026-07-21T22:15:00Z,2026-07-22T00:15:00+0200,11497.563,MW,NL,NL,forecast_load,Forecasted Load,2026-08-16T07:22:13Z
2026-08-16T07:18:28Z,2026-08-16T09:18:28+0200,aaa9bd4d-7504-4e17-a444-f570127b5d4f,2026-07-21T22:30:00Z,2026-07-22T00:30:00+0200,11396.259,MW,NL,NL,forecast_load,Forecasted Load,2026-08-16T07:22:13Z
2026-08-16T07:18:28Z,2026-08-16T09:18:28+0200,aaa9bd4d-7504-4e17-a444-f570127b5d4f,2026-07-21T22:45:00Z,2026-07-22T00:45:00+0200,11334.471,MW,NL,NL,forecast_load,Forecasted Load,2026-08-16T07:22:13Z
2026-08-16T07:18:28Z,2026-08-16T09:18:28+0200,aaa9bd4d-7504-4e17-a444-f570127b5d4f,2026-07-21T23:00:00Z,2026-07-22T01:00:00+0200,11258.313,MW,NL,NL,forecast_load,Forecasted Load,2026-08-16T07:22:13Z
2026-08-16T07:18:28Z,2026-08-16T09:18:28+0200,aaa9bd4d-7504-4e17-a444-f570127b5d4f,2026-07-21T23:15:00Z,2026-07-22T01:15:00+0200,11202.316,MW,NL,NL,forecast_load,Forecasted Load,2026-08-16T07:22:13Z
2026-08-16T07:18:28Z,2026-08-16T09:18:28+0200,aaa9bd4d-7504-4e17-a444-f570127b5d4f,2026-07-21T23:30:00Z,2026-07-22T01:30:00+0200,11223.2,MW,NL,NL,forecast_load,Forecasted Load,2026-08-16T07:22:13Z
2026-08-16T07:18:28Z,2026-08-16T09:18:28+0200,aaa9bd4d-7504-4e17-a444-f570127b5d4f,2026-07-21T23:45:00Z,2026-07-22T01:45:00+0200,11197.446,MW,NL,NL,forecast_load,Forecasted Load,2026-08-16T07:22:13Z
2026-08-16T07:18:28Z,2026-08-16T09:18:28+0200,aaa9bd4d-7504-4e17-a444-f570127b5d4f,2026-07-22T00:00:00Z,2026-07-22T02:00:00+0200,11128.94,MW,NL,NL,forecast_load,Forecasted Load,2026-08-16T07:22:13Z
2026-08-16T07:18:28Z,2026-08-16T09:18:28+0200,aaa9bd4d-7504-4e17-a444-f570127b5d4f,2026-07-22T00:15:00Z,2026-07-22T02:15:00+0200,11101.605,MW,NL,NL,forecast_load,Forecasted Load,2026-08-16T07:22:13Z
2026-08-16T07:18:28Z,2026-08-16T09:18:28+0200,aaa9bd4d-7504-4e17-a444-f570127b5d4f,2026-07-22T00:30:00Z,2026-07-22T02:30:00+0200,11067.208,MW,NL,NL,forecast_load,Forecasted Load,2026-08-16T07:22:13Z
2026-08-16T07:18:28Z,2026-08-16T09:18:28+0200,aaa9bd4d-7504-4e17-a444-f570127b5d4f,2026-07-22T00:45:00Z,2026-07-22T02:45:00+0200,11013.952,MW,NL,NL,forecast_load,Forecasted Load,2026-08-16T07:22:13Z
2026-08-16T07:18:28Z,2026-08-16T09:18:28+0200,aaa9bd4d-7504-4e17-a444-f570127b5d4f,2026-07-22T01:00:00Z,2026-07-22T03:00:00+0200,10994.06,MW,NL,NL,forecast_load,Forecasted Load,2026-08-16T07:22:13Z
2026-08-16T07:18:28Z,2026-08-16T09:18:28+0200,aaa9bd4d-7504-4e17-a444-f570127b5d4f,2026-07-22T01:15:00Z,2026-07-22T03:15:00+0200,11051.659,MW,NL,NL,forecast_load,Forecasted Load,2026-08-16T07:22:13Z
2026-08-16T07:18:28Z,2026-08-16T09:18:28+0200,aaa9bd4d-7504-4e17-a444-f570127b5d4f,2026-07-22T01:30:00Z,2026-07-22T03:30:00+0200,11042.295,MW,NL,NL,forecast_load,Forecasted Load,2026-08-16T07:22:13Z
2026-08-16T07:18:28Z,2026-08-16T09:18:28+0200,aaa9bd4d-7504-4e17-a444-f570127b5d4f,2026-07-22T01:45:00Z,2026-07-22T03:45:00+0200,11027.183,MW,NL,NL,forecast_load,Forecasted Load,2026-08-16T07:22:13Z
2026-08-16T07:18:28Z,2026-08-16T09:18:28+0200,aaa9bd4d-7504-4e17-a444-f570127b5d4f,2026-07-22T02:00:00Z,2026-07-22T04:00:00+0200,11006.469,MW,NL,NL,forecast_load,Forecasted Load,2026-08-16T07:22:13Z
2026-08-16T07:18:28Z,2026-08-16T09:18:28+0200,aaa9bd4d-7504-4e17-a444-f570127b5d4f,2026-07-22T02:15:00Z,2026-07-22T04:15:00+0200,10971.185,MW,NL,NL,forecast_load,Forecasted Load,2026-08-16T07:22:13Z
2026-08-16T07:18:28Z,2026-08-16T09:18:28+0200,aaa9bd4d-7504-4e17-a444-f570127b5d4f,2026-07-22T02:30:00Z,2026-07-22T04:30:00+0200,10930.669,MW,NL,NL,forecast_load,Forecasted Load,2026-08-16T07:22:13Z
2026-08-16T07:18:28Z,2026-08-16T09:18:28+0200,aaa9bd4d-7504-4e17-a444-f570127b5d4f,2026-07-22T02:45:00Z,2026-07-22T04:45:00+0200,10929.479,MW,NL,NL,forecast_load,Forecasted Load,2026-08-16T07:22:13Z
2026-08-16T07:18:28Z,2026-08-16T09:18:28+0200,aaa9bd4d-7504-4e17-a444-f570127b5d4f,2026-07-22T03:00:00Z,2026-07-22T05:00:00+0200,10939.705,MW,NL,NL,forecast_load,Forecasted Load,2026-08-16T07:22:13Z
2026-08-16T07:18:28Z,2026-08-16T09:18:28+0200,aaa9bd4d-7504-4e17-a444-f570127b5d4f,2026-07-22T03:15:00Z,2026-07-22T05:15:00+0200,10928.263,MW,NL,NL,forecast_load,Forecasted Load,2026-08-16T07:22:13Z
2026-08-16T07:18:28Z,2026-08-16T09:18:28+0200,aaa9bd4d-7504-4e17-a444-f570127b5d4f,2026-07-22T03:30:00Z,2026-07-22T05:30:00+0200,10939.537,MW,NL,NL,forecast_load,Forecasted Load,2026-08-16T07:22:13Z
2026-08-16T07:18:28Z,2026-08-16T09:18:28+0200,aaa9bd4d-7504-4e17-a444-f570127b5d4f,2026-07-22T03:45:00Z,2026-07-22T05:45:00+0200,10966.953,MW,NL,NL,forecast_load,Forecasted Load,2026-08-16T07:22:13Z
2026-08-16T07:18:28Z,2026-08-16T09:18:28+0200,aaa9bd4d-7504-4e17-a444-f570127b5d4f,2026-07-22T04:00:00Z,2026-07-22T06:00:00+0200,11002.962,MW,NL,NL,forecast_load,Forecasted Load,2026-08-16T07:22:13Z
2026-08-16T07:18:28Z,2026-08-16T09:18:28+0200,aaa9bd4d-7504-4e17-a444-f570127b5d4f,2026-07-22T04:15:00Z,2026-07-22T06:15:00+0200,11003.503,MW,NL,NL,forecast_load,Forecasted Load,2026-08-16T07:22:13Z
2026-08-16T07:18:28Z,2026-08-16T09:18:28+0200,aaa9bd4d-7504-4e17-a444-f570127b5d4f,2026-07-22T04:30:00Z,2026-07-22T06:30:00+0200,10954.612,MW,NL,NL,forecast_load,Forecasted Load,2026-08-16T07:22:13Z
2026-08-16T07:18:28Z,2026-08-16T09:18:28+0200,aaa9bd4d-7504-4e17-a444-f570127b5d4f,2026-07-22T04:45:00Z,2026-07-22T06:45:00+0200,11099.245,MW,NL,NL,forecast_load,Forecasted Load,2026-08-16T07:22:13Z
2026-08-16T07:18:28Z,2026-08-16T09:18:28+0200,aaa9bd4d-7504-4e17-a444-f570127b5d4f,2026-07-22T05:00:00Z,2026-07-22T07:00:00+0200,11247.07,MW,NL,NL,forecast_load,Forecasted Load,2026-08-16T07:22:13Z
2026-08-16T07:18:28Z,2026-08-16T09:18:28+0200,aaa9bd4d-7504-4e17-a444-f570127b5d4f,2026-07-22T05:15:00Z,2026-07-22T07:15:00+0200,11348.774,MW,NL,NL,forecast_load,Forecasted Load,2026-08-16T07:22:13Z
2026-08-16T07:18:28Z,2026-08-16T09:18:28+0200,aaa9bd4d-7504-4e17-a444-f570127b5d4f,2026-07-22T05:30:00Z,2026-07-22T07:30:00+0200,11411.275,MW,NL,NL,forecast_load,Forecasted Load,2026-08-16T07:22:13Z
2026-08-16T07:18:28Z,2026-08-16T09:18:28+0200,aaa9bd4d-7504-4e17-a444-f570127b5d4f,2026-07-22T05:45:00Z,2026-07-22T07:45:00+0200,11446.714,MW,NL,NL,forecast_load,Forecasted Load,2026-08-16T07:22:13Z
2026-08-16T07:18:28Z,2026-08-16T09:18:28+0200,aaa9bd4d-7504-4e17-a444-f570127b5d4f,2026-07-22T06:00:00Z,2026-07-22T08:00:00+0200,11579.117,MW,NL,NL,forecast_load,Forecasted Load,2026-08-16T07:22:13Z
2026-08-16T07:18:28Z,2026-08-16T09:18:28+0200,aaa9bd4d-7504-4e17-a444-f570127b5d4f,2026-07-22T06:15:00Z,2026-07-22T08:15:00+0200,11359.747,MW,NL,NL,forecast_load,Forecasted Load,2026-08-16T07:22:13Z
2026-08-16T07:18:28Z,2026-08-16T09:18:28+0200,aaa9bd4d-7504-4e17-a444-f570127b5d4f,2026-07-22T06:30:00Z,2026-07-22T08:30:00+0200,11333.199,MW,NL,NL,forecast_load,Forecasted Load,2026-08-16T07:22:13Z
2026-08-16T07:18:28Z,2026-08-16T09:18:28+0200,aaa9bd4d-7504-4e17-a444-f570127b5d4f,2026-07-22T06:45:00Z,2026-07-22T08:45:00+0200,11364.215,MW,NL,NL,forecast_load,Forecasted Load,2026-08-16T07:22:13Z
2026-08-16T07:18:28Z,2026-08-16T09:18:28+0200,aaa9bd4d-7504-4e17-a444-f570127b5d4f,2026-07-22T07:00:00Z,2026-07-22T09:00:00+0200,11326.342,MW,NL,NL,forecast_load,Forecasted Load,2026-08-16T07:22:13Z
2026-08-16T07:18:28Z,2026-08-16T09:18:28+0200,aaa9bd4d-7504-4e17-a444-f570127b5d4f,2026-07-22T07:15:00Z,2026-07-22T09:15:00+0200,11326.914,MW,NL,NL,forecast_load,Forecasted Load,2026-08-16T07:22:13Z
2026-08-16T07:18:28Z,2026-08-16T09:18:28+0200,aaa9bd4d-7504-4e17-a444-f570127b5d4f,2026-07-22T07:30:00Z,2026-07-22T09:30:00+0200,11308.057,MW,NL,NL,forecast_load,Forecasted Load,2026-08-16T07:22:13Z
2026-08-16T07:18:28Z,2026-08-16T09:18:28+0200,aaa9bd4d-7504-4e17-a444-f570127b5d4f,2026-07-22T07:45:00Z,2026-07-22T09:45:00+0200,11207.964,MW,NL,NL,forecast_load,Forecasted Load,2026-08-16T07:22:13Z
2026-08-16T07:18:28Z,2026-08-16T09:18:28+0200,aaa9bd4d-7504-4e17-a444-f570127b5d4f,2026-07-22T08:00:00Z,2026-07-22T10:00:00+0200,11145.662,MW,NL,NL,forecast_load,Forecasted Load,2026-08-16T07:22:13Z
2026-08-16T07:18:28Z,2026-08-16T09:18:28+0200,aaa9bd4d-7504-4e17-a444-f570127b5d4f,2026-07-22T08:15:00Z,2026-07-22T10:15:00+0200,10859.176,MW,NL,NL,forecast_load,Forecasted Load,2026-08-16T07:22:13Z
2026-08-16T07:18:28Z,2026-08-16T09:18:28+0200,aaa9bd4d-7504-4e17-a444-f570127b5d4f,2026-07-22T08:30:00Z,2026-07-22T10:30:00+0200,10598.545,MW,NL,NL,forecast_load,Forecasted Load,2026-08-16T07:22:13Z
2026-08-16T07:18:28Z,2026-08-16T09:18:28+0200,aaa9bd4d-7504-4e17-a444-f570127b5d4f,2026-07-22T08:45:00Z,2026-07-22T10:45:00+0200,10358.169,MW,NL,NL,forecast_load,Forecasted Load,2026-08-16T07:22:13Z
2026-08-16T07:18:28Z,2026-08-16T09:18:28+0200,aaa9bd4d-7504-4e17-a444-f570127b5d4f,2026-07-22T09:00:00Z,2026-07-22T11:00:00+0200,10177.015,MW,NL,NL,forecast_load,Forecasted Load,2026-08-16T07:22:13Z
2026-08-16T07:18:28Z,2026-08-16T09:18:28+0200,aaa9bd4d-7504-4e17-a444-f570127b5d4f,2026-07-22T09:15:00Z,2026-07-22T11:15:00+0200,10110.303,MW,NL,NL,forecast_load,Forecasted Load,2026-08-16T07:22:13Z
2026-08-16T07:18:28Z,2026-08-16T09:18:28+0200,aaa9bd4d-7504-4e17-a444-f570127b5d4f,2026-07-22T09:30:00Z,2026-07-22T11:30:00+0200,9973.992,MW,NL,NL,forecast_load,Forecasted Load,2026-08-16T07:22:13Z
2026-08-16T07:18:28Z,2026-08-16T09:18:28+0200,aaa9bd4d-7504-4e17-a444-f570127b5d4f,2026-07-22T09:45:00Z,2026-07-22T11:45:00+0200,9747.889,MW,NL,NL,forecast_load,Forecasted Load,2026-08-16T07:22:13Z
2026-08-16T07:18:28Z,2026-08-16T09:18:28+0200,aaa9bd4d-7504-4e17-a444-f570127b5d4f,2026-07-22T10:00:00Z,2026-07-22T12:00:00+0200,9703.306,MW,NL,NL,forecast_load,Forecasted Load,2026-08-16T07:22:13Z
2026-08-16T07:18:28Z,2026-08-16T09:18:28+0200,aaa9bd4d-7504-4e17-a444-f570127b5d4f,2026-07-22T10:15:00Z,2026-07-22T12:15:00+0200,9597.359,MW,NL,NL,forecast_load,Forecasted Load,2026-08-16T07:22:13Z
2026-08-16T07:18:28Z,2026-08-16T09:18:28+0200,aaa9bd4d-7504-4e17-a444-f570127b5d4f,2026-07-22T10:30:00Z,2026-07-22T12:30:00+0200,9453.432,MW,NL,NL,forecast_load,Forecasted Load,2026-08-16T07:22:13Z
2026-08-16T07:18:28Z,2026-08-16T09:18:28+0200,aaa9bd4d-7504-4e17-a444-f570127b5d4f,2026-07-22T10:45:00Z,2026-07-22T12:45:00+0200,9361.508,MW,NL,NL,forecast_load,Forecasted Load,2026-08-16T07:22:13Z
2026-08-16T07:18:28Z,2026-08-16T09:18:28+0200,aaa9bd4d-7504-4e17-a444-f570127b5d4f,2026-07-22T11:00:00Z,2026-07-22T13:00:00+0200,9373.797,MW,NL,NL,forecast_load,Forecasted Load,2026-08-16T07:22:13Z
2026-08-16T07:18:28Z,2026-08-16T09:18:28+0200,aaa9bd4d-7504-4e17-a444-f570127b5d4f,2026-07-22T11:15:00Z,2026-07-22T13:15:00+0200,9558.792,MW,NL,NL,forecast_load,Forecasted Load,2026-08-16T07:22:13Z
2026-08-16T07:18:28Z,2026-08-16T09:18:28+0200,aaa9bd4d-7504-4e17-a444-f570127b5d4f,2026-07-22T11:30:00Z,2026-07-22T13:30:00+0200,9505.383,MW,NL,NL,forecast_load,Forecasted Load,2026-08-16T07:22:13Z
2026-08-16T07:18:28Z,2026-08-16T09:18:28+0200,aaa9bd4d-7504-4e17-a444-f570127b5d4f,2026-07-22T11:45:00Z,2026-07-22T13:45:00+0200,9449.093,MW,NL,NL,forecast_load,Forecasted Load,2026-08-16T07:22:13Z
2026-08-16T07:18:28Z,2026-08-16T09:18:28+0200,aaa9bd4d-7504-4e17-a444-f570127b5d4f,2026-07-22T12:00:00Z,2026-07-22T14:00:00+0200,9389.814,MW,NL,NL,forecast_load,Forecasted Load,2026-08-16T07:22:13Z
2026-08-16T07:18:28Z,2026-08-16T09:18:28+0200,aaa9bd4d-7504-4e17-a444-f570127b5d4f,2026-07-22T12:15:00Z,2026-07-22T14:15:00+0200,9471.653,MW,NL,NL,forecast_load,Forecasted Load,2026-08-16T07:22:13Z
2026-08-16T07:18:28Z,2026-08-16T09:18:28+0200,aaa9bd4d-7504-4e17-a444-f570127b5d4f,2026-07-22T12:30:00Z,2026-07-22T14:30:00+0200,9305.893,MW,NL,NL,forecast_load,Forecasted Load,2026-08-16T07:22:13Z
2026-08-16T07:18:28Z,2026-08-16T09:18:28+0200,aaa9bd4d-7504-4e17-a444-f570127b5d4f,2026-07-22T12:45:00Z,2026-07-22T14:45:00+0200,9265.14,MW,NL,NL,forecast_load,Forecasted Load,2026-08-16T07:22:13Z
2026-08-16T07:18:28Z,2026-08-16T09:18:28+0200,aaa9bd4d-7504-4e17-a444-f570127b5d4f,2026-07-22T13:00:00Z,2026-07-22T15:00:00+0200,9338.552,MW,NL,NL,forecast_load,Forecasted Load,2026-08-16T07:22:13Z
2026-08-16T07:18:28Z,2026-08-16T09:18:28+0200,aaa9bd4d-7504-4e17-a444-f570127b5d4f,2026-07-22T13:15:00Z,2026-07-22T15:15:00+0200,9125.658,MW,NL,NL,forecast_load,Forecasted Load,2026-08-16T07:22:13Z
2026-08-16T07:18:28Z,2026-08-16T09:18:28+0200,aaa9bd4d-7504-4e17-a444-f570127b5d4f,2026-07-22T13:30:00Z,2026-07-22T15:30:00+0200,9062.335,MW,NL,NL,forecast_load,Forecasted Load,2026-08-16T07:22:13Z
2026-08-16T07:18:28Z,2026-08-16T09:18:28+0200,aaa9bd4d-7504-4e17-a444-f570127b5d4f,2026-07-22T13:45:00Z,2026-07-22T15:45:00+0200,9051.743,MW,NL,NL,forecast_load,Forecasted Load,2026-08-16T07:22:13Z
2026-08-16T07:18:28Z,2026-08-16T09:18:28+0200,aaa9bd4d-7504-4e17-a444-f570127b5d4f,2026-07-22T14:00:00Z,2026-07-22T16:00:00+0200,9051.414,MW,NL,NL,forecast_load,Forecasted Load,2026-08-16T07:22:13Z
2026-08-16T07:18:28Z,2026-08-16T09:18:28+0200,aaa9bd4d-7504-4e17-a444-f570127b5d4f,2026-07-22T14:15:00Z,2026-07-22T16:15:00+0200,9205.381,MW,NL,NL,forecast_load,Forecasted Load,2026-08-16T07:22:13Z
2026-08-16T07:18:28Z,2026-08-16T09:18:28+0200,aaa9bd4d-7504-4e17-a444-f570127b5d4f,2026-07-22T14:30:00Z,2026-07-22T16:30:00+0200,9283.995,MW,NL,NL,forecast_load,Forecasted Load,2026-08-16T07:22:13Z
2026-08-16T07:18:28Z,2026-08-16T09:18:28+0200,aaa9bd4d-7504-4e17-a444-f570127b5d4f,2026-07-22T14:45:00Z,2026-07-22T16:45:00+0200,9426.59,MW,NL,NL,forecast_load,Forecasted Load,2026-08-16T07:22:13Z
2026-08-16T07:18:28Z,2026-08-16T09:18:28+0200,aaa9bd4d-7504-4e17-a444-f570127b5d4f,2026-07-22T15:00:00Z,2026-07-22T17:00:00+0200,9652.803,MW,NL,NL,forecast_load,Forecasted Load,2026-08-16T07:22:13Z
2026-08-16T07:18:28Z,2026-08-16T09:18:28+0200,aaa9bd4d-7504-4e17-a444-f570127b5d4f,2026-07-22T15:15:00Z,2026-07-22T17:15:00+0200,9907.026,MW,NL,NL,forecast_load,Forecasted Load,2026-08-16T07:22:13Z
2026-08-16T07:18:28Z,2026-08-16T09:18:28+0200,aaa9bd4d-7504-4e17-a444-f570127b5d4f,2026-07-22T15:30:00Z,2026-07-22T17:30:00+0200,10165.381,MW,NL,NL,forecast_load,Forecasted Load,2026-08-16T07:22:13Z
2026-08-16T07:18:28Z,2026-08-16T09:18:28+0200,aaa9bd4d-7504-4e17-a444-f570127b5d4f,2026-07-22T15:45:00Z,2026-07-22T17:45:00+0200,10371.06,MW,NL,NL,forecast_load,Forecasted Load,2026-08-16T07:22:13Z
2026-08-16T07:18:28Z,2026-08-16T09:18:28+0200,aaa9bd4d-7504-4e17-a444-f570127b5d4f,2026-07-22T16:00:00Z,2026-07-22T18:00:00+0200,10547.64,MW,NL,NL,forecast_load,Forecasted Load,2026-08-16T07:22:13Z
2026-08-16T07:18:28Z,2026-08-16T09:18:28+0200,aaa9bd4d-7504-4e17-a444-f570127b5d4f,2026-07-22T16:15:00Z,2026-07-22T18:15:00+0200,10751.818,MW,NL,NL,forecast_load,Forecasted Load,2026-08-16T07:22:13Z
2026-08-16T07:18:28Z,2026-08-16T09:18:28+0200,aaa9bd4d-7504-4e17-a444-f570127b5d4f,2026-07-22T16:30:00Z,2026-07-22T18:30:00+0200,10922.256,MW,NL,NL,forecast_load,Forecasted Load,2026-08-16T07:22:13Z
2026-08-16T07:18:28Z,2026-08-16T09:18:28+0200,aaa9bd4d-7504-4e17-a444-f570127b5d4f,2026-07-22T16:45:00Z,2026-07-22T18:45:00+0200,11006.323,MW,NL,NL,forecast_load,Forecasted Load,2026-08-16T07:22:13Z
2026-08-16T07:18:28Z,2026-08-16T09:18:28+0200,aaa9bd4d-7504-4e17-a444-f570127b5d4f,2026-07-22T17:00:00Z,2026-07-22T19:00:00+0200,11063.773,MW,NL,NL,forecast_load,Forecasted Load,2026-08-16T07:22:13Z
2026-08-16T07:18:28Z,2026-08-16T09:18:28+0200,aaa9bd4d-7504-4e17-a444-f570127b5d4f,2026-07-22T17:15:00Z,2026-07-22T19:15:00+0200,11169.619,MW,NL,NL,forecast_load,Forecasted Load,2026-08-16T07:22:13Z
2026-08-16T07:18:28Z,2026-08-16T09:18:28+0200,aaa9bd4d-7504-4e17-a444-f570127b5d4f,2026-07-22T17:30:00Z,2026-07-22T19:30:00+0200,11277.823,MW,NL,NL,forecast_load,Forecasted Load,2026-08-16T07:22:13Z
2026-08-16T07:18:28Z,2026-08-16T09:18:28+0200,aaa9bd4d-7504-4e17-a444-f570127b5d4f,2026-07-22T17:45:00Z,2026-07-22T19:45:00+0200,11444.467,MW,NL,NL,forecast_load,Forecasted Load,2026-08-16T07:22:13Z
2026-08-16T07:18:28Z,2026-08-16T09:18:28+0200,aaa9bd4d-7504-4e17-a444-f570127b5d4f,2026-07-22T18:00:00Z,2026-07-22T20:00:00+0200,11557.167,MW,NL,NL,forecast_load,Forecasted Load,2026-08-16T07:22:13Z
2026-08-16T07:18:28Z,2026-08-16T09:18:28+0200,aaa9bd4d-7504-4e17-a444-f570127b5d4f,2026-07-22T18:15:00Z,2026-07-22T20:15:00+0200,11839.751,MW,NL,NL,forecast_load,Forecasted Load,2026-08-16T07:22:13Z
2026-08-16T07:18:28Z,2026-08-16T09:18:28+0200,aaa9bd4d-7504-4e17-a444-f570127b5d4f,2026-07-22T18:30:00Z,2026-07-22T20:30:00+0200,12055.904,MW,NL,NL,forecast_load,Forecasted Load,2026-08-16T07:22:13Z
2026-08-16T07:18:28Z,2026-08-16T09:18:28+0200,aaa9bd4d-7504-4e17-a444-f570127b5d4f,2026-07-22T18:45:00Z,2026-07-22T20:45:00+0200,12198.256,MW,NL,NL,forecast_load,Forecasted Load,2026-08-16T07:22:13Z
2026-08-16T07:18:28Z,2026-08-16T09:18:28+0200,aaa9bd4d-7504-4e17-a444-f570127b5d4f,2026-07-22T19:00:00Z,2026-07-22T21:00:00+0200,12236.912,MW,NL,NL,forecast_load,Forecasted Load,2026-08-16T07:22:13Z
2026-08-16T07:18:28Z,2026-08-16T09:18:28+0200,aaa9bd4d-7504-4e17-a444-f570127b5d4f,2026-07-22T19:15:00Z,2026-07-22T21:15:00+0200,12402.663,MW,NL,NL,forecast_load,Forecasted Load,2026-08-16T07:22:13Z
2026-08-16T07:18:28Z,2026-08-16T09:18:28+0200,aaa9bd4d-7504-4e17-a444-f570127b5d4f,2026-07-22T19:30:00Z,2026-07-22T21:30:00+0200,12368.256,MW,NL,NL,forecast_load,Forecasted Load,2026-08-16T07:22:13Z
2026-08-16T07:18:28Z,2026-08-16T09:18:28+0200,aaa9bd4d-7504-4e17-a444-f570127b5d4f,2026-07-22T19:45:00Z,2026-07-22T21:45:00+0200,12363.266,MW,NL,NL,forecast_load,Forecasted Load,2026-08-16T07:22:13Z
2026-08-16T07:18:28Z,2026-08-16T09:18:28+0200,aaa9bd4d-7504-4e17-a444-f570127b5d4f,2026-07-22T20:00:00Z,2026-07-22T22:00:00+0200,12350.613,MW,NL,NL,forecast_load,Forecasted Load,2026-08-16T07:22:13Z
2026-08-16T07:18:28Z,2026-08-16T09:18:28+0200,aaa9bd4d-7504-4e17-a444-f570127b5d4f,2026-07-22T20:15:00Z,2026-07-22T22:15:00+0200,12366.67,MW,NL,NL,forecast_load,Forecasted Load,2026-08-16T07:22:13Z
2026-08-16T07:18:28Z,2026-08-16T09:18:28+0200,aaa9bd4d-7504-4e17-a444-f570127b5d4f,2026-07-22T20:30:00Z,2026-07-22T22:30:00+0200,12421.816,MW,NL,NL,forecast_load,Forecasted Load,2026-08-16T07:22:13Z
2026-08-16T07:18:28Z,2026-08-16T09:18:28+0200,aaa9bd4d-7504-4e17-a444-f570127b5d4f,2026-07-22T20:45:00Z,2026-07-22T22:45:00+0200,12431.036,MW,NL,NL,forecast_load,Forecasted Load,2026-08-16T07:22:13Z
2026-08-16T07:18:28Z,2026-08-16T09:18:28+0200,aaa9bd4d-7504-4e17-a444-f570127b5d4f,2026-07-22T21:00:00Z,2026-07-22T23:00:00+0200,12292.247,MW,NL,NL,forecast_load,Forecasted Load,2026-08-16T07:22:13Z
2026-08-16T07:18:28Z,2026-08-16T09:18:28+0200,aaa9bd4d-7504-4e17-a444-f570127b5d4f,2026-07-22T21:15:00Z,2026-07-22T23:15:00+0200,12153.787,MW,NL,NL,forecast_load,Forecasted Load,2026-08-16T07:22:13Z
2026-08-16T07:18:28Z,2026-08-16T09:18:28+0200,aaa9bd4d-7504-4e17-a444-f570127b5d4f,2026-07-22T21:30:00Z,2026-07-22T23:30:00+0200,12009.08,MW,NL,NL,forecast_load,Forecasted Load,2026-08-16T07:22:13Z
2026-08-16T07:18:28Z,2026-08-16T09:18:28+0200,aaa9bd4d-7504-4e17-a444-f570127b5d4f,2026-07-22T21:45:00Z,2026-07-22T23:45:00+0200,11942.471,MW,NL,NL,forecast_load,Forecasted Load,2026-08-16T07:22:13Z
2026-08-16T07:18:28Z,2026-08-16T09:18:28+0200,aaa9bd4d-7504-4e17-a444-f570127b5d4f,2026-07-22T22:00:00Z,2026-07-23T00:00:00+0200,11884.329,MW,NL,NL,forecast_load,Forecasted Load,2026-08-16T07:22:13Z
2026-08-16T07:18:28Z,2026-08-16T09:18:28+0200,aaa9bd4d-7504-4e17-a444-f570127b5d4f,2026-07-22T22:15:00Z,2026-07-23T00:15:00+0200,11796.003,MW,NL,NL,forecast_load,Forecasted Load,2026-08-16T07:22:13Z
2026-08-16T07:18:28Z,2026-08-16T09:18:28+0200,aaa9bd4d-7504-4e17-a444-f570127b5d4f,2026-07-22T22:30:00Z,2026-07-23T00:30:00+0200,11639.534,MW,NL,NL,forecast_load,Forecasted Load,2026-08-16T07:22:13Z
2026-08-16T07:18:28Z,2026-08-16T09:18:28+0200,aaa9bd4d-7504-4e17-a444-f570127b5d4f,2026-07-22T22:45:00Z,2026-07-23T00:45:00+0200,11478.977,MW,NL,NL,forecast_load,Forecasted Load,2026-08-16T07:22:13Z
2026-08-16T07:18:28Z,2026-08-16T09:18:28+0200,aaa9bd4d-7504-4e17-a444-f570127b5d4f,2026-07-22T23:00:00Z,2026-07-23T01:00:00+0200,11405.37,MW,NL,NL,forecast_load,Forecasted Load,2026-08-16T07:22:13Z
2026-08-16T07:18:28Z,2026-08-16T09:18:28+0200,aaa9bd4d-7504-4e17-a444-f570127b5d4f,2026-07-22T23:15:00Z,2026-07-23T01:15:00+0200,11338.045,MW,NL,NL,forecast_load,Forecasted Load,2026-08-16T07:22:13Z
2026-08-16T07:18:28Z,2026-08-16T09:18:28+0200,aaa9bd4d-7504-4e17-a444-f570127b5d4f,2026-07-22T23:30:00Z,2026-07-23T01:30:00+0200,11272.028,MW,NL,NL,forecast_load,Forecasted Load,2026-08-16T07:22:13Z
2026-08-16T07:18:28Z,2026-08-16T09:18:28+0200,aaa9bd4d-7504-4e17-a444-f570127b5d4f,2026-07-22T23:45:00Z,2026-07-23T01:45:00+0200,11245.439,MW,NL,NL,forecast_load,Forecasted Load,2026-08-16T07:22:13Z
2026-08-16T07:18:28Z,2026-08-16T09:18:28+0200,aaa9bd4d-7504-4e17-a444-f570127b5d4f,2026-07-23T00:00:00Z,2026-07-23T02:00:00+0200,11198.54,MW,NL,NL,forecast_load,Forecasted Load,2026-08-16T07:22:13Z
2026-08-16T07:18:28Z,2026-08-16T09:18:28+0200,aaa9bd4d-7504-4e17-a444-f570127b5d4f,2026-07-23T00:15:00Z,2026-07-23T02:15:00+0200,11228.931,MW,NL,NL,forecast_load,Forecasted Load,2026-08-16T07:22:13Z
2026-08-16T07:18:28Z,2026-08-16T09:18:28+0200,aaa9bd4d-7504-4e17-a444-f570127b5d4f,2026-07-23T00:30:00Z,2026-07-23T02:30:00+0200,11147.569,MW,NL,NL,forecast_load,Forecasted Load,2026-08-16T07:22:13Z
2026-08-16T07:18:28Z,2026-08-16T09:18:28+0200,aaa9bd4d-7504-4e17-a444-f570127b5d4f,2026-07-23T00:45:00Z,2026-07-23T02:45:00+0200,11144.436,MW,NL,NL,forecast_load,Forecasted Load,2026-08-16T07:22:13Z
2026-08-16T07:18:28Z,2026-08-16T09:18:28+0200,aaa9bd4d-7504-4e17-a444-f570127b5d4f,2026-07-23T01:00:00Z,2026-07-23T03:00:00+0200,11156.166,MW,NL,NL,forecast_load,Forecasted Load,2026-08-16T07:22:13Z
2026-08-16T07:18:28Z,2026-08-16T09:18:28+0200,aaa9bd4d-7504-4e17-a444-f570127b5d4f,2026-07-23T01:15:00Z,2026-07-23T03:15:00+0200,11141.137,MW,NL,NL,forecast_load,Forecasted Load,2026-08-16T07:22:13Z
2026-08-16T07:18:28Z,2026-08-16T09:18:28+0200,aaa9bd4d-7504-4e17-a444-f570127b5d4f,2026-07-23T01:30:00Z,2026-07-23T03:30:00+0200,11132.881,MW,NL,NL,forecast_load,Forecasted Load,2026-08-16T07:22:13Z
2026-08-16T07:18:28Z,2026-08-16T09:18:28+0200,aaa9bd4d-7504-4e17-a444-f570127b5d4f,2026-07-23T01:45:00Z,2026-07-23T03:45:00+0200,11167.634,MW,NL,NL,forecast_load,Forecasted Load,2026-08-16T07:22:13Z
2026-08-16T07:18:28Z,2026-08-16T09:18:28+0200,aaa9bd4d-7504-4e17-a444-f570127b5d4f,2026-07-23T02:00:00Z,2026-07-23T04:00:00+0200,11230.78,MW,NL,NL,forecast_load,Forecasted Load,2026-08-16T07:22:13Z
2026-08-16T07:18:28Z,2026-08-16T09:18:28+0200,aaa9bd4d-7504-4e17-a444-f570127b5d4f,2026-07-23T02:15:00Z,2026-07-23T04:15:00+0200,11346.474,MW,NL,NL,forecast_load,Forecasted Load,2026-08-16T07:22:13Z
2026-08-16T07:18:28Z,2026-08-16T09:18:28+0200,aaa9bd4d-7504-4e17-a444-f570127b5d4f,2026-07-23T02:30:00Z,2026-07-23T04:30:00+0200,11383.552,MW,NL,NL,forecast_load,Forecasted Load,2026-08-16T07:22:13Z
2026-08-16T07:18:28Z,2026-08-16T09:18:28+0200,aaa9bd4d-7504-4e17-a444-f570127b5d4f,2026-07-23T02:45:00Z,2026-07-23T04:45:00+0200,11411.07,MW,NL,NL,forecast_load,Forecasted Load,2026-08-16T07:22:13Z
2026-08-16T07:18:28Z,2026-08-16T09:18:28+0200,aaa9bd4d-7504-4e17-a444-f570127b5d4f,2026-07-23T03:00:00Z,2026-07-23T05:00:00+0200,11422.301,MW,NL,NL,forecast_load,Forecasted Load,2026-08-16T07:22:13Z
2026-08-16T07:18:28Z,2026-08-16T09:18:28+0200,aaa9bd4d-7504-4e17-a444-f570127b5d4f,2026-07-23T03:15:00Z,2026-07-23T05:15:00+0200,11455.803,MW,NL,NL,forecast_load,Forecasted Load,2026-08-16T07:22:13Z
2026-08-16T07:18:28Z,2026-08-16T09:18:28+0200,aaa9bd4d-7504-4e17-a444-f570127b5d4f,2026-07-23T03:30:00Z,2026-07-23T05:30:00+0200,11428.231,MW,NL,NL,forecast_load,Forecasted Load,2026-08-16T07:22:13Z
2026-08-16T07:18:28Z,2026-08-16T09:18:28+0200,aaa9bd4d-7504-4e17-a444-f570127b5d4f,2026-07-23T03:45:00Z,2026-07-23T05:45:00+0200,11463.585,MW,NL,NL,forecast_load,Forecasted Load,2026-08-16T07:22:13Z
2026-08-16T07:18:28Z,2026-08-16T09:18:28+0200,aaa9bd4d-7504-4e17-a444-f570127b5d4f,2026-07-23T04:00:00Z,2026-07-23T06:00:00+0200,11438.244,MW,NL,NL,forecast_load,Forecasted Load,2026-08-16T07:22:13Z
2026-08-16T07:18:28Z,2026-08-16T09:18:28+0200,aaa9bd4d-7504-4e17-a444-f570127b5d4f,2026-07-23T04:15:00Z,2026-07-23T06:15:00+0200,11437.291,MW,NL,NL,forecast_load,Forecasted Load,2026-08-16T07:22:13Z
2026-08-16T07:18:28Z,2026-08-16T09:18:28+0200,aaa9bd4d-7504-4e17-a444-f570127b5d4f,2026-07-23T04:30:00Z,2026-07-23T06:30:00+0200,11512.647,MW,NL,NL,forecast_load,Forecasted Load,2026-08-16T07:22:13Z
2026-08-16T07:18:28Z,2026-08-16T09:18:28+0200,aaa9bd4d-7504-4e17-a444-f570127b5d4f,2026-07-23T04:45:00Z,2026-07-23T06:45:00+0200,11631.827,MW,NL,NL,forecast_load,Forecasted Load,2026-08-16T07:22:13Z
2026-08-16T07:18:28Z,2026-08-16T09:18:28+0200,aaa9bd4d-7504-4e17-a444-f570127b5d4f,2026-07-23T05:00:00Z,2026-07-23T07:00:00+0200,11727.144,MW,NL,NL,forecast_load,Forecasted Load,2026-08-16T07:22:13Z
2026-08-16T07:18:28Z,2026-08-16T09:18:28+0200,aaa9bd4d-7504-4e17-a444-f570127b5d4f,2026-07-23T05:15:00Z,2026-07-23T07:15:00+0200,11674.184,MW,NL,NL,forecast_load,Forecasted Load,2026-08-16T07:22:13Z
2026-08-16T07:18:28Z,2026-08-16T09:18:28+0200,aaa9bd4d-7504-4e17-a444-f570127b5d4f,2026-07-23T05:30:00Z,2026-07-23T07:30:00+0200,11598.8,MW,NL,NL,forecast_load,Forecasted Load,2026-08-16T07:22:13Z
2026-08-16T07:18:28Z,2026-08-16T09:18:28+0200,aaa9bd4d-7504-4e17-a444-f570127b5d4f,2026-07-23T05:45:00Z,2026-07-23T07:45:00+0200,11669.891,MW,NL,NL,forecast_load,Forecasted Load,2026-08-16T07:22:13Z
2026-08-16T07:18:28Z,2026-08-16T09:18:28+0200,aaa9bd4d-7504-4e17-a444-f570127b5d4f,2026-07-23T06:00:00Z,2026-07-23T08:00:00+0200,11624.599,MW,NL,NL,forecast_load,Forecasted Load,2026-08-16T07:22:13Z
2026-08-16T07:18:28Z,2026-08-16T09:18:28+0200,aaa9bd4d-7504-4e17-a444-f570127b5d4f,2026-07-23T06:15:00Z,2026-07-23T08:15:00+0200,11342.933,MW,NL,NL,forecast_load,Forecasted Load,2026-08-16T07:22:13Z
2026-08-16T07:18:28Z,2026-08-16T09:18:28+0200,aaa9bd4d-7504-4e17-a444-f570127b5d4f,2026-07-23T06:30:00Z,2026-07-23T08:30:00+0200,11251.65,MW,NL,NL,forecast_load,Forecasted Load,2026-08-16T07:22:13Z
2026-08-16T07:18:28Z,2026-08-16T09:18:28+0200,aaa9bd4d-7504-4e17-a444-f570127b5d4f,2026-07-23T06:45:00Z,2026-07-23T08:45:00+0200,11112.532,MW,NL,NL,forecast_load,Forecasted Load,2026-08-16T07:22:13Z
2026-08-16T07:18:28Z,2026-08-16T09:18:28+0200,aaa9bd4d-7504-4e17-a444-f570127b5d4f,2026-07-23T07:00:00Z,2026-07-23T09:00:00+0200,11082.287,MW,NL,NL,forecast_load,Forecasted Load,2026-08-16T07:22:13Z
2026-08-16T07:18:28Z,2026-08-16T09:18:28+0200,aaa9bd4d-7504-4e17-a444-f570127b5d4f,2026-07-23T07:15:00Z,2026-07-23T09:15:00+0200,11092.591,MW,NL,NL,forecast_load,Forecasted Load,2026-08-16T07:22:13Z
2026-08-16T07:18:28Z,2026-08-16T09:18:28+0200,aaa9bd4d-7504-4e17-a444-f570127b5d4f,2026-07-23T07:30:00Z,2026-07-23T09:30:00+0200,11100.099,MW,NL,NL,forecast_load,Forecasted Load,2026-08-16T07:22:13Z
2026-08-16T07:18:28Z,2026-08-16T09:18:28+0200,aaa9bd4d-7504-4e17-a444-f570127b5d4f,2026-07-23T07:45:00Z,2026-07-23T09:45:00+0200,10918.307,MW,NL,NL,forecast_load,Forecasted Load,2026-08-16T07:22:13Z
2026-08-16T07:18:28Z,2026-08-16T09:18:28+0200,aaa9bd4d-7504-4e17-a444-f570127b5d4f,2026-07-23T08:00:00Z,2026-07-23T10:00:00+0200,10861.943,MW,NL,NL,forecast_load,Forecasted Load,2026-08-16T07:22:13Z
2026-08-16T07:18:28Z,2026-08-16T09:18:28+0200,aaa9bd4d-7504-4e17-a444-f570127b5d4f,2026-07-23T08:15:00Z,2026-07-23T10:15:00+0200,10567.816,MW,NL,NL,forecast_load,Forecasted Load,2026-08-16T07:22:13Z
2026-08-16T07:18:28Z,2026-08-16T09:18:28+0200,aaa9bd4d-7504-4e17-a444-f570127b5d4f,2026-07-23T08:30:00Z,2026-07-23T10:30:00+0200,10163.036,MW,NL,NL,forecast_load,Forecasted Load,2026-08-16T07:22:13Z
2026-08-16T07:18:28Z,2026-08-16T09:18:28+0200,aaa9bd4d-7504-4e17-a444-f570127b5d4f,2026-07-23T08:45:00Z,2026-07-23T10:45:00+0200,9967.37,MW,NL,NL,forecast_load,Forecasted Load,2026-08-16T07:22:13Z
2026-08-16T07:18:28Z,2026-08-16T09:18:28+0200,aaa9bd4d-7504-4e17-a444-f570127b5d4f,2026-07-23T09:00:00Z,2026-07-23T11:00:00+0200,9681.861,MW,NL,NL,forecast_load,Forecasted Load,2026-08-16T07:22:13Z
2026-08-16T07:18:28Z,2026-08-16T09:18:28+0200,aaa9bd4d-7504-4e17-a444-f570127b5d4f,2026-07-23T09:15:00Z,2026-07-23T11:15:00+0200,9425.646,MW,NL,NL,forecast_load,Forecasted Load,2026-08-16T07:22:13Z
2026-08-16T07:18:28Z,2026-08-16T09:18:28+0200,aaa9bd4d-7504-4e17-a444-f570127b5d4f,2026-07-23T09:30:00Z,2026-07-23T11:30:00+0200,9254.707,MW,NL,NL,forecast_load,Forecasted Load,2026-08-16T07:22:13Z
2026-08-16T07:18:28Z,2026-08-16T09:18:28+0200,aaa9bd4d-7504-4e17-a444-f570127b5d4f,2026-07-23T09:45:00Z,2026-07-23T11:45:00+0200,9093.453,MW,NL,NL,forecast_load,Forecasted Load,2026-08-16T07:22:13Z
2026-08-16T07:18:28Z,2026-08-16T09:18:28+0200,aaa9bd4d-7504-4e17-a444-f570127b5d4f,2026-07-23T10:00:00Z,2026-07-23T12:00:00+0200,8942.709,MW,NL,NL,forecast_load,Forecasted Load,2026-08-16T07:22:13Z
2026-08-16T07:18:28Z,2026-08-16T09:18:28+0200,aaa9bd4d-7504-4e17-a444-f570127b5d4f,2026-07-23T10:15:00Z,2026-07-23T12:15:00+0200,8747.403,MW,NL,NL,forecast_load,Forecasted Load,2026-08-16T07:22:13Z
2026-08-16T07:18:28Z,2026-08-16T09:18:28+0200,aaa9bd4d-7504-4e17-a444-f570127b5d4f,2026-07-23T10:30:00Z,2026-07-23T12:30:00+0200,8674.028,MW,NL,NL,forecast_load,Forecasted Load,2026-08-16T07:22:13Z
2026-08-16T07:18:28Z,2026-08-16T09:18:28+0200,aaa9bd4d-7504-4e17-a444-f570127b5d4f,2026-07-23T10:45:00Z,2026-07-23T12:45:00+0200,8586.119,MW,NL,NL,forecast_load,Forecasted Load,2026-08-16T07:22:13Z
2026-08-16T07:18:28Z,2026-08-16T09:18:28+0200,aaa9bd4d-7504-4e17-a444-f570127b5d4f,2026-07-23T11:00:00Z,2026-07-23T13:00:00+0200,8553.137,MW,NL,NL,forecast_load,Forecasted Load,2026-08-16T07:22:13Z
2026-08-16T07:18:28Z,2026-08-16T09:18:28+0200,aaa9bd4d-7504-4e17-a444-f570127b5d4f,2026-07-23T11:15:00Z,2026-07-23T13:15:00+0200,8556.843,MW,NL,NL,forecast_load,Forecasted Load,2026-08-16T07:22:13Z
2026-08-16T07:18:28Z,2026-08-16T09:18:28+0200,aaa9bd4d-7504-4e17-a444-f570127b5d4f,2026-07-23T11:30:00Z,2026-07-23T13:30:00+0200,8436.334,MW,NL,NL,forecast_load,Forecasted Load,2026-08-16T07:22:13Z
2026-08-16T07:18:28Z,2026-08-16T09:18:28+0200,aaa9bd4d-7504-4e17-a444-f570127b5d4f,2026-07-23T11:45:00Z,2026-07-23T13:45:00+0200,8364.017,MW,NL,NL,forecast_load,Forecasted Load,2026-08-16T07:22:13Z
2026-08-16T07:18:28Z,2026-08-16T09:18:28+0200,aaa9bd4d-7504-4e17-a444-f570127b5d4f,2026-07-23T12:00:00Z,2026-07-23T14:00:00+0200,8577.561,MW,NL,NL,forecast_load,Forecasted Load,2026-08-16T07:22:13Z
2026-08-16T07:18:28Z,2026-08-16T09:18:28+0200,aaa9bd4d-7504-4e17-a444-f570127b5d4f,2026-07-23T12:15:00Z,2026-07-23T14:15:00+0200,8616.472,MW,NL,NL,forecast_load,Forecasted Load,2026-08-16T07:22:13Z
2026-08-16T07:18:28Z,2026-08-16T09:18:28+0200,aaa9bd4d-7504-4e17-a444-f570127b5d4f,2026-07-23T12:30:00Z,2026-07-23T14:30:00+0200,8503.351,MW,NL,NL,forecast_load,Forecasted Load,2026-08-16T07:22:13Z
2026-08-16T07:18:28Z,2026-08-16T09:18:28+0200,aaa9bd4d-7504-4e17-a444-f570127b5d4f,2026-07-23T12:45:00Z,2026-07-23T14:45:00+0200,8407.355,MW,NL,NL,forecast_load,Forecasted Load,2026-08-16T07:22:13Z
2026-08-16T07:18:28Z,2026-08-16T09:18:28+0200,aaa9bd4d-7504-4e17-a444-f570127b5d4f,2026-07-23T13:00:00Z,2026-07-23T15:00:00+0200,8421.322,MW,NL,NL,forecast_load,Forecasted Load,2026-08-16T07:22:13Z
2026-08-16T07:18:28Z,2026-08-16T09:18:28+0200,aaa9bd4d-7504-4e17-a444-f570127b5d4f,2026-07-23T13:15:00Z,2026-07-23T15:15:00+0200,8386.37,MW,NL,NL,forecast_load,Forecasted Load,2026-08-16T07:22:13Z
2026-08-16T07:18:28Z,2026-08-16T09:18:28+0200,aaa9bd4d-7504-4e17-a444-f570127b5d4f,2026-07-23T13:30:00Z,2026-07-23T15:30:00+0200,8602.813,MW,NL,NL,forecast_load,Forecasted Load,2026-08-16T07:22:13Z
2026-08-16T07:18:28Z,2026-08-16T09:18:28+0200,aaa9bd4d-7504-4e17-a444-f570127b5d4f,2026-07-23T13:45:00Z,2026-07-23T15:45:00+0200,8817.971,MW,NL,NL,forecast_load,Forecasted Load,2026-08-16T07:22:13Z
2026-08-16T07:18:28Z,2026-08-16T09:18:28+0200,aaa9bd4d-7504-4e17-a444-f570127b5d4f,2026-07-23T14:00:00Z,2026-07-23T16:00:00+0200,8901.408,MW,NL,NL,forecast_load,Forecasted Load,2026-08-16T07:22:13Z
2026-08-16T07:18:28Z,2026-08-16T09:18:28+0200,aaa9bd4d-7504-4e17-a444-f570127b5d4f,2026-07-23T14:15:00Z,2026-07-23T16:15:00+0200,8957.983,MW,NL,NL,forecast_load,Forecasted Load,2026-08-16T07:22:13Z
2026-08-16T07:18:28Z,2026-08-16T09:18:28+0200,aaa9bd4d-7504-4e17-a444-f570127b5d4f,2026-07-23T14:30:00Z,2026-07-23T16:30:00+0200,9269.325,MW,NL,NL,forecast_load,Forecasted Load,2026-08-16T07:22:13Z
2026-08-16T07:18:28Z,2026-08-16T09:18:28+0200,aaa9bd4d-7504-4e17-a444-f570127b5d4f,2026-07-23T14:45:00Z,2026-07-23T16:45:00+0200,9394.621,MW,NL,NL,forecast_load,Forecasted Load,2026-08-16T07:22:13Z
2026-08-16T07:18:28Z,2026-08-16T09:18:28+0200,aaa9bd4d-7504-4e17-a444-f570127b5d4f,2026-07-23T15:00:00Z,2026-07-23T17:00:00+0200,9471.366,MW,NL,NL,forecast_load,Forecasted Load,2026-08-16T07:22:13Z
2026-08-16T07:18:28Z,2026-08-16T09:18:28+0200,aaa9bd4d-7504-4e17-a444-f570127b5d4f,2026-07-23T15:15:00Z,2026-07-23T17:15:00+0200,9598.052,MW,NL,NL,forecast_load,Forecasted Load,2026-08-16T07:22:13Z
2026-08-16T07:18:28Z,2026-08-16T09:18:28+0200,aaa9bd4d-7504-4e17-a444-f570127b5d4f,2026-07-23T15:30:00Z,2026-07-23T17:30:00+0200,9695.704,MW,NL,NL,forecast_load,Forecasted Load,2026-08-16T07:22:13Z
2026-08-16T07:18:28Z,2026-08-16T09:18:28+0200,aaa9bd4d-7504-4e17-a444-f570127b5d4f,2026-07-23T15:45:00Z,2026-07-23T17:45:00+0200,9865.456,MW,NL,NL,forecast_load,Forecasted Load,2026-08-16T07:22:13Z
2026-08-16T07:18:28Z,2026-08-16T09:18:28+0200,aaa9bd4d-7504-4e17-a444-f570127b5d4f,2026-07-23T16:00:00Z,2026-07-23T18:00:00+0200,10019.825,MW,NL,NL,forecast_load,Forecasted Load,2026-08-16T07:22:13Z
2026-08-16T07:18:28Z,2026-08-16T09:18:28+0200,aaa9bd4d-7504-4e17-a444-f570127b5d4f,2026-07-23T16:15:00Z,2026-07-23T18:15:00+0200,10170.89,MW,NL,NL,forecast_load,Forecasted Load,2026-08-16T07:22:13Z
2026-08-16T07:18:28Z,2026-08-16T09:18:28+0200,aaa9bd4d-7504-4e17-a444-f570127b5d4f,2026-07-23T16:30:00Z,2026-07-23T18:30:00+0200,10294.173,MW,NL,NL,forecast_load,Forecasted Load,2026-08-16T07:22:13Z
2026-08-16T07:18:28Z,2026-08-16T09:18:28+0200,aaa9bd4d-7504-4e17-a444-f570127b5d4f,2026-07-23T16:45:00Z,2026-07-23T18:45:00+0200,10436.419,MW,NL,NL,forecast_load,Forecasted Load,2026-08-16T07:22:13Z
2026-08-16T07:18:28Z,2026-08-16T09:18:28+0200,aaa9bd4d-7504-4e17-a444-f570127b5d4f,2026-07-23T17:00:00Z,2026-07-23T19:00:00+0200,10426.204,MW,NL,NL,forecast_load,Forecasted Load,2026-08-16T07:22:13Z
2026-08-16T07:18:28Z,2026-08-16T09:18:28+0200,aaa9bd4d-7504-4e17-a444-f570127b5d4f,2026-07-23T17:15:00Z,2026-07-23T19:15:00+0200,10536.981,MW,NL,NL,forecast_load,Forecasted Load,2026-08-16T07:22:13Z
2026-08-16T07:18:28Z,2026-08-16T09:18:28+0200,aaa9bd4d-7504-4e17-a444-f570127b5d4f,2026-07-23T17:30:00Z,2026-07-23T19:30:00+0200,10745.975,MW,NL,NL,forecast_load,Forecasted Load,2026-08-16T07:22:13Z
2026-08-16T07:18:28Z,2026-08-16T09:18:28+0200,aaa9bd4d-7504-4e17-a444-f570127b5d4f,2026-07-23T17:45:00Z,2026-07-23T19:45:00+0200,10915.557,MW,NL,NL,forecast_load,Forecasted Load,2026-08-16T07:22:13Z
2026-08-16T07:18:28Z,2026-08-16T09:18:28+0200,aaa9bd4d-7504-4e17-a444-f570127b5d4f,2026-07-23T18:00:00Z,2026-07-23T20:00:00+0200,11029.477,MW,NL,NL,forecast_load,Forecasted Load,2026-08-16T07:22:13Z
2026-08-16T07:18:28Z,2026-08-16T09:18:28+0200,aaa9bd4d-7504-4e17-a444-f570127b5d4f,2026-07-23T18:15:00Z,2026-07-23T20:15:00+0200,11225.301,MW,NL,NL,forecast_load,Forecasted Load,2026-08-16T07:22:13Z
2026-08-16T07:18:28Z,2026-08-16T09:18:28+0200,aaa9bd4d-7504-4e17-a444-f570127b5d4f,2026-07-23T18:30:00Z,2026-07-23T20:30:00+0200,11405.631,MW,NL,NL,forecast_load,Forecasted Load,2026-08-16T07:22:13Z
2026-08-16T07:18:28Z,2026-08-16T09:18:28+0200,aaa9bd4d-7504-4e17-a444-f570127b5d4f,2026-07-23T18:45:00Z,2026-07-23T20:45:00+0200,11400.027,MW,NL,NL,forecast_load,Forecasted Load,2026-08-16T07:22:13Z
2026-08-16T07:18:28Z,2026-08-16T09:18:28+0200,aaa9bd4d-7504-4e17-a444-f570127b5d4f,2026-07-23T19:00:00Z,2026-07-23T21:00:00+0200,11544.619,MW,NL,NL,forecast_load,Forecasted Load,2026-08-16T07:22:13Z
2026-08-16T07:18:28Z,2026-08-16T09:18:28+0200,aaa9bd4d-7504-4e17-a444-f570127b5d4f,2026-07-23T19:15:00Z,2026-07-23T21:15:00+0200,11664.514,MW,NL,NL,forecast_load,Forecasted Load,2026-08-16T07:22:13Z
2026-08-16T07:18:28Z,2026-08-16T09:18:28+0200,aaa9bd4d-7504-4e17-a444-f570127b5d4f,2026-07-23T19:30:00Z,2026-07-23T21:30:00+0200,11778.128,MW,NL,NL,forecast_load,Forecasted Load,2026-08-16T07:22:13Z
2026-08-16T07:18:28Z,2026-08-16T09:18:28+0200,aaa9bd4d-7504-4e17-a444-f570127b5d4f,2026-07-23T19:45:00Z,2026-07-23T21:45:00+0200,11865.108,MW,NL,NL,forecast_load,Forecasted Load,2026-08-16T07:22:13Z
2026-08-16T07:18:28Z,2026-08-16T09:18:28+0200,aaa9bd4d-7504-4e17-a444-f570127b5d4f,2026-07-23T20:00:00Z,2026-07-23T22:00:00+0200,11921.72,MW,NL,NL,forecast_load,Forecasted Load,2026-08-16T07:22:13Z
2026-08-16T07:18:28Z,2026-08-16T09:18:28+0200,aaa9bd4d-7504-4e17-a444-f570127b5d4f,2026-07-23T20:15:00Z,2026-07-23T22:15:00+0200,11845.307,MW,NL,NL,forecast_load,Forecasted Load,2026-08-16T07:22:13Z
2026-08-16T07:18:28Z,2026-08-16T09:18:28+0200,aaa9bd4d-7504-4e17-a444-f570127b5d4f,2026-07-23T20:30:00Z,2026-07-23T22:30:00+0200,11827.296,MW,NL,NL,forecast_load,Forecasted Load,2026-08-16T07:22:13Z
2026-08-16T07:18:28Z,2026-08-16T09:18:28+0200,aaa9bd4d-7504-4e17-a444-f570127b5d4f,2026-07-23T20:45:00Z,2026-07-23T22:45:00+0200,11739.496,MW,NL,NL,forecast_load,Forecasted Load,2026-08-16T07:22:13Z
2026-08-16T07:18:28Z,2026-08-16T09:18:28+0200,aaa9bd4d-7504-4e17-a444-f570127b5d4f,2026-07-23T21:00:00Z,2026-07-23T23:00:00+0200,11545.879,MW,NL,NL,forecast_load,Forecasted Load,2026-08-16T07:22:13Z
2026-08-16T07:18:28Z,2026-08-16T09:18:28+0200,aaa9bd4d-7504-4e17-a444-f570127b5d4f,2026-07-23T21:15:00Z,2026-07-23T23:15:00+0200,11411.396,MW,NL,NL,forecast_load,Forecasted Load,2026-08-16T07:22:13Z
2026-08-16T07:18:28Z,2026-08-16T09:18:28+0200,aaa9bd4d-7504-4e17-a444-f570127b5d4f,2026-07-23T21:30:00Z,2026-07-23T23:30:00+0200,11241.515,MW,NL,NL,forecast_load,Forecasted Load,2026-08-16T07:22:13Z
2026-08-16T07:18:28Z,2026-08-16T09:18:28+0200,aaa9bd4d-7504-4e17-a444-f570127b5d4f,2026-07-23T21:45:00Z,2026-07-23T23:45:00+0200,11244.752,MW,NL,NL,forecast_load,Forecasted Load,2026-08-16T07:22:13Z
2026-08-16T07:18:28Z,2026-08-16T09:18:28+0200,aaa9bd4d-7504-4e17-a444-f570127b5d4f,2026-07-23T22:00:00Z,2026-07-24T00:00:00+0200,11172.861,MW,NL,NL,forecast_load,Forecasted Load,2026-08-16T07:22:13Z
2026-08-16T07:18:28Z,2026-08-16T09:18:28+0200,aaa9bd4d-7504-4e17-a444-f570127b5d4f,2026-07-23T22:15:00Z,2026-07-24T00:15:00+0200,11185.526,MW,NL,NL,forecast_load,Forecasted Load,2026-08-16T07:22:13Z
2026-08-16T07:18:28Z,2026-08-16T09:18:28+0200,aaa9bd4d-7504-4e17-a444-f570127b5d4f,2026-07-23T22:30:00Z,2026-07-24T00:30:00+0200,11000.896,MW,NL,NL,forecast_load,Forecasted Load,2026-08-16T07:22:13Z
2026-08-16T07:18:28Z,2026-08-16T09:18:28+0200,aaa9bd4d-7504-4e17-a444-f570127b5d4f,2026-07-23T22:45:00Z,2026-07-24T00:45:00+0200,10850.632,MW,NL,NL,forecast_load,Forecasted Load,2026-08-16T07:22:13Z
2026-08-16T07:18:28Z,2026-08-16T09:18:28+0200,aaa9bd4d-7504-4e17-a444-f570127b5d4f,2026-07-23T23:00:00Z,2026-07-24T01:00:00+0200,10814.413,MW,NL,NL,forecast_load,Forecasted Load,2026-08-16T07:22:13Z
2026-08-16T07:18:28Z,2026-08-16T09:18:28+0200,aaa9bd4d-7504-4e17-a444-f570127b5d4f,2026-07-23T23:15:00Z,2026-07-24T01:15:00+0200,10778.488,MW,NL,NL,forecast_load,Forecasted Load,2026-08-16T07:22:13Z
2026-08-16T07:18:28Z,2026-08-16T09:18:28+0200,aaa9bd4d-7504-4e17-a444-f570127b5d4f,2026-07-23T23:30:00Z,2026-07-24T01:30:00+0200,10734.985,MW,NL,NL,forecast_load,Forecasted Load,2026-08-16T07:22:13Z
2026-08-16T07:18:28Z,2026-08-16T09:18:28+0200,aaa9bd4d-7504-4e17-a444-f570127b5d4f,2026-07-23T23:45:00Z,2026-07-24T01:45:00+0200,10675.092,MW,NL,NL,forecast_load,Forecasted Load,2026-08-16T07:22:13Z
2026-08-16T07:18:28Z,2026-08-16T09:18:28+0200,aaa9bd4d-7504-4e17-a444-f570127b5d4f,2026-07-24T00:00:00Z,2026-07-24T02:00:00+0200,10545.541,MW,NL,NL,forecast_load,Forecasted Load,2026-08-16T07:22:13Z
2026-08-16T07:18:28Z,2026-08-16T09:18:28+0200,aaa9bd4d-7504-4e17-a444-f570127b5d4f,2026-07-24T00:15:00Z,2026-07-24T02:15:00+0200,10508.363,MW,NL,NL,forecast_load,Forecasted Load,2026-08-16T07:22:13Z
2026-08-16T07:18:28Z,2026-08-16T09:18:28+0200,aaa9bd4d-7504-4e17-a444-f570127b5d4f,2026-07-24T00:30:00Z,2026-07-24T02:30:00+0200,10416.634,MW,NL,NL,forecast_load,Forecasted Load,2026-08-16T07:22:13Z
2026-08-16T07:18:28Z,2026-08-16T09:18:28+0200,aaa9bd4d-7504-4e17-a444-f570127b5d4f,2026-07-24T00:45:00Z,2026-07-24T02:45:00+0200,10296.805,MW,NL,NL,forecast_load,Forecasted Load,2026-08-16T07:22:13Z
2026-08-16T07:18:28Z,2026-08-16T09:18:28+0200,aaa9bd4d-7504-4e17-a444-f570127b5d4f,2026-07-24T01:00:00Z,2026-07-24T03:00:00+0200,10259.756,MW,NL,NL,forecast_load,Forecasted Load,2026-08-16T07:22:13Z
2026-08-16T07:18:28Z,2026-08-16T09:18:28+0200,aaa9bd4d-7504-4e17-a444-f570127b5d4f,2026-07-24T01:15:00Z,2026-07-24T03:15:00+0200,10247.831,MW,NL,NL,forecast_load,Forecasted Load,2026-08-16T07:22:13Z
2026-08-16T07:18:28Z,2026-08-16T09:18:28+0200,aaa9bd4d-7504-4e17-a444-f570127b5d4f,2026-07-24T01:30:00Z,2026-07-24T03:30:00+0200,10266.347,MW,NL,NL,forecast_load,Forecasted Load,2026-08-16T07:22:13Z
2026-08-16T07:18:28Z,2026-08-16T09:18:28+0200,aaa9bd4d-7504-4e17-a444-f570127b5d4f,2026-07-24T01:45:00Z,2026-07-24T03:45:00+0200,10305.505,MW,NL,NL,forecast_load,Forecasted Load,2026-08-16T07:22:13Z
2026-08-16T07:18:28Z,2026-08-16T09:18:28+0200,aaa9bd4d-7504-4e17-a444-f570127b5d4f,2026-07-24T02:00:00Z,2026-07-24T04:00:00+0200,10296.199,MW,NL,NL,forecast_load,Forecasted Load,2026-08-16T07:22:13Z
2026-08-16T07:18:28Z,2026-08-16T09:18:28+0200,aaa9bd4d-7504-4e17-a444-f570127b5d4f,2026-07-24T02:15:00Z,2026-07-24T04:15:00+0200,10321.608,MW,NL,NL,forecast_load,Forecasted Load,2026-08-16T07:22:13Z
2026-08-16T07:18:28Z,2026-08-16T09:18:28+0200,aaa9bd4d-7504-4e17-a444-f570127b5d4f,2026-07-24T02:30:00Z,2026-07-24T04:30:00+0200,10307.06,MW,NL,NL,forecast_load,Forecasted Load,2026-08-16T07:22:13Z
2026-08-16T07:18:28Z,2026-08-16T09:18:28+0200,aaa9bd4d-7504-4e17-a444-f570127b5d4f,2026-07-24T02:45:00Z,2026-07-24T04:45:00+0200,10311.727,MW,NL,NL,forecast_load,Forecasted Load,2026-08-16T07:22:13Z
2026-08-16T07:18:28Z,2026-08-16T09:18:28+0200,aaa9bd4d-7504-4e17-a444-f570127b5d4f,2026-07-24T03:00:00Z,2026-07-24T05:00:00+0200,10298.698,MW,NL,NL,forecast_load,Forecasted Load,2026-08-16T07:22:13Z
2026-08-16T07:18:28Z,2026-08-16T09:18:28+0200,aaa9bd4d-7504-4e17-a444-f570127b5d4f,2026-07-24T03:15:00Z,2026-07-24T05:15:00+0200,10289.239,MW,NL,NL,forecast_load,Forecasted Load,2026-08-16T07:22:13Z
2026-08-16T07:18:28Z,2026-08-16T09:18:28+0200,aaa9bd4d-7504-4e17-a444-f570127b5d4f,2026-07-24T03:30:00Z,2026-07-24T05:30:00+0200,10262.352,MW,NL,NL,forecast_load,Forecasted Load,2026-08-16T07:22:13Z
2026-08-16T07:18:28Z,2026-08-16T09:18:28+0200,aaa9bd4d-7504-4e17-a444-f570127b5d4f,2026-07-24T03:45:00Z,2026-07-24T05:45:00+0200,10302.511,MW,NL,NL,forecast_load,Forecasted Load,2026-08-16T07:22:13Z
2026-08-16T07:18:28Z,2026-08-16T09:18:28+0200,aaa9bd4d-7504-4e17-a444-f570127b5d4f,2026-07-24T04:00:00Z,2026-07-24T06:00:00+0200,10334.827,MW,NL,NL,forecast_load,Forecasted Load,2026-08-16T07:22:13Z
2026-08-16T07:18:28Z,2026-08-16T09:18:28+0200,aaa9bd4d-7504-4e17-a444-f570127b5d4f,2026-07-24T04:15:00Z,2026-07-24T06:15:00+0200,10339.115,MW,NL,NL,forecast_load,Forecasted Load,2026-08-16T07:22:13Z
2026-08-16T07:18:28Z,2026-08-16T09:18:28+0200,aaa9bd4d-7504-4e17-a444-f570127b5d4f,2026-07-24T04:30:00Z,2026-07-24T06:30:00+0200,10286.905,MW,NL,NL,forecast_load,Forecasted Load,2026-08-16T07:22:13Z
2026-08-16T07:18:28Z,2026-08-16T09:18:28+0200,aaa9bd4d-7504-4e17-a444-f570127b5d4f,2026-07-24T04:45:00Z,2026-07-24T06:45:00+0200,10312.5,MW,NL,NL,forecast_load,Forecasted Load,2026-08-16T07:22:13Z
2026-08-16T07:18:28Z,2026-08-16T09:18:28+0200,aaa9bd4d-7504-4e17-a444-f570127b5d4f,2026-07-24T05:00:00Z,2026-07-24T07:00:00+0200,10300.739,MW,NL,NL,forecast_load,Forecasted Load,2026-08-16T07:22:13Z
2026-08-16T07:18:28Z,2026-08-16T09:18:28+0200,aaa9bd4d-7504-4e17-a444-f570127b5d4f,2026-07-24T05:15:00Z,2026-07-24T07:15:00+0200,10206.82,MW,NL,NL,forecast_load,Forecasted Load,2026-08-16T07:22:13Z
2026-08-16T07:18:28Z,2026-08-16T09:18:28+0200,aaa9bd4d-7504-4e17-a444-f570127b5d4f,2026-07-24T05:30:00Z,2026-07-24T07:30:00+0200,10200.015,MW,NL,NL,forecast_load,Forecasted Load,2026-08-16T07:22:13Z
2026-08-16T07:18:28Z,2026-08-16T09:18:28+0200,aaa9bd4d-7504-4e17-a444-f570127b5d4f,2026-07-24T05:45:00Z,2026-07-24T07:45:00+0200,10301.895,MW,NL,NL,forecast_load,Forecasted Load,2026-08-16T07:22:13Z
2026-08-16T07:18:28Z,2026-08-16T09:18:28+0200,aaa9bd4d-7504-4e17-a444-f570127b5d4f,2026-07-24T06:00:00Z,2026-07-24T08:00:00+0200,10354.893,MW,NL,NL,forecast_load,Forecasted Load,2026-08-16T07:22:13Z
2026-08-16T07:18:28Z,2026-08-16T09:18:28+0200,aaa9bd4d-7504-4e17-a444-f570127b5d4f,2026-07-24T06:15:00Z,2026-07-24T08:15:00+0200,10057.143,MW,NL,NL,forecast_load,Forecasted Load,2026-08-16T07:22:13Z
2026-08-16T07:18:28Z,2026-08-16T09:18:28+0200,aaa9bd4d-7504-4e17-a444-f570127b5d4f,2026-07-24T06:30:00Z,2026-07-24T08:30:00+0200,9931.755,MW,NL,NL,forecast_load,Forecasted Load,2026-08-16T07:22:13Z
2026-08-16T07:18:28Z,2026-08-16T09:18:28+0200,aaa9bd4d-7504-4e17-a444-f570127b5d4f,2026-07-24T06:45:00Z,2026-07-24T08:45:00+0200,9891.88,MW,NL,NL,forecast_load,Forecasted Load,2026-08-16T07:22:13Z
2026-08-16T07:18:28Z,2026-08-16T09:18:28+0200,aaa9bd4d-7504-4e17-a444-f570127b5d4f,2026-07-24T07:00:00Z,2026-07-24T09:00:00+0200,9887.73,MW,NL,NL,forecast_load,Forecasted Load,2026-08-16T07:22:13Z
2026-08-16T07:18:28Z,2026-08-16T09:18:28+0200,aaa9bd4d-7504-4e17-a444-f570127b5d4f,2026-07-24T07:15:00Z,2026-07-24T09:15:00+0200,9862.383,MW,NL,NL,forecast_load,Forecasted Load,2026-08-16T07:22:13Z
2026-08-16T07:18:28Z,2026-08-16T09:18:28+0200,aaa9bd4d-7504-4e17-a444-f570127b5d4f,2026-07-24T07:30:00Z,2026-07-24T09:30:00+0200,9641.355,MW,NL,NL,forecast_load,Forecasted Load,2026-08-16T07:22:13Z
2026-08-16T07:18:28Z,2026-08-16T09:18:28+0200,aaa9bd4d-7504-4e17-a444-f570127b5d4f,2026-07-24T07:45:00Z,2026-07-24T09:45:00+0200,9314.506,MW,NL,NL,forecast_load,Forecasted Load,2026-08-16T07:22:13Z
2026-08-16T07:18:28Z,2026-08-16T09:18:28+0200,aaa9bd4d-7504-4e17-a444-f570127b5d4f,2026-07-24T08:00:00Z,2026-07-24T10:00:00+0200,9004.789,MW,NL,NL,forecast_load,Forecasted Load,2026-08-16T07:22:13Z
2026-08-16T07:18:28Z,2026-08-16T09:18:28+0200,aaa9bd4d-7504-4e17-a444-f570127b5d4f,2026-07-24T08:15:00Z,2026-07-24T10:15:00+0200,8794.844,MW,NL,NL,forecast_load,Forecasted Load,2026-08-16T07:22:13Z
2026-08-16T07:18:28Z,2026-08-16T09:18:28+0200,aaa9bd4d-7504-4e17-a444-f570127b5d4f,2026-07-24T08:30:00Z,2026-07-24T10:30:00+0200,8469.993,MW,NL,NL,forecast_load,Forecasted Load,2026-08-16T07:22:13Z
2026-08-16T07:18:28Z,2026-08-16T09:18:28+0200,aaa9bd4d-7504-4e17-a444-f570127b5d4f,2026-07-24T08:45:00Z,2026-07-24T10:45:00+0200,8126.202,MW,NL,NL,forecast_load,Forecasted Load,2026-08-16T07:22:13Z
2026-08-16T07:18:28Z,2026-08-16T09:18:28+0200,aaa9bd4d-7504-4e17-a444-f570127b5d4f,2026-07-24T09:00:00Z,2026-07-24T11:00:00+0200,7822.058,MW,NL,NL,forecast_load,Forecasted Load,2026-08-16T07:22:13Z
2026-08-16T07:18:28Z,2026-08-16T09:18:28+0200,aaa9bd4d-7504-4e17-a444-f570127b5d4f,2026-07-24T09:15:00Z,2026-07-24T11:15:00+0200,7681.587,MW,NL,NL,forecast_load,Forecasted Load,2026-08-16T07:22:13Z
2026-08-16T07:18:28Z,2026-08-16T09:18:28+0200,aaa9bd4d-7504-4e17-a444-f570127b5d4f,2026-07-24T09:30:00Z,2026-07-24T11:30:00+0200,7455.587,MW,NL,NL,forecast_load,Forecasted Load,2026-08-16T07:22:13Z
2026-08-16T07:18:28Z,2026-08-16T09:18:28+0200,aaa9bd4d-7504-4e17-a444-f570127b5d4f,2026-07-24T09:45:00Z,2026-07-24T11:45:00+0200,7400.203,MW,NL,NL,forecast_load,Forecasted Load,2026-08-16T07:22:13Z
2026-08-16T07:18:28Z,2026-08-16T09:18:28+0200,aaa9bd4d-7504-4e17-a444-f570127b5d4f,2026-07-24T10:00:00Z,2026-07-24T12:00:00+0200,7276.651,MW,NL,NL,forecast_load,Forecasted Load,2026-08-16T07:22:13Z
2026-08-16T07:18:28Z,2026-08-16T09:18:28+0200,aaa9bd4d-7504-4e17-a444-f570127b5d4f,2026-07-24T10:15:00Z,2026-07-24T12:15:00+0200,7173.124,MW,NL,NL,forecast_load,Forecasted Load,2026-08-16T07:22:13Z
2026-08-16T07:18:28Z,2026-08-16T09:18:28+0200,aaa9bd4d-7504-4e17-a444-f570127b5d4f,2026-07-24T10:30:00Z,2026-07-24T12:30:00+0200,7085.321,MW,NL,NL,forecast_load,Forecasted Load,2026-08-16T07:22:13Z
2026-08-16T07:18:28Z,2026-08-16T09:18:28+0200,aaa9bd4d-7504-4e17-a444-f570127b5d4f,2026-07-24T10:45:00Z,2026-07-24T12:45:00+0200,6992.483,MW,NL,NL,forecast_load,Forecasted Load,2026-08-16T07:22:13Z
2026-08-16T07:18:28Z,2026-08-16T09:18:28+0200,aaa9bd4d-7504-4e17-a444-f570127b5d4f,2026-07-24T11:00:00Z,2026-07-24T13:00:00+0200,6942.334,MW,NL,NL,forecast_load,Forecasted Load,2026-08-16T07:22:13Z
2026-08-16T07:18:28Z,2026-08-16T09:18:28+0200,aaa9bd4d-7504-4e17-a444-f570127b5d4f,2026-07-24T11:15:00Z,2026-07-24T13:15:00+0200,7059.539,MW,NL,NL,forecast_load,Forecasted Load,2026-08-16T07:22:13Z
2026-08-16T07:18:28Z,2026-08-16T09:18:28+0200,aaa9bd4d-7504-4e17-a444-f570127b5d4f,2026-07-24T11:30:00Z,2026-07-24T13:30:00+0200,7132.171,MW,NL,NL,forecast_load,Forecasted Load,2026-08-16T07:22:13Z
2026-08-16T07:18:28Z,2026-08-16T09:18:28+0200,aaa9bd4d-7504-4e17-a444-f570127b5d4f,2026-07-24T11:45:00Z,2026-07-24T13:45:00+0200,7035.754,MW,NL,NL,forecast_load,Forecasted Load,2026-08-16T07:22:13Z
2026-08-16T07:18:28Z,2026-08-16T09:18:28+0200,aaa9bd4d-7504-4e17-a444-f570127b5d4f,2026-07-24T12:00:00Z,2026-07-24T14:00:00+0200,7090.343,MW,NL,NL,forecast_load,Forecasted Load,2026-08-16T07:22:13Z
2026-08-16T07:18:28Z,2026-08-16T09:18:28+0200,aaa9bd4d-7504-4e17-a444-f570127b5d4f,2026-07-24T12:15:00Z,2026-07-24T14:15:00+0200,7069.75,MW,NL,NL,forecast_load,Forecasted Load,2026-08-16T07:22:13Z
2026-08-16T07:18:28Z,2026-08-16T09:18:28+0200,aaa9bd4d-7504-4e17-a444-f570127b5d4f,2026-07-24T12:30:00Z,2026-07-24T14:30:00+0200,6972.951,MW,NL,NL,forecast_load,Forecasted Load,2026-08-16T07:22:13Z
2026-08-16T07:18:28Z,2026-08-16T09:18:28+0200,aaa9bd4d-7504-4e17-a444-f570127b5d4f,2026-07-24T12:45:00Z,2026-07-24T14:45:00+0200,7022.2,MW,NL,NL,forecast_load,Forecasted Load,2026-08-16T07:22:13Z
2026-08-16T07:18:28Z,2026-08-16T09:18:28+0200,aaa9bd4d-7504-4e17-a444-f570127b5d4f,2026-07-24T13:00:00Z,2026-07-24T15:00:00+0200,6925.679,MW,NL,NL,forecast_load,Forecasted Load,2026-08-16T07:22:13Z
2026-08-16T07:18:28Z,2026-08-16T09:18:28+0200,aaa9bd4d-7504-4e17-a444-f570127b5d4f,2026-07-24T13:15:00Z,2026-07-24T15:15:00+0200,6853.673,MW,NL,NL,forecast_load,Forecasted Load,2026-08-16T07:22:13Z
2026-08-16T07:18:28Z,2026-08-16T09:18:28+0200,aaa9bd4d-7504-4e17-a444-f570127b5d4f,2026-07-24T13:30:00Z,2026-07-24T15:30:00+0200,7052.862,MW,NL,NL,forecast_load,Forecasted Load,2026-08-16T07:22:13Z
2026-08-16T07:18:28Z,2026-08-16T09:18:28+0200,aaa9bd4d-7504-4e17-a444-f570127b5d4f,2026-07-24T13:45:00Z,2026-07-24T15:45:00+0200,7117.388,MW,NL,NL,forecast_load,Forecasted Load,2026-08-16T07:22:13Z
2026-08-16T07:18:28Z,2026-08-16T09:18:28+0200,aaa9bd4d-7504-4e17-a444-f570127b5d4f,2026-07-24T14:00:00Z,2026-07-24T16:00:00+0200,7199.871,MW,NL,NL,forecast_load,Forecasted Load,2026-08-16T07:22:13Z
2026-08-16T07:18:28Z,2026-08-16T09:18:28+0200,aaa9bd4d-7504-4e17-a444-f570127b5d4f,2026-07-24T14:15:00Z,2026-07-24T16:15:00+0200,7248.441,MW,NL,NL,forecast_load,Forecasted Load,2026-08-16T07:22:13Z
2026-08-16T07:18:28Z,2026-08-16T09:18:28+0200,aaa9bd4d-7504-4e17-a444-f570127b5d4f,2026-07-24T14:30:00Z,2026-07-24T16:30:00+0200,7381.665,MW,NL,NL,forecast_load,Forecasted Load,2026-08-16T07:22:13Z
2026-08-16T07:18:28Z,2026-08-16T09:18:28+0200,aaa9bd4d-7504-4e17-a444-f570127b5d4f,2026-07-24T14:45:00Z,2026-07-24T16:45:00+0200,7377.645,MW,NL,NL,forecast_load,Forecasted Load,2026-08-16T07:22:13Z
2026-08-16T07:18:28Z,2026-08-16T09:18:28+0200,aaa9bd4d-7504-4e17-a444-f570127b5d4f,2026-07-24T15:00:00Z,2026-07-24T17:00:00+0200,7461.12,MW,NL,NL,forecast_load,Forecasted Load,2026-08-16T07:22:13Z
2026-08-16T07:18:28Z,2026-08-16T09:18:28+0200,aaa9bd4d-7504-4e17-a444-f570127b5d4f,2026-07-24T15:15:00Z,2026-07-24T17:15:00+0200,7705.215,MW,NL,NL,forecast_load,Forecasted Load,2026-08-16T07:22:13Z
2026-08-16T07:18:28Z,2026-08-16T09:18:28+0200,aaa9bd4d-7504-4e17-a444-f570127b5d4f,2026-07-24T15:30:00Z,2026-07-24T17:30:00+0200,7899.569,MW,NL,NL,forecast_load,Forecasted Load,2026-08-16T07:22:13Z
2026-08-16T07:18:28Z,2026-08-16T09:18:28+0200,aaa9bd4d-7504-4e17-a444-f570127b5d4f,2026-07-24T15:45:00Z,2026-07-24T17:45:00+0200,8039.646,MW,NL,NL,forecast_load,Forecasted Load,2026-08-16T07:22:13Z
2026-08-16T07:18:28Z,2026-08-16T09:18:28+0200,aaa9bd4d-7504-4e17-a444-f570127b5d4f,2026-07-24T16:00:00Z,2026-07-24T18:00:00+0200,8116.193,MW,NL,NL,forecast_load,Forecasted Load,2026-08-16T07:22:13Z
2026-08-16T07:18:28Z,2026-08-16T09:18:28+0200,aaa9bd4d-7504-4e17-a444-f570127b5d4f,2026-07-24T16:15:00Z,2026-07-24T18:15:00+0200,8413.929,MW,NL,NL,forecast_load,Forecasted Load,2026-08-16T07:22:13Z
2026-08-16T07:18:28Z,2026-08-16T09:18:28+0200,aaa9bd4d-7504-4e17-a444-f570127b5d4f,2026-07-24T16:30:00Z,2026-07-24T18:30:00+0200,8664.324,MW,NL,NL,forecast_load,Forecasted Load,2026-08-16T07:22:13Z
2026-08-16T07:18:28Z,2026-08-16T09:18:28+0200,aaa9bd4d-7504-4e17-a444-f570127b5d4f,2026-07-24T16:45:00Z,2026-07-24T18:45:00+0200,8786.174,MW,NL,NL,forecast_load,Forecasted Load,2026-08-16T07:22:13Z
2026-08-16T07:18:28Z,2026-08-16T09:18:28+0200,aaa9bd4d-7504-4e17-a444-f570127b5d4f,2026-07-24T17:00:00Z,2026-07-24T19:00:00+0200,8934.212,MW,NL,NL,forecast_load,Forecasted Load,2026-08-16T07:22:13Z
2026-08-16T07:18:28Z,2026-08-16T09:18:28+0200,aaa9bd4d-7504-4e17-a444-f570127b5d4f,2026-07-24T17:15:00Z,2026-07-24T19:15:00+0200,9350.945,MW,NL,NL,forecast_load,Forecasted Load,2026-08-16T07:22:13Z
2026-08-16T07:18:28Z,2026-08-16T09:18:28+0200,aaa9bd4d-7504-4e17-a444-f570127b5d4f,2026-07-24T17:30:00Z,2026-07-24T19:30:00+0200,9663.506,MW,NL,NL,forecast_load,Forecasted Load,2026-08-16T07:22:13Z
2026-08-16T07:18:28Z,2026-08-16T09:18:28+0200,aaa9bd4d-7504-4e17-a444-f570127b5d4f,2026-07-24T17:45:00Z,2026-07-24T19:45:00+0200,9953.942,MW,NL,NL,forecast_load,Forecasted Load,2026-08-16T07:22:13Z
2026-08-16T07:18:28Z,2026-08-16T09:18:28+0200,aaa9bd4d-7504-4e17-a444-f570127b5d4f,2026-07-24T18:00:00Z,2026-07-24T20:00:00+0200,10178.605,MW,NL,NL,forecast_load,Forecasted Load,2026-08-16T07:22:13Z
2026-08-16T07:18:28Z,2026-08-16T09:18:28+0200,aaa9bd4d-7504-4e17-a444-f570127b5d4f,2026-07-24T18:15:00Z,2026-07-24T20:15:00+0200,10560.885,MW,NL,NL,forecast_load,Forecasted Load,2026-08-16T07:22:13Z
2026-08-16T07:18:28Z,2026-08-16T09:18:28+0200,aaa9bd4d-7504-4e17-a444-f570127b5d4f,2026-07-24T18:30:00Z,2026-07-24T20:30:00+0200,10650.098,MW,NL,NL,forecast_load,Forecasted Load,2026-08-16T07:22:13Z
2026-08-16T07:18:28Z,2026-08-16T09:18:28+0200,aaa9bd4d-7504-4e17-a444-f570127b5d4f,2026-07-24T18:45:00Z,2026-07-24T20:45:00+0200,10789.621,MW,NL,NL,forecast_load,Forecasted Load,2026-08-16T07:22:13Z
2026-08-16T07:18:28Z,2026-08-16T09:18:28+0200,aaa9bd4d-7504-4e17-a444-f570127b5d4f,2026-07-24T19:00:00Z,2026-07-24T21:00:00+0200,10953.391,MW,NL,NL,forecast_load,Forecasted Load,2026-08-16T07:22:13Z
2026-08-16T07:18:28Z,2026-08-16T09:18:28+0200,aaa9bd4d-7504-4e17-a444-f570127b5d4f,2026-07-24T19:15:00Z,2026-07-24T21:15:00+0200,11088.883,MW,NL,NL,forecast_load,Forecasted Load,2026-08-16T07:22:13Z
2026-08-16T07:18:28Z,2026-08-16T09:18:28+0200,aaa9bd4d-7504-4e17-a444-f570127b5d4f,2026-07-24T19:30:00Z,2026-07-24T21:30:00+0200,11092.432,MW,NL,NL,forecast_load,Forecasted Load,2026-08-16T07:22:13Z
2026-08-16T07:18:28Z,2026-08-16T09:18:28+0200,aaa9bd4d-7504-4e17-a444-f570127b5d4f,2026-07-24T19:45:00Z,2026-07-24T21:45:00+0200,11098.075,MW,NL,NL,forecast_load,Forecasted Load,2026-08-16T07:22:13Z
2026-08-16T07:18:28Z,2026-08-16T09:18:28+0200,aaa9bd4d-7504-4e17-a444-f570127b5d4f,2026-07-24T20:00:00Z,2026-07-24T22:00:00+0200,11127.21,MW,NL,NL,forecast_load,Forecasted Load,2026-08-16T07:22:13Z
2026-08-16T07:18:28Z,2026-08-16T09:18:28+0200,aaa9bd4d-7504-4e17-a444-f570127b5d4f,2026-07-24T20:15:00Z,2026-07-24T22:15:00+0200,10976.502,MW,NL,NL,forecast_load,Forecasted Load,2026-08-16T07:22:13Z
2026-08-16T07:18:28Z,2026-08-16T09:18:28+0200,aaa9bd4d-7504-4e17-a444-f570127b5d4f,2026-07-24T20:30:00Z,2026-07-24T22:30:00+0200,11020.539,MW,NL,NL,forecast_load,Forecasted Load,2026-08-16T07:22:13Z
2026-08-16T07:18:28Z,2026-08-16T09:18:28+0200,aaa9bd4d-7504-4e17-a444-f570127b5d4f,2026-07-24T20:45:00Z,2026-07-24T22:45:00+0200,11033.2,MW,NL,NL,forecast_load,Forecasted Load,2026-08-16T07:22:13Z
2026-08-16T07:18:28Z,2026-08-16T09:18:28+0200,aaa9bd4d-7504-4e17-a444-f570127b5d4f,2026-07-24T21:00:00Z,2026-07-24T23:00:00+0200,11047.283,MW,NL,NL,forecast_load,Forecasted Load,2026-08-16T07:22:13Z
2026-08-16T07:18:28Z,2026-08-16T09:18:28+0200,aaa9bd4d-7504-4e17-a444-f570127b5d4f,2026-07-24T21:15:00Z,2026-07-24T23:15:00+0200,11063.702,MW,NL,NL,forecast_load,Forecasted Load,2026-08-16T07:22:13Z
2026-08-16T07:18:28Z,2026-08-16T09:18:28+0200,aaa9bd4d-7504-4e17-a444-f570127b5d4f,2026-07-24T21:30:00Z,2026-07-24T23:30:00+0200,10993.192,MW,NL,NL,forecast_load,Forecasted Load,2026-08-16T07:22:13Z
2026-08-16T07:18:28Z,2026-08-16T09:18:28+0200,aaa9bd4d-7504-4e17-a444-f570127b5d4f,2026-07-24T21:45:00Z,2026-07-24T23:45:00+0200,10886.42,MW,NL,NL,forecast_load,Forecasted Load,2026-08-16T07:22:13Z
2026-08-16T07:18:28Z,2026-08-16T09:18:28+0200,aaa9bd4d-7504-4e17-a444-f570127b5d4f,2026-07-24T22:00:00Z,2026-07-25T00:00:00+0200,10721.455,MW,NL,NL,forecast_load,Forecasted Load,2026-08-16T07:22:13Z
2026-08-16T07:18:28Z,2026-08-16T09:18:28+0200,aaa9bd4d-7504-4e17-a444-f570127b5d4f,2026-07-24T22:15:00Z,2026-07-25T00:15:00+0200,10628.808,MW,NL,NL,forecast_load,Forecasted Load,2026-08-16T07:22:13Z
2026-08-16T07:18:28Z,2026-08-16T09:18:28+0200,aaa9bd4d-7504-4e17-a444-f570127b5d4f,2026-07-24T22:30:00Z,2026-07-25T00:30:00+0200,10621.022,MW,NL,NL,forecast_load,Forecasted Load,2026-08-16T07:22:13Z
2026-08-16T07:18:28Z,2026-08-16T09:18:28+0200,aaa9bd4d-7504-4e17-a444-f570127b5d4f,2026-07-24T22:45:00Z,2026-07-25T00:45:00+0200,10580.599,MW,NL,NL,forecast_load,Forecasted Load,2026-08-16T07:22:13Z
2026-08-16T07:18:28Z,2026-08-16T09:18:28+0200,aaa9bd4d-7504-4e17-a444-f570127b5d4f,2026-07-24T23:00:00Z,2026-07-25T01:00:00+0200,10505.786,MW,NL,NL,forecast_load,Forecasted Load,2026-08-16T07:22:13Z
2026-08-16T07:18:28Z,2026-08-16T09:18:28+0200,aaa9bd4d-7504-4e17-a444-f570127b5d4f,2026-07-24T23:15:00Z,2026-07-25T01:15:00+0200,10434.836,MW,NL,NL,forecast_load,Forecasted Load,2026-08-16T07:22:13Z
2026-08-16T07:18:28Z,2026-08-16T09:18:28+0200,aaa9bd4d-7504-4e17-a444-f570127b5d4f,2026-07-24T23:30:00Z,2026-07-25T01:30:00+0200,10396.8,MW,NL,NL,forecast_load,Forecasted Load,2026-08-16T07:22:13Z
2026-08-16T07:18:28Z,2026-08-16T09:18:28+0200,aaa9bd4d-7504-4e17-a444-f570127b5d4f,2026-07-24T23:45:00Z,2026-07-25T01:45:00+0200,10391.176,MW,NL,NL,forecast_load,Forecasted Load,2026-08-16T07:22:13Z
2026-08-16T07:18:28Z,2026-08-16T09:18:28+0200,aaa9bd4d-7504-4e17-a444-f570127b5d4f,2026-07-25T00:00:00Z,2026-07-25T02:00:00+0200,10350.046,MW,NL,NL,forecast_load,Forecasted Load,2026-08-16T07:22:13Z
2026-08-16T07:18:28Z,2026-08-16T09:18:28+0200,aaa9bd4d-7504-4e17-a444-f570127b5d4f,2026-07-25T00:15:00Z,2026-07-25T02:15:00+0200,10329.244,MW,NL,NL,forecast_load,Forecasted Load,2026-08-16T07:22:13Z
2026-08-16T07:18:28Z,2026-08-16T09:18:28+0200,aaa9bd4d-7504-4e17-a444-f570127b5d4f,2026-07-25T00:30:00Z,2026-07-25T02:30:00+0200,10249.549,MW,NL,NL,forecast_load,Forecasted Load,2026-08-16T07:22:13Z
2026-08-16T07:18:28Z,2026-08-16T09:18:28+0200,aaa9bd4d-7504-4e17-a444-f570127b5d4f,2026-07-25T00:45:00Z,2026-07-25T02:45:00+0200,10188.799,MW,NL,NL,forecast_load,Forecasted Load,2026-08-16T07:22:13Z
2026-08-16T07:18:28Z,2026-08-16T09:18:28+0200,aaa9bd4d-7504-4e17-a444-f570127b5d4f,2026-07-25T01:00:00Z,2026-07-25T03:00:00+0200,10166.636,MW,NL,NL,forecast_load,Forecasted Load,2026-08-16T07:22:13Z
2026-08-16T07:18:28Z,2026-08-16T09:18:28+0200,aaa9bd4d-7504-4e17-a444-f570127b5d4f,2026-07-25T01:15:00Z,2026-07-25T03:15:00+0200,10190.934,MW,NL,NL,forecast_load,Forecasted Load,2026-08-16T07:22:13Z
2026-08-16T07:18:28Z,2026-08-16T09:18:28+0200,aaa9bd4d-7504-4e17-a444-f570127b5d4f,2026-07-25T01:30:00Z,2026-07-25T03:30:00+0200,10196.751,MW,NL,NL,forecast_load,Forecasted Load,2026-08-16T07:22:13Z
2026-08-16T07:18:28Z,2026-08-16T09:18:28+0200,aaa9bd4d-7504-4e17-a444-f570127b5d4f,2026-07-25T01:45:00Z,2026-07-25T03:45:00+0200,10218.35,MW,NL,NL,forecast_load,Forecasted Load,2026-08-16T07:22:13Z
2026-08-16T07:18:28Z,2026-08-16T09:18:28+0200,aaa9bd4d-7504-4e17-a444-f570127b5d4f,2026-07-25T02:00:00Z,2026-07-25T04:00:00+0200,10225.767,MW,NL,NL,forecast_load,Forecasted Load,2026-08-16T07:22:13Z
2026-08-16T07:18:28Z,2026-08-16T09:18:28+0200,aaa9bd4d-7504-4e17-a444-f570127b5d4f,2026-07-25T02:15:00Z,2026-07-25T04:15:00+0200,10279.903,MW,NL,NL,forecast_load,Forecasted Load,2026-08-16T07:22:13Z
2026-08-16T07:18:28Z,2026-08-16T09:18:28+0200,aaa9bd4d-7504-4e17-a444-f570127b5d4f,2026-07-25T02:30:00Z,2026-07-25T04:30:00+0200,10195.754,MW,NL,NL,forecast_load,Forecasted Load,2026-08-16T07:22:13Z
2026-08-16T07:18:28Z,2026-08-16T09:18:28+0200,aaa9bd4d-7504-4e17-a444-f570127b5d4f,2026-07-25T02:45:00Z,2026-07-25T04:45:00+0200,10193.162,MW,NL,NL,forecast_load,Forecasted Load,2026-08-16T07:22:13Z
2026-08-16T07:18:28Z,2026-08-16T09:18:28+0200,aaa9bd4d-7504-4e17-a444-f570127b5d4f,2026-07-25T03:00:00Z,2026-07-25T05:00:00+0200,10205.482,MW,NL,NL,forecast_load,Forecasted Load,2026-08-16T07:22:13Z
2026-08-16T07:18:28Z,2026-08-16T09:18:28+0200,aaa9bd4d-7504-4e17-a444-f570127b5d4f,2026-07-25T03:15:00Z,2026-07-25T05:15:00+0200,10187.97,MW,NL,NL,forecast_load,Forecasted Load,2026-08-16T07:22:13Z
2026-08-16T07:18:28Z,2026-08-16T09:18:28+0200,aaa9bd4d-7504-4e17-a444-f570127b5d4f,2026-07-25T03:30:00Z,2026-07-25T05:30:00+0200,10191.045,MW,NL,NL,forecast_load,Forecasted Load,2026-08-16T07:22:13Z
2026-08-16T07:18:28Z,2026-08-16T09:18:28+0200,aaa9bd4d-7504-4e17-a444-f570127b5d4f,2026-07-25T03:45:00Z,2026-07-25T05:45:00+0200,10253.703,MW,NL,NL,forecast_load,Forecasted Load,2026-08-16T07:22:13Z
2026-08-16T07:18:28Z,2026-08-16T09:18:28+0200,aaa9bd4d-7504-4e17-a444-f570127b5d4f,2026-07-25T04:00:00Z,2026-07-25T06:00:00+0200,10209.494,MW,NL,NL,forecast_load,Forecasted Load,2026-08-16T07:22:13Z
2026-08-16T07:18:28Z,2026-08-16T09:18:28+0200,aaa9bd4d-7504-4e17-a444-f570127b5d4f,2026-07-25T04:15:00Z,2026-07-25T06:15:00+0200,10036.069,MW,NL,NL,forecast_load,Forecasted Load,2026-08-16T07:22:13Z
2026-08-16T07:18:28Z,2026-08-16T09:18:28+0200,aaa9bd4d-7504-4e17-a444-f570127b5d4f,2026-07-25T04:30:00Z,2026-07-25T06:30:00+0200,9926.901,MW,NL,NL,forecast_load,Forecasted Load,2026-08-16T07:22:13Z
2026-08-16T07:18:28Z,2026-08-16T09:18:28+0200,aaa9bd4d-7504-4e17-a444-f570127b5d4f,2026-07-25T04:45:00Z,2026-07-25T06:45:00+0200,9893.268,MW,NL,NL,forecast_load,Forecasted Load,2026-08-16T07:22:13Z
2026-08-16T07:18:28Z,2026-08-16T09:18:28+0200,aaa9bd4d-7504-4e17-a444-f570127b5d4f,2026-07-25T05:00:00Z,2026-07-25T07:00:00+0200,9878.726,MW,NL,NL,forecast_load,Forecasted Load,2026-08-16T07:22:13Z
2026-08-16T07:18:28Z,2026-08-16T09:18:28+0200,aaa9bd4d-7504-4e17-a444-f570127b5d4f,2026-07-25T05:15:00Z,2026-07-25T07:15:00+0200,9736.463,MW,NL,NL,forecast_load,Forecasted Load,2026-08-16T07:22:13Z
2026-08-16T07:18:28Z,2026-08-16T09:18:28+0200,aaa9bd4d-7504-4e17-a444-f570127b5d4f,2026-07-25T05:30:00Z,2026-07-25T07:30:00+0200,9787.251,MW,NL,NL,forecast_load,Forecasted Load,2026-08-16T07:22:13Z
2026-08-16T07:18:28Z,2026-08-16T09:18:28+0200,aaa9bd4d-7504-4e17-a444-f570127b5d4f,2026-07-25T05:45:00Z,2026-07-25T07:45:00+0200,9755.291,MW,NL,NL,forecast_load,Forecasted Load,2026-08-16T07:22:13Z
2026-08-16T07:18:28Z,2026-08-16T09:18:28+0200,aaa9bd4d-7504-4e17-a444-f570127b5d4f,2026-07-25T06:00:00Z,2026-07-25T08:00:00+0200,9754.121,MW,NL,NL,forecast_load,Forecasted Load,2026-08-16T07:22:13Z
2026-08-16T07:18:28Z,2026-08-16T09:18:28+0200,aaa9bd4d-7504-4e17-a444-f570127b5d4f,2026-07-25T06:15:00Z,2026-07-25T08:15:00+0200,9671.309,MW,NL,NL,forecast_load,Forecasted Load,2026-08-16T07:22:13Z
2026-08-16T07:18:28Z,2026-08-16T09:18:28+0200,aaa9bd4d-7504-4e17-a444-f570127b5d4f,2026-07-25T06:30:00Z,2026-07-25T08:30:00+0200,9614.456,MW,NL,NL,forecast_load,Forecasted Load,2026-08-16T07:22:13Z
2026-08-16T07:18:28Z,2026-08-16T09:18:28+0200,aaa9bd4d-7504-4e17-a444-f570127b5d4f,2026-07-25T06:45:00Z,2026-07-25T08:45:00+0200,9685.419,MW,NL,NL,forecast_load,Forecasted Load,2026-08-16T07:22:13Z
2026-08-16T07:18:28Z,2026-08-16T09:18:28+0200,aaa9bd4d-7504-4e17-a444-f570127b5d4f,2026-07-25T07:00:00Z,2026-07-25T09:00:00+0200,9745.605,MW,NL,NL,forecast_load,Forecasted Load,2026-08-16T07:22:13Z
2026-08-16T07:18:28Z,2026-08-16T09:18:28+0200,aaa9bd4d-7504-4e17-a444-f570127b5d4f,2026-07-25T07:15:00Z,2026-07-25T09:15:00+0200,9609.077,MW,NL,NL,forecast_load,Forecasted Load,2026-08-16T07:22:13Z
2026-08-16T07:18:28Z,2026-08-16T09:18:28+0200,aaa9bd4d-7504-4e17-a444-f570127b5d4f,2026-07-25T07:30:00Z,2026-07-25T09:30:00+0200,9609.697,MW,NL,NL,forecast_load,Forecasted Load,2026-08-16T07:22:13Z
2026-08-16T07:18:28Z,2026-08-16T09:18:28+0200,aaa9bd4d-7504-4e17-a444-f570127b5d4f,2026-07-25T07:45:00Z,2026-07-25T09:45:00+0200,9646.149,MW,NL,NL,forecast_load,Forecasted Load,2026-08-16T07:22:13Z
2026-08-16T07:18:28Z,2026-08-16T09:18:28+0200,aaa9bd4d-7504-4e17-a444-f570127b5d4f,2026-07-25T08:00:00Z,2026-07-25T10:00:00+0200,9568.31,MW,NL,NL,forecast_load,Forecasted Load,2026-08-16T07:22:13Z
2026-08-16T07:18:28Z,2026-08-16T09:18:28+0200,aaa9bd4d-7504-4e17-a444-f570127b5d4f,2026-07-25T08:15:00Z,2026-07-25T10:15:00+0200,9355.464,MW,NL,NL,forecast_load,Forecasted Load,2026-08-16T07:22:13Z
2026-08-16T07:18:28Z,2026-08-16T09:18:28+0200,aaa9bd4d-7504-4e17-a444-f570127b5d4f,2026-07-25T08:30:00Z,2026-07-25T10:30:00+0200,9069.608,MW,NL,NL,forecast_load,Forecasted Load,2026-08-16T07:22:13Z
2026-08-16T07:18:28Z,2026-08-16T09:18:28+0200,aaa9bd4d-7504-4e17-a444-f570127b5d4f,2026-07-25T08:45:00Z,2026-07-25T10:45:00+0200,8966.37,MW,NL,NL,forecast_load,Forecasted Load,2026-08-16T07:22:13Z
2026-08-16T07:18:28Z,2026-08-16T09:18:28+0200,aaa9bd4d-7504-4e17-a444-f570127b5d4f,2026-07-25T09:00:00Z,2026-07-25T11:00:00+0200,8818.712,MW,NL,NL,forecast_load,Forecasted Load,2026-08-16T07:22:13Z
2026-08-16T07:18:28Z,2026-08-16T09:18:28+0200,aaa9bd4d-7504-4e17-a444-f570127b5d4f,2026-07-25T09:15:00Z,2026-07-25T11:15:00+0200,8651.024,MW,NL,NL,forecast_load,Forecasted Load,2026-08-16T07:22:13Z
2026-08-16T07:18:28Z,2026-08-16T09:18:28+0200,aaa9bd4d-7504-4e17-a444-f570127b5d4f,2026-07-25T09:30:00Z,2026-07-25T11:30:00+0200,8402.901,MW,NL,NL,forecast_load,Forecasted Load,2026-08-16T07:22:13Z
2026-08-16T07:18:28Z,2026-08-16T09:18:28+0200,aaa9bd4d-7504-4e17-a444-f570127b5d4f,2026-07-25T09:45:00Z,2026-07-25T11:45:00+0200,8114.159,MW,NL,NL,forecast_load,Forecasted Load,2026-08-16T07:22:13Z
2026-08-16T07:18:28Z,2026-08-16T09:18:28+0200,aaa9bd4d-7504-4e17-a444-f570127b5d4f,2026-07-25T10:00:00Z,2026-07-25T12:00:00+0200,7951.478,MW,NL,NL,forecast_load,Forecasted Load,2026-08-16T07:22:13Z
2026-08-16T07:18:28Z,2026-08-16T09:18:28+0200,aaa9bd4d-7504-4e17-a444-f570127b5d4f,2026-07-25T10:15:00Z,2026-07-25T12:15:00+0200,7774.589,MW,NL,NL,forecast_load,Forecasted Load,2026-08-16T07:22:13Z
2026-08-16T07:18:28Z,2026-08-16T09:18:28+0200,aaa9bd4d-7504-4e17-a444-f570127b5d4f,2026-07-25T10:30:00Z,2026-07-25T12:30:00+0200,7507.773,MW,NL,NL,forecast_load,Forecasted Load,2026-08-16T07:22:13Z
2026-08-16T07:18:28Z,2026-08-16T09:18:28+0200,aaa9bd4d-7504-4e17-a444-f570127b5d4f,2026-07-25T10:45:00Z,2026-07-25T12:45:00+0200,7295.303,MW,NL,NL,forecast_load,Forecasted Load,2026-08-16T07:22:13Z
2026-08-16T07:18:28Z,2026-08-16T09:18:28+0200,aaa9bd4d-7504-4e17-a444-f570127b5d4f,2026-07-25T11:00:00Z,2026-07-25T13:00:00+0200,7188.54,MW,NL,NL,forecast_load,Forecasted Load,2026-08-16T07:22:13Z
2026-08-16T07:18:28Z,2026-08-16T09:18:28+0200,aaa9bd4d-7504-4e17-a444-f570127b5d4f,2026-07-25T11:15:00Z,2026-07-25T13:15:00+0200,6957.569,MW,NL,NL,forecast_load,Forecasted Load,2026-08-16T07:22:13Z
2026-08-16T07:18:28Z,2026-08-16T09:18:28+0200,aaa9bd4d-7504-4e17-a444-f570127b5d4f,2026-07-25T11:30:00Z,2026-07-25T13:30:00+0200,6749.511,MW,NL,NL,forecast_load,Forecasted Load,2026-08-16T07:22:13Z
2026-08-16T07:18:28Z,2026-08-16T09:18:28+0200,aaa9bd4d-7504-4e17-a444-f570127b5d4f,2026-07-25T11:45:00Z,2026-07-25T13:45:00+0200,6579.001,MW,NL,NL,forecast_load,Forecasted Load,2026-08-16T07:22:13Z
2026-08-16T07:18:28Z,2026-08-16T09:18:28+0200,aaa9bd4d-7504-4e17-a444-f570127b5d4f,2026-07-25T12:00:00Z,2026-07-25T14:00:00+0200,6451.822,MW,NL,NL,forecast_load,Forecasted Load,2026-08-16T07:22:13Z
2026-08-16T07:18:28Z,2026-08-16T09:18:28+0200,aaa9bd4d-7504-4e17-a444-f570127b5d4f,2026-07-25T12:15:00Z,2026-07-25T14:15:00+0200,6229.974,MW,NL,NL,forecast_load,Forecasted Load,2026-08-16T07:22:13Z
2026-08-16T07:18:28Z,2026-08-16T09:18:28+0200,aaa9bd4d-7504-4e17-a444-f570127b5d4f,2026-07-25T12:30:00Z,2026-07-25T14:30:00+0200,6128.189,MW,NL,NL,forecast_load,Forecasted Load,2026-08-16T07:22:13Z
2026-08-16T07:18:28Z,2026-08-16T09:18:28+0200,aaa9bd4d-7504-4e17-a444-f570127b5d4f,2026-07-25T12:45:00Z,2026-07-25T14:45:00+0200,6100.432,MW,NL,NL,forecast_load,Forecasted Load,2026-08-16T07:22:13Z
2026-08-16T07:18:28Z,2026-08-16T09:18:28+0200,aaa9bd4d-7504-4e17-a444-f570127b5d4f,2026-07-25T13:00:00Z,2026-07-25T15:00:00+0200,6146.187,MW,NL,NL,forecast_load,Forecasted Load,2026-08-16T07:22:13Z
2026-08-16T07:18:28Z,2026-08-16T09:18:28+0200,aaa9bd4d-7504-4e17-a444-f570127b5d4f,2026-07-25T13:15:00Z,2026-07-25T15:15:00+0200,6297.808,MW,NL,NL,forecast_load,Forecasted Load,2026-08-16T07:22:13Z
2026-08-16T07:18:28Z,2026-08-16T09:18:28+0200,aaa9bd4d-7504-4e17-a444-f570127b5d4f,2026-07-25T13:30:00Z,2026-07-25T15:30:00+0200,6247.08,MW,NL,NL,forecast_load,Forecasted Load,2026-08-16T07:22:13Z
2026-08-16T07:18:28Z,2026-08-16T09:18:28+0200,aaa9bd4d-7504-4e17-a444-f570127b5d4f,2026-07-25T13:45:00Z,2026-07-25T15:45:00+0200,6366.926,MW,NL,NL,forecast_load,Forecasted Load,2026-08-16T07:22:13Z
2026-08-16T07:18:28Z,2026-08-16T09:18:28+0200,aaa9bd4d-7504-4e17-a444-f570127b5d4f,2026-07-25T14:00:00Z,2026-07-25T16:00:00+0200,6353.979,MW,NL,NL,forecast_load,Forecasted Load,2026-08-16T07:22:13Z
2026-08-16T07:18:28Z,2026-08-16T09:18:28+0200,aaa9bd4d-7504-4e17-a444-f570127b5d4f,2026-07-25T14:15:00Z,2026-07-25T16:15:00+0200,6539.47,MW,NL,NL,forecast_load,Forecasted Load,2026-08-16T07:22:13Z
2026-08-16T07:18:28Z,2026-08-16T09:18:28+0200,aaa9bd4d-7504-4e17-a444-f570127b5d4f,2026-07-25T14:30:00Z,2026-07-25T16:30:00+0200,6752.816,MW,NL,NL,forecast_load,Forecasted Load,2026-08-16T07:22:13Z
2026-08-16T07:18:28Z,2026-08-16T09:18:28+0200,aaa9bd4d-7504-4e17-a444-f570127b5d4f,2026-07-25T14:45:00Z,2026-07-25T16:45:00+0200,6880.667,MW,NL,NL,forecast_load,Forecasted Load,2026-08-16T07:22:13Z
2026-08-16T07:18:28Z,2026-08-16T09:18:28+0200,aaa9bd4d-7504-4e17-a444-f570127b5d4f,2026-07-25T15:00:00Z,2026-07-25T17:00:00+0200,7264.211,MW,NL,NL,forecast_load,Forecasted Load,2026-08-16T07:22:13Z
2026-08-16T07:18:28Z,2026-08-16T09:18:28+0200,aaa9bd4d-7504-4e17-a444-f570127b5d4f,2026-07-25T15:15:00Z,2026-07-25T17:15:00+0200,7581.842,MW,NL,NL,forecast_load,Forecasted Load,2026-08-16T07:22:13Z
2026-08-16T07:18:28Z,2026-08-16T09:18:28+0200,aaa9bd4d-7504-4e17-a444-f570127b5d4f,2026-07-25T15:30:00Z,2026-07-25T17:30:00+0200,7811.668,MW,NL,NL,forecast_load,Forecasted Load,2026-08-16T07:22:13Z
2026-08-16T07:18:28Z,2026-08-16T09:18:28+0200,aaa9bd4d-7504-4e17-a444-f570127b5d4f,2026-07-25T15:45:00Z,2026-07-25T17:45:00+0200,7902.102,MW,NL,NL,forecast_load,Forecasted Load,2026-08-16T07:22:13Z
2026-08-16T07:18:28Z,2026-08-16T09:18:28+0200,aaa9bd4d-7504-4e17-a444-f570127b5d4f,2026-07-25T16:00:00Z,2026-07-25T18:00:00+0200,8069.844,MW,NL,NL,forecast_load,Forecasted Load,2026-08-16T07:22:13Z
2026-08-16T07:18:28Z,2026-08-16T09:18:28+0200,aaa9bd4d-7504-4e17-a444-f570127b5d4f,2026-07-25T16:15:00Z,2026-07-25T18:15:00+0200,8354.431,MW,NL,NL,forecast_load,Forecasted Load,2026-08-16T07:22:13Z
2026-08-16T07:18:28Z,2026-08-16T09:18:28+0200,aaa9bd4d-7504-4e17-a444-f570127b5d4f,2026-07-25T16:30:00Z,2026-07-25T18:30:00+0200,8608.129,MW,NL,NL,forecast_load,Forecasted Load,2026-08-16T07:22:13Z
2026-08-16T07:18:28Z,2026-08-16T09:18:28+0200,aaa9bd4d-7504-4e17-a444-f570127b5d4f,2026-07-25T16:45:00Z,2026-07-25T18:45:00+0200,8932.35,MW,NL,NL,forecast_load,Forecasted Load,2026-08-16T07:22:13Z
2026-08-16T07:18:28Z,2026-08-16T09:18:28+0200,aaa9bd4d-7504-4e17-a444-f570127b5d4f,2026-07-25T17:00:00Z,2026-07-25T19:00:00+0200,9149.866,MW,NL,NL,forecast_load,Forecasted Load,2026-08-16T07:22:13Z
2026-08-16T07:18:28Z,2026-08-16T09:18:28+0200,aaa9bd4d-7504-4e17-a444-f570127b5d4f,2026-07-25T17:15:00Z,2026-07-25T19:15:00+0200,9380.275,MW,NL,NL,forecast_load,Forecasted Load,2026-08-16T07:22:13Z
2026-08-16T07:18:28Z,2026-08-16T09:18:28+0200,aaa9bd4d-7504-4e17-a444-f570127b5d4f,2026-07-25T17:30:00Z,2026-07-25T19:30:00+0200,9533.157,MW,NL,NL,forecast_load,Forecasted Load,2026-08-16T07:22:13Z
2026-08-16T07:18:28Z,2026-08-16T09:18:28+0200,aaa9bd4d-7504-4e17-a444-f570127b5d4f,2026-07-25T17:45:00Z,2026-07-25T19:45:00+0200,9644.387,MW,NL,NL,forecast_load,Forecasted Load,2026-08-16T07:22:13Z
2026-08-16T07:18:28Z,2026-08-16T09:18:28+0200,aaa9bd4d-7504-4e17-a444-f570127b5d4f,2026-07-25T18:00:00Z,2026-07-25T20:00:00+0200,9716.889,MW,NL,NL,forecast_load,Forecasted Load,2026-08-16T07:22:13Z
2026-08-16T07:18:28Z,2026-08-16T09:18:28+0200,aaa9bd4d-7504-4e17-a444-f570127b5d4f,2026-07-25T18:15:00Z,2026-07-25T20:15:00+0200,9813.73,MW,NL,NL,forecast_load,Forecasted Load,2026-08-16T07:22:13Z
2026-08-16T07:18:28Z,2026-08-16T09:18:28+0200,aaa9bd4d-7504-4e17-a444-f570127b5d4f,2026-07-25T18:30:00Z,2026-07-25T20:30:00+0200,9939.918,MW,NL,NL,forecast_load,Forecasted Load,2026-08-16T07:22:13Z
2026-08-16T07:18:28Z,2026-08-16T09:18:28+0200,aaa9bd4d-7504-4e17-a444-f570127b5d4f,2026-07-25T18:45:00Z,2026-07-25T20:45:00+0200,10116.683,MW,NL,NL,forecast_load,Forecasted Load,2026-08-16T07:22:13Z
2026-08-16T07:18:28Z,2026-08-16T09:18:28+0200,aaa9bd4d-7504-4e17-a444-f570127b5d4f,2026-07-25T19:00:00Z,2026-07-25T21:00:00+0200,10252.619,MW,NL,NL,forecast_load,Forecasted Load,2026-08-16T07:22:13Z
2026-08-16T07:18:28Z,2026-08-16T09:18:28+0200,aaa9bd4d-7504-4e17-a444-f570127b5d4f,2026-07-25T19:15:00Z,2026-07-25T21:15:00+0200,10358.431,MW,NL,NL,forecast_load,Forecasted Load,2026-08-16T07:22:13Z
2026-08-16T07:18:28Z,2026-08-16T09:18:28+0200,aaa9bd4d-7504-4e17-a444-f570127b5d4f,2026-07-25T19:30:00Z,2026-07-25T21:30:00+0200,10462.476,MW,NL,NL,forecast_load,Forecasted Load,2026-08-16T07:22:13Z
2026-08-16T07:18:28Z,2026-08-16T09:18:28+0200,aaa9bd4d-7504-4e17-a444-f570127b5d4f,2026-07-25T19:45:00Z,2026-07-25T21:45:00+0200,10453.137,MW,NL,NL,forecast_load,Forecasted Load,2026-08-16T07:22:13Z
2026-08-16T07:18:28Z,2026-08-16T09:18:28+0200,aaa9bd4d-7504-4e17-a444-f570127b5d4f,2026-07-25T20:00:00Z,2026-07-25T22:00:00+0200,10455.522,MW,NL,NL,forecast_load,Forecasted Load,2026-08-16T07:22:13Z
2026-08-16T07:18:28Z,2026-08-16T09:18:28+0200,aaa9bd4d-7504-4e17-a444-f570127b5d4f,2026-07-25T20:15:00Z,2026-07-25T22:15:00+0200,10320.369,MW,NL,NL,forecast_load,Forecasted Load,2026-08-16T07:22:13Z
2026-08-16T07:18:28Z,2026-08-16T09:18:28+0200,aaa9bd4d-7504-4e17-a444-f570127b5d4f,2026-07-25T20:30:00Z,2026-07-25T22:30:00+0200,10331.278,MW,NL,NL,forecast_load,Forecasted Load,2026-08-16T07:22:13Z
2026-08-16T07:18:28Z,2026-08-16T09:18:28+0200,aaa9bd4d-7504-4e17-a444-f570127b5d4f,2026-07-25T20:45:00Z,2026-07-25T22:45:00+0200,10312.585,MW,NL,NL,forecast_load,Forecasted Load,2026-08-16T07:22:13Z
2026-08-16T07:18:28Z,2026-08-16T09:18:28+0200,aaa9bd4d-7504-4e17-a444-f570127b5d4f,2026-07-25T21:00:00Z,2026-07-25T23:00:00+0200,10357.633,MW,NL,NL,forecast_load,Forecasted Load,2026-08-16T07:22:13Z
2026-08-16T07:18:28Z,2026-08-16T09:18:28+0200,aaa9bd4d-7504-4e17-a444-f570127b5d4f,2026-07-25T21:15:00Z,2026-07-25T23:15:00+0200,10306.543,MW,NL,NL,forecast_load,Forecasted Load,2026-08-16T07:22:13Z
2026-08-16T07:18:28Z,2026-08-16T09:18:28+0200,aaa9bd4d-7504-4e17-a444-f570127b5d4f,2026-07-25T21:30:00Z,2026-07-25T23:30:00+0200,10367.435,MW,NL,NL,forecast_load,Forecasted Load,2026-08-16T07:22:13Z
2026-08-16T07:18:28Z,2026-08-16T09:18:28+0200,aaa9bd4d-7504-4e17-a444-f570127b5d4f,2026-07-25T21:45:00Z,2026-07-25T23:45:00+0200,10322.211,MW,NL,NL,forecast_load,Forecasted Load,2026-08-16T07:22:13Z
2026-08-16T07:18:28Z,2026-08-16T09:18:28+0200,aaa9bd4d-7504-4e17-a444-f570127b5d4f,2026-07-25T22:00:00Z,2026-07-26T00:00:00+0200,11576.566,MW,NL,NL,forecast_load,Forecasted Load,2026-08-16T07:22:13Z
2026-08-16T07:18:28Z,2026-08-16T09:18:28+0200,aaa9bd4d-7504-4e17-a444-f570127b5d4f,2026-07-25T22:15:00Z,2026-07-26T00:15:00+0200,11338.054,MW,NL,NL,forecast_load,Forecasted Load,2026-08-16T07:22:13Z
2026-08-16T07:18:28Z,2026-08-16T09:18:28+0200,aaa9bd4d-7504-4e17-a444-f570127b5d4f,2026-07-25T22:30:00Z,2026-07-26T00:30:00+0200,11161.145,MW,NL,NL,forecast_load,Forecasted Load,2026-08-16T07:22:13Z
2026-08-16T07:18:28Z,2026-08-16T09:18:28+0200,aaa9bd4d-7504-4e17-a444-f570127b5d4f,2026-07-25T22:45:00Z,2026-07-26T00:45:00+0200,11091.771,MW,NL,NL,forecast_load,Forecasted Load,2026-08-16T07:22:13Z
2026-08-16T07:18:28Z,2026-08-16T09:18:28+0200,aaa9bd4d-7504-4e17-a444-f570127b5d4f,2026-07-25T23:00:00Z,2026-07-26T01:00:00+0200,10971.709,MW,NL,NL,forecast_load,Forecasted Load,2026-08-16T07:22:13Z
2026-08-16T07:18:28Z,2026-08-16T09:18:28+0200,aaa9bd4d-7504-4e17-a444-f570127b5d4f,2026-07-25T23:15:00Z,2026-07-26T01:15:00+0200,10818.201,MW,NL,NL,forecast_load,Forecasted Load,2026-08-16T07:22:13Z
2026-08-16T07:18:28Z,2026-08-16T09:18:28+0200,aaa9bd4d-7504-4e17-a444-f570127b5d4f,2026-07-25T23:30:00Z,2026-07-26T01:30:00+0200,10686.877,MW,NL,NL,forecast_load,Forecasted Load,2026-08-16T07:22:13Z
2026-08-16T07:18:28Z,2026-08-16T09:18:28+0200,aaa9bd4d-7504-4e17-a444-f570127b5d4f,2026-07-25T23:45:00Z,2026-07-26T01:45:00+0200,10583.039,MW,NL,NL,forecast_load,Forecasted Load,2026-08-16T07:22:13Z
2026-08-16T07:18:28Z,2026-08-16T09:18:28+0200,aaa9bd4d-7504-4e17-a444-f570127b5d4f,2026-07-26T00:00:00Z,2026-07-26T02:00:00+0200,10545.14,MW,NL,NL,forecast_load,Forecasted Load,2026-08-16T07:22:13Z
2026-08-16T07:18:28Z,2026-08-16T09:18:28+0200,aaa9bd4d-7504-4e17-a444-f570127b5d4f,2026-07-26T00:15:00Z,2026-07-26T02:15:00+0200,10485.021,MW,NL,NL,forecast_load,Forecasted Load,2026-08-16T07:22:13Z
2026-08-16T07:18:28Z,2026-08-16T09:18:28+0200,aaa9bd4d-7504-4e17-a444-f570127b5d4f,2026-07-26T00:30:00Z,2026-07-26T02:30:00+0200,10380.747,MW,NL,NL,forecast_load,Forecasted Load,2026-08-16T07:22:13Z
2026-08-16T07:18:28Z,2026-08-16T09:18:28+0200,aaa9bd4d-7504-4e17-a444-f570127b5d4f,2026-07-26T00:45:00Z,2026-07-26T02:45:00+0200,10318.03,MW,NL,NL,forecast_load,Forecasted Load,2026-08-16T07:22:13Z
2026-08-16T07:18:28Z,2026-08-16T09:18:28+0200,aaa9bd4d-7504-4e17-a444-f570127b5d4f,2026-07-26T01:00:00Z,2026-07-26T03:00:00+0200,10342.94,MW,NL,NL,forecast_load,Forecasted Load,2026-08-16T07:22:13Z
2026-08-16T07:18:28Z,2026-08-16T09:18:28+0200,aaa9bd4d-7504-4e17-a444-f570127b5d4f,2026-07-26T01:15:00Z,2026-07-26T03:15:00+0200,10308.924,MW,NL,NL,forecast_load,Forecasted Load,2026-08-16T07:22:13Z
2026-08-16T07:18:28Z,2026-08-16T09:18:28+0200,aaa9bd4d-7504-4e17-a444-f570127b5d4f,2026-07-26T01:30:00Z,2026-07-26T03:30:00+0200,10268.648,MW,NL,NL,forecast_load,Forecasted Load,2026-08-16T07:22:13Z
2026-08-16T07:18:28Z,2026-08-16T09:18:28+0200,aaa9bd4d-7504-4e17-a444-f570127b5d4f,2026-07-26T01:45:00Z,2026-07-26T03:45:00+0200,10275.327,MW,NL,NL,forecast_load,Forecasted Load,2026-08-16T07:22:13Z
2026-08-16T07:18:28Z,2026-08-16T09:18:28+0200,aaa9bd4d-7504-4e17-a444-f570127b5d4f,2026-07-26T02:00:00Z,2026-07-26T04:00:00+0200,10232.428,MW,NL,NL,forecast_load,Forecasted Load,2026-08-16T07:22:13Z
2026-08-16T07:18:28Z,2026-08-16T09:18:28+0200,aaa9bd4d-7504-4e17-a444-f570127b5d4f,2026-07-26T02:15:00Z,2026-07-26T04:15:00+0200,10261.88,MW,NL,NL,forecast_load,Forecasted Load,2026-08-16T07:22:13Z
2026-08-16T07:18:28Z,2026-08-16T09:18:28+0200,aaa9bd4d-7504-4e17-a444-f570127b5d4f,2026-07-26T02:30:00Z,2026-07-26T04:30:00+0200,10189.458,MW,NL,NL,forecast_load,Forecasted Load,2026-08-16T07:22:13Z
2026-08-16T07:18:28Z,2026-08-16T09:18:28+0200,aaa9bd4d-7504-4e17-a444-f570127b5d4f,2026-07-26T02:45:00Z,2026-07-26T04:45:00+0200,10124.751,MW,NL,NL,forecast_load,Forecasted Load,2026-08-16T07:22:13Z
2026-08-16T07:18:28Z,2026-08-16T09:18:28+0200,aaa9bd4d-7504-4e17-a444-f570127b5d4f,2026-07-26T03:00:00Z,2026-07-26T05:00:00+0200,10097.255,MW,NL,NL,forecast_load,Forecasted Load,2026-08-16T07:22:13Z
2026-08-16T07:18:28Z,2026-08-16T09:18:28+0200,aaa9bd4d-7504-4e17-a444-f570127b5d4f,2026-07-26T03:15:00Z,2026-07-26T05:15:00+0200,9989.569,MW,NL,NL,forecast_load,Forecasted Load,2026-08-16T07:22:13Z
2026-08-16T07:18:28Z,2026-08-16T09:18:28+0200,aaa9bd4d-7504-4e17-a444-f570127b5d4f,2026-07-26T03:30:00Z,2026-07-26T05:30:00+0200,9930.184,MW,NL,NL,forecast_load,Forecasted Load,2026-08-16T07:22:13Z
2026-08-16T07:18:28Z,2026-08-16T09:18:28+0200,aaa9bd4d-7504-4e17-a444-f570127b5d4f,2026-07-26T03:45:00Z,2026-07-26T05:45:00+0200,9850.407,MW,NL,NL,forecast_load,Forecasted Load,2026-08-16T07:22:13Z
2026-08-16T07:18:28Z,2026-08-16T09:18:28+0200,aaa9bd4d-7504-4e17-a444-f570127b5d4f,2026-07-26T04:00:00Z,2026-07-26T06:00:00+0200,9706.472,MW,NL,NL,forecast_load,Forecasted Load,2026-08-16T07:22:13Z
2026-08-16T07:18:28Z,2026-08-16T09:18:28+0200,aaa9bd4d-7504-4e17-a444-f570127b5d4f,2026-07-26T04:15:00Z,2026-07-26T06:15:00+0200,9471.1,MW,NL,NL,forecast_load,Forecasted Load,2026-08-16T07:22:13Z
2026-08-16T07:18:28Z,2026-08-16T09:18:28+0200,aaa9bd4d-7504-4e17-a444-f570127b5d4f,2026-07-26T04:30:00Z,2026-07-26T06:30:00+0200,9319.856,MW,NL,NL,forecast_load,Forecasted Load,2026-08-16T07:22:13Z
2026-08-16T07:18:28Z,2026-08-16T09:18:28+0200,aaa9bd4d-7504-4e17-a444-f570127b5d4f,2026-07-26T04:45:00Z,2026-07-26T06:45:00+0200,9234.512,MW,NL,NL,forecast_load,Forecasted Load,2026-08-16T07:22:13Z
2026-08-16T07:18:28Z,2026-08-16T09:18:28+0200,aaa9bd4d-7504-4e17-a444-f570127b5d4f,2026-07-26T05:00:00Z,2026-07-26T07:00:00+0200,9253.875,MW,NL,NL,forecast_load,Forecasted Load,2026-08-16T07:22:13Z
2026-08-16T07:18:28Z,2026-08-16T09:18:28+0200,aaa9bd4d-7504-4e17-a444-f570127b5d4f,2026-07-26T05:15:00Z,2026-07-26T07:15:00+0200,9124.594,MW,NL,NL,forecast_load,Forecasted Load,2026-08-16T07:22:13Z
2026-08-16T07:18:28Z,2026-08-16T09:18:28+0200,aaa9bd4d-7504-4e17-a444-f570127b5d4f,2026-07-26T05:30:00Z,2026-07-26T07:30:00+0200,9106.174,MW,NL,NL,forecast_load,Forecasted Load,2026-08-16T07:22:13Z
2026-08-16T07:18:28Z,2026-08-16T09:18:28+0200,aaa9bd4d-7504-4e17-a444-f570127b5d4f,2026-07-26T05:45:00Z,2026-07-26T07:45:00+0200,9206.737,MW,NL,NL,forecast_load,Forecasted Load,2026-08-16T07:22:13Z
2026-08-16T07:18:28Z,2026-08-16T09:18:28+0200,aaa9bd4d-7504-4e17-a444-f570127b5d4f,2026-07-26T06:00:00Z,2026-07-26T08:00:00+0200,9461.31,MW,NL,NL,forecast_load,Forecasted Load,2026-08-16T07:22:13Z
2026-08-16T07:18:28Z,2026-08-16T09:18:28+0200,aaa9bd4d-7504-4e17-a444-f570127b5d4f,2026-07-26T06:15:00Z,2026-07-26T08:15:00+0200,9438.709,MW,NL,NL,forecast_load,Forecasted Load,2026-08-16T07:22:13Z
2026-08-16T07:18:28Z,2026-08-16T09:18:28+0200,aaa9bd4d-7504-4e17-a444-f570127b5d4f,2026-07-26T06:30:00Z,2026-07-26T08:30:00+0200,9442.793,MW,NL,NL,forecast_load,Forecasted Load,2026-08-16T07:22:13Z
2026-08-16T07:18:28Z,2026-08-16T09:18:28+0200,aaa9bd4d-7504-4e17-a444-f570127b5d4f,2026-07-26T06:45:00Z,2026-07-26T08:45:00+0200,9387.501,MW,NL,NL,forecast_load,Forecasted Load,2026-08-16T07:22:13Z
2026-08-16T07:18:28Z,2026-08-16T09:18:28+0200,aaa9bd4d-7504-4e17-a444-f570127b5d4f,2026-07-26T07:00:00Z,2026-07-26T09:00:00+0200,9456.895,MW,NL,NL,forecast_load,Forecasted Load,2026-08-16T07:22:13Z
2026-08-16T07:18:28Z,2026-08-16T09:18:28+0200,aaa9bd4d-7504-4e17-a444-f570127b5d4f,2026-07-26T07:15:00Z,2026-07-26T09:15:00+0200,9326.53,MW,NL,NL,forecast_load,Forecasted Load,2026-08-16T07:22:13Z
2026-08-16T07:18:28Z,2026-08-16T09:18:28+0200,aaa9bd4d-7504-4e17-a444-f570127b5d4f,2026-07-26T07:30:00Z,2026-07-26T09:30:00+0200,9300.933,MW,NL,NL,forecast_load,Forecasted Load,2026-08-16T07:22:13Z
2026-08-16T07:18:28Z,2026-08-16T09:18:28+0200,aaa9bd4d-7504-4e17-a444-f570127b5d4f,2026-07-26T07:45:00Z,2026-07-26T09:45:00+0200,9293.994,MW,NL,NL,forecast_load,Forecasted Load,2026-08-16T07:22:13Z
2026-08-16T07:18:28Z,2026-08-16T09:18:28+0200,aaa9bd4d-7504-4e17-a444-f570127b5d4f,2026-07-26T08:00:00Z,2026-07-26T10:00:00+0200,9172.289,MW,NL,NL,forecast_load,Forecasted Load,2026-08-16T07:22:13Z
2026-08-16T07:18:28Z,2026-08-16T09:18:28+0200,aaa9bd4d-7504-4e17-a444-f570127b5d4f,2026-07-26T08:15:00Z,2026-07-26T10:15:00+0200,9331.468,MW,NL,NL,forecast_load,Forecasted Load,2026-08-16T07:22:13Z
2026-08-16T07:18:28Z,2026-08-16T09:18:28+0200,aaa9bd4d-7504-4e17-a444-f570127b5d4f,2026-07-26T08:30:00Z,2026-07-26T10:30:00+0200,9302.243,MW,NL,NL,forecast_load,Forecasted Load,2026-08-16T07:22:13Z
2026-08-16T07:18:28Z,2026-08-16T09:18:28+0200,aaa9bd4d-7504-4e17-a444-f570127b5d4f,2026-07-26T08:45:00Z,2026-07-26T10:45:00+0200,9316.84,MW,NL,NL,forecast_load,Forecasted Load,2026-08-16T07:22:13Z
2026-08-16T07:18:28Z,2026-08-16T09:18:28+0200,aaa9bd4d-7504-4e17-a444-f570127b5d4f,2026-07-26T09:00:00Z,2026-07-26T11:00:00+0200,9354.603,MW,NL,NL,forecast_load,Forecasted Load,2026-08-16T07:22:13Z
2026-08-16T07:18:28Z,2026-08-16T09:18:28+0200,aaa9bd4d-7504-4e17-a444-f570127b5d4f,2026-07-26T09:15:00Z,2026-07-26T11:15:00+0200,9485.33,MW,NL,NL,forecast_load,Forecasted Load,2026-08-16T07:22:13Z
2026-08-16T07:18:28Z,2026-08-16T09:18:28+0200,aaa9bd4d-7504-4e17-a444-f570127b5d4f,2026-07-26T09:30:00Z,2026-07-26T11:30:00+0200,9441.201,MW,NL,NL,forecast_load,Forecasted Load,2026-08-16T07:22:13Z
2026-08-16T07:18:28Z,2026-08-16T09:18:28+0200,aaa9bd4d-7504-4e17-a444-f570127b5d4f,2026-07-26T09:45:00Z,2026-07-26T11:45:00+0200,9400.359,MW,NL,NL,forecast_load,Forecasted Load,2026-08-16T07:22:13Z
2026-08-16T07:18:28Z,2026-08-16T09:18:28+0200,aaa9bd4d-7504-4e17-a444-f570127b5d4f,2026-07-26T10:00:00Z,2026-07-26T12:00:00+0200,9349.25,MW,NL,NL,forecast_load,Forecasted Load,2026-08-16T07:22:13Z
2026-08-16T07:18:28Z,2026-08-16T09:18:28+0200,aaa9bd4d-7504-4e17-a444-f570127b5d4f,2026-07-26T10:15:00Z,2026-07-26T12:15:00+0200,9497.279,MW,NL,NL,forecast_load,Forecasted Load,2026-08-16T07:22:13Z
2026-08-16T07:18:28Z,2026-08-16T09:18:28+0200,aaa9bd4d-7504-4e17-a444-f570127b5d4f,2026-07-26T10:30:00Z,2026-07-26T12:30:00+0200,9416.925,MW,NL,NL,forecast_load,Forecasted Load,2026-08-16T07:22:13Z
2026-08-16T07:18:28Z,2026-08-16T09:18:28+0200,aaa9bd4d-7504-4e17-a444-f570127b5d4f,2026-07-26T10:45:00Z,2026-07-26T12:45:00+0200,9510.679,MW,NL,NL,forecast_load,Forecasted Load,2026-08-16T07:22:13Z
2026-08-16T07:18:28Z,2026-08-16T09:18:28+0200,aaa9bd4d-7504-4e17-a444-f570127b5d4f,2026-07-26T11:00:00Z,2026-07-26T13:00:00+0200,9576.247,MW,NL,NL,forecast_load,Forecasted Load,2026-08-16T07:22:13Z
2026-08-16T07:18:28Z,2026-08-16T09:18:28+0200,aaa9bd4d-7504-4e17-a444-f570127b5d4f,2026-07-26T11:15:00Z,2026-07-26T13:15:00+0200,9615.649,MW,NL,NL,forecast_load,Forecasted Load,2026-08-16T07:22:13Z
2026-08-16T07:18:28Z,2026-08-16T09:18:28+0200,aaa9bd4d-7504-4e17-a444-f570127b5d4f,2026-07-26T11:30:00Z,2026-07-26T13:30:00+0200,9529.291,MW,NL,NL,forecast_load,Forecasted Load,2026-08-16T07:22:13Z
2026-08-16T07:18:28Z,2026-08-16T09:18:28+0200,aaa9bd4d-7504-4e17-a444-f570127b5d4f,2026-07-26T11:45:00Z,2026-07-26T13:45:00+0200,9644.977,MW,NL,NL,forecast_load,Forecasted Load,2026-08-16T07:22:13Z
2026-08-16T07:18:28Z,2026-08-16T09:18:28+0200,aaa9bd4d-7504-4e17-a444-f570127b5d4f,2026-07-26T12:00:00Z,2026-07-26T14:00:00+0200,9878.308,MW,NL,NL,forecast_load,Forecasted Load,2026-08-16T07:22:13Z
2026-08-16T07:18:28Z,2026-08-16T09:18:28+0200,aaa9bd4d-7504-4e17-a444-f570127b5d4f,2026-07-26T12:15:00Z,2026-07-26T14:15:00+0200,9968.385,MW,NL,NL,forecast_load,Forecasted Load,2026-08-16T07:22:13Z
2026-08-16T07:18:28Z,2026-08-16T09:18:28+0200,aaa9bd4d-7504-4e17-a444-f570127b5d4f,2026-07-26T12:30:00Z,2026-07-26T14:30:00+0200,9947.634,MW,NL,NL,forecast_load,Forecasted Load,2026-08-16T07:22:13Z
2026-08-16T07:18:28Z,2026-08-16T09:18:28+0200,aaa9bd4d-7504-4e17-a444-f570127b5d4f,2026-07-26T12:45:00Z,2026-07-26T14:45:00+0200,9945.478,MW,NL,NL,forecast_load,Forecasted Load,2026-08-16T07:22:13Z
2026-08-16T07:18:28Z,2026-08-16T09:18:28+0200,aaa9bd4d-7504-4e17-a444-f570127b5d4f,2026-07-26T13:00:00Z,2026-07-26T15:00:00+0200,10029.133,MW,NL,NL,forecast_load,Forecasted Load,2026-08-16T07:22:13Z
2026-08-16T07:18:28Z,2026-08-16T09:18:28+0200,aaa9bd4d-7504-4e17-a444-f570127b5d4f,2026-07-26T13:15:00Z,2026-07-26T15:15:00+0200,9989.914,MW,NL,NL,forecast_load,Forecasted Load,2026-08-16T07:22:13Z
2026-08-16T07:18:28Z,2026-08-16T09:18:28+0200,aaa9bd4d-7504-4e17-a444-f570127b5d4f,2026-07-26T13:30:00Z,2026-07-26T15:30:00+0200,10050.424,MW,NL,NL,forecast_load,Forecasted Load,2026-08-16T07:22:13Z
2026-08-16T07:18:28Z,2026-08-16T09:18:28+0200,aaa9bd4d-7504-4e17-a444-f570127b5d4f,2026-07-26T13:45:00Z,2026-07-26T15:45:00+0200,10224.426,MW,NL,NL,forecast_load,Forecasted Load,2026-08-16T07:22:13Z
2026-08-16T07:18:28Z,2026-08-16T09:18:28+0200,aaa9bd4d-7504-4e17-a444-f570127b5d4f,2026-07-26T14:00:00Z,2026-07-26T16:00:00+0200,10087.448,MW,NL,NL,forecast_load,Forecasted Load,2026-08-16T07:22:13Z
2026-08-16T07:18:28Z,2026-08-16T09:18:28+0200,aaa9bd4d-7504-4e17-a444-f570127b5d4f,2026-07-26T14:15:00Z,2026-07-26T16:15:00+0200,9948.856,MW,NL,NL,forecast_load,Forecasted Load,2026-08-16T07:22:13Z
2026-08-16T07:18:28Z,2026-08-16T09:18:28+0200,aaa9bd4d-7504-4e17-a444-f570127b5d4f,2026-07-26T14:30:00Z,2026-07-26T16:30:00+0200,10236.698,MW,NL,NL,forecast_load,Forecasted Load,2026-08-16T07:22:13Z
2026-08-16T07:18:28Z,2026-08-16T09:18:28+0200,aaa9bd4d-7504-4e17-a444-f570127b5d4f,2026-07-26T14:45:00Z,2026-07-26T16:45:00+0200,10198.794,MW,NL,NL,forecast_load,Forecasted Load,2026-08-16T07:22:13Z
2026-08-16T07:18:28Z,2026-08-16T09:18:28+0200,aaa9bd4d-7504-4e17-a444-f570127b5d4f,2026-07-26T15:00:00Z,2026-07-26T17:00:00+0200,10137.71,MW,NL,NL,forecast_load,Forecasted Load,2026-08-16T07:22:13Z
2026-08-16T07:18:28Z,2026-08-16T09:18:28+0200,aaa9bd4d-7504-4e17-a444-f570127b5d4f,2026-07-26T15:15:00Z,2026-07-26T17:15:00+0200,10346.803,MW,NL,NL,forecast_load,Forecasted Load,2026-08-16T07:22:13Z
2026-08-16T07:18:28Z,2026-08-16T09:18:28+0200,aaa9bd4d-7504-4e17-a444-f570127b5d4f,2026-07-26T15:30:00Z,2026-07-26T17:30:00+0200,10625.381,MW,NL,NL,forecast_load,Forecasted Load,2026-08-16T07:22:13Z
2026-08-16T07:18:28Z,2026-08-16T09:18:28+0200,aaa9bd4d-7504-4e17-a444-f570127b5d4f,2026-07-26T15:45:00Z,2026-07-26T17:45:00+0200,10671.332,MW,NL,NL,forecast_load,Forecasted Load,2026-08-16T07:22:13Z
2026-08-16T07:18:28Z,2026-08-16T09:18:28+0200,aaa9bd4d-7504-4e17-a444-f570127b5d4f,2026-07-26T16:00:00Z,2026-07-26T18:00:00+0200,10726.716,MW,NL,NL,forecast_load,Forecasted Load,2026-08-16T07:22:13Z
2026-08-16T07:18:28Z,2026-08-16T09:18:28+0200,aaa9bd4d-7504-4e17-a444-f570127b5d4f,2026-07-26T16:15:00Z,2026-07-26T18:15:00+0200,10837.037,MW,NL,NL,forecast_load,Forecasted Load,2026-08-16T07:22:13Z
2026-08-16T07:18:28Z,2026-08-16T09:18:28+0200,aaa9bd4d-7504-4e17-a444-f570127b5d4f,2026-07-26T16:30:00Z,2026-07-26T18:30:00+0200,11056.844,MW,NL,NL,forecast_load,Forecasted Load,2026-08-16T07:22:13Z
2026-08-16T07:18:28Z,2026-08-16T09:18:28+0200,aaa9bd4d-7504-4e17-a444-f570127b5d4f,2026-07-26T16:45:00Z,2026-07-26T18:45:00+0200,11272.091,MW,NL,NL,forecast_load,Forecasted Load,2026-08-16T07:22:13Z
2026-08-16T07:18:28Z,2026-08-16T09:18:28+0200,aaa9bd4d-7504-4e17-a444-f570127b5d4f,2026-07-26T17:00:00Z,2026-07-26T19:00:00+0200,11456.337,MW,NL,NL,forecast_load,Forecasted Load,2026-08-16T07:22:13Z
2026-08-16T07:18:28Z,2026-08-16T09:18:28+0200,aaa9bd4d-7504-4e17-a444-f570127b5d4f,2026-07-26T17:15:00Z,2026-07-26T19:15:00+0200,11606.697,MW,NL,NL,forecast_load,Forecasted Load,2026-08-16T07:22:13Z
2026-08-16T07:18:28Z,2026-08-16T09:18:28+0200,aaa9bd4d-7504-4e17-a444-f570127b5d4f,2026-07-26T17:30:00Z,2026-07-26T19:30:00+0200,11723.079,MW,NL,NL,forecast_load,Forecasted Load,2026-08-16T07:22:13Z
2026-08-16T07:18:28Z,2026-08-16T09:18:28+0200,aaa9bd4d-7504-4e17-a444-f570127b5d4f,2026-07-26T17:45:00Z,2026-07-26T19:45:00+0200,11920.742,MW,NL,NL,forecast_load,Forecasted Load,2026-08-16T07:22:13Z
2026-08-16T07:18:28Z,2026-08-16T09:18:28+0200,aaa9bd4d-7504-4e17-a444-f570127b5d4f,2026-07-26T18:00:00Z,2026-07-26T20:00:00+0200,11995.127,MW,NL,NL,forecast_load,Forecasted Load,2026-08-16T07:22:13Z
2026-08-16T07:18:28Z,2026-08-16T09:18:28+0200,aaa9bd4d-7504-4e17-a444-f570127b5d4f,2026-07-26T18:15:00Z,2026-07-26T20:15:00+0200,11998.978,MW,NL,NL,forecast_load,Forecasted Load,2026-08-16T07:22:13Z
2026-08-16T07:18:28Z,2026-08-16T09:18:28+0200,aaa9bd4d-7504-4e17-a444-f570127b5d4f,2026-07-26T18:30:00Z,2026-07-26T20:30:00+0200,12065.063,MW,NL,NL,forecast_load,Forecasted Load,2026-08-16T07:22:13Z
2026-08-16T07:18:28Z,2026-08-16T09:18:28+0200,aaa9bd4d-7504-4e17-a444-f570127b5d4f,2026-07-26T18:45:00Z,2026-07-26T20:45:00+0200,12074.694,MW,NL,NL,forecast_load,Forecasted Load,2026-08-16T07:22:13Z
2026-08-16T07:18:28Z,2026-08-16T09:18:28+0200,aaa9bd4d-7504-4e17-a444-f570127b5d4f,2026-07-26T19:00:00Z,2026-07-26T21:00:00+0200,11933.872,MW,NL,NL,forecast_load,Forecasted Load,2026-08-16T07:22:13Z
2026-08-16T07:18:28Z,2026-08-16T09:18:28+0200,aaa9bd4d-7504-4e17-a444-f570127b5d4f,2026-07-26T19:15:00Z,2026-07-26T21:15:00+0200,11968.171,MW,NL,NL,forecast_load,Forecasted Load,2026-08-16T07:22:13Z
2026-08-16T07:18:28Z,2026-08-16T09:18:28+0200,aaa9bd4d-7504-4e17-a444-f570127b5d4f,2026-07-26T19:30:00Z,2026-07-26T21:30:00+0200,11994.864,MW,NL,NL,forecast_load,Forecasted Load,2026-08-16T07:22:13Z
2026-08-16T07:18:28Z,2026-08-16T09:18:28+0200,aaa9bd4d-7504-4e17-a444-f570127b5d4f,2026-07-26T19:45:00Z,2026-07-26T21:45:00+0200,11952.395,MW,NL,NL,forecast_load,Forecasted Load,2026-08-16T07:22:13Z
2026-08-16T07:18:28Z,2026-08-16T09:18:28+0200,aaa9bd4d-7504-4e17-a444-f570127b5d4f,2026-07-26T20:00:00Z,2026-07-26T22:00:00+0200,12012.986,MW,NL,NL,forecast_load,Forecasted Load,2026-08-16T07:22:13Z
2026-08-16T07:18:28Z,2026-08-16T09:18:28+0200,aaa9bd4d-7504-4e17-a444-f570127b5d4f,2026-07-26T20:15:00Z,2026-07-26T22:15:00+0200,11998.727,MW,NL,NL,forecast_load,Forecasted Load,2026-08-16T07:22:13Z
2026-08-16T07:18:28Z,2026-08-16T09:18:28+0200,aaa9bd4d-7504-4e17-a444-f570127b5d4f,2026-07-26T20:30:00Z,2026-07-26T22:30:00+0200,11913.75,MW,NL,NL,forecast_load,Forecasted Load,2026-08-16T07:22:13Z
2026-08-16T07:18:28Z,2026-08-16T09:18:28+0200,aaa9bd4d-7504-4e17-a444-f570127b5d4f,2026-07-26T20:45:00Z,2026-07-26T22:45:00+0200,11823.49,MW,NL,NL,forecast_load,Forecasted Load,2026-08-16T07:22:13Z
2026-08-16T07:18:28Z,2026-08-16T09:18:28+0200,aaa9bd4d-7504-4e17-a444-f570127b5d4f,2026-07-26T21:00:00Z,2026-07-26T23:00:00+0200,11765.295,MW,NL,NL,forecast_load,Forecasted Load,2026-08-16T07:22:13Z
2026-08-16T07:18:28Z,2026-08-16T09:18:28+0200,aaa9bd4d-7504-4e17-a444-f570127b5d4f,2026-07-26T21:15:00Z,2026-07-26T23:15:00+0200,11694.233,MW,NL,NL,forecast_load,Forecasted Load,2026-08-16T07:22:13Z
2026-08-16T07:18:28Z,2026-08-16T09:18:28+0200,aaa9bd4d-7504-4e17-a444-f570127b5d4f,2026-07-26T21:30:00Z,2026-07-26T23:30:00+0200,11645.194,MW,NL,NL,forecast_load,Forecasted Load,2026-08-16T07:22:13Z
2026-08-16T07:18:28Z,2026-08-16T09:18:28+0200,aaa9bd4d-7504-4e17-a444-f570127b5d4f,2026-07-26T21:45:00Z,2026-07-26T23:45:00+0200,11496.175,MW,NL,NL,forecast_load,Forecasted Load,2026-08-16T07:22:13Z
2026-08-16T07:18:28Z,2026-08-16T09:18:28+0200,aaa9bd4d-7504-4e17-a444-f570127b5d4f,2026-07-26T22:00:00Z,2026-07-27T00:00:00+0200,10250.291,MW,NL,NL,forecast_load,Forecasted Load,2026-08-16T07:22:13Z
2026-08-16T07:18:28Z,2026-08-16T09:18:28+0200,aaa9bd4d-7504-4e17-a444-f570127b5d4f,2026-07-26T22:15:00Z,2026-07-27T00:15:00+0200,10218.55,MW,NL,NL,forecast_load,Forecasted Load,2026-08-16T07:22:13Z
2026-08-16T07:18:28Z,2026-08-16T09:18:28+0200,aaa9bd4d-7504-4e17-a444-f570127b5d4f,2026-07-26T22:30:00Z,2026-07-27T00:30:00+0200,10188.025,MW,NL,NL,forecast_load,Forecasted Load,2026-08-16T07:22:13Z
2026-08-16T07:18:28Z,2026-08-16T09:18:28+0200,aaa9bd4d-7504-4e17-a444-f570127b5d4f,2026-07-26T22:45:00Z,2026-07-27T00:45:00+0200,10118.366,MW,NL,NL,forecast_load,Forecasted Load,2026-08-16T07:22:13Z
2026-08-16T07:18:28Z,2026-08-16T09:18:28+0200,aaa9bd4d-7504-4e17-a444-f570127b5d4f,2026-07-26T23:00:00Z,2026-07-27T01:00:00+0200,10099.815,MW,NL,NL,forecast_load,Forecasted Load,2026-08-16T07:22:13Z
2026-08-16T07:18:28Z,2026-08-16T09:18:28+0200,aaa9bd4d-7504-4e17-a444-f570127b5d4f,2026-07-26T23:15:00Z,2026-07-27T01:15:00+0200,10159.009,MW,NL,NL,forecast_load,Forecasted Load,2026-08-16T07:22:13Z
2026-08-16T07:18:28Z,2026-08-16T09:18:28+0200,aaa9bd4d-7504-4e17-a444-f570127b5d4f,2026-07-26T23:30:00Z,2026-07-27T01:30:00+0200,10125.629,MW,NL,NL,forecast_load,Forecasted Load,2026-08-16T07:22:13Z
2026-08-16T07:18:28Z,2026-08-16T09:18:28+0200,aaa9bd4d-7504-4e17-a444-f570127b5d4f,2026-07-26T23:45:00Z,2026-07-27T01:45:00+0200,10115.65,MW,NL,NL,forecast_load,Forecasted Load,2026-08-16T07:22:13Z
2026-08-16T07:18:28Z,2026-08-16T09:18:28+0200,aaa9bd4d-7504-4e17-a444-f570127b5d4f,2026-07-27T00:00:00Z,2026-07-27T02:00:00+0200,10072.048,MW,NL,NL,forecast_load,Forecasted Load,2026-08-16T07:22:13Z
2026-08-16T07:18:28Z,2026-08-16T09:18:28+0200,aaa9bd4d-7504-4e17-a444-f570127b5d4f,2026-07-27T00:15:00Z,2026-07-27T02:15:00+0200,10107.209,MW,NL,NL,forecast_load,Forecasted Load,2026-08-16T07:22:13Z
2026-08-16T07:18:28Z,2026-08-16T09:18:28+0200,aaa9bd4d-7504-4e17-a444-f570127b5d4f,2026-07-27T00:30:00Z,2026-07-27T02:30:00+0200,10170.496,MW,NL,NL,forecast_load,Forecasted Load,2026-08-16T07:22:13Z
2026-08-16T07:18:28Z,2026-08-16T09:18:28+0200,aaa9bd4d-7504-4e17-a444-f570127b5d4f,2026-07-27T00:45:00Z,2026-07-27T02:45:00+0200,10174.515,MW,NL,NL,forecast_load,Forecasted Load,2026-08-16T07:22:13Z
2026-08-16T07:18:28Z,2026-08-16T09:18:28+0200,aaa9bd4d-7504-4e17-a444-f570127b5d4f,2026-07-27T01:00:00Z,2026-07-27T03:00:00+0200,10148.693,MW,NL,NL,forecast_load,Forecasted Load,2026-08-16T07:22:13Z
2026-08-16T07:18:28Z,2026-08-16T09:18:28+0200,aaa9bd4d-7504-4e17-a444-f570127b5d4f,2026-07-27T01:15:00Z,2026-07-27T03:15:00+0200,10181.496,MW,NL,NL,forecast_load,Forecasted Load,2026-08-16T07:22:13Z
2026-08-16T07:18:28Z,2026-08-16T09:18:28+0200,aaa9bd4d-7504-4e17-a444-f570127b5d4f,2026-07-27T01:30:00Z,2026-07-27T03:30:00+0200,10213.94,MW,NL,NL,forecast_load,Forecasted Load,2026-08-16T07:22:13Z
2026-08-16T07:18:28Z,2026-08-16T09:18:28+0200,aaa9bd4d-7504-4e17-a444-f570127b5d4f,2026-07-27T01:45:00Z,2026-07-27T03:45:00+0200,10238.51,MW,NL,NL,forecast_load,Forecasted Load,2026-08-16T07:22:13Z
2026-08-16T07:18:28Z,2026-08-16T09:18:28+0200,aaa9bd4d-7504-4e17-a444-f570127b5d4f,2026-07-27T02:00:00Z,2026-07-27T04:00:00+0200,10248.081,MW,NL,NL,forecast_load,Forecasted Load,2026-08-16T07:22:13Z
2026-08-16T07:18:28Z,2026-08-16T09:18:28+0200,aaa9bd4d-7504-4e17-a444-f570127b5d4f,2026-07-27T02:15:00Z,2026-07-27T04:15:00+0200,10370.105,MW,NL,NL,forecast_load,Forecasted Load,2026-08-16T07:22:13Z
2026-08-16T07:18:28Z,2026-08-16T09:18:28+0200,aaa9bd4d-7504-4e17-a444-f570127b5d4f,2026-07-27T02:30:00Z,2026-07-27T04:30:00+0200,10392.905,MW,NL,NL,forecast_load,Forecasted Load,2026-08-16T07:22:13Z
2026-08-16T07:18:28Z,2026-08-16T09:18:28+0200,aaa9bd4d-7504-4e17-a444-f570127b5d4f,2026-07-27T02:45:00Z,2026-07-27T04:45:00+0200,10437.367,MW,NL,NL,forecast_load,Forecasted Load,2026-08-16T07:22:13Z
2026-08-16T07:18:28Z,2026-08-16T09:18:28+0200,aaa9bd4d-7504-4e17-a444-f570127b5d4f,2026-07-27T03:00:00Z,2026-07-27T05:00:00+0200,10491.143,MW,NL,NL,forecast_load,Forecasted Load,2026-08-16T07:22:13Z
2026-08-16T07:18:28Z,2026-08-16T09:18:28+0200,aaa9bd4d-7504-4e17-a444-f570127b5d4f,2026-07-27T03:15:00Z,2026-07-27T05:15:00+0200,10550.126,MW,NL,NL,forecast_load,Forecasted Load,2026-08-16T07:22:13Z
2026-08-16T07:18:28Z,2026-08-16T09:18:28+0200,aaa9bd4d-7504-4e17-a444-f570127b5d4f,2026-07-27T03:30:00Z,2026-07-27T05:30:00+0200,10497.476,MW,NL,NL,forecast_load,Forecasted Load,2026-08-16T07:22:13Z
2026-08-16T07:18:28Z,2026-08-16T09:18:28+0200,aaa9bd4d-7504-4e17-a444-f570127b5d4f,2026-07-27T03:45:00Z,2026-07-27T05:45:00+0200,10577.824,MW,NL,NL,forecast_load,Forecasted Load,2026-08-16T07:22:13Z
2026-08-16T07:18:28Z,2026-08-16T09:18:28+0200,aaa9bd4d-7504-4e17-a444-f570127b5d4f,2026-07-27T04:00:00Z,2026-07-27T06:00:00+0200,10625.735,MW,NL,NL,forecast_load,Forecasted Load,2026-08-16T07:22:13Z
2026-08-16T07:18:28Z,2026-08-16T09:18:28+0200,aaa9bd4d-7504-4e17-a444-f570127b5d4f,2026-07-27T04:15:00Z,2026-07-27T06:15:00+0200,10656.027,MW,NL,NL,forecast_load,Forecasted Load,2026-08-16T07:22:13Z
2026-08-16T07:18:28Z,2026-08-16T09:18:28+0200,aaa9bd4d-7504-4e17-a444-f570127b5d4f,2026-07-27T04:30:00Z,2026-07-27T06:30:00+0200,10638.981,MW,NL,NL,forecast_load,Forecasted Load,2026-08-16T07:22:13Z
2026-08-16T07:18:28Z,2026-08-16T09:18:28+0200,aaa9bd4d-7504-4e17-a444-f570127b5d4f,2026-07-27T04:45:00Z,2026-07-27T06:45:00+0200,10702.18,MW,NL,NL,forecast_load,Forecasted Load,2026-08-16T07:22:13Z
2026-08-16T07:18:28Z,2026-08-16T09:18:28+0200,aaa9bd4d-7504-4e17-a444-f570127b5d4f,2026-07-27T05:00:00Z,2026-07-27T07:00:00+0200,10716.026,MW,NL,NL,forecast_load,Forecasted Load,2026-08-16T07:22:13Z
2026-08-16T07:18:28Z,2026-08-16T09:18:28+0200,aaa9bd4d-7504-4e17-a444-f570127b5d4f,2026-07-27T05:15:00Z,2026-07-27T07:15:00+0200,10653.443,MW,NL,NL,forecast_load,Forecasted Load,2026-08-16T07:22:13Z
2026-08-16T07:18:28Z,2026-08-16T09:18:28+0200,aaa9bd4d-7504-4e17-a444-f570127b5d4f,2026-07-27T05:30:00Z,2026-07-27T07:30:00+0200,10648.939,MW,NL,NL,forecast_load,Forecasted Load,2026-08-16T07:22:13Z
2026-08-16T07:18:28Z,2026-08-16T09:18:28+0200,aaa9bd4d-7504-4e17-a444-f570127b5d4f,2026-07-27T05:45:00Z,2026-07-27T07:45:00+0200,10614.134,MW,NL,NL,forecast_load,Forecasted Load,2026-08-16T07:22:13Z
2026-08-16T07:18:28Z,2026-08-16T09:18:28+0200,aaa9bd4d-7504-4e17-a444-f570127b5d4f,2026-07-27T06:00:00Z,2026-07-27T08:00:00+0200,10461.809,MW,NL,NL,forecast_load,Forecasted Load,2026-08-16T07:22:13Z
2026-08-16T07:18:28Z,2026-08-16T09:18:28+0200,aaa9bd4d-7504-4e17-a444-f570127b5d4f,2026-07-27T06:15:00Z,2026-07-27T08:15:00+0200,10338.395,MW,NL,NL,forecast_load,Forecasted Load,2026-08-16T07:22:13Z
2026-08-16T07:18:28Z,2026-08-16T09:18:28+0200,aaa9bd4d-7504-4e17-a444-f570127b5d4f,2026-07-27T06:30:00Z,2026-07-27T08:30:00+0200,10331.185,MW,NL,NL,forecast_load,Forecasted Load,2026-08-16T07:22:13Z
2026-08-16T07:18:28Z,2026-08-16T09:18:28+0200,aaa9bd4d-7504-4e17-a444-f570127b5d4f,2026-07-27T06:45:00Z,2026-07-27T08:45:00+0200,10159.299,MW,NL,NL,forecast_load,Forecasted Load,2026-08-16T07:22:13Z
2026-08-16T07:18:28Z,2026-08-16T09:18:28+0200,aaa9bd4d-7504-4e17-a444-f570127b5d4f,2026-07-27T07:00:00Z,2026-07-27T09:00:00+0200,10094.071,MW,NL,NL,forecast_load,Forecasted Load,2026-08-16T07:22:13Z
2026-08-16T07:18:28Z,2026-08-16T09:18:28+0200,aaa9bd4d-7504-4e17-a444-f570127b5d4f,2026-07-27T07:15:00Z,2026-07-27T09:15:00+0200,9838.144,MW,NL,NL,forecast_load,Forecasted Load,2026-08-16T07:22:13Z
2026-08-16T07:18:28Z,2026-08-16T09:18:28+0200,aaa9bd4d-7504-4e17-a444-f570127b5d4f,2026-07-27T07:30:00Z,2026-07-27T09:30:00+0200,9544.966,MW,NL,NL,forecast_load,Forecasted Load,2026-08-16T07:22:13Z
2026-08-16T07:18:28Z,2026-08-16T09:18:28+0200,aaa9bd4d-7504-4e17-a444-f570127b5d4f,2026-07-27T07:45:00Z,2026-07-27T09:45:00+0200,9284.566,MW,NL,NL,forecast_load,Forecasted Load,2026-08-16T07:22:13Z
2026-08-16T07:18:28Z,2026-08-16T09:18:28+0200,aaa9bd4d-7504-4e17-a444-f570127b5d4f,2026-07-27T08:00:00Z,2026-07-27T10:00:00+0200,9231.262,MW,NL,NL,forecast_load,Forecasted Load,2026-08-16T07:22:13Z
2026-08-16T07:18:28Z,2026-08-16T09:18:28+0200,aaa9bd4d-7504-4e17-a444-f570127b5d4f,2026-07-27T08:15:00Z,2026-07-27T10:15:00+0200,9018.266,MW,NL,NL,forecast_load,Forecasted Load,2026-08-16T07:22:13Z
2026-08-16T07:18:28Z,2026-08-16T09:18:28+0200,aaa9bd4d-7504-4e17-a444-f570127b5d4f,2026-07-27T08:30:00Z,2026-07-27T10:30:00+0200,8791.238,MW,NL,NL,forecast_load,Forecasted Load,2026-08-16T07:22:13Z
2026-08-16T07:18:28Z,2026-08-16T09:18:28+0200,aaa9bd4d-7504-4e17-a444-f570127b5d4f,2026-07-27T08:45:00Z,2026-07-27T10:45:00+0200,8600.402,MW,NL,NL,forecast_load,Forecasted Load,2026-08-16T07:22:13Z
2026-08-16T07:18:28Z,2026-08-16T09:18:28+0200,aaa9bd4d-7504-4e17-a444-f570127b5d4f,2026-07-27T09:00:00Z,2026-07-27T11:00:00+0200,8491.243,MW,NL,NL,forecast_load,Forecasted Load,2026-08-16T07:22:13Z
2026-08-16T07:18:28Z,2026-08-16T09:18:28+0200,aaa9bd4d-7504-4e17-a444-f570127b5d4f,2026-07-27T09:15:00Z,2026-07-27T11:15:00+0200,8289.043,MW,NL,NL,forecast_load,Forecasted Load,2026-08-16T07:22:13Z
2026-08-16T07:18:28Z,2026-08-16T09:18:28+0200,aaa9bd4d-7504-4e17-a444-f570127b5d4f,2026-07-27T09:30:00Z,2026-07-27T11:30:00+0200,8035.824,MW,NL,NL,forecast_load,Forecasted Load,2026-08-16T07:22:13Z
2026-08-16T07:18:28Z,2026-08-16T09:18:28+0200,aaa9bd4d-7504-4e17-a444-f570127b5d4f,2026-07-27T09:45:00Z,2026-07-27T11:45:00+0200,8021.557,MW,NL,NL,forecast_load,Forecasted Load,2026-08-16T07:22:13Z
2026-08-16T07:18:28Z,2026-08-16T09:18:28+0200,aaa9bd4d-7504-4e17-a444-f570127b5d4f,2026-07-27T10:00:00Z,2026-07-27T12:00:00+0200,7888.737,MW,NL,NL,forecast_load,Forecasted Load,2026-08-16T07:22:13Z
2026-08-16T07:18:28Z,2026-08-16T09:18:28+0200,aaa9bd4d-7504-4e17-a444-f570127b5d4f,2026-07-27T10:15:00Z,2026-07-27T12:15:00+0200,7847.173,MW,NL,NL,forecast_load,Forecasted Load,2026-08-16T07:22:13Z
2026-08-16T07:18:28Z,2026-08-16T09:18:28+0200,aaa9bd4d-7504-4e17-a444-f570127b5d4f,2026-07-27T10:30:00Z,2026-07-27T12:30:00+0200,7739.417,MW,NL,NL,forecast_load,Forecasted Load,2026-08-16T07:22:13Z
2026-08-16T07:18:28Z,2026-08-16T09:18:28+0200,aaa9bd4d-7504-4e17-a444-f570127b5d4f,2026-07-27T10:45:00Z,2026-07-27T12:45:00+0200,7575.254,MW,NL,NL,forecast_load,Forecasted Load,2026-08-16T07:22:13Z
2026-08-16T07:18:28Z,2026-08-16T09:18:28+0200,aaa9bd4d-7504-4e17-a444-f570127b5d4f,2026-07-27T11:00:00Z,2026-07-27T13:00:00+0200,7488.239,MW,NL,NL,forecast_load,Forecasted Load,2026-08-16T07:22:13Z
2026-08-16T07:18:28Z,2026-08-16T09:18:28+0200,aaa9bd4d-7504-4e17-a444-f570127b5d4f,2026-07-27T11:15:00Z,2026-07-27T13:15:00+0200,7469.065,MW,NL,NL,forecast_load,Forecasted Load,2026-08-16T07:22:13Z
2026-08-16T07:18:28Z,2026-08-16T09:18:28+0200,aaa9bd4d-7504-4e17-a444-f570127b5d4f,2026-07-27T11:30:00Z,2026-07-27T13:30:00+0200,7295.311,MW,NL,NL,forecast_load,Forecasted Load,2026-08-16T07:22:13Z
2026-08-16T07:18:28Z,2026-08-16T09:18:28+0200,aaa9bd4d-7504-4e17-a444-f570127b5d4f,2026-07-27T11:45:00Z,2026-07-27T13:45:00+0200,7254.28,MW,NL,NL,forecast_load,Forecasted Load,2026-08-16T07:22:13Z
2026-08-16T07:18:28Z,2026-08-16T09:18:28+0200,aaa9bd4d-7504-4e17-a444-f570127b5d4f,2026-07-27T12:00:00Z,2026-07-27T14:00:00+0200,7318.688,MW,NL,NL,forecast_load,Forecasted Load,2026-08-16T07:22:13Z
2026-08-16T07:18:28Z,2026-08-16T09:18:28+0200,aaa9bd4d-7504-4e17-a444-f570127b5d4f,2026-07-27T12:15:00Z,2026-07-27T14:15:00+0200,7424.791,MW,NL,NL,forecast_load,Forecasted Load,2026-08-16T07:22:13Z
2026-08-16T07:18:28Z,2026-08-16T09:18:28+0200,aaa9bd4d-7504-4e17-a444-f570127b5d4f,2026-07-27T12:30:00Z,2026-07-27T14:30:00+0200,7313.922,MW,NL,NL,forecast_load,Forecasted Load,2026-08-16T07:22:13Z
2026-08-16T07:18:28Z,2026-08-16T09:18:28+0200,aaa9bd4d-7504-4e17-a444-f570127b5d4f,2026-07-27T12:45:00Z,2026-07-27T14:45:00+0200,7161.604,MW,NL,NL,forecast_load,Forecasted Load,2026-08-16T07:22:13Z
2026-08-16T07:18:28Z,2026-08-16T09:18:28+0200,aaa9bd4d-7504-4e17-a444-f570127b5d4f,2026-07-27T13:00:00Z,2026-07-27T15:00:00+0200,7116.884,MW,NL,NL,forecast_load,Forecasted Load,2026-08-16T07:22:13Z
2026-08-16T07:18:28Z,2026-08-16T09:18:28+0200,aaa9bd4d-7504-4e17-a444-f570127b5d4f,2026-07-27T13:15:00Z,2026-07-27T15:15:00+0200,7239.442,MW,NL,NL,forecast_load,Forecasted Load,2026-08-16T07:22:13Z
2026-08-16T07:18:28Z,2026-08-16T09:18:28+0200,aaa9bd4d-7504-4e17-a444-f570127b5d4f,2026-07-27T13:30:00Z,2026-07-27T15:30:00+0200,7281.905,MW,NL,NL,forecast_load,Forecasted Load,2026-08-16T07:22:13Z
2026-08-16T07:18:28Z,2026-08-16T09:18:28+0200,aaa9bd4d-7504-4e17-a444-f570127b5d4f,2026-07-27T13:45:00Z,2026-07-27T15:45:00+0200,7197.583,MW,NL,NL,forecast_load,Forecasted Load,2026-08-16T07:22:13Z
2026-08-16T07:18:28Z,2026-08-16T09:18:28+0200,aaa9bd4d-7504-4e17-a444-f570127b5d4f,2026-07-27T14:00:00Z,2026-07-27T16:00:00+0200,7348.58,MW,NL,NL,forecast_load,Forecasted Load,2026-08-16T07:22:13Z
2026-08-16T07:18:28Z,2026-08-16T09:18:28+0200,aaa9bd4d-7504-4e17-a444-f570127b5d4f,2026-07-27T14:15:00Z,2026-07-27T16:15:00+0200,7292.051,MW,NL,NL,forecast_load,Forecasted Load,2026-08-16T07:22:13Z
2026-08-16T07:18:28Z,2026-08-16T09:18:28+0200,aaa9bd4d-7504-4e17-a444-f570127b5d4f,2026-07-27T14:30:00Z,2026-07-27T16:30:00+0200,7335.505,MW,NL,NL,forecast_load,Forecasted Load,2026-08-16T07:22:13Z
2026-08-16T07:18:28Z,2026-08-16T09:18:28+0200,aaa9bd4d-7504-4e17-a444-f570127b5d4f,2026-07-27T14:45:00Z,2026-07-27T16:45:00+0200,7764.59,MW,NL,NL,forecast_load,Forecasted Load,2026-08-16T07:22:13Z
2026-08-16T07:18:28Z,2026-08-16T09:18:28+0200,aaa9bd4d-7504-4e17-a444-f570127b5d4f,2026-07-27T15:00:00Z,2026-07-27T17:00:00+0200,8016.449,MW,NL,NL,forecast_load,Forecasted Load,2026-08-16T07:22:13Z
2026-08-16T07:18:28Z,2026-08-16T09:18:28+0200,aaa9bd4d-7504-4e17-a444-f570127b5d4f,2026-07-27T15:15:00Z,2026-07-27T17:15:00+0200,8255.522,MW,NL,NL,forecast_load,Forecasted Load,2026-08-16T07:22:13Z
2026-08-16T07:18:28Z,2026-08-16T09:18:28+0200,aaa9bd4d-7504-4e17-a444-f570127b5d4f,2026-07-27T15:30:00Z,2026-07-27T17:30:00+0200,8425.045,MW,NL,NL,forecast_load,Forecasted Load,2026-08-16T07:22:13Z
2026-08-16T07:18:28Z,2026-08-16T09:18:28+0200,aaa9bd4d-7504-4e17-a444-f570127b5d4f,2026-07-27T15:45:00Z,2026-07-27T17:45:00+0200,8645.712,MW,NL,NL,forecast_load,Forecasted Load,2026-08-16T07:22:13Z
2026-08-16T07:18:28Z,2026-08-16T09:18:28+0200,aaa9bd4d-7504-4e17-a444-f570127b5d4f,2026-07-27T16:00:00Z,2026-07-27T18:00:00+0200,8754.665,MW,NL,NL,forecast_load,Forecasted Load,2026-08-16T07:22:13Z
2026-08-16T07:18:28Z,2026-08-16T09:18:28+0200,aaa9bd4d-7504-4e17-a444-f570127b5d4f,2026-07-27T16:15:00Z,2026-07-27T18:15:00+0200,9043.966,MW,NL,NL,forecast_load,Forecasted Load,2026-08-16T07:22:13Z
2026-08-16T07:18:28Z,2026-08-16T09:18:28+0200,aaa9bd4d-7504-4e17-a444-f570127b5d4f,2026-07-27T16:30:00Z,2026-07-27T18:30:00+0200,9349.98,MW,NL,NL,forecast_load,Forecasted Load,2026-08-16T07:22:13Z
2026-08-16T07:18:28Z,2026-08-16T09:18:28+0200,aaa9bd4d-7504-4e17-a444-f570127b5d4f,2026-07-27T16:45:00Z,2026-07-27T18:45:00+0200,9524.231,MW,NL,NL,forecast_load,Forecasted Load,2026-08-16T07:22:13Z
2026-08-16T07:18:28Z,2026-08-16T09:18:28+0200,aaa9bd4d-7504-4e17-a444-f570127b5d4f,2026-07-27T17:00:00Z,2026-07-27T19:00:00+0200,9584.782,MW,NL,NL,forecast_load,Forecasted Load,2026-08-16T07:22:13Z
2026-08-16T07:18:28Z,2026-08-16T09:18:28+0200,aaa9bd4d-7504-4e17-a444-f570127b5d4f,2026-07-27T17:15:00Z,2026-07-27T19:15:00+0200,9819.66,MW,NL,NL,forecast_load,Forecasted Load,2026-08-16T07:22:13Z
2026-08-16T07:18:28Z,2026-08-16T09:18:28+0200,aaa9bd4d-7504-4e17-a444-f570127b5d4f,2026-07-27T17:30:00Z,2026-07-27T19:30:00+0200,10066.746,MW,NL,NL,forecast_load,Forecasted Load,2026-08-16T07:22:13Z
2026-08-16T07:18:28Z,2026-08-16T09:18:28+0200,aaa9bd4d-7504-4e17-a444-f570127b5d4f,2026-07-27T17:45:00Z,2026-07-27T19:45:00+0200,10362.269,MW,NL,NL,forecast_load,Forecasted Load,2026-08-16T07:22:13Z
2026-08-16T07:18:28Z,2026-08-16T09:18:28+0200,aaa9bd4d-7504-4e17-a444-f570127b5d4f,2026-07-27T18:00:00Z,2026-07-27T20:00:00+0200,10544.928,MW,NL,NL,forecast_load,Forecasted Load,2026-08-16T07:22:13Z
2026-08-16T07:18:28Z,2026-08-16T09:18:28+0200,aaa9bd4d-7504-4e17-a444-f570127b5d4f,2026-07-27T18:15:00Z,2026-07-27T20:15:00+0200,10768.707,MW,NL,NL,forecast_load,Forecasted Load,2026-08-16T07:22:13Z
2026-08-16T07:18:28Z,2026-08-16T09:18:28+0200,aaa9bd4d-7504-4e17-a444-f570127b5d4f,2026-07-27T18:30:00Z,2026-07-27T20:30:00+0200,10865.937,MW,NL,NL,forecast_load,Forecasted Load,2026-08-16T07:22:13Z
2026-08-16T07:18:28Z,2026-08-16T09:18:28+0200,aaa9bd4d-7504-4e17-a444-f570127b5d4f,2026-07-27T18:45:00Z,2026-07-27T20:45:00+0200,10992.877,MW,NL,NL,forecast_load,Forecasted Load,2026-08-16T07:22:13Z
2026-08-16T07:18:28Z,2026-08-16T09:18:28+0200,aaa9bd4d-7504-4e17-a444-f570127b5d4f,2026-07-27T19:00:00Z,2026-07-27T21:00:00+0200,11096.443,MW,NL,NL,forecast_load,Forecasted Load,2026-08-16T07:22:13Z
2026-08-16T07:18:28Z,2026-08-16T09:18:28+0200,aaa9bd4d-7504-4e17-a444-f570127b5d4f,2026-07-27T19:15:00Z,2026-07-27T21:15:00+0200,11276.109,MW,NL,NL,forecast_load,Forecasted Load,2026-08-16T07:22:13Z
2026-08-16T07:18:28Z,2026-08-16T09:18:28+0200,aaa9bd4d-7504-4e17-a444-f570127b5d4f,2026-07-27T19:30:00Z,2026-07-27T21:30:00+0200,11474.496,MW,NL,NL,forecast_load,Forecasted Load,2026-08-16T07:22:13Z
2026-08-16T07:18:28Z,2026-08-16T09:18:28+0200,aaa9bd4d-7504-4e17-a444-f570127b5d4f,2026-07-27T19:45:00Z,2026-07-27T21:45:00+0200,11447.238,MW,NL,NL,forecast_load,Forecasted Load,2026-08-16T07:22:13Z
2026-08-16T07:18:28Z,2026-08-16T09:18:28+0200,aaa9bd4d-7504-4e17-a444-f570127b5d4f,2026-07-27T20:00:00Z,2026-07-27T22:00:00+0200,11446.373,MW,NL,NL,forecast_load,Forecasted Load,2026-08-16T07:22:13Z
2026-08-16T07:18:28Z,2026-08-16T09:18:28+0200,aaa9bd4d-7504-4e17-a444-f570127b5d4f,2026-07-27T20:15:00Z,2026-07-27T22:15:00+0200,11465.446,MW,NL,NL,forecast_load,Forecasted Load,2026-08-16T07:22:13Z
2026-08-16T07:18:28Z,2026-08-16T09:18:28+0200,aaa9bd4d-7504-4e17-a444-f570127b5d4f,2026-07-27T20:30:00Z,2026-07-27T22:30:00+0200,11532.598,MW,NL,NL,forecast_load,Forecasted Load,2026-08-16T07:22:13Z
2026-08-16T07:18:28Z,2026-08-16T09:18:28+0200,aaa9bd4d-7504-4e17-a444-f570127b5d4f,2026-07-27T20:45:00Z,2026-07-27T22:45:00+0200,11455.818,MW,NL,NL,forecast_load,Forecasted Load,2026-08-16T07:22:13Z
2026-08-16T07:18:28Z,2026-08-16T09:18:28+0200,aaa9bd4d-7504-4e17-a444-f570127b5d4f,2026-07-27T21:00:00Z,2026-07-27T23:00:00+0200,11357.128,MW,NL,NL,forecast_load,Forecasted Load,2026-08-16T07:22:13Z
2026-08-16T07:18:28Z,2026-08-16T09:18:28+0200,aaa9bd4d-7504-4e17-a444-f570127b5d4f,2026-07-27T21:15:00Z,2026-07-27T23:15:00+0200,11285.621,MW,NL,NL,forecast_load,Forecasted Load,2026-08-16T07:22:13Z
2026-08-16T07:18:28Z,2026-08-16T09:18:28+0200,aaa9bd4d-7504-4e17-a444-f570127b5d4f,2026-07-27T21:30:00Z,2026-07-27T23:30:00+0200,11195.644,MW,NL,NL,forecast_load,Forecasted Load,2026-08-16T07:22:13Z
2026-08-16T07:18:28Z,2026-08-16T09:18:28+0200,aaa9bd4d-7504-4e17-a444-f570127b5d4f,2026-07-27T21:45:00Z,2026-07-27T23:45:00+0200,11088.59,MW,NL,NL,forecast_load,Forecasted Load,2026-08-16T07:22:13Z
2026-08-16T07:18:28Z,2026-08-16T09:18:28+0200,aaa9bd4d-7504-4e17-a444-f570127b5d4f,2026-07-27T22:00:00Z,2026-07-28T00:00:00+0200,10970.44,MW,NL,NL,forecast_load,Forecasted Load,2026-08-16T07:22:13Z
2026-08-16T07:18:28Z,2026-08-16T09:18:28+0200,aaa9bd4d-7504-4e17-a444-f570127b5d4f,2026-07-27T22:15:00Z,2026-07-28T00:15:00+0200,10839.713,MW,NL,NL,forecast_load,Forecasted Load,2026-08-16T07:22:13Z
2026-08-16T07:18:28Z,2026-08-16T09:18:28+0200,aaa9bd4d-7504-4e17-a444-f570127b5d4f,2026-07-27T22:30:00Z,2026-07-28T00:30:00+0200,10668.065,MW,NL,NL,forecast_load,Forecasted Load,2026-08-16T07:22:13Z
2026-08-16T07:18:28Z,2026-08-16T09:18:28+0200,aaa9bd4d-7504-4e17-a444-f570127b5d4f,2026-07-27T22:45:00Z,2026-07-28T00:45:00+0200,10523.975,MW,NL,NL,forecast_load,Forecasted Load,2026-08-16T07:22:13Z
2026-08-16T07:18:28Z,2026-08-16T09:18:28+0200,aaa9bd4d-7504-4e17-a444-f570127b5d4f,2026-07-27T23:00:00Z,2026-07-28T01:00:00+0200,10567.473,MW,NL,NL,forecast_load,Forecasted Load,2026-08-16T07:22:13Z
2026-08-16T07:18:28Z,2026-08-16T09:18:28+0200,aaa9bd4d-7504-4e17-a444-f570127b5d4f,2026-07-27T23:15:00Z,2026-07-28T01:15:00+0200,10495.277,MW,NL,NL,forecast_load,Forecasted Load,2026-08-16T07:22:13Z
2026-08-16T07:18:28Z,2026-08-16T09:18:28+0200,aaa9bd4d-7504-4e17-a444-f570127b5d4f,2026-07-27T23:30:00Z,2026-07-28T01:30:00+0200,10407.82,MW,NL,NL,forecast_load,Forecasted Load,2026-08-16T07:22:13Z
2026-08-16T07:18:28Z,2026-08-16T09:18:28+0200,aaa9bd4d-7504-4e17-a444-f570127b5d4f,2026-07-27T23:45:00Z,2026-07-28T01:45:00+0200,10326.368,MW,NL,NL,forecast_load,Forecasted Load,2026-08-16T07:22:13Z
2026-08-16T07:18:28Z,2026-08-16T09:18:28+0200,aaa9bd4d-7504-4e17-a444-f570127b5d4f,2026-07-28T00:00:00Z,2026-07-28T02:00:00+0200,10326.38,MW,NL,NL,forecast_load,Forecasted Load,2026-08-16T07:22:13Z
2026-08-16T07:18:28Z,2026-08-16T09:18:28+0200,aaa9bd4d-7504-4e17-a444-f570127b5d4f,2026-07-28T00:15:00Z,2026-07-28T02:15:00+0200,10322.203,MW,NL,NL,forecast_load,Forecasted Load,2026-08-16T07:22:13Z
2026-08-16T07:18:28Z,2026-08-16T09:18:28+0200,aaa9bd4d-7504-4e17-a444-f570127b5d4f,2026-07-28T00:30:00Z,2026-07-28T02:30:00+0200,10269.62,MW,NL,NL,forecast_load,Forecasted Load,2026-08-16T07:22:13Z
2026-08-16T07:18:28Z,2026-08-16T09:18:28+0200,aaa9bd4d-7504-4e17-a444-f570127b5d4f,2026-07-28T00:45:00Z,2026-07-28T02:45:00+0200,10273.758,MW,NL,NL,forecast_load,Forecasted Load,2026-08-16T07:22:13Z
2026-08-16T07:18:28Z,2026-08-16T09:18:28+0200,aaa9bd4d-7504-4e17-a444-f570127b5d4f,2026-07-28T01:00:00Z,2026-07-28T03:00:00+0200,10240.994,MW,NL,NL,forecast_load,Forecasted Load,2026-08-16T07:22:13Z
2026-08-16T07:18:28Z,2026-08-16T09:18:28+0200,aaa9bd4d-7504-4e17-a444-f570127b5d4f,2026-07-28T01:15:00Z,2026-07-28T03:15:00+0200,10239.1,MW,NL,NL,forecast_load,Forecasted Load,2026-08-16T07:22:13Z
2026-08-16T07:18:28Z,2026-08-16T09:18:28+0200,aaa9bd4d-7504-4e17-a444-f570127b5d4f,2026-07-28T01:30:00Z,2026-07-28T03:30:00+0200,10145.776,MW,NL,NL,forecast_load,Forecasted Load,2026-08-16T07:22:13Z
2026-08-16T07:18:28Z,2026-08-16T09:18:28+0200,aaa9bd4d-7504-4e17-a444-f570127b5d4f,2026-07-28T01:45:00Z,2026-07-28T03:45:00+0200,10116.955,MW,NL,NL,forecast_load,Forecasted Load,2026-08-16T07:22:13Z
2026-08-16T07:18:28Z,2026-08-16T09:18:28+0200,aaa9bd4d-7504-4e17-a444-f570127b5d4f,2026-07-28T02:00:00Z,2026-07-28T04:00:00+0200,10096.338,MW,NL,NL,forecast_load,Forecasted Load,2026-08-16T07:22:13Z
2026-08-16T07:18:28Z,2026-08-16T09:18:28+0200,aaa9bd4d-7504-4e17-a444-f570127b5d4f,2026-07-28T02:15:00Z,2026-07-28T04:15:00+0200,10027.87,MW,NL,NL,forecast_load,Forecasted Load,2026-08-16T07:22:13Z
2026-08-16T07:18:28Z,2026-08-16T09:18:28+0200,aaa9bd4d-7504-4e17-a444-f570127b5d4f,2026-07-28T02:30:00Z,2026-07-28T04:30:00+0200,10029.012,MW,NL,NL,forecast_load,Forecasted Load,2026-08-16T07:22:13Z
2026-08-16T07:18:28Z,2026-08-16T09:18:28+0200,aaa9bd4d-7504-4e17-a444-f570127b5d4f,2026-07-28T02:45:00Z,2026-07-28T04:45:00+0200,10044.992,MW,NL,NL,forecast_load,Forecasted Load,2026-08-16T07:22:13Z
2026-08-16T07:18:28Z,2026-08-16T09:18:28+0200,aaa9bd4d-7504-4e17-a444-f570127b5d4f,2026-07-28T03:00:00Z,2026-07-28T05:00:00+0200,10061.797,MW,NL,NL,forecast_load,Forecasted Load,2026-08-16T07:22:13Z
2026-08-16T07:18:28Z,2026-08-16T09:18:28+0200,aaa9bd4d-7504-4e17-a444-f570127b5d4f,2026-07-28T03:15:00Z,2026-07-28T05:15:00+0200,10087.591,MW,NL,NL,forecast_load,Forecasted Load,2026-08-16T07:22:13Z
2026-08-16T07:18:28Z,2026-08-16T09:18:28+0200,aaa9bd4d-7504-4e17-a444-f570127b5d4f,2026-07-28T03:30:00Z,2026-07-28T05:30:00+0200,10050.631,MW,NL,NL,forecast_load,Forecasted Load,2026-08-16T07:22:13Z
2026-08-16T07:18:28Z,2026-08-16T09:18:28+0200,aaa9bd4d-7504-4e17-a444-f570127b5d4f,2026-07-28T03:45:00Z,2026-07-28T05:45:00+0200,10139.661,MW,NL,NL,forecast_load,Forecasted Load,2026-08-16T07:22:13Z
2026-08-16T07:18:28Z,2026-08-16T09:18:28+0200,aaa9bd4d-7504-4e17-a444-f570127b5d4f,2026-07-28T04:00:00Z,2026-07-28T06:00:00+0200,10221.311,MW,NL,NL,forecast_load,Forecasted Load,2026-08-16T07:22:13Z
2026-08-16T07:18:28Z,2026-08-16T09:18:28+0200,aaa9bd4d-7504-4e17-a444-f570127b5d4f,2026-07-28T04:15:00Z,2026-07-28T06:15:00+0200,10262.022,MW,NL,NL,forecast_load,Forecasted Load,2026-08-16T07:22:13Z
2026-08-16T07:18:28Z,2026-08-16T09:18:28+0200,aaa9bd4d-7504-4e17-a444-f570127b5d4f,2026-07-28T04:30:00Z,2026-07-28T06:30:00+0200,10212.245,MW,NL,NL,forecast_load,Forecasted Load,2026-08-16T07:22:13Z
2026-08-16T07:18:28Z,2026-08-16T09:18:28+0200,aaa9bd4d-7504-4e17-a444-f570127b5d4f,2026-07-28T04:45:00Z,2026-07-28T06:45:00+0200,10282.337,MW,NL,NL,forecast_load,Forecasted Load,2026-08-16T07:22:13Z
2026-08-16T07:18:28Z,2026-08-16T09:18:28+0200,aaa9bd4d-7504-4e17-a444-f570127b5d4f,2026-07-28T05:00:00Z,2026-07-28T07:00:00+0200,10398.215,MW,NL,NL,forecast_load,Forecasted Load,2026-08-16T07:22:13Z
2026-08-16T07:18:28Z,2026-08-16T09:18:28+0200,aaa9bd4d-7504-4e17-a444-f570127b5d4f,2026-07-28T05:15:00Z,2026-07-28T07:15:00+0200,10351.836,MW,NL,NL,forecast_load,Forecasted Load,2026-08-16T07:22:13Z
2026-08-16T07:18:28Z,2026-08-16T09:18:28+0200,aaa9bd4d-7504-4e17-a444-f570127b5d4f,2026-07-28T05:30:00Z,2026-07-28T07:30:00+0200,10326.593,MW,NL,NL,forecast_load,Forecasted Load,2026-08-16T07:22:13Z
2026-08-16T07:18:28Z,2026-08-16T09:18:28+0200,aaa9bd4d-7504-4e17-a444-f570127b5d4f,2026-07-28T05:45:00Z,2026-07-28T07:45:00+0200,10274.064,MW,NL,NL,forecast_load,Forecasted Load,2026-08-16T07:22:13Z
2026-08-16T07:18:28Z,2026-08-16T09:18:28+0200,aaa9bd4d-7504-4e17-a444-f570127b5d4f,2026-07-28T06:00:00Z,2026-07-28T08:00:00+0200,10241.936,MW,NL,NL,forecast_load,Forecasted Load,2026-08-16T07:22:13Z
2026-08-16T07:18:28Z,2026-08-16T09:18:28+0200,aaa9bd4d-7504-4e17-a444-f570127b5d4f,2026-07-28T06:15:00Z,2026-07-28T08:15:00+0200,10091.019,MW,NL,NL,forecast_load,Forecasted Load,2026-08-16T07:22:13Z
2026-08-16T07:18:28Z,2026-08-16T09:18:28+0200,aaa9bd4d-7504-4e17-a444-f570127b5d4f,2026-07-28T06:30:00Z,2026-07-28T08:30:00+0200,9962.459,MW,NL,NL,forecast_load,Forecasted Load,2026-08-16T07:22:13Z
2026-08-16T07:18:28Z,2026-08-16T09:18:28+0200,aaa9bd4d-7504-4e17-a444-f570127b5d4f,2026-07-28T06:45:00Z,2026-07-28T08:45:00+0200,9754.775,MW,NL,NL,forecast_load,Forecasted Load,2026-08-16T07:22:13Z
2026-08-16T07:18:28Z,2026-08-16T09:18:28+0200,aaa9bd4d-7504-4e17-a444-f570127b5d4f,2026-07-28T07:00:00Z,2026-07-28T09:00:00+0200,9606.963,MW,NL,NL,forecast_load,Forecasted Load,2026-08-16T07:22:13Z
2026-08-16T07:18:28Z,2026-08-16T09:18:28+0200,aaa9bd4d-7504-4e17-a444-f570127b5d4f,2026-07-28T07:15:00Z,2026-07-28T09:15:00+0200,9420.176,MW,NL,NL,forecast_load,Forecasted Load,2026-08-16T07:22:13Z
2026-08-16T07:18:28Z,2026-08-16T09:18:28+0200,aaa9bd4d-7504-4e17-a444-f570127b5d4f,2026-07-28T07:30:00Z,2026-07-28T09:30:00+0200,9250.587,MW,NL,NL,forecast_load,Forecasted Load,2026-08-16T07:22:13Z
2026-08-16T07:18:28Z,2026-08-16T09:18:28+0200,aaa9bd4d-7504-4e17-a444-f570127b5d4f,2026-07-28T07:45:00Z,2026-07-28T09:45:00+0200,9055.746,MW,NL,NL,forecast_load,Forecasted Load,2026-08-16T07:22:13Z
2026-08-16T07:18:28Z,2026-08-16T09:18:28+0200,aaa9bd4d-7504-4e17-a444-f570127b5d4f,2026-07-28T08:00:00Z,2026-07-28T10:00:00+0200,8911.767,MW,NL,NL,forecast_load,Forecasted Load,2026-08-16T07:22:13Z
2026-08-16T07:18:28Z,2026-08-16T09:18:28+0200,aaa9bd4d-7504-4e17-a444-f570127b5d4f,2026-07-28T08:15:00Z,2026-07-28T10:15:00+0200,8710.177,MW,NL,NL,forecast_load,Forecasted Load,2026-08-16T07:22:13Z
2026-08-16T07:18:28Z,2026-08-16T09:18:28+0200,aaa9bd4d-7504-4e17-a444-f570127b5d4f,2026-07-28T08:30:00Z,2026-07-28T10:30:00+0200,8473.1,MW,NL,NL,forecast_load,Forecasted Load,2026-08-16T07:22:13Z
2026-08-16T07:18:28Z,2026-08-16T09:18:28+0200,aaa9bd4d-7504-4e17-a444-f570127b5d4f,2026-07-28T08:45:00Z,2026-07-28T10:45:00+0200,8266.923,MW,NL,NL,forecast_load,Forecasted Load,2026-08-16T07:22:13Z
2026-08-16T07:18:28Z,2026-08-16T09:18:28+0200,aaa9bd4d-7504-4e17-a444-f570127b5d4f,2026-07-28T09:00:00Z,2026-07-28T11:00:00+0200,8062.646,MW,NL,NL,forecast_load,Forecasted Load,2026-08-16T07:22:13Z
2026-08-16T07:18:28Z,2026-08-16T09:18:28+0200,aaa9bd4d-7504-4e17-a444-f570127b5d4f,2026-07-28T09:15:00Z,2026-07-28T11:15:00+0200,7924.809,MW,NL,NL,forecast_load,Forecasted Load,2026-08-16T07:22:13Z
2026-08-16T07:18:28Z,2026-08-16T09:18:28+0200,aaa9bd4d-7504-4e17-a444-f570127b5d4f,2026-07-28T09:30:00Z,2026-07-28T11:30:00+0200,7717.378,MW,NL,NL,forecast_load,Forecasted Load,2026-08-16T07:22:13Z
2026-08-16T07:18:28Z,2026-08-16T09:18:28+0200,aaa9bd4d-7504-4e17-a444-f570127b5d4f,2026-07-28T09:45:00Z,2026-07-28T11:45:00+0200,7644.009,MW,NL,NL,forecast_load,Forecasted Load,2026-08-16T07:22:13Z
2026-08-16T07:18:28Z,2026-08-16T09:18:28+0200,aaa9bd4d-7504-4e17-a444-f570127b5d4f,2026-07-28T10:00:00Z,2026-07-28T12:00:00+0200,7590.541,MW,NL,NL,forecast_load,Forecasted Load,2026-08-16T07:22:13Z
2026-08-16T07:18:28Z,2026-08-16T09:18:28+0200,aaa9bd4d-7504-4e17-a444-f570127b5d4f,2026-07-28T10:15:00Z,2026-07-28T12:15:00+0200,7258.9,MW,NL,NL,forecast_load,Forecasted Load,2026-08-16T07:22:13Z
2026-08-16T07:18:28Z,2026-08-16T09:18:28+0200,aaa9bd4d-7504-4e17-a444-f570127b5d4f,2026-07-28T10:30:00Z,2026-07-28T12:30:00+0200,7180.671,MW,NL,NL,forecast_load,Forecasted Load,2026-08-16T07:22:13Z
2026-08-16T07:18:28Z,2026-08-16T09:18:28+0200,aaa9bd4d-7504-4e17-a444-f570127b5d4f,2026-07-28T10:45:00Z,2026-07-28T12:45:00+0200,7090.457,MW,NL,NL,forecast_load,Forecasted Load,2026-08-16T07:22:13Z
2026-08-16T07:18:28Z,2026-08-16T09:18:28+0200,aaa9bd4d-7504-4e17-a444-f570127b5d4f,2026-07-28T11:00:00Z,2026-07-28T13:00:00+0200,6955.896,MW,NL,NL,forecast_load,Forecasted Load,2026-08-16T07:22:13Z
2026-08-16T07:18:28Z,2026-08-16T09:18:28+0200,aaa9bd4d-7504-4e17-a444-f570127b5d4f,2026-07-28T11:15:00Z,2026-07-28T13:15:00+0200,6946.869,MW,NL,NL,forecast_load,Forecasted Load,2026-08-16T07:22:13Z
2026-08-16T07:18:28Z,2026-08-16T09:18:28+0200,aaa9bd4d-7504-4e17-a444-f570127b5d4f,2026-07-28T11:30:00Z,2026-07-28T13:30:00+0200,6869.64,MW,NL,NL,forecast_load,Forecasted Load,2026-08-16T07:22:13Z
2026-08-16T07:18:28Z,2026-08-16T09:18:28+0200,aaa9bd4d-7504-4e17-a444-f570127b5d4f,2026-07-28T11:45:00Z,2026-07-28T13:45:00+0200,6821.529,MW,NL,NL,forecast_load,Forecasted Load,2026-08-16T07:22:13Z
2026-08-16T07:18:28Z,2026-08-16T09:18:28+0200,aaa9bd4d-7504-4e17-a444-f570127b5d4f,2026-07-28T12:00:00Z,2026-07-28T14:00:00+0200,6698.259,MW,NL,NL,forecast_load,Forecasted Load,2026-08-16T07:22:13Z
2026-08-16T07:18:28Z,2026-08-16T09:18:28+0200,aaa9bd4d-7504-4e17-a444-f570127b5d4f,2026-07-28T12:15:00Z,2026-07-28T14:15:00+0200,6598.981,MW,NL,NL,forecast_load,Forecasted Load,2026-08-16T07:22:13Z
2026-08-16T07:18:28Z,2026-08-16T09:18:28+0200,aaa9bd4d-7504-4e17-a444-f570127b5d4f,2026-07-28T12:30:00Z,2026-07-28T14:30:00+0200,6566.919,MW,NL,NL,forecast_load,Forecasted Load,2026-08-16T07:22:13Z
2026-08-16T07:18:28Z,2026-08-16T09:18:28+0200,aaa9bd4d-7504-4e17-a444-f570127b5d4f,2026-07-28T12:45:00Z,2026-07-28T14:45:00+0200,6699.779,MW,NL,NL,forecast_load,Forecasted Load,2026-08-16T07:22:13Z
2026-08-16T07:18:28Z,2026-08-16T09:18:28+0200,aaa9bd4d-7504-4e17-a444-f570127b5d4f,2026-07-28T13:00:00Z,2026-07-28T15:00:00+0200,6719.813,MW,NL,NL,forecast_load,Forecasted Load,2026-08-16T07:22:13Z
2026-08-16T07:18:28Z,2026-08-16T09:18:28+0200,aaa9bd4d-7504-4e17-a444-f570127b5d4f,2026-07-28T13:15:00Z,2026-07-28T15:15:00+0200,6706.994,MW,NL,NL,forecast_load,Forecasted Load,2026-08-16T07:22:13Z
2026-08-16T07:18:28Z,2026-08-16T09:18:28+0200,aaa9bd4d-7504-4e17-a444-f570127b5d4f,2026-07-28T13:30:00Z,2026-07-28T15:30:00+0200,6871.497,MW,NL,NL,forecast_load,Forecasted Load,2026-08-16T07:22:13Z
2026-08-16T07:18:28Z,2026-08-16T09:18:28+0200,aaa9bd4d-7504-4e17-a444-f570127b5d4f,2026-07-28T13:45:00Z,2026-07-28T15:45:00+0200,7008.452,MW,NL,NL,forecast_load,Forecasted Load,2026-08-16T07:22:13Z
2026-08-16T07:18:28Z,2026-08-16T09:18:28+0200,aaa9bd4d-7504-4e17-a444-f570127b5d4f,2026-07-28T14:00:00Z,2026-07-28T16:00:00+0200,7018.116,MW,NL,NL,forecast_load,Forecasted Load,2026-08-16T07:22:13Z
2026-08-16T07:18:28Z,2026-08-16T09:18:28+0200,aaa9bd4d-7504-4e17-a444-f570127b5d4f,2026-07-28T14:15:00Z,2026-07-28T16:15:00+0200,7200.377,MW,NL,NL,forecast_load,Forecasted Load,2026-08-16T07:22:13Z
2026-08-16T07:18:28Z,2026-08-16T09:18:28+0200,aaa9bd4d-7504-4e17-a444-f570127b5d4f,2026-07-28T14:30:00Z,2026-07-28T16:30:00+0200,7219.812,MW,NL,NL,forecast_load,Forecasted Load,2026-08-16T07:22:13Z
2026-08-16T07:18:28Z,2026-08-16T09:18:28+0200,aaa9bd4d-7504-4e17-a444-f570127b5d4f,2026-07-28T14:45:00Z,2026-07-28T16:45:00+0200,7448.213,MW,NL,NL,forecast_load,Forecasted Load,2026-08-16T07:22:13Z
2026-08-16T07:18:28Z,2026-08-16T09:18:28+0200,aaa9bd4d-7504-4e17-a444-f570127b5d4f,2026-07-28T15:00:00Z,2026-07-28T17:00:00+0200,7601.313,MW,NL,NL,forecast_load,Forecasted Load,2026-08-16T07:22:13Z
2026-08-16T07:18:28Z,2026-08-16T09:18:28+0200,aaa9bd4d-7504-4e17-a444-f570127b5d4f,2026-07-28T15:15:00Z,2026-07-28T17:15:00+0200,7845.913,MW,NL,NL,forecast_load,Forecasted Load,2026-08-16T07:22:13Z
2026-08-16T07:18:28Z,2026-08-16T09:18:28+0200,aaa9bd4d-7504-4e17-a444-f570127b5d4f,2026-07-28T15:30:00Z,2026-07-28T17:30:00+0200,8306.122,MW,NL,NL,forecast_load,Forecasted Load,2026-08-16T07:22:13Z
2026-08-16T07:18:28Z,2026-08-16T09:18:28+0200,aaa9bd4d-7504-4e17-a444-f570127b5d4f,2026-07-28T15:45:00Z,2026-07-28T17:45:00+0200,8609.158,MW,NL,NL,forecast_load,Forecasted Load,2026-08-16T07:22:13Z
2026-08-16T07:18:28Z,2026-08-16T09:18:28+0200,aaa9bd4d-7504-4e17-a444-f570127b5d4f,2026-07-28T16:00:00Z,2026-07-28T18:00:00+0200,8725.997,MW,NL,NL,forecast_load,Forecasted Load,2026-08-16T07:22:13Z
2026-08-16T07:18:28Z,2026-08-16T09:18:28+0200,aaa9bd4d-7504-4e17-a444-f570127b5d4f,2026-07-28T16:15:00Z,2026-07-28T18:15:00+0200,8965.425,MW,NL,NL,forecast_load,Forecasted Load,2026-08-16T07:22:13Z
2026-08-16T07:18:28Z,2026-08-16T09:18:28+0200,aaa9bd4d-7504-4e17-a444-f570127b5d4f,2026-07-28T16:30:00Z,2026-07-28T18:30:00+0200,9200.883,MW,NL,NL,forecast_load,Forecasted Load,2026-08-16T07:22:13Z
2026-08-16T07:18:28Z,2026-08-16T09:18:28+0200,aaa9bd4d-7504-4e17-a444-f570127b5d4f,2026-07-28T16:45:00Z,2026-07-28T18:45:00+0200,9529.473,MW,NL,NL,forecast_load,Forecasted Load,2026-08-16T07:22:13Z
2026-08-16T07:18:28Z,2026-08-16T09:18:28+0200,aaa9bd4d-7504-4e17-a444-f570127b5d4f,2026-07-28T17:00:00Z,2026-07-28T19:00:00+0200,9803.091,MW,NL,NL,forecast_load,Forecasted Load,2026-08-16T07:22:13Z
2026-08-16T07:18:28Z,2026-08-16T09:18:28+0200,aaa9bd4d-7504-4e17-a444-f570127b5d4f,2026-07-28T17:15:00Z,2026-07-28T19:15:00+0200,10086.727,MW,NL,NL,forecast_load,Forecasted Load,2026-08-16T07:22:13Z
2026-08-16T07:18:28Z,2026-08-16T09:18:28+0200,aaa9bd4d-7504-4e17-a444-f570127b5d4f,2026-07-28T17:30:00Z,2026-07-28T19:30:00+0200,10251.65,MW,NL,NL,forecast_load,Forecasted Load,2026-08-16T07:22:13Z
2026-08-16T07:18:28Z,2026-08-16T09:18:28+0200,aaa9bd4d-7504-4e17-a444-f570127b5d4f,2026-07-28T17:45:00Z,2026-07-28T19:45:00+0200,10424.468,MW,NL,NL,forecast_load,Forecasted Load,2026-08-16T07:22:13Z
2026-08-16T07:18:28Z,2026-08-16T09:18:28+0200,aaa9bd4d-7504-4e17-a444-f570127b5d4f,2026-07-28T18:00:00Z,2026-07-28T20:00:00+0200,10547.223,MW,NL,NL,forecast_load,Forecasted Load,2026-08-16T07:22:13Z
2026-08-16T07:18:28Z,2026-08-16T09:18:28+0200,aaa9bd4d-7504-4e17-a444-f570127b5d4f,2026-07-28T18:15:00Z,2026-07-28T20:15:00+0200,10644.639,MW,NL,NL,forecast_load,Forecasted Load,2026-08-16T07:22:13Z
2026-08-16T07:18:28Z,2026-08-16T09:18:28+0200,aaa9bd4d-7504-4e17-a444-f570127b5d4f,2026-07-28T18:30:00Z,2026-07-28T20:30:00+0200,10728.225,MW,NL,NL,forecast_load,Forecasted Load,2026-08-16T07:22:13Z
2026-08-16T07:18:28Z,2026-08-16T09:18:28+0200,aaa9bd4d-7504-4e17-a444-f570127b5d4f,2026-07-28T18:45:00Z,2026-07-28T20:45:00+0200,10835.838,MW,NL,NL,forecast_load,Forecasted Load,2026-08-16T07:22:13Z
2026-08-16T07:18:28Z,2026-08-16T09:18:28+0200,aaa9bd4d-7504-4e17-a444-f570127b5d4f,2026-07-28T19:00:00Z,2026-07-28T21:00:00+0200,10970.843,MW,NL,NL,forecast_load,Forecasted Load,2026-08-16T07:22:13Z
2026-08-16T07:18:28Z,2026-08-16T09:18:28+0200,aaa9bd4d-7504-4e17-a444-f570127b5d4f,2026-07-28T19:15:00Z,2026-07-28T21:15:00+0200,11108.355,MW,NL,NL,forecast_load,Forecasted Load,2026-08-16T07:22:13Z
2026-08-16T07:18:28Z,2026-08-16T09:18:28+0200,aaa9bd4d-7504-4e17-a444-f570127b5d4f,2026-07-28T19:30:00Z,2026-07-28T21:30:00+0200,11160.42,MW,NL,NL,forecast_load,Forecasted Load,2026-08-16T07:22:13Z
2026-08-16T07:18:28Z,2026-08-16T09:18:28+0200,aaa9bd4d-7504-4e17-a444-f570127b5d4f,2026-07-28T19:45:00Z,2026-07-28T21:45:00+0200,11184.582,MW,NL,NL,forecast_load,Forecasted Load,2026-08-16T07:22:13Z
2026-08-16T07:18:28Z,2026-08-16T09:18:28+0200,aaa9bd4d-7504-4e17-a444-f570127b5d4f,2026-07-28T20:00:00Z,2026-07-28T22:00:00+0200,11153.803,MW,NL,NL,forecast_load,Forecasted Load,2026-08-16T07:22:13Z
2026-08-16T07:18:28Z,2026-08-16T09:18:28+0200,aaa9bd4d-7504-4e17-a444-f570127b5d4f,2026-07-28T20:15:00Z,2026-07-28T22:15:00+0200,11172.542,MW,NL,NL,forecast_load,Forecasted Load,2026-08-16T07:22:13Z
2026-08-16T07:18:28Z,2026-08-16T09:18:28+0200,aaa9bd4d-7504-4e17-a444-f570127b5d4f,2026-07-28T20:30:00Z,2026-07-28T22:30:00+0200,11289.172,MW,NL,NL,forecast_load,Forecasted Load,2026-08-16T07:22:13Z
2026-08-16T07:18:28Z,2026-08-16T09:18:28+0200,aaa9bd4d-7504-4e17-a444-f570127b5d4f,2026-07-28T20:45:00Z,2026-07-28T22:45:00+0200,11290.843,MW,NL,NL,forecast_load,Forecasted Load,2026-08-16T07:22:13Z
2026-08-16T07:18:28Z,2026-08-16T09:18:28+0200,aaa9bd4d-7504-4e17-a444-f570127b5d4f,2026-07-28T21:00:00Z,2026-07-28T23:00:00+0200,11257.618,MW,NL,NL,forecast_load,Forecasted Load,2026-08-16T07:22:13Z
2026-08-16T07:18:28Z,2026-08-16T09:18:28+0200,aaa9bd4d-7504-4e17-a444-f570127b5d4f,2026-07-28T21:15:00Z,2026-07-28T23:15:00+0200,11147.378,MW,NL,NL,forecast_load,Forecasted Load,2026-08-16T07:22:13Z
2026-08-16T07:18:28Z,2026-08-16T09:18:28+0200,aaa9bd4d-7504-4e17-a444-f570127b5d4f,2026-07-28T21:30:00Z,2026-07-28T23:30:00+0200,11085.56,MW,NL,NL,forecast_load,Forecasted Load,2026-08-16T07:22:13Z
2026-08-16T07:18:28Z,2026-08-16T09:18:28+0200,aaa9bd4d-7504-4e17-a444-f570127b5d4f,2026-07-28T21:45:00Z,2026-07-28T23:45:00+0200,10955.172,MW,NL,NL,forecast_load,Forecasted Load,2026-08-16T07:22:13Z
2026-08-16T07:18:28Z,2026-08-16T09:18:28+0200,aaa9bd4d-7504-4e17-a444-f570127b5d4f,2026-07-28T22:00:00Z,2026-07-29T00:00:00+0200,10827.29,MW,NL,NL,forecast_load,Forecasted Load,2026-08-16T07:22:13Z
2026-08-16T07:18:28Z,2026-08-16T09:18:28+0200,aaa9bd4d-7504-4e17-a444-f570127b5d4f,2026-07-28T22:15:00Z,2026-07-29T00:15:00+0200,10852.274,MW,NL,NL,forecast_load,Forecasted Load,2026-08-16T07:22:13Z
2026-08-16T07:18:28Z,2026-08-16T09:18:28+0200,aaa9bd4d-7504-4e17-a444-f570127b5d4f,2026-07-28T22:30:00Z,2026-07-29T00:30:00+0200,10791.103,MW,NL,NL,forecast_load,Forecasted Load,2026-08-16T07:22:13Z
2026-08-16T07:18:28Z,2026-08-16T09:18:28+0200,aaa9bd4d-7504-4e17-a444-f570127b5d4f,2026-07-28T22:45:00Z,2026-07-29T00:45:00+0200,10700.956,MW,NL,NL,forecast_load,Forecasted Load,2026-08-16T07:22:13Z
2026-08-16T07:18:28Z,2026-08-16T09:18:28+0200,aaa9bd4d-7504-4e17-a444-f570127b5d4f,2026-07-28T23:00:00Z,2026-07-29T01:00:00+0200,10653.654,MW,NL,NL,forecast_load,Forecasted Load,2026-08-16T07:22:13Z
2026-08-16T07:18:28Z,2026-08-16T09:18:28+0200,aaa9bd4d-7504-4e17-a444-f570127b5d4f,2026-07-28T23:15:00Z,2026-07-29T01:15:00+0200,10533.19,MW,NL,NL,forecast_load,Forecasted Load,2026-08-16T07:22:13Z
2026-08-16T07:18:28Z,2026-08-16T09:18:28+0200,aaa9bd4d-7504-4e17-a444-f570127b5d4f,2026-07-28T23:30:00Z,2026-07-29T01:30:00+0200,10538.951,MW,NL,NL,forecast_load,Forecasted Load,2026-08-16T07:22:13Z
2026-08-16T07:18:28Z,2026-08-16T09:18:28+0200,aaa9bd4d-7504-4e17-a444-f570127b5d4f,2026-07-28T23:45:00Z,2026-07-29T01:45:00+0200,10483.415,MW,NL,NL,forecast_load,Forecasted Load,2026-08-16T07:22:13Z
2026-08-16T07:18:28Z,2026-08-16T09:18:28+0200,aaa9bd4d-7504-4e17-a444-f570127b5d4f,2026-07-29T00:00:00Z,2026-07-29T02:00:00+0200,10418.346,MW,NL,NL,forecast_load,Forecasted Load,2026-08-16T07:22:13Z
2026-08-16T07:18:28Z,2026-08-16T09:18:28+0200,aaa9bd4d-7504-4e17-a444-f570127b5d4f,2026-07-29T00:15:00Z,2026-07-29T02:15:00+0200,10412.506,MW,NL,NL,forecast_load,Forecasted Load,2026-08-16T07:22:13Z
2026-08-16T07:18:28Z,2026-08-16T09:18:28+0200,aaa9bd4d-7504-4e17-a444-f570127b5d4f,2026-07-29T00:30:00Z,2026-07-29T02:30:00+0200,10385.971,MW,NL,NL,forecast_load,Forecasted Load,2026-08-16T07:22:13Z
2026-08-16T07:18:28Z,2026-08-16T09:18:28+0200,aaa9bd4d-7504-4e17-a444-f570127b5d4f,2026-07-29T00:45:00Z,2026-07-29T02:45:00+0200,10349.056,MW,NL,NL,forecast_load,Forecasted Load,2026-08-16T07:22:13Z
2026-08-16T07:18:28Z,2026-08-16T09:18:28+0200,aaa9bd4d-7504-4e17-a444-f570127b5d4f,2026-07-29T01:00:00Z,2026-07-29T03:00:00+0200,10324.479,MW,NL,NL,forecast_load,Forecasted Load,2026-08-16T07:22:13Z
2026-08-16T07:18:28Z,2026-08-16T09:18:28+0200,aaa9bd4d-7504-4e17-a444-f570127b5d4f,2026-07-29T01:15:00Z,2026-07-29T03:15:00+0200,10348.209,MW,NL,NL,forecast_load,Forecasted Load,2026-08-16T07:22:13Z
2026-08-16T07:18:28Z,2026-08-16T09:18:28+0200,aaa9bd4d-7504-4e17-a444-f570127b5d4f,2026-07-29T01:30:00Z,2026-07-29T03:30:00+0200,10329.305,MW,NL,NL,forecast_load,Forecasted Load,2026-08-16T07:22:13Z
2026-08-16T07:18:28Z,2026-08-16T09:18:28+0200,aaa9bd4d-7504-4e17-a444-f570127b5d4f,2026-07-29T01:45:00Z,2026-07-29T03:45:00+0200,10348.417,MW,NL,NL,forecast_load,Forecasted Load,2026-08-16T07:22:13Z
2026-08-16T07:18:28Z,2026-08-16T09:18:28+0200,aaa9bd4d-7504-4e17-a444-f570127b5d4f,2026-07-29T02:00:00Z,2026-07-29T04:00:00+0200,10348.439,MW,NL,NL,forecast_load,Forecasted Load,2026-08-16T07:22:13Z
2026-08-16T07:18:28Z,2026-08-16T09:18:28+0200,aaa9bd4d-7504-4e17-a444-f570127b5d4f,2026-07-29T02:15:00Z,2026-07-29T04:15:00+0200,10299.833,MW,NL,NL,forecast_load,Forecasted Load,2026-08-16T07:22:13Z
2026-08-16T07:18:28Z,2026-08-16T09:18:28+0200,aaa9bd4d-7504-4e17-a444-f570127b5d4f,2026-07-29T02:30:00Z,2026-07-29T04:30:00+0200,10282.843,MW,NL,NL,forecast_load,Forecasted Load,2026-08-16T07:22:13Z
2026-08-16T07:18:28Z,2026-08-16T09:18:28+0200,aaa9bd4d-7504-4e17-a444-f570127b5d4f,2026-07-29T02:45:00Z,2026-07-29T04:45:00+0200,10357.823,MW,NL,NL,forecast_load,Forecasted Load,2026-08-16T07:22:13Z
2026-08-16T07:18:28Z,2026-08-16T09:18:28+0200,aaa9bd4d-7504-4e17-a444-f570127b5d4f,2026-07-29T03:00:00Z,2026-07-29T05:00:00+0200,10390.742,MW,NL,NL,forecast_load,Forecasted Load,2026-08-16T07:22:13Z
2026-08-16T07:18:28Z,2026-08-16T09:18:28+0200,aaa9bd4d-7504-4e17-a444-f570127b5d4f,2026-07-29T03:15:00Z,2026-07-29T05:15:00+0200,10388.812,MW,NL,NL,forecast_load,Forecasted Load,2026-08-16T07:22:13Z
2026-08-16T07:18:28Z,2026-08-16T09:18:28+0200,aaa9bd4d-7504-4e17-a444-f570127b5d4f,2026-07-29T03:30:00Z,2026-07-29T05:30:00+0200,10352.795,MW,NL,NL,forecast_load,Forecasted Load,2026-08-16T07:22:13Z
2026-08-16T07:18:28Z,2026-08-16T09:18:28+0200,aaa9bd4d-7504-4e17-a444-f570127b5d4f,2026-07-29T03:45:00Z,2026-07-29T05:45:00+0200,10457.197,MW,NL,NL,forecast_load,Forecasted Load,2026-08-16T07:22:13Z
2026-08-16T07:18:28Z,2026-08-16T09:18:28+0200,aaa9bd4d-7504-4e17-a444-f570127b5d4f,2026-07-29T04:00:00Z,2026-07-29T06:00:00+0200,10544.519,MW,NL,NL,forecast_load,Forecasted Load,2026-08-16T07:22:13Z
2026-08-16T07:18:28Z,2026-08-16T09:18:28+0200,aaa9bd4d-7504-4e17-a444-f570127b5d4f,2026-07-29T04:15:00Z,2026-07-29T06:15:00+0200,10548.082,MW,NL,NL,forecast_load,Forecasted Load,2026-08-16T07:22:13Z
2026-08-16T07:18:28Z,2026-08-16T09:18:28+0200,aaa9bd4d-7504-4e17-a444-f570127b5d4f,2026-07-29T04:30:00Z,2026-07-29T06:30:00+0200,10463.177,MW,NL,NL,forecast_load,Forecasted Load,2026-08-16T07:22:13Z
2026-08-16T07:18:28Z,2026-08-16T09:18:28+0200,aaa9bd4d-7504-4e17-a444-f570127b5d4f,2026-07-29T04:45:00Z,2026-07-29T06:45:00+0200,10529.0,MW,NL,NL,forecast_load,Forecasted Load,2026-08-16T07:22:13Z
2026-08-16T07:18:28Z,2026-08-16T09:18:28+0200,aaa9bd4d-7504-4e17-a444-f570127b5d4f,2026-07-29T05:00:00Z,2026-07-29T07:00:00+0200,10583.811,MW,NL,NL,forecast_load,Forecasted Load,2026-08-16T07:22:13Z
2026-08-16T07:18:28Z,2026-08-16T09:18:28+0200,aaa9bd4d-7504-4e17-a444-f570127b5d4f,2026-07-29T05:15:00Z,2026-07-29T07:15:00+0200,10604.442,MW,NL,NL,forecast_load,Forecasted Load,2026-08-16T07:22:13Z
2026-08-16T07:18:28Z,2026-08-16T09:18:28+0200,aaa9bd4d-7504-4e17-a444-f570127b5d4f,2026-07-29T05:30:00Z,2026-07-29T07:30:00+0200,10660.005,MW,NL,NL,forecast_load,Forecasted Load,2026-08-16T07:22:13Z
2026-08-16T07:18:28Z,2026-08-16T09:18:28+0200,aaa9bd4d-7504-4e17-a444-f570127b5d4f,2026-07-29T05:45:00Z,2026-07-29T07:45:00+0200,10686.635,MW,NL,NL,forecast_load,Forecasted Load,2026-08-16T07:22:13Z
2026-08-16T07:18:28Z,2026-08-16T09:18:28+0200,aaa9bd4d-7504-4e17-a444-f570127b5d4f,2026-07-29T06:00:00Z,2026-07-29T08:00:00+0200,10855.66,MW,NL,NL,forecast_load,Forecasted Load,2026-08-16T07:22:13Z
2026-08-16T07:18:28Z,2026-08-16T09:18:28+0200,aaa9bd4d-7504-4e17-a444-f570127b5d4f,2026-07-29T06:15:00Z,2026-07-29T08:15:00+0200,10608.032,MW,NL,NL,forecast_load,Forecasted Load,2026-08-16T07:22:13Z
2026-08-16T07:18:28Z,2026-08-16T09:18:28+0200,aaa9bd4d-7504-4e17-a444-f570127b5d4f,2026-07-29T06:30:00Z,2026-07-29T08:30:00+0200,10564.416,MW,NL,NL,forecast_load,Forecasted Load,2026-08-16T07:22:13Z
2026-08-16T07:18:28Z,2026-08-16T09:18:28+0200,aaa9bd4d-7504-4e17-a444-f570127b5d4f,2026-07-29T06:45:00Z,2026-07-29T08:45:00+0200,10471.957,MW,NL,NL,forecast_load,Forecasted Load,2026-08-16T07:22:13Z
2026-08-16T07:18:28Z,2026-08-16T09:18:28+0200,aaa9bd4d-7504-4e17-a444-f570127b5d4f,2026-07-29T07:00:00Z,2026-07-29T09:00:00+0200,10305.657,MW,NL,NL,forecast_load,Forecasted Load,2026-08-16T07:22:13Z
2026-08-16T07:18:28Z,2026-08-16T09:18:28+0200,aaa9bd4d-7504-4e17-a444-f570127b5d4f,2026-07-29T07:15:00Z,2026-07-29T09:15:00+0200,10125.728,MW,NL,NL,forecast_load,Forecasted Load,2026-08-16T07:22:13Z
2026-08-16T07:18:28Z,2026-08-16T09:18:28+0200,aaa9bd4d-7504-4e17-a444-f570127b5d4f,2026-07-29T07:30:00Z,2026-07-29T09:30:00+0200,9908.409,MW,NL,NL,forecast_load,Forecasted Load,2026-08-16T07:22:13Z
2026-08-16T07:18:28Z,2026-08-16T09:18:28+0200,aaa9bd4d-7504-4e17-a444-f570127b5d4f,2026-07-29T07:45:00Z,2026-07-29T09:45:00+0200,9748.082,MW,NL,NL,forecast_load,Forecasted Load,2026-08-16T07:22:13Z
2026-08-16T07:18:28Z,2026-08-16T09:18:28+0200,aaa9bd4d-7504-4e17-a444-f570127b5d4f,2026-07-29T08:00:00Z,2026-07-29T10:00:00+0200,9679.205,MW,NL,NL,forecast_load,Forecasted Load,2026-08-16T07:22:13Z
2026-08-16T07:18:28Z,2026-08-16T09:18:28+0200,aaa9bd4d-7504-4e17-a444-f570127b5d4f,2026-07-29T08:15:00Z,2026-07-29T10:15:00+0200,9308.181,MW,NL,NL,forecast_load,Forecasted Load,2026-08-16T07:22:13Z
2026-08-16T07:18:28Z,2026-08-16T09:18:28+0200,aaa9bd4d-7504-4e17-a444-f570127b5d4f,2026-07-29T08:30:00Z,2026-07-29T10:30:00+0200,8817.694,MW,NL,NL,forecast_load,Forecasted Load,2026-08-16T07:22:13Z
2026-08-16T07:18:28Z,2026-08-16T09:18:28+0200,aaa9bd4d-7504-4e17-a444-f570127b5d4f,2026-07-29T08:45:00Z,2026-07-29T10:45:00+0200,8553.109,MW,NL,NL,forecast_load,Forecasted Load,2026-08-16T07:22:13Z
2026-08-16T07:18:28Z,2026-08-16T09:18:28+0200,aaa9bd4d-7504-4e17-a444-f570127b5d4f,2026-07-29T09:00:00Z,2026-07-29T11:00:00+0200,8257.716,MW,NL,NL,forecast_load,Forecasted Load,2026-08-16T07:22:13Z
2026-08-16T07:18:28Z,2026-08-16T09:18:28+0200,aaa9bd4d-7504-4e17-a444-f570127b5d4f,2026-07-29T09:15:00Z,2026-07-29T11:15:00+0200,8124.873,MW,NL,NL,forecast_load,Forecasted Load,2026-08-16T07:22:13Z
2026-08-16T07:18:28Z,2026-08-16T09:18:28+0200,aaa9bd4d-7504-4e17-a444-f570127b5d4f,2026-07-29T09:30:00Z,2026-07-29T11:30:00+0200,7921.253,MW,NL,NL,forecast_load,Forecasted Load,2026-08-16T07:22:13Z
2026-08-16T07:18:28Z,2026-08-16T09:18:28+0200,aaa9bd4d-7504-4e17-a444-f570127b5d4f,2026-07-29T09:45:00Z,2026-07-29T11:45:00+0200,7633.739,MW,NL,NL,forecast_load,Forecasted Load,2026-08-16T07:22:13Z
2026-08-16T07:18:28Z,2026-08-16T09:18:28+0200,aaa9bd4d-7504-4e17-a444-f570127b5d4f,2026-07-29T10:00:00Z,2026-07-29T12:00:00+0200,7491.189,MW,NL,NL,forecast_load,Forecasted Load,2026-08-16T07:22:13Z
2026-08-16T07:18:28Z,2026-08-16T09:18:28+0200,aaa9bd4d-7504-4e17-a444-f570127b5d4f,2026-07-29T10:15:00Z,2026-07-29T12:15:00+0200,7340.143,MW,NL,NL,forecast_load,Forecasted Load,2026-08-16T07:22:13Z
2026-08-16T07:18:28Z,2026-08-16T09:18:28+0200,aaa9bd4d-7504-4e17-a444-f570127b5d4f,2026-07-29T10:30:00Z,2026-07-29T12:30:00+0200,7343.069,MW,NL,NL,forecast_load,Forecasted Load,2026-08-16T07:22:13Z
2026-08-16T07:18:28Z,2026-08-16T09:18:28+0200,aaa9bd4d-7504-4e17-a444-f570127b5d4f,2026-07-29T10:45:00Z,2026-07-29T12:45:00+0200,7111.769,MW,NL,NL,forecast_load,Forecasted Load,2026-08-16T07:22:13Z
2026-08-16T07:18:28Z,2026-08-16T09:18:28+0200,aaa9bd4d-7504-4e17-a444-f570127b5d4f,2026-07-29T11:00:00Z,2026-07-29T13:00:00+0200,7041.99,MW,NL,NL,forecast_load,Forecasted Load,2026-08-16T07:22:13Z
2026-08-16T07:18:28Z,2026-08-16T09:18:28+0200,aaa9bd4d-7504-4e17-a444-f570127b5d4f,2026-07-29T11:15:00Z,2026-07-29T13:15:00+0200,7121.972,MW,NL,NL,forecast_load,Forecasted Load,2026-08-16T07:22:13Z
2026-08-16T07:18:28Z,2026-08-16T09:18:28+0200,aaa9bd4d-7504-4e17-a444-f570127b5d4f,2026-07-29T11:30:00Z,2026-07-29T13:30:00+0200,6948.709,MW,NL,NL,forecast_load,Forecasted Load,2026-08-16T07:22:13Z
2026-08-16T07:18:28Z,2026-08-16T09:18:28+0200,aaa9bd4d-7504-4e17-a444-f570127b5d4f,2026-07-29T11:45:00Z,2026-07-29T13:45:00+0200,6994.749,MW,NL,NL,forecast_load,Forecasted Load,2026-08-16T07:22:13Z
2026-08-16T07:18:28Z,2026-08-16T09:18:28+0200,aaa9bd4d-7504-4e17-a444-f570127b5d4f,2026-07-29T12:00:00Z,2026-07-29T14:00:00+0200,7001.773,MW,NL,NL,forecast_load,Forecasted Load,2026-08-16T07:22:13Z
2026-08-16T07:18:28Z,2026-08-16T09:18:28+0200,aaa9bd4d-7504-4e17-a444-f570127b5d4f,2026-07-29T12:15:00Z,2026-07-29T14:15:00+0200,6944.37,MW,NL,NL,forecast_load,Forecasted Load,2026-08-16T07:22:13Z
2026-08-16T07:18:28Z,2026-08-16T09:18:28+0200,aaa9bd4d-7504-4e17-a444-f570127b5d4f,2026-07-29T12:30:00Z,2026-07-29T14:30:00+0200,6875.568,MW,NL,NL,forecast_load,Forecasted Load,2026-08-16T07:22:13Z
2026-08-16T07:18:28Z,2026-08-16T09:18:28+0200,aaa9bd4d-7504-4e17-a444-f570127b5d4f,2026-07-29T12:45:00Z,2026-07-29T14:45:00+0200,6811.046,MW,NL,NL,forecast_load,Forecasted Load,2026-08-16T07:22:13Z
2026-08-16T07:18:28Z,2026-08-16T09:18:28+0200,aaa9bd4d-7504-4e17-a444-f570127b5d4f,2026-07-29T13:00:00Z,2026-07-29T15:00:00+0200,6966.55,MW,NL,NL,forecast_load,Forecasted Load,2026-08-16T07:22:13Z
2026-08-16T07:18:28Z,2026-08-16T09:18:28+0200,aaa9bd4d-7504-4e17-a444-f570127b5d4f,2026-07-29T13:15:00Z,2026-07-29T15:15:00+0200,6975.62,MW,NL,NL,forecast_load,Forecasted Load,2026-08-16T07:22:13Z
2026-08-16T07:18:28Z,2026-08-16T09:18:28+0200,aaa9bd4d-7504-4e17-a444-f570127b5d4f,2026-07-29T13:30:00Z,2026-07-29T15:30:00+0200,7056.806,MW,NL,NL,forecast_load,Forecasted Load,2026-08-16T07:22:13Z
2026-08-16T07:18:28Z,2026-08-16T09:18:28+0200,aaa9bd4d-7504-4e17-a444-f570127b5d4f,2026-07-29T13:45:00Z,2026-07-29T15:45:00+0200,7058.655,MW,NL,NL,forecast_load,Forecasted Load,2026-08-16T07:22:13Z
2026-08-16T07:18:28Z,2026-08-16T09:18:28+0200,aaa9bd4d-7504-4e17-a444-f570127b5d4f,2026-07-29T14:00:00Z,2026-07-29T16:00:00+0200,7144.599,MW,NL,NL,forecast_load,Forecasted Load,2026-08-16T07:22:13Z
2026-08-16T07:18:28Z,2026-08-16T09:18:28+0200,aaa9bd4d-7504-4e17-a444-f570127b5d4f,2026-07-29T14:15:00Z,2026-07-29T16:15:00+0200,7136.139,MW,NL,NL,forecast_load,Forecasted Load,2026-08-16T07:22:13Z
2026-08-16T07:18:28Z,2026-08-16T09:18:28+0200,aaa9bd4d-7504-4e17-a444-f570127b5d4f,2026-07-29T14:30:00Z,2026-07-29T16:30:00+0200,7397.909,MW,NL,NL,forecast_load,Forecasted Load,2026-08-16T07:22:13Z
2026-08-16T07:18:28Z,2026-08-16T09:18:28+0200,aaa9bd4d-7504-4e17-a444-f570127b5d4f,2026-07-29T14:45:00Z,2026-07-29T16:45:00+0200,7687.237,MW,NL,NL,forecast_load,Forecasted Load,2026-08-16T07:22:13Z
2026-08-16T07:18:28Z,2026-08-16T09:18:28+0200,aaa9bd4d-7504-4e17-a444-f570127b5d4f,2026-07-29T15:00:00Z,2026-07-29T17:00:00+0200,7949.64,MW,NL,NL,forecast_load,Forecasted Load,2026-08-16T07:22:13Z
2026-08-16T07:18:28Z,2026-08-16T09:18:28+0200,aaa9bd4d-7504-4e17-a444-f570127b5d4f,2026-07-29T15:15:00Z,2026-07-29T17:15:00+0200,8281.492,MW,NL,NL,forecast_load,Forecasted Load,2026-08-16T07:22:13Z
2026-08-16T07:18:28Z,2026-08-16T09:18:28+0200,aaa9bd4d-7504-4e17-a444-f570127b5d4f,2026-07-29T15:30:00Z,2026-07-29T17:30:00+0200,8625.777,MW,NL,NL,forecast_load,Forecasted Load,2026-08-16T07:22:13Z
2026-08-16T07:18:28Z,2026-08-16T09:18:28+0200,aaa9bd4d-7504-4e17-a444-f570127b5d4f,2026-07-29T15:45:00Z,2026-07-29T17:45:00+0200,8924.156,MW,NL,NL,forecast_load,Forecasted Load,2026-08-16T07:22:13Z
2026-08-16T07:18:28Z,2026-08-16T09:18:28+0200,aaa9bd4d-7504-4e17-a444-f570127b5d4f,2026-07-29T16:00:00Z,2026-07-29T18:00:00+0200,9219.822,MW,NL,NL,forecast_load,Forecasted Load,2026-08-16T07:22:13Z
2026-08-16T07:18:28Z,2026-08-16T09:18:28+0200,aaa9bd4d-7504-4e17-a444-f570127b5d4f,2026-07-29T16:15:00Z,2026-07-29T18:15:00+0200,9608.07,MW,NL,NL,forecast_load,Forecasted Load,2026-08-16T07:22:13Z
2026-08-16T07:18:28Z,2026-08-16T09:18:28+0200,aaa9bd4d-7504-4e17-a444-f570127b5d4f,2026-07-29T16:30:00Z,2026-07-29T18:30:00+0200,9892.387,MW,NL,NL,forecast_load,Forecasted Load,2026-08-16T07:22:13Z
2026-08-16T07:18:28Z,2026-08-16T09:18:28+0200,aaa9bd4d-7504-4e17-a444-f570127b5d4f,2026-07-29T16:45:00Z,2026-07-29T18:45:00+0200,10163.258,MW,NL,NL,forecast_load,Forecasted Load,2026-08-16T07:22:13Z
2026-08-16T07:18:28Z,2026-08-16T09:18:28+0200,aaa9bd4d-7504-4e17-a444-f570127b5d4f,2026-07-29T17:00:00Z,2026-07-29T19:00:00+0200,10426.089,MW,NL,NL,forecast_load,Forecasted Load,2026-08-16T07:22:13Z
2026-08-16T07:18:28Z,2026-08-16T09:18:28+0200,aaa9bd4d-7504-4e17-a444-f570127b5d4f,2026-07-29T17:15:00Z,2026-07-29T19:15:00+0200,10553.291,MW,NL,NL,forecast_load,Forecasted Load,2026-08-16T07:22:13Z
2026-08-16T07:18:28Z,2026-08-16T09:18:28+0200,aaa9bd4d-7504-4e17-a444-f570127b5d4f,2026-07-29T17:30:00Z,2026-07-29T19:30:00+0200,10657.319,MW,NL,NL,forecast_load,Forecasted Load,2026-08-16T07:22:13Z
2026-08-16T07:18:28Z,2026-08-16T09:18:28+0200,aaa9bd4d-7504-4e17-a444-f570127b5d4f,2026-07-29T17:45:00Z,2026-07-29T19:45:00+0200,10836.634,MW,NL,NL,forecast_load,Forecasted Load,2026-08-16T07:22:13Z
2026-08-16T07:18:28Z,2026-08-16T09:18:28+0200,aaa9bd4d-7504-4e17-a444-f570127b5d4f,2026-07-29T18:00:00Z,2026-07-29T20:00:00+0200,11031.203,MW,NL,NL,forecast_load,Forecasted Load,2026-08-16T07:22:13Z
2026-08-16T07:18:28Z,2026-08-16T09:18:28+0200,aaa9bd4d-7504-4e17-a444-f570127b5d4f,2026-07-29T18:15:00Z,2026-07-29T20:15:00+0200,11243.494,MW,NL,NL,forecast_load,Forecasted Load,2026-08-16T07:22:13Z
2026-08-16T07:18:28Z,2026-08-16T09:18:28+0200,aaa9bd4d-7504-4e17-a444-f570127b5d4f,2026-07-29T18:30:00Z,2026-07-29T20:30:00+0200,11391.157,MW,NL,NL,forecast_load,Forecasted Load,2026-08-16T07:22:13Z
2026-08-16T07:18:28Z,2026-08-16T09:18:28+0200,aaa9bd4d-7504-4e17-a444-f570127b5d4f,2026-07-29T18:45:00Z,2026-07-29T20:45:00+0200,11479.326,MW,NL,NL,forecast_load,Forecasted Load,2026-08-16T07:22:13Z
2026-08-16T07:18:28Z,2026-08-16T09:18:28+0200,aaa9bd4d-7504-4e17-a444-f570127b5d4f,2026-07-29T19:00:00Z,2026-07-29T21:00:00+0200,11547.486,MW,NL,NL,forecast_load,Forecasted Load,2026-08-16T07:22:13Z
2026-08-16T07:18:28Z,2026-08-16T09:18:28+0200,aaa9bd4d-7504-4e17-a444-f570127b5d4f,2026-07-29T19:15:00Z,2026-07-29T21:15:00+0200,11611.455,MW,NL,NL,forecast_load,Forecasted Load,2026-08-16T07:22:13Z
2026-08-16T07:18:28Z,2026-08-16T09:18:28+0200,aaa9bd4d-7504-4e17-a444-f570127b5d4f,2026-07-29T19:30:00Z,2026-07-29T21:30:00+0200,11580.585,MW,NL,NL,forecast_load,Forecasted Load,2026-08-16T07:22:13Z
2026-08-16T07:18:28Z,2026-08-16T09:18:28+0200,aaa9bd4d-7504-4e17-a444-f570127b5d4f,2026-07-29T19:45:00Z,2026-07-29T21:45:00+0200,11569.583,MW,NL,NL,forecast_load,Forecasted Load,2026-08-16T07:22:13Z
2026-08-16T07:18:28Z,2026-08-16T09:18:28+0200,aaa9bd4d-7504-4e17-a444-f570127b5d4f,2026-07-29T20:00:00Z,2026-07-29T22:00:00+0200,11578.764,MW,NL,NL,forecast_load,Forecasted Load,2026-08-16T07:22:13Z
2026-08-16T07:18:28Z,2026-08-16T09:18:28+0200,aaa9bd4d-7504-4e17-a444-f570127b5d4f,2026-07-29T20:15:00Z,2026-07-29T22:15:00+0200,11513.367,MW,NL,NL,forecast_load,Forecasted Load,2026-08-16T07:22:13Z
2026-08-16T07:18:28Z,2026-08-16T09:18:28+0200,aaa9bd4d-7504-4e17-a444-f570127b5d4f,2026-07-29T20:30:00Z,2026-07-29T22:30:00+0200,11587.37,MW,NL,NL,forecast_load,Forecasted Load,2026-08-16T07:22:13Z
2026-08-16T07:18:28Z,2026-08-16T09:18:28+0200,aaa9bd4d-7504-4e17-a444-f570127b5d4f,2026-07-29T20:45:00Z,2026-07-29T22:45:00+0200,11536.37,MW,NL,NL,forecast_load,Forecasted Load,2026-08-16T07:22:13Z
2026-08-16T07:18:28Z,2026-08-16T09:18:28+0200,aaa9bd4d-7504-4e17-a444-f570127b5d4f,2026-07-29T21:00:00Z,2026-07-29T23:00:00+0200,11462.671,MW,NL,NL,forecast_load,Forecasted Load,2026-08-16T07:22:13Z
2026-08-16T07:18:28Z,2026-08-16T09:18:28+0200,aaa9bd4d-7504-4e17-a444-f570127b5d4f,2026-07-29T21:15:00Z,2026-07-29T23:15:00+0200,11362.389,MW,NL,NL,forecast_load,Forecasted Load,2026-08-16T07:22:13Z
2026-08-16T07:18:28Z,2026-08-16T09:18:28+0200,aaa9bd4d-7504-4e17-a444-f570127b5d4f,2026-07-29T21:30:00Z,2026-07-29T23:30:00+0200,11266.945,MW,NL,NL,forecast_load,Forecasted Load,2026-08-16T07:22:13Z
2026-08-16T07:18:28Z,2026-08-16T09:18:28+0200,aaa9bd4d-7504-4e17-a444-f570127b5d4f,2026-07-29T21:45:00Z,2026-07-29T23:45:00+0200,11220.166,MW,NL,NL,forecast_load,Forecasted Load,2026-08-16T07:22:13Z
2026-08-16T07:18:28Z,2026-08-16T09:18:28+0200,aaa9bd4d-7504-4e17-a444-f570127b5d4f,2026-07-29T22:00:00Z,2026-07-30T00:00:00+0200,11138.01,MW,NL,NL,forecast_load,Forecasted Load,2026-08-16T07:22:13Z
2026-08-16T07:18:28Z,2026-08-16T09:18:28+0200,aaa9bd4d-7504-4e17-a444-f570127b5d4f,2026-07-29T22:15:00Z,2026-07-30T00:15:00+0200,11009.787,MW,NL,NL,forecast_load,Forecasted Load,2026-08-16T07:22:13Z
2026-08-16T07:18:28Z,2026-08-16T09:18:28+0200,aaa9bd4d-7504-4e17-a444-f570127b5d4f,2026-07-29T22:30:00Z,2026-07-30T00:30:00+0200,10943.365,MW,NL,NL,forecast_load,Forecasted Load,2026-08-16T07:22:13Z
2026-08-16T07:18:28Z,2026-08-16T09:18:28+0200,aaa9bd4d-7504-4e17-a444-f570127b5d4f,2026-07-29T22:45:00Z,2026-07-30T00:45:00+0200,10911.795,MW,NL,NL,forecast_load,Forecasted Load,2026-08-16T07:22:13Z
2026-08-16T07:18:28Z,2026-08-16T09:18:28+0200,aaa9bd4d-7504-4e17-a444-f570127b5d4f,2026-07-29T23:00:00Z,2026-07-30T01:00:00+0200,10853.848,MW,NL,NL,forecast_load,Forecasted Load,2026-08-16T07:22:13Z
2026-08-16T07:18:28Z,2026-08-16T09:18:28+0200,aaa9bd4d-7504-4e17-a444-f570127b5d4f,2026-07-29T23:15:00Z,2026-07-30T01:15:00+0200,10759.749,MW,NL,NL,forecast_load,Forecasted Load,2026-08-16T07:22:13Z
2026-08-16T07:18:28Z,2026-08-16T09:18:28+0200,aaa9bd4d-7504-4e17-a444-f570127b5d4f,2026-07-29T23:30:00Z,2026-07-30T01:30:00+0200,10692.851,MW,NL,NL,forecast_load,Forecasted Load,2026-08-16T07:22:13Z
2026-08-16T07:18:28Z,2026-08-16T09:18:28+0200,aaa9bd4d-7504-4e17-a444-f570127b5d4f,2026-07-29T23:45:00Z,2026-07-30T01:45:00+0200,10637.0,MW,NL,NL,forecast_load,Forecasted Load,2026-08-16T07:22:13Z
2026-08-16T07:18:28Z,2026-08-16T09:18:28+0200,aaa9bd4d-7504-4e17-a444-f570127b5d4f,2026-07-30T00:00:00Z,2026-07-30T02:00:00+0200,10513.633,MW,NL,NL,forecast_load,Forecasted Load,2026-08-16T07:22:13Z
2026-08-16T07:18:28Z,2026-08-16T09:18:28+0200,aaa9bd4d-7504-4e17-a444-f570127b5d4f,2026-07-30T00:15:00Z,2026-07-30T02:15:00+0200,10414.469,MW,NL,NL,forecast_load,Forecasted Load,2026-08-16T07:22:13Z
2026-08-16T07:18:28Z,2026-08-16T09:18:28+0200,aaa9bd4d-7504-4e17-a444-f570127b5d4f,2026-07-30T00:30:00Z,2026-07-30T02:30:00+0200,10399.931,MW,NL,NL,forecast_load,Forecasted Load,2026-08-16T07:22:13Z
2026-08-16T07:18:28Z,2026-08-16T09:18:28+0200,aaa9bd4d-7504-4e17-a444-f570127b5d4f,2026-07-30T00:45:00Z,2026-07-30T02:45:00+0200,10478.173,MW,NL,NL,forecast_load,Forecasted Load,2026-08-16T07:22:13Z
2026-08-16T07:18:28Z,2026-08-16T09:18:28+0200,aaa9bd4d-7504-4e17-a444-f570127b5d4f,2026-07-30T01:00:00Z,2026-07-30T03:00:00+0200,10478.876,MW,NL,NL,forecast_load,Forecasted Load,2026-08-16T07:22:13Z
2026-08-16T07:18:28Z,2026-08-16T09:18:28+0200,aaa9bd4d-7504-4e17-a444-f570127b5d4f,2026-07-30T01:15:00Z,2026-07-30T03:15:00+0200,10439.863,MW,NL,NL,forecast_load,Forecasted Load,2026-08-16T07:22:13Z
2026-08-16T07:18:28Z,2026-08-16T09:18:28+0200,aaa9bd4d-7504-4e17-a444-f570127b5d4f,2026-07-30T01:30:00Z,2026-07-30T03:30:00+0200,10401.151,MW,NL,NL,forecast_load,Forecasted Load,2026-08-16T07:22:13Z
2026-08-16T07:18:28Z,2026-08-16T09:18:28+0200,aaa9bd4d-7504-4e17-a444-f570127b5d4f,2026-07-30T01:45:00Z,2026-07-30T03:45:00+0200,10343.762,MW,NL,NL,forecast_load,Forecasted Load,2026-08-16T07:22:13Z
2026-08-16T07:18:28Z,2026-08-16T09:18:28+0200,aaa9bd4d-7504-4e17-a444-f570127b5d4f,2026-07-30T02:00:00Z,2026-07-30T04:00:00+0200,10367.558,MW,NL,NL,forecast_load,Forecasted Load,2026-08-16T07:22:13Z
2026-08-16T07:18:28Z,2026-08-16T09:18:28+0200,aaa9bd4d-7504-4e17-a444-f570127b5d4f,2026-07-30T02:15:00Z,2026-07-30T04:15:00+0200,10387.221,MW,NL,NL,forecast_load,Forecasted Load,2026-08-16T07:22:13Z
2026-08-16T07:18:28Z,2026-08-16T09:18:28+0200,aaa9bd4d-7504-4e17-a444-f570127b5d4f,2026-07-30T02:30:00Z,2026-07-30T04:30:00+0200,10333.587,MW,NL,NL,forecast_load,Forecasted Load,2026-08-16T07:22:13Z
2026-08-16T07:18:28Z,2026-08-16T09:18:28+0200,aaa9bd4d-7504-4e17-a444-f570127b5d4f,2026-07-30T02:45:00Z,2026-07-30T04:45:00+0200,10310.171,MW,NL,NL,forecast_load,Forecasted Load,2026-08-16T07:22:13Z
2026-08-16T07:18:28Z,2026-08-16T09:18:28+0200,aaa9bd4d-7504-4e17-a444-f570127b5d4f,2026-07-30T03:00:00Z,2026-07-30T05:00:00+0200,10340.868,MW,NL,NL,forecast_load,Forecasted Load,2026-08-16T07:22:13Z
2026-08-16T07:18:28Z,2026-08-16T09:18:28+0200,aaa9bd4d-7504-4e17-a444-f570127b5d4f,2026-07-30T03:15:00Z,2026-07-30T05:15:00+0200,10495.019,MW,NL,NL,forecast_load,Forecasted Load,2026-08-16T07:22:13Z
2026-08-16T07:18:28Z,2026-08-16T09:18:28+0200,aaa9bd4d-7504-4e17-a444-f570127b5d4f,2026-07-30T03:30:00Z,2026-07-30T05:30:00+0200,10477.763,MW,NL,NL,forecast_load,Forecasted Load,2026-08-16T07:22:13Z
2026-08-16T07:18:28Z,2026-08-16T09:18:28+0200,aaa9bd4d-7504-4e17-a444-f570127b5d4f,2026-07-30T03:45:00Z,2026-07-30T05:45:00+0200,10520.808,MW,NL,NL,forecast_load,Forecasted Load,2026-08-16T07:22:13Z
2026-08-16T07:18:28Z,2026-08-16T09:18:28+0200,aaa9bd4d-7504-4e17-a444-f570127b5d4f,2026-07-30T04:00:00Z,2026-07-30T06:00:00+0200,10552.034,MW,NL,NL,forecast_load,Forecasted Load,2026-08-16T07:22:13Z
2026-08-16T07:18:28Z,2026-08-16T09:18:28+0200,aaa9bd4d-7504-4e17-a444-f570127b5d4f,2026-07-30T04:15:00Z,2026-07-30T06:15:00+0200,10585.657,MW,NL,NL,forecast_load,Forecasted Load,2026-08-16T07:22:13Z
2026-08-16T07:18:28Z,2026-08-16T09:18:28+0200,aaa9bd4d-7504-4e17-a444-f570127b5d4f,2026-07-30T04:30:00Z,2026-07-30T06:30:00+0200,10586.822,MW,NL,NL,forecast_load,Forecasted Load,2026-08-16T07:22:13Z
2026-08-16T07:18:28Z,2026-08-16T09:18:28+0200,aaa9bd4d-7504-4e17-a444-f570127b5d4f,2026-07-30T04:45:00Z,2026-07-30T06:45:00+0200,10719.124,MW,NL,NL,forecast_load,Forecasted Load,2026-08-16T07:22:13Z
2026-08-16T07:18:28Z,2026-08-16T09:18:28+0200,aaa9bd4d-7504-4e17-a444-f570127b5d4f,2026-07-30T05:00:00Z,2026-07-30T07:00:00+0200,10881.44,MW,NL,NL,forecast_load,Forecasted Load,2026-08-16T07:22:13Z
2026-08-16T07:18:28Z,2026-08-16T09:18:28+0200,aaa9bd4d-7504-4e17-a444-f570127b5d4f,2026-07-30T05:15:00Z,2026-07-30T07:15:00+0200,10918.753,MW,NL,NL,forecast_load,Forecasted Load,2026-08-16T07:22:13Z
2026-08-16T07:18:28Z,2026-08-16T09:18:28+0200,aaa9bd4d-7504-4e17-a444-f570127b5d4f,2026-07-30T05:30:00Z,2026-07-30T07:30:00+0200,10915.253,MW,NL,NL,forecast_load,Forecasted Load,2026-08-16T07:22:13Z
2026-08-16T07:18:28Z,2026-08-16T09:18:28+0200,aaa9bd4d-7504-4e17-a444-f570127b5d4f,2026-07-30T05:45:00Z,2026-07-30T07:45:00+0200,11018.676,MW,NL,NL,forecast_load,Forecasted Load,2026-08-16T07:22:13Z
2026-08-16T07:18:28Z,2026-08-16T09:18:28+0200,aaa9bd4d-7504-4e17-a444-f570127b5d4f,2026-07-30T06:00:00Z,2026-07-30T08:00:00+0200,11144.345,MW,NL,NL,forecast_load,Forecasted Load,2026-08-16T07:22:13Z
2026-08-16T07:18:28Z,2026-08-16T09:18:28+0200,aaa9bd4d-7504-4e17-a444-f570127b5d4f,2026-07-30T06:15:00Z,2026-07-30T08:15:00+0200,10980.762,MW,NL,NL,forecast_load,Forecasted Load,2026-08-16T07:22:13Z
2026-08-16T07:18:28Z,2026-08-16T09:18:28+0200,aaa9bd4d-7504-4e17-a444-f570127b5d4f,2026-07-30T06:30:00Z,2026-07-30T08:30:00+0200,10912.753,MW,NL,NL,forecast_load,Forecasted Load,2026-08-16T07:22:13Z
2026-08-16T07:18:28Z,2026-08-16T09:18:28+0200,aaa9bd4d-7504-4e17-a444-f570127b5d4f,2026-07-30T06:45:00Z,2026-07-30T08:45:00+0200,10731.948,MW,NL,NL,forecast_load,Forecasted Load,2026-08-16T07:22:13Z
2026-08-16T07:18:28Z,2026-08-16T09:18:28+0200,aaa9bd4d-7504-4e17-a444-f570127b5d4f,2026-07-30T07:00:00Z,2026-07-30T09:00:00+0200,10563.178,MW,NL,NL,forecast_load,Forecasted Load,2026-08-16T07:22:13Z
2026-08-16T07:18:28Z,2026-08-16T09:18:28+0200,aaa9bd4d-7504-4e17-a444-f570127b5d4f,2026-07-30T07:15:00Z,2026-07-30T09:15:00+0200,10421.282,MW,NL,NL,forecast_load,Forecasted Load,2026-08-16T07:22:13Z
2026-08-16T07:18:28Z,2026-08-16T09:18:28+0200,aaa9bd4d-7504-4e17-a444-f570127b5d4f,2026-07-30T07:30:00Z,2026-07-30T09:30:00+0200,10430.635,MW,NL,NL,forecast_load,Forecasted Load,2026-08-16T07:22:13Z
2026-08-16T07:18:28Z,2026-08-16T09:18:28+0200,aaa9bd4d-7504-4e17-a444-f570127b5d4f,2026-07-30T07:45:00Z,2026-07-30T09:45:00+0200,10347.278,MW,NL,NL,forecast_load,Forecasted Load,2026-08-16T07:22:13Z
2026-08-16T07:18:28Z,2026-08-16T09:18:28+0200,aaa9bd4d-7504-4e17-a444-f570127b5d4f,2026-07-30T08:00:00Z,2026-07-30T10:00:00+0200,10161.631,MW,NL,NL,forecast_load,Forecasted Load,2026-08-16T07:22:13Z
2026-08-16T07:18:28Z,2026-08-16T09:18:28+0200,aaa9bd4d-7504-4e17-a444-f570127b5d4f,2026-07-30T08:15:00Z,2026-07-30T10:15:00+0200,10023.443,MW,NL,NL,forecast_load,Forecasted Load,2026-08-16T07:22:13Z
2026-08-16T07:18:28Z,2026-08-16T09:18:28+0200,aaa9bd4d-7504-4e17-a444-f570127b5d4f,2026-07-30T08:30:00Z,2026-07-30T10:30:00+0200,9792.51,MW,NL,NL,forecast_load,Forecasted Load,2026-08-16T07:22:13Z
2026-08-16T07:18:28Z,2026-08-16T09:18:28+0200,aaa9bd4d-7504-4e17-a444-f570127b5d4f,2026-07-30T08:45:00Z,2026-07-30T10:45:00+0200,9786.834,MW,NL,NL,forecast_load,Forecasted Load,2026-08-16T07:22:13Z
2026-08-16T07:18:28Z,2026-08-16T09:18:28+0200,aaa9bd4d-7504-4e17-a444-f570127b5d4f,2026-07-30T09:00:00Z,2026-07-30T11:00:00+0200,9684.952,MW,NL,NL,forecast_load,Forecasted Load,2026-08-16T07:22:13Z
2026-08-16T07:18:28Z,2026-08-16T09:18:28+0200,aaa9bd4d-7504-4e17-a444-f570127b5d4f,2026-07-30T09:15:00Z,2026-07-30T11:15:00+0200,9417.67,MW,NL,NL,forecast_load,Forecasted Load,2026-08-16T07:22:13Z
2026-08-16T07:18:28Z,2026-08-16T09:18:28+0200,aaa9bd4d-7504-4e17-a444-f570127b5d4f,2026-07-30T09:30:00Z,2026-07-30T11:30:00+0200,9216.379,MW,NL,NL,forecast_load,Forecasted Load,2026-08-16T07:22:13Z
2026-08-16T07:18:28Z,2026-08-16T09:18:28+0200,aaa9bd4d-7504-4e17-a444-f570127b5d4f,2026-07-30T09:45:00Z,2026-07-30T11:45:00+0200,8972.07,MW,NL,NL,forecast_load,Forecasted Load,2026-08-16T07:22:13Z
2026-08-16T07:18:28Z,2026-08-16T09:18:28+0200,aaa9bd4d-7504-4e17-a444-f570127b5d4f,2026-07-30T10:00:00Z,2026-07-30T12:00:00+0200,8819.646,MW,NL,NL,forecast_load,Forecasted Load,2026-08-16T07:22:13Z
2026-08-16T07:18:28Z,2026-08-16T09:18:28+0200,aaa9bd4d-7504-4e17-a444-f570127b5d4f,2026-07-30T10:15:00Z,2026-07-30T12:15:00+0200,8671.649,MW,NL,NL,forecast_load,Forecasted Load,2026-08-16T07:22:13Z
2026-08-16T07:18:28Z,2026-08-16T09:18:28+0200,aaa9bd4d-7504-4e17-a444-f570127b5d4f,2026-07-30T10:30:00Z,2026-07-30T12:30:00+0200,8636.52,MW,NL,NL,forecast_load,Forecasted Load,2026-08-16T07:22:13Z
2026-08-16T07:18:28Z,2026-08-16T09:18:28+0200,aaa9bd4d-7504-4e17-a444-f570127b5d4f,2026-07-30T10:45:00Z,2026-07-30T12:45:00+0200,8608.353,MW,NL,NL,forecast_load,Forecasted Load,2026-08-16T07:22:13Z
2026-08-16T07:18:28Z,2026-08-16T09:18:28+0200,aaa9bd4d-7504-4e17-a444-f570127b5d4f,2026-07-30T11:00:00Z,2026-07-30T13:00:00+0200,8505.336,MW,NL,NL,forecast_load,Forecasted Load,2026-08-16T07:22:13Z
2026-08-16T07:18:28Z,2026-08-16T09:18:28+0200,aaa9bd4d-7504-4e17-a444-f570127b5d4f,2026-07-30T11:15:00Z,2026-07-30T13:15:00+0200,8534.612,MW,NL,NL,forecast_load,Forecasted Load,2026-08-16T07:22:13Z
2026-08-16T07:18:28Z,2026-08-16T09:18:28+0200,aaa9bd4d-7504-4e17-a444-f570127b5d4f,2026-07-30T11:30:00Z,2026-07-30T13:30:00+0200,8631.441,MW,NL,NL,forecast_load,Forecasted Load,2026-08-16T07:22:13Z
2026-08-16T07:18:28Z,2026-08-16T09:18:28+0200,aaa9bd4d-7504-4e17-a444-f570127b5d4f,2026-07-30T11:45:00Z,2026-07-30T13:45:00+0200,8585.788,MW,NL,NL,forecast_load,Forecasted Load,2026-08-16T07:22:13Z
2026-08-16T07:18:28Z,2026-08-16T09:18:28+0200,aaa9bd4d-7504-4e17-a444-f570127b5d4f,2026-07-30T12:00:00Z,2026-07-30T14:00:00+0200,8634.949,MW,NL,NL,forecast_load,Forecasted Load,2026-08-16T07:22:13Z
2026-08-16T07:18:28Z,2026-08-16T09:18:28+0200,aaa9bd4d-7504-4e17-a444-f570127b5d4f,2026-07-30T12:15:00Z,2026-07-30T14:15:00+0200,8677.576,MW,NL,NL,forecast_load,Forecasted Load,2026-08-16T07:22:13Z
2026-08-16T07:18:28Z,2026-08-16T09:18:28+0200,aaa9bd4d-7504-4e17-a444-f570127b5d4f,2026-07-30T12:30:00Z,2026-07-30T14:30:00+0200,8604.087,MW,NL,NL,forecast_load,Forecasted Load,2026-08-16T07:22:13Z
2026-08-16T07:18:28Z,2026-08-16T09:18:28+0200,aaa9bd4d-7504-4e17-a444-f570127b5d4f,2026-07-30T12:45:00Z,2026-07-30T14:45:00+0200,8383.922,MW,NL,NL,forecast_load,Forecasted Load,2026-08-16T07:22:13Z
2026-08-16T07:18:28Z,2026-08-16T09:18:28+0200,aaa9bd4d-7504-4e17-a444-f570127b5d4f,2026-07-30T13:00:00Z,2026-07-30T15:00:00+0200,8415.447,MW,NL,NL,forecast_load,Forecasted Load,2026-08-16T07:22:13Z
2026-08-16T07:18:28Z,2026-08-16T09:18:28+0200,aaa9bd4d-7504-4e17-a444-f570127b5d4f,2026-07-30T13:15:00Z,2026-07-30T15:15:00+0200,8425.715,MW,NL,NL,forecast_load,Forecasted Load,2026-08-16T07:22:13Z
2026-08-16T07:18:28Z,2026-08-16T09:18:28+0200,aaa9bd4d-7504-4e17-a444-f570127b5d4f,2026-07-30T13:30:00Z,2026-07-30T15:30:00+0200,8619.837,MW,NL,NL,forecast_load,Forecasted Load,2026-08-16T07:22:13Z
2026-08-16T07:18:28Z,2026-08-16T09:18:28+0200,aaa9bd4d-7504-4e17-a444-f570127b5d4f,2026-07-30T13:45:00Z,2026-07-30T15:45:00+0200,8711.153,MW,NL,NL,forecast_load,Forecasted Load,2026-08-16T07:22:13Z
2026-08-16T07:18:28Z,2026-08-16T09:18:28+0200,aaa9bd4d-7504-4e17-a444-f570127b5d4f,2026-07-30T14:00:00Z,2026-07-30T16:00:00+0200,8701.565,MW,NL,NL,forecast_load,Forecasted Load,2026-08-16T07:22:13Z
2026-08-16T07:18:28Z,2026-08-16T09:18:28+0200,aaa9bd4d-7504-4e17-a444-f570127b5d4f,2026-07-30T14:15:00Z,2026-07-30T16:15:00+0200,8697.287,MW,NL,NL,forecast_load,Forecasted Load,2026-08-16T07:22:13Z
2026-08-16T07:18:28Z,2026-08-16T09:18:28+0200,aaa9bd4d-7504-4e17-a444-f570127b5d4f,2026-07-30T14:30:00Z,2026-07-30T16:30:00+0200,8930.715,MW,NL,NL,forecast_load,Forecasted Load,2026-08-16T07:22:13Z
2026-08-16T07:18:28Z,2026-08-16T09:18:28+0200,aaa9bd4d-7504-4e17-a444-f570127b5d4f,2026-07-30T14:45:00Z,2026-07-30T16:45:00+0200,9146.773,MW,NL,NL,forecast_load,Forecasted Load,2026-08-16T07:22:13Z
2026-08-16T07:18:28Z,2026-08-16T09:18:28+0200,aaa9bd4d-7504-4e17-a444-f570127b5d4f,2026-07-30T15:00:00Z,2026-07-30T17:00:00+0200,9359.275,MW,NL,NL,forecast_load,Forecasted Load,2026-08-16T07:22:13Z
2026-08-16T07:18:28Z,2026-08-16T09:18:28+0200,aaa9bd4d-7504-4e17-a444-f570127b5d4f,2026-07-30T15:15:00Z,2026-07-30T17:15:00+0200,9581.545,MW,NL,NL,forecast_load,Forecasted Load,2026-08-16T07:22:13Z
2026-08-16T07:18:28Z,2026-08-16T09:18:28+0200,aaa9bd4d-7504-4e17-a444-f570127b5d4f,2026-07-30T15:30:00Z,2026-07-30T17:30:00+0200,9839.579,MW,NL,NL,forecast_load,Forecasted Load,2026-08-16T07:22:13Z
2026-08-16T07:18:28Z,2026-08-16T09:18:28+0200,aaa9bd4d-7504-4e17-a444-f570127b5d4f,2026-07-30T15:45:00Z,2026-07-30T17:45:00+0200,10192.198,MW,NL,NL,forecast_load,Forecasted Load,2026-08-16T07:22:13Z
2026-08-16T07:18:28Z,2026-08-16T09:18:28+0200,aaa9bd4d-7504-4e17-a444-f570127b5d4f,2026-07-30T16:00:00Z,2026-07-30T18:00:00+0200,10402.65,MW,NL,NL,forecast_load,Forecasted Load,2026-08-16T07:22:13Z
2026-08-16T07:18:28Z,2026-08-16T09:18:28+0200,aaa9bd4d-7504-4e17-a444-f570127b5d4f,2026-07-30T16:15:00Z,2026-07-30T18:15:00+0200,10642.309,MW,NL,NL,forecast_load,Forecasted Load,2026-08-16T07:22:13Z
2026-08-16T07:18:28Z,2026-08-16T09:18:28+0200,aaa9bd4d-7504-4e17-a444-f570127b5d4f,2026-07-30T16:30:00Z,2026-07-30T18:30:00+0200,10909.9,MW,NL,NL,forecast_load,Forecasted Load,2026-08-16T07:22:13Z
2026-08-16T07:18:28Z,2026-08-16T09:18:28+0200,aaa9bd4d-7504-4e17-a444-f570127b5d4f,2026-07-30T16:45:00Z,2026-07-30T18:45:00+0200,11052.116,MW,NL,NL,forecast_load,Forecasted Load,2026-08-16T07:22:13Z
2026-08-16T07:18:28Z,2026-08-16T09:18:28+0200,aaa9bd4d-7504-4e17-a444-f570127b5d4f,2026-07-30T17:00:00Z,2026-07-30T19:00:00+0200,11081.284,MW,NL,NL,forecast_load,Forecasted Load,2026-08-16T07:22:13Z
2026-08-16T07:18:28Z,2026-08-16T09:18:28+0200,aaa9bd4d-7504-4e17-a444-f570127b5d4f,2026-07-30T17:15:00Z,2026-07-30T19:15:00+0200,11139.985,MW,NL,NL,forecast_load,Forecasted Load,2026-08-16T07:22:13Z
2026-08-16T07:18:28Z,2026-08-16T09:18:28+0200,aaa9bd4d-7504-4e17-a444-f570127b5d4f,2026-07-30T17:30:00Z,2026-07-30T19:30:00+0200,11232.944,MW,NL,NL,forecast_load,Forecasted Load,2026-08-16T07:22:13Z
2026-08-16T07:18:28Z,2026-08-16T09:18:28+0200,aaa9bd4d-7504-4e17-a444-f570127b5d4f,2026-07-30T17:45:00Z,2026-07-30T19:45:00+0200,11393.116,MW,NL,NL,forecast_load,Forecasted Load,2026-08-16T07:22:13Z
2026-08-16T07:18:28Z,2026-08-16T09:18:28+0200,aaa9bd4d-7504-4e17-a444-f570127b5d4f,2026-07-30T18:00:00Z,2026-07-30T20:00:00+0200,11520.879,MW,NL,NL,forecast_load,Forecasted Load,2026-08-16T07:22:13Z
2026-08-16T07:18:28Z,2026-08-16T09:18:28+0200,aaa9bd4d-7504-4e17-a444-f570127b5d4f,2026-07-30T18:15:00Z,2026-07-30T20:15:00+0200,11719.868,MW,NL,NL,forecast_load,Forecasted Load,2026-08-16T07:22:13Z
2026-08-16T07:18:28Z,2026-08-16T09:18:28+0200,aaa9bd4d-7504-4e17-a444-f570127b5d4f,2026-07-30T18:30:00Z,2026-07-30T20:30:00+0200,12016.69,MW,NL,NL,forecast_load,Forecasted Load,2026-08-16T07:22:13Z
2026-08-16T07:18:28Z,2026-08-16T09:18:28+0200,aaa9bd4d-7504-4e17-a444-f570127b5d4f,2026-07-30T18:45:00Z,2026-07-30T20:45:00+0200,12168.734,MW,NL,NL,forecast_load,Forecasted Load,2026-08-16T07:22:13Z
2026-08-16T07:18:28Z,2026-08-16T09:18:28+0200,aaa9bd4d-7504-4e17-a444-f570127b5d4f,2026-07-30T19:00:00Z,2026-07-30T21:00:00+0200,12331.388,MW,NL,NL,forecast_load,Forecasted Load,2026-08-16T07:22:13Z
2026-08-16T07:18:28Z,2026-08-16T09:18:28+0200,aaa9bd4d-7504-4e17-a444-f570127b5d4f,2026-07-30T19:15:00Z,2026-07-30T21:15:00+0200,12428.823,MW,NL,NL,forecast_load,Forecasted Load,2026-08-16T07:22:13Z
2026-08-16T07:18:28Z,2026-08-16T09:18:28+0200,aaa9bd4d-7504-4e17-a444-f570127b5d4f,2026-07-30T19:30:00Z,2026-07-30T21:30:00+0200,12539.629,MW,NL,NL,forecast_load,Forecasted Load,2026-08-16T07:22:13Z
2026-08-16T07:18:28Z,2026-08-16T09:18:28+0200,aaa9bd4d-7504-4e17-a444-f570127b5d4f,2026-07-30T19:45:00Z,2026-07-30T21:45:00+0200,12539.085,MW,NL,NL,forecast_load,Forecasted Load,2026-08-16T07:22:13Z
2026-08-16T07:18:28Z,2026-08-16T09:18:28+0200,aaa9bd4d-7504-4e17-a444-f570127b5d4f,2026-07-30T20:00:00Z,2026-07-30T22:00:00+0200,12646.258,MW,NL,NL,forecast_load,Forecasted Load,2026-08-16T07:22:13Z
2026-08-16T07:18:28Z,2026-08-16T09:18:28+0200,aaa9bd4d-7504-4e17-a444-f570127b5d4f,2026-07-30T20:15:00Z,2026-07-30T22:15:00+0200,12631.296,MW,NL,NL,forecast_load,Forecasted Load,2026-08-16T07:22:13Z
2026-08-16T07:18:28Z,2026-08-16T09:18:28+0200,aaa9bd4d-7504-4e17-a444-f570127b5d4f,2026-07-30T20:30:00Z,2026-07-30T22:30:00+0200,12579.505,MW,NL,NL,forecast_load,Forecasted Load,2026-08-16T07:22:13Z
2026-08-16T07:18:28Z,2026-08-16T09:18:28+0200,aaa9bd4d-7504-4e17-a444-f570127b5d4f,2026-07-30T20:45:00Z,2026-07-30T22:45:00+0200,12510.27,MW,NL,NL,forecast_load,Forecasted Load,2026-08-16T07:22:13Z
2026-08-16T07:18:28Z,2026-08-16T09:18:28+0200,aaa9bd4d-7504-4e17-a444-f570127b5d4f,2026-07-30T21:00:00Z,2026-07-30T23:00:00+0200,12404.676,MW,NL,NL,forecast_load,Forecasted Load,2026-08-16T07:22:13Z
2026-08-16T07:18:28Z,2026-08-16T09:18:28+0200,aaa9bd4d-7504-4e17-a444-f570127b5d4f,2026-07-30T21:15:00Z,2026-07-30T23:15:00+0200,12345.135,MW,NL,NL,forecast_load,Forecasted Load,2026-08-16T07:22:13Z
2026-08-16T07:18:28Z,2026-08-16T09:18:28+0200,aaa9bd4d-7504-4e17-a444-f570127b5d4f,2026-07-30T21:30:00Z,2026-07-30T23:30:00+0200,12250.212,MW,NL,NL,forecast_load,Forecasted Load,2026-08-16T07:22:13Z
2026-08-16T07:18:28Z,2026-08-16T09:18:28+0200,aaa9bd4d-7504-4e17-a444-f570127b5d4f,2026-07-30T21:45:00Z,2026-07-30T23:45:00+0200,12211.031,MW,NL,NL,forecast_load,Forecasted Load,2026-08-16T07:22:13Z
2026-08-16T07:18:28Z,2026-08-16T09:18:28+0200,aaa9bd4d-7504-4e17-a444-f570127b5d4f,2026-07-30T22:00:00Z,2026-07-31T00:00:00+0200,12061.116,MW,NL,NL,forecast_load,Forecasted Load,2026-08-16T07:22:13Z
2026-08-16T07:18:28Z,2026-08-16T09:18:28+0200,aaa9bd4d-7504-4e17-a444-f570127b5d4f,2026-07-30T22:15:00Z,2026-07-31T00:15:00+0200,12058.476,MW,NL,NL,forecast_load,Forecasted Load,2026-08-16T07:22:13Z
2026-08-16T07:18:28Z,2026-08-16T09:18:28+0200,aaa9bd4d-7504-4e17-a444-f570127b5d4f,2026-07-30T22:30:00Z,2026-07-31T00:30:00+0200,11952.237,MW,NL,NL,forecast_load,Forecasted Load,2026-08-16T07:22:13Z
2026-08-16T07:18:28Z,2026-08-16T09:18:28+0200,aaa9bd4d-7504-4e17-a444-f570127b5d4f,2026-07-30T22:45:00Z,2026-07-31T00:45:00+0200,11800.638,MW,NL,NL,forecast_load,Forecasted Load,2026-08-16T07:22:13Z
2026-08-16T07:18:28Z,2026-08-16T09:18:28+0200,aaa9bd4d-7504-4e17-a444-f570127b5d4f,2026-07-30T23:00:00Z,2026-07-31T01:00:00+0200,11770.894,MW,NL,NL,forecast_load,Forecasted Load,2026-08-16T07:22:13Z
2026-08-16T07:18:28Z,2026-08-16T09:18:28+0200,aaa9bd4d-7504-4e17-a444-f570127b5d4f,2026-07-30T23:15:00Z,2026-07-31T01:15:00+0200,11713.387,MW,NL,NL,forecast_load,Forecasted Load,2026-08-16T07:22:13Z
2026-08-16T07:18:28Z,2026-08-16T09:18:28+0200,aaa9bd4d-7504-4e17-a444-f570127b5d4f,2026-07-30T23:30:00Z,2026-07-31T01:30:00+0200,11658.626,MW,NL,NL,forecast_load,Forecasted Load,2026-08-16T07:22:13Z
2026-08-16T07:18:28Z,2026-08-16T09:18:28+0200,aaa9bd4d-7504-4e17-a444-f570127b5d4f,2026-07-30T23:45:00Z,2026-07-31T01:45:00+0200,11600.797,MW,NL,NL,forecast_load,Forecasted Load,2026-08-16T07:22:13Z
2026-08-16T07:18:28Z,2026-08-16T09:18:28+0200,aaa9bd4d-7504-4e17-a444-f570127b5d4f,2026-07-31T00:00:00Z,2026-07-31T02:00:00+0200,11611.792,MW,NL,NL,forecast_load,Forecasted Load,2026-08-16T07:22:13Z
2026-08-16T07:18:28Z,2026-08-16T09:18:28+0200,aaa9bd4d-7504-4e17-a444-f570127b5d4f,2026-07-31T00:15:00Z,2026-07-31T02:15:00+0200,11595.344,MW,NL,NL,forecast_load,Forecasted Load,2026-08-16T07:22:13Z
2026-08-16T07:18:28Z,2026-08-16T09:18:28+0200,aaa9bd4d-7504-4e17-a444-f570127b5d4f,2026-07-31T00:30:00Z,2026-07-31T02:30:00+0200,11491.127,MW,NL,NL,forecast_load,Forecasted Load,2026-08-16T07:22:13Z
2026-08-16T07:18:28Z,2026-08-16T09:18:28+0200,aaa9bd4d-7504-4e17-a444-f570127b5d4f,2026-07-31T00:45:00Z,2026-07-31T02:45:00+0200,11427.396,MW,NL,NL,forecast_load,Forecasted Load,2026-08-16T07:22:13Z
2026-08-16T07:18:28Z,2026-08-16T09:18:28+0200,aaa9bd4d-7504-4e17-a444-f570127b5d4f,2026-07-31T01:00:00Z,2026-07-31T03:00:00+0200,11450.738,MW,NL,NL,forecast_load,Forecasted Load,2026-08-16T07:22:13Z
2026-08-16T07:18:28Z,2026-08-16T09:18:28+0200,aaa9bd4d-7504-4e17-a444-f570127b5d4f,2026-07-31T01:15:00Z,2026-07-31T03:15:00+0200,11421.252,MW,NL,NL,forecast_load,Forecasted Load,2026-08-16T07:22:13Z
2026-08-16T07:18:28Z,2026-08-16T09:18:28+0200,aaa9bd4d-7504-4e17-a444-f570127b5d4f,2026-07-31T01:30:00Z,2026-07-31T03:30:00+0200,11370.461,MW,NL,NL,forecast_load,Forecasted Load,2026-08-16T07:22:13Z
2026-08-16T07:18:28Z,2026-08-16T09:18:28+0200,aaa9bd4d-7504-4e17-a444-f570127b5d4f,2026-07-31T01:45:00Z,2026-07-31T03:45:00+0200,11358.153,MW,NL,NL,forecast_load,Forecasted Load,2026-08-16T07:22:13Z
2026-08-16T07:18:28Z,2026-08-16T09:18:28+0200,aaa9bd4d-7504-4e17-a444-f570127b5d4f,2026-07-31T02:00:00Z,2026-07-31T04:00:00+0200,11354.746,MW,NL,NL,forecast_load,Forecasted Load,2026-08-16T07:22:13Z
2026-08-16T07:18:28Z,2026-08-16T09:18:28+0200,aaa9bd4d-7504-4e17-a444-f570127b5d4f,2026-07-31T02:15:00Z,2026-07-31T04:15:00+0200,11349.554,MW,NL,NL,forecast_load,Forecasted Load,2026-08-16T07:22:13Z
2026-08-16T07:18:28Z,2026-08-16T09:18:28+0200,aaa9bd4d-7504-4e17-a444-f570127b5d4f,2026-07-31T02:30:00Z,2026-07-31T04:30:00+0200,11333.559,MW,NL,NL,forecast_load,Forecasted Load,2026-08-16T07:22:13Z
2026-08-16T07:18:28Z,2026-08-16T09:18:28+0200,aaa9bd4d-7504-4e17-a444-f570127b5d4f,2026-07-31T02:45:00Z,2026-07-31T04:45:00+0200,11280.395,MW,NL,NL,forecast_load,Forecasted Load,2026-08-16T07:22:13Z
2026-08-16T07:18:28Z,2026-08-16T09:18:28+0200,aaa9bd4d-7504-4e17-a444-f570127b5d4f,2026-07-31T03:00:00Z,2026-07-31T05:00:00+0200,11237.691,MW,NL,NL,forecast_load,Forecasted Load,2026-08-16T07:22:13Z
2026-08-16T07:18:28Z,2026-08-16T09:18:28+0200,aaa9bd4d-7504-4e17-a444-f570127b5d4f,2026-07-31T03:15:00Z,2026-07-31T05:15:00+0200,11221.071,MW,NL,NL,forecast_load,Forecasted Load,2026-08-16T07:22:13Z
2026-08-16T07:18:28Z,2026-08-16T09:18:28+0200,aaa9bd4d-7504-4e17-a444-f570127b5d4f,2026-07-31T03:30:00Z,2026-07-31T05:30:00+0200,11175.036,MW,NL,NL,forecast_load,Forecasted Load,2026-08-16T07:22:13Z
2026-08-16T07:18:28Z,2026-08-16T09:18:28+0200,aaa9bd4d-7504-4e17-a444-f570127b5d4f,2026-07-31T03:45:00Z,2026-07-31T05:45:00+0200,11242.865,MW,NL,NL,forecast_load,Forecasted Load,2026-08-16T07:22:13Z
2026-08-16T07:18:28Z,2026-08-16T09:18:28+0200,aaa9bd4d-7504-4e17-a444-f570127b5d4f,2026-07-31T04:00:00Z,2026-07-31T06:00:00+0200,11309.693,MW,NL,NL,forecast_load,Forecasted Load,2026-08-16T07:22:13Z
2026-08-16T07:18:28Z,2026-08-16T09:18:28+0200,aaa9bd4d-7504-4e17-a444-f570127b5d4f,2026-07-31T04:15:00Z,2026-07-31T06:15:00+0200,11365.842,MW,NL,NL,forecast_load,Forecasted Load,2026-08-16T07:22:13Z
2026-08-16T07:18:28Z,2026-08-16T09:18:28+0200,aaa9bd4d-7504-4e17-a444-f570127b5d4f,2026-07-31T04:30:00Z,2026-07-31T06:30:00+0200,11335.112,MW,NL,NL,forecast_load,Forecasted Load,2026-08-16T07:22:13Z
2026-08-16T07:18:28Z,2026-08-16T09:18:28+0200,aaa9bd4d-7504-4e17-a444-f570127b5d4f,2026-07-31T04:45:00Z,2026-07-31T06:45:00+0200,11389.887,MW,NL,NL,forecast_load,Forecasted Load,2026-08-16T07:22:13Z
2026-08-16T07:18:28Z,2026-08-16T09:18:28+0200,aaa9bd4d-7504-4e17-a444-f570127b5d4f,2026-07-31T05:00:00Z,2026-07-31T07:00:00+0200,11444.806,MW,NL,NL,forecast_load,Forecasted Load,2026-08-16T07:22:13Z
2026-08-16T07:18:28Z,2026-08-16T09:18:28+0200,aaa9bd4d-7504-4e17-a444-f570127b5d4f,2026-07-31T05:15:00Z,2026-07-31T07:15:00+0200,11307.968,MW,NL,NL,forecast_load,Forecasted Load,2026-08-16T07:22:13Z
2026-08-16T07:18:28Z,2026-08-16T09:18:28+0200,aaa9bd4d-7504-4e17-a444-f570127b5d4f,2026-07-31T05:30:00Z,2026-07-31T07:30:00+0200,11394.574,MW,NL,NL,forecast_load,Forecasted Load,2026-08-16T07:22:13Z
2026-08-16T07:18:28Z,2026-08-16T09:18:28+0200,aaa9bd4d-7504-4e17-a444-f570127b5d4f,2026-07-31T05:45:00Z,2026-07-31T07:45:00+0200,11441.343,MW,NL,NL,forecast_load,Forecasted Load,2026-08-16T07:22:13Z
2026-08-16T07:18:28Z,2026-08-16T09:18:28+0200,aaa9bd4d-7504-4e17-a444-f570127b5d4f,2026-07-31T06:00:00Z,2026-07-31T08:00:00+0200,11519.465,MW,NL,NL,forecast_load,Forecasted Load,2026-08-16T07:22:13Z
2026-08-16T07:18:28Z,2026-08-16T09:18:28+0200,aaa9bd4d-7504-4e17-a444-f570127b5d4f,2026-07-31T06:15:00Z,2026-07-31T08:15:00+0200,11296.385,MW,NL,NL,forecast_load,Forecasted Load,2026-08-16T07:22:13Z
2026-08-16T07:18:28Z,2026-08-16T09:18:28+0200,aaa9bd4d-7504-4e17-a444-f570127b5d4f,2026-07-31T06:30:00Z,2026-07-31T08:30:00+0200,11152.351,MW,NL,NL,forecast_load,Forecasted Load,2026-08-16T07:22:13Z
2026-08-16T07:18:28Z,2026-08-16T09:18:28+0200,aaa9bd4d-7504-4e17-a444-f570127b5d4f,2026-07-31T06:45:00Z,2026-07-31T08:45:00+0200,11027.657,MW,NL,NL,forecast_load,Forecasted Load,2026-08-16T07:22:13Z
2026-08-16T07:18:28Z,2026-08-16T09:18:28+0200,aaa9bd4d-7504-4e17-a444-f570127b5d4f,2026-07-31T07:00:00Z,2026-07-31T09:00:00+0200,10823.023,MW,NL,NL,forecast_load,Forecasted Load,2026-08-16T07:22:13Z
2026-08-16T07:18:28Z,2026-08-16T09:18:28+0200,aaa9bd4d-7504-4e17-a444-f570127b5d4f,2026-07-31T07:15:00Z,2026-07-31T09:15:00+0200,10701.621,MW,NL,NL,forecast_load,Forecasted Load,2026-08-16T07:22:13Z
2026-08-16T07:18:28Z,2026-08-16T09:18:28+0200,aaa9bd4d-7504-4e17-a444-f570127b5d4f,2026-07-31T07:30:00Z,2026-07-31T09:30:00+0200,10559.805,MW,NL,NL,forecast_load,Forecasted Load,2026-08-16T07:22:13Z
2026-08-16T07:18:28Z,2026-08-16T09:18:28+0200,aaa9bd4d-7504-4e17-a444-f570127b5d4f,2026-07-31T07:45:00Z,2026-07-31T09:45:00+0200,10410.696,MW,NL,NL,forecast_load,Forecasted Load,2026-08-16T07:22:13Z
2026-08-16T07:18:28Z,2026-08-16T09:18:28+0200,aaa9bd4d-7504-4e17-a444-f570127b5d4f,2026-07-31T08:00:00Z,2026-07-31T10:00:00+0200,10286.02,MW,NL,NL,forecast_load,Forecasted Load,2026-08-16T07:22:13Z
2026-08-16T07:18:28Z,2026-08-16T09:18:28+0200,aaa9bd4d-7504-4e17-a444-f570127b5d4f,2026-07-31T08:15:00Z,2026-07-31T10:15:00+0200,10004.171,MW,NL,NL,forecast_load,Forecasted Load,2026-08-16T07:22:13Z
2026-08-16T07:18:28Z,2026-08-16T09:18:28+0200,aaa9bd4d-7504-4e17-a444-f570127b5d4f,2026-07-31T08:30:00Z,2026-07-31T10:30:00+0200,9769.214,MW,NL,NL,forecast_load,Forecasted Load,2026-08-16T07:22:13Z
2026-08-16T07:18:28Z,2026-08-16T09:18:28+0200,aaa9bd4d-7504-4e17-a444-f570127b5d4f,2026-07-31T08:45:00Z,2026-07-31T10:45:00+0200,9660.037,MW,NL,NL,forecast_load,Forecasted Load,2026-08-16T07:22:13Z
2026-08-16T07:18:28Z,2026-08-16T09:18:28+0200,aaa9bd4d-7504-4e17-a444-f570127b5d4f,2026-07-31T09:00:00Z,2026-07-31T11:00:00+0200,9568.039,MW,NL,NL,forecast_load,Forecasted Load,2026-08-16T07:22:13Z
2026-08-16T07:18:28Z,2026-08-16T09:18:28+0200,aaa9bd4d-7504-4e17-a444-f570127b5d4f,2026-07-31T09:15:00Z,2026-07-31T11:15:00+0200,9510.964,MW,NL,NL,forecast_load,Forecasted Load,2026-08-16T07:22:13Z
2026-08-16T07:18:28Z,2026-08-16T09:18:28+0200,aaa9bd4d-7504-4e17-a444-f570127b5d4f,2026-07-31T09:30:00Z,2026-07-31T11:30:00+0200,9386.717,MW,NL,NL,forecast_load,Forecasted Load,2026-08-16T07:22:13Z
2026-08-16T07:18:28Z,2026-08-16T09:18:28+0200,aaa9bd4d-7504-4e17-a444-f570127b5d4f,2026-07-31T09:45:00Z,2026-07-31T11:45:00+0200,9407.887,MW,NL,NL,forecast_load,Forecasted Load,2026-08-16T07:22:13Z
2026-08-16T07:18:28Z,2026-08-16T09:18:28+0200,aaa9bd4d-7504-4e17-a444-f570127b5d4f,2026-07-31T10:00:00Z,2026-07-31T12:00:00+0200,9371.184,MW,NL,NL,forecast_load,Forecasted Load,2026-08-16T07:22:13Z
2026-08-16T07:18:28Z,2026-08-16T09:18:28+0200,aaa9bd4d-7504-4e17-a444-f570127b5d4f,2026-07-31T10:15:00Z,2026-07-31T12:15:00+0200,9233.052,MW,NL,NL,forecast_load,Forecasted Load,2026-08-16T07:22:13Z
2026-08-16T07:18:28Z,2026-08-16T09:18:28+0200,aaa9bd4d-7504-4e17-a444-f570127b5d4f,2026-07-31T10:30:00Z,2026-07-31T12:30:00+0200,9126.812,MW,NL,NL,forecast_load,Forecasted Load,2026-08-16T07:22:13Z
2026-08-16T07:18:28Z,2026-08-16T09:18:28+0200,aaa9bd4d-7504-4e17-a444-f570127b5d4f,2026-07-31T10:45:00Z,2026-07-31T12:45:00+0200,9005.121,MW,NL,NL,forecast_load,Forecasted Load,2026-08-16T07:22:13Z
2026-08-16T07:18:28Z,2026-08-16T09:18:28+0200,aaa9bd4d-7504-4e17-a444-f570127b5d4f,2026-07-31T11:00:00Z,2026-07-31T13:00:00+0200,8983.527,MW,NL,NL,forecast_load,Forecasted Load,2026-08-16T07:22:13Z
2026-08-16T07:18:28Z,2026-08-16T09:18:28+0200,aaa9bd4d-7504-4e17-a444-f570127b5d4f,2026-07-31T11:15:00Z,2026-07-31T13:15:00+0200,8991.654,MW,NL,NL,forecast_load,Forecasted Load,2026-08-16T07:22:13Z
2026-08-16T07:18:28Z,2026-08-16T09:18:28+0200,aaa9bd4d-7504-4e17-a444-f570127b5d4f,2026-07-31T11:30:00Z,2026-07-31T13:30:00+0200,8998.411,MW,NL,NL,forecast_load,Forecasted Load,2026-08-16T07:22:13Z
2026-08-16T07:18:28Z,2026-08-16T09:18:28+0200,aaa9bd4d-7504-4e17-a444-f570127b5d4f,2026-07-31T11:45:00Z,2026-07-31T13:45:00+0200,8917.442,MW,NL,NL,forecast_load,Forecasted Load,2026-08-16T07:22:13Z
2026-08-16T07:18:28Z,2026-08-16T09:18:28+0200,aaa9bd4d-7504-4e17-a444-f570127b5d4f,2026-07-31T12:00:00Z,2026-07-31T14:00:00+0200,8772.51,MW,NL,NL,forecast_load,Forecasted Load,2026-08-16T07:22:13Z
2026-08-16T07:18:28Z,2026-08-16T09:18:28+0200,aaa9bd4d-7504-4e17-a444-f570127b5d4f,2026-07-31T12:15:00Z,2026-07-31T14:15:00+0200,8566.652,MW,NL,NL,forecast_load,Forecasted Load,2026-08-16T07:22:13Z
2026-08-16T07:18:28Z,2026-08-16T09:18:28+0200,aaa9bd4d-7504-4e17-a444-f570127b5d4f,2026-07-31T12:30:00Z,2026-07-31T14:30:00+0200,8400.189,MW,NL,NL,forecast_load,Forecasted Load,2026-08-16T07:22:13Z
2026-08-16T07:18:28Z,2026-08-16T09:18:28+0200,aaa9bd4d-7504-4e17-a444-f570127b5d4f,2026-07-31T12:45:00Z,2026-07-31T14:45:00+0200,8364.145,MW,NL,NL,forecast_load,Forecasted Load,2026-08-16T07:22:13Z
2026-08-16T07:18:28Z,2026-08-16T09:18:28+0200,aaa9bd4d-7504-4e17-a444-f570127b5d4f,2026-07-31T13:00:00Z,2026-07-31T15:00:00+0200,8255.853,MW,NL,NL,forecast_load,Forecasted Load,2026-08-16T07:22:13Z
2026-08-16T07:18:28Z,2026-08-16T09:18:28+0200,aaa9bd4d-7504-4e17-a444-f570127b5d4f,2026-07-31T13:15:00Z,2026-07-31T15:15:00+0200,8180.433,MW,NL,NL,forecast_load,Forecasted Load,2026-08-16T07:22:13Z
2026-08-16T07:18:28Z,2026-08-16T09:18:28+0200,aaa9bd4d-7504-4e17-a444-f570127b5d4f,2026-07-31T13:30:00Z,2026-07-31T15:30:00+0200,8225.308,MW,NL,NL,forecast_load,Forecasted Load,2026-08-16T07:22:13Z
2026-08-16T07:18:28Z,2026-08-16T09:18:28+0200,aaa9bd4d-7504-4e17-a444-f570127b5d4f,2026-07-31T13:45:00Z,2026-07-31T15:45:00+0200,8266.369,MW,NL,NL,forecast_load,Forecasted Load,2026-08-16T07:22:13Z
2026-08-16T07:18:28Z,2026-08-16T09:18:28+0200,aaa9bd4d-7504-4e17-a444-f570127b5d4f,2026-07-31T14:00:00Z,2026-07-31T16:00:00+0200,8219.437,MW,NL,NL,forecast_load,Forecasted Load,2026-08-16T07:22:13Z
2026-08-16T07:18:28Z,2026-08-16T09:18:28+0200,aaa9bd4d-7504-4e17-a444-f570127b5d4f,2026-07-31T14:15:00Z,2026-07-31T16:15:00+0200,8248.724,MW,NL,NL,forecast_load,Forecasted Load,2026-08-16T07:22:13Z
2026-08-16T07:18:28Z,2026-08-16T09:18:28+0200,aaa9bd4d-7504-4e17-a444-f570127b5d4f,2026-07-31T14:30:00Z,2026-07-31T16:30:00+0200,8361.755,MW,NL,NL,forecast_load,Forecasted Load,2026-08-16T07:22:13Z
2026-08-16T07:18:28Z,2026-08-16T09:18:28+0200,aaa9bd4d-7504-4e17-a444-f570127b5d4f,2026-07-31T14:45:00Z,2026-07-31T16:45:00+0200,8419.562,MW,NL,NL,forecast_load,Forecasted Load,2026-08-16T07:22:13Z
2026-08-16T07:18:28Z,2026-08-16T09:18:28+0200,aaa9bd4d-7504-4e17-a444-f570127b5d4f,2026-07-31T15:00:00Z,2026-07-31T17:00:00+0200,8537.986,MW,NL,NL,forecast_load,Forecasted Load,2026-08-16T07:22:13Z
2026-08-16T07:18:28Z,2026-08-16T09:18:28+0200,aaa9bd4d-7504-4e17-a444-f570127b5d4f,2026-07-31T15:15:00Z,2026-07-31T17:15:00+0200,8862.459,MW,NL,NL,forecast_load,Forecasted Load,2026-08-16T07:22:13Z
2026-08-16T07:18:28Z,2026-08-16T09:18:28+0200,aaa9bd4d-7504-4e17-a444-f570127b5d4f,2026-07-31T15:30:00Z,2026-07-31T17:30:00+0200,9270.379,MW,NL,NL,forecast_load,Forecasted Load,2026-08-16T07:22:13Z
2026-08-16T07:18:28Z,2026-08-16T09:18:28+0200,aaa9bd4d-7504-4e17-a444-f570127b5d4f,2026-07-31T15:45:00Z,2026-07-31T17:45:00+0200,9688.611,MW,NL,NL,forecast_load,Forecasted Load,2026-08-16T07:22:13Z
2026-08-16T07:18:28Z,2026-08-16T09:18:28+0200,aaa9bd4d-7504-4e17-a444-f570127b5d4f,2026-07-31T16:00:00Z,2026-07-31T18:00:00+0200,9943.286,MW,NL,NL,forecast_load,Forecasted Load,2026-08-16T07:22:13Z
2026-08-16T07:18:28Z,2026-08-16T09:18:28+0200,aaa9bd4d-7504-4e17-a444-f570127b5d4f,2026-07-31T16:15:00Z,2026-07-31T18:15:00+0200,10436.636,MW,NL,NL,forecast_load,Forecasted Load,2026-08-16T07:22:13Z
2026-08-16T07:18:28Z,2026-08-16T09:18:28+0200,aaa9bd4d-7504-4e17-a444-f570127b5d4f,2026-07-31T16:30:00Z,2026-07-31T18:30:00+0200,10839.754,MW,NL,NL,forecast_load,Forecasted Load,2026-08-16T07:22:13Z
2026-08-16T07:18:28Z,2026-08-16T09:18:28+0200,aaa9bd4d-7504-4e17-a444-f570127b5d4f,2026-07-31T16:45:00Z,2026-07-31T18:45:00+0200,11083.826,MW,NL,NL,forecast_load,Forecasted Load,2026-08-16T07:22:13Z
2026-08-16T07:18:28Z,2026-08-16T09:18:28+0200,aaa9bd4d-7504-4e17-a444-f570127b5d4f,2026-07-31T17:00:00Z,2026-07-31T19:00:00+0200,11119.291,MW,NL,NL,forecast_load,Forecasted Load,2026-08-16T07:22:13Z
2026-08-16T07:18:28Z,2026-08-16T09:18:28+0200,aaa9bd4d-7504-4e17-a444-f570127b5d4f,2026-07-31T17:15:00Z,2026-07-31T19:15:00+0200,11373.442,MW,NL,NL,forecast_load,Forecasted Load,2026-08-16T07:22:13Z
2026-08-16T07:18:28Z,2026-08-16T09:18:28+0200,aaa9bd4d-7504-4e17-a444-f570127b5d4f,2026-07-31T17:30:00Z,2026-07-31T19:30:00+0200,11593.12,MW,NL,NL,forecast_load,Forecasted Load,2026-08-16T07:22:13Z
2026-08-16T07:18:28Z,2026-08-16T09:18:28+0200,aaa9bd4d-7504-4e17-a444-f570127b5d4f,2026-07-31T17:45:00Z,2026-07-31T19:45:00+0200,11775.762,MW,NL,NL,forecast_load,Forecasted Load,2026-08-16T07:22:13Z
2026-08-16T07:18:28Z,2026-08-16T09:18:28+0200,aaa9bd4d-7504-4e17-a444-f570127b5d4f,2026-07-31T18:00:00Z,2026-07-31T20:00:00+0200,11873.81,MW,NL,NL,forecast_load,Forecasted Load,2026-08-16T07:22:13Z
2026-08-16T07:18:28Z,2026-08-16T09:18:28+0200,aaa9bd4d-7504-4e17-a444-f570127b5d4f,2026-07-31T18:15:00Z,2026-07-31T20:15:00+0200,12208.307,MW,NL,NL,forecast_load,Forecasted Load,2026-08-16T07:22:13Z
2026-08-16T07:18:28Z,2026-08-16T09:18:28+0200,aaa9bd4d-7504-4e17-a444-f570127b5d4f,2026-07-31T18:30:00Z,2026-07-31T20:30:00+0200,12381.811,MW,NL,NL,forecast_load,Forecasted Load,2026-08-16T07:22:13Z
2026-08-16T07:18:28Z,2026-08-16T09:18:28+0200,aaa9bd4d-7504-4e17-a444-f570127b5d4f,2026-07-31T18:45:00Z,2026-07-31T20:45:00+0200,12454.689,MW,NL,NL,forecast_load,Forecasted Load,2026-08-16T07:22:13Z
2026-08-16T07:18:28Z,2026-08-16T09:18:28+0200,aaa9bd4d-7504-4e17-a444-f570127b5d4f,2026-07-31T19:00:00Z,2026-07-31T21:00:00+0200,12601.664,MW,NL,NL,forecast_load,Forecasted Load,2026-08-16T07:22:13Z
2026-08-16T07:18:28Z,2026-08-16T09:18:28+0200,aaa9bd4d-7504-4e17-a444-f570127b5d4f,2026-07-31T19:15:00Z,2026-07-31T21:15:00+0200,12758.793,MW,NL,NL,forecast_load,Forecasted Load,2026-08-16T07:22:13Z
2026-08-16T07:18:28Z,2026-08-16T09:18:28+0200,aaa9bd4d-7504-4e17-a444-f570127b5d4f,2026-07-31T19:30:00Z,2026-07-31T21:30:00+0200,12737.441,MW,NL,NL,forecast_load,Forecasted Load,2026-08-16T07:22:13Z
2026-08-16T07:18:28Z,2026-08-16T09:18:28+0200,aaa9bd4d-7504-4e17-a444-f570127b5d4f,2026-07-31T19:45:00Z,2026-07-31T21:45:00+0200,12731.041,MW,NL,NL,forecast_load,Forecasted Load,2026-08-16T07:22:13Z
2026-08-16T07:18:28Z,2026-08-16T09:18:28+0200,aaa9bd4d-7504-4e17-a444-f570127b5d4f,2026-07-31T20:00:00Z,2026-07-31T22:00:00+0200,12806.959,MW,NL,NL,forecast_load,Forecasted Load,2026-08-16T07:22:13Z
2026-08-16T07:18:28Z,2026-08-16T09:18:28+0200,aaa9bd4d-7504-4e17-a444-f570127b5d4f,2026-07-31T20:15:00Z,2026-07-31T22:15:00+0200,12648.69,MW,NL,NL,forecast_load,Forecasted Load,2026-08-16T07:22:13Z
2026-08-16T07:18:28Z,2026-08-16T09:18:28+0200,aaa9bd4d-7504-4e17-a444-f570127b5d4f,2026-07-31T20:30:00Z,2026-07-31T22:30:00+0200,12644.429,MW,NL,NL,forecast_load,Forecasted Load,2026-08-16T07:22:13Z
2026-08-16T07:18:28Z,2026-08-16T09:18:28+0200,aaa9bd4d-7504-4e17-a444-f570127b5d4f,2026-07-31T20:45:00Z,2026-07-31T22:45:00+0200,12617.279,MW,NL,NL,forecast_load,Forecasted Load,2026-08-16T07:22:13Z
2026-08-16T07:18:28Z,2026-08-16T09:18:28+0200,aaa9bd4d-7504-4e17-a444-f570127b5d4f,2026-07-31T21:00:00Z,2026-07-31T23:00:00+0200,12536.969,MW,NL,NL,forecast_load,Forecasted Load,2026-08-16T07:22:13Z
2026-08-16T07:18:28Z,2026-08-16T09:18:28+0200,aaa9bd4d-7504-4e17-a444-f570127b5d4f,2026-07-31T21:15:00Z,2026-07-31T23:15:00+0200,12516.489,MW,NL,NL,forecast_load,Forecasted Load,2026-08-16T07:22:13Z
2026-08-16T07:18:28Z,2026-08-16T09:18:28+0200,aaa9bd4d-7504-4e17-a444-f570127b5d4f,2026-07-31T21:30:00Z,2026-07-31T23:30:00+0200,12442.678,MW,NL,NL,forecast_load,Forecasted Load,2026-08-16T07:22:13Z
2026-08-16T07:18:28Z,2026-08-16T09:18:28+0200,aaa9bd4d-7504-4e17-a444-f570127b5d4f,2026-07-31T21:45:00Z,2026-07-31T23:45:00+0200,12282.369,MW,NL,NL,forecast_load,Forecasted Load,2026-08-16T07:22:13Z
2026-08-16T07:18:28Z,2026-08-16T09:18:28+0200,aaa9bd4d-7504-4e17-a444-f570127b5d4f,2026-07-31T22:00:00Z,2026-08-01T00:00:00+0200,12150.628,MW,NL,NL,forecast_load,Forecasted Load,2026-08-16T07:22:13Z
2026-08-16T07:18:28Z,2026-08-16T09:18:28+0200,aaa9bd4d-7504-4e17-a444-f570127b5d4f,2026-07-31T22:15:00Z,2026-08-01T00:15:00+0200,12073.628,MW,NL,NL,forecast_load,Forecasted Load,2026-08-16T07:22:13Z
2026-08-16T07:18:28Z,2026-08-16T09:18:28+0200,aaa9bd4d-7504-4e17-a444-f570127b5d4f,2026-07-31T22:30:00Z,2026-08-01T00:30:00+0200,11938.117,MW,NL,NL,forecast_load,Forecasted Load,2026-08-16T07:22:13Z
2026-08-16T07:18:28Z,2026-08-16T09:18:28+0200,aaa9bd4d-7504-4e17-a444-f570127b5d4f,2026-07-31T22:45:00Z,2026-08-01T00:45:00+0200,11840.052,MW,NL,NL,forecast_load,Forecasted Load,2026-08-16T07:22:13Z
2026-08-16T07:18:28Z,2026-08-16T09:18:28+0200,aaa9bd4d-7504-4e17-a444-f570127b5d4f,2026-07-31T23:00:00Z,2026-08-01T01:00:00+0200,11772.327,MW,NL,NL,forecast_load,Forecasted Load,2026-08-16T07:22:13Z
2026-08-16T07:18:28Z,2026-08-16T09:18:28+0200,aaa9bd4d-7504-4e17-a444-f570127b5d4f,2026-07-31T23:15:00Z,2026-08-01T01:15:00+0200,11583.491,MW,NL,NL,forecast_load,Forecasted Load,2026-08-16T07:22:13Z
2026-08-16T07:18:28Z,2026-08-16T09:18:28+0200,aaa9bd4d-7504-4e17-a444-f570127b5d4f,2026-07-31T23:30:00Z,2026-08-01T01:30:00+0200,11554.138,MW,NL,NL,forecast_load,Forecasted Load,2026-08-16T07:22:13Z
2026-08-16T07:18:28Z,2026-08-16T09:18:28+0200,aaa9bd4d-7504-4e17-a444-f570127b5d4f,2026-07-31T23:45:00Z,2026-08-01T01:45:00+0200,11427.864,MW,NL,NL,forecast_load,Forecasted Load,2026-08-16T07:22:13Z
2026-08-16T07:18:28Z,2026-08-16T09:18:28+0200,aaa9bd4d-7504-4e17-a444-f570127b5d4f,2026-08-01T00:00:00Z,2026-08-01T02:00:00+0200,11402.018,MW,NL,NL,forecast_load,Forecasted Load,2026-08-16T07:22:13Z
2026-08-16T07:18:28Z,2026-08-16T09:18:28+0200,aaa9bd4d-7504-4e17-a444-f570127b5d4f,2026-08-01T00:15:00Z,2026-08-01T02:15:00+0200,11409.225,MW,NL,NL,forecast_load,Forecasted Load,2026-08-16T07:22:13Z
2026-08-16T07:18:28Z,2026-08-16T09:18:28+0200,aaa9bd4d-7504-4e17-a444-f570127b5d4f,2026-08-01T00:30:00Z,2026-08-01T02:30:00+0200,11362.326,MW,NL,NL,forecast_load,Forecasted Load,2026-08-16T07:22:13Z
2026-08-16T07:18:28Z,2026-08-16T09:18:28+0200,aaa9bd4d-7504-4e17-a444-f570127b5d4f,2026-08-01T00:45:00Z,2026-08-01T02:45:00+0200,11266.525,MW,NL,NL,forecast_load,Forecasted Load,2026-08-16T07:22:13Z
2026-08-16T07:18:28Z,2026-08-16T09:18:28+0200,aaa9bd4d-7504-4e17-a444-f570127b5d4f,2026-08-01T01:00:00Z,2026-08-01T03:00:00+0200,11216.544,MW,NL,NL,forecast_load,Forecasted Load,2026-08-16T07:22:13Z
2026-08-16T07:18:28Z,2026-08-16T09:18:28+0200,aaa9bd4d-7504-4e17-a444-f570127b5d4f,2026-08-01T01:15:00Z,2026-08-01T03:15:00+0200,11163.005,MW,NL,NL,forecast_load,Forecasted Load,2026-08-16T07:22:13Z
2026-08-16T07:18:28Z,2026-08-16T09:18:28+0200,aaa9bd4d-7504-4e17-a444-f570127b5d4f,2026-08-01T01:30:00Z,2026-08-01T03:30:00+0200,11124.125,MW,NL,NL,forecast_load,Forecasted Load,2026-08-16T07:22:13Z
2026-08-16T07:18:28Z,2026-08-16T09:18:28+0200,aaa9bd4d-7504-4e17-a444-f570127b5d4f,2026-08-01T01:45:00Z,2026-08-01T03:45:00+0200,11095.522,MW,NL,NL,forecast_load,Forecasted Load,2026-08-16T07:22:13Z
2026-08-16T07:18:28Z,2026-08-16T09:18:28+0200,aaa9bd4d-7504-4e17-a444-f570127b5d4f,2026-08-01T02:00:00Z,2026-08-01T04:00:00+0200,11064.466,MW,NL,NL,forecast_load,Forecasted Load,2026-08-16T07:22:13Z
2026-08-16T07:18:28Z,2026-08-16T09:18:28+0200,aaa9bd4d-7504-4e17-a444-f570127b5d4f,2026-08-01T02:15:00Z,2026-08-01T04:15:00+0200,11067.335,MW,NL,NL,forecast_load,Forecasted Load,2026-08-16T07:22:13Z
2026-08-16T07:18:28Z,2026-08-16T09:18:28+0200,aaa9bd4d-7504-4e17-a444-f570127b5d4f,2026-08-01T02:30:00Z,2026-08-01T04:30:00+0200,11055.378,MW,NL,NL,forecast_load,Forecasted Load,2026-08-16T07:22:13Z
2026-08-16T07:18:28Z,2026-08-16T09:18:28+0200,aaa9bd4d-7504-4e17-a444-f570127b5d4f,2026-08-01T02:45:00Z,2026-08-01T04:45:00+0200,11041.918,MW,NL,NL,forecast_load,Forecasted Load,2026-08-16T07:22:13Z
2026-08-16T07:18:28Z,2026-08-16T09:18:28+0200,aaa9bd4d-7504-4e17-a444-f570127b5d4f,2026-08-01T03:00:00Z,2026-08-01T05:00:00+0200,11085.032,MW,NL,NL,forecast_load,Forecasted Load,2026-08-16T07:22:13Z
2026-08-16T07:18:28Z,2026-08-16T09:18:28+0200,aaa9bd4d-7504-4e17-a444-f570127b5d4f,2026-08-01T03:15:00Z,2026-08-01T05:15:00+0200,11088.132,MW,NL,NL,forecast_load,Forecasted Load,2026-08-16T07:22:13Z
2026-08-16T07:18:28Z,2026-08-16T09:18:28+0200,aaa9bd4d-7504-4e17-a444-f570127b5d4f,2026-08-01T03:30:00Z,2026-08-01T05:30:00+0200,11056.046,MW,NL,NL,forecast_load,Forecasted Load,2026-08-16T07:22:13Z
2026-08-16T07:18:28Z,2026-08-16T09:18:28+0200,aaa9bd4d-7504-4e17-a444-f570127b5d4f,2026-08-01T03:45:00Z,2026-08-01T05:45:00+0200,11079.7,MW,NL,NL,forecast_load,Forecasted Load,2026-08-16T07:22:13Z
2026-08-16T07:18:28Z,2026-08-16T09:18:28+0200,aaa9bd4d-7504-4e17-a444-f570127b5d4f,2026-08-01T04:00:00Z,2026-08-01T06:00:00+0200,11063.077,MW,NL,NL,forecast_load,Forecasted Load,2026-08-16T07:22:13Z
2026-08-16T07:18:28Z,2026-08-16T09:18:28+0200,aaa9bd4d-7504-4e17-a444-f570127b5d4f,2026-08-01T04:15:00Z,2026-08-01T06:15:00+0200,10943.376,MW,NL,NL,forecast_load,Forecasted Load,2026-08-16T07:22:13Z
2026-08-16T07:18:28Z,2026-08-16T09:18:28+0200,aaa9bd4d-7504-4e17-a444-f570127b5d4f,2026-08-01T04:30:00Z,2026-08-01T06:30:00+0200,10834.792,MW,NL,NL,forecast_load,Forecasted Load,2026-08-16T07:22:13Z
2026-08-16T07:18:28Z,2026-08-16T09:18:28+0200,aaa9bd4d-7504-4e17-a444-f570127b5d4f,2026-08-01T04:45:00Z,2026-08-01T06:45:00+0200,10716.761,MW,NL,NL,forecast_load,Forecasted Load,2026-08-16T07:22:13Z
2026-08-16T07:18:28Z,2026-08-16T09:18:28+0200,aaa9bd4d-7504-4e17-a444-f570127b5d4f,2026-08-01T05:00:00Z,2026-08-01T07:00:00+0200,10585.026,MW,NL,NL,forecast_load,Forecasted Load,2026-08-16T07:22:13Z
2026-08-16T07:18:28Z,2026-08-16T09:18:28+0200,aaa9bd4d-7504-4e17-a444-f570127b5d4f,2026-08-01T05:15:00Z,2026-08-01T07:15:00+0200,10300.061,MW,NL,NL,forecast_load,Forecasted Load,2026-08-16T07:22:13Z
2026-08-16T07:18:28Z,2026-08-16T09:18:28+0200,aaa9bd4d-7504-4e17-a444-f570127b5d4f,2026-08-01T05:30:00Z,2026-08-01T07:30:00+0200,10100.404,MW,NL,NL,forecast_load,Forecasted Load,2026-08-16T07:22:13Z
2026-08-16T07:18:28Z,2026-08-16T09:18:28+0200,aaa9bd4d-7504-4e17-a444-f570127b5d4f,2026-08-01T05:45:00Z,2026-08-01T07:45:00+0200,9840.638,MW,NL,NL,forecast_load,Forecasted Load,2026-08-16T07:22:13Z
2026-08-16T07:18:28Z,2026-08-16T09:18:28+0200,aaa9bd4d-7504-4e17-a444-f570127b5d4f,2026-08-01T06:00:00Z,2026-08-01T08:00:00+0200,9685.835,MW,NL,NL,forecast_load,Forecasted Load,2026-08-16T07:22:13Z
2026-08-16T07:18:28Z,2026-08-16T09:18:28+0200,aaa9bd4d-7504-4e17-a444-f570127b5d4f,2026-08-01T06:15:00Z,2026-08-01T08:15:00+0200,9370.394,MW,NL,NL,forecast_load,Forecasted Load,2026-08-16T07:22:13Z
2026-08-16T07:18:28Z,2026-08-16T09:18:28+0200,aaa9bd4d-7504-4e17-a444-f570127b5d4f,2026-08-01T06:30:00Z,2026-08-01T08:30:00+0200,9151.139,MW,NL,NL,forecast_load,Forecasted Load,2026-08-16T07:22:13Z
2026-08-16T07:18:28Z,2026-08-16T09:18:28+0200,aaa9bd4d-7504-4e17-a444-f570127b5d4f,2026-08-01T06:45:00Z,2026-08-01T08:45:00+0200,8988.627,MW,NL,NL,forecast_load,Forecasted Load,2026-08-16T07:22:13Z
2026-08-16T07:18:28Z,2026-08-16T09:18:28+0200,aaa9bd4d-7504-4e17-a444-f570127b5d4f,2026-08-01T07:00:00Z,2026-08-01T09:00:00+0200,8773.781,MW,NL,NL,forecast_load,Forecasted Load,2026-08-16T07:22:13Z
2026-08-16T07:18:28Z,2026-08-16T09:18:28+0200,aaa9bd4d-7504-4e17-a444-f570127b5d4f,2026-08-01T07:15:00Z,2026-08-01T09:15:00+0200,8573.969,MW,NL,NL,forecast_load,Forecasted Load,2026-08-16T07:22:13Z
2026-08-16T07:18:28Z,2026-08-16T09:18:28+0200,aaa9bd4d-7504-4e17-a444-f570127b5d4f,2026-08-01T07:30:00Z,2026-08-01T09:30:00+0200,8570.046,MW,NL,NL,forecast_load,Forecasted Load,2026-08-16T07:22:13Z
2026-08-16T07:18:28Z,2026-08-16T09:18:28+0200,aaa9bd4d-7504-4e17-a444-f570127b5d4f,2026-08-01T07:45:00Z,2026-08-01T09:45:00+0200,8510.533,MW,NL,NL,forecast_load,Forecasted Load,2026-08-16T07:22:13Z
2026-08-16T07:18:28Z,2026-08-16T09:18:28+0200,aaa9bd4d-7504-4e17-a444-f570127b5d4f,2026-08-01T08:00:00Z,2026-08-01T10:00:00+0200,8437.257,MW,NL,NL,forecast_load,Forecasted Load,2026-08-16T07:22:13Z
2026-08-16T07:18:28Z,2026-08-16T09:18:28+0200,aaa9bd4d-7504-4e17-a444-f570127b5d4f,2026-08-01T08:15:00Z,2026-08-01T10:15:00+0200,8268.331,MW,NL,NL,forecast_load,Forecasted Load,2026-08-16T07:22:13Z
2026-08-16T07:18:28Z,2026-08-16T09:18:28+0200,aaa9bd4d-7504-4e17-a444-f570127b5d4f,2026-08-01T08:30:00Z,2026-08-01T10:30:00+0200,8469.715,MW,NL,NL,forecast_load,Forecasted Load,2026-08-16T07:22:13Z
2026-08-16T07:18:28Z,2026-08-16T09:18:28+0200,aaa9bd4d-7504-4e17-a444-f570127b5d4f,2026-08-01T08:45:00Z,2026-08-01T10:45:00+0200,8470.794,MW,NL,NL,forecast_load,Forecasted Load,2026-08-16T07:22:13Z
2026-08-16T07:18:28Z,2026-08-16T09:18:28+0200,aaa9bd4d-7504-4e17-a444-f570127b5d4f,2026-08-01T09:00:00Z,2026-08-01T11:00:00+0200,8479.14,MW,NL,NL,forecast_load,Forecasted Load,2026-08-16T07:22:13Z
2026-08-16T07:18:28Z,2026-08-16T09:18:28+0200,aaa9bd4d-7504-4e17-a444-f570127b5d4f,2026-08-01T09:15:00Z,2026-08-01T11:15:00+0200,8404.329,MW,NL,NL,forecast_load,Forecasted Load,2026-08-16T07:22:13Z
2026-08-16T07:18:28Z,2026-08-16T09:18:28+0200,aaa9bd4d-7504-4e17-a444-f570127b5d4f,2026-08-01T09:30:00Z,2026-08-01T11:30:00+0200,8340.058,MW,NL,NL,forecast_load,Forecasted Load,2026-08-16T07:22:13Z
2026-08-16T07:18:28Z,2026-08-16T09:18:28+0200,aaa9bd4d-7504-4e17-a444-f570127b5d4f,2026-08-01T09:45:00Z,2026-08-01T11:45:00+0200,8302.138,MW,NL,NL,forecast_load,Forecasted Load,2026-08-16T07:22:13Z
2026-08-16T07:18:28Z,2026-08-16T09:18:28+0200,aaa9bd4d-7504-4e17-a444-f570127b5d4f,2026-08-01T10:00:00Z,2026-08-01T12:00:00+0200,8319.797,MW,NL,NL,forecast_load,Forecasted Load,2026-08-16T07:22:13Z
2026-08-16T07:18:28Z,2026-08-16T09:18:28+0200,aaa9bd4d-7504-4e17-a444-f570127b5d4f,2026-08-01T10:15:00Z,2026-08-01T12:15:00+0200,8368.935,MW,NL,NL,forecast_load,Forecasted Load,2026-08-16T07:22:13Z
2026-08-16T07:18:28Z,2026-08-16T09:18:28+0200,aaa9bd4d-7504-4e17-a444-f570127b5d4f,2026-08-01T10:30:00Z,2026-08-01T12:30:00+0200,8243.019,MW,NL,NL,forecast_load,Forecasted Load,2026-08-16T07:22:13Z
2026-08-16T07:18:28Z,2026-08-16T09:18:28+0200,aaa9bd4d-7504-4e17-a444-f570127b5d4f,2026-08-01T10:45:00Z,2026-08-01T12:45:00+0200,8181.246,MW,NL,NL,forecast_load,Forecasted Load,2026-08-16T07:22:13Z
2026-08-16T07:18:28Z,2026-08-16T09:18:28+0200,aaa9bd4d-7504-4e17-a444-f570127b5d4f,2026-08-01T11:00:00Z,2026-08-01T13:00:00+0200,8187.121,MW,NL,NL,forecast_load,Forecasted Load,2026-08-16T07:22:13Z
2026-08-16T07:18:28Z,2026-08-16T09:18:28+0200,aaa9bd4d-7504-4e17-a444-f570127b5d4f,2026-08-01T11:15:00Z,2026-08-01T13:15:00+0200,8323.38,MW,NL,NL,forecast_load,Forecasted Load,2026-08-16T07:22:13Z
2026-08-16T07:18:28Z,2026-08-16T09:18:28+0200,aaa9bd4d-7504-4e17-a444-f570127b5d4f,2026-08-01T11:30:00Z,2026-08-01T13:30:00+0200,8312.434,MW,NL,NL,forecast_load,Forecasted Load,2026-08-16T07:22:13Z
2026-08-16T07:18:28Z,2026-08-16T09:18:28+0200,aaa9bd4d-7504-4e17-a444-f570127b5d4f,2026-08-01T11:45:00Z,2026-08-01T13:45:00+0200,8384.675,MW,NL,NL,forecast_load,Forecasted Load,2026-08-16T07:22:13Z
2026-08-16T07:18:28Z,2026-08-16T09:18:28+0200,aaa9bd4d-7504-4e17-a444-f570127b5d4f,2026-08-01T12:00:00Z,2026-08-01T14:00:00+0200,8300.897,MW,NL,NL,forecast_load,Forecasted Load,2026-08-16T07:22:13Z
2026-08-16T07:18:28Z,2026-08-16T09:18:28+0200,aaa9bd4d-7504-4e17-a444-f570127b5d4f,2026-08-01T12:15:00Z,2026-08-01T14:15:00+0200,8069.23,MW,NL,NL,forecast_load,Forecasted Load,2026-08-16T07:22:13Z
2026-08-16T07:18:28Z,2026-08-16T09:18:28+0200,aaa9bd4d-7504-4e17-a444-f570127b5d4f,2026-08-01T12:30:00Z,2026-08-01T14:30:00+0200,8047.341,MW,NL,NL,forecast_load,Forecasted Load,2026-08-16T07:22:13Z
2026-08-16T07:18:28Z,2026-08-16T09:18:28+0200,aaa9bd4d-7504-4e17-a444-f570127b5d4f,2026-08-01T12:45:00Z,2026-08-01T14:45:00+0200,7900.4,MW,NL,NL,forecast_load,Forecasted Load,2026-08-16T07:22:13Z
2026-08-16T07:18:28Z,2026-08-16T09:18:28+0200,aaa9bd4d-7504-4e17-a444-f570127b5d4f,2026-08-01T13:00:00Z,2026-08-01T15:00:00+0200,7754.057,MW,NL,NL,forecast_load,Forecasted Load,2026-08-16T07:22:13Z
2026-08-16T07:18:28Z,2026-08-16T09:18:28+0200,aaa9bd4d-7504-4e17-a444-f570127b5d4f,2026-08-01T13:15:00Z,2026-08-01T15:15:00+0200,7940.207,MW,NL,NL,forecast_load,Forecasted Load,2026-08-16T07:22:13Z
2026-08-16T07:18:28Z,2026-08-16T09:18:28+0200,aaa9bd4d-7504-4e17-a444-f570127b5d4f,2026-08-01T13:30:00Z,2026-08-01T15:30:00+0200,7901.666,MW,NL,NL,forecast_load,Forecasted Load,2026-08-16T07:22:13Z
2026-08-16T07:18:28Z,2026-08-16T09:18:28+0200,aaa9bd4d-7504-4e17-a444-f570127b5d4f,2026-08-01T13:45:00Z,2026-08-01T15:45:00+0200,7962.235,MW,NL,NL,forecast_load,Forecasted Load,2026-08-16T07:22:13Z
2026-08-16T07:18:28Z,2026-08-16T09:18:28+0200,aaa9bd4d-7504-4e17-a444-f570127b5d4f,2026-08-01T14:00:00Z,2026-08-01T16:00:00+0200,7993.722,MW,NL,NL,forecast_load,Forecasted Load,2026-08-16T07:22:13Z
2026-08-16T07:18:28Z,2026-08-16T09:18:28+0200,aaa9bd4d-7504-4e17-a444-f570127b5d4f,2026-08-01T14:15:00Z,2026-08-01T16:15:00+0200,8121.166,MW,NL,NL,forecast_load,Forecasted Load,2026-08-16T07:22:13Z
2026-08-16T07:18:28Z,2026-08-16T09:18:28+0200,aaa9bd4d-7504-4e17-a444-f570127b5d4f,2026-08-01T14:30:00Z,2026-08-01T16:30:00+0200,8225.138,MW,NL,NL,forecast_load,Forecasted Load,2026-08-16T07:22:13Z
2026-08-16T07:18:28Z,2026-08-16T09:18:28+0200,aaa9bd4d-7504-4e17-a444-f570127b5d4f,2026-08-01T14:45:00Z,2026-08-01T16:45:00+0200,8340.101,MW,NL,NL,forecast_load,Forecasted Load,2026-08-16T07:22:13Z
2026-08-16T07:18:28Z,2026-08-16T09:18:28+0200,aaa9bd4d-7504-4e17-a444-f570127b5d4f,2026-08-01T15:00:00Z,2026-08-01T17:00:00+0200,8511.287,MW,NL,NL,forecast_load,Forecasted Load,2026-08-16T07:22:13Z
2026-08-16T07:18:28Z,2026-08-16T09:18:28+0200,aaa9bd4d-7504-4e17-a444-f570127b5d4f,2026-08-01T15:15:00Z,2026-08-01T17:15:00+0200,8948.146,MW,NL,NL,forecast_load,Forecasted Load,2026-08-16T07:22:13Z
2026-08-16T07:18:28Z,2026-08-16T09:18:28+0200,aaa9bd4d-7504-4e17-a444-f570127b5d4f,2026-08-01T15:30:00Z,2026-08-01T17:30:00+0200,9207.716,MW,NL,NL,forecast_load,Forecasted Load,2026-08-16T07:22:13Z
2026-08-16T07:18:28Z,2026-08-16T09:18:28+0200,aaa9bd4d-7504-4e17-a444-f570127b5d4f,2026-08-01T15:45:00Z,2026-08-01T17:45:00+0200,9456.439,MW,NL,NL,forecast_load,Forecasted Load,2026-08-16T07:22:13Z
2026-08-16T07:18:28Z,2026-08-16T09:18:28+0200,aaa9bd4d-7504-4e17-a444-f570127b5d4f,2026-08-01T16:00:00Z,2026-08-01T18:00:00+0200,9636.102,MW,NL,NL,forecast_load,Forecasted Load,2026-08-16T07:22:13Z
2026-08-16T07:18:28Z,2026-08-16T09:18:28+0200,aaa9bd4d-7504-4e17-a444-f570127b5d4f,2026-08-01T16:15:00Z,2026-08-01T18:15:00+0200,9967.382,MW,NL,NL,forecast_load,Forecasted Load,2026-08-16T07:22:13Z
2026-08-16T07:18:28Z,2026-08-16T09:18:28+0200,aaa9bd4d-7504-4e17-a444-f570127b5d4f,2026-08-01T16:30:00Z,2026-08-01T18:30:00+0200,10164.313,MW,NL,NL,forecast_load,Forecasted Load,2026-08-16T07:22:13Z
2026-08-16T07:18:28Z,2026-08-16T09:18:28+0200,aaa9bd4d-7504-4e17-a444-f570127b5d4f,2026-08-01T16:45:00Z,2026-08-01T18:45:00+0200,10336.269,MW,NL,NL,forecast_load,Forecasted Load,2026-08-16T07:22:13Z
2026-08-16T07:18:28Z,2026-08-16T09:18:28+0200,aaa9bd4d-7504-4e17-a444-f570127b5d4f,2026-08-01T17:00:00Z,2026-08-01T19:00:00+0200,10554.903,MW,NL,NL,forecast_load,Forecasted Load,2026-08-16T07:22:13Z
2026-08-16T07:18:28Z,2026-08-16T09:18:28+0200,aaa9bd4d-7504-4e17-a444-f570127b5d4f,2026-08-01T17:15:00Z,2026-08-01T19:15:00+0200,10704.998,MW,NL,NL,forecast_load,Forecasted Load,2026-08-16T07:22:13Z
2026-08-16T07:18:28Z,2026-08-16T09:18:28+0200,aaa9bd4d-7504-4e17-a444-f570127b5d4f,2026-08-01T17:30:00Z,2026-08-01T19:30:00+0200,10923.011,MW,NL,NL,forecast_load,Forecasted Load,2026-08-16T07:22:13Z
2026-08-16T07:18:28Z,2026-08-16T09:18:28+0200,aaa9bd4d-7504-4e17-a444-f570127b5d4f,2026-08-01T17:45:00Z,2026-08-01T19:45:00+0200,11062.32,MW,NL,NL,forecast_load,Forecasted Load,2026-08-16T07:22:13Z
2026-08-16T07:18:28Z,2026-08-16T09:18:28+0200,aaa9bd4d-7504-4e17-a444-f570127b5d4f,2026-08-01T18:00:00Z,2026-08-01T20:00:00+0200,11273.246,MW,NL,NL,forecast_load,Forecasted Load,2026-08-16T07:22:13Z
2026-08-16T07:18:28Z,2026-08-16T09:18:28+0200,aaa9bd4d-7504-4e17-a444-f570127b5d4f,2026-08-01T18:15:00Z,2026-08-01T20:15:00+0200,11463.915,MW,NL,NL,forecast_load,Forecasted Load,2026-08-16T07:22:13Z
2026-08-16T07:18:28Z,2026-08-16T09:18:28+0200,aaa9bd4d-7504-4e17-a444-f570127b5d4f,2026-08-01T18:30:00Z,2026-08-01T20:30:00+0200,11657.223,MW,NL,NL,forecast_load,Forecasted Load,2026-08-16T07:22:13Z
2026-08-16T07:18:28Z,2026-08-16T09:18:28+0200,aaa9bd4d-7504-4e17-a444-f570127b5d4f,2026-08-01T18:45:00Z,2026-08-01T20:45:00+0200,11843.335,MW,NL,NL,forecast_load,Forecasted Load,2026-08-16T07:22:13Z
2026-08-16T07:18:28Z,2026-08-16T09:18:28+0200,aaa9bd4d-7504-4e17-a444-f570127b5d4f,2026-08-01T19:00:00Z,2026-08-01T21:00:00+0200,12121.505,MW,NL,NL,forecast_load,Forecasted Load,2026-08-16T07:22:13Z
2026-08-16T07:18:28Z,2026-08-16T09:18:28+0200,aaa9bd4d-7504-4e17-a444-f570127b5d4f,2026-08-01T19:15:00Z,2026-08-01T21:15:00+0200,12284.175,MW,NL,NL,forecast_load,Forecasted Load,2026-08-16T07:22:13Z
2026-08-16T07:18:28Z,2026-08-16T09:18:28+0200,aaa9bd4d-7504-4e17-a444-f570127b5d4f,2026-08-01T19:30:00Z,2026-08-01T21:30:00+0200,12329.446,MW,NL,NL,forecast_load,Forecasted Load,2026-08-16T07:22:13Z
2026-08-16T07:18:28Z,2026-08-16T09:18:28+0200,aaa9bd4d-7504-4e17-a444-f570127b5d4f,2026-08-01T19:45:00Z,2026-08-01T21:45:00+0200,12355.197,MW,NL,NL,forecast_load,Forecasted Load,2026-08-16T07:22:13Z
2026-08-16T07:18:28Z,2026-08-16T09:18:28+0200,aaa9bd4d-7504-4e17-a444-f570127b5d4f,2026-08-01T20:00:00Z,2026-08-01T22:00:00+0200,12356.896,MW,NL,NL,forecast_load,Forecasted Load,2026-08-16T07:22:13Z
2026-08-16T07:18:28Z,2026-08-16T09:18:28+0200,aaa9bd4d-7504-4e17-a444-f570127b5d4f,2026-08-01T20:15:00Z,2026-08-01T22:15:00+0200,12098.158,MW,NL,NL,forecast_load,Forecasted Load,2026-08-16T07:22:13Z
2026-08-16T07:18:28Z,2026-08-16T09:18:28+0200,aaa9bd4d-7504-4e17-a444-f570127b5d4f,2026-08-01T20:30:00Z,2026-08-01T22:30:00+0200,12006.091,MW,NL,NL,forecast_load,Forecasted Load,2026-08-16T07:22:13Z
2026-08-16T07:18:28Z,2026-08-16T09:18:28+0200,aaa9bd4d-7504-4e17-a444-f570127b5d4f,2026-08-01T20:45:00Z,2026-08-01T22:45:00+0200,11928.087,MW,NL,NL,forecast_load,Forecasted Load,2026-08-16T07:22:13Z
2026-08-16T07:18:28Z,2026-08-16T09:18:28+0200,aaa9bd4d-7504-4e17-a444-f570127b5d4f,2026-08-01T21:00:00Z,2026-08-01T23:00:00+0200,11847.574,MW,NL,NL,forecast_load,Forecasted Load,2026-08-16T07:22:13Z
2026-08-16T07:18:28Z,2026-08-16T09:18:28+0200,aaa9bd4d-7504-4e17-a444-f570127b5d4f,2026-08-01T21:15:00Z,2026-08-01T23:15:00+0200,11801.322,MW,NL,NL,forecast_load,Forecasted Load,2026-08-16T07:22:13Z
2026-08-16T07:18:28Z,2026-08-16T09:18:28+0200,aaa9bd4d-7504-4e17-a444-f570127b5d4f,2026-08-01T21:30:00Z,2026-08-01T23:30:00+0200,11738.023,MW,NL,NL,forecast_load,Forecasted Load,2026-08-16T07:22:13Z
2026-08-16T07:18:28Z,2026-08-16T09:18:28+0200,aaa9bd4d-7504-4e17-a444-f570127b5d4f,2026-08-01T21:45:00Z,2026-08-01T23:45:00+0200,11634.871,MW,NL,NL,forecast_load,Forecasted Load,2026-08-16T07:22:13Z
2026-08-16T07:18:28Z,2026-08-16T09:18:28+0200,aaa9bd4d-7504-4e17-a444-f570127b5d4f,2026-08-01T22:00:00Z,2026-08-02T00:00:00+0200,12199.793,MW,NL,NL,forecast_load,Forecasted Load,2026-08-16T07:22:13Z
2026-08-16T07:18:28Z,2026-08-16T09:18:28+0200,aaa9bd4d-7504-4e17-a444-f570127b5d4f,2026-08-01T22:15:00Z,2026-08-02T00:15:00+0200,12062.946,MW,NL,NL,forecast_load,Forecasted Load,2026-08-16T07:22:13Z
2026-08-16T07:18:28Z,2026-08-16T09:18:28+0200,aaa9bd4d-7504-4e17-a444-f570127b5d4f,2026-08-01T22:30:00Z,2026-08-02T00:30:00+0200,11871.697,MW,NL,NL,forecast_load,Forecasted Load,2026-08-16T07:22:13Z
2026-08-16T07:18:28Z,2026-08-16T09:18:28+0200,aaa9bd4d-7504-4e17-a444-f570127b5d4f,2026-08-01T22:45:00Z,2026-08-02T00:45:00+0200,11771.923,MW,NL,NL,forecast_load,Forecasted Load,2026-08-16T07:22:13Z
2026-08-16T07:18:28Z,2026-08-16T09:18:28+0200,aaa9bd4d-7504-4e17-a444-f570127b5d4f,2026-08-01T23:00:00Z,2026-08-02T01:00:00+0200,11728.179,MW,NL,NL,forecast_load,Forecasted Load,2026-08-16T07:22:13Z
2026-08-16T07:18:28Z,2026-08-16T09:18:28+0200,aaa9bd4d-7504-4e17-a444-f570127b5d4f,2026-08-01T23:15:00Z,2026-08-02T01:15:00+0200,11572.033,MW,NL,NL,forecast_load,Forecasted Load,2026-08-16T07:22:13Z
2026-08-16T07:18:28Z,2026-08-16T09:18:28+0200,aaa9bd4d-7504-4e17-a444-f570127b5d4f,2026-08-01T23:30:00Z,2026-08-02T01:30:00+0200,11496.499,MW,NL,NL,forecast_load,Forecasted Load,2026-08-16T07:22:13Z
2026-08-16T07:18:28Z,2026-08-16T09:18:28+0200,aaa9bd4d-7504-4e17-a444-f570127b5d4f,2026-08-01T23:45:00Z,2026-08-02T01:45:00+0200,11430.603,MW,NL,NL,forecast_load,Forecasted Load,2026-08-16T07:22:13Z
2026-08-16T07:18:28Z,2026-08-16T09:18:28+0200,aaa9bd4d-7504-4e17-a444-f570127b5d4f,2026-08-02T00:00:00Z,2026-08-02T02:00:00+0200,11372.538,MW,NL,NL,forecast_load,Forecasted Load,2026-08-16T07:22:13Z
2026-08-16T07:18:28Z,2026-08-16T09:18:28+0200,aaa9bd4d-7504-4e17-a444-f570127b5d4f,2026-08-02T00:15:00Z,2026-08-02T02:15:00+0200,11290.265,MW,NL,NL,forecast_load,Forecasted Load,2026-08-16T07:22:13Z
2026-08-16T07:18:28Z,2026-08-16T09:18:28+0200,aaa9bd4d-7504-4e17-a444-f570127b5d4f,2026-08-02T00:30:00Z,2026-08-02T02:30:00+0200,11185.222,MW,NL,NL,forecast_load,Forecasted Load,2026-08-16T07:22:13Z
2026-08-16T07:18:28Z,2026-08-16T09:18:28+0200,aaa9bd4d-7504-4e17-a444-f570127b5d4f,2026-08-02T00:45:00Z,2026-08-02T02:45:00+0200,11056.039,MW,NL,NL,forecast_load,Forecasted Load,2026-08-16T07:22:13Z
2026-08-16T07:18:28Z,2026-08-16T09:18:28+0200,aaa9bd4d-7504-4e17-a444-f570127b5d4f,2026-08-02T01:00:00Z,2026-08-02T03:00:00+0200,11055.767,MW,NL,NL,forecast_load,Forecasted Load,2026-08-16T07:22:13Z
2026-08-16T07:18:28Z,2026-08-16T09:18:28+0200,aaa9bd4d-7504-4e17-a444-f570127b5d4f,2026-08-02T01:15:00Z,2026-08-02T03:15:00+0200,11031.131,MW,NL,NL,forecast_load,Forecasted Load,2026-08-16T07:22:13Z
2026-08-16T07:18:28Z,2026-08-16T09:18:28+0200,aaa9bd4d-7504-4e17-a444-f570127b5d4f,2026-08-02T01:30:00Z,2026-08-02T03:30:00+0200,10889.505,MW,NL,NL,forecast_load,Forecasted Load,2026-08-16T07:22:13Z
2026-08-16T07:18:28Z,2026-08-16T09:18:28+0200,aaa9bd4d-7504-4e17-a444-f570127b5d4f,2026-08-02T01:45:00Z,2026-08-02T03:45:00+0200,10937.419,MW,NL,NL,forecast_load,Forecasted Load,2026-08-16T07:22:13Z
2026-08-16T07:18:28Z,2026-08-16T09:18:28+0200,aaa9bd4d-7504-4e17-a444-f570127b5d4f,2026-08-02T02:00:00Z,2026-08-02T04:00:00+0200,10897.678,MW,NL,NL,forecast_load,Forecasted Load,2026-08-16T07:22:13Z
2026-08-16T07:18:28Z,2026-08-16T09:18:28+0200,aaa9bd4d-7504-4e17-a444-f570127b5d4f,2026-08-02T02:15:00Z,2026-08-02T04:15:00+0200,10889.788,MW,NL,NL,forecast_load,Forecasted Load,2026-08-16T07:22:13Z
2026-08-16T07:18:28Z,2026-08-16T09:18:28+0200,aaa9bd4d-7504-4e17-a444-f570127b5d4f,2026-08-02T02:30:00Z,2026-08-02T04:30:00+0200,10896.884,MW,NL,NL,forecast_load,Forecasted Load,2026-08-16T07:22:13Z
2026-08-16T07:18:28Z,2026-08-16T09:18:28+0200,aaa9bd4d-7504-4e17-a444-f570127b5d4f,2026-08-02T02:45:00Z,2026-08-02T04:45:00+0200,10833.266,MW,NL,NL,forecast_load,Forecasted Load,2026-08-16T07:22:13Z
2026-08-16T07:18:28Z,2026-08-16T09:18:28+0200,aaa9bd4d-7504-4e17-a444-f570127b5d4f,2026-08-02T03:00:00Z,2026-08-02T05:00:00+0200,10781.789,MW,NL,NL,forecast_load,Forecasted Load,2026-08-16T07:22:13Z
2026-08-16T07:18:28Z,2026-08-16T09:18:28+0200,aaa9bd4d-7504-4e17-a444-f570127b5d4f,2026-08-02T03:15:00Z,2026-08-02T05:15:00+0200,10724.617,MW,NL,NL,forecast_load,Forecasted Load,2026-08-16T07:22:13Z
2026-08-16T07:18:28Z,2026-08-16T09:18:28+0200,aaa9bd4d-7504-4e17-a444-f570127b5d4f,2026-08-02T03:30:00Z,2026-08-02T05:30:00+0200,10684.872,MW,NL,NL,forecast_load,Forecasted Load,2026-08-16T07:22:13Z
2026-08-16T07:18:28Z,2026-08-16T09:18:28+0200,aaa9bd4d-7504-4e17-a444-f570127b5d4f,2026-08-02T03:45:00Z,2026-08-02T05:45:00+0200,10629.437,MW,NL,NL,forecast_load,Forecasted Load,2026-08-16T07:22:13Z
2026-08-16T07:18:28Z,2026-08-16T09:18:28+0200,aaa9bd4d-7504-4e17-a444-f570127b5d4f,2026-08-02T04:00:00Z,2026-08-02T06:00:00+0200,10571.388,MW,NL,NL,forecast_load,Forecasted Load,2026-08-16T07:22:13Z
2026-08-16T07:18:28Z,2026-08-16T09:18:28+0200,aaa9bd4d-7504-4e17-a444-f570127b5d4f,2026-08-02T04:15:00Z,2026-08-02T06:15:00+0200,10425.267,MW,NL,NL,forecast_load,Forecasted Load,2026-08-16T07:22:13Z
2026-08-16T07:18:28Z,2026-08-16T09:18:28+0200,aaa9bd4d-7504-4e17-a444-f570127b5d4f,2026-08-02T04:30:00Z,2026-08-02T06:30:00+0200,10239.59,MW,NL,NL,forecast_load,Forecasted Load,2026-08-16T07:22:13Z
2026-08-16T07:18:28Z,2026-08-16T09:18:28+0200,aaa9bd4d-7504-4e17-a444-f570127b5d4f,2026-08-02T04:45:00Z,2026-08-02T06:45:00+0200,10161.084,MW,NL,NL,forecast_load,Forecasted Load,2026-08-16T07:22:13Z
2026-08-16T07:18:28Z,2026-08-16T09:18:28+0200,aaa9bd4d-7504-4e17-a444-f570127b5d4f,2026-08-02T05:00:00Z,2026-08-02T07:00:00+0200,10138.423,MW,NL,NL,forecast_load,Forecasted Load,2026-08-16T07:22:13Z
2026-08-16T07:18:28Z,2026-08-16T09:18:28+0200,aaa9bd4d-7504-4e17-a444-f570127b5d4f,2026-08-02T05:15:00Z,2026-08-02T07:15:00+0200,10150.919,MW,NL,NL,forecast_load,Forecasted Load,2026-08-16T07:22:13Z
2026-08-16T07:18:28Z,2026-08-16T09:18:28+0200,aaa9bd4d-7504-4e17-a444-f570127b5d4f,2026-08-02T05:30:00Z,2026-08-02T07:30:00+0200,10181.53,MW,NL,NL,forecast_load,Forecasted Load,2026-08-16T07:22:13Z
2026-08-16T07:18:28Z,2026-08-16T09:18:28+0200,aaa9bd4d-7504-4e17-a444-f570127b5d4f,2026-08-02T05:45:00Z,2026-08-02T07:45:00+0200,10218.326,MW,NL,NL,forecast_load,Forecasted Load,2026-08-16T07:22:13Z
2026-08-16T07:18:28Z,2026-08-16T09:18:28+0200,aaa9bd4d-7504-4e17-a444-f570127b5d4f,2026-08-02T06:00:00Z,2026-08-02T08:00:00+0200,10390.639,MW,NL,NL,forecast_load,Forecasted Load,2026-08-16T07:22:13Z
2026-08-16T07:18:28Z,2026-08-16T09:18:28+0200,aaa9bd4d-7504-4e17-a444-f570127b5d4f,2026-08-02T06:15:00Z,2026-08-02T08:15:00+0200,10540.573,MW,NL,NL,forecast_load,Forecasted Load,2026-08-16T07:22:13Z
2026-08-16T07:18:28Z,2026-08-16T09:18:28+0200,aaa9bd4d-7504-4e17-a444-f570127b5d4f,2026-08-02T06:30:00Z,2026-08-02T08:30:00+0200,10667.576,MW,NL,NL,forecast_load,Forecasted Load,2026-08-16T07:22:13Z
2026-08-16T07:18:28Z,2026-08-16T09:18:28+0200,aaa9bd4d-7504-4e17-a444-f570127b5d4f,2026-08-02T06:45:00Z,2026-08-02T08:45:00+0200,10884.194,MW,NL,NL,forecast_load,Forecasted Load,2026-08-16T07:22:13Z
2026-08-16T07:18:28Z,2026-08-16T09:18:28+0200,aaa9bd4d-7504-4e17-a444-f570127b5d4f,2026-08-02T07:00:00Z,2026-08-02T09:00:00+0200,10989.87,MW,NL,NL,forecast_load,Forecasted Load,2026-08-16T07:22:13Z
2026-08-16T07:18:28Z,2026-08-16T09:18:28+0200,aaa9bd4d-7504-4e17-a444-f570127b5d4f,2026-08-02T07:15:00Z,2026-08-02T09:15:00+0200,11179.073,MW,NL,NL,forecast_load,Forecasted Load,2026-08-16T07:22:13Z
2026-08-16T07:18:28Z,2026-08-16T09:18:28+0200,aaa9bd4d-7504-4e17-a444-f570127b5d4f,2026-08-02T07:30:00Z,2026-08-02T09:30:00+0200,11315.116,MW,NL,NL,forecast_load,Forecasted Load,2026-08-16T07:22:13Z
2026-08-16T07:18:28Z,2026-08-16T09:18:28+0200,aaa9bd4d-7504-4e17-a444-f570127b5d4f,2026-08-02T07:45:00Z,2026-08-02T09:45:00+0200,11539.26,MW,NL,NL,forecast_load,Forecasted Load,2026-08-16T07:22:13Z
2026-08-16T07:18:28Z,2026-08-16T09:18:28+0200,aaa9bd4d-7504-4e17-a444-f570127b5d4f,2026-08-02T08:00:00Z,2026-08-02T10:00:00+0200,11678.998,MW,NL,NL,forecast_load,Forecasted Load,2026-08-16T07:22:13Z
2026-08-16T07:18:28Z,2026-08-16T09:18:28+0200,aaa9bd4d-7504-4e17-a444-f570127b5d4f,2026-08-02T08:15:00Z,2026-08-02T10:15:00+0200,11643.569,MW,NL,NL,forecast_load,Forecasted Load,2026-08-16T07:22:13Z
2026-08-16T07:18:28Z,2026-08-16T09:18:28+0200,aaa9bd4d-7504-4e17-a444-f570127b5d4f,2026-08-02T08:30:00Z,2026-08-02T10:30:00+0200,11713.703,MW,NL,NL,forecast_load,Forecasted Load,2026-08-16T07:22:13Z
2026-08-16T07:18:28Z,2026-08-16T09:18:28+0200,aaa9bd4d-7504-4e17-a444-f570127b5d4f,2026-08-02T08:45:00Z,2026-08-02T10:45:00+0200,11814.363,MW,NL,NL,forecast_load,Forecasted Load,2026-08-16T07:22:13Z
2026-08-16T07:18:28Z,2026-08-16T09:18:28+0200,aaa9bd4d-7504-4e17-a444-f570127b5d4f,2026-08-02T09:00:00Z,2026-08-02T11:00:00+0200,11824.25,MW,NL,NL,forecast_load,Forecasted Load,2026-08-16T07:22:13Z
2026-08-16T07:18:28Z,2026-08-16T09:18:28+0200,aaa9bd4d-7504-4e17-a444-f570127b5d4f,2026-08-02T09:15:00Z,2026-08-02T11:15:00+0200,11896.393,MW,NL,NL,forecast_load,Forecasted Load,2026-08-16T07:22:13Z
2026-08-16T07:18:28Z,2026-08-16T09:18:28+0200,aaa9bd4d-7504-4e17-a444-f570127b5d4f,2026-08-02T09:30:00Z,2026-08-02T11:30:00+0200,12005.976,MW,NL,NL,forecast_load,Forecasted Load,2026-08-16T07:22:13Z
2026-08-16T07:18:28Z,2026-08-16T09:18:28+0200,aaa9bd4d-7504-4e17-a444-f570127b5d4f,2026-08-02T09:45:00Z,2026-08-02T11:45:00+0200,12055.971,MW,NL,NL,forecast_load,Forecasted Load,2026-08-16T07:22:13Z
2026-08-16T07:18:28Z,2026-08-16T09:18:28+0200,aaa9bd4d-7504-4e17-a444-f570127b5d4f,2026-08-02T10:00:00Z,2026-08-02T12:00:00+0200,12093.262,MW,NL,NL,forecast_load,Forecasted Load,2026-08-16T07:22:13Z
2026-08-16T07:18:28Z,2026-08-16T09:18:28+0200,aaa9bd4d-7504-4e17-a444-f570127b5d4f,2026-08-02T10:15:00Z,2026-08-02T12:15:00+0200,12371.833,MW,NL,NL,forecast_load,Forecasted Load,2026-08-16T07:22:13Z
2026-08-16T07:18:28Z,2026-08-16T09:18:28+0200,aaa9bd4d-7504-4e17-a444-f570127b5d4f,2026-08-02T10:30:00Z,2026-08-02T12:30:00+0200,12302.122,MW,NL,NL,forecast_load,Forecasted Load,2026-08-16T07:22:13Z
2026-08-16T07:18:28Z,2026-08-16T09:18:28+0200,aaa9bd4d-7504-4e17-a444-f570127b5d4f,2026-08-02T10:45:00Z,2026-08-02T12:45:00+0200,12370.02,MW,NL,NL,forecast_load,Forecasted Load,2026-08-16T07:22:13Z
2026-08-16T07:18:28Z,2026-08-16T09:18:28+0200,aaa9bd4d-7504-4e17-a444-f570127b5d4f,2026-08-02T11:00:00Z,2026-08-02T13:00:00+0200,12381.949,MW,NL,NL,forecast_load,Forecasted Load,2026-08-16T07:22:13Z
2026-08-16T07:18:28Z,2026-08-16T09:18:28+0200,aaa9bd4d-7504-4e17-a444-f570127b5d4f,2026-08-02T11:15:00Z,2026-08-02T13:15:00+0200,12207.942,MW,NL,NL,forecast_load,Forecasted Load,2026-08-16T07:22:13Z
2026-08-16T07:18:28Z,2026-08-16T09:18:28+0200,aaa9bd4d-7504-4e17-a444-f570127b5d4f,2026-08-02T11:30:00Z,2026-08-02T13:30:00+0200,12177.085,MW,NL,NL,forecast_load,Forecasted Load,2026-08-16T07:22:13Z
2026-08-16T07:18:28Z,2026-08-16T09:18:28+0200,aaa9bd4d-7504-4e17-a444-f570127b5d4f,2026-08-02T11:45:00Z,2026-08-02T13:45:00+0200,12175.5,MW,NL,NL,forecast_load,Forecasted Load,2026-08-16T07:22:13Z
2026-08-16T07:18:28Z,2026-08-16T09:18:28+0200,aaa9bd4d-7504-4e17-a444-f570127b5d4f,2026-08-02T12:00:00Z,2026-08-02T14:00:00+0200,12196.594,MW,NL,NL,forecast_load,Forecasted Load,2026-08-16T07:22:13Z
2026-08-16T07:18:28Z,2026-08-16T09:18:28+0200,aaa9bd4d-7504-4e17-a444-f570127b5d4f,2026-08-02T12:15:00Z,2026-08-02T14:15:00+0200,12119.482,MW,NL,NL,forecast_load,Forecasted Load,2026-08-16T07:22:13Z
2026-08-16T07:18:28Z,2026-08-16T09:18:28+0200,aaa9bd4d-7504-4e17-a444-f570127b5d4f,2026-08-02T12:30:00Z,2026-08-02T14:30:00+0200,11955.766,MW,NL,NL,forecast_load,Forecasted Load,2026-08-16T07:22:13Z
2026-08-16T07:18:28Z,2026-08-16T09:18:28+0200,aaa9bd4d-7504-4e17-a444-f570127b5d4f,2026-08-02T12:45:00Z,2026-08-02T14:45:00+0200,11791.022,MW,NL,NL,forecast_load,Forecasted Load,2026-08-16T07:22:13Z
2026-08-16T07:18:28Z,2026-08-16T09:18:28+0200,aaa9bd4d-7504-4e17-a444-f570127b5d4f,2026-08-02T13:00:00Z,2026-08-02T15:00:00+0200,11704.164,MW,NL,NL,forecast_load,Forecasted Load,2026-08-16T07:22:13Z
2026-08-16T07:18:28Z,2026-08-16T09:18:28+0200,aaa9bd4d-7504-4e17-a444-f570127b5d4f,2026-08-02T13:15:00Z,2026-08-02T15:15:00+0200,11469.188,MW,NL,NL,forecast_load,Forecasted Load,2026-08-16T07:22:13Z
2026-08-16T07:18:28Z,2026-08-16T09:18:28+0200,aaa9bd4d-7504-4e17-a444-f570127b5d4f,2026-08-02T13:30:00Z,2026-08-02T15:30:00+0200,11480.771,MW,NL,NL,forecast_load,Forecasted Load,2026-08-16T07:22:13Z
2026-08-16T07:18:28Z,2026-08-16T09:18:28+0200,aaa9bd4d-7504-4e17-a444-f570127b5d4f,2026-08-02T13:45:00Z,2026-08-02T15:45:00+0200,11637.451,MW,NL,NL,forecast_load,Forecasted Load,2026-08-16T07:22:13Z
2026-08-16T07:18:28Z,2026-08-16T09:18:28+0200,aaa9bd4d-7504-4e17-a444-f570127b5d4f,2026-08-02T14:00:00Z,2026-08-02T16:00:00+0200,11708.805,MW,NL,NL,forecast_load,Forecasted Load,2026-08-16T07:22:13Z
2026-08-16T07:18:28Z,2026-08-16T09:18:28+0200,aaa9bd4d-7504-4e17-a444-f570127b5d4f,2026-08-02T14:15:00Z,2026-08-02T16:15:00+0200,11421.58,MW,NL,NL,forecast_load,Forecasted Load,2026-08-16T07:22:13Z
2026-08-16T07:18:28Z,2026-08-16T09:18:28+0200,aaa9bd4d-7504-4e17-a444-f570127b5d4f,2026-08-02T14:30:00Z,2026-08-02T16:30:00+0200,11332.619,MW,NL,NL,forecast_load,Forecasted Load,2026-08-16T07:22:13Z
2026-08-16T07:18:28Z,2026-08-16T09:18:28+0200,aaa9bd4d-7504-4e17-a444-f570127b5d4f,2026-08-02T14:45:00Z,2026-08-02T16:45:00+0200,11183.542,MW,NL,NL,forecast_load,Forecasted Load,2026-08-16T07:22:13Z
2026-08-16T07:18:28Z,2026-08-16T09:18:28+0200,aaa9bd4d-7504-4e17-a444-f570127b5d4f,2026-08-02T15:00:00Z,2026-08-02T17:00:00+0200,11172.477,MW,NL,NL,forecast_load,Forecasted Load,2026-08-16T07:22:13Z
2026-08-16T07:18:28Z,2026-08-16T09:18:28+0200,aaa9bd4d-7504-4e17-a444-f570127b5d4f,2026-08-02T15:15:00Z,2026-08-02T17:15:00+0200,11156.516,MW,NL,NL,forecast_load,Forecasted Load,2026-08-16T07:22:13Z
2026-08-16T07:18:28Z,2026-08-16T09:18:28+0200,aaa9bd4d-7504-4e17-a444-f570127b5d4f,2026-08-02T15:30:00Z,2026-08-02T17:30:00+0200,11719.018,MW,NL,NL,forecast_load,Forecasted Load,2026-08-16T07:22:13Z
2026-08-16T07:18:28Z,2026-08-16T09:18:28+0200,aaa9bd4d-7504-4e17-a444-f570127b5d4f,2026-08-02T15:45:00Z,2026-08-02T17:45:00+0200,11759.561,MW,NL,NL,forecast_load,Forecasted Load,2026-08-16T07:22:13Z
2026-08-16T07:18:28Z,2026-08-16T09:18:28+0200,aaa9bd4d-7504-4e17-a444-f570127b5d4f,2026-08-02T16:00:00Z,2026-08-02T18:00:00+0200,11857.411,MW,NL,NL,forecast_load,Forecasted Load,2026-08-16T07:22:13Z
2026-08-16T07:18:28Z,2026-08-16T09:18:28+0200,aaa9bd4d-7504-4e17-a444-f570127b5d4f,2026-08-02T16:15:00Z,2026-08-02T18:15:00+0200,11702.056,MW,NL,NL,forecast_load,Forecasted Load,2026-08-16T07:22:13Z
2026-08-16T07:18:28Z,2026-08-16T09:18:28+0200,aaa9bd4d-7504-4e17-a444-f570127b5d4f,2026-08-02T16:30:00Z,2026-08-02T18:30:00+0200,11782.75,MW,NL,NL,forecast_load,Forecasted Load,2026-08-16T07:22:13Z
2026-08-16T07:18:28Z,2026-08-16T09:18:28+0200,aaa9bd4d-7504-4e17-a444-f570127b5d4f,2026-08-02T16:45:00Z,2026-08-02T18:45:00+0200,11801.01,MW,NL,NL,forecast_load,Forecasted Load,2026-08-16T07:22:13Z
2026-08-16T07:18:28Z,2026-08-16T09:18:28+0200,aaa9bd4d-7504-4e17-a444-f570127b5d4f,2026-08-02T17:00:00Z,2026-08-02T19:00:00+0200,11854.836,MW,NL,NL,forecast_load,Forecasted Load,2026-08-16T07:22:13Z
2026-08-16T07:18:28Z,2026-08-16T09:18:28+0200,aaa9bd4d-7504-4e17-a444-f570127b5d4f,2026-08-02T17:15:00Z,2026-08-02T19:15:00+0200,11965.372,MW,NL,NL,forecast_load,Forecasted Load,2026-08-16T07:22:13Z
2026-08-16T07:18:28Z,2026-08-16T09:18:28+0200,aaa9bd4d-7504-4e17-a444-f570127b5d4f,2026-08-02T17:30:00Z,2026-08-02T19:30:00+0200,12130.593,MW,NL,NL,forecast_load,Forecasted Load,2026-08-16T07:22:13Z
2026-08-16T07:18:28Z,2026-08-16T09:18:28+0200,aaa9bd4d-7504-4e17-a444-f570127b5d4f,2026-08-02T17:45:00Z,2026-08-02T19:45:00+0200,12379.572,MW,NL,NL,forecast_load,Forecasted Load,2026-08-16T07:22:13Z
2026-08-16T07:18:28Z,2026-08-16T09:18:28+0200,aaa9bd4d-7504-4e17-a444-f570127b5d4f,2026-08-02T18:00:00Z,2026-08-02T20:00:00+0200,12513.149,MW,NL,NL,forecast_load,Forecasted Load,2026-08-16T07:22:13Z
2026-08-16T07:18:28Z,2026-08-16T09:18:28+0200,aaa9bd4d-7504-4e17-a444-f570127b5d4f,2026-08-02T18:15:00Z,2026-08-02T20:15:00+0200,12435.956,MW,NL,NL,forecast_load,Forecasted Load,2026-08-16T07:22:13Z
2026-08-16T07:18:28Z,2026-08-16T09:18:28+0200,aaa9bd4d-7504-4e17-a444-f570127b5d4f,2026-08-02T18:30:00Z,2026-08-02T20:30:00+0200,12468.739,MW,NL,NL,forecast_load,Forecasted Load,2026-08-16T07:22:13Z
2026-08-16T07:18:28Z,2026-08-16T09:18:28+0200,aaa9bd4d-7504-4e17-a444-f570127b5d4f,2026-08-02T18:45:00Z,2026-08-02T20:45:00+0200,12562.503,MW,NL,NL,forecast_load,Forecasted Load,2026-08-16T07:22:13Z
2026-08-16T07:18:28Z,2026-08-16T09:18:28+0200,aaa9bd4d-7504-4e17-a444-f570127b5d4f,2026-08-02T19:00:00Z,2026-08-02T21:00:00+0200,12629.56,MW,NL,NL,forecast_load,Forecasted Load,2026-08-16T07:22:13Z
2026-08-16T07:18:28Z,2026-08-16T09:18:28+0200,aaa9bd4d-7504-4e17-a444-f570127b5d4f,2026-08-02T19:15:00Z,2026-08-02T21:15:00+0200,12725.652,MW,NL,NL,forecast_load,Forecasted Load,2026-08-16T07:22:13Z
2026-08-16T07:18:28Z,2026-08-16T09:18:28+0200,aaa9bd4d-7504-4e17-a444-f570127b5d4f,2026-08-02T19:30:00Z,2026-08-02T21:30:00+0200,12721.326,MW,NL,NL,forecast_load,Forecasted Load,2026-08-16T07:22:13Z
2026-08-16T07:18:28Z,2026-08-16T09:18:28+0200,aaa9bd4d-7504-4e17-a444-f570127b5d4f,2026-08-02T19:45:00Z,2026-08-02T21:45:00+0200,12694.323,MW,NL,NL,forecast_load,Forecasted Load,2026-08-16T07:22:13Z
2026-08-16T07:18:28Z,2026-08-16T09:18:28+0200,aaa9bd4d-7504-4e17-a444-f570127b5d4f,2026-08-02T20:00:00Z,2026-08-02T22:00:00+0200,12774.865,MW,NL,NL,forecast_load,Forecasted Load,2026-08-16T07:22:13Z
2026-08-16T07:18:28Z,2026-08-16T09:18:28+0200,aaa9bd4d-7504-4e17-a444-f570127b5d4f,2026-08-02T20:15:00Z,2026-08-02T22:15:00+0200,12715.085,MW,NL,NL,forecast_load,Forecasted Load,2026-08-16T07:22:13Z
2026-08-16T07:18:28Z,2026-08-16T09:18:28+0200,aaa9bd4d-7504-4e17-a444-f570127b5d4f,2026-08-02T20:30:00Z,2026-08-02T22:30:00+0200,12589.003,MW,NL,NL,forecast_load,Forecasted Load,2026-08-16T07:22:13Z
2026-08-16T07:18:28Z,2026-08-16T09:18:28+0200,aaa9bd4d-7504-4e17-a444-f570127b5d4f,2026-08-02T20:45:00Z,2026-08-02T22:45:00+0200,12475.071,MW,NL,NL,forecast_load,Forecasted Load,2026-08-16T07:22:13Z
2026-08-16T07:18:28Z,2026-08-16T09:18:28+0200,aaa9bd4d-7504-4e17-a444-f570127b5d4f,2026-08-02T21:00:00Z,2026-08-02T23:00:00+0200,12464.215,MW,NL,NL,forecast_load,Forecasted Load,2026-08-16T07:22:13Z
2026-08-16T07:18:28Z,2026-08-16T09:18:28+0200,aaa9bd4d-7504-4e17-a444-f570127b5d4f,2026-08-02T21:15:00Z,2026-08-02T23:15:00+0200,12295.946,MW,NL,NL,forecast_load,Forecasted Load,2026-08-16T07:22:13Z
2026-08-16T07:18:28Z,2026-08-16T09:18:28+0200,aaa9bd4d-7504-4e17-a444-f570127b5d4f,2026-08-02T21:30:00Z,2026-08-02T23:30:00+0200,12227.837,MW,NL,NL,forecast_load,Forecasted Load,2026-08-16T07:22:13Z
2026-08-16T07:18:28Z,2026-08-16T09:18:28+0200,aaa9bd4d-7504-4e17-a444-f570127b5d4f,2026-08-02T21:45:00Z,2026-08-02T23:45:00+0200,12086.164,MW,NL,NL,forecast_load,Forecasted Load,2026-08-16T07:22:13Z
2026-08-16T07:18:28Z,2026-08-16T09:18:28+0200,aaa9bd4d-7504-4e17-a444-f570127b5d4f,2026-08-02T22:00:00Z,2026-08-03T00:00:00+0200,11389.015,MW,NL,NL,forecast_load,Forecasted Load,2026-08-16T07:22:13Z
2026-08-16T07:18:28Z,2026-08-16T09:18:28+0200,aaa9bd4d-7504-4e17-a444-f570127b5d4f,2026-08-02T22:15:00Z,2026-08-03T00:15:00+0200,11461.285,MW,NL,NL,forecast_load,Forecasted Load,2026-08-16T07:22:13Z
2026-08-16T07:18:28Z,2026-08-16T09:18:28+0200,aaa9bd4d-7504-4e17-a444-f570127b5d4f,2026-08-02T22:30:00Z,2026-08-03T00:30:00+0200,11430.485,MW,NL,NL,forecast_load,Forecasted Load,2026-08-16T07:22:13Z
2026-08-16T07:18:28Z,2026-08-16T09:18:28+0200,aaa9bd4d-7504-4e17-a444-f570127b5d4f,2026-08-02T22:45:00Z,2026-08-03T00:45:00+0200,11325.844,MW,NL,NL,forecast_load,Forecasted Load,2026-08-16T07:22:13Z
2026-08-16T07:18:28Z,2026-08-16T09:18:28+0200,aaa9bd4d-7504-4e17-a444-f570127b5d4f,2026-08-02T23:00:00Z,2026-08-03T01:00:00+0200,11250.797,MW,NL,NL,forecast_load,Forecasted Load,2026-08-16T07:22:13Z
2026-08-16T07:18:28Z,2026-08-16T09:18:28+0200,aaa9bd4d-7504-4e17-a444-f570127b5d4f,2026-08-02T23:15:00Z,2026-08-03T01:15:00+0200,11191.582,MW,NL,NL,forecast_load,Forecasted Load,2026-08-16T07:22:13Z
2026-08-16T07:18:28Z,2026-08-16T09:18:28+0200,aaa9bd4d-7504-4e17-a444-f570127b5d4f,2026-08-02T23:30:00Z,2026-08-03T01:30:00+0200,11113.297,MW,NL,NL,forecast_load,Forecasted Load,2026-08-16T07:22:13Z
2026-08-16T07:18:28Z,2026-08-16T09:18:28+0200,aaa9bd4d-7504-4e17-a444-f570127b5d4f,2026-08-02T23:45:00Z,2026-08-03T01:45:00+0200,11042.819,MW,NL,NL,forecast_load,Forecasted Load,2026-08-16T07:22:13Z
2026-08-16T07:18:28Z,2026-08-16T09:18:28+0200,aaa9bd4d-7504-4e17-a444-f570127b5d4f,2026-08-03T00:00:00Z,2026-08-03T02:00:00+0200,10963.32,MW,NL,NL,forecast_load,Forecasted Load,2026-08-16T07:22:13Z
2026-08-16T07:18:28Z,2026-08-16T09:18:28+0200,aaa9bd4d-7504-4e17-a444-f570127b5d4f,2026-08-03T00:15:00Z,2026-08-03T02:15:00+0200,10903.821,MW,NL,NL,forecast_load,Forecasted Load,2026-08-16T07:22:13Z
2026-08-16T07:18:28Z,2026-08-16T09:18:28+0200,aaa9bd4d-7504-4e17-a444-f570127b5d4f,2026-08-03T00:30:00Z,2026-08-03T02:30:00+0200,10874.043,MW,NL,NL,forecast_load,Forecasted Load,2026-08-16T07:22:13Z
2026-08-16T07:18:28Z,2026-08-16T09:18:28+0200,aaa9bd4d-7504-4e17-a444-f570127b5d4f,2026-08-03T00:45:00Z,2026-08-03T02:45:00+0200,10785.671,MW,NL,NL,forecast_load,Forecasted Load,2026-08-16T07:22:13Z
2026-08-16T07:18:28Z,2026-08-16T09:18:28+0200,aaa9bd4d-7504-4e17-a444-f570127b5d4f,2026-08-03T01:00:00Z,2026-08-03T03:00:00+0200,10735.336,MW,NL,NL,forecast_load,Forecasted Load,2026-08-16T07:22:13Z
2026-08-16T07:18:28Z,2026-08-16T09:18:28+0200,aaa9bd4d-7504-4e17-a444-f570127b5d4f,2026-08-03T01:15:00Z,2026-08-03T03:15:00+0200,10733.149,MW,NL,NL,forecast_load,Forecasted Load,2026-08-16T07:22:13Z
2026-08-16T07:18:28Z,2026-08-16T09:18:28+0200,aaa9bd4d-7504-4e17-a444-f570127b5d4f,2026-08-03T01:30:00Z,2026-08-03T03:30:00+0200,10737.44,MW,NL,NL,forecast_load,Forecasted Load,2026-08-16T07:22:13Z
2026-08-16T07:18:28Z,2026-08-16T09:18:28+0200,aaa9bd4d-7504-4e17-a444-f570127b5d4f,2026-08-03T01:45:00Z,2026-08-03T03:45:00+0200,10752.127,MW,NL,NL,forecast_load,Forecasted Load,2026-08-16T07:22:13Z
2026-08-16T07:18:28Z,2026-08-16T09:18:28+0200,aaa9bd4d-7504-4e17-a444-f570127b5d4f,2026-08-03T02:00:00Z,2026-08-03T04:00:00+0200,10745.936,MW,NL,NL,forecast_load,Forecasted Load,2026-08-16T07:22:13Z
2026-08-16T07:18:28Z,2026-08-16T09:18:28+0200,aaa9bd4d-7504-4e17-a444-f570127b5d4f,2026-08-03T02:15:00Z,2026-08-03T04:15:00+0200,10838.219,MW,NL,NL,forecast_load,Forecasted Load,2026-08-16T07:22:13Z
2026-08-16T07:18:28Z,2026-08-16T09:18:28+0200,aaa9bd4d-7504-4e17-a444-f570127b5d4f,2026-08-03T02:30:00Z,2026-08-03T04:30:00+0200,10770.434,MW,NL,NL,forecast_load,Forecasted Load,2026-08-16T07:22:13Z
2026-08-16T07:18:28Z,2026-08-16T09:18:28+0200,aaa9bd4d-7504-4e17-a444-f570127b5d4f,2026-08-03T02:45:00Z,2026-08-03T04:45:00+0200,10719.466,MW,NL,NL,forecast_load,Forecasted Load,2026-08-16T07:22:13Z
2026-08-16T07:18:28Z,2026-08-16T09:18:28+0200,aaa9bd4d-7504-4e17-a444-f570127b5d4f,2026-08-03T03:00:00Z,2026-08-03T05:00:00+0200,10691.14,MW,NL,NL,forecast_load,Forecasted Load,2026-08-16T07:22:13Z
2026-08-16T07:18:28Z,2026-08-16T09:18:28+0200,aaa9bd4d-7504-4e17-a444-f570127b5d4f,2026-08-03T03:15:00Z,2026-08-03T05:15:00+0200,10816.684,MW,NL,NL,forecast_load,Forecasted Load,2026-08-16T07:22:13Z
2026-08-16T07:18:28Z,2026-08-16T09:18:28+0200,aaa9bd4d-7504-4e17-a444-f570127b5d4f,2026-08-03T03:30:00Z,2026-08-03T05:30:00+0200,10876.718,MW,NL,NL,forecast_load,Forecasted Load,2026-08-16T07:22:13Z
2026-08-16T07:18:28Z,2026-08-16T09:18:28+0200,aaa9bd4d-7504-4e17-a444-f570127b5d4f,2026-08-03T03:45:00Z,2026-08-03T05:45:00+0200,10975.336,MW,NL,NL,forecast_load,Forecasted Load,2026-08-16T07:22:13Z
2026-08-16T07:18:28Z,2026-08-16T09:18:28+0200,aaa9bd4d-7504-4e17-a444-f570127b5d4f,2026-08-03T04:00:00Z,2026-08-03T06:00:00+0200,11068.525,MW,NL,NL,forecast_load,Forecasted Load,2026-08-16T07:22:13Z
2026-08-16T07:18:28Z,2026-08-16T09:18:28+0200,aaa9bd4d-7504-4e17-a444-f570127b5d4f,2026-08-03T04:15:00Z,2026-08-03T06:15:00+0200,11106.979,MW,NL,NL,forecast_load,Forecasted Load,2026-08-16T07:22:13Z
2026-08-16T07:18:28Z,2026-08-16T09:18:28+0200,aaa9bd4d-7504-4e17-a444-f570127b5d4f,2026-08-03T04:30:00Z,2026-08-03T06:30:00+0200,11160.378,MW,NL,NL,forecast_load,Forecasted Load,2026-08-16T07:22:13Z
2026-08-16T07:18:28Z,2026-08-16T09:18:28+0200,aaa9bd4d-7504-4e17-a444-f570127b5d4f,2026-08-03T04:45:00Z,2026-08-03T06:45:00+0200,11270.286,MW,NL,NL,forecast_load,Forecasted Load,2026-08-16T07:22:13Z
2026-08-16T07:18:28Z,2026-08-16T09:18:28+0200,aaa9bd4d-7504-4e17-a444-f570127b5d4f,2026-08-03T05:00:00Z,2026-08-03T07:00:00+0200,11268.21,MW,NL,NL,forecast_load,Forecasted Load,2026-08-16T07:22:13Z
2026-08-16T07:18:28Z,2026-08-16T09:18:28+0200,aaa9bd4d-7504-4e17-a444-f570127b5d4f,2026-08-03T05:15:00Z,2026-08-03T07:15:00+0200,11187.679,MW,NL,NL,forecast_load,Forecasted Load,2026-08-16T07:22:13Z
2026-08-16T07:18:28Z,2026-08-16T09:18:28+0200,aaa9bd4d-7504-4e17-a444-f570127b5d4f,2026-08-03T05:30:00Z,2026-08-03T07:30:00+0200,11091.391,MW,NL,NL,forecast_load,Forecasted Load,2026-08-16T07:22:13Z
2026-08-16T07:18:28Z,2026-08-16T09:18:28+0200,aaa9bd4d-7504-4e17-a444-f570127b5d4f,2026-08-03T05:45:00Z,2026-08-03T07:45:00+0200,11173.022,MW,NL,NL,forecast_load,Forecasted Load,2026-08-16T07:22:13Z
2026-08-16T07:18:28Z,2026-08-16T09:18:28+0200,aaa9bd4d-7504-4e17-a444-f570127b5d4f,2026-08-03T06:00:00Z,2026-08-03T08:00:00+0200,11192.494,MW,NL,NL,forecast_load,Forecasted Load,2026-08-16T07:22:13Z
2026-08-16T07:18:28Z,2026-08-16T09:18:28+0200,aaa9bd4d-7504-4e17-a444-f570127b5d4f,2026-08-03T06:15:00Z,2026-08-03T08:15:00+0200,10981.808,MW,NL,NL,forecast_load,Forecasted Load,2026-08-16T07:22:13Z
2026-08-16T07:18:28Z,2026-08-16T09:18:28+0200,aaa9bd4d-7504-4e17-a444-f570127b5d4f,2026-08-03T06:30:00Z,2026-08-03T08:30:00+0200,10857.336,MW,NL,NL,forecast_load,Forecasted Load,2026-08-16T07:22:13Z
2026-08-16T07:18:28Z,2026-08-16T09:18:28+0200,aaa9bd4d-7504-4e17-a444-f570127b5d4f,2026-08-03T06:45:00Z,2026-08-03T08:45:00+0200,10741.245,MW,NL,NL,forecast_load,Forecasted Load,2026-08-16T07:22:13Z
2026-08-16T07:18:28Z,2026-08-16T09:18:28+0200,aaa9bd4d-7504-4e17-a444-f570127b5d4f,2026-08-03T07:00:00Z,2026-08-03T09:00:00+0200,10580.029,MW,NL,NL,forecast_load,Forecasted Load,2026-08-16T07:22:13Z
2026-08-16T07:18:28Z,2026-08-16T09:18:28+0200,aaa9bd4d-7504-4e17-a444-f570127b5d4f,2026-08-03T07:15:00Z,2026-08-03T09:15:00+0200,10391.842,MW,NL,NL,forecast_load,Forecasted Load,2026-08-16T07:22:13Z
2026-08-16T07:18:28Z,2026-08-16T09:18:28+0200,aaa9bd4d-7504-4e17-a444-f570127b5d4f,2026-08-03T07:30:00Z,2026-08-03T09:30:00+0200,10203.614,MW,NL,NL,forecast_load,Forecasted Load,2026-08-16T07:22:13Z
2026-08-16T07:18:28Z,2026-08-16T09:18:28+0200,aaa9bd4d-7504-4e17-a444-f570127b5d4f,2026-08-03T07:45:00Z,2026-08-03T09:45:00+0200,9992.758,MW,NL,NL,forecast_load,Forecasted Load,2026-08-16T07:22:13Z
2026-08-16T07:18:28Z,2026-08-16T09:18:28+0200,aaa9bd4d-7504-4e17-a444-f570127b5d4f,2026-08-03T08:00:00Z,2026-08-03T10:00:00+0200,9884.889,MW,NL,NL,forecast_load,Forecasted Load,2026-08-16T07:22:13Z
2026-08-16T07:18:28Z,2026-08-16T09:18:28+0200,aaa9bd4d-7504-4e17-a444-f570127b5d4f,2026-08-03T08:15:00Z,2026-08-03T10:15:00+0200,9817.344,MW,NL,NL,forecast_load,Forecasted Load,2026-08-16T07:22:13Z
2026-08-16T07:18:28Z,2026-08-16T09:18:28+0200,aaa9bd4d-7504-4e17-a444-f570127b5d4f,2026-08-03T08:30:00Z,2026-08-03T10:30:00+0200,9751.095,MW,NL,NL,forecast_load,Forecasted Load,2026-08-16T07:22:13Z
2026-08-16T07:18:28Z,2026-08-16T09:18:28+0200,aaa9bd4d-7504-4e17-a444-f570127b5d4f,2026-08-03T08:45:00Z,2026-08-03T10:45:00+0200,9765.799,MW,NL,NL,forecast_load,Forecasted Load,2026-08-16T07:22:13Z
2026-08-16T07:18:28Z,2026-08-16T09:18:28+0200,aaa9bd4d-7504-4e17-a444-f570127b5d4f,2026-08-03T09:00:00Z,2026-08-03T11:00:00+0200,9688.373,MW,NL,NL,forecast_load,Forecasted Load,2026-08-16T07:22:13Z
2026-08-16T07:18:28Z,2026-08-16T09:18:28+0200,aaa9bd4d-7504-4e17-a444-f570127b5d4f,2026-08-03T09:15:00Z,2026-08-03T11:15:00+0200,9543.265,MW,NL,NL,forecast_load,Forecasted Load,2026-08-16T07:22:13Z
2026-08-16T07:18:28Z,2026-08-16T09:18:28+0200,aaa9bd4d-7504-4e17-a444-f570127b5d4f,2026-08-03T09:30:00Z,2026-08-03T11:30:00+0200,9426.738,MW,NL,NL,forecast_load,Forecasted Load,2026-08-16T07:22:13Z
2026-08-16T07:18:28Z,2026-08-16T09:18:28+0200,aaa9bd4d-7504-4e17-a444-f570127b5d4f,2026-08-03T09:45:00Z,2026-08-03T11:45:00+0200,9332.815,MW,NL,NL,forecast_load,Forecasted Load,2026-08-16T07:22:13Z
2026-08-16T07:18:28Z,2026-08-16T09:18:28+0200,aaa9bd4d-7504-4e17-a444-f570127b5d4f,2026-08-03T10:00:00Z,2026-08-03T12:00:00+0200,9221.975,MW,NL,NL,forecast_load,Forecasted Load,2026-08-16T07:22:13Z
2026-08-16T07:18:28Z,2026-08-16T09:18:28+0200,aaa9bd4d-7504-4e17-a444-f570127b5d4f,2026-08-03T10:15:00Z,2026-08-03T12:15:00+0200,9185.318,MW,NL,NL,forecast_load,Forecasted Load,2026-08-16T07:22:13Z
2026-08-16T07:18:28Z,2026-08-16T09:18:28+0200,aaa9bd4d-7504-4e17-a444-f570127b5d4f,2026-08-03T10:30:00Z,2026-08-03T12:30:00+0200,9247.334,MW,NL,NL,forecast_load,Forecasted Load,2026-08-16T07:22:13Z
2026-08-16T07:18:28Z,2026-08-16T09:18:28+0200,aaa9bd4d-7504-4e17-a444-f570127b5d4f,2026-08-03T10:45:00Z,2026-08-03T12:45:00+0200,9164.225,MW,NL,NL,forecast_load,Forecasted Load,2026-08-16T07:22:13Z
2026-08-16T07:18:28Z,2026-08-16T09:18:28+0200,aaa9bd4d-7504-4e17-a444-f570127b5d4f,2026-08-03T11:00:00Z,2026-08-03T13:00:00+0200,9216.972,MW,NL,NL,forecast_load,Forecasted Load,2026-08-16T07:22:13Z
2026-08-16T07:18:28Z,2026-08-16T09:18:28+0200,aaa9bd4d-7504-4e17-a444-f570127b5d4f,2026-08-03T11:15:00Z,2026-08-03T13:15:00+0200,9189.767,MW,NL,NL,forecast_load,Forecasted Load,2026-08-16T07:22:13Z
2026-08-16T07:18:28Z,2026-08-16T09:18:28+0200,aaa9bd4d-7504-4e17-a444-f570127b5d4f,2026-08-03T11:30:00Z,2026-08-03T13:30:00+0200,8967.086,MW,NL,NL,forecast_load,Forecasted Load,2026-08-16T07:22:13Z
2026-08-16T07:18:28Z,2026-08-16T09:18:28+0200,aaa9bd4d-7504-4e17-a444-f570127b5d4f,2026-08-03T11:45:00Z,2026-08-03T13:45:00+0200,9071.498,MW,NL,NL,forecast_load,Forecasted Load,2026-08-16T07:22:13Z
2026-08-16T07:18:28Z,2026-08-16T09:18:28+0200,aaa9bd4d-7504-4e17-a444-f570127b5d4f,2026-08-03T12:00:00Z,2026-08-03T14:00:00+0200,8922.491,MW,NL,NL,forecast_load,Forecasted Load,2026-08-16T07:22:13Z
2026-08-16T07:18:28Z,2026-08-16T09:18:28+0200,aaa9bd4d-7504-4e17-a444-f570127b5d4f,2026-08-03T12:15:00Z,2026-08-03T14:15:00+0200,9051.578,MW,NL,NL,forecast_load,Forecasted Load,2026-08-16T07:22:13Z
2026-08-16T07:18:28Z,2026-08-16T09:18:28+0200,aaa9bd4d-7504-4e17-a444-f570127b5d4f,2026-08-03T12:30:00Z,2026-08-03T14:30:00+0200,8906.579,MW,NL,NL,forecast_load,Forecasted Load,2026-08-16T07:22:13Z
2026-08-16T07:18:28Z,2026-08-16T09:18:28+0200,aaa9bd4d-7504-4e17-a444-f570127b5d4f,2026-08-03T12:45:00Z,2026-08-03T14:45:00+0200,8817.101,MW,NL,NL,forecast_load,Forecasted Load,2026-08-16T07:22:13Z
2026-08-16T07:18:28Z,2026-08-16T09:18:28+0200,aaa9bd4d-7504-4e17-a444-f570127b5d4f,2026-08-03T13:00:00Z,2026-08-03T15:00:00+0200,8735.418,MW,NL,NL,forecast_load,Forecasted Load,2026-08-16T07:22:13Z
2026-08-16T07:18:28Z,2026-08-16T09:18:28+0200,aaa9bd4d-7504-4e17-a444-f570127b5d4f,2026-08-03T13:15:00Z,2026-08-03T15:15:00+0200,8745.129,MW,NL,NL,forecast_load,Forecasted Load,2026-08-16T07:22:13Z
2026-08-16T07:18:28Z,2026-08-16T09:18:28+0200,aaa9bd4d-7504-4e17-a444-f570127b5d4f,2026-08-03T13:30:00Z,2026-08-03T15:30:00+0200,8585.375,MW,NL,NL,forecast_load,Forecasted Load,2026-08-16T07:22:13Z
2026-08-16T07:18:28Z,2026-08-16T09:18:28+0200,aaa9bd4d-7504-4e17-a444-f570127b5d4f,2026-08-03T13:45:00Z,2026-08-03T15:45:00+0200,8583.714,MW,NL,NL,forecast_load,Forecasted Load,2026-08-16T07:22:13Z
2026-08-16T07:18:28Z,2026-08-16T09:18:28+0200,aaa9bd4d-7504-4e17-a444-f570127b5d4f,2026-08-03T14:00:00Z,2026-08-03T16:00:00+0200,8670.136,MW,NL,NL,forecast_load,Forecasted Load,2026-08-16T07:22:13Z
2026-08-16T07:18:28Z,2026-08-16T09:18:28+0200,aaa9bd4d-7504-4e17-a444-f570127b5d4f,2026-08-03T14:15:00Z,2026-08-03T16:15:00+0200,8612.967,MW,NL,NL,forecast_load,Forecasted Load,2026-08-16T07:22:13Z
2026-08-16T07:18:28Z,2026-08-16T09:18:28+0200,aaa9bd4d-7504-4e17-a444-f570127b5d4f,2026-08-03T14:30:00Z,2026-08-03T16:30:00+0200,8633.872,MW,NL,NL,forecast_load,Forecasted Load,2026-08-16T07:22:13Z
2026-08-16T07:18:28Z,2026-08-16T09:18:28+0200,aaa9bd4d-7504-4e17-a444-f570127b5d4f,2026-08-03T14:45:00Z,2026-08-03T16:45:00+0200,8912.733,MW,NL,NL,forecast_load,Forecasted Load,2026-08-16T07:22:13Z
2026-08-16T07:18:28Z,2026-08-16T09:18:28+0200,aaa9bd4d-7504-4e17-a444-f570127b5d4f,2026-08-03T15:00:00Z,2026-08-03T17:00:00+0200,9104.373,MW,NL,NL,forecast_load,Forecasted Load,2026-08-16T07:22:13Z
2026-08-16T07:18:28Z,2026-08-16T09:18:28+0200,aaa9bd4d-7504-4e17-a444-f570127b5d4f,2026-08-03T15:15:00Z,2026-08-03T17:15:00+0200,9350.362,MW,NL,NL,forecast_load,Forecasted Load,2026-08-16T07:22:13Z
2026-08-16T07:18:28Z,2026-08-16T09:18:28+0200,aaa9bd4d-7504-4e17-a444-f570127b5d4f,2026-08-03T15:30:00Z,2026-08-03T17:30:00+0200,9583.002,MW,NL,NL,forecast_load,Forecasted Load,2026-08-16T07:22:13Z
2026-08-16T07:18:28Z,2026-08-16T09:18:28+0200,aaa9bd4d-7504-4e17-a444-f570127b5d4f,2026-08-03T15:45:00Z,2026-08-03T17:45:00+0200,9801.762,MW,NL,NL,forecast_load,Forecasted Load,2026-08-16T07:22:13Z
2026-08-16T07:18:28Z,2026-08-16T09:18:28+0200,aaa9bd4d-7504-4e17-a444-f570127b5d4f,2026-08-03T16:00:00Z,2026-08-03T18:00:00+0200,10032.376,MW,NL,NL,forecast_load,Forecasted Load,2026-08-16T07:22:13Z
2026-08-16T07:18:28Z,2026-08-16T09:18:28+0200,aaa9bd4d-7504-4e17-a444-f570127b5d4f,2026-08-03T16:15:00Z,2026-08-03T18:15:00+0200,10214.137,MW,NL,NL,forecast_load,Forecasted Load,2026-08-16T07:22:13Z
2026-08-16T07:18:28Z,2026-08-16T09:18:28+0200,aaa9bd4d-7504-4e17-a444-f570127b5d4f,2026-08-03T16:30:00Z,2026-08-03T18:30:00+0200,10459.058,MW,NL,NL,forecast_load,Forecasted Load,2026-08-16T07:22:13Z
2026-08-16T07:18:28Z,2026-08-16T09:18:28+0200,aaa9bd4d-7504-4e17-a444-f570127b5d4f,2026-08-03T16:45:00Z,2026-08-03T18:45:00+0200,10604.626,MW,NL,NL,forecast_load,Forecasted Load,2026-08-16T07:22:13Z
2026-08-16T07:18:28Z,2026-08-16T09:18:28+0200,aaa9bd4d-7504-4e17-a444-f570127b5d4f,2026-08-03T17:00:00Z,2026-08-03T19:00:00+0200,10658.116,MW,NL,NL,forecast_load,Forecasted Load,2026-08-16T07:22:13Z
2026-08-16T07:18:28Z,2026-08-16T09:18:28+0200,aaa9bd4d-7504-4e17-a444-f570127b5d4f,2026-08-03T17:15:00Z,2026-08-03T19:15:00+0200,10703.089,MW,NL,NL,forecast_load,Forecasted Load,2026-08-16T07:22:13Z
2026-08-16T07:18:28Z,2026-08-16T09:18:28+0200,aaa9bd4d-7504-4e17-a444-f570127b5d4f,2026-08-03T17:30:00Z,2026-08-03T19:30:00+0200,10853.434,MW,NL,NL,forecast_load,Forecasted Load,2026-08-16T07:22:13Z
2026-08-16T07:18:28Z,2026-08-16T09:18:28+0200,aaa9bd4d-7504-4e17-a444-f570127b5d4f,2026-08-03T17:45:00Z,2026-08-03T19:45:00+0200,11114.017,MW,NL,NL,forecast_load,Forecasted Load,2026-08-16T07:22:13Z
2026-08-16T07:18:28Z,2026-08-16T09:18:28+0200,aaa9bd4d-7504-4e17-a444-f570127b5d4f,2026-08-03T18:00:00Z,2026-08-03T20:00:00+0200,11401.414,MW,NL,NL,forecast_load,Forecasted Load,2026-08-16T07:22:13Z
2026-08-16T07:18:28Z,2026-08-16T09:18:28+0200,aaa9bd4d-7504-4e17-a444-f570127b5d4f,2026-08-03T18:15:00Z,2026-08-03T20:15:00+0200,11663.115,MW,NL,NL,forecast_load,Forecasted Load,2026-08-16T07:22:13Z
2026-08-16T07:18:28Z,2026-08-16T09:18:28+0200,aaa9bd4d-7504-4e17-a444-f570127b5d4f,2026-08-03T18:30:00Z,2026-08-03T20:30:00+0200,11785.006,MW,NL,NL,forecast_load,Forecasted Load,2026-08-16T07:22:13Z
2026-08-16T07:18:28Z,2026-08-16T09:18:28+0200,aaa9bd4d-7504-4e17-a444-f570127b5d4f,2026-08-03T18:45:00Z,2026-08-03T20:45:00+0200,11829.117,MW,NL,NL,forecast_load,Forecasted Load,2026-08-16T07:22:13Z
2026-08-16T07:18:28Z,2026-08-16T09:18:28+0200,aaa9bd4d-7504-4e17-a444-f570127b5d4f,2026-08-03T19:00:00Z,2026-08-03T21:00:00+0200,11984.967,MW,NL,NL,forecast_load,Forecasted Load,2026-08-16T07:22:13Z
2026-08-16T07:18:28Z,2026-08-16T09:18:28+0200,aaa9bd4d-7504-4e17-a444-f570127b5d4f,2026-08-03T19:15:00Z,2026-08-03T21:15:00+0200,12193.722,MW,NL,NL,forecast_load,Forecasted Load,2026-08-16T07:22:13Z
2026-08-16T07:18:28Z,2026-08-16T09:18:28+0200,aaa9bd4d-7504-4e17-a444-f570127b5d4f,2026-08-03T19:30:00Z,2026-08-03T21:30:00+0200,12359.87,MW,NL,NL,forecast_load,Forecasted Load,2026-08-16T07:22:13Z
2026-08-16T07:18:28Z,2026-08-16T09:18:28+0200,aaa9bd4d-7504-4e17-a444-f570127b5d4f,2026-08-03T19:45:00Z,2026-08-03T21:45:00+0200,12424.832,MW,NL,NL,forecast_load,Forecasted Load,2026-08-16T07:22:13Z
2026-08-16T07:18:28Z,2026-08-16T09:18:28+0200,aaa9bd4d-7504-4e17-a444-f570127b5d4f,2026-08-03T20:00:00Z,2026-08-03T22:00:00+0200,12526.344,MW,NL,NL,forecast_load,Forecasted Load,2026-08-16T07:22:13Z
2026-08-16T07:18:28Z,2026-08-16T09:18:28+0200,aaa9bd4d-7504-4e17-a444-f570127b5d4f,2026-08-03T20:15:00Z,2026-08-03T22:15:00+0200,12510.545,MW,NL,NL,forecast_load,Forecasted Load,2026-08-16T07:22:13Z
2026-08-16T07:18:28Z,2026-08-16T09:18:28+0200,aaa9bd4d-7504-4e17-a444-f570127b5d4f,2026-08-03T20:30:00Z,2026-08-03T22:30:00+0200,12543.708,MW,NL,NL,forecast_load,Forecasted Load,2026-08-16T07:22:13Z
2026-08-16T07:18:28Z,2026-08-16T09:18:28+0200,aaa9bd4d-7504-4e17-a444-f570127b5d4f,2026-08-03T20:45:00Z,2026-08-03T22:45:00+0200,12470.736,MW,NL,NL,forecast_load,Forecasted Load,2026-08-16T07:22:13Z
2026-08-16T07:18:28Z,2026-08-16T09:18:28+0200,aaa9bd4d-7504-4e17-a444-f570127b5d4f,2026-08-03T21:00:00Z,2026-08-03T23:00:00+0200,12403.135,MW,NL,NL,forecast_load,Forecasted Load,2026-08-16T07:22:13Z
2026-08-16T07:18:28Z,2026-08-16T09:18:28+0200,aaa9bd4d-7504-4e17-a444-f570127b5d4f,2026-08-03T21:15:00Z,2026-08-03T23:15:00+0200,12283.298,MW,NL,NL,forecast_load,Forecasted Load,2026-08-16T07:22:13Z
2026-08-16T07:18:28Z,2026-08-16T09:18:28+0200,aaa9bd4d-7504-4e17-a444-f570127b5d4f,2026-08-03T21:30:00Z,2026-08-03T23:30:00+0200,12172.45,MW,NL,NL,forecast_load,Forecasted Load,2026-08-16T07:22:13Z
2026-08-16T07:18:28Z,2026-08-16T09:18:28+0200,aaa9bd4d-7504-4e17-a444-f570127b5d4f,2026-08-03T21:45:00Z,2026-08-03T23:45:00+0200,12057.472,MW,NL,NL,forecast_load,Forecasted Load,2026-08-16T07:22:13Z
2026-08-16T07:18:28Z,2026-08-16T09:18:28+0200,aaa9bd4d-7504-4e17-a444-f570127b5d4f,2026-08-03T22:00:00Z,2026-08-04T00:00:00+0200,11882.961,MW,NL,NL,forecast_load,Forecasted Load,2026-08-16T07:22:13Z
2026-08-16T07:18:28Z,2026-08-16T09:18:28+0200,aaa9bd4d-7504-4e17-a444-f570127b5d4f,2026-08-03T22:15:00Z,2026-08-04T00:15:00+0200,11797.166,MW,NL,NL,forecast_load,Forecasted Load,2026-08-16T07:22:13Z
2026-08-16T07:18:28Z,2026-08-16T09:18:28+0200,aaa9bd4d-7504-4e17-a444-f570127b5d4f,2026-08-03T22:30:00Z,2026-08-04T00:30:00+0200,11655.898,MW,NL,NL,forecast_load,Forecasted Load,2026-08-16T07:22:13Z
2026-08-16T07:18:28Z,2026-08-16T09:18:28+0200,aaa9bd4d-7504-4e17-a444-f570127b5d4f,2026-08-03T22:45:00Z,2026-08-04T00:45:00+0200,11503.812,MW,NL,NL,forecast_load,Forecasted Load,2026-08-16T07:22:13Z
2026-08-16T07:18:28Z,2026-08-16T09:18:28+0200,aaa9bd4d-7504-4e17-a444-f570127b5d4f,2026-08-03T23:00:00Z,2026-08-04T01:00:00+0200,11503.638,MW,NL,NL,forecast_load,Forecasted Load,2026-08-16T07:22:13Z
2026-08-16T07:18:28Z,2026-08-16T09:18:28+0200,aaa9bd4d-7504-4e17-a444-f570127b5d4f,2026-08-03T23:15:00Z,2026-08-04T01:15:00+0200,11482.446,MW,NL,NL,forecast_load,Forecasted Load,2026-08-16T07:22:13Z
2026-08-16T07:18:28Z,2026-08-16T09:18:28+0200,aaa9bd4d-7504-4e17-a444-f570127b5d4f,2026-08-03T23:30:00Z,2026-08-04T01:30:00+0200,11434.297,MW,NL,NL,forecast_load,Forecasted Load,2026-08-16T07:22:13Z
2026-08-16T07:18:28Z,2026-08-16T09:18:28+0200,aaa9bd4d-7504-4e17-a444-f570127b5d4f,2026-08-03T23:45:00Z,2026-08-04T01:45:00+0200,11397.377,MW,NL,NL,forecast_load,Forecasted Load,2026-08-16T07:22:13Z
2026-08-16T07:18:28Z,2026-08-16T09:18:28+0200,aaa9bd4d-7504-4e17-a444-f570127b5d4f,2026-08-04T00:00:00Z,2026-08-04T02:00:00+0200,11364.121,MW,NL,NL,forecast_load,Forecasted Load,2026-08-16T07:22:13Z
2026-08-16T07:18:28Z,2026-08-16T09:18:28+0200,aaa9bd4d-7504-4e17-a444-f570127b5d4f,2026-08-04T00:15:00Z,2026-08-04T02:15:00+0200,11369.502,MW,NL,NL,forecast_load,Forecasted Load,2026-08-16T07:22:13Z
2026-08-16T07:18:28Z,2026-08-16T09:18:28+0200,aaa9bd4d-7504-4e17-a444-f570127b5d4f,2026-08-04T00:30:00Z,2026-08-04T02:30:00+0200,11309.469,MW,NL,NL,forecast_load,Forecasted Load,2026-08-16T07:22:13Z
2026-08-16T07:18:28Z,2026-08-16T09:18:28+0200,aaa9bd4d-7504-4e17-a444-f570127b5d4f,2026-08-04T00:45:00Z,2026-08-04T02:45:00+0200,11332.256,MW,NL,NL,forecast_load,Forecasted Load,2026-08-16T07:22:13Z
2026-08-16T07:18:28Z,2026-08-16T09:18:28+0200,aaa9bd4d-7504-4e17-a444-f570127b5d4f,2026-08-04T01:00:00Z,2026-08-04T03:00:00+0200,11304.766,MW,NL,NL,forecast_load,Forecasted Load,2026-08-16T07:22:13Z
2026-08-16T07:18:28Z,2026-08-16T09:18:28+0200,aaa9bd4d-7504-4e17-a444-f570127b5d4f,2026-08-04T01:15:00Z,2026-08-04T03:15:00+0200,11288.497,MW,NL,NL,forecast_load,Forecasted Load,2026-08-16T07:22:13Z
2026-08-16T07:18:28Z,2026-08-16T09:18:28+0200,aaa9bd4d-7504-4e17-a444-f570127b5d4f,2026-08-04T01:30:00Z,2026-08-04T03:30:00+0200,11231.78,MW,NL,NL,forecast_load,Forecasted Load,2026-08-16T07:22:13Z
2026-08-16T07:18:28Z,2026-08-16T09:18:28+0200,aaa9bd4d-7504-4e17-a444-f570127b5d4f,2026-08-04T01:45:00Z,2026-08-04T03:45:00+0200,11216.015,MW,NL,NL,forecast_load,Forecasted Load,2026-08-16T07:22:13Z
2026-08-16T07:18:28Z,2026-08-16T09:18:28+0200,aaa9bd4d-7504-4e17-a444-f570127b5d4f,2026-08-04T02:00:00Z,2026-08-04T04:00:00+0200,11191.545,MW,NL,NL,forecast_load,Forecasted Load,2026-08-16T07:22:13Z
2026-08-16T07:18:28Z,2026-08-16T09:18:28+0200,aaa9bd4d-7504-4e17-a444-f570127b5d4f,2026-08-04T02:15:00Z,2026-08-04T04:15:00+0200,11200.872,MW,NL,NL,forecast_load,Forecasted Load,2026-08-16T07:22:13Z
2026-08-16T07:18:28Z,2026-08-16T09:18:28+0200,aaa9bd4d-7504-4e17-a444-f570127b5d4f,2026-08-04T02:30:00Z,2026-08-04T04:30:00+0200,11145.384,MW,NL,NL,forecast_load,Forecasted Load,2026-08-16T07:22:13Z
2026-08-16T07:18:28Z,2026-08-16T09:18:28+0200,aaa9bd4d-7504-4e17-a444-f570127b5d4f,2026-08-04T02:45:00Z,2026-08-04T04:45:00+0200,11083.827,MW,NL,NL,forecast_load,Forecasted Load,2026-08-16T07:22:13Z
2026-08-16T07:18:28Z,2026-08-16T09:18:28+0200,aaa9bd4d-7504-4e17-a444-f570127b5d4f,2026-08-04T03:00:00Z,2026-08-04T05:00:00+0200,11095.515,MW,NL,NL,forecast_load,Forecasted Load,2026-08-16T07:22:13Z
2026-08-16T07:18:28Z,2026-08-16T09:18:28+0200,aaa9bd4d-7504-4e17-a444-f570127b5d4f,2026-08-04T03:15:00Z,2026-08-04T05:15:00+0200,11160.009,MW,NL,NL,forecast_load,Forecasted Load,2026-08-16T07:22:13Z
2026-08-16T07:18:28Z,2026-08-16T09:18:28+0200,aaa9bd4d-7504-4e17-a444-f570127b5d4f,2026-08-04T03:30:00Z,2026-08-04T05:30:00+0200,11172.339,MW,NL,NL,forecast_load,Forecasted Load,2026-08-16T07:22:13Z
2026-08-16T07:18:28Z,2026-08-16T09:18:28+0200,aaa9bd4d-7504-4e17-a444-f570127b5d4f,2026-08-04T03:45:00Z,2026-08-04T05:45:00+0200,11216.929,MW,NL,NL,forecast_load,Forecasted Load,2026-08-16T07:22:13Z
2026-08-16T07:18:28Z,2026-08-16T09:18:28+0200,aaa9bd4d-7504-4e17-a444-f570127b5d4f,2026-08-04T04:00:00Z,2026-08-04T06:00:00+0200,11167.575,MW,NL,NL,forecast_load,Forecasted Load,2026-08-16T07:22:13Z
2026-08-16T07:18:28Z,2026-08-16T09:18:28+0200,aaa9bd4d-7504-4e17-a444-f570127b5d4f,2026-08-04T04:15:00Z,2026-08-04T06:15:00+0200,11130.319,MW,NL,NL,forecast_load,Forecasted Load,2026-08-16T07:22:13Z
2026-08-16T07:18:28Z,2026-08-16T09:18:28+0200,aaa9bd4d-7504-4e17-a444-f570127b5d4f,2026-08-04T04:30:00Z,2026-08-04T06:30:00+0200,11091.461,MW,NL,NL,forecast_load,Forecasted Load,2026-08-16T07:22:13Z
2026-08-16T07:18:28Z,2026-08-16T09:18:28+0200,aaa9bd4d-7504-4e17-a444-f570127b5d4f,2026-08-04T04:45:00Z,2026-08-04T06:45:00+0200,11147.395,MW,NL,NL,forecast_load,Forecasted Load,2026-08-16T07:22:13Z
2026-08-16T07:18:28Z,2026-08-16T09:18:28+0200,aaa9bd4d-7504-4e17-a444-f570127b5d4f,2026-08-04T05:00:00Z,2026-08-04T07:00:00+0200,11187.306,MW,NL,NL,forecast_load,Forecasted Load,2026-08-16T07:22:13Z
2026-08-16T07:18:28Z,2026-08-16T09:18:28+0200,aaa9bd4d-7504-4e17-a444-f570127b5d4f,2026-08-04T05:15:00Z,2026-08-04T07:15:00+0200,11068.048,MW,NL,NL,forecast_load,Forecasted Load,2026-08-16T07:22:13Z
2026-08-16T07:18:28Z,2026-08-16T09:18:28+0200,aaa9bd4d-7504-4e17-a444-f570127b5d4f,2026-08-04T05:30:00Z,2026-08-04T07:30:00+0200,11013.305,MW,NL,NL,forecast_load,Forecasted Load,2026-08-16T07:22:13Z
2026-08-16T07:18:28Z,2026-08-16T09:18:28+0200,aaa9bd4d-7504-4e17-a444-f570127b5d4f,2026-08-04T05:45:00Z,2026-08-04T07:45:00+0200,11015.944,MW,NL,NL,forecast_load,Forecasted Load,2026-08-16T07:22:13Z
2026-08-16T07:18:28Z,2026-08-16T09:18:28+0200,aaa9bd4d-7504-4e17-a444-f570127b5d4f,2026-08-04T06:00:00Z,2026-08-04T08:00:00+0200,10987.292,MW,NL,NL,forecast_load,Forecasted Load,2026-08-16T07:22:13Z
2026-08-16T07:18:28Z,2026-08-16T09:18:28+0200,aaa9bd4d-7504-4e17-a444-f570127b5d4f,2026-08-04T06:15:00Z,2026-08-04T08:15:00+0200,10848.923,MW,NL,NL,forecast_load,Forecasted Load,2026-08-16T07:22:13Z
2026-08-16T07:18:28Z,2026-08-16T09:18:28+0200,aaa9bd4d-7504-4e17-a444-f570127b5d4f,2026-08-04T06:30:00Z,2026-08-04T08:30:00+0200,10791.549,MW,NL,NL,forecast_load,Forecasted Load,2026-08-16T07:22:13Z
2026-08-16T07:18:28Z,2026-08-16T09:18:28+0200,aaa9bd4d-7504-4e17-a444-f570127b5d4f,2026-08-04T06:45:00Z,2026-08-04T08:45:00+0200,10669.737,MW,NL,NL,forecast_load,Forecasted Load,2026-08-16T07:22:13Z
2026-08-16T07:18:28Z,2026-08-16T09:18:28+0200,aaa9bd4d-7504-4e17-a444-f570127b5d4f,2026-08-04T07:00:00Z,2026-08-04T09:00:00+0200,10467.155,MW,NL,NL,forecast_load,Forecasted Load,2026-08-16T07:22:13Z
2026-08-16T07:18:28Z,2026-08-16T09:18:28+0200,aaa9bd4d-7504-4e17-a444-f570127b5d4f,2026-08-04T07:15:00Z,2026-08-04T09:15:00+0200,10184.783,MW,NL,NL,forecast_load,Forecasted Load,2026-08-16T07:22:13Z
2026-08-16T07:18:28Z,2026-08-16T09:18:28+0200,aaa9bd4d-7504-4e17-a444-f570127b5d4f,2026-08-04T07:30:00Z,2026-08-04T09:30:00+0200,9922.807,MW,NL,NL,forecast_load,Forecasted Load,2026-08-16T07:22:13Z
2026-08-16T07:18:28Z,2026-08-16T09:18:28+0200,aaa9bd4d-7504-4e17-a444-f570127b5d4f,2026-08-04T07:45:00Z,2026-08-04T09:45:00+0200,9652.756,MW,NL,NL,forecast_load,Forecasted Load,2026-08-16T07:22:13Z
2026-08-16T07:18:28Z,2026-08-16T09:18:28+0200,aaa9bd4d-7504-4e17-a444-f570127b5d4f,2026-08-04T08:00:00Z,2026-08-04T10:00:00+0200,9428.774,MW,NL,NL,forecast_load,Forecasted Load,2026-08-16T07:22:13Z
2026-08-16T07:18:28Z,2026-08-16T09:18:28+0200,aaa9bd4d-7504-4e17-a444-f570127b5d4f,2026-08-04T08:15:00Z,2026-08-04T10:15:00+0200,9062.665,MW,NL,NL,forecast_load,Forecasted Load,2026-08-16T07:22:13Z
2026-08-16T07:18:28Z,2026-08-16T09:18:28+0200,aaa9bd4d-7504-4e17-a444-f570127b5d4f,2026-08-04T08:30:00Z,2026-08-04T10:30:00+0200,8934.592,MW,NL,NL,forecast_load,Forecasted Load,2026-08-16T07:22:13Z
2026-08-16T07:18:28Z,2026-08-16T09:18:28+0200,aaa9bd4d-7504-4e17-a444-f570127b5d4f,2026-08-04T08:45:00Z,2026-08-04T10:45:00+0200,8645.782,MW,NL,NL,forecast_load,Forecasted Load,2026-08-16T07:22:13Z
2026-08-16T07:18:28Z,2026-08-16T09:18:28+0200,aaa9bd4d-7504-4e17-a444-f570127b5d4f,2026-08-04T09:00:00Z,2026-08-04T11:00:00+0200,8450.617,MW,NL,NL,forecast_load,Forecasted Load,2026-08-16T07:22:13Z
2026-08-16T07:18:28Z,2026-08-16T09:18:28+0200,aaa9bd4d-7504-4e17-a444-f570127b5d4f,2026-08-04T09:15:00Z,2026-08-04T11:15:00+0200,8292.375,MW,NL,NL,forecast_load,Forecasted Load,2026-08-16T07:22:13Z
2026-08-16T07:18:28Z,2026-08-16T09:18:28+0200,aaa9bd4d-7504-4e17-a444-f570127b5d4f,2026-08-04T09:30:00Z,2026-08-04T11:30:00+0200,8146.467,MW,NL,NL,forecast_load,Forecasted Load,2026-08-16T07:22:13Z
2026-08-16T07:18:28Z,2026-08-16T09:18:28+0200,aaa9bd4d-7504-4e17-a444-f570127b5d4f,2026-08-04T09:45:00Z,2026-08-04T11:45:00+0200,8055.717,MW,NL,NL,forecast_load,Forecasted Load,2026-08-16T07:22:13Z
2026-08-16T07:18:28Z,2026-08-16T09:18:28+0200,aaa9bd4d-7504-4e17-a444-f570127b5d4f,2026-08-04T10:00:00Z,2026-08-04T12:00:00+0200,7934.884,MW,NL,NL,forecast_load,Forecasted Load,2026-08-16T07:22:13Z
2026-08-16T07:18:28Z,2026-08-16T09:18:28+0200,aaa9bd4d-7504-4e17-a444-f570127b5d4f,2026-08-04T10:15:00Z,2026-08-04T12:15:00+0200,7839.738,MW,NL,NL,forecast_load,Forecasted Load,2026-08-16T07:22:13Z
2026-08-16T07:18:28Z,2026-08-16T09:18:28+0200,aaa9bd4d-7504-4e17-a444-f570127b5d4f,2026-08-04T10:30:00Z,2026-08-04T12:30:00+0200,7620.023,MW,NL,NL,forecast_load,Forecasted Load,2026-08-16T07:22:13Z
2026-08-16T07:18:28Z,2026-08-16T09:18:28+0200,aaa9bd4d-7504-4e17-a444-f570127b5d4f,2026-08-04T10:45:00Z,2026-08-04T12:45:00+0200,7526.342,MW,NL,NL,forecast_load,Forecasted Load,2026-08-16T07:22:13Z
2026-08-16T07:18:28Z,2026-08-16T09:18:28+0200,aaa9bd4d-7504-4e17-a444-f570127b5d4f,2026-08-04T11:00:00Z,2026-08-04T13:00:00+0200,7294.561,MW,NL,NL,forecast_load,Forecasted Load,2026-08-16T07:22:13Z
2026-08-16T07:18:28Z,2026-08-16T09:18:28+0200,aaa9bd4d-7504-4e17-a444-f570127b5d4f,2026-08-04T11:15:00Z,2026-08-04T13:15:00+0200,7309.281,MW,NL,NL,forecast_load,Forecasted Load,2026-08-16T07:22:13Z
2026-08-16T07:18:28Z,2026-08-16T09:18:28+0200,aaa9bd4d-7504-4e17-a444-f570127b5d4f,2026-08-04T11:30:00Z,2026-08-04T13:30:00+0200,7223.58,MW,NL,NL,forecast_load,Forecasted Load,2026-08-16T07:22:13Z
2026-08-16T07:18:28Z,2026-08-16T09:18:28+0200,aaa9bd4d-7504-4e17-a444-f570127b5d4f,2026-08-04T11:45:00Z,2026-08-04T13:45:00+0200,7245.784,MW,NL,NL,forecast_load,Forecasted Load,2026-08-16T07:22:13Z
2026-08-16T07:18:28Z,2026-08-16T09:18:28+0200,aaa9bd4d-7504-4e17-a444-f570127b5d4f,2026-08-04T12:00:00Z,2026-08-04T14:00:00+0200,7192.563,MW,NL,NL,forecast_load,Forecasted Load,2026-08-16T07:22:13Z
2026-08-16T07:18:28Z,2026-08-16T09:18:28+0200,aaa9bd4d-7504-4e17-a444-f570127b5d4f,2026-08-04T12:15:00Z,2026-08-04T14:15:00+0200,7234.098,MW,NL,NL,forecast_load,Forecasted Load,2026-08-16T07:22:13Z
2026-08-16T07:18:28Z,2026-08-16T09:18:28+0200,aaa9bd4d-7504-4e17-a444-f570127b5d4f,2026-08-04T12:30:00Z,2026-08-04T14:30:00+0200,7293.202,MW,NL,NL,forecast_load,Forecasted Load,2026-08-16T07:22:13Z
2026-08-16T07:18:28Z,2026-08-16T09:18:28+0200,aaa9bd4d-7504-4e17-a444-f570127b5d4f,2026-08-04T12:45:00Z,2026-08-04T14:45:00+0200,7366.198,MW,NL,NL,forecast_load,Forecasted Load,2026-08-16T07:22:13Z
2026-08-16T07:18:28Z,2026-08-16T09:18:28+0200,aaa9bd4d-7504-4e17-a444-f570127b5d4f,2026-08-04T13:00:00Z,2026-08-04T15:00:00+0200,7414.97,MW,NL,NL,forecast_load,Forecasted Load,2026-08-16T07:22:13Z
2026-08-16T07:18:28Z,2026-08-16T09:18:28+0200,aaa9bd4d-7504-4e17-a444-f570127b5d4f,2026-08-04T13:15:00Z,2026-08-04T15:15:00+0200,7641.577,MW,NL,NL,forecast_load,Forecasted Load,2026-08-16T07:22:13Z
2026-08-16T07:18:28Z,2026-08-16T09:18:28+0200,aaa9bd4d-7504-4e17-a444-f570127b5d4f,2026-08-04T13:30:00Z,2026-08-04T15:30:00+0200,7709.823,MW,NL,NL,forecast_load,Forecasted Load,2026-08-16T07:22:13Z
2026-08-16T07:18:28Z,2026-08-16T09:18:28+0200,aaa9bd4d-7504-4e17-a444-f570127b5d4f,2026-08-04T13:45:00Z,2026-08-04T15:45:00+0200,7833.781,MW,NL,NL,forecast_load,Forecasted Load,2026-08-16T07:22:13Z
2026-08-16T07:18:28Z,2026-08-16T09:18:28+0200,aaa9bd4d-7504-4e17-a444-f570127b5d4f,2026-08-04T14:00:00Z,2026-08-04T16:00:00+0200,7979.337,MW,NL,NL,forecast_load,Forecasted Load,2026-08-16T07:22:13Z
2026-08-16T07:18:28Z,2026-08-16T09:18:28+0200,aaa9bd4d-7504-4e17-a444-f570127b5d4f,2026-08-04T14:15:00Z,2026-08-04T16:15:00+0200,8273.213,MW,NL,NL,forecast_load,Forecasted Load,2026-08-16T07:22:13Z
2026-08-16T07:18:28Z,2026-08-16T09:18:28+0200,aaa9bd4d-7504-4e17-a444-f570127b5d4f,2026-08-04T14:30:00Z,2026-08-04T16:30:00+0200,8425.619,MW,NL,NL,forecast_load,Forecasted Load,2026-08-16T07:22:13Z
2026-08-16T07:18:28Z,2026-08-16T09:18:28+0200,aaa9bd4d-7504-4e17-a444-f570127b5d4f,2026-08-04T14:45:00Z,2026-08-04T16:45:00+0200,8671.097,MW,NL,NL,forecast_load,Forecasted Load,2026-08-16T07:22:13Z
2026-08-16T07:18:28Z,2026-08-16T09:18:28+0200,aaa9bd4d-7504-4e17-a444-f570127b5d4f,2026-08-04T15:00:00Z,2026-08-04T17:00:00+0200,9074.897,MW,NL,NL,forecast_load,Forecasted Load,2026-08-16T07:22:13Z
2026-08-16T07:18:28Z,2026-08-16T09:18:28+0200,aaa9bd4d-7504-4e17-a444-f570127b5d4f,2026-08-04T15:15:00Z,2026-08-04T17:15:00+0200,9431.932,MW,NL,NL,forecast_load,Forecasted Load,2026-08-16T07:22:13Z
2026-08-16T07:18:28Z,2026-08-16T09:18:28+0200,aaa9bd4d-7504-4e17-a444-f570127b5d4f,2026-08-04T15:30:00Z,2026-08-04T17:30:00+0200,9977.077,MW,NL,NL,forecast_load,Forecasted Load,2026-08-16T07:22:13Z
2026-08-16T07:18:28Z,2026-08-16T09:18:28+0200,aaa9bd4d-7504-4e17-a444-f570127b5d4f,2026-08-04T15:45:00Z,2026-08-04T17:45:00+0200,10343.589,MW,NL,NL,forecast_load,Forecasted Load,2026-08-16T07:22:13Z
2026-08-16T07:18:28Z,2026-08-16T09:18:28+0200,aaa9bd4d-7504-4e17-a444-f570127b5d4f,2026-08-04T16:00:00Z,2026-08-04T18:00:00+0200,10557.111,MW,NL,NL,forecast_load,Forecasted Load,2026-08-16T07:22:13Z
2026-08-16T07:18:28Z,2026-08-16T09:18:28+0200,aaa9bd4d-7504-4e17-a444-f570127b5d4f,2026-08-04T16:15:00Z,2026-08-04T18:15:00+0200,10916.697,MW,NL,NL,forecast_load,Forecasted Load,2026-08-16T07:22:13Z
2026-08-16T07:18:28Z,2026-08-16T09:18:28+0200,aaa9bd4d-7504-4e17-a444-f570127b5d4f,2026-08-04T16:30:00Z,2026-08-04T18:30:00+0200,11147.276,MW,NL,NL,forecast_load,Forecasted Load,2026-08-16T07:22:13Z
2026-08-16T07:18:28Z,2026-08-16T09:18:28+0200,aaa9bd4d-7504-4e17-a444-f570127b5d4f,2026-08-04T16:45:00Z,2026-08-04T18:45:00+0200,11378.393,MW,NL,NL,forecast_load,Forecasted Load,2026-08-16T07:22:13Z
2026-08-16T07:18:28Z,2026-08-16T09:18:28+0200,aaa9bd4d-7504-4e17-a444-f570127b5d4f,2026-08-04T17:00:00Z,2026-08-04T19:00:00+0200,11616.614,MW,NL,NL,forecast_load,Forecasted Load,2026-08-16T07:22:13Z
2026-08-16T07:18:28Z,2026-08-16T09:18:28+0200,aaa9bd4d-7504-4e17-a444-f570127b5d4f,2026-08-04T17:15:00Z,2026-08-04T19:15:00+0200,11884.366,MW,NL,NL,forecast_load,Forecasted Load,2026-08-16T07:22:13Z
2026-08-16T07:18:28Z,2026-08-16T09:18:28+0200,aaa9bd4d-7504-4e17-a444-f570127b5d4f,2026-08-04T17:30:00Z,2026-08-04T19:30:00+0200,12064.813,MW,NL,NL,forecast_load,Forecasted Load,2026-08-16T07:22:13Z
2026-08-16T07:18:28Z,2026-08-16T09:18:28+0200,aaa9bd4d-7504-4e17-a444-f570127b5d4f,2026-08-04T17:45:00Z,2026-08-04T19:45:00+0200,12282.474,MW,NL,NL,forecast_load,Forecasted Load,2026-08-16T07:22:13Z
2026-08-16T07:18:28Z,2026-08-16T09:18:28+0200,aaa9bd4d-7504-4e17-a444-f570127b5d4f,2026-08-04T18:00:00Z,2026-08-04T20:00:00+0200,12393.232,MW,NL,NL,forecast_load,Forecasted Load,2026-08-16T07:22:13Z
2026-08-16T07:18:28Z,2026-08-16T09:18:28+0200,aaa9bd4d-7504-4e17-a444-f570127b5d4f,2026-08-04T18:15:00Z,2026-08-04T20:15:00+0200,12607.894,MW,NL,NL,forecast_load,Forecasted Load,2026-08-16T07:22:13Z
2026-08-16T07:18:28Z,2026-08-16T09:18:28+0200,aaa9bd4d-7504-4e17-a444-f570127b5d4f,2026-08-04T18:30:00Z,2026-08-04T20:30:00+0200,12802.748,MW,NL,NL,forecast_load,Forecasted Load,2026-08-16T07:22:13Z
2026-08-16T07:18:28Z,2026-08-16T09:18:28+0200,aaa9bd4d-7504-4e17-a444-f570127b5d4f,2026-08-04T18:45:00Z,2026-08-04T20:45:00+0200,12820.67,MW,NL,NL,forecast_load,Forecasted Load,2026-08-16T07:22:13Z
2026-08-16T07:18:28Z,2026-08-16T09:18:28+0200,aaa9bd4d-7504-4e17-a444-f570127b5d4f,2026-08-04T19:00:00Z,2026-08-04T21:00:00+0200,12851.856,MW,NL,NL,forecast_load,Forecasted Load,2026-08-16T07:22:13Z
2026-08-16T07:18:28Z,2026-08-16T09:18:28+0200,aaa9bd4d-7504-4e17-a444-f570127b5d4f,2026-08-04T19:15:00Z,2026-08-04T21:15:00+0200,13061.495,MW,NL,NL,forecast_load,Forecasted Load,2026-08-16T07:22:13Z
2026-08-16T07:18:28Z,2026-08-16T09:18:28+0200,aaa9bd4d-7504-4e17-a444-f570127b5d4f,2026-08-04T19:30:00Z,2026-08-04T21:30:00+0200,13069.554,MW,NL,NL,forecast_load,Forecasted Load,2026-08-16T07:22:13Z
2026-08-16T07:18:28Z,2026-08-16T09:18:28+0200,aaa9bd4d-7504-4e17-a444-f570127b5d4f,2026-08-04T19:45:00Z,2026-08-04T21:45:00+0200,13075.347,MW,NL,NL,forecast_load,Forecasted Load,2026-08-16T07:22:13Z
2026-08-16T07:18:28Z,2026-08-16T09:18:28+0200,aaa9bd4d-7504-4e17-a444-f570127b5d4f,2026-08-04T20:00:00Z,2026-08-04T22:00:00+0200,13129.481,MW,NL,NL,forecast_load,Forecasted Load,2026-08-16T07:22:13Z
2026-08-16T07:18:28Z,2026-08-16T09:18:28+0200,aaa9bd4d-7504-4e17-a444-f570127b5d4f,2026-08-04T20:15:00Z,2026-08-04T22:15:00+0200,13047.377,MW,NL,NL,forecast_load,Forecasted Load,2026-08-16T07:22:13Z
2026-08-16T07:18:28Z,2026-08-16T09:18:28+0200,aaa9bd4d-7504-4e17-a444-f570127b5d4f,2026-08-04T20:30:00Z,2026-08-04T22:30:00+0200,13088.556,MW,NL,NL,forecast_load,Forecasted Load,2026-08-16T07:22:13Z
2026-08-16T07:18:28Z,2026-08-16T09:18:28+0200,aaa9bd4d-7504-4e17-a444-f570127b5d4f,2026-08-04T20:45:00Z,2026-08-04T22:45:00+0200,13069.775,MW,NL,NL,forecast_load,Forecasted Load,2026-08-16T07:22:13Z
2026-08-16T07:18:28Z,2026-08-16T09:18:28+0200,aaa9bd4d-7504-4e17-a444-f570127b5d4f,2026-08-04T21:00:00Z,2026-08-04T23:00:00+0200,12965.117,MW,NL,NL,forecast_load,Forecasted Load,2026-08-16T07:22:13Z
2026-08-16T07:18:28Z,2026-08-16T09:18:28+0200,aaa9bd4d-7504-4e17-a444-f570127b5d4f,2026-08-04T21:15:00Z,2026-08-04T23:15:00+0200,12855.342,MW,NL,NL,forecast_load,Forecasted Load,2026-08-16T07:22:13Z
2026-08-16T07:18:28Z,2026-08-16T09:18:28+0200,aaa9bd4d-7504-4e17-a444-f570127b5d4f,2026-08-04T21:30:00Z,2026-08-04T23:30:00+0200,12775.393,MW,NL,NL,forecast_load,Forecasted Load,2026-08-16T07:22:13Z
2026-08-16T07:18:28Z,2026-08-16T09:18:28+0200,aaa9bd4d-7504-4e17-a444-f570127b5d4f,2026-08-04T21:45:00Z,2026-08-04T23:45:00+0200,12639.181,MW,NL,NL,forecast_load,Forecasted Load,2026-08-16T07:22:13Z
2026-08-16T07:18:28Z,2026-08-16T09:18:28+0200,aaa9bd4d-7504-4e17-a444-f570127b5d4f,2026-08-04T22:00:00Z,2026-08-05T00:00:00+0200,12541.591,MW,NL,NL,forecast_load,Forecasted Load,2026-08-16T07:22:13Z
2026-08-16T07:18:28Z,2026-08-16T09:18:28+0200,aaa9bd4d-7504-4e17-a444-f570127b5d4f,2026-08-04T22:15:00Z,2026-08-05T00:15:00+0200,12596.764,MW,NL,NL,forecast_load,Forecasted Load,2026-08-16T07:22:13Z
2026-08-16T07:18:28Z,2026-08-16T09:18:28+0200,aaa9bd4d-7504-4e17-a444-f570127b5d4f,2026-08-04T22:30:00Z,2026-08-05T00:30:00+0200,12547.388,MW,NL,NL,forecast_load,Forecasted Load,2026-08-16T07:22:13Z
2026-08-16T07:18:28Z,2026-08-16T09:18:28+0200,aaa9bd4d-7504-4e17-a444-f570127b5d4f,2026-08-04T22:45:00Z,2026-08-05T00:45:00+0200,12428.188,MW,NL,NL,forecast_load,Forecasted Load,2026-08-16T07:22:13Z
2026-08-16T07:18:28Z,2026-08-16T09:18:28+0200,aaa9bd4d-7504-4e17-a444-f570127b5d4f,2026-08-04T23:00:00Z,2026-08-05T01:00:00+0200,12346.287,MW,NL,NL,forecast_load,Forecasted Load,2026-08-16T07:22:13Z
2026-08-16T07:18:28Z,2026-08-16T09:18:28+0200,aaa9bd4d-7504-4e17-a444-f570127b5d4f,2026-08-04T23:15:00Z,2026-08-05T01:15:00+0200,12216.861,MW,NL,NL,forecast_load,Forecasted Load,2026-08-16T07:22:13Z
2026-08-16T07:18:28Z,2026-08-16T09:18:28+0200,aaa9bd4d-7504-4e17-a444-f570127b5d4f,2026-08-04T23:30:00Z,2026-08-05T01:30:00+0200,12136.47,MW,NL,NL,forecast_load,Forecasted Load,2026-08-16T07:22:13Z
2026-08-16T07:18:28Z,2026-08-16T09:18:28+0200,aaa9bd4d-7504-4e17-a444-f570127b5d4f,2026-08-04T23:45:00Z,2026-08-05T01:45:00+0200,12072.647,MW,NL,NL,forecast_load,Forecasted Load,2026-08-16T07:22:13Z
2026-08-16T07:18:28Z,2026-08-16T09:18:28+0200,aaa9bd4d-7504-4e17-a444-f570127b5d4f,2026-08-05T00:00:00Z,2026-08-05T02:00:00+0200,11948.401,MW,NL,NL,forecast_load,Forecasted Load,2026-08-16T07:22:13Z
2026-08-16T07:18:28Z,2026-08-16T09:18:28+0200,aaa9bd4d-7504-4e17-a444-f570127b5d4f,2026-08-05T00:15:00Z,2026-08-05T02:15:00+0200,11918.667,MW,NL,NL,forecast_load,Forecasted Load,2026-08-16T07:22:13Z
2026-08-16T07:18:28Z,2026-08-16T09:18:28+0200,aaa9bd4d-7504-4e17-a444-f570127b5d4f,2026-08-05T00:30:00Z,2026-08-05T02:30:00+0200,11898.754,MW,NL,NL,forecast_load,Forecasted Load,2026-08-16T07:22:13Z
2026-08-16T07:18:28Z,2026-08-16T09:18:28+0200,aaa9bd4d-7504-4e17-a444-f570127b5d4f,2026-08-05T00:45:00Z,2026-08-05T02:45:00+0200,11883.312,MW,NL,NL,forecast_load,Forecasted Load,2026-08-16T07:22:13Z
2026-08-16T07:18:28Z,2026-08-16T09:18:28+0200,aaa9bd4d-7504-4e17-a444-f570127b5d4f,2026-08-05T01:00:00Z,2026-08-05T03:00:00+0200,11792.606,MW,NL,NL,forecast_load,Forecasted Load,2026-08-16T07:22:13Z
2026-08-16T07:18:28Z,2026-08-16T09:18:28+0200,aaa9bd4d-7504-4e17-a444-f570127b5d4f,2026-08-05T01:15:00Z,2026-08-05T03:15:00+0200,11752.966,MW,NL,NL,forecast_load,Forecasted Load,2026-08-16T07:22:13Z
2026-08-16T07:18:28Z,2026-08-16T09:18:28+0200,aaa9bd4d-7504-4e17-a444-f570127b5d4f,2026-08-05T01:30:00Z,2026-08-05T03:30:00+0200,11657.967,MW,NL,NL,forecast_load,Forecasted Load,2026-08-16T07:22:13Z
2026-08-16T07:18:28Z,2026-08-16T09:18:28+0200,aaa9bd4d-7504-4e17-a444-f570127b5d4f,2026-08-05T01:45:00Z,2026-08-05T03:45:00+0200,11629.706,MW,NL,NL,forecast_load,Forecasted Load,2026-08-16T07:22:13Z
2026-08-16T07:18:28Z,2026-08-16T09:18:28+0200,aaa9bd4d-7504-4e17-a444-f570127b5d4f,2026-08-05T02:00:00Z,2026-08-05T04:00:00+0200,11589.104,MW,NL,NL,forecast_load,Forecasted Load,2026-08-16T07:22:13Z
2026-08-16T07:18:28Z,2026-08-16T09:18:28+0200,aaa9bd4d-7504-4e17-a444-f570127b5d4f,2026-08-05T02:15:00Z,2026-08-05T04:15:00+0200,11521.168,MW,NL,NL,forecast_load,Forecasted Load,2026-08-16T07:22:13Z
2026-08-16T07:18:28Z,2026-08-16T09:18:28+0200,aaa9bd4d-7504-4e17-a444-f570127b5d4f,2026-08-05T02:30:00Z,2026-08-05T04:30:00+0200,11463.478,MW,NL,NL,forecast_load,Forecasted Load,2026-08-16T07:22:13Z
2026-08-16T07:18:28Z,2026-08-16T09:18:28+0200,aaa9bd4d-7504-4e17-a444-f570127b5d4f,2026-08-05T02:45:00Z,2026-08-05T04:45:00+0200,11471.787,MW,NL,NL,forecast_load,Forecasted Load,2026-08-16T07:22:13Z
2026-08-16T07:18:28Z,2026-08-16T09:18:28+0200,aaa9bd4d-7504-4e17-a444-f570127b5d4f,2026-08-05T03:00:00Z,2026-08-05T05:00:00+0200,11457.294,MW,NL,NL,forecast_load,Forecasted Load,2026-08-16T07:22:13Z
2026-08-16T07:18:28Z,2026-08-16T09:18:28+0200,aaa9bd4d-7504-4e17-a444-f570127b5d4f,2026-08-05T03:15:00Z,2026-08-05T05:15:00+0200,11472.941,MW,NL,NL,forecast_load,Forecasted Load,2026-08-16T07:22:13Z
2026-08-16T07:18:28Z,2026-08-16T09:18:28+0200,aaa9bd4d-7504-4e17-a444-f570127b5d4f,2026-08-05T03:30:00Z,2026-08-05T05:30:00+0200,11455.993,MW,NL,NL,forecast_load,Forecasted Load,2026-08-16T07:22:13Z
2026-08-16T07:18:28Z,2026-08-16T09:18:28+0200,aaa9bd4d-7504-4e17-a444-f570127b5d4f,2026-08-05T03:45:00Z,2026-08-05T05:45:00+0200,11489.398,MW,NL,NL,forecast_load,Forecasted Load,2026-08-16T07:22:13Z
2026-08-16T07:18:28Z,2026-08-16T09:18:28+0200,aaa9bd4d-7504-4e17-a444-f570127b5d4f,2026-08-05T04:00:00Z,2026-08-05T06:00:00+0200,11530.869,MW,NL,NL,forecast_load,Forecasted Load,2026-08-16T07:22:13Z
2026-08-16T07:18:28Z,2026-08-16T09:18:28+0200,aaa9bd4d-7504-4e17-a444-f570127b5d4f,2026-08-05T04:15:00Z,2026-08-05T06:15:00+0200,11552.338,MW,NL,NL,forecast_load,Forecasted Load,2026-08-16T07:22:13Z
2026-08-16T07:18:28Z,2026-08-16T09:18:28+0200,aaa9bd4d-7504-4e17-a444-f570127b5d4f,2026-08-05T04:30:00Z,2026-08-05T06:30:00+0200,11448.222,MW,NL,NL,forecast_load,Forecasted Load,2026-08-16T07:22:13Z
2026-08-16T07:18:28Z,2026-08-16T09:18:28+0200,aaa9bd4d-7504-4e17-a444-f570127b5d4f,2026-08-05T04:45:00Z,2026-08-05T06:45:00+0200,11455.861,MW,NL,NL,forecast_load,Forecasted Load,2026-08-16T07:22:13Z
2026-08-16T07:18:28Z,2026-08-16T09:18:28+0200,aaa9bd4d-7504-4e17-a444-f570127b5d4f,2026-08-05T05:00:00Z,2026-08-05T07:00:00+0200,11576.881,MW,NL,NL,forecast_load,Forecasted Load,2026-08-16T07:22:13Z
2026-08-16T07:18:28Z,2026-08-16T09:18:28+0200,aaa9bd4d-7504-4e17-a444-f570127b5d4f,2026-08-05T05:15:00Z,2026-08-05T07:15:00+0200,11579.857,MW,NL,NL,forecast_load,Forecasted Load,2026-08-16T07:22:13Z
2026-08-16T07:18:28Z,2026-08-16T09:18:28+0200,aaa9bd4d-7504-4e17-a444-f570127b5d4f,2026-08-05T05:30:00Z,2026-08-05T07:30:00+0200,11639.854,MW,NL,NL,forecast_load,Forecasted Load,2026-08-16T07:22:13Z
2026-08-16T07:18:28Z,2026-08-16T09:18:28+0200,aaa9bd4d-7504-4e17-a444-f570127b5d4f,2026-08-05T05:45:00Z,2026-08-05T07:45:00+0200,11710.551,MW,NL,NL,forecast_load,Forecasted Load,2026-08-16T07:22:13Z
2026-08-16T07:18:28Z,2026-08-16T09:18:28+0200,aaa9bd4d-7504-4e17-a444-f570127b5d4f,2026-08-05T06:00:00Z,2026-08-05T08:00:00+0200,11949.895,MW,NL,NL,forecast_load,Forecasted Load,2026-08-16T07:22:13Z
2026-08-16T07:18:28Z,2026-08-16T09:18:28+0200,aaa9bd4d-7504-4e17-a444-f570127b5d4f,2026-08-05T06:15:00Z,2026-08-05T08:15:00+0200,11744.307,MW,NL,NL,forecast_load,Forecasted Load,2026-08-16T07:22:13Z
2026-08-16T07:18:28Z,2026-08-16T09:18:28+0200,aaa9bd4d-7504-4e17-a444-f570127b5d4f,2026-08-05T06:30:00Z,2026-08-05T08:30:00+0200,11819.3,MW,NL,NL,forecast_load,Forecasted Load,2026-08-16T07:22:13Z
2026-08-16T07:18:28Z,2026-08-16T09:18:28+0200,aaa9bd4d-7504-4e17-a444-f570127b5d4f,2026-08-05T06:45:00Z,2026-08-05T08:45:00+0200,11639.55,MW,NL,NL,forecast_load,Forecasted Load,2026-08-16T07:22:13Z
2026-08-16T07:18:28Z,2026-08-16T09:18:28+0200,aaa9bd4d-7504-4e17-a444-f570127b5d4f,2026-08-05T07:00:00Z,2026-08-05T09:00:00+0200,11392.239,MW,NL,NL,forecast_load,Forecasted Load,2026-08-16T07:22:13Z
2026-08-16T07:18:28Z,2026-08-16T09:18:28+0200,aaa9bd4d-7504-4e17-a444-f570127b5d4f,2026-08-05T07:15:00Z,2026-08-05T09:15:00+0200,11140.803,MW,NL,NL,forecast_load,Forecasted Load,2026-08-16T07:22:13Z
2026-08-16T07:18:28Z,2026-08-16T09:18:28+0200,aaa9bd4d-7504-4e17-a444-f570127b5d4f,2026-08-05T07:30:00Z,2026-08-05T09:30:00+0200,10858.546,MW,NL,NL,forecast_load,Forecasted Load,2026-08-16T07:22:13Z
2026-08-16T07:18:28Z,2026-08-16T09:18:28+0200,aaa9bd4d-7504-4e17-a444-f570127b5d4f,2026-08-05T07:45:00Z,2026-08-05T09:45:00+0200,10564.224,MW,NL,NL,forecast_load,Forecasted Load,2026-08-16T07:22:13Z
2026-08-16T07:18:28Z,2026-08-16T09:18:28+0200,aaa9bd4d-7504-4e17-a444-f570127b5d4f,2026-08-05T08:00:00Z,2026-08-05T10:00:00+0200,10390.728,MW,NL,NL,forecast_load,Forecasted Load,2026-08-16T07:22:13Z
2026-08-16T07:18:28Z,2026-08-16T09:18:28+0200,aaa9bd4d-7504-4e17-a444-f570127b5d4f,2026-08-05T08:15:00Z,2026-08-05T10:15:00+0200,9965.065,MW,NL,NL,forecast_load,Forecasted Load,2026-08-16T07:22:13Z
2026-08-16T07:18:28Z,2026-08-16T09:18:28+0200,aaa9bd4d-7504-4e17-a444-f570127b5d4f,2026-08-05T08:30:00Z,2026-08-05T10:30:00+0200,9563.917,MW,NL,NL,forecast_load,Forecasted Load,2026-08-16T07:22:13Z
2026-08-16T07:18:28Z,2026-08-16T09:18:28+0200,aaa9bd4d-7504-4e17-a444-f570127b5d4f,2026-08-05T08:45:00Z,2026-08-05T10:45:00+0200,9534.148,MW,NL,NL,forecast_load,Forecasted Load,2026-08-16T07:22:13Z
2026-08-16T07:18:28Z,2026-08-16T09:18:28+0200,aaa9bd4d-7504-4e17-a444-f570127b5d4f,2026-08-05T09:00:00Z,2026-08-05T11:00:00+0200,9363.231,MW,NL,NL,forecast_load,Forecasted Load,2026-08-16T07:22:13Z
2026-08-16T07:18:28Z,2026-08-16T09:18:28+0200,aaa9bd4d-7504-4e17-a444-f570127b5d4f,2026-08-05T09:15:00Z,2026-08-05T11:15:00+0200,9359.774,MW,NL,NL,forecast_load,Forecasted Load,2026-08-16T07:22:13Z
2026-08-16T07:18:28Z,2026-08-16T09:18:28+0200,aaa9bd4d-7504-4e17-a444-f570127b5d4f,2026-08-05T09:30:00Z,2026-08-05T11:30:00+0200,9218.099,MW,NL,NL,forecast_load,Forecasted Load,2026-08-16T07:22:13Z
2026-08-16T07:18:28Z,2026-08-16T09:18:28+0200,aaa9bd4d-7504-4e17-a444-f570127b5d4f,2026-08-05T09:45:00Z,2026-08-05T11:45:00+0200,9048.935,MW,NL,NL,forecast_load,Forecasted Load,2026-08-16T07:22:13Z
2026-08-16T07:18:28Z,2026-08-16T09:18:28+0200,aaa9bd4d-7504-4e17-a444-f570127b5d4f,2026-08-05T10:00:00Z,2026-08-05T12:00:00+0200,9016.485,MW,NL,NL,forecast_load,Forecasted Load,2026-08-16T07:22:13Z
2026-08-16T07:18:28Z,2026-08-16T09:18:28+0200,aaa9bd4d-7504-4e17-a444-f570127b5d4f,2026-08-05T10:15:00Z,2026-08-05T12:15:00+0200,8874.186,MW,NL,NL,forecast_load,Forecasted Load,2026-08-16T07:22:13Z
2026-08-16T07:18:28Z,2026-08-16T09:18:28+0200,aaa9bd4d-7504-4e17-a444-f570127b5d4f,2026-08-05T10:30:00Z,2026-08-05T12:30:00+0200,8898.264,MW,NL,NL,forecast_load,Forecasted Load,2026-08-16T07:22:13Z
2026-08-16T07:18:28Z,2026-08-16T09:18:28+0200,aaa9bd4d-7504-4e17-a444-f570127b5d4f,2026-08-05T10:45:00Z,2026-08-05T12:45:00+0200,8660.92,MW,NL,NL,forecast_load,Forecasted Load,2026-08-16T07:22:13Z
2026-08-16T07:18:28Z,2026-08-16T09:18:28+0200,aaa9bd4d-7504-4e17-a444-f570127b5d4f,2026-08-05T11:00:00Z,2026-08-05T13:00:00+0200,8619.325,MW,NL,NL,forecast_load,Forecasted Load,2026-08-16T07:22:13Z
2026-08-16T07:18:28Z,2026-08-16T09:18:28+0200,aaa9bd4d-7504-4e17-a444-f570127b5d4f,2026-08-05T11:15:00Z,2026-08-05T13:15:00+0200,8625.967,MW,NL,NL,forecast_load,Forecasted Load,2026-08-16T07:22:13Z
2026-08-16T07:18:28Z,2026-08-16T09:18:28+0200,aaa9bd4d-7504-4e17-a444-f570127b5d4f,2026-08-05T11:30:00Z,2026-08-05T13:30:00+0200,8561.616,MW,NL,NL,forecast_load,Forecasted Load,2026-08-16T07:22:13Z
2026-08-16T07:18:28Z,2026-08-16T09:18:28+0200,aaa9bd4d-7504-4e17-a444-f570127b5d4f,2026-08-05T11:45:00Z,2026-08-05T13:45:00+0200,8544.277,MW,NL,NL,forecast_load,Forecasted Load,2026-08-16T07:22:13Z
2026-08-16T07:18:28Z,2026-08-16T09:18:28+0200,aaa9bd4d-7504-4e17-a444-f570127b5d4f,2026-08-05T12:00:00Z,2026-08-05T14:00:00+0200,8469.826,MW,NL,NL,forecast_load,Forecasted Load,2026-08-16T07:22:13Z
2026-08-16T07:18:28Z,2026-08-16T09:18:28+0200,aaa9bd4d-7504-4e17-a444-f570127b5d4f,2026-08-05T12:15:00Z,2026-08-05T14:15:00+0200,8280.645,MW,NL,NL,forecast_load,Forecasted Load,2026-08-16T07:22:13Z
2026-08-16T07:18:28Z,2026-08-16T09:18:28+0200,aaa9bd4d-7504-4e17-a444-f570127b5d4f,2026-08-05T12:30:00Z,2026-08-05T14:30:00+0200,8319.0,MW,NL,NL,forecast_load,Forecasted Load,2026-08-16T07:22:13Z
2026-08-16T07:18:28Z,2026-08-16T09:18:28+0200,aaa9bd4d-7504-4e17-a444-f570127b5d4f,2026-08-05T12:45:00Z,2026-08-05T14:45:00+0200,8310.384,MW,NL,NL,forecast_load,Forecasted Load,2026-08-16T07:22:13Z
2026-08-16T07:18:28Z,2026-08-16T09:18:28+0200,aaa9bd4d-7504-4e17-a444-f570127b5d4f,2026-08-05T13:00:00Z,2026-08-05T15:00:00+0200,8492.194,MW,NL,NL,forecast_load,Forecasted Load,2026-08-16T07:22:13Z
2026-08-16T07:18:28Z,2026-08-16T09:18:28+0200,aaa9bd4d-7504-4e17-a444-f570127b5d4f,2026-08-05T13:15:00Z,2026-08-05T15:15:00+0200,8675.092,MW,NL,NL,forecast_load,Forecasted Load,2026-08-16T07:22:13Z
2026-08-16T07:18:28Z,2026-08-16T09:18:28+0200,aaa9bd4d-7504-4e17-a444-f570127b5d4f,2026-08-05T13:30:00Z,2026-08-05T15:30:00+0200,8608.569,MW,NL,NL,forecast_load,Forecasted Load,2026-08-16T07:22:13Z
2026-08-16T07:18:28Z,2026-08-16T09:18:28+0200,aaa9bd4d-7504-4e17-a444-f570127b5d4f,2026-08-05T13:45:00Z,2026-08-05T15:45:00+0200,8695.978,MW,NL,NL,forecast_load,Forecasted Load,2026-08-16T07:22:13Z
2026-08-16T07:18:28Z,2026-08-16T09:18:28+0200,aaa9bd4d-7504-4e17-a444-f570127b5d4f,2026-08-05T14:00:00Z,2026-08-05T16:00:00+0200,8763.237,MW,NL,NL,forecast_load,Forecasted Load,2026-08-16T07:22:13Z
2026-08-16T07:18:28Z,2026-08-16T09:18:28+0200,aaa9bd4d-7504-4e17-a444-f570127b5d4f,2026-08-05T14:15:00Z,2026-08-05T16:15:00+0200,8722.112,MW,NL,NL,forecast_load,Forecasted Load,2026-08-16T07:22:13Z
2026-08-16T07:18:28Z,2026-08-16T09:18:28+0200,aaa9bd4d-7504-4e17-a444-f570127b5d4f,2026-08-05T14:30:00Z,2026-08-05T16:30:00+0200,9053.288,MW,NL,NL,forecast_load,Forecasted Load,2026-08-16T07:22:13Z
2026-08-16T07:18:28Z,2026-08-16T09:18:28+0200,aaa9bd4d-7504-4e17-a444-f570127b5d4f,2026-08-05T14:45:00Z,2026-08-05T16:45:00+0200,9336.347,MW,NL,NL,forecast_load,Forecasted Load,2026-08-16T07:22:13Z
2026-08-16T07:18:28Z,2026-08-16T09:18:28+0200,aaa9bd4d-7504-4e17-a444-f570127b5d4f,2026-08-05T15:00:00Z,2026-08-05T17:00:00+0200,9621.675,MW,NL,NL,forecast_load,Forecasted Load,2026-08-16T07:22:13Z
2026-08-16T07:18:28Z,2026-08-16T09:18:28+0200,aaa9bd4d-7504-4e17-a444-f570127b5d4f,2026-08-05T15:15:00Z,2026-08-05T17:15:00+0200,9903.317,MW,NL,NL,forecast_load,Forecasted Load,2026-08-16T07:22:13Z
2026-08-16T07:18:28Z,2026-08-16T09:18:28+0200,aaa9bd4d-7504-4e17-a444-f570127b5d4f,2026-08-05T15:30:00Z,2026-08-05T17:30:00+0200,10232.187,MW,NL,NL,forecast_load,Forecasted Load,2026-08-16T07:22:13Z
2026-08-16T07:18:28Z,2026-08-16T09:18:28+0200,aaa9bd4d-7504-4e17-a444-f570127b5d4f,2026-08-05T15:45:00Z,2026-08-05T17:45:00+0200,10602.043,MW,NL,NL,forecast_load,Forecasted Load,2026-08-16T07:22:13Z
2026-08-16T07:18:28Z,2026-08-16T09:18:28+0200,aaa9bd4d-7504-4e17-a444-f570127b5d4f,2026-08-05T16:00:00Z,2026-08-05T18:00:00+0200,10907.379,MW,NL,NL,forecast_load,Forecasted Load,2026-08-16T07:22:13Z
2026-08-16T07:18:28Z,2026-08-16T09:18:28+0200,aaa9bd4d-7504-4e17-a444-f570127b5d4f,2026-08-05T16:15:00Z,2026-08-05T18:15:00+0200,11285.66,MW,NL,NL,forecast_load,Forecasted Load,2026-08-16T07:22:13Z
2026-08-16T07:18:28Z,2026-08-16T09:18:28+0200,aaa9bd4d-7504-4e17-a444-f570127b5d4f,2026-08-05T16:30:00Z,2026-08-05T18:30:00+0200,11571.946,MW,NL,NL,forecast_load,Forecasted Load,2026-08-16T07:22:13Z
2026-08-16T07:18:28Z,2026-08-16T09:18:28+0200,aaa9bd4d-7504-4e17-a444-f570127b5d4f,2026-08-05T16:45:00Z,2026-08-05T18:45:00+0200,11854.248,MW,NL,NL,forecast_load,Forecasted Load,2026-08-16T07:22:13Z
2026-08-16T07:18:28Z,2026-08-16T09:18:28+0200,aaa9bd4d-7504-4e17-a444-f570127b5d4f,2026-08-05T17:00:00Z,2026-08-05T19:00:00+0200,12087.216,MW,NL,NL,forecast_load,Forecasted Load,2026-08-16T07:22:13Z
2026-08-16T07:18:28Z,2026-08-16T09:18:28+0200,aaa9bd4d-7504-4e17-a444-f570127b5d4f,2026-08-05T17:15:00Z,2026-08-05T19:15:00+0200,12265.27,MW,NL,NL,forecast_load,Forecasted Load,2026-08-16T07:22:13Z
2026-08-16T07:18:28Z,2026-08-16T09:18:28+0200,aaa9bd4d-7504-4e17-a444-f570127b5d4f,2026-08-05T17:30:00Z,2026-08-05T19:30:00+0200,12406.677,MW,NL,NL,forecast_load,Forecasted Load,2026-08-16T07:22:13Z
2026-08-16T07:18:28Z,2026-08-16T09:18:28+0200,aaa9bd4d-7504-4e17-a444-f570127b5d4f,2026-08-05T17:45:00Z,2026-08-05T19:45:00+0200,12515.006,MW,NL,NL,forecast_load,Forecasted Load,2026-08-16T07:22:13Z
2026-08-16T07:18:28Z,2026-08-16T09:18:28+0200,aaa9bd4d-7504-4e17-a444-f570127b5d4f,2026-08-05T18:00:00Z,2026-08-05T20:00:00+0200,12565.832,MW,NL,NL,forecast_load,Forecasted Load,2026-08-16T07:22:13Z
2026-08-16T07:18:28Z,2026-08-16T09:18:28+0200,aaa9bd4d-7504-4e17-a444-f570127b5d4f,2026-08-05T18:15:00Z,2026-08-05T20:15:00+0200,12730.352,MW,NL,NL,forecast_load,Forecasted Load,2026-08-16T07:22:13Z
2026-08-16T07:18:28Z,2026-08-16T09:18:28+0200,aaa9bd4d-7504-4e17-a444-f570127b5d4f,2026-08-05T18:30:00Z,2026-08-05T20:30:00+0200,12880.691,MW,NL,NL,forecast_load,Forecasted Load,2026-08-16T07:22:13Z
2026-08-16T07:18:28Z,2026-08-16T09:18:28+0200,aaa9bd4d-7504-4e17-a444-f570127b5d4f,2026-08-05T18:45:00Z,2026-08-05T20:45:00+0200,12966.209,MW,NL,NL,forecast_load,Forecasted Load,2026-08-16T07:22:13Z
2026-08-16T07:18:28Z,2026-08-16T09:18:28+0200,aaa9bd4d-7504-4e17-a444-f570127b5d4f,2026-08-05T19:00:00Z,2026-08-05T21:00:00+0200,13041.461,MW,NL,NL,forecast_load,Forecasted Load,2026-08-16T07:22:13Z
2026-08-16T07:18:28Z,2026-08-16T09:18:28+0200,aaa9bd4d-7504-4e17-a444-f570127b5d4f,2026-08-05T19:15:00Z,2026-08-05T21:15:00+0200,13243.529,MW,NL,NL,forecast_load,Forecasted Load,2026-08-16T07:22:13Z
2026-08-16T07:18:28Z,2026-08-16T09:18:28+0200,aaa9bd4d-7504-4e17-a444-f570127b5d4f,2026-08-05T19:30:00Z,2026-08-05T21:30:00+0200,13298.36,MW,NL,NL,forecast_load,Forecasted Load,2026-08-16T07:22:13Z
2026-08-16T07:18:28Z,2026-08-16T09:18:28+0200,aaa9bd4d-7504-4e17-a444-f570127b5d4f,2026-08-05T19:45:00Z,2026-08-05T21:45:00+0200,13310.14,MW,NL,NL,forecast_load,Forecasted Load,2026-08-16T07:22:13Z
2026-08-16T07:18:28Z,2026-08-16T09:18:28+0200,aaa9bd4d-7504-4e17-a444-f570127b5d4f,2026-08-05T20:00:00Z,2026-08-05T22:00:00+0200,13378.838,MW,NL,NL,forecast_load,Forecasted Load,2026-08-16T07:22:13Z
2026-08-16T07:18:28Z,2026-08-16T09:18:28+0200,aaa9bd4d-7504-4e17-a444-f570127b5d4f,2026-08-05T20:15:00Z,2026-08-05T22:15:00+0200,13242.745,MW,NL,NL,forecast_load,Forecasted Load,2026-08-16T07:22:13Z
2026-08-16T07:18:28Z,2026-08-16T09:18:28+0200,aaa9bd4d-7504-4e17-a444-f570127b5d4f,2026-08-05T20:30:00Z,2026-08-05T22:30:00+0200,13252.655,MW,NL,NL,forecast_load,Forecasted Load,2026-08-16T07:22:13Z
2026-08-16T07:18:28Z,2026-08-16T09:18:28+0200,aaa9bd4d-7504-4e17-a444-f570127b5d4f,2026-08-05T20:45:00Z,2026-08-05T22:45:00+0200,13164.312,MW,NL,NL,forecast_load,Forecasted Load,2026-08-16T07:22:13Z
2026-08-16T07:18:28Z,2026-08-16T09:18:28+0200,aaa9bd4d-7504-4e17-a444-f570127b5d4f,2026-08-05T21:00:00Z,2026-08-05T23:00:00+0200,13059.614,MW,NL,NL,forecast_load,Forecasted Load,2026-08-16T07:22:13Z
2026-08-16T07:18:28Z,2026-08-16T09:18:28+0200,aaa9bd4d-7504-4e17-a444-f570127b5d4f,2026-08-05T21:15:00Z,2026-08-05T23:15:00+0200,12978.785,MW,NL,NL,forecast_load,Forecasted Load,2026-08-16T07:22:13Z
2026-08-16T07:18:28Z,2026-08-16T09:18:28+0200,aaa9bd4d-7504-4e17-a444-f570127b5d4f,2026-08-05T21:30:00Z,2026-08-05T23:30:00+0200,12897.114,MW,NL,NL,forecast_load,Forecasted Load,2026-08-16T07:22:13Z
2026-08-16T07:18:28Z,2026-08-16T09:18:28+0200,aaa9bd4d-7504-4e17-a444-f570127b5d4f,2026-08-05T21:45:00Z,2026-08-05T23:45:00+0200,12733.704,MW,NL,NL,forecast_load,Forecasted Load,2026-08-16T07:22:13Z
2026-08-16T07:18:28Z,2026-08-16T09:18:28+0200,aaa9bd4d-7504-4e17-a444-f570127b5d4f,2026-08-05T22:00:00Z,2026-08-06T00:00:00+0200,12599.591,MW,NL,NL,forecast_load,Forecasted Load,2026-08-16T07:22:13Z
2026-08-16T07:18:28Z,2026-08-16T09:18:28+0200,aaa9bd4d-7504-4e17-a444-f570127b5d4f,2026-08-05T22:15:00Z,2026-08-06T00:15:00+0200,12487.095,MW,NL,NL,forecast_load,Forecasted Load,2026-08-16T07:22:13Z
2026-08-16T07:18:28Z,2026-08-16T09:18:28+0200,aaa9bd4d-7504-4e17-a444-f570127b5d4f,2026-08-05T22:30:00Z,2026-08-06T00:30:00+0200,12357.078,MW,NL,NL,forecast_load,Forecasted Load,2026-08-16T07:22:13Z
2026-08-16T07:18:28Z,2026-08-16T09:18:28+0200,aaa9bd4d-7504-4e17-a444-f570127b5d4f,2026-08-05T22:45:00Z,2026-08-06T00:45:00+0200,12244.687,MW,NL,NL,forecast_load,Forecasted Load,2026-08-16T07:22:13Z
2026-08-16T07:18:28Z,2026-08-16T09:18:28+0200,aaa9bd4d-7504-4e17-a444-f570127b5d4f,2026-08-05T23:00:00Z,2026-08-06T01:00:00+0200,12125.558,MW,NL,NL,forecast_load,Forecasted Load,2026-08-16T07:22:13Z
2026-08-16T07:18:28Z,2026-08-16T09:18:28+0200,aaa9bd4d-7504-4e17-a444-f570127b5d4f,2026-08-05T23:15:00Z,2026-08-06T01:15:00+0200,11982.942,MW,NL,NL,forecast_load,Forecasted Load,2026-08-16T07:22:13Z
2026-08-16T07:18:28Z,2026-08-16T09:18:28+0200,aaa9bd4d-7504-4e17-a444-f570127b5d4f,2026-08-05T23:30:00Z,2026-08-06T01:30:00+0200,11893.878,MW,NL,NL,forecast_load,Forecasted Load,2026-08-16T07:22:13Z
2026-08-16T07:18:28Z,2026-08-16T09:18:28+0200,aaa9bd4d-7504-4e17-a444-f570127b5d4f,2026-08-05T23:45:00Z,2026-08-06T01:45:00+0200,11770.975,MW,NL,NL,forecast_load,Forecasted Load,2026-08-16T07:22:13Z
2026-08-16T07:18:28Z,2026-08-16T09:18:28+0200,aaa9bd4d-7504-4e17-a444-f570127b5d4f,2026-08-06T00:00:00Z,2026-08-06T02:00:00+0200,11723.077,MW,NL,NL,forecast_load,Forecasted Load,2026-08-16T07:22:13Z
2026-08-16T07:18:28Z,2026-08-16T09:18:28+0200,aaa9bd4d-7504-4e17-a444-f570127b5d4f,2026-08-06T00:15:00Z,2026-08-06T02:15:00+0200,11619.849,MW,NL,NL,forecast_load,Forecasted Load,2026-08-16T07:22:13Z
2026-08-16T07:18:28Z,2026-08-16T09:18:28+0200,aaa9bd4d-7504-4e17-a444-f570127b5d4f,2026-08-06T00:30:00Z,2026-08-06T02:30:00+0200,11575.039,MW,NL,NL,forecast_load,Forecasted Load,2026-08-16T07:22:13Z
2026-08-16T07:18:28Z,2026-08-16T09:18:28+0200,aaa9bd4d-7504-4e17-a444-f570127b5d4f,2026-08-06T00:45:00Z,2026-08-06T02:45:00+0200,11582.351,MW,NL,NL,forecast_load,Forecasted Load,2026-08-16T07:22:13Z
2026-08-16T07:18:28Z,2026-08-16T09:18:28+0200,aaa9bd4d-7504-4e17-a444-f570127b5d4f,2026-08-06T01:00:00Z,2026-08-06T03:00:00+0200,11554.45,MW,NL,NL,forecast_load,Forecasted Load,2026-08-16T07:22:13Z
2026-08-16T07:18:28Z,2026-08-16T09:18:28+0200,aaa9bd4d-7504-4e17-a444-f570127b5d4f,2026-08-06T01:15:00Z,2026-08-06T03:15:00+0200,11464.506,MW,NL,NL,forecast_load,Forecasted Load,2026-08-16T07:22:13Z
2026-08-16T07:18:28Z,2026-08-16T09:18:28+0200,aaa9bd4d-7504-4e17-a444-f570127b5d4f,2026-08-06T01:30:00Z,2026-08-06T03:30:00+0200,11390.435,MW,NL,NL,forecast_load,Forecasted Load,2026-08-16T07:22:13Z
2026-08-16T07:18:28Z,2026-08-16T09:18:28+0200,aaa9bd4d-7504-4e17-a444-f570127b5d4f,2026-08-06T01:45:00Z,2026-08-06T03:45:00+0200,11313.612,MW,NL,NL,forecast_load,Forecasted Load,2026-08-16T07:22:13Z
2026-08-16T07:18:28Z,2026-08-16T09:18:28+0200,aaa9bd4d-7504-4e17-a444-f570127b5d4f,2026-08-06T02:00:00Z,2026-08-06T04:00:00+0200,11351.736,MW,NL,NL,forecast_load,Forecasted Load,2026-08-16T07:22:13Z
2026-08-16T07:18:28Z,2026-08-16T09:18:28+0200,aaa9bd4d-7504-4e17-a444-f570127b5d4f,2026-08-06T02:15:00Z,2026-08-06T04:15:00+0200,11315.776,MW,NL,NL,forecast_load,Forecasted Load,2026-08-16T07:22:13Z
2026-08-16T07:18:28Z,2026-08-16T09:18:28+0200,aaa9bd4d-7504-4e17-a444-f570127b5d4f,2026-08-06T02:30:00Z,2026-08-06T04:30:00+0200,11234.167,MW,NL,NL,forecast_load,Forecasted Load,2026-08-16T07:22:13Z
2026-08-16T07:18:28Z,2026-08-16T09:18:28+0200,aaa9bd4d-7504-4e17-a444-f570127b5d4f,2026-08-06T02:45:00Z,2026-08-06T04:45:00+0200,11156.181,MW,NL,NL,forecast_load,Forecasted Load,2026-08-16T07:22:13Z
2026-08-16T07:18:28Z,2026-08-16T09:18:28+0200,aaa9bd4d-7504-4e17-a444-f570127b5d4f,2026-08-06T03:00:00Z,2026-08-06T05:00:00+0200,11158.106,MW,NL,NL,forecast_load,Forecasted Load,2026-08-16T07:22:13Z
2026-08-16T07:18:28Z,2026-08-16T09:18:28+0200,aaa9bd4d-7504-4e17-a444-f570127b5d4f,2026-08-06T03:15:00Z,2026-08-06T05:15:00+0200,11276.477,MW,NL,NL,forecast_load,Forecasted Load,2026-08-16T07:22:13Z
2026-08-16T07:18:28Z,2026-08-16T09:18:28+0200,aaa9bd4d-7504-4e17-a444-f570127b5d4f,2026-08-06T03:30:00Z,2026-08-06T05:30:00+0200,11262.249,MW,NL,NL,forecast_load,Forecasted Load,2026-08-16T07:22:13Z
2026-08-16T07:18:28Z,2026-08-16T09:18:28+0200,aaa9bd4d-7504-4e17-a444-f570127b5d4f,2026-08-06T03:45:00Z,2026-08-06T05:45:00+0200,11300.944,MW,NL,NL,forecast_load,Forecasted Load,2026-08-16T07:22:13Z
2026-08-16T07:18:28Z,2026-08-16T09:18:28+0200,aaa9bd4d-7504-4e17-a444-f570127b5d4f,2026-08-06T04:00:00Z,2026-08-06T06:00:00+0200,11331.604,MW,NL,NL,forecast_load,Forecasted Load,2026-08-16T07:22:13Z
2026-08-16T07:18:28Z,2026-08-16T09:18:28+0200,aaa9bd4d-7504-4e17-a444-f570127b5d4f,2026-08-06T04:15:00Z,2026-08-06T06:15:00+0200,11397.875,MW,NL,NL,forecast_load,Forecasted Load,2026-08-16T07:22:13Z
2026-08-16T07:18:28Z,2026-08-16T09:18:28+0200,aaa9bd4d-7504-4e17-a444-f570127b5d4f,2026-08-06T04:30:00Z,2026-08-06T06:30:00+0200,11415.122,MW,NL,NL,forecast_load,Forecasted Load,2026-08-16T07:22:13Z
2026-08-16T07:18:28Z,2026-08-16T09:18:28+0200,aaa9bd4d-7504-4e17-a444-f570127b5d4f,2026-08-06T04:45:00Z,2026-08-06T06:45:00+0200,11488.991,MW,NL,NL,forecast_load,Forecasted Load,2026-08-16T07:22:13Z
2026-08-16T07:18:28Z,2026-08-16T09:18:28+0200,aaa9bd4d-7504-4e17-a444-f570127b5d4f,2026-08-06T05:00:00Z,2026-08-06T07:00:00+0200,11616.265,MW,NL,NL,forecast_load,Forecasted Load,2026-08-16T07:22:13Z
2026-08-16T07:18:28Z,2026-08-16T09:18:28+0200,aaa9bd4d-7504-4e17-a444-f570127b5d4f,2026-08-06T05:15:00Z,2026-08-06T07:15:00+0200,11502.199,MW,NL,NL,forecast_load,Forecasted Load,2026-08-16T07:22:13Z
2026-08-16T07:18:28Z,2026-08-16T09:18:28+0200,aaa9bd4d-7504-4e17-a444-f570127b5d4f,2026-08-06T05:30:00Z,2026-08-06T07:30:00+0200,11488.943,MW,NL,NL,forecast_load,Forecasted Load,2026-08-16T07:22:13Z
2026-08-16T07:18:28Z,2026-08-16T09:18:28+0200,aaa9bd4d-7504-4e17-a444-f570127b5d4f,2026-08-06T05:45:00Z,2026-08-06T07:45:00+0200,11533.354,MW,NL,NL,forecast_load,Forecasted Load,2026-08-16T07:22:13Z
2026-08-16T07:18:28Z,2026-08-16T09:18:28+0200,aaa9bd4d-7504-4e17-a444-f570127b5d4f,2026-08-06T06:00:00Z,2026-08-06T08:00:00+0200,11712.913,MW,NL,NL,forecast_load,Forecasted Load,2026-08-16T07:22:13Z
2026-08-16T07:18:28Z,2026-08-16T09:18:28+0200,aaa9bd4d-7504-4e17-a444-f570127b5d4f,2026-08-06T06:15:00Z,2026-08-06T08:15:00+0200,11608.856,MW,NL,NL,forecast_load,Forecasted Load,2026-08-16T07:22:13Z
2026-08-16T07:18:28Z,2026-08-16T09:18:28+0200,aaa9bd4d-7504-4e17-a444-f570127b5d4f,2026-08-06T06:30:00Z,2026-08-06T08:30:00+0200,11605.906,MW,NL,NL,forecast_load,Forecasted Load,2026-08-16T07:22:13Z
2026-08-16T07:18:28Z,2026-08-16T09:18:28+0200,aaa9bd4d-7504-4e17-a444-f570127b5d4f,2026-08-06T06:45:00Z,2026-08-06T08:45:00+0200,11484.088,MW,NL,NL,forecast_load,Forecasted Load,2026-08-16T07:22:13Z
2026-08-16T07:18:28Z,2026-08-16T09:18:28+0200,aaa9bd4d-7504-4e17-a444-f570127b5d4f,2026-08-06T07:00:00Z,2026-08-06T09:00:00+0200,11232.481,MW,NL,NL,forecast_load,Forecasted Load,2026-08-16T07:22:13Z
2026-08-16T07:18:28Z,2026-08-16T09:18:28+0200,aaa9bd4d-7504-4e17-a444-f570127b5d4f,2026-08-06T07:15:00Z,2026-08-06T09:15:00+0200,10793.639,MW,NL,NL,forecast_load,Forecasted Load,2026-08-16T07:22:13Z
2026-08-16T07:18:28Z,2026-08-16T09:18:28+0200,aaa9bd4d-7504-4e17-a444-f570127b5d4f,2026-08-06T07:30:00Z,2026-08-06T09:30:00+0200,10516.36,MW,NL,NL,forecast_load,Forecasted Load,2026-08-16T07:22:13Z
2026-08-16T07:18:28Z,2026-08-16T09:18:28+0200,aaa9bd4d-7504-4e17-a444-f570127b5d4f,2026-08-06T07:45:00Z,2026-08-06T09:45:00+0200,10270.737,MW,NL,NL,forecast_load,Forecasted Load,2026-08-16T07:22:13Z
2026-08-16T07:18:28Z,2026-08-16T09:18:28+0200,aaa9bd4d-7504-4e17-a444-f570127b5d4f,2026-08-06T08:00:00Z,2026-08-06T10:00:00+0200,9879.759,MW,NL,NL,forecast_load,Forecasted Load,2026-08-16T07:22:13Z
2026-08-16T07:18:28Z,2026-08-16T09:18:28+0200,aaa9bd4d-7504-4e17-a444-f570127b5d4f,2026-08-06T08:15:00Z,2026-08-06T10:15:00+0200,9544.629,MW,NL,NL,forecast_load,Forecasted Load,2026-08-16T07:22:13Z
2026-08-16T07:18:28Z,2026-08-16T09:18:28+0200,aaa9bd4d-7504-4e17-a444-f570127b5d4f,2026-08-06T08:30:00Z,2026-08-06T10:30:00+0200,9397.042,MW,NL,NL,forecast_load,Forecasted Load,2026-08-16T07:22:13Z
2026-08-16T07:18:28Z,2026-08-16T09:18:28+0200,aaa9bd4d-7504-4e17-a444-f570127b5d4f,2026-08-06T08:45:00Z,2026-08-06T10:45:00+0200,9309.137,MW,NL,NL,forecast_load,Forecasted Load,2026-08-16T07:22:13Z
2026-08-16T07:18:28Z,2026-08-16T09:18:28+0200,aaa9bd4d-7504-4e17-a444-f570127b5d4f,2026-08-06T09:00:00Z,2026-08-06T11:00:00+0200,9175.335,MW,NL,NL,forecast_load,Forecasted Load,2026-08-16T07:22:13Z
2026-08-16T07:18:28Z,2026-08-16T09:18:28+0200,aaa9bd4d-7504-4e17-a444-f570127b5d4f,2026-08-06T09:15:00Z,2026-08-06T11:15:00+0200,8976.597,MW,NL,NL,forecast_load,Forecasted Load,2026-08-16T07:22:13Z
2026-08-16T07:18:28Z,2026-08-16T09:18:28+0200,aaa9bd4d-7504-4e17-a444-f570127b5d4f,2026-08-06T09:30:00Z,2026-08-06T11:30:00+0200,8806.155,MW,NL,NL,forecast_load,Forecasted Load,2026-08-16T07:22:13Z
2026-08-16T07:18:28Z,2026-08-16T09:18:28+0200,aaa9bd4d-7504-4e17-a444-f570127b5d4f,2026-08-06T09:45:00Z,2026-08-06T11:45:00+0200,8656.039,MW,NL,NL,forecast_load,Forecasted Load,2026-08-16T07:22:13Z
2026-08-16T07:18:28Z,2026-08-16T09:18:28+0200,aaa9bd4d-7504-4e17-a444-f570127b5d4f,2026-08-06T10:00:00Z,2026-08-06T12:00:00+0200,8652.824,MW,NL,NL,forecast_load,Forecasted Load,2026-08-16T07:22:13Z
2026-08-16T07:18:28Z,2026-08-16T09:18:28+0200,aaa9bd4d-7504-4e17-a444-f570127b5d4f,2026-08-06T10:15:00Z,2026-08-06T12:15:00+0200,8682.015,MW,NL,NL,forecast_load,Forecasted Load,2026-08-16T07:22:13Z
2026-08-16T07:18:28Z,2026-08-16T09:18:28+0200,aaa9bd4d-7504-4e17-a444-f570127b5d4f,2026-08-06T10:30:00Z,2026-08-06T12:30:00+0200,8682.408,MW,NL,NL,forecast_load,Forecasted Load,2026-08-16T07:22:13Z
2026-08-16T07:18:28Z,2026-08-16T09:18:28+0200,aaa9bd4d-7504-4e17-a444-f570127b5d4f,2026-08-06T10:45:00Z,2026-08-06T12:45:00+0200,8698.018,MW,NL,NL,forecast_load,Forecasted Load,2026-08-16T07:22:13Z
2026-08-16T07:18:28Z,2026-08-16T09:18:28+0200,aaa9bd4d-7504-4e17-a444-f570127b5d4f,2026-08-06T11:00:00Z,2026-08-06T13:00:00+0200,8672.927,MW,NL,NL,forecast_load,Forecasted Load,2026-08-16T07:22:13Z
2026-08-16T07:18:28Z,2026-08-16T09:18:28+0200,aaa9bd4d-7504-4e17-a444-f570127b5d4f,2026-08-06T11:15:00Z,2026-08-06T13:15:00+0200,8924.896,MW,NL,NL,forecast_load,Forecasted Load,2026-08-16T07:22:13Z
2026-08-16T07:18:28Z,2026-08-16T09:18:28+0200,aaa9bd4d-7504-4e17-a444-f570127b5d4f,2026-08-06T11:30:00Z,2026-08-06T13:30:00+0200,9077.175,MW,NL,NL,forecast_load,Forecasted Load,2026-08-16T07:22:13Z
2026-08-16T07:18:28Z,2026-08-16T09:18:28+0200,aaa9bd4d-7504-4e17-a444-f570127b5d4f,2026-08-06T11:45:00Z,2026-08-06T13:45:00+0200,9189.066,MW,NL,NL,forecast_load,Forecasted Load,2026-08-16T07:22:13Z
2026-08-16T07:18:28Z,2026-08-16T09:18:28+0200,aaa9bd4d-7504-4e17-a444-f570127b5d4f,2026-08-06T12:00:00Z,2026-08-06T14:00:00+0200,9296.909,MW,NL,NL,forecast_load,Forecasted Load,2026-08-16T07:22:13Z
2026-08-16T07:18:28Z,2026-08-16T09:18:28+0200,aaa9bd4d-7504-4e17-a444-f570127b5d4f,2026-08-06T12:15:00Z,2026-08-06T14:15:00+0200,9500.026,MW,NL,NL,forecast_load,Forecasted Load,2026-08-16T07:22:13Z
2026-08-16T07:18:28Z,2026-08-16T09:18:28+0200,aaa9bd4d-7504-4e17-a444-f570127b5d4f,2026-08-06T12:30:00Z,2026-08-06T14:30:00+0200,9553.585,MW,NL,NL,forecast_load,Forecasted Load,2026-08-16T07:22:13Z
2026-08-16T07:18:28Z,2026-08-16T09:18:28+0200,aaa9bd4d-7504-4e17-a444-f570127b5d4f,2026-08-06T12:45:00Z,2026-08-06T14:45:00+0200,9551.727,MW,NL,NL,forecast_load,Forecasted Load,2026-08-16T07:22:13Z
2026-08-16T07:18:28Z,2026-08-16T09:18:28+0200,aaa9bd4d-7504-4e17-a444-f570127b5d4f,2026-08-06T13:00:00Z,2026-08-06T15:00:00+0200,9735.405,MW,NL,NL,forecast_load,Forecasted Load,2026-08-16T07:22:13Z
2026-08-16T07:18:28Z,2026-08-16T09:18:28+0200,aaa9bd4d-7504-4e17-a444-f570127b5d4f,2026-08-06T13:15:00Z,2026-08-06T15:15:00+0200,10030.444,MW,NL,NL,forecast_load,Forecasted Load,2026-08-16T07:22:13Z
2026-08-16T07:18:28Z,2026-08-16T09:18:28+0200,aaa9bd4d-7504-4e17-a444-f570127b5d4f,2026-08-06T13:30:00Z,2026-08-06T15:30:00+0200,10294.02,MW,NL,NL,forecast_load,Forecasted Load,2026-08-16T07:22:13Z
2026-08-16T07:18:28Z,2026-08-16T09:18:28+0200,aaa9bd4d-7504-4e17-a444-f570127b5d4f,2026-08-06T13:45:00Z,2026-08-06T15:45:00+0200,10468.401,MW,NL,NL,forecast_load,Forecasted Load,2026-08-16T07:22:13Z
2026-08-16T07:18:28Z,2026-08-16T09:18:28+0200,aaa9bd4d-7504-4e17-a444-f570127b5d4f,2026-08-06T14:00:00Z,2026-08-06T16:00:00+0200,10578.889,MW,NL,NL,forecast_load,Forecasted Load,2026-08-16T07:22:13Z
2026-08-16T07:18:28Z,2026-08-16T09:18:28+0200,aaa9bd4d-7504-4e17-a444-f570127b5d4f,2026-08-06T14:15:00Z,2026-08-06T16:15:00+0200,10720.788,MW,NL,NL,forecast_load,Forecasted Load,2026-08-16T07:22:13Z
2026-08-16T07:18:28Z,2026-08-16T09:18:28+0200,aaa9bd4d-7504-4e17-a444-f570127b5d4f,2026-08-06T14:30:00Z,2026-08-06T16:30:00+0200,10841.516,MW,NL,NL,forecast_load,Forecasted Load,2026-08-16T07:22:13Z
2026-08-16T07:18:28Z,2026-08-16T09:18:28+0200,aaa9bd4d-7504-4e17-a444-f570127b5d4f,2026-08-06T14:45:00Z,2026-08-06T16:45:00+0200,11084.162,MW,NL,NL,forecast_load,Forecasted Load,2026-08-16T07:22:13Z
2026-08-16T07:18:28Z,2026-08-16T09:18:28+0200,aaa9bd4d-7504-4e17-a444-f570127b5d4f,2026-08-06T15:00:00Z,2026-08-06T17:00:00+0200,11306.878,MW,NL,NL,forecast_load,Forecasted Load,2026-08-16T07:22:13Z
2026-08-16T07:18:28Z,2026-08-16T09:18:28+0200,aaa9bd4d-7504-4e17-a444-f570127b5d4f,2026-08-06T15:15:00Z,2026-08-06T17:15:00+0200,11813.806,MW,NL,NL,forecast_load,Forecasted Load,2026-08-16T07:22:13Z
2026-08-16T07:18:28Z,2026-08-16T09:18:28+0200,aaa9bd4d-7504-4e17-a444-f570127b5d4f,2026-08-06T15:30:00Z,2026-08-06T17:30:00+0200,11901.305,MW,NL,NL,forecast_load,Forecasted Load,2026-08-16T07:22:13Z
2026-08-16T07:18:28Z,2026-08-16T09:18:28+0200,aaa9bd4d-7504-4e17-a444-f570127b5d4f,2026-08-06T15:45:00Z,2026-08-06T17:45:00+0200,12158.257,MW,NL,NL,forecast_load,Forecasted Load,2026-08-16T07:22:13Z
2026-08-16T07:18:28Z,2026-08-16T09:18:28+0200,aaa9bd4d-7504-4e17-a444-f570127b5d4f,2026-08-06T16:00:00Z,2026-08-06T18:00:00+0200,12184.213,MW,NL,NL,forecast_load,Forecasted Load,2026-08-16T07:22:13Z
2026-08-16T07:18:28Z,2026-08-16T09:18:28+0200,aaa9bd4d-7504-4e17-a444-f570127b5d4f,2026-08-06T16:15:00Z,2026-08-06T18:15:00+0200,12115.591,MW,NL,NL,forecast_load,Forecasted Load,2026-08-16T07:22:13Z
2026-08-16T07:18:28Z,2026-08-16T09:18:28+0200,aaa9bd4d-7504-4e17-a444-f570127b5d4f,2026-08-06T16:30:00Z,2026-08-06T18:30:00+0200,12069.298,MW,NL,NL,forecast_load,Forecasted Load,2026-08-16T07:22:13Z
2026-08-16T07:18:28Z,2026-08-16T09:18:28+0200,aaa9bd4d-7504-4e17-a444-f570127b5d4f,2026-08-06T16:45:00Z,2026-08-06T18:45:00+0200,12020.36,MW,NL,NL,forecast_load,Forecasted Load,2026-08-16T07:22:13Z
2026-08-16T07:18:28Z,2026-08-16T09:18:28+0200,aaa9bd4d-7504-4e17-a444-f570127b5d4f,2026-08-06T17:00:00Z,2026-08-06T19:00:00+0200,12003.525,MW,NL,NL,forecast_load,Forecasted Load,2026-08-16T07:22:13Z
2026-08-16T07:18:28Z,2026-08-16T09:18:28+0200,aaa9bd4d-7504-4e17-a444-f570127b5d4f,2026-08-06T17:15:00Z,2026-08-06T19:15:00+0200,12022.228,MW,NL,NL,forecast_load,Forecasted Load,2026-08-16T07:22:13Z
2026-08-16T07:18:28Z,2026-08-16T09:18:28+0200,aaa9bd4d-7504-4e17-a444-f570127b5d4f,2026-08-06T17:30:00Z,2026-08-06T19:30:00+0200,12094.775,MW,NL,NL,forecast_load,Forecasted Load,2026-08-16T07:22:13Z
2026-08-16T07:18:28Z,2026-08-16T09:18:28+0200,aaa9bd4d-7504-4e17-a444-f570127b5d4f,2026-08-06T17:45:00Z,2026-08-06T19:45:00+0200,12095.081,MW,NL,NL,forecast_load,Forecasted Load,2026-08-16T07:22:13Z
2026-08-16T07:18:28Z,2026-08-16T09:18:28+0200,aaa9bd4d-7504-4e17-a444-f570127b5d4f,2026-08-06T18:00:00Z,2026-08-06T20:00:00+0200,12103.692,MW,NL,NL,forecast_load,Forecasted Load,2026-08-16T07:22:13Z
2026-08-16T07:18:28Z,2026-08-16T09:18:28+0200,aaa9bd4d-7504-4e17-a444-f570127b5d4f,2026-08-06T18:15:00Z,2026-08-06T20:15:00+0200,12252.429,MW,NL,NL,forecast_load,Forecasted Load,2026-08-16T07:22:13Z
2026-08-16T07:18:28Z,2026-08-16T09:18:28+0200,aaa9bd4d-7504-4e17-a444-f570127b5d4f,2026-08-06T18:30:00Z,2026-08-06T20:30:00+0200,12544.759,MW,NL,NL,forecast_load,Forecasted Load,2026-08-16T07:22:13Z
2026-08-16T07:18:28Z,2026-08-16T09:18:28+0200,aaa9bd4d-7504-4e17-a444-f570127b5d4f,2026-08-06T18:45:00Z,2026-08-06T20:45:00+0200,12793.513,MW,NL,NL,forecast_load,Forecasted Load,2026-08-16T07:22:13Z
2026-08-16T07:18:28Z,2026-08-16T09:18:28+0200,aaa9bd4d-7504-4e17-a444-f570127b5d4f,2026-08-06T19:00:00Z,2026-08-06T21:00:00+0200,12908.078,MW,NL,NL,forecast_load,Forecasted Load,2026-08-16T07:22:13Z
2026-08-16T07:18:28Z,2026-08-16T09:18:28+0200,aaa9bd4d-7504-4e17-a444-f570127b5d4f,2026-08-06T19:15:00Z,2026-08-06T21:15:00+0200,12980.673,MW,NL,NL,forecast_load,Forecasted Load,2026-08-16T07:22:13Z
2026-08-16T07:18:28Z,2026-08-16T09:18:28+0200,aaa9bd4d-7504-4e17-a444-f570127b5d4f,2026-08-06T19:30:00Z,2026-08-06T21:30:00+0200,13053.267,MW,NL,NL,forecast_load,Forecasted Load,2026-08-16T07:22:13Z
2026-08-16T07:18:28Z,2026-08-16T09:18:28+0200,aaa9bd4d-7504-4e17-a444-f570127b5d4f,2026-08-06T19:45:00Z,2026-08-06T21:45:00+0200,13034.16,MW,NL,NL,forecast_load,Forecasted Load,2026-08-16T07:22:13Z
2026-08-16T07:18:28Z,2026-08-16T09:18:28+0200,aaa9bd4d-7504-4e17-a444-f570127b5d4f,2026-08-06T20:00:00Z,2026-08-06T22:00:00+0200,13120.049,MW,NL,NL,forecast_load,Forecasted Load,2026-08-16T07:22:13Z
2026-08-16T07:18:28Z,2026-08-16T09:18:28+0200,aaa9bd4d-7504-4e17-a444-f570127b5d4f,2026-08-06T20:15:00Z,2026-08-06T22:15:00+0200,13080.84,MW,NL,NL,forecast_load,Forecasted Load,2026-08-16T07:22:13Z
2026-08-16T07:18:28Z,2026-08-16T09:18:28+0200,aaa9bd4d-7504-4e17-a444-f570127b5d4f,2026-08-06T20:30:00Z,2026-08-06T22:30:00+0200,12970.223,MW,NL,NL,forecast_load,Forecasted Load,2026-08-16T07:22:13Z
2026-08-16T07:18:28Z,2026-08-16T09:18:28+0200,aaa9bd4d-7504-4e17-a444-f570127b5d4f,2026-08-06T20:45:00Z,2026-08-06T22:45:00+0200,12874.162,MW,NL,NL,forecast_load,Forecasted Load,2026-08-16T07:22:13Z
2026-08-16T07:18:28Z,2026-08-16T09:18:28+0200,aaa9bd4d-7504-4e17-a444-f570127b5d4f,2026-08-06T21:00:00Z,2026-08-06T23:00:00+0200,12796.714,MW,NL,NL,forecast_load,Forecasted Load,2026-08-16T07:22:13Z
2026-08-16T07:18:28Z,2026-08-16T09:18:28+0200,aaa9bd4d-7504-4e17-a444-f570127b5d4f,2026-08-06T21:15:00Z,2026-08-06T23:15:00+0200,12707.731,MW,NL,NL,forecast_load,Forecasted Load,2026-08-16T07:22:13Z
2026-08-16T07:18:28Z,2026-08-16T09:18:28+0200,aaa9bd4d-7504-4e17-a444-f570127b5d4f,2026-08-06T21:30:00Z,2026-08-06T23:30:00+0200,12640.328,MW,NL,NL,forecast_load,Forecasted Load,2026-08-16T07:22:13Z
2026-08-16T07:18:28Z,2026-08-16T09:18:28+0200,aaa9bd4d-7504-4e17-a444-f570127b5d4f,2026-08-06T21:45:00Z,2026-08-06T23:45:00+0200,12521.371,MW,NL,NL,forecast_load,Forecasted Load,2026-08-16T07:22:13Z
2026-08-16T07:18:28Z,2026-08-16T09:18:28+0200,aaa9bd4d-7504-4e17-a444-f570127b5d4f,2026-08-06T22:00:00Z,2026-08-07T00:00:00+0200,12356.73,MW,NL,NL,forecast_load,Forecasted Load,2026-08-16T07:22:13Z
2026-08-16T07:18:28Z,2026-08-16T09:18:28+0200,aaa9bd4d-7504-4e17-a444-f570127b5d4f,2026-08-06T22:15:00Z,2026-08-07T00:15:00+0200,12393.51,MW,NL,NL,forecast_load,Forecasted Load,2026-08-16T07:22:13Z
2026-08-16T07:18:28Z,2026-08-16T09:18:28+0200,aaa9bd4d-7504-4e17-a444-f570127b5d4f,2026-08-06T22:30:00Z,2026-08-07T00:30:00+0200,12317.985,MW,NL,NL,forecast_load,Forecasted Load,2026-08-16T07:22:13Z
2026-08-16T07:18:28Z,2026-08-16T09:18:28+0200,aaa9bd4d-7504-4e17-a444-f570127b5d4f,2026-08-06T22:45:00Z,2026-08-07T00:45:00+0200,12150.462,MW,NL,NL,forecast_load,Forecasted Load,2026-08-16T07:22:13Z
2026-08-16T07:18:28Z,2026-08-16T09:18:28+0200,aaa9bd4d-7504-4e17-a444-f570127b5d4f,2026-08-06T23:00:00Z,2026-08-07T01:00:00+0200,12088.493,MW,NL,NL,forecast_load,Forecasted Load,2026-08-16T07:22:13Z
2026-08-16T07:18:28Z,2026-08-16T09:18:28+0200,aaa9bd4d-7504-4e17-a444-f570127b5d4f,2026-08-06T23:15:00Z,2026-08-07T01:15:00+0200,12013.163,MW,NL,NL,forecast_load,Forecasted Load,2026-08-16T07:22:13Z
2026-08-16T07:18:28Z,2026-08-16T09:18:28+0200,aaa9bd4d-7504-4e17-a444-f570127b5d4f,2026-08-06T23:30:00Z,2026-08-07T01:30:00+0200,11911.739,MW,NL,NL,forecast_load,Forecasted Load,2026-08-16T07:22:13Z
2026-08-16T07:18:28Z,2026-08-16T09:18:28+0200,aaa9bd4d-7504-4e17-a444-f570127b5d4f,2026-08-06T23:45:00Z,2026-08-07T01:45:00+0200,11869.715,MW,NL,NL,forecast_load,Forecasted Load,2026-08-16T07:22:13Z
2026-08-16T07:18:28Z,2026-08-16T09:18:28+0200,aaa9bd4d-7504-4e17-a444-f570127b5d4f,2026-08-07T00:00:00Z,2026-08-07T02:00:00+0200,11840.878,MW,NL,NL,forecast_load,Forecasted Load,2026-08-16T07:22:13Z
2026-08-16T07:18:28Z,2026-08-16T09:18:28+0200,aaa9bd4d-7504-4e17-a444-f570127b5d4f,2026-08-07T00:15:00Z,2026-08-07T02:15:00+0200,11794.497,MW,NL,NL,forecast_load,Forecasted Load,2026-08-16T07:22:13Z
2026-08-16T07:18:28Z,2026-08-16T09:18:28+0200,aaa9bd4d-7504-4e17-a444-f570127b5d4f,2026-08-07T00:30:00Z,2026-08-07T02:30:00+0200,11738.836,MW,NL,NL,forecast_load,Forecasted Load,2026-08-16T07:22:13Z
2026-08-16T07:18:28Z,2026-08-16T09:18:28+0200,aaa9bd4d-7504-4e17-a444-f570127b5d4f,2026-08-07T00:45:00Z,2026-08-07T02:45:00+0200,11661.624,MW,NL,NL,forecast_load,Forecasted Load,2026-08-16T07:22:13Z
2026-08-16T07:18:28Z,2026-08-16T09:18:28+0200,aaa9bd4d-7504-4e17-a444-f570127b5d4f,2026-08-07T01:00:00Z,2026-08-07T03:00:00+0200,11645.677,MW,NL,NL,forecast_load,Forecasted Load,2026-08-16T07:22:13Z
2026-08-16T07:18:28Z,2026-08-16T09:18:28+0200,aaa9bd4d-7504-4e17-a444-f570127b5d4f,2026-08-07T01:15:00Z,2026-08-07T03:15:00+0200,11625.68,MW,NL,NL,forecast_load,Forecasted Load,2026-08-16T07:22:13Z
2026-08-16T07:18:28Z,2026-08-16T09:18:28+0200,aaa9bd4d-7504-4e17-a444-f570127b5d4f,2026-08-07T01:30:00Z,2026-08-07T03:30:00+0200,11575.247,MW,NL,NL,forecast_load,Forecasted Load,2026-08-16T07:22:13Z
2026-08-16T07:18:28Z,2026-08-16T09:18:28+0200,aaa9bd4d-7504-4e17-a444-f570127b5d4f,2026-08-07T01:45:00Z,2026-08-07T03:45:00+0200,11587.906,MW,NL,NL,forecast_load,Forecasted Load,2026-08-16T07:22:13Z
2026-08-16T07:18:28Z,2026-08-16T09:18:28+0200,aaa9bd4d-7504-4e17-a444-f570127b5d4f,2026-08-07T02:00:00Z,2026-08-07T04:00:00+0200,11603.157,MW,NL,NL,forecast_load,Forecasted Load,2026-08-16T07:22:13Z
2026-08-16T07:18:28Z,2026-08-16T09:18:28+0200,aaa9bd4d-7504-4e17-a444-f570127b5d4f,2026-08-07T02:15:00Z,2026-08-07T04:15:00+0200,11585.499,MW,NL,NL,forecast_load,Forecasted Load,2026-08-16T07:22:13Z
2026-08-16T07:18:28Z,2026-08-16T09:18:28+0200,aaa9bd4d-7504-4e17-a444-f570127b5d4f,2026-08-07T02:30:00Z,2026-08-07T04:30:00+0200,11567.577,MW,NL,NL,forecast_load,Forecasted Load,2026-08-16T07:22:13Z
2026-08-16T07:18:28Z,2026-08-16T09:18:28+0200,aaa9bd4d-7504-4e17-a444-f570127b5d4f,2026-08-07T02:45:00Z,2026-08-07T04:45:00+0200,11562.977,MW,NL,NL,forecast_load,Forecasted Load,2026-08-16T07:22:13Z
2026-08-16T07:18:28Z,2026-08-16T09:18:28+0200,aaa9bd4d-7504-4e17-a444-f570127b5d4f,2026-08-07T03:00:00Z,2026-08-07T05:00:00+0200,11555.228,MW,NL,NL,forecast_load,Forecasted Load,2026-08-16T07:22:13Z
2026-08-16T07:18:28Z,2026-08-16T09:18:28+0200,aaa9bd4d-7504-4e17-a444-f570127b5d4f,2026-08-07T03:15:00Z,2026-08-07T05:15:00+0200,11543.003,MW,NL,NL,forecast_load,Forecasted Load,2026-08-16T07:22:13Z
2026-08-16T07:18:28Z,2026-08-16T09:18:28+0200,aaa9bd4d-7504-4e17-a444-f570127b5d4f,2026-08-07T03:30:00Z,2026-08-07T05:30:00+0200,11527.653,MW,NL,NL,forecast_load,Forecasted Load,2026-08-16T07:22:13Z
2026-08-16T07:18:28Z,2026-08-16T09:18:28+0200,aaa9bd4d-7504-4e17-a444-f570127b5d4f,2026-08-07T03:45:00Z,2026-08-07T05:45:00+0200,11679.491,MW,NL,NL,forecast_load,Forecasted Load,2026-08-16T07:22:13Z
2026-08-16T07:18:28Z,2026-08-16T09:18:28+0200,aaa9bd4d-7504-4e17-a444-f570127b5d4f,2026-08-07T04:00:00Z,2026-08-07T06:00:00+0200,11773.139,MW,NL,NL,forecast_load,Forecasted Load,2026-08-16T07:22:13Z
2026-08-16T07:18:28Z,2026-08-16T09:18:28+0200,aaa9bd4d-7504-4e17-a444-f570127b5d4f,2026-08-07T04:15:00Z,2026-08-07T06:15:00+0200,11813.385,MW,NL,NL,forecast_load,Forecasted Load,2026-08-16T07:22:13Z
2026-08-16T07:18:28Z,2026-08-16T09:18:28+0200,aaa9bd4d-7504-4e17-a444-f570127b5d4f,2026-08-07T04:30:00Z,2026-08-07T06:30:00+0200,11827.731,MW,NL,NL,forecast_load,Forecasted Load,2026-08-16T07:22:13Z
2026-08-16T07:18:28Z,2026-08-16T09:18:28+0200,aaa9bd4d-7504-4e17-a444-f570127b5d4f,2026-08-07T04:45:00Z,2026-08-07T06:45:00+0200,11889.871,MW,NL,NL,forecast_load,Forecasted Load,2026-08-16T07:22:13Z
2026-08-16T07:18:28Z,2026-08-16T09:18:28+0200,aaa9bd4d-7504-4e17-a444-f570127b5d4f,2026-08-07T05:00:00Z,2026-08-07T07:00:00+0200,11920.759,MW,NL,NL,forecast_load,Forecasted Load,2026-08-16T07:22:13Z
2026-08-16T07:18:28Z,2026-08-16T09:18:28+0200,aaa9bd4d-7504-4e17-a444-f570127b5d4f,2026-08-07T05:15:00Z,2026-08-07T07:15:00+0200,11840.352,MW,NL,NL,forecast_load,Forecasted Load,2026-08-16T07:22:13Z
2026-08-16T07:18:28Z,2026-08-16T09:18:28+0200,aaa9bd4d-7504-4e17-a444-f570127b5d4f,2026-08-07T05:30:00Z,2026-08-07T07:30:00+0200,11968.34,MW,NL,NL,forecast_load,Forecasted Load,2026-08-16T07:22:13Z
2026-08-16T07:18:28Z,2026-08-16T09:18:28+0200,aaa9bd4d-7504-4e17-a444-f570127b5d4f,2026-08-07T05:45:00Z,2026-08-07T07:45:00+0200,12018.267,MW,NL,NL,forecast_load,Forecasted Load,2026-08-16T07:22:13Z
2026-08-16T07:18:28Z,2026-08-16T09:18:28+0200,aaa9bd4d-7504-4e17-a444-f570127b5d4f,2026-08-07T06:00:00Z,2026-08-07T08:00:00+0200,12165.179,MW,NL,NL,forecast_load,Forecasted Load,2026-08-16T07:22:13Z
2026-08-16T07:18:28Z,2026-08-16T09:18:28+0200,aaa9bd4d-7504-4e17-a444-f570127b5d4f,2026-08-07T06:15:00Z,2026-08-07T08:15:00+0200,12094.37,MW,NL,NL,forecast_load,Forecasted Load,2026-08-16T07:22:13Z
2026-08-16T07:18:28Z,2026-08-16T09:18:28+0200,aaa9bd4d-7504-4e17-a444-f570127b5d4f,2026-08-07T06:30:00Z,2026-08-07T08:30:00+0200,12002.125,MW,NL,NL,forecast_load,Forecasted Load,2026-08-16T07:22:13Z
2026-08-16T07:18:28Z,2026-08-16T09:18:28+0200,aaa9bd4d-7504-4e17-a444-f570127b5d4f,2026-08-07T06:45:00Z,2026-08-07T08:45:00+0200,11879.361,MW,NL,NL,forecast_load,Forecasted Load,2026-08-16T07:22:13Z
2026-08-16T07:18:28Z,2026-08-16T09:18:28+0200,aaa9bd4d-7504-4e17-a444-f570127b5d4f,2026-08-07T07:00:00Z,2026-08-07T09:00:00+0200,11769.921,MW,NL,NL,forecast_load,Forecasted Load,2026-08-16T07:22:13Z
2026-08-16T07:18:28Z,2026-08-16T09:18:28+0200,aaa9bd4d-7504-4e17-a444-f570127b5d4f,2026-08-07T07:15:00Z,2026-08-07T09:15:00+0200,11531.692,MW,NL,NL,forecast_load,Forecasted Load,2026-08-16T07:22:13Z
2026-08-16T07:18:28Z,2026-08-16T09:18:28+0200,aaa9bd4d-7504-4e17-a444-f570127b5d4f,2026-08-07T07:30:00Z,2026-08-07T09:30:00+0200,11470.277,MW,NL,NL,forecast_load,Forecasted Load,2026-08-16T07:22:13Z
2026-08-16T07:18:28Z,2026-08-16T09:18:28+0200,aaa9bd4d-7504-4e17-a444-f570127b5d4f,2026-08-07T07:45:00Z,2026-08-07T09:45:00+0200,11350.706,MW,NL,NL,forecast_load,Forecasted Load,2026-08-16T07:22:13Z
2026-08-16T07:18:28Z,2026-08-16T09:18:28+0200,aaa9bd4d-7504-4e17-a444-f570127b5d4f,2026-08-07T08:00:00Z,2026-08-07T10:00:00+0200,11111.992,MW,NL,NL,forecast_load,Forecasted Load,2026-08-16T07:22:13Z
2026-08-16T07:18:28Z,2026-08-16T09:18:28+0200,aaa9bd4d-7504-4e17-a444-f570127b5d4f,2026-08-07T08:15:00Z,2026-08-07T10:15:00+0200,10703.804,MW,NL,NL,forecast_load,Forecasted Load,2026-08-16T07:22:13Z
2026-08-16T07:18:28Z,2026-08-16T09:18:28+0200,aaa9bd4d-7504-4e17-a444-f570127b5d4f,2026-08-07T08:30:00Z,2026-08-07T10:30:00+0200,10635.07,MW,NL,NL,forecast_load,Forecasted Load,2026-08-16T07:22:13Z
2026-08-16T07:18:28Z,2026-08-16T09:18:28+0200,aaa9bd4d-7504-4e17-a444-f570127b5d4f,2026-08-07T08:45:00Z,2026-08-07T10:45:00+0200,10527.835,MW,NL,NL,forecast_load,Forecasted Load,2026-08-16T07:22:13Z
2026-08-16T07:18:28Z,2026-08-16T09:18:28+0200,aaa9bd4d-7504-4e17-a444-f570127b5d4f,2026-08-07T09:00:00Z,2026-08-07T11:00:00+0200,10361.029,MW,NL,NL,forecast_load,Forecasted Load,2026-08-16T07:22:13Z
2026-08-16T07:18:28Z,2026-08-16T09:18:28+0200,aaa9bd4d-7504-4e17-a444-f570127b5d4f,2026-08-07T09:15:00Z,2026-08-07T11:15:00+0200,10222.652,MW,NL,NL,forecast_load,Forecasted Load,2026-08-16T07:22:13Z
2026-08-16T07:18:28Z,2026-08-16T09:18:28+0200,aaa9bd4d-7504-4e17-a444-f570127b5d4f,2026-08-07T09:30:00Z,2026-08-07T11:30:00+0200,10080.518,MW,NL,NL,forecast_load,Forecasted Load,2026-08-16T07:22:13Z
2026-08-16T07:18:28Z,2026-08-16T09:18:28+0200,aaa9bd4d-7504-4e17-a444-f570127b5d4f,2026-08-07T09:45:00Z,2026-08-07T11:45:00+0200,9955.711,MW,NL,NL,forecast_load,Forecasted Load,2026-08-16T07:22:13Z
2026-08-16T07:18:28Z,2026-08-16T09:18:28+0200,aaa9bd4d-7504-4e17-a444-f570127b5d4f,2026-08-07T10:00:00Z,2026-08-07T12:00:00+0200,9894.833,MW,NL,NL,forecast_load,Forecasted Load,2026-08-16T07:22:13Z
2026-08-16T07:18:28Z,2026-08-16T09:18:28+0200,aaa9bd4d-7504-4e17-a444-f570127b5d4f,2026-08-07T10:15:00Z,2026-08-07T12:15:00+0200,9643.096,MW,NL,NL,forecast_load,Forecasted Load,2026-08-16T07:22:13Z
2026-08-16T07:18:28Z,2026-08-16T09:18:28+0200,aaa9bd4d-7504-4e17-a444-f570127b5d4f,2026-08-07T10:30:00Z,2026-08-07T12:30:00+0200,9430.878,MW,NL,NL,forecast_load,Forecasted Load,2026-08-16T07:22:13Z
2026-08-16T07:18:28Z,2026-08-16T09:18:28+0200,aaa9bd4d-7504-4e17-a444-f570127b5d4f,2026-08-07T10:45:00Z,2026-08-07T12:45:00+0200,9319.847,MW,NL,NL,forecast_load,Forecasted Load,2026-08-16T07:22:13Z
2026-08-16T07:18:28Z,2026-08-16T09:18:28+0200,aaa9bd4d-7504-4e17-a444-f570127b5d4f,2026-08-07T11:00:00Z,2026-08-07T13:00:00+0200,9265.633,MW,NL,NL,forecast_load,Forecasted Load,2026-08-16T07:22:13Z
2026-08-16T07:18:28Z,2026-08-16T09:18:28+0200,aaa9bd4d-7504-4e17-a444-f570127b5d4f,2026-08-07T11:15:00Z,2026-08-07T13:15:00+0200,9172.687,MW,NL,NL,forecast_load,Forecasted Load,2026-08-16T07:22:13Z
2026-08-16T07:18:28Z,2026-08-16T09:18:28+0200,aaa9bd4d-7504-4e17-a444-f570127b5d4f,2026-08-07T11:30:00Z,2026-08-07T13:30:00+0200,8988.412,MW,NL,NL,forecast_load,Forecasted Load,2026-08-16T07:22:13Z
2026-08-16T07:18:28Z,2026-08-16T09:18:28+0200,aaa9bd4d-7504-4e17-a444-f570127b5d4f,2026-08-07T11:45:00Z,2026-08-07T13:45:00+0200,8796.21,MW,NL,NL,forecast_load,Forecasted Load,2026-08-16T07:22:13Z
2026-08-16T07:18:28Z,2026-08-16T09:18:28+0200,aaa9bd4d-7504-4e17-a444-f570127b5d4f,2026-08-07T12:00:00Z,2026-08-07T14:00:00+0200,8591.863,MW,NL,NL,forecast_load,Forecasted Load,2026-08-16T07:22:13Z
2026-08-16T07:18:28Z,2026-08-16T09:18:28+0200,aaa9bd4d-7504-4e17-a444-f570127b5d4f,2026-08-07T12:15:00Z,2026-08-07T14:15:00+0200,8376.227,MW,NL,NL,forecast_load,Forecasted Load,2026-08-16T07:22:13Z
2026-08-16T07:18:28Z,2026-08-16T09:18:28+0200,aaa9bd4d-7504-4e17-a444-f570127b5d4f,2026-08-07T12:30:00Z,2026-08-07T14:30:00+0200,8241.482,MW,NL,NL,forecast_load,Forecasted Load,2026-08-16T07:22:13Z
2026-08-16T07:18:28Z,2026-08-16T09:18:28+0200,aaa9bd4d-7504-4e17-a444-f570127b5d4f,2026-08-07T12:45:00Z,2026-08-07T14:45:00+0200,8090.632,MW,NL,NL,forecast_load,Forecasted Load,2026-08-16T07:22:13Z
2026-08-16T07:18:28Z,2026-08-16T09:18:28+0200,aaa9bd4d-7504-4e17-a444-f570127b5d4f,2026-08-07T13:00:00Z,2026-08-07T15:00:00+0200,8024.277,MW,NL,NL,forecast_load,Forecasted Load,2026-08-16T07:22:13Z
2026-08-16T07:18:28Z,2026-08-16T09:18:28+0200,aaa9bd4d-7504-4e17-a444-f570127b5d4f,2026-08-07T13:15:00Z,2026-08-07T15:15:00+0200,8014.881,MW,NL,NL,forecast_load,Forecasted Load,2026-08-16T07:22:13Z
2026-08-16T07:18:28Z,2026-08-16T09:18:28+0200,aaa9bd4d-7504-4e17-a444-f570127b5d4f,2026-08-07T13:30:00Z,2026-08-07T15:30:00+0200,7887.407,MW,NL,NL,forecast_load,Forecasted Load,2026-08-16T07:22:13Z
2026-08-16T07:18:28Z,2026-08-16T09:18:28+0200,aaa9bd4d-7504-4e17-a444-f570127b5d4f,2026-08-07T13:45:00Z,2026-08-07T15:45:00+0200,7881.872,MW,NL,NL,forecast_load,Forecasted Load,2026-08-16T07:22:13Z
2026-08-16T07:18:28Z,2026-08-16T09:18:28+0200,aaa9bd4d-7504-4e17-a444-f570127b5d4f,2026-08-07T14:00:00Z,2026-08-07T16:00:00+0200,8010.378,MW,NL,NL,forecast_load,Forecasted Load,2026-08-16T07:22:13Z
2026-08-16T07:18:28Z,2026-08-16T09:18:28+0200,aaa9bd4d-7504-4e17-a444-f570127b5d4f,2026-08-07T14:15:00Z,2026-08-07T16:15:00+0200,8164.948,MW,NL,NL,forecast_load,Forecasted Load,2026-08-16T07:22:13Z
2026-08-16T07:18:28Z,2026-08-16T09:18:28+0200,aaa9bd4d-7504-4e17-a444-f570127b5d4f,2026-08-07T14:30:00Z,2026-08-07T16:30:00+0200,8348.739,MW,NL,NL,forecast_load,Forecasted Load,2026-08-16T07:22:13Z
2026-08-16T07:18:28Z,2026-08-16T09:18:28+0200,aaa9bd4d-7504-4e17-a444-f570127b5d4f,2026-08-07T14:45:00Z,2026-08-07T16:45:00+0200,8416.158,MW,NL,NL,forecast_load,Forecasted Load,2026-08-16T07:22:13Z
2026-08-16T07:18:28Z,2026-08-16T09:18:28+0200,aaa9bd4d-7504-4e17-a444-f570127b5d4f,2026-08-07T15:00:00Z,2026-08-07T17:00:00+0200,8595.086,MW,NL,NL,forecast_load,Forecasted Load,2026-08-16T07:22:13Z
2026-08-16T07:18:28Z,2026-08-16T09:18:28+0200,aaa9bd4d-7504-4e17-a444-f570127b5d4f,2026-08-07T15:15:00Z,2026-08-07T17:15:00+0200,8962.72,MW,NL,NL,forecast_load,Forecasted Load,2026-08-16T07:22:13Z
2026-08-16T07:18:28Z,2026-08-16T09:18:28+0200,aaa9bd4d-7504-4e17-a444-f570127b5d4f,2026-08-07T15:30:00Z,2026-08-07T17:30:00+0200,9221.89,MW,NL,NL,forecast_load,Forecasted Load,2026-08-16T07:22:13Z
2026-08-16T07:18:28Z,2026-08-16T09:18:28+0200,aaa9bd4d-7504-4e17-a444-f570127b5d4f,2026-08-07T15:45:00Z,2026-08-07T17:45:00+0200,9478.659,MW,NL,NL,forecast_load,Forecasted Load,2026-08-16T07:22:13Z
2026-08-16T07:18:28Z,2026-08-16T09:18:28+0200,aaa9bd4d-7504-4e17-a444-f570127b5d4f,2026-08-07T16:00:00Z,2026-08-07T18:00:00+0200,9715.548,MW,NL,NL,forecast_load,Forecasted Load,2026-08-16T07:22:13Z
2026-08-16T07:18:28Z,2026-08-16T09:18:28+0200,aaa9bd4d-7504-4e17-a444-f570127b5d4f,2026-08-07T16:15:00Z,2026-08-07T18:15:00+0200,10127.331,MW,NL,NL,forecast_load,Forecasted Load,2026-08-16T07:22:13Z
2026-08-16T07:18:28Z,2026-08-16T09:18:28+0200,aaa9bd4d-7504-4e17-a444-f570127b5d4f,2026-08-07T16:30:00Z,2026-08-07T18:30:00+0200,10294.553,MW,NL,NL,forecast_load,Forecasted Load,2026-08-16T07:22:13Z
2026-08-16T07:18:28Z,2026-08-16T09:18:28+0200,aaa9bd4d-7504-4e17-a444-f570127b5d4f,2026-08-07T16:45:00Z,2026-08-07T18:45:00+0200,10578.189,MW,NL,NL,forecast_load,Forecasted Load,2026-08-16T07:22:13Z
2026-08-16T07:18:28Z,2026-08-16T09:18:28+0200,aaa9bd4d-7504-4e17-a444-f570127b5d4f,2026-08-07T17:00:00Z,2026-08-07T19:00:00+0200,10833.953,MW,NL,NL,forecast_load,Forecasted Load,2026-08-16T07:22:13Z
2026-08-16T07:18:28Z,2026-08-16T09:18:28+0200,aaa9bd4d-7504-4e17-a444-f570127b5d4f,2026-08-07T17:15:00Z,2026-08-07T19:15:00+0200,11106.365,MW,NL,NL,forecast_load,Forecasted Load,2026-08-16T07:22:13Z
2026-08-16T07:18:28Z,2026-08-16T09:18:28+0200,aaa9bd4d-7504-4e17-a444-f570127b5d4f,2026-08-07T17:30:00Z,2026-08-07T19:30:00+0200,11307.433,MW,NL,NL,forecast_load,Forecasted Load,2026-08-16T07:22:13Z
2026-08-16T07:18:28Z,2026-08-16T09:18:28+0200,aaa9bd4d-7504-4e17-a444-f570127b5d4f,2026-08-07T17:45:00Z,2026-08-07T19:45:00+0200,11489.129,MW,NL,NL,forecast_load,Forecasted Load,2026-08-16T07:22:13Z
2026-08-16T07:18:28Z,2026-08-16T09:18:28+0200,aaa9bd4d-7504-4e17-a444-f570127b5d4f,2026-08-07T18:00:00Z,2026-08-07T20:00:00+0200,11535.814,MW,NL,NL,forecast_load,Forecasted Load,2026-08-16T07:22:13Z
2026-08-16T07:18:28Z,2026-08-16T09:18:28+0200,aaa9bd4d-7504-4e17-a444-f570127b5d4f,2026-08-07T18:15:00Z,2026-08-07T20:15:00+0200,11740.311,MW,NL,NL,forecast_load,Forecasted Load,2026-08-16T07:22:13Z
2026-08-16T07:18:28Z,2026-08-16T09:18:28+0200,aaa9bd4d-7504-4e17-a444-f570127b5d4f,2026-08-07T18:30:00Z,2026-08-07T20:30:00+0200,11900.179,MW,NL,NL,forecast_load,Forecasted Load,2026-08-16T07:22:13Z
2026-08-16T07:18:28Z,2026-08-16T09:18:28+0200,aaa9bd4d-7504-4e17-a444-f570127b5d4f,2026-08-07T18:45:00Z,2026-08-07T20:45:00+0200,11940.93,MW,NL,NL,forecast_load,Forecasted Load,2026-08-16T07:22:13Z
2026-08-16T07:18:28Z,2026-08-16T09:18:28+0200,aaa9bd4d-7504-4e17-a444-f570127b5d4f,2026-08-07T19:00:00Z,2026-08-07T21:00:00+0200,11997.249,MW,NL,NL,forecast_load,Forecasted Load,2026-08-16T07:22:13Z
2026-08-16T07:18:28Z,2026-08-16T09:18:28+0200,aaa9bd4d-7504-4e17-a444-f570127b5d4f,2026-08-07T19:15:00Z,2026-08-07T21:15:00+0200,12130.326,MW,NL,NL,forecast_load,Forecasted Load,2026-08-16T07:22:13Z
2026-08-16T07:18:28Z,2026-08-16T09:18:28+0200,aaa9bd4d-7504-4e17-a444-f570127b5d4f,2026-08-07T19:30:00Z,2026-08-07T21:30:00+0200,12130.418,MW,NL,NL,forecast_load,Forecasted Load,2026-08-16T07:22:13Z
2026-08-16T07:18:28Z,2026-08-16T09:18:28+0200,aaa9bd4d-7504-4e17-a444-f570127b5d4f,2026-08-07T19:45:00Z,2026-08-07T21:45:00+0200,12155.034,MW,NL,NL,forecast_load,Forecasted Load,2026-08-16T07:22:13Z
2026-08-16T07:18:28Z,2026-08-16T09:18:28+0200,aaa9bd4d-7504-4e17-a444-f570127b5d4f,2026-08-07T20:00:00Z,2026-08-07T22:00:00+0200,12148.215,MW,NL,NL,forecast_load,Forecasted Load,2026-08-16T07:22:13Z
2026-08-16T07:18:28Z,2026-08-16T09:18:28+0200,aaa9bd4d-7504-4e17-a444-f570127b5d4f,2026-08-07T20:15:00Z,2026-08-07T22:15:00+0200,11929.208,MW,NL,NL,forecast_load,Forecasted Load,2026-08-16T07:22:13Z
2026-08-16T07:18:28Z,2026-08-16T09:18:28+0200,aaa9bd4d-7504-4e17-a444-f570127b5d4f,2026-08-07T20:30:00Z,2026-08-07T22:30:00+0200,11841.948,MW,NL,NL,forecast_load,Forecasted Load,2026-08-16T07:22:13Z
2026-08-16T07:18:28Z,2026-08-16T09:18:28+0200,aaa9bd4d-7504-4e17-a444-f570127b5d4f,2026-08-07T20:45:00Z,2026-08-07T22:45:00+0200,11844.549,MW,NL,NL,forecast_load,Forecasted Load,2026-08-16T07:22:13Z
2026-08-16T07:18:28Z,2026-08-16T09:18:28+0200,aaa9bd4d-7504-4e17-a444-f570127b5d4f,2026-08-07T21:00:00Z,2026-08-07T23:00:00+0200,11812.354,MW,NL,NL,forecast_load,Forecasted Load,2026-08-16T07:22:13Z
2026-08-16T07:18:28Z,2026-08-16T09:18:28+0200,aaa9bd4d-7504-4e17-a444-f570127b5d4f,2026-08-07T21:15:00Z,2026-08-07T23:15:00+0200,11806.095,MW,NL,NL,forecast_load,Forecasted Load,2026-08-16T07:22:13Z
2026-08-16T07:18:28Z,2026-08-16T09:18:28+0200,aaa9bd4d-7504-4e17-a444-f570127b5d4f,2026-08-07T21:30:00Z,2026-08-07T23:30:00+0200,11787.561,MW,NL,NL,forecast_load,Forecasted Load,2026-08-16T07:22:13Z
2026-08-16T07:18:28Z,2026-08-16T09:18:28+0200,aaa9bd4d-7504-4e17-a444-f570127b5d4f,2026-08-07T21:45:00Z,2026-08-07T23:45:00+0200,11603.71,MW,NL,NL,forecast_load,Forecasted Load,2026-08-16T07:22:13Z
2026-08-16T07:18:28Z,2026-08-16T09:18:28+0200,aaa9bd4d-7504-4e17-a444-f570127b5d4f,2026-08-07T22:00:00Z,2026-08-08T00:00:00+0200,11647.127,MW,NL,NL,forecast_load,Forecasted Load,2026-08-16T07:22:13Z
2026-08-16T07:18:28Z,2026-08-16T09:18:28+0200,aaa9bd4d-7504-4e17-a444-f570127b5d4f,2026-08-07T22:15:00Z,2026-08-08T00:15:00+0200,11694.573,MW,NL,NL,forecast_load,Forecasted Load,2026-08-16T07:22:13Z
2026-08-16T07:18:28Z,2026-08-16T09:18:28+0200,aaa9bd4d-7504-4e17-a444-f570127b5d4f,2026-08-07T22:30:00Z,2026-08-08T00:30:00+0200,11592.664,MW,NL,NL,forecast_load,Forecasted Load,2026-08-16T07:22:13Z
2026-08-16T07:18:28Z,2026-08-16T09:18:28+0200,aaa9bd4d-7504-4e17-a444-f570127b5d4f,2026-08-07T22:45:00Z,2026-08-08T00:45:00+0200,11405.557,MW,NL,NL,forecast_load,Forecasted Load,2026-08-16T07:22:13Z
2026-08-16T07:18:28Z,2026-08-16T09:18:28+0200,aaa9bd4d-7504-4e17-a444-f570127b5d4f,2026-08-07T23:00:00Z,2026-08-08T01:00:00+0200,11334.185,MW,NL,NL,forecast_load,Forecasted Load,2026-08-16T07:22:13Z
2026-08-16T07:18:28Z,2026-08-16T09:18:28+0200,aaa9bd4d-7504-4e17-a444-f570127b5d4f,2026-08-07T23:15:00Z,2026-08-08T01:15:00+0200,11139.444,MW,NL,NL,forecast_load,Forecasted Load,2026-08-16T07:22:13Z
2026-08-16T07:18:28Z,2026-08-16T09:18:28+0200,aaa9bd4d-7504-4e17-a444-f570127b5d4f,2026-08-07T23:30:00Z,2026-08-08T01:30:00+0200,11073.805,MW,NL,NL,forecast_load,Forecasted Load,2026-08-16T07:22:13Z
2026-08-16T07:18:28Z,2026-08-16T09:18:28+0200,aaa9bd4d-7504-4e17-a444-f570127b5d4f,2026-08-07T23:45:00Z,2026-08-08T01:45:00+0200,11034.878,MW,NL,NL,forecast_load,Forecasted Load,2026-08-16T07:22:13Z
2026-08-16T07:18:28Z,2026-08-16T09:18:28+0200,aaa9bd4d-7504-4e17-a444-f570127b5d4f,2026-08-08T00:00:00Z,2026-08-08T02:00:00+0200,11019.734,MW,NL,NL,forecast_load,Forecasted Load,2026-08-16T07:22:13Z
2026-08-16T07:18:28Z,2026-08-16T09:18:28+0200,aaa9bd4d-7504-4e17-a444-f570127b5d4f,2026-08-08T00:15:00Z,2026-08-08T02:15:00+0200,10980.61,MW,NL,NL,forecast_load,Forecasted Load,2026-08-16T07:22:13Z
2026-08-16T07:18:28Z,2026-08-16T09:18:28+0200,aaa9bd4d-7504-4e17-a444-f570127b5d4f,2026-08-08T00:30:00Z,2026-08-08T02:30:00+0200,10923.717,MW,NL,NL,forecast_load,Forecasted Load,2026-08-16T07:22:13Z
2026-08-16T07:18:28Z,2026-08-16T09:18:28+0200,aaa9bd4d-7504-4e17-a444-f570127b5d4f,2026-08-08T00:45:00Z,2026-08-08T02:45:00+0200,10838.878,MW,NL,NL,forecast_load,Forecasted Load,2026-08-16T07:22:13Z
2026-08-16T07:18:28Z,2026-08-16T09:18:28+0200,aaa9bd4d-7504-4e17-a444-f570127b5d4f,2026-08-08T01:00:00Z,2026-08-08T03:00:00+0200,10726.981,MW,NL,NL,forecast_load,Forecasted Load,2026-08-16T07:22:13Z
2026-08-16T07:18:28Z,2026-08-16T09:18:28+0200,aaa9bd4d-7504-4e17-a444-f570127b5d4f,2026-08-08T01:15:00Z,2026-08-08T03:15:00+0200,10641.393,MW,NL,NL,forecast_load,Forecasted Load,2026-08-16T07:22:13Z
2026-08-16T07:18:28Z,2026-08-16T09:18:28+0200,aaa9bd4d-7504-4e17-a444-f570127b5d4f,2026-08-08T01:30:00Z,2026-08-08T03:30:00+0200,10560.2,MW,NL,NL,forecast_load,Forecasted Load,2026-08-16T07:22:13Z
2026-08-16T07:18:28Z,2026-08-16T09:18:28+0200,aaa9bd4d-7504-4e17-a444-f570127b5d4f,2026-08-08T01:45:00Z,2026-08-08T03:45:00+0200,10492.651,MW,NL,NL,forecast_load,Forecasted Load,2026-08-16T07:22:13Z
2026-08-16T07:18:28Z,2026-08-16T09:18:28+0200,aaa9bd4d-7504-4e17-a444-f570127b5d4f,2026-08-08T02:00:00Z,2026-08-08T04:00:00+0200,10375.689,MW,NL,NL,forecast_load,Forecasted Load,2026-08-16T07:22:13Z
2026-08-16T07:18:28Z,2026-08-16T09:18:28+0200,aaa9bd4d-7504-4e17-a444-f570127b5d4f,2026-08-08T02:15:00Z,2026-08-08T04:15:00+0200,10318.407,MW,NL,NL,forecast_load,Forecasted Load,2026-08-16T07:22:13Z
2026-08-16T07:18:28Z,2026-08-16T09:18:28+0200,aaa9bd4d-7504-4e17-a444-f570127b5d4f,2026-08-08T02:30:00Z,2026-08-08T04:30:00+0200,10301.58,MW,NL,NL,forecast_load,Forecasted Load,2026-08-16T07:22:13Z
2026-08-16T07:18:28Z,2026-08-16T09:18:28+0200,aaa9bd4d-7504-4e17-a444-f570127b5d4f,2026-08-08T02:45:00Z,2026-08-08T04:45:00+0200,10224.387,MW,NL,NL,forecast_load,Forecasted Load,2026-08-16T07:22:13Z
2026-08-16T07:18:28Z,2026-08-16T09:18:28+0200,aaa9bd4d-7504-4e17-a444-f570127b5d4f,2026-08-08T03:00:00Z,2026-08-08T05:00:00+0200,10199.99,MW,NL,NL,forecast_load,Forecasted Load,2026-08-16T07:22:13Z
2026-08-16T07:18:28Z,2026-08-16T09:18:28+0200,aaa9bd4d-7504-4e17-a444-f570127b5d4f,2026-08-08T03:15:00Z,2026-08-08T05:15:00+0200,10218.053,MW,NL,NL,forecast_load,Forecasted Load,2026-08-16T07:22:13Z
2026-08-16T07:18:28Z,2026-08-16T09:18:28+0200,aaa9bd4d-7504-4e17-a444-f570127b5d4f,2026-08-08T03:30:00Z,2026-08-08T05:30:00+0200,10199.104,MW,NL,NL,forecast_load,Forecasted Load,2026-08-16T07:22:13Z
2026-08-16T07:18:28Z,2026-08-16T09:18:28+0200,aaa9bd4d-7504-4e17-a444-f570127b5d4f,2026-08-08T03:45:00Z,2026-08-08T05:45:00+0200,10206.687,MW,NL,NL,forecast_load,Forecasted Load,2026-08-16T07:22:13Z
2026-08-16T07:18:28Z,2026-08-16T09:18:28+0200,aaa9bd4d-7504-4e17-a444-f570127b5d4f,2026-08-08T04:00:00Z,2026-08-08T06:00:00+0200,10101.682,MW,NL,NL,forecast_load,Forecasted Load,2026-08-16T07:22:13Z
2026-08-16T07:18:28Z,2026-08-16T09:18:28+0200,aaa9bd4d-7504-4e17-a444-f570127b5d4f,2026-08-08T04:15:00Z,2026-08-08T06:15:00+0200,9924.544,MW,NL,NL,forecast_load,Forecasted Load,2026-08-16T07:22:13Z
2026-08-16T07:18:28Z,2026-08-16T09:18:28+0200,aaa9bd4d-7504-4e17-a444-f570127b5d4f,2026-08-08T04:30:00Z,2026-08-08T06:30:00+0200,9833.934,MW,NL,NL,forecast_load,Forecasted Load,2026-08-16T07:22:13Z
2026-08-16T07:18:28Z,2026-08-16T09:18:28+0200,aaa9bd4d-7504-4e17-a444-f570127b5d4f,2026-08-08T04:45:00Z,2026-08-08T06:45:00+0200,9768.777,MW,NL,NL,forecast_load,Forecasted Load,2026-08-16T07:22:13Z
2026-08-16T07:18:28Z,2026-08-16T09:18:28+0200,aaa9bd4d-7504-4e17-a444-f570127b5d4f,2026-08-08T05:00:00Z,2026-08-08T07:00:00+0200,9656.162,MW,NL,NL,forecast_load,Forecasted Load,2026-08-16T07:22:13Z
2026-08-16T07:18:28Z,2026-08-16T09:18:28+0200,aaa9bd4d-7504-4e17-a444-f570127b5d4f,2026-08-08T05:15:00Z,2026-08-08T07:15:00+0200,9339.001,MW,NL,NL,forecast_load,Forecasted Load,2026-08-16T07:22:13Z
2026-08-16T07:18:28Z,2026-08-16T09:18:28+0200,aaa9bd4d-7504-4e17-a444-f570127b5d4f,2026-08-08T05:30:00Z,2026-08-08T07:30:00+0200,9148.992,MW,NL,NL,forecast_load,Forecasted Load,2026-08-16T07:22:13Z
2026-08-16T07:18:28Z,2026-08-16T09:18:28+0200,aaa9bd4d-7504-4e17-a444-f570127b5d4f,2026-08-08T05:45:00Z,2026-08-08T07:45:00+0200,9001.535,MW,NL,NL,forecast_load,Forecasted Load,2026-08-16T07:22:13Z
2026-08-16T07:18:28Z,2026-08-16T09:18:28+0200,aaa9bd4d-7504-4e17-a444-f570127b5d4f,2026-08-08T06:00:00Z,2026-08-08T08:00:00+0200,8783.816,MW,NL,NL,forecast_load,Forecasted Load,2026-08-16T07:22:13Z
2026-08-16T07:18:28Z,2026-08-16T09:18:28+0200,aaa9bd4d-7504-4e17-a444-f570127b5d4f,2026-08-08T06:15:00Z,2026-08-08T08:15:00+0200,8484.533,MW,NL,NL,forecast_load,Forecasted Load,2026-08-16T07:22:13Z
2026-08-16T07:18:28Z,2026-08-16T09:18:28+0200,aaa9bd4d-7504-4e17-a444-f570127b5d4f,2026-08-08T06:30:00Z,2026-08-08T08:30:00+0200,8282.561,MW,NL,NL,forecast_load,Forecasted Load,2026-08-16T07:22:13Z
2026-08-16T07:18:28Z,2026-08-16T09:18:28+0200,aaa9bd4d-7504-4e17-a444-f570127b5d4f,2026-08-08T06:45:00Z,2026-08-08T08:45:00+0200,7970.687,MW,NL,NL,forecast_load,Forecasted Load,2026-08-16T07:22:13Z
2026-08-16T07:18:28Z,2026-08-16T09:18:28+0200,aaa9bd4d-7504-4e17-a444-f570127b5d4f,2026-08-08T07:00:00Z,2026-08-08T09:00:00+0200,7674.553,MW,NL,NL,forecast_load,Forecasted Load,2026-08-16T07:22:13Z
2026-08-16T07:18:28Z,2026-08-16T09:18:28+0200,aaa9bd4d-7504-4e17-a444-f570127b5d4f,2026-08-08T07:15:00Z,2026-08-08T09:15:00+0200,7307.862,MW,NL,NL,forecast_load,Forecasted Load,2026-08-16T07:22:13Z
2026-08-16T07:18:28Z,2026-08-16T09:18:28+0200,aaa9bd4d-7504-4e17-a444-f570127b5d4f,2026-08-08T07:30:00Z,2026-08-08T09:30:00+0200,7060.625,MW,NL,NL,forecast_load,Forecasted Load,2026-08-16T07:22:13Z
2026-08-16T07:18:28Z,2026-08-16T09:18:28+0200,aaa9bd4d-7504-4e17-a444-f570127b5d4f,2026-08-08T07:45:00Z,2026-08-08T09:45:00+0200,6823.227,MW,NL,NL,forecast_load,Forecasted Load,2026-08-16T07:22:13Z
2026-08-16T07:18:28Z,2026-08-16T09:18:28+0200,aaa9bd4d-7504-4e17-a444-f570127b5d4f,2026-08-08T08:00:00Z,2026-08-08T10:00:00+0200,6488.643,MW,NL,NL,forecast_load,Forecasted Load,2026-08-16T07:22:13Z
2026-08-16T07:18:28Z,2026-08-16T09:18:28+0200,aaa9bd4d-7504-4e17-a444-f570127b5d4f,2026-08-08T08:15:00Z,2026-08-08T10:15:00+0200,6136.841,MW,NL,NL,forecast_load,Forecasted Load,2026-08-16T07:22:13Z
2026-08-16T07:18:28Z,2026-08-16T09:18:28+0200,aaa9bd4d-7504-4e17-a444-f570127b5d4f,2026-08-08T08:30:00Z,2026-08-08T10:30:00+0200,6091.275,MW,NL,NL,forecast_load,Forecasted Load,2026-08-16T07:22:13Z
2026-08-16T07:18:28Z,2026-08-16T09:18:28+0200,aaa9bd4d-7504-4e17-a444-f570127b5d4f,2026-08-08T08:45:00Z,2026-08-08T10:45:00+0200,5901.449,MW,NL,NL,forecast_load,Forecasted Load,2026-08-16T07:22:13Z
2026-08-16T07:18:28Z,2026-08-16T09:18:28+0200,aaa9bd4d-7504-4e17-a444-f570127b5d4f,2026-08-08T09:00:00Z,2026-08-08T11:00:00+0200,5686.959,MW,NL,NL,forecast_load,Forecasted Load,2026-08-16T07:22:13Z
2026-08-16T07:18:28Z,2026-08-16T09:18:28+0200,aaa9bd4d-7504-4e17-a444-f570127b5d4f,2026-08-08T09:15:00Z,2026-08-08T11:15:00+0200,5417.842,MW,NL,NL,forecast_load,Forecasted Load,2026-08-16T07:22:13Z
2026-08-16T07:18:28Z,2026-08-16T09:18:28+0200,aaa9bd4d-7504-4e17-a444-f570127b5d4f,2026-08-08T09:30:00Z,2026-08-08T11:30:00+0200,5217.5,MW,NL,NL,forecast_load,Forecasted Load,2026-08-16T07:22:13Z
2026-08-16T07:18:28Z,2026-08-16T09:18:28+0200,aaa9bd4d-7504-4e17-a444-f570127b5d4f,2026-08-08T09:45:00Z,2026-08-08T11:45:00+0200,5201.515,MW,NL,NL,forecast_load,Forecasted Load,2026-08-16T07:22:13Z
2026-08-16T07:18:28Z,2026-08-16T09:18:28+0200,aaa9bd4d-7504-4e17-a444-f570127b5d4f,2026-08-08T10:00:00Z,2026-08-08T12:00:00+0200,5207.358,MW,NL,NL,forecast_load,Forecasted Load,2026-08-16T07:22:13Z
2026-08-16T07:18:28Z,2026-08-16T09:18:28+0200,aaa9bd4d-7504-4e17-a444-f570127b5d4f,2026-08-08T10:15:00Z,2026-08-08T12:15:00+0200,5243.307,MW,NL,NL,forecast_load,Forecasted Load,2026-08-16T07:22:13Z
2026-08-16T07:18:28Z,2026-08-16T09:18:28+0200,aaa9bd4d-7504-4e17-a444-f570127b5d4f,2026-08-08T10:30:00Z,2026-08-08T12:30:00+0200,5272.992,MW,NL,NL,forecast_load,Forecasted Load,2026-08-16T07:22:13Z
2026-08-16T07:18:28Z,2026-08-16T09:18:28+0200,aaa9bd4d-7504-4e17-a444-f570127b5d4f,2026-08-08T10:45:00Z,2026-08-08T12:45:00+0200,5405.771,MW,NL,NL,forecast_load,Forecasted Load,2026-08-16T07:22:13Z
2026-08-16T07:18:28Z,2026-08-16T09:18:28+0200,aaa9bd4d-7504-4e17-a444-f570127b5d4f,2026-08-08T11:00:00Z,2026-08-08T13:00:00+0200,5359.764,MW,NL,NL,forecast_load,Forecasted Load,2026-08-16T07:22:13Z
2026-08-16T07:18:28Z,2026-08-16T09:18:28+0200,aaa9bd4d-7504-4e17-a444-f570127b5d4f,2026-08-08T11:15:00Z,2026-08-08T13:15:00+0200,5540.677,MW,NL,NL,forecast_load,Forecasted Load,2026-08-16T07:22:13Z
2026-08-16T07:18:28Z,2026-08-16T09:18:28+0200,aaa9bd4d-7504-4e17-a444-f570127b5d4f,2026-08-08T11:30:00Z,2026-08-08T13:30:00+0200,5653.628,MW,NL,NL,forecast_load,Forecasted Load,2026-08-16T07:22:13Z
2026-08-16T07:18:28Z,2026-08-16T09:18:28+0200,aaa9bd4d-7504-4e17-a444-f570127b5d4f,2026-08-08T11:45:00Z,2026-08-08T13:45:00+0200,5830.991,MW,NL,NL,forecast_load,Forecasted Load,2026-08-16T07:22:13Z
2026-08-16T07:18:28Z,2026-08-16T09:18:28+0200,aaa9bd4d-7504-4e17-a444-f570127b5d4f,2026-08-08T12:00:00Z,2026-08-08T14:00:00+0200,6040.546,MW,NL,NL,forecast_load,Forecasted Load,2026-08-16T07:22:13Z
2026-08-16T07:18:28Z,2026-08-16T09:18:28+0200,aaa9bd4d-7504-4e17-a444-f570127b5d4f,2026-08-08T12:15:00Z,2026-08-08T14:15:00+0200,6014.98,MW,NL,NL,forecast_load,Forecasted Load,2026-08-16T07:22:13Z
2026-08-16T07:18:28Z,2026-08-16T09:18:28+0200,aaa9bd4d-7504-4e17-a444-f570127b5d4f,2026-08-08T12:30:00Z,2026-08-08T14:30:00+0200,6045.917,MW,NL,NL,forecast_load,Forecasted Load,2026-08-16T07:22:13Z
2026-08-16T07:18:28Z,2026-08-16T09:18:28+0200,aaa9bd4d-7504-4e17-a444-f570127b5d4f,2026-08-08T12:45:00Z,2026-08-08T14:45:00+0200,6011.711,MW,NL,NL,forecast_load,Forecasted Load,2026-08-16T07:22:13Z
2026-08-16T07:18:28Z,2026-08-16T09:18:28+0200,aaa9bd4d-7504-4e17-a444-f570127b5d4f,2026-08-08T13:00:00Z,2026-08-08T15:00:00+0200,6001.883,MW,NL,NL,forecast_load,Forecasted Load,2026-08-16T07:22:13Z
2026-08-16T07:18:28Z,2026-08-16T09:18:28+0200,aaa9bd4d-7504-4e17-a444-f570127b5d4f,2026-08-08T13:15:00Z,2026-08-08T15:15:00+0200,6190.422,MW,NL,NL,forecast_load,Forecasted Load,2026-08-16T07:22:13Z
2026-08-16T07:18:28Z,2026-08-16T09:18:28+0200,aaa9bd4d-7504-4e17-a444-f570127b5d4f,2026-08-08T13:30:00Z,2026-08-08T15:30:00+0200,6121.162,MW,NL,NL,forecast_load,Forecasted Load,2026-08-16T07:22:13Z
2026-08-16T07:18:28Z,2026-08-16T09:18:28+0200,aaa9bd4d-7504-4e17-a444-f570127b5d4f,2026-08-08T13:45:00Z,2026-08-08T15:45:00+0200,6162.809,MW,NL,NL,forecast_load,Forecasted Load,2026-08-16T07:22:13Z
2026-08-16T07:18:28Z,2026-08-16T09:18:28+0200,aaa9bd4d-7504-4e17-a444-f570127b5d4f,2026-08-08T14:00:00Z,2026-08-08T16:00:00+0200,6219.078,MW,NL,NL,forecast_load,Forecasted Load,2026-08-16T07:22:13Z
2026-08-16T07:18:28Z,2026-08-16T09:18:28+0200,aaa9bd4d-7504-4e17-a444-f570127b5d4f,2026-08-08T14:15:00Z,2026-08-08T16:15:00+0200,6347.621,MW,NL,NL,forecast_load,Forecasted Load,2026-08-16T07:22:13Z
2026-08-16T07:18:28Z,2026-08-16T09:18:28+0200,aaa9bd4d-7504-4e17-a444-f570127b5d4f,2026-08-08T14:30:00Z,2026-08-08T16:30:00+0200,6404.077,MW,NL,NL,forecast_load,Forecasted Load,2026-08-16T07:22:13Z
2026-08-16T07:18:28Z,2026-08-16T09:18:28+0200,aaa9bd4d-7504-4e17-a444-f570127b5d4f,2026-08-08T14:45:00Z,2026-08-08T16:45:00+0200,6512.623,MW,NL,NL,forecast_load,Forecasted Load,2026-08-16T07:22:13Z
2026-08-16T07:18:28Z,2026-08-16T09:18:28+0200,aaa9bd4d-7504-4e17-a444-f570127b5d4f,2026-08-08T15:00:00Z,2026-08-08T17:00:00+0200,6564.818,MW,NL,NL,forecast_load,Forecasted Load,2026-08-16T07:22:13Z
2026-08-16T07:18:28Z,2026-08-16T09:18:28+0200,aaa9bd4d-7504-4e17-a444-f570127b5d4f,2026-08-08T15:15:00Z,2026-08-08T17:15:00+0200,6941.925,MW,NL,NL,forecast_load,Forecasted Load,2026-08-16T07:22:13Z
2026-08-16T07:18:28Z,2026-08-16T09:18:28+0200,aaa9bd4d-7504-4e17-a444-f570127b5d4f,2026-08-08T15:30:00Z,2026-08-08T17:30:00+0200,7178.469,MW,NL,NL,forecast_load,Forecasted Load,2026-08-16T07:22:13Z
2026-08-16T07:18:28Z,2026-08-16T09:18:28+0200,aaa9bd4d-7504-4e17-a444-f570127b5d4f,2026-08-08T15:45:00Z,2026-08-08T17:45:00+0200,7548.486,MW,NL,NL,forecast_load,Forecasted Load,2026-08-16T07:22:13Z
2026-08-16T07:18:28Z,2026-08-16T09:18:28+0200,aaa9bd4d-7504-4e17-a444-f570127b5d4f,2026-08-08T16:00:00Z,2026-08-08T18:00:00+0200,7862.351,MW,NL,NL,forecast_load,Forecasted Load,2026-08-16T07:22:13Z
2026-08-16T07:18:28Z,2026-08-16T09:18:28+0200,aaa9bd4d-7504-4e17-a444-f570127b5d4f,2026-08-08T16:15:00Z,2026-08-08T18:15:00+0200,8145.757,MW,NL,NL,forecast_load,Forecasted Load,2026-08-16T07:22:13Z
2026-08-16T07:18:28Z,2026-08-16T09:18:28+0200,aaa9bd4d-7504-4e17-a444-f570127b5d4f,2026-08-08T16:30:00Z,2026-08-08T18:30:00+0200,8354.652,MW,NL,NL,forecast_load,Forecasted Load,2026-08-16T07:22:13Z
2026-08-16T07:18:28Z,2026-08-16T09:18:28+0200,aaa9bd4d-7504-4e17-a444-f570127b5d4f,2026-08-08T16:45:00Z,2026-08-08T18:45:00+0200,8419.863,MW,NL,NL,forecast_load,Forecasted Load,2026-08-16T07:22:13Z
2026-08-16T07:18:28Z,2026-08-16T09:18:28+0200,aaa9bd4d-7504-4e17-a444-f570127b5d4f,2026-08-08T17:00:00Z,2026-08-08T19:00:00+0200,8565.424,MW,NL,NL,forecast_load,Forecasted Load,2026-08-16T07:22:13Z
2026-08-16T07:18:28Z,2026-08-16T09:18:28+0200,aaa9bd4d-7504-4e17-a444-f570127b5d4f,2026-08-08T17:15:00Z,2026-08-08T19:15:00+0200,8740.988,MW,NL,NL,forecast_load,Forecasted Load,2026-08-16T07:22:13Z
2026-08-16T07:18:28Z,2026-08-16T09:18:28+0200,aaa9bd4d-7504-4e17-a444-f570127b5d4f,2026-08-08T17:30:00Z,2026-08-08T19:30:00+0200,9007.264,MW,NL,NL,forecast_load,Forecasted Load,2026-08-16T07:22:13Z
2026-08-16T07:18:28Z,2026-08-16T09:18:28+0200,aaa9bd4d-7504-4e17-a444-f570127b5d4f,2026-08-08T17:45:00Z,2026-08-08T19:45:00+0200,9284.385,MW,NL,NL,forecast_load,Forecasted Load,2026-08-16T07:22:13Z
2026-08-16T07:18:28Z,2026-08-16T09:18:28+0200,aaa9bd4d-7504-4e17-a444-f570127b5d4f,2026-08-08T18:00:00Z,2026-08-08T20:00:00+0200,9585.93,MW,NL,NL,forecast_load,Forecasted Load,2026-08-16T07:22:13Z
2026-08-16T07:18:28Z,2026-08-16T09:18:28+0200,aaa9bd4d-7504-4e17-a444-f570127b5d4f,2026-08-08T18:15:00Z,2026-08-08T20:15:00+0200,9950.367,MW,NL,NL,forecast_load,Forecasted Load,2026-08-16T07:22:13Z
2026-08-16T07:18:28Z,2026-08-16T09:18:28+0200,aaa9bd4d-7504-4e17-a444-f570127b5d4f,2026-08-08T18:30:00Z,2026-08-08T20:30:00+0200,10267.542,MW,NL,NL,forecast_load,Forecasted Load,2026-08-16T07:22:13Z
2026-08-16T07:18:28Z,2026-08-16T09:18:28+0200,aaa9bd4d-7504-4e17-a444-f570127b5d4f,2026-08-08T18:45:00Z,2026-08-08T20:45:00+0200,10494.507,MW,NL,NL,forecast_load,Forecasted Load,2026-08-16T07:22:13Z
2026-08-16T07:18:28Z,2026-08-16T09:18:28+0200,aaa9bd4d-7504-4e17-a444-f570127b5d4f,2026-08-08T19:00:00Z,2026-08-08T21:00:00+0200,10681.96,MW,NL,NL,forecast_load,Forecasted Load,2026-08-16T07:22:13Z
2026-08-16T07:18:28Z,2026-08-16T09:18:28+0200,aaa9bd4d-7504-4e17-a444-f570127b5d4f,2026-08-08T19:15:00Z,2026-08-08T21:15:00+0200,10810.668,MW,NL,NL,forecast_load,Forecasted Load,2026-08-16T07:22:13Z
2026-08-16T07:18:28Z,2026-08-16T09:18:28+0200,aaa9bd4d-7504-4e17-a444-f570127b5d4f,2026-08-08T19:30:00Z,2026-08-08T21:30:00+0200,10930.497,MW,NL,NL,forecast_load,Forecasted Load,2026-08-16T07:22:13Z
2026-08-16T07:18:28Z,2026-08-16T09:18:28+0200,aaa9bd4d-7504-4e17-a444-f570127b5d4f,2026-08-08T19:45:00Z,2026-08-08T21:45:00+0200,10967.954,MW,NL,NL,forecast_load,Forecasted Load,2026-08-16T07:22:13Z
2026-08-16T07:18:28Z,2026-08-16T09:18:28+0200,aaa9bd4d-7504-4e17-a444-f570127b5d4f,2026-08-08T20:00:00Z,2026-08-08T22:00:00+0200,11014.314,MW,NL,NL,forecast_load,Forecasted Load,2026-08-16T07:22:13Z
2026-08-16T07:18:28Z,2026-08-16T09:18:28+0200,aaa9bd4d-7504-4e17-a444-f570127b5d4f,2026-08-08T20:15:00Z,2026-08-08T22:15:00+0200,10935.289,MW,NL,NL,forecast_load,Forecasted Load,2026-08-16T07:22:13Z
2026-08-16T07:18:28Z,2026-08-16T09:18:28+0200,aaa9bd4d-7504-4e17-a444-f570127b5d4f,2026-08-08T20:30:00Z,2026-08-08T22:30:00+0200,10934.961,MW,NL,NL,forecast_load,Forecasted Load,2026-08-16T07:22:13Z
2026-08-16T07:18:28Z,2026-08-16T09:18:28+0200,aaa9bd4d-7504-4e17-a444-f570127b5d4f,2026-08-08T20:45:00Z,2026-08-08T22:45:00+0200,10952.778,MW,NL,NL,forecast_load,Forecasted Load,2026-08-16T07:22:13Z
2026-08-16T07:18:28Z,2026-08-16T09:18:28+0200,aaa9bd4d-7504-4e17-a444-f570127b5d4f,2026-08-08T21:00:00Z,2026-08-08T23:00:00+0200,10901.285,MW,NL,NL,forecast_load,Forecasted Load,2026-08-16T07:22:13Z
2026-08-16T07:18:28Z,2026-08-16T09:18:28+0200,aaa9bd4d-7504-4e17-a444-f570127b5d4f,2026-08-08T21:15:00Z,2026-08-08T23:15:00+0200,10815.883,MW,NL,NL,forecast_load,Forecasted Load,2026-08-16T07:22:13Z
2026-08-16T07:18:28Z,2026-08-16T09:18:28+0200,aaa9bd4d-7504-4e17-a444-f570127b5d4f,2026-08-08T21:30:00Z,2026-08-08T23:30:00+0200,10763.391,MW,NL,NL,forecast_load,Forecasted Load,2026-08-16T07:22:13Z
2026-08-16T07:18:28Z,2026-08-16T09:18:28+0200,aaa9bd4d-7504-4e17-a444-f570127b5d4f,2026-08-08T21:45:00Z,2026-08-08T23:45:00+0200,10769.818,MW,NL,NL,forecast_load,Forecasted Load,2026-08-16T07:22:13Z
2026-08-16T07:18:28Z,2026-08-16T09:18:28+0200,aaa9bd4d-7504-4e17-a444-f570127b5d4f,2026-08-08T22:00:00Z,2026-08-09T00:00:00+0200,11285.876,MW,NL,NL,forecast_load,Forecasted Load,2026-08-16T07:22:13Z
2026-08-16T07:18:28Z,2026-08-16T09:18:28+0200,aaa9bd4d-7504-4e17-a444-f570127b5d4f,2026-08-08T22:15:00Z,2026-08-09T00:15:00+0200,11195.911,MW,NL,NL,forecast_load,Forecasted Load,2026-08-16T07:22:13Z
2026-08-16T07:18:28Z,2026-08-16T09:18:28+0200,aaa9bd4d-7504-4e17-a444-f570127b5d4f,2026-08-08T22:30:00Z,2026-08-09T00:30:00+0200,11116.155,MW,NL,NL,forecast_load,Forecasted Load,2026-08-16T07:22:13Z
2026-08-16T07:18:28Z,2026-08-16T09:18:28+0200,aaa9bd4d-7504-4e17-a444-f570127b5d4f,2026-08-08T22:45:00Z,2026-08-09T00:45:00+0200,10957.981,MW,NL,NL,forecast_load,Forecasted Load,2026-08-16T07:22:13Z
2026-08-16T07:18:28Z,2026-08-16T09:18:28+0200,aaa9bd4d-7504-4e17-a444-f570127b5d4f,2026-08-08T23:00:00Z,2026-08-09T01:00:00+0200,10929.016,MW,NL,NL,forecast_load,Forecasted Load,2026-08-16T07:22:13Z
2026-08-16T07:18:28Z,2026-08-16T09:18:28+0200,aaa9bd4d-7504-4e17-a444-f570127b5d4f,2026-08-08T23:15:00Z,2026-08-09T01:15:00+0200,10790.858,MW,NL,NL,forecast_load,Forecasted Load,2026-08-16T07:22:13Z
2026-08-16T07:18:28Z,2026-08-16T09:18:28+0200,aaa9bd4d-7504-4e17-a444-f570127b5d4f,2026-08-08T23:30:00Z,2026-08-09T01:30:00+0200,10734.98,MW,NL,NL,forecast_load,Forecasted Load,2026-08-16T07:22:13Z
2026-08-16T07:18:28Z,2026-08-16T09:18:28+0200,aaa9bd4d-7504-4e17-a444-f570127b5d4f,2026-08-08T23:45:00Z,2026-08-09T01:45:00+0200,10681.192,MW,NL,NL,forecast_load,Forecasted Load,2026-08-16T07:22:13Z
2026-08-16T07:18:28Z,2026-08-16T09:18:28+0200,aaa9bd4d-7504-4e17-a444-f570127b5d4f,2026-08-09T00:00:00Z,2026-08-09T02:00:00+0200,10564.3,MW,NL,NL,forecast_load,Forecasted Load,2026-08-16T07:22:13Z
2026-08-16T07:18:28Z,2026-08-16T09:18:28+0200,aaa9bd4d-7504-4e17-a444-f570127b5d4f,2026-08-09T00:15:00Z,2026-08-09T02:15:00+0200,10441.979,MW,NL,NL,forecast_load,Forecasted Load,2026-08-16T07:22:13Z
2026-08-16T07:18:28Z,2026-08-16T09:18:28+0200,aaa9bd4d-7504-4e17-a444-f570127b5d4f,2026-08-09T00:30:00Z,2026-08-09T02:30:00+0200,10353.825,MW,NL,NL,forecast_load,Forecasted Load,2026-08-16T07:22:13Z
2026-08-16T07:18:28Z,2026-08-16T09:18:28+0200,aaa9bd4d-7504-4e17-a444-f570127b5d4f,2026-08-09T00:45:00Z,2026-08-09T02:45:00+0200,10170.627,MW,NL,NL,forecast_load,Forecasted Load,2026-08-16T07:22:13Z
2026-08-16T07:18:28Z,2026-08-16T09:18:28+0200,aaa9bd4d-7504-4e17-a444-f570127b5d4f,2026-08-09T01:00:00Z,2026-08-09T03:00:00+0200,10086.06,MW,NL,NL,forecast_load,Forecasted Load,2026-08-16T07:22:13Z
2026-08-16T07:18:28Z,2026-08-16T09:18:28+0200,aaa9bd4d-7504-4e17-a444-f570127b5d4f,2026-08-09T01:15:00Z,2026-08-09T03:15:00+0200,10026.749,MW,NL,NL,forecast_load,Forecasted Load,2026-08-16T07:22:13Z
2026-08-16T07:18:28Z,2026-08-16T09:18:28+0200,aaa9bd4d-7504-4e17-a444-f570127b5d4f,2026-08-09T01:30:00Z,2026-08-09T03:30:00+0200,9875.139,MW,NL,NL,forecast_load,Forecasted Load,2026-08-16T07:22:13Z
2026-08-16T07:18:28Z,2026-08-16T09:18:28+0200,aaa9bd4d-7504-4e17-a444-f570127b5d4f,2026-08-09T01:45:00Z,2026-08-09T03:45:00+0200,9812.971,MW,NL,NL,forecast_load,Forecasted Load,2026-08-16T07:22:13Z
2026-08-16T07:18:28Z,2026-08-16T09:18:28+0200,aaa9bd4d-7504-4e17-a444-f570127b5d4f,2026-08-09T02:00:00Z,2026-08-09T04:00:00+0200,9832.833,MW,NL,NL,forecast_load,Forecasted Load,2026-08-16T07:22:13Z
2026-08-16T07:18:28Z,2026-08-16T09:18:28+0200,aaa9bd4d-7504-4e17-a444-f570127b5d4f,2026-08-09T02:15:00Z,2026-08-09T04:15:00+0200,9811.585,MW,NL,NL,forecast_load,Forecasted Load,2026-08-16T07:22:13Z
2026-08-16T07:18:28Z,2026-08-16T09:18:28+0200,aaa9bd4d-7504-4e17-a444-f570127b5d4f,2026-08-09T02:30:00Z,2026-08-09T04:30:00+0200,9812.791,MW,NL,NL,forecast_load,Forecasted Load,2026-08-16T07:22:13Z
2026-08-16T07:18:28Z,2026-08-16T09:18:28+0200,aaa9bd4d-7504-4e17-a444-f570127b5d4f,2026-08-09T02:45:00Z,2026-08-09T04:45:00+0200,9812.334,MW,NL,NL,forecast_load,Forecasted Load,2026-08-16T07:22:13Z
2026-08-16T07:18:28Z,2026-08-16T09:18:28+0200,aaa9bd4d-7504-4e17-a444-f570127b5d4f,2026-08-09T03:00:00Z,2026-08-09T05:00:00+0200,9764.294,MW,NL,NL,forecast_load,Forecasted Load,2026-08-16T07:22:13Z
2026-08-16T07:18:28Z,2026-08-16T09:18:28+0200,aaa9bd4d-7504-4e17-a444-f570127b5d4f,2026-08-09T03:15:00Z,2026-08-09T05:15:00+0200,9721.635,MW,NL,NL,forecast_load,Forecasted Load,2026-08-16T07:22:13Z
2026-08-16T07:18:28Z,2026-08-16T09:18:28+0200,aaa9bd4d-7504-4e17-a444-f570127b5d4f,2026-08-09T03:30:00Z,2026-08-09T05:30:00+0200,9748.508,MW,NL,NL,forecast_load,Forecasted Load,2026-08-16T07:22:13Z
2026-08-16T07:18:28Z,2026-08-16T09:18:28+0200,aaa9bd4d-7504-4e17-a444-f570127b5d4f,2026-08-09T03:45:00Z,2026-08-09T05:45:00+0200,9760.008,MW,NL,NL,forecast_load,Forecasted Load,2026-08-16T07:22:13Z
2026-08-16T07:18:28Z,2026-08-16T09:18:28+0200,aaa9bd4d-7504-4e17-a444-f570127b5d4f,2026-08-09T04:00:00Z,2026-08-09T06:00:00+0200,9773.153,MW,NL,NL,forecast_load,Forecasted Load,2026-08-16T07:22:13Z
2026-08-16T07:18:28Z,2026-08-16T09:18:28+0200,aaa9bd4d-7504-4e17-a444-f570127b5d4f,2026-08-09T04:15:00Z,2026-08-09T06:15:00+0200,9725.133,MW,NL,NL,forecast_load,Forecasted Load,2026-08-16T07:22:13Z
2026-08-16T07:18:28Z,2026-08-16T09:18:28+0200,aaa9bd4d-7504-4e17-a444-f570127b5d4f,2026-08-09T04:30:00Z,2026-08-09T06:30:00+0200,9596.971,MW,NL,NL,forecast_load,Forecasted Load,2026-08-16T07:22:13Z
2026-08-16T07:18:28Z,2026-08-16T09:18:28+0200,aaa9bd4d-7504-4e17-a444-f570127b5d4f,2026-08-09T04:45:00Z,2026-08-09T06:45:00+0200,9465.523,MW,NL,NL,forecast_load,Forecasted Load,2026-08-16T07:22:13Z
2026-08-16T07:18:28Z,2026-08-16T09:18:28+0200,aaa9bd4d-7504-4e17-a444-f570127b5d4f,2026-08-09T05:00:00Z,2026-08-09T07:00:00+0200,9436.258,MW,NL,NL,forecast_load,Forecasted Load,2026-08-16T07:22:13Z
2026-08-16T07:18:28Z,2026-08-16T09:18:28+0200,aaa9bd4d-7504-4e17-a444-f570127b5d4f,2026-08-09T05:15:00Z,2026-08-09T07:15:00+0200,9338.181,MW,NL,NL,forecast_load,Forecasted Load,2026-08-16T07:22:13Z
2026-08-16T07:18:28Z,2026-08-16T09:18:28+0200,aaa9bd4d-7504-4e17-a444-f570127b5d4f,2026-08-09T05:30:00Z,2026-08-09T07:30:00+0200,9297.352,MW,NL,NL,forecast_load,Forecasted Load,2026-08-16T07:22:13Z
2026-08-16T07:18:28Z,2026-08-16T09:18:28+0200,aaa9bd4d-7504-4e17-a444-f570127b5d4f,2026-08-09T05:45:00Z,2026-08-09T07:45:00+0200,9265.06,MW,NL,NL,forecast_load,Forecasted Load,2026-08-16T07:22:13Z
2026-08-16T07:18:28Z,2026-08-16T09:18:28+0200,aaa9bd4d-7504-4e17-a444-f570127b5d4f,2026-08-09T06:00:00Z,2026-08-09T08:00:00+0200,9377.525,MW,NL,NL,forecast_load,Forecasted Load,2026-08-16T07:22:13Z
2026-08-16T07:18:28Z,2026-08-16T09:18:28+0200,aaa9bd4d-7504-4e17-a444-f570127b5d4f,2026-08-09T06:15:00Z,2026-08-09T08:15:00+0200,9371.222,MW,NL,NL,forecast_load,Forecasted Load,2026-08-16T07:22:13Z
2026-08-16T07:18:28Z,2026-08-16T09:18:28+0200,aaa9bd4d-7504-4e17-a444-f570127b5d4f,2026-08-09T06:30:00Z,2026-08-09T08:30:00+0200,9425.614,MW,NL,NL,forecast_load,Forecasted Load,2026-08-16T07:22:13Z
2026-08-16T07:18:28Z,2026-08-16T09:18:28+0200,aaa9bd4d-7504-4e17-a444-f570127b5d4f,2026-08-09T06:45:00Z,2026-08-09T08:45:00+0200,9310.313,MW,NL,NL,forecast_load,Forecasted Load,2026-08-16T07:22:13Z
2026-08-16T07:18:28Z,2026-08-16T09:18:28+0200,aaa9bd4d-7504-4e17-a444-f570127b5d4f,2026-08-09T07:00:00Z,2026-08-09T09:00:00+0200,9352.376,MW,NL,NL,forecast_load,Forecasted Load,2026-08-16T07:22:13Z
2026-08-16T07:18:28Z,2026-08-16T09:18:28+0200,aaa9bd4d-7504-4e17-a444-f570127b5d4f,2026-08-09T07:15:00Z,2026-08-09T09:15:00+0200,9438.376,MW,NL,NL,forecast_load,Forecasted Load,2026-08-16T07:22:13Z
2026-08-16T07:18:28Z,2026-08-16T09:18:28+0200,aaa9bd4d-7504-4e17-a444-f570127b5d4f,2026-08-09T07:30:00Z,2026-08-09T09:30:00+0200,9450.744,MW,NL,NL,forecast_load,Forecasted Load,2026-08-16T07:22:13Z
2026-08-16T07:18:28Z,2026-08-16T09:18:28+0200,aaa9bd4d-7504-4e17-a444-f570127b5d4f,2026-08-09T07:45:00Z,2026-08-09T09:45:00+0200,9521.735,MW,NL,NL,forecast_load,Forecasted Load,2026-08-16T07:22:13Z
2026-08-16T07:18:28Z,2026-08-16T09:18:28+0200,aaa9bd4d-7504-4e17-a444-f570127b5d4f,2026-08-09T08:00:00Z,2026-08-09T10:00:00+0200,9509.958,MW,NL,NL,forecast_load,Forecasted Load,2026-08-16T07:22:13Z
2026-08-16T07:18:28Z,2026-08-16T09:18:28+0200,aaa9bd4d-7504-4e17-a444-f570127b5d4f,2026-08-09T08:15:00Z,2026-08-09T10:15:00+0200,9485.514,MW,NL,NL,forecast_load,Forecasted Load,2026-08-16T07:22:13Z
2026-08-16T07:18:28Z,2026-08-16T09:18:28+0200,aaa9bd4d-7504-4e17-a444-f570127b5d4f,2026-08-09T08:30:00Z,2026-08-09T10:30:00+0200,9382.931,MW,NL,NL,forecast_load,Forecasted Load,2026-08-16T07:22:13Z
2026-08-16T07:18:28Z,2026-08-16T09:18:28+0200,aaa9bd4d-7504-4e17-a444-f570127b5d4f,2026-08-09T08:45:00Z,2026-08-09T10:45:00+0200,9376.816,MW,NL,NL,forecast_load,Forecasted Load,2026-08-16T07:22:13Z
2026-08-16T07:18:28Z,2026-08-16T09:18:28+0200,aaa9bd4d-7504-4e17-a444-f570127b5d4f,2026-08-09T09:00:00Z,2026-08-09T11:00:00+0200,9353.131,MW,NL,NL,forecast_load,Forecasted Load,2026-08-16T07:22:13Z
2026-08-16T07:18:28Z,2026-08-16T09:18:28+0200,aaa9bd4d-7504-4e17-a444-f570127b5d4f,2026-08-09T09:15:00Z,2026-08-09T11:15:00+0200,9202.96,MW,NL,NL,forecast_load,Forecasted Load,2026-08-16T07:22:13Z
2026-08-16T07:18:28Z,2026-08-16T09:18:28+0200,aaa9bd4d-7504-4e17-a444-f570127b5d4f,2026-08-09T09:30:00Z,2026-08-09T11:30:00+0200,9199.524,MW,NL,NL,forecast_load,Forecasted Load,2026-08-16T07:22:13Z
2026-08-16T07:18:28Z,2026-08-16T09:18:28+0200,aaa9bd4d-7504-4e17-a444-f570127b5d4f,2026-08-09T09:45:00Z,2026-08-09T11:45:00+0200,9335.55,MW,NL,NL,forecast_load,Forecasted Load,2026-08-16T07:22:13Z
2026-08-16T07:18:28Z,2026-08-16T09:18:28+0200,aaa9bd4d-7504-4e17-a444-f570127b5d4f,2026-08-09T10:00:00Z,2026-08-09T12:00:00+0200,9203.297,MW,NL,NL,forecast_load,Forecasted Load,2026-08-16T07:22:13Z
2026-08-16T07:18:28Z,2026-08-16T09:18:28+0200,aaa9bd4d-7504-4e17-a444-f570127b5d4f,2026-08-09T10:15:00Z,2026-08-09T12:15:00+0200,9215.283,MW,NL,NL,forecast_load,Forecasted Load,2026-08-16T07:22:13Z
2026-08-16T07:18:28Z,2026-08-16T09:18:28+0200,aaa9bd4d-7504-4e17-a444-f570127b5d4f,2026-08-09T10:30:00Z,2026-08-09T12:30:00+0200,9090.477,MW,NL,NL,forecast_load,Forecasted Load,2026-08-16T07:22:13Z
2026-08-16T07:18:28Z,2026-08-16T09:18:28+0200,aaa9bd4d-7504-4e17-a444-f570127b5d4f,2026-08-09T10:45:00Z,2026-08-09T12:45:00+0200,9075.737,MW,NL,NL,forecast_load,Forecasted Load,2026-08-16T07:22:13Z
2026-08-16T07:18:28Z,2026-08-16T09:18:28+0200,aaa9bd4d-7504-4e17-a444-f570127b5d4f,2026-08-09T11:00:00Z,2026-08-09T13:00:00+0200,9097.333,MW,NL,NL,forecast_load,Forecasted Load,2026-08-16T07:22:13Z
2026-08-16T07:18:28Z,2026-08-16T09:18:28+0200,aaa9bd4d-7504-4e17-a444-f570127b5d4f,2026-08-09T11:15:00Z,2026-08-09T13:15:00+0200,9224.006,MW,NL,NL,forecast_load,Forecasted Load,2026-08-16T07:22:13Z
2026-08-16T07:18:28Z,2026-08-16T09:18:28+0200,aaa9bd4d-7504-4e17-a444-f570127b5d4f,2026-08-09T11:30:00Z,2026-08-09T13:30:00+0200,9220.738,MW,NL,NL,forecast_load,Forecasted Load,2026-08-16T07:22:13Z
2026-08-16T07:18:28Z,2026-08-16T09:18:28+0200,aaa9bd4d-7504-4e17-a444-f570127b5d4f,2026-08-09T11:45:00Z,2026-08-09T13:45:00+0200,9179.732,MW,NL,NL,forecast_load,Forecasted Load,2026-08-16T07:22:13Z
2026-08-16T07:18:28Z,2026-08-16T09:18:28+0200,aaa9bd4d-7504-4e17-a444-f570127b5d4f,2026-08-09T12:00:00Z,2026-08-09T14:00:00+0200,9096.971,MW,NL,NL,forecast_load,Forecasted Load,2026-08-16T07:22:13Z
2026-08-16T07:18:28Z,2026-08-16T09:18:28+0200,aaa9bd4d-7504-4e17-a444-f570127b5d4f,2026-08-09T12:15:00Z,2026-08-09T14:15:00+0200,9171.939,MW,NL,NL,forecast_load,Forecasted Load,2026-08-16T07:22:13Z
2026-08-16T07:18:28Z,2026-08-16T09:18:28+0200,aaa9bd4d-7504-4e17-a444-f570127b5d4f,2026-08-09T12:30:00Z,2026-08-09T14:30:00+0200,9127.105,MW,NL,NL,forecast_load,Forecasted Load,2026-08-16T07:22:13Z
2026-08-16T07:18:28Z,2026-08-16T09:18:28+0200,aaa9bd4d-7504-4e17-a444-f570127b5d4f,2026-08-09T12:45:00Z,2026-08-09T14:45:00+0200,9050.248,MW,NL,NL,forecast_load,Forecasted Load,2026-08-16T07:22:13Z
2026-08-16T07:18:28Z,2026-08-16T09:18:28+0200,aaa9bd4d-7504-4e17-a444-f570127b5d4f,2026-08-09T13:00:00Z,2026-08-09T15:00:00+0200,9030.858,MW,NL,NL,forecast_load,Forecasted Load,2026-08-16T07:22:13Z
2026-08-16T07:18:28Z,2026-08-16T09:18:28+0200,aaa9bd4d-7504-4e17-a444-f570127b5d4f,2026-08-09T13:15:00Z,2026-08-09T15:15:00+0200,9039.981,MW,NL,NL,forecast_load,Forecasted Load,2026-08-16T07:22:13Z
2026-08-16T07:18:28Z,2026-08-16T09:18:28+0200,aaa9bd4d-7504-4e17-a444-f570127b5d4f,2026-08-09T13:30:00Z,2026-08-09T15:30:00+0200,9038.336,MW,NL,NL,forecast_load,Forecasted Load,2026-08-16T07:22:13Z
2026-08-16T07:18:28Z,2026-08-16T09:18:28+0200,aaa9bd4d-7504-4e17-a444-f570127b5d4f,2026-08-09T13:45:00Z,2026-08-09T15:45:00+0200,9293.096,MW,NL,NL,forecast_load,Forecasted Load,2026-08-16T07:22:13Z
2026-08-16T07:18:28Z,2026-08-16T09:18:28+0200,aaa9bd4d-7504-4e17-a444-f570127b5d4f,2026-08-09T14:00:00Z,2026-08-09T16:00:00+0200,9411.205,MW,NL,NL,forecast_load,Forecasted Load,2026-08-16T07:22:13Z
2026-08-16T07:18:28Z,2026-08-16T09:18:28+0200,aaa9bd4d-7504-4e17-a444-f570127b5d4f,2026-08-09T14:15:00Z,2026-08-09T16:15:00+0200,9469.203,MW,NL,NL,forecast_load,Forecasted Load,2026-08-16T07:22:13Z
2026-08-16T07:18:28Z,2026-08-16T09:18:28+0200,aaa9bd4d-7504-4e17-a444-f570127b5d4f,2026-08-09T14:30:00Z,2026-08-09T16:30:00+0200,9429.021,MW,NL,NL,forecast_load,Forecasted Load,2026-08-16T07:22:13Z
2026-08-16T07:18:28Z,2026-08-16T09:18:28+0200,aaa9bd4d-7504-4e17-a444-f570127b5d4f,2026-08-09T14:45:00Z,2026-08-09T16:45:00+0200,9512.169,MW,NL,NL,forecast_load,Forecasted Load,2026-08-16T07:22:13Z
2026-08-16T07:18:28Z,2026-08-16T09:18:28+0200,aaa9bd4d-7504-4e17-a444-f570127b5d4f,2026-08-09T15:00:00Z,2026-08-09T17:00:00+0200,9677.06,MW,NL,NL,forecast_load,Forecasted Load,2026-08-16T07:22:13Z
2026-08-16T07:18:28Z,2026-08-16T09:18:28+0200,aaa9bd4d-7504-4e17-a444-f570127b5d4f,2026-08-09T15:15:00Z,2026-08-09T17:15:00+0200,9893.694,MW,NL,NL,forecast_load,Forecasted Load,2026-08-16T07:22:13Z
2026-08-16T07:18:28Z,2026-08-16T09:18:28+0200,aaa9bd4d-7504-4e17-a444-f570127b5d4f,2026-08-09T15:30:00Z,2026-08-09T17:30:00+0200,10344.904,MW,NL,NL,forecast_load,Forecasted Load,2026-08-16T07:22:13Z
2026-08-16T07:18:28Z,2026-08-16T09:18:28+0200,aaa9bd4d-7504-4e17-a444-f570127b5d4f,2026-08-09T15:45:00Z,2026-08-09T17:45:00+0200,10410.887,MW,NL,NL,forecast_load,Forecasted Load,2026-08-16T07:22:13Z
2026-08-16T07:18:28Z,2026-08-16T09:18:28+0200,aaa9bd4d-7504-4e17-a444-f570127b5d4f,2026-08-09T16:00:00Z,2026-08-09T18:00:00+0200,10572.444,MW,NL,NL,forecast_load,Forecasted Load,2026-08-16T07:22:13Z
2026-08-16T07:18:28Z,2026-08-16T09:18:28+0200,aaa9bd4d-7504-4e17-a444-f570127b5d4f,2026-08-09T16:15:00Z,2026-08-09T18:15:00+0200,10670.13,MW,NL,NL,forecast_load,Forecasted Load,2026-08-16T07:22:13Z
2026-08-16T07:18:28Z,2026-08-16T09:18:28+0200,aaa9bd4d-7504-4e17-a444-f570127b5d4f,2026-08-09T16:30:00Z,2026-08-09T18:30:00+0200,10716.711,MW,NL,NL,forecast_load,Forecasted Load,2026-08-16T07:22:13Z
2026-08-16T07:18:28Z,2026-08-16T09:18:28+0200,aaa9bd4d-7504-4e17-a444-f570127b5d4f,2026-08-09T16:45:00Z,2026-08-09T18:45:00+0200,10599.404,MW,NL,NL,forecast_load,Forecasted Load,2026-08-16T07:22:13Z
2026-08-16T07:18:28Z,2026-08-16T09:18:28+0200,aaa9bd4d-7504-4e17-a444-f570127b5d4f,2026-08-09T17:00:00Z,2026-08-09T19:00:00+0200,10582.463,MW,NL,NL,forecast_load,Forecasted Load,2026-08-16T07:22:13Z
2026-08-16T07:18:28Z,2026-08-16T09:18:28+0200,aaa9bd4d-7504-4e17-a444-f570127b5d4f,2026-08-09T17:15:00Z,2026-08-09T19:15:00+0200,10640.874,MW,NL,NL,forecast_load,Forecasted Load,2026-08-16T07:22:13Z
2026-08-16T07:18:28Z,2026-08-16T09:18:28+0200,aaa9bd4d-7504-4e17-a444-f570127b5d4f,2026-08-09T17:30:00Z,2026-08-09T19:30:00+0200,10792.998,MW,NL,NL,forecast_load,Forecasted Load,2026-08-16T07:22:13Z
2026-08-16T07:18:28Z,2026-08-16T09:18:28+0200,aaa9bd4d-7504-4e17-a444-f570127b5d4f,2026-08-09T17:45:00Z,2026-08-09T19:45:00+0200,10993.697,MW,NL,NL,forecast_load,Forecasted Load,2026-08-16T07:22:13Z
2026-08-16T07:18:28Z,2026-08-16T09:18:28+0200,aaa9bd4d-7504-4e17-a444-f570127b5d4f,2026-08-09T18:00:00Z,2026-08-09T20:00:00+0200,11143.723,MW,NL,NL,forecast_load,Forecasted Load,2026-08-16T07:22:13Z
2026-08-16T07:18:28Z,2026-08-16T09:18:28+0200,aaa9bd4d-7504-4e17-a444-f570127b5d4f,2026-08-09T18:15:00Z,2026-08-09T20:15:00+0200,11220.361,MW,NL,NL,forecast_load,Forecasted Load,2026-08-16T07:22:13Z
2026-08-16T07:18:28Z,2026-08-16T09:18:28+0200,aaa9bd4d-7504-4e17-a444-f570127b5d4f,2026-08-09T18:30:00Z,2026-08-09T20:30:00+0200,11202.326,MW,NL,NL,forecast_load,Forecasted Load,2026-08-16T07:22:13Z
2026-08-16T07:18:28Z,2026-08-16T09:18:28+0200,aaa9bd4d-7504-4e17-a444-f570127b5d4f,2026-08-09T18:45:00Z,2026-08-09T20:45:00+0200,11285.415,MW,NL,NL,forecast_load,Forecasted Load,2026-08-16T07:22:13Z
2026-08-16T07:18:28Z,2026-08-16T09:18:28+0200,aaa9bd4d-7504-4e17-a444-f570127b5d4f,2026-08-09T19:00:00Z,2026-08-09T21:00:00+0200,11422.317,MW,NL,NL,forecast_load,Forecasted Load,2026-08-16T07:22:13Z
2026-08-16T07:18:28Z,2026-08-16T09:18:28+0200,aaa9bd4d-7504-4e17-a444-f570127b5d4f,2026-08-09T19:15:00Z,2026-08-09T21:15:00+0200,11582.01,MW,NL,NL,forecast_load,Forecasted Load,2026-08-16T07:22:13Z
2026-08-16T07:18:28Z,2026-08-16T09:18:28+0200,aaa9bd4d-7504-4e17-a444-f570127b5d4f,2026-08-09T19:30:00Z,2026-08-09T21:30:00+0200,11669.228,MW,NL,NL,forecast_load,Forecasted Load,2026-08-16T07:22:13Z
2026-08-16T07:18:28Z,2026-08-16T09:18:28+0200,aaa9bd4d-7504-4e17-a444-f570127b5d4f,2026-08-09T19:45:00Z,2026-08-09T21:45:00+0200,11592.763,MW,NL,NL,forecast_load,Forecasted Load,2026-08-16T07:22:13Z
2026-08-16T07:18:28Z,2026-08-16T09:18:28+0200,aaa9bd4d-7504-4e17-a444-f570127b5d4f,2026-08-09T20:00:00Z,2026-08-09T22:00:00+0200,11600.453,MW,NL,NL,forecast_load,Forecasted Load,2026-08-16T07:22:13Z
2026-08-16T07:18:28Z,2026-08-16T09:18:28+0200,aaa9bd4d-7504-4e17-a444-f570127b5d4f,2026-08-09T20:15:00Z,2026-08-09T22:15:00+0200,11448.188,MW,NL,NL,forecast_load,Forecasted Load,2026-08-16T07:22:13Z
2026-08-16T07:18:28Z,2026-08-16T09:18:28+0200,aaa9bd4d-7504-4e17-a444-f570127b5d4f,2026-08-09T20:30:00Z,2026-08-09T22:30:00+0200,11344.345,MW,NL,NL,forecast_load,Forecasted Load,2026-08-16T07:22:13Z
2026-08-16T07:18:28Z,2026-08-16T09:18:28+0200,aaa9bd4d-7504-4e17-a444-f570127b5d4f,2026-08-09T20:45:00Z,2026-08-09T22:45:00+0200,11338.308,MW,NL,NL,forecast_load,Forecasted Load,2026-08-16T07:22:13Z
2026-08-16T07:18:28Z,2026-08-16T09:18:28+0200,aaa9bd4d-7504-4e17-a444-f570127b5d4f,2026-08-09T21:00:00Z,2026-08-09T23:00:00+0200,11351.402,MW,NL,NL,forecast_load,Forecasted Load,2026-08-16T07:22:13Z
2026-08-16T07:18:28Z,2026-08-16T09:18:28+0200,aaa9bd4d-7504-4e17-a444-f570127b5d4f,2026-08-09T21:15:00Z,2026-08-09T23:15:00+0200,11230.21,MW,NL,NL,forecast_load,Forecasted Load,2026-08-16T07:22:13Z
2026-08-16T07:18:28Z,2026-08-16T09:18:28+0200,aaa9bd4d-7504-4e17-a444-f570127b5d4f,2026-08-09T21:30:00Z,2026-08-09T23:30:00+0200,11136.425,MW,NL,NL,forecast_load,Forecasted Load,2026-08-16T07:22:13Z
2026-08-16T07:18:28Z,2026-08-16T09:18:28+0200,aaa9bd4d-7504-4e17-a444-f570127b5d4f,2026-08-09T21:45:00Z,2026-08-09T23:45:00+0200,11098.616,MW,NL,NL,forecast_load,Forecasted Load,2026-08-16T07:22:13Z
2026-08-16T07:18:28Z,2026-08-16T09:18:28+0200,aaa9bd4d-7504-4e17-a444-f570127b5d4f,2026-08-09T22:00:00Z,2026-08-10T00:00:00+0200,10683.293,MW,NL,NL,forecast_load,Forecasted Load,2026-08-16T07:22:13Z
2026-08-16T07:18:28Z,2026-08-16T09:18:28+0200,aaa9bd4d-7504-4e17-a444-f570127b5d4f,2026-08-09T22:15:00Z,2026-08-10T00:15:00+0200,10880.302,MW,NL,NL,forecast_load,Forecasted Load,2026-08-16T07:22:13Z
2026-08-16T07:18:28Z,2026-08-16T09:18:28+0200,aaa9bd4d-7504-4e17-a444-f570127b5d4f,2026-08-09T22:30:00Z,2026-08-10T00:30:00+0200,10975.154,MW,NL,NL,forecast_load,Forecasted Load,2026-08-16T07:22:13Z
2026-08-16T07:18:28Z,2026-08-16T09:18:28+0200,aaa9bd4d-7504-4e17-a444-f570127b5d4f,2026-08-09T22:45:00Z,2026-08-10T00:45:00+0200,10917.764,MW,NL,NL,forecast_load,Forecasted Load,2026-08-16T07:22:13Z
2026-08-16T07:18:28Z,2026-08-16T09:18:28+0200,aaa9bd4d-7504-4e17-a444-f570127b5d4f,2026-08-09T23:00:00Z,2026-08-10T01:00:00+0200,10739.815,MW,NL,NL,forecast_load,Forecasted Load,2026-08-16T07:22:13Z
2026-08-16T07:18:28Z,2026-08-16T09:18:28+0200,aaa9bd4d-7504-4e17-a444-f570127b5d4f,2026-08-09T23:15:00Z,2026-08-10T01:15:00+0200,10620.065,MW,NL,NL,forecast_load,Forecasted Load,2026-08-16T07:22:13Z
2026-08-16T07:18:28Z,2026-08-16T09:18:28+0200,aaa9bd4d-7504-4e17-a444-f570127b5d4f,2026-08-09T23:30:00Z,2026-08-10T01:30:00+0200,10466.947,MW,NL,NL,forecast_load,Forecasted Load,2026-08-16T07:22:13Z
2026-08-16T07:18:28Z,2026-08-16T09:18:28+0200,aaa9bd4d-7504-4e17-a444-f570127b5d4f,2026-08-09T23:45:00Z,2026-08-10T01:45:00+0200,10271.858,MW,NL,NL,forecast_load,Forecasted Load,2026-08-16T07:22:13Z
2026-08-16T07:18:28Z,2026-08-16T09:18:28+0200,aaa9bd4d-7504-4e17-a444-f570127b5d4f,2026-08-10T00:00:00Z,2026-08-10T02:00:00+0200,10144.312,MW,NL,NL,forecast_load,Forecasted Load,2026-08-16T07:22:13Z
2026-08-16T07:18:28Z,2026-08-16T09:18:28+0200,aaa9bd4d-7504-4e17-a444-f570127b5d4f,2026-08-10T00:15:00Z,2026-08-10T02:15:00+0200,10089.636,MW,NL,NL,forecast_load,Forecasted Load,2026-08-16T07:22:13Z
2026-08-16T07:18:28Z,2026-08-16T09:18:28+0200,aaa9bd4d-7504-4e17-a444-f570127b5d4f,2026-08-10T00:30:00Z,2026-08-10T02:30:00+0200,10066.241,MW,NL,NL,forecast_load,Forecasted Load,2026-08-16T07:22:13Z
2026-08-16T07:18:28Z,2026-08-16T09:18:28+0200,aaa9bd4d-7504-4e17-a444-f570127b5d4f,2026-08-10T00:45:00Z,2026-08-10T02:45:00+0200,10021.434,MW,NL,NL,forecast_load,Forecasted Load,2026-08-16T07:22:13Z
2026-08-16T07:18:28Z,2026-08-16T09:18:28+0200,aaa9bd4d-7504-4e17-a444-f570127b5d4f,2026-08-10T01:00:00Z,2026-08-10T03:00:00+0200,10057.988,MW,NL,NL,forecast_load,Forecasted Load,2026-08-16T07:22:13Z
2026-08-16T07:18:28Z,2026-08-16T09:18:28+0200,aaa9bd4d-7504-4e17-a444-f570127b5d4f,2026-08-10T01:15:00Z,2026-08-10T03:15:00+0200,10074.018,MW,NL,NL,forecast_load,Forecasted Load,2026-08-16T07:22:13Z
2026-08-16T07:18:28Z,2026-08-16T09:18:28+0200,aaa9bd4d-7504-4e17-a444-f570127b5d4f,2026-08-10T01:30:00Z,2026-08-10T03:30:00+0200,10064.02,MW,NL,NL,forecast_load,Forecasted Load,2026-08-16T07:22:13Z
2026-08-16T07:18:28Z,2026-08-16T09:18:28+0200,aaa9bd4d-7504-4e17-a444-f570127b5d4f,2026-08-10T01:45:00Z,2026-08-10T03:45:00+0200,10045.531,MW,NL,NL,forecast_load,Forecasted Load,2026-08-16T07:22:13Z
2026-08-16T07:18:28Z,2026-08-16T09:18:28+0200,aaa9bd4d-7504-4e17-a444-f570127b5d4f,2026-08-10T02:00:00Z,2026-08-10T04:00:00+0200,10019.58,MW,NL,NL,forecast_load,Forecasted Load,2026-08-16T07:22:13Z
2026-08-16T07:18:28Z,2026-08-16T09:18:28+0200,aaa9bd4d-7504-4e17-a444-f570127b5d4f,2026-08-10T02:15:00Z,2026-08-10T04:15:00+0200,10000.282,MW,NL,NL,forecast_load,Forecasted Load,2026-08-16T07:22:13Z
2026-08-16T07:18:28Z,2026-08-16T09:18:28+0200,aaa9bd4d-7504-4e17-a444-f570127b5d4f,2026-08-10T02:30:00Z,2026-08-10T04:30:00+0200,9968.485,MW,NL,NL,forecast_load,Forecasted Load,2026-08-16T07:22:13Z
2026-08-16T07:18:28Z,2026-08-16T09:18:28+0200,aaa9bd4d-7504-4e17-a444-f570127b5d4f,2026-08-10T02:45:00Z,2026-08-10T04:45:00+0200,9964.622,MW,NL,NL,forecast_load,Forecasted Load,2026-08-16T07:22:13Z
2026-08-16T07:18:28Z,2026-08-16T09:18:28+0200,aaa9bd4d-7504-4e17-a444-f570127b5d4f,2026-08-10T03:00:00Z,2026-08-10T05:00:00+0200,9940.756,MW,NL,NL,forecast_load,Forecasted Load,2026-08-16T07:22:13Z
2026-08-16T07:18:28Z,2026-08-16T09:18:28+0200,aaa9bd4d-7504-4e17-a444-f570127b5d4f,2026-08-10T03:15:00Z,2026-08-10T05:15:00+0200,10096.778,MW,NL,NL,forecast_load,Forecasted Load,2026-08-16T07:22:13Z
2026-08-16T07:18:28Z,2026-08-16T09:18:28+0200,aaa9bd4d-7504-4e17-a444-f570127b5d4f,2026-08-10T03:30:00Z,2026-08-10T05:30:00+0200,10191.244,MW,NL,NL,forecast_load,Forecasted Load,2026-08-16T07:22:13Z
2026-08-16T07:18:28Z,2026-08-16T09:18:28+0200,aaa9bd4d-7504-4e17-a444-f570127b5d4f,2026-08-10T03:45:00Z,2026-08-10T05:45:00+0200,10228.783,MW,NL,NL,forecast_load,Forecasted Load,2026-08-16T07:22:13Z
2026-08-16T07:18:28Z,2026-08-16T09:18:28+0200,aaa9bd4d-7504-4e17-a444-f570127b5d4f,2026-08-10T04:00:00Z,2026-08-10T06:00:00+0200,10312.59,MW,NL,NL,forecast_load,Forecasted Load,2026-08-16T07:22:13Z
2026-08-16T07:18:28Z,2026-08-16T09:18:28+0200,aaa9bd4d-7504-4e17-a444-f570127b5d4f,2026-08-10T04:15:00Z,2026-08-10T06:15:00+0200,10483.183,MW,NL,NL,forecast_load,Forecasted Load,2026-08-16T07:22:13Z
2026-08-16T07:18:28Z,2026-08-16T09:18:28+0200,aaa9bd4d-7504-4e17-a444-f570127b5d4f,2026-08-10T04:30:00Z,2026-08-10T06:30:00+0200,10492.18,MW,NL,NL,forecast_load,Forecasted Load,2026-08-16T07:22:13Z
2026-08-16T07:18:28Z,2026-08-16T09:18:28+0200,aaa9bd4d-7504-4e17-a444-f570127b5d4f,2026-08-10T04:45:00Z,2026-08-10T06:45:00+0200,10546.091,MW,NL,NL,forecast_load,Forecasted Load,2026-08-16T07:22:13Z
2026-08-16T07:18:28Z,2026-08-16T09:18:28+0200,aaa9bd4d-7504-4e17-a444-f570127b5d4f,2026-08-10T05:00:00Z,2026-08-10T07:00:00+0200,10529.631,MW,NL,NL,forecast_load,Forecasted Load,2026-08-16T07:22:13Z
2026-08-16T07:18:28Z,2026-08-16T09:18:28+0200,aaa9bd4d-7504-4e17-a444-f570127b5d4f,2026-08-10T05:15:00Z,2026-08-10T07:15:00+0200,10369.769,MW,NL,NL,forecast_load,Forecasted Load,2026-08-16T07:22:13Z
2026-08-16T07:18:28Z,2026-08-16T09:18:28+0200,aaa9bd4d-7504-4e17-a444-f570127b5d4f,2026-08-10T05:30:00Z,2026-08-10T07:30:00+0200,10303.756,MW,NL,NL,forecast_load,Forecasted Load,2026-08-16T07:22:13Z
2026-08-16T07:18:28Z,2026-08-16T09:18:28+0200,aaa9bd4d-7504-4e17-a444-f570127b5d4f,2026-08-10T05:45:00Z,2026-08-10T07:45:00+0200,10461.629,MW,NL,NL,forecast_load,Forecasted Load,2026-08-16T07:22:13Z
2026-08-16T07:18:28Z,2026-08-16T09:18:28+0200,aaa9bd4d-7504-4e17-a444-f570127b5d4f,2026-08-10T06:00:00Z,2026-08-10T08:00:00+0200,10456.737,MW,NL,NL,forecast_load,Forecasted Load,2026-08-16T07:22:13Z
2026-08-16T07:18:28Z,2026-08-16T09:18:28+0200,aaa9bd4d-7504-4e17-a444-f570127b5d4f,2026-08-10T06:15:00Z,2026-08-10T08:15:00+0200,10108.659,MW,NL,NL,forecast_load,Forecasted Load,2026-08-16T07:22:13Z
2026-08-16T07:18:28Z,2026-08-16T09:18:28+0200,aaa9bd4d-7504-4e17-a444-f570127b5d4f,2026-08-10T06:30:00Z,2026-08-10T08:30:00+0200,9827.533,MW,NL,NL,forecast_load,Forecasted Load,2026-08-16T07:22:13Z
2026-08-16T07:18:28Z,2026-08-16T09:18:28+0200,aaa9bd4d-7504-4e17-a444-f570127b5d4f,2026-08-10T06:45:00Z,2026-08-10T08:45:00+0200,9632.694,MW,NL,NL,forecast_load,Forecasted Load,2026-08-16T07:22:13Z
2026-08-16T07:18:28Z,2026-08-16T09:18:28+0200,aaa9bd4d-7504-4e17-a444-f570127b5d4f,2026-08-10T07:00:00Z,2026-08-10T09:00:00+0200,9581.272,MW,NL,NL,forecast_load,Forecasted Load,2026-08-16T07:22:13Z
2026-08-16T07:18:28Z,2026-08-16T09:18:28+0200,aaa9bd4d-7504-4e17-a444-f570127b5d4f,2026-08-10T07:15:00Z,2026-08-10T09:15:00+0200,9470.738,MW,NL,NL,forecast_load,Forecasted Load,2026-08-16T07:22:13Z
2026-08-16T07:18:28Z,2026-08-16T09:18:28+0200,aaa9bd4d-7504-4e17-a444-f570127b5d4f,2026-08-10T07:30:00Z,2026-08-10T09:30:00+0200,9452.665,MW,NL,NL,forecast_load,Forecasted Load,2026-08-16T07:22:13Z
2026-08-16T07:18:28Z,2026-08-16T09:18:28+0200,aaa9bd4d-7504-4e17-a444-f570127b5d4f,2026-08-10T07:45:00Z,2026-08-10T09:45:00+0200,9263.35,MW,NL,NL,forecast_load,Forecasted Load,2026-08-16T07:22:13Z
2026-08-16T07:18:28Z,2026-08-16T09:18:28+0200,aaa9bd4d-7504-4e17-a444-f570127b5d4f,2026-08-10T08:00:00Z,2026-08-10T10:00:00+0200,9148.513,MW,NL,NL,forecast_load,Forecasted Load,2026-08-16T07:22:13Z
2026-08-16T07:18:28Z,2026-08-16T09:18:28+0200,aaa9bd4d-7504-4e17-a444-f570127b5d4f,2026-08-10T08:15:00Z,2026-08-10T10:15:00+0200,9057.66,MW,NL,NL,forecast_load,Forecasted Load,2026-08-16T07:22:13Z
2026-08-16T07:18:28Z,2026-08-16T09:18:28+0200,aaa9bd4d-7504-4e17-a444-f570127b5d4f,2026-08-10T08:30:00Z,2026-08-10T10:30:00+0200,8919.766,MW,NL,NL,forecast_load,Forecasted Load,2026-08-16T07:22:13Z
2026-08-16T07:18:28Z,2026-08-16T09:18:28+0200,aaa9bd4d-7504-4e17-a444-f570127b5d4f,2026-08-10T08:45:00Z,2026-08-10T10:45:00+0200,8760.599,MW,NL,NL,forecast_load,Forecasted Load,2026-08-16T07:22:13Z
2026-08-16T07:18:28Z,2026-08-16T09:18:28+0200,aaa9bd4d-7504-4e17-a444-f570127b5d4f,2026-08-10T09:00:00Z,2026-08-10T11:00:00+0200,8408.244,MW,NL,NL,forecast_load,Forecasted Load,2026-08-16T07:22:13Z
2026-08-16T07:18:28Z,2026-08-16T09:18:28+0200,aaa9bd4d-7504-4e17-a444-f570127b5d4f,2026-08-10T09:15:00Z,2026-08-10T11:15:00+0200,8024.672,MW,NL,NL,forecast_load,Forecasted Load,2026-08-16T07:22:13Z
2026-08-16T07:18:28Z,2026-08-16T09:18:28+0200,aaa9bd4d-7504-4e17-a444-f570127b5d4f,2026-08-10T09:30:00Z,2026-08-10T11:30:00+0200,7804.685,MW,NL,NL,forecast_load,Forecasted Load,2026-08-16T07:22:13Z
2026-08-16T07:18:28Z,2026-08-16T09:18:28+0200,aaa9bd4d-7504-4e17-a444-f570127b5d4f,2026-08-10T09:45:00Z,2026-08-10T11:45:00+0200,7724.145,MW,NL,NL,forecast_load,Forecasted Load,2026-08-16T07:22:13Z
2026-08-16T07:18:28Z,2026-08-16T09:18:28+0200,aaa9bd4d-7504-4e17-a444-f570127b5d4f,2026-08-10T10:00:00Z,2026-08-10T12:00:00+0200,7700.886,MW,NL,NL,forecast_load,Forecasted Load,2026-08-16T07:22:13Z
2026-08-16T07:18:28Z,2026-08-16T09:18:28+0200,aaa9bd4d-7504-4e17-a444-f570127b5d4f,2026-08-10T10:15:00Z,2026-08-10T12:15:00+0200,7534.179,MW,NL,NL,forecast_load,Forecasted Load,2026-08-16T07:22:13Z
2026-08-16T07:18:28Z,2026-08-16T09:18:28+0200,aaa9bd4d-7504-4e17-a444-f570127b5d4f,2026-08-10T10:30:00Z,2026-08-10T12:30:00+0200,7634.173,MW,NL,NL,forecast_load,Forecasted Load,2026-08-16T07:22:13Z
2026-08-16T07:18:28Z,2026-08-16T09:18:28+0200,aaa9bd4d-7504-4e17-a444-f570127b5d4f,2026-08-10T10:45:00Z,2026-08-10T12:45:00+0200,7505.505,MW,NL,NL,forecast_load,Forecasted Load,2026-08-16T07:22:13Z
2026-08-16T07:18:28Z,2026-08-16T09:18:28+0200,aaa9bd4d-7504-4e17-a444-f570127b5d4f,2026-08-10T11:00:00Z,2026-08-10T13:00:00+0200,7479.406,MW,NL,NL,forecast_load,Forecasted Load,2026-08-16T07:22:13Z
2026-08-16T07:18:28Z,2026-08-16T09:18:28+0200,aaa9bd4d-7504-4e17-a444-f570127b5d4f,2026-08-10T11:15:00Z,2026-08-10T13:15:00+0200,7650.018,MW,NL,NL,forecast_load,Forecasted Load,2026-08-16T07:22:13Z
2026-08-16T07:18:28Z,2026-08-16T09:18:28+0200,aaa9bd4d-7504-4e17-a444-f570127b5d4f,2026-08-10T11:30:00Z,2026-08-10T13:30:00+0200,7586.697,MW,NL,NL,forecast_load,Forecasted Load,2026-08-16T07:22:13Z
2026-08-16T07:18:28Z,2026-08-16T09:18:28+0200,aaa9bd4d-7504-4e17-a444-f570127b5d4f,2026-08-10T11:45:00Z,2026-08-10T13:45:00+0200,7664.018,MW,NL,NL,forecast_load,Forecasted Load,2026-08-16T07:22:13Z
2026-08-16T07:18:28Z,2026-08-16T09:18:28+0200,aaa9bd4d-7504-4e17-a444-f570127b5d4f,2026-08-10T12:00:00Z,2026-08-10T14:00:00+0200,7531.993,MW,NL,NL,forecast_load,Forecasted Load,2026-08-16T07:22:13Z
2026-08-16T07:18:28Z,2026-08-16T09:18:28+0200,aaa9bd4d-7504-4e17-a444-f570127b5d4f,2026-08-10T12:15:00Z,2026-08-10T14:15:00+0200,7669.64,MW,NL,NL,forecast_load,Forecasted Load,2026-08-16T07:22:13Z
2026-08-16T07:18:28Z,2026-08-16T09:18:28+0200,aaa9bd4d-7504-4e17-a444-f570127b5d4f,2026-08-10T12:30:00Z,2026-08-10T14:30:00+0200,7578.783,MW,NL,NL,forecast_load,Forecasted Load,2026-08-16T07:22:13Z
2026-08-16T07:18:28Z,2026-08-16T09:18:28+0200,aaa9bd4d-7504-4e17-a444-f570127b5d4f,2026-08-10T12:45:00Z,2026-08-10T14:45:00+0200,7641.516,MW,NL,NL,forecast_load,Forecasted Load,2026-08-16T07:22:13Z
2026-08-16T07:18:28Z,2026-08-16T09:18:28+0200,aaa9bd4d-7504-4e17-a444-f570127b5d4f,2026-08-10T13:00:00Z,2026-08-10T15:00:00+0200,7504.993,MW,NL,NL,forecast_load,Forecasted Load,2026-08-16T07:22:13Z
2026-08-16T07:18:28Z,2026-08-16T09:18:28+0200,aaa9bd4d-7504-4e17-a444-f570127b5d4f,2026-08-10T13:15:00Z,2026-08-10T15:15:00+0200,7341.659,MW,NL,NL,forecast_load,Forecasted Load,2026-08-16T07:22:13Z
2026-08-16T07:18:28Z,2026-08-16T09:18:28+0200,aaa9bd4d-7504-4e17-a444-f570127b5d4f,2026-08-10T13:30:00Z,2026-08-10T15:30:00+0200,7270.84,MW,NL,NL,forecast_load,Forecasted Load,2026-08-16T07:22:13Z
2026-08-16T07:18:28Z,2026-08-16T09:18:28+0200,aaa9bd4d-7504-4e17-a444-f570127b5d4f,2026-08-10T13:45:00Z,2026-08-10T15:45:00+0200,7358.692,MW,NL,NL,forecast_load,Forecasted Load,2026-08-16T07:22:13Z
2026-08-16T07:18:28Z,2026-08-16T09:18:28+0200,aaa9bd4d-7504-4e17-a444-f570127b5d4f,2026-08-10T14:00:00Z,2026-08-10T16:00:00+0200,7462.785,MW,NL,NL,forecast_load,Forecasted Load,2026-08-16T07:22:13Z
2026-08-16T07:18:28Z,2026-08-16T09:18:28+0200,aaa9bd4d-7504-4e17-a444-f570127b5d4f,2026-08-10T14:15:00Z,2026-08-10T16:15:00+0200,7693.319,MW,NL,NL,forecast_load,Forecasted Load,2026-08-16T07:22:13Z
2026-08-16T07:18:28Z,2026-08-16T09:18:28+0200,aaa9bd4d-7504-4e17-a444-f570127b5d4f,2026-08-10T14:30:00Z,2026-08-10T16:30:00+0200,7747.408,MW,NL,NL,forecast_load,Forecasted Load,2026-08-16T07:22:13Z
2026-08-16T07:18:28Z,2026-08-16T09:18:28+0200,aaa9bd4d-7504-4e17-a444-f570127b5d4f,2026-08-10T14:45:00Z,2026-08-10T16:45:00+0200,7981.932,MW,NL,NL,forecast_load,Forecasted Load,2026-08-16T07:22:13Z
2026-08-16T07:18:28Z,2026-08-16T09:18:28+0200,aaa9bd4d-7504-4e17-a444-f570127b5d4f,2026-08-10T15:00:00Z,2026-08-10T17:00:00+0200,8172.545,MW,NL,NL,forecast_load,Forecasted Load,2026-08-16T07:22:13Z
2026-08-16T07:18:28Z,2026-08-16T09:18:28+0200,aaa9bd4d-7504-4e17-a444-f570127b5d4f,2026-08-10T15:15:00Z,2026-08-10T17:15:00+0200,8504.347,MW,NL,NL,forecast_load,Forecasted Load,2026-08-16T07:22:13Z
2026-08-16T07:18:28Z,2026-08-16T09:18:28+0200,aaa9bd4d-7504-4e17-a444-f570127b5d4f,2026-08-10T15:30:00Z,2026-08-10T17:30:00+0200,8834.281,MW,NL,NL,forecast_load,Forecasted Load,2026-08-16T07:22:13Z
2026-08-16T07:18:28Z,2026-08-16T09:18:28+0200,aaa9bd4d-7504-4e17-a444-f570127b5d4f,2026-08-10T15:45:00Z,2026-08-10T17:45:00+0200,9096.43,MW,NL,NL,forecast_load,Forecasted Load,2026-08-16T07:22:13Z
2026-08-16T07:18:28Z,2026-08-16T09:18:28+0200,aaa9bd4d-7504-4e17-a444-f570127b5d4f,2026-08-10T16:00:00Z,2026-08-10T18:00:00+0200,9290.381,MW,NL,NL,forecast_load,Forecasted Load,2026-08-16T07:22:13Z
2026-08-16T07:18:28Z,2026-08-16T09:18:28+0200,aaa9bd4d-7504-4e17-a444-f570127b5d4f,2026-08-10T16:15:00Z,2026-08-10T18:15:00+0200,9591.348,MW,NL,NL,forecast_load,Forecasted Load,2026-08-16T07:22:13Z
2026-08-16T07:18:28Z,2026-08-16T09:18:28+0200,aaa9bd4d-7504-4e17-a444-f570127b5d4f,2026-08-10T16:30:00Z,2026-08-10T18:30:00+0200,9815.357,MW,NL,NL,forecast_load,Forecasted Load,2026-08-16T07:22:13Z
2026-08-16T07:18:28Z,2026-08-16T09:18:28+0200,aaa9bd4d-7504-4e17-a444-f570127b5d4f,2026-08-10T16:45:00Z,2026-08-10T18:45:00+0200,10111.813,MW,NL,NL,forecast_load,Forecasted Load,2026-08-16T07:22:13Z
2026-08-16T07:18:28Z,2026-08-16T09:18:28+0200,aaa9bd4d-7504-4e17-a444-f570127b5d4f,2026-08-10T17:00:00Z,2026-08-10T19:00:00+0200,10343.966,MW,NL,NL,forecast_load,Forecasted Load,2026-08-16T07:22:13Z
2026-08-16T07:18:28Z,2026-08-16T09:18:28+0200,aaa9bd4d-7504-4e17-a444-f570127b5d4f,2026-08-10T17:15:00Z,2026-08-10T19:15:00+0200,10617.653,MW,NL,NL,forecast_load,Forecasted Load,2026-08-16T07:22:13Z
2026-08-16T07:18:28Z,2026-08-16T09:18:28+0200,aaa9bd4d-7504-4e17-a444-f570127b5d4f,2026-08-10T17:30:00Z,2026-08-10T19:30:00+0200,10886.259,MW,NL,NL,forecast_load,Forecasted Load,2026-08-16T07:22:13Z
2026-08-16T07:18:28Z,2026-08-16T09:18:28+0200,aaa9bd4d-7504-4e17-a444-f570127b5d4f,2026-08-10T17:45:00Z,2026-08-10T19:45:00+0200,11175.027,MW,NL,NL,forecast_load,Forecasted Load,2026-08-16T07:22:13Z
2026-08-16T07:18:28Z,2026-08-16T09:18:28+0200,aaa9bd4d-7504-4e17-a444-f570127b5d4f,2026-08-10T18:00:00Z,2026-08-10T20:00:00+0200,11522.535,MW,NL,NL,forecast_load,Forecasted Load,2026-08-16T07:22:13Z
2026-08-16T07:18:28Z,2026-08-16T09:18:28+0200,aaa9bd4d-7504-4e17-a444-f570127b5d4f,2026-08-10T18:15:00Z,2026-08-10T20:15:00+0200,11887.753,MW,NL,NL,forecast_load,Forecasted Load,2026-08-16T07:22:13Z
2026-08-16T07:18:28Z,2026-08-16T09:18:28+0200,aaa9bd4d-7504-4e17-a444-f570127b5d4f,2026-08-10T18:30:00Z,2026-08-10T20:30:00+0200,12034.287,MW,NL,NL,forecast_load,Forecasted Load,2026-08-16T07:22:13Z
2026-08-16T07:18:28Z,2026-08-16T09:18:28+0200,aaa9bd4d-7504-4e17-a444-f570127b5d4f,2026-08-10T18:45:00Z,2026-08-10T20:45:00+0200,12045.531,MW,NL,NL,forecast_load,Forecasted Load,2026-08-16T07:22:13Z
2026-08-16T07:18:28Z,2026-08-16T09:18:28+0200,aaa9bd4d-7504-4e17-a444-f570127b5d4f,2026-08-10T19:00:00Z,2026-08-10T21:00:00+0200,12193.296,MW,NL,NL,forecast_load,Forecasted Load,2026-08-16T07:22:13Z
2026-08-16T07:18:28Z,2026-08-16T09:18:28+0200,aaa9bd4d-7504-4e17-a444-f570127b5d4f,2026-08-10T19:15:00Z,2026-08-10T21:15:00+0200,12187.322,MW,NL,NL,forecast_load,Forecasted Load,2026-08-16T07:22:13Z
2026-08-16T07:18:28Z,2026-08-16T09:18:28+0200,aaa9bd4d-7504-4e17-a444-f570127b5d4f,2026-08-10T19:30:00Z,2026-08-10T21:30:00+0200,12207.172,MW,NL,NL,forecast_load,Forecasted Load,2026-08-16T07:22:13Z
2026-08-16T07:18:28Z,2026-08-16T09:18:28+0200,aaa9bd4d-7504-4e17-a444-f570127b5d4f,2026-08-10T19:45:00Z,2026-08-10T21:45:00+0200,12321.934,MW,NL,NL,forecast_load,Forecasted Load,2026-08-16T07:22:13Z
2026-08-16T07:18:28Z,2026-08-16T09:18:28+0200,aaa9bd4d-7504-4e17-a444-f570127b5d4f,2026-08-10T20:00:00Z,2026-08-10T22:00:00+0200,12319.889,MW,NL,NL,forecast_load,Forecasted Load,2026-08-16T07:22:13Z
2026-08-16T07:18:28Z,2026-08-16T09:18:28+0200,aaa9bd4d-7504-4e17-a444-f570127b5d4f,2026-08-10T20:15:00Z,2026-08-10T22:15:00+0200,12309.303,MW,NL,NL,forecast_load,Forecasted Load,2026-08-16T07:22:13Z
2026-08-16T07:18:28Z,2026-08-16T09:18:28+0200,aaa9bd4d-7504-4e17-a444-f570127b5d4f,2026-08-10T20:30:00Z,2026-08-10T22:30:00+0200,12258.954,MW,NL,NL,forecast_load,Forecasted Load,2026-08-16T07:22:13Z
2026-08-16T07:18:28Z,2026-08-16T09:18:28+0200,aaa9bd4d-7504-4e17-a444-f570127b5d4f,2026-08-10T20:45:00Z,2026-08-10T22:45:00+0200,12214.967,MW,NL,NL,forecast_load,Forecasted Load,2026-08-16T07:22:13Z
2026-08-16T07:18:28Z,2026-08-16T09:18:28+0200,aaa9bd4d-7504-4e17-a444-f570127b5d4f,2026-08-10T21:00:00Z,2026-08-10T23:00:00+0200,12046.778,MW,NL,NL,forecast_load,Forecasted Load,2026-08-16T07:22:13Z
2026-08-16T07:18:28Z,2026-08-16T09:18:28+0200,aaa9bd4d-7504-4e17-a444-f570127b5d4f,2026-08-10T21:15:00Z,2026-08-10T23:15:00+0200,11840.101,MW,NL,NL,forecast_load,Forecasted Load,2026-08-16T07:22:13Z
2026-08-16T07:18:28Z,2026-08-16T09:18:28+0200,aaa9bd4d-7504-4e17-a444-f570127b5d4f,2026-08-10T21:30:00Z,2026-08-10T23:30:00+0200,11791.086,MW,NL,NL,forecast_load,Forecasted Load,2026-08-16T07:22:13Z
2026-08-16T07:18:28Z,2026-08-16T09:18:28+0200,aaa9bd4d-7504-4e17-a444-f570127b5d4f,2026-08-10T21:45:00Z,2026-08-10T23:45:00+0200,11655.707,MW,NL,NL,forecast_load,Forecasted Load,2026-08-16T07:22:13Z
2026-08-16T07:18:28Z,2026-08-16T09:18:28+0200,aaa9bd4d-7504-4e17-a444-f570127b5d4f,2026-08-10T22:00:00Z,2026-08-11T00:00:00+0200,11534.206,MW,NL,NL,forecast_load,Forecasted Load,2026-08-16T07:22:13Z
2026-08-16T07:18:28Z,2026-08-16T09:18:28+0200,aaa9bd4d-7504-4e17-a444-f570127b5d4f,2026-08-10T22:15:00Z,2026-08-11T00:15:00+0200,11503.439,MW,NL,NL,forecast_load,Forecasted Load,2026-08-16T07:22:13Z
2026-08-16T07:18:28Z,2026-08-16T09:18:28+0200,aaa9bd4d-7504-4e17-a444-f570127b5d4f,2026-08-10T22:30:00Z,2026-08-11T00:30:00+0200,11361.707,MW,NL,NL,forecast_load,Forecasted Load,2026-08-16T07:22:13Z
2026-08-16T07:18:28Z,2026-08-16T09:18:28+0200,aaa9bd4d-7504-4e17-a444-f570127b5d4f,2026-08-10T22:45:00Z,2026-08-11T00:45:00+0200,11179.423,MW,NL,NL,forecast_load,Forecasted Load,2026-08-16T07:22:13Z
2026-08-16T07:18:28Z,2026-08-16T09:18:28+0200,aaa9bd4d-7504-4e17-a444-f570127b5d4f,2026-08-10T23:00:00Z,2026-08-11T01:00:00+0200,11079.346,MW,NL,NL,forecast_load,Forecasted Load,2026-08-16T07:22:13Z
2026-08-16T07:18:28Z,2026-08-16T09:18:28+0200,aaa9bd4d-7504-4e17-a444-f570127b5d4f,2026-08-10T23:15:00Z,2026-08-11T01:15:00+0200,11037.232,MW,NL,NL,forecast_load,Forecasted Load,2026-08-16T07:22:13Z
2026-08-16T07:18:28Z,2026-08-16T09:18:28+0200,aaa9bd4d-7504-4e17-a444-f570127b5d4f,2026-08-10T23:30:00Z,2026-08-11T01:30:00+0200,11017.332,MW,NL,NL,forecast_load,Forecasted Load,2026-08-16T07:22:13Z
2026-08-16T07:18:28Z,2026-08-16T09:18:28+0200,aaa9bd4d-7504-4e17-a444-f570127b5d4f,2026-08-10T23:45:00Z,2026-08-11T01:45:00+0200,10961.961,MW,NL,NL,forecast_load,Forecasted Load,2026-08-16T07:22:13Z
2026-08-16T07:18:28Z,2026-08-16T09:18:28+0200,aaa9bd4d-7504-4e17-a444-f570127b5d4f,2026-08-11T00:00:00Z,2026-08-11T02:00:00+0200,10902.639,MW,NL,NL,forecast_load,Forecasted Load,2026-08-16T07:22:13Z
2026-08-16T07:18:28Z,2026-08-16T09:18:28+0200,aaa9bd4d-7504-4e17-a444-f570127b5d4f,2026-08-11T00:15:00Z,2026-08-11T02:15:00+0200,10871.092,MW,NL,NL,forecast_load,Forecasted Load,2026-08-16T07:22:13Z
2026-08-16T07:18:28Z,2026-08-16T09:18:28+0200,aaa9bd4d-7504-4e17-a444-f570127b5d4f,2026-08-11T00:30:00Z,2026-08-11T02:30:00+0200,10834.328,MW,NL,NL,forecast_load,Forecasted Load,2026-08-16T07:22:13Z
2026-08-16T07:18:28Z,2026-08-16T09:18:28+0200,aaa9bd4d-7504-4e17-a444-f570127b5d4f,2026-08-11T00:45:00Z,2026-08-11T02:45:00+0200,10827.743,MW,NL,NL,forecast_load,Forecasted Load,2026-08-16T07:22:13Z
2026-08-16T07:18:28Z,2026-08-16T09:18:28+0200,aaa9bd4d-7504-4e17-a444-f570127b5d4f,2026-08-11T01:00:00Z,2026-08-11T03:00:00+0200,10858.783,MW,NL,NL,forecast_load,Forecasted Load,2026-08-16T07:22:13Z
2026-08-16T07:18:28Z,2026-08-16T09:18:28+0200,aaa9bd4d-7504-4e17-a444-f570127b5d4f,2026-08-11T01:15:00Z,2026-08-11T03:15:00+0200,10873.737,MW,NL,NL,forecast_load,Forecasted Load,2026-08-16T07:22:13Z
2026-08-16T07:18:28Z,2026-08-16T09:18:28+0200,aaa9bd4d-7504-4e17-a444-f570127b5d4f,2026-08-11T01:30:00Z,2026-08-11T03:30:00+0200,10848.571,MW,NL,NL,forecast_load,Forecasted Load,2026-08-16T07:22:13Z
2026-08-16T07:18:28Z,2026-08-16T09:18:28+0200,aaa9bd4d-7504-4e17-a444-f570127b5d4f,2026-08-11T01:45:00Z,2026-08-11T03:45:00+0200,10834.29,MW,NL,NL,forecast_load,Forecasted Load,2026-08-16T07:22:13Z
2026-08-16T07:18:28Z,2026-08-16T09:18:28+0200,aaa9bd4d-7504-4e17-a444-f570127b5d4f,2026-08-11T02:00:00Z,2026-08-11T04:00:00+0200,10819.129,MW,NL,NL,forecast_load,Forecasted Load,2026-08-16T07:22:13Z
2026-08-16T07:18:28Z,2026-08-16T09:18:28+0200,aaa9bd4d-7504-4e17-a444-f570127b5d4f,2026-08-11T02:15:00Z,2026-08-11T04:15:00+0200,10839.605,MW,NL,NL,forecast_load,Forecasted Load,2026-08-16T07:22:13Z
2026-08-16T07:18:28Z,2026-08-16T09:18:28+0200,aaa9bd4d-7504-4e17-a444-f570127b5d4f,2026-08-11T02:30:00Z,2026-08-11T04:30:00+0200,10758.262,MW,NL,NL,forecast_load,Forecasted Load,2026-08-16T07:22:13Z
2026-08-16T07:18:28Z,2026-08-16T09:18:28+0200,aaa9bd4d-7504-4e17-a444-f570127b5d4f,2026-08-11T02:45:00Z,2026-08-11T04:45:00+0200,10750.86,MW,NL,NL,forecast_load,Forecasted Load,2026-08-16T07:22:13Z
2026-08-16T07:18:28Z,2026-08-16T09:18:28+0200,aaa9bd4d-7504-4e17-a444-f570127b5d4f,2026-08-11T03:00:00Z,2026-08-11T05:00:00+0200,10721.042,MW,NL,NL,forecast_load,Forecasted Load,2026-08-16T07:22:13Z
2026-08-16T07:18:28Z,2026-08-16T09:18:28+0200,aaa9bd4d-7504-4e17-a444-f570127b5d4f,2026-08-11T03:15:00Z,2026-08-11T05:15:00+0200,10764.957,MW,NL,NL,forecast_load,Forecasted Load,2026-08-16T07:22:13Z
2026-08-16T07:18:28Z,2026-08-16T09:18:28+0200,aaa9bd4d-7504-4e17-a444-f570127b5d4f,2026-08-11T03:30:00Z,2026-08-11T05:30:00+0200,10741.893,MW,NL,NL,forecast_load,Forecasted Load,2026-08-16T07:22:13Z
2026-08-16T07:18:28Z,2026-08-16T09:18:28+0200,aaa9bd4d-7504-4e17-a444-f570127b5d4f,2026-08-11T03:45:00Z,2026-08-11T05:45:00+0200,10761.904,MW,NL,NL,forecast_load,Forecasted Load,2026-08-16T07:22:13Z
2026-08-16T07:18:28Z,2026-08-16T09:18:28+0200,aaa9bd4d-7504-4e17-a444-f570127b5d4f,2026-08-11T04:00:00Z,2026-08-11T06:00:00+0200,10779.396,MW,NL,NL,forecast_load,Forecasted Load,2026-08-16T07:22:13Z
2026-08-16T07:18:28Z,2026-08-16T09:18:28+0200,aaa9bd4d-7504-4e17-a444-f570127b5d4f,2026-08-11T04:15:00Z,2026-08-11T06:15:00+0200,10783.86,MW,NL,NL,forecast_load,Forecasted Load,2026-08-16T07:22:13Z
2026-08-16T07:18:28Z,2026-08-16T09:18:28+0200,aaa9bd4d-7504-4e17-a444-f570127b5d4f,2026-08-11T04:30:00Z,2026-08-11T06:30:00+0200,10790.565,MW,NL,NL,forecast_load,Forecasted Load,2026-08-16T07:22:13Z
2026-08-16T07:18:28Z,2026-08-16T09:18:28+0200,aaa9bd4d-7504-4e17-a444-f570127b5d4f,2026-08-11T04:45:00Z,2026-08-11T06:45:00+0200,10868.429,MW,NL,NL,forecast_load,Forecasted Load,2026-08-16T07:22:13Z
2026-08-16T07:18:28Z,2026-08-16T09:18:28+0200,aaa9bd4d-7504-4e17-a444-f570127b5d4f,2026-08-11T05:00:00Z,2026-08-11T07:00:00+0200,10940.324,MW,NL,NL,forecast_load,Forecasted Load,2026-08-16T07:22:13Z
2026-08-16T07:18:28Z,2026-08-16T09:18:28+0200,aaa9bd4d-7504-4e17-a444-f570127b5d4f,2026-08-11T05:15:00Z,2026-08-11T07:15:00+0200,10857.785,MW,NL,NL,forecast_load,Forecasted Load,2026-08-16T07:22:13Z
2026-08-16T07:18:28Z,2026-08-16T09:18:28+0200,aaa9bd4d-7504-4e17-a444-f570127b5d4f,2026-08-11T05:30:00Z,2026-08-11T07:30:00+0200,10818.488,MW,NL,NL,forecast_load,Forecasted Load,2026-08-16T07:22:13Z
2026-08-16T07:18:28Z,2026-08-16T09:18:28+0200,aaa9bd4d-7504-4e17-a444-f570127b5d4f,2026-08-11T05:45:00Z,2026-08-11T07:45:00+0200,10830.59,MW,NL,NL,forecast_load,Forecasted Load,2026-08-16T07:22:13Z
2026-08-16T07:18:28Z,2026-08-16T09:18:28+0200,aaa9bd4d-7504-4e17-a444-f570127b5d4f,2026-08-11T06:00:00Z,2026-08-11T08:00:00+0200,10779.57,MW,NL,NL,forecast_load,Forecasted Load,2026-08-16T07:22:13Z
2026-08-16T07:18:28Z,2026-08-16T09:18:28+0200,aaa9bd4d-7504-4e17-a444-f570127b5d4f,2026-08-11T06:15:00Z,2026-08-11T08:15:00+0200,10434.359,MW,NL,NL,forecast_load,Forecasted Load,2026-08-16T07:22:13Z
2026-08-16T07:18:28Z,2026-08-16T09:18:28+0200,aaa9bd4d-7504-4e17-a444-f570127b5d4f,2026-08-11T06:30:00Z,2026-08-11T08:30:00+0200,10288.706,MW,NL,NL,forecast_load,Forecasted Load,2026-08-16T07:22:13Z
2026-08-16T07:18:28Z,2026-08-16T09:18:28+0200,aaa9bd4d-7504-4e17-a444-f570127b5d4f,2026-08-11T06:45:00Z,2026-08-11T08:45:00+0200,10092.462,MW,NL,NL,forecast_load,Forecasted Load,2026-08-16T07:22:13Z
2026-08-16T07:18:28Z,2026-08-16T09:18:28+0200,aaa9bd4d-7504-4e17-a444-f570127b5d4f,2026-08-11T07:00:00Z,2026-08-11T09:00:00+0200,9731.879,MW,NL,NL,forecast_load,Forecasted Load,2026-08-16T07:22:13Z
2026-08-16T07:18:28Z,2026-08-16T09:18:28+0200,aaa9bd4d-7504-4e17-a444-f570127b5d4f,2026-08-11T07:15:00Z,2026-08-11T09:15:00+0200,9140.392,MW,NL,NL,forecast_load,Forecasted Load,2026-08-16T07:22:13Z
2026-08-16T07:18:28Z,2026-08-16T09:18:28+0200,aaa9bd4d-7504-4e17-a444-f570127b5d4f,2026-08-11T07:30:00Z,2026-08-11T09:30:00+0200,8821.696,MW,NL,NL,forecast_load,Forecasted Load,2026-08-16T07:22:13Z
2026-08-16T07:18:28Z,2026-08-16T09:18:28+0200,aaa9bd4d-7504-4e17-a444-f570127b5d4f,2026-08-11T07:45:00Z,2026-08-11T09:45:00+0200,8541.827,MW,NL,NL,forecast_load,Forecasted Load,2026-08-16T07:22:13Z
2026-08-16T07:18:28Z,2026-08-16T09:18:28+0200,aaa9bd4d-7504-4e17-a444-f570127b5d4f,2026-08-11T08:00:00Z,2026-08-11T10:00:00+0200,8284.602,MW,NL,NL,forecast_load,Forecasted Load,2026-08-16T07:22:13Z
2026-08-16T07:18:28Z,2026-08-16T09:18:28+0200,aaa9bd4d-7504-4e17-a444-f570127b5d4f,2026-08-11T08:15:00Z,2026-08-11T10:15:00+0200,7925.795,MW,NL,NL,forecast_load,Forecasted Load,2026-08-16T07:22:13Z
2026-08-16T07:18:28Z,2026-08-16T09:18:28+0200,aaa9bd4d-7504-4e17-a444-f570127b5d4f,2026-08-11T08:30:00Z,2026-08-11T10:30:00+0200,7711.12,MW,NL,NL,forecast_load,Forecasted Load,2026-08-16T07:22:13Z
2026-08-16T07:18:28Z,2026-08-16T09:18:28+0200,aaa9bd4d-7504-4e17-a444-f570127b5d4f,2026-08-11T08:45:00Z,2026-08-11T10:45:00+0200,7343.128,MW,NL,NL,forecast_load,Forecasted Load,2026-08-16T07:22:13Z
2026-08-16T07:18:28Z,2026-08-16T09:18:28+0200,aaa9bd4d-7504-4e17-a444-f570127b5d4f,2026-08-11T09:00:00Z,2026-08-11T11:00:00+0200,7060.418,MW,NL,NL,forecast_load,Forecasted Load,2026-08-16T07:22:13Z
2026-08-16T07:18:28Z,2026-08-16T09:18:28+0200,aaa9bd4d-7504-4e17-a444-f570127b5d4f,2026-08-11T09:15:00Z,2026-08-11T11:15:00+0200,6882.872,MW,NL,NL,forecast_load,Forecasted Load,2026-08-16T07:22:13Z
2026-08-16T07:18:28Z,2026-08-16T09:18:28+0200,aaa9bd4d-7504-4e17-a444-f570127b5d4f,2026-08-11T09:30:00Z,2026-08-11T11:30:00+0200,6776.693,MW,NL,NL,forecast_load,Forecasted Load,2026-08-16T07:22:13Z
2026-08-16T07:18:28Z,2026-08-16T09:18:28+0200,aaa9bd4d-7504-4e17-a444-f570127b5d4f,2026-08-11T09:45:00Z,2026-08-11T11:45:00+0200,6825.917,MW,NL,NL,forecast_load,Forecasted Load,2026-08-16T07:22:13Z
2026-08-16T07:18:28Z,2026-08-16T09:18:28+0200,aaa9bd4d-7504-4e17-a444-f570127b5d4f,2026-08-11T10:00:00Z,2026-08-11T12:00:00+0200,6788.454,MW,NL,NL,forecast_load,Forecasted Load,2026-08-16T07:22:13Z
2026-08-16T07:18:28Z,2026-08-16T09:18:28+0200,aaa9bd4d-7504-4e17-a444-f570127b5d4f,2026-08-11T10:15:00Z,2026-08-11T12:15:00+0200,6835.129,MW,NL,NL,forecast_load,Forecasted Load,2026-08-16T07:22:13Z
2026-08-16T07:18:28Z,2026-08-16T09:18:28+0200,aaa9bd4d-7504-4e17-a444-f570127b5d4f,2026-08-11T10:30:00Z,2026-08-11T12:30:00+0200,6643.45,MW,NL,NL,forecast_load,Forecasted Load,2026-08-16T07:22:13Z
2026-08-16T07:18:28Z,2026-08-16T09:18:28+0200,aaa9bd4d-7504-4e17-a444-f570127b5d4f,2026-08-11T10:45:00Z,2026-08-11T12:45:00+0200,6594.495,MW,NL,NL,forecast_load,Forecasted Load,2026-08-16T07:22:13Z
2026-08-16T07:18:28Z,2026-08-16T09:18:28+0200,aaa9bd4d-7504-4e17-a444-f570127b5d4f,2026-08-11T11:00:00Z,2026-08-11T13:00:00+0200,6334.636,MW,NL,NL,forecast_load,Forecasted Load,2026-08-16T07:22:13Z
2026-08-16T07:18:28Z,2026-08-16T09:18:28+0200,aaa9bd4d-7504-4e17-a444-f570127b5d4f,2026-08-11T11:15:00Z,2026-08-11T13:15:00+0200,6428.898,MW,NL,NL,forecast_load,Forecasted Load,2026-08-16T07:22:13Z
2026-08-16T07:18:28Z,2026-08-16T09:18:28+0200,aaa9bd4d-7504-4e17-a444-f570127b5d4f,2026-08-11T11:30:00Z,2026-08-11T13:30:00+0200,6463.525,MW,NL,NL,forecast_load,Forecasted Load,2026-08-16T07:22:13Z
2026-08-16T07:18:28Z,2026-08-16T09:18:28+0200,aaa9bd4d-7504-4e17-a444-f570127b5d4f,2026-08-11T11:45:00Z,2026-08-11T13:45:00+0200,6568.884,MW,NL,NL,forecast_load,Forecasted Load,2026-08-16T07:22:13Z
2026-08-16T07:18:28Z,2026-08-16T09:18:28+0200,aaa9bd4d-7504-4e17-a444-f570127b5d4f,2026-08-11T12:00:00Z,2026-08-11T14:00:00+0200,6700.492,MW,NL,NL,forecast_load,Forecasted Load,2026-08-16T07:22:13Z
2026-08-16T07:18:28Z,2026-08-16T09:18:28+0200,aaa9bd4d-7504-4e17-a444-f570127b5d4f,2026-08-11T12:15:00Z,2026-08-11T14:15:00+0200,6919.646,MW,NL,NL,forecast_load,Forecasted Load,2026-08-16T07:22:13Z
2026-08-16T07:18:28Z,2026-08-16T09:18:28+0200,aaa9bd4d-7504-4e17-a444-f570127b5d4f,2026-08-11T12:30:00Z,2026-08-11T14:30:00+0200,7061.678,MW,NL,NL,forecast_load,Forecasted Load,2026-08-16T07:22:13Z
2026-08-16T07:18:28Z,2026-08-16T09:18:28+0200,aaa9bd4d-7504-4e17-a444-f570127b5d4f,2026-08-11T12:45:00Z,2026-08-11T14:45:00+0200,7194.418,MW,NL,NL,forecast_load,Forecasted Load,2026-08-16T07:22:13Z
2026-08-16T07:18:28Z,2026-08-16T09:18:28+0200,aaa9bd4d-7504-4e17-a444-f570127b5d4f,2026-08-11T13:00:00Z,2026-08-11T15:00:00+0200,7414.623,MW,NL,NL,forecast_load,Forecasted Load,2026-08-16T07:22:13Z
2026-08-16T07:18:28Z,2026-08-16T09:18:28+0200,aaa9bd4d-7504-4e17-a444-f570127b5d4f,2026-08-11T13:15:00Z,2026-08-11T15:15:00+0200,7703.434,MW,NL,NL,forecast_load,Forecasted Load,2026-08-16T07:22:13Z
2026-08-16T07:18:28Z,2026-08-16T09:18:28+0200,aaa9bd4d-7504-4e17-a444-f570127b5d4f,2026-08-11T13:30:00Z,2026-08-11T15:30:00+0200,7774.965,MW,NL,NL,forecast_load,Forecasted Load,2026-08-16T07:22:13Z
2026-08-16T07:18:28Z,2026-08-16T09:18:28+0200,aaa9bd4d-7504-4e17-a444-f570127b5d4f,2026-08-11T13:45:00Z,2026-08-11T15:45:00+0200,7923.264,MW,NL,NL,forecast_load,Forecasted Load,2026-08-16T07:22:13Z
2026-08-16T07:18:28Z,2026-08-16T09:18:28+0200,aaa9bd4d-7504-4e17-a444-f570127b5d4f,2026-08-11T14:00:00Z,2026-08-11T16:00:00+0200,8142.337,MW,NL,NL,forecast_load,Forecasted Load,2026-08-16T07:22:13Z
2026-08-16T07:18:28Z,2026-08-16T09:18:28+0200,aaa9bd4d-7504-4e17-a444-f570127b5d4f,2026-08-11T14:15:00Z,2026-08-11T16:15:00+0200,8549.288,MW,NL,NL,forecast_load,Forecasted Load,2026-08-16T07:22:13Z
2026-08-16T07:18:28Z,2026-08-16T09:18:28+0200,aaa9bd4d-7504-4e17-a444-f570127b5d4f,2026-08-11T14:30:00Z,2026-08-11T16:30:00+0200,8808.329,MW,NL,NL,forecast_load,Forecasted Load,2026-08-16T07:22:13Z
2026-08-16T07:18:28Z,2026-08-16T09:18:28+0200,aaa9bd4d-7504-4e17-a444-f570127b5d4f,2026-08-11T14:45:00Z,2026-08-11T16:45:00+0200,9065.801,MW,NL,NL,forecast_load,Forecasted Load,2026-08-16T07:22:13Z
2026-08-16T07:18:28Z,2026-08-16T09:18:28+0200,aaa9bd4d-7504-4e17-a444-f570127b5d4f,2026-08-11T15:00:00Z,2026-08-11T17:00:00+0200,9676.532,MW,NL,NL,forecast_load,Forecasted Load,2026-08-16T07:22:13Z
2026-08-16T07:18:28Z,2026-08-16T09:18:28+0200,aaa9bd4d-7504-4e17-a444-f570127b5d4f,2026-08-11T15:15:00Z,2026-08-11T17:15:00+0200,9960.615,MW,NL,NL,forecast_load,Forecasted Load,2026-08-16T07:22:13Z
2026-08-16T07:18:28Z,2026-08-16T09:18:28+0200,aaa9bd4d-7504-4e17-a444-f570127b5d4f,2026-08-11T15:30:00Z,2026-08-11T17:30:00+0200,10219.503,MW,NL,NL,forecast_load,Forecasted Load,2026-08-16T07:22:13Z
2026-08-16T07:18:28Z,2026-08-16T09:18:28+0200,aaa9bd4d-7504-4e17-a444-f570127b5d4f,2026-08-11T15:45:00Z,2026-08-11T17:45:00+0200,10512.516,MW,NL,NL,forecast_load,Forecasted Load,2026-08-16T07:22:13Z
2026-08-16T07:18:28Z,2026-08-16T09:18:28+0200,aaa9bd4d-7504-4e17-a444-f570127b5d4f,2026-08-11T16:00:00Z,2026-08-11T18:00:00+0200,10625.916,MW,NL,NL,forecast_load,Forecasted Load,2026-08-16T07:22:13Z
2026-08-16T07:18:28Z,2026-08-16T09:18:28+0200,aaa9bd4d-7504-4e17-a444-f570127b5d4f,2026-08-11T16:15:00Z,2026-08-11T18:15:00+0200,10808.433,MW,NL,NL,forecast_load,Forecasted Load,2026-08-16T07:22:13Z
2026-08-16T07:18:28Z,2026-08-16T09:18:28+0200,aaa9bd4d-7504-4e17-a444-f570127b5d4f,2026-08-11T16:30:00Z,2026-08-11T18:30:00+0200,11161.744,MW,NL,NL,forecast_load,Forecasted Load,2026-08-16T07:22:13Z
2026-08-16T07:18:28Z,2026-08-16T09:18:28+0200,aaa9bd4d-7504-4e17-a444-f570127b5d4f,2026-08-11T16:45:00Z,2026-08-11T18:45:00+0200,11514.594,MW,NL,NL,forecast_load,Forecasted Load,2026-08-16T07:22:13Z
2026-08-16T07:18:28Z,2026-08-16T09:18:28+0200,aaa9bd4d-7504-4e17-a444-f570127b5d4f,2026-08-11T17:00:00Z,2026-08-11T19:00:00+0200,11717.293,MW,NL,NL,forecast_load,Forecasted Load,2026-08-16T07:22:13Z
2026-08-16T07:18:28Z,2026-08-16T09:18:28+0200,aaa9bd4d-7504-4e17-a444-f570127b5d4f,2026-08-11T17:15:00Z,2026-08-11T19:15:00+0200,11902.811,MW,NL,NL,forecast_load,Forecasted Load,2026-08-16T07:22:13Z
2026-08-16T07:18:28Z,2026-08-16T09:18:28+0200,aaa9bd4d-7504-4e17-a444-f570127b5d4f,2026-08-11T17:30:00Z,2026-08-11T19:30:00+0200,12132.186,MW,NL,NL,forecast_load,Forecasted Load,2026-08-16T07:22:13Z
2026-08-16T07:18:28Z,2026-08-16T09:18:28+0200,aaa9bd4d-7504-4e17-a444-f570127b5d4f,2026-08-11T17:45:00Z,2026-08-11T19:45:00+0200,12271.097,MW,NL,NL,forecast_load,Forecasted Load,2026-08-16T07:22:13Z
2026-08-16T07:18:28Z,2026-08-16T09:18:28+0200,aaa9bd4d-7504-4e17-a444-f570127b5d4f,2026-08-11T18:00:00Z,2026-08-11T20:00:00+0200,12241.362,MW,NL,NL,forecast_load,Forecasted Load,2026-08-16T07:22:13Z
2026-08-16T07:18:28Z,2026-08-16T09:18:28+0200,aaa9bd4d-7504-4e17-a444-f570127b5d4f,2026-08-11T18:15:00Z,2026-08-11T20:15:00+0200,12516.886,MW,NL,NL,forecast_load,Forecasted Load,2026-08-16T07:22:13Z
2026-08-16T07:18:28Z,2026-08-16T09:18:28+0200,aaa9bd4d-7504-4e17-a444-f570127b5d4f,2026-08-11T18:30:00Z,2026-08-11T20:30:00+0200,12616.726,MW,NL,NL,forecast_load,Forecasted Load,2026-08-16T07:22:13Z
2026-08-16T07:18:28Z,2026-08-16T09:18:28+0200,aaa9bd4d-7504-4e17-a444-f570127b5d4f,2026-08-11T18:45:00Z,2026-08-11T20:45:00+0200,12547.165,MW,NL,NL,forecast_load,Forecasted Load,2026-08-16T07:22:13Z
2026-08-16T07:18:28Z,2026-08-16T09:18:28+0200,aaa9bd4d-7504-4e17-a444-f570127b5d4f,2026-08-11T19:00:00Z,2026-08-11T21:00:00+0200,12521.461,MW,NL,NL,forecast_load,Forecasted Load,2026-08-16T07:22:13Z
2026-08-16T07:18:28Z,2026-08-16T09:18:28+0200,aaa9bd4d-7504-4e17-a444-f570127b5d4f,2026-08-11T19:15:00Z,2026-08-11T21:15:00+0200,12543.18,MW,NL,NL,forecast_load,Forecasted Load,2026-08-16T07:22:13Z
2026-08-16T07:18:28Z,2026-08-16T09:18:28+0200,aaa9bd4d-7504-4e17-a444-f570127b5d4f,2026-08-11T19:30:00Z,2026-08-11T21:30:00+0200,12543.241,MW,NL,NL,forecast_load,Forecasted Load,2026-08-16T07:22:13Z
2026-08-16T07:18:28Z,2026-08-16T09:18:28+0200,aaa9bd4d-7504-4e17-a444-f570127b5d4f,2026-08-11T19:45:00Z,2026-08-11T21:45:00+0200,12568.471,MW,NL,NL,forecast_load,Forecasted Load,2026-08-16T07:22:13Z
2026-08-16T07:18:28Z,2026-08-16T09:18:28+0200,aaa9bd4d-7504-4e17-a444-f570127b5d4f,2026-08-11T20:00:00Z,2026-08-11T22:00:00+0200,12428.965,MW,NL,NL,forecast_load,Forecasted Load,2026-08-16T07:22:13Z
2026-08-16T07:18:28Z,2026-08-16T09:18:28+0200,aaa9bd4d-7504-4e17-a444-f570127b5d4f,2026-08-11T20:15:00Z,2026-08-11T22:15:00+0200,12252.225,MW,NL,NL,forecast_load,Forecasted Load,2026-08-16T07:22:13Z
2026-08-16T07:18:28Z,2026-08-16T09:18:28+0200,aaa9bd4d-7504-4e17-a444-f570127b5d4f,2026-08-11T20:30:00Z,2026-08-11T22:30:00+0200,12212.492,MW,NL,NL,forecast_load,Forecasted Load,2026-08-16T07:22:13Z
2026-08-16T07:18:28Z,2026-08-16T09:18:28+0200,aaa9bd4d-7504-4e17-a444-f570127b5d4f,2026-08-11T20:45:00Z,2026-08-11T22:45:00+0200,12156.727,MW,NL,NL,forecast_load,Forecasted Load,2026-08-16T07:22:13Z
2026-08-16T07:18:28Z,2026-08-16T09:18:28+0200,aaa9bd4d-7504-4e17-a444-f570127b5d4f,2026-08-11T21:00:00Z,2026-08-11T23:00:00+0200,12049.912,MW,NL,NL,forecast_load,Forecasted Load,2026-08-16T07:22:13Z
2026-08-16T07:18:28Z,2026-08-16T09:18:28+0200,aaa9bd4d-7504-4e17-a444-f570127b5d4f,2026-08-11T21:15:00Z,2026-08-11T23:15:00+0200,12082.685,MW,NL,NL,forecast_load,Forecasted Load,2026-08-16T07:22:13Z
2026-08-16T07:18:28Z,2026-08-16T09:18:28+0200,aaa9bd4d-7504-4e17-a444-f570127b5d4f,2026-08-11T21:30:00Z,2026-08-11T23:30:00+0200,11958.201,MW,NL,NL,forecast_load,Forecasted Load,2026-08-16T07:22:13Z
2026-08-16T07:18:28Z,2026-08-16T09:18:28+0200,aaa9bd4d-7504-4e17-a444-f570127b5d4f,2026-08-11T21:45:00Z,2026-08-11T23:45:00+0200,11790.904,MW,NL,NL,forecast_load,Forecasted Load,2026-08-16T07:22:13Z
2026-08-16T07:18:28Z,2026-08-16T09:18:28+0200,aaa9bd4d-7504-4e17-a444-f570127b5d4f,2026-08-11T22:00:00Z,2026-08-12T00:00:00+0200,11672.582,MW,NL,NL,forecast_load,Forecasted Load,2026-08-16T07:22:13Z
2026-08-16T07:18:28Z,2026-08-16T09:18:28+0200,aaa9bd4d-7504-4e17-a444-f570127b5d4f,2026-08-11T22:15:00Z,2026-08-12T00:15:00+0200,11603.92,MW,NL,NL,forecast_load,Forecasted Load,2026-08-16T07:22:13Z
2026-08-16T07:18:28Z,2026-08-16T09:18:28+0200,aaa9bd4d-7504-4e17-a444-f570127b5d4f,2026-08-11T22:30:00Z,2026-08-12T00:30:00+0200,11426.747,MW,NL,NL,forecast_load,Forecasted Load,2026-08-16T07:22:13Z
2026-08-16T07:18:28Z,2026-08-16T09:18:28+0200,aaa9bd4d-7504-4e17-a444-f570127b5d4f,2026-08-11T22:45:00Z,2026-08-12T00:45:00+0200,11257.687,MW,NL,NL,forecast_load,Forecasted Load,2026-08-16T07:22:13Z
2026-08-16T07:18:28Z,2026-08-16T09:18:28+0200,aaa9bd4d-7504-4e17-a444-f570127b5d4f,2026-08-11T23:00:00Z,2026-08-12T01:00:00+0200,11128.345,MW,NL,NL,forecast_load,Forecasted Load,2026-08-16T07:22:13Z
2026-08-16T07:18:28Z,2026-08-16T09:18:28+0200,aaa9bd4d-7504-4e17-a444-f570127b5d4f,2026-08-11T23:15:00Z,2026-08-12T01:15:00+0200,11014.809,MW,NL,NL,forecast_load,Forecasted Load,2026-08-16T07:22:13Z
2026-08-16T07:18:28Z,2026-08-16T09:18:28+0200,aaa9bd4d-7504-4e17-a444-f570127b5d4f,2026-08-11T23:30:00Z,2026-08-12T01:30:00+0200,10898.535,MW,NL,NL,forecast_load,Forecasted Load,2026-08-16T07:22:13Z
2026-08-16T07:18:28Z,2026-08-16T09:18:28+0200,aaa9bd4d-7504-4e17-a444-f570127b5d4f,2026-08-11T23:45:00Z,2026-08-12T01:45:00+0200,10844.506,MW,NL,NL,forecast_load,Forecasted Load,2026-08-16T07:22:13Z
2026-08-16T07:18:28Z,2026-08-16T09:18:28+0200,aaa9bd4d-7504-4e17-a444-f570127b5d4f,2026-08-12T00:00:00Z,2026-08-12T02:00:00+0200,10780.061,MW,NL,NL,forecast_load,Forecasted Load,2026-08-16T07:22:13Z
2026-08-16T07:18:28Z,2026-08-16T09:18:28+0200,aaa9bd4d-7504-4e17-a444-f570127b5d4f,2026-08-12T00:15:00Z,2026-08-12T02:15:00+0200,10674.958,MW,NL,NL,forecast_load,Forecasted Load,2026-08-16T07:22:13Z
2026-08-16T07:18:28Z,2026-08-16T09:18:28+0200,aaa9bd4d-7504-4e17-a444-f570127b5d4f,2026-08-12T00:30:00Z,2026-08-12T02:30:00+0200,10651.027,MW,NL,NL,forecast_load,Forecasted Load,2026-08-16T07:22:13Z
2026-08-16T07:18:28Z,2026-08-16T09:18:28+0200,aaa9bd4d-7504-4e17-a444-f570127b5d4f,2026-08-12T00:45:00Z,2026-08-12T02:45:00+0200,10643.821,MW,NL,NL,forecast_load,Forecasted Load,2026-08-16T07:22:13Z
2026-08-16T07:18:28Z,2026-08-16T09:18:28+0200,aaa9bd4d-7504-4e17-a444-f570127b5d4f,2026-08-12T01:00:00Z,2026-08-12T03:00:00+0200,10642.978,MW,NL,NL,forecast_load,Forecasted Load,2026-08-16T07:22:13Z
2026-08-16T07:18:28Z,2026-08-16T09:18:28+0200,aaa9bd4d-7504-4e17-a444-f570127b5d4f,2026-08-12T01:15:00Z,2026-08-12T03:15:00+0200,10614.859,MW,NL,NL,forecast_load,Forecasted Load,2026-08-16T07:22:13Z
2026-08-16T07:18:28Z,2026-08-16T09:18:28+0200,aaa9bd4d-7504-4e17-a444-f570127b5d4f,2026-08-12T01:30:00Z,2026-08-12T03:30:00+0200,10568.921,MW,NL,NL,forecast_load,Forecasted Load,2026-08-16T07:22:13Z
2026-08-16T07:18:28Z,2026-08-16T09:18:28+0200,aaa9bd4d-7504-4e17-a444-f570127b5d4f,2026-08-12T01:45:00Z,2026-08-12T03:45:00+0200,10613.186,MW,NL,NL,forecast_load,Forecasted Load,2026-08-16T07:22:13Z
2026-08-16T07:18:28Z,2026-08-16T09:18:28+0200,aaa9bd4d-7504-4e17-a444-f570127b5d4f,2026-08-12T02:00:00Z,2026-08-12T04:00:00+0200,10653.026,MW,NL,NL,forecast_load,Forecasted Load,2026-08-16T07:22:13Z
2026-08-16T07:18:28Z,2026-08-16T09:18:28+0200,aaa9bd4d-7504-4e17-a444-f570127b5d4f,2026-08-12T02:15:00Z,2026-08-12T04:15:00+0200,10637.696,MW,NL,NL,forecast_load,Forecasted Load,2026-08-16T07:22:13Z
2026-08-16T07:18:28Z,2026-08-16T09:18:28+0200,aaa9bd4d-7504-4e17-a444-f570127b5d4f,2026-08-12T02:30:00Z,2026-08-12T04:30:00+0200,10538.511,MW,NL,NL,forecast_load,Forecasted Load,2026-08-16T07:22:13Z
2026-08-16T07:18:28Z,2026-08-16T09:18:28+0200,aaa9bd4d-7504-4e17-a444-f570127b5d4f,2026-08-12T02:45:00Z,2026-08-12T04:45:00+0200,10466.344,MW,NL,NL,forecast_load,Forecasted Load,2026-08-16T07:22:13Z
2026-08-16T07:18:28Z,2026-08-16T09:18:28+0200,aaa9bd4d-7504-4e17-a444-f570127b5d4f,2026-08-12T03:00:00Z,2026-08-12T05:00:00+0200,10506.269,MW,NL,NL,forecast_load,Forecasted Load,2026-08-16T07:22:13Z
2026-08-16T07:18:28Z,2026-08-16T09:18:28+0200,aaa9bd4d-7504-4e17-a444-f570127b5d4f,2026-08-12T03:15:00Z,2026-08-12T05:15:00+0200,10622.241,MW,NL,NL,forecast_load,Forecasted Load,2026-08-16T07:22:13Z
2026-08-16T07:18:28Z,2026-08-16T09:18:28+0200,aaa9bd4d-7504-4e17-a444-f570127b5d4f,2026-08-12T03:30:00Z,2026-08-12T05:30:00+0200,10669.852,MW,NL,NL,forecast_load,Forecasted Load,2026-08-16T07:22:13Z
2026-08-16T07:18:28Z,2026-08-16T09:18:28+0200,aaa9bd4d-7504-4e17-a444-f570127b5d4f,2026-08-12T03:45:00Z,2026-08-12T05:45:00+0200,10697.524,MW,NL,NL,forecast_load,Forecasted Load,2026-08-16T07:22:13Z
2026-08-16T07:18:28Z,2026-08-16T09:18:28+0200,aaa9bd4d-7504-4e17-a444-f570127b5d4f,2026-08-12T04:00:00Z,2026-08-12T06:00:00+0200,10733.119,MW,NL,NL,forecast_load,Forecasted Load,2026-08-16T07:22:13Z
2026-08-16T07:18:28Z,2026-08-16T09:18:28+0200,aaa9bd4d-7504-4e17-a444-f570127b5d4f,2026-08-12T04:15:00Z,2026-08-12T06:15:00+0200,10789.468,MW,NL,NL,forecast_load,Forecasted Load,2026-08-16T07:22:13Z
2026-08-16T07:18:28Z,2026-08-16T09:18:28+0200,aaa9bd4d-7504-4e17-a444-f570127b5d4f,2026-08-12T04:30:00Z,2026-08-12T06:30:00+0200,10762.378,MW,NL,NL,forecast_load,Forecasted Load,2026-08-16T07:22:13Z
2026-08-16T07:18:28Z,2026-08-16T09:18:28+0200,aaa9bd4d-7504-4e17-a444-f570127b5d4f,2026-08-12T04:45:00Z,2026-08-12T06:45:00+0200,10749.221,MW,NL,NL,forecast_load,Forecasted Load,2026-08-16T07:22:13Z
2026-08-16T07:18:28Z,2026-08-16T09:18:28+0200,aaa9bd4d-7504-4e17-a444-f570127b5d4f,2026-08-12T05:00:00Z,2026-08-12T07:00:00+0200,10801.068,MW,NL,NL,forecast_load,Forecasted Load,2026-08-16T07:22:13Z
2026-08-16T07:18:28Z,2026-08-16T09:18:28+0200,aaa9bd4d-7504-4e17-a444-f570127b5d4f,2026-08-12T05:15:00Z,2026-08-12T07:15:00+0200,10707.473,MW,NL,NL,forecast_load,Forecasted Load,2026-08-16T07:22:13Z
2026-08-16T07:18:28Z,2026-08-16T09:18:28+0200,aaa9bd4d-7504-4e17-a444-f570127b5d4f,2026-08-12T05:30:00Z,2026-08-12T07:30:00+0200,10705.083,MW,NL,NL,forecast_load,Forecasted Load,2026-08-16T07:22:13Z
2026-08-16T07:18:28Z,2026-08-16T09:18:28+0200,aaa9bd4d-7504-4e17-a444-f570127b5d4f,2026-08-12T05:45:00Z,2026-08-12T07:45:00+0200,10697.514,MW,NL,NL,forecast_load,Forecasted Load,2026-08-16T07:22:13Z
2026-08-16T07:18:28Z,2026-08-16T09:18:28+0200,aaa9bd4d-7504-4e17-a444-f570127b5d4f,2026-08-12T06:00:00Z,2026-08-12T08:00:00+0200,10721.833,MW,NL,NL,forecast_load,Forecasted Load,2026-08-16T07:22:13Z
2026-08-16T07:18:28Z,2026-08-16T09:18:28+0200,aaa9bd4d-7504-4e17-a444-f570127b5d4f,2026-08-12T06:15:00Z,2026-08-12T08:15:00+0200,10324.758,MW,NL,NL,forecast_load,Forecasted Load,2026-08-16T07:22:13Z
2026-08-16T07:18:28Z,2026-08-16T09:18:28+0200,aaa9bd4d-7504-4e17-a444-f570127b5d4f,2026-08-12T06:30:00Z,2026-08-12T08:30:00+0200,10193.937,MW,NL,NL,forecast_load,Forecasted Load,2026-08-16T07:22:13Z
2026-08-16T07:18:28Z,2026-08-16T09:18:28+0200,aaa9bd4d-7504-4e17-a444-f570127b5d4f,2026-08-12T06:45:00Z,2026-08-12T08:45:00+0200,10027.084,MW,NL,NL,forecast_load,Forecasted Load,2026-08-16T07:22:13Z
2026-08-16T07:18:28Z,2026-08-16T09:18:28+0200,aaa9bd4d-7504-4e17-a444-f570127b5d4f,2026-08-12T07:00:00Z,2026-08-12T09:00:00+0200,9755.755,MW,NL,NL,forecast_load,Forecasted Load,2026-08-16T07:22:13Z
2026-08-16T07:18:28Z,2026-08-16T09:18:28+0200,aaa9bd4d-7504-4e17-a444-f570127b5d4f,2026-08-12T07:15:00Z,2026-08-12T09:15:00+0200,9374.761,MW,NL,NL,forecast_load,Forecasted Load,2026-08-16T07:22:13Z
2026-08-16T07:18:28Z,2026-08-16T09:18:28+0200,aaa9bd4d-7504-4e17-a444-f570127b5d4f,2026-08-12T07:30:00Z,2026-08-12T09:30:00+0200,9052.156,MW,NL,NL,forecast_load,Forecasted Load,2026-08-16T07:22:13Z
2026-08-16T07:18:28Z,2026-08-16T09:18:28+0200,aaa9bd4d-7504-4e17-a444-f570127b5d4f,2026-08-12T07:45:00Z,2026-08-12T09:45:00+0200,8778.534,MW,NL,NL,forecast_load,Forecasted Load,2026-08-16T07:22:13Z
2026-08-16T07:18:28Z,2026-08-16T09:18:28+0200,aaa9bd4d-7504-4e17-a444-f570127b5d4f,2026-08-12T08:00:00Z,2026-08-12T10:00:00+0200,8433.974,MW,NL,NL,forecast_load,Forecasted Load,2026-08-16T07:22:13Z
2026-08-16T07:18:28Z,2026-08-16T09:18:28+0200,aaa9bd4d-7504-4e17-a444-f570127b5d4f,2026-08-12T08:15:00Z,2026-08-12T10:15:00+0200,8017.688,MW,NL,NL,forecast_load,Forecasted Load,2026-08-16T07:22:13Z
2026-08-16T07:18:28Z,2026-08-16T09:18:28+0200,aaa9bd4d-7504-4e17-a444-f570127b5d4f,2026-08-12T08:30:00Z,2026-08-12T10:30:00+0200,7756.888,MW,NL,NL,forecast_load,Forecasted Load,2026-08-16T07:22:13Z
2026-08-16T07:18:28Z,2026-08-16T09:18:28+0200,aaa9bd4d-7504-4e17-a444-f570127b5d4f,2026-08-12T08:45:00Z,2026-08-12T10:45:00+0200,7765.927,MW,NL,NL,forecast_load,Forecasted Load,2026-08-16T07:22:13Z
2026-08-16T07:18:28Z,2026-08-16T09:18:28+0200,aaa9bd4d-7504-4e17-a444-f570127b5d4f,2026-08-12T09:00:00Z,2026-08-12T11:00:00+0200,7571.302,MW,NL,NL,forecast_load,Forecasted Load,2026-08-16T07:22:13Z
2026-08-16T07:18:28Z,2026-08-16T09:18:28+0200,aaa9bd4d-7504-4e17-a444-f570127b5d4f,2026-08-12T09:15:00Z,2026-08-12T11:15:00+0200,7556.48,MW,NL,NL,forecast_load,Forecasted Load,2026-08-16T07:22:13Z
2026-08-16T07:18:28Z,2026-08-16T09:18:28+0200,aaa9bd4d-7504-4e17-a444-f570127b5d4f,2026-08-12T09:30:00Z,2026-08-12T11:30:00+0200,7496.673,MW,NL,NL,forecast_load,Forecasted Load,2026-08-16T07:22:13Z
2026-08-16T07:18:28Z,2026-08-16T09:18:28+0200,aaa9bd4d-7504-4e17-a444-f570127b5d4f,2026-08-12T09:45:00Z,2026-08-12T11:45:00+0200,7678.162,MW,NL,NL,forecast_load,Forecasted Load,2026-08-16T07:22:13Z
2026-08-16T07:18:28Z,2026-08-16T09:18:28+0200,aaa9bd4d-7504-4e17-a444-f570127b5d4f,2026-08-12T10:00:00Z,2026-08-12T12:00:00+0200,7487.209,MW,NL,NL,forecast_load,Forecasted Load,2026-08-16T07:22:13Z
2026-08-16T07:18:28Z,2026-08-16T09:18:28+0200,aaa9bd4d-7504-4e17-a444-f570127b5d4f,2026-08-12T10:15:00Z,2026-08-12T12:15:00+0200,7195.309,MW,NL,NL,forecast_load,Forecasted Load,2026-08-16T07:22:13Z
2026-08-16T07:18:28Z,2026-08-16T09:18:28+0200,aaa9bd4d-7504-4e17-a444-f570127b5d4f,2026-08-12T10:30:00Z,2026-08-12T12:30:00+0200,7135.947,MW,NL,NL,forecast_load,Forecasted Load,2026-08-16T07:22:13Z
2026-08-16T07:18:28Z,2026-08-16T09:18:28+0200,aaa9bd4d-7504-4e17-a444-f570127b5d4f,2026-08-12T10:45:00Z,2026-08-12T12:45:00+0200,7103.201,MW,NL,NL,forecast_load,Forecasted Load,2026-08-16T07:22:13Z
2026-08-16T07:18:28Z,2026-08-16T09:18:28+0200,aaa9bd4d-7504-4e17-a444-f570127b5d4f,2026-08-12T11:00:00Z,2026-08-12T13:00:00+0200,7040.041,MW,NL,NL,forecast_load,Forecasted Load,2026-08-16T07:22:13Z
2026-08-16T07:18:28Z,2026-08-16T09:18:28+0200,aaa9bd4d-7504-4e17-a444-f570127b5d4f,2026-08-12T11:15:00Z,2026-08-12T13:15:00+0200,6931.58,MW,NL,NL,forecast_load,Forecasted Load,2026-08-16T07:22:13Z
2026-08-16T07:18:28Z,2026-08-16T09:18:28+0200,aaa9bd4d-7504-4e17-a444-f570127b5d4f,2026-08-12T11:30:00Z,2026-08-12T13:30:00+0200,6989.908,MW,NL,NL,forecast_load,Forecasted Load,2026-08-16T07:22:13Z
2026-08-16T07:18:28Z,2026-08-16T09:18:28+0200,aaa9bd4d-7504-4e17-a444-f570127b5d4f,2026-08-12T11:45:00Z,2026-08-12T13:45:00+0200,6929.897,MW,NL,NL,forecast_load,Forecasted Load,2026-08-16T07:22:13Z
2026-08-16T07:18:28Z,2026-08-16T09:18:28+0200,aaa9bd4d-7504-4e17-a444-f570127b5d4f,2026-08-12T12:00:00Z,2026-08-12T14:00:00+0200,7034.244,MW,NL,NL,forecast_load,Forecasted Load,2026-08-16T07:22:13Z
2026-08-16T07:18:28Z,2026-08-16T09:18:28+0200,aaa9bd4d-7504-4e17-a444-f570127b5d4f,2026-08-12T12:15:00Z,2026-08-12T14:15:00+0200,6956.267,MW,NL,NL,forecast_load,Forecasted Load,2026-08-16T07:22:13Z
2026-08-16T07:18:28Z,2026-08-16T09:18:28+0200,aaa9bd4d-7504-4e17-a444-f570127b5d4f,2026-08-12T12:30:00Z,2026-08-12T14:30:00+0200,6860.166,MW,NL,NL,forecast_load,Forecasted Load,2026-08-16T07:22:13Z
2026-08-16T07:18:28Z,2026-08-16T09:18:28+0200,aaa9bd4d-7504-4e17-a444-f570127b5d4f,2026-08-12T12:45:00Z,2026-08-12T14:45:00+0200,6769.791,MW,NL,NL,forecast_load,Forecasted Load,2026-08-16T07:22:13Z
2026-08-16T07:18:28Z,2026-08-16T09:18:28+0200,aaa9bd4d-7504-4e17-a444-f570127b5d4f,2026-08-12T13:00:00Z,2026-08-12T15:00:00+0200,6834.809,MW,NL,NL,forecast_load,Forecasted Load,2026-08-16T07:22:13Z
2026-08-16T07:18:28Z,2026-08-16T09:18:28+0200,aaa9bd4d-7504-4e17-a444-f570127b5d4f,2026-08-12T13:15:00Z,2026-08-12T15:15:00+0200,7095.97,MW,NL,NL,forecast_load,Forecasted Load,2026-08-16T07:22:13Z
2026-08-16T07:18:28Z,2026-08-16T09:18:28+0200,aaa9bd4d-7504-4e17-a444-f570127b5d4f,2026-08-12T13:30:00Z,2026-08-12T15:30:00+0200,7026.865,MW,NL,NL,forecast_load,Forecasted Load,2026-08-16T07:22:13Z
2026-08-16T07:18:28Z,2026-08-16T09:18:28+0200,aaa9bd4d-7504-4e17-a444-f570127b5d4f,2026-08-12T13:45:00Z,2026-08-12T15:45:00+0200,7017.233,MW,NL,NL,forecast_load,Forecasted Load,2026-08-16T07:22:13Z
2026-08-16T07:18:28Z,2026-08-16T09:18:28+0200,aaa9bd4d-7504-4e17-a444-f570127b5d4f,2026-08-12T14:00:00Z,2026-08-12T16:00:00+0200,7257.598,MW,NL,NL,forecast_load,Forecasted Load,2026-08-16T07:22:13Z
2026-08-16T07:18:28Z,2026-08-16T09:18:28+0200,aaa9bd4d-7504-4e17-a444-f570127b5d4f,2026-08-12T14:15:00Z,2026-08-12T16:15:00+0200,7375.971,MW,NL,NL,forecast_load,Forecasted Load,2026-08-16T07:22:13Z
2026-08-16T07:18:28Z,2026-08-16T09:18:28+0200,aaa9bd4d-7504-4e17-a444-f570127b5d4f,2026-08-12T14:30:00Z,2026-08-12T16:30:00+0200,7591.241,MW,NL,NL,forecast_load,Forecasted Load,2026-08-16T07:22:13Z
2026-08-16T07:18:28Z,2026-08-16T09:18:28+0200,aaa9bd4d-7504-4e17-a444-f570127b5d4f,2026-08-12T14:45:00Z,2026-08-12T16:45:00+0200,7735.76,MW,NL,NL,forecast_load,Forecasted Load,2026-08-16T07:22:13Z
2026-08-16T07:18:28Z,2026-08-16T09:18:28+0200,aaa9bd4d-7504-4e17-a444-f570127b5d4f,2026-08-12T15:00:00Z,2026-08-12T17:00:00+0200,8039.519,MW,NL,NL,forecast_load,Forecasted Load,2026-08-16T07:22:13Z
2026-08-16T07:18:28Z,2026-08-16T09:18:28+0200,aaa9bd4d-7504-4e17-a444-f570127b5d4f,2026-08-12T15:15:00Z,2026-08-12T17:15:00+0200,8321.908,MW,NL,NL,forecast_load,Forecasted Load,2026-08-16T07:22:13Z
2026-08-16T07:18:28Z,2026-08-16T09:18:28+0200,aaa9bd4d-7504-4e17-a444-f570127b5d4f,2026-08-12T15:30:00Z,2026-08-12T17:30:00+0200,8656.512,MW,NL,NL,forecast_load,Forecasted Load,2026-08-16T07:22:13Z
2026-08-16T07:18:28Z,2026-08-16T09:18:28+0200,aaa9bd4d-7504-4e17-a444-f570127b5d4f,2026-08-12T15:45:00Z,2026-08-12T17:45:00+0200,8957.575,MW,NL,NL,forecast_load,Forecasted Load,2026-08-16T07:22:13Z
2026-08-16T07:18:28Z,2026-08-16T09:18:28+0200,aaa9bd4d-7504-4e17-a444-f570127b5d4f,2026-08-12T16:00:00Z,2026-08-12T18:00:00+0200,9007.712,MW,NL,NL,forecast_load,Forecasted Load,2026-08-16T07:22:13Z
2026-08-16T07:18:28Z,2026-08-16T09:18:28+0200,aaa9bd4d-7504-4e17-a444-f570127b5d4f,2026-08-12T16:15:00Z,2026-08-12T18:15:00+0200,9326.054,MW,NL,NL,forecast_load,Forecasted Load,2026-08-16T07:22:13Z
2026-08-16T07:18:28Z,2026-08-16T09:18:28+0200,aaa9bd4d-7504-4e17-a444-f570127b5d4f,2026-08-12T16:30:00Z,2026-08-12T18:30:00+0200,9528.034,MW,NL,NL,forecast_load,Forecasted Load,2026-08-16T07:22:13Z
2026-08-16T07:18:28Z,2026-08-16T09:18:28+0200,aaa9bd4d-7504-4e17-a444-f570127b5d4f,2026-08-12T16:45:00Z,2026-08-12T18:45:00+0200,9764.467,MW,NL,NL,forecast_load,Forecasted Load,2026-08-16T07:22:13Z
2026-08-16T07:18:28Z,2026-08-16T09:18:28+0200,aaa9bd4d-7504-4e17-a444-f570127b5d4f,2026-08-12T17:00:00Z,2026-08-12T19:00:00+0200,10091.451,MW,NL,NL,forecast_load,Forecasted Load,2026-08-16T07:22:13Z
2026-08-16T07:18:28Z,2026-08-16T09:18:28+0200,aaa9bd4d-7504-4e17-a444-f570127b5d4f,2026-08-12T17:15:00Z,2026-08-12T19:15:00+0200,10454.219,MW,NL,NL,forecast_load,Forecasted Load,2026-08-16T07:22:13Z
2026-08-16T07:18:28Z,2026-08-16T09:18:28+0200,aaa9bd4d-7504-4e17-a444-f570127b5d4f,2026-08-12T17:30:00Z,2026-08-12T19:30:00+0200,10865.258,MW,NL,NL,forecast_load,Forecasted Load,2026-08-16T07:22:13Z
2026-08-16T07:18:28Z,2026-08-16T09:18:28+0200,aaa9bd4d-7504-4e17-a444-f570127b5d4f,2026-08-12T17:45:00Z,2026-08-12T19:45:00+0200,11099.421,MW,NL,NL,forecast_load,Forecasted Load,2026-08-16T07:22:13Z
2026-08-16T07:18:28Z,2026-08-16T09:18:28+0200,aaa9bd4d-7504-4e17-a444-f570127b5d4f,2026-08-12T18:00:00Z,2026-08-12T20:00:00+0200,11178.877,MW,NL,NL,forecast_load,Forecasted Load,2026-08-16T07:22:13Z
2026-08-16T07:18:28Z,2026-08-16T09:18:28+0200,aaa9bd4d-7504-4e17-a444-f570127b5d4f,2026-08-12T18:15:00Z,2026-08-12T20:15:00+0200,11321.645,MW,NL,NL,forecast_load,Forecasted Load,2026-08-16T07:22:13Z
2026-08-16T07:18:28Z,2026-08-16T09:18:28+0200,aaa9bd4d-7504-4e17-a444-f570127b5d4f,2026-08-12T18:30:00Z,2026-08-12T20:30:00+0200,11411.287,MW,NL,NL,forecast_load,Forecasted Load,2026-08-16T07:22:13Z
2026-08-16T07:18:28Z,2026-08-16T09:18:28+0200,aaa9bd4d-7504-4e17-a444-f570127b5d4f,2026-08-12T18:45:00Z,2026-08-12T20:45:00+0200,11510.294,MW,NL,NL,forecast_load,Forecasted Load,2026-08-16T07:22:13Z
2026-08-16T07:18:28Z,2026-08-16T09:18:28+0200,aaa9bd4d-7504-4e17-a444-f570127b5d4f,2026-08-12T19:00:00Z,2026-08-12T21:00:00+0200,11589.496,MW,NL,NL,forecast_load,Forecasted Load,2026-08-16T07:22:13Z
2026-08-16T07:18:28Z,2026-08-16T09:18:28+0200,aaa9bd4d-7504-4e17-a444-f570127b5d4f,2026-08-12T19:15:00Z,2026-08-12T21:15:00+0200,11876.97,MW,NL,NL,forecast_load,Forecasted Load,2026-08-16T07:22:13Z
2026-08-16T07:18:28Z,2026-08-16T09:18:28+0200,aaa9bd4d-7504-4e17-a444-f570127b5d4f,2026-08-12T19:30:00Z,2026-08-12T21:30:00+0200,11800.94,MW,NL,NL,forecast_load,Forecasted Load,2026-08-16T07:22:13Z
2026-08-16T07:18:28Z,2026-08-16T09:18:28+0200,aaa9bd4d-7504-4e17-a444-f570127b5d4f,2026-08-12T19:45:00Z,2026-08-12T21:45:00+0200,11801.005,MW,NL,NL,forecast_load,Forecasted Load,2026-08-16T07:22:13Z
2026-08-16T07:18:28Z,2026-08-16T09:18:28+0200,aaa9bd4d-7504-4e17-a444-f570127b5d4f,2026-08-12T20:00:00Z,2026-08-12T22:00:00+0200,11835.099,MW,NL,NL,forecast_load,Forecasted Load,2026-08-16T07:22:13Z
2026-08-16T07:18:28Z,2026-08-16T09:18:28+0200,aaa9bd4d-7504-4e17-a444-f570127b5d4f,2026-08-12T20:15:00Z,2026-08-12T22:15:00+0200,11747.024,MW,NL,NL,forecast_load,Forecasted Load,2026-08-16T07:22:13Z
2026-08-16T07:18:28Z,2026-08-16T09:18:28+0200,aaa9bd4d-7504-4e17-a444-f570127b5d4f,2026-08-12T20:30:00Z,2026-08-12T22:30:00+0200,11724.673,MW,NL,NL,forecast_load,Forecasted Load,2026-08-16T07:22:13Z
2026-08-16T07:18:28Z,2026-08-16T09:18:28+0200,aaa9bd4d-7504-4e17-a444-f570127b5d4f,2026-08-12T20:45:00Z,2026-08-12T22:45:00+0200,11641.535,MW,NL,NL,forecast_load,Forecasted Load,2026-08-16T07:22:13Z
2026-08-16T07:18:28Z,2026-08-16T09:18:28+0200,aaa9bd4d-7504-4e17-a444-f570127b5d4f,2026-08-12T21:00:00Z,2026-08-12T23:00:00+0200,11540.623,MW,NL,NL,forecast_load,Forecasted Load,2026-08-16T07:22:13Z
2026-08-16T07:18:28Z,2026-08-16T09:18:28+0200,aaa9bd4d-7504-4e17-a444-f570127b5d4f,2026-08-12T21:15:00Z,2026-08-12T23:15:00+0200,11423.961,MW,NL,NL,forecast_load,Forecasted Load,2026-08-16T07:22:13Z
2026-08-16T07:18:28Z,2026-08-16T09:18:28+0200,aaa9bd4d-7504-4e17-a444-f570127b5d4f,2026-08-12T21:30:00Z,2026-08-12T23:30:00+0200,11336.611,MW,NL,NL,forecast_load,Forecasted Load,2026-08-16T07:22:13Z
2026-08-16T07:18:28Z,2026-08-16T09:18:28+0200,aaa9bd4d-7504-4e17-a444-f570127b5d4f,2026-08-12T21:45:00Z,2026-08-12T23:45:00+0200,11201.694,MW,NL,NL,forecast_load,Forecasted Load,2026-08-16T07:22:13Z
2026-08-16T07:18:28Z,2026-08-16T09:18:28+0200,aaa9bd4d-7504-4e17-a444-f570127b5d4f,2026-08-12T22:00:00Z,2026-08-13T00:00:00+0200,11133.059,MW,NL,NL,forecast_load,Forecasted Load,2026-08-16T07:22:13Z
2026-08-16T07:18:28Z,2026-08-16T09:18:28+0200,aaa9bd4d-7504-4e17-a444-f570127b5d4f,2026-08-12T22:15:00Z,2026-08-13T00:15:00+0200,11138.972,MW,NL,NL,forecast_load,Forecasted Load,2026-08-16T07:22:13Z
2026-08-16T07:18:28Z,2026-08-16T09:18:28+0200,aaa9bd4d-7504-4e17-a444-f570127b5d4f,2026-08-12T22:30:00Z,2026-08-13T00:30:00+0200,10936.417,MW,NL,NL,forecast_load,Forecasted Load,2026-08-16T07:22:13Z
2026-08-16T07:18:28Z,2026-08-16T09:18:28+0200,aaa9bd4d-7504-4e17-a444-f570127b5d4f,2026-08-12T22:45:00Z,2026-08-13T00:45:00+0200,10691.357,MW,NL,NL,forecast_load,Forecasted Load,2026-08-16T07:22:13Z
2026-08-16T07:18:28Z,2026-08-16T09:18:28+0200,aaa9bd4d-7504-4e17-a444-f570127b5d4f,2026-08-12T23:00:00Z,2026-08-13T01:00:00+0200,10550.029,MW,NL,NL,forecast_load,Forecasted Load,2026-08-16T07:22:13Z
2026-08-16T07:18:28Z,2026-08-16T09:18:28+0200,aaa9bd4d-7504-4e17-a444-f570127b5d4f,2026-08-12T23:15:00Z,2026-08-13T01:15:00+0200,10448.585,MW,NL,NL,forecast_load,Forecasted Load,2026-08-16T07:22:13Z
2026-08-16T07:18:28Z,2026-08-16T09:18:28+0200,aaa9bd4d-7504-4e17-a444-f570127b5d4f,2026-08-12T23:30:00Z,2026-08-13T01:30:00+0200,10415.974,MW,NL,NL,forecast_load,Forecasted Load,2026-08-16T07:22:13Z
2026-08-16T07:18:28Z,2026-08-16T09:18:28+0200,aaa9bd4d-7504-4e17-a444-f570127b5d4f,2026-08-12T23:45:00Z,2026-08-13T01:45:00+0200,10310.272,MW,NL,NL,forecast_load,Forecasted Load,2026-08-16T07:22:13Z
2026-08-16T07:18:28Z,2026-08-16T09:18:28+0200,aaa9bd4d-7504-4e17-a444-f570127b5d4f,2026-08-13T00:00:00Z,2026-08-13T02:00:00+0200,10383.654,MW,NL,NL,forecast_load,Forecasted Load,2026-08-16T07:22:13Z
2026-08-16T07:18:28Z,2026-08-16T09:18:28+0200,aaa9bd4d-7504-4e17-a444-f570127b5d4f,2026-08-13T00:15:00Z,2026-08-13T02:15:00+0200,10371.518,MW,NL,NL,forecast_load,Forecasted Load,2026-08-16T07:22:13Z
2026-08-16T07:18:28Z,2026-08-16T09:18:28+0200,aaa9bd4d-7504-4e17-a444-f570127b5d4f,2026-08-13T00:30:00Z,2026-08-13T02:30:00+0200,10306.109,MW,NL,NL,forecast_load,Forecasted Load,2026-08-16T07:22:13Z
2026-08-16T07:18:28Z,2026-08-16T09:18:28+0200,aaa9bd4d-7504-4e17-a444-f570127b5d4f,2026-08-13T00:45:00Z,2026-08-13T02:45:00+0200,10229.389,MW,NL,NL,forecast_load,Forecasted Load,2026-08-16T07:22:13Z
2026-08-16T07:18:28Z,2026-08-16T09:18:28+0200,aaa9bd4d-7504-4e17-a444-f570127b5d4f,2026-08-13T01:00:00Z,2026-08-13T03:00:00+0200,10212.951,MW,NL,NL,forecast_load,Forecasted Load,2026-08-16T07:22:13Z
2026-08-16T07:18:28Z,2026-08-16T09:18:28+0200,aaa9bd4d-7504-4e17-a444-f570127b5d4f,2026-08-13T01:15:00Z,2026-08-13T03:15:00+0200,10134.675,MW,NL,NL,forecast_load,Forecasted Load,2026-08-16T07:22:13Z
2026-08-16T07:18:28Z,2026-08-16T09:18:28+0200,aaa9bd4d-7504-4e17-a444-f570127b5d4f,2026-08-13T01:30:00Z,2026-08-13T03:30:00+0200,10181.98,MW,NL,NL,forecast_load,Forecasted Load,2026-08-16T07:22:13Z
2026-08-16T07:18:28Z,2026-08-16T09:18:28+0200,aaa9bd4d-7504-4e17-a444-f570127b5d4f,2026-08-13T01:45:00Z,2026-08-13T03:45:00+0200,10189.991,MW,NL,NL,forecast_load,Forecasted Load,2026-08-16T07:22:13Z
2026-08-16T07:18:28Z,2026-08-16T09:18:28+0200,aaa9bd4d-7504-4e17-a444-f570127b5d4f,2026-08-13T02:00:00Z,2026-08-13T04:00:00+0200,10210.254,MW,NL,NL,forecast_load,Forecasted Load,2026-08-16T07:22:13Z
2026-08-16T07:18:28Z,2026-08-16T09:18:28+0200,aaa9bd4d-7504-4e17-a444-f570127b5d4f,2026-08-13T02:15:00Z,2026-08-13T04:15:00+0200,10282.154,MW,NL,NL,forecast_load,Forecasted Load,2026-08-16T07:22:13Z
2026-08-16T07:18:28Z,2026-08-16T09:18:28+0200,aaa9bd4d-7504-4e17-a444-f570127b5d4f,2026-08-13T02:30:00Z,2026-08-13T04:30:00+0200,10315.427,MW,NL,NL,forecast_load,Forecasted Load,2026-08-16T07:22:13Z
2026-08-16T07:18:28Z,2026-08-16T09:18:28+0200,aaa9bd4d-7504-4e17-a444-f570127b5d4f,2026-08-13T02:45:00Z,2026-08-13T04:45:00+0200,10263.543,MW,NL,NL,forecast_load,Forecasted Load,2026-08-16T07:22:13Z
2026-08-16T07:18:28Z,2026-08-16T09:18:28+0200,aaa9bd4d-7504-4e17-a444-f570127b5d4f,2026-08-13T03:00:00Z,2026-08-13T05:00:00+0200,10179.275,MW,NL,NL,forecast_load,Forecasted Load,2026-08-16T07:22:13Z
2026-08-16T07:18:28Z,2026-08-16T09:18:28+0200,aaa9bd4d-7504-4e17-a444-f570127b5d4f,2026-08-13T03:15:00Z,2026-08-13T05:15:00+0200,10296.208,MW,NL,NL,forecast_load,Forecasted Load,2026-08-16T07:22:13Z
2026-08-16T07:18:28Z,2026-08-16T09:18:28+0200,aaa9bd4d-7504-4e17-a444-f570127b5d4f,2026-08-13T03:30:00Z,2026-08-13T05:30:00+0200,10310.934,MW,NL,NL,forecast_load,Forecasted Load,2026-08-16T07:22:13Z
2026-08-16T07:18:28Z,2026-08-16T09:18:28+0200,aaa9bd4d-7504-4e17-a444-f570127b5d4f,2026-08-13T03:45:00Z,2026-08-13T05:45:00+0200,10353.638,MW,NL,NL,forecast_load,Forecasted Load,2026-08-16T07:22:13Z
2026-08-16T07:18:28Z,2026-08-16T09:18:28+0200,aaa9bd4d-7504-4e17-a444-f570127b5d4f,2026-08-13T04:00:00Z,2026-08-13T06:00:00+0200,10449.64,MW,NL,NL,forecast_load,Forecasted Load,2026-08-16T07:22:13Z
2026-08-16T07:18:28Z,2026-08-16T09:18:28+0200,aaa9bd4d-7504-4e17-a444-f570127b5d4f,2026-08-13T04:15:00Z,2026-08-13T06:15:00+0200,10596.448,MW,NL,NL,forecast_load,Forecasted Load,2026-08-16T07:22:13Z
2026-08-16T07:18:28Z,2026-08-16T09:18:28+0200,aaa9bd4d-7504-4e17-a444-f570127b5d4f,2026-08-13T04:30:00Z,2026-08-13T06:30:00+0200,10643.51,MW,NL,NL,forecast_load,Forecasted Load,2026-08-16T07:22:13Z
2026-08-16T07:18:28Z,2026-08-16T09:18:28+0200,aaa9bd4d-7504-4e17-a444-f570127b5d4f,2026-08-13T04:45:00Z,2026-08-13T06:45:00+0200,10643.333,MW,NL,NL,forecast_load,Forecasted Load,2026-08-16T07:22:13Z
2026-08-16T07:18:28Z,2026-08-16T09:18:28+0200,aaa9bd4d-7504-4e17-a444-f570127b5d4f,2026-08-13T05:00:00Z,2026-08-13T07:00:00+0200,10725.765,MW,NL,NL,forecast_load,Forecasted Load,2026-08-16T07:22:13Z
2026-08-16T07:18:28Z,2026-08-16T09:18:28+0200,aaa9bd4d-7504-4e17-a444-f570127b5d4f,2026-08-13T05:15:00Z,2026-08-13T07:15:00+0200,10594.887,MW,NL,NL,forecast_load,Forecasted Load,2026-08-16T07:22:13Z
2026-08-16T07:18:28Z,2026-08-16T09:18:28+0200,aaa9bd4d-7504-4e17-a444-f570127b5d4f,2026-08-13T05:30:00Z,2026-08-13T07:30:00+0200,10505.929,MW,NL,NL,forecast_load,Forecasted Load,2026-08-16T07:22:13Z
2026-08-16T07:18:28Z,2026-08-16T09:18:28+0200,aaa9bd4d-7504-4e17-a444-f570127b5d4f,2026-08-13T05:45:00Z,2026-08-13T07:45:00+0200,10453.586,MW,NL,NL,forecast_load,Forecasted Load,2026-08-16T07:22:13Z
2026-08-16T07:18:28Z,2026-08-16T09:18:28+0200,aaa9bd4d-7504-4e17-a444-f570127b5d4f,2026-08-13T06:00:00Z,2026-08-13T08:00:00+0200,10576.452,MW,NL,NL,forecast_load,Forecasted Load,2026-08-16T07:22:13Z
2026-08-16T07:18:28Z,2026-08-16T09:18:28+0200,aaa9bd4d-7504-4e17-a444-f570127b5d4f,2026-08-13T06:15:00Z,2026-08-13T08:15:00+0200,10372.69,MW,NL,NL,forecast_load,Forecasted Load,2026-08-16T07:22:13Z
2026-08-16T07:18:28Z,2026-08-16T09:18:28+0200,aaa9bd4d-7504-4e17-a444-f570127b5d4f,2026-08-13T06:30:00Z,2026-08-13T08:30:00+0200,10276.068,MW,NL,NL,forecast_load,Forecasted Load,2026-08-16T07:22:13Z
2026-08-16T07:18:28Z,2026-08-16T09:18:28+0200,aaa9bd4d-7504-4e17-a444-f570127b5d4f,2026-08-13T06:45:00Z,2026-08-13T08:45:00+0200,10220.468,MW,NL,NL,forecast_load,Forecasted Load,2026-08-16T07:22:13Z
2026-08-16T07:18:28Z,2026-08-16T09:18:28+0200,aaa9bd4d-7504-4e17-a444-f570127b5d4f,2026-08-13T07:00:00Z,2026-08-13T09:00:00+0200,9938.341,MW,NL,NL,forecast_load,Forecasted Load,2026-08-16T07:22:13Z
2026-08-16T07:18:28Z,2026-08-16T09:18:28+0200,aaa9bd4d-7504-4e17-a444-f570127b5d4f,2026-08-13T07:15:00Z,2026-08-13T09:15:00+0200,9706.541,MW,NL,NL,forecast_load,Forecasted Load,2026-08-16T07:22:13Z
2026-08-16T07:18:28Z,2026-08-16T09:18:28+0200,aaa9bd4d-7504-4e17-a444-f570127b5d4f,2026-08-13T07:30:00Z,2026-08-13T09:30:00+0200,9373.824,MW,NL,NL,forecast_load,Forecasted Load,2026-08-16T07:22:13Z
2026-08-16T07:18:28Z,2026-08-16T09:18:28+0200,aaa9bd4d-7504-4e17-a444-f570127b5d4f,2026-08-13T07:45:00Z,2026-08-13T09:45:00+0200,9049.099,MW,NL,NL,forecast_load,Forecasted Load,2026-08-16T07:22:13Z
2026-08-16T07:18:28Z,2026-08-16T09:18:28+0200,aaa9bd4d-7504-4e17-a444-f570127b5d4f,2026-08-13T08:00:00Z,2026-08-13T10:00:00+0200,8753.748,MW,NL,NL,forecast_load,Forecasted Load,2026-08-16T07:22:13Z
2026-08-16T07:18:28Z,2026-08-16T09:18:28+0200,aaa9bd4d-7504-4e17-a444-f570127b5d4f,2026-08-13T08:15:00Z,2026-08-13T10:15:00+0200,8474.167,MW,NL,NL,forecast_load,Forecasted Load,2026-08-16T07:22:13Z
2026-08-16T07:18:28Z,2026-08-16T09:18:28+0200,aaa9bd4d-7504-4e17-a444-f570127b5d4f,2026-08-13T08:30:00Z,2026-08-13T10:30:00+0200,8199.993,MW,NL,NL,forecast_load,Forecasted Load,2026-08-16T07:22:13Z
2026-08-16T07:18:28Z,2026-08-16T09:18:28+0200,aaa9bd4d-7504-4e17-a444-f570127b5d4f,2026-08-13T08:45:00Z,2026-08-13T10:45:00+0200,8013.749,MW,NL,NL,forecast_load,Forecasted Load,2026-08-16T07:22:13Z
2026-08-16T07:18:28Z,2026-08-16T09:18:28+0200,aaa9bd4d-7504-4e17-a444-f570127b5d4f,2026-08-13T09:00:00Z,2026-08-13T11:00:00+0200,7894.19,MW,NL,NL,forecast_load,Forecasted Load,2026-08-16T07:22:13Z
2026-08-16T07:18:28Z,2026-08-16T09:18:28+0200,aaa9bd4d-7504-4e17-a444-f570127b5d4f,2026-08-13T09:15:00Z,2026-08-13T11:15:00+0200,7794.483,MW,NL,NL,forecast_load,Forecasted Load,2026-08-16T07:22:13Z
2026-08-16T07:18:28Z,2026-08-16T09:18:28+0200,aaa9bd4d-7504-4e17-a444-f570127b5d4f,2026-08-13T09:30:00Z,2026-08-13T11:30:00+0200,7631.499,MW,NL,NL,forecast_load,Forecasted Load,2026-08-16T07:22:13Z
2026-08-16T07:18:28Z,2026-08-16T09:18:28+0200,aaa9bd4d-7504-4e17-a444-f570127b5d4f,2026-08-13T09:45:00Z,2026-08-13T11:45:00+0200,7560.385,MW,NL,NL,forecast_load,Forecasted Load,2026-08-16T07:22:13Z
2026-08-16T07:18:28Z,2026-08-16T09:18:28+0200,aaa9bd4d-7504-4e17-a444-f570127b5d4f,2026-08-13T10:00:00Z,2026-08-13T12:00:00+0200,7570.869,MW,NL,NL,forecast_load,Forecasted Load,2026-08-16T07:22:13Z
2026-08-16T07:18:28Z,2026-08-16T09:18:28+0200,aaa9bd4d-7504-4e17-a444-f570127b5d4f,2026-08-13T10:15:00Z,2026-08-13T12:15:00+0200,7500.36,MW,NL,NL,forecast_load,Forecasted Load,2026-08-16T07:22:13Z
2026-08-16T07:18:28Z,2026-08-16T09:18:28+0200,aaa9bd4d-7504-4e17-a444-f570127b5d4f,2026-08-13T10:30:00Z,2026-08-13T12:30:00+0200,7353.888,MW,NL,NL,forecast_load,Forecasted Load,2026-08-16T07:22:13Z
2026-08-16T07:18:28Z,2026-08-16T09:18:28+0200,aaa9bd4d-7504-4e17-a444-f570127b5d4f,2026-08-13T10:45:00Z,2026-08-13T12:45:00+0200,7372.579,MW,NL,NL,forecast_load,Forecasted Load,2026-08-16T07:22:13Z
2026-08-16T07:18:28Z,2026-08-16T09:18:28+0200,aaa9bd4d-7504-4e17-a444-f570127b5d4f,2026-08-13T11:00:00Z,2026-08-13T13:00:00+0200,7391.12,MW,NL,NL,forecast_load,Forecasted Load,2026-08-16T07:22:13Z
2026-08-16T07:18:28Z,2026-08-16T09:18:28+0200,aaa9bd4d-7504-4e17-a444-f570127b5d4f,2026-08-13T11:15:00Z,2026-08-13T13:15:00+0200,7486.496,MW,NL,NL,forecast_load,Forecasted Load,2026-08-16T07:22:13Z
2026-08-16T07:18:28Z,2026-08-16T09:18:28+0200,aaa9bd4d-7504-4e17-a444-f570127b5d4f,2026-08-13T11:30:00Z,2026-08-13T13:30:00+0200,7533.083,MW,NL,NL,forecast_load,Forecasted Load,2026-08-16T07:22:13Z
2026-08-16T07:18:28Z,2026-08-16T09:18:28+0200,aaa9bd4d-7504-4e17-a444-f570127b5d4f,2026-08-13T11:45:00Z,2026-08-13T13:45:00+0200,7779.137,MW,NL,NL,forecast_load,Forecasted Load,2026-08-16T07:22:13Z
2026-08-16T07:18:28Z,2026-08-16T09:18:28+0200,aaa9bd4d-7504-4e17-a444-f570127b5d4f,2026-08-13T12:00:00Z,2026-08-13T14:00:00+0200,7884.493,MW,NL,NL,forecast_load,Forecasted Load,2026-08-16T07:22:13Z
2026-08-16T07:18:28Z,2026-08-16T09:18:28+0200,aaa9bd4d-7504-4e17-a444-f570127b5d4f,2026-08-13T12:15:00Z,2026-08-13T14:15:00+0200,8259.666,MW,NL,NL,forecast_load,Forecasted Load,2026-08-16T07:22:13Z
2026-08-16T07:18:28Z,2026-08-16T09:18:28+0200,aaa9bd4d-7504-4e17-a444-f570127b5d4f,2026-08-13T12:30:00Z,2026-08-13T14:30:00+0200,8467.717,MW,NL,NL,forecast_load,Forecasted Load,2026-08-16T07:22:13Z
2026-08-16T07:18:28Z,2026-08-16T09:18:28+0200,aaa9bd4d-7504-4e17-a444-f570127b5d4f,2026-08-13T12:45:00Z,2026-08-13T14:45:00+0200,8533.108,MW,NL,NL,forecast_load,Forecasted Load,2026-08-16T07:22:13Z
2026-08-16T07:18:28Z,2026-08-16T09:18:28+0200,aaa9bd4d-7504-4e17-a444-f570127b5d4f,2026-08-13T13:00:00Z,2026-08-13T15:00:00+0200,8659.439,MW,NL,NL,forecast_load,Forecasted Load,2026-08-16T07:22:13Z
2026-08-16T07:18:28Z,2026-08-16T09:18:28+0200,aaa9bd4d-7504-4e17-a444-f570127b5d4f,2026-08-13T13:15:00Z,2026-08-13T15:15:00+0200,8819.69,MW,NL,NL,forecast_load,Forecasted Load,2026-08-16T07:22:13Z
2026-08-16T07:18:28Z,2026-08-16T09:18:28+0200,aaa9bd4d-7504-4e17-a444-f570127b5d4f,2026-08-13T13:30:00Z,2026-08-13T15:30:00+0200,8993.74,MW,NL,NL,forecast_load,Forecasted Load,2026-08-16T07:22:13Z
2026-08-16T07:18:28Z,2026-08-16T09:18:28+0200,aaa9bd4d-7504-4e17-a444-f570127b5d4f,2026-08-13T13:45:00Z,2026-08-13T15:45:00+0200,9032.521,MW,NL,NL,forecast_load,Forecasted Load,2026-08-16T07:22:13Z
2026-08-16T07:18:28Z,2026-08-16T09:18:28+0200,aaa9bd4d-7504-4e17-a444-f570127b5d4f,2026-08-13T14:00:00Z,2026-08-13T16:00:00+0200,9204.203,MW,NL,NL,forecast_load,Forecasted Load,2026-08-16T07:22:13Z
2026-08-16T07:18:28Z,2026-08-16T09:18:28+0200,aaa9bd4d-7504-4e17-a444-f570127b5d4f,2026-08-13T14:15:00Z,2026-08-13T16:15:00+0200,9525.701,MW,NL,NL,forecast_load,Forecasted Load,2026-08-16T07:22:13Z
2026-08-16T07:18:28Z,2026-08-16T09:18:28+0200,aaa9bd4d-7504-4e17-a444-f570127b5d4f,2026-08-13T14:30:00Z,2026-08-13T16:30:00+0200,9590.667,MW,NL,NL,forecast_load,Forecasted Load,2026-08-16T07:22:13Z
2026-08-16T07:18:28Z,2026-08-16T09:18:28+0200,aaa9bd4d-7504-4e17-a444-f570127b5d4f,2026-08-13T14:45:00Z,2026-08-13T16:45:00+0200,9626.448,MW,NL,NL,forecast_load,Forecasted Load,2026-08-16T07:22:13Z
2026-08-16T07:18:28Z,2026-08-16T09:18:28+0200,aaa9bd4d-7504-4e17-a444-f570127b5d4f,2026-08-13T15:00:00Z,2026-08-13T17:00:00+0200,9696.512,MW,NL,NL,forecast_load,Forecasted Load,2026-08-16T07:22:13Z
2026-08-16T07:18:28Z,2026-08-16T09:18:28+0200,aaa9bd4d-7504-4e17-a444-f570127b5d4f,2026-08-13T15:15:00Z,2026-08-13T17:15:00+0200,10048.996,MW,NL,NL,forecast_load,Forecasted Load,2026-08-16T07:22:13Z
2026-08-16T07:18:28Z,2026-08-16T09:18:28+0200,aaa9bd4d-7504-4e17-a444-f570127b5d4f,2026-08-13T15:30:00Z,2026-08-13T17:30:00+0200,10051.806,MW,NL,NL,forecast_load,Forecasted Load,2026-08-16T07:22:13Z
2026-08-16T07:18:28Z,2026-08-16T09:18:28+0200,aaa9bd4d-7504-4e17-a444-f570127b5d4f,2026-08-13T15:45:00Z,2026-08-13T17:45:00+0200,10166.028,MW,NL,NL,forecast_load,Forecasted Load,2026-08-16T07:22:13Z
2026-08-16T07:18:28Z,2026-08-16T09:18:28+0200,aaa9bd4d-7504-4e17-a444-f570127b5d4f,2026-08-13T16:00:00Z,2026-08-13T18:00:00+0200,10283.094,MW,NL,NL,forecast_load,Forecasted Load,2026-08-16T07:22:13Z
2026-08-16T07:18:28Z,2026-08-16T09:18:28+0200,aaa9bd4d-7504-4e17-a444-f570127b5d4f,2026-08-13T16:15:00Z,2026-08-13T18:15:00+0200,10364.39,MW,NL,NL,forecast_load,Forecasted Load,2026-08-16T07:22:13Z
2026-08-16T07:18:28Z,2026-08-16T09:18:28+0200,aaa9bd4d-7504-4e17-a444-f570127b5d4f,2026-08-13T16:30:00Z,2026-08-13T18:30:00+0200,10425.756,MW,NL,NL,forecast_load,Forecasted Load,2026-08-16T07:22:13Z
2026-08-16T07:18:28Z,2026-08-16T09:18:28+0200,aaa9bd4d-7504-4e17-a444-f570127b5d4f,2026-08-13T16:45:00Z,2026-08-13T18:45:00+0200,10546.81,MW,NL,NL,forecast_load,Forecasted Load,2026-08-16T07:22:13Z
2026-08-16T07:18:28Z,2026-08-16T09:18:28+0200,aaa9bd4d-7504-4e17-a444-f570127b5d4f,2026-08-13T17:00:00Z,2026-08-13T19:00:00+0200,10634.833,MW,NL,NL,forecast_load,Forecasted Load,2026-08-16T07:22:13Z
2026-08-16T07:18:28Z,2026-08-16T09:18:28+0200,aaa9bd4d-7504-4e17-a444-f570127b5d4f,2026-08-13T17:15:00Z,2026-08-13T19:15:00+0200,11002.153,MW,NL,NL,forecast_load,Forecasted Load,2026-08-16T07:22:13Z
2026-08-16T07:18:28Z,2026-08-16T09:18:28+0200,aaa9bd4d-7504-4e17-a444-f570127b5d4f,2026-08-13T17:30:00Z,2026-08-13T19:30:00+0200,11140.394,MW,NL,NL,forecast_load,Forecasted Load,2026-08-16T07:22:13Z
2026-08-16T07:18:28Z,2026-08-16T09:18:28+0200,aaa9bd4d-7504-4e17-a444-f570127b5d4f,2026-08-13T17:45:00Z,2026-08-13T19:45:00+0200,11302.061,MW,NL,NL,forecast_load,Forecasted Load,2026-08-16T07:22:13Z
2026-08-16T07:18:28Z,2026-08-16T09:18:28+0200,aaa9bd4d-7504-4e17-a444-f570127b5d4f,2026-08-13T18:00:00Z,2026-08-13T20:00:00+0200,11474.457,MW,NL,NL,forecast_load,Forecasted Load,2026-08-16T07:22:13Z
2026-08-16T07:18:28Z,2026-08-16T09:18:28+0200,aaa9bd4d-7504-4e17-a444-f570127b5d4f,2026-08-13T18:15:00Z,2026-08-13T20:15:00+0200,11619.906,MW,NL,NL,forecast_load,Forecasted Load,2026-08-16T07:22:13Z
2026-08-16T07:18:28Z,2026-08-16T09:18:28+0200,aaa9bd4d-7504-4e17-a444-f570127b5d4f,2026-08-13T18:30:00Z,2026-08-13T20:30:00+0200,11874.635,MW,NL,NL,forecast_load,Forecasted Load,2026-08-16T07:22:13Z
2026-08-16T07:18:28Z,2026-08-16T09:18:28+0200,aaa9bd4d-7504-4e17-a444-f570127b5d4f,2026-08-13T18:45:00Z,2026-08-13T20:45:00+0200,12022.918,MW,NL,NL,forecast_load,Forecasted Load,2026-08-16T07:22:13Z
2026-08-16T07:18:28Z,2026-08-16T09:18:28+0200,aaa9bd4d-7504-4e17-a444-f570127b5d4f,2026-08-13T19:00:00Z,2026-08-13T21:00:00+0200,12060.048,MW,NL,NL,forecast_load,Forecasted Load,2026-08-16T07:22:13Z
2026-08-16T07:18:28Z,2026-08-16T09:18:28+0200,aaa9bd4d-7504-4e17-a444-f570127b5d4f,2026-08-13T19:15:00Z,2026-08-13T21:15:00+0200,11907.094,MW,NL,NL,forecast_load,Forecasted Load,2026-08-16T07:22:13Z
2026-08-16T07:18:28Z,2026-08-16T09:18:28+0200,aaa9bd4d-7504-4e17-a444-f570127b5d4f,2026-08-13T19:30:00Z,2026-08-13T21:30:00+0200,11976.964,MW,NL,NL,forecast_load,Forecasted Load,2026-08-16T07:22:13Z
2026-08-16T07:18:28Z,2026-08-16T09:18:28+0200,aaa9bd4d-7504-4e17-a444-f570127b5d4f,2026-08-13T19:45:00Z,2026-08-13T21:45:00+0200,12017.822,MW,NL,NL,forecast_load,Forecasted Load,2026-08-16T07:22:13Z
2026-08-16T07:18:28Z,2026-08-16T09:18:28+0200,aaa9bd4d-7504-4e17-a444-f570127b5d4f,2026-08-13T20:00:00Z,2026-08-13T22:00:00+0200,12161.726,MW,NL,NL,forecast_load,Forecasted Load,2026-08-16T07:22:13Z
2026-08-16T07:18:28Z,2026-08-16T09:18:28+0200,aaa9bd4d-7504-4e17-a444-f570127b5d4f,2026-08-13T20:15:00Z,2026-08-13T22:15:00+0200,12016.215,MW,NL,NL,forecast_load,Forecasted Load,2026-08-16T07:22:13Z
2026-08-16T07:18:28Z,2026-08-16T09:18:28+0200,aaa9bd4d-7504-4e17-a444-f570127b5d4f,2026-08-13T20:30:00Z,2026-08-13T22:30:00+0200,11961.588,MW,NL,NL,forecast_load,Forecasted Load,2026-08-16T07:22:13Z
2026-08-16T07:18:28Z,2026-08-16T09:18:28+0200,aaa9bd4d-7504-4e17-a444-f570127b5d4f,2026-08-13T20:45:00Z,2026-08-13T22:45:00+0200,11849.316,MW,NL,NL,forecast_load,Forecasted Load,2026-08-16T07:22:13Z
2026-08-16T07:18:28Z,2026-08-16T09:18:28+0200,aaa9bd4d-7504-4e17-a444-f570127b5d4f,2026-08-13T21:00:00Z,2026-08-13T23:00:00+0200,11772.589,MW,NL,NL,forecast_load,Forecasted Load,2026-08-16T07:22:13Z
2026-08-16T07:18:28Z,2026-08-16T09:18:28+0200,aaa9bd4d-7504-4e17-a444-f570127b5d4f,2026-08-13T21:15:00Z,2026-08-13T23:15:00+0200,11641.175,MW,NL,NL,forecast_load,Forecasted Load,2026-08-16T07:22:13Z
2026-08-16T07:18:28Z,2026-08-16T09:18:28+0200,aaa9bd4d-7504-4e17-a444-f570127b5d4f,2026-08-13T21:30:00Z,2026-08-13T23:30:00+0200,11598.509,MW,NL,NL,forecast_load,Forecasted Load,2026-08-16T07:22:13Z
2026-08-16T07:18:28Z,2026-08-16T09:18:28+0200,aaa9bd4d-7504-4e17-a444-f570127b5d4f,2026-08-13T21:45:00Z,2026-08-13T23:45:00+0200,11502.928,MW,NL,NL,forecast_load,Forecasted Load,2026-08-16T07:22:13Z
2026-08-16T07:18:28Z,2026-08-16T09:18:28+0200,aaa9bd4d-7504-4e17-a444-f570127b5d4f,2026-08-13T22:00:00Z,2026-08-14T00:00:00+0200,11453.07,MW,NL,NL,forecast_load,Forecasted Load,2026-08-16T07:22:13Z
2026-08-16T07:18:28Z,2026-08-16T09:18:28+0200,aaa9bd4d-7504-4e17-a444-f570127b5d4f,2026-08-13T22:15:00Z,2026-08-14T00:15:00+0200,11482.721,MW,NL,NL,forecast_load,Forecasted Load,2026-08-16T07:22:13Z
2026-08-16T07:18:28Z,2026-08-16T09:18:28+0200,aaa9bd4d-7504-4e17-a444-f570127b5d4f,2026-08-13T22:30:00Z,2026-08-14T00:30:00+0200,11416.329,MW,NL,NL,forecast_load,Forecasted Load,2026-08-16T07:22:13Z
2026-08-16T07:18:28Z,2026-08-16T09:18:28+0200,aaa9bd4d-7504-4e17-a444-f570127b5d4f,2026-08-13T22:45:00Z,2026-08-14T00:45:00+0200,11351.32,MW,NL,NL,forecast_load,Forecasted Load,2026-08-16T07:22:13Z
2026-08-16T07:18:28Z,2026-08-16T09:18:28+0200,aaa9bd4d-7504-4e17-a444-f570127b5d4f,2026-08-13T23:00:00Z,2026-08-14T01:00:00+0200,11274.702,MW,NL,NL,forecast_load,Forecasted Load,2026-08-16T07:22:13Z
2026-08-16T07:18:28Z,2026-08-16T09:18:28+0200,aaa9bd4d-7504-4e17-a444-f570127b5d4f,2026-08-13T23:15:00Z,2026-08-14T01:15:00+0200,11210.052,MW,NL,NL,forecast_load,Forecasted Load,2026-08-16T07:22:13Z
2026-08-16T07:18:28Z,2026-08-16T09:18:28+0200,aaa9bd4d-7504-4e17-a444-f570127b5d4f,2026-08-13T23:30:00Z,2026-08-14T01:30:00+0200,11131.626,MW,NL,NL,forecast_load,Forecasted Load,2026-08-16T07:22:13Z
2026-08-16T07:18:28Z,2026-08-16T09:18:28+0200,aaa9bd4d-7504-4e17-a444-f570127b5d4f,2026-08-13T23:45:00Z,2026-08-14T01:45:00+0200,11056.857,MW,NL,NL,forecast_load,Forecasted Load,2026-08-16T07:22:13Z
2026-08-16T07:18:28Z,2026-08-16T09:18:28+0200,aaa9bd4d-7504-4e17-a444-f570127b5d4f,2026-08-14T00:00:00Z,2026-08-14T02:00:00+0200,11018.973,MW,NL,NL,forecast_load,Forecasted Load,2026-08-16T07:22:13Z
2026-08-16T07:18:28Z,2026-08-16T09:18:28+0200,aaa9bd4d-7504-4e17-a444-f570127b5d4f,2026-08-14T00:15:00Z,2026-08-14T02:15:00+0200,10993.523,MW,NL,NL,forecast_load,Forecasted Load,2026-08-16T07:22:13Z
2026-08-16T07:18:28Z,2026-08-16T09:18:28+0200,aaa9bd4d-7504-4e17-a444-f570127b5d4f,2026-08-14T00:30:00Z,2026-08-14T02:30:00+0200,10928.907,MW,NL,NL,forecast_load,Forecasted Load,2026-08-16T07:22:13Z
2026-08-16T07:18:28Z,2026-08-16T09:18:28+0200,aaa9bd4d-7504-4e17-a444-f570127b5d4f,2026-08-14T00:45:00Z,2026-08-14T02:45:00+0200,10875.646,MW,NL,NL,forecast_load,Forecasted Load,2026-08-16T07:22:13Z
2026-08-16T07:18:28Z,2026-08-16T09:18:28+0200,aaa9bd4d-7504-4e17-a444-f570127b5d4f,2026-08-14T01:00:00Z,2026-08-14T03:00:00+0200,10858.116,MW,NL,NL,forecast_load,Forecasted Load,2026-08-16T07:22:13Z
2026-08-16T07:18:28Z,2026-08-16T09:18:28+0200,aaa9bd4d-7504-4e17-a444-f570127b5d4f,2026-08-14T01:15:00Z,2026-08-14T03:15:00+0200,10883.482,MW,NL,NL,forecast_load,Forecasted Load,2026-08-16T07:22:13Z
2026-08-16T07:18:28Z,2026-08-16T09:18:28+0200,aaa9bd4d-7504-4e17-a444-f570127b5d4f,2026-08-14T01:30:00Z,2026-08-14T03:30:00+0200,10886.109,MW,NL,NL,forecast_load,Forecasted Load,2026-08-16T07:22:13Z
2026-08-16T07:18:28Z,2026-08-16T09:18:28+0200,aaa9bd4d-7504-4e17-a444-f570127b5d4f,2026-08-14T01:45:00Z,2026-08-14T03:45:00+0200,10868.189,MW,NL,NL,forecast_load,Forecasted Load,2026-08-16T07:22:13Z
2026-08-16T07:18:28Z,2026-08-16T09:18:28+0200,aaa9bd4d-7504-4e17-a444-f570127b5d4f,2026-08-14T02:00:00Z,2026-08-14T04:00:00+0200,10873.3,MW,NL,NL,forecast_load,Forecasted Load,2026-08-16T07:22:13Z
2026-08-16T07:18:28Z,2026-08-16T09:18:28+0200,aaa9bd4d-7504-4e17-a444-f570127b5d4f,2026-08-14T02:15:00Z,2026-08-14T04:15:00+0200,10851.674,MW,NL,NL,forecast_load,Forecasted Load,2026-08-16T07:22:13Z
2026-08-16T07:18:28Z,2026-08-16T09:18:28+0200,aaa9bd4d-7504-4e17-a444-f570127b5d4f,2026-08-14T02:30:00Z,2026-08-14T04:30:00+0200,10811.287,MW,NL,NL,forecast_load,Forecasted Load,2026-08-16T07:22:13Z
2026-08-16T07:18:28Z,2026-08-16T09:18:28+0200,aaa9bd4d-7504-4e17-a444-f570127b5d4f,2026-08-14T02:45:00Z,2026-08-14T04:45:00+0200,10813.826,MW,NL,NL,forecast_load,Forecasted Load,2026-08-16T07:22:13Z
2026-08-16T07:18:28Z,2026-08-16T09:18:28+0200,aaa9bd4d-7504-4e17-a444-f570127b5d4f,2026-08-14T03:00:00Z,2026-08-14T05:00:00+0200,10801.685,MW,NL,NL,forecast_load,Forecasted Load,2026-08-16T07:22:13Z
2026-08-16T07:18:28Z,2026-08-16T09:18:28+0200,aaa9bd4d-7504-4e17-a444-f570127b5d4f,2026-08-14T03:15:00Z,2026-08-14T05:15:00+0200,10850.116,MW,NL,NL,forecast_load,Forecasted Load,2026-08-16T07:22:13Z
2026-08-16T07:18:28Z,2026-08-16T09:18:28+0200,aaa9bd4d-7504-4e17-a444-f570127b5d4f,2026-08-14T03:30:00Z,2026-08-14T05:30:00+0200,10804.043,MW,NL,NL,forecast_load,Forecasted Load,2026-08-16T07:22:13Z
2026-08-16T07:18:28Z,2026-08-16T09:18:28+0200,aaa9bd4d-7504-4e17-a444-f570127b5d4f,2026-08-14T03:45:00Z,2026-08-14T05:45:00+0200,10866.356,MW,NL,NL,forecast_load,Forecasted Load,2026-08-16T07:22:13Z
2026-08-16T07:18:28Z,2026-08-16T09:18:28+0200,aaa9bd4d-7504-4e17-a444-f570127b5d4f,2026-08-14T04:00:00Z,2026-08-14T06:00:00+0200,10927.872,MW,NL,NL,forecast_load,Forecasted Load,2026-08-16T07:22:13Z
2026-08-16T07:18:28Z,2026-08-16T09:18:28+0200,aaa9bd4d-7504-4e17-a444-f570127b5d4f,2026-08-14T04:15:00Z,2026-08-14T06:15:00+0200,10945.677,MW,NL,NL,forecast_load,Forecasted Load,2026-08-16T07:22:13Z
2026-08-16T07:18:28Z,2026-08-16T09:18:28+0200,aaa9bd4d-7504-4e17-a444-f570127b5d4f,2026-08-14T04:30:00Z,2026-08-14T06:30:00+0200,10940.98,MW,NL,NL,forecast_load,Forecasted Load,2026-08-16T07:22:13Z
2026-08-16T07:18:28Z,2026-08-16T09:18:28+0200,aaa9bd4d-7504-4e17-a444-f570127b5d4f,2026-08-14T04:45:00Z,2026-08-14T06:45:00+0200,11004.064,MW,NL,NL,forecast_load,Forecasted Load,2026-08-16T07:22:13Z
2026-08-16T07:18:28Z,2026-08-16T09:18:28+0200,aaa9bd4d-7504-4e17-a444-f570127b5d4f,2026-08-14T05:00:00Z,2026-08-14T07:00:00+0200,11101.269,MW,NL,NL,forecast_load,Forecasted Load,2026-08-16T07:22:13Z
2026-08-16T07:18:28Z,2026-08-16T09:18:28+0200,aaa9bd4d-7504-4e17-a444-f570127b5d4f,2026-08-14T05:15:00Z,2026-08-14T07:15:00+0200,10933.71,MW,NL,NL,forecast_load,Forecasted Load,2026-08-16T07:22:13Z
2026-08-16T07:18:28Z,2026-08-16T09:18:28+0200,aaa9bd4d-7504-4e17-a444-f570127b5d4f,2026-08-14T05:30:00Z,2026-08-14T07:30:00+0200,10931.826,MW,NL,NL,forecast_load,Forecasted Load,2026-08-16T07:22:13Z
2026-08-16T07:18:28Z,2026-08-16T09:18:28+0200,aaa9bd4d-7504-4e17-a444-f570127b5d4f,2026-08-14T05:45:00Z,2026-08-14T07:45:00+0200,10917.188,MW,NL,NL,forecast_load,Forecasted Load,2026-08-16T07:22:13Z
2026-08-16T07:18:28Z,2026-08-16T09:18:28+0200,aaa9bd4d-7504-4e17-a444-f570127b5d4f,2026-08-14T06:00:00Z,2026-08-14T08:00:00+0200,10960.835,MW,NL,NL,forecast_load,Forecasted Load,2026-08-16T07:22:13Z
2026-08-16T07:18:28Z,2026-08-16T09:18:28+0200,aaa9bd4d-7504-4e17-a444-f570127b5d4f,2026-08-14T06:15:00Z,2026-08-14T08:15:00+0200,10791.055,MW,NL,NL,forecast_load,Forecasted Load,2026-08-16T07:22:13Z
2026-08-16T07:18:28Z,2026-08-16T09:18:28+0200,aaa9bd4d-7504-4e17-a444-f570127b5d4f,2026-08-14T06:30:00Z,2026-08-14T08:30:00+0200,10609.354,MW,NL,NL,forecast_load,Forecasted Load,2026-08-16T07:22:13Z
2026-08-16T07:18:28Z,2026-08-16T09:18:28+0200,aaa9bd4d-7504-4e17-a444-f570127b5d4f,2026-08-14T06:45:00Z,2026-08-14T08:45:00+0200,10444.687,MW,NL,NL,forecast_load,Forecasted Load,2026-08-16T07:22:13Z
2026-08-16T07:18:28Z,2026-08-16T09:18:28+0200,aaa9bd4d-7504-4e17-a444-f570127b5d4f,2026-08-14T07:00:00Z,2026-08-14T09:00:00+0200,10385.251,MW,NL,NL,forecast_load,Forecasted Load,2026-08-16T07:22:13Z
2026-08-16T07:18:28Z,2026-08-16T09:18:28+0200,aaa9bd4d-7504-4e17-a444-f570127b5d4f,2026-08-14T07:15:00Z,2026-08-14T09:15:00+0200,10108.249,MW,NL,NL,forecast_load,Forecasted Load,2026-08-16T07:22:13Z
2026-08-16T07:18:28Z,2026-08-16T09:18:28+0200,aaa9bd4d-7504-4e17-a444-f570127b5d4f,2026-08-14T07:30:00Z,2026-08-14T09:30:00+0200,10015.458,MW,NL,NL,forecast_load,Forecasted Load,2026-08-16T07:22:13Z
2026-08-16T07:18:28Z,2026-08-16T09:18:28+0200,aaa9bd4d-7504-4e17-a444-f570127b5d4f,2026-08-14T07:45:00Z,2026-08-14T09:45:00+0200,9849.095,MW,NL,NL,forecast_load,Forecasted Load,2026-08-16T07:22:13Z
2026-08-16T07:18:28Z,2026-08-16T09:18:28+0200,aaa9bd4d-7504-4e17-a444-f570127b5d4f,2026-08-14T08:00:00Z,2026-08-14T10:00:00+0200,9676.613,MW,NL,NL,forecast_load,Forecasted Load,2026-08-16T07:22:13Z
2026-08-16T07:18:28Z,2026-08-16T09:18:28+0200,aaa9bd4d-7504-4e17-a444-f570127b5d4f,2026-08-14T08:15:00Z,2026-08-14T10:15:00+0200,9477.625,MW,NL,NL,forecast_load,Forecasted Load,2026-08-16T07:22:13Z
2026-08-16T07:18:28Z,2026-08-16T09:18:28+0200,aaa9bd4d-7504-4e17-a444-f570127b5d4f,2026-08-14T08:30:00Z,2026-08-14T10:30:00+0200,9412.354,MW,NL,NL,forecast_load,Forecasted Load,2026-08-16T07:22:13Z
2026-08-16T07:18:28Z,2026-08-16T09:18:28+0200,aaa9bd4d-7504-4e17-a444-f570127b5d4f,2026-08-14T08:45:00Z,2026-08-14T10:45:00+0200,9172.975,MW,NL,NL,forecast_load,Forecasted Load,2026-08-16T07:22:13Z
2026-08-16T07:18:28Z,2026-08-16T09:18:28+0200,aaa9bd4d-7504-4e17-a444-f570127b5d4f,2026-08-14T09:00:00Z,2026-08-14T11:00:00+0200,8922.457,MW,NL,NL,forecast_load,Forecasted Load,2026-08-16T07:22:13Z
2026-08-16T07:18:28Z,2026-08-16T09:18:28+0200,aaa9bd4d-7504-4e17-a444-f570127b5d4f,2026-08-14T09:15:00Z,2026-08-14T11:15:00+0200,8713.035,MW,NL,NL,forecast_load,Forecasted Load,2026-08-16T07:22:13Z
2026-08-16T07:18:28Z,2026-08-16T09:18:28+0200,aaa9bd4d-7504-4e17-a444-f570127b5d4f,2026-08-14T09:30:00Z,2026-08-14T11:30:00+0200,8647.95,MW,NL,NL,forecast_load,Forecasted Load,2026-08-16T07:22:13Z
2026-08-16T07:18:28Z,2026-08-16T09:18:28+0200,aaa9bd4d-7504-4e17-a444-f570127b5d4f,2026-08-14T09:45:00Z,2026-08-14T11:45:00+0200,8540.282,MW,NL,NL,forecast_load,Forecasted Load,2026-08-16T07:22:13Z
2026-08-16T07:18:28Z,2026-08-16T09:18:28+0200,aaa9bd4d-7504-4e17-a444-f570127b5d4f,2026-08-14T10:00:00Z,2026-08-14T12:00:00+0200,8473.928,MW,NL,NL,forecast_load,Forecasted Load,2026-08-16T07:22:13Z
2026-08-16T07:18:28Z,2026-08-16T09:18:28+0200,aaa9bd4d-7504-4e17-a444-f570127b5d4f,2026-08-14T10:15:00Z,2026-08-14T12:15:00+0200,8407.228,MW,NL,NL,forecast_load,Forecasted Load,2026-08-16T07:22:13Z
2026-08-16T07:18:28Z,2026-08-16T09:18:28+0200,aaa9bd4d-7504-4e17-a444-f570127b5d4f,2026-08-14T10:30:00Z,2026-08-14T12:30:00+0200,8328.047,MW,NL,NL,forecast_load,Forecasted Load,2026-08-16T07:22:13Z
2026-08-16T07:18:28Z,2026-08-16T09:18:28+0200,aaa9bd4d-7504-4e17-a444-f570127b5d4f,2026-08-14T10:45:00Z,2026-08-14T12:45:00+0200,8291.331,MW,NL,NL,forecast_load,Forecasted Load,2026-08-16T07:22:13Z
2026-08-16T07:18:28Z,2026-08-16T09:18:28+0200,aaa9bd4d-7504-4e17-a444-f570127b5d4f,2026-08-14T11:00:00Z,2026-08-14T13:00:00+0200,8303.566,MW,NL,NL,forecast_load,Forecasted Load,2026-08-16T07:22:13Z
2026-08-16T07:18:28Z,2026-08-16T09:18:28+0200,aaa9bd4d-7504-4e17-a444-f570127b5d4f,2026-08-14T11:15:00Z,2026-08-14T13:15:00+0200,8312.079,MW,NL,NL,forecast_load,Forecasted Load,2026-08-16T07:22:13Z
2026-08-16T07:18:28Z,2026-08-16T09:18:28+0200,aaa9bd4d-7504-4e17-a444-f570127b5d4f,2026-08-14T11:30:00Z,2026-08-14T13:30:00+0200,8243.848,MW,NL,NL,forecast_load,Forecasted Load,2026-08-16T07:22:13Z
2026-08-16T07:18:28Z,2026-08-16T09:18:28+0200,aaa9bd4d-7504-4e17-a444-f570127b5d4f,2026-08-14T11:45:00Z,2026-08-14T13:45:00+0200,8125.114,MW,NL,NL,forecast_load,Forecasted Load,2026-08-16T07:22:13Z
2026-08-16T07:18:28Z,2026-08-16T09:18:28+0200,aaa9bd4d-7504-4e17-a444-f570127b5d4f,2026-08-14T12:00:00Z,2026-08-14T14:00:00+0200,8048.262,MW,NL,NL,forecast_load,Forecasted Load,2026-08-16T07:22:13Z
2026-08-16T07:18:28Z,2026-08-16T09:18:28+0200,aaa9bd4d-7504-4e17-a444-f570127b5d4f,2026-08-14T12:15:00Z,2026-08-14T14:15:00+0200,7956.443,MW,NL,NL,forecast_load,Forecasted Load,2026-08-16T07:22:13Z
2026-08-16T07:18:28Z,2026-08-16T09:18:28+0200,aaa9bd4d-7504-4e17-a444-f570127b5d4f,2026-08-14T12:30:00Z,2026-08-14T14:30:00+0200,7792.009,MW,NL,NL,forecast_load,Forecasted Load,2026-08-16T07:22:13Z
2026-08-16T07:18:28Z,2026-08-16T09:18:28+0200,aaa9bd4d-7504-4e17-a444-f570127b5d4f,2026-08-14T12:45:00Z,2026-08-14T14:45:00+0200,7669.33,MW,NL,NL,forecast_load,Forecasted Load,2026-08-16T07:22:13Z
2026-08-16T07:18:28Z,2026-08-16T09:18:28+0200,aaa9bd4d-7504-4e17-a444-f570127b5d4f,2026-08-14T13:00:00Z,2026-08-14T15:00:00+0200,7594.351,MW,NL,NL,forecast_load,Forecasted Load,2026-08-16T07:22:13Z
2026-08-16T07:18:28Z,2026-08-16T09:18:28+0200,aaa9bd4d-7504-4e17-a444-f570127b5d4f,2026-08-14T13:15:00Z,2026-08-14T15:15:00+0200,7450.894,MW,NL,NL,forecast_load,Forecasted Load,2026-08-16T07:22:13Z
2026-08-16T07:18:28Z,2026-08-16T09:18:28+0200,aaa9bd4d-7504-4e17-a444-f570127b5d4f,2026-08-14T13:30:00Z,2026-08-14T15:30:00+0200,7265.001,MW,NL,NL,forecast_load,Forecasted Load,2026-08-16T07:22:13Z
2026-08-16T07:18:28Z,2026-08-16T09:18:28+0200,aaa9bd4d-7504-4e17-a444-f570127b5d4f,2026-08-14T13:45:00Z,2026-08-14T15:45:00+0200,7271.181,MW,NL,NL,forecast_load,Forecasted Load,2026-08-16T07:22:13Z
2026-08-16T07:18:28Z,2026-08-16T09:18:28+0200,aaa9bd4d-7504-4e17-a444-f570127b5d4f,2026-08-14T14:00:00Z,2026-08-14T16:00:00+0200,7444.474,MW,NL,NL,forecast_load,Forecasted Load,2026-08-16T07:22:13Z
2026-08-16T07:18:28Z,2026-08-16T09:18:28+0200,aaa9bd4d-7504-4e17-a444-f570127b5d4f,2026-08-14T14:15:00Z,2026-08-14T16:15:00+0200,7657.001,MW,NL,NL,forecast_load,Forecasted Load,2026-08-16T07:22:13Z
2026-08-16T07:18:28Z,2026-08-16T09:18:28+0200,aaa9bd4d-7504-4e17-a444-f570127b5d4f,2026-08-14T14:30:00Z,2026-08-14T16:30:00+0200,7761.187,MW,NL,NL,forecast_load,Forecasted Load,2026-08-16T07:22:13Z
2026-08-16T07:18:28Z,2026-08-16T09:18:28+0200,aaa9bd4d-7504-4e17-a444-f570127b5d4f,2026-08-14T14:45:00Z,2026-08-14T16:45:00+0200,7828.351,MW,NL,NL,forecast_load,Forecasted Load,2026-08-16T07:22:13Z
2026-08-16T07:18:28Z,2026-08-16T09:18:28+0200,aaa9bd4d-7504-4e17-a444-f570127b5d4f,2026-08-14T15:00:00Z,2026-08-14T17:00:00+0200,8022.594,MW,NL,NL,forecast_load,Forecasted Load,2026-08-16T07:22:13Z
2026-08-16T07:18:28Z,2026-08-16T09:18:28+0200,aaa9bd4d-7504-4e17-a444-f570127b5d4f,2026-08-14T15:15:00Z,2026-08-14T17:15:00+0200,8316.416,MW,NL,NL,forecast_load,Forecasted Load,2026-08-16T07:22:13Z
2026-08-16T07:18:28Z,2026-08-16T09:18:28+0200,aaa9bd4d-7504-4e17-a444-f570127b5d4f,2026-08-14T15:30:00Z,2026-08-14T17:30:00+0200,8544.961,MW,NL,NL,forecast_load,Forecasted Load,2026-08-16T07:22:13Z
2026-08-16T07:18:28Z,2026-08-16T09:18:28+0200,aaa9bd4d-7504-4e17-a444-f570127b5d4f,2026-08-14T15:45:00Z,2026-08-14T17:45:00+0200,8771.534,MW,NL,NL,forecast_load,Forecasted Load,2026-08-16T07:22:13Z
2026-08-16T07:18:28Z,2026-08-16T09:18:28+0200,aaa9bd4d-7504-4e17-a444-f570127b5d4f,2026-08-14T16:00:00Z,2026-08-14T18:00:00+0200,8893.664,MW,NL,NL,forecast_load,Forecasted Load,2026-08-16T07:22:13Z
2026-08-16T07:18:28Z,2026-08-16T09:18:28+0200,aaa9bd4d-7504-4e17-a444-f570127b5d4f,2026-08-14T16:15:00Z,2026-08-14T18:15:00+0200,9202.017,MW,NL,NL,forecast_load,Forecasted Load,2026-08-16T07:22:13Z
2026-08-16T07:18:28Z,2026-08-16T09:18:28+0200,aaa9bd4d-7504-4e17-a444-f570127b5d4f,2026-08-14T16:30:00Z,2026-08-14T18:30:00+0200,9431.618,MW,NL,NL,forecast_load,Forecasted Load,2026-08-16T07:22:13Z
2026-08-16T07:18:28Z,2026-08-16T09:18:28+0200,aaa9bd4d-7504-4e17-a444-f570127b5d4f,2026-08-14T16:45:00Z,2026-08-14T18:45:00+0200,9817.273,MW,NL,NL,forecast_load,Forecasted Load,2026-08-16T07:22:13Z
2026-08-16T07:18:28Z,2026-08-16T09:18:28+0200,aaa9bd4d-7504-4e17-a444-f570127b5d4f,2026-08-14T17:00:00Z,2026-08-14T19:00:00+0200,10099.861,MW,NL,NL,forecast_load,Forecasted Load,2026-08-16T07:22:13Z
2026-08-16T07:18:28Z,2026-08-16T09:18:28+0200,aaa9bd4d-7504-4e17-a444-f570127b5d4f,2026-08-14T17:15:00Z,2026-08-14T19:15:00+0200,10369.358,MW,NL,NL,forecast_load,Forecasted Load,2026-08-16T07:22:13Z
2026-08-16T07:18:28Z,2026-08-16T09:18:28+0200,aaa9bd4d-7504-4e17-a444-f570127b5d4f,2026-08-14T17:30:00Z,2026-08-14T19:30:00+0200,10585.311,MW,NL,NL,forecast_load,Forecasted Load,2026-08-16T07:22:13Z
2026-08-16T07:18:28Z,2026-08-16T09:18:28+0200,aaa9bd4d-7504-4e17-a444-f570127b5d4f,2026-08-14T17:45:00Z,2026-08-14T19:45:00+0200,10799.753,MW,NL,NL,forecast_load,Forecasted Load,2026-08-16T07:22:13Z
2026-08-16T07:18:28Z,2026-08-16T09:18:28+0200,aaa9bd4d-7504-4e17-a444-f570127b5d4f,2026-08-14T18:00:00Z,2026-08-14T20:00:00+0200,10838.448,MW,NL,NL,forecast_load,Forecasted Load,2026-08-16T07:22:13Z
2026-08-16T07:18:28Z,2026-08-16T09:18:28+0200,aaa9bd4d-7504-4e17-a444-f570127b5d4f,2026-08-14T18:15:00Z,2026-08-14T20:15:00+0200,10902.382,MW,NL,NL,forecast_load,Forecasted Load,2026-08-16T07:22:13Z
2026-08-16T07:18:28Z,2026-08-16T09:18:28+0200,aaa9bd4d-7504-4e17-a444-f570127b5d4f,2026-08-14T18:30:00Z,2026-08-14T20:30:00+0200,11122.847,MW,NL,NL,forecast_load,Forecasted Load,2026-08-16T07:22:13Z
2026-08-16T07:18:28Z,2026-08-16T09:18:28+0200,aaa9bd4d-7504-4e17-a444-f570127b5d4f,2026-08-14T18:45:00Z,2026-08-14T20:45:00+0200,11256.784,MW,NL,NL,forecast_load,Forecasted Load,2026-08-16T07:22:13Z
2026-08-16T07:18:28Z,2026-08-16T09:18:28+0200,aaa9bd4d-7504-4e17-a444-f570127b5d4f,2026-08-14T19:00:00Z,2026-08-14T21:00:00+0200,11303.875,MW,NL,NL,forecast_load,Forecasted Load,2026-08-16T07:22:13Z
2026-08-16T07:18:28Z,2026-08-16T09:18:28+0200,aaa9bd4d-7504-4e17-a444-f570127b5d4f,2026-08-14T19:15:00Z,2026-08-14T21:15:00+0200,11325.954,MW,NL,NL,forecast_load,Forecasted Load,2026-08-16T07:22:13Z
2026-08-16T07:18:28Z,2026-08-16T09:18:28+0200,aaa9bd4d-7504-4e17-a444-f570127b5d4f,2026-08-14T19:30:00Z,2026-08-14T21:30:00+0200,11386.674,MW,NL,NL,forecast_load,Forecasted Load,2026-08-16T07:22:13Z
2026-08-16T07:18:28Z,2026-08-16T09:18:28+0200,aaa9bd4d-7504-4e17-a444-f570127b5d4f,2026-08-14T19:45:00Z,2026-08-14T21:45:00+0200,11430.18,MW,NL,NL,forecast_load,Forecasted Load,2026-08-16T07:22:13Z
2026-08-16T07:18:28Z,2026-08-16T09:18:28+0200,aaa9bd4d-7504-4e17-a444-f570127b5d4f,2026-08-14T20:00:00Z,2026-08-14T22:00:00+0200,11442.562,MW,NL,NL,forecast_load,Forecasted Load,2026-08-16T07:22:13Z
2026-08-16T07:18:28Z,2026-08-16T09:18:28+0200,aaa9bd4d-7504-4e17-a444-f570127b5d4f,2026-08-14T20:15:00Z,2026-08-14T22:15:00+0200,11265.323,MW,NL,NL,forecast_load,Forecasted Load,2026-08-16T07:22:13Z
2026-08-16T07:18:28Z,2026-08-16T09:18:28+0200,aaa9bd4d-7504-4e17-a444-f570127b5d4f,2026-08-14T20:30:00Z,2026-08-14T22:30:00+0200,11125.834,MW,NL,NL,forecast_load,Forecasted Load,2026-08-16T07:22:13Z
2026-08-16T07:18:28Z,2026-08-16T09:18:28+0200,aaa9bd4d-7504-4e17-a444-f570127b5d4f,2026-08-14T20:45:00Z,2026-08-14T22:45:00+0200,11134.972,MW,NL,NL,forecast_load,Forecasted Load,2026-08-16T07:22:13Z
2026-08-16T07:18:28Z,2026-08-16T09:18:28+0200,aaa9bd4d-7504-4e17-a444-f570127b5d4f,2026-08-14T21:00:00Z,2026-08-14T23:00:00+0200,11155.05,MW,NL,NL,forecast_load,Forecasted Load,2026-08-16T07:22:13Z
2026-08-16T07:18:28Z,2026-08-16T09:18:28+0200,aaa9bd4d-7504-4e17-a444-f570127b5d4f,2026-08-14T21:15:00Z,2026-08-14T23:15:00+0200,11105.009,MW,NL,NL,forecast_load,Forecasted Load,2026-08-16T07:22:13Z
2026-08-16T07:18:28Z,2026-08-16T09:18:28+0200,aaa9bd4d-7504-4e17-a444-f570127b5d4f,2026-08-14T21:30:00Z,2026-08-14T23:30:00+0200,11112.611,MW,NL,NL,forecast_load,Forecasted Load,2026-08-16T07:22:13Z
2026-08-16T07:18:28Z,2026-08-16T09:18:28+0200,aaa9bd4d-7504-4e17-a444-f570127b5d4f,2026-08-14T21:45:00Z,2026-08-14T23:45:00+0200,10953.226,MW,NL,NL,forecast_load,Forecasted Load,2026-08-16T07:22:13Z
2026-08-16T07:18:28Z,2026-08-16T09:18:28+0200,aaa9bd4d-7504-4e17-a444-f570127b5d4f,2026-08-14T22:00:00Z,2026-08-15T00:00:00+0200,10964.27,MW,NL,NL,forecast_load,Forecasted Load,2026-08-16T07:22:13Z
2026-08-16T07:18:28Z,2026-08-16T09:18:28+0200,aaa9bd4d-7504-4e17-a444-f570127b5d4f,2026-08-14T22:15:00Z,2026-08-15T00:15:00+0200,11016.328,MW,NL,NL,forecast_load,Forecasted Load,2026-08-16T07:22:13Z
2026-08-16T07:18:28Z,2026-08-16T09:18:28+0200,aaa9bd4d-7504-4e17-a444-f570127b5d4f,2026-08-14T22:30:00Z,2026-08-15T00:30:00+0200,10985.013,MW,NL,NL,forecast_load,Forecasted Load,2026-08-16T07:22:13Z
2026-08-16T07:18:28Z,2026-08-16T09:18:28+0200,aaa9bd4d-7504-4e17-a444-f570127b5d4f,2026-08-14T22:45:00Z,2026-08-15T00:45:00+0200,10853.135,MW,NL,NL,forecast_load,Forecasted Load,2026-08-16T07:22:13Z
2026-08-16T07:18:28Z,2026-08-16T09:18:28+0200,aaa9bd4d-7504-4e17-a444-f570127b5d4f,2026-08-14T23:00:00Z,2026-08-15T01:00:00+0200,10878.538,MW,NL,NL,forecast_load,Forecasted Load,2026-08-16T07:22:13Z
2026-08-16T07:18:28Z,2026-08-16T09:18:28+0200,aaa9bd4d-7504-4e17-a444-f570127b5d4f,2026-08-14T23:15:00Z,2026-08-15T01:15:00+0200,10754.972,MW,NL,NL,forecast_load,Forecasted Load,2026-08-16T07:22:13Z
2026-08-16T07:18:28Z,2026-08-16T09:18:28+0200,aaa9bd4d-7504-4e17-a444-f570127b5d4f,2026-08-14T23:30:00Z,2026-08-15T01:30:00+0200,10715.88,MW,NL,NL,forecast_load,Forecasted Load,2026-08-16T07:22:13Z
2026-08-16T07:18:28Z,2026-08-16T09:18:28+0200,aaa9bd4d-7504-4e17-a444-f570127b5d4f,2026-08-14T23:45:00Z,2026-08-15T01:45:00+0200,10627.846,MW,NL,NL,forecast_load,Forecasted Load,2026-08-16T07:22:13Z
2026-08-16T07:18:28Z,2026-08-16T09:18:28+0200,aaa9bd4d-7504-4e17-a444-f570127b5d4f,2026-08-15T00:00:00Z,2026-08-15T02:00:00+0200,10461.419,MW,NL,NL,forecast_load,Forecasted Load,2026-08-16T07:22:13Z
2026-08-16T07:18:28Z,2026-08-16T09:18:28+0200,aaa9bd4d-7504-4e17-a444-f570127b5d4f,2026-08-15T00:15:00Z,2026-08-15T02:15:00+0200,10342.223,MW,NL,NL,forecast_load,Forecasted Load,2026-08-16T07:22:13Z
2026-08-16T07:18:28Z,2026-08-16T09:18:28+0200,aaa9bd4d-7504-4e17-a444-f570127b5d4f,2026-08-15T00:30:00Z,2026-08-15T02:30:00+0200,10289.81,MW,NL,NL,forecast_load,Forecasted Load,2026-08-16T07:22:13Z
2026-08-16T07:18:28Z,2026-08-16T09:18:28+0200,aaa9bd4d-7504-4e17-a444-f570127b5d4f,2026-08-15T00:45:00Z,2026-08-15T02:45:00+0200,10209.748,MW,NL,NL,forecast_load,Forecasted Load,2026-08-16T07:22:13Z
2026-08-16T07:18:28Z,2026-08-16T09:18:28+0200,aaa9bd4d-7504-4e17-a444-f570127b5d4f,2026-08-15T01:00:00Z,2026-08-15T03:00:00+0200,10135.257,MW,NL,NL,forecast_load,Forecasted Load,2026-08-16T07:22:13Z
2026-08-16T07:18:28Z,2026-08-16T09:18:28+0200,aaa9bd4d-7504-4e17-a444-f570127b5d4f,2026-08-15T01:15:00Z,2026-08-15T03:15:00+0200,10086.684,MW,NL,NL,forecast_load,Forecasted Load,2026-08-16T07:22:13Z
2026-08-16T07:18:28Z,2026-08-16T09:18:28+0200,aaa9bd4d-7504-4e17-a444-f570127b5d4f,2026-08-15T01:30:00Z,2026-08-15T03:30:00+0200,10074.999,MW,NL,NL,forecast_load,Forecasted Load,2026-08-16T07:22:13Z
2026-08-16T07:18:28Z,2026-08-16T09:18:28+0200,aaa9bd4d-7504-4e17-a444-f570127b5d4f,2026-08-15T01:45:00Z,2026-08-15T03:45:00+0200,10088.714,MW,NL,NL,forecast_load,Forecasted Load,2026-08-16T07:22:13Z
2026-08-16T07:18:28Z,2026-08-16T09:18:28+0200,aaa9bd4d-7504-4e17-a444-f570127b5d4f,2026-08-15T02:00:00Z,2026-08-15T04:00:00+0200,10042.054,MW,NL,NL,forecast_load,Forecasted Load,2026-08-16T07:22:13Z
2026-08-16T07:18:28Z,2026-08-16T09:18:28+0200,aaa9bd4d-7504-4e17-a444-f570127b5d4f,2026-08-15T02:15:00Z,2026-08-15T04:15:00+0200,10068.119,MW,NL,NL,forecast_load,Forecasted Load,2026-08-16T07:22:13Z
2026-08-16T07:18:28Z,2026-08-16T09:18:28+0200,aaa9bd4d-7504-4e17-a444-f570127b5d4f,2026-08-15T02:30:00Z,2026-08-15T04:30:00+0200,10040.381,MW,NL,NL,forecast_load,Forecasted Load,2026-08-16T07:22:13Z
2026-08-16T07:18:28Z,2026-08-16T09:18:28+0200,aaa9bd4d-7504-4e17-a444-f570127b5d4f,2026-08-15T02:45:00Z,2026-08-15T04:45:00+0200,9963.82,MW,NL,NL,forecast_load,Forecasted Load,2026-08-16T07:22:13Z
2026-08-16T07:18:28Z,2026-08-16T09:18:28+0200,aaa9bd4d-7504-4e17-a444-f570127b5d4f,2026-08-15T03:00:00Z,2026-08-15T05:00:00+0200,9935.927,MW,NL,NL,forecast_load,Forecasted Load,2026-08-16T07:22:13Z
2026-08-16T07:18:28Z,2026-08-16T09:18:28+0200,aaa9bd4d-7504-4e17-a444-f570127b5d4f,2026-08-15T03:15:00Z,2026-08-15T05:15:00+0200,9946.776,MW,NL,NL,forecast_load,Forecasted Load,2026-08-16T07:22:13Z
2026-08-16T07:18:28Z,2026-08-16T09:18:28+0200,aaa9bd4d-7504-4e17-a444-f570127b5d4f,2026-08-15T03:30:00Z,2026-08-15T05:30:00+0200,9922.56,MW,NL,NL,forecast_load,Forecasted Load,2026-08-16T07:22:13Z
2026-08-16T07:18:28Z,2026-08-16T09:18:28+0200,aaa9bd4d-7504-4e17-a444-f570127b5d4f,2026-08-15T03:45:00Z,2026-08-15T05:45:00+0200,9947.792,MW,NL,NL,forecast_load,Forecasted Load,2026-08-16T07:22:13Z
2026-08-16T07:18:28Z,2026-08-16T09:18:28+0200,aaa9bd4d-7504-4e17-a444-f570127b5d4f,2026-08-15T04:00:00Z,2026-08-15T06:00:00+0200,10013.904,MW,NL,NL,forecast_load,Forecasted Load,2026-08-16T07:22:13Z
2026-08-16T07:18:28Z,2026-08-16T09:18:28+0200,aaa9bd4d-7504-4e17-a444-f570127b5d4f,2026-08-15T04:15:00Z,2026-08-15T06:15:00+0200,9898.202,MW,NL,NL,forecast_load,Forecasted Load,2026-08-16T07:22:13Z
2026-08-16T07:18:28Z,2026-08-16T09:18:28+0200,aaa9bd4d-7504-4e17-a444-f570127b5d4f,2026-08-15T04:30:00Z,2026-08-15T06:30:00+0200,9787.334,MW,NL,NL,forecast_load,Forecasted Load,2026-08-16T07:22:13Z
2026-08-16T07:18:28Z,2026-08-16T09:18:28+0200,aaa9bd4d-7504-4e17-a444-f570127b5d4f,2026-08-15T04:45:00Z,2026-08-15T06:45:00+0200,9740.661,MW,NL,NL,forecast_load,Forecasted Load,2026-08-16T07:22:13Z
2026-08-16T07:18:28Z,2026-08-16T09:18:28+0200,aaa9bd4d-7504-4e17-a444-f570127b5d4f,2026-08-15T05:00:00Z,2026-08-15T07:00:00+0200,9733.85,MW,NL,NL,forecast_load,Forecasted Load,2026-08-16T07:22:13Z
2026-08-16T07:18:28Z,2026-08-16T09:18:28+0200,aaa9bd4d-7504-4e17-a444-f570127b5d4f,2026-08-15T05:15:00Z,2026-08-15T07:15:00+0200,9594.344,MW,NL,NL,forecast_load,Forecasted Load,2026-08-16T07:22:13Z
2026-08-16T07:18:28Z,2026-08-16T09:18:28+0200,aaa9bd4d-7504-4e17-a444-f570127b5d4f,2026-08-15T05:30:00Z,2026-08-15T07:30:00+0200,9386.878,MW,NL,NL,forecast_load,Forecasted Load,2026-08-16T07:22:13Z
2026-08-16T07:18:28Z,2026-08-16T09:18:28+0200,aaa9bd4d-7504-4e17-a444-f570127b5d4f,2026-08-15T05:45:00Z,2026-08-15T07:45:00+0200,9229.323,MW,NL,NL,forecast_load,Forecasted Load,2026-08-16T07:22:13Z
2026-08-16T07:18:28Z,2026-08-16T09:18:28+0200,aaa9bd4d-7504-4e17-a444-f570127b5d4f,2026-08-15T06:00:00Z,2026-08-15T08:00:00+0200,8957.951,MW,NL,NL,forecast_load,Forecasted Load,2026-08-16T07:22:13Z
2026-08-16T07:18:28Z,2026-08-16T09:18:28+0200,aaa9bd4d-7504-4e17-a444-f570127b5d4f,2026-08-15T06:15:00Z,2026-08-15T08:15:00+0200,8590.733,MW,NL,NL,forecast_load,Forecasted Load,2026-08-16T07:22:13Z
2026-08-16T07:18:28Z,2026-08-16T09:18:28+0200,aaa9bd4d-7504-4e17-a444-f570127b5d4f,2026-08-15T06:30:00Z,2026-08-15T08:30:00+0200,8374.859,MW,NL,NL,forecast_load,Forecasted Load,2026-08-16T07:22:13Z
2026-08-16T07:18:28Z,2026-08-16T09:18:28+0200,aaa9bd4d-7504-4e17-a444-f570127b5d4f,2026-08-15T06:45:00Z,2026-08-15T08:45:00+0200,8133.532,MW,NL,NL,forecast_load,Forecasted Load,2026-08-16T07:22:13Z
2026-08-16T07:18:28Z,2026-08-16T09:18:28+0200,aaa9bd4d-7504-4e17-a444-f570127b5d4f,2026-08-15T07:00:00Z,2026-08-15T09:00:00+0200,7945.754,MW,NL,NL,forecast_load,Forecasted Load,2026-08-16T07:22:13Z
2026-08-16T07:18:28Z,2026-08-16T09:18:28+0200,aaa9bd4d-7504-4e17-a444-f570127b5d4f,2026-08-15T07:15:00Z,2026-08-15T09:15:00+0200,7609.353,MW,NL,NL,forecast_load,Forecasted Load,2026-08-16T07:22:13Z
2026-08-16T07:18:28Z,2026-08-16T09:18:28+0200,aaa9bd4d-7504-4e17-a444-f570127b5d4f,2026-08-15T07:30:00Z,2026-08-15T09:30:00+0200,7416.195,MW,NL,NL,forecast_load,Forecasted Load,2026-08-16T07:22:13Z
2026-08-16T07:18:28Z,2026-08-16T09:18:28+0200,aaa9bd4d-7504-4e17-a444-f570127b5d4f,2026-08-15T07:45:00Z,2026-08-15T09:45:00+0200,7267.837,MW,NL,NL,forecast_load,Forecasted Load,2026-08-16T07:22:13Z
2026-08-16T07:18:28Z,2026-08-16T09:18:28+0200,aaa9bd4d-7504-4e17-a444-f570127b5d4f,2026-08-15T08:00:00Z,2026-08-15T10:00:00+0200,7018.225,MW,NL,NL,forecast_load,Forecasted Load,2026-08-16T07:22:13Z
2026-08-16T07:18:28Z,2026-08-16T09:18:28+0200,aaa9bd4d-7504-4e17-a444-f570127b5d4f,2026-08-15T08:15:00Z,2026-08-15T10:15:00+0200,6484.982,MW,NL,NL,forecast_load,Forecasted Load,2026-08-16T07:22:13Z
2026-08-16T07:18:28Z,2026-08-16T09:18:28+0200,aaa9bd4d-7504-4e17-a444-f570127b5d4f,2026-08-15T08:30:00Z,2026-08-15T10:30:00+0200,6157.016,MW,NL,NL,forecast_load,Forecasted Load,2026-08-16T07:22:13Z
2026-08-16T07:18:28Z,2026-08-16T09:18:28+0200,aaa9bd4d-7504-4e17-a444-f570127b5d4f,2026-08-15T08:45:00Z,2026-08-15T10:45:00+0200,5957.138,MW,NL,NL,forecast_load,Forecasted Load,2026-08-16T07:22:13Z
2026-08-16T07:18:28Z,2026-08-16T09:18:28+0200,aaa9bd4d-7504-4e17-a444-f570127b5d4f,2026-08-15T09:00:00Z,2026-08-15T11:00:00+0200,5778.499,MW,NL,NL,forecast_load,Forecasted Load,2026-08-16T07:22:13Z
2026-08-16T07:18:28Z,2026-08-16T09:18:28+0200,aaa9bd4d-7504-4e17-a444-f570127b5d4f,2026-08-15T09:15:00Z,2026-08-15T11:15:00+0200,5550.197,MW,NL,NL,forecast_load,Forecasted Load,2026-08-16T07:22:13Z
2026-08-16T07:18:28Z,2026-08-16T09:18:28+0200,aaa9bd4d-7504-4e17-a444-f570127b5d4f,2026-08-15T09:30:00Z,2026-08-15T11:30:00+0200,5356.727,MW,NL,NL,forecast_load,Forecasted Load,2026-08-16T07:22:13Z
2026-08-16T07:18:28Z,2026-08-16T09:18:28+0200,aaa9bd4d-7504-4e17-a444-f570127b5d4f,2026-08-15T09:45:00Z,2026-08-15T11:45:00+0200,5254.69,MW,NL,NL,forecast_load,Forecasted Load,2026-08-16T07:22:13Z
2026-08-16T07:18:28Z,2026-08-16T09:18:28+0200,aaa9bd4d-7504-4e17-a444-f570127b5d4f,2026-08-15T10:00:00Z,2026-08-15T12:00:00+0200,5194.027,MW,NL,NL,forecast_load,Forecasted Load,2026-08-16T07:22:13Z
2026-08-16T07:18:28Z,2026-08-16T09:18:28+0200,aaa9bd4d-7504-4e17-a444-f570127b5d4f,2026-08-15T10:15:00Z,2026-08-15T12:15:00+0200,5170.856,MW,NL,NL,forecast_load,Forecasted Load,2026-08-16T07:22:13Z
2026-08-16T07:18:28Z,2026-08-16T09:18:28+0200,aaa9bd4d-7504-4e17-a444-f570127b5d4f,2026-08-15T10:30:00Z,2026-08-15T12:30:00+0200,5163.142,MW,NL,NL,forecast_load,Forecasted Load,2026-08-16T07:22:13Z
2026-08-16T07:18:28Z,2026-08-16T09:18:28+0200,aaa9bd4d-7504-4e17-a444-f570127b5d4f,2026-08-15T10:45:00Z,2026-08-15T12:45:00+0200,5103.028,MW,NL,NL,forecast_load,Forecasted Load,2026-08-16T07:22:13Z
2026-08-16T07:18:28Z,2026-08-16T09:18:28+0200,aaa9bd4d-7504-4e17-a444-f570127b5d4f,2026-08-15T11:00:00Z,2026-08-15T13:00:00+0200,5031.772,MW,NL,NL,forecast_load,Forecasted Load,2026-08-16T07:22:13Z
2026-08-16T07:18:28Z,2026-08-16T09:18:28+0200,aaa9bd4d-7504-4e17-a444-f570127b5d4f,2026-08-15T11:15:00Z,2026-08-15T13:15:00+0200,5054.605,MW,NL,NL,forecast_load,Forecasted Load,2026-08-16T07:22:13Z
2026-08-16T07:18:28Z,2026-08-16T09:18:28+0200,aaa9bd4d-7504-4e17-a444-f570127b5d4f,2026-08-15T11:30:00Z,2026-08-15T13:30:00+0200,5028.255,MW,NL,NL,forecast_load,Forecasted Load,2026-08-16T07:22:13Z
2026-08-16T07:18:28Z,2026-08-16T09:18:28+0200,aaa9bd4d-7504-4e17-a444-f570127b5d4f,2026-08-15T11:45:00Z,2026-08-15T13:45:00+0200,5283.023,MW,NL,NL,forecast_load,Forecasted Load,2026-08-16T07:22:13Z
2026-08-16T07:18:28Z,2026-08-16T09:18:28+0200,aaa9bd4d-7504-4e17-a444-f570127b5d4f,2026-08-15T12:00:00Z,2026-08-15T14:00:00+0200,5321.11,MW,NL,NL,forecast_load,Forecasted Load,2026-08-16T07:22:13Z
2026-08-16T07:18:28Z,2026-08-16T09:18:28+0200,aaa9bd4d-7504-4e17-a444-f570127b5d4f,2026-08-15T12:15:00Z,2026-08-15T14:15:00+0200,5397.852,MW,NL,NL,forecast_load,Forecasted Load,2026-08-16T07:22:13Z
2026-08-16T07:18:28Z,2026-08-16T09:18:28+0200,aaa9bd4d-7504-4e17-a444-f570127b5d4f,2026-08-15T12:30:00Z,2026-08-15T14:30:00+0200,5427.487,MW,NL,NL,forecast_load,Forecasted Load,2026-08-16T07:22:13Z
2026-08-16T07:18:28Z,2026-08-16T09:18:28+0200,aaa9bd4d-7504-4e17-a444-f570127b5d4f,2026-08-15T12:45:00Z,2026-08-15T14:45:00+0200,5442.785,MW,NL,NL,forecast_load,Forecasted Load,2026-08-16T07:22:13Z
2026-08-16T07:18:28Z,2026-08-16T09:18:28+0200,aaa9bd4d-7504-4e17-a444-f570127b5d4f,2026-08-15T13:00:00Z,2026-08-15T15:00:00+0200,5485.222,MW,NL,NL,forecast_load,Forecasted Load,2026-08-16T07:22:13Z
2026-08-16T07:18:28Z,2026-08-16T09:18:28+0200,aaa9bd4d-7504-4e17-a444-f570127b5d4f,2026-08-15T13:15:00Z,2026-08-15T15:15:00+0200,5650.174,MW,NL,NL,forecast_load,Forecasted Load,2026-08-16T07:22:13Z
2026-08-16T07:18:28Z,2026-08-16T09:18:28+0200,aaa9bd4d-7504-4e17-a444-f570127b5d4f,2026-08-15T13:30:00Z,2026-08-15T15:30:00+0200,5708.501,MW,NL,NL,forecast_load,Forecasted Load,2026-08-16T07:22:13Z
2026-08-16T07:18:28Z,2026-08-16T09:18:28+0200,aaa9bd4d-7504-4e17-a444-f570127b5d4f,2026-08-15T13:45:00Z,2026-08-15T15:45:00+0200,5765.495,MW,NL,NL,forecast_load,Forecasted Load,2026-08-16T07:22:13Z
2026-08-16T07:18:28Z,2026-08-16T09:18:28+0200,aaa9bd4d-7504-4e17-a444-f570127b5d4f,2026-08-15T14:00:00Z,2026-08-15T16:00:00+0200,5910.901,MW,NL,NL,forecast_load,Forecasted Load,2026-08-16T07:22:13Z
2026-08-16T07:18:28Z,2026-08-16T09:18:28+0200,aaa9bd4d-7504-4e17-a444-f570127b5d4f,2026-08-15T14:15:00Z,2026-08-15T16:15:00+0200,6087.691,MW,NL,NL,forecast_load,Forecasted Load,2026-08-16T07:22:13Z
2026-08-16T07:18:28Z,2026-08-16T09:18:28+0200,aaa9bd4d-7504-4e17-a444-f570127b5d4f,2026-08-15T14:30:00Z,2026-08-15T16:30:00+0200,6272.779,MW,NL,NL,forecast_load,Forecasted Load,2026-08-16T07:22:13Z
2026-08-16T07:18:28Z,2026-08-16T09:18:28+0200,aaa9bd4d-7504-4e17-a444-f570127b5d4f,2026-08-15T14:45:00Z,2026-08-15T16:45:00+0200,6403.507,MW,NL,NL,forecast_load,Forecasted Load,2026-08-16T07:22:13Z
2026-08-16T07:18:28Z,2026-08-16T09:18:28+0200,aaa9bd4d-7504-4e17-a444-f570127b5d4f,2026-08-15T15:00:00Z,2026-08-15T17:00:00+0200,6546.22,MW,NL,NL,forecast_load,Forecasted Load,2026-08-16T07:22:13Z
2026-08-16T07:18:28Z,2026-08-16T09:18:28+0200,aaa9bd4d-7504-4e17-a444-f570127b5d4f,2026-08-15T15:15:00Z,2026-08-15T17:15:00+0200,6899.048,MW,NL,NL,forecast_load,Forecasted Load,2026-08-16T07:22:13Z
2026-08-16T07:18:28Z,2026-08-16T09:18:28+0200,aaa9bd4d-7504-4e17-a444-f570127b5d4f,2026-08-15T15:30:00Z,2026-08-15T17:30:00+0200,7109.409,MW,NL,NL,forecast_load,Forecasted Load,2026-08-16T07:22:13Z
2026-08-16T07:18:28Z,2026-08-16T09:18:28+0200,aaa9bd4d-7504-4e17-a444-f570127b5d4f,2026-08-15T15:45:00Z,2026-08-15T17:45:00+0200,7433.233,MW,NL,NL,forecast_load,Forecasted Load,2026-08-16T07:22:13Z
2026-08-16T07:18:28Z,2026-08-16T09:18:28+0200,aaa9bd4d-7504-4e17-a444-f570127b5d4f,2026-08-15T16:00:00Z,2026-08-15T18:00:00+0200,7751.174,MW,NL,NL,forecast_load,Forecasted Load,2026-08-16T07:22:13Z
2026-08-16T07:18:28Z,2026-08-16T09:18:28+0200,aaa9bd4d-7504-4e17-a444-f570127b5d4f,2026-08-15T16:15:00Z,2026-08-15T18:15:00+0200,8125.479,MW,NL,NL,forecast_load,Forecasted Load,2026-08-16T07:22:13Z
2026-08-16T07:18:28Z,2026-08-16T09:18:28+0200,aaa9bd4d-7504-4e17-a444-f570127b5d4f,2026-08-15T16:30:00Z,2026-08-15T18:30:00+0200,8437.403,MW,NL,NL,forecast_load,Forecasted Load,2026-08-16T07:22:13Z
2026-08-16T07:18:28Z,2026-08-16T09:18:28+0200,aaa9bd4d-7504-4e17-a444-f570127b5d4f,2026-08-15T16:45:00Z,2026-08-15T18:45:00+0200,8627.268,MW,NL,NL,forecast_load,Forecasted Load,2026-08-16T07:22:13Z
2026-08-16T07:18:28Z,2026-08-16T09:18:28+0200,aaa9bd4d-7504-4e17-a444-f570127b5d4f,2026-08-15T17:00:00Z,2026-08-15T19:00:00+0200,8799.912,MW,NL,NL,forecast_load,Forecasted Load,2026-08-16T07:22:13Z
2026-08-16T07:18:28Z,2026-08-16T09:18:28+0200,aaa9bd4d-7504-4e17-a444-f570127b5d4f,2026-08-15T17:15:00Z,2026-08-15T19:15:00+0200,9069.561,MW,NL,NL,forecast_load,Forecasted Load,2026-08-16T07:22:13Z
2026-08-16T07:18:28Z,2026-08-16T09:18:28+0200,aaa9bd4d-7504-4e17-a444-f570127b5d4f,2026-08-15T17:30:00Z,2026-08-15T19:30:00+0200,9250.825,MW,NL,NL,forecast_load,Forecasted Load,2026-08-16T07:22:13Z
2026-08-16T07:18:28Z,2026-08-16T09:18:28+0200,aaa9bd4d-7504-4e17-a444-f570127b5d4f,2026-08-15T17:45:00Z,2026-08-15T19:45:00+0200,9367.139,MW,NL,NL,forecast_load,Forecasted Load,2026-08-16T07:22:13Z
2026-08-16T07:18:28Z,2026-08-16T09:18:28+0200,aaa9bd4d-7504-4e17-a444-f570127b5d4f,2026-08-15T18:00:00Z,2026-08-15T20:00:00+0200,9663.605,MW,NL,NL,forecast_load,Forecasted Load,2026-08-16T07:22:13Z
2026-08-16T07:18:28Z,2026-08-16T09:18:28+0200,aaa9bd4d-7504-4e17-a444-f570127b5d4f,2026-08-15T18:15:00Z,2026-08-15T20:15:00+0200,10111.78,MW,NL,NL,forecast_load,Forecasted Load,2026-08-16T07:22:13Z
2026-08-16T07:18:28Z,2026-08-16T09:18:28+0200,aaa9bd4d-7504-4e17-a444-f570127b5d4f,2026-08-15T18:30:00Z,2026-08-15T20:30:00+0200,10279.404,MW,NL,NL,forecast_load,Forecasted Load,2026-08-16T07:22:13Z
2026-08-16T07:18:28Z,2026-08-16T09:18:28+0200,aaa9bd4d-7504-4e17-a444-f570127b5d4f,2026-08-15T18:45:00Z,2026-08-15T20:45:00+0200,10403.849,MW,NL,NL,forecast_load,Forecasted Load,2026-08-16T07:22:13Z
2026-08-16T07:18:28Z,2026-08-16T09:18:28+0200,aaa9bd4d-7504-4e17-a444-f570127b5d4f,2026-08-15T19:00:00Z,2026-08-15T21:00:00+0200,10480.44,MW,NL,NL,forecast_load,Forecasted Load,2026-08-16T07:22:13Z
2026-08-16T07:18:28Z,2026-08-16T09:18:28+0200,aaa9bd4d-7504-4e17-a444-f570127b5d4f,2026-08-15T19:15:00Z,2026-08-15T21:15:00+0200,10565.444,MW,NL,NL,forecast_load,Forecasted Load,2026-08-16T07:22:13Z
2026-08-16T07:18:28Z,2026-08-16T09:18:28+0200,aaa9bd4d-7504-4e17-a444-f570127b5d4f,2026-08-15T19:30:00Z,2026-08-15T21:30:00+0200,10697.766,MW,NL,NL,forecast_load,Forecasted Load,2026-08-16T07:22:13Z
2026-08-16T07:18:28Z,2026-08-16T09:18:28+0200,aaa9bd4d-7504-4e17-a444-f570127b5d4f,2026-08-15T19:45:00Z,2026-08-15T21:45:00+0200,10854.739,MW,NL,NL,forecast_load,Forecasted Load,2026-08-16T07:22:13Z
2026-08-16T07:18:28Z,2026-08-16T09:18:28+0200,aaa9bd4d-7504-4e17-a444-f570127b5d4f,2026-08-15T20:00:00Z,2026-08-15T22:00:00+0200,10981.915,MW,NL,NL,forecast_load,Forecasted Load,2026-08-16T07:22:13Z
2026-08-16T07:18:28Z,2026-08-16T09:18:28+0200,aaa9bd4d-7504-4e17-a444-f570127b5d4f,2026-08-15T20:15:00Z,2026-08-15T22:15:00+0200,10861.733,MW,NL,NL,forecast_load,Forecasted Load,2026-08-16T07:22:13Z
2026-08-16T07:18:28Z,2026-08-16T09:18:28+0200,aaa9bd4d-7504-4e17-a444-f570127b5d4f,2026-08-15T20:30:00Z,2026-08-15T22:30:00+0200,10834.361,MW,NL,NL,forecast_load,Forecasted Load,2026-08-16T07:22:13Z
2026-08-16T07:18:28Z,2026-08-16T09:18:28+0200,aaa9bd4d-7504-4e17-a444-f570127b5d4f,2026-08-15T20:45:00Z,2026-08-15T22:45:00+0200,10901.266,MW,NL,NL,forecast_load,Forecasted Load,2026-08-16T07:22:13Z
2026-08-16T07:18:28Z,2026-08-16T09:18:28+0200,aaa9bd4d-7504-4e17-a444-f570127b5d4f,2026-08-15T21:00:00Z,2026-08-15T23:00:00+0200,10929.23,MW,NL,NL,forecast_load,Forecasted Load,2026-08-16T07:22:13Z
2026-08-16T07:18:28Z,2026-08-16T09:18:28+0200,aaa9bd4d-7504-4e17-a444-f570127b5d4f,2026-08-15T21:15:00Z,2026-08-15T23:15:00+0200,10842.606,MW,NL,NL,forecast_load,Forecasted Load,2026-08-16T07:22:13Z
2026-08-16T07:18:28Z,2026-08-16T09:18:28+0200,aaa9bd4d-7504-4e17-a444-f570127b5d4f,2026-08-15T21:30:00Z,2026-08-15T23:30:00+0200,10904.269,MW,NL,NL,forecast_load,Forecasted Load,2026-08-16T07:22:13Z
2026-08-16T07:18:28Z,2026-08-16T09:18:28+0200,aaa9bd4d-7504-4e17-a444-f570127b5d4f,2026-08-15T21:45:00Z,2026-08-15T23:45:00+0200,10834.431,MW,NL,NL,forecast_load,Forecasted Load,2026-08-16T07:22:13Z
2026-08-16T07:18:28Z,2026-08-16T09:18:28+0200,aaa9bd4d-7504-4e17-a444-f570127b5d4f,2026-08-15T22:00:00Z,2026-08-16T00:00:00+0200,11751.136,MW,NL,NL,forecast_load,Forecasted Load,2026-08-16T07:22:13Z
2026-08-16T07:18:28Z,2026-08-16T09:18:28+0200,aaa9bd4d-7504-4e17-a444-f570127b5d4f,2026-08-15T22:15:00Z,2026-08-16T00:15:00+0200,11604.11,MW,NL,NL,forecast_load,Forecasted Load,2026-08-16T07:22:13Z
2026-08-16T07:18:28Z,2026-08-16T09:18:28+0200,aaa9bd4d-7504-4e17-a444-f570127b5d4f,2026-08-15T22:30:00Z,2026-08-16T00:30:00+0200,11538.33,MW,NL,NL,forecast_load,Forecasted Load,2026-08-16T07:22:13Z
2026-08-16T07:18:28Z,2026-08-16T09:18:28+0200,aaa9bd4d-7504-4e17-a444-f570127b5d4f,2026-08-15T22:45:00Z,2026-08-16T00:45:00+0200,11443.406,MW,NL,NL,forecast_load,Forecasted Load,2026-08-16T07:22:13Z
2026-08-16T07:18:28Z,2026-08-16T09:18:28+0200,aaa9bd4d-7504-4e17-a444-f570127b5d4f,2026-08-15T23:00:00Z,2026-08-16T01:00:00+0200,11367.277,MW,NL,NL,forecast_load,Forecasted Load,2026-08-16T07:22:13Z
2026-08-16T07:18:28Z,2026-08-16T09:18:28+0200,aaa9bd4d-7504-4e17-a444-f570127b5d4f,2026-08-15T23:15:00Z,2026-08-16T01:15:00+0200,11263.934,MW,NL,NL,forecast_load,Forecasted Load,2026-08-16T07:22:13Z
2026-08-16T07:18:28Z,2026-08-16T09:18:28+0200,aaa9bd4d-7504-4e17-a444-f570127b5d4f,2026-08-15T23:30:00Z,2026-08-16T01:30:00+0200,11068.408,MW,NL,NL,forecast_load,Forecasted Load,2026-08-16T07:22:13Z
2026-08-16T07:18:28Z,2026-08-16T09:18:28+0200,aaa9bd4d-7504-4e17-a444-f570127b5d4f,2026-08-15T23:45:00Z,2026-08-16T01:45:00+0200,10886.997,MW,NL,NL,forecast_load,Forecasted Load,2026-08-16T07:22:13Z
2026-08-16T07:18:28Z,2026-08-16T09:18:28+0200,aaa9bd4d-7504-4e17-a444-f570127b5d4f,2026-08-16T00:00:00Z,2026-08-16T02:00:00+0200,10776.446,MW,NL,NL,forecast_load,Forecasted Load,2026-08-16T07:22:13Z
2026-08-16T07:18:28Z,2026-08-16T09:18:28+0200,aaa9bd4d-7504-4e17-a444-f570127b5d4f,2026-08-16T00:15:00Z,2026-08-16T02:15:00+0200,10645.786,MW,NL,NL,forecast_load,Forecasted Load,2026-08-16T07:22:13Z
2026-08-16T07:18:28Z,2026-08-16T09:18:28+0200,aaa9bd4d-7504-4e17-a444-f570127b5d4f,2026-08-16T00:30:00Z,2026-08-16T02:30:00+0200,10544.894,MW,NL,NL,forecast_load,Forecasted Load,2026-08-16T07:22:13Z
2026-08-16T07:18:28Z,2026-08-16T09:18:28+0200,aaa9bd4d-7504-4e17-a444-f570127b5d4f,2026-08-16T00:45:00Z,2026-08-16T02:45:00+0200,10482.866,MW,NL,NL,forecast_load,Forecasted Load,2026-08-16T07:22:13Z
2026-08-16T07:18:28Z,2026-08-16T09:18:28+0200,aaa9bd4d-7504-4e17-a444-f570127b5d4f,2026-08-16T01:00:00Z,2026-08-16T03:00:00+0200,10390.043,MW,NL,NL,forecast_load,Forecasted Load,2026-08-16T07:22:13Z
2026-08-16T07:18:28Z,2026-08-16T09:18:28+0200,aaa9bd4d-7504-4e17-a444-f570127b5d4f,2026-08-16T01:15:00Z,2026-08-16T03:15:00+0200,10349.414,MW,NL,NL,forecast_load,Forecasted Load,2026-08-16T07:22:13Z
2026-08-16T07:18:28Z,2026-08-16T09:18:28+0200,aaa9bd4d-7504-4e17-a444-f570127b5d4f,2026-08-16T01:30:00Z,2026-08-16T03:30:00+0200,10307.762,MW,NL,NL,forecast_load,Forecasted Load,2026-08-16T07:22:13Z
2026-08-16T07:18:28Z,2026-08-16T09:18:28+0200,aaa9bd4d-7504-4e17-a444-f570127b5d4f,2026-08-16T01:45:00Z,2026-08-16T03:45:00+0200,10273.065,MW,NL,NL,forecast_load,Forecasted Load,2026-08-16T07:22:13Z
2026-08-16T07:18:28Z,2026-08-16T09:18:28+0200,aaa9bd4d-7504-4e17-a444-f570127b5d4f,2026-08-16T02:00:00Z,2026-08-16T04:00:00+0200,10242.854,MW,NL,NL,forecast_load,Forecasted Load,2026-08-16T07:22:13Z
2026-08-16T07:18:28Z,2026-08-16T09:18:28+0200,aaa9bd4d-7504-4e17-a444-f570127b5d4f,2026-08-16T02:15:00Z,2026-08-16T04:15:00+0200,10197.83,MW,NL,NL,forecast_load,Forecasted Load,2026-08-16T07:22:13Z
2026-08-16T07:18:28Z,2026-08-16T09:18:28+0200,aaa9bd4d-7504-4e17-a444-f570127b5d4f,2026-08-16T02:30:00Z,2026-08-16T04:30:00+0200,10176.443,MW,NL,NL,forecast_load,Forecasted Load,2026-08-16T07:22:13Z
2026-08-16T07:18:28Z,2026-08-16T09:18:28+0200,aaa9bd4d-7504-4e17-a444-f570127b5d4f,2026-08-16T02:45:00Z,2026-08-16T04:45:00+0200,10107.428,MW,NL,NL,forecast_load,Forecasted Load,2026-08-16T07:22:13Z
2026-08-16T07:18:28Z,2026-08-16T09:18:28+0200,aaa9bd4d-7504-4e17-a444-f570127b5d4f,2026-08-16T03:00:00Z,2026-08-16T05:00:00+0200,10034.506,MW,NL,NL,forecast_load,Forecasted Load,2026-08-16T07:22:13Z
2026-08-16T07:18:28Z,2026-08-16T09:18:28+0200,aaa9bd4d-7504-4e17-a444-f570127b5d4f,2026-08-16T03:15:00Z,2026-08-16T05:15:00+0200,9993.724,MW,NL,NL,forecast_load,Forecasted Load,2026-08-16T07:22:13Z
2026-08-16T07:18:28Z,2026-08-16T09:18:28+0200,aaa9bd4d-7504-4e17-a444-f570127b5d4f,2026-08-16T03:30:00Z,2026-08-16T05:30:00+0200,9916.118,MW,NL,NL,forecast_load,Forecasted Load,2026-08-16T07:22:13Z
2026-08-16T07:18:28Z,2026-08-16T09:18:28+0200,aaa9bd4d-7504-4e17-a444-f570127b5d4f,2026-08-16T03:45:00Z,2026-08-16T05:45:00+0200,9936.434,MW,NL,NL,forecast_load,Forecasted Load,2026-08-16T07:22:13Z
2026-08-16T07:18:28Z,2026-08-16T09:18:28+0200,aaa9bd4d-7504-4e17-a444-f570127b5d4f,2026-08-16T04:00:00Z,2026-08-16T06:00:00+0200,9978.625,MW,NL,NL,forecast_load,Forecasted Load,2026-08-16T07:22:13Z
2026-08-16T07:18:28Z,2026-08-16T09:18:28+0200,aaa9bd4d-7504-4e17-a444-f570127b5d4f,2026-08-16T04:15:00Z,2026-08-16T06:15:00+0200,9815.259,MW,NL,NL,forecast_load,Forecasted Load,2026-08-16T07:22:13Z
2026-08-16T07:18:28Z,2026-08-16T09:18:28+0200,aaa9bd4d-7504-4e17-a444-f570127b5d4f,2026-08-16T04:30:00Z,2026-08-16T06:30:00+0200,9675.112,MW,NL,NL,forecast_load,Forecasted Load,2026-08-16T07:22:13Z
2026-08-16T07:18:28Z,2026-08-16T09:18:28+0200,aaa9bd4d-7504-4e17-a444-f570127b5d4f,2026-08-16T04:45:00Z,2026-08-16T06:45:00+0200,9598.85,MW,NL,NL,forecast_load,Forecasted Load,2026-08-16T07:22:13Z
2026-08-16T07:18:28Z,2026-08-16T09:18:28+0200,aaa9bd4d-7504-4e17-a444-f570127b5d4f,2026-08-16T05:00:00Z,2026-08-16T07:00:00+0200,9591.522,MW,NL,NL,forecast_load,Forecasted Load,2026-08-16T07:22:13Z
2026-08-16T07:18:28Z,2026-08-16T09:18:28+0200,aaa9bd4d-7504-4e17-a444-f570127b5d4f,2026-08-16T05:15:00Z,2026-08-16T07:15:00+0200,9423.774,MW,NL,NL,forecast_load,Forecasted Load,2026-08-16T07:22:13Z
2026-08-16T07:18:28Z,2026-08-16T09:18:28+0200,aaa9bd4d-7504-4e17-a444-f570127b5d4f,2026-08-16T05:30:00Z,2026-08-16T07:30:00+0200,9354.801,MW,NL,NL,forecast_load,Forecasted Load,2026-08-16T07:22:13Z
2026-08-16T07:18:28Z,2026-08-16T09:18:28+0200,aaa9bd4d-7504-4e17-a444-f570127b5d4f,2026-08-16T05:45:00Z,2026-08-16T07:45:00+0200,9288.663,MW,NL,NL,forecast_load,Forecasted Load,2026-08-16T07:22:13Z
2026-08-16T07:18:28Z,2026-08-16T09:18:28+0200,aaa9bd4d-7504-4e17-a444-f570127b5d4f,2026-08-16T06:00:00Z,2026-08-16T08:00:00+0200,9270.968,MW,NL,NL,forecast_load,Forecasted Load,2026-08-16T07:22:13Z
2026-08-16T07:18:28Z,2026-08-16T09:18:28+0200,aaa9bd4d-7504-4e17-a444-f570127b5d4f,2026-08-16T06:15:00Z,2026-08-16T08:15:00+0200,9075.973,MW,NL,NL,forecast_load,Forecasted Load,2026-08-16T07:22:13Z
2026-08-16T07:18:28Z,2026-08-16T09:18:28+0200,aaa9bd4d-7504-4e17-a444-f570127b5d4f,2026-08-16T06:30:00Z,2026-08-16T08:30:00+0200,9157.893,MW,NL,NL,forecast_load,Forecasted Load,2026-08-16T07:22:13Z
2026-08-16T07:18:28Z,2026-08-16T09:18:28+0200,aaa9bd4d-7504-4e17-a444-f570127b5d4f,2026-08-16T06:45:00Z,2026-08-16T08:45:00+0200,9089.489,MW,NL,NL,forecast_load,Forecasted Load,2026-08-16T07:22:13Z
2026-08-16T07:18:28Z,2026-08-16T09:18:28+0200,aaa9bd4d-7504-4e17-a444-f570127b5d4f,2026-08-16T07:00:00Z,2026-08-16T09:00:00+0200,9133.386,MW,NL,NL,forecast_load,Forecasted Load,2026-08-16T07:22:13Z
2026-08-16T07:18:28Z,2026-08-16T09:18:28+0200,aaa9bd4d-7504-4e17-a444-f570127b5d4f,2026-08-16T07:15:00Z,2026-08-16T09:15:00+0200,9164.296,MW,NL,NL,forecast_load,Forecasted Load,2026-08-16T07:22:13Z
2026-08-16T07:18:28Z,2026-08-16T09:18:28+0200,aaa9bd4d-7504-4e17-a444-f570127b5d4f,2026-08-16T07:30:00Z,2026-08-16T09:30:00+0200,9193.325,MW,NL,NL,forecast_load,Forecasted Load,2026-08-16T07:22:13Z
