collection_time_utc,collection_time_local,run_id,timestamp_utc,timestamp_local,value,unit,country,entsoe_area,variable,source,updated_at_utc
2026-07-28T18:18:08Z,2026-07-28T20:18:08+0200,139a36cd-3f66-4469-9ae3-07e849d7273d,2026-06-27T18:30:00Z,2026-06-27T20:30:00+0200,98.6453,MW,DK2,DK_2,actual_solar_generation,Solar,2026-07-28T18:21:33Z
2026-07-28T18:18:08Z,2026-07-28T20:18:08+0200,139a36cd-3f66-4469-9ae3-07e849d7273d,2026-06-27T18:45:00Z,2026-06-27T20:45:00+0200,78.4255,MW,DK2,DK_2,actual_solar_generation,Solar,2026-07-28T18:21:33Z
2026-07-28T18:18:08Z,2026-07-28T20:18:08+0200,139a36cd-3f66-4469-9ae3-07e849d7273d,2026-06-27T19:00:00Z,2026-06-27T21:00:00+0200,46.6513,MW,DK2,DK_2,actual_solar_generation,Solar,2026-07-28T18:21:33Z
2026-07-28T18:18:08Z,2026-07-28T20:18:08+0200,139a36cd-3f66-4469-9ae3-07e849d7273d,2026-06-27T19:15:00Z,2026-06-27T21:15:00+0200,26.4654,MW,DK2,DK_2,actual_solar_generation,Solar,2026-07-28T18:21:33Z
2026-07-28T18:18:08Z,2026-07-28T20:18:08+0200,139a36cd-3f66-4469-9ae3-07e849d7273d,2026-06-27T19:30:00Z,2026-06-27T21:30:00+0200,15.4061,MW,DK2,DK_2,actual_solar_generation,Solar,2026-07-28T18:21:33Z
2026-07-28T18:18:08Z,2026-07-28T20:18:08+0200,139a36cd-3f66-4469-9ae3-07e849d7273d,2026-06-27T19:45:00Z,2026-06-27T21:45:00+0200,7.26703,MW,DK2,DK_2,actual_solar_generation,Solar,2026-07-28T18:21:33Z
2026-07-28T18:18:08Z,2026-07-28T20:18:08+0200,139a36cd-3f66-4469-9ae3-07e849d7273d,2026-06-27T20:00:00Z,2026-06-27T22:00:00+0200,4.10312,MW,DK2,DK_2,actual_solar_generation,Solar,2026-07-28T18:21:33Z
2026-07-28T18:18:08Z,2026-07-28T20:18:08+0200,139a36cd-3f66-4469-9ae3-07e849d7273d,2026-06-27T20:15:00Z,2026-06-27T22:15:00+0200,3.38698,MW,DK2,DK_2,actual_solar_generation,Solar,2026-07-28T18:21:33Z
2026-07-28T18:18:08Z,2026-07-28T20:18:08+0200,139a36cd-3f66-4469-9ae3-07e849d7273d,2026-06-27T20:30:00Z,2026-06-27T22:30:00+0200,3.37947,MW,DK2,DK_2,actual_solar_generation,Solar,2026-07-28T18:21:33Z
2026-07-28T18:18:08Z,2026-07-28T20:18:08+0200,139a36cd-3f66-4469-9ae3-07e849d7273d,2026-06-27T20:45:00Z,2026-06-27T22:45:00+0200,3.04634,MW,DK2,DK_2,actual_solar_generation,Solar,2026-07-28T18:21:33Z
2026-07-28T18:18:08Z,2026-07-28T20:18:08+0200,139a36cd-3f66-4469-9ae3-07e849d7273d,2026-06-27T21:00:00Z,2026-06-27T23:00:00+0200,3.66287,MW,DK2,DK_2,actual_solar_generation,Solar,2026-07-28T18:21:33Z
2026-07-28T18:18:08Z,2026-07-28T20:18:08+0200,139a36cd-3f66-4469-9ae3-07e849d7273d,2026-06-27T21:15:00Z,2026-06-27T23:15:00+0200,3.0804,MW,DK2,DK_2,actual_solar_generation,Solar,2026-07-28T18:21:33Z
2026-07-28T18:18:08Z,2026-07-28T20:18:08+0200,139a36cd-3f66-4469-9ae3-07e849d7273d,2026-06-27T21:30:00Z,2026-06-27T23:30:00+0200,3.07117,MW,DK2,DK_2,actual_solar_generation,Solar,2026-07-28T18:21:33Z
2026-07-28T18:18:08Z,2026-07-28T20:18:08+0200,139a36cd-3f66-4469-9ae3-07e849d7273d,2026-06-27T21:45:00Z,2026-06-27T23:45:00+0200,3.07767,MW,DK2,DK_2,actual_solar_generation,Solar,2026-07-28T18:21:33Z
2026-07-28T18:18:08Z,2026-07-28T20:18:08+0200,139a36cd-3f66-4469-9ae3-07e849d7273d,2026-06-27T22:00:00Z,2026-06-28T00:00:00+0200,3.07593,MW,DK2,DK_2,actual_solar_generation,Solar,2026-07-28T18:21:33Z
2026-07-28T18:18:08Z,2026-07-28T20:18:08+0200,139a36cd-3f66-4469-9ae3-07e849d7273d,2026-06-27T22:15:00Z,2026-06-28T00:15:00+0200,3.07362,MW,DK2,DK_2,actual_solar_generation,Solar,2026-07-28T18:21:33Z
2026-07-28T18:18:08Z,2026-07-28T20:18:08+0200,139a36cd-3f66-4469-9ae3-07e849d7273d,2026-06-27T22:30:00Z,2026-06-28T00:30:00+0200,3.07575,MW,DK2,DK_2,actual_solar_generation,Solar,2026-07-28T18:21:33Z
2026-07-28T18:18:08Z,2026-07-28T20:18:08+0200,139a36cd-3f66-4469-9ae3-07e849d7273d,2026-06-27T22:45:00Z,2026-06-28T00:45:00+0200,3.07985,MW,DK2,DK_2,actual_solar_generation,Solar,2026-07-28T18:21:33Z
2026-07-28T18:18:08Z,2026-07-28T20:18:08+0200,139a36cd-3f66-4469-9ae3-07e849d7273d,2026-06-27T23:00:00Z,2026-06-28T01:00:00+0200,3.07629,MW,DK2,DK_2,actual_solar_generation,Solar,2026-07-28T18:21:33Z
2026-07-28T18:18:08Z,2026-07-28T20:18:08+0200,139a36cd-3f66-4469-9ae3-07e849d7273d,2026-06-27T23:15:00Z,2026-06-28T01:15:00+0200,3.08299,MW,DK2,DK_2,actual_solar_generation,Solar,2026-07-28T18:21:33Z
2026-07-28T18:18:08Z,2026-07-28T20:18:08+0200,139a36cd-3f66-4469-9ae3-07e849d7273d,2026-06-27T23:30:00Z,2026-06-28T01:30:00+0200,3.08253,MW,DK2,DK_2,actual_solar_generation,Solar,2026-07-28T18:21:33Z
2026-07-28T18:18:08Z,2026-07-28T20:18:08+0200,139a36cd-3f66-4469-9ae3-07e849d7273d,2026-06-27T23:45:00Z,2026-06-28T01:45:00+0200,3.07716,MW,DK2,DK_2,actual_solar_generation,Solar,2026-07-28T18:21:33Z
2026-07-28T18:18:08Z,2026-07-28T20:18:08+0200,139a36cd-3f66-4469-9ae3-07e849d7273d,2026-06-28T00:00:00Z,2026-06-28T02:00:00+0200,3.08276,MW,DK2,DK_2,actual_solar_generation,Solar,2026-07-28T18:21:33Z
2026-07-28T18:18:08Z,2026-07-28T20:18:08+0200,139a36cd-3f66-4469-9ae3-07e849d7273d,2026-06-28T00:15:00Z,2026-06-28T02:15:00+0200,3.07767,MW,DK2,DK_2,actual_solar_generation,Solar,2026-07-28T18:21:33Z
2026-07-28T18:18:08Z,2026-07-28T20:18:08+0200,139a36cd-3f66-4469-9ae3-07e849d7273d,2026-06-28T00:30:00Z,2026-06-28T02:30:00+0200,3.07416,MW,DK2,DK_2,actual_solar_generation,Solar,2026-07-28T18:21:33Z
2026-07-28T18:18:08Z,2026-07-28T20:18:08+0200,139a36cd-3f66-4469-9ae3-07e849d7273d,2026-06-28T00:45:00Z,2026-06-28T02:45:00+0200,3.07415,MW,DK2,DK_2,actual_solar_generation,Solar,2026-07-28T18:21:33Z
2026-07-28T18:18:08Z,2026-07-28T20:18:08+0200,139a36cd-3f66-4469-9ae3-07e849d7273d,2026-06-28T01:00:00Z,2026-06-28T03:00:00+0200,3.07116,MW,DK2,DK_2,actual_solar_generation,Solar,2026-07-28T18:21:33Z
2026-07-28T18:18:08Z,2026-07-28T20:18:08+0200,139a36cd-3f66-4469-9ae3-07e849d7273d,2026-06-28T01:15:00Z,2026-06-28T03:15:00+0200,3.09399,MW,DK2,DK_2,actual_solar_generation,Solar,2026-07-28T18:21:33Z
2026-07-28T18:18:08Z,2026-07-28T20:18:08+0200,139a36cd-3f66-4469-9ae3-07e849d7273d,2026-06-28T01:30:00Z,2026-06-28T03:30:00+0200,3.09462,MW,DK2,DK_2,actual_solar_generation,Solar,2026-07-28T18:21:33Z
2026-07-28T18:18:08Z,2026-07-28T20:18:08+0200,139a36cd-3f66-4469-9ae3-07e849d7273d,2026-06-28T01:45:00Z,2026-06-28T03:45:00+0200,3.30654,MW,DK2,DK_2,actual_solar_generation,Solar,2026-07-28T18:21:33Z
2026-07-28T18:18:08Z,2026-07-28T20:18:08+0200,139a36cd-3f66-4469-9ae3-07e849d7273d,2026-06-28T02:00:00Z,2026-06-28T04:00:00+0200,3.07463,MW,DK2,DK_2,actual_solar_generation,Solar,2026-07-28T18:21:33Z
2026-07-28T18:18:08Z,2026-07-28T20:18:08+0200,139a36cd-3f66-4469-9ae3-07e849d7273d,2026-06-28T02:15:00Z,2026-06-28T04:15:00+0200,3.08222,MW,DK2,DK_2,actual_solar_generation,Solar,2026-07-28T18:21:33Z
2026-07-28T18:18:08Z,2026-07-28T20:18:08+0200,139a36cd-3f66-4469-9ae3-07e849d7273d,2026-06-28T02:30:00Z,2026-06-28T04:30:00+0200,3.11852,MW,DK2,DK_2,actual_solar_generation,Solar,2026-07-28T18:21:33Z
2026-07-28T18:18:08Z,2026-07-28T20:18:08+0200,139a36cd-3f66-4469-9ae3-07e849d7273d,2026-06-28T02:45:00Z,2026-06-28T04:45:00+0200,3.36231,MW,DK2,DK_2,actual_solar_generation,Solar,2026-07-28T18:21:33Z
2026-07-28T18:18:08Z,2026-07-28T20:18:08+0200,139a36cd-3f66-4469-9ae3-07e849d7273d,2026-06-28T03:00:00Z,2026-06-28T05:00:00+0200,4.01514,MW,DK2,DK_2,actual_solar_generation,Solar,2026-07-28T18:21:33Z
2026-07-28T18:18:08Z,2026-07-28T20:18:08+0200,139a36cd-3f66-4469-9ae3-07e849d7273d,2026-06-28T03:15:00Z,2026-06-28T05:15:00+0200,4.24235,MW,DK2,DK_2,actual_solar_generation,Solar,2026-07-28T18:21:33Z
2026-07-28T18:18:08Z,2026-07-28T20:18:08+0200,139a36cd-3f66-4469-9ae3-07e849d7273d,2026-06-28T03:30:00Z,2026-06-28T05:30:00+0200,4.90787,MW,DK2,DK_2,actual_solar_generation,Solar,2026-07-28T18:21:33Z
2026-07-28T18:18:08Z,2026-07-28T20:18:08+0200,139a36cd-3f66-4469-9ae3-07e849d7273d,2026-06-28T03:45:00Z,2026-06-28T05:45:00+0200,5.3494,MW,DK2,DK_2,actual_solar_generation,Solar,2026-07-28T18:21:33Z
2026-07-28T18:18:08Z,2026-07-28T20:18:08+0200,139a36cd-3f66-4469-9ae3-07e849d7273d,2026-06-28T04:00:00Z,2026-06-28T06:00:00+0200,5.68333,MW,DK2,DK_2,actual_solar_generation,Solar,2026-07-28T18:21:33Z
2026-07-28T18:18:08Z,2026-07-28T20:18:08+0200,139a36cd-3f66-4469-9ae3-07e849d7273d,2026-06-28T04:15:00Z,2026-06-28T06:15:00+0200,5.91003,MW,DK2,DK_2,actual_solar_generation,Solar,2026-07-28T18:21:33Z
2026-07-28T18:18:08Z,2026-07-28T20:18:08+0200,139a36cd-3f66-4469-9ae3-07e849d7273d,2026-06-28T04:30:00Z,2026-06-28T06:30:00+0200,6.48513,MW,DK2,DK_2,actual_solar_generation,Solar,2026-07-28T18:21:33Z
2026-07-28T18:18:08Z,2026-07-28T20:18:08+0200,139a36cd-3f66-4469-9ae3-07e849d7273d,2026-06-28T04:45:00Z,2026-06-28T06:45:00+0200,7.85978,MW,DK2,DK_2,actual_solar_generation,Solar,2026-07-28T18:21:33Z
2026-07-28T18:18:08Z,2026-07-28T20:18:08+0200,139a36cd-3f66-4469-9ae3-07e849d7273d,2026-06-28T05:00:00Z,2026-06-28T07:00:00+0200,11.3272,MW,DK2,DK_2,actual_solar_generation,Solar,2026-07-28T18:21:33Z
2026-07-28T18:18:08Z,2026-07-28T20:18:08+0200,139a36cd-3f66-4469-9ae3-07e849d7273d,2026-06-28T05:15:00Z,2026-06-28T07:15:00+0200,20.466,MW,DK2,DK_2,actual_solar_generation,Solar,2026-07-28T18:21:33Z
2026-07-28T18:18:08Z,2026-07-28T20:18:08+0200,139a36cd-3f66-4469-9ae3-07e849d7273d,2026-06-28T05:30:00Z,2026-06-28T07:30:00+0200,41.5336,MW,DK2,DK_2,actual_solar_generation,Solar,2026-07-28T18:21:33Z
2026-07-28T18:18:08Z,2026-07-28T20:18:08+0200,139a36cd-3f66-4469-9ae3-07e849d7273d,2026-06-28T05:45:00Z,2026-06-28T07:45:00+0200,73.417,MW,DK2,DK_2,actual_solar_generation,Solar,2026-07-28T18:21:33Z
2026-07-28T18:18:08Z,2026-07-28T20:18:08+0200,139a36cd-3f66-4469-9ae3-07e849d7273d,2026-06-28T06:00:00Z,2026-06-28T08:00:00+0200,101.771,MW,DK2,DK_2,actual_solar_generation,Solar,2026-07-28T18:21:33Z
2026-07-28T18:18:08Z,2026-07-28T20:18:08+0200,139a36cd-3f66-4469-9ae3-07e849d7273d,2026-06-28T06:15:00Z,2026-06-28T08:15:00+0200,106.766,MW,DK2,DK_2,actual_solar_generation,Solar,2026-07-28T18:21:33Z
2026-07-28T18:18:08Z,2026-07-28T20:18:08+0200,139a36cd-3f66-4469-9ae3-07e849d7273d,2026-06-28T06:30:00Z,2026-06-28T08:30:00+0200,146.469,MW,DK2,DK_2,actual_solar_generation,Solar,2026-07-28T18:21:33Z
2026-07-28T18:18:08Z,2026-07-28T20:18:08+0200,139a36cd-3f66-4469-9ae3-07e849d7273d,2026-06-28T06:45:00Z,2026-06-28T08:45:00+0200,268.125,MW,DK2,DK_2,actual_solar_generation,Solar,2026-07-28T18:21:33Z
2026-07-28T18:18:08Z,2026-07-28T20:18:08+0200,139a36cd-3f66-4469-9ae3-07e849d7273d,2026-06-28T07:00:00Z,2026-06-28T09:00:00+0200,445.506,MW,DK2,DK_2,actual_solar_generation,Solar,2026-07-28T18:21:33Z
2026-07-28T18:18:08Z,2026-07-28T20:18:08+0200,139a36cd-3f66-4469-9ae3-07e849d7273d,2026-06-28T07:15:00Z,2026-06-28T09:15:00+0200,589.377,MW,DK2,DK_2,actual_solar_generation,Solar,2026-07-28T18:21:33Z
2026-07-28T18:18:08Z,2026-07-28T20:18:08+0200,139a36cd-3f66-4469-9ae3-07e849d7273d,2026-06-28T07:30:00Z,2026-06-28T09:30:00+0200,583.436,MW,DK2,DK_2,actual_solar_generation,Solar,2026-07-28T18:21:33Z
2026-07-28T18:18:08Z,2026-07-28T20:18:08+0200,139a36cd-3f66-4469-9ae3-07e849d7273d,2026-06-28T07:45:00Z,2026-06-28T09:45:00+0200,601.758,MW,DK2,DK_2,actual_solar_generation,Solar,2026-07-28T18:21:33Z
2026-07-28T18:18:08Z,2026-07-28T20:18:08+0200,139a36cd-3f66-4469-9ae3-07e849d7273d,2026-06-28T08:00:00Z,2026-06-28T10:00:00+0200,696.509,MW,DK2,DK_2,actual_solar_generation,Solar,2026-07-28T18:21:33Z
2026-07-28T18:18:08Z,2026-07-28T20:18:08+0200,139a36cd-3f66-4469-9ae3-07e849d7273d,2026-06-28T08:15:00Z,2026-06-28T10:15:00+0200,730.61,MW,DK2,DK_2,actual_solar_generation,Solar,2026-07-28T18:21:33Z
2026-07-28T18:18:08Z,2026-07-28T20:18:08+0200,139a36cd-3f66-4469-9ae3-07e849d7273d,2026-06-28T08:30:00Z,2026-06-28T10:30:00+0200,791.656,MW,DK2,DK_2,actual_solar_generation,Solar,2026-07-28T18:21:33Z
2026-07-28T18:18:08Z,2026-07-28T20:18:08+0200,139a36cd-3f66-4469-9ae3-07e849d7273d,2026-06-28T08:45:00Z,2026-06-28T10:45:00+0200,851.872,MW,DK2,DK_2,actual_solar_generation,Solar,2026-07-28T18:21:33Z
2026-07-28T18:18:08Z,2026-07-28T20:18:08+0200,139a36cd-3f66-4469-9ae3-07e849d7273d,2026-06-28T09:00:00Z,2026-06-28T11:00:00+0200,847.643,MW,DK2,DK_2,actual_solar_generation,Solar,2026-07-28T18:21:33Z
2026-07-28T18:18:08Z,2026-07-28T20:18:08+0200,139a36cd-3f66-4469-9ae3-07e849d7273d,2026-06-28T09:15:00Z,2026-06-28T11:15:00+0200,902.891,MW,DK2,DK_2,actual_solar_generation,Solar,2026-07-28T18:21:33Z
2026-07-28T18:18:08Z,2026-07-28T20:18:08+0200,139a36cd-3f66-4469-9ae3-07e849d7273d,2026-06-28T09:30:00Z,2026-06-28T11:30:00+0200,852.732,MW,DK2,DK_2,actual_solar_generation,Solar,2026-07-28T18:21:33Z
2026-07-28T18:18:08Z,2026-07-28T20:18:08+0200,139a36cd-3f66-4469-9ae3-07e849d7273d,2026-06-28T09:45:00Z,2026-06-28T11:45:00+0200,898.622,MW,DK2,DK_2,actual_solar_generation,Solar,2026-07-28T18:21:33Z
2026-07-28T18:18:08Z,2026-07-28T20:18:08+0200,139a36cd-3f66-4469-9ae3-07e849d7273d,2026-06-28T10:00:00Z,2026-06-28T12:00:00+0200,985.294,MW,DK2,DK_2,actual_solar_generation,Solar,2026-07-28T18:21:33Z
2026-07-28T18:18:08Z,2026-07-28T20:18:08+0200,139a36cd-3f66-4469-9ae3-07e849d7273d,2026-06-28T10:15:00Z,2026-06-28T12:15:00+0200,917.209,MW,DK2,DK_2,actual_solar_generation,Solar,2026-07-28T18:21:33Z
2026-07-28T18:18:08Z,2026-07-28T20:18:08+0200,139a36cd-3f66-4469-9ae3-07e849d7273d,2026-06-28T10:30:00Z,2026-06-28T12:30:00+0200,983.582,MW,DK2,DK_2,actual_solar_generation,Solar,2026-07-28T18:21:33Z
2026-07-28T18:18:08Z,2026-07-28T20:18:08+0200,139a36cd-3f66-4469-9ae3-07e849d7273d,2026-06-28T10:45:00Z,2026-06-28T12:45:00+0200,1034.37,MW,DK2,DK_2,actual_solar_generation,Solar,2026-07-28T18:21:33Z
2026-07-28T18:18:08Z,2026-07-28T20:18:08+0200,139a36cd-3f66-4469-9ae3-07e849d7273d,2026-06-28T11:00:00Z,2026-06-28T13:00:00+0200,1032.22,MW,DK2,DK_2,actual_solar_generation,Solar,2026-07-28T18:21:33Z
2026-07-28T18:18:08Z,2026-07-28T20:18:08+0200,139a36cd-3f66-4469-9ae3-07e849d7273d,2026-06-28T11:15:00Z,2026-06-28T13:15:00+0200,1029.28,MW,DK2,DK_2,actual_solar_generation,Solar,2026-07-28T18:21:33Z
2026-07-28T18:18:08Z,2026-07-28T20:18:08+0200,139a36cd-3f66-4469-9ae3-07e849d7273d,2026-06-28T11:30:00Z,2026-06-28T13:30:00+0200,1022.0,MW,DK2,DK_2,actual_solar_generation,Solar,2026-07-28T18:21:33Z
2026-07-28T18:18:08Z,2026-07-28T20:18:08+0200,139a36cd-3f66-4469-9ae3-07e849d7273d,2026-06-28T11:45:00Z,2026-06-28T13:45:00+0200,1030.64,MW,DK2,DK_2,actual_solar_generation,Solar,2026-07-28T18:21:33Z
2026-07-28T18:18:08Z,2026-07-28T20:18:08+0200,139a36cd-3f66-4469-9ae3-07e849d7273d,2026-06-28T12:00:00Z,2026-06-28T14:00:00+0200,1046.57,MW,DK2,DK_2,actual_solar_generation,Solar,2026-07-28T18:21:33Z
2026-07-28T18:18:08Z,2026-07-28T20:18:08+0200,139a36cd-3f66-4469-9ae3-07e849d7273d,2026-06-28T12:15:00Z,2026-06-28T14:15:00+0200,1065.25,MW,DK2,DK_2,actual_solar_generation,Solar,2026-07-28T18:21:33Z
2026-07-28T18:18:08Z,2026-07-28T20:18:08+0200,139a36cd-3f66-4469-9ae3-07e849d7273d,2026-06-28T12:30:00Z,2026-06-28T14:30:00+0200,1018.05,MW,DK2,DK_2,actual_solar_generation,Solar,2026-07-28T18:21:33Z
2026-07-28T18:18:08Z,2026-07-28T20:18:08+0200,139a36cd-3f66-4469-9ae3-07e849d7273d,2026-06-28T12:45:00Z,2026-06-28T14:45:00+0200,1023.89,MW,DK2,DK_2,actual_solar_generation,Solar,2026-07-28T18:21:33Z
2026-07-28T18:18:08Z,2026-07-28T20:18:08+0200,139a36cd-3f66-4469-9ae3-07e849d7273d,2026-06-28T13:00:00Z,2026-06-28T15:00:00+0200,1023.09,MW,DK2,DK_2,actual_solar_generation,Solar,2026-07-28T18:21:33Z
2026-07-28T18:18:08Z,2026-07-28T20:18:08+0200,139a36cd-3f66-4469-9ae3-07e849d7273d,2026-06-28T13:15:00Z,2026-06-28T15:15:00+0200,972.534,MW,DK2,DK_2,actual_solar_generation,Solar,2026-07-28T18:21:33Z
2026-07-28T18:18:08Z,2026-07-28T20:18:08+0200,139a36cd-3f66-4469-9ae3-07e849d7273d,2026-06-28T13:30:00Z,2026-06-28T15:30:00+0200,978.085,MW,DK2,DK_2,actual_solar_generation,Solar,2026-07-28T18:21:33Z
2026-07-28T18:18:08Z,2026-07-28T20:18:08+0200,139a36cd-3f66-4469-9ae3-07e849d7273d,2026-06-28T13:45:00Z,2026-06-28T15:45:00+0200,950.572,MW,DK2,DK_2,actual_solar_generation,Solar,2026-07-28T18:21:33Z
2026-07-28T18:18:08Z,2026-07-28T20:18:08+0200,139a36cd-3f66-4469-9ae3-07e849d7273d,2026-06-28T14:00:00Z,2026-06-28T16:00:00+0200,941.554,MW,DK2,DK_2,actual_solar_generation,Solar,2026-07-28T18:21:33Z
2026-07-28T18:18:08Z,2026-07-28T20:18:08+0200,139a36cd-3f66-4469-9ae3-07e849d7273d,2026-06-28T14:15:00Z,2026-06-28T16:15:00+0200,897.931,MW,DK2,DK_2,actual_solar_generation,Solar,2026-07-28T18:21:33Z
2026-07-28T18:18:08Z,2026-07-28T20:18:08+0200,139a36cd-3f66-4469-9ae3-07e849d7273d,2026-06-28T14:30:00Z,2026-06-28T16:30:00+0200,852.651,MW,DK2,DK_2,actual_solar_generation,Solar,2026-07-28T18:21:33Z
2026-07-28T18:18:08Z,2026-07-28T20:18:08+0200,139a36cd-3f66-4469-9ae3-07e849d7273d,2026-06-28T14:45:00Z,2026-06-28T16:45:00+0200,830.155,MW,DK2,DK_2,actual_solar_generation,Solar,2026-07-28T18:21:33Z
2026-07-28T18:18:08Z,2026-07-28T20:18:08+0200,139a36cd-3f66-4469-9ae3-07e849d7273d,2026-06-28T15:00:00Z,2026-06-28T17:00:00+0200,777.353,MW,DK2,DK_2,actual_solar_generation,Solar,2026-07-28T18:21:33Z
2026-07-28T18:18:08Z,2026-07-28T20:18:08+0200,139a36cd-3f66-4469-9ae3-07e849d7273d,2026-06-28T15:15:00Z,2026-06-28T17:15:00+0200,737.988,MW,DK2,DK_2,actual_solar_generation,Solar,2026-07-28T18:21:33Z
2026-07-28T18:18:08Z,2026-07-28T20:18:08+0200,139a36cd-3f66-4469-9ae3-07e849d7273d,2026-06-28T15:30:00Z,2026-06-28T17:30:00+0200,691.353,MW,DK2,DK_2,actual_solar_generation,Solar,2026-07-28T18:21:33Z
2026-07-28T18:18:08Z,2026-07-28T20:18:08+0200,139a36cd-3f66-4469-9ae3-07e849d7273d,2026-06-28T15:45:00Z,2026-06-28T17:45:00+0200,631.306,MW,DK2,DK_2,actual_solar_generation,Solar,2026-07-28T18:21:33Z
2026-07-28T18:18:08Z,2026-07-28T20:18:08+0200,139a36cd-3f66-4469-9ae3-07e849d7273d,2026-06-28T16:00:00Z,2026-06-28T18:00:00+0200,574.047,MW,DK2,DK_2,actual_solar_generation,Solar,2026-07-28T18:21:33Z
2026-07-28T18:18:08Z,2026-07-28T20:18:08+0200,139a36cd-3f66-4469-9ae3-07e849d7273d,2026-06-28T16:15:00Z,2026-06-28T18:15:00+0200,511.62,MW,DK2,DK_2,actual_solar_generation,Solar,2026-07-28T18:21:33Z
2026-07-28T18:18:08Z,2026-07-28T20:18:08+0200,139a36cd-3f66-4469-9ae3-07e849d7273d,2026-06-28T16:30:00Z,2026-06-28T18:30:00+0200,419.643,MW,DK2,DK_2,actual_solar_generation,Solar,2026-07-28T18:21:33Z
2026-07-28T18:18:08Z,2026-07-28T20:18:08+0200,139a36cd-3f66-4469-9ae3-07e849d7273d,2026-06-28T16:45:00Z,2026-06-28T18:45:00+0200,365.088,MW,DK2,DK_2,actual_solar_generation,Solar,2026-07-28T18:21:33Z
2026-07-28T18:18:08Z,2026-07-28T20:18:08+0200,139a36cd-3f66-4469-9ae3-07e849d7273d,2026-06-28T17:00:00Z,2026-06-28T19:00:00+0200,322.437,MW,DK2,DK_2,actual_solar_generation,Solar,2026-07-28T18:21:33Z
2026-07-28T18:18:08Z,2026-07-28T20:18:08+0200,139a36cd-3f66-4469-9ae3-07e849d7273d,2026-06-28T17:15:00Z,2026-06-28T19:15:00+0200,260.639,MW,DK2,DK_2,actual_solar_generation,Solar,2026-07-28T18:21:33Z
2026-07-28T18:18:08Z,2026-07-28T20:18:08+0200,139a36cd-3f66-4469-9ae3-07e849d7273d,2026-06-28T17:30:00Z,2026-06-28T19:30:00+0200,210.34,MW,DK2,DK_2,actual_solar_generation,Solar,2026-07-28T18:21:33Z
2026-07-28T18:18:08Z,2026-07-28T20:18:08+0200,139a36cd-3f66-4469-9ae3-07e849d7273d,2026-06-28T17:45:00Z,2026-06-28T19:45:00+0200,158.589,MW,DK2,DK_2,actual_solar_generation,Solar,2026-07-28T18:21:33Z
2026-07-28T18:18:08Z,2026-07-28T20:18:08+0200,139a36cd-3f66-4469-9ae3-07e849d7273d,2026-06-28T18:00:00Z,2026-06-28T20:00:00+0200,126.668,MW,DK2,DK_2,actual_solar_generation,Solar,2026-07-28T18:21:33Z
2026-07-28T18:18:08Z,2026-07-28T20:18:08+0200,139a36cd-3f66-4469-9ae3-07e849d7273d,2026-06-28T18:15:00Z,2026-06-28T20:15:00+0200,98.8371,MW,DK2,DK_2,actual_solar_generation,Solar,2026-07-28T18:21:33Z
2026-07-28T18:18:08Z,2026-07-28T20:18:08+0200,139a36cd-3f66-4469-9ae3-07e849d7273d,2026-06-28T18:30:00Z,2026-06-28T20:30:00+0200,75.049,MW,DK2,DK_2,actual_solar_generation,Solar,2026-07-28T18:21:33Z
2026-07-28T18:18:08Z,2026-07-28T20:18:08+0200,139a36cd-3f66-4469-9ae3-07e849d7273d,2026-06-28T18:45:00Z,2026-06-28T20:45:00+0200,53.7571,MW,DK2,DK_2,actual_solar_generation,Solar,2026-07-28T18:21:33Z
2026-07-28T18:18:08Z,2026-07-28T20:18:08+0200,139a36cd-3f66-4469-9ae3-07e849d7273d,2026-06-28T19:00:00Z,2026-06-28T21:00:00+0200,45.6571,MW,DK2,DK_2,actual_solar_generation,Solar,2026-07-28T18:21:33Z
2026-07-28T18:18:08Z,2026-07-28T20:18:08+0200,139a36cd-3f66-4469-9ae3-07e849d7273d,2026-06-28T19:15:00Z,2026-06-28T21:15:00+0200,34.506,MW,DK2,DK_2,actual_solar_generation,Solar,2026-07-28T18:21:33Z
2026-07-28T18:18:08Z,2026-07-28T20:18:08+0200,139a36cd-3f66-4469-9ae3-07e849d7273d,2026-06-28T19:30:00Z,2026-06-28T21:30:00+0200,24.5517,MW,DK2,DK_2,actual_solar_generation,Solar,2026-07-28T18:21:33Z
2026-07-28T18:18:08Z,2026-07-28T20:18:08+0200,139a36cd-3f66-4469-9ae3-07e849d7273d,2026-06-28T19:45:00Z,2026-06-28T21:45:00+0200,16.4477,MW,DK2,DK_2,actual_solar_generation,Solar,2026-07-28T18:21:33Z
2026-07-28T18:18:08Z,2026-07-28T20:18:08+0200,139a36cd-3f66-4469-9ae3-07e849d7273d,2026-06-28T20:00:00Z,2026-06-28T22:00:00+0200,6.76608,MW,DK2,DK_2,actual_solar_generation,Solar,2026-07-28T18:21:33Z
2026-07-28T18:18:08Z,2026-07-28T20:18:08+0200,139a36cd-3f66-4469-9ae3-07e849d7273d,2026-06-28T20:15:00Z,2026-06-28T22:15:00+0200,3.20196,MW,DK2,DK_2,actual_solar_generation,Solar,2026-07-28T18:21:33Z
2026-07-28T18:18:08Z,2026-07-28T20:18:08+0200,139a36cd-3f66-4469-9ae3-07e849d7273d,2026-06-28T20:30:00Z,2026-06-28T22:30:00+0200,3.39844,MW,DK2,DK_2,actual_solar_generation,Solar,2026-07-28T18:21:33Z
2026-07-28T18:18:08Z,2026-07-28T20:18:08+0200,139a36cd-3f66-4469-9ae3-07e849d7273d,2026-06-28T20:45:00Z,2026-06-28T22:45:00+0200,3.83028,MW,DK2,DK_2,actual_solar_generation,Solar,2026-07-28T18:21:33Z
2026-07-28T18:18:08Z,2026-07-28T20:18:08+0200,139a36cd-3f66-4469-9ae3-07e849d7273d,2026-06-28T21:00:00Z,2026-06-28T23:00:00+0200,3.17687,MW,DK2,DK_2,actual_solar_generation,Solar,2026-07-28T18:21:33Z
2026-07-28T18:18:08Z,2026-07-28T20:18:08+0200,139a36cd-3f66-4469-9ae3-07e849d7273d,2026-06-28T21:15:00Z,2026-06-28T23:15:00+0200,3.14979,MW,DK2,DK_2,actual_solar_generation,Solar,2026-07-28T18:21:33Z
2026-07-28T18:18:08Z,2026-07-28T20:18:08+0200,139a36cd-3f66-4469-9ae3-07e849d7273d,2026-06-28T21:30:00Z,2026-06-28T23:30:00+0200,3.03529,MW,DK2,DK_2,actual_solar_generation,Solar,2026-07-28T18:21:33Z
2026-07-28T18:18:08Z,2026-07-28T20:18:08+0200,139a36cd-3f66-4469-9ae3-07e849d7273d,2026-06-28T21:45:00Z,2026-06-28T23:45:00+0200,3.03268,MW,DK2,DK_2,actual_solar_generation,Solar,2026-07-28T18:21:33Z
2026-07-28T18:18:08Z,2026-07-28T20:18:08+0200,139a36cd-3f66-4469-9ae3-07e849d7273d,2026-06-28T22:00:00Z,2026-06-29T00:00:00+0200,3.01831,MW,DK2,DK_2,actual_solar_generation,Solar,2026-07-28T18:21:33Z
2026-07-28T18:18:08Z,2026-07-28T20:18:08+0200,139a36cd-3f66-4469-9ae3-07e849d7273d,2026-06-28T22:15:00Z,2026-06-29T00:15:00+0200,3.0272,MW,DK2,DK_2,actual_solar_generation,Solar,2026-07-28T18:21:33Z
2026-07-28T18:18:08Z,2026-07-28T20:18:08+0200,139a36cd-3f66-4469-9ae3-07e849d7273d,2026-06-28T22:30:00Z,2026-06-29T00:30:00+0200,3.03898,MW,DK2,DK_2,actual_solar_generation,Solar,2026-07-28T18:21:33Z
2026-07-28T18:18:08Z,2026-07-28T20:18:08+0200,139a36cd-3f66-4469-9ae3-07e849d7273d,2026-06-28T22:45:00Z,2026-06-29T00:45:00+0200,3.03852,MW,DK2,DK_2,actual_solar_generation,Solar,2026-07-28T18:21:33Z
2026-07-28T18:18:08Z,2026-07-28T20:18:08+0200,139a36cd-3f66-4469-9ae3-07e849d7273d,2026-06-28T23:00:00Z,2026-06-29T01:00:00+0200,3.02804,MW,DK2,DK_2,actual_solar_generation,Solar,2026-07-28T18:21:33Z
2026-07-28T18:18:08Z,2026-07-28T20:18:08+0200,139a36cd-3f66-4469-9ae3-07e849d7273d,2026-06-28T23:15:00Z,2026-06-29T01:15:00+0200,3.02961,MW,DK2,DK_2,actual_solar_generation,Solar,2026-07-28T18:21:33Z
2026-07-28T18:18:08Z,2026-07-28T20:18:08+0200,139a36cd-3f66-4469-9ae3-07e849d7273d,2026-06-28T23:30:00Z,2026-06-29T01:30:00+0200,3.0307,MW,DK2,DK_2,actual_solar_generation,Solar,2026-07-28T18:21:33Z
2026-07-28T18:18:08Z,2026-07-28T20:18:08+0200,139a36cd-3f66-4469-9ae3-07e849d7273d,2026-06-28T23:45:00Z,2026-06-29T01:45:00+0200,3.02887,MW,DK2,DK_2,actual_solar_generation,Solar,2026-07-28T18:21:33Z
2026-07-28T18:18:08Z,2026-07-28T20:18:08+0200,139a36cd-3f66-4469-9ae3-07e849d7273d,2026-06-29T00:00:00Z,2026-06-29T02:00:00+0200,3.02607,MW,DK2,DK_2,actual_solar_generation,Solar,2026-07-28T18:21:33Z
2026-07-28T18:18:08Z,2026-07-28T20:18:08+0200,139a36cd-3f66-4469-9ae3-07e849d7273d,2026-06-29T00:15:00Z,2026-06-29T02:15:00+0200,3.02492,MW,DK2,DK_2,actual_solar_generation,Solar,2026-07-28T18:21:33Z
2026-07-28T18:18:08Z,2026-07-28T20:18:08+0200,139a36cd-3f66-4469-9ae3-07e849d7273d,2026-06-29T00:30:00Z,2026-06-29T02:30:00+0200,3.02007,MW,DK2,DK_2,actual_solar_generation,Solar,2026-07-28T18:21:33Z
2026-07-28T18:18:08Z,2026-07-28T20:18:08+0200,139a36cd-3f66-4469-9ae3-07e849d7273d,2026-06-29T00:45:00Z,2026-06-29T02:45:00+0200,3.03421,MW,DK2,DK_2,actual_solar_generation,Solar,2026-07-28T18:21:33Z
2026-07-28T18:18:08Z,2026-07-28T20:18:08+0200,139a36cd-3f66-4469-9ae3-07e849d7273d,2026-06-29T01:00:00Z,2026-06-29T03:00:00+0200,3.03925,MW,DK2,DK_2,actual_solar_generation,Solar,2026-07-28T18:21:33Z
2026-07-28T18:18:08Z,2026-07-28T20:18:08+0200,139a36cd-3f66-4469-9ae3-07e849d7273d,2026-06-29T01:15:00Z,2026-06-29T03:15:00+0200,3.03725,MW,DK2,DK_2,actual_solar_generation,Solar,2026-07-28T18:21:33Z
2026-07-28T18:18:08Z,2026-07-28T20:18:08+0200,139a36cd-3f66-4469-9ae3-07e849d7273d,2026-06-29T01:30:00Z,2026-06-29T03:30:00+0200,3.08332,MW,DK2,DK_2,actual_solar_generation,Solar,2026-07-28T18:21:33Z
2026-07-28T18:18:08Z,2026-07-28T20:18:08+0200,139a36cd-3f66-4469-9ae3-07e849d7273d,2026-06-29T01:45:00Z,2026-06-29T03:45:00+0200,3.04306,MW,DK2,DK_2,actual_solar_generation,Solar,2026-07-28T18:21:33Z
2026-07-28T18:18:08Z,2026-07-28T20:18:08+0200,139a36cd-3f66-4469-9ae3-07e849d7273d,2026-06-29T02:00:00Z,2026-06-29T04:00:00+0200,3.05688,MW,DK2,DK_2,actual_solar_generation,Solar,2026-07-28T18:21:33Z
2026-07-28T18:18:08Z,2026-07-28T20:18:08+0200,139a36cd-3f66-4469-9ae3-07e849d7273d,2026-06-29T02:15:00Z,2026-06-29T04:15:00+0200,3.19316,MW,DK2,DK_2,actual_solar_generation,Solar,2026-07-28T18:21:33Z
2026-07-28T18:18:08Z,2026-07-28T20:18:08+0200,139a36cd-3f66-4469-9ae3-07e849d7273d,2026-06-29T02:30:00Z,2026-06-29T04:30:00+0200,4.13049,MW,DK2,DK_2,actual_solar_generation,Solar,2026-07-28T18:21:33Z
2026-07-28T18:18:08Z,2026-07-28T20:18:08+0200,139a36cd-3f66-4469-9ae3-07e849d7273d,2026-06-29T02:45:00Z,2026-06-29T04:45:00+0200,10.774,MW,DK2,DK_2,actual_solar_generation,Solar,2026-07-28T18:21:33Z
2026-07-28T18:18:08Z,2026-07-28T20:18:08+0200,139a36cd-3f66-4469-9ae3-07e849d7273d,2026-06-29T03:00:00Z,2026-06-29T05:00:00+0200,19.6125,MW,DK2,DK_2,actual_solar_generation,Solar,2026-07-28T18:21:33Z
2026-07-28T18:18:08Z,2026-07-28T20:18:08+0200,139a36cd-3f66-4469-9ae3-07e849d7273d,2026-06-29T03:15:00Z,2026-06-29T05:15:00+0200,37.4591,MW,DK2,DK_2,actual_solar_generation,Solar,2026-07-28T18:21:33Z
2026-07-28T18:18:08Z,2026-07-28T20:18:08+0200,139a36cd-3f66-4469-9ae3-07e849d7273d,2026-06-29T03:30:00Z,2026-06-29T05:30:00+0200,60.1406,MW,DK2,DK_2,actual_solar_generation,Solar,2026-07-28T18:21:33Z
2026-07-28T18:18:08Z,2026-07-28T20:18:08+0200,139a36cd-3f66-4469-9ae3-07e849d7273d,2026-06-29T03:45:00Z,2026-06-29T05:45:00+0200,65.2214,MW,DK2,DK_2,actual_solar_generation,Solar,2026-07-28T18:21:33Z
2026-07-28T18:18:08Z,2026-07-28T20:18:08+0200,139a36cd-3f66-4469-9ae3-07e849d7273d,2026-06-29T04:00:00Z,2026-06-29T06:00:00+0200,78.3403,MW,DK2,DK_2,actual_solar_generation,Solar,2026-07-28T18:21:33Z
2026-07-28T18:18:08Z,2026-07-28T20:18:08+0200,139a36cd-3f66-4469-9ae3-07e849d7273d,2026-06-29T04:15:00Z,2026-06-29T06:15:00+0200,105.457,MW,DK2,DK_2,actual_solar_generation,Solar,2026-07-28T18:21:33Z
2026-07-28T18:18:08Z,2026-07-28T20:18:08+0200,139a36cd-3f66-4469-9ae3-07e849d7273d,2026-06-29T04:30:00Z,2026-06-29T06:30:00+0200,130.56,MW,DK2,DK_2,actual_solar_generation,Solar,2026-07-28T18:21:33Z
2026-07-28T18:18:08Z,2026-07-28T20:18:08+0200,139a36cd-3f66-4469-9ae3-07e849d7273d,2026-06-29T04:45:00Z,2026-06-29T06:45:00+0200,134.775,MW,DK2,DK_2,actual_solar_generation,Solar,2026-07-28T18:21:33Z
2026-07-28T18:18:08Z,2026-07-28T20:18:08+0200,139a36cd-3f66-4469-9ae3-07e849d7273d,2026-06-29T05:00:00Z,2026-06-29T07:00:00+0200,207.458,MW,DK2,DK_2,actual_solar_generation,Solar,2026-07-28T18:21:33Z
2026-07-28T18:18:08Z,2026-07-28T20:18:08+0200,139a36cd-3f66-4469-9ae3-07e849d7273d,2026-06-29T05:15:00Z,2026-06-29T07:15:00+0200,235.419,MW,DK2,DK_2,actual_solar_generation,Solar,2026-07-28T18:21:33Z
2026-07-28T18:18:08Z,2026-07-28T20:18:08+0200,139a36cd-3f66-4469-9ae3-07e849d7273d,2026-06-29T05:30:00Z,2026-06-29T07:30:00+0200,292.265,MW,DK2,DK_2,actual_solar_generation,Solar,2026-07-28T18:21:33Z
2026-07-28T18:18:08Z,2026-07-28T20:18:08+0200,139a36cd-3f66-4469-9ae3-07e849d7273d,2026-06-29T05:45:00Z,2026-06-29T07:45:00+0200,298.093,MW,DK2,DK_2,actual_solar_generation,Solar,2026-07-28T18:21:33Z
2026-07-28T18:18:08Z,2026-07-28T20:18:08+0200,139a36cd-3f66-4469-9ae3-07e849d7273d,2026-06-29T06:00:00Z,2026-06-29T08:00:00+0200,318.784,MW,DK2,DK_2,actual_solar_generation,Solar,2026-07-28T18:21:33Z
2026-07-28T18:18:08Z,2026-07-28T20:18:08+0200,139a36cd-3f66-4469-9ae3-07e849d7273d,2026-06-29T06:15:00Z,2026-06-29T08:15:00+0200,300.418,MW,DK2,DK_2,actual_solar_generation,Solar,2026-07-28T18:21:33Z
2026-07-28T18:18:08Z,2026-07-28T20:18:08+0200,139a36cd-3f66-4469-9ae3-07e849d7273d,2026-06-29T06:30:00Z,2026-06-29T08:30:00+0200,391.88,MW,DK2,DK_2,actual_solar_generation,Solar,2026-07-28T18:21:33Z
2026-07-28T18:18:08Z,2026-07-28T20:18:08+0200,139a36cd-3f66-4469-9ae3-07e849d7273d,2026-06-29T06:45:00Z,2026-06-29T08:45:00+0200,358.058,MW,DK2,DK_2,actual_solar_generation,Solar,2026-07-28T18:21:33Z
2026-07-28T18:18:08Z,2026-07-28T20:18:08+0200,139a36cd-3f66-4469-9ae3-07e849d7273d,2026-06-29T07:00:00Z,2026-06-29T09:00:00+0200,403.899,MW,DK2,DK_2,actual_solar_generation,Solar,2026-07-28T18:21:33Z
2026-07-28T18:18:08Z,2026-07-28T20:18:08+0200,139a36cd-3f66-4469-9ae3-07e849d7273d,2026-06-29T07:15:00Z,2026-06-29T09:15:00+0200,474.597,MW,DK2,DK_2,actual_solar_generation,Solar,2026-07-28T18:21:33Z
2026-07-28T18:18:08Z,2026-07-28T20:18:08+0200,139a36cd-3f66-4469-9ae3-07e849d7273d,2026-06-29T07:30:00Z,2026-06-29T09:30:00+0200,464.806,MW,DK2,DK_2,actual_solar_generation,Solar,2026-07-28T18:21:33Z
2026-07-28T18:18:08Z,2026-07-28T20:18:08+0200,139a36cd-3f66-4469-9ae3-07e849d7273d,2026-06-29T07:45:00Z,2026-06-29T09:45:00+0200,348.701,MW,DK2,DK_2,actual_solar_generation,Solar,2026-07-28T18:21:33Z
2026-07-28T18:18:08Z,2026-07-28T20:18:08+0200,139a36cd-3f66-4469-9ae3-07e849d7273d,2026-06-29T08:00:00Z,2026-06-29T10:00:00+0200,326.397,MW,DK2,DK_2,actual_solar_generation,Solar,2026-07-28T18:21:33Z
2026-07-28T18:18:08Z,2026-07-28T20:18:08+0200,139a36cd-3f66-4469-9ae3-07e849d7273d,2026-06-29T08:15:00Z,2026-06-29T10:15:00+0200,281.923,MW,DK2,DK_2,actual_solar_generation,Solar,2026-07-28T18:21:33Z
2026-07-28T18:18:08Z,2026-07-28T20:18:08+0200,139a36cd-3f66-4469-9ae3-07e849d7273d,2026-06-29T08:30:00Z,2026-06-29T10:30:00+0200,275.169,MW,DK2,DK_2,actual_solar_generation,Solar,2026-07-28T18:21:33Z
2026-07-28T18:18:08Z,2026-07-28T20:18:08+0200,139a36cd-3f66-4469-9ae3-07e849d7273d,2026-06-29T08:45:00Z,2026-06-29T10:45:00+0200,265.933,MW,DK2,DK_2,actual_solar_generation,Solar,2026-07-28T18:21:33Z
2026-07-28T18:18:08Z,2026-07-28T20:18:08+0200,139a36cd-3f66-4469-9ae3-07e849d7273d,2026-06-29T09:00:00Z,2026-06-29T11:00:00+0200,260.431,MW,DK2,DK_2,actual_solar_generation,Solar,2026-07-28T18:21:33Z
2026-07-28T18:18:08Z,2026-07-28T20:18:08+0200,139a36cd-3f66-4469-9ae3-07e849d7273d,2026-06-29T09:15:00Z,2026-06-29T11:15:00+0200,266.258,MW,DK2,DK_2,actual_solar_generation,Solar,2026-07-28T18:21:33Z
2026-07-28T18:18:08Z,2026-07-28T20:18:08+0200,139a36cd-3f66-4469-9ae3-07e849d7273d,2026-06-29T09:30:00Z,2026-06-29T11:30:00+0200,300.4,MW,DK2,DK_2,actual_solar_generation,Solar,2026-07-28T18:21:33Z
2026-07-28T18:18:08Z,2026-07-28T20:18:08+0200,139a36cd-3f66-4469-9ae3-07e849d7273d,2026-06-29T09:45:00Z,2026-06-29T11:45:00+0200,321.134,MW,DK2,DK_2,actual_solar_generation,Solar,2026-07-28T18:21:33Z
2026-07-28T18:18:08Z,2026-07-28T20:18:08+0200,139a36cd-3f66-4469-9ae3-07e849d7273d,2026-06-29T10:00:00Z,2026-06-29T12:00:00+0200,341.955,MW,DK2,DK_2,actual_solar_generation,Solar,2026-07-28T18:21:33Z
2026-07-28T18:18:08Z,2026-07-28T20:18:08+0200,139a36cd-3f66-4469-9ae3-07e849d7273d,2026-06-29T10:15:00Z,2026-06-29T12:15:00+0200,403.387,MW,DK2,DK_2,actual_solar_generation,Solar,2026-07-28T18:21:33Z
2026-07-28T18:18:08Z,2026-07-28T20:18:08+0200,139a36cd-3f66-4469-9ae3-07e849d7273d,2026-06-29T10:30:00Z,2026-06-29T12:30:00+0200,456.519,MW,DK2,DK_2,actual_solar_generation,Solar,2026-07-28T18:21:33Z
2026-07-28T18:18:08Z,2026-07-28T20:18:08+0200,139a36cd-3f66-4469-9ae3-07e849d7273d,2026-06-29T10:45:00Z,2026-06-29T12:45:00+0200,507.378,MW,DK2,DK_2,actual_solar_generation,Solar,2026-07-28T18:21:33Z
2026-07-28T18:18:08Z,2026-07-28T20:18:08+0200,139a36cd-3f66-4469-9ae3-07e849d7273d,2026-06-29T11:00:00Z,2026-06-29T13:00:00+0200,558.884,MW,DK2,DK_2,actual_solar_generation,Solar,2026-07-28T18:21:33Z
2026-07-28T18:18:08Z,2026-07-28T20:18:08+0200,139a36cd-3f66-4469-9ae3-07e849d7273d,2026-06-29T11:15:00Z,2026-06-29T13:15:00+0200,613.989,MW,DK2,DK_2,actual_solar_generation,Solar,2026-07-28T18:21:33Z
2026-07-28T18:18:08Z,2026-07-28T20:18:08+0200,139a36cd-3f66-4469-9ae3-07e849d7273d,2026-06-29T11:30:00Z,2026-06-29T13:30:00+0200,714.189,MW,DK2,DK_2,actual_solar_generation,Solar,2026-07-28T18:21:33Z
2026-07-28T18:18:08Z,2026-07-28T20:18:08+0200,139a36cd-3f66-4469-9ae3-07e849d7273d,2026-06-29T11:45:00Z,2026-06-29T13:45:00+0200,809.562,MW,DK2,DK_2,actual_solar_generation,Solar,2026-07-28T18:21:33Z
2026-07-28T18:18:08Z,2026-07-28T20:18:08+0200,139a36cd-3f66-4469-9ae3-07e849d7273d,2026-06-29T12:00:00Z,2026-06-29T14:00:00+0200,832.987,MW,DK2,DK_2,actual_solar_generation,Solar,2026-07-28T18:21:33Z
2026-07-28T18:18:08Z,2026-07-28T20:18:08+0200,139a36cd-3f66-4469-9ae3-07e849d7273d,2026-06-29T12:15:00Z,2026-06-29T14:15:00+0200,853.203,MW,DK2,DK_2,actual_solar_generation,Solar,2026-07-28T18:21:33Z
2026-07-28T18:18:08Z,2026-07-28T20:18:08+0200,139a36cd-3f66-4469-9ae3-07e849d7273d,2026-06-29T12:30:00Z,2026-06-29T14:30:00+0200,906.059,MW,DK2,DK_2,actual_solar_generation,Solar,2026-07-28T18:21:33Z
2026-07-28T18:18:08Z,2026-07-28T20:18:08+0200,139a36cd-3f66-4469-9ae3-07e849d7273d,2026-06-29T12:45:00Z,2026-06-29T14:45:00+0200,916.962,MW,DK2,DK_2,actual_solar_generation,Solar,2026-07-28T18:21:33Z
2026-07-28T18:18:08Z,2026-07-28T20:18:08+0200,139a36cd-3f66-4469-9ae3-07e849d7273d,2026-06-29T13:00:00Z,2026-06-29T15:00:00+0200,868.223,MW,DK2,DK_2,actual_solar_generation,Solar,2026-07-28T18:21:33Z
2026-07-28T18:18:08Z,2026-07-28T20:18:08+0200,139a36cd-3f66-4469-9ae3-07e849d7273d,2026-06-29T13:15:00Z,2026-06-29T15:15:00+0200,926.542,MW,DK2,DK_2,actual_solar_generation,Solar,2026-07-28T18:21:33Z
2026-07-28T18:18:08Z,2026-07-28T20:18:08+0200,139a36cd-3f66-4469-9ae3-07e849d7273d,2026-06-29T13:30:00Z,2026-06-29T15:30:00+0200,918.394,MW,DK2,DK_2,actual_solar_generation,Solar,2026-07-28T18:21:33Z
2026-07-28T18:18:08Z,2026-07-28T20:18:08+0200,139a36cd-3f66-4469-9ae3-07e849d7273d,2026-06-29T13:45:00Z,2026-06-29T15:45:00+0200,904.848,MW,DK2,DK_2,actual_solar_generation,Solar,2026-07-28T18:21:33Z
2026-07-28T18:18:08Z,2026-07-28T20:18:08+0200,139a36cd-3f66-4469-9ae3-07e849d7273d,2026-06-29T14:00:00Z,2026-06-29T16:00:00+0200,885.969,MW,DK2,DK_2,actual_solar_generation,Solar,2026-07-28T18:21:33Z
2026-07-28T18:18:08Z,2026-07-28T20:18:08+0200,139a36cd-3f66-4469-9ae3-07e849d7273d,2026-06-29T14:15:00Z,2026-06-29T16:15:00+0200,830.326,MW,DK2,DK_2,actual_solar_generation,Solar,2026-07-28T18:21:33Z
2026-07-28T18:18:08Z,2026-07-28T20:18:08+0200,139a36cd-3f66-4469-9ae3-07e849d7273d,2026-06-29T14:30:00Z,2026-06-29T16:30:00+0200,831.438,MW,DK2,DK_2,actual_solar_generation,Solar,2026-07-28T18:21:33Z
2026-07-28T18:18:08Z,2026-07-28T20:18:08+0200,139a36cd-3f66-4469-9ae3-07e849d7273d,2026-06-29T14:45:00Z,2026-06-29T16:45:00+0200,808.904,MW,DK2,DK_2,actual_solar_generation,Solar,2026-07-28T18:21:33Z
2026-07-28T18:18:08Z,2026-07-28T20:18:08+0200,139a36cd-3f66-4469-9ae3-07e849d7273d,2026-06-29T15:00:00Z,2026-06-29T17:00:00+0200,764.497,MW,DK2,DK_2,actual_solar_generation,Solar,2026-07-28T18:21:33Z
2026-07-28T18:18:08Z,2026-07-28T20:18:08+0200,139a36cd-3f66-4469-9ae3-07e849d7273d,2026-06-29T15:15:00Z,2026-06-29T17:15:00+0200,720.525,MW,DK2,DK_2,actual_solar_generation,Solar,2026-07-28T18:21:33Z
2026-07-28T18:18:08Z,2026-07-28T20:18:08+0200,139a36cd-3f66-4469-9ae3-07e849d7273d,2026-06-29T15:30:00Z,2026-06-29T17:30:00+0200,730.85,MW,DK2,DK_2,actual_solar_generation,Solar,2026-07-28T18:21:33Z
2026-07-28T18:18:08Z,2026-07-28T20:18:08+0200,139a36cd-3f66-4469-9ae3-07e849d7273d,2026-06-29T15:45:00Z,2026-06-29T17:45:00+0200,667.557,MW,DK2,DK_2,actual_solar_generation,Solar,2026-07-28T18:21:33Z
2026-07-28T18:18:08Z,2026-07-28T20:18:08+0200,139a36cd-3f66-4469-9ae3-07e849d7273d,2026-06-29T16:00:00Z,2026-06-29T18:00:00+0200,533.323,MW,DK2,DK_2,actual_solar_generation,Solar,2026-07-28T18:21:33Z
2026-07-28T18:18:08Z,2026-07-28T20:18:08+0200,139a36cd-3f66-4469-9ae3-07e849d7273d,2026-06-29T16:15:00Z,2026-06-29T18:15:00+0200,558.56,MW,DK2,DK_2,actual_solar_generation,Solar,2026-07-28T18:21:33Z
2026-07-28T18:18:08Z,2026-07-28T20:18:08+0200,139a36cd-3f66-4469-9ae3-07e849d7273d,2026-06-29T16:30:00Z,2026-06-29T18:30:00+0200,462.128,MW,DK2,DK_2,actual_solar_generation,Solar,2026-07-28T18:21:33Z
2026-07-28T18:18:08Z,2026-07-28T20:18:08+0200,139a36cd-3f66-4469-9ae3-07e849d7273d,2026-06-29T16:45:00Z,2026-06-29T18:45:00+0200,436.25,MW,DK2,DK_2,actual_solar_generation,Solar,2026-07-28T18:21:33Z
2026-07-28T18:18:08Z,2026-07-28T20:18:08+0200,139a36cd-3f66-4469-9ae3-07e849d7273d,2026-06-29T17:00:00Z,2026-06-29T19:00:00+0200,366.408,MW,DK2,DK_2,actual_solar_generation,Solar,2026-07-28T18:21:33Z
2026-07-28T18:18:08Z,2026-07-28T20:18:08+0200,139a36cd-3f66-4469-9ae3-07e849d7273d,2026-06-29T17:15:00Z,2026-06-29T19:15:00+0200,297.411,MW,DK2,DK_2,actual_solar_generation,Solar,2026-07-28T18:21:33Z
2026-07-28T18:18:08Z,2026-07-28T20:18:08+0200,139a36cd-3f66-4469-9ae3-07e849d7273d,2026-06-29T17:30:00Z,2026-06-29T19:30:00+0200,234.59,MW,DK2,DK_2,actual_solar_generation,Solar,2026-07-28T18:21:33Z
2026-07-28T18:18:08Z,2026-07-28T20:18:08+0200,139a36cd-3f66-4469-9ae3-07e849d7273d,2026-06-29T17:45:00Z,2026-06-29T19:45:00+0200,177.601,MW,DK2,DK_2,actual_solar_generation,Solar,2026-07-28T18:21:33Z
2026-07-28T18:18:08Z,2026-07-28T20:18:08+0200,139a36cd-3f66-4469-9ae3-07e849d7273d,2026-06-29T18:00:00Z,2026-06-29T20:00:00+0200,133.858,MW,DK2,DK_2,actual_solar_generation,Solar,2026-07-28T18:21:33Z
2026-07-28T18:18:08Z,2026-07-28T20:18:08+0200,139a36cd-3f66-4469-9ae3-07e849d7273d,2026-06-29T18:15:00Z,2026-06-29T20:15:00+0200,102.786,MW,DK2,DK_2,actual_solar_generation,Solar,2026-07-28T18:21:33Z
2026-07-28T18:18:08Z,2026-07-28T20:18:08+0200,139a36cd-3f66-4469-9ae3-07e849d7273d,2026-06-29T18:30:00Z,2026-06-29T20:30:00+0200,76.3709,MW,DK2,DK_2,actual_solar_generation,Solar,2026-07-28T18:21:33Z
2026-07-28T18:18:08Z,2026-07-28T20:18:08+0200,139a36cd-3f66-4469-9ae3-07e849d7273d,2026-06-29T18:45:00Z,2026-06-29T20:45:00+0200,54.5138,MW,DK2,DK_2,actual_solar_generation,Solar,2026-07-28T18:21:33Z
2026-07-28T18:18:08Z,2026-07-28T20:18:08+0200,139a36cd-3f66-4469-9ae3-07e849d7273d,2026-06-29T19:00:00Z,2026-06-29T21:00:00+0200,37.4048,MW,DK2,DK_2,actual_solar_generation,Solar,2026-07-28T18:21:33Z
2026-07-28T18:18:08Z,2026-07-28T20:18:08+0200,139a36cd-3f66-4469-9ae3-07e849d7273d,2026-06-29T19:15:00Z,2026-06-29T21:15:00+0200,24.2545,MW,DK2,DK_2,actual_solar_generation,Solar,2026-07-28T18:21:33Z
2026-07-28T18:18:08Z,2026-07-28T20:18:08+0200,139a36cd-3f66-4469-9ae3-07e849d7273d,2026-06-29T19:30:00Z,2026-06-29T21:30:00+0200,13.824,MW,DK2,DK_2,actual_solar_generation,Solar,2026-07-28T18:21:33Z
2026-07-28T18:18:08Z,2026-07-28T20:18:08+0200,139a36cd-3f66-4469-9ae3-07e849d7273d,2026-06-29T19:45:00Z,2026-06-29T21:45:00+0200,5.339,MW,DK2,DK_2,actual_solar_generation,Solar,2026-07-28T18:21:33Z
2026-07-28T18:18:08Z,2026-07-28T20:18:08+0200,139a36cd-3f66-4469-9ae3-07e849d7273d,2026-06-29T20:00:00Z,2026-06-29T22:00:00+0200,3.25848,MW,DK2,DK_2,actual_solar_generation,Solar,2026-07-28T18:21:33Z
2026-07-28T18:18:08Z,2026-07-28T20:18:08+0200,139a36cd-3f66-4469-9ae3-07e849d7273d,2026-06-29T20:15:00Z,2026-06-29T22:15:00+0200,2.78207,MW,DK2,DK_2,actual_solar_generation,Solar,2026-07-28T18:21:33Z
2026-07-28T18:18:08Z,2026-07-28T20:18:08+0200,139a36cd-3f66-4469-9ae3-07e849d7273d,2026-06-29T20:30:00Z,2026-06-29T22:30:00+0200,2.94357,MW,DK2,DK_2,actual_solar_generation,Solar,2026-07-28T18:21:33Z
2026-07-28T18:18:08Z,2026-07-28T20:18:08+0200,139a36cd-3f66-4469-9ae3-07e849d7273d,2026-06-29T20:45:00Z,2026-06-29T22:45:00+0200,3.02277,MW,DK2,DK_2,actual_solar_generation,Solar,2026-07-28T18:21:33Z
2026-07-28T18:18:08Z,2026-07-28T20:18:08+0200,139a36cd-3f66-4469-9ae3-07e849d7273d,2026-06-29T21:00:00Z,2026-06-29T23:00:00+0200,3.01696,MW,DK2,DK_2,actual_solar_generation,Solar,2026-07-28T18:21:33Z
2026-07-28T18:18:08Z,2026-07-28T20:18:08+0200,139a36cd-3f66-4469-9ae3-07e849d7273d,2026-06-29T21:15:00Z,2026-06-29T23:15:00+0200,3.04375,MW,DK2,DK_2,actual_solar_generation,Solar,2026-07-28T18:21:33Z
2026-07-28T18:18:08Z,2026-07-28T20:18:08+0200,139a36cd-3f66-4469-9ae3-07e849d7273d,2026-06-29T21:30:00Z,2026-06-29T23:30:00+0200,3.02746,MW,DK2,DK_2,actual_solar_generation,Solar,2026-07-28T18:21:33Z
2026-07-28T18:18:08Z,2026-07-28T20:18:08+0200,139a36cd-3f66-4469-9ae3-07e849d7273d,2026-06-29T21:45:00Z,2026-06-29T23:45:00+0200,3.03383,MW,DK2,DK_2,actual_solar_generation,Solar,2026-07-28T18:21:33Z
2026-07-28T18:18:08Z,2026-07-28T20:18:08+0200,139a36cd-3f66-4469-9ae3-07e849d7273d,2026-06-29T22:00:00Z,2026-06-30T00:00:00+0200,2.99987,MW,DK2,DK_2,actual_solar_generation,Solar,2026-07-28T18:21:33Z
2026-07-28T18:18:08Z,2026-07-28T20:18:08+0200,139a36cd-3f66-4469-9ae3-07e849d7273d,2026-06-29T22:15:00Z,2026-06-30T00:15:00+0200,3.04561,MW,DK2,DK_2,actual_solar_generation,Solar,2026-07-28T18:21:33Z
2026-07-28T18:18:08Z,2026-07-28T20:18:08+0200,139a36cd-3f66-4469-9ae3-07e849d7273d,2026-06-29T22:30:00Z,2026-06-30T00:30:00+0200,3.01551,MW,DK2,DK_2,actual_solar_generation,Solar,2026-07-28T18:21:33Z
2026-07-28T18:18:08Z,2026-07-28T20:18:08+0200,139a36cd-3f66-4469-9ae3-07e849d7273d,2026-06-29T22:45:00Z,2026-06-30T00:45:00+0200,3.02101,MW,DK2,DK_2,actual_solar_generation,Solar,2026-07-28T18:21:33Z
2026-07-28T18:18:08Z,2026-07-28T20:18:08+0200,139a36cd-3f66-4469-9ae3-07e849d7273d,2026-06-29T23:00:00Z,2026-06-30T01:00:00+0200,3.00862,MW,DK2,DK_2,actual_solar_generation,Solar,2026-07-28T18:21:33Z
2026-07-28T18:18:08Z,2026-07-28T20:18:08+0200,139a36cd-3f66-4469-9ae3-07e849d7273d,2026-06-29T23:15:00Z,2026-06-30T01:15:00+0200,3.02705,MW,DK2,DK_2,actual_solar_generation,Solar,2026-07-28T18:21:33Z
2026-07-28T18:18:08Z,2026-07-28T20:18:08+0200,139a36cd-3f66-4469-9ae3-07e849d7273d,2026-06-29T23:30:00Z,2026-06-30T01:30:00+0200,2.98402,MW,DK2,DK_2,actual_solar_generation,Solar,2026-07-28T18:21:33Z
2026-07-28T18:18:08Z,2026-07-28T20:18:08+0200,139a36cd-3f66-4469-9ae3-07e849d7273d,2026-06-29T23:45:00Z,2026-06-30T01:45:00+0200,2.98286,MW,DK2,DK_2,actual_solar_generation,Solar,2026-07-28T18:21:33Z
2026-07-28T18:18:08Z,2026-07-28T20:18:08+0200,139a36cd-3f66-4469-9ae3-07e849d7273d,2026-06-30T00:00:00Z,2026-06-30T02:00:00+0200,2.9715,MW,DK2,DK_2,actual_solar_generation,Solar,2026-07-28T18:21:33Z
2026-07-28T18:18:08Z,2026-07-28T20:18:08+0200,139a36cd-3f66-4469-9ae3-07e849d7273d,2026-06-30T00:15:00Z,2026-06-30T02:15:00+0200,2.95592,MW,DK2,DK_2,actual_solar_generation,Solar,2026-07-28T18:21:33Z
2026-07-28T18:18:08Z,2026-07-28T20:18:08+0200,139a36cd-3f66-4469-9ae3-07e849d7273d,2026-06-30T00:30:00Z,2026-06-30T02:30:00+0200,3.04149,MW,DK2,DK_2,actual_solar_generation,Solar,2026-07-28T18:21:33Z
2026-07-28T18:18:08Z,2026-07-28T20:18:08+0200,139a36cd-3f66-4469-9ae3-07e849d7273d,2026-06-30T00:45:00Z,2026-06-30T02:45:00+0200,3.0291,MW,DK2,DK_2,actual_solar_generation,Solar,2026-07-28T18:21:33Z
2026-07-28T18:18:08Z,2026-07-28T20:18:08+0200,139a36cd-3f66-4469-9ae3-07e849d7273d,2026-06-30T01:00:00Z,2026-06-30T03:00:00+0200,3.00708,MW,DK2,DK_2,actual_solar_generation,Solar,2026-07-28T18:21:33Z
2026-07-28T18:18:08Z,2026-07-28T20:18:08+0200,139a36cd-3f66-4469-9ae3-07e849d7273d,2026-06-30T01:15:00Z,2026-06-30T03:15:00+0200,3.0552,MW,DK2,DK_2,actual_solar_generation,Solar,2026-07-28T18:21:33Z
2026-07-28T18:18:08Z,2026-07-28T20:18:08+0200,139a36cd-3f66-4469-9ae3-07e849d7273d,2026-06-30T01:30:00Z,2026-06-30T03:30:00+0200,2.97908,MW,DK2,DK_2,actual_solar_generation,Solar,2026-07-28T18:21:33Z
2026-07-28T18:18:08Z,2026-07-28T20:18:08+0200,139a36cd-3f66-4469-9ae3-07e849d7273d,2026-06-30T01:45:00Z,2026-06-30T03:45:00+0200,2.99282,MW,DK2,DK_2,actual_solar_generation,Solar,2026-07-28T18:21:33Z
2026-07-28T18:18:08Z,2026-07-28T20:18:08+0200,139a36cd-3f66-4469-9ae3-07e849d7273d,2026-06-30T02:00:00Z,2026-06-30T04:00:00+0200,3.00252,MW,DK2,DK_2,actual_solar_generation,Solar,2026-07-28T18:21:33Z
2026-07-28T18:18:08Z,2026-07-28T20:18:08+0200,139a36cd-3f66-4469-9ae3-07e849d7273d,2026-06-30T02:15:00Z,2026-06-30T04:15:00+0200,3.07981,MW,DK2,DK_2,actual_solar_generation,Solar,2026-07-28T18:21:33Z
2026-07-28T18:18:08Z,2026-07-28T20:18:08+0200,139a36cd-3f66-4469-9ae3-07e849d7273d,2026-06-30T02:30:00Z,2026-06-30T04:30:00+0200,4.16487,MW,DK2,DK_2,actual_solar_generation,Solar,2026-07-28T18:21:33Z
2026-07-28T18:18:08Z,2026-07-28T20:18:08+0200,139a36cd-3f66-4469-9ae3-07e849d7273d,2026-06-30T02:45:00Z,2026-06-30T04:45:00+0200,11.8705,MW,DK2,DK_2,actual_solar_generation,Solar,2026-07-28T18:21:33Z
2026-07-28T18:18:08Z,2026-07-28T20:18:08+0200,139a36cd-3f66-4469-9ae3-07e849d7273d,2026-06-30T03:00:00Z,2026-06-30T05:00:00+0200,20.3407,MW,DK2,DK_2,actual_solar_generation,Solar,2026-07-28T18:21:33Z
2026-07-28T18:18:08Z,2026-07-28T20:18:08+0200,139a36cd-3f66-4469-9ae3-07e849d7273d,2026-06-30T03:15:00Z,2026-06-30T05:15:00+0200,33.783,MW,DK2,DK_2,actual_solar_generation,Solar,2026-07-28T18:21:33Z
2026-07-28T18:18:08Z,2026-07-28T20:18:08+0200,139a36cd-3f66-4469-9ae3-07e849d7273d,2026-06-30T03:30:00Z,2026-06-30T05:30:00+0200,51.606,MW,DK2,DK_2,actual_solar_generation,Solar,2026-07-28T18:21:33Z
2026-07-28T18:18:08Z,2026-07-28T20:18:08+0200,139a36cd-3f66-4469-9ae3-07e849d7273d,2026-06-30T03:45:00Z,2026-06-30T05:45:00+0200,74.8808,MW,DK2,DK_2,actual_solar_generation,Solar,2026-07-28T18:21:33Z
2026-07-28T18:18:08Z,2026-07-28T20:18:08+0200,139a36cd-3f66-4469-9ae3-07e849d7273d,2026-06-30T04:00:00Z,2026-06-30T06:00:00+0200,103.081,MW,DK2,DK_2,actual_solar_generation,Solar,2026-07-28T18:21:33Z
2026-07-28T18:18:08Z,2026-07-28T20:18:08+0200,139a36cd-3f66-4469-9ae3-07e849d7273d,2026-06-30T04:15:00Z,2026-06-30T06:15:00+0200,129.102,MW,DK2,DK_2,actual_solar_generation,Solar,2026-07-28T18:21:33Z
2026-07-28T18:18:08Z,2026-07-28T20:18:08+0200,139a36cd-3f66-4469-9ae3-07e849d7273d,2026-06-30T04:30:00Z,2026-06-30T06:30:00+0200,153.356,MW,DK2,DK_2,actual_solar_generation,Solar,2026-07-28T18:21:33Z
2026-07-28T18:18:08Z,2026-07-28T20:18:08+0200,139a36cd-3f66-4469-9ae3-07e849d7273d,2026-06-30T04:45:00Z,2026-06-30T06:45:00+0200,193.659,MW,DK2,DK_2,actual_solar_generation,Solar,2026-07-28T18:21:33Z
2026-07-28T18:18:08Z,2026-07-28T20:18:08+0200,139a36cd-3f66-4469-9ae3-07e849d7273d,2026-06-30T05:00:00Z,2026-06-30T07:00:00+0200,253.516,MW,DK2,DK_2,actual_solar_generation,Solar,2026-07-28T18:21:33Z
2026-07-28T18:18:08Z,2026-07-28T20:18:08+0200,139a36cd-3f66-4469-9ae3-07e849d7273d,2026-06-30T05:15:00Z,2026-06-30T07:15:00+0200,323.178,MW,DK2,DK_2,actual_solar_generation,Solar,2026-07-28T18:21:33Z
2026-07-28T18:18:08Z,2026-07-28T20:18:08+0200,139a36cd-3f66-4469-9ae3-07e849d7273d,2026-06-30T05:30:00Z,2026-06-30T07:30:00+0200,393.08,MW,DK2,DK_2,actual_solar_generation,Solar,2026-07-28T18:21:33Z
2026-07-28T18:18:08Z,2026-07-28T20:18:08+0200,139a36cd-3f66-4469-9ae3-07e849d7273d,2026-06-30T05:45:00Z,2026-06-30T07:45:00+0200,461.146,MW,DK2,DK_2,actual_solar_generation,Solar,2026-07-28T18:21:33Z
2026-07-28T18:18:08Z,2026-07-28T20:18:08+0200,139a36cd-3f66-4469-9ae3-07e849d7273d,2026-06-30T06:00:00Z,2026-06-30T08:00:00+0200,534.219,MW,DK2,DK_2,actual_solar_generation,Solar,2026-07-28T18:21:33Z
2026-07-28T18:18:08Z,2026-07-28T20:18:08+0200,139a36cd-3f66-4469-9ae3-07e849d7273d,2026-06-30T06:15:00Z,2026-06-30T08:15:00+0200,602.85,MW,DK2,DK_2,actual_solar_generation,Solar,2026-07-28T18:21:33Z
2026-07-28T18:18:08Z,2026-07-28T20:18:08+0200,139a36cd-3f66-4469-9ae3-07e849d7273d,2026-06-30T06:30:00Z,2026-06-30T08:30:00+0200,657.097,MW,DK2,DK_2,actual_solar_generation,Solar,2026-07-28T18:21:33Z
2026-07-28T18:18:08Z,2026-07-28T20:18:08+0200,139a36cd-3f66-4469-9ae3-07e849d7273d,2026-06-30T06:45:00Z,2026-06-30T08:45:00+0200,706.05,MW,DK2,DK_2,actual_solar_generation,Solar,2026-07-28T18:21:33Z
2026-07-28T18:18:08Z,2026-07-28T20:18:08+0200,139a36cd-3f66-4469-9ae3-07e849d7273d,2026-06-30T07:00:00Z,2026-06-30T09:00:00+0200,783.454,MW,DK2,DK_2,actual_solar_generation,Solar,2026-07-28T18:21:33Z
2026-07-28T18:18:08Z,2026-07-28T20:18:08+0200,139a36cd-3f66-4469-9ae3-07e849d7273d,2026-06-30T07:15:00Z,2026-06-30T09:15:00+0200,793.195,MW,DK2,DK_2,actual_solar_generation,Solar,2026-07-28T18:21:33Z
2026-07-28T18:18:08Z,2026-07-28T20:18:08+0200,139a36cd-3f66-4469-9ae3-07e849d7273d,2026-06-30T07:30:00Z,2026-06-30T09:30:00+0200,859.798,MW,DK2,DK_2,actual_solar_generation,Solar,2026-07-28T18:21:33Z
2026-07-28T18:18:08Z,2026-07-28T20:18:08+0200,139a36cd-3f66-4469-9ae3-07e849d7273d,2026-06-30T07:45:00Z,2026-06-30T09:45:00+0200,870.24,MW,DK2,DK_2,actual_solar_generation,Solar,2026-07-28T18:21:33Z
2026-07-28T18:18:08Z,2026-07-28T20:18:08+0200,139a36cd-3f66-4469-9ae3-07e849d7273d,2026-06-30T08:00:00Z,2026-06-30T10:00:00+0200,847.18,MW,DK2,DK_2,actual_solar_generation,Solar,2026-07-28T18:21:33Z
2026-07-28T18:18:08Z,2026-07-28T20:18:08+0200,139a36cd-3f66-4469-9ae3-07e849d7273d,2026-06-30T08:15:00Z,2026-06-30T10:15:00+0200,881.947,MW,DK2,DK_2,actual_solar_generation,Solar,2026-07-28T18:21:33Z
2026-07-28T18:18:08Z,2026-07-28T20:18:08+0200,139a36cd-3f66-4469-9ae3-07e849d7273d,2026-06-30T08:30:00Z,2026-06-30T10:30:00+0200,919.677,MW,DK2,DK_2,actual_solar_generation,Solar,2026-07-28T18:21:33Z
2026-07-28T18:18:08Z,2026-07-28T20:18:08+0200,139a36cd-3f66-4469-9ae3-07e849d7273d,2026-06-30T08:45:00Z,2026-06-30T10:45:00+0200,953.737,MW,DK2,DK_2,actual_solar_generation,Solar,2026-07-28T18:21:33Z
2026-07-28T18:18:08Z,2026-07-28T20:18:08+0200,139a36cd-3f66-4469-9ae3-07e849d7273d,2026-06-30T09:00:00Z,2026-06-30T11:00:00+0200,972.662,MW,DK2,DK_2,actual_solar_generation,Solar,2026-07-28T18:21:33Z
2026-07-28T18:18:08Z,2026-07-28T20:18:08+0200,139a36cd-3f66-4469-9ae3-07e849d7273d,2026-06-30T09:15:00Z,2026-06-30T11:15:00+0200,999.59,MW,DK2,DK_2,actual_solar_generation,Solar,2026-07-28T18:21:33Z
2026-07-28T18:18:08Z,2026-07-28T20:18:08+0200,139a36cd-3f66-4469-9ae3-07e849d7273d,2026-06-30T09:30:00Z,2026-06-30T11:30:00+0200,1026.02,MW,DK2,DK_2,actual_solar_generation,Solar,2026-07-28T18:21:33Z
2026-07-28T18:18:08Z,2026-07-28T20:18:08+0200,139a36cd-3f66-4469-9ae3-07e849d7273d,2026-06-30T09:45:00Z,2026-06-30T11:45:00+0200,1018.86,MW,DK2,DK_2,actual_solar_generation,Solar,2026-07-28T18:21:33Z
2026-07-28T18:18:08Z,2026-07-28T20:18:08+0200,139a36cd-3f66-4469-9ae3-07e849d7273d,2026-06-30T10:00:00Z,2026-06-30T12:00:00+0200,1024.02,MW,DK2,DK_2,actual_solar_generation,Solar,2026-07-28T18:21:33Z
2026-07-28T18:18:08Z,2026-07-28T20:18:08+0200,139a36cd-3f66-4469-9ae3-07e849d7273d,2026-06-30T10:15:00Z,2026-06-30T12:15:00+0200,1046.92,MW,DK2,DK_2,actual_solar_generation,Solar,2026-07-28T18:21:33Z
2026-07-28T18:18:08Z,2026-07-28T20:18:08+0200,139a36cd-3f66-4469-9ae3-07e849d7273d,2026-06-30T10:30:00Z,2026-06-30T12:30:00+0200,1023.2,MW,DK2,DK_2,actual_solar_generation,Solar,2026-07-28T18:21:33Z
2026-07-28T18:18:08Z,2026-07-28T20:18:08+0200,139a36cd-3f66-4469-9ae3-07e849d7273d,2026-06-30T10:45:00Z,2026-06-30T12:45:00+0200,1028.67,MW,DK2,DK_2,actual_solar_generation,Solar,2026-07-28T18:21:33Z
2026-07-28T18:18:08Z,2026-07-28T20:18:08+0200,139a36cd-3f66-4469-9ae3-07e849d7273d,2026-06-30T11:00:00Z,2026-06-30T13:00:00+0200,1033.52,MW,DK2,DK_2,actual_solar_generation,Solar,2026-07-28T18:21:33Z
2026-07-28T18:18:08Z,2026-07-28T20:18:08+0200,139a36cd-3f66-4469-9ae3-07e849d7273d,2026-06-30T11:15:00Z,2026-06-30T13:15:00+0200,1053.71,MW,DK2,DK_2,actual_solar_generation,Solar,2026-07-28T18:21:33Z
2026-07-28T18:18:08Z,2026-07-28T20:18:08+0200,139a36cd-3f66-4469-9ae3-07e849d7273d,2026-06-30T11:30:00Z,2026-06-30T13:30:00+0200,1038.85,MW,DK2,DK_2,actual_solar_generation,Solar,2026-07-28T18:21:33Z
2026-07-28T18:18:08Z,2026-07-28T20:18:08+0200,139a36cd-3f66-4469-9ae3-07e849d7273d,2026-06-30T11:45:00Z,2026-06-30T13:45:00+0200,997.793,MW,DK2,DK_2,actual_solar_generation,Solar,2026-07-28T18:21:33Z
2026-07-28T18:18:08Z,2026-07-28T20:18:08+0200,139a36cd-3f66-4469-9ae3-07e849d7273d,2026-06-30T12:00:00Z,2026-06-30T14:00:00+0200,979.127,MW,DK2,DK_2,actual_solar_generation,Solar,2026-07-28T18:21:33Z
2026-07-28T18:18:08Z,2026-07-28T20:18:08+0200,139a36cd-3f66-4469-9ae3-07e849d7273d,2026-06-30T12:15:00Z,2026-06-30T14:15:00+0200,918.151,MW,DK2,DK_2,actual_solar_generation,Solar,2026-07-28T18:21:33Z
2026-07-28T18:18:08Z,2026-07-28T20:18:08+0200,139a36cd-3f66-4469-9ae3-07e849d7273d,2026-06-30T12:30:00Z,2026-06-30T14:30:00+0200,970.173,MW,DK2,DK_2,actual_solar_generation,Solar,2026-07-28T18:21:33Z
2026-07-28T18:18:08Z,2026-07-28T20:18:08+0200,139a36cd-3f66-4469-9ae3-07e849d7273d,2026-06-30T12:45:00Z,2026-06-30T14:45:00+0200,925.385,MW,DK2,DK_2,actual_solar_generation,Solar,2026-07-28T18:21:33Z
2026-07-28T18:18:08Z,2026-07-28T20:18:08+0200,139a36cd-3f66-4469-9ae3-07e849d7273d,2026-06-30T13:00:00Z,2026-06-30T15:00:00+0200,924.445,MW,DK2,DK_2,actual_solar_generation,Solar,2026-07-28T18:21:33Z
2026-07-28T18:18:08Z,2026-07-28T20:18:08+0200,139a36cd-3f66-4469-9ae3-07e849d7273d,2026-06-30T13:15:00Z,2026-06-30T15:15:00+0200,861.625,MW,DK2,DK_2,actual_solar_generation,Solar,2026-07-28T18:21:33Z
2026-07-28T18:18:08Z,2026-07-28T20:18:08+0200,139a36cd-3f66-4469-9ae3-07e849d7273d,2026-06-30T13:30:00Z,2026-06-30T15:30:00+0200,819.99,MW,DK2,DK_2,actual_solar_generation,Solar,2026-07-28T18:21:33Z
2026-07-28T18:18:08Z,2026-07-28T20:18:08+0200,139a36cd-3f66-4469-9ae3-07e849d7273d,2026-06-30T13:45:00Z,2026-06-30T15:45:00+0200,725.845,MW,DK2,DK_2,actual_solar_generation,Solar,2026-07-28T18:21:33Z
2026-07-28T18:18:08Z,2026-07-28T20:18:08+0200,139a36cd-3f66-4469-9ae3-07e849d7273d,2026-06-30T14:00:00Z,2026-06-30T16:00:00+0200,623.381,MW,DK2,DK_2,actual_solar_generation,Solar,2026-07-28T18:21:33Z
2026-07-28T18:18:08Z,2026-07-28T20:18:08+0200,139a36cd-3f66-4469-9ae3-07e849d7273d,2026-06-30T14:15:00Z,2026-06-30T16:15:00+0200,585.675,MW,DK2,DK_2,actual_solar_generation,Solar,2026-07-28T18:21:33Z
2026-07-28T18:18:08Z,2026-07-28T20:18:08+0200,139a36cd-3f66-4469-9ae3-07e849d7273d,2026-06-30T14:30:00Z,2026-06-30T16:30:00+0200,508.692,MW,DK2,DK_2,actual_solar_generation,Solar,2026-07-28T18:21:33Z
2026-07-28T18:18:08Z,2026-07-28T20:18:08+0200,139a36cd-3f66-4469-9ae3-07e849d7273d,2026-06-30T14:45:00Z,2026-06-30T16:45:00+0200,456.911,MW,DK2,DK_2,actual_solar_generation,Solar,2026-07-28T18:21:33Z
2026-07-28T18:18:08Z,2026-07-28T20:18:08+0200,139a36cd-3f66-4469-9ae3-07e849d7273d,2026-06-30T15:00:00Z,2026-06-30T17:00:00+0200,407.163,MW,DK2,DK_2,actual_solar_generation,Solar,2026-07-28T18:21:33Z
2026-07-28T18:18:08Z,2026-07-28T20:18:08+0200,139a36cd-3f66-4469-9ae3-07e849d7273d,2026-06-30T15:15:00Z,2026-06-30T17:15:00+0200,365.291,MW,DK2,DK_2,actual_solar_generation,Solar,2026-07-28T18:21:33Z
2026-07-28T18:18:08Z,2026-07-28T20:18:08+0200,139a36cd-3f66-4469-9ae3-07e849d7273d,2026-06-30T15:30:00Z,2026-06-30T17:30:00+0200,308.936,MW,DK2,DK_2,actual_solar_generation,Solar,2026-07-28T18:21:33Z
2026-07-28T18:18:08Z,2026-07-28T20:18:08+0200,139a36cd-3f66-4469-9ae3-07e849d7273d,2026-06-30T15:45:00Z,2026-06-30T17:45:00+0200,285.984,MW,DK2,DK_2,actual_solar_generation,Solar,2026-07-28T18:21:33Z
2026-07-28T18:18:08Z,2026-07-28T20:18:08+0200,139a36cd-3f66-4469-9ae3-07e849d7273d,2026-06-30T16:00:00Z,2026-06-30T18:00:00+0200,247.884,MW,DK2,DK_2,actual_solar_generation,Solar,2026-07-28T18:21:33Z
2026-07-28T18:18:08Z,2026-07-28T20:18:08+0200,139a36cd-3f66-4469-9ae3-07e849d7273d,2026-06-30T16:15:00Z,2026-06-30T18:15:00+0200,209.211,MW,DK2,DK_2,actual_solar_generation,Solar,2026-07-28T18:21:33Z
2026-07-28T18:18:08Z,2026-07-28T20:18:08+0200,139a36cd-3f66-4469-9ae3-07e849d7273d,2026-06-30T16:30:00Z,2026-06-30T18:30:00+0200,186.199,MW,DK2,DK_2,actual_solar_generation,Solar,2026-07-28T18:21:33Z
2026-07-28T18:18:08Z,2026-07-28T20:18:08+0200,139a36cd-3f66-4469-9ae3-07e849d7273d,2026-06-30T16:45:00Z,2026-06-30T18:45:00+0200,154.854,MW,DK2,DK_2,actual_solar_generation,Solar,2026-07-28T18:21:33Z
2026-07-28T18:18:08Z,2026-07-28T20:18:08+0200,139a36cd-3f66-4469-9ae3-07e849d7273d,2026-06-30T17:00:00Z,2026-06-30T19:00:00+0200,143.4,MW,DK2,DK_2,actual_solar_generation,Solar,2026-07-28T18:21:33Z
2026-07-28T18:18:08Z,2026-07-28T20:18:08+0200,139a36cd-3f66-4469-9ae3-07e849d7273d,2026-06-30T17:15:00Z,2026-06-30T19:15:00+0200,148.911,MW,DK2,DK_2,actual_solar_generation,Solar,2026-07-28T18:21:33Z
2026-07-28T18:18:08Z,2026-07-28T20:18:08+0200,139a36cd-3f66-4469-9ae3-07e849d7273d,2026-06-30T17:30:00Z,2026-06-30T19:30:00+0200,113.633,MW,DK2,DK_2,actual_solar_generation,Solar,2026-07-28T18:21:33Z
2026-07-28T18:18:08Z,2026-07-28T20:18:08+0200,139a36cd-3f66-4469-9ae3-07e849d7273d,2026-06-30T17:45:00Z,2026-06-30T19:45:00+0200,98.5597,MW,DK2,DK_2,actual_solar_generation,Solar,2026-07-28T18:21:33Z
2026-07-28T18:18:08Z,2026-07-28T20:18:08+0200,139a36cd-3f66-4469-9ae3-07e849d7273d,2026-06-30T18:00:00Z,2026-06-30T20:00:00+0200,92.9056,MW,DK2,DK_2,actual_solar_generation,Solar,2026-07-28T18:21:33Z
2026-07-28T18:18:08Z,2026-07-28T20:18:08+0200,139a36cd-3f66-4469-9ae3-07e849d7273d,2026-06-30T18:15:00Z,2026-06-30T20:15:00+0200,81.9379,MW,DK2,DK_2,actual_solar_generation,Solar,2026-07-28T18:21:33Z
2026-07-28T18:18:08Z,2026-07-28T20:18:08+0200,139a36cd-3f66-4469-9ae3-07e849d7273d,2026-06-30T18:30:00Z,2026-06-30T20:30:00+0200,65.031,MW,DK2,DK_2,actual_solar_generation,Solar,2026-07-28T18:21:33Z
2026-07-28T18:18:08Z,2026-07-28T20:18:08+0200,139a36cd-3f66-4469-9ae3-07e849d7273d,2026-06-30T18:45:00Z,2026-06-30T20:45:00+0200,53.1135,MW,DK2,DK_2,actual_solar_generation,Solar,2026-07-28T18:21:33Z
2026-07-28T18:18:08Z,2026-07-28T20:18:08+0200,139a36cd-3f66-4469-9ae3-07e849d7273d,2026-06-30T19:00:00Z,2026-06-30T21:00:00+0200,34.7609,MW,DK2,DK_2,actual_solar_generation,Solar,2026-07-28T18:21:33Z
2026-07-28T18:18:08Z,2026-07-28T20:18:08+0200,139a36cd-3f66-4469-9ae3-07e849d7273d,2026-06-30T19:15:00Z,2026-06-30T21:15:00+0200,21.1773,MW,DK2,DK_2,actual_solar_generation,Solar,2026-07-28T18:21:33Z
2026-07-28T18:18:08Z,2026-07-28T20:18:08+0200,139a36cd-3f66-4469-9ae3-07e849d7273d,2026-06-30T19:30:00Z,2026-06-30T21:30:00+0200,9.22925,MW,DK2,DK_2,actual_solar_generation,Solar,2026-07-28T18:21:33Z
2026-07-28T18:18:08Z,2026-07-28T20:18:08+0200,139a36cd-3f66-4469-9ae3-07e849d7273d,2026-06-30T19:45:00Z,2026-06-30T21:45:00+0200,3.95417,MW,DK2,DK_2,actual_solar_generation,Solar,2026-07-28T18:21:33Z
2026-07-28T18:18:08Z,2026-07-28T20:18:08+0200,139a36cd-3f66-4469-9ae3-07e849d7273d,2026-06-30T20:00:00Z,2026-06-30T22:00:00+0200,2.78044,MW,DK2,DK_2,actual_solar_generation,Solar,2026-07-28T18:21:33Z
2026-07-28T18:18:08Z,2026-07-28T20:18:08+0200,139a36cd-3f66-4469-9ae3-07e849d7273d,2026-06-30T20:15:00Z,2026-06-30T22:15:00+0200,2.80101,MW,DK2,DK_2,actual_solar_generation,Solar,2026-07-28T18:21:33Z
2026-07-28T18:18:08Z,2026-07-28T20:18:08+0200,139a36cd-3f66-4469-9ae3-07e849d7273d,2026-06-30T20:30:00Z,2026-06-30T22:30:00+0200,2.94225,MW,DK2,DK_2,actual_solar_generation,Solar,2026-07-28T18:21:33Z
2026-07-28T18:18:08Z,2026-07-28T20:18:08+0200,139a36cd-3f66-4469-9ae3-07e849d7273d,2026-06-30T20:45:00Z,2026-06-30T22:45:00+0200,3.23432,MW,DK2,DK_2,actual_solar_generation,Solar,2026-07-28T18:21:33Z
2026-07-28T18:18:08Z,2026-07-28T20:18:08+0200,139a36cd-3f66-4469-9ae3-07e849d7273d,2026-06-30T21:00:00Z,2026-06-30T23:00:00+0200,3.40142,MW,DK2,DK_2,actual_solar_generation,Solar,2026-07-28T18:21:33Z
2026-07-28T18:18:08Z,2026-07-28T20:18:08+0200,139a36cd-3f66-4469-9ae3-07e849d7273d,2026-06-30T21:15:00Z,2026-06-30T23:15:00+0200,2.96713,MW,DK2,DK_2,actual_solar_generation,Solar,2026-07-28T18:21:33Z
2026-07-28T18:18:08Z,2026-07-28T20:18:08+0200,139a36cd-3f66-4469-9ae3-07e849d7273d,2026-06-30T21:30:00Z,2026-06-30T23:30:00+0200,2.96816,MW,DK2,DK_2,actual_solar_generation,Solar,2026-07-28T18:21:33Z
2026-07-28T18:18:08Z,2026-07-28T20:18:08+0200,139a36cd-3f66-4469-9ae3-07e849d7273d,2026-06-30T21:45:00Z,2026-06-30T23:45:00+0200,2.96684,MW,DK2,DK_2,actual_solar_generation,Solar,2026-07-28T18:21:33Z
2026-07-28T18:18:08Z,2026-07-28T20:18:08+0200,139a36cd-3f66-4469-9ae3-07e849d7273d,2026-06-30T22:00:00Z,2026-07-01T00:00:00+0200,2.96969,MW,DK2,DK_2,actual_solar_generation,Solar,2026-07-28T18:21:33Z
2026-07-28T18:18:08Z,2026-07-28T20:18:08+0200,139a36cd-3f66-4469-9ae3-07e849d7273d,2026-06-30T22:15:00Z,2026-07-01T00:15:00+0200,2.97619,MW,DK2,DK_2,actual_solar_generation,Solar,2026-07-28T18:21:33Z
2026-07-28T18:18:08Z,2026-07-28T20:18:08+0200,139a36cd-3f66-4469-9ae3-07e849d7273d,2026-06-30T22:30:00Z,2026-07-01T00:30:00+0200,2.98614,MW,DK2,DK_2,actual_solar_generation,Solar,2026-07-28T18:21:33Z
2026-07-28T18:18:08Z,2026-07-28T20:18:08+0200,139a36cd-3f66-4469-9ae3-07e849d7273d,2026-06-30T22:45:00Z,2026-07-01T00:45:00+0200,2.98808,MW,DK2,DK_2,actual_solar_generation,Solar,2026-07-28T18:21:33Z
2026-07-28T18:18:08Z,2026-07-28T20:18:08+0200,139a36cd-3f66-4469-9ae3-07e849d7273d,2026-06-30T23:00:00Z,2026-07-01T01:00:00+0200,2.98769,MW,DK2,DK_2,actual_solar_generation,Solar,2026-07-28T18:21:33Z
2026-07-28T18:18:08Z,2026-07-28T20:18:08+0200,139a36cd-3f66-4469-9ae3-07e849d7273d,2026-06-30T23:15:00Z,2026-07-01T01:15:00+0200,2.98609,MW,DK2,DK_2,actual_solar_generation,Solar,2026-07-28T18:21:33Z
2026-07-28T18:18:08Z,2026-07-28T20:18:08+0200,139a36cd-3f66-4469-9ae3-07e849d7273d,2026-06-30T23:30:00Z,2026-07-01T01:30:00+0200,3.00074,MW,DK2,DK_2,actual_solar_generation,Solar,2026-07-28T18:21:33Z
2026-07-28T18:18:08Z,2026-07-28T20:18:08+0200,139a36cd-3f66-4469-9ae3-07e849d7273d,2026-06-30T23:45:00Z,2026-07-01T01:45:00+0200,2.98842,MW,DK2,DK_2,actual_solar_generation,Solar,2026-07-28T18:21:33Z
2026-07-28T18:18:08Z,2026-07-28T20:18:08+0200,139a36cd-3f66-4469-9ae3-07e849d7273d,2026-07-01T00:00:00Z,2026-07-01T02:00:00+0200,2.99193,MW,DK2,DK_2,actual_solar_generation,Solar,2026-07-28T18:21:33Z
2026-07-28T18:18:08Z,2026-07-28T20:18:08+0200,139a36cd-3f66-4469-9ae3-07e849d7273d,2026-07-01T00:15:00Z,2026-07-01T02:15:00+0200,2.98963,MW,DK2,DK_2,actual_solar_generation,Solar,2026-07-28T18:21:33Z
2026-07-28T18:18:08Z,2026-07-28T20:18:08+0200,139a36cd-3f66-4469-9ae3-07e849d7273d,2026-07-01T00:30:00Z,2026-07-01T02:30:00+0200,2.98078,MW,DK2,DK_2,actual_solar_generation,Solar,2026-07-28T18:21:33Z
2026-07-28T18:18:08Z,2026-07-28T20:18:08+0200,139a36cd-3f66-4469-9ae3-07e849d7273d,2026-07-01T00:45:00Z,2026-07-01T02:45:00+0200,2.97818,MW,DK2,DK_2,actual_solar_generation,Solar,2026-07-28T18:21:33Z
2026-07-28T18:18:08Z,2026-07-28T20:18:08+0200,139a36cd-3f66-4469-9ae3-07e849d7273d,2026-07-01T01:00:00Z,2026-07-01T03:00:00+0200,2.97716,MW,DK2,DK_2,actual_solar_generation,Solar,2026-07-28T18:21:33Z
2026-07-28T18:18:08Z,2026-07-28T20:18:08+0200,139a36cd-3f66-4469-9ae3-07e849d7273d,2026-07-01T01:15:00Z,2026-07-01T03:15:00+0200,2.98121,MW,DK2,DK_2,actual_solar_generation,Solar,2026-07-28T18:21:33Z
2026-07-28T18:18:08Z,2026-07-28T20:18:08+0200,139a36cd-3f66-4469-9ae3-07e849d7273d,2026-07-01T01:30:00Z,2026-07-01T03:30:00+0200,2.98067,MW,DK2,DK_2,actual_solar_generation,Solar,2026-07-28T18:21:33Z
2026-07-28T18:18:08Z,2026-07-28T20:18:08+0200,139a36cd-3f66-4469-9ae3-07e849d7273d,2026-07-01T01:45:00Z,2026-07-01T03:45:00+0200,3.03226,MW,DK2,DK_2,actual_solar_generation,Solar,2026-07-28T18:21:33Z
2026-07-28T18:18:08Z,2026-07-28T20:18:08+0200,139a36cd-3f66-4469-9ae3-07e849d7273d,2026-07-01T02:00:00Z,2026-07-01T04:00:00+0200,3.03994,MW,DK2,DK_2,actual_solar_generation,Solar,2026-07-28T18:21:33Z
2026-07-28T18:18:08Z,2026-07-28T20:18:08+0200,139a36cd-3f66-4469-9ae3-07e849d7273d,2026-07-01T02:15:00Z,2026-07-01T04:15:00+0200,3.03635,MW,DK2,DK_2,actual_solar_generation,Solar,2026-07-28T18:21:33Z
2026-07-28T18:18:08Z,2026-07-28T20:18:08+0200,139a36cd-3f66-4469-9ae3-07e849d7273d,2026-07-01T02:30:00Z,2026-07-01T04:30:00+0200,3.17371,MW,DK2,DK_2,actual_solar_generation,Solar,2026-07-28T18:21:33Z
2026-07-28T18:18:08Z,2026-07-28T20:18:08+0200,139a36cd-3f66-4469-9ae3-07e849d7273d,2026-07-01T02:45:00Z,2026-07-01T04:45:00+0200,7.88451,MW,DK2,DK_2,actual_solar_generation,Solar,2026-07-28T18:21:33Z
2026-07-28T18:18:08Z,2026-07-28T20:18:08+0200,139a36cd-3f66-4469-9ae3-07e849d7273d,2026-07-01T03:00:00Z,2026-07-01T05:00:00+0200,15.017,MW,DK2,DK_2,actual_solar_generation,Solar,2026-07-28T18:21:33Z
2026-07-28T18:18:08Z,2026-07-28T20:18:08+0200,139a36cd-3f66-4469-9ae3-07e849d7273d,2026-07-01T03:15:00Z,2026-07-01T05:15:00+0200,27.3934,MW,DK2,DK_2,actual_solar_generation,Solar,2026-07-28T18:21:33Z
2026-07-28T18:18:08Z,2026-07-28T20:18:08+0200,139a36cd-3f66-4469-9ae3-07e849d7273d,2026-07-01T03:30:00Z,2026-07-01T05:30:00+0200,50.7472,MW,DK2,DK_2,actual_solar_generation,Solar,2026-07-28T18:21:33Z
2026-07-28T18:18:08Z,2026-07-28T20:18:08+0200,139a36cd-3f66-4469-9ae3-07e849d7273d,2026-07-01T03:45:00Z,2026-07-01T05:45:00+0200,71.0755,MW,DK2,DK_2,actual_solar_generation,Solar,2026-07-28T18:21:33Z
2026-07-28T18:18:08Z,2026-07-28T20:18:08+0200,139a36cd-3f66-4469-9ae3-07e849d7273d,2026-07-01T04:00:00Z,2026-07-01T06:00:00+0200,98.9491,MW,DK2,DK_2,actual_solar_generation,Solar,2026-07-28T18:21:33Z
2026-07-28T18:18:08Z,2026-07-28T20:18:08+0200,139a36cd-3f66-4469-9ae3-07e849d7273d,2026-07-01T04:15:00Z,2026-07-01T06:15:00+0200,121.908,MW,DK2,DK_2,actual_solar_generation,Solar,2026-07-28T18:21:33Z
2026-07-28T18:18:08Z,2026-07-28T20:18:08+0200,139a36cd-3f66-4469-9ae3-07e849d7273d,2026-07-01T04:30:00Z,2026-07-01T06:30:00+0200,144.37,MW,DK2,DK_2,actual_solar_generation,Solar,2026-07-28T18:21:33Z
2026-07-28T18:18:08Z,2026-07-28T20:18:08+0200,139a36cd-3f66-4469-9ae3-07e849d7273d,2026-07-01T04:45:00Z,2026-07-01T06:45:00+0200,194.591,MW,DK2,DK_2,actual_solar_generation,Solar,2026-07-28T18:21:33Z
2026-07-28T18:18:08Z,2026-07-28T20:18:08+0200,139a36cd-3f66-4469-9ae3-07e849d7273d,2026-07-01T05:00:00Z,2026-07-01T07:00:00+0200,234.468,MW,DK2,DK_2,actual_solar_generation,Solar,2026-07-28T18:21:33Z
2026-07-28T18:18:08Z,2026-07-28T20:18:08+0200,139a36cd-3f66-4469-9ae3-07e849d7273d,2026-07-01T05:15:00Z,2026-07-01T07:15:00+0200,282.844,MW,DK2,DK_2,actual_solar_generation,Solar,2026-07-28T18:21:33Z
2026-07-28T18:18:08Z,2026-07-28T20:18:08+0200,139a36cd-3f66-4469-9ae3-07e849d7273d,2026-07-01T05:30:00Z,2026-07-01T07:30:00+0200,361.394,MW,DK2,DK_2,actual_solar_generation,Solar,2026-07-28T18:21:33Z
2026-07-28T18:18:08Z,2026-07-28T20:18:08+0200,139a36cd-3f66-4469-9ae3-07e849d7273d,2026-07-01T05:45:00Z,2026-07-01T07:45:00+0200,419.88,MW,DK2,DK_2,actual_solar_generation,Solar,2026-07-28T18:21:33Z
2026-07-28T18:18:08Z,2026-07-28T20:18:08+0200,139a36cd-3f66-4469-9ae3-07e849d7273d,2026-07-01T06:00:00Z,2026-07-01T08:00:00+0200,426.208,MW,DK2,DK_2,actual_solar_generation,Solar,2026-07-28T18:21:33Z
2026-07-28T18:18:08Z,2026-07-28T20:18:08+0200,139a36cd-3f66-4469-9ae3-07e849d7273d,2026-07-01T06:15:00Z,2026-07-01T08:15:00+0200,531.34,MW,DK2,DK_2,actual_solar_generation,Solar,2026-07-28T18:21:33Z
2026-07-28T18:18:08Z,2026-07-28T20:18:08+0200,139a36cd-3f66-4469-9ae3-07e849d7273d,2026-07-01T06:30:00Z,2026-07-01T08:30:00+0200,634.847,MW,DK2,DK_2,actual_solar_generation,Solar,2026-07-28T18:21:33Z
2026-07-28T18:18:08Z,2026-07-28T20:18:08+0200,139a36cd-3f66-4469-9ae3-07e849d7273d,2026-07-01T06:45:00Z,2026-07-01T08:45:00+0200,641.861,MW,DK2,DK_2,actual_solar_generation,Solar,2026-07-28T18:21:33Z
2026-07-28T18:18:08Z,2026-07-28T20:18:08+0200,139a36cd-3f66-4469-9ae3-07e849d7273d,2026-07-01T07:00:00Z,2026-07-01T09:00:00+0200,656.02,MW,DK2,DK_2,actual_solar_generation,Solar,2026-07-28T18:21:33Z
2026-07-28T18:18:08Z,2026-07-28T20:18:08+0200,139a36cd-3f66-4469-9ae3-07e849d7273d,2026-07-01T07:15:00Z,2026-07-01T09:15:00+0200,654.727,MW,DK2,DK_2,actual_solar_generation,Solar,2026-07-28T18:21:33Z
2026-07-28T18:18:08Z,2026-07-28T20:18:08+0200,139a36cd-3f66-4469-9ae3-07e849d7273d,2026-07-01T07:30:00Z,2026-07-01T09:30:00+0200,692.762,MW,DK2,DK_2,actual_solar_generation,Solar,2026-07-28T18:21:33Z
2026-07-28T18:18:08Z,2026-07-28T20:18:08+0200,139a36cd-3f66-4469-9ae3-07e849d7273d,2026-07-01T07:45:00Z,2026-07-01T09:45:00+0200,738.26,MW,DK2,DK_2,actual_solar_generation,Solar,2026-07-28T18:21:33Z
2026-07-28T18:18:08Z,2026-07-28T20:18:08+0200,139a36cd-3f66-4469-9ae3-07e849d7273d,2026-07-01T08:00:00Z,2026-07-01T10:00:00+0200,745.137,MW,DK2,DK_2,actual_solar_generation,Solar,2026-07-28T18:21:33Z
2026-07-28T18:18:08Z,2026-07-28T20:18:08+0200,139a36cd-3f66-4469-9ae3-07e849d7273d,2026-07-01T08:15:00Z,2026-07-01T10:15:00+0200,712.149,MW,DK2,DK_2,actual_solar_generation,Solar,2026-07-28T18:21:33Z
2026-07-28T18:18:08Z,2026-07-28T20:18:08+0200,139a36cd-3f66-4469-9ae3-07e849d7273d,2026-07-01T08:30:00Z,2026-07-01T10:30:00+0200,687.203,MW,DK2,DK_2,actual_solar_generation,Solar,2026-07-28T18:21:33Z
2026-07-28T18:18:08Z,2026-07-28T20:18:08+0200,139a36cd-3f66-4469-9ae3-07e849d7273d,2026-07-01T08:45:00Z,2026-07-01T10:45:00+0200,683.206,MW,DK2,DK_2,actual_solar_generation,Solar,2026-07-28T18:21:33Z
2026-07-28T18:18:08Z,2026-07-28T20:18:08+0200,139a36cd-3f66-4469-9ae3-07e849d7273d,2026-07-01T09:00:00Z,2026-07-01T11:00:00+0200,689.184,MW,DK2,DK_2,actual_solar_generation,Solar,2026-07-28T18:21:33Z
2026-07-28T18:18:08Z,2026-07-28T20:18:08+0200,139a36cd-3f66-4469-9ae3-07e849d7273d,2026-07-01T09:15:00Z,2026-07-01T11:15:00+0200,712.653,MW,DK2,DK_2,actual_solar_generation,Solar,2026-07-28T18:21:33Z
2026-07-28T18:18:08Z,2026-07-28T20:18:08+0200,139a36cd-3f66-4469-9ae3-07e849d7273d,2026-07-01T09:30:00Z,2026-07-01T11:30:00+0200,666.329,MW,DK2,DK_2,actual_solar_generation,Solar,2026-07-28T18:21:33Z
2026-07-28T18:18:08Z,2026-07-28T20:18:08+0200,139a36cd-3f66-4469-9ae3-07e849d7273d,2026-07-01T09:45:00Z,2026-07-01T11:45:00+0200,590.866,MW,DK2,DK_2,actual_solar_generation,Solar,2026-07-28T18:21:33Z
2026-07-28T18:18:08Z,2026-07-28T20:18:08+0200,139a36cd-3f66-4469-9ae3-07e849d7273d,2026-07-01T10:00:00Z,2026-07-01T12:00:00+0200,568.497,MW,DK2,DK_2,actual_solar_generation,Solar,2026-07-28T18:21:33Z
2026-07-28T18:18:08Z,2026-07-28T20:18:08+0200,139a36cd-3f66-4469-9ae3-07e849d7273d,2026-07-01T10:15:00Z,2026-07-01T12:15:00+0200,574.398,MW,DK2,DK_2,actual_solar_generation,Solar,2026-07-28T18:21:33Z
2026-07-28T18:18:08Z,2026-07-28T20:18:08+0200,139a36cd-3f66-4469-9ae3-07e849d7273d,2026-07-01T10:30:00Z,2026-07-01T12:30:00+0200,589.476,MW,DK2,DK_2,actual_solar_generation,Solar,2026-07-28T18:21:33Z
2026-07-28T18:18:08Z,2026-07-28T20:18:08+0200,139a36cd-3f66-4469-9ae3-07e849d7273d,2026-07-01T10:45:00Z,2026-07-01T12:45:00+0200,634.47,MW,DK2,DK_2,actual_solar_generation,Solar,2026-07-28T18:21:33Z
2026-07-28T18:18:08Z,2026-07-28T20:18:08+0200,139a36cd-3f66-4469-9ae3-07e849d7273d,2026-07-01T11:00:00Z,2026-07-01T13:00:00+0200,667.902,MW,DK2,DK_2,actual_solar_generation,Solar,2026-07-28T18:21:33Z
2026-07-28T18:18:08Z,2026-07-28T20:18:08+0200,139a36cd-3f66-4469-9ae3-07e849d7273d,2026-07-01T11:15:00Z,2026-07-01T13:15:00+0200,620.511,MW,DK2,DK_2,actual_solar_generation,Solar,2026-07-28T18:21:33Z
2026-07-28T18:18:08Z,2026-07-28T20:18:08+0200,139a36cd-3f66-4469-9ae3-07e849d7273d,2026-07-01T11:30:00Z,2026-07-01T13:30:00+0200,523.344,MW,DK2,DK_2,actual_solar_generation,Solar,2026-07-28T18:21:33Z
2026-07-28T18:18:08Z,2026-07-28T20:18:08+0200,139a36cd-3f66-4469-9ae3-07e849d7273d,2026-07-01T11:45:00Z,2026-07-01T13:45:00+0200,495.322,MW,DK2,DK_2,actual_solar_generation,Solar,2026-07-28T18:21:33Z
2026-07-28T18:18:08Z,2026-07-28T20:18:08+0200,139a36cd-3f66-4469-9ae3-07e849d7273d,2026-07-01T12:00:00Z,2026-07-01T14:00:00+0200,508.755,MW,DK2,DK_2,actual_solar_generation,Solar,2026-07-28T18:21:33Z
2026-07-28T18:18:08Z,2026-07-28T20:18:08+0200,139a36cd-3f66-4469-9ae3-07e849d7273d,2026-07-01T12:15:00Z,2026-07-01T14:15:00+0200,539.731,MW,DK2,DK_2,actual_solar_generation,Solar,2026-07-28T18:21:33Z
2026-07-28T18:18:08Z,2026-07-28T20:18:08+0200,139a36cd-3f66-4469-9ae3-07e849d7273d,2026-07-01T12:30:00Z,2026-07-01T14:30:00+0200,669.793,MW,DK2,DK_2,actual_solar_generation,Solar,2026-07-28T18:21:33Z
2026-07-28T18:18:08Z,2026-07-28T20:18:08+0200,139a36cd-3f66-4469-9ae3-07e849d7273d,2026-07-01T12:45:00Z,2026-07-01T14:45:00+0200,573.615,MW,DK2,DK_2,actual_solar_generation,Solar,2026-07-28T18:21:33Z
2026-07-28T18:18:08Z,2026-07-28T20:18:08+0200,139a36cd-3f66-4469-9ae3-07e849d7273d,2026-07-01T13:00:00Z,2026-07-01T15:00:00+0200,525.48,MW,DK2,DK_2,actual_solar_generation,Solar,2026-07-28T18:21:33Z
2026-07-28T18:18:08Z,2026-07-28T20:18:08+0200,139a36cd-3f66-4469-9ae3-07e849d7273d,2026-07-01T13:15:00Z,2026-07-01T15:15:00+0200,499.639,MW,DK2,DK_2,actual_solar_generation,Solar,2026-07-28T18:21:33Z
2026-07-28T18:18:08Z,2026-07-28T20:18:08+0200,139a36cd-3f66-4469-9ae3-07e849d7273d,2026-07-01T13:30:00Z,2026-07-01T15:30:00+0200,473.678,MW,DK2,DK_2,actual_solar_generation,Solar,2026-07-28T18:21:33Z
2026-07-28T18:18:08Z,2026-07-28T20:18:08+0200,139a36cd-3f66-4469-9ae3-07e849d7273d,2026-07-01T13:45:00Z,2026-07-01T15:45:00+0200,508.7,MW,DK2,DK_2,actual_solar_generation,Solar,2026-07-28T18:21:33Z
2026-07-28T18:18:08Z,2026-07-28T20:18:08+0200,139a36cd-3f66-4469-9ae3-07e849d7273d,2026-07-01T14:00:00Z,2026-07-01T16:00:00+0200,501.669,MW,DK2,DK_2,actual_solar_generation,Solar,2026-07-28T18:21:33Z
2026-07-28T18:18:08Z,2026-07-28T20:18:08+0200,139a36cd-3f66-4469-9ae3-07e849d7273d,2026-07-01T14:15:00Z,2026-07-01T16:15:00+0200,487.641,MW,DK2,DK_2,actual_solar_generation,Solar,2026-07-28T18:21:33Z
2026-07-28T18:18:08Z,2026-07-28T20:18:08+0200,139a36cd-3f66-4469-9ae3-07e849d7273d,2026-07-01T14:30:00Z,2026-07-01T16:30:00+0200,473.734,MW,DK2,DK_2,actual_solar_generation,Solar,2026-07-28T18:21:33Z
2026-07-28T18:18:08Z,2026-07-28T20:18:08+0200,139a36cd-3f66-4469-9ae3-07e849d7273d,2026-07-01T14:45:00Z,2026-07-01T16:45:00+0200,471.631,MW,DK2,DK_2,actual_solar_generation,Solar,2026-07-28T18:21:33Z
2026-07-28T18:18:08Z,2026-07-28T20:18:08+0200,139a36cd-3f66-4469-9ae3-07e849d7273d,2026-07-01T15:00:00Z,2026-07-01T17:00:00+0200,441.426,MW,DK2,DK_2,actual_solar_generation,Solar,2026-07-28T18:21:33Z
2026-07-28T18:18:08Z,2026-07-28T20:18:08+0200,139a36cd-3f66-4469-9ae3-07e849d7273d,2026-07-01T15:15:00Z,2026-07-01T17:15:00+0200,477.025,MW,DK2,DK_2,actual_solar_generation,Solar,2026-07-28T18:21:33Z
2026-07-28T18:18:08Z,2026-07-28T20:18:08+0200,139a36cd-3f66-4469-9ae3-07e849d7273d,2026-07-01T15:30:00Z,2026-07-01T17:30:00+0200,506.247,MW,DK2,DK_2,actual_solar_generation,Solar,2026-07-28T18:21:33Z
2026-07-28T18:18:08Z,2026-07-28T20:18:08+0200,139a36cd-3f66-4469-9ae3-07e849d7273d,2026-07-01T15:45:00Z,2026-07-01T17:45:00+0200,455.49,MW,DK2,DK_2,actual_solar_generation,Solar,2026-07-28T18:21:33Z
2026-07-28T18:18:08Z,2026-07-28T20:18:08+0200,139a36cd-3f66-4469-9ae3-07e849d7273d,2026-07-01T16:00:00Z,2026-07-01T18:00:00+0200,408.468,MW,DK2,DK_2,actual_solar_generation,Solar,2026-07-28T18:21:33Z
2026-07-28T18:18:08Z,2026-07-28T20:18:08+0200,139a36cd-3f66-4469-9ae3-07e849d7273d,2026-07-01T16:15:00Z,2026-07-01T18:15:00+0200,388.492,MW,DK2,DK_2,actual_solar_generation,Solar,2026-07-28T18:21:33Z
2026-07-28T18:18:08Z,2026-07-28T20:18:08+0200,139a36cd-3f66-4469-9ae3-07e849d7273d,2026-07-01T16:30:00Z,2026-07-01T18:30:00+0200,409.097,MW,DK2,DK_2,actual_solar_generation,Solar,2026-07-28T18:21:33Z
2026-07-28T18:18:08Z,2026-07-28T20:18:08+0200,139a36cd-3f66-4469-9ae3-07e849d7273d,2026-07-01T16:45:00Z,2026-07-01T18:45:00+0200,285.001,MW,DK2,DK_2,actual_solar_generation,Solar,2026-07-28T18:21:33Z
2026-07-28T18:18:08Z,2026-07-28T20:18:08+0200,139a36cd-3f66-4469-9ae3-07e849d7273d,2026-07-01T17:00:00Z,2026-07-01T19:00:00+0200,295.694,MW,DK2,DK_2,actual_solar_generation,Solar,2026-07-28T18:21:33Z
2026-07-28T18:18:08Z,2026-07-28T20:18:08+0200,139a36cd-3f66-4469-9ae3-07e849d7273d,2026-07-01T17:15:00Z,2026-07-01T19:15:00+0200,268.196,MW,DK2,DK_2,actual_solar_generation,Solar,2026-07-28T18:21:33Z
2026-07-28T18:18:08Z,2026-07-28T20:18:08+0200,139a36cd-3f66-4469-9ae3-07e849d7273d,2026-07-01T17:30:00Z,2026-07-01T19:30:00+0200,241.941,MW,DK2,DK_2,actual_solar_generation,Solar,2026-07-28T18:21:33Z
2026-07-28T18:18:08Z,2026-07-28T20:18:08+0200,139a36cd-3f66-4469-9ae3-07e849d7273d,2026-07-01T17:45:00Z,2026-07-01T19:45:00+0200,183.858,MW,DK2,DK_2,actual_solar_generation,Solar,2026-07-28T18:21:33Z
2026-07-28T18:18:08Z,2026-07-28T20:18:08+0200,139a36cd-3f66-4469-9ae3-07e849d7273d,2026-07-01T18:00:00Z,2026-07-01T20:00:00+0200,138.027,MW,DK2,DK_2,actual_solar_generation,Solar,2026-07-28T18:21:33Z
2026-07-28T18:18:08Z,2026-07-28T20:18:08+0200,139a36cd-3f66-4469-9ae3-07e849d7273d,2026-07-01T18:15:00Z,2026-07-01T20:15:00+0200,102.449,MW,DK2,DK_2,actual_solar_generation,Solar,2026-07-28T18:21:33Z
2026-07-28T18:18:08Z,2026-07-28T20:18:08+0200,139a36cd-3f66-4469-9ae3-07e849d7273d,2026-07-01T18:30:00Z,2026-07-01T20:30:00+0200,73.3385,MW,DK2,DK_2,actual_solar_generation,Solar,2026-07-28T18:21:33Z
2026-07-28T18:18:08Z,2026-07-28T20:18:08+0200,139a36cd-3f66-4469-9ae3-07e849d7273d,2026-07-01T18:45:00Z,2026-07-01T20:45:00+0200,54.5614,MW,DK2,DK_2,actual_solar_generation,Solar,2026-07-28T18:21:33Z
2026-07-28T18:18:08Z,2026-07-28T20:18:08+0200,139a36cd-3f66-4469-9ae3-07e849d7273d,2026-07-01T19:00:00Z,2026-07-01T21:00:00+0200,39.3236,MW,DK2,DK_2,actual_solar_generation,Solar,2026-07-28T18:21:33Z
2026-07-28T18:18:08Z,2026-07-28T20:18:08+0200,139a36cd-3f66-4469-9ae3-07e849d7273d,2026-07-01T19:15:00Z,2026-07-01T21:15:00+0200,32.3761,MW,DK2,DK_2,actual_solar_generation,Solar,2026-07-28T18:21:33Z
2026-07-28T18:18:08Z,2026-07-28T20:18:08+0200,139a36cd-3f66-4469-9ae3-07e849d7273d,2026-07-01T19:30:00Z,2026-07-01T21:30:00+0200,21.2945,MW,DK2,DK_2,actual_solar_generation,Solar,2026-07-28T18:21:33Z
2026-07-28T18:18:08Z,2026-07-28T20:18:08+0200,139a36cd-3f66-4469-9ae3-07e849d7273d,2026-07-01T19:45:00Z,2026-07-01T21:45:00+0200,6.79154,MW,DK2,DK_2,actual_solar_generation,Solar,2026-07-28T18:21:33Z
2026-07-28T18:18:08Z,2026-07-28T20:18:08+0200,139a36cd-3f66-4469-9ae3-07e849d7273d,2026-07-01T20:00:00Z,2026-07-01T22:00:00+0200,3.10176,MW,DK2,DK_2,actual_solar_generation,Solar,2026-07-28T18:21:33Z
2026-07-28T18:18:08Z,2026-07-28T20:18:08+0200,139a36cd-3f66-4469-9ae3-07e849d7273d,2026-07-01T20:15:00Z,2026-07-01T22:15:00+0200,2.77549,MW,DK2,DK_2,actual_solar_generation,Solar,2026-07-28T18:21:33Z
2026-07-28T18:18:08Z,2026-07-28T20:18:08+0200,139a36cd-3f66-4469-9ae3-07e849d7273d,2026-07-01T20:30:00Z,2026-07-01T22:30:00+0200,2.92718,MW,DK2,DK_2,actual_solar_generation,Solar,2026-07-28T18:21:33Z
2026-07-28T18:18:08Z,2026-07-28T20:18:08+0200,139a36cd-3f66-4469-9ae3-07e849d7273d,2026-07-01T20:45:00Z,2026-07-01T22:45:00+0200,3.27601,MW,DK2,DK_2,actual_solar_generation,Solar,2026-07-28T18:21:33Z
2026-07-28T18:18:08Z,2026-07-28T20:18:08+0200,139a36cd-3f66-4469-9ae3-07e849d7273d,2026-07-01T21:00:00Z,2026-07-01T23:00:00+0200,3.0121,MW,DK2,DK_2,actual_solar_generation,Solar,2026-07-28T18:21:33Z
2026-07-28T18:18:08Z,2026-07-28T20:18:08+0200,139a36cd-3f66-4469-9ae3-07e849d7273d,2026-07-01T21:15:00Z,2026-07-01T23:15:00+0200,2.98377,MW,DK2,DK_2,actual_solar_generation,Solar,2026-07-28T18:21:33Z
2026-07-28T18:18:08Z,2026-07-28T20:18:08+0200,139a36cd-3f66-4469-9ae3-07e849d7273d,2026-07-01T21:30:00Z,2026-07-01T23:30:00+0200,2.99247,MW,DK2,DK_2,actual_solar_generation,Solar,2026-07-28T18:21:33Z
2026-07-28T18:18:08Z,2026-07-28T20:18:08+0200,139a36cd-3f66-4469-9ae3-07e849d7273d,2026-07-01T21:45:00Z,2026-07-01T23:45:00+0200,2.99224,MW,DK2,DK_2,actual_solar_generation,Solar,2026-07-28T18:21:33Z
2026-07-28T18:18:08Z,2026-07-28T20:18:08+0200,139a36cd-3f66-4469-9ae3-07e849d7273d,2026-07-01T22:00:00Z,2026-07-02T00:00:00+0200,2.99501,MW,DK2,DK_2,actual_solar_generation,Solar,2026-07-28T18:21:33Z
2026-07-28T18:18:08Z,2026-07-28T20:18:08+0200,139a36cd-3f66-4469-9ae3-07e849d7273d,2026-07-01T22:15:00Z,2026-07-02T00:15:00+0200,3.00246,MW,DK2,DK_2,actual_solar_generation,Solar,2026-07-28T18:21:33Z
2026-07-28T18:18:08Z,2026-07-28T20:18:08+0200,139a36cd-3f66-4469-9ae3-07e849d7273d,2026-07-01T22:30:00Z,2026-07-02T00:30:00+0200,2.99889,MW,DK2,DK_2,actual_solar_generation,Solar,2026-07-28T18:21:33Z
2026-07-28T18:18:08Z,2026-07-28T20:18:08+0200,139a36cd-3f66-4469-9ae3-07e849d7273d,2026-07-01T22:45:00Z,2026-07-02T00:45:00+0200,3.00083,MW,DK2,DK_2,actual_solar_generation,Solar,2026-07-28T18:21:33Z
2026-07-28T18:18:08Z,2026-07-28T20:18:08+0200,139a36cd-3f66-4469-9ae3-07e849d7273d,2026-07-01T23:00:00Z,2026-07-02T01:00:00+0200,3.00123,MW,DK2,DK_2,actual_solar_generation,Solar,2026-07-28T18:21:33Z
2026-07-28T18:18:08Z,2026-07-28T20:18:08+0200,139a36cd-3f66-4469-9ae3-07e849d7273d,2026-07-01T23:15:00Z,2026-07-02T01:15:00+0200,3.00239,MW,DK2,DK_2,actual_solar_generation,Solar,2026-07-28T18:21:33Z
2026-07-28T18:18:08Z,2026-07-28T20:18:08+0200,139a36cd-3f66-4469-9ae3-07e849d7273d,2026-07-01T23:30:00Z,2026-07-02T01:30:00+0200,2.99775,MW,DK2,DK_2,actual_solar_generation,Solar,2026-07-28T18:21:33Z
2026-07-28T18:18:08Z,2026-07-28T20:18:08+0200,139a36cd-3f66-4469-9ae3-07e849d7273d,2026-07-01T23:45:00Z,2026-07-02T01:45:00+0200,2.998,MW,DK2,DK_2,actual_solar_generation,Solar,2026-07-28T18:21:33Z
2026-07-28T18:18:08Z,2026-07-28T20:18:08+0200,139a36cd-3f66-4469-9ae3-07e849d7273d,2026-07-02T00:00:00Z,2026-07-02T02:00:00+0200,2.99747,MW,DK2,DK_2,actual_solar_generation,Solar,2026-07-28T18:21:33Z
2026-07-28T18:18:08Z,2026-07-28T20:18:08+0200,139a36cd-3f66-4469-9ae3-07e849d7273d,2026-07-02T00:15:00Z,2026-07-02T02:15:00+0200,2.99497,MW,DK2,DK_2,actual_solar_generation,Solar,2026-07-28T18:21:33Z
2026-07-28T18:18:08Z,2026-07-28T20:18:08+0200,139a36cd-3f66-4469-9ae3-07e849d7273d,2026-07-02T00:30:00Z,2026-07-02T02:30:00+0200,3.01002,MW,DK2,DK_2,actual_solar_generation,Solar,2026-07-28T18:21:33Z
2026-07-28T18:18:08Z,2026-07-28T20:18:08+0200,139a36cd-3f66-4469-9ae3-07e849d7273d,2026-07-02T00:45:00Z,2026-07-02T02:45:00+0200,3.00446,MW,DK2,DK_2,actual_solar_generation,Solar,2026-07-28T18:21:33Z
2026-07-28T18:18:08Z,2026-07-28T20:18:08+0200,139a36cd-3f66-4469-9ae3-07e849d7273d,2026-07-02T01:00:00Z,2026-07-02T03:00:00+0200,3.00344,MW,DK2,DK_2,actual_solar_generation,Solar,2026-07-28T18:21:33Z
2026-07-28T18:18:08Z,2026-07-28T20:18:08+0200,139a36cd-3f66-4469-9ae3-07e849d7273d,2026-07-02T01:15:00Z,2026-07-02T03:15:00+0200,3.00107,MW,DK2,DK_2,actual_solar_generation,Solar,2026-07-28T18:21:33Z
2026-07-28T18:18:08Z,2026-07-28T20:18:08+0200,139a36cd-3f66-4469-9ae3-07e849d7273d,2026-07-02T01:30:00Z,2026-07-02T03:30:00+0200,3.00706,MW,DK2,DK_2,actual_solar_generation,Solar,2026-07-28T18:21:33Z
2026-07-28T18:18:08Z,2026-07-28T20:18:08+0200,139a36cd-3f66-4469-9ae3-07e849d7273d,2026-07-02T01:45:00Z,2026-07-02T03:45:00+0200,3.00078,MW,DK2,DK_2,actual_solar_generation,Solar,2026-07-28T18:21:33Z
2026-07-28T18:18:08Z,2026-07-28T20:18:08+0200,139a36cd-3f66-4469-9ae3-07e849d7273d,2026-07-02T02:00:00Z,2026-07-02T04:00:00+0200,2.99594,MW,DK2,DK_2,actual_solar_generation,Solar,2026-07-28T18:21:33Z
2026-07-28T18:18:08Z,2026-07-28T20:18:08+0200,139a36cd-3f66-4469-9ae3-07e849d7273d,2026-07-02T02:15:00Z,2026-07-02T04:15:00+0200,3.00645,MW,DK2,DK_2,actual_solar_generation,Solar,2026-07-28T18:21:33Z
2026-07-28T18:18:08Z,2026-07-28T20:18:08+0200,139a36cd-3f66-4469-9ae3-07e849d7273d,2026-07-02T02:30:00Z,2026-07-02T04:30:00+0200,4.80645,MW,DK2,DK_2,actual_solar_generation,Solar,2026-07-28T18:21:33Z
2026-07-28T18:18:08Z,2026-07-28T20:18:08+0200,139a36cd-3f66-4469-9ae3-07e849d7273d,2026-07-02T02:45:00Z,2026-07-02T04:45:00+0200,11.4208,MW,DK2,DK_2,actual_solar_generation,Solar,2026-07-28T18:21:33Z
2026-07-28T18:18:08Z,2026-07-28T20:18:08+0200,139a36cd-3f66-4469-9ae3-07e849d7273d,2026-07-02T03:00:00Z,2026-07-02T05:00:00+0200,19.3053,MW,DK2,DK_2,actual_solar_generation,Solar,2026-07-28T18:21:33Z
2026-07-28T18:18:08Z,2026-07-28T20:18:08+0200,139a36cd-3f66-4469-9ae3-07e849d7273d,2026-07-02T03:15:00Z,2026-07-02T05:15:00+0200,31.2415,MW,DK2,DK_2,actual_solar_generation,Solar,2026-07-28T18:21:33Z
2026-07-28T18:18:08Z,2026-07-28T20:18:08+0200,139a36cd-3f66-4469-9ae3-07e849d7273d,2026-07-02T03:30:00Z,2026-07-02T05:30:00+0200,47.4756,MW,DK2,DK_2,actual_solar_generation,Solar,2026-07-28T18:21:33Z
2026-07-28T18:18:08Z,2026-07-28T20:18:08+0200,139a36cd-3f66-4469-9ae3-07e849d7273d,2026-07-02T03:45:00Z,2026-07-02T05:45:00+0200,66.9264,MW,DK2,DK_2,actual_solar_generation,Solar,2026-07-28T18:21:33Z
2026-07-28T18:18:08Z,2026-07-28T20:18:08+0200,139a36cd-3f66-4469-9ae3-07e849d7273d,2026-07-02T04:00:00Z,2026-07-02T06:00:00+0200,87.9896,MW,DK2,DK_2,actual_solar_generation,Solar,2026-07-28T18:21:33Z
2026-07-28T18:18:08Z,2026-07-28T20:18:08+0200,139a36cd-3f66-4469-9ae3-07e849d7273d,2026-07-02T04:15:00Z,2026-07-02T06:15:00+0200,118.676,MW,DK2,DK_2,actual_solar_generation,Solar,2026-07-28T18:21:33Z
2026-07-28T18:18:08Z,2026-07-28T20:18:08+0200,139a36cd-3f66-4469-9ae3-07e849d7273d,2026-07-02T04:30:00Z,2026-07-02T06:30:00+0200,153.661,MW,DK2,DK_2,actual_solar_generation,Solar,2026-07-28T18:21:33Z
2026-07-28T18:18:08Z,2026-07-28T20:18:08+0200,139a36cd-3f66-4469-9ae3-07e849d7273d,2026-07-02T04:45:00Z,2026-07-02T06:45:00+0200,190.814,MW,DK2,DK_2,actual_solar_generation,Solar,2026-07-28T18:21:33Z
2026-07-28T18:18:08Z,2026-07-28T20:18:08+0200,139a36cd-3f66-4469-9ae3-07e849d7273d,2026-07-02T05:00:00Z,2026-07-02T07:00:00+0200,246.696,MW,DK2,DK_2,actual_solar_generation,Solar,2026-07-28T18:21:33Z
2026-07-28T18:18:08Z,2026-07-28T20:18:08+0200,139a36cd-3f66-4469-9ae3-07e849d7273d,2026-07-02T05:15:00Z,2026-07-02T07:15:00+0200,310.451,MW,DK2,DK_2,actual_solar_generation,Solar,2026-07-28T18:21:33Z
2026-07-28T18:18:08Z,2026-07-28T20:18:08+0200,139a36cd-3f66-4469-9ae3-07e849d7273d,2026-07-02T05:30:00Z,2026-07-02T07:30:00+0200,368.111,MW,DK2,DK_2,actual_solar_generation,Solar,2026-07-28T18:21:33Z
2026-07-28T18:18:08Z,2026-07-28T20:18:08+0200,139a36cd-3f66-4469-9ae3-07e849d7273d,2026-07-02T05:45:00Z,2026-07-02T07:45:00+0200,422.889,MW,DK2,DK_2,actual_solar_generation,Solar,2026-07-28T18:21:33Z
2026-07-28T18:18:08Z,2026-07-28T20:18:08+0200,139a36cd-3f66-4469-9ae3-07e849d7273d,2026-07-02T06:00:00Z,2026-07-02T08:00:00+0200,456.211,MW,DK2,DK_2,actual_solar_generation,Solar,2026-07-28T18:21:33Z
2026-07-28T18:18:08Z,2026-07-28T20:18:08+0200,139a36cd-3f66-4469-9ae3-07e849d7273d,2026-07-02T06:15:00Z,2026-07-02T08:15:00+0200,513.945,MW,DK2,DK_2,actual_solar_generation,Solar,2026-07-28T18:21:33Z
2026-07-28T18:18:08Z,2026-07-28T20:18:08+0200,139a36cd-3f66-4469-9ae3-07e849d7273d,2026-07-02T06:30:00Z,2026-07-02T08:30:00+0200,466.03,MW,DK2,DK_2,actual_solar_generation,Solar,2026-07-28T18:21:33Z
2026-07-28T18:18:08Z,2026-07-28T20:18:08+0200,139a36cd-3f66-4469-9ae3-07e849d7273d,2026-07-02T06:45:00Z,2026-07-02T08:45:00+0200,550.564,MW,DK2,DK_2,actual_solar_generation,Solar,2026-07-28T18:21:33Z
2026-07-28T18:18:08Z,2026-07-28T20:18:08+0200,139a36cd-3f66-4469-9ae3-07e849d7273d,2026-07-02T07:00:00Z,2026-07-02T09:00:00+0200,526.926,MW,DK2,DK_2,actual_solar_generation,Solar,2026-07-28T18:21:33Z
2026-07-28T18:18:08Z,2026-07-28T20:18:08+0200,139a36cd-3f66-4469-9ae3-07e849d7273d,2026-07-02T07:15:00Z,2026-07-02T09:15:00+0200,608.673,MW,DK2,DK_2,actual_solar_generation,Solar,2026-07-28T18:21:33Z
2026-07-28T18:18:08Z,2026-07-28T20:18:08+0200,139a36cd-3f66-4469-9ae3-07e849d7273d,2026-07-02T07:30:00Z,2026-07-02T09:30:00+0200,652.764,MW,DK2,DK_2,actual_solar_generation,Solar,2026-07-28T18:21:33Z
2026-07-28T18:18:08Z,2026-07-28T20:18:08+0200,139a36cd-3f66-4469-9ae3-07e849d7273d,2026-07-02T07:45:00Z,2026-07-02T09:45:00+0200,563.766,MW,DK2,DK_2,actual_solar_generation,Solar,2026-07-28T18:21:33Z
2026-07-28T18:18:08Z,2026-07-28T20:18:08+0200,139a36cd-3f66-4469-9ae3-07e849d7273d,2026-07-02T08:00:00Z,2026-07-02T10:00:00+0200,536.105,MW,DK2,DK_2,actual_solar_generation,Solar,2026-07-28T18:21:33Z
2026-07-28T18:18:08Z,2026-07-28T20:18:08+0200,139a36cd-3f66-4469-9ae3-07e849d7273d,2026-07-02T08:15:00Z,2026-07-02T10:15:00+0200,515.497,MW,DK2,DK_2,actual_solar_generation,Solar,2026-07-28T18:21:33Z
2026-07-28T18:18:08Z,2026-07-28T20:18:08+0200,139a36cd-3f66-4469-9ae3-07e849d7273d,2026-07-02T08:30:00Z,2026-07-02T10:30:00+0200,460.443,MW,DK2,DK_2,actual_solar_generation,Solar,2026-07-28T18:21:33Z
2026-07-28T18:18:08Z,2026-07-28T20:18:08+0200,139a36cd-3f66-4469-9ae3-07e849d7273d,2026-07-02T08:45:00Z,2026-07-02T10:45:00+0200,438.147,MW,DK2,DK_2,actual_solar_generation,Solar,2026-07-28T18:21:33Z
2026-07-28T18:18:08Z,2026-07-28T20:18:08+0200,139a36cd-3f66-4469-9ae3-07e849d7273d,2026-07-02T09:00:00Z,2026-07-02T11:00:00+0200,399.363,MW,DK2,DK_2,actual_solar_generation,Solar,2026-07-28T18:21:33Z
2026-07-28T18:18:08Z,2026-07-28T20:18:08+0200,139a36cd-3f66-4469-9ae3-07e849d7273d,2026-07-02T09:15:00Z,2026-07-02T11:15:00+0200,385.224,MW,DK2,DK_2,actual_solar_generation,Solar,2026-07-28T18:21:33Z
2026-07-28T18:18:08Z,2026-07-28T20:18:08+0200,139a36cd-3f66-4469-9ae3-07e849d7273d,2026-07-02T09:30:00Z,2026-07-02T11:30:00+0200,379.151,MW,DK2,DK_2,actual_solar_generation,Solar,2026-07-28T18:21:33Z
2026-07-28T18:18:08Z,2026-07-28T20:18:08+0200,139a36cd-3f66-4469-9ae3-07e849d7273d,2026-07-02T09:45:00Z,2026-07-02T11:45:00+0200,352.757,MW,DK2,DK_2,actual_solar_generation,Solar,2026-07-28T18:21:33Z
2026-07-28T18:18:08Z,2026-07-28T20:18:08+0200,139a36cd-3f66-4469-9ae3-07e849d7273d,2026-07-02T10:00:00Z,2026-07-02T12:00:00+0200,348.668,MW,DK2,DK_2,actual_solar_generation,Solar,2026-07-28T18:21:33Z
2026-07-28T18:18:08Z,2026-07-28T20:18:08+0200,139a36cd-3f66-4469-9ae3-07e849d7273d,2026-07-02T10:15:00Z,2026-07-02T12:15:00+0200,331.184,MW,DK2,DK_2,actual_solar_generation,Solar,2026-07-28T18:21:33Z
2026-07-28T18:18:08Z,2026-07-28T20:18:08+0200,139a36cd-3f66-4469-9ae3-07e849d7273d,2026-07-02T10:30:00Z,2026-07-02T12:30:00+0200,344.076,MW,DK2,DK_2,actual_solar_generation,Solar,2026-07-28T18:21:33Z
2026-07-28T18:18:08Z,2026-07-28T20:18:08+0200,139a36cd-3f66-4469-9ae3-07e849d7273d,2026-07-02T10:45:00Z,2026-07-02T12:45:00+0200,344.874,MW,DK2,DK_2,actual_solar_generation,Solar,2026-07-28T18:21:33Z
2026-07-28T18:18:08Z,2026-07-28T20:18:08+0200,139a36cd-3f66-4469-9ae3-07e849d7273d,2026-07-02T11:00:00Z,2026-07-02T13:00:00+0200,295.823,MW,DK2,DK_2,actual_solar_generation,Solar,2026-07-28T18:21:33Z
2026-07-28T18:18:08Z,2026-07-28T20:18:08+0200,139a36cd-3f66-4469-9ae3-07e849d7273d,2026-07-02T11:15:00Z,2026-07-02T13:15:00+0200,292.8,MW,DK2,DK_2,actual_solar_generation,Solar,2026-07-28T18:21:33Z
2026-07-28T18:18:08Z,2026-07-28T20:18:08+0200,139a36cd-3f66-4469-9ae3-07e849d7273d,2026-07-02T11:30:00Z,2026-07-02T13:30:00+0200,226.729,MW,DK2,DK_2,actual_solar_generation,Solar,2026-07-28T18:21:33Z
2026-07-28T18:18:08Z,2026-07-28T20:18:08+0200,139a36cd-3f66-4469-9ae3-07e849d7273d,2026-07-02T11:45:00Z,2026-07-02T13:45:00+0200,224.961,MW,DK2,DK_2,actual_solar_generation,Solar,2026-07-28T18:21:33Z
2026-07-28T18:18:08Z,2026-07-28T20:18:08+0200,139a36cd-3f66-4469-9ae3-07e849d7273d,2026-07-02T12:00:00Z,2026-07-02T14:00:00+0200,201.749,MW,DK2,DK_2,actual_solar_generation,Solar,2026-07-28T18:21:33Z
2026-07-28T18:18:08Z,2026-07-28T20:18:08+0200,139a36cd-3f66-4469-9ae3-07e849d7273d,2026-07-02T12:15:00Z,2026-07-02T14:15:00+0200,182.163,MW,DK2,DK_2,actual_solar_generation,Solar,2026-07-28T18:21:33Z
2026-07-28T18:18:08Z,2026-07-28T20:18:08+0200,139a36cd-3f66-4469-9ae3-07e849d7273d,2026-07-02T12:30:00Z,2026-07-02T14:30:00+0200,159.311,MW,DK2,DK_2,actual_solar_generation,Solar,2026-07-28T18:21:33Z
2026-07-28T18:18:08Z,2026-07-28T20:18:08+0200,139a36cd-3f66-4469-9ae3-07e849d7273d,2026-07-02T12:45:00Z,2026-07-02T14:45:00+0200,167.075,MW,DK2,DK_2,actual_solar_generation,Solar,2026-07-28T18:21:33Z
2026-07-28T18:18:08Z,2026-07-28T20:18:08+0200,139a36cd-3f66-4469-9ae3-07e849d7273d,2026-07-02T13:00:00Z,2026-07-02T15:00:00+0200,173.402,MW,DK2,DK_2,actual_solar_generation,Solar,2026-07-28T18:21:33Z
2026-07-28T18:18:08Z,2026-07-28T20:18:08+0200,139a36cd-3f66-4469-9ae3-07e849d7273d,2026-07-02T13:15:00Z,2026-07-02T15:15:00+0200,170.755,MW,DK2,DK_2,actual_solar_generation,Solar,2026-07-28T18:21:33Z
2026-07-28T18:18:08Z,2026-07-28T20:18:08+0200,139a36cd-3f66-4469-9ae3-07e849d7273d,2026-07-02T13:30:00Z,2026-07-02T15:30:00+0200,188.112,MW,DK2,DK_2,actual_solar_generation,Solar,2026-07-28T18:21:33Z
2026-07-28T18:18:08Z,2026-07-28T20:18:08+0200,139a36cd-3f66-4469-9ae3-07e849d7273d,2026-07-02T13:45:00Z,2026-07-02T15:45:00+0200,169.531,MW,DK2,DK_2,actual_solar_generation,Solar,2026-07-28T18:21:33Z
2026-07-28T18:18:08Z,2026-07-28T20:18:08+0200,139a36cd-3f66-4469-9ae3-07e849d7273d,2026-07-02T14:00:00Z,2026-07-02T16:00:00+0200,170.524,MW,DK2,DK_2,actual_solar_generation,Solar,2026-07-28T18:21:33Z
2026-07-28T18:18:08Z,2026-07-28T20:18:08+0200,139a36cd-3f66-4469-9ae3-07e849d7273d,2026-07-02T14:15:00Z,2026-07-02T16:15:00+0200,210.389,MW,DK2,DK_2,actual_solar_generation,Solar,2026-07-28T18:21:33Z
2026-07-28T18:18:08Z,2026-07-28T20:18:08+0200,139a36cd-3f66-4469-9ae3-07e849d7273d,2026-07-02T14:30:00Z,2026-07-02T16:30:00+0200,308.338,MW,DK2,DK_2,actual_solar_generation,Solar,2026-07-28T18:21:33Z
2026-07-28T18:18:08Z,2026-07-28T20:18:08+0200,139a36cd-3f66-4469-9ae3-07e849d7273d,2026-07-02T14:45:00Z,2026-07-02T16:45:00+0200,384.511,MW,DK2,DK_2,actual_solar_generation,Solar,2026-07-28T18:21:33Z
2026-07-28T18:18:08Z,2026-07-28T20:18:08+0200,139a36cd-3f66-4469-9ae3-07e849d7273d,2026-07-02T15:00:00Z,2026-07-02T17:00:00+0200,507.709,MW,DK2,DK_2,actual_solar_generation,Solar,2026-07-28T18:21:33Z
2026-07-28T18:18:08Z,2026-07-28T20:18:08+0200,139a36cd-3f66-4469-9ae3-07e849d7273d,2026-07-02T15:15:00Z,2026-07-02T17:15:00+0200,477.379,MW,DK2,DK_2,actual_solar_generation,Solar,2026-07-28T18:21:33Z
2026-07-28T18:18:08Z,2026-07-28T20:18:08+0200,139a36cd-3f66-4469-9ae3-07e849d7273d,2026-07-02T15:30:00Z,2026-07-02T17:30:00+0200,355.844,MW,DK2,DK_2,actual_solar_generation,Solar,2026-07-28T18:21:33Z
2026-07-28T18:18:08Z,2026-07-28T20:18:08+0200,139a36cd-3f66-4469-9ae3-07e849d7273d,2026-07-02T15:45:00Z,2026-07-02T17:45:00+0200,397.828,MW,DK2,DK_2,actual_solar_generation,Solar,2026-07-28T18:21:33Z
2026-07-28T18:18:08Z,2026-07-28T20:18:08+0200,139a36cd-3f66-4469-9ae3-07e849d7273d,2026-07-02T16:00:00Z,2026-07-02T18:00:00+0200,408.489,MW,DK2,DK_2,actual_solar_generation,Solar,2026-07-28T18:21:33Z
2026-07-28T18:18:08Z,2026-07-28T20:18:08+0200,139a36cd-3f66-4469-9ae3-07e849d7273d,2026-07-02T16:15:00Z,2026-07-02T18:15:00+0200,406.664,MW,DK2,DK_2,actual_solar_generation,Solar,2026-07-28T18:21:33Z
2026-07-28T18:18:08Z,2026-07-28T20:18:08+0200,139a36cd-3f66-4469-9ae3-07e849d7273d,2026-07-02T16:30:00Z,2026-07-02T18:30:00+0200,333.579,MW,DK2,DK_2,actual_solar_generation,Solar,2026-07-28T18:21:33Z
2026-07-28T18:18:08Z,2026-07-28T20:18:08+0200,139a36cd-3f66-4469-9ae3-07e849d7273d,2026-07-02T16:45:00Z,2026-07-02T18:45:00+0200,231.32,MW,DK2,DK_2,actual_solar_generation,Solar,2026-07-28T18:21:33Z
2026-07-28T18:18:08Z,2026-07-28T20:18:08+0200,139a36cd-3f66-4469-9ae3-07e849d7273d,2026-07-02T17:00:00Z,2026-07-02T19:00:00+0200,230.41,MW,DK2,DK_2,actual_solar_generation,Solar,2026-07-28T18:21:33Z
2026-07-28T18:18:08Z,2026-07-28T20:18:08+0200,139a36cd-3f66-4469-9ae3-07e849d7273d,2026-07-02T17:15:00Z,2026-07-02T19:15:00+0200,179.776,MW,DK2,DK_2,actual_solar_generation,Solar,2026-07-28T18:21:33Z
2026-07-28T18:18:08Z,2026-07-28T20:18:08+0200,139a36cd-3f66-4469-9ae3-07e849d7273d,2026-07-02T17:30:00Z,2026-07-02T19:30:00+0200,165.889,MW,DK2,DK_2,actual_solar_generation,Solar,2026-07-28T18:21:33Z
2026-07-28T18:18:08Z,2026-07-28T20:18:08+0200,139a36cd-3f66-4469-9ae3-07e849d7273d,2026-07-02T17:45:00Z,2026-07-02T19:45:00+0200,149.276,MW,DK2,DK_2,actual_solar_generation,Solar,2026-07-28T18:21:33Z
2026-07-28T18:18:08Z,2026-07-28T20:18:08+0200,139a36cd-3f66-4469-9ae3-07e849d7273d,2026-07-02T18:00:00Z,2026-07-02T20:00:00+0200,122.613,MW,DK2,DK_2,actual_solar_generation,Solar,2026-07-28T18:21:33Z
2026-07-28T18:18:08Z,2026-07-28T20:18:08+0200,139a36cd-3f66-4469-9ae3-07e849d7273d,2026-07-02T18:15:00Z,2026-07-02T20:15:00+0200,84.8502,MW,DK2,DK_2,actual_solar_generation,Solar,2026-07-28T18:21:33Z
2026-07-28T18:18:08Z,2026-07-28T20:18:08+0200,139a36cd-3f66-4469-9ae3-07e849d7273d,2026-07-02T18:30:00Z,2026-07-02T20:30:00+0200,55.24,MW,DK2,DK_2,actual_solar_generation,Solar,2026-07-28T18:21:33Z
2026-07-28T18:18:08Z,2026-07-28T20:18:08+0200,139a36cd-3f66-4469-9ae3-07e849d7273d,2026-07-02T18:45:00Z,2026-07-02T20:45:00+0200,38.8547,MW,DK2,DK_2,actual_solar_generation,Solar,2026-07-28T18:21:33Z
2026-07-28T18:18:08Z,2026-07-28T20:18:08+0200,139a36cd-3f66-4469-9ae3-07e849d7273d,2026-07-02T19:00:00Z,2026-07-02T21:00:00+0200,45.8768,MW,DK2,DK_2,actual_solar_generation,Solar,2026-07-28T18:21:33Z
2026-07-28T18:18:08Z,2026-07-28T20:18:08+0200,139a36cd-3f66-4469-9ae3-07e849d7273d,2026-07-02T19:15:00Z,2026-07-02T21:15:00+0200,38.8526,MW,DK2,DK_2,actual_solar_generation,Solar,2026-07-28T18:21:33Z
2026-07-28T18:18:08Z,2026-07-28T20:18:08+0200,139a36cd-3f66-4469-9ae3-07e849d7273d,2026-07-02T19:30:00Z,2026-07-02T21:30:00+0200,23.6871,MW,DK2,DK_2,actual_solar_generation,Solar,2026-07-28T18:21:33Z
2026-07-28T18:18:08Z,2026-07-28T20:18:08+0200,139a36cd-3f66-4469-9ae3-07e849d7273d,2026-07-02T19:45:00Z,2026-07-02T21:45:00+0200,14.4622,MW,DK2,DK_2,actual_solar_generation,Solar,2026-07-28T18:21:33Z
2026-07-28T18:18:08Z,2026-07-28T20:18:08+0200,139a36cd-3f66-4469-9ae3-07e849d7273d,2026-07-02T20:00:00Z,2026-07-02T22:00:00+0200,4.17698,MW,DK2,DK_2,actual_solar_generation,Solar,2026-07-28T18:21:33Z
2026-07-28T18:18:08Z,2026-07-28T20:18:08+0200,139a36cd-3f66-4469-9ae3-07e849d7273d,2026-07-02T20:15:00Z,2026-07-02T22:15:00+0200,2.8132,MW,DK2,DK_2,actual_solar_generation,Solar,2026-07-28T18:21:33Z
2026-07-28T18:18:08Z,2026-07-28T20:18:08+0200,139a36cd-3f66-4469-9ae3-07e849d7273d,2026-07-02T20:30:00Z,2026-07-02T22:30:00+0200,3.42313,MW,DK2,DK_2,actual_solar_generation,Solar,2026-07-28T18:21:33Z
2026-07-28T18:18:08Z,2026-07-28T20:18:08+0200,139a36cd-3f66-4469-9ae3-07e849d7273d,2026-07-02T20:45:00Z,2026-07-02T22:45:00+0200,3.07937,MW,DK2,DK_2,actual_solar_generation,Solar,2026-07-28T18:21:33Z
2026-07-28T18:18:08Z,2026-07-28T20:18:08+0200,139a36cd-3f66-4469-9ae3-07e849d7273d,2026-07-02T21:00:00Z,2026-07-02T23:00:00+0200,3.1269,MW,DK2,DK_2,actual_solar_generation,Solar,2026-07-28T18:21:33Z
2026-07-28T18:18:08Z,2026-07-28T20:18:08+0200,139a36cd-3f66-4469-9ae3-07e849d7273d,2026-07-02T21:15:00Z,2026-07-02T23:15:00+0200,3.00311,MW,DK2,DK_2,actual_solar_generation,Solar,2026-07-28T18:21:33Z
2026-07-28T18:18:08Z,2026-07-28T20:18:08+0200,139a36cd-3f66-4469-9ae3-07e849d7273d,2026-07-02T21:30:00Z,2026-07-02T23:30:00+0200,2.99788,MW,DK2,DK_2,actual_solar_generation,Solar,2026-07-28T18:21:33Z
2026-07-28T18:18:08Z,2026-07-28T20:18:08+0200,139a36cd-3f66-4469-9ae3-07e849d7273d,2026-07-02T21:45:00Z,2026-07-02T23:45:00+0200,3.00019,MW,DK2,DK_2,actual_solar_generation,Solar,2026-07-28T18:21:33Z
2026-07-28T18:18:08Z,2026-07-28T20:18:08+0200,139a36cd-3f66-4469-9ae3-07e849d7273d,2026-07-02T22:00:00Z,2026-07-03T00:00:00+0200,3.00135,MW,DK2,DK_2,actual_solar_generation,Solar,2026-07-28T18:21:33Z
2026-07-28T18:18:08Z,2026-07-28T20:18:08+0200,139a36cd-3f66-4469-9ae3-07e849d7273d,2026-07-02T22:15:00Z,2026-07-03T00:15:00+0200,2.99378,MW,DK2,DK_2,actual_solar_generation,Solar,2026-07-28T18:21:33Z
2026-07-28T18:18:08Z,2026-07-28T20:18:08+0200,139a36cd-3f66-4469-9ae3-07e849d7273d,2026-07-02T22:30:00Z,2026-07-03T00:30:00+0200,2.99426,MW,DK2,DK_2,actual_solar_generation,Solar,2026-07-28T18:21:33Z
2026-07-28T18:18:08Z,2026-07-28T20:18:08+0200,139a36cd-3f66-4469-9ae3-07e849d7273d,2026-07-02T22:45:00Z,2026-07-03T00:45:00+0200,3.00042,MW,DK2,DK_2,actual_solar_generation,Solar,2026-07-28T18:21:33Z
2026-07-28T18:18:08Z,2026-07-28T20:18:08+0200,139a36cd-3f66-4469-9ae3-07e849d7273d,2026-07-02T23:00:00Z,2026-07-03T01:00:00+0200,2.99082,MW,DK2,DK_2,actual_solar_generation,Solar,2026-07-28T18:21:33Z
2026-07-28T18:18:08Z,2026-07-28T20:18:08+0200,139a36cd-3f66-4469-9ae3-07e849d7273d,2026-07-02T23:15:00Z,2026-07-03T01:15:00+0200,2.99119,MW,DK2,DK_2,actual_solar_generation,Solar,2026-07-28T18:21:33Z
2026-07-28T18:18:08Z,2026-07-28T20:18:08+0200,139a36cd-3f66-4469-9ae3-07e849d7273d,2026-07-02T23:30:00Z,2026-07-03T01:30:00+0200,2.99471,MW,DK2,DK_2,actual_solar_generation,Solar,2026-07-28T18:21:33Z
2026-07-28T18:18:08Z,2026-07-28T20:18:08+0200,139a36cd-3f66-4469-9ae3-07e849d7273d,2026-07-02T23:45:00Z,2026-07-03T01:45:00+0200,2.99315,MW,DK2,DK_2,actual_solar_generation,Solar,2026-07-28T18:21:33Z
2026-07-28T18:18:08Z,2026-07-28T20:18:08+0200,139a36cd-3f66-4469-9ae3-07e849d7273d,2026-07-03T00:00:00Z,2026-07-03T02:00:00+0200,2.9926,MW,DK2,DK_2,actual_solar_generation,Solar,2026-07-28T18:21:33Z
2026-07-28T18:18:08Z,2026-07-28T20:18:08+0200,139a36cd-3f66-4469-9ae3-07e849d7273d,2026-07-03T00:15:00Z,2026-07-03T02:15:00+0200,2.99546,MW,DK2,DK_2,actual_solar_generation,Solar,2026-07-28T18:21:33Z
2026-07-28T18:18:08Z,2026-07-28T20:18:08+0200,139a36cd-3f66-4469-9ae3-07e849d7273d,2026-07-03T00:30:00Z,2026-07-03T02:30:00+0200,2.99063,MW,DK2,DK_2,actual_solar_generation,Solar,2026-07-28T18:21:33Z
2026-07-28T18:18:08Z,2026-07-28T20:18:08+0200,139a36cd-3f66-4469-9ae3-07e849d7273d,2026-07-03T00:45:00Z,2026-07-03T02:45:00+0200,2.99353,MW,DK2,DK_2,actual_solar_generation,Solar,2026-07-28T18:21:33Z
2026-07-28T18:18:08Z,2026-07-28T20:18:08+0200,139a36cd-3f66-4469-9ae3-07e849d7273d,2026-07-03T01:00:00Z,2026-07-03T03:00:00+0200,2.9923,MW,DK2,DK_2,actual_solar_generation,Solar,2026-07-28T18:21:33Z
2026-07-28T18:18:08Z,2026-07-28T20:18:08+0200,139a36cd-3f66-4469-9ae3-07e849d7273d,2026-07-03T01:15:00Z,2026-07-03T03:15:00+0200,2.99302,MW,DK2,DK_2,actual_solar_generation,Solar,2026-07-28T18:21:33Z
2026-07-28T18:18:08Z,2026-07-28T20:18:08+0200,139a36cd-3f66-4469-9ae3-07e849d7273d,2026-07-03T01:30:00Z,2026-07-03T03:30:00+0200,2.99383,MW,DK2,DK_2,actual_solar_generation,Solar,2026-07-28T18:21:33Z
2026-07-28T18:18:08Z,2026-07-28T20:18:08+0200,139a36cd-3f66-4469-9ae3-07e849d7273d,2026-07-03T01:45:00Z,2026-07-03T03:45:00+0200,3.10427,MW,DK2,DK_2,actual_solar_generation,Solar,2026-07-28T18:21:33Z
2026-07-28T18:18:08Z,2026-07-28T20:18:08+0200,139a36cd-3f66-4469-9ae3-07e849d7273d,2026-07-03T02:00:00Z,2026-07-03T04:00:00+0200,3.33346,MW,DK2,DK_2,actual_solar_generation,Solar,2026-07-28T18:21:33Z
2026-07-28T18:18:08Z,2026-07-28T20:18:08+0200,139a36cd-3f66-4469-9ae3-07e849d7273d,2026-07-03T02:15:00Z,2026-07-03T04:15:00+0200,3.05283,MW,DK2,DK_2,actual_solar_generation,Solar,2026-07-28T18:21:33Z
2026-07-28T18:18:08Z,2026-07-28T20:18:08+0200,139a36cd-3f66-4469-9ae3-07e849d7273d,2026-07-03T02:30:00Z,2026-07-03T04:30:00+0200,3.17857,MW,DK2,DK_2,actual_solar_generation,Solar,2026-07-28T18:21:33Z
2026-07-28T18:18:08Z,2026-07-28T20:18:08+0200,139a36cd-3f66-4469-9ae3-07e849d7273d,2026-07-03T02:45:00Z,2026-07-03T04:45:00+0200,3.78884,MW,DK2,DK_2,actual_solar_generation,Solar,2026-07-28T18:21:33Z
2026-07-28T18:18:08Z,2026-07-28T20:18:08+0200,139a36cd-3f66-4469-9ae3-07e849d7273d,2026-07-03T03:00:00Z,2026-07-03T05:00:00+0200,7.471,MW,DK2,DK_2,actual_solar_generation,Solar,2026-07-28T18:21:33Z
2026-07-28T18:18:08Z,2026-07-28T20:18:08+0200,139a36cd-3f66-4469-9ae3-07e849d7273d,2026-07-03T03:15:00Z,2026-07-03T05:15:00+0200,10.8854,MW,DK2,DK_2,actual_solar_generation,Solar,2026-07-28T18:21:33Z
2026-07-28T18:18:08Z,2026-07-28T20:18:08+0200,139a36cd-3f66-4469-9ae3-07e849d7273d,2026-07-03T03:30:00Z,2026-07-03T05:30:00+0200,17.4755,MW,DK2,DK_2,actual_solar_generation,Solar,2026-07-28T18:21:33Z
2026-07-28T18:18:08Z,2026-07-28T20:18:08+0200,139a36cd-3f66-4469-9ae3-07e849d7273d,2026-07-03T03:45:00Z,2026-07-03T05:45:00+0200,25.6347,MW,DK2,DK_2,actual_solar_generation,Solar,2026-07-28T18:21:33Z
2026-07-28T18:18:08Z,2026-07-28T20:18:08+0200,139a36cd-3f66-4469-9ae3-07e849d7273d,2026-07-03T04:00:00Z,2026-07-03T06:00:00+0200,41.9636,MW,DK2,DK_2,actual_solar_generation,Solar,2026-07-28T18:21:33Z
2026-07-28T18:18:08Z,2026-07-28T20:18:08+0200,139a36cd-3f66-4469-9ae3-07e849d7273d,2026-07-03T04:15:00Z,2026-07-03T06:15:00+0200,48.6019,MW,DK2,DK_2,actual_solar_generation,Solar,2026-07-28T18:21:33Z
2026-07-28T18:18:08Z,2026-07-28T20:18:08+0200,139a36cd-3f66-4469-9ae3-07e849d7273d,2026-07-03T04:30:00Z,2026-07-03T06:30:00+0200,64.5309,MW,DK2,DK_2,actual_solar_generation,Solar,2026-07-28T18:21:33Z
2026-07-28T18:18:08Z,2026-07-28T20:18:08+0200,139a36cd-3f66-4469-9ae3-07e849d7273d,2026-07-03T04:45:00Z,2026-07-03T06:45:00+0200,72.8614,MW,DK2,DK_2,actual_solar_generation,Solar,2026-07-28T18:21:33Z
2026-07-28T18:18:08Z,2026-07-28T20:18:08+0200,139a36cd-3f66-4469-9ae3-07e849d7273d,2026-07-03T05:00:00Z,2026-07-03T07:00:00+0200,102.999,MW,DK2,DK_2,actual_solar_generation,Solar,2026-07-28T18:21:33Z
2026-07-28T18:18:08Z,2026-07-28T20:18:08+0200,139a36cd-3f66-4469-9ae3-07e849d7273d,2026-07-03T05:15:00Z,2026-07-03T07:15:00+0200,107.355,MW,DK2,DK_2,actual_solar_generation,Solar,2026-07-28T18:21:33Z
2026-07-28T18:18:08Z,2026-07-28T20:18:08+0200,139a36cd-3f66-4469-9ae3-07e849d7273d,2026-07-03T05:30:00Z,2026-07-03T07:30:00+0200,128.101,MW,DK2,DK_2,actual_solar_generation,Solar,2026-07-28T18:21:33Z
2026-07-28T18:18:08Z,2026-07-28T20:18:08+0200,139a36cd-3f66-4469-9ae3-07e849d7273d,2026-07-03T05:45:00Z,2026-07-03T07:45:00+0200,189.446,MW,DK2,DK_2,actual_solar_generation,Solar,2026-07-28T18:21:33Z
2026-07-28T18:18:08Z,2026-07-28T20:18:08+0200,139a36cd-3f66-4469-9ae3-07e849d7273d,2026-07-03T06:00:00Z,2026-07-03T08:00:00+0200,235.571,MW,DK2,DK_2,actual_solar_generation,Solar,2026-07-28T18:21:33Z
2026-07-28T18:18:08Z,2026-07-28T20:18:08+0200,139a36cd-3f66-4469-9ae3-07e849d7273d,2026-07-03T06:15:00Z,2026-07-03T08:15:00+0200,288.333,MW,DK2,DK_2,actual_solar_generation,Solar,2026-07-28T18:21:33Z
2026-07-28T18:18:08Z,2026-07-28T20:18:08+0200,139a36cd-3f66-4469-9ae3-07e849d7273d,2026-07-03T06:30:00Z,2026-07-03T08:30:00+0200,290.547,MW,DK2,DK_2,actual_solar_generation,Solar,2026-07-28T18:21:33Z
2026-07-28T18:18:08Z,2026-07-28T20:18:08+0200,139a36cd-3f66-4469-9ae3-07e849d7273d,2026-07-03T06:45:00Z,2026-07-03T08:45:00+0200,295.424,MW,DK2,DK_2,actual_solar_generation,Solar,2026-07-28T18:21:33Z
2026-07-28T18:18:08Z,2026-07-28T20:18:08+0200,139a36cd-3f66-4469-9ae3-07e849d7273d,2026-07-03T07:00:00Z,2026-07-03T09:00:00+0200,316.136,MW,DK2,DK_2,actual_solar_generation,Solar,2026-07-28T18:21:33Z
2026-07-28T18:18:08Z,2026-07-28T20:18:08+0200,139a36cd-3f66-4469-9ae3-07e849d7273d,2026-07-03T07:15:00Z,2026-07-03T09:15:00+0200,280.8,MW,DK2,DK_2,actual_solar_generation,Solar,2026-07-28T18:21:33Z
2026-07-28T18:18:08Z,2026-07-28T20:18:08+0200,139a36cd-3f66-4469-9ae3-07e849d7273d,2026-07-03T07:30:00Z,2026-07-03T09:30:00+0200,296.239,MW,DK2,DK_2,actual_solar_generation,Solar,2026-07-28T18:21:33Z
2026-07-28T18:18:08Z,2026-07-28T20:18:08+0200,139a36cd-3f66-4469-9ae3-07e849d7273d,2026-07-03T07:45:00Z,2026-07-03T09:45:00+0200,297.035,MW,DK2,DK_2,actual_solar_generation,Solar,2026-07-28T18:21:33Z
2026-07-28T18:18:08Z,2026-07-28T20:18:08+0200,139a36cd-3f66-4469-9ae3-07e849d7273d,2026-07-03T08:00:00Z,2026-07-03T10:00:00+0200,300.633,MW,DK2,DK_2,actual_solar_generation,Solar,2026-07-28T18:21:33Z
2026-07-28T18:18:08Z,2026-07-28T20:18:08+0200,139a36cd-3f66-4469-9ae3-07e849d7273d,2026-07-03T08:15:00Z,2026-07-03T10:15:00+0200,304.033,MW,DK2,DK_2,actual_solar_generation,Solar,2026-07-28T18:21:33Z
2026-07-28T18:18:08Z,2026-07-28T20:18:08+0200,139a36cd-3f66-4469-9ae3-07e849d7273d,2026-07-03T08:30:00Z,2026-07-03T10:30:00+0200,342.716,MW,DK2,DK_2,actual_solar_generation,Solar,2026-07-28T18:21:33Z
2026-07-28T18:18:08Z,2026-07-28T20:18:08+0200,139a36cd-3f66-4469-9ae3-07e849d7273d,2026-07-03T08:45:00Z,2026-07-03T10:45:00+0200,353.902,MW,DK2,DK_2,actual_solar_generation,Solar,2026-07-28T18:21:33Z
2026-07-28T18:18:08Z,2026-07-28T20:18:08+0200,139a36cd-3f66-4469-9ae3-07e849d7273d,2026-07-03T09:00:00Z,2026-07-03T11:00:00+0200,326.968,MW,DK2,DK_2,actual_solar_generation,Solar,2026-07-28T18:21:33Z
2026-07-28T18:18:08Z,2026-07-28T20:18:08+0200,139a36cd-3f66-4469-9ae3-07e849d7273d,2026-07-03T09:15:00Z,2026-07-03T11:15:00+0200,369.059,MW,DK2,DK_2,actual_solar_generation,Solar,2026-07-28T18:21:33Z
2026-07-28T18:18:08Z,2026-07-28T20:18:08+0200,139a36cd-3f66-4469-9ae3-07e849d7273d,2026-07-03T09:30:00Z,2026-07-03T11:30:00+0200,367.908,MW,DK2,DK_2,actual_solar_generation,Solar,2026-07-28T18:21:33Z
2026-07-28T18:18:08Z,2026-07-28T20:18:08+0200,139a36cd-3f66-4469-9ae3-07e849d7273d,2026-07-03T09:45:00Z,2026-07-03T11:45:00+0200,364.646,MW,DK2,DK_2,actual_solar_generation,Solar,2026-07-28T18:21:33Z
2026-07-28T18:18:08Z,2026-07-28T20:18:08+0200,139a36cd-3f66-4469-9ae3-07e849d7273d,2026-07-03T10:00:00Z,2026-07-03T12:00:00+0200,402.368,MW,DK2,DK_2,actual_solar_generation,Solar,2026-07-28T18:21:33Z
2026-07-28T18:18:08Z,2026-07-28T20:18:08+0200,139a36cd-3f66-4469-9ae3-07e849d7273d,2026-07-03T10:15:00Z,2026-07-03T12:15:00+0200,416.144,MW,DK2,DK_2,actual_solar_generation,Solar,2026-07-28T18:21:33Z
2026-07-28T18:18:08Z,2026-07-28T20:18:08+0200,139a36cd-3f66-4469-9ae3-07e849d7273d,2026-07-03T10:30:00Z,2026-07-03T12:30:00+0200,399.113,MW,DK2,DK_2,actual_solar_generation,Solar,2026-07-28T18:21:33Z
2026-07-28T18:18:08Z,2026-07-28T20:18:08+0200,139a36cd-3f66-4469-9ae3-07e849d7273d,2026-07-03T10:45:00Z,2026-07-03T12:45:00+0200,390.284,MW,DK2,DK_2,actual_solar_generation,Solar,2026-07-28T18:21:33Z
2026-07-28T18:18:08Z,2026-07-28T20:18:08+0200,139a36cd-3f66-4469-9ae3-07e849d7273d,2026-07-03T11:00:00Z,2026-07-03T13:00:00+0200,387.841,MW,DK2,DK_2,actual_solar_generation,Solar,2026-07-28T18:21:33Z
2026-07-28T18:18:08Z,2026-07-28T20:18:08+0200,139a36cd-3f66-4469-9ae3-07e849d7273d,2026-07-03T11:15:00Z,2026-07-03T13:15:00+0200,438.175,MW,DK2,DK_2,actual_solar_generation,Solar,2026-07-28T18:21:33Z
2026-07-28T18:18:08Z,2026-07-28T20:18:08+0200,139a36cd-3f66-4469-9ae3-07e849d7273d,2026-07-03T11:30:00Z,2026-07-03T13:30:00+0200,504.193,MW,DK2,DK_2,actual_solar_generation,Solar,2026-07-28T18:21:33Z
2026-07-28T18:18:08Z,2026-07-28T20:18:08+0200,139a36cd-3f66-4469-9ae3-07e849d7273d,2026-07-03T11:45:00Z,2026-07-03T13:45:00+0200,495.968,MW,DK2,DK_2,actual_solar_generation,Solar,2026-07-28T18:21:33Z
2026-07-28T18:18:08Z,2026-07-28T20:18:08+0200,139a36cd-3f66-4469-9ae3-07e849d7273d,2026-07-03T12:00:00Z,2026-07-03T14:00:00+0200,488.071,MW,DK2,DK_2,actual_solar_generation,Solar,2026-07-28T18:21:33Z
2026-07-28T18:18:08Z,2026-07-28T20:18:08+0200,139a36cd-3f66-4469-9ae3-07e849d7273d,2026-07-03T12:15:00Z,2026-07-03T14:15:00+0200,491.639,MW,DK2,DK_2,actual_solar_generation,Solar,2026-07-28T18:21:33Z
2026-07-28T18:18:08Z,2026-07-28T20:18:08+0200,139a36cd-3f66-4469-9ae3-07e849d7273d,2026-07-03T12:30:00Z,2026-07-03T14:30:00+0200,510.48,MW,DK2,DK_2,actual_solar_generation,Solar,2026-07-28T18:21:33Z
2026-07-28T18:18:08Z,2026-07-28T20:18:08+0200,139a36cd-3f66-4469-9ae3-07e849d7273d,2026-07-03T12:45:00Z,2026-07-03T14:45:00+0200,497.938,MW,DK2,DK_2,actual_solar_generation,Solar,2026-07-28T18:21:33Z
2026-07-28T18:18:08Z,2026-07-28T20:18:08+0200,139a36cd-3f66-4469-9ae3-07e849d7273d,2026-07-03T13:00:00Z,2026-07-03T15:00:00+0200,585.874,MW,DK2,DK_2,actual_solar_generation,Solar,2026-07-28T18:21:33Z
2026-07-28T18:18:08Z,2026-07-28T20:18:08+0200,139a36cd-3f66-4469-9ae3-07e849d7273d,2026-07-03T13:15:00Z,2026-07-03T15:15:00+0200,581.375,MW,DK2,DK_2,actual_solar_generation,Solar,2026-07-28T18:21:33Z
2026-07-28T18:18:08Z,2026-07-28T20:18:08+0200,139a36cd-3f66-4469-9ae3-07e849d7273d,2026-07-03T13:30:00Z,2026-07-03T15:30:00+0200,586.431,MW,DK2,DK_2,actual_solar_generation,Solar,2026-07-28T18:21:33Z
2026-07-28T18:18:08Z,2026-07-28T20:18:08+0200,139a36cd-3f66-4469-9ae3-07e849d7273d,2026-07-03T13:45:00Z,2026-07-03T15:45:00+0200,583.002,MW,DK2,DK_2,actual_solar_generation,Solar,2026-07-28T18:21:33Z
2026-07-28T18:18:08Z,2026-07-28T20:18:08+0200,139a36cd-3f66-4469-9ae3-07e849d7273d,2026-07-03T14:00:00Z,2026-07-03T16:00:00+0200,537.989,MW,DK2,DK_2,actual_solar_generation,Solar,2026-07-28T18:21:33Z
2026-07-28T18:18:08Z,2026-07-28T20:18:08+0200,139a36cd-3f66-4469-9ae3-07e849d7273d,2026-07-03T14:15:00Z,2026-07-03T16:15:00+0200,563.346,MW,DK2,DK_2,actual_solar_generation,Solar,2026-07-28T18:21:33Z
2026-07-28T18:18:08Z,2026-07-28T20:18:08+0200,139a36cd-3f66-4469-9ae3-07e849d7273d,2026-07-03T14:30:00Z,2026-07-03T16:30:00+0200,554.478,MW,DK2,DK_2,actual_solar_generation,Solar,2026-07-28T18:21:33Z
2026-07-28T18:18:08Z,2026-07-28T20:18:08+0200,139a36cd-3f66-4469-9ae3-07e849d7273d,2026-07-03T14:45:00Z,2026-07-03T16:45:00+0200,546.839,MW,DK2,DK_2,actual_solar_generation,Solar,2026-07-28T18:21:33Z
2026-07-28T18:18:08Z,2026-07-28T20:18:08+0200,139a36cd-3f66-4469-9ae3-07e849d7273d,2026-07-03T15:00:00Z,2026-07-03T17:00:00+0200,537.462,MW,DK2,DK_2,actual_solar_generation,Solar,2026-07-28T18:21:33Z
2026-07-28T18:18:08Z,2026-07-28T20:18:08+0200,139a36cd-3f66-4469-9ae3-07e849d7273d,2026-07-03T15:15:00Z,2026-07-03T17:15:00+0200,517.085,MW,DK2,DK_2,actual_solar_generation,Solar,2026-07-28T18:21:33Z
2026-07-28T18:18:08Z,2026-07-28T20:18:08+0200,139a36cd-3f66-4469-9ae3-07e849d7273d,2026-07-03T15:30:00Z,2026-07-03T17:30:00+0200,482.321,MW,DK2,DK_2,actual_solar_generation,Solar,2026-07-28T18:21:33Z
2026-07-28T18:18:08Z,2026-07-28T20:18:08+0200,139a36cd-3f66-4469-9ae3-07e849d7273d,2026-07-03T15:45:00Z,2026-07-03T17:45:00+0200,456.075,MW,DK2,DK_2,actual_solar_generation,Solar,2026-07-28T18:21:33Z
2026-07-28T18:18:08Z,2026-07-28T20:18:08+0200,139a36cd-3f66-4469-9ae3-07e849d7273d,2026-07-03T16:00:00Z,2026-07-03T18:00:00+0200,429.873,MW,DK2,DK_2,actual_solar_generation,Solar,2026-07-28T18:21:33Z
2026-07-28T18:18:08Z,2026-07-28T20:18:08+0200,139a36cd-3f66-4469-9ae3-07e849d7273d,2026-07-03T16:15:00Z,2026-07-03T18:15:00+0200,377.78,MW,DK2,DK_2,actual_solar_generation,Solar,2026-07-28T18:21:33Z
2026-07-28T18:18:08Z,2026-07-28T20:18:08+0200,139a36cd-3f66-4469-9ae3-07e849d7273d,2026-07-03T16:30:00Z,2026-07-03T18:30:00+0200,331.178,MW,DK2,DK_2,actual_solar_generation,Solar,2026-07-28T18:21:33Z
2026-07-28T18:18:08Z,2026-07-28T20:18:08+0200,139a36cd-3f66-4469-9ae3-07e849d7273d,2026-07-03T16:45:00Z,2026-07-03T18:45:00+0200,294.642,MW,DK2,DK_2,actual_solar_generation,Solar,2026-07-28T18:21:33Z
2026-07-28T18:18:08Z,2026-07-28T20:18:08+0200,139a36cd-3f66-4469-9ae3-07e849d7273d,2026-07-03T17:00:00Z,2026-07-03T19:00:00+0200,268.785,MW,DK2,DK_2,actual_solar_generation,Solar,2026-07-28T18:21:33Z
2026-07-28T18:18:08Z,2026-07-28T20:18:08+0200,139a36cd-3f66-4469-9ae3-07e849d7273d,2026-07-03T17:15:00Z,2026-07-03T19:15:00+0200,242.462,MW,DK2,DK_2,actual_solar_generation,Solar,2026-07-28T18:21:33Z
2026-07-28T18:18:08Z,2026-07-28T20:18:08+0200,139a36cd-3f66-4469-9ae3-07e849d7273d,2026-07-03T17:30:00Z,2026-07-03T19:30:00+0200,210.882,MW,DK2,DK_2,actual_solar_generation,Solar,2026-07-28T18:21:33Z
2026-07-28T18:18:08Z,2026-07-28T20:18:08+0200,139a36cd-3f66-4469-9ae3-07e849d7273d,2026-07-03T17:45:00Z,2026-07-03T19:45:00+0200,166.836,MW,DK2,DK_2,actual_solar_generation,Solar,2026-07-28T18:21:33Z
2026-07-28T18:18:08Z,2026-07-28T20:18:08+0200,139a36cd-3f66-4469-9ae3-07e849d7273d,2026-07-03T18:00:00Z,2026-07-03T20:00:00+0200,132.288,MW,DK2,DK_2,actual_solar_generation,Solar,2026-07-28T18:21:33Z
2026-07-28T18:18:08Z,2026-07-28T20:18:08+0200,139a36cd-3f66-4469-9ae3-07e849d7273d,2026-07-03T18:15:00Z,2026-07-03T20:15:00+0200,91.9545,MW,DK2,DK_2,actual_solar_generation,Solar,2026-07-28T18:21:33Z
2026-07-28T18:18:08Z,2026-07-28T20:18:08+0200,139a36cd-3f66-4469-9ae3-07e849d7273d,2026-07-03T18:30:00Z,2026-07-03T20:30:00+0200,72.0292,MW,DK2,DK_2,actual_solar_generation,Solar,2026-07-28T18:21:33Z
2026-07-28T18:18:08Z,2026-07-28T20:18:08+0200,139a36cd-3f66-4469-9ae3-07e849d7273d,2026-07-03T18:45:00Z,2026-07-03T20:45:00+0200,53.9369,MW,DK2,DK_2,actual_solar_generation,Solar,2026-07-28T18:21:33Z
2026-07-28T18:18:08Z,2026-07-28T20:18:08+0200,139a36cd-3f66-4469-9ae3-07e849d7273d,2026-07-03T19:00:00Z,2026-07-03T21:00:00+0200,36.8086,MW,DK2,DK_2,actual_solar_generation,Solar,2026-07-28T18:21:33Z
2026-07-28T18:18:08Z,2026-07-28T20:18:08+0200,139a36cd-3f66-4469-9ae3-07e849d7273d,2026-07-03T19:15:00Z,2026-07-03T21:15:00+0200,22.672,MW,DK2,DK_2,actual_solar_generation,Solar,2026-07-28T18:21:33Z
2026-07-28T18:18:08Z,2026-07-28T20:18:08+0200,139a36cd-3f66-4469-9ae3-07e849d7273d,2026-07-03T19:30:00Z,2026-07-03T21:30:00+0200,11.9291,MW,DK2,DK_2,actual_solar_generation,Solar,2026-07-28T18:21:33Z
2026-07-28T18:18:08Z,2026-07-28T20:18:08+0200,139a36cd-3f66-4469-9ae3-07e849d7273d,2026-07-03T19:45:00Z,2026-07-03T21:45:00+0200,4.80241,MW,DK2,DK_2,actual_solar_generation,Solar,2026-07-28T18:21:33Z
2026-07-28T18:18:08Z,2026-07-28T20:18:08+0200,139a36cd-3f66-4469-9ae3-07e849d7273d,2026-07-03T20:00:00Z,2026-07-03T22:00:00+0200,2.81874,MW,DK2,DK_2,actual_solar_generation,Solar,2026-07-28T18:21:33Z
2026-07-28T18:18:08Z,2026-07-28T20:18:08+0200,139a36cd-3f66-4469-9ae3-07e849d7273d,2026-07-03T20:15:00Z,2026-07-03T22:15:00+0200,2.85772,MW,DK2,DK_2,actual_solar_generation,Solar,2026-07-28T18:21:33Z
2026-07-28T18:18:08Z,2026-07-28T20:18:08+0200,139a36cd-3f66-4469-9ae3-07e849d7273d,2026-07-03T20:30:00Z,2026-07-03T22:30:00+0200,3.10446,MW,DK2,DK_2,actual_solar_generation,Solar,2026-07-28T18:21:33Z
2026-07-28T18:18:08Z,2026-07-28T20:18:08+0200,139a36cd-3f66-4469-9ae3-07e849d7273d,2026-07-03T20:45:00Z,2026-07-03T22:45:00+0200,3.13888,MW,DK2,DK_2,actual_solar_generation,Solar,2026-07-28T18:21:33Z
2026-07-28T18:18:08Z,2026-07-28T20:18:08+0200,139a36cd-3f66-4469-9ae3-07e849d7273d,2026-07-03T21:00:00Z,2026-07-03T23:00:00+0200,3.15088,MW,DK2,DK_2,actual_solar_generation,Solar,2026-07-28T18:21:33Z
2026-07-28T18:18:08Z,2026-07-28T20:18:08+0200,139a36cd-3f66-4469-9ae3-07e849d7273d,2026-07-03T21:15:00Z,2026-07-03T23:15:00+0200,3.14683,MW,DK2,DK_2,actual_solar_generation,Solar,2026-07-28T18:21:33Z
2026-07-28T18:18:08Z,2026-07-28T20:18:08+0200,139a36cd-3f66-4469-9ae3-07e849d7273d,2026-07-03T21:30:00Z,2026-07-03T23:30:00+0200,3.15115,MW,DK2,DK_2,actual_solar_generation,Solar,2026-07-28T18:21:33Z
2026-07-28T18:18:08Z,2026-07-28T20:18:08+0200,139a36cd-3f66-4469-9ae3-07e849d7273d,2026-07-03T21:45:00Z,2026-07-03T23:45:00+0200,3.15065,MW,DK2,DK_2,actual_solar_generation,Solar,2026-07-28T18:21:33Z
2026-07-28T18:18:08Z,2026-07-28T20:18:08+0200,139a36cd-3f66-4469-9ae3-07e849d7273d,2026-07-03T22:00:00Z,2026-07-04T00:00:00+0200,3.15844,MW,DK2,DK_2,actual_solar_generation,Solar,2026-07-28T18:21:33Z
2026-07-28T18:18:08Z,2026-07-28T20:18:08+0200,139a36cd-3f66-4469-9ae3-07e849d7273d,2026-07-03T22:15:00Z,2026-07-04T00:15:00+0200,3.15603,MW,DK2,DK_2,actual_solar_generation,Solar,2026-07-28T18:21:33Z
2026-07-28T18:18:08Z,2026-07-28T20:18:08+0200,139a36cd-3f66-4469-9ae3-07e849d7273d,2026-07-03T22:30:00Z,2026-07-04T00:30:00+0200,3.15142,MW,DK2,DK_2,actual_solar_generation,Solar,2026-07-28T18:21:33Z
2026-07-28T18:18:08Z,2026-07-28T20:18:08+0200,139a36cd-3f66-4469-9ae3-07e849d7273d,2026-07-03T22:45:00Z,2026-07-04T00:45:00+0200,3.14599,MW,DK2,DK_2,actual_solar_generation,Solar,2026-07-28T18:21:33Z
2026-07-28T18:18:08Z,2026-07-28T20:18:08+0200,139a36cd-3f66-4469-9ae3-07e849d7273d,2026-07-03T23:00:00Z,2026-07-04T01:00:00+0200,3.14756,MW,DK2,DK_2,actual_solar_generation,Solar,2026-07-28T18:21:33Z
2026-07-28T18:18:08Z,2026-07-28T20:18:08+0200,139a36cd-3f66-4469-9ae3-07e849d7273d,2026-07-03T23:15:00Z,2026-07-04T01:15:00+0200,3.14335,MW,DK2,DK_2,actual_solar_generation,Solar,2026-07-28T18:21:33Z
2026-07-28T18:18:08Z,2026-07-28T20:18:08+0200,139a36cd-3f66-4469-9ae3-07e849d7273d,2026-07-03T23:30:00Z,2026-07-04T01:30:00+0200,3.14648,MW,DK2,DK_2,actual_solar_generation,Solar,2026-07-28T18:21:33Z
2026-07-28T18:18:08Z,2026-07-28T20:18:08+0200,139a36cd-3f66-4469-9ae3-07e849d7273d,2026-07-03T23:45:00Z,2026-07-04T01:45:00+0200,3.15021,MW,DK2,DK_2,actual_solar_generation,Solar,2026-07-28T18:21:33Z
2026-07-28T18:18:08Z,2026-07-28T20:18:08+0200,139a36cd-3f66-4469-9ae3-07e849d7273d,2026-07-04T00:00:00Z,2026-07-04T02:00:00+0200,3.15437,MW,DK2,DK_2,actual_solar_generation,Solar,2026-07-28T18:21:33Z
2026-07-28T18:18:08Z,2026-07-28T20:18:08+0200,139a36cd-3f66-4469-9ae3-07e849d7273d,2026-07-04T00:15:00Z,2026-07-04T02:15:00+0200,3.15116,MW,DK2,DK_2,actual_solar_generation,Solar,2026-07-28T18:21:33Z
2026-07-28T18:18:08Z,2026-07-28T20:18:08+0200,139a36cd-3f66-4469-9ae3-07e849d7273d,2026-07-04T00:30:00Z,2026-07-04T02:30:00+0200,3.14623,MW,DK2,DK_2,actual_solar_generation,Solar,2026-07-28T18:21:33Z
2026-07-28T18:18:08Z,2026-07-28T20:18:08+0200,139a36cd-3f66-4469-9ae3-07e849d7273d,2026-07-04T00:45:00Z,2026-07-04T02:45:00+0200,3.15583,MW,DK2,DK_2,actual_solar_generation,Solar,2026-07-28T18:21:33Z
2026-07-28T18:18:08Z,2026-07-28T20:18:08+0200,139a36cd-3f66-4469-9ae3-07e849d7273d,2026-07-04T01:00:00Z,2026-07-04T03:00:00+0200,3.14476,MW,DK2,DK_2,actual_solar_generation,Solar,2026-07-28T18:21:33Z
2026-07-28T18:18:08Z,2026-07-28T20:18:08+0200,139a36cd-3f66-4469-9ae3-07e849d7273d,2026-07-04T01:15:00Z,2026-07-04T03:15:00+0200,3.14024,MW,DK2,DK_2,actual_solar_generation,Solar,2026-07-28T18:21:33Z
2026-07-28T18:18:08Z,2026-07-28T20:18:08+0200,139a36cd-3f66-4469-9ae3-07e849d7273d,2026-07-04T01:30:00Z,2026-07-04T03:30:00+0200,3.15451,MW,DK2,DK_2,actual_solar_generation,Solar,2026-07-28T18:21:33Z
2026-07-28T18:18:08Z,2026-07-28T20:18:08+0200,139a36cd-3f66-4469-9ae3-07e849d7273d,2026-07-04T01:45:00Z,2026-07-04T03:45:00+0200,3.15294,MW,DK2,DK_2,actual_solar_generation,Solar,2026-07-28T18:21:33Z
2026-07-28T18:18:08Z,2026-07-28T20:18:08+0200,139a36cd-3f66-4469-9ae3-07e849d7273d,2026-07-04T02:00:00Z,2026-07-04T04:00:00+0200,3.16322,MW,DK2,DK_2,actual_solar_generation,Solar,2026-07-28T18:21:33Z
2026-07-28T18:18:08Z,2026-07-28T20:18:08+0200,139a36cd-3f66-4469-9ae3-07e849d7273d,2026-07-04T02:15:00Z,2026-07-04T04:15:00+0200,3.20144,MW,DK2,DK_2,actual_solar_generation,Solar,2026-07-28T18:21:33Z
2026-07-28T18:18:08Z,2026-07-28T20:18:08+0200,139a36cd-3f66-4469-9ae3-07e849d7273d,2026-07-04T02:30:00Z,2026-07-04T04:30:00+0200,3.9348,MW,DK2,DK_2,actual_solar_generation,Solar,2026-07-28T18:21:33Z
2026-07-28T18:18:08Z,2026-07-28T20:18:08+0200,139a36cd-3f66-4469-9ae3-07e849d7273d,2026-07-04T02:45:00Z,2026-07-04T04:45:00+0200,8.32524,MW,DK2,DK_2,actual_solar_generation,Solar,2026-07-28T18:21:33Z
2026-07-28T18:18:08Z,2026-07-28T20:18:08+0200,139a36cd-3f66-4469-9ae3-07e849d7273d,2026-07-04T03:00:00Z,2026-07-04T05:00:00+0200,16.1884,MW,DK2,DK_2,actual_solar_generation,Solar,2026-07-28T18:21:33Z
2026-07-28T18:18:08Z,2026-07-28T20:18:08+0200,139a36cd-3f66-4469-9ae3-07e849d7273d,2026-07-04T03:15:00Z,2026-07-04T05:15:00+0200,25.8046,MW,DK2,DK_2,actual_solar_generation,Solar,2026-07-28T18:21:33Z
2026-07-28T18:18:08Z,2026-07-28T20:18:08+0200,139a36cd-3f66-4469-9ae3-07e849d7273d,2026-07-04T03:30:00Z,2026-07-04T05:30:00+0200,39.773,MW,DK2,DK_2,actual_solar_generation,Solar,2026-07-28T18:21:33Z
2026-07-28T18:18:08Z,2026-07-28T20:18:08+0200,139a36cd-3f66-4469-9ae3-07e849d7273d,2026-07-04T03:45:00Z,2026-07-04T05:45:00+0200,54.9861,MW,DK2,DK_2,actual_solar_generation,Solar,2026-07-28T18:21:33Z
2026-07-28T18:18:08Z,2026-07-28T20:18:08+0200,139a36cd-3f66-4469-9ae3-07e849d7273d,2026-07-04T04:00:00Z,2026-07-04T06:00:00+0200,75.3238,MW,DK2,DK_2,actual_solar_generation,Solar,2026-07-28T18:21:33Z
2026-07-28T18:18:08Z,2026-07-28T20:18:08+0200,139a36cd-3f66-4469-9ae3-07e849d7273d,2026-07-04T04:15:00Z,2026-07-04T06:15:00+0200,103.019,MW,DK2,DK_2,actual_solar_generation,Solar,2026-07-28T18:21:33Z
2026-07-28T18:18:08Z,2026-07-28T20:18:08+0200,139a36cd-3f66-4469-9ae3-07e849d7273d,2026-07-04T04:30:00Z,2026-07-04T06:30:00+0200,132.94,MW,DK2,DK_2,actual_solar_generation,Solar,2026-07-28T18:21:33Z
2026-07-28T18:18:08Z,2026-07-28T20:18:08+0200,139a36cd-3f66-4469-9ae3-07e849d7273d,2026-07-04T04:45:00Z,2026-07-04T06:45:00+0200,189.134,MW,DK2,DK_2,actual_solar_generation,Solar,2026-07-28T18:21:33Z
2026-07-28T18:18:08Z,2026-07-28T20:18:08+0200,139a36cd-3f66-4469-9ae3-07e849d7273d,2026-07-04T05:00:00Z,2026-07-04T07:00:00+0200,230.809,MW,DK2,DK_2,actual_solar_generation,Solar,2026-07-28T18:21:33Z
2026-07-28T18:18:08Z,2026-07-28T20:18:08+0200,139a36cd-3f66-4469-9ae3-07e849d7273d,2026-07-04T05:15:00Z,2026-07-04T07:15:00+0200,269.481,MW,DK2,DK_2,actual_solar_generation,Solar,2026-07-28T18:21:33Z
2026-07-28T18:18:08Z,2026-07-28T20:18:08+0200,139a36cd-3f66-4469-9ae3-07e849d7273d,2026-07-04T05:30:00Z,2026-07-04T07:30:00+0200,311.641,MW,DK2,DK_2,actual_solar_generation,Solar,2026-07-28T18:21:33Z
2026-07-28T18:18:08Z,2026-07-28T20:18:08+0200,139a36cd-3f66-4469-9ae3-07e849d7273d,2026-07-04T05:45:00Z,2026-07-04T07:45:00+0200,323.438,MW,DK2,DK_2,actual_solar_generation,Solar,2026-07-28T18:21:33Z
2026-07-28T18:18:08Z,2026-07-28T20:18:08+0200,139a36cd-3f66-4469-9ae3-07e849d7273d,2026-07-04T06:00:00Z,2026-07-04T08:00:00+0200,424.718,MW,DK2,DK_2,actual_solar_generation,Solar,2026-07-28T18:21:33Z
2026-07-28T18:18:08Z,2026-07-28T20:18:08+0200,139a36cd-3f66-4469-9ae3-07e849d7273d,2026-07-04T06:15:00Z,2026-07-04T08:15:00+0200,489.369,MW,DK2,DK_2,actual_solar_generation,Solar,2026-07-28T18:21:33Z
2026-07-28T18:18:08Z,2026-07-28T20:18:08+0200,139a36cd-3f66-4469-9ae3-07e849d7273d,2026-07-04T06:30:00Z,2026-07-04T08:30:00+0200,518.196,MW,DK2,DK_2,actual_solar_generation,Solar,2026-07-28T18:21:33Z
2026-07-28T18:18:08Z,2026-07-28T20:18:08+0200,139a36cd-3f66-4469-9ae3-07e849d7273d,2026-07-04T06:45:00Z,2026-07-04T08:45:00+0200,406.457,MW,DK2,DK_2,actual_solar_generation,Solar,2026-07-28T18:21:33Z
2026-07-28T18:18:08Z,2026-07-28T20:18:08+0200,139a36cd-3f66-4469-9ae3-07e849d7273d,2026-07-04T07:00:00Z,2026-07-04T09:00:00+0200,466.548,MW,DK2,DK_2,actual_solar_generation,Solar,2026-07-28T18:21:33Z
2026-07-28T18:18:08Z,2026-07-28T20:18:08+0200,139a36cd-3f66-4469-9ae3-07e849d7273d,2026-07-04T07:15:00Z,2026-07-04T09:15:00+0200,518.76,MW,DK2,DK_2,actual_solar_generation,Solar,2026-07-28T18:21:33Z
2026-07-28T18:18:08Z,2026-07-28T20:18:08+0200,139a36cd-3f66-4469-9ae3-07e849d7273d,2026-07-04T07:30:00Z,2026-07-04T09:30:00+0200,566.194,MW,DK2,DK_2,actual_solar_generation,Solar,2026-07-28T18:21:33Z
2026-07-28T18:18:08Z,2026-07-28T20:18:08+0200,139a36cd-3f66-4469-9ae3-07e849d7273d,2026-07-04T07:45:00Z,2026-07-04T09:45:00+0200,660.792,MW,DK2,DK_2,actual_solar_generation,Solar,2026-07-28T18:21:33Z
2026-07-28T18:18:08Z,2026-07-28T20:18:08+0200,139a36cd-3f66-4469-9ae3-07e849d7273d,2026-07-04T08:00:00Z,2026-07-04T10:00:00+0200,582.786,MW,DK2,DK_2,actual_solar_generation,Solar,2026-07-28T18:21:33Z
2026-07-28T18:18:08Z,2026-07-28T20:18:08+0200,139a36cd-3f66-4469-9ae3-07e849d7273d,2026-07-04T08:15:00Z,2026-07-04T10:15:00+0200,613.624,MW,DK2,DK_2,actual_solar_generation,Solar,2026-07-28T18:21:33Z
2026-07-28T18:18:08Z,2026-07-28T20:18:08+0200,139a36cd-3f66-4469-9ae3-07e849d7273d,2026-07-04T08:30:00Z,2026-07-04T10:30:00+0200,696.656,MW,DK2,DK_2,actual_solar_generation,Solar,2026-07-28T18:21:33Z
2026-07-28T18:18:08Z,2026-07-28T20:18:08+0200,139a36cd-3f66-4469-9ae3-07e849d7273d,2026-07-04T08:45:00Z,2026-07-04T10:45:00+0200,746.444,MW,DK2,DK_2,actual_solar_generation,Solar,2026-07-28T18:21:33Z
2026-07-28T18:18:08Z,2026-07-28T20:18:08+0200,139a36cd-3f66-4469-9ae3-07e849d7273d,2026-07-04T09:00:00Z,2026-07-04T11:00:00+0200,741.046,MW,DK2,DK_2,actual_solar_generation,Solar,2026-07-28T18:21:33Z
2026-07-28T18:18:08Z,2026-07-28T20:18:08+0200,139a36cd-3f66-4469-9ae3-07e849d7273d,2026-07-04T09:15:00Z,2026-07-04T11:15:00+0200,823.47,MW,DK2,DK_2,actual_solar_generation,Solar,2026-07-28T18:21:33Z
2026-07-28T18:18:08Z,2026-07-28T20:18:08+0200,139a36cd-3f66-4469-9ae3-07e849d7273d,2026-07-04T09:30:00Z,2026-07-04T11:30:00+0200,832.787,MW,DK2,DK_2,actual_solar_generation,Solar,2026-07-28T18:21:33Z
2026-07-28T18:18:08Z,2026-07-28T20:18:08+0200,139a36cd-3f66-4469-9ae3-07e849d7273d,2026-07-04T09:45:00Z,2026-07-04T11:45:00+0200,869.267,MW,DK2,DK_2,actual_solar_generation,Solar,2026-07-28T18:21:33Z
2026-07-28T18:18:08Z,2026-07-28T20:18:08+0200,139a36cd-3f66-4469-9ae3-07e849d7273d,2026-07-04T10:00:00Z,2026-07-04T12:00:00+0200,896.054,MW,DK2,DK_2,actual_solar_generation,Solar,2026-07-28T18:21:33Z
2026-07-28T18:18:08Z,2026-07-28T20:18:08+0200,139a36cd-3f66-4469-9ae3-07e849d7273d,2026-07-04T10:15:00Z,2026-07-04T12:15:00+0200,889.379,MW,DK2,DK_2,actual_solar_generation,Solar,2026-07-28T18:21:33Z
2026-07-28T18:18:08Z,2026-07-28T20:18:08+0200,139a36cd-3f66-4469-9ae3-07e849d7273d,2026-07-04T10:30:00Z,2026-07-04T12:30:00+0200,967.183,MW,DK2,DK_2,actual_solar_generation,Solar,2026-07-28T18:21:33Z
2026-07-28T18:18:08Z,2026-07-28T20:18:08+0200,139a36cd-3f66-4469-9ae3-07e849d7273d,2026-07-04T10:45:00Z,2026-07-04T12:45:00+0200,952.691,MW,DK2,DK_2,actual_solar_generation,Solar,2026-07-28T18:21:33Z
2026-07-28T18:18:08Z,2026-07-28T20:18:08+0200,139a36cd-3f66-4469-9ae3-07e849d7273d,2026-07-04T11:00:00Z,2026-07-04T13:00:00+0200,846.687,MW,DK2,DK_2,actual_solar_generation,Solar,2026-07-28T18:21:33Z
2026-07-28T18:18:08Z,2026-07-28T20:18:08+0200,139a36cd-3f66-4469-9ae3-07e849d7273d,2026-07-04T11:15:00Z,2026-07-04T13:15:00+0200,785.503,MW,DK2,DK_2,actual_solar_generation,Solar,2026-07-28T18:21:33Z
2026-07-28T18:18:08Z,2026-07-28T20:18:08+0200,139a36cd-3f66-4469-9ae3-07e849d7273d,2026-07-04T11:30:00Z,2026-07-04T13:30:00+0200,786.04,MW,DK2,DK_2,actual_solar_generation,Solar,2026-07-28T18:21:33Z
2026-07-28T18:18:08Z,2026-07-28T20:18:08+0200,139a36cd-3f66-4469-9ae3-07e849d7273d,2026-07-04T11:45:00Z,2026-07-04T13:45:00+0200,778.234,MW,DK2,DK_2,actual_solar_generation,Solar,2026-07-28T18:21:33Z
2026-07-28T18:18:08Z,2026-07-28T20:18:08+0200,139a36cd-3f66-4469-9ae3-07e849d7273d,2026-07-04T12:00:00Z,2026-07-04T14:00:00+0200,818.933,MW,DK2,DK_2,actual_solar_generation,Solar,2026-07-28T18:21:33Z
2026-07-28T18:18:08Z,2026-07-28T20:18:08+0200,139a36cd-3f66-4469-9ae3-07e849d7273d,2026-07-04T12:15:00Z,2026-07-04T14:15:00+0200,852.473,MW,DK2,DK_2,actual_solar_generation,Solar,2026-07-28T18:21:33Z
2026-07-28T18:18:08Z,2026-07-28T20:18:08+0200,139a36cd-3f66-4469-9ae3-07e849d7273d,2026-07-04T12:30:00Z,2026-07-04T14:30:00+0200,872.917,MW,DK2,DK_2,actual_solar_generation,Solar,2026-07-28T18:21:33Z
2026-07-28T18:18:08Z,2026-07-28T20:18:08+0200,139a36cd-3f66-4469-9ae3-07e849d7273d,2026-07-04T12:45:00Z,2026-07-04T14:45:00+0200,875.014,MW,DK2,DK_2,actual_solar_generation,Solar,2026-07-28T18:21:33Z
2026-07-28T18:18:08Z,2026-07-28T20:18:08+0200,139a36cd-3f66-4469-9ae3-07e849d7273d,2026-07-04T13:00:00Z,2026-07-04T15:00:00+0200,792.185,MW,DK2,DK_2,actual_solar_generation,Solar,2026-07-28T18:21:33Z
2026-07-28T18:18:08Z,2026-07-28T20:18:08+0200,139a36cd-3f66-4469-9ae3-07e849d7273d,2026-07-04T13:15:00Z,2026-07-04T15:15:00+0200,779.865,MW,DK2,DK_2,actual_solar_generation,Solar,2026-07-28T18:21:33Z
2026-07-28T18:18:08Z,2026-07-28T20:18:08+0200,139a36cd-3f66-4469-9ae3-07e849d7273d,2026-07-04T13:30:00Z,2026-07-04T15:30:00+0200,803.747,MW,DK2,DK_2,actual_solar_generation,Solar,2026-07-28T18:21:33Z
2026-07-28T18:18:08Z,2026-07-28T20:18:08+0200,139a36cd-3f66-4469-9ae3-07e849d7273d,2026-07-04T13:45:00Z,2026-07-04T15:45:00+0200,830.158,MW,DK2,DK_2,actual_solar_generation,Solar,2026-07-28T18:21:33Z
2026-07-28T18:18:08Z,2026-07-28T20:18:08+0200,139a36cd-3f66-4469-9ae3-07e849d7273d,2026-07-04T14:00:00Z,2026-07-04T16:00:00+0200,818.901,MW,DK2,DK_2,actual_solar_generation,Solar,2026-07-28T18:21:33Z
2026-07-28T18:18:08Z,2026-07-28T20:18:08+0200,139a36cd-3f66-4469-9ae3-07e849d7273d,2026-07-04T14:15:00Z,2026-07-04T16:15:00+0200,757.171,MW,DK2,DK_2,actual_solar_generation,Solar,2026-07-28T18:21:33Z
2026-07-28T18:18:08Z,2026-07-28T20:18:08+0200,139a36cd-3f66-4469-9ae3-07e849d7273d,2026-07-04T14:30:00Z,2026-07-04T16:30:00+0200,697.591,MW,DK2,DK_2,actual_solar_generation,Solar,2026-07-28T18:21:33Z
2026-07-28T18:18:08Z,2026-07-28T20:18:08+0200,139a36cd-3f66-4469-9ae3-07e849d7273d,2026-07-04T14:45:00Z,2026-07-04T16:45:00+0200,691.165,MW,DK2,DK_2,actual_solar_generation,Solar,2026-07-28T18:21:33Z
2026-07-28T18:18:08Z,2026-07-28T20:18:08+0200,139a36cd-3f66-4469-9ae3-07e849d7273d,2026-07-04T15:00:00Z,2026-07-04T17:00:00+0200,663.235,MW,DK2,DK_2,actual_solar_generation,Solar,2026-07-28T18:21:33Z
2026-07-28T18:18:08Z,2026-07-28T20:18:08+0200,139a36cd-3f66-4469-9ae3-07e849d7273d,2026-07-04T15:15:00Z,2026-07-04T17:15:00+0200,541.198,MW,DK2,DK_2,actual_solar_generation,Solar,2026-07-28T18:21:33Z
2026-07-28T18:18:08Z,2026-07-28T20:18:08+0200,139a36cd-3f66-4469-9ae3-07e849d7273d,2026-07-04T15:30:00Z,2026-07-04T17:30:00+0200,480.267,MW,DK2,DK_2,actual_solar_generation,Solar,2026-07-28T18:21:33Z
2026-07-28T18:18:08Z,2026-07-28T20:18:08+0200,139a36cd-3f66-4469-9ae3-07e849d7273d,2026-07-04T15:45:00Z,2026-07-04T17:45:00+0200,462.654,MW,DK2,DK_2,actual_solar_generation,Solar,2026-07-28T18:21:33Z
2026-07-28T18:18:08Z,2026-07-28T20:18:08+0200,139a36cd-3f66-4469-9ae3-07e849d7273d,2026-07-04T16:00:00Z,2026-07-04T18:00:00+0200,381.167,MW,DK2,DK_2,actual_solar_generation,Solar,2026-07-28T18:21:33Z
2026-07-28T18:18:08Z,2026-07-28T20:18:08+0200,139a36cd-3f66-4469-9ae3-07e849d7273d,2026-07-04T16:15:00Z,2026-07-04T18:15:00+0200,355.705,MW,DK2,DK_2,actual_solar_generation,Solar,2026-07-28T18:21:33Z
2026-07-28T18:18:08Z,2026-07-28T20:18:08+0200,139a36cd-3f66-4469-9ae3-07e849d7273d,2026-07-04T16:30:00Z,2026-07-04T18:30:00+0200,336.765,MW,DK2,DK_2,actual_solar_generation,Solar,2026-07-28T18:21:33Z
2026-07-28T18:18:08Z,2026-07-28T20:18:08+0200,139a36cd-3f66-4469-9ae3-07e849d7273d,2026-07-04T16:45:00Z,2026-07-04T18:45:00+0200,275.262,MW,DK2,DK_2,actual_solar_generation,Solar,2026-07-28T18:21:33Z
2026-07-28T18:18:08Z,2026-07-28T20:18:08+0200,139a36cd-3f66-4469-9ae3-07e849d7273d,2026-07-04T17:00:00Z,2026-07-04T19:00:00+0200,209.28,MW,DK2,DK_2,actual_solar_generation,Solar,2026-07-28T18:21:33Z
2026-07-28T18:18:08Z,2026-07-28T20:18:08+0200,139a36cd-3f66-4469-9ae3-07e849d7273d,2026-07-04T17:15:00Z,2026-07-04T19:15:00+0200,162.696,MW,DK2,DK_2,actual_solar_generation,Solar,2026-07-28T18:21:33Z
2026-07-28T18:18:08Z,2026-07-28T20:18:08+0200,139a36cd-3f66-4469-9ae3-07e849d7273d,2026-07-04T17:30:00Z,2026-07-04T19:30:00+0200,137.697,MW,DK2,DK_2,actual_solar_generation,Solar,2026-07-28T18:21:33Z
2026-07-28T18:18:08Z,2026-07-28T20:18:08+0200,139a36cd-3f66-4469-9ae3-07e849d7273d,2026-07-04T17:45:00Z,2026-07-04T19:45:00+0200,98.8508,MW,DK2,DK_2,actual_solar_generation,Solar,2026-07-28T18:21:33Z
2026-07-28T18:18:08Z,2026-07-28T20:18:08+0200,139a36cd-3f66-4469-9ae3-07e849d7273d,2026-07-04T18:00:00Z,2026-07-04T20:00:00+0200,82.5252,MW,DK2,DK_2,actual_solar_generation,Solar,2026-07-28T18:21:33Z
2026-07-28T18:18:08Z,2026-07-28T20:18:08+0200,139a36cd-3f66-4469-9ae3-07e849d7273d,2026-07-04T18:15:00Z,2026-07-04T20:15:00+0200,59.3736,MW,DK2,DK_2,actual_solar_generation,Solar,2026-07-28T18:21:33Z
2026-07-28T18:18:08Z,2026-07-28T20:18:08+0200,139a36cd-3f66-4469-9ae3-07e849d7273d,2026-07-04T18:30:00Z,2026-07-04T20:30:00+0200,45.4882,MW,DK2,DK_2,actual_solar_generation,Solar,2026-07-28T18:21:33Z
2026-07-28T18:18:08Z,2026-07-28T20:18:08+0200,139a36cd-3f66-4469-9ae3-07e849d7273d,2026-07-04T18:45:00Z,2026-07-04T20:45:00+0200,32.5224,MW,DK2,DK_2,actual_solar_generation,Solar,2026-07-28T18:21:33Z
2026-07-28T18:18:08Z,2026-07-28T20:18:08+0200,139a36cd-3f66-4469-9ae3-07e849d7273d,2026-07-04T19:00:00Z,2026-07-04T21:00:00+0200,20.1309,MW,DK2,DK_2,actual_solar_generation,Solar,2026-07-28T18:21:33Z
2026-07-28T18:18:08Z,2026-07-28T20:18:08+0200,139a36cd-3f66-4469-9ae3-07e849d7273d,2026-07-04T19:15:00Z,2026-07-04T21:15:00+0200,11.7027,MW,DK2,DK_2,actual_solar_generation,Solar,2026-07-28T18:21:33Z
2026-07-28T18:18:08Z,2026-07-28T20:18:08+0200,139a36cd-3f66-4469-9ae3-07e849d7273d,2026-07-04T19:30:00Z,2026-07-04T21:30:00+0200,6.55486,MW,DK2,DK_2,actual_solar_generation,Solar,2026-07-28T18:21:33Z
2026-07-28T18:18:08Z,2026-07-28T20:18:08+0200,139a36cd-3f66-4469-9ae3-07e849d7273d,2026-07-04T19:45:00Z,2026-07-04T21:45:00+0200,3.46661,MW,DK2,DK_2,actual_solar_generation,Solar,2026-07-28T18:21:33Z
2026-07-28T18:18:08Z,2026-07-28T20:18:08+0200,139a36cd-3f66-4469-9ae3-07e849d7273d,2026-07-04T20:00:00Z,2026-07-04T22:00:00+0200,2.8585,MW,DK2,DK_2,actual_solar_generation,Solar,2026-07-28T18:21:33Z
2026-07-28T18:18:08Z,2026-07-28T20:18:08+0200,139a36cd-3f66-4469-9ae3-07e849d7273d,2026-07-04T20:15:00Z,2026-07-04T22:15:00+0200,3.10462,MW,DK2,DK_2,actual_solar_generation,Solar,2026-07-28T18:21:33Z
2026-07-28T18:18:08Z,2026-07-28T20:18:08+0200,139a36cd-3f66-4469-9ae3-07e849d7273d,2026-07-04T20:30:00Z,2026-07-04T22:30:00+0200,3.12675,MW,DK2,DK_2,actual_solar_generation,Solar,2026-07-28T18:21:33Z
2026-07-28T18:18:08Z,2026-07-28T20:18:08+0200,139a36cd-3f66-4469-9ae3-07e849d7273d,2026-07-04T20:45:00Z,2026-07-04T22:45:00+0200,3.15354,MW,DK2,DK_2,actual_solar_generation,Solar,2026-07-28T18:21:33Z
2026-07-28T18:18:08Z,2026-07-28T20:18:08+0200,139a36cd-3f66-4469-9ae3-07e849d7273d,2026-07-04T21:00:00Z,2026-07-04T23:00:00+0200,3.18965,MW,DK2,DK_2,actual_solar_generation,Solar,2026-07-28T18:21:33Z
2026-07-28T18:18:08Z,2026-07-28T20:18:08+0200,139a36cd-3f66-4469-9ae3-07e849d7273d,2026-07-04T21:15:00Z,2026-07-04T23:15:00+0200,3.15711,MW,DK2,DK_2,actual_solar_generation,Solar,2026-07-28T18:21:33Z
2026-07-28T18:18:08Z,2026-07-28T20:18:08+0200,139a36cd-3f66-4469-9ae3-07e849d7273d,2026-07-04T21:30:00Z,2026-07-04T23:30:00+0200,3.15782,MW,DK2,DK_2,actual_solar_generation,Solar,2026-07-28T18:21:33Z
2026-07-28T18:18:08Z,2026-07-28T20:18:08+0200,139a36cd-3f66-4469-9ae3-07e849d7273d,2026-07-04T21:45:00Z,2026-07-04T23:45:00+0200,3.1599,MW,DK2,DK_2,actual_solar_generation,Solar,2026-07-28T18:21:33Z
2026-07-28T18:18:08Z,2026-07-28T20:18:08+0200,139a36cd-3f66-4469-9ae3-07e849d7273d,2026-07-04T22:00:00Z,2026-07-05T00:00:00+0200,3.15737,MW,DK2,DK_2,actual_solar_generation,Solar,2026-07-28T18:21:33Z
2026-07-28T18:18:08Z,2026-07-28T20:18:08+0200,139a36cd-3f66-4469-9ae3-07e849d7273d,2026-07-04T22:15:00Z,2026-07-05T00:15:00+0200,3.16993,MW,DK2,DK_2,actual_solar_generation,Solar,2026-07-28T18:21:33Z
2026-07-28T18:18:08Z,2026-07-28T20:18:08+0200,139a36cd-3f66-4469-9ae3-07e849d7273d,2026-07-04T22:30:00Z,2026-07-05T00:30:00+0200,3.16893,MW,DK2,DK_2,actual_solar_generation,Solar,2026-07-28T18:21:33Z
2026-07-28T18:18:08Z,2026-07-28T20:18:08+0200,139a36cd-3f66-4469-9ae3-07e849d7273d,2026-07-04T22:45:00Z,2026-07-05T00:45:00+0200,3.17134,MW,DK2,DK_2,actual_solar_generation,Solar,2026-07-28T18:21:33Z
2026-07-28T18:18:08Z,2026-07-28T20:18:08+0200,139a36cd-3f66-4469-9ae3-07e849d7273d,2026-07-04T23:00:00Z,2026-07-05T01:00:00+0200,3.17527,MW,DK2,DK_2,actual_solar_generation,Solar,2026-07-28T18:21:33Z
2026-07-28T18:18:08Z,2026-07-28T20:18:08+0200,139a36cd-3f66-4469-9ae3-07e849d7273d,2026-07-04T23:15:00Z,2026-07-05T01:15:00+0200,3.17209,MW,DK2,DK_2,actual_solar_generation,Solar,2026-07-28T18:21:33Z
2026-07-28T18:18:08Z,2026-07-28T20:18:08+0200,139a36cd-3f66-4469-9ae3-07e849d7273d,2026-07-04T23:30:00Z,2026-07-05T01:30:00+0200,3.16888,MW,DK2,DK_2,actual_solar_generation,Solar,2026-07-28T18:21:33Z
2026-07-28T18:18:08Z,2026-07-28T20:18:08+0200,139a36cd-3f66-4469-9ae3-07e849d7273d,2026-07-04T23:45:00Z,2026-07-05T01:45:00+0200,3.15966,MW,DK2,DK_2,actual_solar_generation,Solar,2026-07-28T18:21:33Z
2026-07-28T18:18:08Z,2026-07-28T20:18:08+0200,139a36cd-3f66-4469-9ae3-07e849d7273d,2026-07-05T00:00:00Z,2026-07-05T02:00:00+0200,3.16448,MW,DK2,DK_2,actual_solar_generation,Solar,2026-07-28T18:21:33Z
2026-07-28T18:18:08Z,2026-07-28T20:18:08+0200,139a36cd-3f66-4469-9ae3-07e849d7273d,2026-07-05T00:15:00Z,2026-07-05T02:15:00+0200,3.17023,MW,DK2,DK_2,actual_solar_generation,Solar,2026-07-28T18:21:33Z
2026-07-28T18:18:08Z,2026-07-28T20:18:08+0200,139a36cd-3f66-4469-9ae3-07e849d7273d,2026-07-05T00:30:00Z,2026-07-05T02:30:00+0200,3.17746,MW,DK2,DK_2,actual_solar_generation,Solar,2026-07-28T18:21:33Z
2026-07-28T18:18:08Z,2026-07-28T20:18:08+0200,139a36cd-3f66-4469-9ae3-07e849d7273d,2026-07-05T00:45:00Z,2026-07-05T02:45:00+0200,3.15952,MW,DK2,DK_2,actual_solar_generation,Solar,2026-07-28T18:21:33Z
2026-07-28T18:18:08Z,2026-07-28T20:18:08+0200,139a36cd-3f66-4469-9ae3-07e849d7273d,2026-07-05T01:00:00Z,2026-07-05T03:00:00+0200,3.16164,MW,DK2,DK_2,actual_solar_generation,Solar,2026-07-28T18:21:33Z
2026-07-28T18:18:08Z,2026-07-28T20:18:08+0200,139a36cd-3f66-4469-9ae3-07e849d7273d,2026-07-05T01:15:00Z,2026-07-05T03:15:00+0200,3.15405,MW,DK2,DK_2,actual_solar_generation,Solar,2026-07-28T18:21:33Z
2026-07-28T18:18:08Z,2026-07-28T20:18:08+0200,139a36cd-3f66-4469-9ae3-07e849d7273d,2026-07-05T01:30:00Z,2026-07-05T03:30:00+0200,3.14892,MW,DK2,DK_2,actual_solar_generation,Solar,2026-07-28T18:21:33Z
2026-07-28T18:18:08Z,2026-07-28T20:18:08+0200,139a36cd-3f66-4469-9ae3-07e849d7273d,2026-07-05T01:45:00Z,2026-07-05T03:45:00+0200,3.14577,MW,DK2,DK_2,actual_solar_generation,Solar,2026-07-28T18:21:33Z
2026-07-28T18:18:08Z,2026-07-28T20:18:08+0200,139a36cd-3f66-4469-9ae3-07e849d7273d,2026-07-05T02:00:00Z,2026-07-05T04:00:00+0200,3.15066,MW,DK2,DK_2,actual_solar_generation,Solar,2026-07-28T18:21:33Z
2026-07-28T18:18:08Z,2026-07-28T20:18:08+0200,139a36cd-3f66-4469-9ae3-07e849d7273d,2026-07-05T02:15:00Z,2026-07-05T04:15:00+0200,3.16572,MW,DK2,DK_2,actual_solar_generation,Solar,2026-07-28T18:21:33Z
2026-07-28T18:18:08Z,2026-07-28T20:18:08+0200,139a36cd-3f66-4469-9ae3-07e849d7273d,2026-07-05T02:30:00Z,2026-07-05T04:30:00+0200,3.20304,MW,DK2,DK_2,actual_solar_generation,Solar,2026-07-28T18:21:33Z
2026-07-28T18:18:08Z,2026-07-28T20:18:08+0200,139a36cd-3f66-4469-9ae3-07e849d7273d,2026-07-05T02:45:00Z,2026-07-05T04:45:00+0200,4.02971,MW,DK2,DK_2,actual_solar_generation,Solar,2026-07-28T18:21:33Z
2026-07-28T18:18:08Z,2026-07-28T20:18:08+0200,139a36cd-3f66-4469-9ae3-07e849d7273d,2026-07-05T03:00:00Z,2026-07-05T05:00:00+0200,9.38493,MW,DK2,DK_2,actual_solar_generation,Solar,2026-07-28T18:21:33Z
2026-07-28T18:18:08Z,2026-07-28T20:18:08+0200,139a36cd-3f66-4469-9ae3-07e849d7273d,2026-07-05T03:15:00Z,2026-07-05T05:15:00+0200,15.9207,MW,DK2,DK_2,actual_solar_generation,Solar,2026-07-28T18:21:33Z
2026-07-28T18:18:08Z,2026-07-28T20:18:08+0200,139a36cd-3f66-4469-9ae3-07e849d7273d,2026-07-05T03:30:00Z,2026-07-05T05:30:00+0200,26.7375,MW,DK2,DK_2,actual_solar_generation,Solar,2026-07-28T18:21:33Z
2026-07-28T18:18:08Z,2026-07-28T20:18:08+0200,139a36cd-3f66-4469-9ae3-07e849d7273d,2026-07-05T03:45:00Z,2026-07-05T05:45:00+0200,44.3302,MW,DK2,DK_2,actual_solar_generation,Solar,2026-07-28T18:21:33Z
2026-07-28T18:18:08Z,2026-07-28T20:18:08+0200,139a36cd-3f66-4469-9ae3-07e849d7273d,2026-07-05T04:00:00Z,2026-07-05T06:00:00+0200,62.3464,MW,DK2,DK_2,actual_solar_generation,Solar,2026-07-28T18:21:33Z
2026-07-28T18:18:08Z,2026-07-28T20:18:08+0200,139a36cd-3f66-4469-9ae3-07e849d7273d,2026-07-05T04:15:00Z,2026-07-05T06:15:00+0200,92.5711,MW,DK2,DK_2,actual_solar_generation,Solar,2026-07-28T18:21:33Z
2026-07-28T18:18:08Z,2026-07-28T20:18:08+0200,139a36cd-3f66-4469-9ae3-07e849d7273d,2026-07-05T04:30:00Z,2026-07-05T06:30:00+0200,116.41,MW,DK2,DK_2,actual_solar_generation,Solar,2026-07-28T18:21:33Z
2026-07-28T18:18:08Z,2026-07-28T20:18:08+0200,139a36cd-3f66-4469-9ae3-07e849d7273d,2026-07-05T04:45:00Z,2026-07-05T06:45:00+0200,145.524,MW,DK2,DK_2,actual_solar_generation,Solar,2026-07-28T18:21:33Z
2026-07-28T18:18:08Z,2026-07-28T20:18:08+0200,139a36cd-3f66-4469-9ae3-07e849d7273d,2026-07-05T05:00:00Z,2026-07-05T07:00:00+0200,181.664,MW,DK2,DK_2,actual_solar_generation,Solar,2026-07-28T18:21:33Z
2026-07-28T18:18:08Z,2026-07-28T20:18:08+0200,139a36cd-3f66-4469-9ae3-07e849d7273d,2026-07-05T05:15:00Z,2026-07-05T07:15:00+0200,162.064,MW,DK2,DK_2,actual_solar_generation,Solar,2026-07-28T18:21:33Z
2026-07-28T18:18:08Z,2026-07-28T20:18:08+0200,139a36cd-3f66-4469-9ae3-07e849d7273d,2026-07-05T05:30:00Z,2026-07-05T07:30:00+0200,182.753,MW,DK2,DK_2,actual_solar_generation,Solar,2026-07-28T18:21:33Z
2026-07-28T18:18:08Z,2026-07-28T20:18:08+0200,139a36cd-3f66-4469-9ae3-07e849d7273d,2026-07-05T05:45:00Z,2026-07-05T07:45:00+0200,200.168,MW,DK2,DK_2,actual_solar_generation,Solar,2026-07-28T18:21:33Z
2026-07-28T18:18:08Z,2026-07-28T20:18:08+0200,139a36cd-3f66-4469-9ae3-07e849d7273d,2026-07-05T06:00:00Z,2026-07-05T08:00:00+0200,261.537,MW,DK2,DK_2,actual_solar_generation,Solar,2026-07-28T18:21:33Z
2026-07-28T18:18:08Z,2026-07-28T20:18:08+0200,139a36cd-3f66-4469-9ae3-07e849d7273d,2026-07-05T06:15:00Z,2026-07-05T08:15:00+0200,285.346,MW,DK2,DK_2,actual_solar_generation,Solar,2026-07-28T18:21:33Z
2026-07-28T18:18:08Z,2026-07-28T20:18:08+0200,139a36cd-3f66-4469-9ae3-07e849d7273d,2026-07-05T06:30:00Z,2026-07-05T08:30:00+0200,287.177,MW,DK2,DK_2,actual_solar_generation,Solar,2026-07-28T18:21:33Z
2026-07-28T18:18:08Z,2026-07-28T20:18:08+0200,139a36cd-3f66-4469-9ae3-07e849d7273d,2026-07-05T06:45:00Z,2026-07-05T08:45:00+0200,324.186,MW,DK2,DK_2,actual_solar_generation,Solar,2026-07-28T18:21:33Z
2026-07-28T18:18:08Z,2026-07-28T20:18:08+0200,139a36cd-3f66-4469-9ae3-07e849d7273d,2026-07-05T07:00:00Z,2026-07-05T09:00:00+0200,391.479,MW,DK2,DK_2,actual_solar_generation,Solar,2026-07-28T18:21:33Z
2026-07-28T18:18:08Z,2026-07-28T20:18:08+0200,139a36cd-3f66-4469-9ae3-07e849d7273d,2026-07-05T07:15:00Z,2026-07-05T09:15:00+0200,424.039,MW,DK2,DK_2,actual_solar_generation,Solar,2026-07-28T18:21:33Z
2026-07-28T18:18:08Z,2026-07-28T20:18:08+0200,139a36cd-3f66-4469-9ae3-07e849d7273d,2026-07-05T07:30:00Z,2026-07-05T09:30:00+0200,420.898,MW,DK2,DK_2,actual_solar_generation,Solar,2026-07-28T18:21:33Z
2026-07-28T18:18:08Z,2026-07-28T20:18:08+0200,139a36cd-3f66-4469-9ae3-07e849d7273d,2026-07-05T07:45:00Z,2026-07-05T09:45:00+0200,397.771,MW,DK2,DK_2,actual_solar_generation,Solar,2026-07-28T18:21:33Z
2026-07-28T18:18:08Z,2026-07-28T20:18:08+0200,139a36cd-3f66-4469-9ae3-07e849d7273d,2026-07-05T08:00:00Z,2026-07-05T10:00:00+0200,483.014,MW,DK2,DK_2,actual_solar_generation,Solar,2026-07-28T18:21:33Z
2026-07-28T18:18:08Z,2026-07-28T20:18:08+0200,139a36cd-3f66-4469-9ae3-07e849d7273d,2026-07-05T08:15:00Z,2026-07-05T10:15:00+0200,460.168,MW,DK2,DK_2,actual_solar_generation,Solar,2026-07-28T18:21:33Z
2026-07-28T18:18:08Z,2026-07-28T20:18:08+0200,139a36cd-3f66-4469-9ae3-07e849d7273d,2026-07-05T08:30:00Z,2026-07-05T10:30:00+0200,429.039,MW,DK2,DK_2,actual_solar_generation,Solar,2026-07-28T18:21:33Z
2026-07-28T18:18:08Z,2026-07-28T20:18:08+0200,139a36cd-3f66-4469-9ae3-07e849d7273d,2026-07-05T08:45:00Z,2026-07-05T10:45:00+0200,426.948,MW,DK2,DK_2,actual_solar_generation,Solar,2026-07-28T18:21:33Z
2026-07-28T18:18:08Z,2026-07-28T20:18:08+0200,139a36cd-3f66-4469-9ae3-07e849d7273d,2026-07-05T09:00:00Z,2026-07-05T11:00:00+0200,606.996,MW,DK2,DK_2,actual_solar_generation,Solar,2026-07-28T18:21:33Z
2026-07-28T18:18:08Z,2026-07-28T20:18:08+0200,139a36cd-3f66-4469-9ae3-07e849d7273d,2026-07-05T09:15:00Z,2026-07-05T11:15:00+0200,667.238,MW,DK2,DK_2,actual_solar_generation,Solar,2026-07-28T18:21:33Z
2026-07-28T18:18:08Z,2026-07-28T20:18:08+0200,139a36cd-3f66-4469-9ae3-07e849d7273d,2026-07-05T09:30:00Z,2026-07-05T11:30:00+0200,736.467,MW,DK2,DK_2,actual_solar_generation,Solar,2026-07-28T18:21:33Z
2026-07-28T18:18:08Z,2026-07-28T20:18:08+0200,139a36cd-3f66-4469-9ae3-07e849d7273d,2026-07-05T09:45:00Z,2026-07-05T11:45:00+0200,787.206,MW,DK2,DK_2,actual_solar_generation,Solar,2026-07-28T18:21:33Z
2026-07-28T18:18:08Z,2026-07-28T20:18:08+0200,139a36cd-3f66-4469-9ae3-07e849d7273d,2026-07-05T10:00:00Z,2026-07-05T12:00:00+0200,775.016,MW,DK2,DK_2,actual_solar_generation,Solar,2026-07-28T18:21:33Z
2026-07-28T18:18:08Z,2026-07-28T20:18:08+0200,139a36cd-3f66-4469-9ae3-07e849d7273d,2026-07-05T10:15:00Z,2026-07-05T12:15:00+0200,820.224,MW,DK2,DK_2,actual_solar_generation,Solar,2026-07-28T18:21:33Z
2026-07-28T18:18:08Z,2026-07-28T20:18:08+0200,139a36cd-3f66-4469-9ae3-07e849d7273d,2026-07-05T10:30:00Z,2026-07-05T12:30:00+0200,902.695,MW,DK2,DK_2,actual_solar_generation,Solar,2026-07-28T18:21:33Z
2026-07-28T18:18:08Z,2026-07-28T20:18:08+0200,139a36cd-3f66-4469-9ae3-07e849d7273d,2026-07-05T10:45:00Z,2026-07-05T12:45:00+0200,891.448,MW,DK2,DK_2,actual_solar_generation,Solar,2026-07-28T18:21:33Z
2026-07-28T18:18:08Z,2026-07-28T20:18:08+0200,139a36cd-3f66-4469-9ae3-07e849d7273d,2026-07-05T11:00:00Z,2026-07-05T13:00:00+0200,936.218,MW,DK2,DK_2,actual_solar_generation,Solar,2026-07-28T18:21:33Z
2026-07-28T18:18:08Z,2026-07-28T20:18:08+0200,139a36cd-3f66-4469-9ae3-07e849d7273d,2026-07-05T11:15:00Z,2026-07-05T13:15:00+0200,962.309,MW,DK2,DK_2,actual_solar_generation,Solar,2026-07-28T18:21:33Z
2026-07-28T18:18:08Z,2026-07-28T20:18:08+0200,139a36cd-3f66-4469-9ae3-07e849d7273d,2026-07-05T11:30:00Z,2026-07-05T13:30:00+0200,964.25,MW,DK2,DK_2,actual_solar_generation,Solar,2026-07-28T18:21:33Z
2026-07-28T18:18:08Z,2026-07-28T20:18:08+0200,139a36cd-3f66-4469-9ae3-07e849d7273d,2026-07-05T11:45:00Z,2026-07-05T13:45:00+0200,929.147,MW,DK2,DK_2,actual_solar_generation,Solar,2026-07-28T18:21:33Z
2026-07-28T18:18:08Z,2026-07-28T20:18:08+0200,139a36cd-3f66-4469-9ae3-07e849d7273d,2026-07-05T12:00:00Z,2026-07-05T14:00:00+0200,985.882,MW,DK2,DK_2,actual_solar_generation,Solar,2026-07-28T18:21:33Z
2026-07-28T18:18:08Z,2026-07-28T20:18:08+0200,139a36cd-3f66-4469-9ae3-07e849d7273d,2026-07-05T12:15:00Z,2026-07-05T14:15:00+0200,949.587,MW,DK2,DK_2,actual_solar_generation,Solar,2026-07-28T18:21:33Z
2026-07-28T18:18:08Z,2026-07-28T20:18:08+0200,139a36cd-3f66-4469-9ae3-07e849d7273d,2026-07-05T12:30:00Z,2026-07-05T14:30:00+0200,982.853,MW,DK2,DK_2,actual_solar_generation,Solar,2026-07-28T18:21:33Z
2026-07-28T18:18:08Z,2026-07-28T20:18:08+0200,139a36cd-3f66-4469-9ae3-07e849d7273d,2026-07-05T12:45:00Z,2026-07-05T14:45:00+0200,972.587,MW,DK2,DK_2,actual_solar_generation,Solar,2026-07-28T18:21:33Z
2026-07-28T18:18:08Z,2026-07-28T20:18:08+0200,139a36cd-3f66-4469-9ae3-07e849d7273d,2026-07-05T13:00:00Z,2026-07-05T15:00:00+0200,965.289,MW,DK2,DK_2,actual_solar_generation,Solar,2026-07-28T18:21:33Z
2026-07-28T18:18:08Z,2026-07-28T20:18:08+0200,139a36cd-3f66-4469-9ae3-07e849d7273d,2026-07-05T13:15:00Z,2026-07-05T15:15:00+0200,955.45,MW,DK2,DK_2,actual_solar_generation,Solar,2026-07-28T18:21:33Z
2026-07-28T18:18:08Z,2026-07-28T20:18:08+0200,139a36cd-3f66-4469-9ae3-07e849d7273d,2026-07-05T13:30:00Z,2026-07-05T15:30:00+0200,932.811,MW,DK2,DK_2,actual_solar_generation,Solar,2026-07-28T18:21:33Z
2026-07-28T18:18:08Z,2026-07-28T20:18:08+0200,139a36cd-3f66-4469-9ae3-07e849d7273d,2026-07-05T13:45:00Z,2026-07-05T15:45:00+0200,937.079,MW,DK2,DK_2,actual_solar_generation,Solar,2026-07-28T18:21:33Z
2026-07-28T18:18:08Z,2026-07-28T20:18:08+0200,139a36cd-3f66-4469-9ae3-07e849d7273d,2026-07-05T14:00:00Z,2026-07-05T16:00:00+0200,916.061,MW,DK2,DK_2,actual_solar_generation,Solar,2026-07-28T18:21:33Z
2026-07-28T18:18:08Z,2026-07-28T20:18:08+0200,139a36cd-3f66-4469-9ae3-07e849d7273d,2026-07-05T14:15:00Z,2026-07-05T16:15:00+0200,807.466,MW,DK2,DK_2,actual_solar_generation,Solar,2026-07-28T18:21:33Z
2026-07-28T18:18:08Z,2026-07-28T20:18:08+0200,139a36cd-3f66-4469-9ae3-07e849d7273d,2026-07-05T14:30:00Z,2026-07-05T16:30:00+0200,762.85,MW,DK2,DK_2,actual_solar_generation,Solar,2026-07-28T18:21:33Z
2026-07-28T18:18:08Z,2026-07-28T20:18:08+0200,139a36cd-3f66-4469-9ae3-07e849d7273d,2026-07-05T14:45:00Z,2026-07-05T16:45:00+0200,753.706,MW,DK2,DK_2,actual_solar_generation,Solar,2026-07-28T18:21:33Z
2026-07-28T18:18:08Z,2026-07-28T20:18:08+0200,139a36cd-3f66-4469-9ae3-07e849d7273d,2026-07-05T15:00:00Z,2026-07-05T17:00:00+0200,746.801,MW,DK2,DK_2,actual_solar_generation,Solar,2026-07-28T18:21:33Z
2026-07-28T18:18:08Z,2026-07-28T20:18:08+0200,139a36cd-3f66-4469-9ae3-07e849d7273d,2026-07-05T15:15:00Z,2026-07-05T17:15:00+0200,703.084,MW,DK2,DK_2,actual_solar_generation,Solar,2026-07-28T18:21:33Z
2026-07-28T18:18:08Z,2026-07-28T20:18:08+0200,139a36cd-3f66-4469-9ae3-07e849d7273d,2026-07-05T15:30:00Z,2026-07-05T17:30:00+0200,654.292,MW,DK2,DK_2,actual_solar_generation,Solar,2026-07-28T18:21:33Z
2026-07-28T18:18:08Z,2026-07-28T20:18:08+0200,139a36cd-3f66-4469-9ae3-07e849d7273d,2026-07-05T15:45:00Z,2026-07-05T17:45:00+0200,596.819,MW,DK2,DK_2,actual_solar_generation,Solar,2026-07-28T18:21:33Z
2026-07-28T18:18:08Z,2026-07-28T20:18:08+0200,139a36cd-3f66-4469-9ae3-07e849d7273d,2026-07-05T16:00:00Z,2026-07-05T18:00:00+0200,546.843,MW,DK2,DK_2,actual_solar_generation,Solar,2026-07-28T18:21:33Z
2026-07-28T18:18:08Z,2026-07-28T20:18:08+0200,139a36cd-3f66-4469-9ae3-07e849d7273d,2026-07-05T16:15:00Z,2026-07-05T18:15:00+0200,511.59,MW,DK2,DK_2,actual_solar_generation,Solar,2026-07-28T18:21:33Z
2026-07-28T18:18:08Z,2026-07-28T20:18:08+0200,139a36cd-3f66-4469-9ae3-07e849d7273d,2026-07-05T16:30:00Z,2026-07-05T18:30:00+0200,439.115,MW,DK2,DK_2,actual_solar_generation,Solar,2026-07-28T18:21:33Z
2026-07-28T18:18:08Z,2026-07-28T20:18:08+0200,139a36cd-3f66-4469-9ae3-07e849d7273d,2026-07-05T16:45:00Z,2026-07-05T18:45:00+0200,370.516,MW,DK2,DK_2,actual_solar_generation,Solar,2026-07-28T18:21:33Z
2026-07-28T18:18:08Z,2026-07-28T20:18:08+0200,139a36cd-3f66-4469-9ae3-07e849d7273d,2026-07-05T17:00:00Z,2026-07-05T19:00:00+0200,314.884,MW,DK2,DK_2,actual_solar_generation,Solar,2026-07-28T18:21:33Z
2026-07-28T18:18:08Z,2026-07-28T20:18:08+0200,139a36cd-3f66-4469-9ae3-07e849d7273d,2026-07-05T17:15:00Z,2026-07-05T19:15:00+0200,263.16,MW,DK2,DK_2,actual_solar_generation,Solar,2026-07-28T18:21:33Z
2026-07-28T18:18:08Z,2026-07-28T20:18:08+0200,139a36cd-3f66-4469-9ae3-07e849d7273d,2026-07-05T17:30:00Z,2026-07-05T19:30:00+0200,216.621,MW,DK2,DK_2,actual_solar_generation,Solar,2026-07-28T18:21:33Z
2026-07-28T18:18:08Z,2026-07-28T20:18:08+0200,139a36cd-3f66-4469-9ae3-07e849d7273d,2026-07-05T17:45:00Z,2026-07-05T19:45:00+0200,174.471,MW,DK2,DK_2,actual_solar_generation,Solar,2026-07-28T18:21:33Z
2026-07-28T18:18:08Z,2026-07-28T20:18:08+0200,139a36cd-3f66-4469-9ae3-07e849d7273d,2026-07-05T18:00:00Z,2026-07-05T20:00:00+0200,143.072,MW,DK2,DK_2,actual_solar_generation,Solar,2026-07-28T18:21:33Z
2026-07-28T18:18:08Z,2026-07-28T20:18:08+0200,139a36cd-3f66-4469-9ae3-07e849d7273d,2026-07-05T18:15:00Z,2026-07-05T20:15:00+0200,113.457,MW,DK2,DK_2,actual_solar_generation,Solar,2026-07-28T18:21:33Z
2026-07-28T18:18:08Z,2026-07-28T20:18:08+0200,139a36cd-3f66-4469-9ae3-07e849d7273d,2026-07-05T18:30:00Z,2026-07-05T20:30:00+0200,82.8538,MW,DK2,DK_2,actual_solar_generation,Solar,2026-07-28T18:21:33Z
2026-07-28T18:18:08Z,2026-07-28T20:18:08+0200,139a36cd-3f66-4469-9ae3-07e849d7273d,2026-07-05T18:45:00Z,2026-07-05T20:45:00+0200,57.0604,MW,DK2,DK_2,actual_solar_generation,Solar,2026-07-28T18:21:33Z
2026-07-28T18:18:08Z,2026-07-28T20:18:08+0200,139a36cd-3f66-4469-9ae3-07e849d7273d,2026-07-05T19:00:00Z,2026-07-05T21:00:00+0200,38.2083,MW,DK2,DK_2,actual_solar_generation,Solar,2026-07-28T18:21:33Z
2026-07-28T18:18:08Z,2026-07-28T20:18:08+0200,139a36cd-3f66-4469-9ae3-07e849d7273d,2026-07-05T19:15:00Z,2026-07-05T21:15:00+0200,22.6181,MW,DK2,DK_2,actual_solar_generation,Solar,2026-07-28T18:21:33Z
2026-07-28T18:18:08Z,2026-07-28T20:18:08+0200,139a36cd-3f66-4469-9ae3-07e849d7273d,2026-07-05T19:30:00Z,2026-07-05T21:30:00+0200,11.6973,MW,DK2,DK_2,actual_solar_generation,Solar,2026-07-28T18:21:33Z
2026-07-28T18:18:08Z,2026-07-28T20:18:08+0200,139a36cd-3f66-4469-9ae3-07e849d7273d,2026-07-05T19:45:00Z,2026-07-05T21:45:00+0200,4.13581,MW,DK2,DK_2,actual_solar_generation,Solar,2026-07-28T18:21:33Z
2026-07-28T18:18:08Z,2026-07-28T20:18:08+0200,139a36cd-3f66-4469-9ae3-07e849d7273d,2026-07-05T20:00:00Z,2026-07-05T22:00:00+0200,3.39332,MW,DK2,DK_2,actual_solar_generation,Solar,2026-07-28T18:21:33Z
2026-07-28T18:18:08Z,2026-07-28T20:18:08+0200,139a36cd-3f66-4469-9ae3-07e849d7273d,2026-07-05T20:15:00Z,2026-07-05T22:15:00+0200,3.20547,MW,DK2,DK_2,actual_solar_generation,Solar,2026-07-28T18:21:33Z
2026-07-28T18:18:08Z,2026-07-28T20:18:08+0200,139a36cd-3f66-4469-9ae3-07e849d7273d,2026-07-05T20:30:00Z,2026-07-05T22:30:00+0200,3.06178,MW,DK2,DK_2,actual_solar_generation,Solar,2026-07-28T18:21:33Z
2026-07-28T18:18:08Z,2026-07-28T20:18:08+0200,139a36cd-3f66-4469-9ae3-07e849d7273d,2026-07-05T20:45:00Z,2026-07-05T22:45:00+0200,3.07053,MW,DK2,DK_2,actual_solar_generation,Solar,2026-07-28T18:21:33Z
2026-07-28T18:18:08Z,2026-07-28T20:18:08+0200,139a36cd-3f66-4469-9ae3-07e849d7273d,2026-07-05T21:00:00Z,2026-07-05T23:00:00+0200,3.03259,MW,DK2,DK_2,actual_solar_generation,Solar,2026-07-28T18:21:33Z
2026-07-28T18:18:08Z,2026-07-28T20:18:08+0200,139a36cd-3f66-4469-9ae3-07e849d7273d,2026-07-05T21:15:00Z,2026-07-05T23:15:00+0200,3.0261,MW,DK2,DK_2,actual_solar_generation,Solar,2026-07-28T18:21:33Z
2026-07-28T18:18:08Z,2026-07-28T20:18:08+0200,139a36cd-3f66-4469-9ae3-07e849d7273d,2026-07-05T21:30:00Z,2026-07-05T23:30:00+0200,3.02973,MW,DK2,DK_2,actual_solar_generation,Solar,2026-07-28T18:21:33Z
2026-07-28T18:18:08Z,2026-07-28T20:18:08+0200,139a36cd-3f66-4469-9ae3-07e849d7273d,2026-07-05T21:45:00Z,2026-07-05T23:45:00+0200,3.03101,MW,DK2,DK_2,actual_solar_generation,Solar,2026-07-28T18:21:33Z
2026-07-28T18:18:08Z,2026-07-28T20:18:08+0200,139a36cd-3f66-4469-9ae3-07e849d7273d,2026-07-05T22:00:00Z,2026-07-06T00:00:00+0200,3.03577,MW,DK2,DK_2,actual_solar_generation,Solar,2026-07-28T18:21:33Z
2026-07-28T18:18:08Z,2026-07-28T20:18:08+0200,139a36cd-3f66-4469-9ae3-07e849d7273d,2026-07-05T22:15:00Z,2026-07-06T00:15:00+0200,3.03425,MW,DK2,DK_2,actual_solar_generation,Solar,2026-07-28T18:21:33Z
2026-07-28T18:18:08Z,2026-07-28T20:18:08+0200,139a36cd-3f66-4469-9ae3-07e849d7273d,2026-07-05T22:30:00Z,2026-07-06T00:30:00+0200,3.02925,MW,DK2,DK_2,actual_solar_generation,Solar,2026-07-28T18:21:33Z
2026-07-28T18:18:08Z,2026-07-28T20:18:08+0200,139a36cd-3f66-4469-9ae3-07e849d7273d,2026-07-05T22:45:00Z,2026-07-06T00:45:00+0200,3.02493,MW,DK2,DK_2,actual_solar_generation,Solar,2026-07-28T18:21:33Z
2026-07-28T18:18:08Z,2026-07-28T20:18:08+0200,139a36cd-3f66-4469-9ae3-07e849d7273d,2026-07-05T23:00:00Z,2026-07-06T01:00:00+0200,3.02682,MW,DK2,DK_2,actual_solar_generation,Solar,2026-07-28T18:21:33Z
2026-07-28T18:18:08Z,2026-07-28T20:18:08+0200,139a36cd-3f66-4469-9ae3-07e849d7273d,2026-07-05T23:15:00Z,2026-07-06T01:15:00+0200,3.02809,MW,DK2,DK_2,actual_solar_generation,Solar,2026-07-28T18:21:33Z
2026-07-28T18:18:08Z,2026-07-28T20:18:08+0200,139a36cd-3f66-4469-9ae3-07e849d7273d,2026-07-05T23:30:00Z,2026-07-06T01:30:00+0200,3.02656,MW,DK2,DK_2,actual_solar_generation,Solar,2026-07-28T18:21:33Z
2026-07-28T18:18:08Z,2026-07-28T20:18:08+0200,139a36cd-3f66-4469-9ae3-07e849d7273d,2026-07-05T23:45:00Z,2026-07-06T01:45:00+0200,3.02334,MW,DK2,DK_2,actual_solar_generation,Solar,2026-07-28T18:21:33Z
2026-07-28T18:18:08Z,2026-07-28T20:18:08+0200,139a36cd-3f66-4469-9ae3-07e849d7273d,2026-07-06T00:00:00Z,2026-07-06T02:00:00+0200,3.02072,MW,DK2,DK_2,actual_solar_generation,Solar,2026-07-28T18:21:33Z
2026-07-28T18:18:08Z,2026-07-28T20:18:08+0200,139a36cd-3f66-4469-9ae3-07e849d7273d,2026-07-06T00:15:00Z,2026-07-06T02:15:00+0200,3.03161,MW,DK2,DK_2,actual_solar_generation,Solar,2026-07-28T18:21:33Z
2026-07-28T18:18:08Z,2026-07-28T20:18:08+0200,139a36cd-3f66-4469-9ae3-07e849d7273d,2026-07-06T00:30:00Z,2026-07-06T02:30:00+0200,3.02767,MW,DK2,DK_2,actual_solar_generation,Solar,2026-07-28T18:21:33Z
2026-07-28T18:18:08Z,2026-07-28T20:18:08+0200,139a36cd-3f66-4469-9ae3-07e849d7273d,2026-07-06T00:45:00Z,2026-07-06T02:45:00+0200,3.03167,MW,DK2,DK_2,actual_solar_generation,Solar,2026-07-28T18:21:33Z
2026-07-28T18:18:08Z,2026-07-28T20:18:08+0200,139a36cd-3f66-4469-9ae3-07e849d7273d,2026-07-06T01:00:00Z,2026-07-06T03:00:00+0200,3.02823,MW,DK2,DK_2,actual_solar_generation,Solar,2026-07-28T18:21:33Z
2026-07-28T18:18:08Z,2026-07-28T20:18:08+0200,139a36cd-3f66-4469-9ae3-07e849d7273d,2026-07-06T01:15:00Z,2026-07-06T03:15:00+0200,3.02358,MW,DK2,DK_2,actual_solar_generation,Solar,2026-07-28T18:21:33Z
2026-07-28T18:18:08Z,2026-07-28T20:18:08+0200,139a36cd-3f66-4469-9ae3-07e849d7273d,2026-07-06T01:30:00Z,2026-07-06T03:30:00+0200,3.02747,MW,DK2,DK_2,actual_solar_generation,Solar,2026-07-28T18:21:33Z
2026-07-28T18:18:08Z,2026-07-28T20:18:08+0200,139a36cd-3f66-4469-9ae3-07e849d7273d,2026-07-06T01:45:00Z,2026-07-06T03:45:00+0200,3.51868,MW,DK2,DK_2,actual_solar_generation,Solar,2026-07-28T18:21:33Z
2026-07-28T18:18:08Z,2026-07-28T20:18:08+0200,139a36cd-3f66-4469-9ae3-07e849d7273d,2026-07-06T02:00:00Z,2026-07-06T04:00:00+0200,3.06531,MW,DK2,DK_2,actual_solar_generation,Solar,2026-07-28T18:21:33Z
2026-07-28T18:18:08Z,2026-07-28T20:18:08+0200,139a36cd-3f66-4469-9ae3-07e849d7273d,2026-07-06T02:15:00Z,2026-07-06T04:15:00+0200,3.03413,MW,DK2,DK_2,actual_solar_generation,Solar,2026-07-28T18:21:33Z
2026-07-28T18:18:08Z,2026-07-28T20:18:08+0200,139a36cd-3f66-4469-9ae3-07e849d7273d,2026-07-06T02:30:00Z,2026-07-06T04:30:00+0200,3.12078,MW,DK2,DK_2,actual_solar_generation,Solar,2026-07-28T18:21:33Z
2026-07-28T18:18:08Z,2026-07-28T20:18:08+0200,139a36cd-3f66-4469-9ae3-07e849d7273d,2026-07-06T02:45:00Z,2026-07-06T04:45:00+0200,6.72292,MW,DK2,DK_2,actual_solar_generation,Solar,2026-07-28T18:21:33Z
2026-07-28T18:18:08Z,2026-07-28T20:18:08+0200,139a36cd-3f66-4469-9ae3-07e849d7273d,2026-07-06T03:00:00Z,2026-07-06T05:00:00+0200,14.3938,MW,DK2,DK_2,actual_solar_generation,Solar,2026-07-28T18:21:33Z
2026-07-28T18:18:08Z,2026-07-28T20:18:08+0200,139a36cd-3f66-4469-9ae3-07e849d7273d,2026-07-06T03:15:00Z,2026-07-06T05:15:00+0200,23.9769,MW,DK2,DK_2,actual_solar_generation,Solar,2026-07-28T18:21:33Z
2026-07-28T18:18:08Z,2026-07-28T20:18:08+0200,139a36cd-3f66-4469-9ae3-07e849d7273d,2026-07-06T03:30:00Z,2026-07-06T05:30:00+0200,32.3228,MW,DK2,DK_2,actual_solar_generation,Solar,2026-07-28T18:21:33Z
2026-07-28T18:18:08Z,2026-07-28T20:18:08+0200,139a36cd-3f66-4469-9ae3-07e849d7273d,2026-07-06T03:45:00Z,2026-07-06T05:45:00+0200,43.7439,MW,DK2,DK_2,actual_solar_generation,Solar,2026-07-28T18:21:33Z
2026-07-28T18:18:08Z,2026-07-28T20:18:08+0200,139a36cd-3f66-4469-9ae3-07e849d7273d,2026-07-06T04:00:00Z,2026-07-06T06:00:00+0200,60.1639,MW,DK2,DK_2,actual_solar_generation,Solar,2026-07-28T18:21:33Z
2026-07-28T18:18:08Z,2026-07-28T20:18:08+0200,139a36cd-3f66-4469-9ae3-07e849d7273d,2026-07-06T04:15:00Z,2026-07-06T06:15:00+0200,79.3176,MW,DK2,DK_2,actual_solar_generation,Solar,2026-07-28T18:21:33Z
2026-07-28T18:18:08Z,2026-07-28T20:18:08+0200,139a36cd-3f66-4469-9ae3-07e849d7273d,2026-07-06T04:30:00Z,2026-07-06T06:30:00+0200,104.322,MW,DK2,DK_2,actual_solar_generation,Solar,2026-07-28T18:21:33Z
2026-07-28T18:18:08Z,2026-07-28T20:18:08+0200,139a36cd-3f66-4469-9ae3-07e849d7273d,2026-07-06T04:45:00Z,2026-07-06T06:45:00+0200,142.615,MW,DK2,DK_2,actual_solar_generation,Solar,2026-07-28T18:21:33Z
2026-07-28T18:18:08Z,2026-07-28T20:18:08+0200,139a36cd-3f66-4469-9ae3-07e849d7273d,2026-07-06T05:00:00Z,2026-07-06T07:00:00+0200,168.812,MW,DK2,DK_2,actual_solar_generation,Solar,2026-07-28T18:21:33Z
2026-07-28T18:18:08Z,2026-07-28T20:18:08+0200,139a36cd-3f66-4469-9ae3-07e849d7273d,2026-07-06T05:15:00Z,2026-07-06T07:15:00+0200,191.322,MW,DK2,DK_2,actual_solar_generation,Solar,2026-07-28T18:21:33Z
2026-07-28T18:18:08Z,2026-07-28T20:18:08+0200,139a36cd-3f66-4469-9ae3-07e849d7273d,2026-07-06T05:30:00Z,2026-07-06T07:30:00+0200,194.709,MW,DK2,DK_2,actual_solar_generation,Solar,2026-07-28T18:21:33Z
2026-07-28T18:18:08Z,2026-07-28T20:18:08+0200,139a36cd-3f66-4469-9ae3-07e849d7273d,2026-07-06T05:45:00Z,2026-07-06T07:45:00+0200,199.72,MW,DK2,DK_2,actual_solar_generation,Solar,2026-07-28T18:21:33Z
2026-07-28T18:18:08Z,2026-07-28T20:18:08+0200,139a36cd-3f66-4469-9ae3-07e849d7273d,2026-07-06T06:00:00Z,2026-07-06T08:00:00+0200,209.469,MW,DK2,DK_2,actual_solar_generation,Solar,2026-07-28T18:21:33Z
2026-07-28T18:18:08Z,2026-07-28T20:18:08+0200,139a36cd-3f66-4469-9ae3-07e849d7273d,2026-07-06T06:15:00Z,2026-07-06T08:15:00+0200,233.917,MW,DK2,DK_2,actual_solar_generation,Solar,2026-07-28T18:21:33Z
2026-07-28T18:18:08Z,2026-07-28T20:18:08+0200,139a36cd-3f66-4469-9ae3-07e849d7273d,2026-07-06T06:30:00Z,2026-07-06T08:30:00+0200,266.103,MW,DK2,DK_2,actual_solar_generation,Solar,2026-07-28T18:21:33Z
2026-07-28T18:18:08Z,2026-07-28T20:18:08+0200,139a36cd-3f66-4469-9ae3-07e849d7273d,2026-07-06T06:45:00Z,2026-07-06T08:45:00+0200,262.101,MW,DK2,DK_2,actual_solar_generation,Solar,2026-07-28T18:21:33Z
2026-07-28T18:18:08Z,2026-07-28T20:18:08+0200,139a36cd-3f66-4469-9ae3-07e849d7273d,2026-07-06T07:00:00Z,2026-07-06T09:00:00+0200,262.234,MW,DK2,DK_2,actual_solar_generation,Solar,2026-07-28T18:21:33Z
2026-07-28T18:18:08Z,2026-07-28T20:18:08+0200,139a36cd-3f66-4469-9ae3-07e849d7273d,2026-07-06T07:15:00Z,2026-07-06T09:15:00+0200,255.362,MW,DK2,DK_2,actual_solar_generation,Solar,2026-07-28T18:21:33Z
2026-07-28T18:18:08Z,2026-07-28T20:18:08+0200,139a36cd-3f66-4469-9ae3-07e849d7273d,2026-07-06T07:30:00Z,2026-07-06T09:30:00+0200,244.954,MW,DK2,DK_2,actual_solar_generation,Solar,2026-07-28T18:21:33Z
2026-07-28T18:18:08Z,2026-07-28T20:18:08+0200,139a36cd-3f66-4469-9ae3-07e849d7273d,2026-07-06T07:45:00Z,2026-07-06T09:45:00+0200,243.045,MW,DK2,DK_2,actual_solar_generation,Solar,2026-07-28T18:21:33Z
2026-07-28T18:18:08Z,2026-07-28T20:18:08+0200,139a36cd-3f66-4469-9ae3-07e849d7273d,2026-07-06T08:00:00Z,2026-07-06T10:00:00+0200,235.33,MW,DK2,DK_2,actual_solar_generation,Solar,2026-07-28T18:21:33Z
2026-07-28T18:18:08Z,2026-07-28T20:18:08+0200,139a36cd-3f66-4469-9ae3-07e849d7273d,2026-07-06T08:15:00Z,2026-07-06T10:15:00+0200,224.907,MW,DK2,DK_2,actual_solar_generation,Solar,2026-07-28T18:21:33Z
2026-07-28T18:18:08Z,2026-07-28T20:18:08+0200,139a36cd-3f66-4469-9ae3-07e849d7273d,2026-07-06T08:30:00Z,2026-07-06T10:30:00+0200,238.859,MW,DK2,DK_2,actual_solar_generation,Solar,2026-07-28T18:21:33Z
2026-07-28T18:18:08Z,2026-07-28T20:18:08+0200,139a36cd-3f66-4469-9ae3-07e849d7273d,2026-07-06T08:45:00Z,2026-07-06T10:45:00+0200,264.076,MW,DK2,DK_2,actual_solar_generation,Solar,2026-07-28T18:21:33Z
2026-07-28T18:18:08Z,2026-07-28T20:18:08+0200,139a36cd-3f66-4469-9ae3-07e849d7273d,2026-07-06T09:00:00Z,2026-07-06T11:00:00+0200,260.031,MW,DK2,DK_2,actual_solar_generation,Solar,2026-07-28T18:21:33Z
2026-07-28T18:18:08Z,2026-07-28T20:18:08+0200,139a36cd-3f66-4469-9ae3-07e849d7273d,2026-07-06T09:15:00Z,2026-07-06T11:15:00+0200,258.176,MW,DK2,DK_2,actual_solar_generation,Solar,2026-07-28T18:21:33Z
2026-07-28T18:18:08Z,2026-07-28T20:18:08+0200,139a36cd-3f66-4469-9ae3-07e849d7273d,2026-07-06T09:30:00Z,2026-07-06T11:30:00+0200,255.868,MW,DK2,DK_2,actual_solar_generation,Solar,2026-07-28T18:21:33Z
2026-07-28T18:18:08Z,2026-07-28T20:18:08+0200,139a36cd-3f66-4469-9ae3-07e849d7273d,2026-07-06T09:45:00Z,2026-07-06T11:45:00+0200,270.66,MW,DK2,DK_2,actual_solar_generation,Solar,2026-07-28T18:21:33Z
2026-07-28T18:18:08Z,2026-07-28T20:18:08+0200,139a36cd-3f66-4469-9ae3-07e849d7273d,2026-07-06T10:00:00Z,2026-07-06T12:00:00+0200,286.322,MW,DK2,DK_2,actual_solar_generation,Solar,2026-07-28T18:21:33Z
2026-07-28T18:18:08Z,2026-07-28T20:18:08+0200,139a36cd-3f66-4469-9ae3-07e849d7273d,2026-07-06T10:15:00Z,2026-07-06T12:15:00+0200,321.047,MW,DK2,DK_2,actual_solar_generation,Solar,2026-07-28T18:21:33Z
2026-07-28T18:18:08Z,2026-07-28T20:18:08+0200,139a36cd-3f66-4469-9ae3-07e849d7273d,2026-07-06T10:30:00Z,2026-07-06T12:30:00+0200,339.519,MW,DK2,DK_2,actual_solar_generation,Solar,2026-07-28T18:21:33Z
2026-07-28T18:18:08Z,2026-07-28T20:18:08+0200,139a36cd-3f66-4469-9ae3-07e849d7273d,2026-07-06T10:45:00Z,2026-07-06T12:45:00+0200,303.769,MW,DK2,DK_2,actual_solar_generation,Solar,2026-07-28T18:21:33Z
2026-07-28T18:18:08Z,2026-07-28T20:18:08+0200,139a36cd-3f66-4469-9ae3-07e849d7273d,2026-07-06T11:00:00Z,2026-07-06T13:00:00+0200,327.262,MW,DK2,DK_2,actual_solar_generation,Solar,2026-07-28T18:21:33Z
2026-07-28T18:18:08Z,2026-07-28T20:18:08+0200,139a36cd-3f66-4469-9ae3-07e849d7273d,2026-07-06T11:15:00Z,2026-07-06T13:15:00+0200,441.303,MW,DK2,DK_2,actual_solar_generation,Solar,2026-07-28T18:21:33Z
2026-07-28T18:18:08Z,2026-07-28T20:18:08+0200,139a36cd-3f66-4469-9ae3-07e849d7273d,2026-07-06T11:30:00Z,2026-07-06T13:30:00+0200,515.894,MW,DK2,DK_2,actual_solar_generation,Solar,2026-07-28T18:21:33Z
2026-07-28T18:18:08Z,2026-07-28T20:18:08+0200,139a36cd-3f66-4469-9ae3-07e849d7273d,2026-07-06T11:45:00Z,2026-07-06T13:45:00+0200,516.69,MW,DK2,DK_2,actual_solar_generation,Solar,2026-07-28T18:21:33Z
2026-07-28T18:18:08Z,2026-07-28T20:18:08+0200,139a36cd-3f66-4469-9ae3-07e849d7273d,2026-07-06T12:00:00Z,2026-07-06T14:00:00+0200,518.166,MW,DK2,DK_2,actual_solar_generation,Solar,2026-07-28T18:21:33Z
2026-07-28T18:18:08Z,2026-07-28T20:18:08+0200,139a36cd-3f66-4469-9ae3-07e849d7273d,2026-07-06T12:15:00Z,2026-07-06T14:15:00+0200,560.42,MW,DK2,DK_2,actual_solar_generation,Solar,2026-07-28T18:21:33Z
2026-07-28T18:18:08Z,2026-07-28T20:18:08+0200,139a36cd-3f66-4469-9ae3-07e849d7273d,2026-07-06T12:30:00Z,2026-07-06T14:30:00+0200,484.048,MW,DK2,DK_2,actual_solar_generation,Solar,2026-07-28T18:21:33Z
2026-07-28T18:18:08Z,2026-07-28T20:18:08+0200,139a36cd-3f66-4469-9ae3-07e849d7273d,2026-07-06T12:45:00Z,2026-07-06T14:45:00+0200,494.026,MW,DK2,DK_2,actual_solar_generation,Solar,2026-07-28T18:21:33Z
2026-07-28T18:18:08Z,2026-07-28T20:18:08+0200,139a36cd-3f66-4469-9ae3-07e849d7273d,2026-07-06T13:00:00Z,2026-07-06T15:00:00+0200,427.442,MW,DK2,DK_2,actual_solar_generation,Solar,2026-07-28T18:21:33Z
2026-07-28T18:18:08Z,2026-07-28T20:18:08+0200,139a36cd-3f66-4469-9ae3-07e849d7273d,2026-07-06T13:15:00Z,2026-07-06T15:15:00+0200,422.127,MW,DK2,DK_2,actual_solar_generation,Solar,2026-07-28T18:21:33Z
2026-07-28T18:18:08Z,2026-07-28T20:18:08+0200,139a36cd-3f66-4469-9ae3-07e849d7273d,2026-07-06T13:30:00Z,2026-07-06T15:30:00+0200,412.561,MW,DK2,DK_2,actual_solar_generation,Solar,2026-07-28T18:21:33Z
2026-07-28T18:18:08Z,2026-07-28T20:18:08+0200,139a36cd-3f66-4469-9ae3-07e849d7273d,2026-07-06T13:45:00Z,2026-07-06T15:45:00+0200,393.34,MW,DK2,DK_2,actual_solar_generation,Solar,2026-07-28T18:21:33Z
2026-07-28T18:18:08Z,2026-07-28T20:18:08+0200,139a36cd-3f66-4469-9ae3-07e849d7273d,2026-07-06T14:00:00Z,2026-07-06T16:00:00+0200,317.665,MW,DK2,DK_2,actual_solar_generation,Solar,2026-07-28T18:21:33Z
2026-07-28T18:18:08Z,2026-07-28T20:18:08+0200,139a36cd-3f66-4469-9ae3-07e849d7273d,2026-07-06T14:15:00Z,2026-07-06T16:15:00+0200,206.301,MW,DK2,DK_2,actual_solar_generation,Solar,2026-07-28T18:21:33Z
2026-07-28T18:18:08Z,2026-07-28T20:18:08+0200,139a36cd-3f66-4469-9ae3-07e849d7273d,2026-07-06T14:30:00Z,2026-07-06T16:30:00+0200,147.16,MW,DK2,DK_2,actual_solar_generation,Solar,2026-07-28T18:21:33Z
2026-07-28T18:18:08Z,2026-07-28T20:18:08+0200,139a36cd-3f66-4469-9ae3-07e849d7273d,2026-07-06T14:45:00Z,2026-07-06T16:45:00+0200,170.941,MW,DK2,DK_2,actual_solar_generation,Solar,2026-07-28T18:21:33Z
2026-07-28T18:18:08Z,2026-07-28T20:18:08+0200,139a36cd-3f66-4469-9ae3-07e849d7273d,2026-07-06T15:00:00Z,2026-07-06T17:00:00+0200,152.614,MW,DK2,DK_2,actual_solar_generation,Solar,2026-07-28T18:21:33Z
2026-07-28T18:18:08Z,2026-07-28T20:18:08+0200,139a36cd-3f66-4469-9ae3-07e849d7273d,2026-07-06T15:15:00Z,2026-07-06T17:15:00+0200,127.491,MW,DK2,DK_2,actual_solar_generation,Solar,2026-07-28T18:21:33Z
2026-07-28T18:18:08Z,2026-07-28T20:18:08+0200,139a36cd-3f66-4469-9ae3-07e849d7273d,2026-07-06T15:30:00Z,2026-07-06T17:30:00+0200,110.128,MW,DK2,DK_2,actual_solar_generation,Solar,2026-07-28T18:21:33Z
2026-07-28T18:18:08Z,2026-07-28T20:18:08+0200,139a36cd-3f66-4469-9ae3-07e849d7273d,2026-07-06T15:45:00Z,2026-07-06T17:45:00+0200,94.7152,MW,DK2,DK_2,actual_solar_generation,Solar,2026-07-28T18:21:33Z
2026-07-28T18:18:08Z,2026-07-28T20:18:08+0200,139a36cd-3f66-4469-9ae3-07e849d7273d,2026-07-06T16:00:00Z,2026-07-06T18:00:00+0200,78.1219,MW,DK2,DK_2,actual_solar_generation,Solar,2026-07-28T18:21:33Z
2026-07-28T18:18:08Z,2026-07-28T20:18:08+0200,139a36cd-3f66-4469-9ae3-07e849d7273d,2026-07-06T16:15:00Z,2026-07-06T18:15:00+0200,85.8241,MW,DK2,DK_2,actual_solar_generation,Solar,2026-07-28T18:21:33Z
2026-07-28T18:18:08Z,2026-07-28T20:18:08+0200,139a36cd-3f66-4469-9ae3-07e849d7273d,2026-07-06T16:30:00Z,2026-07-06T18:30:00+0200,82.8254,MW,DK2,DK_2,actual_solar_generation,Solar,2026-07-28T18:21:33Z
2026-07-28T18:18:08Z,2026-07-28T20:18:08+0200,139a36cd-3f66-4469-9ae3-07e849d7273d,2026-07-06T16:45:00Z,2026-07-06T18:45:00+0200,87.5899,MW,DK2,DK_2,actual_solar_generation,Solar,2026-07-28T18:21:33Z
2026-07-28T18:18:08Z,2026-07-28T20:18:08+0200,139a36cd-3f66-4469-9ae3-07e849d7273d,2026-07-06T17:00:00Z,2026-07-06T19:00:00+0200,79.4151,MW,DK2,DK_2,actual_solar_generation,Solar,2026-07-28T18:21:33Z
2026-07-28T18:18:08Z,2026-07-28T20:18:08+0200,139a36cd-3f66-4469-9ae3-07e849d7273d,2026-07-06T17:15:00Z,2026-07-06T19:15:00+0200,86.2447,MW,DK2,DK_2,actual_solar_generation,Solar,2026-07-28T18:21:33Z
2026-07-28T18:18:08Z,2026-07-28T20:18:08+0200,139a36cd-3f66-4469-9ae3-07e849d7273d,2026-07-06T17:30:00Z,2026-07-06T19:30:00+0200,82.7961,MW,DK2,DK_2,actual_solar_generation,Solar,2026-07-28T18:21:33Z
2026-07-28T18:18:08Z,2026-07-28T20:18:08+0200,139a36cd-3f66-4469-9ae3-07e849d7273d,2026-07-06T17:45:00Z,2026-07-06T19:45:00+0200,76.2308,MW,DK2,DK_2,actual_solar_generation,Solar,2026-07-28T18:21:33Z
2026-07-28T18:18:08Z,2026-07-28T20:18:08+0200,139a36cd-3f66-4469-9ae3-07e849d7273d,2026-07-06T18:00:00Z,2026-07-06T20:00:00+0200,70.9205,MW,DK2,DK_2,actual_solar_generation,Solar,2026-07-28T18:21:33Z
2026-07-28T18:18:08Z,2026-07-28T20:18:08+0200,139a36cd-3f66-4469-9ae3-07e849d7273d,2026-07-06T18:15:00Z,2026-07-06T20:15:00+0200,59.8012,MW,DK2,DK_2,actual_solar_generation,Solar,2026-07-28T18:21:33Z
2026-07-28T18:18:08Z,2026-07-28T20:18:08+0200,139a36cd-3f66-4469-9ae3-07e849d7273d,2026-07-06T18:30:00Z,2026-07-06T20:30:00+0200,55.2787,MW,DK2,DK_2,actual_solar_generation,Solar,2026-07-28T18:21:33Z
2026-07-28T18:18:08Z,2026-07-28T20:18:08+0200,139a36cd-3f66-4469-9ae3-07e849d7273d,2026-07-06T18:45:00Z,2026-07-06T20:45:00+0200,36.6711,MW,DK2,DK_2,actual_solar_generation,Solar,2026-07-28T18:21:33Z
2026-07-28T18:18:08Z,2026-07-28T20:18:08+0200,139a36cd-3f66-4469-9ae3-07e849d7273d,2026-07-06T19:00:00Z,2026-07-06T21:00:00+0200,21.5761,MW,DK2,DK_2,actual_solar_generation,Solar,2026-07-28T18:21:33Z
2026-07-28T18:18:08Z,2026-07-28T20:18:08+0200,139a36cd-3f66-4469-9ae3-07e849d7273d,2026-07-06T19:15:00Z,2026-07-06T21:15:00+0200,12.4308,MW,DK2,DK_2,actual_solar_generation,Solar,2026-07-28T18:21:33Z
2026-07-28T18:18:08Z,2026-07-28T20:18:08+0200,139a36cd-3f66-4469-9ae3-07e849d7273d,2026-07-06T19:30:00Z,2026-07-06T21:30:00+0200,4.25669,MW,DK2,DK_2,actual_solar_generation,Solar,2026-07-28T18:21:33Z
2026-07-28T18:18:08Z,2026-07-28T20:18:08+0200,139a36cd-3f66-4469-9ae3-07e849d7273d,2026-07-06T19:45:00Z,2026-07-06T21:45:00+0200,2.76471,MW,DK2,DK_2,actual_solar_generation,Solar,2026-07-28T18:21:33Z
2026-07-28T18:18:08Z,2026-07-28T20:18:08+0200,139a36cd-3f66-4469-9ae3-07e849d7273d,2026-07-06T20:00:00Z,2026-07-06T22:00:00+0200,2.87362,MW,DK2,DK_2,actual_solar_generation,Solar,2026-07-28T18:21:33Z
2026-07-28T18:18:08Z,2026-07-28T20:18:08+0200,139a36cd-3f66-4469-9ae3-07e849d7273d,2026-07-06T20:15:00Z,2026-07-06T22:15:00+0200,3.14832,MW,DK2,DK_2,actual_solar_generation,Solar,2026-07-28T18:21:33Z
2026-07-28T18:18:08Z,2026-07-28T20:18:08+0200,139a36cd-3f66-4469-9ae3-07e849d7273d,2026-07-06T20:30:00Z,2026-07-06T22:30:00+0200,3.10395,MW,DK2,DK_2,actual_solar_generation,Solar,2026-07-28T18:21:33Z
2026-07-28T18:18:08Z,2026-07-28T20:18:08+0200,139a36cd-3f66-4469-9ae3-07e849d7273d,2026-07-06T20:45:00Z,2026-07-06T22:45:00+0200,3.11053,MW,DK2,DK_2,actual_solar_generation,Solar,2026-07-28T18:21:33Z
2026-07-28T18:18:08Z,2026-07-28T20:18:08+0200,139a36cd-3f66-4469-9ae3-07e849d7273d,2026-07-06T21:00:00Z,2026-07-06T23:00:00+0200,3.11621,MW,DK2,DK_2,actual_solar_generation,Solar,2026-07-28T18:21:33Z
2026-07-28T18:18:08Z,2026-07-28T20:18:08+0200,139a36cd-3f66-4469-9ae3-07e849d7273d,2026-07-06T21:15:00Z,2026-07-06T23:15:00+0200,3.11269,MW,DK2,DK_2,actual_solar_generation,Solar,2026-07-28T18:21:33Z
2026-07-28T18:18:08Z,2026-07-28T20:18:08+0200,139a36cd-3f66-4469-9ae3-07e849d7273d,2026-07-06T21:30:00Z,2026-07-06T23:30:00+0200,3.07079,MW,DK2,DK_2,actual_solar_generation,Solar,2026-07-28T18:21:33Z
2026-07-28T18:18:08Z,2026-07-28T20:18:08+0200,139a36cd-3f66-4469-9ae3-07e849d7273d,2026-07-06T21:45:00Z,2026-07-06T23:45:00+0200,3.01607,MW,DK2,DK_2,actual_solar_generation,Solar,2026-07-28T18:21:33Z
2026-07-28T18:18:08Z,2026-07-28T20:18:08+0200,139a36cd-3f66-4469-9ae3-07e849d7273d,2026-07-06T22:00:00Z,2026-07-07T00:00:00+0200,3.01144,MW,DK2,DK_2,actual_solar_generation,Solar,2026-07-28T18:21:33Z
2026-07-28T18:18:08Z,2026-07-28T20:18:08+0200,139a36cd-3f66-4469-9ae3-07e849d7273d,2026-07-06T22:15:00Z,2026-07-07T00:15:00+0200,3.01693,MW,DK2,DK_2,actual_solar_generation,Solar,2026-07-28T18:21:33Z
2026-07-28T18:18:08Z,2026-07-28T20:18:08+0200,139a36cd-3f66-4469-9ae3-07e849d7273d,2026-07-06T22:30:00Z,2026-07-07T00:30:00+0200,3.00516,MW,DK2,DK_2,actual_solar_generation,Solar,2026-07-28T18:21:33Z
2026-07-28T18:18:08Z,2026-07-28T20:18:08+0200,139a36cd-3f66-4469-9ae3-07e849d7273d,2026-07-06T22:45:00Z,2026-07-07T00:45:00+0200,3.01312,MW,DK2,DK_2,actual_solar_generation,Solar,2026-07-28T18:21:33Z
2026-07-28T18:18:08Z,2026-07-28T20:18:08+0200,139a36cd-3f66-4469-9ae3-07e849d7273d,2026-07-06T23:00:00Z,2026-07-07T01:00:00+0200,3.0112,MW,DK2,DK_2,actual_solar_generation,Solar,2026-07-28T18:21:33Z
2026-07-28T18:18:08Z,2026-07-28T20:18:08+0200,139a36cd-3f66-4469-9ae3-07e849d7273d,2026-07-06T23:15:00Z,2026-07-07T01:15:00+0200,3.00428,MW,DK2,DK_2,actual_solar_generation,Solar,2026-07-28T18:21:33Z
2026-07-28T18:18:08Z,2026-07-28T20:18:08+0200,139a36cd-3f66-4469-9ae3-07e849d7273d,2026-07-06T23:30:00Z,2026-07-07T01:30:00+0200,3.00432,MW,DK2,DK_2,actual_solar_generation,Solar,2026-07-28T18:21:33Z
2026-07-28T18:18:08Z,2026-07-28T20:18:08+0200,139a36cd-3f66-4469-9ae3-07e849d7273d,2026-07-06T23:45:00Z,2026-07-07T01:45:00+0200,3.00537,MW,DK2,DK_2,actual_solar_generation,Solar,2026-07-28T18:21:33Z
2026-07-28T18:18:08Z,2026-07-28T20:18:08+0200,139a36cd-3f66-4469-9ae3-07e849d7273d,2026-07-07T00:00:00Z,2026-07-07T02:00:00+0200,2.99965,MW,DK2,DK_2,actual_solar_generation,Solar,2026-07-28T18:21:33Z
2026-07-28T18:18:08Z,2026-07-28T20:18:08+0200,139a36cd-3f66-4469-9ae3-07e849d7273d,2026-07-07T00:15:00Z,2026-07-07T02:15:00+0200,3.00166,MW,DK2,DK_2,actual_solar_generation,Solar,2026-07-28T18:21:33Z
2026-07-28T18:18:08Z,2026-07-28T20:18:08+0200,139a36cd-3f66-4469-9ae3-07e849d7273d,2026-07-07T00:30:00Z,2026-07-07T02:30:00+0200,3.00556,MW,DK2,DK_2,actual_solar_generation,Solar,2026-07-28T18:21:33Z
2026-07-28T18:18:08Z,2026-07-28T20:18:08+0200,139a36cd-3f66-4469-9ae3-07e849d7273d,2026-07-07T00:45:00Z,2026-07-07T02:45:00+0200,3.00899,MW,DK2,DK_2,actual_solar_generation,Solar,2026-07-28T18:21:33Z
2026-07-28T18:18:08Z,2026-07-28T20:18:08+0200,139a36cd-3f66-4469-9ae3-07e849d7273d,2026-07-07T01:00:00Z,2026-07-07T03:00:00+0200,3.0178,MW,DK2,DK_2,actual_solar_generation,Solar,2026-07-28T18:21:33Z
2026-07-28T18:18:08Z,2026-07-28T20:18:08+0200,139a36cd-3f66-4469-9ae3-07e849d7273d,2026-07-07T01:15:00Z,2026-07-07T03:15:00+0200,3.01817,MW,DK2,DK_2,actual_solar_generation,Solar,2026-07-28T18:21:33Z
2026-07-28T18:18:08Z,2026-07-28T20:18:08+0200,139a36cd-3f66-4469-9ae3-07e849d7273d,2026-07-07T01:30:00Z,2026-07-07T03:30:00+0200,3.02944,MW,DK2,DK_2,actual_solar_generation,Solar,2026-07-28T18:21:33Z
2026-07-28T18:18:08Z,2026-07-28T20:18:08+0200,139a36cd-3f66-4469-9ae3-07e849d7273d,2026-07-07T01:45:00Z,2026-07-07T03:45:00+0200,3.06414,MW,DK2,DK_2,actual_solar_generation,Solar,2026-07-28T18:21:33Z
2026-07-28T18:18:08Z,2026-07-28T20:18:08+0200,139a36cd-3f66-4469-9ae3-07e849d7273d,2026-07-07T02:00:00Z,2026-07-07T04:00:00+0200,3.07705,MW,DK2,DK_2,actual_solar_generation,Solar,2026-07-28T18:21:33Z
2026-07-28T18:18:08Z,2026-07-28T20:18:08+0200,139a36cd-3f66-4469-9ae3-07e849d7273d,2026-07-07T02:15:00Z,2026-07-07T04:15:00+0200,3.11066,MW,DK2,DK_2,actual_solar_generation,Solar,2026-07-28T18:21:33Z
2026-07-28T18:18:08Z,2026-07-28T20:18:08+0200,139a36cd-3f66-4469-9ae3-07e849d7273d,2026-07-07T02:30:00Z,2026-07-07T04:30:00+0200,3.04829,MW,DK2,DK_2,actual_solar_generation,Solar,2026-07-28T18:21:33Z
2026-07-28T18:18:08Z,2026-07-28T20:18:08+0200,139a36cd-3f66-4469-9ae3-07e849d7273d,2026-07-07T02:45:00Z,2026-07-07T04:45:00+0200,3.16977,MW,DK2,DK_2,actual_solar_generation,Solar,2026-07-28T18:21:33Z
2026-07-28T18:18:08Z,2026-07-28T20:18:08+0200,139a36cd-3f66-4469-9ae3-07e849d7273d,2026-07-07T03:00:00Z,2026-07-07T05:00:00+0200,3.74398,MW,DK2,DK_2,actual_solar_generation,Solar,2026-07-28T18:21:33Z
2026-07-28T18:18:08Z,2026-07-28T20:18:08+0200,139a36cd-3f66-4469-9ae3-07e849d7273d,2026-07-07T03:15:00Z,2026-07-07T05:15:00+0200,7.83109,MW,DK2,DK_2,actual_solar_generation,Solar,2026-07-28T18:21:33Z
2026-07-28T18:18:08Z,2026-07-28T20:18:08+0200,139a36cd-3f66-4469-9ae3-07e849d7273d,2026-07-07T03:30:00Z,2026-07-07T05:30:00+0200,13.6637,MW,DK2,DK_2,actual_solar_generation,Solar,2026-07-28T18:21:33Z
2026-07-28T18:18:08Z,2026-07-28T20:18:08+0200,139a36cd-3f66-4469-9ae3-07e849d7273d,2026-07-07T03:45:00Z,2026-07-07T05:45:00+0200,20.7184,MW,DK2,DK_2,actual_solar_generation,Solar,2026-07-28T18:21:33Z
2026-07-28T18:18:08Z,2026-07-28T20:18:08+0200,139a36cd-3f66-4469-9ae3-07e849d7273d,2026-07-07T04:00:00Z,2026-07-07T06:00:00+0200,31.1536,MW,DK2,DK_2,actual_solar_generation,Solar,2026-07-28T18:21:33Z
2026-07-28T18:18:08Z,2026-07-28T20:18:08+0200,139a36cd-3f66-4469-9ae3-07e849d7273d,2026-07-07T04:15:00Z,2026-07-07T06:15:00+0200,34.0736,MW,DK2,DK_2,actual_solar_generation,Solar,2026-07-28T18:21:33Z
2026-07-28T18:18:08Z,2026-07-28T20:18:08+0200,139a36cd-3f66-4469-9ae3-07e849d7273d,2026-07-07T04:30:00Z,2026-07-07T06:30:00+0200,36.9466,MW,DK2,DK_2,actual_solar_generation,Solar,2026-07-28T18:21:33Z
2026-07-28T18:18:08Z,2026-07-28T20:18:08+0200,139a36cd-3f66-4469-9ae3-07e849d7273d,2026-07-07T04:45:00Z,2026-07-07T06:45:00+0200,45.346,MW,DK2,DK_2,actual_solar_generation,Solar,2026-07-28T18:21:33Z
2026-07-28T18:18:08Z,2026-07-28T20:18:08+0200,139a36cd-3f66-4469-9ae3-07e849d7273d,2026-07-07T05:00:00Z,2026-07-07T07:00:00+0200,51.5678,MW,DK2,DK_2,actual_solar_generation,Solar,2026-07-28T18:21:33Z
2026-07-28T18:18:08Z,2026-07-28T20:18:08+0200,139a36cd-3f66-4469-9ae3-07e849d7273d,2026-07-07T05:15:00Z,2026-07-07T07:15:00+0200,46.1718,MW,DK2,DK_2,actual_solar_generation,Solar,2026-07-28T18:21:33Z
2026-07-28T18:18:08Z,2026-07-28T20:18:08+0200,139a36cd-3f66-4469-9ae3-07e849d7273d,2026-07-07T05:30:00Z,2026-07-07T07:30:00+0200,45.5993,MW,DK2,DK_2,actual_solar_generation,Solar,2026-07-28T18:21:33Z
2026-07-28T18:18:08Z,2026-07-28T20:18:08+0200,139a36cd-3f66-4469-9ae3-07e849d7273d,2026-07-07T05:45:00Z,2026-07-07T07:45:00+0200,50.9241,MW,DK2,DK_2,actual_solar_generation,Solar,2026-07-28T18:21:33Z
2026-07-28T18:18:08Z,2026-07-28T20:18:08+0200,139a36cd-3f66-4469-9ae3-07e849d7273d,2026-07-07T06:00:00Z,2026-07-07T08:00:00+0200,67.0505,MW,DK2,DK_2,actual_solar_generation,Solar,2026-07-28T18:21:33Z
2026-07-28T18:18:08Z,2026-07-28T20:18:08+0200,139a36cd-3f66-4469-9ae3-07e849d7273d,2026-07-07T06:15:00Z,2026-07-07T08:15:00+0200,75.5553,MW,DK2,DK_2,actual_solar_generation,Solar,2026-07-28T18:21:33Z
2026-07-28T18:18:08Z,2026-07-28T20:18:08+0200,139a36cd-3f66-4469-9ae3-07e849d7273d,2026-07-07T06:30:00Z,2026-07-07T08:30:00+0200,111.121,MW,DK2,DK_2,actual_solar_generation,Solar,2026-07-28T18:21:33Z
2026-07-28T18:18:08Z,2026-07-28T20:18:08+0200,139a36cd-3f66-4469-9ae3-07e849d7273d,2026-07-07T06:45:00Z,2026-07-07T08:45:00+0200,150.394,MW,DK2,DK_2,actual_solar_generation,Solar,2026-07-28T18:21:33Z
2026-07-28T18:18:08Z,2026-07-28T20:18:08+0200,139a36cd-3f66-4469-9ae3-07e849d7273d,2026-07-07T07:00:00Z,2026-07-07T09:00:00+0200,190.377,MW,DK2,DK_2,actual_solar_generation,Solar,2026-07-28T18:21:33Z
2026-07-28T18:18:08Z,2026-07-28T20:18:08+0200,139a36cd-3f66-4469-9ae3-07e849d7273d,2026-07-07T07:15:00Z,2026-07-07T09:15:00+0200,221.342,MW,DK2,DK_2,actual_solar_generation,Solar,2026-07-28T18:21:33Z
2026-07-28T18:18:08Z,2026-07-28T20:18:08+0200,139a36cd-3f66-4469-9ae3-07e849d7273d,2026-07-07T07:30:00Z,2026-07-07T09:30:00+0200,229.764,MW,DK2,DK_2,actual_solar_generation,Solar,2026-07-28T18:21:33Z
2026-07-28T18:18:08Z,2026-07-28T20:18:08+0200,139a36cd-3f66-4469-9ae3-07e849d7273d,2026-07-07T07:45:00Z,2026-07-07T09:45:00+0200,219.422,MW,DK2,DK_2,actual_solar_generation,Solar,2026-07-28T18:21:33Z
2026-07-28T18:18:08Z,2026-07-28T20:18:08+0200,139a36cd-3f66-4469-9ae3-07e849d7273d,2026-07-07T08:00:00Z,2026-07-07T10:00:00+0200,218.973,MW,DK2,DK_2,actual_solar_generation,Solar,2026-07-28T18:21:33Z
2026-07-28T18:18:08Z,2026-07-28T20:18:08+0200,139a36cd-3f66-4469-9ae3-07e849d7273d,2026-07-07T08:15:00Z,2026-07-07T10:15:00+0200,234.584,MW,DK2,DK_2,actual_solar_generation,Solar,2026-07-28T18:21:33Z
2026-07-28T18:18:08Z,2026-07-28T20:18:08+0200,139a36cd-3f66-4469-9ae3-07e849d7273d,2026-07-07T08:30:00Z,2026-07-07T10:30:00+0200,243.079,MW,DK2,DK_2,actual_solar_generation,Solar,2026-07-28T18:21:33Z
2026-07-28T18:18:08Z,2026-07-28T20:18:08+0200,139a36cd-3f66-4469-9ae3-07e849d7273d,2026-07-07T08:45:00Z,2026-07-07T10:45:00+0200,308.419,MW,DK2,DK_2,actual_solar_generation,Solar,2026-07-28T18:21:33Z
2026-07-28T18:18:08Z,2026-07-28T20:18:08+0200,139a36cd-3f66-4469-9ae3-07e849d7273d,2026-07-07T09:00:00Z,2026-07-07T11:00:00+0200,335.15,MW,DK2,DK_2,actual_solar_generation,Solar,2026-07-28T18:21:33Z
2026-07-28T18:18:08Z,2026-07-28T20:18:08+0200,139a36cd-3f66-4469-9ae3-07e849d7273d,2026-07-07T09:15:00Z,2026-07-07T11:15:00+0200,334.353,MW,DK2,DK_2,actual_solar_generation,Solar,2026-07-28T18:21:33Z
2026-07-28T18:18:08Z,2026-07-28T20:18:08+0200,139a36cd-3f66-4469-9ae3-07e849d7273d,2026-07-07T09:30:00Z,2026-07-07T11:30:00+0200,389.437,MW,DK2,DK_2,actual_solar_generation,Solar,2026-07-28T18:21:33Z
2026-07-28T18:18:08Z,2026-07-28T20:18:08+0200,139a36cd-3f66-4469-9ae3-07e849d7273d,2026-07-07T09:45:00Z,2026-07-07T11:45:00+0200,395.999,MW,DK2,DK_2,actual_solar_generation,Solar,2026-07-28T18:21:33Z
2026-07-28T18:18:08Z,2026-07-28T20:18:08+0200,139a36cd-3f66-4469-9ae3-07e849d7273d,2026-07-07T10:00:00Z,2026-07-07T12:00:00+0200,450.943,MW,DK2,DK_2,actual_solar_generation,Solar,2026-07-28T18:21:33Z
2026-07-28T18:18:08Z,2026-07-28T20:18:08+0200,139a36cd-3f66-4469-9ae3-07e849d7273d,2026-07-07T10:15:00Z,2026-07-07T12:15:00+0200,461.137,MW,DK2,DK_2,actual_solar_generation,Solar,2026-07-28T18:21:33Z
2026-07-28T18:18:08Z,2026-07-28T20:18:08+0200,139a36cd-3f66-4469-9ae3-07e849d7273d,2026-07-07T10:30:00Z,2026-07-07T12:30:00+0200,477.385,MW,DK2,DK_2,actual_solar_generation,Solar,2026-07-28T18:21:33Z
2026-07-28T18:18:08Z,2026-07-28T20:18:08+0200,139a36cd-3f66-4469-9ae3-07e849d7273d,2026-07-07T10:45:00Z,2026-07-07T12:45:00+0200,456.493,MW,DK2,DK_2,actual_solar_generation,Solar,2026-07-28T18:21:33Z
2026-07-28T18:18:08Z,2026-07-28T20:18:08+0200,139a36cd-3f66-4469-9ae3-07e849d7273d,2026-07-07T11:00:00Z,2026-07-07T13:00:00+0200,399.68,MW,DK2,DK_2,actual_solar_generation,Solar,2026-07-28T18:21:33Z
2026-07-28T18:18:08Z,2026-07-28T20:18:08+0200,139a36cd-3f66-4469-9ae3-07e849d7273d,2026-07-07T11:15:00Z,2026-07-07T13:15:00+0200,382.654,MW,DK2,DK_2,actual_solar_generation,Solar,2026-07-28T18:21:33Z
2026-07-28T18:18:08Z,2026-07-28T20:18:08+0200,139a36cd-3f66-4469-9ae3-07e849d7273d,2026-07-07T11:30:00Z,2026-07-07T13:30:00+0200,356.694,MW,DK2,DK_2,actual_solar_generation,Solar,2026-07-28T18:21:33Z
2026-07-28T18:18:08Z,2026-07-28T20:18:08+0200,139a36cd-3f66-4469-9ae3-07e849d7273d,2026-07-07T11:45:00Z,2026-07-07T13:45:00+0200,347.127,MW,DK2,DK_2,actual_solar_generation,Solar,2026-07-28T18:21:33Z
2026-07-28T18:18:08Z,2026-07-28T20:18:08+0200,139a36cd-3f66-4469-9ae3-07e849d7273d,2026-07-07T12:00:00Z,2026-07-07T14:00:00+0200,314.362,MW,DK2,DK_2,actual_solar_generation,Solar,2026-07-28T18:21:33Z
2026-07-28T18:18:08Z,2026-07-28T20:18:08+0200,139a36cd-3f66-4469-9ae3-07e849d7273d,2026-07-07T12:15:00Z,2026-07-07T14:15:00+0200,257.888,MW,DK2,DK_2,actual_solar_generation,Solar,2026-07-28T18:21:33Z
2026-07-28T18:18:08Z,2026-07-28T20:18:08+0200,139a36cd-3f66-4469-9ae3-07e849d7273d,2026-07-07T12:30:00Z,2026-07-07T14:30:00+0200,276.091,MW,DK2,DK_2,actual_solar_generation,Solar,2026-07-28T18:21:33Z
2026-07-28T18:18:08Z,2026-07-28T20:18:08+0200,139a36cd-3f66-4469-9ae3-07e849d7273d,2026-07-07T12:45:00Z,2026-07-07T14:45:00+0200,323.504,MW,DK2,DK_2,actual_solar_generation,Solar,2026-07-28T18:21:33Z
2026-07-28T18:18:08Z,2026-07-28T20:18:08+0200,139a36cd-3f66-4469-9ae3-07e849d7273d,2026-07-07T13:00:00Z,2026-07-07T15:00:00+0200,385.384,MW,DK2,DK_2,actual_solar_generation,Solar,2026-07-28T18:21:33Z
2026-07-28T18:18:08Z,2026-07-28T20:18:08+0200,139a36cd-3f66-4469-9ae3-07e849d7273d,2026-07-07T13:15:00Z,2026-07-07T15:15:00+0200,369.071,MW,DK2,DK_2,actual_solar_generation,Solar,2026-07-28T18:21:33Z
2026-07-28T18:18:08Z,2026-07-28T20:18:08+0200,139a36cd-3f66-4469-9ae3-07e849d7273d,2026-07-07T13:30:00Z,2026-07-07T15:30:00+0200,422.767,MW,DK2,DK_2,actual_solar_generation,Solar,2026-07-28T18:21:33Z
2026-07-28T18:18:08Z,2026-07-28T20:18:08+0200,139a36cd-3f66-4469-9ae3-07e849d7273d,2026-07-07T13:45:00Z,2026-07-07T15:45:00+0200,441.526,MW,DK2,DK_2,actual_solar_generation,Solar,2026-07-28T18:21:33Z
2026-07-28T18:18:08Z,2026-07-28T20:18:08+0200,139a36cd-3f66-4469-9ae3-07e849d7273d,2026-07-07T14:00:00Z,2026-07-07T16:00:00+0200,491.323,MW,DK2,DK_2,actual_solar_generation,Solar,2026-07-28T18:21:33Z
2026-07-28T18:18:08Z,2026-07-28T20:18:08+0200,139a36cd-3f66-4469-9ae3-07e849d7273d,2026-07-07T14:15:00Z,2026-07-07T16:15:00+0200,510.751,MW,DK2,DK_2,actual_solar_generation,Solar,2026-07-28T18:21:33Z
2026-07-28T18:18:08Z,2026-07-28T20:18:08+0200,139a36cd-3f66-4469-9ae3-07e849d7273d,2026-07-07T14:30:00Z,2026-07-07T16:30:00+0200,507.685,MW,DK2,DK_2,actual_solar_generation,Solar,2026-07-28T18:21:33Z
2026-07-28T18:18:08Z,2026-07-28T20:18:08+0200,139a36cd-3f66-4469-9ae3-07e849d7273d,2026-07-07T14:45:00Z,2026-07-07T16:45:00+0200,528.92,MW,DK2,DK_2,actual_solar_generation,Solar,2026-07-28T18:21:33Z
2026-07-28T18:18:08Z,2026-07-28T20:18:08+0200,139a36cd-3f66-4469-9ae3-07e849d7273d,2026-07-07T15:00:00Z,2026-07-07T17:00:00+0200,542.28,MW,DK2,DK_2,actual_solar_generation,Solar,2026-07-28T18:21:33Z
2026-07-28T18:18:08Z,2026-07-28T20:18:08+0200,139a36cd-3f66-4469-9ae3-07e849d7273d,2026-07-07T15:15:00Z,2026-07-07T17:15:00+0200,633.809,MW,DK2,DK_2,actual_solar_generation,Solar,2026-07-28T18:21:33Z
2026-07-28T18:18:08Z,2026-07-28T20:18:08+0200,139a36cd-3f66-4469-9ae3-07e849d7273d,2026-07-07T15:30:00Z,2026-07-07T17:30:00+0200,646.835,MW,DK2,DK_2,actual_solar_generation,Solar,2026-07-28T18:21:33Z
2026-07-28T18:18:08Z,2026-07-28T20:18:08+0200,139a36cd-3f66-4469-9ae3-07e849d7273d,2026-07-07T15:45:00Z,2026-07-07T17:45:00+0200,512.47,MW,DK2,DK_2,actual_solar_generation,Solar,2026-07-28T18:21:33Z
2026-07-28T18:18:08Z,2026-07-28T20:18:08+0200,139a36cd-3f66-4469-9ae3-07e849d7273d,2026-07-07T16:00:00Z,2026-07-07T18:00:00+0200,515.561,MW,DK2,DK_2,actual_solar_generation,Solar,2026-07-28T18:21:33Z
2026-07-28T18:18:08Z,2026-07-28T20:18:08+0200,139a36cd-3f66-4469-9ae3-07e849d7273d,2026-07-07T16:15:00Z,2026-07-07T18:15:00+0200,489.442,MW,DK2,DK_2,actual_solar_generation,Solar,2026-07-28T18:21:33Z
2026-07-28T18:18:08Z,2026-07-28T20:18:08+0200,139a36cd-3f66-4469-9ae3-07e849d7273d,2026-07-07T16:30:00Z,2026-07-07T18:30:00+0200,461.898,MW,DK2,DK_2,actual_solar_generation,Solar,2026-07-28T18:21:33Z
2026-07-28T18:18:08Z,2026-07-28T20:18:08+0200,139a36cd-3f66-4469-9ae3-07e849d7273d,2026-07-07T16:45:00Z,2026-07-07T18:45:00+0200,364.109,MW,DK2,DK_2,actual_solar_generation,Solar,2026-07-28T18:21:33Z
2026-07-28T18:18:08Z,2026-07-28T20:18:08+0200,139a36cd-3f66-4469-9ae3-07e849d7273d,2026-07-07T17:00:00Z,2026-07-07T19:00:00+0200,290.711,MW,DK2,DK_2,actual_solar_generation,Solar,2026-07-28T18:21:33Z
2026-07-28T18:18:08Z,2026-07-28T20:18:08+0200,139a36cd-3f66-4469-9ae3-07e849d7273d,2026-07-07T17:15:00Z,2026-07-07T19:15:00+0200,265.169,MW,DK2,DK_2,actual_solar_generation,Solar,2026-07-28T18:21:33Z
2026-07-28T18:18:08Z,2026-07-28T20:18:08+0200,139a36cd-3f66-4469-9ae3-07e849d7273d,2026-07-07T17:30:00Z,2026-07-07T19:30:00+0200,217.813,MW,DK2,DK_2,actual_solar_generation,Solar,2026-07-28T18:21:33Z
2026-07-28T18:18:08Z,2026-07-28T20:18:08+0200,139a36cd-3f66-4469-9ae3-07e849d7273d,2026-07-07T17:45:00Z,2026-07-07T19:45:00+0200,161.207,MW,DK2,DK_2,actual_solar_generation,Solar,2026-07-28T18:21:33Z
2026-07-28T18:18:08Z,2026-07-28T20:18:08+0200,139a36cd-3f66-4469-9ae3-07e849d7273d,2026-07-07T18:00:00Z,2026-07-07T20:00:00+0200,122.226,MW,DK2,DK_2,actual_solar_generation,Solar,2026-07-28T18:21:33Z
2026-07-28T18:18:08Z,2026-07-28T20:18:08+0200,139a36cd-3f66-4469-9ae3-07e849d7273d,2026-07-07T18:15:00Z,2026-07-07T20:15:00+0200,93.1295,MW,DK2,DK_2,actual_solar_generation,Solar,2026-07-28T18:21:33Z
2026-07-28T18:18:08Z,2026-07-28T20:18:08+0200,139a36cd-3f66-4469-9ae3-07e849d7273d,2026-07-07T18:30:00Z,2026-07-07T20:30:00+0200,78.9447,MW,DK2,DK_2,actual_solar_generation,Solar,2026-07-28T18:21:33Z
2026-07-28T18:18:08Z,2026-07-28T20:18:08+0200,139a36cd-3f66-4469-9ae3-07e849d7273d,2026-07-07T18:45:00Z,2026-07-07T20:45:00+0200,51.7952,MW,DK2,DK_2,actual_solar_generation,Solar,2026-07-28T18:21:33Z
2026-07-28T18:18:08Z,2026-07-28T20:18:08+0200,139a36cd-3f66-4469-9ae3-07e849d7273d,2026-07-07T19:00:00Z,2026-07-07T21:00:00+0200,35.3808,MW,DK2,DK_2,actual_solar_generation,Solar,2026-07-28T18:21:33Z
2026-07-28T18:18:08Z,2026-07-28T20:18:08+0200,139a36cd-3f66-4469-9ae3-07e849d7273d,2026-07-07T19:15:00Z,2026-07-07T21:15:00+0200,23.5541,MW,DK2,DK_2,actual_solar_generation,Solar,2026-07-28T18:21:33Z
2026-07-28T18:18:08Z,2026-07-28T20:18:08+0200,139a36cd-3f66-4469-9ae3-07e849d7273d,2026-07-07T19:30:00Z,2026-07-07T21:30:00+0200,13.4543,MW,DK2,DK_2,actual_solar_generation,Solar,2026-07-28T18:21:33Z
2026-07-28T18:18:08Z,2026-07-28T20:18:08+0200,139a36cd-3f66-4469-9ae3-07e849d7273d,2026-07-07T19:45:00Z,2026-07-07T21:45:00+0200,6.26024,MW,DK2,DK_2,actual_solar_generation,Solar,2026-07-28T18:21:33Z
2026-07-28T18:18:08Z,2026-07-28T20:18:08+0200,139a36cd-3f66-4469-9ae3-07e849d7273d,2026-07-07T20:00:00Z,2026-07-07T22:00:00+0200,3.02618,MW,DK2,DK_2,actual_solar_generation,Solar,2026-07-28T18:21:33Z
2026-07-28T18:18:08Z,2026-07-28T20:18:08+0200,139a36cd-3f66-4469-9ae3-07e849d7273d,2026-07-07T20:15:00Z,2026-07-07T22:15:00+0200,2.77406,MW,DK2,DK_2,actual_solar_generation,Solar,2026-07-28T18:21:33Z
2026-07-28T18:18:08Z,2026-07-28T20:18:08+0200,139a36cd-3f66-4469-9ae3-07e849d7273d,2026-07-07T20:30:00Z,2026-07-07T22:30:00+0200,2.99861,MW,DK2,DK_2,actual_solar_generation,Solar,2026-07-28T18:21:33Z
2026-07-28T18:18:08Z,2026-07-28T20:18:08+0200,139a36cd-3f66-4469-9ae3-07e849d7273d,2026-07-07T20:45:00Z,2026-07-07T22:45:00+0200,3.05978,MW,DK2,DK_2,actual_solar_generation,Solar,2026-07-28T18:21:33Z
2026-07-28T18:18:08Z,2026-07-28T20:18:08+0200,139a36cd-3f66-4469-9ae3-07e849d7273d,2026-07-07T21:00:00Z,2026-07-07T23:00:00+0200,3.10386,MW,DK2,DK_2,actual_solar_generation,Solar,2026-07-28T18:21:33Z
2026-07-28T18:18:08Z,2026-07-28T20:18:08+0200,139a36cd-3f66-4469-9ae3-07e849d7273d,2026-07-07T21:15:00Z,2026-07-07T23:15:00+0200,3.14523,MW,DK2,DK_2,actual_solar_generation,Solar,2026-07-28T18:21:33Z
2026-07-28T18:18:08Z,2026-07-28T20:18:08+0200,139a36cd-3f66-4469-9ae3-07e849d7273d,2026-07-07T21:30:00Z,2026-07-07T23:30:00+0200,3.06091,MW,DK2,DK_2,actual_solar_generation,Solar,2026-07-28T18:21:33Z
2026-07-28T18:18:08Z,2026-07-28T20:18:08+0200,139a36cd-3f66-4469-9ae3-07e849d7273d,2026-07-07T21:45:00Z,2026-07-07T23:45:00+0200,3.06499,MW,DK2,DK_2,actual_solar_generation,Solar,2026-07-28T18:21:33Z
2026-07-28T18:18:08Z,2026-07-28T20:18:08+0200,139a36cd-3f66-4469-9ae3-07e849d7273d,2026-07-07T22:00:00Z,2026-07-08T00:00:00+0200,3.10875,MW,DK2,DK_2,actual_solar_generation,Solar,2026-07-28T18:21:33Z
2026-07-28T18:18:08Z,2026-07-28T20:18:08+0200,139a36cd-3f66-4469-9ae3-07e849d7273d,2026-07-07T22:15:00Z,2026-07-08T00:15:00+0200,3.08577,MW,DK2,DK_2,actual_solar_generation,Solar,2026-07-28T18:21:33Z
2026-07-28T18:18:08Z,2026-07-28T20:18:08+0200,139a36cd-3f66-4469-9ae3-07e849d7273d,2026-07-07T22:30:00Z,2026-07-08T00:30:00+0200,3.06571,MW,DK2,DK_2,actual_solar_generation,Solar,2026-07-28T18:21:33Z
2026-07-28T18:18:08Z,2026-07-28T20:18:08+0200,139a36cd-3f66-4469-9ae3-07e849d7273d,2026-07-07T22:45:00Z,2026-07-08T00:45:00+0200,3.0862,MW,DK2,DK_2,actual_solar_generation,Solar,2026-07-28T18:21:33Z
2026-07-28T18:18:08Z,2026-07-28T20:18:08+0200,139a36cd-3f66-4469-9ae3-07e849d7273d,2026-07-07T23:00:00Z,2026-07-08T01:00:00+0200,3.08148,MW,DK2,DK_2,actual_solar_generation,Solar,2026-07-28T18:21:33Z
2026-07-28T18:18:08Z,2026-07-28T20:18:08+0200,139a36cd-3f66-4469-9ae3-07e849d7273d,2026-07-07T23:15:00Z,2026-07-08T01:15:00+0200,3.0651,MW,DK2,DK_2,actual_solar_generation,Solar,2026-07-28T18:21:33Z
2026-07-28T18:18:08Z,2026-07-28T20:18:08+0200,139a36cd-3f66-4469-9ae3-07e849d7273d,2026-07-07T23:30:00Z,2026-07-08T01:30:00+0200,3.09245,MW,DK2,DK_2,actual_solar_generation,Solar,2026-07-28T18:21:33Z
2026-07-28T18:18:08Z,2026-07-28T20:18:08+0200,139a36cd-3f66-4469-9ae3-07e849d7273d,2026-07-07T23:45:00Z,2026-07-08T01:45:00+0200,3.09189,MW,DK2,DK_2,actual_solar_generation,Solar,2026-07-28T18:21:33Z
2026-07-28T18:18:08Z,2026-07-28T20:18:08+0200,139a36cd-3f66-4469-9ae3-07e849d7273d,2026-07-08T00:00:00Z,2026-07-08T02:00:00+0200,3.13499,MW,DK2,DK_2,actual_solar_generation,Solar,2026-07-28T18:21:33Z
2026-07-28T18:18:08Z,2026-07-28T20:18:08+0200,139a36cd-3f66-4469-9ae3-07e849d7273d,2026-07-08T00:15:00Z,2026-07-08T02:15:00+0200,3.13524,MW,DK2,DK_2,actual_solar_generation,Solar,2026-07-28T18:21:33Z
2026-07-28T18:18:08Z,2026-07-28T20:18:08+0200,139a36cd-3f66-4469-9ae3-07e849d7273d,2026-07-08T00:30:00Z,2026-07-08T02:30:00+0200,3.11206,MW,DK2,DK_2,actual_solar_generation,Solar,2026-07-28T18:21:33Z
2026-07-28T18:18:08Z,2026-07-28T20:18:08+0200,139a36cd-3f66-4469-9ae3-07e849d7273d,2026-07-08T00:45:00Z,2026-07-08T02:45:00+0200,3.15528,MW,DK2,DK_2,actual_solar_generation,Solar,2026-07-28T18:21:33Z
2026-07-28T18:18:08Z,2026-07-28T20:18:08+0200,139a36cd-3f66-4469-9ae3-07e849d7273d,2026-07-08T01:00:00Z,2026-07-08T03:00:00+0200,3.10385,MW,DK2,DK_2,actual_solar_generation,Solar,2026-07-28T18:21:33Z
2026-07-28T18:18:08Z,2026-07-28T20:18:08+0200,139a36cd-3f66-4469-9ae3-07e849d7273d,2026-07-08T01:15:00Z,2026-07-08T03:15:00+0200,3.0644,MW,DK2,DK_2,actual_solar_generation,Solar,2026-07-28T18:21:33Z
2026-07-28T18:18:08Z,2026-07-28T20:18:08+0200,139a36cd-3f66-4469-9ae3-07e849d7273d,2026-07-08T01:30:00Z,2026-07-08T03:30:00+0200,3.0634,MW,DK2,DK_2,actual_solar_generation,Solar,2026-07-28T18:21:33Z
2026-07-28T18:18:08Z,2026-07-28T20:18:08+0200,139a36cd-3f66-4469-9ae3-07e849d7273d,2026-07-08T01:45:00Z,2026-07-08T03:45:00+0200,3.0855,MW,DK2,DK_2,actual_solar_generation,Solar,2026-07-28T18:21:33Z
2026-07-28T18:18:08Z,2026-07-28T20:18:08+0200,139a36cd-3f66-4469-9ae3-07e849d7273d,2026-07-08T02:00:00Z,2026-07-08T04:00:00+0200,3.11046,MW,DK2,DK_2,actual_solar_generation,Solar,2026-07-28T18:21:33Z
2026-07-28T18:18:08Z,2026-07-28T20:18:08+0200,139a36cd-3f66-4469-9ae3-07e849d7273d,2026-07-08T02:15:00Z,2026-07-08T04:15:00+0200,3.15292,MW,DK2,DK_2,actual_solar_generation,Solar,2026-07-28T18:21:33Z
2026-07-28T18:18:08Z,2026-07-28T20:18:08+0200,139a36cd-3f66-4469-9ae3-07e849d7273d,2026-07-08T02:30:00Z,2026-07-08T04:30:00+0200,3.31005,MW,DK2,DK_2,actual_solar_generation,Solar,2026-07-28T18:21:33Z
2026-07-28T18:18:08Z,2026-07-28T20:18:08+0200,139a36cd-3f66-4469-9ae3-07e849d7273d,2026-07-08T02:45:00Z,2026-07-08T04:45:00+0200,8.67203,MW,DK2,DK_2,actual_solar_generation,Solar,2026-07-28T18:21:33Z
2026-07-28T18:18:08Z,2026-07-28T20:18:08+0200,139a36cd-3f66-4469-9ae3-07e849d7273d,2026-07-08T03:00:00Z,2026-07-08T05:00:00+0200,16.0529,MW,DK2,DK_2,actual_solar_generation,Solar,2026-07-28T18:21:33Z
2026-07-28T18:18:08Z,2026-07-28T20:18:08+0200,139a36cd-3f66-4469-9ae3-07e849d7273d,2026-07-08T03:15:00Z,2026-07-08T05:15:00+0200,27.2012,MW,DK2,DK_2,actual_solar_generation,Solar,2026-07-28T18:21:33Z
2026-07-28T18:18:08Z,2026-07-28T20:18:08+0200,139a36cd-3f66-4469-9ae3-07e849d7273d,2026-07-08T03:30:00Z,2026-07-08T05:30:00+0200,40.3773,MW,DK2,DK_2,actual_solar_generation,Solar,2026-07-28T18:21:33Z
2026-07-28T18:18:08Z,2026-07-28T20:18:08+0200,139a36cd-3f66-4469-9ae3-07e849d7273d,2026-07-08T03:45:00Z,2026-07-08T05:45:00+0200,57.166,MW,DK2,DK_2,actual_solar_generation,Solar,2026-07-28T18:21:33Z
2026-07-28T18:18:08Z,2026-07-28T20:18:08+0200,139a36cd-3f66-4469-9ae3-07e849d7273d,2026-07-08T04:00:00Z,2026-07-08T06:00:00+0200,78.2264,MW,DK2,DK_2,actual_solar_generation,Solar,2026-07-28T18:21:33Z
2026-07-28T18:18:08Z,2026-07-28T20:18:08+0200,139a36cd-3f66-4469-9ae3-07e849d7273d,2026-07-08T04:15:00Z,2026-07-08T06:15:00+0200,104.661,MW,DK2,DK_2,actual_solar_generation,Solar,2026-07-28T18:21:33Z
2026-07-28T18:18:08Z,2026-07-28T20:18:08+0200,139a36cd-3f66-4469-9ae3-07e849d7273d,2026-07-08T04:30:00Z,2026-07-08T06:30:00+0200,138.632,MW,DK2,DK_2,actual_solar_generation,Solar,2026-07-28T18:21:33Z
2026-07-28T18:18:08Z,2026-07-28T20:18:08+0200,139a36cd-3f66-4469-9ae3-07e849d7273d,2026-07-08T04:45:00Z,2026-07-08T06:45:00+0200,182.518,MW,DK2,DK_2,actual_solar_generation,Solar,2026-07-28T18:21:33Z
2026-07-28T18:18:08Z,2026-07-28T20:18:08+0200,139a36cd-3f66-4469-9ae3-07e849d7273d,2026-07-08T05:00:00Z,2026-07-08T07:00:00+0200,236.59,MW,DK2,DK_2,actual_solar_generation,Solar,2026-07-28T18:21:33Z
2026-07-28T18:18:08Z,2026-07-28T20:18:08+0200,139a36cd-3f66-4469-9ae3-07e849d7273d,2026-07-08T05:15:00Z,2026-07-08T07:15:00+0200,296.795,MW,DK2,DK_2,actual_solar_generation,Solar,2026-07-28T18:21:33Z
2026-07-28T18:18:08Z,2026-07-28T20:18:08+0200,139a36cd-3f66-4469-9ae3-07e849d7273d,2026-07-08T05:30:00Z,2026-07-08T07:30:00+0200,362.048,MW,DK2,DK_2,actual_solar_generation,Solar,2026-07-28T18:21:33Z
2026-07-28T18:18:08Z,2026-07-28T20:18:08+0200,139a36cd-3f66-4469-9ae3-07e849d7273d,2026-07-08T05:45:00Z,2026-07-08T07:45:00+0200,428.056,MW,DK2,DK_2,actual_solar_generation,Solar,2026-07-28T18:21:33Z
2026-07-28T18:18:08Z,2026-07-28T20:18:08+0200,139a36cd-3f66-4469-9ae3-07e849d7273d,2026-07-08T06:00:00Z,2026-07-08T08:00:00+0200,495.1,MW,DK2,DK_2,actual_solar_generation,Solar,2026-07-28T18:21:33Z
2026-07-28T18:18:08Z,2026-07-28T20:18:08+0200,139a36cd-3f66-4469-9ae3-07e849d7273d,2026-07-08T06:15:00Z,2026-07-08T08:15:00+0200,582.457,MW,DK2,DK_2,actual_solar_generation,Solar,2026-07-28T18:21:33Z
2026-07-28T18:18:08Z,2026-07-28T20:18:08+0200,139a36cd-3f66-4469-9ae3-07e849d7273d,2026-07-08T06:30:00Z,2026-07-08T08:30:00+0200,633.941,MW,DK2,DK_2,actual_solar_generation,Solar,2026-07-28T18:21:33Z
2026-07-28T18:18:08Z,2026-07-28T20:18:08+0200,139a36cd-3f66-4469-9ae3-07e849d7273d,2026-07-08T06:45:00Z,2026-07-08T08:45:00+0200,660.393,MW,DK2,DK_2,actual_solar_generation,Solar,2026-07-28T18:21:33Z
2026-07-28T18:18:08Z,2026-07-28T20:18:08+0200,139a36cd-3f66-4469-9ae3-07e849d7273d,2026-07-08T07:00:00Z,2026-07-08T09:00:00+0200,738.194,MW,DK2,DK_2,actual_solar_generation,Solar,2026-07-28T18:21:33Z
2026-07-28T18:18:08Z,2026-07-28T20:18:08+0200,139a36cd-3f66-4469-9ae3-07e849d7273d,2026-07-08T07:15:00Z,2026-07-08T09:15:00+0200,795.249,MW,DK2,DK_2,actual_solar_generation,Solar,2026-07-28T18:21:33Z
2026-07-28T18:18:08Z,2026-07-28T20:18:08+0200,139a36cd-3f66-4469-9ae3-07e849d7273d,2026-07-08T07:30:00Z,2026-07-08T09:30:00+0200,825.912,MW,DK2,DK_2,actual_solar_generation,Solar,2026-07-28T18:21:33Z
2026-07-28T18:18:08Z,2026-07-28T20:18:08+0200,139a36cd-3f66-4469-9ae3-07e849d7273d,2026-07-08T07:45:00Z,2026-07-08T09:45:00+0200,818.378,MW,DK2,DK_2,actual_solar_generation,Solar,2026-07-28T18:21:33Z
2026-07-28T18:18:08Z,2026-07-28T20:18:08+0200,139a36cd-3f66-4469-9ae3-07e849d7273d,2026-07-08T08:00:00Z,2026-07-08T10:00:00+0200,906.705,MW,DK2,DK_2,actual_solar_generation,Solar,2026-07-28T18:21:33Z
2026-07-28T18:18:08Z,2026-07-28T20:18:08+0200,139a36cd-3f66-4469-9ae3-07e849d7273d,2026-07-08T08:15:00Z,2026-07-08T10:15:00+0200,904.407,MW,DK2,DK_2,actual_solar_generation,Solar,2026-07-28T18:21:33Z
2026-07-28T18:18:08Z,2026-07-28T20:18:08+0200,139a36cd-3f66-4469-9ae3-07e849d7273d,2026-07-08T08:30:00Z,2026-07-08T10:30:00+0200,940.297,MW,DK2,DK_2,actual_solar_generation,Solar,2026-07-28T18:21:33Z
2026-07-28T18:18:08Z,2026-07-28T20:18:08+0200,139a36cd-3f66-4469-9ae3-07e849d7273d,2026-07-08T08:45:00Z,2026-07-08T10:45:00+0200,984.263,MW,DK2,DK_2,actual_solar_generation,Solar,2026-07-28T18:21:33Z
2026-07-28T18:18:08Z,2026-07-28T20:18:08+0200,139a36cd-3f66-4469-9ae3-07e849d7273d,2026-07-08T09:00:00Z,2026-07-08T11:00:00+0200,1039.28,MW,DK2,DK_2,actual_solar_generation,Solar,2026-07-28T18:21:33Z
2026-07-28T18:18:08Z,2026-07-28T20:18:08+0200,139a36cd-3f66-4469-9ae3-07e849d7273d,2026-07-08T09:15:00Z,2026-07-08T11:15:00+0200,1048.42,MW,DK2,DK_2,actual_solar_generation,Solar,2026-07-28T18:21:33Z
2026-07-28T18:18:08Z,2026-07-28T20:18:08+0200,139a36cd-3f66-4469-9ae3-07e849d7273d,2026-07-08T09:30:00Z,2026-07-08T11:30:00+0200,1086.6,MW,DK2,DK_2,actual_solar_generation,Solar,2026-07-28T18:21:33Z
2026-07-28T18:18:08Z,2026-07-28T20:18:08+0200,139a36cd-3f66-4469-9ae3-07e849d7273d,2026-07-08T09:45:00Z,2026-07-08T11:45:00+0200,1132.61,MW,DK2,DK_2,actual_solar_generation,Solar,2026-07-28T18:21:33Z
2026-07-28T18:18:08Z,2026-07-28T20:18:08+0200,139a36cd-3f66-4469-9ae3-07e849d7273d,2026-07-08T10:00:00Z,2026-07-08T12:00:00+0200,1126.72,MW,DK2,DK_2,actual_solar_generation,Solar,2026-07-28T18:21:33Z
2026-07-28T18:18:08Z,2026-07-28T20:18:08+0200,139a36cd-3f66-4469-9ae3-07e849d7273d,2026-07-08T10:15:00Z,2026-07-08T12:15:00+0200,1133.06,MW,DK2,DK_2,actual_solar_generation,Solar,2026-07-28T18:21:33Z
2026-07-28T18:18:08Z,2026-07-28T20:18:08+0200,139a36cd-3f66-4469-9ae3-07e849d7273d,2026-07-08T10:30:00Z,2026-07-08T12:30:00+0200,1126.83,MW,DK2,DK_2,actual_solar_generation,Solar,2026-07-28T18:21:33Z
2026-07-28T18:18:08Z,2026-07-28T20:18:08+0200,139a36cd-3f66-4469-9ae3-07e849d7273d,2026-07-08T10:45:00Z,2026-07-08T12:45:00+0200,1086.99,MW,DK2,DK_2,actual_solar_generation,Solar,2026-07-28T18:21:33Z
2026-07-28T18:18:08Z,2026-07-28T20:18:08+0200,139a36cd-3f66-4469-9ae3-07e849d7273d,2026-07-08T11:00:00Z,2026-07-08T13:00:00+0200,1060.25,MW,DK2,DK_2,actual_solar_generation,Solar,2026-07-28T18:21:33Z
2026-07-28T18:18:08Z,2026-07-28T20:18:08+0200,139a36cd-3f66-4469-9ae3-07e849d7273d,2026-07-08T11:15:00Z,2026-07-08T13:15:00+0200,942.312,MW,DK2,DK_2,actual_solar_generation,Solar,2026-07-28T18:21:33Z
2026-07-28T18:18:08Z,2026-07-28T20:18:08+0200,139a36cd-3f66-4469-9ae3-07e849d7273d,2026-07-08T11:30:00Z,2026-07-08T13:30:00+0200,979.21,MW,DK2,DK_2,actual_solar_generation,Solar,2026-07-28T18:21:33Z
2026-07-28T18:18:08Z,2026-07-28T20:18:08+0200,139a36cd-3f66-4469-9ae3-07e849d7273d,2026-07-08T11:45:00Z,2026-07-08T13:45:00+0200,934.047,MW,DK2,DK_2,actual_solar_generation,Solar,2026-07-28T18:21:33Z
2026-07-28T18:18:08Z,2026-07-28T20:18:08+0200,139a36cd-3f66-4469-9ae3-07e849d7273d,2026-07-08T12:00:00Z,2026-07-08T14:00:00+0200,856.836,MW,DK2,DK_2,actual_solar_generation,Solar,2026-07-28T18:21:33Z
2026-07-28T18:18:08Z,2026-07-28T20:18:08+0200,139a36cd-3f66-4469-9ae3-07e849d7273d,2026-07-08T12:15:00Z,2026-07-08T14:15:00+0200,833.187,MW,DK2,DK_2,actual_solar_generation,Solar,2026-07-28T18:21:33Z
2026-07-28T18:18:08Z,2026-07-28T20:18:08+0200,139a36cd-3f66-4469-9ae3-07e849d7273d,2026-07-08T12:30:00Z,2026-07-08T14:30:00+0200,918.884,MW,DK2,DK_2,actual_solar_generation,Solar,2026-07-28T18:21:33Z
2026-07-28T18:18:08Z,2026-07-28T20:18:08+0200,139a36cd-3f66-4469-9ae3-07e849d7273d,2026-07-08T12:45:00Z,2026-07-08T14:45:00+0200,926.625,MW,DK2,DK_2,actual_solar_generation,Solar,2026-07-28T18:21:33Z
2026-07-28T18:18:08Z,2026-07-28T20:18:08+0200,139a36cd-3f66-4469-9ae3-07e849d7273d,2026-07-08T13:00:00Z,2026-07-08T15:00:00+0200,851.807,MW,DK2,DK_2,actual_solar_generation,Solar,2026-07-28T18:21:33Z
2026-07-28T18:18:08Z,2026-07-28T20:18:08+0200,139a36cd-3f66-4469-9ae3-07e849d7273d,2026-07-08T13:15:00Z,2026-07-08T15:15:00+0200,779.773,MW,DK2,DK_2,actual_solar_generation,Solar,2026-07-28T18:21:33Z
2026-07-28T18:18:08Z,2026-07-28T20:18:08+0200,139a36cd-3f66-4469-9ae3-07e849d7273d,2026-07-08T13:30:00Z,2026-07-08T15:30:00+0200,853.913,MW,DK2,DK_2,actual_solar_generation,Solar,2026-07-28T18:21:33Z
2026-07-28T18:18:08Z,2026-07-28T20:18:08+0200,139a36cd-3f66-4469-9ae3-07e849d7273d,2026-07-08T13:45:00Z,2026-07-08T15:45:00+0200,819.608,MW,DK2,DK_2,actual_solar_generation,Solar,2026-07-28T18:21:33Z
2026-07-28T18:18:08Z,2026-07-28T20:18:08+0200,139a36cd-3f66-4469-9ae3-07e849d7273d,2026-07-08T14:00:00Z,2026-07-08T16:00:00+0200,740.346,MW,DK2,DK_2,actual_solar_generation,Solar,2026-07-28T18:21:33Z
2026-07-28T18:18:08Z,2026-07-28T20:18:08+0200,139a36cd-3f66-4469-9ae3-07e849d7273d,2026-07-08T14:15:00Z,2026-07-08T16:15:00+0200,700.239,MW,DK2,DK_2,actual_solar_generation,Solar,2026-07-28T18:21:33Z
2026-07-28T18:18:08Z,2026-07-28T20:18:08+0200,139a36cd-3f66-4469-9ae3-07e849d7273d,2026-07-08T14:30:00Z,2026-07-08T16:30:00+0200,750.222,MW,DK2,DK_2,actual_solar_generation,Solar,2026-07-28T18:21:33Z
2026-07-28T18:18:08Z,2026-07-28T20:18:08+0200,139a36cd-3f66-4469-9ae3-07e849d7273d,2026-07-08T14:45:00Z,2026-07-08T16:45:00+0200,709.355,MW,DK2,DK_2,actual_solar_generation,Solar,2026-07-28T18:21:33Z
2026-07-28T18:18:08Z,2026-07-28T20:18:08+0200,139a36cd-3f66-4469-9ae3-07e849d7273d,2026-07-08T15:00:00Z,2026-07-08T17:00:00+0200,712.787,MW,DK2,DK_2,actual_solar_generation,Solar,2026-07-28T18:21:33Z
2026-07-28T18:18:08Z,2026-07-28T20:18:08+0200,139a36cd-3f66-4469-9ae3-07e849d7273d,2026-07-08T15:15:00Z,2026-07-08T17:15:00+0200,652.84,MW,DK2,DK_2,actual_solar_generation,Solar,2026-07-28T18:21:33Z
2026-07-28T18:18:08Z,2026-07-28T20:18:08+0200,139a36cd-3f66-4469-9ae3-07e849d7273d,2026-07-08T15:30:00Z,2026-07-08T17:30:00+0200,610.125,MW,DK2,DK_2,actual_solar_generation,Solar,2026-07-28T18:21:33Z
2026-07-28T18:18:08Z,2026-07-28T20:18:08+0200,139a36cd-3f66-4469-9ae3-07e849d7273d,2026-07-08T15:45:00Z,2026-07-08T17:45:00+0200,564.734,MW,DK2,DK_2,actual_solar_generation,Solar,2026-07-28T18:21:33Z
2026-07-28T18:18:08Z,2026-07-28T20:18:08+0200,139a36cd-3f66-4469-9ae3-07e849d7273d,2026-07-08T16:00:00Z,2026-07-08T18:00:00+0200,509.538,MW,DK2,DK_2,actual_solar_generation,Solar,2026-07-28T18:21:33Z
2026-07-28T18:18:08Z,2026-07-28T20:18:08+0200,139a36cd-3f66-4469-9ae3-07e849d7273d,2026-07-08T16:15:00Z,2026-07-08T18:15:00+0200,452.57,MW,DK2,DK_2,actual_solar_generation,Solar,2026-07-28T18:21:33Z
2026-07-28T18:18:08Z,2026-07-28T20:18:08+0200,139a36cd-3f66-4469-9ae3-07e849d7273d,2026-07-08T16:30:00Z,2026-07-08T18:30:00+0200,434.806,MW,DK2,DK_2,actual_solar_generation,Solar,2026-07-28T18:21:33Z
2026-07-28T18:18:08Z,2026-07-28T20:18:08+0200,139a36cd-3f66-4469-9ae3-07e849d7273d,2026-07-08T16:45:00Z,2026-07-08T18:45:00+0200,376.179,MW,DK2,DK_2,actual_solar_generation,Solar,2026-07-28T18:21:33Z
2026-07-28T18:18:08Z,2026-07-28T20:18:08+0200,139a36cd-3f66-4469-9ae3-07e849d7273d,2026-07-08T17:00:00Z,2026-07-08T19:00:00+0200,320.04,MW,DK2,DK_2,actual_solar_generation,Solar,2026-07-28T18:21:33Z
2026-07-28T18:18:08Z,2026-07-28T20:18:08+0200,139a36cd-3f66-4469-9ae3-07e849d7273d,2026-07-08T17:15:00Z,2026-07-08T19:15:00+0200,262.506,MW,DK2,DK_2,actual_solar_generation,Solar,2026-07-28T18:21:33Z
2026-07-28T18:18:08Z,2026-07-28T20:18:08+0200,139a36cd-3f66-4469-9ae3-07e849d7273d,2026-07-08T17:30:00Z,2026-07-08T19:30:00+0200,215.034,MW,DK2,DK_2,actual_solar_generation,Solar,2026-07-28T18:21:33Z
2026-07-28T18:18:08Z,2026-07-28T20:18:08+0200,139a36cd-3f66-4469-9ae3-07e849d7273d,2026-07-08T17:45:00Z,2026-07-08T19:45:00+0200,160.351,MW,DK2,DK_2,actual_solar_generation,Solar,2026-07-28T18:21:33Z
2026-07-28T18:18:08Z,2026-07-28T20:18:08+0200,139a36cd-3f66-4469-9ae3-07e849d7273d,2026-07-08T18:00:00Z,2026-07-08T20:00:00+0200,123.216,MW,DK2,DK_2,actual_solar_generation,Solar,2026-07-28T18:21:33Z
2026-07-28T18:18:08Z,2026-07-28T20:18:08+0200,139a36cd-3f66-4469-9ae3-07e849d7273d,2026-07-08T18:15:00Z,2026-07-08T20:15:00+0200,104.172,MW,DK2,DK_2,actual_solar_generation,Solar,2026-07-28T18:21:33Z
2026-07-28T18:18:08Z,2026-07-28T20:18:08+0200,139a36cd-3f66-4469-9ae3-07e849d7273d,2026-07-08T18:30:00Z,2026-07-08T20:30:00+0200,77.7724,MW,DK2,DK_2,actual_solar_generation,Solar,2026-07-28T18:21:33Z
2026-07-28T18:18:08Z,2026-07-28T20:18:08+0200,139a36cd-3f66-4469-9ae3-07e849d7273d,2026-07-08T18:45:00Z,2026-07-08T20:45:00+0200,61.9268,MW,DK2,DK_2,actual_solar_generation,Solar,2026-07-28T18:21:33Z
2026-07-28T18:18:08Z,2026-07-28T20:18:08+0200,139a36cd-3f66-4469-9ae3-07e849d7273d,2026-07-08T19:00:00Z,2026-07-08T21:00:00+0200,38.1098,MW,DK2,DK_2,actual_solar_generation,Solar,2026-07-28T18:21:33Z
2026-07-28T18:18:08Z,2026-07-28T20:18:08+0200,139a36cd-3f66-4469-9ae3-07e849d7273d,2026-07-08T19:15:00Z,2026-07-08T21:15:00+0200,23.5659,MW,DK2,DK_2,actual_solar_generation,Solar,2026-07-28T18:21:33Z
2026-07-28T18:18:08Z,2026-07-28T20:18:08+0200,139a36cd-3f66-4469-9ae3-07e849d7273d,2026-07-08T19:30:00Z,2026-07-08T21:30:00+0200,11.483,MW,DK2,DK_2,actual_solar_generation,Solar,2026-07-28T18:21:33Z
2026-07-28T18:18:08Z,2026-07-28T20:18:08+0200,139a36cd-3f66-4469-9ae3-07e849d7273d,2026-07-08T19:45:00Z,2026-07-08T21:45:00+0200,2.74488,MW,DK2,DK_2,actual_solar_generation,Solar,2026-07-28T18:21:33Z
2026-07-28T18:18:08Z,2026-07-28T20:18:08+0200,139a36cd-3f66-4469-9ae3-07e849d7273d,2026-07-08T20:00:00Z,2026-07-08T22:00:00+0200,0.30638,MW,DK2,DK_2,actual_solar_generation,Solar,2026-07-28T18:21:33Z
2026-07-28T18:18:08Z,2026-07-28T20:18:08+0200,139a36cd-3f66-4469-9ae3-07e849d7273d,2026-07-08T20:30:00Z,2026-07-08T22:30:00+0200,0.090066,MW,DK2,DK_2,actual_solar_generation,Solar,2026-07-28T18:21:33Z
2026-07-28T18:18:08Z,2026-07-28T20:18:08+0200,139a36cd-3f66-4469-9ae3-07e849d7273d,2026-07-08T21:00:00Z,2026-07-08T23:00:00+0200,0.146778,MW,DK2,DK_2,actual_solar_generation,Solar,2026-07-28T18:21:33Z
2026-07-28T18:18:08Z,2026-07-28T20:18:08+0200,139a36cd-3f66-4469-9ae3-07e849d7273d,2026-07-09T02:30:00Z,2026-07-09T04:30:00+0200,0.194428,MW,DK2,DK_2,actual_solar_generation,Solar,2026-07-28T18:21:33Z
2026-07-28T18:18:08Z,2026-07-28T20:18:08+0200,139a36cd-3f66-4469-9ae3-07e849d7273d,2026-07-09T02:45:00Z,2026-07-09T04:45:00+0200,4.11574,MW,DK2,DK_2,actual_solar_generation,Solar,2026-07-28T18:21:33Z
2026-07-28T18:18:08Z,2026-07-28T20:18:08+0200,139a36cd-3f66-4469-9ae3-07e849d7273d,2026-07-09T03:00:00Z,2026-07-09T05:00:00+0200,10.9671,MW,DK2,DK_2,actual_solar_generation,Solar,2026-07-28T18:21:33Z
2026-07-28T18:18:08Z,2026-07-28T20:18:08+0200,139a36cd-3f66-4469-9ae3-07e849d7273d,2026-07-09T03:15:00Z,2026-07-09T05:15:00+0200,19.5298,MW,DK2,DK_2,actual_solar_generation,Solar,2026-07-28T18:21:33Z
2026-07-28T18:18:08Z,2026-07-28T20:18:08+0200,139a36cd-3f66-4469-9ae3-07e849d7273d,2026-07-09T03:30:00Z,2026-07-09T05:30:00+0200,32.2101,MW,DK2,DK_2,actual_solar_generation,Solar,2026-07-28T18:21:33Z
2026-07-28T18:18:08Z,2026-07-28T20:18:08+0200,139a36cd-3f66-4469-9ae3-07e849d7273d,2026-07-09T03:45:00Z,2026-07-09T05:45:00+0200,50.4933,MW,DK2,DK_2,actual_solar_generation,Solar,2026-07-28T18:21:33Z
2026-07-28T18:18:08Z,2026-07-28T20:18:08+0200,139a36cd-3f66-4469-9ae3-07e849d7273d,2026-07-09T04:00:00Z,2026-07-09T06:00:00+0200,65.5699,MW,DK2,DK_2,actual_solar_generation,Solar,2026-07-28T18:21:33Z
2026-07-28T18:18:08Z,2026-07-28T20:18:08+0200,139a36cd-3f66-4469-9ae3-07e849d7273d,2026-07-09T04:15:00Z,2026-07-09T06:15:00+0200,85.1135,MW,DK2,DK_2,actual_solar_generation,Solar,2026-07-28T18:21:33Z
2026-07-28T18:18:08Z,2026-07-28T20:18:08+0200,139a36cd-3f66-4469-9ae3-07e849d7273d,2026-07-09T04:30:00Z,2026-07-09T06:30:00+0200,109.656,MW,DK2,DK_2,actual_solar_generation,Solar,2026-07-28T18:21:33Z
2026-07-28T18:18:08Z,2026-07-28T20:18:08+0200,139a36cd-3f66-4469-9ae3-07e849d7273d,2026-07-09T04:45:00Z,2026-07-09T06:45:00+0200,135.363,MW,DK2,DK_2,actual_solar_generation,Solar,2026-07-28T18:21:33Z
2026-07-28T18:18:08Z,2026-07-28T20:18:08+0200,139a36cd-3f66-4469-9ae3-07e849d7273d,2026-07-09T05:00:00Z,2026-07-09T07:00:00+0200,165.915,MW,DK2,DK_2,actual_solar_generation,Solar,2026-07-28T18:21:33Z
2026-07-28T18:18:08Z,2026-07-28T20:18:08+0200,139a36cd-3f66-4469-9ae3-07e849d7273d,2026-07-09T05:15:00Z,2026-07-09T07:15:00+0200,186.656,MW,DK2,DK_2,actual_solar_generation,Solar,2026-07-28T18:21:33Z
2026-07-28T18:18:08Z,2026-07-28T20:18:08+0200,139a36cd-3f66-4469-9ae3-07e849d7273d,2026-07-09T05:30:00Z,2026-07-09T07:30:00+0200,231.819,MW,DK2,DK_2,actual_solar_generation,Solar,2026-07-28T18:21:33Z
2026-07-28T18:18:08Z,2026-07-28T20:18:08+0200,139a36cd-3f66-4469-9ae3-07e849d7273d,2026-07-09T05:45:00Z,2026-07-09T07:45:00+0200,216.503,MW,DK2,DK_2,actual_solar_generation,Solar,2026-07-28T18:21:33Z
2026-07-28T18:18:08Z,2026-07-28T20:18:08+0200,139a36cd-3f66-4469-9ae3-07e849d7273d,2026-07-09T06:00:00Z,2026-07-09T08:00:00+0200,227.815,MW,DK2,DK_2,actual_solar_generation,Solar,2026-07-28T18:21:33Z
2026-07-28T18:18:08Z,2026-07-28T20:18:08+0200,139a36cd-3f66-4469-9ae3-07e849d7273d,2026-07-09T06:15:00Z,2026-07-09T08:15:00+0200,264.902,MW,DK2,DK_2,actual_solar_generation,Solar,2026-07-28T18:21:33Z
2026-07-28T18:18:08Z,2026-07-28T20:18:08+0200,139a36cd-3f66-4469-9ae3-07e849d7273d,2026-07-09T06:30:00Z,2026-07-09T08:30:00+0200,300.032,MW,DK2,DK_2,actual_solar_generation,Solar,2026-07-28T18:21:33Z
2026-07-28T18:18:08Z,2026-07-28T20:18:08+0200,139a36cd-3f66-4469-9ae3-07e849d7273d,2026-07-09T06:45:00Z,2026-07-09T08:45:00+0200,354.501,MW,DK2,DK_2,actual_solar_generation,Solar,2026-07-28T18:21:33Z
2026-07-28T18:18:08Z,2026-07-28T20:18:08+0200,139a36cd-3f66-4469-9ae3-07e849d7273d,2026-07-09T07:00:00Z,2026-07-09T09:00:00+0200,416.281,MW,DK2,DK_2,actual_solar_generation,Solar,2026-07-28T18:21:33Z
2026-07-28T18:18:08Z,2026-07-28T20:18:08+0200,139a36cd-3f66-4469-9ae3-07e849d7273d,2026-07-09T07:15:00Z,2026-07-09T09:15:00+0200,466.185,MW,DK2,DK_2,actual_solar_generation,Solar,2026-07-28T18:21:33Z
2026-07-28T18:18:08Z,2026-07-28T20:18:08+0200,139a36cd-3f66-4469-9ae3-07e849d7273d,2026-07-09T07:30:00Z,2026-07-09T09:30:00+0200,527.236,MW,DK2,DK_2,actual_solar_generation,Solar,2026-07-28T18:21:33Z
2026-07-28T18:18:08Z,2026-07-28T20:18:08+0200,139a36cd-3f66-4469-9ae3-07e849d7273d,2026-07-09T07:45:00Z,2026-07-09T09:45:00+0200,625.354,MW,DK2,DK_2,actual_solar_generation,Solar,2026-07-28T18:21:33Z
2026-07-28T18:18:08Z,2026-07-28T20:18:08+0200,139a36cd-3f66-4469-9ae3-07e849d7273d,2026-07-09T08:00:00Z,2026-07-09T10:00:00+0200,702.143,MW,DK2,DK_2,actual_solar_generation,Solar,2026-07-28T18:21:33Z
2026-07-28T18:18:08Z,2026-07-28T20:18:08+0200,139a36cd-3f66-4469-9ae3-07e849d7273d,2026-07-09T08:15:00Z,2026-07-09T10:15:00+0200,751.472,MW,DK2,DK_2,actual_solar_generation,Solar,2026-07-28T18:21:33Z
2026-07-28T18:18:08Z,2026-07-28T20:18:08+0200,139a36cd-3f66-4469-9ae3-07e849d7273d,2026-07-09T08:30:00Z,2026-07-09T10:30:00+0200,831.879,MW,DK2,DK_2,actual_solar_generation,Solar,2026-07-28T18:21:33Z
2026-07-28T18:18:08Z,2026-07-28T20:18:08+0200,139a36cd-3f66-4469-9ae3-07e849d7273d,2026-07-09T08:45:00Z,2026-07-09T10:45:00+0200,889.216,MW,DK2,DK_2,actual_solar_generation,Solar,2026-07-28T18:21:33Z
2026-07-28T18:18:08Z,2026-07-28T20:18:08+0200,139a36cd-3f66-4469-9ae3-07e849d7273d,2026-07-09T09:00:00Z,2026-07-09T11:00:00+0200,954.1,MW,DK2,DK_2,actual_solar_generation,Solar,2026-07-28T18:21:33Z
2026-07-28T18:18:08Z,2026-07-28T20:18:08+0200,139a36cd-3f66-4469-9ae3-07e849d7273d,2026-07-09T09:15:00Z,2026-07-09T11:15:00+0200,1016.28,MW,DK2,DK_2,actual_solar_generation,Solar,2026-07-28T18:21:33Z
2026-07-28T18:18:08Z,2026-07-28T20:18:08+0200,139a36cd-3f66-4469-9ae3-07e849d7273d,2026-07-09T09:30:00Z,2026-07-09T11:30:00+0200,1051.94,MW,DK2,DK_2,actual_solar_generation,Solar,2026-07-28T18:21:33Z
2026-07-28T18:18:08Z,2026-07-28T20:18:08+0200,139a36cd-3f66-4469-9ae3-07e849d7273d,2026-07-09T09:45:00Z,2026-07-09T11:45:00+0200,1083.62,MW,DK2,DK_2,actual_solar_generation,Solar,2026-07-28T18:21:33Z
2026-07-28T18:18:08Z,2026-07-28T20:18:08+0200,139a36cd-3f66-4469-9ae3-07e849d7273d,2026-07-09T10:00:00Z,2026-07-09T12:00:00+0200,1122.11,MW,DK2,DK_2,actual_solar_generation,Solar,2026-07-28T18:21:33Z
2026-07-28T18:18:08Z,2026-07-28T20:18:08+0200,139a36cd-3f66-4469-9ae3-07e849d7273d,2026-07-09T10:15:00Z,2026-07-09T12:15:00+0200,1131.35,MW,DK2,DK_2,actual_solar_generation,Solar,2026-07-28T18:21:33Z
2026-07-28T18:18:08Z,2026-07-28T20:18:08+0200,139a36cd-3f66-4469-9ae3-07e849d7273d,2026-07-09T10:30:00Z,2026-07-09T12:30:00+0200,1149.56,MW,DK2,DK_2,actual_solar_generation,Solar,2026-07-28T18:21:33Z
2026-07-28T18:18:08Z,2026-07-28T20:18:08+0200,139a36cd-3f66-4469-9ae3-07e849d7273d,2026-07-09T10:45:00Z,2026-07-09T12:45:00+0200,1152.63,MW,DK2,DK_2,actual_solar_generation,Solar,2026-07-28T18:21:33Z
2026-07-28T18:18:08Z,2026-07-28T20:18:08+0200,139a36cd-3f66-4469-9ae3-07e849d7273d,2026-07-09T11:00:00Z,2026-07-09T13:00:00+0200,1154.07,MW,DK2,DK_2,actual_solar_generation,Solar,2026-07-28T18:21:33Z
2026-07-28T18:18:08Z,2026-07-28T20:18:08+0200,139a36cd-3f66-4469-9ae3-07e849d7273d,2026-07-09T11:15:00Z,2026-07-09T13:15:00+0200,1145.63,MW,DK2,DK_2,actual_solar_generation,Solar,2026-07-28T18:21:33Z
2026-07-28T18:18:08Z,2026-07-28T20:18:08+0200,139a36cd-3f66-4469-9ae3-07e849d7273d,2026-07-09T11:30:00Z,2026-07-09T13:30:00+0200,1159.66,MW,DK2,DK_2,actual_solar_generation,Solar,2026-07-28T18:21:33Z
2026-07-28T18:18:08Z,2026-07-28T20:18:08+0200,139a36cd-3f66-4469-9ae3-07e849d7273d,2026-07-09T11:45:00Z,2026-07-09T13:45:00+0200,1156.58,MW,DK2,DK_2,actual_solar_generation,Solar,2026-07-28T18:21:33Z
2026-07-28T18:18:08Z,2026-07-28T20:18:08+0200,139a36cd-3f66-4469-9ae3-07e849d7273d,2026-07-09T12:00:00Z,2026-07-09T14:00:00+0200,1144.43,MW,DK2,DK_2,actual_solar_generation,Solar,2026-07-28T18:21:33Z
2026-07-28T18:18:08Z,2026-07-28T20:18:08+0200,139a36cd-3f66-4469-9ae3-07e849d7273d,2026-07-09T12:15:00Z,2026-07-09T14:15:00+0200,1149.83,MW,DK2,DK_2,actual_solar_generation,Solar,2026-07-28T18:21:33Z
2026-07-28T18:18:08Z,2026-07-28T20:18:08+0200,139a36cd-3f66-4469-9ae3-07e849d7273d,2026-07-09T12:30:00Z,2026-07-09T14:30:00+0200,1140.53,MW,DK2,DK_2,actual_solar_generation,Solar,2026-07-28T18:21:33Z
2026-07-28T18:18:08Z,2026-07-28T20:18:08+0200,139a36cd-3f66-4469-9ae3-07e849d7273d,2026-07-09T12:45:00Z,2026-07-09T14:45:00+0200,1122.23,MW,DK2,DK_2,actual_solar_generation,Solar,2026-07-28T18:21:33Z
2026-07-28T18:18:08Z,2026-07-28T20:18:08+0200,139a36cd-3f66-4469-9ae3-07e849d7273d,2026-07-09T13:00:00Z,2026-07-09T15:00:00+0200,1108.07,MW,DK2,DK_2,actual_solar_generation,Solar,2026-07-28T18:21:33Z
2026-07-28T18:18:08Z,2026-07-28T20:18:08+0200,139a36cd-3f66-4469-9ae3-07e849d7273d,2026-07-09T13:15:00Z,2026-07-09T15:15:00+0200,1093.6,MW,DK2,DK_2,actual_solar_generation,Solar,2026-07-28T18:21:33Z
2026-07-28T18:18:08Z,2026-07-28T20:18:08+0200,139a36cd-3f66-4469-9ae3-07e849d7273d,2026-07-09T13:30:00Z,2026-07-09T15:30:00+0200,1075.47,MW,DK2,DK_2,actual_solar_generation,Solar,2026-07-28T18:21:33Z
2026-07-28T18:18:08Z,2026-07-28T20:18:08+0200,139a36cd-3f66-4469-9ae3-07e849d7273d,2026-07-09T13:45:00Z,2026-07-09T15:45:00+0200,1048.41,MW,DK2,DK_2,actual_solar_generation,Solar,2026-07-28T18:21:33Z
2026-07-28T18:18:08Z,2026-07-28T20:18:08+0200,139a36cd-3f66-4469-9ae3-07e849d7273d,2026-07-09T14:00:00Z,2026-07-09T16:00:00+0200,1019.82,MW,DK2,DK_2,actual_solar_generation,Solar,2026-07-28T18:21:33Z
2026-07-28T18:18:08Z,2026-07-28T20:18:08+0200,139a36cd-3f66-4469-9ae3-07e849d7273d,2026-07-09T14:15:00Z,2026-07-09T16:15:00+0200,984.46,MW,DK2,DK_2,actual_solar_generation,Solar,2026-07-28T18:21:33Z
2026-07-28T18:18:08Z,2026-07-28T20:18:08+0200,139a36cd-3f66-4469-9ae3-07e849d7273d,2026-07-09T14:30:00Z,2026-07-09T16:30:00+0200,953.655,MW,DK2,DK_2,actual_solar_generation,Solar,2026-07-28T18:21:33Z
2026-07-28T18:18:08Z,2026-07-28T20:18:08+0200,139a36cd-3f66-4469-9ae3-07e849d7273d,2026-07-09T14:45:00Z,2026-07-09T16:45:00+0200,903.84,MW,DK2,DK_2,actual_solar_generation,Solar,2026-07-28T18:21:33Z
2026-07-28T18:18:08Z,2026-07-28T20:18:08+0200,139a36cd-3f66-4469-9ae3-07e849d7273d,2026-07-09T15:00:00Z,2026-07-09T17:00:00+0200,853.733,MW,DK2,DK_2,actual_solar_generation,Solar,2026-07-28T18:21:33Z
2026-07-28T18:18:08Z,2026-07-28T20:18:08+0200,139a36cd-3f66-4469-9ae3-07e849d7273d,2026-07-09T15:15:00Z,2026-07-09T17:15:00+0200,799.687,MW,DK2,DK_2,actual_solar_generation,Solar,2026-07-28T18:21:33Z
2026-07-28T18:18:08Z,2026-07-28T20:18:08+0200,139a36cd-3f66-4469-9ae3-07e849d7273d,2026-07-09T15:30:00Z,2026-07-09T17:30:00+0200,742.812,MW,DK2,DK_2,actual_solar_generation,Solar,2026-07-28T18:21:33Z
2026-07-28T18:18:08Z,2026-07-28T20:18:08+0200,139a36cd-3f66-4469-9ae3-07e849d7273d,2026-07-09T15:45:00Z,2026-07-09T17:45:00+0200,674.405,MW,DK2,DK_2,actual_solar_generation,Solar,2026-07-28T18:21:33Z
2026-07-28T18:18:08Z,2026-07-28T20:18:08+0200,139a36cd-3f66-4469-9ae3-07e849d7273d,2026-07-09T16:00:00Z,2026-07-09T18:00:00+0200,610.212,MW,DK2,DK_2,actual_solar_generation,Solar,2026-07-28T18:21:33Z
2026-07-28T18:18:08Z,2026-07-28T20:18:08+0200,139a36cd-3f66-4469-9ae3-07e849d7273d,2026-07-09T16:15:00Z,2026-07-09T18:15:00+0200,540.211,MW,DK2,DK_2,actual_solar_generation,Solar,2026-07-28T18:21:33Z
2026-07-28T18:18:08Z,2026-07-28T20:18:08+0200,139a36cd-3f66-4469-9ae3-07e849d7273d,2026-07-09T16:30:00Z,2026-07-09T18:30:00+0200,467.056,MW,DK2,DK_2,actual_solar_generation,Solar,2026-07-28T18:21:33Z
2026-07-28T18:18:08Z,2026-07-28T20:18:08+0200,139a36cd-3f66-4469-9ae3-07e849d7273d,2026-07-09T16:45:00Z,2026-07-09T18:45:00+0200,396.189,MW,DK2,DK_2,actual_solar_generation,Solar,2026-07-28T18:21:33Z
2026-07-28T18:18:08Z,2026-07-28T20:18:08+0200,139a36cd-3f66-4469-9ae3-07e849d7273d,2026-07-09T17:00:00Z,2026-07-09T19:00:00+0200,328.731,MW,DK2,DK_2,actual_solar_generation,Solar,2026-07-28T18:21:33Z
2026-07-28T18:18:08Z,2026-07-28T20:18:08+0200,139a36cd-3f66-4469-9ae3-07e849d7273d,2026-07-09T17:15:00Z,2026-07-09T19:15:00+0200,264.431,MW,DK2,DK_2,actual_solar_generation,Solar,2026-07-28T18:21:33Z
2026-07-28T18:18:08Z,2026-07-28T20:18:08+0200,139a36cd-3f66-4469-9ae3-07e849d7273d,2026-07-09T17:30:00Z,2026-07-09T19:30:00+0200,207.722,MW,DK2,DK_2,actual_solar_generation,Solar,2026-07-28T18:21:33Z
2026-07-28T18:18:08Z,2026-07-28T20:18:08+0200,139a36cd-3f66-4469-9ae3-07e849d7273d,2026-07-09T17:45:00Z,2026-07-09T19:45:00+0200,158.312,MW,DK2,DK_2,actual_solar_generation,Solar,2026-07-28T18:21:33Z
2026-07-28T18:18:08Z,2026-07-28T20:18:08+0200,139a36cd-3f66-4469-9ae3-07e849d7273d,2026-07-09T18:00:00Z,2026-07-09T20:00:00+0200,119.32,MW,DK2,DK_2,actual_solar_generation,Solar,2026-07-28T18:21:33Z
2026-07-28T18:18:08Z,2026-07-28T20:18:08+0200,139a36cd-3f66-4469-9ae3-07e849d7273d,2026-07-09T18:15:00Z,2026-07-09T20:15:00+0200,90.3179,MW,DK2,DK_2,actual_solar_generation,Solar,2026-07-28T18:21:33Z
2026-07-28T18:18:08Z,2026-07-28T20:18:08+0200,139a36cd-3f66-4469-9ae3-07e849d7273d,2026-07-09T18:30:00Z,2026-07-09T20:30:00+0200,66.0065,MW,DK2,DK_2,actual_solar_generation,Solar,2026-07-28T18:21:33Z
2026-07-28T18:18:08Z,2026-07-28T20:18:08+0200,139a36cd-3f66-4469-9ae3-07e849d7273d,2026-07-09T18:45:00Z,2026-07-09T20:45:00+0200,45.6129,MW,DK2,DK_2,actual_solar_generation,Solar,2026-07-28T18:21:33Z
2026-07-28T18:18:08Z,2026-07-28T20:18:08+0200,139a36cd-3f66-4469-9ae3-07e849d7273d,2026-07-09T19:00:00Z,2026-07-09T21:00:00+0200,35.9436,MW,DK2,DK_2,actual_solar_generation,Solar,2026-07-28T18:21:33Z
2026-07-28T18:18:08Z,2026-07-28T20:18:08+0200,139a36cd-3f66-4469-9ae3-07e849d7273d,2026-07-09T19:15:00Z,2026-07-09T21:15:00+0200,27.2701,MW,DK2,DK_2,actual_solar_generation,Solar,2026-07-28T18:21:33Z
2026-07-28T18:18:08Z,2026-07-28T20:18:08+0200,139a36cd-3f66-4469-9ae3-07e849d7273d,2026-07-09T19:30:00Z,2026-07-09T21:30:00+0200,18.7802,MW,DK2,DK_2,actual_solar_generation,Solar,2026-07-28T18:21:33Z
2026-07-28T18:18:08Z,2026-07-28T20:18:08+0200,139a36cd-3f66-4469-9ae3-07e849d7273d,2026-07-09T19:45:00Z,2026-07-09T21:45:00+0200,11.123,MW,DK2,DK_2,actual_solar_generation,Solar,2026-07-28T18:21:33Z
2026-07-28T18:18:08Z,2026-07-28T20:18:08+0200,139a36cd-3f66-4469-9ae3-07e849d7273d,2026-07-09T20:00:00Z,2026-07-09T22:00:00+0200,1.11064,MW,DK2,DK_2,actual_solar_generation,Solar,2026-07-28T18:21:33Z
2026-07-28T18:18:08Z,2026-07-28T20:18:08+0200,139a36cd-3f66-4469-9ae3-07e849d7273d,2026-07-09T20:15:00Z,2026-07-09T22:15:00+0200,0.796798,MW,DK2,DK_2,actual_solar_generation,Solar,2026-07-28T18:21:33Z
2026-07-28T18:18:08Z,2026-07-28T20:18:08+0200,139a36cd-3f66-4469-9ae3-07e849d7273d,2026-07-09T20:45:00Z,2026-07-09T22:45:00+0200,0.398247,MW,DK2,DK_2,actual_solar_generation,Solar,2026-07-28T18:21:33Z
2026-07-28T18:18:08Z,2026-07-28T20:18:08+0200,139a36cd-3f66-4469-9ae3-07e849d7273d,2026-07-09T21:00:00Z,2026-07-09T23:00:00+0200,0.376853,MW,DK2,DK_2,actual_solar_generation,Solar,2026-07-28T18:21:33Z
2026-07-28T18:18:08Z,2026-07-28T20:18:08+0200,139a36cd-3f66-4469-9ae3-07e849d7273d,2026-07-10T01:45:00Z,2026-07-10T03:45:00+0200,0.857365,MW,DK2,DK_2,actual_solar_generation,Solar,2026-07-28T18:21:33Z
2026-07-28T18:18:08Z,2026-07-28T20:18:08+0200,139a36cd-3f66-4469-9ae3-07e849d7273d,2026-07-10T02:00:00Z,2026-07-10T04:00:00+0200,0.374237,MW,DK2,DK_2,actual_solar_generation,Solar,2026-07-28T18:21:33Z
2026-07-28T18:18:08Z,2026-07-28T20:18:08+0200,139a36cd-3f66-4469-9ae3-07e849d7273d,2026-07-10T02:30:00Z,2026-07-10T04:30:00+0200,0.501102,MW,DK2,DK_2,actual_solar_generation,Solar,2026-07-28T18:21:33Z
2026-07-28T18:18:08Z,2026-07-28T20:18:08+0200,139a36cd-3f66-4469-9ae3-07e849d7273d,2026-07-10T02:45:00Z,2026-07-10T04:45:00+0200,1.98059,MW,DK2,DK_2,actual_solar_generation,Solar,2026-07-28T18:21:33Z
2026-07-28T18:18:08Z,2026-07-28T20:18:08+0200,139a36cd-3f66-4469-9ae3-07e849d7273d,2026-07-10T03:00:00Z,2026-07-10T05:00:00+0200,11.2279,MW,DK2,DK_2,actual_solar_generation,Solar,2026-07-28T18:21:33Z
2026-07-28T18:18:08Z,2026-07-28T20:18:08+0200,139a36cd-3f66-4469-9ae3-07e849d7273d,2026-07-10T03:15:00Z,2026-07-10T05:15:00+0200,21.1453,MW,DK2,DK_2,actual_solar_generation,Solar,2026-07-28T18:21:33Z
2026-07-28T18:18:08Z,2026-07-28T20:18:08+0200,139a36cd-3f66-4469-9ae3-07e849d7273d,2026-07-10T03:30:00Z,2026-07-10T05:30:00+0200,35.0639,MW,DK2,DK_2,actual_solar_generation,Solar,2026-07-28T18:21:33Z
2026-07-28T18:18:08Z,2026-07-28T20:18:08+0200,139a36cd-3f66-4469-9ae3-07e849d7273d,2026-07-10T03:45:00Z,2026-07-10T05:45:00+0200,51.3537,MW,DK2,DK_2,actual_solar_generation,Solar,2026-07-28T18:21:33Z
2026-07-28T18:18:08Z,2026-07-28T20:18:08+0200,139a36cd-3f66-4469-9ae3-07e849d7273d,2026-07-10T04:00:00Z,2026-07-10T06:00:00+0200,70.7721,MW,DK2,DK_2,actual_solar_generation,Solar,2026-07-28T18:21:33Z
2026-07-28T18:18:08Z,2026-07-28T20:18:08+0200,139a36cd-3f66-4469-9ae3-07e849d7273d,2026-07-10T04:15:00Z,2026-07-10T06:15:00+0200,92.7157,MW,DK2,DK_2,actual_solar_generation,Solar,2026-07-28T18:21:33Z
2026-07-28T18:18:08Z,2026-07-28T20:18:08+0200,139a36cd-3f66-4469-9ae3-07e849d7273d,2026-07-10T04:30:00Z,2026-07-10T06:30:00+0200,120.39,MW,DK2,DK_2,actual_solar_generation,Solar,2026-07-28T18:21:33Z
2026-07-28T18:18:08Z,2026-07-28T20:18:08+0200,139a36cd-3f66-4469-9ae3-07e849d7273d,2026-07-10T04:45:00Z,2026-07-10T06:45:00+0200,152.676,MW,DK2,DK_2,actual_solar_generation,Solar,2026-07-28T18:21:33Z
2026-07-28T18:18:08Z,2026-07-28T20:18:08+0200,139a36cd-3f66-4469-9ae3-07e849d7273d,2026-07-10T05:00:00Z,2026-07-10T07:00:00+0200,190.946,MW,DK2,DK_2,actual_solar_generation,Solar,2026-07-28T18:21:33Z
2026-07-28T18:18:08Z,2026-07-28T20:18:08+0200,139a36cd-3f66-4469-9ae3-07e849d7273d,2026-07-10T05:15:00Z,2026-07-10T07:15:00+0200,235.243,MW,DK2,DK_2,actual_solar_generation,Solar,2026-07-28T18:21:33Z
2026-07-28T18:18:08Z,2026-07-28T20:18:08+0200,139a36cd-3f66-4469-9ae3-07e849d7273d,2026-07-10T05:30:00Z,2026-07-10T07:30:00+0200,281.855,MW,DK2,DK_2,actual_solar_generation,Solar,2026-07-28T18:21:33Z
2026-07-28T18:18:08Z,2026-07-28T20:18:08+0200,139a36cd-3f66-4469-9ae3-07e849d7273d,2026-07-10T05:45:00Z,2026-07-10T07:45:00+0200,339.676,MW,DK2,DK_2,actual_solar_generation,Solar,2026-07-28T18:21:33Z
2026-07-28T18:18:08Z,2026-07-28T20:18:08+0200,139a36cd-3f66-4469-9ae3-07e849d7273d,2026-07-10T06:00:00Z,2026-07-10T08:00:00+0200,422.993,MW,DK2,DK_2,actual_solar_generation,Solar,2026-07-28T18:21:33Z
2026-07-28T18:18:08Z,2026-07-28T20:18:08+0200,139a36cd-3f66-4469-9ae3-07e849d7273d,2026-07-10T06:15:00Z,2026-07-10T08:15:00+0200,491.319,MW,DK2,DK_2,actual_solar_generation,Solar,2026-07-28T18:21:33Z
2026-07-28T18:18:08Z,2026-07-28T20:18:08+0200,139a36cd-3f66-4469-9ae3-07e849d7273d,2026-07-10T06:30:00Z,2026-07-10T08:30:00+0200,580.007,MW,DK2,DK_2,actual_solar_generation,Solar,2026-07-28T18:21:33Z
2026-07-28T18:18:08Z,2026-07-28T20:18:08+0200,139a36cd-3f66-4469-9ae3-07e849d7273d,2026-07-10T06:45:00Z,2026-07-10T08:45:00+0200,667.331,MW,DK2,DK_2,actual_solar_generation,Solar,2026-07-28T18:21:33Z
2026-07-28T18:18:08Z,2026-07-28T20:18:08+0200,139a36cd-3f66-4469-9ae3-07e849d7273d,2026-07-10T07:00:00Z,2026-07-10T09:00:00+0200,742.712,MW,DK2,DK_2,actual_solar_generation,Solar,2026-07-28T18:21:33Z
2026-07-28T18:18:08Z,2026-07-28T20:18:08+0200,139a36cd-3f66-4469-9ae3-07e849d7273d,2026-07-10T07:15:00Z,2026-07-10T09:15:00+0200,790.229,MW,DK2,DK_2,actual_solar_generation,Solar,2026-07-28T18:21:33Z
2026-07-28T18:18:08Z,2026-07-28T20:18:08+0200,139a36cd-3f66-4469-9ae3-07e849d7273d,2026-07-10T07:30:00Z,2026-07-10T09:30:00+0200,845.236,MW,DK2,DK_2,actual_solar_generation,Solar,2026-07-28T18:21:33Z
2026-07-28T18:18:08Z,2026-07-28T20:18:08+0200,139a36cd-3f66-4469-9ae3-07e849d7273d,2026-07-10T07:45:00Z,2026-07-10T09:45:00+0200,888.746,MW,DK2,DK_2,actual_solar_generation,Solar,2026-07-28T18:21:33Z
2026-07-28T18:18:08Z,2026-07-28T20:18:08+0200,139a36cd-3f66-4469-9ae3-07e849d7273d,2026-07-10T08:00:00Z,2026-07-10T10:00:00+0200,893.226,MW,DK2,DK_2,actual_solar_generation,Solar,2026-07-28T18:21:33Z
2026-07-28T18:18:08Z,2026-07-28T20:18:08+0200,139a36cd-3f66-4469-9ae3-07e849d7273d,2026-07-10T08:15:00Z,2026-07-10T10:15:00+0200,878.643,MW,DK2,DK_2,actual_solar_generation,Solar,2026-07-28T18:21:33Z
2026-07-28T18:18:08Z,2026-07-28T20:18:08+0200,139a36cd-3f66-4469-9ae3-07e849d7273d,2026-07-10T08:30:00Z,2026-07-10T10:30:00+0200,919.697,MW,DK2,DK_2,actual_solar_generation,Solar,2026-07-28T18:21:33Z
2026-07-28T18:18:08Z,2026-07-28T20:18:08+0200,139a36cd-3f66-4469-9ae3-07e849d7273d,2026-07-10T08:45:00Z,2026-07-10T10:45:00+0200,925.64,MW,DK2,DK_2,actual_solar_generation,Solar,2026-07-28T18:21:33Z
2026-07-28T18:18:08Z,2026-07-28T20:18:08+0200,139a36cd-3f66-4469-9ae3-07e849d7273d,2026-07-10T09:00:00Z,2026-07-10T11:00:00+0200,967.454,MW,DK2,DK_2,actual_solar_generation,Solar,2026-07-28T18:21:33Z
2026-07-28T18:18:08Z,2026-07-28T20:18:08+0200,139a36cd-3f66-4469-9ae3-07e849d7273d,2026-07-10T09:15:00Z,2026-07-10T11:15:00+0200,1033.92,MW,DK2,DK_2,actual_solar_generation,Solar,2026-07-28T18:21:33Z
2026-07-28T18:18:08Z,2026-07-28T20:18:08+0200,139a36cd-3f66-4469-9ae3-07e849d7273d,2026-07-10T09:30:00Z,2026-07-10T11:30:00+0200,1059.64,MW,DK2,DK_2,actual_solar_generation,Solar,2026-07-28T18:21:33Z
2026-07-28T18:18:08Z,2026-07-28T20:18:08+0200,139a36cd-3f66-4469-9ae3-07e849d7273d,2026-07-10T09:45:00Z,2026-07-10T11:45:00+0200,1067.29,MW,DK2,DK_2,actual_solar_generation,Solar,2026-07-28T18:21:33Z
2026-07-28T18:18:08Z,2026-07-28T20:18:08+0200,139a36cd-3f66-4469-9ae3-07e849d7273d,2026-07-10T10:00:00Z,2026-07-10T12:00:00+0200,1068.4,MW,DK2,DK_2,actual_solar_generation,Solar,2026-07-28T18:21:33Z
2026-07-28T18:18:08Z,2026-07-28T20:18:08+0200,139a36cd-3f66-4469-9ae3-07e849d7273d,2026-07-10T10:15:00Z,2026-07-10T12:15:00+0200,1029.34,MW,DK2,DK_2,actual_solar_generation,Solar,2026-07-28T18:21:33Z
2026-07-28T18:18:08Z,2026-07-28T20:18:08+0200,139a36cd-3f66-4469-9ae3-07e849d7273d,2026-07-10T10:30:00Z,2026-07-10T12:30:00+0200,1015.68,MW,DK2,DK_2,actual_solar_generation,Solar,2026-07-28T18:21:33Z
2026-07-28T18:18:08Z,2026-07-28T20:18:08+0200,139a36cd-3f66-4469-9ae3-07e849d7273d,2026-07-10T10:45:00Z,2026-07-10T12:45:00+0200,1037.93,MW,DK2,DK_2,actual_solar_generation,Solar,2026-07-28T18:21:33Z
2026-07-28T18:18:08Z,2026-07-28T20:18:08+0200,139a36cd-3f66-4469-9ae3-07e849d7273d,2026-07-10T11:00:00Z,2026-07-10T13:00:00+0200,1013.28,MW,DK2,DK_2,actual_solar_generation,Solar,2026-07-28T18:21:33Z
2026-07-28T18:18:08Z,2026-07-28T20:18:08+0200,139a36cd-3f66-4469-9ae3-07e849d7273d,2026-07-10T11:15:00Z,2026-07-10T13:15:00+0200,1074.56,MW,DK2,DK_2,actual_solar_generation,Solar,2026-07-28T18:21:33Z
2026-07-28T18:18:08Z,2026-07-28T20:18:08+0200,139a36cd-3f66-4469-9ae3-07e849d7273d,2026-07-10T11:30:00Z,2026-07-10T13:30:00+0200,1054.63,MW,DK2,DK_2,actual_solar_generation,Solar,2026-07-28T18:21:33Z
2026-07-28T18:18:08Z,2026-07-28T20:18:08+0200,139a36cd-3f66-4469-9ae3-07e849d7273d,2026-07-10T11:45:00Z,2026-07-10T13:45:00+0200,1050.88,MW,DK2,DK_2,actual_solar_generation,Solar,2026-07-28T18:21:33Z
2026-07-28T18:18:08Z,2026-07-28T20:18:08+0200,139a36cd-3f66-4469-9ae3-07e849d7273d,2026-07-10T12:00:00Z,2026-07-10T14:00:00+0200,1095.98,MW,DK2,DK_2,actual_solar_generation,Solar,2026-07-28T18:21:33Z
2026-07-28T18:18:08Z,2026-07-28T20:18:08+0200,139a36cd-3f66-4469-9ae3-07e849d7273d,2026-07-10T12:15:00Z,2026-07-10T14:15:00+0200,1085.09,MW,DK2,DK_2,actual_solar_generation,Solar,2026-07-28T18:21:33Z
2026-07-28T18:18:08Z,2026-07-28T20:18:08+0200,139a36cd-3f66-4469-9ae3-07e849d7273d,2026-07-10T12:30:00Z,2026-07-10T14:30:00+0200,1037.12,MW,DK2,DK_2,actual_solar_generation,Solar,2026-07-28T18:21:33Z
2026-07-28T18:18:08Z,2026-07-28T20:18:08+0200,139a36cd-3f66-4469-9ae3-07e849d7273d,2026-07-10T12:45:00Z,2026-07-10T14:45:00+0200,1042.95,MW,DK2,DK_2,actual_solar_generation,Solar,2026-07-28T18:21:33Z
2026-07-28T18:18:08Z,2026-07-28T20:18:08+0200,139a36cd-3f66-4469-9ae3-07e849d7273d,2026-07-10T13:00:00Z,2026-07-10T15:00:00+0200,994.747,MW,DK2,DK_2,actual_solar_generation,Solar,2026-07-28T18:21:33Z
2026-07-28T18:18:08Z,2026-07-28T20:18:08+0200,139a36cd-3f66-4469-9ae3-07e849d7273d,2026-07-10T13:15:00Z,2026-07-10T15:15:00+0200,996.097,MW,DK2,DK_2,actual_solar_generation,Solar,2026-07-28T18:21:33Z
2026-07-28T18:18:08Z,2026-07-28T20:18:08+0200,139a36cd-3f66-4469-9ae3-07e849d7273d,2026-07-10T13:30:00Z,2026-07-10T15:30:00+0200,971.741,MW,DK2,DK_2,actual_solar_generation,Solar,2026-07-28T18:21:33Z
2026-07-28T18:18:08Z,2026-07-28T20:18:08+0200,139a36cd-3f66-4469-9ae3-07e849d7273d,2026-07-10T13:45:00Z,2026-07-10T15:45:00+0200,958.125,MW,DK2,DK_2,actual_solar_generation,Solar,2026-07-28T18:21:33Z
2026-07-28T18:18:08Z,2026-07-28T20:18:08+0200,139a36cd-3f66-4469-9ae3-07e849d7273d,2026-07-10T14:00:00Z,2026-07-10T16:00:00+0200,977.065,MW,DK2,DK_2,actual_solar_generation,Solar,2026-07-28T18:21:33Z
2026-07-28T18:18:08Z,2026-07-28T20:18:08+0200,139a36cd-3f66-4469-9ae3-07e849d7273d,2026-07-10T14:15:00Z,2026-07-10T16:15:00+0200,919.4,MW,DK2,DK_2,actual_solar_generation,Solar,2026-07-28T18:21:33Z
2026-07-28T18:18:08Z,2026-07-28T20:18:08+0200,139a36cd-3f66-4469-9ae3-07e849d7273d,2026-07-10T14:30:00Z,2026-07-10T16:30:00+0200,890.339,MW,DK2,DK_2,actual_solar_generation,Solar,2026-07-28T18:21:33Z
2026-07-28T18:18:08Z,2026-07-28T20:18:08+0200,139a36cd-3f66-4469-9ae3-07e849d7273d,2026-07-10T14:45:00Z,2026-07-10T16:45:00+0200,898.598,MW,DK2,DK_2,actual_solar_generation,Solar,2026-07-28T18:21:33Z
2026-07-28T18:18:08Z,2026-07-28T20:18:08+0200,139a36cd-3f66-4469-9ae3-07e849d7273d,2026-07-10T15:00:00Z,2026-07-10T17:00:00+0200,837.295,MW,DK2,DK_2,actual_solar_generation,Solar,2026-07-28T18:21:33Z
2026-07-28T18:18:08Z,2026-07-28T20:18:08+0200,139a36cd-3f66-4469-9ae3-07e849d7273d,2026-07-10T15:15:00Z,2026-07-10T17:15:00+0200,777.122,MW,DK2,DK_2,actual_solar_generation,Solar,2026-07-28T18:21:33Z
2026-07-28T18:18:08Z,2026-07-28T20:18:08+0200,139a36cd-3f66-4469-9ae3-07e849d7273d,2026-07-10T15:30:00Z,2026-07-10T17:30:00+0200,729.753,MW,DK2,DK_2,actual_solar_generation,Solar,2026-07-28T18:21:33Z
2026-07-28T18:18:08Z,2026-07-28T20:18:08+0200,139a36cd-3f66-4469-9ae3-07e849d7273d,2026-07-10T15:45:00Z,2026-07-10T17:45:00+0200,662.597,MW,DK2,DK_2,actual_solar_generation,Solar,2026-07-28T18:21:33Z
2026-07-28T18:18:08Z,2026-07-28T20:18:08+0200,139a36cd-3f66-4469-9ae3-07e849d7273d,2026-07-10T16:00:00Z,2026-07-10T18:00:00+0200,598.482,MW,DK2,DK_2,actual_solar_generation,Solar,2026-07-28T18:21:33Z
2026-07-28T18:18:08Z,2026-07-28T20:18:08+0200,139a36cd-3f66-4469-9ae3-07e849d7273d,2026-07-10T16:15:00Z,2026-07-10T18:15:00+0200,534.222,MW,DK2,DK_2,actual_solar_generation,Solar,2026-07-28T18:21:33Z
2026-07-28T18:18:08Z,2026-07-28T20:18:08+0200,139a36cd-3f66-4469-9ae3-07e849d7273d,2026-07-10T16:30:00Z,2026-07-10T18:30:00+0200,473.907,MW,DK2,DK_2,actual_solar_generation,Solar,2026-07-28T18:21:33Z
2026-07-28T18:18:08Z,2026-07-28T20:18:08+0200,139a36cd-3f66-4469-9ae3-07e849d7273d,2026-07-10T16:45:00Z,2026-07-10T18:45:00+0200,402.875,MW,DK2,DK_2,actual_solar_generation,Solar,2026-07-28T18:21:33Z
2026-07-28T18:18:08Z,2026-07-28T20:18:08+0200,139a36cd-3f66-4469-9ae3-07e849d7273d,2026-07-10T17:00:00Z,2026-07-10T19:00:00+0200,339.929,MW,DK2,DK_2,actual_solar_generation,Solar,2026-07-28T18:21:33Z
2026-07-28T18:18:08Z,2026-07-28T20:18:08+0200,139a36cd-3f66-4469-9ae3-07e849d7273d,2026-07-10T17:15:00Z,2026-07-10T19:15:00+0200,280.923,MW,DK2,DK_2,actual_solar_generation,Solar,2026-07-28T18:21:33Z
2026-07-28T18:18:08Z,2026-07-28T20:18:08+0200,139a36cd-3f66-4469-9ae3-07e849d7273d,2026-07-10T17:30:00Z,2026-07-10T19:30:00+0200,229.464,MW,DK2,DK_2,actual_solar_generation,Solar,2026-07-28T18:21:33Z
2026-07-28T18:18:08Z,2026-07-28T20:18:08+0200,139a36cd-3f66-4469-9ae3-07e849d7273d,2026-07-10T17:45:00Z,2026-07-10T19:45:00+0200,182.193,MW,DK2,DK_2,actual_solar_generation,Solar,2026-07-28T18:21:33Z
2026-07-28T18:18:08Z,2026-07-28T20:18:08+0200,139a36cd-3f66-4469-9ae3-07e849d7273d,2026-07-10T18:00:00Z,2026-07-10T20:00:00+0200,153.295,MW,DK2,DK_2,actual_solar_generation,Solar,2026-07-28T18:21:33Z
2026-07-28T18:18:08Z,2026-07-28T20:18:08+0200,139a36cd-3f66-4469-9ae3-07e849d7273d,2026-07-10T18:15:00Z,2026-07-10T20:15:00+0200,120.289,MW,DK2,DK_2,actual_solar_generation,Solar,2026-07-28T18:21:33Z
2026-07-28T18:18:08Z,2026-07-28T20:18:08+0200,139a36cd-3f66-4469-9ae3-07e849d7273d,2026-07-10T18:30:00Z,2026-07-10T20:30:00+0200,95.6606,MW,DK2,DK_2,actual_solar_generation,Solar,2026-07-28T18:21:33Z
2026-07-28T18:18:08Z,2026-07-28T20:18:08+0200,139a36cd-3f66-4469-9ae3-07e849d7273d,2026-07-10T18:45:00Z,2026-07-10T20:45:00+0200,69.1136,MW,DK2,DK_2,actual_solar_generation,Solar,2026-07-28T18:21:33Z
2026-07-28T18:18:08Z,2026-07-28T20:18:08+0200,139a36cd-3f66-4469-9ae3-07e849d7273d,2026-07-10T19:00:00Z,2026-07-10T21:00:00+0200,39.7006,MW,DK2,DK_2,actual_solar_generation,Solar,2026-07-28T18:21:33Z
2026-07-28T18:18:08Z,2026-07-28T20:18:08+0200,139a36cd-3f66-4469-9ae3-07e849d7273d,2026-07-10T19:15:00Z,2026-07-10T21:15:00+0200,23.3597,MW,DK2,DK_2,actual_solar_generation,Solar,2026-07-28T18:21:33Z
2026-07-28T18:18:08Z,2026-07-28T20:18:08+0200,139a36cd-3f66-4469-9ae3-07e849d7273d,2026-07-10T19:30:00Z,2026-07-10T21:30:00+0200,11.5613,MW,DK2,DK_2,actual_solar_generation,Solar,2026-07-28T18:21:33Z
2026-07-28T18:18:08Z,2026-07-28T20:18:08+0200,139a36cd-3f66-4469-9ae3-07e849d7273d,2026-07-10T19:45:00Z,2026-07-10T21:45:00+0200,2.15541,MW,DK2,DK_2,actual_solar_generation,Solar,2026-07-28T18:21:33Z
2026-07-28T18:18:08Z,2026-07-28T20:18:08+0200,139a36cd-3f66-4469-9ae3-07e849d7273d,2026-07-10T20:00:00Z,2026-07-10T22:00:00+0200,0.213666,MW,DK2,DK_2,actual_solar_generation,Solar,2026-07-28T18:21:33Z
2026-07-28T18:18:08Z,2026-07-28T20:18:08+0200,139a36cd-3f66-4469-9ae3-07e849d7273d,2026-07-10T20:15:00Z,2026-07-10T22:15:00+0200,0.063505,MW,DK2,DK_2,actual_solar_generation,Solar,2026-07-28T18:21:33Z
2026-07-28T18:18:08Z,2026-07-28T20:18:08+0200,139a36cd-3f66-4469-9ae3-07e849d7273d,2026-07-10T20:30:00Z,2026-07-10T22:30:00+0200,0.23912,MW,DK2,DK_2,actual_solar_generation,Solar,2026-07-28T18:21:33Z
2026-07-28T18:18:08Z,2026-07-28T20:18:08+0200,139a36cd-3f66-4469-9ae3-07e849d7273d,2026-07-10T20:45:00Z,2026-07-10T22:45:00+0200,0.255196,MW,DK2,DK_2,actual_solar_generation,Solar,2026-07-28T18:21:33Z
2026-07-28T18:18:08Z,2026-07-28T20:18:08+0200,139a36cd-3f66-4469-9ae3-07e849d7273d,2026-07-10T21:00:00Z,2026-07-10T23:00:00+0200,0.233875,MW,DK2,DK_2,actual_solar_generation,Solar,2026-07-28T18:21:33Z
2026-07-28T18:18:08Z,2026-07-28T20:18:08+0200,139a36cd-3f66-4469-9ae3-07e849d7273d,2026-07-11T02:45:00Z,2026-07-11T04:45:00+0200,2.791,MW,DK2,DK_2,actual_solar_generation,Solar,2026-07-28T18:21:33Z
2026-07-28T18:18:08Z,2026-07-28T20:18:08+0200,139a36cd-3f66-4469-9ae3-07e849d7273d,2026-07-11T03:00:00Z,2026-07-11T05:00:00+0200,10.9559,MW,DK2,DK_2,actual_solar_generation,Solar,2026-07-28T18:21:33Z
2026-07-28T18:18:08Z,2026-07-28T20:18:08+0200,139a36cd-3f66-4469-9ae3-07e849d7273d,2026-07-11T03:15:00Z,2026-07-11T05:15:00+0200,19.7987,MW,DK2,DK_2,actual_solar_generation,Solar,2026-07-28T18:21:33Z
2026-07-28T18:18:08Z,2026-07-28T20:18:08+0200,139a36cd-3f66-4469-9ae3-07e849d7273d,2026-07-11T03:30:00Z,2026-07-11T05:30:00+0200,30.3229,MW,DK2,DK_2,actual_solar_generation,Solar,2026-07-28T18:21:33Z
2026-07-28T18:18:08Z,2026-07-28T20:18:08+0200,139a36cd-3f66-4469-9ae3-07e849d7273d,2026-07-11T03:45:00Z,2026-07-11T05:45:00+0200,42.5851,MW,DK2,DK_2,actual_solar_generation,Solar,2026-07-28T18:21:33Z
2026-07-28T18:18:08Z,2026-07-28T20:18:08+0200,139a36cd-3f66-4469-9ae3-07e849d7273d,2026-07-11T04:00:00Z,2026-07-11T06:00:00+0200,61.3226,MW,DK2,DK_2,actual_solar_generation,Solar,2026-07-28T18:21:33Z
2026-07-28T18:18:08Z,2026-07-28T20:18:08+0200,139a36cd-3f66-4469-9ae3-07e849d7273d,2026-07-11T04:15:00Z,2026-07-11T06:15:00+0200,83.0569,MW,DK2,DK_2,actual_solar_generation,Solar,2026-07-28T18:21:33Z
2026-07-28T18:18:08Z,2026-07-28T20:18:08+0200,139a36cd-3f66-4469-9ae3-07e849d7273d,2026-07-11T04:30:00Z,2026-07-11T06:30:00+0200,120.992,MW,DK2,DK_2,actual_solar_generation,Solar,2026-07-28T18:21:33Z
2026-07-28T18:18:08Z,2026-07-28T20:18:08+0200,139a36cd-3f66-4469-9ae3-07e849d7273d,2026-07-11T04:45:00Z,2026-07-11T06:45:00+0200,158.393,MW,DK2,DK_2,actual_solar_generation,Solar,2026-07-28T18:21:33Z
2026-07-28T18:18:08Z,2026-07-28T20:18:08+0200,139a36cd-3f66-4469-9ae3-07e849d7273d,2026-07-11T05:00:00Z,2026-07-11T07:00:00+0200,218.186,MW,DK2,DK_2,actual_solar_generation,Solar,2026-07-28T18:21:33Z
2026-07-28T18:18:08Z,2026-07-28T20:18:08+0200,139a36cd-3f66-4469-9ae3-07e849d7273d,2026-07-11T05:15:00Z,2026-07-11T07:15:00+0200,259.308,MW,DK2,DK_2,actual_solar_generation,Solar,2026-07-28T18:21:33Z
2026-07-28T18:18:08Z,2026-07-28T20:18:08+0200,139a36cd-3f66-4469-9ae3-07e849d7273d,2026-07-11T05:30:00Z,2026-07-11T07:30:00+0200,319.557,MW,DK2,DK_2,actual_solar_generation,Solar,2026-07-28T18:21:33Z
2026-07-28T18:18:08Z,2026-07-28T20:18:08+0200,139a36cd-3f66-4469-9ae3-07e849d7273d,2026-07-11T05:45:00Z,2026-07-11T07:45:00+0200,407.121,MW,DK2,DK_2,actual_solar_generation,Solar,2026-07-28T18:21:33Z
2026-07-28T18:18:08Z,2026-07-28T20:18:08+0200,139a36cd-3f66-4469-9ae3-07e849d7273d,2026-07-11T06:00:00Z,2026-07-11T08:00:00+0200,479.668,MW,DK2,DK_2,actual_solar_generation,Solar,2026-07-28T18:21:33Z
2026-07-28T18:18:08Z,2026-07-28T20:18:08+0200,139a36cd-3f66-4469-9ae3-07e849d7273d,2026-07-11T06:15:00Z,2026-07-11T08:15:00+0200,548.397,MW,DK2,DK_2,actual_solar_generation,Solar,2026-07-28T18:21:33Z
2026-07-28T18:18:08Z,2026-07-28T20:18:08+0200,139a36cd-3f66-4469-9ae3-07e849d7273d,2026-07-11T06:30:00Z,2026-07-11T08:30:00+0200,620.151,MW,DK2,DK_2,actual_solar_generation,Solar,2026-07-28T18:21:33Z
2026-07-28T18:18:08Z,2026-07-28T20:18:08+0200,139a36cd-3f66-4469-9ae3-07e849d7273d,2026-07-11T06:45:00Z,2026-07-11T08:45:00+0200,688.936,MW,DK2,DK_2,actual_solar_generation,Solar,2026-07-28T18:21:33Z
2026-07-28T18:18:08Z,2026-07-28T20:18:08+0200,139a36cd-3f66-4469-9ae3-07e849d7273d,2026-07-11T07:00:00Z,2026-07-11T09:00:00+0200,749.014,MW,DK2,DK_2,actual_solar_generation,Solar,2026-07-28T18:21:33Z
2026-07-28T18:18:08Z,2026-07-28T20:18:08+0200,139a36cd-3f66-4469-9ae3-07e849d7273d,2026-07-11T07:15:00Z,2026-07-11T09:15:00+0200,798.48,MW,DK2,DK_2,actual_solar_generation,Solar,2026-07-28T18:21:33Z
2026-07-28T18:18:08Z,2026-07-28T20:18:08+0200,139a36cd-3f66-4469-9ae3-07e849d7273d,2026-07-11T07:30:00Z,2026-07-11T09:30:00+0200,843.165,MW,DK2,DK_2,actual_solar_generation,Solar,2026-07-28T18:21:33Z
2026-07-28T18:18:08Z,2026-07-28T20:18:08+0200,139a36cd-3f66-4469-9ae3-07e849d7273d,2026-07-11T07:45:00Z,2026-07-11T09:45:00+0200,847.884,MW,DK2,DK_2,actual_solar_generation,Solar,2026-07-28T18:21:33Z
2026-07-28T18:18:08Z,2026-07-28T20:18:08+0200,139a36cd-3f66-4469-9ae3-07e849d7273d,2026-07-11T08:00:00Z,2026-07-11T10:00:00+0200,919.977,MW,DK2,DK_2,actual_solar_generation,Solar,2026-07-28T18:21:33Z
2026-07-28T18:18:08Z,2026-07-28T20:18:08+0200,139a36cd-3f66-4469-9ae3-07e849d7273d,2026-07-11T08:15:00Z,2026-07-11T10:15:00+0200,841.873,MW,DK2,DK_2,actual_solar_generation,Solar,2026-07-28T18:21:33Z
2026-07-28T18:18:08Z,2026-07-28T20:18:08+0200,139a36cd-3f66-4469-9ae3-07e849d7273d,2026-07-11T08:30:00Z,2026-07-11T10:30:00+0200,879.806,MW,DK2,DK_2,actual_solar_generation,Solar,2026-07-28T18:21:33Z
2026-07-28T18:18:08Z,2026-07-28T20:18:08+0200,139a36cd-3f66-4469-9ae3-07e849d7273d,2026-07-11T08:45:00Z,2026-07-11T10:45:00+0200,899.425,MW,DK2,DK_2,actual_solar_generation,Solar,2026-07-28T18:21:33Z
2026-07-28T18:18:08Z,2026-07-28T20:18:08+0200,139a36cd-3f66-4469-9ae3-07e849d7273d,2026-07-11T09:00:00Z,2026-07-11T11:00:00+0200,918.329,MW,DK2,DK_2,actual_solar_generation,Solar,2026-07-28T18:21:33Z
2026-07-28T18:18:08Z,2026-07-28T20:18:08+0200,139a36cd-3f66-4469-9ae3-07e849d7273d,2026-07-11T09:15:00Z,2026-07-11T11:15:00+0200,936.052,MW,DK2,DK_2,actual_solar_generation,Solar,2026-07-28T18:21:33Z
2026-07-28T18:18:08Z,2026-07-28T20:18:08+0200,139a36cd-3f66-4469-9ae3-07e849d7273d,2026-07-11T09:30:00Z,2026-07-11T11:30:00+0200,927.156,MW,DK2,DK_2,actual_solar_generation,Solar,2026-07-28T18:21:33Z
2026-07-28T18:18:08Z,2026-07-28T20:18:08+0200,139a36cd-3f66-4469-9ae3-07e849d7273d,2026-07-11T09:45:00Z,2026-07-11T11:45:00+0200,938.896,MW,DK2,DK_2,actual_solar_generation,Solar,2026-07-28T18:21:33Z
2026-07-28T18:18:08Z,2026-07-28T20:18:08+0200,139a36cd-3f66-4469-9ae3-07e849d7273d,2026-07-11T10:00:00Z,2026-07-11T12:00:00+0200,945.552,MW,DK2,DK_2,actual_solar_generation,Solar,2026-07-28T18:21:33Z
2026-07-28T18:18:08Z,2026-07-28T20:18:08+0200,139a36cd-3f66-4469-9ae3-07e849d7273d,2026-07-11T10:15:00Z,2026-07-11T12:15:00+0200,1016.15,MW,DK2,DK_2,actual_solar_generation,Solar,2026-07-28T18:21:33Z
2026-07-28T18:18:08Z,2026-07-28T20:18:08+0200,139a36cd-3f66-4469-9ae3-07e849d7273d,2026-07-11T10:30:00Z,2026-07-11T12:30:00+0200,1042.83,MW,DK2,DK_2,actual_solar_generation,Solar,2026-07-28T18:21:33Z
2026-07-28T18:18:08Z,2026-07-28T20:18:08+0200,139a36cd-3f66-4469-9ae3-07e849d7273d,2026-07-11T10:45:00Z,2026-07-11T12:45:00+0200,1034.86,MW,DK2,DK_2,actual_solar_generation,Solar,2026-07-28T18:21:33Z
2026-07-28T18:18:08Z,2026-07-28T20:18:08+0200,139a36cd-3f66-4469-9ae3-07e849d7273d,2026-07-11T11:00:00Z,2026-07-11T13:00:00+0200,1025.89,MW,DK2,DK_2,actual_solar_generation,Solar,2026-07-28T18:21:33Z
2026-07-28T18:18:08Z,2026-07-28T20:18:08+0200,139a36cd-3f66-4469-9ae3-07e849d7273d,2026-07-11T11:15:00Z,2026-07-11T13:15:00+0200,1008.0,MW,DK2,DK_2,actual_solar_generation,Solar,2026-07-28T18:21:33Z
2026-07-28T18:18:08Z,2026-07-28T20:18:08+0200,139a36cd-3f66-4469-9ae3-07e849d7273d,2026-07-11T11:30:00Z,2026-07-11T13:30:00+0200,929.132,MW,DK2,DK_2,actual_solar_generation,Solar,2026-07-28T18:21:33Z
2026-07-28T18:18:08Z,2026-07-28T20:18:08+0200,139a36cd-3f66-4469-9ae3-07e849d7273d,2026-07-11T11:45:00Z,2026-07-11T13:45:00+0200,911.094,MW,DK2,DK_2,actual_solar_generation,Solar,2026-07-28T18:21:33Z
2026-07-28T18:18:08Z,2026-07-28T20:18:08+0200,139a36cd-3f66-4469-9ae3-07e849d7273d,2026-07-11T12:00:00Z,2026-07-11T14:00:00+0200,942.652,MW,DK2,DK_2,actual_solar_generation,Solar,2026-07-28T18:21:33Z
2026-07-28T18:18:08Z,2026-07-28T20:18:08+0200,139a36cd-3f66-4469-9ae3-07e849d7273d,2026-07-11T12:15:00Z,2026-07-11T14:15:00+0200,906.478,MW,DK2,DK_2,actual_solar_generation,Solar,2026-07-28T18:21:33Z
2026-07-28T18:18:08Z,2026-07-28T20:18:08+0200,139a36cd-3f66-4469-9ae3-07e849d7273d,2026-07-11T12:30:00Z,2026-07-11T14:30:00+0200,889.172,MW,DK2,DK_2,actual_solar_generation,Solar,2026-07-28T18:21:33Z
2026-07-28T18:18:08Z,2026-07-28T20:18:08+0200,139a36cd-3f66-4469-9ae3-07e849d7273d,2026-07-11T12:45:00Z,2026-07-11T14:45:00+0200,879.427,MW,DK2,DK_2,actual_solar_generation,Solar,2026-07-28T18:21:33Z
2026-07-28T18:18:08Z,2026-07-28T20:18:08+0200,139a36cd-3f66-4469-9ae3-07e849d7273d,2026-07-11T13:00:00Z,2026-07-11T15:00:00+0200,891.183,MW,DK2,DK_2,actual_solar_generation,Solar,2026-07-28T18:21:33Z
2026-07-28T18:18:08Z,2026-07-28T20:18:08+0200,139a36cd-3f66-4469-9ae3-07e849d7273d,2026-07-11T13:15:00Z,2026-07-11T15:15:00+0200,935.333,MW,DK2,DK_2,actual_solar_generation,Solar,2026-07-28T18:21:33Z
2026-07-28T18:18:08Z,2026-07-28T20:18:08+0200,139a36cd-3f66-4469-9ae3-07e849d7273d,2026-07-11T13:30:00Z,2026-07-11T15:30:00+0200,968.451,MW,DK2,DK_2,actual_solar_generation,Solar,2026-07-28T18:21:33Z
2026-07-28T18:18:08Z,2026-07-28T20:18:08+0200,139a36cd-3f66-4469-9ae3-07e849d7273d,2026-07-11T13:45:00Z,2026-07-11T15:45:00+0200,912.261,MW,DK2,DK_2,actual_solar_generation,Solar,2026-07-28T18:21:33Z
2026-07-28T18:18:08Z,2026-07-28T20:18:08+0200,139a36cd-3f66-4469-9ae3-07e849d7273d,2026-07-11T14:00:00Z,2026-07-11T16:00:00+0200,916.974,MW,DK2,DK_2,actual_solar_generation,Solar,2026-07-28T18:21:33Z
2026-07-28T18:18:08Z,2026-07-28T20:18:08+0200,139a36cd-3f66-4469-9ae3-07e849d7273d,2026-07-11T14:15:00Z,2026-07-11T16:15:00+0200,859.272,MW,DK2,DK_2,actual_solar_generation,Solar,2026-07-28T18:21:33Z
2026-07-28T18:18:08Z,2026-07-28T20:18:08+0200,139a36cd-3f66-4469-9ae3-07e849d7273d,2026-07-11T14:30:00Z,2026-07-11T16:30:00+0200,825.201,MW,DK2,DK_2,actual_solar_generation,Solar,2026-07-28T18:21:33Z
2026-07-28T18:18:08Z,2026-07-28T20:18:08+0200,139a36cd-3f66-4469-9ae3-07e849d7273d,2026-07-11T14:45:00Z,2026-07-11T16:45:00+0200,833.309,MW,DK2,DK_2,actual_solar_generation,Solar,2026-07-28T18:21:33Z
2026-07-28T18:18:08Z,2026-07-28T20:18:08+0200,139a36cd-3f66-4469-9ae3-07e849d7273d,2026-07-11T15:00:00Z,2026-07-11T17:00:00+0200,752.087,MW,DK2,DK_2,actual_solar_generation,Solar,2026-07-28T18:21:33Z
2026-07-28T18:18:08Z,2026-07-28T20:18:08+0200,139a36cd-3f66-4469-9ae3-07e849d7273d,2026-07-11T15:15:00Z,2026-07-11T17:15:00+0200,723.021,MW,DK2,DK_2,actual_solar_generation,Solar,2026-07-28T18:21:33Z
2026-07-28T18:18:08Z,2026-07-28T20:18:08+0200,139a36cd-3f66-4469-9ae3-07e849d7273d,2026-07-11T15:30:00Z,2026-07-11T17:30:00+0200,642.475,MW,DK2,DK_2,actual_solar_generation,Solar,2026-07-28T18:21:33Z
2026-07-28T18:18:08Z,2026-07-28T20:18:08+0200,139a36cd-3f66-4469-9ae3-07e849d7273d,2026-07-11T15:45:00Z,2026-07-11T17:45:00+0200,568.159,MW,DK2,DK_2,actual_solar_generation,Solar,2026-07-28T18:21:33Z
2026-07-28T18:18:08Z,2026-07-28T20:18:08+0200,139a36cd-3f66-4469-9ae3-07e849d7273d,2026-07-11T16:00:00Z,2026-07-11T18:00:00+0200,527.846,MW,DK2,DK_2,actual_solar_generation,Solar,2026-07-28T18:21:33Z
2026-07-28T18:18:08Z,2026-07-28T20:18:08+0200,139a36cd-3f66-4469-9ae3-07e849d7273d,2026-07-11T16:15:00Z,2026-07-11T18:15:00+0200,489.586,MW,DK2,DK_2,actual_solar_generation,Solar,2026-07-28T18:21:33Z
2026-07-28T18:18:08Z,2026-07-28T20:18:08+0200,139a36cd-3f66-4469-9ae3-07e849d7273d,2026-07-11T16:30:00Z,2026-07-11T18:30:00+0200,457.843,MW,DK2,DK_2,actual_solar_generation,Solar,2026-07-28T18:21:33Z
2026-07-28T18:18:08Z,2026-07-28T20:18:08+0200,139a36cd-3f66-4469-9ae3-07e849d7273d,2026-07-11T16:45:00Z,2026-07-11T18:45:00+0200,396.888,MW,DK2,DK_2,actual_solar_generation,Solar,2026-07-28T18:21:33Z
2026-07-28T18:18:08Z,2026-07-28T20:18:08+0200,139a36cd-3f66-4469-9ae3-07e849d7273d,2026-07-11T17:00:00Z,2026-07-11T19:00:00+0200,308.889,MW,DK2,DK_2,actual_solar_generation,Solar,2026-07-28T18:21:33Z
2026-07-28T18:18:08Z,2026-07-28T20:18:08+0200,139a36cd-3f66-4469-9ae3-07e849d7273d,2026-07-11T17:15:00Z,2026-07-11T19:15:00+0200,229.347,MW,DK2,DK_2,actual_solar_generation,Solar,2026-07-28T18:21:33Z
2026-07-28T18:18:08Z,2026-07-28T20:18:08+0200,139a36cd-3f66-4469-9ae3-07e849d7273d,2026-07-11T17:30:00Z,2026-07-11T19:30:00+0200,190.251,MW,DK2,DK_2,actual_solar_generation,Solar,2026-07-28T18:21:33Z
2026-07-28T18:18:08Z,2026-07-28T20:18:08+0200,139a36cd-3f66-4469-9ae3-07e849d7273d,2026-07-11T17:45:00Z,2026-07-11T19:45:00+0200,153.682,MW,DK2,DK_2,actual_solar_generation,Solar,2026-07-28T18:21:33Z
2026-07-28T18:18:08Z,2026-07-28T20:18:08+0200,139a36cd-3f66-4469-9ae3-07e849d7273d,2026-07-11T18:00:00Z,2026-07-11T20:00:00+0200,112.446,MW,DK2,DK_2,actual_solar_generation,Solar,2026-07-28T18:21:33Z
2026-07-28T18:18:08Z,2026-07-28T20:18:08+0200,139a36cd-3f66-4469-9ae3-07e849d7273d,2026-07-11T18:15:00Z,2026-07-11T20:15:00+0200,78.7248,MW,DK2,DK_2,actual_solar_generation,Solar,2026-07-28T18:21:33Z
2026-07-28T18:18:08Z,2026-07-28T20:18:08+0200,139a36cd-3f66-4469-9ae3-07e849d7273d,2026-07-11T18:30:00Z,2026-07-11T20:30:00+0200,52.7693,MW,DK2,DK_2,actual_solar_generation,Solar,2026-07-28T18:21:33Z
2026-07-28T18:18:08Z,2026-07-28T20:18:08+0200,139a36cd-3f66-4469-9ae3-07e849d7273d,2026-07-11T18:45:00Z,2026-07-11T20:45:00+0200,34.1553,MW,DK2,DK_2,actual_solar_generation,Solar,2026-07-28T18:21:33Z
2026-07-28T18:18:08Z,2026-07-28T20:18:08+0200,139a36cd-3f66-4469-9ae3-07e849d7273d,2026-07-11T19:00:00Z,2026-07-11T21:00:00+0200,26.1511,MW,DK2,DK_2,actual_solar_generation,Solar,2026-07-28T18:21:33Z
2026-07-28T18:18:08Z,2026-07-28T20:18:08+0200,139a36cd-3f66-4469-9ae3-07e849d7273d,2026-07-11T19:15:00Z,2026-07-11T21:15:00+0200,16.7675,MW,DK2,DK_2,actual_solar_generation,Solar,2026-07-28T18:21:33Z
2026-07-28T18:18:08Z,2026-07-28T20:18:08+0200,139a36cd-3f66-4469-9ae3-07e849d7273d,2026-07-11T19:30:00Z,2026-07-11T21:30:00+0200,11.8596,MW,DK2,DK_2,actual_solar_generation,Solar,2026-07-28T18:21:33Z
2026-07-28T18:18:08Z,2026-07-28T20:18:08+0200,139a36cd-3f66-4469-9ae3-07e849d7273d,2026-07-11T19:45:00Z,2026-07-11T21:45:00+0200,8.86922,MW,DK2,DK_2,actual_solar_generation,Solar,2026-07-28T18:21:33Z
2026-07-28T18:18:08Z,2026-07-28T20:18:08+0200,139a36cd-3f66-4469-9ae3-07e849d7273d,2026-07-11T20:00:00Z,2026-07-11T22:00:00+0200,4.07454,MW,DK2,DK_2,actual_solar_generation,Solar,2026-07-28T18:21:33Z
2026-07-28T18:18:08Z,2026-07-28T20:18:08+0200,139a36cd-3f66-4469-9ae3-07e849d7273d,2026-07-11T20:15:00Z,2026-07-11T22:15:00+0200,1.25879,MW,DK2,DK_2,actual_solar_generation,Solar,2026-07-28T18:21:33Z
2026-07-28T18:18:08Z,2026-07-28T20:18:08+0200,139a36cd-3f66-4469-9ae3-07e849d7273d,2026-07-11T20:30:00Z,2026-07-11T22:30:00+0200,0.231716,MW,DK2,DK_2,actual_solar_generation,Solar,2026-07-28T18:21:33Z
2026-07-28T18:18:08Z,2026-07-28T20:18:08+0200,139a36cd-3f66-4469-9ae3-07e849d7273d,2026-07-11T20:45:00Z,2026-07-11T22:45:00+0200,0.089933,MW,DK2,DK_2,actual_solar_generation,Solar,2026-07-28T18:21:33Z
2026-07-28T18:18:08Z,2026-07-28T20:18:08+0200,139a36cd-3f66-4469-9ae3-07e849d7273d,2026-07-12T02:45:00Z,2026-07-12T04:45:00+0200,0.810194,MW,DK2,DK_2,actual_solar_generation,Solar,2026-07-28T18:21:33Z
2026-07-28T18:18:08Z,2026-07-28T20:18:08+0200,139a36cd-3f66-4469-9ae3-07e849d7273d,2026-07-12T03:00:00Z,2026-07-12T05:00:00+0200,9.9865,MW,DK2,DK_2,actual_solar_generation,Solar,2026-07-28T18:21:33Z
2026-07-28T18:18:08Z,2026-07-28T20:18:08+0200,139a36cd-3f66-4469-9ae3-07e849d7273d,2026-07-12T03:15:00Z,2026-07-12T05:15:00+0200,20.61,MW,DK2,DK_2,actual_solar_generation,Solar,2026-07-28T18:21:33Z
2026-07-28T18:18:08Z,2026-07-28T20:18:08+0200,139a36cd-3f66-4469-9ae3-07e849d7273d,2026-07-12T03:30:00Z,2026-07-12T05:30:00+0200,36.6972,MW,DK2,DK_2,actual_solar_generation,Solar,2026-07-28T18:21:33Z
2026-07-28T18:18:08Z,2026-07-28T20:18:08+0200,139a36cd-3f66-4469-9ae3-07e849d7273d,2026-07-12T03:45:00Z,2026-07-12T05:45:00+0200,54.3293,MW,DK2,DK_2,actual_solar_generation,Solar,2026-07-28T18:21:33Z
2026-07-28T18:18:08Z,2026-07-28T20:18:08+0200,139a36cd-3f66-4469-9ae3-07e849d7273d,2026-07-12T04:00:00Z,2026-07-12T06:00:00+0200,84.984,MW,DK2,DK_2,actual_solar_generation,Solar,2026-07-28T18:21:33Z
2026-07-28T18:18:08Z,2026-07-28T20:18:08+0200,139a36cd-3f66-4469-9ae3-07e849d7273d,2026-07-12T04:15:00Z,2026-07-12T06:15:00+0200,112.131,MW,DK2,DK_2,actual_solar_generation,Solar,2026-07-28T18:21:33Z
2026-07-28T18:18:08Z,2026-07-28T20:18:08+0200,139a36cd-3f66-4469-9ae3-07e849d7273d,2026-07-12T04:30:00Z,2026-07-12T06:30:00+0200,139.351,MW,DK2,DK_2,actual_solar_generation,Solar,2026-07-28T18:21:33Z
2026-07-28T18:18:08Z,2026-07-28T20:18:08+0200,139a36cd-3f66-4469-9ae3-07e849d7273d,2026-07-12T04:45:00Z,2026-07-12T06:45:00+0200,176.454,MW,DK2,DK_2,actual_solar_generation,Solar,2026-07-28T18:21:33Z
2026-07-28T18:18:08Z,2026-07-28T20:18:08+0200,139a36cd-3f66-4469-9ae3-07e849d7273d,2026-07-12T05:00:00Z,2026-07-12T07:00:00+0200,221.247,MW,DK2,DK_2,actual_solar_generation,Solar,2026-07-28T18:21:33Z
2026-07-28T18:18:08Z,2026-07-28T20:18:08+0200,139a36cd-3f66-4469-9ae3-07e849d7273d,2026-07-12T05:15:00Z,2026-07-12T07:15:00+0200,273.406,MW,DK2,DK_2,actual_solar_generation,Solar,2026-07-28T18:21:33Z
2026-07-28T18:18:08Z,2026-07-28T20:18:08+0200,139a36cd-3f66-4469-9ae3-07e849d7273d,2026-07-12T05:30:00Z,2026-07-12T07:30:00+0200,322.762,MW,DK2,DK_2,actual_solar_generation,Solar,2026-07-28T18:21:33Z
2026-07-28T18:18:08Z,2026-07-28T20:18:08+0200,139a36cd-3f66-4469-9ae3-07e849d7273d,2026-07-12T05:45:00Z,2026-07-12T07:45:00+0200,394.13,MW,DK2,DK_2,actual_solar_generation,Solar,2026-07-28T18:21:33Z
2026-07-28T18:18:08Z,2026-07-28T20:18:08+0200,139a36cd-3f66-4469-9ae3-07e849d7273d,2026-07-12T06:00:00Z,2026-07-12T08:00:00+0200,468.876,MW,DK2,DK_2,actual_solar_generation,Solar,2026-07-28T18:21:33Z
2026-07-28T18:18:08Z,2026-07-28T20:18:08+0200,139a36cd-3f66-4469-9ae3-07e849d7273d,2026-07-12T06:15:00Z,2026-07-12T08:15:00+0200,531.293,MW,DK2,DK_2,actual_solar_generation,Solar,2026-07-28T18:21:33Z
2026-07-28T18:18:08Z,2026-07-28T20:18:08+0200,139a36cd-3f66-4469-9ae3-07e849d7273d,2026-07-12T06:30:00Z,2026-07-12T08:30:00+0200,595.741,MW,DK2,DK_2,actual_solar_generation,Solar,2026-07-28T18:21:33Z
2026-07-28T18:18:08Z,2026-07-28T20:18:08+0200,139a36cd-3f66-4469-9ae3-07e849d7273d,2026-07-12T06:45:00Z,2026-07-12T08:45:00+0200,643.864,MW,DK2,DK_2,actual_solar_generation,Solar,2026-07-28T18:21:33Z
2026-07-28T18:18:08Z,2026-07-28T20:18:08+0200,139a36cd-3f66-4469-9ae3-07e849d7273d,2026-07-12T07:00:00Z,2026-07-12T09:00:00+0200,637.848,MW,DK2,DK_2,actual_solar_generation,Solar,2026-07-28T18:21:33Z
2026-07-28T18:18:08Z,2026-07-28T20:18:08+0200,139a36cd-3f66-4469-9ae3-07e849d7273d,2026-07-12T07:15:00Z,2026-07-12T09:15:00+0200,750.076,MW,DK2,DK_2,actual_solar_generation,Solar,2026-07-28T18:21:33Z
2026-07-28T18:18:08Z,2026-07-28T20:18:08+0200,139a36cd-3f66-4469-9ae3-07e849d7273d,2026-07-12T07:30:00Z,2026-07-12T09:30:00+0200,741.226,MW,DK2,DK_2,actual_solar_generation,Solar,2026-07-28T18:21:33Z
2026-07-28T18:18:08Z,2026-07-28T20:18:08+0200,139a36cd-3f66-4469-9ae3-07e849d7273d,2026-07-12T07:45:00Z,2026-07-12T09:45:00+0200,865.747,MW,DK2,DK_2,actual_solar_generation,Solar,2026-07-28T18:21:33Z
2026-07-28T18:18:08Z,2026-07-28T20:18:08+0200,139a36cd-3f66-4469-9ae3-07e849d7273d,2026-07-12T08:00:00Z,2026-07-12T10:00:00+0200,908.365,MW,DK2,DK_2,actual_solar_generation,Solar,2026-07-28T18:21:33Z
2026-07-28T18:18:08Z,2026-07-28T20:18:08+0200,139a36cd-3f66-4469-9ae3-07e849d7273d,2026-07-12T08:15:00Z,2026-07-12T10:15:00+0200,944.54,MW,DK2,DK_2,actual_solar_generation,Solar,2026-07-28T18:21:33Z
2026-07-28T18:18:08Z,2026-07-28T20:18:08+0200,139a36cd-3f66-4469-9ae3-07e849d7273d,2026-07-12T08:30:00Z,2026-07-12T10:30:00+0200,971.249,MW,DK2,DK_2,actual_solar_generation,Solar,2026-07-28T18:21:33Z
2026-07-28T18:18:08Z,2026-07-28T20:18:08+0200,139a36cd-3f66-4469-9ae3-07e849d7273d,2026-07-12T08:45:00Z,2026-07-12T10:45:00+0200,983.857,MW,DK2,DK_2,actual_solar_generation,Solar,2026-07-28T18:21:33Z
2026-07-28T18:18:08Z,2026-07-28T20:18:08+0200,139a36cd-3f66-4469-9ae3-07e849d7273d,2026-07-12T09:00:00Z,2026-07-12T11:00:00+0200,987.379,MW,DK2,DK_2,actual_solar_generation,Solar,2026-07-28T18:21:33Z
2026-07-28T18:18:08Z,2026-07-28T20:18:08+0200,139a36cd-3f66-4469-9ae3-07e849d7273d,2026-07-12T09:15:00Z,2026-07-12T11:15:00+0200,1014.48,MW,DK2,DK_2,actual_solar_generation,Solar,2026-07-28T18:21:33Z
2026-07-28T18:18:08Z,2026-07-28T20:18:08+0200,139a36cd-3f66-4469-9ae3-07e849d7273d,2026-07-12T09:30:00Z,2026-07-12T11:30:00+0200,947.994,MW,DK2,DK_2,actual_solar_generation,Solar,2026-07-28T18:21:33Z
2026-07-28T18:18:08Z,2026-07-28T20:18:08+0200,139a36cd-3f66-4469-9ae3-07e849d7273d,2026-07-12T09:45:00Z,2026-07-12T11:45:00+0200,938.615,MW,DK2,DK_2,actual_solar_generation,Solar,2026-07-28T18:21:33Z
2026-07-28T18:18:08Z,2026-07-28T20:18:08+0200,139a36cd-3f66-4469-9ae3-07e849d7273d,2026-07-12T10:00:00Z,2026-07-12T12:00:00+0200,1058.7,MW,DK2,DK_2,actual_solar_generation,Solar,2026-07-28T18:21:33Z
2026-07-28T18:18:08Z,2026-07-28T20:18:08+0200,139a36cd-3f66-4469-9ae3-07e849d7273d,2026-07-12T10:15:00Z,2026-07-12T12:15:00+0200,1034.29,MW,DK2,DK_2,actual_solar_generation,Solar,2026-07-28T18:21:33Z
2026-07-28T18:18:08Z,2026-07-28T20:18:08+0200,139a36cd-3f66-4469-9ae3-07e849d7273d,2026-07-12T10:30:00Z,2026-07-12T12:30:00+0200,1087.75,MW,DK2,DK_2,actual_solar_generation,Solar,2026-07-28T18:21:33Z
2026-07-28T18:18:08Z,2026-07-28T20:18:08+0200,139a36cd-3f66-4469-9ae3-07e849d7273d,2026-07-12T10:45:00Z,2026-07-12T12:45:00+0200,1082.72,MW,DK2,DK_2,actual_solar_generation,Solar,2026-07-28T18:21:33Z
2026-07-28T18:18:08Z,2026-07-28T20:18:08+0200,139a36cd-3f66-4469-9ae3-07e849d7273d,2026-07-12T11:00:00Z,2026-07-12T13:00:00+0200,1052.03,MW,DK2,DK_2,actual_solar_generation,Solar,2026-07-28T18:21:33Z
2026-07-28T18:18:08Z,2026-07-28T20:18:08+0200,139a36cd-3f66-4469-9ae3-07e849d7273d,2026-07-12T11:15:00Z,2026-07-12T13:15:00+0200,1035.84,MW,DK2,DK_2,actual_solar_generation,Solar,2026-07-28T18:21:33Z
2026-07-28T18:18:08Z,2026-07-28T20:18:08+0200,139a36cd-3f66-4469-9ae3-07e849d7273d,2026-07-12T11:30:00Z,2026-07-12T13:30:00+0200,943.207,MW,DK2,DK_2,actual_solar_generation,Solar,2026-07-28T18:21:33Z
2026-07-28T18:18:08Z,2026-07-28T20:18:08+0200,139a36cd-3f66-4469-9ae3-07e849d7273d,2026-07-12T11:45:00Z,2026-07-12T13:45:00+0200,943.321,MW,DK2,DK_2,actual_solar_generation,Solar,2026-07-28T18:21:33Z
2026-07-28T18:18:08Z,2026-07-28T20:18:08+0200,139a36cd-3f66-4469-9ae3-07e849d7273d,2026-07-12T12:00:00Z,2026-07-12T14:00:00+0200,904.185,MW,DK2,DK_2,actual_solar_generation,Solar,2026-07-28T18:21:33Z
2026-07-28T18:18:08Z,2026-07-28T20:18:08+0200,139a36cd-3f66-4469-9ae3-07e849d7273d,2026-07-12T12:15:00Z,2026-07-12T14:15:00+0200,876.808,MW,DK2,DK_2,actual_solar_generation,Solar,2026-07-28T18:21:33Z
2026-07-28T18:18:08Z,2026-07-28T20:18:08+0200,139a36cd-3f66-4469-9ae3-07e849d7273d,2026-07-12T12:30:00Z,2026-07-12T14:30:00+0200,866.688,MW,DK2,DK_2,actual_solar_generation,Solar,2026-07-28T18:21:33Z
2026-07-28T18:18:08Z,2026-07-28T20:18:08+0200,139a36cd-3f66-4469-9ae3-07e849d7273d,2026-07-12T12:45:00Z,2026-07-12T14:45:00+0200,837.338,MW,DK2,DK_2,actual_solar_generation,Solar,2026-07-28T18:21:33Z
2026-07-28T18:18:08Z,2026-07-28T20:18:08+0200,139a36cd-3f66-4469-9ae3-07e849d7273d,2026-07-12T13:00:00Z,2026-07-12T15:00:00+0200,794.753,MW,DK2,DK_2,actual_solar_generation,Solar,2026-07-28T18:21:33Z
2026-07-28T18:18:08Z,2026-07-28T20:18:08+0200,139a36cd-3f66-4469-9ae3-07e849d7273d,2026-07-12T13:15:00Z,2026-07-12T15:15:00+0200,838.716,MW,DK2,DK_2,actual_solar_generation,Solar,2026-07-28T18:21:33Z
2026-07-28T18:18:08Z,2026-07-28T20:18:08+0200,139a36cd-3f66-4469-9ae3-07e849d7273d,2026-07-12T13:30:00Z,2026-07-12T15:30:00+0200,731.329,MW,DK2,DK_2,actual_solar_generation,Solar,2026-07-28T18:21:33Z
2026-07-28T18:18:08Z,2026-07-28T20:18:08+0200,139a36cd-3f66-4469-9ae3-07e849d7273d,2026-07-12T13:45:00Z,2026-07-12T15:45:00+0200,655.015,MW,DK2,DK_2,actual_solar_generation,Solar,2026-07-28T18:21:33Z
2026-07-28T18:18:08Z,2026-07-28T20:18:08+0200,139a36cd-3f66-4469-9ae3-07e849d7273d,2026-07-12T14:00:00Z,2026-07-12T16:00:00+0200,645.06,MW,DK2,DK_2,actual_solar_generation,Solar,2026-07-28T18:21:33Z
2026-07-28T18:18:08Z,2026-07-28T20:18:08+0200,139a36cd-3f66-4469-9ae3-07e849d7273d,2026-07-12T14:15:00Z,2026-07-12T16:15:00+0200,556.485,MW,DK2,DK_2,actual_solar_generation,Solar,2026-07-28T18:21:33Z
2026-07-28T18:18:08Z,2026-07-28T20:18:08+0200,139a36cd-3f66-4469-9ae3-07e849d7273d,2026-07-12T14:30:00Z,2026-07-12T16:30:00+0200,564.702,MW,DK2,DK_2,actual_solar_generation,Solar,2026-07-28T18:21:33Z
2026-07-28T18:18:08Z,2026-07-28T20:18:08+0200,139a36cd-3f66-4469-9ae3-07e849d7273d,2026-07-12T14:45:00Z,2026-07-12T16:45:00+0200,562.658,MW,DK2,DK_2,actual_solar_generation,Solar,2026-07-28T18:21:33Z
2026-07-28T18:18:08Z,2026-07-28T20:18:08+0200,139a36cd-3f66-4469-9ae3-07e849d7273d,2026-07-12T15:00:00Z,2026-07-12T17:00:00+0200,524.532,MW,DK2,DK_2,actual_solar_generation,Solar,2026-07-28T18:21:33Z
2026-07-28T18:18:08Z,2026-07-28T20:18:08+0200,139a36cd-3f66-4469-9ae3-07e849d7273d,2026-07-12T15:15:00Z,2026-07-12T17:15:00+0200,483.785,MW,DK2,DK_2,actual_solar_generation,Solar,2026-07-28T18:21:33Z
2026-07-28T18:18:08Z,2026-07-28T20:18:08+0200,139a36cd-3f66-4469-9ae3-07e849d7273d,2026-07-12T15:30:00Z,2026-07-12T17:30:00+0200,386.247,MW,DK2,DK_2,actual_solar_generation,Solar,2026-07-28T18:21:33Z
2026-07-28T18:18:08Z,2026-07-28T20:18:08+0200,139a36cd-3f66-4469-9ae3-07e849d7273d,2026-07-12T15:45:00Z,2026-07-12T17:45:00+0200,355.705,MW,DK2,DK_2,actual_solar_generation,Solar,2026-07-28T18:21:33Z
2026-07-28T18:18:08Z,2026-07-28T20:18:08+0200,139a36cd-3f66-4469-9ae3-07e849d7273d,2026-07-12T16:00:00Z,2026-07-12T18:00:00+0200,310.667,MW,DK2,DK_2,actual_solar_generation,Solar,2026-07-28T18:21:33Z
2026-07-28T18:18:08Z,2026-07-28T20:18:08+0200,139a36cd-3f66-4469-9ae3-07e849d7273d,2026-07-12T16:15:00Z,2026-07-12T18:15:00+0200,265.165,MW,DK2,DK_2,actual_solar_generation,Solar,2026-07-28T18:21:33Z
2026-07-28T18:18:08Z,2026-07-28T20:18:08+0200,139a36cd-3f66-4469-9ae3-07e849d7273d,2026-07-12T16:30:00Z,2026-07-12T18:30:00+0200,230.406,MW,DK2,DK_2,actual_solar_generation,Solar,2026-07-28T18:21:33Z
2026-07-28T18:18:08Z,2026-07-28T20:18:08+0200,139a36cd-3f66-4469-9ae3-07e849d7273d,2026-07-12T16:45:00Z,2026-07-12T18:45:00+0200,273.453,MW,DK2,DK_2,actual_solar_generation,Solar,2026-07-28T18:21:33Z
2026-07-28T18:18:08Z,2026-07-28T20:18:08+0200,139a36cd-3f66-4469-9ae3-07e849d7273d,2026-07-12T17:00:00Z,2026-07-12T19:00:00+0200,270.007,MW,DK2,DK_2,actual_solar_generation,Solar,2026-07-28T18:21:33Z
2026-07-28T18:18:08Z,2026-07-28T20:18:08+0200,139a36cd-3f66-4469-9ae3-07e849d7273d,2026-07-12T17:15:00Z,2026-07-12T19:15:00+0200,224.139,MW,DK2,DK_2,actual_solar_generation,Solar,2026-07-28T18:21:33Z
2026-07-28T18:18:08Z,2026-07-28T20:18:08+0200,139a36cd-3f66-4469-9ae3-07e849d7273d,2026-07-12T17:30:00Z,2026-07-12T19:30:00+0200,183.554,MW,DK2,DK_2,actual_solar_generation,Solar,2026-07-28T18:21:33Z
2026-07-28T18:18:08Z,2026-07-28T20:18:08+0200,139a36cd-3f66-4469-9ae3-07e849d7273d,2026-07-12T17:45:00Z,2026-07-12T19:45:00+0200,145.789,MW,DK2,DK_2,actual_solar_generation,Solar,2026-07-28T18:21:33Z
2026-07-28T18:18:08Z,2026-07-28T20:18:08+0200,139a36cd-3f66-4469-9ae3-07e849d7273d,2026-07-12T18:00:00Z,2026-07-12T20:00:00+0200,104.605,MW,DK2,DK_2,actual_solar_generation,Solar,2026-07-28T18:21:33Z
2026-07-28T18:18:08Z,2026-07-28T20:18:08+0200,139a36cd-3f66-4469-9ae3-07e849d7273d,2026-07-12T18:15:00Z,2026-07-12T20:15:00+0200,78.627,MW,DK2,DK_2,actual_solar_generation,Solar,2026-07-28T18:21:33Z
2026-07-28T18:18:08Z,2026-07-28T20:18:08+0200,139a36cd-3f66-4469-9ae3-07e849d7273d,2026-07-12T18:30:00Z,2026-07-12T20:30:00+0200,64.5444,MW,DK2,DK_2,actual_solar_generation,Solar,2026-07-28T18:21:33Z
2026-07-28T18:18:08Z,2026-07-28T20:18:08+0200,139a36cd-3f66-4469-9ae3-07e849d7273d,2026-07-12T18:45:00Z,2026-07-12T20:45:00+0200,44.3764,MW,DK2,DK_2,actual_solar_generation,Solar,2026-07-28T18:21:33Z
2026-07-28T18:18:08Z,2026-07-28T20:18:08+0200,139a36cd-3f66-4469-9ae3-07e849d7273d,2026-07-12T19:00:00Z,2026-07-12T21:00:00+0200,29.0004,MW,DK2,DK_2,actual_solar_generation,Solar,2026-07-28T18:21:33Z
2026-07-28T18:18:08Z,2026-07-28T20:18:08+0200,139a36cd-3f66-4469-9ae3-07e849d7273d,2026-07-12T19:15:00Z,2026-07-12T21:15:00+0200,16.0178,MW,DK2,DK_2,actual_solar_generation,Solar,2026-07-28T18:21:33Z
2026-07-28T18:18:08Z,2026-07-28T20:18:08+0200,139a36cd-3f66-4469-9ae3-07e849d7273d,2026-07-12T19:30:00Z,2026-07-12T21:30:00+0200,6.76835,MW,DK2,DK_2,actual_solar_generation,Solar,2026-07-28T18:21:33Z
2026-07-28T18:18:08Z,2026-07-28T20:18:08+0200,139a36cd-3f66-4469-9ae3-07e849d7273d,2026-07-12T19:45:00Z,2026-07-12T21:45:00+0200,0.594783,MW,DK2,DK_2,actual_solar_generation,Solar,2026-07-28T18:21:33Z
2026-07-28T18:18:08Z,2026-07-28T20:18:08+0200,139a36cd-3f66-4469-9ae3-07e849d7273d,2026-07-12T20:00:00Z,2026-07-12T22:00:00+0200,7.86334,MW,DK2,DK_2,actual_solar_generation,Solar,2026-07-28T18:21:33Z
2026-07-28T18:18:08Z,2026-07-28T20:18:08+0200,139a36cd-3f66-4469-9ae3-07e849d7273d,2026-07-12T20:15:00Z,2026-07-12T22:15:00+0200,8.52318,MW,DK2,DK_2,actual_solar_generation,Solar,2026-07-28T18:21:33Z
2026-07-28T18:18:08Z,2026-07-28T20:18:08+0200,139a36cd-3f66-4469-9ae3-07e849d7273d,2026-07-12T20:30:00Z,2026-07-12T22:30:00+0200,8.61463,MW,DK2,DK_2,actual_solar_generation,Solar,2026-07-28T18:21:33Z
2026-07-28T18:18:08Z,2026-07-28T20:18:08+0200,139a36cd-3f66-4469-9ae3-07e849d7273d,2026-07-12T20:45:00Z,2026-07-12T22:45:00+0200,8.56865,MW,DK2,DK_2,actual_solar_generation,Solar,2026-07-28T18:21:33Z
2026-07-28T18:18:08Z,2026-07-28T20:18:08+0200,139a36cd-3f66-4469-9ae3-07e849d7273d,2026-07-12T21:00:00Z,2026-07-12T23:00:00+0200,5.73271,MW,DK2,DK_2,actual_solar_generation,Solar,2026-07-28T18:21:33Z
2026-07-28T18:18:08Z,2026-07-28T20:18:08+0200,139a36cd-3f66-4469-9ae3-07e849d7273d,2026-07-12T21:15:00Z,2026-07-12T23:15:00+0200,3.98498,MW,DK2,DK_2,actual_solar_generation,Solar,2026-07-28T18:21:33Z
2026-07-28T18:18:08Z,2026-07-28T20:18:08+0200,139a36cd-3f66-4469-9ae3-07e849d7273d,2026-07-13T02:45:00Z,2026-07-13T04:45:00+0200,0.153202,MW,DK2,DK_2,actual_solar_generation,Solar,2026-07-28T18:21:33Z
2026-07-28T18:18:08Z,2026-07-28T20:18:08+0200,139a36cd-3f66-4469-9ae3-07e849d7273d,2026-07-13T03:00:00Z,2026-07-13T05:00:00+0200,4.17358,MW,DK2,DK_2,actual_solar_generation,Solar,2026-07-28T18:21:33Z
2026-07-28T18:18:08Z,2026-07-28T20:18:08+0200,139a36cd-3f66-4469-9ae3-07e849d7273d,2026-07-13T03:15:00Z,2026-07-13T05:15:00+0200,11.9881,MW,DK2,DK_2,actual_solar_generation,Solar,2026-07-28T18:21:33Z
2026-07-28T18:18:08Z,2026-07-28T20:18:08+0200,139a36cd-3f66-4469-9ae3-07e849d7273d,2026-07-13T03:30:00Z,2026-07-13T05:30:00+0200,24.8914,MW,DK2,DK_2,actual_solar_generation,Solar,2026-07-28T18:21:33Z
2026-07-28T18:18:08Z,2026-07-28T20:18:08+0200,139a36cd-3f66-4469-9ae3-07e849d7273d,2026-07-13T03:45:00Z,2026-07-13T05:45:00+0200,42.6035,MW,DK2,DK_2,actual_solar_generation,Solar,2026-07-28T18:21:33Z
2026-07-28T18:18:08Z,2026-07-28T20:18:08+0200,139a36cd-3f66-4469-9ae3-07e849d7273d,2026-07-13T04:00:00Z,2026-07-13T06:00:00+0200,67.231,MW,DK2,DK_2,actual_solar_generation,Solar,2026-07-28T18:21:33Z
2026-07-28T18:18:08Z,2026-07-28T20:18:08+0200,139a36cd-3f66-4469-9ae3-07e849d7273d,2026-07-13T04:15:00Z,2026-07-13T06:15:00+0200,89.9873,MW,DK2,DK_2,actual_solar_generation,Solar,2026-07-28T18:21:33Z
2026-07-28T18:18:08Z,2026-07-28T20:18:08+0200,139a36cd-3f66-4469-9ae3-07e849d7273d,2026-07-13T04:30:00Z,2026-07-13T06:30:00+0200,120.634,MW,DK2,DK_2,actual_solar_generation,Solar,2026-07-28T18:21:33Z
2026-07-28T18:18:08Z,2026-07-28T20:18:08+0200,139a36cd-3f66-4469-9ae3-07e849d7273d,2026-07-13T04:45:00Z,2026-07-13T06:45:00+0200,147.545,MW,DK2,DK_2,actual_solar_generation,Solar,2026-07-28T18:21:33Z
2026-07-28T18:18:08Z,2026-07-28T20:18:08+0200,139a36cd-3f66-4469-9ae3-07e849d7273d,2026-07-13T05:00:00Z,2026-07-13T07:00:00+0200,159.929,MW,DK2,DK_2,actual_solar_generation,Solar,2026-07-28T18:21:33Z
2026-07-28T18:18:08Z,2026-07-28T20:18:08+0200,139a36cd-3f66-4469-9ae3-07e849d7273d,2026-07-13T05:15:00Z,2026-07-13T07:15:00+0200,199.039,MW,DK2,DK_2,actual_solar_generation,Solar,2026-07-28T18:21:33Z
2026-07-28T18:18:08Z,2026-07-28T20:18:08+0200,139a36cd-3f66-4469-9ae3-07e849d7273d,2026-07-13T05:30:00Z,2026-07-13T07:30:00+0200,236.396,MW,DK2,DK_2,actual_solar_generation,Solar,2026-07-28T18:21:33Z
2026-07-28T18:18:08Z,2026-07-28T20:18:08+0200,139a36cd-3f66-4469-9ae3-07e849d7273d,2026-07-13T05:45:00Z,2026-07-13T07:45:00+0200,278.266,MW,DK2,DK_2,actual_solar_generation,Solar,2026-07-28T18:21:33Z
2026-07-28T18:18:08Z,2026-07-28T20:18:08+0200,139a36cd-3f66-4469-9ae3-07e849d7273d,2026-07-13T06:00:00Z,2026-07-13T08:00:00+0200,379.86,MW,DK2,DK_2,actual_solar_generation,Solar,2026-07-28T18:21:33Z
2026-07-28T18:18:08Z,2026-07-28T20:18:08+0200,139a36cd-3f66-4469-9ae3-07e849d7273d,2026-07-13T06:15:00Z,2026-07-13T08:15:00+0200,464.831,MW,DK2,DK_2,actual_solar_generation,Solar,2026-07-28T18:21:33Z
2026-07-28T18:18:08Z,2026-07-28T20:18:08+0200,139a36cd-3f66-4469-9ae3-07e849d7273d,2026-07-13T06:30:00Z,2026-07-13T08:30:00+0200,516.954,MW,DK2,DK_2,actual_solar_generation,Solar,2026-07-28T18:21:33Z
2026-07-28T18:18:08Z,2026-07-28T20:18:08+0200,139a36cd-3f66-4469-9ae3-07e849d7273d,2026-07-13T06:45:00Z,2026-07-13T08:45:00+0200,509.679,MW,DK2,DK_2,actual_solar_generation,Solar,2026-07-28T18:21:33Z
2026-07-28T18:18:08Z,2026-07-28T20:18:08+0200,139a36cd-3f66-4469-9ae3-07e849d7273d,2026-07-13T07:00:00Z,2026-07-13T09:00:00+0200,422.026,MW,DK2,DK_2,actual_solar_generation,Solar,2026-07-28T18:21:33Z
2026-07-28T18:18:08Z,2026-07-28T20:18:08+0200,139a36cd-3f66-4469-9ae3-07e849d7273d,2026-07-13T07:15:00Z,2026-07-13T09:15:00+0200,496.916,MW,DK2,DK_2,actual_solar_generation,Solar,2026-07-28T18:21:33Z
2026-07-28T18:18:08Z,2026-07-28T20:18:08+0200,139a36cd-3f66-4469-9ae3-07e849d7273d,2026-07-13T07:30:00Z,2026-07-13T09:30:00+0200,632.1,MW,DK2,DK_2,actual_solar_generation,Solar,2026-07-28T18:21:33Z
2026-07-28T18:18:08Z,2026-07-28T20:18:08+0200,139a36cd-3f66-4469-9ae3-07e849d7273d,2026-07-13T07:45:00Z,2026-07-13T09:45:00+0200,678.203,MW,DK2,DK_2,actual_solar_generation,Solar,2026-07-28T18:21:33Z
2026-07-28T18:18:08Z,2026-07-28T20:18:08+0200,139a36cd-3f66-4469-9ae3-07e849d7273d,2026-07-13T08:00:00Z,2026-07-13T10:00:00+0200,710.067,MW,DK2,DK_2,actual_solar_generation,Solar,2026-07-28T18:21:33Z
2026-07-28T18:18:08Z,2026-07-28T20:18:08+0200,139a36cd-3f66-4469-9ae3-07e849d7273d,2026-07-13T08:15:00Z,2026-07-13T10:15:00+0200,719.659,MW,DK2,DK_2,actual_solar_generation,Solar,2026-07-28T18:21:33Z
2026-07-28T18:18:08Z,2026-07-28T20:18:08+0200,139a36cd-3f66-4469-9ae3-07e849d7273d,2026-07-13T08:30:00Z,2026-07-13T10:30:00+0200,710.469,MW,DK2,DK_2,actual_solar_generation,Solar,2026-07-28T18:21:33Z
2026-07-28T18:18:08Z,2026-07-28T20:18:08+0200,139a36cd-3f66-4469-9ae3-07e849d7273d,2026-07-13T08:45:00Z,2026-07-13T10:45:00+0200,783.06,MW,DK2,DK_2,actual_solar_generation,Solar,2026-07-28T18:21:33Z
2026-07-28T18:18:08Z,2026-07-28T20:18:08+0200,139a36cd-3f66-4469-9ae3-07e849d7273d,2026-07-13T09:00:00Z,2026-07-13T11:00:00+0200,768.951,MW,DK2,DK_2,actual_solar_generation,Solar,2026-07-28T18:21:33Z
2026-07-28T18:18:08Z,2026-07-28T20:18:08+0200,139a36cd-3f66-4469-9ae3-07e849d7273d,2026-07-13T09:15:00Z,2026-07-13T11:15:00+0200,658.433,MW,DK2,DK_2,actual_solar_generation,Solar,2026-07-28T18:21:33Z
2026-07-28T18:18:08Z,2026-07-28T20:18:08+0200,139a36cd-3f66-4469-9ae3-07e849d7273d,2026-07-13T09:30:00Z,2026-07-13T11:30:00+0200,602.309,MW,DK2,DK_2,actual_solar_generation,Solar,2026-07-28T18:21:33Z
2026-07-28T18:18:08Z,2026-07-28T20:18:08+0200,139a36cd-3f66-4469-9ae3-07e849d7273d,2026-07-13T09:45:00Z,2026-07-13T11:45:00+0200,610.45,MW,DK2,DK_2,actual_solar_generation,Solar,2026-07-28T18:21:33Z
2026-07-28T18:18:08Z,2026-07-28T20:18:08+0200,139a36cd-3f66-4469-9ae3-07e849d7273d,2026-07-13T10:00:00Z,2026-07-13T12:00:00+0200,652.922,MW,DK2,DK_2,actual_solar_generation,Solar,2026-07-28T18:21:33Z
2026-07-28T18:18:08Z,2026-07-28T20:18:08+0200,139a36cd-3f66-4469-9ae3-07e849d7273d,2026-07-13T10:15:00Z,2026-07-13T12:15:00+0200,614.327,MW,DK2,DK_2,actual_solar_generation,Solar,2026-07-28T18:21:33Z
2026-07-28T18:18:08Z,2026-07-28T20:18:08+0200,139a36cd-3f66-4469-9ae3-07e849d7273d,2026-07-13T10:30:00Z,2026-07-13T12:30:00+0200,586.054,MW,DK2,DK_2,actual_solar_generation,Solar,2026-07-28T18:21:33Z
2026-07-28T18:18:08Z,2026-07-28T20:18:08+0200,139a36cd-3f66-4469-9ae3-07e849d7273d,2026-07-13T10:45:00Z,2026-07-13T12:45:00+0200,621.253,MW,DK2,DK_2,actual_solar_generation,Solar,2026-07-28T18:21:33Z
2026-07-28T18:18:08Z,2026-07-28T20:18:08+0200,139a36cd-3f66-4469-9ae3-07e849d7273d,2026-07-13T11:00:00Z,2026-07-13T13:00:00+0200,581.712,MW,DK2,DK_2,actual_solar_generation,Solar,2026-07-28T18:21:33Z
2026-07-28T18:18:08Z,2026-07-28T20:18:08+0200,139a36cd-3f66-4469-9ae3-07e849d7273d,2026-07-13T11:15:00Z,2026-07-13T13:15:00+0200,595.325,MW,DK2,DK_2,actual_solar_generation,Solar,2026-07-28T18:21:33Z
2026-07-28T18:18:08Z,2026-07-28T20:18:08+0200,139a36cd-3f66-4469-9ae3-07e849d7273d,2026-07-13T11:30:00Z,2026-07-13T13:30:00+0200,716.396,MW,DK2,DK_2,actual_solar_generation,Solar,2026-07-28T18:21:33Z
2026-07-28T18:18:08Z,2026-07-28T20:18:08+0200,139a36cd-3f66-4469-9ae3-07e849d7273d,2026-07-13T11:45:00Z,2026-07-13T13:45:00+0200,812.231,MW,DK2,DK_2,actual_solar_generation,Solar,2026-07-28T18:21:33Z
2026-07-28T18:18:08Z,2026-07-28T20:18:08+0200,139a36cd-3f66-4469-9ae3-07e849d7273d,2026-07-13T12:00:00Z,2026-07-13T14:00:00+0200,823.549,MW,DK2,DK_2,actual_solar_generation,Solar,2026-07-28T18:21:33Z
2026-07-28T18:18:08Z,2026-07-28T20:18:08+0200,139a36cd-3f66-4469-9ae3-07e849d7273d,2026-07-13T12:15:00Z,2026-07-13T14:15:00+0200,706.315,MW,DK2,DK_2,actual_solar_generation,Solar,2026-07-28T18:21:33Z
2026-07-28T18:18:08Z,2026-07-28T20:18:08+0200,139a36cd-3f66-4469-9ae3-07e849d7273d,2026-07-13T12:30:00Z,2026-07-13T14:30:00+0200,727.517,MW,DK2,DK_2,actual_solar_generation,Solar,2026-07-28T18:21:33Z
2026-07-28T18:18:08Z,2026-07-28T20:18:08+0200,139a36cd-3f66-4469-9ae3-07e849d7273d,2026-07-13T12:45:00Z,2026-07-13T14:45:00+0200,889.41,MW,DK2,DK_2,actual_solar_generation,Solar,2026-07-28T18:21:33Z
2026-07-28T18:18:08Z,2026-07-28T20:18:08+0200,139a36cd-3f66-4469-9ae3-07e849d7273d,2026-07-13T13:00:00Z,2026-07-13T15:00:00+0200,904.358,MW,DK2,DK_2,actual_solar_generation,Solar,2026-07-28T18:21:33Z
2026-07-28T18:18:08Z,2026-07-28T20:18:08+0200,139a36cd-3f66-4469-9ae3-07e849d7273d,2026-07-13T13:15:00Z,2026-07-13T15:15:00+0200,905.027,MW,DK2,DK_2,actual_solar_generation,Solar,2026-07-28T18:21:33Z
2026-07-28T18:18:08Z,2026-07-28T20:18:08+0200,139a36cd-3f66-4469-9ae3-07e849d7273d,2026-07-13T13:30:00Z,2026-07-13T15:30:00+0200,898.898,MW,DK2,DK_2,actual_solar_generation,Solar,2026-07-28T18:21:33Z
2026-07-28T18:18:08Z,2026-07-28T20:18:08+0200,139a36cd-3f66-4469-9ae3-07e849d7273d,2026-07-13T13:45:00Z,2026-07-13T15:45:00+0200,860.95,MW,DK2,DK_2,actual_solar_generation,Solar,2026-07-28T18:21:33Z
2026-07-28T18:18:08Z,2026-07-28T20:18:08+0200,139a36cd-3f66-4469-9ae3-07e849d7273d,2026-07-13T14:00:00Z,2026-07-13T16:00:00+0200,860.05,MW,DK2,DK_2,actual_solar_generation,Solar,2026-07-28T18:21:33Z
2026-07-28T18:18:08Z,2026-07-28T20:18:08+0200,139a36cd-3f66-4469-9ae3-07e849d7273d,2026-07-13T14:15:00Z,2026-07-13T16:15:00+0200,820.035,MW,DK2,DK_2,actual_solar_generation,Solar,2026-07-28T18:21:33Z
2026-07-28T18:18:08Z,2026-07-28T20:18:08+0200,139a36cd-3f66-4469-9ae3-07e849d7273d,2026-07-13T14:30:00Z,2026-07-13T16:30:00+0200,793.687,MW,DK2,DK_2,actual_solar_generation,Solar,2026-07-28T18:21:33Z
2026-07-28T18:18:08Z,2026-07-28T20:18:08+0200,139a36cd-3f66-4469-9ae3-07e849d7273d,2026-07-13T14:45:00Z,2026-07-13T16:45:00+0200,755.711,MW,DK2,DK_2,actual_solar_generation,Solar,2026-07-28T18:21:33Z
2026-07-28T18:18:08Z,2026-07-28T20:18:08+0200,139a36cd-3f66-4469-9ae3-07e849d7273d,2026-07-13T15:00:00Z,2026-07-13T17:00:00+0200,747.429,MW,DK2,DK_2,actual_solar_generation,Solar,2026-07-28T18:21:33Z
2026-07-28T18:18:08Z,2026-07-28T20:18:08+0200,139a36cd-3f66-4469-9ae3-07e849d7273d,2026-07-13T15:15:00Z,2026-07-13T17:15:00+0200,706.177,MW,DK2,DK_2,actual_solar_generation,Solar,2026-07-28T18:21:33Z
2026-07-28T18:18:08Z,2026-07-28T20:18:08+0200,139a36cd-3f66-4469-9ae3-07e849d7273d,2026-07-13T15:30:00Z,2026-07-13T17:30:00+0200,662.953,MW,DK2,DK_2,actual_solar_generation,Solar,2026-07-28T18:21:33Z
2026-07-28T18:18:08Z,2026-07-28T20:18:08+0200,139a36cd-3f66-4469-9ae3-07e849d7273d,2026-07-13T15:45:00Z,2026-07-13T17:45:00+0200,586.653,MW,DK2,DK_2,actual_solar_generation,Solar,2026-07-28T18:21:33Z
2026-07-28T18:18:08Z,2026-07-28T20:18:08+0200,139a36cd-3f66-4469-9ae3-07e849d7273d,2026-07-13T16:00:00Z,2026-07-13T18:00:00+0200,526.584,MW,DK2,DK_2,actual_solar_generation,Solar,2026-07-28T18:21:33Z
2026-07-28T18:18:08Z,2026-07-28T20:18:08+0200,139a36cd-3f66-4469-9ae3-07e849d7273d,2026-07-13T16:15:00Z,2026-07-13T18:15:00+0200,446.282,MW,DK2,DK_2,actual_solar_generation,Solar,2026-07-28T18:21:33Z
2026-07-28T18:18:08Z,2026-07-28T20:18:08+0200,139a36cd-3f66-4469-9ae3-07e849d7273d,2026-07-13T16:30:00Z,2026-07-13T18:30:00+0200,402.169,MW,DK2,DK_2,actual_solar_generation,Solar,2026-07-28T18:21:33Z
2026-07-28T18:18:08Z,2026-07-28T20:18:08+0200,139a36cd-3f66-4469-9ae3-07e849d7273d,2026-07-13T16:45:00Z,2026-07-13T18:45:00+0200,337.373,MW,DK2,DK_2,actual_solar_generation,Solar,2026-07-28T18:21:33Z
2026-07-28T18:18:08Z,2026-07-28T20:18:08+0200,139a36cd-3f66-4469-9ae3-07e849d7273d,2026-07-13T17:00:00Z,2026-07-13T19:00:00+0200,275.713,MW,DK2,DK_2,actual_solar_generation,Solar,2026-07-28T18:21:33Z
2026-07-28T18:18:08Z,2026-07-28T20:18:08+0200,139a36cd-3f66-4469-9ae3-07e849d7273d,2026-07-13T17:15:00Z,2026-07-13T19:15:00+0200,217.825,MW,DK2,DK_2,actual_solar_generation,Solar,2026-07-28T18:21:33Z
2026-07-28T18:18:08Z,2026-07-28T20:18:08+0200,139a36cd-3f66-4469-9ae3-07e849d7273d,2026-07-13T17:30:00Z,2026-07-13T19:30:00+0200,164.881,MW,DK2,DK_2,actual_solar_generation,Solar,2026-07-28T18:21:33Z
2026-07-28T18:18:08Z,2026-07-28T20:18:08+0200,139a36cd-3f66-4469-9ae3-07e849d7273d,2026-07-13T17:45:00Z,2026-07-13T19:45:00+0200,124.312,MW,DK2,DK_2,actual_solar_generation,Solar,2026-07-28T18:21:33Z
2026-07-28T18:18:08Z,2026-07-28T20:18:08+0200,139a36cd-3f66-4469-9ae3-07e849d7273d,2026-07-13T18:00:00Z,2026-07-13T20:00:00+0200,97.4582,MW,DK2,DK_2,actual_solar_generation,Solar,2026-07-28T18:21:33Z
2026-07-28T18:18:08Z,2026-07-28T20:18:08+0200,139a36cd-3f66-4469-9ae3-07e849d7273d,2026-07-13T18:15:00Z,2026-07-13T20:15:00+0200,72.556,MW,DK2,DK_2,actual_solar_generation,Solar,2026-07-28T18:21:33Z
2026-07-28T18:18:08Z,2026-07-28T20:18:08+0200,139a36cd-3f66-4469-9ae3-07e849d7273d,2026-07-13T18:30:00Z,2026-07-13T20:30:00+0200,55.4696,MW,DK2,DK_2,actual_solar_generation,Solar,2026-07-28T18:21:33Z
2026-07-28T18:18:08Z,2026-07-28T20:18:08+0200,139a36cd-3f66-4469-9ae3-07e849d7273d,2026-07-13T18:45:00Z,2026-07-13T20:45:00+0200,38.5776,MW,DK2,DK_2,actual_solar_generation,Solar,2026-07-28T18:21:33Z
2026-07-28T18:18:08Z,2026-07-28T20:18:08+0200,139a36cd-3f66-4469-9ae3-07e849d7273d,2026-07-13T19:00:00Z,2026-07-13T21:00:00+0200,19.8541,MW,DK2,DK_2,actual_solar_generation,Solar,2026-07-28T18:21:33Z
2026-07-28T18:18:08Z,2026-07-28T20:18:08+0200,139a36cd-3f66-4469-9ae3-07e849d7273d,2026-07-13T19:15:00Z,2026-07-13T21:15:00+0200,7.8298,MW,DK2,DK_2,actual_solar_generation,Solar,2026-07-28T18:21:33Z
2026-07-28T18:18:08Z,2026-07-28T20:18:08+0200,139a36cd-3f66-4469-9ae3-07e849d7273d,2026-07-13T19:30:00Z,2026-07-13T21:30:00+0200,1.47909,MW,DK2,DK_2,actual_solar_generation,Solar,2026-07-28T18:21:33Z
2026-07-28T18:18:08Z,2026-07-28T20:18:08+0200,139a36cd-3f66-4469-9ae3-07e849d7273d,2026-07-13T19:45:00Z,2026-07-13T21:45:00+0200,0.32022,MW,DK2,DK_2,actual_solar_generation,Solar,2026-07-28T18:21:33Z
2026-07-28T18:18:08Z,2026-07-28T20:18:08+0200,139a36cd-3f66-4469-9ae3-07e849d7273d,2026-07-14T02:45:00Z,2026-07-14T04:45:00+0200,0.995458,MW,DK2,DK_2,actual_solar_generation,Solar,2026-07-28T18:21:33Z
2026-07-28T18:18:08Z,2026-07-28T20:18:08+0200,139a36cd-3f66-4469-9ae3-07e849d7273d,2026-07-14T03:00:00Z,2026-07-14T05:00:00+0200,7.50765,MW,DK2,DK_2,actual_solar_generation,Solar,2026-07-28T18:21:33Z
2026-07-28T18:18:08Z,2026-07-28T20:18:08+0200,139a36cd-3f66-4469-9ae3-07e849d7273d,2026-07-14T03:15:00Z,2026-07-14T05:15:00+0200,16.5632,MW,DK2,DK_2,actual_solar_generation,Solar,2026-07-28T18:21:33Z
2026-07-28T18:18:08Z,2026-07-28T20:18:08+0200,139a36cd-3f66-4469-9ae3-07e849d7273d,2026-07-14T03:30:00Z,2026-07-14T05:30:00+0200,29.4666,MW,DK2,DK_2,actual_solar_generation,Solar,2026-07-28T18:21:33Z
2026-07-28T18:18:08Z,2026-07-28T20:18:08+0200,139a36cd-3f66-4469-9ae3-07e849d7273d,2026-07-14T03:45:00Z,2026-07-14T05:45:00+0200,45.2634,MW,DK2,DK_2,actual_solar_generation,Solar,2026-07-28T18:21:33Z
2026-07-28T18:18:08Z,2026-07-28T20:18:08+0200,139a36cd-3f66-4469-9ae3-07e849d7273d,2026-07-14T04:00:00Z,2026-07-14T06:00:00+0200,67.017,MW,DK2,DK_2,actual_solar_generation,Solar,2026-07-28T18:21:33Z
2026-07-28T18:18:08Z,2026-07-28T20:18:08+0200,139a36cd-3f66-4469-9ae3-07e849d7273d,2026-07-14T04:15:00Z,2026-07-14T06:15:00+0200,92.8382,MW,DK2,DK_2,actual_solar_generation,Solar,2026-07-28T18:21:33Z
2026-07-28T18:18:08Z,2026-07-28T20:18:08+0200,139a36cd-3f66-4469-9ae3-07e849d7273d,2026-07-14T04:30:00Z,2026-07-14T06:30:00+0200,118.285,MW,DK2,DK_2,actual_solar_generation,Solar,2026-07-28T18:21:33Z
2026-07-28T18:18:08Z,2026-07-28T20:18:08+0200,139a36cd-3f66-4469-9ae3-07e849d7273d,2026-07-14T04:45:00Z,2026-07-14T06:45:00+0200,152.772,MW,DK2,DK_2,actual_solar_generation,Solar,2026-07-28T18:21:33Z
2026-07-28T18:18:08Z,2026-07-28T20:18:08+0200,139a36cd-3f66-4469-9ae3-07e849d7273d,2026-07-14T05:00:00Z,2026-07-14T07:00:00+0200,204.196,MW,DK2,DK_2,actual_solar_generation,Solar,2026-07-28T18:21:33Z
2026-07-28T18:18:08Z,2026-07-28T20:18:08+0200,139a36cd-3f66-4469-9ae3-07e849d7273d,2026-07-14T05:15:00Z,2026-07-14T07:15:00+0200,268.333,MW,DK2,DK_2,actual_solar_generation,Solar,2026-07-28T18:21:33Z
2026-07-28T18:18:08Z,2026-07-28T20:18:08+0200,139a36cd-3f66-4469-9ae3-07e849d7273d,2026-07-14T05:30:00Z,2026-07-14T07:30:00+0200,306.383,MW,DK2,DK_2,actual_solar_generation,Solar,2026-07-28T18:21:33Z
2026-07-28T18:18:08Z,2026-07-28T20:18:08+0200,139a36cd-3f66-4469-9ae3-07e849d7273d,2026-07-14T05:45:00Z,2026-07-14T07:45:00+0200,385.728,MW,DK2,DK_2,actual_solar_generation,Solar,2026-07-28T18:21:33Z
2026-07-28T18:18:08Z,2026-07-28T20:18:08+0200,139a36cd-3f66-4469-9ae3-07e849d7273d,2026-07-14T06:00:00Z,2026-07-14T08:00:00+0200,444.358,MW,DK2,DK_2,actual_solar_generation,Solar,2026-07-28T18:21:33Z
2026-07-28T18:18:08Z,2026-07-28T20:18:08+0200,139a36cd-3f66-4469-9ae3-07e849d7273d,2026-07-14T06:15:00Z,2026-07-14T08:15:00+0200,486.649,MW,DK2,DK_2,actual_solar_generation,Solar,2026-07-28T18:21:33Z
2026-07-28T18:18:08Z,2026-07-28T20:18:08+0200,139a36cd-3f66-4469-9ae3-07e849d7273d,2026-07-14T06:30:00Z,2026-07-14T08:30:00+0200,569.138,MW,DK2,DK_2,actual_solar_generation,Solar,2026-07-28T18:21:33Z
2026-07-28T18:18:08Z,2026-07-28T20:18:08+0200,139a36cd-3f66-4469-9ae3-07e849d7273d,2026-07-14T06:45:00Z,2026-07-14T08:45:00+0200,635.819,MW,DK2,DK_2,actual_solar_generation,Solar,2026-07-28T18:21:33Z
2026-07-28T18:18:08Z,2026-07-28T20:18:08+0200,139a36cd-3f66-4469-9ae3-07e849d7273d,2026-07-14T07:00:00Z,2026-07-14T09:00:00+0200,637.84,MW,DK2,DK_2,actual_solar_generation,Solar,2026-07-28T18:21:33Z
2026-07-28T18:18:08Z,2026-07-28T20:18:08+0200,139a36cd-3f66-4469-9ae3-07e849d7273d,2026-07-14T07:15:00Z,2026-07-14T09:15:00+0200,637.593,MW,DK2,DK_2,actual_solar_generation,Solar,2026-07-28T18:21:33Z
2026-07-28T18:18:08Z,2026-07-28T20:18:08+0200,139a36cd-3f66-4469-9ae3-07e849d7273d,2026-07-14T07:30:00Z,2026-07-14T09:30:00+0200,686.299,MW,DK2,DK_2,actual_solar_generation,Solar,2026-07-28T18:21:33Z
2026-07-28T18:18:08Z,2026-07-28T20:18:08+0200,139a36cd-3f66-4469-9ae3-07e849d7273d,2026-07-14T07:45:00Z,2026-07-14T09:45:00+0200,796.91,MW,DK2,DK_2,actual_solar_generation,Solar,2026-07-28T18:21:33Z
2026-07-28T18:18:08Z,2026-07-28T20:18:08+0200,139a36cd-3f66-4469-9ae3-07e849d7273d,2026-07-14T08:00:00Z,2026-07-14T10:00:00+0200,822.12,MW,DK2,DK_2,actual_solar_generation,Solar,2026-07-28T18:21:33Z
2026-07-28T18:18:08Z,2026-07-28T20:18:08+0200,139a36cd-3f66-4469-9ae3-07e849d7273d,2026-07-14T08:15:00Z,2026-07-14T10:15:00+0200,809.424,MW,DK2,DK_2,actual_solar_generation,Solar,2026-07-28T18:21:33Z
2026-07-28T18:18:08Z,2026-07-28T20:18:08+0200,139a36cd-3f66-4469-9ae3-07e849d7273d,2026-07-14T08:30:00Z,2026-07-14T10:30:00+0200,839.634,MW,DK2,DK_2,actual_solar_generation,Solar,2026-07-28T18:21:33Z
2026-07-28T18:18:08Z,2026-07-28T20:18:08+0200,139a36cd-3f66-4469-9ae3-07e849d7273d,2026-07-14T08:45:00Z,2026-07-14T10:45:00+0200,786.402,MW,DK2,DK_2,actual_solar_generation,Solar,2026-07-28T18:21:33Z
2026-07-28T18:18:08Z,2026-07-28T20:18:08+0200,139a36cd-3f66-4469-9ae3-07e849d7273d,2026-07-14T09:00:00Z,2026-07-14T11:00:00+0200,836.883,MW,DK2,DK_2,actual_solar_generation,Solar,2026-07-28T18:21:33Z
2026-07-28T18:18:08Z,2026-07-28T20:18:08+0200,139a36cd-3f66-4469-9ae3-07e849d7273d,2026-07-14T09:15:00Z,2026-07-14T11:15:00+0200,912.744,MW,DK2,DK_2,actual_solar_generation,Solar,2026-07-28T18:21:33Z
2026-07-28T18:18:08Z,2026-07-28T20:18:08+0200,139a36cd-3f66-4469-9ae3-07e849d7273d,2026-07-14T09:30:00Z,2026-07-14T11:30:00+0200,883.716,MW,DK2,DK_2,actual_solar_generation,Solar,2026-07-28T18:21:33Z
2026-07-28T18:18:08Z,2026-07-28T20:18:08+0200,139a36cd-3f66-4469-9ae3-07e849d7273d,2026-07-14T09:45:00Z,2026-07-14T11:45:00+0200,890.748,MW,DK2,DK_2,actual_solar_generation,Solar,2026-07-28T18:21:33Z
2026-07-28T18:18:08Z,2026-07-28T20:18:08+0200,139a36cd-3f66-4469-9ae3-07e849d7273d,2026-07-14T10:00:00Z,2026-07-14T12:00:00+0200,909.68,MW,DK2,DK_2,actual_solar_generation,Solar,2026-07-28T18:21:33Z
2026-07-28T18:18:08Z,2026-07-28T20:18:08+0200,139a36cd-3f66-4469-9ae3-07e849d7273d,2026-07-14T10:15:00Z,2026-07-14T12:15:00+0200,911.84,MW,DK2,DK_2,actual_solar_generation,Solar,2026-07-28T18:21:33Z
2026-07-28T18:18:08Z,2026-07-28T20:18:08+0200,139a36cd-3f66-4469-9ae3-07e849d7273d,2026-07-14T10:30:00Z,2026-07-14T12:30:00+0200,903.49,MW,DK2,DK_2,actual_solar_generation,Solar,2026-07-28T18:21:33Z
2026-07-28T18:18:08Z,2026-07-28T20:18:08+0200,139a36cd-3f66-4469-9ae3-07e849d7273d,2026-07-14T10:45:00Z,2026-07-14T12:45:00+0200,921.491,MW,DK2,DK_2,actual_solar_generation,Solar,2026-07-28T18:21:33Z
2026-07-28T18:18:08Z,2026-07-28T20:18:08+0200,139a36cd-3f66-4469-9ae3-07e849d7273d,2026-07-14T11:00:00Z,2026-07-14T13:00:00+0200,927.435,MW,DK2,DK_2,actual_solar_generation,Solar,2026-07-28T18:21:33Z
2026-07-28T18:18:08Z,2026-07-28T20:18:08+0200,139a36cd-3f66-4469-9ae3-07e849d7273d,2026-07-14T11:15:00Z,2026-07-14T13:15:00+0200,902.393,MW,DK2,DK_2,actual_solar_generation,Solar,2026-07-28T18:21:33Z
2026-07-28T18:18:08Z,2026-07-28T20:18:08+0200,139a36cd-3f66-4469-9ae3-07e849d7273d,2026-07-14T11:30:00Z,2026-07-14T13:30:00+0200,876.882,MW,DK2,DK_2,actual_solar_generation,Solar,2026-07-28T18:21:33Z
2026-07-28T18:18:08Z,2026-07-28T20:18:08+0200,139a36cd-3f66-4469-9ae3-07e849d7273d,2026-07-14T11:45:00Z,2026-07-14T13:45:00+0200,911.925,MW,DK2,DK_2,actual_solar_generation,Solar,2026-07-28T18:21:33Z
2026-07-28T18:18:08Z,2026-07-28T20:18:08+0200,139a36cd-3f66-4469-9ae3-07e849d7273d,2026-07-14T12:00:00Z,2026-07-14T14:00:00+0200,930.088,MW,DK2,DK_2,actual_solar_generation,Solar,2026-07-28T18:21:33Z
2026-07-28T18:18:08Z,2026-07-28T20:18:08+0200,139a36cd-3f66-4469-9ae3-07e849d7273d,2026-07-14T12:15:00Z,2026-07-14T14:15:00+0200,898.552,MW,DK2,DK_2,actual_solar_generation,Solar,2026-07-28T18:21:33Z
2026-07-28T18:18:08Z,2026-07-28T20:18:08+0200,139a36cd-3f66-4469-9ae3-07e849d7273d,2026-07-14T12:30:00Z,2026-07-14T14:30:00+0200,869.434,MW,DK2,DK_2,actual_solar_generation,Solar,2026-07-28T18:21:33Z
2026-07-28T18:18:08Z,2026-07-28T20:18:08+0200,139a36cd-3f66-4469-9ae3-07e849d7273d,2026-07-14T12:45:00Z,2026-07-14T14:45:00+0200,857.439,MW,DK2,DK_2,actual_solar_generation,Solar,2026-07-28T18:21:33Z
2026-07-28T18:18:08Z,2026-07-28T20:18:08+0200,139a36cd-3f66-4469-9ae3-07e849d7273d,2026-07-14T13:00:00Z,2026-07-14T15:00:00+0200,827.862,MW,DK2,DK_2,actual_solar_generation,Solar,2026-07-28T18:21:33Z
2026-07-28T18:18:08Z,2026-07-28T20:18:08+0200,139a36cd-3f66-4469-9ae3-07e849d7273d,2026-07-14T13:15:00Z,2026-07-14T15:15:00+0200,784.314,MW,DK2,DK_2,actual_solar_generation,Solar,2026-07-28T18:21:33Z
2026-07-28T18:18:08Z,2026-07-28T20:18:08+0200,139a36cd-3f66-4469-9ae3-07e849d7273d,2026-07-14T13:30:00Z,2026-07-14T15:30:00+0200,757.552,MW,DK2,DK_2,actual_solar_generation,Solar,2026-07-28T18:21:33Z
2026-07-28T18:18:08Z,2026-07-28T20:18:08+0200,139a36cd-3f66-4469-9ae3-07e849d7273d,2026-07-14T13:45:00Z,2026-07-14T15:45:00+0200,719.684,MW,DK2,DK_2,actual_solar_generation,Solar,2026-07-28T18:21:33Z
2026-07-28T18:18:08Z,2026-07-28T20:18:08+0200,139a36cd-3f66-4469-9ae3-07e849d7273d,2026-07-14T14:00:00Z,2026-07-14T16:00:00+0200,874.6,MW,DK2,DK_2,actual_solar_generation,Solar,2026-07-28T18:21:33Z
2026-07-28T18:18:08Z,2026-07-28T20:18:08+0200,139a36cd-3f66-4469-9ae3-07e849d7273d,2026-07-14T14:15:00Z,2026-07-14T16:15:00+0200,879.045,MW,DK2,DK_2,actual_solar_generation,Solar,2026-07-28T18:21:33Z
2026-07-28T18:18:08Z,2026-07-28T20:18:08+0200,139a36cd-3f66-4469-9ae3-07e849d7273d,2026-07-14T14:30:00Z,2026-07-14T16:30:00+0200,831.176,MW,DK2,DK_2,actual_solar_generation,Solar,2026-07-28T18:21:33Z
2026-07-28T18:18:08Z,2026-07-28T20:18:08+0200,139a36cd-3f66-4469-9ae3-07e849d7273d,2026-07-14T14:45:00Z,2026-07-14T16:45:00+0200,788.186,MW,DK2,DK_2,actual_solar_generation,Solar,2026-07-28T18:21:33Z
2026-07-28T18:18:08Z,2026-07-28T20:18:08+0200,139a36cd-3f66-4469-9ae3-07e849d7273d,2026-07-14T15:00:00Z,2026-07-14T17:00:00+0200,763.462,MW,DK2,DK_2,actual_solar_generation,Solar,2026-07-28T18:21:33Z
2026-07-28T18:18:08Z,2026-07-28T20:18:08+0200,139a36cd-3f66-4469-9ae3-07e849d7273d,2026-07-14T15:15:00Z,2026-07-14T17:15:00+0200,697.815,MW,DK2,DK_2,actual_solar_generation,Solar,2026-07-28T18:21:33Z
2026-07-28T18:18:08Z,2026-07-28T20:18:08+0200,139a36cd-3f66-4469-9ae3-07e849d7273d,2026-07-14T15:30:00Z,2026-07-14T17:30:00+0200,672.592,MW,DK2,DK_2,actual_solar_generation,Solar,2026-07-28T18:21:33Z
2026-07-28T18:18:08Z,2026-07-28T20:18:08+0200,139a36cd-3f66-4469-9ae3-07e849d7273d,2026-07-14T15:45:00Z,2026-07-14T17:45:00+0200,603.082,MW,DK2,DK_2,actual_solar_generation,Solar,2026-07-28T18:21:33Z
2026-07-28T18:18:08Z,2026-07-28T20:18:08+0200,139a36cd-3f66-4469-9ae3-07e849d7273d,2026-07-14T16:00:00Z,2026-07-14T18:00:00+0200,555.716,MW,DK2,DK_2,actual_solar_generation,Solar,2026-07-28T18:21:33Z
2026-07-28T18:18:08Z,2026-07-28T20:18:08+0200,139a36cd-3f66-4469-9ae3-07e849d7273d,2026-07-14T16:15:00Z,2026-07-14T18:15:00+0200,487.709,MW,DK2,DK_2,actual_solar_generation,Solar,2026-07-28T18:21:33Z
2026-07-28T18:18:08Z,2026-07-28T20:18:08+0200,139a36cd-3f66-4469-9ae3-07e849d7273d,2026-07-14T16:30:00Z,2026-07-14T18:30:00+0200,398.571,MW,DK2,DK_2,actual_solar_generation,Solar,2026-07-28T18:21:33Z
2026-07-28T18:18:08Z,2026-07-28T20:18:08+0200,139a36cd-3f66-4469-9ae3-07e849d7273d,2026-07-14T16:45:00Z,2026-07-14T18:45:00+0200,339.703,MW,DK2,DK_2,actual_solar_generation,Solar,2026-07-28T18:21:33Z
2026-07-28T18:18:08Z,2026-07-28T20:18:08+0200,139a36cd-3f66-4469-9ae3-07e849d7273d,2026-07-14T17:00:00Z,2026-07-14T19:00:00+0200,299.051,MW,DK2,DK_2,actual_solar_generation,Solar,2026-07-28T18:21:33Z
2026-07-28T18:18:08Z,2026-07-28T20:18:08+0200,139a36cd-3f66-4469-9ae3-07e849d7273d,2026-07-14T17:15:00Z,2026-07-14T19:15:00+0200,256.605,MW,DK2,DK_2,actual_solar_generation,Solar,2026-07-28T18:21:33Z
2026-07-28T18:18:08Z,2026-07-28T20:18:08+0200,139a36cd-3f66-4469-9ae3-07e849d7273d,2026-07-14T17:30:00Z,2026-07-14T19:30:00+0200,209.123,MW,DK2,DK_2,actual_solar_generation,Solar,2026-07-28T18:21:33Z
2026-07-28T18:18:08Z,2026-07-28T20:18:08+0200,139a36cd-3f66-4469-9ae3-07e849d7273d,2026-07-14T17:45:00Z,2026-07-14T19:45:00+0200,157.267,MW,DK2,DK_2,actual_solar_generation,Solar,2026-07-28T18:21:33Z
2026-07-28T18:18:08Z,2026-07-28T20:18:08+0200,139a36cd-3f66-4469-9ae3-07e849d7273d,2026-07-14T18:00:00Z,2026-07-14T20:00:00+0200,125.609,MW,DK2,DK_2,actual_solar_generation,Solar,2026-07-28T18:21:33Z
2026-07-28T18:18:08Z,2026-07-28T20:18:08+0200,139a36cd-3f66-4469-9ae3-07e849d7273d,2026-07-14T18:15:00Z,2026-07-14T20:15:00+0200,97.9937,MW,DK2,DK_2,actual_solar_generation,Solar,2026-07-28T18:21:33Z
2026-07-28T18:18:08Z,2026-07-28T20:18:08+0200,139a36cd-3f66-4469-9ae3-07e849d7273d,2026-07-14T18:30:00Z,2026-07-14T20:30:00+0200,72.6091,MW,DK2,DK_2,actual_solar_generation,Solar,2026-07-28T18:21:33Z
2026-07-28T18:18:08Z,2026-07-28T20:18:08+0200,139a36cd-3f66-4469-9ae3-07e849d7273d,2026-07-14T18:45:00Z,2026-07-14T20:45:00+0200,51.1614,MW,DK2,DK_2,actual_solar_generation,Solar,2026-07-28T18:21:33Z
2026-07-28T18:18:08Z,2026-07-28T20:18:08+0200,139a36cd-3f66-4469-9ae3-07e849d7273d,2026-07-14T19:00:00Z,2026-07-14T21:00:00+0200,30.324,MW,DK2,DK_2,actual_solar_generation,Solar,2026-07-28T18:21:33Z
2026-07-28T18:18:08Z,2026-07-28T20:18:08+0200,139a36cd-3f66-4469-9ae3-07e849d7273d,2026-07-14T19:15:00Z,2026-07-14T21:15:00+0200,16.5201,MW,DK2,DK_2,actual_solar_generation,Solar,2026-07-28T18:21:33Z
2026-07-28T18:18:08Z,2026-07-28T20:18:08+0200,139a36cd-3f66-4469-9ae3-07e849d7273d,2026-07-14T19:30:00Z,2026-07-14T21:30:00+0200,7.29755,MW,DK2,DK_2,actual_solar_generation,Solar,2026-07-28T18:21:33Z
2026-07-28T18:18:08Z,2026-07-28T20:18:08+0200,139a36cd-3f66-4469-9ae3-07e849d7273d,2026-07-14T19:45:00Z,2026-07-14T21:45:00+0200,0.735713,MW,DK2,DK_2,actual_solar_generation,Solar,2026-07-28T18:21:33Z
2026-07-28T18:18:08Z,2026-07-28T20:18:08+0200,139a36cd-3f66-4469-9ae3-07e849d7273d,2026-07-14T22:00:00Z,2026-07-15T00:00:00+0200,0.0,MW,DK2,DK_2,actual_solar_generation,Solar,2026-07-28T18:21:33Z
2026-07-28T18:18:08Z,2026-07-28T20:18:08+0200,139a36cd-3f66-4469-9ae3-07e849d7273d,2026-07-14T22:15:00Z,2026-07-15T00:15:00+0200,0.0,MW,DK2,DK_2,actual_solar_generation,Solar,2026-07-28T18:21:33Z
2026-07-28T18:18:08Z,2026-07-28T20:18:08+0200,139a36cd-3f66-4469-9ae3-07e849d7273d,2026-07-14T22:30:00Z,2026-07-15T00:30:00+0200,0.0,MW,DK2,DK_2,actual_solar_generation,Solar,2026-07-28T18:21:33Z
2026-07-28T18:18:08Z,2026-07-28T20:18:08+0200,139a36cd-3f66-4469-9ae3-07e849d7273d,2026-07-14T22:45:00Z,2026-07-15T00:45:00+0200,0.0,MW,DK2,DK_2,actual_solar_generation,Solar,2026-07-28T18:21:33Z
2026-07-28T18:18:08Z,2026-07-28T20:18:08+0200,139a36cd-3f66-4469-9ae3-07e849d7273d,2026-07-14T23:00:00Z,2026-07-15T01:00:00+0200,0.0,MW,DK2,DK_2,actual_solar_generation,Solar,2026-07-28T18:21:33Z
2026-07-28T18:18:08Z,2026-07-28T20:18:08+0200,139a36cd-3f66-4469-9ae3-07e849d7273d,2026-07-14T23:15:00Z,2026-07-15T01:15:00+0200,0.0,MW,DK2,DK_2,actual_solar_generation,Solar,2026-07-28T18:21:33Z
2026-07-28T18:18:08Z,2026-07-28T20:18:08+0200,139a36cd-3f66-4469-9ae3-07e849d7273d,2026-07-14T23:30:00Z,2026-07-15T01:30:00+0200,0.0,MW,DK2,DK_2,actual_solar_generation,Solar,2026-07-28T18:21:33Z
2026-07-28T18:18:08Z,2026-07-28T20:18:08+0200,139a36cd-3f66-4469-9ae3-07e849d7273d,2026-07-14T23:45:00Z,2026-07-15T01:45:00+0200,0.0,MW,DK2,DK_2,actual_solar_generation,Solar,2026-07-28T18:21:33Z
2026-07-28T18:18:08Z,2026-07-28T20:18:08+0200,139a36cd-3f66-4469-9ae3-07e849d7273d,2026-07-15T00:00:00Z,2026-07-15T02:00:00+0200,0.0,MW,DK2,DK_2,actual_solar_generation,Solar,2026-07-28T18:21:33Z
2026-07-28T18:18:08Z,2026-07-28T20:18:08+0200,139a36cd-3f66-4469-9ae3-07e849d7273d,2026-07-15T00:15:00Z,2026-07-15T02:15:00+0200,0.0,MW,DK2,DK_2,actual_solar_generation,Solar,2026-07-28T18:21:33Z
2026-07-28T18:18:08Z,2026-07-28T20:18:08+0200,139a36cd-3f66-4469-9ae3-07e849d7273d,2026-07-15T00:30:00Z,2026-07-15T02:30:00+0200,0.0,MW,DK2,DK_2,actual_solar_generation,Solar,2026-07-28T18:21:33Z
2026-07-28T18:18:08Z,2026-07-28T20:18:08+0200,139a36cd-3f66-4469-9ae3-07e849d7273d,2026-07-15T00:45:00Z,2026-07-15T02:45:00+0200,0.0,MW,DK2,DK_2,actual_solar_generation,Solar,2026-07-28T18:21:33Z
2026-07-28T18:18:08Z,2026-07-28T20:18:08+0200,139a36cd-3f66-4469-9ae3-07e849d7273d,2026-07-15T01:00:00Z,2026-07-15T03:00:00+0200,0.0,MW,DK2,DK_2,actual_solar_generation,Solar,2026-07-28T18:21:33Z
2026-07-28T18:18:08Z,2026-07-28T20:18:08+0200,139a36cd-3f66-4469-9ae3-07e849d7273d,2026-07-15T01:15:00Z,2026-07-15T03:15:00+0200,0.0,MW,DK2,DK_2,actual_solar_generation,Solar,2026-07-28T18:21:33Z
2026-07-28T18:18:08Z,2026-07-28T20:18:08+0200,139a36cd-3f66-4469-9ae3-07e849d7273d,2026-07-15T01:30:00Z,2026-07-15T03:30:00+0200,0.0,MW,DK2,DK_2,actual_solar_generation,Solar,2026-07-28T18:21:33Z
2026-07-28T18:18:08Z,2026-07-28T20:18:08+0200,139a36cd-3f66-4469-9ae3-07e849d7273d,2026-07-15T01:45:00Z,2026-07-15T03:45:00+0200,0.0,MW,DK2,DK_2,actual_solar_generation,Solar,2026-07-28T18:21:33Z
2026-07-28T18:18:08Z,2026-07-28T20:18:08+0200,139a36cd-3f66-4469-9ae3-07e849d7273d,2026-07-15T02:00:00Z,2026-07-15T04:00:00+0200,0.0,MW,DK2,DK_2,actual_solar_generation,Solar,2026-07-28T18:21:33Z
2026-07-28T18:18:08Z,2026-07-28T20:18:08+0200,139a36cd-3f66-4469-9ae3-07e849d7273d,2026-07-15T02:15:00Z,2026-07-15T04:15:00+0200,0.0,MW,DK2,DK_2,actual_solar_generation,Solar,2026-07-28T18:21:33Z
2026-07-28T18:18:08Z,2026-07-28T20:18:08+0200,139a36cd-3f66-4469-9ae3-07e849d7273d,2026-07-15T02:30:00Z,2026-07-15T04:30:00+0200,0.0,MW,DK2,DK_2,actual_solar_generation,Solar,2026-07-28T18:21:33Z
2026-07-28T18:18:08Z,2026-07-28T20:18:08+0200,139a36cd-3f66-4469-9ae3-07e849d7273d,2026-07-15T02:45:00Z,2026-07-15T04:45:00+0200,1.15399,MW,DK2,DK_2,actual_solar_generation,Solar,2026-07-28T18:21:33Z
2026-07-28T18:18:08Z,2026-07-28T20:18:08+0200,139a36cd-3f66-4469-9ae3-07e849d7273d,2026-07-15T03:00:00Z,2026-07-15T05:00:00+0200,8.07879,MW,DK2,DK_2,actual_solar_generation,Solar,2026-07-28T18:21:33Z
2026-07-28T18:18:08Z,2026-07-28T20:18:08+0200,139a36cd-3f66-4469-9ae3-07e849d7273d,2026-07-15T03:15:00Z,2026-07-15T05:15:00+0200,18.7022,MW,DK2,DK_2,actual_solar_generation,Solar,2026-07-28T18:21:33Z
2026-07-28T18:18:08Z,2026-07-28T20:18:08+0200,139a36cd-3f66-4469-9ae3-07e849d7273d,2026-07-15T03:30:00Z,2026-07-15T05:30:00+0200,33.4481,MW,DK2,DK_2,actual_solar_generation,Solar,2026-07-28T18:21:33Z
2026-07-28T18:18:08Z,2026-07-28T20:18:08+0200,139a36cd-3f66-4469-9ae3-07e849d7273d,2026-07-15T03:45:00Z,2026-07-15T05:45:00+0200,52.115,MW,DK2,DK_2,actual_solar_generation,Solar,2026-07-28T18:21:33Z
2026-07-28T18:18:08Z,2026-07-28T20:18:08+0200,139a36cd-3f66-4469-9ae3-07e849d7273d,2026-07-15T04:00:00Z,2026-07-15T06:00:00+0200,74.098,MW,DK2,DK_2,actual_solar_generation,Solar,2026-07-28T18:21:33Z
2026-07-28T18:18:08Z,2026-07-28T20:18:08+0200,139a36cd-3f66-4469-9ae3-07e849d7273d,2026-07-15T04:15:00Z,2026-07-15T06:15:00+0200,96.4641,MW,DK2,DK_2,actual_solar_generation,Solar,2026-07-28T18:21:33Z
2026-07-28T18:18:08Z,2026-07-28T20:18:08+0200,139a36cd-3f66-4469-9ae3-07e849d7273d,2026-07-15T04:30:00Z,2026-07-15T06:30:00+0200,121.67,MW,DK2,DK_2,actual_solar_generation,Solar,2026-07-28T18:21:33Z
2026-07-28T18:18:08Z,2026-07-28T20:18:08+0200,139a36cd-3f66-4469-9ae3-07e849d7273d,2026-07-15T04:45:00Z,2026-07-15T06:45:00+0200,160.364,MW,DK2,DK_2,actual_solar_generation,Solar,2026-07-28T18:21:33Z
2026-07-28T18:18:08Z,2026-07-28T20:18:08+0200,139a36cd-3f66-4469-9ae3-07e849d7273d,2026-07-15T05:00:00Z,2026-07-15T07:00:00+0200,211.586,MW,DK2,DK_2,actual_solar_generation,Solar,2026-07-28T18:21:33Z
2026-07-28T18:18:08Z,2026-07-28T20:18:08+0200,139a36cd-3f66-4469-9ae3-07e849d7273d,2026-07-15T05:15:00Z,2026-07-15T07:15:00+0200,267.946,MW,DK2,DK_2,actual_solar_generation,Solar,2026-07-28T18:21:33Z
2026-07-28T18:18:08Z,2026-07-28T20:18:08+0200,139a36cd-3f66-4469-9ae3-07e849d7273d,2026-07-15T05:30:00Z,2026-07-15T07:30:00+0200,326.129,MW,DK2,DK_2,actual_solar_generation,Solar,2026-07-28T18:21:33Z
2026-07-28T18:18:08Z,2026-07-28T20:18:08+0200,139a36cd-3f66-4469-9ae3-07e849d7273d,2026-07-15T05:45:00Z,2026-07-15T07:45:00+0200,391.884,MW,DK2,DK_2,actual_solar_generation,Solar,2026-07-28T18:21:33Z
2026-07-28T18:18:08Z,2026-07-28T20:18:08+0200,139a36cd-3f66-4469-9ae3-07e849d7273d,2026-07-15T06:00:00Z,2026-07-15T08:00:00+0200,459.051,MW,DK2,DK_2,actual_solar_generation,Solar,2026-07-28T18:21:33Z
2026-07-28T18:18:08Z,2026-07-28T20:18:08+0200,139a36cd-3f66-4469-9ae3-07e849d7273d,2026-07-15T06:15:00Z,2026-07-15T08:15:00+0200,533.949,MW,DK2,DK_2,actual_solar_generation,Solar,2026-07-28T18:21:33Z
2026-07-28T18:18:08Z,2026-07-28T20:18:08+0200,139a36cd-3f66-4469-9ae3-07e849d7273d,2026-07-15T06:30:00Z,2026-07-15T08:30:00+0200,607.797,MW,DK2,DK_2,actual_solar_generation,Solar,2026-07-28T18:21:33Z
2026-07-28T18:18:08Z,2026-07-28T20:18:08+0200,139a36cd-3f66-4469-9ae3-07e849d7273d,2026-07-15T06:45:00Z,2026-07-15T08:45:00+0200,676.354,MW,DK2,DK_2,actual_solar_generation,Solar,2026-07-28T18:21:33Z
2026-07-28T18:18:08Z,2026-07-28T20:18:08+0200,139a36cd-3f66-4469-9ae3-07e849d7273d,2026-07-15T07:00:00Z,2026-07-15T09:00:00+0200,739.125,MW,DK2,DK_2,actual_solar_generation,Solar,2026-07-28T18:21:33Z
2026-07-28T18:18:08Z,2026-07-28T20:18:08+0200,139a36cd-3f66-4469-9ae3-07e849d7273d,2026-07-15T07:15:00Z,2026-07-15T09:15:00+0200,798.442,MW,DK2,DK_2,actual_solar_generation,Solar,2026-07-28T18:21:33Z
2026-07-28T18:18:08Z,2026-07-28T20:18:08+0200,139a36cd-3f66-4469-9ae3-07e849d7273d,2026-07-15T07:30:00Z,2026-07-15T09:30:00+0200,854.325,MW,DK2,DK_2,actual_solar_generation,Solar,2026-07-28T18:21:33Z
2026-07-28T18:18:08Z,2026-07-28T20:18:08+0200,139a36cd-3f66-4469-9ae3-07e849d7273d,2026-07-15T07:45:00Z,2026-07-15T09:45:00+0200,907.291,MW,DK2,DK_2,actual_solar_generation,Solar,2026-07-28T18:21:33Z
2026-07-28T18:18:08Z,2026-07-28T20:18:08+0200,139a36cd-3f66-4469-9ae3-07e849d7273d,2026-07-15T08:00:00Z,2026-07-15T10:00:00+0200,835.505,MW,DK2,DK_2,actual_solar_generation,Solar,2026-07-28T18:21:33Z
2026-07-28T18:18:08Z,2026-07-28T20:18:08+0200,139a36cd-3f66-4469-9ae3-07e849d7273d,2026-07-15T08:15:00Z,2026-07-15T10:15:00+0200,846.385,MW,DK2,DK_2,actual_solar_generation,Solar,2026-07-28T18:21:33Z
2026-07-28T18:18:08Z,2026-07-28T20:18:08+0200,139a36cd-3f66-4469-9ae3-07e849d7273d,2026-07-15T08:30:00Z,2026-07-15T10:30:00+0200,884.598,MW,DK2,DK_2,actual_solar_generation,Solar,2026-07-28T18:21:33Z
2026-07-28T18:18:08Z,2026-07-28T20:18:08+0200,139a36cd-3f66-4469-9ae3-07e849d7273d,2026-07-15T08:45:00Z,2026-07-15T10:45:00+0200,912.928,MW,DK2,DK_2,actual_solar_generation,Solar,2026-07-28T18:21:33Z
2026-07-28T18:18:08Z,2026-07-28T20:18:08+0200,139a36cd-3f66-4469-9ae3-07e849d7273d,2026-07-15T09:00:00Z,2026-07-15T11:00:00+0200,883.609,MW,DK2,DK_2,actual_solar_generation,Solar,2026-07-28T18:21:33Z
2026-07-28T18:18:08Z,2026-07-28T20:18:08+0200,139a36cd-3f66-4469-9ae3-07e849d7273d,2026-07-15T09:15:00Z,2026-07-15T11:15:00+0200,898.268,MW,DK2,DK_2,actual_solar_generation,Solar,2026-07-28T18:21:33Z
2026-07-28T18:18:08Z,2026-07-28T20:18:08+0200,139a36cd-3f66-4469-9ae3-07e849d7273d,2026-07-15T09:30:00Z,2026-07-15T11:30:00+0200,909.929,MW,DK2,DK_2,actual_solar_generation,Solar,2026-07-28T18:21:33Z
2026-07-28T18:18:08Z,2026-07-28T20:18:08+0200,139a36cd-3f66-4469-9ae3-07e849d7273d,2026-07-15T09:45:00Z,2026-07-15T11:45:00+0200,914.122,MW,DK2,DK_2,actual_solar_generation,Solar,2026-07-28T18:21:33Z
2026-07-28T18:18:08Z,2026-07-28T20:18:08+0200,139a36cd-3f66-4469-9ae3-07e849d7273d,2026-07-15T10:00:00Z,2026-07-15T12:00:00+0200,887.86,MW,DK2,DK_2,actual_solar_generation,Solar,2026-07-28T18:21:33Z
2026-07-28T18:18:08Z,2026-07-28T20:18:08+0200,139a36cd-3f66-4469-9ae3-07e849d7273d,2026-07-15T10:15:00Z,2026-07-15T12:15:00+0200,886.366,MW,DK2,DK_2,actual_solar_generation,Solar,2026-07-28T18:21:33Z
2026-07-28T18:18:08Z,2026-07-28T20:18:08+0200,139a36cd-3f66-4469-9ae3-07e849d7273d,2026-07-15T10:30:00Z,2026-07-15T12:30:00+0200,897.707,MW,DK2,DK_2,actual_solar_generation,Solar,2026-07-28T18:21:33Z
2026-07-28T18:18:08Z,2026-07-28T20:18:08+0200,139a36cd-3f66-4469-9ae3-07e849d7273d,2026-07-15T10:45:00Z,2026-07-15T12:45:00+0200,900.106,MW,DK2,DK_2,actual_solar_generation,Solar,2026-07-28T18:21:33Z
2026-07-28T18:18:08Z,2026-07-28T20:18:08+0200,139a36cd-3f66-4469-9ae3-07e849d7273d,2026-07-15T11:00:00Z,2026-07-15T13:00:00+0200,937.886,MW,DK2,DK_2,actual_solar_generation,Solar,2026-07-28T18:21:33Z
2026-07-28T18:18:08Z,2026-07-28T20:18:08+0200,139a36cd-3f66-4469-9ae3-07e849d7273d,2026-07-15T11:15:00Z,2026-07-15T13:15:00+0200,914.886,MW,DK2,DK_2,actual_solar_generation,Solar,2026-07-28T18:21:33Z
2026-07-28T18:18:08Z,2026-07-28T20:18:08+0200,139a36cd-3f66-4469-9ae3-07e849d7273d,2026-07-15T11:30:00Z,2026-07-15T13:30:00+0200,912.588,MW,DK2,DK_2,actual_solar_generation,Solar,2026-07-28T18:21:33Z
2026-07-28T18:18:08Z,2026-07-28T20:18:08+0200,139a36cd-3f66-4469-9ae3-07e849d7273d,2026-07-15T11:45:00Z,2026-07-15T13:45:00+0200,914.341,MW,DK2,DK_2,actual_solar_generation,Solar,2026-07-28T18:21:33Z
2026-07-28T18:18:08Z,2026-07-28T20:18:08+0200,139a36cd-3f66-4469-9ae3-07e849d7273d,2026-07-15T12:00:00Z,2026-07-15T14:00:00+0200,931.181,MW,DK2,DK_2,actual_solar_generation,Solar,2026-07-28T18:21:33Z
2026-07-28T18:18:08Z,2026-07-28T20:18:08+0200,139a36cd-3f66-4469-9ae3-07e849d7273d,2026-07-15T12:15:00Z,2026-07-15T14:15:00+0200,926.105,MW,DK2,DK_2,actual_solar_generation,Solar,2026-07-28T18:21:33Z
2026-07-28T18:18:08Z,2026-07-28T20:18:08+0200,139a36cd-3f66-4469-9ae3-07e849d7273d,2026-07-15T12:30:00Z,2026-07-15T14:30:00+0200,918.254,MW,DK2,DK_2,actual_solar_generation,Solar,2026-07-28T18:21:33Z
2026-07-28T18:18:08Z,2026-07-28T20:18:08+0200,139a36cd-3f66-4469-9ae3-07e849d7273d,2026-07-15T12:45:00Z,2026-07-15T14:45:00+0200,909.517,MW,DK2,DK_2,actual_solar_generation,Solar,2026-07-28T18:21:33Z
2026-07-28T18:18:08Z,2026-07-28T20:18:08+0200,139a36cd-3f66-4469-9ae3-07e849d7273d,2026-07-15T13:00:00Z,2026-07-15T15:00:00+0200,898.025,MW,DK2,DK_2,actual_solar_generation,Solar,2026-07-28T18:21:33Z
2026-07-28T18:18:08Z,2026-07-28T20:18:08+0200,139a36cd-3f66-4469-9ae3-07e849d7273d,2026-07-15T13:15:00Z,2026-07-15T15:15:00+0200,881.973,MW,DK2,DK_2,actual_solar_generation,Solar,2026-07-28T18:21:33Z
2026-07-28T18:18:08Z,2026-07-28T20:18:08+0200,139a36cd-3f66-4469-9ae3-07e849d7273d,2026-07-15T13:30:00Z,2026-07-15T15:30:00+0200,859.388,MW,DK2,DK_2,actual_solar_generation,Solar,2026-07-28T18:21:33Z
2026-07-28T18:18:08Z,2026-07-28T20:18:08+0200,139a36cd-3f66-4469-9ae3-07e849d7273d,2026-07-15T13:45:00Z,2026-07-15T15:45:00+0200,829.936,MW,DK2,DK_2,actual_solar_generation,Solar,2026-07-28T18:21:33Z
2026-07-28T18:18:08Z,2026-07-28T20:18:08+0200,139a36cd-3f66-4469-9ae3-07e849d7273d,2026-07-15T14:00:00Z,2026-07-15T16:00:00+0200,852.931,MW,DK2,DK_2,actual_solar_generation,Solar,2026-07-28T18:21:33Z
2026-07-28T18:18:08Z,2026-07-28T20:18:08+0200,139a36cd-3f66-4469-9ae3-07e849d7273d,2026-07-15T14:15:00Z,2026-07-15T16:15:00+0200,821.378,MW,DK2,DK_2,actual_solar_generation,Solar,2026-07-28T18:21:33Z
2026-07-28T18:18:08Z,2026-07-28T20:18:08+0200,139a36cd-3f66-4469-9ae3-07e849d7273d,2026-07-15T14:30:00Z,2026-07-15T16:30:00+0200,781.021,MW,DK2,DK_2,actual_solar_generation,Solar,2026-07-28T18:21:33Z
2026-07-28T18:18:08Z,2026-07-28T20:18:08+0200,139a36cd-3f66-4469-9ae3-07e849d7273d,2026-07-15T14:45:00Z,2026-07-15T16:45:00+0200,727.284,MW,DK2,DK_2,actual_solar_generation,Solar,2026-07-28T18:21:33Z
2026-07-28T18:18:08Z,2026-07-28T20:18:08+0200,139a36cd-3f66-4469-9ae3-07e849d7273d,2026-07-15T15:00:00Z,2026-07-15T17:00:00+0200,757.307,MW,DK2,DK_2,actual_solar_generation,Solar,2026-07-28T18:21:33Z
2026-07-28T18:18:08Z,2026-07-28T20:18:08+0200,139a36cd-3f66-4469-9ae3-07e849d7273d,2026-07-15T15:15:00Z,2026-07-15T17:15:00+0200,753.853,MW,DK2,DK_2,actual_solar_generation,Solar,2026-07-28T18:21:33Z
2026-07-28T18:18:08Z,2026-07-28T20:18:08+0200,139a36cd-3f66-4469-9ae3-07e849d7273d,2026-07-15T15:30:00Z,2026-07-15T17:30:00+0200,698.949,MW,DK2,DK_2,actual_solar_generation,Solar,2026-07-28T18:21:33Z
2026-07-28T18:18:08Z,2026-07-28T20:18:08+0200,139a36cd-3f66-4469-9ae3-07e849d7273d,2026-07-15T15:45:00Z,2026-07-15T17:45:00+0200,653.962,MW,DK2,DK_2,actual_solar_generation,Solar,2026-07-28T18:21:33Z
2026-07-28T18:18:08Z,2026-07-28T20:18:08+0200,139a36cd-3f66-4469-9ae3-07e849d7273d,2026-07-15T16:00:00Z,2026-07-15T18:00:00+0200,583.782,MW,DK2,DK_2,actual_solar_generation,Solar,2026-07-28T18:21:33Z
2026-07-28T18:18:08Z,2026-07-28T20:18:08+0200,139a36cd-3f66-4469-9ae3-07e849d7273d,2026-07-15T16:15:00Z,2026-07-15T18:15:00+0200,512.804,MW,DK2,DK_2,actual_solar_generation,Solar,2026-07-28T18:21:33Z
2026-07-28T18:18:08Z,2026-07-28T20:18:08+0200,139a36cd-3f66-4469-9ae3-07e849d7273d,2026-07-15T16:30:00Z,2026-07-15T18:30:00+0200,445.879,MW,DK2,DK_2,actual_solar_generation,Solar,2026-07-28T18:21:33Z
2026-07-28T18:18:08Z,2026-07-28T20:18:08+0200,139a36cd-3f66-4469-9ae3-07e849d7273d,2026-07-15T16:45:00Z,2026-07-15T18:45:00+0200,377.272,MW,DK2,DK_2,actual_solar_generation,Solar,2026-07-28T18:21:33Z
2026-07-28T18:18:08Z,2026-07-28T20:18:08+0200,139a36cd-3f66-4469-9ae3-07e849d7273d,2026-07-15T17:00:00Z,2026-07-15T19:00:00+0200,310.823,MW,DK2,DK_2,actual_solar_generation,Solar,2026-07-28T18:21:33Z
2026-07-28T18:18:08Z,2026-07-28T20:18:08+0200,139a36cd-3f66-4469-9ae3-07e849d7273d,2026-07-15T17:15:00Z,2026-07-15T19:15:00+0200,248.248,MW,DK2,DK_2,actual_solar_generation,Solar,2026-07-28T18:21:33Z
2026-07-28T18:18:08Z,2026-07-28T20:18:08+0200,139a36cd-3f66-4469-9ae3-07e849d7273d,2026-07-15T17:30:00Z,2026-07-15T19:30:00+0200,193.68,MW,DK2,DK_2,actual_solar_generation,Solar,2026-07-28T18:21:33Z
2026-07-28T18:18:08Z,2026-07-28T20:18:08+0200,139a36cd-3f66-4469-9ae3-07e849d7273d,2026-07-15T17:45:00Z,2026-07-15T19:45:00+0200,147.191,MW,DK2,DK_2,actual_solar_generation,Solar,2026-07-28T18:21:33Z
2026-07-28T18:18:08Z,2026-07-28T20:18:08+0200,139a36cd-3f66-4469-9ae3-07e849d7273d,2026-07-15T18:00:00Z,2026-07-15T20:00:00+0200,119.904,MW,DK2,DK_2,actual_solar_generation,Solar,2026-07-28T18:21:33Z
2026-07-28T18:18:08Z,2026-07-28T20:18:08+0200,139a36cd-3f66-4469-9ae3-07e849d7273d,2026-07-15T18:15:00Z,2026-07-15T20:15:00+0200,93.3692,MW,DK2,DK_2,actual_solar_generation,Solar,2026-07-28T18:21:33Z
2026-07-28T18:18:08Z,2026-07-28T20:18:08+0200,139a36cd-3f66-4469-9ae3-07e849d7273d,2026-07-15T18:30:00Z,2026-07-15T20:30:00+0200,70.04,MW,DK2,DK_2,actual_solar_generation,Solar,2026-07-28T18:21:33Z
2026-07-28T18:18:08Z,2026-07-28T20:18:08+0200,139a36cd-3f66-4469-9ae3-07e849d7273d,2026-07-15T18:45:00Z,2026-07-15T20:45:00+0200,49.8036,MW,DK2,DK_2,actual_solar_generation,Solar,2026-07-28T18:21:33Z
2026-07-28T18:18:08Z,2026-07-28T20:18:08+0200,139a36cd-3f66-4469-9ae3-07e849d7273d,2026-07-15T19:00:00Z,2026-07-15T21:00:00+0200,26.8497,MW,DK2,DK_2,actual_solar_generation,Solar,2026-07-28T18:21:33Z
2026-07-28T18:18:08Z,2026-07-28T20:18:08+0200,139a36cd-3f66-4469-9ae3-07e849d7273d,2026-07-15T19:15:00Z,2026-07-15T21:15:00+0200,13.45,MW,DK2,DK_2,actual_solar_generation,Solar,2026-07-28T18:21:33Z
2026-07-28T18:18:08Z,2026-07-28T20:18:08+0200,139a36cd-3f66-4469-9ae3-07e849d7273d,2026-07-15T19:30:00Z,2026-07-15T21:30:00+0200,3.69564,MW,DK2,DK_2,actual_solar_generation,Solar,2026-07-28T18:21:33Z
2026-07-28T18:18:08Z,2026-07-28T20:18:08+0200,139a36cd-3f66-4469-9ae3-07e849d7273d,2026-07-15T19:45:00Z,2026-07-15T21:45:00+0200,0.343167,MW,DK2,DK_2,actual_solar_generation,Solar,2026-07-28T18:21:33Z
2026-07-28T18:18:08Z,2026-07-28T20:18:08+0200,139a36cd-3f66-4469-9ae3-07e849d7273d,2026-07-15T20:00:00Z,2026-07-15T22:00:00+0200,0.059306,MW,DK2,DK_2,actual_solar_generation,Solar,2026-07-28T18:21:33Z
2026-07-28T18:18:08Z,2026-07-28T20:18:08+0200,139a36cd-3f66-4469-9ae3-07e849d7273d,2026-07-15T20:15:00Z,2026-07-15T22:15:00+0200,0.165428,MW,DK2,DK_2,actual_solar_generation,Solar,2026-07-28T18:21:33Z
2026-07-28T18:18:08Z,2026-07-28T20:18:08+0200,139a36cd-3f66-4469-9ae3-07e849d7273d,2026-07-15T20:30:00Z,2026-07-15T22:30:00+0200,0.171665,MW,DK2,DK_2,actual_solar_generation,Solar,2026-07-28T18:21:33Z
2026-07-28T18:18:08Z,2026-07-28T20:18:08+0200,139a36cd-3f66-4469-9ae3-07e849d7273d,2026-07-15T20:45:00Z,2026-07-15T22:45:00+0200,0.202132,MW,DK2,DK_2,actual_solar_generation,Solar,2026-07-28T18:21:33Z
2026-07-28T18:18:08Z,2026-07-28T20:18:08+0200,139a36cd-3f66-4469-9ae3-07e849d7273d,2026-07-15T21:00:00Z,2026-07-15T23:00:00+0200,0.0,MW,DK2,DK_2,actual_solar_generation,Solar,2026-07-28T18:21:33Z
2026-07-28T18:18:08Z,2026-07-28T20:18:08+0200,139a36cd-3f66-4469-9ae3-07e849d7273d,2026-07-15T21:15:00Z,2026-07-15T23:15:00+0200,0.0,MW,DK2,DK_2,actual_solar_generation,Solar,2026-07-28T18:21:33Z
2026-07-28T18:18:08Z,2026-07-28T20:18:08+0200,139a36cd-3f66-4469-9ae3-07e849d7273d,2026-07-15T21:30:00Z,2026-07-15T23:30:00+0200,0.0,MW,DK2,DK_2,actual_solar_generation,Solar,2026-07-28T18:21:33Z
2026-07-28T18:18:08Z,2026-07-28T20:18:08+0200,139a36cd-3f66-4469-9ae3-07e849d7273d,2026-07-15T21:45:00Z,2026-07-15T23:45:00+0200,0.0,MW,DK2,DK_2,actual_solar_generation,Solar,2026-07-28T18:21:33Z
2026-07-28T18:18:08Z,2026-07-28T20:18:08+0200,139a36cd-3f66-4469-9ae3-07e849d7273d,2026-07-15T22:00:00Z,2026-07-16T00:00:00+0200,0.0,MW,DK2,DK_2,actual_solar_generation,Solar,2026-07-28T18:21:33Z
2026-07-28T18:18:08Z,2026-07-28T20:18:08+0200,139a36cd-3f66-4469-9ae3-07e849d7273d,2026-07-15T22:15:00Z,2026-07-16T00:15:00+0200,0.0,MW,DK2,DK_2,actual_solar_generation,Solar,2026-07-28T18:21:33Z
2026-07-28T18:18:08Z,2026-07-28T20:18:08+0200,139a36cd-3f66-4469-9ae3-07e849d7273d,2026-07-15T22:30:00Z,2026-07-16T00:30:00+0200,0.0,MW,DK2,DK_2,actual_solar_generation,Solar,2026-07-28T18:21:33Z
2026-07-28T18:18:08Z,2026-07-28T20:18:08+0200,139a36cd-3f66-4469-9ae3-07e849d7273d,2026-07-15T22:45:00Z,2026-07-16T00:45:00+0200,0.0,MW,DK2,DK_2,actual_solar_generation,Solar,2026-07-28T18:21:33Z
2026-07-28T18:18:08Z,2026-07-28T20:18:08+0200,139a36cd-3f66-4469-9ae3-07e849d7273d,2026-07-15T23:00:00Z,2026-07-16T01:00:00+0200,0.0,MW,DK2,DK_2,actual_solar_generation,Solar,2026-07-28T18:21:33Z
2026-07-28T18:18:08Z,2026-07-28T20:18:08+0200,139a36cd-3f66-4469-9ae3-07e849d7273d,2026-07-15T23:15:00Z,2026-07-16T01:15:00+0200,0.0,MW,DK2,DK_2,actual_solar_generation,Solar,2026-07-28T18:21:33Z
2026-07-28T18:18:08Z,2026-07-28T20:18:08+0200,139a36cd-3f66-4469-9ae3-07e849d7273d,2026-07-15T23:30:00Z,2026-07-16T01:30:00+0200,0.0,MW,DK2,DK_2,actual_solar_generation,Solar,2026-07-28T18:21:33Z
2026-07-28T18:18:08Z,2026-07-28T20:18:08+0200,139a36cd-3f66-4469-9ae3-07e849d7273d,2026-07-15T23:45:00Z,2026-07-16T01:45:00+0200,0.0,MW,DK2,DK_2,actual_solar_generation,Solar,2026-07-28T18:21:33Z
2026-07-28T18:18:08Z,2026-07-28T20:18:08+0200,139a36cd-3f66-4469-9ae3-07e849d7273d,2026-07-16T00:00:00Z,2026-07-16T02:00:00+0200,0.0,MW,DK2,DK_2,actual_solar_generation,Solar,2026-07-28T18:21:33Z
2026-07-28T18:18:08Z,2026-07-28T20:18:08+0200,139a36cd-3f66-4469-9ae3-07e849d7273d,2026-07-16T00:15:00Z,2026-07-16T02:15:00+0200,0.0,MW,DK2,DK_2,actual_solar_generation,Solar,2026-07-28T18:21:33Z
2026-07-28T18:18:08Z,2026-07-28T20:18:08+0200,139a36cd-3f66-4469-9ae3-07e849d7273d,2026-07-16T00:30:00Z,2026-07-16T02:30:00+0200,0.0,MW,DK2,DK_2,actual_solar_generation,Solar,2026-07-28T18:21:33Z
2026-07-28T18:18:08Z,2026-07-28T20:18:08+0200,139a36cd-3f66-4469-9ae3-07e849d7273d,2026-07-16T00:45:00Z,2026-07-16T02:45:00+0200,0.0,MW,DK2,DK_2,actual_solar_generation,Solar,2026-07-28T18:21:33Z
2026-07-28T18:18:08Z,2026-07-28T20:18:08+0200,139a36cd-3f66-4469-9ae3-07e849d7273d,2026-07-16T01:00:00Z,2026-07-16T03:00:00+0200,0.0,MW,DK2,DK_2,actual_solar_generation,Solar,2026-07-28T18:21:33Z
2026-07-28T18:18:08Z,2026-07-28T20:18:08+0200,139a36cd-3f66-4469-9ae3-07e849d7273d,2026-07-16T01:15:00Z,2026-07-16T03:15:00+0200,0.0,MW,DK2,DK_2,actual_solar_generation,Solar,2026-07-28T18:21:33Z
2026-07-28T18:18:08Z,2026-07-28T20:18:08+0200,139a36cd-3f66-4469-9ae3-07e849d7273d,2026-07-16T01:30:00Z,2026-07-16T03:30:00+0200,0.0,MW,DK2,DK_2,actual_solar_generation,Solar,2026-07-28T18:21:33Z
2026-07-28T18:18:08Z,2026-07-28T20:18:08+0200,139a36cd-3f66-4469-9ae3-07e849d7273d,2026-07-16T01:45:00Z,2026-07-16T03:45:00+0200,0.0,MW,DK2,DK_2,actual_solar_generation,Solar,2026-07-28T18:21:33Z
2026-07-28T18:18:08Z,2026-07-28T20:18:08+0200,139a36cd-3f66-4469-9ae3-07e849d7273d,2026-07-16T02:00:00Z,2026-07-16T04:00:00+0200,0.0,MW,DK2,DK_2,actual_solar_generation,Solar,2026-07-28T18:21:33Z
2026-07-28T18:18:08Z,2026-07-28T20:18:08+0200,139a36cd-3f66-4469-9ae3-07e849d7273d,2026-07-16T02:15:00Z,2026-07-16T04:15:00+0200,0.0,MW,DK2,DK_2,actual_solar_generation,Solar,2026-07-28T18:21:33Z
2026-07-28T18:18:08Z,2026-07-28T20:18:08+0200,139a36cd-3f66-4469-9ae3-07e849d7273d,2026-07-16T02:30:00Z,2026-07-16T04:30:00+0200,0.0,MW,DK2,DK_2,actual_solar_generation,Solar,2026-07-28T18:21:33Z
2026-07-28T18:18:08Z,2026-07-28T20:18:08+0200,139a36cd-3f66-4469-9ae3-07e849d7273d,2026-07-16T02:45:00Z,2026-07-16T04:45:00+0200,0.94264,MW,DK2,DK_2,actual_solar_generation,Solar,2026-07-28T18:21:33Z
2026-07-28T18:18:08Z,2026-07-28T20:18:08+0200,139a36cd-3f66-4469-9ae3-07e849d7273d,2026-07-16T03:00:00Z,2026-07-16T05:00:00+0200,6.24309,MW,DK2,DK_2,actual_solar_generation,Solar,2026-07-28T18:21:33Z
2026-07-28T18:18:08Z,2026-07-28T20:18:08+0200,139a36cd-3f66-4469-9ae3-07e849d7273d,2026-07-16T03:15:00Z,2026-07-16T05:15:00+0200,17.087,MW,DK2,DK_2,actual_solar_generation,Solar,2026-07-28T18:21:33Z
2026-07-28T18:18:08Z,2026-07-28T20:18:08+0200,139a36cd-3f66-4469-9ae3-07e849d7273d,2026-07-16T03:30:00Z,2026-07-16T05:30:00+0200,32.8423,MW,DK2,DK_2,actual_solar_generation,Solar,2026-07-28T18:21:33Z
2026-07-28T18:18:08Z,2026-07-28T20:18:08+0200,139a36cd-3f66-4469-9ae3-07e849d7273d,2026-07-16T03:45:00Z,2026-07-16T05:45:00+0200,53.641,MW,DK2,DK_2,actual_solar_generation,Solar,2026-07-28T18:21:33Z
2026-07-28T18:18:08Z,2026-07-28T20:18:08+0200,139a36cd-3f66-4469-9ae3-07e849d7273d,2026-07-16T04:00:00Z,2026-07-16T06:00:00+0200,75.0828,MW,DK2,DK_2,actual_solar_generation,Solar,2026-07-28T18:21:33Z
2026-07-28T18:18:08Z,2026-07-28T20:18:08+0200,139a36cd-3f66-4469-9ae3-07e849d7273d,2026-07-16T04:15:00Z,2026-07-16T06:15:00+0200,89.2434,MW,DK2,DK_2,actual_solar_generation,Solar,2026-07-28T18:21:33Z
2026-07-28T18:18:08Z,2026-07-28T20:18:08+0200,139a36cd-3f66-4469-9ae3-07e849d7273d,2026-07-16T04:30:00Z,2026-07-16T06:30:00+0200,115.404,MW,DK2,DK_2,actual_solar_generation,Solar,2026-07-28T18:21:33Z
2026-07-28T18:18:08Z,2026-07-28T20:18:08+0200,139a36cd-3f66-4469-9ae3-07e849d7273d,2026-07-16T04:45:00Z,2026-07-16T06:45:00+0200,165.319,MW,DK2,DK_2,actual_solar_generation,Solar,2026-07-28T18:21:33Z
2026-07-28T18:18:08Z,2026-07-28T20:18:08+0200,139a36cd-3f66-4469-9ae3-07e849d7273d,2026-07-16T05:00:00Z,2026-07-16T07:00:00+0200,221.256,MW,DK2,DK_2,actual_solar_generation,Solar,2026-07-28T18:21:33Z
2026-07-28T18:18:08Z,2026-07-28T20:18:08+0200,139a36cd-3f66-4469-9ae3-07e849d7273d,2026-07-16T05:15:00Z,2026-07-16T07:15:00+0200,280.106,MW,DK2,DK_2,actual_solar_generation,Solar,2026-07-28T18:21:33Z
2026-07-28T18:18:08Z,2026-07-28T20:18:08+0200,139a36cd-3f66-4469-9ae3-07e849d7273d,2026-07-16T05:30:00Z,2026-07-16T07:30:00+0200,333.026,MW,DK2,DK_2,actual_solar_generation,Solar,2026-07-28T18:21:33Z
2026-07-28T18:18:08Z,2026-07-28T20:18:08+0200,139a36cd-3f66-4469-9ae3-07e849d7273d,2026-07-16T05:45:00Z,2026-07-16T07:45:00+0200,389.476,MW,DK2,DK_2,actual_solar_generation,Solar,2026-07-28T18:21:33Z
2026-07-28T18:18:08Z,2026-07-28T20:18:08+0200,139a36cd-3f66-4469-9ae3-07e849d7273d,2026-07-16T06:00:00Z,2026-07-16T08:00:00+0200,456.445,MW,DK2,DK_2,actual_solar_generation,Solar,2026-07-28T18:21:33Z
2026-07-28T18:18:08Z,2026-07-28T20:18:08+0200,139a36cd-3f66-4469-9ae3-07e849d7273d,2026-07-16T06:15:00Z,2026-07-16T08:15:00+0200,528.396,MW,DK2,DK_2,actual_solar_generation,Solar,2026-07-28T18:21:33Z
2026-07-28T18:18:08Z,2026-07-28T20:18:08+0200,139a36cd-3f66-4469-9ae3-07e849d7273d,2026-07-16T06:30:00Z,2026-07-16T08:30:00+0200,603.251,MW,DK2,DK_2,actual_solar_generation,Solar,2026-07-28T18:21:33Z
2026-07-28T18:18:08Z,2026-07-28T20:18:08+0200,139a36cd-3f66-4469-9ae3-07e849d7273d,2026-07-16T06:45:00Z,2026-07-16T08:45:00+0200,660.37,MW,DK2,DK_2,actual_solar_generation,Solar,2026-07-28T18:21:33Z
2026-07-28T18:18:08Z,2026-07-28T20:18:08+0200,139a36cd-3f66-4469-9ae3-07e849d7273d,2026-07-16T07:00:00Z,2026-07-16T09:00:00+0200,720.902,MW,DK2,DK_2,actual_solar_generation,Solar,2026-07-28T18:21:33Z
2026-07-28T18:18:08Z,2026-07-28T20:18:08+0200,139a36cd-3f66-4469-9ae3-07e849d7273d,2026-07-16T07:15:00Z,2026-07-16T09:15:00+0200,789.834,MW,DK2,DK_2,actual_solar_generation,Solar,2026-07-28T18:21:33Z
2026-07-28T18:18:08Z,2026-07-28T20:18:08+0200,139a36cd-3f66-4469-9ae3-07e849d7273d,2026-07-16T07:30:00Z,2026-07-16T09:30:00+0200,851.643,MW,DK2,DK_2,actual_solar_generation,Solar,2026-07-28T18:21:33Z
2026-07-28T18:18:08Z,2026-07-28T20:18:08+0200,139a36cd-3f66-4469-9ae3-07e849d7273d,2026-07-16T07:45:00Z,2026-07-16T09:45:00+0200,830.011,MW,DK2,DK_2,actual_solar_generation,Solar,2026-07-28T18:21:33Z
2026-07-28T18:18:08Z,2026-07-28T20:18:08+0200,139a36cd-3f66-4469-9ae3-07e849d7273d,2026-07-16T08:00:00Z,2026-07-16T10:00:00+0200,766.744,MW,DK2,DK_2,actual_solar_generation,Solar,2026-07-28T18:21:33Z
2026-07-28T18:18:08Z,2026-07-28T20:18:08+0200,139a36cd-3f66-4469-9ae3-07e849d7273d,2026-07-16T08:15:00Z,2026-07-16T10:15:00+0200,814.663,MW,DK2,DK_2,actual_solar_generation,Solar,2026-07-28T18:21:33Z
2026-07-28T18:18:08Z,2026-07-28T20:18:08+0200,139a36cd-3f66-4469-9ae3-07e849d7273d,2026-07-16T08:30:00Z,2026-07-16T10:30:00+0200,829.811,MW,DK2,DK_2,actual_solar_generation,Solar,2026-07-28T18:21:33Z
2026-07-28T18:18:08Z,2026-07-28T20:18:08+0200,139a36cd-3f66-4469-9ae3-07e849d7273d,2026-07-16T08:45:00Z,2026-07-16T10:45:00+0200,840.143,MW,DK2,DK_2,actual_solar_generation,Solar,2026-07-28T18:21:33Z
2026-07-28T18:18:08Z,2026-07-28T20:18:08+0200,139a36cd-3f66-4469-9ae3-07e849d7273d,2026-07-16T09:00:00Z,2026-07-16T11:00:00+0200,846.274,MW,DK2,DK_2,actual_solar_generation,Solar,2026-07-28T18:21:33Z
2026-07-28T18:18:08Z,2026-07-28T20:18:08+0200,139a36cd-3f66-4469-9ae3-07e849d7273d,2026-07-16T09:15:00Z,2026-07-16T11:15:00+0200,843.34,MW,DK2,DK_2,actual_solar_generation,Solar,2026-07-28T18:21:33Z
2026-07-28T18:18:08Z,2026-07-28T20:18:08+0200,139a36cd-3f66-4469-9ae3-07e849d7273d,2026-07-16T09:30:00Z,2026-07-16T11:30:00+0200,829.509,MW,DK2,DK_2,actual_solar_generation,Solar,2026-07-28T18:21:33Z
2026-07-28T18:18:08Z,2026-07-28T20:18:08+0200,139a36cd-3f66-4469-9ae3-07e849d7273d,2026-07-16T09:45:00Z,2026-07-16T11:45:00+0200,850.087,MW,DK2,DK_2,actual_solar_generation,Solar,2026-07-28T18:21:33Z
2026-07-28T18:18:08Z,2026-07-28T20:18:08+0200,139a36cd-3f66-4469-9ae3-07e849d7273d,2026-07-16T10:00:00Z,2026-07-16T12:00:00+0200,849.081,MW,DK2,DK_2,actual_solar_generation,Solar,2026-07-28T18:21:33Z
2026-07-28T18:18:08Z,2026-07-28T20:18:08+0200,139a36cd-3f66-4469-9ae3-07e849d7273d,2026-07-16T10:15:00Z,2026-07-16T12:15:00+0200,857.255,MW,DK2,DK_2,actual_solar_generation,Solar,2026-07-28T18:21:33Z
2026-07-28T18:18:08Z,2026-07-28T20:18:08+0200,139a36cd-3f66-4469-9ae3-07e849d7273d,2026-07-16T10:30:00Z,2026-07-16T12:30:00+0200,861.68,MW,DK2,DK_2,actual_solar_generation,Solar,2026-07-28T18:21:33Z
2026-07-28T18:18:08Z,2026-07-28T20:18:08+0200,139a36cd-3f66-4469-9ae3-07e849d7273d,2026-07-16T10:45:00Z,2026-07-16T12:45:00+0200,872.36,MW,DK2,DK_2,actual_solar_generation,Solar,2026-07-28T18:21:33Z
2026-07-28T18:18:08Z,2026-07-28T20:18:08+0200,139a36cd-3f66-4469-9ae3-07e849d7273d,2026-07-16T11:00:00Z,2026-07-16T13:00:00+0200,899.793,MW,DK2,DK_2,actual_solar_generation,Solar,2026-07-28T18:21:33Z
2026-07-28T18:18:08Z,2026-07-28T20:18:08+0200,139a36cd-3f66-4469-9ae3-07e849d7273d,2026-07-16T11:15:00Z,2026-07-16T13:15:00+0200,891.793,MW,DK2,DK_2,actual_solar_generation,Solar,2026-07-28T18:21:33Z
2026-07-28T18:18:08Z,2026-07-28T20:18:08+0200,139a36cd-3f66-4469-9ae3-07e849d7273d,2026-07-16T11:30:00Z,2026-07-16T13:30:00+0200,912.284,MW,DK2,DK_2,actual_solar_generation,Solar,2026-07-28T18:21:33Z
2026-07-28T18:18:08Z,2026-07-28T20:18:08+0200,139a36cd-3f66-4469-9ae3-07e849d7273d,2026-07-16T11:45:00Z,2026-07-16T13:45:00+0200,909.61,MW,DK2,DK_2,actual_solar_generation,Solar,2026-07-28T18:21:33Z
2026-07-28T18:18:08Z,2026-07-28T20:18:08+0200,139a36cd-3f66-4469-9ae3-07e849d7273d,2026-07-16T12:00:00Z,2026-07-16T14:00:00+0200,870.63,MW,DK2,DK_2,actual_solar_generation,Solar,2026-07-28T18:21:33Z
2026-07-28T18:18:08Z,2026-07-28T20:18:08+0200,139a36cd-3f66-4469-9ae3-07e849d7273d,2026-07-16T12:15:00Z,2026-07-16T14:15:00+0200,874.434,MW,DK2,DK_2,actual_solar_generation,Solar,2026-07-28T18:21:33Z
2026-07-28T18:18:08Z,2026-07-28T20:18:08+0200,139a36cd-3f66-4469-9ae3-07e849d7273d,2026-07-16T12:30:00Z,2026-07-16T14:30:00+0200,839.995,MW,DK2,DK_2,actual_solar_generation,Solar,2026-07-28T18:21:33Z
2026-07-28T18:18:08Z,2026-07-28T20:18:08+0200,139a36cd-3f66-4469-9ae3-07e849d7273d,2026-07-16T12:45:00Z,2026-07-16T14:45:00+0200,826.984,MW,DK2,DK_2,actual_solar_generation,Solar,2026-07-28T18:21:33Z
2026-07-28T18:18:08Z,2026-07-28T20:18:08+0200,139a36cd-3f66-4469-9ae3-07e849d7273d,2026-07-16T13:00:00Z,2026-07-16T15:00:00+0200,787.889,MW,DK2,DK_2,actual_solar_generation,Solar,2026-07-28T18:21:33Z
2026-07-28T18:18:08Z,2026-07-28T20:18:08+0200,139a36cd-3f66-4469-9ae3-07e849d7273d,2026-07-16T13:15:00Z,2026-07-16T15:15:00+0200,784.249,MW,DK2,DK_2,actual_solar_generation,Solar,2026-07-28T18:21:33Z
2026-07-28T18:18:08Z,2026-07-28T20:18:08+0200,139a36cd-3f66-4469-9ae3-07e849d7273d,2026-07-16T13:30:00Z,2026-07-16T15:30:00+0200,766.406,MW,DK2,DK_2,actual_solar_generation,Solar,2026-07-28T18:21:33Z
2026-07-28T18:18:08Z,2026-07-28T20:18:08+0200,139a36cd-3f66-4469-9ae3-07e849d7273d,2026-07-16T13:45:00Z,2026-07-16T15:45:00+0200,771.425,MW,DK2,DK_2,actual_solar_generation,Solar,2026-07-28T18:21:33Z
2026-07-28T18:18:08Z,2026-07-28T20:18:08+0200,139a36cd-3f66-4469-9ae3-07e849d7273d,2026-07-16T14:00:00Z,2026-07-16T16:00:00+0200,716.646,MW,DK2,DK_2,actual_solar_generation,Solar,2026-07-28T18:21:33Z
2026-07-28T18:18:08Z,2026-07-28T20:18:08+0200,139a36cd-3f66-4469-9ae3-07e849d7273d,2026-07-16T14:15:00Z,2026-07-16T16:15:00+0200,674.313,MW,DK2,DK_2,actual_solar_generation,Solar,2026-07-28T18:21:33Z
2026-07-28T18:18:08Z,2026-07-28T20:18:08+0200,139a36cd-3f66-4469-9ae3-07e849d7273d,2026-07-16T14:30:00Z,2026-07-16T16:30:00+0200,618.114,MW,DK2,DK_2,actual_solar_generation,Solar,2026-07-28T18:21:33Z
2026-07-28T18:18:08Z,2026-07-28T20:18:08+0200,139a36cd-3f66-4469-9ae3-07e849d7273d,2026-07-16T14:45:00Z,2026-07-16T16:45:00+0200,559.944,MW,DK2,DK_2,actual_solar_generation,Solar,2026-07-28T18:21:33Z
2026-07-28T18:18:08Z,2026-07-28T20:18:08+0200,139a36cd-3f66-4469-9ae3-07e849d7273d,2026-07-16T15:00:00Z,2026-07-16T17:00:00+0200,615.427,MW,DK2,DK_2,actual_solar_generation,Solar,2026-07-28T18:21:33Z
2026-07-28T18:18:08Z,2026-07-28T20:18:08+0200,139a36cd-3f66-4469-9ae3-07e849d7273d,2026-07-16T15:15:00Z,2026-07-16T17:15:00+0200,681.763,MW,DK2,DK_2,actual_solar_generation,Solar,2026-07-28T18:21:33Z
2026-07-28T18:18:08Z,2026-07-28T20:18:08+0200,139a36cd-3f66-4469-9ae3-07e849d7273d,2026-07-16T15:30:00Z,2026-07-16T17:30:00+0200,620.126,MW,DK2,DK_2,actual_solar_generation,Solar,2026-07-28T18:21:33Z
2026-07-28T18:18:08Z,2026-07-28T20:18:08+0200,139a36cd-3f66-4469-9ae3-07e849d7273d,2026-07-16T15:45:00Z,2026-07-16T17:45:00+0200,557.381,MW,DK2,DK_2,actual_solar_generation,Solar,2026-07-28T18:21:33Z
2026-07-28T18:18:08Z,2026-07-28T20:18:08+0200,139a36cd-3f66-4469-9ae3-07e849d7273d,2026-07-16T16:00:00Z,2026-07-16T18:00:00+0200,454.651,MW,DK2,DK_2,actual_solar_generation,Solar,2026-07-28T18:21:33Z
2026-07-28T18:18:08Z,2026-07-28T20:18:08+0200,139a36cd-3f66-4469-9ae3-07e849d7273d,2026-07-16T16:15:00Z,2026-07-16T18:15:00+0200,472.529,MW,DK2,DK_2,actual_solar_generation,Solar,2026-07-28T18:21:33Z
2026-07-28T18:18:08Z,2026-07-28T20:18:08+0200,139a36cd-3f66-4469-9ae3-07e849d7273d,2026-07-16T16:30:00Z,2026-07-16T18:30:00+0200,314.159,MW,DK2,DK_2,actual_solar_generation,Solar,2026-07-28T18:21:33Z
2026-07-28T18:18:08Z,2026-07-28T20:18:08+0200,139a36cd-3f66-4469-9ae3-07e849d7273d,2026-07-16T16:45:00Z,2026-07-16T18:45:00+0200,250.831,MW,DK2,DK_2,actual_solar_generation,Solar,2026-07-28T18:21:33Z
2026-07-28T18:18:08Z,2026-07-28T20:18:08+0200,139a36cd-3f66-4469-9ae3-07e849d7273d,2026-07-16T17:00:00Z,2026-07-16T19:00:00+0200,193.333,MW,DK2,DK_2,actual_solar_generation,Solar,2026-07-28T18:21:33Z
2026-07-28T18:18:08Z,2026-07-28T20:18:08+0200,139a36cd-3f66-4469-9ae3-07e849d7273d,2026-07-16T17:15:00Z,2026-07-16T19:15:00+0200,150.207,MW,DK2,DK_2,actual_solar_generation,Solar,2026-07-28T18:21:33Z
2026-07-28T18:18:08Z,2026-07-28T20:18:08+0200,139a36cd-3f66-4469-9ae3-07e849d7273d,2026-07-16T17:30:00Z,2026-07-16T19:30:00+0200,117.094,MW,DK2,DK_2,actual_solar_generation,Solar,2026-07-28T18:21:33Z
2026-07-28T18:18:08Z,2026-07-28T20:18:08+0200,139a36cd-3f66-4469-9ae3-07e849d7273d,2026-07-16T17:45:00Z,2026-07-16T19:45:00+0200,90.5087,MW,DK2,DK_2,actual_solar_generation,Solar,2026-07-28T18:21:33Z
2026-07-28T18:18:08Z,2026-07-28T20:18:08+0200,139a36cd-3f66-4469-9ae3-07e849d7273d,2026-07-16T18:00:00Z,2026-07-16T20:00:00+0200,81.0439,MW,DK2,DK_2,actual_solar_generation,Solar,2026-07-28T18:21:33Z
2026-07-28T18:18:08Z,2026-07-28T20:18:08+0200,139a36cd-3f66-4469-9ae3-07e849d7273d,2026-07-16T18:15:00Z,2026-07-16T20:15:00+0200,59.7149,MW,DK2,DK_2,actual_solar_generation,Solar,2026-07-28T18:21:33Z
2026-07-28T18:18:08Z,2026-07-28T20:18:08+0200,139a36cd-3f66-4469-9ae3-07e849d7273d,2026-07-16T18:30:00Z,2026-07-16T20:30:00+0200,48.3036,MW,DK2,DK_2,actual_solar_generation,Solar,2026-07-28T18:21:33Z
2026-07-28T18:18:08Z,2026-07-28T20:18:08+0200,139a36cd-3f66-4469-9ae3-07e849d7273d,2026-07-16T18:45:00Z,2026-07-16T20:45:00+0200,38.6759,MW,DK2,DK_2,actual_solar_generation,Solar,2026-07-28T18:21:33Z
2026-07-28T18:18:08Z,2026-07-28T20:18:08+0200,139a36cd-3f66-4469-9ae3-07e849d7273d,2026-07-16T19:00:00Z,2026-07-16T21:00:00+0200,21.5092,MW,DK2,DK_2,actual_solar_generation,Solar,2026-07-28T18:21:33Z
2026-07-28T18:18:08Z,2026-07-28T20:18:08+0200,139a36cd-3f66-4469-9ae3-07e849d7273d,2026-07-16T19:15:00Z,2026-07-16T21:15:00+0200,11.5951,MW,DK2,DK_2,actual_solar_generation,Solar,2026-07-28T18:21:33Z
2026-07-28T18:18:08Z,2026-07-28T20:18:08+0200,139a36cd-3f66-4469-9ae3-07e849d7273d,2026-07-16T19:30:00Z,2026-07-16T21:30:00+0200,1.19848,MW,DK2,DK_2,actual_solar_generation,Solar,2026-07-28T18:21:33Z
2026-07-28T18:18:08Z,2026-07-28T20:18:08+0200,139a36cd-3f66-4469-9ae3-07e849d7273d,2026-07-16T19:45:00Z,2026-07-16T21:45:00+0200,0.427366,MW,DK2,DK_2,actual_solar_generation,Solar,2026-07-28T18:21:33Z
2026-07-28T18:18:08Z,2026-07-28T20:18:08+0200,139a36cd-3f66-4469-9ae3-07e849d7273d,2026-07-16T20:00:00Z,2026-07-16T22:00:00+0200,0.0,MW,DK2,DK_2,actual_solar_generation,Solar,2026-07-28T18:21:33Z
2026-07-28T18:18:08Z,2026-07-28T20:18:08+0200,139a36cd-3f66-4469-9ae3-07e849d7273d,2026-07-16T20:15:00Z,2026-07-16T22:15:00+0200,0.0,MW,DK2,DK_2,actual_solar_generation,Solar,2026-07-28T18:21:33Z
2026-07-28T18:18:08Z,2026-07-28T20:18:08+0200,139a36cd-3f66-4469-9ae3-07e849d7273d,2026-07-16T20:30:00Z,2026-07-16T22:30:00+0200,0.235735,MW,DK2,DK_2,actual_solar_generation,Solar,2026-07-28T18:21:33Z
2026-07-28T18:18:08Z,2026-07-28T20:18:08+0200,139a36cd-3f66-4469-9ae3-07e849d7273d,2026-07-16T20:45:00Z,2026-07-16T22:45:00+0200,0.239656,MW,DK2,DK_2,actual_solar_generation,Solar,2026-07-28T18:21:33Z
2026-07-28T18:18:08Z,2026-07-28T20:18:08+0200,139a36cd-3f66-4469-9ae3-07e849d7273d,2026-07-16T21:00:00Z,2026-07-16T23:00:00+0200,0.0,MW,DK2,DK_2,actual_solar_generation,Solar,2026-07-28T18:21:33Z
2026-07-28T18:18:08Z,2026-07-28T20:18:08+0200,139a36cd-3f66-4469-9ae3-07e849d7273d,2026-07-16T21:15:00Z,2026-07-16T23:15:00+0200,0.0,MW,DK2,DK_2,actual_solar_generation,Solar,2026-07-28T18:21:33Z
2026-07-28T18:18:08Z,2026-07-28T20:18:08+0200,139a36cd-3f66-4469-9ae3-07e849d7273d,2026-07-16T21:30:00Z,2026-07-16T23:30:00+0200,0.0,MW,DK2,DK_2,actual_solar_generation,Solar,2026-07-28T18:21:33Z
2026-07-28T18:18:08Z,2026-07-28T20:18:08+0200,139a36cd-3f66-4469-9ae3-07e849d7273d,2026-07-16T21:45:00Z,2026-07-16T23:45:00+0200,0.0,MW,DK2,DK_2,actual_solar_generation,Solar,2026-07-28T18:21:33Z
2026-07-28T18:18:08Z,2026-07-28T20:18:08+0200,139a36cd-3f66-4469-9ae3-07e849d7273d,2026-07-16T22:00:00Z,2026-07-17T00:00:00+0200,0.0,MW,DK2,DK_2,actual_solar_generation,Solar,2026-07-28T18:21:33Z
2026-07-28T18:18:08Z,2026-07-28T20:18:08+0200,139a36cd-3f66-4469-9ae3-07e849d7273d,2026-07-16T22:15:00Z,2026-07-17T00:15:00+0200,0.0,MW,DK2,DK_2,actual_solar_generation,Solar,2026-07-28T18:21:33Z
2026-07-28T18:18:08Z,2026-07-28T20:18:08+0200,139a36cd-3f66-4469-9ae3-07e849d7273d,2026-07-16T22:30:00Z,2026-07-17T00:30:00+0200,0.0,MW,DK2,DK_2,actual_solar_generation,Solar,2026-07-28T18:21:33Z
2026-07-28T18:18:08Z,2026-07-28T20:18:08+0200,139a36cd-3f66-4469-9ae3-07e849d7273d,2026-07-16T22:45:00Z,2026-07-17T00:45:00+0200,0.0,MW,DK2,DK_2,actual_solar_generation,Solar,2026-07-28T18:21:33Z
2026-07-28T18:18:08Z,2026-07-28T20:18:08+0200,139a36cd-3f66-4469-9ae3-07e849d7273d,2026-07-16T23:00:00Z,2026-07-17T01:00:00+0200,0.0,MW,DK2,DK_2,actual_solar_generation,Solar,2026-07-28T18:21:33Z
2026-07-28T18:18:08Z,2026-07-28T20:18:08+0200,139a36cd-3f66-4469-9ae3-07e849d7273d,2026-07-16T23:15:00Z,2026-07-17T01:15:00+0200,0.0,MW,DK2,DK_2,actual_solar_generation,Solar,2026-07-28T18:21:33Z
2026-07-28T18:18:08Z,2026-07-28T20:18:08+0200,139a36cd-3f66-4469-9ae3-07e849d7273d,2026-07-16T23:30:00Z,2026-07-17T01:30:00+0200,0.0,MW,DK2,DK_2,actual_solar_generation,Solar,2026-07-28T18:21:33Z
2026-07-28T18:18:08Z,2026-07-28T20:18:08+0200,139a36cd-3f66-4469-9ae3-07e849d7273d,2026-07-16T23:45:00Z,2026-07-17T01:45:00+0200,0.0,MW,DK2,DK_2,actual_solar_generation,Solar,2026-07-28T18:21:33Z
2026-07-28T18:18:08Z,2026-07-28T20:18:08+0200,139a36cd-3f66-4469-9ae3-07e849d7273d,2026-07-17T00:00:00Z,2026-07-17T02:00:00+0200,0.0,MW,DK2,DK_2,actual_solar_generation,Solar,2026-07-28T18:21:33Z
2026-07-28T18:18:08Z,2026-07-28T20:18:08+0200,139a36cd-3f66-4469-9ae3-07e849d7273d,2026-07-17T00:15:00Z,2026-07-17T02:15:00+0200,0.0,MW,DK2,DK_2,actual_solar_generation,Solar,2026-07-28T18:21:33Z
2026-07-28T18:18:08Z,2026-07-28T20:18:08+0200,139a36cd-3f66-4469-9ae3-07e849d7273d,2026-07-17T00:30:00Z,2026-07-17T02:30:00+0200,0.0,MW,DK2,DK_2,actual_solar_generation,Solar,2026-07-28T18:21:33Z
2026-07-28T18:18:08Z,2026-07-28T20:18:08+0200,139a36cd-3f66-4469-9ae3-07e849d7273d,2026-07-17T00:45:00Z,2026-07-17T02:45:00+0200,0.0,MW,DK2,DK_2,actual_solar_generation,Solar,2026-07-28T18:21:33Z
2026-07-28T18:18:08Z,2026-07-28T20:18:08+0200,139a36cd-3f66-4469-9ae3-07e849d7273d,2026-07-17T01:00:00Z,2026-07-17T03:00:00+0200,0.0,MW,DK2,DK_2,actual_solar_generation,Solar,2026-07-28T18:21:33Z
2026-07-28T18:18:08Z,2026-07-28T20:18:08+0200,139a36cd-3f66-4469-9ae3-07e849d7273d,2026-07-17T01:15:00Z,2026-07-17T03:15:00+0200,0.0,MW,DK2,DK_2,actual_solar_generation,Solar,2026-07-28T18:21:33Z
2026-07-28T18:18:08Z,2026-07-28T20:18:08+0200,139a36cd-3f66-4469-9ae3-07e849d7273d,2026-07-17T01:30:00Z,2026-07-17T03:30:00+0200,0.0,MW,DK2,DK_2,actual_solar_generation,Solar,2026-07-28T18:21:33Z
2026-07-28T18:18:08Z,2026-07-28T20:18:08+0200,139a36cd-3f66-4469-9ae3-07e849d7273d,2026-07-17T01:45:00Z,2026-07-17T03:45:00+0200,0.0,MW,DK2,DK_2,actual_solar_generation,Solar,2026-07-28T18:21:33Z
2026-07-28T18:18:08Z,2026-07-28T20:18:08+0200,139a36cd-3f66-4469-9ae3-07e849d7273d,2026-07-17T02:00:00Z,2026-07-17T04:00:00+0200,0.0,MW,DK2,DK_2,actual_solar_generation,Solar,2026-07-28T18:21:33Z
2026-07-28T18:18:08Z,2026-07-28T20:18:08+0200,139a36cd-3f66-4469-9ae3-07e849d7273d,2026-07-17T02:15:00Z,2026-07-17T04:15:00+0200,0.0,MW,DK2,DK_2,actual_solar_generation,Solar,2026-07-28T18:21:33Z
2026-07-28T18:18:08Z,2026-07-28T20:18:08+0200,139a36cd-3f66-4469-9ae3-07e849d7273d,2026-07-17T02:30:00Z,2026-07-17T04:30:00+0200,0.0,MW,DK2,DK_2,actual_solar_generation,Solar,2026-07-28T18:21:33Z
2026-07-28T18:18:08Z,2026-07-28T20:18:08+0200,139a36cd-3f66-4469-9ae3-07e849d7273d,2026-07-17T02:45:00Z,2026-07-17T04:45:00+0200,0.781695,MW,DK2,DK_2,actual_solar_generation,Solar,2026-07-28T18:21:33Z
2026-07-28T18:18:08Z,2026-07-28T20:18:08+0200,139a36cd-3f66-4469-9ae3-07e849d7273d,2026-07-17T03:00:00Z,2026-07-17T05:00:00+0200,5.0577,MW,DK2,DK_2,actual_solar_generation,Solar,2026-07-28T18:21:33Z
2026-07-28T18:18:08Z,2026-07-28T20:18:08+0200,139a36cd-3f66-4469-9ae3-07e849d7273d,2026-07-17T03:15:00Z,2026-07-17T05:15:00+0200,16.9147,MW,DK2,DK_2,actual_solar_generation,Solar,2026-07-28T18:21:33Z
2026-07-28T18:18:08Z,2026-07-28T20:18:08+0200,139a36cd-3f66-4469-9ae3-07e849d7273d,2026-07-17T03:30:00Z,2026-07-17T05:30:00+0200,28.4322,MW,DK2,DK_2,actual_solar_generation,Solar,2026-07-28T18:21:33Z
2026-07-28T18:18:08Z,2026-07-28T20:18:08+0200,139a36cd-3f66-4469-9ae3-07e849d7273d,2026-07-17T03:45:00Z,2026-07-17T05:45:00+0200,42.6655,MW,DK2,DK_2,actual_solar_generation,Solar,2026-07-28T18:21:33Z
2026-07-28T18:18:08Z,2026-07-28T20:18:08+0200,139a36cd-3f66-4469-9ae3-07e849d7273d,2026-07-17T04:00:00Z,2026-07-17T06:00:00+0200,58.0945,MW,DK2,DK_2,actual_solar_generation,Solar,2026-07-28T18:21:33Z
2026-07-28T18:18:08Z,2026-07-28T20:18:08+0200,139a36cd-3f66-4469-9ae3-07e849d7273d,2026-07-17T04:15:00Z,2026-07-17T06:15:00+0200,83.3559,MW,DK2,DK_2,actual_solar_generation,Solar,2026-07-28T18:21:33Z
2026-07-28T18:18:08Z,2026-07-28T20:18:08+0200,139a36cd-3f66-4469-9ae3-07e849d7273d,2026-07-17T04:30:00Z,2026-07-17T06:30:00+0200,94.3861,MW,DK2,DK_2,actual_solar_generation,Solar,2026-07-28T18:21:33Z
2026-07-28T18:18:08Z,2026-07-28T20:18:08+0200,139a36cd-3f66-4469-9ae3-07e849d7273d,2026-07-17T04:45:00Z,2026-07-17T06:45:00+0200,103.485,MW,DK2,DK_2,actual_solar_generation,Solar,2026-07-28T18:21:33Z
2026-07-28T18:18:08Z,2026-07-28T20:18:08+0200,139a36cd-3f66-4469-9ae3-07e849d7273d,2026-07-17T05:00:00Z,2026-07-17T07:00:00+0200,125.269,MW,DK2,DK_2,actual_solar_generation,Solar,2026-07-28T18:21:33Z
2026-07-28T18:18:08Z,2026-07-28T20:18:08+0200,139a36cd-3f66-4469-9ae3-07e849d7273d,2026-07-17T05:15:00Z,2026-07-17T07:15:00+0200,152.236,MW,DK2,DK_2,actual_solar_generation,Solar,2026-07-28T18:21:33Z
2026-07-28T18:18:08Z,2026-07-28T20:18:08+0200,139a36cd-3f66-4469-9ae3-07e849d7273d,2026-07-17T05:30:00Z,2026-07-17T07:30:00+0200,198.149,MW,DK2,DK_2,actual_solar_generation,Solar,2026-07-28T18:21:33Z
2026-07-28T18:18:08Z,2026-07-28T20:18:08+0200,139a36cd-3f66-4469-9ae3-07e849d7273d,2026-07-17T05:45:00Z,2026-07-17T07:45:00+0200,276.775,MW,DK2,DK_2,actual_solar_generation,Solar,2026-07-28T18:21:33Z
2026-07-28T18:18:08Z,2026-07-28T20:18:08+0200,139a36cd-3f66-4469-9ae3-07e849d7273d,2026-07-17T06:00:00Z,2026-07-17T08:00:00+0200,331.558,MW,DK2,DK_2,actual_solar_generation,Solar,2026-07-28T18:21:33Z
2026-07-28T18:18:08Z,2026-07-28T20:18:08+0200,139a36cd-3f66-4469-9ae3-07e849d7273d,2026-07-17T06:15:00Z,2026-07-17T08:15:00+0200,353.876,MW,DK2,DK_2,actual_solar_generation,Solar,2026-07-28T18:21:33Z
2026-07-28T18:18:08Z,2026-07-28T20:18:08+0200,139a36cd-3f66-4469-9ae3-07e849d7273d,2026-07-17T06:30:00Z,2026-07-17T08:30:00+0200,374.885,MW,DK2,DK_2,actual_solar_generation,Solar,2026-07-28T18:21:33Z
2026-07-28T18:18:08Z,2026-07-28T20:18:08+0200,139a36cd-3f66-4469-9ae3-07e849d7273d,2026-07-17T06:45:00Z,2026-07-17T08:45:00+0200,432.54,MW,DK2,DK_2,actual_solar_generation,Solar,2026-07-28T18:21:33Z
2026-07-28T18:18:08Z,2026-07-28T20:18:08+0200,139a36cd-3f66-4469-9ae3-07e849d7273d,2026-07-17T07:00:00Z,2026-07-17T09:00:00+0200,438.638,MW,DK2,DK_2,actual_solar_generation,Solar,2026-07-28T18:21:33Z
2026-07-28T18:18:08Z,2026-07-28T20:18:08+0200,139a36cd-3f66-4469-9ae3-07e849d7273d,2026-07-17T07:15:00Z,2026-07-17T09:15:00+0200,455.438,MW,DK2,DK_2,actual_solar_generation,Solar,2026-07-28T18:21:33Z
2026-07-28T18:18:08Z,2026-07-28T20:18:08+0200,139a36cd-3f66-4469-9ae3-07e849d7273d,2026-07-17T07:30:00Z,2026-07-17T09:30:00+0200,449.111,MW,DK2,DK_2,actual_solar_generation,Solar,2026-07-28T18:21:33Z
2026-07-28T18:18:08Z,2026-07-28T20:18:08+0200,139a36cd-3f66-4469-9ae3-07e849d7273d,2026-07-17T07:45:00Z,2026-07-17T09:45:00+0200,475.425,MW,DK2,DK_2,actual_solar_generation,Solar,2026-07-28T18:21:33Z
2026-07-28T18:18:08Z,2026-07-28T20:18:08+0200,139a36cd-3f66-4469-9ae3-07e849d7273d,2026-07-17T08:00:00Z,2026-07-17T10:00:00+0200,491.532,MW,DK2,DK_2,actual_solar_generation,Solar,2026-07-28T18:21:33Z
2026-07-28T18:18:08Z,2026-07-28T20:18:08+0200,139a36cd-3f66-4469-9ae3-07e849d7273d,2026-07-17T08:15:00Z,2026-07-17T10:15:00+0200,516.09,MW,DK2,DK_2,actual_solar_generation,Solar,2026-07-28T18:21:33Z
2026-07-28T18:18:08Z,2026-07-28T20:18:08+0200,139a36cd-3f66-4469-9ae3-07e849d7273d,2026-07-17T08:30:00Z,2026-07-17T10:30:00+0200,565.818,MW,DK2,DK_2,actual_solar_generation,Solar,2026-07-28T18:21:33Z
2026-07-28T18:18:08Z,2026-07-28T20:18:08+0200,139a36cd-3f66-4469-9ae3-07e849d7273d,2026-07-17T08:45:00Z,2026-07-17T10:45:00+0200,614.663,MW,DK2,DK_2,actual_solar_generation,Solar,2026-07-28T18:21:33Z
2026-07-28T18:18:08Z,2026-07-28T20:18:08+0200,139a36cd-3f66-4469-9ae3-07e849d7273d,2026-07-17T09:00:00Z,2026-07-17T11:00:00+0200,691.082,MW,DK2,DK_2,actual_solar_generation,Solar,2026-07-28T18:21:33Z
2026-07-28T18:18:08Z,2026-07-28T20:18:08+0200,139a36cd-3f66-4469-9ae3-07e849d7273d,2026-07-17T09:15:00Z,2026-07-17T11:15:00+0200,664.565,MW,DK2,DK_2,actual_solar_generation,Solar,2026-07-28T18:21:33Z
2026-07-28T18:18:08Z,2026-07-28T20:18:08+0200,139a36cd-3f66-4469-9ae3-07e849d7273d,2026-07-17T09:30:00Z,2026-07-17T11:30:00+0200,704.094,MW,DK2,DK_2,actual_solar_generation,Solar,2026-07-28T18:21:33Z
2026-07-28T18:18:08Z,2026-07-28T20:18:08+0200,139a36cd-3f66-4469-9ae3-07e849d7273d,2026-07-17T09:45:00Z,2026-07-17T11:45:00+0200,743.27,MW,DK2,DK_2,actual_solar_generation,Solar,2026-07-28T18:21:33Z
2026-07-28T18:18:08Z,2026-07-28T20:18:08+0200,139a36cd-3f66-4469-9ae3-07e849d7273d,2026-07-17T10:00:00Z,2026-07-17T12:00:00+0200,764.666,MW,DK2,DK_2,actual_solar_generation,Solar,2026-07-28T18:21:33Z
2026-07-28T18:18:08Z,2026-07-28T20:18:08+0200,139a36cd-3f66-4469-9ae3-07e849d7273d,2026-07-17T10:15:00Z,2026-07-17T12:15:00+0200,794.038,MW,DK2,DK_2,actual_solar_generation,Solar,2026-07-28T18:21:33Z
2026-07-28T18:18:08Z,2026-07-28T20:18:08+0200,139a36cd-3f66-4469-9ae3-07e849d7273d,2026-07-17T10:30:00Z,2026-07-17T12:30:00+0200,832.513,MW,DK2,DK_2,actual_solar_generation,Solar,2026-07-28T18:21:33Z
2026-07-28T18:18:08Z,2026-07-28T20:18:08+0200,139a36cd-3f66-4469-9ae3-07e849d7273d,2026-07-17T10:45:00Z,2026-07-17T12:45:00+0200,870.985,MW,DK2,DK_2,actual_solar_generation,Solar,2026-07-28T18:21:33Z
2026-07-28T18:18:08Z,2026-07-28T20:18:08+0200,139a36cd-3f66-4469-9ae3-07e849d7273d,2026-07-17T11:00:00Z,2026-07-17T13:00:00+0200,830.617,MW,DK2,DK_2,actual_solar_generation,Solar,2026-07-28T18:21:33Z
2026-07-28T18:18:08Z,2026-07-28T20:18:08+0200,139a36cd-3f66-4469-9ae3-07e849d7273d,2026-07-17T11:15:00Z,2026-07-17T13:15:00+0200,742.871,MW,DK2,DK_2,actual_solar_generation,Solar,2026-07-28T18:21:33Z
2026-07-28T18:18:08Z,2026-07-28T20:18:08+0200,139a36cd-3f66-4469-9ae3-07e849d7273d,2026-07-17T11:30:00Z,2026-07-17T13:30:00+0200,645.343,MW,DK2,DK_2,actual_solar_generation,Solar,2026-07-28T18:21:33Z
2026-07-28T18:18:08Z,2026-07-28T20:18:08+0200,139a36cd-3f66-4469-9ae3-07e849d7273d,2026-07-17T11:45:00Z,2026-07-17T13:45:00+0200,616.808,MW,DK2,DK_2,actual_solar_generation,Solar,2026-07-28T18:21:33Z
2026-07-28T18:18:08Z,2026-07-28T20:18:08+0200,139a36cd-3f66-4469-9ae3-07e849d7273d,2026-07-17T12:00:00Z,2026-07-17T14:00:00+0200,602.013,MW,DK2,DK_2,actual_solar_generation,Solar,2026-07-28T18:21:33Z
2026-07-28T18:18:08Z,2026-07-28T20:18:08+0200,139a36cd-3f66-4469-9ae3-07e849d7273d,2026-07-17T12:15:00Z,2026-07-17T14:15:00+0200,646.079,MW,DK2,DK_2,actual_solar_generation,Solar,2026-07-28T18:21:33Z
2026-07-28T18:18:08Z,2026-07-28T20:18:08+0200,139a36cd-3f66-4469-9ae3-07e849d7273d,2026-07-17T12:30:00Z,2026-07-17T14:30:00+0200,705.548,MW,DK2,DK_2,actual_solar_generation,Solar,2026-07-28T18:21:33Z
2026-07-28T18:18:08Z,2026-07-28T20:18:08+0200,139a36cd-3f66-4469-9ae3-07e849d7273d,2026-07-17T12:45:00Z,2026-07-17T14:45:00+0200,794.608,MW,DK2,DK_2,actual_solar_generation,Solar,2026-07-28T18:21:33Z
2026-07-28T18:18:08Z,2026-07-28T20:18:08+0200,139a36cd-3f66-4469-9ae3-07e849d7273d,2026-07-17T13:00:00Z,2026-07-17T15:00:00+0200,803.693,MW,DK2,DK_2,actual_solar_generation,Solar,2026-07-28T18:21:33Z
2026-07-28T18:18:08Z,2026-07-28T20:18:08+0200,139a36cd-3f66-4469-9ae3-07e849d7273d,2026-07-17T13:15:00Z,2026-07-17T15:15:00+0200,860.664,MW,DK2,DK_2,actual_solar_generation,Solar,2026-07-28T18:21:33Z
2026-07-28T18:18:08Z,2026-07-28T20:18:08+0200,139a36cd-3f66-4469-9ae3-07e849d7273d,2026-07-17T13:30:00Z,2026-07-17T15:30:00+0200,833.354,MW,DK2,DK_2,actual_solar_generation,Solar,2026-07-28T18:21:33Z
2026-07-28T18:18:08Z,2026-07-28T20:18:08+0200,139a36cd-3f66-4469-9ae3-07e849d7273d,2026-07-17T13:45:00Z,2026-07-17T15:45:00+0200,676.551,MW,DK2,DK_2,actual_solar_generation,Solar,2026-07-28T18:21:33Z
2026-07-28T18:18:08Z,2026-07-28T20:18:08+0200,139a36cd-3f66-4469-9ae3-07e849d7273d,2026-07-17T14:00:00Z,2026-07-17T16:00:00+0200,733.898,MW,DK2,DK_2,actual_solar_generation,Solar,2026-07-28T18:21:33Z
2026-07-28T18:18:08Z,2026-07-28T20:18:08+0200,139a36cd-3f66-4469-9ae3-07e849d7273d,2026-07-17T14:15:00Z,2026-07-17T16:15:00+0200,762.383,MW,DK2,DK_2,actual_solar_generation,Solar,2026-07-28T18:21:33Z
2026-07-28T18:18:08Z,2026-07-28T20:18:08+0200,139a36cd-3f66-4469-9ae3-07e849d7273d,2026-07-17T14:30:00Z,2026-07-17T16:30:00+0200,661.083,MW,DK2,DK_2,actual_solar_generation,Solar,2026-07-28T18:21:33Z
2026-07-28T18:18:08Z,2026-07-28T20:18:08+0200,139a36cd-3f66-4469-9ae3-07e849d7273d,2026-07-17T14:45:00Z,2026-07-17T16:45:00+0200,606.142,MW,DK2,DK_2,actual_solar_generation,Solar,2026-07-28T18:21:33Z
2026-07-28T18:18:08Z,2026-07-28T20:18:08+0200,139a36cd-3f66-4469-9ae3-07e849d7273d,2026-07-17T15:00:00Z,2026-07-17T17:00:00+0200,520.835,MW,DK2,DK_2,actual_solar_generation,Solar,2026-07-28T18:21:33Z
2026-07-28T18:18:08Z,2026-07-28T20:18:08+0200,139a36cd-3f66-4469-9ae3-07e849d7273d,2026-07-17T15:15:00Z,2026-07-17T17:15:00+0200,510.12,MW,DK2,DK_2,actual_solar_generation,Solar,2026-07-28T18:21:33Z
2026-07-28T18:18:08Z,2026-07-28T20:18:08+0200,139a36cd-3f66-4469-9ae3-07e849d7273d,2026-07-17T15:30:00Z,2026-07-17T17:30:00+0200,480.583,MW,DK2,DK_2,actual_solar_generation,Solar,2026-07-28T18:21:33Z
2026-07-28T18:18:08Z,2026-07-28T20:18:08+0200,139a36cd-3f66-4469-9ae3-07e849d7273d,2026-07-17T15:45:00Z,2026-07-17T17:45:00+0200,472.331,MW,DK2,DK_2,actual_solar_generation,Solar,2026-07-28T18:21:33Z
2026-07-28T18:18:08Z,2026-07-28T20:18:08+0200,139a36cd-3f66-4469-9ae3-07e849d7273d,2026-07-17T16:00:00Z,2026-07-17T18:00:00+0200,366.914,MW,DK2,DK_2,actual_solar_generation,Solar,2026-07-28T18:21:33Z
2026-07-28T18:18:08Z,2026-07-28T20:18:08+0200,139a36cd-3f66-4469-9ae3-07e849d7273d,2026-07-17T16:15:00Z,2026-07-17T18:15:00+0200,323.304,MW,DK2,DK_2,actual_solar_generation,Solar,2026-07-28T18:21:33Z
2026-07-28T18:18:08Z,2026-07-28T20:18:08+0200,139a36cd-3f66-4469-9ae3-07e849d7273d,2026-07-17T16:30:00Z,2026-07-17T18:30:00+0200,301.898,MW,DK2,DK_2,actual_solar_generation,Solar,2026-07-28T18:21:33Z
2026-07-28T18:18:08Z,2026-07-28T20:18:08+0200,139a36cd-3f66-4469-9ae3-07e849d7273d,2026-07-17T16:45:00Z,2026-07-17T18:45:00+0200,221.082,MW,DK2,DK_2,actual_solar_generation,Solar,2026-07-28T18:21:33Z
2026-07-28T18:18:08Z,2026-07-28T20:18:08+0200,139a36cd-3f66-4469-9ae3-07e849d7273d,2026-07-17T17:00:00Z,2026-07-17T19:00:00+0200,168.429,MW,DK2,DK_2,actual_solar_generation,Solar,2026-07-28T18:21:33Z
2026-07-28T18:18:08Z,2026-07-28T20:18:08+0200,139a36cd-3f66-4469-9ae3-07e849d7273d,2026-07-17T17:15:00Z,2026-07-17T19:15:00+0200,194.641,MW,DK2,DK_2,actual_solar_generation,Solar,2026-07-28T18:21:33Z
2026-07-28T18:18:08Z,2026-07-28T20:18:08+0200,139a36cd-3f66-4469-9ae3-07e849d7273d,2026-07-17T17:30:00Z,2026-07-17T19:30:00+0200,189.906,MW,DK2,DK_2,actual_solar_generation,Solar,2026-07-28T18:21:33Z
2026-07-28T18:18:08Z,2026-07-28T20:18:08+0200,139a36cd-3f66-4469-9ae3-07e849d7273d,2026-07-17T17:45:00Z,2026-07-17T19:45:00+0200,151.267,MW,DK2,DK_2,actual_solar_generation,Solar,2026-07-28T18:21:33Z
2026-07-28T18:18:08Z,2026-07-28T20:18:08+0200,139a36cd-3f66-4469-9ae3-07e849d7273d,2026-07-17T18:00:00Z,2026-07-17T20:00:00+0200,118.052,MW,DK2,DK_2,actual_solar_generation,Solar,2026-07-28T18:21:33Z
2026-07-28T18:18:08Z,2026-07-28T20:18:08+0200,139a36cd-3f66-4469-9ae3-07e849d7273d,2026-07-17T18:15:00Z,2026-07-17T20:15:00+0200,97.4178,MW,DK2,DK_2,actual_solar_generation,Solar,2026-07-28T18:21:33Z
2026-07-28T18:18:08Z,2026-07-28T20:18:08+0200,139a36cd-3f66-4469-9ae3-07e849d7273d,2026-07-17T18:30:00Z,2026-07-17T20:30:00+0200,79.0523,MW,DK2,DK_2,actual_solar_generation,Solar,2026-07-28T18:21:33Z
2026-07-28T18:18:08Z,2026-07-28T20:18:08+0200,139a36cd-3f66-4469-9ae3-07e849d7273d,2026-07-17T18:45:00Z,2026-07-17T20:45:00+0200,62.0702,MW,DK2,DK_2,actual_solar_generation,Solar,2026-07-28T18:21:33Z
2026-07-28T18:18:08Z,2026-07-28T20:18:08+0200,139a36cd-3f66-4469-9ae3-07e849d7273d,2026-07-17T19:00:00Z,2026-07-17T21:00:00+0200,50.3377,MW,DK2,DK_2,actual_solar_generation,Solar,2026-07-28T18:21:33Z
2026-07-28T18:18:08Z,2026-07-28T20:18:08+0200,139a36cd-3f66-4469-9ae3-07e849d7273d,2026-07-17T19:15:00Z,2026-07-17T21:15:00+0200,32.854,MW,DK2,DK_2,actual_solar_generation,Solar,2026-07-28T18:21:33Z
2026-07-28T18:18:08Z,2026-07-28T20:18:08+0200,139a36cd-3f66-4469-9ae3-07e849d7273d,2026-07-17T19:30:00Z,2026-07-17T21:30:00+0200,17.6,MW,DK2,DK_2,actual_solar_generation,Solar,2026-07-28T18:21:33Z
2026-07-28T18:18:08Z,2026-07-28T20:18:08+0200,139a36cd-3f66-4469-9ae3-07e849d7273d,2026-07-17T19:45:00Z,2026-07-17T21:45:00+0200,9.28318,MW,DK2,DK_2,actual_solar_generation,Solar,2026-07-28T18:21:33Z
2026-07-28T18:18:08Z,2026-07-28T20:18:08+0200,139a36cd-3f66-4469-9ae3-07e849d7273d,2026-07-17T20:00:00Z,2026-07-17T22:00:00+0200,3.11367,MW,DK2,DK_2,actual_solar_generation,Solar,2026-07-28T18:21:33Z
2026-07-28T18:18:08Z,2026-07-28T20:18:08+0200,139a36cd-3f66-4469-9ae3-07e849d7273d,2026-07-17T20:15:00Z,2026-07-17T22:15:00+0200,1.56089,MW,DK2,DK_2,actual_solar_generation,Solar,2026-07-28T18:21:33Z
2026-07-28T18:18:08Z,2026-07-28T20:18:08+0200,139a36cd-3f66-4469-9ae3-07e849d7273d,2026-07-17T20:30:00Z,2026-07-17T22:30:00+0200,0.0,MW,DK2,DK_2,actual_solar_generation,Solar,2026-07-28T18:21:33Z
2026-07-28T18:18:08Z,2026-07-28T20:18:08+0200,139a36cd-3f66-4469-9ae3-07e849d7273d,2026-07-17T20:45:00Z,2026-07-17T22:45:00+0200,0.0,MW,DK2,DK_2,actual_solar_generation,Solar,2026-07-28T18:21:33Z
2026-07-28T18:18:08Z,2026-07-28T20:18:08+0200,139a36cd-3f66-4469-9ae3-07e849d7273d,2026-07-17T21:00:00Z,2026-07-17T23:00:00+0200,0.0,MW,DK2,DK_2,actual_solar_generation,Solar,2026-07-28T18:21:33Z
2026-07-28T18:18:08Z,2026-07-28T20:18:08+0200,139a36cd-3f66-4469-9ae3-07e849d7273d,2026-07-17T21:15:00Z,2026-07-17T23:15:00+0200,0.0,MW,DK2,DK_2,actual_solar_generation,Solar,2026-07-28T18:21:33Z
2026-07-28T18:18:08Z,2026-07-28T20:18:08+0200,139a36cd-3f66-4469-9ae3-07e849d7273d,2026-07-17T21:30:00Z,2026-07-17T23:30:00+0200,0.0,MW,DK2,DK_2,actual_solar_generation,Solar,2026-07-28T18:21:33Z
2026-07-28T18:18:08Z,2026-07-28T20:18:08+0200,139a36cd-3f66-4469-9ae3-07e849d7273d,2026-07-17T21:45:00Z,2026-07-17T23:45:00+0200,0.0,MW,DK2,DK_2,actual_solar_generation,Solar,2026-07-28T18:21:33Z
2026-07-28T18:18:08Z,2026-07-28T20:18:08+0200,139a36cd-3f66-4469-9ae3-07e849d7273d,2026-07-17T22:00:00Z,2026-07-18T00:00:00+0200,0.0,MW,DK2,DK_2,actual_solar_generation,Solar,2026-07-28T18:21:33Z
2026-07-28T18:18:08Z,2026-07-28T20:18:08+0200,139a36cd-3f66-4469-9ae3-07e849d7273d,2026-07-17T22:15:00Z,2026-07-18T00:15:00+0200,0.0,MW,DK2,DK_2,actual_solar_generation,Solar,2026-07-28T18:21:33Z
2026-07-28T18:18:08Z,2026-07-28T20:18:08+0200,139a36cd-3f66-4469-9ae3-07e849d7273d,2026-07-17T22:30:00Z,2026-07-18T00:30:00+0200,0.0,MW,DK2,DK_2,actual_solar_generation,Solar,2026-07-28T18:21:33Z
2026-07-28T18:18:08Z,2026-07-28T20:18:08+0200,139a36cd-3f66-4469-9ae3-07e849d7273d,2026-07-17T22:45:00Z,2026-07-18T00:45:00+0200,0.0,MW,DK2,DK_2,actual_solar_generation,Solar,2026-07-28T18:21:33Z
2026-07-28T18:18:08Z,2026-07-28T20:18:08+0200,139a36cd-3f66-4469-9ae3-07e849d7273d,2026-07-17T23:00:00Z,2026-07-18T01:00:00+0200,0.0,MW,DK2,DK_2,actual_solar_generation,Solar,2026-07-28T18:21:33Z
2026-07-28T18:18:08Z,2026-07-28T20:18:08+0200,139a36cd-3f66-4469-9ae3-07e849d7273d,2026-07-17T23:15:00Z,2026-07-18T01:15:00+0200,0.0,MW,DK2,DK_2,actual_solar_generation,Solar,2026-07-28T18:21:33Z
2026-07-28T18:18:08Z,2026-07-28T20:18:08+0200,139a36cd-3f66-4469-9ae3-07e849d7273d,2026-07-17T23:30:00Z,2026-07-18T01:30:00+0200,0.0,MW,DK2,DK_2,actual_solar_generation,Solar,2026-07-28T18:21:33Z
2026-07-28T18:18:08Z,2026-07-28T20:18:08+0200,139a36cd-3f66-4469-9ae3-07e849d7273d,2026-07-17T23:45:00Z,2026-07-18T01:45:00+0200,0.0,MW,DK2,DK_2,actual_solar_generation,Solar,2026-07-28T18:21:33Z
2026-07-28T18:18:08Z,2026-07-28T20:18:08+0200,139a36cd-3f66-4469-9ae3-07e849d7273d,2026-07-18T00:00:00Z,2026-07-18T02:00:00+0200,0.0,MW,DK2,DK_2,actual_solar_generation,Solar,2026-07-28T18:21:33Z
2026-07-28T18:18:08Z,2026-07-28T20:18:08+0200,139a36cd-3f66-4469-9ae3-07e849d7273d,2026-07-18T00:15:00Z,2026-07-18T02:15:00+0200,0.0,MW,DK2,DK_2,actual_solar_generation,Solar,2026-07-28T18:21:33Z
2026-07-28T18:18:08Z,2026-07-28T20:18:08+0200,139a36cd-3f66-4469-9ae3-07e849d7273d,2026-07-18T00:30:00Z,2026-07-18T02:30:00+0200,0.0,MW,DK2,DK_2,actual_solar_generation,Solar,2026-07-28T18:21:33Z
2026-07-28T18:18:08Z,2026-07-28T20:18:08+0200,139a36cd-3f66-4469-9ae3-07e849d7273d,2026-07-18T00:45:00Z,2026-07-18T02:45:00+0200,0.0,MW,DK2,DK_2,actual_solar_generation,Solar,2026-07-28T18:21:33Z
2026-07-28T18:18:08Z,2026-07-28T20:18:08+0200,139a36cd-3f66-4469-9ae3-07e849d7273d,2026-07-18T01:00:00Z,2026-07-18T03:00:00+0200,0.0,MW,DK2,DK_2,actual_solar_generation,Solar,2026-07-28T18:21:33Z
2026-07-28T18:18:08Z,2026-07-28T20:18:08+0200,139a36cd-3f66-4469-9ae3-07e849d7273d,2026-07-18T01:15:00Z,2026-07-18T03:15:00+0200,0.0,MW,DK2,DK_2,actual_solar_generation,Solar,2026-07-28T18:21:33Z
2026-07-28T18:18:08Z,2026-07-28T20:18:08+0200,139a36cd-3f66-4469-9ae3-07e849d7273d,2026-07-18T01:30:00Z,2026-07-18T03:30:00+0200,0.0,MW,DK2,DK_2,actual_solar_generation,Solar,2026-07-28T18:21:33Z
2026-07-28T18:18:08Z,2026-07-28T20:18:08+0200,139a36cd-3f66-4469-9ae3-07e849d7273d,2026-07-18T01:45:00Z,2026-07-18T03:45:00+0200,0.0,MW,DK2,DK_2,actual_solar_generation,Solar,2026-07-28T18:21:33Z
2026-07-28T18:18:08Z,2026-07-28T20:18:08+0200,139a36cd-3f66-4469-9ae3-07e849d7273d,2026-07-18T02:00:00Z,2026-07-18T04:00:00+0200,0.0,MW,DK2,DK_2,actual_solar_generation,Solar,2026-07-28T18:21:33Z
2026-07-28T18:18:08Z,2026-07-28T20:18:08+0200,139a36cd-3f66-4469-9ae3-07e849d7273d,2026-07-18T02:15:00Z,2026-07-18T04:15:00+0200,0.0,MW,DK2,DK_2,actual_solar_generation,Solar,2026-07-28T18:21:33Z
2026-07-28T18:18:08Z,2026-07-28T20:18:08+0200,139a36cd-3f66-4469-9ae3-07e849d7273d,2026-07-18T02:30:00Z,2026-07-18T04:30:00+0200,0.0,MW,DK2,DK_2,actual_solar_generation,Solar,2026-07-28T18:21:33Z
2026-07-28T18:18:08Z,2026-07-28T20:18:08+0200,139a36cd-3f66-4469-9ae3-07e849d7273d,2026-07-18T02:45:00Z,2026-07-18T04:45:00+0200,0.0,MW,DK2,DK_2,actual_solar_generation,Solar,2026-07-28T18:21:33Z
2026-07-28T18:18:08Z,2026-07-28T20:18:08+0200,139a36cd-3f66-4469-9ae3-07e849d7273d,2026-07-18T03:00:00Z,2026-07-18T05:00:00+0200,0.992075,MW,DK2,DK_2,actual_solar_generation,Solar,2026-07-28T18:21:33Z
2026-07-28T18:18:08Z,2026-07-28T20:18:08+0200,139a36cd-3f66-4469-9ae3-07e849d7273d,2026-07-18T03:15:00Z,2026-07-18T05:15:00+0200,6.9148,MW,DK2,DK_2,actual_solar_generation,Solar,2026-07-28T18:21:33Z
2026-07-28T18:18:08Z,2026-07-28T20:18:08+0200,139a36cd-3f66-4469-9ae3-07e849d7273d,2026-07-18T03:30:00Z,2026-07-18T05:30:00+0200,16.4169,MW,DK2,DK_2,actual_solar_generation,Solar,2026-07-28T18:21:33Z
2026-07-28T18:18:08Z,2026-07-28T20:18:08+0200,139a36cd-3f66-4469-9ae3-07e849d7273d,2026-07-18T03:45:00Z,2026-07-18T05:45:00+0200,25.3753,MW,DK2,DK_2,actual_solar_generation,Solar,2026-07-28T18:21:33Z
2026-07-28T18:18:08Z,2026-07-28T20:18:08+0200,139a36cd-3f66-4469-9ae3-07e849d7273d,2026-07-18T04:00:00Z,2026-07-18T06:00:00+0200,33.8954,MW,DK2,DK_2,actual_solar_generation,Solar,2026-07-28T18:21:33Z
2026-07-28T18:18:08Z,2026-07-28T20:18:08+0200,139a36cd-3f66-4469-9ae3-07e849d7273d,2026-07-18T04:15:00Z,2026-07-18T06:15:00+0200,44.0736,MW,DK2,DK_2,actual_solar_generation,Solar,2026-07-28T18:21:33Z
2026-07-28T18:18:08Z,2026-07-28T20:18:08+0200,139a36cd-3f66-4469-9ae3-07e849d7273d,2026-07-18T04:30:00Z,2026-07-18T06:30:00+0200,54.174,MW,DK2,DK_2,actual_solar_generation,Solar,2026-07-28T18:21:33Z
2026-07-28T18:18:08Z,2026-07-28T20:18:08+0200,139a36cd-3f66-4469-9ae3-07e849d7273d,2026-07-18T04:45:00Z,2026-07-18T06:45:00+0200,75.4811,MW,DK2,DK_2,actual_solar_generation,Solar,2026-07-28T18:21:33Z
2026-07-28T18:18:08Z,2026-07-28T20:18:08+0200,139a36cd-3f66-4469-9ae3-07e849d7273d,2026-07-18T05:00:00Z,2026-07-18T07:00:00+0200,96.2458,MW,DK2,DK_2,actual_solar_generation,Solar,2026-07-28T18:21:33Z
2026-07-28T18:18:08Z,2026-07-28T20:18:08+0200,139a36cd-3f66-4469-9ae3-07e849d7273d,2026-07-18T05:15:00Z,2026-07-18T07:15:00+0200,136.02,MW,DK2,DK_2,actual_solar_generation,Solar,2026-07-28T18:21:33Z
2026-07-28T18:18:08Z,2026-07-28T20:18:08+0200,139a36cd-3f66-4469-9ae3-07e849d7273d,2026-07-18T05:30:00Z,2026-07-18T07:30:00+0200,155.079,MW,DK2,DK_2,actual_solar_generation,Solar,2026-07-28T18:21:33Z
2026-07-28T18:18:08Z,2026-07-28T20:18:08+0200,139a36cd-3f66-4469-9ae3-07e849d7273d,2026-07-18T05:45:00Z,2026-07-18T07:45:00+0200,178.877,MW,DK2,DK_2,actual_solar_generation,Solar,2026-07-28T18:21:33Z
2026-07-28T18:18:08Z,2026-07-28T20:18:08+0200,139a36cd-3f66-4469-9ae3-07e849d7273d,2026-07-18T06:00:00Z,2026-07-18T08:00:00+0200,211.083,MW,DK2,DK_2,actual_solar_generation,Solar,2026-07-28T18:21:33Z
2026-07-28T18:18:08Z,2026-07-28T20:18:08+0200,139a36cd-3f66-4469-9ae3-07e849d7273d,2026-07-18T06:15:00Z,2026-07-18T08:15:00+0200,227.77,MW,DK2,DK_2,actual_solar_generation,Solar,2026-07-28T18:21:33Z
2026-07-28T18:18:08Z,2026-07-28T20:18:08+0200,139a36cd-3f66-4469-9ae3-07e849d7273d,2026-07-18T06:30:00Z,2026-07-18T08:30:00+0200,226.908,MW,DK2,DK_2,actual_solar_generation,Solar,2026-07-28T18:21:33Z
2026-07-28T18:18:08Z,2026-07-28T20:18:08+0200,139a36cd-3f66-4469-9ae3-07e849d7273d,2026-07-18T06:45:00Z,2026-07-18T08:45:00+0200,259.89,MW,DK2,DK_2,actual_solar_generation,Solar,2026-07-28T18:21:33Z
2026-07-28T18:18:08Z,2026-07-28T20:18:08+0200,139a36cd-3f66-4469-9ae3-07e849d7273d,2026-07-18T07:00:00Z,2026-07-18T09:00:00+0200,305.826,MW,DK2,DK_2,actual_solar_generation,Solar,2026-07-28T18:21:33Z
2026-07-28T18:18:08Z,2026-07-28T20:18:08+0200,139a36cd-3f66-4469-9ae3-07e849d7273d,2026-07-18T07:15:00Z,2026-07-18T09:15:00+0200,279.252,MW,DK2,DK_2,actual_solar_generation,Solar,2026-07-28T18:21:33Z
2026-07-28T18:18:08Z,2026-07-28T20:18:08+0200,139a36cd-3f66-4469-9ae3-07e849d7273d,2026-07-18T07:30:00Z,2026-07-18T09:30:00+0200,250.309,MW,DK2,DK_2,actual_solar_generation,Solar,2026-07-28T18:21:33Z
2026-07-28T18:18:08Z,2026-07-28T20:18:08+0200,139a36cd-3f66-4469-9ae3-07e849d7273d,2026-07-18T07:45:00Z,2026-07-18T09:45:00+0200,237.216,MW,DK2,DK_2,actual_solar_generation,Solar,2026-07-28T18:21:33Z
2026-07-28T18:18:08Z,2026-07-28T20:18:08+0200,139a36cd-3f66-4469-9ae3-07e849d7273d,2026-07-18T08:00:00Z,2026-07-18T10:00:00+0200,245.494,MW,DK2,DK_2,actual_solar_generation,Solar,2026-07-28T18:21:33Z
2026-07-28T18:18:08Z,2026-07-28T20:18:08+0200,139a36cd-3f66-4469-9ae3-07e849d7273d,2026-07-18T08:15:00Z,2026-07-18T10:15:00+0200,292.845,MW,DK2,DK_2,actual_solar_generation,Solar,2026-07-28T18:21:33Z
2026-07-28T18:18:08Z,2026-07-28T20:18:08+0200,139a36cd-3f66-4469-9ae3-07e849d7273d,2026-07-18T08:30:00Z,2026-07-18T10:30:00+0200,320.761,MW,DK2,DK_2,actual_solar_generation,Solar,2026-07-28T18:21:33Z
2026-07-28T18:18:08Z,2026-07-28T20:18:08+0200,139a36cd-3f66-4469-9ae3-07e849d7273d,2026-07-18T08:45:00Z,2026-07-18T10:45:00+0200,339.28,MW,DK2,DK_2,actual_solar_generation,Solar,2026-07-28T18:21:33Z
2026-07-28T18:18:08Z,2026-07-28T20:18:08+0200,139a36cd-3f66-4469-9ae3-07e849d7273d,2026-07-18T09:00:00Z,2026-07-18T11:00:00+0200,345.686,MW,DK2,DK_2,actual_solar_generation,Solar,2026-07-28T18:21:33Z
2026-07-28T18:18:08Z,2026-07-28T20:18:08+0200,139a36cd-3f66-4469-9ae3-07e849d7273d,2026-07-18T09:15:00Z,2026-07-18T11:15:00+0200,469.549,MW,DK2,DK_2,actual_solar_generation,Solar,2026-07-28T18:21:33Z
2026-07-28T18:18:08Z,2026-07-28T20:18:08+0200,139a36cd-3f66-4469-9ae3-07e849d7273d,2026-07-18T09:30:00Z,2026-07-18T11:30:00+0200,515.075,MW,DK2,DK_2,actual_solar_generation,Solar,2026-07-28T18:21:33Z
2026-07-28T18:18:08Z,2026-07-28T20:18:08+0200,139a36cd-3f66-4469-9ae3-07e849d7273d,2026-07-18T09:45:00Z,2026-07-18T11:45:00+0200,567.401,MW,DK2,DK_2,actual_solar_generation,Solar,2026-07-28T18:21:33Z
2026-07-28T18:18:08Z,2026-07-28T20:18:08+0200,139a36cd-3f66-4469-9ae3-07e849d7273d,2026-07-18T10:00:00Z,2026-07-18T12:00:00+0200,629.877,MW,DK2,DK_2,actual_solar_generation,Solar,2026-07-28T18:21:33Z
2026-07-28T18:18:08Z,2026-07-28T20:18:08+0200,139a36cd-3f66-4469-9ae3-07e849d7273d,2026-07-18T10:15:00Z,2026-07-18T12:15:00+0200,663.086,MW,DK2,DK_2,actual_solar_generation,Solar,2026-07-28T18:21:33Z
2026-07-28T18:18:08Z,2026-07-28T20:18:08+0200,139a36cd-3f66-4469-9ae3-07e849d7273d,2026-07-18T10:30:00Z,2026-07-18T12:30:00+0200,721.732,MW,DK2,DK_2,actual_solar_generation,Solar,2026-07-28T18:21:33Z
2026-07-28T18:18:08Z,2026-07-28T20:18:08+0200,139a36cd-3f66-4469-9ae3-07e849d7273d,2026-07-18T10:45:00Z,2026-07-18T12:45:00+0200,771.649,MW,DK2,DK_2,actual_solar_generation,Solar,2026-07-28T18:21:33Z
2026-07-28T18:18:08Z,2026-07-28T20:18:08+0200,139a36cd-3f66-4469-9ae3-07e849d7273d,2026-07-18T11:00:00Z,2026-07-18T13:00:00+0200,805.027,MW,DK2,DK_2,actual_solar_generation,Solar,2026-07-28T18:21:33Z
2026-07-28T18:18:08Z,2026-07-28T20:18:08+0200,139a36cd-3f66-4469-9ae3-07e849d7273d,2026-07-18T11:15:00Z,2026-07-18T13:15:00+0200,840.713,MW,DK2,DK_2,actual_solar_generation,Solar,2026-07-28T18:21:33Z
2026-07-28T18:18:08Z,2026-07-28T20:18:08+0200,139a36cd-3f66-4469-9ae3-07e849d7273d,2026-07-18T11:30:00Z,2026-07-18T13:30:00+0200,831.39,MW,DK2,DK_2,actual_solar_generation,Solar,2026-07-28T18:21:33Z
2026-07-28T18:18:08Z,2026-07-28T20:18:08+0200,139a36cd-3f66-4469-9ae3-07e849d7273d,2026-07-18T11:45:00Z,2026-07-18T13:45:00+0200,868.714,MW,DK2,DK_2,actual_solar_generation,Solar,2026-07-28T18:21:33Z
2026-07-28T18:18:08Z,2026-07-28T20:18:08+0200,139a36cd-3f66-4469-9ae3-07e849d7273d,2026-07-18T12:00:00Z,2026-07-18T14:00:00+0200,866.698,MW,DK2,DK_2,actual_solar_generation,Solar,2026-07-28T18:21:33Z
2026-07-28T18:18:08Z,2026-07-28T20:18:08+0200,139a36cd-3f66-4469-9ae3-07e849d7273d,2026-07-18T12:15:00Z,2026-07-18T14:15:00+0200,760.147,MW,DK2,DK_2,actual_solar_generation,Solar,2026-07-28T18:21:33Z
2026-07-28T18:18:08Z,2026-07-28T20:18:08+0200,139a36cd-3f66-4469-9ae3-07e849d7273d,2026-07-18T12:30:00Z,2026-07-18T14:30:00+0200,752.744,MW,DK2,DK_2,actual_solar_generation,Solar,2026-07-28T18:21:33Z
2026-07-28T18:18:08Z,2026-07-28T20:18:08+0200,139a36cd-3f66-4469-9ae3-07e849d7273d,2026-07-18T12:45:00Z,2026-07-18T14:45:00+0200,734.697,MW,DK2,DK_2,actual_solar_generation,Solar,2026-07-28T18:21:33Z
2026-07-28T18:18:08Z,2026-07-28T20:18:08+0200,139a36cd-3f66-4469-9ae3-07e849d7273d,2026-07-18T13:00:00Z,2026-07-18T15:00:00+0200,698.443,MW,DK2,DK_2,actual_solar_generation,Solar,2026-07-28T18:21:33Z
2026-07-28T18:18:08Z,2026-07-28T20:18:08+0200,139a36cd-3f66-4469-9ae3-07e849d7273d,2026-07-18T13:15:00Z,2026-07-18T15:15:00+0200,679.868,MW,DK2,DK_2,actual_solar_generation,Solar,2026-07-28T18:21:33Z
2026-07-28T18:18:08Z,2026-07-28T20:18:08+0200,139a36cd-3f66-4469-9ae3-07e849d7273d,2026-07-18T13:30:00Z,2026-07-18T15:30:00+0200,763.777,MW,DK2,DK_2,actual_solar_generation,Solar,2026-07-28T18:21:33Z
2026-07-28T18:18:08Z,2026-07-28T20:18:08+0200,139a36cd-3f66-4469-9ae3-07e849d7273d,2026-07-18T13:45:00Z,2026-07-18T15:45:00+0200,756.5,MW,DK2,DK_2,actual_solar_generation,Solar,2026-07-28T18:21:33Z
2026-07-28T18:18:08Z,2026-07-28T20:18:08+0200,139a36cd-3f66-4469-9ae3-07e849d7273d,2026-07-18T14:00:00Z,2026-07-18T16:00:00+0200,720.318,MW,DK2,DK_2,actual_solar_generation,Solar,2026-07-28T18:21:33Z
2026-07-28T18:18:08Z,2026-07-28T20:18:08+0200,139a36cd-3f66-4469-9ae3-07e849d7273d,2026-07-18T14:15:00Z,2026-07-18T16:15:00+0200,670.684,MW,DK2,DK_2,actual_solar_generation,Solar,2026-07-28T18:21:33Z
2026-07-28T18:18:08Z,2026-07-28T20:18:08+0200,139a36cd-3f66-4469-9ae3-07e849d7273d,2026-07-18T14:30:00Z,2026-07-18T16:30:00+0200,640.276,MW,DK2,DK_2,actual_solar_generation,Solar,2026-07-28T18:21:33Z
2026-07-28T18:18:08Z,2026-07-28T20:18:08+0200,139a36cd-3f66-4469-9ae3-07e849d7273d,2026-07-18T14:45:00Z,2026-07-18T16:45:00+0200,620.578,MW,DK2,DK_2,actual_solar_generation,Solar,2026-07-28T18:21:33Z
2026-07-28T18:18:08Z,2026-07-28T20:18:08+0200,139a36cd-3f66-4469-9ae3-07e849d7273d,2026-07-18T15:00:00Z,2026-07-18T17:00:00+0200,553.178,MW,DK2,DK_2,actual_solar_generation,Solar,2026-07-28T18:21:33Z
2026-07-28T18:18:08Z,2026-07-28T20:18:08+0200,139a36cd-3f66-4469-9ae3-07e849d7273d,2026-07-18T15:15:00Z,2026-07-18T17:15:00+0200,525.363,MW,DK2,DK_2,actual_solar_generation,Solar,2026-07-28T18:21:33Z
2026-07-28T18:18:08Z,2026-07-28T20:18:08+0200,139a36cd-3f66-4469-9ae3-07e849d7273d,2026-07-18T15:30:00Z,2026-07-18T17:30:00+0200,445.317,MW,DK2,DK_2,actual_solar_generation,Solar,2026-07-28T18:21:33Z
2026-07-28T18:18:08Z,2026-07-28T20:18:08+0200,139a36cd-3f66-4469-9ae3-07e849d7273d,2026-07-18T15:45:00Z,2026-07-18T17:45:00+0200,393.592,MW,DK2,DK_2,actual_solar_generation,Solar,2026-07-28T18:21:33Z
2026-07-28T18:18:08Z,2026-07-28T20:18:08+0200,139a36cd-3f66-4469-9ae3-07e849d7273d,2026-07-18T16:00:00Z,2026-07-18T18:00:00+0200,361.434,MW,DK2,DK_2,actual_solar_generation,Solar,2026-07-28T18:21:33Z
2026-07-28T18:18:08Z,2026-07-28T20:18:08+0200,139a36cd-3f66-4469-9ae3-07e849d7273d,2026-07-18T16:15:00Z,2026-07-18T18:15:00+0200,295.436,MW,DK2,DK_2,actual_solar_generation,Solar,2026-07-28T18:21:33Z
2026-07-28T18:18:08Z,2026-07-28T20:18:08+0200,139a36cd-3f66-4469-9ae3-07e849d7273d,2026-07-18T16:30:00Z,2026-07-18T18:30:00+0200,238.956,MW,DK2,DK_2,actual_solar_generation,Solar,2026-07-28T18:21:33Z
2026-07-28T18:18:08Z,2026-07-28T20:18:08+0200,139a36cd-3f66-4469-9ae3-07e849d7273d,2026-07-18T16:45:00Z,2026-07-18T18:45:00+0200,219.933,MW,DK2,DK_2,actual_solar_generation,Solar,2026-07-28T18:21:33Z
2026-07-28T18:18:08Z,2026-07-28T20:18:08+0200,139a36cd-3f66-4469-9ae3-07e849d7273d,2026-07-18T17:00:00Z,2026-07-18T19:00:00+0200,167.113,MW,DK2,DK_2,actual_solar_generation,Solar,2026-07-28T18:21:33Z
2026-07-28T18:18:08Z,2026-07-28T20:18:08+0200,139a36cd-3f66-4469-9ae3-07e849d7273d,2026-07-18T17:15:00Z,2026-07-18T19:15:00+0200,130.473,MW,DK2,DK_2,actual_solar_generation,Solar,2026-07-28T18:21:33Z
2026-07-28T18:18:08Z,2026-07-28T20:18:08+0200,139a36cd-3f66-4469-9ae3-07e849d7273d,2026-07-18T17:30:00Z,2026-07-18T19:30:00+0200,102.315,MW,DK2,DK_2,actual_solar_generation,Solar,2026-07-28T18:21:33Z
2026-07-28T18:18:08Z,2026-07-28T20:18:08+0200,139a36cd-3f66-4469-9ae3-07e849d7273d,2026-07-18T17:45:00Z,2026-07-18T19:45:00+0200,82.558,MW,DK2,DK_2,actual_solar_generation,Solar,2026-07-28T18:21:33Z
2026-07-28T18:18:08Z,2026-07-28T20:18:08+0200,139a36cd-3f66-4469-9ae3-07e849d7273d,2026-07-18T18:00:00Z,2026-07-18T20:00:00+0200,62.8718,MW,DK2,DK_2,actual_solar_generation,Solar,2026-07-28T18:21:33Z
2026-07-28T18:18:08Z,2026-07-28T20:18:08+0200,139a36cd-3f66-4469-9ae3-07e849d7273d,2026-07-18T18:15:00Z,2026-07-18T20:15:00+0200,51.2998,MW,DK2,DK_2,actual_solar_generation,Solar,2026-07-28T18:21:33Z
2026-07-28T18:18:08Z,2026-07-28T20:18:08+0200,139a36cd-3f66-4469-9ae3-07e849d7273d,2026-07-18T18:30:00Z,2026-07-18T20:30:00+0200,37.414,MW,DK2,DK_2,actual_solar_generation,Solar,2026-07-28T18:21:33Z
2026-07-28T18:18:08Z,2026-07-28T20:18:08+0200,139a36cd-3f66-4469-9ae3-07e849d7273d,2026-07-18T18:45:00Z,2026-07-18T20:45:00+0200,26.7847,MW,DK2,DK_2,actual_solar_generation,Solar,2026-07-28T18:21:33Z
2026-07-28T18:18:08Z,2026-07-28T20:18:08+0200,139a36cd-3f66-4469-9ae3-07e849d7273d,2026-07-18T19:00:00Z,2026-07-18T21:00:00+0200,19.3341,MW,DK2,DK_2,actual_solar_generation,Solar,2026-07-28T18:21:33Z
2026-07-28T18:18:08Z,2026-07-28T20:18:08+0200,139a36cd-3f66-4469-9ae3-07e849d7273d,2026-07-18T19:15:00Z,2026-07-18T21:15:00+0200,7.51719,MW,DK2,DK_2,actual_solar_generation,Solar,2026-07-28T18:21:33Z
2026-07-28T18:18:08Z,2026-07-28T20:18:08+0200,139a36cd-3f66-4469-9ae3-07e849d7273d,2026-07-18T19:30:00Z,2026-07-18T21:30:00+0200,2.17357,MW,DK2,DK_2,actual_solar_generation,Solar,2026-07-28T18:21:33Z
2026-07-28T18:18:08Z,2026-07-28T20:18:08+0200,139a36cd-3f66-4469-9ae3-07e849d7273d,2026-07-18T19:45:00Z,2026-07-18T21:45:00+0200,0.505027,MW,DK2,DK_2,actual_solar_generation,Solar,2026-07-28T18:21:33Z
2026-07-28T18:18:08Z,2026-07-28T20:18:08+0200,139a36cd-3f66-4469-9ae3-07e849d7273d,2026-07-18T20:00:00Z,2026-07-18T22:00:00+0200,8.05683,MW,DK2,DK_2,actual_solar_generation,Solar,2026-07-28T18:21:33Z
2026-07-28T18:18:08Z,2026-07-28T20:18:08+0200,139a36cd-3f66-4469-9ae3-07e849d7273d,2026-07-18T20:15:00Z,2026-07-18T22:15:00+0200,8.51422,MW,DK2,DK_2,actual_solar_generation,Solar,2026-07-28T18:21:33Z
2026-07-28T18:18:08Z,2026-07-28T20:18:08+0200,139a36cd-3f66-4469-9ae3-07e849d7273d,2026-07-18T20:30:00Z,2026-07-18T22:30:00+0200,8.65208,MW,DK2,DK_2,actual_solar_generation,Solar,2026-07-28T18:21:33Z
2026-07-28T18:18:08Z,2026-07-28T20:18:08+0200,139a36cd-3f66-4469-9ae3-07e849d7273d,2026-07-18T20:45:00Z,2026-07-18T22:45:00+0200,8.55856,MW,DK2,DK_2,actual_solar_generation,Solar,2026-07-28T18:21:33Z
2026-07-28T18:18:08Z,2026-07-28T20:18:08+0200,139a36cd-3f66-4469-9ae3-07e849d7273d,2026-07-18T21:00:00Z,2026-07-18T23:00:00+0200,3.35166,MW,DK2,DK_2,actual_solar_generation,Solar,2026-07-28T18:21:33Z
2026-07-28T18:18:08Z,2026-07-28T20:18:08+0200,139a36cd-3f66-4469-9ae3-07e849d7273d,2026-07-18T21:15:00Z,2026-07-18T23:15:00+0200,1.7485,MW,DK2,DK_2,actual_solar_generation,Solar,2026-07-28T18:21:33Z
2026-07-28T18:18:08Z,2026-07-28T20:18:08+0200,139a36cd-3f66-4469-9ae3-07e849d7273d,2026-07-18T21:30:00Z,2026-07-18T23:30:00+0200,0.0,MW,DK2,DK_2,actual_solar_generation,Solar,2026-07-28T18:21:33Z
2026-07-28T18:18:08Z,2026-07-28T20:18:08+0200,139a36cd-3f66-4469-9ae3-07e849d7273d,2026-07-18T21:45:00Z,2026-07-18T23:45:00+0200,0.0,MW,DK2,DK_2,actual_solar_generation,Solar,2026-07-28T18:21:33Z
2026-07-28T18:18:08Z,2026-07-28T20:18:08+0200,139a36cd-3f66-4469-9ae3-07e849d7273d,2026-07-18T22:00:00Z,2026-07-19T00:00:00+0200,0.0,MW,DK2,DK_2,actual_solar_generation,Solar,2026-07-28T18:21:33Z
2026-07-28T18:18:08Z,2026-07-28T20:18:08+0200,139a36cd-3f66-4469-9ae3-07e849d7273d,2026-07-18T22:15:00Z,2026-07-19T00:15:00+0200,0.0,MW,DK2,DK_2,actual_solar_generation,Solar,2026-07-28T18:21:33Z
2026-07-28T18:18:08Z,2026-07-28T20:18:08+0200,139a36cd-3f66-4469-9ae3-07e849d7273d,2026-07-18T22:30:00Z,2026-07-19T00:30:00+0200,0.0,MW,DK2,DK_2,actual_solar_generation,Solar,2026-07-28T18:21:33Z
2026-07-28T18:18:08Z,2026-07-28T20:18:08+0200,139a36cd-3f66-4469-9ae3-07e849d7273d,2026-07-18T22:45:00Z,2026-07-19T00:45:00+0200,0.0,MW,DK2,DK_2,actual_solar_generation,Solar,2026-07-28T18:21:33Z
2026-07-28T18:18:08Z,2026-07-28T20:18:08+0200,139a36cd-3f66-4469-9ae3-07e849d7273d,2026-07-18T23:00:00Z,2026-07-19T01:00:00+0200,0.0,MW,DK2,DK_2,actual_solar_generation,Solar,2026-07-28T18:21:33Z
2026-07-28T18:18:08Z,2026-07-28T20:18:08+0200,139a36cd-3f66-4469-9ae3-07e849d7273d,2026-07-18T23:15:00Z,2026-07-19T01:15:00+0200,0.0,MW,DK2,DK_2,actual_solar_generation,Solar,2026-07-28T18:21:33Z
2026-07-28T18:18:08Z,2026-07-28T20:18:08+0200,139a36cd-3f66-4469-9ae3-07e849d7273d,2026-07-18T23:30:00Z,2026-07-19T01:30:00+0200,0.0,MW,DK2,DK_2,actual_solar_generation,Solar,2026-07-28T18:21:33Z
2026-07-28T18:18:08Z,2026-07-28T20:18:08+0200,139a36cd-3f66-4469-9ae3-07e849d7273d,2026-07-18T23:45:00Z,2026-07-19T01:45:00+0200,0.0,MW,DK2,DK_2,actual_solar_generation,Solar,2026-07-28T18:21:33Z
2026-07-28T18:18:08Z,2026-07-28T20:18:08+0200,139a36cd-3f66-4469-9ae3-07e849d7273d,2026-07-19T00:00:00Z,2026-07-19T02:00:00+0200,0.0,MW,DK2,DK_2,actual_solar_generation,Solar,2026-07-28T18:21:33Z
2026-07-28T18:18:08Z,2026-07-28T20:18:08+0200,139a36cd-3f66-4469-9ae3-07e849d7273d,2026-07-19T00:15:00Z,2026-07-19T02:15:00+0200,0.0,MW,DK2,DK_2,actual_solar_generation,Solar,2026-07-28T18:21:33Z
2026-07-28T18:18:08Z,2026-07-28T20:18:08+0200,139a36cd-3f66-4469-9ae3-07e849d7273d,2026-07-19T00:30:00Z,2026-07-19T02:30:00+0200,0.0,MW,DK2,DK_2,actual_solar_generation,Solar,2026-07-28T18:21:33Z
2026-07-28T18:18:08Z,2026-07-28T20:18:08+0200,139a36cd-3f66-4469-9ae3-07e849d7273d,2026-07-19T00:45:00Z,2026-07-19T02:45:00+0200,0.0,MW,DK2,DK_2,actual_solar_generation,Solar,2026-07-28T18:21:33Z
2026-07-28T18:18:08Z,2026-07-28T20:18:08+0200,139a36cd-3f66-4469-9ae3-07e849d7273d,2026-07-19T01:00:00Z,2026-07-19T03:00:00+0200,0.0,MW,DK2,DK_2,actual_solar_generation,Solar,2026-07-28T18:21:33Z
2026-07-28T18:18:08Z,2026-07-28T20:18:08+0200,139a36cd-3f66-4469-9ae3-07e849d7273d,2026-07-19T01:15:00Z,2026-07-19T03:15:00+0200,0.0,MW,DK2,DK_2,actual_solar_generation,Solar,2026-07-28T18:21:33Z
2026-07-28T18:18:08Z,2026-07-28T20:18:08+0200,139a36cd-3f66-4469-9ae3-07e849d7273d,2026-07-19T01:30:00Z,2026-07-19T03:30:00+0200,0.0,MW,DK2,DK_2,actual_solar_generation,Solar,2026-07-28T18:21:33Z
2026-07-28T18:18:08Z,2026-07-28T20:18:08+0200,139a36cd-3f66-4469-9ae3-07e849d7273d,2026-07-19T01:45:00Z,2026-07-19T03:45:00+0200,0.0,MW,DK2,DK_2,actual_solar_generation,Solar,2026-07-28T18:21:33Z
2026-07-28T18:18:08Z,2026-07-28T20:18:08+0200,139a36cd-3f66-4469-9ae3-07e849d7273d,2026-07-19T02:00:00Z,2026-07-19T04:00:00+0200,0.0,MW,DK2,DK_2,actual_solar_generation,Solar,2026-07-28T18:21:33Z
2026-07-28T18:18:08Z,2026-07-28T20:18:08+0200,139a36cd-3f66-4469-9ae3-07e849d7273d,2026-07-19T02:15:00Z,2026-07-19T04:15:00+0200,0.0,MW,DK2,DK_2,actual_solar_generation,Solar,2026-07-28T18:21:33Z
2026-07-28T18:18:08Z,2026-07-28T20:18:08+0200,139a36cd-3f66-4469-9ae3-07e849d7273d,2026-07-19T02:30:00Z,2026-07-19T04:30:00+0200,0.0,MW,DK2,DK_2,actual_solar_generation,Solar,2026-07-28T18:21:33Z
2026-07-28T18:18:08Z,2026-07-28T20:18:08+0200,139a36cd-3f66-4469-9ae3-07e849d7273d,2026-07-19T02:45:00Z,2026-07-19T04:45:00+0200,0.0,MW,DK2,DK_2,actual_solar_generation,Solar,2026-07-28T18:21:33Z
2026-07-28T18:18:08Z,2026-07-28T20:18:08+0200,139a36cd-3f66-4469-9ae3-07e849d7273d,2026-07-19T03:00:00Z,2026-07-19T05:00:00+0200,0.364886,MW,DK2,DK_2,actual_solar_generation,Solar,2026-07-28T18:21:33Z
2026-07-28T18:18:08Z,2026-07-28T20:18:08+0200,139a36cd-3f66-4469-9ae3-07e849d7273d,2026-07-19T03:15:00Z,2026-07-19T05:15:00+0200,4.78094,MW,DK2,DK_2,actual_solar_generation,Solar,2026-07-28T18:21:33Z
2026-07-28T18:18:08Z,2026-07-28T20:18:08+0200,139a36cd-3f66-4469-9ae3-07e849d7273d,2026-07-19T03:30:00Z,2026-07-19T05:30:00+0200,15.1474,MW,DK2,DK_2,actual_solar_generation,Solar,2026-07-28T18:21:33Z
2026-07-28T18:18:08Z,2026-07-28T20:18:08+0200,139a36cd-3f66-4469-9ae3-07e849d7273d,2026-07-19T03:45:00Z,2026-07-19T05:45:00+0200,26.7816,MW,DK2,DK_2,actual_solar_generation,Solar,2026-07-28T18:21:33Z
2026-07-28T18:18:08Z,2026-07-28T20:18:08+0200,139a36cd-3f66-4469-9ae3-07e849d7273d,2026-07-19T04:00:00Z,2026-07-19T06:00:00+0200,43.6883,MW,DK2,DK_2,actual_solar_generation,Solar,2026-07-28T18:21:33Z
2026-07-28T18:18:08Z,2026-07-28T20:18:08+0200,139a36cd-3f66-4469-9ae3-07e849d7273d,2026-07-19T04:15:00Z,2026-07-19T06:15:00+0200,71.3791,MW,DK2,DK_2,actual_solar_generation,Solar,2026-07-28T18:21:33Z
2026-07-28T18:18:08Z,2026-07-28T20:18:08+0200,139a36cd-3f66-4469-9ae3-07e849d7273d,2026-07-19T04:30:00Z,2026-07-19T06:30:00+0200,96.5563,MW,DK2,DK_2,actual_solar_generation,Solar,2026-07-28T18:21:33Z
2026-07-28T18:18:08Z,2026-07-28T20:18:08+0200,139a36cd-3f66-4469-9ae3-07e849d7273d,2026-07-19T04:45:00Z,2026-07-19T06:45:00+0200,139.648,MW,DK2,DK_2,actual_solar_generation,Solar,2026-07-28T18:21:33Z
2026-07-28T18:18:08Z,2026-07-28T20:18:08+0200,139a36cd-3f66-4469-9ae3-07e849d7273d,2026-07-19T05:00:00Z,2026-07-19T07:00:00+0200,187.845,MW,DK2,DK_2,actual_solar_generation,Solar,2026-07-28T18:21:33Z
2026-07-28T18:18:08Z,2026-07-28T20:18:08+0200,139a36cd-3f66-4469-9ae3-07e849d7273d,2026-07-19T05:15:00Z,2026-07-19T07:15:00+0200,198.192,MW,DK2,DK_2,actual_solar_generation,Solar,2026-07-28T18:21:33Z
2026-07-28T18:18:08Z,2026-07-28T20:18:08+0200,139a36cd-3f66-4469-9ae3-07e849d7273d,2026-07-19T05:30:00Z,2026-07-19T07:30:00+0200,224.054,MW,DK2,DK_2,actual_solar_generation,Solar,2026-07-28T18:21:33Z
2026-07-28T18:18:08Z,2026-07-28T20:18:08+0200,139a36cd-3f66-4469-9ae3-07e849d7273d,2026-07-19T05:45:00Z,2026-07-19T07:45:00+0200,255.99,MW,DK2,DK_2,actual_solar_generation,Solar,2026-07-28T18:21:33Z
2026-07-28T18:18:08Z,2026-07-28T20:18:08+0200,139a36cd-3f66-4469-9ae3-07e849d7273d,2026-07-19T06:00:00Z,2026-07-19T08:00:00+0200,264.579,MW,DK2,DK_2,actual_solar_generation,Solar,2026-07-28T18:21:33Z
2026-07-28T18:18:08Z,2026-07-28T20:18:08+0200,139a36cd-3f66-4469-9ae3-07e849d7273d,2026-07-19T06:15:00Z,2026-07-19T08:15:00+0200,365.057,MW,DK2,DK_2,actual_solar_generation,Solar,2026-07-28T18:21:33Z
2026-07-28T18:18:08Z,2026-07-28T20:18:08+0200,139a36cd-3f66-4469-9ae3-07e849d7273d,2026-07-19T06:30:00Z,2026-07-19T08:30:00+0200,383.106,MW,DK2,DK_2,actual_solar_generation,Solar,2026-07-28T18:21:33Z
2026-07-28T18:18:08Z,2026-07-28T20:18:08+0200,139a36cd-3f66-4469-9ae3-07e849d7273d,2026-07-19T06:45:00Z,2026-07-19T08:45:00+0200,497.955,MW,DK2,DK_2,actual_solar_generation,Solar,2026-07-28T18:21:33Z
2026-07-28T18:18:08Z,2026-07-28T20:18:08+0200,139a36cd-3f66-4469-9ae3-07e849d7273d,2026-07-19T07:00:00Z,2026-07-19T09:00:00+0200,468.832,MW,DK2,DK_2,actual_solar_generation,Solar,2026-07-28T18:21:33Z
2026-07-28T18:18:08Z,2026-07-28T20:18:08+0200,139a36cd-3f66-4469-9ae3-07e849d7273d,2026-07-19T07:15:00Z,2026-07-19T09:15:00+0200,467.021,MW,DK2,DK_2,actual_solar_generation,Solar,2026-07-28T18:21:33Z
2026-07-28T18:18:08Z,2026-07-28T20:18:08+0200,139a36cd-3f66-4469-9ae3-07e849d7273d,2026-07-19T07:30:00Z,2026-07-19T09:30:00+0200,489.404,MW,DK2,DK_2,actual_solar_generation,Solar,2026-07-28T18:21:33Z
2026-07-28T18:18:08Z,2026-07-28T20:18:08+0200,139a36cd-3f66-4469-9ae3-07e849d7273d,2026-07-19T07:45:00Z,2026-07-19T09:45:00+0200,507.879,MW,DK2,DK_2,actual_solar_generation,Solar,2026-07-28T18:21:33Z
2026-07-28T18:18:08Z,2026-07-28T20:18:08+0200,139a36cd-3f66-4469-9ae3-07e849d7273d,2026-07-19T08:00:00Z,2026-07-19T10:00:00+0200,441.517,MW,DK2,DK_2,actual_solar_generation,Solar,2026-07-28T18:21:33Z
2026-07-28T18:18:08Z,2026-07-28T20:18:08+0200,139a36cd-3f66-4469-9ae3-07e849d7273d,2026-07-19T08:15:00Z,2026-07-19T10:15:00+0200,498.824,MW,DK2,DK_2,actual_solar_generation,Solar,2026-07-28T18:21:33Z
2026-07-28T18:18:08Z,2026-07-28T20:18:08+0200,139a36cd-3f66-4469-9ae3-07e849d7273d,2026-07-19T08:30:00Z,2026-07-19T10:30:00+0200,526.558,MW,DK2,DK_2,actual_solar_generation,Solar,2026-07-28T18:21:33Z
2026-07-28T18:18:08Z,2026-07-28T20:18:08+0200,139a36cd-3f66-4469-9ae3-07e849d7273d,2026-07-19T08:45:00Z,2026-07-19T10:45:00+0200,581.056,MW,DK2,DK_2,actual_solar_generation,Solar,2026-07-28T18:21:33Z
2026-07-28T18:18:08Z,2026-07-28T20:18:08+0200,139a36cd-3f66-4469-9ae3-07e849d7273d,2026-07-19T09:00:00Z,2026-07-19T11:00:00+0200,514.433,MW,DK2,DK_2,actual_solar_generation,Solar,2026-07-28T18:21:33Z
2026-07-28T18:18:08Z,2026-07-28T20:18:08+0200,139a36cd-3f66-4469-9ae3-07e849d7273d,2026-07-19T09:15:00Z,2026-07-19T11:15:00+0200,501.384,MW,DK2,DK_2,actual_solar_generation,Solar,2026-07-28T18:21:33Z
2026-07-28T18:18:08Z,2026-07-28T20:18:08+0200,139a36cd-3f66-4469-9ae3-07e849d7273d,2026-07-19T09:30:00Z,2026-07-19T11:30:00+0200,524.786,MW,DK2,DK_2,actual_solar_generation,Solar,2026-07-28T18:21:33Z
2026-07-28T18:18:08Z,2026-07-28T20:18:08+0200,139a36cd-3f66-4469-9ae3-07e849d7273d,2026-07-19T09:45:00Z,2026-07-19T11:45:00+0200,526.886,MW,DK2,DK_2,actual_solar_generation,Solar,2026-07-28T18:21:33Z
2026-07-28T18:18:08Z,2026-07-28T20:18:08+0200,139a36cd-3f66-4469-9ae3-07e849d7273d,2026-07-19T10:00:00Z,2026-07-19T12:00:00+0200,522.176,MW,DK2,DK_2,actual_solar_generation,Solar,2026-07-28T18:21:33Z
2026-07-28T18:18:08Z,2026-07-28T20:18:08+0200,139a36cd-3f66-4469-9ae3-07e849d7273d,2026-07-19T10:15:00Z,2026-07-19T12:15:00+0200,471.518,MW,DK2,DK_2,actual_solar_generation,Solar,2026-07-28T18:21:33Z
2026-07-28T18:18:08Z,2026-07-28T20:18:08+0200,139a36cd-3f66-4469-9ae3-07e849d7273d,2026-07-19T10:30:00Z,2026-07-19T12:30:00+0200,494.767,MW,DK2,DK_2,actual_solar_generation,Solar,2026-07-28T18:21:33Z
2026-07-28T18:18:08Z,2026-07-28T20:18:08+0200,139a36cd-3f66-4469-9ae3-07e849d7273d,2026-07-19T10:45:00Z,2026-07-19T12:45:00+0200,564.431,MW,DK2,DK_2,actual_solar_generation,Solar,2026-07-28T18:21:33Z
2026-07-28T18:18:08Z,2026-07-28T20:18:08+0200,139a36cd-3f66-4469-9ae3-07e849d7273d,2026-07-19T11:00:00Z,2026-07-19T13:00:00+0200,510.069,MW,DK2,DK_2,actual_solar_generation,Solar,2026-07-28T18:21:33Z
2026-07-28T18:18:08Z,2026-07-28T20:18:08+0200,139a36cd-3f66-4469-9ae3-07e849d7273d,2026-07-19T11:15:00Z,2026-07-19T13:15:00+0200,475.246,MW,DK2,DK_2,actual_solar_generation,Solar,2026-07-28T18:21:33Z
2026-07-28T18:18:08Z,2026-07-28T20:18:08+0200,139a36cd-3f66-4469-9ae3-07e849d7273d,2026-07-19T11:30:00Z,2026-07-19T13:30:00+0200,517.039,MW,DK2,DK_2,actual_solar_generation,Solar,2026-07-28T18:21:33Z
2026-07-28T18:18:08Z,2026-07-28T20:18:08+0200,139a36cd-3f66-4469-9ae3-07e849d7273d,2026-07-19T11:45:00Z,2026-07-19T13:45:00+0200,482.135,MW,DK2,DK_2,actual_solar_generation,Solar,2026-07-28T18:21:33Z
2026-07-28T18:18:08Z,2026-07-28T20:18:08+0200,139a36cd-3f66-4469-9ae3-07e849d7273d,2026-07-19T12:00:00Z,2026-07-19T14:00:00+0200,456.857,MW,DK2,DK_2,actual_solar_generation,Solar,2026-07-28T18:21:33Z
2026-07-28T18:18:08Z,2026-07-28T20:18:08+0200,139a36cd-3f66-4469-9ae3-07e849d7273d,2026-07-19T12:15:00Z,2026-07-19T14:15:00+0200,521.354,MW,DK2,DK_2,actual_solar_generation,Solar,2026-07-28T18:21:33Z
2026-07-28T18:18:08Z,2026-07-28T20:18:08+0200,139a36cd-3f66-4469-9ae3-07e849d7273d,2026-07-19T12:30:00Z,2026-07-19T14:30:00+0200,591.453,MW,DK2,DK_2,actual_solar_generation,Solar,2026-07-28T18:21:33Z
2026-07-28T18:18:08Z,2026-07-28T20:18:08+0200,139a36cd-3f66-4469-9ae3-07e849d7273d,2026-07-19T12:45:00Z,2026-07-19T14:45:00+0200,475.066,MW,DK2,DK_2,actual_solar_generation,Solar,2026-07-28T18:21:33Z
2026-07-28T18:18:08Z,2026-07-28T20:18:08+0200,139a36cd-3f66-4469-9ae3-07e849d7273d,2026-07-19T13:00:00Z,2026-07-19T15:00:00+0200,588.885,MW,DK2,DK_2,actual_solar_generation,Solar,2026-07-28T18:21:33Z
2026-07-28T18:18:08Z,2026-07-28T20:18:08+0200,139a36cd-3f66-4469-9ae3-07e849d7273d,2026-07-19T13:15:00Z,2026-07-19T15:15:00+0200,525.077,MW,DK2,DK_2,actual_solar_generation,Solar,2026-07-28T18:21:33Z
2026-07-28T18:18:08Z,2026-07-28T20:18:08+0200,139a36cd-3f66-4469-9ae3-07e849d7273d,2026-07-19T13:30:00Z,2026-07-19T15:30:00+0200,419.154,MW,DK2,DK_2,actual_solar_generation,Solar,2026-07-28T18:21:33Z
2026-07-28T18:18:08Z,2026-07-28T20:18:08+0200,139a36cd-3f66-4469-9ae3-07e849d7273d,2026-07-19T13:45:00Z,2026-07-19T15:45:00+0200,411.321,MW,DK2,DK_2,actual_solar_generation,Solar,2026-07-28T18:21:33Z
2026-07-28T18:18:08Z,2026-07-28T20:18:08+0200,139a36cd-3f66-4469-9ae3-07e849d7273d,2026-07-19T14:00:00Z,2026-07-19T16:00:00+0200,425.681,MW,DK2,DK_2,actual_solar_generation,Solar,2026-07-28T18:21:33Z
2026-07-28T18:18:08Z,2026-07-28T20:18:08+0200,139a36cd-3f66-4469-9ae3-07e849d7273d,2026-07-19T14:15:00Z,2026-07-19T16:15:00+0200,391.724,MW,DK2,DK_2,actual_solar_generation,Solar,2026-07-28T18:21:33Z
2026-07-28T18:18:08Z,2026-07-28T20:18:08+0200,139a36cd-3f66-4469-9ae3-07e849d7273d,2026-07-19T14:30:00Z,2026-07-19T16:30:00+0200,454.913,MW,DK2,DK_2,actual_solar_generation,Solar,2026-07-28T18:21:33Z
2026-07-28T18:18:08Z,2026-07-28T20:18:08+0200,139a36cd-3f66-4469-9ae3-07e849d7273d,2026-07-19T14:45:00Z,2026-07-19T16:45:00+0200,386.885,MW,DK2,DK_2,actual_solar_generation,Solar,2026-07-28T18:21:33Z
2026-07-28T18:18:08Z,2026-07-28T20:18:08+0200,139a36cd-3f66-4469-9ae3-07e849d7273d,2026-07-19T15:00:00Z,2026-07-19T17:00:00+0200,324.27,MW,DK2,DK_2,actual_solar_generation,Solar,2026-07-28T18:21:33Z
2026-07-28T18:18:08Z,2026-07-28T20:18:08+0200,139a36cd-3f66-4469-9ae3-07e849d7273d,2026-07-19T15:15:00Z,2026-07-19T17:15:00+0200,358.015,MW,DK2,DK_2,actual_solar_generation,Solar,2026-07-28T18:21:33Z
2026-07-28T18:18:08Z,2026-07-28T20:18:08+0200,139a36cd-3f66-4469-9ae3-07e849d7273d,2026-07-19T15:30:00Z,2026-07-19T17:30:00+0200,362.851,MW,DK2,DK_2,actual_solar_generation,Solar,2026-07-28T18:21:33Z
2026-07-28T18:18:08Z,2026-07-28T20:18:08+0200,139a36cd-3f66-4469-9ae3-07e849d7273d,2026-07-19T15:45:00Z,2026-07-19T17:45:00+0200,344.289,MW,DK2,DK_2,actual_solar_generation,Solar,2026-07-28T18:21:33Z
2026-07-28T18:18:08Z,2026-07-28T20:18:08+0200,139a36cd-3f66-4469-9ae3-07e849d7273d,2026-07-19T16:00:00Z,2026-07-19T18:00:00+0200,268.643,MW,DK2,DK_2,actual_solar_generation,Solar,2026-07-28T18:21:33Z
2026-07-28T18:18:08Z,2026-07-28T20:18:08+0200,139a36cd-3f66-4469-9ae3-07e849d7273d,2026-07-19T16:15:00Z,2026-07-19T18:15:00+0200,203.285,MW,DK2,DK_2,actual_solar_generation,Solar,2026-07-28T18:21:33Z
2026-07-28T18:18:08Z,2026-07-28T20:18:08+0200,139a36cd-3f66-4469-9ae3-07e849d7273d,2026-07-19T16:30:00Z,2026-07-19T18:30:00+0200,158.865,MW,DK2,DK_2,actual_solar_generation,Solar,2026-07-28T18:21:33Z
2026-07-28T18:18:08Z,2026-07-28T20:18:08+0200,139a36cd-3f66-4469-9ae3-07e849d7273d,2026-07-19T16:45:00Z,2026-07-19T18:45:00+0200,157.605,MW,DK2,DK_2,actual_solar_generation,Solar,2026-07-28T18:21:33Z
2026-07-28T18:18:08Z,2026-07-28T20:18:08+0200,139a36cd-3f66-4469-9ae3-07e849d7273d,2026-07-19T17:00:00Z,2026-07-19T19:00:00+0200,120.01,MW,DK2,DK_2,actual_solar_generation,Solar,2026-07-28T18:21:33Z
2026-07-28T18:18:08Z,2026-07-28T20:18:08+0200,139a36cd-3f66-4469-9ae3-07e849d7273d,2026-07-19T17:15:00Z,2026-07-19T19:15:00+0200,102.719,MW,DK2,DK_2,actual_solar_generation,Solar,2026-07-28T18:21:33Z
2026-07-28T18:18:08Z,2026-07-28T20:18:08+0200,139a36cd-3f66-4469-9ae3-07e849d7273d,2026-07-19T17:30:00Z,2026-07-19T19:30:00+0200,112.741,MW,DK2,DK_2,actual_solar_generation,Solar,2026-07-28T18:21:33Z
2026-07-28T18:18:08Z,2026-07-28T20:18:08+0200,139a36cd-3f66-4469-9ae3-07e849d7273d,2026-07-19T17:45:00Z,2026-07-19T19:45:00+0200,97.5425,MW,DK2,DK_2,actual_solar_generation,Solar,2026-07-28T18:21:33Z
2026-07-28T18:18:08Z,2026-07-28T20:18:08+0200,139a36cd-3f66-4469-9ae3-07e849d7273d,2026-07-19T18:00:00Z,2026-07-19T20:00:00+0200,55.5771,MW,DK2,DK_2,actual_solar_generation,Solar,2026-07-28T18:21:33Z
2026-07-28T18:18:08Z,2026-07-28T20:18:08+0200,139a36cd-3f66-4469-9ae3-07e849d7273d,2026-07-19T18:15:00Z,2026-07-19T20:15:00+0200,33.0938,MW,DK2,DK_2,actual_solar_generation,Solar,2026-07-28T18:21:33Z
2026-07-28T18:18:08Z,2026-07-28T20:18:08+0200,139a36cd-3f66-4469-9ae3-07e849d7273d,2026-07-19T18:30:00Z,2026-07-19T20:30:00+0200,26.7325,MW,DK2,DK_2,actual_solar_generation,Solar,2026-07-28T18:21:33Z
2026-07-28T18:18:08Z,2026-07-28T20:18:08+0200,139a36cd-3f66-4469-9ae3-07e849d7273d,2026-07-19T18:45:00Z,2026-07-19T20:45:00+0200,16.8724,MW,DK2,DK_2,actual_solar_generation,Solar,2026-07-28T18:21:33Z
2026-07-28T18:18:08Z,2026-07-28T20:18:08+0200,139a36cd-3f66-4469-9ae3-07e849d7273d,2026-07-19T19:00:00Z,2026-07-19T21:00:00+0200,16.9793,MW,DK2,DK_2,actual_solar_generation,Solar,2026-07-28T18:21:33Z
2026-07-28T18:18:08Z,2026-07-28T20:18:08+0200,139a36cd-3f66-4469-9ae3-07e849d7273d,2026-07-19T19:15:00Z,2026-07-19T21:15:00+0200,11.8102,MW,DK2,DK_2,actual_solar_generation,Solar,2026-07-28T18:21:33Z
2026-07-28T18:18:08Z,2026-07-28T20:18:08+0200,139a36cd-3f66-4469-9ae3-07e849d7273d,2026-07-19T19:30:00Z,2026-07-19T21:30:00+0200,9.01864,MW,DK2,DK_2,actual_solar_generation,Solar,2026-07-28T18:21:33Z
2026-07-28T18:18:08Z,2026-07-28T20:18:08+0200,139a36cd-3f66-4469-9ae3-07e849d7273d,2026-07-19T19:45:00Z,2026-07-19T21:45:00+0200,8.84432,MW,DK2,DK_2,actual_solar_generation,Solar,2026-07-28T18:21:33Z
2026-07-28T18:18:08Z,2026-07-28T20:18:08+0200,139a36cd-3f66-4469-9ae3-07e849d7273d,2026-07-19T20:00:00Z,2026-07-19T22:00:00+0200,2.73813,MW,DK2,DK_2,actual_solar_generation,Solar,2026-07-28T18:21:33Z
2026-07-28T18:18:08Z,2026-07-28T20:18:08+0200,139a36cd-3f66-4469-9ae3-07e849d7273d,2026-07-19T20:15:00Z,2026-07-19T22:15:00+0200,0.492378,MW,DK2,DK_2,actual_solar_generation,Solar,2026-07-28T18:21:33Z
2026-07-28T18:18:08Z,2026-07-28T20:18:08+0200,139a36cd-3f66-4469-9ae3-07e849d7273d,2026-07-19T20:30:00Z,2026-07-19T22:30:00+0200,0.311204,MW,DK2,DK_2,actual_solar_generation,Solar,2026-07-28T18:21:33Z
2026-07-28T18:18:08Z,2026-07-28T20:18:08+0200,139a36cd-3f66-4469-9ae3-07e849d7273d,2026-07-19T20:45:00Z,2026-07-19T22:45:00+0200,0.173255,MW,DK2,DK_2,actual_solar_generation,Solar,2026-07-28T18:21:33Z
2026-07-28T18:18:08Z,2026-07-28T20:18:08+0200,139a36cd-3f66-4469-9ae3-07e849d7273d,2026-07-19T22:45:00Z,2026-07-20T00:45:00+0200,0.0,MW,DK2,DK_2,actual_solar_generation,Solar,2026-07-28T18:21:33Z
2026-07-28T18:18:08Z,2026-07-28T20:18:08+0200,139a36cd-3f66-4469-9ae3-07e849d7273d,2026-07-19T23:00:00Z,2026-07-20T01:00:00+0200,0.0,MW,DK2,DK_2,actual_solar_generation,Solar,2026-07-28T18:21:33Z
2026-07-28T18:18:08Z,2026-07-28T20:18:08+0200,139a36cd-3f66-4469-9ae3-07e849d7273d,2026-07-19T23:15:00Z,2026-07-20T01:15:00+0200,0.0,MW,DK2,DK_2,actual_solar_generation,Solar,2026-07-28T18:21:33Z
2026-07-28T18:18:08Z,2026-07-28T20:18:08+0200,139a36cd-3f66-4469-9ae3-07e849d7273d,2026-07-20T01:45:00Z,2026-07-20T03:45:00+0200,0.0,MW,DK2,DK_2,actual_solar_generation,Solar,2026-07-28T18:21:33Z
2026-07-28T18:18:08Z,2026-07-28T20:18:08+0200,139a36cd-3f66-4469-9ae3-07e849d7273d,2026-07-20T02:30:00Z,2026-07-20T04:30:00+0200,0.0,MW,DK2,DK_2,actual_solar_generation,Solar,2026-07-28T18:21:33Z
2026-07-28T18:18:08Z,2026-07-28T20:18:08+0200,139a36cd-3f66-4469-9ae3-07e849d7273d,2026-07-20T02:45:00Z,2026-07-20T04:45:00+0200,0.0,MW,DK2,DK_2,actual_solar_generation,Solar,2026-07-28T18:21:33Z
2026-07-28T18:18:08Z,2026-07-28T20:18:08+0200,139a36cd-3f66-4469-9ae3-07e849d7273d,2026-07-20T03:00:00Z,2026-07-20T05:00:00+0200,5.12449,MW,DK2,DK_2,actual_solar_generation,Solar,2026-07-28T18:21:33Z
2026-07-28T18:18:08Z,2026-07-28T20:18:08+0200,139a36cd-3f66-4469-9ae3-07e849d7273d,2026-07-20T03:15:00Z,2026-07-20T05:15:00+0200,17.9315,MW,DK2,DK_2,actual_solar_generation,Solar,2026-07-28T18:21:33Z
2026-07-28T18:18:08Z,2026-07-28T20:18:08+0200,139a36cd-3f66-4469-9ae3-07e849d7273d,2026-07-20T03:30:00Z,2026-07-20T05:30:00+0200,21.4201,MW,DK2,DK_2,actual_solar_generation,Solar,2026-07-28T18:21:33Z
2026-07-28T18:18:08Z,2026-07-28T20:18:08+0200,139a36cd-3f66-4469-9ae3-07e849d7273d,2026-07-20T03:45:00Z,2026-07-20T05:45:00+0200,40.9414,MW,DK2,DK_2,actual_solar_generation,Solar,2026-07-28T18:21:33Z
2026-07-28T18:18:08Z,2026-07-28T20:18:08+0200,139a36cd-3f66-4469-9ae3-07e849d7273d,2026-07-20T04:00:00Z,2026-07-20T06:00:00+0200,36.8891,MW,DK2,DK_2,actual_solar_generation,Solar,2026-07-28T18:21:33Z
2026-07-28T18:18:08Z,2026-07-28T20:18:08+0200,139a36cd-3f66-4469-9ae3-07e849d7273d,2026-07-20T04:15:00Z,2026-07-20T06:15:00+0200,52.0582,MW,DK2,DK_2,actual_solar_generation,Solar,2026-07-28T18:21:33Z
2026-07-28T18:18:08Z,2026-07-28T20:18:08+0200,139a36cd-3f66-4469-9ae3-07e849d7273d,2026-07-20T04:30:00Z,2026-07-20T06:30:00+0200,73.6546,MW,DK2,DK_2,actual_solar_generation,Solar,2026-07-28T18:21:33Z
2026-07-28T18:18:08Z,2026-07-28T20:18:08+0200,139a36cd-3f66-4469-9ae3-07e849d7273d,2026-07-20T04:45:00Z,2026-07-20T06:45:00+0200,111.108,MW,DK2,DK_2,actual_solar_generation,Solar,2026-07-28T18:21:33Z
2026-07-28T18:18:08Z,2026-07-28T20:18:08+0200,139a36cd-3f66-4469-9ae3-07e849d7273d,2026-07-20T05:00:00Z,2026-07-20T07:00:00+0200,120.944,MW,DK2,DK_2,actual_solar_generation,Solar,2026-07-28T18:21:33Z
2026-07-28T18:18:08Z,2026-07-28T20:18:08+0200,139a36cd-3f66-4469-9ae3-07e849d7273d,2026-07-20T05:15:00Z,2026-07-20T07:15:00+0200,136.186,MW,DK2,DK_2,actual_solar_generation,Solar,2026-07-28T18:21:33Z
2026-07-28T18:18:08Z,2026-07-28T20:18:08+0200,139a36cd-3f66-4469-9ae3-07e849d7273d,2026-07-20T05:30:00Z,2026-07-20T07:30:00+0200,177.042,MW,DK2,DK_2,actual_solar_generation,Solar,2026-07-28T18:21:33Z
2026-07-28T18:18:08Z,2026-07-28T20:18:08+0200,139a36cd-3f66-4469-9ae3-07e849d7273d,2026-07-20T05:45:00Z,2026-07-20T07:45:00+0200,185.358,MW,DK2,DK_2,actual_solar_generation,Solar,2026-07-28T18:21:33Z
2026-07-28T18:18:08Z,2026-07-28T20:18:08+0200,139a36cd-3f66-4469-9ae3-07e849d7273d,2026-07-20T06:00:00Z,2026-07-20T08:00:00+0200,200.624,MW,DK2,DK_2,actual_solar_generation,Solar,2026-07-28T18:21:33Z
2026-07-28T18:18:08Z,2026-07-28T20:18:08+0200,139a36cd-3f66-4469-9ae3-07e849d7273d,2026-07-20T06:15:00Z,2026-07-20T08:15:00+0200,221.092,MW,DK2,DK_2,actual_solar_generation,Solar,2026-07-28T18:21:33Z
2026-07-28T18:18:08Z,2026-07-28T20:18:08+0200,139a36cd-3f66-4469-9ae3-07e849d7273d,2026-07-20T06:30:00Z,2026-07-20T08:30:00+0200,220.125,MW,DK2,DK_2,actual_solar_generation,Solar,2026-07-28T18:21:33Z
2026-07-28T18:18:08Z,2026-07-28T20:18:08+0200,139a36cd-3f66-4469-9ae3-07e849d7273d,2026-07-20T06:45:00Z,2026-07-20T08:45:00+0200,263.149,MW,DK2,DK_2,actual_solar_generation,Solar,2026-07-28T18:21:33Z
2026-07-28T18:18:08Z,2026-07-28T20:18:08+0200,139a36cd-3f66-4469-9ae3-07e849d7273d,2026-07-20T07:00:00Z,2026-07-20T09:00:00+0200,299.419,MW,DK2,DK_2,actual_solar_generation,Solar,2026-07-28T18:21:33Z
2026-07-28T18:18:08Z,2026-07-28T20:18:08+0200,139a36cd-3f66-4469-9ae3-07e849d7273d,2026-07-20T07:15:00Z,2026-07-20T09:15:00+0200,389.788,MW,DK2,DK_2,actual_solar_generation,Solar,2026-07-28T18:21:33Z
2026-07-28T18:18:08Z,2026-07-28T20:18:08+0200,139a36cd-3f66-4469-9ae3-07e849d7273d,2026-07-20T07:30:00Z,2026-07-20T09:30:00+0200,355.161,MW,DK2,DK_2,actual_solar_generation,Solar,2026-07-28T18:21:33Z
2026-07-28T18:18:08Z,2026-07-28T20:18:08+0200,139a36cd-3f66-4469-9ae3-07e849d7273d,2026-07-20T07:45:00Z,2026-07-20T09:45:00+0200,438.841,MW,DK2,DK_2,actual_solar_generation,Solar,2026-07-28T18:21:33Z
2026-07-28T18:18:08Z,2026-07-28T20:18:08+0200,139a36cd-3f66-4469-9ae3-07e849d7273d,2026-07-20T08:00:00Z,2026-07-20T10:00:00+0200,451.769,MW,DK2,DK_2,actual_solar_generation,Solar,2026-07-28T18:21:33Z
2026-07-28T18:18:08Z,2026-07-28T20:18:08+0200,139a36cd-3f66-4469-9ae3-07e849d7273d,2026-07-20T08:15:00Z,2026-07-20T10:15:00+0200,420.068,MW,DK2,DK_2,actual_solar_generation,Solar,2026-07-28T18:21:33Z
2026-07-28T18:18:08Z,2026-07-28T20:18:08+0200,139a36cd-3f66-4469-9ae3-07e849d7273d,2026-07-20T08:30:00Z,2026-07-20T10:30:00+0200,507.334,MW,DK2,DK_2,actual_solar_generation,Solar,2026-07-28T18:21:33Z
2026-07-28T18:18:08Z,2026-07-28T20:18:08+0200,139a36cd-3f66-4469-9ae3-07e849d7273d,2026-07-20T08:45:00Z,2026-07-20T10:45:00+0200,547.969,MW,DK2,DK_2,actual_solar_generation,Solar,2026-07-28T18:21:33Z
2026-07-28T18:18:08Z,2026-07-28T20:18:08+0200,139a36cd-3f66-4469-9ae3-07e849d7273d,2026-07-20T09:00:00Z,2026-07-20T11:00:00+0200,600.224,MW,DK2,DK_2,actual_solar_generation,Solar,2026-07-28T18:21:33Z
2026-07-28T18:18:08Z,2026-07-28T20:18:08+0200,139a36cd-3f66-4469-9ae3-07e849d7273d,2026-07-20T09:15:00Z,2026-07-20T11:15:00+0200,513.047,MW,DK2,DK_2,actual_solar_generation,Solar,2026-07-28T18:21:33Z
2026-07-28T18:18:08Z,2026-07-28T20:18:08+0200,139a36cd-3f66-4469-9ae3-07e849d7273d,2026-07-20T09:30:00Z,2026-07-20T11:30:00+0200,563.845,MW,DK2,DK_2,actual_solar_generation,Solar,2026-07-28T18:21:33Z
2026-07-28T18:18:08Z,2026-07-28T20:18:08+0200,139a36cd-3f66-4469-9ae3-07e849d7273d,2026-07-20T09:45:00Z,2026-07-20T11:45:00+0200,560.938,MW,DK2,DK_2,actual_solar_generation,Solar,2026-07-28T18:21:33Z
2026-07-28T18:18:08Z,2026-07-28T20:18:08+0200,139a36cd-3f66-4469-9ae3-07e849d7273d,2026-07-20T10:00:00Z,2026-07-20T12:00:00+0200,585.158,MW,DK2,DK_2,actual_solar_generation,Solar,2026-07-28T18:21:33Z
2026-07-28T18:18:08Z,2026-07-28T20:18:08+0200,139a36cd-3f66-4469-9ae3-07e849d7273d,2026-07-20T10:15:00Z,2026-07-20T12:15:00+0200,643.172,MW,DK2,DK_2,actual_solar_generation,Solar,2026-07-28T18:21:33Z
2026-07-28T18:18:08Z,2026-07-28T20:18:08+0200,139a36cd-3f66-4469-9ae3-07e849d7273d,2026-07-20T10:30:00Z,2026-07-20T12:30:00+0200,525.737,MW,DK2,DK_2,actual_solar_generation,Solar,2026-07-28T18:21:33Z
2026-07-28T18:18:08Z,2026-07-28T20:18:08+0200,139a36cd-3f66-4469-9ae3-07e849d7273d,2026-07-20T10:45:00Z,2026-07-20T12:45:00+0200,524.169,MW,DK2,DK_2,actual_solar_generation,Solar,2026-07-28T18:21:33Z
2026-07-28T18:18:08Z,2026-07-28T20:18:08+0200,139a36cd-3f66-4469-9ae3-07e849d7273d,2026-07-20T11:00:00Z,2026-07-20T13:00:00+0200,584.719,MW,DK2,DK_2,actual_solar_generation,Solar,2026-07-28T18:21:33Z
2026-07-28T18:18:08Z,2026-07-28T20:18:08+0200,139a36cd-3f66-4469-9ae3-07e849d7273d,2026-07-20T11:15:00Z,2026-07-20T13:15:00+0200,657.323,MW,DK2,DK_2,actual_solar_generation,Solar,2026-07-28T18:21:33Z
2026-07-28T18:18:08Z,2026-07-28T20:18:08+0200,139a36cd-3f66-4469-9ae3-07e849d7273d,2026-07-20T11:30:00Z,2026-07-20T13:30:00+0200,713.673,MW,DK2,DK_2,actual_solar_generation,Solar,2026-07-28T18:21:33Z
2026-07-28T18:18:08Z,2026-07-28T20:18:08+0200,139a36cd-3f66-4469-9ae3-07e849d7273d,2026-07-20T11:45:00Z,2026-07-20T13:45:00+0200,791.154,MW,DK2,DK_2,actual_solar_generation,Solar,2026-07-28T18:21:33Z
2026-07-28T18:18:08Z,2026-07-28T20:18:08+0200,139a36cd-3f66-4469-9ae3-07e849d7273d,2026-07-20T12:00:00Z,2026-07-20T14:00:00+0200,772.677,MW,DK2,DK_2,actual_solar_generation,Solar,2026-07-28T18:21:33Z
2026-07-28T18:18:08Z,2026-07-28T20:18:08+0200,139a36cd-3f66-4469-9ae3-07e849d7273d,2026-07-20T12:15:00Z,2026-07-20T14:15:00+0200,692.298,MW,DK2,DK_2,actual_solar_generation,Solar,2026-07-28T18:21:33Z
2026-07-28T18:18:08Z,2026-07-28T20:18:08+0200,139a36cd-3f66-4469-9ae3-07e849d7273d,2026-07-20T12:30:00Z,2026-07-20T14:30:00+0200,658.391,MW,DK2,DK_2,actual_solar_generation,Solar,2026-07-28T18:21:33Z
2026-07-28T18:18:08Z,2026-07-28T20:18:08+0200,139a36cd-3f66-4469-9ae3-07e849d7273d,2026-07-20T12:45:00Z,2026-07-20T14:45:00+0200,740.033,MW,DK2,DK_2,actual_solar_generation,Solar,2026-07-28T18:21:33Z
2026-07-28T18:18:08Z,2026-07-28T20:18:08+0200,139a36cd-3f66-4469-9ae3-07e849d7273d,2026-07-20T13:00:00Z,2026-07-20T15:00:00+0200,665.005,MW,DK2,DK_2,actual_solar_generation,Solar,2026-07-28T18:21:33Z
2026-07-28T18:18:08Z,2026-07-28T20:18:08+0200,139a36cd-3f66-4469-9ae3-07e849d7273d,2026-07-20T13:15:00Z,2026-07-20T15:15:00+0200,692.784,MW,DK2,DK_2,actual_solar_generation,Solar,2026-07-28T18:21:33Z
2026-07-28T18:18:08Z,2026-07-28T20:18:08+0200,139a36cd-3f66-4469-9ae3-07e849d7273d,2026-07-20T13:30:00Z,2026-07-20T15:30:00+0200,770.484,MW,DK2,DK_2,actual_solar_generation,Solar,2026-07-28T18:21:33Z
2026-07-28T18:18:08Z,2026-07-28T20:18:08+0200,139a36cd-3f66-4469-9ae3-07e849d7273d,2026-07-20T13:45:00Z,2026-07-20T15:45:00+0200,732.307,MW,DK2,DK_2,actual_solar_generation,Solar,2026-07-28T18:21:33Z
2026-07-28T18:18:08Z,2026-07-28T20:18:08+0200,139a36cd-3f66-4469-9ae3-07e849d7273d,2026-07-20T14:00:00Z,2026-07-20T16:00:00+0200,741.079,MW,DK2,DK_2,actual_solar_generation,Solar,2026-07-28T18:21:33Z
2026-07-28T18:18:08Z,2026-07-28T20:18:08+0200,139a36cd-3f66-4469-9ae3-07e849d7273d,2026-07-20T14:15:00Z,2026-07-20T16:15:00+0200,720.711,MW,DK2,DK_2,actual_solar_generation,Solar,2026-07-28T18:21:33Z
2026-07-28T18:18:08Z,2026-07-28T20:18:08+0200,139a36cd-3f66-4469-9ae3-07e849d7273d,2026-07-20T14:30:00Z,2026-07-20T16:30:00+0200,678.552,MW,DK2,DK_2,actual_solar_generation,Solar,2026-07-28T18:21:33Z
2026-07-28T18:18:08Z,2026-07-28T20:18:08+0200,139a36cd-3f66-4469-9ae3-07e849d7273d,2026-07-20T14:45:00Z,2026-07-20T16:45:00+0200,645.185,MW,DK2,DK_2,actual_solar_generation,Solar,2026-07-28T18:21:33Z
2026-07-28T18:18:08Z,2026-07-28T20:18:08+0200,139a36cd-3f66-4469-9ae3-07e849d7273d,2026-07-20T15:00:00Z,2026-07-20T17:00:00+0200,663.459,MW,DK2,DK_2,actual_solar_generation,Solar,2026-07-28T18:21:33Z
2026-07-28T18:18:08Z,2026-07-28T20:18:08+0200,139a36cd-3f66-4469-9ae3-07e849d7273d,2026-07-20T15:15:00Z,2026-07-20T17:15:00+0200,675.832,MW,DK2,DK_2,actual_solar_generation,Solar,2026-07-28T18:21:33Z
2026-07-28T18:18:08Z,2026-07-28T20:18:08+0200,139a36cd-3f66-4469-9ae3-07e849d7273d,2026-07-20T15:30:00Z,2026-07-20T17:30:00+0200,700.572,MW,DK2,DK_2,actual_solar_generation,Solar,2026-07-28T18:21:33Z
2026-07-28T18:18:08Z,2026-07-28T20:18:08+0200,139a36cd-3f66-4469-9ae3-07e849d7273d,2026-07-20T15:45:00Z,2026-07-20T17:45:00+0200,646.01,MW,DK2,DK_2,actual_solar_generation,Solar,2026-07-28T18:21:33Z
2026-07-28T18:18:08Z,2026-07-28T20:18:08+0200,139a36cd-3f66-4469-9ae3-07e849d7273d,2026-07-20T16:00:00Z,2026-07-20T18:00:00+0200,582.443,MW,DK2,DK_2,actual_solar_generation,Solar,2026-07-28T18:21:33Z
2026-07-28T18:18:08Z,2026-07-28T20:18:08+0200,139a36cd-3f66-4469-9ae3-07e849d7273d,2026-07-20T16:15:00Z,2026-07-20T18:15:00+0200,497.87,MW,DK2,DK_2,actual_solar_generation,Solar,2026-07-28T18:21:33Z
2026-07-28T18:18:08Z,2026-07-28T20:18:08+0200,139a36cd-3f66-4469-9ae3-07e849d7273d,2026-07-20T16:30:00Z,2026-07-20T18:30:00+0200,443.881,MW,DK2,DK_2,actual_solar_generation,Solar,2026-07-28T18:21:33Z
2026-07-28T18:18:08Z,2026-07-28T20:18:08+0200,139a36cd-3f66-4469-9ae3-07e849d7273d,2026-07-20T16:45:00Z,2026-07-20T18:45:00+0200,365.969,MW,DK2,DK_2,actual_solar_generation,Solar,2026-07-28T18:21:33Z
2026-07-28T18:18:08Z,2026-07-28T20:18:08+0200,139a36cd-3f66-4469-9ae3-07e849d7273d,2026-07-20T17:00:00Z,2026-07-20T19:00:00+0200,309.563,MW,DK2,DK_2,actual_solar_generation,Solar,2026-07-28T18:21:33Z
2026-07-28T18:18:08Z,2026-07-28T20:18:08+0200,139a36cd-3f66-4469-9ae3-07e849d7273d,2026-07-20T17:15:00Z,2026-07-20T19:15:00+0200,254.605,MW,DK2,DK_2,actual_solar_generation,Solar,2026-07-28T18:21:33Z
2026-07-28T18:18:08Z,2026-07-28T20:18:08+0200,139a36cd-3f66-4469-9ae3-07e849d7273d,2026-07-20T17:30:00Z,2026-07-20T19:30:00+0200,195.745,MW,DK2,DK_2,actual_solar_generation,Solar,2026-07-28T18:21:33Z
2026-07-28T18:18:08Z,2026-07-28T20:18:08+0200,139a36cd-3f66-4469-9ae3-07e849d7273d,2026-07-20T17:45:00Z,2026-07-20T19:45:00+0200,144.514,MW,DK2,DK_2,actual_solar_generation,Solar,2026-07-28T18:21:33Z
2026-07-28T18:18:08Z,2026-07-28T20:18:08+0200,139a36cd-3f66-4469-9ae3-07e849d7273d,2026-07-20T18:00:00Z,2026-07-20T20:00:00+0200,105.936,MW,DK2,DK_2,actual_solar_generation,Solar,2026-07-28T18:21:33Z
2026-07-28T18:18:08Z,2026-07-28T20:18:08+0200,139a36cd-3f66-4469-9ae3-07e849d7273d,2026-07-20T18:15:00Z,2026-07-20T20:15:00+0200,77.363,MW,DK2,DK_2,actual_solar_generation,Solar,2026-07-28T18:21:33Z
2026-07-28T18:18:08Z,2026-07-28T20:18:08+0200,139a36cd-3f66-4469-9ae3-07e849d7273d,2026-07-20T18:30:00Z,2026-07-20T20:30:00+0200,53.5003,MW,DK2,DK_2,actual_solar_generation,Solar,2026-07-28T18:21:33Z
2026-07-28T18:18:08Z,2026-07-28T20:18:08+0200,139a36cd-3f66-4469-9ae3-07e849d7273d,2026-07-20T18:45:00Z,2026-07-20T20:45:00+0200,35.0027,MW,DK2,DK_2,actual_solar_generation,Solar,2026-07-28T18:21:33Z
2026-07-28T18:18:08Z,2026-07-28T20:18:08+0200,139a36cd-3f66-4469-9ae3-07e849d7273d,2026-07-20T19:00:00Z,2026-07-20T21:00:00+0200,29.7198,MW,DK2,DK_2,actual_solar_generation,Solar,2026-07-28T18:21:33Z
2026-07-28T18:18:08Z,2026-07-28T20:18:08+0200,139a36cd-3f66-4469-9ae3-07e849d7273d,2026-07-20T19:15:00Z,2026-07-20T21:15:00+0200,21.0562,MW,DK2,DK_2,actual_solar_generation,Solar,2026-07-28T18:21:33Z
2026-07-28T18:18:08Z,2026-07-28T20:18:08+0200,139a36cd-3f66-4469-9ae3-07e849d7273d,2026-07-20T19:30:00Z,2026-07-20T21:30:00+0200,11.1976,MW,DK2,DK_2,actual_solar_generation,Solar,2026-07-28T18:21:33Z
2026-07-28T18:18:08Z,2026-07-28T20:18:08+0200,139a36cd-3f66-4469-9ae3-07e849d7273d,2026-07-20T19:45:00Z,2026-07-20T21:45:00+0200,8.73624,MW,DK2,DK_2,actual_solar_generation,Solar,2026-07-28T18:21:33Z
2026-07-28T18:18:08Z,2026-07-28T20:18:08+0200,139a36cd-3f66-4469-9ae3-07e849d7273d,2026-07-20T20:00:00Z,2026-07-20T22:00:00+0200,2.86252,MW,DK2,DK_2,actual_solar_generation,Solar,2026-07-28T18:21:33Z
2026-07-28T18:18:08Z,2026-07-28T20:18:08+0200,139a36cd-3f66-4469-9ae3-07e849d7273d,2026-07-20T20:15:00Z,2026-07-20T22:15:00+0200,0.630848,MW,DK2,DK_2,actual_solar_generation,Solar,2026-07-28T18:21:33Z
2026-07-28T18:18:08Z,2026-07-28T20:18:08+0200,139a36cd-3f66-4469-9ae3-07e849d7273d,2026-07-20T20:30:00Z,2026-07-20T22:30:00+0200,0.285576,MW,DK2,DK_2,actual_solar_generation,Solar,2026-07-28T18:21:33Z
2026-07-28T18:18:08Z,2026-07-28T20:18:08+0200,139a36cd-3f66-4469-9ae3-07e849d7273d,2026-07-20T20:45:00Z,2026-07-20T22:45:00+0200,0.0,MW,DK2,DK_2,actual_solar_generation,Solar,2026-07-28T18:21:33Z
2026-07-28T18:18:08Z,2026-07-28T20:18:08+0200,139a36cd-3f66-4469-9ae3-07e849d7273d,2026-07-20T21:00:00Z,2026-07-20T23:00:00+0200,0.0,MW,DK2,DK_2,actual_solar_generation,Solar,2026-07-28T18:21:33Z
2026-07-28T18:18:08Z,2026-07-28T20:18:08+0200,139a36cd-3f66-4469-9ae3-07e849d7273d,2026-07-20T21:15:00Z,2026-07-20T23:15:00+0200,0.0,MW,DK2,DK_2,actual_solar_generation,Solar,2026-07-28T18:21:33Z
2026-07-28T18:18:08Z,2026-07-28T20:18:08+0200,139a36cd-3f66-4469-9ae3-07e849d7273d,2026-07-20T21:30:00Z,2026-07-20T23:30:00+0200,0.0,MW,DK2,DK_2,actual_solar_generation,Solar,2026-07-28T18:21:33Z
2026-07-28T18:18:08Z,2026-07-28T20:18:08+0200,139a36cd-3f66-4469-9ae3-07e849d7273d,2026-07-20T21:45:00Z,2026-07-20T23:45:00+0200,0.0,MW,DK2,DK_2,actual_solar_generation,Solar,2026-07-28T18:21:33Z
2026-07-28T18:18:08Z,2026-07-28T20:18:08+0200,139a36cd-3f66-4469-9ae3-07e849d7273d,2026-07-20T22:00:00Z,2026-07-21T00:00:00+0200,0.0,MW,DK2,DK_2,actual_solar_generation,Solar,2026-07-28T18:21:33Z
2026-07-28T18:18:08Z,2026-07-28T20:18:08+0200,139a36cd-3f66-4469-9ae3-07e849d7273d,2026-07-20T22:15:00Z,2026-07-21T00:15:00+0200,0.0,MW,DK2,DK_2,actual_solar_generation,Solar,2026-07-28T18:21:33Z
2026-07-28T18:18:08Z,2026-07-28T20:18:08+0200,139a36cd-3f66-4469-9ae3-07e849d7273d,2026-07-20T22:30:00Z,2026-07-21T00:30:00+0200,0.0,MW,DK2,DK_2,actual_solar_generation,Solar,2026-07-28T18:21:33Z
2026-07-28T18:18:08Z,2026-07-28T20:18:08+0200,139a36cd-3f66-4469-9ae3-07e849d7273d,2026-07-20T22:45:00Z,2026-07-21T00:45:00+0200,0.0,MW,DK2,DK_2,actual_solar_generation,Solar,2026-07-28T18:21:33Z
2026-07-28T18:18:08Z,2026-07-28T20:18:08+0200,139a36cd-3f66-4469-9ae3-07e849d7273d,2026-07-20T23:00:00Z,2026-07-21T01:00:00+0200,0.0,MW,DK2,DK_2,actual_solar_generation,Solar,2026-07-28T18:21:33Z
2026-07-28T18:18:08Z,2026-07-28T20:18:08+0200,139a36cd-3f66-4469-9ae3-07e849d7273d,2026-07-20T23:15:00Z,2026-07-21T01:15:00+0200,0.0,MW,DK2,DK_2,actual_solar_generation,Solar,2026-07-28T18:21:33Z
2026-07-28T18:18:08Z,2026-07-28T20:18:08+0200,139a36cd-3f66-4469-9ae3-07e849d7273d,2026-07-20T23:30:00Z,2026-07-21T01:30:00+0200,0.0,MW,DK2,DK_2,actual_solar_generation,Solar,2026-07-28T18:21:33Z
2026-07-28T18:18:08Z,2026-07-28T20:18:08+0200,139a36cd-3f66-4469-9ae3-07e849d7273d,2026-07-20T23:45:00Z,2026-07-21T01:45:00+0200,0.0,MW,DK2,DK_2,actual_solar_generation,Solar,2026-07-28T18:21:33Z
2026-07-28T18:18:08Z,2026-07-28T20:18:08+0200,139a36cd-3f66-4469-9ae3-07e849d7273d,2026-07-21T00:00:00Z,2026-07-21T02:00:00+0200,0.0,MW,DK2,DK_2,actual_solar_generation,Solar,2026-07-28T18:21:33Z
2026-07-28T18:18:08Z,2026-07-28T20:18:08+0200,139a36cd-3f66-4469-9ae3-07e849d7273d,2026-07-21T00:15:00Z,2026-07-21T02:15:00+0200,0.0,MW,DK2,DK_2,actual_solar_generation,Solar,2026-07-28T18:21:33Z
2026-07-28T18:18:08Z,2026-07-28T20:18:08+0200,139a36cd-3f66-4469-9ae3-07e849d7273d,2026-07-21T00:30:00Z,2026-07-21T02:30:00+0200,0.0,MW,DK2,DK_2,actual_solar_generation,Solar,2026-07-28T18:21:33Z
2026-07-28T18:18:08Z,2026-07-28T20:18:08+0200,139a36cd-3f66-4469-9ae3-07e849d7273d,2026-07-21T00:45:00Z,2026-07-21T02:45:00+0200,0.0,MW,DK2,DK_2,actual_solar_generation,Solar,2026-07-28T18:21:33Z
2026-07-28T18:18:08Z,2026-07-28T20:18:08+0200,139a36cd-3f66-4469-9ae3-07e849d7273d,2026-07-21T01:00:00Z,2026-07-21T03:00:00+0200,0.0,MW,DK2,DK_2,actual_solar_generation,Solar,2026-07-28T18:21:33Z
2026-07-28T18:18:08Z,2026-07-28T20:18:08+0200,139a36cd-3f66-4469-9ae3-07e849d7273d,2026-07-21T01:15:00Z,2026-07-21T03:15:00+0200,0.0,MW,DK2,DK_2,actual_solar_generation,Solar,2026-07-28T18:21:33Z
2026-07-28T18:18:08Z,2026-07-28T20:18:08+0200,139a36cd-3f66-4469-9ae3-07e849d7273d,2026-07-21T01:30:00Z,2026-07-21T03:30:00+0200,0.0,MW,DK2,DK_2,actual_solar_generation,Solar,2026-07-28T18:21:33Z
2026-07-28T18:18:08Z,2026-07-28T20:18:08+0200,139a36cd-3f66-4469-9ae3-07e849d7273d,2026-07-21T01:45:00Z,2026-07-21T03:45:00+0200,0.0,MW,DK2,DK_2,actual_solar_generation,Solar,2026-07-28T18:21:33Z
2026-07-28T18:18:08Z,2026-07-28T20:18:08+0200,139a36cd-3f66-4469-9ae3-07e849d7273d,2026-07-21T02:00:00Z,2026-07-21T04:00:00+0200,0.0,MW,DK2,DK_2,actual_solar_generation,Solar,2026-07-28T18:21:33Z
2026-07-28T18:18:08Z,2026-07-28T20:18:08+0200,139a36cd-3f66-4469-9ae3-07e849d7273d,2026-07-21T02:15:00Z,2026-07-21T04:15:00+0200,0.0,MW,DK2,DK_2,actual_solar_generation,Solar,2026-07-28T18:21:33Z
2026-07-28T18:18:08Z,2026-07-28T20:18:08+0200,139a36cd-3f66-4469-9ae3-07e849d7273d,2026-07-21T02:30:00Z,2026-07-21T04:30:00+0200,0.0,MW,DK2,DK_2,actual_solar_generation,Solar,2026-07-28T18:21:33Z
2026-07-28T18:18:08Z,2026-07-28T20:18:08+0200,139a36cd-3f66-4469-9ae3-07e849d7273d,2026-07-21T02:45:00Z,2026-07-21T04:45:00+0200,0.0,MW,DK2,DK_2,actual_solar_generation,Solar,2026-07-28T18:21:33Z
2026-07-28T18:18:08Z,2026-07-28T20:18:08+0200,139a36cd-3f66-4469-9ae3-07e849d7273d,2026-07-21T03:00:00Z,2026-07-21T05:00:00+0200,1.83502,MW,DK2,DK_2,actual_solar_generation,Solar,2026-07-28T18:21:33Z
2026-07-28T18:18:08Z,2026-07-28T20:18:08+0200,139a36cd-3f66-4469-9ae3-07e849d7273d,2026-07-21T03:15:00Z,2026-07-21T05:15:00+0200,10.1841,MW,DK2,DK_2,actual_solar_generation,Solar,2026-07-28T18:21:33Z
2026-07-28T18:18:08Z,2026-07-28T20:18:08+0200,139a36cd-3f66-4469-9ae3-07e849d7273d,2026-07-21T03:30:00Z,2026-07-21T05:30:00+0200,19.6896,MW,DK2,DK_2,actual_solar_generation,Solar,2026-07-28T18:21:33Z
2026-07-28T18:18:08Z,2026-07-28T20:18:08+0200,139a36cd-3f66-4469-9ae3-07e849d7273d,2026-07-21T03:45:00Z,2026-07-21T05:45:00+0200,36.0591,MW,DK2,DK_2,actual_solar_generation,Solar,2026-07-28T18:21:33Z
2026-07-28T18:18:08Z,2026-07-28T20:18:08+0200,139a36cd-3f66-4469-9ae3-07e849d7273d,2026-07-21T04:00:00Z,2026-07-21T06:00:00+0200,56.6387,MW,DK2,DK_2,actual_solar_generation,Solar,2026-07-28T18:21:33Z
2026-07-28T18:18:08Z,2026-07-28T20:18:08+0200,139a36cd-3f66-4469-9ae3-07e849d7273d,2026-07-21T04:15:00Z,2026-07-21T06:15:00+0200,79.9313,MW,DK2,DK_2,actual_solar_generation,Solar,2026-07-28T18:21:33Z
2026-07-28T18:18:08Z,2026-07-28T20:18:08+0200,139a36cd-3f66-4469-9ae3-07e849d7273d,2026-07-21T04:30:00Z,2026-07-21T06:30:00+0200,108.807,MW,DK2,DK_2,actual_solar_generation,Solar,2026-07-28T18:21:33Z
2026-07-28T18:18:08Z,2026-07-28T20:18:08+0200,139a36cd-3f66-4469-9ae3-07e849d7273d,2026-07-21T04:45:00Z,2026-07-21T06:45:00+0200,146.397,MW,DK2,DK_2,actual_solar_generation,Solar,2026-07-28T18:21:33Z
2026-07-28T18:18:08Z,2026-07-28T20:18:08+0200,139a36cd-3f66-4469-9ae3-07e849d7273d,2026-07-21T05:00:00Z,2026-07-21T07:00:00+0200,193.247,MW,DK2,DK_2,actual_solar_generation,Solar,2026-07-28T18:21:33Z
2026-07-28T18:18:08Z,2026-07-28T20:18:08+0200,139a36cd-3f66-4469-9ae3-07e849d7273d,2026-07-21T05:15:00Z,2026-07-21T07:15:00+0200,251.014,MW,DK2,DK_2,actual_solar_generation,Solar,2026-07-28T18:21:33Z
2026-07-28T18:18:08Z,2026-07-28T20:18:08+0200,139a36cd-3f66-4469-9ae3-07e849d7273d,2026-07-21T05:30:00Z,2026-07-21T07:30:00+0200,316.525,MW,DK2,DK_2,actual_solar_generation,Solar,2026-07-28T18:21:33Z
2026-07-28T18:18:08Z,2026-07-28T20:18:08+0200,139a36cd-3f66-4469-9ae3-07e849d7273d,2026-07-21T05:45:00Z,2026-07-21T07:45:00+0200,384.513,MW,DK2,DK_2,actual_solar_generation,Solar,2026-07-28T18:21:33Z
2026-07-28T18:18:08Z,2026-07-28T20:18:08+0200,139a36cd-3f66-4469-9ae3-07e849d7273d,2026-07-21T06:00:00Z,2026-07-21T08:00:00+0200,456.295,MW,DK2,DK_2,actual_solar_generation,Solar,2026-07-28T18:21:33Z
2026-07-28T18:18:08Z,2026-07-28T20:18:08+0200,139a36cd-3f66-4469-9ae3-07e849d7273d,2026-07-21T06:15:00Z,2026-07-21T08:15:00+0200,526.429,MW,DK2,DK_2,actual_solar_generation,Solar,2026-07-28T18:21:33Z
2026-07-28T18:18:08Z,2026-07-28T20:18:08+0200,139a36cd-3f66-4469-9ae3-07e849d7273d,2026-07-21T06:30:00Z,2026-07-21T08:30:00+0200,600.07,MW,DK2,DK_2,actual_solar_generation,Solar,2026-07-28T18:21:33Z
2026-07-28T18:18:08Z,2026-07-28T20:18:08+0200,139a36cd-3f66-4469-9ae3-07e849d7273d,2026-07-21T06:45:00Z,2026-07-21T08:45:00+0200,672.045,MW,DK2,DK_2,actual_solar_generation,Solar,2026-07-28T18:21:33Z
2026-07-28T18:18:08Z,2026-07-28T20:18:08+0200,139a36cd-3f66-4469-9ae3-07e849d7273d,2026-07-21T07:00:00Z,2026-07-21T09:00:00+0200,732.479,MW,DK2,DK_2,actual_solar_generation,Solar,2026-07-28T18:21:33Z
2026-07-28T18:18:08Z,2026-07-28T20:18:08+0200,139a36cd-3f66-4469-9ae3-07e849d7273d,2026-07-21T07:15:00Z,2026-07-21T09:15:00+0200,799.505,MW,DK2,DK_2,actual_solar_generation,Solar,2026-07-28T18:21:33Z
2026-07-28T18:18:08Z,2026-07-28T20:18:08+0200,139a36cd-3f66-4469-9ae3-07e849d7273d,2026-07-21T07:30:00Z,2026-07-21T09:30:00+0200,852.957,MW,DK2,DK_2,actual_solar_generation,Solar,2026-07-28T18:21:33Z
2026-07-28T18:18:08Z,2026-07-28T20:18:08+0200,139a36cd-3f66-4469-9ae3-07e849d7273d,2026-07-21T07:45:00Z,2026-07-21T09:45:00+0200,901.736,MW,DK2,DK_2,actual_solar_generation,Solar,2026-07-28T18:21:33Z
2026-07-28T18:18:08Z,2026-07-28T20:18:08+0200,139a36cd-3f66-4469-9ae3-07e849d7273d,2026-07-21T08:00:00Z,2026-07-21T10:00:00+0200,934.211,MW,DK2,DK_2,actual_solar_generation,Solar,2026-07-28T18:21:33Z
2026-07-28T18:18:08Z,2026-07-28T20:18:08+0200,139a36cd-3f66-4469-9ae3-07e849d7273d,2026-07-21T08:15:00Z,2026-07-21T10:15:00+0200,922.888,MW,DK2,DK_2,actual_solar_generation,Solar,2026-07-28T18:21:33Z
2026-07-28T18:18:08Z,2026-07-28T20:18:08+0200,139a36cd-3f66-4469-9ae3-07e849d7273d,2026-07-21T08:30:00Z,2026-07-21T10:30:00+0200,957.171,MW,DK2,DK_2,actual_solar_generation,Solar,2026-07-28T18:21:33Z
2026-07-28T18:18:08Z,2026-07-28T20:18:08+0200,139a36cd-3f66-4469-9ae3-07e849d7273d,2026-07-21T08:45:00Z,2026-07-21T10:45:00+0200,1002.19,MW,DK2,DK_2,actual_solar_generation,Solar,2026-07-28T18:21:33Z
2026-07-28T18:18:08Z,2026-07-28T20:18:08+0200,139a36cd-3f66-4469-9ae3-07e849d7273d,2026-07-21T09:00:00Z,2026-07-21T11:00:00+0200,1011.37,MW,DK2,DK_2,actual_solar_generation,Solar,2026-07-28T18:21:33Z
2026-07-28T18:18:08Z,2026-07-28T20:18:08+0200,139a36cd-3f66-4469-9ae3-07e849d7273d,2026-07-21T09:15:00Z,2026-07-21T11:15:00+0200,924.582,MW,DK2,DK_2,actual_solar_generation,Solar,2026-07-28T18:21:33Z
2026-07-28T18:18:08Z,2026-07-28T20:18:08+0200,139a36cd-3f66-4469-9ae3-07e849d7273d,2026-07-21T09:30:00Z,2026-07-21T11:30:00+0200,947.629,MW,DK2,DK_2,actual_solar_generation,Solar,2026-07-28T18:21:33Z
2026-07-28T18:18:08Z,2026-07-28T20:18:08+0200,139a36cd-3f66-4469-9ae3-07e849d7273d,2026-07-21T09:45:00Z,2026-07-21T11:45:00+0200,940.469,MW,DK2,DK_2,actual_solar_generation,Solar,2026-07-28T18:21:33Z
2026-07-28T18:18:08Z,2026-07-28T20:18:08+0200,139a36cd-3f66-4469-9ae3-07e849d7273d,2026-07-21T10:00:00Z,2026-07-21T12:00:00+0200,867.155,MW,DK2,DK_2,actual_solar_generation,Solar,2026-07-28T18:21:33Z
2026-07-28T18:18:08Z,2026-07-28T20:18:08+0200,139a36cd-3f66-4469-9ae3-07e849d7273d,2026-07-21T10:15:00Z,2026-07-21T12:15:00+0200,834.151,MW,DK2,DK_2,actual_solar_generation,Solar,2026-07-28T18:21:33Z
2026-07-28T18:18:08Z,2026-07-28T20:18:08+0200,139a36cd-3f66-4469-9ae3-07e849d7273d,2026-07-21T10:30:00Z,2026-07-21T12:30:00+0200,809.61,MW,DK2,DK_2,actual_solar_generation,Solar,2026-07-28T18:21:33Z
2026-07-28T18:18:08Z,2026-07-28T20:18:08+0200,139a36cd-3f66-4469-9ae3-07e849d7273d,2026-07-21T10:45:00Z,2026-07-21T12:45:00+0200,767.745,MW,DK2,DK_2,actual_solar_generation,Solar,2026-07-28T18:21:33Z
2026-07-28T18:18:08Z,2026-07-28T20:18:08+0200,139a36cd-3f66-4469-9ae3-07e849d7273d,2026-07-21T11:00:00Z,2026-07-21T13:00:00+0200,825.165,MW,DK2,DK_2,actual_solar_generation,Solar,2026-07-28T18:21:33Z
2026-07-28T18:18:08Z,2026-07-28T20:18:08+0200,139a36cd-3f66-4469-9ae3-07e849d7273d,2026-07-21T11:15:00Z,2026-07-21T13:15:00+0200,843.411,MW,DK2,DK_2,actual_solar_generation,Solar,2026-07-28T18:21:33Z
2026-07-28T18:18:08Z,2026-07-28T20:18:08+0200,139a36cd-3f66-4469-9ae3-07e849d7273d,2026-07-21T11:30:00Z,2026-07-21T13:30:00+0200,843.202,MW,DK2,DK_2,actual_solar_generation,Solar,2026-07-28T18:21:33Z
2026-07-28T18:18:08Z,2026-07-28T20:18:08+0200,139a36cd-3f66-4469-9ae3-07e849d7273d,2026-07-21T11:45:00Z,2026-07-21T13:45:00+0200,750.18,MW,DK2,DK_2,actual_solar_generation,Solar,2026-07-28T18:21:33Z
2026-07-28T18:18:08Z,2026-07-28T20:18:08+0200,139a36cd-3f66-4469-9ae3-07e849d7273d,2026-07-21T12:00:00Z,2026-07-21T14:00:00+0200,745.525,MW,DK2,DK_2,actual_solar_generation,Solar,2026-07-28T18:21:33Z
2026-07-28T18:18:08Z,2026-07-28T20:18:08+0200,139a36cd-3f66-4469-9ae3-07e849d7273d,2026-07-21T12:15:00Z,2026-07-21T14:15:00+0200,802.282,MW,DK2,DK_2,actual_solar_generation,Solar,2026-07-28T18:21:33Z
2026-07-28T18:18:08Z,2026-07-28T20:18:08+0200,139a36cd-3f66-4469-9ae3-07e849d7273d,2026-07-21T12:30:00Z,2026-07-21T14:30:00+0200,867.543,MW,DK2,DK_2,actual_solar_generation,Solar,2026-07-28T18:21:33Z
2026-07-28T18:18:08Z,2026-07-28T20:18:08+0200,139a36cd-3f66-4469-9ae3-07e849d7273d,2026-07-21T12:45:00Z,2026-07-21T14:45:00+0200,886.264,MW,DK2,DK_2,actual_solar_generation,Solar,2026-07-28T18:21:33Z
2026-07-28T18:18:08Z,2026-07-28T20:18:08+0200,139a36cd-3f66-4469-9ae3-07e849d7273d,2026-07-21T13:00:00Z,2026-07-21T15:00:00+0200,897.91,MW,DK2,DK_2,actual_solar_generation,Solar,2026-07-28T18:21:33Z
2026-07-28T18:18:08Z,2026-07-28T20:18:08+0200,139a36cd-3f66-4469-9ae3-07e849d7273d,2026-07-21T13:15:00Z,2026-07-21T15:15:00+0200,870.744,MW,DK2,DK_2,actual_solar_generation,Solar,2026-07-28T18:21:33Z
2026-07-28T18:18:08Z,2026-07-28T20:18:08+0200,139a36cd-3f66-4469-9ae3-07e849d7273d,2026-07-21T13:30:00Z,2026-07-21T15:30:00+0200,856.425,MW,DK2,DK_2,actual_solar_generation,Solar,2026-07-28T18:21:33Z
2026-07-28T18:18:08Z,2026-07-28T20:18:08+0200,139a36cd-3f66-4469-9ae3-07e849d7273d,2026-07-21T13:45:00Z,2026-07-21T15:45:00+0200,859.359,MW,DK2,DK_2,actual_solar_generation,Solar,2026-07-28T18:21:33Z
2026-07-28T18:18:08Z,2026-07-28T20:18:08+0200,139a36cd-3f66-4469-9ae3-07e849d7273d,2026-07-21T14:00:00Z,2026-07-21T16:00:00+0200,840.174,MW,DK2,DK_2,actual_solar_generation,Solar,2026-07-28T18:21:33Z
2026-07-28T18:18:08Z,2026-07-28T20:18:08+0200,139a36cd-3f66-4469-9ae3-07e849d7273d,2026-07-21T14:15:00Z,2026-07-21T16:15:00+0200,815.203,MW,DK2,DK_2,actual_solar_generation,Solar,2026-07-28T18:21:33Z
2026-07-28T18:18:08Z,2026-07-28T20:18:08+0200,139a36cd-3f66-4469-9ae3-07e849d7273d,2026-07-21T14:30:00Z,2026-07-21T16:30:00+0200,786.946,MW,DK2,DK_2,actual_solar_generation,Solar,2026-07-28T18:21:33Z
2026-07-28T18:18:08Z,2026-07-28T20:18:08+0200,139a36cd-3f66-4469-9ae3-07e849d7273d,2026-07-21T14:45:00Z,2026-07-21T16:45:00+0200,749.479,MW,DK2,DK_2,actual_solar_generation,Solar,2026-07-28T18:21:33Z
2026-07-28T18:18:08Z,2026-07-28T20:18:08+0200,139a36cd-3f66-4469-9ae3-07e849d7273d,2026-07-21T15:00:00Z,2026-07-21T17:00:00+0200,759.758,MW,DK2,DK_2,actual_solar_generation,Solar,2026-07-28T18:21:33Z
2026-07-28T18:18:08Z,2026-07-28T20:18:08+0200,139a36cd-3f66-4469-9ae3-07e849d7273d,2026-07-21T15:15:00Z,2026-07-21T17:15:00+0200,792.167,MW,DK2,DK_2,actual_solar_generation,Solar,2026-07-28T18:21:33Z
2026-07-28T18:18:08Z,2026-07-28T20:18:08+0200,139a36cd-3f66-4469-9ae3-07e849d7273d,2026-07-21T15:30:00Z,2026-07-21T17:30:00+0200,726.853,MW,DK2,DK_2,actual_solar_generation,Solar,2026-07-28T18:21:33Z
2026-07-28T18:18:08Z,2026-07-28T20:18:08+0200,139a36cd-3f66-4469-9ae3-07e849d7273d,2026-07-21T15:45:00Z,2026-07-21T17:45:00+0200,660.55,MW,DK2,DK_2,actual_solar_generation,Solar,2026-07-28T18:21:33Z
2026-07-28T18:18:08Z,2026-07-28T20:18:08+0200,139a36cd-3f66-4469-9ae3-07e849d7273d,2026-07-21T16:00:00Z,2026-07-21T18:00:00+0200,579.603,MW,DK2,DK_2,actual_solar_generation,Solar,2026-07-28T18:21:33Z
2026-07-28T18:18:08Z,2026-07-28T20:18:08+0200,139a36cd-3f66-4469-9ae3-07e849d7273d,2026-07-21T16:15:00Z,2026-07-21T18:15:00+0200,471.864,MW,DK2,DK_2,actual_solar_generation,Solar,2026-07-28T18:21:33Z
2026-07-28T18:18:08Z,2026-07-28T20:18:08+0200,139a36cd-3f66-4469-9ae3-07e849d7273d,2026-07-21T16:30:00Z,2026-07-21T18:30:00+0200,434.427,MW,DK2,DK_2,actual_solar_generation,Solar,2026-07-28T18:21:33Z
2026-07-28T18:18:08Z,2026-07-28T20:18:08+0200,139a36cd-3f66-4469-9ae3-07e849d7273d,2026-07-21T16:45:00Z,2026-07-21T18:45:00+0200,357.938,MW,DK2,DK_2,actual_solar_generation,Solar,2026-07-28T18:21:33Z
2026-07-28T18:18:08Z,2026-07-28T20:18:08+0200,139a36cd-3f66-4469-9ae3-07e849d7273d,2026-07-21T17:00:00Z,2026-07-21T19:00:00+0200,279.736,MW,DK2,DK_2,actual_solar_generation,Solar,2026-07-28T18:21:33Z
2026-07-28T18:18:08Z,2026-07-28T20:18:08+0200,139a36cd-3f66-4469-9ae3-07e849d7273d,2026-07-21T17:15:00Z,2026-07-21T19:15:00+0200,225.646,MW,DK2,DK_2,actual_solar_generation,Solar,2026-07-28T18:21:33Z
2026-07-28T18:18:08Z,2026-07-28T20:18:08+0200,139a36cd-3f66-4469-9ae3-07e849d7273d,2026-07-21T17:30:00Z,2026-07-21T19:30:00+0200,184.745,MW,DK2,DK_2,actual_solar_generation,Solar,2026-07-28T18:21:33Z
2026-07-28T18:18:08Z,2026-07-28T20:18:08+0200,139a36cd-3f66-4469-9ae3-07e849d7273d,2026-07-21T17:45:00Z,2026-07-21T19:45:00+0200,121.583,MW,DK2,DK_2,actual_solar_generation,Solar,2026-07-28T18:21:33Z
2026-07-28T18:18:08Z,2026-07-28T20:18:08+0200,139a36cd-3f66-4469-9ae3-07e849d7273d,2026-07-21T18:00:00Z,2026-07-21T20:00:00+0200,89.4049,MW,DK2,DK_2,actual_solar_generation,Solar,2026-07-28T18:21:33Z
2026-07-28T18:18:08Z,2026-07-28T20:18:08+0200,139a36cd-3f66-4469-9ae3-07e849d7273d,2026-07-21T18:15:00Z,2026-07-21T20:15:00+0200,71.0145,MW,DK2,DK_2,actual_solar_generation,Solar,2026-07-28T18:21:33Z
2026-07-28T18:18:08Z,2026-07-28T20:18:08+0200,139a36cd-3f66-4469-9ae3-07e849d7273d,2026-07-21T18:30:00Z,2026-07-21T20:30:00+0200,52.7462,MW,DK2,DK_2,actual_solar_generation,Solar,2026-07-28T18:21:33Z
2026-07-28T18:18:08Z,2026-07-28T20:18:08+0200,139a36cd-3f66-4469-9ae3-07e849d7273d,2026-07-21T18:45:00Z,2026-07-21T20:45:00+0200,35.5916,MW,DK2,DK_2,actual_solar_generation,Solar,2026-07-28T18:21:33Z
2026-07-28T18:18:08Z,2026-07-28T20:18:08+0200,139a36cd-3f66-4469-9ae3-07e849d7273d,2026-07-21T19:00:00Z,2026-07-21T21:00:00+0200,24.3883,MW,DK2,DK_2,actual_solar_generation,Solar,2026-07-28T18:21:33Z
2026-07-28T18:18:08Z,2026-07-28T20:18:08+0200,139a36cd-3f66-4469-9ae3-07e849d7273d,2026-07-21T19:15:00Z,2026-07-21T21:15:00+0200,12.2404,MW,DK2,DK_2,actual_solar_generation,Solar,2026-07-28T18:21:33Z
2026-07-28T18:18:08Z,2026-07-28T20:18:08+0200,139a36cd-3f66-4469-9ae3-07e849d7273d,2026-07-21T19:30:00Z,2026-07-21T21:30:00+0200,1.53145,MW,DK2,DK_2,actual_solar_generation,Solar,2026-07-28T18:21:33Z
2026-07-28T18:18:08Z,2026-07-28T20:18:08+0200,139a36cd-3f66-4469-9ae3-07e849d7273d,2026-07-21T19:45:00Z,2026-07-21T21:45:00+0200,0.0,MW,DK2,DK_2,actual_solar_generation,Solar,2026-07-28T18:21:33Z
2026-07-28T18:18:08Z,2026-07-28T20:18:08+0200,139a36cd-3f66-4469-9ae3-07e849d7273d,2026-07-21T20:00:00Z,2026-07-21T22:00:00+0200,0.237036,MW,DK2,DK_2,actual_solar_generation,Solar,2026-07-28T18:21:33Z
2026-07-28T18:18:08Z,2026-07-28T20:18:08+0200,139a36cd-3f66-4469-9ae3-07e849d7273d,2026-07-21T20:15:00Z,2026-07-21T22:15:00+0200,0.262296,MW,DK2,DK_2,actual_solar_generation,Solar,2026-07-28T18:21:33Z
2026-07-28T18:18:08Z,2026-07-28T20:18:08+0200,139a36cd-3f66-4469-9ae3-07e849d7273d,2026-07-21T20:30:00Z,2026-07-21T22:30:00+0200,0.249837,MW,DK2,DK_2,actual_solar_generation,Solar,2026-07-28T18:21:33Z
2026-07-28T18:18:08Z,2026-07-28T20:18:08+0200,139a36cd-3f66-4469-9ae3-07e849d7273d,2026-07-21T20:45:00Z,2026-07-21T22:45:00+0200,0.0,MW,DK2,DK_2,actual_solar_generation,Solar,2026-07-28T18:21:33Z
2026-07-28T18:18:08Z,2026-07-28T20:18:08+0200,139a36cd-3f66-4469-9ae3-07e849d7273d,2026-07-21T21:00:00Z,2026-07-21T23:00:00+0200,0.0,MW,DK2,DK_2,actual_solar_generation,Solar,2026-07-28T18:21:33Z
2026-07-28T18:18:08Z,2026-07-28T20:18:08+0200,139a36cd-3f66-4469-9ae3-07e849d7273d,2026-07-21T21:15:00Z,2026-07-21T23:15:00+0200,0.0,MW,DK2,DK_2,actual_solar_generation,Solar,2026-07-28T18:21:33Z
2026-07-28T18:18:08Z,2026-07-28T20:18:08+0200,139a36cd-3f66-4469-9ae3-07e849d7273d,2026-07-21T21:30:00Z,2026-07-21T23:30:00+0200,0.0,MW,DK2,DK_2,actual_solar_generation,Solar,2026-07-28T18:21:33Z
2026-07-28T18:18:08Z,2026-07-28T20:18:08+0200,139a36cd-3f66-4469-9ae3-07e849d7273d,2026-07-21T21:45:00Z,2026-07-21T23:45:00+0200,0.0,MW,DK2,DK_2,actual_solar_generation,Solar,2026-07-28T18:21:33Z
2026-07-28T18:18:08Z,2026-07-28T20:18:08+0200,139a36cd-3f66-4469-9ae3-07e849d7273d,2026-07-21T22:00:00Z,2026-07-22T00:00:00+0200,0.0,MW,DK2,DK_2,actual_solar_generation,Solar,2026-07-28T18:21:33Z
2026-07-28T18:18:08Z,2026-07-28T20:18:08+0200,139a36cd-3f66-4469-9ae3-07e849d7273d,2026-07-21T22:15:00Z,2026-07-22T00:15:00+0200,0.0,MW,DK2,DK_2,actual_solar_generation,Solar,2026-07-28T18:21:33Z
2026-07-28T18:18:08Z,2026-07-28T20:18:08+0200,139a36cd-3f66-4469-9ae3-07e849d7273d,2026-07-21T22:30:00Z,2026-07-22T00:30:00+0200,0.0,MW,DK2,DK_2,actual_solar_generation,Solar,2026-07-28T18:21:33Z
2026-07-28T18:18:08Z,2026-07-28T20:18:08+0200,139a36cd-3f66-4469-9ae3-07e849d7273d,2026-07-21T22:45:00Z,2026-07-22T00:45:00+0200,0.0,MW,DK2,DK_2,actual_solar_generation,Solar,2026-07-28T18:21:33Z
2026-07-28T18:18:08Z,2026-07-28T20:18:08+0200,139a36cd-3f66-4469-9ae3-07e849d7273d,2026-07-21T23:00:00Z,2026-07-22T01:00:00+0200,0.0,MW,DK2,DK_2,actual_solar_generation,Solar,2026-07-28T18:21:33Z
2026-07-28T18:18:08Z,2026-07-28T20:18:08+0200,139a36cd-3f66-4469-9ae3-07e849d7273d,2026-07-21T23:15:00Z,2026-07-22T01:15:00+0200,0.0,MW,DK2,DK_2,actual_solar_generation,Solar,2026-07-28T18:21:33Z
2026-07-28T18:18:08Z,2026-07-28T20:18:08+0200,139a36cd-3f66-4469-9ae3-07e849d7273d,2026-07-21T23:30:00Z,2026-07-22T01:30:00+0200,0.0,MW,DK2,DK_2,actual_solar_generation,Solar,2026-07-28T18:21:33Z
2026-07-28T18:18:08Z,2026-07-28T20:18:08+0200,139a36cd-3f66-4469-9ae3-07e849d7273d,2026-07-21T23:45:00Z,2026-07-22T01:45:00+0200,0.0,MW,DK2,DK_2,actual_solar_generation,Solar,2026-07-28T18:21:33Z
2026-07-28T18:18:08Z,2026-07-28T20:18:08+0200,139a36cd-3f66-4469-9ae3-07e849d7273d,2026-07-22T00:00:00Z,2026-07-22T02:00:00+0200,0.0,MW,DK2,DK_2,actual_solar_generation,Solar,2026-07-28T18:21:33Z
2026-07-28T18:18:08Z,2026-07-28T20:18:08+0200,139a36cd-3f66-4469-9ae3-07e849d7273d,2026-07-22T00:15:00Z,2026-07-22T02:15:00+0200,0.0,MW,DK2,DK_2,actual_solar_generation,Solar,2026-07-28T18:21:33Z
2026-07-28T18:18:08Z,2026-07-28T20:18:08+0200,139a36cd-3f66-4469-9ae3-07e849d7273d,2026-07-22T00:30:00Z,2026-07-22T02:30:00+0200,0.0,MW,DK2,DK_2,actual_solar_generation,Solar,2026-07-28T18:21:33Z
2026-07-28T18:18:08Z,2026-07-28T20:18:08+0200,139a36cd-3f66-4469-9ae3-07e849d7273d,2026-07-22T00:45:00Z,2026-07-22T02:45:00+0200,0.0,MW,DK2,DK_2,actual_solar_generation,Solar,2026-07-28T18:21:33Z
2026-07-28T18:18:08Z,2026-07-28T20:18:08+0200,139a36cd-3f66-4469-9ae3-07e849d7273d,2026-07-22T01:00:00Z,2026-07-22T03:00:00+0200,0.0,MW,DK2,DK_2,actual_solar_generation,Solar,2026-07-28T18:21:33Z
2026-07-28T18:18:08Z,2026-07-28T20:18:08+0200,139a36cd-3f66-4469-9ae3-07e849d7273d,2026-07-22T01:15:00Z,2026-07-22T03:15:00+0200,0.0,MW,DK2,DK_2,actual_solar_generation,Solar,2026-07-28T18:21:33Z
2026-07-28T18:18:08Z,2026-07-28T20:18:08+0200,139a36cd-3f66-4469-9ae3-07e849d7273d,2026-07-22T01:30:00Z,2026-07-22T03:30:00+0200,0.0,MW,DK2,DK_2,actual_solar_generation,Solar,2026-07-28T18:21:33Z
2026-07-28T18:18:08Z,2026-07-28T20:18:08+0200,139a36cd-3f66-4469-9ae3-07e849d7273d,2026-07-22T01:45:00Z,2026-07-22T03:45:00+0200,0.0,MW,DK2,DK_2,actual_solar_generation,Solar,2026-07-28T18:21:33Z
2026-07-28T18:18:08Z,2026-07-28T20:18:08+0200,139a36cd-3f66-4469-9ae3-07e849d7273d,2026-07-22T02:00:00Z,2026-07-22T04:00:00+0200,0.0,MW,DK2,DK_2,actual_solar_generation,Solar,2026-07-28T18:21:33Z
2026-07-28T18:18:08Z,2026-07-28T20:18:08+0200,139a36cd-3f66-4469-9ae3-07e849d7273d,2026-07-22T02:15:00Z,2026-07-22T04:15:00+0200,0.0,MW,DK2,DK_2,actual_solar_generation,Solar,2026-07-28T18:21:33Z
2026-07-28T18:18:08Z,2026-07-28T20:18:08+0200,139a36cd-3f66-4469-9ae3-07e849d7273d,2026-07-22T02:30:00Z,2026-07-22T04:30:00+0200,0.0,MW,DK2,DK_2,actual_solar_generation,Solar,2026-07-28T18:21:33Z
2026-07-28T18:18:08Z,2026-07-28T20:18:08+0200,139a36cd-3f66-4469-9ae3-07e849d7273d,2026-07-22T02:45:00Z,2026-07-22T04:45:00+0200,0.0,MW,DK2,DK_2,actual_solar_generation,Solar,2026-07-28T18:21:33Z
2026-07-28T18:18:08Z,2026-07-28T20:18:08+0200,139a36cd-3f66-4469-9ae3-07e849d7273d,2026-07-22T03:00:00Z,2026-07-22T05:00:00+0200,0.153508,MW,DK2,DK_2,actual_solar_generation,Solar,2026-07-28T18:21:33Z
2026-07-28T18:18:08Z,2026-07-28T20:18:08+0200,139a36cd-3f66-4469-9ae3-07e849d7273d,2026-07-22T03:15:00Z,2026-07-22T05:15:00+0200,2.58183,MW,DK2,DK_2,actual_solar_generation,Solar,2026-07-28T18:21:33Z
2026-07-28T18:18:08Z,2026-07-28T20:18:08+0200,139a36cd-3f66-4469-9ae3-07e849d7273d,2026-07-22T03:30:00Z,2026-07-22T05:30:00+0200,13.0142,MW,DK2,DK_2,actual_solar_generation,Solar,2026-07-28T18:21:33Z
2026-07-28T18:18:08Z,2026-07-28T20:18:08+0200,139a36cd-3f66-4469-9ae3-07e849d7273d,2026-07-22T03:45:00Z,2026-07-22T05:45:00+0200,29.3584,MW,DK2,DK_2,actual_solar_generation,Solar,2026-07-28T18:21:33Z
2026-07-28T18:18:08Z,2026-07-28T20:18:08+0200,139a36cd-3f66-4469-9ae3-07e849d7273d,2026-07-22T04:00:00Z,2026-07-22T06:00:00+0200,45.6628,MW,DK2,DK_2,actual_solar_generation,Solar,2026-07-28T18:21:33Z
2026-07-28T18:18:08Z,2026-07-28T20:18:08+0200,139a36cd-3f66-4469-9ae3-07e849d7273d,2026-07-22T04:15:00Z,2026-07-22T06:15:00+0200,64.3784,MW,DK2,DK_2,actual_solar_generation,Solar,2026-07-28T18:21:33Z
2026-07-28T18:18:08Z,2026-07-28T20:18:08+0200,139a36cd-3f66-4469-9ae3-07e849d7273d,2026-07-22T04:30:00Z,2026-07-22T06:30:00+0200,83.9881,MW,DK2,DK_2,actual_solar_generation,Solar,2026-07-28T18:21:33Z
2026-07-28T18:18:08Z,2026-07-28T20:18:08+0200,139a36cd-3f66-4469-9ae3-07e849d7273d,2026-07-22T04:45:00Z,2026-07-22T06:45:00+0200,81.3894,MW,DK2,DK_2,actual_solar_generation,Solar,2026-07-28T18:21:33Z
2026-07-28T18:18:08Z,2026-07-28T20:18:08+0200,139a36cd-3f66-4469-9ae3-07e849d7273d,2026-07-22T05:00:00Z,2026-07-22T07:00:00+0200,109.484,MW,DK2,DK_2,actual_solar_generation,Solar,2026-07-28T18:21:33Z
2026-07-28T18:18:08Z,2026-07-28T20:18:08+0200,139a36cd-3f66-4469-9ae3-07e849d7273d,2026-07-22T05:15:00Z,2026-07-22T07:15:00+0200,120.277,MW,DK2,DK_2,actual_solar_generation,Solar,2026-07-28T18:21:33Z
2026-07-28T18:18:08Z,2026-07-28T20:18:08+0200,139a36cd-3f66-4469-9ae3-07e849d7273d,2026-07-22T05:30:00Z,2026-07-22T07:30:00+0200,148.74,MW,DK2,DK_2,actual_solar_generation,Solar,2026-07-28T18:21:33Z
2026-07-28T18:18:08Z,2026-07-28T20:18:08+0200,139a36cd-3f66-4469-9ae3-07e849d7273d,2026-07-22T05:45:00Z,2026-07-22T07:45:00+0200,195.682,MW,DK2,DK_2,actual_solar_generation,Solar,2026-07-28T18:21:33Z
2026-07-28T18:18:08Z,2026-07-28T20:18:08+0200,139a36cd-3f66-4469-9ae3-07e849d7273d,2026-07-22T06:00:00Z,2026-07-22T08:00:00+0200,183.1,MW,DK2,DK_2,actual_solar_generation,Solar,2026-07-28T18:21:33Z
2026-07-28T18:18:08Z,2026-07-28T20:18:08+0200,139a36cd-3f66-4469-9ae3-07e849d7273d,2026-07-22T06:15:00Z,2026-07-22T08:15:00+0200,202.788,MW,DK2,DK_2,actual_solar_generation,Solar,2026-07-28T18:21:33Z
2026-07-28T18:18:08Z,2026-07-28T20:18:08+0200,139a36cd-3f66-4469-9ae3-07e849d7273d,2026-07-22T06:30:00Z,2026-07-22T08:30:00+0200,227.546,MW,DK2,DK_2,actual_solar_generation,Solar,2026-07-28T18:21:33Z
2026-07-28T18:18:08Z,2026-07-28T20:18:08+0200,139a36cd-3f66-4469-9ae3-07e849d7273d,2026-07-22T06:45:00Z,2026-07-22T08:45:00+0200,210.747,MW,DK2,DK_2,actual_solar_generation,Solar,2026-07-28T18:21:33Z
2026-07-28T18:18:08Z,2026-07-28T20:18:08+0200,139a36cd-3f66-4469-9ae3-07e849d7273d,2026-07-22T07:00:00Z,2026-07-22T09:00:00+0200,240.927,MW,DK2,DK_2,actual_solar_generation,Solar,2026-07-28T18:21:33Z
2026-07-28T18:18:08Z,2026-07-28T20:18:08+0200,139a36cd-3f66-4469-9ae3-07e849d7273d,2026-07-22T07:15:00Z,2026-07-22T09:15:00+0200,251.847,MW,DK2,DK_2,actual_solar_generation,Solar,2026-07-28T18:21:33Z
2026-07-28T18:18:08Z,2026-07-28T20:18:08+0200,139a36cd-3f66-4469-9ae3-07e849d7273d,2026-07-22T07:30:00Z,2026-07-22T09:30:00+0200,275.367,MW,DK2,DK_2,actual_solar_generation,Solar,2026-07-28T18:21:33Z
2026-07-28T18:18:08Z,2026-07-28T20:18:08+0200,139a36cd-3f66-4469-9ae3-07e849d7273d,2026-07-22T07:45:00Z,2026-07-22T09:45:00+0200,385.34,MW,DK2,DK_2,actual_solar_generation,Solar,2026-07-28T18:21:33Z
2026-07-28T18:18:08Z,2026-07-28T20:18:08+0200,139a36cd-3f66-4469-9ae3-07e849d7273d,2026-07-22T08:00:00Z,2026-07-22T10:00:00+0200,381.261,MW,DK2,DK_2,actual_solar_generation,Solar,2026-07-28T18:21:33Z
2026-07-28T18:18:08Z,2026-07-28T20:18:08+0200,139a36cd-3f66-4469-9ae3-07e849d7273d,2026-07-22T08:15:00Z,2026-07-22T10:15:00+0200,336.208,MW,DK2,DK_2,actual_solar_generation,Solar,2026-07-28T18:21:33Z
2026-07-28T18:18:08Z,2026-07-28T20:18:08+0200,139a36cd-3f66-4469-9ae3-07e849d7273d,2026-07-22T08:30:00Z,2026-07-22T10:30:00+0200,407.361,MW,DK2,DK_2,actual_solar_generation,Solar,2026-07-28T18:21:33Z
2026-07-28T18:18:08Z,2026-07-28T20:18:08+0200,139a36cd-3f66-4469-9ae3-07e849d7273d,2026-07-22T08:45:00Z,2026-07-22T10:45:00+0200,372.521,MW,DK2,DK_2,actual_solar_generation,Solar,2026-07-28T18:21:33Z
2026-07-28T18:18:08Z,2026-07-28T20:18:08+0200,139a36cd-3f66-4469-9ae3-07e849d7273d,2026-07-22T09:00:00Z,2026-07-22T11:00:00+0200,387.731,MW,DK2,DK_2,actual_solar_generation,Solar,2026-07-28T18:21:33Z
2026-07-28T18:18:08Z,2026-07-28T20:18:08+0200,139a36cd-3f66-4469-9ae3-07e849d7273d,2026-07-22T09:15:00Z,2026-07-22T11:15:00+0200,418.795,MW,DK2,DK_2,actual_solar_generation,Solar,2026-07-28T18:21:33Z
2026-07-28T18:18:08Z,2026-07-28T20:18:08+0200,139a36cd-3f66-4469-9ae3-07e849d7273d,2026-07-22T09:30:00Z,2026-07-22T11:30:00+0200,428.347,MW,DK2,DK_2,actual_solar_generation,Solar,2026-07-28T18:21:33Z
2026-07-28T18:18:08Z,2026-07-28T20:18:08+0200,139a36cd-3f66-4469-9ae3-07e849d7273d,2026-07-22T09:45:00Z,2026-07-22T11:45:00+0200,430.218,MW,DK2,DK_2,actual_solar_generation,Solar,2026-07-28T18:21:33Z
2026-07-28T18:18:08Z,2026-07-28T20:18:08+0200,139a36cd-3f66-4469-9ae3-07e849d7273d,2026-07-22T10:00:00Z,2026-07-22T12:00:00+0200,525.675,MW,DK2,DK_2,actual_solar_generation,Solar,2026-07-28T18:21:33Z
2026-07-28T18:18:08Z,2026-07-28T20:18:08+0200,139a36cd-3f66-4469-9ae3-07e849d7273d,2026-07-22T10:15:00Z,2026-07-22T12:15:00+0200,509.623,MW,DK2,DK_2,actual_solar_generation,Solar,2026-07-28T18:21:33Z
2026-07-28T18:18:08Z,2026-07-28T20:18:08+0200,139a36cd-3f66-4469-9ae3-07e849d7273d,2026-07-22T10:30:00Z,2026-07-22T12:30:00+0200,476.203,MW,DK2,DK_2,actual_solar_generation,Solar,2026-07-28T18:21:33Z
2026-07-28T18:18:08Z,2026-07-28T20:18:08+0200,139a36cd-3f66-4469-9ae3-07e849d7273d,2026-07-22T10:45:00Z,2026-07-22T12:45:00+0200,522.89,MW,DK2,DK_2,actual_solar_generation,Solar,2026-07-28T18:21:33Z
2026-07-28T18:18:08Z,2026-07-28T20:18:08+0200,139a36cd-3f66-4469-9ae3-07e849d7273d,2026-07-22T11:00:00Z,2026-07-22T13:00:00+0200,531.109,MW,DK2,DK_2,actual_solar_generation,Solar,2026-07-28T18:21:33Z
2026-07-28T18:18:08Z,2026-07-28T20:18:08+0200,139a36cd-3f66-4469-9ae3-07e849d7273d,2026-07-22T11:15:00Z,2026-07-22T13:15:00+0200,567.588,MW,DK2,DK_2,actual_solar_generation,Solar,2026-07-28T18:21:33Z
2026-07-28T18:18:08Z,2026-07-28T20:18:08+0200,139a36cd-3f66-4469-9ae3-07e849d7273d,2026-07-22T11:30:00Z,2026-07-22T13:30:00+0200,536.255,MW,DK2,DK_2,actual_solar_generation,Solar,2026-07-28T18:21:33Z
2026-07-28T18:18:08Z,2026-07-28T20:18:08+0200,139a36cd-3f66-4469-9ae3-07e849d7273d,2026-07-22T11:45:00Z,2026-07-22T13:45:00+0200,528.784,MW,DK2,DK_2,actual_solar_generation,Solar,2026-07-28T18:21:33Z
2026-07-28T18:18:08Z,2026-07-28T20:18:08+0200,139a36cd-3f66-4469-9ae3-07e849d7273d,2026-07-22T12:00:00Z,2026-07-22T14:00:00+0200,475.258,MW,DK2,DK_2,actual_solar_generation,Solar,2026-07-28T18:21:33Z
2026-07-28T18:18:08Z,2026-07-28T20:18:08+0200,139a36cd-3f66-4469-9ae3-07e849d7273d,2026-07-22T12:15:00Z,2026-07-22T14:15:00+0200,435.465,MW,DK2,DK_2,actual_solar_generation,Solar,2026-07-28T18:21:33Z
2026-07-28T18:18:08Z,2026-07-28T20:18:08+0200,139a36cd-3f66-4469-9ae3-07e849d7273d,2026-07-22T12:30:00Z,2026-07-22T14:30:00+0200,488.838,MW,DK2,DK_2,actual_solar_generation,Solar,2026-07-28T18:21:33Z
2026-07-28T18:18:08Z,2026-07-28T20:18:08+0200,139a36cd-3f66-4469-9ae3-07e849d7273d,2026-07-22T12:45:00Z,2026-07-22T14:45:00+0200,544.8,MW,DK2,DK_2,actual_solar_generation,Solar,2026-07-28T18:21:33Z
2026-07-28T18:18:08Z,2026-07-28T20:18:08+0200,139a36cd-3f66-4469-9ae3-07e849d7273d,2026-07-22T13:00:00Z,2026-07-22T15:00:00+0200,536.262,MW,DK2,DK_2,actual_solar_generation,Solar,2026-07-28T18:21:33Z
2026-07-28T18:18:08Z,2026-07-28T20:18:08+0200,139a36cd-3f66-4469-9ae3-07e849d7273d,2026-07-22T13:15:00Z,2026-07-22T15:15:00+0200,544.796,MW,DK2,DK_2,actual_solar_generation,Solar,2026-07-28T18:21:33Z
2026-07-28T18:18:08Z,2026-07-28T20:18:08+0200,139a36cd-3f66-4469-9ae3-07e849d7273d,2026-07-22T13:30:00Z,2026-07-22T15:30:00+0200,609.012,MW,DK2,DK_2,actual_solar_generation,Solar,2026-07-28T18:21:33Z
2026-07-28T18:18:08Z,2026-07-28T20:18:08+0200,139a36cd-3f66-4469-9ae3-07e849d7273d,2026-07-22T13:45:00Z,2026-07-22T15:45:00+0200,489.293,MW,DK2,DK_2,actual_solar_generation,Solar,2026-07-28T18:21:33Z
2026-07-28T18:18:08Z,2026-07-28T20:18:08+0200,139a36cd-3f66-4469-9ae3-07e849d7273d,2026-07-22T14:00:00Z,2026-07-22T16:00:00+0200,574.871,MW,DK2,DK_2,actual_solar_generation,Solar,2026-07-28T18:21:33Z
2026-07-28T18:18:08Z,2026-07-28T20:18:08+0200,139a36cd-3f66-4469-9ae3-07e849d7273d,2026-07-22T14:15:00Z,2026-07-22T16:15:00+0200,548.43,MW,DK2,DK_2,actual_solar_generation,Solar,2026-07-28T18:21:33Z
2026-07-28T18:18:08Z,2026-07-28T20:18:08+0200,139a36cd-3f66-4469-9ae3-07e849d7273d,2026-07-22T14:30:00Z,2026-07-22T16:30:00+0200,475.552,MW,DK2,DK_2,actual_solar_generation,Solar,2026-07-28T18:21:33Z
2026-07-28T18:18:08Z,2026-07-28T20:18:08+0200,139a36cd-3f66-4469-9ae3-07e849d7273d,2026-07-22T14:45:00Z,2026-07-22T16:45:00+0200,371.11,MW,DK2,DK_2,actual_solar_generation,Solar,2026-07-28T18:21:33Z
2026-07-28T18:18:08Z,2026-07-28T20:18:08+0200,139a36cd-3f66-4469-9ae3-07e849d7273d,2026-07-22T15:00:00Z,2026-07-22T17:00:00+0200,393.728,MW,DK2,DK_2,actual_solar_generation,Solar,2026-07-28T18:21:33Z
2026-07-28T18:18:08Z,2026-07-28T20:18:08+0200,139a36cd-3f66-4469-9ae3-07e849d7273d,2026-07-22T15:15:00Z,2026-07-22T17:15:00+0200,369.286,MW,DK2,DK_2,actual_solar_generation,Solar,2026-07-28T18:21:33Z
2026-07-28T18:18:08Z,2026-07-28T20:18:08+0200,139a36cd-3f66-4469-9ae3-07e849d7273d,2026-07-22T15:30:00Z,2026-07-22T17:30:00+0200,315.321,MW,DK2,DK_2,actual_solar_generation,Solar,2026-07-28T18:21:33Z
2026-07-28T18:18:08Z,2026-07-28T20:18:08+0200,139a36cd-3f66-4469-9ae3-07e849d7273d,2026-07-22T15:45:00Z,2026-07-22T17:45:00+0200,305.451,MW,DK2,DK_2,actual_solar_generation,Solar,2026-07-28T18:21:33Z
2026-07-28T18:18:08Z,2026-07-28T20:18:08+0200,139a36cd-3f66-4469-9ae3-07e849d7273d,2026-07-22T16:00:00Z,2026-07-22T18:00:00+0200,267.362,MW,DK2,DK_2,actual_solar_generation,Solar,2026-07-28T18:21:33Z
2026-07-28T18:18:08Z,2026-07-28T20:18:08+0200,139a36cd-3f66-4469-9ae3-07e849d7273d,2026-07-22T16:15:00Z,2026-07-22T18:15:00+0200,205.163,MW,DK2,DK_2,actual_solar_generation,Solar,2026-07-28T18:21:33Z
2026-07-28T18:18:08Z,2026-07-28T20:18:08+0200,139a36cd-3f66-4469-9ae3-07e849d7273d,2026-07-22T16:30:00Z,2026-07-22T18:30:00+0200,162.299,MW,DK2,DK_2,actual_solar_generation,Solar,2026-07-28T18:21:33Z
2026-07-28T18:18:08Z,2026-07-28T20:18:08+0200,139a36cd-3f66-4469-9ae3-07e849d7273d,2026-07-22T16:45:00Z,2026-07-22T18:45:00+0200,173.336,MW,DK2,DK_2,actual_solar_generation,Solar,2026-07-28T18:21:33Z
2026-07-28T18:18:08Z,2026-07-28T20:18:08+0200,139a36cd-3f66-4469-9ae3-07e849d7273d,2026-07-22T17:00:00Z,2026-07-22T19:00:00+0200,191.615,MW,DK2,DK_2,actual_solar_generation,Solar,2026-07-28T18:21:33Z
2026-07-28T18:18:08Z,2026-07-28T20:18:08+0200,139a36cd-3f66-4469-9ae3-07e849d7273d,2026-07-22T17:15:00Z,2026-07-22T19:15:00+0200,135.022,MW,DK2,DK_2,actual_solar_generation,Solar,2026-07-28T18:21:33Z
2026-07-28T18:18:08Z,2026-07-28T20:18:08+0200,139a36cd-3f66-4469-9ae3-07e849d7273d,2026-07-22T17:30:00Z,2026-07-22T19:30:00+0200,107.334,MW,DK2,DK_2,actual_solar_generation,Solar,2026-07-28T18:21:33Z
2026-07-28T18:18:08Z,2026-07-28T20:18:08+0200,139a36cd-3f66-4469-9ae3-07e849d7273d,2026-07-22T17:45:00Z,2026-07-22T19:45:00+0200,83.7065,MW,DK2,DK_2,actual_solar_generation,Solar,2026-07-28T18:21:33Z
2026-07-28T18:18:08Z,2026-07-28T20:18:08+0200,139a36cd-3f66-4469-9ae3-07e849d7273d,2026-07-22T18:00:00Z,2026-07-22T20:00:00+0200,67.0781,MW,DK2,DK_2,actual_solar_generation,Solar,2026-07-28T18:21:33Z
2026-07-28T18:18:08Z,2026-07-28T20:18:08+0200,139a36cd-3f66-4469-9ae3-07e849d7273d,2026-07-22T18:15:00Z,2026-07-22T20:15:00+0200,53.3171,MW,DK2,DK_2,actual_solar_generation,Solar,2026-07-28T18:21:33Z
2026-07-28T18:18:08Z,2026-07-28T20:18:08+0200,139a36cd-3f66-4469-9ae3-07e849d7273d,2026-07-22T18:30:00Z,2026-07-22T20:30:00+0200,44.3433,MW,DK2,DK_2,actual_solar_generation,Solar,2026-07-28T18:21:33Z
2026-07-28T18:18:08Z,2026-07-28T20:18:08+0200,139a36cd-3f66-4469-9ae3-07e849d7273d,2026-07-22T18:45:00Z,2026-07-22T20:45:00+0200,35.7435,MW,DK2,DK_2,actual_solar_generation,Solar,2026-07-28T18:21:33Z
2026-07-28T18:18:08Z,2026-07-28T20:18:08+0200,139a36cd-3f66-4469-9ae3-07e849d7273d,2026-07-22T19:00:00Z,2026-07-22T21:00:00+0200,21.6034,MW,DK2,DK_2,actual_solar_generation,Solar,2026-07-28T18:21:33Z
2026-07-28T18:18:08Z,2026-07-28T20:18:08+0200,139a36cd-3f66-4469-9ae3-07e849d7273d,2026-07-22T19:15:00Z,2026-07-22T21:15:00+0200,9.75116,MW,DK2,DK_2,actual_solar_generation,Solar,2026-07-28T18:21:33Z
2026-07-28T18:18:08Z,2026-07-28T20:18:08+0200,139a36cd-3f66-4469-9ae3-07e849d7273d,2026-07-22T19:30:00Z,2026-07-22T21:30:00+0200,1.30294,MW,DK2,DK_2,actual_solar_generation,Solar,2026-07-28T18:21:33Z
2026-07-28T18:18:08Z,2026-07-28T20:18:08+0200,139a36cd-3f66-4469-9ae3-07e849d7273d,2026-07-22T19:45:00Z,2026-07-22T21:45:00+0200,0.154155,MW,DK2,DK_2,actual_solar_generation,Solar,2026-07-28T18:21:33Z
2026-07-28T18:18:08Z,2026-07-28T20:18:08+0200,139a36cd-3f66-4469-9ae3-07e849d7273d,2026-07-22T20:00:00Z,2026-07-22T22:00:00+0200,0.170069,MW,DK2,DK_2,actual_solar_generation,Solar,2026-07-28T18:21:33Z
2026-07-28T18:18:08Z,2026-07-28T20:18:08+0200,139a36cd-3f66-4469-9ae3-07e849d7273d,2026-07-22T20:15:00Z,2026-07-22T22:15:00+0200,0.233571,MW,DK2,DK_2,actual_solar_generation,Solar,2026-07-28T18:21:33Z
2026-07-28T18:18:08Z,2026-07-28T20:18:08+0200,139a36cd-3f66-4469-9ae3-07e849d7273d,2026-07-22T20:30:00Z,2026-07-22T22:30:00+0200,0.511565,MW,DK2,DK_2,actual_solar_generation,Solar,2026-07-28T18:21:33Z
2026-07-28T18:18:08Z,2026-07-28T20:18:08+0200,139a36cd-3f66-4469-9ae3-07e849d7273d,2026-07-22T20:45:00Z,2026-07-22T22:45:00+0200,0.0,MW,DK2,DK_2,actual_solar_generation,Solar,2026-07-28T18:21:33Z
2026-07-28T18:18:08Z,2026-07-28T20:18:08+0200,139a36cd-3f66-4469-9ae3-07e849d7273d,2026-07-22T21:00:00Z,2026-07-22T23:00:00+0200,0.0,MW,DK2,DK_2,actual_solar_generation,Solar,2026-07-28T18:21:33Z
2026-07-28T18:18:08Z,2026-07-28T20:18:08+0200,139a36cd-3f66-4469-9ae3-07e849d7273d,2026-07-22T21:15:00Z,2026-07-22T23:15:00+0200,0.0,MW,DK2,DK_2,actual_solar_generation,Solar,2026-07-28T18:21:33Z
2026-07-28T18:18:08Z,2026-07-28T20:18:08+0200,139a36cd-3f66-4469-9ae3-07e849d7273d,2026-07-22T21:30:00Z,2026-07-22T23:30:00+0200,0.0,MW,DK2,DK_2,actual_solar_generation,Solar,2026-07-28T18:21:33Z
2026-07-28T18:18:08Z,2026-07-28T20:18:08+0200,139a36cd-3f66-4469-9ae3-07e849d7273d,2026-07-22T21:45:00Z,2026-07-22T23:45:00+0200,0.0,MW,DK2,DK_2,actual_solar_generation,Solar,2026-07-28T18:21:33Z
2026-07-28T18:18:08Z,2026-07-28T20:18:08+0200,139a36cd-3f66-4469-9ae3-07e849d7273d,2026-07-22T22:00:00Z,2026-07-23T00:00:00+0200,0.0,MW,DK2,DK_2,actual_solar_generation,Solar,2026-07-28T18:21:33Z
2026-07-28T18:18:08Z,2026-07-28T20:18:08+0200,139a36cd-3f66-4469-9ae3-07e849d7273d,2026-07-22T22:15:00Z,2026-07-23T00:15:00+0200,0.0,MW,DK2,DK_2,actual_solar_generation,Solar,2026-07-28T18:21:33Z
2026-07-28T18:18:08Z,2026-07-28T20:18:08+0200,139a36cd-3f66-4469-9ae3-07e849d7273d,2026-07-22T22:30:00Z,2026-07-23T00:30:00+0200,0.0,MW,DK2,DK_2,actual_solar_generation,Solar,2026-07-28T18:21:33Z
2026-07-28T18:18:08Z,2026-07-28T20:18:08+0200,139a36cd-3f66-4469-9ae3-07e849d7273d,2026-07-22T22:45:00Z,2026-07-23T00:45:00+0200,0.0,MW,DK2,DK_2,actual_solar_generation,Solar,2026-07-28T18:21:33Z
2026-07-28T18:18:08Z,2026-07-28T20:18:08+0200,139a36cd-3f66-4469-9ae3-07e849d7273d,2026-07-22T23:00:00Z,2026-07-23T01:00:00+0200,0.0,MW,DK2,DK_2,actual_solar_generation,Solar,2026-07-28T18:21:33Z
2026-07-28T18:18:08Z,2026-07-28T20:18:08+0200,139a36cd-3f66-4469-9ae3-07e849d7273d,2026-07-22T23:15:00Z,2026-07-23T01:15:00+0200,0.0,MW,DK2,DK_2,actual_solar_generation,Solar,2026-07-28T18:21:33Z
2026-07-28T18:18:08Z,2026-07-28T20:18:08+0200,139a36cd-3f66-4469-9ae3-07e849d7273d,2026-07-22T23:30:00Z,2026-07-23T01:30:00+0200,0.0,MW,DK2,DK_2,actual_solar_generation,Solar,2026-07-28T18:21:33Z
2026-07-28T18:18:08Z,2026-07-28T20:18:08+0200,139a36cd-3f66-4469-9ae3-07e849d7273d,2026-07-22T23:45:00Z,2026-07-23T01:45:00+0200,0.0,MW,DK2,DK_2,actual_solar_generation,Solar,2026-07-28T18:21:33Z
2026-07-28T18:18:08Z,2026-07-28T20:18:08+0200,139a36cd-3f66-4469-9ae3-07e849d7273d,2026-07-23T00:00:00Z,2026-07-23T02:00:00+0200,0.0,MW,DK2,DK_2,actual_solar_generation,Solar,2026-07-28T18:21:33Z
2026-07-28T18:18:08Z,2026-07-28T20:18:08+0200,139a36cd-3f66-4469-9ae3-07e849d7273d,2026-07-23T00:15:00Z,2026-07-23T02:15:00+0200,0.0,MW,DK2,DK_2,actual_solar_generation,Solar,2026-07-28T18:21:33Z
2026-07-28T18:18:08Z,2026-07-28T20:18:08+0200,139a36cd-3f66-4469-9ae3-07e849d7273d,2026-07-23T00:30:00Z,2026-07-23T02:30:00+0200,0.0,MW,DK2,DK_2,actual_solar_generation,Solar,2026-07-28T18:21:33Z
2026-07-28T18:18:08Z,2026-07-28T20:18:08+0200,139a36cd-3f66-4469-9ae3-07e849d7273d,2026-07-23T00:45:00Z,2026-07-23T02:45:00+0200,0.0,MW,DK2,DK_2,actual_solar_generation,Solar,2026-07-28T18:21:33Z
2026-07-28T18:18:08Z,2026-07-28T20:18:08+0200,139a36cd-3f66-4469-9ae3-07e849d7273d,2026-07-23T01:00:00Z,2026-07-23T03:00:00+0200,0.0,MW,DK2,DK_2,actual_solar_generation,Solar,2026-07-28T18:21:33Z
2026-07-28T18:18:08Z,2026-07-28T20:18:08+0200,139a36cd-3f66-4469-9ae3-07e849d7273d,2026-07-23T01:15:00Z,2026-07-23T03:15:00+0200,0.0,MW,DK2,DK_2,actual_solar_generation,Solar,2026-07-28T18:21:33Z
2026-07-28T18:18:08Z,2026-07-28T20:18:08+0200,139a36cd-3f66-4469-9ae3-07e849d7273d,2026-07-23T01:30:00Z,2026-07-23T03:30:00+0200,0.0,MW,DK2,DK_2,actual_solar_generation,Solar,2026-07-28T18:21:33Z
2026-07-28T18:18:08Z,2026-07-28T20:18:08+0200,139a36cd-3f66-4469-9ae3-07e849d7273d,2026-07-23T01:45:00Z,2026-07-23T03:45:00+0200,0.0,MW,DK2,DK_2,actual_solar_generation,Solar,2026-07-28T18:21:33Z
2026-07-28T18:18:08Z,2026-07-28T20:18:08+0200,139a36cd-3f66-4469-9ae3-07e849d7273d,2026-07-23T02:00:00Z,2026-07-23T04:00:00+0200,0.0,MW,DK2,DK_2,actual_solar_generation,Solar,2026-07-28T18:21:33Z
2026-07-28T18:18:08Z,2026-07-28T20:18:08+0200,139a36cd-3f66-4469-9ae3-07e849d7273d,2026-07-23T02:15:00Z,2026-07-23T04:15:00+0200,0.0,MW,DK2,DK_2,actual_solar_generation,Solar,2026-07-28T18:21:33Z
2026-07-28T18:18:08Z,2026-07-28T20:18:08+0200,139a36cd-3f66-4469-9ae3-07e849d7273d,2026-07-23T02:30:00Z,2026-07-23T04:30:00+0200,1.08543,MW,DK2,DK_2,actual_solar_generation,Solar,2026-07-28T18:21:33Z
2026-07-28T18:18:08Z,2026-07-28T20:18:08+0200,139a36cd-3f66-4469-9ae3-07e849d7273d,2026-07-23T02:45:00Z,2026-07-23T04:45:00+0200,0.56769,MW,DK2,DK_2,actual_solar_generation,Solar,2026-07-28T18:21:33Z
2026-07-28T18:18:08Z,2026-07-28T20:18:08+0200,139a36cd-3f66-4469-9ae3-07e849d7273d,2026-07-23T03:00:00Z,2026-07-23T05:00:00+0200,2.23347,MW,DK2,DK_2,actual_solar_generation,Solar,2026-07-28T18:21:33Z
2026-07-28T18:18:08Z,2026-07-28T20:18:08+0200,139a36cd-3f66-4469-9ae3-07e849d7273d,2026-07-23T03:15:00Z,2026-07-23T05:15:00+0200,9.50015,MW,DK2,DK_2,actual_solar_generation,Solar,2026-07-28T18:21:33Z
2026-07-28T18:18:08Z,2026-07-28T20:18:08+0200,139a36cd-3f66-4469-9ae3-07e849d7273d,2026-07-23T03:30:00Z,2026-07-23T05:30:00+0200,19.2263,MW,DK2,DK_2,actual_solar_generation,Solar,2026-07-28T18:21:33Z
2026-07-28T18:18:08Z,2026-07-28T20:18:08+0200,139a36cd-3f66-4469-9ae3-07e849d7273d,2026-07-23T03:45:00Z,2026-07-23T05:45:00+0200,30.4398,MW,DK2,DK_2,actual_solar_generation,Solar,2026-07-28T18:21:33Z
2026-07-28T18:18:08Z,2026-07-28T20:18:08+0200,139a36cd-3f66-4469-9ae3-07e849d7273d,2026-07-23T04:00:00Z,2026-07-23T06:00:00+0200,48.9975,MW,DK2,DK_2,actual_solar_generation,Solar,2026-07-28T18:21:33Z
2026-07-28T18:18:08Z,2026-07-28T20:18:08+0200,139a36cd-3f66-4469-9ae3-07e849d7273d,2026-07-23T04:15:00Z,2026-07-23T06:15:00+0200,65.7696,MW,DK2,DK_2,actual_solar_generation,Solar,2026-07-28T18:21:33Z
2026-07-28T18:18:08Z,2026-07-28T20:18:08+0200,139a36cd-3f66-4469-9ae3-07e849d7273d,2026-07-23T04:30:00Z,2026-07-23T06:30:00+0200,88.9082,MW,DK2,DK_2,actual_solar_generation,Solar,2026-07-28T18:21:33Z
2026-07-28T18:18:08Z,2026-07-28T20:18:08+0200,139a36cd-3f66-4469-9ae3-07e849d7273d,2026-07-23T04:45:00Z,2026-07-23T06:45:00+0200,98.8162,MW,DK2,DK_2,actual_solar_generation,Solar,2026-07-28T18:21:33Z
2026-07-28T18:18:08Z,2026-07-28T20:18:08+0200,139a36cd-3f66-4469-9ae3-07e849d7273d,2026-07-23T05:00:00Z,2026-07-23T07:00:00+0200,129.99,MW,DK2,DK_2,actual_solar_generation,Solar,2026-07-28T18:21:33Z
2026-07-28T18:18:08Z,2026-07-28T20:18:08+0200,139a36cd-3f66-4469-9ae3-07e849d7273d,2026-07-23T05:15:00Z,2026-07-23T07:15:00+0200,164.829,MW,DK2,DK_2,actual_solar_generation,Solar,2026-07-28T18:21:33Z
2026-07-28T18:18:08Z,2026-07-28T20:18:08+0200,139a36cd-3f66-4469-9ae3-07e849d7273d,2026-07-23T05:30:00Z,2026-07-23T07:30:00+0200,205.367,MW,DK2,DK_2,actual_solar_generation,Solar,2026-07-28T18:21:33Z
2026-07-28T18:18:08Z,2026-07-28T20:18:08+0200,139a36cd-3f66-4469-9ae3-07e849d7273d,2026-07-23T05:45:00Z,2026-07-23T07:45:00+0200,253.949,MW,DK2,DK_2,actual_solar_generation,Solar,2026-07-28T18:21:33Z
2026-07-28T18:18:08Z,2026-07-28T20:18:08+0200,139a36cd-3f66-4469-9ae3-07e849d7273d,2026-07-23T06:00:00Z,2026-07-23T08:00:00+0200,293.841,MW,DK2,DK_2,actual_solar_generation,Solar,2026-07-28T18:21:33Z
2026-07-28T18:18:08Z,2026-07-28T20:18:08+0200,139a36cd-3f66-4469-9ae3-07e849d7273d,2026-07-23T06:15:00Z,2026-07-23T08:15:00+0200,371.652,MW,DK2,DK_2,actual_solar_generation,Solar,2026-07-28T18:21:33Z
2026-07-28T18:18:08Z,2026-07-28T20:18:08+0200,139a36cd-3f66-4469-9ae3-07e849d7273d,2026-07-23T06:30:00Z,2026-07-23T08:30:00+0200,406.032,MW,DK2,DK_2,actual_solar_generation,Solar,2026-07-28T18:21:33Z
2026-07-28T18:18:08Z,2026-07-28T20:18:08+0200,139a36cd-3f66-4469-9ae3-07e849d7273d,2026-07-23T06:45:00Z,2026-07-23T08:45:00+0200,497.934,MW,DK2,DK_2,actual_solar_generation,Solar,2026-07-28T18:21:33Z
2026-07-28T18:18:08Z,2026-07-28T20:18:08+0200,139a36cd-3f66-4469-9ae3-07e849d7273d,2026-07-23T07:00:00Z,2026-07-23T09:00:00+0200,528.04,MW,DK2,DK_2,actual_solar_generation,Solar,2026-07-28T18:21:33Z
2026-07-28T18:18:08Z,2026-07-28T20:18:08+0200,139a36cd-3f66-4469-9ae3-07e849d7273d,2026-07-23T07:15:00Z,2026-07-23T09:15:00+0200,569.256,MW,DK2,DK_2,actual_solar_generation,Solar,2026-07-28T18:21:33Z
2026-07-28T18:18:08Z,2026-07-28T20:18:08+0200,139a36cd-3f66-4469-9ae3-07e849d7273d,2026-07-23T07:30:00Z,2026-07-23T09:30:00+0200,624.804,MW,DK2,DK_2,actual_solar_generation,Solar,2026-07-28T18:21:33Z
2026-07-28T18:18:08Z,2026-07-28T20:18:08+0200,139a36cd-3f66-4469-9ae3-07e849d7273d,2026-07-23T07:45:00Z,2026-07-23T09:45:00+0200,676.66,MW,DK2,DK_2,actual_solar_generation,Solar,2026-07-28T18:21:33Z
2026-07-28T18:18:08Z,2026-07-28T20:18:08+0200,139a36cd-3f66-4469-9ae3-07e849d7273d,2026-07-23T08:00:00Z,2026-07-23T10:00:00+0200,615.03,MW,DK2,DK_2,actual_solar_generation,Solar,2026-07-28T18:21:33Z
2026-07-28T18:18:08Z,2026-07-28T20:18:08+0200,139a36cd-3f66-4469-9ae3-07e849d7273d,2026-07-23T08:15:00Z,2026-07-23T10:15:00+0200,632.556,MW,DK2,DK_2,actual_solar_generation,Solar,2026-07-28T18:21:33Z
2026-07-28T18:18:08Z,2026-07-28T20:18:08+0200,139a36cd-3f66-4469-9ae3-07e849d7273d,2026-07-23T08:30:00Z,2026-07-23T10:30:00+0200,671.304,MW,DK2,DK_2,actual_solar_generation,Solar,2026-07-28T18:21:33Z
2026-07-28T18:18:08Z,2026-07-28T20:18:08+0200,139a36cd-3f66-4469-9ae3-07e849d7273d,2026-07-23T08:45:00Z,2026-07-23T10:45:00+0200,718.221,MW,DK2,DK_2,actual_solar_generation,Solar,2026-07-28T18:21:33Z
2026-07-28T18:18:08Z,2026-07-28T20:18:08+0200,139a36cd-3f66-4469-9ae3-07e849d7273d,2026-07-23T09:00:00Z,2026-07-23T11:00:00+0200,776.52,MW,DK2,DK_2,actual_solar_generation,Solar,2026-07-28T18:21:33Z
2026-07-28T18:18:08Z,2026-07-28T20:18:08+0200,139a36cd-3f66-4469-9ae3-07e849d7273d,2026-07-23T09:15:00Z,2026-07-23T11:15:00+0200,799.115,MW,DK2,DK_2,actual_solar_generation,Solar,2026-07-28T18:21:33Z
2026-07-28T18:18:08Z,2026-07-28T20:18:08+0200,139a36cd-3f66-4469-9ae3-07e849d7273d,2026-07-23T09:30:00Z,2026-07-23T11:30:00+0200,852.145,MW,DK2,DK_2,actual_solar_generation,Solar,2026-07-28T18:21:33Z
2026-07-28T18:18:08Z,2026-07-28T20:18:08+0200,139a36cd-3f66-4469-9ae3-07e849d7273d,2026-07-23T09:45:00Z,2026-07-23T11:45:00+0200,882.966,MW,DK2,DK_2,actual_solar_generation,Solar,2026-07-28T18:21:33Z
2026-07-28T18:18:08Z,2026-07-28T20:18:08+0200,139a36cd-3f66-4469-9ae3-07e849d7273d,2026-07-23T10:00:00Z,2026-07-23T12:00:00+0200,893.492,MW,DK2,DK_2,actual_solar_generation,Solar,2026-07-28T18:21:33Z
2026-07-28T18:18:08Z,2026-07-28T20:18:08+0200,139a36cd-3f66-4469-9ae3-07e849d7273d,2026-07-23T10:15:00Z,2026-07-23T12:15:00+0200,845.061,MW,DK2,DK_2,actual_solar_generation,Solar,2026-07-28T18:21:33Z
2026-07-28T18:18:08Z,2026-07-28T20:18:08+0200,139a36cd-3f66-4469-9ae3-07e849d7273d,2026-07-23T10:30:00Z,2026-07-23T12:30:00+0200,850.553,MW,DK2,DK_2,actual_solar_generation,Solar,2026-07-28T18:21:33Z
2026-07-28T18:18:08Z,2026-07-28T20:18:08+0200,139a36cd-3f66-4469-9ae3-07e849d7273d,2026-07-23T10:45:00Z,2026-07-23T12:45:00+0200,860.872,MW,DK2,DK_2,actual_solar_generation,Solar,2026-07-28T18:21:33Z
2026-07-28T18:18:08Z,2026-07-28T20:18:08+0200,139a36cd-3f66-4469-9ae3-07e849d7273d,2026-07-23T11:00:00Z,2026-07-23T13:00:00+0200,840.295,MW,DK2,DK_2,actual_solar_generation,Solar,2026-07-28T18:21:33Z
2026-07-28T18:18:08Z,2026-07-28T20:18:08+0200,139a36cd-3f66-4469-9ae3-07e849d7273d,2026-07-23T11:15:00Z,2026-07-23T13:15:00+0200,839.682,MW,DK2,DK_2,actual_solar_generation,Solar,2026-07-28T18:21:33Z
2026-07-28T18:18:08Z,2026-07-28T20:18:08+0200,139a36cd-3f66-4469-9ae3-07e849d7273d,2026-07-23T11:30:00Z,2026-07-23T13:30:00+0200,865.552,MW,DK2,DK_2,actual_solar_generation,Solar,2026-07-28T18:21:33Z
2026-07-28T18:18:08Z,2026-07-28T20:18:08+0200,139a36cd-3f66-4469-9ae3-07e849d7273d,2026-07-23T11:45:00Z,2026-07-23T13:45:00+0200,856.148,MW,DK2,DK_2,actual_solar_generation,Solar,2026-07-28T18:21:33Z
2026-07-28T18:18:08Z,2026-07-28T20:18:08+0200,139a36cd-3f66-4469-9ae3-07e849d7273d,2026-07-23T12:00:00Z,2026-07-23T14:00:00+0200,877.25,MW,DK2,DK_2,actual_solar_generation,Solar,2026-07-28T18:21:33Z
2026-07-28T18:18:08Z,2026-07-28T20:18:08+0200,139a36cd-3f66-4469-9ae3-07e849d7273d,2026-07-23T12:15:00Z,2026-07-23T14:15:00+0200,859.749,MW,DK2,DK_2,actual_solar_generation,Solar,2026-07-28T18:21:33Z
2026-07-28T18:18:08Z,2026-07-28T20:18:08+0200,139a36cd-3f66-4469-9ae3-07e849d7273d,2026-07-23T12:30:00Z,2026-07-23T14:30:00+0200,859.519,MW,DK2,DK_2,actual_solar_generation,Solar,2026-07-28T18:21:33Z
2026-07-28T18:18:08Z,2026-07-28T20:18:08+0200,139a36cd-3f66-4469-9ae3-07e849d7273d,2026-07-23T12:45:00Z,2026-07-23T14:45:00+0200,854.532,MW,DK2,DK_2,actual_solar_generation,Solar,2026-07-28T18:21:33Z
2026-07-28T18:18:08Z,2026-07-28T20:18:08+0200,139a36cd-3f66-4469-9ae3-07e849d7273d,2026-07-23T13:00:00Z,2026-07-23T15:00:00+0200,835.462,MW,DK2,DK_2,actual_solar_generation,Solar,2026-07-28T18:21:33Z
2026-07-28T18:18:08Z,2026-07-28T20:18:08+0200,139a36cd-3f66-4469-9ae3-07e849d7273d,2026-07-23T13:15:00Z,2026-07-23T15:15:00+0200,877.646,MW,DK2,DK_2,actual_solar_generation,Solar,2026-07-28T18:21:33Z
2026-07-28T18:18:08Z,2026-07-28T20:18:08+0200,139a36cd-3f66-4469-9ae3-07e849d7273d,2026-07-23T13:30:00Z,2026-07-23T15:30:00+0200,862.504,MW,DK2,DK_2,actual_solar_generation,Solar,2026-07-28T18:21:33Z
2026-07-28T18:18:08Z,2026-07-28T20:18:08+0200,139a36cd-3f66-4469-9ae3-07e849d7273d,2026-07-23T13:45:00Z,2026-07-23T15:45:00+0200,832.668,MW,DK2,DK_2,actual_solar_generation,Solar,2026-07-28T18:21:33Z
2026-07-28T18:18:08Z,2026-07-28T20:18:08+0200,139a36cd-3f66-4469-9ae3-07e849d7273d,2026-07-23T14:00:00Z,2026-07-23T16:00:00+0200,834.667,MW,DK2,DK_2,actual_solar_generation,Solar,2026-07-28T18:21:33Z
2026-07-28T18:18:08Z,2026-07-28T20:18:08+0200,139a36cd-3f66-4469-9ae3-07e849d7273d,2026-07-23T14:15:00Z,2026-07-23T16:15:00+0200,802.124,MW,DK2,DK_2,actual_solar_generation,Solar,2026-07-28T18:21:33Z
2026-07-28T18:18:08Z,2026-07-28T20:18:08+0200,139a36cd-3f66-4469-9ae3-07e849d7273d,2026-07-23T14:30:00Z,2026-07-23T16:30:00+0200,731.684,MW,DK2,DK_2,actual_solar_generation,Solar,2026-07-28T18:21:33Z
2026-07-28T18:18:08Z,2026-07-28T20:18:08+0200,139a36cd-3f66-4469-9ae3-07e849d7273d,2026-07-23T14:45:00Z,2026-07-23T16:45:00+0200,679.283,MW,DK2,DK_2,actual_solar_generation,Solar,2026-07-28T18:21:33Z
2026-07-28T18:18:08Z,2026-07-28T20:18:08+0200,139a36cd-3f66-4469-9ae3-07e849d7273d,2026-07-23T15:00:00Z,2026-07-23T17:00:00+0200,757.987,MW,DK2,DK_2,actual_solar_generation,Solar,2026-07-28T18:21:33Z
2026-07-28T18:18:08Z,2026-07-28T20:18:08+0200,139a36cd-3f66-4469-9ae3-07e849d7273d,2026-07-23T15:15:00Z,2026-07-23T17:15:00+0200,753.05,MW,DK2,DK_2,actual_solar_generation,Solar,2026-07-28T18:21:33Z
2026-07-28T18:18:08Z,2026-07-28T20:18:08+0200,139a36cd-3f66-4469-9ae3-07e849d7273d,2026-07-23T15:30:00Z,2026-07-23T17:30:00+0200,660.996,MW,DK2,DK_2,actual_solar_generation,Solar,2026-07-28T18:21:33Z
2026-07-28T18:18:08Z,2026-07-28T20:18:08+0200,139a36cd-3f66-4469-9ae3-07e849d7273d,2026-07-23T15:45:00Z,2026-07-23T17:45:00+0200,594.493,MW,DK2,DK_2,actual_solar_generation,Solar,2026-07-28T18:21:33Z
2026-07-28T18:18:08Z,2026-07-28T20:18:08+0200,139a36cd-3f66-4469-9ae3-07e849d7273d,2026-07-23T16:00:00Z,2026-07-23T18:00:00+0200,563.141,MW,DK2,DK_2,actual_solar_generation,Solar,2026-07-28T18:21:33Z
2026-07-28T18:18:08Z,2026-07-28T20:18:08+0200,139a36cd-3f66-4469-9ae3-07e849d7273d,2026-07-23T16:15:00Z,2026-07-23T18:15:00+0200,479.287,MW,DK2,DK_2,actual_solar_generation,Solar,2026-07-28T18:21:33Z
2026-07-28T18:18:08Z,2026-07-28T20:18:08+0200,139a36cd-3f66-4469-9ae3-07e849d7273d,2026-07-23T16:30:00Z,2026-07-23T18:30:00+0200,385.834,MW,DK2,DK_2,actual_solar_generation,Solar,2026-07-28T18:21:33Z
2026-07-28T18:18:08Z,2026-07-28T20:18:08+0200,139a36cd-3f66-4469-9ae3-07e849d7273d,2026-07-23T16:45:00Z,2026-07-23T18:45:00+0200,299.268,MW,DK2,DK_2,actual_solar_generation,Solar,2026-07-28T18:21:33Z
2026-07-28T18:18:08Z,2026-07-28T20:18:08+0200,139a36cd-3f66-4469-9ae3-07e849d7273d,2026-07-23T17:00:00Z,2026-07-23T19:00:00+0200,260.042,MW,DK2,DK_2,actual_solar_generation,Solar,2026-07-28T18:21:33Z
2026-07-28T18:18:08Z,2026-07-28T20:18:08+0200,139a36cd-3f66-4469-9ae3-07e849d7273d,2026-07-23T17:15:00Z,2026-07-23T19:15:00+0200,210.41,MW,DK2,DK_2,actual_solar_generation,Solar,2026-07-28T18:21:33Z
2026-07-28T18:18:08Z,2026-07-28T20:18:08+0200,139a36cd-3f66-4469-9ae3-07e849d7273d,2026-07-23T17:30:00Z,2026-07-23T19:30:00+0200,159.463,MW,DK2,DK_2,actual_solar_generation,Solar,2026-07-28T18:21:33Z
2026-07-28T18:18:08Z,2026-07-28T20:18:08+0200,139a36cd-3f66-4469-9ae3-07e849d7273d,2026-07-23T17:45:00Z,2026-07-23T19:45:00+0200,116.602,MW,DK2,DK_2,actual_solar_generation,Solar,2026-07-28T18:21:33Z
2026-07-28T18:18:08Z,2026-07-28T20:18:08+0200,139a36cd-3f66-4469-9ae3-07e849d7273d,2026-07-23T18:00:00Z,2026-07-23T20:00:00+0200,106.131,MW,DK2,DK_2,actual_solar_generation,Solar,2026-07-28T18:21:33Z
2026-07-28T18:18:08Z,2026-07-28T20:18:08+0200,139a36cd-3f66-4469-9ae3-07e849d7273d,2026-07-23T18:15:00Z,2026-07-23T20:15:00+0200,86.26,MW,DK2,DK_2,actual_solar_generation,Solar,2026-07-28T18:21:33Z
2026-07-28T18:18:08Z,2026-07-28T20:18:08+0200,139a36cd-3f66-4469-9ae3-07e849d7273d,2026-07-23T18:30:00Z,2026-07-23T20:30:00+0200,71.8114,MW,DK2,DK_2,actual_solar_generation,Solar,2026-07-28T18:21:33Z
2026-07-28T18:18:08Z,2026-07-28T20:18:08+0200,139a36cd-3f66-4469-9ae3-07e849d7273d,2026-07-23T18:45:00Z,2026-07-23T20:45:00+0200,48.0118,MW,DK2,DK_2,actual_solar_generation,Solar,2026-07-28T18:21:33Z
2026-07-28T18:18:08Z,2026-07-28T20:18:08+0200,139a36cd-3f66-4469-9ae3-07e849d7273d,2026-07-23T19:00:00Z,2026-07-23T21:00:00+0200,24.2903,MW,DK2,DK_2,actual_solar_generation,Solar,2026-07-28T18:21:33Z
2026-07-28T18:18:08Z,2026-07-28T20:18:08+0200,139a36cd-3f66-4469-9ae3-07e849d7273d,2026-07-23T19:15:00Z,2026-07-23T21:15:00+0200,6.95993,MW,DK2,DK_2,actual_solar_generation,Solar,2026-07-28T18:21:33Z
2026-07-28T18:18:08Z,2026-07-28T20:18:08+0200,139a36cd-3f66-4469-9ae3-07e849d7273d,2026-07-23T19:30:00Z,2026-07-23T21:30:00+0200,0.576378,MW,DK2,DK_2,actual_solar_generation,Solar,2026-07-28T18:21:33Z
2026-07-28T18:18:08Z,2026-07-28T20:18:08+0200,139a36cd-3f66-4469-9ae3-07e849d7273d,2026-07-23T19:45:00Z,2026-07-23T21:45:00+0200,0.0,MW,DK2,DK_2,actual_solar_generation,Solar,2026-07-28T18:21:33Z
2026-07-28T18:18:08Z,2026-07-28T20:18:08+0200,139a36cd-3f66-4469-9ae3-07e849d7273d,2026-07-23T20:00:00Z,2026-07-23T22:00:00+0200,0.0,MW,DK2,DK_2,actual_solar_generation,Solar,2026-07-28T18:21:33Z
2026-07-28T18:18:08Z,2026-07-28T20:18:08+0200,139a36cd-3f66-4469-9ae3-07e849d7273d,2026-07-23T20:15:00Z,2026-07-23T22:15:00+0200,0.0,MW,DK2,DK_2,actual_solar_generation,Solar,2026-07-28T18:21:33Z
2026-07-28T18:18:08Z,2026-07-28T20:18:08+0200,139a36cd-3f66-4469-9ae3-07e849d7273d,2026-07-23T20:30:00Z,2026-07-23T22:30:00+0200,0.0,MW,DK2,DK_2,actual_solar_generation,Solar,2026-07-28T18:21:33Z
2026-07-28T18:18:08Z,2026-07-28T20:18:08+0200,139a36cd-3f66-4469-9ae3-07e849d7273d,2026-07-23T20:45:00Z,2026-07-23T22:45:00+0200,0.0,MW,DK2,DK_2,actual_solar_generation,Solar,2026-07-28T18:21:33Z
2026-07-28T18:18:08Z,2026-07-28T20:18:08+0200,139a36cd-3f66-4469-9ae3-07e849d7273d,2026-07-23T21:00:00Z,2026-07-23T23:00:00+0200,0.0,MW,DK2,DK_2,actual_solar_generation,Solar,2026-07-28T18:21:33Z
2026-07-28T18:18:08Z,2026-07-28T20:18:08+0200,139a36cd-3f66-4469-9ae3-07e849d7273d,2026-07-23T21:15:00Z,2026-07-23T23:15:00+0200,0.0,MW,DK2,DK_2,actual_solar_generation,Solar,2026-07-28T18:21:33Z
2026-07-28T18:18:08Z,2026-07-28T20:18:08+0200,139a36cd-3f66-4469-9ae3-07e849d7273d,2026-07-23T21:30:00Z,2026-07-23T23:30:00+0200,0.0,MW,DK2,DK_2,actual_solar_generation,Solar,2026-07-28T18:21:33Z
2026-07-28T18:18:08Z,2026-07-28T20:18:08+0200,139a36cd-3f66-4469-9ae3-07e849d7273d,2026-07-23T21:45:00Z,2026-07-23T23:45:00+0200,0.0,MW,DK2,DK_2,actual_solar_generation,Solar,2026-07-28T18:21:33Z
2026-07-28T18:18:08Z,2026-07-28T20:18:08+0200,139a36cd-3f66-4469-9ae3-07e849d7273d,2026-07-23T22:00:00Z,2026-07-24T00:00:00+0200,0.0,MW,DK2,DK_2,actual_solar_generation,Solar,2026-07-28T18:21:33Z
2026-07-28T18:18:08Z,2026-07-28T20:18:08+0200,139a36cd-3f66-4469-9ae3-07e849d7273d,2026-07-23T22:15:00Z,2026-07-24T00:15:00+0200,0.0,MW,DK2,DK_2,actual_solar_generation,Solar,2026-07-28T18:21:33Z
2026-07-28T18:18:08Z,2026-07-28T20:18:08+0200,139a36cd-3f66-4469-9ae3-07e849d7273d,2026-07-23T22:30:00Z,2026-07-24T00:30:00+0200,0.0,MW,DK2,DK_2,actual_solar_generation,Solar,2026-07-28T18:21:33Z
2026-07-28T18:18:08Z,2026-07-28T20:18:08+0200,139a36cd-3f66-4469-9ae3-07e849d7273d,2026-07-23T22:45:00Z,2026-07-24T00:45:00+0200,0.0,MW,DK2,DK_2,actual_solar_generation,Solar,2026-07-28T18:21:33Z
2026-07-28T18:18:08Z,2026-07-28T20:18:08+0200,139a36cd-3f66-4469-9ae3-07e849d7273d,2026-07-23T23:00:00Z,2026-07-24T01:00:00+0200,0.0,MW,DK2,DK_2,actual_solar_generation,Solar,2026-07-28T18:21:33Z
2026-07-28T18:18:08Z,2026-07-28T20:18:08+0200,139a36cd-3f66-4469-9ae3-07e849d7273d,2026-07-23T23:15:00Z,2026-07-24T01:15:00+0200,0.0,MW,DK2,DK_2,actual_solar_generation,Solar,2026-07-28T18:21:33Z
2026-07-28T18:18:08Z,2026-07-28T20:18:08+0200,139a36cd-3f66-4469-9ae3-07e849d7273d,2026-07-23T23:30:00Z,2026-07-24T01:30:00+0200,0.0,MW,DK2,DK_2,actual_solar_generation,Solar,2026-07-28T18:21:33Z
2026-07-28T18:18:08Z,2026-07-28T20:18:08+0200,139a36cd-3f66-4469-9ae3-07e849d7273d,2026-07-23T23:45:00Z,2026-07-24T01:45:00+0200,0.0,MW,DK2,DK_2,actual_solar_generation,Solar,2026-07-28T18:21:33Z
2026-07-28T18:18:08Z,2026-07-28T20:18:08+0200,139a36cd-3f66-4469-9ae3-07e849d7273d,2026-07-24T00:00:00Z,2026-07-24T02:00:00+0200,0.0,MW,DK2,DK_2,actual_solar_generation,Solar,2026-07-28T18:21:33Z
2026-07-28T18:18:08Z,2026-07-28T20:18:08+0200,139a36cd-3f66-4469-9ae3-07e849d7273d,2026-07-24T00:15:00Z,2026-07-24T02:15:00+0200,0.0,MW,DK2,DK_2,actual_solar_generation,Solar,2026-07-28T18:21:33Z
2026-07-28T18:18:08Z,2026-07-28T20:18:08+0200,139a36cd-3f66-4469-9ae3-07e849d7273d,2026-07-24T00:30:00Z,2026-07-24T02:30:00+0200,0.0,MW,DK2,DK_2,actual_solar_generation,Solar,2026-07-28T18:21:33Z
2026-07-28T18:18:08Z,2026-07-28T20:18:08+0200,139a36cd-3f66-4469-9ae3-07e849d7273d,2026-07-24T00:45:00Z,2026-07-24T02:45:00+0200,0.0,MW,DK2,DK_2,actual_solar_generation,Solar,2026-07-28T18:21:33Z
2026-07-28T18:18:08Z,2026-07-28T20:18:08+0200,139a36cd-3f66-4469-9ae3-07e849d7273d,2026-07-24T01:00:00Z,2026-07-24T03:00:00+0200,0.0,MW,DK2,DK_2,actual_solar_generation,Solar,2026-07-28T18:21:33Z
2026-07-28T18:18:08Z,2026-07-28T20:18:08+0200,139a36cd-3f66-4469-9ae3-07e849d7273d,2026-07-24T01:15:00Z,2026-07-24T03:15:00+0200,0.0,MW,DK2,DK_2,actual_solar_generation,Solar,2026-07-28T18:21:33Z
2026-07-28T18:18:08Z,2026-07-28T20:18:08+0200,139a36cd-3f66-4469-9ae3-07e849d7273d,2026-07-24T01:30:00Z,2026-07-24T03:30:00+0200,0.0,MW,DK2,DK_2,actual_solar_generation,Solar,2026-07-28T18:21:33Z
2026-07-28T18:18:08Z,2026-07-28T20:18:08+0200,139a36cd-3f66-4469-9ae3-07e849d7273d,2026-07-24T01:45:00Z,2026-07-24T03:45:00+0200,0.0,MW,DK2,DK_2,actual_solar_generation,Solar,2026-07-28T18:21:33Z
2026-07-28T18:18:08Z,2026-07-28T20:18:08+0200,139a36cd-3f66-4469-9ae3-07e849d7273d,2026-07-24T02:00:00Z,2026-07-24T04:00:00+0200,0.0,MW,DK2,DK_2,actual_solar_generation,Solar,2026-07-28T18:21:33Z
2026-07-28T18:18:08Z,2026-07-28T20:18:08+0200,139a36cd-3f66-4469-9ae3-07e849d7273d,2026-07-24T02:15:00Z,2026-07-24T04:15:00+0200,0.0,MW,DK2,DK_2,actual_solar_generation,Solar,2026-07-28T18:21:33Z
2026-07-28T18:18:08Z,2026-07-28T20:18:08+0200,139a36cd-3f66-4469-9ae3-07e849d7273d,2026-07-24T02:30:00Z,2026-07-24T04:30:00+0200,0.0,MW,DK2,DK_2,actual_solar_generation,Solar,2026-07-28T18:21:33Z
2026-07-28T18:18:08Z,2026-07-28T20:18:08+0200,139a36cd-3f66-4469-9ae3-07e849d7273d,2026-07-24T02:45:00Z,2026-07-24T04:45:00+0200,0.0,MW,DK2,DK_2,actual_solar_generation,Solar,2026-07-28T18:21:33Z
2026-07-28T18:18:08Z,2026-07-28T20:18:08+0200,139a36cd-3f66-4469-9ae3-07e849d7273d,2026-07-24T03:00:00Z,2026-07-24T05:00:00+0200,0.260797,MW,DK2,DK_2,actual_solar_generation,Solar,2026-07-28T18:21:33Z
2026-07-28T18:18:08Z,2026-07-28T20:18:08+0200,139a36cd-3f66-4469-9ae3-07e849d7273d,2026-07-24T03:15:00Z,2026-07-24T05:15:00+0200,2.53352,MW,DK2,DK_2,actual_solar_generation,Solar,2026-07-28T18:21:33Z
2026-07-28T18:18:08Z,2026-07-28T20:18:08+0200,139a36cd-3f66-4469-9ae3-07e849d7273d,2026-07-24T03:30:00Z,2026-07-24T05:30:00+0200,11.7125,MW,DK2,DK_2,actual_solar_generation,Solar,2026-07-28T18:21:33Z
2026-07-28T18:18:08Z,2026-07-28T20:18:08+0200,139a36cd-3f66-4469-9ae3-07e849d7273d,2026-07-24T03:45:00Z,2026-07-24T05:45:00+0200,25.2585,MW,DK2,DK_2,actual_solar_generation,Solar,2026-07-28T18:21:33Z
2026-07-28T18:18:08Z,2026-07-28T20:18:08+0200,139a36cd-3f66-4469-9ae3-07e849d7273d,2026-07-24T04:00:00Z,2026-07-24T06:00:00+0200,40.2001,MW,DK2,DK_2,actual_solar_generation,Solar,2026-07-28T18:21:33Z
2026-07-28T18:18:08Z,2026-07-28T20:18:08+0200,139a36cd-3f66-4469-9ae3-07e849d7273d,2026-07-24T04:15:00Z,2026-07-24T06:15:00+0200,59.2234,MW,DK2,DK_2,actual_solar_generation,Solar,2026-07-28T18:21:33Z
2026-07-28T18:18:08Z,2026-07-28T20:18:08+0200,139a36cd-3f66-4469-9ae3-07e849d7273d,2026-07-24T04:30:00Z,2026-07-24T06:30:00+0200,86.7752,MW,DK2,DK_2,actual_solar_generation,Solar,2026-07-28T18:21:33Z
2026-07-28T18:18:08Z,2026-07-28T20:18:08+0200,139a36cd-3f66-4469-9ae3-07e849d7273d,2026-07-24T04:45:00Z,2026-07-24T06:45:00+0200,107.76,MW,DK2,DK_2,actual_solar_generation,Solar,2026-07-28T18:21:33Z
2026-07-28T18:18:08Z,2026-07-28T20:18:08+0200,139a36cd-3f66-4469-9ae3-07e849d7273d,2026-07-24T05:00:00Z,2026-07-24T07:00:00+0200,143.88,MW,DK2,DK_2,actual_solar_generation,Solar,2026-07-28T18:21:33Z
2026-07-28T18:18:08Z,2026-07-28T20:18:08+0200,139a36cd-3f66-4469-9ae3-07e849d7273d,2026-07-24T05:15:00Z,2026-07-24T07:15:00+0200,196.109,MW,DK2,DK_2,actual_solar_generation,Solar,2026-07-28T18:21:33Z
2026-07-28T18:18:08Z,2026-07-28T20:18:08+0200,139a36cd-3f66-4469-9ae3-07e849d7273d,2026-07-24T05:30:00Z,2026-07-24T07:30:00+0200,255.632,MW,DK2,DK_2,actual_solar_generation,Solar,2026-07-28T18:21:33Z
2026-07-28T18:18:08Z,2026-07-28T20:18:08+0200,139a36cd-3f66-4469-9ae3-07e849d7273d,2026-07-24T05:45:00Z,2026-07-24T07:45:00+0200,293.598,MW,DK2,DK_2,actual_solar_generation,Solar,2026-07-28T18:21:33Z
2026-07-28T18:18:08Z,2026-07-28T20:18:08+0200,139a36cd-3f66-4469-9ae3-07e849d7273d,2026-07-24T06:00:00Z,2026-07-24T08:00:00+0200,369.628,MW,DK2,DK_2,actual_solar_generation,Solar,2026-07-28T18:21:33Z
2026-07-28T18:18:08Z,2026-07-28T20:18:08+0200,139a36cd-3f66-4469-9ae3-07e849d7273d,2026-07-24T06:15:00Z,2026-07-24T08:15:00+0200,357.111,MW,DK2,DK_2,actual_solar_generation,Solar,2026-07-28T18:21:33Z
2026-07-28T18:18:08Z,2026-07-28T20:18:08+0200,139a36cd-3f66-4469-9ae3-07e849d7273d,2026-07-24T06:30:00Z,2026-07-24T08:30:00+0200,415.636,MW,DK2,DK_2,actual_solar_generation,Solar,2026-07-28T18:21:33Z
2026-07-28T18:18:08Z,2026-07-28T20:18:08+0200,139a36cd-3f66-4469-9ae3-07e849d7273d,2026-07-24T06:45:00Z,2026-07-24T08:45:00+0200,454.329,MW,DK2,DK_2,actual_solar_generation,Solar,2026-07-28T18:21:33Z
2026-07-28T18:18:08Z,2026-07-28T20:18:08+0200,139a36cd-3f66-4469-9ae3-07e849d7273d,2026-07-24T07:00:00Z,2026-07-24T09:00:00+0200,462.228,MW,DK2,DK_2,actual_solar_generation,Solar,2026-07-28T18:21:33Z
2026-07-28T18:18:08Z,2026-07-28T20:18:08+0200,139a36cd-3f66-4469-9ae3-07e849d7273d,2026-07-24T07:15:00Z,2026-07-24T09:15:00+0200,493.884,MW,DK2,DK_2,actual_solar_generation,Solar,2026-07-28T18:21:33Z
2026-07-28T18:18:08Z,2026-07-28T20:18:08+0200,139a36cd-3f66-4469-9ae3-07e849d7273d,2026-07-24T07:30:00Z,2026-07-24T09:30:00+0200,526.671,MW,DK2,DK_2,actual_solar_generation,Solar,2026-07-28T18:21:33Z
2026-07-28T18:18:08Z,2026-07-28T20:18:08+0200,139a36cd-3f66-4469-9ae3-07e849d7273d,2026-07-24T07:45:00Z,2026-07-24T09:45:00+0200,558.433,MW,DK2,DK_2,actual_solar_generation,Solar,2026-07-28T18:21:33Z
2026-07-28T18:18:08Z,2026-07-28T20:18:08+0200,139a36cd-3f66-4469-9ae3-07e849d7273d,2026-07-24T08:00:00Z,2026-07-24T10:00:00+0200,543.415,MW,DK2,DK_2,actual_solar_generation,Solar,2026-07-28T18:21:33Z
2026-07-28T18:18:08Z,2026-07-28T20:18:08+0200,139a36cd-3f66-4469-9ae3-07e849d7273d,2026-07-24T08:15:00Z,2026-07-24T10:15:00+0200,524.411,MW,DK2,DK_2,actual_solar_generation,Solar,2026-07-28T18:21:33Z
2026-07-28T18:18:08Z,2026-07-28T20:18:08+0200,139a36cd-3f66-4469-9ae3-07e849d7273d,2026-07-24T08:30:00Z,2026-07-24T10:30:00+0200,481.46,MW,DK2,DK_2,actual_solar_generation,Solar,2026-07-28T18:21:33Z
2026-07-28T18:18:08Z,2026-07-28T20:18:08+0200,139a36cd-3f66-4469-9ae3-07e849d7273d,2026-07-24T08:45:00Z,2026-07-24T10:45:00+0200,439.436,MW,DK2,DK_2,actual_solar_generation,Solar,2026-07-28T18:21:33Z
2026-07-28T18:18:08Z,2026-07-28T20:18:08+0200,139a36cd-3f66-4469-9ae3-07e849d7273d,2026-07-24T09:00:00Z,2026-07-24T11:00:00+0200,359.483,MW,DK2,DK_2,actual_solar_generation,Solar,2026-07-28T18:21:33Z
2026-07-28T18:18:08Z,2026-07-28T20:18:08+0200,139a36cd-3f66-4469-9ae3-07e849d7273d,2026-07-24T09:15:00Z,2026-07-24T11:15:00+0200,327.779,MW,DK2,DK_2,actual_solar_generation,Solar,2026-07-28T18:21:33Z
2026-07-28T18:18:08Z,2026-07-28T20:18:08+0200,139a36cd-3f66-4469-9ae3-07e849d7273d,2026-07-24T09:30:00Z,2026-07-24T11:30:00+0200,336.386,MW,DK2,DK_2,actual_solar_generation,Solar,2026-07-28T18:21:33Z
2026-07-28T18:18:08Z,2026-07-28T20:18:08+0200,139a36cd-3f66-4469-9ae3-07e849d7273d,2026-07-24T09:45:00Z,2026-07-24T11:45:00+0200,342.95,MW,DK2,DK_2,actual_solar_generation,Solar,2026-07-28T18:21:33Z
2026-07-28T18:18:08Z,2026-07-28T20:18:08+0200,139a36cd-3f66-4469-9ae3-07e849d7273d,2026-07-24T10:00:00Z,2026-07-24T12:00:00+0200,335.905,MW,DK2,DK_2,actual_solar_generation,Solar,2026-07-28T18:21:33Z
2026-07-28T18:18:08Z,2026-07-28T20:18:08+0200,139a36cd-3f66-4469-9ae3-07e849d7273d,2026-07-24T10:15:00Z,2026-07-24T12:15:00+0200,319.948,MW,DK2,DK_2,actual_solar_generation,Solar,2026-07-28T18:21:33Z
2026-07-28T18:18:08Z,2026-07-28T20:18:08+0200,139a36cd-3f66-4469-9ae3-07e849d7273d,2026-07-24T10:30:00Z,2026-07-24T12:30:00+0200,342.721,MW,DK2,DK_2,actual_solar_generation,Solar,2026-07-28T18:21:33Z
2026-07-28T18:18:08Z,2026-07-28T20:18:08+0200,139a36cd-3f66-4469-9ae3-07e849d7273d,2026-07-24T10:45:00Z,2026-07-24T12:45:00+0200,370.127,MW,DK2,DK_2,actual_solar_generation,Solar,2026-07-28T18:21:33Z
2026-07-28T18:18:08Z,2026-07-28T20:18:08+0200,139a36cd-3f66-4469-9ae3-07e849d7273d,2026-07-24T11:00:00Z,2026-07-24T13:00:00+0200,383.968,MW,DK2,DK_2,actual_solar_generation,Solar,2026-07-28T18:21:33Z
2026-07-28T18:18:08Z,2026-07-28T20:18:08+0200,139a36cd-3f66-4469-9ae3-07e849d7273d,2026-07-24T11:15:00Z,2026-07-24T13:15:00+0200,407.322,MW,DK2,DK_2,actual_solar_generation,Solar,2026-07-28T18:21:33Z
2026-07-28T18:18:08Z,2026-07-28T20:18:08+0200,139a36cd-3f66-4469-9ae3-07e849d7273d,2026-07-24T11:30:00Z,2026-07-24T13:30:00+0200,354.181,MW,DK2,DK_2,actual_solar_generation,Solar,2026-07-28T18:21:33Z
2026-07-28T18:18:08Z,2026-07-28T20:18:08+0200,139a36cd-3f66-4469-9ae3-07e849d7273d,2026-07-24T11:45:00Z,2026-07-24T13:45:00+0200,333.023,MW,DK2,DK_2,actual_solar_generation,Solar,2026-07-28T18:21:33Z
2026-07-28T18:18:08Z,2026-07-28T20:18:08+0200,139a36cd-3f66-4469-9ae3-07e849d7273d,2026-07-24T12:00:00Z,2026-07-24T14:00:00+0200,346.364,MW,DK2,DK_2,actual_solar_generation,Solar,2026-07-28T18:21:33Z
2026-07-28T18:18:08Z,2026-07-28T20:18:08+0200,139a36cd-3f66-4469-9ae3-07e849d7273d,2026-07-24T12:15:00Z,2026-07-24T14:15:00+0200,383.11,MW,DK2,DK_2,actual_solar_generation,Solar,2026-07-28T18:21:33Z
2026-07-28T18:18:08Z,2026-07-28T20:18:08+0200,139a36cd-3f66-4469-9ae3-07e849d7273d,2026-07-24T12:30:00Z,2026-07-24T14:30:00+0200,432.523,MW,DK2,DK_2,actual_solar_generation,Solar,2026-07-28T18:21:33Z
2026-07-28T18:18:08Z,2026-07-28T20:18:08+0200,139a36cd-3f66-4469-9ae3-07e849d7273d,2026-07-24T12:45:00Z,2026-07-24T14:45:00+0200,430.931,MW,DK2,DK_2,actual_solar_generation,Solar,2026-07-28T18:21:33Z
2026-07-28T18:18:08Z,2026-07-28T20:18:08+0200,139a36cd-3f66-4469-9ae3-07e849d7273d,2026-07-24T13:00:00Z,2026-07-24T15:00:00+0200,513.07,MW,DK2,DK_2,actual_solar_generation,Solar,2026-07-28T18:21:33Z
2026-07-28T18:18:08Z,2026-07-28T20:18:08+0200,139a36cd-3f66-4469-9ae3-07e849d7273d,2026-07-24T13:15:00Z,2026-07-24T15:15:00+0200,538.014,MW,DK2,DK_2,actual_solar_generation,Solar,2026-07-28T18:21:33Z
2026-07-28T18:18:08Z,2026-07-28T20:18:08+0200,139a36cd-3f66-4469-9ae3-07e849d7273d,2026-07-24T13:30:00Z,2026-07-24T15:30:00+0200,574.037,MW,DK2,DK_2,actual_solar_generation,Solar,2026-07-28T18:21:33Z
2026-07-28T18:18:08Z,2026-07-28T20:18:08+0200,139a36cd-3f66-4469-9ae3-07e849d7273d,2026-07-24T13:45:00Z,2026-07-24T15:45:00+0200,554.297,MW,DK2,DK_2,actual_solar_generation,Solar,2026-07-28T18:21:33Z
2026-07-28T18:18:08Z,2026-07-28T20:18:08+0200,139a36cd-3f66-4469-9ae3-07e849d7273d,2026-07-24T14:00:00Z,2026-07-24T16:00:00+0200,492.531,MW,DK2,DK_2,actual_solar_generation,Solar,2026-07-28T18:21:33Z
2026-07-28T18:18:08Z,2026-07-28T20:18:08+0200,139a36cd-3f66-4469-9ae3-07e849d7273d,2026-07-24T14:15:00Z,2026-07-24T16:15:00+0200,428.395,MW,DK2,DK_2,actual_solar_generation,Solar,2026-07-28T18:21:33Z
2026-07-28T18:18:08Z,2026-07-28T20:18:08+0200,139a36cd-3f66-4469-9ae3-07e849d7273d,2026-07-24T14:30:00Z,2026-07-24T16:30:00+0200,478.265,MW,DK2,DK_2,actual_solar_generation,Solar,2026-07-28T18:21:33Z
2026-07-28T18:18:08Z,2026-07-28T20:18:08+0200,139a36cd-3f66-4469-9ae3-07e849d7273d,2026-07-24T14:45:00Z,2026-07-24T16:45:00+0200,478.071,MW,DK2,DK_2,actual_solar_generation,Solar,2026-07-28T18:21:33Z
2026-07-28T18:18:08Z,2026-07-28T20:18:08+0200,139a36cd-3f66-4469-9ae3-07e849d7273d,2026-07-24T15:00:00Z,2026-07-24T17:00:00+0200,482.257,MW,DK2,DK_2,actual_solar_generation,Solar,2026-07-28T18:21:33Z
2026-07-28T18:18:08Z,2026-07-28T20:18:08+0200,139a36cd-3f66-4469-9ae3-07e849d7273d,2026-07-24T15:15:00Z,2026-07-24T17:15:00+0200,481.506,MW,DK2,DK_2,actual_solar_generation,Solar,2026-07-28T18:21:33Z
2026-07-28T18:18:08Z,2026-07-28T20:18:08+0200,139a36cd-3f66-4469-9ae3-07e849d7273d,2026-07-24T15:30:00Z,2026-07-24T17:30:00+0200,487.368,MW,DK2,DK_2,actual_solar_generation,Solar,2026-07-28T18:21:33Z
2026-07-28T18:18:08Z,2026-07-28T20:18:08+0200,139a36cd-3f66-4469-9ae3-07e849d7273d,2026-07-24T15:45:00Z,2026-07-24T17:45:00+0200,434.296,MW,DK2,DK_2,actual_solar_generation,Solar,2026-07-28T18:21:33Z
2026-07-28T18:18:08Z,2026-07-28T20:18:08+0200,139a36cd-3f66-4469-9ae3-07e849d7273d,2026-07-24T16:00:00Z,2026-07-24T18:00:00+0200,445.957,MW,DK2,DK_2,actual_solar_generation,Solar,2026-07-28T18:21:33Z
2026-07-28T18:18:08Z,2026-07-28T20:18:08+0200,139a36cd-3f66-4469-9ae3-07e849d7273d,2026-07-24T16:15:00Z,2026-07-24T18:15:00+0200,458.107,MW,DK2,DK_2,actual_solar_generation,Solar,2026-07-28T18:21:33Z
2026-07-28T18:18:08Z,2026-07-28T20:18:08+0200,139a36cd-3f66-4469-9ae3-07e849d7273d,2026-07-24T16:30:00Z,2026-07-24T18:30:00+0200,395.134,MW,DK2,DK_2,actual_solar_generation,Solar,2026-07-28T18:21:33Z
2026-07-28T18:18:08Z,2026-07-28T20:18:08+0200,139a36cd-3f66-4469-9ae3-07e849d7273d,2026-07-24T16:45:00Z,2026-07-24T18:45:00+0200,319.169,MW,DK2,DK_2,actual_solar_generation,Solar,2026-07-28T18:21:33Z
2026-07-28T18:18:08Z,2026-07-28T20:18:08+0200,139a36cd-3f66-4469-9ae3-07e849d7273d,2026-07-24T17:00:00Z,2026-07-24T19:00:00+0200,258.498,MW,DK2,DK_2,actual_solar_generation,Solar,2026-07-28T18:21:33Z
2026-07-28T18:18:08Z,2026-07-28T20:18:08+0200,139a36cd-3f66-4469-9ae3-07e849d7273d,2026-07-24T17:15:00Z,2026-07-24T19:15:00+0200,179.225,MW,DK2,DK_2,actual_solar_generation,Solar,2026-07-28T18:21:33Z
2026-07-28T18:18:08Z,2026-07-28T20:18:08+0200,139a36cd-3f66-4469-9ae3-07e849d7273d,2026-07-24T17:30:00Z,2026-07-24T19:30:00+0200,149.27,MW,DK2,DK_2,actual_solar_generation,Solar,2026-07-28T18:21:33Z
2026-07-28T18:18:08Z,2026-07-28T20:18:08+0200,139a36cd-3f66-4469-9ae3-07e849d7273d,2026-07-24T17:45:00Z,2026-07-24T19:45:00+0200,117.426,MW,DK2,DK_2,actual_solar_generation,Solar,2026-07-28T18:21:33Z
2026-07-28T18:18:08Z,2026-07-28T20:18:08+0200,139a36cd-3f66-4469-9ae3-07e849d7273d,2026-07-24T18:00:00Z,2026-07-24T20:00:00+0200,87.0923,MW,DK2,DK_2,actual_solar_generation,Solar,2026-07-28T18:21:33Z
2026-07-28T18:18:08Z,2026-07-28T20:18:08+0200,139a36cd-3f66-4469-9ae3-07e849d7273d,2026-07-24T18:15:00Z,2026-07-24T20:15:00+0200,62.7027,MW,DK2,DK_2,actual_solar_generation,Solar,2026-07-28T18:21:33Z
2026-07-28T18:18:08Z,2026-07-28T20:18:08+0200,139a36cd-3f66-4469-9ae3-07e849d7273d,2026-07-24T18:30:00Z,2026-07-24T20:30:00+0200,47.9603,MW,DK2,DK_2,actual_solar_generation,Solar,2026-07-28T18:21:33Z
2026-07-28T18:18:08Z,2026-07-28T20:18:08+0200,139a36cd-3f66-4469-9ae3-07e849d7273d,2026-07-24T18:45:00Z,2026-07-24T20:45:00+0200,36.5223,MW,DK2,DK_2,actual_solar_generation,Solar,2026-07-28T18:21:33Z
2026-07-28T18:18:08Z,2026-07-28T20:18:08+0200,139a36cd-3f66-4469-9ae3-07e849d7273d,2026-07-24T19:00:00Z,2026-07-24T21:00:00+0200,18.3656,MW,DK2,DK_2,actual_solar_generation,Solar,2026-07-28T18:21:33Z
2026-07-28T18:18:08Z,2026-07-28T20:18:08+0200,139a36cd-3f66-4469-9ae3-07e849d7273d,2026-07-24T19:15:00Z,2026-07-24T21:15:00+0200,4.80826,MW,DK2,DK_2,actual_solar_generation,Solar,2026-07-28T18:21:33Z
2026-07-28T18:18:08Z,2026-07-28T20:18:08+0200,139a36cd-3f66-4469-9ae3-07e849d7273d,2026-07-24T19:30:00Z,2026-07-24T21:30:00+0200,0.480326,MW,DK2,DK_2,actual_solar_generation,Solar,2026-07-28T18:21:33Z
2026-07-28T18:18:08Z,2026-07-28T20:18:08+0200,139a36cd-3f66-4469-9ae3-07e849d7273d,2026-07-24T19:45:00Z,2026-07-24T21:45:00+0200,0.090725,MW,DK2,DK_2,actual_solar_generation,Solar,2026-07-28T18:21:33Z
2026-07-28T18:18:08Z,2026-07-28T20:18:08+0200,139a36cd-3f66-4469-9ae3-07e849d7273d,2026-07-24T20:00:00Z,2026-07-24T22:00:00+0200,0.228392,MW,DK2,DK_2,actual_solar_generation,Solar,2026-07-28T18:21:33Z
2026-07-28T18:18:08Z,2026-07-28T20:18:08+0200,139a36cd-3f66-4469-9ae3-07e849d7273d,2026-07-24T20:15:00Z,2026-07-24T22:15:00+0200,0.241362,MW,DK2,DK_2,actual_solar_generation,Solar,2026-07-28T18:21:33Z
2026-07-28T18:18:08Z,2026-07-28T20:18:08+0200,139a36cd-3f66-4469-9ae3-07e849d7273d,2026-07-24T20:30:00Z,2026-07-24T22:30:00+0200,0.238818,MW,DK2,DK_2,actual_solar_generation,Solar,2026-07-28T18:21:33Z
2026-07-28T18:18:08Z,2026-07-28T20:18:08+0200,139a36cd-3f66-4469-9ae3-07e849d7273d,2026-07-24T20:45:00Z,2026-07-24T22:45:00+0200,0.0,MW,DK2,DK_2,actual_solar_generation,Solar,2026-07-28T18:21:33Z
2026-07-28T18:18:08Z,2026-07-28T20:18:08+0200,139a36cd-3f66-4469-9ae3-07e849d7273d,2026-07-24T21:00:00Z,2026-07-24T23:00:00+0200,0.0,MW,DK2,DK_2,actual_solar_generation,Solar,2026-07-28T18:21:33Z
2026-07-28T18:18:08Z,2026-07-28T20:18:08+0200,139a36cd-3f66-4469-9ae3-07e849d7273d,2026-07-24T21:15:00Z,2026-07-24T23:15:00+0200,0.0,MW,DK2,DK_2,actual_solar_generation,Solar,2026-07-28T18:21:33Z
2026-07-28T18:18:08Z,2026-07-28T20:18:08+0200,139a36cd-3f66-4469-9ae3-07e849d7273d,2026-07-24T21:30:00Z,2026-07-24T23:30:00+0200,0.0,MW,DK2,DK_2,actual_solar_generation,Solar,2026-07-28T18:21:33Z
2026-07-28T18:18:08Z,2026-07-28T20:18:08+0200,139a36cd-3f66-4469-9ae3-07e849d7273d,2026-07-24T21:45:00Z,2026-07-24T23:45:00+0200,0.0,MW,DK2,DK_2,actual_solar_generation,Solar,2026-07-28T18:21:33Z
2026-07-28T18:18:08Z,2026-07-28T20:18:08+0200,139a36cd-3f66-4469-9ae3-07e849d7273d,2026-07-24T22:00:00Z,2026-07-25T00:00:00+0200,0.0,MW,DK2,DK_2,actual_solar_generation,Solar,2026-07-28T18:21:33Z
2026-07-28T18:18:08Z,2026-07-28T20:18:08+0200,139a36cd-3f66-4469-9ae3-07e849d7273d,2026-07-24T22:15:00Z,2026-07-25T00:15:00+0200,0.0,MW,DK2,DK_2,actual_solar_generation,Solar,2026-07-28T18:21:33Z
2026-07-28T18:18:08Z,2026-07-28T20:18:08+0200,139a36cd-3f66-4469-9ae3-07e849d7273d,2026-07-24T22:30:00Z,2026-07-25T00:30:00+0200,0.0,MW,DK2,DK_2,actual_solar_generation,Solar,2026-07-28T18:21:33Z
2026-07-28T18:18:08Z,2026-07-28T20:18:08+0200,139a36cd-3f66-4469-9ae3-07e849d7273d,2026-07-24T22:45:00Z,2026-07-25T00:45:00+0200,0.0,MW,DK2,DK_2,actual_solar_generation,Solar,2026-07-28T18:21:33Z
2026-07-28T18:18:08Z,2026-07-28T20:18:08+0200,139a36cd-3f66-4469-9ae3-07e849d7273d,2026-07-24T23:00:00Z,2026-07-25T01:00:00+0200,0.0,MW,DK2,DK_2,actual_solar_generation,Solar,2026-07-28T18:21:33Z
2026-07-28T18:18:08Z,2026-07-28T20:18:08+0200,139a36cd-3f66-4469-9ae3-07e849d7273d,2026-07-24T23:15:00Z,2026-07-25T01:15:00+0200,0.0,MW,DK2,DK_2,actual_solar_generation,Solar,2026-07-28T18:21:33Z
2026-07-28T18:18:08Z,2026-07-28T20:18:08+0200,139a36cd-3f66-4469-9ae3-07e849d7273d,2026-07-24T23:30:00Z,2026-07-25T01:30:00+0200,0.0,MW,DK2,DK_2,actual_solar_generation,Solar,2026-07-28T18:21:33Z
2026-07-28T18:18:08Z,2026-07-28T20:18:08+0200,139a36cd-3f66-4469-9ae3-07e849d7273d,2026-07-24T23:45:00Z,2026-07-25T01:45:00+0200,0.0,MW,DK2,DK_2,actual_solar_generation,Solar,2026-07-28T18:21:33Z
2026-07-28T18:18:08Z,2026-07-28T20:18:08+0200,139a36cd-3f66-4469-9ae3-07e849d7273d,2026-07-25T00:00:00Z,2026-07-25T02:00:00+0200,0.0,MW,DK2,DK_2,actual_solar_generation,Solar,2026-07-28T18:21:33Z
2026-07-28T18:18:08Z,2026-07-28T20:18:08+0200,139a36cd-3f66-4469-9ae3-07e849d7273d,2026-07-25T00:15:00Z,2026-07-25T02:15:00+0200,0.0,MW,DK2,DK_2,actual_solar_generation,Solar,2026-07-28T18:21:33Z
2026-07-28T18:18:08Z,2026-07-28T20:18:08+0200,139a36cd-3f66-4469-9ae3-07e849d7273d,2026-07-25T00:30:00Z,2026-07-25T02:30:00+0200,0.0,MW,DK2,DK_2,actual_solar_generation,Solar,2026-07-28T18:21:33Z
2026-07-28T18:18:08Z,2026-07-28T20:18:08+0200,139a36cd-3f66-4469-9ae3-07e849d7273d,2026-07-25T00:45:00Z,2026-07-25T02:45:00+0200,0.0,MW,DK2,DK_2,actual_solar_generation,Solar,2026-07-28T18:21:33Z
2026-07-28T18:18:08Z,2026-07-28T20:18:08+0200,139a36cd-3f66-4469-9ae3-07e849d7273d,2026-07-25T01:00:00Z,2026-07-25T03:00:00+0200,0.0,MW,DK2,DK_2,actual_solar_generation,Solar,2026-07-28T18:21:33Z
2026-07-28T18:18:08Z,2026-07-28T20:18:08+0200,139a36cd-3f66-4469-9ae3-07e849d7273d,2026-07-25T01:15:00Z,2026-07-25T03:15:00+0200,0.0,MW,DK2,DK_2,actual_solar_generation,Solar,2026-07-28T18:21:33Z
2026-07-28T18:18:08Z,2026-07-28T20:18:08+0200,139a36cd-3f66-4469-9ae3-07e849d7273d,2026-07-25T01:30:00Z,2026-07-25T03:30:00+0200,0.0,MW,DK2,DK_2,actual_solar_generation,Solar,2026-07-28T18:21:33Z
2026-07-28T18:18:08Z,2026-07-28T20:18:08+0200,139a36cd-3f66-4469-9ae3-07e849d7273d,2026-07-25T01:45:00Z,2026-07-25T03:45:00+0200,0.0,MW,DK2,DK_2,actual_solar_generation,Solar,2026-07-28T18:21:33Z
2026-07-28T18:18:08Z,2026-07-28T20:18:08+0200,139a36cd-3f66-4469-9ae3-07e849d7273d,2026-07-25T02:00:00Z,2026-07-25T04:00:00+0200,0.0,MW,DK2,DK_2,actual_solar_generation,Solar,2026-07-28T18:21:33Z
2026-07-28T18:18:08Z,2026-07-28T20:18:08+0200,139a36cd-3f66-4469-9ae3-07e849d7273d,2026-07-25T02:15:00Z,2026-07-25T04:15:00+0200,0.0,MW,DK2,DK_2,actual_solar_generation,Solar,2026-07-28T18:21:33Z
2026-07-28T18:18:08Z,2026-07-28T20:18:08+0200,139a36cd-3f66-4469-9ae3-07e849d7273d,2026-07-25T02:30:00Z,2026-07-25T04:30:00+0200,0.0,MW,DK2,DK_2,actual_solar_generation,Solar,2026-07-28T18:21:33Z
2026-07-28T18:18:08Z,2026-07-28T20:18:08+0200,139a36cd-3f66-4469-9ae3-07e849d7273d,2026-07-25T02:45:00Z,2026-07-25T04:45:00+0200,0.0,MW,DK2,DK_2,actual_solar_generation,Solar,2026-07-28T18:21:33Z
2026-07-28T18:18:08Z,2026-07-28T20:18:08+0200,139a36cd-3f66-4469-9ae3-07e849d7273d,2026-07-25T03:00:00Z,2026-07-25T05:00:00+0200,0.0,MW,DK2,DK_2,actual_solar_generation,Solar,2026-07-28T18:21:33Z
2026-07-28T18:18:08Z,2026-07-28T20:18:08+0200,139a36cd-3f66-4469-9ae3-07e849d7273d,2026-07-25T03:15:00Z,2026-07-25T05:15:00+0200,0.931317,MW,DK2,DK_2,actual_solar_generation,Solar,2026-07-28T18:21:33Z
2026-07-28T18:18:08Z,2026-07-28T20:18:08+0200,139a36cd-3f66-4469-9ae3-07e849d7273d,2026-07-25T03:30:00Z,2026-07-25T05:30:00+0200,4.05684,MW,DK2,DK_2,actual_solar_generation,Solar,2026-07-28T18:21:33Z
2026-07-28T18:18:08Z,2026-07-28T20:18:08+0200,139a36cd-3f66-4469-9ae3-07e849d7273d,2026-07-25T03:45:00Z,2026-07-25T05:45:00+0200,11.9576,MW,DK2,DK_2,actual_solar_generation,Solar,2026-07-28T18:21:33Z
2026-07-28T18:18:08Z,2026-07-28T20:18:08+0200,139a36cd-3f66-4469-9ae3-07e849d7273d,2026-07-25T04:00:00Z,2026-07-25T06:00:00+0200,22.7988,MW,DK2,DK_2,actual_solar_generation,Solar,2026-07-28T18:21:33Z
2026-07-28T18:18:08Z,2026-07-28T20:18:08+0200,139a36cd-3f66-4469-9ae3-07e849d7273d,2026-07-25T04:15:00Z,2026-07-25T06:15:00+0200,34.3698,MW,DK2,DK_2,actual_solar_generation,Solar,2026-07-28T18:21:33Z
2026-07-28T18:18:08Z,2026-07-28T20:18:08+0200,139a36cd-3f66-4469-9ae3-07e849d7273d,2026-07-25T04:30:00Z,2026-07-25T06:30:00+0200,44.6669,MW,DK2,DK_2,actual_solar_generation,Solar,2026-07-28T18:21:33Z
2026-07-28T18:18:08Z,2026-07-28T20:18:08+0200,139a36cd-3f66-4469-9ae3-07e849d7273d,2026-07-25T04:45:00Z,2026-07-25T06:45:00+0200,55.1318,MW,DK2,DK_2,actual_solar_generation,Solar,2026-07-28T18:21:33Z
2026-07-28T18:18:08Z,2026-07-28T20:18:08+0200,139a36cd-3f66-4469-9ae3-07e849d7273d,2026-07-25T05:00:00Z,2026-07-25T07:00:00+0200,67.3619,MW,DK2,DK_2,actual_solar_generation,Solar,2026-07-28T18:21:33Z
2026-07-28T18:18:08Z,2026-07-28T20:18:08+0200,139a36cd-3f66-4469-9ae3-07e849d7273d,2026-07-25T05:15:00Z,2026-07-25T07:15:00+0200,84.8944,MW,DK2,DK_2,actual_solar_generation,Solar,2026-07-28T18:21:33Z
2026-07-28T18:18:08Z,2026-07-28T20:18:08+0200,139a36cd-3f66-4469-9ae3-07e849d7273d,2026-07-25T05:30:00Z,2026-07-25T07:30:00+0200,109.591,MW,DK2,DK_2,actual_solar_generation,Solar,2026-07-28T18:21:33Z
2026-07-28T18:18:08Z,2026-07-28T20:18:08+0200,139a36cd-3f66-4469-9ae3-07e849d7273d,2026-07-25T05:45:00Z,2026-07-25T07:45:00+0200,158.19,MW,DK2,DK_2,actual_solar_generation,Solar,2026-07-28T18:21:33Z
2026-07-28T18:18:08Z,2026-07-28T20:18:08+0200,139a36cd-3f66-4469-9ae3-07e849d7273d,2026-07-25T06:00:00Z,2026-07-25T08:00:00+0200,205.825,MW,DK2,DK_2,actual_solar_generation,Solar,2026-07-28T18:21:33Z
2026-07-28T18:18:08Z,2026-07-28T20:18:08+0200,139a36cd-3f66-4469-9ae3-07e849d7273d,2026-07-25T06:15:00Z,2026-07-25T08:15:00+0200,271.936,MW,DK2,DK_2,actual_solar_generation,Solar,2026-07-28T18:21:33Z
2026-07-28T18:18:08Z,2026-07-28T20:18:08+0200,139a36cd-3f66-4469-9ae3-07e849d7273d,2026-07-25T06:30:00Z,2026-07-25T08:30:00+0200,324.087,MW,DK2,DK_2,actual_solar_generation,Solar,2026-07-28T18:21:33Z
2026-07-28T18:18:08Z,2026-07-28T20:18:08+0200,139a36cd-3f66-4469-9ae3-07e849d7273d,2026-07-25T06:45:00Z,2026-07-25T08:45:00+0200,404.568,MW,DK2,DK_2,actual_solar_generation,Solar,2026-07-28T18:21:33Z
2026-07-28T18:18:08Z,2026-07-28T20:18:08+0200,139a36cd-3f66-4469-9ae3-07e849d7273d,2026-07-25T07:00:00Z,2026-07-25T09:00:00+0200,474.578,MW,DK2,DK_2,actual_solar_generation,Solar,2026-07-28T18:21:33Z
2026-07-28T18:18:08Z,2026-07-28T20:18:08+0200,139a36cd-3f66-4469-9ae3-07e849d7273d,2026-07-25T07:15:00Z,2026-07-25T09:15:00+0200,481.099,MW,DK2,DK_2,actual_solar_generation,Solar,2026-07-28T18:21:33Z
2026-07-28T18:18:08Z,2026-07-28T20:18:08+0200,139a36cd-3f66-4469-9ae3-07e849d7273d,2026-07-25T07:30:00Z,2026-07-25T09:30:00+0200,451.334,MW,DK2,DK_2,actual_solar_generation,Solar,2026-07-28T18:21:33Z
2026-07-28T18:18:08Z,2026-07-28T20:18:08+0200,139a36cd-3f66-4469-9ae3-07e849d7273d,2026-07-25T07:45:00Z,2026-07-25T09:45:00+0200,553.979,MW,DK2,DK_2,actual_solar_generation,Solar,2026-07-28T18:21:33Z
2026-07-28T18:18:08Z,2026-07-28T20:18:08+0200,139a36cd-3f66-4469-9ae3-07e849d7273d,2026-07-25T08:00:00Z,2026-07-25T10:00:00+0200,597.447,MW,DK2,DK_2,actual_solar_generation,Solar,2026-07-28T18:21:33Z
2026-07-28T18:18:08Z,2026-07-28T20:18:08+0200,139a36cd-3f66-4469-9ae3-07e849d7273d,2026-07-25T08:15:00Z,2026-07-25T10:15:00+0200,593.255,MW,DK2,DK_2,actual_solar_generation,Solar,2026-07-28T18:21:33Z
2026-07-28T18:18:08Z,2026-07-28T20:18:08+0200,139a36cd-3f66-4469-9ae3-07e849d7273d,2026-07-25T08:30:00Z,2026-07-25T10:30:00+0200,600.521,MW,DK2,DK_2,actual_solar_generation,Solar,2026-07-28T18:21:33Z
2026-07-28T18:18:08Z,2026-07-28T20:18:08+0200,139a36cd-3f66-4469-9ae3-07e849d7273d,2026-07-25T08:45:00Z,2026-07-25T10:45:00+0200,660.157,MW,DK2,DK_2,actual_solar_generation,Solar,2026-07-28T18:21:33Z
2026-07-28T18:18:08Z,2026-07-28T20:18:08+0200,139a36cd-3f66-4469-9ae3-07e849d7273d,2026-07-25T09:00:00Z,2026-07-25T11:00:00+0200,652.274,MW,DK2,DK_2,actual_solar_generation,Solar,2026-07-28T18:21:33Z
2026-07-28T18:18:08Z,2026-07-28T20:18:08+0200,139a36cd-3f66-4469-9ae3-07e849d7273d,2026-07-25T09:15:00Z,2026-07-25T11:15:00+0200,550.39,MW,DK2,DK_2,actual_solar_generation,Solar,2026-07-28T18:21:33Z
2026-07-28T18:18:08Z,2026-07-28T20:18:08+0200,139a36cd-3f66-4469-9ae3-07e849d7273d,2026-07-25T09:30:00Z,2026-07-25T11:30:00+0200,474.798,MW,DK2,DK_2,actual_solar_generation,Solar,2026-07-28T18:21:33Z
2026-07-28T18:18:08Z,2026-07-28T20:18:08+0200,139a36cd-3f66-4469-9ae3-07e849d7273d,2026-07-25T09:45:00Z,2026-07-25T11:45:00+0200,501.818,MW,DK2,DK_2,actual_solar_generation,Solar,2026-07-28T18:21:33Z
2026-07-28T18:18:08Z,2026-07-28T20:18:08+0200,139a36cd-3f66-4469-9ae3-07e849d7273d,2026-07-25T10:00:00Z,2026-07-25T12:00:00+0200,532.212,MW,DK2,DK_2,actual_solar_generation,Solar,2026-07-28T18:21:33Z
2026-07-28T18:18:08Z,2026-07-28T20:18:08+0200,139a36cd-3f66-4469-9ae3-07e849d7273d,2026-07-25T10:15:00Z,2026-07-25T12:15:00+0200,557.894,MW,DK2,DK_2,actual_solar_generation,Solar,2026-07-28T18:21:33Z
2026-07-28T18:18:08Z,2026-07-28T20:18:08+0200,139a36cd-3f66-4469-9ae3-07e849d7273d,2026-07-25T10:30:00Z,2026-07-25T12:30:00+0200,558.417,MW,DK2,DK_2,actual_solar_generation,Solar,2026-07-28T18:21:33Z
2026-07-28T18:18:08Z,2026-07-28T20:18:08+0200,139a36cd-3f66-4469-9ae3-07e849d7273d,2026-07-25T10:45:00Z,2026-07-25T12:45:00+0200,571.226,MW,DK2,DK_2,actual_solar_generation,Solar,2026-07-28T18:21:33Z
2026-07-28T18:18:08Z,2026-07-28T20:18:08+0200,139a36cd-3f66-4469-9ae3-07e849d7273d,2026-07-25T11:00:00Z,2026-07-25T13:00:00+0200,440.997,MW,DK2,DK_2,actual_solar_generation,Solar,2026-07-28T18:21:33Z
2026-07-28T18:18:08Z,2026-07-28T20:18:08+0200,139a36cd-3f66-4469-9ae3-07e849d7273d,2026-07-25T11:15:00Z,2026-07-25T13:15:00+0200,432.46,MW,DK2,DK_2,actual_solar_generation,Solar,2026-07-28T18:21:33Z
2026-07-28T18:18:08Z,2026-07-28T20:18:08+0200,139a36cd-3f66-4469-9ae3-07e849d7273d,2026-07-25T11:30:00Z,2026-07-25T13:30:00+0200,433.524,MW,DK2,DK_2,actual_solar_generation,Solar,2026-07-28T18:21:33Z
2026-07-28T18:18:08Z,2026-07-28T20:18:08+0200,139a36cd-3f66-4469-9ae3-07e849d7273d,2026-07-25T11:45:00Z,2026-07-25T13:45:00+0200,435.949,MW,DK2,DK_2,actual_solar_generation,Solar,2026-07-28T18:21:33Z
2026-07-28T18:18:08Z,2026-07-28T20:18:08+0200,139a36cd-3f66-4469-9ae3-07e849d7273d,2026-07-25T12:00:00Z,2026-07-25T14:00:00+0200,563.228,MW,DK2,DK_2,actual_solar_generation,Solar,2026-07-28T18:21:33Z
2026-07-28T18:18:08Z,2026-07-28T20:18:08+0200,139a36cd-3f66-4469-9ae3-07e849d7273d,2026-07-25T12:15:00Z,2026-07-25T14:15:00+0200,577.407,MW,DK2,DK_2,actual_solar_generation,Solar,2026-07-28T18:21:33Z
2026-07-28T18:18:08Z,2026-07-28T20:18:08+0200,139a36cd-3f66-4469-9ae3-07e849d7273d,2026-07-25T12:30:00Z,2026-07-25T14:30:00+0200,518.579,MW,DK2,DK_2,actual_solar_generation,Solar,2026-07-28T18:21:33Z
2026-07-28T18:18:08Z,2026-07-28T20:18:08+0200,139a36cd-3f66-4469-9ae3-07e849d7273d,2026-07-25T12:45:00Z,2026-07-25T14:45:00+0200,451.716,MW,DK2,DK_2,actual_solar_generation,Solar,2026-07-28T18:21:33Z
2026-07-28T18:18:08Z,2026-07-28T20:18:08+0200,139a36cd-3f66-4469-9ae3-07e849d7273d,2026-07-25T13:00:00Z,2026-07-25T15:00:00+0200,410.288,MW,DK2,DK_2,actual_solar_generation,Solar,2026-07-28T18:21:33Z
2026-07-28T18:18:08Z,2026-07-28T20:18:08+0200,139a36cd-3f66-4469-9ae3-07e849d7273d,2026-07-25T13:15:00Z,2026-07-25T15:15:00+0200,363.884,MW,DK2,DK_2,actual_solar_generation,Solar,2026-07-28T18:21:33Z
2026-07-28T18:18:08Z,2026-07-28T20:18:08+0200,139a36cd-3f66-4469-9ae3-07e849d7273d,2026-07-25T13:30:00Z,2026-07-25T15:30:00+0200,337.549,MW,DK2,DK_2,actual_solar_generation,Solar,2026-07-28T18:21:33Z
2026-07-28T18:18:08Z,2026-07-28T20:18:08+0200,139a36cd-3f66-4469-9ae3-07e849d7273d,2026-07-25T13:45:00Z,2026-07-25T15:45:00+0200,403.936,MW,DK2,DK_2,actual_solar_generation,Solar,2026-07-28T18:21:33Z
2026-07-28T18:18:08Z,2026-07-28T20:18:08+0200,139a36cd-3f66-4469-9ae3-07e849d7273d,2026-07-25T14:00:00Z,2026-07-25T16:00:00+0200,378.702,MW,DK2,DK_2,actual_solar_generation,Solar,2026-07-28T18:21:33Z
2026-07-28T18:18:08Z,2026-07-28T20:18:08+0200,139a36cd-3f66-4469-9ae3-07e849d7273d,2026-07-25T14:15:00Z,2026-07-25T16:15:00+0200,298.408,MW,DK2,DK_2,actual_solar_generation,Solar,2026-07-28T18:21:33Z
2026-07-28T18:18:08Z,2026-07-28T20:18:08+0200,139a36cd-3f66-4469-9ae3-07e849d7273d,2026-07-25T14:30:00Z,2026-07-25T16:30:00+0200,271.516,MW,DK2,DK_2,actual_solar_generation,Solar,2026-07-28T18:21:33Z
2026-07-28T18:18:08Z,2026-07-28T20:18:08+0200,139a36cd-3f66-4469-9ae3-07e849d7273d,2026-07-25T14:45:00Z,2026-07-25T16:45:00+0200,273.568,MW,DK2,DK_2,actual_solar_generation,Solar,2026-07-28T18:21:33Z
2026-07-28T18:18:08Z,2026-07-28T20:18:08+0200,139a36cd-3f66-4469-9ae3-07e849d7273d,2026-07-25T15:00:00Z,2026-07-25T17:00:00+0200,265.363,MW,DK2,DK_2,actual_solar_generation,Solar,2026-07-28T18:21:33Z
2026-07-28T18:18:08Z,2026-07-28T20:18:08+0200,139a36cd-3f66-4469-9ae3-07e849d7273d,2026-07-25T15:15:00Z,2026-07-25T17:15:00+0200,232.115,MW,DK2,DK_2,actual_solar_generation,Solar,2026-07-28T18:21:33Z
2026-07-28T18:18:08Z,2026-07-28T20:18:08+0200,139a36cd-3f66-4469-9ae3-07e849d7273d,2026-07-25T15:30:00Z,2026-07-25T17:30:00+0200,215.799,MW,DK2,DK_2,actual_solar_generation,Solar,2026-07-28T18:21:33Z
2026-07-28T18:18:08Z,2026-07-28T20:18:08+0200,139a36cd-3f66-4469-9ae3-07e849d7273d,2026-07-25T15:45:00Z,2026-07-25T17:45:00+0200,211.362,MW,DK2,DK_2,actual_solar_generation,Solar,2026-07-28T18:21:33Z
2026-07-28T18:18:08Z,2026-07-28T20:18:08+0200,139a36cd-3f66-4469-9ae3-07e849d7273d,2026-07-25T16:00:00Z,2026-07-25T18:00:00+0200,207.149,MW,DK2,DK_2,actual_solar_generation,Solar,2026-07-28T18:21:33Z
2026-07-28T18:18:08Z,2026-07-28T20:18:08+0200,139a36cd-3f66-4469-9ae3-07e849d7273d,2026-07-25T16:15:00Z,2026-07-25T18:15:00+0200,215.1,MW,DK2,DK_2,actual_solar_generation,Solar,2026-07-28T18:21:33Z
2026-07-28T18:18:08Z,2026-07-28T20:18:08+0200,139a36cd-3f66-4469-9ae3-07e849d7273d,2026-07-25T16:30:00Z,2026-07-25T18:30:00+0200,186.526,MW,DK2,DK_2,actual_solar_generation,Solar,2026-07-28T18:21:33Z
2026-07-28T18:18:08Z,2026-07-28T20:18:08+0200,139a36cd-3f66-4469-9ae3-07e849d7273d,2026-07-25T16:45:00Z,2026-07-25T18:45:00+0200,166.622,MW,DK2,DK_2,actual_solar_generation,Solar,2026-07-28T18:21:33Z
2026-07-28T18:18:08Z,2026-07-28T20:18:08+0200,139a36cd-3f66-4469-9ae3-07e849d7273d,2026-07-25T17:00:00Z,2026-07-25T19:00:00+0200,122.578,MW,DK2,DK_2,actual_solar_generation,Solar,2026-07-28T18:21:33Z
2026-07-28T18:18:08Z,2026-07-28T20:18:08+0200,139a36cd-3f66-4469-9ae3-07e849d7273d,2026-07-25T17:15:00Z,2026-07-25T19:15:00+0200,88.2733,MW,DK2,DK_2,actual_solar_generation,Solar,2026-07-28T18:21:33Z
2026-07-28T18:18:08Z,2026-07-28T20:18:08+0200,139a36cd-3f66-4469-9ae3-07e849d7273d,2026-07-25T17:30:00Z,2026-07-25T19:30:00+0200,74.6424,MW,DK2,DK_2,actual_solar_generation,Solar,2026-07-28T18:21:33Z
2026-07-28T18:18:08Z,2026-07-28T20:18:08+0200,139a36cd-3f66-4469-9ae3-07e849d7273d,2026-07-25T17:45:00Z,2026-07-25T19:45:00+0200,58.3086,MW,DK2,DK_2,actual_solar_generation,Solar,2026-07-28T18:21:33Z
2026-07-28T18:18:08Z,2026-07-28T20:18:08+0200,139a36cd-3f66-4469-9ae3-07e849d7273d,2026-07-25T18:00:00Z,2026-07-25T20:00:00+0200,43.8015,MW,DK2,DK_2,actual_solar_generation,Solar,2026-07-28T18:21:33Z
2026-07-28T18:18:08Z,2026-07-28T20:18:08+0200,139a36cd-3f66-4469-9ae3-07e849d7273d,2026-07-25T18:15:00Z,2026-07-25T20:15:00+0200,30.618,MW,DK2,DK_2,actual_solar_generation,Solar,2026-07-28T18:21:33Z
2026-07-28T18:18:08Z,2026-07-28T20:18:08+0200,139a36cd-3f66-4469-9ae3-07e849d7273d,2026-07-25T18:30:00Z,2026-07-25T20:30:00+0200,25.4966,MW,DK2,DK_2,actual_solar_generation,Solar,2026-07-28T18:21:33Z
2026-07-28T18:18:08Z,2026-07-28T20:18:08+0200,139a36cd-3f66-4469-9ae3-07e849d7273d,2026-07-25T18:45:00Z,2026-07-25T20:45:00+0200,17.2071,MW,DK2,DK_2,actual_solar_generation,Solar,2026-07-28T18:21:33Z
2026-07-28T18:18:08Z,2026-07-28T20:18:08+0200,139a36cd-3f66-4469-9ae3-07e849d7273d,2026-07-25T19:00:00Z,2026-07-25T21:00:00+0200,8.66504,MW,DK2,DK_2,actual_solar_generation,Solar,2026-07-28T18:21:33Z
2026-07-28T18:18:08Z,2026-07-28T20:18:08+0200,139a36cd-3f66-4469-9ae3-07e849d7273d,2026-07-25T19:15:00Z,2026-07-25T21:15:00+0200,1.76429,MW,DK2,DK_2,actual_solar_generation,Solar,2026-07-28T18:21:33Z
2026-07-28T18:18:08Z,2026-07-28T20:18:08+0200,139a36cd-3f66-4469-9ae3-07e849d7273d,2026-07-25T19:30:00Z,2026-07-25T21:30:00+0200,0.181018,MW,DK2,DK_2,actual_solar_generation,Solar,2026-07-28T18:21:33Z
2026-07-28T18:18:08Z,2026-07-28T20:18:08+0200,139a36cd-3f66-4469-9ae3-07e849d7273d,2026-07-25T19:45:00Z,2026-07-25T21:45:00+0200,0.089748,MW,DK2,DK_2,actual_solar_generation,Solar,2026-07-28T18:21:33Z
2026-07-28T18:18:08Z,2026-07-28T20:18:08+0200,139a36cd-3f66-4469-9ae3-07e849d7273d,2026-07-25T20:00:00Z,2026-07-25T22:00:00+0200,0.142776,MW,DK2,DK_2,actual_solar_generation,Solar,2026-07-28T18:21:33Z
2026-07-28T18:18:08Z,2026-07-28T20:18:08+0200,139a36cd-3f66-4469-9ae3-07e849d7273d,2026-07-25T20:15:00Z,2026-07-25T22:15:00+0200,0.220434,MW,DK2,DK_2,actual_solar_generation,Solar,2026-07-28T18:21:33Z
2026-07-28T18:18:08Z,2026-07-28T20:18:08+0200,139a36cd-3f66-4469-9ae3-07e849d7273d,2026-07-25T20:30:00Z,2026-07-25T22:30:00+0200,0.0,MW,DK2,DK_2,actual_solar_generation,Solar,2026-07-28T18:21:33Z
2026-07-28T18:18:08Z,2026-07-28T20:18:08+0200,139a36cd-3f66-4469-9ae3-07e849d7273d,2026-07-25T20:45:00Z,2026-07-25T22:45:00+0200,0.0,MW,DK2,DK_2,actual_solar_generation,Solar,2026-07-28T18:21:33Z
2026-07-28T18:18:08Z,2026-07-28T20:18:08+0200,139a36cd-3f66-4469-9ae3-07e849d7273d,2026-07-25T21:00:00Z,2026-07-25T23:00:00+0200,0.0,MW,DK2,DK_2,actual_solar_generation,Solar,2026-07-28T18:21:33Z
2026-07-28T18:18:08Z,2026-07-28T20:18:08+0200,139a36cd-3f66-4469-9ae3-07e849d7273d,2026-07-25T21:15:00Z,2026-07-25T23:15:00+0200,0.0,MW,DK2,DK_2,actual_solar_generation,Solar,2026-07-28T18:21:33Z
2026-07-28T18:18:08Z,2026-07-28T20:18:08+0200,139a36cd-3f66-4469-9ae3-07e849d7273d,2026-07-25T21:30:00Z,2026-07-25T23:30:00+0200,0.0,MW,DK2,DK_2,actual_solar_generation,Solar,2026-07-28T18:21:33Z
2026-07-28T18:18:08Z,2026-07-28T20:18:08+0200,139a36cd-3f66-4469-9ae3-07e849d7273d,2026-07-25T21:45:00Z,2026-07-25T23:45:00+0200,0.0,MW,DK2,DK_2,actual_solar_generation,Solar,2026-07-28T18:21:33Z
2026-07-28T18:18:08Z,2026-07-28T20:18:08+0200,139a36cd-3f66-4469-9ae3-07e849d7273d,2026-07-25T22:00:00Z,2026-07-26T00:00:00+0200,0.0,MW,DK2,DK_2,actual_solar_generation,Solar,2026-07-28T18:21:33Z
2026-07-28T18:18:08Z,2026-07-28T20:18:08+0200,139a36cd-3f66-4469-9ae3-07e849d7273d,2026-07-25T22:15:00Z,2026-07-26T00:15:00+0200,0.0,MW,DK2,DK_2,actual_solar_generation,Solar,2026-07-28T18:21:33Z
2026-07-28T18:18:08Z,2026-07-28T20:18:08+0200,139a36cd-3f66-4469-9ae3-07e849d7273d,2026-07-25T22:30:00Z,2026-07-26T00:30:00+0200,0.0,MW,DK2,DK_2,actual_solar_generation,Solar,2026-07-28T18:21:33Z
2026-07-28T18:18:08Z,2026-07-28T20:18:08+0200,139a36cd-3f66-4469-9ae3-07e849d7273d,2026-07-25T22:45:00Z,2026-07-26T00:45:00+0200,0.0,MW,DK2,DK_2,actual_solar_generation,Solar,2026-07-28T18:21:33Z
2026-07-28T18:18:08Z,2026-07-28T20:18:08+0200,139a36cd-3f66-4469-9ae3-07e849d7273d,2026-07-25T23:00:00Z,2026-07-26T01:00:00+0200,0.0,MW,DK2,DK_2,actual_solar_generation,Solar,2026-07-28T18:21:33Z
2026-07-28T18:18:08Z,2026-07-28T20:18:08+0200,139a36cd-3f66-4469-9ae3-07e849d7273d,2026-07-25T23:15:00Z,2026-07-26T01:15:00+0200,0.0,MW,DK2,DK_2,actual_solar_generation,Solar,2026-07-28T18:21:33Z
2026-07-28T18:18:08Z,2026-07-28T20:18:08+0200,139a36cd-3f66-4469-9ae3-07e849d7273d,2026-07-25T23:30:00Z,2026-07-26T01:30:00+0200,0.0,MW,DK2,DK_2,actual_solar_generation,Solar,2026-07-28T18:21:33Z
2026-07-28T18:18:08Z,2026-07-28T20:18:08+0200,139a36cd-3f66-4469-9ae3-07e849d7273d,2026-07-25T23:45:00Z,2026-07-26T01:45:00+0200,0.0,MW,DK2,DK_2,actual_solar_generation,Solar,2026-07-28T18:21:33Z
2026-07-28T18:18:08Z,2026-07-28T20:18:08+0200,139a36cd-3f66-4469-9ae3-07e849d7273d,2026-07-26T00:00:00Z,2026-07-26T02:00:00+0200,0.0,MW,DK2,DK_2,actual_solar_generation,Solar,2026-07-28T18:21:33Z
2026-07-28T18:18:08Z,2026-07-28T20:18:08+0200,139a36cd-3f66-4469-9ae3-07e849d7273d,2026-07-26T00:15:00Z,2026-07-26T02:15:00+0200,0.0,MW,DK2,DK_2,actual_solar_generation,Solar,2026-07-28T18:21:33Z
2026-07-28T18:18:08Z,2026-07-28T20:18:08+0200,139a36cd-3f66-4469-9ae3-07e849d7273d,2026-07-26T00:30:00Z,2026-07-26T02:30:00+0200,0.0,MW,DK2,DK_2,actual_solar_generation,Solar,2026-07-28T18:21:33Z
2026-07-28T18:18:08Z,2026-07-28T20:18:08+0200,139a36cd-3f66-4469-9ae3-07e849d7273d,2026-07-26T00:45:00Z,2026-07-26T02:45:00+0200,0.0,MW,DK2,DK_2,actual_solar_generation,Solar,2026-07-28T18:21:33Z
2026-07-28T18:18:08Z,2026-07-28T20:18:08+0200,139a36cd-3f66-4469-9ae3-07e849d7273d,2026-07-26T01:00:00Z,2026-07-26T03:00:00+0200,0.0,MW,DK2,DK_2,actual_solar_generation,Solar,2026-07-28T18:21:33Z
2026-07-28T18:18:08Z,2026-07-28T20:18:08+0200,139a36cd-3f66-4469-9ae3-07e849d7273d,2026-07-26T01:15:00Z,2026-07-26T03:15:00+0200,0.0,MW,DK2,DK_2,actual_solar_generation,Solar,2026-07-28T18:21:33Z
2026-07-28T18:18:08Z,2026-07-28T20:18:08+0200,139a36cd-3f66-4469-9ae3-07e849d7273d,2026-07-26T01:30:00Z,2026-07-26T03:30:00+0200,0.0,MW,DK2,DK_2,actual_solar_generation,Solar,2026-07-28T18:21:33Z
2026-07-28T18:18:08Z,2026-07-28T20:18:08+0200,139a36cd-3f66-4469-9ae3-07e849d7273d,2026-07-26T01:45:00Z,2026-07-26T03:45:00+0200,0.0,MW,DK2,DK_2,actual_solar_generation,Solar,2026-07-28T18:21:33Z
2026-07-28T18:18:08Z,2026-07-28T20:18:08+0200,139a36cd-3f66-4469-9ae3-07e849d7273d,2026-07-26T02:00:00Z,2026-07-26T04:00:00+0200,0.0,MW,DK2,DK_2,actual_solar_generation,Solar,2026-07-28T18:21:33Z
2026-07-28T18:18:08Z,2026-07-28T20:18:08+0200,139a36cd-3f66-4469-9ae3-07e849d7273d,2026-07-26T02:15:00Z,2026-07-26T04:15:00+0200,0.0,MW,DK2,DK_2,actual_solar_generation,Solar,2026-07-28T18:21:33Z
2026-07-28T18:18:08Z,2026-07-28T20:18:08+0200,139a36cd-3f66-4469-9ae3-07e849d7273d,2026-07-26T02:30:00Z,2026-07-26T04:30:00+0200,0.0,MW,DK2,DK_2,actual_solar_generation,Solar,2026-07-28T18:21:33Z
2026-07-28T18:18:08Z,2026-07-28T20:18:08+0200,139a36cd-3f66-4469-9ae3-07e849d7273d,2026-07-26T02:45:00Z,2026-07-26T04:45:00+0200,0.0,MW,DK2,DK_2,actual_solar_generation,Solar,2026-07-28T18:21:33Z
2026-07-28T18:18:08Z,2026-07-28T20:18:08+0200,139a36cd-3f66-4469-9ae3-07e849d7273d,2026-07-26T03:00:00Z,2026-07-26T05:00:00+0200,0.0,MW,DK2,DK_2,actual_solar_generation,Solar,2026-07-28T18:21:33Z
2026-07-28T18:18:08Z,2026-07-28T20:18:08+0200,139a36cd-3f66-4469-9ae3-07e849d7273d,2026-07-26T03:15:00Z,2026-07-26T05:15:00+0200,0.476977,MW,DK2,DK_2,actual_solar_generation,Solar,2026-07-28T18:21:33Z
2026-07-28T18:18:08Z,2026-07-28T20:18:08+0200,139a36cd-3f66-4469-9ae3-07e849d7273d,2026-07-26T03:30:00Z,2026-07-26T05:30:00+0200,3.01231,MW,DK2,DK_2,actual_solar_generation,Solar,2026-07-28T18:21:33Z
2026-07-28T18:18:08Z,2026-07-28T20:18:08+0200,139a36cd-3f66-4469-9ae3-07e849d7273d,2026-07-26T03:45:00Z,2026-07-26T05:45:00+0200,7.65856,MW,DK2,DK_2,actual_solar_generation,Solar,2026-07-28T18:21:33Z
2026-07-28T18:18:08Z,2026-07-28T20:18:08+0200,139a36cd-3f66-4469-9ae3-07e849d7273d,2026-07-26T04:00:00Z,2026-07-26T06:00:00+0200,18.8579,MW,DK2,DK_2,actual_solar_generation,Solar,2026-07-28T18:21:33Z
2026-07-28T18:18:08Z,2026-07-28T20:18:08+0200,139a36cd-3f66-4469-9ae3-07e849d7273d,2026-07-26T04:15:00Z,2026-07-26T06:15:00+0200,29.2355,MW,DK2,DK_2,actual_solar_generation,Solar,2026-07-28T18:21:33Z
2026-07-28T18:18:08Z,2026-07-28T20:18:08+0200,139a36cd-3f66-4469-9ae3-07e849d7273d,2026-07-26T04:30:00Z,2026-07-26T06:30:00+0200,46.4742,MW,DK2,DK_2,actual_solar_generation,Solar,2026-07-28T18:21:33Z
2026-07-28T18:18:08Z,2026-07-28T20:18:08+0200,139a36cd-3f66-4469-9ae3-07e849d7273d,2026-07-26T04:45:00Z,2026-07-26T06:45:00+0200,63.1917,MW,DK2,DK_2,actual_solar_generation,Solar,2026-07-28T18:21:33Z
2026-07-28T18:18:08Z,2026-07-28T20:18:08+0200,139a36cd-3f66-4469-9ae3-07e849d7273d,2026-07-26T05:00:00Z,2026-07-26T07:00:00+0200,85.2757,MW,DK2,DK_2,actual_solar_generation,Solar,2026-07-28T18:21:33Z
2026-07-28T18:18:08Z,2026-07-28T20:18:08+0200,139a36cd-3f66-4469-9ae3-07e849d7273d,2026-07-26T05:15:00Z,2026-07-26T07:15:00+0200,106.704,MW,DK2,DK_2,actual_solar_generation,Solar,2026-07-28T18:21:33Z
2026-07-28T18:18:08Z,2026-07-28T20:18:08+0200,139a36cd-3f66-4469-9ae3-07e849d7273d,2026-07-26T05:30:00Z,2026-07-26T07:30:00+0200,120.923,MW,DK2,DK_2,actual_solar_generation,Solar,2026-07-28T18:21:33Z
2026-07-28T18:18:08Z,2026-07-28T20:18:08+0200,139a36cd-3f66-4469-9ae3-07e849d7273d,2026-07-26T05:45:00Z,2026-07-26T07:45:00+0200,117.48,MW,DK2,DK_2,actual_solar_generation,Solar,2026-07-28T18:21:33Z
2026-07-28T18:18:08Z,2026-07-28T20:18:08+0200,139a36cd-3f66-4469-9ae3-07e849d7273d,2026-07-26T06:00:00Z,2026-07-26T08:00:00+0200,145.439,MW,DK2,DK_2,actual_solar_generation,Solar,2026-07-28T18:21:33Z
2026-07-28T18:18:08Z,2026-07-28T20:18:08+0200,139a36cd-3f66-4469-9ae3-07e849d7273d,2026-07-26T06:15:00Z,2026-07-26T08:15:00+0200,163.27,MW,DK2,DK_2,actual_solar_generation,Solar,2026-07-28T18:21:33Z
2026-07-28T18:18:08Z,2026-07-28T20:18:08+0200,139a36cd-3f66-4469-9ae3-07e849d7273d,2026-07-26T06:30:00Z,2026-07-26T08:30:00+0200,181.535,MW,DK2,DK_2,actual_solar_generation,Solar,2026-07-28T18:21:33Z
2026-07-28T18:18:08Z,2026-07-28T20:18:08+0200,139a36cd-3f66-4469-9ae3-07e849d7273d,2026-07-26T06:45:00Z,2026-07-26T08:45:00+0200,214.168,MW,DK2,DK_2,actual_solar_generation,Solar,2026-07-28T18:21:33Z
2026-07-28T18:18:08Z,2026-07-28T20:18:08+0200,139a36cd-3f66-4469-9ae3-07e849d7273d,2026-07-26T07:00:00Z,2026-07-26T09:00:00+0200,255.596,MW,DK2,DK_2,actual_solar_generation,Solar,2026-07-28T18:21:33Z
2026-07-28T18:18:08Z,2026-07-28T20:18:08+0200,139a36cd-3f66-4469-9ae3-07e849d7273d,2026-07-26T07:15:00Z,2026-07-26T09:15:00+0200,301.671,MW,DK2,DK_2,actual_solar_generation,Solar,2026-07-28T18:21:33Z
2026-07-28T18:18:08Z,2026-07-28T20:18:08+0200,139a36cd-3f66-4469-9ae3-07e849d7273d,2026-07-26T07:30:00Z,2026-07-26T09:30:00+0200,343.59,MW,DK2,DK_2,actual_solar_generation,Solar,2026-07-28T18:21:33Z
2026-07-28T18:18:08Z,2026-07-28T20:18:08+0200,139a36cd-3f66-4469-9ae3-07e849d7273d,2026-07-26T07:45:00Z,2026-07-26T09:45:00+0200,340.125,MW,DK2,DK_2,actual_solar_generation,Solar,2026-07-28T18:21:33Z
2026-07-28T18:18:08Z,2026-07-28T20:18:08+0200,139a36cd-3f66-4469-9ae3-07e849d7273d,2026-07-26T08:00:00Z,2026-07-26T10:00:00+0200,341.55,MW,DK2,DK_2,actual_solar_generation,Solar,2026-07-28T18:21:33Z
2026-07-28T18:18:08Z,2026-07-28T20:18:08+0200,139a36cd-3f66-4469-9ae3-07e849d7273d,2026-07-26T08:15:00Z,2026-07-26T10:15:00+0200,359.083,MW,DK2,DK_2,actual_solar_generation,Solar,2026-07-28T18:21:33Z
2026-07-28T18:18:08Z,2026-07-28T20:18:08+0200,139a36cd-3f66-4469-9ae3-07e849d7273d,2026-07-26T08:30:00Z,2026-07-26T10:30:00+0200,367.983,MW,DK2,DK_2,actual_solar_generation,Solar,2026-07-28T18:21:33Z
2026-07-28T18:18:08Z,2026-07-28T20:18:08+0200,139a36cd-3f66-4469-9ae3-07e849d7273d,2026-07-26T08:45:00Z,2026-07-26T10:45:00+0200,371.065,MW,DK2,DK_2,actual_solar_generation,Solar,2026-07-28T18:21:33Z
2026-07-28T18:18:08Z,2026-07-28T20:18:08+0200,139a36cd-3f66-4469-9ae3-07e849d7273d,2026-07-26T09:00:00Z,2026-07-26T11:00:00+0200,359.539,MW,DK2,DK_2,actual_solar_generation,Solar,2026-07-28T18:21:33Z
2026-07-28T18:18:08Z,2026-07-28T20:18:08+0200,139a36cd-3f66-4469-9ae3-07e849d7273d,2026-07-26T09:15:00Z,2026-07-26T11:15:00+0200,378.87,MW,DK2,DK_2,actual_solar_generation,Solar,2026-07-28T18:21:33Z
2026-07-28T18:18:08Z,2026-07-28T20:18:08+0200,139a36cd-3f66-4469-9ae3-07e849d7273d,2026-07-26T09:30:00Z,2026-07-26T11:30:00+0200,350.485,MW,DK2,DK_2,actual_solar_generation,Solar,2026-07-28T18:21:33Z
2026-07-28T18:18:08Z,2026-07-28T20:18:08+0200,139a36cd-3f66-4469-9ae3-07e849d7273d,2026-07-26T09:45:00Z,2026-07-26T11:45:00+0200,317.076,MW,DK2,DK_2,actual_solar_generation,Solar,2026-07-28T18:21:33Z
2026-07-28T18:18:08Z,2026-07-28T20:18:08+0200,139a36cd-3f66-4469-9ae3-07e849d7273d,2026-07-26T10:00:00Z,2026-07-26T12:00:00+0200,265.678,MW,DK2,DK_2,actual_solar_generation,Solar,2026-07-28T18:21:33Z
2026-07-28T18:18:08Z,2026-07-28T20:18:08+0200,139a36cd-3f66-4469-9ae3-07e849d7273d,2026-07-26T10:15:00Z,2026-07-26T12:15:00+0200,230.476,MW,DK2,DK_2,actual_solar_generation,Solar,2026-07-28T18:21:33Z
2026-07-28T18:18:08Z,2026-07-28T20:18:08+0200,139a36cd-3f66-4469-9ae3-07e849d7273d,2026-07-26T10:30:00Z,2026-07-26T12:30:00+0200,240.742,MW,DK2,DK_2,actual_solar_generation,Solar,2026-07-28T18:21:33Z
2026-07-28T18:18:08Z,2026-07-28T20:18:08+0200,139a36cd-3f66-4469-9ae3-07e849d7273d,2026-07-26T10:45:00Z,2026-07-26T12:45:00+0200,284.683,MW,DK2,DK_2,actual_solar_generation,Solar,2026-07-28T18:21:33Z
2026-07-28T18:18:08Z,2026-07-28T20:18:08+0200,139a36cd-3f66-4469-9ae3-07e849d7273d,2026-07-26T11:00:00Z,2026-07-26T13:00:00+0200,313.139,MW,DK2,DK_2,actual_solar_generation,Solar,2026-07-28T18:21:33Z
2026-07-28T18:18:08Z,2026-07-28T20:18:08+0200,139a36cd-3f66-4469-9ae3-07e849d7273d,2026-07-26T11:15:00Z,2026-07-26T13:15:00+0200,286.595,MW,DK2,DK_2,actual_solar_generation,Solar,2026-07-28T18:21:33Z
2026-07-28T18:18:08Z,2026-07-28T20:18:08+0200,139a36cd-3f66-4469-9ae3-07e849d7273d,2026-07-26T11:30:00Z,2026-07-26T13:30:00+0200,324.425,MW,DK2,DK_2,actual_solar_generation,Solar,2026-07-28T18:21:33Z
2026-07-28T18:18:08Z,2026-07-28T20:18:08+0200,139a36cd-3f66-4469-9ae3-07e849d7273d,2026-07-26T11:45:00Z,2026-07-26T13:45:00+0200,310.745,MW,DK2,DK_2,actual_solar_generation,Solar,2026-07-28T18:21:33Z
2026-07-28T18:18:08Z,2026-07-28T20:18:08+0200,139a36cd-3f66-4469-9ae3-07e849d7273d,2026-07-26T12:00:00Z,2026-07-26T14:00:00+0200,260.714,MW,DK2,DK_2,actual_solar_generation,Solar,2026-07-28T18:21:33Z
2026-07-28T18:18:08Z,2026-07-28T20:18:08+0200,139a36cd-3f66-4469-9ae3-07e849d7273d,2026-07-26T12:15:00Z,2026-07-26T14:15:00+0200,279.36,MW,DK2,DK_2,actual_solar_generation,Solar,2026-07-28T18:21:33Z
2026-07-28T18:18:08Z,2026-07-28T20:18:08+0200,139a36cd-3f66-4469-9ae3-07e849d7273d,2026-07-26T12:30:00Z,2026-07-26T14:30:00+0200,282.895,MW,DK2,DK_2,actual_solar_generation,Solar,2026-07-28T18:21:33Z
2026-07-28T18:18:08Z,2026-07-28T20:18:08+0200,139a36cd-3f66-4469-9ae3-07e849d7273d,2026-07-26T12:45:00Z,2026-07-26T14:45:00+0200,266.376,MW,DK2,DK_2,actual_solar_generation,Solar,2026-07-28T18:21:33Z
2026-07-28T18:18:08Z,2026-07-28T20:18:08+0200,139a36cd-3f66-4469-9ae3-07e849d7273d,2026-07-26T13:00:00Z,2026-07-26T15:00:00+0200,278.03,MW,DK2,DK_2,actual_solar_generation,Solar,2026-07-28T18:21:33Z
2026-07-28T18:18:08Z,2026-07-28T20:18:08+0200,139a36cd-3f66-4469-9ae3-07e849d7273d,2026-07-26T13:15:00Z,2026-07-26T15:15:00+0200,302.573,MW,DK2,DK_2,actual_solar_generation,Solar,2026-07-28T18:21:33Z
2026-07-28T18:18:08Z,2026-07-28T20:18:08+0200,139a36cd-3f66-4469-9ae3-07e849d7273d,2026-07-26T13:30:00Z,2026-07-26T15:30:00+0200,321.036,MW,DK2,DK_2,actual_solar_generation,Solar,2026-07-28T18:21:33Z
2026-07-28T18:18:08Z,2026-07-28T20:18:08+0200,139a36cd-3f66-4469-9ae3-07e849d7273d,2026-07-26T13:45:00Z,2026-07-26T15:45:00+0200,309.903,MW,DK2,DK_2,actual_solar_generation,Solar,2026-07-28T18:21:33Z
2026-07-28T18:18:08Z,2026-07-28T20:18:08+0200,139a36cd-3f66-4469-9ae3-07e849d7273d,2026-07-26T14:00:00Z,2026-07-26T16:00:00+0200,338.108,MW,DK2,DK_2,actual_solar_generation,Solar,2026-07-28T18:21:33Z
2026-07-28T18:18:08Z,2026-07-28T20:18:08+0200,139a36cd-3f66-4469-9ae3-07e849d7273d,2026-07-26T14:15:00Z,2026-07-26T16:15:00+0200,328.201,MW,DK2,DK_2,actual_solar_generation,Solar,2026-07-28T18:21:33Z
2026-07-28T18:18:08Z,2026-07-28T20:18:08+0200,139a36cd-3f66-4469-9ae3-07e849d7273d,2026-07-26T14:30:00Z,2026-07-26T16:30:00+0200,298.886,MW,DK2,DK_2,actual_solar_generation,Solar,2026-07-28T18:21:33Z
2026-07-28T18:18:08Z,2026-07-28T20:18:08+0200,139a36cd-3f66-4469-9ae3-07e849d7273d,2026-07-26T14:45:00Z,2026-07-26T16:45:00+0200,296.925,MW,DK2,DK_2,actual_solar_generation,Solar,2026-07-28T18:21:33Z
2026-07-28T18:18:08Z,2026-07-28T20:18:08+0200,139a36cd-3f66-4469-9ae3-07e849d7273d,2026-07-26T15:00:00Z,2026-07-26T17:00:00+0200,291.785,MW,DK2,DK_2,actual_solar_generation,Solar,2026-07-28T18:21:33Z
2026-07-28T18:18:08Z,2026-07-28T20:18:08+0200,139a36cd-3f66-4469-9ae3-07e849d7273d,2026-07-26T15:15:00Z,2026-07-26T17:15:00+0200,253.856,MW,DK2,DK_2,actual_solar_generation,Solar,2026-07-28T18:21:33Z
2026-07-28T18:18:08Z,2026-07-28T20:18:08+0200,139a36cd-3f66-4469-9ae3-07e849d7273d,2026-07-26T15:30:00Z,2026-07-26T17:30:00+0200,202.055,MW,DK2,DK_2,actual_solar_generation,Solar,2026-07-28T18:21:33Z
2026-07-28T18:18:08Z,2026-07-28T20:18:08+0200,139a36cd-3f66-4469-9ae3-07e849d7273d,2026-07-26T15:45:00Z,2026-07-26T17:45:00+0200,194.966,MW,DK2,DK_2,actual_solar_generation,Solar,2026-07-28T18:21:33Z
2026-07-28T18:18:08Z,2026-07-28T20:18:08+0200,139a36cd-3f66-4469-9ae3-07e849d7273d,2026-07-26T16:00:00Z,2026-07-26T18:00:00+0200,219.474,MW,DK2,DK_2,actual_solar_generation,Solar,2026-07-28T18:21:33Z
2026-07-28T18:18:08Z,2026-07-28T20:18:08+0200,139a36cd-3f66-4469-9ae3-07e849d7273d,2026-07-26T16:15:00Z,2026-07-26T18:15:00+0200,180.538,MW,DK2,DK_2,actual_solar_generation,Solar,2026-07-28T18:21:33Z
2026-07-28T18:18:08Z,2026-07-28T20:18:08+0200,139a36cd-3f66-4469-9ae3-07e849d7273d,2026-07-26T16:30:00Z,2026-07-26T18:30:00+0200,160.899,MW,DK2,DK_2,actual_solar_generation,Solar,2026-07-28T18:21:33Z
2026-07-28T18:18:08Z,2026-07-28T20:18:08+0200,139a36cd-3f66-4469-9ae3-07e849d7273d,2026-07-26T16:45:00Z,2026-07-26T18:45:00+0200,123.566,MW,DK2,DK_2,actual_solar_generation,Solar,2026-07-28T18:21:33Z
2026-07-28T18:18:08Z,2026-07-28T20:18:08+0200,139a36cd-3f66-4469-9ae3-07e849d7273d,2026-07-26T17:00:00Z,2026-07-26T19:00:00+0200,86.9466,MW,DK2,DK_2,actual_solar_generation,Solar,2026-07-28T18:21:33Z
2026-07-28T18:18:08Z,2026-07-28T20:18:08+0200,139a36cd-3f66-4469-9ae3-07e849d7273d,2026-07-26T17:15:00Z,2026-07-26T19:15:00+0200,61.6763,MW,DK2,DK_2,actual_solar_generation,Solar,2026-07-28T18:21:33Z
2026-07-28T18:18:08Z,2026-07-28T20:18:08+0200,139a36cd-3f66-4469-9ae3-07e849d7273d,2026-07-26T17:30:00Z,2026-07-26T19:30:00+0200,53.7588,MW,DK2,DK_2,actual_solar_generation,Solar,2026-07-28T18:21:33Z
2026-07-28T18:18:08Z,2026-07-28T20:18:08+0200,139a36cd-3f66-4469-9ae3-07e849d7273d,2026-07-26T17:45:00Z,2026-07-26T19:45:00+0200,36.9261,MW,DK2,DK_2,actual_solar_generation,Solar,2026-07-28T18:21:33Z
2026-07-28T18:18:08Z,2026-07-28T20:18:08+0200,139a36cd-3f66-4469-9ae3-07e849d7273d,2026-07-26T18:00:00Z,2026-07-26T20:00:00+0200,28.1931,MW,DK2,DK_2,actual_solar_generation,Solar,2026-07-28T18:21:33Z
2026-07-28T18:18:08Z,2026-07-28T20:18:08+0200,139a36cd-3f66-4469-9ae3-07e849d7273d,2026-07-26T18:15:00Z,2026-07-26T20:15:00+0200,19.0372,MW,DK2,DK_2,actual_solar_generation,Solar,2026-07-28T18:21:33Z
2026-07-28T18:18:08Z,2026-07-28T20:18:08+0200,139a36cd-3f66-4469-9ae3-07e849d7273d,2026-07-26T18:30:00Z,2026-07-26T20:30:00+0200,11.9715,MW,DK2,DK_2,actual_solar_generation,Solar,2026-07-28T18:21:33Z
2026-07-28T18:18:08Z,2026-07-28T20:18:08+0200,139a36cd-3f66-4469-9ae3-07e849d7273d,2026-07-26T18:45:00Z,2026-07-26T20:45:00+0200,7.30824,MW,DK2,DK_2,actual_solar_generation,Solar,2026-07-28T18:21:33Z
2026-07-28T18:18:08Z,2026-07-28T20:18:08+0200,139a36cd-3f66-4469-9ae3-07e849d7273d,2026-07-26T19:00:00Z,2026-07-26T21:00:00+0200,4.5496,MW,DK2,DK_2,actual_solar_generation,Solar,2026-07-28T18:21:33Z
2026-07-28T18:18:08Z,2026-07-28T20:18:08+0200,139a36cd-3f66-4469-9ae3-07e849d7273d,2026-07-26T19:15:00Z,2026-07-26T21:15:00+0200,0.513124,MW,DK2,DK_2,actual_solar_generation,Solar,2026-07-28T18:21:33Z
2026-07-28T18:18:08Z,2026-07-28T20:18:08+0200,139a36cd-3f66-4469-9ae3-07e849d7273d,2026-07-26T19:30:00Z,2026-07-26T21:30:00+0200,0.074821,MW,DK2,DK_2,actual_solar_generation,Solar,2026-07-28T18:21:33Z
2026-07-28T18:18:08Z,2026-07-28T20:18:08+0200,139a36cd-3f66-4469-9ae3-07e849d7273d,2026-07-26T19:45:00Z,2026-07-26T21:45:00+0200,0.269825,MW,DK2,DK_2,actual_solar_generation,Solar,2026-07-28T18:21:33Z
2026-07-28T18:18:08Z,2026-07-28T20:18:08+0200,139a36cd-3f66-4469-9ae3-07e849d7273d,2026-07-26T20:00:00Z,2026-07-26T22:00:00+0200,0.312035,MW,DK2,DK_2,actual_solar_generation,Solar,2026-07-28T18:21:33Z
2026-07-28T18:18:08Z,2026-07-28T20:18:08+0200,139a36cd-3f66-4469-9ae3-07e849d7273d,2026-07-26T20:15:00Z,2026-07-26T22:15:00+0200,0.321496,MW,DK2,DK_2,actual_solar_generation,Solar,2026-07-28T18:21:33Z
2026-07-28T18:18:08Z,2026-07-28T20:18:08+0200,139a36cd-3f66-4469-9ae3-07e849d7273d,2026-07-26T20:30:00Z,2026-07-26T22:30:00+0200,0.332986,MW,DK2,DK_2,actual_solar_generation,Solar,2026-07-28T18:21:33Z
2026-07-28T18:18:08Z,2026-07-28T20:18:08+0200,139a36cd-3f66-4469-9ae3-07e849d7273d,2026-07-26T20:45:00Z,2026-07-26T22:45:00+0200,0.0,MW,DK2,DK_2,actual_solar_generation,Solar,2026-07-28T18:21:33Z
2026-07-28T18:18:08Z,2026-07-28T20:18:08+0200,139a36cd-3f66-4469-9ae3-07e849d7273d,2026-07-26T21:00:00Z,2026-07-26T23:00:00+0200,0.0,MW,DK2,DK_2,actual_solar_generation,Solar,2026-07-28T18:21:33Z
2026-07-28T18:18:08Z,2026-07-28T20:18:08+0200,139a36cd-3f66-4469-9ae3-07e849d7273d,2026-07-26T21:15:00Z,2026-07-26T23:15:00+0200,0.0,MW,DK2,DK_2,actual_solar_generation,Solar,2026-07-28T18:21:33Z
2026-07-28T18:18:08Z,2026-07-28T20:18:08+0200,139a36cd-3f66-4469-9ae3-07e849d7273d,2026-07-26T21:30:00Z,2026-07-26T23:30:00+0200,0.0,MW,DK2,DK_2,actual_solar_generation,Solar,2026-07-28T18:21:33Z
2026-07-28T18:18:08Z,2026-07-28T20:18:08+0200,139a36cd-3f66-4469-9ae3-07e849d7273d,2026-07-26T21:45:00Z,2026-07-26T23:45:00+0200,0.0,MW,DK2,DK_2,actual_solar_generation,Solar,2026-07-28T18:21:33Z
2026-07-28T18:18:08Z,2026-07-28T20:18:08+0200,139a36cd-3f66-4469-9ae3-07e849d7273d,2026-07-26T22:00:00Z,2026-07-27T00:00:00+0200,0.0,MW,DK2,DK_2,actual_solar_generation,Solar,2026-07-28T18:21:33Z
2026-07-28T18:18:08Z,2026-07-28T20:18:08+0200,139a36cd-3f66-4469-9ae3-07e849d7273d,2026-07-26T22:15:00Z,2026-07-27T00:15:00+0200,0.0,MW,DK2,DK_2,actual_solar_generation,Solar,2026-07-28T18:21:33Z
2026-07-28T18:18:08Z,2026-07-28T20:18:08+0200,139a36cd-3f66-4469-9ae3-07e849d7273d,2026-07-26T22:30:00Z,2026-07-27T00:30:00+0200,0.0,MW,DK2,DK_2,actual_solar_generation,Solar,2026-07-28T18:21:33Z
2026-07-28T18:18:08Z,2026-07-28T20:18:08+0200,139a36cd-3f66-4469-9ae3-07e849d7273d,2026-07-26T22:45:00Z,2026-07-27T00:45:00+0200,0.0,MW,DK2,DK_2,actual_solar_generation,Solar,2026-07-28T18:21:33Z
2026-07-28T18:18:08Z,2026-07-28T20:18:08+0200,139a36cd-3f66-4469-9ae3-07e849d7273d,2026-07-26T23:00:00Z,2026-07-27T01:00:00+0200,0.0,MW,DK2,DK_2,actual_solar_generation,Solar,2026-07-28T18:21:33Z
2026-07-28T18:18:08Z,2026-07-28T20:18:08+0200,139a36cd-3f66-4469-9ae3-07e849d7273d,2026-07-26T23:15:00Z,2026-07-27T01:15:00+0200,0.0,MW,DK2,DK_2,actual_solar_generation,Solar,2026-07-28T18:21:33Z
2026-07-28T18:18:08Z,2026-07-28T20:18:08+0200,139a36cd-3f66-4469-9ae3-07e849d7273d,2026-07-26T23:30:00Z,2026-07-27T01:30:00+0200,0.0,MW,DK2,DK_2,actual_solar_generation,Solar,2026-07-28T18:21:33Z
2026-07-28T18:18:08Z,2026-07-28T20:18:08+0200,139a36cd-3f66-4469-9ae3-07e849d7273d,2026-07-26T23:45:00Z,2026-07-27T01:45:00+0200,0.0,MW,DK2,DK_2,actual_solar_generation,Solar,2026-07-28T18:21:33Z
2026-07-28T18:18:08Z,2026-07-28T20:18:08+0200,139a36cd-3f66-4469-9ae3-07e849d7273d,2026-07-27T00:00:00Z,2026-07-27T02:00:00+0200,0.0,MW,DK2,DK_2,actual_solar_generation,Solar,2026-07-28T18:21:33Z
2026-07-28T18:18:08Z,2026-07-28T20:18:08+0200,139a36cd-3f66-4469-9ae3-07e849d7273d,2026-07-27T00:15:00Z,2026-07-27T02:15:00+0200,0.0,MW,DK2,DK_2,actual_solar_generation,Solar,2026-07-28T18:21:33Z
2026-07-28T18:18:08Z,2026-07-28T20:18:08+0200,139a36cd-3f66-4469-9ae3-07e849d7273d,2026-07-27T00:30:00Z,2026-07-27T02:30:00+0200,0.0,MW,DK2,DK_2,actual_solar_generation,Solar,2026-07-28T18:21:33Z
2026-07-28T18:18:08Z,2026-07-28T20:18:08+0200,139a36cd-3f66-4469-9ae3-07e849d7273d,2026-07-27T00:45:00Z,2026-07-27T02:45:00+0200,0.0,MW,DK2,DK_2,actual_solar_generation,Solar,2026-07-28T18:21:33Z
2026-07-28T18:18:08Z,2026-07-28T20:18:08+0200,139a36cd-3f66-4469-9ae3-07e849d7273d,2026-07-27T01:00:00Z,2026-07-27T03:00:00+0200,0.0,MW,DK2,DK_2,actual_solar_generation,Solar,2026-07-28T18:21:33Z
2026-07-28T18:18:08Z,2026-07-28T20:18:08+0200,139a36cd-3f66-4469-9ae3-07e849d7273d,2026-07-27T01:15:00Z,2026-07-27T03:15:00+0200,0.0,MW,DK2,DK_2,actual_solar_generation,Solar,2026-07-28T18:21:33Z
2026-07-28T18:18:08Z,2026-07-28T20:18:08+0200,139a36cd-3f66-4469-9ae3-07e849d7273d,2026-07-27T01:30:00Z,2026-07-27T03:30:00+0200,0.0,MW,DK2,DK_2,actual_solar_generation,Solar,2026-07-28T18:21:33Z
2026-07-28T18:18:08Z,2026-07-28T20:18:08+0200,139a36cd-3f66-4469-9ae3-07e849d7273d,2026-07-27T01:45:00Z,2026-07-27T03:45:00+0200,0.0,MW,DK2,DK_2,actual_solar_generation,Solar,2026-07-28T18:21:33Z
2026-07-28T18:18:08Z,2026-07-28T20:18:08+0200,139a36cd-3f66-4469-9ae3-07e849d7273d,2026-07-27T02:00:00Z,2026-07-27T04:00:00+0200,0.0,MW,DK2,DK_2,actual_solar_generation,Solar,2026-07-28T18:21:33Z
2026-07-28T18:18:08Z,2026-07-28T20:18:08+0200,139a36cd-3f66-4469-9ae3-07e849d7273d,2026-07-27T02:15:00Z,2026-07-27T04:15:00+0200,0.0,MW,DK2,DK_2,actual_solar_generation,Solar,2026-07-28T18:21:33Z
2026-07-28T18:18:08Z,2026-07-28T20:18:08+0200,139a36cd-3f66-4469-9ae3-07e849d7273d,2026-07-27T02:30:00Z,2026-07-27T04:30:00+0200,0.0,MW,DK2,DK_2,actual_solar_generation,Solar,2026-07-28T18:21:33Z
2026-07-28T18:18:08Z,2026-07-28T20:18:08+0200,139a36cd-3f66-4469-9ae3-07e849d7273d,2026-07-27T02:45:00Z,2026-07-27T04:45:00+0200,0.0,MW,DK2,DK_2,actual_solar_generation,Solar,2026-07-28T18:21:33Z
2026-07-28T18:18:08Z,2026-07-28T20:18:08+0200,139a36cd-3f66-4469-9ae3-07e849d7273d,2026-07-27T03:00:00Z,2026-07-27T05:00:00+0200,0.0,MW,DK2,DK_2,actual_solar_generation,Solar,2026-07-28T18:21:33Z
2026-07-28T18:18:08Z,2026-07-28T20:18:08+0200,139a36cd-3f66-4469-9ae3-07e849d7273d,2026-07-27T03:15:00Z,2026-07-27T05:15:00+0200,0.0,MW,DK2,DK_2,actual_solar_generation,Solar,2026-07-28T18:21:33Z
2026-07-28T18:18:08Z,2026-07-28T20:18:08+0200,139a36cd-3f66-4469-9ae3-07e849d7273d,2026-07-27T03:30:00Z,2026-07-27T05:30:00+0200,4.1599,MW,DK2,DK_2,actual_solar_generation,Solar,2026-07-28T18:21:33Z
2026-07-28T18:18:08Z,2026-07-28T20:18:08+0200,139a36cd-3f66-4469-9ae3-07e849d7273d,2026-07-27T03:45:00Z,2026-07-27T05:45:00+0200,11.4182,MW,DK2,DK_2,actual_solar_generation,Solar,2026-07-28T18:21:33Z
2026-07-28T18:18:08Z,2026-07-28T20:18:08+0200,139a36cd-3f66-4469-9ae3-07e849d7273d,2026-07-27T04:00:00Z,2026-07-27T06:00:00+0200,24.7423,MW,DK2,DK_2,actual_solar_generation,Solar,2026-07-28T18:21:33Z
2026-07-28T18:18:08Z,2026-07-28T20:18:08+0200,139a36cd-3f66-4469-9ae3-07e849d7273d,2026-07-27T04:15:00Z,2026-07-27T06:15:00+0200,44.081,MW,DK2,DK_2,actual_solar_generation,Solar,2026-07-28T18:21:33Z
2026-07-28T18:18:08Z,2026-07-28T20:18:08+0200,139a36cd-3f66-4469-9ae3-07e849d7273d,2026-07-27T04:30:00Z,2026-07-27T06:30:00+0200,63.1149,MW,DK2,DK_2,actual_solar_generation,Solar,2026-07-28T18:21:33Z
2026-07-28T18:18:08Z,2026-07-28T20:18:08+0200,139a36cd-3f66-4469-9ae3-07e849d7273d,2026-07-27T04:45:00Z,2026-07-27T06:45:00+0200,85.4624,MW,DK2,DK_2,actual_solar_generation,Solar,2026-07-28T18:21:33Z
2026-07-28T18:18:08Z,2026-07-28T20:18:08+0200,139a36cd-3f66-4469-9ae3-07e849d7273d,2026-07-27T05:00:00Z,2026-07-27T07:00:00+0200,146.927,MW,DK2,DK_2,actual_solar_generation,Solar,2026-07-28T18:21:33Z
2026-07-28T18:18:08Z,2026-07-28T20:18:08+0200,139a36cd-3f66-4469-9ae3-07e849d7273d,2026-07-27T05:15:00Z,2026-07-27T07:15:00+0200,210.291,MW,DK2,DK_2,actual_solar_generation,Solar,2026-07-28T18:21:33Z
2026-07-28T18:18:08Z,2026-07-28T20:18:08+0200,139a36cd-3f66-4469-9ae3-07e849d7273d,2026-07-27T05:30:00Z,2026-07-27T07:30:00+0200,270.341,MW,DK2,DK_2,actual_solar_generation,Solar,2026-07-28T18:21:33Z
2026-07-28T18:18:08Z,2026-07-28T20:18:08+0200,139a36cd-3f66-4469-9ae3-07e849d7273d,2026-07-27T05:45:00Z,2026-07-27T07:45:00+0200,344.578,MW,DK2,DK_2,actual_solar_generation,Solar,2026-07-28T18:21:33Z
2026-07-28T18:18:08Z,2026-07-28T20:18:08+0200,139a36cd-3f66-4469-9ae3-07e849d7273d,2026-07-27T06:00:00Z,2026-07-27T08:00:00+0200,411.442,MW,DK2,DK_2,actual_solar_generation,Solar,2026-07-28T18:21:33Z
2026-07-28T18:18:08Z,2026-07-28T20:18:08+0200,139a36cd-3f66-4469-9ae3-07e849d7273d,2026-07-27T06:15:00Z,2026-07-27T08:15:00+0200,482.523,MW,DK2,DK_2,actual_solar_generation,Solar,2026-07-28T18:21:33Z
2026-07-28T18:18:08Z,2026-07-28T20:18:08+0200,139a36cd-3f66-4469-9ae3-07e849d7273d,2026-07-27T06:30:00Z,2026-07-27T08:30:00+0200,522.888,MW,DK2,DK_2,actual_solar_generation,Solar,2026-07-28T18:21:33Z
2026-07-28T18:18:08Z,2026-07-28T20:18:08+0200,139a36cd-3f66-4469-9ae3-07e849d7273d,2026-07-27T06:45:00Z,2026-07-27T08:45:00+0200,599.042,MW,DK2,DK_2,actual_solar_generation,Solar,2026-07-28T18:21:33Z
2026-07-28T18:18:08Z,2026-07-28T20:18:08+0200,139a36cd-3f66-4469-9ae3-07e849d7273d,2026-07-27T07:00:00Z,2026-07-27T09:00:00+0200,518.177,MW,DK2,DK_2,actual_solar_generation,Solar,2026-07-28T18:21:33Z
2026-07-28T18:18:08Z,2026-07-28T20:18:08+0200,139a36cd-3f66-4469-9ae3-07e849d7273d,2026-07-27T07:15:00Z,2026-07-27T09:15:00+0200,541.112,MW,DK2,DK_2,actual_solar_generation,Solar,2026-07-28T18:21:33Z
2026-07-28T18:18:08Z,2026-07-28T20:18:08+0200,139a36cd-3f66-4469-9ae3-07e849d7273d,2026-07-27T07:30:00Z,2026-07-27T09:30:00+0200,608.485,MW,DK2,DK_2,actual_solar_generation,Solar,2026-07-28T18:21:33Z
2026-07-28T18:18:08Z,2026-07-28T20:18:08+0200,139a36cd-3f66-4469-9ae3-07e849d7273d,2026-07-27T07:45:00Z,2026-07-27T09:45:00+0200,560.284,MW,DK2,DK_2,actual_solar_generation,Solar,2026-07-28T18:21:33Z
2026-07-28T18:18:08Z,2026-07-28T20:18:08+0200,139a36cd-3f66-4469-9ae3-07e849d7273d,2026-07-27T08:00:00Z,2026-07-27T10:00:00+0200,613.221,MW,DK2,DK_2,actual_solar_generation,Solar,2026-07-28T18:21:33Z
2026-07-28T18:18:08Z,2026-07-28T20:18:08+0200,139a36cd-3f66-4469-9ae3-07e849d7273d,2026-07-27T08:15:00Z,2026-07-27T10:15:00+0200,667.594,MW,DK2,DK_2,actual_solar_generation,Solar,2026-07-28T18:21:33Z
2026-07-28T18:18:08Z,2026-07-28T20:18:08+0200,139a36cd-3f66-4469-9ae3-07e849d7273d,2026-07-27T08:30:00Z,2026-07-27T10:30:00+0200,693.808,MW,DK2,DK_2,actual_solar_generation,Solar,2026-07-28T18:21:33Z
2026-07-28T18:18:08Z,2026-07-28T20:18:08+0200,139a36cd-3f66-4469-9ae3-07e849d7273d,2026-07-27T08:45:00Z,2026-07-27T10:45:00+0200,707.156,MW,DK2,DK_2,actual_solar_generation,Solar,2026-07-28T18:21:33Z
2026-07-28T18:18:08Z,2026-07-28T20:18:08+0200,139a36cd-3f66-4469-9ae3-07e849d7273d,2026-07-27T09:00:00Z,2026-07-27T11:00:00+0200,646.974,MW,DK2,DK_2,actual_solar_generation,Solar,2026-07-28T18:21:33Z
2026-07-28T18:18:08Z,2026-07-28T20:18:08+0200,139a36cd-3f66-4469-9ae3-07e849d7273d,2026-07-27T09:15:00Z,2026-07-27T11:15:00+0200,658.158,MW,DK2,DK_2,actual_solar_generation,Solar,2026-07-28T18:21:33Z
2026-07-28T18:18:08Z,2026-07-28T20:18:08+0200,139a36cd-3f66-4469-9ae3-07e849d7273d,2026-07-27T09:30:00Z,2026-07-27T11:30:00+0200,644.988,MW,DK2,DK_2,actual_solar_generation,Solar,2026-07-28T18:21:33Z
2026-07-28T18:18:08Z,2026-07-28T20:18:08+0200,139a36cd-3f66-4469-9ae3-07e849d7273d,2026-07-27T09:45:00Z,2026-07-27T11:45:00+0200,638.742,MW,DK2,DK_2,actual_solar_generation,Solar,2026-07-28T18:21:33Z
2026-07-28T18:18:08Z,2026-07-28T20:18:08+0200,139a36cd-3f66-4469-9ae3-07e849d7273d,2026-07-27T10:00:00Z,2026-07-27T12:00:00+0200,695.852,MW,DK2,DK_2,actual_solar_generation,Solar,2026-07-28T18:21:33Z
2026-07-28T18:18:08Z,2026-07-28T20:18:08+0200,139a36cd-3f66-4469-9ae3-07e849d7273d,2026-07-27T10:15:00Z,2026-07-27T12:15:00+0200,662.612,MW,DK2,DK_2,actual_solar_generation,Solar,2026-07-28T18:21:33Z
2026-07-28T18:18:08Z,2026-07-28T20:18:08+0200,139a36cd-3f66-4469-9ae3-07e849d7273d,2026-07-27T10:30:00Z,2026-07-27T12:30:00+0200,648.938,MW,DK2,DK_2,actual_solar_generation,Solar,2026-07-28T18:21:33Z
2026-07-28T18:18:08Z,2026-07-28T20:18:08+0200,139a36cd-3f66-4469-9ae3-07e849d7273d,2026-07-27T10:45:00Z,2026-07-27T12:45:00+0200,661.97,MW,DK2,DK_2,actual_solar_generation,Solar,2026-07-28T18:21:33Z
2026-07-28T18:18:08Z,2026-07-28T20:18:08+0200,139a36cd-3f66-4469-9ae3-07e849d7273d,2026-07-27T11:00:00Z,2026-07-27T13:00:00+0200,748.049,MW,DK2,DK_2,actual_solar_generation,Solar,2026-07-28T18:21:33Z
2026-07-28T18:18:08Z,2026-07-28T20:18:08+0200,139a36cd-3f66-4469-9ae3-07e849d7273d,2026-07-27T11:15:00Z,2026-07-27T13:15:00+0200,807.637,MW,DK2,DK_2,actual_solar_generation,Solar,2026-07-28T18:21:33Z
2026-07-28T18:18:08Z,2026-07-28T20:18:08+0200,139a36cd-3f66-4469-9ae3-07e849d7273d,2026-07-27T11:30:00Z,2026-07-27T13:30:00+0200,741.856,MW,DK2,DK_2,actual_solar_generation,Solar,2026-07-28T18:21:33Z
2026-07-28T18:18:08Z,2026-07-28T20:18:08+0200,139a36cd-3f66-4469-9ae3-07e849d7273d,2026-07-27T11:45:00Z,2026-07-27T13:45:00+0200,684.318,MW,DK2,DK_2,actual_solar_generation,Solar,2026-07-28T18:21:33Z
2026-07-28T18:18:08Z,2026-07-28T20:18:08+0200,139a36cd-3f66-4469-9ae3-07e849d7273d,2026-07-27T12:00:00Z,2026-07-27T14:00:00+0200,694.979,MW,DK2,DK_2,actual_solar_generation,Solar,2026-07-28T18:21:33Z
2026-07-28T18:18:08Z,2026-07-28T20:18:08+0200,139a36cd-3f66-4469-9ae3-07e849d7273d,2026-07-27T12:15:00Z,2026-07-27T14:15:00+0200,760.781,MW,DK2,DK_2,actual_solar_generation,Solar,2026-07-28T18:21:33Z
2026-07-28T18:18:08Z,2026-07-28T20:18:08+0200,139a36cd-3f66-4469-9ae3-07e849d7273d,2026-07-27T12:30:00Z,2026-07-27T14:30:00+0200,791.251,MW,DK2,DK_2,actual_solar_generation,Solar,2026-07-28T18:21:33Z
2026-07-28T18:18:08Z,2026-07-28T20:18:08+0200,139a36cd-3f66-4469-9ae3-07e849d7273d,2026-07-27T12:45:00Z,2026-07-27T14:45:00+0200,831.965,MW,DK2,DK_2,actual_solar_generation,Solar,2026-07-28T18:21:33Z
2026-07-28T18:18:08Z,2026-07-28T20:18:08+0200,139a36cd-3f66-4469-9ae3-07e849d7273d,2026-07-27T13:00:00Z,2026-07-27T15:00:00+0200,772.113,MW,DK2,DK_2,actual_solar_generation,Solar,2026-07-28T18:21:33Z
2026-07-28T18:18:08Z,2026-07-28T20:18:08+0200,139a36cd-3f66-4469-9ae3-07e849d7273d,2026-07-27T13:15:00Z,2026-07-27T15:15:00+0200,806.179,MW,DK2,DK_2,actual_solar_generation,Solar,2026-07-28T18:21:33Z
2026-07-28T18:18:08Z,2026-07-28T20:18:08+0200,139a36cd-3f66-4469-9ae3-07e849d7273d,2026-07-27T13:30:00Z,2026-07-27T15:30:00+0200,751.572,MW,DK2,DK_2,actual_solar_generation,Solar,2026-07-28T18:21:33Z
2026-07-28T18:18:08Z,2026-07-28T20:18:08+0200,139a36cd-3f66-4469-9ae3-07e849d7273d,2026-07-27T13:45:00Z,2026-07-27T15:45:00+0200,704.02,MW,DK2,DK_2,actual_solar_generation,Solar,2026-07-28T18:21:33Z
2026-07-28T18:18:08Z,2026-07-28T20:18:08+0200,139a36cd-3f66-4469-9ae3-07e849d7273d,2026-07-27T14:00:00Z,2026-07-27T16:00:00+0200,650.666,MW,DK2,DK_2,actual_solar_generation,Solar,2026-07-28T18:21:33Z
2026-07-28T18:18:08Z,2026-07-28T20:18:08+0200,139a36cd-3f66-4469-9ae3-07e849d7273d,2026-07-27T14:15:00Z,2026-07-27T16:15:00+0200,595.534,MW,DK2,DK_2,actual_solar_generation,Solar,2026-07-28T18:21:33Z
2026-07-28T18:18:08Z,2026-07-28T20:18:08+0200,139a36cd-3f66-4469-9ae3-07e849d7273d,2026-07-27T14:30:00Z,2026-07-27T16:30:00+0200,512.489,MW,DK2,DK_2,actual_solar_generation,Solar,2026-07-28T18:21:33Z
2026-07-28T18:18:08Z,2026-07-28T20:18:08+0200,139a36cd-3f66-4469-9ae3-07e849d7273d,2026-07-27T14:45:00Z,2026-07-27T16:45:00+0200,485.68,MW,DK2,DK_2,actual_solar_generation,Solar,2026-07-28T18:21:33Z
2026-07-28T18:18:08Z,2026-07-28T20:18:08+0200,139a36cd-3f66-4469-9ae3-07e849d7273d,2026-07-27T15:00:00Z,2026-07-27T17:00:00+0200,431.66,MW,DK2,DK_2,actual_solar_generation,Solar,2026-07-28T18:21:33Z
2026-07-28T18:18:08Z,2026-07-28T20:18:08+0200,139a36cd-3f66-4469-9ae3-07e849d7273d,2026-07-27T15:15:00Z,2026-07-27T17:15:00+0200,370.487,MW,DK2,DK_2,actual_solar_generation,Solar,2026-07-28T18:21:33Z
2026-07-28T18:18:08Z,2026-07-28T20:18:08+0200,139a36cd-3f66-4469-9ae3-07e849d7273d,2026-07-27T15:30:00Z,2026-07-27T17:30:00+0200,311.466,MW,DK2,DK_2,actual_solar_generation,Solar,2026-07-28T18:21:33Z
2026-07-28T18:18:08Z,2026-07-28T20:18:08+0200,139a36cd-3f66-4469-9ae3-07e849d7273d,2026-07-27T15:45:00Z,2026-07-27T17:45:00+0200,321.115,MW,DK2,DK_2,actual_solar_generation,Solar,2026-07-28T18:21:33Z
2026-07-28T18:18:08Z,2026-07-28T20:18:08+0200,139a36cd-3f66-4469-9ae3-07e849d7273d,2026-07-27T16:00:00Z,2026-07-27T18:00:00+0200,251.53,MW,DK2,DK_2,actual_solar_generation,Solar,2026-07-28T18:21:33Z
2026-07-28T18:18:08Z,2026-07-28T20:18:08+0200,139a36cd-3f66-4469-9ae3-07e849d7273d,2026-07-27T16:15:00Z,2026-07-27T18:15:00+0200,218.918,MW,DK2,DK_2,actual_solar_generation,Solar,2026-07-28T18:21:33Z
2026-07-28T18:18:08Z,2026-07-28T20:18:08+0200,139a36cd-3f66-4469-9ae3-07e849d7273d,2026-07-27T16:30:00Z,2026-07-27T18:30:00+0200,219.349,MW,DK2,DK_2,actual_solar_generation,Solar,2026-07-28T18:21:33Z
2026-07-28T18:18:08Z,2026-07-28T20:18:08+0200,139a36cd-3f66-4469-9ae3-07e849d7273d,2026-07-27T16:45:00Z,2026-07-27T18:45:00+0200,226.434,MW,DK2,DK_2,actual_solar_generation,Solar,2026-07-28T18:21:33Z
2026-07-28T18:18:08Z,2026-07-28T20:18:08+0200,139a36cd-3f66-4469-9ae3-07e849d7273d,2026-07-27T17:00:00Z,2026-07-27T19:00:00+0200,231.644,MW,DK2,DK_2,actual_solar_generation,Solar,2026-07-28T18:21:33Z
2026-07-28T18:18:08Z,2026-07-28T20:18:08+0200,139a36cd-3f66-4469-9ae3-07e849d7273d,2026-07-27T17:15:00Z,2026-07-27T19:15:00+0200,194.52,MW,DK2,DK_2,actual_solar_generation,Solar,2026-07-28T18:21:33Z
2026-07-28T18:18:08Z,2026-07-28T20:18:08+0200,139a36cd-3f66-4469-9ae3-07e849d7273d,2026-07-27T17:30:00Z,2026-07-27T19:30:00+0200,190.571,MW,DK2,DK_2,actual_solar_generation,Solar,2026-07-28T18:21:33Z
2026-07-28T18:18:08Z,2026-07-28T20:18:08+0200,139a36cd-3f66-4469-9ae3-07e849d7273d,2026-07-27T17:45:00Z,2026-07-27T19:45:00+0200,140.544,MW,DK2,DK_2,actual_solar_generation,Solar,2026-07-28T18:21:33Z
2026-07-28T18:18:08Z,2026-07-28T20:18:08+0200,139a36cd-3f66-4469-9ae3-07e849d7273d,2026-07-27T18:00:00Z,2026-07-27T20:00:00+0200,77.8355,MW,DK2,DK_2,actual_solar_generation,Solar,2026-07-28T18:21:33Z
2026-07-28T18:18:08Z,2026-07-28T20:18:08+0200,139a36cd-3f66-4469-9ae3-07e849d7273d,2026-07-27T18:15:00Z,2026-07-27T20:15:00+0200,57.7525,MW,DK2,DK_2,actual_solar_generation,Solar,2026-07-28T18:21:33Z
2026-07-28T18:18:08Z,2026-07-28T20:18:08+0200,139a36cd-3f66-4469-9ae3-07e849d7273d,2026-07-27T18:30:00Z,2026-07-27T20:30:00+0200,38.5487,MW,DK2,DK_2,actual_solar_generation,Solar,2026-07-28T18:21:33Z
2026-07-28T18:18:08Z,2026-07-28T20:18:08+0200,139a36cd-3f66-4469-9ae3-07e849d7273d,2026-07-27T18:45:00Z,2026-07-27T20:45:00+0200,22.9691,MW,DK2,DK_2,actual_solar_generation,Solar,2026-07-28T18:21:33Z
2026-07-28T18:18:08Z,2026-07-28T20:18:08+0200,139a36cd-3f66-4469-9ae3-07e849d7273d,2026-07-27T19:00:00Z,2026-07-27T21:00:00+0200,13.4373,MW,DK2,DK_2,actual_solar_generation,Solar,2026-07-28T18:21:33Z
2026-07-28T18:18:08Z,2026-07-28T20:18:08+0200,139a36cd-3f66-4469-9ae3-07e849d7273d,2026-07-27T19:15:00Z,2026-07-27T21:15:00+0200,3.38408,MW,DK2,DK_2,actual_solar_generation,Solar,2026-07-28T18:21:33Z
2026-07-28T18:18:08Z,2026-07-28T20:18:08+0200,139a36cd-3f66-4469-9ae3-07e849d7273d,2026-07-27T19:30:00Z,2026-07-27T21:30:00+0200,0.498993,MW,DK2,DK_2,actual_solar_generation,Solar,2026-07-28T18:21:33Z
2026-07-28T18:18:08Z,2026-07-28T20:18:08+0200,139a36cd-3f66-4469-9ae3-07e849d7273d,2026-07-27T19:45:00Z,2026-07-27T21:45:00+0200,0.068188,MW,DK2,DK_2,actual_solar_generation,Solar,2026-07-28T18:21:33Z
2026-07-28T18:18:08Z,2026-07-28T20:18:08+0200,139a36cd-3f66-4469-9ae3-07e849d7273d,2026-07-27T20:00:00Z,2026-07-27T22:00:00+0200,0.20114,MW,DK2,DK_2,actual_solar_generation,Solar,2026-07-28T18:21:33Z
2026-07-28T18:18:08Z,2026-07-28T20:18:08+0200,139a36cd-3f66-4469-9ae3-07e849d7273d,2026-07-27T20:15:00Z,2026-07-27T22:15:00+0200,0.255524,MW,DK2,DK_2,actual_solar_generation,Solar,2026-07-28T18:21:33Z
2026-07-28T18:18:08Z,2026-07-28T20:18:08+0200,139a36cd-3f66-4469-9ae3-07e849d7273d,2026-07-27T20:30:00Z,2026-07-27T22:30:00+0200,0.0,MW,DK2,DK_2,actual_solar_generation,Solar,2026-07-28T18:21:33Z
2026-07-28T18:18:08Z,2026-07-28T20:18:08+0200,139a36cd-3f66-4469-9ae3-07e849d7273d,2026-07-27T20:45:00Z,2026-07-27T22:45:00+0200,0.0,MW,DK2,DK_2,actual_solar_generation,Solar,2026-07-28T18:21:33Z
2026-07-28T18:18:08Z,2026-07-28T20:18:08+0200,139a36cd-3f66-4469-9ae3-07e849d7273d,2026-07-27T21:00:00Z,2026-07-27T23:00:00+0200,0.0,MW,DK2,DK_2,actual_solar_generation,Solar,2026-07-28T18:21:33Z
2026-07-28T18:18:08Z,2026-07-28T20:18:08+0200,139a36cd-3f66-4469-9ae3-07e849d7273d,2026-07-27T21:15:00Z,2026-07-27T23:15:00+0200,0.0,MW,DK2,DK_2,actual_solar_generation,Solar,2026-07-28T18:21:33Z
2026-07-28T18:18:08Z,2026-07-28T20:18:08+0200,139a36cd-3f66-4469-9ae3-07e849d7273d,2026-07-27T21:30:00Z,2026-07-27T23:30:00+0200,0.0,MW,DK2,DK_2,actual_solar_generation,Solar,2026-07-28T18:21:33Z
2026-07-28T18:18:08Z,2026-07-28T20:18:08+0200,139a36cd-3f66-4469-9ae3-07e849d7273d,2026-07-27T21:45:00Z,2026-07-27T23:45:00+0200,0.0,MW,DK2,DK_2,actual_solar_generation,Solar,2026-07-28T18:21:33Z
2026-07-28T18:18:08Z,2026-07-28T20:18:08+0200,139a36cd-3f66-4469-9ae3-07e849d7273d,2026-07-27T22:00:00Z,2026-07-28T00:00:00+0200,0.0,MW,DK2,DK_2,actual_solar_generation,Solar,2026-07-28T18:21:33Z
2026-07-28T18:18:08Z,2026-07-28T20:18:08+0200,139a36cd-3f66-4469-9ae3-07e849d7273d,2026-07-27T22:15:00Z,2026-07-28T00:15:00+0200,0.0,MW,DK2,DK_2,actual_solar_generation,Solar,2026-07-28T18:21:33Z
2026-07-28T18:18:08Z,2026-07-28T20:18:08+0200,139a36cd-3f66-4469-9ae3-07e849d7273d,2026-07-27T22:30:00Z,2026-07-28T00:30:00+0200,0.0,MW,DK2,DK_2,actual_solar_generation,Solar,2026-07-28T18:21:33Z
2026-07-28T18:18:08Z,2026-07-28T20:18:08+0200,139a36cd-3f66-4469-9ae3-07e849d7273d,2026-07-27T22:45:00Z,2026-07-28T00:45:00+0200,0.0,MW,DK2,DK_2,actual_solar_generation,Solar,2026-07-28T18:21:33Z
2026-07-28T18:18:08Z,2026-07-28T20:18:08+0200,139a36cd-3f66-4469-9ae3-07e849d7273d,2026-07-27T23:00:00Z,2026-07-28T01:00:00+0200,0.0,MW,DK2,DK_2,actual_solar_generation,Solar,2026-07-28T18:21:33Z
2026-07-28T18:18:08Z,2026-07-28T20:18:08+0200,139a36cd-3f66-4469-9ae3-07e849d7273d,2026-07-27T23:15:00Z,2026-07-28T01:15:00+0200,0.0,MW,DK2,DK_2,actual_solar_generation,Solar,2026-07-28T18:21:33Z
2026-07-28T18:18:08Z,2026-07-28T20:18:08+0200,139a36cd-3f66-4469-9ae3-07e849d7273d,2026-07-27T23:30:00Z,2026-07-28T01:30:00+0200,0.0,MW,DK2,DK_2,actual_solar_generation,Solar,2026-07-28T18:21:33Z
2026-07-28T18:18:08Z,2026-07-28T20:18:08+0200,139a36cd-3f66-4469-9ae3-07e849d7273d,2026-07-27T23:45:00Z,2026-07-28T01:45:00+0200,0.0,MW,DK2,DK_2,actual_solar_generation,Solar,2026-07-28T18:21:33Z
2026-07-28T18:18:08Z,2026-07-28T20:18:08+0200,139a36cd-3f66-4469-9ae3-07e849d7273d,2026-07-28T00:00:00Z,2026-07-28T02:00:00+0200,0.0,MW,DK2,DK_2,actual_solar_generation,Solar,2026-07-28T18:21:33Z
2026-07-28T18:18:08Z,2026-07-28T20:18:08+0200,139a36cd-3f66-4469-9ae3-07e849d7273d,2026-07-28T00:15:00Z,2026-07-28T02:15:00+0200,0.0,MW,DK2,DK_2,actual_solar_generation,Solar,2026-07-28T18:21:33Z
2026-07-28T18:18:08Z,2026-07-28T20:18:08+0200,139a36cd-3f66-4469-9ae3-07e849d7273d,2026-07-28T00:30:00Z,2026-07-28T02:30:00+0200,0.0,MW,DK2,DK_2,actual_solar_generation,Solar,2026-07-28T18:21:33Z
2026-07-28T18:18:08Z,2026-07-28T20:18:08+0200,139a36cd-3f66-4469-9ae3-07e849d7273d,2026-07-28T00:45:00Z,2026-07-28T02:45:00+0200,0.0,MW,DK2,DK_2,actual_solar_generation,Solar,2026-07-28T18:21:33Z
2026-07-28T18:18:08Z,2026-07-28T20:18:08+0200,139a36cd-3f66-4469-9ae3-07e849d7273d,2026-07-28T01:00:00Z,2026-07-28T03:00:00+0200,0.0,MW,DK2,DK_2,actual_solar_generation,Solar,2026-07-28T18:21:33Z
2026-07-28T18:18:08Z,2026-07-28T20:18:08+0200,139a36cd-3f66-4469-9ae3-07e849d7273d,2026-07-28T01:15:00Z,2026-07-28T03:15:00+0200,0.0,MW,DK2,DK_2,actual_solar_generation,Solar,2026-07-28T18:21:33Z
2026-07-28T18:18:08Z,2026-07-28T20:18:08+0200,139a36cd-3f66-4469-9ae3-07e849d7273d,2026-07-28T01:30:00Z,2026-07-28T03:30:00+0200,0.0,MW,DK2,DK_2,actual_solar_generation,Solar,2026-07-28T18:21:33Z
2026-07-28T18:18:08Z,2026-07-28T20:18:08+0200,139a36cd-3f66-4469-9ae3-07e849d7273d,2026-07-28T01:45:00Z,2026-07-28T03:45:00+0200,0.0,MW,DK2,DK_2,actual_solar_generation,Solar,2026-07-28T18:21:33Z
2026-07-28T18:18:08Z,2026-07-28T20:18:08+0200,139a36cd-3f66-4469-9ae3-07e849d7273d,2026-07-28T02:00:00Z,2026-07-28T04:00:00+0200,0.0,MW,DK2,DK_2,actual_solar_generation,Solar,2026-07-28T18:21:33Z
2026-07-28T18:18:08Z,2026-07-28T20:18:08+0200,139a36cd-3f66-4469-9ae3-07e849d7273d,2026-07-28T02:15:00Z,2026-07-28T04:15:00+0200,0.0,MW,DK2,DK_2,actual_solar_generation,Solar,2026-07-28T18:21:33Z
2026-07-28T18:18:08Z,2026-07-28T20:18:08+0200,139a36cd-3f66-4469-9ae3-07e849d7273d,2026-07-28T02:30:00Z,2026-07-28T04:30:00+0200,0.0,MW,DK2,DK_2,actual_solar_generation,Solar,2026-07-28T18:21:33Z
2026-07-28T18:18:08Z,2026-07-28T20:18:08+0200,139a36cd-3f66-4469-9ae3-07e849d7273d,2026-07-28T02:45:00Z,2026-07-28T04:45:00+0200,0.0,MW,DK2,DK_2,actual_solar_generation,Solar,2026-07-28T18:21:33Z
2026-07-28T18:18:08Z,2026-07-28T20:18:08+0200,139a36cd-3f66-4469-9ae3-07e849d7273d,2026-07-28T03:00:00Z,2026-07-28T05:00:00+0200,0.717714,MW,DK2,DK_2,actual_solar_generation,Solar,2026-07-28T18:21:33Z
2026-07-28T18:18:08Z,2026-07-28T20:18:08+0200,139a36cd-3f66-4469-9ae3-07e849d7273d,2026-07-28T03:15:00Z,2026-07-28T05:15:00+0200,4.52714,MW,DK2,DK_2,actual_solar_generation,Solar,2026-07-28T18:21:33Z
2026-07-28T18:18:08Z,2026-07-28T20:18:08+0200,139a36cd-3f66-4469-9ae3-07e849d7273d,2026-07-28T03:30:00Z,2026-07-28T05:30:00+0200,15.4696,MW,DK2,DK_2,actual_solar_generation,Solar,2026-07-28T18:21:33Z
2026-07-28T18:18:08Z,2026-07-28T20:18:08+0200,139a36cd-3f66-4469-9ae3-07e849d7273d,2026-07-28T03:45:00Z,2026-07-28T05:45:00+0200,26.3036,MW,DK2,DK_2,actual_solar_generation,Solar,2026-07-28T18:21:33Z
2026-07-28T18:18:08Z,2026-07-28T20:18:08+0200,139a36cd-3f66-4469-9ae3-07e849d7273d,2026-07-28T04:00:00Z,2026-07-28T06:00:00+0200,42.3241,MW,DK2,DK_2,actual_solar_generation,Solar,2026-07-28T18:21:33Z
2026-07-28T18:18:08Z,2026-07-28T20:18:08+0200,139a36cd-3f66-4469-9ae3-07e849d7273d,2026-07-28T04:15:00Z,2026-07-28T06:15:00+0200,67.679,MW,DK2,DK_2,actual_solar_generation,Solar,2026-07-28T18:21:33Z
2026-07-28T18:18:08Z,2026-07-28T20:18:08+0200,139a36cd-3f66-4469-9ae3-07e849d7273d,2026-07-28T04:30:00Z,2026-07-28T06:30:00+0200,85.4416,MW,DK2,DK_2,actual_solar_generation,Solar,2026-07-28T18:21:33Z
2026-07-28T18:18:08Z,2026-07-28T20:18:08+0200,139a36cd-3f66-4469-9ae3-07e849d7273d,2026-07-28T04:45:00Z,2026-07-28T06:45:00+0200,112.598,MW,DK2,DK_2,actual_solar_generation,Solar,2026-07-28T18:21:33Z
2026-07-28T18:18:08Z,2026-07-28T20:18:08+0200,139a36cd-3f66-4469-9ae3-07e849d7273d,2026-07-28T05:00:00Z,2026-07-28T07:00:00+0200,168.592,MW,DK2,DK_2,actual_solar_generation,Solar,2026-07-28T18:21:33Z
2026-07-28T18:18:08Z,2026-07-28T20:18:08+0200,139a36cd-3f66-4469-9ae3-07e849d7273d,2026-07-28T05:15:00Z,2026-07-28T07:15:00+0200,234.084,MW,DK2,DK_2,actual_solar_generation,Solar,2026-07-28T18:21:33Z
2026-07-28T18:18:08Z,2026-07-28T20:18:08+0200,139a36cd-3f66-4469-9ae3-07e849d7273d,2026-07-28T05:30:00Z,2026-07-28T07:30:00+0200,282.631,MW,DK2,DK_2,actual_solar_generation,Solar,2026-07-28T18:21:33Z
2026-07-28T18:18:08Z,2026-07-28T20:18:08+0200,139a36cd-3f66-4469-9ae3-07e849d7273d,2026-07-28T05:45:00Z,2026-07-28T07:45:00+0200,331.578,MW,DK2,DK_2,actual_solar_generation,Solar,2026-07-28T18:21:33Z
2026-07-28T18:18:08Z,2026-07-28T20:18:08+0200,139a36cd-3f66-4469-9ae3-07e849d7273d,2026-07-28T06:00:00Z,2026-07-28T08:00:00+0200,372.276,MW,DK2,DK_2,actual_solar_generation,Solar,2026-07-28T18:21:33Z
2026-07-28T18:18:08Z,2026-07-28T20:18:08+0200,139a36cd-3f66-4469-9ae3-07e849d7273d,2026-07-28T06:15:00Z,2026-07-28T08:15:00+0200,469.543,MW,DK2,DK_2,actual_solar_generation,Solar,2026-07-28T18:21:33Z
2026-07-28T18:18:08Z,2026-07-28T20:18:08+0200,139a36cd-3f66-4469-9ae3-07e849d7273d,2026-07-28T06:30:00Z,2026-07-28T08:30:00+0200,522.704,MW,DK2,DK_2,actual_solar_generation,Solar,2026-07-28T18:21:33Z
2026-07-28T18:18:08Z,2026-07-28T20:18:08+0200,139a36cd-3f66-4469-9ae3-07e849d7273d,2026-07-28T06:45:00Z,2026-07-28T08:45:00+0200,582.07,MW,DK2,DK_2,actual_solar_generation,Solar,2026-07-28T18:21:33Z
2026-07-28T18:18:08Z,2026-07-28T20:18:08+0200,139a36cd-3f66-4469-9ae3-07e849d7273d,2026-07-28T07:00:00Z,2026-07-28T09:00:00+0200,646.576,MW,DK2,DK_2,actual_solar_generation,Solar,2026-07-28T18:21:33Z
2026-07-28T18:18:08Z,2026-07-28T20:18:08+0200,139a36cd-3f66-4469-9ae3-07e849d7273d,2026-07-28T07:15:00Z,2026-07-28T09:15:00+0200,559.09,MW,DK2,DK_2,actual_solar_generation,Solar,2026-07-28T18:21:33Z
2026-07-28T18:18:08Z,2026-07-28T20:18:08+0200,139a36cd-3f66-4469-9ae3-07e849d7273d,2026-07-28T07:30:00Z,2026-07-28T09:30:00+0200,549.663,MW,DK2,DK_2,actual_solar_generation,Solar,2026-07-28T18:21:33Z
2026-07-28T18:18:08Z,2026-07-28T20:18:08+0200,139a36cd-3f66-4469-9ae3-07e849d7273d,2026-07-28T07:45:00Z,2026-07-28T09:45:00+0200,606.008,MW,DK2,DK_2,actual_solar_generation,Solar,2026-07-28T18:21:33Z
2026-07-28T18:18:08Z,2026-07-28T20:18:08+0200,139a36cd-3f66-4469-9ae3-07e849d7273d,2026-07-28T08:00:00Z,2026-07-28T10:00:00+0200,644.255,MW,DK2,DK_2,actual_solar_generation,Solar,2026-07-28T18:21:33Z
2026-07-28T18:18:08Z,2026-07-28T20:18:08+0200,139a36cd-3f66-4469-9ae3-07e849d7273d,2026-07-28T08:15:00Z,2026-07-28T10:15:00+0200,684.388,MW,DK2,DK_2,actual_solar_generation,Solar,2026-07-28T18:21:33Z
2026-07-28T18:18:08Z,2026-07-28T20:18:08+0200,139a36cd-3f66-4469-9ae3-07e849d7273d,2026-07-28T08:30:00Z,2026-07-28T10:30:00+0200,757.742,MW,DK2,DK_2,actual_solar_generation,Solar,2026-07-28T18:21:33Z
2026-07-28T18:18:08Z,2026-07-28T20:18:08+0200,139a36cd-3f66-4469-9ae3-07e849d7273d,2026-07-28T08:45:00Z,2026-07-28T10:45:00+0200,791.019,MW,DK2,DK_2,actual_solar_generation,Solar,2026-07-28T18:21:33Z
2026-07-28T18:18:08Z,2026-07-28T20:18:08+0200,139a36cd-3f66-4469-9ae3-07e849d7273d,2026-07-28T09:00:00Z,2026-07-28T11:00:00+0200,798.309,MW,DK2,DK_2,actual_solar_generation,Solar,2026-07-28T18:21:33Z
2026-07-28T18:18:08Z,2026-07-28T20:18:08+0200,139a36cd-3f66-4469-9ae3-07e849d7273d,2026-07-28T09:15:00Z,2026-07-28T11:15:00+0200,820.497,MW,DK2,DK_2,actual_solar_generation,Solar,2026-07-28T18:21:33Z
2026-07-28T18:18:08Z,2026-07-28T20:18:08+0200,139a36cd-3f66-4469-9ae3-07e849d7273d,2026-07-28T09:30:00Z,2026-07-28T11:30:00+0200,787.167,MW,DK2,DK_2,actual_solar_generation,Solar,2026-07-28T18:21:33Z
2026-07-28T18:18:08Z,2026-07-28T20:18:08+0200,139a36cd-3f66-4469-9ae3-07e849d7273d,2026-07-28T09:45:00Z,2026-07-28T11:45:00+0200,770.943,MW,DK2,DK_2,actual_solar_generation,Solar,2026-07-28T18:21:33Z
2026-07-28T18:18:08Z,2026-07-28T20:18:08+0200,139a36cd-3f66-4469-9ae3-07e849d7273d,2026-07-28T10:00:00Z,2026-07-28T12:00:00+0200,667.468,MW,DK2,DK_2,actual_solar_generation,Solar,2026-07-28T18:21:33Z
2026-07-28T18:18:08Z,2026-07-28T20:18:08+0200,139a36cd-3f66-4469-9ae3-07e849d7273d,2026-07-28T10:15:00Z,2026-07-28T12:15:00+0200,662.995,MW,DK2,DK_2,actual_solar_generation,Solar,2026-07-28T18:21:33Z
2026-07-28T18:18:08Z,2026-07-28T20:18:08+0200,139a36cd-3f66-4469-9ae3-07e849d7273d,2026-07-28T10:30:00Z,2026-07-28T12:30:00+0200,603.34,MW,DK2,DK_2,actual_solar_generation,Solar,2026-07-28T18:21:33Z
2026-07-28T18:18:08Z,2026-07-28T20:18:08+0200,139a36cd-3f66-4469-9ae3-07e849d7273d,2026-07-28T10:45:00Z,2026-07-28T12:45:00+0200,529.465,MW,DK2,DK_2,actual_solar_generation,Solar,2026-07-28T18:21:33Z
2026-07-28T18:18:08Z,2026-07-28T20:18:08+0200,139a36cd-3f66-4469-9ae3-07e849d7273d,2026-07-28T11:00:00Z,2026-07-28T13:00:00+0200,516.866,MW,DK2,DK_2,actual_solar_generation,Solar,2026-07-28T18:21:33Z
2026-07-28T18:18:08Z,2026-07-28T20:18:08+0200,139a36cd-3f66-4469-9ae3-07e849d7273d,2026-07-28T11:15:00Z,2026-07-28T13:15:00+0200,533.468,MW,DK2,DK_2,actual_solar_generation,Solar,2026-07-28T18:21:33Z
2026-07-28T18:18:08Z,2026-07-28T20:18:08+0200,139a36cd-3f66-4469-9ae3-07e849d7273d,2026-07-28T11:30:00Z,2026-07-28T13:30:00+0200,510.87,MW,DK2,DK_2,actual_solar_generation,Solar,2026-07-28T18:21:33Z
2026-07-28T18:18:08Z,2026-07-28T20:18:08+0200,139a36cd-3f66-4469-9ae3-07e849d7273d,2026-07-28T11:45:00Z,2026-07-28T13:45:00+0200,541.049,MW,DK2,DK_2,actual_solar_generation,Solar,2026-07-28T18:21:33Z
2026-07-28T18:18:08Z,2026-07-28T20:18:08+0200,139a36cd-3f66-4469-9ae3-07e849d7273d,2026-07-28T12:00:00Z,2026-07-28T14:00:00+0200,577.77,MW,DK2,DK_2,actual_solar_generation,Solar,2026-07-28T18:21:33Z
2026-07-28T18:18:08Z,2026-07-28T20:18:08+0200,139a36cd-3f66-4469-9ae3-07e849d7273d,2026-07-28T12:15:00Z,2026-07-28T14:15:00+0200,525.552,MW,DK2,DK_2,actual_solar_generation,Solar,2026-07-28T18:21:33Z
2026-07-28T18:18:08Z,2026-07-28T20:18:08+0200,139a36cd-3f66-4469-9ae3-07e849d7273d,2026-07-28T12:30:00Z,2026-07-28T14:30:00+0200,514.384,MW,DK2,DK_2,actual_solar_generation,Solar,2026-07-28T18:21:33Z
2026-07-28T18:18:08Z,2026-07-28T20:18:08+0200,139a36cd-3f66-4469-9ae3-07e849d7273d,2026-07-28T12:45:00Z,2026-07-28T14:45:00+0200,545.594,MW,DK2,DK_2,actual_solar_generation,Solar,2026-07-28T18:21:33Z
2026-07-28T18:18:08Z,2026-07-28T20:18:08+0200,139a36cd-3f66-4469-9ae3-07e849d7273d,2026-07-28T13:00:00Z,2026-07-28T15:00:00+0200,674.812,MW,DK2,DK_2,actual_solar_generation,Solar,2026-07-28T18:21:33Z
2026-07-28T18:18:08Z,2026-07-28T20:18:08+0200,139a36cd-3f66-4469-9ae3-07e849d7273d,2026-07-28T13:15:00Z,2026-07-28T15:15:00+0200,715.985,MW,DK2,DK_2,actual_solar_generation,Solar,2026-07-28T18:21:33Z
2026-07-28T18:18:08Z,2026-07-28T20:18:08+0200,139a36cd-3f66-4469-9ae3-07e849d7273d,2026-07-28T13:30:00Z,2026-07-28T15:30:00+0200,751.402,MW,DK2,DK_2,actual_solar_generation,Solar,2026-07-28T18:21:33Z
2026-07-28T18:18:08Z,2026-07-28T20:18:08+0200,139a36cd-3f66-4469-9ae3-07e849d7273d,2026-07-28T13:45:00Z,2026-07-28T15:45:00+0200,840.871,MW,DK2,DK_2,actual_solar_generation,Solar,2026-07-28T18:21:33Z
2026-07-28T18:18:08Z,2026-07-28T20:18:08+0200,139a36cd-3f66-4469-9ae3-07e849d7273d,2026-07-28T14:00:00Z,2026-07-28T16:00:00+0200,711.77,MW,DK2,DK_2,actual_solar_generation,Solar,2026-07-28T18:21:33Z
2026-07-28T18:18:08Z,2026-07-28T20:18:08+0200,139a36cd-3f66-4469-9ae3-07e849d7273d,2026-07-28T14:15:00Z,2026-07-28T16:15:00+0200,797.786,MW,DK2,DK_2,actual_solar_generation,Solar,2026-07-28T18:21:33Z
2026-07-28T18:18:08Z,2026-07-28T20:18:08+0200,139a36cd-3f66-4469-9ae3-07e849d7273d,2026-07-28T14:30:00Z,2026-07-28T16:30:00+0200,807.685,MW,DK2,DK_2,actual_solar_generation,Solar,2026-07-28T18:21:33Z
2026-07-28T18:18:08Z,2026-07-28T20:18:08+0200,139a36cd-3f66-4469-9ae3-07e849d7273d,2026-07-28T14:45:00Z,2026-07-28T16:45:00+0200,796.727,MW,DK2,DK_2,actual_solar_generation,Solar,2026-07-28T18:21:33Z
2026-07-28T18:18:08Z,2026-07-28T20:18:08+0200,139a36cd-3f66-4469-9ae3-07e849d7273d,2026-07-28T15:00:00Z,2026-07-28T17:00:00+0200,733.879,MW,DK2,DK_2,actual_solar_generation,Solar,2026-07-28T18:21:33Z
2026-07-28T18:18:08Z,2026-07-28T20:18:08+0200,139a36cd-3f66-4469-9ae3-07e849d7273d,2026-07-28T15:15:00Z,2026-07-28T17:15:00+0200,692.471,MW,DK2,DK_2,actual_solar_generation,Solar,2026-07-28T18:21:33Z
2026-07-28T18:18:08Z,2026-07-28T20:18:08+0200,139a36cd-3f66-4469-9ae3-07e849d7273d,2026-07-28T15:30:00Z,2026-07-28T17:30:00+0200,622.969,MW,DK2,DK_2,actual_solar_generation,Solar,2026-07-28T18:21:33Z
2026-07-28T18:18:08Z,2026-07-28T20:18:08+0200,139a36cd-3f66-4469-9ae3-07e849d7273d,2026-07-28T15:45:00Z,2026-07-28T17:45:00+0200,505.628,MW,DK2,DK_2,actual_solar_generation,Solar,2026-07-28T18:21:33Z
2026-07-28T18:18:08Z,2026-07-28T20:18:08+0200,139a36cd-3f66-4469-9ae3-07e849d7273d,2026-07-28T16:00:00Z,2026-07-28T18:00:00+0200,377.008,MW,DK2,DK_2,actual_solar_generation,Solar,2026-07-28T18:21:33Z
2026-07-28T18:18:08Z,2026-07-28T20:18:08+0200,139a36cd-3f66-4469-9ae3-07e849d7273d,2026-07-28T16:15:00Z,2026-07-28T18:15:00+0200,359.462,MW,DK2,DK_2,actual_solar_generation,Solar,2026-07-28T18:21:33Z
2026-07-28T18:18:08Z,2026-07-28T20:18:08+0200,139a36cd-3f66-4469-9ae3-07e849d7273d,2026-07-28T16:30:00Z,2026-07-28T18:30:00+0200,311.986,MW,DK2,DK_2,actual_solar_generation,Solar,2026-07-28T18:21:33Z
2026-07-28T18:18:08Z,2026-07-28T20:18:08+0200,139a36cd-3f66-4469-9ae3-07e849d7273d,2026-07-28T16:45:00Z,2026-07-28T18:45:00+0200,249.454,MW,DK2,DK_2,actual_solar_generation,Solar,2026-07-28T18:21:33Z
2026-07-28T18:18:08Z,2026-07-28T20:18:08+0200,139a36cd-3f66-4469-9ae3-07e849d7273d,2026-07-28T17:00:00Z,2026-07-28T19:00:00+0200,209.462,MW,DK2,DK_2,actual_solar_generation,Solar,2026-07-28T18:21:33Z
2026-07-28T18:18:08Z,2026-07-28T20:18:08+0200,139a36cd-3f66-4469-9ae3-07e849d7273d,2026-07-28T17:15:00Z,2026-07-28T19:15:00+0200,166.847,MW,DK2,DK_2,actual_solar_generation,Solar,2026-07-28T18:21:33Z
2026-07-28T18:18:08Z,2026-07-28T20:18:08+0200,139a36cd-3f66-4469-9ae3-07e849d7273d,2026-07-28T17:30:00Z,2026-07-28T19:30:00+0200,105.372,MW,DK2,DK_2,actual_solar_generation,Solar,2026-07-28T18:21:33Z
2026-07-28T18:18:08Z,2026-07-28T20:18:08+0200,139a36cd-3f66-4469-9ae3-07e849d7273d,2026-07-28T17:45:00Z,2026-07-28T19:45:00+0200,84.795,MW,DK2,DK_2,actual_solar_generation,Solar,2026-07-28T18:21:33Z
