collection_time_utc,collection_time_local,run_id,timestamp_utc,timestamp_local,value,unit,country,entsoe_area,variable,source,updated_at_utc
2026-06-19T11:14:37Z,2026-06-19T13:14:37+0200,55a1f5b5-d48d-4b49-917c-94a17c0073cb,2026-05-19T12:00:00Z,2026-05-19T14:00:00+0200,1657.703138,MW,BE,BE,actual_onshore_wind_generation,Wind Onshore,2026-06-19T11:14:52Z
2026-06-19T11:14:37Z,2026-06-19T13:14:37+0200,55a1f5b5-d48d-4b49-917c-94a17c0073cb,2026-05-19T13:00:00Z,2026-05-19T15:00:00+0200,1702.122414,MW,BE,BE,actual_onshore_wind_generation,Wind Onshore,2026-06-19T11:14:52Z
2026-06-19T11:14:37Z,2026-06-19T13:14:37+0200,55a1f5b5-d48d-4b49-917c-94a17c0073cb,2026-05-19T14:00:00Z,2026-05-19T16:00:00+0200,1633.597331,MW,BE,BE,actual_onshore_wind_generation,Wind Onshore,2026-06-19T11:14:52Z
2026-06-19T11:14:37Z,2026-06-19T13:14:37+0200,55a1f5b5-d48d-4b49-917c-94a17c0073cb,2026-05-19T15:00:00Z,2026-05-19T17:00:00+0200,1588.993905,MW,BE,BE,actual_onshore_wind_generation,Wind Onshore,2026-06-19T11:14:52Z
2026-06-19T11:14:37Z,2026-06-19T13:14:37+0200,55a1f5b5-d48d-4b49-917c-94a17c0073cb,2026-05-19T16:00:00Z,2026-05-19T18:00:00+0200,1526.340219,MW,BE,BE,actual_onshore_wind_generation,Wind Onshore,2026-06-19T11:14:52Z
2026-06-19T11:14:37Z,2026-06-19T13:14:37+0200,55a1f5b5-d48d-4b49-917c-94a17c0073cb,2026-05-19T17:00:00Z,2026-05-19T19:00:00+0200,1356.192991,MW,BE,BE,actual_onshore_wind_generation,Wind Onshore,2026-06-19T11:14:52Z
2026-06-19T11:14:37Z,2026-06-19T13:14:37+0200,55a1f5b5-d48d-4b49-917c-94a17c0073cb,2026-05-19T18:00:00Z,2026-05-19T20:00:00+0200,1242.728141,MW,BE,BE,actual_onshore_wind_generation,Wind Onshore,2026-06-19T11:14:52Z
2026-06-19T11:14:37Z,2026-06-19T13:14:37+0200,55a1f5b5-d48d-4b49-917c-94a17c0073cb,2026-05-19T19:00:00Z,2026-05-19T21:00:00+0200,1102.959049,MW,BE,BE,actual_onshore_wind_generation,Wind Onshore,2026-06-19T11:14:52Z
2026-06-19T11:14:37Z,2026-06-19T13:14:37+0200,55a1f5b5-d48d-4b49-917c-94a17c0073cb,2026-05-19T20:00:00Z,2026-05-19T22:00:00+0200,1122.104851,MW,BE,BE,actual_onshore_wind_generation,Wind Onshore,2026-06-19T11:14:52Z
2026-06-19T11:14:37Z,2026-06-19T13:14:37+0200,55a1f5b5-d48d-4b49-917c-94a17c0073cb,2026-05-19T21:00:00Z,2026-05-19T23:00:00+0200,1110.236605,MW,BE,BE,actual_onshore_wind_generation,Wind Onshore,2026-06-19T11:14:52Z
2026-06-19T11:14:37Z,2026-06-19T13:14:37+0200,55a1f5b5-d48d-4b49-917c-94a17c0073cb,2026-05-19T22:00:00Z,2026-05-20T00:00:00+0200,1063.540978,MW,BE,BE,actual_onshore_wind_generation,Wind Onshore,2026-06-19T11:14:52Z
2026-06-19T11:14:37Z,2026-06-19T13:14:37+0200,55a1f5b5-d48d-4b49-917c-94a17c0073cb,2026-05-19T23:00:00Z,2026-05-20T01:00:00+0200,967.469361,MW,BE,BE,actual_onshore_wind_generation,Wind Onshore,2026-06-19T11:14:52Z
2026-06-19T11:14:37Z,2026-06-19T13:14:37+0200,55a1f5b5-d48d-4b49-917c-94a17c0073cb,2026-05-20T00:00:00Z,2026-05-20T02:00:00+0200,974.450343,MW,BE,BE,actual_onshore_wind_generation,Wind Onshore,2026-06-19T11:14:52Z
2026-06-19T11:14:37Z,2026-06-19T13:14:37+0200,55a1f5b5-d48d-4b49-917c-94a17c0073cb,2026-05-20T01:00:00Z,2026-05-20T03:00:00+0200,980.652017,MW,BE,BE,actual_onshore_wind_generation,Wind Onshore,2026-06-19T11:14:52Z
2026-06-19T11:14:37Z,2026-06-19T13:14:37+0200,55a1f5b5-d48d-4b49-917c-94a17c0073cb,2026-05-20T02:00:00Z,2026-05-20T04:00:00+0200,896.616218,MW,BE,BE,actual_onshore_wind_generation,Wind Onshore,2026-06-19T11:14:52Z
2026-06-19T11:14:37Z,2026-06-19T13:14:37+0200,55a1f5b5-d48d-4b49-917c-94a17c0073cb,2026-05-20T03:00:00Z,2026-05-20T05:00:00+0200,1020.368414,MW,BE,BE,actual_onshore_wind_generation,Wind Onshore,2026-06-19T11:14:52Z
2026-06-19T11:14:37Z,2026-06-19T13:14:37+0200,55a1f5b5-d48d-4b49-917c-94a17c0073cb,2026-05-20T04:00:00Z,2026-05-20T06:00:00+0200,1085.508817,MW,BE,BE,actual_onshore_wind_generation,Wind Onshore,2026-06-19T11:14:52Z
2026-06-19T11:14:37Z,2026-06-19T13:14:37+0200,55a1f5b5-d48d-4b49-917c-94a17c0073cb,2026-05-20T05:00:00Z,2026-05-20T07:00:00+0200,1172.462061,MW,BE,BE,actual_onshore_wind_generation,Wind Onshore,2026-06-19T11:14:52Z
2026-06-19T11:14:37Z,2026-06-19T13:14:37+0200,55a1f5b5-d48d-4b49-917c-94a17c0073cb,2026-05-20T06:00:00Z,2026-05-20T08:00:00+0200,1162.911177,MW,BE,BE,actual_onshore_wind_generation,Wind Onshore,2026-06-19T11:14:52Z
2026-06-19T11:14:37Z,2026-06-19T13:14:37+0200,55a1f5b5-d48d-4b49-917c-94a17c0073cb,2026-05-20T07:00:00Z,2026-05-20T09:00:00+0200,1309.20086,MW,BE,BE,actual_onshore_wind_generation,Wind Onshore,2026-06-19T11:14:52Z
2026-06-19T11:14:37Z,2026-06-19T13:14:37+0200,55a1f5b5-d48d-4b49-917c-94a17c0073cb,2026-05-20T08:00:00Z,2026-05-20T10:00:00+0200,1469.949685,MW,BE,BE,actual_onshore_wind_generation,Wind Onshore,2026-06-19T11:14:52Z
2026-06-19T11:14:37Z,2026-06-19T13:14:37+0200,55a1f5b5-d48d-4b49-917c-94a17c0073cb,2026-05-20T09:00:00Z,2026-05-20T11:00:00+0200,1702.123655,MW,BE,BE,actual_onshore_wind_generation,Wind Onshore,2026-06-19T11:14:52Z
2026-06-19T11:14:37Z,2026-06-19T13:14:37+0200,55a1f5b5-d48d-4b49-917c-94a17c0073cb,2026-05-20T10:00:00Z,2026-05-20T12:00:00+0200,1680.752441,MW,BE,BE,actual_onshore_wind_generation,Wind Onshore,2026-06-19T11:14:52Z
2026-06-19T11:14:37Z,2026-06-19T13:14:37+0200,55a1f5b5-d48d-4b49-917c-94a17c0073cb,2026-05-20T11:00:00Z,2026-05-20T13:00:00+0200,1695.904516,MW,BE,BE,actual_onshore_wind_generation,Wind Onshore,2026-06-19T11:14:52Z
2026-06-19T11:14:37Z,2026-06-19T13:14:37+0200,55a1f5b5-d48d-4b49-917c-94a17c0073cb,2026-05-20T12:00:00Z,2026-05-20T14:00:00+0200,1702.378062,MW,BE,BE,actual_onshore_wind_generation,Wind Onshore,2026-06-19T11:14:52Z
2026-06-19T11:14:37Z,2026-06-19T13:14:37+0200,55a1f5b5-d48d-4b49-917c-94a17c0073cb,2026-05-20T13:00:00Z,2026-05-20T15:00:00+0200,1725.646242,MW,BE,BE,actual_onshore_wind_generation,Wind Onshore,2026-06-19T11:14:52Z
2026-06-19T11:14:37Z,2026-06-19T13:14:37+0200,55a1f5b5-d48d-4b49-917c-94a17c0073cb,2026-05-20T14:00:00Z,2026-05-20T16:00:00+0200,1842.631618,MW,BE,BE,actual_onshore_wind_generation,Wind Onshore,2026-06-19T11:14:52Z
2026-06-19T11:14:37Z,2026-06-19T13:14:37+0200,55a1f5b5-d48d-4b49-917c-94a17c0073cb,2026-05-20T15:00:00Z,2026-05-20T17:00:00+0200,1654.756516,MW,BE,BE,actual_onshore_wind_generation,Wind Onshore,2026-06-19T11:14:52Z
2026-06-19T11:14:37Z,2026-06-19T13:14:37+0200,55a1f5b5-d48d-4b49-917c-94a17c0073cb,2026-05-20T16:00:00Z,2026-05-20T18:00:00+0200,1488.511948,MW,BE,BE,actual_onshore_wind_generation,Wind Onshore,2026-06-19T11:14:52Z
2026-06-19T11:14:37Z,2026-06-19T13:14:37+0200,55a1f5b5-d48d-4b49-917c-94a17c0073cb,2026-05-20T17:00:00Z,2026-05-20T19:00:00+0200,1288.220854,MW,BE,BE,actual_onshore_wind_generation,Wind Onshore,2026-06-19T11:14:52Z
2026-06-19T11:14:37Z,2026-06-19T13:14:37+0200,55a1f5b5-d48d-4b49-917c-94a17c0073cb,2026-05-20T18:00:00Z,2026-05-20T20:00:00+0200,1079.900046,MW,BE,BE,actual_onshore_wind_generation,Wind Onshore,2026-06-19T11:14:52Z
2026-06-19T11:14:37Z,2026-06-19T13:14:37+0200,55a1f5b5-d48d-4b49-917c-94a17c0073cb,2026-05-20T19:00:00Z,2026-05-20T21:00:00+0200,959.912705,MW,BE,BE,actual_onshore_wind_generation,Wind Onshore,2026-06-19T11:14:52Z
2026-06-19T11:14:37Z,2026-06-19T13:14:37+0200,55a1f5b5-d48d-4b49-917c-94a17c0073cb,2026-05-20T20:00:00Z,2026-05-20T22:00:00+0200,887.392781,MW,BE,BE,actual_onshore_wind_generation,Wind Onshore,2026-06-19T11:14:52Z
2026-06-19T11:14:37Z,2026-06-19T13:14:37+0200,55a1f5b5-d48d-4b49-917c-94a17c0073cb,2026-05-20T21:00:00Z,2026-05-20T23:00:00+0200,910.566914,MW,BE,BE,actual_onshore_wind_generation,Wind Onshore,2026-06-19T11:14:52Z
2026-06-19T11:14:37Z,2026-06-19T13:14:37+0200,55a1f5b5-d48d-4b49-917c-94a17c0073cb,2026-05-20T22:00:00Z,2026-05-21T00:00:00+0200,821.367633,MW,BE,BE,actual_onshore_wind_generation,Wind Onshore,2026-06-19T11:14:52Z
2026-06-19T11:14:37Z,2026-06-19T13:14:37+0200,55a1f5b5-d48d-4b49-917c-94a17c0073cb,2026-05-20T23:00:00Z,2026-05-21T01:00:00+0200,855.249397,MW,BE,BE,actual_onshore_wind_generation,Wind Onshore,2026-06-19T11:14:52Z
2026-06-19T11:14:37Z,2026-06-19T13:14:37+0200,55a1f5b5-d48d-4b49-917c-94a17c0073cb,2026-05-21T00:00:00Z,2026-05-21T02:00:00+0200,799.601781,MW,BE,BE,actual_onshore_wind_generation,Wind Onshore,2026-06-19T11:14:52Z
2026-06-19T11:14:37Z,2026-06-19T13:14:37+0200,55a1f5b5-d48d-4b49-917c-94a17c0073cb,2026-05-21T01:00:00Z,2026-05-21T03:00:00+0200,705.690311,MW,BE,BE,actual_onshore_wind_generation,Wind Onshore,2026-06-19T11:14:52Z
2026-06-19T11:14:37Z,2026-06-19T13:14:37+0200,55a1f5b5-d48d-4b49-917c-94a17c0073cb,2026-05-21T02:00:00Z,2026-05-21T04:00:00+0200,533.282916,MW,BE,BE,actual_onshore_wind_generation,Wind Onshore,2026-06-19T11:14:52Z
2026-06-19T11:14:37Z,2026-06-19T13:14:37+0200,55a1f5b5-d48d-4b49-917c-94a17c0073cb,2026-05-21T03:00:00Z,2026-05-21T05:00:00+0200,477.352363,MW,BE,BE,actual_onshore_wind_generation,Wind Onshore,2026-06-19T11:14:52Z
2026-06-19T11:14:37Z,2026-06-19T13:14:37+0200,55a1f5b5-d48d-4b49-917c-94a17c0073cb,2026-05-21T04:00:00Z,2026-05-21T06:00:00+0200,437.267874,MW,BE,BE,actual_onshore_wind_generation,Wind Onshore,2026-06-19T11:14:52Z
2026-06-19T11:14:37Z,2026-06-19T13:14:37+0200,55a1f5b5-d48d-4b49-917c-94a17c0073cb,2026-05-21T05:00:00Z,2026-05-21T07:00:00+0200,288.866813,MW,BE,BE,actual_onshore_wind_generation,Wind Onshore,2026-06-19T11:14:52Z
2026-06-19T11:14:37Z,2026-06-19T13:14:37+0200,55a1f5b5-d48d-4b49-917c-94a17c0073cb,2026-05-21T06:00:00Z,2026-05-21T08:00:00+0200,155.71864,MW,BE,BE,actual_onshore_wind_generation,Wind Onshore,2026-06-19T11:14:52Z
2026-06-19T11:14:37Z,2026-06-19T13:14:37+0200,55a1f5b5-d48d-4b49-917c-94a17c0073cb,2026-05-21T07:00:00Z,2026-05-21T09:00:00+0200,139.156255,MW,BE,BE,actual_onshore_wind_generation,Wind Onshore,2026-06-19T11:14:52Z
2026-06-19T11:14:37Z,2026-06-19T13:14:37+0200,55a1f5b5-d48d-4b49-917c-94a17c0073cb,2026-05-21T08:00:00Z,2026-05-21T10:00:00+0200,127.772891,MW,BE,BE,actual_onshore_wind_generation,Wind Onshore,2026-06-19T11:14:52Z
2026-06-19T11:14:37Z,2026-06-19T13:14:37+0200,55a1f5b5-d48d-4b49-917c-94a17c0073cb,2026-05-21T09:00:00Z,2026-05-21T11:00:00+0200,167.849455,MW,BE,BE,actual_onshore_wind_generation,Wind Onshore,2026-06-19T11:14:52Z
2026-06-19T11:14:37Z,2026-06-19T13:14:37+0200,55a1f5b5-d48d-4b49-917c-94a17c0073cb,2026-05-21T10:00:00Z,2026-05-21T12:00:00+0200,151.425528,MW,BE,BE,actual_onshore_wind_generation,Wind Onshore,2026-06-19T11:14:52Z
2026-06-19T11:14:37Z,2026-06-19T13:14:37+0200,55a1f5b5-d48d-4b49-917c-94a17c0073cb,2026-05-21T11:00:00Z,2026-05-21T13:00:00+0200,130.399345,MW,BE,BE,actual_onshore_wind_generation,Wind Onshore,2026-06-19T11:14:52Z
2026-06-19T11:14:37Z,2026-06-19T13:14:37+0200,55a1f5b5-d48d-4b49-917c-94a17c0073cb,2026-05-21T12:00:00Z,2026-05-21T14:00:00+0200,107.8239,MW,BE,BE,actual_onshore_wind_generation,Wind Onshore,2026-06-19T11:14:52Z
2026-06-19T11:14:37Z,2026-06-19T13:14:37+0200,55a1f5b5-d48d-4b49-917c-94a17c0073cb,2026-05-21T13:00:00Z,2026-05-21T15:00:00+0200,76.58831,MW,BE,BE,actual_onshore_wind_generation,Wind Onshore,2026-06-19T11:14:52Z
2026-06-19T11:14:37Z,2026-06-19T13:14:37+0200,55a1f5b5-d48d-4b49-917c-94a17c0073cb,2026-05-21T14:00:00Z,2026-05-21T16:00:00+0200,25.69217,MW,BE,BE,actual_onshore_wind_generation,Wind Onshore,2026-06-19T11:14:52Z
2026-06-19T11:14:37Z,2026-06-19T13:14:37+0200,55a1f5b5-d48d-4b49-917c-94a17c0073cb,2026-05-21T15:00:00Z,2026-05-21T17:00:00+0200,31.781354,MW,BE,BE,actual_onshore_wind_generation,Wind Onshore,2026-06-19T11:14:52Z
2026-06-19T11:14:37Z,2026-06-19T13:14:37+0200,55a1f5b5-d48d-4b49-917c-94a17c0073cb,2026-05-21T16:00:00Z,2026-05-21T18:00:00+0200,18.483054,MW,BE,BE,actual_onshore_wind_generation,Wind Onshore,2026-06-19T11:14:52Z
2026-06-19T11:14:37Z,2026-06-19T13:14:37+0200,55a1f5b5-d48d-4b49-917c-94a17c0073cb,2026-05-21T17:00:00Z,2026-05-21T19:00:00+0200,16.490479,MW,BE,BE,actual_onshore_wind_generation,Wind Onshore,2026-06-19T11:14:52Z
2026-06-19T11:14:37Z,2026-06-19T13:14:37+0200,55a1f5b5-d48d-4b49-917c-94a17c0073cb,2026-05-21T18:00:00Z,2026-05-21T20:00:00+0200,21.128283,MW,BE,BE,actual_onshore_wind_generation,Wind Onshore,2026-06-19T11:14:52Z
2026-06-19T11:14:37Z,2026-06-19T13:14:37+0200,55a1f5b5-d48d-4b49-917c-94a17c0073cb,2026-05-21T19:00:00Z,2026-05-21T21:00:00+0200,43.684792,MW,BE,BE,actual_onshore_wind_generation,Wind Onshore,2026-06-19T11:14:52Z
2026-06-19T11:14:37Z,2026-06-19T13:14:37+0200,55a1f5b5-d48d-4b49-917c-94a17c0073cb,2026-05-21T20:00:00Z,2026-05-21T22:00:00+0200,55.510181,MW,BE,BE,actual_onshore_wind_generation,Wind Onshore,2026-06-19T11:14:52Z
2026-06-19T11:14:37Z,2026-06-19T13:14:37+0200,55a1f5b5-d48d-4b49-917c-94a17c0073cb,2026-05-21T21:00:00Z,2026-05-21T23:00:00+0200,62.082708,MW,BE,BE,actual_onshore_wind_generation,Wind Onshore,2026-06-19T11:14:52Z
2026-06-19T11:14:37Z,2026-06-19T13:14:37+0200,55a1f5b5-d48d-4b49-917c-94a17c0073cb,2026-05-21T22:00:00Z,2026-05-22T00:00:00+0200,73.678344,MW,BE,BE,actual_onshore_wind_generation,Wind Onshore,2026-06-19T11:14:52Z
2026-06-19T11:14:37Z,2026-06-19T13:14:37+0200,55a1f5b5-d48d-4b49-917c-94a17c0073cb,2026-05-21T23:00:00Z,2026-05-22T01:00:00+0200,113.336893,MW,BE,BE,actual_onshore_wind_generation,Wind Onshore,2026-06-19T11:14:52Z
2026-06-19T11:14:37Z,2026-06-19T13:14:37+0200,55a1f5b5-d48d-4b49-917c-94a17c0073cb,2026-05-22T00:00:00Z,2026-05-22T02:00:00+0200,223.679098,MW,BE,BE,actual_onshore_wind_generation,Wind Onshore,2026-06-19T11:14:52Z
2026-06-19T11:14:37Z,2026-06-19T13:14:37+0200,55a1f5b5-d48d-4b49-917c-94a17c0073cb,2026-05-22T01:00:00Z,2026-05-22T03:00:00+0200,330.207402,MW,BE,BE,actual_onshore_wind_generation,Wind Onshore,2026-06-19T11:14:52Z
2026-06-19T11:14:37Z,2026-06-19T13:14:37+0200,55a1f5b5-d48d-4b49-917c-94a17c0073cb,2026-05-22T02:00:00Z,2026-05-22T04:00:00+0200,442.287167,MW,BE,BE,actual_onshore_wind_generation,Wind Onshore,2026-06-19T11:14:52Z
2026-06-19T11:14:37Z,2026-06-19T13:14:37+0200,55a1f5b5-d48d-4b49-917c-94a17c0073cb,2026-05-22T03:00:00Z,2026-05-22T05:00:00+0200,472.367872,MW,BE,BE,actual_onshore_wind_generation,Wind Onshore,2026-06-19T11:14:52Z
2026-06-19T11:14:37Z,2026-06-19T13:14:37+0200,55a1f5b5-d48d-4b49-917c-94a17c0073cb,2026-05-22T04:00:00Z,2026-05-22T06:00:00+0200,443.278379,MW,BE,BE,actual_onshore_wind_generation,Wind Onshore,2026-06-19T11:14:52Z
2026-06-19T11:14:37Z,2026-06-19T13:14:37+0200,55a1f5b5-d48d-4b49-917c-94a17c0073cb,2026-05-22T05:00:00Z,2026-05-22T07:00:00+0200,483.031774,MW,BE,BE,actual_onshore_wind_generation,Wind Onshore,2026-06-19T11:14:52Z
2026-06-19T11:14:37Z,2026-06-19T13:14:37+0200,55a1f5b5-d48d-4b49-917c-94a17c0073cb,2026-05-22T06:00:00Z,2026-05-22T08:00:00+0200,304.819905,MW,BE,BE,actual_onshore_wind_generation,Wind Onshore,2026-06-19T11:14:52Z
2026-06-19T11:14:37Z,2026-06-19T13:14:37+0200,55a1f5b5-d48d-4b49-917c-94a17c0073cb,2026-05-22T07:00:00Z,2026-05-22T09:00:00+0200,99.071415,MW,BE,BE,actual_onshore_wind_generation,Wind Onshore,2026-06-19T11:14:52Z
2026-06-19T11:14:37Z,2026-06-19T13:14:37+0200,55a1f5b5-d48d-4b49-917c-94a17c0073cb,2026-05-22T08:00:00Z,2026-05-22T10:00:00+0200,62.862837,MW,BE,BE,actual_onshore_wind_generation,Wind Onshore,2026-06-19T11:14:52Z
2026-06-19T11:14:37Z,2026-06-19T13:14:37+0200,55a1f5b5-d48d-4b49-917c-94a17c0073cb,2026-05-22T09:00:00Z,2026-05-22T11:00:00+0200,59.553787,MW,BE,BE,actual_onshore_wind_generation,Wind Onshore,2026-06-19T11:14:52Z
2026-06-19T11:14:37Z,2026-06-19T13:14:37+0200,55a1f5b5-d48d-4b49-917c-94a17c0073cb,2026-05-22T10:00:00Z,2026-05-22T12:00:00+0200,69.004022,MW,BE,BE,actual_onshore_wind_generation,Wind Onshore,2026-06-19T11:14:52Z
2026-06-19T11:14:37Z,2026-06-19T13:14:37+0200,55a1f5b5-d48d-4b49-917c-94a17c0073cb,2026-05-22T11:00:00Z,2026-05-22T13:00:00+0200,38.094704,MW,BE,BE,actual_onshore_wind_generation,Wind Onshore,2026-06-19T11:14:52Z
2026-06-19T11:14:37Z,2026-06-19T13:14:37+0200,55a1f5b5-d48d-4b49-917c-94a17c0073cb,2026-05-22T12:00:00Z,2026-05-22T14:00:00+0200,22.114467,MW,BE,BE,actual_onshore_wind_generation,Wind Onshore,2026-06-19T11:14:52Z
2026-06-19T11:14:37Z,2026-06-19T13:14:37+0200,55a1f5b5-d48d-4b49-917c-94a17c0073cb,2026-05-22T13:00:00Z,2026-05-22T15:00:00+0200,40.018559,MW,BE,BE,actual_onshore_wind_generation,Wind Onshore,2026-06-19T11:14:52Z
2026-06-19T11:14:37Z,2026-06-19T13:14:37+0200,55a1f5b5-d48d-4b49-917c-94a17c0073cb,2026-05-22T14:00:00Z,2026-05-22T16:00:00+0200,33.333871,MW,BE,BE,actual_onshore_wind_generation,Wind Onshore,2026-06-19T11:14:52Z
2026-06-19T11:14:37Z,2026-06-19T13:14:37+0200,55a1f5b5-d48d-4b49-917c-94a17c0073cb,2026-05-22T15:00:00Z,2026-05-22T17:00:00+0200,32.224071,MW,BE,BE,actual_onshore_wind_generation,Wind Onshore,2026-06-19T11:14:52Z
2026-06-19T11:14:37Z,2026-06-19T13:14:37+0200,55a1f5b5-d48d-4b49-917c-94a17c0073cb,2026-05-22T16:00:00Z,2026-05-22T18:00:00+0200,23.380464,MW,BE,BE,actual_onshore_wind_generation,Wind Onshore,2026-06-19T11:14:52Z
2026-06-19T11:14:37Z,2026-06-19T13:14:37+0200,55a1f5b5-d48d-4b49-917c-94a17c0073cb,2026-05-22T17:00:00Z,2026-05-22T19:00:00+0200,18.178883,MW,BE,BE,actual_onshore_wind_generation,Wind Onshore,2026-06-19T11:14:52Z
2026-06-19T11:14:37Z,2026-06-19T13:14:37+0200,55a1f5b5-d48d-4b49-917c-94a17c0073cb,2026-05-22T18:00:00Z,2026-05-22T20:00:00+0200,13.177697,MW,BE,BE,actual_onshore_wind_generation,Wind Onshore,2026-06-19T11:14:52Z
2026-06-19T11:14:37Z,2026-06-19T13:14:37+0200,55a1f5b5-d48d-4b49-917c-94a17c0073cb,2026-05-22T19:00:00Z,2026-05-22T21:00:00+0200,23.315046,MW,BE,BE,actual_onshore_wind_generation,Wind Onshore,2026-06-19T11:14:52Z
2026-06-19T11:14:37Z,2026-06-19T13:14:37+0200,55a1f5b5-d48d-4b49-917c-94a17c0073cb,2026-05-22T20:00:00Z,2026-05-22T22:00:00+0200,41.78917,MW,BE,BE,actual_onshore_wind_generation,Wind Onshore,2026-06-19T11:14:52Z
2026-06-19T11:14:37Z,2026-06-19T13:14:37+0200,55a1f5b5-d48d-4b49-917c-94a17c0073cb,2026-05-22T21:00:00Z,2026-05-22T23:00:00+0200,68.370815,MW,BE,BE,actual_onshore_wind_generation,Wind Onshore,2026-06-19T11:14:52Z
2026-06-19T11:14:37Z,2026-06-19T13:14:37+0200,55a1f5b5-d48d-4b49-917c-94a17c0073cb,2026-05-22T22:00:00Z,2026-05-23T00:00:00+0200,51.78133,MW,BE,BE,actual_onshore_wind_generation,Wind Onshore,2026-06-19T11:14:52Z
2026-06-19T11:14:37Z,2026-06-19T13:14:37+0200,55a1f5b5-d48d-4b49-917c-94a17c0073cb,2026-05-22T23:00:00Z,2026-05-23T01:00:00+0200,40.702295,MW,BE,BE,actual_onshore_wind_generation,Wind Onshore,2026-06-19T11:14:52Z
2026-06-19T11:14:37Z,2026-06-19T13:14:37+0200,55a1f5b5-d48d-4b49-917c-94a17c0073cb,2026-05-23T00:00:00Z,2026-05-23T02:00:00+0200,53.618467,MW,BE,BE,actual_onshore_wind_generation,Wind Onshore,2026-06-19T11:14:52Z
2026-06-19T11:14:37Z,2026-06-19T13:14:37+0200,55a1f5b5-d48d-4b49-917c-94a17c0073cb,2026-05-23T01:00:00Z,2026-05-23T03:00:00+0200,52.49528,MW,BE,BE,actual_onshore_wind_generation,Wind Onshore,2026-06-19T11:14:52Z
2026-06-19T11:14:37Z,2026-06-19T13:14:37+0200,55a1f5b5-d48d-4b49-917c-94a17c0073cb,2026-05-23T02:00:00Z,2026-05-23T04:00:00+0200,61.629764,MW,BE,BE,actual_onshore_wind_generation,Wind Onshore,2026-06-19T11:14:52Z
2026-06-19T11:14:37Z,2026-06-19T13:14:37+0200,55a1f5b5-d48d-4b49-917c-94a17c0073cb,2026-05-23T03:00:00Z,2026-05-23T05:00:00+0200,82.885375,MW,BE,BE,actual_onshore_wind_generation,Wind Onshore,2026-06-19T11:14:52Z
2026-06-19T11:14:37Z,2026-06-19T13:14:37+0200,55a1f5b5-d48d-4b49-917c-94a17c0073cb,2026-05-23T04:00:00Z,2026-05-23T06:00:00+0200,110.383029,MW,BE,BE,actual_onshore_wind_generation,Wind Onshore,2026-06-19T11:14:52Z
2026-06-19T11:14:37Z,2026-06-19T13:14:37+0200,55a1f5b5-d48d-4b49-917c-94a17c0073cb,2026-05-23T05:00:00Z,2026-05-23T07:00:00+0200,151.194425,MW,BE,BE,actual_onshore_wind_generation,Wind Onshore,2026-06-19T11:14:52Z
2026-06-19T11:14:37Z,2026-06-19T13:14:37+0200,55a1f5b5-d48d-4b49-917c-94a17c0073cb,2026-05-23T06:00:00Z,2026-05-23T08:00:00+0200,149.135891,MW,BE,BE,actual_onshore_wind_generation,Wind Onshore,2026-06-19T11:14:52Z
2026-06-19T11:14:37Z,2026-06-19T13:14:37+0200,55a1f5b5-d48d-4b49-917c-94a17c0073cb,2026-05-23T07:00:00Z,2026-05-23T09:00:00+0200,64.648083,MW,BE,BE,actual_onshore_wind_generation,Wind Onshore,2026-06-19T11:14:52Z
2026-06-19T11:14:37Z,2026-06-19T13:14:37+0200,55a1f5b5-d48d-4b49-917c-94a17c0073cb,2026-05-23T08:00:00Z,2026-05-23T10:00:00+0200,47.8173,MW,BE,BE,actual_onshore_wind_generation,Wind Onshore,2026-06-19T11:14:52Z
2026-06-19T11:14:37Z,2026-06-19T13:14:37+0200,55a1f5b5-d48d-4b49-917c-94a17c0073cb,2026-05-23T09:00:00Z,2026-05-23T11:00:00+0200,38.113299,MW,BE,BE,actual_onshore_wind_generation,Wind Onshore,2026-06-19T11:14:52Z
2026-06-19T11:14:37Z,2026-06-19T13:14:37+0200,55a1f5b5-d48d-4b49-917c-94a17c0073cb,2026-05-23T10:00:00Z,2026-05-23T12:00:00+0200,50.520355,MW,BE,BE,actual_onshore_wind_generation,Wind Onshore,2026-06-19T11:14:52Z
2026-06-19T11:14:37Z,2026-06-19T13:14:37+0200,55a1f5b5-d48d-4b49-917c-94a17c0073cb,2026-05-23T11:00:00Z,2026-05-23T13:00:00+0200,44.63531,MW,BE,BE,actual_onshore_wind_generation,Wind Onshore,2026-06-19T11:14:52Z
2026-06-19T11:14:37Z,2026-06-19T13:14:37+0200,55a1f5b5-d48d-4b49-917c-94a17c0073cb,2026-05-23T12:00:00Z,2026-05-23T14:00:00+0200,38.059747,MW,BE,BE,actual_onshore_wind_generation,Wind Onshore,2026-06-19T11:14:52Z
2026-06-19T11:14:37Z,2026-06-19T13:14:37+0200,55a1f5b5-d48d-4b49-917c-94a17c0073cb,2026-05-23T13:00:00Z,2026-05-23T15:00:00+0200,42.722607,MW,BE,BE,actual_onshore_wind_generation,Wind Onshore,2026-06-19T11:14:52Z
2026-06-19T11:14:37Z,2026-06-19T13:14:37+0200,55a1f5b5-d48d-4b49-917c-94a17c0073cb,2026-05-23T14:00:00Z,2026-05-23T16:00:00+0200,34.605656,MW,BE,BE,actual_onshore_wind_generation,Wind Onshore,2026-06-19T11:14:52Z
2026-06-19T11:14:37Z,2026-06-19T13:14:37+0200,55a1f5b5-d48d-4b49-917c-94a17c0073cb,2026-05-23T15:00:00Z,2026-05-23T17:00:00+0200,52.75223,MW,BE,BE,actual_onshore_wind_generation,Wind Onshore,2026-06-19T11:14:52Z
2026-06-19T11:14:37Z,2026-06-19T13:14:37+0200,55a1f5b5-d48d-4b49-917c-94a17c0073cb,2026-05-23T16:00:00Z,2026-05-23T18:00:00+0200,65.23357,MW,BE,BE,actual_onshore_wind_generation,Wind Onshore,2026-06-19T11:14:52Z
2026-06-19T11:14:37Z,2026-06-19T13:14:37+0200,55a1f5b5-d48d-4b49-917c-94a17c0073cb,2026-05-23T17:00:00Z,2026-05-23T19:00:00+0200,109.482992,MW,BE,BE,actual_onshore_wind_generation,Wind Onshore,2026-06-19T11:14:52Z
2026-06-19T11:14:37Z,2026-06-19T13:14:37+0200,55a1f5b5-d48d-4b49-917c-94a17c0073cb,2026-05-23T18:00:00Z,2026-05-23T20:00:00+0200,117.211279,MW,BE,BE,actual_onshore_wind_generation,Wind Onshore,2026-06-19T11:14:52Z
2026-06-19T11:14:37Z,2026-06-19T13:14:37+0200,55a1f5b5-d48d-4b49-917c-94a17c0073cb,2026-05-23T19:00:00Z,2026-05-23T21:00:00+0200,107.042184,MW,BE,BE,actual_onshore_wind_generation,Wind Onshore,2026-06-19T11:14:52Z
2026-06-19T11:14:37Z,2026-06-19T13:14:37+0200,55a1f5b5-d48d-4b49-917c-94a17c0073cb,2026-05-23T20:00:00Z,2026-05-23T22:00:00+0200,158.536461,MW,BE,BE,actual_onshore_wind_generation,Wind Onshore,2026-06-19T11:14:52Z
2026-06-19T11:14:37Z,2026-06-19T13:14:37+0200,55a1f5b5-d48d-4b49-917c-94a17c0073cb,2026-05-23T21:00:00Z,2026-05-23T23:00:00+0200,147.83632,MW,BE,BE,actual_onshore_wind_generation,Wind Onshore,2026-06-19T11:14:52Z
2026-06-19T11:14:37Z,2026-06-19T13:14:37+0200,55a1f5b5-d48d-4b49-917c-94a17c0073cb,2026-05-23T22:00:00Z,2026-05-24T00:00:00+0200,172.214955,MW,BE,BE,actual_onshore_wind_generation,Wind Onshore,2026-06-19T11:14:52Z
2026-06-19T11:14:37Z,2026-06-19T13:14:37+0200,55a1f5b5-d48d-4b49-917c-94a17c0073cb,2026-05-23T23:00:00Z,2026-05-24T01:00:00+0200,143.43337,MW,BE,BE,actual_onshore_wind_generation,Wind Onshore,2026-06-19T11:14:52Z
2026-06-19T11:14:37Z,2026-06-19T13:14:37+0200,55a1f5b5-d48d-4b49-917c-94a17c0073cb,2026-05-24T00:00:00Z,2026-05-24T02:00:00+0200,141.882667,MW,BE,BE,actual_onshore_wind_generation,Wind Onshore,2026-06-19T11:14:52Z
2026-06-19T11:14:37Z,2026-06-19T13:14:37+0200,55a1f5b5-d48d-4b49-917c-94a17c0073cb,2026-05-24T01:00:00Z,2026-05-24T03:00:00+0200,149.82958,MW,BE,BE,actual_onshore_wind_generation,Wind Onshore,2026-06-19T11:14:52Z
2026-06-19T11:14:37Z,2026-06-19T13:14:37+0200,55a1f5b5-d48d-4b49-917c-94a17c0073cb,2026-05-24T02:00:00Z,2026-05-24T04:00:00+0200,182.502604,MW,BE,BE,actual_onshore_wind_generation,Wind Onshore,2026-06-19T11:14:52Z
2026-06-19T11:14:37Z,2026-06-19T13:14:37+0200,55a1f5b5-d48d-4b49-917c-94a17c0073cb,2026-05-24T03:00:00Z,2026-05-24T05:00:00+0200,181.010339,MW,BE,BE,actual_onshore_wind_generation,Wind Onshore,2026-06-19T11:14:52Z
2026-06-19T11:14:37Z,2026-06-19T13:14:37+0200,55a1f5b5-d48d-4b49-917c-94a17c0073cb,2026-05-24T04:00:00Z,2026-05-24T06:00:00+0200,183.703711,MW,BE,BE,actual_onshore_wind_generation,Wind Onshore,2026-06-19T11:14:52Z
2026-06-19T11:14:37Z,2026-06-19T13:14:37+0200,55a1f5b5-d48d-4b49-917c-94a17c0073cb,2026-05-24T05:00:00Z,2026-05-24T07:00:00+0200,229.025942,MW,BE,BE,actual_onshore_wind_generation,Wind Onshore,2026-06-19T11:14:52Z
2026-06-19T11:14:37Z,2026-06-19T13:14:37+0200,55a1f5b5-d48d-4b49-917c-94a17c0073cb,2026-05-24T06:00:00Z,2026-05-24T08:00:00+0200,144.555854,MW,BE,BE,actual_onshore_wind_generation,Wind Onshore,2026-06-19T11:14:52Z
2026-06-19T11:14:37Z,2026-06-19T13:14:37+0200,55a1f5b5-d48d-4b49-917c-94a17c0073cb,2026-05-24T07:00:00Z,2026-05-24T09:00:00+0200,68.920353,MW,BE,BE,actual_onshore_wind_generation,Wind Onshore,2026-06-19T11:14:52Z
2026-06-19T11:14:37Z,2026-06-19T13:14:37+0200,55a1f5b5-d48d-4b49-917c-94a17c0073cb,2026-05-24T08:00:00Z,2026-05-24T10:00:00+0200,54.536879,MW,BE,BE,actual_onshore_wind_generation,Wind Onshore,2026-06-19T11:14:52Z
2026-06-19T11:14:37Z,2026-06-19T13:14:37+0200,55a1f5b5-d48d-4b49-917c-94a17c0073cb,2026-05-24T09:00:00Z,2026-05-24T11:00:00+0200,61.50997,MW,BE,BE,actual_onshore_wind_generation,Wind Onshore,2026-06-19T11:14:52Z
2026-06-19T11:14:37Z,2026-06-19T13:14:37+0200,55a1f5b5-d48d-4b49-917c-94a17c0073cb,2026-05-24T10:00:00Z,2026-05-24T12:00:00+0200,30.223784,MW,BE,BE,actual_onshore_wind_generation,Wind Onshore,2026-06-19T11:14:52Z
2026-06-19T11:14:37Z,2026-06-19T13:14:37+0200,55a1f5b5-d48d-4b49-917c-94a17c0073cb,2026-05-24T11:00:00Z,2026-05-24T13:00:00+0200,25.599984,MW,BE,BE,actual_onshore_wind_generation,Wind Onshore,2026-06-19T11:14:52Z
2026-06-19T11:14:37Z,2026-06-19T13:14:37+0200,55a1f5b5-d48d-4b49-917c-94a17c0073cb,2026-05-24T12:00:00Z,2026-05-24T14:00:00+0200,28.238372,MW,BE,BE,actual_onshore_wind_generation,Wind Onshore,2026-06-19T11:14:52Z
2026-06-19T11:14:37Z,2026-06-19T13:14:37+0200,55a1f5b5-d48d-4b49-917c-94a17c0073cb,2026-05-24T13:00:00Z,2026-05-24T15:00:00+0200,52.82939,MW,BE,BE,actual_onshore_wind_generation,Wind Onshore,2026-06-19T11:14:52Z
2026-06-19T11:14:37Z,2026-06-19T13:14:37+0200,55a1f5b5-d48d-4b49-917c-94a17c0073cb,2026-05-24T14:00:00Z,2026-05-24T16:00:00+0200,92.485068,MW,BE,BE,actual_onshore_wind_generation,Wind Onshore,2026-06-19T11:14:52Z
2026-06-19T11:14:37Z,2026-06-19T13:14:37+0200,55a1f5b5-d48d-4b49-917c-94a17c0073cb,2026-05-24T15:00:00Z,2026-05-24T17:00:00+0200,124.637688,MW,BE,BE,actual_onshore_wind_generation,Wind Onshore,2026-06-19T11:14:52Z
2026-06-19T11:14:37Z,2026-06-19T13:14:37+0200,55a1f5b5-d48d-4b49-917c-94a17c0073cb,2026-05-24T16:00:00Z,2026-05-24T18:00:00+0200,168.700762,MW,BE,BE,actual_onshore_wind_generation,Wind Onshore,2026-06-19T11:14:52Z
2026-06-19T11:14:37Z,2026-06-19T13:14:37+0200,55a1f5b5-d48d-4b49-917c-94a17c0073cb,2026-05-24T17:00:00Z,2026-05-24T19:00:00+0200,207.74515,MW,BE,BE,actual_onshore_wind_generation,Wind Onshore,2026-06-19T11:14:52Z
2026-06-19T11:14:37Z,2026-06-19T13:14:37+0200,55a1f5b5-d48d-4b49-917c-94a17c0073cb,2026-05-24T18:00:00Z,2026-05-24T20:00:00+0200,233.168974,MW,BE,BE,actual_onshore_wind_generation,Wind Onshore,2026-06-19T11:14:52Z
2026-06-19T11:14:37Z,2026-06-19T13:14:37+0200,55a1f5b5-d48d-4b49-917c-94a17c0073cb,2026-05-24T19:00:00Z,2026-05-24T21:00:00+0200,352.676779,MW,BE,BE,actual_onshore_wind_generation,Wind Onshore,2026-06-19T11:14:52Z
2026-06-19T11:14:37Z,2026-06-19T13:14:37+0200,55a1f5b5-d48d-4b49-917c-94a17c0073cb,2026-05-24T20:00:00Z,2026-05-24T22:00:00+0200,509.272668,MW,BE,BE,actual_onshore_wind_generation,Wind Onshore,2026-06-19T11:14:52Z
2026-06-19T11:14:37Z,2026-06-19T13:14:37+0200,55a1f5b5-d48d-4b49-917c-94a17c0073cb,2026-05-24T21:00:00Z,2026-05-24T23:00:00+0200,641.824744,MW,BE,BE,actual_onshore_wind_generation,Wind Onshore,2026-06-19T11:14:52Z
2026-06-19T11:14:37Z,2026-06-19T13:14:37+0200,55a1f5b5-d48d-4b49-917c-94a17c0073cb,2026-05-24T22:00:00Z,2026-05-25T00:00:00+0200,650.123392,MW,BE,BE,actual_onshore_wind_generation,Wind Onshore,2026-06-19T11:14:52Z
2026-06-19T11:14:37Z,2026-06-19T13:14:37+0200,55a1f5b5-d48d-4b49-917c-94a17c0073cb,2026-05-24T23:00:00Z,2026-05-25T01:00:00+0200,627.750493,MW,BE,BE,actual_onshore_wind_generation,Wind Onshore,2026-06-19T11:14:52Z
2026-06-19T11:14:37Z,2026-06-19T13:14:37+0200,55a1f5b5-d48d-4b49-917c-94a17c0073cb,2026-05-25T00:00:00Z,2026-05-25T02:00:00+0200,550.877723,MW,BE,BE,actual_onshore_wind_generation,Wind Onshore,2026-06-19T11:14:52Z
2026-06-19T11:14:37Z,2026-06-19T13:14:37+0200,55a1f5b5-d48d-4b49-917c-94a17c0073cb,2026-05-25T01:00:00Z,2026-05-25T03:00:00+0200,438.86253,MW,BE,BE,actual_onshore_wind_generation,Wind Onshore,2026-06-19T11:14:52Z
2026-06-19T11:14:37Z,2026-06-19T13:14:37+0200,55a1f5b5-d48d-4b49-917c-94a17c0073cb,2026-05-25T02:00:00Z,2026-05-25T04:00:00+0200,319.974123,MW,BE,BE,actual_onshore_wind_generation,Wind Onshore,2026-06-19T11:14:52Z
2026-06-19T11:14:37Z,2026-06-19T13:14:37+0200,55a1f5b5-d48d-4b49-917c-94a17c0073cb,2026-05-25T03:00:00Z,2026-05-25T05:00:00+0200,211.555215,MW,BE,BE,actual_onshore_wind_generation,Wind Onshore,2026-06-19T11:14:52Z
2026-06-19T11:14:37Z,2026-06-19T13:14:37+0200,55a1f5b5-d48d-4b49-917c-94a17c0073cb,2026-05-25T04:00:00Z,2026-05-25T06:00:00+0200,158.816948,MW,BE,BE,actual_onshore_wind_generation,Wind Onshore,2026-06-19T11:14:52Z
2026-06-19T11:14:37Z,2026-06-19T13:14:37+0200,55a1f5b5-d48d-4b49-917c-94a17c0073cb,2026-05-25T05:00:00Z,2026-05-25T07:00:00+0200,94.366968,MW,BE,BE,actual_onshore_wind_generation,Wind Onshore,2026-06-19T11:14:52Z
2026-06-19T11:14:37Z,2026-06-19T13:14:37+0200,55a1f5b5-d48d-4b49-917c-94a17c0073cb,2026-05-25T06:00:00Z,2026-05-25T08:00:00+0200,44.741597,MW,BE,BE,actual_onshore_wind_generation,Wind Onshore,2026-06-19T11:14:52Z
2026-06-19T11:14:37Z,2026-06-19T13:14:37+0200,55a1f5b5-d48d-4b49-917c-94a17c0073cb,2026-05-25T07:00:00Z,2026-05-25T09:00:00+0200,14.098922,MW,BE,BE,actual_onshore_wind_generation,Wind Onshore,2026-06-19T11:14:52Z
2026-06-19T11:14:37Z,2026-06-19T13:14:37+0200,55a1f5b5-d48d-4b49-917c-94a17c0073cb,2026-05-25T08:00:00Z,2026-05-25T10:00:00+0200,21.159432,MW,BE,BE,actual_onshore_wind_generation,Wind Onshore,2026-06-19T11:14:52Z
2026-06-19T11:14:37Z,2026-06-19T13:14:37+0200,55a1f5b5-d48d-4b49-917c-94a17c0073cb,2026-05-25T09:00:00Z,2026-05-25T11:00:00+0200,36.297884,MW,BE,BE,actual_onshore_wind_generation,Wind Onshore,2026-06-19T11:14:52Z
2026-06-19T11:14:37Z,2026-06-19T13:14:37+0200,55a1f5b5-d48d-4b49-917c-94a17c0073cb,2026-05-25T10:00:00Z,2026-05-25T12:00:00+0200,37.947379,MW,BE,BE,actual_onshore_wind_generation,Wind Onshore,2026-06-19T11:14:52Z
2026-06-19T11:14:37Z,2026-06-19T13:14:37+0200,55a1f5b5-d48d-4b49-917c-94a17c0073cb,2026-05-25T11:00:00Z,2026-05-25T13:00:00+0200,48.252059,MW,BE,BE,actual_onshore_wind_generation,Wind Onshore,2026-06-19T11:14:52Z
2026-06-19T11:14:37Z,2026-06-19T13:14:37+0200,55a1f5b5-d48d-4b49-917c-94a17c0073cb,2026-05-25T12:00:00Z,2026-05-25T14:00:00+0200,52.378592,MW,BE,BE,actual_onshore_wind_generation,Wind Onshore,2026-06-19T11:14:52Z
2026-06-19T11:14:37Z,2026-06-19T13:14:37+0200,55a1f5b5-d48d-4b49-917c-94a17c0073cb,2026-05-25T13:00:00Z,2026-05-25T15:00:00+0200,75.938136,MW,BE,BE,actual_onshore_wind_generation,Wind Onshore,2026-06-19T11:14:52Z
2026-06-19T11:14:37Z,2026-06-19T13:14:37+0200,55a1f5b5-d48d-4b49-917c-94a17c0073cb,2026-05-25T14:00:00Z,2026-05-25T16:00:00+0200,96.968301,MW,BE,BE,actual_onshore_wind_generation,Wind Onshore,2026-06-19T11:14:52Z
2026-06-19T11:14:37Z,2026-06-19T13:14:37+0200,55a1f5b5-d48d-4b49-917c-94a17c0073cb,2026-05-25T15:00:00Z,2026-05-25T17:00:00+0200,109.115074,MW,BE,BE,actual_onshore_wind_generation,Wind Onshore,2026-06-19T11:14:52Z
2026-06-19T11:14:37Z,2026-06-19T13:14:37+0200,55a1f5b5-d48d-4b49-917c-94a17c0073cb,2026-05-25T16:00:00Z,2026-05-25T18:00:00+0200,154.341914,MW,BE,BE,actual_onshore_wind_generation,Wind Onshore,2026-06-19T11:14:52Z
2026-06-19T11:14:37Z,2026-06-19T13:14:37+0200,55a1f5b5-d48d-4b49-917c-94a17c0073cb,2026-05-25T17:00:00Z,2026-05-25T19:00:00+0200,187.192235,MW,BE,BE,actual_onshore_wind_generation,Wind Onshore,2026-06-19T11:14:52Z
2026-06-19T11:14:37Z,2026-06-19T13:14:37+0200,55a1f5b5-d48d-4b49-917c-94a17c0073cb,2026-05-25T18:00:00Z,2026-05-25T20:00:00+0200,181.013031,MW,BE,BE,actual_onshore_wind_generation,Wind Onshore,2026-06-19T11:14:52Z
2026-06-19T11:14:37Z,2026-06-19T13:14:37+0200,55a1f5b5-d48d-4b49-917c-94a17c0073cb,2026-05-25T19:00:00Z,2026-05-25T21:00:00+0200,245.558306,MW,BE,BE,actual_onshore_wind_generation,Wind Onshore,2026-06-19T11:14:52Z
2026-06-19T11:14:37Z,2026-06-19T13:14:37+0200,55a1f5b5-d48d-4b49-917c-94a17c0073cb,2026-05-25T20:00:00Z,2026-05-25T22:00:00+0200,331.31873,MW,BE,BE,actual_onshore_wind_generation,Wind Onshore,2026-06-19T11:14:52Z
2026-06-19T11:14:37Z,2026-06-19T13:14:37+0200,55a1f5b5-d48d-4b49-917c-94a17c0073cb,2026-05-25T21:00:00Z,2026-05-25T23:00:00+0200,468.711933,MW,BE,BE,actual_onshore_wind_generation,Wind Onshore,2026-06-19T11:14:52Z
2026-06-19T11:14:37Z,2026-06-19T13:14:37+0200,55a1f5b5-d48d-4b49-917c-94a17c0073cb,2026-05-25T22:00:00Z,2026-05-26T00:00:00+0200,502.489589,MW,BE,BE,actual_onshore_wind_generation,Wind Onshore,2026-06-19T11:14:52Z
2026-06-19T11:14:37Z,2026-06-19T13:14:37+0200,55a1f5b5-d48d-4b49-917c-94a17c0073cb,2026-05-25T23:00:00Z,2026-05-26T01:00:00+0200,530.648741,MW,BE,BE,actual_onshore_wind_generation,Wind Onshore,2026-06-19T11:14:52Z
2026-06-19T11:14:37Z,2026-06-19T13:14:37+0200,55a1f5b5-d48d-4b49-917c-94a17c0073cb,2026-05-26T00:00:00Z,2026-05-26T02:00:00+0200,563.334577,MW,BE,BE,actual_onshore_wind_generation,Wind Onshore,2026-06-19T11:14:52Z
2026-06-19T11:14:37Z,2026-06-19T13:14:37+0200,55a1f5b5-d48d-4b49-917c-94a17c0073cb,2026-05-26T01:00:00Z,2026-05-26T03:00:00+0200,500.071808,MW,BE,BE,actual_onshore_wind_generation,Wind Onshore,2026-06-19T11:14:52Z
2026-06-19T11:14:37Z,2026-06-19T13:14:37+0200,55a1f5b5-d48d-4b49-917c-94a17c0073cb,2026-05-26T02:00:00Z,2026-05-26T04:00:00+0200,433.850334,MW,BE,BE,actual_onshore_wind_generation,Wind Onshore,2026-06-19T11:14:52Z
2026-06-19T11:14:37Z,2026-06-19T13:14:37+0200,55a1f5b5-d48d-4b49-917c-94a17c0073cb,2026-05-26T03:00:00Z,2026-05-26T05:00:00+0200,309.718795,MW,BE,BE,actual_onshore_wind_generation,Wind Onshore,2026-06-19T11:14:52Z
2026-06-19T11:14:37Z,2026-06-19T13:14:37+0200,55a1f5b5-d48d-4b49-917c-94a17c0073cb,2026-05-26T04:00:00Z,2026-05-26T06:00:00+0200,252.213505,MW,BE,BE,actual_onshore_wind_generation,Wind Onshore,2026-06-19T11:14:52Z
2026-06-19T11:14:37Z,2026-06-19T13:14:37+0200,55a1f5b5-d48d-4b49-917c-94a17c0073cb,2026-05-26T05:00:00Z,2026-05-26T07:00:00+0200,188.537251,MW,BE,BE,actual_onshore_wind_generation,Wind Onshore,2026-06-19T11:14:52Z
2026-06-19T11:14:37Z,2026-06-19T13:14:37+0200,55a1f5b5-d48d-4b49-917c-94a17c0073cb,2026-05-26T06:00:00Z,2026-05-26T08:00:00+0200,130.375332,MW,BE,BE,actual_onshore_wind_generation,Wind Onshore,2026-06-19T11:14:52Z
2026-06-19T11:14:37Z,2026-06-19T13:14:37+0200,55a1f5b5-d48d-4b49-917c-94a17c0073cb,2026-05-26T07:00:00Z,2026-05-26T09:00:00+0200,35.630683,MW,BE,BE,actual_onshore_wind_generation,Wind Onshore,2026-06-19T11:14:52Z
2026-06-19T11:14:37Z,2026-06-19T13:14:37+0200,55a1f5b5-d48d-4b49-917c-94a17c0073cb,2026-05-26T08:00:00Z,2026-05-26T10:00:00+0200,31.147772,MW,BE,BE,actual_onshore_wind_generation,Wind Onshore,2026-06-19T11:14:52Z
2026-06-19T11:14:37Z,2026-06-19T13:14:37+0200,55a1f5b5-d48d-4b49-917c-94a17c0073cb,2026-05-26T09:00:00Z,2026-05-26T11:00:00+0200,37.468481,MW,BE,BE,actual_onshore_wind_generation,Wind Onshore,2026-06-19T11:14:52Z
2026-06-19T11:14:37Z,2026-06-19T13:14:37+0200,55a1f5b5-d48d-4b49-917c-94a17c0073cb,2026-05-26T10:00:00Z,2026-05-26T12:00:00+0200,33.909127,MW,BE,BE,actual_onshore_wind_generation,Wind Onshore,2026-06-19T11:14:52Z
2026-06-19T11:14:37Z,2026-06-19T13:14:37+0200,55a1f5b5-d48d-4b49-917c-94a17c0073cb,2026-05-26T11:00:00Z,2026-05-26T13:00:00+0200,33.227615,MW,BE,BE,actual_onshore_wind_generation,Wind Onshore,2026-06-19T11:14:52Z
2026-06-19T11:14:37Z,2026-06-19T13:14:37+0200,55a1f5b5-d48d-4b49-917c-94a17c0073cb,2026-05-26T12:00:00Z,2026-05-26T14:00:00+0200,40.961479,MW,BE,BE,actual_onshore_wind_generation,Wind Onshore,2026-06-19T11:14:52Z
2026-06-19T11:14:37Z,2026-06-19T13:14:37+0200,55a1f5b5-d48d-4b49-917c-94a17c0073cb,2026-05-26T13:00:00Z,2026-05-26T15:00:00+0200,33.64938,MW,BE,BE,actual_onshore_wind_generation,Wind Onshore,2026-06-19T11:14:52Z
2026-06-19T11:14:37Z,2026-06-19T13:14:37+0200,55a1f5b5-d48d-4b49-917c-94a17c0073cb,2026-05-26T14:00:00Z,2026-05-26T16:00:00+0200,34.595535,MW,BE,BE,actual_onshore_wind_generation,Wind Onshore,2026-06-19T11:14:52Z
2026-06-19T11:14:37Z,2026-06-19T13:14:37+0200,55a1f5b5-d48d-4b49-917c-94a17c0073cb,2026-05-26T15:00:00Z,2026-05-26T17:00:00+0200,38.096543,MW,BE,BE,actual_onshore_wind_generation,Wind Onshore,2026-06-19T11:14:52Z
2026-06-19T11:14:37Z,2026-06-19T13:14:37+0200,55a1f5b5-d48d-4b49-917c-94a17c0073cb,2026-05-26T16:00:00Z,2026-05-26T18:00:00+0200,61.082527,MW,BE,BE,actual_onshore_wind_generation,Wind Onshore,2026-06-19T11:14:52Z
2026-06-19T11:14:37Z,2026-06-19T13:14:37+0200,55a1f5b5-d48d-4b49-917c-94a17c0073cb,2026-05-26T17:00:00Z,2026-05-26T19:00:00+0200,107.184944,MW,BE,BE,actual_onshore_wind_generation,Wind Onshore,2026-06-19T11:14:52Z
2026-06-19T11:14:37Z,2026-06-19T13:14:37+0200,55a1f5b5-d48d-4b49-917c-94a17c0073cb,2026-05-26T18:00:00Z,2026-05-26T20:00:00+0200,138.879401,MW,BE,BE,actual_onshore_wind_generation,Wind Onshore,2026-06-19T11:14:52Z
2026-06-19T11:14:37Z,2026-06-19T13:14:37+0200,55a1f5b5-d48d-4b49-917c-94a17c0073cb,2026-05-26T19:00:00Z,2026-05-26T21:00:00+0200,145.869766,MW,BE,BE,actual_onshore_wind_generation,Wind Onshore,2026-06-19T11:14:52Z
2026-06-19T11:14:37Z,2026-06-19T13:14:37+0200,55a1f5b5-d48d-4b49-917c-94a17c0073cb,2026-05-26T20:00:00Z,2026-05-26T22:00:00+0200,214.91474,MW,BE,BE,actual_onshore_wind_generation,Wind Onshore,2026-06-19T11:14:52Z
2026-06-19T11:14:37Z,2026-06-19T13:14:37+0200,55a1f5b5-d48d-4b49-917c-94a17c0073cb,2026-05-26T21:00:00Z,2026-05-26T23:00:00+0200,318.51038,MW,BE,BE,actual_onshore_wind_generation,Wind Onshore,2026-06-19T11:14:52Z
2026-06-19T11:14:37Z,2026-06-19T13:14:37+0200,55a1f5b5-d48d-4b49-917c-94a17c0073cb,2026-05-26T22:00:00Z,2026-05-27T00:00:00+0200,507.97892,MW,BE,BE,actual_onshore_wind_generation,Wind Onshore,2026-06-19T11:14:52Z
2026-06-19T11:14:37Z,2026-06-19T13:14:37+0200,55a1f5b5-d48d-4b49-917c-94a17c0073cb,2026-05-26T23:00:00Z,2026-05-27T01:00:00+0200,589.185622,MW,BE,BE,actual_onshore_wind_generation,Wind Onshore,2026-06-19T11:14:52Z
2026-06-19T11:14:37Z,2026-06-19T13:14:37+0200,55a1f5b5-d48d-4b49-917c-94a17c0073cb,2026-05-27T00:00:00Z,2026-05-27T02:00:00+0200,595.783079,MW,BE,BE,actual_onshore_wind_generation,Wind Onshore,2026-06-19T11:14:52Z
2026-06-19T11:14:37Z,2026-06-19T13:14:37+0200,55a1f5b5-d48d-4b49-917c-94a17c0073cb,2026-05-27T01:00:00Z,2026-05-27T03:00:00+0200,582.154641,MW,BE,BE,actual_onshore_wind_generation,Wind Onshore,2026-06-19T11:14:52Z
2026-06-19T11:14:37Z,2026-06-19T13:14:37+0200,55a1f5b5-d48d-4b49-917c-94a17c0073cb,2026-05-27T02:00:00Z,2026-05-27T04:00:00+0200,648.849024,MW,BE,BE,actual_onshore_wind_generation,Wind Onshore,2026-06-19T11:14:52Z
2026-06-19T11:14:37Z,2026-06-19T13:14:37+0200,55a1f5b5-d48d-4b49-917c-94a17c0073cb,2026-05-27T03:00:00Z,2026-05-27T05:00:00+0200,652.247582,MW,BE,BE,actual_onshore_wind_generation,Wind Onshore,2026-06-19T11:14:52Z
2026-06-19T11:14:37Z,2026-06-19T13:14:37+0200,55a1f5b5-d48d-4b49-917c-94a17c0073cb,2026-05-27T04:00:00Z,2026-05-27T06:00:00+0200,709.566313,MW,BE,BE,actual_onshore_wind_generation,Wind Onshore,2026-06-19T11:14:52Z
2026-06-19T11:14:37Z,2026-06-19T13:14:37+0200,55a1f5b5-d48d-4b49-917c-94a17c0073cb,2026-05-27T05:00:00Z,2026-05-27T07:00:00+0200,643.282041,MW,BE,BE,actual_onshore_wind_generation,Wind Onshore,2026-06-19T11:14:52Z
2026-06-19T11:14:37Z,2026-06-19T13:14:37+0200,55a1f5b5-d48d-4b49-917c-94a17c0073cb,2026-05-27T06:00:00Z,2026-05-27T08:00:00+0200,400.565166,MW,BE,BE,actual_onshore_wind_generation,Wind Onshore,2026-06-19T11:14:52Z
2026-06-19T11:14:37Z,2026-06-19T13:14:37+0200,55a1f5b5-d48d-4b49-917c-94a17c0073cb,2026-05-27T07:00:00Z,2026-05-27T09:00:00+0200,218.467271,MW,BE,BE,actual_onshore_wind_generation,Wind Onshore,2026-06-19T11:14:52Z
2026-06-19T11:14:37Z,2026-06-19T13:14:37+0200,55a1f5b5-d48d-4b49-917c-94a17c0073cb,2026-05-27T08:00:00Z,2026-05-27T10:00:00+0200,188.425803,MW,BE,BE,actual_onshore_wind_generation,Wind Onshore,2026-06-19T11:14:52Z
2026-06-19T11:14:37Z,2026-06-19T13:14:37+0200,55a1f5b5-d48d-4b49-917c-94a17c0073cb,2026-05-27T09:00:00Z,2026-05-27T11:00:00+0200,200.944882,MW,BE,BE,actual_onshore_wind_generation,Wind Onshore,2026-06-19T11:14:52Z
2026-06-19T11:14:37Z,2026-06-19T13:14:37+0200,55a1f5b5-d48d-4b49-917c-94a17c0073cb,2026-05-27T10:00:00Z,2026-05-27T12:00:00+0200,247.329883,MW,BE,BE,actual_onshore_wind_generation,Wind Onshore,2026-06-19T11:14:52Z
2026-06-19T11:14:37Z,2026-06-19T13:14:37+0200,55a1f5b5-d48d-4b49-917c-94a17c0073cb,2026-05-27T11:00:00Z,2026-05-27T13:00:00+0200,289.859167,MW,BE,BE,actual_onshore_wind_generation,Wind Onshore,2026-06-19T11:14:52Z
2026-06-19T11:14:37Z,2026-06-19T13:14:37+0200,55a1f5b5-d48d-4b49-917c-94a17c0073cb,2026-05-27T12:00:00Z,2026-05-27T14:00:00+0200,360.886614,MW,BE,BE,actual_onshore_wind_generation,Wind Onshore,2026-06-19T11:14:52Z
2026-06-19T11:14:37Z,2026-06-19T13:14:37+0200,55a1f5b5-d48d-4b49-917c-94a17c0073cb,2026-05-27T13:00:00Z,2026-05-27T15:00:00+0200,455.017175,MW,BE,BE,actual_onshore_wind_generation,Wind Onshore,2026-06-19T11:14:52Z
2026-06-19T11:14:37Z,2026-06-19T13:14:37+0200,55a1f5b5-d48d-4b49-917c-94a17c0073cb,2026-05-27T14:00:00Z,2026-05-27T16:00:00+0200,551.070214,MW,BE,BE,actual_onshore_wind_generation,Wind Onshore,2026-06-19T11:14:52Z
2026-06-19T11:14:37Z,2026-06-19T13:14:37+0200,55a1f5b5-d48d-4b49-917c-94a17c0073cb,2026-05-27T15:00:00Z,2026-05-27T17:00:00+0200,631.646838,MW,BE,BE,actual_onshore_wind_generation,Wind Onshore,2026-06-19T11:14:52Z
2026-06-19T11:14:37Z,2026-06-19T13:14:37+0200,55a1f5b5-d48d-4b49-917c-94a17c0073cb,2026-05-27T16:00:00Z,2026-05-27T18:00:00+0200,668.05331,MW,BE,BE,actual_onshore_wind_generation,Wind Onshore,2026-06-19T11:14:52Z
2026-06-19T11:14:37Z,2026-06-19T13:14:37+0200,55a1f5b5-d48d-4b49-917c-94a17c0073cb,2026-05-27T17:00:00Z,2026-05-27T19:00:00+0200,595.187659,MW,BE,BE,actual_onshore_wind_generation,Wind Onshore,2026-06-19T11:14:52Z
2026-06-19T11:14:37Z,2026-06-19T13:14:37+0200,55a1f5b5-d48d-4b49-917c-94a17c0073cb,2026-05-27T18:00:00Z,2026-05-27T20:00:00+0200,560.340209,MW,BE,BE,actual_onshore_wind_generation,Wind Onshore,2026-06-19T11:14:52Z
2026-06-19T11:14:37Z,2026-06-19T13:14:37+0200,55a1f5b5-d48d-4b49-917c-94a17c0073cb,2026-05-27T19:00:00Z,2026-05-27T21:00:00+0200,670.395202,MW,BE,BE,actual_onshore_wind_generation,Wind Onshore,2026-06-19T11:14:52Z
2026-06-19T11:14:37Z,2026-06-19T13:14:37+0200,55a1f5b5-d48d-4b49-917c-94a17c0073cb,2026-05-27T20:00:00Z,2026-05-27T22:00:00+0200,840.713498,MW,BE,BE,actual_onshore_wind_generation,Wind Onshore,2026-06-19T11:14:52Z
2026-06-19T11:14:37Z,2026-06-19T13:14:37+0200,55a1f5b5-d48d-4b49-917c-94a17c0073cb,2026-05-27T21:00:00Z,2026-05-27T23:00:00+0200,917.165285,MW,BE,BE,actual_onshore_wind_generation,Wind Onshore,2026-06-19T11:14:52Z
2026-06-19T11:14:37Z,2026-06-19T13:14:37+0200,55a1f5b5-d48d-4b49-917c-94a17c0073cb,2026-05-27T22:00:00Z,2026-05-28T00:00:00+0200,943.983838,MW,BE,BE,actual_onshore_wind_generation,Wind Onshore,2026-06-19T11:14:52Z
2026-06-19T11:14:37Z,2026-06-19T13:14:37+0200,55a1f5b5-d48d-4b49-917c-94a17c0073cb,2026-05-27T23:00:00Z,2026-05-28T01:00:00+0200,858.869517,MW,BE,BE,actual_onshore_wind_generation,Wind Onshore,2026-06-19T11:14:52Z
2026-06-19T11:14:37Z,2026-06-19T13:14:37+0200,55a1f5b5-d48d-4b49-917c-94a17c0073cb,2026-05-28T00:00:00Z,2026-05-28T02:00:00+0200,813.026096,MW,BE,BE,actual_onshore_wind_generation,Wind Onshore,2026-06-19T11:14:52Z
2026-06-19T11:14:37Z,2026-06-19T13:14:37+0200,55a1f5b5-d48d-4b49-917c-94a17c0073cb,2026-05-28T01:00:00Z,2026-05-28T03:00:00+0200,741.581827,MW,BE,BE,actual_onshore_wind_generation,Wind Onshore,2026-06-19T11:14:52Z
2026-06-19T11:14:37Z,2026-06-19T13:14:37+0200,55a1f5b5-d48d-4b49-917c-94a17c0073cb,2026-05-28T02:00:00Z,2026-05-28T04:00:00+0200,661.375665,MW,BE,BE,actual_onshore_wind_generation,Wind Onshore,2026-06-19T11:14:52Z
2026-06-19T11:14:37Z,2026-06-19T13:14:37+0200,55a1f5b5-d48d-4b49-917c-94a17c0073cb,2026-05-28T03:00:00Z,2026-05-28T05:00:00+0200,559.121097,MW,BE,BE,actual_onshore_wind_generation,Wind Onshore,2026-06-19T11:14:52Z
2026-06-19T11:14:37Z,2026-06-19T13:14:37+0200,55a1f5b5-d48d-4b49-917c-94a17c0073cb,2026-05-28T04:00:00Z,2026-05-28T06:00:00+0200,495.997469,MW,BE,BE,actual_onshore_wind_generation,Wind Onshore,2026-06-19T11:14:52Z
2026-06-19T11:14:37Z,2026-06-19T13:14:37+0200,55a1f5b5-d48d-4b49-917c-94a17c0073cb,2026-05-28T05:00:00Z,2026-05-28T07:00:00+0200,355.214227,MW,BE,BE,actual_onshore_wind_generation,Wind Onshore,2026-06-19T11:14:52Z
2026-06-19T11:14:37Z,2026-06-19T13:14:37+0200,55a1f5b5-d48d-4b49-917c-94a17c0073cb,2026-05-28T06:00:00Z,2026-05-28T08:00:00+0200,180.613266,MW,BE,BE,actual_onshore_wind_generation,Wind Onshore,2026-06-19T11:14:52Z
2026-06-19T11:14:37Z,2026-06-19T13:14:37+0200,55a1f5b5-d48d-4b49-917c-94a17c0073cb,2026-05-28T07:00:00Z,2026-05-28T09:00:00+0200,92.116229,MW,BE,BE,actual_onshore_wind_generation,Wind Onshore,2026-06-19T11:14:52Z
2026-06-19T11:14:37Z,2026-06-19T13:14:37+0200,55a1f5b5-d48d-4b49-917c-94a17c0073cb,2026-05-28T08:00:00Z,2026-05-28T10:00:00+0200,71.700289,MW,BE,BE,actual_onshore_wind_generation,Wind Onshore,2026-06-19T11:14:52Z
2026-06-19T11:14:37Z,2026-06-19T13:14:37+0200,55a1f5b5-d48d-4b49-917c-94a17c0073cb,2026-05-28T09:00:00Z,2026-05-28T11:00:00+0200,94.107374,MW,BE,BE,actual_onshore_wind_generation,Wind Onshore,2026-06-19T11:14:52Z
2026-06-19T11:14:37Z,2026-06-19T13:14:37+0200,55a1f5b5-d48d-4b49-917c-94a17c0073cb,2026-05-28T10:00:00Z,2026-05-28T12:00:00+0200,89.368593,MW,BE,BE,actual_onshore_wind_generation,Wind Onshore,2026-06-19T11:14:52Z
2026-06-19T11:14:37Z,2026-06-19T13:14:37+0200,55a1f5b5-d48d-4b49-917c-94a17c0073cb,2026-05-28T11:00:00Z,2026-05-28T13:00:00+0200,91.798951,MW,BE,BE,actual_onshore_wind_generation,Wind Onshore,2026-06-19T11:14:52Z
2026-06-19T11:14:37Z,2026-06-19T13:14:37+0200,55a1f5b5-d48d-4b49-917c-94a17c0073cb,2026-05-28T12:00:00Z,2026-05-28T14:00:00+0200,55.43152,MW,BE,BE,actual_onshore_wind_generation,Wind Onshore,2026-06-19T11:14:52Z
2026-06-19T11:14:37Z,2026-06-19T13:14:37+0200,55a1f5b5-d48d-4b49-917c-94a17c0073cb,2026-05-28T13:00:00Z,2026-05-28T15:00:00+0200,46.431986,MW,BE,BE,actual_onshore_wind_generation,Wind Onshore,2026-06-19T11:14:52Z
2026-06-19T11:14:37Z,2026-06-19T13:14:37+0200,55a1f5b5-d48d-4b49-917c-94a17c0073cb,2026-05-28T14:00:00Z,2026-05-28T16:00:00+0200,70.88094,MW,BE,BE,actual_onshore_wind_generation,Wind Onshore,2026-06-19T11:14:52Z
2026-06-19T11:14:37Z,2026-06-19T13:14:37+0200,55a1f5b5-d48d-4b49-917c-94a17c0073cb,2026-05-28T15:00:00Z,2026-05-28T17:00:00+0200,85.470971,MW,BE,BE,actual_onshore_wind_generation,Wind Onshore,2026-06-19T11:14:52Z
2026-06-19T11:14:37Z,2026-06-19T13:14:37+0200,55a1f5b5-d48d-4b49-917c-94a17c0073cb,2026-05-28T16:00:00Z,2026-05-28T18:00:00+0200,86.485161,MW,BE,BE,actual_onshore_wind_generation,Wind Onshore,2026-06-19T11:14:52Z
2026-06-19T11:14:37Z,2026-06-19T13:14:37+0200,55a1f5b5-d48d-4b49-917c-94a17c0073cb,2026-05-28T17:00:00Z,2026-05-28T19:00:00+0200,63.843287,MW,BE,BE,actual_onshore_wind_generation,Wind Onshore,2026-06-19T11:14:52Z
2026-06-19T11:14:37Z,2026-06-19T13:14:37+0200,55a1f5b5-d48d-4b49-917c-94a17c0073cb,2026-05-28T18:00:00Z,2026-05-28T20:00:00+0200,90.82072,MW,BE,BE,actual_onshore_wind_generation,Wind Onshore,2026-06-19T11:14:52Z
2026-06-19T11:14:37Z,2026-06-19T13:14:37+0200,55a1f5b5-d48d-4b49-917c-94a17c0073cb,2026-05-28T19:00:00Z,2026-05-28T21:00:00+0200,255.477725,MW,BE,BE,actual_onshore_wind_generation,Wind Onshore,2026-06-19T11:14:52Z
2026-06-19T11:14:37Z,2026-06-19T13:14:37+0200,55a1f5b5-d48d-4b49-917c-94a17c0073cb,2026-05-28T20:00:00Z,2026-05-28T22:00:00+0200,368.350743,MW,BE,BE,actual_onshore_wind_generation,Wind Onshore,2026-06-19T11:14:52Z
2026-06-19T11:14:37Z,2026-06-19T13:14:37+0200,55a1f5b5-d48d-4b49-917c-94a17c0073cb,2026-05-28T21:00:00Z,2026-05-28T23:00:00+0200,478.344342,MW,BE,BE,actual_onshore_wind_generation,Wind Onshore,2026-06-19T11:14:52Z
2026-06-19T11:14:37Z,2026-06-19T13:14:37+0200,55a1f5b5-d48d-4b49-917c-94a17c0073cb,2026-05-28T22:00:00Z,2026-05-29T00:00:00+0200,675.692246,MW,BE,BE,actual_onshore_wind_generation,Wind Onshore,2026-06-19T11:14:52Z
2026-06-19T11:14:37Z,2026-06-19T13:14:37+0200,55a1f5b5-d48d-4b49-917c-94a17c0073cb,2026-05-28T23:00:00Z,2026-05-29T01:00:00+0200,743.470173,MW,BE,BE,actual_onshore_wind_generation,Wind Onshore,2026-06-19T11:14:52Z
2026-06-19T11:14:37Z,2026-06-19T13:14:37+0200,55a1f5b5-d48d-4b49-917c-94a17c0073cb,2026-05-29T00:00:00Z,2026-05-29T02:00:00+0200,788.388988,MW,BE,BE,actual_onshore_wind_generation,Wind Onshore,2026-06-19T11:14:52Z
2026-06-19T11:14:37Z,2026-06-19T13:14:37+0200,55a1f5b5-d48d-4b49-917c-94a17c0073cb,2026-05-29T01:00:00Z,2026-05-29T03:00:00+0200,718.848133,MW,BE,BE,actual_onshore_wind_generation,Wind Onshore,2026-06-19T11:14:52Z
2026-06-19T11:14:37Z,2026-06-19T13:14:37+0200,55a1f5b5-d48d-4b49-917c-94a17c0073cb,2026-05-29T02:00:00Z,2026-05-29T04:00:00+0200,777.028417,MW,BE,BE,actual_onshore_wind_generation,Wind Onshore,2026-06-19T11:14:52Z
2026-06-19T11:14:37Z,2026-06-19T13:14:37+0200,55a1f5b5-d48d-4b49-917c-94a17c0073cb,2026-05-29T03:00:00Z,2026-05-29T05:00:00+0200,829.816333,MW,BE,BE,actual_onshore_wind_generation,Wind Onshore,2026-06-19T11:14:52Z
2026-06-19T11:14:37Z,2026-06-19T13:14:37+0200,55a1f5b5-d48d-4b49-917c-94a17c0073cb,2026-05-29T04:00:00Z,2026-05-29T06:00:00+0200,749.757497,MW,BE,BE,actual_onshore_wind_generation,Wind Onshore,2026-06-19T11:14:52Z
2026-06-19T11:14:37Z,2026-06-19T13:14:37+0200,55a1f5b5-d48d-4b49-917c-94a17c0073cb,2026-05-29T05:00:00Z,2026-05-29T07:00:00+0200,721.415784,MW,BE,BE,actual_onshore_wind_generation,Wind Onshore,2026-06-19T11:14:52Z
2026-06-19T11:14:37Z,2026-06-19T13:14:37+0200,55a1f5b5-d48d-4b49-917c-94a17c0073cb,2026-05-29T06:00:00Z,2026-05-29T08:00:00+0200,555.037495,MW,BE,BE,actual_onshore_wind_generation,Wind Onshore,2026-06-19T11:14:52Z
2026-06-19T11:14:37Z,2026-06-19T13:14:37+0200,55a1f5b5-d48d-4b49-917c-94a17c0073cb,2026-05-29T07:00:00Z,2026-05-29T09:00:00+0200,306.106157,MW,BE,BE,actual_onshore_wind_generation,Wind Onshore,2026-06-19T11:14:52Z
2026-06-19T11:14:37Z,2026-06-19T13:14:37+0200,55a1f5b5-d48d-4b49-917c-94a17c0073cb,2026-05-29T08:00:00Z,2026-05-29T10:00:00+0200,259.611655,MW,BE,BE,actual_onshore_wind_generation,Wind Onshore,2026-06-19T11:14:52Z
2026-06-19T11:14:37Z,2026-06-19T13:14:37+0200,55a1f5b5-d48d-4b49-917c-94a17c0073cb,2026-05-29T09:00:00Z,2026-05-29T11:00:00+0200,279.700556,MW,BE,BE,actual_onshore_wind_generation,Wind Onshore,2026-06-19T11:14:52Z
2026-06-19T11:14:37Z,2026-06-19T13:14:37+0200,55a1f5b5-d48d-4b49-917c-94a17c0073cb,2026-05-29T10:00:00Z,2026-05-29T12:00:00+0200,346.915895,MW,BE,BE,actual_onshore_wind_generation,Wind Onshore,2026-06-19T11:14:52Z
2026-06-19T11:14:37Z,2026-06-19T13:14:37+0200,55a1f5b5-d48d-4b49-917c-94a17c0073cb,2026-05-29T11:00:00Z,2026-05-29T13:00:00+0200,399.517014,MW,BE,BE,actual_onshore_wind_generation,Wind Onshore,2026-06-19T11:14:52Z
2026-06-19T11:14:37Z,2026-06-19T13:14:37+0200,55a1f5b5-d48d-4b49-917c-94a17c0073cb,2026-05-29T12:00:00Z,2026-05-29T14:00:00+0200,409.29858,MW,BE,BE,actual_onshore_wind_generation,Wind Onshore,2026-06-19T11:14:52Z
2026-06-19T11:14:37Z,2026-06-19T13:14:37+0200,55a1f5b5-d48d-4b49-917c-94a17c0073cb,2026-05-29T13:00:00Z,2026-05-29T15:00:00+0200,557.87074,MW,BE,BE,actual_onshore_wind_generation,Wind Onshore,2026-06-19T11:14:52Z
2026-06-19T11:14:37Z,2026-06-19T13:14:37+0200,55a1f5b5-d48d-4b49-917c-94a17c0073cb,2026-05-29T14:00:00Z,2026-05-29T16:00:00+0200,678.825884,MW,BE,BE,actual_onshore_wind_generation,Wind Onshore,2026-06-19T11:14:52Z
2026-06-19T11:14:37Z,2026-06-19T13:14:37+0200,55a1f5b5-d48d-4b49-917c-94a17c0073cb,2026-05-29T15:00:00Z,2026-05-29T17:00:00+0200,915.167711,MW,BE,BE,actual_onshore_wind_generation,Wind Onshore,2026-06-19T11:14:52Z
2026-06-19T11:14:37Z,2026-06-19T13:14:37+0200,55a1f5b5-d48d-4b49-917c-94a17c0073cb,2026-05-29T16:00:00Z,2026-05-29T18:00:00+0200,529.977386,MW,BE,BE,actual_onshore_wind_generation,Wind Onshore,2026-06-19T11:14:52Z
2026-06-19T11:14:37Z,2026-06-19T13:14:37+0200,55a1f5b5-d48d-4b49-917c-94a17c0073cb,2026-05-29T17:00:00Z,2026-05-29T19:00:00+0200,455.603393,MW,BE,BE,actual_onshore_wind_generation,Wind Onshore,2026-06-19T11:14:52Z
2026-06-19T11:14:37Z,2026-06-19T13:14:37+0200,55a1f5b5-d48d-4b49-917c-94a17c0073cb,2026-05-29T18:00:00Z,2026-05-29T20:00:00+0200,208.972372,MW,BE,BE,actual_onshore_wind_generation,Wind Onshore,2026-06-19T11:14:52Z
2026-06-19T11:14:37Z,2026-06-19T13:14:37+0200,55a1f5b5-d48d-4b49-917c-94a17c0073cb,2026-05-29T19:00:00Z,2026-05-29T21:00:00+0200,184.386823,MW,BE,BE,actual_onshore_wind_generation,Wind Onshore,2026-06-19T11:14:52Z
2026-06-19T11:14:37Z,2026-06-19T13:14:37+0200,55a1f5b5-d48d-4b49-917c-94a17c0073cb,2026-05-29T20:00:00Z,2026-05-29T22:00:00+0200,146.571164,MW,BE,BE,actual_onshore_wind_generation,Wind Onshore,2026-06-19T11:14:52Z
2026-06-19T11:14:37Z,2026-06-19T13:14:37+0200,55a1f5b5-d48d-4b49-917c-94a17c0073cb,2026-05-29T21:00:00Z,2026-05-29T23:00:00+0200,165.06664,MW,BE,BE,actual_onshore_wind_generation,Wind Onshore,2026-06-19T11:14:52Z
2026-06-19T11:14:37Z,2026-06-19T13:14:37+0200,55a1f5b5-d48d-4b49-917c-94a17c0073cb,2026-05-29T22:00:00Z,2026-05-30T00:00:00+0200,256.209568,MW,BE,BE,actual_onshore_wind_generation,Wind Onshore,2026-06-19T11:14:52Z
2026-06-19T11:14:37Z,2026-06-19T13:14:37+0200,55a1f5b5-d48d-4b49-917c-94a17c0073cb,2026-05-29T23:00:00Z,2026-05-30T01:00:00+0200,284.999449,MW,BE,BE,actual_onshore_wind_generation,Wind Onshore,2026-06-19T11:14:52Z
2026-06-19T11:14:37Z,2026-06-19T13:14:37+0200,55a1f5b5-d48d-4b49-917c-94a17c0073cb,2026-05-30T00:00:00Z,2026-05-30T02:00:00+0200,253.46104,MW,BE,BE,actual_onshore_wind_generation,Wind Onshore,2026-06-19T11:14:52Z
2026-06-19T11:14:37Z,2026-06-19T13:14:37+0200,55a1f5b5-d48d-4b49-917c-94a17c0073cb,2026-05-30T01:00:00Z,2026-05-30T03:00:00+0200,164.544792,MW,BE,BE,actual_onshore_wind_generation,Wind Onshore,2026-06-19T11:14:52Z
2026-06-19T11:14:37Z,2026-06-19T13:14:37+0200,55a1f5b5-d48d-4b49-917c-94a17c0073cb,2026-05-30T02:00:00Z,2026-05-30T04:00:00+0200,173.642307,MW,BE,BE,actual_onshore_wind_generation,Wind Onshore,2026-06-19T11:14:52Z
2026-06-19T11:14:37Z,2026-06-19T13:14:37+0200,55a1f5b5-d48d-4b49-917c-94a17c0073cb,2026-05-30T03:00:00Z,2026-05-30T05:00:00+0200,173.317707,MW,BE,BE,actual_onshore_wind_generation,Wind Onshore,2026-06-19T11:14:52Z
2026-06-19T11:14:37Z,2026-06-19T13:14:37+0200,55a1f5b5-d48d-4b49-917c-94a17c0073cb,2026-05-30T04:00:00Z,2026-05-30T06:00:00+0200,169.062458,MW,BE,BE,actual_onshore_wind_generation,Wind Onshore,2026-06-19T11:14:52Z
2026-06-19T11:14:37Z,2026-06-19T13:14:37+0200,55a1f5b5-d48d-4b49-917c-94a17c0073cb,2026-05-30T05:00:00Z,2026-05-30T07:00:00+0200,186.753121,MW,BE,BE,actual_onshore_wind_generation,Wind Onshore,2026-06-19T11:14:52Z
2026-06-19T11:14:37Z,2026-06-19T13:14:37+0200,55a1f5b5-d48d-4b49-917c-94a17c0073cb,2026-05-30T06:00:00Z,2026-05-30T08:00:00+0200,268.955084,MW,BE,BE,actual_onshore_wind_generation,Wind Onshore,2026-06-19T11:14:52Z
2026-06-19T11:14:37Z,2026-06-19T13:14:37+0200,55a1f5b5-d48d-4b49-917c-94a17c0073cb,2026-05-30T07:00:00Z,2026-05-30T09:00:00+0200,349.894808,MW,BE,BE,actual_onshore_wind_generation,Wind Onshore,2026-06-19T11:14:52Z
2026-06-19T11:14:37Z,2026-06-19T13:14:37+0200,55a1f5b5-d48d-4b49-917c-94a17c0073cb,2026-05-30T08:00:00Z,2026-05-30T10:00:00+0200,425.806842,MW,BE,BE,actual_onshore_wind_generation,Wind Onshore,2026-06-19T11:14:52Z
2026-06-19T11:14:37Z,2026-06-19T13:14:37+0200,55a1f5b5-d48d-4b49-917c-94a17c0073cb,2026-05-30T09:00:00Z,2026-05-30T11:00:00+0200,282.858074,MW,BE,BE,actual_onshore_wind_generation,Wind Onshore,2026-06-19T11:14:52Z
2026-06-19T11:14:37Z,2026-06-19T13:14:37+0200,55a1f5b5-d48d-4b49-917c-94a17c0073cb,2026-05-30T10:00:00Z,2026-05-30T12:00:00+0200,210.09432,MW,BE,BE,actual_onshore_wind_generation,Wind Onshore,2026-06-19T11:14:52Z
2026-06-19T11:14:37Z,2026-06-19T13:14:37+0200,55a1f5b5-d48d-4b49-917c-94a17c0073cb,2026-05-30T11:00:00Z,2026-05-30T13:00:00+0200,175.831241,MW,BE,BE,actual_onshore_wind_generation,Wind Onshore,2026-06-19T11:14:52Z
2026-06-19T11:14:37Z,2026-06-19T13:14:37+0200,55a1f5b5-d48d-4b49-917c-94a17c0073cb,2026-05-30T12:00:00Z,2026-05-30T14:00:00+0200,103.333492,MW,BE,BE,actual_onshore_wind_generation,Wind Onshore,2026-06-19T11:14:52Z
2026-06-19T11:14:37Z,2026-06-19T13:14:37+0200,55a1f5b5-d48d-4b49-917c-94a17c0073cb,2026-05-30T13:00:00Z,2026-05-30T15:00:00+0200,85.31231,MW,BE,BE,actual_onshore_wind_generation,Wind Onshore,2026-06-19T11:14:52Z
2026-06-19T11:14:37Z,2026-06-19T13:14:37+0200,55a1f5b5-d48d-4b49-917c-94a17c0073cb,2026-05-30T14:00:00Z,2026-05-30T16:00:00+0200,157.245266,MW,BE,BE,actual_onshore_wind_generation,Wind Onshore,2026-06-19T11:14:52Z
2026-06-19T11:14:37Z,2026-06-19T13:14:37+0200,55a1f5b5-d48d-4b49-917c-94a17c0073cb,2026-05-30T15:00:00Z,2026-05-30T17:00:00+0200,186.82113,MW,BE,BE,actual_onshore_wind_generation,Wind Onshore,2026-06-19T11:14:52Z
2026-06-19T11:14:37Z,2026-06-19T13:14:37+0200,55a1f5b5-d48d-4b49-917c-94a17c0073cb,2026-05-30T16:00:00Z,2026-05-30T18:00:00+0200,308.029433,MW,BE,BE,actual_onshore_wind_generation,Wind Onshore,2026-06-19T11:14:52Z
2026-06-19T11:14:37Z,2026-06-19T13:14:37+0200,55a1f5b5-d48d-4b49-917c-94a17c0073cb,2026-05-30T17:00:00Z,2026-05-30T19:00:00+0200,380.751977,MW,BE,BE,actual_onshore_wind_generation,Wind Onshore,2026-06-19T11:14:52Z
2026-06-19T11:14:37Z,2026-06-19T13:14:37+0200,55a1f5b5-d48d-4b49-917c-94a17c0073cb,2026-05-30T18:00:00Z,2026-05-30T20:00:00+0200,384.400017,MW,BE,BE,actual_onshore_wind_generation,Wind Onshore,2026-06-19T11:14:52Z
2026-06-19T11:14:37Z,2026-06-19T13:14:37+0200,55a1f5b5-d48d-4b49-917c-94a17c0073cb,2026-05-30T19:00:00Z,2026-05-30T21:00:00+0200,470.609128,MW,BE,BE,actual_onshore_wind_generation,Wind Onshore,2026-06-19T11:14:52Z
2026-06-19T11:14:37Z,2026-06-19T13:14:37+0200,55a1f5b5-d48d-4b49-917c-94a17c0073cb,2026-05-30T20:00:00Z,2026-05-30T22:00:00+0200,449.028775,MW,BE,BE,actual_onshore_wind_generation,Wind Onshore,2026-06-19T11:14:52Z
2026-06-19T11:14:37Z,2026-06-19T13:14:37+0200,55a1f5b5-d48d-4b49-917c-94a17c0073cb,2026-05-30T21:00:00Z,2026-05-30T23:00:00+0200,593.2394,MW,BE,BE,actual_onshore_wind_generation,Wind Onshore,2026-06-19T11:14:52Z
2026-06-19T11:14:37Z,2026-06-19T13:14:37+0200,55a1f5b5-d48d-4b49-917c-94a17c0073cb,2026-05-30T22:00:00Z,2026-05-31T00:00:00+0200,637.750354,MW,BE,BE,actual_onshore_wind_generation,Wind Onshore,2026-06-19T11:14:52Z
2026-06-19T11:14:37Z,2026-06-19T13:14:37+0200,55a1f5b5-d48d-4b49-917c-94a17c0073cb,2026-05-30T23:00:00Z,2026-05-31T01:00:00+0200,732.100184,MW,BE,BE,actual_onshore_wind_generation,Wind Onshore,2026-06-19T11:14:52Z
2026-06-19T11:14:37Z,2026-06-19T13:14:37+0200,55a1f5b5-d48d-4b49-917c-94a17c0073cb,2026-05-31T00:00:00Z,2026-05-31T02:00:00+0200,727.818451,MW,BE,BE,actual_onshore_wind_generation,Wind Onshore,2026-06-19T11:14:52Z
2026-06-19T11:14:37Z,2026-06-19T13:14:37+0200,55a1f5b5-d48d-4b49-917c-94a17c0073cb,2026-05-31T01:00:00Z,2026-05-31T03:00:00+0200,636.628712,MW,BE,BE,actual_onshore_wind_generation,Wind Onshore,2026-06-19T11:14:52Z
2026-06-19T11:14:37Z,2026-06-19T13:14:37+0200,55a1f5b5-d48d-4b49-917c-94a17c0073cb,2026-05-31T02:00:00Z,2026-05-31T04:00:00+0200,836.060068,MW,BE,BE,actual_onshore_wind_generation,Wind Onshore,2026-06-19T11:14:52Z
2026-06-19T11:14:37Z,2026-06-19T13:14:37+0200,55a1f5b5-d48d-4b49-917c-94a17c0073cb,2026-05-31T03:00:00Z,2026-05-31T05:00:00+0200,973.719513,MW,BE,BE,actual_onshore_wind_generation,Wind Onshore,2026-06-19T11:14:52Z
2026-06-19T11:14:37Z,2026-06-19T13:14:37+0200,55a1f5b5-d48d-4b49-917c-94a17c0073cb,2026-05-31T04:00:00Z,2026-05-31T06:00:00+0200,800.683899,MW,BE,BE,actual_onshore_wind_generation,Wind Onshore,2026-06-19T11:14:52Z
2026-06-19T11:14:37Z,2026-06-19T13:14:37+0200,55a1f5b5-d48d-4b49-917c-94a17c0073cb,2026-05-31T05:00:00Z,2026-05-31T07:00:00+0200,581.070143,MW,BE,BE,actual_onshore_wind_generation,Wind Onshore,2026-06-19T11:14:52Z
2026-06-19T11:14:37Z,2026-06-19T13:14:37+0200,55a1f5b5-d48d-4b49-917c-94a17c0073cb,2026-05-31T06:00:00Z,2026-05-31T08:00:00+0200,526.960263,MW,BE,BE,actual_onshore_wind_generation,Wind Onshore,2026-06-19T11:14:52Z
2026-06-19T11:14:37Z,2026-06-19T13:14:37+0200,55a1f5b5-d48d-4b49-917c-94a17c0073cb,2026-05-31T07:00:00Z,2026-05-31T09:00:00+0200,566.45609,MW,BE,BE,actual_onshore_wind_generation,Wind Onshore,2026-06-19T11:14:52Z
2026-06-19T11:14:37Z,2026-06-19T13:14:37+0200,55a1f5b5-d48d-4b49-917c-94a17c0073cb,2026-05-31T08:00:00Z,2026-05-31T10:00:00+0200,678.020716,MW,BE,BE,actual_onshore_wind_generation,Wind Onshore,2026-06-19T11:14:52Z
2026-06-19T11:14:37Z,2026-06-19T13:14:37+0200,55a1f5b5-d48d-4b49-917c-94a17c0073cb,2026-05-31T09:00:00Z,2026-05-31T11:00:00+0200,782.250083,MW,BE,BE,actual_onshore_wind_generation,Wind Onshore,2026-06-19T11:14:52Z
2026-06-19T11:14:37Z,2026-06-19T13:14:37+0200,55a1f5b5-d48d-4b49-917c-94a17c0073cb,2026-05-31T10:00:00Z,2026-05-31T12:00:00+0200,908.503078,MW,BE,BE,actual_onshore_wind_generation,Wind Onshore,2026-06-19T11:14:52Z
2026-06-19T11:14:37Z,2026-06-19T13:14:37+0200,55a1f5b5-d48d-4b49-917c-94a17c0073cb,2026-05-31T11:00:00Z,2026-05-31T13:00:00+0200,958.317079,MW,BE,BE,actual_onshore_wind_generation,Wind Onshore,2026-06-19T11:14:52Z
2026-06-19T11:14:37Z,2026-06-19T13:14:37+0200,55a1f5b5-d48d-4b49-917c-94a17c0073cb,2026-05-31T12:00:00Z,2026-05-31T14:00:00+0200,717.211604,MW,BE,BE,actual_onshore_wind_generation,Wind Onshore,2026-06-19T11:14:52Z
2026-06-19T11:14:37Z,2026-06-19T13:14:37+0200,55a1f5b5-d48d-4b49-917c-94a17c0073cb,2026-05-31T13:00:00Z,2026-05-31T15:00:00+0200,809.796079,MW,BE,BE,actual_onshore_wind_generation,Wind Onshore,2026-06-19T11:14:52Z
2026-06-19T11:14:37Z,2026-06-19T13:14:37+0200,55a1f5b5-d48d-4b49-917c-94a17c0073cb,2026-05-31T14:00:00Z,2026-05-31T16:00:00+0200,1009.181538,MW,BE,BE,actual_onshore_wind_generation,Wind Onshore,2026-06-19T11:14:52Z
2026-06-19T11:14:37Z,2026-06-19T13:14:37+0200,55a1f5b5-d48d-4b49-917c-94a17c0073cb,2026-05-31T15:00:00Z,2026-05-31T17:00:00+0200,1078.279023,MW,BE,BE,actual_onshore_wind_generation,Wind Onshore,2026-06-19T11:14:52Z
2026-06-19T11:14:37Z,2026-06-19T13:14:37+0200,55a1f5b5-d48d-4b49-917c-94a17c0073cb,2026-05-31T16:00:00Z,2026-05-31T18:00:00+0200,1080.761188,MW,BE,BE,actual_onshore_wind_generation,Wind Onshore,2026-06-19T11:14:52Z
2026-06-19T11:14:37Z,2026-06-19T13:14:37+0200,55a1f5b5-d48d-4b49-917c-94a17c0073cb,2026-05-31T17:00:00Z,2026-05-31T19:00:00+0200,941.919407,MW,BE,BE,actual_onshore_wind_generation,Wind Onshore,2026-06-19T11:14:52Z
2026-06-19T11:14:37Z,2026-06-19T13:14:37+0200,55a1f5b5-d48d-4b49-917c-94a17c0073cb,2026-05-31T18:00:00Z,2026-05-31T20:00:00+0200,819.59504,MW,BE,BE,actual_onshore_wind_generation,Wind Onshore,2026-06-19T11:14:52Z
2026-06-19T11:14:37Z,2026-06-19T13:14:37+0200,55a1f5b5-d48d-4b49-917c-94a17c0073cb,2026-05-31T19:00:00Z,2026-05-31T21:00:00+0200,584.767771,MW,BE,BE,actual_onshore_wind_generation,Wind Onshore,2026-06-19T11:14:52Z
2026-06-19T11:14:37Z,2026-06-19T13:14:37+0200,55a1f5b5-d48d-4b49-917c-94a17c0073cb,2026-05-31T20:00:00Z,2026-05-31T22:00:00+0200,562.859383,MW,BE,BE,actual_onshore_wind_generation,Wind Onshore,2026-06-19T11:14:52Z
2026-06-19T11:14:37Z,2026-06-19T13:14:37+0200,55a1f5b5-d48d-4b49-917c-94a17c0073cb,2026-05-31T21:00:00Z,2026-05-31T23:00:00+0200,602.763841,MW,BE,BE,actual_onshore_wind_generation,Wind Onshore,2026-06-19T11:14:52Z
2026-06-19T11:14:37Z,2026-06-19T13:14:37+0200,55a1f5b5-d48d-4b49-917c-94a17c0073cb,2026-05-31T22:00:00Z,2026-06-01T00:00:00+0200,533.481772,MW,BE,BE,actual_onshore_wind_generation,Wind Onshore,2026-06-19T11:14:52Z
2026-06-19T11:14:37Z,2026-06-19T13:14:37+0200,55a1f5b5-d48d-4b49-917c-94a17c0073cb,2026-05-31T23:00:00Z,2026-06-01T01:00:00+0200,405.603423,MW,BE,BE,actual_onshore_wind_generation,Wind Onshore,2026-06-19T11:14:52Z
2026-06-19T11:14:37Z,2026-06-19T13:14:37+0200,55a1f5b5-d48d-4b49-917c-94a17c0073cb,2026-06-01T00:00:00Z,2026-06-01T02:00:00+0200,395.98732,MW,BE,BE,actual_onshore_wind_generation,Wind Onshore,2026-06-19T11:14:52Z
2026-06-19T11:14:37Z,2026-06-19T13:14:37+0200,55a1f5b5-d48d-4b49-917c-94a17c0073cb,2026-06-01T01:00:00Z,2026-06-01T03:00:00+0200,408.736675,MW,BE,BE,actual_onshore_wind_generation,Wind Onshore,2026-06-19T11:14:52Z
2026-06-19T11:14:37Z,2026-06-19T13:14:37+0200,55a1f5b5-d48d-4b49-917c-94a17c0073cb,2026-06-01T02:00:00Z,2026-06-01T04:00:00+0200,402.5347,MW,BE,BE,actual_onshore_wind_generation,Wind Onshore,2026-06-19T11:14:52Z
2026-06-19T11:14:37Z,2026-06-19T13:14:37+0200,55a1f5b5-d48d-4b49-917c-94a17c0073cb,2026-06-01T03:00:00Z,2026-06-01T05:00:00+0200,370.152064,MW,BE,BE,actual_onshore_wind_generation,Wind Onshore,2026-06-19T11:14:52Z
2026-06-19T11:14:37Z,2026-06-19T13:14:37+0200,55a1f5b5-d48d-4b49-917c-94a17c0073cb,2026-06-01T04:00:00Z,2026-06-01T06:00:00+0200,259.461448,MW,BE,BE,actual_onshore_wind_generation,Wind Onshore,2026-06-19T11:14:52Z
2026-06-19T11:14:37Z,2026-06-19T13:14:37+0200,55a1f5b5-d48d-4b49-917c-94a17c0073cb,2026-06-01T05:00:00Z,2026-06-01T07:00:00+0200,112.148882,MW,BE,BE,actual_onshore_wind_generation,Wind Onshore,2026-06-19T11:14:52Z
2026-06-19T11:14:37Z,2026-06-19T13:14:37+0200,55a1f5b5-d48d-4b49-917c-94a17c0073cb,2026-06-01T06:00:00Z,2026-06-01T08:00:00+0200,46.095478,MW,BE,BE,actual_onshore_wind_generation,Wind Onshore,2026-06-19T11:14:52Z
2026-06-19T11:14:37Z,2026-06-19T13:14:37+0200,55a1f5b5-d48d-4b49-917c-94a17c0073cb,2026-06-01T07:00:00Z,2026-06-01T09:00:00+0200,42.893633,MW,BE,BE,actual_onshore_wind_generation,Wind Onshore,2026-06-19T11:14:52Z
2026-06-19T11:14:37Z,2026-06-19T13:14:37+0200,55a1f5b5-d48d-4b49-917c-94a17c0073cb,2026-06-01T08:00:00Z,2026-06-01T10:00:00+0200,44.611332,MW,BE,BE,actual_onshore_wind_generation,Wind Onshore,2026-06-19T11:14:52Z
2026-06-19T11:14:37Z,2026-06-19T13:14:37+0200,55a1f5b5-d48d-4b49-917c-94a17c0073cb,2026-06-01T09:00:00Z,2026-06-01T11:00:00+0200,105.619387,MW,BE,BE,actual_onshore_wind_generation,Wind Onshore,2026-06-19T11:14:52Z
2026-06-19T11:14:37Z,2026-06-19T13:14:37+0200,55a1f5b5-d48d-4b49-917c-94a17c0073cb,2026-06-01T10:00:00Z,2026-06-01T12:00:00+0200,182.617802,MW,BE,BE,actual_onshore_wind_generation,Wind Onshore,2026-06-19T11:14:52Z
2026-06-19T11:14:37Z,2026-06-19T13:14:37+0200,55a1f5b5-d48d-4b49-917c-94a17c0073cb,2026-06-01T11:00:00Z,2026-06-01T13:00:00+0200,222.074859,MW,BE,BE,actual_onshore_wind_generation,Wind Onshore,2026-06-19T11:14:52Z
2026-06-19T11:14:37Z,2026-06-19T13:14:37+0200,55a1f5b5-d48d-4b49-917c-94a17c0073cb,2026-06-01T12:00:00Z,2026-06-01T14:00:00+0200,181.284555,MW,BE,BE,actual_onshore_wind_generation,Wind Onshore,2026-06-19T11:14:52Z
2026-06-19T11:14:37Z,2026-06-19T13:14:37+0200,55a1f5b5-d48d-4b49-917c-94a17c0073cb,2026-06-01T13:00:00Z,2026-06-01T15:00:00+0200,208.109621,MW,BE,BE,actual_onshore_wind_generation,Wind Onshore,2026-06-19T11:14:52Z
2026-06-19T11:14:37Z,2026-06-19T13:14:37+0200,55a1f5b5-d48d-4b49-917c-94a17c0073cb,2026-06-01T14:00:00Z,2026-06-01T16:00:00+0200,165.662831,MW,BE,BE,actual_onshore_wind_generation,Wind Onshore,2026-06-19T11:14:52Z
2026-06-19T11:14:37Z,2026-06-19T13:14:37+0200,55a1f5b5-d48d-4b49-917c-94a17c0073cb,2026-06-01T15:00:00Z,2026-06-01T17:00:00+0200,200.980915,MW,BE,BE,actual_onshore_wind_generation,Wind Onshore,2026-06-19T11:14:52Z
2026-06-19T11:14:37Z,2026-06-19T13:14:37+0200,55a1f5b5-d48d-4b49-917c-94a17c0073cb,2026-06-01T16:00:00Z,2026-06-01T18:00:00+0200,192.822286,MW,BE,BE,actual_onshore_wind_generation,Wind Onshore,2026-06-19T11:14:52Z
2026-06-19T11:14:37Z,2026-06-19T13:14:37+0200,55a1f5b5-d48d-4b49-917c-94a17c0073cb,2026-06-01T17:00:00Z,2026-06-01T19:00:00+0200,224.633404,MW,BE,BE,actual_onshore_wind_generation,Wind Onshore,2026-06-19T11:14:52Z
2026-06-19T11:14:37Z,2026-06-19T13:14:37+0200,55a1f5b5-d48d-4b49-917c-94a17c0073cb,2026-06-01T18:00:00Z,2026-06-01T20:00:00+0200,184.942131,MW,BE,BE,actual_onshore_wind_generation,Wind Onshore,2026-06-19T11:14:52Z
2026-06-19T11:14:37Z,2026-06-19T13:14:37+0200,55a1f5b5-d48d-4b49-917c-94a17c0073cb,2026-06-01T19:00:00Z,2026-06-01T21:00:00+0200,137.446753,MW,BE,BE,actual_onshore_wind_generation,Wind Onshore,2026-06-19T11:14:52Z
2026-06-19T11:14:37Z,2026-06-19T13:14:37+0200,55a1f5b5-d48d-4b49-917c-94a17c0073cb,2026-06-01T20:00:00Z,2026-06-01T22:00:00+0200,98.370001,MW,BE,BE,actual_onshore_wind_generation,Wind Onshore,2026-06-19T11:14:52Z
2026-06-19T11:14:37Z,2026-06-19T13:14:37+0200,55a1f5b5-d48d-4b49-917c-94a17c0073cb,2026-06-01T21:00:00Z,2026-06-01T23:00:00+0200,109.184189,MW,BE,BE,actual_onshore_wind_generation,Wind Onshore,2026-06-19T11:14:52Z
2026-06-19T11:14:37Z,2026-06-19T13:14:37+0200,55a1f5b5-d48d-4b49-917c-94a17c0073cb,2026-06-01T22:00:00Z,2026-06-02T00:00:00+0200,147.433751,MW,BE,BE,actual_onshore_wind_generation,Wind Onshore,2026-06-19T11:14:52Z
2026-06-19T11:14:37Z,2026-06-19T13:14:37+0200,55a1f5b5-d48d-4b49-917c-94a17c0073cb,2026-06-01T23:00:00Z,2026-06-02T01:00:00+0200,295.121574,MW,BE,BE,actual_onshore_wind_generation,Wind Onshore,2026-06-19T11:14:52Z
2026-06-19T11:14:37Z,2026-06-19T13:14:37+0200,55a1f5b5-d48d-4b49-917c-94a17c0073cb,2026-06-02T00:00:00Z,2026-06-02T02:00:00+0200,479.009182,MW,BE,BE,actual_onshore_wind_generation,Wind Onshore,2026-06-19T11:14:52Z
2026-06-19T11:14:37Z,2026-06-19T13:14:37+0200,55a1f5b5-d48d-4b49-917c-94a17c0073cb,2026-06-02T01:00:00Z,2026-06-02T03:00:00+0200,752.968056,MW,BE,BE,actual_onshore_wind_generation,Wind Onshore,2026-06-19T11:14:52Z
2026-06-19T11:14:37Z,2026-06-19T13:14:37+0200,55a1f5b5-d48d-4b49-917c-94a17c0073cb,2026-06-02T02:00:00Z,2026-06-02T04:00:00+0200,964.847287,MW,BE,BE,actual_onshore_wind_generation,Wind Onshore,2026-06-19T11:14:52Z
2026-06-19T11:14:37Z,2026-06-19T13:14:37+0200,55a1f5b5-d48d-4b49-917c-94a17c0073cb,2026-06-02T03:00:00Z,2026-06-02T05:00:00+0200,1089.186474,MW,BE,BE,actual_onshore_wind_generation,Wind Onshore,2026-06-19T11:14:52Z
2026-06-19T11:14:37Z,2026-06-19T13:14:37+0200,55a1f5b5-d48d-4b49-917c-94a17c0073cb,2026-06-02T04:00:00Z,2026-06-02T06:00:00+0200,1084.828091,MW,BE,BE,actual_onshore_wind_generation,Wind Onshore,2026-06-19T11:14:52Z
2026-06-19T11:14:37Z,2026-06-19T13:14:37+0200,55a1f5b5-d48d-4b49-917c-94a17c0073cb,2026-06-02T05:00:00Z,2026-06-02T07:00:00+0200,1049.01417,MW,BE,BE,actual_onshore_wind_generation,Wind Onshore,2026-06-19T11:14:52Z
2026-06-19T11:14:37Z,2026-06-19T13:14:37+0200,55a1f5b5-d48d-4b49-917c-94a17c0073cb,2026-06-02T06:00:00Z,2026-06-02T08:00:00+0200,943.480951,MW,BE,BE,actual_onshore_wind_generation,Wind Onshore,2026-06-19T11:14:52Z
2026-06-19T11:14:37Z,2026-06-19T13:14:37+0200,55a1f5b5-d48d-4b49-917c-94a17c0073cb,2026-06-02T07:00:00Z,2026-06-02T09:00:00+0200,758.53421,MW,BE,BE,actual_onshore_wind_generation,Wind Onshore,2026-06-19T11:14:52Z
2026-06-19T11:14:37Z,2026-06-19T13:14:37+0200,55a1f5b5-d48d-4b49-917c-94a17c0073cb,2026-06-02T08:00:00Z,2026-06-02T10:00:00+0200,558.929798,MW,BE,BE,actual_onshore_wind_generation,Wind Onshore,2026-06-19T11:14:52Z
2026-06-19T11:14:37Z,2026-06-19T13:14:37+0200,55a1f5b5-d48d-4b49-917c-94a17c0073cb,2026-06-02T09:00:00Z,2026-06-02T11:00:00+0200,648.806909,MW,BE,BE,actual_onshore_wind_generation,Wind Onshore,2026-06-19T11:14:52Z
2026-06-19T11:14:37Z,2026-06-19T13:14:37+0200,55a1f5b5-d48d-4b49-917c-94a17c0073cb,2026-06-02T10:00:00Z,2026-06-02T12:00:00+0200,1067.577166,MW,BE,BE,actual_onshore_wind_generation,Wind Onshore,2026-06-19T11:14:52Z
2026-06-19T11:14:37Z,2026-06-19T13:14:37+0200,55a1f5b5-d48d-4b49-917c-94a17c0073cb,2026-06-02T11:00:00Z,2026-06-02T13:00:00+0200,1175.381144,MW,BE,BE,actual_onshore_wind_generation,Wind Onshore,2026-06-19T11:14:52Z
2026-06-19T11:14:37Z,2026-06-19T13:14:37+0200,55a1f5b5-d48d-4b49-917c-94a17c0073cb,2026-06-02T12:00:00Z,2026-06-02T14:00:00+0200,1069.084713,MW,BE,BE,actual_onshore_wind_generation,Wind Onshore,2026-06-19T11:14:52Z
2026-06-19T11:14:37Z,2026-06-19T13:14:37+0200,55a1f5b5-d48d-4b49-917c-94a17c0073cb,2026-06-02T13:00:00Z,2026-06-02T15:00:00+0200,710.859113,MW,BE,BE,actual_onshore_wind_generation,Wind Onshore,2026-06-19T11:14:52Z
2026-06-19T11:14:37Z,2026-06-19T13:14:37+0200,55a1f5b5-d48d-4b49-917c-94a17c0073cb,2026-06-02T14:00:00Z,2026-06-02T16:00:00+0200,993.805282,MW,BE,BE,actual_onshore_wind_generation,Wind Onshore,2026-06-19T11:14:52Z
2026-06-19T11:14:37Z,2026-06-19T13:14:37+0200,55a1f5b5-d48d-4b49-917c-94a17c0073cb,2026-06-02T15:00:00Z,2026-06-02T17:00:00+0200,1200.296928,MW,BE,BE,actual_onshore_wind_generation,Wind Onshore,2026-06-19T11:14:52Z
2026-06-19T11:14:37Z,2026-06-19T13:14:37+0200,55a1f5b5-d48d-4b49-917c-94a17c0073cb,2026-06-02T16:00:00Z,2026-06-02T18:00:00+0200,1215.058215,MW,BE,BE,actual_onshore_wind_generation,Wind Onshore,2026-06-19T11:14:52Z
2026-06-19T11:14:37Z,2026-06-19T13:14:37+0200,55a1f5b5-d48d-4b49-917c-94a17c0073cb,2026-06-02T17:00:00Z,2026-06-02T19:00:00+0200,1149.071784,MW,BE,BE,actual_onshore_wind_generation,Wind Onshore,2026-06-19T11:14:52Z
2026-06-19T11:14:37Z,2026-06-19T13:14:37+0200,55a1f5b5-d48d-4b49-917c-94a17c0073cb,2026-06-02T18:00:00Z,2026-06-02T20:00:00+0200,1113.717356,MW,BE,BE,actual_onshore_wind_generation,Wind Onshore,2026-06-19T11:14:52Z
2026-06-19T11:14:37Z,2026-06-19T13:14:37+0200,55a1f5b5-d48d-4b49-917c-94a17c0073cb,2026-06-02T19:00:00Z,2026-06-02T21:00:00+0200,1220.529372,MW,BE,BE,actual_onshore_wind_generation,Wind Onshore,2026-06-19T11:14:52Z
2026-06-19T11:14:37Z,2026-06-19T13:14:37+0200,55a1f5b5-d48d-4b49-917c-94a17c0073cb,2026-06-02T20:00:00Z,2026-06-02T22:00:00+0200,1373.133774,MW,BE,BE,actual_onshore_wind_generation,Wind Onshore,2026-06-19T11:14:52Z
2026-06-19T11:14:37Z,2026-06-19T13:14:37+0200,55a1f5b5-d48d-4b49-917c-94a17c0073cb,2026-06-02T21:00:00Z,2026-06-02T23:00:00+0200,1345.794331,MW,BE,BE,actual_onshore_wind_generation,Wind Onshore,2026-06-19T11:14:52Z
2026-06-19T11:14:37Z,2026-06-19T13:14:37+0200,55a1f5b5-d48d-4b49-917c-94a17c0073cb,2026-06-02T22:00:00Z,2026-06-03T00:00:00+0200,1336.925789,MW,BE,BE,actual_onshore_wind_generation,Wind Onshore,2026-06-19T11:14:52Z
2026-06-19T11:14:37Z,2026-06-19T13:14:37+0200,55a1f5b5-d48d-4b49-917c-94a17c0073cb,2026-06-02T23:00:00Z,2026-06-03T01:00:00+0200,1162.903583,MW,BE,BE,actual_onshore_wind_generation,Wind Onshore,2026-06-19T11:14:52Z
2026-06-19T11:14:37Z,2026-06-19T13:14:37+0200,55a1f5b5-d48d-4b49-917c-94a17c0073cb,2026-06-03T00:00:00Z,2026-06-03T02:00:00+0200,1065.117549,MW,BE,BE,actual_onshore_wind_generation,Wind Onshore,2026-06-19T11:14:52Z
2026-06-19T11:14:37Z,2026-06-19T13:14:37+0200,55a1f5b5-d48d-4b49-917c-94a17c0073cb,2026-06-03T01:00:00Z,2026-06-03T03:00:00+0200,906.189042,MW,BE,BE,actual_onshore_wind_generation,Wind Onshore,2026-06-19T11:14:52Z
2026-06-19T11:14:37Z,2026-06-19T13:14:37+0200,55a1f5b5-d48d-4b49-917c-94a17c0073cb,2026-06-03T02:00:00Z,2026-06-03T04:00:00+0200,962.663696,MW,BE,BE,actual_onshore_wind_generation,Wind Onshore,2026-06-19T11:14:52Z
2026-06-19T11:14:37Z,2026-06-19T13:14:37+0200,55a1f5b5-d48d-4b49-917c-94a17c0073cb,2026-06-03T03:00:00Z,2026-06-03T05:00:00+0200,1068.846016,MW,BE,BE,actual_onshore_wind_generation,Wind Onshore,2026-06-19T11:14:52Z
2026-06-19T11:14:37Z,2026-06-19T13:14:37+0200,55a1f5b5-d48d-4b49-917c-94a17c0073cb,2026-06-03T04:00:00Z,2026-06-03T06:00:00+0200,1295.956581,MW,BE,BE,actual_onshore_wind_generation,Wind Onshore,2026-06-19T11:14:52Z
2026-06-19T11:14:37Z,2026-06-19T13:14:37+0200,55a1f5b5-d48d-4b49-917c-94a17c0073cb,2026-06-03T05:00:00Z,2026-06-03T07:00:00+0200,1241.812743,MW,BE,BE,actual_onshore_wind_generation,Wind Onshore,2026-06-19T11:14:52Z
2026-06-19T11:14:37Z,2026-06-19T13:14:37+0200,55a1f5b5-d48d-4b49-917c-94a17c0073cb,2026-06-03T06:00:00Z,2026-06-03T08:00:00+0200,1189.497945,MW,BE,BE,actual_onshore_wind_generation,Wind Onshore,2026-06-19T11:14:52Z
2026-06-19T11:14:37Z,2026-06-19T13:14:37+0200,55a1f5b5-d48d-4b49-917c-94a17c0073cb,2026-06-03T07:00:00Z,2026-06-03T09:00:00+0200,1267.146371,MW,BE,BE,actual_onshore_wind_generation,Wind Onshore,2026-06-19T11:14:52Z
2026-06-19T11:14:37Z,2026-06-19T13:14:37+0200,55a1f5b5-d48d-4b49-917c-94a17c0073cb,2026-06-03T08:00:00Z,2026-06-03T10:00:00+0200,1489.205149,MW,BE,BE,actual_onshore_wind_generation,Wind Onshore,2026-06-19T11:14:52Z
2026-06-19T11:14:37Z,2026-06-19T13:14:37+0200,55a1f5b5-d48d-4b49-917c-94a17c0073cb,2026-06-03T09:00:00Z,2026-06-03T11:00:00+0200,1559.391642,MW,BE,BE,actual_onshore_wind_generation,Wind Onshore,2026-06-19T11:14:52Z
2026-06-19T11:14:37Z,2026-06-19T13:14:37+0200,55a1f5b5-d48d-4b49-917c-94a17c0073cb,2026-06-03T10:00:00Z,2026-06-03T12:00:00+0200,1571.19825,MW,BE,BE,actual_onshore_wind_generation,Wind Onshore,2026-06-19T11:14:52Z
2026-06-19T11:14:37Z,2026-06-19T13:14:37+0200,55a1f5b5-d48d-4b49-917c-94a17c0073cb,2026-06-03T11:00:00Z,2026-06-03T13:00:00+0200,1637.441672,MW,BE,BE,actual_onshore_wind_generation,Wind Onshore,2026-06-19T11:14:52Z
2026-06-19T11:14:37Z,2026-06-19T13:14:37+0200,55a1f5b5-d48d-4b49-917c-94a17c0073cb,2026-06-03T12:00:00Z,2026-06-03T14:00:00+0200,1716.926843,MW,BE,BE,actual_onshore_wind_generation,Wind Onshore,2026-06-19T11:14:52Z
2026-06-19T11:14:37Z,2026-06-19T13:14:37+0200,55a1f5b5-d48d-4b49-917c-94a17c0073cb,2026-06-03T13:00:00Z,2026-06-03T15:00:00+0200,1877.321431,MW,BE,BE,actual_onshore_wind_generation,Wind Onshore,2026-06-19T11:14:52Z
2026-06-19T11:14:37Z,2026-06-19T13:14:37+0200,55a1f5b5-d48d-4b49-917c-94a17c0073cb,2026-06-03T14:00:00Z,2026-06-03T16:00:00+0200,2048.393523,MW,BE,BE,actual_onshore_wind_generation,Wind Onshore,2026-06-19T11:14:52Z
2026-06-19T11:14:37Z,2026-06-19T13:14:37+0200,55a1f5b5-d48d-4b49-917c-94a17c0073cb,2026-06-03T15:00:00Z,2026-06-03T17:00:00+0200,1921.675893,MW,BE,BE,actual_onshore_wind_generation,Wind Onshore,2026-06-19T11:14:52Z
2026-06-19T11:14:37Z,2026-06-19T13:14:37+0200,55a1f5b5-d48d-4b49-917c-94a17c0073cb,2026-06-03T16:00:00Z,2026-06-03T18:00:00+0200,2009.951817,MW,BE,BE,actual_onshore_wind_generation,Wind Onshore,2026-06-19T11:14:52Z
2026-06-19T11:14:37Z,2026-06-19T13:14:37+0200,55a1f5b5-d48d-4b49-917c-94a17c0073cb,2026-06-03T17:00:00Z,2026-06-03T19:00:00+0200,2332.64896,MW,BE,BE,actual_onshore_wind_generation,Wind Onshore,2026-06-19T11:14:52Z
2026-06-19T11:14:37Z,2026-06-19T13:14:37+0200,55a1f5b5-d48d-4b49-917c-94a17c0073cb,2026-06-03T18:00:00Z,2026-06-03T20:00:00+0200,2506.668965,MW,BE,BE,actual_onshore_wind_generation,Wind Onshore,2026-06-19T11:14:52Z
2026-06-19T11:14:37Z,2026-06-19T13:14:37+0200,55a1f5b5-d48d-4b49-917c-94a17c0073cb,2026-06-03T19:00:00Z,2026-06-03T21:00:00+0200,2354.742047,MW,BE,BE,actual_onshore_wind_generation,Wind Onshore,2026-06-19T11:14:52Z
2026-06-19T11:14:37Z,2026-06-19T13:14:37+0200,55a1f5b5-d48d-4b49-917c-94a17c0073cb,2026-06-03T20:00:00Z,2026-06-03T22:00:00+0200,2122.155968,MW,BE,BE,actual_onshore_wind_generation,Wind Onshore,2026-06-19T11:14:52Z
2026-06-19T11:14:37Z,2026-06-19T13:14:37+0200,55a1f5b5-d48d-4b49-917c-94a17c0073cb,2026-06-03T21:00:00Z,2026-06-03T23:00:00+0200,1907.945237,MW,BE,BE,actual_onshore_wind_generation,Wind Onshore,2026-06-19T11:14:52Z
2026-06-19T11:14:37Z,2026-06-19T13:14:37+0200,55a1f5b5-d48d-4b49-917c-94a17c0073cb,2026-06-03T22:00:00Z,2026-06-04T00:00:00+0200,1794.05441,MW,BE,BE,actual_onshore_wind_generation,Wind Onshore,2026-06-19T11:14:52Z
2026-06-19T11:14:37Z,2026-06-19T13:14:37+0200,55a1f5b5-d48d-4b49-917c-94a17c0073cb,2026-06-03T23:00:00Z,2026-06-04T01:00:00+0200,1411.932817,MW,BE,BE,actual_onshore_wind_generation,Wind Onshore,2026-06-19T11:14:52Z
2026-06-19T11:14:37Z,2026-06-19T13:14:37+0200,55a1f5b5-d48d-4b49-917c-94a17c0073cb,2026-06-04T00:00:00Z,2026-06-04T02:00:00+0200,1086.360557,MW,BE,BE,actual_onshore_wind_generation,Wind Onshore,2026-06-19T11:14:52Z
2026-06-19T11:14:37Z,2026-06-19T13:14:37+0200,55a1f5b5-d48d-4b49-917c-94a17c0073cb,2026-06-04T01:00:00Z,2026-06-04T03:00:00+0200,1112.303163,MW,BE,BE,actual_onshore_wind_generation,Wind Onshore,2026-06-19T11:14:52Z
2026-06-19T11:14:37Z,2026-06-19T13:14:37+0200,55a1f5b5-d48d-4b49-917c-94a17c0073cb,2026-06-04T02:00:00Z,2026-06-04T04:00:00+0200,1309.481366,MW,BE,BE,actual_onshore_wind_generation,Wind Onshore,2026-06-19T11:14:52Z
2026-06-19T11:14:37Z,2026-06-19T13:14:37+0200,55a1f5b5-d48d-4b49-917c-94a17c0073cb,2026-06-04T03:00:00Z,2026-06-04T05:00:00+0200,1529.344786,MW,BE,BE,actual_onshore_wind_generation,Wind Onshore,2026-06-19T11:14:52Z
2026-06-19T11:14:37Z,2026-06-19T13:14:37+0200,55a1f5b5-d48d-4b49-917c-94a17c0073cb,2026-06-04T04:00:00Z,2026-06-04T06:00:00+0200,1469.685977,MW,BE,BE,actual_onshore_wind_generation,Wind Onshore,2026-06-19T11:14:52Z
2026-06-19T11:14:37Z,2026-06-19T13:14:37+0200,55a1f5b5-d48d-4b49-917c-94a17c0073cb,2026-06-04T05:00:00Z,2026-06-04T07:00:00+0200,1684.495947,MW,BE,BE,actual_onshore_wind_generation,Wind Onshore,2026-06-19T11:14:52Z
2026-06-19T11:14:37Z,2026-06-19T13:14:37+0200,55a1f5b5-d48d-4b49-917c-94a17c0073cb,2026-06-04T06:00:00Z,2026-06-04T08:00:00+0200,1948.61226,MW,BE,BE,actual_onshore_wind_generation,Wind Onshore,2026-06-19T11:14:52Z
2026-06-19T11:14:37Z,2026-06-19T13:14:37+0200,55a1f5b5-d48d-4b49-917c-94a17c0073cb,2026-06-04T07:00:00Z,2026-06-04T09:00:00+0200,1889.762162,MW,BE,BE,actual_onshore_wind_generation,Wind Onshore,2026-06-19T11:14:52Z
2026-06-19T11:14:37Z,2026-06-19T13:14:37+0200,55a1f5b5-d48d-4b49-917c-94a17c0073cb,2026-06-04T08:00:00Z,2026-06-04T10:00:00+0200,1740.837017,MW,BE,BE,actual_onshore_wind_generation,Wind Onshore,2026-06-19T11:14:52Z
2026-06-19T11:14:37Z,2026-06-19T13:14:37+0200,55a1f5b5-d48d-4b49-917c-94a17c0073cb,2026-06-04T09:00:00Z,2026-06-04T11:00:00+0200,1800.437787,MW,BE,BE,actual_onshore_wind_generation,Wind Onshore,2026-06-19T11:14:52Z
2026-06-19T11:14:37Z,2026-06-19T13:14:37+0200,55a1f5b5-d48d-4b49-917c-94a17c0073cb,2026-06-04T10:00:00Z,2026-06-04T12:00:00+0200,1633.197999,MW,BE,BE,actual_onshore_wind_generation,Wind Onshore,2026-06-19T11:14:52Z
2026-06-19T11:14:37Z,2026-06-19T13:14:37+0200,55a1f5b5-d48d-4b49-917c-94a17c0073cb,2026-06-04T11:00:00Z,2026-06-04T13:00:00+0200,1817.639413,MW,BE,BE,actual_onshore_wind_generation,Wind Onshore,2026-06-19T11:14:52Z
2026-06-19T11:14:37Z,2026-06-19T13:14:37+0200,55a1f5b5-d48d-4b49-917c-94a17c0073cb,2026-06-04T12:00:00Z,2026-06-04T14:00:00+0200,1844.288487,MW,BE,BE,actual_onshore_wind_generation,Wind Onshore,2026-06-19T11:14:52Z
2026-06-19T11:14:37Z,2026-06-19T13:14:37+0200,55a1f5b5-d48d-4b49-917c-94a17c0073cb,2026-06-04T13:00:00Z,2026-06-04T15:00:00+0200,1601.708809,MW,BE,BE,actual_onshore_wind_generation,Wind Onshore,2026-06-19T11:14:52Z
2026-06-19T11:14:37Z,2026-06-19T13:14:37+0200,55a1f5b5-d48d-4b49-917c-94a17c0073cb,2026-06-04T14:00:00Z,2026-06-04T16:00:00+0200,1948.076013,MW,BE,BE,actual_onshore_wind_generation,Wind Onshore,2026-06-19T11:14:52Z
2026-06-19T11:14:37Z,2026-06-19T13:14:37+0200,55a1f5b5-d48d-4b49-917c-94a17c0073cb,2026-06-04T15:00:00Z,2026-06-04T17:00:00+0200,1673.719644,MW,BE,BE,actual_onshore_wind_generation,Wind Onshore,2026-06-19T11:14:52Z
2026-06-19T11:14:37Z,2026-06-19T13:14:37+0200,55a1f5b5-d48d-4b49-917c-94a17c0073cb,2026-06-04T16:00:00Z,2026-06-04T18:00:00+0200,1698.870019,MW,BE,BE,actual_onshore_wind_generation,Wind Onshore,2026-06-19T11:14:52Z
2026-06-19T11:14:37Z,2026-06-19T13:14:37+0200,55a1f5b5-d48d-4b49-917c-94a17c0073cb,2026-06-04T17:00:00Z,2026-06-04T19:00:00+0200,1831.551167,MW,BE,BE,actual_onshore_wind_generation,Wind Onshore,2026-06-19T11:14:52Z
2026-06-19T11:14:37Z,2026-06-19T13:14:37+0200,55a1f5b5-d48d-4b49-917c-94a17c0073cb,2026-06-04T18:00:00Z,2026-06-04T20:00:00+0200,1772.47563,MW,BE,BE,actual_onshore_wind_generation,Wind Onshore,2026-06-19T11:14:52Z
2026-06-19T11:14:37Z,2026-06-19T13:14:37+0200,55a1f5b5-d48d-4b49-917c-94a17c0073cb,2026-06-04T19:00:00Z,2026-06-04T21:00:00+0200,1790.017181,MW,BE,BE,actual_onshore_wind_generation,Wind Onshore,2026-06-19T11:14:52Z
2026-06-19T11:14:37Z,2026-06-19T13:14:37+0200,55a1f5b5-d48d-4b49-917c-94a17c0073cb,2026-06-04T20:00:00Z,2026-06-04T22:00:00+0200,1773.178361,MW,BE,BE,actual_onshore_wind_generation,Wind Onshore,2026-06-19T11:14:52Z
2026-06-19T11:14:37Z,2026-06-19T13:14:37+0200,55a1f5b5-d48d-4b49-917c-94a17c0073cb,2026-06-04T21:00:00Z,2026-06-04T23:00:00+0200,1725.673337,MW,BE,BE,actual_onshore_wind_generation,Wind Onshore,2026-06-19T11:14:52Z
2026-06-19T11:14:37Z,2026-06-19T13:14:37+0200,55a1f5b5-d48d-4b49-917c-94a17c0073cb,2026-06-04T22:00:00Z,2026-06-05T00:00:00+0200,1578.012471,MW,BE,BE,actual_onshore_wind_generation,Wind Onshore,2026-06-19T11:14:52Z
2026-06-19T11:14:37Z,2026-06-19T13:14:37+0200,55a1f5b5-d48d-4b49-917c-94a17c0073cb,2026-06-04T23:00:00Z,2026-06-05T01:00:00+0200,1405.304498,MW,BE,BE,actual_onshore_wind_generation,Wind Onshore,2026-06-19T11:14:52Z
2026-06-19T11:14:37Z,2026-06-19T13:14:37+0200,55a1f5b5-d48d-4b49-917c-94a17c0073cb,2026-06-05T00:00:00Z,2026-06-05T02:00:00+0200,1370.180757,MW,BE,BE,actual_onshore_wind_generation,Wind Onshore,2026-06-19T11:14:52Z
2026-06-19T11:14:37Z,2026-06-19T13:14:37+0200,55a1f5b5-d48d-4b49-917c-94a17c0073cb,2026-06-05T01:00:00Z,2026-06-05T03:00:00+0200,1292.613442,MW,BE,BE,actual_onshore_wind_generation,Wind Onshore,2026-06-19T11:14:52Z
2026-06-19T11:14:37Z,2026-06-19T13:14:37+0200,55a1f5b5-d48d-4b49-917c-94a17c0073cb,2026-06-05T02:00:00Z,2026-06-05T04:00:00+0200,1213.887613,MW,BE,BE,actual_onshore_wind_generation,Wind Onshore,2026-06-19T11:14:52Z
2026-06-19T11:14:37Z,2026-06-19T13:14:37+0200,55a1f5b5-d48d-4b49-917c-94a17c0073cb,2026-06-05T03:00:00Z,2026-06-05T05:00:00+0200,1085.212872,MW,BE,BE,actual_onshore_wind_generation,Wind Onshore,2026-06-19T11:14:52Z
2026-06-19T11:14:37Z,2026-06-19T13:14:37+0200,55a1f5b5-d48d-4b49-917c-94a17c0073cb,2026-06-05T04:00:00Z,2026-06-05T06:00:00+0200,1014.421415,MW,BE,BE,actual_onshore_wind_generation,Wind Onshore,2026-06-19T11:14:52Z
2026-06-19T11:14:37Z,2026-06-19T13:14:37+0200,55a1f5b5-d48d-4b49-917c-94a17c0073cb,2026-06-05T05:00:00Z,2026-06-05T07:00:00+0200,868.409528,MW,BE,BE,actual_onshore_wind_generation,Wind Onshore,2026-06-19T11:14:52Z
2026-06-19T11:14:37Z,2026-06-19T13:14:37+0200,55a1f5b5-d48d-4b49-917c-94a17c0073cb,2026-06-05T06:00:00Z,2026-06-05T08:00:00+0200,858.85434,MW,BE,BE,actual_onshore_wind_generation,Wind Onshore,2026-06-19T11:14:52Z
2026-06-19T11:14:37Z,2026-06-19T13:14:37+0200,55a1f5b5-d48d-4b49-917c-94a17c0073cb,2026-06-05T07:00:00Z,2026-06-05T09:00:00+0200,786.881154,MW,BE,BE,actual_onshore_wind_generation,Wind Onshore,2026-06-19T11:14:52Z
2026-06-19T11:14:37Z,2026-06-19T13:14:37+0200,55a1f5b5-d48d-4b49-917c-94a17c0073cb,2026-06-05T08:00:00Z,2026-06-05T10:00:00+0200,616.894338,MW,BE,BE,actual_onshore_wind_generation,Wind Onshore,2026-06-19T11:14:52Z
2026-06-19T11:14:37Z,2026-06-19T13:14:37+0200,55a1f5b5-d48d-4b49-917c-94a17c0073cb,2026-06-05T09:00:00Z,2026-06-05T11:00:00+0200,635.669174,MW,BE,BE,actual_onshore_wind_generation,Wind Onshore,2026-06-19T11:14:52Z
2026-06-19T11:14:37Z,2026-06-19T13:14:37+0200,55a1f5b5-d48d-4b49-917c-94a17c0073cb,2026-06-05T10:00:00Z,2026-06-05T12:00:00+0200,560.245129,MW,BE,BE,actual_onshore_wind_generation,Wind Onshore,2026-06-19T11:14:52Z
2026-06-19T11:14:37Z,2026-06-19T13:14:37+0200,55a1f5b5-d48d-4b49-917c-94a17c0073cb,2026-06-05T11:00:00Z,2026-06-05T13:00:00+0200,572.659232,MW,BE,BE,actual_onshore_wind_generation,Wind Onshore,2026-06-19T11:14:52Z
2026-06-19T11:14:37Z,2026-06-19T13:14:37+0200,55a1f5b5-d48d-4b49-917c-94a17c0073cb,2026-06-05T12:00:00Z,2026-06-05T14:00:00+0200,628.219673,MW,BE,BE,actual_onshore_wind_generation,Wind Onshore,2026-06-19T11:14:52Z
2026-06-19T11:14:37Z,2026-06-19T13:14:37+0200,55a1f5b5-d48d-4b49-917c-94a17c0073cb,2026-06-05T13:00:00Z,2026-06-05T15:00:00+0200,602.032338,MW,BE,BE,actual_onshore_wind_generation,Wind Onshore,2026-06-19T11:14:52Z
2026-06-19T11:14:37Z,2026-06-19T13:14:37+0200,55a1f5b5-d48d-4b49-917c-94a17c0073cb,2026-06-05T14:00:00Z,2026-06-05T16:00:00+0200,620.697081,MW,BE,BE,actual_onshore_wind_generation,Wind Onshore,2026-06-19T11:14:52Z
2026-06-19T11:14:37Z,2026-06-19T13:14:37+0200,55a1f5b5-d48d-4b49-917c-94a17c0073cb,2026-06-05T15:00:00Z,2026-06-05T17:00:00+0200,449.551819,MW,BE,BE,actual_onshore_wind_generation,Wind Onshore,2026-06-19T11:14:52Z
2026-06-19T11:14:37Z,2026-06-19T13:14:37+0200,55a1f5b5-d48d-4b49-917c-94a17c0073cb,2026-06-05T16:00:00Z,2026-06-05T18:00:00+0200,430.324109,MW,BE,BE,actual_onshore_wind_generation,Wind Onshore,2026-06-19T11:14:52Z
2026-06-19T11:14:37Z,2026-06-19T13:14:37+0200,55a1f5b5-d48d-4b49-917c-94a17c0073cb,2026-06-05T17:00:00Z,2026-06-05T19:00:00+0200,254.712286,MW,BE,BE,actual_onshore_wind_generation,Wind Onshore,2026-06-19T11:14:52Z
2026-06-19T11:14:37Z,2026-06-19T13:14:37+0200,55a1f5b5-d48d-4b49-917c-94a17c0073cb,2026-06-05T18:00:00Z,2026-06-05T20:00:00+0200,104.150588,MW,BE,BE,actual_onshore_wind_generation,Wind Onshore,2026-06-19T11:14:52Z
2026-06-19T11:14:37Z,2026-06-19T13:14:37+0200,55a1f5b5-d48d-4b49-917c-94a17c0073cb,2026-06-05T19:00:00Z,2026-06-05T21:00:00+0200,78.68062,MW,BE,BE,actual_onshore_wind_generation,Wind Onshore,2026-06-19T11:14:52Z
2026-06-19T11:14:37Z,2026-06-19T13:14:37+0200,55a1f5b5-d48d-4b49-917c-94a17c0073cb,2026-06-05T20:00:00Z,2026-06-05T22:00:00+0200,38.715969,MW,BE,BE,actual_onshore_wind_generation,Wind Onshore,2026-06-19T11:14:52Z
2026-06-19T11:14:37Z,2026-06-19T13:14:37+0200,55a1f5b5-d48d-4b49-917c-94a17c0073cb,2026-06-05T21:00:00Z,2026-06-05T23:00:00+0200,56.756713,MW,BE,BE,actual_onshore_wind_generation,Wind Onshore,2026-06-19T11:14:52Z
2026-06-19T11:14:37Z,2026-06-19T13:14:37+0200,55a1f5b5-d48d-4b49-917c-94a17c0073cb,2026-06-05T22:00:00Z,2026-06-06T00:00:00+0200,98.664639,MW,BE,BE,actual_onshore_wind_generation,Wind Onshore,2026-06-19T11:14:52Z
2026-06-19T11:14:37Z,2026-06-19T13:14:37+0200,55a1f5b5-d48d-4b49-917c-94a17c0073cb,2026-06-05T23:00:00Z,2026-06-06T01:00:00+0200,244.340195,MW,BE,BE,actual_onshore_wind_generation,Wind Onshore,2026-06-19T11:14:52Z
2026-06-19T11:14:37Z,2026-06-19T13:14:37+0200,55a1f5b5-d48d-4b49-917c-94a17c0073cb,2026-06-06T00:00:00Z,2026-06-06T02:00:00+0200,389.743569,MW,BE,BE,actual_onshore_wind_generation,Wind Onshore,2026-06-19T11:14:52Z
2026-06-19T11:14:37Z,2026-06-19T13:14:37+0200,55a1f5b5-d48d-4b49-917c-94a17c0073cb,2026-06-06T01:00:00Z,2026-06-06T03:00:00+0200,581.455927,MW,BE,BE,actual_onshore_wind_generation,Wind Onshore,2026-06-19T11:14:52Z
2026-06-19T11:14:37Z,2026-06-19T13:14:37+0200,55a1f5b5-d48d-4b49-917c-94a17c0073cb,2026-06-06T02:00:00Z,2026-06-06T04:00:00+0200,723.318967,MW,BE,BE,actual_onshore_wind_generation,Wind Onshore,2026-06-19T11:14:52Z
2026-06-19T11:14:37Z,2026-06-19T13:14:37+0200,55a1f5b5-d48d-4b49-917c-94a17c0073cb,2026-06-06T03:00:00Z,2026-06-06T05:00:00+0200,890.621863,MW,BE,BE,actual_onshore_wind_generation,Wind Onshore,2026-06-19T11:14:52Z
2026-06-19T11:14:37Z,2026-06-19T13:14:37+0200,55a1f5b5-d48d-4b49-917c-94a17c0073cb,2026-06-06T04:00:00Z,2026-06-06T06:00:00+0200,965.164139,MW,BE,BE,actual_onshore_wind_generation,Wind Onshore,2026-06-19T11:14:52Z
2026-06-19T11:14:37Z,2026-06-19T13:14:37+0200,55a1f5b5-d48d-4b49-917c-94a17c0073cb,2026-06-06T05:00:00Z,2026-06-06T07:00:00+0200,985.548875,MW,BE,BE,actual_onshore_wind_generation,Wind Onshore,2026-06-19T11:14:52Z
2026-06-19T11:14:37Z,2026-06-19T13:14:37+0200,55a1f5b5-d48d-4b49-917c-94a17c0073cb,2026-06-06T06:00:00Z,2026-06-06T08:00:00+0200,838.266291,MW,BE,BE,actual_onshore_wind_generation,Wind Onshore,2026-06-19T11:14:52Z
2026-06-19T11:14:37Z,2026-06-19T13:14:37+0200,55a1f5b5-d48d-4b49-917c-94a17c0073cb,2026-06-06T07:00:00Z,2026-06-06T09:00:00+0200,438.473118,MW,BE,BE,actual_onshore_wind_generation,Wind Onshore,2026-06-19T11:14:52Z
2026-06-19T11:14:37Z,2026-06-19T13:14:37+0200,55a1f5b5-d48d-4b49-917c-94a17c0073cb,2026-06-06T08:00:00Z,2026-06-06T10:00:00+0200,705.22458,MW,BE,BE,actual_onshore_wind_generation,Wind Onshore,2026-06-19T11:14:52Z
2026-06-19T11:14:37Z,2026-06-19T13:14:37+0200,55a1f5b5-d48d-4b49-917c-94a17c0073cb,2026-06-06T09:00:00Z,2026-06-06T11:00:00+0200,973.988364,MW,BE,BE,actual_onshore_wind_generation,Wind Onshore,2026-06-19T11:14:52Z
2026-06-19T11:14:37Z,2026-06-19T13:14:37+0200,55a1f5b5-d48d-4b49-917c-94a17c0073cb,2026-06-06T10:00:00Z,2026-06-06T12:00:00+0200,1296.830686,MW,BE,BE,actual_onshore_wind_generation,Wind Onshore,2026-06-19T11:14:52Z
2026-06-19T11:14:37Z,2026-06-19T13:14:37+0200,55a1f5b5-d48d-4b49-917c-94a17c0073cb,2026-06-06T11:00:00Z,2026-06-06T13:00:00+0200,1074.250141,MW,BE,BE,actual_onshore_wind_generation,Wind Onshore,2026-06-19T11:14:52Z
2026-06-19T11:14:37Z,2026-06-19T13:14:37+0200,55a1f5b5-d48d-4b49-917c-94a17c0073cb,2026-06-06T12:00:00Z,2026-06-06T14:00:00+0200,978.60023,MW,BE,BE,actual_onshore_wind_generation,Wind Onshore,2026-06-19T11:14:52Z
2026-06-19T11:14:37Z,2026-06-19T13:14:37+0200,55a1f5b5-d48d-4b49-917c-94a17c0073cb,2026-06-06T13:00:00Z,2026-06-06T15:00:00+0200,1209.114621,MW,BE,BE,actual_onshore_wind_generation,Wind Onshore,2026-06-19T11:14:52Z
2026-06-19T11:14:37Z,2026-06-19T13:14:37+0200,55a1f5b5-d48d-4b49-917c-94a17c0073cb,2026-06-06T14:00:00Z,2026-06-06T16:00:00+0200,1412.198196,MW,BE,BE,actual_onshore_wind_generation,Wind Onshore,2026-06-19T11:14:52Z
2026-06-19T11:14:37Z,2026-06-19T13:14:37+0200,55a1f5b5-d48d-4b49-917c-94a17c0073cb,2026-06-06T15:00:00Z,2026-06-06T17:00:00+0200,1392.848009,MW,BE,BE,actual_onshore_wind_generation,Wind Onshore,2026-06-19T11:14:52Z
2026-06-19T11:14:37Z,2026-06-19T13:14:37+0200,55a1f5b5-d48d-4b49-917c-94a17c0073cb,2026-06-06T16:00:00Z,2026-06-06T18:00:00+0200,1235.867541,MW,BE,BE,actual_onshore_wind_generation,Wind Onshore,2026-06-19T11:14:52Z
2026-06-19T11:14:37Z,2026-06-19T13:14:37+0200,55a1f5b5-d48d-4b49-917c-94a17c0073cb,2026-06-06T17:00:00Z,2026-06-06T19:00:00+0200,1173.599209,MW,BE,BE,actual_onshore_wind_generation,Wind Onshore,2026-06-19T11:14:52Z
2026-06-19T11:14:37Z,2026-06-19T13:14:37+0200,55a1f5b5-d48d-4b49-917c-94a17c0073cb,2026-06-06T18:00:00Z,2026-06-06T20:00:00+0200,1238.523927,MW,BE,BE,actual_onshore_wind_generation,Wind Onshore,2026-06-19T11:14:52Z
2026-06-19T11:14:37Z,2026-06-19T13:14:37+0200,55a1f5b5-d48d-4b49-917c-94a17c0073cb,2026-06-06T19:00:00Z,2026-06-06T21:00:00+0200,1415.500848,MW,BE,BE,actual_onshore_wind_generation,Wind Onshore,2026-06-19T11:14:52Z
2026-06-19T11:14:37Z,2026-06-19T13:14:37+0200,55a1f5b5-d48d-4b49-917c-94a17c0073cb,2026-06-06T20:00:00Z,2026-06-06T22:00:00+0200,1683.758923,MW,BE,BE,actual_onshore_wind_generation,Wind Onshore,2026-06-19T11:14:52Z
2026-06-19T11:14:37Z,2026-06-19T13:14:37+0200,55a1f5b5-d48d-4b49-917c-94a17c0073cb,2026-06-06T21:00:00Z,2026-06-06T23:00:00+0200,1929.537044,MW,BE,BE,actual_onshore_wind_generation,Wind Onshore,2026-06-19T11:14:52Z
2026-06-19T11:14:37Z,2026-06-19T13:14:37+0200,55a1f5b5-d48d-4b49-917c-94a17c0073cb,2026-06-06T22:00:00Z,2026-06-07T00:00:00+0200,2116.669679,MW,BE,BE,actual_onshore_wind_generation,Wind Onshore,2026-06-19T11:14:52Z
2026-06-19T11:14:37Z,2026-06-19T13:14:37+0200,55a1f5b5-d48d-4b49-917c-94a17c0073cb,2026-06-06T23:00:00Z,2026-06-07T01:00:00+0200,2237.952751,MW,BE,BE,actual_onshore_wind_generation,Wind Onshore,2026-06-19T11:14:52Z
2026-06-19T11:14:37Z,2026-06-19T13:14:37+0200,55a1f5b5-d48d-4b49-917c-94a17c0073cb,2026-06-07T00:00:00Z,2026-06-07T02:00:00+0200,2303.063456,MW,BE,BE,actual_onshore_wind_generation,Wind Onshore,2026-06-19T11:14:52Z
2026-06-19T11:14:37Z,2026-06-19T13:14:37+0200,55a1f5b5-d48d-4b49-917c-94a17c0073cb,2026-06-07T01:00:00Z,2026-06-07T03:00:00+0200,2204.685182,MW,BE,BE,actual_onshore_wind_generation,Wind Onshore,2026-06-19T11:14:52Z
2026-06-19T11:14:37Z,2026-06-19T13:14:37+0200,55a1f5b5-d48d-4b49-917c-94a17c0073cb,2026-06-07T02:00:00Z,2026-06-07T04:00:00+0200,2026.489334,MW,BE,BE,actual_onshore_wind_generation,Wind Onshore,2026-06-19T11:14:52Z
2026-06-19T11:14:37Z,2026-06-19T13:14:37+0200,55a1f5b5-d48d-4b49-917c-94a17c0073cb,2026-06-07T03:00:00Z,2026-06-07T05:00:00+0200,1865.290317,MW,BE,BE,actual_onshore_wind_generation,Wind Onshore,2026-06-19T11:14:52Z
2026-06-19T11:14:37Z,2026-06-19T13:14:37+0200,55a1f5b5-d48d-4b49-917c-94a17c0073cb,2026-06-07T04:00:00Z,2026-06-07T06:00:00+0200,1615.282144,MW,BE,BE,actual_onshore_wind_generation,Wind Onshore,2026-06-19T11:14:52Z
2026-06-19T11:14:37Z,2026-06-19T13:14:37+0200,55a1f5b5-d48d-4b49-917c-94a17c0073cb,2026-06-07T05:00:00Z,2026-06-07T07:00:00+0200,1319.68473,MW,BE,BE,actual_onshore_wind_generation,Wind Onshore,2026-06-19T11:14:52Z
2026-06-19T11:14:37Z,2026-06-19T13:14:37+0200,55a1f5b5-d48d-4b49-917c-94a17c0073cb,2026-06-07T06:00:00Z,2026-06-07T08:00:00+0200,1144.554744,MW,BE,BE,actual_onshore_wind_generation,Wind Onshore,2026-06-19T11:14:52Z
2026-06-19T11:14:37Z,2026-06-19T13:14:37+0200,55a1f5b5-d48d-4b49-917c-94a17c0073cb,2026-06-07T07:00:00Z,2026-06-07T09:00:00+0200,1328.623746,MW,BE,BE,actual_onshore_wind_generation,Wind Onshore,2026-06-19T11:14:52Z
2026-06-19T11:14:37Z,2026-06-19T13:14:37+0200,55a1f5b5-d48d-4b49-917c-94a17c0073cb,2026-06-07T08:00:00Z,2026-06-07T10:00:00+0200,1250.520813,MW,BE,BE,actual_onshore_wind_generation,Wind Onshore,2026-06-19T11:14:52Z
2026-06-19T11:14:37Z,2026-06-19T13:14:37+0200,55a1f5b5-d48d-4b49-917c-94a17c0073cb,2026-06-07T09:00:00Z,2026-06-07T11:00:00+0200,1016.742306,MW,BE,BE,actual_onshore_wind_generation,Wind Onshore,2026-06-19T11:14:52Z
2026-06-19T11:14:37Z,2026-06-19T13:14:37+0200,55a1f5b5-d48d-4b49-917c-94a17c0073cb,2026-06-07T10:00:00Z,2026-06-07T12:00:00+0200,838.665714,MW,BE,BE,actual_onshore_wind_generation,Wind Onshore,2026-06-19T11:14:52Z
2026-06-19T11:14:37Z,2026-06-19T13:14:37+0200,55a1f5b5-d48d-4b49-917c-94a17c0073cb,2026-06-07T11:00:00Z,2026-06-07T13:00:00+0200,657.479605,MW,BE,BE,actual_onshore_wind_generation,Wind Onshore,2026-06-19T11:14:52Z
2026-06-19T11:14:37Z,2026-06-19T13:14:37+0200,55a1f5b5-d48d-4b49-917c-94a17c0073cb,2026-06-07T12:00:00Z,2026-06-07T14:00:00+0200,475.733553,MW,BE,BE,actual_onshore_wind_generation,Wind Onshore,2026-06-19T11:14:52Z
2026-06-19T11:14:37Z,2026-06-19T13:14:37+0200,55a1f5b5-d48d-4b49-917c-94a17c0073cb,2026-06-07T13:00:00Z,2026-06-07T15:00:00+0200,440.054211,MW,BE,BE,actual_onshore_wind_generation,Wind Onshore,2026-06-19T11:14:52Z
2026-06-19T11:14:37Z,2026-06-19T13:14:37+0200,55a1f5b5-d48d-4b49-917c-94a17c0073cb,2026-06-07T14:00:00Z,2026-06-07T16:00:00+0200,426.934794,MW,BE,BE,actual_onshore_wind_generation,Wind Onshore,2026-06-19T11:14:52Z
2026-06-19T11:14:37Z,2026-06-19T13:14:37+0200,55a1f5b5-d48d-4b49-917c-94a17c0073cb,2026-06-07T15:00:00Z,2026-06-07T17:00:00+0200,360.793503,MW,BE,BE,actual_onshore_wind_generation,Wind Onshore,2026-06-19T11:14:52Z
2026-06-19T11:14:37Z,2026-06-19T13:14:37+0200,55a1f5b5-d48d-4b49-917c-94a17c0073cb,2026-06-07T16:00:00Z,2026-06-07T18:00:00+0200,341.350484,MW,BE,BE,actual_onshore_wind_generation,Wind Onshore,2026-06-19T11:14:52Z
2026-06-19T11:14:37Z,2026-06-19T13:14:37+0200,55a1f5b5-d48d-4b49-917c-94a17c0073cb,2026-06-07T17:00:00Z,2026-06-07T19:00:00+0200,226.404759,MW,BE,BE,actual_onshore_wind_generation,Wind Onshore,2026-06-19T11:14:52Z
2026-06-19T11:14:37Z,2026-06-19T13:14:37+0200,55a1f5b5-d48d-4b49-917c-94a17c0073cb,2026-06-07T18:00:00Z,2026-06-07T20:00:00+0200,148.76802,MW,BE,BE,actual_onshore_wind_generation,Wind Onshore,2026-06-19T11:14:52Z
2026-06-19T11:14:37Z,2026-06-19T13:14:37+0200,55a1f5b5-d48d-4b49-917c-94a17c0073cb,2026-06-07T19:00:00Z,2026-06-07T21:00:00+0200,121.186923,MW,BE,BE,actual_onshore_wind_generation,Wind Onshore,2026-06-19T11:14:52Z
2026-06-19T11:14:37Z,2026-06-19T13:14:37+0200,55a1f5b5-d48d-4b49-917c-94a17c0073cb,2026-06-07T20:00:00Z,2026-06-07T22:00:00+0200,120.115371,MW,BE,BE,actual_onshore_wind_generation,Wind Onshore,2026-06-19T11:14:52Z
2026-06-19T11:14:37Z,2026-06-19T13:14:37+0200,55a1f5b5-d48d-4b49-917c-94a17c0073cb,2026-06-07T21:00:00Z,2026-06-07T23:00:00+0200,135.411559,MW,BE,BE,actual_onshore_wind_generation,Wind Onshore,2026-06-19T11:14:52Z
2026-06-19T11:14:37Z,2026-06-19T13:14:37+0200,55a1f5b5-d48d-4b49-917c-94a17c0073cb,2026-06-07T22:00:00Z,2026-06-08T00:00:00+0200,169.935801,MW,BE,BE,actual_onshore_wind_generation,Wind Onshore,2026-06-19T11:14:52Z
2026-06-19T11:14:37Z,2026-06-19T13:14:37+0200,55a1f5b5-d48d-4b49-917c-94a17c0073cb,2026-06-07T23:00:00Z,2026-06-08T01:00:00+0200,230.147103,MW,BE,BE,actual_onshore_wind_generation,Wind Onshore,2026-06-19T11:14:52Z
2026-06-19T11:14:37Z,2026-06-19T13:14:37+0200,55a1f5b5-d48d-4b49-917c-94a17c0073cb,2026-06-08T00:00:00Z,2026-06-08T02:00:00+0200,310.048887,MW,BE,BE,actual_onshore_wind_generation,Wind Onshore,2026-06-19T11:14:52Z
2026-06-19T11:14:37Z,2026-06-19T13:14:37+0200,55a1f5b5-d48d-4b49-917c-94a17c0073cb,2026-06-08T01:00:00Z,2026-06-08T03:00:00+0200,412.706996,MW,BE,BE,actual_onshore_wind_generation,Wind Onshore,2026-06-19T11:14:52Z
2026-06-19T11:14:37Z,2026-06-19T13:14:37+0200,55a1f5b5-d48d-4b49-917c-94a17c0073cb,2026-06-08T02:00:00Z,2026-06-08T04:00:00+0200,557.421782,MW,BE,BE,actual_onshore_wind_generation,Wind Onshore,2026-06-19T11:14:52Z
2026-06-19T11:14:37Z,2026-06-19T13:14:37+0200,55a1f5b5-d48d-4b49-917c-94a17c0073cb,2026-06-08T03:00:00Z,2026-06-08T05:00:00+0200,760.379378,MW,BE,BE,actual_onshore_wind_generation,Wind Onshore,2026-06-19T11:14:52Z
2026-06-19T11:14:37Z,2026-06-19T13:14:37+0200,55a1f5b5-d48d-4b49-917c-94a17c0073cb,2026-06-08T04:00:00Z,2026-06-08T06:00:00+0200,886.149725,MW,BE,BE,actual_onshore_wind_generation,Wind Onshore,2026-06-19T11:14:52Z
2026-06-19T11:14:37Z,2026-06-19T13:14:37+0200,55a1f5b5-d48d-4b49-917c-94a17c0073cb,2026-06-08T05:00:00Z,2026-06-08T07:00:00+0200,823.753681,MW,BE,BE,actual_onshore_wind_generation,Wind Onshore,2026-06-19T11:14:52Z
2026-06-19T11:14:37Z,2026-06-19T13:14:37+0200,55a1f5b5-d48d-4b49-917c-94a17c0073cb,2026-06-08T06:00:00Z,2026-06-08T08:00:00+0200,674.309988,MW,BE,BE,actual_onshore_wind_generation,Wind Onshore,2026-06-19T11:14:52Z
2026-06-19T11:14:37Z,2026-06-19T13:14:37+0200,55a1f5b5-d48d-4b49-917c-94a17c0073cb,2026-06-08T07:00:00Z,2026-06-08T09:00:00+0200,355.489917,MW,BE,BE,actual_onshore_wind_generation,Wind Onshore,2026-06-19T11:14:52Z
2026-06-19T11:14:37Z,2026-06-19T13:14:37+0200,55a1f5b5-d48d-4b49-917c-94a17c0073cb,2026-06-08T08:00:00Z,2026-06-08T10:00:00+0200,203.710782,MW,BE,BE,actual_onshore_wind_generation,Wind Onshore,2026-06-19T11:14:52Z
2026-06-19T11:14:37Z,2026-06-19T13:14:37+0200,55a1f5b5-d48d-4b49-917c-94a17c0073cb,2026-06-08T09:00:00Z,2026-06-08T11:00:00+0200,110.379495,MW,BE,BE,actual_onshore_wind_generation,Wind Onshore,2026-06-19T11:14:52Z
2026-06-19T11:14:37Z,2026-06-19T13:14:37+0200,55a1f5b5-d48d-4b49-917c-94a17c0073cb,2026-06-08T10:00:00Z,2026-06-08T12:00:00+0200,98.337428,MW,BE,BE,actual_onshore_wind_generation,Wind Onshore,2026-06-19T11:14:52Z
2026-06-19T11:14:37Z,2026-06-19T13:14:37+0200,55a1f5b5-d48d-4b49-917c-94a17c0073cb,2026-06-08T11:00:00Z,2026-06-08T13:00:00+0200,113.974496,MW,BE,BE,actual_onshore_wind_generation,Wind Onshore,2026-06-19T11:14:52Z
2026-06-19T11:14:37Z,2026-06-19T13:14:37+0200,55a1f5b5-d48d-4b49-917c-94a17c0073cb,2026-06-08T12:00:00Z,2026-06-08T14:00:00+0200,177.052408,MW,BE,BE,actual_onshore_wind_generation,Wind Onshore,2026-06-19T11:14:52Z
2026-06-19T11:14:37Z,2026-06-19T13:14:37+0200,55a1f5b5-d48d-4b49-917c-94a17c0073cb,2026-06-08T13:00:00Z,2026-06-08T15:00:00+0200,298.636219,MW,BE,BE,actual_onshore_wind_generation,Wind Onshore,2026-06-19T11:14:52Z
2026-06-19T11:14:37Z,2026-06-19T13:14:37+0200,55a1f5b5-d48d-4b49-917c-94a17c0073cb,2026-06-08T14:00:00Z,2026-06-08T16:00:00+0200,712.185795,MW,BE,BE,actual_onshore_wind_generation,Wind Onshore,2026-06-19T11:14:52Z
2026-06-19T11:14:37Z,2026-06-19T13:14:37+0200,55a1f5b5-d48d-4b49-917c-94a17c0073cb,2026-06-08T15:00:00Z,2026-06-08T17:00:00+0200,1073.090478,MW,BE,BE,actual_onshore_wind_generation,Wind Onshore,2026-06-19T11:14:52Z
2026-06-19T11:14:37Z,2026-06-19T13:14:37+0200,55a1f5b5-d48d-4b49-917c-94a17c0073cb,2026-06-08T16:00:00Z,2026-06-08T18:00:00+0200,1251.119132,MW,BE,BE,actual_onshore_wind_generation,Wind Onshore,2026-06-19T11:14:52Z
2026-06-19T11:14:37Z,2026-06-19T13:14:37+0200,55a1f5b5-d48d-4b49-917c-94a17c0073cb,2026-06-08T17:00:00Z,2026-06-08T19:00:00+0200,1158.772769,MW,BE,BE,actual_onshore_wind_generation,Wind Onshore,2026-06-19T11:14:52Z
2026-06-19T11:14:37Z,2026-06-19T13:14:37+0200,55a1f5b5-d48d-4b49-917c-94a17c0073cb,2026-06-08T18:00:00Z,2026-06-08T20:00:00+0200,763.383835,MW,BE,BE,actual_onshore_wind_generation,Wind Onshore,2026-06-19T11:14:52Z
2026-06-19T11:14:37Z,2026-06-19T13:14:37+0200,55a1f5b5-d48d-4b49-917c-94a17c0073cb,2026-06-08T19:00:00Z,2026-06-08T21:00:00+0200,632.515694,MW,BE,BE,actual_onshore_wind_generation,Wind Onshore,2026-06-19T11:14:52Z
2026-06-19T11:14:37Z,2026-06-19T13:14:37+0200,55a1f5b5-d48d-4b49-917c-94a17c0073cb,2026-06-08T20:00:00Z,2026-06-08T22:00:00+0200,711.43413,MW,BE,BE,actual_onshore_wind_generation,Wind Onshore,2026-06-19T11:14:52Z
2026-06-19T11:14:37Z,2026-06-19T13:14:37+0200,55a1f5b5-d48d-4b49-917c-94a17c0073cb,2026-06-08T21:00:00Z,2026-06-08T23:00:00+0200,1010.23139,MW,BE,BE,actual_onshore_wind_generation,Wind Onshore,2026-06-19T11:14:52Z
2026-06-19T11:14:37Z,2026-06-19T13:14:37+0200,55a1f5b5-d48d-4b49-917c-94a17c0073cb,2026-06-08T22:00:00Z,2026-06-09T00:00:00+0200,1223.439059,MW,BE,BE,actual_onshore_wind_generation,Wind Onshore,2026-06-19T11:14:52Z
2026-06-19T11:14:37Z,2026-06-19T13:14:37+0200,55a1f5b5-d48d-4b49-917c-94a17c0073cb,2026-06-08T23:00:00Z,2026-06-09T01:00:00+0200,1276.673926,MW,BE,BE,actual_onshore_wind_generation,Wind Onshore,2026-06-19T11:14:52Z
2026-06-19T11:14:37Z,2026-06-19T13:14:37+0200,55a1f5b5-d48d-4b49-917c-94a17c0073cb,2026-06-09T00:00:00Z,2026-06-09T02:00:00+0200,1281.945299,MW,BE,BE,actual_onshore_wind_generation,Wind Onshore,2026-06-19T11:14:52Z
2026-06-19T11:14:37Z,2026-06-19T13:14:37+0200,55a1f5b5-d48d-4b49-917c-94a17c0073cb,2026-06-09T01:00:00Z,2026-06-09T03:00:00+0200,1121.967392,MW,BE,BE,actual_onshore_wind_generation,Wind Onshore,2026-06-19T11:14:52Z
2026-06-19T11:14:37Z,2026-06-19T13:14:37+0200,55a1f5b5-d48d-4b49-917c-94a17c0073cb,2026-06-09T02:00:00Z,2026-06-09T04:00:00+0200,1034.37656,MW,BE,BE,actual_onshore_wind_generation,Wind Onshore,2026-06-19T11:14:52Z
2026-06-19T11:14:37Z,2026-06-19T13:14:37+0200,55a1f5b5-d48d-4b49-917c-94a17c0073cb,2026-06-09T03:00:00Z,2026-06-09T05:00:00+0200,1030.010533,MW,BE,BE,actual_onshore_wind_generation,Wind Onshore,2026-06-19T11:14:52Z
2026-06-19T11:14:37Z,2026-06-19T13:14:37+0200,55a1f5b5-d48d-4b49-917c-94a17c0073cb,2026-06-09T04:00:00Z,2026-06-09T06:00:00+0200,1054.871897,MW,BE,BE,actual_onshore_wind_generation,Wind Onshore,2026-06-19T11:14:52Z
2026-06-19T11:14:37Z,2026-06-19T13:14:37+0200,55a1f5b5-d48d-4b49-917c-94a17c0073cb,2026-06-09T05:00:00Z,2026-06-09T07:00:00+0200,1032.407681,MW,BE,BE,actual_onshore_wind_generation,Wind Onshore,2026-06-19T11:14:52Z
2026-06-19T11:14:37Z,2026-06-19T13:14:37+0200,55a1f5b5-d48d-4b49-917c-94a17c0073cb,2026-06-09T06:00:00Z,2026-06-09T08:00:00+0200,1036.713662,MW,BE,BE,actual_onshore_wind_generation,Wind Onshore,2026-06-19T11:14:52Z
2026-06-19T11:14:37Z,2026-06-19T13:14:37+0200,55a1f5b5-d48d-4b49-917c-94a17c0073cb,2026-06-09T07:00:00Z,2026-06-09T09:00:00+0200,1133.950357,MW,BE,BE,actual_onshore_wind_generation,Wind Onshore,2026-06-19T11:14:52Z
2026-06-19T11:14:37Z,2026-06-19T13:14:37+0200,55a1f5b5-d48d-4b49-917c-94a17c0073cb,2026-06-09T08:00:00Z,2026-06-09T10:00:00+0200,1422.924865,MW,BE,BE,actual_onshore_wind_generation,Wind Onshore,2026-06-19T11:14:52Z
2026-06-19T11:14:37Z,2026-06-19T13:14:37+0200,55a1f5b5-d48d-4b49-917c-94a17c0073cb,2026-06-09T09:00:00Z,2026-06-09T11:00:00+0200,1611.927547,MW,BE,BE,actual_onshore_wind_generation,Wind Onshore,2026-06-19T11:14:52Z
2026-06-19T11:14:37Z,2026-06-19T13:14:37+0200,55a1f5b5-d48d-4b49-917c-94a17c0073cb,2026-06-09T10:00:00Z,2026-06-09T12:00:00+0200,1605.503674,MW,BE,BE,actual_onshore_wind_generation,Wind Onshore,2026-06-19T11:14:52Z
2026-06-19T11:14:37Z,2026-06-19T13:14:37+0200,55a1f5b5-d48d-4b49-917c-94a17c0073cb,2026-06-09T11:00:00Z,2026-06-09T13:00:00+0200,1461.320338,MW,BE,BE,actual_onshore_wind_generation,Wind Onshore,2026-06-19T11:14:52Z
2026-06-19T11:14:37Z,2026-06-19T13:14:37+0200,55a1f5b5-d48d-4b49-917c-94a17c0073cb,2026-06-09T12:00:00Z,2026-06-09T14:00:00+0200,1314.259925,MW,BE,BE,actual_onshore_wind_generation,Wind Onshore,2026-06-19T11:14:52Z
2026-06-19T11:14:37Z,2026-06-19T13:14:37+0200,55a1f5b5-d48d-4b49-917c-94a17c0073cb,2026-06-09T13:00:00Z,2026-06-09T15:00:00+0200,1326.745485,MW,BE,BE,actual_onshore_wind_generation,Wind Onshore,2026-06-19T11:14:52Z
2026-06-19T11:14:37Z,2026-06-19T13:14:37+0200,55a1f5b5-d48d-4b49-917c-94a17c0073cb,2026-06-09T14:00:00Z,2026-06-09T16:00:00+0200,1367.908556,MW,BE,BE,actual_onshore_wind_generation,Wind Onshore,2026-06-19T11:14:52Z
2026-06-19T11:14:37Z,2026-06-19T13:14:37+0200,55a1f5b5-d48d-4b49-917c-94a17c0073cb,2026-06-09T15:00:00Z,2026-06-09T17:00:00+0200,1325.305387,MW,BE,BE,actual_onshore_wind_generation,Wind Onshore,2026-06-19T11:14:52Z
2026-06-19T11:14:37Z,2026-06-19T13:14:37+0200,55a1f5b5-d48d-4b49-917c-94a17c0073cb,2026-06-09T16:00:00Z,2026-06-09T18:00:00+0200,1207.642308,MW,BE,BE,actual_onshore_wind_generation,Wind Onshore,2026-06-19T11:14:52Z
2026-06-19T11:14:37Z,2026-06-19T13:14:37+0200,55a1f5b5-d48d-4b49-917c-94a17c0073cb,2026-06-09T17:00:00Z,2026-06-09T19:00:00+0200,1309.079613,MW,BE,BE,actual_onshore_wind_generation,Wind Onshore,2026-06-19T11:14:52Z
2026-06-19T11:14:37Z,2026-06-19T13:14:37+0200,55a1f5b5-d48d-4b49-917c-94a17c0073cb,2026-06-09T18:00:00Z,2026-06-09T20:00:00+0200,1044.03084,MW,BE,BE,actual_onshore_wind_generation,Wind Onshore,2026-06-19T11:14:52Z
2026-06-19T11:14:37Z,2026-06-19T13:14:37+0200,55a1f5b5-d48d-4b49-917c-94a17c0073cb,2026-06-09T19:00:00Z,2026-06-09T21:00:00+0200,995.929791,MW,BE,BE,actual_onshore_wind_generation,Wind Onshore,2026-06-19T11:14:52Z
2026-06-19T11:14:37Z,2026-06-19T13:14:37+0200,55a1f5b5-d48d-4b49-917c-94a17c0073cb,2026-06-09T20:00:00Z,2026-06-09T22:00:00+0200,1031.454316,MW,BE,BE,actual_onshore_wind_generation,Wind Onshore,2026-06-19T11:14:52Z
2026-06-19T11:14:37Z,2026-06-19T13:14:37+0200,55a1f5b5-d48d-4b49-917c-94a17c0073cb,2026-06-09T21:00:00Z,2026-06-09T23:00:00+0200,1109.670247,MW,BE,BE,actual_onshore_wind_generation,Wind Onshore,2026-06-19T11:14:52Z
2026-06-19T11:14:37Z,2026-06-19T13:14:37+0200,55a1f5b5-d48d-4b49-917c-94a17c0073cb,2026-06-09T22:00:00Z,2026-06-10T00:00:00+0200,1193.41104,MW,BE,BE,actual_onshore_wind_generation,Wind Onshore,2026-06-19T11:14:52Z
2026-06-19T11:14:37Z,2026-06-19T13:14:37+0200,55a1f5b5-d48d-4b49-917c-94a17c0073cb,2026-06-09T23:00:00Z,2026-06-10T01:00:00+0200,1162.873399,MW,BE,BE,actual_onshore_wind_generation,Wind Onshore,2026-06-19T11:14:52Z
2026-06-19T11:14:37Z,2026-06-19T13:14:37+0200,55a1f5b5-d48d-4b49-917c-94a17c0073cb,2026-06-10T00:00:00Z,2026-06-10T02:00:00+0200,1077.108011,MW,BE,BE,actual_onshore_wind_generation,Wind Onshore,2026-06-19T11:14:52Z
2026-06-19T11:14:37Z,2026-06-19T13:14:37+0200,55a1f5b5-d48d-4b49-917c-94a17c0073cb,2026-06-10T01:00:00Z,2026-06-10T03:00:00+0200,983.275878,MW,BE,BE,actual_onshore_wind_generation,Wind Onshore,2026-06-19T11:14:52Z
2026-06-19T11:14:37Z,2026-06-19T13:14:37+0200,55a1f5b5-d48d-4b49-917c-94a17c0073cb,2026-06-10T02:00:00Z,2026-06-10T04:00:00+0200,850.461137,MW,BE,BE,actual_onshore_wind_generation,Wind Onshore,2026-06-19T11:14:52Z
2026-06-19T11:14:37Z,2026-06-19T13:14:37+0200,55a1f5b5-d48d-4b49-917c-94a17c0073cb,2026-06-10T03:00:00Z,2026-06-10T05:00:00+0200,762.792023,MW,BE,BE,actual_onshore_wind_generation,Wind Onshore,2026-06-19T11:14:52Z
2026-06-19T11:14:37Z,2026-06-19T13:14:37+0200,55a1f5b5-d48d-4b49-917c-94a17c0073cb,2026-06-10T04:00:00Z,2026-06-10T06:00:00+0200,706.496331,MW,BE,BE,actual_onshore_wind_generation,Wind Onshore,2026-06-19T11:14:52Z
2026-06-19T11:14:37Z,2026-06-19T13:14:37+0200,55a1f5b5-d48d-4b49-917c-94a17c0073cb,2026-06-10T05:00:00Z,2026-06-10T07:00:00+0200,508.696215,MW,BE,BE,actual_onshore_wind_generation,Wind Onshore,2026-06-19T11:14:52Z
2026-06-19T11:14:37Z,2026-06-19T13:14:37+0200,55a1f5b5-d48d-4b49-917c-94a17c0073cb,2026-06-10T06:00:00Z,2026-06-10T08:00:00+0200,393.402544,MW,BE,BE,actual_onshore_wind_generation,Wind Onshore,2026-06-19T11:14:52Z
2026-06-19T11:14:37Z,2026-06-19T13:14:37+0200,55a1f5b5-d48d-4b49-917c-94a17c0073cb,2026-06-10T07:00:00Z,2026-06-10T09:00:00+0200,412.481733,MW,BE,BE,actual_onshore_wind_generation,Wind Onshore,2026-06-19T11:14:52Z
2026-06-19T11:14:37Z,2026-06-19T13:14:37+0200,55a1f5b5-d48d-4b49-917c-94a17c0073cb,2026-06-10T08:00:00Z,2026-06-10T10:00:00+0200,482.121148,MW,BE,BE,actual_onshore_wind_generation,Wind Onshore,2026-06-19T11:14:52Z
2026-06-19T11:14:37Z,2026-06-19T13:14:37+0200,55a1f5b5-d48d-4b49-917c-94a17c0073cb,2026-06-10T09:00:00Z,2026-06-10T11:00:00+0200,595.60078,MW,BE,BE,actual_onshore_wind_generation,Wind Onshore,2026-06-19T11:14:52Z
2026-06-19T11:14:37Z,2026-06-19T13:14:37+0200,55a1f5b5-d48d-4b49-917c-94a17c0073cb,2026-06-10T10:00:00Z,2026-06-10T12:00:00+0200,728.123919,MW,BE,BE,actual_onshore_wind_generation,Wind Onshore,2026-06-19T11:14:52Z
2026-06-19T11:14:37Z,2026-06-19T13:14:37+0200,55a1f5b5-d48d-4b49-917c-94a17c0073cb,2026-06-10T11:00:00Z,2026-06-10T13:00:00+0200,768.135028,MW,BE,BE,actual_onshore_wind_generation,Wind Onshore,2026-06-19T11:14:52Z
2026-06-19T11:14:37Z,2026-06-19T13:14:37+0200,55a1f5b5-d48d-4b49-917c-94a17c0073cb,2026-06-10T12:00:00Z,2026-06-10T14:00:00+0200,691.545587,MW,BE,BE,actual_onshore_wind_generation,Wind Onshore,2026-06-19T11:14:52Z
2026-06-19T11:14:37Z,2026-06-19T13:14:37+0200,55a1f5b5-d48d-4b49-917c-94a17c0073cb,2026-06-10T13:00:00Z,2026-06-10T15:00:00+0200,713.483641,MW,BE,BE,actual_onshore_wind_generation,Wind Onshore,2026-06-19T11:14:52Z
2026-06-19T11:14:37Z,2026-06-19T13:14:37+0200,55a1f5b5-d48d-4b49-917c-94a17c0073cb,2026-06-10T14:00:00Z,2026-06-10T16:00:00+0200,796.678825,MW,BE,BE,actual_onshore_wind_generation,Wind Onshore,2026-06-19T11:14:52Z
2026-06-19T11:14:37Z,2026-06-19T13:14:37+0200,55a1f5b5-d48d-4b49-917c-94a17c0073cb,2026-06-10T15:00:00Z,2026-06-10T17:00:00+0200,910.920272,MW,BE,BE,actual_onshore_wind_generation,Wind Onshore,2026-06-19T11:14:52Z
2026-06-19T11:14:37Z,2026-06-19T13:14:37+0200,55a1f5b5-d48d-4b49-917c-94a17c0073cb,2026-06-10T16:00:00Z,2026-06-10T18:00:00+0200,809.475147,MW,BE,BE,actual_onshore_wind_generation,Wind Onshore,2026-06-19T11:14:52Z
2026-06-19T11:14:37Z,2026-06-19T13:14:37+0200,55a1f5b5-d48d-4b49-917c-94a17c0073cb,2026-06-10T17:00:00Z,2026-06-10T19:00:00+0200,801.458408,MW,BE,BE,actual_onshore_wind_generation,Wind Onshore,2026-06-19T11:14:52Z
2026-06-19T11:14:37Z,2026-06-19T13:14:37+0200,55a1f5b5-d48d-4b49-917c-94a17c0073cb,2026-06-10T18:00:00Z,2026-06-10T20:00:00+0200,563.124457,MW,BE,BE,actual_onshore_wind_generation,Wind Onshore,2026-06-19T11:14:52Z
2026-06-19T11:14:37Z,2026-06-19T13:14:37+0200,55a1f5b5-d48d-4b49-917c-94a17c0073cb,2026-06-10T19:00:00Z,2026-06-10T21:00:00+0200,594.960048,MW,BE,BE,actual_onshore_wind_generation,Wind Onshore,2026-06-19T11:14:52Z
2026-06-19T11:14:37Z,2026-06-19T13:14:37+0200,55a1f5b5-d48d-4b49-917c-94a17c0073cb,2026-06-10T20:00:00Z,2026-06-10T22:00:00+0200,730.790726,MW,BE,BE,actual_onshore_wind_generation,Wind Onshore,2026-06-19T11:14:52Z
2026-06-19T11:14:37Z,2026-06-19T13:14:37+0200,55a1f5b5-d48d-4b49-917c-94a17c0073cb,2026-06-10T21:00:00Z,2026-06-10T23:00:00+0200,785.368321,MW,BE,BE,actual_onshore_wind_generation,Wind Onshore,2026-06-19T11:14:52Z
2026-06-19T11:14:37Z,2026-06-19T13:14:37+0200,55a1f5b5-d48d-4b49-917c-94a17c0073cb,2026-06-10T22:00:00Z,2026-06-11T00:00:00+0200,671.91354,MW,BE,BE,actual_onshore_wind_generation,Wind Onshore,2026-06-19T11:14:52Z
2026-06-19T11:14:37Z,2026-06-19T13:14:37+0200,55a1f5b5-d48d-4b49-917c-94a17c0073cb,2026-06-10T23:00:00Z,2026-06-11T01:00:00+0200,757.750339,MW,BE,BE,actual_onshore_wind_generation,Wind Onshore,2026-06-19T11:14:52Z
2026-06-19T11:14:37Z,2026-06-19T13:14:37+0200,55a1f5b5-d48d-4b49-917c-94a17c0073cb,2026-06-11T00:00:00Z,2026-06-11T02:00:00+0200,749.11178,MW,BE,BE,actual_onshore_wind_generation,Wind Onshore,2026-06-19T11:14:52Z
2026-06-19T11:14:37Z,2026-06-19T13:14:37+0200,55a1f5b5-d48d-4b49-917c-94a17c0073cb,2026-06-11T01:00:00Z,2026-06-11T03:00:00+0200,731.223608,MW,BE,BE,actual_onshore_wind_generation,Wind Onshore,2026-06-19T11:14:52Z
2026-06-19T11:14:37Z,2026-06-19T13:14:37+0200,55a1f5b5-d48d-4b49-917c-94a17c0073cb,2026-06-11T02:00:00Z,2026-06-11T04:00:00+0200,636.904587,MW,BE,BE,actual_onshore_wind_generation,Wind Onshore,2026-06-19T11:14:52Z
2026-06-19T11:14:37Z,2026-06-19T13:14:37+0200,55a1f5b5-d48d-4b49-917c-94a17c0073cb,2026-06-11T03:00:00Z,2026-06-11T05:00:00+0200,559.670987,MW,BE,BE,actual_onshore_wind_generation,Wind Onshore,2026-06-19T11:14:52Z
2026-06-19T11:14:37Z,2026-06-19T13:14:37+0200,55a1f5b5-d48d-4b49-917c-94a17c0073cb,2026-06-11T04:00:00Z,2026-06-11T06:00:00+0200,512.518139,MW,BE,BE,actual_onshore_wind_generation,Wind Onshore,2026-06-19T11:14:52Z
2026-06-19T11:14:37Z,2026-06-19T13:14:37+0200,55a1f5b5-d48d-4b49-917c-94a17c0073cb,2026-06-11T05:00:00Z,2026-06-11T07:00:00+0200,334.25255,MW,BE,BE,actual_onshore_wind_generation,Wind Onshore,2026-06-19T11:14:52Z
2026-06-19T11:14:37Z,2026-06-19T13:14:37+0200,55a1f5b5-d48d-4b49-917c-94a17c0073cb,2026-06-11T06:00:00Z,2026-06-11T08:00:00+0200,159.347238,MW,BE,BE,actual_onshore_wind_generation,Wind Onshore,2026-06-19T11:14:52Z
2026-06-19T11:14:37Z,2026-06-19T13:14:37+0200,55a1f5b5-d48d-4b49-917c-94a17c0073cb,2026-06-11T07:00:00Z,2026-06-11T09:00:00+0200,165.563127,MW,BE,BE,actual_onshore_wind_generation,Wind Onshore,2026-06-19T11:14:52Z
2026-06-19T11:14:37Z,2026-06-19T13:14:37+0200,55a1f5b5-d48d-4b49-917c-94a17c0073cb,2026-06-11T08:00:00Z,2026-06-11T10:00:00+0200,235.147711,MW,BE,BE,actual_onshore_wind_generation,Wind Onshore,2026-06-19T11:14:52Z
2026-06-19T11:14:37Z,2026-06-19T13:14:37+0200,55a1f5b5-d48d-4b49-917c-94a17c0073cb,2026-06-11T09:00:00Z,2026-06-11T11:00:00+0200,372.79218,MW,BE,BE,actual_onshore_wind_generation,Wind Onshore,2026-06-19T11:14:52Z
2026-06-19T11:14:37Z,2026-06-19T13:14:37+0200,55a1f5b5-d48d-4b49-917c-94a17c0073cb,2026-06-11T10:00:00Z,2026-06-11T12:00:00+0200,504.254994,MW,BE,BE,actual_onshore_wind_generation,Wind Onshore,2026-06-19T11:14:52Z
2026-06-19T11:14:37Z,2026-06-19T13:14:37+0200,55a1f5b5-d48d-4b49-917c-94a17c0073cb,2026-06-11T11:00:00Z,2026-06-11T13:00:00+0200,667.187607,MW,BE,BE,actual_onshore_wind_generation,Wind Onshore,2026-06-19T11:14:52Z
2026-06-19T11:14:37Z,2026-06-19T13:14:37+0200,55a1f5b5-d48d-4b49-917c-94a17c0073cb,2026-06-11T12:00:00Z,2026-06-11T14:00:00+0200,881.429638,MW,BE,BE,actual_onshore_wind_generation,Wind Onshore,2026-06-19T11:14:52Z
2026-06-19T11:14:37Z,2026-06-19T13:14:37+0200,55a1f5b5-d48d-4b49-917c-94a17c0073cb,2026-06-11T13:00:00Z,2026-06-11T15:00:00+0200,1051.395312,MW,BE,BE,actual_onshore_wind_generation,Wind Onshore,2026-06-19T11:14:52Z
2026-06-19T11:14:37Z,2026-06-19T13:14:37+0200,55a1f5b5-d48d-4b49-917c-94a17c0073cb,2026-06-11T14:00:00Z,2026-06-11T16:00:00+0200,1199.605701,MW,BE,BE,actual_onshore_wind_generation,Wind Onshore,2026-06-19T11:14:52Z
2026-06-19T11:14:37Z,2026-06-19T13:14:37+0200,55a1f5b5-d48d-4b49-917c-94a17c0073cb,2026-06-11T15:00:00Z,2026-06-11T17:00:00+0200,1018.7843,MW,BE,BE,actual_onshore_wind_generation,Wind Onshore,2026-06-19T11:14:52Z
2026-06-19T11:14:37Z,2026-06-19T13:14:37+0200,55a1f5b5-d48d-4b49-917c-94a17c0073cb,2026-06-11T16:00:00Z,2026-06-11T18:00:00+0200,818.850663,MW,BE,BE,actual_onshore_wind_generation,Wind Onshore,2026-06-19T11:14:52Z
2026-06-19T11:14:37Z,2026-06-19T13:14:37+0200,55a1f5b5-d48d-4b49-917c-94a17c0073cb,2026-06-11T17:00:00Z,2026-06-11T19:00:00+0200,909.422936,MW,BE,BE,actual_onshore_wind_generation,Wind Onshore,2026-06-19T11:14:52Z
2026-06-19T11:14:37Z,2026-06-19T13:14:37+0200,55a1f5b5-d48d-4b49-917c-94a17c0073cb,2026-06-11T18:00:00Z,2026-06-11T20:00:00+0200,1356.125399,MW,BE,BE,actual_onshore_wind_generation,Wind Onshore,2026-06-19T11:14:52Z
2026-06-19T11:14:37Z,2026-06-19T13:14:37+0200,55a1f5b5-d48d-4b49-917c-94a17c0073cb,2026-06-11T19:00:00Z,2026-06-11T21:00:00+0200,1778.520426,MW,BE,BE,actual_onshore_wind_generation,Wind Onshore,2026-06-19T11:14:52Z
2026-06-19T11:14:37Z,2026-06-19T13:14:37+0200,55a1f5b5-d48d-4b49-917c-94a17c0073cb,2026-06-11T20:00:00Z,2026-06-11T22:00:00+0200,2035.621876,MW,BE,BE,actual_onshore_wind_generation,Wind Onshore,2026-06-19T11:14:52Z
2026-06-19T11:14:37Z,2026-06-19T13:14:37+0200,55a1f5b5-d48d-4b49-917c-94a17c0073cb,2026-06-11T21:00:00Z,2026-06-11T23:00:00+0200,2315.4877,MW,BE,BE,actual_onshore_wind_generation,Wind Onshore,2026-06-19T11:14:52Z
2026-06-19T11:14:37Z,2026-06-19T13:14:37+0200,55a1f5b5-d48d-4b49-917c-94a17c0073cb,2026-06-11T22:00:00Z,2026-06-12T00:00:00+0200,2243.827779,MW,BE,BE,actual_onshore_wind_generation,Wind Onshore,2026-06-19T11:14:52Z
2026-06-19T11:14:37Z,2026-06-19T13:14:37+0200,55a1f5b5-d48d-4b49-917c-94a17c0073cb,2026-06-11T23:00:00Z,2026-06-12T01:00:00+0200,2033.609898,MW,BE,BE,actual_onshore_wind_generation,Wind Onshore,2026-06-19T11:14:52Z
2026-06-19T11:14:37Z,2026-06-19T13:14:37+0200,55a1f5b5-d48d-4b49-917c-94a17c0073cb,2026-06-12T00:00:00Z,2026-06-12T02:00:00+0200,1829.03751,MW,BE,BE,actual_onshore_wind_generation,Wind Onshore,2026-06-19T11:14:52Z
2026-06-19T11:14:37Z,2026-06-19T13:14:37+0200,55a1f5b5-d48d-4b49-917c-94a17c0073cb,2026-06-12T01:00:00Z,2026-06-12T03:00:00+0200,1695.801348,MW,BE,BE,actual_onshore_wind_generation,Wind Onshore,2026-06-19T11:14:52Z
2026-06-19T11:14:37Z,2026-06-19T13:14:37+0200,55a1f5b5-d48d-4b49-917c-94a17c0073cb,2026-06-12T02:00:00Z,2026-06-12T04:00:00+0200,1801.138564,MW,BE,BE,actual_onshore_wind_generation,Wind Onshore,2026-06-19T11:14:52Z
2026-06-19T11:14:37Z,2026-06-19T13:14:37+0200,55a1f5b5-d48d-4b49-917c-94a17c0073cb,2026-06-12T03:00:00Z,2026-06-12T05:00:00+0200,1814.8122,MW,BE,BE,actual_onshore_wind_generation,Wind Onshore,2026-06-19T11:14:52Z
2026-06-19T11:14:37Z,2026-06-19T13:14:37+0200,55a1f5b5-d48d-4b49-917c-94a17c0073cb,2026-06-12T04:00:00Z,2026-06-12T06:00:00+0200,1806.896535,MW,BE,BE,actual_onshore_wind_generation,Wind Onshore,2026-06-19T11:14:52Z
2026-06-19T11:14:37Z,2026-06-19T13:14:37+0200,55a1f5b5-d48d-4b49-917c-94a17c0073cb,2026-06-12T05:00:00Z,2026-06-12T07:00:00+0200,1679.516341,MW,BE,BE,actual_onshore_wind_generation,Wind Onshore,2026-06-19T11:14:52Z
2026-06-19T11:14:37Z,2026-06-19T13:14:37+0200,55a1f5b5-d48d-4b49-917c-94a17c0073cb,2026-06-12T06:00:00Z,2026-06-12T08:00:00+0200,1590.05507,MW,BE,BE,actual_onshore_wind_generation,Wind Onshore,2026-06-19T11:14:52Z
2026-06-19T11:14:37Z,2026-06-19T13:14:37+0200,55a1f5b5-d48d-4b49-917c-94a17c0073cb,2026-06-12T07:00:00Z,2026-06-12T09:00:00+0200,1501.23586,MW,BE,BE,actual_onshore_wind_generation,Wind Onshore,2026-06-19T11:14:52Z
2026-06-19T11:14:37Z,2026-06-19T13:14:37+0200,55a1f5b5-d48d-4b49-917c-94a17c0073cb,2026-06-12T08:00:00Z,2026-06-12T10:00:00+0200,1485.865182,MW,BE,BE,actual_onshore_wind_generation,Wind Onshore,2026-06-19T11:14:52Z
2026-06-19T11:14:37Z,2026-06-19T13:14:37+0200,55a1f5b5-d48d-4b49-917c-94a17c0073cb,2026-06-12T09:00:00Z,2026-06-12T11:00:00+0200,1530.010052,MW,BE,BE,actual_onshore_wind_generation,Wind Onshore,2026-06-19T11:14:52Z
2026-06-19T11:14:37Z,2026-06-19T13:14:37+0200,55a1f5b5-d48d-4b49-917c-94a17c0073cb,2026-06-12T10:00:00Z,2026-06-12T12:00:00+0200,1575.177904,MW,BE,BE,actual_onshore_wind_generation,Wind Onshore,2026-06-19T11:14:52Z
2026-06-19T11:14:37Z,2026-06-19T13:14:37+0200,55a1f5b5-d48d-4b49-917c-94a17c0073cb,2026-06-12T11:00:00Z,2026-06-12T13:00:00+0200,1621.913063,MW,BE,BE,actual_onshore_wind_generation,Wind Onshore,2026-06-19T11:14:52Z
2026-06-19T11:14:37Z,2026-06-19T13:14:37+0200,55a1f5b5-d48d-4b49-917c-94a17c0073cb,2026-06-12T12:00:00Z,2026-06-12T14:00:00+0200,1469.432866,MW,BE,BE,actual_onshore_wind_generation,Wind Onshore,2026-06-19T11:14:52Z
2026-06-19T11:14:37Z,2026-06-19T13:14:37+0200,55a1f5b5-d48d-4b49-917c-94a17c0073cb,2026-06-12T13:00:00Z,2026-06-12T15:00:00+0200,1744.913994,MW,BE,BE,actual_onshore_wind_generation,Wind Onshore,2026-06-19T11:14:52Z
2026-06-19T11:14:37Z,2026-06-19T13:14:37+0200,55a1f5b5-d48d-4b49-917c-94a17c0073cb,2026-06-12T14:00:00Z,2026-06-12T16:00:00+0200,1777.413934,MW,BE,BE,actual_onshore_wind_generation,Wind Onshore,2026-06-19T11:14:52Z
2026-06-19T11:14:37Z,2026-06-19T13:14:37+0200,55a1f5b5-d48d-4b49-917c-94a17c0073cb,2026-06-12T15:00:00Z,2026-06-12T17:00:00+0200,1700.46188,MW,BE,BE,actual_onshore_wind_generation,Wind Onshore,2026-06-19T11:14:52Z
2026-06-19T11:14:37Z,2026-06-19T13:14:37+0200,55a1f5b5-d48d-4b49-917c-94a17c0073cb,2026-06-12T16:00:00Z,2026-06-12T18:00:00+0200,1804.754439,MW,BE,BE,actual_onshore_wind_generation,Wind Onshore,2026-06-19T11:14:52Z
2026-06-19T11:14:37Z,2026-06-19T13:14:37+0200,55a1f5b5-d48d-4b49-917c-94a17c0073cb,2026-06-12T17:00:00Z,2026-06-12T19:00:00+0200,1761.025413,MW,BE,BE,actual_onshore_wind_generation,Wind Onshore,2026-06-19T11:14:52Z
2026-06-19T11:14:37Z,2026-06-19T13:14:37+0200,55a1f5b5-d48d-4b49-917c-94a17c0073cb,2026-06-12T18:00:00Z,2026-06-12T20:00:00+0200,1819.970016,MW,BE,BE,actual_onshore_wind_generation,Wind Onshore,2026-06-19T11:14:52Z
2026-06-19T11:14:37Z,2026-06-19T13:14:37+0200,55a1f5b5-d48d-4b49-917c-94a17c0073cb,2026-06-12T19:00:00Z,2026-06-12T21:00:00+0200,1913.100299,MW,BE,BE,actual_onshore_wind_generation,Wind Onshore,2026-06-19T11:14:52Z
2026-06-19T11:14:37Z,2026-06-19T13:14:37+0200,55a1f5b5-d48d-4b49-917c-94a17c0073cb,2026-06-12T20:00:00Z,2026-06-12T22:00:00+0200,1819.1243,MW,BE,BE,actual_onshore_wind_generation,Wind Onshore,2026-06-19T11:14:52Z
2026-06-19T11:14:37Z,2026-06-19T13:14:37+0200,55a1f5b5-d48d-4b49-917c-94a17c0073cb,2026-06-12T21:00:00Z,2026-06-12T23:00:00+0200,1637.756042,MW,BE,BE,actual_onshore_wind_generation,Wind Onshore,2026-06-19T11:14:52Z
2026-06-19T11:14:37Z,2026-06-19T13:14:37+0200,55a1f5b5-d48d-4b49-917c-94a17c0073cb,2026-06-12T22:00:00Z,2026-06-13T00:00:00+0200,1525.957471,MW,BE,BE,actual_onshore_wind_generation,Wind Onshore,2026-06-19T11:14:52Z
2026-06-19T11:14:37Z,2026-06-19T13:14:37+0200,55a1f5b5-d48d-4b49-917c-94a17c0073cb,2026-06-12T23:00:00Z,2026-06-13T01:00:00+0200,1384.354642,MW,BE,BE,actual_onshore_wind_generation,Wind Onshore,2026-06-19T11:14:52Z
2026-06-19T11:14:37Z,2026-06-19T13:14:37+0200,55a1f5b5-d48d-4b49-917c-94a17c0073cb,2026-06-13T00:00:00Z,2026-06-13T02:00:00+0200,1258.358931,MW,BE,BE,actual_onshore_wind_generation,Wind Onshore,2026-06-19T11:14:52Z
2026-06-19T11:14:37Z,2026-06-19T13:14:37+0200,55a1f5b5-d48d-4b49-917c-94a17c0073cb,2026-06-13T01:00:00Z,2026-06-13T03:00:00+0200,1091.823376,MW,BE,BE,actual_onshore_wind_generation,Wind Onshore,2026-06-19T11:14:52Z
2026-06-19T11:14:37Z,2026-06-19T13:14:37+0200,55a1f5b5-d48d-4b49-917c-94a17c0073cb,2026-06-13T02:00:00Z,2026-06-13T04:00:00+0200,997.188811,MW,BE,BE,actual_onshore_wind_generation,Wind Onshore,2026-06-19T11:14:52Z
2026-06-19T11:14:37Z,2026-06-19T13:14:37+0200,55a1f5b5-d48d-4b49-917c-94a17c0073cb,2026-06-13T03:00:00Z,2026-06-13T05:00:00+0200,1028.695726,MW,BE,BE,actual_onshore_wind_generation,Wind Onshore,2026-06-19T11:14:52Z
2026-06-19T11:14:37Z,2026-06-19T13:14:37+0200,55a1f5b5-d48d-4b49-917c-94a17c0073cb,2026-06-13T04:00:00Z,2026-06-13T06:00:00+0200,974.998994,MW,BE,BE,actual_onshore_wind_generation,Wind Onshore,2026-06-19T11:14:52Z
2026-06-19T11:14:37Z,2026-06-19T13:14:37+0200,55a1f5b5-d48d-4b49-917c-94a17c0073cb,2026-06-13T05:00:00Z,2026-06-13T07:00:00+0200,1094.761144,MW,BE,BE,actual_onshore_wind_generation,Wind Onshore,2026-06-19T11:14:52Z
2026-06-19T11:14:37Z,2026-06-19T13:14:37+0200,55a1f5b5-d48d-4b49-917c-94a17c0073cb,2026-06-13T06:00:00Z,2026-06-13T08:00:00+0200,1284.975273,MW,BE,BE,actual_onshore_wind_generation,Wind Onshore,2026-06-19T11:14:52Z
2026-06-19T11:14:37Z,2026-06-19T13:14:37+0200,55a1f5b5-d48d-4b49-917c-94a17c0073cb,2026-06-13T07:00:00Z,2026-06-13T09:00:00+0200,1383.05317,MW,BE,BE,actual_onshore_wind_generation,Wind Onshore,2026-06-19T11:14:52Z
2026-06-19T11:14:37Z,2026-06-19T13:14:37+0200,55a1f5b5-d48d-4b49-917c-94a17c0073cb,2026-06-13T08:00:00Z,2026-06-13T10:00:00+0200,1233.893616,MW,BE,BE,actual_onshore_wind_generation,Wind Onshore,2026-06-19T11:14:52Z
2026-06-19T11:14:37Z,2026-06-19T13:14:37+0200,55a1f5b5-d48d-4b49-917c-94a17c0073cb,2026-06-13T09:00:00Z,2026-06-13T11:00:00+0200,1255.764057,MW,BE,BE,actual_onshore_wind_generation,Wind Onshore,2026-06-19T11:14:52Z
2026-06-19T11:14:37Z,2026-06-19T13:14:37+0200,55a1f5b5-d48d-4b49-917c-94a17c0073cb,2026-06-13T10:00:00Z,2026-06-13T12:00:00+0200,1369.749009,MW,BE,BE,actual_onshore_wind_generation,Wind Onshore,2026-06-19T11:14:52Z
2026-06-19T11:14:37Z,2026-06-19T13:14:37+0200,55a1f5b5-d48d-4b49-917c-94a17c0073cb,2026-06-13T11:00:00Z,2026-06-13T13:00:00+0200,1190.040923,MW,BE,BE,actual_onshore_wind_generation,Wind Onshore,2026-06-19T11:14:52Z
2026-06-19T11:14:37Z,2026-06-19T13:14:37+0200,55a1f5b5-d48d-4b49-917c-94a17c0073cb,2026-06-13T12:00:00Z,2026-06-13T14:00:00+0200,1093.654728,MW,BE,BE,actual_onshore_wind_generation,Wind Onshore,2026-06-19T11:14:52Z
2026-06-19T11:14:37Z,2026-06-19T13:14:37+0200,55a1f5b5-d48d-4b49-917c-94a17c0073cb,2026-06-13T13:00:00Z,2026-06-13T15:00:00+0200,1083.83944,MW,BE,BE,actual_onshore_wind_generation,Wind Onshore,2026-06-19T11:14:52Z
2026-06-19T11:14:37Z,2026-06-19T13:14:37+0200,55a1f5b5-d48d-4b49-917c-94a17c0073cb,2026-06-13T14:00:00Z,2026-06-13T16:00:00+0200,965.703213,MW,BE,BE,actual_onshore_wind_generation,Wind Onshore,2026-06-19T11:14:52Z
2026-06-19T11:14:37Z,2026-06-19T13:14:37+0200,55a1f5b5-d48d-4b49-917c-94a17c0073cb,2026-06-13T15:00:00Z,2026-06-13T17:00:00+0200,875.291343,MW,BE,BE,actual_onshore_wind_generation,Wind Onshore,2026-06-19T11:14:52Z
2026-06-19T11:14:37Z,2026-06-19T13:14:37+0200,55a1f5b5-d48d-4b49-917c-94a17c0073cb,2026-06-13T16:00:00Z,2026-06-13T18:00:00+0200,801.460563,MW,BE,BE,actual_onshore_wind_generation,Wind Onshore,2026-06-19T11:14:52Z
2026-06-19T11:14:37Z,2026-06-19T13:14:37+0200,55a1f5b5-d48d-4b49-917c-94a17c0073cb,2026-06-13T17:00:00Z,2026-06-13T19:00:00+0200,668.291952,MW,BE,BE,actual_onshore_wind_generation,Wind Onshore,2026-06-19T11:14:52Z
2026-06-19T11:14:37Z,2026-06-19T13:14:37+0200,55a1f5b5-d48d-4b49-917c-94a17c0073cb,2026-06-13T18:00:00Z,2026-06-13T20:00:00+0200,395.389996,MW,BE,BE,actual_onshore_wind_generation,Wind Onshore,2026-06-19T11:14:52Z
2026-06-19T11:14:37Z,2026-06-19T13:14:37+0200,55a1f5b5-d48d-4b49-917c-94a17c0073cb,2026-06-13T19:00:00Z,2026-06-13T21:00:00+0200,247.73194,MW,BE,BE,actual_onshore_wind_generation,Wind Onshore,2026-06-19T11:14:52Z
2026-06-19T11:14:37Z,2026-06-19T13:14:37+0200,55a1f5b5-d48d-4b49-917c-94a17c0073cb,2026-06-13T20:00:00Z,2026-06-13T22:00:00+0200,132.414039,MW,BE,BE,actual_onshore_wind_generation,Wind Onshore,2026-06-19T11:14:52Z
2026-06-19T11:14:37Z,2026-06-19T13:14:37+0200,55a1f5b5-d48d-4b49-917c-94a17c0073cb,2026-06-13T21:00:00Z,2026-06-13T23:00:00+0200,124.557894,MW,BE,BE,actual_onshore_wind_generation,Wind Onshore,2026-06-19T11:14:52Z
2026-06-19T11:14:37Z,2026-06-19T13:14:37+0200,55a1f5b5-d48d-4b49-917c-94a17c0073cb,2026-06-13T22:00:00Z,2026-06-14T00:00:00+0200,208.076535,MW,BE,BE,actual_onshore_wind_generation,Wind Onshore,2026-06-19T11:14:52Z
2026-06-19T11:14:37Z,2026-06-19T13:14:37+0200,55a1f5b5-d48d-4b49-917c-94a17c0073cb,2026-06-13T23:00:00Z,2026-06-14T01:00:00+0200,348.891925,MW,BE,BE,actual_onshore_wind_generation,Wind Onshore,2026-06-19T11:14:52Z
2026-06-19T11:14:37Z,2026-06-19T13:14:37+0200,55a1f5b5-d48d-4b49-917c-94a17c0073cb,2026-06-14T00:00:00Z,2026-06-14T02:00:00+0200,541.463646,MW,BE,BE,actual_onshore_wind_generation,Wind Onshore,2026-06-19T11:14:52Z
2026-06-19T11:14:37Z,2026-06-19T13:14:37+0200,55a1f5b5-d48d-4b49-917c-94a17c0073cb,2026-06-14T01:00:00Z,2026-06-14T03:00:00+0200,721.415767,MW,BE,BE,actual_onshore_wind_generation,Wind Onshore,2026-06-19T11:14:52Z
2026-06-19T11:14:37Z,2026-06-19T13:14:37+0200,55a1f5b5-d48d-4b49-917c-94a17c0073cb,2026-06-14T02:00:00Z,2026-06-14T04:00:00+0200,754.19791,MW,BE,BE,actual_onshore_wind_generation,Wind Onshore,2026-06-19T11:14:52Z
2026-06-19T11:14:37Z,2026-06-19T13:14:37+0200,55a1f5b5-d48d-4b49-917c-94a17c0073cb,2026-06-14T03:00:00Z,2026-06-14T05:00:00+0200,720.295226,MW,BE,BE,actual_onshore_wind_generation,Wind Onshore,2026-06-19T11:14:52Z
2026-06-19T11:14:37Z,2026-06-19T13:14:37+0200,55a1f5b5-d48d-4b49-917c-94a17c0073cb,2026-06-14T04:00:00Z,2026-06-14T06:00:00+0200,596.525929,MW,BE,BE,actual_onshore_wind_generation,Wind Onshore,2026-06-19T11:14:52Z
2026-06-19T11:14:37Z,2026-06-19T13:14:37+0200,55a1f5b5-d48d-4b49-917c-94a17c0073cb,2026-06-14T05:00:00Z,2026-06-14T07:00:00+0200,442.100761,MW,BE,BE,actual_onshore_wind_generation,Wind Onshore,2026-06-19T11:14:52Z
2026-06-19T11:14:37Z,2026-06-19T13:14:37+0200,55a1f5b5-d48d-4b49-917c-94a17c0073cb,2026-06-14T06:00:00Z,2026-06-14T08:00:00+0200,457.361296,MW,BE,BE,actual_onshore_wind_generation,Wind Onshore,2026-06-19T11:14:52Z
2026-06-19T11:14:37Z,2026-06-19T13:14:37+0200,55a1f5b5-d48d-4b49-917c-94a17c0073cb,2026-06-14T07:00:00Z,2026-06-14T09:00:00+0200,565.66494,MW,BE,BE,actual_onshore_wind_generation,Wind Onshore,2026-06-19T11:14:52Z
2026-06-19T11:14:37Z,2026-06-19T13:14:37+0200,55a1f5b5-d48d-4b49-917c-94a17c0073cb,2026-06-14T08:00:00Z,2026-06-14T10:00:00+0200,523.988441,MW,BE,BE,actual_onshore_wind_generation,Wind Onshore,2026-06-19T11:14:52Z
2026-06-19T11:14:37Z,2026-06-19T13:14:37+0200,55a1f5b5-d48d-4b49-917c-94a17c0073cb,2026-06-14T09:00:00Z,2026-06-14T11:00:00+0200,509.261994,MW,BE,BE,actual_onshore_wind_generation,Wind Onshore,2026-06-19T11:14:52Z
2026-06-19T11:14:37Z,2026-06-19T13:14:37+0200,55a1f5b5-d48d-4b49-917c-94a17c0073cb,2026-06-14T10:00:00Z,2026-06-14T12:00:00+0200,434.001901,MW,BE,BE,actual_onshore_wind_generation,Wind Onshore,2026-06-19T11:14:52Z
2026-06-19T11:14:37Z,2026-06-19T13:14:37+0200,55a1f5b5-d48d-4b49-917c-94a17c0073cb,2026-06-14T11:00:00Z,2026-06-14T13:00:00+0200,431.037648,MW,BE,BE,actual_onshore_wind_generation,Wind Onshore,2026-06-19T11:14:52Z
2026-06-19T11:14:37Z,2026-06-19T13:14:37+0200,55a1f5b5-d48d-4b49-917c-94a17c0073cb,2026-06-14T12:00:00Z,2026-06-14T14:00:00+0200,468.157783,MW,BE,BE,actual_onshore_wind_generation,Wind Onshore,2026-06-19T11:14:52Z
2026-06-19T11:14:37Z,2026-06-19T13:14:37+0200,55a1f5b5-d48d-4b49-917c-94a17c0073cb,2026-06-14T13:00:00Z,2026-06-14T15:00:00+0200,504.254885,MW,BE,BE,actual_onshore_wind_generation,Wind Onshore,2026-06-19T11:14:52Z
2026-06-19T11:14:37Z,2026-06-19T13:14:37+0200,55a1f5b5-d48d-4b49-917c-94a17c0073cb,2026-06-14T14:00:00Z,2026-06-14T16:00:00+0200,517.955907,MW,BE,BE,actual_onshore_wind_generation,Wind Onshore,2026-06-19T11:14:52Z
2026-06-19T11:14:37Z,2026-06-19T13:14:37+0200,55a1f5b5-d48d-4b49-917c-94a17c0073cb,2026-06-14T15:00:00Z,2026-06-14T17:00:00+0200,438.625646,MW,BE,BE,actual_onshore_wind_generation,Wind Onshore,2026-06-19T11:14:52Z
2026-06-19T11:14:37Z,2026-06-19T13:14:37+0200,55a1f5b5-d48d-4b49-917c-94a17c0073cb,2026-06-14T16:00:00Z,2026-06-14T18:00:00+0200,541.43322,MW,BE,BE,actual_onshore_wind_generation,Wind Onshore,2026-06-19T11:14:52Z
2026-06-19T11:14:37Z,2026-06-19T13:14:37+0200,55a1f5b5-d48d-4b49-917c-94a17c0073cb,2026-06-14T17:00:00Z,2026-06-14T19:00:00+0200,532.756911,MW,BE,BE,actual_onshore_wind_generation,Wind Onshore,2026-06-19T11:14:52Z
2026-06-19T11:14:37Z,2026-06-19T13:14:37+0200,55a1f5b5-d48d-4b49-917c-94a17c0073cb,2026-06-14T18:00:00Z,2026-06-14T20:00:00+0200,493.659565,MW,BE,BE,actual_onshore_wind_generation,Wind Onshore,2026-06-19T11:14:52Z
2026-06-19T11:14:37Z,2026-06-19T13:14:37+0200,55a1f5b5-d48d-4b49-917c-94a17c0073cb,2026-06-14T19:00:00Z,2026-06-14T21:00:00+0200,440.55714,MW,BE,BE,actual_onshore_wind_generation,Wind Onshore,2026-06-19T11:14:52Z
2026-06-19T11:14:37Z,2026-06-19T13:14:37+0200,55a1f5b5-d48d-4b49-917c-94a17c0073cb,2026-06-14T20:00:00Z,2026-06-14T22:00:00+0200,393.988026,MW,BE,BE,actual_onshore_wind_generation,Wind Onshore,2026-06-19T11:14:52Z
2026-06-19T11:14:37Z,2026-06-19T13:14:37+0200,55a1f5b5-d48d-4b49-917c-94a17c0073cb,2026-06-14T21:00:00Z,2026-06-14T23:00:00+0200,341.216983,MW,BE,BE,actual_onshore_wind_generation,Wind Onshore,2026-06-19T11:14:52Z
2026-06-19T11:14:37Z,2026-06-19T13:14:37+0200,55a1f5b5-d48d-4b49-917c-94a17c0073cb,2026-06-14T22:00:00Z,2026-06-15T00:00:00+0200,365.421555,MW,BE,BE,actual_onshore_wind_generation,Wind Onshore,2026-06-19T11:14:52Z
2026-06-19T11:14:37Z,2026-06-19T13:14:37+0200,55a1f5b5-d48d-4b49-917c-94a17c0073cb,2026-06-14T23:00:00Z,2026-06-15T01:00:00+0200,330.430128,MW,BE,BE,actual_onshore_wind_generation,Wind Onshore,2026-06-19T11:14:52Z
2026-06-19T11:14:37Z,2026-06-19T13:14:37+0200,55a1f5b5-d48d-4b49-917c-94a17c0073cb,2026-06-15T00:00:00Z,2026-06-15T02:00:00+0200,367.429389,MW,BE,BE,actual_onshore_wind_generation,Wind Onshore,2026-06-19T11:14:52Z
2026-06-19T11:14:37Z,2026-06-19T13:14:37+0200,55a1f5b5-d48d-4b49-917c-94a17c0073cb,2026-06-15T01:00:00Z,2026-06-15T03:00:00+0200,434.061891,MW,BE,BE,actual_onshore_wind_generation,Wind Onshore,2026-06-19T11:14:52Z
2026-06-19T11:14:37Z,2026-06-19T13:14:37+0200,55a1f5b5-d48d-4b49-917c-94a17c0073cb,2026-06-15T02:00:00Z,2026-06-15T04:00:00+0200,389.673233,MW,BE,BE,actual_onshore_wind_generation,Wind Onshore,2026-06-19T11:14:52Z
2026-06-19T11:14:37Z,2026-06-19T13:14:37+0200,55a1f5b5-d48d-4b49-917c-94a17c0073cb,2026-06-15T03:00:00Z,2026-06-15T05:00:00+0200,376.343476,MW,BE,BE,actual_onshore_wind_generation,Wind Onshore,2026-06-19T11:14:52Z
2026-06-19T11:14:37Z,2026-06-19T13:14:37+0200,55a1f5b5-d48d-4b49-917c-94a17c0073cb,2026-06-15T04:00:00Z,2026-06-15T06:00:00+0200,313.440761,MW,BE,BE,actual_onshore_wind_generation,Wind Onshore,2026-06-19T11:14:52Z
2026-06-19T11:14:37Z,2026-06-19T13:14:37+0200,55a1f5b5-d48d-4b49-917c-94a17c0073cb,2026-06-15T05:00:00Z,2026-06-15T07:00:00+0200,182.639391,MW,BE,BE,actual_onshore_wind_generation,Wind Onshore,2026-06-19T11:14:52Z
2026-06-19T11:14:37Z,2026-06-19T13:14:37+0200,55a1f5b5-d48d-4b49-917c-94a17c0073cb,2026-06-15T06:00:00Z,2026-06-15T08:00:00+0200,93.547546,MW,BE,BE,actual_onshore_wind_generation,Wind Onshore,2026-06-19T11:14:52Z
2026-06-19T11:14:37Z,2026-06-19T13:14:37+0200,55a1f5b5-d48d-4b49-917c-94a17c0073cb,2026-06-15T07:00:00Z,2026-06-15T09:00:00+0200,142.347675,MW,BE,BE,actual_onshore_wind_generation,Wind Onshore,2026-06-19T11:14:52Z
2026-06-19T11:14:37Z,2026-06-19T13:14:37+0200,55a1f5b5-d48d-4b49-917c-94a17c0073cb,2026-06-15T08:00:00Z,2026-06-15T10:00:00+0200,143.192054,MW,BE,BE,actual_onshore_wind_generation,Wind Onshore,2026-06-19T11:14:52Z
2026-06-19T11:14:37Z,2026-06-19T13:14:37+0200,55a1f5b5-d48d-4b49-917c-94a17c0073cb,2026-06-15T09:00:00Z,2026-06-15T11:00:00+0200,101.596421,MW,BE,BE,actual_onshore_wind_generation,Wind Onshore,2026-06-19T11:14:52Z
2026-06-19T11:14:37Z,2026-06-19T13:14:37+0200,55a1f5b5-d48d-4b49-917c-94a17c0073cb,2026-06-15T10:00:00Z,2026-06-15T12:00:00+0200,60.891078,MW,BE,BE,actual_onshore_wind_generation,Wind Onshore,2026-06-19T11:14:52Z
2026-06-19T11:14:37Z,2026-06-19T13:14:37+0200,55a1f5b5-d48d-4b49-917c-94a17c0073cb,2026-06-15T11:00:00Z,2026-06-15T13:00:00+0200,27.746842,MW,BE,BE,actual_onshore_wind_generation,Wind Onshore,2026-06-19T11:14:52Z
2026-06-19T11:14:37Z,2026-06-19T13:14:37+0200,55a1f5b5-d48d-4b49-917c-94a17c0073cb,2026-06-15T12:00:00Z,2026-06-15T14:00:00+0200,25.269853,MW,BE,BE,actual_onshore_wind_generation,Wind Onshore,2026-06-19T11:14:52Z
2026-06-19T11:14:37Z,2026-06-19T13:14:37+0200,55a1f5b5-d48d-4b49-917c-94a17c0073cb,2026-06-15T13:00:00Z,2026-06-15T15:00:00+0200,15.325016,MW,BE,BE,actual_onshore_wind_generation,Wind Onshore,2026-06-19T11:14:52Z
2026-06-19T11:14:37Z,2026-06-19T13:14:37+0200,55a1f5b5-d48d-4b49-917c-94a17c0073cb,2026-06-15T14:00:00Z,2026-06-15T16:00:00+0200,20.609988,MW,BE,BE,actual_onshore_wind_generation,Wind Onshore,2026-06-19T11:14:52Z
2026-06-19T11:14:37Z,2026-06-19T13:14:37+0200,55a1f5b5-d48d-4b49-917c-94a17c0073cb,2026-06-15T15:00:00Z,2026-06-15T17:00:00+0200,35.163023,MW,BE,BE,actual_onshore_wind_generation,Wind Onshore,2026-06-19T11:14:52Z
2026-06-19T11:14:37Z,2026-06-19T13:14:37+0200,55a1f5b5-d48d-4b49-917c-94a17c0073cb,2026-06-15T16:00:00Z,2026-06-15T18:00:00+0200,37.107914,MW,BE,BE,actual_onshore_wind_generation,Wind Onshore,2026-06-19T11:14:52Z
2026-06-19T11:14:37Z,2026-06-19T13:14:37+0200,55a1f5b5-d48d-4b49-917c-94a17c0073cb,2026-06-15T17:00:00Z,2026-06-15T19:00:00+0200,43.463012,MW,BE,BE,actual_onshore_wind_generation,Wind Onshore,2026-06-19T11:14:52Z
2026-06-19T11:14:37Z,2026-06-19T13:14:37+0200,55a1f5b5-d48d-4b49-917c-94a17c0073cb,2026-06-15T18:00:00Z,2026-06-15T20:00:00+0200,59.446126,MW,BE,BE,actual_onshore_wind_generation,Wind Onshore,2026-06-19T11:14:52Z
2026-06-19T11:14:37Z,2026-06-19T13:14:37+0200,55a1f5b5-d48d-4b49-917c-94a17c0073cb,2026-06-15T19:00:00Z,2026-06-15T21:00:00+0200,145.698184,MW,BE,BE,actual_onshore_wind_generation,Wind Onshore,2026-06-19T11:14:52Z
2026-06-19T11:14:37Z,2026-06-19T13:14:37+0200,55a1f5b5-d48d-4b49-917c-94a17c0073cb,2026-06-15T20:00:00Z,2026-06-15T22:00:00+0200,283.784565,MW,BE,BE,actual_onshore_wind_generation,Wind Onshore,2026-06-19T11:14:52Z
2026-06-19T11:14:37Z,2026-06-19T13:14:37+0200,55a1f5b5-d48d-4b49-917c-94a17c0073cb,2026-06-15T21:00:00Z,2026-06-15T23:00:00+0200,438.563809,MW,BE,BE,actual_onshore_wind_generation,Wind Onshore,2026-06-19T11:14:52Z
2026-06-19T11:14:37Z,2026-06-19T13:14:37+0200,55a1f5b5-d48d-4b49-917c-94a17c0073cb,2026-06-15T22:00:00Z,2026-06-16T00:00:00+0200,640.406231,MW,BE,BE,actual_onshore_wind_generation,Wind Onshore,2026-06-19T11:14:52Z
2026-06-19T11:14:37Z,2026-06-19T13:14:37+0200,55a1f5b5-d48d-4b49-917c-94a17c0073cb,2026-06-15T23:00:00Z,2026-06-16T01:00:00+0200,882.956202,MW,BE,BE,actual_onshore_wind_generation,Wind Onshore,2026-06-19T11:14:52Z
2026-06-19T11:14:37Z,2026-06-19T13:14:37+0200,55a1f5b5-d48d-4b49-917c-94a17c0073cb,2026-06-16T00:00:00Z,2026-06-16T02:00:00+0200,1042.586262,MW,BE,BE,actual_onshore_wind_generation,Wind Onshore,2026-06-19T11:14:52Z
2026-06-19T11:14:37Z,2026-06-19T13:14:37+0200,55a1f5b5-d48d-4b49-917c-94a17c0073cb,2026-06-16T01:00:00Z,2026-06-16T03:00:00+0200,1162.651508,MW,BE,BE,actual_onshore_wind_generation,Wind Onshore,2026-06-19T11:14:52Z
2026-06-19T11:14:37Z,2026-06-19T13:14:37+0200,55a1f5b5-d48d-4b49-917c-94a17c0073cb,2026-06-16T02:00:00Z,2026-06-16T04:00:00+0200,990.71522,MW,BE,BE,actual_onshore_wind_generation,Wind Onshore,2026-06-19T11:14:52Z
2026-06-19T11:14:37Z,2026-06-19T13:14:37+0200,55a1f5b5-d48d-4b49-917c-94a17c0073cb,2026-06-16T03:00:00Z,2026-06-16T05:00:00+0200,800.063345,MW,BE,BE,actual_onshore_wind_generation,Wind Onshore,2026-06-19T11:14:52Z
2026-06-19T11:14:37Z,2026-06-19T13:14:37+0200,55a1f5b5-d48d-4b49-917c-94a17c0073cb,2026-06-16T04:00:00Z,2026-06-16T06:00:00+0200,896.169749,MW,BE,BE,actual_onshore_wind_generation,Wind Onshore,2026-06-19T11:14:52Z
2026-06-19T11:14:37Z,2026-06-19T13:14:37+0200,55a1f5b5-d48d-4b49-917c-94a17c0073cb,2026-06-16T05:00:00Z,2026-06-16T07:00:00+0200,629.812398,MW,BE,BE,actual_onshore_wind_generation,Wind Onshore,2026-06-19T11:14:52Z
2026-06-19T11:14:37Z,2026-06-19T13:14:37+0200,55a1f5b5-d48d-4b49-917c-94a17c0073cb,2026-06-16T06:00:00Z,2026-06-16T08:00:00+0200,336.819224,MW,BE,BE,actual_onshore_wind_generation,Wind Onshore,2026-06-19T11:14:52Z
2026-06-19T11:14:37Z,2026-06-19T13:14:37+0200,55a1f5b5-d48d-4b49-917c-94a17c0073cb,2026-06-16T07:00:00Z,2026-06-16T09:00:00+0200,216.400985,MW,BE,BE,actual_onshore_wind_generation,Wind Onshore,2026-06-19T11:14:52Z
2026-06-19T11:14:37Z,2026-06-19T13:14:37+0200,55a1f5b5-d48d-4b49-917c-94a17c0073cb,2026-06-16T08:00:00Z,2026-06-16T10:00:00+0200,159.081335,MW,BE,BE,actual_onshore_wind_generation,Wind Onshore,2026-06-19T11:14:52Z
2026-06-19T11:14:37Z,2026-06-19T13:14:37+0200,55a1f5b5-d48d-4b49-917c-94a17c0073cb,2026-06-16T09:00:00Z,2026-06-16T11:00:00+0200,229.703378,MW,BE,BE,actual_onshore_wind_generation,Wind Onshore,2026-06-19T11:14:52Z
2026-06-19T11:14:37Z,2026-06-19T13:14:37+0200,55a1f5b5-d48d-4b49-917c-94a17c0073cb,2026-06-16T10:00:00Z,2026-06-16T12:00:00+0200,289.142028,MW,BE,BE,actual_onshore_wind_generation,Wind Onshore,2026-06-19T11:14:52Z
2026-06-19T11:14:37Z,2026-06-19T13:14:37+0200,55a1f5b5-d48d-4b49-917c-94a17c0073cb,2026-06-16T11:00:00Z,2026-06-16T13:00:00+0200,315.543937,MW,BE,BE,actual_onshore_wind_generation,Wind Onshore,2026-06-19T11:14:52Z
2026-06-19T11:14:37Z,2026-06-19T13:14:37+0200,55a1f5b5-d48d-4b49-917c-94a17c0073cb,2026-06-16T12:00:00Z,2026-06-16T14:00:00+0200,353.433768,MW,BE,BE,actual_onshore_wind_generation,Wind Onshore,2026-06-19T11:14:52Z
2026-06-19T11:14:37Z,2026-06-19T13:14:37+0200,55a1f5b5-d48d-4b49-917c-94a17c0073cb,2026-06-16T13:00:00Z,2026-06-16T15:00:00+0200,358.355202,MW,BE,BE,actual_onshore_wind_generation,Wind Onshore,2026-06-19T11:14:52Z
2026-06-19T11:14:37Z,2026-06-19T13:14:37+0200,55a1f5b5-d48d-4b49-917c-94a17c0073cb,2026-06-16T14:00:00Z,2026-06-16T16:00:00+0200,369.660819,MW,BE,BE,actual_onshore_wind_generation,Wind Onshore,2026-06-19T11:14:52Z
2026-06-19T11:14:37Z,2026-06-19T13:14:37+0200,55a1f5b5-d48d-4b49-917c-94a17c0073cb,2026-06-16T15:00:00Z,2026-06-16T17:00:00+0200,400.450846,MW,BE,BE,actual_onshore_wind_generation,Wind Onshore,2026-06-19T11:14:52Z
2026-06-19T11:14:37Z,2026-06-19T13:14:37+0200,55a1f5b5-d48d-4b49-917c-94a17c0073cb,2026-06-16T16:00:00Z,2026-06-16T18:00:00+0200,365.769578,MW,BE,BE,actual_onshore_wind_generation,Wind Onshore,2026-06-19T11:14:52Z
2026-06-19T11:14:37Z,2026-06-19T13:14:37+0200,55a1f5b5-d48d-4b49-917c-94a17c0073cb,2026-06-16T17:00:00Z,2026-06-16T19:00:00+0200,290.779799,MW,BE,BE,actual_onshore_wind_generation,Wind Onshore,2026-06-19T11:14:52Z
2026-06-19T11:14:37Z,2026-06-19T13:14:37+0200,55a1f5b5-d48d-4b49-917c-94a17c0073cb,2026-06-16T18:00:00Z,2026-06-16T20:00:00+0200,209.307356,MW,BE,BE,actual_onshore_wind_generation,Wind Onshore,2026-06-19T11:14:52Z
2026-06-19T11:14:37Z,2026-06-19T13:14:37+0200,55a1f5b5-d48d-4b49-917c-94a17c0073cb,2026-06-16T19:00:00Z,2026-06-16T21:00:00+0200,186.638253,MW,BE,BE,actual_onshore_wind_generation,Wind Onshore,2026-06-19T11:14:52Z
2026-06-19T11:14:37Z,2026-06-19T13:14:37+0200,55a1f5b5-d48d-4b49-917c-94a17c0073cb,2026-06-16T20:00:00Z,2026-06-16T22:00:00+0200,166.592151,MW,BE,BE,actual_onshore_wind_generation,Wind Onshore,2026-06-19T11:14:52Z
2026-06-19T11:14:37Z,2026-06-19T13:14:37+0200,55a1f5b5-d48d-4b49-917c-94a17c0073cb,2026-06-16T21:00:00Z,2026-06-16T23:00:00+0200,164.379317,MW,BE,BE,actual_onshore_wind_generation,Wind Onshore,2026-06-19T11:14:52Z
2026-06-19T11:14:37Z,2026-06-19T13:14:37+0200,55a1f5b5-d48d-4b49-917c-94a17c0073cb,2026-06-16T22:00:00Z,2026-06-17T00:00:00+0200,122.441134,MW,BE,BE,actual_onshore_wind_generation,Wind Onshore,2026-06-19T11:14:52Z
2026-06-19T11:14:37Z,2026-06-19T13:14:37+0200,55a1f5b5-d48d-4b49-917c-94a17c0073cb,2026-06-16T23:00:00Z,2026-06-17T01:00:00+0200,101.390872,MW,BE,BE,actual_onshore_wind_generation,Wind Onshore,2026-06-19T11:14:52Z
2026-06-19T11:14:37Z,2026-06-19T13:14:37+0200,55a1f5b5-d48d-4b49-917c-94a17c0073cb,2026-06-17T00:00:00Z,2026-06-17T02:00:00+0200,92.363129,MW,BE,BE,actual_onshore_wind_generation,Wind Onshore,2026-06-19T11:14:52Z
2026-06-19T11:14:37Z,2026-06-19T13:14:37+0200,55a1f5b5-d48d-4b49-917c-94a17c0073cb,2026-06-17T01:00:00Z,2026-06-17T03:00:00+0200,127.140913,MW,BE,BE,actual_onshore_wind_generation,Wind Onshore,2026-06-19T11:14:52Z
2026-06-19T11:14:37Z,2026-06-19T13:14:37+0200,55a1f5b5-d48d-4b49-917c-94a17c0073cb,2026-06-17T02:00:00Z,2026-06-17T04:00:00+0200,187.106194,MW,BE,BE,actual_onshore_wind_generation,Wind Onshore,2026-06-19T11:14:52Z
2026-06-19T11:14:37Z,2026-06-19T13:14:37+0200,55a1f5b5-d48d-4b49-917c-94a17c0073cb,2026-06-17T03:00:00Z,2026-06-17T05:00:00+0200,299.895037,MW,BE,BE,actual_onshore_wind_generation,Wind Onshore,2026-06-19T11:14:52Z
2026-06-19T11:14:37Z,2026-06-19T13:14:37+0200,55a1f5b5-d48d-4b49-917c-94a17c0073cb,2026-06-17T04:00:00Z,2026-06-17T06:00:00+0200,356.143764,MW,BE,BE,actual_onshore_wind_generation,Wind Onshore,2026-06-19T11:14:52Z
2026-06-19T11:14:37Z,2026-06-19T13:14:37+0200,55a1f5b5-d48d-4b49-917c-94a17c0073cb,2026-06-17T05:00:00Z,2026-06-17T07:00:00+0200,317.668701,MW,BE,BE,actual_onshore_wind_generation,Wind Onshore,2026-06-19T11:14:52Z
2026-06-19T11:14:37Z,2026-06-19T13:14:37+0200,55a1f5b5-d48d-4b49-917c-94a17c0073cb,2026-06-17T06:00:00Z,2026-06-17T08:00:00+0200,287.47599,MW,BE,BE,actual_onshore_wind_generation,Wind Onshore,2026-06-19T11:14:52Z
2026-06-19T11:14:37Z,2026-06-19T13:14:37+0200,55a1f5b5-d48d-4b49-917c-94a17c0073cb,2026-06-17T07:00:00Z,2026-06-17T09:00:00+0200,318.116761,MW,BE,BE,actual_onshore_wind_generation,Wind Onshore,2026-06-19T11:14:52Z
2026-06-19T11:14:37Z,2026-06-19T13:14:37+0200,55a1f5b5-d48d-4b49-917c-94a17c0073cb,2026-06-17T08:00:00Z,2026-06-17T10:00:00+0200,361.6458,MW,BE,BE,actual_onshore_wind_generation,Wind Onshore,2026-06-19T11:14:52Z
2026-06-19T11:14:37Z,2026-06-19T13:14:37+0200,55a1f5b5-d48d-4b49-917c-94a17c0073cb,2026-06-17T09:00:00Z,2026-06-17T11:00:00+0200,330.779173,MW,BE,BE,actual_onshore_wind_generation,Wind Onshore,2026-06-19T11:14:52Z
2026-06-19T11:14:37Z,2026-06-19T13:14:37+0200,55a1f5b5-d48d-4b49-917c-94a17c0073cb,2026-06-17T10:00:00Z,2026-06-17T12:00:00+0200,269.61546,MW,BE,BE,actual_onshore_wind_generation,Wind Onshore,2026-06-19T11:14:52Z
2026-06-19T11:14:37Z,2026-06-19T13:14:37+0200,55a1f5b5-d48d-4b49-917c-94a17c0073cb,2026-06-17T11:00:00Z,2026-06-17T13:00:00+0200,216.949203,MW,BE,BE,actual_onshore_wind_generation,Wind Onshore,2026-06-19T11:14:52Z
2026-06-19T11:14:37Z,2026-06-19T13:14:37+0200,55a1f5b5-d48d-4b49-917c-94a17c0073cb,2026-06-17T12:00:00Z,2026-06-17T14:00:00+0200,180.116101,MW,BE,BE,actual_onshore_wind_generation,Wind Onshore,2026-06-19T11:14:52Z
2026-06-19T11:14:37Z,2026-06-19T13:14:37+0200,55a1f5b5-d48d-4b49-917c-94a17c0073cb,2026-06-17T13:00:00Z,2026-06-17T15:00:00+0200,179.720532,MW,BE,BE,actual_onshore_wind_generation,Wind Onshore,2026-06-19T11:14:52Z
2026-06-19T11:14:37Z,2026-06-19T13:14:37+0200,55a1f5b5-d48d-4b49-917c-94a17c0073cb,2026-06-17T14:00:00Z,2026-06-17T16:00:00+0200,202.153726,MW,BE,BE,actual_onshore_wind_generation,Wind Onshore,2026-06-19T11:14:52Z
2026-06-19T11:14:37Z,2026-06-19T13:14:37+0200,55a1f5b5-d48d-4b49-917c-94a17c0073cb,2026-06-17T15:00:00Z,2026-06-17T17:00:00+0200,213.719338,MW,BE,BE,actual_onshore_wind_generation,Wind Onshore,2026-06-19T11:14:52Z
2026-06-19T11:14:37Z,2026-06-19T13:14:37+0200,55a1f5b5-d48d-4b49-917c-94a17c0073cb,2026-06-17T16:00:00Z,2026-06-17T18:00:00+0200,228.596765,MW,BE,BE,actual_onshore_wind_generation,Wind Onshore,2026-06-19T11:14:52Z
2026-06-19T11:14:37Z,2026-06-19T13:14:37+0200,55a1f5b5-d48d-4b49-917c-94a17c0073cb,2026-06-17T17:00:00Z,2026-06-17T19:00:00+0200,185.360872,MW,BE,BE,actual_onshore_wind_generation,Wind Onshore,2026-06-19T11:14:52Z
2026-06-19T11:14:37Z,2026-06-19T13:14:37+0200,55a1f5b5-d48d-4b49-917c-94a17c0073cb,2026-06-17T18:00:00Z,2026-06-17T20:00:00+0200,96.90011,MW,BE,BE,actual_onshore_wind_generation,Wind Onshore,2026-06-19T11:14:52Z
2026-06-19T11:14:37Z,2026-06-19T13:14:37+0200,55a1f5b5-d48d-4b49-917c-94a17c0073cb,2026-06-17T19:00:00Z,2026-06-17T21:00:00+0200,91.064992,MW,BE,BE,actual_onshore_wind_generation,Wind Onshore,2026-06-19T11:14:52Z
2026-06-19T11:14:37Z,2026-06-19T13:14:37+0200,55a1f5b5-d48d-4b49-917c-94a17c0073cb,2026-06-17T20:00:00Z,2026-06-17T22:00:00+0200,74.629521,MW,BE,BE,actual_onshore_wind_generation,Wind Onshore,2026-06-19T11:14:52Z
2026-06-19T11:14:37Z,2026-06-19T13:14:37+0200,55a1f5b5-d48d-4b49-917c-94a17c0073cb,2026-06-17T21:00:00Z,2026-06-17T23:00:00+0200,102.435473,MW,BE,BE,actual_onshore_wind_generation,Wind Onshore,2026-06-19T11:14:52Z
2026-06-19T11:14:37Z,2026-06-19T13:14:37+0200,55a1f5b5-d48d-4b49-917c-94a17c0073cb,2026-06-17T22:00:00Z,2026-06-18T00:00:00+0200,155.454332,MW,BE,BE,actual_onshore_wind_generation,Wind Onshore,2026-06-19T11:14:52Z
2026-06-19T11:14:37Z,2026-06-19T13:14:37+0200,55a1f5b5-d48d-4b49-917c-94a17c0073cb,2026-06-17T23:00:00Z,2026-06-18T01:00:00+0200,214.865364,MW,BE,BE,actual_onshore_wind_generation,Wind Onshore,2026-06-19T11:14:52Z
2026-06-19T11:14:37Z,2026-06-19T13:14:37+0200,55a1f5b5-d48d-4b49-917c-94a17c0073cb,2026-06-18T00:00:00Z,2026-06-18T02:00:00+0200,237.940833,MW,BE,BE,actual_onshore_wind_generation,Wind Onshore,2026-06-19T11:14:52Z
2026-06-19T11:14:37Z,2026-06-19T13:14:37+0200,55a1f5b5-d48d-4b49-917c-94a17c0073cb,2026-06-18T01:00:00Z,2026-06-18T03:00:00+0200,178.95015,MW,BE,BE,actual_onshore_wind_generation,Wind Onshore,2026-06-19T11:14:52Z
2026-06-19T11:14:37Z,2026-06-19T13:14:37+0200,55a1f5b5-d48d-4b49-917c-94a17c0073cb,2026-06-18T02:00:00Z,2026-06-18T04:00:00+0200,137.002331,MW,BE,BE,actual_onshore_wind_generation,Wind Onshore,2026-06-19T11:14:52Z
2026-06-19T11:14:37Z,2026-06-19T13:14:37+0200,55a1f5b5-d48d-4b49-917c-94a17c0073cb,2026-06-18T03:00:00Z,2026-06-18T05:00:00+0200,113.651841,MW,BE,BE,actual_onshore_wind_generation,Wind Onshore,2026-06-19T11:14:52Z
2026-06-19T11:14:37Z,2026-06-19T13:14:37+0200,55a1f5b5-d48d-4b49-917c-94a17c0073cb,2026-06-18T04:00:00Z,2026-06-18T06:00:00+0200,94.968138,MW,BE,BE,actual_onshore_wind_generation,Wind Onshore,2026-06-19T11:14:52Z
2026-06-19T11:14:37Z,2026-06-19T13:14:37+0200,55a1f5b5-d48d-4b49-917c-94a17c0073cb,2026-06-18T05:00:00Z,2026-06-18T07:00:00+0200,45.910724,MW,BE,BE,actual_onshore_wind_generation,Wind Onshore,2026-06-19T11:14:52Z
2026-06-19T11:14:37Z,2026-06-19T13:14:37+0200,55a1f5b5-d48d-4b49-917c-94a17c0073cb,2026-06-18T06:00:00Z,2026-06-18T08:00:00+0200,38.803607,MW,BE,BE,actual_onshore_wind_generation,Wind Onshore,2026-06-19T11:14:52Z
2026-06-19T11:14:37Z,2026-06-19T13:14:37+0200,55a1f5b5-d48d-4b49-917c-94a17c0073cb,2026-06-18T07:00:00Z,2026-06-18T09:00:00+0200,27.896363,MW,BE,BE,actual_onshore_wind_generation,Wind Onshore,2026-06-19T11:14:52Z
2026-06-19T11:14:37Z,2026-06-19T13:14:37+0200,55a1f5b5-d48d-4b49-917c-94a17c0073cb,2026-06-18T08:00:00Z,2026-06-18T10:00:00+0200,31.909026,MW,BE,BE,actual_onshore_wind_generation,Wind Onshore,2026-06-19T11:14:52Z
2026-06-19T11:14:37Z,2026-06-19T13:14:37+0200,55a1f5b5-d48d-4b49-917c-94a17c0073cb,2026-06-18T09:00:00Z,2026-06-18T11:00:00+0200,31.46684,MW,BE,BE,actual_onshore_wind_generation,Wind Onshore,2026-06-19T11:14:52Z
2026-06-19T11:14:37Z,2026-06-19T13:14:37+0200,55a1f5b5-d48d-4b49-917c-94a17c0073cb,2026-06-18T10:00:00Z,2026-06-18T12:00:00+0200,41.101856,MW,BE,BE,actual_onshore_wind_generation,Wind Onshore,2026-06-19T11:14:52Z
2026-06-19T11:14:37Z,2026-06-19T13:14:37+0200,55a1f5b5-d48d-4b49-917c-94a17c0073cb,2026-06-18T11:00:00Z,2026-06-18T13:00:00+0200,66.14105,MW,BE,BE,actual_onshore_wind_generation,Wind Onshore,2026-06-19T11:14:52Z
2026-06-19T11:14:37Z,2026-06-19T13:14:37+0200,55a1f5b5-d48d-4b49-917c-94a17c0073cb,2026-06-18T12:00:00Z,2026-06-18T14:00:00+0200,71.869057,MW,BE,BE,actual_onshore_wind_generation,Wind Onshore,2026-06-19T11:14:52Z
2026-06-19T11:14:37Z,2026-06-19T13:14:37+0200,55a1f5b5-d48d-4b49-917c-94a17c0073cb,2026-06-18T13:00:00Z,2026-06-18T15:00:00+0200,85.711207,MW,BE,BE,actual_onshore_wind_generation,Wind Onshore,2026-06-19T11:14:52Z
2026-06-19T11:14:37Z,2026-06-19T13:14:37+0200,55a1f5b5-d48d-4b49-917c-94a17c0073cb,2026-06-18T14:00:00Z,2026-06-18T16:00:00+0200,82.584054,MW,BE,BE,actual_onshore_wind_generation,Wind Onshore,2026-06-19T11:14:52Z
2026-06-19T11:14:37Z,2026-06-19T13:14:37+0200,55a1f5b5-d48d-4b49-917c-94a17c0073cb,2026-06-18T15:00:00Z,2026-06-18T17:00:00+0200,57.172455,MW,BE,BE,actual_onshore_wind_generation,Wind Onshore,2026-06-19T11:14:52Z
2026-06-19T11:14:37Z,2026-06-19T13:14:37+0200,55a1f5b5-d48d-4b49-917c-94a17c0073cb,2026-06-18T16:00:00Z,2026-06-18T18:00:00+0200,78.37758,MW,BE,BE,actual_onshore_wind_generation,Wind Onshore,2026-06-19T11:14:52Z
2026-06-19T11:14:37Z,2026-06-19T13:14:37+0200,55a1f5b5-d48d-4b49-917c-94a17c0073cb,2026-06-18T17:00:00Z,2026-06-18T19:00:00+0200,174.401817,MW,BE,BE,actual_onshore_wind_generation,Wind Onshore,2026-06-19T11:14:52Z
2026-06-19T11:14:37Z,2026-06-19T13:14:37+0200,55a1f5b5-d48d-4b49-917c-94a17c0073cb,2026-06-18T18:00:00Z,2026-06-18T20:00:00+0200,208.37592,MW,BE,BE,actual_onshore_wind_generation,Wind Onshore,2026-06-19T11:14:52Z
2026-06-19T11:14:37Z,2026-06-19T13:14:37+0200,55a1f5b5-d48d-4b49-917c-94a17c0073cb,2026-06-18T19:00:00Z,2026-06-18T21:00:00+0200,284.480842,MW,BE,BE,actual_onshore_wind_generation,Wind Onshore,2026-06-19T11:14:52Z
2026-06-19T11:14:37Z,2026-06-19T13:14:37+0200,55a1f5b5-d48d-4b49-917c-94a17c0073cb,2026-06-18T20:00:00Z,2026-06-18T22:00:00+0200,536.036587,MW,BE,BE,actual_onshore_wind_generation,Wind Onshore,2026-06-19T11:14:52Z
2026-06-19T11:14:37Z,2026-06-19T13:14:37+0200,55a1f5b5-d48d-4b49-917c-94a17c0073cb,2026-06-18T21:00:00Z,2026-06-18T23:00:00+0200,924.602559,MW,BE,BE,actual_onshore_wind_generation,Wind Onshore,2026-06-19T11:14:52Z
2026-06-19T11:14:37Z,2026-06-19T13:14:37+0200,55a1f5b5-d48d-4b49-917c-94a17c0073cb,2026-06-18T22:00:00Z,2026-06-19T00:00:00+0200,844.695006,MW,BE,BE,actual_onshore_wind_generation,Wind Onshore,2026-06-19T11:14:52Z
2026-06-19T11:14:37Z,2026-06-19T13:14:37+0200,55a1f5b5-d48d-4b49-917c-94a17c0073cb,2026-06-18T23:00:00Z,2026-06-19T01:00:00+0200,798.693029,MW,BE,BE,actual_onshore_wind_generation,Wind Onshore,2026-06-19T11:14:52Z
2026-06-19T11:14:37Z,2026-06-19T13:14:37+0200,55a1f5b5-d48d-4b49-917c-94a17c0073cb,2026-06-19T00:00:00Z,2026-06-19T02:00:00+0200,801.843686,MW,BE,BE,actual_onshore_wind_generation,Wind Onshore,2026-06-19T11:14:52Z
2026-06-19T11:14:37Z,2026-06-19T13:14:37+0200,55a1f5b5-d48d-4b49-917c-94a17c0073cb,2026-06-19T01:00:00Z,2026-06-19T03:00:00+0200,728.16244,MW,BE,BE,actual_onshore_wind_generation,Wind Onshore,2026-06-19T11:14:52Z
2026-06-19T11:14:37Z,2026-06-19T13:14:37+0200,55a1f5b5-d48d-4b49-917c-94a17c0073cb,2026-06-19T02:00:00Z,2026-06-19T04:00:00+0200,768.138662,MW,BE,BE,actual_onshore_wind_generation,Wind Onshore,2026-06-19T11:14:52Z
2026-06-19T11:14:37Z,2026-06-19T13:14:37+0200,55a1f5b5-d48d-4b49-917c-94a17c0073cb,2026-06-19T03:00:00Z,2026-06-19T05:00:00+0200,854.237248,MW,BE,BE,actual_onshore_wind_generation,Wind Onshore,2026-06-19T11:14:52Z
2026-06-19T11:14:37Z,2026-06-19T13:14:37+0200,55a1f5b5-d48d-4b49-917c-94a17c0073cb,2026-06-19T04:00:00Z,2026-06-19T06:00:00+0200,934.953379,MW,BE,BE,actual_onshore_wind_generation,Wind Onshore,2026-06-19T11:14:52Z
2026-06-19T11:14:37Z,2026-06-19T13:14:37+0200,55a1f5b5-d48d-4b49-917c-94a17c0073cb,2026-06-19T05:00:00Z,2026-06-19T07:00:00+0200,990.519348,MW,BE,BE,actual_onshore_wind_generation,Wind Onshore,2026-06-19T11:14:52Z
2026-06-19T11:14:37Z,2026-06-19T13:14:37+0200,55a1f5b5-d48d-4b49-917c-94a17c0073cb,2026-06-19T06:00:00Z,2026-06-19T08:00:00+0200,769.600705,MW,BE,BE,actual_onshore_wind_generation,Wind Onshore,2026-06-19T11:14:52Z
2026-06-19T11:14:37Z,2026-06-19T13:14:37+0200,55a1f5b5-d48d-4b49-917c-94a17c0073cb,2026-06-19T07:00:00Z,2026-06-19T09:00:00+0200,701.521492,MW,BE,BE,actual_onshore_wind_generation,Wind Onshore,2026-06-19T11:14:52Z
2026-06-19T11:14:37Z,2026-06-19T13:14:37+0200,55a1f5b5-d48d-4b49-917c-94a17c0073cb,2026-06-19T08:00:00Z,2026-06-19T10:00:00+0200,687.867263,MW,BE,BE,actual_onshore_wind_generation,Wind Onshore,2026-06-19T11:14:52Z
2026-06-19T11:14:37Z,2026-06-19T13:14:37+0200,55a1f5b5-d48d-4b49-917c-94a17c0073cb,2026-06-19T09:00:00Z,2026-06-19T11:00:00+0200,618.669897,MW,BE,BE,actual_onshore_wind_generation,Wind Onshore,2026-06-19T11:14:52Z
