collection_time_utc,collection_time_local,run_id,timestamp_utc,timestamp_local,value,unit,country,entsoe_area,variable,source,updated_at_utc
2026-09-05T16:45:26Z,2026-09-05T18:45:26+0200,cdb92b74-caf5-4132-9652-0b91b69243a6,2026-08-29T17:00:00Z,2026-08-29T19:00:00+0200,17856.0,MW,ES,ES,actual_solar_generation,Solar,2026-09-05T16:46:35Z
2026-09-05T16:45:26Z,2026-09-05T18:45:26+0200,cdb92b74-caf5-4132-9652-0b91b69243a6,2026-08-29T17:15:00Z,2026-08-29T19:15:00+0200,15332.0,MW,ES,ES,actual_solar_generation,Solar,2026-09-05T16:46:35Z
2026-09-05T16:45:26Z,2026-09-05T18:45:26+0200,cdb92b74-caf5-4132-9652-0b91b69243a6,2026-08-29T17:30:00Z,2026-08-29T19:30:00+0200,12224.0,MW,ES,ES,actual_solar_generation,Solar,2026-09-05T16:46:35Z
2026-09-05T16:45:26Z,2026-09-05T18:45:26+0200,cdb92b74-caf5-4132-9652-0b91b69243a6,2026-08-29T17:45:00Z,2026-08-29T19:45:00+0200,9088.0,MW,ES,ES,actual_solar_generation,Solar,2026-09-05T16:46:35Z
2026-09-05T16:45:26Z,2026-09-05T18:45:26+0200,cdb92b74-caf5-4132-9652-0b91b69243a6,2026-08-29T18:00:00Z,2026-08-29T20:00:00+0200,6116.0,MW,ES,ES,actual_solar_generation,Solar,2026-09-05T16:46:35Z
2026-09-05T16:45:26Z,2026-09-05T18:45:26+0200,cdb92b74-caf5-4132-9652-0b91b69243a6,2026-08-29T18:15:00Z,2026-08-29T20:15:00+0200,3428.0,MW,ES,ES,actual_solar_generation,Solar,2026-09-05T16:46:35Z
2026-09-05T16:45:26Z,2026-09-05T18:45:26+0200,cdb92b74-caf5-4132-9652-0b91b69243a6,2026-08-29T18:30:00Z,2026-08-29T20:30:00+0200,1764.0,MW,ES,ES,actual_solar_generation,Solar,2026-09-05T16:46:35Z
2026-09-05T16:45:26Z,2026-09-05T18:45:26+0200,cdb92b74-caf5-4132-9652-0b91b69243a6,2026-08-29T18:45:00Z,2026-08-29T20:45:00+0200,1052.0,MW,ES,ES,actual_solar_generation,Solar,2026-09-05T16:46:35Z
2026-09-05T16:45:26Z,2026-09-05T18:45:26+0200,cdb92b74-caf5-4132-9652-0b91b69243a6,2026-08-29T19:00:00Z,2026-08-29T21:00:00+0200,816.0,MW,ES,ES,actual_solar_generation,Solar,2026-09-05T16:46:35Z
2026-09-05T16:45:26Z,2026-09-05T18:45:26+0200,cdb92b74-caf5-4132-9652-0b91b69243a6,2026-08-29T19:15:00Z,2026-08-29T21:15:00+0200,700.0,MW,ES,ES,actual_solar_generation,Solar,2026-09-05T16:46:35Z
2026-09-05T16:45:26Z,2026-09-05T18:45:26+0200,cdb92b74-caf5-4132-9652-0b91b69243a6,2026-08-29T19:30:00Z,2026-08-29T21:30:00+0200,652.0,MW,ES,ES,actual_solar_generation,Solar,2026-09-05T16:46:35Z
2026-09-05T16:45:26Z,2026-09-05T18:45:26+0200,cdb92b74-caf5-4132-9652-0b91b69243a6,2026-08-29T19:45:00Z,2026-08-29T21:45:00+0200,636.0,MW,ES,ES,actual_solar_generation,Solar,2026-09-05T16:46:35Z
2026-09-05T16:45:26Z,2026-09-05T18:45:26+0200,cdb92b74-caf5-4132-9652-0b91b69243a6,2026-08-29T20:00:00Z,2026-08-29T22:00:00+0200,616.0,MW,ES,ES,actual_solar_generation,Solar,2026-09-05T16:46:35Z
2026-09-05T16:45:26Z,2026-09-05T18:45:26+0200,cdb92b74-caf5-4132-9652-0b91b69243a6,2026-08-29T20:15:00Z,2026-08-29T22:15:00+0200,608.0,MW,ES,ES,actual_solar_generation,Solar,2026-09-05T16:46:35Z
2026-09-05T16:45:26Z,2026-09-05T18:45:26+0200,cdb92b74-caf5-4132-9652-0b91b69243a6,2026-08-29T20:30:00Z,2026-08-29T22:30:00+0200,608.0,MW,ES,ES,actual_solar_generation,Solar,2026-09-05T16:46:35Z
2026-09-05T16:45:26Z,2026-09-05T18:45:26+0200,cdb92b74-caf5-4132-9652-0b91b69243a6,2026-08-29T20:45:00Z,2026-08-29T22:45:00+0200,608.0,MW,ES,ES,actual_solar_generation,Solar,2026-09-05T16:46:35Z
2026-09-05T16:45:26Z,2026-09-05T18:45:26+0200,cdb92b74-caf5-4132-9652-0b91b69243a6,2026-08-29T21:00:00Z,2026-08-29T23:00:00+0200,608.0,MW,ES,ES,actual_solar_generation,Solar,2026-09-05T16:46:35Z
2026-09-05T16:45:26Z,2026-09-05T18:45:26+0200,cdb92b74-caf5-4132-9652-0b91b69243a6,2026-08-29T21:15:00Z,2026-08-29T23:15:00+0200,608.0,MW,ES,ES,actual_solar_generation,Solar,2026-09-05T16:46:35Z
2026-09-05T16:45:26Z,2026-09-05T18:45:26+0200,cdb92b74-caf5-4132-9652-0b91b69243a6,2026-08-29T21:30:00Z,2026-08-29T23:30:00+0200,608.0,MW,ES,ES,actual_solar_generation,Solar,2026-09-05T16:46:35Z
2026-09-05T16:45:26Z,2026-09-05T18:45:26+0200,cdb92b74-caf5-4132-9652-0b91b69243a6,2026-08-29T21:45:00Z,2026-08-29T23:45:00+0200,608.0,MW,ES,ES,actual_solar_generation,Solar,2026-09-05T16:46:35Z
2026-09-05T16:45:26Z,2026-09-05T18:45:26+0200,cdb92b74-caf5-4132-9652-0b91b69243a6,2026-08-29T22:00:00Z,2026-08-30T00:00:00+0200,608.0,MW,ES,ES,actual_solar_generation,Solar,2026-09-05T16:46:35Z
2026-09-05T16:45:26Z,2026-09-05T18:45:26+0200,cdb92b74-caf5-4132-9652-0b91b69243a6,2026-08-29T22:15:00Z,2026-08-30T00:15:00+0200,608.0,MW,ES,ES,actual_solar_generation,Solar,2026-09-05T16:46:35Z
2026-09-05T16:45:26Z,2026-09-05T18:45:26+0200,cdb92b74-caf5-4132-9652-0b91b69243a6,2026-08-29T22:30:00Z,2026-08-30T00:30:00+0200,608.0,MW,ES,ES,actual_solar_generation,Solar,2026-09-05T16:46:35Z
2026-09-05T16:45:26Z,2026-09-05T18:45:26+0200,cdb92b74-caf5-4132-9652-0b91b69243a6,2026-08-29T22:45:00Z,2026-08-30T00:45:00+0200,608.0,MW,ES,ES,actual_solar_generation,Solar,2026-09-05T16:46:35Z
2026-09-05T16:45:26Z,2026-09-05T18:45:26+0200,cdb92b74-caf5-4132-9652-0b91b69243a6,2026-08-29T23:00:00Z,2026-08-30T01:00:00+0200,604.0,MW,ES,ES,actual_solar_generation,Solar,2026-09-05T16:46:35Z
2026-09-05T16:45:26Z,2026-09-05T18:45:26+0200,cdb92b74-caf5-4132-9652-0b91b69243a6,2026-08-29T23:15:00Z,2026-08-30T01:15:00+0200,600.0,MW,ES,ES,actual_solar_generation,Solar,2026-09-05T16:46:35Z
2026-09-05T16:45:26Z,2026-09-05T18:45:26+0200,cdb92b74-caf5-4132-9652-0b91b69243a6,2026-08-29T23:30:00Z,2026-08-30T01:30:00+0200,600.0,MW,ES,ES,actual_solar_generation,Solar,2026-09-05T16:46:35Z
2026-09-05T16:45:26Z,2026-09-05T18:45:26+0200,cdb92b74-caf5-4132-9652-0b91b69243a6,2026-08-29T23:45:00Z,2026-08-30T01:45:00+0200,600.0,MW,ES,ES,actual_solar_generation,Solar,2026-09-05T16:46:35Z
2026-09-05T16:45:26Z,2026-09-05T18:45:26+0200,cdb92b74-caf5-4132-9652-0b91b69243a6,2026-08-30T00:00:00Z,2026-08-30T02:00:00+0200,600.0,MW,ES,ES,actual_solar_generation,Solar,2026-09-05T16:46:35Z
2026-09-05T16:45:26Z,2026-09-05T18:45:26+0200,cdb92b74-caf5-4132-9652-0b91b69243a6,2026-08-30T00:15:00Z,2026-08-30T02:15:00+0200,600.0,MW,ES,ES,actual_solar_generation,Solar,2026-09-05T16:46:35Z
2026-09-05T16:45:26Z,2026-09-05T18:45:26+0200,cdb92b74-caf5-4132-9652-0b91b69243a6,2026-08-30T00:30:00Z,2026-08-30T02:30:00+0200,600.0,MW,ES,ES,actual_solar_generation,Solar,2026-09-05T16:46:35Z
2026-09-05T16:45:26Z,2026-09-05T18:45:26+0200,cdb92b74-caf5-4132-9652-0b91b69243a6,2026-08-30T00:45:00Z,2026-08-30T02:45:00+0200,600.0,MW,ES,ES,actual_solar_generation,Solar,2026-09-05T16:46:35Z
2026-09-05T16:45:26Z,2026-09-05T18:45:26+0200,cdb92b74-caf5-4132-9652-0b91b69243a6,2026-08-30T01:00:00Z,2026-08-30T03:00:00+0200,600.0,MW,ES,ES,actual_solar_generation,Solar,2026-09-05T16:46:35Z
2026-09-05T16:45:26Z,2026-09-05T18:45:26+0200,cdb92b74-caf5-4132-9652-0b91b69243a6,2026-08-30T01:15:00Z,2026-08-30T03:15:00+0200,600.0,MW,ES,ES,actual_solar_generation,Solar,2026-09-05T16:46:35Z
2026-09-05T16:45:26Z,2026-09-05T18:45:26+0200,cdb92b74-caf5-4132-9652-0b91b69243a6,2026-08-30T01:30:00Z,2026-08-30T03:30:00+0200,592.0,MW,ES,ES,actual_solar_generation,Solar,2026-09-05T16:46:35Z
2026-09-05T16:45:26Z,2026-09-05T18:45:26+0200,cdb92b74-caf5-4132-9652-0b91b69243a6,2026-08-30T01:45:00Z,2026-08-30T03:45:00+0200,580.0,MW,ES,ES,actual_solar_generation,Solar,2026-09-05T16:46:35Z
2026-09-05T16:45:26Z,2026-09-05T18:45:26+0200,cdb92b74-caf5-4132-9652-0b91b69243a6,2026-08-30T02:00:00Z,2026-08-30T04:00:00+0200,556.0,MW,ES,ES,actual_solar_generation,Solar,2026-09-05T16:46:35Z
2026-09-05T16:45:26Z,2026-09-05T18:45:26+0200,cdb92b74-caf5-4132-9652-0b91b69243a6,2026-08-30T02:15:00Z,2026-08-30T04:15:00+0200,556.0,MW,ES,ES,actual_solar_generation,Solar,2026-09-05T16:46:35Z
2026-09-05T16:45:26Z,2026-09-05T18:45:26+0200,cdb92b74-caf5-4132-9652-0b91b69243a6,2026-08-30T02:30:00Z,2026-08-30T04:30:00+0200,544.0,MW,ES,ES,actual_solar_generation,Solar,2026-09-05T16:46:35Z
2026-09-05T16:45:26Z,2026-09-05T18:45:26+0200,cdb92b74-caf5-4132-9652-0b91b69243a6,2026-08-30T02:45:00Z,2026-08-30T04:45:00+0200,528.0,MW,ES,ES,actual_solar_generation,Solar,2026-09-05T16:46:35Z
2026-09-05T16:45:26Z,2026-09-05T18:45:26+0200,cdb92b74-caf5-4132-9652-0b91b69243a6,2026-08-30T03:00:00Z,2026-08-30T05:00:00+0200,484.0,MW,ES,ES,actual_solar_generation,Solar,2026-09-05T16:46:35Z
2026-09-05T16:45:26Z,2026-09-05T18:45:26+0200,cdb92b74-caf5-4132-9652-0b91b69243a6,2026-08-30T03:15:00Z,2026-08-30T05:15:00+0200,428.0,MW,ES,ES,actual_solar_generation,Solar,2026-09-05T16:46:35Z
2026-09-05T16:45:26Z,2026-09-05T18:45:26+0200,cdb92b74-caf5-4132-9652-0b91b69243a6,2026-08-30T03:30:00Z,2026-08-30T05:30:00+0200,388.0,MW,ES,ES,actual_solar_generation,Solar,2026-09-05T16:46:35Z
2026-09-05T16:45:26Z,2026-09-05T18:45:26+0200,cdb92b74-caf5-4132-9652-0b91b69243a6,2026-08-30T03:45:00Z,2026-08-30T05:45:00+0200,368.0,MW,ES,ES,actual_solar_generation,Solar,2026-09-05T16:46:35Z
2026-09-05T16:45:26Z,2026-09-05T18:45:26+0200,cdb92b74-caf5-4132-9652-0b91b69243a6,2026-08-30T04:00:00Z,2026-08-30T06:00:00+0200,344.0,MW,ES,ES,actual_solar_generation,Solar,2026-09-05T16:46:35Z
2026-09-05T16:45:26Z,2026-09-05T18:45:26+0200,cdb92b74-caf5-4132-9652-0b91b69243a6,2026-08-30T04:15:00Z,2026-08-30T06:15:00+0200,296.0,MW,ES,ES,actual_solar_generation,Solar,2026-09-05T16:46:35Z
2026-09-05T16:45:26Z,2026-09-05T18:45:26+0200,cdb92b74-caf5-4132-9652-0b91b69243a6,2026-08-30T04:30:00Z,2026-08-30T06:30:00+0200,288.0,MW,ES,ES,actual_solar_generation,Solar,2026-09-05T16:46:35Z
2026-09-05T16:45:26Z,2026-09-05T18:45:26+0200,cdb92b74-caf5-4132-9652-0b91b69243a6,2026-08-30T04:45:00Z,2026-08-30T06:45:00+0200,276.0,MW,ES,ES,actual_solar_generation,Solar,2026-09-05T16:46:35Z
2026-09-05T16:45:26Z,2026-09-05T18:45:26+0200,cdb92b74-caf5-4132-9652-0b91b69243a6,2026-08-30T05:00:00Z,2026-08-30T07:00:00+0200,232.0,MW,ES,ES,actual_solar_generation,Solar,2026-09-05T16:46:35Z
2026-09-05T16:45:26Z,2026-09-05T18:45:26+0200,cdb92b74-caf5-4132-9652-0b91b69243a6,2026-08-30T05:15:00Z,2026-08-30T07:15:00+0200,176.0,MW,ES,ES,actual_solar_generation,Solar,2026-09-05T16:46:35Z
2026-09-05T16:45:26Z,2026-09-05T18:45:26+0200,cdb92b74-caf5-4132-9652-0b91b69243a6,2026-08-30T05:30:00Z,2026-08-30T07:30:00+0200,228.0,MW,ES,ES,actual_solar_generation,Solar,2026-09-05T16:46:35Z
2026-09-05T16:45:26Z,2026-09-05T18:45:26+0200,cdb92b74-caf5-4132-9652-0b91b69243a6,2026-08-30T05:45:00Z,2026-08-30T07:45:00+0200,592.0,MW,ES,ES,actual_solar_generation,Solar,2026-09-05T16:46:35Z
2026-09-05T16:45:26Z,2026-09-05T18:45:26+0200,cdb92b74-caf5-4132-9652-0b91b69243a6,2026-08-30T06:00:00Z,2026-08-30T08:00:00+0200,1748.0,MW,ES,ES,actual_solar_generation,Solar,2026-09-05T16:46:35Z
2026-09-05T16:45:26Z,2026-09-05T18:45:26+0200,cdb92b74-caf5-4132-9652-0b91b69243a6,2026-08-30T06:15:00Z,2026-08-30T08:15:00+0200,3968.0,MW,ES,ES,actual_solar_generation,Solar,2026-09-05T16:46:35Z
2026-09-05T16:45:26Z,2026-09-05T18:45:26+0200,cdb92b74-caf5-4132-9652-0b91b69243a6,2026-08-30T06:30:00Z,2026-08-30T08:30:00+0200,6920.0,MW,ES,ES,actual_solar_generation,Solar,2026-09-05T16:46:35Z
2026-09-05T16:45:26Z,2026-09-05T18:45:26+0200,cdb92b74-caf5-4132-9652-0b91b69243a6,2026-08-30T06:45:00Z,2026-08-30T08:45:00+0200,9744.0,MW,ES,ES,actual_solar_generation,Solar,2026-09-05T16:46:35Z
2026-09-05T16:45:26Z,2026-09-05T18:45:26+0200,cdb92b74-caf5-4132-9652-0b91b69243a6,2026-08-30T07:00:00Z,2026-08-30T09:00:00+0200,12460.0,MW,ES,ES,actual_solar_generation,Solar,2026-09-05T16:46:35Z
2026-09-05T16:45:26Z,2026-09-05T18:45:26+0200,cdb92b74-caf5-4132-9652-0b91b69243a6,2026-08-30T07:15:00Z,2026-08-30T09:15:00+0200,14888.0,MW,ES,ES,actual_solar_generation,Solar,2026-09-05T16:46:35Z
2026-09-05T16:45:26Z,2026-09-05T18:45:26+0200,cdb92b74-caf5-4132-9652-0b91b69243a6,2026-08-30T07:30:00Z,2026-08-30T09:30:00+0200,16908.0,MW,ES,ES,actual_solar_generation,Solar,2026-09-05T16:46:35Z
2026-09-05T16:45:26Z,2026-09-05T18:45:26+0200,cdb92b74-caf5-4132-9652-0b91b69243a6,2026-08-30T07:45:00Z,2026-08-30T09:45:00+0200,18336.0,MW,ES,ES,actual_solar_generation,Solar,2026-09-05T16:46:35Z
2026-09-05T16:45:26Z,2026-09-05T18:45:26+0200,cdb92b74-caf5-4132-9652-0b91b69243a6,2026-08-30T08:00:00Z,2026-08-30T10:00:00+0200,18400.0,MW,ES,ES,actual_solar_generation,Solar,2026-09-05T16:46:35Z
2026-09-05T16:45:26Z,2026-09-05T18:45:26+0200,cdb92b74-caf5-4132-9652-0b91b69243a6,2026-08-30T08:15:00Z,2026-08-30T10:15:00+0200,18820.0,MW,ES,ES,actual_solar_generation,Solar,2026-09-05T16:46:35Z
2026-09-05T16:45:26Z,2026-09-05T18:45:26+0200,cdb92b74-caf5-4132-9652-0b91b69243a6,2026-08-30T08:30:00Z,2026-08-30T10:30:00+0200,19396.0,MW,ES,ES,actual_solar_generation,Solar,2026-09-05T16:46:35Z
2026-09-05T16:45:26Z,2026-09-05T18:45:26+0200,cdb92b74-caf5-4132-9652-0b91b69243a6,2026-08-30T08:45:00Z,2026-08-30T10:45:00+0200,19572.0,MW,ES,ES,actual_solar_generation,Solar,2026-09-05T16:46:35Z
2026-09-05T16:45:26Z,2026-09-05T18:45:26+0200,cdb92b74-caf5-4132-9652-0b91b69243a6,2026-08-30T09:00:00Z,2026-08-30T11:00:00+0200,20768.0,MW,ES,ES,actual_solar_generation,Solar,2026-09-05T16:46:35Z
2026-09-05T16:45:26Z,2026-09-05T18:45:26+0200,cdb92b74-caf5-4132-9652-0b91b69243a6,2026-08-30T09:15:00Z,2026-08-30T11:15:00+0200,21600.0,MW,ES,ES,actual_solar_generation,Solar,2026-09-05T16:46:35Z
2026-09-05T16:45:26Z,2026-09-05T18:45:26+0200,cdb92b74-caf5-4132-9652-0b91b69243a6,2026-08-30T09:30:00Z,2026-08-30T11:30:00+0200,21320.0,MW,ES,ES,actual_solar_generation,Solar,2026-09-05T16:46:35Z
2026-09-05T16:45:26Z,2026-09-05T18:45:26+0200,cdb92b74-caf5-4132-9652-0b91b69243a6,2026-08-30T09:45:00Z,2026-08-30T11:45:00+0200,21204.0,MW,ES,ES,actual_solar_generation,Solar,2026-09-05T16:46:35Z
2026-09-05T16:45:26Z,2026-09-05T18:45:26+0200,cdb92b74-caf5-4132-9652-0b91b69243a6,2026-08-30T10:00:00Z,2026-08-30T12:00:00+0200,20936.0,MW,ES,ES,actual_solar_generation,Solar,2026-09-05T16:46:35Z
2026-09-05T16:45:26Z,2026-09-05T18:45:26+0200,cdb92b74-caf5-4132-9652-0b91b69243a6,2026-08-30T10:15:00Z,2026-08-30T12:15:00+0200,20864.0,MW,ES,ES,actual_solar_generation,Solar,2026-09-05T16:46:35Z
2026-09-05T16:45:26Z,2026-09-05T18:45:26+0200,cdb92b74-caf5-4132-9652-0b91b69243a6,2026-08-30T10:30:00Z,2026-08-30T12:30:00+0200,20968.0,MW,ES,ES,actual_solar_generation,Solar,2026-09-05T16:46:35Z
2026-09-05T16:45:26Z,2026-09-05T18:45:26+0200,cdb92b74-caf5-4132-9652-0b91b69243a6,2026-08-30T10:45:00Z,2026-08-30T12:45:00+0200,21020.0,MW,ES,ES,actual_solar_generation,Solar,2026-09-05T16:46:35Z
2026-09-05T16:45:26Z,2026-09-05T18:45:26+0200,cdb92b74-caf5-4132-9652-0b91b69243a6,2026-08-30T11:00:00Z,2026-08-30T13:00:00+0200,21156.0,MW,ES,ES,actual_solar_generation,Solar,2026-09-05T16:46:35Z
2026-09-05T16:45:26Z,2026-09-05T18:45:26+0200,cdb92b74-caf5-4132-9652-0b91b69243a6,2026-08-30T11:15:00Z,2026-08-30T13:15:00+0200,20824.0,MW,ES,ES,actual_solar_generation,Solar,2026-09-05T16:46:35Z
2026-09-05T16:45:26Z,2026-09-05T18:45:26+0200,cdb92b74-caf5-4132-9652-0b91b69243a6,2026-08-30T11:30:00Z,2026-08-30T13:30:00+0200,20292.0,MW,ES,ES,actual_solar_generation,Solar,2026-09-05T16:46:35Z
2026-09-05T16:45:26Z,2026-09-05T18:45:26+0200,cdb92b74-caf5-4132-9652-0b91b69243a6,2026-08-30T11:45:00Z,2026-08-30T13:45:00+0200,20232.0,MW,ES,ES,actual_solar_generation,Solar,2026-09-05T16:46:35Z
2026-09-05T16:45:26Z,2026-09-05T18:45:26+0200,cdb92b74-caf5-4132-9652-0b91b69243a6,2026-08-30T12:00:00Z,2026-08-30T14:00:00+0200,20564.0,MW,ES,ES,actual_solar_generation,Solar,2026-09-05T16:46:35Z
2026-09-05T16:45:26Z,2026-09-05T18:45:26+0200,cdb92b74-caf5-4132-9652-0b91b69243a6,2026-08-30T12:15:00Z,2026-08-30T14:15:00+0200,20744.0,MW,ES,ES,actual_solar_generation,Solar,2026-09-05T16:46:35Z
2026-09-05T16:45:26Z,2026-09-05T18:45:26+0200,cdb92b74-caf5-4132-9652-0b91b69243a6,2026-08-30T12:30:00Z,2026-08-30T14:30:00+0200,20564.0,MW,ES,ES,actual_solar_generation,Solar,2026-09-05T16:46:35Z
2026-09-05T16:45:26Z,2026-09-05T18:45:26+0200,cdb92b74-caf5-4132-9652-0b91b69243a6,2026-08-30T12:45:00Z,2026-08-30T14:45:00+0200,20232.0,MW,ES,ES,actual_solar_generation,Solar,2026-09-05T16:46:35Z
2026-09-05T16:45:26Z,2026-09-05T18:45:26+0200,cdb92b74-caf5-4132-9652-0b91b69243a6,2026-08-30T13:00:00Z,2026-08-30T15:00:00+0200,19796.0,MW,ES,ES,actual_solar_generation,Solar,2026-09-05T16:46:35Z
2026-09-05T16:45:26Z,2026-09-05T18:45:26+0200,cdb92b74-caf5-4132-9652-0b91b69243a6,2026-08-30T13:15:00Z,2026-08-30T15:15:00+0200,19400.0,MW,ES,ES,actual_solar_generation,Solar,2026-09-05T16:46:35Z
2026-09-05T16:45:26Z,2026-09-05T18:45:26+0200,cdb92b74-caf5-4132-9652-0b91b69243a6,2026-08-30T13:30:00Z,2026-08-30T15:30:00+0200,19432.0,MW,ES,ES,actual_solar_generation,Solar,2026-09-05T16:46:35Z
2026-09-05T16:45:26Z,2026-09-05T18:45:26+0200,cdb92b74-caf5-4132-9652-0b91b69243a6,2026-08-30T13:45:00Z,2026-08-30T15:45:00+0200,19052.0,MW,ES,ES,actual_solar_generation,Solar,2026-09-05T16:46:35Z
2026-09-05T16:45:26Z,2026-09-05T18:45:26+0200,cdb92b74-caf5-4132-9652-0b91b69243a6,2026-08-30T14:00:00Z,2026-08-30T16:00:00+0200,18880.0,MW,ES,ES,actual_solar_generation,Solar,2026-09-05T16:46:35Z
2026-09-05T16:45:26Z,2026-09-05T18:45:26+0200,cdb92b74-caf5-4132-9652-0b91b69243a6,2026-08-30T14:15:00Z,2026-08-30T16:15:00+0200,18440.0,MW,ES,ES,actual_solar_generation,Solar,2026-09-05T16:46:35Z
2026-09-05T16:45:26Z,2026-09-05T18:45:26+0200,cdb92b74-caf5-4132-9652-0b91b69243a6,2026-08-30T14:30:00Z,2026-08-30T16:30:00+0200,18680.0,MW,ES,ES,actual_solar_generation,Solar,2026-09-05T16:46:35Z
2026-09-05T16:45:26Z,2026-09-05T18:45:26+0200,cdb92b74-caf5-4132-9652-0b91b69243a6,2026-08-30T14:45:00Z,2026-08-30T16:45:00+0200,18868.0,MW,ES,ES,actual_solar_generation,Solar,2026-09-05T16:46:35Z
2026-09-05T16:45:26Z,2026-09-05T18:45:26+0200,cdb92b74-caf5-4132-9652-0b91b69243a6,2026-08-30T15:00:00Z,2026-08-30T17:00:00+0200,19140.0,MW,ES,ES,actual_solar_generation,Solar,2026-09-05T16:46:35Z
2026-09-05T16:45:26Z,2026-09-05T18:45:26+0200,cdb92b74-caf5-4132-9652-0b91b69243a6,2026-08-30T15:15:00Z,2026-08-30T17:15:00+0200,19128.0,MW,ES,ES,actual_solar_generation,Solar,2026-09-05T16:46:35Z
2026-09-05T16:45:26Z,2026-09-05T18:45:26+0200,cdb92b74-caf5-4132-9652-0b91b69243a6,2026-08-30T15:30:00Z,2026-08-30T17:30:00+0200,18600.0,MW,ES,ES,actual_solar_generation,Solar,2026-09-05T16:46:35Z
2026-09-05T16:45:26Z,2026-09-05T18:45:26+0200,cdb92b74-caf5-4132-9652-0b91b69243a6,2026-08-30T15:45:00Z,2026-08-30T17:45:00+0200,19164.0,MW,ES,ES,actual_solar_generation,Solar,2026-09-05T16:46:35Z
2026-09-05T16:45:26Z,2026-09-05T18:45:26+0200,cdb92b74-caf5-4132-9652-0b91b69243a6,2026-08-30T16:00:00Z,2026-08-30T18:00:00+0200,19240.0,MW,ES,ES,actual_solar_generation,Solar,2026-09-05T16:46:35Z
2026-09-05T16:45:26Z,2026-09-05T18:45:26+0200,cdb92b74-caf5-4132-9652-0b91b69243a6,2026-08-30T16:15:00Z,2026-08-30T18:15:00+0200,19528.0,MW,ES,ES,actual_solar_generation,Solar,2026-09-05T16:46:35Z
2026-09-05T16:45:26Z,2026-09-05T18:45:26+0200,cdb92b74-caf5-4132-9652-0b91b69243a6,2026-08-30T16:30:00Z,2026-08-30T18:30:00+0200,19472.0,MW,ES,ES,actual_solar_generation,Solar,2026-09-05T16:46:35Z
2026-09-05T16:45:26Z,2026-09-05T18:45:26+0200,cdb92b74-caf5-4132-9652-0b91b69243a6,2026-08-30T16:45:00Z,2026-08-30T18:45:00+0200,19128.0,MW,ES,ES,actual_solar_generation,Solar,2026-09-05T16:46:35Z
2026-09-05T16:45:26Z,2026-09-05T18:45:26+0200,cdb92b74-caf5-4132-9652-0b91b69243a6,2026-08-30T17:00:00Z,2026-08-30T19:00:00+0200,17204.0,MW,ES,ES,actual_solar_generation,Solar,2026-09-05T16:46:35Z
2026-09-05T16:45:26Z,2026-09-05T18:45:26+0200,cdb92b74-caf5-4132-9652-0b91b69243a6,2026-08-30T17:15:00Z,2026-08-30T19:15:00+0200,15012.0,MW,ES,ES,actual_solar_generation,Solar,2026-09-05T16:46:35Z
2026-09-05T16:45:26Z,2026-09-05T18:45:26+0200,cdb92b74-caf5-4132-9652-0b91b69243a6,2026-08-30T17:30:00Z,2026-08-30T19:30:00+0200,12172.0,MW,ES,ES,actual_solar_generation,Solar,2026-09-05T16:46:35Z
2026-09-05T16:45:26Z,2026-09-05T18:45:26+0200,cdb92b74-caf5-4132-9652-0b91b69243a6,2026-08-30T17:45:00Z,2026-08-30T19:45:00+0200,8960.0,MW,ES,ES,actual_solar_generation,Solar,2026-09-05T16:46:35Z
2026-09-05T16:45:26Z,2026-09-05T18:45:26+0200,cdb92b74-caf5-4132-9652-0b91b69243a6,2026-08-30T18:00:00Z,2026-08-30T20:00:00+0200,5928.0,MW,ES,ES,actual_solar_generation,Solar,2026-09-05T16:46:35Z
2026-09-05T16:45:26Z,2026-09-05T18:45:26+0200,cdb92b74-caf5-4132-9652-0b91b69243a6,2026-08-30T18:15:00Z,2026-08-30T20:15:00+0200,3316.0,MW,ES,ES,actual_solar_generation,Solar,2026-09-05T16:46:35Z
2026-09-05T16:45:26Z,2026-09-05T18:45:26+0200,cdb92b74-caf5-4132-9652-0b91b69243a6,2026-08-30T18:30:00Z,2026-08-30T20:30:00+0200,1784.0,MW,ES,ES,actual_solar_generation,Solar,2026-09-05T16:46:35Z
2026-09-05T16:45:26Z,2026-09-05T18:45:26+0200,cdb92b74-caf5-4132-9652-0b91b69243a6,2026-08-30T18:45:00Z,2026-08-30T20:45:00+0200,1148.0,MW,ES,ES,actual_solar_generation,Solar,2026-09-05T16:46:35Z
2026-09-05T16:45:26Z,2026-09-05T18:45:26+0200,cdb92b74-caf5-4132-9652-0b91b69243a6,2026-08-30T19:00:00Z,2026-08-30T21:00:00+0200,880.0,MW,ES,ES,actual_solar_generation,Solar,2026-09-05T16:46:35Z
2026-09-05T16:45:26Z,2026-09-05T18:45:26+0200,cdb92b74-caf5-4132-9652-0b91b69243a6,2026-08-30T19:15:00Z,2026-08-30T21:15:00+0200,784.0,MW,ES,ES,actual_solar_generation,Solar,2026-09-05T16:46:35Z
2026-09-05T16:45:26Z,2026-09-05T18:45:26+0200,cdb92b74-caf5-4132-9652-0b91b69243a6,2026-08-30T19:30:00Z,2026-08-30T21:30:00+0200,680.0,MW,ES,ES,actual_solar_generation,Solar,2026-09-05T16:46:35Z
2026-09-05T16:45:26Z,2026-09-05T18:45:26+0200,cdb92b74-caf5-4132-9652-0b91b69243a6,2026-08-30T19:45:00Z,2026-08-30T21:45:00+0200,672.0,MW,ES,ES,actual_solar_generation,Solar,2026-09-05T16:46:35Z
2026-09-05T16:45:26Z,2026-09-05T18:45:26+0200,cdb92b74-caf5-4132-9652-0b91b69243a6,2026-08-30T20:00:00Z,2026-08-30T22:00:00+0200,640.0,MW,ES,ES,actual_solar_generation,Solar,2026-09-05T16:46:35Z
2026-09-05T16:45:26Z,2026-09-05T18:45:26+0200,cdb92b74-caf5-4132-9652-0b91b69243a6,2026-08-30T20:15:00Z,2026-08-30T22:15:00+0200,632.0,MW,ES,ES,actual_solar_generation,Solar,2026-09-05T16:46:35Z
2026-09-05T16:45:26Z,2026-09-05T18:45:26+0200,cdb92b74-caf5-4132-9652-0b91b69243a6,2026-08-30T20:30:00Z,2026-08-30T22:30:00+0200,632.0,MW,ES,ES,actual_solar_generation,Solar,2026-09-05T16:46:35Z
2026-09-05T16:45:26Z,2026-09-05T18:45:26+0200,cdb92b74-caf5-4132-9652-0b91b69243a6,2026-08-30T20:45:00Z,2026-08-30T22:45:00+0200,624.0,MW,ES,ES,actual_solar_generation,Solar,2026-09-05T16:46:35Z
2026-09-05T16:45:26Z,2026-09-05T18:45:26+0200,cdb92b74-caf5-4132-9652-0b91b69243a6,2026-08-30T21:00:00Z,2026-08-30T23:00:00+0200,616.0,MW,ES,ES,actual_solar_generation,Solar,2026-09-05T16:46:35Z
2026-09-05T16:45:26Z,2026-09-05T18:45:26+0200,cdb92b74-caf5-4132-9652-0b91b69243a6,2026-08-30T21:15:00Z,2026-08-30T23:15:00+0200,616.0,MW,ES,ES,actual_solar_generation,Solar,2026-09-05T16:46:35Z
2026-09-05T16:45:26Z,2026-09-05T18:45:26+0200,cdb92b74-caf5-4132-9652-0b91b69243a6,2026-08-30T21:30:00Z,2026-08-30T23:30:00+0200,620.0,MW,ES,ES,actual_solar_generation,Solar,2026-09-05T16:46:35Z
2026-09-05T16:45:26Z,2026-09-05T18:45:26+0200,cdb92b74-caf5-4132-9652-0b91b69243a6,2026-08-30T21:45:00Z,2026-08-30T23:45:00+0200,620.0,MW,ES,ES,actual_solar_generation,Solar,2026-09-05T16:46:35Z
2026-09-05T16:45:26Z,2026-09-05T18:45:26+0200,cdb92b74-caf5-4132-9652-0b91b69243a6,2026-08-30T22:00:00Z,2026-08-31T00:00:00+0200,616.0,MW,ES,ES,actual_solar_generation,Solar,2026-09-05T16:46:35Z
2026-09-05T16:45:26Z,2026-09-05T18:45:26+0200,cdb92b74-caf5-4132-9652-0b91b69243a6,2026-08-30T22:15:00Z,2026-08-31T00:15:00+0200,608.0,MW,ES,ES,actual_solar_generation,Solar,2026-09-05T16:46:35Z
2026-09-05T16:45:26Z,2026-09-05T18:45:26+0200,cdb92b74-caf5-4132-9652-0b91b69243a6,2026-08-30T22:30:00Z,2026-08-31T00:30:00+0200,604.0,MW,ES,ES,actual_solar_generation,Solar,2026-09-05T16:46:35Z
2026-09-05T16:45:26Z,2026-09-05T18:45:26+0200,cdb92b74-caf5-4132-9652-0b91b69243a6,2026-08-30T22:45:00Z,2026-08-31T00:45:00+0200,604.0,MW,ES,ES,actual_solar_generation,Solar,2026-09-05T16:46:35Z
2026-09-05T16:45:26Z,2026-09-05T18:45:26+0200,cdb92b74-caf5-4132-9652-0b91b69243a6,2026-08-30T23:00:00Z,2026-08-31T01:00:00+0200,604.0,MW,ES,ES,actual_solar_generation,Solar,2026-09-05T16:46:35Z
2026-09-05T16:45:26Z,2026-09-05T18:45:26+0200,cdb92b74-caf5-4132-9652-0b91b69243a6,2026-08-30T23:15:00Z,2026-08-31T01:15:00+0200,600.0,MW,ES,ES,actual_solar_generation,Solar,2026-09-05T16:46:35Z
2026-09-05T16:45:26Z,2026-09-05T18:45:26+0200,cdb92b74-caf5-4132-9652-0b91b69243a6,2026-08-30T23:30:00Z,2026-08-31T01:30:00+0200,600.0,MW,ES,ES,actual_solar_generation,Solar,2026-09-05T16:46:35Z
2026-09-05T16:45:26Z,2026-09-05T18:45:26+0200,cdb92b74-caf5-4132-9652-0b91b69243a6,2026-08-30T23:45:00Z,2026-08-31T01:45:00+0200,600.0,MW,ES,ES,actual_solar_generation,Solar,2026-09-05T16:46:35Z
2026-09-05T16:45:26Z,2026-09-05T18:45:26+0200,cdb92b74-caf5-4132-9652-0b91b69243a6,2026-08-31T00:00:00Z,2026-08-31T02:00:00+0200,600.0,MW,ES,ES,actual_solar_generation,Solar,2026-09-05T16:46:35Z
2026-09-05T16:45:26Z,2026-09-05T18:45:26+0200,cdb92b74-caf5-4132-9652-0b91b69243a6,2026-08-31T00:15:00Z,2026-08-31T02:15:00+0200,600.0,MW,ES,ES,actual_solar_generation,Solar,2026-09-05T16:46:35Z
2026-09-05T16:45:26Z,2026-09-05T18:45:26+0200,cdb92b74-caf5-4132-9652-0b91b69243a6,2026-08-31T00:30:00Z,2026-08-31T02:30:00+0200,600.0,MW,ES,ES,actual_solar_generation,Solar,2026-09-05T16:46:35Z
2026-09-05T16:45:26Z,2026-09-05T18:45:26+0200,cdb92b74-caf5-4132-9652-0b91b69243a6,2026-08-31T00:45:00Z,2026-08-31T02:45:00+0200,600.0,MW,ES,ES,actual_solar_generation,Solar,2026-09-05T16:46:35Z
2026-09-05T16:45:26Z,2026-09-05T18:45:26+0200,cdb92b74-caf5-4132-9652-0b91b69243a6,2026-08-31T01:00:00Z,2026-08-31T03:00:00+0200,596.0,MW,ES,ES,actual_solar_generation,Solar,2026-09-05T16:46:35Z
2026-09-05T16:45:26Z,2026-09-05T18:45:26+0200,cdb92b74-caf5-4132-9652-0b91b69243a6,2026-08-31T01:15:00Z,2026-08-31T03:15:00+0200,596.0,MW,ES,ES,actual_solar_generation,Solar,2026-09-05T16:46:35Z
2026-09-05T16:45:26Z,2026-09-05T18:45:26+0200,cdb92b74-caf5-4132-9652-0b91b69243a6,2026-08-31T01:30:00Z,2026-08-31T03:30:00+0200,596.0,MW,ES,ES,actual_solar_generation,Solar,2026-09-05T16:46:35Z
2026-09-05T16:45:26Z,2026-09-05T18:45:26+0200,cdb92b74-caf5-4132-9652-0b91b69243a6,2026-08-31T01:45:00Z,2026-08-31T03:45:00+0200,596.0,MW,ES,ES,actual_solar_generation,Solar,2026-09-05T16:46:35Z
2026-09-05T16:45:26Z,2026-09-05T18:45:26+0200,cdb92b74-caf5-4132-9652-0b91b69243a6,2026-08-31T02:00:00Z,2026-08-31T04:00:00+0200,592.0,MW,ES,ES,actual_solar_generation,Solar,2026-09-05T16:46:35Z
2026-09-05T16:45:26Z,2026-09-05T18:45:26+0200,cdb92b74-caf5-4132-9652-0b91b69243a6,2026-08-31T02:15:00Z,2026-08-31T04:15:00+0200,592.0,MW,ES,ES,actual_solar_generation,Solar,2026-09-05T16:46:35Z
2026-09-05T16:45:26Z,2026-09-05T18:45:26+0200,cdb92b74-caf5-4132-9652-0b91b69243a6,2026-08-31T02:30:00Z,2026-08-31T04:30:00+0200,588.0,MW,ES,ES,actual_solar_generation,Solar,2026-09-05T16:46:35Z
2026-09-05T16:45:26Z,2026-09-05T18:45:26+0200,cdb92b74-caf5-4132-9652-0b91b69243a6,2026-08-31T02:45:00Z,2026-08-31T04:45:00+0200,576.0,MW,ES,ES,actual_solar_generation,Solar,2026-09-05T16:46:35Z
2026-09-05T16:45:26Z,2026-09-05T18:45:26+0200,cdb92b74-caf5-4132-9652-0b91b69243a6,2026-08-31T03:00:00Z,2026-08-31T05:00:00+0200,552.0,MW,ES,ES,actual_solar_generation,Solar,2026-09-05T16:46:35Z
2026-09-05T16:45:26Z,2026-09-05T18:45:26+0200,cdb92b74-caf5-4132-9652-0b91b69243a6,2026-08-31T03:15:00Z,2026-08-31T05:15:00+0200,512.0,MW,ES,ES,actual_solar_generation,Solar,2026-09-05T16:46:35Z
2026-09-05T16:45:26Z,2026-09-05T18:45:26+0200,cdb92b74-caf5-4132-9652-0b91b69243a6,2026-08-31T03:30:00Z,2026-08-31T05:30:00+0200,456.0,MW,ES,ES,actual_solar_generation,Solar,2026-09-05T16:46:35Z
2026-09-05T16:45:26Z,2026-09-05T18:45:26+0200,cdb92b74-caf5-4132-9652-0b91b69243a6,2026-08-31T03:45:00Z,2026-08-31T05:45:00+0200,432.0,MW,ES,ES,actual_solar_generation,Solar,2026-09-05T16:46:35Z
2026-09-05T16:45:26Z,2026-09-05T18:45:26+0200,cdb92b74-caf5-4132-9652-0b91b69243a6,2026-08-31T04:00:00Z,2026-08-31T06:00:00+0200,404.0,MW,ES,ES,actual_solar_generation,Solar,2026-09-05T16:46:35Z
2026-09-05T16:45:26Z,2026-09-05T18:45:26+0200,cdb92b74-caf5-4132-9652-0b91b69243a6,2026-08-31T04:15:00Z,2026-08-31T06:15:00+0200,360.0,MW,ES,ES,actual_solar_generation,Solar,2026-09-05T16:46:35Z
2026-09-05T16:45:26Z,2026-09-05T18:45:26+0200,cdb92b74-caf5-4132-9652-0b91b69243a6,2026-08-31T04:30:00Z,2026-08-31T06:30:00+0200,336.0,MW,ES,ES,actual_solar_generation,Solar,2026-09-05T16:46:35Z
2026-09-05T16:45:26Z,2026-09-05T18:45:26+0200,cdb92b74-caf5-4132-9652-0b91b69243a6,2026-08-31T04:45:00Z,2026-08-31T06:45:00+0200,292.0,MW,ES,ES,actual_solar_generation,Solar,2026-09-05T16:46:35Z
2026-09-05T16:45:26Z,2026-09-05T18:45:26+0200,cdb92b74-caf5-4132-9652-0b91b69243a6,2026-08-31T05:00:00Z,2026-08-31T07:00:00+0200,280.0,MW,ES,ES,actual_solar_generation,Solar,2026-09-05T16:46:35Z
2026-09-05T16:45:26Z,2026-09-05T18:45:26+0200,cdb92b74-caf5-4132-9652-0b91b69243a6,2026-08-31T05:15:00Z,2026-08-31T07:15:00+0200,224.0,MW,ES,ES,actual_solar_generation,Solar,2026-09-05T16:46:35Z
2026-09-05T16:45:26Z,2026-09-05T18:45:26+0200,cdb92b74-caf5-4132-9652-0b91b69243a6,2026-08-31T05:30:00Z,2026-08-31T07:30:00+0200,236.0,MW,ES,ES,actual_solar_generation,Solar,2026-09-05T16:46:35Z
2026-09-05T16:45:26Z,2026-09-05T18:45:26+0200,cdb92b74-caf5-4132-9652-0b91b69243a6,2026-08-31T05:45:00Z,2026-08-31T07:45:00+0200,552.0,MW,ES,ES,actual_solar_generation,Solar,2026-09-05T16:46:35Z
2026-09-05T16:45:26Z,2026-09-05T18:45:26+0200,cdb92b74-caf5-4132-9652-0b91b69243a6,2026-08-31T06:00:00Z,2026-08-31T08:00:00+0200,1636.0,MW,ES,ES,actual_solar_generation,Solar,2026-09-05T16:46:35Z
2026-09-05T16:45:26Z,2026-09-05T18:45:26+0200,cdb92b74-caf5-4132-9652-0b91b69243a6,2026-08-31T06:15:00Z,2026-08-31T08:15:00+0200,3840.0,MW,ES,ES,actual_solar_generation,Solar,2026-09-05T16:46:35Z
2026-09-05T16:45:26Z,2026-09-05T18:45:26+0200,cdb92b74-caf5-4132-9652-0b91b69243a6,2026-08-31T06:30:00Z,2026-08-31T08:30:00+0200,6992.0,MW,ES,ES,actual_solar_generation,Solar,2026-09-05T16:46:35Z
2026-09-05T16:45:26Z,2026-09-05T18:45:26+0200,cdb92b74-caf5-4132-9652-0b91b69243a6,2026-08-31T06:45:00Z,2026-08-31T08:45:00+0200,10560.0,MW,ES,ES,actual_solar_generation,Solar,2026-09-05T16:46:35Z
2026-09-05T16:45:26Z,2026-09-05T18:45:26+0200,cdb92b74-caf5-4132-9652-0b91b69243a6,2026-08-31T07:00:00Z,2026-08-31T09:00:00+0200,14324.0,MW,ES,ES,actual_solar_generation,Solar,2026-09-05T16:46:35Z
2026-09-05T16:45:26Z,2026-09-05T18:45:26+0200,cdb92b74-caf5-4132-9652-0b91b69243a6,2026-08-31T07:15:00Z,2026-08-31T09:15:00+0200,18204.0,MW,ES,ES,actual_solar_generation,Solar,2026-09-05T16:46:35Z
2026-09-05T16:45:26Z,2026-09-05T18:45:26+0200,cdb92b74-caf5-4132-9652-0b91b69243a6,2026-08-31T07:30:00Z,2026-08-31T09:30:00+0200,20280.0,MW,ES,ES,actual_solar_generation,Solar,2026-09-05T16:46:35Z
2026-09-05T16:45:26Z,2026-09-05T18:45:26+0200,cdb92b74-caf5-4132-9652-0b91b69243a6,2026-08-31T07:45:00Z,2026-08-31T09:45:00+0200,21788.0,MW,ES,ES,actual_solar_generation,Solar,2026-09-05T16:46:35Z
2026-09-05T16:45:26Z,2026-09-05T18:45:26+0200,cdb92b74-caf5-4132-9652-0b91b69243a6,2026-08-31T08:00:00Z,2026-08-31T10:00:00+0200,23340.0,MW,ES,ES,actual_solar_generation,Solar,2026-09-05T16:46:35Z
2026-09-05T16:45:26Z,2026-09-05T18:45:26+0200,cdb92b74-caf5-4132-9652-0b91b69243a6,2026-08-31T08:15:00Z,2026-08-31T10:15:00+0200,23648.0,MW,ES,ES,actual_solar_generation,Solar,2026-09-05T16:46:35Z
2026-09-05T16:45:26Z,2026-09-05T18:45:26+0200,cdb92b74-caf5-4132-9652-0b91b69243a6,2026-08-31T08:30:00Z,2026-08-31T10:30:00+0200,23272.0,MW,ES,ES,actual_solar_generation,Solar,2026-09-05T16:46:35Z
2026-09-05T16:45:26Z,2026-09-05T18:45:26+0200,cdb92b74-caf5-4132-9652-0b91b69243a6,2026-08-31T08:45:00Z,2026-08-31T10:45:00+0200,23452.0,MW,ES,ES,actual_solar_generation,Solar,2026-09-05T16:46:35Z
2026-09-05T16:45:26Z,2026-09-05T18:45:26+0200,cdb92b74-caf5-4132-9652-0b91b69243a6,2026-08-31T09:00:00Z,2026-08-31T11:00:00+0200,23880.0,MW,ES,ES,actual_solar_generation,Solar,2026-09-05T16:46:35Z
2026-09-05T16:45:26Z,2026-09-05T18:45:26+0200,cdb92b74-caf5-4132-9652-0b91b69243a6,2026-08-31T09:15:00Z,2026-08-31T11:15:00+0200,24320.0,MW,ES,ES,actual_solar_generation,Solar,2026-09-05T16:46:35Z
2026-09-05T16:45:26Z,2026-09-05T18:45:26+0200,cdb92b74-caf5-4132-9652-0b91b69243a6,2026-08-31T09:30:00Z,2026-08-31T11:30:00+0200,24024.0,MW,ES,ES,actual_solar_generation,Solar,2026-09-05T16:46:35Z
2026-09-05T16:45:26Z,2026-09-05T18:45:26+0200,cdb92b74-caf5-4132-9652-0b91b69243a6,2026-08-31T09:45:00Z,2026-08-31T11:45:00+0200,24100.0,MW,ES,ES,actual_solar_generation,Solar,2026-09-05T16:46:35Z
2026-09-05T16:45:26Z,2026-09-05T18:45:26+0200,cdb92b74-caf5-4132-9652-0b91b69243a6,2026-08-31T10:00:00Z,2026-08-31T12:00:00+0200,24764.0,MW,ES,ES,actual_solar_generation,Solar,2026-09-05T16:46:35Z
2026-09-05T16:45:26Z,2026-09-05T18:45:26+0200,cdb92b74-caf5-4132-9652-0b91b69243a6,2026-08-31T10:15:00Z,2026-08-31T12:15:00+0200,24424.0,MW,ES,ES,actual_solar_generation,Solar,2026-09-05T16:46:35Z
2026-09-05T16:45:26Z,2026-09-05T18:45:26+0200,cdb92b74-caf5-4132-9652-0b91b69243a6,2026-08-31T10:30:00Z,2026-08-31T12:30:00+0200,24736.0,MW,ES,ES,actual_solar_generation,Solar,2026-09-05T16:46:35Z
2026-09-05T16:45:26Z,2026-09-05T18:45:26+0200,cdb92b74-caf5-4132-9652-0b91b69243a6,2026-08-31T10:45:00Z,2026-08-31T12:45:00+0200,25956.0,MW,ES,ES,actual_solar_generation,Solar,2026-09-05T16:46:35Z
2026-09-05T16:45:26Z,2026-09-05T18:45:26+0200,cdb92b74-caf5-4132-9652-0b91b69243a6,2026-08-31T11:00:00Z,2026-08-31T13:00:00+0200,26576.0,MW,ES,ES,actual_solar_generation,Solar,2026-09-05T16:46:35Z
2026-09-05T16:45:26Z,2026-09-05T18:45:26+0200,cdb92b74-caf5-4132-9652-0b91b69243a6,2026-08-31T11:15:00Z,2026-08-31T13:15:00+0200,26572.0,MW,ES,ES,actual_solar_generation,Solar,2026-09-05T16:46:35Z
2026-09-05T16:45:26Z,2026-09-05T18:45:26+0200,cdb92b74-caf5-4132-9652-0b91b69243a6,2026-08-31T11:30:00Z,2026-08-31T13:30:00+0200,26352.0,MW,ES,ES,actual_solar_generation,Solar,2026-09-05T16:46:35Z
2026-09-05T16:45:26Z,2026-09-05T18:45:26+0200,cdb92b74-caf5-4132-9652-0b91b69243a6,2026-08-31T11:45:00Z,2026-08-31T13:45:00+0200,26576.0,MW,ES,ES,actual_solar_generation,Solar,2026-09-05T16:46:35Z
2026-09-05T16:45:26Z,2026-09-05T18:45:26+0200,cdb92b74-caf5-4132-9652-0b91b69243a6,2026-08-31T12:00:00Z,2026-08-31T14:00:00+0200,26568.0,MW,ES,ES,actual_solar_generation,Solar,2026-09-05T16:46:35Z
2026-09-05T16:45:26Z,2026-09-05T18:45:26+0200,cdb92b74-caf5-4132-9652-0b91b69243a6,2026-08-31T12:15:00Z,2026-08-31T14:15:00+0200,26416.0,MW,ES,ES,actual_solar_generation,Solar,2026-09-05T16:46:35Z
2026-09-05T16:45:26Z,2026-09-05T18:45:26+0200,cdb92b74-caf5-4132-9652-0b91b69243a6,2026-08-31T12:30:00Z,2026-08-31T14:30:00+0200,26644.0,MW,ES,ES,actual_solar_generation,Solar,2026-09-05T16:46:35Z
2026-09-05T16:45:26Z,2026-09-05T18:45:26+0200,cdb92b74-caf5-4132-9652-0b91b69243a6,2026-08-31T12:45:00Z,2026-08-31T14:45:00+0200,26088.0,MW,ES,ES,actual_solar_generation,Solar,2026-09-05T16:46:35Z
2026-09-05T16:45:26Z,2026-09-05T18:45:26+0200,cdb92b74-caf5-4132-9652-0b91b69243a6,2026-08-31T13:00:00Z,2026-08-31T15:00:00+0200,26180.0,MW,ES,ES,actual_solar_generation,Solar,2026-09-05T16:46:35Z
2026-09-05T16:45:26Z,2026-09-05T18:45:26+0200,cdb92b74-caf5-4132-9652-0b91b69243a6,2026-08-31T13:15:00Z,2026-08-31T15:15:00+0200,26080.0,MW,ES,ES,actual_solar_generation,Solar,2026-09-05T16:46:35Z
2026-09-05T16:45:26Z,2026-09-05T18:45:26+0200,cdb92b74-caf5-4132-9652-0b91b69243a6,2026-08-31T13:30:00Z,2026-08-31T15:30:00+0200,26004.0,MW,ES,ES,actual_solar_generation,Solar,2026-09-05T16:46:35Z
2026-09-05T16:45:26Z,2026-09-05T18:45:26+0200,cdb92b74-caf5-4132-9652-0b91b69243a6,2026-08-31T13:45:00Z,2026-08-31T15:45:00+0200,26188.0,MW,ES,ES,actual_solar_generation,Solar,2026-09-05T16:46:35Z
2026-09-05T16:45:26Z,2026-09-05T18:45:26+0200,cdb92b74-caf5-4132-9652-0b91b69243a6,2026-08-31T14:00:00Z,2026-08-31T16:00:00+0200,26024.0,MW,ES,ES,actual_solar_generation,Solar,2026-09-05T16:46:35Z
2026-09-05T16:45:26Z,2026-09-05T18:45:26+0200,cdb92b74-caf5-4132-9652-0b91b69243a6,2026-08-31T14:15:00Z,2026-08-31T16:15:00+0200,25876.0,MW,ES,ES,actual_solar_generation,Solar,2026-09-05T16:46:35Z
2026-09-05T16:45:26Z,2026-09-05T18:45:26+0200,cdb92b74-caf5-4132-9652-0b91b69243a6,2026-08-31T14:30:00Z,2026-08-31T16:30:00+0200,25012.0,MW,ES,ES,actual_solar_generation,Solar,2026-09-05T16:46:35Z
2026-09-05T16:45:26Z,2026-09-05T18:45:26+0200,cdb92b74-caf5-4132-9652-0b91b69243a6,2026-08-31T14:45:00Z,2026-08-31T16:45:00+0200,24604.0,MW,ES,ES,actual_solar_generation,Solar,2026-09-05T16:46:35Z
2026-09-05T16:45:26Z,2026-09-05T18:45:26+0200,cdb92b74-caf5-4132-9652-0b91b69243a6,2026-08-31T15:00:00Z,2026-08-31T17:00:00+0200,24860.0,MW,ES,ES,actual_solar_generation,Solar,2026-09-05T16:46:35Z
2026-09-05T16:45:26Z,2026-09-05T18:45:26+0200,cdb92b74-caf5-4132-9652-0b91b69243a6,2026-08-31T15:15:00Z,2026-08-31T17:15:00+0200,25080.0,MW,ES,ES,actual_solar_generation,Solar,2026-09-05T16:46:35Z
2026-09-05T16:45:26Z,2026-09-05T18:45:26+0200,cdb92b74-caf5-4132-9652-0b91b69243a6,2026-08-31T15:30:00Z,2026-08-31T17:30:00+0200,25524.0,MW,ES,ES,actual_solar_generation,Solar,2026-09-05T16:46:35Z
2026-09-05T16:45:26Z,2026-09-05T18:45:26+0200,cdb92b74-caf5-4132-9652-0b91b69243a6,2026-08-31T15:45:00Z,2026-08-31T17:45:00+0200,25136.0,MW,ES,ES,actual_solar_generation,Solar,2026-09-05T16:46:35Z
2026-09-05T16:45:26Z,2026-09-05T18:45:26+0200,cdb92b74-caf5-4132-9652-0b91b69243a6,2026-08-31T16:00:00Z,2026-08-31T18:00:00+0200,24976.0,MW,ES,ES,actual_solar_generation,Solar,2026-09-05T16:46:35Z
2026-09-05T16:45:26Z,2026-09-05T18:45:26+0200,cdb92b74-caf5-4132-9652-0b91b69243a6,2026-08-31T16:15:00Z,2026-08-31T18:15:00+0200,24472.0,MW,ES,ES,actual_solar_generation,Solar,2026-09-05T16:46:35Z
2026-09-05T16:45:26Z,2026-09-05T18:45:26+0200,cdb92b74-caf5-4132-9652-0b91b69243a6,2026-08-31T16:30:00Z,2026-08-31T18:30:00+0200,23056.0,MW,ES,ES,actual_solar_generation,Solar,2026-09-05T16:46:35Z
2026-09-05T16:45:26Z,2026-09-05T18:45:26+0200,cdb92b74-caf5-4132-9652-0b91b69243a6,2026-08-31T16:45:00Z,2026-08-31T18:45:00+0200,20564.0,MW,ES,ES,actual_solar_generation,Solar,2026-09-05T16:46:35Z
2026-09-05T16:45:26Z,2026-09-05T18:45:26+0200,cdb92b74-caf5-4132-9652-0b91b69243a6,2026-08-31T17:00:00Z,2026-08-31T19:00:00+0200,17964.0,MW,ES,ES,actual_solar_generation,Solar,2026-09-05T16:46:35Z
2026-09-05T16:45:26Z,2026-09-05T18:45:26+0200,cdb92b74-caf5-4132-9652-0b91b69243a6,2026-08-31T17:15:00Z,2026-08-31T19:15:00+0200,14748.0,MW,ES,ES,actual_solar_generation,Solar,2026-09-05T16:46:35Z
2026-09-05T16:45:26Z,2026-09-05T18:45:26+0200,cdb92b74-caf5-4132-9652-0b91b69243a6,2026-08-31T17:30:00Z,2026-08-31T19:30:00+0200,11248.0,MW,ES,ES,actual_solar_generation,Solar,2026-09-05T16:46:35Z
2026-09-05T16:45:26Z,2026-09-05T18:45:26+0200,cdb92b74-caf5-4132-9652-0b91b69243a6,2026-08-31T17:45:00Z,2026-08-31T19:45:00+0200,8108.0,MW,ES,ES,actual_solar_generation,Solar,2026-09-05T16:46:35Z
2026-09-05T16:45:26Z,2026-09-05T18:45:26+0200,cdb92b74-caf5-4132-9652-0b91b69243a6,2026-08-31T18:00:00Z,2026-08-31T20:00:00+0200,5208.0,MW,ES,ES,actual_solar_generation,Solar,2026-09-05T16:46:35Z
2026-09-05T16:45:26Z,2026-09-05T18:45:26+0200,cdb92b74-caf5-4132-9652-0b91b69243a6,2026-08-31T18:15:00Z,2026-08-31T20:15:00+0200,2976.0,MW,ES,ES,actual_solar_generation,Solar,2026-09-05T16:46:35Z
2026-09-05T16:45:26Z,2026-09-05T18:45:26+0200,cdb92b74-caf5-4132-9652-0b91b69243a6,2026-08-31T18:30:00Z,2026-08-31T20:30:00+0200,1652.0,MW,ES,ES,actual_solar_generation,Solar,2026-09-05T16:46:35Z
2026-09-05T16:45:26Z,2026-09-05T18:45:26+0200,cdb92b74-caf5-4132-9652-0b91b69243a6,2026-08-31T18:45:00Z,2026-08-31T20:45:00+0200,1052.0,MW,ES,ES,actual_solar_generation,Solar,2026-09-05T16:46:35Z
2026-09-05T16:45:26Z,2026-09-05T18:45:26+0200,cdb92b74-caf5-4132-9652-0b91b69243a6,2026-08-31T19:00:00Z,2026-08-31T21:00:00+0200,856.0,MW,ES,ES,actual_solar_generation,Solar,2026-09-05T16:46:35Z
2026-09-05T16:45:26Z,2026-09-05T18:45:26+0200,cdb92b74-caf5-4132-9652-0b91b69243a6,2026-08-31T19:15:00Z,2026-08-31T21:15:00+0200,772.0,MW,ES,ES,actual_solar_generation,Solar,2026-09-05T16:46:35Z
2026-09-05T16:45:26Z,2026-09-05T18:45:26+0200,cdb92b74-caf5-4132-9652-0b91b69243a6,2026-08-31T19:30:00Z,2026-08-31T21:30:00+0200,748.0,MW,ES,ES,actual_solar_generation,Solar,2026-09-05T16:46:35Z
2026-09-05T16:45:26Z,2026-09-05T18:45:26+0200,cdb92b74-caf5-4132-9652-0b91b69243a6,2026-08-31T19:45:00Z,2026-08-31T21:45:00+0200,736.0,MW,ES,ES,actual_solar_generation,Solar,2026-09-05T16:46:35Z
2026-09-05T16:45:26Z,2026-09-05T18:45:26+0200,cdb92b74-caf5-4132-9652-0b91b69243a6,2026-08-31T20:00:00Z,2026-08-31T22:00:00+0200,708.0,MW,ES,ES,actual_solar_generation,Solar,2026-09-05T16:46:35Z
2026-09-05T16:45:26Z,2026-09-05T18:45:26+0200,cdb92b74-caf5-4132-9652-0b91b69243a6,2026-08-31T20:15:00Z,2026-08-31T22:15:00+0200,708.0,MW,ES,ES,actual_solar_generation,Solar,2026-09-05T16:46:35Z
2026-09-05T16:45:26Z,2026-09-05T18:45:26+0200,cdb92b74-caf5-4132-9652-0b91b69243a6,2026-08-31T20:30:00Z,2026-08-31T22:30:00+0200,704.0,MW,ES,ES,actual_solar_generation,Solar,2026-09-05T16:46:35Z
2026-09-05T16:45:26Z,2026-09-05T18:45:26+0200,cdb92b74-caf5-4132-9652-0b91b69243a6,2026-08-31T20:45:00Z,2026-08-31T22:45:00+0200,704.0,MW,ES,ES,actual_solar_generation,Solar,2026-09-05T16:46:35Z
2026-09-05T16:45:26Z,2026-09-05T18:45:26+0200,cdb92b74-caf5-4132-9652-0b91b69243a6,2026-08-31T21:00:00Z,2026-08-31T23:00:00+0200,704.0,MW,ES,ES,actual_solar_generation,Solar,2026-09-05T16:46:35Z
2026-09-05T16:45:26Z,2026-09-05T18:45:26+0200,cdb92b74-caf5-4132-9652-0b91b69243a6,2026-08-31T21:15:00Z,2026-08-31T23:15:00+0200,704.0,MW,ES,ES,actual_solar_generation,Solar,2026-09-05T16:46:35Z
2026-09-05T16:45:26Z,2026-09-05T18:45:26+0200,cdb92b74-caf5-4132-9652-0b91b69243a6,2026-08-31T21:30:00Z,2026-08-31T23:30:00+0200,700.0,MW,ES,ES,actual_solar_generation,Solar,2026-09-05T16:46:35Z
2026-09-05T16:45:26Z,2026-09-05T18:45:26+0200,cdb92b74-caf5-4132-9652-0b91b69243a6,2026-08-31T21:45:00Z,2026-08-31T23:45:00+0200,700.0,MW,ES,ES,actual_solar_generation,Solar,2026-09-05T16:46:35Z
2026-09-05T16:45:26Z,2026-09-05T18:45:26+0200,cdb92b74-caf5-4132-9652-0b91b69243a6,2026-08-31T22:00:00Z,2026-09-01T00:00:00+0200,704.0,MW,ES,ES,actual_solar_generation,Solar,2026-09-05T16:46:35Z
2026-09-05T16:45:26Z,2026-09-05T18:45:26+0200,cdb92b74-caf5-4132-9652-0b91b69243a6,2026-08-31T22:15:00Z,2026-09-01T00:15:00+0200,700.0,MW,ES,ES,actual_solar_generation,Solar,2026-09-05T16:46:35Z
2026-09-05T16:45:26Z,2026-09-05T18:45:26+0200,cdb92b74-caf5-4132-9652-0b91b69243a6,2026-08-31T22:30:00Z,2026-09-01T00:30:00+0200,700.0,MW,ES,ES,actual_solar_generation,Solar,2026-09-05T16:46:35Z
2026-09-05T16:45:26Z,2026-09-05T18:45:26+0200,cdb92b74-caf5-4132-9652-0b91b69243a6,2026-08-31T22:45:00Z,2026-09-01T00:45:00+0200,700.0,MW,ES,ES,actual_solar_generation,Solar,2026-09-05T16:46:35Z
2026-09-05T16:45:26Z,2026-09-05T18:45:26+0200,cdb92b74-caf5-4132-9652-0b91b69243a6,2026-08-31T23:00:00Z,2026-09-01T01:00:00+0200,700.0,MW,ES,ES,actual_solar_generation,Solar,2026-09-05T16:46:35Z
2026-09-05T16:45:26Z,2026-09-05T18:45:26+0200,cdb92b74-caf5-4132-9652-0b91b69243a6,2026-08-31T23:15:00Z,2026-09-01T01:15:00+0200,700.0,MW,ES,ES,actual_solar_generation,Solar,2026-09-05T16:46:35Z
2026-09-05T16:45:26Z,2026-09-05T18:45:26+0200,cdb92b74-caf5-4132-9652-0b91b69243a6,2026-08-31T23:30:00Z,2026-09-01T01:30:00+0200,700.0,MW,ES,ES,actual_solar_generation,Solar,2026-09-05T16:46:35Z
2026-09-05T16:45:26Z,2026-09-05T18:45:26+0200,cdb92b74-caf5-4132-9652-0b91b69243a6,2026-08-31T23:45:00Z,2026-09-01T01:45:00+0200,696.0,MW,ES,ES,actual_solar_generation,Solar,2026-09-05T16:46:35Z
2026-09-05T16:45:26Z,2026-09-05T18:45:26+0200,cdb92b74-caf5-4132-9652-0b91b69243a6,2026-09-01T00:00:00Z,2026-09-01T02:00:00+0200,700.0,MW,ES,ES,actual_solar_generation,Solar,2026-09-05T16:46:35Z
2026-09-05T16:45:26Z,2026-09-05T18:45:26+0200,cdb92b74-caf5-4132-9652-0b91b69243a6,2026-09-01T00:15:00Z,2026-09-01T02:15:00+0200,696.0,MW,ES,ES,actual_solar_generation,Solar,2026-09-05T16:46:35Z
2026-09-05T16:45:26Z,2026-09-05T18:45:26+0200,cdb92b74-caf5-4132-9652-0b91b69243a6,2026-09-01T00:30:00Z,2026-09-01T02:30:00+0200,700.0,MW,ES,ES,actual_solar_generation,Solar,2026-09-05T16:46:35Z
2026-09-05T16:45:26Z,2026-09-05T18:45:26+0200,cdb92b74-caf5-4132-9652-0b91b69243a6,2026-09-01T00:45:00Z,2026-09-01T02:45:00+0200,700.0,MW,ES,ES,actual_solar_generation,Solar,2026-09-05T16:46:35Z
2026-09-05T16:45:26Z,2026-09-05T18:45:26+0200,cdb92b74-caf5-4132-9652-0b91b69243a6,2026-09-01T01:00:00Z,2026-09-01T03:00:00+0200,696.0,MW,ES,ES,actual_solar_generation,Solar,2026-09-05T16:46:35Z
2026-09-05T16:45:26Z,2026-09-05T18:45:26+0200,cdb92b74-caf5-4132-9652-0b91b69243a6,2026-09-01T01:15:00Z,2026-09-01T03:15:00+0200,696.0,MW,ES,ES,actual_solar_generation,Solar,2026-09-05T16:46:35Z
2026-09-05T16:45:26Z,2026-09-05T18:45:26+0200,cdb92b74-caf5-4132-9652-0b91b69243a6,2026-09-01T01:30:00Z,2026-09-01T03:30:00+0200,696.0,MW,ES,ES,actual_solar_generation,Solar,2026-09-05T16:46:35Z
2026-09-05T16:45:26Z,2026-09-05T18:45:26+0200,cdb92b74-caf5-4132-9652-0b91b69243a6,2026-09-01T01:45:00Z,2026-09-01T03:45:00+0200,696.0,MW,ES,ES,actual_solar_generation,Solar,2026-09-05T16:46:35Z
2026-09-05T16:45:26Z,2026-09-05T18:45:26+0200,cdb92b74-caf5-4132-9652-0b91b69243a6,2026-09-01T02:00:00Z,2026-09-01T04:00:00+0200,692.0,MW,ES,ES,actual_solar_generation,Solar,2026-09-05T16:46:35Z
2026-09-05T16:45:26Z,2026-09-05T18:45:26+0200,cdb92b74-caf5-4132-9652-0b91b69243a6,2026-09-01T02:15:00Z,2026-09-01T04:15:00+0200,672.0,MW,ES,ES,actual_solar_generation,Solar,2026-09-05T16:46:35Z
2026-09-05T16:45:26Z,2026-09-05T18:45:26+0200,cdb92b74-caf5-4132-9652-0b91b69243a6,2026-09-01T02:30:00Z,2026-09-01T04:30:00+0200,620.0,MW,ES,ES,actual_solar_generation,Solar,2026-09-05T16:46:35Z
2026-09-05T16:45:26Z,2026-09-05T18:45:26+0200,cdb92b74-caf5-4132-9652-0b91b69243a6,2026-09-01T02:45:00Z,2026-09-01T04:45:00+0200,548.0,MW,ES,ES,actual_solar_generation,Solar,2026-09-05T16:46:35Z
2026-09-05T16:45:26Z,2026-09-05T18:45:26+0200,cdb92b74-caf5-4132-9652-0b91b69243a6,2026-09-01T03:00:00Z,2026-09-01T05:00:00+0200,484.0,MW,ES,ES,actual_solar_generation,Solar,2026-09-05T16:46:35Z
2026-09-05T16:45:26Z,2026-09-05T18:45:26+0200,cdb92b74-caf5-4132-9652-0b91b69243a6,2026-09-01T03:15:00Z,2026-09-01T05:15:00+0200,468.0,MW,ES,ES,actual_solar_generation,Solar,2026-09-05T16:46:35Z
2026-09-05T16:45:26Z,2026-09-05T18:45:26+0200,cdb92b74-caf5-4132-9652-0b91b69243a6,2026-09-01T03:30:00Z,2026-09-01T05:30:00+0200,468.0,MW,ES,ES,actual_solar_generation,Solar,2026-09-05T16:46:35Z
2026-09-05T16:45:26Z,2026-09-05T18:45:26+0200,cdb92b74-caf5-4132-9652-0b91b69243a6,2026-09-01T03:45:00Z,2026-09-01T05:45:00+0200,468.0,MW,ES,ES,actual_solar_generation,Solar,2026-09-05T16:46:35Z
2026-09-05T16:45:26Z,2026-09-05T18:45:26+0200,cdb92b74-caf5-4132-9652-0b91b69243a6,2026-09-01T04:00:00Z,2026-09-01T06:00:00+0200,456.0,MW,ES,ES,actual_solar_generation,Solar,2026-09-05T16:46:35Z
2026-09-05T16:45:26Z,2026-09-05T18:45:26+0200,cdb92b74-caf5-4132-9652-0b91b69243a6,2026-09-01T04:15:00Z,2026-09-01T06:15:00+0200,384.0,MW,ES,ES,actual_solar_generation,Solar,2026-09-05T16:46:35Z
2026-09-05T16:45:26Z,2026-09-05T18:45:26+0200,cdb92b74-caf5-4132-9652-0b91b69243a6,2026-09-01T04:30:00Z,2026-09-01T06:30:00+0200,332.0,MW,ES,ES,actual_solar_generation,Solar,2026-09-05T16:46:35Z
2026-09-05T16:45:26Z,2026-09-05T18:45:26+0200,cdb92b74-caf5-4132-9652-0b91b69243a6,2026-09-01T04:45:00Z,2026-09-01T06:45:00+0200,316.0,MW,ES,ES,actual_solar_generation,Solar,2026-09-05T16:46:35Z
2026-09-05T16:45:26Z,2026-09-05T18:45:26+0200,cdb92b74-caf5-4132-9652-0b91b69243a6,2026-09-01T05:00:00Z,2026-09-01T07:00:00+0200,324.0,MW,ES,ES,actual_solar_generation,Solar,2026-09-05T16:46:35Z
2026-09-05T16:45:26Z,2026-09-05T18:45:26+0200,cdb92b74-caf5-4132-9652-0b91b69243a6,2026-09-01T05:15:00Z,2026-09-01T07:15:00+0200,308.0,MW,ES,ES,actual_solar_generation,Solar,2026-09-05T16:46:35Z
2026-09-05T16:45:26Z,2026-09-05T18:45:26+0200,cdb92b74-caf5-4132-9652-0b91b69243a6,2026-09-01T05:30:00Z,2026-09-01T07:30:00+0200,320.0,MW,ES,ES,actual_solar_generation,Solar,2026-09-05T16:46:35Z
2026-09-05T16:45:26Z,2026-09-05T18:45:26+0200,cdb92b74-caf5-4132-9652-0b91b69243a6,2026-09-01T05:45:00Z,2026-09-01T07:45:00+0200,496.0,MW,ES,ES,actual_solar_generation,Solar,2026-09-05T16:46:35Z
2026-09-05T16:45:26Z,2026-09-05T18:45:26+0200,cdb92b74-caf5-4132-9652-0b91b69243a6,2026-09-01T06:00:00Z,2026-09-01T08:00:00+0200,1204.0,MW,ES,ES,actual_solar_generation,Solar,2026-09-05T16:46:35Z
2026-09-05T16:45:26Z,2026-09-05T18:45:26+0200,cdb92b74-caf5-4132-9652-0b91b69243a6,2026-09-01T06:15:00Z,2026-09-01T08:15:00+0200,2640.0,MW,ES,ES,actual_solar_generation,Solar,2026-09-05T16:46:35Z
2026-09-05T16:45:26Z,2026-09-05T18:45:26+0200,cdb92b74-caf5-4132-9652-0b91b69243a6,2026-09-01T06:30:00Z,2026-09-01T08:30:00+0200,4972.0,MW,ES,ES,actual_solar_generation,Solar,2026-09-05T16:46:35Z
2026-09-05T16:45:26Z,2026-09-05T18:45:26+0200,cdb92b74-caf5-4132-9652-0b91b69243a6,2026-09-01T06:45:00Z,2026-09-01T08:45:00+0200,7820.0,MW,ES,ES,actual_solar_generation,Solar,2026-09-05T16:46:35Z
2026-09-05T16:45:26Z,2026-09-05T18:45:26+0200,cdb92b74-caf5-4132-9652-0b91b69243a6,2026-09-01T07:00:00Z,2026-09-01T09:00:00+0200,10628.0,MW,ES,ES,actual_solar_generation,Solar,2026-09-05T16:46:35Z
2026-09-05T16:45:26Z,2026-09-05T18:45:26+0200,cdb92b74-caf5-4132-9652-0b91b69243a6,2026-09-01T07:15:00Z,2026-09-01T09:15:00+0200,13840.0,MW,ES,ES,actual_solar_generation,Solar,2026-09-05T16:46:35Z
2026-09-05T16:45:26Z,2026-09-05T18:45:26+0200,cdb92b74-caf5-4132-9652-0b91b69243a6,2026-09-01T07:30:00Z,2026-09-01T09:30:00+0200,16856.0,MW,ES,ES,actual_solar_generation,Solar,2026-09-05T16:46:35Z
2026-09-05T16:45:26Z,2026-09-05T18:45:26+0200,cdb92b74-caf5-4132-9652-0b91b69243a6,2026-09-01T07:45:00Z,2026-09-01T09:45:00+0200,19040.0,MW,ES,ES,actual_solar_generation,Solar,2026-09-05T16:46:35Z
2026-09-05T16:45:26Z,2026-09-05T18:45:26+0200,cdb92b74-caf5-4132-9652-0b91b69243a6,2026-09-01T08:00:00Z,2026-09-01T10:00:00+0200,19608.0,MW,ES,ES,actual_solar_generation,Solar,2026-09-05T16:46:35Z
2026-09-05T16:45:26Z,2026-09-05T18:45:26+0200,cdb92b74-caf5-4132-9652-0b91b69243a6,2026-09-01T08:15:00Z,2026-09-01T10:15:00+0200,20828.0,MW,ES,ES,actual_solar_generation,Solar,2026-09-05T16:46:35Z
2026-09-05T16:45:26Z,2026-09-05T18:45:26+0200,cdb92b74-caf5-4132-9652-0b91b69243a6,2026-09-01T08:30:00Z,2026-09-01T10:30:00+0200,22096.0,MW,ES,ES,actual_solar_generation,Solar,2026-09-05T16:46:35Z
2026-09-05T16:45:26Z,2026-09-05T18:45:26+0200,cdb92b74-caf5-4132-9652-0b91b69243a6,2026-09-01T08:45:00Z,2026-09-01T10:45:00+0200,22984.0,MW,ES,ES,actual_solar_generation,Solar,2026-09-05T16:46:35Z
2026-09-05T16:45:26Z,2026-09-05T18:45:26+0200,cdb92b74-caf5-4132-9652-0b91b69243a6,2026-09-01T09:00:00Z,2026-09-01T11:00:00+0200,23728.0,MW,ES,ES,actual_solar_generation,Solar,2026-09-05T16:46:35Z
2026-09-05T16:45:26Z,2026-09-05T18:45:26+0200,cdb92b74-caf5-4132-9652-0b91b69243a6,2026-09-01T09:15:00Z,2026-09-01T11:15:00+0200,24356.0,MW,ES,ES,actual_solar_generation,Solar,2026-09-05T16:46:35Z
2026-09-05T16:45:26Z,2026-09-05T18:45:26+0200,cdb92b74-caf5-4132-9652-0b91b69243a6,2026-09-01T09:30:00Z,2026-09-01T11:30:00+0200,24636.0,MW,ES,ES,actual_solar_generation,Solar,2026-09-05T16:46:35Z
2026-09-05T16:45:26Z,2026-09-05T18:45:26+0200,cdb92b74-caf5-4132-9652-0b91b69243a6,2026-09-01T09:45:00Z,2026-09-01T11:45:00+0200,24952.0,MW,ES,ES,actual_solar_generation,Solar,2026-09-05T16:46:35Z
2026-09-05T16:45:26Z,2026-09-05T18:45:26+0200,cdb92b74-caf5-4132-9652-0b91b69243a6,2026-09-01T10:00:00Z,2026-09-01T12:00:00+0200,24772.0,MW,ES,ES,actual_solar_generation,Solar,2026-09-05T16:46:35Z
2026-09-05T16:45:26Z,2026-09-05T18:45:26+0200,cdb92b74-caf5-4132-9652-0b91b69243a6,2026-09-01T10:15:00Z,2026-09-01T12:15:00+0200,24712.0,MW,ES,ES,actual_solar_generation,Solar,2026-09-05T16:46:35Z
2026-09-05T16:45:26Z,2026-09-05T18:45:26+0200,cdb92b74-caf5-4132-9652-0b91b69243a6,2026-09-01T10:30:00Z,2026-09-01T12:30:00+0200,24696.0,MW,ES,ES,actual_solar_generation,Solar,2026-09-05T16:46:35Z
2026-09-05T16:45:26Z,2026-09-05T18:45:26+0200,cdb92b74-caf5-4132-9652-0b91b69243a6,2026-09-01T10:45:00Z,2026-09-01T12:45:00+0200,24816.0,MW,ES,ES,actual_solar_generation,Solar,2026-09-05T16:46:35Z
2026-09-05T16:45:26Z,2026-09-05T18:45:26+0200,cdb92b74-caf5-4132-9652-0b91b69243a6,2026-09-01T11:00:00Z,2026-09-01T13:00:00+0200,25472.0,MW,ES,ES,actual_solar_generation,Solar,2026-09-05T16:46:35Z
2026-09-05T16:45:26Z,2026-09-05T18:45:26+0200,cdb92b74-caf5-4132-9652-0b91b69243a6,2026-09-01T11:15:00Z,2026-09-01T13:15:00+0200,25424.0,MW,ES,ES,actual_solar_generation,Solar,2026-09-05T16:46:35Z
2026-09-05T16:45:26Z,2026-09-05T18:45:26+0200,cdb92b74-caf5-4132-9652-0b91b69243a6,2026-09-01T11:30:00Z,2026-09-01T13:30:00+0200,25404.0,MW,ES,ES,actual_solar_generation,Solar,2026-09-05T16:46:35Z
2026-09-05T16:45:26Z,2026-09-05T18:45:26+0200,cdb92b74-caf5-4132-9652-0b91b69243a6,2026-09-01T11:45:00Z,2026-09-01T13:45:00+0200,25428.0,MW,ES,ES,actual_solar_generation,Solar,2026-09-05T16:46:35Z
2026-09-05T16:45:26Z,2026-09-05T18:45:26+0200,cdb92b74-caf5-4132-9652-0b91b69243a6,2026-09-01T12:00:00Z,2026-09-01T14:00:00+0200,25452.0,MW,ES,ES,actual_solar_generation,Solar,2026-09-05T16:46:35Z
2026-09-05T16:45:26Z,2026-09-05T18:45:26+0200,cdb92b74-caf5-4132-9652-0b91b69243a6,2026-09-01T12:15:00Z,2026-09-01T14:15:00+0200,25280.0,MW,ES,ES,actual_solar_generation,Solar,2026-09-05T16:46:35Z
2026-09-05T16:45:26Z,2026-09-05T18:45:26+0200,cdb92b74-caf5-4132-9652-0b91b69243a6,2026-09-01T12:30:00Z,2026-09-01T14:30:00+0200,25052.0,MW,ES,ES,actual_solar_generation,Solar,2026-09-05T16:46:35Z
2026-09-05T16:45:26Z,2026-09-05T18:45:26+0200,cdb92b74-caf5-4132-9652-0b91b69243a6,2026-09-01T12:45:00Z,2026-09-01T14:45:00+0200,24856.0,MW,ES,ES,actual_solar_generation,Solar,2026-09-05T16:46:35Z
2026-09-05T16:45:26Z,2026-09-05T18:45:26+0200,cdb92b74-caf5-4132-9652-0b91b69243a6,2026-09-01T13:00:00Z,2026-09-01T15:00:00+0200,24412.0,MW,ES,ES,actual_solar_generation,Solar,2026-09-05T16:46:35Z
2026-09-05T16:45:26Z,2026-09-05T18:45:26+0200,cdb92b74-caf5-4132-9652-0b91b69243a6,2026-09-01T13:15:00Z,2026-09-01T15:15:00+0200,24800.0,MW,ES,ES,actual_solar_generation,Solar,2026-09-05T16:46:35Z
2026-09-05T16:45:26Z,2026-09-05T18:45:26+0200,cdb92b74-caf5-4132-9652-0b91b69243a6,2026-09-01T13:30:00Z,2026-09-01T15:30:00+0200,24424.0,MW,ES,ES,actual_solar_generation,Solar,2026-09-05T16:46:35Z
2026-09-05T16:45:26Z,2026-09-05T18:45:26+0200,cdb92b74-caf5-4132-9652-0b91b69243a6,2026-09-01T13:45:00Z,2026-09-01T15:45:00+0200,23968.0,MW,ES,ES,actual_solar_generation,Solar,2026-09-05T16:46:35Z
2026-09-05T16:45:26Z,2026-09-05T18:45:26+0200,cdb92b74-caf5-4132-9652-0b91b69243a6,2026-09-01T14:00:00Z,2026-09-01T16:00:00+0200,24100.0,MW,ES,ES,actual_solar_generation,Solar,2026-09-05T16:46:35Z
2026-09-05T16:45:26Z,2026-09-05T18:45:26+0200,cdb92b74-caf5-4132-9652-0b91b69243a6,2026-09-01T14:15:00Z,2026-09-01T16:15:00+0200,23800.0,MW,ES,ES,actual_solar_generation,Solar,2026-09-05T16:46:35Z
2026-09-05T16:45:26Z,2026-09-05T18:45:26+0200,cdb92b74-caf5-4132-9652-0b91b69243a6,2026-09-01T14:30:00Z,2026-09-01T16:30:00+0200,23972.0,MW,ES,ES,actual_solar_generation,Solar,2026-09-05T16:46:35Z
2026-09-05T16:45:26Z,2026-09-05T18:45:26+0200,cdb92b74-caf5-4132-9652-0b91b69243a6,2026-09-01T14:45:00Z,2026-09-01T16:45:00+0200,24108.0,MW,ES,ES,actual_solar_generation,Solar,2026-09-05T16:46:35Z
2026-09-05T16:45:26Z,2026-09-05T18:45:26+0200,cdb92b74-caf5-4132-9652-0b91b69243a6,2026-09-01T15:00:00Z,2026-09-01T17:00:00+0200,22940.0,MW,ES,ES,actual_solar_generation,Solar,2026-09-05T16:46:35Z
2026-09-05T16:45:26Z,2026-09-05T18:45:26+0200,cdb92b74-caf5-4132-9652-0b91b69243a6,2026-09-01T15:15:00Z,2026-09-01T17:15:00+0200,22676.0,MW,ES,ES,actual_solar_generation,Solar,2026-09-05T16:46:35Z
2026-09-05T16:45:26Z,2026-09-05T18:45:26+0200,cdb92b74-caf5-4132-9652-0b91b69243a6,2026-09-01T15:30:00Z,2026-09-01T17:30:00+0200,21696.0,MW,ES,ES,actual_solar_generation,Solar,2026-09-05T16:46:35Z
2026-09-05T16:45:26Z,2026-09-05T18:45:26+0200,cdb92b74-caf5-4132-9652-0b91b69243a6,2026-09-01T15:45:00Z,2026-09-01T17:45:00+0200,20944.0,MW,ES,ES,actual_solar_generation,Solar,2026-09-05T16:46:35Z
2026-09-05T16:45:26Z,2026-09-05T18:45:26+0200,cdb92b74-caf5-4132-9652-0b91b69243a6,2026-09-01T16:00:00Z,2026-09-01T18:00:00+0200,20540.0,MW,ES,ES,actual_solar_generation,Solar,2026-09-05T16:46:35Z
2026-09-05T16:45:26Z,2026-09-05T18:45:26+0200,cdb92b74-caf5-4132-9652-0b91b69243a6,2026-09-01T16:15:00Z,2026-09-01T18:15:00+0200,19720.0,MW,ES,ES,actual_solar_generation,Solar,2026-09-05T16:46:35Z
2026-09-05T16:45:26Z,2026-09-05T18:45:26+0200,cdb92b74-caf5-4132-9652-0b91b69243a6,2026-09-01T16:30:00Z,2026-09-01T18:30:00+0200,18224.0,MW,ES,ES,actual_solar_generation,Solar,2026-09-05T16:46:35Z
2026-09-05T16:45:26Z,2026-09-05T18:45:26+0200,cdb92b74-caf5-4132-9652-0b91b69243a6,2026-09-01T16:45:00Z,2026-09-01T18:45:00+0200,16816.0,MW,ES,ES,actual_solar_generation,Solar,2026-09-05T16:46:35Z
2026-09-05T16:45:26Z,2026-09-05T18:45:26+0200,cdb92b74-caf5-4132-9652-0b91b69243a6,2026-09-01T17:00:00Z,2026-09-01T19:00:00+0200,15032.0,MW,ES,ES,actual_solar_generation,Solar,2026-09-05T16:46:35Z
2026-09-05T16:45:26Z,2026-09-05T18:45:26+0200,cdb92b74-caf5-4132-9652-0b91b69243a6,2026-09-01T17:15:00Z,2026-09-01T19:15:00+0200,12376.0,MW,ES,ES,actual_solar_generation,Solar,2026-09-05T16:46:35Z
2026-09-05T16:45:26Z,2026-09-05T18:45:26+0200,cdb92b74-caf5-4132-9652-0b91b69243a6,2026-09-01T17:30:00Z,2026-09-01T19:30:00+0200,9312.0,MW,ES,ES,actual_solar_generation,Solar,2026-09-05T16:46:35Z
2026-09-05T16:45:26Z,2026-09-05T18:45:26+0200,cdb92b74-caf5-4132-9652-0b91b69243a6,2026-09-01T17:45:00Z,2026-09-01T19:45:00+0200,6568.0,MW,ES,ES,actual_solar_generation,Solar,2026-09-05T16:46:35Z
2026-09-05T16:45:26Z,2026-09-05T18:45:26+0200,cdb92b74-caf5-4132-9652-0b91b69243a6,2026-09-01T18:00:00Z,2026-09-01T20:00:00+0200,4332.0,MW,ES,ES,actual_solar_generation,Solar,2026-09-05T16:46:35Z
2026-09-05T16:45:26Z,2026-09-05T18:45:26+0200,cdb92b74-caf5-4132-9652-0b91b69243a6,2026-09-01T18:15:00Z,2026-09-01T20:15:00+0200,2464.0,MW,ES,ES,actual_solar_generation,Solar,2026-09-05T16:46:35Z
2026-09-05T16:45:26Z,2026-09-05T18:45:26+0200,cdb92b74-caf5-4132-9652-0b91b69243a6,2026-09-01T18:30:00Z,2026-09-01T20:30:00+0200,1396.0,MW,ES,ES,actual_solar_generation,Solar,2026-09-05T16:46:35Z
2026-09-05T16:45:26Z,2026-09-05T18:45:26+0200,cdb92b74-caf5-4132-9652-0b91b69243a6,2026-09-01T18:45:00Z,2026-09-01T20:45:00+0200,900.0,MW,ES,ES,actual_solar_generation,Solar,2026-09-05T16:46:35Z
2026-09-05T16:45:26Z,2026-09-05T18:45:26+0200,cdb92b74-caf5-4132-9652-0b91b69243a6,2026-09-01T19:00:00Z,2026-09-01T21:00:00+0200,732.0,MW,ES,ES,actual_solar_generation,Solar,2026-09-05T16:46:35Z
2026-09-05T16:45:26Z,2026-09-05T18:45:26+0200,cdb92b74-caf5-4132-9652-0b91b69243a6,2026-09-01T19:15:00Z,2026-09-01T21:15:00+0200,716.0,MW,ES,ES,actual_solar_generation,Solar,2026-09-05T16:46:35Z
2026-09-05T16:45:26Z,2026-09-05T18:45:26+0200,cdb92b74-caf5-4132-9652-0b91b69243a6,2026-09-01T19:30:00Z,2026-09-01T21:30:00+0200,704.0,MW,ES,ES,actual_solar_generation,Solar,2026-09-05T16:46:35Z
2026-09-05T16:45:26Z,2026-09-05T18:45:26+0200,cdb92b74-caf5-4132-9652-0b91b69243a6,2026-09-01T19:45:00Z,2026-09-01T21:45:00+0200,700.0,MW,ES,ES,actual_solar_generation,Solar,2026-09-05T16:46:35Z
2026-09-05T16:45:26Z,2026-09-05T18:45:26+0200,cdb92b74-caf5-4132-9652-0b91b69243a6,2026-09-01T20:00:00Z,2026-09-01T22:00:00+0200,696.0,MW,ES,ES,actual_solar_generation,Solar,2026-09-05T16:46:35Z
2026-09-05T16:45:26Z,2026-09-05T18:45:26+0200,cdb92b74-caf5-4132-9652-0b91b69243a6,2026-09-01T20:15:00Z,2026-09-01T22:15:00+0200,684.0,MW,ES,ES,actual_solar_generation,Solar,2026-09-05T16:46:35Z
2026-09-05T16:45:26Z,2026-09-05T18:45:26+0200,cdb92b74-caf5-4132-9652-0b91b69243a6,2026-09-01T20:30:00Z,2026-09-01T22:30:00+0200,680.0,MW,ES,ES,actual_solar_generation,Solar,2026-09-05T16:46:35Z
2026-09-05T16:45:26Z,2026-09-05T18:45:26+0200,cdb92b74-caf5-4132-9652-0b91b69243a6,2026-09-01T20:45:00Z,2026-09-01T22:45:00+0200,680.0,MW,ES,ES,actual_solar_generation,Solar,2026-09-05T16:46:35Z
2026-09-05T16:45:26Z,2026-09-05T18:45:26+0200,cdb92b74-caf5-4132-9652-0b91b69243a6,2026-09-01T21:00:00Z,2026-09-01T23:00:00+0200,680.0,MW,ES,ES,actual_solar_generation,Solar,2026-09-05T16:46:35Z
2026-09-05T16:45:26Z,2026-09-05T18:45:26+0200,cdb92b74-caf5-4132-9652-0b91b69243a6,2026-09-01T21:15:00Z,2026-09-01T23:15:00+0200,680.0,MW,ES,ES,actual_solar_generation,Solar,2026-09-05T16:46:35Z
2026-09-05T16:45:26Z,2026-09-05T18:45:26+0200,cdb92b74-caf5-4132-9652-0b91b69243a6,2026-09-01T21:30:00Z,2026-09-01T23:30:00+0200,680.0,MW,ES,ES,actual_solar_generation,Solar,2026-09-05T16:46:35Z
2026-09-05T16:45:26Z,2026-09-05T18:45:26+0200,cdb92b74-caf5-4132-9652-0b91b69243a6,2026-09-01T21:45:00Z,2026-09-01T23:45:00+0200,680.0,MW,ES,ES,actual_solar_generation,Solar,2026-09-05T16:46:35Z
2026-09-05T16:45:26Z,2026-09-05T18:45:26+0200,cdb92b74-caf5-4132-9652-0b91b69243a6,2026-09-01T22:00:00Z,2026-09-02T00:00:00+0200,680.0,MW,ES,ES,actual_solar_generation,Solar,2026-09-05T16:46:35Z
2026-09-05T16:45:26Z,2026-09-05T18:45:26+0200,cdb92b74-caf5-4132-9652-0b91b69243a6,2026-09-01T22:15:00Z,2026-09-02T00:15:00+0200,680.0,MW,ES,ES,actual_solar_generation,Solar,2026-09-05T16:46:35Z
2026-09-05T16:45:26Z,2026-09-05T18:45:26+0200,cdb92b74-caf5-4132-9652-0b91b69243a6,2026-09-01T22:30:00Z,2026-09-02T00:30:00+0200,676.0,MW,ES,ES,actual_solar_generation,Solar,2026-09-05T16:46:35Z
2026-09-05T16:45:26Z,2026-09-05T18:45:26+0200,cdb92b74-caf5-4132-9652-0b91b69243a6,2026-09-01T22:45:00Z,2026-09-02T00:45:00+0200,668.0,MW,ES,ES,actual_solar_generation,Solar,2026-09-05T16:46:35Z
2026-09-05T16:45:26Z,2026-09-05T18:45:26+0200,cdb92b74-caf5-4132-9652-0b91b69243a6,2026-09-01T23:00:00Z,2026-09-02T01:00:00+0200,636.0,MW,ES,ES,actual_solar_generation,Solar,2026-09-05T16:46:35Z
2026-09-05T16:45:26Z,2026-09-05T18:45:26+0200,cdb92b74-caf5-4132-9652-0b91b69243a6,2026-09-01T23:15:00Z,2026-09-02T01:15:00+0200,612.0,MW,ES,ES,actual_solar_generation,Solar,2026-09-05T16:46:35Z
2026-09-05T16:45:26Z,2026-09-05T18:45:26+0200,cdb92b74-caf5-4132-9652-0b91b69243a6,2026-09-01T23:30:00Z,2026-09-02T01:30:00+0200,608.0,MW,ES,ES,actual_solar_generation,Solar,2026-09-05T16:46:35Z
2026-09-05T16:45:26Z,2026-09-05T18:45:26+0200,cdb92b74-caf5-4132-9652-0b91b69243a6,2026-09-01T23:45:00Z,2026-09-02T01:45:00+0200,608.0,MW,ES,ES,actual_solar_generation,Solar,2026-09-05T16:46:35Z
2026-09-05T16:45:26Z,2026-09-05T18:45:26+0200,cdb92b74-caf5-4132-9652-0b91b69243a6,2026-09-02T00:00:00Z,2026-09-02T02:00:00+0200,608.0,MW,ES,ES,actual_solar_generation,Solar,2026-09-05T16:46:35Z
2026-09-05T16:45:26Z,2026-09-05T18:45:26+0200,cdb92b74-caf5-4132-9652-0b91b69243a6,2026-09-02T00:15:00Z,2026-09-02T02:15:00+0200,600.0,MW,ES,ES,actual_solar_generation,Solar,2026-09-05T16:46:35Z
2026-09-05T16:45:26Z,2026-09-05T18:45:26+0200,cdb92b74-caf5-4132-9652-0b91b69243a6,2026-09-02T00:30:00Z,2026-09-02T02:30:00+0200,568.0,MW,ES,ES,actual_solar_generation,Solar,2026-09-05T16:46:35Z
2026-09-05T16:45:26Z,2026-09-05T18:45:26+0200,cdb92b74-caf5-4132-9652-0b91b69243a6,2026-09-02T00:45:00Z,2026-09-02T02:45:00+0200,548.0,MW,ES,ES,actual_solar_generation,Solar,2026-09-05T16:46:35Z
2026-09-05T16:45:26Z,2026-09-05T18:45:26+0200,cdb92b74-caf5-4132-9652-0b91b69243a6,2026-09-02T01:00:00Z,2026-09-02T03:00:00+0200,528.0,MW,ES,ES,actual_solar_generation,Solar,2026-09-05T16:46:35Z
2026-09-05T16:45:26Z,2026-09-05T18:45:26+0200,cdb92b74-caf5-4132-9652-0b91b69243a6,2026-09-02T01:15:00Z,2026-09-02T03:15:00+0200,520.0,MW,ES,ES,actual_solar_generation,Solar,2026-09-05T16:46:35Z
2026-09-05T16:45:26Z,2026-09-05T18:45:26+0200,cdb92b74-caf5-4132-9652-0b91b69243a6,2026-09-02T01:30:00Z,2026-09-02T03:30:00+0200,516.0,MW,ES,ES,actual_solar_generation,Solar,2026-09-05T16:46:35Z
2026-09-05T16:45:26Z,2026-09-05T18:45:26+0200,cdb92b74-caf5-4132-9652-0b91b69243a6,2026-09-02T01:45:00Z,2026-09-02T03:45:00+0200,500.0,MW,ES,ES,actual_solar_generation,Solar,2026-09-05T16:46:35Z
2026-09-05T16:45:26Z,2026-09-05T18:45:26+0200,cdb92b74-caf5-4132-9652-0b91b69243a6,2026-09-02T02:00:00Z,2026-09-02T04:00:00+0200,424.0,MW,ES,ES,actual_solar_generation,Solar,2026-09-05T16:46:35Z
2026-09-05T16:45:26Z,2026-09-05T18:45:26+0200,cdb92b74-caf5-4132-9652-0b91b69243a6,2026-09-02T02:15:00Z,2026-09-02T04:15:00+0200,392.0,MW,ES,ES,actual_solar_generation,Solar,2026-09-05T16:46:35Z
2026-09-05T16:45:26Z,2026-09-05T18:45:26+0200,cdb92b74-caf5-4132-9652-0b91b69243a6,2026-09-02T02:30:00Z,2026-09-02T04:30:00+0200,356.0,MW,ES,ES,actual_solar_generation,Solar,2026-09-05T16:46:35Z
2026-09-05T16:45:26Z,2026-09-05T18:45:26+0200,cdb92b74-caf5-4132-9652-0b91b69243a6,2026-09-02T02:45:00Z,2026-09-02T04:45:00+0200,344.0,MW,ES,ES,actual_solar_generation,Solar,2026-09-05T16:46:35Z
2026-09-05T16:45:26Z,2026-09-05T18:45:26+0200,cdb92b74-caf5-4132-9652-0b91b69243a6,2026-09-02T03:00:00Z,2026-09-02T05:00:00+0200,344.0,MW,ES,ES,actual_solar_generation,Solar,2026-09-05T16:46:35Z
2026-09-05T16:45:26Z,2026-09-05T18:45:26+0200,cdb92b74-caf5-4132-9652-0b91b69243a6,2026-09-02T03:15:00Z,2026-09-02T05:15:00+0200,332.0,MW,ES,ES,actual_solar_generation,Solar,2026-09-05T16:46:35Z
2026-09-05T16:45:26Z,2026-09-05T18:45:26+0200,cdb92b74-caf5-4132-9652-0b91b69243a6,2026-09-02T03:30:00Z,2026-09-02T05:30:00+0200,320.0,MW,ES,ES,actual_solar_generation,Solar,2026-09-05T16:46:35Z
2026-09-05T16:45:26Z,2026-09-05T18:45:26+0200,cdb92b74-caf5-4132-9652-0b91b69243a6,2026-09-02T03:45:00Z,2026-09-02T05:45:00+0200,276.0,MW,ES,ES,actual_solar_generation,Solar,2026-09-05T16:46:35Z
2026-09-05T16:45:26Z,2026-09-05T18:45:26+0200,cdb92b74-caf5-4132-9652-0b91b69243a6,2026-09-02T04:00:00Z,2026-09-02T06:00:00+0200,232.0,MW,ES,ES,actual_solar_generation,Solar,2026-09-05T16:46:35Z
2026-09-05T16:45:26Z,2026-09-05T18:45:26+0200,cdb92b74-caf5-4132-9652-0b91b69243a6,2026-09-02T04:15:00Z,2026-09-02T06:15:00+0200,228.0,MW,ES,ES,actual_solar_generation,Solar,2026-09-05T16:46:35Z
2026-09-05T16:45:26Z,2026-09-05T18:45:26+0200,cdb92b74-caf5-4132-9652-0b91b69243a6,2026-09-02T04:30:00Z,2026-09-02T06:30:00+0200,228.0,MW,ES,ES,actual_solar_generation,Solar,2026-09-05T16:46:35Z
2026-09-05T16:45:26Z,2026-09-05T18:45:26+0200,cdb92b74-caf5-4132-9652-0b91b69243a6,2026-09-02T04:45:00Z,2026-09-02T06:45:00+0200,228.0,MW,ES,ES,actual_solar_generation,Solar,2026-09-05T16:46:35Z
2026-09-05T16:45:26Z,2026-09-05T18:45:26+0200,cdb92b74-caf5-4132-9652-0b91b69243a6,2026-09-02T05:00:00Z,2026-09-02T07:00:00+0200,232.0,MW,ES,ES,actual_solar_generation,Solar,2026-09-05T16:46:35Z
2026-09-05T16:45:26Z,2026-09-05T18:45:26+0200,cdb92b74-caf5-4132-9652-0b91b69243a6,2026-09-02T05:15:00Z,2026-09-02T07:15:00+0200,216.0,MW,ES,ES,actual_solar_generation,Solar,2026-09-05T16:46:35Z
2026-09-05T16:45:26Z,2026-09-05T18:45:26+0200,cdb92b74-caf5-4132-9652-0b91b69243a6,2026-09-02T05:30:00Z,2026-09-02T07:30:00+0200,232.0,MW,ES,ES,actual_solar_generation,Solar,2026-09-05T16:46:35Z
2026-09-05T16:45:26Z,2026-09-05T18:45:26+0200,cdb92b74-caf5-4132-9652-0b91b69243a6,2026-09-02T05:45:00Z,2026-09-02T07:45:00+0200,444.0,MW,ES,ES,actual_solar_generation,Solar,2026-09-05T16:46:35Z
2026-09-05T16:45:26Z,2026-09-05T18:45:26+0200,cdb92b74-caf5-4132-9652-0b91b69243a6,2026-09-02T06:00:00Z,2026-09-02T08:00:00+0200,1192.0,MW,ES,ES,actual_solar_generation,Solar,2026-09-05T16:46:35Z
2026-09-05T16:45:26Z,2026-09-05T18:45:26+0200,cdb92b74-caf5-4132-9652-0b91b69243a6,2026-09-02T06:15:00Z,2026-09-02T08:15:00+0200,2780.0,MW,ES,ES,actual_solar_generation,Solar,2026-09-05T16:46:35Z
2026-09-05T16:45:26Z,2026-09-05T18:45:26+0200,cdb92b74-caf5-4132-9652-0b91b69243a6,2026-09-02T06:30:00Z,2026-09-02T08:30:00+0200,5300.0,MW,ES,ES,actual_solar_generation,Solar,2026-09-05T16:46:35Z
2026-09-05T16:45:26Z,2026-09-05T18:45:26+0200,cdb92b74-caf5-4132-9652-0b91b69243a6,2026-09-02T06:45:00Z,2026-09-02T08:45:00+0200,8244.0,MW,ES,ES,actual_solar_generation,Solar,2026-09-05T16:46:35Z
2026-09-05T16:45:26Z,2026-09-05T18:45:26+0200,cdb92b74-caf5-4132-9652-0b91b69243a6,2026-09-02T07:00:00Z,2026-09-02T09:00:00+0200,11432.0,MW,ES,ES,actual_solar_generation,Solar,2026-09-05T16:46:35Z
2026-09-05T16:45:26Z,2026-09-05T18:45:26+0200,cdb92b74-caf5-4132-9652-0b91b69243a6,2026-09-02T07:15:00Z,2026-09-02T09:15:00+0200,14888.0,MW,ES,ES,actual_solar_generation,Solar,2026-09-05T16:46:35Z
2026-09-05T16:45:26Z,2026-09-05T18:45:26+0200,cdb92b74-caf5-4132-9652-0b91b69243a6,2026-09-02T07:30:00Z,2026-09-02T09:30:00+0200,18088.0,MW,ES,ES,actual_solar_generation,Solar,2026-09-05T16:46:35Z
2026-09-05T16:45:26Z,2026-09-05T18:45:26+0200,cdb92b74-caf5-4132-9652-0b91b69243a6,2026-09-02T07:45:00Z,2026-09-02T09:45:00+0200,20068.0,MW,ES,ES,actual_solar_generation,Solar,2026-09-05T16:46:35Z
2026-09-05T16:45:26Z,2026-09-05T18:45:26+0200,cdb92b74-caf5-4132-9652-0b91b69243a6,2026-09-02T08:00:00Z,2026-09-02T10:00:00+0200,21184.0,MW,ES,ES,actual_solar_generation,Solar,2026-09-05T16:46:35Z
2026-09-05T16:45:26Z,2026-09-05T18:45:26+0200,cdb92b74-caf5-4132-9652-0b91b69243a6,2026-09-02T08:15:00Z,2026-09-02T10:15:00+0200,22960.0,MW,ES,ES,actual_solar_generation,Solar,2026-09-05T16:46:35Z
2026-09-05T16:45:26Z,2026-09-05T18:45:26+0200,cdb92b74-caf5-4132-9652-0b91b69243a6,2026-09-02T08:30:00Z,2026-09-02T10:30:00+0200,23988.0,MW,ES,ES,actual_solar_generation,Solar,2026-09-05T16:46:35Z
2026-09-05T16:45:26Z,2026-09-05T18:45:26+0200,cdb92b74-caf5-4132-9652-0b91b69243a6,2026-09-02T08:45:00Z,2026-09-02T10:45:00+0200,24860.0,MW,ES,ES,actual_solar_generation,Solar,2026-09-05T16:46:35Z
2026-09-05T16:45:26Z,2026-09-05T18:45:26+0200,cdb92b74-caf5-4132-9652-0b91b69243a6,2026-09-02T09:00:00Z,2026-09-02T11:00:00+0200,25300.0,MW,ES,ES,actual_solar_generation,Solar,2026-09-05T16:46:35Z
2026-09-05T16:45:26Z,2026-09-05T18:45:26+0200,cdb92b74-caf5-4132-9652-0b91b69243a6,2026-09-02T09:15:00Z,2026-09-02T11:15:00+0200,26012.0,MW,ES,ES,actual_solar_generation,Solar,2026-09-05T16:46:35Z
2026-09-05T16:45:26Z,2026-09-05T18:45:26+0200,cdb92b74-caf5-4132-9652-0b91b69243a6,2026-09-02T09:30:00Z,2026-09-02T11:30:00+0200,26132.0,MW,ES,ES,actual_solar_generation,Solar,2026-09-05T16:46:35Z
2026-09-05T16:45:26Z,2026-09-05T18:45:26+0200,cdb92b74-caf5-4132-9652-0b91b69243a6,2026-09-02T09:45:00Z,2026-09-02T11:45:00+0200,26288.0,MW,ES,ES,actual_solar_generation,Solar,2026-09-05T16:46:35Z
2026-09-05T16:45:26Z,2026-09-05T18:45:26+0200,cdb92b74-caf5-4132-9652-0b91b69243a6,2026-09-02T10:00:00Z,2026-09-02T12:00:00+0200,26480.0,MW,ES,ES,actual_solar_generation,Solar,2026-09-05T16:46:35Z
2026-09-05T16:45:26Z,2026-09-05T18:45:26+0200,cdb92b74-caf5-4132-9652-0b91b69243a6,2026-09-02T10:15:00Z,2026-09-02T12:15:00+0200,26692.0,MW,ES,ES,actual_solar_generation,Solar,2026-09-05T16:46:35Z
2026-09-05T16:45:26Z,2026-09-05T18:45:26+0200,cdb92b74-caf5-4132-9652-0b91b69243a6,2026-09-02T10:30:00Z,2026-09-02T12:30:00+0200,26804.0,MW,ES,ES,actual_solar_generation,Solar,2026-09-05T16:46:35Z
2026-09-05T16:45:26Z,2026-09-05T18:45:26+0200,cdb92b74-caf5-4132-9652-0b91b69243a6,2026-09-02T10:45:00Z,2026-09-02T12:45:00+0200,26856.0,MW,ES,ES,actual_solar_generation,Solar,2026-09-05T16:46:35Z
2026-09-05T16:45:26Z,2026-09-05T18:45:26+0200,cdb92b74-caf5-4132-9652-0b91b69243a6,2026-09-02T11:00:00Z,2026-09-02T13:00:00+0200,27112.0,MW,ES,ES,actual_solar_generation,Solar,2026-09-05T16:46:35Z
2026-09-05T16:45:26Z,2026-09-05T18:45:26+0200,cdb92b74-caf5-4132-9652-0b91b69243a6,2026-09-02T11:15:00Z,2026-09-02T13:15:00+0200,26772.0,MW,ES,ES,actual_solar_generation,Solar,2026-09-05T16:46:35Z
2026-09-05T16:45:26Z,2026-09-05T18:45:26+0200,cdb92b74-caf5-4132-9652-0b91b69243a6,2026-09-02T11:30:00Z,2026-09-02T13:30:00+0200,26776.0,MW,ES,ES,actual_solar_generation,Solar,2026-09-05T16:46:35Z
2026-09-05T16:45:26Z,2026-09-05T18:45:26+0200,cdb92b74-caf5-4132-9652-0b91b69243a6,2026-09-02T11:45:00Z,2026-09-02T13:45:00+0200,26772.0,MW,ES,ES,actual_solar_generation,Solar,2026-09-05T16:46:35Z
2026-09-05T16:45:26Z,2026-09-05T18:45:26+0200,cdb92b74-caf5-4132-9652-0b91b69243a6,2026-09-02T12:00:00Z,2026-09-02T14:00:00+0200,27044.0,MW,ES,ES,actual_solar_generation,Solar,2026-09-05T16:46:35Z
2026-09-05T16:45:26Z,2026-09-05T18:45:26+0200,cdb92b74-caf5-4132-9652-0b91b69243a6,2026-09-02T12:15:00Z,2026-09-02T14:15:00+0200,26972.0,MW,ES,ES,actual_solar_generation,Solar,2026-09-05T16:46:35Z
2026-09-05T16:45:26Z,2026-09-05T18:45:26+0200,cdb92b74-caf5-4132-9652-0b91b69243a6,2026-09-02T12:30:00Z,2026-09-02T14:30:00+0200,27028.0,MW,ES,ES,actual_solar_generation,Solar,2026-09-05T16:46:35Z
2026-09-05T16:45:26Z,2026-09-05T18:45:26+0200,cdb92b74-caf5-4132-9652-0b91b69243a6,2026-09-02T12:45:00Z,2026-09-02T14:45:00+0200,26504.0,MW,ES,ES,actual_solar_generation,Solar,2026-09-05T16:46:35Z
2026-09-05T16:45:26Z,2026-09-05T18:45:26+0200,cdb92b74-caf5-4132-9652-0b91b69243a6,2026-09-02T13:00:00Z,2026-09-02T15:00:00+0200,26228.0,MW,ES,ES,actual_solar_generation,Solar,2026-09-05T16:46:35Z
2026-09-05T16:45:26Z,2026-09-05T18:45:26+0200,cdb92b74-caf5-4132-9652-0b91b69243a6,2026-09-02T13:15:00Z,2026-09-02T15:15:00+0200,26264.0,MW,ES,ES,actual_solar_generation,Solar,2026-09-05T16:46:35Z
2026-09-05T16:45:26Z,2026-09-05T18:45:26+0200,cdb92b74-caf5-4132-9652-0b91b69243a6,2026-09-02T13:30:00Z,2026-09-02T15:30:00+0200,26288.0,MW,ES,ES,actual_solar_generation,Solar,2026-09-05T16:46:35Z
2026-09-05T16:45:26Z,2026-09-05T18:45:26+0200,cdb92b74-caf5-4132-9652-0b91b69243a6,2026-09-02T13:45:00Z,2026-09-02T15:45:00+0200,26324.0,MW,ES,ES,actual_solar_generation,Solar,2026-09-05T16:46:35Z
2026-09-05T16:45:26Z,2026-09-05T18:45:26+0200,cdb92b74-caf5-4132-9652-0b91b69243a6,2026-09-02T14:00:00Z,2026-09-02T16:00:00+0200,26036.0,MW,ES,ES,actual_solar_generation,Solar,2026-09-05T16:46:35Z
2026-09-05T16:45:26Z,2026-09-05T18:45:26+0200,cdb92b74-caf5-4132-9652-0b91b69243a6,2026-09-02T14:15:00Z,2026-09-02T16:15:00+0200,25824.0,MW,ES,ES,actual_solar_generation,Solar,2026-09-05T16:46:35Z
2026-09-05T16:45:26Z,2026-09-05T18:45:26+0200,cdb92b74-caf5-4132-9652-0b91b69243a6,2026-09-02T14:30:00Z,2026-09-02T16:30:00+0200,25760.0,MW,ES,ES,actual_solar_generation,Solar,2026-09-05T16:46:35Z
2026-09-05T16:45:26Z,2026-09-05T18:45:26+0200,cdb92b74-caf5-4132-9652-0b91b69243a6,2026-09-02T14:45:00Z,2026-09-02T16:45:00+0200,25608.0,MW,ES,ES,actual_solar_generation,Solar,2026-09-05T16:46:35Z
2026-09-05T16:45:26Z,2026-09-05T18:45:26+0200,cdb92b74-caf5-4132-9652-0b91b69243a6,2026-09-02T15:00:00Z,2026-09-02T17:00:00+0200,25156.0,MW,ES,ES,actual_solar_generation,Solar,2026-09-05T16:46:35Z
2026-09-05T16:45:26Z,2026-09-05T18:45:26+0200,cdb92b74-caf5-4132-9652-0b91b69243a6,2026-09-02T15:15:00Z,2026-09-02T17:15:00+0200,24636.0,MW,ES,ES,actual_solar_generation,Solar,2026-09-05T16:46:35Z
2026-09-05T16:45:26Z,2026-09-05T18:45:26+0200,cdb92b74-caf5-4132-9652-0b91b69243a6,2026-09-02T15:30:00Z,2026-09-02T17:30:00+0200,24112.0,MW,ES,ES,actual_solar_generation,Solar,2026-09-05T16:46:35Z
2026-09-05T16:45:26Z,2026-09-05T18:45:26+0200,cdb92b74-caf5-4132-9652-0b91b69243a6,2026-09-02T15:45:00Z,2026-09-02T17:45:00+0200,23356.0,MW,ES,ES,actual_solar_generation,Solar,2026-09-05T16:46:35Z
2026-09-05T16:45:26Z,2026-09-05T18:45:26+0200,cdb92b74-caf5-4132-9652-0b91b69243a6,2026-09-02T16:00:00Z,2026-09-02T18:00:00+0200,22812.0,MW,ES,ES,actual_solar_generation,Solar,2026-09-05T16:46:35Z
2026-09-05T16:45:26Z,2026-09-05T18:45:26+0200,cdb92b74-caf5-4132-9652-0b91b69243a6,2026-09-02T16:15:00Z,2026-09-02T18:15:00+0200,21676.0,MW,ES,ES,actual_solar_generation,Solar,2026-09-05T16:46:35Z
2026-09-05T16:45:26Z,2026-09-05T18:45:26+0200,cdb92b74-caf5-4132-9652-0b91b69243a6,2026-09-02T16:30:00Z,2026-09-02T18:30:00+0200,20176.0,MW,ES,ES,actual_solar_generation,Solar,2026-09-05T16:46:35Z
2026-09-05T16:45:26Z,2026-09-05T18:45:26+0200,cdb92b74-caf5-4132-9652-0b91b69243a6,2026-09-02T16:45:00Z,2026-09-02T18:45:00+0200,18192.0,MW,ES,ES,actual_solar_generation,Solar,2026-09-05T16:46:35Z
2026-09-05T16:45:26Z,2026-09-05T18:45:26+0200,cdb92b74-caf5-4132-9652-0b91b69243a6,2026-09-02T17:00:00Z,2026-09-02T19:00:00+0200,16068.0,MW,ES,ES,actual_solar_generation,Solar,2026-09-05T16:46:35Z
2026-09-05T16:45:26Z,2026-09-05T18:45:26+0200,cdb92b74-caf5-4132-9652-0b91b69243a6,2026-09-02T17:15:00Z,2026-09-02T19:15:00+0200,13204.0,MW,ES,ES,actual_solar_generation,Solar,2026-09-05T16:46:35Z
2026-09-05T16:45:26Z,2026-09-05T18:45:26+0200,cdb92b74-caf5-4132-9652-0b91b69243a6,2026-09-02T17:30:00Z,2026-09-02T19:30:00+0200,10004.0,MW,ES,ES,actual_solar_generation,Solar,2026-09-05T16:46:35Z
2026-09-05T16:45:26Z,2026-09-05T18:45:26+0200,cdb92b74-caf5-4132-9652-0b91b69243a6,2026-09-02T17:45:00Z,2026-09-02T19:45:00+0200,6892.0,MW,ES,ES,actual_solar_generation,Solar,2026-09-05T16:46:35Z
2026-09-05T16:45:26Z,2026-09-05T18:45:26+0200,cdb92b74-caf5-4132-9652-0b91b69243a6,2026-09-02T18:00:00Z,2026-09-02T20:00:00+0200,4396.0,MW,ES,ES,actual_solar_generation,Solar,2026-09-05T16:46:35Z
2026-09-05T16:45:26Z,2026-09-05T18:45:26+0200,cdb92b74-caf5-4132-9652-0b91b69243a6,2026-09-02T18:15:00Z,2026-09-02T20:15:00+0200,2372.0,MW,ES,ES,actual_solar_generation,Solar,2026-09-05T16:46:35Z
2026-09-05T16:45:26Z,2026-09-05T18:45:26+0200,cdb92b74-caf5-4132-9652-0b91b69243a6,2026-09-02T18:30:00Z,2026-09-02T20:30:00+0200,1244.0,MW,ES,ES,actual_solar_generation,Solar,2026-09-05T16:46:35Z
2026-09-05T16:45:26Z,2026-09-05T18:45:26+0200,cdb92b74-caf5-4132-9652-0b91b69243a6,2026-09-02T18:45:00Z,2026-09-02T20:45:00+0200,848.0,MW,ES,ES,actual_solar_generation,Solar,2026-09-05T16:46:35Z
2026-09-05T16:45:26Z,2026-09-05T18:45:26+0200,cdb92b74-caf5-4132-9652-0b91b69243a6,2026-09-02T19:00:00Z,2026-09-02T21:00:00+0200,708.0,MW,ES,ES,actual_solar_generation,Solar,2026-09-05T16:46:35Z
2026-09-05T16:45:26Z,2026-09-05T18:45:26+0200,cdb92b74-caf5-4132-9652-0b91b69243a6,2026-09-02T19:15:00Z,2026-09-02T21:15:00+0200,668.0,MW,ES,ES,actual_solar_generation,Solar,2026-09-05T16:46:35Z
2026-09-05T16:45:26Z,2026-09-05T18:45:26+0200,cdb92b74-caf5-4132-9652-0b91b69243a6,2026-09-02T19:30:00Z,2026-09-02T21:30:00+0200,656.0,MW,ES,ES,actual_solar_generation,Solar,2026-09-05T16:46:35Z
2026-09-05T16:45:26Z,2026-09-05T18:45:26+0200,cdb92b74-caf5-4132-9652-0b91b69243a6,2026-09-02T19:45:00Z,2026-09-02T21:45:00+0200,652.0,MW,ES,ES,actual_solar_generation,Solar,2026-09-05T16:46:35Z
2026-09-05T16:45:26Z,2026-09-05T18:45:26+0200,cdb92b74-caf5-4132-9652-0b91b69243a6,2026-09-02T20:00:00Z,2026-09-02T22:00:00+0200,644.0,MW,ES,ES,actual_solar_generation,Solar,2026-09-05T16:46:35Z
2026-09-05T16:45:26Z,2026-09-05T18:45:26+0200,cdb92b74-caf5-4132-9652-0b91b69243a6,2026-09-02T20:15:00Z,2026-09-02T22:15:00+0200,644.0,MW,ES,ES,actual_solar_generation,Solar,2026-09-05T16:46:35Z
2026-09-05T16:45:26Z,2026-09-05T18:45:26+0200,cdb92b74-caf5-4132-9652-0b91b69243a6,2026-09-02T20:30:00Z,2026-09-02T22:30:00+0200,640.0,MW,ES,ES,actual_solar_generation,Solar,2026-09-05T16:46:35Z
2026-09-05T16:45:26Z,2026-09-05T18:45:26+0200,cdb92b74-caf5-4132-9652-0b91b69243a6,2026-09-02T20:45:00Z,2026-09-02T22:45:00+0200,640.0,MW,ES,ES,actual_solar_generation,Solar,2026-09-05T16:46:35Z
2026-09-05T16:45:26Z,2026-09-05T18:45:26+0200,cdb92b74-caf5-4132-9652-0b91b69243a6,2026-09-02T21:00:00Z,2026-09-02T23:00:00+0200,640.0,MW,ES,ES,actual_solar_generation,Solar,2026-09-05T16:46:35Z
2026-09-05T16:45:26Z,2026-09-05T18:45:26+0200,cdb92b74-caf5-4132-9652-0b91b69243a6,2026-09-02T21:15:00Z,2026-09-02T23:15:00+0200,636.0,MW,ES,ES,actual_solar_generation,Solar,2026-09-05T16:46:35Z
2026-09-05T16:45:26Z,2026-09-05T18:45:26+0200,cdb92b74-caf5-4132-9652-0b91b69243a6,2026-09-02T21:30:00Z,2026-09-02T23:30:00+0200,636.0,MW,ES,ES,actual_solar_generation,Solar,2026-09-05T16:46:35Z
2026-09-05T16:45:26Z,2026-09-05T18:45:26+0200,cdb92b74-caf5-4132-9652-0b91b69243a6,2026-09-02T21:45:00Z,2026-09-02T23:45:00+0200,636.0,MW,ES,ES,actual_solar_generation,Solar,2026-09-05T16:46:35Z
2026-09-05T16:45:26Z,2026-09-05T18:45:26+0200,cdb92b74-caf5-4132-9652-0b91b69243a6,2026-09-02T22:00:00Z,2026-09-03T00:00:00+0200,636.0,MW,ES,ES,actual_solar_generation,Solar,2026-09-05T16:46:35Z
2026-09-05T16:45:26Z,2026-09-05T18:45:26+0200,cdb92b74-caf5-4132-9652-0b91b69243a6,2026-09-02T22:15:00Z,2026-09-03T00:15:00+0200,632.0,MW,ES,ES,actual_solar_generation,Solar,2026-09-05T16:46:35Z
2026-09-05T16:45:26Z,2026-09-05T18:45:26+0200,cdb92b74-caf5-4132-9652-0b91b69243a6,2026-09-02T22:30:00Z,2026-09-03T00:30:00+0200,636.0,MW,ES,ES,actual_solar_generation,Solar,2026-09-05T16:46:35Z
2026-09-05T16:45:26Z,2026-09-05T18:45:26+0200,cdb92b74-caf5-4132-9652-0b91b69243a6,2026-09-02T22:45:00Z,2026-09-03T00:45:00+0200,636.0,MW,ES,ES,actual_solar_generation,Solar,2026-09-05T16:46:35Z
2026-09-05T16:45:26Z,2026-09-05T18:45:26+0200,cdb92b74-caf5-4132-9652-0b91b69243a6,2026-09-02T23:00:00Z,2026-09-03T01:00:00+0200,636.0,MW,ES,ES,actual_solar_generation,Solar,2026-09-05T16:46:35Z
2026-09-05T16:45:26Z,2026-09-05T18:45:26+0200,cdb92b74-caf5-4132-9652-0b91b69243a6,2026-09-02T23:15:00Z,2026-09-03T01:15:00+0200,636.0,MW,ES,ES,actual_solar_generation,Solar,2026-09-05T16:46:35Z
2026-09-05T16:45:26Z,2026-09-05T18:45:26+0200,cdb92b74-caf5-4132-9652-0b91b69243a6,2026-09-02T23:30:00Z,2026-09-03T01:30:00+0200,636.0,MW,ES,ES,actual_solar_generation,Solar,2026-09-05T16:46:35Z
2026-09-05T16:45:26Z,2026-09-05T18:45:26+0200,cdb92b74-caf5-4132-9652-0b91b69243a6,2026-09-02T23:45:00Z,2026-09-03T01:45:00+0200,636.0,MW,ES,ES,actual_solar_generation,Solar,2026-09-05T16:46:35Z
2026-09-05T16:45:26Z,2026-09-05T18:45:26+0200,cdb92b74-caf5-4132-9652-0b91b69243a6,2026-09-03T00:00:00Z,2026-09-03T02:00:00+0200,636.0,MW,ES,ES,actual_solar_generation,Solar,2026-09-05T16:46:35Z
2026-09-05T16:45:26Z,2026-09-05T18:45:26+0200,cdb92b74-caf5-4132-9652-0b91b69243a6,2026-09-03T00:15:00Z,2026-09-03T02:15:00+0200,636.0,MW,ES,ES,actual_solar_generation,Solar,2026-09-05T16:46:35Z
2026-09-05T16:45:26Z,2026-09-05T18:45:26+0200,cdb92b74-caf5-4132-9652-0b91b69243a6,2026-09-03T00:30:00Z,2026-09-03T02:30:00+0200,636.0,MW,ES,ES,actual_solar_generation,Solar,2026-09-05T16:46:35Z
2026-09-05T16:45:26Z,2026-09-05T18:45:26+0200,cdb92b74-caf5-4132-9652-0b91b69243a6,2026-09-03T00:45:00Z,2026-09-03T02:45:00+0200,636.0,MW,ES,ES,actual_solar_generation,Solar,2026-09-05T16:46:35Z
2026-09-05T16:45:26Z,2026-09-05T18:45:26+0200,cdb92b74-caf5-4132-9652-0b91b69243a6,2026-09-03T01:00:00Z,2026-09-03T03:00:00+0200,632.0,MW,ES,ES,actual_solar_generation,Solar,2026-09-05T16:46:35Z
2026-09-05T16:45:26Z,2026-09-05T18:45:26+0200,cdb92b74-caf5-4132-9652-0b91b69243a6,2026-09-03T01:15:00Z,2026-09-03T03:15:00+0200,628.0,MW,ES,ES,actual_solar_generation,Solar,2026-09-05T16:46:35Z
2026-09-05T16:45:26Z,2026-09-05T18:45:26+0200,cdb92b74-caf5-4132-9652-0b91b69243a6,2026-09-03T01:30:00Z,2026-09-03T03:30:00+0200,608.0,MW,ES,ES,actual_solar_generation,Solar,2026-09-05T16:46:35Z
2026-09-05T16:45:26Z,2026-09-05T18:45:26+0200,cdb92b74-caf5-4132-9652-0b91b69243a6,2026-09-03T01:45:00Z,2026-09-03T03:45:00+0200,596.0,MW,ES,ES,actual_solar_generation,Solar,2026-09-05T16:46:35Z
2026-09-05T16:45:26Z,2026-09-05T18:45:26+0200,cdb92b74-caf5-4132-9652-0b91b69243a6,2026-09-03T02:00:00Z,2026-09-03T04:00:00+0200,576.0,MW,ES,ES,actual_solar_generation,Solar,2026-09-05T16:46:35Z
2026-09-05T16:45:26Z,2026-09-05T18:45:26+0200,cdb92b74-caf5-4132-9652-0b91b69243a6,2026-09-03T02:15:00Z,2026-09-03T04:15:00+0200,560.0,MW,ES,ES,actual_solar_generation,Solar,2026-09-05T16:46:35Z
2026-09-05T16:45:26Z,2026-09-05T18:45:26+0200,cdb92b74-caf5-4132-9652-0b91b69243a6,2026-09-03T02:30:00Z,2026-09-03T04:30:00+0200,532.0,MW,ES,ES,actual_solar_generation,Solar,2026-09-05T16:46:35Z
2026-09-05T16:45:26Z,2026-09-05T18:45:26+0200,cdb92b74-caf5-4132-9652-0b91b69243a6,2026-09-03T02:45:00Z,2026-09-03T04:45:00+0200,484.0,MW,ES,ES,actual_solar_generation,Solar,2026-09-05T16:46:35Z
2026-09-05T16:45:26Z,2026-09-05T18:45:26+0200,cdb92b74-caf5-4132-9652-0b91b69243a6,2026-09-03T03:00:00Z,2026-09-03T05:00:00+0200,456.0,MW,ES,ES,actual_solar_generation,Solar,2026-09-05T16:46:35Z
2026-09-05T16:45:26Z,2026-09-05T18:45:26+0200,cdb92b74-caf5-4132-9652-0b91b69243a6,2026-09-03T03:15:00Z,2026-09-03T05:15:00+0200,404.0,MW,ES,ES,actual_solar_generation,Solar,2026-09-05T16:46:35Z
2026-09-05T16:45:26Z,2026-09-05T18:45:26+0200,cdb92b74-caf5-4132-9652-0b91b69243a6,2026-09-03T03:30:00Z,2026-09-03T05:30:00+0200,340.0,MW,ES,ES,actual_solar_generation,Solar,2026-09-05T16:46:35Z
2026-09-05T16:45:26Z,2026-09-05T18:45:26+0200,cdb92b74-caf5-4132-9652-0b91b69243a6,2026-09-03T03:45:00Z,2026-09-03T05:45:00+0200,288.0,MW,ES,ES,actual_solar_generation,Solar,2026-09-05T16:46:35Z
2026-09-05T16:45:26Z,2026-09-05T18:45:26+0200,cdb92b74-caf5-4132-9652-0b91b69243a6,2026-09-03T04:00:00Z,2026-09-03T06:00:00+0200,272.0,MW,ES,ES,actual_solar_generation,Solar,2026-09-05T16:46:35Z
2026-09-05T16:45:26Z,2026-09-05T18:45:26+0200,cdb92b74-caf5-4132-9652-0b91b69243a6,2026-09-03T04:15:00Z,2026-09-03T06:15:00+0200,256.0,MW,ES,ES,actual_solar_generation,Solar,2026-09-05T16:46:35Z
2026-09-05T16:45:26Z,2026-09-05T18:45:26+0200,cdb92b74-caf5-4132-9652-0b91b69243a6,2026-09-03T04:30:00Z,2026-09-03T06:30:00+0200,252.0,MW,ES,ES,actual_solar_generation,Solar,2026-09-05T16:46:35Z
2026-09-05T16:45:26Z,2026-09-05T18:45:26+0200,cdb92b74-caf5-4132-9652-0b91b69243a6,2026-09-03T04:45:00Z,2026-09-03T06:45:00+0200,252.0,MW,ES,ES,actual_solar_generation,Solar,2026-09-05T16:46:35Z
2026-09-05T16:45:26Z,2026-09-05T18:45:26+0200,cdb92b74-caf5-4132-9652-0b91b69243a6,2026-09-03T05:00:00Z,2026-09-03T07:00:00+0200,252.0,MW,ES,ES,actual_solar_generation,Solar,2026-09-05T16:46:35Z
2026-09-05T16:45:26Z,2026-09-05T18:45:26+0200,cdb92b74-caf5-4132-9652-0b91b69243a6,2026-09-03T05:15:00Z,2026-09-03T07:15:00+0200,248.0,MW,ES,ES,actual_solar_generation,Solar,2026-09-05T16:46:35Z
2026-09-05T16:45:26Z,2026-09-05T18:45:26+0200,cdb92b74-caf5-4132-9652-0b91b69243a6,2026-09-03T05:30:00Z,2026-09-03T07:30:00+0200,256.0,MW,ES,ES,actual_solar_generation,Solar,2026-09-05T16:46:35Z
2026-09-05T16:45:26Z,2026-09-05T18:45:26+0200,cdb92b74-caf5-4132-9652-0b91b69243a6,2026-09-03T05:45:00Z,2026-09-03T07:45:00+0200,476.0,MW,ES,ES,actual_solar_generation,Solar,2026-09-05T16:46:35Z
2026-09-05T16:45:26Z,2026-09-05T18:45:26+0200,cdb92b74-caf5-4132-9652-0b91b69243a6,2026-09-03T06:00:00Z,2026-09-03T08:00:00+0200,1364.0,MW,ES,ES,actual_solar_generation,Solar,2026-09-05T16:46:35Z
2026-09-05T16:45:26Z,2026-09-05T18:45:26+0200,cdb92b74-caf5-4132-9652-0b91b69243a6,2026-09-03T06:15:00Z,2026-09-03T08:15:00+0200,3216.0,MW,ES,ES,actual_solar_generation,Solar,2026-09-05T16:46:35Z
2026-09-05T16:45:26Z,2026-09-05T18:45:26+0200,cdb92b74-caf5-4132-9652-0b91b69243a6,2026-09-03T06:30:00Z,2026-09-03T08:30:00+0200,6008.0,MW,ES,ES,actual_solar_generation,Solar,2026-09-05T16:46:35Z
2026-09-05T16:45:26Z,2026-09-05T18:45:26+0200,cdb92b74-caf5-4132-9652-0b91b69243a6,2026-09-03T06:45:00Z,2026-09-03T08:45:00+0200,9284.0,MW,ES,ES,actual_solar_generation,Solar,2026-09-05T16:46:35Z
2026-09-05T16:45:26Z,2026-09-05T18:45:26+0200,cdb92b74-caf5-4132-9652-0b91b69243a6,2026-09-03T07:00:00Z,2026-09-03T09:00:00+0200,12720.0,MW,ES,ES,actual_solar_generation,Solar,2026-09-05T16:46:35Z
2026-09-05T16:45:26Z,2026-09-05T18:45:26+0200,cdb92b74-caf5-4132-9652-0b91b69243a6,2026-09-03T07:15:00Z,2026-09-03T09:15:00+0200,16236.0,MW,ES,ES,actual_solar_generation,Solar,2026-09-05T16:46:35Z
2026-09-05T16:45:26Z,2026-09-05T18:45:26+0200,cdb92b74-caf5-4132-9652-0b91b69243a6,2026-09-03T07:30:00Z,2026-09-03T09:30:00+0200,19480.0,MW,ES,ES,actual_solar_generation,Solar,2026-09-05T16:46:35Z
2026-09-05T16:45:26Z,2026-09-05T18:45:26+0200,cdb92b74-caf5-4132-9652-0b91b69243a6,2026-09-03T07:45:00Z,2026-09-03T09:45:00+0200,22240.0,MW,ES,ES,actual_solar_generation,Solar,2026-09-05T16:46:35Z
2026-09-05T16:45:26Z,2026-09-05T18:45:26+0200,cdb92b74-caf5-4132-9652-0b91b69243a6,2026-09-03T08:00:00Z,2026-09-03T10:00:00+0200,23860.0,MW,ES,ES,actual_solar_generation,Solar,2026-09-05T16:46:35Z
2026-09-05T16:45:26Z,2026-09-05T18:45:26+0200,cdb92b74-caf5-4132-9652-0b91b69243a6,2026-09-03T08:15:00Z,2026-09-03T10:15:00+0200,25480.0,MW,ES,ES,actual_solar_generation,Solar,2026-09-05T16:46:35Z
2026-09-05T16:45:26Z,2026-09-05T18:45:26+0200,cdb92b74-caf5-4132-9652-0b91b69243a6,2026-09-03T08:30:00Z,2026-09-03T10:30:00+0200,26668.0,MW,ES,ES,actual_solar_generation,Solar,2026-09-05T16:46:35Z
2026-09-05T16:45:26Z,2026-09-05T18:45:26+0200,cdb92b74-caf5-4132-9652-0b91b69243a6,2026-09-03T08:45:00Z,2026-09-03T10:45:00+0200,27180.0,MW,ES,ES,actual_solar_generation,Solar,2026-09-05T16:46:35Z
2026-09-05T16:45:26Z,2026-09-05T18:45:26+0200,cdb92b74-caf5-4132-9652-0b91b69243a6,2026-09-03T09:00:00Z,2026-09-03T11:00:00+0200,27708.0,MW,ES,ES,actual_solar_generation,Solar,2026-09-05T16:46:35Z
2026-09-05T16:45:26Z,2026-09-05T18:45:26+0200,cdb92b74-caf5-4132-9652-0b91b69243a6,2026-09-03T09:15:00Z,2026-09-03T11:15:00+0200,28396.0,MW,ES,ES,actual_solar_generation,Solar,2026-09-05T16:46:35Z
2026-09-05T16:45:26Z,2026-09-05T18:45:26+0200,cdb92b74-caf5-4132-9652-0b91b69243a6,2026-09-03T09:30:00Z,2026-09-03T11:30:00+0200,28704.0,MW,ES,ES,actual_solar_generation,Solar,2026-09-05T16:46:35Z
2026-09-05T16:45:26Z,2026-09-05T18:45:26+0200,cdb92b74-caf5-4132-9652-0b91b69243a6,2026-09-03T09:45:00Z,2026-09-03T11:45:00+0200,28900.0,MW,ES,ES,actual_solar_generation,Solar,2026-09-05T16:46:35Z
2026-09-05T16:45:26Z,2026-09-05T18:45:26+0200,cdb92b74-caf5-4132-9652-0b91b69243a6,2026-09-03T10:00:00Z,2026-09-03T12:00:00+0200,28868.0,MW,ES,ES,actual_solar_generation,Solar,2026-09-05T16:46:35Z
2026-09-05T16:45:26Z,2026-09-05T18:45:26+0200,cdb92b74-caf5-4132-9652-0b91b69243a6,2026-09-03T10:15:00Z,2026-09-03T12:15:00+0200,28956.0,MW,ES,ES,actual_solar_generation,Solar,2026-09-05T16:46:35Z
2026-09-05T16:45:26Z,2026-09-05T18:45:26+0200,cdb92b74-caf5-4132-9652-0b91b69243a6,2026-09-03T10:30:00Z,2026-09-03T12:30:00+0200,28996.0,MW,ES,ES,actual_solar_generation,Solar,2026-09-05T16:46:35Z
2026-09-05T16:45:26Z,2026-09-05T18:45:26+0200,cdb92b74-caf5-4132-9652-0b91b69243a6,2026-09-03T10:45:00Z,2026-09-03T12:45:00+0200,28948.0,MW,ES,ES,actual_solar_generation,Solar,2026-09-05T16:46:35Z
2026-09-05T16:45:26Z,2026-09-05T18:45:26+0200,cdb92b74-caf5-4132-9652-0b91b69243a6,2026-09-03T11:00:00Z,2026-09-03T13:00:00+0200,29416.0,MW,ES,ES,actual_solar_generation,Solar,2026-09-05T16:46:35Z
2026-09-05T16:45:26Z,2026-09-05T18:45:26+0200,cdb92b74-caf5-4132-9652-0b91b69243a6,2026-09-03T11:15:00Z,2026-09-03T13:15:00+0200,29612.0,MW,ES,ES,actual_solar_generation,Solar,2026-09-05T16:46:35Z
2026-09-05T16:45:26Z,2026-09-05T18:45:26+0200,cdb92b74-caf5-4132-9652-0b91b69243a6,2026-09-03T11:30:00Z,2026-09-03T13:30:00+0200,29808.0,MW,ES,ES,actual_solar_generation,Solar,2026-09-05T16:46:35Z
2026-09-05T16:45:26Z,2026-09-05T18:45:26+0200,cdb92b74-caf5-4132-9652-0b91b69243a6,2026-09-03T11:45:00Z,2026-09-03T13:45:00+0200,29876.0,MW,ES,ES,actual_solar_generation,Solar,2026-09-05T16:46:35Z
2026-09-05T16:45:26Z,2026-09-05T18:45:26+0200,cdb92b74-caf5-4132-9652-0b91b69243a6,2026-09-03T12:00:00Z,2026-09-03T14:00:00+0200,29724.0,MW,ES,ES,actual_solar_generation,Solar,2026-09-05T16:46:35Z
2026-09-05T16:45:26Z,2026-09-05T18:45:26+0200,cdb92b74-caf5-4132-9652-0b91b69243a6,2026-09-03T12:15:00Z,2026-09-03T14:15:00+0200,29784.0,MW,ES,ES,actual_solar_generation,Solar,2026-09-05T16:46:35Z
2026-09-05T16:45:26Z,2026-09-05T18:45:26+0200,cdb92b74-caf5-4132-9652-0b91b69243a6,2026-09-03T12:30:00Z,2026-09-03T14:30:00+0200,29848.0,MW,ES,ES,actual_solar_generation,Solar,2026-09-05T16:46:35Z
2026-09-05T16:45:26Z,2026-09-05T18:45:26+0200,cdb92b74-caf5-4132-9652-0b91b69243a6,2026-09-03T12:45:00Z,2026-09-03T14:45:00+0200,29356.0,MW,ES,ES,actual_solar_generation,Solar,2026-09-05T16:46:35Z
2026-09-05T16:45:26Z,2026-09-05T18:45:26+0200,cdb92b74-caf5-4132-9652-0b91b69243a6,2026-09-03T13:00:00Z,2026-09-03T15:00:00+0200,29068.0,MW,ES,ES,actual_solar_generation,Solar,2026-09-05T16:46:35Z
2026-09-05T16:45:26Z,2026-09-05T18:45:26+0200,cdb92b74-caf5-4132-9652-0b91b69243a6,2026-09-03T13:15:00Z,2026-09-03T15:15:00+0200,29316.0,MW,ES,ES,actual_solar_generation,Solar,2026-09-05T16:46:35Z
2026-09-05T16:45:26Z,2026-09-05T18:45:26+0200,cdb92b74-caf5-4132-9652-0b91b69243a6,2026-09-03T13:30:00Z,2026-09-03T15:30:00+0200,29432.0,MW,ES,ES,actual_solar_generation,Solar,2026-09-05T16:46:35Z
2026-09-05T16:45:26Z,2026-09-05T18:45:26+0200,cdb92b74-caf5-4132-9652-0b91b69243a6,2026-09-03T13:45:00Z,2026-09-03T15:45:00+0200,29016.0,MW,ES,ES,actual_solar_generation,Solar,2026-09-05T16:46:35Z
2026-09-05T16:45:26Z,2026-09-05T18:45:26+0200,cdb92b74-caf5-4132-9652-0b91b69243a6,2026-09-03T14:00:00Z,2026-09-03T16:00:00+0200,28680.0,MW,ES,ES,actual_solar_generation,Solar,2026-09-05T16:46:35Z
2026-09-05T16:45:26Z,2026-09-05T18:45:26+0200,cdb92b74-caf5-4132-9652-0b91b69243a6,2026-09-03T14:15:00Z,2026-09-03T16:15:00+0200,28796.0,MW,ES,ES,actual_solar_generation,Solar,2026-09-05T16:46:35Z
2026-09-05T16:45:26Z,2026-09-05T18:45:26+0200,cdb92b74-caf5-4132-9652-0b91b69243a6,2026-09-03T14:30:00Z,2026-09-03T16:30:00+0200,28496.0,MW,ES,ES,actual_solar_generation,Solar,2026-09-05T16:46:35Z
2026-09-05T16:45:26Z,2026-09-05T18:45:26+0200,cdb92b74-caf5-4132-9652-0b91b69243a6,2026-09-03T14:45:00Z,2026-09-03T16:45:00+0200,27984.0,MW,ES,ES,actual_solar_generation,Solar,2026-09-05T16:46:35Z
2026-09-05T16:45:26Z,2026-09-05T18:45:26+0200,cdb92b74-caf5-4132-9652-0b91b69243a6,2026-09-03T15:00:00Z,2026-09-03T17:00:00+0200,27256.0,MW,ES,ES,actual_solar_generation,Solar,2026-09-05T16:46:35Z
2026-09-05T16:45:26Z,2026-09-05T18:45:26+0200,cdb92b74-caf5-4132-9652-0b91b69243a6,2026-09-03T15:15:00Z,2026-09-03T17:15:00+0200,26868.0,MW,ES,ES,actual_solar_generation,Solar,2026-09-05T16:46:35Z
2026-09-05T16:45:26Z,2026-09-05T18:45:26+0200,cdb92b74-caf5-4132-9652-0b91b69243a6,2026-09-03T15:30:00Z,2026-09-03T17:30:00+0200,26492.0,MW,ES,ES,actual_solar_generation,Solar,2026-09-05T16:46:35Z
2026-09-05T16:45:26Z,2026-09-05T18:45:26+0200,cdb92b74-caf5-4132-9652-0b91b69243a6,2026-09-03T15:45:00Z,2026-09-03T17:45:00+0200,25812.0,MW,ES,ES,actual_solar_generation,Solar,2026-09-05T16:46:35Z
2026-09-05T16:45:26Z,2026-09-05T18:45:26+0200,cdb92b74-caf5-4132-9652-0b91b69243a6,2026-09-03T16:00:00Z,2026-09-03T18:00:00+0200,24872.0,MW,ES,ES,actual_solar_generation,Solar,2026-09-05T16:46:35Z
2026-09-05T16:45:26Z,2026-09-05T18:45:26+0200,cdb92b74-caf5-4132-9652-0b91b69243a6,2026-09-03T16:15:00Z,2026-09-03T18:15:00+0200,23824.0,MW,ES,ES,actual_solar_generation,Solar,2026-09-05T16:46:35Z
2026-09-05T16:45:26Z,2026-09-05T18:45:26+0200,cdb92b74-caf5-4132-9652-0b91b69243a6,2026-09-03T16:30:00Z,2026-09-03T18:30:00+0200,21832.0,MW,ES,ES,actual_solar_generation,Solar,2026-09-05T16:46:35Z
2026-09-05T16:45:26Z,2026-09-05T18:45:26+0200,cdb92b74-caf5-4132-9652-0b91b69243a6,2026-09-03T16:45:00Z,2026-09-03T18:45:00+0200,19432.0,MW,ES,ES,actual_solar_generation,Solar,2026-09-05T16:46:35Z
2026-09-05T16:45:26Z,2026-09-05T18:45:26+0200,cdb92b74-caf5-4132-9652-0b91b69243a6,2026-09-03T17:00:00Z,2026-09-03T19:00:00+0200,16672.0,MW,ES,ES,actual_solar_generation,Solar,2026-09-05T16:46:35Z
2026-09-05T16:45:26Z,2026-09-05T18:45:26+0200,cdb92b74-caf5-4132-9652-0b91b69243a6,2026-09-03T17:15:00Z,2026-09-03T19:15:00+0200,13340.0,MW,ES,ES,actual_solar_generation,Solar,2026-09-05T16:46:35Z
2026-09-05T16:45:26Z,2026-09-05T18:45:26+0200,cdb92b74-caf5-4132-9652-0b91b69243a6,2026-09-03T17:30:00Z,2026-09-03T19:30:00+0200,9812.0,MW,ES,ES,actual_solar_generation,Solar,2026-09-05T16:46:35Z
2026-09-05T16:45:26Z,2026-09-05T18:45:26+0200,cdb92b74-caf5-4132-9652-0b91b69243a6,2026-09-03T17:45:00Z,2026-09-03T19:45:00+0200,6648.0,MW,ES,ES,actual_solar_generation,Solar,2026-09-05T16:46:35Z
2026-09-05T16:45:26Z,2026-09-05T18:45:26+0200,cdb92b74-caf5-4132-9652-0b91b69243a6,2026-09-03T18:00:00Z,2026-09-03T20:00:00+0200,4104.0,MW,ES,ES,actual_solar_generation,Solar,2026-09-05T16:46:35Z
2026-09-05T16:45:26Z,2026-09-05T18:45:26+0200,cdb92b74-caf5-4132-9652-0b91b69243a6,2026-09-03T18:15:00Z,2026-09-03T20:15:00+0200,2240.0,MW,ES,ES,actual_solar_generation,Solar,2026-09-05T16:46:35Z
2026-09-05T16:45:26Z,2026-09-05T18:45:26+0200,cdb92b74-caf5-4132-9652-0b91b69243a6,2026-09-03T18:30:00Z,2026-09-03T20:30:00+0200,1252.0,MW,ES,ES,actual_solar_generation,Solar,2026-09-05T16:46:35Z
2026-09-05T16:45:26Z,2026-09-05T18:45:26+0200,cdb92b74-caf5-4132-9652-0b91b69243a6,2026-09-03T18:45:00Z,2026-09-03T20:45:00+0200,792.0,MW,ES,ES,actual_solar_generation,Solar,2026-09-05T16:46:35Z
2026-09-05T16:45:26Z,2026-09-05T18:45:26+0200,cdb92b74-caf5-4132-9652-0b91b69243a6,2026-09-03T19:00:00Z,2026-09-03T21:00:00+0200,668.0,MW,ES,ES,actual_solar_generation,Solar,2026-09-05T16:46:35Z
2026-09-05T16:45:26Z,2026-09-05T18:45:26+0200,cdb92b74-caf5-4132-9652-0b91b69243a6,2026-09-03T19:15:00Z,2026-09-03T21:15:00+0200,644.0,MW,ES,ES,actual_solar_generation,Solar,2026-09-05T16:46:35Z
2026-09-05T16:45:26Z,2026-09-05T18:45:26+0200,cdb92b74-caf5-4132-9652-0b91b69243a6,2026-09-03T19:30:00Z,2026-09-03T21:30:00+0200,632.0,MW,ES,ES,actual_solar_generation,Solar,2026-09-05T16:46:35Z
2026-09-05T16:45:26Z,2026-09-05T18:45:26+0200,cdb92b74-caf5-4132-9652-0b91b69243a6,2026-09-03T19:45:00Z,2026-09-03T21:45:00+0200,628.0,MW,ES,ES,actual_solar_generation,Solar,2026-09-05T16:46:35Z
2026-09-05T16:45:26Z,2026-09-05T18:45:26+0200,cdb92b74-caf5-4132-9652-0b91b69243a6,2026-09-03T20:00:00Z,2026-09-03T22:00:00+0200,628.0,MW,ES,ES,actual_solar_generation,Solar,2026-09-05T16:46:35Z
2026-09-05T16:45:26Z,2026-09-05T18:45:26+0200,cdb92b74-caf5-4132-9652-0b91b69243a6,2026-09-03T20:15:00Z,2026-09-03T22:15:00+0200,628.0,MW,ES,ES,actual_solar_generation,Solar,2026-09-05T16:46:35Z
2026-09-05T16:45:26Z,2026-09-05T18:45:26+0200,cdb92b74-caf5-4132-9652-0b91b69243a6,2026-09-03T20:30:00Z,2026-09-03T22:30:00+0200,628.0,MW,ES,ES,actual_solar_generation,Solar,2026-09-05T16:46:35Z
2026-09-05T16:45:26Z,2026-09-05T18:45:26+0200,cdb92b74-caf5-4132-9652-0b91b69243a6,2026-09-03T20:45:00Z,2026-09-03T22:45:00+0200,624.0,MW,ES,ES,actual_solar_generation,Solar,2026-09-05T16:46:35Z
2026-09-05T16:45:26Z,2026-09-05T18:45:26+0200,cdb92b74-caf5-4132-9652-0b91b69243a6,2026-09-03T21:00:00Z,2026-09-03T23:00:00+0200,624.0,MW,ES,ES,actual_solar_generation,Solar,2026-09-05T16:46:35Z
2026-09-05T16:45:26Z,2026-09-05T18:45:26+0200,cdb92b74-caf5-4132-9652-0b91b69243a6,2026-09-03T21:15:00Z,2026-09-03T23:15:00+0200,624.0,MW,ES,ES,actual_solar_generation,Solar,2026-09-05T16:46:35Z
2026-09-05T16:45:26Z,2026-09-05T18:45:26+0200,cdb92b74-caf5-4132-9652-0b91b69243a6,2026-09-03T21:30:00Z,2026-09-03T23:30:00+0200,628.0,MW,ES,ES,actual_solar_generation,Solar,2026-09-05T16:46:35Z
2026-09-05T16:45:26Z,2026-09-05T18:45:26+0200,cdb92b74-caf5-4132-9652-0b91b69243a6,2026-09-03T21:45:00Z,2026-09-03T23:45:00+0200,628.0,MW,ES,ES,actual_solar_generation,Solar,2026-09-05T16:46:35Z
2026-09-05T16:45:26Z,2026-09-05T18:45:26+0200,cdb92b74-caf5-4132-9652-0b91b69243a6,2026-09-03T22:00:00Z,2026-09-04T00:00:00+0200,624.0,MW,ES,ES,actual_solar_generation,Solar,2026-09-05T16:46:35Z
2026-09-05T16:45:26Z,2026-09-05T18:45:26+0200,cdb92b74-caf5-4132-9652-0b91b69243a6,2026-09-03T22:15:00Z,2026-09-04T00:15:00+0200,624.0,MW,ES,ES,actual_solar_generation,Solar,2026-09-05T16:46:35Z
2026-09-05T16:45:26Z,2026-09-05T18:45:26+0200,cdb92b74-caf5-4132-9652-0b91b69243a6,2026-09-03T22:30:00Z,2026-09-04T00:30:00+0200,624.0,MW,ES,ES,actual_solar_generation,Solar,2026-09-05T16:46:35Z
2026-09-05T16:45:26Z,2026-09-05T18:45:26+0200,cdb92b74-caf5-4132-9652-0b91b69243a6,2026-09-03T22:45:00Z,2026-09-04T00:45:00+0200,624.0,MW,ES,ES,actual_solar_generation,Solar,2026-09-05T16:46:35Z
2026-09-05T16:45:26Z,2026-09-05T18:45:26+0200,cdb92b74-caf5-4132-9652-0b91b69243a6,2026-09-03T23:00:00Z,2026-09-04T01:00:00+0200,624.0,MW,ES,ES,actual_solar_generation,Solar,2026-09-05T16:46:35Z
2026-09-05T16:45:26Z,2026-09-05T18:45:26+0200,cdb92b74-caf5-4132-9652-0b91b69243a6,2026-09-03T23:15:00Z,2026-09-04T01:15:00+0200,624.0,MW,ES,ES,actual_solar_generation,Solar,2026-09-05T16:46:35Z
2026-09-05T16:45:26Z,2026-09-05T18:45:26+0200,cdb92b74-caf5-4132-9652-0b91b69243a6,2026-09-03T23:30:00Z,2026-09-04T01:30:00+0200,624.0,MW,ES,ES,actual_solar_generation,Solar,2026-09-05T16:46:35Z
2026-09-05T16:45:26Z,2026-09-05T18:45:26+0200,cdb92b74-caf5-4132-9652-0b91b69243a6,2026-09-03T23:45:00Z,2026-09-04T01:45:00+0200,624.0,MW,ES,ES,actual_solar_generation,Solar,2026-09-05T16:46:35Z
2026-09-05T16:45:26Z,2026-09-05T18:45:26+0200,cdb92b74-caf5-4132-9652-0b91b69243a6,2026-09-04T00:00:00Z,2026-09-04T02:00:00+0200,624.0,MW,ES,ES,actual_solar_generation,Solar,2026-09-05T16:46:35Z
2026-09-05T16:45:26Z,2026-09-05T18:45:26+0200,cdb92b74-caf5-4132-9652-0b91b69243a6,2026-09-04T00:15:00Z,2026-09-04T02:15:00+0200,624.0,MW,ES,ES,actual_solar_generation,Solar,2026-09-05T16:46:35Z
2026-09-05T16:45:26Z,2026-09-05T18:45:26+0200,cdb92b74-caf5-4132-9652-0b91b69243a6,2026-09-04T00:30:00Z,2026-09-04T02:30:00+0200,612.0,MW,ES,ES,actual_solar_generation,Solar,2026-09-05T16:46:35Z
2026-09-05T16:45:26Z,2026-09-05T18:45:26+0200,cdb92b74-caf5-4132-9652-0b91b69243a6,2026-09-04T00:45:00Z,2026-09-04T02:45:00+0200,568.0,MW,ES,ES,actual_solar_generation,Solar,2026-09-05T16:46:35Z
2026-09-05T16:45:26Z,2026-09-05T18:45:26+0200,cdb92b74-caf5-4132-9652-0b91b69243a6,2026-09-04T01:00:00Z,2026-09-04T03:00:00+0200,520.0,MW,ES,ES,actual_solar_generation,Solar,2026-09-05T16:46:35Z
2026-09-05T16:45:26Z,2026-09-05T18:45:26+0200,cdb92b74-caf5-4132-9652-0b91b69243a6,2026-09-04T01:15:00Z,2026-09-04T03:15:00+0200,472.0,MW,ES,ES,actual_solar_generation,Solar,2026-09-05T16:46:35Z
2026-09-05T16:45:26Z,2026-09-05T18:45:26+0200,cdb92b74-caf5-4132-9652-0b91b69243a6,2026-09-04T01:30:00Z,2026-09-04T03:30:00+0200,452.0,MW,ES,ES,actual_solar_generation,Solar,2026-09-05T16:46:35Z
2026-09-05T16:45:26Z,2026-09-05T18:45:26+0200,cdb92b74-caf5-4132-9652-0b91b69243a6,2026-09-04T01:45:00Z,2026-09-04T03:45:00+0200,416.0,MW,ES,ES,actual_solar_generation,Solar,2026-09-05T16:46:35Z
2026-09-05T16:45:26Z,2026-09-05T18:45:26+0200,cdb92b74-caf5-4132-9652-0b91b69243a6,2026-09-04T02:00:00Z,2026-09-04T04:00:00+0200,348.0,MW,ES,ES,actual_solar_generation,Solar,2026-09-05T16:46:35Z
2026-09-05T16:45:26Z,2026-09-05T18:45:26+0200,cdb92b74-caf5-4132-9652-0b91b69243a6,2026-09-04T02:15:00Z,2026-09-04T04:15:00+0200,292.0,MW,ES,ES,actual_solar_generation,Solar,2026-09-05T16:46:35Z
2026-09-05T16:45:26Z,2026-09-05T18:45:26+0200,cdb92b74-caf5-4132-9652-0b91b69243a6,2026-09-04T02:30:00Z,2026-09-04T04:30:00+0200,232.0,MW,ES,ES,actual_solar_generation,Solar,2026-09-05T16:46:35Z
2026-09-05T16:45:26Z,2026-09-05T18:45:26+0200,cdb92b74-caf5-4132-9652-0b91b69243a6,2026-09-04T02:45:00Z,2026-09-04T04:45:00+0200,220.0,MW,ES,ES,actual_solar_generation,Solar,2026-09-05T16:46:35Z
2026-09-05T16:45:26Z,2026-09-05T18:45:26+0200,cdb92b74-caf5-4132-9652-0b91b69243a6,2026-09-04T03:00:00Z,2026-09-04T05:00:00+0200,216.0,MW,ES,ES,actual_solar_generation,Solar,2026-09-05T16:46:35Z
2026-09-05T16:45:26Z,2026-09-05T18:45:26+0200,cdb92b74-caf5-4132-9652-0b91b69243a6,2026-09-04T03:15:00Z,2026-09-04T05:15:00+0200,184.0,MW,ES,ES,actual_solar_generation,Solar,2026-09-05T16:46:35Z
2026-09-05T16:45:26Z,2026-09-05T18:45:26+0200,cdb92b74-caf5-4132-9652-0b91b69243a6,2026-09-04T03:30:00Z,2026-09-04T05:30:00+0200,144.0,MW,ES,ES,actual_solar_generation,Solar,2026-09-05T16:46:35Z
2026-09-05T16:45:26Z,2026-09-05T18:45:26+0200,cdb92b74-caf5-4132-9652-0b91b69243a6,2026-09-04T03:45:00Z,2026-09-04T05:45:00+0200,120.0,MW,ES,ES,actual_solar_generation,Solar,2026-09-05T16:46:35Z
2026-09-05T16:45:26Z,2026-09-05T18:45:26+0200,cdb92b74-caf5-4132-9652-0b91b69243a6,2026-09-04T04:00:00Z,2026-09-04T06:00:00+0200,104.0,MW,ES,ES,actual_solar_generation,Solar,2026-09-05T16:46:35Z
2026-09-05T16:45:26Z,2026-09-05T18:45:26+0200,cdb92b74-caf5-4132-9652-0b91b69243a6,2026-09-04T04:15:00Z,2026-09-04T06:15:00+0200,104.0,MW,ES,ES,actual_solar_generation,Solar,2026-09-05T16:46:35Z
2026-09-05T16:45:26Z,2026-09-05T18:45:26+0200,cdb92b74-caf5-4132-9652-0b91b69243a6,2026-09-04T04:30:00Z,2026-09-04T06:30:00+0200,104.0,MW,ES,ES,actual_solar_generation,Solar,2026-09-05T16:46:35Z
2026-09-05T16:45:26Z,2026-09-05T18:45:26+0200,cdb92b74-caf5-4132-9652-0b91b69243a6,2026-09-04T04:45:00Z,2026-09-04T06:45:00+0200,100.0,MW,ES,ES,actual_solar_generation,Solar,2026-09-05T16:46:35Z
2026-09-05T16:45:26Z,2026-09-05T18:45:26+0200,cdb92b74-caf5-4132-9652-0b91b69243a6,2026-09-04T05:00:00Z,2026-09-04T07:00:00+0200,104.0,MW,ES,ES,actual_solar_generation,Solar,2026-09-05T16:46:35Z
2026-09-05T16:45:26Z,2026-09-05T18:45:26+0200,cdb92b74-caf5-4132-9652-0b91b69243a6,2026-09-04T05:15:00Z,2026-09-04T07:15:00+0200,116.0,MW,ES,ES,actual_solar_generation,Solar,2026-09-05T16:46:35Z
2026-09-05T16:45:26Z,2026-09-05T18:45:26+0200,cdb92b74-caf5-4132-9652-0b91b69243a6,2026-09-04T05:30:00Z,2026-09-04T07:30:00+0200,196.0,MW,ES,ES,actual_solar_generation,Solar,2026-09-05T16:46:35Z
2026-09-05T16:45:26Z,2026-09-05T18:45:26+0200,cdb92b74-caf5-4132-9652-0b91b69243a6,2026-09-04T05:45:00Z,2026-09-04T07:45:00+0200,548.0,MW,ES,ES,actual_solar_generation,Solar,2026-09-05T16:46:35Z
2026-09-05T16:45:26Z,2026-09-05T18:45:26+0200,cdb92b74-caf5-4132-9652-0b91b69243a6,2026-09-04T06:00:00Z,2026-09-04T08:00:00+0200,1480.0,MW,ES,ES,actual_solar_generation,Solar,2026-09-05T16:46:35Z
2026-09-05T16:45:26Z,2026-09-05T18:45:26+0200,cdb92b74-caf5-4132-9652-0b91b69243a6,2026-09-04T06:15:00Z,2026-09-04T08:15:00+0200,3268.0,MW,ES,ES,actual_solar_generation,Solar,2026-09-05T16:46:35Z
2026-09-05T16:45:26Z,2026-09-05T18:45:26+0200,cdb92b74-caf5-4132-9652-0b91b69243a6,2026-09-04T06:30:00Z,2026-09-04T08:30:00+0200,5784.0,MW,ES,ES,actual_solar_generation,Solar,2026-09-05T16:46:35Z
2026-09-05T16:45:26Z,2026-09-05T18:45:26+0200,cdb92b74-caf5-4132-9652-0b91b69243a6,2026-09-04T06:45:00Z,2026-09-04T08:45:00+0200,8716.0,MW,ES,ES,actual_solar_generation,Solar,2026-09-05T16:46:35Z
2026-09-05T16:45:26Z,2026-09-05T18:45:26+0200,cdb92b74-caf5-4132-9652-0b91b69243a6,2026-09-04T07:00:00Z,2026-09-04T09:00:00+0200,11628.0,MW,ES,ES,actual_solar_generation,Solar,2026-09-05T16:46:35Z
2026-09-05T16:45:26Z,2026-09-05T18:45:26+0200,cdb92b74-caf5-4132-9652-0b91b69243a6,2026-09-04T07:15:00Z,2026-09-04T09:15:00+0200,14384.0,MW,ES,ES,actual_solar_generation,Solar,2026-09-05T16:46:35Z
2026-09-05T16:45:26Z,2026-09-05T18:45:26+0200,cdb92b74-caf5-4132-9652-0b91b69243a6,2026-09-04T07:30:00Z,2026-09-04T09:30:00+0200,17360.0,MW,ES,ES,actual_solar_generation,Solar,2026-09-05T16:46:35Z
2026-09-05T16:45:26Z,2026-09-05T18:45:26+0200,cdb92b74-caf5-4132-9652-0b91b69243a6,2026-09-04T07:45:00Z,2026-09-04T09:45:00+0200,20204.0,MW,ES,ES,actual_solar_generation,Solar,2026-09-05T16:46:35Z
2026-09-05T16:45:26Z,2026-09-05T18:45:26+0200,cdb92b74-caf5-4132-9652-0b91b69243a6,2026-09-04T08:00:00Z,2026-09-04T10:00:00+0200,21984.0,MW,ES,ES,actual_solar_generation,Solar,2026-09-05T16:46:35Z
2026-09-05T16:45:26Z,2026-09-05T18:45:26+0200,cdb92b74-caf5-4132-9652-0b91b69243a6,2026-09-04T08:15:00Z,2026-09-04T10:15:00+0200,23376.0,MW,ES,ES,actual_solar_generation,Solar,2026-09-05T16:46:35Z
2026-09-05T16:45:26Z,2026-09-05T18:45:26+0200,cdb92b74-caf5-4132-9652-0b91b69243a6,2026-09-04T08:30:00Z,2026-09-04T10:30:00+0200,24336.0,MW,ES,ES,actual_solar_generation,Solar,2026-09-05T16:46:35Z
2026-09-05T16:45:26Z,2026-09-05T18:45:26+0200,cdb92b74-caf5-4132-9652-0b91b69243a6,2026-09-04T08:45:00Z,2026-09-04T10:45:00+0200,25272.0,MW,ES,ES,actual_solar_generation,Solar,2026-09-05T16:46:35Z
2026-09-05T16:45:26Z,2026-09-05T18:45:26+0200,cdb92b74-caf5-4132-9652-0b91b69243a6,2026-09-04T09:00:00Z,2026-09-04T11:00:00+0200,26064.0,MW,ES,ES,actual_solar_generation,Solar,2026-09-05T16:46:35Z
2026-09-05T16:45:26Z,2026-09-05T18:45:26+0200,cdb92b74-caf5-4132-9652-0b91b69243a6,2026-09-04T09:15:00Z,2026-09-04T11:15:00+0200,26564.0,MW,ES,ES,actual_solar_generation,Solar,2026-09-05T16:46:35Z
2026-09-05T16:45:26Z,2026-09-05T18:45:26+0200,cdb92b74-caf5-4132-9652-0b91b69243a6,2026-09-04T09:30:00Z,2026-09-04T11:30:00+0200,26812.0,MW,ES,ES,actual_solar_generation,Solar,2026-09-05T16:46:35Z
2026-09-05T16:45:26Z,2026-09-05T18:45:26+0200,cdb92b74-caf5-4132-9652-0b91b69243a6,2026-09-04T09:45:00Z,2026-09-04T11:45:00+0200,27044.0,MW,ES,ES,actual_solar_generation,Solar,2026-09-05T16:46:35Z
2026-09-05T16:45:26Z,2026-09-05T18:45:26+0200,cdb92b74-caf5-4132-9652-0b91b69243a6,2026-09-04T10:00:00Z,2026-09-04T12:00:00+0200,27216.0,MW,ES,ES,actual_solar_generation,Solar,2026-09-05T16:46:35Z
2026-09-05T16:45:26Z,2026-09-05T18:45:26+0200,cdb92b74-caf5-4132-9652-0b91b69243a6,2026-09-04T10:15:00Z,2026-09-04T12:15:00+0200,27556.0,MW,ES,ES,actual_solar_generation,Solar,2026-09-05T16:46:35Z
2026-09-05T16:45:26Z,2026-09-05T18:45:26+0200,cdb92b74-caf5-4132-9652-0b91b69243a6,2026-09-04T10:30:00Z,2026-09-04T12:30:00+0200,27724.0,MW,ES,ES,actual_solar_generation,Solar,2026-09-05T16:46:35Z
2026-09-05T16:45:26Z,2026-09-05T18:45:26+0200,cdb92b74-caf5-4132-9652-0b91b69243a6,2026-09-04T10:45:00Z,2026-09-04T12:45:00+0200,27904.0,MW,ES,ES,actual_solar_generation,Solar,2026-09-05T16:46:35Z
2026-09-05T16:45:26Z,2026-09-05T18:45:26+0200,cdb92b74-caf5-4132-9652-0b91b69243a6,2026-09-04T11:00:00Z,2026-09-04T13:00:00+0200,28044.0,MW,ES,ES,actual_solar_generation,Solar,2026-09-05T16:46:35Z
2026-09-05T16:45:26Z,2026-09-05T18:45:26+0200,cdb92b74-caf5-4132-9652-0b91b69243a6,2026-09-04T11:15:00Z,2026-09-04T13:15:00+0200,28060.0,MW,ES,ES,actual_solar_generation,Solar,2026-09-05T16:46:35Z
2026-09-05T16:45:26Z,2026-09-05T18:45:26+0200,cdb92b74-caf5-4132-9652-0b91b69243a6,2026-09-04T11:30:00Z,2026-09-04T13:30:00+0200,28164.0,MW,ES,ES,actual_solar_generation,Solar,2026-09-05T16:46:35Z
2026-09-05T16:45:26Z,2026-09-05T18:45:26+0200,cdb92b74-caf5-4132-9652-0b91b69243a6,2026-09-04T11:45:00Z,2026-09-04T13:45:00+0200,28268.0,MW,ES,ES,actual_solar_generation,Solar,2026-09-05T16:46:35Z
2026-09-05T16:45:26Z,2026-09-05T18:45:26+0200,cdb92b74-caf5-4132-9652-0b91b69243a6,2026-09-04T12:00:00Z,2026-09-04T14:00:00+0200,27708.0,MW,ES,ES,actual_solar_generation,Solar,2026-09-05T16:46:35Z
2026-09-05T16:45:26Z,2026-09-05T18:45:26+0200,cdb92b74-caf5-4132-9652-0b91b69243a6,2026-09-04T12:15:00Z,2026-09-04T14:15:00+0200,27756.0,MW,ES,ES,actual_solar_generation,Solar,2026-09-05T16:46:35Z
2026-09-05T16:45:26Z,2026-09-05T18:45:26+0200,cdb92b74-caf5-4132-9652-0b91b69243a6,2026-09-04T12:30:00Z,2026-09-04T14:30:00+0200,27844.0,MW,ES,ES,actual_solar_generation,Solar,2026-09-05T16:46:35Z
2026-09-05T16:45:26Z,2026-09-05T18:45:26+0200,cdb92b74-caf5-4132-9652-0b91b69243a6,2026-09-04T12:45:00Z,2026-09-04T14:45:00+0200,27328.0,MW,ES,ES,actual_solar_generation,Solar,2026-09-05T16:46:35Z
2026-09-05T16:45:26Z,2026-09-05T18:45:26+0200,cdb92b74-caf5-4132-9652-0b91b69243a6,2026-09-04T13:00:00Z,2026-09-04T15:00:00+0200,27304.0,MW,ES,ES,actual_solar_generation,Solar,2026-09-05T16:46:35Z
2026-09-05T16:45:26Z,2026-09-05T18:45:26+0200,cdb92b74-caf5-4132-9652-0b91b69243a6,2026-09-04T13:15:00Z,2026-09-04T15:15:00+0200,26616.0,MW,ES,ES,actual_solar_generation,Solar,2026-09-05T16:46:35Z
2026-09-05T16:45:26Z,2026-09-05T18:45:26+0200,cdb92b74-caf5-4132-9652-0b91b69243a6,2026-09-04T13:30:00Z,2026-09-04T15:30:00+0200,26348.0,MW,ES,ES,actual_solar_generation,Solar,2026-09-05T16:46:35Z
2026-09-05T16:45:26Z,2026-09-05T18:45:26+0200,cdb92b74-caf5-4132-9652-0b91b69243a6,2026-09-04T13:45:00Z,2026-09-04T15:45:00+0200,25872.0,MW,ES,ES,actual_solar_generation,Solar,2026-09-05T16:46:35Z
2026-09-05T16:45:26Z,2026-09-05T18:45:26+0200,cdb92b74-caf5-4132-9652-0b91b69243a6,2026-09-04T14:00:00Z,2026-09-04T16:00:00+0200,25856.0,MW,ES,ES,actual_solar_generation,Solar,2026-09-05T16:46:35Z
2026-09-05T16:45:26Z,2026-09-05T18:45:26+0200,cdb92b74-caf5-4132-9652-0b91b69243a6,2026-09-04T14:15:00Z,2026-09-04T16:15:00+0200,24932.0,MW,ES,ES,actual_solar_generation,Solar,2026-09-05T16:46:35Z
2026-09-05T16:45:26Z,2026-09-05T18:45:26+0200,cdb92b74-caf5-4132-9652-0b91b69243a6,2026-09-04T14:30:00Z,2026-09-04T16:30:00+0200,24456.0,MW,ES,ES,actual_solar_generation,Solar,2026-09-05T16:46:35Z
2026-09-05T16:45:26Z,2026-09-05T18:45:26+0200,cdb92b74-caf5-4132-9652-0b91b69243a6,2026-09-04T14:45:00Z,2026-09-04T16:45:00+0200,23520.0,MW,ES,ES,actual_solar_generation,Solar,2026-09-05T16:46:35Z
2026-09-05T16:45:26Z,2026-09-05T18:45:26+0200,cdb92b74-caf5-4132-9652-0b91b69243a6,2026-09-04T15:00:00Z,2026-09-04T17:00:00+0200,22416.0,MW,ES,ES,actual_solar_generation,Solar,2026-09-05T16:46:35Z
2026-09-05T16:45:26Z,2026-09-05T18:45:26+0200,cdb92b74-caf5-4132-9652-0b91b69243a6,2026-09-04T15:15:00Z,2026-09-04T17:15:00+0200,21804.0,MW,ES,ES,actual_solar_generation,Solar,2026-09-05T16:46:35Z
2026-09-05T16:45:26Z,2026-09-05T18:45:26+0200,cdb92b74-caf5-4132-9652-0b91b69243a6,2026-09-04T15:30:00Z,2026-09-04T17:30:00+0200,20980.0,MW,ES,ES,actual_solar_generation,Solar,2026-09-05T16:46:35Z
2026-09-05T16:45:26Z,2026-09-05T18:45:26+0200,cdb92b74-caf5-4132-9652-0b91b69243a6,2026-09-04T15:45:00Z,2026-09-04T17:45:00+0200,19376.0,MW,ES,ES,actual_solar_generation,Solar,2026-09-05T16:46:35Z
2026-09-05T16:45:26Z,2026-09-05T18:45:26+0200,cdb92b74-caf5-4132-9652-0b91b69243a6,2026-09-04T16:00:00Z,2026-09-04T18:00:00+0200,18768.0,MW,ES,ES,actual_solar_generation,Solar,2026-09-05T16:46:35Z
2026-09-05T16:45:26Z,2026-09-05T18:45:26+0200,cdb92b74-caf5-4132-9652-0b91b69243a6,2026-09-04T16:15:00Z,2026-09-04T18:15:00+0200,17008.0,MW,ES,ES,actual_solar_generation,Solar,2026-09-05T16:46:35Z
2026-09-05T16:45:26Z,2026-09-05T18:45:26+0200,cdb92b74-caf5-4132-9652-0b91b69243a6,2026-09-04T16:30:00Z,2026-09-04T18:30:00+0200,14652.0,MW,ES,ES,actual_solar_generation,Solar,2026-09-05T16:46:35Z
2026-09-05T16:45:26Z,2026-09-05T18:45:26+0200,cdb92b74-caf5-4132-9652-0b91b69243a6,2026-09-04T16:45:00Z,2026-09-04T18:45:00+0200,12100.0,MW,ES,ES,actual_solar_generation,Solar,2026-09-05T16:46:35Z
2026-09-05T16:45:26Z,2026-09-05T18:45:26+0200,cdb92b74-caf5-4132-9652-0b91b69243a6,2026-09-04T17:00:00Z,2026-09-04T19:00:00+0200,9484.0,MW,ES,ES,actual_solar_generation,Solar,2026-09-05T16:46:35Z
2026-09-05T16:45:26Z,2026-09-05T18:45:26+0200,cdb92b74-caf5-4132-9652-0b91b69243a6,2026-09-04T17:15:00Z,2026-09-04T19:15:00+0200,7268.0,MW,ES,ES,actual_solar_generation,Solar,2026-09-05T16:46:35Z
2026-09-05T16:45:26Z,2026-09-05T18:45:26+0200,cdb92b74-caf5-4132-9652-0b91b69243a6,2026-09-04T17:30:00Z,2026-09-04T19:30:00+0200,5064.0,MW,ES,ES,actual_solar_generation,Solar,2026-09-05T16:46:35Z
2026-09-05T16:45:26Z,2026-09-05T18:45:26+0200,cdb92b74-caf5-4132-9652-0b91b69243a6,2026-09-04T17:45:00Z,2026-09-04T19:45:00+0200,3312.0,MW,ES,ES,actual_solar_generation,Solar,2026-09-05T16:46:35Z
2026-09-05T16:45:26Z,2026-09-05T18:45:26+0200,cdb92b74-caf5-4132-9652-0b91b69243a6,2026-09-04T18:00:00Z,2026-09-04T20:00:00+0200,2028.0,MW,ES,ES,actual_solar_generation,Solar,2026-09-05T16:46:35Z
2026-09-05T16:45:26Z,2026-09-05T18:45:26+0200,cdb92b74-caf5-4132-9652-0b91b69243a6,2026-09-04T18:15:00Z,2026-09-04T20:15:00+0200,1088.0,MW,ES,ES,actual_solar_generation,Solar,2026-09-05T16:46:35Z
2026-09-05T16:45:26Z,2026-09-05T18:45:26+0200,cdb92b74-caf5-4132-9652-0b91b69243a6,2026-09-04T18:30:00Z,2026-09-04T20:30:00+0200,572.0,MW,ES,ES,actual_solar_generation,Solar,2026-09-05T16:46:35Z
2026-09-05T16:45:26Z,2026-09-05T18:45:26+0200,cdb92b74-caf5-4132-9652-0b91b69243a6,2026-09-04T18:45:00Z,2026-09-04T20:45:00+0200,436.0,MW,ES,ES,actual_solar_generation,Solar,2026-09-05T16:46:35Z
2026-09-05T16:45:26Z,2026-09-05T18:45:26+0200,cdb92b74-caf5-4132-9652-0b91b69243a6,2026-09-04T19:00:00Z,2026-09-04T21:00:00+0200,400.0,MW,ES,ES,actual_solar_generation,Solar,2026-09-05T16:46:35Z
2026-09-05T16:45:26Z,2026-09-05T18:45:26+0200,cdb92b74-caf5-4132-9652-0b91b69243a6,2026-09-04T19:15:00Z,2026-09-04T21:15:00+0200,392.0,MW,ES,ES,actual_solar_generation,Solar,2026-09-05T16:46:35Z
2026-09-05T16:45:26Z,2026-09-05T18:45:26+0200,cdb92b74-caf5-4132-9652-0b91b69243a6,2026-09-04T19:30:00Z,2026-09-04T21:30:00+0200,376.0,MW,ES,ES,actual_solar_generation,Solar,2026-09-05T16:46:35Z
2026-09-05T16:45:26Z,2026-09-05T18:45:26+0200,cdb92b74-caf5-4132-9652-0b91b69243a6,2026-09-04T19:45:00Z,2026-09-04T21:45:00+0200,348.0,MW,ES,ES,actual_solar_generation,Solar,2026-09-05T16:46:35Z
2026-09-05T16:45:26Z,2026-09-05T18:45:26+0200,cdb92b74-caf5-4132-9652-0b91b69243a6,2026-09-04T20:00:00Z,2026-09-04T22:00:00+0200,316.0,MW,ES,ES,actual_solar_generation,Solar,2026-09-05T16:46:35Z
2026-09-05T16:45:26Z,2026-09-05T18:45:26+0200,cdb92b74-caf5-4132-9652-0b91b69243a6,2026-09-04T20:15:00Z,2026-09-04T22:15:00+0200,312.0,MW,ES,ES,actual_solar_generation,Solar,2026-09-05T16:46:35Z
2026-09-05T16:45:26Z,2026-09-05T18:45:26+0200,cdb92b74-caf5-4132-9652-0b91b69243a6,2026-09-04T20:30:00Z,2026-09-04T22:30:00+0200,304.0,MW,ES,ES,actual_solar_generation,Solar,2026-09-05T16:46:35Z
2026-09-05T16:45:26Z,2026-09-05T18:45:26+0200,cdb92b74-caf5-4132-9652-0b91b69243a6,2026-09-04T20:45:00Z,2026-09-04T22:45:00+0200,288.0,MW,ES,ES,actual_solar_generation,Solar,2026-09-05T16:46:35Z
2026-09-05T16:45:26Z,2026-09-05T18:45:26+0200,cdb92b74-caf5-4132-9652-0b91b69243a6,2026-09-04T21:00:00Z,2026-09-04T23:00:00+0200,272.0,MW,ES,ES,actual_solar_generation,Solar,2026-09-05T16:46:35Z
2026-09-05T16:45:26Z,2026-09-05T18:45:26+0200,cdb92b74-caf5-4132-9652-0b91b69243a6,2026-09-04T21:15:00Z,2026-09-04T23:15:00+0200,256.0,MW,ES,ES,actual_solar_generation,Solar,2026-09-05T16:46:35Z
2026-09-05T16:45:26Z,2026-09-05T18:45:26+0200,cdb92b74-caf5-4132-9652-0b91b69243a6,2026-09-04T21:45:00Z,2026-09-04T23:45:00+0200,236.0,MW,ES,ES,actual_solar_generation,Solar,2026-09-05T16:46:35Z
2026-09-05T16:45:26Z,2026-09-05T18:45:26+0200,cdb92b74-caf5-4132-9652-0b91b69243a6,2026-09-04T22:00:00Z,2026-09-05T00:00:00+0200,236.0,MW,ES,ES,actual_solar_generation,Solar,2026-09-05T16:46:35Z
2026-09-05T16:45:26Z,2026-09-05T18:45:26+0200,cdb92b74-caf5-4132-9652-0b91b69243a6,2026-09-04T22:15:00Z,2026-09-05T00:15:00+0200,228.0,MW,ES,ES,actual_solar_generation,Solar,2026-09-05T16:46:35Z
2026-09-05T16:45:26Z,2026-09-05T18:45:26+0200,cdb92b74-caf5-4132-9652-0b91b69243a6,2026-09-04T22:30:00Z,2026-09-05T00:30:00+0200,228.0,MW,ES,ES,actual_solar_generation,Solar,2026-09-05T16:46:35Z
2026-09-05T16:45:26Z,2026-09-05T18:45:26+0200,cdb92b74-caf5-4132-9652-0b91b69243a6,2026-09-04T22:45:00Z,2026-09-05T00:45:00+0200,204.0,MW,ES,ES,actual_solar_generation,Solar,2026-09-05T16:46:35Z
2026-09-05T16:45:26Z,2026-09-05T18:45:26+0200,cdb92b74-caf5-4132-9652-0b91b69243a6,2026-09-04T23:00:00Z,2026-09-05T01:00:00+0200,184.0,MW,ES,ES,actual_solar_generation,Solar,2026-09-05T16:46:35Z
2026-09-05T16:45:26Z,2026-09-05T18:45:26+0200,cdb92b74-caf5-4132-9652-0b91b69243a6,2026-09-04T23:15:00Z,2026-09-05T01:15:00+0200,168.0,MW,ES,ES,actual_solar_generation,Solar,2026-09-05T16:46:35Z
2026-09-05T16:45:26Z,2026-09-05T18:45:26+0200,cdb92b74-caf5-4132-9652-0b91b69243a6,2026-09-04T23:30:00Z,2026-09-05T01:30:00+0200,172.0,MW,ES,ES,actual_solar_generation,Solar,2026-09-05T16:46:35Z
2026-09-05T16:45:26Z,2026-09-05T18:45:26+0200,cdb92b74-caf5-4132-9652-0b91b69243a6,2026-09-04T23:45:00Z,2026-09-05T01:45:00+0200,172.0,MW,ES,ES,actual_solar_generation,Solar,2026-09-05T16:46:35Z
2026-09-05T16:45:26Z,2026-09-05T18:45:26+0200,cdb92b74-caf5-4132-9652-0b91b69243a6,2026-09-05T00:00:00Z,2026-09-05T02:00:00+0200,172.0,MW,ES,ES,actual_solar_generation,Solar,2026-09-05T16:46:35Z
2026-09-05T16:45:26Z,2026-09-05T18:45:26+0200,cdb92b74-caf5-4132-9652-0b91b69243a6,2026-09-05T00:15:00Z,2026-09-05T02:15:00+0200,168.0,MW,ES,ES,actual_solar_generation,Solar,2026-09-05T16:46:35Z
2026-09-05T16:45:26Z,2026-09-05T18:45:26+0200,cdb92b74-caf5-4132-9652-0b91b69243a6,2026-09-05T00:30:00Z,2026-09-05T02:30:00+0200,124.0,MW,ES,ES,actual_solar_generation,Solar,2026-09-05T16:46:35Z
2026-09-05T16:45:26Z,2026-09-05T18:45:26+0200,cdb92b74-caf5-4132-9652-0b91b69243a6,2026-09-05T00:45:00Z,2026-09-05T02:45:00+0200,96.0,MW,ES,ES,actual_solar_generation,Solar,2026-09-05T16:46:35Z
2026-09-05T16:45:26Z,2026-09-05T18:45:26+0200,cdb92b74-caf5-4132-9652-0b91b69243a6,2026-09-05T01:00:00Z,2026-09-05T03:00:00+0200,72.0,MW,ES,ES,actual_solar_generation,Solar,2026-09-05T16:46:35Z
2026-09-05T16:45:26Z,2026-09-05T18:45:26+0200,cdb92b74-caf5-4132-9652-0b91b69243a6,2026-09-05T01:15:00Z,2026-09-05T03:15:00+0200,68.0,MW,ES,ES,actual_solar_generation,Solar,2026-09-05T16:46:35Z
2026-09-05T16:45:26Z,2026-09-05T18:45:26+0200,cdb92b74-caf5-4132-9652-0b91b69243a6,2026-09-05T01:30:00Z,2026-09-05T03:30:00+0200,68.0,MW,ES,ES,actual_solar_generation,Solar,2026-09-05T16:46:35Z
2026-09-05T16:45:26Z,2026-09-05T18:45:26+0200,cdb92b74-caf5-4132-9652-0b91b69243a6,2026-09-05T01:45:00Z,2026-09-05T03:45:00+0200,64.0,MW,ES,ES,actual_solar_generation,Solar,2026-09-05T16:46:35Z
2026-09-05T16:45:26Z,2026-09-05T18:45:26+0200,cdb92b74-caf5-4132-9652-0b91b69243a6,2026-09-05T02:00:00Z,2026-09-05T04:00:00+0200,68.0,MW,ES,ES,actual_solar_generation,Solar,2026-09-05T16:46:35Z
2026-09-05T16:45:26Z,2026-09-05T18:45:26+0200,cdb92b74-caf5-4132-9652-0b91b69243a6,2026-09-05T02:15:00Z,2026-09-05T04:15:00+0200,64.0,MW,ES,ES,actual_solar_generation,Solar,2026-09-05T16:46:35Z
2026-09-05T16:45:26Z,2026-09-05T18:45:26+0200,cdb92b74-caf5-4132-9652-0b91b69243a6,2026-09-05T02:30:00Z,2026-09-05T04:30:00+0200,64.0,MW,ES,ES,actual_solar_generation,Solar,2026-09-05T16:46:35Z
2026-09-05T16:45:26Z,2026-09-05T18:45:26+0200,cdb92b74-caf5-4132-9652-0b91b69243a6,2026-09-05T02:45:00Z,2026-09-05T04:45:00+0200,64.0,MW,ES,ES,actual_solar_generation,Solar,2026-09-05T16:46:35Z
2026-09-05T16:45:26Z,2026-09-05T18:45:26+0200,cdb92b74-caf5-4132-9652-0b91b69243a6,2026-09-05T03:00:00Z,2026-09-05T05:00:00+0200,60.0,MW,ES,ES,actual_solar_generation,Solar,2026-09-05T16:46:35Z
2026-09-05T16:45:26Z,2026-09-05T18:45:26+0200,cdb92b74-caf5-4132-9652-0b91b69243a6,2026-09-05T03:15:00Z,2026-09-05T05:15:00+0200,48.0,MW,ES,ES,actual_solar_generation,Solar,2026-09-05T16:46:35Z
2026-09-05T16:45:26Z,2026-09-05T18:45:26+0200,cdb92b74-caf5-4132-9652-0b91b69243a6,2026-09-05T03:30:00Z,2026-09-05T05:30:00+0200,44.0,MW,ES,ES,actual_solar_generation,Solar,2026-09-05T16:46:35Z
2026-09-05T16:45:26Z,2026-09-05T18:45:26+0200,cdb92b74-caf5-4132-9652-0b91b69243a6,2026-09-05T03:45:00Z,2026-09-05T05:45:00+0200,44.0,MW,ES,ES,actual_solar_generation,Solar,2026-09-05T16:46:35Z
2026-09-05T16:45:26Z,2026-09-05T18:45:26+0200,cdb92b74-caf5-4132-9652-0b91b69243a6,2026-09-05T04:00:00Z,2026-09-05T06:00:00+0200,44.0,MW,ES,ES,actual_solar_generation,Solar,2026-09-05T16:46:35Z
2026-09-05T16:45:26Z,2026-09-05T18:45:26+0200,cdb92b74-caf5-4132-9652-0b91b69243a6,2026-09-05T04:15:00Z,2026-09-05T06:15:00+0200,44.0,MW,ES,ES,actual_solar_generation,Solar,2026-09-05T16:46:35Z
2026-09-05T16:45:26Z,2026-09-05T18:45:26+0200,cdb92b74-caf5-4132-9652-0b91b69243a6,2026-09-05T04:30:00Z,2026-09-05T06:30:00+0200,44.0,MW,ES,ES,actual_solar_generation,Solar,2026-09-05T16:46:35Z
2026-09-05T16:45:26Z,2026-09-05T18:45:26+0200,cdb92b74-caf5-4132-9652-0b91b69243a6,2026-09-05T04:45:00Z,2026-09-05T06:45:00+0200,44.0,MW,ES,ES,actual_solar_generation,Solar,2026-09-05T16:46:35Z
2026-09-05T16:45:26Z,2026-09-05T18:45:26+0200,cdb92b74-caf5-4132-9652-0b91b69243a6,2026-09-05T05:00:00Z,2026-09-05T07:00:00+0200,52.0,MW,ES,ES,actual_solar_generation,Solar,2026-09-05T16:46:35Z
2026-09-05T16:45:26Z,2026-09-05T18:45:26+0200,cdb92b74-caf5-4132-9652-0b91b69243a6,2026-09-05T05:15:00Z,2026-09-05T07:15:00+0200,52.0,MW,ES,ES,actual_solar_generation,Solar,2026-09-05T16:46:35Z
2026-09-05T16:45:26Z,2026-09-05T18:45:26+0200,cdb92b74-caf5-4132-9652-0b91b69243a6,2026-09-05T05:30:00Z,2026-09-05T07:30:00+0200,76.0,MW,ES,ES,actual_solar_generation,Solar,2026-09-05T16:46:35Z
2026-09-05T16:45:26Z,2026-09-05T18:45:26+0200,cdb92b74-caf5-4132-9652-0b91b69243a6,2026-09-05T05:45:00Z,2026-09-05T07:45:00+0200,252.0,MW,ES,ES,actual_solar_generation,Solar,2026-09-05T16:46:35Z
2026-09-05T16:45:26Z,2026-09-05T18:45:26+0200,cdb92b74-caf5-4132-9652-0b91b69243a6,2026-09-05T06:00:00Z,2026-09-05T08:00:00+0200,780.0,MW,ES,ES,actual_solar_generation,Solar,2026-09-05T16:46:35Z
2026-09-05T16:45:26Z,2026-09-05T18:45:26+0200,cdb92b74-caf5-4132-9652-0b91b69243a6,2026-09-05T06:15:00Z,2026-09-05T08:15:00+0200,1768.0,MW,ES,ES,actual_solar_generation,Solar,2026-09-05T16:46:35Z
2026-09-05T16:45:26Z,2026-09-05T18:45:26+0200,cdb92b74-caf5-4132-9652-0b91b69243a6,2026-09-05T06:30:00Z,2026-09-05T08:30:00+0200,3044.0,MW,ES,ES,actual_solar_generation,Solar,2026-09-05T16:46:35Z
2026-09-05T16:45:26Z,2026-09-05T18:45:26+0200,cdb92b74-caf5-4132-9652-0b91b69243a6,2026-09-05T06:45:00Z,2026-09-05T08:45:00+0200,4536.0,MW,ES,ES,actual_solar_generation,Solar,2026-09-05T16:46:35Z
2026-09-05T16:45:26Z,2026-09-05T18:45:26+0200,cdb92b74-caf5-4132-9652-0b91b69243a6,2026-09-05T07:00:00Z,2026-09-05T09:00:00+0200,6148.0,MW,ES,ES,actual_solar_generation,Solar,2026-09-05T16:46:35Z
2026-09-05T16:45:26Z,2026-09-05T18:45:26+0200,cdb92b74-caf5-4132-9652-0b91b69243a6,2026-09-05T07:15:00Z,2026-09-05T09:15:00+0200,7684.0,MW,ES,ES,actual_solar_generation,Solar,2026-09-05T16:46:35Z
2026-09-05T16:45:26Z,2026-09-05T18:45:26+0200,cdb92b74-caf5-4132-9652-0b91b69243a6,2026-09-05T07:30:00Z,2026-09-05T09:30:00+0200,9416.0,MW,ES,ES,actual_solar_generation,Solar,2026-09-05T16:46:35Z
2026-09-05T16:45:26Z,2026-09-05T18:45:26+0200,cdb92b74-caf5-4132-9652-0b91b69243a6,2026-09-05T07:45:00Z,2026-09-05T09:45:00+0200,11520.0,MW,ES,ES,actual_solar_generation,Solar,2026-09-05T16:46:35Z
2026-09-05T16:45:26Z,2026-09-05T18:45:26+0200,cdb92b74-caf5-4132-9652-0b91b69243a6,2026-09-05T08:00:00Z,2026-09-05T10:00:00+0200,13524.0,MW,ES,ES,actual_solar_generation,Solar,2026-09-05T16:46:35Z
2026-09-05T16:45:26Z,2026-09-05T18:45:26+0200,cdb92b74-caf5-4132-9652-0b91b69243a6,2026-09-05T08:15:00Z,2026-09-05T10:15:00+0200,15084.0,MW,ES,ES,actual_solar_generation,Solar,2026-09-05T16:46:35Z
2026-09-05T16:45:26Z,2026-09-05T18:45:26+0200,cdb92b74-caf5-4132-9652-0b91b69243a6,2026-09-05T08:30:00Z,2026-09-05T10:30:00+0200,16068.0,MW,ES,ES,actual_solar_generation,Solar,2026-09-05T16:46:35Z
2026-09-05T16:45:26Z,2026-09-05T18:45:26+0200,cdb92b74-caf5-4132-9652-0b91b69243a6,2026-09-05T08:45:00Z,2026-09-05T10:45:00+0200,16900.0,MW,ES,ES,actual_solar_generation,Solar,2026-09-05T16:46:35Z
2026-09-05T16:45:26Z,2026-09-05T18:45:26+0200,cdb92b74-caf5-4132-9652-0b91b69243a6,2026-09-05T09:00:00Z,2026-09-05T11:00:00+0200,18068.0,MW,ES,ES,actual_solar_generation,Solar,2026-09-05T16:46:35Z
2026-09-05T16:45:26Z,2026-09-05T18:45:26+0200,cdb92b74-caf5-4132-9652-0b91b69243a6,2026-09-05T09:15:00Z,2026-09-05T11:15:00+0200,18736.0,MW,ES,ES,actual_solar_generation,Solar,2026-09-05T16:46:35Z
2026-09-05T16:45:26Z,2026-09-05T18:45:26+0200,cdb92b74-caf5-4132-9652-0b91b69243a6,2026-09-05T09:30:00Z,2026-09-05T11:30:00+0200,19296.0,MW,ES,ES,actual_solar_generation,Solar,2026-09-05T16:46:35Z
2026-09-05T16:45:26Z,2026-09-05T18:45:26+0200,cdb92b74-caf5-4132-9652-0b91b69243a6,2026-09-05T09:45:00Z,2026-09-05T11:45:00+0200,19948.0,MW,ES,ES,actual_solar_generation,Solar,2026-09-05T16:46:35Z
2026-09-05T16:45:26Z,2026-09-05T18:45:26+0200,cdb92b74-caf5-4132-9652-0b91b69243a6,2026-09-05T10:00:00Z,2026-09-05T12:00:00+0200,20112.0,MW,ES,ES,actual_solar_generation,Solar,2026-09-05T16:46:35Z
2026-09-05T16:45:26Z,2026-09-05T18:45:26+0200,cdb92b74-caf5-4132-9652-0b91b69243a6,2026-09-05T10:15:00Z,2026-09-05T12:15:00+0200,20708.0,MW,ES,ES,actual_solar_generation,Solar,2026-09-05T16:46:35Z
2026-09-05T16:45:26Z,2026-09-05T18:45:26+0200,cdb92b74-caf5-4132-9652-0b91b69243a6,2026-09-05T10:30:00Z,2026-09-05T12:30:00+0200,20612.0,MW,ES,ES,actual_solar_generation,Solar,2026-09-05T16:46:35Z
2026-09-05T16:45:26Z,2026-09-05T18:45:26+0200,cdb92b74-caf5-4132-9652-0b91b69243a6,2026-09-05T10:45:00Z,2026-09-05T12:45:00+0200,20416.0,MW,ES,ES,actual_solar_generation,Solar,2026-09-05T16:46:35Z
2026-09-05T16:45:26Z,2026-09-05T18:45:26+0200,cdb92b74-caf5-4132-9652-0b91b69243a6,2026-09-05T11:00:00Z,2026-09-05T13:00:00+0200,20604.0,MW,ES,ES,actual_solar_generation,Solar,2026-09-05T16:46:35Z
2026-09-05T16:45:26Z,2026-09-05T18:45:26+0200,cdb92b74-caf5-4132-9652-0b91b69243a6,2026-09-05T11:15:00Z,2026-09-05T13:15:00+0200,20780.0,MW,ES,ES,actual_solar_generation,Solar,2026-09-05T16:46:35Z
2026-09-05T16:45:26Z,2026-09-05T18:45:26+0200,cdb92b74-caf5-4132-9652-0b91b69243a6,2026-09-05T11:30:00Z,2026-09-05T13:30:00+0200,20592.0,MW,ES,ES,actual_solar_generation,Solar,2026-09-05T16:46:35Z
2026-09-05T16:45:26Z,2026-09-05T18:45:26+0200,cdb92b74-caf5-4132-9652-0b91b69243a6,2026-09-05T11:45:00Z,2026-09-05T13:45:00+0200,20112.0,MW,ES,ES,actual_solar_generation,Solar,2026-09-05T16:46:35Z
2026-09-05T16:45:26Z,2026-09-05T18:45:26+0200,cdb92b74-caf5-4132-9652-0b91b69243a6,2026-09-05T12:00:00Z,2026-09-05T14:00:00+0200,20156.0,MW,ES,ES,actual_solar_generation,Solar,2026-09-05T16:46:35Z
2026-09-05T16:45:26Z,2026-09-05T18:45:26+0200,cdb92b74-caf5-4132-9652-0b91b69243a6,2026-09-05T12:15:00Z,2026-09-05T14:15:00+0200,20360.0,MW,ES,ES,actual_solar_generation,Solar,2026-09-05T16:46:35Z
2026-09-05T16:45:26Z,2026-09-05T18:45:26+0200,cdb92b74-caf5-4132-9652-0b91b69243a6,2026-09-05T12:30:00Z,2026-09-05T14:30:00+0200,20044.0,MW,ES,ES,actual_solar_generation,Solar,2026-09-05T16:46:35Z
2026-09-05T16:45:26Z,2026-09-05T18:45:26+0200,cdb92b74-caf5-4132-9652-0b91b69243a6,2026-09-05T12:45:00Z,2026-09-05T14:45:00+0200,20020.0,MW,ES,ES,actual_solar_generation,Solar,2026-09-05T16:46:35Z
2026-09-05T16:45:26Z,2026-09-05T18:45:26+0200,cdb92b74-caf5-4132-9652-0b91b69243a6,2026-09-05T13:00:00Z,2026-09-05T15:00:00+0200,19692.0,MW,ES,ES,actual_solar_generation,Solar,2026-09-05T16:46:35Z
2026-09-05T16:45:26Z,2026-09-05T18:45:26+0200,cdb92b74-caf5-4132-9652-0b91b69243a6,2026-09-05T13:15:00Z,2026-09-05T15:15:00+0200,19460.0,MW,ES,ES,actual_solar_generation,Solar,2026-09-05T16:46:35Z
2026-09-05T16:45:26Z,2026-09-05T18:45:26+0200,cdb92b74-caf5-4132-9652-0b91b69243a6,2026-09-05T13:30:00Z,2026-09-05T15:30:00+0200,19204.0,MW,ES,ES,actual_solar_generation,Solar,2026-09-05T16:46:35Z
2026-09-05T16:45:26Z,2026-09-05T18:45:26+0200,cdb92b74-caf5-4132-9652-0b91b69243a6,2026-09-05T13:45:00Z,2026-09-05T15:45:00+0200,19088.0,MW,ES,ES,actual_solar_generation,Solar,2026-09-05T16:46:35Z
2026-09-05T16:45:26Z,2026-09-05T18:45:26+0200,cdb92b74-caf5-4132-9652-0b91b69243a6,2026-09-05T14:00:00Z,2026-09-05T16:00:00+0200,18804.0,MW,ES,ES,actual_solar_generation,Solar,2026-09-05T16:46:35Z
2026-09-05T16:45:26Z,2026-09-05T18:45:26+0200,cdb92b74-caf5-4132-9652-0b91b69243a6,2026-09-05T14:15:00Z,2026-09-05T16:15:00+0200,18972.0,MW,ES,ES,actual_solar_generation,Solar,2026-09-05T16:46:35Z
2026-09-05T16:45:26Z,2026-09-05T18:45:26+0200,cdb92b74-caf5-4132-9652-0b91b69243a6,2026-09-05T14:30:00Z,2026-09-05T16:30:00+0200,18620.0,MW,ES,ES,actual_solar_generation,Solar,2026-09-05T16:46:35Z
2026-09-05T16:45:26Z,2026-09-05T18:45:26+0200,cdb92b74-caf5-4132-9652-0b91b69243a6,2026-09-05T14:45:00Z,2026-09-05T16:45:00+0200,17980.0,MW,ES,ES,actual_solar_generation,Solar,2026-09-05T16:46:35Z
2026-09-05T16:45:26Z,2026-09-05T18:45:26+0200,cdb92b74-caf5-4132-9652-0b91b69243a6,2026-09-05T15:00:00Z,2026-09-05T17:00:00+0200,16976.0,MW,ES,ES,actual_solar_generation,Solar,2026-09-05T16:46:35Z
2026-09-05T16:45:26Z,2026-09-05T18:45:26+0200,cdb92b74-caf5-4132-9652-0b91b69243a6,2026-09-05T15:15:00Z,2026-09-05T17:15:00+0200,16392.0,MW,ES,ES,actual_solar_generation,Solar,2026-09-05T16:46:35Z
2026-09-05T16:45:26Z,2026-09-05T18:45:26+0200,cdb92b74-caf5-4132-9652-0b91b69243a6,2026-09-05T15:30:00Z,2026-09-05T17:30:00+0200,15520.0,MW,ES,ES,actual_solar_generation,Solar,2026-09-05T16:46:35Z
2026-09-05T16:45:26Z,2026-09-05T18:45:26+0200,cdb92b74-caf5-4132-9652-0b91b69243a6,2026-09-05T15:45:00Z,2026-09-05T17:45:00+0200,14432.0,MW,ES,ES,actual_solar_generation,Solar,2026-09-05T16:46:35Z
2026-09-05T16:45:26Z,2026-09-05T18:45:26+0200,cdb92b74-caf5-4132-9652-0b91b69243a6,2026-09-05T16:00:00Z,2026-09-05T18:00:00+0200,12628.0,MW,ES,ES,actual_solar_generation,Solar,2026-09-05T16:46:35Z
