collection_time_utc,collection_time_local,run_id,timestamp_utc,timestamp_local,value,unit,country,entsoe_area,variable,source,updated_at_utc
2026-08-26T10:01:57Z,2026-08-26T12:01:57+0200,de5651f7-a4c0-4808-ad66-e3bdff44187a,2026-07-26T10:30:00Z,2026-07-26T12:30:00+0200,240.742,MW,DK2,DK_2,actual_solar_generation,Solar,2026-08-26T10:27:13Z
2026-08-26T10:01:57Z,2026-08-26T12:01:57+0200,de5651f7-a4c0-4808-ad66-e3bdff44187a,2026-07-26T10:45:00Z,2026-07-26T12:45:00+0200,284.683,MW,DK2,DK_2,actual_solar_generation,Solar,2026-08-26T10:27:13Z
2026-08-26T10:01:57Z,2026-08-26T12:01:57+0200,de5651f7-a4c0-4808-ad66-e3bdff44187a,2026-07-26T11:00:00Z,2026-07-26T13:00:00+0200,313.139,MW,DK2,DK_2,actual_solar_generation,Solar,2026-08-26T10:27:13Z
2026-08-26T10:01:57Z,2026-08-26T12:01:57+0200,de5651f7-a4c0-4808-ad66-e3bdff44187a,2026-07-26T11:15:00Z,2026-07-26T13:15:00+0200,286.595,MW,DK2,DK_2,actual_solar_generation,Solar,2026-08-26T10:27:13Z
2026-08-26T10:01:57Z,2026-08-26T12:01:57+0200,de5651f7-a4c0-4808-ad66-e3bdff44187a,2026-07-26T11:30:00Z,2026-07-26T13:30:00+0200,324.425,MW,DK2,DK_2,actual_solar_generation,Solar,2026-08-26T10:27:13Z
2026-08-26T10:01:57Z,2026-08-26T12:01:57+0200,de5651f7-a4c0-4808-ad66-e3bdff44187a,2026-07-26T11:45:00Z,2026-07-26T13:45:00+0200,310.745,MW,DK2,DK_2,actual_solar_generation,Solar,2026-08-26T10:27:13Z
2026-08-26T10:01:57Z,2026-08-26T12:01:57+0200,de5651f7-a4c0-4808-ad66-e3bdff44187a,2026-07-26T12:00:00Z,2026-07-26T14:00:00+0200,260.714,MW,DK2,DK_2,actual_solar_generation,Solar,2026-08-26T10:27:13Z
2026-08-26T10:01:57Z,2026-08-26T12:01:57+0200,de5651f7-a4c0-4808-ad66-e3bdff44187a,2026-07-26T12:15:00Z,2026-07-26T14:15:00+0200,279.36,MW,DK2,DK_2,actual_solar_generation,Solar,2026-08-26T10:27:13Z
2026-08-26T10:01:57Z,2026-08-26T12:01:57+0200,de5651f7-a4c0-4808-ad66-e3bdff44187a,2026-07-26T12:30:00Z,2026-07-26T14:30:00+0200,282.895,MW,DK2,DK_2,actual_solar_generation,Solar,2026-08-26T10:27:13Z
2026-08-26T10:01:57Z,2026-08-26T12:01:57+0200,de5651f7-a4c0-4808-ad66-e3bdff44187a,2026-07-26T12:45:00Z,2026-07-26T14:45:00+0200,266.376,MW,DK2,DK_2,actual_solar_generation,Solar,2026-08-26T10:27:13Z
2026-08-26T10:01:57Z,2026-08-26T12:01:57+0200,de5651f7-a4c0-4808-ad66-e3bdff44187a,2026-07-26T13:00:00Z,2026-07-26T15:00:00+0200,278.03,MW,DK2,DK_2,actual_solar_generation,Solar,2026-08-26T10:27:13Z
2026-08-26T10:01:57Z,2026-08-26T12:01:57+0200,de5651f7-a4c0-4808-ad66-e3bdff44187a,2026-07-26T13:15:00Z,2026-07-26T15:15:00+0200,302.573,MW,DK2,DK_2,actual_solar_generation,Solar,2026-08-26T10:27:13Z
2026-08-26T10:01:57Z,2026-08-26T12:01:57+0200,de5651f7-a4c0-4808-ad66-e3bdff44187a,2026-07-26T13:30:00Z,2026-07-26T15:30:00+0200,321.036,MW,DK2,DK_2,actual_solar_generation,Solar,2026-08-26T10:27:13Z
2026-08-26T10:01:57Z,2026-08-26T12:01:57+0200,de5651f7-a4c0-4808-ad66-e3bdff44187a,2026-07-26T13:45:00Z,2026-07-26T15:45:00+0200,309.903,MW,DK2,DK_2,actual_solar_generation,Solar,2026-08-26T10:27:13Z
2026-08-26T10:01:57Z,2026-08-26T12:01:57+0200,de5651f7-a4c0-4808-ad66-e3bdff44187a,2026-07-26T14:00:00Z,2026-07-26T16:00:00+0200,338.108,MW,DK2,DK_2,actual_solar_generation,Solar,2026-08-26T10:27:13Z
2026-08-26T10:01:57Z,2026-08-26T12:01:57+0200,de5651f7-a4c0-4808-ad66-e3bdff44187a,2026-07-26T14:15:00Z,2026-07-26T16:15:00+0200,328.201,MW,DK2,DK_2,actual_solar_generation,Solar,2026-08-26T10:27:13Z
2026-08-26T10:01:57Z,2026-08-26T12:01:57+0200,de5651f7-a4c0-4808-ad66-e3bdff44187a,2026-07-26T14:30:00Z,2026-07-26T16:30:00+0200,298.886,MW,DK2,DK_2,actual_solar_generation,Solar,2026-08-26T10:27:13Z
2026-08-26T10:01:57Z,2026-08-26T12:01:57+0200,de5651f7-a4c0-4808-ad66-e3bdff44187a,2026-07-26T14:45:00Z,2026-07-26T16:45:00+0200,296.925,MW,DK2,DK_2,actual_solar_generation,Solar,2026-08-26T10:27:13Z
2026-08-26T10:01:57Z,2026-08-26T12:01:57+0200,de5651f7-a4c0-4808-ad66-e3bdff44187a,2026-07-26T15:00:00Z,2026-07-26T17:00:00+0200,291.785,MW,DK2,DK_2,actual_solar_generation,Solar,2026-08-26T10:27:13Z
2026-08-26T10:01:57Z,2026-08-26T12:01:57+0200,de5651f7-a4c0-4808-ad66-e3bdff44187a,2026-07-26T15:15:00Z,2026-07-26T17:15:00+0200,253.856,MW,DK2,DK_2,actual_solar_generation,Solar,2026-08-26T10:27:13Z
2026-08-26T10:01:57Z,2026-08-26T12:01:57+0200,de5651f7-a4c0-4808-ad66-e3bdff44187a,2026-07-26T15:30:00Z,2026-07-26T17:30:00+0200,202.055,MW,DK2,DK_2,actual_solar_generation,Solar,2026-08-26T10:27:13Z
2026-08-26T10:01:57Z,2026-08-26T12:01:57+0200,de5651f7-a4c0-4808-ad66-e3bdff44187a,2026-07-26T15:45:00Z,2026-07-26T17:45:00+0200,194.966,MW,DK2,DK_2,actual_solar_generation,Solar,2026-08-26T10:27:13Z
2026-08-26T10:01:57Z,2026-08-26T12:01:57+0200,de5651f7-a4c0-4808-ad66-e3bdff44187a,2026-07-26T16:00:00Z,2026-07-26T18:00:00+0200,219.474,MW,DK2,DK_2,actual_solar_generation,Solar,2026-08-26T10:27:13Z
2026-08-26T10:01:57Z,2026-08-26T12:01:57+0200,de5651f7-a4c0-4808-ad66-e3bdff44187a,2026-07-26T16:15:00Z,2026-07-26T18:15:00+0200,180.538,MW,DK2,DK_2,actual_solar_generation,Solar,2026-08-26T10:27:13Z
2026-08-26T10:01:57Z,2026-08-26T12:01:57+0200,de5651f7-a4c0-4808-ad66-e3bdff44187a,2026-07-26T16:30:00Z,2026-07-26T18:30:00+0200,160.899,MW,DK2,DK_2,actual_solar_generation,Solar,2026-08-26T10:27:13Z
2026-08-26T10:01:57Z,2026-08-26T12:01:57+0200,de5651f7-a4c0-4808-ad66-e3bdff44187a,2026-07-26T16:45:00Z,2026-07-26T18:45:00+0200,123.566,MW,DK2,DK_2,actual_solar_generation,Solar,2026-08-26T10:27:13Z
2026-08-26T10:01:57Z,2026-08-26T12:01:57+0200,de5651f7-a4c0-4808-ad66-e3bdff44187a,2026-07-26T17:00:00Z,2026-07-26T19:00:00+0200,86.9466,MW,DK2,DK_2,actual_solar_generation,Solar,2026-08-26T10:27:13Z
2026-08-26T10:01:57Z,2026-08-26T12:01:57+0200,de5651f7-a4c0-4808-ad66-e3bdff44187a,2026-07-26T17:15:00Z,2026-07-26T19:15:00+0200,61.6763,MW,DK2,DK_2,actual_solar_generation,Solar,2026-08-26T10:27:13Z
2026-08-26T10:01:57Z,2026-08-26T12:01:57+0200,de5651f7-a4c0-4808-ad66-e3bdff44187a,2026-07-26T17:30:00Z,2026-07-26T19:30:00+0200,53.7588,MW,DK2,DK_2,actual_solar_generation,Solar,2026-08-26T10:27:13Z
2026-08-26T10:01:57Z,2026-08-26T12:01:57+0200,de5651f7-a4c0-4808-ad66-e3bdff44187a,2026-07-26T17:45:00Z,2026-07-26T19:45:00+0200,36.9261,MW,DK2,DK_2,actual_solar_generation,Solar,2026-08-26T10:27:13Z
2026-08-26T10:01:57Z,2026-08-26T12:01:57+0200,de5651f7-a4c0-4808-ad66-e3bdff44187a,2026-07-26T18:00:00Z,2026-07-26T20:00:00+0200,28.1931,MW,DK2,DK_2,actual_solar_generation,Solar,2026-08-26T10:27:13Z
2026-08-26T10:01:57Z,2026-08-26T12:01:57+0200,de5651f7-a4c0-4808-ad66-e3bdff44187a,2026-07-26T18:15:00Z,2026-07-26T20:15:00+0200,19.0372,MW,DK2,DK_2,actual_solar_generation,Solar,2026-08-26T10:27:13Z
2026-08-26T10:01:57Z,2026-08-26T12:01:57+0200,de5651f7-a4c0-4808-ad66-e3bdff44187a,2026-07-26T18:30:00Z,2026-07-26T20:30:00+0200,11.9715,MW,DK2,DK_2,actual_solar_generation,Solar,2026-08-26T10:27:13Z
2026-08-26T10:01:57Z,2026-08-26T12:01:57+0200,de5651f7-a4c0-4808-ad66-e3bdff44187a,2026-07-26T18:45:00Z,2026-07-26T20:45:00+0200,7.30824,MW,DK2,DK_2,actual_solar_generation,Solar,2026-08-26T10:27:13Z
2026-08-26T10:01:57Z,2026-08-26T12:01:57+0200,de5651f7-a4c0-4808-ad66-e3bdff44187a,2026-07-26T19:00:00Z,2026-07-26T21:00:00+0200,4.5496,MW,DK2,DK_2,actual_solar_generation,Solar,2026-08-26T10:27:13Z
2026-08-26T10:01:57Z,2026-08-26T12:01:57+0200,de5651f7-a4c0-4808-ad66-e3bdff44187a,2026-07-26T19:15:00Z,2026-07-26T21:15:00+0200,0.513124,MW,DK2,DK_2,actual_solar_generation,Solar,2026-08-26T10:27:13Z
2026-08-26T10:01:57Z,2026-08-26T12:01:57+0200,de5651f7-a4c0-4808-ad66-e3bdff44187a,2026-07-26T19:30:00Z,2026-07-26T21:30:00+0200,0.074821,MW,DK2,DK_2,actual_solar_generation,Solar,2026-08-26T10:27:13Z
2026-08-26T10:01:57Z,2026-08-26T12:01:57+0200,de5651f7-a4c0-4808-ad66-e3bdff44187a,2026-07-26T19:45:00Z,2026-07-26T21:45:00+0200,0.269825,MW,DK2,DK_2,actual_solar_generation,Solar,2026-08-26T10:27:13Z
2026-08-26T10:01:57Z,2026-08-26T12:01:57+0200,de5651f7-a4c0-4808-ad66-e3bdff44187a,2026-07-26T20:00:00Z,2026-07-26T22:00:00+0200,0.312035,MW,DK2,DK_2,actual_solar_generation,Solar,2026-08-26T10:27:13Z
2026-08-26T10:01:57Z,2026-08-26T12:01:57+0200,de5651f7-a4c0-4808-ad66-e3bdff44187a,2026-07-26T20:15:00Z,2026-07-26T22:15:00+0200,0.321496,MW,DK2,DK_2,actual_solar_generation,Solar,2026-08-26T10:27:13Z
2026-08-26T10:01:57Z,2026-08-26T12:01:57+0200,de5651f7-a4c0-4808-ad66-e3bdff44187a,2026-07-26T20:30:00Z,2026-07-26T22:30:00+0200,0.332986,MW,DK2,DK_2,actual_solar_generation,Solar,2026-08-26T10:27:13Z
2026-08-26T10:01:57Z,2026-08-26T12:01:57+0200,de5651f7-a4c0-4808-ad66-e3bdff44187a,2026-07-26T20:45:00Z,2026-07-26T22:45:00+0200,0.0,MW,DK2,DK_2,actual_solar_generation,Solar,2026-08-26T10:27:13Z
2026-08-26T10:01:57Z,2026-08-26T12:01:57+0200,de5651f7-a4c0-4808-ad66-e3bdff44187a,2026-07-26T21:00:00Z,2026-07-26T23:00:00+0200,0.0,MW,DK2,DK_2,actual_solar_generation,Solar,2026-08-26T10:27:13Z
2026-08-26T10:01:57Z,2026-08-26T12:01:57+0200,de5651f7-a4c0-4808-ad66-e3bdff44187a,2026-07-26T21:15:00Z,2026-07-26T23:15:00+0200,0.0,MW,DK2,DK_2,actual_solar_generation,Solar,2026-08-26T10:27:13Z
2026-08-26T10:01:57Z,2026-08-26T12:01:57+0200,de5651f7-a4c0-4808-ad66-e3bdff44187a,2026-07-26T21:30:00Z,2026-07-26T23:30:00+0200,0.0,MW,DK2,DK_2,actual_solar_generation,Solar,2026-08-26T10:27:13Z
2026-08-26T10:01:57Z,2026-08-26T12:01:57+0200,de5651f7-a4c0-4808-ad66-e3bdff44187a,2026-07-26T21:45:00Z,2026-07-26T23:45:00+0200,0.0,MW,DK2,DK_2,actual_solar_generation,Solar,2026-08-26T10:27:13Z
2026-08-26T10:01:57Z,2026-08-26T12:01:57+0200,de5651f7-a4c0-4808-ad66-e3bdff44187a,2026-07-26T22:00:00Z,2026-07-27T00:00:00+0200,0.0,MW,DK2,DK_2,actual_solar_generation,Solar,2026-08-26T10:27:13Z
2026-08-26T10:01:57Z,2026-08-26T12:01:57+0200,de5651f7-a4c0-4808-ad66-e3bdff44187a,2026-07-26T22:15:00Z,2026-07-27T00:15:00+0200,0.0,MW,DK2,DK_2,actual_solar_generation,Solar,2026-08-26T10:27:13Z
2026-08-26T10:01:57Z,2026-08-26T12:01:57+0200,de5651f7-a4c0-4808-ad66-e3bdff44187a,2026-07-26T22:30:00Z,2026-07-27T00:30:00+0200,0.0,MW,DK2,DK_2,actual_solar_generation,Solar,2026-08-26T10:27:13Z
2026-08-26T10:01:57Z,2026-08-26T12:01:57+0200,de5651f7-a4c0-4808-ad66-e3bdff44187a,2026-07-26T22:45:00Z,2026-07-27T00:45:00+0200,0.0,MW,DK2,DK_2,actual_solar_generation,Solar,2026-08-26T10:27:13Z
2026-08-26T10:01:57Z,2026-08-26T12:01:57+0200,de5651f7-a4c0-4808-ad66-e3bdff44187a,2026-07-26T23:00:00Z,2026-07-27T01:00:00+0200,0.0,MW,DK2,DK_2,actual_solar_generation,Solar,2026-08-26T10:27:13Z
2026-08-26T10:01:57Z,2026-08-26T12:01:57+0200,de5651f7-a4c0-4808-ad66-e3bdff44187a,2026-07-26T23:15:00Z,2026-07-27T01:15:00+0200,0.0,MW,DK2,DK_2,actual_solar_generation,Solar,2026-08-26T10:27:13Z
2026-08-26T10:01:57Z,2026-08-26T12:01:57+0200,de5651f7-a4c0-4808-ad66-e3bdff44187a,2026-07-26T23:30:00Z,2026-07-27T01:30:00+0200,0.0,MW,DK2,DK_2,actual_solar_generation,Solar,2026-08-26T10:27:13Z
2026-08-26T10:01:57Z,2026-08-26T12:01:57+0200,de5651f7-a4c0-4808-ad66-e3bdff44187a,2026-07-26T23:45:00Z,2026-07-27T01:45:00+0200,0.0,MW,DK2,DK_2,actual_solar_generation,Solar,2026-08-26T10:27:13Z
2026-08-26T10:01:57Z,2026-08-26T12:01:57+0200,de5651f7-a4c0-4808-ad66-e3bdff44187a,2026-07-27T00:00:00Z,2026-07-27T02:00:00+0200,0.0,MW,DK2,DK_2,actual_solar_generation,Solar,2026-08-26T10:27:13Z
2026-08-26T10:01:57Z,2026-08-26T12:01:57+0200,de5651f7-a4c0-4808-ad66-e3bdff44187a,2026-07-27T00:15:00Z,2026-07-27T02:15:00+0200,0.0,MW,DK2,DK_2,actual_solar_generation,Solar,2026-08-26T10:27:13Z
2026-08-26T10:01:57Z,2026-08-26T12:01:57+0200,de5651f7-a4c0-4808-ad66-e3bdff44187a,2026-07-27T00:30:00Z,2026-07-27T02:30:00+0200,0.0,MW,DK2,DK_2,actual_solar_generation,Solar,2026-08-26T10:27:13Z
2026-08-26T10:01:57Z,2026-08-26T12:01:57+0200,de5651f7-a4c0-4808-ad66-e3bdff44187a,2026-07-27T00:45:00Z,2026-07-27T02:45:00+0200,0.0,MW,DK2,DK_2,actual_solar_generation,Solar,2026-08-26T10:27:13Z
2026-08-26T10:01:57Z,2026-08-26T12:01:57+0200,de5651f7-a4c0-4808-ad66-e3bdff44187a,2026-07-27T01:00:00Z,2026-07-27T03:00:00+0200,0.0,MW,DK2,DK_2,actual_solar_generation,Solar,2026-08-26T10:27:13Z
2026-08-26T10:01:57Z,2026-08-26T12:01:57+0200,de5651f7-a4c0-4808-ad66-e3bdff44187a,2026-07-27T01:15:00Z,2026-07-27T03:15:00+0200,0.0,MW,DK2,DK_2,actual_solar_generation,Solar,2026-08-26T10:27:13Z
2026-08-26T10:01:57Z,2026-08-26T12:01:57+0200,de5651f7-a4c0-4808-ad66-e3bdff44187a,2026-07-27T01:30:00Z,2026-07-27T03:30:00+0200,0.0,MW,DK2,DK_2,actual_solar_generation,Solar,2026-08-26T10:27:13Z
2026-08-26T10:01:57Z,2026-08-26T12:01:57+0200,de5651f7-a4c0-4808-ad66-e3bdff44187a,2026-07-27T01:45:00Z,2026-07-27T03:45:00+0200,0.0,MW,DK2,DK_2,actual_solar_generation,Solar,2026-08-26T10:27:13Z
2026-08-26T10:01:57Z,2026-08-26T12:01:57+0200,de5651f7-a4c0-4808-ad66-e3bdff44187a,2026-07-27T02:00:00Z,2026-07-27T04:00:00+0200,0.0,MW,DK2,DK_2,actual_solar_generation,Solar,2026-08-26T10:27:13Z
2026-08-26T10:01:57Z,2026-08-26T12:01:57+0200,de5651f7-a4c0-4808-ad66-e3bdff44187a,2026-07-27T02:15:00Z,2026-07-27T04:15:00+0200,0.0,MW,DK2,DK_2,actual_solar_generation,Solar,2026-08-26T10:27:13Z
2026-08-26T10:01:57Z,2026-08-26T12:01:57+0200,de5651f7-a4c0-4808-ad66-e3bdff44187a,2026-07-27T02:30:00Z,2026-07-27T04:30:00+0200,0.0,MW,DK2,DK_2,actual_solar_generation,Solar,2026-08-26T10:27:13Z
2026-08-26T10:01:57Z,2026-08-26T12:01:57+0200,de5651f7-a4c0-4808-ad66-e3bdff44187a,2026-07-27T02:45:00Z,2026-07-27T04:45:00+0200,0.0,MW,DK2,DK_2,actual_solar_generation,Solar,2026-08-26T10:27:13Z
2026-08-26T10:01:57Z,2026-08-26T12:01:57+0200,de5651f7-a4c0-4808-ad66-e3bdff44187a,2026-07-27T03:00:00Z,2026-07-27T05:00:00+0200,0.0,MW,DK2,DK_2,actual_solar_generation,Solar,2026-08-26T10:27:13Z
2026-08-26T10:01:57Z,2026-08-26T12:01:57+0200,de5651f7-a4c0-4808-ad66-e3bdff44187a,2026-07-27T03:15:00Z,2026-07-27T05:15:00+0200,0.0,MW,DK2,DK_2,actual_solar_generation,Solar,2026-08-26T10:27:13Z
2026-08-26T10:01:57Z,2026-08-26T12:01:57+0200,de5651f7-a4c0-4808-ad66-e3bdff44187a,2026-07-27T03:30:00Z,2026-07-27T05:30:00+0200,4.1599,MW,DK2,DK_2,actual_solar_generation,Solar,2026-08-26T10:27:13Z
2026-08-26T10:01:57Z,2026-08-26T12:01:57+0200,de5651f7-a4c0-4808-ad66-e3bdff44187a,2026-07-27T03:45:00Z,2026-07-27T05:45:00+0200,11.4182,MW,DK2,DK_2,actual_solar_generation,Solar,2026-08-26T10:27:13Z
2026-08-26T10:01:57Z,2026-08-26T12:01:57+0200,de5651f7-a4c0-4808-ad66-e3bdff44187a,2026-07-27T04:00:00Z,2026-07-27T06:00:00+0200,24.7423,MW,DK2,DK_2,actual_solar_generation,Solar,2026-08-26T10:27:13Z
2026-08-26T10:01:57Z,2026-08-26T12:01:57+0200,de5651f7-a4c0-4808-ad66-e3bdff44187a,2026-07-27T04:15:00Z,2026-07-27T06:15:00+0200,44.081,MW,DK2,DK_2,actual_solar_generation,Solar,2026-08-26T10:27:13Z
2026-08-26T10:01:57Z,2026-08-26T12:01:57+0200,de5651f7-a4c0-4808-ad66-e3bdff44187a,2026-07-27T04:30:00Z,2026-07-27T06:30:00+0200,63.1149,MW,DK2,DK_2,actual_solar_generation,Solar,2026-08-26T10:27:13Z
2026-08-26T10:01:57Z,2026-08-26T12:01:57+0200,de5651f7-a4c0-4808-ad66-e3bdff44187a,2026-07-27T04:45:00Z,2026-07-27T06:45:00+0200,85.4624,MW,DK2,DK_2,actual_solar_generation,Solar,2026-08-26T10:27:13Z
2026-08-26T10:01:57Z,2026-08-26T12:01:57+0200,de5651f7-a4c0-4808-ad66-e3bdff44187a,2026-07-27T05:00:00Z,2026-07-27T07:00:00+0200,146.927,MW,DK2,DK_2,actual_solar_generation,Solar,2026-08-26T10:27:13Z
2026-08-26T10:01:57Z,2026-08-26T12:01:57+0200,de5651f7-a4c0-4808-ad66-e3bdff44187a,2026-07-27T05:15:00Z,2026-07-27T07:15:00+0200,210.291,MW,DK2,DK_2,actual_solar_generation,Solar,2026-08-26T10:27:13Z
2026-08-26T10:01:57Z,2026-08-26T12:01:57+0200,de5651f7-a4c0-4808-ad66-e3bdff44187a,2026-07-27T05:30:00Z,2026-07-27T07:30:00+0200,270.341,MW,DK2,DK_2,actual_solar_generation,Solar,2026-08-26T10:27:13Z
2026-08-26T10:01:57Z,2026-08-26T12:01:57+0200,de5651f7-a4c0-4808-ad66-e3bdff44187a,2026-07-27T05:45:00Z,2026-07-27T07:45:00+0200,344.578,MW,DK2,DK_2,actual_solar_generation,Solar,2026-08-26T10:27:13Z
2026-08-26T10:01:57Z,2026-08-26T12:01:57+0200,de5651f7-a4c0-4808-ad66-e3bdff44187a,2026-07-27T06:00:00Z,2026-07-27T08:00:00+0200,411.442,MW,DK2,DK_2,actual_solar_generation,Solar,2026-08-26T10:27:13Z
2026-08-26T10:01:57Z,2026-08-26T12:01:57+0200,de5651f7-a4c0-4808-ad66-e3bdff44187a,2026-07-27T06:15:00Z,2026-07-27T08:15:00+0200,482.523,MW,DK2,DK_2,actual_solar_generation,Solar,2026-08-26T10:27:13Z
2026-08-26T10:01:57Z,2026-08-26T12:01:57+0200,de5651f7-a4c0-4808-ad66-e3bdff44187a,2026-07-27T06:30:00Z,2026-07-27T08:30:00+0200,522.888,MW,DK2,DK_2,actual_solar_generation,Solar,2026-08-26T10:27:13Z
2026-08-26T10:01:57Z,2026-08-26T12:01:57+0200,de5651f7-a4c0-4808-ad66-e3bdff44187a,2026-07-27T06:45:00Z,2026-07-27T08:45:00+0200,599.042,MW,DK2,DK_2,actual_solar_generation,Solar,2026-08-26T10:27:13Z
2026-08-26T10:01:57Z,2026-08-26T12:01:57+0200,de5651f7-a4c0-4808-ad66-e3bdff44187a,2026-07-27T07:00:00Z,2026-07-27T09:00:00+0200,518.177,MW,DK2,DK_2,actual_solar_generation,Solar,2026-08-26T10:27:13Z
2026-08-26T10:01:57Z,2026-08-26T12:01:57+0200,de5651f7-a4c0-4808-ad66-e3bdff44187a,2026-07-27T07:15:00Z,2026-07-27T09:15:00+0200,541.112,MW,DK2,DK_2,actual_solar_generation,Solar,2026-08-26T10:27:13Z
2026-08-26T10:01:57Z,2026-08-26T12:01:57+0200,de5651f7-a4c0-4808-ad66-e3bdff44187a,2026-07-27T07:30:00Z,2026-07-27T09:30:00+0200,608.485,MW,DK2,DK_2,actual_solar_generation,Solar,2026-08-26T10:27:13Z
2026-08-26T10:01:57Z,2026-08-26T12:01:57+0200,de5651f7-a4c0-4808-ad66-e3bdff44187a,2026-07-27T07:45:00Z,2026-07-27T09:45:00+0200,560.284,MW,DK2,DK_2,actual_solar_generation,Solar,2026-08-26T10:27:13Z
2026-08-26T10:01:57Z,2026-08-26T12:01:57+0200,de5651f7-a4c0-4808-ad66-e3bdff44187a,2026-07-27T08:00:00Z,2026-07-27T10:00:00+0200,613.221,MW,DK2,DK_2,actual_solar_generation,Solar,2026-08-26T10:27:13Z
2026-08-26T10:01:57Z,2026-08-26T12:01:57+0200,de5651f7-a4c0-4808-ad66-e3bdff44187a,2026-07-27T08:15:00Z,2026-07-27T10:15:00+0200,667.594,MW,DK2,DK_2,actual_solar_generation,Solar,2026-08-26T10:27:13Z
2026-08-26T10:01:57Z,2026-08-26T12:01:57+0200,de5651f7-a4c0-4808-ad66-e3bdff44187a,2026-07-27T08:30:00Z,2026-07-27T10:30:00+0200,693.808,MW,DK2,DK_2,actual_solar_generation,Solar,2026-08-26T10:27:13Z
2026-08-26T10:01:57Z,2026-08-26T12:01:57+0200,de5651f7-a4c0-4808-ad66-e3bdff44187a,2026-07-27T08:45:00Z,2026-07-27T10:45:00+0200,707.156,MW,DK2,DK_2,actual_solar_generation,Solar,2026-08-26T10:27:13Z
2026-08-26T10:01:57Z,2026-08-26T12:01:57+0200,de5651f7-a4c0-4808-ad66-e3bdff44187a,2026-07-27T09:00:00Z,2026-07-27T11:00:00+0200,646.974,MW,DK2,DK_2,actual_solar_generation,Solar,2026-08-26T10:27:13Z
2026-08-26T10:01:57Z,2026-08-26T12:01:57+0200,de5651f7-a4c0-4808-ad66-e3bdff44187a,2026-07-27T09:15:00Z,2026-07-27T11:15:00+0200,658.158,MW,DK2,DK_2,actual_solar_generation,Solar,2026-08-26T10:27:13Z
2026-08-26T10:01:57Z,2026-08-26T12:01:57+0200,de5651f7-a4c0-4808-ad66-e3bdff44187a,2026-07-27T09:30:00Z,2026-07-27T11:30:00+0200,644.988,MW,DK2,DK_2,actual_solar_generation,Solar,2026-08-26T10:27:13Z
2026-08-26T10:01:57Z,2026-08-26T12:01:57+0200,de5651f7-a4c0-4808-ad66-e3bdff44187a,2026-07-27T09:45:00Z,2026-07-27T11:45:00+0200,638.742,MW,DK2,DK_2,actual_solar_generation,Solar,2026-08-26T10:27:13Z
2026-08-26T10:01:57Z,2026-08-26T12:01:57+0200,de5651f7-a4c0-4808-ad66-e3bdff44187a,2026-07-27T10:00:00Z,2026-07-27T12:00:00+0200,695.852,MW,DK2,DK_2,actual_solar_generation,Solar,2026-08-26T10:27:13Z
2026-08-26T10:01:57Z,2026-08-26T12:01:57+0200,de5651f7-a4c0-4808-ad66-e3bdff44187a,2026-07-27T10:15:00Z,2026-07-27T12:15:00+0200,662.612,MW,DK2,DK_2,actual_solar_generation,Solar,2026-08-26T10:27:13Z
2026-08-26T10:01:57Z,2026-08-26T12:01:57+0200,de5651f7-a4c0-4808-ad66-e3bdff44187a,2026-07-27T10:30:00Z,2026-07-27T12:30:00+0200,648.938,MW,DK2,DK_2,actual_solar_generation,Solar,2026-08-26T10:27:13Z
2026-08-26T10:01:57Z,2026-08-26T12:01:57+0200,de5651f7-a4c0-4808-ad66-e3bdff44187a,2026-07-27T10:45:00Z,2026-07-27T12:45:00+0200,661.97,MW,DK2,DK_2,actual_solar_generation,Solar,2026-08-26T10:27:13Z
2026-08-26T10:01:57Z,2026-08-26T12:01:57+0200,de5651f7-a4c0-4808-ad66-e3bdff44187a,2026-07-27T11:00:00Z,2026-07-27T13:00:00+0200,748.049,MW,DK2,DK_2,actual_solar_generation,Solar,2026-08-26T10:27:13Z
2026-08-26T10:01:57Z,2026-08-26T12:01:57+0200,de5651f7-a4c0-4808-ad66-e3bdff44187a,2026-07-27T11:15:00Z,2026-07-27T13:15:00+0200,807.637,MW,DK2,DK_2,actual_solar_generation,Solar,2026-08-26T10:27:13Z
2026-08-26T10:01:57Z,2026-08-26T12:01:57+0200,de5651f7-a4c0-4808-ad66-e3bdff44187a,2026-07-27T11:30:00Z,2026-07-27T13:30:00+0200,741.856,MW,DK2,DK_2,actual_solar_generation,Solar,2026-08-26T10:27:13Z
2026-08-26T10:01:57Z,2026-08-26T12:01:57+0200,de5651f7-a4c0-4808-ad66-e3bdff44187a,2026-07-27T11:45:00Z,2026-07-27T13:45:00+0200,684.318,MW,DK2,DK_2,actual_solar_generation,Solar,2026-08-26T10:27:13Z
2026-08-26T10:01:57Z,2026-08-26T12:01:57+0200,de5651f7-a4c0-4808-ad66-e3bdff44187a,2026-07-27T12:00:00Z,2026-07-27T14:00:00+0200,694.979,MW,DK2,DK_2,actual_solar_generation,Solar,2026-08-26T10:27:13Z
2026-08-26T10:01:57Z,2026-08-26T12:01:57+0200,de5651f7-a4c0-4808-ad66-e3bdff44187a,2026-07-27T12:15:00Z,2026-07-27T14:15:00+0200,760.781,MW,DK2,DK_2,actual_solar_generation,Solar,2026-08-26T10:27:13Z
2026-08-26T10:01:57Z,2026-08-26T12:01:57+0200,de5651f7-a4c0-4808-ad66-e3bdff44187a,2026-07-27T12:30:00Z,2026-07-27T14:30:00+0200,791.251,MW,DK2,DK_2,actual_solar_generation,Solar,2026-08-26T10:27:13Z
2026-08-26T10:01:57Z,2026-08-26T12:01:57+0200,de5651f7-a4c0-4808-ad66-e3bdff44187a,2026-07-27T12:45:00Z,2026-07-27T14:45:00+0200,831.965,MW,DK2,DK_2,actual_solar_generation,Solar,2026-08-26T10:27:13Z
2026-08-26T10:01:57Z,2026-08-26T12:01:57+0200,de5651f7-a4c0-4808-ad66-e3bdff44187a,2026-07-27T13:00:00Z,2026-07-27T15:00:00+0200,772.113,MW,DK2,DK_2,actual_solar_generation,Solar,2026-08-26T10:27:13Z
2026-08-26T10:01:57Z,2026-08-26T12:01:57+0200,de5651f7-a4c0-4808-ad66-e3bdff44187a,2026-07-27T13:15:00Z,2026-07-27T15:15:00+0200,806.179,MW,DK2,DK_2,actual_solar_generation,Solar,2026-08-26T10:27:13Z
2026-08-26T10:01:57Z,2026-08-26T12:01:57+0200,de5651f7-a4c0-4808-ad66-e3bdff44187a,2026-07-27T13:30:00Z,2026-07-27T15:30:00+0200,751.572,MW,DK2,DK_2,actual_solar_generation,Solar,2026-08-26T10:27:13Z
2026-08-26T10:01:57Z,2026-08-26T12:01:57+0200,de5651f7-a4c0-4808-ad66-e3bdff44187a,2026-07-27T13:45:00Z,2026-07-27T15:45:00+0200,704.02,MW,DK2,DK_2,actual_solar_generation,Solar,2026-08-26T10:27:13Z
2026-08-26T10:01:57Z,2026-08-26T12:01:57+0200,de5651f7-a4c0-4808-ad66-e3bdff44187a,2026-07-27T14:00:00Z,2026-07-27T16:00:00+0200,650.666,MW,DK2,DK_2,actual_solar_generation,Solar,2026-08-26T10:27:13Z
2026-08-26T10:01:57Z,2026-08-26T12:01:57+0200,de5651f7-a4c0-4808-ad66-e3bdff44187a,2026-07-27T14:15:00Z,2026-07-27T16:15:00+0200,595.534,MW,DK2,DK_2,actual_solar_generation,Solar,2026-08-26T10:27:13Z
2026-08-26T10:01:57Z,2026-08-26T12:01:57+0200,de5651f7-a4c0-4808-ad66-e3bdff44187a,2026-07-27T14:30:00Z,2026-07-27T16:30:00+0200,512.489,MW,DK2,DK_2,actual_solar_generation,Solar,2026-08-26T10:27:13Z
2026-08-26T10:01:57Z,2026-08-26T12:01:57+0200,de5651f7-a4c0-4808-ad66-e3bdff44187a,2026-07-27T14:45:00Z,2026-07-27T16:45:00+0200,485.68,MW,DK2,DK_2,actual_solar_generation,Solar,2026-08-26T10:27:13Z
2026-08-26T10:01:57Z,2026-08-26T12:01:57+0200,de5651f7-a4c0-4808-ad66-e3bdff44187a,2026-07-27T15:00:00Z,2026-07-27T17:00:00+0200,431.66,MW,DK2,DK_2,actual_solar_generation,Solar,2026-08-26T10:27:13Z
2026-08-26T10:01:57Z,2026-08-26T12:01:57+0200,de5651f7-a4c0-4808-ad66-e3bdff44187a,2026-07-27T15:15:00Z,2026-07-27T17:15:00+0200,370.487,MW,DK2,DK_2,actual_solar_generation,Solar,2026-08-26T10:27:13Z
2026-08-26T10:01:57Z,2026-08-26T12:01:57+0200,de5651f7-a4c0-4808-ad66-e3bdff44187a,2026-07-27T15:30:00Z,2026-07-27T17:30:00+0200,311.466,MW,DK2,DK_2,actual_solar_generation,Solar,2026-08-26T10:27:13Z
2026-08-26T10:01:57Z,2026-08-26T12:01:57+0200,de5651f7-a4c0-4808-ad66-e3bdff44187a,2026-07-27T15:45:00Z,2026-07-27T17:45:00+0200,321.115,MW,DK2,DK_2,actual_solar_generation,Solar,2026-08-26T10:27:13Z
2026-08-26T10:01:57Z,2026-08-26T12:01:57+0200,de5651f7-a4c0-4808-ad66-e3bdff44187a,2026-07-27T16:00:00Z,2026-07-27T18:00:00+0200,251.53,MW,DK2,DK_2,actual_solar_generation,Solar,2026-08-26T10:27:13Z
2026-08-26T10:01:57Z,2026-08-26T12:01:57+0200,de5651f7-a4c0-4808-ad66-e3bdff44187a,2026-07-27T16:15:00Z,2026-07-27T18:15:00+0200,218.918,MW,DK2,DK_2,actual_solar_generation,Solar,2026-08-26T10:27:13Z
2026-08-26T10:01:57Z,2026-08-26T12:01:57+0200,de5651f7-a4c0-4808-ad66-e3bdff44187a,2026-07-27T16:30:00Z,2026-07-27T18:30:00+0200,219.349,MW,DK2,DK_2,actual_solar_generation,Solar,2026-08-26T10:27:13Z
2026-08-26T10:01:57Z,2026-08-26T12:01:57+0200,de5651f7-a4c0-4808-ad66-e3bdff44187a,2026-07-27T16:45:00Z,2026-07-27T18:45:00+0200,226.434,MW,DK2,DK_2,actual_solar_generation,Solar,2026-08-26T10:27:13Z
2026-08-26T10:01:57Z,2026-08-26T12:01:57+0200,de5651f7-a4c0-4808-ad66-e3bdff44187a,2026-07-27T17:00:00Z,2026-07-27T19:00:00+0200,231.644,MW,DK2,DK_2,actual_solar_generation,Solar,2026-08-26T10:27:13Z
2026-08-26T10:01:57Z,2026-08-26T12:01:57+0200,de5651f7-a4c0-4808-ad66-e3bdff44187a,2026-07-27T17:15:00Z,2026-07-27T19:15:00+0200,194.52,MW,DK2,DK_2,actual_solar_generation,Solar,2026-08-26T10:27:13Z
2026-08-26T10:01:57Z,2026-08-26T12:01:57+0200,de5651f7-a4c0-4808-ad66-e3bdff44187a,2026-07-27T17:30:00Z,2026-07-27T19:30:00+0200,190.571,MW,DK2,DK_2,actual_solar_generation,Solar,2026-08-26T10:27:13Z
2026-08-26T10:01:57Z,2026-08-26T12:01:57+0200,de5651f7-a4c0-4808-ad66-e3bdff44187a,2026-07-27T17:45:00Z,2026-07-27T19:45:00+0200,140.544,MW,DK2,DK_2,actual_solar_generation,Solar,2026-08-26T10:27:13Z
2026-08-26T10:01:57Z,2026-08-26T12:01:57+0200,de5651f7-a4c0-4808-ad66-e3bdff44187a,2026-07-27T18:00:00Z,2026-07-27T20:00:00+0200,77.8355,MW,DK2,DK_2,actual_solar_generation,Solar,2026-08-26T10:27:13Z
2026-08-26T10:01:57Z,2026-08-26T12:01:57+0200,de5651f7-a4c0-4808-ad66-e3bdff44187a,2026-07-27T18:15:00Z,2026-07-27T20:15:00+0200,57.7525,MW,DK2,DK_2,actual_solar_generation,Solar,2026-08-26T10:27:13Z
2026-08-26T10:01:57Z,2026-08-26T12:01:57+0200,de5651f7-a4c0-4808-ad66-e3bdff44187a,2026-07-27T18:30:00Z,2026-07-27T20:30:00+0200,38.5487,MW,DK2,DK_2,actual_solar_generation,Solar,2026-08-26T10:27:13Z
2026-08-26T10:01:57Z,2026-08-26T12:01:57+0200,de5651f7-a4c0-4808-ad66-e3bdff44187a,2026-07-27T18:45:00Z,2026-07-27T20:45:00+0200,22.9691,MW,DK2,DK_2,actual_solar_generation,Solar,2026-08-26T10:27:13Z
2026-08-26T10:01:57Z,2026-08-26T12:01:57+0200,de5651f7-a4c0-4808-ad66-e3bdff44187a,2026-07-27T19:00:00Z,2026-07-27T21:00:00+0200,13.4373,MW,DK2,DK_2,actual_solar_generation,Solar,2026-08-26T10:27:13Z
2026-08-26T10:01:57Z,2026-08-26T12:01:57+0200,de5651f7-a4c0-4808-ad66-e3bdff44187a,2026-07-27T19:15:00Z,2026-07-27T21:15:00+0200,3.38408,MW,DK2,DK_2,actual_solar_generation,Solar,2026-08-26T10:27:13Z
2026-08-26T10:01:57Z,2026-08-26T12:01:57+0200,de5651f7-a4c0-4808-ad66-e3bdff44187a,2026-07-27T19:30:00Z,2026-07-27T21:30:00+0200,0.498993,MW,DK2,DK_2,actual_solar_generation,Solar,2026-08-26T10:27:13Z
2026-08-26T10:01:57Z,2026-08-26T12:01:57+0200,de5651f7-a4c0-4808-ad66-e3bdff44187a,2026-07-27T19:45:00Z,2026-07-27T21:45:00+0200,0.068188,MW,DK2,DK_2,actual_solar_generation,Solar,2026-08-26T10:27:13Z
2026-08-26T10:01:57Z,2026-08-26T12:01:57+0200,de5651f7-a4c0-4808-ad66-e3bdff44187a,2026-07-27T20:00:00Z,2026-07-27T22:00:00+0200,0.20114,MW,DK2,DK_2,actual_solar_generation,Solar,2026-08-26T10:27:13Z
2026-08-26T10:01:57Z,2026-08-26T12:01:57+0200,de5651f7-a4c0-4808-ad66-e3bdff44187a,2026-07-27T20:15:00Z,2026-07-27T22:15:00+0200,0.255524,MW,DK2,DK_2,actual_solar_generation,Solar,2026-08-26T10:27:13Z
2026-08-26T10:01:57Z,2026-08-26T12:01:57+0200,de5651f7-a4c0-4808-ad66-e3bdff44187a,2026-07-27T20:30:00Z,2026-07-27T22:30:00+0200,0.0,MW,DK2,DK_2,actual_solar_generation,Solar,2026-08-26T10:27:13Z
2026-08-26T10:01:57Z,2026-08-26T12:01:57+0200,de5651f7-a4c0-4808-ad66-e3bdff44187a,2026-07-27T20:45:00Z,2026-07-27T22:45:00+0200,0.0,MW,DK2,DK_2,actual_solar_generation,Solar,2026-08-26T10:27:13Z
2026-08-26T10:01:57Z,2026-08-26T12:01:57+0200,de5651f7-a4c0-4808-ad66-e3bdff44187a,2026-07-27T21:00:00Z,2026-07-27T23:00:00+0200,0.0,MW,DK2,DK_2,actual_solar_generation,Solar,2026-08-26T10:27:13Z
2026-08-26T10:01:57Z,2026-08-26T12:01:57+0200,de5651f7-a4c0-4808-ad66-e3bdff44187a,2026-07-27T21:15:00Z,2026-07-27T23:15:00+0200,0.0,MW,DK2,DK_2,actual_solar_generation,Solar,2026-08-26T10:27:13Z
2026-08-26T10:01:57Z,2026-08-26T12:01:57+0200,de5651f7-a4c0-4808-ad66-e3bdff44187a,2026-07-27T21:30:00Z,2026-07-27T23:30:00+0200,0.0,MW,DK2,DK_2,actual_solar_generation,Solar,2026-08-26T10:27:13Z
2026-08-26T10:01:57Z,2026-08-26T12:01:57+0200,de5651f7-a4c0-4808-ad66-e3bdff44187a,2026-07-27T21:45:00Z,2026-07-27T23:45:00+0200,0.0,MW,DK2,DK_2,actual_solar_generation,Solar,2026-08-26T10:27:13Z
2026-08-26T10:01:57Z,2026-08-26T12:01:57+0200,de5651f7-a4c0-4808-ad66-e3bdff44187a,2026-07-27T22:00:00Z,2026-07-28T00:00:00+0200,0.0,MW,DK2,DK_2,actual_solar_generation,Solar,2026-08-26T10:27:13Z
2026-08-26T10:01:57Z,2026-08-26T12:01:57+0200,de5651f7-a4c0-4808-ad66-e3bdff44187a,2026-07-27T22:15:00Z,2026-07-28T00:15:00+0200,0.0,MW,DK2,DK_2,actual_solar_generation,Solar,2026-08-26T10:27:13Z
2026-08-26T10:01:57Z,2026-08-26T12:01:57+0200,de5651f7-a4c0-4808-ad66-e3bdff44187a,2026-07-27T22:30:00Z,2026-07-28T00:30:00+0200,0.0,MW,DK2,DK_2,actual_solar_generation,Solar,2026-08-26T10:27:13Z
2026-08-26T10:01:57Z,2026-08-26T12:01:57+0200,de5651f7-a4c0-4808-ad66-e3bdff44187a,2026-07-27T22:45:00Z,2026-07-28T00:45:00+0200,0.0,MW,DK2,DK_2,actual_solar_generation,Solar,2026-08-26T10:27:13Z
2026-08-26T10:01:57Z,2026-08-26T12:01:57+0200,de5651f7-a4c0-4808-ad66-e3bdff44187a,2026-07-27T23:00:00Z,2026-07-28T01:00:00+0200,0.0,MW,DK2,DK_2,actual_solar_generation,Solar,2026-08-26T10:27:13Z
2026-08-26T10:01:57Z,2026-08-26T12:01:57+0200,de5651f7-a4c0-4808-ad66-e3bdff44187a,2026-07-27T23:15:00Z,2026-07-28T01:15:00+0200,0.0,MW,DK2,DK_2,actual_solar_generation,Solar,2026-08-26T10:27:13Z
2026-08-26T10:01:57Z,2026-08-26T12:01:57+0200,de5651f7-a4c0-4808-ad66-e3bdff44187a,2026-07-27T23:30:00Z,2026-07-28T01:30:00+0200,0.0,MW,DK2,DK_2,actual_solar_generation,Solar,2026-08-26T10:27:13Z
2026-08-26T10:01:57Z,2026-08-26T12:01:57+0200,de5651f7-a4c0-4808-ad66-e3bdff44187a,2026-07-27T23:45:00Z,2026-07-28T01:45:00+0200,0.0,MW,DK2,DK_2,actual_solar_generation,Solar,2026-08-26T10:27:13Z
2026-08-26T10:01:57Z,2026-08-26T12:01:57+0200,de5651f7-a4c0-4808-ad66-e3bdff44187a,2026-07-28T00:00:00Z,2026-07-28T02:00:00+0200,0.0,MW,DK2,DK_2,actual_solar_generation,Solar,2026-08-26T10:27:13Z
2026-08-26T10:01:57Z,2026-08-26T12:01:57+0200,de5651f7-a4c0-4808-ad66-e3bdff44187a,2026-07-28T00:15:00Z,2026-07-28T02:15:00+0200,0.0,MW,DK2,DK_2,actual_solar_generation,Solar,2026-08-26T10:27:13Z
2026-08-26T10:01:57Z,2026-08-26T12:01:57+0200,de5651f7-a4c0-4808-ad66-e3bdff44187a,2026-07-28T00:30:00Z,2026-07-28T02:30:00+0200,0.0,MW,DK2,DK_2,actual_solar_generation,Solar,2026-08-26T10:27:13Z
2026-08-26T10:01:57Z,2026-08-26T12:01:57+0200,de5651f7-a4c0-4808-ad66-e3bdff44187a,2026-07-28T00:45:00Z,2026-07-28T02:45:00+0200,0.0,MW,DK2,DK_2,actual_solar_generation,Solar,2026-08-26T10:27:13Z
2026-08-26T10:01:57Z,2026-08-26T12:01:57+0200,de5651f7-a4c0-4808-ad66-e3bdff44187a,2026-07-28T01:00:00Z,2026-07-28T03:00:00+0200,0.0,MW,DK2,DK_2,actual_solar_generation,Solar,2026-08-26T10:27:13Z
2026-08-26T10:01:57Z,2026-08-26T12:01:57+0200,de5651f7-a4c0-4808-ad66-e3bdff44187a,2026-07-28T01:15:00Z,2026-07-28T03:15:00+0200,0.0,MW,DK2,DK_2,actual_solar_generation,Solar,2026-08-26T10:27:13Z
2026-08-26T10:01:57Z,2026-08-26T12:01:57+0200,de5651f7-a4c0-4808-ad66-e3bdff44187a,2026-07-28T01:30:00Z,2026-07-28T03:30:00+0200,0.0,MW,DK2,DK_2,actual_solar_generation,Solar,2026-08-26T10:27:13Z
2026-08-26T10:01:57Z,2026-08-26T12:01:57+0200,de5651f7-a4c0-4808-ad66-e3bdff44187a,2026-07-28T01:45:00Z,2026-07-28T03:45:00+0200,0.0,MW,DK2,DK_2,actual_solar_generation,Solar,2026-08-26T10:27:13Z
2026-08-26T10:01:57Z,2026-08-26T12:01:57+0200,de5651f7-a4c0-4808-ad66-e3bdff44187a,2026-07-28T02:00:00Z,2026-07-28T04:00:00+0200,0.0,MW,DK2,DK_2,actual_solar_generation,Solar,2026-08-26T10:27:13Z
2026-08-26T10:01:57Z,2026-08-26T12:01:57+0200,de5651f7-a4c0-4808-ad66-e3bdff44187a,2026-07-28T02:15:00Z,2026-07-28T04:15:00+0200,0.0,MW,DK2,DK_2,actual_solar_generation,Solar,2026-08-26T10:27:13Z
2026-08-26T10:01:57Z,2026-08-26T12:01:57+0200,de5651f7-a4c0-4808-ad66-e3bdff44187a,2026-07-28T02:30:00Z,2026-07-28T04:30:00+0200,0.0,MW,DK2,DK_2,actual_solar_generation,Solar,2026-08-26T10:27:13Z
2026-08-26T10:01:57Z,2026-08-26T12:01:57+0200,de5651f7-a4c0-4808-ad66-e3bdff44187a,2026-07-28T02:45:00Z,2026-07-28T04:45:00+0200,0.0,MW,DK2,DK_2,actual_solar_generation,Solar,2026-08-26T10:27:13Z
2026-08-26T10:01:57Z,2026-08-26T12:01:57+0200,de5651f7-a4c0-4808-ad66-e3bdff44187a,2026-07-28T03:00:00Z,2026-07-28T05:00:00+0200,0.717714,MW,DK2,DK_2,actual_solar_generation,Solar,2026-08-26T10:27:13Z
2026-08-26T10:01:57Z,2026-08-26T12:01:57+0200,de5651f7-a4c0-4808-ad66-e3bdff44187a,2026-07-28T03:15:00Z,2026-07-28T05:15:00+0200,4.52714,MW,DK2,DK_2,actual_solar_generation,Solar,2026-08-26T10:27:13Z
2026-08-26T10:01:57Z,2026-08-26T12:01:57+0200,de5651f7-a4c0-4808-ad66-e3bdff44187a,2026-07-28T03:30:00Z,2026-07-28T05:30:00+0200,15.4696,MW,DK2,DK_2,actual_solar_generation,Solar,2026-08-26T10:27:13Z
2026-08-26T10:01:57Z,2026-08-26T12:01:57+0200,de5651f7-a4c0-4808-ad66-e3bdff44187a,2026-07-28T03:45:00Z,2026-07-28T05:45:00+0200,26.3036,MW,DK2,DK_2,actual_solar_generation,Solar,2026-08-26T10:27:13Z
2026-08-26T10:01:57Z,2026-08-26T12:01:57+0200,de5651f7-a4c0-4808-ad66-e3bdff44187a,2026-07-28T04:00:00Z,2026-07-28T06:00:00+0200,42.3241,MW,DK2,DK_2,actual_solar_generation,Solar,2026-08-26T10:27:13Z
2026-08-26T10:01:57Z,2026-08-26T12:01:57+0200,de5651f7-a4c0-4808-ad66-e3bdff44187a,2026-07-28T04:15:00Z,2026-07-28T06:15:00+0200,67.679,MW,DK2,DK_2,actual_solar_generation,Solar,2026-08-26T10:27:13Z
2026-08-26T10:01:57Z,2026-08-26T12:01:57+0200,de5651f7-a4c0-4808-ad66-e3bdff44187a,2026-07-28T04:30:00Z,2026-07-28T06:30:00+0200,85.4416,MW,DK2,DK_2,actual_solar_generation,Solar,2026-08-26T10:27:13Z
2026-08-26T10:01:57Z,2026-08-26T12:01:57+0200,de5651f7-a4c0-4808-ad66-e3bdff44187a,2026-07-28T04:45:00Z,2026-07-28T06:45:00+0200,112.598,MW,DK2,DK_2,actual_solar_generation,Solar,2026-08-26T10:27:13Z
2026-08-26T10:01:57Z,2026-08-26T12:01:57+0200,de5651f7-a4c0-4808-ad66-e3bdff44187a,2026-07-28T05:00:00Z,2026-07-28T07:00:00+0200,168.592,MW,DK2,DK_2,actual_solar_generation,Solar,2026-08-26T10:27:13Z
2026-08-26T10:01:57Z,2026-08-26T12:01:57+0200,de5651f7-a4c0-4808-ad66-e3bdff44187a,2026-07-28T05:15:00Z,2026-07-28T07:15:00+0200,234.084,MW,DK2,DK_2,actual_solar_generation,Solar,2026-08-26T10:27:13Z
2026-08-26T10:01:57Z,2026-08-26T12:01:57+0200,de5651f7-a4c0-4808-ad66-e3bdff44187a,2026-07-28T05:30:00Z,2026-07-28T07:30:00+0200,282.631,MW,DK2,DK_2,actual_solar_generation,Solar,2026-08-26T10:27:13Z
2026-08-26T10:01:57Z,2026-08-26T12:01:57+0200,de5651f7-a4c0-4808-ad66-e3bdff44187a,2026-07-28T05:45:00Z,2026-07-28T07:45:00+0200,331.578,MW,DK2,DK_2,actual_solar_generation,Solar,2026-08-26T10:27:13Z
2026-08-26T10:01:57Z,2026-08-26T12:01:57+0200,de5651f7-a4c0-4808-ad66-e3bdff44187a,2026-07-28T06:00:00Z,2026-07-28T08:00:00+0200,372.276,MW,DK2,DK_2,actual_solar_generation,Solar,2026-08-26T10:27:13Z
2026-08-26T10:01:57Z,2026-08-26T12:01:57+0200,de5651f7-a4c0-4808-ad66-e3bdff44187a,2026-07-28T06:15:00Z,2026-07-28T08:15:00+0200,469.543,MW,DK2,DK_2,actual_solar_generation,Solar,2026-08-26T10:27:13Z
2026-08-26T10:01:57Z,2026-08-26T12:01:57+0200,de5651f7-a4c0-4808-ad66-e3bdff44187a,2026-07-28T06:30:00Z,2026-07-28T08:30:00+0200,522.704,MW,DK2,DK_2,actual_solar_generation,Solar,2026-08-26T10:27:13Z
2026-08-26T10:01:57Z,2026-08-26T12:01:57+0200,de5651f7-a4c0-4808-ad66-e3bdff44187a,2026-07-28T06:45:00Z,2026-07-28T08:45:00+0200,582.07,MW,DK2,DK_2,actual_solar_generation,Solar,2026-08-26T10:27:13Z
2026-08-26T10:01:57Z,2026-08-26T12:01:57+0200,de5651f7-a4c0-4808-ad66-e3bdff44187a,2026-07-28T07:00:00Z,2026-07-28T09:00:00+0200,646.576,MW,DK2,DK_2,actual_solar_generation,Solar,2026-08-26T10:27:13Z
2026-08-26T10:01:57Z,2026-08-26T12:01:57+0200,de5651f7-a4c0-4808-ad66-e3bdff44187a,2026-07-28T07:15:00Z,2026-07-28T09:15:00+0200,559.09,MW,DK2,DK_2,actual_solar_generation,Solar,2026-08-26T10:27:13Z
2026-08-26T10:01:57Z,2026-08-26T12:01:57+0200,de5651f7-a4c0-4808-ad66-e3bdff44187a,2026-07-28T07:30:00Z,2026-07-28T09:30:00+0200,549.663,MW,DK2,DK_2,actual_solar_generation,Solar,2026-08-26T10:27:13Z
2026-08-26T10:01:57Z,2026-08-26T12:01:57+0200,de5651f7-a4c0-4808-ad66-e3bdff44187a,2026-07-28T07:45:00Z,2026-07-28T09:45:00+0200,606.008,MW,DK2,DK_2,actual_solar_generation,Solar,2026-08-26T10:27:13Z
2026-08-26T10:01:57Z,2026-08-26T12:01:57+0200,de5651f7-a4c0-4808-ad66-e3bdff44187a,2026-07-28T08:00:00Z,2026-07-28T10:00:00+0200,644.255,MW,DK2,DK_2,actual_solar_generation,Solar,2026-08-26T10:27:13Z
2026-08-26T10:01:57Z,2026-08-26T12:01:57+0200,de5651f7-a4c0-4808-ad66-e3bdff44187a,2026-07-28T08:15:00Z,2026-07-28T10:15:00+0200,684.388,MW,DK2,DK_2,actual_solar_generation,Solar,2026-08-26T10:27:13Z
2026-08-26T10:01:57Z,2026-08-26T12:01:57+0200,de5651f7-a4c0-4808-ad66-e3bdff44187a,2026-07-28T08:30:00Z,2026-07-28T10:30:00+0200,757.742,MW,DK2,DK_2,actual_solar_generation,Solar,2026-08-26T10:27:13Z
2026-08-26T10:01:57Z,2026-08-26T12:01:57+0200,de5651f7-a4c0-4808-ad66-e3bdff44187a,2026-07-28T08:45:00Z,2026-07-28T10:45:00+0200,791.019,MW,DK2,DK_2,actual_solar_generation,Solar,2026-08-26T10:27:13Z
2026-08-26T10:01:57Z,2026-08-26T12:01:57+0200,de5651f7-a4c0-4808-ad66-e3bdff44187a,2026-07-28T09:00:00Z,2026-07-28T11:00:00+0200,798.309,MW,DK2,DK_2,actual_solar_generation,Solar,2026-08-26T10:27:13Z
2026-08-26T10:01:57Z,2026-08-26T12:01:57+0200,de5651f7-a4c0-4808-ad66-e3bdff44187a,2026-07-28T09:15:00Z,2026-07-28T11:15:00+0200,820.497,MW,DK2,DK_2,actual_solar_generation,Solar,2026-08-26T10:27:13Z
2026-08-26T10:01:57Z,2026-08-26T12:01:57+0200,de5651f7-a4c0-4808-ad66-e3bdff44187a,2026-07-28T09:30:00Z,2026-07-28T11:30:00+0200,787.167,MW,DK2,DK_2,actual_solar_generation,Solar,2026-08-26T10:27:13Z
2026-08-26T10:01:57Z,2026-08-26T12:01:57+0200,de5651f7-a4c0-4808-ad66-e3bdff44187a,2026-07-28T09:45:00Z,2026-07-28T11:45:00+0200,770.943,MW,DK2,DK_2,actual_solar_generation,Solar,2026-08-26T10:27:13Z
2026-08-26T10:01:57Z,2026-08-26T12:01:57+0200,de5651f7-a4c0-4808-ad66-e3bdff44187a,2026-07-28T10:00:00Z,2026-07-28T12:00:00+0200,667.468,MW,DK2,DK_2,actual_solar_generation,Solar,2026-08-26T10:27:13Z
2026-08-26T10:01:57Z,2026-08-26T12:01:57+0200,de5651f7-a4c0-4808-ad66-e3bdff44187a,2026-07-28T10:15:00Z,2026-07-28T12:15:00+0200,662.995,MW,DK2,DK_2,actual_solar_generation,Solar,2026-08-26T10:27:13Z
2026-08-26T10:01:57Z,2026-08-26T12:01:57+0200,de5651f7-a4c0-4808-ad66-e3bdff44187a,2026-07-28T10:30:00Z,2026-07-28T12:30:00+0200,603.34,MW,DK2,DK_2,actual_solar_generation,Solar,2026-08-26T10:27:13Z
2026-08-26T10:01:57Z,2026-08-26T12:01:57+0200,de5651f7-a4c0-4808-ad66-e3bdff44187a,2026-07-28T10:45:00Z,2026-07-28T12:45:00+0200,529.465,MW,DK2,DK_2,actual_solar_generation,Solar,2026-08-26T10:27:13Z
2026-08-26T10:01:57Z,2026-08-26T12:01:57+0200,de5651f7-a4c0-4808-ad66-e3bdff44187a,2026-07-28T11:00:00Z,2026-07-28T13:00:00+0200,516.866,MW,DK2,DK_2,actual_solar_generation,Solar,2026-08-26T10:27:13Z
2026-08-26T10:01:57Z,2026-08-26T12:01:57+0200,de5651f7-a4c0-4808-ad66-e3bdff44187a,2026-07-28T11:15:00Z,2026-07-28T13:15:00+0200,533.468,MW,DK2,DK_2,actual_solar_generation,Solar,2026-08-26T10:27:13Z
2026-08-26T10:01:57Z,2026-08-26T12:01:57+0200,de5651f7-a4c0-4808-ad66-e3bdff44187a,2026-07-28T11:30:00Z,2026-07-28T13:30:00+0200,510.87,MW,DK2,DK_2,actual_solar_generation,Solar,2026-08-26T10:27:13Z
2026-08-26T10:01:57Z,2026-08-26T12:01:57+0200,de5651f7-a4c0-4808-ad66-e3bdff44187a,2026-07-28T11:45:00Z,2026-07-28T13:45:00+0200,541.049,MW,DK2,DK_2,actual_solar_generation,Solar,2026-08-26T10:27:13Z
2026-08-26T10:01:57Z,2026-08-26T12:01:57+0200,de5651f7-a4c0-4808-ad66-e3bdff44187a,2026-07-28T12:00:00Z,2026-07-28T14:00:00+0200,577.77,MW,DK2,DK_2,actual_solar_generation,Solar,2026-08-26T10:27:13Z
2026-08-26T10:01:57Z,2026-08-26T12:01:57+0200,de5651f7-a4c0-4808-ad66-e3bdff44187a,2026-07-28T12:15:00Z,2026-07-28T14:15:00+0200,525.552,MW,DK2,DK_2,actual_solar_generation,Solar,2026-08-26T10:27:13Z
2026-08-26T10:01:57Z,2026-08-26T12:01:57+0200,de5651f7-a4c0-4808-ad66-e3bdff44187a,2026-07-28T12:30:00Z,2026-07-28T14:30:00+0200,514.384,MW,DK2,DK_2,actual_solar_generation,Solar,2026-08-26T10:27:13Z
2026-08-26T10:01:57Z,2026-08-26T12:01:57+0200,de5651f7-a4c0-4808-ad66-e3bdff44187a,2026-07-28T12:45:00Z,2026-07-28T14:45:00+0200,545.594,MW,DK2,DK_2,actual_solar_generation,Solar,2026-08-26T10:27:13Z
2026-08-26T10:01:57Z,2026-08-26T12:01:57+0200,de5651f7-a4c0-4808-ad66-e3bdff44187a,2026-07-28T13:00:00Z,2026-07-28T15:00:00+0200,674.812,MW,DK2,DK_2,actual_solar_generation,Solar,2026-08-26T10:27:13Z
2026-08-26T10:01:57Z,2026-08-26T12:01:57+0200,de5651f7-a4c0-4808-ad66-e3bdff44187a,2026-07-28T13:15:00Z,2026-07-28T15:15:00+0200,715.985,MW,DK2,DK_2,actual_solar_generation,Solar,2026-08-26T10:27:13Z
2026-08-26T10:01:57Z,2026-08-26T12:01:57+0200,de5651f7-a4c0-4808-ad66-e3bdff44187a,2026-07-28T13:30:00Z,2026-07-28T15:30:00+0200,751.402,MW,DK2,DK_2,actual_solar_generation,Solar,2026-08-26T10:27:13Z
2026-08-26T10:01:57Z,2026-08-26T12:01:57+0200,de5651f7-a4c0-4808-ad66-e3bdff44187a,2026-07-28T13:45:00Z,2026-07-28T15:45:00+0200,840.871,MW,DK2,DK_2,actual_solar_generation,Solar,2026-08-26T10:27:13Z
2026-08-26T10:01:57Z,2026-08-26T12:01:57+0200,de5651f7-a4c0-4808-ad66-e3bdff44187a,2026-07-28T14:00:00Z,2026-07-28T16:00:00+0200,711.77,MW,DK2,DK_2,actual_solar_generation,Solar,2026-08-26T10:27:13Z
2026-08-26T10:01:57Z,2026-08-26T12:01:57+0200,de5651f7-a4c0-4808-ad66-e3bdff44187a,2026-07-28T14:15:00Z,2026-07-28T16:15:00+0200,797.786,MW,DK2,DK_2,actual_solar_generation,Solar,2026-08-26T10:27:13Z
2026-08-26T10:01:57Z,2026-08-26T12:01:57+0200,de5651f7-a4c0-4808-ad66-e3bdff44187a,2026-07-28T14:30:00Z,2026-07-28T16:30:00+0200,807.685,MW,DK2,DK_2,actual_solar_generation,Solar,2026-08-26T10:27:13Z
2026-08-26T10:01:57Z,2026-08-26T12:01:57+0200,de5651f7-a4c0-4808-ad66-e3bdff44187a,2026-07-28T14:45:00Z,2026-07-28T16:45:00+0200,796.727,MW,DK2,DK_2,actual_solar_generation,Solar,2026-08-26T10:27:13Z
2026-08-26T10:01:57Z,2026-08-26T12:01:57+0200,de5651f7-a4c0-4808-ad66-e3bdff44187a,2026-07-28T15:00:00Z,2026-07-28T17:00:00+0200,733.879,MW,DK2,DK_2,actual_solar_generation,Solar,2026-08-26T10:27:13Z
2026-08-26T10:01:57Z,2026-08-26T12:01:57+0200,de5651f7-a4c0-4808-ad66-e3bdff44187a,2026-07-28T15:15:00Z,2026-07-28T17:15:00+0200,692.471,MW,DK2,DK_2,actual_solar_generation,Solar,2026-08-26T10:27:13Z
2026-08-26T10:01:57Z,2026-08-26T12:01:57+0200,de5651f7-a4c0-4808-ad66-e3bdff44187a,2026-07-28T15:30:00Z,2026-07-28T17:30:00+0200,622.969,MW,DK2,DK_2,actual_solar_generation,Solar,2026-08-26T10:27:13Z
2026-08-26T10:01:57Z,2026-08-26T12:01:57+0200,de5651f7-a4c0-4808-ad66-e3bdff44187a,2026-07-28T15:45:00Z,2026-07-28T17:45:00+0200,505.628,MW,DK2,DK_2,actual_solar_generation,Solar,2026-08-26T10:27:13Z
2026-08-26T10:01:57Z,2026-08-26T12:01:57+0200,de5651f7-a4c0-4808-ad66-e3bdff44187a,2026-07-28T16:00:00Z,2026-07-28T18:00:00+0200,377.008,MW,DK2,DK_2,actual_solar_generation,Solar,2026-08-26T10:27:13Z
2026-08-26T10:01:57Z,2026-08-26T12:01:57+0200,de5651f7-a4c0-4808-ad66-e3bdff44187a,2026-07-28T16:15:00Z,2026-07-28T18:15:00+0200,359.462,MW,DK2,DK_2,actual_solar_generation,Solar,2026-08-26T10:27:13Z
2026-08-26T10:01:57Z,2026-08-26T12:01:57+0200,de5651f7-a4c0-4808-ad66-e3bdff44187a,2026-07-28T16:30:00Z,2026-07-28T18:30:00+0200,311.986,MW,DK2,DK_2,actual_solar_generation,Solar,2026-08-26T10:27:13Z
2026-08-26T10:01:57Z,2026-08-26T12:01:57+0200,de5651f7-a4c0-4808-ad66-e3bdff44187a,2026-07-28T16:45:00Z,2026-07-28T18:45:00+0200,249.454,MW,DK2,DK_2,actual_solar_generation,Solar,2026-08-26T10:27:13Z
2026-08-26T10:01:57Z,2026-08-26T12:01:57+0200,de5651f7-a4c0-4808-ad66-e3bdff44187a,2026-07-28T17:00:00Z,2026-07-28T19:00:00+0200,209.462,MW,DK2,DK_2,actual_solar_generation,Solar,2026-08-26T10:27:13Z
2026-08-26T10:01:57Z,2026-08-26T12:01:57+0200,de5651f7-a4c0-4808-ad66-e3bdff44187a,2026-07-28T17:15:00Z,2026-07-28T19:15:00+0200,166.847,MW,DK2,DK_2,actual_solar_generation,Solar,2026-08-26T10:27:13Z
2026-08-26T10:01:57Z,2026-08-26T12:01:57+0200,de5651f7-a4c0-4808-ad66-e3bdff44187a,2026-07-28T17:30:00Z,2026-07-28T19:30:00+0200,105.372,MW,DK2,DK_2,actual_solar_generation,Solar,2026-08-26T10:27:13Z
2026-08-26T10:01:57Z,2026-08-26T12:01:57+0200,de5651f7-a4c0-4808-ad66-e3bdff44187a,2026-07-28T17:45:00Z,2026-07-28T19:45:00+0200,80.741,MW,DK2,DK_2,actual_solar_generation,Solar,2026-08-26T10:27:13Z
2026-08-26T10:01:57Z,2026-08-26T12:01:57+0200,de5651f7-a4c0-4808-ad66-e3bdff44187a,2026-07-28T18:00:00Z,2026-07-28T20:00:00+0200,56.4535,MW,DK2,DK_2,actual_solar_generation,Solar,2026-08-26T10:27:13Z
2026-08-26T10:01:57Z,2026-08-26T12:01:57+0200,de5651f7-a4c0-4808-ad66-e3bdff44187a,2026-07-28T18:15:00Z,2026-07-28T20:15:00+0200,36.5658,MW,DK2,DK_2,actual_solar_generation,Solar,2026-08-26T10:27:13Z
2026-08-26T10:01:57Z,2026-08-26T12:01:57+0200,de5651f7-a4c0-4808-ad66-e3bdff44187a,2026-07-28T18:30:00Z,2026-07-28T20:30:00+0200,22.3964,MW,DK2,DK_2,actual_solar_generation,Solar,2026-08-26T10:27:13Z
2026-08-26T10:01:57Z,2026-08-26T12:01:57+0200,de5651f7-a4c0-4808-ad66-e3bdff44187a,2026-07-28T18:45:00Z,2026-07-28T20:45:00+0200,10.036,MW,DK2,DK_2,actual_solar_generation,Solar,2026-08-26T10:27:13Z
2026-08-26T10:01:57Z,2026-08-26T12:01:57+0200,de5651f7-a4c0-4808-ad66-e3bdff44187a,2026-07-28T19:00:00Z,2026-07-28T21:00:00+0200,2.23754,MW,DK2,DK_2,actual_solar_generation,Solar,2026-08-26T10:27:13Z
2026-08-26T10:01:57Z,2026-08-26T12:01:57+0200,de5651f7-a4c0-4808-ad66-e3bdff44187a,2026-07-28T19:15:00Z,2026-07-28T21:15:00+0200,0.467235,MW,DK2,DK_2,actual_solar_generation,Solar,2026-08-26T10:27:13Z
2026-08-26T10:01:57Z,2026-08-26T12:01:57+0200,de5651f7-a4c0-4808-ad66-e3bdff44187a,2026-07-28T19:30:00Z,2026-07-28T21:30:00+0200,0.0,MW,DK2,DK_2,actual_solar_generation,Solar,2026-08-26T10:27:13Z
2026-08-26T10:01:57Z,2026-08-26T12:01:57+0200,de5651f7-a4c0-4808-ad66-e3bdff44187a,2026-07-28T19:45:00Z,2026-07-28T21:45:00+0200,0.118271,MW,DK2,DK_2,actual_solar_generation,Solar,2026-08-26T10:27:13Z
2026-08-26T10:01:57Z,2026-08-26T12:01:57+0200,de5651f7-a4c0-4808-ad66-e3bdff44187a,2026-07-28T20:00:00Z,2026-07-28T22:00:00+0200,0.160854,MW,DK2,DK_2,actual_solar_generation,Solar,2026-08-26T10:27:13Z
2026-08-26T10:01:57Z,2026-08-26T12:01:57+0200,de5651f7-a4c0-4808-ad66-e3bdff44187a,2026-07-28T20:15:00Z,2026-07-28T22:15:00+0200,0.161273,MW,DK2,DK_2,actual_solar_generation,Solar,2026-08-26T10:27:13Z
2026-08-26T10:01:57Z,2026-08-26T12:01:57+0200,de5651f7-a4c0-4808-ad66-e3bdff44187a,2026-07-28T20:30:00Z,2026-07-28T22:30:00+0200,0.0,MW,DK2,DK_2,actual_solar_generation,Solar,2026-08-26T10:27:13Z
2026-08-26T10:01:57Z,2026-08-26T12:01:57+0200,de5651f7-a4c0-4808-ad66-e3bdff44187a,2026-07-28T20:45:00Z,2026-07-28T22:45:00+0200,0.0,MW,DK2,DK_2,actual_solar_generation,Solar,2026-08-26T10:27:13Z
2026-08-26T10:01:57Z,2026-08-26T12:01:57+0200,de5651f7-a4c0-4808-ad66-e3bdff44187a,2026-07-28T21:00:00Z,2026-07-28T23:00:00+0200,0.0,MW,DK2,DK_2,actual_solar_generation,Solar,2026-08-26T10:27:13Z
2026-08-26T10:01:57Z,2026-08-26T12:01:57+0200,de5651f7-a4c0-4808-ad66-e3bdff44187a,2026-07-28T21:15:00Z,2026-07-28T23:15:00+0200,0.0,MW,DK2,DK_2,actual_solar_generation,Solar,2026-08-26T10:27:13Z
2026-08-26T10:01:57Z,2026-08-26T12:01:57+0200,de5651f7-a4c0-4808-ad66-e3bdff44187a,2026-07-28T21:30:00Z,2026-07-28T23:30:00+0200,0.0,MW,DK2,DK_2,actual_solar_generation,Solar,2026-08-26T10:27:13Z
2026-08-26T10:01:57Z,2026-08-26T12:01:57+0200,de5651f7-a4c0-4808-ad66-e3bdff44187a,2026-07-28T21:45:00Z,2026-07-28T23:45:00+0200,0.0,MW,DK2,DK_2,actual_solar_generation,Solar,2026-08-26T10:27:13Z
2026-08-26T10:01:57Z,2026-08-26T12:01:57+0200,de5651f7-a4c0-4808-ad66-e3bdff44187a,2026-07-28T22:00:00Z,2026-07-29T00:00:00+0200,0.0,MW,DK2,DK_2,actual_solar_generation,Solar,2026-08-26T10:27:13Z
2026-08-26T10:01:57Z,2026-08-26T12:01:57+0200,de5651f7-a4c0-4808-ad66-e3bdff44187a,2026-07-28T22:15:00Z,2026-07-29T00:15:00+0200,0.0,MW,DK2,DK_2,actual_solar_generation,Solar,2026-08-26T10:27:13Z
2026-08-26T10:01:57Z,2026-08-26T12:01:57+0200,de5651f7-a4c0-4808-ad66-e3bdff44187a,2026-07-28T22:30:00Z,2026-07-29T00:30:00+0200,0.0,MW,DK2,DK_2,actual_solar_generation,Solar,2026-08-26T10:27:13Z
2026-08-26T10:01:57Z,2026-08-26T12:01:57+0200,de5651f7-a4c0-4808-ad66-e3bdff44187a,2026-07-28T22:45:00Z,2026-07-29T00:45:00+0200,0.0,MW,DK2,DK_2,actual_solar_generation,Solar,2026-08-26T10:27:13Z
2026-08-26T10:01:57Z,2026-08-26T12:01:57+0200,de5651f7-a4c0-4808-ad66-e3bdff44187a,2026-07-28T23:00:00Z,2026-07-29T01:00:00+0200,0.0,MW,DK2,DK_2,actual_solar_generation,Solar,2026-08-26T10:27:13Z
2026-08-26T10:01:57Z,2026-08-26T12:01:57+0200,de5651f7-a4c0-4808-ad66-e3bdff44187a,2026-07-28T23:15:00Z,2026-07-29T01:15:00+0200,0.0,MW,DK2,DK_2,actual_solar_generation,Solar,2026-08-26T10:27:13Z
2026-08-26T10:01:57Z,2026-08-26T12:01:57+0200,de5651f7-a4c0-4808-ad66-e3bdff44187a,2026-07-28T23:30:00Z,2026-07-29T01:30:00+0200,0.0,MW,DK2,DK_2,actual_solar_generation,Solar,2026-08-26T10:27:13Z
2026-08-26T10:01:57Z,2026-08-26T12:01:57+0200,de5651f7-a4c0-4808-ad66-e3bdff44187a,2026-07-28T23:45:00Z,2026-07-29T01:45:00+0200,0.0,MW,DK2,DK_2,actual_solar_generation,Solar,2026-08-26T10:27:13Z
2026-08-26T10:01:57Z,2026-08-26T12:01:57+0200,de5651f7-a4c0-4808-ad66-e3bdff44187a,2026-07-29T00:00:00Z,2026-07-29T02:00:00+0200,0.0,MW,DK2,DK_2,actual_solar_generation,Solar,2026-08-26T10:27:13Z
2026-08-26T10:01:57Z,2026-08-26T12:01:57+0200,de5651f7-a4c0-4808-ad66-e3bdff44187a,2026-07-29T00:15:00Z,2026-07-29T02:15:00+0200,0.0,MW,DK2,DK_2,actual_solar_generation,Solar,2026-08-26T10:27:13Z
2026-08-26T10:01:57Z,2026-08-26T12:01:57+0200,de5651f7-a4c0-4808-ad66-e3bdff44187a,2026-07-29T00:30:00Z,2026-07-29T02:30:00+0200,0.0,MW,DK2,DK_2,actual_solar_generation,Solar,2026-08-26T10:27:13Z
2026-08-26T10:01:57Z,2026-08-26T12:01:57+0200,de5651f7-a4c0-4808-ad66-e3bdff44187a,2026-07-29T00:45:00Z,2026-07-29T02:45:00+0200,0.0,MW,DK2,DK_2,actual_solar_generation,Solar,2026-08-26T10:27:13Z
2026-08-26T10:01:57Z,2026-08-26T12:01:57+0200,de5651f7-a4c0-4808-ad66-e3bdff44187a,2026-07-29T01:00:00Z,2026-07-29T03:00:00+0200,0.0,MW,DK2,DK_2,actual_solar_generation,Solar,2026-08-26T10:27:13Z
2026-08-26T10:01:57Z,2026-08-26T12:01:57+0200,de5651f7-a4c0-4808-ad66-e3bdff44187a,2026-07-29T01:15:00Z,2026-07-29T03:15:00+0200,0.0,MW,DK2,DK_2,actual_solar_generation,Solar,2026-08-26T10:27:13Z
2026-08-26T10:01:57Z,2026-08-26T12:01:57+0200,de5651f7-a4c0-4808-ad66-e3bdff44187a,2026-07-29T01:30:00Z,2026-07-29T03:30:00+0200,0.0,MW,DK2,DK_2,actual_solar_generation,Solar,2026-08-26T10:27:13Z
2026-08-26T10:01:57Z,2026-08-26T12:01:57+0200,de5651f7-a4c0-4808-ad66-e3bdff44187a,2026-07-29T01:45:00Z,2026-07-29T03:45:00+0200,0.0,MW,DK2,DK_2,actual_solar_generation,Solar,2026-08-26T10:27:13Z
2026-08-26T10:01:57Z,2026-08-26T12:01:57+0200,de5651f7-a4c0-4808-ad66-e3bdff44187a,2026-07-29T02:00:00Z,2026-07-29T04:00:00+0200,0.0,MW,DK2,DK_2,actual_solar_generation,Solar,2026-08-26T10:27:13Z
2026-08-26T10:01:57Z,2026-08-26T12:01:57+0200,de5651f7-a4c0-4808-ad66-e3bdff44187a,2026-07-29T02:15:00Z,2026-07-29T04:15:00+0200,0.0,MW,DK2,DK_2,actual_solar_generation,Solar,2026-08-26T10:27:13Z
2026-08-26T10:01:57Z,2026-08-26T12:01:57+0200,de5651f7-a4c0-4808-ad66-e3bdff44187a,2026-07-29T02:30:00Z,2026-07-29T04:30:00+0200,0.0,MW,DK2,DK_2,actual_solar_generation,Solar,2026-08-26T10:27:13Z
2026-08-26T10:01:57Z,2026-08-26T12:01:57+0200,de5651f7-a4c0-4808-ad66-e3bdff44187a,2026-07-29T02:45:00Z,2026-07-29T04:45:00+0200,0.0,MW,DK2,DK_2,actual_solar_generation,Solar,2026-08-26T10:27:13Z
2026-08-26T10:01:57Z,2026-08-26T12:01:57+0200,de5651f7-a4c0-4808-ad66-e3bdff44187a,2026-07-29T03:00:00Z,2026-07-29T05:00:00+0200,0.762506,MW,DK2,DK_2,actual_solar_generation,Solar,2026-08-26T10:27:13Z
2026-08-26T10:01:57Z,2026-08-26T12:01:57+0200,de5651f7-a4c0-4808-ad66-e3bdff44187a,2026-07-29T03:15:00Z,2026-07-29T05:15:00+0200,4.01188,MW,DK2,DK_2,actual_solar_generation,Solar,2026-08-26T10:27:13Z
2026-08-26T10:01:57Z,2026-08-26T12:01:57+0200,de5651f7-a4c0-4808-ad66-e3bdff44187a,2026-07-29T03:30:00Z,2026-07-29T05:30:00+0200,18.4404,MW,DK2,DK_2,actual_solar_generation,Solar,2026-08-26T10:27:13Z
2026-08-26T10:01:57Z,2026-08-26T12:01:57+0200,de5651f7-a4c0-4808-ad66-e3bdff44187a,2026-07-29T03:45:00Z,2026-07-29T05:45:00+0200,36.0196,MW,DK2,DK_2,actual_solar_generation,Solar,2026-08-26T10:27:13Z
2026-08-26T10:01:57Z,2026-08-26T12:01:57+0200,de5651f7-a4c0-4808-ad66-e3bdff44187a,2026-07-29T04:00:00Z,2026-07-29T06:00:00+0200,54.8587,MW,DK2,DK_2,actual_solar_generation,Solar,2026-08-26T10:27:13Z
2026-08-26T10:01:57Z,2026-08-26T12:01:57+0200,de5651f7-a4c0-4808-ad66-e3bdff44187a,2026-07-29T04:15:00Z,2026-07-29T06:15:00+0200,77.6367,MW,DK2,DK_2,actual_solar_generation,Solar,2026-08-26T10:27:13Z
2026-08-26T10:01:57Z,2026-08-26T12:01:57+0200,de5651f7-a4c0-4808-ad66-e3bdff44187a,2026-07-29T04:30:00Z,2026-07-29T06:30:00+0200,106.332,MW,DK2,DK_2,actual_solar_generation,Solar,2026-08-26T10:27:13Z
2026-08-26T10:01:57Z,2026-08-26T12:01:57+0200,de5651f7-a4c0-4808-ad66-e3bdff44187a,2026-07-29T04:45:00Z,2026-07-29T06:45:00+0200,142.631,MW,DK2,DK_2,actual_solar_generation,Solar,2026-08-26T10:27:13Z
2026-08-26T10:01:57Z,2026-08-26T12:01:57+0200,de5651f7-a4c0-4808-ad66-e3bdff44187a,2026-07-29T05:00:00Z,2026-07-29T07:00:00+0200,175.891,MW,DK2,DK_2,actual_solar_generation,Solar,2026-08-26T10:27:13Z
2026-08-26T10:01:57Z,2026-08-26T12:01:57+0200,de5651f7-a4c0-4808-ad66-e3bdff44187a,2026-07-29T05:15:00Z,2026-07-29T07:15:00+0200,236.601,MW,DK2,DK_2,actual_solar_generation,Solar,2026-08-26T10:27:13Z
2026-08-26T10:01:57Z,2026-08-26T12:01:57+0200,de5651f7-a4c0-4808-ad66-e3bdff44187a,2026-07-29T05:30:00Z,2026-07-29T07:30:00+0200,269.715,MW,DK2,DK_2,actual_solar_generation,Solar,2026-08-26T10:27:13Z
2026-08-26T10:01:57Z,2026-08-26T12:01:57+0200,de5651f7-a4c0-4808-ad66-e3bdff44187a,2026-07-29T05:45:00Z,2026-07-29T07:45:00+0200,286.542,MW,DK2,DK_2,actual_solar_generation,Solar,2026-08-26T10:27:13Z
2026-08-26T10:01:57Z,2026-08-26T12:01:57+0200,de5651f7-a4c0-4808-ad66-e3bdff44187a,2026-07-29T06:00:00Z,2026-07-29T08:00:00+0200,293.325,MW,DK2,DK_2,actual_solar_generation,Solar,2026-08-26T10:27:13Z
2026-08-26T10:01:57Z,2026-08-26T12:01:57+0200,de5651f7-a4c0-4808-ad66-e3bdff44187a,2026-07-29T06:15:00Z,2026-07-29T08:15:00+0200,348.597,MW,DK2,DK_2,actual_solar_generation,Solar,2026-08-26T10:27:13Z
2026-08-26T10:01:57Z,2026-08-26T12:01:57+0200,de5651f7-a4c0-4808-ad66-e3bdff44187a,2026-07-29T06:30:00Z,2026-07-29T08:30:00+0200,425.551,MW,DK2,DK_2,actual_solar_generation,Solar,2026-08-26T10:27:13Z
2026-08-26T10:01:57Z,2026-08-26T12:01:57+0200,de5651f7-a4c0-4808-ad66-e3bdff44187a,2026-07-29T06:45:00Z,2026-07-29T08:45:00+0200,494.078,MW,DK2,DK_2,actual_solar_generation,Solar,2026-08-26T10:27:13Z
2026-08-26T10:01:57Z,2026-08-26T12:01:57+0200,de5651f7-a4c0-4808-ad66-e3bdff44187a,2026-07-29T07:00:00Z,2026-07-29T09:00:00+0200,525.432,MW,DK2,DK_2,actual_solar_generation,Solar,2026-08-26T10:27:13Z
2026-08-26T10:01:57Z,2026-08-26T12:01:57+0200,de5651f7-a4c0-4808-ad66-e3bdff44187a,2026-07-29T07:15:00Z,2026-07-29T09:15:00+0200,591.48,MW,DK2,DK_2,actual_solar_generation,Solar,2026-08-26T10:27:13Z
2026-08-26T10:01:57Z,2026-08-26T12:01:57+0200,de5651f7-a4c0-4808-ad66-e3bdff44187a,2026-07-29T07:30:00Z,2026-07-29T09:30:00+0200,614.825,MW,DK2,DK_2,actual_solar_generation,Solar,2026-08-26T10:27:13Z
2026-08-26T10:01:57Z,2026-08-26T12:01:57+0200,de5651f7-a4c0-4808-ad66-e3bdff44187a,2026-07-29T07:45:00Z,2026-07-29T09:45:00+0200,599.123,MW,DK2,DK_2,actual_solar_generation,Solar,2026-08-26T10:27:13Z
2026-08-26T10:01:57Z,2026-08-26T12:01:57+0200,de5651f7-a4c0-4808-ad66-e3bdff44187a,2026-07-29T08:00:00Z,2026-07-29T10:00:00+0200,577.754,MW,DK2,DK_2,actual_solar_generation,Solar,2026-08-26T10:27:13Z
2026-08-26T10:01:57Z,2026-08-26T12:01:57+0200,de5651f7-a4c0-4808-ad66-e3bdff44187a,2026-07-29T08:15:00Z,2026-07-29T10:15:00+0200,708.49,MW,DK2,DK_2,actual_solar_generation,Solar,2026-08-26T10:27:13Z
2026-08-26T10:01:57Z,2026-08-26T12:01:57+0200,de5651f7-a4c0-4808-ad66-e3bdff44187a,2026-07-29T08:30:00Z,2026-07-29T10:30:00+0200,707.371,MW,DK2,DK_2,actual_solar_generation,Solar,2026-08-26T10:27:13Z
2026-08-26T10:01:57Z,2026-08-26T12:01:57+0200,de5651f7-a4c0-4808-ad66-e3bdff44187a,2026-07-29T08:45:00Z,2026-07-29T10:45:00+0200,728.762,MW,DK2,DK_2,actual_solar_generation,Solar,2026-08-26T10:27:13Z
2026-08-26T10:01:57Z,2026-08-26T12:01:57+0200,de5651f7-a4c0-4808-ad66-e3bdff44187a,2026-07-29T09:00:00Z,2026-07-29T11:00:00+0200,844.776,MW,DK2,DK_2,actual_solar_generation,Solar,2026-08-26T10:27:13Z
2026-08-26T10:01:57Z,2026-08-26T12:01:57+0200,de5651f7-a4c0-4808-ad66-e3bdff44187a,2026-07-29T09:15:00Z,2026-07-29T11:15:00+0200,900.343,MW,DK2,DK_2,actual_solar_generation,Solar,2026-08-26T10:27:13Z
2026-08-26T10:01:57Z,2026-08-26T12:01:57+0200,de5651f7-a4c0-4808-ad66-e3bdff44187a,2026-07-29T09:30:00Z,2026-07-29T11:30:00+0200,934.392,MW,DK2,DK_2,actual_solar_generation,Solar,2026-08-26T10:27:13Z
2026-08-26T10:01:57Z,2026-08-26T12:01:57+0200,de5651f7-a4c0-4808-ad66-e3bdff44187a,2026-07-29T09:45:00Z,2026-07-29T11:45:00+0200,1019.69,MW,DK2,DK_2,actual_solar_generation,Solar,2026-08-26T10:27:13Z
2026-08-26T10:01:57Z,2026-08-26T12:01:57+0200,de5651f7-a4c0-4808-ad66-e3bdff44187a,2026-07-29T10:00:00Z,2026-07-29T12:00:00+0200,900.49,MW,DK2,DK_2,actual_solar_generation,Solar,2026-08-26T10:27:13Z
2026-08-26T10:01:57Z,2026-08-26T12:01:57+0200,de5651f7-a4c0-4808-ad66-e3bdff44187a,2026-07-29T10:15:00Z,2026-07-29T12:15:00+0200,827.65,MW,DK2,DK_2,actual_solar_generation,Solar,2026-08-26T10:27:13Z
2026-08-26T10:01:57Z,2026-08-26T12:01:57+0200,de5651f7-a4c0-4808-ad66-e3bdff44187a,2026-07-29T10:30:00Z,2026-07-29T12:30:00+0200,849.849,MW,DK2,DK_2,actual_solar_generation,Solar,2026-08-26T10:27:13Z
2026-08-26T10:01:57Z,2026-08-26T12:01:57+0200,de5651f7-a4c0-4808-ad66-e3bdff44187a,2026-07-29T10:45:00Z,2026-07-29T12:45:00+0200,899.399,MW,DK2,DK_2,actual_solar_generation,Solar,2026-08-26T10:27:13Z
2026-08-26T10:01:57Z,2026-08-26T12:01:57+0200,de5651f7-a4c0-4808-ad66-e3bdff44187a,2026-07-29T11:00:00Z,2026-07-29T13:00:00+0200,904.931,MW,DK2,DK_2,actual_solar_generation,Solar,2026-08-26T10:27:13Z
2026-08-26T10:01:57Z,2026-08-26T12:01:57+0200,de5651f7-a4c0-4808-ad66-e3bdff44187a,2026-07-29T11:15:00Z,2026-07-29T13:15:00+0200,954.54,MW,DK2,DK_2,actual_solar_generation,Solar,2026-08-26T10:27:13Z
2026-08-26T10:01:57Z,2026-08-26T12:01:57+0200,de5651f7-a4c0-4808-ad66-e3bdff44187a,2026-07-29T11:30:00Z,2026-07-29T13:30:00+0200,932.695,MW,DK2,DK_2,actual_solar_generation,Solar,2026-08-26T10:27:13Z
2026-08-26T10:01:57Z,2026-08-26T12:01:57+0200,de5651f7-a4c0-4808-ad66-e3bdff44187a,2026-07-29T11:45:00Z,2026-07-29T13:45:00+0200,877.125,MW,DK2,DK_2,actual_solar_generation,Solar,2026-08-26T10:27:13Z
2026-08-26T10:01:57Z,2026-08-26T12:01:57+0200,de5651f7-a4c0-4808-ad66-e3bdff44187a,2026-07-29T12:00:00Z,2026-07-29T14:00:00+0200,891.668,MW,DK2,DK_2,actual_solar_generation,Solar,2026-08-26T10:27:13Z
2026-08-26T10:01:57Z,2026-08-26T12:01:57+0200,de5651f7-a4c0-4808-ad66-e3bdff44187a,2026-07-29T12:15:00Z,2026-07-29T14:15:00+0200,875.6,MW,DK2,DK_2,actual_solar_generation,Solar,2026-08-26T10:27:13Z
2026-08-26T10:01:57Z,2026-08-26T12:01:57+0200,de5651f7-a4c0-4808-ad66-e3bdff44187a,2026-07-29T12:30:00Z,2026-07-29T14:30:00+0200,847.841,MW,DK2,DK_2,actual_solar_generation,Solar,2026-08-26T10:27:13Z
2026-08-26T10:01:57Z,2026-08-26T12:01:57+0200,de5651f7-a4c0-4808-ad66-e3bdff44187a,2026-07-29T12:45:00Z,2026-07-29T14:45:00+0200,849.606,MW,DK2,DK_2,actual_solar_generation,Solar,2026-08-26T10:27:13Z
2026-08-26T10:01:57Z,2026-08-26T12:01:57+0200,de5651f7-a4c0-4808-ad66-e3bdff44187a,2026-07-29T13:00:00Z,2026-07-29T15:00:00+0200,885.624,MW,DK2,DK_2,actual_solar_generation,Solar,2026-08-26T10:27:13Z
2026-08-26T10:01:57Z,2026-08-26T12:01:57+0200,de5651f7-a4c0-4808-ad66-e3bdff44187a,2026-07-29T13:15:00Z,2026-07-29T15:15:00+0200,867.995,MW,DK2,DK_2,actual_solar_generation,Solar,2026-08-26T10:27:13Z
2026-08-26T10:01:57Z,2026-08-26T12:01:57+0200,de5651f7-a4c0-4808-ad66-e3bdff44187a,2026-07-29T13:30:00Z,2026-07-29T15:30:00+0200,808.02,MW,DK2,DK_2,actual_solar_generation,Solar,2026-08-26T10:27:13Z
2026-08-26T10:01:57Z,2026-08-26T12:01:57+0200,de5651f7-a4c0-4808-ad66-e3bdff44187a,2026-07-29T13:45:00Z,2026-07-29T15:45:00+0200,738.75,MW,DK2,DK_2,actual_solar_generation,Solar,2026-08-26T10:27:13Z
2026-08-26T10:01:57Z,2026-08-26T12:01:57+0200,de5651f7-a4c0-4808-ad66-e3bdff44187a,2026-07-29T14:00:00Z,2026-07-29T16:00:00+0200,870.673,MW,DK2,DK_2,actual_solar_generation,Solar,2026-08-26T10:27:13Z
2026-08-26T10:01:57Z,2026-08-26T12:01:57+0200,de5651f7-a4c0-4808-ad66-e3bdff44187a,2026-07-29T14:15:00Z,2026-07-29T16:15:00+0200,905.746,MW,DK2,DK_2,actual_solar_generation,Solar,2026-08-26T10:27:13Z
2026-08-26T10:01:57Z,2026-08-26T12:01:57+0200,de5651f7-a4c0-4808-ad66-e3bdff44187a,2026-07-29T14:30:00Z,2026-07-29T16:30:00+0200,865.528,MW,DK2,DK_2,actual_solar_generation,Solar,2026-08-26T10:27:13Z
2026-08-26T10:01:57Z,2026-08-26T12:01:57+0200,de5651f7-a4c0-4808-ad66-e3bdff44187a,2026-07-29T14:45:00Z,2026-07-29T16:45:00+0200,797.182,MW,DK2,DK_2,actual_solar_generation,Solar,2026-08-26T10:27:13Z
2026-08-26T10:01:57Z,2026-08-26T12:01:57+0200,de5651f7-a4c0-4808-ad66-e3bdff44187a,2026-07-29T15:00:00Z,2026-07-29T17:00:00+0200,752.095,MW,DK2,DK_2,actual_solar_generation,Solar,2026-08-26T10:27:13Z
2026-08-26T10:01:57Z,2026-08-26T12:01:57+0200,de5651f7-a4c0-4808-ad66-e3bdff44187a,2026-07-29T15:15:00Z,2026-07-29T17:15:00+0200,705.832,MW,DK2,DK_2,actual_solar_generation,Solar,2026-08-26T10:27:13Z
2026-08-26T10:01:57Z,2026-08-26T12:01:57+0200,de5651f7-a4c0-4808-ad66-e3bdff44187a,2026-07-29T15:30:00Z,2026-07-29T17:30:00+0200,645.862,MW,DK2,DK_2,actual_solar_generation,Solar,2026-08-26T10:27:13Z
2026-08-26T10:01:57Z,2026-08-26T12:01:57+0200,de5651f7-a4c0-4808-ad66-e3bdff44187a,2026-07-29T15:45:00Z,2026-07-29T17:45:00+0200,570.518,MW,DK2,DK_2,actual_solar_generation,Solar,2026-08-26T10:27:13Z
2026-08-26T10:01:57Z,2026-08-26T12:01:57+0200,de5651f7-a4c0-4808-ad66-e3bdff44187a,2026-07-29T16:00:00Z,2026-07-29T18:00:00+0200,517.155,MW,DK2,DK_2,actual_solar_generation,Solar,2026-08-26T10:27:13Z
2026-08-26T10:01:57Z,2026-08-26T12:01:57+0200,de5651f7-a4c0-4808-ad66-e3bdff44187a,2026-07-29T16:15:00Z,2026-07-29T18:15:00+0200,444.744,MW,DK2,DK_2,actual_solar_generation,Solar,2026-08-26T10:27:13Z
2026-08-26T10:01:57Z,2026-08-26T12:01:57+0200,de5651f7-a4c0-4808-ad66-e3bdff44187a,2026-07-29T16:30:00Z,2026-07-29T18:30:00+0200,376.951,MW,DK2,DK_2,actual_solar_generation,Solar,2026-08-26T10:27:13Z
2026-08-26T10:01:57Z,2026-08-26T12:01:57+0200,de5651f7-a4c0-4808-ad66-e3bdff44187a,2026-07-29T16:45:00Z,2026-07-29T18:45:00+0200,312.788,MW,DK2,DK_2,actual_solar_generation,Solar,2026-08-26T10:27:13Z
2026-08-26T10:01:57Z,2026-08-26T12:01:57+0200,de5651f7-a4c0-4808-ad66-e3bdff44187a,2026-07-29T17:00:00Z,2026-07-29T19:00:00+0200,251.026,MW,DK2,DK_2,actual_solar_generation,Solar,2026-08-26T10:27:13Z
2026-08-26T10:01:57Z,2026-08-26T12:01:57+0200,de5651f7-a4c0-4808-ad66-e3bdff44187a,2026-07-29T17:15:00Z,2026-07-29T19:15:00+0200,196.441,MW,DK2,DK_2,actual_solar_generation,Solar,2026-08-26T10:27:13Z
2026-08-26T10:01:57Z,2026-08-26T12:01:57+0200,de5651f7-a4c0-4808-ad66-e3bdff44187a,2026-07-29T17:30:00Z,2026-07-29T19:30:00+0200,149.428,MW,DK2,DK_2,actual_solar_generation,Solar,2026-08-26T10:27:13Z
2026-08-26T10:01:57Z,2026-08-26T12:01:57+0200,de5651f7-a4c0-4808-ad66-e3bdff44187a,2026-07-29T17:45:00Z,2026-07-29T19:45:00+0200,110.091,MW,DK2,DK_2,actual_solar_generation,Solar,2026-08-26T10:27:13Z
2026-08-26T10:01:57Z,2026-08-26T12:01:57+0200,de5651f7-a4c0-4808-ad66-e3bdff44187a,2026-07-29T18:00:00Z,2026-07-29T20:00:00+0200,85.5731,MW,DK2,DK_2,actual_solar_generation,Solar,2026-08-26T10:27:13Z
2026-08-26T10:01:57Z,2026-08-26T12:01:57+0200,de5651f7-a4c0-4808-ad66-e3bdff44187a,2026-07-29T18:15:00Z,2026-07-29T20:15:00+0200,64.4714,MW,DK2,DK_2,actual_solar_generation,Solar,2026-08-26T10:27:13Z
2026-08-26T10:01:57Z,2026-08-26T12:01:57+0200,de5651f7-a4c0-4808-ad66-e3bdff44187a,2026-07-29T18:30:00Z,2026-07-29T20:30:00+0200,39.7549,MW,DK2,DK_2,actual_solar_generation,Solar,2026-08-26T10:27:13Z
2026-08-26T10:01:57Z,2026-08-26T12:01:57+0200,de5651f7-a4c0-4808-ad66-e3bdff44187a,2026-07-29T18:45:00Z,2026-07-29T20:45:00+0200,28.2689,MW,DK2,DK_2,actual_solar_generation,Solar,2026-08-26T10:27:13Z
2026-08-26T10:01:57Z,2026-08-26T12:01:57+0200,de5651f7-a4c0-4808-ad66-e3bdff44187a,2026-07-29T19:00:00Z,2026-07-29T21:00:00+0200,10.9636,MW,DK2,DK_2,actual_solar_generation,Solar,2026-08-26T10:27:13Z
2026-08-26T10:01:57Z,2026-08-26T12:01:57+0200,de5651f7-a4c0-4808-ad66-e3bdff44187a,2026-07-29T19:15:00Z,2026-07-29T21:15:00+0200,6.13762,MW,DK2,DK_2,actual_solar_generation,Solar,2026-08-26T10:27:13Z
2026-08-26T10:01:57Z,2026-08-26T12:01:57+0200,de5651f7-a4c0-4808-ad66-e3bdff44187a,2026-07-29T19:30:00Z,2026-07-29T21:30:00+0200,4.56676,MW,DK2,DK_2,actual_solar_generation,Solar,2026-08-26T10:27:13Z
2026-08-26T10:01:57Z,2026-08-26T12:01:57+0200,de5651f7-a4c0-4808-ad66-e3bdff44187a,2026-07-29T19:45:00Z,2026-07-29T21:45:00+0200,0.27064,MW,DK2,DK_2,actual_solar_generation,Solar,2026-08-26T10:27:13Z
2026-08-26T10:01:57Z,2026-08-26T12:01:57+0200,de5651f7-a4c0-4808-ad66-e3bdff44187a,2026-07-29T20:00:00Z,2026-07-29T22:00:00+0200,0.325802,MW,DK2,DK_2,actual_solar_generation,Solar,2026-08-26T10:27:13Z
2026-08-26T10:01:57Z,2026-08-26T12:01:57+0200,de5651f7-a4c0-4808-ad66-e3bdff44187a,2026-07-29T20:15:00Z,2026-07-29T22:15:00+0200,0.358565,MW,DK2,DK_2,actual_solar_generation,Solar,2026-08-26T10:27:13Z
2026-08-26T10:01:57Z,2026-08-26T12:01:57+0200,de5651f7-a4c0-4808-ad66-e3bdff44187a,2026-07-29T20:30:00Z,2026-07-29T22:30:00+0200,0.0,MW,DK2,DK_2,actual_solar_generation,Solar,2026-08-26T10:27:13Z
2026-08-26T10:01:57Z,2026-08-26T12:01:57+0200,de5651f7-a4c0-4808-ad66-e3bdff44187a,2026-07-29T20:45:00Z,2026-07-29T22:45:00+0200,0.0,MW,DK2,DK_2,actual_solar_generation,Solar,2026-08-26T10:27:13Z
2026-08-26T10:01:57Z,2026-08-26T12:01:57+0200,de5651f7-a4c0-4808-ad66-e3bdff44187a,2026-07-29T21:00:00Z,2026-07-29T23:00:00+0200,0.0,MW,DK2,DK_2,actual_solar_generation,Solar,2026-08-26T10:27:13Z
2026-08-26T10:01:57Z,2026-08-26T12:01:57+0200,de5651f7-a4c0-4808-ad66-e3bdff44187a,2026-07-29T21:15:00Z,2026-07-29T23:15:00+0200,0.0,MW,DK2,DK_2,actual_solar_generation,Solar,2026-08-26T10:27:13Z
2026-08-26T10:01:57Z,2026-08-26T12:01:57+0200,de5651f7-a4c0-4808-ad66-e3bdff44187a,2026-07-29T21:30:00Z,2026-07-29T23:30:00+0200,0.0,MW,DK2,DK_2,actual_solar_generation,Solar,2026-08-26T10:27:13Z
2026-08-26T10:01:57Z,2026-08-26T12:01:57+0200,de5651f7-a4c0-4808-ad66-e3bdff44187a,2026-07-29T21:45:00Z,2026-07-29T23:45:00+0200,0.0,MW,DK2,DK_2,actual_solar_generation,Solar,2026-08-26T10:27:13Z
2026-08-26T10:01:57Z,2026-08-26T12:01:57+0200,de5651f7-a4c0-4808-ad66-e3bdff44187a,2026-07-29T22:00:00Z,2026-07-30T00:00:00+0200,0.0,MW,DK2,DK_2,actual_solar_generation,Solar,2026-08-26T10:27:13Z
2026-08-26T10:01:57Z,2026-08-26T12:01:57+0200,de5651f7-a4c0-4808-ad66-e3bdff44187a,2026-07-29T22:15:00Z,2026-07-30T00:15:00+0200,0.0,MW,DK2,DK_2,actual_solar_generation,Solar,2026-08-26T10:27:13Z
2026-08-26T10:01:57Z,2026-08-26T12:01:57+0200,de5651f7-a4c0-4808-ad66-e3bdff44187a,2026-07-29T22:30:00Z,2026-07-30T00:30:00+0200,0.0,MW,DK2,DK_2,actual_solar_generation,Solar,2026-08-26T10:27:13Z
2026-08-26T10:01:57Z,2026-08-26T12:01:57+0200,de5651f7-a4c0-4808-ad66-e3bdff44187a,2026-07-29T22:45:00Z,2026-07-30T00:45:00+0200,0.0,MW,DK2,DK_2,actual_solar_generation,Solar,2026-08-26T10:27:13Z
2026-08-26T10:01:57Z,2026-08-26T12:01:57+0200,de5651f7-a4c0-4808-ad66-e3bdff44187a,2026-07-29T23:00:00Z,2026-07-30T01:00:00+0200,0.0,MW,DK2,DK_2,actual_solar_generation,Solar,2026-08-26T10:27:13Z
2026-08-26T10:01:57Z,2026-08-26T12:01:57+0200,de5651f7-a4c0-4808-ad66-e3bdff44187a,2026-07-29T23:15:00Z,2026-07-30T01:15:00+0200,0.0,MW,DK2,DK_2,actual_solar_generation,Solar,2026-08-26T10:27:13Z
2026-08-26T10:01:57Z,2026-08-26T12:01:57+0200,de5651f7-a4c0-4808-ad66-e3bdff44187a,2026-07-29T23:30:00Z,2026-07-30T01:30:00+0200,0.0,MW,DK2,DK_2,actual_solar_generation,Solar,2026-08-26T10:27:13Z
2026-08-26T10:01:57Z,2026-08-26T12:01:57+0200,de5651f7-a4c0-4808-ad66-e3bdff44187a,2026-07-29T23:45:00Z,2026-07-30T01:45:00+0200,0.0,MW,DK2,DK_2,actual_solar_generation,Solar,2026-08-26T10:27:13Z
2026-08-26T10:01:57Z,2026-08-26T12:01:57+0200,de5651f7-a4c0-4808-ad66-e3bdff44187a,2026-07-30T00:00:00Z,2026-07-30T02:00:00+0200,0.0,MW,DK2,DK_2,actual_solar_generation,Solar,2026-08-26T10:27:13Z
2026-08-26T10:01:57Z,2026-08-26T12:01:57+0200,de5651f7-a4c0-4808-ad66-e3bdff44187a,2026-07-30T00:15:00Z,2026-07-30T02:15:00+0200,0.0,MW,DK2,DK_2,actual_solar_generation,Solar,2026-08-26T10:27:13Z
2026-08-26T10:01:57Z,2026-08-26T12:01:57+0200,de5651f7-a4c0-4808-ad66-e3bdff44187a,2026-07-30T00:30:00Z,2026-07-30T02:30:00+0200,0.0,MW,DK2,DK_2,actual_solar_generation,Solar,2026-08-26T10:27:13Z
2026-08-26T10:01:57Z,2026-08-26T12:01:57+0200,de5651f7-a4c0-4808-ad66-e3bdff44187a,2026-07-30T00:45:00Z,2026-07-30T02:45:00+0200,0.0,MW,DK2,DK_2,actual_solar_generation,Solar,2026-08-26T10:27:13Z
2026-08-26T10:01:57Z,2026-08-26T12:01:57+0200,de5651f7-a4c0-4808-ad66-e3bdff44187a,2026-07-30T01:00:00Z,2026-07-30T03:00:00+0200,0.0,MW,DK2,DK_2,actual_solar_generation,Solar,2026-08-26T10:27:13Z
2026-08-26T10:01:57Z,2026-08-26T12:01:57+0200,de5651f7-a4c0-4808-ad66-e3bdff44187a,2026-07-30T01:15:00Z,2026-07-30T03:15:00+0200,0.0,MW,DK2,DK_2,actual_solar_generation,Solar,2026-08-26T10:27:13Z
2026-08-26T10:01:57Z,2026-08-26T12:01:57+0200,de5651f7-a4c0-4808-ad66-e3bdff44187a,2026-07-30T01:30:00Z,2026-07-30T03:30:00+0200,0.0,MW,DK2,DK_2,actual_solar_generation,Solar,2026-08-26T10:27:13Z
2026-08-26T10:01:57Z,2026-08-26T12:01:57+0200,de5651f7-a4c0-4808-ad66-e3bdff44187a,2026-07-30T01:45:00Z,2026-07-30T03:45:00+0200,0.0,MW,DK2,DK_2,actual_solar_generation,Solar,2026-08-26T10:27:13Z
2026-08-26T10:01:57Z,2026-08-26T12:01:57+0200,de5651f7-a4c0-4808-ad66-e3bdff44187a,2026-07-30T02:00:00Z,2026-07-30T04:00:00+0200,0.0,MW,DK2,DK_2,actual_solar_generation,Solar,2026-08-26T10:27:13Z
2026-08-26T10:01:57Z,2026-08-26T12:01:57+0200,de5651f7-a4c0-4808-ad66-e3bdff44187a,2026-07-30T02:15:00Z,2026-07-30T04:15:00+0200,0.0,MW,DK2,DK_2,actual_solar_generation,Solar,2026-08-26T10:27:13Z
2026-08-26T10:01:57Z,2026-08-26T12:01:57+0200,de5651f7-a4c0-4808-ad66-e3bdff44187a,2026-07-30T02:30:00Z,2026-07-30T04:30:00+0200,0.0,MW,DK2,DK_2,actual_solar_generation,Solar,2026-08-26T10:27:13Z
2026-08-26T10:01:57Z,2026-08-26T12:01:57+0200,de5651f7-a4c0-4808-ad66-e3bdff44187a,2026-07-30T02:45:00Z,2026-07-30T04:45:00+0200,0.0,MW,DK2,DK_2,actual_solar_generation,Solar,2026-08-26T10:27:13Z
2026-08-26T10:01:57Z,2026-08-26T12:01:57+0200,de5651f7-a4c0-4808-ad66-e3bdff44187a,2026-07-30T03:00:00Z,2026-07-30T05:00:00+0200,0.0,MW,DK2,DK_2,actual_solar_generation,Solar,2026-08-26T10:27:13Z
2026-08-26T10:01:57Z,2026-08-26T12:01:57+0200,de5651f7-a4c0-4808-ad66-e3bdff44187a,2026-07-30T03:15:00Z,2026-07-30T05:15:00+0200,1.57822,MW,DK2,DK_2,actual_solar_generation,Solar,2026-08-26T10:27:13Z
2026-08-26T10:01:57Z,2026-08-26T12:01:57+0200,de5651f7-a4c0-4808-ad66-e3bdff44187a,2026-07-30T03:30:00Z,2026-07-30T05:30:00+0200,12.0389,MW,DK2,DK_2,actual_solar_generation,Solar,2026-08-26T10:27:13Z
2026-08-26T10:01:57Z,2026-08-26T12:01:57+0200,de5651f7-a4c0-4808-ad66-e3bdff44187a,2026-07-30T03:45:00Z,2026-07-30T05:45:00+0200,23.7844,MW,DK2,DK_2,actual_solar_generation,Solar,2026-08-26T10:27:13Z
2026-08-26T10:01:57Z,2026-08-26T12:01:57+0200,de5651f7-a4c0-4808-ad66-e3bdff44187a,2026-07-30T04:00:00Z,2026-07-30T06:00:00+0200,40.8813,MW,DK2,DK_2,actual_solar_generation,Solar,2026-08-26T10:27:13Z
2026-08-26T10:01:57Z,2026-08-26T12:01:57+0200,de5651f7-a4c0-4808-ad66-e3bdff44187a,2026-07-30T04:15:00Z,2026-07-30T06:15:00+0200,60.7682,MW,DK2,DK_2,actual_solar_generation,Solar,2026-08-26T10:27:13Z
2026-08-26T10:01:57Z,2026-08-26T12:01:57+0200,de5651f7-a4c0-4808-ad66-e3bdff44187a,2026-07-30T04:30:00Z,2026-07-30T06:30:00+0200,84.0791,MW,DK2,DK_2,actual_solar_generation,Solar,2026-08-26T10:27:13Z
2026-08-26T10:01:57Z,2026-08-26T12:01:57+0200,de5651f7-a4c0-4808-ad66-e3bdff44187a,2026-07-30T04:45:00Z,2026-07-30T06:45:00+0200,117.045,MW,DK2,DK_2,actual_solar_generation,Solar,2026-08-26T10:27:13Z
2026-08-26T10:01:57Z,2026-08-26T12:01:57+0200,de5651f7-a4c0-4808-ad66-e3bdff44187a,2026-07-30T05:00:00Z,2026-07-30T07:00:00+0200,154.446,MW,DK2,DK_2,actual_solar_generation,Solar,2026-08-26T10:27:13Z
2026-08-26T10:01:57Z,2026-08-26T12:01:57+0200,de5651f7-a4c0-4808-ad66-e3bdff44187a,2026-07-30T05:15:00Z,2026-07-30T07:15:00+0200,204.098,MW,DK2,DK_2,actual_solar_generation,Solar,2026-08-26T10:27:13Z
2026-08-26T10:01:57Z,2026-08-26T12:01:57+0200,de5651f7-a4c0-4808-ad66-e3bdff44187a,2026-07-30T05:30:00Z,2026-07-30T07:30:00+0200,259.583,MW,DK2,DK_2,actual_solar_generation,Solar,2026-08-26T10:27:13Z
2026-08-26T10:01:57Z,2026-08-26T12:01:57+0200,de5651f7-a4c0-4808-ad66-e3bdff44187a,2026-07-30T05:45:00Z,2026-07-30T07:45:00+0200,320.117,MW,DK2,DK_2,actual_solar_generation,Solar,2026-08-26T10:27:13Z
2026-08-26T10:01:57Z,2026-08-26T12:01:57+0200,de5651f7-a4c0-4808-ad66-e3bdff44187a,2026-07-30T06:00:00Z,2026-07-30T08:00:00+0200,381.852,MW,DK2,DK_2,actual_solar_generation,Solar,2026-08-26T10:27:13Z
2026-08-26T10:01:57Z,2026-08-26T12:01:57+0200,de5651f7-a4c0-4808-ad66-e3bdff44187a,2026-07-30T06:15:00Z,2026-07-30T08:15:00+0200,450.998,MW,DK2,DK_2,actual_solar_generation,Solar,2026-08-26T10:27:13Z
2026-08-26T10:01:57Z,2026-08-26T12:01:57+0200,de5651f7-a4c0-4808-ad66-e3bdff44187a,2026-07-30T06:30:00Z,2026-07-30T08:30:00+0200,523.249,MW,DK2,DK_2,actual_solar_generation,Solar,2026-08-26T10:27:13Z
2026-08-26T10:01:57Z,2026-08-26T12:01:57+0200,de5651f7-a4c0-4808-ad66-e3bdff44187a,2026-07-30T06:45:00Z,2026-07-30T08:45:00+0200,594.168,MW,DK2,DK_2,actual_solar_generation,Solar,2026-08-26T10:27:13Z
2026-08-26T10:01:57Z,2026-08-26T12:01:57+0200,de5651f7-a4c0-4808-ad66-e3bdff44187a,2026-07-30T07:00:00Z,2026-07-30T09:00:00+0200,671.179,MW,DK2,DK_2,actual_solar_generation,Solar,2026-08-26T10:27:13Z
2026-08-26T10:01:57Z,2026-08-26T12:01:57+0200,de5651f7-a4c0-4808-ad66-e3bdff44187a,2026-07-30T07:15:00Z,2026-07-30T09:15:00+0200,727.684,MW,DK2,DK_2,actual_solar_generation,Solar,2026-08-26T10:27:13Z
2026-08-26T10:01:57Z,2026-08-26T12:01:57+0200,de5651f7-a4c0-4808-ad66-e3bdff44187a,2026-07-30T07:30:00Z,2026-07-30T09:30:00+0200,780.425,MW,DK2,DK_2,actual_solar_generation,Solar,2026-08-26T10:27:13Z
2026-08-26T10:01:57Z,2026-08-26T12:01:57+0200,de5651f7-a4c0-4808-ad66-e3bdff44187a,2026-07-30T07:45:00Z,2026-07-30T09:45:00+0200,832.609,MW,DK2,DK_2,actual_solar_generation,Solar,2026-08-26T10:27:13Z
2026-08-26T10:01:57Z,2026-08-26T12:01:57+0200,de5651f7-a4c0-4808-ad66-e3bdff44187a,2026-07-30T08:00:00Z,2026-07-30T10:00:00+0200,879.767,MW,DK2,DK_2,actual_solar_generation,Solar,2026-08-26T10:27:13Z
2026-08-26T10:01:57Z,2026-08-26T12:01:57+0200,de5651f7-a4c0-4808-ad66-e3bdff44187a,2026-07-30T08:15:00Z,2026-07-30T10:15:00+0200,923.452,MW,DK2,DK_2,actual_solar_generation,Solar,2026-08-26T10:27:13Z
2026-08-26T10:01:57Z,2026-08-26T12:01:57+0200,de5651f7-a4c0-4808-ad66-e3bdff44187a,2026-07-30T08:30:00Z,2026-07-30T10:30:00+0200,963.463,MW,DK2,DK_2,actual_solar_generation,Solar,2026-08-26T10:27:13Z
2026-08-26T10:01:57Z,2026-08-26T12:01:57+0200,de5651f7-a4c0-4808-ad66-e3bdff44187a,2026-07-30T08:45:00Z,2026-07-30T10:45:00+0200,997.133,MW,DK2,DK_2,actual_solar_generation,Solar,2026-08-26T10:27:13Z
2026-08-26T10:01:57Z,2026-08-26T12:01:57+0200,de5651f7-a4c0-4808-ad66-e3bdff44187a,2026-07-30T09:00:00Z,2026-07-30T11:00:00+0200,1026.5,MW,DK2,DK_2,actual_solar_generation,Solar,2026-08-26T10:27:13Z
2026-08-26T10:01:57Z,2026-08-26T12:01:57+0200,de5651f7-a4c0-4808-ad66-e3bdff44187a,2026-07-30T09:15:00Z,2026-07-30T11:15:00+0200,1042.86,MW,DK2,DK_2,actual_solar_generation,Solar,2026-08-26T10:27:13Z
2026-08-26T10:01:57Z,2026-08-26T12:01:57+0200,de5651f7-a4c0-4808-ad66-e3bdff44187a,2026-07-30T09:30:00Z,2026-07-30T11:30:00+0200,1070.79,MW,DK2,DK_2,actual_solar_generation,Solar,2026-08-26T10:27:13Z
2026-08-26T10:01:57Z,2026-08-26T12:01:57+0200,de5651f7-a4c0-4808-ad66-e3bdff44187a,2026-07-30T09:45:00Z,2026-07-30T11:45:00+0200,1086.46,MW,DK2,DK_2,actual_solar_generation,Solar,2026-08-26T10:27:13Z
2026-08-26T10:01:57Z,2026-08-26T12:01:57+0200,de5651f7-a4c0-4808-ad66-e3bdff44187a,2026-07-30T10:00:00Z,2026-07-30T12:00:00+0200,1091.7,MW,DK2,DK_2,actual_solar_generation,Solar,2026-08-26T10:27:13Z
2026-08-26T10:01:57Z,2026-08-26T12:01:57+0200,de5651f7-a4c0-4808-ad66-e3bdff44187a,2026-07-30T10:15:00Z,2026-07-30T12:15:00+0200,1095.52,MW,DK2,DK_2,actual_solar_generation,Solar,2026-08-26T10:27:13Z
2026-08-26T10:01:57Z,2026-08-26T12:01:57+0200,de5651f7-a4c0-4808-ad66-e3bdff44187a,2026-07-30T10:30:00Z,2026-07-30T12:30:00+0200,1101.02,MW,DK2,DK_2,actual_solar_generation,Solar,2026-08-26T10:27:13Z
2026-08-26T10:01:57Z,2026-08-26T12:01:57+0200,de5651f7-a4c0-4808-ad66-e3bdff44187a,2026-07-30T10:45:00Z,2026-07-30T12:45:00+0200,1104.04,MW,DK2,DK_2,actual_solar_generation,Solar,2026-08-26T10:27:13Z
2026-08-26T10:01:57Z,2026-08-26T12:01:57+0200,de5651f7-a4c0-4808-ad66-e3bdff44187a,2026-07-30T11:00:00Z,2026-07-30T13:00:00+0200,1105.94,MW,DK2,DK_2,actual_solar_generation,Solar,2026-08-26T10:27:13Z
2026-08-26T10:01:57Z,2026-08-26T12:01:57+0200,de5651f7-a4c0-4808-ad66-e3bdff44187a,2026-07-30T11:15:00Z,2026-07-30T13:15:00+0200,1017.68,MW,DK2,DK_2,actual_solar_generation,Solar,2026-08-26T10:27:13Z
2026-08-26T10:01:57Z,2026-08-26T12:01:57+0200,de5651f7-a4c0-4808-ad66-e3bdff44187a,2026-07-30T11:30:00Z,2026-07-30T13:30:00+0200,1006.95,MW,DK2,DK_2,actual_solar_generation,Solar,2026-08-26T10:27:13Z
2026-08-26T10:01:57Z,2026-08-26T12:01:57+0200,de5651f7-a4c0-4808-ad66-e3bdff44187a,2026-07-30T11:45:00Z,2026-07-30T13:45:00+0200,999.88,MW,DK2,DK_2,actual_solar_generation,Solar,2026-08-26T10:27:13Z
2026-08-26T10:01:57Z,2026-08-26T12:01:57+0200,de5651f7-a4c0-4808-ad66-e3bdff44187a,2026-07-30T12:00:00Z,2026-07-30T14:00:00+0200,994.197,MW,DK2,DK_2,actual_solar_generation,Solar,2026-08-26T10:27:13Z
2026-08-26T10:01:57Z,2026-08-26T12:01:57+0200,de5651f7-a4c0-4808-ad66-e3bdff44187a,2026-07-30T12:15:00Z,2026-07-30T14:15:00+0200,967.083,MW,DK2,DK_2,actual_solar_generation,Solar,2026-08-26T10:27:13Z
2026-08-26T10:01:57Z,2026-08-26T12:01:57+0200,de5651f7-a4c0-4808-ad66-e3bdff44187a,2026-07-30T12:30:00Z,2026-07-30T14:30:00+0200,920.379,MW,DK2,DK_2,actual_solar_generation,Solar,2026-08-26T10:27:13Z
2026-08-26T10:01:57Z,2026-08-26T12:01:57+0200,de5651f7-a4c0-4808-ad66-e3bdff44187a,2026-07-30T12:45:00Z,2026-07-30T14:45:00+0200,873.166,MW,DK2,DK_2,actual_solar_generation,Solar,2026-08-26T10:27:13Z
2026-08-26T10:01:57Z,2026-08-26T12:01:57+0200,de5651f7-a4c0-4808-ad66-e3bdff44187a,2026-07-30T13:00:00Z,2026-07-30T15:00:00+0200,879.417,MW,DK2,DK_2,actual_solar_generation,Solar,2026-08-26T10:27:13Z
2026-08-26T10:01:57Z,2026-08-26T12:01:57+0200,de5651f7-a4c0-4808-ad66-e3bdff44187a,2026-07-30T13:15:00Z,2026-07-30T15:15:00+0200,895.635,MW,DK2,DK_2,actual_solar_generation,Solar,2026-08-26T10:27:13Z
2026-08-26T10:01:57Z,2026-08-26T12:01:57+0200,de5651f7-a4c0-4808-ad66-e3bdff44187a,2026-07-30T13:30:00Z,2026-07-30T15:30:00+0200,861.729,MW,DK2,DK_2,actual_solar_generation,Solar,2026-08-26T10:27:13Z
2026-08-26T10:01:57Z,2026-08-26T12:01:57+0200,de5651f7-a4c0-4808-ad66-e3bdff44187a,2026-07-30T13:45:00Z,2026-07-30T15:45:00+0200,831.717,MW,DK2,DK_2,actual_solar_generation,Solar,2026-08-26T10:27:13Z
2026-08-26T10:01:57Z,2026-08-26T12:01:57+0200,de5651f7-a4c0-4808-ad66-e3bdff44187a,2026-07-30T14:00:00Z,2026-07-30T16:00:00+0200,847.99,MW,DK2,DK_2,actual_solar_generation,Solar,2026-08-26T10:27:13Z
2026-08-26T10:01:57Z,2026-08-26T12:01:57+0200,de5651f7-a4c0-4808-ad66-e3bdff44187a,2026-07-30T14:15:00Z,2026-07-30T16:15:00+0200,794.707,MW,DK2,DK_2,actual_solar_generation,Solar,2026-08-26T10:27:13Z
2026-08-26T10:01:57Z,2026-08-26T12:01:57+0200,de5651f7-a4c0-4808-ad66-e3bdff44187a,2026-07-30T14:30:00Z,2026-07-30T16:30:00+0200,751.654,MW,DK2,DK_2,actual_solar_generation,Solar,2026-08-26T10:27:13Z
2026-08-26T10:01:57Z,2026-08-26T12:01:57+0200,de5651f7-a4c0-4808-ad66-e3bdff44187a,2026-07-30T14:45:00Z,2026-07-30T16:45:00+0200,649.734,MW,DK2,DK_2,actual_solar_generation,Solar,2026-08-26T10:27:13Z
2026-08-26T10:01:57Z,2026-08-26T12:01:57+0200,de5651f7-a4c0-4808-ad66-e3bdff44187a,2026-07-30T15:00:00Z,2026-07-30T17:00:00+0200,575.706,MW,DK2,DK_2,actual_solar_generation,Solar,2026-08-26T10:27:13Z
2026-08-26T10:01:57Z,2026-08-26T12:01:57+0200,de5651f7-a4c0-4808-ad66-e3bdff44187a,2026-07-30T15:15:00Z,2026-07-30T17:15:00+0200,527.044,MW,DK2,DK_2,actual_solar_generation,Solar,2026-08-26T10:27:13Z
2026-08-26T10:01:57Z,2026-08-26T12:01:57+0200,de5651f7-a4c0-4808-ad66-e3bdff44187a,2026-07-30T15:30:00Z,2026-07-30T17:30:00+0200,441.104,MW,DK2,DK_2,actual_solar_generation,Solar,2026-08-26T10:27:13Z
2026-08-26T10:01:57Z,2026-08-26T12:01:57+0200,de5651f7-a4c0-4808-ad66-e3bdff44187a,2026-07-30T15:45:00Z,2026-07-30T17:45:00+0200,355.862,MW,DK2,DK_2,actual_solar_generation,Solar,2026-08-26T10:27:13Z
2026-08-26T10:01:57Z,2026-08-26T12:01:57+0200,de5651f7-a4c0-4808-ad66-e3bdff44187a,2026-07-30T16:00:00Z,2026-07-30T18:00:00+0200,285.39,MW,DK2,DK_2,actual_solar_generation,Solar,2026-08-26T10:27:13Z
2026-08-26T10:01:57Z,2026-08-26T12:01:57+0200,de5651f7-a4c0-4808-ad66-e3bdff44187a,2026-07-30T16:15:00Z,2026-07-30T18:15:00+0200,244.821,MW,DK2,DK_2,actual_solar_generation,Solar,2026-08-26T10:27:13Z
2026-08-26T10:01:57Z,2026-08-26T12:01:57+0200,de5651f7-a4c0-4808-ad66-e3bdff44187a,2026-07-30T16:30:00Z,2026-07-30T18:30:00+0200,199.975,MW,DK2,DK_2,actual_solar_generation,Solar,2026-08-26T10:27:13Z
2026-08-26T10:01:57Z,2026-08-26T12:01:57+0200,de5651f7-a4c0-4808-ad66-e3bdff44187a,2026-07-30T16:45:00Z,2026-07-30T18:45:00+0200,157.889,MW,DK2,DK_2,actual_solar_generation,Solar,2026-08-26T10:27:13Z
2026-08-26T10:01:57Z,2026-08-26T12:01:57+0200,de5651f7-a4c0-4808-ad66-e3bdff44187a,2026-07-30T17:00:00Z,2026-07-30T19:00:00+0200,138.8,MW,DK2,DK_2,actual_solar_generation,Solar,2026-08-26T10:27:13Z
2026-08-26T10:01:57Z,2026-08-26T12:01:57+0200,de5651f7-a4c0-4808-ad66-e3bdff44187a,2026-07-30T17:15:00Z,2026-07-30T19:15:00+0200,107.821,MW,DK2,DK_2,actual_solar_generation,Solar,2026-08-26T10:27:13Z
2026-08-26T10:01:57Z,2026-08-26T12:01:57+0200,de5651f7-a4c0-4808-ad66-e3bdff44187a,2026-07-30T17:30:00Z,2026-07-30T19:30:00+0200,74.8595,MW,DK2,DK_2,actual_solar_generation,Solar,2026-08-26T10:27:13Z
2026-08-26T10:01:57Z,2026-08-26T12:01:57+0200,de5651f7-a4c0-4808-ad66-e3bdff44187a,2026-07-30T17:45:00Z,2026-07-30T19:45:00+0200,46.9152,MW,DK2,DK_2,actual_solar_generation,Solar,2026-08-26T10:27:13Z
2026-08-26T10:01:57Z,2026-08-26T12:01:57+0200,de5651f7-a4c0-4808-ad66-e3bdff44187a,2026-07-30T18:00:00Z,2026-07-30T20:00:00+0200,29.5776,MW,DK2,DK_2,actual_solar_generation,Solar,2026-08-26T10:27:13Z
2026-08-26T10:01:57Z,2026-08-26T12:01:57+0200,de5651f7-a4c0-4808-ad66-e3bdff44187a,2026-07-30T18:15:00Z,2026-07-30T20:15:00+0200,20.4969,MW,DK2,DK_2,actual_solar_generation,Solar,2026-08-26T10:27:13Z
2026-08-26T10:01:57Z,2026-08-26T12:01:57+0200,de5651f7-a4c0-4808-ad66-e3bdff44187a,2026-07-30T18:30:00Z,2026-07-30T20:30:00+0200,9.48617,MW,DK2,DK_2,actual_solar_generation,Solar,2026-08-26T10:27:13Z
2026-08-26T10:01:57Z,2026-08-26T12:01:57+0200,de5651f7-a4c0-4808-ad66-e3bdff44187a,2026-07-30T18:45:00Z,2026-07-30T20:45:00+0200,1.3208,MW,DK2,DK_2,actual_solar_generation,Solar,2026-08-26T10:27:13Z
2026-08-26T10:01:57Z,2026-08-26T12:01:57+0200,de5651f7-a4c0-4808-ad66-e3bdff44187a,2026-07-30T19:00:00Z,2026-07-30T21:00:00+0200,7.90217,MW,DK2,DK_2,actual_solar_generation,Solar,2026-08-26T10:27:13Z
2026-08-26T10:01:57Z,2026-08-26T12:01:57+0200,de5651f7-a4c0-4808-ad66-e3bdff44187a,2026-07-30T19:15:00Z,2026-07-30T21:15:00+0200,8.58639,MW,DK2,DK_2,actual_solar_generation,Solar,2026-08-26T10:27:13Z
2026-08-26T10:01:57Z,2026-08-26T12:01:57+0200,de5651f7-a4c0-4808-ad66-e3bdff44187a,2026-07-30T19:30:00Z,2026-07-30T21:30:00+0200,8.50763,MW,DK2,DK_2,actual_solar_generation,Solar,2026-08-26T10:27:13Z
2026-08-26T10:01:57Z,2026-08-26T12:01:57+0200,de5651f7-a4c0-4808-ad66-e3bdff44187a,2026-07-30T19:45:00Z,2026-07-30T21:45:00+0200,8.51158,MW,DK2,DK_2,actual_solar_generation,Solar,2026-08-26T10:27:13Z
2026-08-26T10:01:57Z,2026-08-26T12:01:57+0200,de5651f7-a4c0-4808-ad66-e3bdff44187a,2026-07-30T20:00:00Z,2026-07-30T22:00:00+0200,2.37599,MW,DK2,DK_2,actual_solar_generation,Solar,2026-08-26T10:27:13Z
2026-08-26T10:01:57Z,2026-08-26T12:01:57+0200,de5651f7-a4c0-4808-ad66-e3bdff44187a,2026-07-30T20:15:00Z,2026-07-30T22:15:00+0200,0.109424,MW,DK2,DK_2,actual_solar_generation,Solar,2026-08-26T10:27:13Z
2026-08-26T10:01:57Z,2026-08-26T12:01:57+0200,de5651f7-a4c0-4808-ad66-e3bdff44187a,2026-07-30T20:30:00Z,2026-07-30T22:30:00+0200,0.0,MW,DK2,DK_2,actual_solar_generation,Solar,2026-08-26T10:27:13Z
2026-08-26T10:01:57Z,2026-08-26T12:01:57+0200,de5651f7-a4c0-4808-ad66-e3bdff44187a,2026-07-30T20:45:00Z,2026-07-30T22:45:00+0200,0.0,MW,DK2,DK_2,actual_solar_generation,Solar,2026-08-26T10:27:13Z
2026-08-26T10:01:57Z,2026-08-26T12:01:57+0200,de5651f7-a4c0-4808-ad66-e3bdff44187a,2026-07-30T21:00:00Z,2026-07-30T23:00:00+0200,0.0,MW,DK2,DK_2,actual_solar_generation,Solar,2026-08-26T10:27:13Z
2026-08-26T10:01:57Z,2026-08-26T12:01:57+0200,de5651f7-a4c0-4808-ad66-e3bdff44187a,2026-07-30T21:15:00Z,2026-07-30T23:15:00+0200,0.0,MW,DK2,DK_2,actual_solar_generation,Solar,2026-08-26T10:27:13Z
2026-08-26T10:01:57Z,2026-08-26T12:01:57+0200,de5651f7-a4c0-4808-ad66-e3bdff44187a,2026-07-30T21:30:00Z,2026-07-30T23:30:00+0200,0.0,MW,DK2,DK_2,actual_solar_generation,Solar,2026-08-26T10:27:13Z
2026-08-26T10:01:57Z,2026-08-26T12:01:57+0200,de5651f7-a4c0-4808-ad66-e3bdff44187a,2026-07-30T21:45:00Z,2026-07-30T23:45:00+0200,0.0,MW,DK2,DK_2,actual_solar_generation,Solar,2026-08-26T10:27:13Z
2026-08-26T10:01:57Z,2026-08-26T12:01:57+0200,de5651f7-a4c0-4808-ad66-e3bdff44187a,2026-07-30T22:00:00Z,2026-07-31T00:00:00+0200,0.0,MW,DK2,DK_2,actual_solar_generation,Solar,2026-08-26T10:27:13Z
2026-08-26T10:01:57Z,2026-08-26T12:01:57+0200,de5651f7-a4c0-4808-ad66-e3bdff44187a,2026-07-30T22:15:00Z,2026-07-31T00:15:00+0200,0.0,MW,DK2,DK_2,actual_solar_generation,Solar,2026-08-26T10:27:13Z
2026-08-26T10:01:57Z,2026-08-26T12:01:57+0200,de5651f7-a4c0-4808-ad66-e3bdff44187a,2026-07-30T22:30:00Z,2026-07-31T00:30:00+0200,0.0,MW,DK2,DK_2,actual_solar_generation,Solar,2026-08-26T10:27:13Z
2026-08-26T10:01:57Z,2026-08-26T12:01:57+0200,de5651f7-a4c0-4808-ad66-e3bdff44187a,2026-07-30T22:45:00Z,2026-07-31T00:45:00+0200,0.0,MW,DK2,DK_2,actual_solar_generation,Solar,2026-08-26T10:27:13Z
2026-08-26T10:01:57Z,2026-08-26T12:01:57+0200,de5651f7-a4c0-4808-ad66-e3bdff44187a,2026-07-30T23:00:00Z,2026-07-31T01:00:00+0200,0.0,MW,DK2,DK_2,actual_solar_generation,Solar,2026-08-26T10:27:13Z
2026-08-26T10:01:57Z,2026-08-26T12:01:57+0200,de5651f7-a4c0-4808-ad66-e3bdff44187a,2026-07-30T23:15:00Z,2026-07-31T01:15:00+0200,0.0,MW,DK2,DK_2,actual_solar_generation,Solar,2026-08-26T10:27:13Z
2026-08-26T10:01:57Z,2026-08-26T12:01:57+0200,de5651f7-a4c0-4808-ad66-e3bdff44187a,2026-07-30T23:30:00Z,2026-07-31T01:30:00+0200,0.0,MW,DK2,DK_2,actual_solar_generation,Solar,2026-08-26T10:27:13Z
2026-08-26T10:01:57Z,2026-08-26T12:01:57+0200,de5651f7-a4c0-4808-ad66-e3bdff44187a,2026-07-30T23:45:00Z,2026-07-31T01:45:00+0200,0.0,MW,DK2,DK_2,actual_solar_generation,Solar,2026-08-26T10:27:13Z
2026-08-26T10:01:57Z,2026-08-26T12:01:57+0200,de5651f7-a4c0-4808-ad66-e3bdff44187a,2026-07-31T00:00:00Z,2026-07-31T02:00:00+0200,0.0,MW,DK2,DK_2,actual_solar_generation,Solar,2026-08-26T10:27:13Z
2026-08-26T10:01:57Z,2026-08-26T12:01:57+0200,de5651f7-a4c0-4808-ad66-e3bdff44187a,2026-07-31T00:15:00Z,2026-07-31T02:15:00+0200,0.0,MW,DK2,DK_2,actual_solar_generation,Solar,2026-08-26T10:27:13Z
2026-08-26T10:01:57Z,2026-08-26T12:01:57+0200,de5651f7-a4c0-4808-ad66-e3bdff44187a,2026-07-31T00:30:00Z,2026-07-31T02:30:00+0200,0.0,MW,DK2,DK_2,actual_solar_generation,Solar,2026-08-26T10:27:13Z
2026-08-26T10:01:57Z,2026-08-26T12:01:57+0200,de5651f7-a4c0-4808-ad66-e3bdff44187a,2026-07-31T00:45:00Z,2026-07-31T02:45:00+0200,0.0,MW,DK2,DK_2,actual_solar_generation,Solar,2026-08-26T10:27:13Z
2026-08-26T10:01:57Z,2026-08-26T12:01:57+0200,de5651f7-a4c0-4808-ad66-e3bdff44187a,2026-07-31T01:00:00Z,2026-07-31T03:00:00+0200,0.0,MW,DK2,DK_2,actual_solar_generation,Solar,2026-08-26T10:27:13Z
2026-08-26T10:01:57Z,2026-08-26T12:01:57+0200,de5651f7-a4c0-4808-ad66-e3bdff44187a,2026-07-31T01:15:00Z,2026-07-31T03:15:00+0200,0.0,MW,DK2,DK_2,actual_solar_generation,Solar,2026-08-26T10:27:13Z
2026-08-26T10:01:57Z,2026-08-26T12:01:57+0200,de5651f7-a4c0-4808-ad66-e3bdff44187a,2026-07-31T01:30:00Z,2026-07-31T03:30:00+0200,0.0,MW,DK2,DK_2,actual_solar_generation,Solar,2026-08-26T10:27:13Z
2026-08-26T10:01:57Z,2026-08-26T12:01:57+0200,de5651f7-a4c0-4808-ad66-e3bdff44187a,2026-07-31T01:45:00Z,2026-07-31T03:45:00+0200,0.0,MW,DK2,DK_2,actual_solar_generation,Solar,2026-08-26T10:27:13Z
2026-08-26T10:01:57Z,2026-08-26T12:01:57+0200,de5651f7-a4c0-4808-ad66-e3bdff44187a,2026-07-31T02:00:00Z,2026-07-31T04:00:00+0200,0.0,MW,DK2,DK_2,actual_solar_generation,Solar,2026-08-26T10:27:13Z
2026-08-26T10:01:57Z,2026-08-26T12:01:57+0200,de5651f7-a4c0-4808-ad66-e3bdff44187a,2026-07-31T02:15:00Z,2026-07-31T04:15:00+0200,0.0,MW,DK2,DK_2,actual_solar_generation,Solar,2026-08-26T10:27:13Z
2026-08-26T10:01:57Z,2026-08-26T12:01:57+0200,de5651f7-a4c0-4808-ad66-e3bdff44187a,2026-07-31T02:30:00Z,2026-07-31T04:30:00+0200,0.0,MW,DK2,DK_2,actual_solar_generation,Solar,2026-08-26T10:27:13Z
2026-08-26T10:01:57Z,2026-08-26T12:01:57+0200,de5651f7-a4c0-4808-ad66-e3bdff44187a,2026-07-31T02:45:00Z,2026-07-31T04:45:00+0200,0.0,MW,DK2,DK_2,actual_solar_generation,Solar,2026-08-26T10:27:13Z
2026-08-26T10:01:57Z,2026-08-26T12:01:57+0200,de5651f7-a4c0-4808-ad66-e3bdff44187a,2026-07-31T03:00:00Z,2026-07-31T05:00:00+0200,0.0,MW,DK2,DK_2,actual_solar_generation,Solar,2026-08-26T10:27:13Z
2026-08-26T10:01:57Z,2026-08-26T12:01:57+0200,de5651f7-a4c0-4808-ad66-e3bdff44187a,2026-07-31T03:15:00Z,2026-07-31T05:15:00+0200,1.59226,MW,DK2,DK_2,actual_solar_generation,Solar,2026-08-26T10:27:13Z
2026-08-26T10:01:57Z,2026-08-26T12:01:57+0200,de5651f7-a4c0-4808-ad66-e3bdff44187a,2026-07-31T03:30:00Z,2026-07-31T05:30:00+0200,10.596,MW,DK2,DK_2,actual_solar_generation,Solar,2026-08-26T10:27:13Z
2026-08-26T10:01:57Z,2026-08-26T12:01:57+0200,de5651f7-a4c0-4808-ad66-e3bdff44187a,2026-07-31T03:45:00Z,2026-07-31T05:45:00+0200,23.3072,MW,DK2,DK_2,actual_solar_generation,Solar,2026-08-26T10:27:13Z
2026-08-26T10:01:57Z,2026-08-26T12:01:57+0200,de5651f7-a4c0-4808-ad66-e3bdff44187a,2026-07-31T04:00:00Z,2026-07-31T06:00:00+0200,41.0276,MW,DK2,DK_2,actual_solar_generation,Solar,2026-08-26T10:27:13Z
2026-08-26T10:01:57Z,2026-08-26T12:01:57+0200,de5651f7-a4c0-4808-ad66-e3bdff44187a,2026-07-31T04:15:00Z,2026-07-31T06:15:00+0200,66.9339,MW,DK2,DK_2,actual_solar_generation,Solar,2026-08-26T10:27:13Z
2026-08-26T10:01:57Z,2026-08-26T12:01:57+0200,de5651f7-a4c0-4808-ad66-e3bdff44187a,2026-07-31T04:30:00Z,2026-07-31T06:30:00+0200,91.0932,MW,DK2,DK_2,actual_solar_generation,Solar,2026-08-26T10:27:13Z
2026-08-26T10:01:57Z,2026-08-26T12:01:57+0200,de5651f7-a4c0-4808-ad66-e3bdff44187a,2026-07-31T04:45:00Z,2026-07-31T06:45:00+0200,128.76,MW,DK2,DK_2,actual_solar_generation,Solar,2026-08-26T10:27:13Z
2026-08-26T10:01:57Z,2026-08-26T12:01:57+0200,de5651f7-a4c0-4808-ad66-e3bdff44187a,2026-07-31T05:00:00Z,2026-07-31T07:00:00+0200,171.114,MW,DK2,DK_2,actual_solar_generation,Solar,2026-08-26T10:27:13Z
2026-08-26T10:01:57Z,2026-08-26T12:01:57+0200,de5651f7-a4c0-4808-ad66-e3bdff44187a,2026-07-31T05:15:00Z,2026-07-31T07:15:00+0200,221.079,MW,DK2,DK_2,actual_solar_generation,Solar,2026-08-26T10:27:13Z
2026-08-26T10:01:57Z,2026-08-26T12:01:57+0200,de5651f7-a4c0-4808-ad66-e3bdff44187a,2026-07-31T05:30:00Z,2026-07-31T07:30:00+0200,242.712,MW,DK2,DK_2,actual_solar_generation,Solar,2026-08-26T10:27:13Z
2026-08-26T10:01:57Z,2026-08-26T12:01:57+0200,de5651f7-a4c0-4808-ad66-e3bdff44187a,2026-07-31T05:45:00Z,2026-07-31T07:45:00+0200,304.314,MW,DK2,DK_2,actual_solar_generation,Solar,2026-08-26T10:27:13Z
2026-08-26T10:01:57Z,2026-08-26T12:01:57+0200,de5651f7-a4c0-4808-ad66-e3bdff44187a,2026-07-31T06:00:00Z,2026-07-31T08:00:00+0200,339.222,MW,DK2,DK_2,actual_solar_generation,Solar,2026-08-26T10:27:13Z
2026-08-26T10:01:57Z,2026-08-26T12:01:57+0200,de5651f7-a4c0-4808-ad66-e3bdff44187a,2026-07-31T06:15:00Z,2026-07-31T08:15:00+0200,423.635,MW,DK2,DK_2,actual_solar_generation,Solar,2026-08-26T10:27:13Z
2026-08-26T10:01:57Z,2026-08-26T12:01:57+0200,de5651f7-a4c0-4808-ad66-e3bdff44187a,2026-07-31T06:30:00Z,2026-07-31T08:30:00+0200,470.601,MW,DK2,DK_2,actual_solar_generation,Solar,2026-08-26T10:27:13Z
2026-08-26T10:01:57Z,2026-08-26T12:01:57+0200,de5651f7-a4c0-4808-ad66-e3bdff44187a,2026-07-31T06:45:00Z,2026-07-31T08:45:00+0200,544.149,MW,DK2,DK_2,actual_solar_generation,Solar,2026-08-26T10:27:13Z
2026-08-26T10:01:57Z,2026-08-26T12:01:57+0200,de5651f7-a4c0-4808-ad66-e3bdff44187a,2026-07-31T07:00:00Z,2026-07-31T09:00:00+0200,628.124,MW,DK2,DK_2,actual_solar_generation,Solar,2026-08-26T10:27:13Z
2026-08-26T10:01:57Z,2026-08-26T12:01:57+0200,de5651f7-a4c0-4808-ad66-e3bdff44187a,2026-07-31T07:15:00Z,2026-07-31T09:15:00+0200,666.077,MW,DK2,DK_2,actual_solar_generation,Solar,2026-08-26T10:27:13Z
2026-08-26T10:01:57Z,2026-08-26T12:01:57+0200,de5651f7-a4c0-4808-ad66-e3bdff44187a,2026-07-31T07:30:00Z,2026-07-31T09:30:00+0200,766.919,MW,DK2,DK_2,actual_solar_generation,Solar,2026-08-26T10:27:13Z
2026-08-26T10:01:57Z,2026-08-26T12:01:57+0200,de5651f7-a4c0-4808-ad66-e3bdff44187a,2026-07-31T07:45:00Z,2026-07-31T09:45:00+0200,835.39,MW,DK2,DK_2,actual_solar_generation,Solar,2026-08-26T10:27:13Z
2026-08-26T10:01:57Z,2026-08-26T12:01:57+0200,de5651f7-a4c0-4808-ad66-e3bdff44187a,2026-07-31T08:00:00Z,2026-07-31T10:00:00+0200,872.368,MW,DK2,DK_2,actual_solar_generation,Solar,2026-08-26T10:27:13Z
2026-08-26T10:01:57Z,2026-08-26T12:01:57+0200,de5651f7-a4c0-4808-ad66-e3bdff44187a,2026-07-31T08:15:00Z,2026-07-31T10:15:00+0200,936.181,MW,DK2,DK_2,actual_solar_generation,Solar,2026-08-26T10:27:13Z
2026-08-26T10:01:57Z,2026-08-26T12:01:57+0200,de5651f7-a4c0-4808-ad66-e3bdff44187a,2026-07-31T08:30:00Z,2026-07-31T10:30:00+0200,986.443,MW,DK2,DK_2,actual_solar_generation,Solar,2026-08-26T10:27:13Z
2026-08-26T10:01:57Z,2026-08-26T12:01:57+0200,de5651f7-a4c0-4808-ad66-e3bdff44187a,2026-07-31T08:45:00Z,2026-07-31T10:45:00+0200,1021.69,MW,DK2,DK_2,actual_solar_generation,Solar,2026-08-26T10:27:13Z
2026-08-26T10:01:57Z,2026-08-26T12:01:57+0200,de5651f7-a4c0-4808-ad66-e3bdff44187a,2026-07-31T09:00:00Z,2026-07-31T11:00:00+0200,1045.46,MW,DK2,DK_2,actual_solar_generation,Solar,2026-08-26T10:27:13Z
2026-08-26T10:01:57Z,2026-08-26T12:01:57+0200,de5651f7-a4c0-4808-ad66-e3bdff44187a,2026-07-31T09:15:00Z,2026-07-31T11:15:00+0200,1058.58,MW,DK2,DK_2,actual_solar_generation,Solar,2026-08-26T10:27:13Z
2026-08-26T10:01:57Z,2026-08-26T12:01:57+0200,de5651f7-a4c0-4808-ad66-e3bdff44187a,2026-07-31T09:30:00Z,2026-07-31T11:30:00+0200,1055.82,MW,DK2,DK_2,actual_solar_generation,Solar,2026-08-26T10:27:13Z
2026-08-26T10:01:57Z,2026-08-26T12:01:57+0200,de5651f7-a4c0-4808-ad66-e3bdff44187a,2026-07-31T09:45:00Z,2026-07-31T11:45:00+0200,1053.34,MW,DK2,DK_2,actual_solar_generation,Solar,2026-08-26T10:27:13Z
2026-08-26T10:01:57Z,2026-08-26T12:01:57+0200,de5651f7-a4c0-4808-ad66-e3bdff44187a,2026-07-31T10:00:00Z,2026-07-31T12:00:00+0200,1081.01,MW,DK2,DK_2,actual_solar_generation,Solar,2026-08-26T10:27:13Z
2026-08-26T10:01:57Z,2026-08-26T12:01:57+0200,de5651f7-a4c0-4808-ad66-e3bdff44187a,2026-07-31T10:15:00Z,2026-07-31T12:15:00+0200,1068.85,MW,DK2,DK_2,actual_solar_generation,Solar,2026-08-26T10:27:13Z
2026-08-26T10:01:57Z,2026-08-26T12:01:57+0200,de5651f7-a4c0-4808-ad66-e3bdff44187a,2026-07-31T10:30:00Z,2026-07-31T12:30:00+0200,1083.96,MW,DK2,DK_2,actual_solar_generation,Solar,2026-08-26T10:27:13Z
2026-08-26T10:01:57Z,2026-08-26T12:01:57+0200,de5651f7-a4c0-4808-ad66-e3bdff44187a,2026-07-31T10:45:00Z,2026-07-31T12:45:00+0200,1079.36,MW,DK2,DK_2,actual_solar_generation,Solar,2026-08-26T10:27:13Z
2026-08-26T10:01:57Z,2026-08-26T12:01:57+0200,de5651f7-a4c0-4808-ad66-e3bdff44187a,2026-07-31T11:00:00Z,2026-07-31T13:00:00+0200,1065.99,MW,DK2,DK_2,actual_solar_generation,Solar,2026-08-26T10:27:13Z
2026-08-26T10:01:57Z,2026-08-26T12:01:57+0200,de5651f7-a4c0-4808-ad66-e3bdff44187a,2026-07-31T11:15:00Z,2026-07-31T13:15:00+0200,1055.49,MW,DK2,DK_2,actual_solar_generation,Solar,2026-08-26T10:27:13Z
2026-08-26T10:01:57Z,2026-08-26T12:01:57+0200,de5651f7-a4c0-4808-ad66-e3bdff44187a,2026-07-31T11:30:00Z,2026-07-31T13:30:00+0200,1051.85,MW,DK2,DK_2,actual_solar_generation,Solar,2026-08-26T10:27:13Z
2026-08-26T10:01:57Z,2026-08-26T12:01:57+0200,de5651f7-a4c0-4808-ad66-e3bdff44187a,2026-07-31T11:45:00Z,2026-07-31T13:45:00+0200,1012.15,MW,DK2,DK_2,actual_solar_generation,Solar,2026-08-26T10:27:13Z
2026-08-26T10:01:57Z,2026-08-26T12:01:57+0200,de5651f7-a4c0-4808-ad66-e3bdff44187a,2026-07-31T12:00:00Z,2026-07-31T14:00:00+0200,981.997,MW,DK2,DK_2,actual_solar_generation,Solar,2026-08-26T10:27:13Z
2026-08-26T10:01:57Z,2026-08-26T12:01:57+0200,de5651f7-a4c0-4808-ad66-e3bdff44187a,2026-07-31T12:15:00Z,2026-07-31T14:15:00+0200,1000.16,MW,DK2,DK_2,actual_solar_generation,Solar,2026-08-26T10:27:13Z
2026-08-26T10:01:57Z,2026-08-26T12:01:57+0200,de5651f7-a4c0-4808-ad66-e3bdff44187a,2026-07-31T12:30:00Z,2026-07-31T14:30:00+0200,1028.94,MW,DK2,DK_2,actual_solar_generation,Solar,2026-08-26T10:27:13Z
2026-08-26T10:01:57Z,2026-08-26T12:01:57+0200,de5651f7-a4c0-4808-ad66-e3bdff44187a,2026-07-31T12:45:00Z,2026-07-31T14:45:00+0200,1000.65,MW,DK2,DK_2,actual_solar_generation,Solar,2026-08-26T10:27:13Z
2026-08-26T10:01:57Z,2026-08-26T12:01:57+0200,de5651f7-a4c0-4808-ad66-e3bdff44187a,2026-07-31T13:00:00Z,2026-07-31T15:00:00+0200,974.667,MW,DK2,DK_2,actual_solar_generation,Solar,2026-08-26T10:27:13Z
2026-08-26T10:01:57Z,2026-08-26T12:01:57+0200,de5651f7-a4c0-4808-ad66-e3bdff44187a,2026-07-31T13:15:00Z,2026-07-31T15:15:00+0200,929.82,MW,DK2,DK_2,actual_solar_generation,Solar,2026-08-26T10:27:13Z
2026-08-26T10:01:57Z,2026-08-26T12:01:57+0200,de5651f7-a4c0-4808-ad66-e3bdff44187a,2026-07-31T13:30:00Z,2026-07-31T15:30:00+0200,867.723,MW,DK2,DK_2,actual_solar_generation,Solar,2026-08-26T10:27:13Z
2026-08-26T10:01:57Z,2026-08-26T12:01:57+0200,de5651f7-a4c0-4808-ad66-e3bdff44187a,2026-07-31T13:45:00Z,2026-07-31T15:45:00+0200,895.656,MW,DK2,DK_2,actual_solar_generation,Solar,2026-08-26T10:27:13Z
2026-08-26T10:01:57Z,2026-08-26T12:01:57+0200,de5651f7-a4c0-4808-ad66-e3bdff44187a,2026-07-31T14:00:00Z,2026-07-31T16:00:00+0200,834.8,MW,DK2,DK_2,actual_solar_generation,Solar,2026-08-26T10:27:13Z
2026-08-26T10:01:57Z,2026-08-26T12:01:57+0200,de5651f7-a4c0-4808-ad66-e3bdff44187a,2026-07-31T14:15:00Z,2026-07-31T16:15:00+0200,706.864,MW,DK2,DK_2,actual_solar_generation,Solar,2026-08-26T10:27:13Z
2026-08-26T10:01:57Z,2026-08-26T12:01:57+0200,de5651f7-a4c0-4808-ad66-e3bdff44187a,2026-07-31T14:30:00Z,2026-07-31T16:30:00+0200,590.4,MW,DK2,DK_2,actual_solar_generation,Solar,2026-08-26T10:27:13Z
2026-08-26T10:01:57Z,2026-08-26T12:01:57+0200,de5651f7-a4c0-4808-ad66-e3bdff44187a,2026-07-31T14:45:00Z,2026-07-31T16:45:00+0200,512.904,MW,DK2,DK_2,actual_solar_generation,Solar,2026-08-26T10:27:13Z
2026-08-26T10:01:57Z,2026-08-26T12:01:57+0200,de5651f7-a4c0-4808-ad66-e3bdff44187a,2026-07-31T15:00:00Z,2026-07-31T17:00:00+0200,530.856,MW,DK2,DK_2,actual_solar_generation,Solar,2026-08-26T10:27:13Z
2026-08-26T10:01:57Z,2026-08-26T12:01:57+0200,de5651f7-a4c0-4808-ad66-e3bdff44187a,2026-07-31T15:15:00Z,2026-07-31T17:15:00+0200,489.302,MW,DK2,DK_2,actual_solar_generation,Solar,2026-08-26T10:27:13Z
2026-08-26T10:01:57Z,2026-08-26T12:01:57+0200,de5651f7-a4c0-4808-ad66-e3bdff44187a,2026-07-31T15:30:00Z,2026-07-31T17:30:00+0200,476.844,MW,DK2,DK_2,actual_solar_generation,Solar,2026-08-26T10:27:13Z
2026-08-26T10:01:57Z,2026-08-26T12:01:57+0200,de5651f7-a4c0-4808-ad66-e3bdff44187a,2026-07-31T15:45:00Z,2026-07-31T17:45:00+0200,406.282,MW,DK2,DK_2,actual_solar_generation,Solar,2026-08-26T10:27:13Z
2026-08-26T10:01:57Z,2026-08-26T12:01:57+0200,de5651f7-a4c0-4808-ad66-e3bdff44187a,2026-07-31T16:00:00Z,2026-07-31T18:00:00+0200,334.607,MW,DK2,DK_2,actual_solar_generation,Solar,2026-08-26T10:27:13Z
2026-08-26T10:01:57Z,2026-08-26T12:01:57+0200,de5651f7-a4c0-4808-ad66-e3bdff44187a,2026-07-31T16:15:00Z,2026-07-31T18:15:00+0200,253.887,MW,DK2,DK_2,actual_solar_generation,Solar,2026-08-26T10:27:13Z
2026-08-26T10:01:57Z,2026-08-26T12:01:57+0200,de5651f7-a4c0-4808-ad66-e3bdff44187a,2026-07-31T16:30:00Z,2026-07-31T18:30:00+0200,178.787,MW,DK2,DK_2,actual_solar_generation,Solar,2026-08-26T10:27:13Z
2026-08-26T10:01:57Z,2026-08-26T12:01:57+0200,de5651f7-a4c0-4808-ad66-e3bdff44187a,2026-07-31T16:45:00Z,2026-07-31T18:45:00+0200,120.152,MW,DK2,DK_2,actual_solar_generation,Solar,2026-08-26T10:27:13Z
2026-08-26T10:01:57Z,2026-08-26T12:01:57+0200,de5651f7-a4c0-4808-ad66-e3bdff44187a,2026-07-31T17:00:00Z,2026-07-31T19:00:00+0200,84.1309,MW,DK2,DK_2,actual_solar_generation,Solar,2026-08-26T10:27:13Z
2026-08-26T10:01:57Z,2026-08-26T12:01:57+0200,de5651f7-a4c0-4808-ad66-e3bdff44187a,2026-07-31T17:15:00Z,2026-07-31T19:15:00+0200,60.3023,MW,DK2,DK_2,actual_solar_generation,Solar,2026-08-26T10:27:13Z
2026-08-26T10:01:57Z,2026-08-26T12:01:57+0200,de5651f7-a4c0-4808-ad66-e3bdff44187a,2026-07-31T17:30:00Z,2026-07-31T19:30:00+0200,46.7088,MW,DK2,DK_2,actual_solar_generation,Solar,2026-08-26T10:27:13Z
2026-08-26T10:01:57Z,2026-08-26T12:01:57+0200,de5651f7-a4c0-4808-ad66-e3bdff44187a,2026-07-31T17:45:00Z,2026-07-31T19:45:00+0200,32.6688,MW,DK2,DK_2,actual_solar_generation,Solar,2026-08-26T10:27:13Z
2026-08-26T10:01:57Z,2026-08-26T12:01:57+0200,de5651f7-a4c0-4808-ad66-e3bdff44187a,2026-07-31T18:00:00Z,2026-07-31T20:00:00+0200,24.7829,MW,DK2,DK_2,actual_solar_generation,Solar,2026-08-26T10:27:13Z
2026-08-26T10:01:57Z,2026-08-26T12:01:57+0200,de5651f7-a4c0-4808-ad66-e3bdff44187a,2026-07-31T18:15:00Z,2026-07-31T20:15:00+0200,21.5382,MW,DK2,DK_2,actual_solar_generation,Solar,2026-08-26T10:27:13Z
2026-08-26T10:01:57Z,2026-08-26T12:01:57+0200,de5651f7-a4c0-4808-ad66-e3bdff44187a,2026-07-31T18:30:00Z,2026-07-31T20:30:00+0200,14.7682,MW,DK2,DK_2,actual_solar_generation,Solar,2026-08-26T10:27:13Z
2026-08-26T10:01:57Z,2026-08-26T12:01:57+0200,de5651f7-a4c0-4808-ad66-e3bdff44187a,2026-07-31T18:45:00Z,2026-07-31T20:45:00+0200,7.07427,MW,DK2,DK_2,actual_solar_generation,Solar,2026-08-26T10:27:13Z
2026-08-26T10:01:57Z,2026-08-26T12:01:57+0200,de5651f7-a4c0-4808-ad66-e3bdff44187a,2026-07-31T19:00:00Z,2026-07-31T21:00:00+0200,10.0782,MW,DK2,DK_2,actual_solar_generation,Solar,2026-08-26T10:27:13Z
2026-08-26T10:01:57Z,2026-08-26T12:01:57+0200,de5651f7-a4c0-4808-ad66-e3bdff44187a,2026-07-31T19:15:00Z,2026-07-31T21:15:00+0200,8.97814,MW,DK2,DK_2,actual_solar_generation,Solar,2026-08-26T10:27:13Z
2026-08-26T10:01:57Z,2026-08-26T12:01:57+0200,de5651f7-a4c0-4808-ad66-e3bdff44187a,2026-07-31T19:30:00Z,2026-07-31T21:30:00+0200,8.8362,MW,DK2,DK_2,actual_solar_generation,Solar,2026-08-26T10:27:13Z
2026-08-26T10:01:57Z,2026-08-26T12:01:57+0200,de5651f7-a4c0-4808-ad66-e3bdff44187a,2026-07-31T19:45:00Z,2026-07-31T21:45:00+0200,9.07492,MW,DK2,DK_2,actual_solar_generation,Solar,2026-08-26T10:27:13Z
2026-08-26T10:01:57Z,2026-08-26T12:01:57+0200,de5651f7-a4c0-4808-ad66-e3bdff44187a,2026-07-31T20:00:00Z,2026-07-31T22:00:00+0200,0.807828,MW,DK2,DK_2,actual_solar_generation,Solar,2026-08-26T10:27:13Z
2026-08-26T10:01:57Z,2026-08-26T12:01:57+0200,de5651f7-a4c0-4808-ad66-e3bdff44187a,2026-07-31T20:15:00Z,2026-07-31T22:15:00+0200,0.359832,MW,DK2,DK_2,actual_solar_generation,Solar,2026-08-26T10:27:13Z
2026-08-26T10:01:57Z,2026-08-26T12:01:57+0200,de5651f7-a4c0-4808-ad66-e3bdff44187a,2026-07-31T20:30:00Z,2026-07-31T22:30:00+0200,0.0,MW,DK2,DK_2,actual_solar_generation,Solar,2026-08-26T10:27:13Z
2026-08-26T10:01:57Z,2026-08-26T12:01:57+0200,de5651f7-a4c0-4808-ad66-e3bdff44187a,2026-07-31T20:45:00Z,2026-07-31T22:45:00+0200,0.0,MW,DK2,DK_2,actual_solar_generation,Solar,2026-08-26T10:27:13Z
2026-08-26T10:01:57Z,2026-08-26T12:01:57+0200,de5651f7-a4c0-4808-ad66-e3bdff44187a,2026-07-31T21:00:00Z,2026-07-31T23:00:00+0200,0.0,MW,DK2,DK_2,actual_solar_generation,Solar,2026-08-26T10:27:13Z
2026-08-26T10:01:57Z,2026-08-26T12:01:57+0200,de5651f7-a4c0-4808-ad66-e3bdff44187a,2026-07-31T21:15:00Z,2026-07-31T23:15:00+0200,0.0,MW,DK2,DK_2,actual_solar_generation,Solar,2026-08-26T10:27:13Z
2026-08-26T10:01:57Z,2026-08-26T12:01:57+0200,de5651f7-a4c0-4808-ad66-e3bdff44187a,2026-07-31T21:30:00Z,2026-07-31T23:30:00+0200,0.0,MW,DK2,DK_2,actual_solar_generation,Solar,2026-08-26T10:27:13Z
2026-08-26T10:01:57Z,2026-08-26T12:01:57+0200,de5651f7-a4c0-4808-ad66-e3bdff44187a,2026-07-31T21:45:00Z,2026-07-31T23:45:00+0200,0.0,MW,DK2,DK_2,actual_solar_generation,Solar,2026-08-26T10:27:13Z
2026-08-26T10:01:57Z,2026-08-26T12:01:57+0200,de5651f7-a4c0-4808-ad66-e3bdff44187a,2026-07-31T22:00:00Z,2026-08-01T00:00:00+0200,0.0,MW,DK2,DK_2,actual_solar_generation,Solar,2026-08-26T10:27:13Z
2026-08-26T10:01:57Z,2026-08-26T12:01:57+0200,de5651f7-a4c0-4808-ad66-e3bdff44187a,2026-07-31T22:15:00Z,2026-08-01T00:15:00+0200,0.0,MW,DK2,DK_2,actual_solar_generation,Solar,2026-08-26T10:27:13Z
2026-08-26T10:01:57Z,2026-08-26T12:01:57+0200,de5651f7-a4c0-4808-ad66-e3bdff44187a,2026-07-31T22:30:00Z,2026-08-01T00:30:00+0200,0.0,MW,DK2,DK_2,actual_solar_generation,Solar,2026-08-26T10:27:13Z
2026-08-26T10:01:57Z,2026-08-26T12:01:57+0200,de5651f7-a4c0-4808-ad66-e3bdff44187a,2026-07-31T22:45:00Z,2026-08-01T00:45:00+0200,0.0,MW,DK2,DK_2,actual_solar_generation,Solar,2026-08-26T10:27:13Z
2026-08-26T10:01:57Z,2026-08-26T12:01:57+0200,de5651f7-a4c0-4808-ad66-e3bdff44187a,2026-07-31T23:00:00Z,2026-08-01T01:00:00+0200,0.0,MW,DK2,DK_2,actual_solar_generation,Solar,2026-08-26T10:27:13Z
2026-08-26T10:01:57Z,2026-08-26T12:01:57+0200,de5651f7-a4c0-4808-ad66-e3bdff44187a,2026-07-31T23:15:00Z,2026-08-01T01:15:00+0200,0.0,MW,DK2,DK_2,actual_solar_generation,Solar,2026-08-26T10:27:13Z
2026-08-26T10:01:57Z,2026-08-26T12:01:57+0200,de5651f7-a4c0-4808-ad66-e3bdff44187a,2026-07-31T23:30:00Z,2026-08-01T01:30:00+0200,0.0,MW,DK2,DK_2,actual_solar_generation,Solar,2026-08-26T10:27:13Z
2026-08-26T10:01:57Z,2026-08-26T12:01:57+0200,de5651f7-a4c0-4808-ad66-e3bdff44187a,2026-07-31T23:45:00Z,2026-08-01T01:45:00+0200,0.0,MW,DK2,DK_2,actual_solar_generation,Solar,2026-08-26T10:27:13Z
2026-08-26T10:01:57Z,2026-08-26T12:01:57+0200,de5651f7-a4c0-4808-ad66-e3bdff44187a,2026-08-01T00:00:00Z,2026-08-01T02:00:00+0200,0.0,MW,DK2,DK_2,actual_solar_generation,Solar,2026-08-26T10:27:13Z
2026-08-26T10:01:57Z,2026-08-26T12:01:57+0200,de5651f7-a4c0-4808-ad66-e3bdff44187a,2026-08-01T00:15:00Z,2026-08-01T02:15:00+0200,0.0,MW,DK2,DK_2,actual_solar_generation,Solar,2026-08-26T10:27:13Z
2026-08-26T10:01:57Z,2026-08-26T12:01:57+0200,de5651f7-a4c0-4808-ad66-e3bdff44187a,2026-08-01T00:30:00Z,2026-08-01T02:30:00+0200,0.0,MW,DK2,DK_2,actual_solar_generation,Solar,2026-08-26T10:27:13Z
2026-08-26T10:01:57Z,2026-08-26T12:01:57+0200,de5651f7-a4c0-4808-ad66-e3bdff44187a,2026-08-01T00:45:00Z,2026-08-01T02:45:00+0200,0.0,MW,DK2,DK_2,actual_solar_generation,Solar,2026-08-26T10:27:13Z
2026-08-26T10:01:57Z,2026-08-26T12:01:57+0200,de5651f7-a4c0-4808-ad66-e3bdff44187a,2026-08-01T01:00:00Z,2026-08-01T03:00:00+0200,0.0,MW,DK2,DK_2,actual_solar_generation,Solar,2026-08-26T10:27:13Z
2026-08-26T10:01:57Z,2026-08-26T12:01:57+0200,de5651f7-a4c0-4808-ad66-e3bdff44187a,2026-08-01T01:15:00Z,2026-08-01T03:15:00+0200,0.0,MW,DK2,DK_2,actual_solar_generation,Solar,2026-08-26T10:27:13Z
2026-08-26T10:01:57Z,2026-08-26T12:01:57+0200,de5651f7-a4c0-4808-ad66-e3bdff44187a,2026-08-01T01:30:00Z,2026-08-01T03:30:00+0200,0.0,MW,DK2,DK_2,actual_solar_generation,Solar,2026-08-26T10:27:13Z
2026-08-26T10:01:57Z,2026-08-26T12:01:57+0200,de5651f7-a4c0-4808-ad66-e3bdff44187a,2026-08-01T01:45:00Z,2026-08-01T03:45:00+0200,0.0,MW,DK2,DK_2,actual_solar_generation,Solar,2026-08-26T10:27:13Z
2026-08-26T10:01:57Z,2026-08-26T12:01:57+0200,de5651f7-a4c0-4808-ad66-e3bdff44187a,2026-08-01T02:00:00Z,2026-08-01T04:00:00+0200,0.0,MW,DK2,DK_2,actual_solar_generation,Solar,2026-08-26T10:27:13Z
2026-08-26T10:01:57Z,2026-08-26T12:01:57+0200,de5651f7-a4c0-4808-ad66-e3bdff44187a,2026-08-01T02:15:00Z,2026-08-01T04:15:00+0200,0.0,MW,DK2,DK_2,actual_solar_generation,Solar,2026-08-26T10:27:13Z
2026-08-26T10:01:57Z,2026-08-26T12:01:57+0200,de5651f7-a4c0-4808-ad66-e3bdff44187a,2026-08-01T02:30:00Z,2026-08-01T04:30:00+0200,0.0,MW,DK2,DK_2,actual_solar_generation,Solar,2026-08-26T10:27:13Z
2026-08-26T10:01:57Z,2026-08-26T12:01:57+0200,de5651f7-a4c0-4808-ad66-e3bdff44187a,2026-08-01T02:45:00Z,2026-08-01T04:45:00+0200,0.0,MW,DK2,DK_2,actual_solar_generation,Solar,2026-08-26T10:27:13Z
2026-08-26T10:01:57Z,2026-08-26T12:01:57+0200,de5651f7-a4c0-4808-ad66-e3bdff44187a,2026-08-01T03:00:00Z,2026-08-01T05:00:00+0200,0.0,MW,DK2,DK_2,actual_solar_generation,Solar,2026-08-26T10:27:13Z
2026-08-26T10:01:57Z,2026-08-26T12:01:57+0200,de5651f7-a4c0-4808-ad66-e3bdff44187a,2026-08-01T03:15:00Z,2026-08-01T05:15:00+0200,1.18229,MW,DK2,DK_2,actual_solar_generation,Solar,2026-08-26T10:27:13Z
2026-08-26T10:01:57Z,2026-08-26T12:01:57+0200,de5651f7-a4c0-4808-ad66-e3bdff44187a,2026-08-01T03:30:00Z,2026-08-01T05:30:00+0200,8.46529,MW,DK2,DK_2,actual_solar_generation,Solar,2026-08-26T10:27:13Z
2026-08-26T10:01:57Z,2026-08-26T12:01:57+0200,de5651f7-a4c0-4808-ad66-e3bdff44187a,2026-08-01T03:45:00Z,2026-08-01T05:45:00+0200,20.1557,MW,DK2,DK_2,actual_solar_generation,Solar,2026-08-26T10:27:13Z
2026-08-26T10:01:57Z,2026-08-26T12:01:57+0200,de5651f7-a4c0-4808-ad66-e3bdff44187a,2026-08-01T04:00:00Z,2026-08-01T06:00:00+0200,37.6869,MW,DK2,DK_2,actual_solar_generation,Solar,2026-08-26T10:27:13Z
2026-08-26T10:01:57Z,2026-08-26T12:01:57+0200,de5651f7-a4c0-4808-ad66-e3bdff44187a,2026-08-01T04:15:00Z,2026-08-01T06:15:00+0200,60.6129,MW,DK2,DK_2,actual_solar_generation,Solar,2026-08-26T10:27:13Z
2026-08-26T10:01:57Z,2026-08-26T12:01:57+0200,de5651f7-a4c0-4808-ad66-e3bdff44187a,2026-08-01T04:30:00Z,2026-08-01T06:30:00+0200,81.8577,MW,DK2,DK_2,actual_solar_generation,Solar,2026-08-26T10:27:13Z
2026-08-26T10:01:57Z,2026-08-26T12:01:57+0200,de5651f7-a4c0-4808-ad66-e3bdff44187a,2026-08-01T04:45:00Z,2026-08-01T06:45:00+0200,116.194,MW,DK2,DK_2,actual_solar_generation,Solar,2026-08-26T10:27:13Z
2026-08-26T10:01:57Z,2026-08-26T12:01:57+0200,de5651f7-a4c0-4808-ad66-e3bdff44187a,2026-08-01T05:00:00Z,2026-08-01T07:00:00+0200,146.788,MW,DK2,DK_2,actual_solar_generation,Solar,2026-08-26T10:27:13Z
2026-08-26T10:01:57Z,2026-08-26T12:01:57+0200,de5651f7-a4c0-4808-ad66-e3bdff44187a,2026-08-01T05:15:00Z,2026-08-01T07:15:00+0200,188.945,MW,DK2,DK_2,actual_solar_generation,Solar,2026-08-26T10:27:13Z
2026-08-26T10:01:57Z,2026-08-26T12:01:57+0200,de5651f7-a4c0-4808-ad66-e3bdff44187a,2026-08-01T05:30:00Z,2026-08-01T07:30:00+0200,229.292,MW,DK2,DK_2,actual_solar_generation,Solar,2026-08-26T10:27:13Z
2026-08-26T10:01:57Z,2026-08-26T12:01:57+0200,de5651f7-a4c0-4808-ad66-e3bdff44187a,2026-08-01T05:45:00Z,2026-08-01T07:45:00+0200,257.494,MW,DK2,DK_2,actual_solar_generation,Solar,2026-08-26T10:27:13Z
2026-08-26T10:01:57Z,2026-08-26T12:01:57+0200,de5651f7-a4c0-4808-ad66-e3bdff44187a,2026-08-01T06:00:00Z,2026-08-01T08:00:00+0200,288.543,MW,DK2,DK_2,actual_solar_generation,Solar,2026-08-26T10:27:13Z
2026-08-26T10:01:57Z,2026-08-26T12:01:57+0200,de5651f7-a4c0-4808-ad66-e3bdff44187a,2026-08-01T06:15:00Z,2026-08-01T08:15:00+0200,333.372,MW,DK2,DK_2,actual_solar_generation,Solar,2026-08-26T10:27:13Z
2026-08-26T10:01:57Z,2026-08-26T12:01:57+0200,de5651f7-a4c0-4808-ad66-e3bdff44187a,2026-08-01T06:30:00Z,2026-08-01T08:30:00+0200,368.392,MW,DK2,DK_2,actual_solar_generation,Solar,2026-08-26T10:27:13Z
2026-08-26T10:01:57Z,2026-08-26T12:01:57+0200,de5651f7-a4c0-4808-ad66-e3bdff44187a,2026-08-01T06:45:00Z,2026-08-01T08:45:00+0200,421.385,MW,DK2,DK_2,actual_solar_generation,Solar,2026-08-26T10:27:13Z
2026-08-26T10:01:57Z,2026-08-26T12:01:57+0200,de5651f7-a4c0-4808-ad66-e3bdff44187a,2026-08-01T07:00:00Z,2026-08-01T09:00:00+0200,501.264,MW,DK2,DK_2,actual_solar_generation,Solar,2026-08-26T10:27:13Z
2026-08-26T10:01:57Z,2026-08-26T12:01:57+0200,de5651f7-a4c0-4808-ad66-e3bdff44187a,2026-08-01T07:15:00Z,2026-08-01T09:15:00+0200,553.695,MW,DK2,DK_2,actual_solar_generation,Solar,2026-08-26T10:27:13Z
2026-08-26T10:01:57Z,2026-08-26T12:01:57+0200,de5651f7-a4c0-4808-ad66-e3bdff44187a,2026-08-01T07:30:00Z,2026-08-01T09:30:00+0200,581.762,MW,DK2,DK_2,actual_solar_generation,Solar,2026-08-26T10:27:13Z
2026-08-26T10:01:57Z,2026-08-26T12:01:57+0200,de5651f7-a4c0-4808-ad66-e3bdff44187a,2026-08-01T07:45:00Z,2026-08-01T09:45:00+0200,582.721,MW,DK2,DK_2,actual_solar_generation,Solar,2026-08-26T10:27:13Z
2026-08-26T10:01:57Z,2026-08-26T12:01:57+0200,de5651f7-a4c0-4808-ad66-e3bdff44187a,2026-08-01T08:00:00Z,2026-08-01T10:00:00+0200,609.296,MW,DK2,DK_2,actual_solar_generation,Solar,2026-08-26T10:27:13Z
2026-08-26T10:01:57Z,2026-08-26T12:01:57+0200,de5651f7-a4c0-4808-ad66-e3bdff44187a,2026-08-01T08:15:00Z,2026-08-01T10:15:00+0200,587.131,MW,DK2,DK_2,actual_solar_generation,Solar,2026-08-26T10:27:13Z
2026-08-26T10:01:57Z,2026-08-26T12:01:57+0200,de5651f7-a4c0-4808-ad66-e3bdff44187a,2026-08-01T08:30:00Z,2026-08-01T10:30:00+0200,598.102,MW,DK2,DK_2,actual_solar_generation,Solar,2026-08-26T10:27:13Z
2026-08-26T10:01:57Z,2026-08-26T12:01:57+0200,de5651f7-a4c0-4808-ad66-e3bdff44187a,2026-08-01T08:45:00Z,2026-08-01T10:45:00+0200,617.578,MW,DK2,DK_2,actual_solar_generation,Solar,2026-08-26T10:27:13Z
2026-08-26T10:01:57Z,2026-08-26T12:01:57+0200,de5651f7-a4c0-4808-ad66-e3bdff44187a,2026-08-01T09:00:00Z,2026-08-01T11:00:00+0200,637.219,MW,DK2,DK_2,actual_solar_generation,Solar,2026-08-26T10:27:13Z
2026-08-26T10:01:57Z,2026-08-26T12:01:57+0200,de5651f7-a4c0-4808-ad66-e3bdff44187a,2026-08-01T09:15:00Z,2026-08-01T11:15:00+0200,705.465,MW,DK2,DK_2,actual_solar_generation,Solar,2026-08-26T10:27:13Z
2026-08-26T10:01:57Z,2026-08-26T12:01:57+0200,de5651f7-a4c0-4808-ad66-e3bdff44187a,2026-08-01T09:30:00Z,2026-08-01T11:30:00+0200,755.898,MW,DK2,DK_2,actual_solar_generation,Solar,2026-08-26T10:27:13Z
2026-08-26T10:01:57Z,2026-08-26T12:01:57+0200,de5651f7-a4c0-4808-ad66-e3bdff44187a,2026-08-01T09:45:00Z,2026-08-01T11:45:00+0200,871.44,MW,DK2,DK_2,actual_solar_generation,Solar,2026-08-26T10:27:13Z
2026-08-26T10:01:57Z,2026-08-26T12:01:57+0200,de5651f7-a4c0-4808-ad66-e3bdff44187a,2026-08-01T10:00:00Z,2026-08-01T12:00:00+0200,870.634,MW,DK2,DK_2,actual_solar_generation,Solar,2026-08-26T10:27:13Z
2026-08-26T10:01:57Z,2026-08-26T12:01:57+0200,de5651f7-a4c0-4808-ad66-e3bdff44187a,2026-08-01T10:15:00Z,2026-08-01T12:15:00+0200,935.658,MW,DK2,DK_2,actual_solar_generation,Solar,2026-08-26T10:27:13Z
2026-08-26T10:01:57Z,2026-08-26T12:01:57+0200,de5651f7-a4c0-4808-ad66-e3bdff44187a,2026-08-01T10:30:00Z,2026-08-01T12:30:00+0200,1016.64,MW,DK2,DK_2,actual_solar_generation,Solar,2026-08-26T10:27:13Z
2026-08-26T10:01:57Z,2026-08-26T12:01:57+0200,de5651f7-a4c0-4808-ad66-e3bdff44187a,2026-08-01T10:45:00Z,2026-08-01T12:45:00+0200,1008.91,MW,DK2,DK_2,actual_solar_generation,Solar,2026-08-26T10:27:13Z
2026-08-26T10:01:57Z,2026-08-26T12:01:57+0200,de5651f7-a4c0-4808-ad66-e3bdff44187a,2026-08-01T11:00:00Z,2026-08-01T13:00:00+0200,1003.91,MW,DK2,DK_2,actual_solar_generation,Solar,2026-08-26T10:27:13Z
2026-08-26T10:01:57Z,2026-08-26T12:01:57+0200,de5651f7-a4c0-4808-ad66-e3bdff44187a,2026-08-01T11:15:00Z,2026-08-01T13:15:00+0200,1019.89,MW,DK2,DK_2,actual_solar_generation,Solar,2026-08-26T10:27:13Z
2026-08-26T10:01:57Z,2026-08-26T12:01:57+0200,de5651f7-a4c0-4808-ad66-e3bdff44187a,2026-08-01T11:30:00Z,2026-08-01T13:30:00+0200,1021.26,MW,DK2,DK_2,actual_solar_generation,Solar,2026-08-26T10:27:13Z
2026-08-26T10:01:57Z,2026-08-26T12:01:57+0200,de5651f7-a4c0-4808-ad66-e3bdff44187a,2026-08-01T11:45:00Z,2026-08-01T13:45:00+0200,1013.37,MW,DK2,DK_2,actual_solar_generation,Solar,2026-08-26T10:27:13Z
2026-08-26T10:01:57Z,2026-08-26T12:01:57+0200,de5651f7-a4c0-4808-ad66-e3bdff44187a,2026-08-01T12:00:00Z,2026-08-01T14:00:00+0200,1044.24,MW,DK2,DK_2,actual_solar_generation,Solar,2026-08-26T10:27:13Z
2026-08-26T10:01:57Z,2026-08-26T12:01:57+0200,de5651f7-a4c0-4808-ad66-e3bdff44187a,2026-08-01T12:15:00Z,2026-08-01T14:15:00+0200,1047.35,MW,DK2,DK_2,actual_solar_generation,Solar,2026-08-26T10:27:13Z
2026-08-26T10:01:57Z,2026-08-26T12:01:57+0200,de5651f7-a4c0-4808-ad66-e3bdff44187a,2026-08-01T12:30:00Z,2026-08-01T14:30:00+0200,1062.46,MW,DK2,DK_2,actual_solar_generation,Solar,2026-08-26T10:27:13Z
2026-08-26T10:01:57Z,2026-08-26T12:01:57+0200,de5651f7-a4c0-4808-ad66-e3bdff44187a,2026-08-01T12:45:00Z,2026-08-01T14:45:00+0200,1043.85,MW,DK2,DK_2,actual_solar_generation,Solar,2026-08-26T10:27:13Z
2026-08-26T10:01:57Z,2026-08-26T12:01:57+0200,de5651f7-a4c0-4808-ad66-e3bdff44187a,2026-08-01T13:00:00Z,2026-08-01T15:00:00+0200,1043.09,MW,DK2,DK_2,actual_solar_generation,Solar,2026-08-26T10:27:13Z
2026-08-26T10:01:57Z,2026-08-26T12:01:57+0200,de5651f7-a4c0-4808-ad66-e3bdff44187a,2026-08-01T13:15:00Z,2026-08-01T15:15:00+0200,1037.79,MW,DK2,DK_2,actual_solar_generation,Solar,2026-08-26T10:27:13Z
2026-08-26T10:01:57Z,2026-08-26T12:01:57+0200,de5651f7-a4c0-4808-ad66-e3bdff44187a,2026-08-01T13:30:00Z,2026-08-01T15:30:00+0200,1011.54,MW,DK2,DK_2,actual_solar_generation,Solar,2026-08-26T10:27:13Z
2026-08-26T10:01:57Z,2026-08-26T12:01:57+0200,de5651f7-a4c0-4808-ad66-e3bdff44187a,2026-08-01T13:45:00Z,2026-08-01T15:45:00+0200,987.066,MW,DK2,DK_2,actual_solar_generation,Solar,2026-08-26T10:27:13Z
2026-08-26T10:01:57Z,2026-08-26T12:01:57+0200,de5651f7-a4c0-4808-ad66-e3bdff44187a,2026-08-01T14:00:00Z,2026-08-01T16:00:00+0200,941.421,MW,DK2,DK_2,actual_solar_generation,Solar,2026-08-26T10:27:13Z
2026-08-26T10:01:57Z,2026-08-26T12:01:57+0200,de5651f7-a4c0-4808-ad66-e3bdff44187a,2026-08-01T14:15:00Z,2026-08-01T16:15:00+0200,888.419,MW,DK2,DK_2,actual_solar_generation,Solar,2026-08-26T10:27:13Z
2026-08-26T10:01:57Z,2026-08-26T12:01:57+0200,de5651f7-a4c0-4808-ad66-e3bdff44187a,2026-08-01T14:30:00Z,2026-08-01T16:30:00+0200,856.475,MW,DK2,DK_2,actual_solar_generation,Solar,2026-08-26T10:27:13Z
2026-08-26T10:01:57Z,2026-08-26T12:01:57+0200,de5651f7-a4c0-4808-ad66-e3bdff44187a,2026-08-01T14:45:00Z,2026-08-01T16:45:00+0200,832.427,MW,DK2,DK_2,actual_solar_generation,Solar,2026-08-26T10:27:13Z
2026-08-26T10:01:57Z,2026-08-26T12:01:57+0200,de5651f7-a4c0-4808-ad66-e3bdff44187a,2026-08-01T15:00:00Z,2026-08-01T17:00:00+0200,793.814,MW,DK2,DK_2,actual_solar_generation,Solar,2026-08-26T10:27:13Z
2026-08-26T10:01:57Z,2026-08-26T12:01:57+0200,de5651f7-a4c0-4808-ad66-e3bdff44187a,2026-08-01T15:15:00Z,2026-08-01T17:15:00+0200,716.051,MW,DK2,DK_2,actual_solar_generation,Solar,2026-08-26T10:27:13Z
2026-08-26T10:01:57Z,2026-08-26T12:01:57+0200,de5651f7-a4c0-4808-ad66-e3bdff44187a,2026-08-01T15:30:00Z,2026-08-01T17:30:00+0200,646.981,MW,DK2,DK_2,actual_solar_generation,Solar,2026-08-26T10:27:13Z
2026-08-26T10:01:57Z,2026-08-26T12:01:57+0200,de5651f7-a4c0-4808-ad66-e3bdff44187a,2026-08-01T15:45:00Z,2026-08-01T17:45:00+0200,600.761,MW,DK2,DK_2,actual_solar_generation,Solar,2026-08-26T10:27:13Z
2026-08-26T10:01:57Z,2026-08-26T12:01:57+0200,de5651f7-a4c0-4808-ad66-e3bdff44187a,2026-08-01T16:00:00Z,2026-08-01T18:00:00+0200,531.213,MW,DK2,DK_2,actual_solar_generation,Solar,2026-08-26T10:27:13Z
2026-08-26T10:01:57Z,2026-08-26T12:01:57+0200,de5651f7-a4c0-4808-ad66-e3bdff44187a,2026-08-01T16:15:00Z,2026-08-01T18:15:00+0200,447.529,MW,DK2,DK_2,actual_solar_generation,Solar,2026-08-26T10:27:13Z
2026-08-26T10:01:57Z,2026-08-26T12:01:57+0200,de5651f7-a4c0-4808-ad66-e3bdff44187a,2026-08-01T16:30:00Z,2026-08-01T18:30:00+0200,383.494,MW,DK2,DK_2,actual_solar_generation,Solar,2026-08-26T10:27:13Z
2026-08-26T10:01:57Z,2026-08-26T12:01:57+0200,de5651f7-a4c0-4808-ad66-e3bdff44187a,2026-08-01T16:45:00Z,2026-08-01T18:45:00+0200,319.159,MW,DK2,DK_2,actual_solar_generation,Solar,2026-08-26T10:27:13Z
2026-08-26T10:01:57Z,2026-08-26T12:01:57+0200,de5651f7-a4c0-4808-ad66-e3bdff44187a,2026-08-01T17:00:00Z,2026-08-01T19:00:00+0200,255.793,MW,DK2,DK_2,actual_solar_generation,Solar,2026-08-26T10:27:13Z
2026-08-26T10:01:57Z,2026-08-26T12:01:57+0200,de5651f7-a4c0-4808-ad66-e3bdff44187a,2026-08-01T17:15:00Z,2026-08-01T19:15:00+0200,192.059,MW,DK2,DK_2,actual_solar_generation,Solar,2026-08-26T10:27:13Z
2026-08-26T10:01:57Z,2026-08-26T12:01:57+0200,de5651f7-a4c0-4808-ad66-e3bdff44187a,2026-08-01T17:30:00Z,2026-08-01T19:30:00+0200,138.755,MW,DK2,DK_2,actual_solar_generation,Solar,2026-08-26T10:27:13Z
2026-08-26T10:01:57Z,2026-08-26T12:01:57+0200,de5651f7-a4c0-4808-ad66-e3bdff44187a,2026-08-01T17:45:00Z,2026-08-01T19:45:00+0200,100.096,MW,DK2,DK_2,actual_solar_generation,Solar,2026-08-26T10:27:13Z
2026-08-26T10:01:57Z,2026-08-26T12:01:57+0200,de5651f7-a4c0-4808-ad66-e3bdff44187a,2026-08-01T18:00:00Z,2026-08-01T20:00:00+0200,76.1086,MW,DK2,DK_2,actual_solar_generation,Solar,2026-08-26T10:27:13Z
2026-08-26T10:01:57Z,2026-08-26T12:01:57+0200,de5651f7-a4c0-4808-ad66-e3bdff44187a,2026-08-01T18:15:00Z,2026-08-01T20:15:00+0200,55.6464,MW,DK2,DK_2,actual_solar_generation,Solar,2026-08-26T10:27:13Z
2026-08-26T10:01:57Z,2026-08-26T12:01:57+0200,de5651f7-a4c0-4808-ad66-e3bdff44187a,2026-08-01T18:30:00Z,2026-08-01T20:30:00+0200,37.5524,MW,DK2,DK_2,actual_solar_generation,Solar,2026-08-26T10:27:13Z
2026-08-26T10:01:57Z,2026-08-26T12:01:57+0200,de5651f7-a4c0-4808-ad66-e3bdff44187a,2026-08-01T18:45:00Z,2026-08-01T20:45:00+0200,23.9322,MW,DK2,DK_2,actual_solar_generation,Solar,2026-08-26T10:27:13Z
2026-08-26T10:01:57Z,2026-08-26T12:01:57+0200,de5651f7-a4c0-4808-ad66-e3bdff44187a,2026-08-01T19:00:00Z,2026-08-01T21:00:00+0200,5.90639,MW,DK2,DK_2,actual_solar_generation,Solar,2026-08-26T10:27:13Z
2026-08-26T10:01:57Z,2026-08-26T12:01:57+0200,de5651f7-a4c0-4808-ad66-e3bdff44187a,2026-08-01T19:15:00Z,2026-08-01T21:15:00+0200,0.817637,MW,DK2,DK_2,actual_solar_generation,Solar,2026-08-26T10:27:13Z
2026-08-26T10:01:57Z,2026-08-26T12:01:57+0200,de5651f7-a4c0-4808-ad66-e3bdff44187a,2026-08-01T19:30:00Z,2026-08-01T21:30:00+0200,0.0,MW,DK2,DK_2,actual_solar_generation,Solar,2026-08-26T10:27:13Z
2026-08-26T10:01:57Z,2026-08-26T12:01:57+0200,de5651f7-a4c0-4808-ad66-e3bdff44187a,2026-08-01T19:45:00Z,2026-08-01T21:45:00+0200,0.214073,MW,DK2,DK_2,actual_solar_generation,Solar,2026-08-26T10:27:13Z
2026-08-26T10:01:57Z,2026-08-26T12:01:57+0200,de5651f7-a4c0-4808-ad66-e3bdff44187a,2026-08-01T20:00:00Z,2026-08-01T22:00:00+0200,0.322506,MW,DK2,DK_2,actual_solar_generation,Solar,2026-08-26T10:27:13Z
2026-08-26T10:01:57Z,2026-08-26T12:01:57+0200,de5651f7-a4c0-4808-ad66-e3bdff44187a,2026-08-01T20:15:00Z,2026-08-01T22:15:00+0200,0.234002,MW,DK2,DK_2,actual_solar_generation,Solar,2026-08-26T10:27:13Z
2026-08-26T10:01:57Z,2026-08-26T12:01:57+0200,de5651f7-a4c0-4808-ad66-e3bdff44187a,2026-08-01T20:30:00Z,2026-08-01T22:30:00+0200,0.0,MW,DK2,DK_2,actual_solar_generation,Solar,2026-08-26T10:27:13Z
2026-08-26T10:01:57Z,2026-08-26T12:01:57+0200,de5651f7-a4c0-4808-ad66-e3bdff44187a,2026-08-01T20:45:00Z,2026-08-01T22:45:00+0200,0.0,MW,DK2,DK_2,actual_solar_generation,Solar,2026-08-26T10:27:13Z
2026-08-26T10:01:57Z,2026-08-26T12:01:57+0200,de5651f7-a4c0-4808-ad66-e3bdff44187a,2026-08-01T21:00:00Z,2026-08-01T23:00:00+0200,0.0,MW,DK2,DK_2,actual_solar_generation,Solar,2026-08-26T10:27:13Z
2026-08-26T10:01:57Z,2026-08-26T12:01:57+0200,de5651f7-a4c0-4808-ad66-e3bdff44187a,2026-08-01T21:15:00Z,2026-08-01T23:15:00+0200,0.0,MW,DK2,DK_2,actual_solar_generation,Solar,2026-08-26T10:27:13Z
2026-08-26T10:01:57Z,2026-08-26T12:01:57+0200,de5651f7-a4c0-4808-ad66-e3bdff44187a,2026-08-01T21:30:00Z,2026-08-01T23:30:00+0200,0.0,MW,DK2,DK_2,actual_solar_generation,Solar,2026-08-26T10:27:13Z
2026-08-26T10:01:57Z,2026-08-26T12:01:57+0200,de5651f7-a4c0-4808-ad66-e3bdff44187a,2026-08-01T21:45:00Z,2026-08-01T23:45:00+0200,0.0,MW,DK2,DK_2,actual_solar_generation,Solar,2026-08-26T10:27:13Z
2026-08-26T10:01:57Z,2026-08-26T12:01:57+0200,de5651f7-a4c0-4808-ad66-e3bdff44187a,2026-08-01T22:00:00Z,2026-08-02T00:00:00+0200,0.0,MW,DK2,DK_2,actual_solar_generation,Solar,2026-08-26T10:27:13Z
2026-08-26T10:01:57Z,2026-08-26T12:01:57+0200,de5651f7-a4c0-4808-ad66-e3bdff44187a,2026-08-01T22:15:00Z,2026-08-02T00:15:00+0200,0.0,MW,DK2,DK_2,actual_solar_generation,Solar,2026-08-26T10:27:13Z
2026-08-26T10:01:57Z,2026-08-26T12:01:57+0200,de5651f7-a4c0-4808-ad66-e3bdff44187a,2026-08-01T22:30:00Z,2026-08-02T00:30:00+0200,0.0,MW,DK2,DK_2,actual_solar_generation,Solar,2026-08-26T10:27:13Z
2026-08-26T10:01:57Z,2026-08-26T12:01:57+0200,de5651f7-a4c0-4808-ad66-e3bdff44187a,2026-08-01T22:45:00Z,2026-08-02T00:45:00+0200,0.0,MW,DK2,DK_2,actual_solar_generation,Solar,2026-08-26T10:27:13Z
2026-08-26T10:01:57Z,2026-08-26T12:01:57+0200,de5651f7-a4c0-4808-ad66-e3bdff44187a,2026-08-01T23:00:00Z,2026-08-02T01:00:00+0200,0.0,MW,DK2,DK_2,actual_solar_generation,Solar,2026-08-26T10:27:13Z
2026-08-26T10:01:57Z,2026-08-26T12:01:57+0200,de5651f7-a4c0-4808-ad66-e3bdff44187a,2026-08-01T23:15:00Z,2026-08-02T01:15:00+0200,0.0,MW,DK2,DK_2,actual_solar_generation,Solar,2026-08-26T10:27:13Z
2026-08-26T10:01:57Z,2026-08-26T12:01:57+0200,de5651f7-a4c0-4808-ad66-e3bdff44187a,2026-08-01T23:30:00Z,2026-08-02T01:30:00+0200,0.0,MW,DK2,DK_2,actual_solar_generation,Solar,2026-08-26T10:27:13Z
2026-08-26T10:01:57Z,2026-08-26T12:01:57+0200,de5651f7-a4c0-4808-ad66-e3bdff44187a,2026-08-01T23:45:00Z,2026-08-02T01:45:00+0200,0.0,MW,DK2,DK_2,actual_solar_generation,Solar,2026-08-26T10:27:13Z
2026-08-26T10:01:57Z,2026-08-26T12:01:57+0200,de5651f7-a4c0-4808-ad66-e3bdff44187a,2026-08-02T00:00:00Z,2026-08-02T02:00:00+0200,0.0,MW,DK2,DK_2,actual_solar_generation,Solar,2026-08-26T10:27:13Z
2026-08-26T10:01:57Z,2026-08-26T12:01:57+0200,de5651f7-a4c0-4808-ad66-e3bdff44187a,2026-08-02T00:15:00Z,2026-08-02T02:15:00+0200,0.0,MW,DK2,DK_2,actual_solar_generation,Solar,2026-08-26T10:27:13Z
2026-08-26T10:01:57Z,2026-08-26T12:01:57+0200,de5651f7-a4c0-4808-ad66-e3bdff44187a,2026-08-02T00:30:00Z,2026-08-02T02:30:00+0200,0.0,MW,DK2,DK_2,actual_solar_generation,Solar,2026-08-26T10:27:13Z
2026-08-26T10:01:57Z,2026-08-26T12:01:57+0200,de5651f7-a4c0-4808-ad66-e3bdff44187a,2026-08-02T00:45:00Z,2026-08-02T02:45:00+0200,0.0,MW,DK2,DK_2,actual_solar_generation,Solar,2026-08-26T10:27:13Z
2026-08-26T10:01:57Z,2026-08-26T12:01:57+0200,de5651f7-a4c0-4808-ad66-e3bdff44187a,2026-08-02T01:00:00Z,2026-08-02T03:00:00+0200,0.0,MW,DK2,DK_2,actual_solar_generation,Solar,2026-08-26T10:27:13Z
2026-08-26T10:01:57Z,2026-08-26T12:01:57+0200,de5651f7-a4c0-4808-ad66-e3bdff44187a,2026-08-02T01:15:00Z,2026-08-02T03:15:00+0200,0.0,MW,DK2,DK_2,actual_solar_generation,Solar,2026-08-26T10:27:13Z
2026-08-26T10:01:57Z,2026-08-26T12:01:57+0200,de5651f7-a4c0-4808-ad66-e3bdff44187a,2026-08-02T01:30:00Z,2026-08-02T03:30:00+0200,0.0,MW,DK2,DK_2,actual_solar_generation,Solar,2026-08-26T10:27:13Z
2026-08-26T10:01:57Z,2026-08-26T12:01:57+0200,de5651f7-a4c0-4808-ad66-e3bdff44187a,2026-08-02T01:45:00Z,2026-08-02T03:45:00+0200,0.0,MW,DK2,DK_2,actual_solar_generation,Solar,2026-08-26T10:27:13Z
2026-08-26T10:01:57Z,2026-08-26T12:01:57+0200,de5651f7-a4c0-4808-ad66-e3bdff44187a,2026-08-02T02:00:00Z,2026-08-02T04:00:00+0200,0.0,MW,DK2,DK_2,actual_solar_generation,Solar,2026-08-26T10:27:13Z
2026-08-26T10:01:57Z,2026-08-26T12:01:57+0200,de5651f7-a4c0-4808-ad66-e3bdff44187a,2026-08-02T02:15:00Z,2026-08-02T04:15:00+0200,0.0,MW,DK2,DK_2,actual_solar_generation,Solar,2026-08-26T10:27:13Z
2026-08-26T10:01:57Z,2026-08-26T12:01:57+0200,de5651f7-a4c0-4808-ad66-e3bdff44187a,2026-08-02T02:30:00Z,2026-08-02T04:30:00+0200,0.0,MW,DK2,DK_2,actual_solar_generation,Solar,2026-08-26T10:27:13Z
2026-08-26T10:01:57Z,2026-08-26T12:01:57+0200,de5651f7-a4c0-4808-ad66-e3bdff44187a,2026-08-02T02:45:00Z,2026-08-02T04:45:00+0200,0.0,MW,DK2,DK_2,actual_solar_generation,Solar,2026-08-26T10:27:13Z
2026-08-26T10:01:57Z,2026-08-26T12:01:57+0200,de5651f7-a4c0-4808-ad66-e3bdff44187a,2026-08-02T03:00:00Z,2026-08-02T05:00:00+0200,0.0,MW,DK2,DK_2,actual_solar_generation,Solar,2026-08-26T10:27:13Z
2026-08-26T10:01:57Z,2026-08-26T12:01:57+0200,de5651f7-a4c0-4808-ad66-e3bdff44187a,2026-08-02T03:15:00Z,2026-08-02T05:15:00+0200,1.41334,MW,DK2,DK_2,actual_solar_generation,Solar,2026-08-26T10:27:13Z
2026-08-26T10:01:57Z,2026-08-26T12:01:57+0200,de5651f7-a4c0-4808-ad66-e3bdff44187a,2026-08-02T03:30:00Z,2026-08-02T05:30:00+0200,9.53663,MW,DK2,DK_2,actual_solar_generation,Solar,2026-08-26T10:27:13Z
2026-08-26T10:01:57Z,2026-08-26T12:01:57+0200,de5651f7-a4c0-4808-ad66-e3bdff44187a,2026-08-02T03:45:00Z,2026-08-02T05:45:00+0200,22.9279,MW,DK2,DK_2,actual_solar_generation,Solar,2026-08-26T10:27:13Z
2026-08-26T10:01:57Z,2026-08-26T12:01:57+0200,de5651f7-a4c0-4808-ad66-e3bdff44187a,2026-08-02T04:00:00Z,2026-08-02T06:00:00+0200,38.9162,MW,DK2,DK_2,actual_solar_generation,Solar,2026-08-26T10:27:13Z
2026-08-26T10:01:57Z,2026-08-26T12:01:57+0200,de5651f7-a4c0-4808-ad66-e3bdff44187a,2026-08-02T04:15:00Z,2026-08-02T06:15:00+0200,53.5765,MW,DK2,DK_2,actual_solar_generation,Solar,2026-08-26T10:27:13Z
2026-08-26T10:01:57Z,2026-08-26T12:01:57+0200,de5651f7-a4c0-4808-ad66-e3bdff44187a,2026-08-02T04:30:00Z,2026-08-02T06:30:00+0200,84.7179,MW,DK2,DK_2,actual_solar_generation,Solar,2026-08-26T10:27:13Z
2026-08-26T10:01:57Z,2026-08-26T12:01:57+0200,de5651f7-a4c0-4808-ad66-e3bdff44187a,2026-08-02T04:45:00Z,2026-08-02T06:45:00+0200,108.548,MW,DK2,DK_2,actual_solar_generation,Solar,2026-08-26T10:27:13Z
2026-08-26T10:01:57Z,2026-08-26T12:01:57+0200,de5651f7-a4c0-4808-ad66-e3bdff44187a,2026-08-02T05:00:00Z,2026-08-02T07:00:00+0200,163.022,MW,DK2,DK_2,actual_solar_generation,Solar,2026-08-26T10:27:13Z
2026-08-26T10:01:57Z,2026-08-26T12:01:57+0200,de5651f7-a4c0-4808-ad66-e3bdff44187a,2026-08-02T05:15:00Z,2026-08-02T07:15:00+0200,187.393,MW,DK2,DK_2,actual_solar_generation,Solar,2026-08-26T10:27:13Z
2026-08-26T10:01:57Z,2026-08-26T12:01:57+0200,de5651f7-a4c0-4808-ad66-e3bdff44187a,2026-08-02T05:30:00Z,2026-08-02T07:30:00+0200,251.231,MW,DK2,DK_2,actual_solar_generation,Solar,2026-08-26T10:27:13Z
2026-08-26T10:01:57Z,2026-08-26T12:01:57+0200,de5651f7-a4c0-4808-ad66-e3bdff44187a,2026-08-02T05:45:00Z,2026-08-02T07:45:00+0200,313.944,MW,DK2,DK_2,actual_solar_generation,Solar,2026-08-26T10:27:13Z
2026-08-26T10:01:57Z,2026-08-26T12:01:57+0200,de5651f7-a4c0-4808-ad66-e3bdff44187a,2026-08-02T06:00:00Z,2026-08-02T08:00:00+0200,380.203,MW,DK2,DK_2,actual_solar_generation,Solar,2026-08-26T10:27:13Z
2026-08-26T10:01:57Z,2026-08-26T12:01:57+0200,de5651f7-a4c0-4808-ad66-e3bdff44187a,2026-08-02T06:15:00Z,2026-08-02T08:15:00+0200,418.339,MW,DK2,DK_2,actual_solar_generation,Solar,2026-08-26T10:27:13Z
2026-08-26T10:01:57Z,2026-08-26T12:01:57+0200,de5651f7-a4c0-4808-ad66-e3bdff44187a,2026-08-02T06:30:00Z,2026-08-02T08:30:00+0200,456.237,MW,DK2,DK_2,actual_solar_generation,Solar,2026-08-26T10:27:13Z
2026-08-26T10:01:57Z,2026-08-26T12:01:57+0200,de5651f7-a4c0-4808-ad66-e3bdff44187a,2026-08-02T06:45:00Z,2026-08-02T08:45:00+0200,550.266,MW,DK2,DK_2,actual_solar_generation,Solar,2026-08-26T10:27:13Z
2026-08-26T10:01:57Z,2026-08-26T12:01:57+0200,de5651f7-a4c0-4808-ad66-e3bdff44187a,2026-08-02T07:00:00Z,2026-08-02T09:00:00+0200,566.629,MW,DK2,DK_2,actual_solar_generation,Solar,2026-08-26T10:27:13Z
2026-08-26T10:01:57Z,2026-08-26T12:01:57+0200,de5651f7-a4c0-4808-ad66-e3bdff44187a,2026-08-02T07:15:00Z,2026-08-02T09:15:00+0200,624.165,MW,DK2,DK_2,actual_solar_generation,Solar,2026-08-26T10:27:13Z
2026-08-26T10:01:57Z,2026-08-26T12:01:57+0200,de5651f7-a4c0-4808-ad66-e3bdff44187a,2026-08-02T07:30:00Z,2026-08-02T09:30:00+0200,632.846,MW,DK2,DK_2,actual_solar_generation,Solar,2026-08-26T10:27:13Z
2026-08-26T10:01:57Z,2026-08-26T12:01:57+0200,de5651f7-a4c0-4808-ad66-e3bdff44187a,2026-08-02T07:45:00Z,2026-08-02T09:45:00+0200,709.707,MW,DK2,DK_2,actual_solar_generation,Solar,2026-08-26T10:27:13Z
2026-08-26T10:01:57Z,2026-08-26T12:01:57+0200,de5651f7-a4c0-4808-ad66-e3bdff44187a,2026-08-02T08:00:00Z,2026-08-02T10:00:00+0200,800.187,MW,DK2,DK_2,actual_solar_generation,Solar,2026-08-26T10:27:13Z
2026-08-26T10:01:57Z,2026-08-26T12:01:57+0200,de5651f7-a4c0-4808-ad66-e3bdff44187a,2026-08-02T08:15:00Z,2026-08-02T10:15:00+0200,845.61,MW,DK2,DK_2,actual_solar_generation,Solar,2026-08-26T10:27:13Z
2026-08-26T10:01:57Z,2026-08-26T12:01:57+0200,de5651f7-a4c0-4808-ad66-e3bdff44187a,2026-08-02T08:30:00Z,2026-08-02T10:30:00+0200,833.932,MW,DK2,DK_2,actual_solar_generation,Solar,2026-08-26T10:27:13Z
2026-08-26T10:01:57Z,2026-08-26T12:01:57+0200,de5651f7-a4c0-4808-ad66-e3bdff44187a,2026-08-02T08:45:00Z,2026-08-02T10:45:00+0200,895.89,MW,DK2,DK_2,actual_solar_generation,Solar,2026-08-26T10:27:13Z
2026-08-26T10:01:57Z,2026-08-26T12:01:57+0200,de5651f7-a4c0-4808-ad66-e3bdff44187a,2026-08-02T09:00:00Z,2026-08-02T11:00:00+0200,844.152,MW,DK2,DK_2,actual_solar_generation,Solar,2026-08-26T10:27:13Z
2026-08-26T10:01:57Z,2026-08-26T12:01:57+0200,de5651f7-a4c0-4808-ad66-e3bdff44187a,2026-08-02T09:15:00Z,2026-08-02T11:15:00+0200,863.629,MW,DK2,DK_2,actual_solar_generation,Solar,2026-08-26T10:27:13Z
2026-08-26T10:01:57Z,2026-08-26T12:01:57+0200,de5651f7-a4c0-4808-ad66-e3bdff44187a,2026-08-02T09:30:00Z,2026-08-02T11:30:00+0200,870.561,MW,DK2,DK_2,actual_solar_generation,Solar,2026-08-26T10:27:13Z
2026-08-26T10:01:57Z,2026-08-26T12:01:57+0200,de5651f7-a4c0-4808-ad66-e3bdff44187a,2026-08-02T09:45:00Z,2026-08-02T11:45:00+0200,896.801,MW,DK2,DK_2,actual_solar_generation,Solar,2026-08-26T10:27:13Z
2026-08-26T10:01:57Z,2026-08-26T12:01:57+0200,de5651f7-a4c0-4808-ad66-e3bdff44187a,2026-08-02T10:00:00Z,2026-08-02T12:00:00+0200,916.316,MW,DK2,DK_2,actual_solar_generation,Solar,2026-08-26T10:27:13Z
2026-08-26T10:01:57Z,2026-08-26T12:01:57+0200,de5651f7-a4c0-4808-ad66-e3bdff44187a,2026-08-02T10:15:00Z,2026-08-02T12:15:00+0200,888.338,MW,DK2,DK_2,actual_solar_generation,Solar,2026-08-26T10:27:13Z
2026-08-26T10:01:57Z,2026-08-26T12:01:57+0200,de5651f7-a4c0-4808-ad66-e3bdff44187a,2026-08-02T10:30:00Z,2026-08-02T12:30:00+0200,966.265,MW,DK2,DK_2,actual_solar_generation,Solar,2026-08-26T10:27:13Z
2026-08-26T10:01:57Z,2026-08-26T12:01:57+0200,de5651f7-a4c0-4808-ad66-e3bdff44187a,2026-08-02T10:45:00Z,2026-08-02T12:45:00+0200,873.356,MW,DK2,DK_2,actual_solar_generation,Solar,2026-08-26T10:27:13Z
2026-08-26T10:01:57Z,2026-08-26T12:01:57+0200,de5651f7-a4c0-4808-ad66-e3bdff44187a,2026-08-02T11:00:00Z,2026-08-02T13:00:00+0200,788.011,MW,DK2,DK_2,actual_solar_generation,Solar,2026-08-26T10:27:13Z
2026-08-26T10:01:57Z,2026-08-26T12:01:57+0200,de5651f7-a4c0-4808-ad66-e3bdff44187a,2026-08-02T11:15:00Z,2026-08-02T13:15:00+0200,799.765,MW,DK2,DK_2,actual_solar_generation,Solar,2026-08-26T10:27:13Z
2026-08-26T10:01:57Z,2026-08-26T12:01:57+0200,de5651f7-a4c0-4808-ad66-e3bdff44187a,2026-08-02T11:30:00Z,2026-08-02T13:30:00+0200,772.7,MW,DK2,DK_2,actual_solar_generation,Solar,2026-08-26T10:27:13Z
2026-08-26T10:01:57Z,2026-08-26T12:01:57+0200,de5651f7-a4c0-4808-ad66-e3bdff44187a,2026-08-02T11:45:00Z,2026-08-02T13:45:00+0200,818.602,MW,DK2,DK_2,actual_solar_generation,Solar,2026-08-26T10:27:13Z
2026-08-26T10:01:57Z,2026-08-26T12:01:57+0200,de5651f7-a4c0-4808-ad66-e3bdff44187a,2026-08-02T12:00:00Z,2026-08-02T14:00:00+0200,765.61,MW,DK2,DK_2,actual_solar_generation,Solar,2026-08-26T10:27:13Z
2026-08-26T10:01:57Z,2026-08-26T12:01:57+0200,de5651f7-a4c0-4808-ad66-e3bdff44187a,2026-08-02T12:15:00Z,2026-08-02T14:15:00+0200,736.326,MW,DK2,DK_2,actual_solar_generation,Solar,2026-08-26T10:27:13Z
2026-08-26T10:01:57Z,2026-08-26T12:01:57+0200,de5651f7-a4c0-4808-ad66-e3bdff44187a,2026-08-02T12:30:00Z,2026-08-02T14:30:00+0200,756.627,MW,DK2,DK_2,actual_solar_generation,Solar,2026-08-26T10:27:13Z
2026-08-26T10:01:57Z,2026-08-26T12:01:57+0200,de5651f7-a4c0-4808-ad66-e3bdff44187a,2026-08-02T12:45:00Z,2026-08-02T14:45:00+0200,778.976,MW,DK2,DK_2,actual_solar_generation,Solar,2026-08-26T10:27:13Z
2026-08-26T10:01:57Z,2026-08-26T12:01:57+0200,de5651f7-a4c0-4808-ad66-e3bdff44187a,2026-08-02T13:00:00Z,2026-08-02T15:00:00+0200,770.915,MW,DK2,DK_2,actual_solar_generation,Solar,2026-08-26T10:27:13Z
2026-08-26T10:01:57Z,2026-08-26T12:01:57+0200,de5651f7-a4c0-4808-ad66-e3bdff44187a,2026-08-02T13:15:00Z,2026-08-02T15:15:00+0200,769.003,MW,DK2,DK_2,actual_solar_generation,Solar,2026-08-26T10:27:13Z
2026-08-26T10:01:57Z,2026-08-26T12:01:57+0200,de5651f7-a4c0-4808-ad66-e3bdff44187a,2026-08-02T13:30:00Z,2026-08-02T15:30:00+0200,833.974,MW,DK2,DK_2,actual_solar_generation,Solar,2026-08-26T10:27:13Z
2026-08-26T10:01:57Z,2026-08-26T12:01:57+0200,de5651f7-a4c0-4808-ad66-e3bdff44187a,2026-08-02T13:45:00Z,2026-08-02T15:45:00+0200,833.2,MW,DK2,DK_2,actual_solar_generation,Solar,2026-08-26T10:27:13Z
2026-08-26T10:01:57Z,2026-08-26T12:01:57+0200,de5651f7-a4c0-4808-ad66-e3bdff44187a,2026-08-02T14:00:00Z,2026-08-02T16:00:00+0200,830.152,MW,DK2,DK_2,actual_solar_generation,Solar,2026-08-26T10:27:13Z
2026-08-26T10:01:57Z,2026-08-26T12:01:57+0200,de5651f7-a4c0-4808-ad66-e3bdff44187a,2026-08-02T14:15:00Z,2026-08-02T16:15:00+0200,828.331,MW,DK2,DK_2,actual_solar_generation,Solar,2026-08-26T10:27:13Z
2026-08-26T10:01:57Z,2026-08-26T12:01:57+0200,de5651f7-a4c0-4808-ad66-e3bdff44187a,2026-08-02T14:30:00Z,2026-08-02T16:30:00+0200,800.77,MW,DK2,DK_2,actual_solar_generation,Solar,2026-08-26T10:27:13Z
2026-08-26T10:01:57Z,2026-08-26T12:01:57+0200,de5651f7-a4c0-4808-ad66-e3bdff44187a,2026-08-02T14:45:00Z,2026-08-02T16:45:00+0200,776.443,MW,DK2,DK_2,actual_solar_generation,Solar,2026-08-26T10:27:13Z
2026-08-26T10:01:57Z,2026-08-26T12:01:57+0200,de5651f7-a4c0-4808-ad66-e3bdff44187a,2026-08-02T15:00:00Z,2026-08-02T17:00:00+0200,735.478,MW,DK2,DK_2,actual_solar_generation,Solar,2026-08-26T10:27:13Z
2026-08-26T10:01:57Z,2026-08-26T12:01:57+0200,de5651f7-a4c0-4808-ad66-e3bdff44187a,2026-08-02T15:15:00Z,2026-08-02T17:15:00+0200,678.812,MW,DK2,DK_2,actual_solar_generation,Solar,2026-08-26T10:27:13Z
2026-08-26T10:01:57Z,2026-08-26T12:01:57+0200,de5651f7-a4c0-4808-ad66-e3bdff44187a,2026-08-02T15:30:00Z,2026-08-02T17:30:00+0200,610.947,MW,DK2,DK_2,actual_solar_generation,Solar,2026-08-26T10:27:13Z
2026-08-26T10:01:57Z,2026-08-26T12:01:57+0200,de5651f7-a4c0-4808-ad66-e3bdff44187a,2026-08-02T15:45:00Z,2026-08-02T17:45:00+0200,541.701,MW,DK2,DK_2,actual_solar_generation,Solar,2026-08-26T10:27:13Z
2026-08-26T10:01:57Z,2026-08-26T12:01:57+0200,de5651f7-a4c0-4808-ad66-e3bdff44187a,2026-08-02T16:00:00Z,2026-08-02T18:00:00+0200,476.544,MW,DK2,DK_2,actual_solar_generation,Solar,2026-08-26T10:27:13Z
2026-08-26T10:01:57Z,2026-08-26T12:01:57+0200,de5651f7-a4c0-4808-ad66-e3bdff44187a,2026-08-02T16:15:00Z,2026-08-02T18:15:00+0200,429.323,MW,DK2,DK_2,actual_solar_generation,Solar,2026-08-26T10:27:13Z
2026-08-26T10:01:57Z,2026-08-26T12:01:57+0200,de5651f7-a4c0-4808-ad66-e3bdff44187a,2026-08-02T16:30:00Z,2026-08-02T18:30:00+0200,353.17,MW,DK2,DK_2,actual_solar_generation,Solar,2026-08-26T10:27:13Z
2026-08-26T10:01:57Z,2026-08-26T12:01:57+0200,de5651f7-a4c0-4808-ad66-e3bdff44187a,2026-08-02T16:45:00Z,2026-08-02T18:45:00+0200,272.827,MW,DK2,DK_2,actual_solar_generation,Solar,2026-08-26T10:27:13Z
2026-08-26T10:01:57Z,2026-08-26T12:01:57+0200,de5651f7-a4c0-4808-ad66-e3bdff44187a,2026-08-02T17:00:00Z,2026-08-02T19:00:00+0200,229.665,MW,DK2,DK_2,actual_solar_generation,Solar,2026-08-26T10:27:13Z
2026-08-26T10:01:57Z,2026-08-26T12:01:57+0200,de5651f7-a4c0-4808-ad66-e3bdff44187a,2026-08-02T17:15:00Z,2026-08-02T19:15:00+0200,154.327,MW,DK2,DK_2,actual_solar_generation,Solar,2026-08-26T10:27:13Z
2026-08-26T10:01:57Z,2026-08-26T12:01:57+0200,de5651f7-a4c0-4808-ad66-e3bdff44187a,2026-08-02T17:30:00Z,2026-08-02T19:30:00+0200,122.029,MW,DK2,DK_2,actual_solar_generation,Solar,2026-08-26T10:27:13Z
2026-08-26T10:01:57Z,2026-08-26T12:01:57+0200,de5651f7-a4c0-4808-ad66-e3bdff44187a,2026-08-02T17:45:00Z,2026-08-02T19:45:00+0200,98.9513,MW,DK2,DK_2,actual_solar_generation,Solar,2026-08-26T10:27:13Z
2026-08-26T10:01:57Z,2026-08-26T12:01:57+0200,de5651f7-a4c0-4808-ad66-e3bdff44187a,2026-08-02T18:00:00Z,2026-08-02T20:00:00+0200,78.122,MW,DK2,DK_2,actual_solar_generation,Solar,2026-08-26T10:27:13Z
2026-08-26T10:01:57Z,2026-08-26T12:01:57+0200,de5651f7-a4c0-4808-ad66-e3bdff44187a,2026-08-02T18:15:00Z,2026-08-02T20:15:00+0200,54.6358,MW,DK2,DK_2,actual_solar_generation,Solar,2026-08-26T10:27:13Z
2026-08-26T10:01:57Z,2026-08-26T12:01:57+0200,de5651f7-a4c0-4808-ad66-e3bdff44187a,2026-08-02T18:30:00Z,2026-08-02T20:30:00+0200,37.0251,MW,DK2,DK_2,actual_solar_generation,Solar,2026-08-26T10:27:13Z
2026-08-26T10:01:57Z,2026-08-26T12:01:57+0200,de5651f7-a4c0-4808-ad66-e3bdff44187a,2026-08-02T18:45:00Z,2026-08-02T20:45:00+0200,24.3262,MW,DK2,DK_2,actual_solar_generation,Solar,2026-08-26T10:27:13Z
2026-08-26T10:01:57Z,2026-08-26T12:01:57+0200,de5651f7-a4c0-4808-ad66-e3bdff44187a,2026-08-02T19:00:00Z,2026-08-02T21:00:00+0200,4.85353,MW,DK2,DK_2,actual_solar_generation,Solar,2026-08-26T10:27:13Z
2026-08-26T10:01:57Z,2026-08-26T12:01:57+0200,de5651f7-a4c0-4808-ad66-e3bdff44187a,2026-08-02T19:15:00Z,2026-08-02T21:15:00+0200,0.319598,MW,DK2,DK_2,actual_solar_generation,Solar,2026-08-26T10:27:13Z
2026-08-26T10:01:57Z,2026-08-26T12:01:57+0200,de5651f7-a4c0-4808-ad66-e3bdff44187a,2026-08-02T19:30:00Z,2026-08-02T21:30:00+0200,0.0,MW,DK2,DK_2,actual_solar_generation,Solar,2026-08-26T10:27:13Z
2026-08-26T10:01:57Z,2026-08-26T12:01:57+0200,de5651f7-a4c0-4808-ad66-e3bdff44187a,2026-08-02T19:45:00Z,2026-08-02T21:45:00+0200,0.131692,MW,DK2,DK_2,actual_solar_generation,Solar,2026-08-26T10:27:13Z
2026-08-26T10:01:57Z,2026-08-26T12:01:57+0200,de5651f7-a4c0-4808-ad66-e3bdff44187a,2026-08-02T20:00:00Z,2026-08-02T22:00:00+0200,0.17991,MW,DK2,DK_2,actual_solar_generation,Solar,2026-08-26T10:27:13Z
2026-08-26T10:01:57Z,2026-08-26T12:01:57+0200,de5651f7-a4c0-4808-ad66-e3bdff44187a,2026-08-02T20:15:00Z,2026-08-02T22:15:00+0200,0.112172,MW,DK2,DK_2,actual_solar_generation,Solar,2026-08-26T10:27:13Z
2026-08-26T10:01:57Z,2026-08-26T12:01:57+0200,de5651f7-a4c0-4808-ad66-e3bdff44187a,2026-08-02T20:30:00Z,2026-08-02T22:30:00+0200,0.0,MW,DK2,DK_2,actual_solar_generation,Solar,2026-08-26T10:27:13Z
2026-08-26T10:01:57Z,2026-08-26T12:01:57+0200,de5651f7-a4c0-4808-ad66-e3bdff44187a,2026-08-02T20:45:00Z,2026-08-02T22:45:00+0200,0.0,MW,DK2,DK_2,actual_solar_generation,Solar,2026-08-26T10:27:13Z
2026-08-26T10:01:57Z,2026-08-26T12:01:57+0200,de5651f7-a4c0-4808-ad66-e3bdff44187a,2026-08-02T21:00:00Z,2026-08-02T23:00:00+0200,0.0,MW,DK2,DK_2,actual_solar_generation,Solar,2026-08-26T10:27:13Z
2026-08-26T10:01:57Z,2026-08-26T12:01:57+0200,de5651f7-a4c0-4808-ad66-e3bdff44187a,2026-08-02T21:15:00Z,2026-08-02T23:15:00+0200,0.0,MW,DK2,DK_2,actual_solar_generation,Solar,2026-08-26T10:27:13Z
2026-08-26T10:01:57Z,2026-08-26T12:01:57+0200,de5651f7-a4c0-4808-ad66-e3bdff44187a,2026-08-02T21:30:00Z,2026-08-02T23:30:00+0200,0.0,MW,DK2,DK_2,actual_solar_generation,Solar,2026-08-26T10:27:13Z
2026-08-26T10:01:57Z,2026-08-26T12:01:57+0200,de5651f7-a4c0-4808-ad66-e3bdff44187a,2026-08-02T21:45:00Z,2026-08-02T23:45:00+0200,0.0,MW,DK2,DK_2,actual_solar_generation,Solar,2026-08-26T10:27:13Z
2026-08-26T10:01:57Z,2026-08-26T12:01:57+0200,de5651f7-a4c0-4808-ad66-e3bdff44187a,2026-08-02T22:00:00Z,2026-08-03T00:00:00+0200,0.0,MW,DK2,DK_2,actual_solar_generation,Solar,2026-08-26T10:27:13Z
2026-08-26T10:01:57Z,2026-08-26T12:01:57+0200,de5651f7-a4c0-4808-ad66-e3bdff44187a,2026-08-02T22:15:00Z,2026-08-03T00:15:00+0200,0.0,MW,DK2,DK_2,actual_solar_generation,Solar,2026-08-26T10:27:13Z
2026-08-26T10:01:57Z,2026-08-26T12:01:57+0200,de5651f7-a4c0-4808-ad66-e3bdff44187a,2026-08-02T22:30:00Z,2026-08-03T00:30:00+0200,0.0,MW,DK2,DK_2,actual_solar_generation,Solar,2026-08-26T10:27:13Z
2026-08-26T10:01:57Z,2026-08-26T12:01:57+0200,de5651f7-a4c0-4808-ad66-e3bdff44187a,2026-08-02T22:45:00Z,2026-08-03T00:45:00+0200,0.0,MW,DK2,DK_2,actual_solar_generation,Solar,2026-08-26T10:27:13Z
2026-08-26T10:01:57Z,2026-08-26T12:01:57+0200,de5651f7-a4c0-4808-ad66-e3bdff44187a,2026-08-02T23:00:00Z,2026-08-03T01:00:00+0200,0.0,MW,DK2,DK_2,actual_solar_generation,Solar,2026-08-26T10:27:13Z
2026-08-26T10:01:57Z,2026-08-26T12:01:57+0200,de5651f7-a4c0-4808-ad66-e3bdff44187a,2026-08-02T23:15:00Z,2026-08-03T01:15:00+0200,0.0,MW,DK2,DK_2,actual_solar_generation,Solar,2026-08-26T10:27:13Z
2026-08-26T10:01:57Z,2026-08-26T12:01:57+0200,de5651f7-a4c0-4808-ad66-e3bdff44187a,2026-08-02T23:30:00Z,2026-08-03T01:30:00+0200,0.0,MW,DK2,DK_2,actual_solar_generation,Solar,2026-08-26T10:27:13Z
2026-08-26T10:01:57Z,2026-08-26T12:01:57+0200,de5651f7-a4c0-4808-ad66-e3bdff44187a,2026-08-02T23:45:00Z,2026-08-03T01:45:00+0200,0.0,MW,DK2,DK_2,actual_solar_generation,Solar,2026-08-26T10:27:13Z
2026-08-26T10:01:57Z,2026-08-26T12:01:57+0200,de5651f7-a4c0-4808-ad66-e3bdff44187a,2026-08-03T00:00:00Z,2026-08-03T02:00:00+0200,0.0,MW,DK2,DK_2,actual_solar_generation,Solar,2026-08-26T10:27:13Z
2026-08-26T10:01:57Z,2026-08-26T12:01:57+0200,de5651f7-a4c0-4808-ad66-e3bdff44187a,2026-08-03T00:15:00Z,2026-08-03T02:15:00+0200,0.0,MW,DK2,DK_2,actual_solar_generation,Solar,2026-08-26T10:27:13Z
2026-08-26T10:01:57Z,2026-08-26T12:01:57+0200,de5651f7-a4c0-4808-ad66-e3bdff44187a,2026-08-03T00:30:00Z,2026-08-03T02:30:00+0200,0.0,MW,DK2,DK_2,actual_solar_generation,Solar,2026-08-26T10:27:13Z
2026-08-26T10:01:57Z,2026-08-26T12:01:57+0200,de5651f7-a4c0-4808-ad66-e3bdff44187a,2026-08-03T00:45:00Z,2026-08-03T02:45:00+0200,0.0,MW,DK2,DK_2,actual_solar_generation,Solar,2026-08-26T10:27:13Z
2026-08-26T10:01:57Z,2026-08-26T12:01:57+0200,de5651f7-a4c0-4808-ad66-e3bdff44187a,2026-08-03T01:00:00Z,2026-08-03T03:00:00+0200,0.0,MW,DK2,DK_2,actual_solar_generation,Solar,2026-08-26T10:27:13Z
2026-08-26T10:01:57Z,2026-08-26T12:01:57+0200,de5651f7-a4c0-4808-ad66-e3bdff44187a,2026-08-03T01:15:00Z,2026-08-03T03:15:00+0200,0.0,MW,DK2,DK_2,actual_solar_generation,Solar,2026-08-26T10:27:13Z
2026-08-26T10:01:57Z,2026-08-26T12:01:57+0200,de5651f7-a4c0-4808-ad66-e3bdff44187a,2026-08-03T01:30:00Z,2026-08-03T03:30:00+0200,0.0,MW,DK2,DK_2,actual_solar_generation,Solar,2026-08-26T10:27:13Z
2026-08-26T10:01:57Z,2026-08-26T12:01:57+0200,de5651f7-a4c0-4808-ad66-e3bdff44187a,2026-08-03T01:45:00Z,2026-08-03T03:45:00+0200,0.0,MW,DK2,DK_2,actual_solar_generation,Solar,2026-08-26T10:27:13Z
2026-08-26T10:01:57Z,2026-08-26T12:01:57+0200,de5651f7-a4c0-4808-ad66-e3bdff44187a,2026-08-03T02:00:00Z,2026-08-03T04:00:00+0200,0.0,MW,DK2,DK_2,actual_solar_generation,Solar,2026-08-26T10:27:13Z
2026-08-26T10:01:57Z,2026-08-26T12:01:57+0200,de5651f7-a4c0-4808-ad66-e3bdff44187a,2026-08-03T02:15:00Z,2026-08-03T04:15:00+0200,0.0,MW,DK2,DK_2,actual_solar_generation,Solar,2026-08-26T10:27:13Z
2026-08-26T10:01:57Z,2026-08-26T12:01:57+0200,de5651f7-a4c0-4808-ad66-e3bdff44187a,2026-08-03T02:30:00Z,2026-08-03T04:30:00+0200,0.0,MW,DK2,DK_2,actual_solar_generation,Solar,2026-08-26T10:27:13Z
2026-08-26T10:01:57Z,2026-08-26T12:01:57+0200,de5651f7-a4c0-4808-ad66-e3bdff44187a,2026-08-03T02:45:00Z,2026-08-03T04:45:00+0200,0.0,MW,DK2,DK_2,actual_solar_generation,Solar,2026-08-26T10:27:13Z
2026-08-26T10:01:57Z,2026-08-26T12:01:57+0200,de5651f7-a4c0-4808-ad66-e3bdff44187a,2026-08-03T03:00:00Z,2026-08-03T05:00:00+0200,0.020452,MW,DK2,DK_2,actual_solar_generation,Solar,2026-08-26T10:27:13Z
2026-08-26T10:01:57Z,2026-08-26T12:01:57+0200,de5651f7-a4c0-4808-ad66-e3bdff44187a,2026-08-03T03:15:00Z,2026-08-03T05:15:00+0200,0.940354,MW,DK2,DK_2,actual_solar_generation,Solar,2026-08-26T10:27:13Z
2026-08-26T10:01:57Z,2026-08-26T12:01:57+0200,de5651f7-a4c0-4808-ad66-e3bdff44187a,2026-08-03T03:30:00Z,2026-08-03T05:30:00+0200,7.66819,MW,DK2,DK_2,actual_solar_generation,Solar,2026-08-26T10:27:13Z
2026-08-26T10:01:57Z,2026-08-26T12:01:57+0200,de5651f7-a4c0-4808-ad66-e3bdff44187a,2026-08-03T03:45:00Z,2026-08-03T05:45:00+0200,19.3641,MW,DK2,DK_2,actual_solar_generation,Solar,2026-08-26T10:27:13Z
2026-08-26T10:01:57Z,2026-08-26T12:01:57+0200,de5651f7-a4c0-4808-ad66-e3bdff44187a,2026-08-03T04:00:00Z,2026-08-03T06:00:00+0200,36.2317,MW,DK2,DK_2,actual_solar_generation,Solar,2026-08-26T10:27:13Z
2026-08-26T10:01:57Z,2026-08-26T12:01:57+0200,de5651f7-a4c0-4808-ad66-e3bdff44187a,2026-08-03T04:15:00Z,2026-08-03T06:15:00+0200,66.8086,MW,DK2,DK_2,actual_solar_generation,Solar,2026-08-26T10:27:13Z
2026-08-26T10:01:57Z,2026-08-26T12:01:57+0200,de5651f7-a4c0-4808-ad66-e3bdff44187a,2026-08-03T04:30:00Z,2026-08-03T06:30:00+0200,97.5315,MW,DK2,DK_2,actual_solar_generation,Solar,2026-08-26T10:27:13Z
2026-08-26T10:01:57Z,2026-08-26T12:01:57+0200,de5651f7-a4c0-4808-ad66-e3bdff44187a,2026-08-03T04:45:00Z,2026-08-03T06:45:00+0200,122.506,MW,DK2,DK_2,actual_solar_generation,Solar,2026-08-26T10:27:13Z
2026-08-26T10:01:57Z,2026-08-26T12:01:57+0200,de5651f7-a4c0-4808-ad66-e3bdff44187a,2026-08-03T05:00:00Z,2026-08-03T07:00:00+0200,153.233,MW,DK2,DK_2,actual_solar_generation,Solar,2026-08-26T10:27:13Z
2026-08-26T10:01:57Z,2026-08-26T12:01:57+0200,de5651f7-a4c0-4808-ad66-e3bdff44187a,2026-08-03T05:15:00Z,2026-08-03T07:15:00+0200,191.54,MW,DK2,DK_2,actual_solar_generation,Solar,2026-08-26T10:27:13Z
2026-08-26T10:01:57Z,2026-08-26T12:01:57+0200,de5651f7-a4c0-4808-ad66-e3bdff44187a,2026-08-03T05:30:00Z,2026-08-03T07:30:00+0200,261.054,MW,DK2,DK_2,actual_solar_generation,Solar,2026-08-26T10:27:13Z
2026-08-26T10:01:57Z,2026-08-26T12:01:57+0200,de5651f7-a4c0-4808-ad66-e3bdff44187a,2026-08-03T05:45:00Z,2026-08-03T07:45:00+0200,279.62,MW,DK2,DK_2,actual_solar_generation,Solar,2026-08-26T10:27:13Z
2026-08-26T10:01:57Z,2026-08-26T12:01:57+0200,de5651f7-a4c0-4808-ad66-e3bdff44187a,2026-08-03T06:00:00Z,2026-08-03T08:00:00+0200,304.104,MW,DK2,DK_2,actual_solar_generation,Solar,2026-08-26T10:27:13Z
2026-08-26T10:01:57Z,2026-08-26T12:01:57+0200,de5651f7-a4c0-4808-ad66-e3bdff44187a,2026-08-03T06:15:00Z,2026-08-03T08:15:00+0200,391.64,MW,DK2,DK_2,actual_solar_generation,Solar,2026-08-26T10:27:13Z
2026-08-26T10:01:57Z,2026-08-26T12:01:57+0200,de5651f7-a4c0-4808-ad66-e3bdff44187a,2026-08-03T06:30:00Z,2026-08-03T08:30:00+0200,474.358,MW,DK2,DK_2,actual_solar_generation,Solar,2026-08-26T10:27:13Z
2026-08-26T10:01:57Z,2026-08-26T12:01:57+0200,de5651f7-a4c0-4808-ad66-e3bdff44187a,2026-08-03T06:45:00Z,2026-08-03T08:45:00+0200,520.979,MW,DK2,DK_2,actual_solar_generation,Solar,2026-08-26T10:27:13Z
2026-08-26T10:01:57Z,2026-08-26T12:01:57+0200,de5651f7-a4c0-4808-ad66-e3bdff44187a,2026-08-03T07:00:00Z,2026-08-03T09:00:00+0200,560.349,MW,DK2,DK_2,actual_solar_generation,Solar,2026-08-26T10:27:13Z
2026-08-26T10:01:57Z,2026-08-26T12:01:57+0200,de5651f7-a4c0-4808-ad66-e3bdff44187a,2026-08-03T07:15:00Z,2026-08-03T09:15:00+0200,619.834,MW,DK2,DK_2,actual_solar_generation,Solar,2026-08-26T10:27:13Z
2026-08-26T10:01:57Z,2026-08-26T12:01:57+0200,de5651f7-a4c0-4808-ad66-e3bdff44187a,2026-08-03T07:30:00Z,2026-08-03T09:30:00+0200,683.676,MW,DK2,DK_2,actual_solar_generation,Solar,2026-08-26T10:27:13Z
2026-08-26T10:01:57Z,2026-08-26T12:01:57+0200,de5651f7-a4c0-4808-ad66-e3bdff44187a,2026-08-03T07:45:00Z,2026-08-03T09:45:00+0200,754.252,MW,DK2,DK_2,actual_solar_generation,Solar,2026-08-26T10:27:13Z
2026-08-26T10:01:57Z,2026-08-26T12:01:57+0200,de5651f7-a4c0-4808-ad66-e3bdff44187a,2026-08-03T08:00:00Z,2026-08-03T10:00:00+0200,772.621,MW,DK2,DK_2,actual_solar_generation,Solar,2026-08-26T10:27:13Z
2026-08-26T10:01:57Z,2026-08-26T12:01:57+0200,de5651f7-a4c0-4808-ad66-e3bdff44187a,2026-08-03T08:15:00Z,2026-08-03T10:15:00+0200,847.615,MW,DK2,DK_2,actual_solar_generation,Solar,2026-08-26T10:27:13Z
2026-08-26T10:01:57Z,2026-08-26T12:01:57+0200,de5651f7-a4c0-4808-ad66-e3bdff44187a,2026-08-03T08:30:00Z,2026-08-03T10:30:00+0200,877.375,MW,DK2,DK_2,actual_solar_generation,Solar,2026-08-26T10:27:13Z
2026-08-26T10:01:57Z,2026-08-26T12:01:57+0200,de5651f7-a4c0-4808-ad66-e3bdff44187a,2026-08-03T08:45:00Z,2026-08-03T10:45:00+0200,904.542,MW,DK2,DK_2,actual_solar_generation,Solar,2026-08-26T10:27:13Z
2026-08-26T10:01:57Z,2026-08-26T12:01:57+0200,de5651f7-a4c0-4808-ad66-e3bdff44187a,2026-08-03T09:00:00Z,2026-08-03T11:00:00+0200,925.575,MW,DK2,DK_2,actual_solar_generation,Solar,2026-08-26T10:27:13Z
2026-08-26T10:01:57Z,2026-08-26T12:01:57+0200,de5651f7-a4c0-4808-ad66-e3bdff44187a,2026-08-03T09:15:00Z,2026-08-03T11:15:00+0200,936.974,MW,DK2,DK_2,actual_solar_generation,Solar,2026-08-26T10:27:13Z
2026-08-26T10:01:57Z,2026-08-26T12:01:57+0200,de5651f7-a4c0-4808-ad66-e3bdff44187a,2026-08-03T09:30:00Z,2026-08-03T11:30:00+0200,948.562,MW,DK2,DK_2,actual_solar_generation,Solar,2026-08-26T10:27:13Z
2026-08-26T10:01:57Z,2026-08-26T12:01:57+0200,de5651f7-a4c0-4808-ad66-e3bdff44187a,2026-08-03T09:45:00Z,2026-08-03T11:45:00+0200,919.02,MW,DK2,DK_2,actual_solar_generation,Solar,2026-08-26T10:27:13Z
2026-08-26T10:01:57Z,2026-08-26T12:01:57+0200,de5651f7-a4c0-4808-ad66-e3bdff44187a,2026-08-03T10:00:00Z,2026-08-03T12:00:00+0200,907.99,MW,DK2,DK_2,actual_solar_generation,Solar,2026-08-26T10:27:13Z
2026-08-26T10:01:57Z,2026-08-26T12:01:57+0200,de5651f7-a4c0-4808-ad66-e3bdff44187a,2026-08-03T10:15:00Z,2026-08-03T12:15:00+0200,887.784,MW,DK2,DK_2,actual_solar_generation,Solar,2026-08-26T10:27:13Z
2026-08-26T10:01:57Z,2026-08-26T12:01:57+0200,de5651f7-a4c0-4808-ad66-e3bdff44187a,2026-08-03T10:30:00Z,2026-08-03T12:30:00+0200,867.102,MW,DK2,DK_2,actual_solar_generation,Solar,2026-08-26T10:27:13Z
2026-08-26T10:01:57Z,2026-08-26T12:01:57+0200,de5651f7-a4c0-4808-ad66-e3bdff44187a,2026-08-03T10:45:00Z,2026-08-03T12:45:00+0200,864.335,MW,DK2,DK_2,actual_solar_generation,Solar,2026-08-26T10:27:13Z
2026-08-26T10:01:57Z,2026-08-26T12:01:57+0200,de5651f7-a4c0-4808-ad66-e3bdff44187a,2026-08-03T11:00:00Z,2026-08-03T13:00:00+0200,856.226,MW,DK2,DK_2,actual_solar_generation,Solar,2026-08-26T10:27:13Z
2026-08-26T10:01:57Z,2026-08-26T12:01:57+0200,de5651f7-a4c0-4808-ad66-e3bdff44187a,2026-08-03T11:15:00Z,2026-08-03T13:15:00+0200,839.032,MW,DK2,DK_2,actual_solar_generation,Solar,2026-08-26T10:27:13Z
2026-08-26T10:01:57Z,2026-08-26T12:01:57+0200,de5651f7-a4c0-4808-ad66-e3bdff44187a,2026-08-03T11:30:00Z,2026-08-03T13:30:00+0200,799.805,MW,DK2,DK_2,actual_solar_generation,Solar,2026-08-26T10:27:13Z
2026-08-26T10:01:57Z,2026-08-26T12:01:57+0200,de5651f7-a4c0-4808-ad66-e3bdff44187a,2026-08-03T11:45:00Z,2026-08-03T13:45:00+0200,820.609,MW,DK2,DK_2,actual_solar_generation,Solar,2026-08-26T10:27:13Z
2026-08-26T10:01:57Z,2026-08-26T12:01:57+0200,de5651f7-a4c0-4808-ad66-e3bdff44187a,2026-08-03T12:00:00Z,2026-08-03T14:00:00+0200,874.081,MW,DK2,DK_2,actual_solar_generation,Solar,2026-08-26T10:27:13Z
2026-08-26T10:01:57Z,2026-08-26T12:01:57+0200,de5651f7-a4c0-4808-ad66-e3bdff44187a,2026-08-03T12:15:00Z,2026-08-03T14:15:00+0200,868.324,MW,DK2,DK_2,actual_solar_generation,Solar,2026-08-26T10:27:13Z
2026-08-26T10:01:57Z,2026-08-26T12:01:57+0200,de5651f7-a4c0-4808-ad66-e3bdff44187a,2026-08-03T12:30:00Z,2026-08-03T14:30:00+0200,849.332,MW,DK2,DK_2,actual_solar_generation,Solar,2026-08-26T10:27:13Z
2026-08-26T10:01:57Z,2026-08-26T12:01:57+0200,de5651f7-a4c0-4808-ad66-e3bdff44187a,2026-08-03T12:45:00Z,2026-08-03T14:45:00+0200,876.811,MW,DK2,DK_2,actual_solar_generation,Solar,2026-08-26T10:27:13Z
2026-08-26T10:01:57Z,2026-08-26T12:01:57+0200,de5651f7-a4c0-4808-ad66-e3bdff44187a,2026-08-03T13:00:00Z,2026-08-03T15:00:00+0200,842.722,MW,DK2,DK_2,actual_solar_generation,Solar,2026-08-26T10:27:13Z
2026-08-26T10:01:57Z,2026-08-26T12:01:57+0200,de5651f7-a4c0-4808-ad66-e3bdff44187a,2026-08-03T13:15:00Z,2026-08-03T15:15:00+0200,871.254,MW,DK2,DK_2,actual_solar_generation,Solar,2026-08-26T10:27:13Z
2026-08-26T10:01:57Z,2026-08-26T12:01:57+0200,de5651f7-a4c0-4808-ad66-e3bdff44187a,2026-08-03T13:30:00Z,2026-08-03T15:30:00+0200,857.881,MW,DK2,DK_2,actual_solar_generation,Solar,2026-08-26T10:27:13Z
2026-08-26T10:01:57Z,2026-08-26T12:01:57+0200,de5651f7-a4c0-4808-ad66-e3bdff44187a,2026-08-03T13:45:00Z,2026-08-03T15:45:00+0200,837.326,MW,DK2,DK_2,actual_solar_generation,Solar,2026-08-26T10:27:13Z
2026-08-26T10:01:57Z,2026-08-26T12:01:57+0200,de5651f7-a4c0-4808-ad66-e3bdff44187a,2026-08-03T14:00:00Z,2026-08-03T16:00:00+0200,849.75,MW,DK2,DK_2,actual_solar_generation,Solar,2026-08-26T10:27:13Z
2026-08-26T10:01:57Z,2026-08-26T12:01:57+0200,de5651f7-a4c0-4808-ad66-e3bdff44187a,2026-08-03T14:15:00Z,2026-08-03T16:15:00+0200,837.941,MW,DK2,DK_2,actual_solar_generation,Solar,2026-08-26T10:27:13Z
2026-08-26T10:01:57Z,2026-08-26T12:01:57+0200,de5651f7-a4c0-4808-ad66-e3bdff44187a,2026-08-03T14:30:00Z,2026-08-03T16:30:00+0200,746.85,MW,DK2,DK_2,actual_solar_generation,Solar,2026-08-26T10:27:13Z
2026-08-26T10:01:57Z,2026-08-26T12:01:57+0200,de5651f7-a4c0-4808-ad66-e3bdff44187a,2026-08-03T14:45:00Z,2026-08-03T16:45:00+0200,736.443,MW,DK2,DK_2,actual_solar_generation,Solar,2026-08-26T10:27:13Z
2026-08-26T10:01:57Z,2026-08-26T12:01:57+0200,de5651f7-a4c0-4808-ad66-e3bdff44187a,2026-08-03T15:00:00Z,2026-08-03T17:00:00+0200,658.111,MW,DK2,DK_2,actual_solar_generation,Solar,2026-08-26T10:27:13Z
2026-08-26T10:01:57Z,2026-08-26T12:01:57+0200,de5651f7-a4c0-4808-ad66-e3bdff44187a,2026-08-03T15:15:00Z,2026-08-03T17:15:00+0200,608.932,MW,DK2,DK_2,actual_solar_generation,Solar,2026-08-26T10:27:13Z
2026-08-26T10:01:57Z,2026-08-26T12:01:57+0200,de5651f7-a4c0-4808-ad66-e3bdff44187a,2026-08-03T15:30:00Z,2026-08-03T17:30:00+0200,551.818,MW,DK2,DK_2,actual_solar_generation,Solar,2026-08-26T10:27:13Z
2026-08-26T10:01:57Z,2026-08-26T12:01:57+0200,de5651f7-a4c0-4808-ad66-e3bdff44187a,2026-08-03T15:45:00Z,2026-08-03T17:45:00+0200,487.876,MW,DK2,DK_2,actual_solar_generation,Solar,2026-08-26T10:27:13Z
2026-08-26T10:01:57Z,2026-08-26T12:01:57+0200,de5651f7-a4c0-4808-ad66-e3bdff44187a,2026-08-03T16:00:00Z,2026-08-03T18:00:00+0200,438.976,MW,DK2,DK_2,actual_solar_generation,Solar,2026-08-26T10:27:13Z
2026-08-26T10:01:57Z,2026-08-26T12:01:57+0200,de5651f7-a4c0-4808-ad66-e3bdff44187a,2026-08-03T16:15:00Z,2026-08-03T18:15:00+0200,379.487,MW,DK2,DK_2,actual_solar_generation,Solar,2026-08-26T10:27:13Z
2026-08-26T10:01:57Z,2026-08-26T12:01:57+0200,de5651f7-a4c0-4808-ad66-e3bdff44187a,2026-08-03T16:30:00Z,2026-08-03T18:30:00+0200,321.807,MW,DK2,DK_2,actual_solar_generation,Solar,2026-08-26T10:27:13Z
2026-08-26T10:01:57Z,2026-08-26T12:01:57+0200,de5651f7-a4c0-4808-ad66-e3bdff44187a,2026-08-03T16:45:00Z,2026-08-03T18:45:00+0200,261.822,MW,DK2,DK_2,actual_solar_generation,Solar,2026-08-26T10:27:13Z
2026-08-26T10:01:57Z,2026-08-26T12:01:57+0200,de5651f7-a4c0-4808-ad66-e3bdff44187a,2026-08-03T17:00:00Z,2026-08-03T19:00:00+0200,206.299,MW,DK2,DK_2,actual_solar_generation,Solar,2026-08-26T10:27:13Z
2026-08-26T10:01:57Z,2026-08-26T12:01:57+0200,de5651f7-a4c0-4808-ad66-e3bdff44187a,2026-08-03T17:15:00Z,2026-08-03T19:15:00+0200,162.071,MW,DK2,DK_2,actual_solar_generation,Solar,2026-08-26T10:27:13Z
2026-08-26T10:01:57Z,2026-08-26T12:01:57+0200,de5651f7-a4c0-4808-ad66-e3bdff44187a,2026-08-03T17:30:00Z,2026-08-03T19:30:00+0200,122.803,MW,DK2,DK_2,actual_solar_generation,Solar,2026-08-26T10:27:13Z
2026-08-26T10:01:57Z,2026-08-26T12:01:57+0200,de5651f7-a4c0-4808-ad66-e3bdff44187a,2026-08-03T17:45:00Z,2026-08-03T19:45:00+0200,86.7047,MW,DK2,DK_2,actual_solar_generation,Solar,2026-08-26T10:27:13Z
2026-08-26T10:01:57Z,2026-08-26T12:01:57+0200,de5651f7-a4c0-4808-ad66-e3bdff44187a,2026-08-03T18:00:00Z,2026-08-03T20:00:00+0200,58.1085,MW,DK2,DK_2,actual_solar_generation,Solar,2026-08-26T10:27:13Z
2026-08-26T10:01:57Z,2026-08-26T12:01:57+0200,de5651f7-a4c0-4808-ad66-e3bdff44187a,2026-08-03T18:15:00Z,2026-08-03T20:15:00+0200,36.7288,MW,DK2,DK_2,actual_solar_generation,Solar,2026-08-26T10:27:13Z
2026-08-26T10:01:57Z,2026-08-26T12:01:57+0200,de5651f7-a4c0-4808-ad66-e3bdff44187a,2026-08-03T18:30:00Z,2026-08-03T20:30:00+0200,22.751,MW,DK2,DK_2,actual_solar_generation,Solar,2026-08-26T10:27:13Z
2026-08-26T10:01:57Z,2026-08-26T12:01:57+0200,de5651f7-a4c0-4808-ad66-e3bdff44187a,2026-08-03T18:45:00Z,2026-08-03T20:45:00+0200,11.8288,MW,DK2,DK_2,actual_solar_generation,Solar,2026-08-26T10:27:13Z
2026-08-26T10:01:57Z,2026-08-26T12:01:57+0200,de5651f7-a4c0-4808-ad66-e3bdff44187a,2026-08-03T19:00:00Z,2026-08-03T21:00:00+0200,2.00956,MW,DK2,DK_2,actual_solar_generation,Solar,2026-08-26T10:27:13Z
2026-08-26T10:01:57Z,2026-08-26T12:01:57+0200,de5651f7-a4c0-4808-ad66-e3bdff44187a,2026-08-03T19:15:00Z,2026-08-03T21:15:00+0200,0.264522,MW,DK2,DK_2,actual_solar_generation,Solar,2026-08-26T10:27:13Z
2026-08-26T10:01:57Z,2026-08-26T12:01:57+0200,de5651f7-a4c0-4808-ad66-e3bdff44187a,2026-08-03T19:30:00Z,2026-08-03T21:30:00+0200,0.045907,MW,DK2,DK_2,actual_solar_generation,Solar,2026-08-26T10:27:13Z
2026-08-26T10:01:57Z,2026-08-26T12:01:57+0200,de5651f7-a4c0-4808-ad66-e3bdff44187a,2026-08-03T19:45:00Z,2026-08-03T21:45:00+0200,0.133421,MW,DK2,DK_2,actual_solar_generation,Solar,2026-08-26T10:27:13Z
2026-08-26T10:01:57Z,2026-08-26T12:01:57+0200,de5651f7-a4c0-4808-ad66-e3bdff44187a,2026-08-03T20:00:00Z,2026-08-03T22:00:00+0200,0.0,MW,DK2,DK_2,actual_solar_generation,Solar,2026-08-26T10:27:13Z
2026-08-26T10:01:57Z,2026-08-26T12:01:57+0200,de5651f7-a4c0-4808-ad66-e3bdff44187a,2026-08-03T20:15:00Z,2026-08-03T22:15:00+0200,0.0,MW,DK2,DK_2,actual_solar_generation,Solar,2026-08-26T10:27:13Z
2026-08-26T10:01:57Z,2026-08-26T12:01:57+0200,de5651f7-a4c0-4808-ad66-e3bdff44187a,2026-08-03T20:30:00Z,2026-08-03T22:30:00+0200,0.0,MW,DK2,DK_2,actual_solar_generation,Solar,2026-08-26T10:27:13Z
2026-08-26T10:01:57Z,2026-08-26T12:01:57+0200,de5651f7-a4c0-4808-ad66-e3bdff44187a,2026-08-03T20:45:00Z,2026-08-03T22:45:00+0200,0.0,MW,DK2,DK_2,actual_solar_generation,Solar,2026-08-26T10:27:13Z
2026-08-26T10:01:57Z,2026-08-26T12:01:57+0200,de5651f7-a4c0-4808-ad66-e3bdff44187a,2026-08-03T21:00:00Z,2026-08-03T23:00:00+0200,0.0,MW,DK2,DK_2,actual_solar_generation,Solar,2026-08-26T10:27:13Z
2026-08-26T10:01:57Z,2026-08-26T12:01:57+0200,de5651f7-a4c0-4808-ad66-e3bdff44187a,2026-08-03T21:15:00Z,2026-08-03T23:15:00+0200,0.0,MW,DK2,DK_2,actual_solar_generation,Solar,2026-08-26T10:27:13Z
2026-08-26T10:01:57Z,2026-08-26T12:01:57+0200,de5651f7-a4c0-4808-ad66-e3bdff44187a,2026-08-03T21:30:00Z,2026-08-03T23:30:00+0200,0.0,MW,DK2,DK_2,actual_solar_generation,Solar,2026-08-26T10:27:13Z
2026-08-26T10:01:57Z,2026-08-26T12:01:57+0200,de5651f7-a4c0-4808-ad66-e3bdff44187a,2026-08-03T21:45:00Z,2026-08-03T23:45:00+0200,0.0,MW,DK2,DK_2,actual_solar_generation,Solar,2026-08-26T10:27:13Z
2026-08-26T10:01:57Z,2026-08-26T12:01:57+0200,de5651f7-a4c0-4808-ad66-e3bdff44187a,2026-08-03T22:00:00Z,2026-08-04T00:00:00+0200,0.0,MW,DK2,DK_2,actual_solar_generation,Solar,2026-08-26T10:27:13Z
2026-08-26T10:01:57Z,2026-08-26T12:01:57+0200,de5651f7-a4c0-4808-ad66-e3bdff44187a,2026-08-03T22:15:00Z,2026-08-04T00:15:00+0200,0.0,MW,DK2,DK_2,actual_solar_generation,Solar,2026-08-26T10:27:13Z
2026-08-26T10:01:57Z,2026-08-26T12:01:57+0200,de5651f7-a4c0-4808-ad66-e3bdff44187a,2026-08-03T22:30:00Z,2026-08-04T00:30:00+0200,0.0,MW,DK2,DK_2,actual_solar_generation,Solar,2026-08-26T10:27:13Z
2026-08-26T10:01:57Z,2026-08-26T12:01:57+0200,de5651f7-a4c0-4808-ad66-e3bdff44187a,2026-08-03T22:45:00Z,2026-08-04T00:45:00+0200,0.0,MW,DK2,DK_2,actual_solar_generation,Solar,2026-08-26T10:27:13Z
2026-08-26T10:01:57Z,2026-08-26T12:01:57+0200,de5651f7-a4c0-4808-ad66-e3bdff44187a,2026-08-03T23:00:00Z,2026-08-04T01:00:00+0200,0.0,MW,DK2,DK_2,actual_solar_generation,Solar,2026-08-26T10:27:13Z
2026-08-26T10:01:57Z,2026-08-26T12:01:57+0200,de5651f7-a4c0-4808-ad66-e3bdff44187a,2026-08-03T23:15:00Z,2026-08-04T01:15:00+0200,0.0,MW,DK2,DK_2,actual_solar_generation,Solar,2026-08-26T10:27:13Z
2026-08-26T10:01:57Z,2026-08-26T12:01:57+0200,de5651f7-a4c0-4808-ad66-e3bdff44187a,2026-08-03T23:30:00Z,2026-08-04T01:30:00+0200,0.0,MW,DK2,DK_2,actual_solar_generation,Solar,2026-08-26T10:27:13Z
2026-08-26T10:01:57Z,2026-08-26T12:01:57+0200,de5651f7-a4c0-4808-ad66-e3bdff44187a,2026-08-03T23:45:00Z,2026-08-04T01:45:00+0200,0.0,MW,DK2,DK_2,actual_solar_generation,Solar,2026-08-26T10:27:13Z
2026-08-26T10:01:57Z,2026-08-26T12:01:57+0200,de5651f7-a4c0-4808-ad66-e3bdff44187a,2026-08-04T00:00:00Z,2026-08-04T02:00:00+0200,0.0,MW,DK2,DK_2,actual_solar_generation,Solar,2026-08-26T10:27:13Z
2026-08-26T10:01:57Z,2026-08-26T12:01:57+0200,de5651f7-a4c0-4808-ad66-e3bdff44187a,2026-08-04T00:15:00Z,2026-08-04T02:15:00+0200,0.0,MW,DK2,DK_2,actual_solar_generation,Solar,2026-08-26T10:27:13Z
2026-08-26T10:01:57Z,2026-08-26T12:01:57+0200,de5651f7-a4c0-4808-ad66-e3bdff44187a,2026-08-04T00:30:00Z,2026-08-04T02:30:00+0200,0.0,MW,DK2,DK_2,actual_solar_generation,Solar,2026-08-26T10:27:13Z
2026-08-26T10:01:57Z,2026-08-26T12:01:57+0200,de5651f7-a4c0-4808-ad66-e3bdff44187a,2026-08-04T00:45:00Z,2026-08-04T02:45:00+0200,0.0,MW,DK2,DK_2,actual_solar_generation,Solar,2026-08-26T10:27:13Z
2026-08-26T10:01:57Z,2026-08-26T12:01:57+0200,de5651f7-a4c0-4808-ad66-e3bdff44187a,2026-08-04T01:00:00Z,2026-08-04T03:00:00+0200,0.0,MW,DK2,DK_2,actual_solar_generation,Solar,2026-08-26T10:27:13Z
2026-08-26T10:01:57Z,2026-08-26T12:01:57+0200,de5651f7-a4c0-4808-ad66-e3bdff44187a,2026-08-04T01:15:00Z,2026-08-04T03:15:00+0200,0.0,MW,DK2,DK_2,actual_solar_generation,Solar,2026-08-26T10:27:13Z
2026-08-26T10:01:57Z,2026-08-26T12:01:57+0200,de5651f7-a4c0-4808-ad66-e3bdff44187a,2026-08-04T01:30:00Z,2026-08-04T03:30:00+0200,0.0,MW,DK2,DK_2,actual_solar_generation,Solar,2026-08-26T10:27:13Z
2026-08-26T10:01:57Z,2026-08-26T12:01:57+0200,de5651f7-a4c0-4808-ad66-e3bdff44187a,2026-08-04T01:45:00Z,2026-08-04T03:45:00+0200,0.0,MW,DK2,DK_2,actual_solar_generation,Solar,2026-08-26T10:27:13Z
2026-08-26T10:01:57Z,2026-08-26T12:01:57+0200,de5651f7-a4c0-4808-ad66-e3bdff44187a,2026-08-04T02:00:00Z,2026-08-04T04:00:00+0200,0.0,MW,DK2,DK_2,actual_solar_generation,Solar,2026-08-26T10:27:13Z
2026-08-26T10:01:57Z,2026-08-26T12:01:57+0200,de5651f7-a4c0-4808-ad66-e3bdff44187a,2026-08-04T02:15:00Z,2026-08-04T04:15:00+0200,0.0,MW,DK2,DK_2,actual_solar_generation,Solar,2026-08-26T10:27:13Z
2026-08-26T10:01:57Z,2026-08-26T12:01:57+0200,de5651f7-a4c0-4808-ad66-e3bdff44187a,2026-08-04T02:30:00Z,2026-08-04T04:30:00+0200,0.0,MW,DK2,DK_2,actual_solar_generation,Solar,2026-08-26T10:27:13Z
2026-08-26T10:01:57Z,2026-08-26T12:01:57+0200,de5651f7-a4c0-4808-ad66-e3bdff44187a,2026-08-04T02:45:00Z,2026-08-04T04:45:00+0200,0.0,MW,DK2,DK_2,actual_solar_generation,Solar,2026-08-26T10:27:13Z
2026-08-26T10:01:57Z,2026-08-26T12:01:57+0200,de5651f7-a4c0-4808-ad66-e3bdff44187a,2026-08-04T03:00:00Z,2026-08-04T05:00:00+0200,0.0,MW,DK2,DK_2,actual_solar_generation,Solar,2026-08-26T10:27:13Z
2026-08-26T10:01:57Z,2026-08-26T12:01:57+0200,de5651f7-a4c0-4808-ad66-e3bdff44187a,2026-08-04T03:15:00Z,2026-08-04T05:15:00+0200,1.27205,MW,DK2,DK_2,actual_solar_generation,Solar,2026-08-26T10:27:13Z
2026-08-26T10:01:57Z,2026-08-26T12:01:57+0200,de5651f7-a4c0-4808-ad66-e3bdff44187a,2026-08-04T03:30:00Z,2026-08-04T05:30:00+0200,8.58875,MW,DK2,DK_2,actual_solar_generation,Solar,2026-08-26T10:27:13Z
2026-08-26T10:01:57Z,2026-08-26T12:01:57+0200,de5651f7-a4c0-4808-ad66-e3bdff44187a,2026-08-04T03:45:00Z,2026-08-04T05:45:00+0200,24.176,MW,DK2,DK_2,actual_solar_generation,Solar,2026-08-26T10:27:13Z
2026-08-26T10:01:57Z,2026-08-26T12:01:57+0200,de5651f7-a4c0-4808-ad66-e3bdff44187a,2026-08-04T04:00:00Z,2026-08-04T06:00:00+0200,38.9769,MW,DK2,DK_2,actual_solar_generation,Solar,2026-08-26T10:27:13Z
2026-08-26T10:01:57Z,2026-08-26T12:01:57+0200,de5651f7-a4c0-4808-ad66-e3bdff44187a,2026-08-04T04:15:00Z,2026-08-04T06:15:00+0200,49.5415,MW,DK2,DK_2,actual_solar_generation,Solar,2026-08-26T10:27:13Z
2026-08-26T10:01:57Z,2026-08-26T12:01:57+0200,de5651f7-a4c0-4808-ad66-e3bdff44187a,2026-08-04T04:30:00Z,2026-08-04T06:30:00+0200,65.625,MW,DK2,DK_2,actual_solar_generation,Solar,2026-08-26T10:27:13Z
2026-08-26T10:01:57Z,2026-08-26T12:01:57+0200,de5651f7-a4c0-4808-ad66-e3bdff44187a,2026-08-04T04:45:00Z,2026-08-04T06:45:00+0200,101.009,MW,DK2,DK_2,actual_solar_generation,Solar,2026-08-26T10:27:13Z
2026-08-26T10:01:57Z,2026-08-26T12:01:57+0200,de5651f7-a4c0-4808-ad66-e3bdff44187a,2026-08-04T05:00:00Z,2026-08-04T07:00:00+0200,127.3,MW,DK2,DK_2,actual_solar_generation,Solar,2026-08-26T10:27:13Z
2026-08-26T10:01:57Z,2026-08-26T12:01:57+0200,de5651f7-a4c0-4808-ad66-e3bdff44187a,2026-08-04T05:15:00Z,2026-08-04T07:15:00+0200,126.458,MW,DK2,DK_2,actual_solar_generation,Solar,2026-08-26T10:27:13Z
2026-08-26T10:01:57Z,2026-08-26T12:01:57+0200,de5651f7-a4c0-4808-ad66-e3bdff44187a,2026-08-04T05:30:00Z,2026-08-04T07:30:00+0200,146.563,MW,DK2,DK_2,actual_solar_generation,Solar,2026-08-26T10:27:13Z
2026-08-26T10:01:57Z,2026-08-26T12:01:57+0200,de5651f7-a4c0-4808-ad66-e3bdff44187a,2026-08-04T05:45:00Z,2026-08-04T07:45:00+0200,147.929,MW,DK2,DK_2,actual_solar_generation,Solar,2026-08-26T10:27:13Z
2026-08-26T10:01:57Z,2026-08-26T12:01:57+0200,de5651f7-a4c0-4808-ad66-e3bdff44187a,2026-08-04T06:00:00Z,2026-08-04T08:00:00+0200,142.877,MW,DK2,DK_2,actual_solar_generation,Solar,2026-08-26T10:27:13Z
2026-08-26T10:01:57Z,2026-08-26T12:01:57+0200,de5651f7-a4c0-4808-ad66-e3bdff44187a,2026-08-04T06:15:00Z,2026-08-04T08:15:00+0200,140.988,MW,DK2,DK_2,actual_solar_generation,Solar,2026-08-26T10:27:13Z
2026-08-26T10:01:57Z,2026-08-26T12:01:57+0200,de5651f7-a4c0-4808-ad66-e3bdff44187a,2026-08-04T06:30:00Z,2026-08-04T08:30:00+0200,159.796,MW,DK2,DK_2,actual_solar_generation,Solar,2026-08-26T10:27:13Z
2026-08-26T10:01:57Z,2026-08-26T12:01:57+0200,de5651f7-a4c0-4808-ad66-e3bdff44187a,2026-08-04T06:45:00Z,2026-08-04T08:45:00+0200,180.639,MW,DK2,DK_2,actual_solar_generation,Solar,2026-08-26T10:27:13Z
2026-08-26T10:01:57Z,2026-08-26T12:01:57+0200,de5651f7-a4c0-4808-ad66-e3bdff44187a,2026-08-04T07:00:00Z,2026-08-04T09:00:00+0200,184.375,MW,DK2,DK_2,actual_solar_generation,Solar,2026-08-26T10:27:13Z
2026-08-26T10:01:57Z,2026-08-26T12:01:57+0200,de5651f7-a4c0-4808-ad66-e3bdff44187a,2026-08-04T07:15:00Z,2026-08-04T09:15:00+0200,186.917,MW,DK2,DK_2,actual_solar_generation,Solar,2026-08-26T10:27:13Z
2026-08-26T10:01:57Z,2026-08-26T12:01:57+0200,de5651f7-a4c0-4808-ad66-e3bdff44187a,2026-08-04T07:30:00Z,2026-08-04T09:30:00+0200,171.773,MW,DK2,DK_2,actual_solar_generation,Solar,2026-08-26T10:27:13Z
2026-08-26T10:01:57Z,2026-08-26T12:01:57+0200,de5651f7-a4c0-4808-ad66-e3bdff44187a,2026-08-04T07:45:00Z,2026-08-04T09:45:00+0200,166.371,MW,DK2,DK_2,actual_solar_generation,Solar,2026-08-26T10:27:13Z
2026-08-26T10:01:57Z,2026-08-26T12:01:57+0200,de5651f7-a4c0-4808-ad66-e3bdff44187a,2026-08-04T08:00:00Z,2026-08-04T10:00:00+0200,169.761,MW,DK2,DK_2,actual_solar_generation,Solar,2026-08-26T10:27:13Z
2026-08-26T10:01:57Z,2026-08-26T12:01:57+0200,de5651f7-a4c0-4808-ad66-e3bdff44187a,2026-08-04T08:15:00Z,2026-08-04T10:15:00+0200,170.095,MW,DK2,DK_2,actual_solar_generation,Solar,2026-08-26T10:27:13Z
2026-08-26T10:01:57Z,2026-08-26T12:01:57+0200,de5651f7-a4c0-4808-ad66-e3bdff44187a,2026-08-04T08:30:00Z,2026-08-04T10:30:00+0200,165.123,MW,DK2,DK_2,actual_solar_generation,Solar,2026-08-26T10:27:13Z
2026-08-26T10:01:57Z,2026-08-26T12:01:57+0200,de5651f7-a4c0-4808-ad66-e3bdff44187a,2026-08-04T08:45:00Z,2026-08-04T10:45:00+0200,165.461,MW,DK2,DK_2,actual_solar_generation,Solar,2026-08-26T10:27:13Z
2026-08-26T10:01:57Z,2026-08-26T12:01:57+0200,de5651f7-a4c0-4808-ad66-e3bdff44187a,2026-08-04T09:00:00Z,2026-08-04T11:00:00+0200,170.004,MW,DK2,DK_2,actual_solar_generation,Solar,2026-08-26T10:27:13Z
2026-08-26T10:01:57Z,2026-08-26T12:01:57+0200,de5651f7-a4c0-4808-ad66-e3bdff44187a,2026-08-04T09:15:00Z,2026-08-04T11:15:00+0200,157.157,MW,DK2,DK_2,actual_solar_generation,Solar,2026-08-26T10:27:13Z
2026-08-26T10:01:57Z,2026-08-26T12:01:57+0200,de5651f7-a4c0-4808-ad66-e3bdff44187a,2026-08-04T09:30:00Z,2026-08-04T11:30:00+0200,160.885,MW,DK2,DK_2,actual_solar_generation,Solar,2026-08-26T10:27:13Z
2026-08-26T10:01:57Z,2026-08-26T12:01:57+0200,de5651f7-a4c0-4808-ad66-e3bdff44187a,2026-08-04T09:45:00Z,2026-08-04T11:45:00+0200,158.577,MW,DK2,DK_2,actual_solar_generation,Solar,2026-08-26T10:27:13Z
2026-08-26T10:01:57Z,2026-08-26T12:01:57+0200,de5651f7-a4c0-4808-ad66-e3bdff44187a,2026-08-04T10:00:00Z,2026-08-04T12:00:00+0200,171.549,MW,DK2,DK_2,actual_solar_generation,Solar,2026-08-26T10:27:13Z
2026-08-26T10:01:57Z,2026-08-26T12:01:57+0200,de5651f7-a4c0-4808-ad66-e3bdff44187a,2026-08-04T10:15:00Z,2026-08-04T12:15:00+0200,191.319,MW,DK2,DK_2,actual_solar_generation,Solar,2026-08-26T10:27:13Z
2026-08-26T10:01:57Z,2026-08-26T12:01:57+0200,de5651f7-a4c0-4808-ad66-e3bdff44187a,2026-08-04T10:30:00Z,2026-08-04T12:30:00+0200,203.427,MW,DK2,DK_2,actual_solar_generation,Solar,2026-08-26T10:27:13Z
2026-08-26T10:01:57Z,2026-08-26T12:01:57+0200,de5651f7-a4c0-4808-ad66-e3bdff44187a,2026-08-04T10:45:00Z,2026-08-04T12:45:00+0200,224.976,MW,DK2,DK_2,actual_solar_generation,Solar,2026-08-26T10:27:13Z
2026-08-26T10:01:57Z,2026-08-26T12:01:57+0200,de5651f7-a4c0-4808-ad66-e3bdff44187a,2026-08-04T11:00:00Z,2026-08-04T13:00:00+0200,302.366,MW,DK2,DK_2,actual_solar_generation,Solar,2026-08-26T10:27:13Z
2026-08-26T10:01:57Z,2026-08-26T12:01:57+0200,de5651f7-a4c0-4808-ad66-e3bdff44187a,2026-08-04T11:15:00Z,2026-08-04T13:15:00+0200,376.171,MW,DK2,DK_2,actual_solar_generation,Solar,2026-08-26T10:27:13Z
2026-08-26T10:01:57Z,2026-08-26T12:01:57+0200,de5651f7-a4c0-4808-ad66-e3bdff44187a,2026-08-04T11:30:00Z,2026-08-04T13:30:00+0200,493.044,MW,DK2,DK_2,actual_solar_generation,Solar,2026-08-26T10:27:13Z
2026-08-26T10:01:57Z,2026-08-26T12:01:57+0200,de5651f7-a4c0-4808-ad66-e3bdff44187a,2026-08-04T11:45:00Z,2026-08-04T13:45:00+0200,535.173,MW,DK2,DK_2,actual_solar_generation,Solar,2026-08-26T10:27:13Z
2026-08-26T10:01:57Z,2026-08-26T12:01:57+0200,de5651f7-a4c0-4808-ad66-e3bdff44187a,2026-08-04T12:00:00Z,2026-08-04T14:00:00+0200,524.846,MW,DK2,DK_2,actual_solar_generation,Solar,2026-08-26T10:27:13Z
2026-08-26T10:01:57Z,2026-08-26T12:01:57+0200,de5651f7-a4c0-4808-ad66-e3bdff44187a,2026-08-04T12:15:00Z,2026-08-04T14:15:00+0200,565.832,MW,DK2,DK_2,actual_solar_generation,Solar,2026-08-26T10:27:13Z
2026-08-26T10:01:57Z,2026-08-26T12:01:57+0200,de5651f7-a4c0-4808-ad66-e3bdff44187a,2026-08-04T12:30:00Z,2026-08-04T14:30:00+0200,725.61,MW,DK2,DK_2,actual_solar_generation,Solar,2026-08-26T10:27:13Z
2026-08-26T10:01:57Z,2026-08-26T12:01:57+0200,de5651f7-a4c0-4808-ad66-e3bdff44187a,2026-08-04T12:45:00Z,2026-08-04T14:45:00+0200,732.613,MW,DK2,DK_2,actual_solar_generation,Solar,2026-08-26T10:27:13Z
2026-08-26T10:01:57Z,2026-08-26T12:01:57+0200,de5651f7-a4c0-4808-ad66-e3bdff44187a,2026-08-04T13:00:00Z,2026-08-04T15:00:00+0200,740.982,MW,DK2,DK_2,actual_solar_generation,Solar,2026-08-26T10:27:13Z
2026-08-26T10:01:57Z,2026-08-26T12:01:57+0200,de5651f7-a4c0-4808-ad66-e3bdff44187a,2026-08-04T13:15:00Z,2026-08-04T15:15:00+0200,733.487,MW,DK2,DK_2,actual_solar_generation,Solar,2026-08-26T10:27:13Z
2026-08-26T10:01:57Z,2026-08-26T12:01:57+0200,de5651f7-a4c0-4808-ad66-e3bdff44187a,2026-08-04T13:30:00Z,2026-08-04T15:30:00+0200,714.186,MW,DK2,DK_2,actual_solar_generation,Solar,2026-08-26T10:27:13Z
2026-08-26T10:01:57Z,2026-08-26T12:01:57+0200,de5651f7-a4c0-4808-ad66-e3bdff44187a,2026-08-04T13:45:00Z,2026-08-04T15:45:00+0200,726.901,MW,DK2,DK_2,actual_solar_generation,Solar,2026-08-26T10:27:13Z
2026-08-26T10:01:57Z,2026-08-26T12:01:57+0200,de5651f7-a4c0-4808-ad66-e3bdff44187a,2026-08-04T14:00:00Z,2026-08-04T16:00:00+0200,797.313,MW,DK2,DK_2,actual_solar_generation,Solar,2026-08-26T10:27:13Z
2026-08-26T10:01:57Z,2026-08-26T12:01:57+0200,de5651f7-a4c0-4808-ad66-e3bdff44187a,2026-08-04T14:15:00Z,2026-08-04T16:15:00+0200,797.294,MW,DK2,DK_2,actual_solar_generation,Solar,2026-08-26T10:27:13Z
2026-08-26T10:01:57Z,2026-08-26T12:01:57+0200,de5651f7-a4c0-4808-ad66-e3bdff44187a,2026-08-04T14:30:00Z,2026-08-04T16:30:00+0200,765.225,MW,DK2,DK_2,actual_solar_generation,Solar,2026-08-26T10:27:13Z
2026-08-26T10:01:57Z,2026-08-26T12:01:57+0200,de5651f7-a4c0-4808-ad66-e3bdff44187a,2026-08-04T14:45:00Z,2026-08-04T16:45:00+0200,713.26,MW,DK2,DK_2,actual_solar_generation,Solar,2026-08-26T10:27:13Z
2026-08-26T10:01:57Z,2026-08-26T12:01:57+0200,de5651f7-a4c0-4808-ad66-e3bdff44187a,2026-08-04T15:00:00Z,2026-08-04T17:00:00+0200,679.837,MW,DK2,DK_2,actual_solar_generation,Solar,2026-08-26T10:27:13Z
2026-08-26T10:01:57Z,2026-08-26T12:01:57+0200,de5651f7-a4c0-4808-ad66-e3bdff44187a,2026-08-04T15:15:00Z,2026-08-04T17:15:00+0200,647.107,MW,DK2,DK_2,actual_solar_generation,Solar,2026-08-26T10:27:13Z
2026-08-26T10:01:57Z,2026-08-26T12:01:57+0200,de5651f7-a4c0-4808-ad66-e3bdff44187a,2026-08-04T15:30:00Z,2026-08-04T17:30:00+0200,605.402,MW,DK2,DK_2,actual_solar_generation,Solar,2026-08-26T10:27:13Z
2026-08-26T10:01:57Z,2026-08-26T12:01:57+0200,de5651f7-a4c0-4808-ad66-e3bdff44187a,2026-08-04T15:45:00Z,2026-08-04T17:45:00+0200,531.361,MW,DK2,DK_2,actual_solar_generation,Solar,2026-08-26T10:27:13Z
2026-08-26T10:01:57Z,2026-08-26T12:01:57+0200,de5651f7-a4c0-4808-ad66-e3bdff44187a,2026-08-04T16:00:00Z,2026-08-04T18:00:00+0200,470.326,MW,DK2,DK_2,actual_solar_generation,Solar,2026-08-26T10:27:13Z
2026-08-26T10:01:57Z,2026-08-26T12:01:57+0200,de5651f7-a4c0-4808-ad66-e3bdff44187a,2026-08-04T16:15:00Z,2026-08-04T18:15:00+0200,402.437,MW,DK2,DK_2,actual_solar_generation,Solar,2026-08-26T10:27:13Z
2026-08-26T10:01:57Z,2026-08-26T12:01:57+0200,de5651f7-a4c0-4808-ad66-e3bdff44187a,2026-08-04T16:30:00Z,2026-08-04T18:30:00+0200,333.559,MW,DK2,DK_2,actual_solar_generation,Solar,2026-08-26T10:27:13Z
2026-08-26T10:01:57Z,2026-08-26T12:01:57+0200,de5651f7-a4c0-4808-ad66-e3bdff44187a,2026-08-04T16:45:00Z,2026-08-04T18:45:00+0200,277.468,MW,DK2,DK_2,actual_solar_generation,Solar,2026-08-26T10:27:13Z
2026-08-26T10:01:57Z,2026-08-26T12:01:57+0200,de5651f7-a4c0-4808-ad66-e3bdff44187a,2026-08-04T17:00:00Z,2026-08-04T19:00:00+0200,220.258,MW,DK2,DK_2,actual_solar_generation,Solar,2026-08-26T10:27:13Z
2026-08-26T10:01:57Z,2026-08-26T12:01:57+0200,de5651f7-a4c0-4808-ad66-e3bdff44187a,2026-08-04T17:15:00Z,2026-08-04T19:15:00+0200,170.771,MW,DK2,DK_2,actual_solar_generation,Solar,2026-08-26T10:27:13Z
2026-08-26T10:01:57Z,2026-08-26T12:01:57+0200,de5651f7-a4c0-4808-ad66-e3bdff44187a,2026-08-04T17:30:00Z,2026-08-04T19:30:00+0200,124.208,MW,DK2,DK_2,actual_solar_generation,Solar,2026-08-26T10:27:13Z
2026-08-26T10:01:57Z,2026-08-26T12:01:57+0200,de5651f7-a4c0-4808-ad66-e3bdff44187a,2026-08-04T17:45:00Z,2026-08-04T19:45:00+0200,89.6679,MW,DK2,DK_2,actual_solar_generation,Solar,2026-08-26T10:27:13Z
2026-08-26T10:01:57Z,2026-08-26T12:01:57+0200,de5651f7-a4c0-4808-ad66-e3bdff44187a,2026-08-04T18:00:00Z,2026-08-04T20:00:00+0200,62.4684,MW,DK2,DK_2,actual_solar_generation,Solar,2026-08-26T10:27:13Z
2026-08-26T10:01:57Z,2026-08-26T12:01:57+0200,de5651f7-a4c0-4808-ad66-e3bdff44187a,2026-08-04T18:15:00Z,2026-08-04T20:15:00+0200,41.03,MW,DK2,DK_2,actual_solar_generation,Solar,2026-08-26T10:27:13Z
2026-08-26T10:01:57Z,2026-08-26T12:01:57+0200,de5651f7-a4c0-4808-ad66-e3bdff44187a,2026-08-04T18:30:00Z,2026-08-04T20:30:00+0200,23.6379,MW,DK2,DK_2,actual_solar_generation,Solar,2026-08-26T10:27:13Z
2026-08-26T10:01:57Z,2026-08-26T12:01:57+0200,de5651f7-a4c0-4808-ad66-e3bdff44187a,2026-08-04T18:45:00Z,2026-08-04T20:45:00+0200,10.3793,MW,DK2,DK_2,actual_solar_generation,Solar,2026-08-26T10:27:13Z
2026-08-26T10:01:57Z,2026-08-26T12:01:57+0200,de5651f7-a4c0-4808-ad66-e3bdff44187a,2026-08-04T19:00:00Z,2026-08-04T21:00:00+0200,1.28661,MW,DK2,DK_2,actual_solar_generation,Solar,2026-08-26T10:27:13Z
2026-08-26T10:01:57Z,2026-08-26T12:01:57+0200,de5651f7-a4c0-4808-ad66-e3bdff44187a,2026-08-04T19:15:00Z,2026-08-04T21:15:00+0200,0.0,MW,DK2,DK_2,actual_solar_generation,Solar,2026-08-26T10:27:13Z
2026-08-26T10:01:57Z,2026-08-26T12:01:57+0200,de5651f7-a4c0-4808-ad66-e3bdff44187a,2026-08-04T19:30:00Z,2026-08-04T21:30:00+0200,1.22868,MW,DK2,DK_2,actual_solar_generation,Solar,2026-08-26T10:27:13Z
2026-08-26T10:01:57Z,2026-08-26T12:01:57+0200,de5651f7-a4c0-4808-ad66-e3bdff44187a,2026-08-04T19:45:00Z,2026-08-04T21:45:00+0200,0.343047,MW,DK2,DK_2,actual_solar_generation,Solar,2026-08-26T10:27:13Z
2026-08-26T10:01:57Z,2026-08-26T12:01:57+0200,de5651f7-a4c0-4808-ad66-e3bdff44187a,2026-08-04T20:00:00Z,2026-08-04T22:00:00+0200,0.322656,MW,DK2,DK_2,actual_solar_generation,Solar,2026-08-26T10:27:13Z
2026-08-26T10:01:57Z,2026-08-26T12:01:57+0200,de5651f7-a4c0-4808-ad66-e3bdff44187a,2026-08-04T20:15:00Z,2026-08-04T22:15:00+0200,0.0,MW,DK2,DK_2,actual_solar_generation,Solar,2026-08-26T10:27:13Z
2026-08-26T10:01:57Z,2026-08-26T12:01:57+0200,de5651f7-a4c0-4808-ad66-e3bdff44187a,2026-08-04T20:30:00Z,2026-08-04T22:30:00+0200,0.0,MW,DK2,DK_2,actual_solar_generation,Solar,2026-08-26T10:27:13Z
2026-08-26T10:01:57Z,2026-08-26T12:01:57+0200,de5651f7-a4c0-4808-ad66-e3bdff44187a,2026-08-04T20:45:00Z,2026-08-04T22:45:00+0200,0.0,MW,DK2,DK_2,actual_solar_generation,Solar,2026-08-26T10:27:13Z
2026-08-26T10:01:57Z,2026-08-26T12:01:57+0200,de5651f7-a4c0-4808-ad66-e3bdff44187a,2026-08-04T21:00:00Z,2026-08-04T23:00:00+0200,0.0,MW,DK2,DK_2,actual_solar_generation,Solar,2026-08-26T10:27:13Z
2026-08-26T10:01:57Z,2026-08-26T12:01:57+0200,de5651f7-a4c0-4808-ad66-e3bdff44187a,2026-08-04T21:15:00Z,2026-08-04T23:15:00+0200,0.0,MW,DK2,DK_2,actual_solar_generation,Solar,2026-08-26T10:27:13Z
2026-08-26T10:01:57Z,2026-08-26T12:01:57+0200,de5651f7-a4c0-4808-ad66-e3bdff44187a,2026-08-04T21:30:00Z,2026-08-04T23:30:00+0200,0.0,MW,DK2,DK_2,actual_solar_generation,Solar,2026-08-26T10:27:13Z
2026-08-26T10:01:57Z,2026-08-26T12:01:57+0200,de5651f7-a4c0-4808-ad66-e3bdff44187a,2026-08-04T21:45:00Z,2026-08-04T23:45:00+0200,0.0,MW,DK2,DK_2,actual_solar_generation,Solar,2026-08-26T10:27:13Z
2026-08-26T10:01:57Z,2026-08-26T12:01:57+0200,de5651f7-a4c0-4808-ad66-e3bdff44187a,2026-08-04T22:00:00Z,2026-08-05T00:00:00+0200,0.0,MW,DK2,DK_2,actual_solar_generation,Solar,2026-08-26T10:27:13Z
2026-08-26T10:01:57Z,2026-08-26T12:01:57+0200,de5651f7-a4c0-4808-ad66-e3bdff44187a,2026-08-04T22:15:00Z,2026-08-05T00:15:00+0200,0.0,MW,DK2,DK_2,actual_solar_generation,Solar,2026-08-26T10:27:13Z
2026-08-26T10:01:57Z,2026-08-26T12:01:57+0200,de5651f7-a4c0-4808-ad66-e3bdff44187a,2026-08-04T22:30:00Z,2026-08-05T00:30:00+0200,0.0,MW,DK2,DK_2,actual_solar_generation,Solar,2026-08-26T10:27:13Z
2026-08-26T10:01:57Z,2026-08-26T12:01:57+0200,de5651f7-a4c0-4808-ad66-e3bdff44187a,2026-08-04T22:45:00Z,2026-08-05T00:45:00+0200,0.0,MW,DK2,DK_2,actual_solar_generation,Solar,2026-08-26T10:27:13Z
2026-08-26T10:01:57Z,2026-08-26T12:01:57+0200,de5651f7-a4c0-4808-ad66-e3bdff44187a,2026-08-04T23:00:00Z,2026-08-05T01:00:00+0200,0.0,MW,DK2,DK_2,actual_solar_generation,Solar,2026-08-26T10:27:13Z
2026-08-26T10:01:57Z,2026-08-26T12:01:57+0200,de5651f7-a4c0-4808-ad66-e3bdff44187a,2026-08-04T23:15:00Z,2026-08-05T01:15:00+0200,0.0,MW,DK2,DK_2,actual_solar_generation,Solar,2026-08-26T10:27:13Z
2026-08-26T10:01:57Z,2026-08-26T12:01:57+0200,de5651f7-a4c0-4808-ad66-e3bdff44187a,2026-08-04T23:30:00Z,2026-08-05T01:30:00+0200,0.0,MW,DK2,DK_2,actual_solar_generation,Solar,2026-08-26T10:27:13Z
2026-08-26T10:01:57Z,2026-08-26T12:01:57+0200,de5651f7-a4c0-4808-ad66-e3bdff44187a,2026-08-04T23:45:00Z,2026-08-05T01:45:00+0200,0.0,MW,DK2,DK_2,actual_solar_generation,Solar,2026-08-26T10:27:13Z
2026-08-26T10:01:57Z,2026-08-26T12:01:57+0200,de5651f7-a4c0-4808-ad66-e3bdff44187a,2026-08-05T00:00:00Z,2026-08-05T02:00:00+0200,0.0,MW,DK2,DK_2,actual_solar_generation,Solar,2026-08-26T10:27:13Z
2026-08-26T10:01:57Z,2026-08-26T12:01:57+0200,de5651f7-a4c0-4808-ad66-e3bdff44187a,2026-08-05T00:15:00Z,2026-08-05T02:15:00+0200,0.0,MW,DK2,DK_2,actual_solar_generation,Solar,2026-08-26T10:27:13Z
2026-08-26T10:01:57Z,2026-08-26T12:01:57+0200,de5651f7-a4c0-4808-ad66-e3bdff44187a,2026-08-05T00:30:00Z,2026-08-05T02:30:00+0200,0.0,MW,DK2,DK_2,actual_solar_generation,Solar,2026-08-26T10:27:13Z
2026-08-26T10:01:57Z,2026-08-26T12:01:57+0200,de5651f7-a4c0-4808-ad66-e3bdff44187a,2026-08-05T00:45:00Z,2026-08-05T02:45:00+0200,0.0,MW,DK2,DK_2,actual_solar_generation,Solar,2026-08-26T10:27:13Z
2026-08-26T10:01:57Z,2026-08-26T12:01:57+0200,de5651f7-a4c0-4808-ad66-e3bdff44187a,2026-08-05T01:00:00Z,2026-08-05T03:00:00+0200,0.0,MW,DK2,DK_2,actual_solar_generation,Solar,2026-08-26T10:27:13Z
2026-08-26T10:01:57Z,2026-08-26T12:01:57+0200,de5651f7-a4c0-4808-ad66-e3bdff44187a,2026-08-05T01:15:00Z,2026-08-05T03:15:00+0200,0.0,MW,DK2,DK_2,actual_solar_generation,Solar,2026-08-26T10:27:13Z
2026-08-26T10:01:57Z,2026-08-26T12:01:57+0200,de5651f7-a4c0-4808-ad66-e3bdff44187a,2026-08-05T01:30:00Z,2026-08-05T03:30:00+0200,0.0,MW,DK2,DK_2,actual_solar_generation,Solar,2026-08-26T10:27:13Z
2026-08-26T10:01:57Z,2026-08-26T12:01:57+0200,de5651f7-a4c0-4808-ad66-e3bdff44187a,2026-08-05T01:45:00Z,2026-08-05T03:45:00+0200,0.0,MW,DK2,DK_2,actual_solar_generation,Solar,2026-08-26T10:27:13Z
2026-08-26T10:01:57Z,2026-08-26T12:01:57+0200,de5651f7-a4c0-4808-ad66-e3bdff44187a,2026-08-05T02:00:00Z,2026-08-05T04:00:00+0200,0.0,MW,DK2,DK_2,actual_solar_generation,Solar,2026-08-26T10:27:13Z
2026-08-26T10:01:57Z,2026-08-26T12:01:57+0200,de5651f7-a4c0-4808-ad66-e3bdff44187a,2026-08-05T02:15:00Z,2026-08-05T04:15:00+0200,0.0,MW,DK2,DK_2,actual_solar_generation,Solar,2026-08-26T10:27:13Z
2026-08-26T10:01:57Z,2026-08-26T12:01:57+0200,de5651f7-a4c0-4808-ad66-e3bdff44187a,2026-08-05T02:30:00Z,2026-08-05T04:30:00+0200,0.0,MW,DK2,DK_2,actual_solar_generation,Solar,2026-08-26T10:27:13Z
2026-08-26T10:01:57Z,2026-08-26T12:01:57+0200,de5651f7-a4c0-4808-ad66-e3bdff44187a,2026-08-05T02:45:00Z,2026-08-05T04:45:00+0200,0.771642,MW,DK2,DK_2,actual_solar_generation,Solar,2026-08-26T10:27:13Z
2026-08-26T10:01:57Z,2026-08-26T12:01:57+0200,de5651f7-a4c0-4808-ad66-e3bdff44187a,2026-08-05T03:00:00Z,2026-08-05T05:00:00+0200,0.0,MW,DK2,DK_2,actual_solar_generation,Solar,2026-08-26T10:27:13Z
2026-08-26T10:01:57Z,2026-08-26T12:01:57+0200,de5651f7-a4c0-4808-ad66-e3bdff44187a,2026-08-05T03:15:00Z,2026-08-05T05:15:00+0200,0.700055,MW,DK2,DK_2,actual_solar_generation,Solar,2026-08-26T10:27:13Z
2026-08-26T10:01:57Z,2026-08-26T12:01:57+0200,de5651f7-a4c0-4808-ad66-e3bdff44187a,2026-08-05T03:30:00Z,2026-08-05T05:30:00+0200,0.0,MW,DK2,DK_2,actual_solar_generation,Solar,2026-08-26T10:27:13Z
2026-08-26T10:01:57Z,2026-08-26T12:01:57+0200,de5651f7-a4c0-4808-ad66-e3bdff44187a,2026-08-05T03:45:00Z,2026-08-05T05:45:00+0200,0.99121,MW,DK2,DK_2,actual_solar_generation,Solar,2026-08-26T10:27:13Z
2026-08-26T10:01:57Z,2026-08-26T12:01:57+0200,de5651f7-a4c0-4808-ad66-e3bdff44187a,2026-08-05T04:00:00Z,2026-08-05T06:00:00+0200,5.92574,MW,DK2,DK_2,actual_solar_generation,Solar,2026-08-26T10:27:13Z
2026-08-26T10:01:57Z,2026-08-26T12:01:57+0200,de5651f7-a4c0-4808-ad66-e3bdff44187a,2026-08-05T04:15:00Z,2026-08-05T06:15:00+0200,9.41146,MW,DK2,DK_2,actual_solar_generation,Solar,2026-08-26T10:27:13Z
2026-08-26T10:01:57Z,2026-08-26T12:01:57+0200,de5651f7-a4c0-4808-ad66-e3bdff44187a,2026-08-05T04:30:00Z,2026-08-05T06:30:00+0200,10.9458,MW,DK2,DK_2,actual_solar_generation,Solar,2026-08-26T10:27:13Z
2026-08-26T10:01:57Z,2026-08-26T12:01:57+0200,de5651f7-a4c0-4808-ad66-e3bdff44187a,2026-08-05T04:45:00Z,2026-08-05T06:45:00+0200,26.3091,MW,DK2,DK_2,actual_solar_generation,Solar,2026-08-26T10:27:13Z
2026-08-26T10:01:57Z,2026-08-26T12:01:57+0200,de5651f7-a4c0-4808-ad66-e3bdff44187a,2026-08-05T05:00:00Z,2026-08-05T07:00:00+0200,50.1792,MW,DK2,DK_2,actual_solar_generation,Solar,2026-08-26T10:27:13Z
2026-08-26T10:01:57Z,2026-08-26T12:01:57+0200,de5651f7-a4c0-4808-ad66-e3bdff44187a,2026-08-05T05:15:00Z,2026-08-05T07:15:00+0200,71.3374,MW,DK2,DK_2,actual_solar_generation,Solar,2026-08-26T10:27:13Z
2026-08-26T10:01:57Z,2026-08-26T12:01:57+0200,de5651f7-a4c0-4808-ad66-e3bdff44187a,2026-08-05T05:30:00Z,2026-08-05T07:30:00+0200,102.762,MW,DK2,DK_2,actual_solar_generation,Solar,2026-08-26T10:27:13Z
2026-08-26T10:01:57Z,2026-08-26T12:01:57+0200,de5651f7-a4c0-4808-ad66-e3bdff44187a,2026-08-05T05:45:00Z,2026-08-05T07:45:00+0200,142.817,MW,DK2,DK_2,actual_solar_generation,Solar,2026-08-26T10:27:13Z
2026-08-26T10:01:57Z,2026-08-26T12:01:57+0200,de5651f7-a4c0-4808-ad66-e3bdff44187a,2026-08-05T06:00:00Z,2026-08-05T08:00:00+0200,164.085,MW,DK2,DK_2,actual_solar_generation,Solar,2026-08-26T10:27:13Z
2026-08-26T10:01:57Z,2026-08-26T12:01:57+0200,de5651f7-a4c0-4808-ad66-e3bdff44187a,2026-08-05T06:15:00Z,2026-08-05T08:15:00+0200,185.134,MW,DK2,DK_2,actual_solar_generation,Solar,2026-08-26T10:27:13Z
2026-08-26T10:01:57Z,2026-08-26T12:01:57+0200,de5651f7-a4c0-4808-ad66-e3bdff44187a,2026-08-05T06:30:00Z,2026-08-05T08:30:00+0200,257.143,MW,DK2,DK_2,actual_solar_generation,Solar,2026-08-26T10:27:13Z
2026-08-26T10:01:57Z,2026-08-26T12:01:57+0200,de5651f7-a4c0-4808-ad66-e3bdff44187a,2026-08-05T06:45:00Z,2026-08-05T08:45:00+0200,317.176,MW,DK2,DK_2,actual_solar_generation,Solar,2026-08-26T10:27:13Z
2026-08-26T10:01:57Z,2026-08-26T12:01:57+0200,de5651f7-a4c0-4808-ad66-e3bdff44187a,2026-08-05T07:00:00Z,2026-08-05T09:00:00+0200,340.712,MW,DK2,DK_2,actual_solar_generation,Solar,2026-08-26T10:27:13Z
2026-08-26T10:01:57Z,2026-08-26T12:01:57+0200,de5651f7-a4c0-4808-ad66-e3bdff44187a,2026-08-05T07:15:00Z,2026-08-05T09:15:00+0200,508.505,MW,DK2,DK_2,actual_solar_generation,Solar,2026-08-26T10:27:13Z
2026-08-26T10:01:57Z,2026-08-26T12:01:57+0200,de5651f7-a4c0-4808-ad66-e3bdff44187a,2026-08-05T07:30:00Z,2026-08-05T09:30:00+0200,618.271,MW,DK2,DK_2,actual_solar_generation,Solar,2026-08-26T10:27:13Z
2026-08-26T10:01:57Z,2026-08-26T12:01:57+0200,de5651f7-a4c0-4808-ad66-e3bdff44187a,2026-08-05T07:45:00Z,2026-08-05T09:45:00+0200,645.659,MW,DK2,DK_2,actual_solar_generation,Solar,2026-08-26T10:27:13Z
2026-08-26T10:01:57Z,2026-08-26T12:01:57+0200,de5651f7-a4c0-4808-ad66-e3bdff44187a,2026-08-05T08:00:00Z,2026-08-05T10:00:00+0200,727.502,MW,DK2,DK_2,actual_solar_generation,Solar,2026-08-26T10:27:13Z
2026-08-26T10:01:57Z,2026-08-26T12:01:57+0200,de5651f7-a4c0-4808-ad66-e3bdff44187a,2026-08-05T08:15:00Z,2026-08-05T10:15:00+0200,776.526,MW,DK2,DK_2,actual_solar_generation,Solar,2026-08-26T10:27:13Z
2026-08-26T10:01:57Z,2026-08-26T12:01:57+0200,de5651f7-a4c0-4808-ad66-e3bdff44187a,2026-08-05T08:30:00Z,2026-08-05T10:30:00+0200,820.011,MW,DK2,DK_2,actual_solar_generation,Solar,2026-08-26T10:27:13Z
2026-08-26T10:01:57Z,2026-08-26T12:01:57+0200,de5651f7-a4c0-4808-ad66-e3bdff44187a,2026-08-05T08:45:00Z,2026-08-05T10:45:00+0200,884.93,MW,DK2,DK_2,actual_solar_generation,Solar,2026-08-26T10:27:13Z
2026-08-26T10:01:57Z,2026-08-26T12:01:57+0200,de5651f7-a4c0-4808-ad66-e3bdff44187a,2026-08-05T09:00:00Z,2026-08-05T11:00:00+0200,956.974,MW,DK2,DK_2,actual_solar_generation,Solar,2026-08-26T10:27:13Z
2026-08-26T10:01:57Z,2026-08-26T12:01:57+0200,de5651f7-a4c0-4808-ad66-e3bdff44187a,2026-08-05T09:15:00Z,2026-08-05T11:15:00+0200,1005.6,MW,DK2,DK_2,actual_solar_generation,Solar,2026-08-26T10:27:13Z
2026-08-26T10:01:57Z,2026-08-26T12:01:57+0200,de5651f7-a4c0-4808-ad66-e3bdff44187a,2026-08-05T09:30:00Z,2026-08-05T11:30:00+0200,1050.79,MW,DK2,DK_2,actual_solar_generation,Solar,2026-08-26T10:27:13Z
2026-08-26T10:01:57Z,2026-08-26T12:01:57+0200,de5651f7-a4c0-4808-ad66-e3bdff44187a,2026-08-05T09:45:00Z,2026-08-05T11:45:00+0200,1065.14,MW,DK2,DK_2,actual_solar_generation,Solar,2026-08-26T10:27:13Z
2026-08-26T10:01:57Z,2026-08-26T12:01:57+0200,de5651f7-a4c0-4808-ad66-e3bdff44187a,2026-08-05T10:00:00Z,2026-08-05T12:00:00+0200,1049.98,MW,DK2,DK_2,actual_solar_generation,Solar,2026-08-26T10:27:13Z
2026-08-26T10:01:57Z,2026-08-26T12:01:57+0200,de5651f7-a4c0-4808-ad66-e3bdff44187a,2026-08-05T10:15:00Z,2026-08-05T12:15:00+0200,1057.95,MW,DK2,DK_2,actual_solar_generation,Solar,2026-08-26T10:27:13Z
2026-08-26T10:01:57Z,2026-08-26T12:01:57+0200,de5651f7-a4c0-4808-ad66-e3bdff44187a,2026-08-05T10:30:00Z,2026-08-05T12:30:00+0200,990.666,MW,DK2,DK_2,actual_solar_generation,Solar,2026-08-26T10:27:13Z
2026-08-26T10:01:57Z,2026-08-26T12:01:57+0200,de5651f7-a4c0-4808-ad66-e3bdff44187a,2026-08-05T10:45:00Z,2026-08-05T12:45:00+0200,1062.34,MW,DK2,DK_2,actual_solar_generation,Solar,2026-08-26T10:27:13Z
2026-08-26T10:01:57Z,2026-08-26T12:01:57+0200,de5651f7-a4c0-4808-ad66-e3bdff44187a,2026-08-05T11:00:00Z,2026-08-05T13:00:00+0200,1098.72,MW,DK2,DK_2,actual_solar_generation,Solar,2026-08-26T10:27:13Z
2026-08-26T10:01:57Z,2026-08-26T12:01:57+0200,de5651f7-a4c0-4808-ad66-e3bdff44187a,2026-08-05T11:15:00Z,2026-08-05T13:15:00+0200,1071.98,MW,DK2,DK_2,actual_solar_generation,Solar,2026-08-26T10:27:13Z
2026-08-26T10:01:57Z,2026-08-26T12:01:57+0200,de5651f7-a4c0-4808-ad66-e3bdff44187a,2026-08-05T11:30:00Z,2026-08-05T13:30:00+0200,1011.53,MW,DK2,DK_2,actual_solar_generation,Solar,2026-08-26T10:27:13Z
2026-08-26T10:01:57Z,2026-08-26T12:01:57+0200,de5651f7-a4c0-4808-ad66-e3bdff44187a,2026-08-05T11:45:00Z,2026-08-05T13:45:00+0200,962.486,MW,DK2,DK_2,actual_solar_generation,Solar,2026-08-26T10:27:13Z
2026-08-26T10:01:57Z,2026-08-26T12:01:57+0200,de5651f7-a4c0-4808-ad66-e3bdff44187a,2026-08-05T12:00:00Z,2026-08-05T14:00:00+0200,933.67,MW,DK2,DK_2,actual_solar_generation,Solar,2026-08-26T10:27:13Z
2026-08-26T10:01:57Z,2026-08-26T12:01:57+0200,de5651f7-a4c0-4808-ad66-e3bdff44187a,2026-08-05T12:15:00Z,2026-08-05T14:15:00+0200,941.42,MW,DK2,DK_2,actual_solar_generation,Solar,2026-08-26T10:27:13Z
2026-08-26T10:01:57Z,2026-08-26T12:01:57+0200,de5651f7-a4c0-4808-ad66-e3bdff44187a,2026-08-05T12:30:00Z,2026-08-05T14:30:00+0200,937.387,MW,DK2,DK_2,actual_solar_generation,Solar,2026-08-26T10:27:13Z
2026-08-26T10:01:57Z,2026-08-26T12:01:57+0200,de5651f7-a4c0-4808-ad66-e3bdff44187a,2026-08-05T12:45:00Z,2026-08-05T14:45:00+0200,890.541,MW,DK2,DK_2,actual_solar_generation,Solar,2026-08-26T10:27:13Z
2026-08-26T10:01:57Z,2026-08-26T12:01:57+0200,de5651f7-a4c0-4808-ad66-e3bdff44187a,2026-08-05T13:00:00Z,2026-08-05T15:00:00+0200,871.21,MW,DK2,DK_2,actual_solar_generation,Solar,2026-08-26T10:27:13Z
2026-08-26T10:01:57Z,2026-08-26T12:01:57+0200,de5651f7-a4c0-4808-ad66-e3bdff44187a,2026-08-05T13:15:00Z,2026-08-05T15:15:00+0200,890.959,MW,DK2,DK_2,actual_solar_generation,Solar,2026-08-26T10:27:13Z
2026-08-26T10:01:57Z,2026-08-26T12:01:57+0200,de5651f7-a4c0-4808-ad66-e3bdff44187a,2026-08-05T13:30:00Z,2026-08-05T15:30:00+0200,903.262,MW,DK2,DK_2,actual_solar_generation,Solar,2026-08-26T10:27:13Z
2026-08-26T10:01:57Z,2026-08-26T12:01:57+0200,de5651f7-a4c0-4808-ad66-e3bdff44187a,2026-08-05T13:45:00Z,2026-08-05T15:45:00+0200,863.473,MW,DK2,DK_2,actual_solar_generation,Solar,2026-08-26T10:27:13Z
2026-08-26T10:01:57Z,2026-08-26T12:01:57+0200,de5651f7-a4c0-4808-ad66-e3bdff44187a,2026-08-05T14:00:00Z,2026-08-05T16:00:00+0200,808.943,MW,DK2,DK_2,actual_solar_generation,Solar,2026-08-26T10:27:13Z
2026-08-26T10:01:57Z,2026-08-26T12:01:57+0200,de5651f7-a4c0-4808-ad66-e3bdff44187a,2026-08-05T14:15:00Z,2026-08-05T16:15:00+0200,725.835,MW,DK2,DK_2,actual_solar_generation,Solar,2026-08-26T10:27:13Z
2026-08-26T10:01:57Z,2026-08-26T12:01:57+0200,de5651f7-a4c0-4808-ad66-e3bdff44187a,2026-08-05T14:30:00Z,2026-08-05T16:30:00+0200,717.198,MW,DK2,DK_2,actual_solar_generation,Solar,2026-08-26T10:27:13Z
2026-08-26T10:01:57Z,2026-08-26T12:01:57+0200,de5651f7-a4c0-4808-ad66-e3bdff44187a,2026-08-05T14:45:00Z,2026-08-05T16:45:00+0200,705.174,MW,DK2,DK_2,actual_solar_generation,Solar,2026-08-26T10:27:13Z
2026-08-26T10:01:57Z,2026-08-26T12:01:57+0200,de5651f7-a4c0-4808-ad66-e3bdff44187a,2026-08-05T15:00:00Z,2026-08-05T17:00:00+0200,673.622,MW,DK2,DK_2,actual_solar_generation,Solar,2026-08-26T10:27:13Z
2026-08-26T10:01:57Z,2026-08-26T12:01:57+0200,de5651f7-a4c0-4808-ad66-e3bdff44187a,2026-08-05T15:15:00Z,2026-08-05T17:15:00+0200,644.155,MW,DK2,DK_2,actual_solar_generation,Solar,2026-08-26T10:27:13Z
2026-08-26T10:01:57Z,2026-08-26T12:01:57+0200,de5651f7-a4c0-4808-ad66-e3bdff44187a,2026-08-05T15:30:00Z,2026-08-05T17:30:00+0200,613.737,MW,DK2,DK_2,actual_solar_generation,Solar,2026-08-26T10:27:13Z
2026-08-26T10:01:57Z,2026-08-26T12:01:57+0200,de5651f7-a4c0-4808-ad66-e3bdff44187a,2026-08-05T15:45:00Z,2026-08-05T17:45:00+0200,535.1,MW,DK2,DK_2,actual_solar_generation,Solar,2026-08-26T10:27:13Z
2026-08-26T10:01:57Z,2026-08-26T12:01:57+0200,de5651f7-a4c0-4808-ad66-e3bdff44187a,2026-08-05T16:00:00Z,2026-08-05T18:00:00+0200,468.044,MW,DK2,DK_2,actual_solar_generation,Solar,2026-08-26T10:27:13Z
2026-08-26T10:01:57Z,2026-08-26T12:01:57+0200,de5651f7-a4c0-4808-ad66-e3bdff44187a,2026-08-05T16:15:00Z,2026-08-05T18:15:00+0200,368.26,MW,DK2,DK_2,actual_solar_generation,Solar,2026-08-26T10:27:13Z
2026-08-26T10:01:57Z,2026-08-26T12:01:57+0200,de5651f7-a4c0-4808-ad66-e3bdff44187a,2026-08-05T16:30:00Z,2026-08-05T18:30:00+0200,339.314,MW,DK2,DK_2,actual_solar_generation,Solar,2026-08-26T10:27:13Z
2026-08-26T10:01:57Z,2026-08-26T12:01:57+0200,de5651f7-a4c0-4808-ad66-e3bdff44187a,2026-08-05T16:45:00Z,2026-08-05T18:45:00+0200,280.096,MW,DK2,DK_2,actual_solar_generation,Solar,2026-08-26T10:27:13Z
2026-08-26T10:01:57Z,2026-08-26T12:01:57+0200,de5651f7-a4c0-4808-ad66-e3bdff44187a,2026-08-05T17:00:00Z,2026-08-05T19:00:00+0200,220.449,MW,DK2,DK_2,actual_solar_generation,Solar,2026-08-26T10:27:13Z
2026-08-26T10:01:57Z,2026-08-26T12:01:57+0200,de5651f7-a4c0-4808-ad66-e3bdff44187a,2026-08-05T17:15:00Z,2026-08-05T19:15:00+0200,177.506,MW,DK2,DK_2,actual_solar_generation,Solar,2026-08-26T10:27:13Z
2026-08-26T10:01:57Z,2026-08-26T12:01:57+0200,de5651f7-a4c0-4808-ad66-e3bdff44187a,2026-08-05T17:30:00Z,2026-08-05T19:30:00+0200,132.826,MW,DK2,DK_2,actual_solar_generation,Solar,2026-08-26T10:27:13Z
2026-08-26T10:01:57Z,2026-08-26T12:01:57+0200,de5651f7-a4c0-4808-ad66-e3bdff44187a,2026-08-05T17:45:00Z,2026-08-05T19:45:00+0200,96.3602,MW,DK2,DK_2,actual_solar_generation,Solar,2026-08-26T10:27:13Z
2026-08-26T10:01:57Z,2026-08-26T12:01:57+0200,de5651f7-a4c0-4808-ad66-e3bdff44187a,2026-08-05T18:00:00Z,2026-08-05T20:00:00+0200,62.8389,MW,DK2,DK_2,actual_solar_generation,Solar,2026-08-26T10:27:13Z
2026-08-26T10:01:57Z,2026-08-26T12:01:57+0200,de5651f7-a4c0-4808-ad66-e3bdff44187a,2026-08-05T18:15:00Z,2026-08-05T20:15:00+0200,49.0668,MW,DK2,DK_2,actual_solar_generation,Solar,2026-08-26T10:27:13Z
2026-08-26T10:01:57Z,2026-08-26T12:01:57+0200,de5651f7-a4c0-4808-ad66-e3bdff44187a,2026-08-05T18:30:00Z,2026-08-05T20:30:00+0200,30.5901,MW,DK2,DK_2,actual_solar_generation,Solar,2026-08-26T10:27:13Z
2026-08-26T10:01:57Z,2026-08-26T12:01:57+0200,de5651f7-a4c0-4808-ad66-e3bdff44187a,2026-08-05T18:45:00Z,2026-08-05T20:45:00+0200,13.3581,MW,DK2,DK_2,actual_solar_generation,Solar,2026-08-26T10:27:13Z
2026-08-26T10:01:57Z,2026-08-26T12:01:57+0200,de5651f7-a4c0-4808-ad66-e3bdff44187a,2026-08-05T19:00:00Z,2026-08-05T21:00:00+0200,2.71185,MW,DK2,DK_2,actual_solar_generation,Solar,2026-08-26T10:27:13Z
2026-08-26T10:01:57Z,2026-08-26T12:01:57+0200,de5651f7-a4c0-4808-ad66-e3bdff44187a,2026-08-05T19:15:00Z,2026-08-05T21:15:00+0200,0.174622,MW,DK2,DK_2,actual_solar_generation,Solar,2026-08-26T10:27:13Z
2026-08-26T10:01:57Z,2026-08-26T12:01:57+0200,de5651f7-a4c0-4808-ad66-e3bdff44187a,2026-08-05T19:30:00Z,2026-08-05T21:30:00+0200,0.165794,MW,DK2,DK_2,actual_solar_generation,Solar,2026-08-26T10:27:13Z
2026-08-26T10:01:57Z,2026-08-26T12:01:57+0200,de5651f7-a4c0-4808-ad66-e3bdff44187a,2026-08-05T19:45:00Z,2026-08-05T21:45:00+0200,0.286092,MW,DK2,DK_2,actual_solar_generation,Solar,2026-08-26T10:27:13Z
2026-08-26T10:01:57Z,2026-08-26T12:01:57+0200,de5651f7-a4c0-4808-ad66-e3bdff44187a,2026-08-05T20:00:00Z,2026-08-05T22:00:00+0200,0.315675,MW,DK2,DK_2,actual_solar_generation,Solar,2026-08-26T10:27:13Z
2026-08-26T10:01:57Z,2026-08-26T12:01:57+0200,de5651f7-a4c0-4808-ad66-e3bdff44187a,2026-08-05T20:15:00Z,2026-08-05T22:15:00+0200,0.0,MW,DK2,DK_2,actual_solar_generation,Solar,2026-08-26T10:27:13Z
2026-08-26T10:01:57Z,2026-08-26T12:01:57+0200,de5651f7-a4c0-4808-ad66-e3bdff44187a,2026-08-05T20:30:00Z,2026-08-05T22:30:00+0200,0.0,MW,DK2,DK_2,actual_solar_generation,Solar,2026-08-26T10:27:13Z
2026-08-26T10:01:57Z,2026-08-26T12:01:57+0200,de5651f7-a4c0-4808-ad66-e3bdff44187a,2026-08-05T20:45:00Z,2026-08-05T22:45:00+0200,0.0,MW,DK2,DK_2,actual_solar_generation,Solar,2026-08-26T10:27:13Z
2026-08-26T10:01:57Z,2026-08-26T12:01:57+0200,de5651f7-a4c0-4808-ad66-e3bdff44187a,2026-08-05T21:00:00Z,2026-08-05T23:00:00+0200,0.0,MW,DK2,DK_2,actual_solar_generation,Solar,2026-08-26T10:27:13Z
2026-08-26T10:01:57Z,2026-08-26T12:01:57+0200,de5651f7-a4c0-4808-ad66-e3bdff44187a,2026-08-05T21:15:00Z,2026-08-05T23:15:00+0200,0.0,MW,DK2,DK_2,actual_solar_generation,Solar,2026-08-26T10:27:13Z
2026-08-26T10:01:57Z,2026-08-26T12:01:57+0200,de5651f7-a4c0-4808-ad66-e3bdff44187a,2026-08-05T21:30:00Z,2026-08-05T23:30:00+0200,0.0,MW,DK2,DK_2,actual_solar_generation,Solar,2026-08-26T10:27:13Z
2026-08-26T10:01:57Z,2026-08-26T12:01:57+0200,de5651f7-a4c0-4808-ad66-e3bdff44187a,2026-08-05T21:45:00Z,2026-08-05T23:45:00+0200,0.0,MW,DK2,DK_2,actual_solar_generation,Solar,2026-08-26T10:27:13Z
2026-08-26T10:01:57Z,2026-08-26T12:01:57+0200,de5651f7-a4c0-4808-ad66-e3bdff44187a,2026-08-05T22:00:00Z,2026-08-06T00:00:00+0200,0.0,MW,DK2,DK_2,actual_solar_generation,Solar,2026-08-26T10:27:13Z
2026-08-26T10:01:57Z,2026-08-26T12:01:57+0200,de5651f7-a4c0-4808-ad66-e3bdff44187a,2026-08-05T22:15:00Z,2026-08-06T00:15:00+0200,0.0,MW,DK2,DK_2,actual_solar_generation,Solar,2026-08-26T10:27:13Z
2026-08-26T10:01:57Z,2026-08-26T12:01:57+0200,de5651f7-a4c0-4808-ad66-e3bdff44187a,2026-08-05T22:30:00Z,2026-08-06T00:30:00+0200,0.0,MW,DK2,DK_2,actual_solar_generation,Solar,2026-08-26T10:27:13Z
2026-08-26T10:01:57Z,2026-08-26T12:01:57+0200,de5651f7-a4c0-4808-ad66-e3bdff44187a,2026-08-05T22:45:00Z,2026-08-06T00:45:00+0200,0.0,MW,DK2,DK_2,actual_solar_generation,Solar,2026-08-26T10:27:13Z
2026-08-26T10:01:57Z,2026-08-26T12:01:57+0200,de5651f7-a4c0-4808-ad66-e3bdff44187a,2026-08-05T23:00:00Z,2026-08-06T01:00:00+0200,0.0,MW,DK2,DK_2,actual_solar_generation,Solar,2026-08-26T10:27:13Z
2026-08-26T10:01:57Z,2026-08-26T12:01:57+0200,de5651f7-a4c0-4808-ad66-e3bdff44187a,2026-08-05T23:15:00Z,2026-08-06T01:15:00+0200,0.0,MW,DK2,DK_2,actual_solar_generation,Solar,2026-08-26T10:27:13Z
2026-08-26T10:01:57Z,2026-08-26T12:01:57+0200,de5651f7-a4c0-4808-ad66-e3bdff44187a,2026-08-05T23:30:00Z,2026-08-06T01:30:00+0200,0.0,MW,DK2,DK_2,actual_solar_generation,Solar,2026-08-26T10:27:13Z
2026-08-26T10:01:57Z,2026-08-26T12:01:57+0200,de5651f7-a4c0-4808-ad66-e3bdff44187a,2026-08-05T23:45:00Z,2026-08-06T01:45:00+0200,0.0,MW,DK2,DK_2,actual_solar_generation,Solar,2026-08-26T10:27:13Z
2026-08-26T10:01:57Z,2026-08-26T12:01:57+0200,de5651f7-a4c0-4808-ad66-e3bdff44187a,2026-08-06T00:00:00Z,2026-08-06T02:00:00+0200,0.0,MW,DK2,DK_2,actual_solar_generation,Solar,2026-08-26T10:27:13Z
2026-08-26T10:01:57Z,2026-08-26T12:01:57+0200,de5651f7-a4c0-4808-ad66-e3bdff44187a,2026-08-06T00:15:00Z,2026-08-06T02:15:00+0200,0.0,MW,DK2,DK_2,actual_solar_generation,Solar,2026-08-26T10:27:13Z
2026-08-26T10:01:57Z,2026-08-26T12:01:57+0200,de5651f7-a4c0-4808-ad66-e3bdff44187a,2026-08-06T00:30:00Z,2026-08-06T02:30:00+0200,0.0,MW,DK2,DK_2,actual_solar_generation,Solar,2026-08-26T10:27:13Z
2026-08-26T10:01:57Z,2026-08-26T12:01:57+0200,de5651f7-a4c0-4808-ad66-e3bdff44187a,2026-08-06T00:45:00Z,2026-08-06T02:45:00+0200,0.0,MW,DK2,DK_2,actual_solar_generation,Solar,2026-08-26T10:27:13Z
2026-08-26T10:01:57Z,2026-08-26T12:01:57+0200,de5651f7-a4c0-4808-ad66-e3bdff44187a,2026-08-06T01:00:00Z,2026-08-06T03:00:00+0200,0.0,MW,DK2,DK_2,actual_solar_generation,Solar,2026-08-26T10:27:13Z
2026-08-26T10:01:57Z,2026-08-26T12:01:57+0200,de5651f7-a4c0-4808-ad66-e3bdff44187a,2026-08-06T01:15:00Z,2026-08-06T03:15:00+0200,0.0,MW,DK2,DK_2,actual_solar_generation,Solar,2026-08-26T10:27:13Z
2026-08-26T10:01:57Z,2026-08-26T12:01:57+0200,de5651f7-a4c0-4808-ad66-e3bdff44187a,2026-08-06T01:30:00Z,2026-08-06T03:30:00+0200,0.0,MW,DK2,DK_2,actual_solar_generation,Solar,2026-08-26T10:27:13Z
2026-08-26T10:01:57Z,2026-08-26T12:01:57+0200,de5651f7-a4c0-4808-ad66-e3bdff44187a,2026-08-06T01:45:00Z,2026-08-06T03:45:00+0200,0.0,MW,DK2,DK_2,actual_solar_generation,Solar,2026-08-26T10:27:13Z
2026-08-26T10:01:57Z,2026-08-26T12:01:57+0200,de5651f7-a4c0-4808-ad66-e3bdff44187a,2026-08-06T02:00:00Z,2026-08-06T04:00:00+0200,0.0,MW,DK2,DK_2,actual_solar_generation,Solar,2026-08-26T10:27:13Z
2026-08-26T10:01:57Z,2026-08-26T12:01:57+0200,de5651f7-a4c0-4808-ad66-e3bdff44187a,2026-08-06T02:15:00Z,2026-08-06T04:15:00+0200,0.0,MW,DK2,DK_2,actual_solar_generation,Solar,2026-08-26T10:27:13Z
2026-08-26T10:01:57Z,2026-08-26T12:01:57+0200,de5651f7-a4c0-4808-ad66-e3bdff44187a,2026-08-06T02:30:00Z,2026-08-06T04:30:00+0200,0.0,MW,DK2,DK_2,actual_solar_generation,Solar,2026-08-26T10:27:13Z
2026-08-26T10:01:57Z,2026-08-26T12:01:57+0200,de5651f7-a4c0-4808-ad66-e3bdff44187a,2026-08-06T02:45:00Z,2026-08-06T04:45:00+0200,0.0,MW,DK2,DK_2,actual_solar_generation,Solar,2026-08-26T10:27:13Z
2026-08-26T10:01:57Z,2026-08-26T12:01:57+0200,de5651f7-a4c0-4808-ad66-e3bdff44187a,2026-08-06T03:00:00Z,2026-08-06T05:00:00+0200,0.0,MW,DK2,DK_2,actual_solar_generation,Solar,2026-08-26T10:27:13Z
2026-08-26T10:01:57Z,2026-08-26T12:01:57+0200,de5651f7-a4c0-4808-ad66-e3bdff44187a,2026-08-06T03:15:00Z,2026-08-06T05:15:00+0200,0.0,MW,DK2,DK_2,actual_solar_generation,Solar,2026-08-26T10:27:13Z
2026-08-26T10:01:57Z,2026-08-26T12:01:57+0200,de5651f7-a4c0-4808-ad66-e3bdff44187a,2026-08-06T03:30:00Z,2026-08-06T05:30:00+0200,3.09842,MW,DK2,DK_2,actual_solar_generation,Solar,2026-08-26T10:27:13Z
2026-08-26T10:01:57Z,2026-08-26T12:01:57+0200,de5651f7-a4c0-4808-ad66-e3bdff44187a,2026-08-06T03:45:00Z,2026-08-06T05:45:00+0200,13.7367,MW,DK2,DK_2,actual_solar_generation,Solar,2026-08-26T10:27:13Z
2026-08-26T10:01:57Z,2026-08-26T12:01:57+0200,de5651f7-a4c0-4808-ad66-e3bdff44187a,2026-08-06T04:00:00Z,2026-08-06T06:00:00+0200,27.9399,MW,DK2,DK_2,actual_solar_generation,Solar,2026-08-26T10:27:13Z
2026-08-26T10:01:57Z,2026-08-26T12:01:57+0200,de5651f7-a4c0-4808-ad66-e3bdff44187a,2026-08-06T04:15:00Z,2026-08-06T06:15:00+0200,45.9592,MW,DK2,DK_2,actual_solar_generation,Solar,2026-08-26T10:27:13Z
2026-08-26T10:01:57Z,2026-08-26T12:01:57+0200,de5651f7-a4c0-4808-ad66-e3bdff44187a,2026-08-06T04:30:00Z,2026-08-06T06:30:00+0200,67.5727,MW,DK2,DK_2,actual_solar_generation,Solar,2026-08-26T10:27:13Z
2026-08-26T10:01:57Z,2026-08-26T12:01:57+0200,de5651f7-a4c0-4808-ad66-e3bdff44187a,2026-08-06T04:45:00Z,2026-08-06T06:45:00+0200,93.942,MW,DK2,DK_2,actual_solar_generation,Solar,2026-08-26T10:27:13Z
2026-08-26T10:01:57Z,2026-08-26T12:01:57+0200,de5651f7-a4c0-4808-ad66-e3bdff44187a,2026-08-06T05:00:00Z,2026-08-06T07:00:00+0200,133.738,MW,DK2,DK_2,actual_solar_generation,Solar,2026-08-26T10:27:13Z
2026-08-26T10:01:57Z,2026-08-26T12:01:57+0200,de5651f7-a4c0-4808-ad66-e3bdff44187a,2026-08-06T05:15:00Z,2026-08-06T07:15:00+0200,131.251,MW,DK2,DK_2,actual_solar_generation,Solar,2026-08-26T10:27:13Z
2026-08-26T10:01:57Z,2026-08-26T12:01:57+0200,de5651f7-a4c0-4808-ad66-e3bdff44187a,2026-08-06T05:30:00Z,2026-08-06T07:30:00+0200,178.255,MW,DK2,DK_2,actual_solar_generation,Solar,2026-08-26T10:27:13Z
2026-08-26T10:01:57Z,2026-08-26T12:01:57+0200,de5651f7-a4c0-4808-ad66-e3bdff44187a,2026-08-06T05:45:00Z,2026-08-06T07:45:00+0200,231.255,MW,DK2,DK_2,actual_solar_generation,Solar,2026-08-26T10:27:13Z
2026-08-26T10:01:57Z,2026-08-26T12:01:57+0200,de5651f7-a4c0-4808-ad66-e3bdff44187a,2026-08-06T06:00:00Z,2026-08-06T08:00:00+0200,236.885,MW,DK2,DK_2,actual_solar_generation,Solar,2026-08-26T10:27:13Z
2026-08-26T10:01:57Z,2026-08-26T12:01:57+0200,de5651f7-a4c0-4808-ad66-e3bdff44187a,2026-08-06T06:15:00Z,2026-08-06T08:15:00+0200,255.952,MW,DK2,DK_2,actual_solar_generation,Solar,2026-08-26T10:27:13Z
2026-08-26T10:01:57Z,2026-08-26T12:01:57+0200,de5651f7-a4c0-4808-ad66-e3bdff44187a,2026-08-06T06:30:00Z,2026-08-06T08:30:00+0200,336.318,MW,DK2,DK_2,actual_solar_generation,Solar,2026-08-26T10:27:13Z
2026-08-26T10:01:57Z,2026-08-26T12:01:57+0200,de5651f7-a4c0-4808-ad66-e3bdff44187a,2026-08-06T06:45:00Z,2026-08-06T08:45:00+0200,473.787,MW,DK2,DK_2,actual_solar_generation,Solar,2026-08-26T10:27:13Z
2026-08-26T10:01:57Z,2026-08-26T12:01:57+0200,de5651f7-a4c0-4808-ad66-e3bdff44187a,2026-08-06T07:00:00Z,2026-08-06T09:00:00+0200,598.85,MW,DK2,DK_2,actual_solar_generation,Solar,2026-08-26T10:27:13Z
2026-08-26T10:01:57Z,2026-08-26T12:01:57+0200,de5651f7-a4c0-4808-ad66-e3bdff44187a,2026-08-06T07:15:00Z,2026-08-06T09:15:00+0200,698.904,MW,DK2,DK_2,actual_solar_generation,Solar,2026-08-26T10:27:13Z
2026-08-26T10:01:57Z,2026-08-26T12:01:57+0200,de5651f7-a4c0-4808-ad66-e3bdff44187a,2026-08-06T07:30:00Z,2026-08-06T09:30:00+0200,765.838,MW,DK2,DK_2,actual_solar_generation,Solar,2026-08-26T10:27:13Z
2026-08-26T10:01:57Z,2026-08-26T12:01:57+0200,de5651f7-a4c0-4808-ad66-e3bdff44187a,2026-08-06T07:45:00Z,2026-08-06T09:45:00+0200,825.049,MW,DK2,DK_2,actual_solar_generation,Solar,2026-08-26T10:27:13Z
2026-08-26T10:01:57Z,2026-08-26T12:01:57+0200,de5651f7-a4c0-4808-ad66-e3bdff44187a,2026-08-06T08:00:00Z,2026-08-06T10:00:00+0200,862.098,MW,DK2,DK_2,actual_solar_generation,Solar,2026-08-26T10:27:13Z
2026-08-26T10:01:57Z,2026-08-26T12:01:57+0200,de5651f7-a4c0-4808-ad66-e3bdff44187a,2026-08-06T08:15:00Z,2026-08-06T10:15:00+0200,855.196,MW,DK2,DK_2,actual_solar_generation,Solar,2026-08-26T10:27:13Z
2026-08-26T10:01:57Z,2026-08-26T12:01:57+0200,de5651f7-a4c0-4808-ad66-e3bdff44187a,2026-08-06T08:30:00Z,2026-08-06T10:30:00+0200,825.01,MW,DK2,DK_2,actual_solar_generation,Solar,2026-08-26T10:27:13Z
2026-08-26T10:01:57Z,2026-08-26T12:01:57+0200,de5651f7-a4c0-4808-ad66-e3bdff44187a,2026-08-06T08:45:00Z,2026-08-06T10:45:00+0200,875.493,MW,DK2,DK_2,actual_solar_generation,Solar,2026-08-26T10:27:13Z
2026-08-26T10:01:57Z,2026-08-26T12:01:57+0200,de5651f7-a4c0-4808-ad66-e3bdff44187a,2026-08-06T09:00:00Z,2026-08-06T11:00:00+0200,802.731,MW,DK2,DK_2,actual_solar_generation,Solar,2026-08-26T10:27:13Z
2026-08-26T10:01:57Z,2026-08-26T12:01:57+0200,de5651f7-a4c0-4808-ad66-e3bdff44187a,2026-08-06T09:15:00Z,2026-08-06T11:15:00+0200,781.711,MW,DK2,DK_2,actual_solar_generation,Solar,2026-08-26T10:27:13Z
2026-08-26T10:01:57Z,2026-08-26T12:01:57+0200,de5651f7-a4c0-4808-ad66-e3bdff44187a,2026-08-06T09:30:00Z,2026-08-06T11:30:00+0200,891.293,MW,DK2,DK_2,actual_solar_generation,Solar,2026-08-26T10:27:13Z
2026-08-26T10:01:57Z,2026-08-26T12:01:57+0200,de5651f7-a4c0-4808-ad66-e3bdff44187a,2026-08-06T09:45:00Z,2026-08-06T11:45:00+0200,806.884,MW,DK2,DK_2,actual_solar_generation,Solar,2026-08-26T10:27:13Z
2026-08-26T10:01:57Z,2026-08-26T12:01:57+0200,de5651f7-a4c0-4808-ad66-e3bdff44187a,2026-08-06T10:00:00Z,2026-08-06T12:00:00+0200,762.969,MW,DK2,DK_2,actual_solar_generation,Solar,2026-08-26T10:27:13Z
2026-08-26T10:01:57Z,2026-08-26T12:01:57+0200,de5651f7-a4c0-4808-ad66-e3bdff44187a,2026-08-06T10:15:00Z,2026-08-06T12:15:00+0200,782.498,MW,DK2,DK_2,actual_solar_generation,Solar,2026-08-26T10:27:13Z
2026-08-26T10:01:57Z,2026-08-26T12:01:57+0200,de5651f7-a4c0-4808-ad66-e3bdff44187a,2026-08-06T10:30:00Z,2026-08-06T12:30:00+0200,788.624,MW,DK2,DK_2,actual_solar_generation,Solar,2026-08-26T10:27:13Z
2026-08-26T10:01:57Z,2026-08-26T12:01:57+0200,de5651f7-a4c0-4808-ad66-e3bdff44187a,2026-08-06T10:45:00Z,2026-08-06T12:45:00+0200,850.493,MW,DK2,DK_2,actual_solar_generation,Solar,2026-08-26T10:27:13Z
2026-08-26T10:01:57Z,2026-08-26T12:01:57+0200,de5651f7-a4c0-4808-ad66-e3bdff44187a,2026-08-06T11:00:00Z,2026-08-06T13:00:00+0200,808.026,MW,DK2,DK_2,actual_solar_generation,Solar,2026-08-26T10:27:13Z
2026-08-26T10:01:57Z,2026-08-26T12:01:57+0200,de5651f7-a4c0-4808-ad66-e3bdff44187a,2026-08-06T11:15:00Z,2026-08-06T13:15:00+0200,739.573,MW,DK2,DK_2,actual_solar_generation,Solar,2026-08-26T10:27:13Z
2026-08-26T10:01:57Z,2026-08-26T12:01:57+0200,de5651f7-a4c0-4808-ad66-e3bdff44187a,2026-08-06T11:30:00Z,2026-08-06T13:30:00+0200,684.586,MW,DK2,DK_2,actual_solar_generation,Solar,2026-08-26T10:27:13Z
2026-08-26T10:01:57Z,2026-08-26T12:01:57+0200,de5651f7-a4c0-4808-ad66-e3bdff44187a,2026-08-06T11:45:00Z,2026-08-06T13:45:00+0200,748.607,MW,DK2,DK_2,actual_solar_generation,Solar,2026-08-26T10:27:13Z
2026-08-26T10:01:57Z,2026-08-26T12:01:57+0200,de5651f7-a4c0-4808-ad66-e3bdff44187a,2026-08-06T12:00:00Z,2026-08-06T14:00:00+0200,832.226,MW,DK2,DK_2,actual_solar_generation,Solar,2026-08-26T10:27:13Z
2026-08-26T10:01:57Z,2026-08-26T12:01:57+0200,de5651f7-a4c0-4808-ad66-e3bdff44187a,2026-08-06T12:15:00Z,2026-08-06T14:15:00+0200,777.223,MW,DK2,DK_2,actual_solar_generation,Solar,2026-08-26T10:27:13Z
2026-08-26T10:01:57Z,2026-08-26T12:01:57+0200,de5651f7-a4c0-4808-ad66-e3bdff44187a,2026-08-06T12:30:00Z,2026-08-06T14:30:00+0200,796.603,MW,DK2,DK_2,actual_solar_generation,Solar,2026-08-26T10:27:13Z
2026-08-26T10:01:57Z,2026-08-26T12:01:57+0200,de5651f7-a4c0-4808-ad66-e3bdff44187a,2026-08-06T12:45:00Z,2026-08-06T14:45:00+0200,850.905,MW,DK2,DK_2,actual_solar_generation,Solar,2026-08-26T10:27:13Z
2026-08-26T10:01:57Z,2026-08-26T12:01:57+0200,de5651f7-a4c0-4808-ad66-e3bdff44187a,2026-08-06T13:00:00Z,2026-08-06T15:00:00+0200,818.585,MW,DK2,DK_2,actual_solar_generation,Solar,2026-08-26T10:27:13Z
2026-08-26T10:01:57Z,2026-08-26T12:01:57+0200,de5651f7-a4c0-4808-ad66-e3bdff44187a,2026-08-06T13:15:00Z,2026-08-06T15:15:00+0200,771.171,MW,DK2,DK_2,actual_solar_generation,Solar,2026-08-26T10:27:13Z
2026-08-26T10:01:57Z,2026-08-26T12:01:57+0200,de5651f7-a4c0-4808-ad66-e3bdff44187a,2026-08-06T13:30:00Z,2026-08-06T15:30:00+0200,794.524,MW,DK2,DK_2,actual_solar_generation,Solar,2026-08-26T10:27:13Z
2026-08-26T10:01:57Z,2026-08-26T12:01:57+0200,de5651f7-a4c0-4808-ad66-e3bdff44187a,2026-08-06T13:45:00Z,2026-08-06T15:45:00+0200,756.974,MW,DK2,DK_2,actual_solar_generation,Solar,2026-08-26T10:27:13Z
2026-08-26T10:01:57Z,2026-08-26T12:01:57+0200,de5651f7-a4c0-4808-ad66-e3bdff44187a,2026-08-06T14:00:00Z,2026-08-06T16:00:00+0200,616.649,MW,DK2,DK_2,actual_solar_generation,Solar,2026-08-26T10:27:13Z
2026-08-26T10:01:57Z,2026-08-26T12:01:57+0200,de5651f7-a4c0-4808-ad66-e3bdff44187a,2026-08-06T14:15:00Z,2026-08-06T16:15:00+0200,565.97,MW,DK2,DK_2,actual_solar_generation,Solar,2026-08-26T10:27:13Z
2026-08-26T10:01:57Z,2026-08-26T12:01:57+0200,de5651f7-a4c0-4808-ad66-e3bdff44187a,2026-08-06T14:30:00Z,2026-08-06T16:30:00+0200,592.589,MW,DK2,DK_2,actual_solar_generation,Solar,2026-08-26T10:27:13Z
2026-08-26T10:01:57Z,2026-08-26T12:01:57+0200,de5651f7-a4c0-4808-ad66-e3bdff44187a,2026-08-06T14:45:00Z,2026-08-06T16:45:00+0200,632.571,MW,DK2,DK_2,actual_solar_generation,Solar,2026-08-26T10:27:13Z
2026-08-26T10:01:57Z,2026-08-26T12:01:57+0200,de5651f7-a4c0-4808-ad66-e3bdff44187a,2026-08-06T15:00:00Z,2026-08-06T17:00:00+0200,542.678,MW,DK2,DK_2,actual_solar_generation,Solar,2026-08-26T10:27:13Z
2026-08-26T10:01:57Z,2026-08-26T12:01:57+0200,de5651f7-a4c0-4808-ad66-e3bdff44187a,2026-08-06T15:15:00Z,2026-08-06T17:15:00+0200,468.065,MW,DK2,DK_2,actual_solar_generation,Solar,2026-08-26T10:27:13Z
2026-08-26T10:01:57Z,2026-08-26T12:01:57+0200,de5651f7-a4c0-4808-ad66-e3bdff44187a,2026-08-06T15:30:00Z,2026-08-06T17:30:00+0200,421.986,MW,DK2,DK_2,actual_solar_generation,Solar,2026-08-26T10:27:13Z
2026-08-26T10:01:57Z,2026-08-26T12:01:57+0200,de5651f7-a4c0-4808-ad66-e3bdff44187a,2026-08-06T15:45:00Z,2026-08-06T17:45:00+0200,337.399,MW,DK2,DK_2,actual_solar_generation,Solar,2026-08-26T10:27:13Z
2026-08-26T10:01:57Z,2026-08-26T12:01:57+0200,de5651f7-a4c0-4808-ad66-e3bdff44187a,2026-08-06T16:00:00Z,2026-08-06T18:00:00+0200,274.969,MW,DK2,DK_2,actual_solar_generation,Solar,2026-08-26T10:27:13Z
2026-08-26T10:01:57Z,2026-08-26T12:01:57+0200,de5651f7-a4c0-4808-ad66-e3bdff44187a,2026-08-06T16:15:00Z,2026-08-06T18:15:00+0200,241.182,MW,DK2,DK_2,actual_solar_generation,Solar,2026-08-26T10:27:13Z
2026-08-26T10:01:57Z,2026-08-26T12:01:57+0200,de5651f7-a4c0-4808-ad66-e3bdff44187a,2026-08-06T16:30:00Z,2026-08-06T18:30:00+0200,240.849,MW,DK2,DK_2,actual_solar_generation,Solar,2026-08-26T10:27:13Z
2026-08-26T10:01:57Z,2026-08-26T12:01:57+0200,de5651f7-a4c0-4808-ad66-e3bdff44187a,2026-08-06T16:45:00Z,2026-08-06T18:45:00+0200,189.096,MW,DK2,DK_2,actual_solar_generation,Solar,2026-08-26T10:27:13Z
2026-08-26T10:01:57Z,2026-08-26T12:01:57+0200,de5651f7-a4c0-4808-ad66-e3bdff44187a,2026-08-06T17:00:00Z,2026-08-06T19:00:00+0200,175.93,MW,DK2,DK_2,actual_solar_generation,Solar,2026-08-26T10:27:13Z
2026-08-26T10:01:57Z,2026-08-26T12:01:57+0200,de5651f7-a4c0-4808-ad66-e3bdff44187a,2026-08-06T17:15:00Z,2026-08-06T19:15:00+0200,136.912,MW,DK2,DK_2,actual_solar_generation,Solar,2026-08-26T10:27:13Z
2026-08-26T10:01:57Z,2026-08-26T12:01:57+0200,de5651f7-a4c0-4808-ad66-e3bdff44187a,2026-08-06T17:30:00Z,2026-08-06T19:30:00+0200,108.337,MW,DK2,DK_2,actual_solar_generation,Solar,2026-08-26T10:27:13Z
2026-08-26T10:01:57Z,2026-08-26T12:01:57+0200,de5651f7-a4c0-4808-ad66-e3bdff44187a,2026-08-06T17:45:00Z,2026-08-06T19:45:00+0200,81.1496,MW,DK2,DK_2,actual_solar_generation,Solar,2026-08-26T10:27:13Z
2026-08-26T10:01:57Z,2026-08-26T12:01:57+0200,de5651f7-a4c0-4808-ad66-e3bdff44187a,2026-08-06T18:00:00Z,2026-08-06T20:00:00+0200,51.1054,MW,DK2,DK_2,actual_solar_generation,Solar,2026-08-26T10:27:13Z
2026-08-26T10:01:57Z,2026-08-26T12:01:57+0200,de5651f7-a4c0-4808-ad66-e3bdff44187a,2026-08-06T18:15:00Z,2026-08-06T20:15:00+0200,35.2853,MW,DK2,DK_2,actual_solar_generation,Solar,2026-08-26T10:27:13Z
2026-08-26T10:01:57Z,2026-08-26T12:01:57+0200,de5651f7-a4c0-4808-ad66-e3bdff44187a,2026-08-06T18:30:00Z,2026-08-06T20:30:00+0200,20.2386,MW,DK2,DK_2,actual_solar_generation,Solar,2026-08-26T10:27:13Z
2026-08-26T10:01:57Z,2026-08-26T12:01:57+0200,de5651f7-a4c0-4808-ad66-e3bdff44187a,2026-08-06T18:45:00Z,2026-08-06T20:45:00+0200,9.33405,MW,DK2,DK_2,actual_solar_generation,Solar,2026-08-26T10:27:13Z
2026-08-26T10:01:57Z,2026-08-26T12:01:57+0200,de5651f7-a4c0-4808-ad66-e3bdff44187a,2026-08-06T19:00:00Z,2026-08-06T21:00:00+0200,1.30526,MW,DK2,DK_2,actual_solar_generation,Solar,2026-08-26T10:27:13Z
2026-08-26T10:01:57Z,2026-08-26T12:01:57+0200,de5651f7-a4c0-4808-ad66-e3bdff44187a,2026-08-06T19:15:00Z,2026-08-06T21:15:00+0200,0.131822,MW,DK2,DK_2,actual_solar_generation,Solar,2026-08-26T10:27:13Z
2026-08-26T10:01:57Z,2026-08-26T12:01:57+0200,de5651f7-a4c0-4808-ad66-e3bdff44187a,2026-08-06T19:30:00Z,2026-08-06T21:30:00+0200,0.0,MW,DK2,DK_2,actual_solar_generation,Solar,2026-08-26T10:27:13Z
2026-08-26T10:01:57Z,2026-08-26T12:01:57+0200,de5651f7-a4c0-4808-ad66-e3bdff44187a,2026-08-06T19:45:00Z,2026-08-06T21:45:00+0200,0.154739,MW,DK2,DK_2,actual_solar_generation,Solar,2026-08-26T10:27:13Z
2026-08-26T10:01:57Z,2026-08-26T12:01:57+0200,de5651f7-a4c0-4808-ad66-e3bdff44187a,2026-08-06T20:00:00Z,2026-08-06T22:00:00+0200,0.163025,MW,DK2,DK_2,actual_solar_generation,Solar,2026-08-26T10:27:13Z
2026-08-26T10:01:57Z,2026-08-26T12:01:57+0200,de5651f7-a4c0-4808-ad66-e3bdff44187a,2026-08-06T20:15:00Z,2026-08-06T22:15:00+0200,0.0,MW,DK2,DK_2,actual_solar_generation,Solar,2026-08-26T10:27:13Z
2026-08-26T10:01:57Z,2026-08-26T12:01:57+0200,de5651f7-a4c0-4808-ad66-e3bdff44187a,2026-08-06T20:30:00Z,2026-08-06T22:30:00+0200,0.0,MW,DK2,DK_2,actual_solar_generation,Solar,2026-08-26T10:27:13Z
2026-08-26T10:01:57Z,2026-08-26T12:01:57+0200,de5651f7-a4c0-4808-ad66-e3bdff44187a,2026-08-06T20:45:00Z,2026-08-06T22:45:00+0200,0.0,MW,DK2,DK_2,actual_solar_generation,Solar,2026-08-26T10:27:13Z
2026-08-26T10:01:57Z,2026-08-26T12:01:57+0200,de5651f7-a4c0-4808-ad66-e3bdff44187a,2026-08-06T21:00:00Z,2026-08-06T23:00:00+0200,0.0,MW,DK2,DK_2,actual_solar_generation,Solar,2026-08-26T10:27:13Z
2026-08-26T10:01:57Z,2026-08-26T12:01:57+0200,de5651f7-a4c0-4808-ad66-e3bdff44187a,2026-08-06T21:15:00Z,2026-08-06T23:15:00+0200,0.0,MW,DK2,DK_2,actual_solar_generation,Solar,2026-08-26T10:27:13Z
2026-08-26T10:01:57Z,2026-08-26T12:01:57+0200,de5651f7-a4c0-4808-ad66-e3bdff44187a,2026-08-06T21:30:00Z,2026-08-06T23:30:00+0200,0.0,MW,DK2,DK_2,actual_solar_generation,Solar,2026-08-26T10:27:13Z
2026-08-26T10:01:57Z,2026-08-26T12:01:57+0200,de5651f7-a4c0-4808-ad66-e3bdff44187a,2026-08-06T21:45:00Z,2026-08-06T23:45:00+0200,0.0,MW,DK2,DK_2,actual_solar_generation,Solar,2026-08-26T10:27:13Z
2026-08-26T10:01:57Z,2026-08-26T12:01:57+0200,de5651f7-a4c0-4808-ad66-e3bdff44187a,2026-08-06T22:00:00Z,2026-08-07T00:00:00+0200,0.0,MW,DK2,DK_2,actual_solar_generation,Solar,2026-08-26T10:27:13Z
2026-08-26T10:01:57Z,2026-08-26T12:01:57+0200,de5651f7-a4c0-4808-ad66-e3bdff44187a,2026-08-06T22:15:00Z,2026-08-07T00:15:00+0200,0.0,MW,DK2,DK_2,actual_solar_generation,Solar,2026-08-26T10:27:13Z
2026-08-26T10:01:57Z,2026-08-26T12:01:57+0200,de5651f7-a4c0-4808-ad66-e3bdff44187a,2026-08-06T22:30:00Z,2026-08-07T00:30:00+0200,0.0,MW,DK2,DK_2,actual_solar_generation,Solar,2026-08-26T10:27:13Z
2026-08-26T10:01:57Z,2026-08-26T12:01:57+0200,de5651f7-a4c0-4808-ad66-e3bdff44187a,2026-08-06T22:45:00Z,2026-08-07T00:45:00+0200,0.0,MW,DK2,DK_2,actual_solar_generation,Solar,2026-08-26T10:27:13Z
2026-08-26T10:01:57Z,2026-08-26T12:01:57+0200,de5651f7-a4c0-4808-ad66-e3bdff44187a,2026-08-06T23:00:00Z,2026-08-07T01:00:00+0200,0.0,MW,DK2,DK_2,actual_solar_generation,Solar,2026-08-26T10:27:13Z
2026-08-26T10:01:57Z,2026-08-26T12:01:57+0200,de5651f7-a4c0-4808-ad66-e3bdff44187a,2026-08-06T23:15:00Z,2026-08-07T01:15:00+0200,0.0,MW,DK2,DK_2,actual_solar_generation,Solar,2026-08-26T10:27:13Z
2026-08-26T10:01:57Z,2026-08-26T12:01:57+0200,de5651f7-a4c0-4808-ad66-e3bdff44187a,2026-08-06T23:30:00Z,2026-08-07T01:30:00+0200,0.0,MW,DK2,DK_2,actual_solar_generation,Solar,2026-08-26T10:27:13Z
2026-08-26T10:01:57Z,2026-08-26T12:01:57+0200,de5651f7-a4c0-4808-ad66-e3bdff44187a,2026-08-06T23:45:00Z,2026-08-07T01:45:00+0200,0.0,MW,DK2,DK_2,actual_solar_generation,Solar,2026-08-26T10:27:13Z
2026-08-26T10:01:57Z,2026-08-26T12:01:57+0200,de5651f7-a4c0-4808-ad66-e3bdff44187a,2026-08-07T00:00:00Z,2026-08-07T02:00:00+0200,0.0,MW,DK2,DK_2,actual_solar_generation,Solar,2026-08-26T10:27:13Z
2026-08-26T10:01:57Z,2026-08-26T12:01:57+0200,de5651f7-a4c0-4808-ad66-e3bdff44187a,2026-08-07T00:15:00Z,2026-08-07T02:15:00+0200,0.0,MW,DK2,DK_2,actual_solar_generation,Solar,2026-08-26T10:27:13Z
2026-08-26T10:01:57Z,2026-08-26T12:01:57+0200,de5651f7-a4c0-4808-ad66-e3bdff44187a,2026-08-07T00:30:00Z,2026-08-07T02:30:00+0200,0.0,MW,DK2,DK_2,actual_solar_generation,Solar,2026-08-26T10:27:13Z
2026-08-26T10:01:57Z,2026-08-26T12:01:57+0200,de5651f7-a4c0-4808-ad66-e3bdff44187a,2026-08-07T00:45:00Z,2026-08-07T02:45:00+0200,0.0,MW,DK2,DK_2,actual_solar_generation,Solar,2026-08-26T10:27:13Z
2026-08-26T10:01:57Z,2026-08-26T12:01:57+0200,de5651f7-a4c0-4808-ad66-e3bdff44187a,2026-08-07T01:00:00Z,2026-08-07T03:00:00+0200,0.0,MW,DK2,DK_2,actual_solar_generation,Solar,2026-08-26T10:27:13Z
2026-08-26T10:01:57Z,2026-08-26T12:01:57+0200,de5651f7-a4c0-4808-ad66-e3bdff44187a,2026-08-07T01:15:00Z,2026-08-07T03:15:00+0200,0.0,MW,DK2,DK_2,actual_solar_generation,Solar,2026-08-26T10:27:13Z
2026-08-26T10:01:57Z,2026-08-26T12:01:57+0200,de5651f7-a4c0-4808-ad66-e3bdff44187a,2026-08-07T01:30:00Z,2026-08-07T03:30:00+0200,0.0,MW,DK2,DK_2,actual_solar_generation,Solar,2026-08-26T10:27:13Z
2026-08-26T10:01:57Z,2026-08-26T12:01:57+0200,de5651f7-a4c0-4808-ad66-e3bdff44187a,2026-08-07T01:45:00Z,2026-08-07T03:45:00+0200,0.0,MW,DK2,DK_2,actual_solar_generation,Solar,2026-08-26T10:27:13Z
2026-08-26T10:01:57Z,2026-08-26T12:01:57+0200,de5651f7-a4c0-4808-ad66-e3bdff44187a,2026-08-07T02:00:00Z,2026-08-07T04:00:00+0200,0.0,MW,DK2,DK_2,actual_solar_generation,Solar,2026-08-26T10:27:13Z
2026-08-26T10:01:57Z,2026-08-26T12:01:57+0200,de5651f7-a4c0-4808-ad66-e3bdff44187a,2026-08-07T02:15:00Z,2026-08-07T04:15:00+0200,0.0,MW,DK2,DK_2,actual_solar_generation,Solar,2026-08-26T10:27:13Z
2026-08-26T10:01:57Z,2026-08-26T12:01:57+0200,de5651f7-a4c0-4808-ad66-e3bdff44187a,2026-08-07T02:30:00Z,2026-08-07T04:30:00+0200,0.0,MW,DK2,DK_2,actual_solar_generation,Solar,2026-08-26T10:27:13Z
2026-08-26T10:01:57Z,2026-08-26T12:01:57+0200,de5651f7-a4c0-4808-ad66-e3bdff44187a,2026-08-07T02:45:00Z,2026-08-07T04:45:00+0200,0.0,MW,DK2,DK_2,actual_solar_generation,Solar,2026-08-26T10:27:13Z
2026-08-26T10:01:57Z,2026-08-26T12:01:57+0200,de5651f7-a4c0-4808-ad66-e3bdff44187a,2026-08-07T03:00:00Z,2026-08-07T05:00:00+0200,0.0,MW,DK2,DK_2,actual_solar_generation,Solar,2026-08-26T10:27:13Z
2026-08-26T10:01:57Z,2026-08-26T12:01:57+0200,de5651f7-a4c0-4808-ad66-e3bdff44187a,2026-08-07T03:15:00Z,2026-08-07T05:15:00+0200,0.0,MW,DK2,DK_2,actual_solar_generation,Solar,2026-08-26T10:27:13Z
2026-08-26T10:01:57Z,2026-08-26T12:01:57+0200,de5651f7-a4c0-4808-ad66-e3bdff44187a,2026-08-07T03:30:00Z,2026-08-07T05:30:00+0200,1.04707,MW,DK2,DK_2,actual_solar_generation,Solar,2026-08-26T10:27:13Z
2026-08-26T10:01:57Z,2026-08-26T12:01:57+0200,de5651f7-a4c0-4808-ad66-e3bdff44187a,2026-08-07T03:45:00Z,2026-08-07T05:45:00+0200,9.83826,MW,DK2,DK_2,actual_solar_generation,Solar,2026-08-26T10:27:13Z
2026-08-26T10:01:57Z,2026-08-26T12:01:57+0200,de5651f7-a4c0-4808-ad66-e3bdff44187a,2026-08-07T04:00:00Z,2026-08-07T06:00:00+0200,23.6535,MW,DK2,DK_2,actual_solar_generation,Solar,2026-08-26T10:27:13Z
2026-08-26T10:01:57Z,2026-08-26T12:01:57+0200,de5651f7-a4c0-4808-ad66-e3bdff44187a,2026-08-07T04:15:00Z,2026-08-07T06:15:00+0200,43.7384,MW,DK2,DK_2,actual_solar_generation,Solar,2026-08-26T10:27:13Z
2026-08-26T10:01:57Z,2026-08-26T12:01:57+0200,de5651f7-a4c0-4808-ad66-e3bdff44187a,2026-08-07T04:30:00Z,2026-08-07T06:30:00+0200,71.7765,MW,DK2,DK_2,actual_solar_generation,Solar,2026-08-26T10:27:13Z
2026-08-26T10:01:57Z,2026-08-26T12:01:57+0200,de5651f7-a4c0-4808-ad66-e3bdff44187a,2026-08-07T04:45:00Z,2026-08-07T06:45:00+0200,94.326,MW,DK2,DK_2,actual_solar_generation,Solar,2026-08-26T10:27:13Z
2026-08-26T10:01:57Z,2026-08-26T12:01:57+0200,de5651f7-a4c0-4808-ad66-e3bdff44187a,2026-08-07T05:00:00Z,2026-08-07T07:00:00+0200,113.388,MW,DK2,DK_2,actual_solar_generation,Solar,2026-08-26T10:27:13Z
2026-08-26T10:01:57Z,2026-08-26T12:01:57+0200,de5651f7-a4c0-4808-ad66-e3bdff44187a,2026-08-07T05:15:00Z,2026-08-07T07:15:00+0200,147.564,MW,DK2,DK_2,actual_solar_generation,Solar,2026-08-26T10:27:13Z
2026-08-26T10:01:57Z,2026-08-26T12:01:57+0200,de5651f7-a4c0-4808-ad66-e3bdff44187a,2026-08-07T05:30:00Z,2026-08-07T07:30:00+0200,164.457,MW,DK2,DK_2,actual_solar_generation,Solar,2026-08-26T10:27:13Z
2026-08-26T10:01:57Z,2026-08-26T12:01:57+0200,de5651f7-a4c0-4808-ad66-e3bdff44187a,2026-08-07T05:45:00Z,2026-08-07T07:45:00+0200,215.958,MW,DK2,DK_2,actual_solar_generation,Solar,2026-08-26T10:27:13Z
2026-08-26T10:01:57Z,2026-08-26T12:01:57+0200,de5651f7-a4c0-4808-ad66-e3bdff44187a,2026-08-07T06:00:00Z,2026-08-07T08:00:00+0200,267.288,MW,DK2,DK_2,actual_solar_generation,Solar,2026-08-26T10:27:13Z
2026-08-26T10:01:57Z,2026-08-26T12:01:57+0200,de5651f7-a4c0-4808-ad66-e3bdff44187a,2026-08-07T06:15:00Z,2026-08-07T08:15:00+0200,308.808,MW,DK2,DK_2,actual_solar_generation,Solar,2026-08-26T10:27:13Z
2026-08-26T10:01:57Z,2026-08-26T12:01:57+0200,de5651f7-a4c0-4808-ad66-e3bdff44187a,2026-08-07T06:30:00Z,2026-08-07T08:30:00+0200,277.82,MW,DK2,DK_2,actual_solar_generation,Solar,2026-08-26T10:27:13Z
2026-08-26T10:01:57Z,2026-08-26T12:01:57+0200,de5651f7-a4c0-4808-ad66-e3bdff44187a,2026-08-07T06:45:00Z,2026-08-07T08:45:00+0200,271.128,MW,DK2,DK_2,actual_solar_generation,Solar,2026-08-26T10:27:13Z
2026-08-26T10:01:57Z,2026-08-26T12:01:57+0200,de5651f7-a4c0-4808-ad66-e3bdff44187a,2026-08-07T07:00:00Z,2026-08-07T09:00:00+0200,259.532,MW,DK2,DK_2,actual_solar_generation,Solar,2026-08-26T10:27:13Z
2026-08-26T10:01:57Z,2026-08-26T12:01:57+0200,de5651f7-a4c0-4808-ad66-e3bdff44187a,2026-08-07T07:15:00Z,2026-08-07T09:15:00+0200,273.254,MW,DK2,DK_2,actual_solar_generation,Solar,2026-08-26T10:27:13Z
2026-08-26T10:01:57Z,2026-08-26T12:01:57+0200,de5651f7-a4c0-4808-ad66-e3bdff44187a,2026-08-07T07:30:00Z,2026-08-07T09:30:00+0200,312.205,MW,DK2,DK_2,actual_solar_generation,Solar,2026-08-26T10:27:13Z
2026-08-26T10:01:57Z,2026-08-26T12:01:57+0200,de5651f7-a4c0-4808-ad66-e3bdff44187a,2026-08-07T07:45:00Z,2026-08-07T09:45:00+0200,305.702,MW,DK2,DK_2,actual_solar_generation,Solar,2026-08-26T10:27:13Z
2026-08-26T10:01:57Z,2026-08-26T12:01:57+0200,de5651f7-a4c0-4808-ad66-e3bdff44187a,2026-08-07T08:00:00Z,2026-08-07T10:00:00+0200,334.506,MW,DK2,DK_2,actual_solar_generation,Solar,2026-08-26T10:27:13Z
2026-08-26T10:01:57Z,2026-08-26T12:01:57+0200,de5651f7-a4c0-4808-ad66-e3bdff44187a,2026-08-07T08:15:00Z,2026-08-07T10:15:00+0200,390.029,MW,DK2,DK_2,actual_solar_generation,Solar,2026-08-26T10:27:13Z
2026-08-26T10:01:57Z,2026-08-26T12:01:57+0200,de5651f7-a4c0-4808-ad66-e3bdff44187a,2026-08-07T08:30:00Z,2026-08-07T10:30:00+0200,445.342,MW,DK2,DK_2,actual_solar_generation,Solar,2026-08-26T10:27:13Z
2026-08-26T10:01:57Z,2026-08-26T12:01:57+0200,de5651f7-a4c0-4808-ad66-e3bdff44187a,2026-08-07T08:45:00Z,2026-08-07T10:45:00+0200,486.814,MW,DK2,DK_2,actual_solar_generation,Solar,2026-08-26T10:27:13Z
2026-08-26T10:01:57Z,2026-08-26T12:01:57+0200,de5651f7-a4c0-4808-ad66-e3bdff44187a,2026-08-07T09:00:00Z,2026-08-07T11:00:00+0200,519.611,MW,DK2,DK_2,actual_solar_generation,Solar,2026-08-26T10:27:13Z
2026-08-26T10:01:57Z,2026-08-26T12:01:57+0200,de5651f7-a4c0-4808-ad66-e3bdff44187a,2026-08-07T09:15:00Z,2026-08-07T11:15:00+0200,535.956,MW,DK2,DK_2,actual_solar_generation,Solar,2026-08-26T10:27:13Z
2026-08-26T10:01:57Z,2026-08-26T12:01:57+0200,de5651f7-a4c0-4808-ad66-e3bdff44187a,2026-08-07T09:30:00Z,2026-08-07T11:30:00+0200,440.637,MW,DK2,DK_2,actual_solar_generation,Solar,2026-08-26T10:27:13Z
2026-08-26T10:01:57Z,2026-08-26T12:01:57+0200,de5651f7-a4c0-4808-ad66-e3bdff44187a,2026-08-07T09:45:00Z,2026-08-07T11:45:00+0200,430.147,MW,DK2,DK_2,actual_solar_generation,Solar,2026-08-26T10:27:13Z
2026-08-26T10:01:57Z,2026-08-26T12:01:57+0200,de5651f7-a4c0-4808-ad66-e3bdff44187a,2026-08-07T10:00:00Z,2026-08-07T12:00:00+0200,500.269,MW,DK2,DK_2,actual_solar_generation,Solar,2026-08-26T10:27:13Z
2026-08-26T10:01:57Z,2026-08-26T12:01:57+0200,de5651f7-a4c0-4808-ad66-e3bdff44187a,2026-08-07T10:15:00Z,2026-08-07T12:15:00+0200,577.72,MW,DK2,DK_2,actual_solar_generation,Solar,2026-08-26T10:27:13Z
2026-08-26T10:01:57Z,2026-08-26T12:01:57+0200,de5651f7-a4c0-4808-ad66-e3bdff44187a,2026-08-07T10:30:00Z,2026-08-07T12:30:00+0200,625.822,MW,DK2,DK_2,actual_solar_generation,Solar,2026-08-26T10:27:13Z
2026-08-26T10:01:57Z,2026-08-26T12:01:57+0200,de5651f7-a4c0-4808-ad66-e3bdff44187a,2026-08-07T10:45:00Z,2026-08-07T12:45:00+0200,540.84,MW,DK2,DK_2,actual_solar_generation,Solar,2026-08-26T10:27:13Z
2026-08-26T10:01:57Z,2026-08-26T12:01:57+0200,de5651f7-a4c0-4808-ad66-e3bdff44187a,2026-08-07T11:00:00Z,2026-08-07T13:00:00+0200,547.312,MW,DK2,DK_2,actual_solar_generation,Solar,2026-08-26T10:27:13Z
2026-08-26T10:01:57Z,2026-08-26T12:01:57+0200,de5651f7-a4c0-4808-ad66-e3bdff44187a,2026-08-07T11:15:00Z,2026-08-07T13:15:00+0200,558.333,MW,DK2,DK_2,actual_solar_generation,Solar,2026-08-26T10:27:13Z
2026-08-26T10:01:57Z,2026-08-26T12:01:57+0200,de5651f7-a4c0-4808-ad66-e3bdff44187a,2026-08-07T11:30:00Z,2026-08-07T13:30:00+0200,660.003,MW,DK2,DK_2,actual_solar_generation,Solar,2026-08-26T10:27:13Z
2026-08-26T10:01:57Z,2026-08-26T12:01:57+0200,de5651f7-a4c0-4808-ad66-e3bdff44187a,2026-08-07T11:45:00Z,2026-08-07T13:45:00+0200,653.669,MW,DK2,DK_2,actual_solar_generation,Solar,2026-08-26T10:27:13Z
2026-08-26T10:01:57Z,2026-08-26T12:01:57+0200,de5651f7-a4c0-4808-ad66-e3bdff44187a,2026-08-07T12:00:00Z,2026-08-07T14:00:00+0200,650.687,MW,DK2,DK_2,actual_solar_generation,Solar,2026-08-26T10:27:13Z
2026-08-26T10:01:57Z,2026-08-26T12:01:57+0200,de5651f7-a4c0-4808-ad66-e3bdff44187a,2026-08-07T12:15:00Z,2026-08-07T14:15:00+0200,690.434,MW,DK2,DK_2,actual_solar_generation,Solar,2026-08-26T10:27:13Z
2026-08-26T10:01:57Z,2026-08-26T12:01:57+0200,de5651f7-a4c0-4808-ad66-e3bdff44187a,2026-08-07T12:30:00Z,2026-08-07T14:30:00+0200,710.601,MW,DK2,DK_2,actual_solar_generation,Solar,2026-08-26T10:27:13Z
2026-08-26T10:01:57Z,2026-08-26T12:01:57+0200,de5651f7-a4c0-4808-ad66-e3bdff44187a,2026-08-07T12:45:00Z,2026-08-07T14:45:00+0200,687.636,MW,DK2,DK_2,actual_solar_generation,Solar,2026-08-26T10:27:13Z
2026-08-26T10:01:57Z,2026-08-26T12:01:57+0200,de5651f7-a4c0-4808-ad66-e3bdff44187a,2026-08-07T13:00:00Z,2026-08-07T15:00:00+0200,620.95,MW,DK2,DK_2,actual_solar_generation,Solar,2026-08-26T10:27:13Z
2026-08-26T10:01:57Z,2026-08-26T12:01:57+0200,de5651f7-a4c0-4808-ad66-e3bdff44187a,2026-08-07T13:15:00Z,2026-08-07T15:15:00+0200,682.574,MW,DK2,DK_2,actual_solar_generation,Solar,2026-08-26T10:27:13Z
2026-08-26T10:01:57Z,2026-08-26T12:01:57+0200,de5651f7-a4c0-4808-ad66-e3bdff44187a,2026-08-07T13:30:00Z,2026-08-07T15:30:00+0200,722.538,MW,DK2,DK_2,actual_solar_generation,Solar,2026-08-26T10:27:13Z
2026-08-26T10:01:57Z,2026-08-26T12:01:57+0200,de5651f7-a4c0-4808-ad66-e3bdff44187a,2026-08-07T13:45:00Z,2026-08-07T15:45:00+0200,660.726,MW,DK2,DK_2,actual_solar_generation,Solar,2026-08-26T10:27:13Z
2026-08-26T10:01:57Z,2026-08-26T12:01:57+0200,de5651f7-a4c0-4808-ad66-e3bdff44187a,2026-08-07T14:00:00Z,2026-08-07T16:00:00+0200,649.961,MW,DK2,DK_2,actual_solar_generation,Solar,2026-08-26T10:27:13Z
2026-08-26T10:01:57Z,2026-08-26T12:01:57+0200,de5651f7-a4c0-4808-ad66-e3bdff44187a,2026-08-07T14:15:00Z,2026-08-07T16:15:00+0200,609.909,MW,DK2,DK_2,actual_solar_generation,Solar,2026-08-26T10:27:13Z
2026-08-26T10:01:57Z,2026-08-26T12:01:57+0200,de5651f7-a4c0-4808-ad66-e3bdff44187a,2026-08-07T14:30:00Z,2026-08-07T16:30:00+0200,552.714,MW,DK2,DK_2,actual_solar_generation,Solar,2026-08-26T10:27:13Z
2026-08-26T10:01:57Z,2026-08-26T12:01:57+0200,de5651f7-a4c0-4808-ad66-e3bdff44187a,2026-08-07T14:45:00Z,2026-08-07T16:45:00+0200,521.073,MW,DK2,DK_2,actual_solar_generation,Solar,2026-08-26T10:27:13Z
2026-08-26T10:01:57Z,2026-08-26T12:01:57+0200,de5651f7-a4c0-4808-ad66-e3bdff44187a,2026-08-07T15:00:00Z,2026-08-07T17:00:00+0200,457.668,MW,DK2,DK_2,actual_solar_generation,Solar,2026-08-26T10:27:13Z
2026-08-26T10:01:57Z,2026-08-26T12:01:57+0200,de5651f7-a4c0-4808-ad66-e3bdff44187a,2026-08-07T15:15:00Z,2026-08-07T17:15:00+0200,477.822,MW,DK2,DK_2,actual_solar_generation,Solar,2026-08-26T10:27:13Z
2026-08-26T10:01:57Z,2026-08-26T12:01:57+0200,de5651f7-a4c0-4808-ad66-e3bdff44187a,2026-08-07T15:30:00Z,2026-08-07T17:30:00+0200,442.882,MW,DK2,DK_2,actual_solar_generation,Solar,2026-08-26T10:27:13Z
2026-08-26T10:01:57Z,2026-08-26T12:01:57+0200,de5651f7-a4c0-4808-ad66-e3bdff44187a,2026-08-07T15:45:00Z,2026-08-07T17:45:00+0200,438.722,MW,DK2,DK_2,actual_solar_generation,Solar,2026-08-26T10:27:13Z
2026-08-26T10:01:57Z,2026-08-26T12:01:57+0200,de5651f7-a4c0-4808-ad66-e3bdff44187a,2026-08-07T16:00:00Z,2026-08-07T18:00:00+0200,381.308,MW,DK2,DK_2,actual_solar_generation,Solar,2026-08-26T10:27:13Z
2026-08-26T10:01:57Z,2026-08-26T12:01:57+0200,de5651f7-a4c0-4808-ad66-e3bdff44187a,2026-08-07T16:15:00Z,2026-08-07T18:15:00+0200,361.199,MW,DK2,DK_2,actual_solar_generation,Solar,2026-08-26T10:27:13Z
2026-08-26T10:01:57Z,2026-08-26T12:01:57+0200,de5651f7-a4c0-4808-ad66-e3bdff44187a,2026-08-07T16:30:00Z,2026-08-07T18:30:00+0200,308.816,MW,DK2,DK_2,actual_solar_generation,Solar,2026-08-26T10:27:13Z
2026-08-26T10:01:57Z,2026-08-26T12:01:57+0200,de5651f7-a4c0-4808-ad66-e3bdff44187a,2026-08-07T16:45:00Z,2026-08-07T18:45:00+0200,272.452,MW,DK2,DK_2,actual_solar_generation,Solar,2026-08-26T10:27:13Z
2026-08-26T10:01:57Z,2026-08-26T12:01:57+0200,de5651f7-a4c0-4808-ad66-e3bdff44187a,2026-08-07T17:00:00Z,2026-08-07T19:00:00+0200,216.401,MW,DK2,DK_2,actual_solar_generation,Solar,2026-08-26T10:27:13Z
2026-08-26T10:01:57Z,2026-08-26T12:01:57+0200,de5651f7-a4c0-4808-ad66-e3bdff44187a,2026-08-07T17:15:00Z,2026-08-07T19:15:00+0200,163.91,MW,DK2,DK_2,actual_solar_generation,Solar,2026-08-26T10:27:13Z
2026-08-26T10:01:57Z,2026-08-26T12:01:57+0200,de5651f7-a4c0-4808-ad66-e3bdff44187a,2026-08-07T17:30:00Z,2026-08-07T19:30:00+0200,113.454,MW,DK2,DK_2,actual_solar_generation,Solar,2026-08-26T10:27:13Z
2026-08-26T10:01:57Z,2026-08-26T12:01:57+0200,de5651f7-a4c0-4808-ad66-e3bdff44187a,2026-08-07T17:45:00Z,2026-08-07T19:45:00+0200,75.2936,MW,DK2,DK_2,actual_solar_generation,Solar,2026-08-26T10:27:13Z
2026-08-26T10:01:57Z,2026-08-26T12:01:57+0200,de5651f7-a4c0-4808-ad66-e3bdff44187a,2026-08-07T18:00:00Z,2026-08-07T20:00:00+0200,54.4232,MW,DK2,DK_2,actual_solar_generation,Solar,2026-08-26T10:27:13Z
2026-08-26T10:01:57Z,2026-08-26T12:01:57+0200,de5651f7-a4c0-4808-ad66-e3bdff44187a,2026-08-07T18:15:00Z,2026-08-07T20:15:00+0200,35.2902,MW,DK2,DK_2,actual_solar_generation,Solar,2026-08-26T10:27:13Z
2026-08-26T10:01:57Z,2026-08-26T12:01:57+0200,de5651f7-a4c0-4808-ad66-e3bdff44187a,2026-08-07T18:30:00Z,2026-08-07T20:30:00+0200,14.7641,MW,DK2,DK_2,actual_solar_generation,Solar,2026-08-26T10:27:13Z
2026-08-26T10:01:57Z,2026-08-26T12:01:57+0200,de5651f7-a4c0-4808-ad66-e3bdff44187a,2026-08-07T18:45:00Z,2026-08-07T20:45:00+0200,9.64983,MW,DK2,DK_2,actual_solar_generation,Solar,2026-08-26T10:27:13Z
2026-08-26T10:01:57Z,2026-08-26T12:01:57+0200,de5651f7-a4c0-4808-ad66-e3bdff44187a,2026-08-07T19:00:00Z,2026-08-07T21:00:00+0200,1.06222,MW,DK2,DK_2,actual_solar_generation,Solar,2026-08-26T10:27:13Z
2026-08-26T10:01:57Z,2026-08-26T12:01:57+0200,de5651f7-a4c0-4808-ad66-e3bdff44187a,2026-08-07T19:15:00Z,2026-08-07T21:15:00+0200,0.037018,MW,DK2,DK_2,actual_solar_generation,Solar,2026-08-26T10:27:13Z
2026-08-26T10:01:57Z,2026-08-26T12:01:57+0200,de5651f7-a4c0-4808-ad66-e3bdff44187a,2026-08-07T19:30:00Z,2026-08-07T21:30:00+0200,0.27506,MW,DK2,DK_2,actual_solar_generation,Solar,2026-08-26T10:27:13Z
2026-08-26T10:01:57Z,2026-08-26T12:01:57+0200,de5651f7-a4c0-4808-ad66-e3bdff44187a,2026-08-07T19:45:00Z,2026-08-07T21:45:00+0200,0.305307,MW,DK2,DK_2,actual_solar_generation,Solar,2026-08-26T10:27:13Z
2026-08-26T10:01:57Z,2026-08-26T12:01:57+0200,de5651f7-a4c0-4808-ad66-e3bdff44187a,2026-08-07T20:00:00Z,2026-08-07T22:00:00+0200,0.256289,MW,DK2,DK_2,actual_solar_generation,Solar,2026-08-26T10:27:13Z
2026-08-26T10:01:57Z,2026-08-26T12:01:57+0200,de5651f7-a4c0-4808-ad66-e3bdff44187a,2026-08-07T20:15:00Z,2026-08-07T22:15:00+0200,0.0,MW,DK2,DK_2,actual_solar_generation,Solar,2026-08-26T10:27:13Z
2026-08-26T10:01:57Z,2026-08-26T12:01:57+0200,de5651f7-a4c0-4808-ad66-e3bdff44187a,2026-08-07T20:30:00Z,2026-08-07T22:30:00+0200,0.0,MW,DK2,DK_2,actual_solar_generation,Solar,2026-08-26T10:27:13Z
2026-08-26T10:01:57Z,2026-08-26T12:01:57+0200,de5651f7-a4c0-4808-ad66-e3bdff44187a,2026-08-07T20:45:00Z,2026-08-07T22:45:00+0200,0.0,MW,DK2,DK_2,actual_solar_generation,Solar,2026-08-26T10:27:13Z
2026-08-26T10:01:57Z,2026-08-26T12:01:57+0200,de5651f7-a4c0-4808-ad66-e3bdff44187a,2026-08-07T21:00:00Z,2026-08-07T23:00:00+0200,0.0,MW,DK2,DK_2,actual_solar_generation,Solar,2026-08-26T10:27:13Z
2026-08-26T10:01:57Z,2026-08-26T12:01:57+0200,de5651f7-a4c0-4808-ad66-e3bdff44187a,2026-08-07T21:15:00Z,2026-08-07T23:15:00+0200,0.0,MW,DK2,DK_2,actual_solar_generation,Solar,2026-08-26T10:27:13Z
2026-08-26T10:01:57Z,2026-08-26T12:01:57+0200,de5651f7-a4c0-4808-ad66-e3bdff44187a,2026-08-07T21:30:00Z,2026-08-07T23:30:00+0200,0.0,MW,DK2,DK_2,actual_solar_generation,Solar,2026-08-26T10:27:13Z
2026-08-26T10:01:57Z,2026-08-26T12:01:57+0200,de5651f7-a4c0-4808-ad66-e3bdff44187a,2026-08-07T21:45:00Z,2026-08-07T23:45:00+0200,0.0,MW,DK2,DK_2,actual_solar_generation,Solar,2026-08-26T10:27:13Z
2026-08-26T10:01:57Z,2026-08-26T12:01:57+0200,de5651f7-a4c0-4808-ad66-e3bdff44187a,2026-08-07T22:00:00Z,2026-08-08T00:00:00+0200,0.0,MW,DK2,DK_2,actual_solar_generation,Solar,2026-08-26T10:27:13Z
2026-08-26T10:01:57Z,2026-08-26T12:01:57+0200,de5651f7-a4c0-4808-ad66-e3bdff44187a,2026-08-07T22:15:00Z,2026-08-08T00:15:00+0200,0.0,MW,DK2,DK_2,actual_solar_generation,Solar,2026-08-26T10:27:13Z
2026-08-26T10:01:57Z,2026-08-26T12:01:57+0200,de5651f7-a4c0-4808-ad66-e3bdff44187a,2026-08-07T22:30:00Z,2026-08-08T00:30:00+0200,0.0,MW,DK2,DK_2,actual_solar_generation,Solar,2026-08-26T10:27:13Z
2026-08-26T10:01:57Z,2026-08-26T12:01:57+0200,de5651f7-a4c0-4808-ad66-e3bdff44187a,2026-08-07T22:45:00Z,2026-08-08T00:45:00+0200,0.0,MW,DK2,DK_2,actual_solar_generation,Solar,2026-08-26T10:27:13Z
2026-08-26T10:01:57Z,2026-08-26T12:01:57+0200,de5651f7-a4c0-4808-ad66-e3bdff44187a,2026-08-07T23:00:00Z,2026-08-08T01:00:00+0200,0.0,MW,DK2,DK_2,actual_solar_generation,Solar,2026-08-26T10:27:13Z
2026-08-26T10:01:57Z,2026-08-26T12:01:57+0200,de5651f7-a4c0-4808-ad66-e3bdff44187a,2026-08-07T23:15:00Z,2026-08-08T01:15:00+0200,0.0,MW,DK2,DK_2,actual_solar_generation,Solar,2026-08-26T10:27:13Z
2026-08-26T10:01:57Z,2026-08-26T12:01:57+0200,de5651f7-a4c0-4808-ad66-e3bdff44187a,2026-08-07T23:30:00Z,2026-08-08T01:30:00+0200,0.0,MW,DK2,DK_2,actual_solar_generation,Solar,2026-08-26T10:27:13Z
2026-08-26T10:01:57Z,2026-08-26T12:01:57+0200,de5651f7-a4c0-4808-ad66-e3bdff44187a,2026-08-07T23:45:00Z,2026-08-08T01:45:00+0200,0.0,MW,DK2,DK_2,actual_solar_generation,Solar,2026-08-26T10:27:13Z
2026-08-26T10:01:57Z,2026-08-26T12:01:57+0200,de5651f7-a4c0-4808-ad66-e3bdff44187a,2026-08-08T00:00:00Z,2026-08-08T02:00:00+0200,0.0,MW,DK2,DK_2,actual_solar_generation,Solar,2026-08-26T10:27:13Z
2026-08-26T10:01:57Z,2026-08-26T12:01:57+0200,de5651f7-a4c0-4808-ad66-e3bdff44187a,2026-08-08T00:15:00Z,2026-08-08T02:15:00+0200,0.0,MW,DK2,DK_2,actual_solar_generation,Solar,2026-08-26T10:27:13Z
2026-08-26T10:01:57Z,2026-08-26T12:01:57+0200,de5651f7-a4c0-4808-ad66-e3bdff44187a,2026-08-08T00:30:00Z,2026-08-08T02:30:00+0200,0.0,MW,DK2,DK_2,actual_solar_generation,Solar,2026-08-26T10:27:13Z
2026-08-26T10:01:57Z,2026-08-26T12:01:57+0200,de5651f7-a4c0-4808-ad66-e3bdff44187a,2026-08-08T00:45:00Z,2026-08-08T02:45:00+0200,0.0,MW,DK2,DK_2,actual_solar_generation,Solar,2026-08-26T10:27:13Z
2026-08-26T10:01:57Z,2026-08-26T12:01:57+0200,de5651f7-a4c0-4808-ad66-e3bdff44187a,2026-08-08T01:00:00Z,2026-08-08T03:00:00+0200,0.0,MW,DK2,DK_2,actual_solar_generation,Solar,2026-08-26T10:27:13Z
2026-08-26T10:01:57Z,2026-08-26T12:01:57+0200,de5651f7-a4c0-4808-ad66-e3bdff44187a,2026-08-08T01:15:00Z,2026-08-08T03:15:00+0200,0.0,MW,DK2,DK_2,actual_solar_generation,Solar,2026-08-26T10:27:13Z
2026-08-26T10:01:57Z,2026-08-26T12:01:57+0200,de5651f7-a4c0-4808-ad66-e3bdff44187a,2026-08-08T01:30:00Z,2026-08-08T03:30:00+0200,0.0,MW,DK2,DK_2,actual_solar_generation,Solar,2026-08-26T10:27:13Z
2026-08-26T10:01:57Z,2026-08-26T12:01:57+0200,de5651f7-a4c0-4808-ad66-e3bdff44187a,2026-08-08T01:45:00Z,2026-08-08T03:45:00+0200,0.0,MW,DK2,DK_2,actual_solar_generation,Solar,2026-08-26T10:27:13Z
2026-08-26T10:01:57Z,2026-08-26T12:01:57+0200,de5651f7-a4c0-4808-ad66-e3bdff44187a,2026-08-08T02:00:00Z,2026-08-08T04:00:00+0200,0.0,MW,DK2,DK_2,actual_solar_generation,Solar,2026-08-26T10:27:13Z
2026-08-26T10:01:57Z,2026-08-26T12:01:57+0200,de5651f7-a4c0-4808-ad66-e3bdff44187a,2026-08-08T02:15:00Z,2026-08-08T04:15:00+0200,0.0,MW,DK2,DK_2,actual_solar_generation,Solar,2026-08-26T10:27:13Z
2026-08-26T10:01:57Z,2026-08-26T12:01:57+0200,de5651f7-a4c0-4808-ad66-e3bdff44187a,2026-08-08T02:30:00Z,2026-08-08T04:30:00+0200,0.0,MW,DK2,DK_2,actual_solar_generation,Solar,2026-08-26T10:27:13Z
2026-08-26T10:01:57Z,2026-08-26T12:01:57+0200,de5651f7-a4c0-4808-ad66-e3bdff44187a,2026-08-08T02:45:00Z,2026-08-08T04:45:00+0200,0.0,MW,DK2,DK_2,actual_solar_generation,Solar,2026-08-26T10:27:13Z
2026-08-26T10:01:57Z,2026-08-26T12:01:57+0200,de5651f7-a4c0-4808-ad66-e3bdff44187a,2026-08-08T03:00:00Z,2026-08-08T05:00:00+0200,0.0,MW,DK2,DK_2,actual_solar_generation,Solar,2026-08-26T10:27:13Z
2026-08-26T10:01:57Z,2026-08-26T12:01:57+0200,de5651f7-a4c0-4808-ad66-e3bdff44187a,2026-08-08T03:15:00Z,2026-08-08T05:15:00+0200,0.030326,MW,DK2,DK_2,actual_solar_generation,Solar,2026-08-26T10:27:13Z
2026-08-26T10:01:57Z,2026-08-26T12:01:57+0200,de5651f7-a4c0-4808-ad66-e3bdff44187a,2026-08-08T03:30:00Z,2026-08-08T05:30:00+0200,2.31343,MW,DK2,DK_2,actual_solar_generation,Solar,2026-08-26T10:27:13Z
2026-08-26T10:01:57Z,2026-08-26T12:01:57+0200,de5651f7-a4c0-4808-ad66-e3bdff44187a,2026-08-08T03:45:00Z,2026-08-08T05:45:00+0200,13.3806,MW,DK2,DK_2,actual_solar_generation,Solar,2026-08-26T10:27:13Z
2026-08-26T10:01:57Z,2026-08-26T12:01:57+0200,de5651f7-a4c0-4808-ad66-e3bdff44187a,2026-08-08T04:00:00Z,2026-08-08T06:00:00+0200,26.8844,MW,DK2,DK_2,actual_solar_generation,Solar,2026-08-26T10:27:13Z
2026-08-26T10:01:57Z,2026-08-26T12:01:57+0200,de5651f7-a4c0-4808-ad66-e3bdff44187a,2026-08-08T04:15:00Z,2026-08-08T06:15:00+0200,45.1959,MW,DK2,DK_2,actual_solar_generation,Solar,2026-08-26T10:27:13Z
2026-08-26T10:01:57Z,2026-08-26T12:01:57+0200,de5651f7-a4c0-4808-ad66-e3bdff44187a,2026-08-08T04:30:00Z,2026-08-08T06:30:00+0200,62.4017,MW,DK2,DK_2,actual_solar_generation,Solar,2026-08-26T10:27:13Z
2026-08-26T10:01:57Z,2026-08-26T12:01:57+0200,de5651f7-a4c0-4808-ad66-e3bdff44187a,2026-08-08T04:45:00Z,2026-08-08T06:45:00+0200,88.3588,MW,DK2,DK_2,actual_solar_generation,Solar,2026-08-26T10:27:13Z
2026-08-26T10:01:57Z,2026-08-26T12:01:57+0200,de5651f7-a4c0-4808-ad66-e3bdff44187a,2026-08-08T05:00:00Z,2026-08-08T07:00:00+0200,137.961,MW,DK2,DK_2,actual_solar_generation,Solar,2026-08-26T10:27:13Z
2026-08-26T10:01:57Z,2026-08-26T12:01:57+0200,de5651f7-a4c0-4808-ad66-e3bdff44187a,2026-08-08T05:15:00Z,2026-08-08T07:15:00+0200,183.663,MW,DK2,DK_2,actual_solar_generation,Solar,2026-08-26T10:27:13Z
2026-08-26T10:01:57Z,2026-08-26T12:01:57+0200,de5651f7-a4c0-4808-ad66-e3bdff44187a,2026-08-08T05:30:00Z,2026-08-08T07:30:00+0200,243.067,MW,DK2,DK_2,actual_solar_generation,Solar,2026-08-26T10:27:13Z
2026-08-26T10:01:57Z,2026-08-26T12:01:57+0200,de5651f7-a4c0-4808-ad66-e3bdff44187a,2026-08-08T05:45:00Z,2026-08-08T07:45:00+0200,304.597,MW,DK2,DK_2,actual_solar_generation,Solar,2026-08-26T10:27:13Z
2026-08-26T10:01:57Z,2026-08-26T12:01:57+0200,de5651f7-a4c0-4808-ad66-e3bdff44187a,2026-08-08T06:00:00Z,2026-08-08T08:00:00+0200,345.82,MW,DK2,DK_2,actual_solar_generation,Solar,2026-08-26T10:27:13Z
2026-08-26T10:01:57Z,2026-08-26T12:01:57+0200,de5651f7-a4c0-4808-ad66-e3bdff44187a,2026-08-08T06:15:00Z,2026-08-08T08:15:00+0200,399.983,MW,DK2,DK_2,actual_solar_generation,Solar,2026-08-26T10:27:13Z
2026-08-26T10:01:57Z,2026-08-26T12:01:57+0200,de5651f7-a4c0-4808-ad66-e3bdff44187a,2026-08-08T06:30:00Z,2026-08-08T08:30:00+0200,435.138,MW,DK2,DK_2,actual_solar_generation,Solar,2026-08-26T10:27:13Z
2026-08-26T10:01:57Z,2026-08-26T12:01:57+0200,de5651f7-a4c0-4808-ad66-e3bdff44187a,2026-08-08T06:45:00Z,2026-08-08T08:45:00+0200,502.682,MW,DK2,DK_2,actual_solar_generation,Solar,2026-08-26T10:27:13Z
2026-08-26T10:01:57Z,2026-08-26T12:01:57+0200,de5651f7-a4c0-4808-ad66-e3bdff44187a,2026-08-08T07:00:00Z,2026-08-08T09:00:00+0200,563.348,MW,DK2,DK_2,actual_solar_generation,Solar,2026-08-26T10:27:13Z
2026-08-26T10:01:57Z,2026-08-26T12:01:57+0200,de5651f7-a4c0-4808-ad66-e3bdff44187a,2026-08-08T07:15:00Z,2026-08-08T09:15:00+0200,604.583,MW,DK2,DK_2,actual_solar_generation,Solar,2026-08-26T10:27:13Z
2026-08-26T10:01:57Z,2026-08-26T12:01:57+0200,de5651f7-a4c0-4808-ad66-e3bdff44187a,2026-08-08T07:30:00Z,2026-08-08T09:30:00+0200,671.231,MW,DK2,DK_2,actual_solar_generation,Solar,2026-08-26T10:27:13Z
2026-08-26T10:01:57Z,2026-08-26T12:01:57+0200,de5651f7-a4c0-4808-ad66-e3bdff44187a,2026-08-08T07:45:00Z,2026-08-08T09:45:00+0200,665.96,MW,DK2,DK_2,actual_solar_generation,Solar,2026-08-26T10:27:13Z
2026-08-26T10:01:57Z,2026-08-26T12:01:57+0200,de5651f7-a4c0-4808-ad66-e3bdff44187a,2026-08-08T08:00:00Z,2026-08-08T10:00:00+0200,701.767,MW,DK2,DK_2,actual_solar_generation,Solar,2026-08-26T10:27:13Z
2026-08-26T10:01:57Z,2026-08-26T12:01:57+0200,de5651f7-a4c0-4808-ad66-e3bdff44187a,2026-08-08T08:15:00Z,2026-08-08T10:15:00+0200,786.149,MW,DK2,DK_2,actual_solar_generation,Solar,2026-08-26T10:27:13Z
2026-08-26T10:01:57Z,2026-08-26T12:01:57+0200,de5651f7-a4c0-4808-ad66-e3bdff44187a,2026-08-08T08:30:00Z,2026-08-08T10:30:00+0200,733.944,MW,DK2,DK_2,actual_solar_generation,Solar,2026-08-26T10:27:13Z
2026-08-26T10:01:57Z,2026-08-26T12:01:57+0200,de5651f7-a4c0-4808-ad66-e3bdff44187a,2026-08-08T08:45:00Z,2026-08-08T10:45:00+0200,773.821,MW,DK2,DK_2,actual_solar_generation,Solar,2026-08-26T10:27:13Z
2026-08-26T10:01:57Z,2026-08-26T12:01:57+0200,de5651f7-a4c0-4808-ad66-e3bdff44187a,2026-08-08T09:00:00Z,2026-08-08T11:00:00+0200,844.027,MW,DK2,DK_2,actual_solar_generation,Solar,2026-08-26T10:27:13Z
2026-08-26T10:01:57Z,2026-08-26T12:01:57+0200,de5651f7-a4c0-4808-ad66-e3bdff44187a,2026-08-08T09:15:00Z,2026-08-08T11:15:00+0200,839.75,MW,DK2,DK_2,actual_solar_generation,Solar,2026-08-26T10:27:13Z
2026-08-26T10:01:57Z,2026-08-26T12:01:57+0200,de5651f7-a4c0-4808-ad66-e3bdff44187a,2026-08-08T09:30:00Z,2026-08-08T11:30:00+0200,853.197,MW,DK2,DK_2,actual_solar_generation,Solar,2026-08-26T10:27:13Z
2026-08-26T10:01:57Z,2026-08-26T12:01:57+0200,de5651f7-a4c0-4808-ad66-e3bdff44187a,2026-08-08T09:45:00Z,2026-08-08T11:45:00+0200,853.809,MW,DK2,DK_2,actual_solar_generation,Solar,2026-08-26T10:27:13Z
2026-08-26T10:01:57Z,2026-08-26T12:01:57+0200,de5651f7-a4c0-4808-ad66-e3bdff44187a,2026-08-08T10:00:00Z,2026-08-08T12:00:00+0200,898.865,MW,DK2,DK_2,actual_solar_generation,Solar,2026-08-26T10:27:13Z
2026-08-26T10:01:57Z,2026-08-26T12:01:57+0200,de5651f7-a4c0-4808-ad66-e3bdff44187a,2026-08-08T10:15:00Z,2026-08-08T12:15:00+0200,901.733,MW,DK2,DK_2,actual_solar_generation,Solar,2026-08-26T10:27:13Z
2026-08-26T10:01:57Z,2026-08-26T12:01:57+0200,de5651f7-a4c0-4808-ad66-e3bdff44187a,2026-08-08T10:30:00Z,2026-08-08T12:30:00+0200,859.687,MW,DK2,DK_2,actual_solar_generation,Solar,2026-08-26T10:27:13Z
2026-08-26T10:01:57Z,2026-08-26T12:01:57+0200,de5651f7-a4c0-4808-ad66-e3bdff44187a,2026-08-08T10:45:00Z,2026-08-08T12:45:00+0200,884.57,MW,DK2,DK_2,actual_solar_generation,Solar,2026-08-26T10:27:13Z
2026-08-26T10:01:57Z,2026-08-26T12:01:57+0200,de5651f7-a4c0-4808-ad66-e3bdff44187a,2026-08-08T11:00:00Z,2026-08-08T13:00:00+0200,898.814,MW,DK2,DK_2,actual_solar_generation,Solar,2026-08-26T10:27:13Z
2026-08-26T10:01:57Z,2026-08-26T12:01:57+0200,de5651f7-a4c0-4808-ad66-e3bdff44187a,2026-08-08T11:15:00Z,2026-08-08T13:15:00+0200,865.074,MW,DK2,DK_2,actual_solar_generation,Solar,2026-08-26T10:27:13Z
2026-08-26T10:01:57Z,2026-08-26T12:01:57+0200,de5651f7-a4c0-4808-ad66-e3bdff44187a,2026-08-08T11:30:00Z,2026-08-08T13:30:00+0200,878.402,MW,DK2,DK_2,actual_solar_generation,Solar,2026-08-26T10:27:13Z
2026-08-26T10:01:57Z,2026-08-26T12:01:57+0200,de5651f7-a4c0-4808-ad66-e3bdff44187a,2026-08-08T11:45:00Z,2026-08-08T13:45:00+0200,850.294,MW,DK2,DK_2,actual_solar_generation,Solar,2026-08-26T10:27:13Z
2026-08-26T10:01:57Z,2026-08-26T12:01:57+0200,de5651f7-a4c0-4808-ad66-e3bdff44187a,2026-08-08T12:00:00Z,2026-08-08T14:00:00+0200,856.944,MW,DK2,DK_2,actual_solar_generation,Solar,2026-08-26T10:27:13Z
2026-08-26T10:01:57Z,2026-08-26T12:01:57+0200,de5651f7-a4c0-4808-ad66-e3bdff44187a,2026-08-08T12:15:00Z,2026-08-08T14:15:00+0200,855.434,MW,DK2,DK_2,actual_solar_generation,Solar,2026-08-26T10:27:13Z
2026-08-26T10:01:57Z,2026-08-26T12:01:57+0200,de5651f7-a4c0-4808-ad66-e3bdff44187a,2026-08-08T12:30:00Z,2026-08-08T14:30:00+0200,877.161,MW,DK2,DK_2,actual_solar_generation,Solar,2026-08-26T10:27:13Z
2026-08-26T10:01:57Z,2026-08-26T12:01:57+0200,de5651f7-a4c0-4808-ad66-e3bdff44187a,2026-08-08T12:45:00Z,2026-08-08T14:45:00+0200,858.513,MW,DK2,DK_2,actual_solar_generation,Solar,2026-08-26T10:27:13Z
2026-08-26T10:01:57Z,2026-08-26T12:01:57+0200,de5651f7-a4c0-4808-ad66-e3bdff44187a,2026-08-08T13:00:00Z,2026-08-08T15:00:00+0200,846.094,MW,DK2,DK_2,actual_solar_generation,Solar,2026-08-26T10:27:13Z
2026-08-26T10:01:57Z,2026-08-26T12:01:57+0200,de5651f7-a4c0-4808-ad66-e3bdff44187a,2026-08-08T13:15:00Z,2026-08-08T15:15:00+0200,845.417,MW,DK2,DK_2,actual_solar_generation,Solar,2026-08-26T10:27:13Z
2026-08-26T10:01:57Z,2026-08-26T12:01:57+0200,de5651f7-a4c0-4808-ad66-e3bdff44187a,2026-08-08T13:30:00Z,2026-08-08T15:30:00+0200,825.976,MW,DK2,DK_2,actual_solar_generation,Solar,2026-08-26T10:27:13Z
2026-08-26T10:01:57Z,2026-08-26T12:01:57+0200,de5651f7-a4c0-4808-ad66-e3bdff44187a,2026-08-08T13:45:00Z,2026-08-08T15:45:00+0200,756.307,MW,DK2,DK_2,actual_solar_generation,Solar,2026-08-26T10:27:13Z
2026-08-26T10:01:57Z,2026-08-26T12:01:57+0200,de5651f7-a4c0-4808-ad66-e3bdff44187a,2026-08-08T14:00:00Z,2026-08-08T16:00:00+0200,758.079,MW,DK2,DK_2,actual_solar_generation,Solar,2026-08-26T10:27:13Z
2026-08-26T10:01:57Z,2026-08-26T12:01:57+0200,de5651f7-a4c0-4808-ad66-e3bdff44187a,2026-08-08T14:15:00Z,2026-08-08T16:15:00+0200,800.137,MW,DK2,DK_2,actual_solar_generation,Solar,2026-08-26T10:27:13Z
2026-08-26T10:01:57Z,2026-08-26T12:01:57+0200,de5651f7-a4c0-4808-ad66-e3bdff44187a,2026-08-08T14:30:00Z,2026-08-08T16:30:00+0200,797.527,MW,DK2,DK_2,actual_solar_generation,Solar,2026-08-26T10:27:13Z
2026-08-26T10:01:57Z,2026-08-26T12:01:57+0200,de5651f7-a4c0-4808-ad66-e3bdff44187a,2026-08-08T14:45:00Z,2026-08-08T16:45:00+0200,775.469,MW,DK2,DK_2,actual_solar_generation,Solar,2026-08-26T10:27:13Z
2026-08-26T10:01:57Z,2026-08-26T12:01:57+0200,de5651f7-a4c0-4808-ad66-e3bdff44187a,2026-08-08T15:00:00Z,2026-08-08T17:00:00+0200,700.373,MW,DK2,DK_2,actual_solar_generation,Solar,2026-08-26T10:27:13Z
2026-08-26T10:01:57Z,2026-08-26T12:01:57+0200,de5651f7-a4c0-4808-ad66-e3bdff44187a,2026-08-08T15:15:00Z,2026-08-08T17:15:00+0200,666.051,MW,DK2,DK_2,actual_solar_generation,Solar,2026-08-26T10:27:13Z
2026-08-26T10:01:57Z,2026-08-26T12:01:57+0200,de5651f7-a4c0-4808-ad66-e3bdff44187a,2026-08-08T15:30:00Z,2026-08-08T17:30:00+0200,593.123,MW,DK2,DK_2,actual_solar_generation,Solar,2026-08-26T10:27:13Z
2026-08-26T10:01:57Z,2026-08-26T12:01:57+0200,de5651f7-a4c0-4808-ad66-e3bdff44187a,2026-08-08T15:45:00Z,2026-08-08T17:45:00+0200,505.136,MW,DK2,DK_2,actual_solar_generation,Solar,2026-08-26T10:27:13Z
2026-08-26T10:01:57Z,2026-08-26T12:01:57+0200,de5651f7-a4c0-4808-ad66-e3bdff44187a,2026-08-08T16:00:00Z,2026-08-08T18:00:00+0200,444.483,MW,DK2,DK_2,actual_solar_generation,Solar,2026-08-26T10:27:13Z
2026-08-26T10:01:57Z,2026-08-26T12:01:57+0200,de5651f7-a4c0-4808-ad66-e3bdff44187a,2026-08-08T16:15:00Z,2026-08-08T18:15:00+0200,390.451,MW,DK2,DK_2,actual_solar_generation,Solar,2026-08-26T10:27:13Z
2026-08-26T10:01:57Z,2026-08-26T12:01:57+0200,de5651f7-a4c0-4808-ad66-e3bdff44187a,2026-08-08T16:30:00Z,2026-08-08T18:30:00+0200,331.091,MW,DK2,DK_2,actual_solar_generation,Solar,2026-08-26T10:27:13Z
2026-08-26T10:01:57Z,2026-08-26T12:01:57+0200,de5651f7-a4c0-4808-ad66-e3bdff44187a,2026-08-08T16:45:00Z,2026-08-08T18:45:00+0200,258.029,MW,DK2,DK_2,actual_solar_generation,Solar,2026-08-26T10:27:13Z
2026-08-26T10:01:57Z,2026-08-26T12:01:57+0200,de5651f7-a4c0-4808-ad66-e3bdff44187a,2026-08-08T17:00:00Z,2026-08-08T19:00:00+0200,207.67,MW,DK2,DK_2,actual_solar_generation,Solar,2026-08-26T10:27:13Z
2026-08-26T10:01:57Z,2026-08-26T12:01:57+0200,de5651f7-a4c0-4808-ad66-e3bdff44187a,2026-08-08T17:15:00Z,2026-08-08T19:15:00+0200,152.554,MW,DK2,DK_2,actual_solar_generation,Solar,2026-08-26T10:27:13Z
2026-08-26T10:01:57Z,2026-08-26T12:01:57+0200,de5651f7-a4c0-4808-ad66-e3bdff44187a,2026-08-08T17:30:00Z,2026-08-08T19:30:00+0200,113.109,MW,DK2,DK_2,actual_solar_generation,Solar,2026-08-26T10:27:13Z
2026-08-26T10:01:57Z,2026-08-26T12:01:57+0200,de5651f7-a4c0-4808-ad66-e3bdff44187a,2026-08-08T17:45:00Z,2026-08-08T19:45:00+0200,81.0317,MW,DK2,DK_2,actual_solar_generation,Solar,2026-08-26T10:27:13Z
2026-08-26T10:01:57Z,2026-08-26T12:01:57+0200,de5651f7-a4c0-4808-ad66-e3bdff44187a,2026-08-08T18:00:00Z,2026-08-08T20:00:00+0200,62.6572,MW,DK2,DK_2,actual_solar_generation,Solar,2026-08-26T10:27:13Z
2026-08-26T10:01:57Z,2026-08-26T12:01:57+0200,de5651f7-a4c0-4808-ad66-e3bdff44187a,2026-08-08T18:15:00Z,2026-08-08T20:15:00+0200,44.4698,MW,DK2,DK_2,actual_solar_generation,Solar,2026-08-26T10:27:13Z
2026-08-26T10:01:57Z,2026-08-26T12:01:57+0200,de5651f7-a4c0-4808-ad66-e3bdff44187a,2026-08-08T18:30:00Z,2026-08-08T20:30:00+0200,29.4309,MW,DK2,DK_2,actual_solar_generation,Solar,2026-08-26T10:27:13Z
2026-08-26T10:01:57Z,2026-08-26T12:01:57+0200,de5651f7-a4c0-4808-ad66-e3bdff44187a,2026-08-08T18:45:00Z,2026-08-08T20:45:00+0200,17.4322,MW,DK2,DK_2,actual_solar_generation,Solar,2026-08-26T10:27:13Z
2026-08-26T10:01:57Z,2026-08-26T12:01:57+0200,de5651f7-a4c0-4808-ad66-e3bdff44187a,2026-08-08T19:00:00Z,2026-08-08T21:00:00+0200,8.2694,MW,DK2,DK_2,actual_solar_generation,Solar,2026-08-26T10:27:13Z
2026-08-26T10:01:57Z,2026-08-26T12:01:57+0200,de5651f7-a4c0-4808-ad66-e3bdff44187a,2026-08-08T19:15:00Z,2026-08-08T21:15:00+0200,0.0,MW,DK2,DK_2,actual_solar_generation,Solar,2026-08-26T10:27:13Z
2026-08-26T10:01:57Z,2026-08-26T12:01:57+0200,de5651f7-a4c0-4808-ad66-e3bdff44187a,2026-08-08T19:30:00Z,2026-08-08T21:30:00+0200,0.0,MW,DK2,DK_2,actual_solar_generation,Solar,2026-08-26T10:27:13Z
2026-08-26T10:01:57Z,2026-08-26T12:01:57+0200,de5651f7-a4c0-4808-ad66-e3bdff44187a,2026-08-08T19:45:00Z,2026-08-08T21:45:00+0200,0.0,MW,DK2,DK_2,actual_solar_generation,Solar,2026-08-26T10:27:13Z
2026-08-26T10:01:57Z,2026-08-26T12:01:57+0200,de5651f7-a4c0-4808-ad66-e3bdff44187a,2026-08-08T20:00:00Z,2026-08-08T22:00:00+0200,0.0,MW,DK2,DK_2,actual_solar_generation,Solar,2026-08-26T10:27:13Z
2026-08-26T10:01:57Z,2026-08-26T12:01:57+0200,de5651f7-a4c0-4808-ad66-e3bdff44187a,2026-08-08T20:15:00Z,2026-08-08T22:15:00+0200,0.0,MW,DK2,DK_2,actual_solar_generation,Solar,2026-08-26T10:27:13Z
2026-08-26T10:01:57Z,2026-08-26T12:01:57+0200,de5651f7-a4c0-4808-ad66-e3bdff44187a,2026-08-08T20:30:00Z,2026-08-08T22:30:00+0200,0.0,MW,DK2,DK_2,actual_solar_generation,Solar,2026-08-26T10:27:13Z
2026-08-26T10:01:57Z,2026-08-26T12:01:57+0200,de5651f7-a4c0-4808-ad66-e3bdff44187a,2026-08-08T20:45:00Z,2026-08-08T22:45:00+0200,0.0,MW,DK2,DK_2,actual_solar_generation,Solar,2026-08-26T10:27:13Z
2026-08-26T10:01:57Z,2026-08-26T12:01:57+0200,de5651f7-a4c0-4808-ad66-e3bdff44187a,2026-08-08T21:00:00Z,2026-08-08T23:00:00+0200,0.0,MW,DK2,DK_2,actual_solar_generation,Solar,2026-08-26T10:27:13Z
2026-08-26T10:01:57Z,2026-08-26T12:01:57+0200,de5651f7-a4c0-4808-ad66-e3bdff44187a,2026-08-08T21:15:00Z,2026-08-08T23:15:00+0200,0.0,MW,DK2,DK_2,actual_solar_generation,Solar,2026-08-26T10:27:13Z
2026-08-26T10:01:57Z,2026-08-26T12:01:57+0200,de5651f7-a4c0-4808-ad66-e3bdff44187a,2026-08-08T21:30:00Z,2026-08-08T23:30:00+0200,0.0,MW,DK2,DK_2,actual_solar_generation,Solar,2026-08-26T10:27:13Z
2026-08-26T10:01:57Z,2026-08-26T12:01:57+0200,de5651f7-a4c0-4808-ad66-e3bdff44187a,2026-08-08T21:45:00Z,2026-08-08T23:45:00+0200,0.0,MW,DK2,DK_2,actual_solar_generation,Solar,2026-08-26T10:27:13Z
2026-08-26T10:01:57Z,2026-08-26T12:01:57+0200,de5651f7-a4c0-4808-ad66-e3bdff44187a,2026-08-08T22:00:00Z,2026-08-09T00:00:00+0200,0.0,MW,DK2,DK_2,actual_solar_generation,Solar,2026-08-26T10:27:13Z
2026-08-26T10:01:57Z,2026-08-26T12:01:57+0200,de5651f7-a4c0-4808-ad66-e3bdff44187a,2026-08-08T22:15:00Z,2026-08-09T00:15:00+0200,0.0,MW,DK2,DK_2,actual_solar_generation,Solar,2026-08-26T10:27:13Z
2026-08-26T10:01:57Z,2026-08-26T12:01:57+0200,de5651f7-a4c0-4808-ad66-e3bdff44187a,2026-08-08T22:30:00Z,2026-08-09T00:30:00+0200,0.0,MW,DK2,DK_2,actual_solar_generation,Solar,2026-08-26T10:27:13Z
2026-08-26T10:01:57Z,2026-08-26T12:01:57+0200,de5651f7-a4c0-4808-ad66-e3bdff44187a,2026-08-08T22:45:00Z,2026-08-09T00:45:00+0200,0.0,MW,DK2,DK_2,actual_solar_generation,Solar,2026-08-26T10:27:13Z
2026-08-26T10:01:57Z,2026-08-26T12:01:57+0200,de5651f7-a4c0-4808-ad66-e3bdff44187a,2026-08-08T23:00:00Z,2026-08-09T01:00:00+0200,0.0,MW,DK2,DK_2,actual_solar_generation,Solar,2026-08-26T10:27:13Z
2026-08-26T10:01:57Z,2026-08-26T12:01:57+0200,de5651f7-a4c0-4808-ad66-e3bdff44187a,2026-08-08T23:15:00Z,2026-08-09T01:15:00+0200,0.0,MW,DK2,DK_2,actual_solar_generation,Solar,2026-08-26T10:27:13Z
2026-08-26T10:01:57Z,2026-08-26T12:01:57+0200,de5651f7-a4c0-4808-ad66-e3bdff44187a,2026-08-08T23:30:00Z,2026-08-09T01:30:00+0200,0.0,MW,DK2,DK_2,actual_solar_generation,Solar,2026-08-26T10:27:13Z
2026-08-26T10:01:57Z,2026-08-26T12:01:57+0200,de5651f7-a4c0-4808-ad66-e3bdff44187a,2026-08-08T23:45:00Z,2026-08-09T01:45:00+0200,0.0,MW,DK2,DK_2,actual_solar_generation,Solar,2026-08-26T10:27:13Z
2026-08-26T10:01:57Z,2026-08-26T12:01:57+0200,de5651f7-a4c0-4808-ad66-e3bdff44187a,2026-08-09T00:00:00Z,2026-08-09T02:00:00+0200,0.0,MW,DK2,DK_2,actual_solar_generation,Solar,2026-08-26T10:27:13Z
2026-08-26T10:01:57Z,2026-08-26T12:01:57+0200,de5651f7-a4c0-4808-ad66-e3bdff44187a,2026-08-09T00:15:00Z,2026-08-09T02:15:00+0200,0.0,MW,DK2,DK_2,actual_solar_generation,Solar,2026-08-26T10:27:13Z
2026-08-26T10:01:57Z,2026-08-26T12:01:57+0200,de5651f7-a4c0-4808-ad66-e3bdff44187a,2026-08-09T00:30:00Z,2026-08-09T02:30:00+0200,0.0,MW,DK2,DK_2,actual_solar_generation,Solar,2026-08-26T10:27:13Z
2026-08-26T10:01:57Z,2026-08-26T12:01:57+0200,de5651f7-a4c0-4808-ad66-e3bdff44187a,2026-08-09T00:45:00Z,2026-08-09T02:45:00+0200,0.0,MW,DK2,DK_2,actual_solar_generation,Solar,2026-08-26T10:27:13Z
2026-08-26T10:01:57Z,2026-08-26T12:01:57+0200,de5651f7-a4c0-4808-ad66-e3bdff44187a,2026-08-09T01:00:00Z,2026-08-09T03:00:00+0200,0.0,MW,DK2,DK_2,actual_solar_generation,Solar,2026-08-26T10:27:13Z
2026-08-26T10:01:57Z,2026-08-26T12:01:57+0200,de5651f7-a4c0-4808-ad66-e3bdff44187a,2026-08-09T01:15:00Z,2026-08-09T03:15:00+0200,0.0,MW,DK2,DK_2,actual_solar_generation,Solar,2026-08-26T10:27:13Z
2026-08-26T10:01:57Z,2026-08-26T12:01:57+0200,de5651f7-a4c0-4808-ad66-e3bdff44187a,2026-08-09T01:30:00Z,2026-08-09T03:30:00+0200,0.0,MW,DK2,DK_2,actual_solar_generation,Solar,2026-08-26T10:27:13Z
2026-08-26T10:01:57Z,2026-08-26T12:01:57+0200,de5651f7-a4c0-4808-ad66-e3bdff44187a,2026-08-09T01:45:00Z,2026-08-09T03:45:00+0200,0.0,MW,DK2,DK_2,actual_solar_generation,Solar,2026-08-26T10:27:13Z
2026-08-26T10:01:57Z,2026-08-26T12:01:57+0200,de5651f7-a4c0-4808-ad66-e3bdff44187a,2026-08-09T02:00:00Z,2026-08-09T04:00:00+0200,0.0,MW,DK2,DK_2,actual_solar_generation,Solar,2026-08-26T10:27:13Z
2026-08-26T10:01:57Z,2026-08-26T12:01:57+0200,de5651f7-a4c0-4808-ad66-e3bdff44187a,2026-08-09T02:15:00Z,2026-08-09T04:15:00+0200,0.0,MW,DK2,DK_2,actual_solar_generation,Solar,2026-08-26T10:27:13Z
2026-08-26T10:01:57Z,2026-08-26T12:01:57+0200,de5651f7-a4c0-4808-ad66-e3bdff44187a,2026-08-09T02:30:00Z,2026-08-09T04:30:00+0200,0.0,MW,DK2,DK_2,actual_solar_generation,Solar,2026-08-26T10:27:13Z
2026-08-26T10:01:57Z,2026-08-26T12:01:57+0200,de5651f7-a4c0-4808-ad66-e3bdff44187a,2026-08-09T02:45:00Z,2026-08-09T04:45:00+0200,0.0,MW,DK2,DK_2,actual_solar_generation,Solar,2026-08-26T10:27:13Z
2026-08-26T10:01:57Z,2026-08-26T12:01:57+0200,de5651f7-a4c0-4808-ad66-e3bdff44187a,2026-08-09T03:00:00Z,2026-08-09T05:00:00+0200,0.0,MW,DK2,DK_2,actual_solar_generation,Solar,2026-08-26T10:27:13Z
2026-08-26T10:01:57Z,2026-08-26T12:01:57+0200,de5651f7-a4c0-4808-ad66-e3bdff44187a,2026-08-09T03:15:00Z,2026-08-09T05:15:00+0200,0.169961,MW,DK2,DK_2,actual_solar_generation,Solar,2026-08-26T10:27:13Z
2026-08-26T10:01:57Z,2026-08-26T12:01:57+0200,de5651f7-a4c0-4808-ad66-e3bdff44187a,2026-08-09T03:30:00Z,2026-08-09T05:30:00+0200,3.95701,MW,DK2,DK_2,actual_solar_generation,Solar,2026-08-26T10:27:13Z
2026-08-26T10:01:57Z,2026-08-26T12:01:57+0200,de5651f7-a4c0-4808-ad66-e3bdff44187a,2026-08-09T03:45:00Z,2026-08-09T05:45:00+0200,16.6973,MW,DK2,DK_2,actual_solar_generation,Solar,2026-08-26T10:27:13Z
2026-08-26T10:01:57Z,2026-08-26T12:01:57+0200,de5651f7-a4c0-4808-ad66-e3bdff44187a,2026-08-09T04:00:00Z,2026-08-09T06:00:00+0200,35.6747,MW,DK2,DK_2,actual_solar_generation,Solar,2026-08-26T10:27:13Z
2026-08-26T10:01:57Z,2026-08-26T12:01:57+0200,de5651f7-a4c0-4808-ad66-e3bdff44187a,2026-08-09T04:15:00Z,2026-08-09T06:15:00+0200,55.8402,MW,DK2,DK_2,actual_solar_generation,Solar,2026-08-26T10:27:13Z
2026-08-26T10:01:57Z,2026-08-26T12:01:57+0200,de5651f7-a4c0-4808-ad66-e3bdff44187a,2026-08-09T04:30:00Z,2026-08-09T06:30:00+0200,72.5004,MW,DK2,DK_2,actual_solar_generation,Solar,2026-08-26T10:27:13Z
2026-08-26T10:01:57Z,2026-08-26T12:01:57+0200,de5651f7-a4c0-4808-ad66-e3bdff44187a,2026-08-09T04:45:00Z,2026-08-09T06:45:00+0200,91.2472,MW,DK2,DK_2,actual_solar_generation,Solar,2026-08-26T10:27:13Z
2026-08-26T10:01:57Z,2026-08-26T12:01:57+0200,de5651f7-a4c0-4808-ad66-e3bdff44187a,2026-08-09T05:00:00Z,2026-08-09T07:00:00+0200,125.603,MW,DK2,DK_2,actual_solar_generation,Solar,2026-08-26T10:27:13Z
2026-08-26T10:01:57Z,2026-08-26T12:01:57+0200,de5651f7-a4c0-4808-ad66-e3bdff44187a,2026-08-09T05:15:00Z,2026-08-09T07:15:00+0200,193.353,MW,DK2,DK_2,actual_solar_generation,Solar,2026-08-26T10:27:13Z
2026-08-26T10:01:57Z,2026-08-26T12:01:57+0200,de5651f7-a4c0-4808-ad66-e3bdff44187a,2026-08-09T05:30:00Z,2026-08-09T07:30:00+0200,234.074,MW,DK2,DK_2,actual_solar_generation,Solar,2026-08-26T10:27:13Z
2026-08-26T10:01:57Z,2026-08-26T12:01:57+0200,de5651f7-a4c0-4808-ad66-e3bdff44187a,2026-08-09T05:45:00Z,2026-08-09T07:45:00+0200,286.89,MW,DK2,DK_2,actual_solar_generation,Solar,2026-08-26T10:27:13Z
2026-08-26T10:01:57Z,2026-08-26T12:01:57+0200,de5651f7-a4c0-4808-ad66-e3bdff44187a,2026-08-09T06:00:00Z,2026-08-09T08:00:00+0200,331.565,MW,DK2,DK_2,actual_solar_generation,Solar,2026-08-26T10:27:13Z
2026-08-26T10:01:57Z,2026-08-26T12:01:57+0200,de5651f7-a4c0-4808-ad66-e3bdff44187a,2026-08-09T06:15:00Z,2026-08-09T08:15:00+0200,390.544,MW,DK2,DK_2,actual_solar_generation,Solar,2026-08-26T10:27:13Z
2026-08-26T10:01:57Z,2026-08-26T12:01:57+0200,de5651f7-a4c0-4808-ad66-e3bdff44187a,2026-08-09T06:30:00Z,2026-08-09T08:30:00+0200,486.996,MW,DK2,DK_2,actual_solar_generation,Solar,2026-08-26T10:27:13Z
2026-08-26T10:01:57Z,2026-08-26T12:01:57+0200,de5651f7-a4c0-4808-ad66-e3bdff44187a,2026-08-09T06:45:00Z,2026-08-09T08:45:00+0200,570.672,MW,DK2,DK_2,actual_solar_generation,Solar,2026-08-26T10:27:13Z
2026-08-26T10:01:57Z,2026-08-26T12:01:57+0200,de5651f7-a4c0-4808-ad66-e3bdff44187a,2026-08-09T07:00:00Z,2026-08-09T09:00:00+0200,638.649,MW,DK2,DK_2,actual_solar_generation,Solar,2026-08-26T10:27:13Z
2026-08-26T10:01:57Z,2026-08-26T12:01:57+0200,de5651f7-a4c0-4808-ad66-e3bdff44187a,2026-08-09T07:15:00Z,2026-08-09T09:15:00+0200,659.617,MW,DK2,DK_2,actual_solar_generation,Solar,2026-08-26T10:27:13Z
2026-08-26T10:01:57Z,2026-08-26T12:01:57+0200,de5651f7-a4c0-4808-ad66-e3bdff44187a,2026-08-09T07:30:00Z,2026-08-09T09:30:00+0200,663.08,MW,DK2,DK_2,actual_solar_generation,Solar,2026-08-26T10:27:13Z
2026-08-26T10:01:57Z,2026-08-26T12:01:57+0200,de5651f7-a4c0-4808-ad66-e3bdff44187a,2026-08-09T07:45:00Z,2026-08-09T09:45:00+0200,700.422,MW,DK2,DK_2,actual_solar_generation,Solar,2026-08-26T10:27:13Z
2026-08-26T10:01:57Z,2026-08-26T12:01:57+0200,de5651f7-a4c0-4808-ad66-e3bdff44187a,2026-08-09T08:00:00Z,2026-08-09T10:00:00+0200,723.258,MW,DK2,DK_2,actual_solar_generation,Solar,2026-08-26T10:27:13Z
2026-08-26T10:01:57Z,2026-08-26T12:01:57+0200,de5651f7-a4c0-4808-ad66-e3bdff44187a,2026-08-09T08:15:00Z,2026-08-09T10:15:00+0200,806.613,MW,DK2,DK_2,actual_solar_generation,Solar,2026-08-26T10:27:13Z
2026-08-26T10:01:57Z,2026-08-26T12:01:57+0200,de5651f7-a4c0-4808-ad66-e3bdff44187a,2026-08-09T08:30:00Z,2026-08-09T10:30:00+0200,818.54,MW,DK2,DK_2,actual_solar_generation,Solar,2026-08-26T10:27:13Z
2026-08-26T10:01:57Z,2026-08-26T12:01:57+0200,de5651f7-a4c0-4808-ad66-e3bdff44187a,2026-08-09T08:45:00Z,2026-08-09T10:45:00+0200,811.48,MW,DK2,DK_2,actual_solar_generation,Solar,2026-08-26T10:27:13Z
2026-08-26T10:01:57Z,2026-08-26T12:01:57+0200,de5651f7-a4c0-4808-ad66-e3bdff44187a,2026-08-09T09:00:00Z,2026-08-09T11:00:00+0200,880.246,MW,DK2,DK_2,actual_solar_generation,Solar,2026-08-26T10:27:13Z
2026-08-26T10:01:57Z,2026-08-26T12:01:57+0200,de5651f7-a4c0-4808-ad66-e3bdff44187a,2026-08-09T09:15:00Z,2026-08-09T11:15:00+0200,864.675,MW,DK2,DK_2,actual_solar_generation,Solar,2026-08-26T10:27:13Z
2026-08-26T10:01:57Z,2026-08-26T12:01:57+0200,de5651f7-a4c0-4808-ad66-e3bdff44187a,2026-08-09T09:30:00Z,2026-08-09T11:30:00+0200,764.354,MW,DK2,DK_2,actual_solar_generation,Solar,2026-08-26T10:27:13Z
2026-08-26T10:01:57Z,2026-08-26T12:01:57+0200,de5651f7-a4c0-4808-ad66-e3bdff44187a,2026-08-09T09:45:00Z,2026-08-09T11:45:00+0200,828.803,MW,DK2,DK_2,actual_solar_generation,Solar,2026-08-26T10:27:13Z
2026-08-26T10:01:57Z,2026-08-26T12:01:57+0200,de5651f7-a4c0-4808-ad66-e3bdff44187a,2026-08-09T10:00:00Z,2026-08-09T12:00:00+0200,806.686,MW,DK2,DK_2,actual_solar_generation,Solar,2026-08-26T10:27:13Z
2026-08-26T10:01:57Z,2026-08-26T12:01:57+0200,de5651f7-a4c0-4808-ad66-e3bdff44187a,2026-08-09T10:15:00Z,2026-08-09T12:15:00+0200,893.006,MW,DK2,DK_2,actual_solar_generation,Solar,2026-08-26T10:27:13Z
2026-08-26T10:01:57Z,2026-08-26T12:01:57+0200,de5651f7-a4c0-4808-ad66-e3bdff44187a,2026-08-09T10:30:00Z,2026-08-09T12:30:00+0200,872.602,MW,DK2,DK_2,actual_solar_generation,Solar,2026-08-26T10:27:13Z
2026-08-26T10:01:57Z,2026-08-26T12:01:57+0200,de5651f7-a4c0-4808-ad66-e3bdff44187a,2026-08-09T10:45:00Z,2026-08-09T12:45:00+0200,846.372,MW,DK2,DK_2,actual_solar_generation,Solar,2026-08-26T10:27:13Z
2026-08-26T10:01:57Z,2026-08-26T12:01:57+0200,de5651f7-a4c0-4808-ad66-e3bdff44187a,2026-08-09T11:00:00Z,2026-08-09T13:00:00+0200,904.571,MW,DK2,DK_2,actual_solar_generation,Solar,2026-08-26T10:27:13Z
2026-08-26T10:01:57Z,2026-08-26T12:01:57+0200,de5651f7-a4c0-4808-ad66-e3bdff44187a,2026-08-09T11:15:00Z,2026-08-09T13:15:00+0200,954.739,MW,DK2,DK_2,actual_solar_generation,Solar,2026-08-26T10:27:13Z
2026-08-26T10:01:57Z,2026-08-26T12:01:57+0200,de5651f7-a4c0-4808-ad66-e3bdff44187a,2026-08-09T11:30:00Z,2026-08-09T13:30:00+0200,985.18,MW,DK2,DK_2,actual_solar_generation,Solar,2026-08-26T10:27:13Z
2026-08-26T10:01:57Z,2026-08-26T12:01:57+0200,de5651f7-a4c0-4808-ad66-e3bdff44187a,2026-08-09T11:45:00Z,2026-08-09T13:45:00+0200,937.443,MW,DK2,DK_2,actual_solar_generation,Solar,2026-08-26T10:27:13Z
2026-08-26T10:01:57Z,2026-08-26T12:01:57+0200,de5651f7-a4c0-4808-ad66-e3bdff44187a,2026-08-09T12:00:00Z,2026-08-09T14:00:00+0200,807.795,MW,DK2,DK_2,actual_solar_generation,Solar,2026-08-26T10:27:13Z
2026-08-26T10:01:57Z,2026-08-26T12:01:57+0200,de5651f7-a4c0-4808-ad66-e3bdff44187a,2026-08-09T12:15:00Z,2026-08-09T14:15:00+0200,793.889,MW,DK2,DK_2,actual_solar_generation,Solar,2026-08-26T10:27:13Z
2026-08-26T10:01:57Z,2026-08-26T12:01:57+0200,de5651f7-a4c0-4808-ad66-e3bdff44187a,2026-08-09T12:30:00Z,2026-08-09T14:30:00+0200,788.49,MW,DK2,DK_2,actual_solar_generation,Solar,2026-08-26T10:27:13Z
2026-08-26T10:01:57Z,2026-08-26T12:01:57+0200,de5651f7-a4c0-4808-ad66-e3bdff44187a,2026-08-09T12:45:00Z,2026-08-09T14:45:00+0200,764.007,MW,DK2,DK_2,actual_solar_generation,Solar,2026-08-26T10:27:13Z
2026-08-26T10:01:57Z,2026-08-26T12:01:57+0200,de5651f7-a4c0-4808-ad66-e3bdff44187a,2026-08-09T13:00:00Z,2026-08-09T15:00:00+0200,751.138,MW,DK2,DK_2,actual_solar_generation,Solar,2026-08-26T10:27:13Z
2026-08-26T10:01:57Z,2026-08-26T12:01:57+0200,de5651f7-a4c0-4808-ad66-e3bdff44187a,2026-08-09T13:15:00Z,2026-08-09T15:15:00+0200,755.245,MW,DK2,DK_2,actual_solar_generation,Solar,2026-08-26T10:27:13Z
2026-08-26T10:01:57Z,2026-08-26T12:01:57+0200,de5651f7-a4c0-4808-ad66-e3bdff44187a,2026-08-09T13:30:00Z,2026-08-09T15:30:00+0200,709.766,MW,DK2,DK_2,actual_solar_generation,Solar,2026-08-26T10:27:13Z
2026-08-26T10:01:57Z,2026-08-26T12:01:57+0200,de5651f7-a4c0-4808-ad66-e3bdff44187a,2026-08-09T13:45:00Z,2026-08-09T15:45:00+0200,832.105,MW,DK2,DK_2,actual_solar_generation,Solar,2026-08-26T10:27:13Z
2026-08-26T10:01:57Z,2026-08-26T12:01:57+0200,de5651f7-a4c0-4808-ad66-e3bdff44187a,2026-08-09T14:00:00Z,2026-08-09T16:00:00+0200,807.141,MW,DK2,DK_2,actual_solar_generation,Solar,2026-08-26T10:27:13Z
2026-08-26T10:01:57Z,2026-08-26T12:01:57+0200,de5651f7-a4c0-4808-ad66-e3bdff44187a,2026-08-09T14:15:00Z,2026-08-09T16:15:00+0200,785.202,MW,DK2,DK_2,actual_solar_generation,Solar,2026-08-26T10:27:13Z
2026-08-26T10:01:57Z,2026-08-26T12:01:57+0200,de5651f7-a4c0-4808-ad66-e3bdff44187a,2026-08-09T14:30:00Z,2026-08-09T16:30:00+0200,774.029,MW,DK2,DK_2,actual_solar_generation,Solar,2026-08-26T10:27:13Z
2026-08-26T10:01:57Z,2026-08-26T12:01:57+0200,de5651f7-a4c0-4808-ad66-e3bdff44187a,2026-08-09T14:45:00Z,2026-08-09T16:45:00+0200,790.182,MW,DK2,DK_2,actual_solar_generation,Solar,2026-08-26T10:27:13Z
2026-08-26T10:01:57Z,2026-08-26T12:01:57+0200,de5651f7-a4c0-4808-ad66-e3bdff44187a,2026-08-09T15:00:00Z,2026-08-09T17:00:00+0200,742.158,MW,DK2,DK_2,actual_solar_generation,Solar,2026-08-26T10:27:13Z
2026-08-26T10:01:57Z,2026-08-26T12:01:57+0200,de5651f7-a4c0-4808-ad66-e3bdff44187a,2026-08-09T15:15:00Z,2026-08-09T17:15:00+0200,671.693,MW,DK2,DK_2,actual_solar_generation,Solar,2026-08-26T10:27:13Z
2026-08-26T10:01:57Z,2026-08-26T12:01:57+0200,de5651f7-a4c0-4808-ad66-e3bdff44187a,2026-08-09T15:30:00Z,2026-08-09T17:30:00+0200,597.83,MW,DK2,DK_2,actual_solar_generation,Solar,2026-08-26T10:27:13Z
2026-08-26T10:01:57Z,2026-08-26T12:01:57+0200,de5651f7-a4c0-4808-ad66-e3bdff44187a,2026-08-09T15:45:00Z,2026-08-09T17:45:00+0200,489.894,MW,DK2,DK_2,actual_solar_generation,Solar,2026-08-26T10:27:13Z
2026-08-26T10:01:57Z,2026-08-26T12:01:57+0200,de5651f7-a4c0-4808-ad66-e3bdff44187a,2026-08-09T16:00:00Z,2026-08-09T18:00:00+0200,410.758,MW,DK2,DK_2,actual_solar_generation,Solar,2026-08-26T10:27:13Z
2026-08-26T10:01:57Z,2026-08-26T12:01:57+0200,de5651f7-a4c0-4808-ad66-e3bdff44187a,2026-08-09T16:15:00Z,2026-08-09T18:15:00+0200,348.981,MW,DK2,DK_2,actual_solar_generation,Solar,2026-08-26T10:27:13Z
2026-08-26T10:01:57Z,2026-08-26T12:01:57+0200,de5651f7-a4c0-4808-ad66-e3bdff44187a,2026-08-09T16:30:00Z,2026-08-09T18:30:00+0200,311.463,MW,DK2,DK_2,actual_solar_generation,Solar,2026-08-26T10:27:13Z
2026-08-26T10:01:57Z,2026-08-26T12:01:57+0200,de5651f7-a4c0-4808-ad66-e3bdff44187a,2026-08-09T16:45:00Z,2026-08-09T18:45:00+0200,223.204,MW,DK2,DK_2,actual_solar_generation,Solar,2026-08-26T10:27:13Z
2026-08-26T10:01:57Z,2026-08-26T12:01:57+0200,de5651f7-a4c0-4808-ad66-e3bdff44187a,2026-08-09T17:00:00Z,2026-08-09T19:00:00+0200,196.6,MW,DK2,DK_2,actual_solar_generation,Solar,2026-08-26T10:27:13Z
2026-08-26T10:01:57Z,2026-08-26T12:01:57+0200,de5651f7-a4c0-4808-ad66-e3bdff44187a,2026-08-09T17:15:00Z,2026-08-09T19:15:00+0200,167.571,MW,DK2,DK_2,actual_solar_generation,Solar,2026-08-26T10:27:13Z
2026-08-26T10:01:57Z,2026-08-26T12:01:57+0200,de5651f7-a4c0-4808-ad66-e3bdff44187a,2026-08-09T17:30:00Z,2026-08-09T19:30:00+0200,111.912,MW,DK2,DK_2,actual_solar_generation,Solar,2026-08-26T10:27:13Z
2026-08-26T10:01:57Z,2026-08-26T12:01:57+0200,de5651f7-a4c0-4808-ad66-e3bdff44187a,2026-08-09T17:45:00Z,2026-08-09T19:45:00+0200,65.7284,MW,DK2,DK_2,actual_solar_generation,Solar,2026-08-26T10:27:13Z
2026-08-26T10:01:57Z,2026-08-26T12:01:57+0200,de5651f7-a4c0-4808-ad66-e3bdff44187a,2026-08-09T18:00:00Z,2026-08-09T20:00:00+0200,49.0116,MW,DK2,DK_2,actual_solar_generation,Solar,2026-08-26T10:27:13Z
2026-08-26T10:01:57Z,2026-08-26T12:01:57+0200,de5651f7-a4c0-4808-ad66-e3bdff44187a,2026-08-09T18:15:00Z,2026-08-09T20:15:00+0200,35.5932,MW,DK2,DK_2,actual_solar_generation,Solar,2026-08-26T10:27:13Z
2026-08-26T10:01:57Z,2026-08-26T12:01:57+0200,de5651f7-a4c0-4808-ad66-e3bdff44187a,2026-08-09T18:30:00Z,2026-08-09T20:30:00+0200,20.0678,MW,DK2,DK_2,actual_solar_generation,Solar,2026-08-26T10:27:13Z
2026-08-26T10:01:57Z,2026-08-26T12:01:57+0200,de5651f7-a4c0-4808-ad66-e3bdff44187a,2026-08-09T18:45:00Z,2026-08-09T20:45:00+0200,11.0241,MW,DK2,DK_2,actual_solar_generation,Solar,2026-08-26T10:27:13Z
2026-08-26T10:01:57Z,2026-08-26T12:01:57+0200,de5651f7-a4c0-4808-ad66-e3bdff44187a,2026-08-09T19:00:00Z,2026-08-09T21:00:00+0200,4.37448,MW,DK2,DK_2,actual_solar_generation,Solar,2026-08-26T10:27:13Z
2026-08-26T10:01:57Z,2026-08-26T12:01:57+0200,de5651f7-a4c0-4808-ad66-e3bdff44187a,2026-08-09T19:15:00Z,2026-08-09T21:15:00+0200,0.0,MW,DK2,DK_2,actual_solar_generation,Solar,2026-08-26T10:27:13Z
2026-08-26T10:01:57Z,2026-08-26T12:01:57+0200,de5651f7-a4c0-4808-ad66-e3bdff44187a,2026-08-09T19:30:00Z,2026-08-09T21:30:00+0200,0.0,MW,DK2,DK_2,actual_solar_generation,Solar,2026-08-26T10:27:13Z
2026-08-26T10:01:57Z,2026-08-26T12:01:57+0200,de5651f7-a4c0-4808-ad66-e3bdff44187a,2026-08-09T19:45:00Z,2026-08-09T21:45:00+0200,0.058,MW,DK2,DK_2,actual_solar_generation,Solar,2026-08-26T10:27:13Z
2026-08-26T10:01:57Z,2026-08-26T12:01:57+0200,de5651f7-a4c0-4808-ad66-e3bdff44187a,2026-08-09T20:00:00Z,2026-08-09T22:00:00+0200,0.0,MW,DK2,DK_2,actual_solar_generation,Solar,2026-08-26T10:27:13Z
2026-08-26T10:01:57Z,2026-08-26T12:01:57+0200,de5651f7-a4c0-4808-ad66-e3bdff44187a,2026-08-09T20:15:00Z,2026-08-09T22:15:00+0200,0.0,MW,DK2,DK_2,actual_solar_generation,Solar,2026-08-26T10:27:13Z
2026-08-26T10:01:57Z,2026-08-26T12:01:57+0200,de5651f7-a4c0-4808-ad66-e3bdff44187a,2026-08-09T20:30:00Z,2026-08-09T22:30:00+0200,0.0,MW,DK2,DK_2,actual_solar_generation,Solar,2026-08-26T10:27:13Z
2026-08-26T10:01:57Z,2026-08-26T12:01:57+0200,de5651f7-a4c0-4808-ad66-e3bdff44187a,2026-08-09T20:45:00Z,2026-08-09T22:45:00+0200,0.0,MW,DK2,DK_2,actual_solar_generation,Solar,2026-08-26T10:27:13Z
2026-08-26T10:01:57Z,2026-08-26T12:01:57+0200,de5651f7-a4c0-4808-ad66-e3bdff44187a,2026-08-09T21:00:00Z,2026-08-09T23:00:00+0200,0.0,MW,DK2,DK_2,actual_solar_generation,Solar,2026-08-26T10:27:13Z
2026-08-26T10:01:57Z,2026-08-26T12:01:57+0200,de5651f7-a4c0-4808-ad66-e3bdff44187a,2026-08-09T21:15:00Z,2026-08-09T23:15:00+0200,0.0,MW,DK2,DK_2,actual_solar_generation,Solar,2026-08-26T10:27:13Z
2026-08-26T10:01:57Z,2026-08-26T12:01:57+0200,de5651f7-a4c0-4808-ad66-e3bdff44187a,2026-08-09T21:30:00Z,2026-08-09T23:30:00+0200,0.0,MW,DK2,DK_2,actual_solar_generation,Solar,2026-08-26T10:27:13Z
2026-08-26T10:01:57Z,2026-08-26T12:01:57+0200,de5651f7-a4c0-4808-ad66-e3bdff44187a,2026-08-09T21:45:00Z,2026-08-09T23:45:00+0200,0.0,MW,DK2,DK_2,actual_solar_generation,Solar,2026-08-26T10:27:13Z
2026-08-26T10:01:57Z,2026-08-26T12:01:57+0200,de5651f7-a4c0-4808-ad66-e3bdff44187a,2026-08-09T22:00:00Z,2026-08-10T00:00:00+0200,0.0,MW,DK2,DK_2,actual_solar_generation,Solar,2026-08-26T10:27:13Z
2026-08-26T10:01:57Z,2026-08-26T12:01:57+0200,de5651f7-a4c0-4808-ad66-e3bdff44187a,2026-08-09T22:15:00Z,2026-08-10T00:15:00+0200,0.0,MW,DK2,DK_2,actual_solar_generation,Solar,2026-08-26T10:27:13Z
2026-08-26T10:01:57Z,2026-08-26T12:01:57+0200,de5651f7-a4c0-4808-ad66-e3bdff44187a,2026-08-09T22:30:00Z,2026-08-10T00:30:00+0200,0.0,MW,DK2,DK_2,actual_solar_generation,Solar,2026-08-26T10:27:13Z
2026-08-26T10:01:57Z,2026-08-26T12:01:57+0200,de5651f7-a4c0-4808-ad66-e3bdff44187a,2026-08-09T22:45:00Z,2026-08-10T00:45:00+0200,0.0,MW,DK2,DK_2,actual_solar_generation,Solar,2026-08-26T10:27:13Z
2026-08-26T10:01:57Z,2026-08-26T12:01:57+0200,de5651f7-a4c0-4808-ad66-e3bdff44187a,2026-08-09T23:00:00Z,2026-08-10T01:00:00+0200,0.0,MW,DK2,DK_2,actual_solar_generation,Solar,2026-08-26T10:27:13Z
2026-08-26T10:01:57Z,2026-08-26T12:01:57+0200,de5651f7-a4c0-4808-ad66-e3bdff44187a,2026-08-09T23:15:00Z,2026-08-10T01:15:00+0200,0.0,MW,DK2,DK_2,actual_solar_generation,Solar,2026-08-26T10:27:13Z
2026-08-26T10:01:57Z,2026-08-26T12:01:57+0200,de5651f7-a4c0-4808-ad66-e3bdff44187a,2026-08-09T23:30:00Z,2026-08-10T01:30:00+0200,0.0,MW,DK2,DK_2,actual_solar_generation,Solar,2026-08-26T10:27:13Z
2026-08-26T10:01:57Z,2026-08-26T12:01:57+0200,de5651f7-a4c0-4808-ad66-e3bdff44187a,2026-08-09T23:45:00Z,2026-08-10T01:45:00+0200,0.0,MW,DK2,DK_2,actual_solar_generation,Solar,2026-08-26T10:27:13Z
2026-08-26T10:01:57Z,2026-08-26T12:01:57+0200,de5651f7-a4c0-4808-ad66-e3bdff44187a,2026-08-10T00:00:00Z,2026-08-10T02:00:00+0200,0.0,MW,DK2,DK_2,actual_solar_generation,Solar,2026-08-26T10:27:13Z
2026-08-26T10:01:57Z,2026-08-26T12:01:57+0200,de5651f7-a4c0-4808-ad66-e3bdff44187a,2026-08-10T00:15:00Z,2026-08-10T02:15:00+0200,0.0,MW,DK2,DK_2,actual_solar_generation,Solar,2026-08-26T10:27:13Z
2026-08-26T10:01:57Z,2026-08-26T12:01:57+0200,de5651f7-a4c0-4808-ad66-e3bdff44187a,2026-08-10T00:30:00Z,2026-08-10T02:30:00+0200,0.0,MW,DK2,DK_2,actual_solar_generation,Solar,2026-08-26T10:27:13Z
2026-08-26T10:01:57Z,2026-08-26T12:01:57+0200,de5651f7-a4c0-4808-ad66-e3bdff44187a,2026-08-10T00:45:00Z,2026-08-10T02:45:00+0200,0.0,MW,DK2,DK_2,actual_solar_generation,Solar,2026-08-26T10:27:13Z
2026-08-26T10:01:57Z,2026-08-26T12:01:57+0200,de5651f7-a4c0-4808-ad66-e3bdff44187a,2026-08-10T01:00:00Z,2026-08-10T03:00:00+0200,0.0,MW,DK2,DK_2,actual_solar_generation,Solar,2026-08-26T10:27:13Z
2026-08-26T10:01:57Z,2026-08-26T12:01:57+0200,de5651f7-a4c0-4808-ad66-e3bdff44187a,2026-08-10T01:15:00Z,2026-08-10T03:15:00+0200,0.0,MW,DK2,DK_2,actual_solar_generation,Solar,2026-08-26T10:27:13Z
2026-08-26T10:01:57Z,2026-08-26T12:01:57+0200,de5651f7-a4c0-4808-ad66-e3bdff44187a,2026-08-10T01:30:00Z,2026-08-10T03:30:00+0200,0.0,MW,DK2,DK_2,actual_solar_generation,Solar,2026-08-26T10:27:13Z
2026-08-26T10:01:57Z,2026-08-26T12:01:57+0200,de5651f7-a4c0-4808-ad66-e3bdff44187a,2026-08-10T01:45:00Z,2026-08-10T03:45:00+0200,0.0,MW,DK2,DK_2,actual_solar_generation,Solar,2026-08-26T10:27:13Z
2026-08-26T10:01:57Z,2026-08-26T12:01:57+0200,de5651f7-a4c0-4808-ad66-e3bdff44187a,2026-08-10T02:00:00Z,2026-08-10T04:00:00+0200,0.0,MW,DK2,DK_2,actual_solar_generation,Solar,2026-08-26T10:27:13Z
2026-08-26T10:01:57Z,2026-08-26T12:01:57+0200,de5651f7-a4c0-4808-ad66-e3bdff44187a,2026-08-10T02:15:00Z,2026-08-10T04:15:00+0200,0.0,MW,DK2,DK_2,actual_solar_generation,Solar,2026-08-26T10:27:13Z
2026-08-26T10:01:57Z,2026-08-26T12:01:57+0200,de5651f7-a4c0-4808-ad66-e3bdff44187a,2026-08-10T02:30:00Z,2026-08-10T04:30:00+0200,0.0,MW,DK2,DK_2,actual_solar_generation,Solar,2026-08-26T10:27:13Z
2026-08-26T10:01:57Z,2026-08-26T12:01:57+0200,de5651f7-a4c0-4808-ad66-e3bdff44187a,2026-08-10T02:45:00Z,2026-08-10T04:45:00+0200,0.0,MW,DK2,DK_2,actual_solar_generation,Solar,2026-08-26T10:27:13Z
2026-08-26T10:01:57Z,2026-08-26T12:01:57+0200,de5651f7-a4c0-4808-ad66-e3bdff44187a,2026-08-10T03:00:00Z,2026-08-10T05:00:00+0200,0.0,MW,DK2,DK_2,actual_solar_generation,Solar,2026-08-26T10:27:13Z
2026-08-26T10:01:57Z,2026-08-26T12:01:57+0200,de5651f7-a4c0-4808-ad66-e3bdff44187a,2026-08-10T03:15:00Z,2026-08-10T05:15:00+0200,0.0,MW,DK2,DK_2,actual_solar_generation,Solar,2026-08-26T10:27:13Z
2026-08-26T10:01:57Z,2026-08-26T12:01:57+0200,de5651f7-a4c0-4808-ad66-e3bdff44187a,2026-08-10T03:30:00Z,2026-08-10T05:30:00+0200,0.0,MW,DK2,DK_2,actual_solar_generation,Solar,2026-08-26T10:27:13Z
2026-08-26T10:01:57Z,2026-08-26T12:01:57+0200,de5651f7-a4c0-4808-ad66-e3bdff44187a,2026-08-10T03:45:00Z,2026-08-10T05:45:00+0200,1.94266,MW,DK2,DK_2,actual_solar_generation,Solar,2026-08-26T10:27:13Z
2026-08-26T10:01:57Z,2026-08-26T12:01:57+0200,de5651f7-a4c0-4808-ad66-e3bdff44187a,2026-08-10T04:00:00Z,2026-08-10T06:00:00+0200,10.3494,MW,DK2,DK_2,actual_solar_generation,Solar,2026-08-26T10:27:13Z
2026-08-26T10:01:57Z,2026-08-26T12:01:57+0200,de5651f7-a4c0-4808-ad66-e3bdff44187a,2026-08-10T04:15:00Z,2026-08-10T06:15:00+0200,22.0343,MW,DK2,DK_2,actual_solar_generation,Solar,2026-08-26T10:27:13Z
2026-08-26T10:01:57Z,2026-08-26T12:01:57+0200,de5651f7-a4c0-4808-ad66-e3bdff44187a,2026-08-10T04:30:00Z,2026-08-10T06:30:00+0200,36.5174,MW,DK2,DK_2,actual_solar_generation,Solar,2026-08-26T10:27:13Z
2026-08-26T10:01:57Z,2026-08-26T12:01:57+0200,de5651f7-a4c0-4808-ad66-e3bdff44187a,2026-08-10T04:45:00Z,2026-08-10T06:45:00+0200,44.0491,MW,DK2,DK_2,actual_solar_generation,Solar,2026-08-26T10:27:13Z
2026-08-26T10:01:57Z,2026-08-26T12:01:57+0200,de5651f7-a4c0-4808-ad66-e3bdff44187a,2026-08-10T05:00:00Z,2026-08-10T07:00:00+0200,61.8014,MW,DK2,DK_2,actual_solar_generation,Solar,2026-08-26T10:27:13Z
2026-08-26T10:01:57Z,2026-08-26T12:01:57+0200,de5651f7-a4c0-4808-ad66-e3bdff44187a,2026-08-10T05:15:00Z,2026-08-10T07:15:00+0200,76.8582,MW,DK2,DK_2,actual_solar_generation,Solar,2026-08-26T10:27:13Z
2026-08-26T10:01:57Z,2026-08-26T12:01:57+0200,de5651f7-a4c0-4808-ad66-e3bdff44187a,2026-08-10T05:30:00Z,2026-08-10T07:30:00+0200,87.5993,MW,DK2,DK_2,actual_solar_generation,Solar,2026-08-26T10:27:13Z
2026-08-26T10:01:57Z,2026-08-26T12:01:57+0200,de5651f7-a4c0-4808-ad66-e3bdff44187a,2026-08-10T05:45:00Z,2026-08-10T07:45:00+0200,99.5664,MW,DK2,DK_2,actual_solar_generation,Solar,2026-08-26T10:27:13Z
2026-08-26T10:01:57Z,2026-08-26T12:01:57+0200,de5651f7-a4c0-4808-ad66-e3bdff44187a,2026-08-10T06:00:00Z,2026-08-10T08:00:00+0200,101.311,MW,DK2,DK_2,actual_solar_generation,Solar,2026-08-26T10:27:13Z
2026-08-26T10:01:57Z,2026-08-26T12:01:57+0200,de5651f7-a4c0-4808-ad66-e3bdff44187a,2026-08-10T06:15:00Z,2026-08-10T08:15:00+0200,101.503,MW,DK2,DK_2,actual_solar_generation,Solar,2026-08-26T10:27:13Z
2026-08-26T10:01:57Z,2026-08-26T12:01:57+0200,de5651f7-a4c0-4808-ad66-e3bdff44187a,2026-08-10T06:30:00Z,2026-08-10T08:30:00+0200,102.779,MW,DK2,DK_2,actual_solar_generation,Solar,2026-08-26T10:27:13Z
2026-08-26T10:01:57Z,2026-08-26T12:01:57+0200,de5651f7-a4c0-4808-ad66-e3bdff44187a,2026-08-10T06:45:00Z,2026-08-10T08:45:00+0200,109.03,MW,DK2,DK_2,actual_solar_generation,Solar,2026-08-26T10:27:13Z
2026-08-26T10:01:57Z,2026-08-26T12:01:57+0200,de5651f7-a4c0-4808-ad66-e3bdff44187a,2026-08-10T07:00:00Z,2026-08-10T09:00:00+0200,135.013,MW,DK2,DK_2,actual_solar_generation,Solar,2026-08-26T10:27:13Z
2026-08-26T10:01:57Z,2026-08-26T12:01:57+0200,de5651f7-a4c0-4808-ad66-e3bdff44187a,2026-08-10T07:15:00Z,2026-08-10T09:15:00+0200,132.945,MW,DK2,DK_2,actual_solar_generation,Solar,2026-08-26T10:27:13Z
2026-08-26T10:01:57Z,2026-08-26T12:01:57+0200,de5651f7-a4c0-4808-ad66-e3bdff44187a,2026-08-10T07:30:00Z,2026-08-10T09:30:00+0200,133.097,MW,DK2,DK_2,actual_solar_generation,Solar,2026-08-26T10:27:13Z
2026-08-26T10:01:57Z,2026-08-26T12:01:57+0200,de5651f7-a4c0-4808-ad66-e3bdff44187a,2026-08-10T07:45:00Z,2026-08-10T09:45:00+0200,141.53,MW,DK2,DK_2,actual_solar_generation,Solar,2026-08-26T10:27:13Z
2026-08-26T10:01:57Z,2026-08-26T12:01:57+0200,de5651f7-a4c0-4808-ad66-e3bdff44187a,2026-08-10T08:00:00Z,2026-08-10T10:00:00+0200,151.885,MW,DK2,DK_2,actual_solar_generation,Solar,2026-08-26T10:27:13Z
2026-08-26T10:01:57Z,2026-08-26T12:01:57+0200,de5651f7-a4c0-4808-ad66-e3bdff44187a,2026-08-10T08:15:00Z,2026-08-10T10:15:00+0200,149.681,MW,DK2,DK_2,actual_solar_generation,Solar,2026-08-26T10:27:13Z
2026-08-26T10:01:57Z,2026-08-26T12:01:57+0200,de5651f7-a4c0-4808-ad66-e3bdff44187a,2026-08-10T08:30:00Z,2026-08-10T10:30:00+0200,166.93,MW,DK2,DK_2,actual_solar_generation,Solar,2026-08-26T10:27:13Z
2026-08-26T10:01:57Z,2026-08-26T12:01:57+0200,de5651f7-a4c0-4808-ad66-e3bdff44187a,2026-08-10T08:45:00Z,2026-08-10T10:45:00+0200,177.686,MW,DK2,DK_2,actual_solar_generation,Solar,2026-08-26T10:27:13Z
2026-08-26T10:01:57Z,2026-08-26T12:01:57+0200,de5651f7-a4c0-4808-ad66-e3bdff44187a,2026-08-10T09:00:00Z,2026-08-10T11:00:00+0200,214.211,MW,DK2,DK_2,actual_solar_generation,Solar,2026-08-26T10:27:13Z
2026-08-26T10:01:57Z,2026-08-26T12:01:57+0200,de5651f7-a4c0-4808-ad66-e3bdff44187a,2026-08-10T09:15:00Z,2026-08-10T11:15:00+0200,226.368,MW,DK2,DK_2,actual_solar_generation,Solar,2026-08-26T10:27:13Z
2026-08-26T10:01:57Z,2026-08-26T12:01:57+0200,de5651f7-a4c0-4808-ad66-e3bdff44187a,2026-08-10T09:30:00Z,2026-08-10T11:30:00+0200,239.022,MW,DK2,DK_2,actual_solar_generation,Solar,2026-08-26T10:27:13Z
2026-08-26T10:01:57Z,2026-08-26T12:01:57+0200,de5651f7-a4c0-4808-ad66-e3bdff44187a,2026-08-10T09:45:00Z,2026-08-10T11:45:00+0200,239.842,MW,DK2,DK_2,actual_solar_generation,Solar,2026-08-26T10:27:13Z
2026-08-26T10:01:57Z,2026-08-26T12:01:57+0200,de5651f7-a4c0-4808-ad66-e3bdff44187a,2026-08-10T10:00:00Z,2026-08-10T12:00:00+0200,239.04,MW,DK2,DK_2,actual_solar_generation,Solar,2026-08-26T10:27:13Z
2026-08-26T10:01:57Z,2026-08-26T12:01:57+0200,de5651f7-a4c0-4808-ad66-e3bdff44187a,2026-08-10T10:15:00Z,2026-08-10T12:15:00+0200,303.419,MW,DK2,DK_2,actual_solar_generation,Solar,2026-08-26T10:27:13Z
2026-08-26T10:01:57Z,2026-08-26T12:01:57+0200,de5651f7-a4c0-4808-ad66-e3bdff44187a,2026-08-10T10:30:00Z,2026-08-10T12:30:00+0200,398.852,MW,DK2,DK_2,actual_solar_generation,Solar,2026-08-26T10:27:13Z
2026-08-26T10:01:57Z,2026-08-26T12:01:57+0200,de5651f7-a4c0-4808-ad66-e3bdff44187a,2026-08-10T10:45:00Z,2026-08-10T12:45:00+0200,449.629,MW,DK2,DK_2,actual_solar_generation,Solar,2026-08-26T10:27:13Z
2026-08-26T10:01:57Z,2026-08-26T12:01:57+0200,de5651f7-a4c0-4808-ad66-e3bdff44187a,2026-08-10T11:00:00Z,2026-08-10T13:00:00+0200,593.429,MW,DK2,DK_2,actual_solar_generation,Solar,2026-08-26T10:27:13Z
2026-08-26T10:01:57Z,2026-08-26T12:01:57+0200,de5651f7-a4c0-4808-ad66-e3bdff44187a,2026-08-10T11:15:00Z,2026-08-10T13:15:00+0200,684.991,MW,DK2,DK_2,actual_solar_generation,Solar,2026-08-26T10:27:13Z
2026-08-26T10:01:57Z,2026-08-26T12:01:57+0200,de5651f7-a4c0-4808-ad66-e3bdff44187a,2026-08-10T11:30:00Z,2026-08-10T13:30:00+0200,684.582,MW,DK2,DK_2,actual_solar_generation,Solar,2026-08-26T10:27:13Z
2026-08-26T10:01:57Z,2026-08-26T12:01:57+0200,de5651f7-a4c0-4808-ad66-e3bdff44187a,2026-08-10T11:45:00Z,2026-08-10T13:45:00+0200,666.025,MW,DK2,DK_2,actual_solar_generation,Solar,2026-08-26T10:27:13Z
2026-08-26T10:01:57Z,2026-08-26T12:01:57+0200,de5651f7-a4c0-4808-ad66-e3bdff44187a,2026-08-10T12:00:00Z,2026-08-10T14:00:00+0200,666.664,MW,DK2,DK_2,actual_solar_generation,Solar,2026-08-26T10:27:13Z
2026-08-26T10:01:57Z,2026-08-26T12:01:57+0200,de5651f7-a4c0-4808-ad66-e3bdff44187a,2026-08-10T12:15:00Z,2026-08-10T14:15:00+0200,617.709,MW,DK2,DK_2,actual_solar_generation,Solar,2026-08-26T10:27:13Z
2026-08-26T10:01:57Z,2026-08-26T12:01:57+0200,de5651f7-a4c0-4808-ad66-e3bdff44187a,2026-08-10T12:30:00Z,2026-08-10T14:30:00+0200,546.747,MW,DK2,DK_2,actual_solar_generation,Solar,2026-08-26T10:27:13Z
2026-08-26T10:01:57Z,2026-08-26T12:01:57+0200,de5651f7-a4c0-4808-ad66-e3bdff44187a,2026-08-10T12:45:00Z,2026-08-10T14:45:00+0200,589.588,MW,DK2,DK_2,actual_solar_generation,Solar,2026-08-26T10:27:13Z
2026-08-26T10:01:57Z,2026-08-26T12:01:57+0200,de5651f7-a4c0-4808-ad66-e3bdff44187a,2026-08-10T13:00:00Z,2026-08-10T15:00:00+0200,649.496,MW,DK2,DK_2,actual_solar_generation,Solar,2026-08-26T10:27:13Z
2026-08-26T10:01:57Z,2026-08-26T12:01:57+0200,de5651f7-a4c0-4808-ad66-e3bdff44187a,2026-08-10T13:15:00Z,2026-08-10T15:15:00+0200,684.086,MW,DK2,DK_2,actual_solar_generation,Solar,2026-08-26T10:27:13Z
2026-08-26T10:01:57Z,2026-08-26T12:01:57+0200,de5651f7-a4c0-4808-ad66-e3bdff44187a,2026-08-10T13:30:00Z,2026-08-10T15:30:00+0200,746.734,MW,DK2,DK_2,actual_solar_generation,Solar,2026-08-26T10:27:13Z
2026-08-26T10:01:57Z,2026-08-26T12:01:57+0200,de5651f7-a4c0-4808-ad66-e3bdff44187a,2026-08-10T13:45:00Z,2026-08-10T15:45:00+0200,748.71,MW,DK2,DK_2,actual_solar_generation,Solar,2026-08-26T10:27:13Z
2026-08-26T10:01:57Z,2026-08-26T12:01:57+0200,de5651f7-a4c0-4808-ad66-e3bdff44187a,2026-08-10T14:00:00Z,2026-08-10T16:00:00+0200,807.539,MW,DK2,DK_2,actual_solar_generation,Solar,2026-08-26T10:27:13Z
2026-08-26T10:01:57Z,2026-08-26T12:01:57+0200,de5651f7-a4c0-4808-ad66-e3bdff44187a,2026-08-10T14:15:00Z,2026-08-10T16:15:00+0200,778.801,MW,DK2,DK_2,actual_solar_generation,Solar,2026-08-26T10:27:13Z
2026-08-26T10:01:57Z,2026-08-26T12:01:57+0200,de5651f7-a4c0-4808-ad66-e3bdff44187a,2026-08-10T14:30:00Z,2026-08-10T16:30:00+0200,750.395,MW,DK2,DK_2,actual_solar_generation,Solar,2026-08-26T10:27:13Z
2026-08-26T10:01:57Z,2026-08-26T12:01:57+0200,de5651f7-a4c0-4808-ad66-e3bdff44187a,2026-08-10T14:45:00Z,2026-08-10T16:45:00+0200,677.035,MW,DK2,DK_2,actual_solar_generation,Solar,2026-08-26T10:27:13Z
2026-08-26T10:01:57Z,2026-08-26T12:01:57+0200,de5651f7-a4c0-4808-ad66-e3bdff44187a,2026-08-10T15:00:00Z,2026-08-10T17:00:00+0200,682.385,MW,DK2,DK_2,actual_solar_generation,Solar,2026-08-26T10:27:13Z
2026-08-26T10:01:57Z,2026-08-26T12:01:57+0200,de5651f7-a4c0-4808-ad66-e3bdff44187a,2026-08-10T15:15:00Z,2026-08-10T17:15:00+0200,632.238,MW,DK2,DK_2,actual_solar_generation,Solar,2026-08-26T10:27:13Z
2026-08-26T10:01:57Z,2026-08-26T12:01:57+0200,de5651f7-a4c0-4808-ad66-e3bdff44187a,2026-08-10T15:30:00Z,2026-08-10T17:30:00+0200,567.805,MW,DK2,DK_2,actual_solar_generation,Solar,2026-08-26T10:27:13Z
2026-08-26T10:01:57Z,2026-08-26T12:01:57+0200,de5651f7-a4c0-4808-ad66-e3bdff44187a,2026-08-10T15:45:00Z,2026-08-10T17:45:00+0200,520.963,MW,DK2,DK_2,actual_solar_generation,Solar,2026-08-26T10:27:13Z
2026-08-26T10:01:57Z,2026-08-26T12:01:57+0200,de5651f7-a4c0-4808-ad66-e3bdff44187a,2026-08-10T16:00:00Z,2026-08-10T18:00:00+0200,434.612,MW,DK2,DK_2,actual_solar_generation,Solar,2026-08-26T10:27:13Z
2026-08-26T10:01:57Z,2026-08-26T12:01:57+0200,de5651f7-a4c0-4808-ad66-e3bdff44187a,2026-08-10T16:15:00Z,2026-08-10T18:15:00+0200,374.051,MW,DK2,DK_2,actual_solar_generation,Solar,2026-08-26T10:27:13Z
2026-08-26T10:01:57Z,2026-08-26T12:01:57+0200,de5651f7-a4c0-4808-ad66-e3bdff44187a,2026-08-10T16:30:00Z,2026-08-10T18:30:00+0200,299.7,MW,DK2,DK_2,actual_solar_generation,Solar,2026-08-26T10:27:13Z
2026-08-26T10:01:57Z,2026-08-26T12:01:57+0200,de5651f7-a4c0-4808-ad66-e3bdff44187a,2026-08-10T16:45:00Z,2026-08-10T18:45:00+0200,225.723,MW,DK2,DK_2,actual_solar_generation,Solar,2026-08-26T10:27:13Z
2026-08-26T10:01:57Z,2026-08-26T12:01:57+0200,de5651f7-a4c0-4808-ad66-e3bdff44187a,2026-08-10T17:00:00Z,2026-08-10T19:00:00+0200,148.549,MW,DK2,DK_2,actual_solar_generation,Solar,2026-08-26T10:27:13Z
2026-08-26T10:01:57Z,2026-08-26T12:01:57+0200,de5651f7-a4c0-4808-ad66-e3bdff44187a,2026-08-10T17:15:00Z,2026-08-10T19:15:00+0200,109.592,MW,DK2,DK_2,actual_solar_generation,Solar,2026-08-26T10:27:13Z
2026-08-26T10:01:57Z,2026-08-26T12:01:57+0200,de5651f7-a4c0-4808-ad66-e3bdff44187a,2026-08-10T17:30:00Z,2026-08-10T19:30:00+0200,88.2643,MW,DK2,DK_2,actual_solar_generation,Solar,2026-08-26T10:27:13Z
2026-08-26T10:01:57Z,2026-08-26T12:01:57+0200,de5651f7-a4c0-4808-ad66-e3bdff44187a,2026-08-10T17:45:00Z,2026-08-10T19:45:00+0200,66.7106,MW,DK2,DK_2,actual_solar_generation,Solar,2026-08-26T10:27:13Z
2026-08-26T10:01:57Z,2026-08-26T12:01:57+0200,de5651f7-a4c0-4808-ad66-e3bdff44187a,2026-08-10T18:00:00Z,2026-08-10T20:00:00+0200,50.3988,MW,DK2,DK_2,actual_solar_generation,Solar,2026-08-26T10:27:13Z
2026-08-26T10:01:57Z,2026-08-26T12:01:57+0200,de5651f7-a4c0-4808-ad66-e3bdff44187a,2026-08-10T18:15:00Z,2026-08-10T20:15:00+0200,34.8676,MW,DK2,DK_2,actual_solar_generation,Solar,2026-08-26T10:27:13Z
2026-08-26T10:01:57Z,2026-08-26T12:01:57+0200,de5651f7-a4c0-4808-ad66-e3bdff44187a,2026-08-10T18:30:00Z,2026-08-10T20:30:00+0200,21.8359,MW,DK2,DK_2,actual_solar_generation,Solar,2026-08-26T10:27:13Z
2026-08-26T10:01:57Z,2026-08-26T12:01:57+0200,de5651f7-a4c0-4808-ad66-e3bdff44187a,2026-08-10T18:45:00Z,2026-08-10T20:45:00+0200,12.4036,MW,DK2,DK_2,actual_solar_generation,Solar,2026-08-26T10:27:13Z
2026-08-26T10:01:57Z,2026-08-26T12:01:57+0200,de5651f7-a4c0-4808-ad66-e3bdff44187a,2026-08-10T19:00:00Z,2026-08-10T21:00:00+0200,5.93772,MW,DK2,DK_2,actual_solar_generation,Solar,2026-08-26T10:27:13Z
2026-08-26T10:01:57Z,2026-08-26T12:01:57+0200,de5651f7-a4c0-4808-ad66-e3bdff44187a,2026-08-10T19:15:00Z,2026-08-10T21:15:00+0200,0.879255,MW,DK2,DK_2,actual_solar_generation,Solar,2026-08-26T10:27:13Z
2026-08-26T10:01:57Z,2026-08-26T12:01:57+0200,de5651f7-a4c0-4808-ad66-e3bdff44187a,2026-08-10T19:30:00Z,2026-08-10T21:30:00+0200,0.428743,MW,DK2,DK_2,actual_solar_generation,Solar,2026-08-26T10:27:13Z
2026-08-26T10:01:57Z,2026-08-26T12:01:57+0200,de5651f7-a4c0-4808-ad66-e3bdff44187a,2026-08-10T19:45:00Z,2026-08-10T21:45:00+0200,0.350857,MW,DK2,DK_2,actual_solar_generation,Solar,2026-08-26T10:27:13Z
2026-08-26T10:01:57Z,2026-08-26T12:01:57+0200,de5651f7-a4c0-4808-ad66-e3bdff44187a,2026-08-10T20:00:00Z,2026-08-10T22:00:00+0200,0.0,MW,DK2,DK_2,actual_solar_generation,Solar,2026-08-26T10:27:13Z
2026-08-26T10:01:57Z,2026-08-26T12:01:57+0200,de5651f7-a4c0-4808-ad66-e3bdff44187a,2026-08-10T20:15:00Z,2026-08-10T22:15:00+0200,0.756655,MW,DK2,DK_2,actual_solar_generation,Solar,2026-08-26T10:27:13Z
2026-08-26T10:01:57Z,2026-08-26T12:01:57+0200,de5651f7-a4c0-4808-ad66-e3bdff44187a,2026-08-10T20:30:00Z,2026-08-10T22:30:00+0200,0.0,MW,DK2,DK_2,actual_solar_generation,Solar,2026-08-26T10:27:13Z
2026-08-26T10:01:57Z,2026-08-26T12:01:57+0200,de5651f7-a4c0-4808-ad66-e3bdff44187a,2026-08-10T20:45:00Z,2026-08-10T22:45:00+0200,0.0,MW,DK2,DK_2,actual_solar_generation,Solar,2026-08-26T10:27:13Z
2026-08-26T10:01:57Z,2026-08-26T12:01:57+0200,de5651f7-a4c0-4808-ad66-e3bdff44187a,2026-08-10T21:00:00Z,2026-08-10T23:00:00+0200,0.0,MW,DK2,DK_2,actual_solar_generation,Solar,2026-08-26T10:27:13Z
2026-08-26T10:01:57Z,2026-08-26T12:01:57+0200,de5651f7-a4c0-4808-ad66-e3bdff44187a,2026-08-10T21:15:00Z,2026-08-10T23:15:00+0200,0.0,MW,DK2,DK_2,actual_solar_generation,Solar,2026-08-26T10:27:13Z
2026-08-26T10:01:57Z,2026-08-26T12:01:57+0200,de5651f7-a4c0-4808-ad66-e3bdff44187a,2026-08-10T21:30:00Z,2026-08-10T23:30:00+0200,0.0,MW,DK2,DK_2,actual_solar_generation,Solar,2026-08-26T10:27:13Z
2026-08-26T10:01:57Z,2026-08-26T12:01:57+0200,de5651f7-a4c0-4808-ad66-e3bdff44187a,2026-08-10T21:45:00Z,2026-08-10T23:45:00+0200,0.0,MW,DK2,DK_2,actual_solar_generation,Solar,2026-08-26T10:27:13Z
2026-08-26T10:01:57Z,2026-08-26T12:01:57+0200,de5651f7-a4c0-4808-ad66-e3bdff44187a,2026-08-10T22:00:00Z,2026-08-11T00:00:00+0200,0.0,MW,DK2,DK_2,actual_solar_generation,Solar,2026-08-26T10:27:13Z
2026-08-26T10:01:57Z,2026-08-26T12:01:57+0200,de5651f7-a4c0-4808-ad66-e3bdff44187a,2026-08-10T22:15:00Z,2026-08-11T00:15:00+0200,0.0,MW,DK2,DK_2,actual_solar_generation,Solar,2026-08-26T10:27:13Z
2026-08-26T10:01:57Z,2026-08-26T12:01:57+0200,de5651f7-a4c0-4808-ad66-e3bdff44187a,2026-08-10T22:30:00Z,2026-08-11T00:30:00+0200,0.0,MW,DK2,DK_2,actual_solar_generation,Solar,2026-08-26T10:27:13Z
2026-08-26T10:01:57Z,2026-08-26T12:01:57+0200,de5651f7-a4c0-4808-ad66-e3bdff44187a,2026-08-10T22:45:00Z,2026-08-11T00:45:00+0200,0.0,MW,DK2,DK_2,actual_solar_generation,Solar,2026-08-26T10:27:13Z
2026-08-26T10:01:57Z,2026-08-26T12:01:57+0200,de5651f7-a4c0-4808-ad66-e3bdff44187a,2026-08-10T23:00:00Z,2026-08-11T01:00:00+0200,0.0,MW,DK2,DK_2,actual_solar_generation,Solar,2026-08-26T10:27:13Z
2026-08-26T10:01:57Z,2026-08-26T12:01:57+0200,de5651f7-a4c0-4808-ad66-e3bdff44187a,2026-08-10T23:15:00Z,2026-08-11T01:15:00+0200,0.0,MW,DK2,DK_2,actual_solar_generation,Solar,2026-08-26T10:27:13Z
2026-08-26T10:01:57Z,2026-08-26T12:01:57+0200,de5651f7-a4c0-4808-ad66-e3bdff44187a,2026-08-10T23:30:00Z,2026-08-11T01:30:00+0200,0.0,MW,DK2,DK_2,actual_solar_generation,Solar,2026-08-26T10:27:13Z
2026-08-26T10:01:57Z,2026-08-26T12:01:57+0200,de5651f7-a4c0-4808-ad66-e3bdff44187a,2026-08-10T23:45:00Z,2026-08-11T01:45:00+0200,0.0,MW,DK2,DK_2,actual_solar_generation,Solar,2026-08-26T10:27:13Z
2026-08-26T10:01:57Z,2026-08-26T12:01:57+0200,de5651f7-a4c0-4808-ad66-e3bdff44187a,2026-08-11T00:00:00Z,2026-08-11T02:00:00+0200,0.0,MW,DK2,DK_2,actual_solar_generation,Solar,2026-08-26T10:27:13Z
2026-08-26T10:01:57Z,2026-08-26T12:01:57+0200,de5651f7-a4c0-4808-ad66-e3bdff44187a,2026-08-11T00:15:00Z,2026-08-11T02:15:00+0200,0.0,MW,DK2,DK_2,actual_solar_generation,Solar,2026-08-26T10:27:13Z
2026-08-26T10:01:57Z,2026-08-26T12:01:57+0200,de5651f7-a4c0-4808-ad66-e3bdff44187a,2026-08-11T00:30:00Z,2026-08-11T02:30:00+0200,0.0,MW,DK2,DK_2,actual_solar_generation,Solar,2026-08-26T10:27:13Z
2026-08-26T10:01:57Z,2026-08-26T12:01:57+0200,de5651f7-a4c0-4808-ad66-e3bdff44187a,2026-08-11T00:45:00Z,2026-08-11T02:45:00+0200,0.0,MW,DK2,DK_2,actual_solar_generation,Solar,2026-08-26T10:27:13Z
2026-08-26T10:01:57Z,2026-08-26T12:01:57+0200,de5651f7-a4c0-4808-ad66-e3bdff44187a,2026-08-11T01:00:00Z,2026-08-11T03:00:00+0200,0.0,MW,DK2,DK_2,actual_solar_generation,Solar,2026-08-26T10:27:13Z
2026-08-26T10:01:57Z,2026-08-26T12:01:57+0200,de5651f7-a4c0-4808-ad66-e3bdff44187a,2026-08-11T01:15:00Z,2026-08-11T03:15:00+0200,0.0,MW,DK2,DK_2,actual_solar_generation,Solar,2026-08-26T10:27:13Z
2026-08-26T10:01:57Z,2026-08-26T12:01:57+0200,de5651f7-a4c0-4808-ad66-e3bdff44187a,2026-08-11T01:30:00Z,2026-08-11T03:30:00+0200,0.0,MW,DK2,DK_2,actual_solar_generation,Solar,2026-08-26T10:27:13Z
2026-08-26T10:01:57Z,2026-08-26T12:01:57+0200,de5651f7-a4c0-4808-ad66-e3bdff44187a,2026-08-11T01:45:00Z,2026-08-11T03:45:00+0200,0.0,MW,DK2,DK_2,actual_solar_generation,Solar,2026-08-26T10:27:13Z
2026-08-26T10:01:57Z,2026-08-26T12:01:57+0200,de5651f7-a4c0-4808-ad66-e3bdff44187a,2026-08-11T02:00:00Z,2026-08-11T04:00:00+0200,0.0,MW,DK2,DK_2,actual_solar_generation,Solar,2026-08-26T10:27:13Z
2026-08-26T10:01:57Z,2026-08-26T12:01:57+0200,de5651f7-a4c0-4808-ad66-e3bdff44187a,2026-08-11T02:15:00Z,2026-08-11T04:15:00+0200,0.0,MW,DK2,DK_2,actual_solar_generation,Solar,2026-08-26T10:27:13Z
2026-08-26T10:01:57Z,2026-08-26T12:01:57+0200,de5651f7-a4c0-4808-ad66-e3bdff44187a,2026-08-11T02:30:00Z,2026-08-11T04:30:00+0200,0.0,MW,DK2,DK_2,actual_solar_generation,Solar,2026-08-26T10:27:13Z
2026-08-26T10:01:57Z,2026-08-26T12:01:57+0200,de5651f7-a4c0-4808-ad66-e3bdff44187a,2026-08-11T02:45:00Z,2026-08-11T04:45:00+0200,0.0,MW,DK2,DK_2,actual_solar_generation,Solar,2026-08-26T10:27:13Z
2026-08-26T10:01:57Z,2026-08-26T12:01:57+0200,de5651f7-a4c0-4808-ad66-e3bdff44187a,2026-08-11T03:00:00Z,2026-08-11T05:00:00+0200,0.0,MW,DK2,DK_2,actual_solar_generation,Solar,2026-08-26T10:27:13Z
2026-08-26T10:01:57Z,2026-08-26T12:01:57+0200,de5651f7-a4c0-4808-ad66-e3bdff44187a,2026-08-11T03:15:00Z,2026-08-11T05:15:00+0200,0.0,MW,DK2,DK_2,actual_solar_generation,Solar,2026-08-26T10:27:13Z
2026-08-26T10:01:57Z,2026-08-26T12:01:57+0200,de5651f7-a4c0-4808-ad66-e3bdff44187a,2026-08-11T03:30:00Z,2026-08-11T05:30:00+0200,1.04864,MW,DK2,DK_2,actual_solar_generation,Solar,2026-08-26T10:27:13Z
2026-08-26T10:01:57Z,2026-08-26T12:01:57+0200,de5651f7-a4c0-4808-ad66-e3bdff44187a,2026-08-11T03:45:00Z,2026-08-11T05:45:00+0200,8.17625,MW,DK2,DK_2,actual_solar_generation,Solar,2026-08-26T10:27:13Z
2026-08-26T10:01:57Z,2026-08-26T12:01:57+0200,de5651f7-a4c0-4808-ad66-e3bdff44187a,2026-08-11T04:00:00Z,2026-08-11T06:00:00+0200,21.1087,MW,DK2,DK_2,actual_solar_generation,Solar,2026-08-26T10:27:13Z
2026-08-26T10:01:57Z,2026-08-26T12:01:57+0200,de5651f7-a4c0-4808-ad66-e3bdff44187a,2026-08-11T04:15:00Z,2026-08-11T06:15:00+0200,38.4289,MW,DK2,DK_2,actual_solar_generation,Solar,2026-08-26T10:27:13Z
2026-08-26T10:01:57Z,2026-08-26T12:01:57+0200,de5651f7-a4c0-4808-ad66-e3bdff44187a,2026-08-11T04:30:00Z,2026-08-11T06:30:00+0200,63.0411,MW,DK2,DK_2,actual_solar_generation,Solar,2026-08-26T10:27:13Z
2026-08-26T10:01:57Z,2026-08-26T12:01:57+0200,de5651f7-a4c0-4808-ad66-e3bdff44187a,2026-08-11T04:45:00Z,2026-08-11T06:45:00+0200,89.8695,MW,DK2,DK_2,actual_solar_generation,Solar,2026-08-26T10:27:13Z
2026-08-26T10:01:57Z,2026-08-26T12:01:57+0200,de5651f7-a4c0-4808-ad66-e3bdff44187a,2026-08-11T05:00:00Z,2026-08-11T07:00:00+0200,122.988,MW,DK2,DK_2,actual_solar_generation,Solar,2026-08-26T10:27:13Z
2026-08-26T10:01:57Z,2026-08-26T12:01:57+0200,de5651f7-a4c0-4808-ad66-e3bdff44187a,2026-08-11T05:15:00Z,2026-08-11T07:15:00+0200,173.103,MW,DK2,DK_2,actual_solar_generation,Solar,2026-08-26T10:27:13Z
2026-08-26T10:01:57Z,2026-08-26T12:01:57+0200,de5651f7-a4c0-4808-ad66-e3bdff44187a,2026-08-11T05:30:00Z,2026-08-11T07:30:00+0200,226.224,MW,DK2,DK_2,actual_solar_generation,Solar,2026-08-26T10:27:13Z
2026-08-26T10:01:57Z,2026-08-26T12:01:57+0200,de5651f7-a4c0-4808-ad66-e3bdff44187a,2026-08-11T05:45:00Z,2026-08-11T07:45:00+0200,271.448,MW,DK2,DK_2,actual_solar_generation,Solar,2026-08-26T10:27:13Z
2026-08-26T10:01:57Z,2026-08-26T12:01:57+0200,de5651f7-a4c0-4808-ad66-e3bdff44187a,2026-08-11T06:00:00Z,2026-08-11T08:00:00+0200,344.046,MW,DK2,DK_2,actual_solar_generation,Solar,2026-08-26T10:27:13Z
2026-08-26T10:01:57Z,2026-08-26T12:01:57+0200,de5651f7-a4c0-4808-ad66-e3bdff44187a,2026-08-11T06:15:00Z,2026-08-11T08:15:00+0200,339.038,MW,DK2,DK_2,actual_solar_generation,Solar,2026-08-26T10:27:13Z
2026-08-26T10:01:57Z,2026-08-26T12:01:57+0200,de5651f7-a4c0-4808-ad66-e3bdff44187a,2026-08-11T06:30:00Z,2026-08-11T08:30:00+0200,358.65,MW,DK2,DK_2,actual_solar_generation,Solar,2026-08-26T10:27:13Z
2026-08-26T10:01:57Z,2026-08-26T12:01:57+0200,de5651f7-a4c0-4808-ad66-e3bdff44187a,2026-08-11T06:45:00Z,2026-08-11T08:45:00+0200,405.757,MW,DK2,DK_2,actual_solar_generation,Solar,2026-08-26T10:27:13Z
2026-08-26T10:01:57Z,2026-08-26T12:01:57+0200,de5651f7-a4c0-4808-ad66-e3bdff44187a,2026-08-11T07:00:00Z,2026-08-11T09:00:00+0200,456.991,MW,DK2,DK_2,actual_solar_generation,Solar,2026-08-26T10:27:13Z
2026-08-26T10:01:57Z,2026-08-26T12:01:57+0200,de5651f7-a4c0-4808-ad66-e3bdff44187a,2026-08-11T07:15:00Z,2026-08-11T09:15:00+0200,518.378,MW,DK2,DK_2,actual_solar_generation,Solar,2026-08-26T10:27:13Z
2026-08-26T10:01:57Z,2026-08-26T12:01:57+0200,de5651f7-a4c0-4808-ad66-e3bdff44187a,2026-08-11T07:30:00Z,2026-08-11T09:30:00+0200,578.534,MW,DK2,DK_2,actual_solar_generation,Solar,2026-08-26T10:27:13Z
2026-08-26T10:01:57Z,2026-08-26T12:01:57+0200,de5651f7-a4c0-4808-ad66-e3bdff44187a,2026-08-11T07:45:00Z,2026-08-11T09:45:00+0200,641.027,MW,DK2,DK_2,actual_solar_generation,Solar,2026-08-26T10:27:13Z
2026-08-26T10:01:57Z,2026-08-26T12:01:57+0200,de5651f7-a4c0-4808-ad66-e3bdff44187a,2026-08-11T08:00:00Z,2026-08-11T10:00:00+0200,675.897,MW,DK2,DK_2,actual_solar_generation,Solar,2026-08-26T10:27:13Z
2026-08-26T10:01:57Z,2026-08-26T12:01:57+0200,de5651f7-a4c0-4808-ad66-e3bdff44187a,2026-08-11T08:15:00Z,2026-08-11T10:15:00+0200,724.939,MW,DK2,DK_2,actual_solar_generation,Solar,2026-08-26T10:27:13Z
2026-08-26T10:01:57Z,2026-08-26T12:01:57+0200,de5651f7-a4c0-4808-ad66-e3bdff44187a,2026-08-11T08:30:00Z,2026-08-11T10:30:00+0200,750.919,MW,DK2,DK_2,actual_solar_generation,Solar,2026-08-26T10:27:13Z
2026-08-26T10:01:57Z,2026-08-26T12:01:57+0200,de5651f7-a4c0-4808-ad66-e3bdff44187a,2026-08-11T08:45:00Z,2026-08-11T10:45:00+0200,762.13,MW,DK2,DK_2,actual_solar_generation,Solar,2026-08-26T10:27:13Z
2026-08-26T10:01:57Z,2026-08-26T12:01:57+0200,de5651f7-a4c0-4808-ad66-e3bdff44187a,2026-08-11T09:00:00Z,2026-08-11T11:00:00+0200,808.808,MW,DK2,DK_2,actual_solar_generation,Solar,2026-08-26T10:27:13Z
2026-08-26T10:01:57Z,2026-08-26T12:01:57+0200,de5651f7-a4c0-4808-ad66-e3bdff44187a,2026-08-11T09:15:00Z,2026-08-11T11:15:00+0200,811.956,MW,DK2,DK_2,actual_solar_generation,Solar,2026-08-26T10:27:13Z
2026-08-26T10:01:57Z,2026-08-26T12:01:57+0200,de5651f7-a4c0-4808-ad66-e3bdff44187a,2026-08-11T09:30:00Z,2026-08-11T11:30:00+0200,843.193,MW,DK2,DK_2,actual_solar_generation,Solar,2026-08-26T10:27:13Z
2026-08-26T10:01:57Z,2026-08-26T12:01:57+0200,de5651f7-a4c0-4808-ad66-e3bdff44187a,2026-08-11T09:45:00Z,2026-08-11T11:45:00+0200,783.715,MW,DK2,DK_2,actual_solar_generation,Solar,2026-08-26T10:27:13Z
2026-08-26T10:01:57Z,2026-08-26T12:01:57+0200,de5651f7-a4c0-4808-ad66-e3bdff44187a,2026-08-11T10:00:00Z,2026-08-11T12:00:00+0200,786.044,MW,DK2,DK_2,actual_solar_generation,Solar,2026-08-26T10:27:13Z
2026-08-26T10:01:57Z,2026-08-26T12:01:57+0200,de5651f7-a4c0-4808-ad66-e3bdff44187a,2026-08-11T10:15:00Z,2026-08-11T12:15:00+0200,790.65,MW,DK2,DK_2,actual_solar_generation,Solar,2026-08-26T10:27:13Z
2026-08-26T10:01:57Z,2026-08-26T12:01:57+0200,de5651f7-a4c0-4808-ad66-e3bdff44187a,2026-08-11T10:30:00Z,2026-08-11T12:30:00+0200,725.089,MW,DK2,DK_2,actual_solar_generation,Solar,2026-08-26T10:27:13Z
2026-08-26T10:01:57Z,2026-08-26T12:01:57+0200,de5651f7-a4c0-4808-ad66-e3bdff44187a,2026-08-11T10:45:00Z,2026-08-11T12:45:00+0200,723.331,MW,DK2,DK_2,actual_solar_generation,Solar,2026-08-26T10:27:13Z
2026-08-26T10:01:57Z,2026-08-26T12:01:57+0200,de5651f7-a4c0-4808-ad66-e3bdff44187a,2026-08-11T11:00:00Z,2026-08-11T13:00:00+0200,764.441,MW,DK2,DK_2,actual_solar_generation,Solar,2026-08-26T10:27:13Z
2026-08-26T10:01:57Z,2026-08-26T12:01:57+0200,de5651f7-a4c0-4808-ad66-e3bdff44187a,2026-08-11T11:15:00Z,2026-08-11T13:15:00+0200,880.806,MW,DK2,DK_2,actual_solar_generation,Solar,2026-08-26T10:27:13Z
2026-08-26T10:01:57Z,2026-08-26T12:01:57+0200,de5651f7-a4c0-4808-ad66-e3bdff44187a,2026-08-11T11:30:00Z,2026-08-11T13:30:00+0200,891.545,MW,DK2,DK_2,actual_solar_generation,Solar,2026-08-26T10:27:13Z
2026-08-26T10:01:57Z,2026-08-26T12:01:57+0200,de5651f7-a4c0-4808-ad66-e3bdff44187a,2026-08-11T11:45:00Z,2026-08-11T13:45:00+0200,914.919,MW,DK2,DK_2,actual_solar_generation,Solar,2026-08-26T10:27:13Z
2026-08-26T10:01:57Z,2026-08-26T12:01:57+0200,de5651f7-a4c0-4808-ad66-e3bdff44187a,2026-08-11T12:00:00Z,2026-08-11T14:00:00+0200,912.527,MW,DK2,DK_2,actual_solar_generation,Solar,2026-08-26T10:27:13Z
2026-08-26T10:01:57Z,2026-08-26T12:01:57+0200,de5651f7-a4c0-4808-ad66-e3bdff44187a,2026-08-11T12:15:00Z,2026-08-11T14:15:00+0200,919.306,MW,DK2,DK_2,actual_solar_generation,Solar,2026-08-26T10:27:13Z
2026-08-26T10:01:57Z,2026-08-26T12:01:57+0200,de5651f7-a4c0-4808-ad66-e3bdff44187a,2026-08-11T12:30:00Z,2026-08-11T14:30:00+0200,909.155,MW,DK2,DK_2,actual_solar_generation,Solar,2026-08-26T10:27:13Z
2026-08-26T10:01:57Z,2026-08-26T12:01:57+0200,de5651f7-a4c0-4808-ad66-e3bdff44187a,2026-08-11T12:45:00Z,2026-08-11T14:45:00+0200,884.096,MW,DK2,DK_2,actual_solar_generation,Solar,2026-08-26T10:27:13Z
2026-08-26T10:01:57Z,2026-08-26T12:01:57+0200,de5651f7-a4c0-4808-ad66-e3bdff44187a,2026-08-11T13:00:00Z,2026-08-11T15:00:00+0200,893.443,MW,DK2,DK_2,actual_solar_generation,Solar,2026-08-26T10:27:13Z
2026-08-26T10:01:57Z,2026-08-26T12:01:57+0200,de5651f7-a4c0-4808-ad66-e3bdff44187a,2026-08-11T13:15:00Z,2026-08-11T15:15:00+0200,896.538,MW,DK2,DK_2,actual_solar_generation,Solar,2026-08-26T10:27:13Z
2026-08-26T10:01:57Z,2026-08-26T12:01:57+0200,de5651f7-a4c0-4808-ad66-e3bdff44187a,2026-08-11T13:30:00Z,2026-08-11T15:30:00+0200,833.727,MW,DK2,DK_2,actual_solar_generation,Solar,2026-08-26T10:27:13Z
2026-08-26T10:01:57Z,2026-08-26T12:01:57+0200,de5651f7-a4c0-4808-ad66-e3bdff44187a,2026-08-11T13:45:00Z,2026-08-11T15:45:00+0200,861.775,MW,DK2,DK_2,actual_solar_generation,Solar,2026-08-26T10:27:13Z
2026-08-26T10:01:57Z,2026-08-26T12:01:57+0200,de5651f7-a4c0-4808-ad66-e3bdff44187a,2026-08-11T14:00:00Z,2026-08-11T16:00:00+0200,859.028,MW,DK2,DK_2,actual_solar_generation,Solar,2026-08-26T10:27:13Z
2026-08-26T10:01:57Z,2026-08-26T12:01:57+0200,de5651f7-a4c0-4808-ad66-e3bdff44187a,2026-08-11T14:15:00Z,2026-08-11T16:15:00+0200,842.76,MW,DK2,DK_2,actual_solar_generation,Solar,2026-08-26T10:27:13Z
2026-08-26T10:01:57Z,2026-08-26T12:01:57+0200,de5651f7-a4c0-4808-ad66-e3bdff44187a,2026-08-11T14:30:00Z,2026-08-11T16:30:00+0200,777.401,MW,DK2,DK_2,actual_solar_generation,Solar,2026-08-26T10:27:13Z
2026-08-26T10:01:57Z,2026-08-26T12:01:57+0200,de5651f7-a4c0-4808-ad66-e3bdff44187a,2026-08-11T14:45:00Z,2026-08-11T16:45:00+0200,728.592,MW,DK2,DK_2,actual_solar_generation,Solar,2026-08-26T10:27:13Z
2026-08-26T10:01:57Z,2026-08-26T12:01:57+0200,de5651f7-a4c0-4808-ad66-e3bdff44187a,2026-08-11T15:00:00Z,2026-08-11T17:00:00+0200,676.671,MW,DK2,DK_2,actual_solar_generation,Solar,2026-08-26T10:27:13Z
2026-08-26T10:01:57Z,2026-08-26T12:01:57+0200,de5651f7-a4c0-4808-ad66-e3bdff44187a,2026-08-11T15:15:00Z,2026-08-11T17:15:00+0200,650.983,MW,DK2,DK_2,actual_solar_generation,Solar,2026-08-26T10:27:13Z
2026-08-26T10:01:57Z,2026-08-26T12:01:57+0200,de5651f7-a4c0-4808-ad66-e3bdff44187a,2026-08-11T15:30:00Z,2026-08-11T17:30:00+0200,554.629,MW,DK2,DK_2,actual_solar_generation,Solar,2026-08-26T10:27:13Z
2026-08-26T10:01:57Z,2026-08-26T12:01:57+0200,de5651f7-a4c0-4808-ad66-e3bdff44187a,2026-08-11T15:45:00Z,2026-08-11T17:45:00+0200,498.599,MW,DK2,DK_2,actual_solar_generation,Solar,2026-08-26T10:27:13Z
2026-08-26T10:01:57Z,2026-08-26T12:01:57+0200,de5651f7-a4c0-4808-ad66-e3bdff44187a,2026-08-11T16:00:00Z,2026-08-11T18:00:00+0200,395.964,MW,DK2,DK_2,actual_solar_generation,Solar,2026-08-26T10:27:13Z
2026-08-26T10:01:57Z,2026-08-26T12:01:57+0200,de5651f7-a4c0-4808-ad66-e3bdff44187a,2026-08-11T16:15:00Z,2026-08-11T18:15:00+0200,369.673,MW,DK2,DK_2,actual_solar_generation,Solar,2026-08-26T10:27:13Z
2026-08-26T10:01:57Z,2026-08-26T12:01:57+0200,de5651f7-a4c0-4808-ad66-e3bdff44187a,2026-08-11T16:30:00Z,2026-08-11T18:30:00+0200,306.641,MW,DK2,DK_2,actual_solar_generation,Solar,2026-08-26T10:27:13Z
2026-08-26T10:01:57Z,2026-08-26T12:01:57+0200,de5651f7-a4c0-4808-ad66-e3bdff44187a,2026-08-11T16:45:00Z,2026-08-11T18:45:00+0200,271.657,MW,DK2,DK_2,actual_solar_generation,Solar,2026-08-26T10:27:13Z
2026-08-26T10:01:57Z,2026-08-26T12:01:57+0200,de5651f7-a4c0-4808-ad66-e3bdff44187a,2026-08-11T17:00:00Z,2026-08-11T19:00:00+0200,203.782,MW,DK2,DK_2,actual_solar_generation,Solar,2026-08-26T10:27:13Z
2026-08-26T10:01:57Z,2026-08-26T12:01:57+0200,de5651f7-a4c0-4808-ad66-e3bdff44187a,2026-08-11T17:15:00Z,2026-08-11T19:15:00+0200,150.034,MW,DK2,DK_2,actual_solar_generation,Solar,2026-08-26T10:27:13Z
2026-08-26T10:01:57Z,2026-08-26T12:01:57+0200,de5651f7-a4c0-4808-ad66-e3bdff44187a,2026-08-11T17:30:00Z,2026-08-11T19:30:00+0200,111.751,MW,DK2,DK_2,actual_solar_generation,Solar,2026-08-26T10:27:13Z
2026-08-26T10:01:57Z,2026-08-26T12:01:57+0200,de5651f7-a4c0-4808-ad66-e3bdff44187a,2026-08-11T17:45:00Z,2026-08-11T19:45:00+0200,72.9246,MW,DK2,DK_2,actual_solar_generation,Solar,2026-08-26T10:27:13Z
2026-08-26T10:01:57Z,2026-08-26T12:01:57+0200,de5651f7-a4c0-4808-ad66-e3bdff44187a,2026-08-11T18:00:00Z,2026-08-11T20:00:00+0200,55.0923,MW,DK2,DK_2,actual_solar_generation,Solar,2026-08-26T10:27:13Z
2026-08-26T10:01:57Z,2026-08-26T12:01:57+0200,de5651f7-a4c0-4808-ad66-e3bdff44187a,2026-08-11T18:15:00Z,2026-08-11T20:15:00+0200,40.928,MW,DK2,DK_2,actual_solar_generation,Solar,2026-08-26T10:27:13Z
2026-08-26T10:01:57Z,2026-08-26T12:01:57+0200,de5651f7-a4c0-4808-ad66-e3bdff44187a,2026-08-11T18:30:00Z,2026-08-11T20:30:00+0200,26.8299,MW,DK2,DK_2,actual_solar_generation,Solar,2026-08-26T10:27:13Z
2026-08-26T10:01:57Z,2026-08-26T12:01:57+0200,de5651f7-a4c0-4808-ad66-e3bdff44187a,2026-08-11T18:45:00Z,2026-08-11T20:45:00+0200,13.8787,MW,DK2,DK_2,actual_solar_generation,Solar,2026-08-26T10:27:13Z
2026-08-26T10:01:57Z,2026-08-26T12:01:57+0200,de5651f7-a4c0-4808-ad66-e3bdff44187a,2026-08-11T19:00:00Z,2026-08-11T21:00:00+0200,8.90149,MW,DK2,DK_2,actual_solar_generation,Solar,2026-08-26T10:27:13Z
2026-08-26T10:01:57Z,2026-08-26T12:01:57+0200,de5651f7-a4c0-4808-ad66-e3bdff44187a,2026-08-11T19:15:00Z,2026-08-11T21:15:00+0200,3.71813,MW,DK2,DK_2,actual_solar_generation,Solar,2026-08-26T10:27:13Z
2026-08-26T10:01:57Z,2026-08-26T12:01:57+0200,de5651f7-a4c0-4808-ad66-e3bdff44187a,2026-08-11T19:30:00Z,2026-08-11T21:30:00+0200,0.24866,MW,DK2,DK_2,actual_solar_generation,Solar,2026-08-26T10:27:13Z
2026-08-26T10:01:57Z,2026-08-26T12:01:57+0200,de5651f7-a4c0-4808-ad66-e3bdff44187a,2026-08-11T19:45:00Z,2026-08-11T21:45:00+0200,0.24725,MW,DK2,DK_2,actual_solar_generation,Solar,2026-08-26T10:27:13Z
2026-08-26T10:01:57Z,2026-08-26T12:01:57+0200,de5651f7-a4c0-4808-ad66-e3bdff44187a,2026-08-11T20:00:00Z,2026-08-11T22:00:00+0200,0.0,MW,DK2,DK_2,actual_solar_generation,Solar,2026-08-26T10:27:13Z
2026-08-26T10:01:57Z,2026-08-26T12:01:57+0200,de5651f7-a4c0-4808-ad66-e3bdff44187a,2026-08-11T20:15:00Z,2026-08-11T22:15:00+0200,0.0,MW,DK2,DK_2,actual_solar_generation,Solar,2026-08-26T10:27:13Z
2026-08-26T10:01:57Z,2026-08-26T12:01:57+0200,de5651f7-a4c0-4808-ad66-e3bdff44187a,2026-08-11T20:30:00Z,2026-08-11T22:30:00+0200,0.0,MW,DK2,DK_2,actual_solar_generation,Solar,2026-08-26T10:27:13Z
2026-08-26T10:01:57Z,2026-08-26T12:01:57+0200,de5651f7-a4c0-4808-ad66-e3bdff44187a,2026-08-11T20:45:00Z,2026-08-11T22:45:00+0200,0.0,MW,DK2,DK_2,actual_solar_generation,Solar,2026-08-26T10:27:13Z
2026-08-26T10:01:57Z,2026-08-26T12:01:57+0200,de5651f7-a4c0-4808-ad66-e3bdff44187a,2026-08-11T21:00:00Z,2026-08-11T23:00:00+0200,0.0,MW,DK2,DK_2,actual_solar_generation,Solar,2026-08-26T10:27:13Z
2026-08-26T10:01:57Z,2026-08-26T12:01:57+0200,de5651f7-a4c0-4808-ad66-e3bdff44187a,2026-08-11T21:15:00Z,2026-08-11T23:15:00+0200,0.0,MW,DK2,DK_2,actual_solar_generation,Solar,2026-08-26T10:27:13Z
2026-08-26T10:01:57Z,2026-08-26T12:01:57+0200,de5651f7-a4c0-4808-ad66-e3bdff44187a,2026-08-11T21:30:00Z,2026-08-11T23:30:00+0200,0.0,MW,DK2,DK_2,actual_solar_generation,Solar,2026-08-26T10:27:13Z
2026-08-26T10:01:57Z,2026-08-26T12:01:57+0200,de5651f7-a4c0-4808-ad66-e3bdff44187a,2026-08-11T21:45:00Z,2026-08-11T23:45:00+0200,0.0,MW,DK2,DK_2,actual_solar_generation,Solar,2026-08-26T10:27:13Z
2026-08-26T10:01:57Z,2026-08-26T12:01:57+0200,de5651f7-a4c0-4808-ad66-e3bdff44187a,2026-08-11T22:00:00Z,2026-08-12T00:00:00+0200,0.0,MW,DK2,DK_2,actual_solar_generation,Solar,2026-08-26T10:27:13Z
2026-08-26T10:01:57Z,2026-08-26T12:01:57+0200,de5651f7-a4c0-4808-ad66-e3bdff44187a,2026-08-11T22:15:00Z,2026-08-12T00:15:00+0200,0.0,MW,DK2,DK_2,actual_solar_generation,Solar,2026-08-26T10:27:13Z
2026-08-26T10:01:57Z,2026-08-26T12:01:57+0200,de5651f7-a4c0-4808-ad66-e3bdff44187a,2026-08-11T22:30:00Z,2026-08-12T00:30:00+0200,0.0,MW,DK2,DK_2,actual_solar_generation,Solar,2026-08-26T10:27:13Z
2026-08-26T10:01:57Z,2026-08-26T12:01:57+0200,de5651f7-a4c0-4808-ad66-e3bdff44187a,2026-08-11T22:45:00Z,2026-08-12T00:45:00+0200,0.0,MW,DK2,DK_2,actual_solar_generation,Solar,2026-08-26T10:27:13Z
2026-08-26T10:01:57Z,2026-08-26T12:01:57+0200,de5651f7-a4c0-4808-ad66-e3bdff44187a,2026-08-11T23:00:00Z,2026-08-12T01:00:00+0200,0.0,MW,DK2,DK_2,actual_solar_generation,Solar,2026-08-26T10:27:13Z
2026-08-26T10:01:57Z,2026-08-26T12:01:57+0200,de5651f7-a4c0-4808-ad66-e3bdff44187a,2026-08-11T23:15:00Z,2026-08-12T01:15:00+0200,0.0,MW,DK2,DK_2,actual_solar_generation,Solar,2026-08-26T10:27:13Z
2026-08-26T10:01:57Z,2026-08-26T12:01:57+0200,de5651f7-a4c0-4808-ad66-e3bdff44187a,2026-08-11T23:30:00Z,2026-08-12T01:30:00+0200,0.0,MW,DK2,DK_2,actual_solar_generation,Solar,2026-08-26T10:27:13Z
2026-08-26T10:01:57Z,2026-08-26T12:01:57+0200,de5651f7-a4c0-4808-ad66-e3bdff44187a,2026-08-11T23:45:00Z,2026-08-12T01:45:00+0200,0.0,MW,DK2,DK_2,actual_solar_generation,Solar,2026-08-26T10:27:13Z
2026-08-26T10:01:57Z,2026-08-26T12:01:57+0200,de5651f7-a4c0-4808-ad66-e3bdff44187a,2026-08-12T00:00:00Z,2026-08-12T02:00:00+0200,0.0,MW,DK2,DK_2,actual_solar_generation,Solar,2026-08-26T10:27:13Z
2026-08-26T10:01:57Z,2026-08-26T12:01:57+0200,de5651f7-a4c0-4808-ad66-e3bdff44187a,2026-08-12T00:15:00Z,2026-08-12T02:15:00+0200,0.0,MW,DK2,DK_2,actual_solar_generation,Solar,2026-08-26T10:27:13Z
2026-08-26T10:01:57Z,2026-08-26T12:01:57+0200,de5651f7-a4c0-4808-ad66-e3bdff44187a,2026-08-12T00:30:00Z,2026-08-12T02:30:00+0200,0.0,MW,DK2,DK_2,actual_solar_generation,Solar,2026-08-26T10:27:13Z
2026-08-26T10:01:57Z,2026-08-26T12:01:57+0200,de5651f7-a4c0-4808-ad66-e3bdff44187a,2026-08-12T00:45:00Z,2026-08-12T02:45:00+0200,0.0,MW,DK2,DK_2,actual_solar_generation,Solar,2026-08-26T10:27:13Z
2026-08-26T10:01:57Z,2026-08-26T12:01:57+0200,de5651f7-a4c0-4808-ad66-e3bdff44187a,2026-08-12T01:00:00Z,2026-08-12T03:00:00+0200,0.0,MW,DK2,DK_2,actual_solar_generation,Solar,2026-08-26T10:27:13Z
2026-08-26T10:01:57Z,2026-08-26T12:01:57+0200,de5651f7-a4c0-4808-ad66-e3bdff44187a,2026-08-12T01:15:00Z,2026-08-12T03:15:00+0200,0.0,MW,DK2,DK_2,actual_solar_generation,Solar,2026-08-26T10:27:13Z
2026-08-26T10:01:57Z,2026-08-26T12:01:57+0200,de5651f7-a4c0-4808-ad66-e3bdff44187a,2026-08-12T01:30:00Z,2026-08-12T03:30:00+0200,0.0,MW,DK2,DK_2,actual_solar_generation,Solar,2026-08-26T10:27:13Z
2026-08-26T10:01:57Z,2026-08-26T12:01:57+0200,de5651f7-a4c0-4808-ad66-e3bdff44187a,2026-08-12T01:45:00Z,2026-08-12T03:45:00+0200,0.0,MW,DK2,DK_2,actual_solar_generation,Solar,2026-08-26T10:27:13Z
2026-08-26T10:01:57Z,2026-08-26T12:01:57+0200,de5651f7-a4c0-4808-ad66-e3bdff44187a,2026-08-12T02:00:00Z,2026-08-12T04:00:00+0200,0.0,MW,DK2,DK_2,actual_solar_generation,Solar,2026-08-26T10:27:13Z
2026-08-26T10:01:57Z,2026-08-26T12:01:57+0200,de5651f7-a4c0-4808-ad66-e3bdff44187a,2026-08-12T02:15:00Z,2026-08-12T04:15:00+0200,0.0,MW,DK2,DK_2,actual_solar_generation,Solar,2026-08-26T10:27:13Z
2026-08-26T10:01:57Z,2026-08-26T12:01:57+0200,de5651f7-a4c0-4808-ad66-e3bdff44187a,2026-08-12T02:30:00Z,2026-08-12T04:30:00+0200,0.0,MW,DK2,DK_2,actual_solar_generation,Solar,2026-08-26T10:27:13Z
2026-08-26T10:01:57Z,2026-08-26T12:01:57+0200,de5651f7-a4c0-4808-ad66-e3bdff44187a,2026-08-12T02:45:00Z,2026-08-12T04:45:00+0200,0.0,MW,DK2,DK_2,actual_solar_generation,Solar,2026-08-26T10:27:13Z
2026-08-26T10:01:57Z,2026-08-26T12:01:57+0200,de5651f7-a4c0-4808-ad66-e3bdff44187a,2026-08-12T03:00:00Z,2026-08-12T05:00:00+0200,0.0,MW,DK2,DK_2,actual_solar_generation,Solar,2026-08-26T10:27:13Z
2026-08-26T10:01:57Z,2026-08-26T12:01:57+0200,de5651f7-a4c0-4808-ad66-e3bdff44187a,2026-08-12T03:15:00Z,2026-08-12T05:15:00+0200,0.0,MW,DK2,DK_2,actual_solar_generation,Solar,2026-08-26T10:27:13Z
2026-08-26T10:01:57Z,2026-08-26T12:01:57+0200,de5651f7-a4c0-4808-ad66-e3bdff44187a,2026-08-12T03:30:00Z,2026-08-12T05:30:00+0200,0.465391,MW,DK2,DK_2,actual_solar_generation,Solar,2026-08-26T10:27:13Z
2026-08-26T10:01:57Z,2026-08-26T12:01:57+0200,de5651f7-a4c0-4808-ad66-e3bdff44187a,2026-08-12T03:45:00Z,2026-08-12T05:45:00+0200,5.95545,MW,DK2,DK_2,actual_solar_generation,Solar,2026-08-26T10:27:13Z
2026-08-26T10:01:57Z,2026-08-26T12:01:57+0200,de5651f7-a4c0-4808-ad66-e3bdff44187a,2026-08-12T04:00:00Z,2026-08-12T06:00:00+0200,17.1043,MW,DK2,DK_2,actual_solar_generation,Solar,2026-08-26T10:27:13Z
2026-08-26T10:01:57Z,2026-08-26T12:01:57+0200,de5651f7-a4c0-4808-ad66-e3bdff44187a,2026-08-12T04:15:00Z,2026-08-12T06:15:00+0200,32.7312,MW,DK2,DK_2,actual_solar_generation,Solar,2026-08-26T10:27:13Z
2026-08-26T10:01:57Z,2026-08-26T12:01:57+0200,de5651f7-a4c0-4808-ad66-e3bdff44187a,2026-08-12T04:30:00Z,2026-08-12T06:30:00+0200,53.0821,MW,DK2,DK_2,actual_solar_generation,Solar,2026-08-26T10:27:13Z
2026-08-26T10:01:57Z,2026-08-26T12:01:57+0200,de5651f7-a4c0-4808-ad66-e3bdff44187a,2026-08-12T04:45:00Z,2026-08-12T06:45:00+0200,78.2925,MW,DK2,DK_2,actual_solar_generation,Solar,2026-08-26T10:27:13Z
2026-08-26T10:01:57Z,2026-08-26T12:01:57+0200,de5651f7-a4c0-4808-ad66-e3bdff44187a,2026-08-12T05:00:00Z,2026-08-12T07:00:00+0200,111.668,MW,DK2,DK_2,actual_solar_generation,Solar,2026-08-26T10:27:13Z
2026-08-26T10:01:57Z,2026-08-26T12:01:57+0200,de5651f7-a4c0-4808-ad66-e3bdff44187a,2026-08-12T05:15:00Z,2026-08-12T07:15:00+0200,152.905,MW,DK2,DK_2,actual_solar_generation,Solar,2026-08-26T10:27:13Z
2026-08-26T10:01:57Z,2026-08-26T12:01:57+0200,de5651f7-a4c0-4808-ad66-e3bdff44187a,2026-08-12T05:30:00Z,2026-08-12T07:30:00+0200,203.273,MW,DK2,DK_2,actual_solar_generation,Solar,2026-08-26T10:27:13Z
2026-08-26T10:01:57Z,2026-08-26T12:01:57+0200,de5651f7-a4c0-4808-ad66-e3bdff44187a,2026-08-12T05:45:00Z,2026-08-12T07:45:00+0200,252.421,MW,DK2,DK_2,actual_solar_generation,Solar,2026-08-26T10:27:13Z
2026-08-26T10:01:57Z,2026-08-26T12:01:57+0200,de5651f7-a4c0-4808-ad66-e3bdff44187a,2026-08-12T06:00:00Z,2026-08-12T08:00:00+0200,315.633,MW,DK2,DK_2,actual_solar_generation,Solar,2026-08-26T10:27:13Z
2026-08-26T10:01:57Z,2026-08-26T12:01:57+0200,de5651f7-a4c0-4808-ad66-e3bdff44187a,2026-08-12T06:15:00Z,2026-08-12T08:15:00+0200,402.366,MW,DK2,DK_2,actual_solar_generation,Solar,2026-08-26T10:27:13Z
2026-08-26T10:01:57Z,2026-08-26T12:01:57+0200,de5651f7-a4c0-4808-ad66-e3bdff44187a,2026-08-12T06:30:00Z,2026-08-12T08:30:00+0200,470.61,MW,DK2,DK_2,actual_solar_generation,Solar,2026-08-26T10:27:13Z
2026-08-26T10:01:57Z,2026-08-26T12:01:57+0200,de5651f7-a4c0-4808-ad66-e3bdff44187a,2026-08-12T06:45:00Z,2026-08-12T08:45:00+0200,541.953,MW,DK2,DK_2,actual_solar_generation,Solar,2026-08-26T10:27:13Z
2026-08-26T10:01:57Z,2026-08-26T12:01:57+0200,de5651f7-a4c0-4808-ad66-e3bdff44187a,2026-08-12T07:00:00Z,2026-08-12T09:00:00+0200,600.104,MW,DK2,DK_2,actual_solar_generation,Solar,2026-08-26T10:27:13Z
2026-08-26T10:01:57Z,2026-08-26T12:01:57+0200,de5651f7-a4c0-4808-ad66-e3bdff44187a,2026-08-12T07:15:00Z,2026-08-12T09:15:00+0200,622.796,MW,DK2,DK_2,actual_solar_generation,Solar,2026-08-26T10:27:13Z
2026-08-26T10:01:57Z,2026-08-26T12:01:57+0200,de5651f7-a4c0-4808-ad66-e3bdff44187a,2026-08-12T07:30:00Z,2026-08-12T09:30:00+0200,651.346,MW,DK2,DK_2,actual_solar_generation,Solar,2026-08-26T10:27:13Z
2026-08-26T10:01:57Z,2026-08-26T12:01:57+0200,de5651f7-a4c0-4808-ad66-e3bdff44187a,2026-08-12T07:45:00Z,2026-08-12T09:45:00+0200,638.581,MW,DK2,DK_2,actual_solar_generation,Solar,2026-08-26T10:27:13Z
2026-08-26T10:01:57Z,2026-08-26T12:01:57+0200,de5651f7-a4c0-4808-ad66-e3bdff44187a,2026-08-12T08:00:00Z,2026-08-12T10:00:00+0200,711.659,MW,DK2,DK_2,actual_solar_generation,Solar,2026-08-26T10:27:13Z
2026-08-26T10:01:57Z,2026-08-26T12:01:57+0200,de5651f7-a4c0-4808-ad66-e3bdff44187a,2026-08-12T08:15:00Z,2026-08-12T10:15:00+0200,785.363,MW,DK2,DK_2,actual_solar_generation,Solar,2026-08-26T10:27:13Z
2026-08-26T10:01:57Z,2026-08-26T12:01:57+0200,de5651f7-a4c0-4808-ad66-e3bdff44187a,2026-08-12T08:30:00Z,2026-08-12T10:30:00+0200,734.028,MW,DK2,DK_2,actual_solar_generation,Solar,2026-08-26T10:27:13Z
2026-08-26T10:01:57Z,2026-08-26T12:01:57+0200,de5651f7-a4c0-4808-ad66-e3bdff44187a,2026-08-12T08:45:00Z,2026-08-12T10:45:00+0200,878.908,MW,DK2,DK_2,actual_solar_generation,Solar,2026-08-26T10:27:13Z
2026-08-26T10:01:57Z,2026-08-26T12:01:57+0200,de5651f7-a4c0-4808-ad66-e3bdff44187a,2026-08-12T09:00:00Z,2026-08-12T11:00:00+0200,889.771,MW,DK2,DK_2,actual_solar_generation,Solar,2026-08-26T10:27:13Z
2026-08-26T10:01:57Z,2026-08-26T12:01:57+0200,de5651f7-a4c0-4808-ad66-e3bdff44187a,2026-08-12T09:15:00Z,2026-08-12T11:15:00+0200,946.568,MW,DK2,DK_2,actual_solar_generation,Solar,2026-08-26T10:27:13Z
2026-08-26T10:01:57Z,2026-08-26T12:01:57+0200,de5651f7-a4c0-4808-ad66-e3bdff44187a,2026-08-12T09:30:00Z,2026-08-12T11:30:00+0200,978.907,MW,DK2,DK_2,actual_solar_generation,Solar,2026-08-26T10:27:13Z
2026-08-26T10:01:57Z,2026-08-26T12:01:57+0200,de5651f7-a4c0-4808-ad66-e3bdff44187a,2026-08-12T09:45:00Z,2026-08-12T11:45:00+0200,1031.86,MW,DK2,DK_2,actual_solar_generation,Solar,2026-08-26T10:27:13Z
2026-08-26T10:01:57Z,2026-08-26T12:01:57+0200,de5651f7-a4c0-4808-ad66-e3bdff44187a,2026-08-12T10:00:00Z,2026-08-12T12:00:00+0200,1055.99,MW,DK2,DK_2,actual_solar_generation,Solar,2026-08-26T10:27:13Z
2026-08-26T10:01:57Z,2026-08-26T12:01:57+0200,de5651f7-a4c0-4808-ad66-e3bdff44187a,2026-08-12T10:15:00Z,2026-08-12T12:15:00+0200,1052.68,MW,DK2,DK_2,actual_solar_generation,Solar,2026-08-26T10:27:13Z
2026-08-26T10:01:57Z,2026-08-26T12:01:57+0200,de5651f7-a4c0-4808-ad66-e3bdff44187a,2026-08-12T10:30:00Z,2026-08-12T12:30:00+0200,1093.31,MW,DK2,DK_2,actual_solar_generation,Solar,2026-08-26T10:27:13Z
2026-08-26T10:01:57Z,2026-08-26T12:01:57+0200,de5651f7-a4c0-4808-ad66-e3bdff44187a,2026-08-12T10:45:00Z,2026-08-12T12:45:00+0200,1097.89,MW,DK2,DK_2,actual_solar_generation,Solar,2026-08-26T10:27:13Z
2026-08-26T10:01:57Z,2026-08-26T12:01:57+0200,de5651f7-a4c0-4808-ad66-e3bdff44187a,2026-08-12T11:00:00Z,2026-08-12T13:00:00+0200,1107.7,MW,DK2,DK_2,actual_solar_generation,Solar,2026-08-26T10:27:13Z
2026-08-26T10:01:57Z,2026-08-26T12:01:57+0200,de5651f7-a4c0-4808-ad66-e3bdff44187a,2026-08-12T11:15:00Z,2026-08-12T13:15:00+0200,1105.19,MW,DK2,DK_2,actual_solar_generation,Solar,2026-08-26T10:27:13Z
2026-08-26T10:01:57Z,2026-08-26T12:01:57+0200,de5651f7-a4c0-4808-ad66-e3bdff44187a,2026-08-12T11:30:00Z,2026-08-12T13:30:00+0200,1107.46,MW,DK2,DK_2,actual_solar_generation,Solar,2026-08-26T10:27:13Z
2026-08-26T10:01:57Z,2026-08-26T12:01:57+0200,de5651f7-a4c0-4808-ad66-e3bdff44187a,2026-08-12T11:45:00Z,2026-08-12T13:45:00+0200,1088.09,MW,DK2,DK_2,actual_solar_generation,Solar,2026-08-26T10:27:13Z
2026-08-26T10:01:57Z,2026-08-26T12:01:57+0200,de5651f7-a4c0-4808-ad66-e3bdff44187a,2026-08-12T12:00:00Z,2026-08-12T14:00:00+0200,1087.5,MW,DK2,DK_2,actual_solar_generation,Solar,2026-08-26T10:27:13Z
2026-08-26T10:01:57Z,2026-08-26T12:01:57+0200,de5651f7-a4c0-4808-ad66-e3bdff44187a,2026-08-12T12:15:00Z,2026-08-12T14:15:00+0200,1078.52,MW,DK2,DK_2,actual_solar_generation,Solar,2026-08-26T10:27:13Z
2026-08-26T10:01:57Z,2026-08-26T12:01:57+0200,de5651f7-a4c0-4808-ad66-e3bdff44187a,2026-08-12T12:30:00Z,2026-08-12T14:30:00+0200,1070.43,MW,DK2,DK_2,actual_solar_generation,Solar,2026-08-26T10:27:13Z
2026-08-26T10:01:57Z,2026-08-26T12:01:57+0200,de5651f7-a4c0-4808-ad66-e3bdff44187a,2026-08-12T12:45:00Z,2026-08-12T14:45:00+0200,1058.16,MW,DK2,DK_2,actual_solar_generation,Solar,2026-08-26T10:27:13Z
2026-08-26T10:01:57Z,2026-08-26T12:01:57+0200,de5651f7-a4c0-4808-ad66-e3bdff44187a,2026-08-12T13:00:00Z,2026-08-12T15:00:00+0200,1037.37,MW,DK2,DK_2,actual_solar_generation,Solar,2026-08-26T10:27:13Z
2026-08-26T10:01:57Z,2026-08-26T12:01:57+0200,de5651f7-a4c0-4808-ad66-e3bdff44187a,2026-08-12T13:15:00Z,2026-08-12T15:15:00+0200,1023.44,MW,DK2,DK_2,actual_solar_generation,Solar,2026-08-26T10:27:13Z
2026-08-26T10:01:57Z,2026-08-26T12:01:57+0200,de5651f7-a4c0-4808-ad66-e3bdff44187a,2026-08-12T13:30:00Z,2026-08-12T15:30:00+0200,985.802,MW,DK2,DK_2,actual_solar_generation,Solar,2026-08-26T10:27:13Z
2026-08-26T10:01:57Z,2026-08-26T12:01:57+0200,de5651f7-a4c0-4808-ad66-e3bdff44187a,2026-08-12T13:45:00Z,2026-08-12T15:45:00+0200,980.482,MW,DK2,DK_2,actual_solar_generation,Solar,2026-08-26T10:27:13Z
2026-08-26T10:01:57Z,2026-08-26T12:01:57+0200,de5651f7-a4c0-4808-ad66-e3bdff44187a,2026-08-12T14:00:00Z,2026-08-12T16:00:00+0200,953.142,MW,DK2,DK_2,actual_solar_generation,Solar,2026-08-26T10:27:13Z
2026-08-26T10:01:57Z,2026-08-26T12:01:57+0200,de5651f7-a4c0-4808-ad66-e3bdff44187a,2026-08-12T14:15:00Z,2026-08-12T16:15:00+0200,913.892,MW,DK2,DK_2,actual_solar_generation,Solar,2026-08-26T10:27:13Z
2026-08-26T10:01:57Z,2026-08-26T12:01:57+0200,de5651f7-a4c0-4808-ad66-e3bdff44187a,2026-08-12T14:30:00Z,2026-08-12T16:30:00+0200,864.059,MW,DK2,DK_2,actual_solar_generation,Solar,2026-08-26T10:27:13Z
2026-08-26T10:01:57Z,2026-08-26T12:01:57+0200,de5651f7-a4c0-4808-ad66-e3bdff44187a,2026-08-12T14:45:00Z,2026-08-12T16:45:00+0200,813.506,MW,DK2,DK_2,actual_solar_generation,Solar,2026-08-26T10:27:13Z
2026-08-26T10:01:57Z,2026-08-26T12:01:57+0200,de5651f7-a4c0-4808-ad66-e3bdff44187a,2026-08-12T15:00:00Z,2026-08-12T17:00:00+0200,747.948,MW,DK2,DK_2,actual_solar_generation,Solar,2026-08-26T10:27:13Z
2026-08-26T10:01:57Z,2026-08-26T12:01:57+0200,de5651f7-a4c0-4808-ad66-e3bdff44187a,2026-08-12T15:15:00Z,2026-08-12T17:15:00+0200,672.076,MW,DK2,DK_2,actual_solar_generation,Solar,2026-08-26T10:27:13Z
2026-08-26T10:01:57Z,2026-08-26T12:01:57+0200,de5651f7-a4c0-4808-ad66-e3bdff44187a,2026-08-12T15:30:00Z,2026-08-12T17:30:00+0200,599.146,MW,DK2,DK_2,actual_solar_generation,Solar,2026-08-26T10:27:13Z
2026-08-26T10:01:57Z,2026-08-26T12:01:57+0200,de5651f7-a4c0-4808-ad66-e3bdff44187a,2026-08-12T15:45:00Z,2026-08-12T17:45:00+0200,506.456,MW,DK2,DK_2,actual_solar_generation,Solar,2026-08-26T10:27:13Z
2026-08-26T10:01:57Z,2026-08-26T12:01:57+0200,de5651f7-a4c0-4808-ad66-e3bdff44187a,2026-08-12T16:00:00Z,2026-08-12T18:00:00+0200,450.622,MW,DK2,DK_2,actual_solar_generation,Solar,2026-08-26T10:27:13Z
2026-08-26T10:01:57Z,2026-08-26T12:01:57+0200,de5651f7-a4c0-4808-ad66-e3bdff44187a,2026-08-12T16:15:00Z,2026-08-12T18:15:00+0200,376.577,MW,DK2,DK_2,actual_solar_generation,Solar,2026-08-26T10:27:13Z
2026-08-26T10:01:57Z,2026-08-26T12:01:57+0200,de5651f7-a4c0-4808-ad66-e3bdff44187a,2026-08-12T16:30:00Z,2026-08-12T18:30:00+0200,317.974,MW,DK2,DK_2,actual_solar_generation,Solar,2026-08-26T10:27:13Z
2026-08-26T10:01:57Z,2026-08-26T12:01:57+0200,de5651f7-a4c0-4808-ad66-e3bdff44187a,2026-08-12T16:45:00Z,2026-08-12T18:45:00+0200,265.169,MW,DK2,DK_2,actual_solar_generation,Solar,2026-08-26T10:27:13Z
2026-08-26T10:01:57Z,2026-08-26T12:01:57+0200,de5651f7-a4c0-4808-ad66-e3bdff44187a,2026-08-12T17:00:00Z,2026-08-12T19:00:00+0200,211.79,MW,DK2,DK_2,actual_solar_generation,Solar,2026-08-26T10:27:13Z
2026-08-26T10:01:57Z,2026-08-26T12:01:57+0200,de5651f7-a4c0-4808-ad66-e3bdff44187a,2026-08-12T17:15:00Z,2026-08-12T19:15:00+0200,147.272,MW,DK2,DK_2,actual_solar_generation,Solar,2026-08-26T10:27:13Z
2026-08-26T10:01:57Z,2026-08-26T12:01:57+0200,de5651f7-a4c0-4808-ad66-e3bdff44187a,2026-08-12T17:30:00Z,2026-08-12T19:30:00+0200,75.7544,MW,DK2,DK_2,actual_solar_generation,Solar,2026-08-26T10:27:13Z
2026-08-26T10:01:57Z,2026-08-26T12:01:57+0200,de5651f7-a4c0-4808-ad66-e3bdff44187a,2026-08-12T17:45:00Z,2026-08-12T19:45:00+0200,25.0046,MW,DK2,DK_2,actual_solar_generation,Solar,2026-08-26T10:27:13Z
2026-08-26T10:01:57Z,2026-08-26T12:01:57+0200,de5651f7-a4c0-4808-ad66-e3bdff44187a,2026-08-12T18:00:00Z,2026-08-12T20:00:00+0200,4.50308,MW,DK2,DK_2,actual_solar_generation,Solar,2026-08-26T10:27:13Z
2026-08-26T10:01:57Z,2026-08-26T12:01:57+0200,de5651f7-a4c0-4808-ad66-e3bdff44187a,2026-08-12T18:15:00Z,2026-08-12T20:15:00+0200,6.44382,MW,DK2,DK_2,actual_solar_generation,Solar,2026-08-26T10:27:13Z
2026-08-26T10:01:57Z,2026-08-26T12:01:57+0200,de5651f7-a4c0-4808-ad66-e3bdff44187a,2026-08-12T18:30:00Z,2026-08-12T20:30:00+0200,5.81878,MW,DK2,DK_2,actual_solar_generation,Solar,2026-08-26T10:27:13Z
2026-08-26T10:01:57Z,2026-08-26T12:01:57+0200,de5651f7-a4c0-4808-ad66-e3bdff44187a,2026-08-12T18:45:00Z,2026-08-12T20:45:00+0200,1.24256,MW,DK2,DK_2,actual_solar_generation,Solar,2026-08-26T10:27:13Z
2026-08-26T10:01:57Z,2026-08-26T12:01:57+0200,de5651f7-a4c0-4808-ad66-e3bdff44187a,2026-08-12T19:00:00Z,2026-08-12T21:00:00+0200,0.128583,MW,DK2,DK_2,actual_solar_generation,Solar,2026-08-26T10:27:13Z
2026-08-26T10:01:57Z,2026-08-26T12:01:57+0200,de5651f7-a4c0-4808-ad66-e3bdff44187a,2026-08-12T19:15:00Z,2026-08-12T21:15:00+0200,0.161543,MW,DK2,DK_2,actual_solar_generation,Solar,2026-08-26T10:27:13Z
2026-08-26T10:01:57Z,2026-08-26T12:01:57+0200,de5651f7-a4c0-4808-ad66-e3bdff44187a,2026-08-12T19:30:00Z,2026-08-12T21:30:00+0200,0.305868,MW,DK2,DK_2,actual_solar_generation,Solar,2026-08-26T10:27:13Z
2026-08-26T10:01:57Z,2026-08-26T12:01:57+0200,de5651f7-a4c0-4808-ad66-e3bdff44187a,2026-08-12T19:45:00Z,2026-08-12T21:45:00+0200,0.296864,MW,DK2,DK_2,actual_solar_generation,Solar,2026-08-26T10:27:13Z
2026-08-26T10:01:57Z,2026-08-26T12:01:57+0200,de5651f7-a4c0-4808-ad66-e3bdff44187a,2026-08-12T20:00:00Z,2026-08-12T22:00:00+0200,0.0,MW,DK2,DK_2,actual_solar_generation,Solar,2026-08-26T10:27:13Z
2026-08-26T10:01:57Z,2026-08-26T12:01:57+0200,de5651f7-a4c0-4808-ad66-e3bdff44187a,2026-08-12T20:15:00Z,2026-08-12T22:15:00+0200,0.0,MW,DK2,DK_2,actual_solar_generation,Solar,2026-08-26T10:27:13Z
2026-08-26T10:01:57Z,2026-08-26T12:01:57+0200,de5651f7-a4c0-4808-ad66-e3bdff44187a,2026-08-12T20:30:00Z,2026-08-12T22:30:00+0200,0.0,MW,DK2,DK_2,actual_solar_generation,Solar,2026-08-26T10:27:13Z
2026-08-26T10:01:57Z,2026-08-26T12:01:57+0200,de5651f7-a4c0-4808-ad66-e3bdff44187a,2026-08-12T20:45:00Z,2026-08-12T22:45:00+0200,0.0,MW,DK2,DK_2,actual_solar_generation,Solar,2026-08-26T10:27:13Z
2026-08-26T10:01:57Z,2026-08-26T12:01:57+0200,de5651f7-a4c0-4808-ad66-e3bdff44187a,2026-08-12T21:00:00Z,2026-08-12T23:00:00+0200,0.0,MW,DK2,DK_2,actual_solar_generation,Solar,2026-08-26T10:27:13Z
2026-08-26T10:01:57Z,2026-08-26T12:01:57+0200,de5651f7-a4c0-4808-ad66-e3bdff44187a,2026-08-12T21:15:00Z,2026-08-12T23:15:00+0200,0.0,MW,DK2,DK_2,actual_solar_generation,Solar,2026-08-26T10:27:13Z
2026-08-26T10:01:57Z,2026-08-26T12:01:57+0200,de5651f7-a4c0-4808-ad66-e3bdff44187a,2026-08-12T21:30:00Z,2026-08-12T23:30:00+0200,0.0,MW,DK2,DK_2,actual_solar_generation,Solar,2026-08-26T10:27:13Z
2026-08-26T10:01:57Z,2026-08-26T12:01:57+0200,de5651f7-a4c0-4808-ad66-e3bdff44187a,2026-08-12T21:45:00Z,2026-08-12T23:45:00+0200,0.0,MW,DK2,DK_2,actual_solar_generation,Solar,2026-08-26T10:27:13Z
2026-08-26T10:01:57Z,2026-08-26T12:01:57+0200,de5651f7-a4c0-4808-ad66-e3bdff44187a,2026-08-12T22:00:00Z,2026-08-13T00:00:00+0200,0.0,MW,DK2,DK_2,actual_solar_generation,Solar,2026-08-26T10:27:13Z
2026-08-26T10:01:57Z,2026-08-26T12:01:57+0200,de5651f7-a4c0-4808-ad66-e3bdff44187a,2026-08-12T22:15:00Z,2026-08-13T00:15:00+0200,0.0,MW,DK2,DK_2,actual_solar_generation,Solar,2026-08-26T10:27:13Z
2026-08-26T10:01:57Z,2026-08-26T12:01:57+0200,de5651f7-a4c0-4808-ad66-e3bdff44187a,2026-08-12T22:30:00Z,2026-08-13T00:30:00+0200,0.0,MW,DK2,DK_2,actual_solar_generation,Solar,2026-08-26T10:27:13Z
2026-08-26T10:01:57Z,2026-08-26T12:01:57+0200,de5651f7-a4c0-4808-ad66-e3bdff44187a,2026-08-12T22:45:00Z,2026-08-13T00:45:00+0200,0.0,MW,DK2,DK_2,actual_solar_generation,Solar,2026-08-26T10:27:13Z
2026-08-26T10:01:57Z,2026-08-26T12:01:57+0200,de5651f7-a4c0-4808-ad66-e3bdff44187a,2026-08-12T23:00:00Z,2026-08-13T01:00:00+0200,0.0,MW,DK2,DK_2,actual_solar_generation,Solar,2026-08-26T10:27:13Z
2026-08-26T10:01:57Z,2026-08-26T12:01:57+0200,de5651f7-a4c0-4808-ad66-e3bdff44187a,2026-08-12T23:15:00Z,2026-08-13T01:15:00+0200,0.0,MW,DK2,DK_2,actual_solar_generation,Solar,2026-08-26T10:27:13Z
2026-08-26T10:01:57Z,2026-08-26T12:01:57+0200,de5651f7-a4c0-4808-ad66-e3bdff44187a,2026-08-12T23:30:00Z,2026-08-13T01:30:00+0200,0.0,MW,DK2,DK_2,actual_solar_generation,Solar,2026-08-26T10:27:13Z
2026-08-26T10:01:57Z,2026-08-26T12:01:57+0200,de5651f7-a4c0-4808-ad66-e3bdff44187a,2026-08-12T23:45:00Z,2026-08-13T01:45:00+0200,0.0,MW,DK2,DK_2,actual_solar_generation,Solar,2026-08-26T10:27:13Z
2026-08-26T10:01:57Z,2026-08-26T12:01:57+0200,de5651f7-a4c0-4808-ad66-e3bdff44187a,2026-08-13T00:00:00Z,2026-08-13T02:00:00+0200,0.0,MW,DK2,DK_2,actual_solar_generation,Solar,2026-08-26T10:27:13Z
2026-08-26T10:01:57Z,2026-08-26T12:01:57+0200,de5651f7-a4c0-4808-ad66-e3bdff44187a,2026-08-13T00:15:00Z,2026-08-13T02:15:00+0200,0.0,MW,DK2,DK_2,actual_solar_generation,Solar,2026-08-26T10:27:13Z
2026-08-26T10:01:57Z,2026-08-26T12:01:57+0200,de5651f7-a4c0-4808-ad66-e3bdff44187a,2026-08-13T00:30:00Z,2026-08-13T02:30:00+0200,0.0,MW,DK2,DK_2,actual_solar_generation,Solar,2026-08-26T10:27:13Z
2026-08-26T10:01:57Z,2026-08-26T12:01:57+0200,de5651f7-a4c0-4808-ad66-e3bdff44187a,2026-08-13T00:45:00Z,2026-08-13T02:45:00+0200,0.0,MW,DK2,DK_2,actual_solar_generation,Solar,2026-08-26T10:27:13Z
2026-08-26T10:01:57Z,2026-08-26T12:01:57+0200,de5651f7-a4c0-4808-ad66-e3bdff44187a,2026-08-13T01:00:00Z,2026-08-13T03:00:00+0200,0.0,MW,DK2,DK_2,actual_solar_generation,Solar,2026-08-26T10:27:13Z
2026-08-26T10:01:57Z,2026-08-26T12:01:57+0200,de5651f7-a4c0-4808-ad66-e3bdff44187a,2026-08-13T01:15:00Z,2026-08-13T03:15:00+0200,0.0,MW,DK2,DK_2,actual_solar_generation,Solar,2026-08-26T10:27:13Z
2026-08-26T10:01:57Z,2026-08-26T12:01:57+0200,de5651f7-a4c0-4808-ad66-e3bdff44187a,2026-08-13T01:30:00Z,2026-08-13T03:30:00+0200,0.0,MW,DK2,DK_2,actual_solar_generation,Solar,2026-08-26T10:27:13Z
2026-08-26T10:01:57Z,2026-08-26T12:01:57+0200,de5651f7-a4c0-4808-ad66-e3bdff44187a,2026-08-13T01:45:00Z,2026-08-13T03:45:00+0200,0.0,MW,DK2,DK_2,actual_solar_generation,Solar,2026-08-26T10:27:13Z
2026-08-26T10:01:57Z,2026-08-26T12:01:57+0200,de5651f7-a4c0-4808-ad66-e3bdff44187a,2026-08-13T02:00:00Z,2026-08-13T04:00:00+0200,0.0,MW,DK2,DK_2,actual_solar_generation,Solar,2026-08-26T10:27:13Z
2026-08-26T10:01:57Z,2026-08-26T12:01:57+0200,de5651f7-a4c0-4808-ad66-e3bdff44187a,2026-08-13T02:15:00Z,2026-08-13T04:15:00+0200,0.0,MW,DK2,DK_2,actual_solar_generation,Solar,2026-08-26T10:27:13Z
2026-08-26T10:01:57Z,2026-08-26T12:01:57+0200,de5651f7-a4c0-4808-ad66-e3bdff44187a,2026-08-13T02:30:00Z,2026-08-13T04:30:00+0200,0.0,MW,DK2,DK_2,actual_solar_generation,Solar,2026-08-26T10:27:13Z
2026-08-26T10:01:57Z,2026-08-26T12:01:57+0200,de5651f7-a4c0-4808-ad66-e3bdff44187a,2026-08-13T02:45:00Z,2026-08-13T04:45:00+0200,0.0,MW,DK2,DK_2,actual_solar_generation,Solar,2026-08-26T10:27:13Z
2026-08-26T10:01:57Z,2026-08-26T12:01:57+0200,de5651f7-a4c0-4808-ad66-e3bdff44187a,2026-08-13T03:00:00Z,2026-08-13T05:00:00+0200,0.0,MW,DK2,DK_2,actual_solar_generation,Solar,2026-08-26T10:27:13Z
2026-08-26T10:01:57Z,2026-08-26T12:01:57+0200,de5651f7-a4c0-4808-ad66-e3bdff44187a,2026-08-13T03:15:00Z,2026-08-13T05:15:00+0200,0.0,MW,DK2,DK_2,actual_solar_generation,Solar,2026-08-26T10:27:13Z
2026-08-26T10:01:57Z,2026-08-26T12:01:57+0200,de5651f7-a4c0-4808-ad66-e3bdff44187a,2026-08-13T03:30:00Z,2026-08-13T05:30:00+0200,0.0,MW,DK2,DK_2,actual_solar_generation,Solar,2026-08-26T10:27:13Z
2026-08-26T10:01:57Z,2026-08-26T12:01:57+0200,de5651f7-a4c0-4808-ad66-e3bdff44187a,2026-08-13T03:45:00Z,2026-08-13T05:45:00+0200,4.59172,MW,DK2,DK_2,actual_solar_generation,Solar,2026-08-26T10:27:13Z
2026-08-26T10:01:57Z,2026-08-26T12:01:57+0200,de5651f7-a4c0-4808-ad66-e3bdff44187a,2026-08-13T04:00:00Z,2026-08-13T06:00:00+0200,16.9138,MW,DK2,DK_2,actual_solar_generation,Solar,2026-08-26T10:27:13Z
2026-08-26T10:01:57Z,2026-08-26T12:01:57+0200,de5651f7-a4c0-4808-ad66-e3bdff44187a,2026-08-13T04:15:00Z,2026-08-13T06:15:00+0200,33.683,MW,DK2,DK_2,actual_solar_generation,Solar,2026-08-26T10:27:13Z
2026-08-26T10:01:57Z,2026-08-26T12:01:57+0200,de5651f7-a4c0-4808-ad66-e3bdff44187a,2026-08-13T04:30:00Z,2026-08-13T06:30:00+0200,56.1663,MW,DK2,DK_2,actual_solar_generation,Solar,2026-08-26T10:27:13Z
2026-08-26T10:01:57Z,2026-08-26T12:01:57+0200,de5651f7-a4c0-4808-ad66-e3bdff44187a,2026-08-13T04:45:00Z,2026-08-13T06:45:00+0200,81.8615,MW,DK2,DK_2,actual_solar_generation,Solar,2026-08-26T10:27:13Z
2026-08-26T10:01:57Z,2026-08-26T12:01:57+0200,de5651f7-a4c0-4808-ad66-e3bdff44187a,2026-08-13T05:00:00Z,2026-08-13T07:00:00+0200,117.559,MW,DK2,DK_2,actual_solar_generation,Solar,2026-08-26T10:27:13Z
2026-08-26T10:01:57Z,2026-08-26T12:01:57+0200,de5651f7-a4c0-4808-ad66-e3bdff44187a,2026-08-13T05:15:00Z,2026-08-13T07:15:00+0200,162.772,MW,DK2,DK_2,actual_solar_generation,Solar,2026-08-26T10:27:13Z
2026-08-26T10:01:57Z,2026-08-26T12:01:57+0200,de5651f7-a4c0-4808-ad66-e3bdff44187a,2026-08-13T05:30:00Z,2026-08-13T07:30:00+0200,215.788,MW,DK2,DK_2,actual_solar_generation,Solar,2026-08-26T10:27:13Z
2026-08-26T10:01:57Z,2026-08-26T12:01:57+0200,de5651f7-a4c0-4808-ad66-e3bdff44187a,2026-08-13T05:45:00Z,2026-08-13T07:45:00+0200,277.94,MW,DK2,DK_2,actual_solar_generation,Solar,2026-08-26T10:27:13Z
2026-08-26T10:01:57Z,2026-08-26T12:01:57+0200,de5651f7-a4c0-4808-ad66-e3bdff44187a,2026-08-13T06:00:00Z,2026-08-13T08:00:00+0200,338.45,MW,DK2,DK_2,actual_solar_generation,Solar,2026-08-26T10:27:13Z
2026-08-26T10:01:57Z,2026-08-26T12:01:57+0200,de5651f7-a4c0-4808-ad66-e3bdff44187a,2026-08-13T06:15:00Z,2026-08-13T08:15:00+0200,404.912,MW,DK2,DK_2,actual_solar_generation,Solar,2026-08-26T10:27:13Z
2026-08-26T10:01:57Z,2026-08-26T12:01:57+0200,de5651f7-a4c0-4808-ad66-e3bdff44187a,2026-08-13T06:30:00Z,2026-08-13T08:30:00+0200,484.505,MW,DK2,DK_2,actual_solar_generation,Solar,2026-08-26T10:27:13Z
2026-08-26T10:01:57Z,2026-08-26T12:01:57+0200,de5651f7-a4c0-4808-ad66-e3bdff44187a,2026-08-13T06:45:00Z,2026-08-13T08:45:00+0200,542.657,MW,DK2,DK_2,actual_solar_generation,Solar,2026-08-26T10:27:13Z
2026-08-26T10:01:57Z,2026-08-26T12:01:57+0200,de5651f7-a4c0-4808-ad66-e3bdff44187a,2026-08-13T07:00:00Z,2026-08-13T09:00:00+0200,580.321,MW,DK2,DK_2,actual_solar_generation,Solar,2026-08-26T10:27:13Z
2026-08-26T10:01:57Z,2026-08-26T12:01:57+0200,de5651f7-a4c0-4808-ad66-e3bdff44187a,2026-08-13T07:15:00Z,2026-08-13T09:15:00+0200,668.894,MW,DK2,DK_2,actual_solar_generation,Solar,2026-08-26T10:27:13Z
2026-08-26T10:01:57Z,2026-08-26T12:01:57+0200,de5651f7-a4c0-4808-ad66-e3bdff44187a,2026-08-13T07:30:00Z,2026-08-13T09:30:00+0200,692.941,MW,DK2,DK_2,actual_solar_generation,Solar,2026-08-26T10:27:13Z
2026-08-26T10:01:57Z,2026-08-26T12:01:57+0200,de5651f7-a4c0-4808-ad66-e3bdff44187a,2026-08-13T07:45:00Z,2026-08-13T09:45:00+0200,771.109,MW,DK2,DK_2,actual_solar_generation,Solar,2026-08-26T10:27:13Z
2026-08-26T10:01:57Z,2026-08-26T12:01:57+0200,de5651f7-a4c0-4808-ad66-e3bdff44187a,2026-08-13T08:00:00Z,2026-08-13T10:00:00+0200,819.119,MW,DK2,DK_2,actual_solar_generation,Solar,2026-08-26T10:27:13Z
2026-08-26T10:01:57Z,2026-08-26T12:01:57+0200,de5651f7-a4c0-4808-ad66-e3bdff44187a,2026-08-13T08:15:00Z,2026-08-13T10:15:00+0200,853.661,MW,DK2,DK_2,actual_solar_generation,Solar,2026-08-26T10:27:13Z
2026-08-26T10:01:57Z,2026-08-26T12:01:57+0200,de5651f7-a4c0-4808-ad66-e3bdff44187a,2026-08-13T08:30:00Z,2026-08-13T10:30:00+0200,911.891,MW,DK2,DK_2,actual_solar_generation,Solar,2026-08-26T10:27:13Z
2026-08-26T10:01:57Z,2026-08-26T12:01:57+0200,de5651f7-a4c0-4808-ad66-e3bdff44187a,2026-08-13T08:45:00Z,2026-08-13T10:45:00+0200,952.866,MW,DK2,DK_2,actual_solar_generation,Solar,2026-08-26T10:27:13Z
2026-08-26T10:01:57Z,2026-08-26T12:01:57+0200,de5651f7-a4c0-4808-ad66-e3bdff44187a,2026-08-13T09:00:00Z,2026-08-13T11:00:00+0200,956.221,MW,DK2,DK_2,actual_solar_generation,Solar,2026-08-26T10:27:13Z
2026-08-26T10:01:57Z,2026-08-26T12:01:57+0200,de5651f7-a4c0-4808-ad66-e3bdff44187a,2026-08-13T09:15:00Z,2026-08-13T11:15:00+0200,992.776,MW,DK2,DK_2,actual_solar_generation,Solar,2026-08-26T10:27:13Z
2026-08-26T10:01:57Z,2026-08-26T12:01:57+0200,de5651f7-a4c0-4808-ad66-e3bdff44187a,2026-08-13T09:30:00Z,2026-08-13T11:30:00+0200,986.145,MW,DK2,DK_2,actual_solar_generation,Solar,2026-08-26T10:27:13Z
2026-08-26T10:01:57Z,2026-08-26T12:01:57+0200,de5651f7-a4c0-4808-ad66-e3bdff44187a,2026-08-13T09:45:00Z,2026-08-13T11:45:00+0200,992.79,MW,DK2,DK_2,actual_solar_generation,Solar,2026-08-26T10:27:13Z
2026-08-26T10:01:57Z,2026-08-26T12:01:57+0200,de5651f7-a4c0-4808-ad66-e3bdff44187a,2026-08-13T10:00:00Z,2026-08-13T12:00:00+0200,1013.34,MW,DK2,DK_2,actual_solar_generation,Solar,2026-08-26T10:27:13Z
2026-08-26T10:01:57Z,2026-08-26T12:01:57+0200,de5651f7-a4c0-4808-ad66-e3bdff44187a,2026-08-13T10:15:00Z,2026-08-13T12:15:00+0200,1017.75,MW,DK2,DK_2,actual_solar_generation,Solar,2026-08-26T10:27:13Z
2026-08-26T10:01:57Z,2026-08-26T12:01:57+0200,de5651f7-a4c0-4808-ad66-e3bdff44187a,2026-08-13T10:30:00Z,2026-08-13T12:30:00+0200,1021.97,MW,DK2,DK_2,actual_solar_generation,Solar,2026-08-26T10:27:13Z
2026-08-26T10:01:57Z,2026-08-26T12:01:57+0200,de5651f7-a4c0-4808-ad66-e3bdff44187a,2026-08-13T10:45:00Z,2026-08-13T12:45:00+0200,1013.02,MW,DK2,DK_2,actual_solar_generation,Solar,2026-08-26T10:27:13Z
2026-08-26T10:01:57Z,2026-08-26T12:01:57+0200,de5651f7-a4c0-4808-ad66-e3bdff44187a,2026-08-13T11:00:00Z,2026-08-13T13:00:00+0200,1056.0,MW,DK2,DK_2,actual_solar_generation,Solar,2026-08-26T10:27:13Z
2026-08-26T10:01:57Z,2026-08-26T12:01:57+0200,de5651f7-a4c0-4808-ad66-e3bdff44187a,2026-08-13T11:15:00Z,2026-08-13T13:15:00+0200,1059.23,MW,DK2,DK_2,actual_solar_generation,Solar,2026-08-26T10:27:13Z
2026-08-26T10:01:57Z,2026-08-26T12:01:57+0200,de5651f7-a4c0-4808-ad66-e3bdff44187a,2026-08-13T11:30:00Z,2026-08-13T13:30:00+0200,1067.79,MW,DK2,DK_2,actual_solar_generation,Solar,2026-08-26T10:27:13Z
2026-08-26T10:01:57Z,2026-08-26T12:01:57+0200,de5651f7-a4c0-4808-ad66-e3bdff44187a,2026-08-13T11:45:00Z,2026-08-13T13:45:00+0200,1076.43,MW,DK2,DK_2,actual_solar_generation,Solar,2026-08-26T10:27:13Z
2026-08-26T10:01:57Z,2026-08-26T12:01:57+0200,de5651f7-a4c0-4808-ad66-e3bdff44187a,2026-08-13T12:00:00Z,2026-08-13T14:00:00+0200,1069.2,MW,DK2,DK_2,actual_solar_generation,Solar,2026-08-26T10:27:13Z
2026-08-26T10:01:57Z,2026-08-26T12:01:57+0200,de5651f7-a4c0-4808-ad66-e3bdff44187a,2026-08-13T12:15:00Z,2026-08-13T14:15:00+0200,1048.69,MW,DK2,DK_2,actual_solar_generation,Solar,2026-08-26T10:27:13Z
2026-08-26T10:01:57Z,2026-08-26T12:01:57+0200,de5651f7-a4c0-4808-ad66-e3bdff44187a,2026-08-13T12:30:00Z,2026-08-13T14:30:00+0200,1039.79,MW,DK2,DK_2,actual_solar_generation,Solar,2026-08-26T10:27:13Z
2026-08-26T10:01:57Z,2026-08-26T12:01:57+0200,de5651f7-a4c0-4808-ad66-e3bdff44187a,2026-08-13T12:45:00Z,2026-08-13T14:45:00+0200,1035.73,MW,DK2,DK_2,actual_solar_generation,Solar,2026-08-26T10:27:13Z
2026-08-26T10:01:57Z,2026-08-26T12:01:57+0200,de5651f7-a4c0-4808-ad66-e3bdff44187a,2026-08-13T13:00:00Z,2026-08-13T15:00:00+0200,1018.75,MW,DK2,DK_2,actual_solar_generation,Solar,2026-08-26T10:27:13Z
2026-08-26T10:01:57Z,2026-08-26T12:01:57+0200,de5651f7-a4c0-4808-ad66-e3bdff44187a,2026-08-13T13:15:00Z,2026-08-13T15:15:00+0200,1004.46,MW,DK2,DK_2,actual_solar_generation,Solar,2026-08-26T10:27:13Z
2026-08-26T10:01:57Z,2026-08-26T12:01:57+0200,de5651f7-a4c0-4808-ad66-e3bdff44187a,2026-08-13T13:30:00Z,2026-08-13T15:30:00+0200,972.764,MW,DK2,DK_2,actual_solar_generation,Solar,2026-08-26T10:27:13Z
2026-08-26T10:01:57Z,2026-08-26T12:01:57+0200,de5651f7-a4c0-4808-ad66-e3bdff44187a,2026-08-13T13:45:00Z,2026-08-13T15:45:00+0200,938.488,MW,DK2,DK_2,actual_solar_generation,Solar,2026-08-26T10:27:13Z
2026-08-26T10:01:57Z,2026-08-26T12:01:57+0200,de5651f7-a4c0-4808-ad66-e3bdff44187a,2026-08-13T14:00:00Z,2026-08-13T16:00:00+0200,892.893,MW,DK2,DK_2,actual_solar_generation,Solar,2026-08-26T10:27:13Z
2026-08-26T10:01:57Z,2026-08-26T12:01:57+0200,de5651f7-a4c0-4808-ad66-e3bdff44187a,2026-08-13T14:15:00Z,2026-08-13T16:15:00+0200,883.943,MW,DK2,DK_2,actual_solar_generation,Solar,2026-08-26T10:27:13Z
2026-08-26T10:01:57Z,2026-08-26T12:01:57+0200,de5651f7-a4c0-4808-ad66-e3bdff44187a,2026-08-13T14:30:00Z,2026-08-13T16:30:00+0200,836.404,MW,DK2,DK_2,actual_solar_generation,Solar,2026-08-26T10:27:13Z
2026-08-26T10:01:57Z,2026-08-26T12:01:57+0200,de5651f7-a4c0-4808-ad66-e3bdff44187a,2026-08-13T14:45:00Z,2026-08-13T16:45:00+0200,775.864,MW,DK2,DK_2,actual_solar_generation,Solar,2026-08-26T10:27:13Z
2026-08-26T10:01:57Z,2026-08-26T12:01:57+0200,de5651f7-a4c0-4808-ad66-e3bdff44187a,2026-08-13T15:00:00Z,2026-08-13T17:00:00+0200,729.949,MW,DK2,DK_2,actual_solar_generation,Solar,2026-08-26T10:27:13Z
2026-08-26T10:01:57Z,2026-08-26T12:01:57+0200,de5651f7-a4c0-4808-ad66-e3bdff44187a,2026-08-13T15:15:00Z,2026-08-13T17:15:00+0200,660.818,MW,DK2,DK_2,actual_solar_generation,Solar,2026-08-26T10:27:13Z
2026-08-26T10:01:57Z,2026-08-26T12:01:57+0200,de5651f7-a4c0-4808-ad66-e3bdff44187a,2026-08-13T15:30:00Z,2026-08-13T17:30:00+0200,593.618,MW,DK2,DK_2,actual_solar_generation,Solar,2026-08-26T10:27:13Z
2026-08-26T10:01:57Z,2026-08-26T12:01:57+0200,de5651f7-a4c0-4808-ad66-e3bdff44187a,2026-08-13T15:45:00Z,2026-08-13T17:45:00+0200,532.564,MW,DK2,DK_2,actual_solar_generation,Solar,2026-08-26T10:27:13Z
2026-08-26T10:01:57Z,2026-08-26T12:01:57+0200,de5651f7-a4c0-4808-ad66-e3bdff44187a,2026-08-13T16:00:00Z,2026-08-13T18:00:00+0200,462.381,MW,DK2,DK_2,actual_solar_generation,Solar,2026-08-26T10:27:13Z
2026-08-26T10:01:57Z,2026-08-26T12:01:57+0200,de5651f7-a4c0-4808-ad66-e3bdff44187a,2026-08-13T16:15:00Z,2026-08-13T18:15:00+0200,391.843,MW,DK2,DK_2,actual_solar_generation,Solar,2026-08-26T10:27:13Z
2026-08-26T10:01:57Z,2026-08-26T12:01:57+0200,de5651f7-a4c0-4808-ad66-e3bdff44187a,2026-08-13T16:30:00Z,2026-08-13T18:30:00+0200,321.11,MW,DK2,DK_2,actual_solar_generation,Solar,2026-08-26T10:27:13Z
2026-08-26T10:01:57Z,2026-08-26T12:01:57+0200,de5651f7-a4c0-4808-ad66-e3bdff44187a,2026-08-13T16:45:00Z,2026-08-13T18:45:00+0200,253.33,MW,DK2,DK_2,actual_solar_generation,Solar,2026-08-26T10:27:13Z
2026-08-26T10:01:57Z,2026-08-26T12:01:57+0200,de5651f7-a4c0-4808-ad66-e3bdff44187a,2026-08-13T17:00:00Z,2026-08-13T19:00:00+0200,193.384,MW,DK2,DK_2,actual_solar_generation,Solar,2026-08-26T10:27:13Z
2026-08-26T10:01:57Z,2026-08-26T12:01:57+0200,de5651f7-a4c0-4808-ad66-e3bdff44187a,2026-08-13T17:15:00Z,2026-08-13T19:15:00+0200,141.741,MW,DK2,DK_2,actual_solar_generation,Solar,2026-08-26T10:27:13Z
2026-08-26T10:01:57Z,2026-08-26T12:01:57+0200,de5651f7-a4c0-4808-ad66-e3bdff44187a,2026-08-13T17:30:00Z,2026-08-13T19:30:00+0200,98.3763,MW,DK2,DK_2,actual_solar_generation,Solar,2026-08-26T10:27:13Z
2026-08-26T10:01:57Z,2026-08-26T12:01:57+0200,de5651f7-a4c0-4808-ad66-e3bdff44187a,2026-08-13T17:45:00Z,2026-08-13T19:45:00+0200,65.1457,MW,DK2,DK_2,actual_solar_generation,Solar,2026-08-26T10:27:13Z
2026-08-26T10:01:57Z,2026-08-26T12:01:57+0200,de5651f7-a4c0-4808-ad66-e3bdff44187a,2026-08-13T18:00:00Z,2026-08-13T20:00:00+0200,48.2984,MW,DK2,DK_2,actual_solar_generation,Solar,2026-08-26T10:27:13Z
2026-08-26T10:01:57Z,2026-08-26T12:01:57+0200,de5651f7-a4c0-4808-ad66-e3bdff44187a,2026-08-13T18:15:00Z,2026-08-13T20:15:00+0200,31.7631,MW,DK2,DK_2,actual_solar_generation,Solar,2026-08-26T10:27:13Z
2026-08-26T10:01:57Z,2026-08-26T12:01:57+0200,de5651f7-a4c0-4808-ad66-e3bdff44187a,2026-08-13T18:30:00Z,2026-08-13T20:30:00+0200,19.391,MW,DK2,DK_2,actual_solar_generation,Solar,2026-08-26T10:27:13Z
2026-08-26T10:01:57Z,2026-08-26T12:01:57+0200,de5651f7-a4c0-4808-ad66-e3bdff44187a,2026-08-13T18:45:00Z,2026-08-13T20:45:00+0200,10.5706,MW,DK2,DK_2,actual_solar_generation,Solar,2026-08-26T10:27:13Z
2026-08-26T10:01:57Z,2026-08-26T12:01:57+0200,de5651f7-a4c0-4808-ad66-e3bdff44187a,2026-08-13T19:00:00Z,2026-08-13T21:00:00+0200,6.86343,MW,DK2,DK_2,actual_solar_generation,Solar,2026-08-26T10:27:13Z
2026-08-26T10:01:57Z,2026-08-26T12:01:57+0200,de5651f7-a4c0-4808-ad66-e3bdff44187a,2026-08-13T19:15:00Z,2026-08-13T21:15:00+0200,0.119985,MW,DK2,DK_2,actual_solar_generation,Solar,2026-08-26T10:27:13Z
2026-08-26T10:01:57Z,2026-08-26T12:01:57+0200,de5651f7-a4c0-4808-ad66-e3bdff44187a,2026-08-13T19:30:00Z,2026-08-13T21:30:00+0200,0.296126,MW,DK2,DK_2,actual_solar_generation,Solar,2026-08-26T10:27:13Z
2026-08-26T10:01:57Z,2026-08-26T12:01:57+0200,de5651f7-a4c0-4808-ad66-e3bdff44187a,2026-08-13T19:45:00Z,2026-08-13T21:45:00+0200,0.217362,MW,DK2,DK_2,actual_solar_generation,Solar,2026-08-26T10:27:13Z
2026-08-26T10:01:57Z,2026-08-26T12:01:57+0200,de5651f7-a4c0-4808-ad66-e3bdff44187a,2026-08-13T20:00:00Z,2026-08-13T22:00:00+0200,0.0,MW,DK2,DK_2,actual_solar_generation,Solar,2026-08-26T10:27:13Z
2026-08-26T10:01:57Z,2026-08-26T12:01:57+0200,de5651f7-a4c0-4808-ad66-e3bdff44187a,2026-08-13T20:15:00Z,2026-08-13T22:15:00+0200,0.0,MW,DK2,DK_2,actual_solar_generation,Solar,2026-08-26T10:27:13Z
2026-08-26T10:01:57Z,2026-08-26T12:01:57+0200,de5651f7-a4c0-4808-ad66-e3bdff44187a,2026-08-13T20:30:00Z,2026-08-13T22:30:00+0200,0.0,MW,DK2,DK_2,actual_solar_generation,Solar,2026-08-26T10:27:13Z
2026-08-26T10:01:57Z,2026-08-26T12:01:57+0200,de5651f7-a4c0-4808-ad66-e3bdff44187a,2026-08-13T20:45:00Z,2026-08-13T22:45:00+0200,0.0,MW,DK2,DK_2,actual_solar_generation,Solar,2026-08-26T10:27:13Z
2026-08-26T10:01:57Z,2026-08-26T12:01:57+0200,de5651f7-a4c0-4808-ad66-e3bdff44187a,2026-08-13T21:00:00Z,2026-08-13T23:00:00+0200,0.0,MW,DK2,DK_2,actual_solar_generation,Solar,2026-08-26T10:27:13Z
2026-08-26T10:01:57Z,2026-08-26T12:01:57+0200,de5651f7-a4c0-4808-ad66-e3bdff44187a,2026-08-13T21:15:00Z,2026-08-13T23:15:00+0200,0.0,MW,DK2,DK_2,actual_solar_generation,Solar,2026-08-26T10:27:13Z
2026-08-26T10:01:57Z,2026-08-26T12:01:57+0200,de5651f7-a4c0-4808-ad66-e3bdff44187a,2026-08-13T21:30:00Z,2026-08-13T23:30:00+0200,0.0,MW,DK2,DK_2,actual_solar_generation,Solar,2026-08-26T10:27:13Z
2026-08-26T10:01:57Z,2026-08-26T12:01:57+0200,de5651f7-a4c0-4808-ad66-e3bdff44187a,2026-08-13T21:45:00Z,2026-08-13T23:45:00+0200,0.0,MW,DK2,DK_2,actual_solar_generation,Solar,2026-08-26T10:27:13Z
2026-08-26T10:01:57Z,2026-08-26T12:01:57+0200,de5651f7-a4c0-4808-ad66-e3bdff44187a,2026-08-13T22:00:00Z,2026-08-14T00:00:00+0200,0.0,MW,DK2,DK_2,actual_solar_generation,Solar,2026-08-26T10:27:13Z
2026-08-26T10:01:57Z,2026-08-26T12:01:57+0200,de5651f7-a4c0-4808-ad66-e3bdff44187a,2026-08-13T22:15:00Z,2026-08-14T00:15:00+0200,0.0,MW,DK2,DK_2,actual_solar_generation,Solar,2026-08-26T10:27:13Z
2026-08-26T10:01:57Z,2026-08-26T12:01:57+0200,de5651f7-a4c0-4808-ad66-e3bdff44187a,2026-08-13T22:30:00Z,2026-08-14T00:30:00+0200,0.0,MW,DK2,DK_2,actual_solar_generation,Solar,2026-08-26T10:27:13Z
2026-08-26T10:01:57Z,2026-08-26T12:01:57+0200,de5651f7-a4c0-4808-ad66-e3bdff44187a,2026-08-13T22:45:00Z,2026-08-14T00:45:00+0200,0.0,MW,DK2,DK_2,actual_solar_generation,Solar,2026-08-26T10:27:13Z
2026-08-26T10:01:57Z,2026-08-26T12:01:57+0200,de5651f7-a4c0-4808-ad66-e3bdff44187a,2026-08-13T23:00:00Z,2026-08-14T01:00:00+0200,0.0,MW,DK2,DK_2,actual_solar_generation,Solar,2026-08-26T10:27:13Z
2026-08-26T10:01:57Z,2026-08-26T12:01:57+0200,de5651f7-a4c0-4808-ad66-e3bdff44187a,2026-08-13T23:15:00Z,2026-08-14T01:15:00+0200,0.0,MW,DK2,DK_2,actual_solar_generation,Solar,2026-08-26T10:27:13Z
2026-08-26T10:01:57Z,2026-08-26T12:01:57+0200,de5651f7-a4c0-4808-ad66-e3bdff44187a,2026-08-13T23:30:00Z,2026-08-14T01:30:00+0200,0.0,MW,DK2,DK_2,actual_solar_generation,Solar,2026-08-26T10:27:13Z
2026-08-26T10:01:57Z,2026-08-26T12:01:57+0200,de5651f7-a4c0-4808-ad66-e3bdff44187a,2026-08-13T23:45:00Z,2026-08-14T01:45:00+0200,0.0,MW,DK2,DK_2,actual_solar_generation,Solar,2026-08-26T10:27:13Z
2026-08-26T10:01:57Z,2026-08-26T12:01:57+0200,de5651f7-a4c0-4808-ad66-e3bdff44187a,2026-08-14T00:00:00Z,2026-08-14T02:00:00+0200,0.0,MW,DK2,DK_2,actual_solar_generation,Solar,2026-08-26T10:27:13Z
2026-08-26T10:01:57Z,2026-08-26T12:01:57+0200,de5651f7-a4c0-4808-ad66-e3bdff44187a,2026-08-14T00:15:00Z,2026-08-14T02:15:00+0200,0.0,MW,DK2,DK_2,actual_solar_generation,Solar,2026-08-26T10:27:13Z
2026-08-26T10:01:57Z,2026-08-26T12:01:57+0200,de5651f7-a4c0-4808-ad66-e3bdff44187a,2026-08-14T00:30:00Z,2026-08-14T02:30:00+0200,0.0,MW,DK2,DK_2,actual_solar_generation,Solar,2026-08-26T10:27:13Z
2026-08-26T10:01:57Z,2026-08-26T12:01:57+0200,de5651f7-a4c0-4808-ad66-e3bdff44187a,2026-08-14T00:45:00Z,2026-08-14T02:45:00+0200,0.0,MW,DK2,DK_2,actual_solar_generation,Solar,2026-08-26T10:27:13Z
2026-08-26T10:01:57Z,2026-08-26T12:01:57+0200,de5651f7-a4c0-4808-ad66-e3bdff44187a,2026-08-14T01:00:00Z,2026-08-14T03:00:00+0200,0.0,MW,DK2,DK_2,actual_solar_generation,Solar,2026-08-26T10:27:13Z
2026-08-26T10:01:57Z,2026-08-26T12:01:57+0200,de5651f7-a4c0-4808-ad66-e3bdff44187a,2026-08-14T01:15:00Z,2026-08-14T03:15:00+0200,0.0,MW,DK2,DK_2,actual_solar_generation,Solar,2026-08-26T10:27:13Z
2026-08-26T10:01:57Z,2026-08-26T12:01:57+0200,de5651f7-a4c0-4808-ad66-e3bdff44187a,2026-08-14T01:30:00Z,2026-08-14T03:30:00+0200,0.0,MW,DK2,DK_2,actual_solar_generation,Solar,2026-08-26T10:27:13Z
2026-08-26T10:01:57Z,2026-08-26T12:01:57+0200,de5651f7-a4c0-4808-ad66-e3bdff44187a,2026-08-14T01:45:00Z,2026-08-14T03:45:00+0200,0.0,MW,DK2,DK_2,actual_solar_generation,Solar,2026-08-26T10:27:13Z
2026-08-26T10:01:57Z,2026-08-26T12:01:57+0200,de5651f7-a4c0-4808-ad66-e3bdff44187a,2026-08-14T02:00:00Z,2026-08-14T04:00:00+0200,0.0,MW,DK2,DK_2,actual_solar_generation,Solar,2026-08-26T10:27:13Z
2026-08-26T10:01:57Z,2026-08-26T12:01:57+0200,de5651f7-a4c0-4808-ad66-e3bdff44187a,2026-08-14T02:15:00Z,2026-08-14T04:15:00+0200,0.0,MW,DK2,DK_2,actual_solar_generation,Solar,2026-08-26T10:27:13Z
2026-08-26T10:01:57Z,2026-08-26T12:01:57+0200,de5651f7-a4c0-4808-ad66-e3bdff44187a,2026-08-14T02:30:00Z,2026-08-14T04:30:00+0200,0.0,MW,DK2,DK_2,actual_solar_generation,Solar,2026-08-26T10:27:13Z
2026-08-26T10:01:57Z,2026-08-26T12:01:57+0200,de5651f7-a4c0-4808-ad66-e3bdff44187a,2026-08-14T02:45:00Z,2026-08-14T04:45:00+0200,0.0,MW,DK2,DK_2,actual_solar_generation,Solar,2026-08-26T10:27:13Z
2026-08-26T10:01:57Z,2026-08-26T12:01:57+0200,de5651f7-a4c0-4808-ad66-e3bdff44187a,2026-08-14T03:00:00Z,2026-08-14T05:00:00+0200,0.0,MW,DK2,DK_2,actual_solar_generation,Solar,2026-08-26T10:27:13Z
2026-08-26T10:01:57Z,2026-08-26T12:01:57+0200,de5651f7-a4c0-4808-ad66-e3bdff44187a,2026-08-14T03:15:00Z,2026-08-14T05:15:00+0200,0.0,MW,DK2,DK_2,actual_solar_generation,Solar,2026-08-26T10:27:13Z
2026-08-26T10:01:57Z,2026-08-26T12:01:57+0200,de5651f7-a4c0-4808-ad66-e3bdff44187a,2026-08-14T03:30:00Z,2026-08-14T05:30:00+0200,0.0,MW,DK2,DK_2,actual_solar_generation,Solar,2026-08-26T10:27:13Z
2026-08-26T10:01:57Z,2026-08-26T12:01:57+0200,de5651f7-a4c0-4808-ad66-e3bdff44187a,2026-08-14T03:45:00Z,2026-08-14T05:45:00+0200,3.96613,MW,DK2,DK_2,actual_solar_generation,Solar,2026-08-26T10:27:13Z
2026-08-26T10:01:57Z,2026-08-26T12:01:57+0200,de5651f7-a4c0-4808-ad66-e3bdff44187a,2026-08-14T04:00:00Z,2026-08-14T06:00:00+0200,15.6312,MW,DK2,DK_2,actual_solar_generation,Solar,2026-08-26T10:27:13Z
2026-08-26T10:01:57Z,2026-08-26T12:01:57+0200,de5651f7-a4c0-4808-ad66-e3bdff44187a,2026-08-14T04:15:00Z,2026-08-14T06:15:00+0200,30.9938,MW,DK2,DK_2,actual_solar_generation,Solar,2026-08-26T10:27:13Z
2026-08-26T10:01:57Z,2026-08-26T12:01:57+0200,de5651f7-a4c0-4808-ad66-e3bdff44187a,2026-08-14T04:30:00Z,2026-08-14T06:30:00+0200,51.8827,MW,DK2,DK_2,actual_solar_generation,Solar,2026-08-26T10:27:13Z
2026-08-26T10:01:57Z,2026-08-26T12:01:57+0200,de5651f7-a4c0-4808-ad66-e3bdff44187a,2026-08-14T04:45:00Z,2026-08-14T06:45:00+0200,77.9583,MW,DK2,DK_2,actual_solar_generation,Solar,2026-08-26T10:27:13Z
2026-08-26T10:01:57Z,2026-08-26T12:01:57+0200,de5651f7-a4c0-4808-ad66-e3bdff44187a,2026-08-14T05:00:00Z,2026-08-14T07:00:00+0200,112.988,MW,DK2,DK_2,actual_solar_generation,Solar,2026-08-26T10:27:13Z
2026-08-26T10:01:57Z,2026-08-26T12:01:57+0200,de5651f7-a4c0-4808-ad66-e3bdff44187a,2026-08-14T05:15:00Z,2026-08-14T07:15:00+0200,157.881,MW,DK2,DK_2,actual_solar_generation,Solar,2026-08-26T10:27:13Z
2026-08-26T10:01:57Z,2026-08-26T12:01:57+0200,de5651f7-a4c0-4808-ad66-e3bdff44187a,2026-08-14T05:30:00Z,2026-08-14T07:30:00+0200,214.034,MW,DK2,DK_2,actual_solar_generation,Solar,2026-08-26T10:27:13Z
2026-08-26T10:01:57Z,2026-08-26T12:01:57+0200,de5651f7-a4c0-4808-ad66-e3bdff44187a,2026-08-14T05:45:00Z,2026-08-14T07:45:00+0200,275.9,MW,DK2,DK_2,actual_solar_generation,Solar,2026-08-26T10:27:13Z
2026-08-26T10:01:57Z,2026-08-26T12:01:57+0200,de5651f7-a4c0-4808-ad66-e3bdff44187a,2026-08-14T06:00:00Z,2026-08-14T08:00:00+0200,342.368,MW,DK2,DK_2,actual_solar_generation,Solar,2026-08-26T10:27:13Z
2026-08-26T10:01:57Z,2026-08-26T12:01:57+0200,de5651f7-a4c0-4808-ad66-e3bdff44187a,2026-08-14T06:15:00Z,2026-08-14T08:15:00+0200,411.988,MW,DK2,DK_2,actual_solar_generation,Solar,2026-08-26T10:27:13Z
2026-08-26T10:01:57Z,2026-08-26T12:01:57+0200,de5651f7-a4c0-4808-ad66-e3bdff44187a,2026-08-14T06:30:00Z,2026-08-14T08:30:00+0200,478.351,MW,DK2,DK_2,actual_solar_generation,Solar,2026-08-26T10:27:13Z
2026-08-26T10:01:57Z,2026-08-26T12:01:57+0200,de5651f7-a4c0-4808-ad66-e3bdff44187a,2026-08-14T06:45:00Z,2026-08-14T08:45:00+0200,553.255,MW,DK2,DK_2,actual_solar_generation,Solar,2026-08-26T10:27:13Z
2026-08-26T10:01:57Z,2026-08-26T12:01:57+0200,de5651f7-a4c0-4808-ad66-e3bdff44187a,2026-08-14T07:00:00Z,2026-08-14T09:00:00+0200,621.538,MW,DK2,DK_2,actual_solar_generation,Solar,2026-08-26T10:27:13Z
2026-08-26T10:01:57Z,2026-08-26T12:01:57+0200,de5651f7-a4c0-4808-ad66-e3bdff44187a,2026-08-14T07:15:00Z,2026-08-14T09:15:00+0200,688.625,MW,DK2,DK_2,actual_solar_generation,Solar,2026-08-26T10:27:13Z
2026-08-26T10:01:57Z,2026-08-26T12:01:57+0200,de5651f7-a4c0-4808-ad66-e3bdff44187a,2026-08-14T07:30:00Z,2026-08-14T09:30:00+0200,748.253,MW,DK2,DK_2,actual_solar_generation,Solar,2026-08-26T10:27:13Z
2026-08-26T10:01:57Z,2026-08-26T12:01:57+0200,de5651f7-a4c0-4808-ad66-e3bdff44187a,2026-08-14T07:45:00Z,2026-08-14T09:45:00+0200,795.785,MW,DK2,DK_2,actual_solar_generation,Solar,2026-08-26T10:27:13Z
2026-08-26T10:01:57Z,2026-08-26T12:01:57+0200,de5651f7-a4c0-4808-ad66-e3bdff44187a,2026-08-14T08:00:00Z,2026-08-14T10:00:00+0200,834.383,MW,DK2,DK_2,actual_solar_generation,Solar,2026-08-26T10:27:13Z
2026-08-26T10:01:57Z,2026-08-26T12:01:57+0200,de5651f7-a4c0-4808-ad66-e3bdff44187a,2026-08-14T08:15:00Z,2026-08-14T10:15:00+0200,872.412,MW,DK2,DK_2,actual_solar_generation,Solar,2026-08-26T10:27:13Z
2026-08-26T10:01:57Z,2026-08-26T12:01:57+0200,de5651f7-a4c0-4808-ad66-e3bdff44187a,2026-08-14T08:30:00Z,2026-08-14T10:30:00+0200,896.711,MW,DK2,DK_2,actual_solar_generation,Solar,2026-08-26T10:27:13Z
2026-08-26T10:01:57Z,2026-08-26T12:01:57+0200,de5651f7-a4c0-4808-ad66-e3bdff44187a,2026-08-14T08:45:00Z,2026-08-14T10:45:00+0200,932.266,MW,DK2,DK_2,actual_solar_generation,Solar,2026-08-26T10:27:13Z
2026-08-26T10:01:57Z,2026-08-26T12:01:57+0200,de5651f7-a4c0-4808-ad66-e3bdff44187a,2026-08-14T09:00:00Z,2026-08-14T11:00:00+0200,944.135,MW,DK2,DK_2,actual_solar_generation,Solar,2026-08-26T10:27:13Z
2026-08-26T10:01:57Z,2026-08-26T12:01:57+0200,de5651f7-a4c0-4808-ad66-e3bdff44187a,2026-08-14T09:15:00Z,2026-08-14T11:15:00+0200,972.73,MW,DK2,DK_2,actual_solar_generation,Solar,2026-08-26T10:27:13Z
2026-08-26T10:01:57Z,2026-08-26T12:01:57+0200,de5651f7-a4c0-4808-ad66-e3bdff44187a,2026-08-14T09:30:00Z,2026-08-14T11:30:00+0200,950.391,MW,DK2,DK_2,actual_solar_generation,Solar,2026-08-26T10:27:13Z
2026-08-26T10:01:57Z,2026-08-26T12:01:57+0200,de5651f7-a4c0-4808-ad66-e3bdff44187a,2026-08-14T09:45:00Z,2026-08-14T11:45:00+0200,961.585,MW,DK2,DK_2,actual_solar_generation,Solar,2026-08-26T10:27:13Z
2026-08-26T10:01:57Z,2026-08-26T12:01:57+0200,de5651f7-a4c0-4808-ad66-e3bdff44187a,2026-08-14T10:00:00Z,2026-08-14T12:00:00+0200,984.173,MW,DK2,DK_2,actual_solar_generation,Solar,2026-08-26T10:27:13Z
2026-08-26T10:01:57Z,2026-08-26T12:01:57+0200,de5651f7-a4c0-4808-ad66-e3bdff44187a,2026-08-14T10:15:00Z,2026-08-14T12:15:00+0200,1011.89,MW,DK2,DK_2,actual_solar_generation,Solar,2026-08-26T10:27:13Z
2026-08-26T10:01:57Z,2026-08-26T12:01:57+0200,de5651f7-a4c0-4808-ad66-e3bdff44187a,2026-08-14T10:30:00Z,2026-08-14T12:30:00+0200,1013.1,MW,DK2,DK_2,actual_solar_generation,Solar,2026-08-26T10:27:13Z
2026-08-26T10:01:57Z,2026-08-26T12:01:57+0200,de5651f7-a4c0-4808-ad66-e3bdff44187a,2026-08-14T10:45:00Z,2026-08-14T12:45:00+0200,1007.04,MW,DK2,DK_2,actual_solar_generation,Solar,2026-08-26T10:27:13Z
2026-08-26T10:01:57Z,2026-08-26T12:01:57+0200,de5651f7-a4c0-4808-ad66-e3bdff44187a,2026-08-14T11:00:00Z,2026-08-14T13:00:00+0200,1026.88,MW,DK2,DK_2,actual_solar_generation,Solar,2026-08-26T10:27:13Z
2026-08-26T10:01:57Z,2026-08-26T12:01:57+0200,de5651f7-a4c0-4808-ad66-e3bdff44187a,2026-08-14T11:15:00Z,2026-08-14T13:15:00+0200,1045.63,MW,DK2,DK_2,actual_solar_generation,Solar,2026-08-26T10:27:13Z
2026-08-26T10:01:57Z,2026-08-26T12:01:57+0200,de5651f7-a4c0-4808-ad66-e3bdff44187a,2026-08-14T11:30:00Z,2026-08-14T13:30:00+0200,1048.13,MW,DK2,DK_2,actual_solar_generation,Solar,2026-08-26T10:27:13Z
2026-08-26T10:01:57Z,2026-08-26T12:01:57+0200,de5651f7-a4c0-4808-ad66-e3bdff44187a,2026-08-14T11:45:00Z,2026-08-14T13:45:00+0200,1045.67,MW,DK2,DK_2,actual_solar_generation,Solar,2026-08-26T10:27:13Z
2026-08-26T10:01:57Z,2026-08-26T12:01:57+0200,de5651f7-a4c0-4808-ad66-e3bdff44187a,2026-08-14T12:00:00Z,2026-08-14T14:00:00+0200,1040.02,MW,DK2,DK_2,actual_solar_generation,Solar,2026-08-26T10:27:13Z
2026-08-26T10:01:57Z,2026-08-26T12:01:57+0200,de5651f7-a4c0-4808-ad66-e3bdff44187a,2026-08-14T12:15:00Z,2026-08-14T14:15:00+0200,1058.6,MW,DK2,DK_2,actual_solar_generation,Solar,2026-08-26T10:27:13Z
2026-08-26T10:01:57Z,2026-08-26T12:01:57+0200,de5651f7-a4c0-4808-ad66-e3bdff44187a,2026-08-14T12:30:00Z,2026-08-14T14:30:00+0200,1049.85,MW,DK2,DK_2,actual_solar_generation,Solar,2026-08-26T10:27:13Z
2026-08-26T10:01:57Z,2026-08-26T12:01:57+0200,de5651f7-a4c0-4808-ad66-e3bdff44187a,2026-08-14T12:45:00Z,2026-08-14T14:45:00+0200,1050.28,MW,DK2,DK_2,actual_solar_generation,Solar,2026-08-26T10:27:13Z
2026-08-26T10:01:57Z,2026-08-26T12:01:57+0200,de5651f7-a4c0-4808-ad66-e3bdff44187a,2026-08-14T13:00:00Z,2026-08-14T15:00:00+0200,1037.58,MW,DK2,DK_2,actual_solar_generation,Solar,2026-08-26T10:27:13Z
2026-08-26T10:01:57Z,2026-08-26T12:01:57+0200,de5651f7-a4c0-4808-ad66-e3bdff44187a,2026-08-14T13:15:00Z,2026-08-14T15:15:00+0200,1014.73,MW,DK2,DK_2,actual_solar_generation,Solar,2026-08-26T10:27:13Z
2026-08-26T10:01:57Z,2026-08-26T12:01:57+0200,de5651f7-a4c0-4808-ad66-e3bdff44187a,2026-08-14T13:30:00Z,2026-08-14T15:30:00+0200,987.518,MW,DK2,DK_2,actual_solar_generation,Solar,2026-08-26T10:27:13Z
2026-08-26T10:01:57Z,2026-08-26T12:01:57+0200,de5651f7-a4c0-4808-ad66-e3bdff44187a,2026-08-14T13:45:00Z,2026-08-14T15:45:00+0200,950.617,MW,DK2,DK_2,actual_solar_generation,Solar,2026-08-26T10:27:13Z
2026-08-26T10:01:57Z,2026-08-26T12:01:57+0200,de5651f7-a4c0-4808-ad66-e3bdff44187a,2026-08-14T14:00:00Z,2026-08-14T16:00:00+0200,909.334,MW,DK2,DK_2,actual_solar_generation,Solar,2026-08-26T10:27:13Z
2026-08-26T10:01:57Z,2026-08-26T12:01:57+0200,de5651f7-a4c0-4808-ad66-e3bdff44187a,2026-08-14T14:15:00Z,2026-08-14T16:15:00+0200,861.777,MW,DK2,DK_2,actual_solar_generation,Solar,2026-08-26T10:27:13Z
2026-08-26T10:01:57Z,2026-08-26T12:01:57+0200,de5651f7-a4c0-4808-ad66-e3bdff44187a,2026-08-14T14:30:00Z,2026-08-14T16:30:00+0200,815.67,MW,DK2,DK_2,actual_solar_generation,Solar,2026-08-26T10:27:13Z
2026-08-26T10:01:57Z,2026-08-26T12:01:57+0200,de5651f7-a4c0-4808-ad66-e3bdff44187a,2026-08-14T14:45:00Z,2026-08-14T16:45:00+0200,764.488,MW,DK2,DK_2,actual_solar_generation,Solar,2026-08-26T10:27:13Z
2026-08-26T10:01:57Z,2026-08-26T12:01:57+0200,de5651f7-a4c0-4808-ad66-e3bdff44187a,2026-08-14T15:00:00Z,2026-08-14T17:00:00+0200,700.335,MW,DK2,DK_2,actual_solar_generation,Solar,2026-08-26T10:27:13Z
2026-08-26T10:01:57Z,2026-08-26T12:01:57+0200,de5651f7-a4c0-4808-ad66-e3bdff44187a,2026-08-14T15:15:00Z,2026-08-14T17:15:00+0200,641.373,MW,DK2,DK_2,actual_solar_generation,Solar,2026-08-26T10:27:13Z
2026-08-26T10:01:57Z,2026-08-26T12:01:57+0200,de5651f7-a4c0-4808-ad66-e3bdff44187a,2026-08-14T15:30:00Z,2026-08-14T17:30:00+0200,538.925,MW,DK2,DK_2,actual_solar_generation,Solar,2026-08-26T10:27:13Z
2026-08-26T10:01:57Z,2026-08-26T12:01:57+0200,de5651f7-a4c0-4808-ad66-e3bdff44187a,2026-08-14T15:45:00Z,2026-08-14T17:45:00+0200,466.24,MW,DK2,DK_2,actual_solar_generation,Solar,2026-08-26T10:27:13Z
2026-08-26T10:01:57Z,2026-08-26T12:01:57+0200,de5651f7-a4c0-4808-ad66-e3bdff44187a,2026-08-14T16:00:00Z,2026-08-14T18:00:00+0200,403.105,MW,DK2,DK_2,actual_solar_generation,Solar,2026-08-26T10:27:13Z
2026-08-26T10:01:57Z,2026-08-26T12:01:57+0200,de5651f7-a4c0-4808-ad66-e3bdff44187a,2026-08-14T16:15:00Z,2026-08-14T18:15:00+0200,335.945,MW,DK2,DK_2,actual_solar_generation,Solar,2026-08-26T10:27:13Z
2026-08-26T10:01:57Z,2026-08-26T12:01:57+0200,de5651f7-a4c0-4808-ad66-e3bdff44187a,2026-08-14T16:30:00Z,2026-08-14T18:30:00+0200,289.933,MW,DK2,DK_2,actual_solar_generation,Solar,2026-08-26T10:27:13Z
2026-08-26T10:01:57Z,2026-08-26T12:01:57+0200,de5651f7-a4c0-4808-ad66-e3bdff44187a,2026-08-14T16:45:00Z,2026-08-14T18:45:00+0200,218.079,MW,DK2,DK_2,actual_solar_generation,Solar,2026-08-26T10:27:13Z
2026-08-26T10:01:57Z,2026-08-26T12:01:57+0200,de5651f7-a4c0-4808-ad66-e3bdff44187a,2026-08-14T17:00:00Z,2026-08-14T19:00:00+0200,164.144,MW,DK2,DK_2,actual_solar_generation,Solar,2026-08-26T10:27:13Z
2026-08-26T10:01:57Z,2026-08-26T12:01:57+0200,de5651f7-a4c0-4808-ad66-e3bdff44187a,2026-08-14T17:15:00Z,2026-08-14T19:15:00+0200,127.576,MW,DK2,DK_2,actual_solar_generation,Solar,2026-08-26T10:27:13Z
2026-08-26T10:01:57Z,2026-08-26T12:01:57+0200,de5651f7-a4c0-4808-ad66-e3bdff44187a,2026-08-14T17:30:00Z,2026-08-14T19:30:00+0200,94.1039,MW,DK2,DK_2,actual_solar_generation,Solar,2026-08-26T10:27:13Z
2026-08-26T10:01:57Z,2026-08-26T12:01:57+0200,de5651f7-a4c0-4808-ad66-e3bdff44187a,2026-08-14T17:45:00Z,2026-08-14T19:45:00+0200,59.1054,MW,DK2,DK_2,actual_solar_generation,Solar,2026-08-26T10:27:13Z
2026-08-26T10:01:57Z,2026-08-26T12:01:57+0200,de5651f7-a4c0-4808-ad66-e3bdff44187a,2026-08-14T18:00:00Z,2026-08-14T20:00:00+0200,35.6908,MW,DK2,DK_2,actual_solar_generation,Solar,2026-08-26T10:27:13Z
2026-08-26T10:01:57Z,2026-08-26T12:01:57+0200,de5651f7-a4c0-4808-ad66-e3bdff44187a,2026-08-14T18:15:00Z,2026-08-14T20:15:00+0200,27.5165,MW,DK2,DK_2,actual_solar_generation,Solar,2026-08-26T10:27:13Z
2026-08-26T10:01:57Z,2026-08-26T12:01:57+0200,de5651f7-a4c0-4808-ad66-e3bdff44187a,2026-08-14T18:30:00Z,2026-08-14T20:30:00+0200,16.2912,MW,DK2,DK_2,actual_solar_generation,Solar,2026-08-26T10:27:13Z
2026-08-26T10:01:57Z,2026-08-26T12:01:57+0200,de5651f7-a4c0-4808-ad66-e3bdff44187a,2026-08-14T18:45:00Z,2026-08-14T20:45:00+0200,7.53821,MW,DK2,DK_2,actual_solar_generation,Solar,2026-08-26T10:27:13Z
2026-08-26T10:01:57Z,2026-08-26T12:01:57+0200,de5651f7-a4c0-4808-ad66-e3bdff44187a,2026-08-14T19:00:00Z,2026-08-14T21:00:00+0200,6.4959,MW,DK2,DK_2,actual_solar_generation,Solar,2026-08-26T10:27:13Z
2026-08-26T10:01:57Z,2026-08-26T12:01:57+0200,de5651f7-a4c0-4808-ad66-e3bdff44187a,2026-08-14T19:15:00Z,2026-08-14T21:15:00+0200,3.28176,MW,DK2,DK_2,actual_solar_generation,Solar,2026-08-26T10:27:13Z
2026-08-26T10:01:57Z,2026-08-26T12:01:57+0200,de5651f7-a4c0-4808-ad66-e3bdff44187a,2026-08-14T19:30:00Z,2026-08-14T21:30:00+0200,2.78415,MW,DK2,DK_2,actual_solar_generation,Solar,2026-08-26T10:27:13Z
2026-08-26T10:01:57Z,2026-08-26T12:01:57+0200,de5651f7-a4c0-4808-ad66-e3bdff44187a,2026-08-14T19:45:00Z,2026-08-14T21:45:00+0200,2.49699,MW,DK2,DK_2,actual_solar_generation,Solar,2026-08-26T10:27:13Z
2026-08-26T10:01:57Z,2026-08-26T12:01:57+0200,de5651f7-a4c0-4808-ad66-e3bdff44187a,2026-08-14T20:00:00Z,2026-08-14T22:00:00+0200,0.171184,MW,DK2,DK_2,actual_solar_generation,Solar,2026-08-26T10:27:13Z
2026-08-26T10:01:57Z,2026-08-26T12:01:57+0200,de5651f7-a4c0-4808-ad66-e3bdff44187a,2026-08-14T20:15:00Z,2026-08-14T22:15:00+0200,0.0,MW,DK2,DK_2,actual_solar_generation,Solar,2026-08-26T10:27:13Z
2026-08-26T10:01:57Z,2026-08-26T12:01:57+0200,de5651f7-a4c0-4808-ad66-e3bdff44187a,2026-08-14T20:30:00Z,2026-08-14T22:30:00+0200,0.0,MW,DK2,DK_2,actual_solar_generation,Solar,2026-08-26T10:27:13Z
2026-08-26T10:01:57Z,2026-08-26T12:01:57+0200,de5651f7-a4c0-4808-ad66-e3bdff44187a,2026-08-14T20:45:00Z,2026-08-14T22:45:00+0200,0.0,MW,DK2,DK_2,actual_solar_generation,Solar,2026-08-26T10:27:13Z
2026-08-26T10:01:57Z,2026-08-26T12:01:57+0200,de5651f7-a4c0-4808-ad66-e3bdff44187a,2026-08-14T21:00:00Z,2026-08-14T23:00:00+0200,0.0,MW,DK2,DK_2,actual_solar_generation,Solar,2026-08-26T10:27:13Z
2026-08-26T10:01:57Z,2026-08-26T12:01:57+0200,de5651f7-a4c0-4808-ad66-e3bdff44187a,2026-08-14T21:15:00Z,2026-08-14T23:15:00+0200,0.0,MW,DK2,DK_2,actual_solar_generation,Solar,2026-08-26T10:27:13Z
2026-08-26T10:01:57Z,2026-08-26T12:01:57+0200,de5651f7-a4c0-4808-ad66-e3bdff44187a,2026-08-14T21:30:00Z,2026-08-14T23:30:00+0200,0.0,MW,DK2,DK_2,actual_solar_generation,Solar,2026-08-26T10:27:13Z
2026-08-26T10:01:57Z,2026-08-26T12:01:57+0200,de5651f7-a4c0-4808-ad66-e3bdff44187a,2026-08-14T21:45:00Z,2026-08-14T23:45:00+0200,0.0,MW,DK2,DK_2,actual_solar_generation,Solar,2026-08-26T10:27:13Z
2026-08-26T10:01:57Z,2026-08-26T12:01:57+0200,de5651f7-a4c0-4808-ad66-e3bdff44187a,2026-08-14T22:00:00Z,2026-08-15T00:00:00+0200,0.0,MW,DK2,DK_2,actual_solar_generation,Solar,2026-08-26T10:27:13Z
2026-08-26T10:01:57Z,2026-08-26T12:01:57+0200,de5651f7-a4c0-4808-ad66-e3bdff44187a,2026-08-14T22:15:00Z,2026-08-15T00:15:00+0200,0.0,MW,DK2,DK_2,actual_solar_generation,Solar,2026-08-26T10:27:13Z
2026-08-26T10:01:57Z,2026-08-26T12:01:57+0200,de5651f7-a4c0-4808-ad66-e3bdff44187a,2026-08-14T22:30:00Z,2026-08-15T00:30:00+0200,0.0,MW,DK2,DK_2,actual_solar_generation,Solar,2026-08-26T10:27:13Z
2026-08-26T10:01:57Z,2026-08-26T12:01:57+0200,de5651f7-a4c0-4808-ad66-e3bdff44187a,2026-08-14T22:45:00Z,2026-08-15T00:45:00+0200,0.0,MW,DK2,DK_2,actual_solar_generation,Solar,2026-08-26T10:27:13Z
2026-08-26T10:01:57Z,2026-08-26T12:01:57+0200,de5651f7-a4c0-4808-ad66-e3bdff44187a,2026-08-14T23:00:00Z,2026-08-15T01:00:00+0200,0.0,MW,DK2,DK_2,actual_solar_generation,Solar,2026-08-26T10:27:13Z
2026-08-26T10:01:57Z,2026-08-26T12:01:57+0200,de5651f7-a4c0-4808-ad66-e3bdff44187a,2026-08-14T23:15:00Z,2026-08-15T01:15:00+0200,0.0,MW,DK2,DK_2,actual_solar_generation,Solar,2026-08-26T10:27:13Z
2026-08-26T10:01:57Z,2026-08-26T12:01:57+0200,de5651f7-a4c0-4808-ad66-e3bdff44187a,2026-08-14T23:30:00Z,2026-08-15T01:30:00+0200,0.0,MW,DK2,DK_2,actual_solar_generation,Solar,2026-08-26T10:27:13Z
2026-08-26T10:01:57Z,2026-08-26T12:01:57+0200,de5651f7-a4c0-4808-ad66-e3bdff44187a,2026-08-14T23:45:00Z,2026-08-15T01:45:00+0200,0.0,MW,DK2,DK_2,actual_solar_generation,Solar,2026-08-26T10:27:13Z
2026-08-26T10:01:57Z,2026-08-26T12:01:57+0200,de5651f7-a4c0-4808-ad66-e3bdff44187a,2026-08-15T00:00:00Z,2026-08-15T02:00:00+0200,0.0,MW,DK2,DK_2,actual_solar_generation,Solar,2026-08-26T10:27:13Z
2026-08-26T10:01:57Z,2026-08-26T12:01:57+0200,de5651f7-a4c0-4808-ad66-e3bdff44187a,2026-08-15T00:15:00Z,2026-08-15T02:15:00+0200,0.0,MW,DK2,DK_2,actual_solar_generation,Solar,2026-08-26T10:27:13Z
2026-08-26T10:01:57Z,2026-08-26T12:01:57+0200,de5651f7-a4c0-4808-ad66-e3bdff44187a,2026-08-15T00:30:00Z,2026-08-15T02:30:00+0200,0.0,MW,DK2,DK_2,actual_solar_generation,Solar,2026-08-26T10:27:13Z
2026-08-26T10:01:57Z,2026-08-26T12:01:57+0200,de5651f7-a4c0-4808-ad66-e3bdff44187a,2026-08-15T00:45:00Z,2026-08-15T02:45:00+0200,0.0,MW,DK2,DK_2,actual_solar_generation,Solar,2026-08-26T10:27:13Z
2026-08-26T10:01:57Z,2026-08-26T12:01:57+0200,de5651f7-a4c0-4808-ad66-e3bdff44187a,2026-08-15T01:00:00Z,2026-08-15T03:00:00+0200,0.0,MW,DK2,DK_2,actual_solar_generation,Solar,2026-08-26T10:27:13Z
2026-08-26T10:01:57Z,2026-08-26T12:01:57+0200,de5651f7-a4c0-4808-ad66-e3bdff44187a,2026-08-15T01:15:00Z,2026-08-15T03:15:00+0200,0.0,MW,DK2,DK_2,actual_solar_generation,Solar,2026-08-26T10:27:13Z
2026-08-26T10:01:57Z,2026-08-26T12:01:57+0200,de5651f7-a4c0-4808-ad66-e3bdff44187a,2026-08-15T01:30:00Z,2026-08-15T03:30:00+0200,0.0,MW,DK2,DK_2,actual_solar_generation,Solar,2026-08-26T10:27:13Z
2026-08-26T10:01:57Z,2026-08-26T12:01:57+0200,de5651f7-a4c0-4808-ad66-e3bdff44187a,2026-08-15T01:45:00Z,2026-08-15T03:45:00+0200,0.0,MW,DK2,DK_2,actual_solar_generation,Solar,2026-08-26T10:27:13Z
2026-08-26T10:01:57Z,2026-08-26T12:01:57+0200,de5651f7-a4c0-4808-ad66-e3bdff44187a,2026-08-15T02:00:00Z,2026-08-15T04:00:00+0200,0.0,MW,DK2,DK_2,actual_solar_generation,Solar,2026-08-26T10:27:13Z
2026-08-26T10:01:57Z,2026-08-26T12:01:57+0200,de5651f7-a4c0-4808-ad66-e3bdff44187a,2026-08-15T02:15:00Z,2026-08-15T04:15:00+0200,0.0,MW,DK2,DK_2,actual_solar_generation,Solar,2026-08-26T10:27:13Z
2026-08-26T10:01:57Z,2026-08-26T12:01:57+0200,de5651f7-a4c0-4808-ad66-e3bdff44187a,2026-08-15T02:30:00Z,2026-08-15T04:30:00+0200,0.0,MW,DK2,DK_2,actual_solar_generation,Solar,2026-08-26T10:27:13Z
2026-08-26T10:01:57Z,2026-08-26T12:01:57+0200,de5651f7-a4c0-4808-ad66-e3bdff44187a,2026-08-15T02:45:00Z,2026-08-15T04:45:00+0200,0.0,MW,DK2,DK_2,actual_solar_generation,Solar,2026-08-26T10:27:13Z
2026-08-26T10:01:57Z,2026-08-26T12:01:57+0200,de5651f7-a4c0-4808-ad66-e3bdff44187a,2026-08-15T03:00:00Z,2026-08-15T05:00:00+0200,0.0,MW,DK2,DK_2,actual_solar_generation,Solar,2026-08-26T10:27:13Z
2026-08-26T10:01:57Z,2026-08-26T12:01:57+0200,de5651f7-a4c0-4808-ad66-e3bdff44187a,2026-08-15T03:15:00Z,2026-08-15T05:15:00+0200,0.0,MW,DK2,DK_2,actual_solar_generation,Solar,2026-08-26T10:27:13Z
2026-08-26T10:01:57Z,2026-08-26T12:01:57+0200,de5651f7-a4c0-4808-ad66-e3bdff44187a,2026-08-15T03:30:00Z,2026-08-15T05:30:00+0200,0.0,MW,DK2,DK_2,actual_solar_generation,Solar,2026-08-26T10:27:13Z
2026-08-26T10:01:57Z,2026-08-26T12:01:57+0200,de5651f7-a4c0-4808-ad66-e3bdff44187a,2026-08-15T03:45:00Z,2026-08-15T05:45:00+0200,1.50403,MW,DK2,DK_2,actual_solar_generation,Solar,2026-08-26T10:27:13Z
2026-08-26T10:01:57Z,2026-08-26T12:01:57+0200,de5651f7-a4c0-4808-ad66-e3bdff44187a,2026-08-15T04:00:00Z,2026-08-15T06:00:00+0200,10.7983,MW,DK2,DK_2,actual_solar_generation,Solar,2026-08-26T10:27:13Z
2026-08-26T10:01:57Z,2026-08-26T12:01:57+0200,de5651f7-a4c0-4808-ad66-e3bdff44187a,2026-08-15T04:15:00Z,2026-08-15T06:15:00+0200,23.5234,MW,DK2,DK_2,actual_solar_generation,Solar,2026-08-26T10:27:13Z
2026-08-26T10:01:57Z,2026-08-26T12:01:57+0200,de5651f7-a4c0-4808-ad66-e3bdff44187a,2026-08-15T04:30:00Z,2026-08-15T06:30:00+0200,36.4184,MW,DK2,DK_2,actual_solar_generation,Solar,2026-08-26T10:27:13Z
2026-08-26T10:01:57Z,2026-08-26T12:01:57+0200,de5651f7-a4c0-4808-ad66-e3bdff44187a,2026-08-15T04:45:00Z,2026-08-15T06:45:00+0200,60.7303,MW,DK2,DK_2,actual_solar_generation,Solar,2026-08-26T10:27:13Z
2026-08-26T10:01:57Z,2026-08-26T12:01:57+0200,de5651f7-a4c0-4808-ad66-e3bdff44187a,2026-08-15T05:00:00Z,2026-08-15T07:00:00+0200,88.4436,MW,DK2,DK_2,actual_solar_generation,Solar,2026-08-26T10:27:13Z
2026-08-26T10:01:57Z,2026-08-26T12:01:57+0200,de5651f7-a4c0-4808-ad66-e3bdff44187a,2026-08-15T05:15:00Z,2026-08-15T07:15:00+0200,124.108,MW,DK2,DK_2,actual_solar_generation,Solar,2026-08-26T10:27:13Z
2026-08-26T10:01:57Z,2026-08-26T12:01:57+0200,de5651f7-a4c0-4808-ad66-e3bdff44187a,2026-08-15T05:30:00Z,2026-08-15T07:30:00+0200,153.382,MW,DK2,DK_2,actual_solar_generation,Solar,2026-08-26T10:27:13Z
2026-08-26T10:01:57Z,2026-08-26T12:01:57+0200,de5651f7-a4c0-4808-ad66-e3bdff44187a,2026-08-15T05:45:00Z,2026-08-15T07:45:00+0200,209.894,MW,DK2,DK_2,actual_solar_generation,Solar,2026-08-26T10:27:13Z
2026-08-26T10:01:57Z,2026-08-26T12:01:57+0200,de5651f7-a4c0-4808-ad66-e3bdff44187a,2026-08-15T06:00:00Z,2026-08-15T08:00:00+0200,251.095,MW,DK2,DK_2,actual_solar_generation,Solar,2026-08-26T10:27:13Z
2026-08-26T10:01:57Z,2026-08-26T12:01:57+0200,de5651f7-a4c0-4808-ad66-e3bdff44187a,2026-08-15T06:15:00Z,2026-08-15T08:15:00+0200,273.481,MW,DK2,DK_2,actual_solar_generation,Solar,2026-08-26T10:27:13Z
2026-08-26T10:01:57Z,2026-08-26T12:01:57+0200,de5651f7-a4c0-4808-ad66-e3bdff44187a,2026-08-15T06:30:00Z,2026-08-15T08:30:00+0200,336.032,MW,DK2,DK_2,actual_solar_generation,Solar,2026-08-26T10:27:13Z
2026-08-26T10:01:57Z,2026-08-26T12:01:57+0200,de5651f7-a4c0-4808-ad66-e3bdff44187a,2026-08-15T06:45:00Z,2026-08-15T08:45:00+0200,434.918,MW,DK2,DK_2,actual_solar_generation,Solar,2026-08-26T10:27:13Z
2026-08-26T10:01:57Z,2026-08-26T12:01:57+0200,de5651f7-a4c0-4808-ad66-e3bdff44187a,2026-08-15T07:00:00Z,2026-08-15T09:00:00+0200,529.234,MW,DK2,DK_2,actual_solar_generation,Solar,2026-08-26T10:27:13Z
2026-08-26T10:01:57Z,2026-08-26T12:01:57+0200,de5651f7-a4c0-4808-ad66-e3bdff44187a,2026-08-15T07:15:00Z,2026-08-15T09:15:00+0200,594.601,MW,DK2,DK_2,actual_solar_generation,Solar,2026-08-26T10:27:13Z
2026-08-26T10:01:57Z,2026-08-26T12:01:57+0200,de5651f7-a4c0-4808-ad66-e3bdff44187a,2026-08-15T07:30:00Z,2026-08-15T09:30:00+0200,671.162,MW,DK2,DK_2,actual_solar_generation,Solar,2026-08-26T10:27:13Z
2026-08-26T10:01:57Z,2026-08-26T12:01:57+0200,de5651f7-a4c0-4808-ad66-e3bdff44187a,2026-08-15T07:45:00Z,2026-08-15T09:45:00+0200,706.555,MW,DK2,DK_2,actual_solar_generation,Solar,2026-08-26T10:27:13Z
2026-08-26T10:01:57Z,2026-08-26T12:01:57+0200,de5651f7-a4c0-4808-ad66-e3bdff44187a,2026-08-15T08:00:00Z,2026-08-15T10:00:00+0200,782.477,MW,DK2,DK_2,actual_solar_generation,Solar,2026-08-26T10:27:13Z
2026-08-26T10:01:57Z,2026-08-26T12:01:57+0200,de5651f7-a4c0-4808-ad66-e3bdff44187a,2026-08-15T08:15:00Z,2026-08-15T10:15:00+0200,794.336,MW,DK2,DK_2,actual_solar_generation,Solar,2026-08-26T10:27:13Z
2026-08-26T10:01:57Z,2026-08-26T12:01:57+0200,de5651f7-a4c0-4808-ad66-e3bdff44187a,2026-08-15T08:30:00Z,2026-08-15T10:30:00+0200,857.391,MW,DK2,DK_2,actual_solar_generation,Solar,2026-08-26T10:27:13Z
2026-08-26T10:01:57Z,2026-08-26T12:01:57+0200,de5651f7-a4c0-4808-ad66-e3bdff44187a,2026-08-15T08:45:00Z,2026-08-15T10:45:00+0200,895.522,MW,DK2,DK_2,actual_solar_generation,Solar,2026-08-26T10:27:13Z
2026-08-26T10:01:57Z,2026-08-26T12:01:57+0200,de5651f7-a4c0-4808-ad66-e3bdff44187a,2026-08-15T09:00:00Z,2026-08-15T11:00:00+0200,904.546,MW,DK2,DK_2,actual_solar_generation,Solar,2026-08-26T10:27:13Z
2026-08-26T10:01:57Z,2026-08-26T12:01:57+0200,de5651f7-a4c0-4808-ad66-e3bdff44187a,2026-08-15T09:15:00Z,2026-08-15T11:15:00+0200,914.875,MW,DK2,DK_2,actual_solar_generation,Solar,2026-08-26T10:27:13Z
2026-08-26T10:01:57Z,2026-08-26T12:01:57+0200,de5651f7-a4c0-4808-ad66-e3bdff44187a,2026-08-15T09:30:00Z,2026-08-15T11:30:00+0200,914.905,MW,DK2,DK_2,actual_solar_generation,Solar,2026-08-26T10:27:13Z
2026-08-26T10:01:57Z,2026-08-26T12:01:57+0200,de5651f7-a4c0-4808-ad66-e3bdff44187a,2026-08-15T09:45:00Z,2026-08-15T11:45:00+0200,955.57,MW,DK2,DK_2,actual_solar_generation,Solar,2026-08-26T10:27:13Z
2026-08-26T10:01:57Z,2026-08-26T12:01:57+0200,de5651f7-a4c0-4808-ad66-e3bdff44187a,2026-08-15T10:00:00Z,2026-08-15T12:00:00+0200,986.572,MW,DK2,DK_2,actual_solar_generation,Solar,2026-08-26T10:27:13Z
2026-08-26T10:01:57Z,2026-08-26T12:01:57+0200,de5651f7-a4c0-4808-ad66-e3bdff44187a,2026-08-15T10:15:00Z,2026-08-15T12:15:00+0200,983.852,MW,DK2,DK_2,actual_solar_generation,Solar,2026-08-26T10:27:13Z
2026-08-26T10:01:57Z,2026-08-26T12:01:57+0200,de5651f7-a4c0-4808-ad66-e3bdff44187a,2026-08-15T10:30:00Z,2026-08-15T12:30:00+0200,998.371,MW,DK2,DK_2,actual_solar_generation,Solar,2026-08-26T10:27:13Z
2026-08-26T10:01:57Z,2026-08-26T12:01:57+0200,de5651f7-a4c0-4808-ad66-e3bdff44187a,2026-08-15T10:45:00Z,2026-08-15T12:45:00+0200,981.689,MW,DK2,DK_2,actual_solar_generation,Solar,2026-08-26T10:27:13Z
2026-08-26T10:01:57Z,2026-08-26T12:01:57+0200,de5651f7-a4c0-4808-ad66-e3bdff44187a,2026-08-15T11:00:00Z,2026-08-15T13:00:00+0200,962.12,MW,DK2,DK_2,actual_solar_generation,Solar,2026-08-26T10:27:13Z
2026-08-26T10:01:57Z,2026-08-26T12:01:57+0200,de5651f7-a4c0-4808-ad66-e3bdff44187a,2026-08-15T11:15:00Z,2026-08-15T13:15:00+0200,919.542,MW,DK2,DK_2,actual_solar_generation,Solar,2026-08-26T10:27:13Z
2026-08-26T10:01:57Z,2026-08-26T12:01:57+0200,de5651f7-a4c0-4808-ad66-e3bdff44187a,2026-08-15T11:30:00Z,2026-08-15T13:30:00+0200,921.28,MW,DK2,DK_2,actual_solar_generation,Solar,2026-08-26T10:27:13Z
2026-08-26T10:01:57Z,2026-08-26T12:01:57+0200,de5651f7-a4c0-4808-ad66-e3bdff44187a,2026-08-15T11:45:00Z,2026-08-15T13:45:00+0200,911.147,MW,DK2,DK_2,actual_solar_generation,Solar,2026-08-26T10:27:13Z
2026-08-26T10:01:57Z,2026-08-26T12:01:57+0200,de5651f7-a4c0-4808-ad66-e3bdff44187a,2026-08-15T12:00:00Z,2026-08-15T14:00:00+0200,888.431,MW,DK2,DK_2,actual_solar_generation,Solar,2026-08-26T10:27:13Z
2026-08-26T10:01:57Z,2026-08-26T12:01:57+0200,de5651f7-a4c0-4808-ad66-e3bdff44187a,2026-08-15T12:15:00Z,2026-08-15T14:15:00+0200,817.579,MW,DK2,DK_2,actual_solar_generation,Solar,2026-08-26T10:27:13Z
2026-08-26T10:01:57Z,2026-08-26T12:01:57+0200,de5651f7-a4c0-4808-ad66-e3bdff44187a,2026-08-15T12:30:00Z,2026-08-15T14:30:00+0200,767.068,MW,DK2,DK_2,actual_solar_generation,Solar,2026-08-26T10:27:13Z
2026-08-26T10:01:57Z,2026-08-26T12:01:57+0200,de5651f7-a4c0-4808-ad66-e3bdff44187a,2026-08-15T12:45:00Z,2026-08-15T14:45:00+0200,678.364,MW,DK2,DK_2,actual_solar_generation,Solar,2026-08-26T10:27:13Z
2026-08-26T10:01:57Z,2026-08-26T12:01:57+0200,de5651f7-a4c0-4808-ad66-e3bdff44187a,2026-08-15T13:00:00Z,2026-08-15T15:00:00+0200,595.114,MW,DK2,DK_2,actual_solar_generation,Solar,2026-08-26T10:27:13Z
2026-08-26T10:01:57Z,2026-08-26T12:01:57+0200,de5651f7-a4c0-4808-ad66-e3bdff44187a,2026-08-15T13:15:00Z,2026-08-15T15:15:00+0200,497.36,MW,DK2,DK_2,actual_solar_generation,Solar,2026-08-26T10:27:13Z
2026-08-26T10:01:57Z,2026-08-26T12:01:57+0200,de5651f7-a4c0-4808-ad66-e3bdff44187a,2026-08-15T13:30:00Z,2026-08-15T15:30:00+0200,407.929,MW,DK2,DK_2,actual_solar_generation,Solar,2026-08-26T10:27:13Z
2026-08-26T10:01:57Z,2026-08-26T12:01:57+0200,de5651f7-a4c0-4808-ad66-e3bdff44187a,2026-08-15T13:45:00Z,2026-08-15T15:45:00+0200,439.437,MW,DK2,DK_2,actual_solar_generation,Solar,2026-08-26T10:27:13Z
2026-08-26T10:01:57Z,2026-08-26T12:01:57+0200,de5651f7-a4c0-4808-ad66-e3bdff44187a,2026-08-15T14:00:00Z,2026-08-15T16:00:00+0200,479.918,MW,DK2,DK_2,actual_solar_generation,Solar,2026-08-26T10:27:13Z
2026-08-26T10:01:57Z,2026-08-26T12:01:57+0200,de5651f7-a4c0-4808-ad66-e3bdff44187a,2026-08-15T14:15:00Z,2026-08-15T16:15:00+0200,571.834,MW,DK2,DK_2,actual_solar_generation,Solar,2026-08-26T10:27:13Z
2026-08-26T10:01:57Z,2026-08-26T12:01:57+0200,de5651f7-a4c0-4808-ad66-e3bdff44187a,2026-08-15T14:30:00Z,2026-08-15T16:30:00+0200,559.653,MW,DK2,DK_2,actual_solar_generation,Solar,2026-08-26T10:27:13Z
2026-08-26T10:01:57Z,2026-08-26T12:01:57+0200,de5651f7-a4c0-4808-ad66-e3bdff44187a,2026-08-15T14:45:00Z,2026-08-15T16:45:00+0200,530.169,MW,DK2,DK_2,actual_solar_generation,Solar,2026-08-26T10:27:13Z
2026-08-26T10:01:57Z,2026-08-26T12:01:57+0200,de5651f7-a4c0-4808-ad66-e3bdff44187a,2026-08-15T15:00:00Z,2026-08-15T17:00:00+0200,564.637,MW,DK2,DK_2,actual_solar_generation,Solar,2026-08-26T10:27:13Z
2026-08-26T10:01:57Z,2026-08-26T12:01:57+0200,de5651f7-a4c0-4808-ad66-e3bdff44187a,2026-08-15T15:15:00Z,2026-08-15T17:15:00+0200,490.721,MW,DK2,DK_2,actual_solar_generation,Solar,2026-08-26T10:27:13Z
2026-08-26T10:01:57Z,2026-08-26T12:01:57+0200,de5651f7-a4c0-4808-ad66-e3bdff44187a,2026-08-15T15:30:00Z,2026-08-15T17:30:00+0200,416.975,MW,DK2,DK_2,actual_solar_generation,Solar,2026-08-26T10:27:13Z
2026-08-26T10:01:57Z,2026-08-26T12:01:57+0200,de5651f7-a4c0-4808-ad66-e3bdff44187a,2026-08-15T15:45:00Z,2026-08-15T17:45:00+0200,353.417,MW,DK2,DK_2,actual_solar_generation,Solar,2026-08-26T10:27:13Z
2026-08-26T10:01:57Z,2026-08-26T12:01:57+0200,de5651f7-a4c0-4808-ad66-e3bdff44187a,2026-08-15T16:00:00Z,2026-08-15T18:00:00+0200,314.697,MW,DK2,DK_2,actual_solar_generation,Solar,2026-08-26T10:27:13Z
2026-08-26T10:01:57Z,2026-08-26T12:01:57+0200,de5651f7-a4c0-4808-ad66-e3bdff44187a,2026-08-15T16:15:00Z,2026-08-15T18:15:00+0200,272.972,MW,DK2,DK_2,actual_solar_generation,Solar,2026-08-26T10:27:13Z
2026-08-26T10:01:57Z,2026-08-26T12:01:57+0200,de5651f7-a4c0-4808-ad66-e3bdff44187a,2026-08-15T16:30:00Z,2026-08-15T18:30:00+0200,230.449,MW,DK2,DK_2,actual_solar_generation,Solar,2026-08-26T10:27:13Z
2026-08-26T10:01:57Z,2026-08-26T12:01:57+0200,de5651f7-a4c0-4808-ad66-e3bdff44187a,2026-08-15T16:45:00Z,2026-08-15T18:45:00+0200,189.483,MW,DK2,DK_2,actual_solar_generation,Solar,2026-08-26T10:27:13Z
2026-08-26T10:01:57Z,2026-08-26T12:01:57+0200,de5651f7-a4c0-4808-ad66-e3bdff44187a,2026-08-15T17:00:00Z,2026-08-15T19:00:00+0200,154.73,MW,DK2,DK_2,actual_solar_generation,Solar,2026-08-26T10:27:13Z
2026-08-26T10:01:57Z,2026-08-26T12:01:57+0200,de5651f7-a4c0-4808-ad66-e3bdff44187a,2026-08-15T17:15:00Z,2026-08-15T19:15:00+0200,124.977,MW,DK2,DK_2,actual_solar_generation,Solar,2026-08-26T10:27:13Z
2026-08-26T10:01:57Z,2026-08-26T12:01:57+0200,de5651f7-a4c0-4808-ad66-e3bdff44187a,2026-08-15T17:30:00Z,2026-08-15T19:30:00+0200,97.2271,MW,DK2,DK_2,actual_solar_generation,Solar,2026-08-26T10:27:13Z
2026-08-26T10:01:57Z,2026-08-26T12:01:57+0200,de5651f7-a4c0-4808-ad66-e3bdff44187a,2026-08-15T17:45:00Z,2026-08-15T19:45:00+0200,74.0903,MW,DK2,DK_2,actual_solar_generation,Solar,2026-08-26T10:27:13Z
2026-08-26T10:01:57Z,2026-08-26T12:01:57+0200,de5651f7-a4c0-4808-ad66-e3bdff44187a,2026-08-15T18:00:00Z,2026-08-15T20:00:00+0200,55.4073,MW,DK2,DK_2,actual_solar_generation,Solar,2026-08-26T10:27:13Z
2026-08-26T10:01:57Z,2026-08-26T12:01:57+0200,de5651f7-a4c0-4808-ad66-e3bdff44187a,2026-08-15T18:15:00Z,2026-08-15T20:15:00+0200,33.1236,MW,DK2,DK_2,actual_solar_generation,Solar,2026-08-26T10:27:13Z
2026-08-26T10:01:57Z,2026-08-26T12:01:57+0200,de5651f7-a4c0-4808-ad66-e3bdff44187a,2026-08-15T18:30:00Z,2026-08-15T20:30:00+0200,15.1,MW,DK2,DK_2,actual_solar_generation,Solar,2026-08-26T10:27:13Z
2026-08-26T10:01:57Z,2026-08-26T12:01:57+0200,de5651f7-a4c0-4808-ad66-e3bdff44187a,2026-08-15T18:45:00Z,2026-08-15T20:45:00+0200,3.2218,MW,DK2,DK_2,actual_solar_generation,Solar,2026-08-26T10:27:13Z
2026-08-26T10:01:57Z,2026-08-26T12:01:57+0200,de5651f7-a4c0-4808-ad66-e3bdff44187a,2026-08-15T19:00:00Z,2026-08-15T21:00:00+0200,0.517707,MW,DK2,DK_2,actual_solar_generation,Solar,2026-08-26T10:27:13Z
2026-08-26T10:01:57Z,2026-08-26T12:01:57+0200,de5651f7-a4c0-4808-ad66-e3bdff44187a,2026-08-15T19:15:00Z,2026-08-15T21:15:00+0200,0.079083,MW,DK2,DK_2,actual_solar_generation,Solar,2026-08-26T10:27:13Z
2026-08-26T10:01:57Z,2026-08-26T12:01:57+0200,de5651f7-a4c0-4808-ad66-e3bdff44187a,2026-08-15T19:30:00Z,2026-08-15T21:30:00+0200,0.431688,MW,DK2,DK_2,actual_solar_generation,Solar,2026-08-26T10:27:13Z
2026-08-26T10:01:57Z,2026-08-26T12:01:57+0200,de5651f7-a4c0-4808-ad66-e3bdff44187a,2026-08-15T19:45:00Z,2026-08-15T21:45:00+0200,0.301939,MW,DK2,DK_2,actual_solar_generation,Solar,2026-08-26T10:27:13Z
2026-08-26T10:01:57Z,2026-08-26T12:01:57+0200,de5651f7-a4c0-4808-ad66-e3bdff44187a,2026-08-15T20:00:00Z,2026-08-15T22:00:00+0200,0.0,MW,DK2,DK_2,actual_solar_generation,Solar,2026-08-26T10:27:13Z
2026-08-26T10:01:57Z,2026-08-26T12:01:57+0200,de5651f7-a4c0-4808-ad66-e3bdff44187a,2026-08-15T20:15:00Z,2026-08-15T22:15:00+0200,0.0,MW,DK2,DK_2,actual_solar_generation,Solar,2026-08-26T10:27:13Z
2026-08-26T10:01:57Z,2026-08-26T12:01:57+0200,de5651f7-a4c0-4808-ad66-e3bdff44187a,2026-08-15T20:30:00Z,2026-08-15T22:30:00+0200,0.0,MW,DK2,DK_2,actual_solar_generation,Solar,2026-08-26T10:27:13Z
2026-08-26T10:01:57Z,2026-08-26T12:01:57+0200,de5651f7-a4c0-4808-ad66-e3bdff44187a,2026-08-15T20:45:00Z,2026-08-15T22:45:00+0200,0.0,MW,DK2,DK_2,actual_solar_generation,Solar,2026-08-26T10:27:13Z
2026-08-26T10:01:57Z,2026-08-26T12:01:57+0200,de5651f7-a4c0-4808-ad66-e3bdff44187a,2026-08-15T21:00:00Z,2026-08-15T23:00:00+0200,0.0,MW,DK2,DK_2,actual_solar_generation,Solar,2026-08-26T10:27:13Z
2026-08-26T10:01:57Z,2026-08-26T12:01:57+0200,de5651f7-a4c0-4808-ad66-e3bdff44187a,2026-08-15T21:15:00Z,2026-08-15T23:15:00+0200,0.0,MW,DK2,DK_2,actual_solar_generation,Solar,2026-08-26T10:27:13Z
2026-08-26T10:01:57Z,2026-08-26T12:01:57+0200,de5651f7-a4c0-4808-ad66-e3bdff44187a,2026-08-15T21:30:00Z,2026-08-15T23:30:00+0200,0.0,MW,DK2,DK_2,actual_solar_generation,Solar,2026-08-26T10:27:13Z
2026-08-26T10:01:57Z,2026-08-26T12:01:57+0200,de5651f7-a4c0-4808-ad66-e3bdff44187a,2026-08-15T21:45:00Z,2026-08-15T23:45:00+0200,0.0,MW,DK2,DK_2,actual_solar_generation,Solar,2026-08-26T10:27:13Z
2026-08-26T10:01:57Z,2026-08-26T12:01:57+0200,de5651f7-a4c0-4808-ad66-e3bdff44187a,2026-08-15T22:00:00Z,2026-08-16T00:00:00+0200,0.0,MW,DK2,DK_2,actual_solar_generation,Solar,2026-08-26T10:27:13Z
2026-08-26T10:01:57Z,2026-08-26T12:01:57+0200,de5651f7-a4c0-4808-ad66-e3bdff44187a,2026-08-15T22:15:00Z,2026-08-16T00:15:00+0200,0.0,MW,DK2,DK_2,actual_solar_generation,Solar,2026-08-26T10:27:13Z
2026-08-26T10:01:57Z,2026-08-26T12:01:57+0200,de5651f7-a4c0-4808-ad66-e3bdff44187a,2026-08-15T22:30:00Z,2026-08-16T00:30:00+0200,0.0,MW,DK2,DK_2,actual_solar_generation,Solar,2026-08-26T10:27:13Z
2026-08-26T10:01:57Z,2026-08-26T12:01:57+0200,de5651f7-a4c0-4808-ad66-e3bdff44187a,2026-08-15T22:45:00Z,2026-08-16T00:45:00+0200,0.0,MW,DK2,DK_2,actual_solar_generation,Solar,2026-08-26T10:27:13Z
2026-08-26T10:01:57Z,2026-08-26T12:01:57+0200,de5651f7-a4c0-4808-ad66-e3bdff44187a,2026-08-15T23:00:00Z,2026-08-16T01:00:00+0200,0.0,MW,DK2,DK_2,actual_solar_generation,Solar,2026-08-26T10:27:13Z
2026-08-26T10:01:57Z,2026-08-26T12:01:57+0200,de5651f7-a4c0-4808-ad66-e3bdff44187a,2026-08-15T23:15:00Z,2026-08-16T01:15:00+0200,0.0,MW,DK2,DK_2,actual_solar_generation,Solar,2026-08-26T10:27:13Z
2026-08-26T10:01:57Z,2026-08-26T12:01:57+0200,de5651f7-a4c0-4808-ad66-e3bdff44187a,2026-08-15T23:30:00Z,2026-08-16T01:30:00+0200,0.0,MW,DK2,DK_2,actual_solar_generation,Solar,2026-08-26T10:27:13Z
2026-08-26T10:01:57Z,2026-08-26T12:01:57+0200,de5651f7-a4c0-4808-ad66-e3bdff44187a,2026-08-15T23:45:00Z,2026-08-16T01:45:00+0200,0.0,MW,DK2,DK_2,actual_solar_generation,Solar,2026-08-26T10:27:13Z
2026-08-26T10:01:57Z,2026-08-26T12:01:57+0200,de5651f7-a4c0-4808-ad66-e3bdff44187a,2026-08-16T00:00:00Z,2026-08-16T02:00:00+0200,0.0,MW,DK2,DK_2,actual_solar_generation,Solar,2026-08-26T10:27:13Z
2026-08-26T10:01:57Z,2026-08-26T12:01:57+0200,de5651f7-a4c0-4808-ad66-e3bdff44187a,2026-08-16T00:15:00Z,2026-08-16T02:15:00+0200,0.0,MW,DK2,DK_2,actual_solar_generation,Solar,2026-08-26T10:27:13Z
2026-08-26T10:01:57Z,2026-08-26T12:01:57+0200,de5651f7-a4c0-4808-ad66-e3bdff44187a,2026-08-16T00:30:00Z,2026-08-16T02:30:00+0200,0.0,MW,DK2,DK_2,actual_solar_generation,Solar,2026-08-26T10:27:13Z
2026-08-26T10:01:57Z,2026-08-26T12:01:57+0200,de5651f7-a4c0-4808-ad66-e3bdff44187a,2026-08-16T00:45:00Z,2026-08-16T02:45:00+0200,0.0,MW,DK2,DK_2,actual_solar_generation,Solar,2026-08-26T10:27:13Z
2026-08-26T10:01:57Z,2026-08-26T12:01:57+0200,de5651f7-a4c0-4808-ad66-e3bdff44187a,2026-08-16T01:00:00Z,2026-08-16T03:00:00+0200,0.0,MW,DK2,DK_2,actual_solar_generation,Solar,2026-08-26T10:27:13Z
2026-08-26T10:01:57Z,2026-08-26T12:01:57+0200,de5651f7-a4c0-4808-ad66-e3bdff44187a,2026-08-16T01:15:00Z,2026-08-16T03:15:00+0200,0.0,MW,DK2,DK_2,actual_solar_generation,Solar,2026-08-26T10:27:13Z
2026-08-26T10:01:57Z,2026-08-26T12:01:57+0200,de5651f7-a4c0-4808-ad66-e3bdff44187a,2026-08-16T01:30:00Z,2026-08-16T03:30:00+0200,0.0,MW,DK2,DK_2,actual_solar_generation,Solar,2026-08-26T10:27:13Z
2026-08-26T10:01:57Z,2026-08-26T12:01:57+0200,de5651f7-a4c0-4808-ad66-e3bdff44187a,2026-08-16T01:45:00Z,2026-08-16T03:45:00+0200,0.0,MW,DK2,DK_2,actual_solar_generation,Solar,2026-08-26T10:27:13Z
2026-08-26T10:01:57Z,2026-08-26T12:01:57+0200,de5651f7-a4c0-4808-ad66-e3bdff44187a,2026-08-16T02:00:00Z,2026-08-16T04:00:00+0200,0.0,MW,DK2,DK_2,actual_solar_generation,Solar,2026-08-26T10:27:13Z
2026-08-26T10:01:57Z,2026-08-26T12:01:57+0200,de5651f7-a4c0-4808-ad66-e3bdff44187a,2026-08-16T02:15:00Z,2026-08-16T04:15:00+0200,0.0,MW,DK2,DK_2,actual_solar_generation,Solar,2026-08-26T10:27:13Z
2026-08-26T10:01:57Z,2026-08-26T12:01:57+0200,de5651f7-a4c0-4808-ad66-e3bdff44187a,2026-08-16T02:30:00Z,2026-08-16T04:30:00+0200,0.0,MW,DK2,DK_2,actual_solar_generation,Solar,2026-08-26T10:27:13Z
2026-08-26T10:01:57Z,2026-08-26T12:01:57+0200,de5651f7-a4c0-4808-ad66-e3bdff44187a,2026-08-16T02:45:00Z,2026-08-16T04:45:00+0200,0.0,MW,DK2,DK_2,actual_solar_generation,Solar,2026-08-26T10:27:13Z
2026-08-26T10:01:57Z,2026-08-26T12:01:57+0200,de5651f7-a4c0-4808-ad66-e3bdff44187a,2026-08-16T03:00:00Z,2026-08-16T05:00:00+0200,0.0,MW,DK2,DK_2,actual_solar_generation,Solar,2026-08-26T10:27:13Z
2026-08-26T10:01:57Z,2026-08-26T12:01:57+0200,de5651f7-a4c0-4808-ad66-e3bdff44187a,2026-08-16T03:15:00Z,2026-08-16T05:15:00+0200,0.0,MW,DK2,DK_2,actual_solar_generation,Solar,2026-08-26T10:27:13Z
2026-08-26T10:01:57Z,2026-08-26T12:01:57+0200,de5651f7-a4c0-4808-ad66-e3bdff44187a,2026-08-16T03:30:00Z,2026-08-16T05:30:00+0200,0.0,MW,DK2,DK_2,actual_solar_generation,Solar,2026-08-26T10:27:13Z
2026-08-26T10:01:57Z,2026-08-26T12:01:57+0200,de5651f7-a4c0-4808-ad66-e3bdff44187a,2026-08-16T03:45:00Z,2026-08-16T05:45:00+0200,1.52259,MW,DK2,DK_2,actual_solar_generation,Solar,2026-08-26T10:27:13Z
2026-08-26T10:01:57Z,2026-08-26T12:01:57+0200,de5651f7-a4c0-4808-ad66-e3bdff44187a,2026-08-16T04:00:00Z,2026-08-16T06:00:00+0200,10.9132,MW,DK2,DK_2,actual_solar_generation,Solar,2026-08-26T10:27:13Z
2026-08-26T10:01:57Z,2026-08-26T12:01:57+0200,de5651f7-a4c0-4808-ad66-e3bdff44187a,2026-08-16T04:15:00Z,2026-08-16T06:15:00+0200,27.1371,MW,DK2,DK_2,actual_solar_generation,Solar,2026-08-26T10:27:13Z
2026-08-26T10:01:57Z,2026-08-26T12:01:57+0200,de5651f7-a4c0-4808-ad66-e3bdff44187a,2026-08-16T04:30:00Z,2026-08-16T06:30:00+0200,46.6117,MW,DK2,DK_2,actual_solar_generation,Solar,2026-08-26T10:27:13Z
2026-08-26T10:01:57Z,2026-08-26T12:01:57+0200,de5651f7-a4c0-4808-ad66-e3bdff44187a,2026-08-16T04:45:00Z,2026-08-16T06:45:00+0200,74.9579,MW,DK2,DK_2,actual_solar_generation,Solar,2026-08-26T10:27:13Z
2026-08-26T10:01:57Z,2026-08-26T12:01:57+0200,de5651f7-a4c0-4808-ad66-e3bdff44187a,2026-08-16T05:00:00Z,2026-08-16T07:00:00+0200,114.23,MW,DK2,DK_2,actual_solar_generation,Solar,2026-08-26T10:27:13Z
2026-08-26T10:01:57Z,2026-08-26T12:01:57+0200,de5651f7-a4c0-4808-ad66-e3bdff44187a,2026-08-16T05:15:00Z,2026-08-16T07:15:00+0200,150.758,MW,DK2,DK_2,actual_solar_generation,Solar,2026-08-26T10:27:13Z
2026-08-26T10:01:57Z,2026-08-26T12:01:57+0200,de5651f7-a4c0-4808-ad66-e3bdff44187a,2026-08-16T05:30:00Z,2026-08-16T07:30:00+0200,200.639,MW,DK2,DK_2,actual_solar_generation,Solar,2026-08-26T10:27:13Z
2026-08-26T10:01:57Z,2026-08-26T12:01:57+0200,de5651f7-a4c0-4808-ad66-e3bdff44187a,2026-08-16T05:45:00Z,2026-08-16T07:45:00+0200,251.879,MW,DK2,DK_2,actual_solar_generation,Solar,2026-08-26T10:27:13Z
2026-08-26T10:01:57Z,2026-08-26T12:01:57+0200,de5651f7-a4c0-4808-ad66-e3bdff44187a,2026-08-16T06:00:00Z,2026-08-16T08:00:00+0200,320.523,MW,DK2,DK_2,actual_solar_generation,Solar,2026-08-26T10:27:13Z
2026-08-26T10:01:57Z,2026-08-26T12:01:57+0200,de5651f7-a4c0-4808-ad66-e3bdff44187a,2026-08-16T06:15:00Z,2026-08-16T08:15:00+0200,358.395,MW,DK2,DK_2,actual_solar_generation,Solar,2026-08-26T10:27:13Z
2026-08-26T10:01:57Z,2026-08-26T12:01:57+0200,de5651f7-a4c0-4808-ad66-e3bdff44187a,2026-08-16T06:30:00Z,2026-08-16T08:30:00+0200,369.387,MW,DK2,DK_2,actual_solar_generation,Solar,2026-08-26T10:27:13Z
2026-08-26T10:01:57Z,2026-08-26T12:01:57+0200,de5651f7-a4c0-4808-ad66-e3bdff44187a,2026-08-16T06:45:00Z,2026-08-16T08:45:00+0200,437.586,MW,DK2,DK_2,actual_solar_generation,Solar,2026-08-26T10:27:13Z
2026-08-26T10:01:57Z,2026-08-26T12:01:57+0200,de5651f7-a4c0-4808-ad66-e3bdff44187a,2026-08-16T07:00:00Z,2026-08-16T09:00:00+0200,481.967,MW,DK2,DK_2,actual_solar_generation,Solar,2026-08-26T10:27:13Z
2026-08-26T10:01:57Z,2026-08-26T12:01:57+0200,de5651f7-a4c0-4808-ad66-e3bdff44187a,2026-08-16T07:15:00Z,2026-08-16T09:15:00+0200,545.802,MW,DK2,DK_2,actual_solar_generation,Solar,2026-08-26T10:27:13Z
2026-08-26T10:01:57Z,2026-08-26T12:01:57+0200,de5651f7-a4c0-4808-ad66-e3bdff44187a,2026-08-16T07:30:00Z,2026-08-16T09:30:00+0200,555.565,MW,DK2,DK_2,actual_solar_generation,Solar,2026-08-26T10:27:13Z
2026-08-26T10:01:57Z,2026-08-26T12:01:57+0200,de5651f7-a4c0-4808-ad66-e3bdff44187a,2026-08-16T07:45:00Z,2026-08-16T09:45:00+0200,654.162,MW,DK2,DK_2,actual_solar_generation,Solar,2026-08-26T10:27:13Z
2026-08-26T10:01:57Z,2026-08-26T12:01:57+0200,de5651f7-a4c0-4808-ad66-e3bdff44187a,2026-08-16T08:00:00Z,2026-08-16T10:00:00+0200,698.635,MW,DK2,DK_2,actual_solar_generation,Solar,2026-08-26T10:27:13Z
2026-08-26T10:01:57Z,2026-08-26T12:01:57+0200,de5651f7-a4c0-4808-ad66-e3bdff44187a,2026-08-16T08:15:00Z,2026-08-16T10:15:00+0200,708.354,MW,DK2,DK_2,actual_solar_generation,Solar,2026-08-26T10:27:13Z
2026-08-26T10:01:57Z,2026-08-26T12:01:57+0200,de5651f7-a4c0-4808-ad66-e3bdff44187a,2026-08-16T08:30:00Z,2026-08-16T10:30:00+0200,726.987,MW,DK2,DK_2,actual_solar_generation,Solar,2026-08-26T10:27:13Z
2026-08-26T10:01:57Z,2026-08-26T12:01:57+0200,de5651f7-a4c0-4808-ad66-e3bdff44187a,2026-08-16T08:45:00Z,2026-08-16T10:45:00+0200,754.13,MW,DK2,DK_2,actual_solar_generation,Solar,2026-08-26T10:27:13Z
2026-08-26T10:01:57Z,2026-08-26T12:01:57+0200,de5651f7-a4c0-4808-ad66-e3bdff44187a,2026-08-16T09:00:00Z,2026-08-16T11:00:00+0200,738.52,MW,DK2,DK_2,actual_solar_generation,Solar,2026-08-26T10:27:13Z
2026-08-26T10:01:57Z,2026-08-26T12:01:57+0200,de5651f7-a4c0-4808-ad66-e3bdff44187a,2026-08-16T09:15:00Z,2026-08-16T11:15:00+0200,719.074,MW,DK2,DK_2,actual_solar_generation,Solar,2026-08-26T10:27:13Z
2026-08-26T10:01:57Z,2026-08-26T12:01:57+0200,de5651f7-a4c0-4808-ad66-e3bdff44187a,2026-08-16T09:30:00Z,2026-08-16T11:30:00+0200,752.84,MW,DK2,DK_2,actual_solar_generation,Solar,2026-08-26T10:27:13Z
2026-08-26T10:01:57Z,2026-08-26T12:01:57+0200,de5651f7-a4c0-4808-ad66-e3bdff44187a,2026-08-16T09:45:00Z,2026-08-16T11:45:00+0200,739.817,MW,DK2,DK_2,actual_solar_generation,Solar,2026-08-26T10:27:13Z
2026-08-26T10:01:57Z,2026-08-26T12:01:57+0200,de5651f7-a4c0-4808-ad66-e3bdff44187a,2026-08-16T10:00:00Z,2026-08-16T12:00:00+0200,798.182,MW,DK2,DK_2,actual_solar_generation,Solar,2026-08-26T10:27:13Z
2026-08-26T10:01:57Z,2026-08-26T12:01:57+0200,de5651f7-a4c0-4808-ad66-e3bdff44187a,2026-08-16T10:15:00Z,2026-08-16T12:15:00+0200,891.9,MW,DK2,DK_2,actual_solar_generation,Solar,2026-08-26T10:27:13Z
2026-08-26T10:01:57Z,2026-08-26T12:01:57+0200,de5651f7-a4c0-4808-ad66-e3bdff44187a,2026-08-16T10:30:00Z,2026-08-16T12:30:00+0200,914.668,MW,DK2,DK_2,actual_solar_generation,Solar,2026-08-26T10:27:13Z
2026-08-26T10:01:57Z,2026-08-26T12:01:57+0200,de5651f7-a4c0-4808-ad66-e3bdff44187a,2026-08-16T10:45:00Z,2026-08-16T12:45:00+0200,912.267,MW,DK2,DK_2,actual_solar_generation,Solar,2026-08-26T10:27:13Z
2026-08-26T10:01:57Z,2026-08-26T12:01:57+0200,de5651f7-a4c0-4808-ad66-e3bdff44187a,2026-08-16T11:00:00Z,2026-08-16T13:00:00+0200,883.789,MW,DK2,DK_2,actual_solar_generation,Solar,2026-08-26T10:27:13Z
2026-08-26T10:01:57Z,2026-08-26T12:01:57+0200,de5651f7-a4c0-4808-ad66-e3bdff44187a,2026-08-16T11:15:00Z,2026-08-16T13:15:00+0200,821.201,MW,DK2,DK_2,actual_solar_generation,Solar,2026-08-26T10:27:13Z
2026-08-26T10:01:57Z,2026-08-26T12:01:57+0200,de5651f7-a4c0-4808-ad66-e3bdff44187a,2026-08-16T11:30:00Z,2026-08-16T13:30:00+0200,801.798,MW,DK2,DK_2,actual_solar_generation,Solar,2026-08-26T10:27:13Z
2026-08-26T10:01:57Z,2026-08-26T12:01:57+0200,de5651f7-a4c0-4808-ad66-e3bdff44187a,2026-08-16T11:45:00Z,2026-08-16T13:45:00+0200,797.728,MW,DK2,DK_2,actual_solar_generation,Solar,2026-08-26T10:27:13Z
2026-08-26T10:01:57Z,2026-08-26T12:01:57+0200,de5651f7-a4c0-4808-ad66-e3bdff44187a,2026-08-16T12:00:00Z,2026-08-16T14:00:00+0200,704.037,MW,DK2,DK_2,actual_solar_generation,Solar,2026-08-26T10:27:13Z
2026-08-26T10:01:57Z,2026-08-26T12:01:57+0200,de5651f7-a4c0-4808-ad66-e3bdff44187a,2026-08-16T12:15:00Z,2026-08-16T14:15:00+0200,751.833,MW,DK2,DK_2,actual_solar_generation,Solar,2026-08-26T10:27:13Z
2026-08-26T10:01:57Z,2026-08-26T12:01:57+0200,de5651f7-a4c0-4808-ad66-e3bdff44187a,2026-08-16T12:30:00Z,2026-08-16T14:30:00+0200,785.751,MW,DK2,DK_2,actual_solar_generation,Solar,2026-08-26T10:27:13Z
2026-08-26T10:01:57Z,2026-08-26T12:01:57+0200,de5651f7-a4c0-4808-ad66-e3bdff44187a,2026-08-16T12:45:00Z,2026-08-16T14:45:00+0200,822.953,MW,DK2,DK_2,actual_solar_generation,Solar,2026-08-26T10:27:13Z
2026-08-26T10:01:57Z,2026-08-26T12:01:57+0200,de5651f7-a4c0-4808-ad66-e3bdff44187a,2026-08-16T13:00:00Z,2026-08-16T15:00:00+0200,754.008,MW,DK2,DK_2,actual_solar_generation,Solar,2026-08-26T10:27:13Z
2026-08-26T10:01:57Z,2026-08-26T12:01:57+0200,de5651f7-a4c0-4808-ad66-e3bdff44187a,2026-08-16T13:15:00Z,2026-08-16T15:15:00+0200,763.602,MW,DK2,DK_2,actual_solar_generation,Solar,2026-08-26T10:27:13Z
2026-08-26T10:01:57Z,2026-08-26T12:01:57+0200,de5651f7-a4c0-4808-ad66-e3bdff44187a,2026-08-16T13:30:00Z,2026-08-16T15:30:00+0200,822.099,MW,DK2,DK_2,actual_solar_generation,Solar,2026-08-26T10:27:13Z
2026-08-26T10:01:57Z,2026-08-26T12:01:57+0200,de5651f7-a4c0-4808-ad66-e3bdff44187a,2026-08-16T13:45:00Z,2026-08-16T15:45:00+0200,715.692,MW,DK2,DK_2,actual_solar_generation,Solar,2026-08-26T10:27:13Z
2026-08-26T10:01:57Z,2026-08-26T12:01:57+0200,de5651f7-a4c0-4808-ad66-e3bdff44187a,2026-08-16T14:00:00Z,2026-08-16T16:00:00+0200,689.515,MW,DK2,DK_2,actual_solar_generation,Solar,2026-08-26T10:27:13Z
2026-08-26T10:01:57Z,2026-08-26T12:01:57+0200,de5651f7-a4c0-4808-ad66-e3bdff44187a,2026-08-16T14:15:00Z,2026-08-16T16:15:00+0200,584.236,MW,DK2,DK_2,actual_solar_generation,Solar,2026-08-26T10:27:13Z
2026-08-26T10:01:57Z,2026-08-26T12:01:57+0200,de5651f7-a4c0-4808-ad66-e3bdff44187a,2026-08-16T14:30:00Z,2026-08-16T16:30:00+0200,571.706,MW,DK2,DK_2,actual_solar_generation,Solar,2026-08-26T10:27:13Z
2026-08-26T10:01:57Z,2026-08-26T12:01:57+0200,de5651f7-a4c0-4808-ad66-e3bdff44187a,2026-08-16T14:45:00Z,2026-08-16T16:45:00+0200,436.399,MW,DK2,DK_2,actual_solar_generation,Solar,2026-08-26T10:27:13Z
2026-08-26T10:01:57Z,2026-08-26T12:01:57+0200,de5651f7-a4c0-4808-ad66-e3bdff44187a,2026-08-16T15:00:00Z,2026-08-16T17:00:00+0200,477.316,MW,DK2,DK_2,actual_solar_generation,Solar,2026-08-26T10:27:13Z
2026-08-26T10:01:57Z,2026-08-26T12:01:57+0200,de5651f7-a4c0-4808-ad66-e3bdff44187a,2026-08-16T15:15:00Z,2026-08-16T17:15:00+0200,446.504,MW,DK2,DK_2,actual_solar_generation,Solar,2026-08-26T10:27:13Z
2026-08-26T10:01:57Z,2026-08-26T12:01:57+0200,de5651f7-a4c0-4808-ad66-e3bdff44187a,2026-08-16T15:30:00Z,2026-08-16T17:30:00+0200,350.68,MW,DK2,DK_2,actual_solar_generation,Solar,2026-08-26T10:27:13Z
2026-08-26T10:01:57Z,2026-08-26T12:01:57+0200,de5651f7-a4c0-4808-ad66-e3bdff44187a,2026-08-16T15:45:00Z,2026-08-16T17:45:00+0200,288.622,MW,DK2,DK_2,actual_solar_generation,Solar,2026-08-26T10:27:13Z
2026-08-26T10:01:57Z,2026-08-26T12:01:57+0200,de5651f7-a4c0-4808-ad66-e3bdff44187a,2026-08-16T16:00:00Z,2026-08-16T18:00:00+0200,224.403,MW,DK2,DK_2,actual_solar_generation,Solar,2026-08-26T10:27:13Z
2026-08-26T10:01:57Z,2026-08-26T12:01:57+0200,de5651f7-a4c0-4808-ad66-e3bdff44187a,2026-08-16T16:15:00Z,2026-08-16T18:15:00+0200,161.949,MW,DK2,DK_2,actual_solar_generation,Solar,2026-08-26T10:27:13Z
2026-08-26T10:01:57Z,2026-08-26T12:01:57+0200,de5651f7-a4c0-4808-ad66-e3bdff44187a,2026-08-16T16:30:00Z,2026-08-16T18:30:00+0200,140.824,MW,DK2,DK_2,actual_solar_generation,Solar,2026-08-26T10:27:13Z
2026-08-26T10:01:57Z,2026-08-26T12:01:57+0200,de5651f7-a4c0-4808-ad66-e3bdff44187a,2026-08-16T16:45:00Z,2026-08-16T18:45:00+0200,116.042,MW,DK2,DK_2,actual_solar_generation,Solar,2026-08-26T10:27:13Z
2026-08-26T10:01:57Z,2026-08-26T12:01:57+0200,de5651f7-a4c0-4808-ad66-e3bdff44187a,2026-08-16T17:00:00Z,2026-08-16T19:00:00+0200,96.1978,MW,DK2,DK_2,actual_solar_generation,Solar,2026-08-26T10:27:13Z
2026-08-26T10:01:57Z,2026-08-26T12:01:57+0200,de5651f7-a4c0-4808-ad66-e3bdff44187a,2026-08-16T17:15:00Z,2026-08-16T19:15:00+0200,74.2448,MW,DK2,DK_2,actual_solar_generation,Solar,2026-08-26T10:27:13Z
2026-08-26T10:01:57Z,2026-08-26T12:01:57+0200,de5651f7-a4c0-4808-ad66-e3bdff44187a,2026-08-16T17:30:00Z,2026-08-16T19:30:00+0200,51.2259,MW,DK2,DK_2,actual_solar_generation,Solar,2026-08-26T10:27:13Z
2026-08-26T10:01:57Z,2026-08-26T12:01:57+0200,de5651f7-a4c0-4808-ad66-e3bdff44187a,2026-08-16T17:45:00Z,2026-08-16T19:45:00+0200,33.2649,MW,DK2,DK_2,actual_solar_generation,Solar,2026-08-26T10:27:13Z
2026-08-26T10:01:57Z,2026-08-26T12:01:57+0200,de5651f7-a4c0-4808-ad66-e3bdff44187a,2026-08-16T18:00:00Z,2026-08-16T20:00:00+0200,18.2449,MW,DK2,DK_2,actual_solar_generation,Solar,2026-08-26T10:27:13Z
2026-08-26T10:01:57Z,2026-08-26T12:01:57+0200,de5651f7-a4c0-4808-ad66-e3bdff44187a,2026-08-16T18:15:00Z,2026-08-16T20:15:00+0200,5.83206,MW,DK2,DK_2,actual_solar_generation,Solar,2026-08-26T10:27:13Z
2026-08-26T10:01:57Z,2026-08-26T12:01:57+0200,de5651f7-a4c0-4808-ad66-e3bdff44187a,2026-08-16T18:30:00Z,2026-08-16T20:30:00+0200,0.760299,MW,DK2,DK_2,actual_solar_generation,Solar,2026-08-26T10:27:13Z
2026-08-26T10:01:57Z,2026-08-26T12:01:57+0200,de5651f7-a4c0-4808-ad66-e3bdff44187a,2026-08-16T18:45:00Z,2026-08-16T20:45:00+0200,0.063058,MW,DK2,DK_2,actual_solar_generation,Solar,2026-08-26T10:27:13Z
2026-08-26T10:01:57Z,2026-08-26T12:01:57+0200,de5651f7-a4c0-4808-ad66-e3bdff44187a,2026-08-16T19:00:00Z,2026-08-16T21:00:00+0200,0.266487,MW,DK2,DK_2,actual_solar_generation,Solar,2026-08-26T10:27:13Z
2026-08-26T10:01:57Z,2026-08-26T12:01:57+0200,de5651f7-a4c0-4808-ad66-e3bdff44187a,2026-08-16T19:15:00Z,2026-08-16T21:15:00+0200,0.316197,MW,DK2,DK_2,actual_solar_generation,Solar,2026-08-26T10:27:13Z
2026-08-26T10:01:57Z,2026-08-26T12:01:57+0200,de5651f7-a4c0-4808-ad66-e3bdff44187a,2026-08-16T19:30:00Z,2026-08-16T21:30:00+0200,0.276333,MW,DK2,DK_2,actual_solar_generation,Solar,2026-08-26T10:27:13Z
2026-08-26T10:01:57Z,2026-08-26T12:01:57+0200,de5651f7-a4c0-4808-ad66-e3bdff44187a,2026-08-16T19:45:00Z,2026-08-16T21:45:00+0200,0.0,MW,DK2,DK_2,actual_solar_generation,Solar,2026-08-26T10:27:13Z
2026-08-26T10:01:57Z,2026-08-26T12:01:57+0200,de5651f7-a4c0-4808-ad66-e3bdff44187a,2026-08-16T20:00:00Z,2026-08-16T22:00:00+0200,0.0,MW,DK2,DK_2,actual_solar_generation,Solar,2026-08-26T10:27:13Z
2026-08-26T10:01:57Z,2026-08-26T12:01:57+0200,de5651f7-a4c0-4808-ad66-e3bdff44187a,2026-08-16T20:15:00Z,2026-08-16T22:15:00+0200,0.0,MW,DK2,DK_2,actual_solar_generation,Solar,2026-08-26T10:27:13Z
2026-08-26T10:01:57Z,2026-08-26T12:01:57+0200,de5651f7-a4c0-4808-ad66-e3bdff44187a,2026-08-16T20:30:00Z,2026-08-16T22:30:00+0200,0.0,MW,DK2,DK_2,actual_solar_generation,Solar,2026-08-26T10:27:13Z
2026-08-26T10:01:57Z,2026-08-26T12:01:57+0200,de5651f7-a4c0-4808-ad66-e3bdff44187a,2026-08-16T20:45:00Z,2026-08-16T22:45:00+0200,0.0,MW,DK2,DK_2,actual_solar_generation,Solar,2026-08-26T10:27:13Z
2026-08-26T10:01:57Z,2026-08-26T12:01:57+0200,de5651f7-a4c0-4808-ad66-e3bdff44187a,2026-08-16T21:00:00Z,2026-08-16T23:00:00+0200,0.0,MW,DK2,DK_2,actual_solar_generation,Solar,2026-08-26T10:27:13Z
2026-08-26T10:01:57Z,2026-08-26T12:01:57+0200,de5651f7-a4c0-4808-ad66-e3bdff44187a,2026-08-16T21:15:00Z,2026-08-16T23:15:00+0200,0.0,MW,DK2,DK_2,actual_solar_generation,Solar,2026-08-26T10:27:13Z
2026-08-26T10:01:57Z,2026-08-26T12:01:57+0200,de5651f7-a4c0-4808-ad66-e3bdff44187a,2026-08-16T21:30:00Z,2026-08-16T23:30:00+0200,0.0,MW,DK2,DK_2,actual_solar_generation,Solar,2026-08-26T10:27:13Z
2026-08-26T10:01:57Z,2026-08-26T12:01:57+0200,de5651f7-a4c0-4808-ad66-e3bdff44187a,2026-08-16T21:45:00Z,2026-08-16T23:45:00+0200,0.0,MW,DK2,DK_2,actual_solar_generation,Solar,2026-08-26T10:27:13Z
2026-08-26T10:01:57Z,2026-08-26T12:01:57+0200,de5651f7-a4c0-4808-ad66-e3bdff44187a,2026-08-16T22:00:00Z,2026-08-17T00:00:00+0200,0.0,MW,DK2,DK_2,actual_solar_generation,Solar,2026-08-26T10:27:13Z
2026-08-26T10:01:57Z,2026-08-26T12:01:57+0200,de5651f7-a4c0-4808-ad66-e3bdff44187a,2026-08-16T22:15:00Z,2026-08-17T00:15:00+0200,0.0,MW,DK2,DK_2,actual_solar_generation,Solar,2026-08-26T10:27:13Z
2026-08-26T10:01:57Z,2026-08-26T12:01:57+0200,de5651f7-a4c0-4808-ad66-e3bdff44187a,2026-08-16T22:30:00Z,2026-08-17T00:30:00+0200,0.0,MW,DK2,DK_2,actual_solar_generation,Solar,2026-08-26T10:27:13Z
2026-08-26T10:01:57Z,2026-08-26T12:01:57+0200,de5651f7-a4c0-4808-ad66-e3bdff44187a,2026-08-16T22:45:00Z,2026-08-17T00:45:00+0200,0.0,MW,DK2,DK_2,actual_solar_generation,Solar,2026-08-26T10:27:13Z
2026-08-26T10:01:57Z,2026-08-26T12:01:57+0200,de5651f7-a4c0-4808-ad66-e3bdff44187a,2026-08-16T23:00:00Z,2026-08-17T01:00:00+0200,0.0,MW,DK2,DK_2,actual_solar_generation,Solar,2026-08-26T10:27:13Z
2026-08-26T10:01:57Z,2026-08-26T12:01:57+0200,de5651f7-a4c0-4808-ad66-e3bdff44187a,2026-08-16T23:15:00Z,2026-08-17T01:15:00+0200,0.0,MW,DK2,DK_2,actual_solar_generation,Solar,2026-08-26T10:27:13Z
2026-08-26T10:01:57Z,2026-08-26T12:01:57+0200,de5651f7-a4c0-4808-ad66-e3bdff44187a,2026-08-16T23:30:00Z,2026-08-17T01:30:00+0200,0.0,MW,DK2,DK_2,actual_solar_generation,Solar,2026-08-26T10:27:13Z
2026-08-26T10:01:57Z,2026-08-26T12:01:57+0200,de5651f7-a4c0-4808-ad66-e3bdff44187a,2026-08-16T23:45:00Z,2026-08-17T01:45:00+0200,0.0,MW,DK2,DK_2,actual_solar_generation,Solar,2026-08-26T10:27:13Z
2026-08-26T10:01:57Z,2026-08-26T12:01:57+0200,de5651f7-a4c0-4808-ad66-e3bdff44187a,2026-08-17T00:00:00Z,2026-08-17T02:00:00+0200,0.0,MW,DK2,DK_2,actual_solar_generation,Solar,2026-08-26T10:27:13Z
2026-08-26T10:01:57Z,2026-08-26T12:01:57+0200,de5651f7-a4c0-4808-ad66-e3bdff44187a,2026-08-17T00:15:00Z,2026-08-17T02:15:00+0200,0.0,MW,DK2,DK_2,actual_solar_generation,Solar,2026-08-26T10:27:13Z
2026-08-26T10:01:57Z,2026-08-26T12:01:57+0200,de5651f7-a4c0-4808-ad66-e3bdff44187a,2026-08-17T00:30:00Z,2026-08-17T02:30:00+0200,0.0,MW,DK2,DK_2,actual_solar_generation,Solar,2026-08-26T10:27:13Z
2026-08-26T10:01:57Z,2026-08-26T12:01:57+0200,de5651f7-a4c0-4808-ad66-e3bdff44187a,2026-08-17T00:45:00Z,2026-08-17T02:45:00+0200,0.0,MW,DK2,DK_2,actual_solar_generation,Solar,2026-08-26T10:27:13Z
2026-08-26T10:01:57Z,2026-08-26T12:01:57+0200,de5651f7-a4c0-4808-ad66-e3bdff44187a,2026-08-17T01:00:00Z,2026-08-17T03:00:00+0200,0.0,MW,DK2,DK_2,actual_solar_generation,Solar,2026-08-26T10:27:13Z
2026-08-26T10:01:57Z,2026-08-26T12:01:57+0200,de5651f7-a4c0-4808-ad66-e3bdff44187a,2026-08-17T01:15:00Z,2026-08-17T03:15:00+0200,0.0,MW,DK2,DK_2,actual_solar_generation,Solar,2026-08-26T10:27:13Z
2026-08-26T10:01:57Z,2026-08-26T12:01:57+0200,de5651f7-a4c0-4808-ad66-e3bdff44187a,2026-08-17T01:30:00Z,2026-08-17T03:30:00+0200,0.0,MW,DK2,DK_2,actual_solar_generation,Solar,2026-08-26T10:27:13Z
2026-08-26T10:01:57Z,2026-08-26T12:01:57+0200,de5651f7-a4c0-4808-ad66-e3bdff44187a,2026-08-17T01:45:00Z,2026-08-17T03:45:00+0200,0.0,MW,DK2,DK_2,actual_solar_generation,Solar,2026-08-26T10:27:13Z
2026-08-26T10:01:57Z,2026-08-26T12:01:57+0200,de5651f7-a4c0-4808-ad66-e3bdff44187a,2026-08-17T02:00:00Z,2026-08-17T04:00:00+0200,0.0,MW,DK2,DK_2,actual_solar_generation,Solar,2026-08-26T10:27:13Z
2026-08-26T10:01:57Z,2026-08-26T12:01:57+0200,de5651f7-a4c0-4808-ad66-e3bdff44187a,2026-08-17T02:15:00Z,2026-08-17T04:15:00+0200,0.0,MW,DK2,DK_2,actual_solar_generation,Solar,2026-08-26T10:27:13Z
2026-08-26T10:01:57Z,2026-08-26T12:01:57+0200,de5651f7-a4c0-4808-ad66-e3bdff44187a,2026-08-17T02:30:00Z,2026-08-17T04:30:00+0200,0.0,MW,DK2,DK_2,actual_solar_generation,Solar,2026-08-26T10:27:13Z
2026-08-26T10:01:57Z,2026-08-26T12:01:57+0200,de5651f7-a4c0-4808-ad66-e3bdff44187a,2026-08-17T02:45:00Z,2026-08-17T04:45:00+0200,0.0,MW,DK2,DK_2,actual_solar_generation,Solar,2026-08-26T10:27:13Z
2026-08-26T10:01:57Z,2026-08-26T12:01:57+0200,de5651f7-a4c0-4808-ad66-e3bdff44187a,2026-08-17T03:00:00Z,2026-08-17T05:00:00+0200,0.0,MW,DK2,DK_2,actual_solar_generation,Solar,2026-08-26T10:27:13Z
2026-08-26T10:01:57Z,2026-08-26T12:01:57+0200,de5651f7-a4c0-4808-ad66-e3bdff44187a,2026-08-17T03:15:00Z,2026-08-17T05:15:00+0200,0.0,MW,DK2,DK_2,actual_solar_generation,Solar,2026-08-26T10:27:13Z
2026-08-26T10:01:57Z,2026-08-26T12:01:57+0200,de5651f7-a4c0-4808-ad66-e3bdff44187a,2026-08-17T03:30:00Z,2026-08-17T05:30:00+0200,0.0,MW,DK2,DK_2,actual_solar_generation,Solar,2026-08-26T10:27:13Z
2026-08-26T10:01:57Z,2026-08-26T12:01:57+0200,de5651f7-a4c0-4808-ad66-e3bdff44187a,2026-08-17T03:45:00Z,2026-08-17T05:45:00+0200,0.1831,MW,DK2,DK_2,actual_solar_generation,Solar,2026-08-26T10:27:13Z
2026-08-26T10:01:57Z,2026-08-26T12:01:57+0200,de5651f7-a4c0-4808-ad66-e3bdff44187a,2026-08-17T04:00:00Z,2026-08-17T06:00:00+0200,3.82445,MW,DK2,DK_2,actual_solar_generation,Solar,2026-08-26T10:27:13Z
2026-08-26T10:01:57Z,2026-08-26T12:01:57+0200,de5651f7-a4c0-4808-ad66-e3bdff44187a,2026-08-17T04:15:00Z,2026-08-17T06:15:00+0200,10.7591,MW,DK2,DK_2,actual_solar_generation,Solar,2026-08-26T10:27:13Z
2026-08-26T10:01:57Z,2026-08-26T12:01:57+0200,de5651f7-a4c0-4808-ad66-e3bdff44187a,2026-08-17T04:30:00Z,2026-08-17T06:30:00+0200,28.5597,MW,DK2,DK_2,actual_solar_generation,Solar,2026-08-26T10:27:13Z
2026-08-26T10:01:57Z,2026-08-26T12:01:57+0200,de5651f7-a4c0-4808-ad66-e3bdff44187a,2026-08-17T04:45:00Z,2026-08-17T06:45:00+0200,39.8475,MW,DK2,DK_2,actual_solar_generation,Solar,2026-08-26T10:27:13Z
2026-08-26T10:01:57Z,2026-08-26T12:01:57+0200,de5651f7-a4c0-4808-ad66-e3bdff44187a,2026-08-17T05:00:00Z,2026-08-17T07:00:00+0200,55.7316,MW,DK2,DK_2,actual_solar_generation,Solar,2026-08-26T10:27:13Z
2026-08-26T10:01:57Z,2026-08-26T12:01:57+0200,de5651f7-a4c0-4808-ad66-e3bdff44187a,2026-08-17T05:15:00Z,2026-08-17T07:15:00+0200,90.4708,MW,DK2,DK_2,actual_solar_generation,Solar,2026-08-26T10:27:13Z
2026-08-26T10:01:57Z,2026-08-26T12:01:57+0200,de5651f7-a4c0-4808-ad66-e3bdff44187a,2026-08-17T05:30:00Z,2026-08-17T07:30:00+0200,118.192,MW,DK2,DK_2,actual_solar_generation,Solar,2026-08-26T10:27:13Z
2026-08-26T10:01:57Z,2026-08-26T12:01:57+0200,de5651f7-a4c0-4808-ad66-e3bdff44187a,2026-08-17T05:45:00Z,2026-08-17T07:45:00+0200,154.99,MW,DK2,DK_2,actual_solar_generation,Solar,2026-08-26T10:27:13Z
2026-08-26T10:01:57Z,2026-08-26T12:01:57+0200,de5651f7-a4c0-4808-ad66-e3bdff44187a,2026-08-17T06:00:00Z,2026-08-17T08:00:00+0200,183.133,MW,DK2,DK_2,actual_solar_generation,Solar,2026-08-26T10:27:13Z
2026-08-26T10:01:57Z,2026-08-26T12:01:57+0200,de5651f7-a4c0-4808-ad66-e3bdff44187a,2026-08-17T06:15:00Z,2026-08-17T08:15:00+0200,237.203,MW,DK2,DK_2,actual_solar_generation,Solar,2026-08-26T10:27:13Z
2026-08-26T10:01:57Z,2026-08-26T12:01:57+0200,de5651f7-a4c0-4808-ad66-e3bdff44187a,2026-08-17T06:30:00Z,2026-08-17T08:30:00+0200,256.643,MW,DK2,DK_2,actual_solar_generation,Solar,2026-08-26T10:27:13Z
2026-08-26T10:01:57Z,2026-08-26T12:01:57+0200,de5651f7-a4c0-4808-ad66-e3bdff44187a,2026-08-17T06:45:00Z,2026-08-17T08:45:00+0200,286.539,MW,DK2,DK_2,actual_solar_generation,Solar,2026-08-26T10:27:13Z
2026-08-26T10:01:57Z,2026-08-26T12:01:57+0200,de5651f7-a4c0-4808-ad66-e3bdff44187a,2026-08-17T07:00:00Z,2026-08-17T09:00:00+0200,329.107,MW,DK2,DK_2,actual_solar_generation,Solar,2026-08-26T10:27:13Z
2026-08-26T10:01:57Z,2026-08-26T12:01:57+0200,de5651f7-a4c0-4808-ad66-e3bdff44187a,2026-08-17T07:15:00Z,2026-08-17T09:15:00+0200,353.65,MW,DK2,DK_2,actual_solar_generation,Solar,2026-08-26T10:27:13Z
2026-08-26T10:01:57Z,2026-08-26T12:01:57+0200,de5651f7-a4c0-4808-ad66-e3bdff44187a,2026-08-17T07:30:00Z,2026-08-17T09:30:00+0200,396.365,MW,DK2,DK_2,actual_solar_generation,Solar,2026-08-26T10:27:13Z
2026-08-26T10:01:57Z,2026-08-26T12:01:57+0200,de5651f7-a4c0-4808-ad66-e3bdff44187a,2026-08-17T07:45:00Z,2026-08-17T09:45:00+0200,427.451,MW,DK2,DK_2,actual_solar_generation,Solar,2026-08-26T10:27:13Z
2026-08-26T10:01:57Z,2026-08-26T12:01:57+0200,de5651f7-a4c0-4808-ad66-e3bdff44187a,2026-08-17T08:00:00Z,2026-08-17T10:00:00+0200,413.81,MW,DK2,DK_2,actual_solar_generation,Solar,2026-08-26T10:27:13Z
2026-08-26T10:01:57Z,2026-08-26T12:01:57+0200,de5651f7-a4c0-4808-ad66-e3bdff44187a,2026-08-17T08:15:00Z,2026-08-17T10:15:00+0200,407.175,MW,DK2,DK_2,actual_solar_generation,Solar,2026-08-26T10:27:13Z
2026-08-26T10:01:57Z,2026-08-26T12:01:57+0200,de5651f7-a4c0-4808-ad66-e3bdff44187a,2026-08-17T08:30:00Z,2026-08-17T10:30:00+0200,396.58,MW,DK2,DK_2,actual_solar_generation,Solar,2026-08-26T10:27:13Z
2026-08-26T10:01:57Z,2026-08-26T12:01:57+0200,de5651f7-a4c0-4808-ad66-e3bdff44187a,2026-08-17T08:45:00Z,2026-08-17T10:45:00+0200,414.214,MW,DK2,DK_2,actual_solar_generation,Solar,2026-08-26T10:27:13Z
2026-08-26T10:01:57Z,2026-08-26T12:01:57+0200,de5651f7-a4c0-4808-ad66-e3bdff44187a,2026-08-17T09:00:00Z,2026-08-17T11:00:00+0200,595.918,MW,DK2,DK_2,actual_solar_generation,Solar,2026-08-26T10:27:13Z
2026-08-26T10:01:57Z,2026-08-26T12:01:57+0200,de5651f7-a4c0-4808-ad66-e3bdff44187a,2026-08-17T09:15:00Z,2026-08-17T11:15:00+0200,649.723,MW,DK2,DK_2,actual_solar_generation,Solar,2026-08-26T10:27:13Z
2026-08-26T10:01:57Z,2026-08-26T12:01:57+0200,de5651f7-a4c0-4808-ad66-e3bdff44187a,2026-08-17T09:30:00Z,2026-08-17T11:30:00+0200,688.356,MW,DK2,DK_2,actual_solar_generation,Solar,2026-08-26T10:27:13Z
2026-08-26T10:01:57Z,2026-08-26T12:01:57+0200,de5651f7-a4c0-4808-ad66-e3bdff44187a,2026-08-17T09:45:00Z,2026-08-17T11:45:00+0200,653.821,MW,DK2,DK_2,actual_solar_generation,Solar,2026-08-26T10:27:13Z
2026-08-26T10:01:57Z,2026-08-26T12:01:57+0200,de5651f7-a4c0-4808-ad66-e3bdff44187a,2026-08-17T10:00:00Z,2026-08-17T12:00:00+0200,631.186,MW,DK2,DK_2,actual_solar_generation,Solar,2026-08-26T10:27:13Z
2026-08-26T10:01:57Z,2026-08-26T12:01:57+0200,de5651f7-a4c0-4808-ad66-e3bdff44187a,2026-08-17T10:15:00Z,2026-08-17T12:15:00+0200,660.269,MW,DK2,DK_2,actual_solar_generation,Solar,2026-08-26T10:27:13Z
2026-08-26T10:01:57Z,2026-08-26T12:01:57+0200,de5651f7-a4c0-4808-ad66-e3bdff44187a,2026-08-17T10:30:00Z,2026-08-17T12:30:00+0200,699.392,MW,DK2,DK_2,actual_solar_generation,Solar,2026-08-26T10:27:13Z
2026-08-26T10:01:57Z,2026-08-26T12:01:57+0200,de5651f7-a4c0-4808-ad66-e3bdff44187a,2026-08-17T10:45:00Z,2026-08-17T12:45:00+0200,770.875,MW,DK2,DK_2,actual_solar_generation,Solar,2026-08-26T10:27:13Z
2026-08-26T10:01:57Z,2026-08-26T12:01:57+0200,de5651f7-a4c0-4808-ad66-e3bdff44187a,2026-08-17T11:00:00Z,2026-08-17T13:00:00+0200,772.5,MW,DK2,DK_2,actual_solar_generation,Solar,2026-08-26T10:27:13Z
2026-08-26T10:01:57Z,2026-08-26T12:01:57+0200,de5651f7-a4c0-4808-ad66-e3bdff44187a,2026-08-17T11:15:00Z,2026-08-17T13:15:00+0200,737.362,MW,DK2,DK_2,actual_solar_generation,Solar,2026-08-26T10:27:13Z
2026-08-26T10:01:57Z,2026-08-26T12:01:57+0200,de5651f7-a4c0-4808-ad66-e3bdff44187a,2026-08-17T11:30:00Z,2026-08-17T13:30:00+0200,673.092,MW,DK2,DK_2,actual_solar_generation,Solar,2026-08-26T10:27:13Z
2026-08-26T10:01:57Z,2026-08-26T12:01:57+0200,de5651f7-a4c0-4808-ad66-e3bdff44187a,2026-08-17T11:45:00Z,2026-08-17T13:45:00+0200,676.346,MW,DK2,DK_2,actual_solar_generation,Solar,2026-08-26T10:27:13Z
2026-08-26T10:01:57Z,2026-08-26T12:01:57+0200,de5651f7-a4c0-4808-ad66-e3bdff44187a,2026-08-17T12:00:00Z,2026-08-17T14:00:00+0200,678.33,MW,DK2,DK_2,actual_solar_generation,Solar,2026-08-26T10:27:13Z
2026-08-26T10:01:57Z,2026-08-26T12:01:57+0200,de5651f7-a4c0-4808-ad66-e3bdff44187a,2026-08-17T12:15:00Z,2026-08-17T14:15:00+0200,677.892,MW,DK2,DK_2,actual_solar_generation,Solar,2026-08-26T10:27:13Z
2026-08-26T10:01:57Z,2026-08-26T12:01:57+0200,de5651f7-a4c0-4808-ad66-e3bdff44187a,2026-08-17T12:30:00Z,2026-08-17T14:30:00+0200,684.98,MW,DK2,DK_2,actual_solar_generation,Solar,2026-08-26T10:27:13Z
2026-08-26T10:01:57Z,2026-08-26T12:01:57+0200,de5651f7-a4c0-4808-ad66-e3bdff44187a,2026-08-17T12:45:00Z,2026-08-17T14:45:00+0200,702.555,MW,DK2,DK_2,actual_solar_generation,Solar,2026-08-26T10:27:13Z
2026-08-26T10:01:57Z,2026-08-26T12:01:57+0200,de5651f7-a4c0-4808-ad66-e3bdff44187a,2026-08-17T13:00:00Z,2026-08-17T15:00:00+0200,688.014,MW,DK2,DK_2,actual_solar_generation,Solar,2026-08-26T10:27:13Z
2026-08-26T10:01:57Z,2026-08-26T12:01:57+0200,de5651f7-a4c0-4808-ad66-e3bdff44187a,2026-08-17T13:15:00Z,2026-08-17T15:15:00+0200,650.82,MW,DK2,DK_2,actual_solar_generation,Solar,2026-08-26T10:27:13Z
2026-08-26T10:01:57Z,2026-08-26T12:01:57+0200,de5651f7-a4c0-4808-ad66-e3bdff44187a,2026-08-17T13:30:00Z,2026-08-17T15:30:00+0200,644.312,MW,DK2,DK_2,actual_solar_generation,Solar,2026-08-26T10:27:13Z
2026-08-26T10:01:57Z,2026-08-26T12:01:57+0200,de5651f7-a4c0-4808-ad66-e3bdff44187a,2026-08-17T13:45:00Z,2026-08-17T15:45:00+0200,582.494,MW,DK2,DK_2,actual_solar_generation,Solar,2026-08-26T10:27:13Z
2026-08-26T10:01:57Z,2026-08-26T12:01:57+0200,de5651f7-a4c0-4808-ad66-e3bdff44187a,2026-08-17T14:00:00Z,2026-08-17T16:00:00+0200,535.791,MW,DK2,DK_2,actual_solar_generation,Solar,2026-08-26T10:27:13Z
2026-08-26T10:01:57Z,2026-08-26T12:01:57+0200,de5651f7-a4c0-4808-ad66-e3bdff44187a,2026-08-17T14:15:00Z,2026-08-17T16:15:00+0200,520.279,MW,DK2,DK_2,actual_solar_generation,Solar,2026-08-26T10:27:13Z
2026-08-26T10:01:57Z,2026-08-26T12:01:57+0200,de5651f7-a4c0-4808-ad66-e3bdff44187a,2026-08-17T14:30:00Z,2026-08-17T16:30:00+0200,491.685,MW,DK2,DK_2,actual_solar_generation,Solar,2026-08-26T10:27:13Z
2026-08-26T10:01:57Z,2026-08-26T12:01:57+0200,de5651f7-a4c0-4808-ad66-e3bdff44187a,2026-08-17T14:45:00Z,2026-08-17T16:45:00+0200,469.297,MW,DK2,DK_2,actual_solar_generation,Solar,2026-08-26T10:27:13Z
2026-08-26T10:01:57Z,2026-08-26T12:01:57+0200,de5651f7-a4c0-4808-ad66-e3bdff44187a,2026-08-17T15:00:00Z,2026-08-17T17:00:00+0200,438.572,MW,DK2,DK_2,actual_solar_generation,Solar,2026-08-26T10:27:13Z
2026-08-26T10:01:57Z,2026-08-26T12:01:57+0200,de5651f7-a4c0-4808-ad66-e3bdff44187a,2026-08-17T15:15:00Z,2026-08-17T17:15:00+0200,378.222,MW,DK2,DK_2,actual_solar_generation,Solar,2026-08-26T10:27:13Z
2026-08-26T10:01:57Z,2026-08-26T12:01:57+0200,de5651f7-a4c0-4808-ad66-e3bdff44187a,2026-08-17T15:30:00Z,2026-08-17T17:30:00+0200,336.9,MW,DK2,DK_2,actual_solar_generation,Solar,2026-08-26T10:27:13Z
2026-08-26T10:01:57Z,2026-08-26T12:01:57+0200,de5651f7-a4c0-4808-ad66-e3bdff44187a,2026-08-17T15:45:00Z,2026-08-17T17:45:00+0200,328.01,MW,DK2,DK_2,actual_solar_generation,Solar,2026-08-26T10:27:13Z
2026-08-26T10:01:57Z,2026-08-26T12:01:57+0200,de5651f7-a4c0-4808-ad66-e3bdff44187a,2026-08-17T16:00:00Z,2026-08-17T18:00:00+0200,246.485,MW,DK2,DK_2,actual_solar_generation,Solar,2026-08-26T10:27:13Z
2026-08-26T10:01:57Z,2026-08-26T12:01:57+0200,de5651f7-a4c0-4808-ad66-e3bdff44187a,2026-08-17T16:15:00Z,2026-08-17T18:15:00+0200,207.392,MW,DK2,DK_2,actual_solar_generation,Solar,2026-08-26T10:27:13Z
2026-08-26T10:01:57Z,2026-08-26T12:01:57+0200,de5651f7-a4c0-4808-ad66-e3bdff44187a,2026-08-17T16:30:00Z,2026-08-17T18:30:00+0200,205.323,MW,DK2,DK_2,actual_solar_generation,Solar,2026-08-26T10:27:13Z
2026-08-26T10:01:57Z,2026-08-26T12:01:57+0200,de5651f7-a4c0-4808-ad66-e3bdff44187a,2026-08-17T16:45:00Z,2026-08-17T18:45:00+0200,171.625,MW,DK2,DK_2,actual_solar_generation,Solar,2026-08-26T10:27:13Z
2026-08-26T10:01:57Z,2026-08-26T12:01:57+0200,de5651f7-a4c0-4808-ad66-e3bdff44187a,2026-08-17T17:00:00Z,2026-08-17T19:00:00+0200,136.55,MW,DK2,DK_2,actual_solar_generation,Solar,2026-08-26T10:27:13Z
2026-08-26T10:01:57Z,2026-08-26T12:01:57+0200,de5651f7-a4c0-4808-ad66-e3bdff44187a,2026-08-17T17:15:00Z,2026-08-17T19:15:00+0200,92.5388,MW,DK2,DK_2,actual_solar_generation,Solar,2026-08-26T10:27:13Z
2026-08-26T10:01:57Z,2026-08-26T12:01:57+0200,de5651f7-a4c0-4808-ad66-e3bdff44187a,2026-08-17T17:30:00Z,2026-08-17T19:30:00+0200,63.7248,MW,DK2,DK_2,actual_solar_generation,Solar,2026-08-26T10:27:13Z
2026-08-26T10:01:57Z,2026-08-26T12:01:57+0200,de5651f7-a4c0-4808-ad66-e3bdff44187a,2026-08-17T17:45:00Z,2026-08-17T19:45:00+0200,45.6729,MW,DK2,DK_2,actual_solar_generation,Solar,2026-08-26T10:27:13Z
2026-08-26T10:01:57Z,2026-08-26T12:01:57+0200,de5651f7-a4c0-4808-ad66-e3bdff44187a,2026-08-17T18:00:00Z,2026-08-17T20:00:00+0200,33.5911,MW,DK2,DK_2,actual_solar_generation,Solar,2026-08-26T10:27:13Z
2026-08-26T10:01:57Z,2026-08-26T12:01:57+0200,de5651f7-a4c0-4808-ad66-e3bdff44187a,2026-08-17T18:15:00Z,2026-08-17T20:15:00+0200,18.2855,MW,DK2,DK_2,actual_solar_generation,Solar,2026-08-26T10:27:13Z
2026-08-26T10:01:57Z,2026-08-26T12:01:57+0200,de5651f7-a4c0-4808-ad66-e3bdff44187a,2026-08-17T18:30:00Z,2026-08-17T20:30:00+0200,4.86627,MW,DK2,DK_2,actual_solar_generation,Solar,2026-08-26T10:27:13Z
2026-08-26T10:01:57Z,2026-08-26T12:01:57+0200,de5651f7-a4c0-4808-ad66-e3bdff44187a,2026-08-17T18:45:00Z,2026-08-17T20:45:00+0200,0.59723,MW,DK2,DK_2,actual_solar_generation,Solar,2026-08-26T10:27:13Z
2026-08-26T10:01:57Z,2026-08-26T12:01:57+0200,de5651f7-a4c0-4808-ad66-e3bdff44187a,2026-08-17T19:00:00Z,2026-08-17T21:00:00+0200,0.0,MW,DK2,DK_2,actual_solar_generation,Solar,2026-08-26T10:27:13Z
2026-08-26T10:01:57Z,2026-08-26T12:01:57+0200,de5651f7-a4c0-4808-ad66-e3bdff44187a,2026-08-17T19:15:00Z,2026-08-17T21:15:00+0200,0.136082,MW,DK2,DK_2,actual_solar_generation,Solar,2026-08-26T10:27:13Z
2026-08-26T10:01:57Z,2026-08-26T12:01:57+0200,de5651f7-a4c0-4808-ad66-e3bdff44187a,2026-08-17T19:30:00Z,2026-08-17T21:30:00+0200,0.330107,MW,DK2,DK_2,actual_solar_generation,Solar,2026-08-26T10:27:13Z
2026-08-26T10:01:57Z,2026-08-26T12:01:57+0200,de5651f7-a4c0-4808-ad66-e3bdff44187a,2026-08-17T19:45:00Z,2026-08-17T21:45:00+0200,0.0,MW,DK2,DK_2,actual_solar_generation,Solar,2026-08-26T10:27:13Z
2026-08-26T10:01:57Z,2026-08-26T12:01:57+0200,de5651f7-a4c0-4808-ad66-e3bdff44187a,2026-08-17T20:00:00Z,2026-08-17T22:00:00+0200,0.0,MW,DK2,DK_2,actual_solar_generation,Solar,2026-08-26T10:27:13Z
2026-08-26T10:01:57Z,2026-08-26T12:01:57+0200,de5651f7-a4c0-4808-ad66-e3bdff44187a,2026-08-17T20:15:00Z,2026-08-17T22:15:00+0200,0.0,MW,DK2,DK_2,actual_solar_generation,Solar,2026-08-26T10:27:13Z
2026-08-26T10:01:57Z,2026-08-26T12:01:57+0200,de5651f7-a4c0-4808-ad66-e3bdff44187a,2026-08-17T20:30:00Z,2026-08-17T22:30:00+0200,0.0,MW,DK2,DK_2,actual_solar_generation,Solar,2026-08-26T10:27:13Z
2026-08-26T10:01:57Z,2026-08-26T12:01:57+0200,de5651f7-a4c0-4808-ad66-e3bdff44187a,2026-08-17T20:45:00Z,2026-08-17T22:45:00+0200,0.0,MW,DK2,DK_2,actual_solar_generation,Solar,2026-08-26T10:27:13Z
2026-08-26T10:01:57Z,2026-08-26T12:01:57+0200,de5651f7-a4c0-4808-ad66-e3bdff44187a,2026-08-17T21:00:00Z,2026-08-17T23:00:00+0200,0.0,MW,DK2,DK_2,actual_solar_generation,Solar,2026-08-26T10:27:13Z
2026-08-26T10:01:57Z,2026-08-26T12:01:57+0200,de5651f7-a4c0-4808-ad66-e3bdff44187a,2026-08-17T21:15:00Z,2026-08-17T23:15:00+0200,0.0,MW,DK2,DK_2,actual_solar_generation,Solar,2026-08-26T10:27:13Z
2026-08-26T10:01:57Z,2026-08-26T12:01:57+0200,de5651f7-a4c0-4808-ad66-e3bdff44187a,2026-08-17T21:30:00Z,2026-08-17T23:30:00+0200,0.0,MW,DK2,DK_2,actual_solar_generation,Solar,2026-08-26T10:27:13Z
2026-08-26T10:01:57Z,2026-08-26T12:01:57+0200,de5651f7-a4c0-4808-ad66-e3bdff44187a,2026-08-17T21:45:00Z,2026-08-17T23:45:00+0200,0.0,MW,DK2,DK_2,actual_solar_generation,Solar,2026-08-26T10:27:13Z
2026-08-26T10:01:57Z,2026-08-26T12:01:57+0200,de5651f7-a4c0-4808-ad66-e3bdff44187a,2026-08-17T22:00:00Z,2026-08-18T00:00:00+0200,0.0,MW,DK2,DK_2,actual_solar_generation,Solar,2026-08-26T10:27:13Z
2026-08-26T10:01:57Z,2026-08-26T12:01:57+0200,de5651f7-a4c0-4808-ad66-e3bdff44187a,2026-08-17T22:15:00Z,2026-08-18T00:15:00+0200,0.0,MW,DK2,DK_2,actual_solar_generation,Solar,2026-08-26T10:27:13Z
2026-08-26T10:01:57Z,2026-08-26T12:01:57+0200,de5651f7-a4c0-4808-ad66-e3bdff44187a,2026-08-17T22:30:00Z,2026-08-18T00:30:00+0200,0.0,MW,DK2,DK_2,actual_solar_generation,Solar,2026-08-26T10:27:13Z
2026-08-26T10:01:57Z,2026-08-26T12:01:57+0200,de5651f7-a4c0-4808-ad66-e3bdff44187a,2026-08-17T22:45:00Z,2026-08-18T00:45:00+0200,0.0,MW,DK2,DK_2,actual_solar_generation,Solar,2026-08-26T10:27:13Z
2026-08-26T10:01:57Z,2026-08-26T12:01:57+0200,de5651f7-a4c0-4808-ad66-e3bdff44187a,2026-08-17T23:00:00Z,2026-08-18T01:00:00+0200,0.0,MW,DK2,DK_2,actual_solar_generation,Solar,2026-08-26T10:27:13Z
2026-08-26T10:01:57Z,2026-08-26T12:01:57+0200,de5651f7-a4c0-4808-ad66-e3bdff44187a,2026-08-17T23:15:00Z,2026-08-18T01:15:00+0200,0.0,MW,DK2,DK_2,actual_solar_generation,Solar,2026-08-26T10:27:13Z
2026-08-26T10:01:57Z,2026-08-26T12:01:57+0200,de5651f7-a4c0-4808-ad66-e3bdff44187a,2026-08-17T23:30:00Z,2026-08-18T01:30:00+0200,0.0,MW,DK2,DK_2,actual_solar_generation,Solar,2026-08-26T10:27:13Z
2026-08-26T10:01:57Z,2026-08-26T12:01:57+0200,de5651f7-a4c0-4808-ad66-e3bdff44187a,2026-08-17T23:45:00Z,2026-08-18T01:45:00+0200,0.0,MW,DK2,DK_2,actual_solar_generation,Solar,2026-08-26T10:27:13Z
2026-08-26T10:01:57Z,2026-08-26T12:01:57+0200,de5651f7-a4c0-4808-ad66-e3bdff44187a,2026-08-18T00:00:00Z,2026-08-18T02:00:00+0200,0.0,MW,DK2,DK_2,actual_solar_generation,Solar,2026-08-26T10:27:13Z
2026-08-26T10:01:57Z,2026-08-26T12:01:57+0200,de5651f7-a4c0-4808-ad66-e3bdff44187a,2026-08-18T00:15:00Z,2026-08-18T02:15:00+0200,0.0,MW,DK2,DK_2,actual_solar_generation,Solar,2026-08-26T10:27:13Z
2026-08-26T10:01:57Z,2026-08-26T12:01:57+0200,de5651f7-a4c0-4808-ad66-e3bdff44187a,2026-08-18T00:30:00Z,2026-08-18T02:30:00+0200,0.0,MW,DK2,DK_2,actual_solar_generation,Solar,2026-08-26T10:27:13Z
2026-08-26T10:01:57Z,2026-08-26T12:01:57+0200,de5651f7-a4c0-4808-ad66-e3bdff44187a,2026-08-18T00:45:00Z,2026-08-18T02:45:00+0200,0.0,MW,DK2,DK_2,actual_solar_generation,Solar,2026-08-26T10:27:13Z
2026-08-26T10:01:57Z,2026-08-26T12:01:57+0200,de5651f7-a4c0-4808-ad66-e3bdff44187a,2026-08-18T01:00:00Z,2026-08-18T03:00:00+0200,0.0,MW,DK2,DK_2,actual_solar_generation,Solar,2026-08-26T10:27:13Z
2026-08-26T10:01:57Z,2026-08-26T12:01:57+0200,de5651f7-a4c0-4808-ad66-e3bdff44187a,2026-08-18T01:15:00Z,2026-08-18T03:15:00+0200,0.0,MW,DK2,DK_2,actual_solar_generation,Solar,2026-08-26T10:27:13Z
2026-08-26T10:01:57Z,2026-08-26T12:01:57+0200,de5651f7-a4c0-4808-ad66-e3bdff44187a,2026-08-18T01:30:00Z,2026-08-18T03:30:00+0200,0.0,MW,DK2,DK_2,actual_solar_generation,Solar,2026-08-26T10:27:13Z
2026-08-26T10:01:57Z,2026-08-26T12:01:57+0200,de5651f7-a4c0-4808-ad66-e3bdff44187a,2026-08-18T01:45:00Z,2026-08-18T03:45:00+0200,0.0,MW,DK2,DK_2,actual_solar_generation,Solar,2026-08-26T10:27:13Z
2026-08-26T10:01:57Z,2026-08-26T12:01:57+0200,de5651f7-a4c0-4808-ad66-e3bdff44187a,2026-08-18T02:00:00Z,2026-08-18T04:00:00+0200,0.0,MW,DK2,DK_2,actual_solar_generation,Solar,2026-08-26T10:27:13Z
2026-08-26T10:01:57Z,2026-08-26T12:01:57+0200,de5651f7-a4c0-4808-ad66-e3bdff44187a,2026-08-18T02:15:00Z,2026-08-18T04:15:00+0200,0.0,MW,DK2,DK_2,actual_solar_generation,Solar,2026-08-26T10:27:13Z
2026-08-26T10:01:57Z,2026-08-26T12:01:57+0200,de5651f7-a4c0-4808-ad66-e3bdff44187a,2026-08-18T02:30:00Z,2026-08-18T04:30:00+0200,0.0,MW,DK2,DK_2,actual_solar_generation,Solar,2026-08-26T10:27:13Z
2026-08-26T10:01:57Z,2026-08-26T12:01:57+0200,de5651f7-a4c0-4808-ad66-e3bdff44187a,2026-08-18T02:45:00Z,2026-08-18T04:45:00+0200,0.0,MW,DK2,DK_2,actual_solar_generation,Solar,2026-08-26T10:27:13Z
2026-08-26T10:01:57Z,2026-08-26T12:01:57+0200,de5651f7-a4c0-4808-ad66-e3bdff44187a,2026-08-18T03:00:00Z,2026-08-18T05:00:00+0200,0.0,MW,DK2,DK_2,actual_solar_generation,Solar,2026-08-26T10:27:13Z
2026-08-26T10:01:57Z,2026-08-26T12:01:57+0200,de5651f7-a4c0-4808-ad66-e3bdff44187a,2026-08-18T03:15:00Z,2026-08-18T05:15:00+0200,0.0,MW,DK2,DK_2,actual_solar_generation,Solar,2026-08-26T10:27:13Z
2026-08-26T10:01:57Z,2026-08-26T12:01:57+0200,de5651f7-a4c0-4808-ad66-e3bdff44187a,2026-08-18T03:30:00Z,2026-08-18T05:30:00+0200,0.0,MW,DK2,DK_2,actual_solar_generation,Solar,2026-08-26T10:27:13Z
2026-08-26T10:01:57Z,2026-08-26T12:01:57+0200,de5651f7-a4c0-4808-ad66-e3bdff44187a,2026-08-18T03:45:00Z,2026-08-18T05:45:00+0200,0.56667,MW,DK2,DK_2,actual_solar_generation,Solar,2026-08-26T10:27:13Z
2026-08-26T10:01:57Z,2026-08-26T12:01:57+0200,de5651f7-a4c0-4808-ad66-e3bdff44187a,2026-08-18T04:00:00Z,2026-08-18T06:00:00+0200,3.06104,MW,DK2,DK_2,actual_solar_generation,Solar,2026-08-26T10:27:13Z
2026-08-26T10:01:57Z,2026-08-26T12:01:57+0200,de5651f7-a4c0-4808-ad66-e3bdff44187a,2026-08-18T04:15:00Z,2026-08-18T06:15:00+0200,13.3346,MW,DK2,DK_2,actual_solar_generation,Solar,2026-08-26T10:27:13Z
2026-08-26T10:01:57Z,2026-08-26T12:01:57+0200,de5651f7-a4c0-4808-ad66-e3bdff44187a,2026-08-18T04:30:00Z,2026-08-18T06:30:00+0200,25.8186,MW,DK2,DK_2,actual_solar_generation,Solar,2026-08-26T10:27:13Z
2026-08-26T10:01:57Z,2026-08-26T12:01:57+0200,de5651f7-a4c0-4808-ad66-e3bdff44187a,2026-08-18T04:45:00Z,2026-08-18T06:45:00+0200,38.1797,MW,DK2,DK_2,actual_solar_generation,Solar,2026-08-26T10:27:13Z
2026-08-26T10:01:57Z,2026-08-26T12:01:57+0200,de5651f7-a4c0-4808-ad66-e3bdff44187a,2026-08-18T05:00:00Z,2026-08-18T07:00:00+0200,57.5753,MW,DK2,DK_2,actual_solar_generation,Solar,2026-08-26T10:27:13Z
2026-08-26T10:01:57Z,2026-08-26T12:01:57+0200,de5651f7-a4c0-4808-ad66-e3bdff44187a,2026-08-18T05:15:00Z,2026-08-18T07:15:00+0200,80.7797,MW,DK2,DK_2,actual_solar_generation,Solar,2026-08-26T10:27:13Z
2026-08-26T10:01:57Z,2026-08-26T12:01:57+0200,de5651f7-a4c0-4808-ad66-e3bdff44187a,2026-08-18T05:30:00Z,2026-08-18T07:30:00+0200,105.389,MW,DK2,DK_2,actual_solar_generation,Solar,2026-08-26T10:27:13Z
2026-08-26T10:01:57Z,2026-08-26T12:01:57+0200,de5651f7-a4c0-4808-ad66-e3bdff44187a,2026-08-18T05:45:00Z,2026-08-18T07:45:00+0200,127.508,MW,DK2,DK_2,actual_solar_generation,Solar,2026-08-26T10:27:13Z
2026-08-26T10:01:57Z,2026-08-26T12:01:57+0200,de5651f7-a4c0-4808-ad66-e3bdff44187a,2026-08-18T06:00:00Z,2026-08-18T08:00:00+0200,152.239,MW,DK2,DK_2,actual_solar_generation,Solar,2026-08-26T10:27:13Z
2026-08-26T10:01:57Z,2026-08-26T12:01:57+0200,de5651f7-a4c0-4808-ad66-e3bdff44187a,2026-08-18T06:15:00Z,2026-08-18T08:15:00+0200,190.767,MW,DK2,DK_2,actual_solar_generation,Solar,2026-08-26T10:27:13Z
2026-08-26T10:01:57Z,2026-08-26T12:01:57+0200,de5651f7-a4c0-4808-ad66-e3bdff44187a,2026-08-18T06:30:00Z,2026-08-18T08:30:00+0200,204.622,MW,DK2,DK_2,actual_solar_generation,Solar,2026-08-26T10:27:13Z
2026-08-26T10:01:57Z,2026-08-26T12:01:57+0200,de5651f7-a4c0-4808-ad66-e3bdff44187a,2026-08-18T06:45:00Z,2026-08-18T08:45:00+0200,198.333,MW,DK2,DK_2,actual_solar_generation,Solar,2026-08-26T10:27:13Z
2026-08-26T10:01:57Z,2026-08-26T12:01:57+0200,de5651f7-a4c0-4808-ad66-e3bdff44187a,2026-08-18T07:00:00Z,2026-08-18T09:00:00+0200,264.334,MW,DK2,DK_2,actual_solar_generation,Solar,2026-08-26T10:27:13Z
2026-08-26T10:01:57Z,2026-08-26T12:01:57+0200,de5651f7-a4c0-4808-ad66-e3bdff44187a,2026-08-18T07:15:00Z,2026-08-18T09:15:00+0200,319.644,MW,DK2,DK_2,actual_solar_generation,Solar,2026-08-26T10:27:13Z
2026-08-26T10:01:57Z,2026-08-26T12:01:57+0200,de5651f7-a4c0-4808-ad66-e3bdff44187a,2026-08-18T07:30:00Z,2026-08-18T09:30:00+0200,353.649,MW,DK2,DK_2,actual_solar_generation,Solar,2026-08-26T10:27:13Z
2026-08-26T10:01:57Z,2026-08-26T12:01:57+0200,de5651f7-a4c0-4808-ad66-e3bdff44187a,2026-08-18T07:45:00Z,2026-08-18T09:45:00+0200,397.345,MW,DK2,DK_2,actual_solar_generation,Solar,2026-08-26T10:27:13Z
2026-08-26T10:01:57Z,2026-08-26T12:01:57+0200,de5651f7-a4c0-4808-ad66-e3bdff44187a,2026-08-18T08:00:00Z,2026-08-18T10:00:00+0200,461.711,MW,DK2,DK_2,actual_solar_generation,Solar,2026-08-26T10:27:13Z
2026-08-26T10:01:57Z,2026-08-26T12:01:57+0200,de5651f7-a4c0-4808-ad66-e3bdff44187a,2026-08-18T08:15:00Z,2026-08-18T10:15:00+0200,476.572,MW,DK2,DK_2,actual_solar_generation,Solar,2026-08-26T10:27:13Z
2026-08-26T10:01:57Z,2026-08-26T12:01:57+0200,de5651f7-a4c0-4808-ad66-e3bdff44187a,2026-08-18T08:30:00Z,2026-08-18T10:30:00+0200,527.521,MW,DK2,DK_2,actual_solar_generation,Solar,2026-08-26T10:27:13Z
2026-08-26T10:01:57Z,2026-08-26T12:01:57+0200,de5651f7-a4c0-4808-ad66-e3bdff44187a,2026-08-18T08:45:00Z,2026-08-18T10:45:00+0200,557.183,MW,DK2,DK_2,actual_solar_generation,Solar,2026-08-26T10:27:13Z
2026-08-26T10:01:57Z,2026-08-26T12:01:57+0200,de5651f7-a4c0-4808-ad66-e3bdff44187a,2026-08-18T09:00:00Z,2026-08-18T11:00:00+0200,576.175,MW,DK2,DK_2,actual_solar_generation,Solar,2026-08-26T10:27:13Z
2026-08-26T10:01:57Z,2026-08-26T12:01:57+0200,de5651f7-a4c0-4808-ad66-e3bdff44187a,2026-08-18T09:15:00Z,2026-08-18T11:15:00+0200,611.25,MW,DK2,DK_2,actual_solar_generation,Solar,2026-08-26T10:27:13Z
2026-08-26T10:01:57Z,2026-08-26T12:01:57+0200,de5651f7-a4c0-4808-ad66-e3bdff44187a,2026-08-18T09:30:00Z,2026-08-18T11:30:00+0200,658.846,MW,DK2,DK_2,actual_solar_generation,Solar,2026-08-26T10:27:13Z
2026-08-26T10:01:57Z,2026-08-26T12:01:57+0200,de5651f7-a4c0-4808-ad66-e3bdff44187a,2026-08-18T09:45:00Z,2026-08-18T11:45:00+0200,683.142,MW,DK2,DK_2,actual_solar_generation,Solar,2026-08-26T10:27:13Z
2026-08-26T10:01:57Z,2026-08-26T12:01:57+0200,de5651f7-a4c0-4808-ad66-e3bdff44187a,2026-08-18T10:00:00Z,2026-08-18T12:00:00+0200,692.884,MW,DK2,DK_2,actual_solar_generation,Solar,2026-08-26T10:27:13Z
2026-08-26T10:01:57Z,2026-08-26T12:01:57+0200,de5651f7-a4c0-4808-ad66-e3bdff44187a,2026-08-18T10:15:00Z,2026-08-18T12:15:00+0200,685.606,MW,DK2,DK_2,actual_solar_generation,Solar,2026-08-26T10:27:13Z
2026-08-26T10:01:57Z,2026-08-26T12:01:57+0200,de5651f7-a4c0-4808-ad66-e3bdff44187a,2026-08-18T10:30:00Z,2026-08-18T12:30:00+0200,641.945,MW,DK2,DK_2,actual_solar_generation,Solar,2026-08-26T10:27:13Z
2026-08-26T10:01:57Z,2026-08-26T12:01:57+0200,de5651f7-a4c0-4808-ad66-e3bdff44187a,2026-08-18T10:45:00Z,2026-08-18T12:45:00+0200,631.035,MW,DK2,DK_2,actual_solar_generation,Solar,2026-08-26T10:27:13Z
2026-08-26T10:01:57Z,2026-08-26T12:01:57+0200,de5651f7-a4c0-4808-ad66-e3bdff44187a,2026-08-18T11:00:00Z,2026-08-18T13:00:00+0200,619.788,MW,DK2,DK_2,actual_solar_generation,Solar,2026-08-26T10:27:13Z
2026-08-26T10:01:57Z,2026-08-26T12:01:57+0200,de5651f7-a4c0-4808-ad66-e3bdff44187a,2026-08-18T11:15:00Z,2026-08-18T13:15:00+0200,620.07,MW,DK2,DK_2,actual_solar_generation,Solar,2026-08-26T10:27:13Z
2026-08-26T10:01:57Z,2026-08-26T12:01:57+0200,de5651f7-a4c0-4808-ad66-e3bdff44187a,2026-08-18T11:30:00Z,2026-08-18T13:30:00+0200,648.701,MW,DK2,DK_2,actual_solar_generation,Solar,2026-08-26T10:27:13Z
2026-08-26T10:01:57Z,2026-08-26T12:01:57+0200,de5651f7-a4c0-4808-ad66-e3bdff44187a,2026-08-18T11:45:00Z,2026-08-18T13:45:00+0200,652.168,MW,DK2,DK_2,actual_solar_generation,Solar,2026-08-26T10:27:13Z
2026-08-26T10:01:57Z,2026-08-26T12:01:57+0200,de5651f7-a4c0-4808-ad66-e3bdff44187a,2026-08-18T12:00:00Z,2026-08-18T14:00:00+0200,630.958,MW,DK2,DK_2,actual_solar_generation,Solar,2026-08-26T10:27:13Z
2026-08-26T10:01:57Z,2026-08-26T12:01:57+0200,de5651f7-a4c0-4808-ad66-e3bdff44187a,2026-08-18T12:15:00Z,2026-08-18T14:15:00+0200,592.242,MW,DK2,DK_2,actual_solar_generation,Solar,2026-08-26T10:27:13Z
2026-08-26T10:01:57Z,2026-08-26T12:01:57+0200,de5651f7-a4c0-4808-ad66-e3bdff44187a,2026-08-18T12:30:00Z,2026-08-18T14:30:00+0200,612.695,MW,DK2,DK_2,actual_solar_generation,Solar,2026-08-26T10:27:13Z
2026-08-26T10:01:57Z,2026-08-26T12:01:57+0200,de5651f7-a4c0-4808-ad66-e3bdff44187a,2026-08-18T12:45:00Z,2026-08-18T14:45:00+0200,593.73,MW,DK2,DK_2,actual_solar_generation,Solar,2026-08-26T10:27:13Z
2026-08-26T10:01:57Z,2026-08-26T12:01:57+0200,de5651f7-a4c0-4808-ad66-e3bdff44187a,2026-08-18T13:00:00Z,2026-08-18T15:00:00+0200,553.352,MW,DK2,DK_2,actual_solar_generation,Solar,2026-08-26T10:27:13Z
2026-08-26T10:01:57Z,2026-08-26T12:01:57+0200,de5651f7-a4c0-4808-ad66-e3bdff44187a,2026-08-18T13:15:00Z,2026-08-18T15:15:00+0200,516.576,MW,DK2,DK_2,actual_solar_generation,Solar,2026-08-26T10:27:13Z
2026-08-26T10:01:57Z,2026-08-26T12:01:57+0200,de5651f7-a4c0-4808-ad66-e3bdff44187a,2026-08-18T13:30:00Z,2026-08-18T15:30:00+0200,495.998,MW,DK2,DK_2,actual_solar_generation,Solar,2026-08-26T10:27:13Z
2026-08-26T10:01:57Z,2026-08-26T12:01:57+0200,de5651f7-a4c0-4808-ad66-e3bdff44187a,2026-08-18T13:45:00Z,2026-08-18T15:45:00+0200,504.901,MW,DK2,DK_2,actual_solar_generation,Solar,2026-08-26T10:27:13Z
2026-08-26T10:01:57Z,2026-08-26T12:01:57+0200,de5651f7-a4c0-4808-ad66-e3bdff44187a,2026-08-18T14:00:00Z,2026-08-18T16:00:00+0200,417.554,MW,DK2,DK_2,actual_solar_generation,Solar,2026-08-26T10:27:13Z
2026-08-26T10:01:57Z,2026-08-26T12:01:57+0200,de5651f7-a4c0-4808-ad66-e3bdff44187a,2026-08-18T14:15:00Z,2026-08-18T16:15:00+0200,382.647,MW,DK2,DK_2,actual_solar_generation,Solar,2026-08-26T10:27:13Z
2026-08-26T10:01:57Z,2026-08-26T12:01:57+0200,de5651f7-a4c0-4808-ad66-e3bdff44187a,2026-08-18T14:30:00Z,2026-08-18T16:30:00+0200,373.003,MW,DK2,DK_2,actual_solar_generation,Solar,2026-08-26T10:27:13Z
2026-08-26T10:01:57Z,2026-08-26T12:01:57+0200,de5651f7-a4c0-4808-ad66-e3bdff44187a,2026-08-18T14:45:00Z,2026-08-18T16:45:00+0200,340.054,MW,DK2,DK_2,actual_solar_generation,Solar,2026-08-26T10:27:13Z
2026-08-26T10:01:57Z,2026-08-26T12:01:57+0200,de5651f7-a4c0-4808-ad66-e3bdff44187a,2026-08-18T15:00:00Z,2026-08-18T17:00:00+0200,320.505,MW,DK2,DK_2,actual_solar_generation,Solar,2026-08-26T10:27:13Z
2026-08-26T10:01:57Z,2026-08-26T12:01:57+0200,de5651f7-a4c0-4808-ad66-e3bdff44187a,2026-08-18T15:15:00Z,2026-08-18T17:15:00+0200,293.397,MW,DK2,DK_2,actual_solar_generation,Solar,2026-08-26T10:27:13Z
2026-08-26T10:01:57Z,2026-08-26T12:01:57+0200,de5651f7-a4c0-4808-ad66-e3bdff44187a,2026-08-18T15:30:00Z,2026-08-18T17:30:00+0200,239.472,MW,DK2,DK_2,actual_solar_generation,Solar,2026-08-26T10:27:13Z
2026-08-26T10:01:57Z,2026-08-26T12:01:57+0200,de5651f7-a4c0-4808-ad66-e3bdff44187a,2026-08-18T15:45:00Z,2026-08-18T17:45:00+0200,205.674,MW,DK2,DK_2,actual_solar_generation,Solar,2026-08-26T10:27:13Z
2026-08-26T10:01:57Z,2026-08-26T12:01:57+0200,de5651f7-a4c0-4808-ad66-e3bdff44187a,2026-08-18T16:00:00Z,2026-08-18T18:00:00+0200,176.634,MW,DK2,DK_2,actual_solar_generation,Solar,2026-08-26T10:27:13Z
2026-08-26T10:01:57Z,2026-08-26T12:01:57+0200,de5651f7-a4c0-4808-ad66-e3bdff44187a,2026-08-18T16:15:00Z,2026-08-18T18:15:00+0200,161.793,MW,DK2,DK_2,actual_solar_generation,Solar,2026-08-26T10:27:13Z
2026-08-26T10:01:57Z,2026-08-26T12:01:57+0200,de5651f7-a4c0-4808-ad66-e3bdff44187a,2026-08-18T16:30:00Z,2026-08-18T18:30:00+0200,137.948,MW,DK2,DK_2,actual_solar_generation,Solar,2026-08-26T10:27:13Z
2026-08-26T10:01:57Z,2026-08-26T12:01:57+0200,de5651f7-a4c0-4808-ad66-e3bdff44187a,2026-08-18T16:45:00Z,2026-08-18T18:45:00+0200,122.047,MW,DK2,DK_2,actual_solar_generation,Solar,2026-08-26T10:27:13Z
2026-08-26T10:01:57Z,2026-08-26T12:01:57+0200,de5651f7-a4c0-4808-ad66-e3bdff44187a,2026-08-18T17:00:00Z,2026-08-18T19:00:00+0200,91.9155,MW,DK2,DK_2,actual_solar_generation,Solar,2026-08-26T10:27:13Z
2026-08-26T10:01:57Z,2026-08-26T12:01:57+0200,de5651f7-a4c0-4808-ad66-e3bdff44187a,2026-08-18T17:15:00Z,2026-08-18T19:15:00+0200,68.1336,MW,DK2,DK_2,actual_solar_generation,Solar,2026-08-26T10:27:13Z
2026-08-26T10:01:57Z,2026-08-26T12:01:57+0200,de5651f7-a4c0-4808-ad66-e3bdff44187a,2026-08-18T17:30:00Z,2026-08-18T19:30:00+0200,47.2254,MW,DK2,DK_2,actual_solar_generation,Solar,2026-08-26T10:27:13Z
2026-08-26T10:01:57Z,2026-08-26T12:01:57+0200,de5651f7-a4c0-4808-ad66-e3bdff44187a,2026-08-18T17:45:00Z,2026-08-18T19:45:00+0200,29.3172,MW,DK2,DK_2,actual_solar_generation,Solar,2026-08-26T10:27:13Z
2026-08-26T10:01:57Z,2026-08-26T12:01:57+0200,de5651f7-a4c0-4808-ad66-e3bdff44187a,2026-08-18T18:00:00Z,2026-08-18T20:00:00+0200,16.2334,MW,DK2,DK_2,actual_solar_generation,Solar,2026-08-26T10:27:13Z
2026-08-26T10:01:57Z,2026-08-26T12:01:57+0200,de5651f7-a4c0-4808-ad66-e3bdff44187a,2026-08-18T18:15:00Z,2026-08-18T20:15:00+0200,6.15806,MW,DK2,DK_2,actual_solar_generation,Solar,2026-08-26T10:27:13Z
2026-08-26T10:01:57Z,2026-08-26T12:01:57+0200,de5651f7-a4c0-4808-ad66-e3bdff44187a,2026-08-18T18:30:00Z,2026-08-18T20:30:00+0200,1.28782,MW,DK2,DK_2,actual_solar_generation,Solar,2026-08-26T10:27:13Z
2026-08-26T10:01:57Z,2026-08-26T12:01:57+0200,de5651f7-a4c0-4808-ad66-e3bdff44187a,2026-08-18T18:45:00Z,2026-08-18T20:45:00+0200,0.271548,MW,DK2,DK_2,actual_solar_generation,Solar,2026-08-26T10:27:13Z
2026-08-26T10:01:57Z,2026-08-26T12:01:57+0200,de5651f7-a4c0-4808-ad66-e3bdff44187a,2026-08-18T19:00:00Z,2026-08-18T21:00:00+0200,0.441105,MW,DK2,DK_2,actual_solar_generation,Solar,2026-08-26T10:27:13Z
2026-08-26T10:01:57Z,2026-08-26T12:01:57+0200,de5651f7-a4c0-4808-ad66-e3bdff44187a,2026-08-18T19:15:00Z,2026-08-18T21:15:00+0200,1.28139,MW,DK2,DK_2,actual_solar_generation,Solar,2026-08-26T10:27:13Z
2026-08-26T10:01:57Z,2026-08-26T12:01:57+0200,de5651f7-a4c0-4808-ad66-e3bdff44187a,2026-08-18T19:30:00Z,2026-08-18T21:30:00+0200,1.26246,MW,DK2,DK_2,actual_solar_generation,Solar,2026-08-26T10:27:13Z
2026-08-26T10:01:57Z,2026-08-26T12:01:57+0200,de5651f7-a4c0-4808-ad66-e3bdff44187a,2026-08-18T19:45:00Z,2026-08-18T21:45:00+0200,0.0,MW,DK2,DK_2,actual_solar_generation,Solar,2026-08-26T10:27:13Z
2026-08-26T10:01:57Z,2026-08-26T12:01:57+0200,de5651f7-a4c0-4808-ad66-e3bdff44187a,2026-08-18T20:00:00Z,2026-08-18T22:00:00+0200,0.0,MW,DK2,DK_2,actual_solar_generation,Solar,2026-08-26T10:27:13Z
2026-08-26T10:01:57Z,2026-08-26T12:01:57+0200,de5651f7-a4c0-4808-ad66-e3bdff44187a,2026-08-18T20:15:00Z,2026-08-18T22:15:00+0200,0.0,MW,DK2,DK_2,actual_solar_generation,Solar,2026-08-26T10:27:13Z
2026-08-26T10:01:57Z,2026-08-26T12:01:57+0200,de5651f7-a4c0-4808-ad66-e3bdff44187a,2026-08-18T20:30:00Z,2026-08-18T22:30:00+0200,0.0,MW,DK2,DK_2,actual_solar_generation,Solar,2026-08-26T10:27:13Z
2026-08-26T10:01:57Z,2026-08-26T12:01:57+0200,de5651f7-a4c0-4808-ad66-e3bdff44187a,2026-08-18T20:45:00Z,2026-08-18T22:45:00+0200,0.0,MW,DK2,DK_2,actual_solar_generation,Solar,2026-08-26T10:27:13Z
2026-08-26T10:01:57Z,2026-08-26T12:01:57+0200,de5651f7-a4c0-4808-ad66-e3bdff44187a,2026-08-18T21:00:00Z,2026-08-18T23:00:00+0200,0.0,MW,DK2,DK_2,actual_solar_generation,Solar,2026-08-26T10:27:13Z
2026-08-26T10:01:57Z,2026-08-26T12:01:57+0200,de5651f7-a4c0-4808-ad66-e3bdff44187a,2026-08-18T21:15:00Z,2026-08-18T23:15:00+0200,0.0,MW,DK2,DK_2,actual_solar_generation,Solar,2026-08-26T10:27:13Z
2026-08-26T10:01:57Z,2026-08-26T12:01:57+0200,de5651f7-a4c0-4808-ad66-e3bdff44187a,2026-08-18T21:30:00Z,2026-08-18T23:30:00+0200,0.0,MW,DK2,DK_2,actual_solar_generation,Solar,2026-08-26T10:27:13Z
2026-08-26T10:01:57Z,2026-08-26T12:01:57+0200,de5651f7-a4c0-4808-ad66-e3bdff44187a,2026-08-18T21:45:00Z,2026-08-18T23:45:00+0200,0.0,MW,DK2,DK_2,actual_solar_generation,Solar,2026-08-26T10:27:13Z
2026-08-26T10:01:57Z,2026-08-26T12:01:57+0200,de5651f7-a4c0-4808-ad66-e3bdff44187a,2026-08-18T22:00:00Z,2026-08-19T00:00:00+0200,0.0,MW,DK2,DK_2,actual_solar_generation,Solar,2026-08-26T10:27:13Z
2026-08-26T10:01:57Z,2026-08-26T12:01:57+0200,de5651f7-a4c0-4808-ad66-e3bdff44187a,2026-08-18T22:15:00Z,2026-08-19T00:15:00+0200,0.0,MW,DK2,DK_2,actual_solar_generation,Solar,2026-08-26T10:27:13Z
2026-08-26T10:01:57Z,2026-08-26T12:01:57+0200,de5651f7-a4c0-4808-ad66-e3bdff44187a,2026-08-18T22:30:00Z,2026-08-19T00:30:00+0200,0.0,MW,DK2,DK_2,actual_solar_generation,Solar,2026-08-26T10:27:13Z
2026-08-26T10:01:57Z,2026-08-26T12:01:57+0200,de5651f7-a4c0-4808-ad66-e3bdff44187a,2026-08-18T22:45:00Z,2026-08-19T00:45:00+0200,0.0,MW,DK2,DK_2,actual_solar_generation,Solar,2026-08-26T10:27:13Z
2026-08-26T10:01:57Z,2026-08-26T12:01:57+0200,de5651f7-a4c0-4808-ad66-e3bdff44187a,2026-08-18T23:00:00Z,2026-08-19T01:00:00+0200,0.0,MW,DK2,DK_2,actual_solar_generation,Solar,2026-08-26T10:27:13Z
2026-08-26T10:01:57Z,2026-08-26T12:01:57+0200,de5651f7-a4c0-4808-ad66-e3bdff44187a,2026-08-18T23:15:00Z,2026-08-19T01:15:00+0200,0.0,MW,DK2,DK_2,actual_solar_generation,Solar,2026-08-26T10:27:13Z
2026-08-26T10:01:57Z,2026-08-26T12:01:57+0200,de5651f7-a4c0-4808-ad66-e3bdff44187a,2026-08-18T23:30:00Z,2026-08-19T01:30:00+0200,0.0,MW,DK2,DK_2,actual_solar_generation,Solar,2026-08-26T10:27:13Z
2026-08-26T10:01:57Z,2026-08-26T12:01:57+0200,de5651f7-a4c0-4808-ad66-e3bdff44187a,2026-08-18T23:45:00Z,2026-08-19T01:45:00+0200,0.0,MW,DK2,DK_2,actual_solar_generation,Solar,2026-08-26T10:27:13Z
2026-08-26T10:01:57Z,2026-08-26T12:01:57+0200,de5651f7-a4c0-4808-ad66-e3bdff44187a,2026-08-19T00:00:00Z,2026-08-19T02:00:00+0200,0.0,MW,DK2,DK_2,actual_solar_generation,Solar,2026-08-26T10:27:13Z
2026-08-26T10:01:57Z,2026-08-26T12:01:57+0200,de5651f7-a4c0-4808-ad66-e3bdff44187a,2026-08-19T00:15:00Z,2026-08-19T02:15:00+0200,0.0,MW,DK2,DK_2,actual_solar_generation,Solar,2026-08-26T10:27:13Z
2026-08-26T10:01:57Z,2026-08-26T12:01:57+0200,de5651f7-a4c0-4808-ad66-e3bdff44187a,2026-08-19T00:30:00Z,2026-08-19T02:30:00+0200,0.0,MW,DK2,DK_2,actual_solar_generation,Solar,2026-08-26T10:27:13Z
2026-08-26T10:01:57Z,2026-08-26T12:01:57+0200,de5651f7-a4c0-4808-ad66-e3bdff44187a,2026-08-19T00:45:00Z,2026-08-19T02:45:00+0200,0.0,MW,DK2,DK_2,actual_solar_generation,Solar,2026-08-26T10:27:13Z
2026-08-26T10:01:57Z,2026-08-26T12:01:57+0200,de5651f7-a4c0-4808-ad66-e3bdff44187a,2026-08-19T01:00:00Z,2026-08-19T03:00:00+0200,0.0,MW,DK2,DK_2,actual_solar_generation,Solar,2026-08-26T10:27:13Z
2026-08-26T10:01:57Z,2026-08-26T12:01:57+0200,de5651f7-a4c0-4808-ad66-e3bdff44187a,2026-08-19T01:15:00Z,2026-08-19T03:15:00+0200,0.0,MW,DK2,DK_2,actual_solar_generation,Solar,2026-08-26T10:27:13Z
2026-08-26T10:01:57Z,2026-08-26T12:01:57+0200,de5651f7-a4c0-4808-ad66-e3bdff44187a,2026-08-19T01:30:00Z,2026-08-19T03:30:00+0200,0.0,MW,DK2,DK_2,actual_solar_generation,Solar,2026-08-26T10:27:13Z
2026-08-26T10:01:57Z,2026-08-26T12:01:57+0200,de5651f7-a4c0-4808-ad66-e3bdff44187a,2026-08-19T01:45:00Z,2026-08-19T03:45:00+0200,0.0,MW,DK2,DK_2,actual_solar_generation,Solar,2026-08-26T10:27:13Z
2026-08-26T10:01:57Z,2026-08-26T12:01:57+0200,de5651f7-a4c0-4808-ad66-e3bdff44187a,2026-08-19T02:00:00Z,2026-08-19T04:00:00+0200,0.0,MW,DK2,DK_2,actual_solar_generation,Solar,2026-08-26T10:27:13Z
2026-08-26T10:01:57Z,2026-08-26T12:01:57+0200,de5651f7-a4c0-4808-ad66-e3bdff44187a,2026-08-19T02:15:00Z,2026-08-19T04:15:00+0200,0.0,MW,DK2,DK_2,actual_solar_generation,Solar,2026-08-26T10:27:13Z
2026-08-26T10:01:57Z,2026-08-26T12:01:57+0200,de5651f7-a4c0-4808-ad66-e3bdff44187a,2026-08-19T02:30:00Z,2026-08-19T04:30:00+0200,0.0,MW,DK2,DK_2,actual_solar_generation,Solar,2026-08-26T10:27:13Z
2026-08-26T10:01:57Z,2026-08-26T12:01:57+0200,de5651f7-a4c0-4808-ad66-e3bdff44187a,2026-08-19T02:45:00Z,2026-08-19T04:45:00+0200,0.0,MW,DK2,DK_2,actual_solar_generation,Solar,2026-08-26T10:27:13Z
2026-08-26T10:01:57Z,2026-08-26T12:01:57+0200,de5651f7-a4c0-4808-ad66-e3bdff44187a,2026-08-19T03:00:00Z,2026-08-19T05:00:00+0200,0.0,MW,DK2,DK_2,actual_solar_generation,Solar,2026-08-26T10:27:13Z
2026-08-26T10:01:57Z,2026-08-26T12:01:57+0200,de5651f7-a4c0-4808-ad66-e3bdff44187a,2026-08-19T03:15:00Z,2026-08-19T05:15:00+0200,0.0,MW,DK2,DK_2,actual_solar_generation,Solar,2026-08-26T10:27:13Z
2026-08-26T10:01:57Z,2026-08-26T12:01:57+0200,de5651f7-a4c0-4808-ad66-e3bdff44187a,2026-08-19T03:30:00Z,2026-08-19T05:30:00+0200,0.0,MW,DK2,DK_2,actual_solar_generation,Solar,2026-08-26T10:27:13Z
2026-08-26T10:01:57Z,2026-08-26T12:01:57+0200,de5651f7-a4c0-4808-ad66-e3bdff44187a,2026-08-19T03:45:00Z,2026-08-19T05:45:00+0200,0.587997,MW,DK2,DK_2,actual_solar_generation,Solar,2026-08-26T10:27:13Z
2026-08-26T10:01:57Z,2026-08-26T12:01:57+0200,de5651f7-a4c0-4808-ad66-e3bdff44187a,2026-08-19T04:00:00Z,2026-08-19T06:00:00+0200,2.38239,MW,DK2,DK_2,actual_solar_generation,Solar,2026-08-26T10:27:13Z
2026-08-26T10:01:57Z,2026-08-26T12:01:57+0200,de5651f7-a4c0-4808-ad66-e3bdff44187a,2026-08-19T04:15:00Z,2026-08-19T06:15:00+0200,8.39714,MW,DK2,DK_2,actual_solar_generation,Solar,2026-08-26T10:27:13Z
2026-08-26T10:01:57Z,2026-08-26T12:01:57+0200,de5651f7-a4c0-4808-ad66-e3bdff44187a,2026-08-19T04:30:00Z,2026-08-19T06:30:00+0200,15.9132,MW,DK2,DK_2,actual_solar_generation,Solar,2026-08-26T10:27:13Z
2026-08-26T10:01:57Z,2026-08-26T12:01:57+0200,de5651f7-a4c0-4808-ad66-e3bdff44187a,2026-08-19T04:45:00Z,2026-08-19T06:45:00+0200,30.205,MW,DK2,DK_2,actual_solar_generation,Solar,2026-08-26T10:27:13Z
2026-08-26T10:01:57Z,2026-08-26T12:01:57+0200,de5651f7-a4c0-4808-ad66-e3bdff44187a,2026-08-19T05:00:00Z,2026-08-19T07:00:00+0200,39.1681,MW,DK2,DK_2,actual_solar_generation,Solar,2026-08-26T10:27:13Z
2026-08-26T10:01:57Z,2026-08-26T12:01:57+0200,de5651f7-a4c0-4808-ad66-e3bdff44187a,2026-08-19T05:15:00Z,2026-08-19T07:15:00+0200,52.6037,MW,DK2,DK_2,actual_solar_generation,Solar,2026-08-26T10:27:13Z
2026-08-26T10:01:57Z,2026-08-26T12:01:57+0200,de5651f7-a4c0-4808-ad66-e3bdff44187a,2026-08-19T05:30:00Z,2026-08-19T07:30:00+0200,57.624,MW,DK2,DK_2,actual_solar_generation,Solar,2026-08-26T10:27:13Z
2026-08-26T10:01:57Z,2026-08-26T12:01:57+0200,de5651f7-a4c0-4808-ad66-e3bdff44187a,2026-08-19T05:45:00Z,2026-08-19T07:45:00+0200,63.7516,MW,DK2,DK_2,actual_solar_generation,Solar,2026-08-26T10:27:13Z
2026-08-26T10:01:57Z,2026-08-26T12:01:57+0200,de5651f7-a4c0-4808-ad66-e3bdff44187a,2026-08-19T06:00:00Z,2026-08-19T08:00:00+0200,71.0443,MW,DK2,DK_2,actual_solar_generation,Solar,2026-08-26T10:27:13Z
2026-08-26T10:01:57Z,2026-08-26T12:01:57+0200,de5651f7-a4c0-4808-ad66-e3bdff44187a,2026-08-19T06:15:00Z,2026-08-19T08:15:00+0200,87.9308,MW,DK2,DK_2,actual_solar_generation,Solar,2026-08-26T10:27:13Z
2026-08-26T10:01:57Z,2026-08-26T12:01:57+0200,de5651f7-a4c0-4808-ad66-e3bdff44187a,2026-08-19T06:30:00Z,2026-08-19T08:30:00+0200,96.4387,MW,DK2,DK_2,actual_solar_generation,Solar,2026-08-26T10:27:13Z
2026-08-26T10:01:57Z,2026-08-26T12:01:57+0200,de5651f7-a4c0-4808-ad66-e3bdff44187a,2026-08-19T06:45:00Z,2026-08-19T08:45:00+0200,110.918,MW,DK2,DK_2,actual_solar_generation,Solar,2026-08-26T10:27:13Z
2026-08-26T10:01:57Z,2026-08-26T12:01:57+0200,de5651f7-a4c0-4808-ad66-e3bdff44187a,2026-08-19T07:00:00Z,2026-08-19T09:00:00+0200,126.142,MW,DK2,DK_2,actual_solar_generation,Solar,2026-08-26T10:27:13Z
2026-08-26T10:01:57Z,2026-08-26T12:01:57+0200,de5651f7-a4c0-4808-ad66-e3bdff44187a,2026-08-19T07:15:00Z,2026-08-19T09:15:00+0200,143.851,MW,DK2,DK_2,actual_solar_generation,Solar,2026-08-26T10:27:13Z
2026-08-26T10:01:57Z,2026-08-26T12:01:57+0200,de5651f7-a4c0-4808-ad66-e3bdff44187a,2026-08-19T07:30:00Z,2026-08-19T09:30:00+0200,158.971,MW,DK2,DK_2,actual_solar_generation,Solar,2026-08-26T10:27:13Z
2026-08-26T10:01:57Z,2026-08-26T12:01:57+0200,de5651f7-a4c0-4808-ad66-e3bdff44187a,2026-08-19T07:45:00Z,2026-08-19T09:45:00+0200,168.582,MW,DK2,DK_2,actual_solar_generation,Solar,2026-08-26T10:27:13Z
2026-08-26T10:01:57Z,2026-08-26T12:01:57+0200,de5651f7-a4c0-4808-ad66-e3bdff44187a,2026-08-19T08:00:00Z,2026-08-19T10:00:00+0200,194.432,MW,DK2,DK_2,actual_solar_generation,Solar,2026-08-26T10:27:13Z
2026-08-26T10:01:57Z,2026-08-26T12:01:57+0200,de5651f7-a4c0-4808-ad66-e3bdff44187a,2026-08-19T08:15:00Z,2026-08-19T10:15:00+0200,206.886,MW,DK2,DK_2,actual_solar_generation,Solar,2026-08-26T10:27:13Z
2026-08-26T10:01:57Z,2026-08-26T12:01:57+0200,de5651f7-a4c0-4808-ad66-e3bdff44187a,2026-08-19T08:30:00Z,2026-08-19T10:30:00+0200,227.803,MW,DK2,DK_2,actual_solar_generation,Solar,2026-08-26T10:27:13Z
2026-08-26T10:01:57Z,2026-08-26T12:01:57+0200,de5651f7-a4c0-4808-ad66-e3bdff44187a,2026-08-19T08:45:00Z,2026-08-19T10:45:00+0200,243.318,MW,DK2,DK_2,actual_solar_generation,Solar,2026-08-26T10:27:13Z
2026-08-26T10:01:57Z,2026-08-26T12:01:57+0200,de5651f7-a4c0-4808-ad66-e3bdff44187a,2026-08-19T09:00:00Z,2026-08-19T11:00:00+0200,249.448,MW,DK2,DK_2,actual_solar_generation,Solar,2026-08-26T10:27:13Z
2026-08-26T10:01:57Z,2026-08-26T12:01:57+0200,de5651f7-a4c0-4808-ad66-e3bdff44187a,2026-08-19T09:15:00Z,2026-08-19T11:15:00+0200,228.456,MW,DK2,DK_2,actual_solar_generation,Solar,2026-08-26T10:27:13Z
2026-08-26T10:01:57Z,2026-08-26T12:01:57+0200,de5651f7-a4c0-4808-ad66-e3bdff44187a,2026-08-19T09:30:00Z,2026-08-19T11:30:00+0200,250.557,MW,DK2,DK_2,actual_solar_generation,Solar,2026-08-26T10:27:13Z
2026-08-26T10:01:57Z,2026-08-26T12:01:57+0200,de5651f7-a4c0-4808-ad66-e3bdff44187a,2026-08-19T09:45:00Z,2026-08-19T11:45:00+0200,251.399,MW,DK2,DK_2,actual_solar_generation,Solar,2026-08-26T10:27:13Z
2026-08-26T10:01:57Z,2026-08-26T12:01:57+0200,de5651f7-a4c0-4808-ad66-e3bdff44187a,2026-08-19T10:00:00Z,2026-08-19T12:00:00+0200,222.47,MW,DK2,DK_2,actual_solar_generation,Solar,2026-08-26T10:27:13Z
2026-08-26T10:01:57Z,2026-08-26T12:01:57+0200,de5651f7-a4c0-4808-ad66-e3bdff44187a,2026-08-19T10:15:00Z,2026-08-19T12:15:00+0200,205.245,MW,DK2,DK_2,actual_solar_generation,Solar,2026-08-26T10:27:13Z
2026-08-26T10:01:57Z,2026-08-26T12:01:57+0200,de5651f7-a4c0-4808-ad66-e3bdff44187a,2026-08-19T10:30:00Z,2026-08-19T12:30:00+0200,238.044,MW,DK2,DK_2,actual_solar_generation,Solar,2026-08-26T10:27:13Z
2026-08-26T10:01:57Z,2026-08-26T12:01:57+0200,de5651f7-a4c0-4808-ad66-e3bdff44187a,2026-08-19T10:45:00Z,2026-08-19T12:45:00+0200,229.153,MW,DK2,DK_2,actual_solar_generation,Solar,2026-08-26T10:27:13Z
2026-08-26T10:01:57Z,2026-08-26T12:01:57+0200,de5651f7-a4c0-4808-ad66-e3bdff44187a,2026-08-19T11:00:00Z,2026-08-19T13:00:00+0200,256.246,MW,DK2,DK_2,actual_solar_generation,Solar,2026-08-26T10:27:13Z
2026-08-26T10:01:57Z,2026-08-26T12:01:57+0200,de5651f7-a4c0-4808-ad66-e3bdff44187a,2026-08-19T11:15:00Z,2026-08-19T13:15:00+0200,287.377,MW,DK2,DK_2,actual_solar_generation,Solar,2026-08-26T10:27:13Z
2026-08-26T10:01:57Z,2026-08-26T12:01:57+0200,de5651f7-a4c0-4808-ad66-e3bdff44187a,2026-08-19T11:30:00Z,2026-08-19T13:30:00+0200,342.379,MW,DK2,DK_2,actual_solar_generation,Solar,2026-08-26T10:27:13Z
2026-08-26T10:01:57Z,2026-08-26T12:01:57+0200,de5651f7-a4c0-4808-ad66-e3bdff44187a,2026-08-19T11:45:00Z,2026-08-19T13:45:00+0200,481.048,MW,DK2,DK_2,actual_solar_generation,Solar,2026-08-26T10:27:13Z
2026-08-26T10:01:57Z,2026-08-26T12:01:57+0200,de5651f7-a4c0-4808-ad66-e3bdff44187a,2026-08-19T12:00:00Z,2026-08-19T14:00:00+0200,562.587,MW,DK2,DK_2,actual_solar_generation,Solar,2026-08-26T10:27:13Z
2026-08-26T10:01:57Z,2026-08-26T12:01:57+0200,de5651f7-a4c0-4808-ad66-e3bdff44187a,2026-08-19T12:15:00Z,2026-08-19T14:15:00+0200,572.377,MW,DK2,DK_2,actual_solar_generation,Solar,2026-08-26T10:27:13Z
2026-08-26T10:01:57Z,2026-08-26T12:01:57+0200,de5651f7-a4c0-4808-ad66-e3bdff44187a,2026-08-19T12:30:00Z,2026-08-19T14:30:00+0200,607.371,MW,DK2,DK_2,actual_solar_generation,Solar,2026-08-26T10:27:13Z
2026-08-26T10:01:57Z,2026-08-26T12:01:57+0200,de5651f7-a4c0-4808-ad66-e3bdff44187a,2026-08-19T12:45:00Z,2026-08-19T14:45:00+0200,518.197,MW,DK2,DK_2,actual_solar_generation,Solar,2026-08-26T10:27:13Z
2026-08-26T10:01:57Z,2026-08-26T12:01:57+0200,de5651f7-a4c0-4808-ad66-e3bdff44187a,2026-08-19T13:00:00Z,2026-08-19T15:00:00+0200,469.086,MW,DK2,DK_2,actual_solar_generation,Solar,2026-08-26T10:27:13Z
2026-08-26T10:01:57Z,2026-08-26T12:01:57+0200,de5651f7-a4c0-4808-ad66-e3bdff44187a,2026-08-19T13:15:00Z,2026-08-19T15:15:00+0200,440.862,MW,DK2,DK_2,actual_solar_generation,Solar,2026-08-26T10:27:13Z
2026-08-26T10:01:57Z,2026-08-26T12:01:57+0200,de5651f7-a4c0-4808-ad66-e3bdff44187a,2026-08-19T13:30:00Z,2026-08-19T15:30:00+0200,394.1,MW,DK2,DK_2,actual_solar_generation,Solar,2026-08-26T10:27:13Z
2026-08-26T10:01:57Z,2026-08-26T12:01:57+0200,de5651f7-a4c0-4808-ad66-e3bdff44187a,2026-08-19T13:45:00Z,2026-08-19T15:45:00+0200,407.673,MW,DK2,DK_2,actual_solar_generation,Solar,2026-08-26T10:27:13Z
2026-08-26T10:01:57Z,2026-08-26T12:01:57+0200,de5651f7-a4c0-4808-ad66-e3bdff44187a,2026-08-19T14:00:00Z,2026-08-19T16:00:00+0200,449.551,MW,DK2,DK_2,actual_solar_generation,Solar,2026-08-26T10:27:13Z
2026-08-26T10:01:57Z,2026-08-26T12:01:57+0200,de5651f7-a4c0-4808-ad66-e3bdff44187a,2026-08-19T14:15:00Z,2026-08-19T16:15:00+0200,397.107,MW,DK2,DK_2,actual_solar_generation,Solar,2026-08-26T10:27:13Z
2026-08-26T10:01:57Z,2026-08-26T12:01:57+0200,de5651f7-a4c0-4808-ad66-e3bdff44187a,2026-08-19T14:30:00Z,2026-08-19T16:30:00+0200,346.56,MW,DK2,DK_2,actual_solar_generation,Solar,2026-08-26T10:27:13Z
2026-08-26T10:01:57Z,2026-08-26T12:01:57+0200,de5651f7-a4c0-4808-ad66-e3bdff44187a,2026-08-19T14:45:00Z,2026-08-19T16:45:00+0200,413.968,MW,DK2,DK_2,actual_solar_generation,Solar,2026-08-26T10:27:13Z
2026-08-26T10:01:57Z,2026-08-26T12:01:57+0200,de5651f7-a4c0-4808-ad66-e3bdff44187a,2026-08-19T15:00:00Z,2026-08-19T17:00:00+0200,397.465,MW,DK2,DK_2,actual_solar_generation,Solar,2026-08-26T10:27:13Z
2026-08-26T10:01:57Z,2026-08-26T12:01:57+0200,de5651f7-a4c0-4808-ad66-e3bdff44187a,2026-08-19T15:15:00Z,2026-08-19T17:15:00+0200,455.967,MW,DK2,DK_2,actual_solar_generation,Solar,2026-08-26T10:27:13Z
2026-08-26T10:01:57Z,2026-08-26T12:01:57+0200,de5651f7-a4c0-4808-ad66-e3bdff44187a,2026-08-19T15:30:00Z,2026-08-19T17:30:00+0200,416.232,MW,DK2,DK_2,actual_solar_generation,Solar,2026-08-26T10:27:13Z
2026-08-26T10:01:57Z,2026-08-26T12:01:57+0200,de5651f7-a4c0-4808-ad66-e3bdff44187a,2026-08-19T15:45:00Z,2026-08-19T17:45:00+0200,374.927,MW,DK2,DK_2,actual_solar_generation,Solar,2026-08-26T10:27:13Z
2026-08-26T10:01:57Z,2026-08-26T12:01:57+0200,de5651f7-a4c0-4808-ad66-e3bdff44187a,2026-08-19T16:00:00Z,2026-08-19T18:00:00+0200,365.325,MW,DK2,DK_2,actual_solar_generation,Solar,2026-08-26T10:27:13Z
2026-08-26T10:01:57Z,2026-08-26T12:01:57+0200,de5651f7-a4c0-4808-ad66-e3bdff44187a,2026-08-19T16:15:00Z,2026-08-19T18:15:00+0200,307.251,MW,DK2,DK_2,actual_solar_generation,Solar,2026-08-26T10:27:13Z
2026-08-26T10:01:57Z,2026-08-26T12:01:57+0200,de5651f7-a4c0-4808-ad66-e3bdff44187a,2026-08-19T16:30:00Z,2026-08-19T18:30:00+0200,261.665,MW,DK2,DK_2,actual_solar_generation,Solar,2026-08-26T10:27:13Z
2026-08-26T10:01:57Z,2026-08-26T12:01:57+0200,de5651f7-a4c0-4808-ad66-e3bdff44187a,2026-08-19T16:45:00Z,2026-08-19T18:45:00+0200,198.053,MW,DK2,DK_2,actual_solar_generation,Solar,2026-08-26T10:27:13Z
2026-08-26T10:01:57Z,2026-08-26T12:01:57+0200,de5651f7-a4c0-4808-ad66-e3bdff44187a,2026-08-19T17:00:00Z,2026-08-19T19:00:00+0200,163.147,MW,DK2,DK_2,actual_solar_generation,Solar,2026-08-26T10:27:13Z
2026-08-26T10:01:57Z,2026-08-26T12:01:57+0200,de5651f7-a4c0-4808-ad66-e3bdff44187a,2026-08-19T17:15:00Z,2026-08-19T19:15:00+0200,105.581,MW,DK2,DK_2,actual_solar_generation,Solar,2026-08-26T10:27:13Z
2026-08-26T10:01:57Z,2026-08-26T12:01:57+0200,de5651f7-a4c0-4808-ad66-e3bdff44187a,2026-08-19T17:30:00Z,2026-08-19T19:30:00+0200,78.511,MW,DK2,DK_2,actual_solar_generation,Solar,2026-08-26T10:27:13Z
2026-08-26T10:01:57Z,2026-08-26T12:01:57+0200,de5651f7-a4c0-4808-ad66-e3bdff44187a,2026-08-19T17:45:00Z,2026-08-19T19:45:00+0200,51.5701,MW,DK2,DK_2,actual_solar_generation,Solar,2026-08-26T10:27:13Z
2026-08-26T10:01:57Z,2026-08-26T12:01:57+0200,de5651f7-a4c0-4808-ad66-e3bdff44187a,2026-08-19T18:00:00Z,2026-08-19T20:00:00+0200,28.4946,MW,DK2,DK_2,actual_solar_generation,Solar,2026-08-26T10:27:13Z
2026-08-26T10:01:57Z,2026-08-26T12:01:57+0200,de5651f7-a4c0-4808-ad66-e3bdff44187a,2026-08-19T18:15:00Z,2026-08-19T20:15:00+0200,13.4769,MW,DK2,DK_2,actual_solar_generation,Solar,2026-08-26T10:27:13Z
2026-08-26T10:01:57Z,2026-08-26T12:01:57+0200,de5651f7-a4c0-4808-ad66-e3bdff44187a,2026-08-19T18:30:00Z,2026-08-19T20:30:00+0200,4.12882,MW,DK2,DK_2,actual_solar_generation,Solar,2026-08-26T10:27:13Z
2026-08-26T10:01:57Z,2026-08-26T12:01:57+0200,de5651f7-a4c0-4808-ad66-e3bdff44187a,2026-08-19T18:45:00Z,2026-08-19T20:45:00+0200,0.151353,MW,DK2,DK_2,actual_solar_generation,Solar,2026-08-26T10:27:13Z
2026-08-26T10:01:57Z,2026-08-26T12:01:57+0200,de5651f7-a4c0-4808-ad66-e3bdff44187a,2026-08-19T19:00:00Z,2026-08-19T21:00:00+0200,0.0,MW,DK2,DK_2,actual_solar_generation,Solar,2026-08-26T10:27:13Z
2026-08-26T10:01:57Z,2026-08-26T12:01:57+0200,de5651f7-a4c0-4808-ad66-e3bdff44187a,2026-08-19T19:15:00Z,2026-08-19T21:15:00+0200,0.0,MW,DK2,DK_2,actual_solar_generation,Solar,2026-08-26T10:27:13Z
2026-08-26T10:01:57Z,2026-08-26T12:01:57+0200,de5651f7-a4c0-4808-ad66-e3bdff44187a,2026-08-19T19:30:00Z,2026-08-19T21:30:00+0200,0.0,MW,DK2,DK_2,actual_solar_generation,Solar,2026-08-26T10:27:13Z
2026-08-26T10:01:57Z,2026-08-26T12:01:57+0200,de5651f7-a4c0-4808-ad66-e3bdff44187a,2026-08-19T19:45:00Z,2026-08-19T21:45:00+0200,0.0,MW,DK2,DK_2,actual_solar_generation,Solar,2026-08-26T10:27:13Z
2026-08-26T10:01:57Z,2026-08-26T12:01:57+0200,de5651f7-a4c0-4808-ad66-e3bdff44187a,2026-08-19T20:00:00Z,2026-08-19T22:00:00+0200,0.0,MW,DK2,DK_2,actual_solar_generation,Solar,2026-08-26T10:27:13Z
2026-08-26T10:01:57Z,2026-08-26T12:01:57+0200,de5651f7-a4c0-4808-ad66-e3bdff44187a,2026-08-19T20:15:00Z,2026-08-19T22:15:00+0200,0.0,MW,DK2,DK_2,actual_solar_generation,Solar,2026-08-26T10:27:13Z
2026-08-26T10:01:57Z,2026-08-26T12:01:57+0200,de5651f7-a4c0-4808-ad66-e3bdff44187a,2026-08-19T20:30:00Z,2026-08-19T22:30:00+0200,0.0,MW,DK2,DK_2,actual_solar_generation,Solar,2026-08-26T10:27:13Z
2026-08-26T10:01:57Z,2026-08-26T12:01:57+0200,de5651f7-a4c0-4808-ad66-e3bdff44187a,2026-08-19T20:45:00Z,2026-08-19T22:45:00+0200,0.0,MW,DK2,DK_2,actual_solar_generation,Solar,2026-08-26T10:27:13Z
2026-08-26T10:01:57Z,2026-08-26T12:01:57+0200,de5651f7-a4c0-4808-ad66-e3bdff44187a,2026-08-19T21:00:00Z,2026-08-19T23:00:00+0200,0.0,MW,DK2,DK_2,actual_solar_generation,Solar,2026-08-26T10:27:13Z
2026-08-26T10:01:57Z,2026-08-26T12:01:57+0200,de5651f7-a4c0-4808-ad66-e3bdff44187a,2026-08-19T21:15:00Z,2026-08-19T23:15:00+0200,0.0,MW,DK2,DK_2,actual_solar_generation,Solar,2026-08-26T10:27:13Z
2026-08-26T10:01:57Z,2026-08-26T12:01:57+0200,de5651f7-a4c0-4808-ad66-e3bdff44187a,2026-08-19T21:30:00Z,2026-08-19T23:30:00+0200,0.0,MW,DK2,DK_2,actual_solar_generation,Solar,2026-08-26T10:27:13Z
2026-08-26T10:01:57Z,2026-08-26T12:01:57+0200,de5651f7-a4c0-4808-ad66-e3bdff44187a,2026-08-19T21:45:00Z,2026-08-19T23:45:00+0200,0.0,MW,DK2,DK_2,actual_solar_generation,Solar,2026-08-26T10:27:13Z
2026-08-26T10:01:57Z,2026-08-26T12:01:57+0200,de5651f7-a4c0-4808-ad66-e3bdff44187a,2026-08-19T22:00:00Z,2026-08-20T00:00:00+0200,0.0,MW,DK2,DK_2,actual_solar_generation,Solar,2026-08-26T10:27:13Z
2026-08-26T10:01:57Z,2026-08-26T12:01:57+0200,de5651f7-a4c0-4808-ad66-e3bdff44187a,2026-08-19T22:15:00Z,2026-08-20T00:15:00+0200,0.0,MW,DK2,DK_2,actual_solar_generation,Solar,2026-08-26T10:27:13Z
2026-08-26T10:01:57Z,2026-08-26T12:01:57+0200,de5651f7-a4c0-4808-ad66-e3bdff44187a,2026-08-19T22:30:00Z,2026-08-20T00:30:00+0200,0.0,MW,DK2,DK_2,actual_solar_generation,Solar,2026-08-26T10:27:13Z
2026-08-26T10:01:57Z,2026-08-26T12:01:57+0200,de5651f7-a4c0-4808-ad66-e3bdff44187a,2026-08-19T22:45:00Z,2026-08-20T00:45:00+0200,0.0,MW,DK2,DK_2,actual_solar_generation,Solar,2026-08-26T10:27:13Z
2026-08-26T10:01:57Z,2026-08-26T12:01:57+0200,de5651f7-a4c0-4808-ad66-e3bdff44187a,2026-08-19T23:00:00Z,2026-08-20T01:00:00+0200,0.0,MW,DK2,DK_2,actual_solar_generation,Solar,2026-08-26T10:27:13Z
2026-08-26T10:01:57Z,2026-08-26T12:01:57+0200,de5651f7-a4c0-4808-ad66-e3bdff44187a,2026-08-19T23:15:00Z,2026-08-20T01:15:00+0200,0.0,MW,DK2,DK_2,actual_solar_generation,Solar,2026-08-26T10:27:13Z
2026-08-26T10:01:57Z,2026-08-26T12:01:57+0200,de5651f7-a4c0-4808-ad66-e3bdff44187a,2026-08-19T23:30:00Z,2026-08-20T01:30:00+0200,0.0,MW,DK2,DK_2,actual_solar_generation,Solar,2026-08-26T10:27:13Z
2026-08-26T10:01:57Z,2026-08-26T12:01:57+0200,de5651f7-a4c0-4808-ad66-e3bdff44187a,2026-08-19T23:45:00Z,2026-08-20T01:45:00+0200,0.0,MW,DK2,DK_2,actual_solar_generation,Solar,2026-08-26T10:27:13Z
2026-08-26T10:01:57Z,2026-08-26T12:01:57+0200,de5651f7-a4c0-4808-ad66-e3bdff44187a,2026-08-20T00:00:00Z,2026-08-20T02:00:00+0200,0.0,MW,DK2,DK_2,actual_solar_generation,Solar,2026-08-26T10:27:13Z
2026-08-26T10:01:57Z,2026-08-26T12:01:57+0200,de5651f7-a4c0-4808-ad66-e3bdff44187a,2026-08-20T00:15:00Z,2026-08-20T02:15:00+0200,0.0,MW,DK2,DK_2,actual_solar_generation,Solar,2026-08-26T10:27:13Z
2026-08-26T10:01:57Z,2026-08-26T12:01:57+0200,de5651f7-a4c0-4808-ad66-e3bdff44187a,2026-08-20T00:30:00Z,2026-08-20T02:30:00+0200,0.0,MW,DK2,DK_2,actual_solar_generation,Solar,2026-08-26T10:27:13Z
2026-08-26T10:01:57Z,2026-08-26T12:01:57+0200,de5651f7-a4c0-4808-ad66-e3bdff44187a,2026-08-20T00:45:00Z,2026-08-20T02:45:00+0200,0.0,MW,DK2,DK_2,actual_solar_generation,Solar,2026-08-26T10:27:13Z
2026-08-26T10:01:57Z,2026-08-26T12:01:57+0200,de5651f7-a4c0-4808-ad66-e3bdff44187a,2026-08-20T01:00:00Z,2026-08-20T03:00:00+0200,0.0,MW,DK2,DK_2,actual_solar_generation,Solar,2026-08-26T10:27:13Z
2026-08-26T10:01:57Z,2026-08-26T12:01:57+0200,de5651f7-a4c0-4808-ad66-e3bdff44187a,2026-08-20T01:15:00Z,2026-08-20T03:15:00+0200,0.0,MW,DK2,DK_2,actual_solar_generation,Solar,2026-08-26T10:27:13Z
2026-08-26T10:01:57Z,2026-08-26T12:01:57+0200,de5651f7-a4c0-4808-ad66-e3bdff44187a,2026-08-20T01:30:00Z,2026-08-20T03:30:00+0200,0.0,MW,DK2,DK_2,actual_solar_generation,Solar,2026-08-26T10:27:13Z
2026-08-26T10:01:57Z,2026-08-26T12:01:57+0200,de5651f7-a4c0-4808-ad66-e3bdff44187a,2026-08-20T01:45:00Z,2026-08-20T03:45:00+0200,0.0,MW,DK2,DK_2,actual_solar_generation,Solar,2026-08-26T10:27:13Z
2026-08-26T10:01:57Z,2026-08-26T12:01:57+0200,de5651f7-a4c0-4808-ad66-e3bdff44187a,2026-08-20T02:00:00Z,2026-08-20T04:00:00+0200,0.0,MW,DK2,DK_2,actual_solar_generation,Solar,2026-08-26T10:27:13Z
2026-08-26T10:01:57Z,2026-08-26T12:01:57+0200,de5651f7-a4c0-4808-ad66-e3bdff44187a,2026-08-20T02:15:00Z,2026-08-20T04:15:00+0200,0.0,MW,DK2,DK_2,actual_solar_generation,Solar,2026-08-26T10:27:13Z
2026-08-26T10:01:57Z,2026-08-26T12:01:57+0200,de5651f7-a4c0-4808-ad66-e3bdff44187a,2026-08-20T02:30:00Z,2026-08-20T04:30:00+0200,0.0,MW,DK2,DK_2,actual_solar_generation,Solar,2026-08-26T10:27:13Z
2026-08-26T10:01:57Z,2026-08-26T12:01:57+0200,de5651f7-a4c0-4808-ad66-e3bdff44187a,2026-08-20T02:45:00Z,2026-08-20T04:45:00+0200,0.0,MW,DK2,DK_2,actual_solar_generation,Solar,2026-08-26T10:27:13Z
2026-08-26T10:01:57Z,2026-08-26T12:01:57+0200,de5651f7-a4c0-4808-ad66-e3bdff44187a,2026-08-20T03:00:00Z,2026-08-20T05:00:00+0200,0.0,MW,DK2,DK_2,actual_solar_generation,Solar,2026-08-26T10:27:13Z
2026-08-26T10:01:57Z,2026-08-26T12:01:57+0200,de5651f7-a4c0-4808-ad66-e3bdff44187a,2026-08-20T03:15:00Z,2026-08-20T05:15:00+0200,0.0,MW,DK2,DK_2,actual_solar_generation,Solar,2026-08-26T10:27:13Z
2026-08-26T10:01:57Z,2026-08-26T12:01:57+0200,de5651f7-a4c0-4808-ad66-e3bdff44187a,2026-08-20T03:30:00Z,2026-08-20T05:30:00+0200,0.0,MW,DK2,DK_2,actual_solar_generation,Solar,2026-08-26T10:27:13Z
2026-08-26T10:01:57Z,2026-08-26T12:01:57+0200,de5651f7-a4c0-4808-ad66-e3bdff44187a,2026-08-20T03:45:00Z,2026-08-20T05:45:00+0200,0.352941,MW,DK2,DK_2,actual_solar_generation,Solar,2026-08-26T10:27:13Z
2026-08-26T10:01:57Z,2026-08-26T12:01:57+0200,de5651f7-a4c0-4808-ad66-e3bdff44187a,2026-08-20T04:00:00Z,2026-08-20T06:00:00+0200,4.71524,MW,DK2,DK_2,actual_solar_generation,Solar,2026-08-26T10:27:13Z
2026-08-26T10:01:57Z,2026-08-26T12:01:57+0200,de5651f7-a4c0-4808-ad66-e3bdff44187a,2026-08-20T04:15:00Z,2026-08-20T06:15:00+0200,16.0399,MW,DK2,DK_2,actual_solar_generation,Solar,2026-08-26T10:27:13Z
2026-08-26T10:01:57Z,2026-08-26T12:01:57+0200,de5651f7-a4c0-4808-ad66-e3bdff44187a,2026-08-20T04:30:00Z,2026-08-20T06:30:00+0200,33.8642,MW,DK2,DK_2,actual_solar_generation,Solar,2026-08-26T10:27:13Z
2026-08-26T10:01:57Z,2026-08-26T12:01:57+0200,de5651f7-a4c0-4808-ad66-e3bdff44187a,2026-08-20T04:45:00Z,2026-08-20T06:45:00+0200,54.2154,MW,DK2,DK_2,actual_solar_generation,Solar,2026-08-26T10:27:13Z
2026-08-26T10:01:57Z,2026-08-26T12:01:57+0200,de5651f7-a4c0-4808-ad66-e3bdff44187a,2026-08-20T05:00:00Z,2026-08-20T07:00:00+0200,86.1092,MW,DK2,DK_2,actual_solar_generation,Solar,2026-08-26T10:27:13Z
2026-08-26T10:01:57Z,2026-08-26T12:01:57+0200,de5651f7-a4c0-4808-ad66-e3bdff44187a,2026-08-20T05:15:00Z,2026-08-20T07:15:00+0200,122.651,MW,DK2,DK_2,actual_solar_generation,Solar,2026-08-26T10:27:13Z
2026-08-26T10:01:57Z,2026-08-26T12:01:57+0200,de5651f7-a4c0-4808-ad66-e3bdff44187a,2026-08-20T05:30:00Z,2026-08-20T07:30:00+0200,167.404,MW,DK2,DK_2,actual_solar_generation,Solar,2026-08-26T10:27:13Z
2026-08-26T10:01:57Z,2026-08-26T12:01:57+0200,de5651f7-a4c0-4808-ad66-e3bdff44187a,2026-08-20T05:45:00Z,2026-08-20T07:45:00+0200,204.765,MW,DK2,DK_2,actual_solar_generation,Solar,2026-08-26T10:27:13Z
2026-08-26T10:01:57Z,2026-08-26T12:01:57+0200,de5651f7-a4c0-4808-ad66-e3bdff44187a,2026-08-20T06:00:00Z,2026-08-20T08:00:00+0200,240.506,MW,DK2,DK_2,actual_solar_generation,Solar,2026-08-26T10:27:13Z
2026-08-26T10:01:57Z,2026-08-26T12:01:57+0200,de5651f7-a4c0-4808-ad66-e3bdff44187a,2026-08-20T06:15:00Z,2026-08-20T08:15:00+0200,270.675,MW,DK2,DK_2,actual_solar_generation,Solar,2026-08-26T10:27:13Z
2026-08-26T10:01:57Z,2026-08-26T12:01:57+0200,de5651f7-a4c0-4808-ad66-e3bdff44187a,2026-08-20T06:30:00Z,2026-08-20T08:30:00+0200,304.416,MW,DK2,DK_2,actual_solar_generation,Solar,2026-08-26T10:27:13Z
2026-08-26T10:01:57Z,2026-08-26T12:01:57+0200,de5651f7-a4c0-4808-ad66-e3bdff44187a,2026-08-20T06:45:00Z,2026-08-20T08:45:00+0200,355.613,MW,DK2,DK_2,actual_solar_generation,Solar,2026-08-26T10:27:13Z
2026-08-26T10:01:57Z,2026-08-26T12:01:57+0200,de5651f7-a4c0-4808-ad66-e3bdff44187a,2026-08-20T07:00:00Z,2026-08-20T09:00:00+0200,445.172,MW,DK2,DK_2,actual_solar_generation,Solar,2026-08-26T10:27:13Z
2026-08-26T10:01:57Z,2026-08-26T12:01:57+0200,de5651f7-a4c0-4808-ad66-e3bdff44187a,2026-08-20T07:15:00Z,2026-08-20T09:15:00+0200,452.709,MW,DK2,DK_2,actual_solar_generation,Solar,2026-08-26T10:27:13Z
2026-08-26T10:01:57Z,2026-08-26T12:01:57+0200,de5651f7-a4c0-4808-ad66-e3bdff44187a,2026-08-20T07:30:00Z,2026-08-20T09:30:00+0200,581.548,MW,DK2,DK_2,actual_solar_generation,Solar,2026-08-26T10:27:13Z
2026-08-26T10:01:57Z,2026-08-26T12:01:57+0200,de5651f7-a4c0-4808-ad66-e3bdff44187a,2026-08-20T07:45:00Z,2026-08-20T09:45:00+0200,626.618,MW,DK2,DK_2,actual_solar_generation,Solar,2026-08-26T10:27:13Z
2026-08-26T10:01:57Z,2026-08-26T12:01:57+0200,de5651f7-a4c0-4808-ad66-e3bdff44187a,2026-08-20T08:00:00Z,2026-08-20T10:00:00+0200,662.983,MW,DK2,DK_2,actual_solar_generation,Solar,2026-08-26T10:27:13Z
2026-08-26T10:01:57Z,2026-08-26T12:01:57+0200,de5651f7-a4c0-4808-ad66-e3bdff44187a,2026-08-20T08:15:00Z,2026-08-20T10:15:00+0200,679.747,MW,DK2,DK_2,actual_solar_generation,Solar,2026-08-26T10:27:13Z
2026-08-26T10:01:57Z,2026-08-26T12:01:57+0200,de5651f7-a4c0-4808-ad66-e3bdff44187a,2026-08-20T08:30:00Z,2026-08-20T10:30:00+0200,640.21,MW,DK2,DK_2,actual_solar_generation,Solar,2026-08-26T10:27:13Z
2026-08-26T10:01:57Z,2026-08-26T12:01:57+0200,de5651f7-a4c0-4808-ad66-e3bdff44187a,2026-08-20T08:45:00Z,2026-08-20T10:45:00+0200,685.199,MW,DK2,DK_2,actual_solar_generation,Solar,2026-08-26T10:27:13Z
2026-08-26T10:01:57Z,2026-08-26T12:01:57+0200,de5651f7-a4c0-4808-ad66-e3bdff44187a,2026-08-20T09:00:00Z,2026-08-20T11:00:00+0200,758.158,MW,DK2,DK_2,actual_solar_generation,Solar,2026-08-26T10:27:13Z
2026-08-26T10:01:57Z,2026-08-26T12:01:57+0200,de5651f7-a4c0-4808-ad66-e3bdff44187a,2026-08-20T09:15:00Z,2026-08-20T11:15:00+0200,824.245,MW,DK2,DK_2,actual_solar_generation,Solar,2026-08-26T10:27:13Z
2026-08-26T10:01:57Z,2026-08-26T12:01:57+0200,de5651f7-a4c0-4808-ad66-e3bdff44187a,2026-08-20T09:30:00Z,2026-08-20T11:30:00+0200,818.653,MW,DK2,DK_2,actual_solar_generation,Solar,2026-08-26T10:27:13Z
2026-08-26T10:01:57Z,2026-08-26T12:01:57+0200,de5651f7-a4c0-4808-ad66-e3bdff44187a,2026-08-20T09:45:00Z,2026-08-20T11:45:00+0200,795.491,MW,DK2,DK_2,actual_solar_generation,Solar,2026-08-26T10:27:13Z
2026-08-26T10:01:57Z,2026-08-26T12:01:57+0200,de5651f7-a4c0-4808-ad66-e3bdff44187a,2026-08-20T10:00:00Z,2026-08-20T12:00:00+0200,868.352,MW,DK2,DK_2,actual_solar_generation,Solar,2026-08-26T10:27:13Z
2026-08-26T10:01:57Z,2026-08-26T12:01:57+0200,de5651f7-a4c0-4808-ad66-e3bdff44187a,2026-08-20T10:15:00Z,2026-08-20T12:15:00+0200,780.627,MW,DK2,DK_2,actual_solar_generation,Solar,2026-08-26T10:27:13Z
2026-08-26T10:01:57Z,2026-08-26T12:01:57+0200,de5651f7-a4c0-4808-ad66-e3bdff44187a,2026-08-20T10:30:00Z,2026-08-20T12:30:00+0200,815.954,MW,DK2,DK_2,actual_solar_generation,Solar,2026-08-26T10:27:13Z
2026-08-26T10:01:57Z,2026-08-26T12:01:57+0200,de5651f7-a4c0-4808-ad66-e3bdff44187a,2026-08-20T10:45:00Z,2026-08-20T12:45:00+0200,792.988,MW,DK2,DK_2,actual_solar_generation,Solar,2026-08-26T10:27:13Z
2026-08-26T10:01:57Z,2026-08-26T12:01:57+0200,de5651f7-a4c0-4808-ad66-e3bdff44187a,2026-08-20T11:00:00Z,2026-08-20T13:00:00+0200,880.911,MW,DK2,DK_2,actual_solar_generation,Solar,2026-08-26T10:27:13Z
2026-08-26T10:01:57Z,2026-08-26T12:01:57+0200,de5651f7-a4c0-4808-ad66-e3bdff44187a,2026-08-20T11:15:00Z,2026-08-20T13:15:00+0200,794.06,MW,DK2,DK_2,actual_solar_generation,Solar,2026-08-26T10:27:13Z
2026-08-26T10:01:57Z,2026-08-26T12:01:57+0200,de5651f7-a4c0-4808-ad66-e3bdff44187a,2026-08-20T11:30:00Z,2026-08-20T13:30:00+0200,764.291,MW,DK2,DK_2,actual_solar_generation,Solar,2026-08-26T10:27:13Z
2026-08-26T10:01:57Z,2026-08-26T12:01:57+0200,de5651f7-a4c0-4808-ad66-e3bdff44187a,2026-08-20T11:45:00Z,2026-08-20T13:45:00+0200,685.824,MW,DK2,DK_2,actual_solar_generation,Solar,2026-08-26T10:27:13Z
2026-08-26T10:01:57Z,2026-08-26T12:01:57+0200,de5651f7-a4c0-4808-ad66-e3bdff44187a,2026-08-20T12:00:00Z,2026-08-20T14:00:00+0200,615.4,MW,DK2,DK_2,actual_solar_generation,Solar,2026-08-26T10:27:13Z
2026-08-26T10:01:57Z,2026-08-26T12:01:57+0200,de5651f7-a4c0-4808-ad66-e3bdff44187a,2026-08-20T12:15:00Z,2026-08-20T14:15:00+0200,602.449,MW,DK2,DK_2,actual_solar_generation,Solar,2026-08-26T10:27:13Z
2026-08-26T10:01:57Z,2026-08-26T12:01:57+0200,de5651f7-a4c0-4808-ad66-e3bdff44187a,2026-08-20T12:30:00Z,2026-08-20T14:30:00+0200,576.811,MW,DK2,DK_2,actual_solar_generation,Solar,2026-08-26T10:27:13Z
2026-08-26T10:01:57Z,2026-08-26T12:01:57+0200,de5651f7-a4c0-4808-ad66-e3bdff44187a,2026-08-20T12:45:00Z,2026-08-20T14:45:00+0200,662.285,MW,DK2,DK_2,actual_solar_generation,Solar,2026-08-26T10:27:13Z
2026-08-26T10:01:57Z,2026-08-26T12:01:57+0200,de5651f7-a4c0-4808-ad66-e3bdff44187a,2026-08-20T13:00:00Z,2026-08-20T15:00:00+0200,583.012,MW,DK2,DK_2,actual_solar_generation,Solar,2026-08-26T10:27:13Z
2026-08-26T10:01:57Z,2026-08-26T12:01:57+0200,de5651f7-a4c0-4808-ad66-e3bdff44187a,2026-08-20T13:15:00Z,2026-08-20T15:15:00+0200,598.575,MW,DK2,DK_2,actual_solar_generation,Solar,2026-08-26T10:27:13Z
2026-08-26T10:01:57Z,2026-08-26T12:01:57+0200,de5651f7-a4c0-4808-ad66-e3bdff44187a,2026-08-20T13:30:00Z,2026-08-20T15:30:00+0200,638.052,MW,DK2,DK_2,actual_solar_generation,Solar,2026-08-26T10:27:13Z
2026-08-26T10:01:57Z,2026-08-26T12:01:57+0200,de5651f7-a4c0-4808-ad66-e3bdff44187a,2026-08-20T13:45:00Z,2026-08-20T15:45:00+0200,628.908,MW,DK2,DK_2,actual_solar_generation,Solar,2026-08-26T10:27:13Z
2026-08-26T10:01:57Z,2026-08-26T12:01:57+0200,de5651f7-a4c0-4808-ad66-e3bdff44187a,2026-08-20T14:00:00Z,2026-08-20T16:00:00+0200,460.52,MW,DK2,DK_2,actual_solar_generation,Solar,2026-08-26T10:27:13Z
2026-08-26T10:01:57Z,2026-08-26T12:01:57+0200,de5651f7-a4c0-4808-ad66-e3bdff44187a,2026-08-20T14:15:00Z,2026-08-20T16:15:00+0200,371.981,MW,DK2,DK_2,actual_solar_generation,Solar,2026-08-26T10:27:13Z
2026-08-26T10:01:57Z,2026-08-26T12:01:57+0200,de5651f7-a4c0-4808-ad66-e3bdff44187a,2026-08-20T14:30:00Z,2026-08-20T16:30:00+0200,452.454,MW,DK2,DK_2,actual_solar_generation,Solar,2026-08-26T10:27:13Z
2026-08-26T10:01:57Z,2026-08-26T12:01:57+0200,de5651f7-a4c0-4808-ad66-e3bdff44187a,2026-08-20T14:45:00Z,2026-08-20T16:45:00+0200,411.619,MW,DK2,DK_2,actual_solar_generation,Solar,2026-08-26T10:27:13Z
2026-08-26T10:01:57Z,2026-08-26T12:01:57+0200,de5651f7-a4c0-4808-ad66-e3bdff44187a,2026-08-20T15:00:00Z,2026-08-20T17:00:00+0200,266.751,MW,DK2,DK_2,actual_solar_generation,Solar,2026-08-26T10:27:13Z
2026-08-26T10:01:57Z,2026-08-26T12:01:57+0200,de5651f7-a4c0-4808-ad66-e3bdff44187a,2026-08-20T15:15:00Z,2026-08-20T17:15:00+0200,240.204,MW,DK2,DK_2,actual_solar_generation,Solar,2026-08-26T10:27:13Z
2026-08-26T10:01:57Z,2026-08-26T12:01:57+0200,de5651f7-a4c0-4808-ad66-e3bdff44187a,2026-08-20T15:30:00Z,2026-08-20T17:30:00+0200,253.935,MW,DK2,DK_2,actual_solar_generation,Solar,2026-08-26T10:27:13Z
2026-08-26T10:01:57Z,2026-08-26T12:01:57+0200,de5651f7-a4c0-4808-ad66-e3bdff44187a,2026-08-20T15:45:00Z,2026-08-20T17:45:00+0200,228.899,MW,DK2,DK_2,actual_solar_generation,Solar,2026-08-26T10:27:13Z
2026-08-26T10:01:57Z,2026-08-26T12:01:57+0200,de5651f7-a4c0-4808-ad66-e3bdff44187a,2026-08-20T16:00:00Z,2026-08-20T18:00:00+0200,164.28,MW,DK2,DK_2,actual_solar_generation,Solar,2026-08-26T10:27:13Z
2026-08-26T10:01:57Z,2026-08-26T12:01:57+0200,de5651f7-a4c0-4808-ad66-e3bdff44187a,2026-08-20T16:15:00Z,2026-08-20T18:15:00+0200,157.968,MW,DK2,DK_2,actual_solar_generation,Solar,2026-08-26T10:27:13Z
2026-08-26T10:01:57Z,2026-08-26T12:01:57+0200,de5651f7-a4c0-4808-ad66-e3bdff44187a,2026-08-20T16:30:00Z,2026-08-20T18:30:00+0200,112.827,MW,DK2,DK_2,actual_solar_generation,Solar,2026-08-26T10:27:13Z
2026-08-26T10:01:57Z,2026-08-26T12:01:57+0200,de5651f7-a4c0-4808-ad66-e3bdff44187a,2026-08-20T16:45:00Z,2026-08-20T18:45:00+0200,84.5134,MW,DK2,DK_2,actual_solar_generation,Solar,2026-08-26T10:27:13Z
2026-08-26T10:01:57Z,2026-08-26T12:01:57+0200,de5651f7-a4c0-4808-ad66-e3bdff44187a,2026-08-20T17:00:00Z,2026-08-20T19:00:00+0200,70.6801,MW,DK2,DK_2,actual_solar_generation,Solar,2026-08-26T10:27:13Z
2026-08-26T10:01:57Z,2026-08-26T12:01:57+0200,de5651f7-a4c0-4808-ad66-e3bdff44187a,2026-08-20T17:15:00Z,2026-08-20T19:15:00+0200,57.3738,MW,DK2,DK_2,actual_solar_generation,Solar,2026-08-26T10:27:13Z
2026-08-26T10:01:57Z,2026-08-26T12:01:57+0200,de5651f7-a4c0-4808-ad66-e3bdff44187a,2026-08-20T17:30:00Z,2026-08-20T19:30:00+0200,49.8141,MW,DK2,DK_2,actual_solar_generation,Solar,2026-08-26T10:27:13Z
2026-08-26T10:01:57Z,2026-08-26T12:01:57+0200,de5651f7-a4c0-4808-ad66-e3bdff44187a,2026-08-20T17:45:00Z,2026-08-20T19:45:00+0200,30.2492,MW,DK2,DK_2,actual_solar_generation,Solar,2026-08-26T10:27:13Z
2026-08-26T10:01:57Z,2026-08-26T12:01:57+0200,de5651f7-a4c0-4808-ad66-e3bdff44187a,2026-08-20T18:00:00Z,2026-08-20T20:00:00+0200,19.3931,MW,DK2,DK_2,actual_solar_generation,Solar,2026-08-26T10:27:13Z
2026-08-26T10:01:57Z,2026-08-26T12:01:57+0200,de5651f7-a4c0-4808-ad66-e3bdff44187a,2026-08-20T18:15:00Z,2026-08-20T20:15:00+0200,12.3363,MW,DK2,DK_2,actual_solar_generation,Solar,2026-08-26T10:27:13Z
2026-08-26T10:01:57Z,2026-08-26T12:01:57+0200,de5651f7-a4c0-4808-ad66-e3bdff44187a,2026-08-20T18:30:00Z,2026-08-20T20:30:00+0200,9.53846,MW,DK2,DK_2,actual_solar_generation,Solar,2026-08-26T10:27:13Z
2026-08-26T10:01:57Z,2026-08-26T12:01:57+0200,de5651f7-a4c0-4808-ad66-e3bdff44187a,2026-08-20T18:45:00Z,2026-08-20T20:45:00+0200,9.28164,MW,DK2,DK_2,actual_solar_generation,Solar,2026-08-26T10:27:13Z
2026-08-26T10:01:57Z,2026-08-26T12:01:57+0200,de5651f7-a4c0-4808-ad66-e3bdff44187a,2026-08-20T19:00:00Z,2026-08-20T21:00:00+0200,6.17223,MW,DK2,DK_2,actual_solar_generation,Solar,2026-08-26T10:27:13Z
2026-08-26T10:01:57Z,2026-08-26T12:01:57+0200,de5651f7-a4c0-4808-ad66-e3bdff44187a,2026-08-20T19:15:00Z,2026-08-20T21:15:00+0200,0.0,MW,DK2,DK_2,actual_solar_generation,Solar,2026-08-26T10:27:13Z
2026-08-26T10:01:57Z,2026-08-26T12:01:57+0200,de5651f7-a4c0-4808-ad66-e3bdff44187a,2026-08-20T19:30:00Z,2026-08-20T21:30:00+0200,0.0,MW,DK2,DK_2,actual_solar_generation,Solar,2026-08-26T10:27:13Z
2026-08-26T10:01:57Z,2026-08-26T12:01:57+0200,de5651f7-a4c0-4808-ad66-e3bdff44187a,2026-08-20T19:45:00Z,2026-08-20T21:45:00+0200,0.0,MW,DK2,DK_2,actual_solar_generation,Solar,2026-08-26T10:27:13Z
2026-08-26T10:01:57Z,2026-08-26T12:01:57+0200,de5651f7-a4c0-4808-ad66-e3bdff44187a,2026-08-20T20:00:00Z,2026-08-20T22:00:00+0200,0.0,MW,DK2,DK_2,actual_solar_generation,Solar,2026-08-26T10:27:13Z
2026-08-26T10:01:57Z,2026-08-26T12:01:57+0200,de5651f7-a4c0-4808-ad66-e3bdff44187a,2026-08-20T20:15:00Z,2026-08-20T22:15:00+0200,0.0,MW,DK2,DK_2,actual_solar_generation,Solar,2026-08-26T10:27:13Z
2026-08-26T10:01:57Z,2026-08-26T12:01:57+0200,de5651f7-a4c0-4808-ad66-e3bdff44187a,2026-08-20T20:30:00Z,2026-08-20T22:30:00+0200,0.0,MW,DK2,DK_2,actual_solar_generation,Solar,2026-08-26T10:27:13Z
2026-08-26T10:01:57Z,2026-08-26T12:01:57+0200,de5651f7-a4c0-4808-ad66-e3bdff44187a,2026-08-20T20:45:00Z,2026-08-20T22:45:00+0200,0.0,MW,DK2,DK_2,actual_solar_generation,Solar,2026-08-26T10:27:13Z
2026-08-26T10:01:57Z,2026-08-26T12:01:57+0200,de5651f7-a4c0-4808-ad66-e3bdff44187a,2026-08-20T21:00:00Z,2026-08-20T23:00:00+0200,0.0,MW,DK2,DK_2,actual_solar_generation,Solar,2026-08-26T10:27:13Z
2026-08-26T10:01:57Z,2026-08-26T12:01:57+0200,de5651f7-a4c0-4808-ad66-e3bdff44187a,2026-08-20T21:15:00Z,2026-08-20T23:15:00+0200,0.0,MW,DK2,DK_2,actual_solar_generation,Solar,2026-08-26T10:27:13Z
2026-08-26T10:01:57Z,2026-08-26T12:01:57+0200,de5651f7-a4c0-4808-ad66-e3bdff44187a,2026-08-20T21:30:00Z,2026-08-20T23:30:00+0200,0.0,MW,DK2,DK_2,actual_solar_generation,Solar,2026-08-26T10:27:13Z
2026-08-26T10:01:57Z,2026-08-26T12:01:57+0200,de5651f7-a4c0-4808-ad66-e3bdff44187a,2026-08-20T21:45:00Z,2026-08-20T23:45:00+0200,0.0,MW,DK2,DK_2,actual_solar_generation,Solar,2026-08-26T10:27:13Z
2026-08-26T10:01:57Z,2026-08-26T12:01:57+0200,de5651f7-a4c0-4808-ad66-e3bdff44187a,2026-08-20T22:00:00Z,2026-08-21T00:00:00+0200,0.0,MW,DK2,DK_2,actual_solar_generation,Solar,2026-08-26T10:27:13Z
2026-08-26T10:01:57Z,2026-08-26T12:01:57+0200,de5651f7-a4c0-4808-ad66-e3bdff44187a,2026-08-20T22:15:00Z,2026-08-21T00:15:00+0200,0.0,MW,DK2,DK_2,actual_solar_generation,Solar,2026-08-26T10:27:13Z
2026-08-26T10:01:57Z,2026-08-26T12:01:57+0200,de5651f7-a4c0-4808-ad66-e3bdff44187a,2026-08-20T22:30:00Z,2026-08-21T00:30:00+0200,0.0,MW,DK2,DK_2,actual_solar_generation,Solar,2026-08-26T10:27:13Z
2026-08-26T10:01:57Z,2026-08-26T12:01:57+0200,de5651f7-a4c0-4808-ad66-e3bdff44187a,2026-08-20T22:45:00Z,2026-08-21T00:45:00+0200,0.0,MW,DK2,DK_2,actual_solar_generation,Solar,2026-08-26T10:27:13Z
2026-08-26T10:01:57Z,2026-08-26T12:01:57+0200,de5651f7-a4c0-4808-ad66-e3bdff44187a,2026-08-20T23:00:00Z,2026-08-21T01:00:00+0200,0.0,MW,DK2,DK_2,actual_solar_generation,Solar,2026-08-26T10:27:13Z
2026-08-26T10:01:57Z,2026-08-26T12:01:57+0200,de5651f7-a4c0-4808-ad66-e3bdff44187a,2026-08-20T23:15:00Z,2026-08-21T01:15:00+0200,0.0,MW,DK2,DK_2,actual_solar_generation,Solar,2026-08-26T10:27:13Z
2026-08-26T10:01:57Z,2026-08-26T12:01:57+0200,de5651f7-a4c0-4808-ad66-e3bdff44187a,2026-08-20T23:30:00Z,2026-08-21T01:30:00+0200,0.0,MW,DK2,DK_2,actual_solar_generation,Solar,2026-08-26T10:27:13Z
2026-08-26T10:01:57Z,2026-08-26T12:01:57+0200,de5651f7-a4c0-4808-ad66-e3bdff44187a,2026-08-20T23:45:00Z,2026-08-21T01:45:00+0200,0.0,MW,DK2,DK_2,actual_solar_generation,Solar,2026-08-26T10:27:13Z
2026-08-26T10:01:57Z,2026-08-26T12:01:57+0200,de5651f7-a4c0-4808-ad66-e3bdff44187a,2026-08-21T00:00:00Z,2026-08-21T02:00:00+0200,0.0,MW,DK2,DK_2,actual_solar_generation,Solar,2026-08-26T10:27:13Z
2026-08-26T10:01:57Z,2026-08-26T12:01:57+0200,de5651f7-a4c0-4808-ad66-e3bdff44187a,2026-08-21T00:15:00Z,2026-08-21T02:15:00+0200,0.0,MW,DK2,DK_2,actual_solar_generation,Solar,2026-08-26T10:27:13Z
2026-08-26T10:01:57Z,2026-08-26T12:01:57+0200,de5651f7-a4c0-4808-ad66-e3bdff44187a,2026-08-21T00:30:00Z,2026-08-21T02:30:00+0200,0.0,MW,DK2,DK_2,actual_solar_generation,Solar,2026-08-26T10:27:13Z
2026-08-26T10:01:57Z,2026-08-26T12:01:57+0200,de5651f7-a4c0-4808-ad66-e3bdff44187a,2026-08-21T00:45:00Z,2026-08-21T02:45:00+0200,0.0,MW,DK2,DK_2,actual_solar_generation,Solar,2026-08-26T10:27:13Z
2026-08-26T10:01:57Z,2026-08-26T12:01:57+0200,de5651f7-a4c0-4808-ad66-e3bdff44187a,2026-08-21T01:00:00Z,2026-08-21T03:00:00+0200,0.0,MW,DK2,DK_2,actual_solar_generation,Solar,2026-08-26T10:27:13Z
2026-08-26T10:01:57Z,2026-08-26T12:01:57+0200,de5651f7-a4c0-4808-ad66-e3bdff44187a,2026-08-21T01:15:00Z,2026-08-21T03:15:00+0200,0.0,MW,DK2,DK_2,actual_solar_generation,Solar,2026-08-26T10:27:13Z
2026-08-26T10:01:57Z,2026-08-26T12:01:57+0200,de5651f7-a4c0-4808-ad66-e3bdff44187a,2026-08-21T01:30:00Z,2026-08-21T03:30:00+0200,0.0,MW,DK2,DK_2,actual_solar_generation,Solar,2026-08-26T10:27:13Z
2026-08-26T10:01:57Z,2026-08-26T12:01:57+0200,de5651f7-a4c0-4808-ad66-e3bdff44187a,2026-08-21T01:45:00Z,2026-08-21T03:45:00+0200,0.0,MW,DK2,DK_2,actual_solar_generation,Solar,2026-08-26T10:27:13Z
2026-08-26T10:01:57Z,2026-08-26T12:01:57+0200,de5651f7-a4c0-4808-ad66-e3bdff44187a,2026-08-21T02:00:00Z,2026-08-21T04:00:00+0200,0.0,MW,DK2,DK_2,actual_solar_generation,Solar,2026-08-26T10:27:13Z
2026-08-26T10:01:57Z,2026-08-26T12:01:57+0200,de5651f7-a4c0-4808-ad66-e3bdff44187a,2026-08-21T02:15:00Z,2026-08-21T04:15:00+0200,0.0,MW,DK2,DK_2,actual_solar_generation,Solar,2026-08-26T10:27:13Z
2026-08-26T10:01:57Z,2026-08-26T12:01:57+0200,de5651f7-a4c0-4808-ad66-e3bdff44187a,2026-08-21T02:30:00Z,2026-08-21T04:30:00+0200,0.0,MW,DK2,DK_2,actual_solar_generation,Solar,2026-08-26T10:27:13Z
2026-08-26T10:01:57Z,2026-08-26T12:01:57+0200,de5651f7-a4c0-4808-ad66-e3bdff44187a,2026-08-21T02:45:00Z,2026-08-21T04:45:00+0200,0.0,MW,DK2,DK_2,actual_solar_generation,Solar,2026-08-26T10:27:13Z
2026-08-26T10:01:57Z,2026-08-26T12:01:57+0200,de5651f7-a4c0-4808-ad66-e3bdff44187a,2026-08-21T03:00:00Z,2026-08-21T05:00:00+0200,0.0,MW,DK2,DK_2,actual_solar_generation,Solar,2026-08-26T10:27:13Z
2026-08-26T10:01:57Z,2026-08-26T12:01:57+0200,de5651f7-a4c0-4808-ad66-e3bdff44187a,2026-08-21T03:15:00Z,2026-08-21T05:15:00+0200,0.0,MW,DK2,DK_2,actual_solar_generation,Solar,2026-08-26T10:27:13Z
2026-08-26T10:01:57Z,2026-08-26T12:01:57+0200,de5651f7-a4c0-4808-ad66-e3bdff44187a,2026-08-21T03:30:00Z,2026-08-21T05:30:00+0200,0.0,MW,DK2,DK_2,actual_solar_generation,Solar,2026-08-26T10:27:13Z
2026-08-26T10:01:57Z,2026-08-26T12:01:57+0200,de5651f7-a4c0-4808-ad66-e3bdff44187a,2026-08-21T03:45:00Z,2026-08-21T05:45:00+0200,0.17757,MW,DK2,DK_2,actual_solar_generation,Solar,2026-08-26T10:27:13Z
2026-08-26T10:01:57Z,2026-08-26T12:01:57+0200,de5651f7-a4c0-4808-ad66-e3bdff44187a,2026-08-21T04:00:00Z,2026-08-21T06:00:00+0200,2.39101,MW,DK2,DK_2,actual_solar_generation,Solar,2026-08-26T10:27:13Z
2026-08-26T10:01:57Z,2026-08-26T12:01:57+0200,de5651f7-a4c0-4808-ad66-e3bdff44187a,2026-08-21T04:15:00Z,2026-08-21T06:15:00+0200,14.4396,MW,DK2,DK_2,actual_solar_generation,Solar,2026-08-26T10:27:13Z
2026-08-26T10:01:57Z,2026-08-26T12:01:57+0200,de5651f7-a4c0-4808-ad66-e3bdff44187a,2026-08-21T04:30:00Z,2026-08-21T06:30:00+0200,31.0072,MW,DK2,DK_2,actual_solar_generation,Solar,2026-08-26T10:27:13Z
2026-08-26T10:01:57Z,2026-08-26T12:01:57+0200,de5651f7-a4c0-4808-ad66-e3bdff44187a,2026-08-21T04:45:00Z,2026-08-21T06:45:00+0200,49.3321,MW,DK2,DK_2,actual_solar_generation,Solar,2026-08-26T10:27:13Z
2026-08-26T10:01:57Z,2026-08-26T12:01:57+0200,de5651f7-a4c0-4808-ad66-e3bdff44187a,2026-08-21T05:00:00Z,2026-08-21T07:00:00+0200,61.3738,MW,DK2,DK_2,actual_solar_generation,Solar,2026-08-26T10:27:13Z
2026-08-26T10:01:57Z,2026-08-26T12:01:57+0200,de5651f7-a4c0-4808-ad66-e3bdff44187a,2026-08-21T05:15:00Z,2026-08-21T07:15:00+0200,89.2636,MW,DK2,DK_2,actual_solar_generation,Solar,2026-08-26T10:27:13Z
2026-08-26T10:01:57Z,2026-08-26T12:01:57+0200,de5651f7-a4c0-4808-ad66-e3bdff44187a,2026-08-21T05:30:00Z,2026-08-21T07:30:00+0200,120.598,MW,DK2,DK_2,actual_solar_generation,Solar,2026-08-26T10:27:13Z
2026-08-26T10:01:57Z,2026-08-26T12:01:57+0200,de5651f7-a4c0-4808-ad66-e3bdff44187a,2026-08-21T05:45:00Z,2026-08-21T07:45:00+0200,162.923,MW,DK2,DK_2,actual_solar_generation,Solar,2026-08-26T10:27:13Z
2026-08-26T10:01:57Z,2026-08-26T12:01:57+0200,de5651f7-a4c0-4808-ad66-e3bdff44187a,2026-08-21T06:00:00Z,2026-08-21T08:00:00+0200,190.426,MW,DK2,DK_2,actual_solar_generation,Solar,2026-08-26T10:27:13Z
2026-08-26T10:01:57Z,2026-08-26T12:01:57+0200,de5651f7-a4c0-4808-ad66-e3bdff44187a,2026-08-21T06:15:00Z,2026-08-21T08:15:00+0200,234.942,MW,DK2,DK_2,actual_solar_generation,Solar,2026-08-26T10:27:13Z
2026-08-26T10:01:57Z,2026-08-26T12:01:57+0200,de5651f7-a4c0-4808-ad66-e3bdff44187a,2026-08-21T06:30:00Z,2026-08-21T08:30:00+0200,335.361,MW,DK2,DK_2,actual_solar_generation,Solar,2026-08-26T10:27:13Z
2026-08-26T10:01:57Z,2026-08-26T12:01:57+0200,de5651f7-a4c0-4808-ad66-e3bdff44187a,2026-08-21T06:45:00Z,2026-08-21T08:45:00+0200,403.214,MW,DK2,DK_2,actual_solar_generation,Solar,2026-08-26T10:27:13Z
2026-08-26T10:01:57Z,2026-08-26T12:01:57+0200,de5651f7-a4c0-4808-ad66-e3bdff44187a,2026-08-21T07:00:00Z,2026-08-21T09:00:00+0200,438.605,MW,DK2,DK_2,actual_solar_generation,Solar,2026-08-26T10:27:13Z
2026-08-26T10:01:57Z,2026-08-26T12:01:57+0200,de5651f7-a4c0-4808-ad66-e3bdff44187a,2026-08-21T07:15:00Z,2026-08-21T09:15:00+0200,540.463,MW,DK2,DK_2,actual_solar_generation,Solar,2026-08-26T10:27:13Z
2026-08-26T10:01:57Z,2026-08-26T12:01:57+0200,de5651f7-a4c0-4808-ad66-e3bdff44187a,2026-08-21T07:30:00Z,2026-08-21T09:30:00+0200,516.075,MW,DK2,DK_2,actual_solar_generation,Solar,2026-08-26T10:27:13Z
2026-08-26T10:01:57Z,2026-08-26T12:01:57+0200,de5651f7-a4c0-4808-ad66-e3bdff44187a,2026-08-21T07:45:00Z,2026-08-21T09:45:00+0200,491.486,MW,DK2,DK_2,actual_solar_generation,Solar,2026-08-26T10:27:13Z
2026-08-26T10:01:57Z,2026-08-26T12:01:57+0200,de5651f7-a4c0-4808-ad66-e3bdff44187a,2026-08-21T08:00:00Z,2026-08-21T10:00:00+0200,622.432,MW,DK2,DK_2,actual_solar_generation,Solar,2026-08-26T10:27:13Z
2026-08-26T10:01:57Z,2026-08-26T12:01:57+0200,de5651f7-a4c0-4808-ad66-e3bdff44187a,2026-08-21T08:15:00Z,2026-08-21T10:15:00+0200,563.219,MW,DK2,DK_2,actual_solar_generation,Solar,2026-08-26T10:27:13Z
2026-08-26T10:01:57Z,2026-08-26T12:01:57+0200,de5651f7-a4c0-4808-ad66-e3bdff44187a,2026-08-21T08:30:00Z,2026-08-21T10:30:00+0200,689.19,MW,DK2,DK_2,actual_solar_generation,Solar,2026-08-26T10:27:13Z
2026-08-26T10:01:57Z,2026-08-26T12:01:57+0200,de5651f7-a4c0-4808-ad66-e3bdff44187a,2026-08-21T08:45:00Z,2026-08-21T10:45:00+0200,716.049,MW,DK2,DK_2,actual_solar_generation,Solar,2026-08-26T10:27:13Z
2026-08-26T10:01:57Z,2026-08-26T12:01:57+0200,de5651f7-a4c0-4808-ad66-e3bdff44187a,2026-08-21T09:00:00Z,2026-08-21T11:00:00+0200,725.123,MW,DK2,DK_2,actual_solar_generation,Solar,2026-08-26T10:27:13Z
2026-08-26T10:01:57Z,2026-08-26T12:01:57+0200,de5651f7-a4c0-4808-ad66-e3bdff44187a,2026-08-21T09:15:00Z,2026-08-21T11:15:00+0200,828.417,MW,DK2,DK_2,actual_solar_generation,Solar,2026-08-26T10:27:13Z
2026-08-26T10:01:57Z,2026-08-26T12:01:57+0200,de5651f7-a4c0-4808-ad66-e3bdff44187a,2026-08-21T09:30:00Z,2026-08-21T11:30:00+0200,828.582,MW,DK2,DK_2,actual_solar_generation,Solar,2026-08-26T10:27:13Z
2026-08-26T10:01:57Z,2026-08-26T12:01:57+0200,de5651f7-a4c0-4808-ad66-e3bdff44187a,2026-08-21T09:45:00Z,2026-08-21T11:45:00+0200,865.329,MW,DK2,DK_2,actual_solar_generation,Solar,2026-08-26T10:27:13Z
2026-08-26T10:01:57Z,2026-08-26T12:01:57+0200,de5651f7-a4c0-4808-ad66-e3bdff44187a,2026-08-21T10:00:00Z,2026-08-21T12:00:00+0200,888.86,MW,DK2,DK_2,actual_solar_generation,Solar,2026-08-26T10:27:13Z
2026-08-26T10:01:57Z,2026-08-26T12:01:57+0200,de5651f7-a4c0-4808-ad66-e3bdff44187a,2026-08-21T10:15:00Z,2026-08-21T12:15:00+0200,852.65,MW,DK2,DK_2,actual_solar_generation,Solar,2026-08-26T10:27:13Z
2026-08-26T10:01:57Z,2026-08-26T12:01:57+0200,de5651f7-a4c0-4808-ad66-e3bdff44187a,2026-08-21T10:30:00Z,2026-08-21T12:30:00+0200,848.814,MW,DK2,DK_2,actual_solar_generation,Solar,2026-08-26T10:27:13Z
2026-08-26T10:01:57Z,2026-08-26T12:01:57+0200,de5651f7-a4c0-4808-ad66-e3bdff44187a,2026-08-21T10:45:00Z,2026-08-21T12:45:00+0200,794.315,MW,DK2,DK_2,actual_solar_generation,Solar,2026-08-26T10:27:13Z
2026-08-26T10:01:57Z,2026-08-26T12:01:57+0200,de5651f7-a4c0-4808-ad66-e3bdff44187a,2026-08-21T11:00:00Z,2026-08-21T13:00:00+0200,778.598,MW,DK2,DK_2,actual_solar_generation,Solar,2026-08-26T10:27:13Z
2026-08-26T10:01:57Z,2026-08-26T12:01:57+0200,de5651f7-a4c0-4808-ad66-e3bdff44187a,2026-08-21T11:15:00Z,2026-08-21T13:15:00+0200,728.234,MW,DK2,DK_2,actual_solar_generation,Solar,2026-08-26T10:27:13Z
2026-08-26T10:01:57Z,2026-08-26T12:01:57+0200,de5651f7-a4c0-4808-ad66-e3bdff44187a,2026-08-21T11:30:00Z,2026-08-21T13:30:00+0200,731.086,MW,DK2,DK_2,actual_solar_generation,Solar,2026-08-26T10:27:13Z
2026-08-26T10:01:57Z,2026-08-26T12:01:57+0200,de5651f7-a4c0-4808-ad66-e3bdff44187a,2026-08-21T11:45:00Z,2026-08-21T13:45:00+0200,646.425,MW,DK2,DK_2,actual_solar_generation,Solar,2026-08-26T10:27:13Z
2026-08-26T10:01:57Z,2026-08-26T12:01:57+0200,de5651f7-a4c0-4808-ad66-e3bdff44187a,2026-08-21T12:00:00Z,2026-08-21T14:00:00+0200,680.669,MW,DK2,DK_2,actual_solar_generation,Solar,2026-08-26T10:27:13Z
2026-08-26T10:01:57Z,2026-08-26T12:01:57+0200,de5651f7-a4c0-4808-ad66-e3bdff44187a,2026-08-21T12:15:00Z,2026-08-21T14:15:00+0200,566.77,MW,DK2,DK_2,actual_solar_generation,Solar,2026-08-26T10:27:13Z
2026-08-26T10:01:57Z,2026-08-26T12:01:57+0200,de5651f7-a4c0-4808-ad66-e3bdff44187a,2026-08-21T12:30:00Z,2026-08-21T14:30:00+0200,511.013,MW,DK2,DK_2,actual_solar_generation,Solar,2026-08-26T10:27:13Z
2026-08-26T10:01:57Z,2026-08-26T12:01:57+0200,de5651f7-a4c0-4808-ad66-e3bdff44187a,2026-08-21T12:45:00Z,2026-08-21T14:45:00+0200,589.504,MW,DK2,DK_2,actual_solar_generation,Solar,2026-08-26T10:27:13Z
2026-08-26T10:01:57Z,2026-08-26T12:01:57+0200,de5651f7-a4c0-4808-ad66-e3bdff44187a,2026-08-21T13:00:00Z,2026-08-21T15:00:00+0200,619.168,MW,DK2,DK_2,actual_solar_generation,Solar,2026-08-26T10:27:13Z
2026-08-26T10:01:57Z,2026-08-26T12:01:57+0200,de5651f7-a4c0-4808-ad66-e3bdff44187a,2026-08-21T13:15:00Z,2026-08-21T15:15:00+0200,651.947,MW,DK2,DK_2,actual_solar_generation,Solar,2026-08-26T10:27:13Z
2026-08-26T10:01:57Z,2026-08-26T12:01:57+0200,de5651f7-a4c0-4808-ad66-e3bdff44187a,2026-08-21T13:30:00Z,2026-08-21T15:30:00+0200,560.868,MW,DK2,DK_2,actual_solar_generation,Solar,2026-08-26T10:27:13Z
2026-08-26T10:01:57Z,2026-08-26T12:01:57+0200,de5651f7-a4c0-4808-ad66-e3bdff44187a,2026-08-21T13:45:00Z,2026-08-21T15:45:00+0200,584.125,MW,DK2,DK_2,actual_solar_generation,Solar,2026-08-26T10:27:13Z
2026-08-26T10:01:57Z,2026-08-26T12:01:57+0200,de5651f7-a4c0-4808-ad66-e3bdff44187a,2026-08-21T14:00:00Z,2026-08-21T16:00:00+0200,506.056,MW,DK2,DK_2,actual_solar_generation,Solar,2026-08-26T10:27:13Z
2026-08-26T10:01:57Z,2026-08-26T12:01:57+0200,de5651f7-a4c0-4808-ad66-e3bdff44187a,2026-08-21T14:15:00Z,2026-08-21T16:15:00+0200,494.183,MW,DK2,DK_2,actual_solar_generation,Solar,2026-08-26T10:27:13Z
2026-08-26T10:01:57Z,2026-08-26T12:01:57+0200,de5651f7-a4c0-4808-ad66-e3bdff44187a,2026-08-21T14:30:00Z,2026-08-21T16:30:00+0200,477.426,MW,DK2,DK_2,actual_solar_generation,Solar,2026-08-26T10:27:13Z
2026-08-26T10:01:57Z,2026-08-26T12:01:57+0200,de5651f7-a4c0-4808-ad66-e3bdff44187a,2026-08-21T14:45:00Z,2026-08-21T16:45:00+0200,477.699,MW,DK2,DK_2,actual_solar_generation,Solar,2026-08-26T10:27:13Z
2026-08-26T10:01:57Z,2026-08-26T12:01:57+0200,de5651f7-a4c0-4808-ad66-e3bdff44187a,2026-08-21T15:00:00Z,2026-08-21T17:00:00+0200,397.424,MW,DK2,DK_2,actual_solar_generation,Solar,2026-08-26T10:27:13Z
2026-08-26T10:01:57Z,2026-08-26T12:01:57+0200,de5651f7-a4c0-4808-ad66-e3bdff44187a,2026-08-21T15:15:00Z,2026-08-21T17:15:00+0200,354.086,MW,DK2,DK_2,actual_solar_generation,Solar,2026-08-26T10:27:13Z
2026-08-26T10:01:57Z,2026-08-26T12:01:57+0200,de5651f7-a4c0-4808-ad66-e3bdff44187a,2026-08-21T15:30:00Z,2026-08-21T17:30:00+0200,412.803,MW,DK2,DK_2,actual_solar_generation,Solar,2026-08-26T10:27:13Z
2026-08-26T10:01:57Z,2026-08-26T12:01:57+0200,de5651f7-a4c0-4808-ad66-e3bdff44187a,2026-08-21T15:45:00Z,2026-08-21T17:45:00+0200,341.643,MW,DK2,DK_2,actual_solar_generation,Solar,2026-08-26T10:27:13Z
2026-08-26T10:01:57Z,2026-08-26T12:01:57+0200,de5651f7-a4c0-4808-ad66-e3bdff44187a,2026-08-21T16:00:00Z,2026-08-21T18:00:00+0200,270.942,MW,DK2,DK_2,actual_solar_generation,Solar,2026-08-26T10:27:13Z
2026-08-26T10:01:57Z,2026-08-26T12:01:57+0200,de5651f7-a4c0-4808-ad66-e3bdff44187a,2026-08-21T16:15:00Z,2026-08-21T18:15:00+0200,229.779,MW,DK2,DK_2,actual_solar_generation,Solar,2026-08-26T10:27:13Z
2026-08-26T10:01:57Z,2026-08-26T12:01:57+0200,de5651f7-a4c0-4808-ad66-e3bdff44187a,2026-08-21T16:30:00Z,2026-08-21T18:30:00+0200,175.1,MW,DK2,DK_2,actual_solar_generation,Solar,2026-08-26T10:27:13Z
2026-08-26T10:01:57Z,2026-08-26T12:01:57+0200,de5651f7-a4c0-4808-ad66-e3bdff44187a,2026-08-21T16:45:00Z,2026-08-21T18:45:00+0200,139.963,MW,DK2,DK_2,actual_solar_generation,Solar,2026-08-26T10:27:13Z
2026-08-26T10:01:57Z,2026-08-26T12:01:57+0200,de5651f7-a4c0-4808-ad66-e3bdff44187a,2026-08-21T17:00:00Z,2026-08-21T19:00:00+0200,118.392,MW,DK2,DK_2,actual_solar_generation,Solar,2026-08-26T10:27:13Z
2026-08-26T10:01:57Z,2026-08-26T12:01:57+0200,de5651f7-a4c0-4808-ad66-e3bdff44187a,2026-08-21T17:15:00Z,2026-08-21T19:15:00+0200,93.4927,MW,DK2,DK_2,actual_solar_generation,Solar,2026-08-26T10:27:13Z
2026-08-26T10:01:57Z,2026-08-26T12:01:57+0200,de5651f7-a4c0-4808-ad66-e3bdff44187a,2026-08-21T17:30:00Z,2026-08-21T19:30:00+0200,64.1565,MW,DK2,DK_2,actual_solar_generation,Solar,2026-08-26T10:27:13Z
2026-08-26T10:01:57Z,2026-08-26T12:01:57+0200,de5651f7-a4c0-4808-ad66-e3bdff44187a,2026-08-21T17:45:00Z,2026-08-21T19:45:00+0200,40.4578,MW,DK2,DK_2,actual_solar_generation,Solar,2026-08-26T10:27:13Z
2026-08-26T10:01:57Z,2026-08-26T12:01:57+0200,de5651f7-a4c0-4808-ad66-e3bdff44187a,2026-08-21T18:00:00Z,2026-08-21T20:00:00+0200,29.817,MW,DK2,DK_2,actual_solar_generation,Solar,2026-08-26T10:27:13Z
2026-08-26T10:01:57Z,2026-08-26T12:01:57+0200,de5651f7-a4c0-4808-ad66-e3bdff44187a,2026-08-21T18:15:00Z,2026-08-21T20:15:00+0200,16.4313,MW,DK2,DK_2,actual_solar_generation,Solar,2026-08-26T10:27:13Z
2026-08-26T10:01:57Z,2026-08-26T12:01:57+0200,de5651f7-a4c0-4808-ad66-e3bdff44187a,2026-08-21T18:30:00Z,2026-08-21T20:30:00+0200,10.721,MW,DK2,DK_2,actual_solar_generation,Solar,2026-08-26T10:27:13Z
2026-08-26T10:01:57Z,2026-08-26T12:01:57+0200,de5651f7-a4c0-4808-ad66-e3bdff44187a,2026-08-21T18:45:00Z,2026-08-21T20:45:00+0200,9.24906,MW,DK2,DK_2,actual_solar_generation,Solar,2026-08-26T10:27:13Z
2026-08-26T10:01:57Z,2026-08-26T12:01:57+0200,de5651f7-a4c0-4808-ad66-e3bdff44187a,2026-08-21T19:00:00Z,2026-08-21T21:00:00+0200,4.91436,MW,DK2,DK_2,actual_solar_generation,Solar,2026-08-26T10:27:13Z
2026-08-26T10:01:57Z,2026-08-26T12:01:57+0200,de5651f7-a4c0-4808-ad66-e3bdff44187a,2026-08-21T19:15:00Z,2026-08-21T21:15:00+0200,0.0,MW,DK2,DK_2,actual_solar_generation,Solar,2026-08-26T10:27:13Z
2026-08-26T10:01:57Z,2026-08-26T12:01:57+0200,de5651f7-a4c0-4808-ad66-e3bdff44187a,2026-08-21T19:30:00Z,2026-08-21T21:30:00+0200,0.0,MW,DK2,DK_2,actual_solar_generation,Solar,2026-08-26T10:27:13Z
2026-08-26T10:01:57Z,2026-08-26T12:01:57+0200,de5651f7-a4c0-4808-ad66-e3bdff44187a,2026-08-21T19:45:00Z,2026-08-21T21:45:00+0200,0.0,MW,DK2,DK_2,actual_solar_generation,Solar,2026-08-26T10:27:13Z
2026-08-26T10:01:57Z,2026-08-26T12:01:57+0200,de5651f7-a4c0-4808-ad66-e3bdff44187a,2026-08-21T20:00:00Z,2026-08-21T22:00:00+0200,0.0,MW,DK2,DK_2,actual_solar_generation,Solar,2026-08-26T10:27:13Z
2026-08-26T10:01:57Z,2026-08-26T12:01:57+0200,de5651f7-a4c0-4808-ad66-e3bdff44187a,2026-08-21T20:15:00Z,2026-08-21T22:15:00+0200,0.0,MW,DK2,DK_2,actual_solar_generation,Solar,2026-08-26T10:27:13Z
2026-08-26T10:01:57Z,2026-08-26T12:01:57+0200,de5651f7-a4c0-4808-ad66-e3bdff44187a,2026-08-21T20:30:00Z,2026-08-21T22:30:00+0200,0.0,MW,DK2,DK_2,actual_solar_generation,Solar,2026-08-26T10:27:13Z
2026-08-26T10:01:57Z,2026-08-26T12:01:57+0200,de5651f7-a4c0-4808-ad66-e3bdff44187a,2026-08-21T20:45:00Z,2026-08-21T22:45:00+0200,0.0,MW,DK2,DK_2,actual_solar_generation,Solar,2026-08-26T10:27:13Z
2026-08-26T10:01:57Z,2026-08-26T12:01:57+0200,de5651f7-a4c0-4808-ad66-e3bdff44187a,2026-08-21T21:00:00Z,2026-08-21T23:00:00+0200,0.0,MW,DK2,DK_2,actual_solar_generation,Solar,2026-08-26T10:27:13Z
2026-08-26T10:01:57Z,2026-08-26T12:01:57+0200,de5651f7-a4c0-4808-ad66-e3bdff44187a,2026-08-21T21:15:00Z,2026-08-21T23:15:00+0200,0.0,MW,DK2,DK_2,actual_solar_generation,Solar,2026-08-26T10:27:13Z
2026-08-26T10:01:57Z,2026-08-26T12:01:57+0200,de5651f7-a4c0-4808-ad66-e3bdff44187a,2026-08-21T21:30:00Z,2026-08-21T23:30:00+0200,0.0,MW,DK2,DK_2,actual_solar_generation,Solar,2026-08-26T10:27:13Z
2026-08-26T10:01:57Z,2026-08-26T12:01:57+0200,de5651f7-a4c0-4808-ad66-e3bdff44187a,2026-08-21T21:45:00Z,2026-08-21T23:45:00+0200,0.0,MW,DK2,DK_2,actual_solar_generation,Solar,2026-08-26T10:27:13Z
2026-08-26T10:01:57Z,2026-08-26T12:01:57+0200,de5651f7-a4c0-4808-ad66-e3bdff44187a,2026-08-21T22:00:00Z,2026-08-22T00:00:00+0200,0.0,MW,DK2,DK_2,actual_solar_generation,Solar,2026-08-26T10:27:13Z
2026-08-26T10:01:57Z,2026-08-26T12:01:57+0200,de5651f7-a4c0-4808-ad66-e3bdff44187a,2026-08-21T22:15:00Z,2026-08-22T00:15:00+0200,0.0,MW,DK2,DK_2,actual_solar_generation,Solar,2026-08-26T10:27:13Z
2026-08-26T10:01:57Z,2026-08-26T12:01:57+0200,de5651f7-a4c0-4808-ad66-e3bdff44187a,2026-08-21T22:30:00Z,2026-08-22T00:30:00+0200,0.0,MW,DK2,DK_2,actual_solar_generation,Solar,2026-08-26T10:27:13Z
2026-08-26T10:01:57Z,2026-08-26T12:01:57+0200,de5651f7-a4c0-4808-ad66-e3bdff44187a,2026-08-21T22:45:00Z,2026-08-22T00:45:00+0200,0.0,MW,DK2,DK_2,actual_solar_generation,Solar,2026-08-26T10:27:13Z
2026-08-26T10:01:57Z,2026-08-26T12:01:57+0200,de5651f7-a4c0-4808-ad66-e3bdff44187a,2026-08-21T23:00:00Z,2026-08-22T01:00:00+0200,0.0,MW,DK2,DK_2,actual_solar_generation,Solar,2026-08-26T10:27:13Z
2026-08-26T10:01:57Z,2026-08-26T12:01:57+0200,de5651f7-a4c0-4808-ad66-e3bdff44187a,2026-08-21T23:15:00Z,2026-08-22T01:15:00+0200,0.0,MW,DK2,DK_2,actual_solar_generation,Solar,2026-08-26T10:27:13Z
2026-08-26T10:01:57Z,2026-08-26T12:01:57+0200,de5651f7-a4c0-4808-ad66-e3bdff44187a,2026-08-21T23:30:00Z,2026-08-22T01:30:00+0200,0.0,MW,DK2,DK_2,actual_solar_generation,Solar,2026-08-26T10:27:13Z
2026-08-26T10:01:57Z,2026-08-26T12:01:57+0200,de5651f7-a4c0-4808-ad66-e3bdff44187a,2026-08-21T23:45:00Z,2026-08-22T01:45:00+0200,0.0,MW,DK2,DK_2,actual_solar_generation,Solar,2026-08-26T10:27:13Z
2026-08-26T10:01:57Z,2026-08-26T12:01:57+0200,de5651f7-a4c0-4808-ad66-e3bdff44187a,2026-08-22T00:00:00Z,2026-08-22T02:00:00+0200,0.0,MW,DK2,DK_2,actual_solar_generation,Solar,2026-08-26T10:27:13Z
2026-08-26T10:01:57Z,2026-08-26T12:01:57+0200,de5651f7-a4c0-4808-ad66-e3bdff44187a,2026-08-22T00:15:00Z,2026-08-22T02:15:00+0200,0.0,MW,DK2,DK_2,actual_solar_generation,Solar,2026-08-26T10:27:13Z
2026-08-26T10:01:57Z,2026-08-26T12:01:57+0200,de5651f7-a4c0-4808-ad66-e3bdff44187a,2026-08-22T00:30:00Z,2026-08-22T02:30:00+0200,0.0,MW,DK2,DK_2,actual_solar_generation,Solar,2026-08-26T10:27:13Z
2026-08-26T10:01:57Z,2026-08-26T12:01:57+0200,de5651f7-a4c0-4808-ad66-e3bdff44187a,2026-08-22T00:45:00Z,2026-08-22T02:45:00+0200,0.0,MW,DK2,DK_2,actual_solar_generation,Solar,2026-08-26T10:27:13Z
2026-08-26T10:01:57Z,2026-08-26T12:01:57+0200,de5651f7-a4c0-4808-ad66-e3bdff44187a,2026-08-22T01:00:00Z,2026-08-22T03:00:00+0200,0.0,MW,DK2,DK_2,actual_solar_generation,Solar,2026-08-26T10:27:13Z
2026-08-26T10:01:57Z,2026-08-26T12:01:57+0200,de5651f7-a4c0-4808-ad66-e3bdff44187a,2026-08-22T01:15:00Z,2026-08-22T03:15:00+0200,0.0,MW,DK2,DK_2,actual_solar_generation,Solar,2026-08-26T10:27:13Z
2026-08-26T10:01:57Z,2026-08-26T12:01:57+0200,de5651f7-a4c0-4808-ad66-e3bdff44187a,2026-08-22T01:30:00Z,2026-08-22T03:30:00+0200,0.0,MW,DK2,DK_2,actual_solar_generation,Solar,2026-08-26T10:27:13Z
2026-08-26T10:01:57Z,2026-08-26T12:01:57+0200,de5651f7-a4c0-4808-ad66-e3bdff44187a,2026-08-22T01:45:00Z,2026-08-22T03:45:00+0200,0.0,MW,DK2,DK_2,actual_solar_generation,Solar,2026-08-26T10:27:13Z
2026-08-26T10:01:57Z,2026-08-26T12:01:57+0200,de5651f7-a4c0-4808-ad66-e3bdff44187a,2026-08-22T02:00:00Z,2026-08-22T04:00:00+0200,0.0,MW,DK2,DK_2,actual_solar_generation,Solar,2026-08-26T10:27:13Z
2026-08-26T10:01:57Z,2026-08-26T12:01:57+0200,de5651f7-a4c0-4808-ad66-e3bdff44187a,2026-08-22T02:15:00Z,2026-08-22T04:15:00+0200,0.0,MW,DK2,DK_2,actual_solar_generation,Solar,2026-08-26T10:27:13Z
2026-08-26T10:01:57Z,2026-08-26T12:01:57+0200,de5651f7-a4c0-4808-ad66-e3bdff44187a,2026-08-22T02:30:00Z,2026-08-22T04:30:00+0200,0.0,MW,DK2,DK_2,actual_solar_generation,Solar,2026-08-26T10:27:13Z
2026-08-26T10:01:57Z,2026-08-26T12:01:57+0200,de5651f7-a4c0-4808-ad66-e3bdff44187a,2026-08-22T02:45:00Z,2026-08-22T04:45:00+0200,0.0,MW,DK2,DK_2,actual_solar_generation,Solar,2026-08-26T10:27:13Z
2026-08-26T10:01:57Z,2026-08-26T12:01:57+0200,de5651f7-a4c0-4808-ad66-e3bdff44187a,2026-08-22T03:00:00Z,2026-08-22T05:00:00+0200,0.0,MW,DK2,DK_2,actual_solar_generation,Solar,2026-08-26T10:27:13Z
2026-08-26T10:01:57Z,2026-08-26T12:01:57+0200,de5651f7-a4c0-4808-ad66-e3bdff44187a,2026-08-22T03:15:00Z,2026-08-22T05:15:00+0200,0.0,MW,DK2,DK_2,actual_solar_generation,Solar,2026-08-26T10:27:13Z
2026-08-26T10:01:57Z,2026-08-26T12:01:57+0200,de5651f7-a4c0-4808-ad66-e3bdff44187a,2026-08-22T03:30:00Z,2026-08-22T05:30:00+0200,0.0,MW,DK2,DK_2,actual_solar_generation,Solar,2026-08-26T10:27:13Z
2026-08-26T10:01:57Z,2026-08-26T12:01:57+0200,de5651f7-a4c0-4808-ad66-e3bdff44187a,2026-08-22T03:45:00Z,2026-08-22T05:45:00+0200,0.0,MW,DK2,DK_2,actual_solar_generation,Solar,2026-08-26T10:27:13Z
2026-08-26T10:01:57Z,2026-08-26T12:01:57+0200,de5651f7-a4c0-4808-ad66-e3bdff44187a,2026-08-22T04:00:00Z,2026-08-22T06:00:00+0200,1.43666,MW,DK2,DK_2,actual_solar_generation,Solar,2026-08-26T10:27:13Z
2026-08-26T10:01:57Z,2026-08-26T12:01:57+0200,de5651f7-a4c0-4808-ad66-e3bdff44187a,2026-08-22T04:15:00Z,2026-08-22T06:15:00+0200,9.81698,MW,DK2,DK_2,actual_solar_generation,Solar,2026-08-26T10:27:13Z
2026-08-26T10:01:57Z,2026-08-26T12:01:57+0200,de5651f7-a4c0-4808-ad66-e3bdff44187a,2026-08-22T04:30:00Z,2026-08-22T06:30:00+0200,17.6093,MW,DK2,DK_2,actual_solar_generation,Solar,2026-08-26T10:27:13Z
2026-08-26T10:01:57Z,2026-08-26T12:01:57+0200,de5651f7-a4c0-4808-ad66-e3bdff44187a,2026-08-22T04:45:00Z,2026-08-22T06:45:00+0200,31.4038,MW,DK2,DK_2,actual_solar_generation,Solar,2026-08-26T10:27:13Z
2026-08-26T10:01:57Z,2026-08-26T12:01:57+0200,de5651f7-a4c0-4808-ad66-e3bdff44187a,2026-08-22T05:00:00Z,2026-08-22T07:00:00+0200,63.5358,MW,DK2,DK_2,actual_solar_generation,Solar,2026-08-26T10:27:13Z
2026-08-26T10:01:57Z,2026-08-26T12:01:57+0200,de5651f7-a4c0-4808-ad66-e3bdff44187a,2026-08-22T05:15:00Z,2026-08-22T07:15:00+0200,117.558,MW,DK2,DK_2,actual_solar_generation,Solar,2026-08-26T10:27:13Z
2026-08-26T10:01:57Z,2026-08-26T12:01:57+0200,de5651f7-a4c0-4808-ad66-e3bdff44187a,2026-08-22T05:30:00Z,2026-08-22T07:30:00+0200,161.037,MW,DK2,DK_2,actual_solar_generation,Solar,2026-08-26T10:27:13Z
2026-08-26T10:01:57Z,2026-08-26T12:01:57+0200,de5651f7-a4c0-4808-ad66-e3bdff44187a,2026-08-22T05:45:00Z,2026-08-22T07:45:00+0200,173.151,MW,DK2,DK_2,actual_solar_generation,Solar,2026-08-26T10:27:13Z
2026-08-26T10:01:57Z,2026-08-26T12:01:57+0200,de5651f7-a4c0-4808-ad66-e3bdff44187a,2026-08-22T06:00:00Z,2026-08-22T08:00:00+0200,186.199,MW,DK2,DK_2,actual_solar_generation,Solar,2026-08-26T10:27:13Z
2026-08-26T10:01:57Z,2026-08-26T12:01:57+0200,de5651f7-a4c0-4808-ad66-e3bdff44187a,2026-08-22T06:15:00Z,2026-08-22T08:15:00+0200,182.343,MW,DK2,DK_2,actual_solar_generation,Solar,2026-08-26T10:27:13Z
2026-08-26T10:01:57Z,2026-08-26T12:01:57+0200,de5651f7-a4c0-4808-ad66-e3bdff44187a,2026-08-22T06:30:00Z,2026-08-22T08:30:00+0200,236.864,MW,DK2,DK_2,actual_solar_generation,Solar,2026-08-26T10:27:13Z
2026-08-26T10:01:57Z,2026-08-26T12:01:57+0200,de5651f7-a4c0-4808-ad66-e3bdff44187a,2026-08-22T06:45:00Z,2026-08-22T08:45:00+0200,238.009,MW,DK2,DK_2,actual_solar_generation,Solar,2026-08-26T10:27:13Z
2026-08-26T10:01:57Z,2026-08-26T12:01:57+0200,de5651f7-a4c0-4808-ad66-e3bdff44187a,2026-08-22T07:00:00Z,2026-08-22T09:00:00+0200,229.932,MW,DK2,DK_2,actual_solar_generation,Solar,2026-08-26T10:27:13Z
2026-08-26T10:01:57Z,2026-08-26T12:01:57+0200,de5651f7-a4c0-4808-ad66-e3bdff44187a,2026-08-22T07:15:00Z,2026-08-22T09:15:00+0200,348.252,MW,DK2,DK_2,actual_solar_generation,Solar,2026-08-26T10:27:13Z
2026-08-26T10:01:57Z,2026-08-26T12:01:57+0200,de5651f7-a4c0-4808-ad66-e3bdff44187a,2026-08-22T07:30:00Z,2026-08-22T09:30:00+0200,310.731,MW,DK2,DK_2,actual_solar_generation,Solar,2026-08-26T10:27:13Z
2026-08-26T10:01:57Z,2026-08-26T12:01:57+0200,de5651f7-a4c0-4808-ad66-e3bdff44187a,2026-08-22T07:45:00Z,2026-08-22T09:45:00+0200,323.771,MW,DK2,DK_2,actual_solar_generation,Solar,2026-08-26T10:27:13Z
2026-08-26T10:01:57Z,2026-08-26T12:01:57+0200,de5651f7-a4c0-4808-ad66-e3bdff44187a,2026-08-22T08:00:00Z,2026-08-22T10:00:00+0200,448.958,MW,DK2,DK_2,actual_solar_generation,Solar,2026-08-26T10:27:13Z
2026-08-26T10:01:57Z,2026-08-26T12:01:57+0200,de5651f7-a4c0-4808-ad66-e3bdff44187a,2026-08-22T08:15:00Z,2026-08-22T10:15:00+0200,468.289,MW,DK2,DK_2,actual_solar_generation,Solar,2026-08-26T10:27:13Z
2026-08-26T10:01:57Z,2026-08-26T12:01:57+0200,de5651f7-a4c0-4808-ad66-e3bdff44187a,2026-08-22T08:30:00Z,2026-08-22T10:30:00+0200,418.593,MW,DK2,DK_2,actual_solar_generation,Solar,2026-08-26T10:27:13Z
2026-08-26T10:01:57Z,2026-08-26T12:01:57+0200,de5651f7-a4c0-4808-ad66-e3bdff44187a,2026-08-22T08:45:00Z,2026-08-22T10:45:00+0200,478.578,MW,DK2,DK_2,actual_solar_generation,Solar,2026-08-26T10:27:13Z
2026-08-26T10:01:57Z,2026-08-26T12:01:57+0200,de5651f7-a4c0-4808-ad66-e3bdff44187a,2026-08-22T09:00:00Z,2026-08-22T11:00:00+0200,577.064,MW,DK2,DK_2,actual_solar_generation,Solar,2026-08-26T10:27:13Z
2026-08-26T10:01:57Z,2026-08-26T12:01:57+0200,de5651f7-a4c0-4808-ad66-e3bdff44187a,2026-08-22T09:15:00Z,2026-08-22T11:15:00+0200,539.124,MW,DK2,DK_2,actual_solar_generation,Solar,2026-08-26T10:27:13Z
2026-08-26T10:01:57Z,2026-08-26T12:01:57+0200,de5651f7-a4c0-4808-ad66-e3bdff44187a,2026-08-22T09:30:00Z,2026-08-22T11:30:00+0200,466.491,MW,DK2,DK_2,actual_solar_generation,Solar,2026-08-26T10:27:13Z
2026-08-26T10:01:57Z,2026-08-26T12:01:57+0200,de5651f7-a4c0-4808-ad66-e3bdff44187a,2026-08-22T09:45:00Z,2026-08-22T11:45:00+0200,486.099,MW,DK2,DK_2,actual_solar_generation,Solar,2026-08-26T10:27:13Z
2026-08-26T10:01:57Z,2026-08-26T12:01:57+0200,de5651f7-a4c0-4808-ad66-e3bdff44187a,2026-08-22T10:00:00Z,2026-08-22T12:00:00+0200,588.377,MW,DK2,DK_2,actual_solar_generation,Solar,2026-08-26T10:27:13Z
2026-08-26T10:01:57Z,2026-08-26T12:01:57+0200,de5651f7-a4c0-4808-ad66-e3bdff44187a,2026-08-22T10:15:00Z,2026-08-22T12:15:00+0200,568.165,MW,DK2,DK_2,actual_solar_generation,Solar,2026-08-26T10:27:13Z
2026-08-26T10:01:57Z,2026-08-26T12:01:57+0200,de5651f7-a4c0-4808-ad66-e3bdff44187a,2026-08-22T10:30:00Z,2026-08-22T12:30:00+0200,663.864,MW,DK2,DK_2,actual_solar_generation,Solar,2026-08-26T10:27:13Z
2026-08-26T10:01:57Z,2026-08-26T12:01:57+0200,de5651f7-a4c0-4808-ad66-e3bdff44187a,2026-08-22T10:45:00Z,2026-08-22T12:45:00+0200,743.191,MW,DK2,DK_2,actual_solar_generation,Solar,2026-08-26T10:27:13Z
2026-08-26T10:01:57Z,2026-08-26T12:01:57+0200,de5651f7-a4c0-4808-ad66-e3bdff44187a,2026-08-22T11:00:00Z,2026-08-22T13:00:00+0200,629.247,MW,DK2,DK_2,actual_solar_generation,Solar,2026-08-26T10:27:13Z
2026-08-26T10:01:57Z,2026-08-26T12:01:57+0200,de5651f7-a4c0-4808-ad66-e3bdff44187a,2026-08-22T11:15:00Z,2026-08-22T13:15:00+0200,665.553,MW,DK2,DK_2,actual_solar_generation,Solar,2026-08-26T10:27:13Z
2026-08-26T10:01:57Z,2026-08-26T12:01:57+0200,de5651f7-a4c0-4808-ad66-e3bdff44187a,2026-08-22T11:30:00Z,2026-08-22T13:30:00+0200,781.053,MW,DK2,DK_2,actual_solar_generation,Solar,2026-08-26T10:27:13Z
2026-08-26T10:01:57Z,2026-08-26T12:01:57+0200,de5651f7-a4c0-4808-ad66-e3bdff44187a,2026-08-22T11:45:00Z,2026-08-22T13:45:00+0200,747.041,MW,DK2,DK_2,actual_solar_generation,Solar,2026-08-26T10:27:13Z
2026-08-26T10:01:57Z,2026-08-26T12:01:57+0200,de5651f7-a4c0-4808-ad66-e3bdff44187a,2026-08-22T12:00:00Z,2026-08-22T14:00:00+0200,822.34,MW,DK2,DK_2,actual_solar_generation,Solar,2026-08-26T10:27:13Z
2026-08-26T10:01:57Z,2026-08-26T12:01:57+0200,de5651f7-a4c0-4808-ad66-e3bdff44187a,2026-08-22T12:15:00Z,2026-08-22T14:15:00+0200,876.978,MW,DK2,DK_2,actual_solar_generation,Solar,2026-08-26T10:27:13Z
2026-08-26T10:01:57Z,2026-08-26T12:01:57+0200,de5651f7-a4c0-4808-ad66-e3bdff44187a,2026-08-22T12:30:00Z,2026-08-22T14:30:00+0200,796.794,MW,DK2,DK_2,actual_solar_generation,Solar,2026-08-26T10:27:13Z
2026-08-26T10:01:57Z,2026-08-26T12:01:57+0200,de5651f7-a4c0-4808-ad66-e3bdff44187a,2026-08-22T12:45:00Z,2026-08-22T14:45:00+0200,807.062,MW,DK2,DK_2,actual_solar_generation,Solar,2026-08-26T10:27:13Z
2026-08-26T10:01:57Z,2026-08-26T12:01:57+0200,de5651f7-a4c0-4808-ad66-e3bdff44187a,2026-08-22T13:00:00Z,2026-08-22T15:00:00+0200,784.271,MW,DK2,DK_2,actual_solar_generation,Solar,2026-08-26T10:27:13Z
2026-08-26T10:01:57Z,2026-08-26T12:01:57+0200,de5651f7-a4c0-4808-ad66-e3bdff44187a,2026-08-22T13:15:00Z,2026-08-22T15:15:00+0200,716.45,MW,DK2,DK_2,actual_solar_generation,Solar,2026-08-26T10:27:13Z
2026-08-26T10:01:57Z,2026-08-26T12:01:57+0200,de5651f7-a4c0-4808-ad66-e3bdff44187a,2026-08-22T13:30:00Z,2026-08-22T15:30:00+0200,780.484,MW,DK2,DK_2,actual_solar_generation,Solar,2026-08-26T10:27:13Z
2026-08-26T10:01:57Z,2026-08-26T12:01:57+0200,de5651f7-a4c0-4808-ad66-e3bdff44187a,2026-08-22T13:45:00Z,2026-08-22T15:45:00+0200,772.106,MW,DK2,DK_2,actual_solar_generation,Solar,2026-08-26T10:27:13Z
2026-08-26T10:01:57Z,2026-08-26T12:01:57+0200,de5651f7-a4c0-4808-ad66-e3bdff44187a,2026-08-22T14:00:00Z,2026-08-22T16:00:00+0200,696.993,MW,DK2,DK_2,actual_solar_generation,Solar,2026-08-26T10:27:13Z
2026-08-26T10:01:57Z,2026-08-26T12:01:57+0200,de5651f7-a4c0-4808-ad66-e3bdff44187a,2026-08-22T14:15:00Z,2026-08-22T16:15:00+0200,680.39,MW,DK2,DK_2,actual_solar_generation,Solar,2026-08-26T10:27:13Z
2026-08-26T10:01:57Z,2026-08-26T12:01:57+0200,de5651f7-a4c0-4808-ad66-e3bdff44187a,2026-08-22T14:30:00Z,2026-08-22T16:30:00+0200,677.081,MW,DK2,DK_2,actual_solar_generation,Solar,2026-08-26T10:27:13Z
2026-08-26T10:01:57Z,2026-08-26T12:01:57+0200,de5651f7-a4c0-4808-ad66-e3bdff44187a,2026-08-22T14:45:00Z,2026-08-22T16:45:00+0200,620.392,MW,DK2,DK_2,actual_solar_generation,Solar,2026-08-26T10:27:13Z
2026-08-26T10:01:57Z,2026-08-26T12:01:57+0200,de5651f7-a4c0-4808-ad66-e3bdff44187a,2026-08-22T15:00:00Z,2026-08-22T17:00:00+0200,489.035,MW,DK2,DK_2,actual_solar_generation,Solar,2026-08-26T10:27:13Z
2026-08-26T10:01:57Z,2026-08-26T12:01:57+0200,de5651f7-a4c0-4808-ad66-e3bdff44187a,2026-08-22T15:15:00Z,2026-08-22T17:15:00+0200,439.156,MW,DK2,DK_2,actual_solar_generation,Solar,2026-08-26T10:27:13Z
2026-08-26T10:01:57Z,2026-08-26T12:01:57+0200,de5651f7-a4c0-4808-ad66-e3bdff44187a,2026-08-22T15:30:00Z,2026-08-22T17:30:00+0200,328.465,MW,DK2,DK_2,actual_solar_generation,Solar,2026-08-26T10:27:13Z
2026-08-26T10:01:57Z,2026-08-26T12:01:57+0200,de5651f7-a4c0-4808-ad66-e3bdff44187a,2026-08-22T15:45:00Z,2026-08-22T17:45:00+0200,310.813,MW,DK2,DK_2,actual_solar_generation,Solar,2026-08-26T10:27:13Z
2026-08-26T10:01:57Z,2026-08-26T12:01:57+0200,de5651f7-a4c0-4808-ad66-e3bdff44187a,2026-08-22T16:00:00Z,2026-08-22T18:00:00+0200,298.11,MW,DK2,DK_2,actual_solar_generation,Solar,2026-08-26T10:27:13Z
2026-08-26T10:01:57Z,2026-08-26T12:01:57+0200,de5651f7-a4c0-4808-ad66-e3bdff44187a,2026-08-22T16:15:00Z,2026-08-22T18:15:00+0200,214.802,MW,DK2,DK_2,actual_solar_generation,Solar,2026-08-26T10:27:13Z
2026-08-26T10:01:57Z,2026-08-26T12:01:57+0200,de5651f7-a4c0-4808-ad66-e3bdff44187a,2026-08-22T16:30:00Z,2026-08-22T18:30:00+0200,179.19,MW,DK2,DK_2,actual_solar_generation,Solar,2026-08-26T10:27:13Z
2026-08-26T10:01:57Z,2026-08-26T12:01:57+0200,de5651f7-a4c0-4808-ad66-e3bdff44187a,2026-08-22T16:45:00Z,2026-08-22T18:45:00+0200,150.23,MW,DK2,DK_2,actual_solar_generation,Solar,2026-08-26T10:27:13Z
2026-08-26T10:01:57Z,2026-08-26T12:01:57+0200,de5651f7-a4c0-4808-ad66-e3bdff44187a,2026-08-22T17:00:00Z,2026-08-22T19:00:00+0200,98.41,MW,DK2,DK_2,actual_solar_generation,Solar,2026-08-26T10:27:13Z
2026-08-26T10:01:57Z,2026-08-26T12:01:57+0200,de5651f7-a4c0-4808-ad66-e3bdff44187a,2026-08-22T17:15:00Z,2026-08-22T19:15:00+0200,65.8632,MW,DK2,DK_2,actual_solar_generation,Solar,2026-08-26T10:27:13Z
2026-08-26T10:01:57Z,2026-08-26T12:01:57+0200,de5651f7-a4c0-4808-ad66-e3bdff44187a,2026-08-22T17:30:00Z,2026-08-22T19:30:00+0200,47.933,MW,DK2,DK_2,actual_solar_generation,Solar,2026-08-26T10:27:13Z
2026-08-26T10:01:57Z,2026-08-26T12:01:57+0200,de5651f7-a4c0-4808-ad66-e3bdff44187a,2026-08-22T17:45:00Z,2026-08-22T19:45:00+0200,34.964,MW,DK2,DK_2,actual_solar_generation,Solar,2026-08-26T10:27:13Z
2026-08-26T10:01:57Z,2026-08-26T12:01:57+0200,de5651f7-a4c0-4808-ad66-e3bdff44187a,2026-08-22T18:00:00Z,2026-08-22T20:00:00+0200,26.7554,MW,DK2,DK_2,actual_solar_generation,Solar,2026-08-26T10:27:13Z
2026-08-26T10:01:57Z,2026-08-26T12:01:57+0200,de5651f7-a4c0-4808-ad66-e3bdff44187a,2026-08-22T18:15:00Z,2026-08-22T20:15:00+0200,17.6727,MW,DK2,DK_2,actual_solar_generation,Solar,2026-08-26T10:27:13Z
2026-08-26T10:01:57Z,2026-08-26T12:01:57+0200,de5651f7-a4c0-4808-ad66-e3bdff44187a,2026-08-22T18:30:00Z,2026-08-22T20:30:00+0200,10.6491,MW,DK2,DK_2,actual_solar_generation,Solar,2026-08-26T10:27:13Z
2026-08-26T10:01:57Z,2026-08-26T12:01:57+0200,de5651f7-a4c0-4808-ad66-e3bdff44187a,2026-08-22T18:45:00Z,2026-08-22T20:45:00+0200,9.47585,MW,DK2,DK_2,actual_solar_generation,Solar,2026-08-26T10:27:13Z
2026-08-26T10:01:57Z,2026-08-26T12:01:57+0200,de5651f7-a4c0-4808-ad66-e3bdff44187a,2026-08-22T19:00:00Z,2026-08-22T21:00:00+0200,1.38594,MW,DK2,DK_2,actual_solar_generation,Solar,2026-08-26T10:27:13Z
2026-08-26T10:01:57Z,2026-08-26T12:01:57+0200,de5651f7-a4c0-4808-ad66-e3bdff44187a,2026-08-22T19:15:00Z,2026-08-22T21:15:00+0200,0.901082,MW,DK2,DK_2,actual_solar_generation,Solar,2026-08-26T10:27:13Z
2026-08-26T10:01:57Z,2026-08-26T12:01:57+0200,de5651f7-a4c0-4808-ad66-e3bdff44187a,2026-08-22T19:30:00Z,2026-08-22T21:30:00+0200,0.0,MW,DK2,DK_2,actual_solar_generation,Solar,2026-08-26T10:27:13Z
2026-08-26T10:01:57Z,2026-08-26T12:01:57+0200,de5651f7-a4c0-4808-ad66-e3bdff44187a,2026-08-22T19:45:00Z,2026-08-22T21:45:00+0200,0.0,MW,DK2,DK_2,actual_solar_generation,Solar,2026-08-26T10:27:13Z
2026-08-26T10:01:57Z,2026-08-26T12:01:57+0200,de5651f7-a4c0-4808-ad66-e3bdff44187a,2026-08-22T20:00:00Z,2026-08-22T22:00:00+0200,0.0,MW,DK2,DK_2,actual_solar_generation,Solar,2026-08-26T10:27:13Z
2026-08-26T10:01:57Z,2026-08-26T12:01:57+0200,de5651f7-a4c0-4808-ad66-e3bdff44187a,2026-08-22T20:15:00Z,2026-08-22T22:15:00+0200,0.0,MW,DK2,DK_2,actual_solar_generation,Solar,2026-08-26T10:27:13Z
2026-08-26T10:01:57Z,2026-08-26T12:01:57+0200,de5651f7-a4c0-4808-ad66-e3bdff44187a,2026-08-22T20:30:00Z,2026-08-22T22:30:00+0200,0.0,MW,DK2,DK_2,actual_solar_generation,Solar,2026-08-26T10:27:13Z
2026-08-26T10:01:57Z,2026-08-26T12:01:57+0200,de5651f7-a4c0-4808-ad66-e3bdff44187a,2026-08-22T20:45:00Z,2026-08-22T22:45:00+0200,0.0,MW,DK2,DK_2,actual_solar_generation,Solar,2026-08-26T10:27:13Z
2026-08-26T10:01:57Z,2026-08-26T12:01:57+0200,de5651f7-a4c0-4808-ad66-e3bdff44187a,2026-08-22T21:00:00Z,2026-08-22T23:00:00+0200,0.0,MW,DK2,DK_2,actual_solar_generation,Solar,2026-08-26T10:27:13Z
2026-08-26T10:01:57Z,2026-08-26T12:01:57+0200,de5651f7-a4c0-4808-ad66-e3bdff44187a,2026-08-22T21:15:00Z,2026-08-22T23:15:00+0200,0.0,MW,DK2,DK_2,actual_solar_generation,Solar,2026-08-26T10:27:13Z
2026-08-26T10:01:57Z,2026-08-26T12:01:57+0200,de5651f7-a4c0-4808-ad66-e3bdff44187a,2026-08-22T21:30:00Z,2026-08-22T23:30:00+0200,0.0,MW,DK2,DK_2,actual_solar_generation,Solar,2026-08-26T10:27:13Z
2026-08-26T10:01:57Z,2026-08-26T12:01:57+0200,de5651f7-a4c0-4808-ad66-e3bdff44187a,2026-08-22T21:45:00Z,2026-08-22T23:45:00+0200,0.0,MW,DK2,DK_2,actual_solar_generation,Solar,2026-08-26T10:27:13Z
2026-08-26T10:01:57Z,2026-08-26T12:01:57+0200,de5651f7-a4c0-4808-ad66-e3bdff44187a,2026-08-22T22:00:00Z,2026-08-23T00:00:00+0200,0.0,MW,DK2,DK_2,actual_solar_generation,Solar,2026-08-26T10:27:13Z
2026-08-26T10:01:57Z,2026-08-26T12:01:57+0200,de5651f7-a4c0-4808-ad66-e3bdff44187a,2026-08-22T22:15:00Z,2026-08-23T00:15:00+0200,0.0,MW,DK2,DK_2,actual_solar_generation,Solar,2026-08-26T10:27:13Z
2026-08-26T10:01:57Z,2026-08-26T12:01:57+0200,de5651f7-a4c0-4808-ad66-e3bdff44187a,2026-08-22T22:30:00Z,2026-08-23T00:30:00+0200,0.0,MW,DK2,DK_2,actual_solar_generation,Solar,2026-08-26T10:27:13Z
2026-08-26T10:01:57Z,2026-08-26T12:01:57+0200,de5651f7-a4c0-4808-ad66-e3bdff44187a,2026-08-22T22:45:00Z,2026-08-23T00:45:00+0200,0.0,MW,DK2,DK_2,actual_solar_generation,Solar,2026-08-26T10:27:13Z
2026-08-26T10:01:57Z,2026-08-26T12:01:57+0200,de5651f7-a4c0-4808-ad66-e3bdff44187a,2026-08-22T23:00:00Z,2026-08-23T01:00:00+0200,0.0,MW,DK2,DK_2,actual_solar_generation,Solar,2026-08-26T10:27:13Z
2026-08-26T10:01:57Z,2026-08-26T12:01:57+0200,de5651f7-a4c0-4808-ad66-e3bdff44187a,2026-08-22T23:15:00Z,2026-08-23T01:15:00+0200,0.0,MW,DK2,DK_2,actual_solar_generation,Solar,2026-08-26T10:27:13Z
2026-08-26T10:01:57Z,2026-08-26T12:01:57+0200,de5651f7-a4c0-4808-ad66-e3bdff44187a,2026-08-22T23:30:00Z,2026-08-23T01:30:00+0200,0.0,MW,DK2,DK_2,actual_solar_generation,Solar,2026-08-26T10:27:13Z
2026-08-26T10:01:57Z,2026-08-26T12:01:57+0200,de5651f7-a4c0-4808-ad66-e3bdff44187a,2026-08-22T23:45:00Z,2026-08-23T01:45:00+0200,0.0,MW,DK2,DK_2,actual_solar_generation,Solar,2026-08-26T10:27:13Z
2026-08-26T10:01:57Z,2026-08-26T12:01:57+0200,de5651f7-a4c0-4808-ad66-e3bdff44187a,2026-08-23T00:00:00Z,2026-08-23T02:00:00+0200,0.0,MW,DK2,DK_2,actual_solar_generation,Solar,2026-08-26T10:27:13Z
2026-08-26T10:01:57Z,2026-08-26T12:01:57+0200,de5651f7-a4c0-4808-ad66-e3bdff44187a,2026-08-23T00:15:00Z,2026-08-23T02:15:00+0200,0.0,MW,DK2,DK_2,actual_solar_generation,Solar,2026-08-26T10:27:13Z
2026-08-26T10:01:57Z,2026-08-26T12:01:57+0200,de5651f7-a4c0-4808-ad66-e3bdff44187a,2026-08-23T00:30:00Z,2026-08-23T02:30:00+0200,0.0,MW,DK2,DK_2,actual_solar_generation,Solar,2026-08-26T10:27:13Z
2026-08-26T10:01:57Z,2026-08-26T12:01:57+0200,de5651f7-a4c0-4808-ad66-e3bdff44187a,2026-08-23T00:45:00Z,2026-08-23T02:45:00+0200,0.0,MW,DK2,DK_2,actual_solar_generation,Solar,2026-08-26T10:27:13Z
2026-08-26T10:01:57Z,2026-08-26T12:01:57+0200,de5651f7-a4c0-4808-ad66-e3bdff44187a,2026-08-23T01:00:00Z,2026-08-23T03:00:00+0200,0.0,MW,DK2,DK_2,actual_solar_generation,Solar,2026-08-26T10:27:13Z
2026-08-26T10:01:57Z,2026-08-26T12:01:57+0200,de5651f7-a4c0-4808-ad66-e3bdff44187a,2026-08-23T01:15:00Z,2026-08-23T03:15:00+0200,0.0,MW,DK2,DK_2,actual_solar_generation,Solar,2026-08-26T10:27:13Z
2026-08-26T10:01:57Z,2026-08-26T12:01:57+0200,de5651f7-a4c0-4808-ad66-e3bdff44187a,2026-08-23T01:30:00Z,2026-08-23T03:30:00+0200,0.0,MW,DK2,DK_2,actual_solar_generation,Solar,2026-08-26T10:27:13Z
2026-08-26T10:01:57Z,2026-08-26T12:01:57+0200,de5651f7-a4c0-4808-ad66-e3bdff44187a,2026-08-23T01:45:00Z,2026-08-23T03:45:00+0200,0.0,MW,DK2,DK_2,actual_solar_generation,Solar,2026-08-26T10:27:13Z
2026-08-26T10:01:57Z,2026-08-26T12:01:57+0200,de5651f7-a4c0-4808-ad66-e3bdff44187a,2026-08-23T02:00:00Z,2026-08-23T04:00:00+0200,0.0,MW,DK2,DK_2,actual_solar_generation,Solar,2026-08-26T10:27:13Z
2026-08-26T10:01:57Z,2026-08-26T12:01:57+0200,de5651f7-a4c0-4808-ad66-e3bdff44187a,2026-08-23T02:15:00Z,2026-08-23T04:15:00+0200,0.0,MW,DK2,DK_2,actual_solar_generation,Solar,2026-08-26T10:27:13Z
2026-08-26T10:01:57Z,2026-08-26T12:01:57+0200,de5651f7-a4c0-4808-ad66-e3bdff44187a,2026-08-23T02:30:00Z,2026-08-23T04:30:00+0200,0.0,MW,DK2,DK_2,actual_solar_generation,Solar,2026-08-26T10:27:13Z
2026-08-26T10:01:57Z,2026-08-26T12:01:57+0200,de5651f7-a4c0-4808-ad66-e3bdff44187a,2026-08-23T02:45:00Z,2026-08-23T04:45:00+0200,0.0,MW,DK2,DK_2,actual_solar_generation,Solar,2026-08-26T10:27:13Z
2026-08-26T10:01:57Z,2026-08-26T12:01:57+0200,de5651f7-a4c0-4808-ad66-e3bdff44187a,2026-08-23T03:00:00Z,2026-08-23T05:00:00+0200,0.0,MW,DK2,DK_2,actual_solar_generation,Solar,2026-08-26T10:27:13Z
2026-08-26T10:01:57Z,2026-08-26T12:01:57+0200,de5651f7-a4c0-4808-ad66-e3bdff44187a,2026-08-23T03:15:00Z,2026-08-23T05:15:00+0200,0.0,MW,DK2,DK_2,actual_solar_generation,Solar,2026-08-26T10:27:13Z
2026-08-26T10:01:57Z,2026-08-26T12:01:57+0200,de5651f7-a4c0-4808-ad66-e3bdff44187a,2026-08-23T03:30:00Z,2026-08-23T05:30:00+0200,0.0,MW,DK2,DK_2,actual_solar_generation,Solar,2026-08-26T10:27:13Z
2026-08-26T10:01:57Z,2026-08-26T12:01:57+0200,de5651f7-a4c0-4808-ad66-e3bdff44187a,2026-08-23T03:45:00Z,2026-08-23T05:45:00+0200,0.0,MW,DK2,DK_2,actual_solar_generation,Solar,2026-08-26T10:27:13Z
2026-08-26T10:01:57Z,2026-08-26T12:01:57+0200,de5651f7-a4c0-4808-ad66-e3bdff44187a,2026-08-23T04:00:00Z,2026-08-23T06:00:00+0200,0.910304,MW,DK2,DK_2,actual_solar_generation,Solar,2026-08-26T10:27:13Z
2026-08-26T10:01:57Z,2026-08-26T12:01:57+0200,de5651f7-a4c0-4808-ad66-e3bdff44187a,2026-08-23T04:15:00Z,2026-08-23T06:15:00+0200,8.39221,MW,DK2,DK_2,actual_solar_generation,Solar,2026-08-26T10:27:13Z
2026-08-26T10:01:57Z,2026-08-26T12:01:57+0200,de5651f7-a4c0-4808-ad66-e3bdff44187a,2026-08-23T04:30:00Z,2026-08-23T06:30:00+0200,18.2272,MW,DK2,DK_2,actual_solar_generation,Solar,2026-08-26T10:27:13Z
2026-08-26T10:01:57Z,2026-08-26T12:01:57+0200,de5651f7-a4c0-4808-ad66-e3bdff44187a,2026-08-23T04:45:00Z,2026-08-23T06:45:00+0200,34.3441,MW,DK2,DK_2,actual_solar_generation,Solar,2026-08-26T10:27:13Z
2026-08-26T10:01:57Z,2026-08-26T12:01:57+0200,de5651f7-a4c0-4808-ad66-e3bdff44187a,2026-08-23T05:00:00Z,2026-08-23T07:00:00+0200,53.42,MW,DK2,DK_2,actual_solar_generation,Solar,2026-08-26T10:27:13Z
2026-08-26T10:01:57Z,2026-08-26T12:01:57+0200,de5651f7-a4c0-4808-ad66-e3bdff44187a,2026-08-23T05:15:00Z,2026-08-23T07:15:00+0200,81.0164,MW,DK2,DK_2,actual_solar_generation,Solar,2026-08-26T10:27:13Z
2026-08-26T10:01:57Z,2026-08-26T12:01:57+0200,de5651f7-a4c0-4808-ad66-e3bdff44187a,2026-08-23T05:30:00Z,2026-08-23T07:30:00+0200,111.36,MW,DK2,DK_2,actual_solar_generation,Solar,2026-08-26T10:27:13Z
2026-08-26T10:01:57Z,2026-08-26T12:01:57+0200,de5651f7-a4c0-4808-ad66-e3bdff44187a,2026-08-23T05:45:00Z,2026-08-23T07:45:00+0200,128.02,MW,DK2,DK_2,actual_solar_generation,Solar,2026-08-26T10:27:13Z
2026-08-26T10:01:57Z,2026-08-26T12:01:57+0200,de5651f7-a4c0-4808-ad66-e3bdff44187a,2026-08-23T06:00:00Z,2026-08-23T08:00:00+0200,165.436,MW,DK2,DK_2,actual_solar_generation,Solar,2026-08-26T10:27:13Z
2026-08-26T10:01:57Z,2026-08-26T12:01:57+0200,de5651f7-a4c0-4808-ad66-e3bdff44187a,2026-08-23T06:15:00Z,2026-08-23T08:15:00+0200,185.994,MW,DK2,DK_2,actual_solar_generation,Solar,2026-08-26T10:27:13Z
2026-08-26T10:01:57Z,2026-08-26T12:01:57+0200,de5651f7-a4c0-4808-ad66-e3bdff44187a,2026-08-23T06:30:00Z,2026-08-23T08:30:00+0200,205.843,MW,DK2,DK_2,actual_solar_generation,Solar,2026-08-26T10:27:13Z
2026-08-26T10:01:57Z,2026-08-26T12:01:57+0200,de5651f7-a4c0-4808-ad66-e3bdff44187a,2026-08-23T06:45:00Z,2026-08-23T08:45:00+0200,235.229,MW,DK2,DK_2,actual_solar_generation,Solar,2026-08-26T10:27:13Z
2026-08-26T10:01:57Z,2026-08-26T12:01:57+0200,de5651f7-a4c0-4808-ad66-e3bdff44187a,2026-08-23T07:00:00Z,2026-08-23T09:00:00+0200,251.719,MW,DK2,DK_2,actual_solar_generation,Solar,2026-08-26T10:27:13Z
2026-08-26T10:01:57Z,2026-08-26T12:01:57+0200,de5651f7-a4c0-4808-ad66-e3bdff44187a,2026-08-23T07:15:00Z,2026-08-23T09:15:00+0200,215.991,MW,DK2,DK_2,actual_solar_generation,Solar,2026-08-26T10:27:13Z
2026-08-26T10:01:57Z,2026-08-26T12:01:57+0200,de5651f7-a4c0-4808-ad66-e3bdff44187a,2026-08-23T07:30:00Z,2026-08-23T09:30:00+0200,219.682,MW,DK2,DK_2,actual_solar_generation,Solar,2026-08-26T10:27:13Z
2026-08-26T10:01:57Z,2026-08-26T12:01:57+0200,de5651f7-a4c0-4808-ad66-e3bdff44187a,2026-08-23T07:45:00Z,2026-08-23T09:45:00+0200,228.4,MW,DK2,DK_2,actual_solar_generation,Solar,2026-08-26T10:27:13Z
2026-08-26T10:01:57Z,2026-08-26T12:01:57+0200,de5651f7-a4c0-4808-ad66-e3bdff44187a,2026-08-23T08:00:00Z,2026-08-23T10:00:00+0200,246.046,MW,DK2,DK_2,actual_solar_generation,Solar,2026-08-26T10:27:13Z
2026-08-26T10:01:57Z,2026-08-26T12:01:57+0200,de5651f7-a4c0-4808-ad66-e3bdff44187a,2026-08-23T08:15:00Z,2026-08-23T10:15:00+0200,318.778,MW,DK2,DK_2,actual_solar_generation,Solar,2026-08-26T10:27:13Z
2026-08-26T10:01:57Z,2026-08-26T12:01:57+0200,de5651f7-a4c0-4808-ad66-e3bdff44187a,2026-08-23T08:30:00Z,2026-08-23T10:30:00+0200,327.182,MW,DK2,DK_2,actual_solar_generation,Solar,2026-08-26T10:27:13Z
2026-08-26T10:01:57Z,2026-08-26T12:01:57+0200,de5651f7-a4c0-4808-ad66-e3bdff44187a,2026-08-23T08:45:00Z,2026-08-23T10:45:00+0200,313.671,MW,DK2,DK_2,actual_solar_generation,Solar,2026-08-26T10:27:13Z
2026-08-26T10:01:57Z,2026-08-26T12:01:57+0200,de5651f7-a4c0-4808-ad66-e3bdff44187a,2026-08-23T09:00:00Z,2026-08-23T11:00:00+0200,365.588,MW,DK2,DK_2,actual_solar_generation,Solar,2026-08-26T10:27:13Z
2026-08-26T10:01:57Z,2026-08-26T12:01:57+0200,de5651f7-a4c0-4808-ad66-e3bdff44187a,2026-08-23T09:15:00Z,2026-08-23T11:15:00+0200,360.326,MW,DK2,DK_2,actual_solar_generation,Solar,2026-08-26T10:27:13Z
2026-08-26T10:01:57Z,2026-08-26T12:01:57+0200,de5651f7-a4c0-4808-ad66-e3bdff44187a,2026-08-23T09:30:00Z,2026-08-23T11:30:00+0200,462.319,MW,DK2,DK_2,actual_solar_generation,Solar,2026-08-26T10:27:13Z
2026-08-26T10:01:57Z,2026-08-26T12:01:57+0200,de5651f7-a4c0-4808-ad66-e3bdff44187a,2026-08-23T09:45:00Z,2026-08-23T11:45:00+0200,525.374,MW,DK2,DK_2,actual_solar_generation,Solar,2026-08-26T10:27:13Z
2026-08-26T10:01:57Z,2026-08-26T12:01:57+0200,de5651f7-a4c0-4808-ad66-e3bdff44187a,2026-08-23T10:00:00Z,2026-08-23T12:00:00+0200,522.098,MW,DK2,DK_2,actual_solar_generation,Solar,2026-08-26T10:27:13Z
2026-08-26T10:01:57Z,2026-08-26T12:01:57+0200,de5651f7-a4c0-4808-ad66-e3bdff44187a,2026-08-23T10:15:00Z,2026-08-23T12:15:00+0200,502.739,MW,DK2,DK_2,actual_solar_generation,Solar,2026-08-26T10:27:13Z
2026-08-26T10:01:57Z,2026-08-26T12:01:57+0200,de5651f7-a4c0-4808-ad66-e3bdff44187a,2026-08-23T10:30:00Z,2026-08-23T12:30:00+0200,530.744,MW,DK2,DK_2,actual_solar_generation,Solar,2026-08-26T10:27:13Z
2026-08-26T10:01:57Z,2026-08-26T12:01:57+0200,de5651f7-a4c0-4808-ad66-e3bdff44187a,2026-08-23T10:45:00Z,2026-08-23T12:45:00+0200,630.42,MW,DK2,DK_2,actual_solar_generation,Solar,2026-08-26T10:27:13Z
2026-08-26T10:01:57Z,2026-08-26T12:01:57+0200,de5651f7-a4c0-4808-ad66-e3bdff44187a,2026-08-23T11:00:00Z,2026-08-23T13:00:00+0200,576.589,MW,DK2,DK_2,actual_solar_generation,Solar,2026-08-26T10:27:13Z
2026-08-26T10:01:57Z,2026-08-26T12:01:57+0200,de5651f7-a4c0-4808-ad66-e3bdff44187a,2026-08-23T11:15:00Z,2026-08-23T13:15:00+0200,542.172,MW,DK2,DK_2,actual_solar_generation,Solar,2026-08-26T10:27:13Z
2026-08-26T10:01:57Z,2026-08-26T12:01:57+0200,de5651f7-a4c0-4808-ad66-e3bdff44187a,2026-08-23T11:30:00Z,2026-08-23T13:30:00+0200,504.907,MW,DK2,DK_2,actual_solar_generation,Solar,2026-08-26T10:27:13Z
2026-08-26T10:01:57Z,2026-08-26T12:01:57+0200,de5651f7-a4c0-4808-ad66-e3bdff44187a,2026-08-23T11:45:00Z,2026-08-23T13:45:00+0200,413.528,MW,DK2,DK_2,actual_solar_generation,Solar,2026-08-26T10:27:13Z
2026-08-26T10:01:57Z,2026-08-26T12:01:57+0200,de5651f7-a4c0-4808-ad66-e3bdff44187a,2026-08-23T12:00:00Z,2026-08-23T14:00:00+0200,470.298,MW,DK2,DK_2,actual_solar_generation,Solar,2026-08-26T10:27:13Z
2026-08-26T10:01:57Z,2026-08-26T12:01:57+0200,de5651f7-a4c0-4808-ad66-e3bdff44187a,2026-08-23T12:15:00Z,2026-08-23T14:15:00+0200,442.117,MW,DK2,DK_2,actual_solar_generation,Solar,2026-08-26T10:27:13Z
2026-08-26T10:01:57Z,2026-08-26T12:01:57+0200,de5651f7-a4c0-4808-ad66-e3bdff44187a,2026-08-23T12:30:00Z,2026-08-23T14:30:00+0200,351.006,MW,DK2,DK_2,actual_solar_generation,Solar,2026-08-26T10:27:13Z
2026-08-26T10:01:57Z,2026-08-26T12:01:57+0200,de5651f7-a4c0-4808-ad66-e3bdff44187a,2026-08-23T12:45:00Z,2026-08-23T14:45:00+0200,408.731,MW,DK2,DK_2,actual_solar_generation,Solar,2026-08-26T10:27:13Z
2026-08-26T10:01:57Z,2026-08-26T12:01:57+0200,de5651f7-a4c0-4808-ad66-e3bdff44187a,2026-08-23T13:00:00Z,2026-08-23T15:00:00+0200,385.121,MW,DK2,DK_2,actual_solar_generation,Solar,2026-08-26T10:27:13Z
2026-08-26T10:01:57Z,2026-08-26T12:01:57+0200,de5651f7-a4c0-4808-ad66-e3bdff44187a,2026-08-23T13:15:00Z,2026-08-23T15:15:00+0200,345.052,MW,DK2,DK_2,actual_solar_generation,Solar,2026-08-26T10:27:13Z
2026-08-26T10:01:57Z,2026-08-26T12:01:57+0200,de5651f7-a4c0-4808-ad66-e3bdff44187a,2026-08-23T13:30:00Z,2026-08-23T15:30:00+0200,357.448,MW,DK2,DK_2,actual_solar_generation,Solar,2026-08-26T10:27:13Z
2026-08-26T10:01:57Z,2026-08-26T12:01:57+0200,de5651f7-a4c0-4808-ad66-e3bdff44187a,2026-08-23T13:45:00Z,2026-08-23T15:45:00+0200,466.722,MW,DK2,DK_2,actual_solar_generation,Solar,2026-08-26T10:27:13Z
2026-08-26T10:01:57Z,2026-08-26T12:01:57+0200,de5651f7-a4c0-4808-ad66-e3bdff44187a,2026-08-23T14:00:00Z,2026-08-23T16:00:00+0200,371.112,MW,DK2,DK_2,actual_solar_generation,Solar,2026-08-26T10:27:13Z
2026-08-26T10:01:57Z,2026-08-26T12:01:57+0200,de5651f7-a4c0-4808-ad66-e3bdff44187a,2026-08-23T14:15:00Z,2026-08-23T16:15:00+0200,438.311,MW,DK2,DK_2,actual_solar_generation,Solar,2026-08-26T10:27:13Z
2026-08-26T10:01:57Z,2026-08-26T12:01:57+0200,de5651f7-a4c0-4808-ad66-e3bdff44187a,2026-08-23T14:30:00Z,2026-08-23T16:30:00+0200,422.567,MW,DK2,DK_2,actual_solar_generation,Solar,2026-08-26T10:27:13Z
2026-08-26T10:01:57Z,2026-08-26T12:01:57+0200,de5651f7-a4c0-4808-ad66-e3bdff44187a,2026-08-23T14:45:00Z,2026-08-23T16:45:00+0200,416.098,MW,DK2,DK_2,actual_solar_generation,Solar,2026-08-26T10:27:13Z
2026-08-26T10:01:57Z,2026-08-26T12:01:57+0200,de5651f7-a4c0-4808-ad66-e3bdff44187a,2026-08-23T15:00:00Z,2026-08-23T17:00:00+0200,395.639,MW,DK2,DK_2,actual_solar_generation,Solar,2026-08-26T10:27:13Z
2026-08-26T10:01:57Z,2026-08-26T12:01:57+0200,de5651f7-a4c0-4808-ad66-e3bdff44187a,2026-08-23T15:15:00Z,2026-08-23T17:15:00+0200,428.435,MW,DK2,DK_2,actual_solar_generation,Solar,2026-08-26T10:27:13Z
2026-08-26T10:01:57Z,2026-08-26T12:01:57+0200,de5651f7-a4c0-4808-ad66-e3bdff44187a,2026-08-23T15:30:00Z,2026-08-23T17:30:00+0200,349.003,MW,DK2,DK_2,actual_solar_generation,Solar,2026-08-26T10:27:13Z
2026-08-26T10:01:57Z,2026-08-26T12:01:57+0200,de5651f7-a4c0-4808-ad66-e3bdff44187a,2026-08-23T15:45:00Z,2026-08-23T17:45:00+0200,384.717,MW,DK2,DK_2,actual_solar_generation,Solar,2026-08-26T10:27:13Z
2026-08-26T10:01:57Z,2026-08-26T12:01:57+0200,de5651f7-a4c0-4808-ad66-e3bdff44187a,2026-08-23T16:00:00Z,2026-08-23T18:00:00+0200,354.264,MW,DK2,DK_2,actual_solar_generation,Solar,2026-08-26T10:27:13Z
2026-08-26T10:01:57Z,2026-08-26T12:01:57+0200,de5651f7-a4c0-4808-ad66-e3bdff44187a,2026-08-23T16:15:00Z,2026-08-23T18:15:00+0200,309.183,MW,DK2,DK_2,actual_solar_generation,Solar,2026-08-26T10:27:13Z
2026-08-26T10:01:57Z,2026-08-26T12:01:57+0200,de5651f7-a4c0-4808-ad66-e3bdff44187a,2026-08-23T16:30:00Z,2026-08-23T18:30:00+0200,242.236,MW,DK2,DK_2,actual_solar_generation,Solar,2026-08-26T10:27:13Z
2026-08-26T10:01:57Z,2026-08-26T12:01:57+0200,de5651f7-a4c0-4808-ad66-e3bdff44187a,2026-08-23T16:45:00Z,2026-08-23T18:45:00+0200,205.056,MW,DK2,DK_2,actual_solar_generation,Solar,2026-08-26T10:27:13Z
2026-08-26T10:01:57Z,2026-08-26T12:01:57+0200,de5651f7-a4c0-4808-ad66-e3bdff44187a,2026-08-23T17:00:00Z,2026-08-23T19:00:00+0200,147.402,MW,DK2,DK_2,actual_solar_generation,Solar,2026-08-26T10:27:13Z
2026-08-26T10:01:57Z,2026-08-26T12:01:57+0200,de5651f7-a4c0-4808-ad66-e3bdff44187a,2026-08-23T17:15:00Z,2026-08-23T19:15:00+0200,80.7867,MW,DK2,DK_2,actual_solar_generation,Solar,2026-08-26T10:27:13Z
2026-08-26T10:01:57Z,2026-08-26T12:01:57+0200,de5651f7-a4c0-4808-ad66-e3bdff44187a,2026-08-23T17:30:00Z,2026-08-23T19:30:00+0200,48.7687,MW,DK2,DK_2,actual_solar_generation,Solar,2026-08-26T10:27:13Z
2026-08-26T10:01:57Z,2026-08-26T12:01:57+0200,de5651f7-a4c0-4808-ad66-e3bdff44187a,2026-08-23T17:45:00Z,2026-08-23T19:45:00+0200,27.7722,MW,DK2,DK_2,actual_solar_generation,Solar,2026-08-26T10:27:13Z
2026-08-26T10:01:57Z,2026-08-26T12:01:57+0200,de5651f7-a4c0-4808-ad66-e3bdff44187a,2026-08-23T18:00:00Z,2026-08-23T20:00:00+0200,11.8056,MW,DK2,DK_2,actual_solar_generation,Solar,2026-08-26T10:27:13Z
2026-08-26T10:01:57Z,2026-08-26T12:01:57+0200,de5651f7-a4c0-4808-ad66-e3bdff44187a,2026-08-23T18:15:00Z,2026-08-23T20:15:00+0200,2.40857,MW,DK2,DK_2,actual_solar_generation,Solar,2026-08-26T10:27:13Z
2026-08-26T10:01:57Z,2026-08-26T12:01:57+0200,de5651f7-a4c0-4808-ad66-e3bdff44187a,2026-08-23T18:30:00Z,2026-08-23T20:30:00+0200,0.419636,MW,DK2,DK_2,actual_solar_generation,Solar,2026-08-26T10:27:13Z
2026-08-26T10:01:57Z,2026-08-26T12:01:57+0200,de5651f7-a4c0-4808-ad66-e3bdff44187a,2026-08-23T18:45:00Z,2026-08-23T20:45:00+0200,0.177075,MW,DK2,DK_2,actual_solar_generation,Solar,2026-08-26T10:27:13Z
2026-08-26T10:01:57Z,2026-08-26T12:01:57+0200,de5651f7-a4c0-4808-ad66-e3bdff44187a,2026-08-23T19:00:00Z,2026-08-23T21:00:00+0200,0.0,MW,DK2,DK_2,actual_solar_generation,Solar,2026-08-26T10:27:13Z
2026-08-26T10:01:57Z,2026-08-26T12:01:57+0200,de5651f7-a4c0-4808-ad66-e3bdff44187a,2026-08-23T19:15:00Z,2026-08-23T21:15:00+0200,0.41025,MW,DK2,DK_2,actual_solar_generation,Solar,2026-08-26T10:27:13Z
2026-08-26T10:01:57Z,2026-08-26T12:01:57+0200,de5651f7-a4c0-4808-ad66-e3bdff44187a,2026-08-23T19:30:00Z,2026-08-23T21:30:00+0200,0.0,MW,DK2,DK_2,actual_solar_generation,Solar,2026-08-26T10:27:13Z
2026-08-26T10:01:57Z,2026-08-26T12:01:57+0200,de5651f7-a4c0-4808-ad66-e3bdff44187a,2026-08-23T19:45:00Z,2026-08-23T21:45:00+0200,0.0,MW,DK2,DK_2,actual_solar_generation,Solar,2026-08-26T10:27:13Z
2026-08-26T10:01:57Z,2026-08-26T12:01:57+0200,de5651f7-a4c0-4808-ad66-e3bdff44187a,2026-08-23T20:00:00Z,2026-08-23T22:00:00+0200,0.0,MW,DK2,DK_2,actual_solar_generation,Solar,2026-08-26T10:27:13Z
2026-08-26T10:01:57Z,2026-08-26T12:01:57+0200,de5651f7-a4c0-4808-ad66-e3bdff44187a,2026-08-23T20:15:00Z,2026-08-23T22:15:00+0200,0.0,MW,DK2,DK_2,actual_solar_generation,Solar,2026-08-26T10:27:13Z
2026-08-26T10:01:57Z,2026-08-26T12:01:57+0200,de5651f7-a4c0-4808-ad66-e3bdff44187a,2026-08-23T20:30:00Z,2026-08-23T22:30:00+0200,0.0,MW,DK2,DK_2,actual_solar_generation,Solar,2026-08-26T10:27:13Z
2026-08-26T10:01:57Z,2026-08-26T12:01:57+0200,de5651f7-a4c0-4808-ad66-e3bdff44187a,2026-08-23T20:45:00Z,2026-08-23T22:45:00+0200,0.0,MW,DK2,DK_2,actual_solar_generation,Solar,2026-08-26T10:27:13Z
2026-08-26T10:01:57Z,2026-08-26T12:01:57+0200,de5651f7-a4c0-4808-ad66-e3bdff44187a,2026-08-23T21:00:00Z,2026-08-23T23:00:00+0200,0.0,MW,DK2,DK_2,actual_solar_generation,Solar,2026-08-26T10:27:13Z
2026-08-26T10:01:57Z,2026-08-26T12:01:57+0200,de5651f7-a4c0-4808-ad66-e3bdff44187a,2026-08-23T21:15:00Z,2026-08-23T23:15:00+0200,0.0,MW,DK2,DK_2,actual_solar_generation,Solar,2026-08-26T10:27:13Z
2026-08-26T10:01:57Z,2026-08-26T12:01:57+0200,de5651f7-a4c0-4808-ad66-e3bdff44187a,2026-08-23T21:30:00Z,2026-08-23T23:30:00+0200,0.0,MW,DK2,DK_2,actual_solar_generation,Solar,2026-08-26T10:27:13Z
2026-08-26T10:01:57Z,2026-08-26T12:01:57+0200,de5651f7-a4c0-4808-ad66-e3bdff44187a,2026-08-23T21:45:00Z,2026-08-23T23:45:00+0200,0.0,MW,DK2,DK_2,actual_solar_generation,Solar,2026-08-26T10:27:13Z
2026-08-26T10:01:57Z,2026-08-26T12:01:57+0200,de5651f7-a4c0-4808-ad66-e3bdff44187a,2026-08-23T22:00:00Z,2026-08-24T00:00:00+0200,0.0,MW,DK2,DK_2,actual_solar_generation,Solar,2026-08-26T10:27:13Z
2026-08-26T10:01:57Z,2026-08-26T12:01:57+0200,de5651f7-a4c0-4808-ad66-e3bdff44187a,2026-08-23T22:15:00Z,2026-08-24T00:15:00+0200,0.0,MW,DK2,DK_2,actual_solar_generation,Solar,2026-08-26T10:27:13Z
2026-08-26T10:01:57Z,2026-08-26T12:01:57+0200,de5651f7-a4c0-4808-ad66-e3bdff44187a,2026-08-23T22:30:00Z,2026-08-24T00:30:00+0200,0.0,MW,DK2,DK_2,actual_solar_generation,Solar,2026-08-26T10:27:13Z
2026-08-26T10:01:57Z,2026-08-26T12:01:57+0200,de5651f7-a4c0-4808-ad66-e3bdff44187a,2026-08-23T22:45:00Z,2026-08-24T00:45:00+0200,0.0,MW,DK2,DK_2,actual_solar_generation,Solar,2026-08-26T10:27:13Z
2026-08-26T10:01:57Z,2026-08-26T12:01:57+0200,de5651f7-a4c0-4808-ad66-e3bdff44187a,2026-08-23T23:00:00Z,2026-08-24T01:00:00+0200,0.0,MW,DK2,DK_2,actual_solar_generation,Solar,2026-08-26T10:27:13Z
2026-08-26T10:01:57Z,2026-08-26T12:01:57+0200,de5651f7-a4c0-4808-ad66-e3bdff44187a,2026-08-23T23:15:00Z,2026-08-24T01:15:00+0200,0.0,MW,DK2,DK_2,actual_solar_generation,Solar,2026-08-26T10:27:13Z
2026-08-26T10:01:57Z,2026-08-26T12:01:57+0200,de5651f7-a4c0-4808-ad66-e3bdff44187a,2026-08-23T23:30:00Z,2026-08-24T01:30:00+0200,0.0,MW,DK2,DK_2,actual_solar_generation,Solar,2026-08-26T10:27:13Z
2026-08-26T10:01:57Z,2026-08-26T12:01:57+0200,de5651f7-a4c0-4808-ad66-e3bdff44187a,2026-08-23T23:45:00Z,2026-08-24T01:45:00+0200,0.0,MW,DK2,DK_2,actual_solar_generation,Solar,2026-08-26T10:27:13Z
2026-08-26T10:01:57Z,2026-08-26T12:01:57+0200,de5651f7-a4c0-4808-ad66-e3bdff44187a,2026-08-24T00:00:00Z,2026-08-24T02:00:00+0200,0.0,MW,DK2,DK_2,actual_solar_generation,Solar,2026-08-26T10:27:13Z
2026-08-26T10:01:57Z,2026-08-26T12:01:57+0200,de5651f7-a4c0-4808-ad66-e3bdff44187a,2026-08-24T00:15:00Z,2026-08-24T02:15:00+0200,0.0,MW,DK2,DK_2,actual_solar_generation,Solar,2026-08-26T10:27:13Z
2026-08-26T10:01:57Z,2026-08-26T12:01:57+0200,de5651f7-a4c0-4808-ad66-e3bdff44187a,2026-08-24T00:30:00Z,2026-08-24T02:30:00+0200,0.0,MW,DK2,DK_2,actual_solar_generation,Solar,2026-08-26T10:27:13Z
2026-08-26T10:01:57Z,2026-08-26T12:01:57+0200,de5651f7-a4c0-4808-ad66-e3bdff44187a,2026-08-24T00:45:00Z,2026-08-24T02:45:00+0200,0.0,MW,DK2,DK_2,actual_solar_generation,Solar,2026-08-26T10:27:13Z
2026-08-26T10:01:57Z,2026-08-26T12:01:57+0200,de5651f7-a4c0-4808-ad66-e3bdff44187a,2026-08-24T01:00:00Z,2026-08-24T03:00:00+0200,0.0,MW,DK2,DK_2,actual_solar_generation,Solar,2026-08-26T10:27:13Z
2026-08-26T10:01:57Z,2026-08-26T12:01:57+0200,de5651f7-a4c0-4808-ad66-e3bdff44187a,2026-08-24T01:15:00Z,2026-08-24T03:15:00+0200,0.0,MW,DK2,DK_2,actual_solar_generation,Solar,2026-08-26T10:27:13Z
2026-08-26T10:01:57Z,2026-08-26T12:01:57+0200,de5651f7-a4c0-4808-ad66-e3bdff44187a,2026-08-24T01:30:00Z,2026-08-24T03:30:00+0200,0.0,MW,DK2,DK_2,actual_solar_generation,Solar,2026-08-26T10:27:13Z
2026-08-26T10:01:57Z,2026-08-26T12:01:57+0200,de5651f7-a4c0-4808-ad66-e3bdff44187a,2026-08-24T01:45:00Z,2026-08-24T03:45:00+0200,0.0,MW,DK2,DK_2,actual_solar_generation,Solar,2026-08-26T10:27:13Z
2026-08-26T10:01:57Z,2026-08-26T12:01:57+0200,de5651f7-a4c0-4808-ad66-e3bdff44187a,2026-08-24T02:00:00Z,2026-08-24T04:00:00+0200,0.0,MW,DK2,DK_2,actual_solar_generation,Solar,2026-08-26T10:27:13Z
2026-08-26T10:01:57Z,2026-08-26T12:01:57+0200,de5651f7-a4c0-4808-ad66-e3bdff44187a,2026-08-24T02:15:00Z,2026-08-24T04:15:00+0200,0.0,MW,DK2,DK_2,actual_solar_generation,Solar,2026-08-26T10:27:13Z
2026-08-26T10:01:57Z,2026-08-26T12:01:57+0200,de5651f7-a4c0-4808-ad66-e3bdff44187a,2026-08-24T02:30:00Z,2026-08-24T04:30:00+0200,0.0,MW,DK2,DK_2,actual_solar_generation,Solar,2026-08-26T10:27:13Z
2026-08-26T10:01:57Z,2026-08-26T12:01:57+0200,de5651f7-a4c0-4808-ad66-e3bdff44187a,2026-08-24T02:45:00Z,2026-08-24T04:45:00+0200,0.0,MW,DK2,DK_2,actual_solar_generation,Solar,2026-08-26T10:27:13Z
2026-08-26T10:01:57Z,2026-08-26T12:01:57+0200,de5651f7-a4c0-4808-ad66-e3bdff44187a,2026-08-24T03:00:00Z,2026-08-24T05:00:00+0200,0.0,MW,DK2,DK_2,actual_solar_generation,Solar,2026-08-26T10:27:13Z
2026-08-26T10:01:57Z,2026-08-26T12:01:57+0200,de5651f7-a4c0-4808-ad66-e3bdff44187a,2026-08-24T03:15:00Z,2026-08-24T05:15:00+0200,0.0,MW,DK2,DK_2,actual_solar_generation,Solar,2026-08-26T10:27:13Z
2026-08-26T10:01:57Z,2026-08-26T12:01:57+0200,de5651f7-a4c0-4808-ad66-e3bdff44187a,2026-08-24T03:30:00Z,2026-08-24T05:30:00+0200,0.0,MW,DK2,DK_2,actual_solar_generation,Solar,2026-08-26T10:27:13Z
2026-08-26T10:01:57Z,2026-08-26T12:01:57+0200,de5651f7-a4c0-4808-ad66-e3bdff44187a,2026-08-24T03:45:00Z,2026-08-24T05:45:00+0200,0.0,MW,DK2,DK_2,actual_solar_generation,Solar,2026-08-26T10:27:13Z
2026-08-26T10:01:57Z,2026-08-26T12:01:57+0200,de5651f7-a4c0-4808-ad66-e3bdff44187a,2026-08-24T04:00:00Z,2026-08-24T06:00:00+0200,2.42809,MW,DK2,DK_2,actual_solar_generation,Solar,2026-08-26T10:27:13Z
2026-08-26T10:01:57Z,2026-08-26T12:01:57+0200,de5651f7-a4c0-4808-ad66-e3bdff44187a,2026-08-24T04:15:00Z,2026-08-24T06:15:00+0200,15.618,MW,DK2,DK_2,actual_solar_generation,Solar,2026-08-26T10:27:13Z
2026-08-26T10:01:57Z,2026-08-26T12:01:57+0200,de5651f7-a4c0-4808-ad66-e3bdff44187a,2026-08-24T04:30:00Z,2026-08-24T06:30:00+0200,36.6139,MW,DK2,DK_2,actual_solar_generation,Solar,2026-08-26T10:27:13Z
2026-08-26T10:01:57Z,2026-08-26T12:01:57+0200,de5651f7-a4c0-4808-ad66-e3bdff44187a,2026-08-24T04:45:00Z,2026-08-24T06:45:00+0200,59.0012,MW,DK2,DK_2,actual_solar_generation,Solar,2026-08-26T10:27:13Z
2026-08-26T10:01:57Z,2026-08-26T12:01:57+0200,de5651f7-a4c0-4808-ad66-e3bdff44187a,2026-08-24T05:00:00Z,2026-08-24T07:00:00+0200,87.3772,MW,DK2,DK_2,actual_solar_generation,Solar,2026-08-26T10:27:13Z
2026-08-26T10:01:57Z,2026-08-26T12:01:57+0200,de5651f7-a4c0-4808-ad66-e3bdff44187a,2026-08-24T05:15:00Z,2026-08-24T07:15:00+0200,106.965,MW,DK2,DK_2,actual_solar_generation,Solar,2026-08-26T10:27:13Z
2026-08-26T10:01:57Z,2026-08-26T12:01:57+0200,de5651f7-a4c0-4808-ad66-e3bdff44187a,2026-08-24T05:30:00Z,2026-08-24T07:30:00+0200,138.867,MW,DK2,DK_2,actual_solar_generation,Solar,2026-08-26T10:27:13Z
2026-08-26T10:01:57Z,2026-08-26T12:01:57+0200,de5651f7-a4c0-4808-ad66-e3bdff44187a,2026-08-24T05:45:00Z,2026-08-24T07:45:00+0200,180.825,MW,DK2,DK_2,actual_solar_generation,Solar,2026-08-26T10:27:13Z
2026-08-26T10:01:57Z,2026-08-26T12:01:57+0200,de5651f7-a4c0-4808-ad66-e3bdff44187a,2026-08-24T06:00:00Z,2026-08-24T08:00:00+0200,231.326,MW,DK2,DK_2,actual_solar_generation,Solar,2026-08-26T10:27:13Z
2026-08-26T10:01:57Z,2026-08-26T12:01:57+0200,de5651f7-a4c0-4808-ad66-e3bdff44187a,2026-08-24T06:15:00Z,2026-08-24T08:15:00+0200,265.24,MW,DK2,DK_2,actual_solar_generation,Solar,2026-08-26T10:27:13Z
2026-08-26T10:01:57Z,2026-08-26T12:01:57+0200,de5651f7-a4c0-4808-ad66-e3bdff44187a,2026-08-24T06:30:00Z,2026-08-24T08:30:00+0200,305.063,MW,DK2,DK_2,actual_solar_generation,Solar,2026-08-26T10:27:13Z
2026-08-26T10:01:57Z,2026-08-26T12:01:57+0200,de5651f7-a4c0-4808-ad66-e3bdff44187a,2026-08-24T06:45:00Z,2026-08-24T08:45:00+0200,367.309,MW,DK2,DK_2,actual_solar_generation,Solar,2026-08-26T10:27:13Z
2026-08-26T10:01:57Z,2026-08-26T12:01:57+0200,de5651f7-a4c0-4808-ad66-e3bdff44187a,2026-08-24T07:00:00Z,2026-08-24T09:00:00+0200,398.493,MW,DK2,DK_2,actual_solar_generation,Solar,2026-08-26T10:27:13Z
2026-08-26T10:01:57Z,2026-08-26T12:01:57+0200,de5651f7-a4c0-4808-ad66-e3bdff44187a,2026-08-24T07:15:00Z,2026-08-24T09:15:00+0200,458.837,MW,DK2,DK_2,actual_solar_generation,Solar,2026-08-26T10:27:13Z
2026-08-26T10:01:57Z,2026-08-26T12:01:57+0200,de5651f7-a4c0-4808-ad66-e3bdff44187a,2026-08-24T07:30:00Z,2026-08-24T09:30:00+0200,495.0,MW,DK2,DK_2,actual_solar_generation,Solar,2026-08-26T10:27:13Z
2026-08-26T10:01:57Z,2026-08-26T12:01:57+0200,de5651f7-a4c0-4808-ad66-e3bdff44187a,2026-08-24T07:45:00Z,2026-08-24T09:45:00+0200,568.496,MW,DK2,DK_2,actual_solar_generation,Solar,2026-08-26T10:27:13Z
2026-08-26T10:01:57Z,2026-08-26T12:01:57+0200,de5651f7-a4c0-4808-ad66-e3bdff44187a,2026-08-24T08:00:00Z,2026-08-24T10:00:00+0200,645.463,MW,DK2,DK_2,actual_solar_generation,Solar,2026-08-26T10:27:13Z
2026-08-26T10:01:57Z,2026-08-26T12:01:57+0200,de5651f7-a4c0-4808-ad66-e3bdff44187a,2026-08-24T08:15:00Z,2026-08-24T10:15:00+0200,718.497,MW,DK2,DK_2,actual_solar_generation,Solar,2026-08-26T10:27:13Z
2026-08-26T10:01:57Z,2026-08-26T12:01:57+0200,de5651f7-a4c0-4808-ad66-e3bdff44187a,2026-08-24T08:30:00Z,2026-08-24T10:30:00+0200,751.389,MW,DK2,DK_2,actual_solar_generation,Solar,2026-08-26T10:27:13Z
2026-08-26T10:01:57Z,2026-08-26T12:01:57+0200,de5651f7-a4c0-4808-ad66-e3bdff44187a,2026-08-24T08:45:00Z,2026-08-24T10:45:00+0200,800.943,MW,DK2,DK_2,actual_solar_generation,Solar,2026-08-26T10:27:13Z
2026-08-26T10:01:57Z,2026-08-26T12:01:57+0200,de5651f7-a4c0-4808-ad66-e3bdff44187a,2026-08-24T09:00:00Z,2026-08-24T11:00:00+0200,845.569,MW,DK2,DK_2,actual_solar_generation,Solar,2026-08-26T10:27:13Z
2026-08-26T10:01:57Z,2026-08-26T12:01:57+0200,de5651f7-a4c0-4808-ad66-e3bdff44187a,2026-08-24T09:15:00Z,2026-08-24T11:15:00+0200,874.007,MW,DK2,DK_2,actual_solar_generation,Solar,2026-08-26T10:27:13Z
2026-08-26T10:01:57Z,2026-08-26T12:01:57+0200,de5651f7-a4c0-4808-ad66-e3bdff44187a,2026-08-24T09:30:00Z,2026-08-24T11:30:00+0200,898.999,MW,DK2,DK_2,actual_solar_generation,Solar,2026-08-26T10:27:13Z
2026-08-26T10:01:57Z,2026-08-26T12:01:57+0200,de5651f7-a4c0-4808-ad66-e3bdff44187a,2026-08-24T09:45:00Z,2026-08-24T11:45:00+0200,914.748,MW,DK2,DK_2,actual_solar_generation,Solar,2026-08-26T10:27:13Z
2026-08-26T10:01:57Z,2026-08-26T12:01:57+0200,de5651f7-a4c0-4808-ad66-e3bdff44187a,2026-08-24T10:00:00Z,2026-08-24T12:00:00+0200,928.801,MW,DK2,DK_2,actual_solar_generation,Solar,2026-08-26T10:27:13Z
2026-08-26T10:01:57Z,2026-08-26T12:01:57+0200,de5651f7-a4c0-4808-ad66-e3bdff44187a,2026-08-24T10:15:00Z,2026-08-24T12:15:00+0200,931.483,MW,DK2,DK_2,actual_solar_generation,Solar,2026-08-26T10:27:13Z
2026-08-26T10:01:57Z,2026-08-26T12:01:57+0200,de5651f7-a4c0-4808-ad66-e3bdff44187a,2026-08-24T10:30:00Z,2026-08-24T12:30:00+0200,925.827,MW,DK2,DK_2,actual_solar_generation,Solar,2026-08-26T10:27:13Z
2026-08-26T10:01:57Z,2026-08-26T12:01:57+0200,de5651f7-a4c0-4808-ad66-e3bdff44187a,2026-08-24T10:45:00Z,2026-08-24T12:45:00+0200,918.381,MW,DK2,DK_2,actual_solar_generation,Solar,2026-08-26T10:27:13Z
2026-08-26T10:01:57Z,2026-08-26T12:01:57+0200,de5651f7-a4c0-4808-ad66-e3bdff44187a,2026-08-24T11:00:00Z,2026-08-24T13:00:00+0200,904.958,MW,DK2,DK_2,actual_solar_generation,Solar,2026-08-26T10:27:13Z
2026-08-26T10:01:57Z,2026-08-26T12:01:57+0200,de5651f7-a4c0-4808-ad66-e3bdff44187a,2026-08-24T11:15:00Z,2026-08-24T13:15:00+0200,905.838,MW,DK2,DK_2,actual_solar_generation,Solar,2026-08-26T10:27:13Z
2026-08-26T10:01:57Z,2026-08-26T12:01:57+0200,de5651f7-a4c0-4808-ad66-e3bdff44187a,2026-08-24T11:30:00Z,2026-08-24T13:30:00+0200,901.762,MW,DK2,DK_2,actual_solar_generation,Solar,2026-08-26T10:27:13Z
2026-08-26T10:01:57Z,2026-08-26T12:01:57+0200,de5651f7-a4c0-4808-ad66-e3bdff44187a,2026-08-24T11:45:00Z,2026-08-24T13:45:00+0200,907.701,MW,DK2,DK_2,actual_solar_generation,Solar,2026-08-26T10:27:13Z
2026-08-26T10:01:57Z,2026-08-26T12:01:57+0200,de5651f7-a4c0-4808-ad66-e3bdff44187a,2026-08-24T12:00:00Z,2026-08-24T14:00:00+0200,908.1,MW,DK2,DK_2,actual_solar_generation,Solar,2026-08-26T10:27:13Z
2026-08-26T10:01:57Z,2026-08-26T12:01:57+0200,de5651f7-a4c0-4808-ad66-e3bdff44187a,2026-08-24T12:15:00Z,2026-08-24T14:15:00+0200,901.779,MW,DK2,DK_2,actual_solar_generation,Solar,2026-08-26T10:27:13Z
2026-08-26T10:01:57Z,2026-08-26T12:01:57+0200,de5651f7-a4c0-4808-ad66-e3bdff44187a,2026-08-24T12:30:00Z,2026-08-24T14:30:00+0200,883.812,MW,DK2,DK_2,actual_solar_generation,Solar,2026-08-26T10:27:13Z
2026-08-26T10:01:57Z,2026-08-26T12:01:57+0200,de5651f7-a4c0-4808-ad66-e3bdff44187a,2026-08-24T12:45:00Z,2026-08-24T14:45:00+0200,862.539,MW,DK2,DK_2,actual_solar_generation,Solar,2026-08-26T10:27:13Z
2026-08-26T10:01:57Z,2026-08-26T12:01:57+0200,de5651f7-a4c0-4808-ad66-e3bdff44187a,2026-08-24T13:00:00Z,2026-08-24T15:00:00+0200,864.054,MW,DK2,DK_2,actual_solar_generation,Solar,2026-08-26T10:27:13Z
2026-08-26T10:01:57Z,2026-08-26T12:01:57+0200,de5651f7-a4c0-4808-ad66-e3bdff44187a,2026-08-24T13:15:00Z,2026-08-24T15:15:00+0200,822.304,MW,DK2,DK_2,actual_solar_generation,Solar,2026-08-26T10:27:13Z
2026-08-26T10:01:57Z,2026-08-26T12:01:57+0200,de5651f7-a4c0-4808-ad66-e3bdff44187a,2026-08-24T13:30:00Z,2026-08-24T15:30:00+0200,797.11,MW,DK2,DK_2,actual_solar_generation,Solar,2026-08-26T10:27:13Z
2026-08-26T10:01:57Z,2026-08-26T12:01:57+0200,de5651f7-a4c0-4808-ad66-e3bdff44187a,2026-08-24T13:45:00Z,2026-08-24T15:45:00+0200,757.993,MW,DK2,DK_2,actual_solar_generation,Solar,2026-08-26T10:27:13Z
2026-08-26T10:01:57Z,2026-08-26T12:01:57+0200,de5651f7-a4c0-4808-ad66-e3bdff44187a,2026-08-24T14:00:00Z,2026-08-24T16:00:00+0200,735.12,MW,DK2,DK_2,actual_solar_generation,Solar,2026-08-26T10:27:13Z
2026-08-26T10:01:57Z,2026-08-26T12:01:57+0200,de5651f7-a4c0-4808-ad66-e3bdff44187a,2026-08-24T14:15:00Z,2026-08-24T16:15:00+0200,826.671,MW,DK2,DK_2,actual_solar_generation,Solar,2026-08-26T10:27:13Z
2026-08-26T10:01:57Z,2026-08-26T12:01:57+0200,de5651f7-a4c0-4808-ad66-e3bdff44187a,2026-08-24T14:30:00Z,2026-08-24T16:30:00+0200,782.522,MW,DK2,DK_2,actual_solar_generation,Solar,2026-08-26T10:27:13Z
2026-08-26T10:01:57Z,2026-08-26T12:01:57+0200,de5651f7-a4c0-4808-ad66-e3bdff44187a,2026-08-24T14:45:00Z,2026-08-24T16:45:00+0200,734.131,MW,DK2,DK_2,actual_solar_generation,Solar,2026-08-26T10:27:13Z
2026-08-26T10:01:57Z,2026-08-26T12:01:57+0200,de5651f7-a4c0-4808-ad66-e3bdff44187a,2026-08-24T15:00:00Z,2026-08-24T17:00:00+0200,663.87,MW,DK2,DK_2,actual_solar_generation,Solar,2026-08-26T10:27:13Z
2026-08-26T10:01:57Z,2026-08-26T12:01:57+0200,de5651f7-a4c0-4808-ad66-e3bdff44187a,2026-08-24T15:15:00Z,2026-08-24T17:15:00+0200,606.114,MW,DK2,DK_2,actual_solar_generation,Solar,2026-08-26T10:27:13Z
2026-08-26T10:01:57Z,2026-08-26T12:01:57+0200,de5651f7-a4c0-4808-ad66-e3bdff44187a,2026-08-24T15:30:00Z,2026-08-24T17:30:00+0200,542.861,MW,DK2,DK_2,actual_solar_generation,Solar,2026-08-26T10:27:13Z
2026-08-26T10:01:57Z,2026-08-26T12:01:57+0200,de5651f7-a4c0-4808-ad66-e3bdff44187a,2026-08-24T15:45:00Z,2026-08-24T17:45:00+0200,497.574,MW,DK2,DK_2,actual_solar_generation,Solar,2026-08-26T10:27:13Z
2026-08-26T10:01:57Z,2026-08-26T12:01:57+0200,de5651f7-a4c0-4808-ad66-e3bdff44187a,2026-08-24T16:00:00Z,2026-08-24T18:00:00+0200,461.745,MW,DK2,DK_2,actual_solar_generation,Solar,2026-08-26T10:27:13Z
2026-08-26T10:01:57Z,2026-08-26T12:01:57+0200,de5651f7-a4c0-4808-ad66-e3bdff44187a,2026-08-24T16:15:00Z,2026-08-24T18:15:00+0200,383.623,MW,DK2,DK_2,actual_solar_generation,Solar,2026-08-26T10:27:13Z
2026-08-26T10:01:57Z,2026-08-26T12:01:57+0200,de5651f7-a4c0-4808-ad66-e3bdff44187a,2026-08-24T16:30:00Z,2026-08-24T18:30:00+0200,307.592,MW,DK2,DK_2,actual_solar_generation,Solar,2026-08-26T10:27:13Z
2026-08-26T10:01:57Z,2026-08-26T12:01:57+0200,de5651f7-a4c0-4808-ad66-e3bdff44187a,2026-08-24T16:45:00Z,2026-08-24T18:45:00+0200,240.42,MW,DK2,DK_2,actual_solar_generation,Solar,2026-08-26T10:27:13Z
2026-08-26T10:01:57Z,2026-08-26T12:01:57+0200,de5651f7-a4c0-4808-ad66-e3bdff44187a,2026-08-24T17:00:00Z,2026-08-24T19:00:00+0200,173.811,MW,DK2,DK_2,actual_solar_generation,Solar,2026-08-26T10:27:13Z
2026-08-26T10:01:57Z,2026-08-26T12:01:57+0200,de5651f7-a4c0-4808-ad66-e3bdff44187a,2026-08-24T17:15:00Z,2026-08-24T19:15:00+0200,118.757,MW,DK2,DK_2,actual_solar_generation,Solar,2026-08-26T10:27:13Z
2026-08-26T10:01:57Z,2026-08-26T12:01:57+0200,de5651f7-a4c0-4808-ad66-e3bdff44187a,2026-08-24T17:30:00Z,2026-08-24T19:30:00+0200,74.2812,MW,DK2,DK_2,actual_solar_generation,Solar,2026-08-26T10:27:13Z
2026-08-26T10:01:57Z,2026-08-26T12:01:57+0200,de5651f7-a4c0-4808-ad66-e3bdff44187a,2026-08-24T17:45:00Z,2026-08-24T19:45:00+0200,42.1989,MW,DK2,DK_2,actual_solar_generation,Solar,2026-08-26T10:27:13Z
2026-08-26T10:01:57Z,2026-08-26T12:01:57+0200,de5651f7-a4c0-4808-ad66-e3bdff44187a,2026-08-24T18:00:00Z,2026-08-24T20:00:00+0200,19.8506,MW,DK2,DK_2,actual_solar_generation,Solar,2026-08-26T10:27:13Z
2026-08-26T10:01:57Z,2026-08-26T12:01:57+0200,de5651f7-a4c0-4808-ad66-e3bdff44187a,2026-08-24T18:15:00Z,2026-08-24T20:15:00+0200,4.36261,MW,DK2,DK_2,actual_solar_generation,Solar,2026-08-26T10:27:13Z
2026-08-26T10:01:57Z,2026-08-26T12:01:57+0200,de5651f7-a4c0-4808-ad66-e3bdff44187a,2026-08-24T18:30:00Z,2026-08-24T20:30:00+0200,0.30367,MW,DK2,DK_2,actual_solar_generation,Solar,2026-08-26T10:27:13Z
2026-08-26T10:01:57Z,2026-08-26T12:01:57+0200,de5651f7-a4c0-4808-ad66-e3bdff44187a,2026-08-24T18:45:00Z,2026-08-24T20:45:00+0200,0.0,MW,DK2,DK_2,actual_solar_generation,Solar,2026-08-26T10:27:13Z
2026-08-26T10:01:57Z,2026-08-26T12:01:57+0200,de5651f7-a4c0-4808-ad66-e3bdff44187a,2026-08-24T19:00:00Z,2026-08-24T21:00:00+0200,0.0,MW,DK2,DK_2,actual_solar_generation,Solar,2026-08-26T10:27:13Z
2026-08-26T10:01:57Z,2026-08-26T12:01:57+0200,de5651f7-a4c0-4808-ad66-e3bdff44187a,2026-08-24T19:15:00Z,2026-08-24T21:15:00+0200,0.0,MW,DK2,DK_2,actual_solar_generation,Solar,2026-08-26T10:27:13Z
2026-08-26T10:01:57Z,2026-08-26T12:01:57+0200,de5651f7-a4c0-4808-ad66-e3bdff44187a,2026-08-24T19:30:00Z,2026-08-24T21:30:00+0200,0.0,MW,DK2,DK_2,actual_solar_generation,Solar,2026-08-26T10:27:13Z
2026-08-26T10:01:57Z,2026-08-26T12:01:57+0200,de5651f7-a4c0-4808-ad66-e3bdff44187a,2026-08-24T19:45:00Z,2026-08-24T21:45:00+0200,0.0,MW,DK2,DK_2,actual_solar_generation,Solar,2026-08-26T10:27:13Z
2026-08-26T10:01:57Z,2026-08-26T12:01:57+0200,de5651f7-a4c0-4808-ad66-e3bdff44187a,2026-08-24T20:00:00Z,2026-08-24T22:00:00+0200,0.0,MW,DK2,DK_2,actual_solar_generation,Solar,2026-08-26T10:27:13Z
2026-08-26T10:01:57Z,2026-08-26T12:01:57+0200,de5651f7-a4c0-4808-ad66-e3bdff44187a,2026-08-24T20:15:00Z,2026-08-24T22:15:00+0200,0.0,MW,DK2,DK_2,actual_solar_generation,Solar,2026-08-26T10:27:13Z
2026-08-26T10:01:57Z,2026-08-26T12:01:57+0200,de5651f7-a4c0-4808-ad66-e3bdff44187a,2026-08-24T20:30:00Z,2026-08-24T22:30:00+0200,0.0,MW,DK2,DK_2,actual_solar_generation,Solar,2026-08-26T10:27:13Z
2026-08-26T10:01:57Z,2026-08-26T12:01:57+0200,de5651f7-a4c0-4808-ad66-e3bdff44187a,2026-08-24T20:45:00Z,2026-08-24T22:45:00+0200,0.0,MW,DK2,DK_2,actual_solar_generation,Solar,2026-08-26T10:27:13Z
2026-08-26T10:01:57Z,2026-08-26T12:01:57+0200,de5651f7-a4c0-4808-ad66-e3bdff44187a,2026-08-24T21:00:00Z,2026-08-24T23:00:00+0200,0.0,MW,DK2,DK_2,actual_solar_generation,Solar,2026-08-26T10:27:13Z
2026-08-26T10:01:57Z,2026-08-26T12:01:57+0200,de5651f7-a4c0-4808-ad66-e3bdff44187a,2026-08-24T21:15:00Z,2026-08-24T23:15:00+0200,0.0,MW,DK2,DK_2,actual_solar_generation,Solar,2026-08-26T10:27:13Z
2026-08-26T10:01:57Z,2026-08-26T12:01:57+0200,de5651f7-a4c0-4808-ad66-e3bdff44187a,2026-08-24T21:30:00Z,2026-08-24T23:30:00+0200,0.0,MW,DK2,DK_2,actual_solar_generation,Solar,2026-08-26T10:27:13Z
2026-08-26T10:01:57Z,2026-08-26T12:01:57+0200,de5651f7-a4c0-4808-ad66-e3bdff44187a,2026-08-24T21:45:00Z,2026-08-24T23:45:00+0200,0.0,MW,DK2,DK_2,actual_solar_generation,Solar,2026-08-26T10:27:13Z
2026-08-26T10:01:57Z,2026-08-26T12:01:57+0200,de5651f7-a4c0-4808-ad66-e3bdff44187a,2026-08-24T22:00:00Z,2026-08-25T00:00:00+0200,0.0,MW,DK2,DK_2,actual_solar_generation,Solar,2026-08-26T10:27:13Z
2026-08-26T10:01:57Z,2026-08-26T12:01:57+0200,de5651f7-a4c0-4808-ad66-e3bdff44187a,2026-08-24T22:15:00Z,2026-08-25T00:15:00+0200,0.0,MW,DK2,DK_2,actual_solar_generation,Solar,2026-08-26T10:27:13Z
2026-08-26T10:01:57Z,2026-08-26T12:01:57+0200,de5651f7-a4c0-4808-ad66-e3bdff44187a,2026-08-24T22:30:00Z,2026-08-25T00:30:00+0200,0.0,MW,DK2,DK_2,actual_solar_generation,Solar,2026-08-26T10:27:13Z
2026-08-26T10:01:57Z,2026-08-26T12:01:57+0200,de5651f7-a4c0-4808-ad66-e3bdff44187a,2026-08-24T22:45:00Z,2026-08-25T00:45:00+0200,0.0,MW,DK2,DK_2,actual_solar_generation,Solar,2026-08-26T10:27:13Z
2026-08-26T10:01:57Z,2026-08-26T12:01:57+0200,de5651f7-a4c0-4808-ad66-e3bdff44187a,2026-08-24T23:00:00Z,2026-08-25T01:00:00+0200,0.0,MW,DK2,DK_2,actual_solar_generation,Solar,2026-08-26T10:27:13Z
2026-08-26T10:01:57Z,2026-08-26T12:01:57+0200,de5651f7-a4c0-4808-ad66-e3bdff44187a,2026-08-24T23:15:00Z,2026-08-25T01:15:00+0200,0.0,MW,DK2,DK_2,actual_solar_generation,Solar,2026-08-26T10:27:13Z
2026-08-26T10:01:57Z,2026-08-26T12:01:57+0200,de5651f7-a4c0-4808-ad66-e3bdff44187a,2026-08-24T23:30:00Z,2026-08-25T01:30:00+0200,0.0,MW,DK2,DK_2,actual_solar_generation,Solar,2026-08-26T10:27:13Z
2026-08-26T10:01:57Z,2026-08-26T12:01:57+0200,de5651f7-a4c0-4808-ad66-e3bdff44187a,2026-08-24T23:45:00Z,2026-08-25T01:45:00+0200,0.0,MW,DK2,DK_2,actual_solar_generation,Solar,2026-08-26T10:27:13Z
2026-08-26T10:01:57Z,2026-08-26T12:01:57+0200,de5651f7-a4c0-4808-ad66-e3bdff44187a,2026-08-25T00:00:00Z,2026-08-25T02:00:00+0200,0.0,MW,DK2,DK_2,actual_solar_generation,Solar,2026-08-26T10:27:13Z
2026-08-26T10:01:57Z,2026-08-26T12:01:57+0200,de5651f7-a4c0-4808-ad66-e3bdff44187a,2026-08-25T00:15:00Z,2026-08-25T02:15:00+0200,0.0,MW,DK2,DK_2,actual_solar_generation,Solar,2026-08-26T10:27:13Z
2026-08-26T10:01:57Z,2026-08-26T12:01:57+0200,de5651f7-a4c0-4808-ad66-e3bdff44187a,2026-08-25T00:30:00Z,2026-08-25T02:30:00+0200,0.0,MW,DK2,DK_2,actual_solar_generation,Solar,2026-08-26T10:27:13Z
2026-08-26T10:01:57Z,2026-08-26T12:01:57+0200,de5651f7-a4c0-4808-ad66-e3bdff44187a,2026-08-25T00:45:00Z,2026-08-25T02:45:00+0200,0.0,MW,DK2,DK_2,actual_solar_generation,Solar,2026-08-26T10:27:13Z
2026-08-26T10:01:57Z,2026-08-26T12:01:57+0200,de5651f7-a4c0-4808-ad66-e3bdff44187a,2026-08-25T01:00:00Z,2026-08-25T03:00:00+0200,0.0,MW,DK2,DK_2,actual_solar_generation,Solar,2026-08-26T10:27:13Z
2026-08-26T10:01:57Z,2026-08-26T12:01:57+0200,de5651f7-a4c0-4808-ad66-e3bdff44187a,2026-08-25T01:15:00Z,2026-08-25T03:15:00+0200,0.0,MW,DK2,DK_2,actual_solar_generation,Solar,2026-08-26T10:27:13Z
2026-08-26T10:01:57Z,2026-08-26T12:01:57+0200,de5651f7-a4c0-4808-ad66-e3bdff44187a,2026-08-25T01:30:00Z,2026-08-25T03:30:00+0200,0.0,MW,DK2,DK_2,actual_solar_generation,Solar,2026-08-26T10:27:13Z
2026-08-26T10:01:57Z,2026-08-26T12:01:57+0200,de5651f7-a4c0-4808-ad66-e3bdff44187a,2026-08-25T01:45:00Z,2026-08-25T03:45:00+0200,0.0,MW,DK2,DK_2,actual_solar_generation,Solar,2026-08-26T10:27:13Z
2026-08-26T10:01:57Z,2026-08-26T12:01:57+0200,de5651f7-a4c0-4808-ad66-e3bdff44187a,2026-08-25T02:00:00Z,2026-08-25T04:00:00+0200,0.0,MW,DK2,DK_2,actual_solar_generation,Solar,2026-08-26T10:27:13Z
2026-08-26T10:01:57Z,2026-08-26T12:01:57+0200,de5651f7-a4c0-4808-ad66-e3bdff44187a,2026-08-25T02:15:00Z,2026-08-25T04:15:00+0200,0.0,MW,DK2,DK_2,actual_solar_generation,Solar,2026-08-26T10:27:13Z
2026-08-26T10:01:57Z,2026-08-26T12:01:57+0200,de5651f7-a4c0-4808-ad66-e3bdff44187a,2026-08-25T02:30:00Z,2026-08-25T04:30:00+0200,0.0,MW,DK2,DK_2,actual_solar_generation,Solar,2026-08-26T10:27:13Z
2026-08-26T10:01:57Z,2026-08-26T12:01:57+0200,de5651f7-a4c0-4808-ad66-e3bdff44187a,2026-08-25T02:45:00Z,2026-08-25T04:45:00+0200,0.0,MW,DK2,DK_2,actual_solar_generation,Solar,2026-08-26T10:27:13Z
2026-08-26T10:01:57Z,2026-08-26T12:01:57+0200,de5651f7-a4c0-4808-ad66-e3bdff44187a,2026-08-25T03:00:00Z,2026-08-25T05:00:00+0200,0.0,MW,DK2,DK_2,actual_solar_generation,Solar,2026-08-26T10:27:13Z
2026-08-26T10:01:57Z,2026-08-26T12:01:57+0200,de5651f7-a4c0-4808-ad66-e3bdff44187a,2026-08-25T03:15:00Z,2026-08-25T05:15:00+0200,0.0,MW,DK2,DK_2,actual_solar_generation,Solar,2026-08-26T10:27:13Z
2026-08-26T10:01:57Z,2026-08-26T12:01:57+0200,de5651f7-a4c0-4808-ad66-e3bdff44187a,2026-08-25T03:30:00Z,2026-08-25T05:30:00+0200,0.0,MW,DK2,DK_2,actual_solar_generation,Solar,2026-08-26T10:27:13Z
2026-08-26T10:01:57Z,2026-08-26T12:01:57+0200,de5651f7-a4c0-4808-ad66-e3bdff44187a,2026-08-25T03:45:00Z,2026-08-25T05:45:00+0200,0.0,MW,DK2,DK_2,actual_solar_generation,Solar,2026-08-26T10:27:13Z
2026-08-26T10:01:57Z,2026-08-26T12:01:57+0200,de5651f7-a4c0-4808-ad66-e3bdff44187a,2026-08-25T04:00:00Z,2026-08-25T06:00:00+0200,1.16967,MW,DK2,DK_2,actual_solar_generation,Solar,2026-08-26T10:27:13Z
2026-08-26T10:01:57Z,2026-08-26T12:01:57+0200,de5651f7-a4c0-4808-ad66-e3bdff44187a,2026-08-25T04:15:00Z,2026-08-25T06:15:00+0200,7.87243,MW,DK2,DK_2,actual_solar_generation,Solar,2026-08-26T10:27:13Z
2026-08-26T10:01:57Z,2026-08-26T12:01:57+0200,de5651f7-a4c0-4808-ad66-e3bdff44187a,2026-08-25T04:30:00Z,2026-08-25T06:30:00+0200,17.9619,MW,DK2,DK_2,actual_solar_generation,Solar,2026-08-26T10:27:13Z
2026-08-26T10:01:57Z,2026-08-26T12:01:57+0200,de5651f7-a4c0-4808-ad66-e3bdff44187a,2026-08-25T04:45:00Z,2026-08-25T06:45:00+0200,36.2563,MW,DK2,DK_2,actual_solar_generation,Solar,2026-08-26T10:27:13Z
2026-08-26T10:01:57Z,2026-08-26T12:01:57+0200,de5651f7-a4c0-4808-ad66-e3bdff44187a,2026-08-25T05:00:00Z,2026-08-25T07:00:00+0200,58.2896,MW,DK2,DK_2,actual_solar_generation,Solar,2026-08-26T10:27:13Z
2026-08-26T10:01:57Z,2026-08-26T12:01:57+0200,de5651f7-a4c0-4808-ad66-e3bdff44187a,2026-08-25T05:15:00Z,2026-08-25T07:15:00+0200,90.0024,MW,DK2,DK_2,actual_solar_generation,Solar,2026-08-26T10:27:13Z
2026-08-26T10:01:57Z,2026-08-26T12:01:57+0200,de5651f7-a4c0-4808-ad66-e3bdff44187a,2026-08-25T05:30:00Z,2026-08-25T07:30:00+0200,132.488,MW,DK2,DK_2,actual_solar_generation,Solar,2026-08-26T10:27:13Z
2026-08-26T10:01:57Z,2026-08-26T12:01:57+0200,de5651f7-a4c0-4808-ad66-e3bdff44187a,2026-08-25T05:45:00Z,2026-08-25T07:45:00+0200,186.494,MW,DK2,DK_2,actual_solar_generation,Solar,2026-08-26T10:27:13Z
2026-08-26T10:01:57Z,2026-08-26T12:01:57+0200,de5651f7-a4c0-4808-ad66-e3bdff44187a,2026-08-25T06:00:00Z,2026-08-25T08:00:00+0200,248.352,MW,DK2,DK_2,actual_solar_generation,Solar,2026-08-26T10:27:13Z
2026-08-26T10:01:57Z,2026-08-26T12:01:57+0200,de5651f7-a4c0-4808-ad66-e3bdff44187a,2026-08-25T06:15:00Z,2026-08-25T08:15:00+0200,315.166,MW,DK2,DK_2,actual_solar_generation,Solar,2026-08-26T10:27:13Z
2026-08-26T10:01:57Z,2026-08-26T12:01:57+0200,de5651f7-a4c0-4808-ad66-e3bdff44187a,2026-08-25T06:30:00Z,2026-08-25T08:30:00+0200,384.65,MW,DK2,DK_2,actual_solar_generation,Solar,2026-08-26T10:27:13Z
2026-08-26T10:01:57Z,2026-08-26T12:01:57+0200,de5651f7-a4c0-4808-ad66-e3bdff44187a,2026-08-25T06:45:00Z,2026-08-25T08:45:00+0200,455.187,MW,DK2,DK_2,actual_solar_generation,Solar,2026-08-26T10:27:13Z
2026-08-26T10:01:57Z,2026-08-26T12:01:57+0200,de5651f7-a4c0-4808-ad66-e3bdff44187a,2026-08-25T07:00:00Z,2026-08-25T09:00:00+0200,483.023,MW,DK2,DK_2,actual_solar_generation,Solar,2026-08-26T10:27:13Z
2026-08-26T10:01:57Z,2026-08-26T12:01:57+0200,de5651f7-a4c0-4808-ad66-e3bdff44187a,2026-08-25T07:15:00Z,2026-08-25T09:15:00+0200,553.676,MW,DK2,DK_2,actual_solar_generation,Solar,2026-08-26T10:27:13Z
2026-08-26T10:01:57Z,2026-08-26T12:01:57+0200,de5651f7-a4c0-4808-ad66-e3bdff44187a,2026-08-25T07:30:00Z,2026-08-25T09:30:00+0200,610.66,MW,DK2,DK_2,actual_solar_generation,Solar,2026-08-26T10:27:13Z
2026-08-26T10:01:57Z,2026-08-26T12:01:57+0200,de5651f7-a4c0-4808-ad66-e3bdff44187a,2026-08-25T07:45:00Z,2026-08-25T09:45:00+0200,660.665,MW,DK2,DK_2,actual_solar_generation,Solar,2026-08-26T10:27:13Z
2026-08-26T10:01:57Z,2026-08-26T12:01:57+0200,de5651f7-a4c0-4808-ad66-e3bdff44187a,2026-08-25T08:00:00Z,2026-08-25T10:00:00+0200,706.411,MW,DK2,DK_2,actual_solar_generation,Solar,2026-08-26T10:27:13Z
2026-08-26T10:01:57Z,2026-08-26T12:01:57+0200,de5651f7-a4c0-4808-ad66-e3bdff44187a,2026-08-25T08:15:00Z,2026-08-25T10:15:00+0200,744.911,MW,DK2,DK_2,actual_solar_generation,Solar,2026-08-26T10:27:13Z
2026-08-26T10:01:57Z,2026-08-26T12:01:57+0200,de5651f7-a4c0-4808-ad66-e3bdff44187a,2026-08-25T08:30:00Z,2026-08-25T10:30:00+0200,781.051,MW,DK2,DK_2,actual_solar_generation,Solar,2026-08-26T10:27:13Z
2026-08-26T10:01:57Z,2026-08-26T12:01:57+0200,de5651f7-a4c0-4808-ad66-e3bdff44187a,2026-08-25T08:45:00Z,2026-08-25T10:45:00+0200,813.793,MW,DK2,DK_2,actual_solar_generation,Solar,2026-08-26T10:27:13Z
2026-08-26T10:01:57Z,2026-08-26T12:01:57+0200,de5651f7-a4c0-4808-ad66-e3bdff44187a,2026-08-25T09:00:00Z,2026-08-25T11:00:00+0200,840.13,MW,DK2,DK_2,actual_solar_generation,Solar,2026-08-26T10:27:13Z
2026-08-26T10:01:57Z,2026-08-26T12:01:57+0200,de5651f7-a4c0-4808-ad66-e3bdff44187a,2026-08-25T09:15:00Z,2026-08-25T11:15:00+0200,855.056,MW,DK2,DK_2,actual_solar_generation,Solar,2026-08-26T10:27:13Z
2026-08-26T10:01:57Z,2026-08-26T12:01:57+0200,de5651f7-a4c0-4808-ad66-e3bdff44187a,2026-08-25T09:30:00Z,2026-08-25T11:30:00+0200,883.574,MW,DK2,DK_2,actual_solar_generation,Solar,2026-08-26T10:27:13Z
2026-08-26T10:01:57Z,2026-08-26T12:01:57+0200,de5651f7-a4c0-4808-ad66-e3bdff44187a,2026-08-25T09:45:00Z,2026-08-25T11:45:00+0200,936.91,MW,DK2,DK_2,actual_solar_generation,Solar,2026-08-26T10:27:13Z
2026-08-26T10:01:57Z,2026-08-26T12:01:57+0200,de5651f7-a4c0-4808-ad66-e3bdff44187a,2026-08-25T10:00:00Z,2026-08-25T12:00:00+0200,955.052,MW,DK2,DK_2,actual_solar_generation,Solar,2026-08-26T10:27:13Z
2026-08-26T10:01:57Z,2026-08-26T12:01:57+0200,de5651f7-a4c0-4808-ad66-e3bdff44187a,2026-08-25T10:15:00Z,2026-08-25T12:15:00+0200,901.382,MW,DK2,DK_2,actual_solar_generation,Solar,2026-08-26T10:27:13Z
2026-08-26T10:01:57Z,2026-08-26T12:01:57+0200,de5651f7-a4c0-4808-ad66-e3bdff44187a,2026-08-25T10:30:00Z,2026-08-25T12:30:00+0200,883.285,MW,DK2,DK_2,actual_solar_generation,Solar,2026-08-26T10:27:13Z
2026-08-26T10:01:57Z,2026-08-26T12:01:57+0200,de5651f7-a4c0-4808-ad66-e3bdff44187a,2026-08-25T10:45:00Z,2026-08-25T12:45:00+0200,899.044,MW,DK2,DK_2,actual_solar_generation,Solar,2026-08-26T10:27:13Z
2026-08-26T10:01:57Z,2026-08-26T12:01:57+0200,de5651f7-a4c0-4808-ad66-e3bdff44187a,2026-08-25T11:00:00Z,2026-08-25T13:00:00+0200,903.213,MW,DK2,DK_2,actual_solar_generation,Solar,2026-08-26T10:27:13Z
2026-08-26T10:01:57Z,2026-08-26T12:01:57+0200,de5651f7-a4c0-4808-ad66-e3bdff44187a,2026-08-25T11:15:00Z,2026-08-25T13:15:00+0200,896.385,MW,DK2,DK_2,actual_solar_generation,Solar,2026-08-26T10:27:13Z
2026-08-26T10:01:57Z,2026-08-26T12:01:57+0200,de5651f7-a4c0-4808-ad66-e3bdff44187a,2026-08-25T11:30:00Z,2026-08-25T13:30:00+0200,872.768,MW,DK2,DK_2,actual_solar_generation,Solar,2026-08-26T10:27:13Z
2026-08-26T10:01:57Z,2026-08-26T12:01:57+0200,de5651f7-a4c0-4808-ad66-e3bdff44187a,2026-08-25T11:45:00Z,2026-08-25T13:45:00+0200,891.282,MW,DK2,DK_2,actual_solar_generation,Solar,2026-08-26T10:27:13Z
2026-08-26T10:01:57Z,2026-08-26T12:01:57+0200,de5651f7-a4c0-4808-ad66-e3bdff44187a,2026-08-25T12:00:00Z,2026-08-25T14:00:00+0200,897.835,MW,DK2,DK_2,actual_solar_generation,Solar,2026-08-26T10:27:13Z
2026-08-26T10:01:57Z,2026-08-26T12:01:57+0200,de5651f7-a4c0-4808-ad66-e3bdff44187a,2026-08-25T12:15:00Z,2026-08-25T14:15:00+0200,901.006,MW,DK2,DK_2,actual_solar_generation,Solar,2026-08-26T10:27:13Z
2026-08-26T10:01:57Z,2026-08-26T12:01:57+0200,de5651f7-a4c0-4808-ad66-e3bdff44187a,2026-08-25T12:30:00Z,2026-08-25T14:30:00+0200,882.309,MW,DK2,DK_2,actual_solar_generation,Solar,2026-08-26T10:27:13Z
2026-08-26T10:01:57Z,2026-08-26T12:01:57+0200,de5651f7-a4c0-4808-ad66-e3bdff44187a,2026-08-25T12:45:00Z,2026-08-25T14:45:00+0200,880.564,MW,DK2,DK_2,actual_solar_generation,Solar,2026-08-26T10:27:13Z
2026-08-26T10:01:57Z,2026-08-26T12:01:57+0200,de5651f7-a4c0-4808-ad66-e3bdff44187a,2026-08-25T13:00:00Z,2026-08-25T15:00:00+0200,852.245,MW,DK2,DK_2,actual_solar_generation,Solar,2026-08-26T10:27:13Z
2026-08-26T10:01:57Z,2026-08-26T12:01:57+0200,de5651f7-a4c0-4808-ad66-e3bdff44187a,2026-08-25T13:15:00Z,2026-08-25T15:15:00+0200,834.889,MW,DK2,DK_2,actual_solar_generation,Solar,2026-08-26T10:27:13Z
2026-08-26T10:01:57Z,2026-08-26T12:01:57+0200,de5651f7-a4c0-4808-ad66-e3bdff44187a,2026-08-25T13:30:00Z,2026-08-25T15:30:00+0200,823.534,MW,DK2,DK_2,actual_solar_generation,Solar,2026-08-26T10:27:13Z
2026-08-26T10:01:57Z,2026-08-26T12:01:57+0200,de5651f7-a4c0-4808-ad66-e3bdff44187a,2026-08-25T13:45:00Z,2026-08-25T15:45:00+0200,792.205,MW,DK2,DK_2,actual_solar_generation,Solar,2026-08-26T10:27:13Z
2026-08-26T10:01:57Z,2026-08-26T12:01:57+0200,de5651f7-a4c0-4808-ad66-e3bdff44187a,2026-08-25T14:00:00Z,2026-08-25T16:00:00+0200,749.614,MW,DK2,DK_2,actual_solar_generation,Solar,2026-08-26T10:27:13Z
2026-08-26T10:01:57Z,2026-08-26T12:01:57+0200,de5651f7-a4c0-4808-ad66-e3bdff44187a,2026-08-25T14:15:00Z,2026-08-25T16:15:00+0200,705.71,MW,DK2,DK_2,actual_solar_generation,Solar,2026-08-26T10:27:13Z
2026-08-26T10:01:57Z,2026-08-26T12:01:57+0200,de5651f7-a4c0-4808-ad66-e3bdff44187a,2026-08-25T14:30:00Z,2026-08-25T16:30:00+0200,661.96,MW,DK2,DK_2,actual_solar_generation,Solar,2026-08-26T10:27:13Z
2026-08-26T10:01:57Z,2026-08-26T12:01:57+0200,de5651f7-a4c0-4808-ad66-e3bdff44187a,2026-08-25T14:45:00Z,2026-08-25T16:45:00+0200,619.598,MW,DK2,DK_2,actual_solar_generation,Solar,2026-08-26T10:27:13Z
2026-08-26T10:01:57Z,2026-08-26T12:01:57+0200,de5651f7-a4c0-4808-ad66-e3bdff44187a,2026-08-25T15:00:00Z,2026-08-25T17:00:00+0200,558.449,MW,DK2,DK_2,actual_solar_generation,Solar,2026-08-26T10:27:13Z
2026-08-26T10:01:57Z,2026-08-26T12:01:57+0200,de5651f7-a4c0-4808-ad66-e3bdff44187a,2026-08-25T15:15:00Z,2026-08-25T17:15:00+0200,465.572,MW,DK2,DK_2,actual_solar_generation,Solar,2026-08-26T10:27:13Z
2026-08-26T10:01:57Z,2026-08-26T12:01:57+0200,de5651f7-a4c0-4808-ad66-e3bdff44187a,2026-08-25T15:30:00Z,2026-08-25T17:30:00+0200,406.605,MW,DK2,DK_2,actual_solar_generation,Solar,2026-08-26T10:27:13Z
2026-08-26T10:01:57Z,2026-08-26T12:01:57+0200,de5651f7-a4c0-4808-ad66-e3bdff44187a,2026-08-25T15:45:00Z,2026-08-25T17:45:00+0200,359.484,MW,DK2,DK_2,actual_solar_generation,Solar,2026-08-26T10:27:13Z
2026-08-26T10:01:57Z,2026-08-26T12:01:57+0200,de5651f7-a4c0-4808-ad66-e3bdff44187a,2026-08-25T16:00:00Z,2026-08-25T18:00:00+0200,300.061,MW,DK2,DK_2,actual_solar_generation,Solar,2026-08-26T10:27:13Z
2026-08-26T10:01:57Z,2026-08-26T12:01:57+0200,de5651f7-a4c0-4808-ad66-e3bdff44187a,2026-08-25T16:15:00Z,2026-08-25T18:15:00+0200,251.079,MW,DK2,DK_2,actual_solar_generation,Solar,2026-08-26T10:27:13Z
2026-08-26T10:01:57Z,2026-08-26T12:01:57+0200,de5651f7-a4c0-4808-ad66-e3bdff44187a,2026-08-25T16:30:00Z,2026-08-25T18:30:00+0200,203.442,MW,DK2,DK_2,actual_solar_generation,Solar,2026-08-26T10:27:13Z
2026-08-26T10:01:57Z,2026-08-26T12:01:57+0200,de5651f7-a4c0-4808-ad66-e3bdff44187a,2026-08-25T16:45:00Z,2026-08-25T18:45:00+0200,155.911,MW,DK2,DK_2,actual_solar_generation,Solar,2026-08-26T10:27:13Z
2026-08-26T10:01:57Z,2026-08-26T12:01:57+0200,de5651f7-a4c0-4808-ad66-e3bdff44187a,2026-08-25T17:00:00Z,2026-08-25T19:00:00+0200,113.628,MW,DK2,DK_2,actual_solar_generation,Solar,2026-08-26T10:27:13Z
2026-08-26T10:01:57Z,2026-08-26T12:01:57+0200,de5651f7-a4c0-4808-ad66-e3bdff44187a,2026-08-25T17:15:00Z,2026-08-25T19:15:00+0200,76.5129,MW,DK2,DK_2,actual_solar_generation,Solar,2026-08-26T10:27:13Z
2026-08-26T10:01:57Z,2026-08-26T12:01:57+0200,de5651f7-a4c0-4808-ad66-e3bdff44187a,2026-08-25T17:30:00Z,2026-08-25T19:30:00+0200,48.7655,MW,DK2,DK_2,actual_solar_generation,Solar,2026-08-26T10:27:13Z
2026-08-26T10:01:57Z,2026-08-26T12:01:57+0200,de5651f7-a4c0-4808-ad66-e3bdff44187a,2026-08-25T17:45:00Z,2026-08-25T19:45:00+0200,22.7717,MW,DK2,DK_2,actual_solar_generation,Solar,2026-08-26T10:27:13Z
2026-08-26T10:01:57Z,2026-08-26T12:01:57+0200,de5651f7-a4c0-4808-ad66-e3bdff44187a,2026-08-25T18:00:00Z,2026-08-25T20:00:00+0200,9.74186,MW,DK2,DK_2,actual_solar_generation,Solar,2026-08-26T10:27:13Z
2026-08-26T10:01:57Z,2026-08-26T12:01:57+0200,de5651f7-a4c0-4808-ad66-e3bdff44187a,2026-08-25T18:15:00Z,2026-08-25T20:15:00+0200,2.2197,MW,DK2,DK_2,actual_solar_generation,Solar,2026-08-26T10:27:13Z
2026-08-26T10:01:57Z,2026-08-26T12:01:57+0200,de5651f7-a4c0-4808-ad66-e3bdff44187a,2026-08-25T18:30:00Z,2026-08-25T20:30:00+0200,0.301817,MW,DK2,DK_2,actual_solar_generation,Solar,2026-08-26T10:27:13Z
2026-08-26T10:01:57Z,2026-08-26T12:01:57+0200,de5651f7-a4c0-4808-ad66-e3bdff44187a,2026-08-25T18:45:00Z,2026-08-25T20:45:00+0200,0.0,MW,DK2,DK_2,actual_solar_generation,Solar,2026-08-26T10:27:13Z
2026-08-26T10:01:57Z,2026-08-26T12:01:57+0200,de5651f7-a4c0-4808-ad66-e3bdff44187a,2026-08-25T19:00:00Z,2026-08-25T21:00:00+0200,0.045221,MW,DK2,DK_2,actual_solar_generation,Solar,2026-08-26T10:27:13Z
2026-08-26T10:01:57Z,2026-08-26T12:01:57+0200,de5651f7-a4c0-4808-ad66-e3bdff44187a,2026-08-25T19:15:00Z,2026-08-25T21:15:00+0200,0.0,MW,DK2,DK_2,actual_solar_generation,Solar,2026-08-26T10:27:13Z
2026-08-26T10:01:57Z,2026-08-26T12:01:57+0200,de5651f7-a4c0-4808-ad66-e3bdff44187a,2026-08-25T19:30:00Z,2026-08-25T21:30:00+0200,0.0,MW,DK2,DK_2,actual_solar_generation,Solar,2026-08-26T10:27:13Z
2026-08-26T10:01:57Z,2026-08-26T12:01:57+0200,de5651f7-a4c0-4808-ad66-e3bdff44187a,2026-08-25T19:45:00Z,2026-08-25T21:45:00+0200,0.0,MW,DK2,DK_2,actual_solar_generation,Solar,2026-08-26T10:27:13Z
2026-08-26T10:01:57Z,2026-08-26T12:01:57+0200,de5651f7-a4c0-4808-ad66-e3bdff44187a,2026-08-25T20:00:00Z,2026-08-25T22:00:00+0200,0.0,MW,DK2,DK_2,actual_solar_generation,Solar,2026-08-26T10:27:13Z
2026-08-26T10:01:57Z,2026-08-26T12:01:57+0200,de5651f7-a4c0-4808-ad66-e3bdff44187a,2026-08-25T20:15:00Z,2026-08-25T22:15:00+0200,0.0,MW,DK2,DK_2,actual_solar_generation,Solar,2026-08-26T10:27:13Z
2026-08-26T10:01:57Z,2026-08-26T12:01:57+0200,de5651f7-a4c0-4808-ad66-e3bdff44187a,2026-08-25T20:30:00Z,2026-08-25T22:30:00+0200,0.0,MW,DK2,DK_2,actual_solar_generation,Solar,2026-08-26T10:27:13Z
2026-08-26T10:01:57Z,2026-08-26T12:01:57+0200,de5651f7-a4c0-4808-ad66-e3bdff44187a,2026-08-25T20:45:00Z,2026-08-25T22:45:00+0200,0.0,MW,DK2,DK_2,actual_solar_generation,Solar,2026-08-26T10:27:13Z
2026-08-26T10:01:57Z,2026-08-26T12:01:57+0200,de5651f7-a4c0-4808-ad66-e3bdff44187a,2026-08-25T21:00:00Z,2026-08-25T23:00:00+0200,0.0,MW,DK2,DK_2,actual_solar_generation,Solar,2026-08-26T10:27:13Z
2026-08-26T10:01:57Z,2026-08-26T12:01:57+0200,de5651f7-a4c0-4808-ad66-e3bdff44187a,2026-08-25T21:15:00Z,2026-08-25T23:15:00+0200,0.0,MW,DK2,DK_2,actual_solar_generation,Solar,2026-08-26T10:27:13Z
2026-08-26T10:01:57Z,2026-08-26T12:01:57+0200,de5651f7-a4c0-4808-ad66-e3bdff44187a,2026-08-25T21:30:00Z,2026-08-25T23:30:00+0200,0.0,MW,DK2,DK_2,actual_solar_generation,Solar,2026-08-26T10:27:13Z
2026-08-26T10:01:57Z,2026-08-26T12:01:57+0200,de5651f7-a4c0-4808-ad66-e3bdff44187a,2026-08-25T21:45:00Z,2026-08-25T23:45:00+0200,0.0,MW,DK2,DK_2,actual_solar_generation,Solar,2026-08-26T10:27:13Z
2026-08-26T10:01:57Z,2026-08-26T12:01:57+0200,de5651f7-a4c0-4808-ad66-e3bdff44187a,2026-08-25T22:00:00Z,2026-08-26T00:00:00+0200,0.0,MW,DK2,DK_2,actual_solar_generation,Solar,2026-08-26T10:27:13Z
2026-08-26T10:01:57Z,2026-08-26T12:01:57+0200,de5651f7-a4c0-4808-ad66-e3bdff44187a,2026-08-25T22:15:00Z,2026-08-26T00:15:00+0200,0.0,MW,DK2,DK_2,actual_solar_generation,Solar,2026-08-26T10:27:13Z
2026-08-26T10:01:57Z,2026-08-26T12:01:57+0200,de5651f7-a4c0-4808-ad66-e3bdff44187a,2026-08-25T22:30:00Z,2026-08-26T00:30:00+0200,0.0,MW,DK2,DK_2,actual_solar_generation,Solar,2026-08-26T10:27:13Z
2026-08-26T10:01:57Z,2026-08-26T12:01:57+0200,de5651f7-a4c0-4808-ad66-e3bdff44187a,2026-08-25T22:45:00Z,2026-08-26T00:45:00+0200,0.0,MW,DK2,DK_2,actual_solar_generation,Solar,2026-08-26T10:27:13Z
2026-08-26T10:01:57Z,2026-08-26T12:01:57+0200,de5651f7-a4c0-4808-ad66-e3bdff44187a,2026-08-25T23:00:00Z,2026-08-26T01:00:00+0200,0.0,MW,DK2,DK_2,actual_solar_generation,Solar,2026-08-26T10:27:13Z
2026-08-26T10:01:57Z,2026-08-26T12:01:57+0200,de5651f7-a4c0-4808-ad66-e3bdff44187a,2026-08-25T23:15:00Z,2026-08-26T01:15:00+0200,0.0,MW,DK2,DK_2,actual_solar_generation,Solar,2026-08-26T10:27:13Z
2026-08-26T10:01:57Z,2026-08-26T12:01:57+0200,de5651f7-a4c0-4808-ad66-e3bdff44187a,2026-08-25T23:30:00Z,2026-08-26T01:30:00+0200,0.0,MW,DK2,DK_2,actual_solar_generation,Solar,2026-08-26T10:27:13Z
2026-08-26T10:01:57Z,2026-08-26T12:01:57+0200,de5651f7-a4c0-4808-ad66-e3bdff44187a,2026-08-25T23:45:00Z,2026-08-26T01:45:00+0200,0.0,MW,DK2,DK_2,actual_solar_generation,Solar,2026-08-26T10:27:13Z
2026-08-26T10:01:57Z,2026-08-26T12:01:57+0200,de5651f7-a4c0-4808-ad66-e3bdff44187a,2026-08-26T00:00:00Z,2026-08-26T02:00:00+0200,0.0,MW,DK2,DK_2,actual_solar_generation,Solar,2026-08-26T10:27:13Z
2026-08-26T10:01:57Z,2026-08-26T12:01:57+0200,de5651f7-a4c0-4808-ad66-e3bdff44187a,2026-08-26T00:15:00Z,2026-08-26T02:15:00+0200,0.0,MW,DK2,DK_2,actual_solar_generation,Solar,2026-08-26T10:27:13Z
2026-08-26T10:01:57Z,2026-08-26T12:01:57+0200,de5651f7-a4c0-4808-ad66-e3bdff44187a,2026-08-26T00:30:00Z,2026-08-26T02:30:00+0200,0.0,MW,DK2,DK_2,actual_solar_generation,Solar,2026-08-26T10:27:13Z
2026-08-26T10:01:57Z,2026-08-26T12:01:57+0200,de5651f7-a4c0-4808-ad66-e3bdff44187a,2026-08-26T00:45:00Z,2026-08-26T02:45:00+0200,0.0,MW,DK2,DK_2,actual_solar_generation,Solar,2026-08-26T10:27:13Z
2026-08-26T10:01:57Z,2026-08-26T12:01:57+0200,de5651f7-a4c0-4808-ad66-e3bdff44187a,2026-08-26T01:00:00Z,2026-08-26T03:00:00+0200,0.0,MW,DK2,DK_2,actual_solar_generation,Solar,2026-08-26T10:27:13Z
2026-08-26T10:01:57Z,2026-08-26T12:01:57+0200,de5651f7-a4c0-4808-ad66-e3bdff44187a,2026-08-26T01:15:00Z,2026-08-26T03:15:00+0200,0.0,MW,DK2,DK_2,actual_solar_generation,Solar,2026-08-26T10:27:13Z
2026-08-26T10:01:57Z,2026-08-26T12:01:57+0200,de5651f7-a4c0-4808-ad66-e3bdff44187a,2026-08-26T01:30:00Z,2026-08-26T03:30:00+0200,0.0,MW,DK2,DK_2,actual_solar_generation,Solar,2026-08-26T10:27:13Z
2026-08-26T10:01:57Z,2026-08-26T12:01:57+0200,de5651f7-a4c0-4808-ad66-e3bdff44187a,2026-08-26T01:45:00Z,2026-08-26T03:45:00+0200,0.0,MW,DK2,DK_2,actual_solar_generation,Solar,2026-08-26T10:27:13Z
2026-08-26T10:01:57Z,2026-08-26T12:01:57+0200,de5651f7-a4c0-4808-ad66-e3bdff44187a,2026-08-26T02:00:00Z,2026-08-26T04:00:00+0200,0.0,MW,DK2,DK_2,actual_solar_generation,Solar,2026-08-26T10:27:13Z
2026-08-26T10:01:57Z,2026-08-26T12:01:57+0200,de5651f7-a4c0-4808-ad66-e3bdff44187a,2026-08-26T02:15:00Z,2026-08-26T04:15:00+0200,0.0,MW,DK2,DK_2,actual_solar_generation,Solar,2026-08-26T10:27:13Z
2026-08-26T10:01:57Z,2026-08-26T12:01:57+0200,de5651f7-a4c0-4808-ad66-e3bdff44187a,2026-08-26T02:30:00Z,2026-08-26T04:30:00+0200,0.0,MW,DK2,DK_2,actual_solar_generation,Solar,2026-08-26T10:27:13Z
2026-08-26T10:01:57Z,2026-08-26T12:01:57+0200,de5651f7-a4c0-4808-ad66-e3bdff44187a,2026-08-26T02:45:00Z,2026-08-26T04:45:00+0200,0.0,MW,DK2,DK_2,actual_solar_generation,Solar,2026-08-26T10:27:13Z
2026-08-26T10:01:57Z,2026-08-26T12:01:57+0200,de5651f7-a4c0-4808-ad66-e3bdff44187a,2026-08-26T03:00:00Z,2026-08-26T05:00:00+0200,0.0,MW,DK2,DK_2,actual_solar_generation,Solar,2026-08-26T10:27:13Z
2026-08-26T10:01:57Z,2026-08-26T12:01:57+0200,de5651f7-a4c0-4808-ad66-e3bdff44187a,2026-08-26T03:15:00Z,2026-08-26T05:15:00+0200,0.0,MW,DK2,DK_2,actual_solar_generation,Solar,2026-08-26T10:27:13Z
2026-08-26T10:01:57Z,2026-08-26T12:01:57+0200,de5651f7-a4c0-4808-ad66-e3bdff44187a,2026-08-26T03:30:00Z,2026-08-26T05:30:00+0200,0.0,MW,DK2,DK_2,actual_solar_generation,Solar,2026-08-26T10:27:13Z
2026-08-26T10:01:57Z,2026-08-26T12:01:57+0200,de5651f7-a4c0-4808-ad66-e3bdff44187a,2026-08-26T03:45:00Z,2026-08-26T05:45:00+0200,0.0,MW,DK2,DK_2,actual_solar_generation,Solar,2026-08-26T10:27:13Z
2026-08-26T10:01:57Z,2026-08-26T12:01:57+0200,de5651f7-a4c0-4808-ad66-e3bdff44187a,2026-08-26T04:00:00Z,2026-08-26T06:00:00+0200,1.2378,MW,DK2,DK_2,actual_solar_generation,Solar,2026-08-26T10:27:13Z
2026-08-26T10:01:57Z,2026-08-26T12:01:57+0200,de5651f7-a4c0-4808-ad66-e3bdff44187a,2026-08-26T04:15:00Z,2026-08-26T06:15:00+0200,6.32256,MW,DK2,DK_2,actual_solar_generation,Solar,2026-08-26T10:27:13Z
2026-08-26T10:01:57Z,2026-08-26T12:01:57+0200,de5651f7-a4c0-4808-ad66-e3bdff44187a,2026-08-26T04:30:00Z,2026-08-26T06:30:00+0200,16.6981,MW,DK2,DK_2,actual_solar_generation,Solar,2026-08-26T10:27:13Z
2026-08-26T10:01:57Z,2026-08-26T12:01:57+0200,de5651f7-a4c0-4808-ad66-e3bdff44187a,2026-08-26T04:45:00Z,2026-08-26T06:45:00+0200,33.3379,MW,DK2,DK_2,actual_solar_generation,Solar,2026-08-26T10:27:13Z
2026-08-26T10:01:57Z,2026-08-26T12:01:57+0200,de5651f7-a4c0-4808-ad66-e3bdff44187a,2026-08-26T05:00:00Z,2026-08-26T07:00:00+0200,54.6068,MW,DK2,DK_2,actual_solar_generation,Solar,2026-08-26T10:27:13Z
2026-08-26T10:01:57Z,2026-08-26T12:01:57+0200,de5651f7-a4c0-4808-ad66-e3bdff44187a,2026-08-26T05:15:00Z,2026-08-26T07:15:00+0200,80.4812,MW,DK2,DK_2,actual_solar_generation,Solar,2026-08-26T10:27:13Z
2026-08-26T10:01:57Z,2026-08-26T12:01:57+0200,de5651f7-a4c0-4808-ad66-e3bdff44187a,2026-08-26T05:30:00Z,2026-08-26T07:30:00+0200,113.957,MW,DK2,DK_2,actual_solar_generation,Solar,2026-08-26T10:27:13Z
2026-08-26T10:01:57Z,2026-08-26T12:01:57+0200,de5651f7-a4c0-4808-ad66-e3bdff44187a,2026-08-26T05:45:00Z,2026-08-26T07:45:00+0200,159.303,MW,DK2,DK_2,actual_solar_generation,Solar,2026-08-26T10:27:13Z
2026-08-26T10:01:57Z,2026-08-26T12:01:57+0200,de5651f7-a4c0-4808-ad66-e3bdff44187a,2026-08-26T06:00:00Z,2026-08-26T08:00:00+0200,206.823,MW,DK2,DK_2,actual_solar_generation,Solar,2026-08-26T10:27:13Z
2026-08-26T10:01:57Z,2026-08-26T12:01:57+0200,de5651f7-a4c0-4808-ad66-e3bdff44187a,2026-08-26T06:15:00Z,2026-08-26T08:15:00+0200,257.105,MW,DK2,DK_2,actual_solar_generation,Solar,2026-08-26T10:27:13Z
2026-08-26T10:01:57Z,2026-08-26T12:01:57+0200,de5651f7-a4c0-4808-ad66-e3bdff44187a,2026-08-26T06:30:00Z,2026-08-26T08:30:00+0200,307.715,MW,DK2,DK_2,actual_solar_generation,Solar,2026-08-26T10:27:13Z
2026-08-26T10:01:57Z,2026-08-26T12:01:57+0200,de5651f7-a4c0-4808-ad66-e3bdff44187a,2026-08-26T06:45:00Z,2026-08-26T08:45:00+0200,363.995,MW,DK2,DK_2,actual_solar_generation,Solar,2026-08-26T10:27:13Z
2026-08-26T10:01:57Z,2026-08-26T12:01:57+0200,de5651f7-a4c0-4808-ad66-e3bdff44187a,2026-08-26T07:00:00Z,2026-08-26T09:00:00+0200,427.801,MW,DK2,DK_2,actual_solar_generation,Solar,2026-08-26T10:27:13Z
2026-08-26T10:01:57Z,2026-08-26T12:01:57+0200,de5651f7-a4c0-4808-ad66-e3bdff44187a,2026-08-26T07:15:00Z,2026-08-26T09:15:00+0200,502.086,MW,DK2,DK_2,actual_solar_generation,Solar,2026-08-26T10:27:13Z
2026-08-26T10:01:57Z,2026-08-26T12:01:57+0200,de5651f7-a4c0-4808-ad66-e3bdff44187a,2026-08-26T07:30:00Z,2026-08-26T09:30:00+0200,561.584,MW,DK2,DK_2,actual_solar_generation,Solar,2026-08-26T10:27:13Z
2026-08-26T10:01:57Z,2026-08-26T12:01:57+0200,de5651f7-a4c0-4808-ad66-e3bdff44187a,2026-08-26T07:45:00Z,2026-08-26T09:45:00+0200,616.345,MW,DK2,DK_2,actual_solar_generation,Solar,2026-08-26T10:27:13Z
2026-08-26T10:01:57Z,2026-08-26T12:01:57+0200,de5651f7-a4c0-4808-ad66-e3bdff44187a,2026-08-26T08:00:00Z,2026-08-26T10:00:00+0200,664.353,MW,DK2,DK_2,actual_solar_generation,Solar,2026-08-26T10:27:13Z
2026-08-26T10:01:57Z,2026-08-26T12:01:57+0200,de5651f7-a4c0-4808-ad66-e3bdff44187a,2026-08-26T08:15:00Z,2026-08-26T10:15:00+0200,704.494,MW,DK2,DK_2,actual_solar_generation,Solar,2026-08-26T10:27:13Z
2026-08-26T10:01:57Z,2026-08-26T12:01:57+0200,de5651f7-a4c0-4808-ad66-e3bdff44187a,2026-08-26T08:30:00Z,2026-08-26T10:30:00+0200,759.711,MW,DK2,DK_2,actual_solar_generation,Solar,2026-08-26T10:27:13Z
2026-08-26T10:01:57Z,2026-08-26T12:01:57+0200,de5651f7-a4c0-4808-ad66-e3bdff44187a,2026-08-26T08:45:00Z,2026-08-26T10:45:00+0200,784.123,MW,DK2,DK_2,actual_solar_generation,Solar,2026-08-26T10:27:13Z
2026-08-26T10:01:57Z,2026-08-26T12:01:57+0200,de5651f7-a4c0-4808-ad66-e3bdff44187a,2026-08-26T09:00:00Z,2026-08-26T11:00:00+0200,824.183,MW,DK2,DK_2,actual_solar_generation,Solar,2026-08-26T10:27:13Z
