collection_time_utc,collection_time_local,run_id,timestamp_utc,timestamp_local,value,unit,country,entsoe_area,variable,source,updated_at_utc
2026-07-19T10:59:13Z,2026-07-19T12:59:13+0200,ba8778f4-3084-44eb-9cc5-f8b4bc02e7d2,2026-06-18T11:00:00Z,2026-06-18T13:00:00+0200,54.35,MW,BE,BE,forecast_offshore_wind_generation,Wind Offshore,2026-07-19T10:59:34Z
2026-07-19T10:59:13Z,2026-07-19T12:59:13+0200,ba8778f4-3084-44eb-9cc5-f8b4bc02e7d2,2026-06-18T12:00:00Z,2026-06-18T14:00:00+0200,54.5,MW,BE,BE,forecast_offshore_wind_generation,Wind Offshore,2026-07-19T10:59:34Z
2026-07-19T10:59:13Z,2026-07-19T12:59:13+0200,ba8778f4-3084-44eb-9cc5-f8b4bc02e7d2,2026-06-18T13:00:00Z,2026-06-18T15:00:00+0200,55.775,MW,BE,BE,forecast_offshore_wind_generation,Wind Offshore,2026-07-19T10:59:34Z
2026-07-19T10:59:13Z,2026-07-19T12:59:13+0200,ba8778f4-3084-44eb-9cc5-f8b4bc02e7d2,2026-06-18T14:00:00Z,2026-06-18T16:00:00+0200,56.6,MW,BE,BE,forecast_offshore_wind_generation,Wind Offshore,2026-07-19T10:59:34Z
2026-07-19T10:59:13Z,2026-07-19T12:59:13+0200,ba8778f4-3084-44eb-9cc5-f8b4bc02e7d2,2026-06-18T15:00:00Z,2026-06-18T17:00:00+0200,57.75,MW,BE,BE,forecast_offshore_wind_generation,Wind Offshore,2026-07-19T10:59:34Z
2026-07-19T10:59:13Z,2026-07-19T12:59:13+0200,ba8778f4-3084-44eb-9cc5-f8b4bc02e7d2,2026-06-18T16:00:00Z,2026-06-18T18:00:00+0200,62.775,MW,BE,BE,forecast_offshore_wind_generation,Wind Offshore,2026-07-19T10:59:34Z
2026-07-19T10:59:13Z,2026-07-19T12:59:13+0200,ba8778f4-3084-44eb-9cc5-f8b4bc02e7d2,2026-06-18T17:00:00Z,2026-06-18T19:00:00+0200,79.325,MW,BE,BE,forecast_offshore_wind_generation,Wind Offshore,2026-07-19T10:59:34Z
2026-07-19T10:59:13Z,2026-07-19T12:59:13+0200,ba8778f4-3084-44eb-9cc5-f8b4bc02e7d2,2026-06-18T18:00:00Z,2026-06-18T20:00:00+0200,106.55,MW,BE,BE,forecast_offshore_wind_generation,Wind Offshore,2026-07-19T10:59:34Z
2026-07-19T10:59:13Z,2026-07-19T12:59:13+0200,ba8778f4-3084-44eb-9cc5-f8b4bc02e7d2,2026-06-18T19:00:00Z,2026-06-18T21:00:00+0200,138.425,MW,BE,BE,forecast_offshore_wind_generation,Wind Offshore,2026-07-19T10:59:34Z
2026-07-19T10:59:13Z,2026-07-19T12:59:13+0200,ba8778f4-3084-44eb-9cc5-f8b4bc02e7d2,2026-06-18T20:00:00Z,2026-06-18T22:00:00+0200,160.1,MW,BE,BE,forecast_offshore_wind_generation,Wind Offshore,2026-07-19T10:59:34Z
2026-07-19T10:59:13Z,2026-07-19T12:59:13+0200,ba8778f4-3084-44eb-9cc5-f8b4bc02e7d2,2026-06-18T21:00:00Z,2026-06-18T23:00:00+0200,157.525,MW,BE,BE,forecast_offshore_wind_generation,Wind Offshore,2026-07-19T10:59:34Z
2026-07-19T10:59:13Z,2026-07-19T12:59:13+0200,ba8778f4-3084-44eb-9cc5-f8b4bc02e7d2,2026-06-18T22:00:00Z,2026-06-19T00:00:00+0200,81.325,MW,BE,BE,forecast_offshore_wind_generation,Wind Offshore,2026-07-19T10:59:34Z
2026-07-19T10:59:13Z,2026-07-19T12:59:13+0200,ba8778f4-3084-44eb-9cc5-f8b4bc02e7d2,2026-06-18T23:00:00Z,2026-06-19T01:00:00+0200,90.425,MW,BE,BE,forecast_offshore_wind_generation,Wind Offshore,2026-07-19T10:59:34Z
2026-07-19T10:59:13Z,2026-07-19T12:59:13+0200,ba8778f4-3084-44eb-9cc5-f8b4bc02e7d2,2026-06-19T00:00:00Z,2026-06-19T02:00:00+0200,97.475,MW,BE,BE,forecast_offshore_wind_generation,Wind Offshore,2026-07-19T10:59:34Z
2026-07-19T10:59:13Z,2026-07-19T12:59:13+0200,ba8778f4-3084-44eb-9cc5-f8b4bc02e7d2,2026-06-19T01:00:00Z,2026-06-19T03:00:00+0200,111.225,MW,BE,BE,forecast_offshore_wind_generation,Wind Offshore,2026-07-19T10:59:34Z
2026-07-19T10:59:13Z,2026-07-19T12:59:13+0200,ba8778f4-3084-44eb-9cc5-f8b4bc02e7d2,2026-06-19T02:00:00Z,2026-06-19T04:00:00+0200,133.375,MW,BE,BE,forecast_offshore_wind_generation,Wind Offshore,2026-07-19T10:59:34Z
2026-07-19T10:59:13Z,2026-07-19T12:59:13+0200,ba8778f4-3084-44eb-9cc5-f8b4bc02e7d2,2026-06-19T03:00:00Z,2026-06-19T05:00:00+0200,153.55,MW,BE,BE,forecast_offshore_wind_generation,Wind Offshore,2026-07-19T10:59:34Z
2026-07-19T10:59:13Z,2026-07-19T12:59:13+0200,ba8778f4-3084-44eb-9cc5-f8b4bc02e7d2,2026-06-19T04:00:00Z,2026-06-19T06:00:00+0200,165.925,MW,BE,BE,forecast_offshore_wind_generation,Wind Offshore,2026-07-19T10:59:34Z
2026-07-19T10:59:13Z,2026-07-19T12:59:13+0200,ba8778f4-3084-44eb-9cc5-f8b4bc02e7d2,2026-06-19T05:00:00Z,2026-06-19T07:00:00+0200,170.65,MW,BE,BE,forecast_offshore_wind_generation,Wind Offshore,2026-07-19T10:59:34Z
2026-07-19T10:59:13Z,2026-07-19T12:59:13+0200,ba8778f4-3084-44eb-9cc5-f8b4bc02e7d2,2026-06-19T06:00:00Z,2026-06-19T08:00:00+0200,173.825,MW,BE,BE,forecast_offshore_wind_generation,Wind Offshore,2026-07-19T10:59:34Z
2026-07-19T10:59:13Z,2026-07-19T12:59:13+0200,ba8778f4-3084-44eb-9cc5-f8b4bc02e7d2,2026-06-19T07:00:00Z,2026-06-19T09:00:00+0200,169.525,MW,BE,BE,forecast_offshore_wind_generation,Wind Offshore,2026-07-19T10:59:34Z
2026-07-19T10:59:13Z,2026-07-19T12:59:13+0200,ba8778f4-3084-44eb-9cc5-f8b4bc02e7d2,2026-06-19T08:00:00Z,2026-06-19T10:00:00+0200,161.625,MW,BE,BE,forecast_offshore_wind_generation,Wind Offshore,2026-07-19T10:59:34Z
2026-07-19T10:59:13Z,2026-07-19T12:59:13+0200,ba8778f4-3084-44eb-9cc5-f8b4bc02e7d2,2026-06-19T09:00:00Z,2026-06-19T11:00:00+0200,158.3,MW,BE,BE,forecast_offshore_wind_generation,Wind Offshore,2026-07-19T10:59:34Z
2026-07-19T10:59:13Z,2026-07-19T12:59:13+0200,ba8778f4-3084-44eb-9cc5-f8b4bc02e7d2,2026-06-19T10:00:00Z,2026-06-19T12:00:00+0200,153.775,MW,BE,BE,forecast_offshore_wind_generation,Wind Offshore,2026-07-19T10:59:34Z
2026-07-19T10:59:13Z,2026-07-19T12:59:13+0200,ba8778f4-3084-44eb-9cc5-f8b4bc02e7d2,2026-06-19T11:00:00Z,2026-06-19T13:00:00+0200,152.45,MW,BE,BE,forecast_offshore_wind_generation,Wind Offshore,2026-07-19T10:59:34Z
2026-07-19T10:59:13Z,2026-07-19T12:59:13+0200,ba8778f4-3084-44eb-9cc5-f8b4bc02e7d2,2026-06-19T12:00:00Z,2026-06-19T14:00:00+0200,168.975,MW,BE,BE,forecast_offshore_wind_generation,Wind Offshore,2026-07-19T10:59:34Z
2026-07-19T10:59:13Z,2026-07-19T12:59:13+0200,ba8778f4-3084-44eb-9cc5-f8b4bc02e7d2,2026-06-19T13:00:00Z,2026-06-19T15:00:00+0200,245.675,MW,BE,BE,forecast_offshore_wind_generation,Wind Offshore,2026-07-19T10:59:34Z
2026-07-19T10:59:13Z,2026-07-19T12:59:13+0200,ba8778f4-3084-44eb-9cc5-f8b4bc02e7d2,2026-06-19T14:00:00Z,2026-06-19T16:00:00+0200,394.725,MW,BE,BE,forecast_offshore_wind_generation,Wind Offshore,2026-07-19T10:59:34Z
2026-07-19T10:59:13Z,2026-07-19T12:59:13+0200,ba8778f4-3084-44eb-9cc5-f8b4bc02e7d2,2026-06-19T15:00:00Z,2026-06-19T17:00:00+0200,544.225,MW,BE,BE,forecast_offshore_wind_generation,Wind Offshore,2026-07-19T10:59:34Z
2026-07-19T10:59:13Z,2026-07-19T12:59:13+0200,ba8778f4-3084-44eb-9cc5-f8b4bc02e7d2,2026-06-19T16:00:00Z,2026-06-19T18:00:00+0200,620.85,MW,BE,BE,forecast_offshore_wind_generation,Wind Offshore,2026-07-19T10:59:34Z
2026-07-19T10:59:13Z,2026-07-19T12:59:13+0200,ba8778f4-3084-44eb-9cc5-f8b4bc02e7d2,2026-06-19T17:00:00Z,2026-06-19T19:00:00+0200,638.35,MW,BE,BE,forecast_offshore_wind_generation,Wind Offshore,2026-07-19T10:59:34Z
2026-07-19T10:59:13Z,2026-07-19T12:59:13+0200,ba8778f4-3084-44eb-9cc5-f8b4bc02e7d2,2026-06-19T18:00:00Z,2026-06-19T20:00:00+0200,638.075,MW,BE,BE,forecast_offshore_wind_generation,Wind Offshore,2026-07-19T10:59:34Z
2026-07-19T10:59:13Z,2026-07-19T12:59:13+0200,ba8778f4-3084-44eb-9cc5-f8b4bc02e7d2,2026-06-19T19:00:00Z,2026-06-19T21:00:00+0200,620.125,MW,BE,BE,forecast_offshore_wind_generation,Wind Offshore,2026-07-19T10:59:34Z
2026-07-19T10:59:13Z,2026-07-19T12:59:13+0200,ba8778f4-3084-44eb-9cc5-f8b4bc02e7d2,2026-06-19T20:00:00Z,2026-06-19T22:00:00+0200,584.95,MW,BE,BE,forecast_offshore_wind_generation,Wind Offshore,2026-07-19T10:59:34Z
2026-07-19T10:59:13Z,2026-07-19T12:59:13+0200,ba8778f4-3084-44eb-9cc5-f8b4bc02e7d2,2026-06-19T21:00:00Z,2026-06-19T23:00:00+0200,556.775,MW,BE,BE,forecast_offshore_wind_generation,Wind Offshore,2026-07-19T10:59:34Z
2026-07-19T10:59:13Z,2026-07-19T12:59:13+0200,ba8778f4-3084-44eb-9cc5-f8b4bc02e7d2,2026-06-19T22:00:00Z,2026-06-20T00:00:00+0200,571.625,MW,BE,BE,forecast_offshore_wind_generation,Wind Offshore,2026-07-19T10:59:34Z
2026-07-19T10:59:13Z,2026-07-19T12:59:13+0200,ba8778f4-3084-44eb-9cc5-f8b4bc02e7d2,2026-06-19T23:00:00Z,2026-06-20T01:00:00+0200,485.775,MW,BE,BE,forecast_offshore_wind_generation,Wind Offshore,2026-07-19T10:59:34Z
2026-07-19T10:59:13Z,2026-07-19T12:59:13+0200,ba8778f4-3084-44eb-9cc5-f8b4bc02e7d2,2026-06-20T00:00:00Z,2026-06-20T02:00:00+0200,412.75,MW,BE,BE,forecast_offshore_wind_generation,Wind Offshore,2026-07-19T10:59:34Z
2026-07-19T10:59:13Z,2026-07-19T12:59:13+0200,ba8778f4-3084-44eb-9cc5-f8b4bc02e7d2,2026-06-20T01:00:00Z,2026-06-20T03:00:00+0200,344.05,MW,BE,BE,forecast_offshore_wind_generation,Wind Offshore,2026-07-19T10:59:34Z
2026-07-19T10:59:13Z,2026-07-19T12:59:13+0200,ba8778f4-3084-44eb-9cc5-f8b4bc02e7d2,2026-06-20T02:00:00Z,2026-06-20T04:00:00+0200,283.275,MW,BE,BE,forecast_offshore_wind_generation,Wind Offshore,2026-07-19T10:59:34Z
2026-07-19T10:59:13Z,2026-07-19T12:59:13+0200,ba8778f4-3084-44eb-9cc5-f8b4bc02e7d2,2026-06-20T03:00:00Z,2026-06-20T05:00:00+0200,245.425,MW,BE,BE,forecast_offshore_wind_generation,Wind Offshore,2026-07-19T10:59:34Z
2026-07-19T10:59:13Z,2026-07-19T12:59:13+0200,ba8778f4-3084-44eb-9cc5-f8b4bc02e7d2,2026-06-20T04:00:00Z,2026-06-20T06:00:00+0200,220.95,MW,BE,BE,forecast_offshore_wind_generation,Wind Offshore,2026-07-19T10:59:34Z
2026-07-19T10:59:13Z,2026-07-19T12:59:13+0200,ba8778f4-3084-44eb-9cc5-f8b4bc02e7d2,2026-06-20T05:00:00Z,2026-06-20T07:00:00+0200,182.875,MW,BE,BE,forecast_offshore_wind_generation,Wind Offshore,2026-07-19T10:59:34Z
2026-07-19T10:59:13Z,2026-07-19T12:59:13+0200,ba8778f4-3084-44eb-9cc5-f8b4bc02e7d2,2026-06-20T06:00:00Z,2026-06-20T08:00:00+0200,142.425,MW,BE,BE,forecast_offshore_wind_generation,Wind Offshore,2026-07-19T10:59:34Z
2026-07-19T10:59:13Z,2026-07-19T12:59:13+0200,ba8778f4-3084-44eb-9cc5-f8b4bc02e7d2,2026-06-20T07:00:00Z,2026-06-20T09:00:00+0200,121.8,MW,BE,BE,forecast_offshore_wind_generation,Wind Offshore,2026-07-19T10:59:34Z
2026-07-19T10:59:13Z,2026-07-19T12:59:13+0200,ba8778f4-3084-44eb-9cc5-f8b4bc02e7d2,2026-06-20T08:00:00Z,2026-06-20T10:00:00+0200,124.1,MW,BE,BE,forecast_offshore_wind_generation,Wind Offshore,2026-07-19T10:59:34Z
2026-07-19T10:59:13Z,2026-07-19T12:59:13+0200,ba8778f4-3084-44eb-9cc5-f8b4bc02e7d2,2026-06-20T09:00:00Z,2026-06-20T11:00:00+0200,117.3,MW,BE,BE,forecast_offshore_wind_generation,Wind Offshore,2026-07-19T10:59:34Z
2026-07-19T10:59:13Z,2026-07-19T12:59:13+0200,ba8778f4-3084-44eb-9cc5-f8b4bc02e7d2,2026-06-20T10:00:00Z,2026-06-20T12:00:00+0200,102.225,MW,BE,BE,forecast_offshore_wind_generation,Wind Offshore,2026-07-19T10:59:34Z
2026-07-19T10:59:13Z,2026-07-19T12:59:13+0200,ba8778f4-3084-44eb-9cc5-f8b4bc02e7d2,2026-06-20T11:00:00Z,2026-06-20T13:00:00+0200,98.275,MW,BE,BE,forecast_offshore_wind_generation,Wind Offshore,2026-07-19T10:59:34Z
2026-07-19T10:59:13Z,2026-07-19T12:59:13+0200,ba8778f4-3084-44eb-9cc5-f8b4bc02e7d2,2026-06-20T12:00:00Z,2026-06-20T14:00:00+0200,89.95,MW,BE,BE,forecast_offshore_wind_generation,Wind Offshore,2026-07-19T10:59:34Z
2026-07-19T10:59:13Z,2026-07-19T12:59:13+0200,ba8778f4-3084-44eb-9cc5-f8b4bc02e7d2,2026-06-20T13:00:00Z,2026-06-20T15:00:00+0200,79.325,MW,BE,BE,forecast_offshore_wind_generation,Wind Offshore,2026-07-19T10:59:34Z
2026-07-19T10:59:13Z,2026-07-19T12:59:13+0200,ba8778f4-3084-44eb-9cc5-f8b4bc02e7d2,2026-06-20T14:00:00Z,2026-06-20T16:00:00+0200,71.175,MW,BE,BE,forecast_offshore_wind_generation,Wind Offshore,2026-07-19T10:59:34Z
2026-07-19T10:59:13Z,2026-07-19T12:59:13+0200,ba8778f4-3084-44eb-9cc5-f8b4bc02e7d2,2026-06-20T15:00:00Z,2026-06-20T17:00:00+0200,65.675,MW,BE,BE,forecast_offshore_wind_generation,Wind Offshore,2026-07-19T10:59:34Z
2026-07-19T10:59:13Z,2026-07-19T12:59:13+0200,ba8778f4-3084-44eb-9cc5-f8b4bc02e7d2,2026-06-20T16:00:00Z,2026-06-20T18:00:00+0200,61.425,MW,BE,BE,forecast_offshore_wind_generation,Wind Offshore,2026-07-19T10:59:34Z
2026-07-19T10:59:13Z,2026-07-19T12:59:13+0200,ba8778f4-3084-44eb-9cc5-f8b4bc02e7d2,2026-06-20T17:00:00Z,2026-06-20T19:00:00+0200,57.25,MW,BE,BE,forecast_offshore_wind_generation,Wind Offshore,2026-07-19T10:59:34Z
2026-07-19T10:59:13Z,2026-07-19T12:59:13+0200,ba8778f4-3084-44eb-9cc5-f8b4bc02e7d2,2026-06-20T18:00:00Z,2026-06-20T20:00:00+0200,54.025,MW,BE,BE,forecast_offshore_wind_generation,Wind Offshore,2026-07-19T10:59:34Z
2026-07-19T10:59:13Z,2026-07-19T12:59:13+0200,ba8778f4-3084-44eb-9cc5-f8b4bc02e7d2,2026-06-20T19:00:00Z,2026-06-20T21:00:00+0200,54.3,MW,BE,BE,forecast_offshore_wind_generation,Wind Offshore,2026-07-19T10:59:34Z
2026-07-19T10:59:13Z,2026-07-19T12:59:13+0200,ba8778f4-3084-44eb-9cc5-f8b4bc02e7d2,2026-06-20T20:00:00Z,2026-06-20T22:00:00+0200,61.95,MW,BE,BE,forecast_offshore_wind_generation,Wind Offshore,2026-07-19T10:59:34Z
2026-07-19T10:59:13Z,2026-07-19T12:59:13+0200,ba8778f4-3084-44eb-9cc5-f8b4bc02e7d2,2026-06-20T21:00:00Z,2026-06-20T23:00:00+0200,75.35,MW,BE,BE,forecast_offshore_wind_generation,Wind Offshore,2026-07-19T10:59:34Z
2026-07-19T10:59:13Z,2026-07-19T12:59:13+0200,ba8778f4-3084-44eb-9cc5-f8b4bc02e7d2,2026-06-20T22:00:00Z,2026-06-21T00:00:00+0200,55.625,MW,BE,BE,forecast_offshore_wind_generation,Wind Offshore,2026-07-19T10:59:34Z
2026-07-19T10:59:13Z,2026-07-19T12:59:13+0200,ba8778f4-3084-44eb-9cc5-f8b4bc02e7d2,2026-06-20T23:00:00Z,2026-06-21T01:00:00+0200,54.1,MW,BE,BE,forecast_offshore_wind_generation,Wind Offshore,2026-07-19T10:59:34Z
2026-07-19T10:59:13Z,2026-07-19T12:59:13+0200,ba8778f4-3084-44eb-9cc5-f8b4bc02e7d2,2026-06-21T00:00:00Z,2026-06-21T02:00:00+0200,50.525,MW,BE,BE,forecast_offshore_wind_generation,Wind Offshore,2026-07-19T10:59:34Z
2026-07-19T10:59:13Z,2026-07-19T12:59:13+0200,ba8778f4-3084-44eb-9cc5-f8b4bc02e7d2,2026-06-21T01:00:00Z,2026-06-21T03:00:00+0200,53.95,MW,BE,BE,forecast_offshore_wind_generation,Wind Offshore,2026-07-19T10:59:34Z
2026-07-19T10:59:13Z,2026-07-19T12:59:13+0200,ba8778f4-3084-44eb-9cc5-f8b4bc02e7d2,2026-06-21T02:00:00Z,2026-06-21T04:00:00+0200,48.85,MW,BE,BE,forecast_offshore_wind_generation,Wind Offshore,2026-07-19T10:59:34Z
2026-07-19T10:59:13Z,2026-07-19T12:59:13+0200,ba8778f4-3084-44eb-9cc5-f8b4bc02e7d2,2026-06-21T03:00:00Z,2026-06-21T05:00:00+0200,45.625,MW,BE,BE,forecast_offshore_wind_generation,Wind Offshore,2026-07-19T10:59:34Z
2026-07-19T10:59:13Z,2026-07-19T12:59:13+0200,ba8778f4-3084-44eb-9cc5-f8b4bc02e7d2,2026-06-21T04:00:00Z,2026-06-21T06:00:00+0200,47.725,MW,BE,BE,forecast_offshore_wind_generation,Wind Offshore,2026-07-19T10:59:34Z
2026-07-19T10:59:13Z,2026-07-19T12:59:13+0200,ba8778f4-3084-44eb-9cc5-f8b4bc02e7d2,2026-06-21T05:00:00Z,2026-06-21T07:00:00+0200,53.425,MW,BE,BE,forecast_offshore_wind_generation,Wind Offshore,2026-07-19T10:59:34Z
2026-07-19T10:59:13Z,2026-07-19T12:59:13+0200,ba8778f4-3084-44eb-9cc5-f8b4bc02e7d2,2026-06-21T06:00:00Z,2026-06-21T08:00:00+0200,59.85,MW,BE,BE,forecast_offshore_wind_generation,Wind Offshore,2026-07-19T10:59:34Z
2026-07-19T10:59:13Z,2026-07-19T12:59:13+0200,ba8778f4-3084-44eb-9cc5-f8b4bc02e7d2,2026-06-21T07:00:00Z,2026-06-21T09:00:00+0200,59.5,MW,BE,BE,forecast_offshore_wind_generation,Wind Offshore,2026-07-19T10:59:34Z
2026-07-19T10:59:13Z,2026-07-19T12:59:13+0200,ba8778f4-3084-44eb-9cc5-f8b4bc02e7d2,2026-06-21T08:00:00Z,2026-06-21T10:00:00+0200,60.95,MW,BE,BE,forecast_offshore_wind_generation,Wind Offshore,2026-07-19T10:59:34Z
2026-07-19T10:59:13Z,2026-07-19T12:59:13+0200,ba8778f4-3084-44eb-9cc5-f8b4bc02e7d2,2026-06-21T09:00:00Z,2026-06-21T11:00:00+0200,60.25,MW,BE,BE,forecast_offshore_wind_generation,Wind Offshore,2026-07-19T10:59:34Z
2026-07-19T10:59:13Z,2026-07-19T12:59:13+0200,ba8778f4-3084-44eb-9cc5-f8b4bc02e7d2,2026-06-21T10:00:00Z,2026-06-21T12:00:00+0200,65.0,MW,BE,BE,forecast_offshore_wind_generation,Wind Offshore,2026-07-19T10:59:34Z
2026-07-19T10:59:13Z,2026-07-19T12:59:13+0200,ba8778f4-3084-44eb-9cc5-f8b4bc02e7d2,2026-06-21T11:00:00Z,2026-06-21T13:00:00+0200,77.875,MW,BE,BE,forecast_offshore_wind_generation,Wind Offshore,2026-07-19T10:59:34Z
2026-07-19T10:59:13Z,2026-07-19T12:59:13+0200,ba8778f4-3084-44eb-9cc5-f8b4bc02e7d2,2026-06-21T12:00:00Z,2026-06-21T14:00:00+0200,98.25,MW,BE,BE,forecast_offshore_wind_generation,Wind Offshore,2026-07-19T10:59:34Z
2026-07-19T10:59:13Z,2026-07-19T12:59:13+0200,ba8778f4-3084-44eb-9cc5-f8b4bc02e7d2,2026-06-21T13:00:00Z,2026-06-21T15:00:00+0200,132.1,MW,BE,BE,forecast_offshore_wind_generation,Wind Offshore,2026-07-19T10:59:34Z
2026-07-19T10:59:13Z,2026-07-19T12:59:13+0200,ba8778f4-3084-44eb-9cc5-f8b4bc02e7d2,2026-06-21T14:00:00Z,2026-06-21T16:00:00+0200,165.2,MW,BE,BE,forecast_offshore_wind_generation,Wind Offshore,2026-07-19T10:59:34Z
2026-07-19T10:59:13Z,2026-07-19T12:59:13+0200,ba8778f4-3084-44eb-9cc5-f8b4bc02e7d2,2026-06-21T15:00:00Z,2026-06-21T17:00:00+0200,192.425,MW,BE,BE,forecast_offshore_wind_generation,Wind Offshore,2026-07-19T10:59:34Z
2026-07-19T10:59:13Z,2026-07-19T12:59:13+0200,ba8778f4-3084-44eb-9cc5-f8b4bc02e7d2,2026-06-21T16:00:00Z,2026-06-21T18:00:00+0200,226.6,MW,BE,BE,forecast_offshore_wind_generation,Wind Offshore,2026-07-19T10:59:34Z
2026-07-19T10:59:13Z,2026-07-19T12:59:13+0200,ba8778f4-3084-44eb-9cc5-f8b4bc02e7d2,2026-06-21T17:00:00Z,2026-06-21T19:00:00+0200,264.95,MW,BE,BE,forecast_offshore_wind_generation,Wind Offshore,2026-07-19T10:59:34Z
2026-07-19T10:59:13Z,2026-07-19T12:59:13+0200,ba8778f4-3084-44eb-9cc5-f8b4bc02e7d2,2026-06-21T18:00:00Z,2026-06-21T20:00:00+0200,308.95,MW,BE,BE,forecast_offshore_wind_generation,Wind Offshore,2026-07-19T10:59:34Z
2026-07-19T10:59:13Z,2026-07-19T12:59:13+0200,ba8778f4-3084-44eb-9cc5-f8b4bc02e7d2,2026-06-21T19:00:00Z,2026-06-21T21:00:00+0200,344.05,MW,BE,BE,forecast_offshore_wind_generation,Wind Offshore,2026-07-19T10:59:34Z
2026-07-19T10:59:13Z,2026-07-19T12:59:13+0200,ba8778f4-3084-44eb-9cc5-f8b4bc02e7d2,2026-06-21T20:00:00Z,2026-06-21T22:00:00+0200,356.6,MW,BE,BE,forecast_offshore_wind_generation,Wind Offshore,2026-07-19T10:59:34Z
2026-07-19T10:59:13Z,2026-07-19T12:59:13+0200,ba8778f4-3084-44eb-9cc5-f8b4bc02e7d2,2026-06-21T21:00:00Z,2026-06-21T23:00:00+0200,348.5,MW,BE,BE,forecast_offshore_wind_generation,Wind Offshore,2026-07-19T10:59:34Z
2026-07-19T10:59:13Z,2026-07-19T12:59:13+0200,ba8778f4-3084-44eb-9cc5-f8b4bc02e7d2,2026-06-21T22:00:00Z,2026-06-22T00:00:00+0200,410.175,MW,BE,BE,forecast_offshore_wind_generation,Wind Offshore,2026-07-19T10:59:34Z
2026-07-19T10:59:13Z,2026-07-19T12:59:13+0200,ba8778f4-3084-44eb-9cc5-f8b4bc02e7d2,2026-06-21T23:00:00Z,2026-06-22T01:00:00+0200,433.175,MW,BE,BE,forecast_offshore_wind_generation,Wind Offshore,2026-07-19T10:59:34Z
2026-07-19T10:59:13Z,2026-07-19T12:59:13+0200,ba8778f4-3084-44eb-9cc5-f8b4bc02e7d2,2026-06-22T00:00:00Z,2026-06-22T02:00:00+0200,448.775,MW,BE,BE,forecast_offshore_wind_generation,Wind Offshore,2026-07-19T10:59:34Z
2026-07-19T10:59:13Z,2026-07-19T12:59:13+0200,ba8778f4-3084-44eb-9cc5-f8b4bc02e7d2,2026-06-22T01:00:00Z,2026-06-22T03:00:00+0200,456.05,MW,BE,BE,forecast_offshore_wind_generation,Wind Offshore,2026-07-19T10:59:34Z
2026-07-19T10:59:13Z,2026-07-19T12:59:13+0200,ba8778f4-3084-44eb-9cc5-f8b4bc02e7d2,2026-06-22T02:00:00Z,2026-06-22T04:00:00+0200,459.625,MW,BE,BE,forecast_offshore_wind_generation,Wind Offshore,2026-07-19T10:59:34Z
2026-07-19T10:59:13Z,2026-07-19T12:59:13+0200,ba8778f4-3084-44eb-9cc5-f8b4bc02e7d2,2026-06-22T03:00:00Z,2026-06-22T05:00:00+0200,459.775,MW,BE,BE,forecast_offshore_wind_generation,Wind Offshore,2026-07-19T10:59:34Z
2026-07-19T10:59:13Z,2026-07-19T12:59:13+0200,ba8778f4-3084-44eb-9cc5-f8b4bc02e7d2,2026-06-22T04:00:00Z,2026-06-22T06:00:00+0200,449.375,MW,BE,BE,forecast_offshore_wind_generation,Wind Offshore,2026-07-19T10:59:34Z
2026-07-19T10:59:13Z,2026-07-19T12:59:13+0200,ba8778f4-3084-44eb-9cc5-f8b4bc02e7d2,2026-06-22T05:00:00Z,2026-06-22T07:00:00+0200,430.3,MW,BE,BE,forecast_offshore_wind_generation,Wind Offshore,2026-07-19T10:59:34Z
2026-07-19T10:59:13Z,2026-07-19T12:59:13+0200,ba8778f4-3084-44eb-9cc5-f8b4bc02e7d2,2026-06-22T06:00:00Z,2026-06-22T08:00:00+0200,407.275,MW,BE,BE,forecast_offshore_wind_generation,Wind Offshore,2026-07-19T10:59:34Z
2026-07-19T10:59:13Z,2026-07-19T12:59:13+0200,ba8778f4-3084-44eb-9cc5-f8b4bc02e7d2,2026-06-22T07:00:00Z,2026-06-22T09:00:00+0200,391.175,MW,BE,BE,forecast_offshore_wind_generation,Wind Offshore,2026-07-19T10:59:34Z
2026-07-19T10:59:13Z,2026-07-19T12:59:13+0200,ba8778f4-3084-44eb-9cc5-f8b4bc02e7d2,2026-06-22T08:00:00Z,2026-06-22T10:00:00+0200,396.2,MW,BE,BE,forecast_offshore_wind_generation,Wind Offshore,2026-07-19T10:59:34Z
2026-07-19T10:59:13Z,2026-07-19T12:59:13+0200,ba8778f4-3084-44eb-9cc5-f8b4bc02e7d2,2026-06-22T09:00:00Z,2026-06-22T11:00:00+0200,423.475,MW,BE,BE,forecast_offshore_wind_generation,Wind Offshore,2026-07-19T10:59:34Z
2026-07-19T10:59:13Z,2026-07-19T12:59:13+0200,ba8778f4-3084-44eb-9cc5-f8b4bc02e7d2,2026-06-22T10:00:00Z,2026-06-22T12:00:00+0200,463.1,MW,BE,BE,forecast_offshore_wind_generation,Wind Offshore,2026-07-19T10:59:34Z
2026-07-19T10:59:13Z,2026-07-19T12:59:13+0200,ba8778f4-3084-44eb-9cc5-f8b4bc02e7d2,2026-06-22T11:00:00Z,2026-06-22T13:00:00+0200,509.975,MW,BE,BE,forecast_offshore_wind_generation,Wind Offshore,2026-07-19T10:59:34Z
2026-07-19T10:59:13Z,2026-07-19T12:59:13+0200,ba8778f4-3084-44eb-9cc5-f8b4bc02e7d2,2026-06-22T12:00:00Z,2026-06-22T14:00:00+0200,555.875,MW,BE,BE,forecast_offshore_wind_generation,Wind Offshore,2026-07-19T10:59:34Z
2026-07-19T10:59:13Z,2026-07-19T12:59:13+0200,ba8778f4-3084-44eb-9cc5-f8b4bc02e7d2,2026-06-22T13:00:00Z,2026-06-22T15:00:00+0200,587.45,MW,BE,BE,forecast_offshore_wind_generation,Wind Offshore,2026-07-19T10:59:34Z
2026-07-19T10:59:13Z,2026-07-19T12:59:13+0200,ba8778f4-3084-44eb-9cc5-f8b4bc02e7d2,2026-06-22T14:00:00Z,2026-06-22T16:00:00+0200,612.35,MW,BE,BE,forecast_offshore_wind_generation,Wind Offshore,2026-07-19T10:59:34Z
2026-07-19T10:59:13Z,2026-07-19T12:59:13+0200,ba8778f4-3084-44eb-9cc5-f8b4bc02e7d2,2026-06-22T15:00:00Z,2026-06-22T17:00:00+0200,636.075,MW,BE,BE,forecast_offshore_wind_generation,Wind Offshore,2026-07-19T10:59:34Z
2026-07-19T10:59:13Z,2026-07-19T12:59:13+0200,ba8778f4-3084-44eb-9cc5-f8b4bc02e7d2,2026-06-22T16:00:00Z,2026-06-22T18:00:00+0200,668.775,MW,BE,BE,forecast_offshore_wind_generation,Wind Offshore,2026-07-19T10:59:34Z
2026-07-19T10:59:13Z,2026-07-19T12:59:13+0200,ba8778f4-3084-44eb-9cc5-f8b4bc02e7d2,2026-06-22T17:00:00Z,2026-06-22T19:00:00+0200,717.0,MW,BE,BE,forecast_offshore_wind_generation,Wind Offshore,2026-07-19T10:59:34Z
2026-07-19T10:59:13Z,2026-07-19T12:59:13+0200,ba8778f4-3084-44eb-9cc5-f8b4bc02e7d2,2026-06-22T18:00:00Z,2026-06-22T20:00:00+0200,756.875,MW,BE,BE,forecast_offshore_wind_generation,Wind Offshore,2026-07-19T10:59:34Z
2026-07-19T10:59:13Z,2026-07-19T12:59:13+0200,ba8778f4-3084-44eb-9cc5-f8b4bc02e7d2,2026-06-22T19:00:00Z,2026-06-22T21:00:00+0200,761.925,MW,BE,BE,forecast_offshore_wind_generation,Wind Offshore,2026-07-19T10:59:34Z
2026-07-19T10:59:13Z,2026-07-19T12:59:13+0200,ba8778f4-3084-44eb-9cc5-f8b4bc02e7d2,2026-06-22T20:00:00Z,2026-06-22T22:00:00+0200,725.925,MW,BE,BE,forecast_offshore_wind_generation,Wind Offshore,2026-07-19T10:59:34Z
2026-07-19T10:59:13Z,2026-07-19T12:59:13+0200,ba8778f4-3084-44eb-9cc5-f8b4bc02e7d2,2026-06-22T21:00:00Z,2026-06-22T23:00:00+0200,663.0,MW,BE,BE,forecast_offshore_wind_generation,Wind Offshore,2026-07-19T10:59:34Z
2026-07-19T10:59:13Z,2026-07-19T12:59:13+0200,ba8778f4-3084-44eb-9cc5-f8b4bc02e7d2,2026-06-22T22:00:00Z,2026-06-23T00:00:00+0200,442.375,MW,BE,BE,forecast_offshore_wind_generation,Wind Offshore,2026-07-19T10:59:34Z
2026-07-19T10:59:13Z,2026-07-19T12:59:13+0200,ba8778f4-3084-44eb-9cc5-f8b4bc02e7d2,2026-06-22T23:00:00Z,2026-06-23T01:00:00+0200,400.225,MW,BE,BE,forecast_offshore_wind_generation,Wind Offshore,2026-07-19T10:59:34Z
2026-07-19T10:59:13Z,2026-07-19T12:59:13+0200,ba8778f4-3084-44eb-9cc5-f8b4bc02e7d2,2026-06-23T00:00:00Z,2026-06-23T02:00:00+0200,408.4,MW,BE,BE,forecast_offshore_wind_generation,Wind Offshore,2026-07-19T10:59:34Z
2026-07-19T10:59:13Z,2026-07-19T12:59:13+0200,ba8778f4-3084-44eb-9cc5-f8b4bc02e7d2,2026-06-23T01:00:00Z,2026-06-23T03:00:00+0200,417.35,MW,BE,BE,forecast_offshore_wind_generation,Wind Offshore,2026-07-19T10:59:34Z
2026-07-19T10:59:13Z,2026-07-19T12:59:13+0200,ba8778f4-3084-44eb-9cc5-f8b4bc02e7d2,2026-06-23T02:00:00Z,2026-06-23T04:00:00+0200,361.45,MW,BE,BE,forecast_offshore_wind_generation,Wind Offshore,2026-07-19T10:59:34Z
2026-07-19T10:59:13Z,2026-07-19T12:59:13+0200,ba8778f4-3084-44eb-9cc5-f8b4bc02e7d2,2026-06-23T03:00:00Z,2026-06-23T05:00:00+0200,288.9,MW,BE,BE,forecast_offshore_wind_generation,Wind Offshore,2026-07-19T10:59:34Z
2026-07-19T10:59:13Z,2026-07-19T12:59:13+0200,ba8778f4-3084-44eb-9cc5-f8b4bc02e7d2,2026-06-23T04:00:00Z,2026-06-23T06:00:00+0200,239.125,MW,BE,BE,forecast_offshore_wind_generation,Wind Offshore,2026-07-19T10:59:34Z
2026-07-19T10:59:13Z,2026-07-19T12:59:13+0200,ba8778f4-3084-44eb-9cc5-f8b4bc02e7d2,2026-06-23T05:00:00Z,2026-06-23T07:00:00+0200,204.675,MW,BE,BE,forecast_offshore_wind_generation,Wind Offshore,2026-07-19T10:59:34Z
2026-07-19T10:59:13Z,2026-07-19T12:59:13+0200,ba8778f4-3084-44eb-9cc5-f8b4bc02e7d2,2026-06-23T06:00:00Z,2026-06-23T08:00:00+0200,170.975,MW,BE,BE,forecast_offshore_wind_generation,Wind Offshore,2026-07-19T10:59:34Z
2026-07-19T10:59:13Z,2026-07-19T12:59:13+0200,ba8778f4-3084-44eb-9cc5-f8b4bc02e7d2,2026-06-23T07:00:00Z,2026-06-23T09:00:00+0200,141.375,MW,BE,BE,forecast_offshore_wind_generation,Wind Offshore,2026-07-19T10:59:34Z
2026-07-19T10:59:13Z,2026-07-19T12:59:13+0200,ba8778f4-3084-44eb-9cc5-f8b4bc02e7d2,2026-06-23T08:00:00Z,2026-06-23T10:00:00+0200,119.2,MW,BE,BE,forecast_offshore_wind_generation,Wind Offshore,2026-07-19T10:59:34Z
2026-07-19T10:59:13Z,2026-07-19T12:59:13+0200,ba8778f4-3084-44eb-9cc5-f8b4bc02e7d2,2026-06-23T09:00:00Z,2026-06-23T11:00:00+0200,106.05,MW,BE,BE,forecast_offshore_wind_generation,Wind Offshore,2026-07-19T10:59:34Z
2026-07-19T10:59:13Z,2026-07-19T12:59:13+0200,ba8778f4-3084-44eb-9cc5-f8b4bc02e7d2,2026-06-23T10:00:00Z,2026-06-23T12:00:00+0200,98.8,MW,BE,BE,forecast_offshore_wind_generation,Wind Offshore,2026-07-19T10:59:34Z
2026-07-19T10:59:13Z,2026-07-19T12:59:13+0200,ba8778f4-3084-44eb-9cc5-f8b4bc02e7d2,2026-06-23T11:00:00Z,2026-06-23T13:00:00+0200,99.725,MW,BE,BE,forecast_offshore_wind_generation,Wind Offshore,2026-07-19T10:59:34Z
2026-07-19T10:59:13Z,2026-07-19T12:59:13+0200,ba8778f4-3084-44eb-9cc5-f8b4bc02e7d2,2026-06-23T12:00:00Z,2026-06-23T14:00:00+0200,107.15,MW,BE,BE,forecast_offshore_wind_generation,Wind Offshore,2026-07-19T10:59:34Z
2026-07-19T10:59:13Z,2026-07-19T12:59:13+0200,ba8778f4-3084-44eb-9cc5-f8b4bc02e7d2,2026-06-23T13:00:00Z,2026-06-23T15:00:00+0200,120.125,MW,BE,BE,forecast_offshore_wind_generation,Wind Offshore,2026-07-19T10:59:34Z
2026-07-19T10:59:13Z,2026-07-19T12:59:13+0200,ba8778f4-3084-44eb-9cc5-f8b4bc02e7d2,2026-06-23T14:00:00Z,2026-06-23T16:00:00+0200,139.8,MW,BE,BE,forecast_offshore_wind_generation,Wind Offshore,2026-07-19T10:59:34Z
2026-07-19T10:59:13Z,2026-07-19T12:59:13+0200,ba8778f4-3084-44eb-9cc5-f8b4bc02e7d2,2026-06-23T15:00:00Z,2026-06-23T17:00:00+0200,159.675,MW,BE,BE,forecast_offshore_wind_generation,Wind Offshore,2026-07-19T10:59:34Z
2026-07-19T10:59:13Z,2026-07-19T12:59:13+0200,ba8778f4-3084-44eb-9cc5-f8b4bc02e7d2,2026-06-23T16:00:00Z,2026-06-23T18:00:00+0200,177.95,MW,BE,BE,forecast_offshore_wind_generation,Wind Offshore,2026-07-19T10:59:34Z
2026-07-19T10:59:13Z,2026-07-19T12:59:13+0200,ba8778f4-3084-44eb-9cc5-f8b4bc02e7d2,2026-06-23T17:00:00Z,2026-06-23T19:00:00+0200,193.075,MW,BE,BE,forecast_offshore_wind_generation,Wind Offshore,2026-07-19T10:59:34Z
2026-07-19T10:59:13Z,2026-07-19T12:59:13+0200,ba8778f4-3084-44eb-9cc5-f8b4bc02e7d2,2026-06-23T18:00:00Z,2026-06-23T20:00:00+0200,201.575,MW,BE,BE,forecast_offshore_wind_generation,Wind Offshore,2026-07-19T10:59:34Z
2026-07-19T10:59:13Z,2026-07-19T12:59:13+0200,ba8778f4-3084-44eb-9cc5-f8b4bc02e7d2,2026-06-23T19:00:00Z,2026-06-23T21:00:00+0200,203.15,MW,BE,BE,forecast_offshore_wind_generation,Wind Offshore,2026-07-19T10:59:34Z
2026-07-19T10:59:13Z,2026-07-19T12:59:13+0200,ba8778f4-3084-44eb-9cc5-f8b4bc02e7d2,2026-06-23T20:00:00Z,2026-06-23T22:00:00+0200,205.725,MW,BE,BE,forecast_offshore_wind_generation,Wind Offshore,2026-07-19T10:59:34Z
2026-07-19T10:59:13Z,2026-07-19T12:59:13+0200,ba8778f4-3084-44eb-9cc5-f8b4bc02e7d2,2026-06-23T21:00:00Z,2026-06-23T23:00:00+0200,208.975,MW,BE,BE,forecast_offshore_wind_generation,Wind Offshore,2026-07-19T10:59:34Z
2026-07-19T10:59:13Z,2026-07-19T12:59:13+0200,ba8778f4-3084-44eb-9cc5-f8b4bc02e7d2,2026-06-23T22:00:00Z,2026-06-24T00:00:00+0200,192.8,MW,BE,BE,forecast_offshore_wind_generation,Wind Offshore,2026-07-19T10:59:34Z
2026-07-19T10:59:13Z,2026-07-19T12:59:13+0200,ba8778f4-3084-44eb-9cc5-f8b4bc02e7d2,2026-06-23T23:00:00Z,2026-06-24T01:00:00+0200,210.35,MW,BE,BE,forecast_offshore_wind_generation,Wind Offshore,2026-07-19T10:59:34Z
2026-07-19T10:59:13Z,2026-07-19T12:59:13+0200,ba8778f4-3084-44eb-9cc5-f8b4bc02e7d2,2026-06-24T00:00:00Z,2026-06-24T02:00:00+0200,223.4,MW,BE,BE,forecast_offshore_wind_generation,Wind Offshore,2026-07-19T10:59:34Z
2026-07-19T10:59:13Z,2026-07-19T12:59:13+0200,ba8778f4-3084-44eb-9cc5-f8b4bc02e7d2,2026-06-24T01:00:00Z,2026-06-24T03:00:00+0200,239.8,MW,BE,BE,forecast_offshore_wind_generation,Wind Offshore,2026-07-19T10:59:34Z
2026-07-19T10:59:13Z,2026-07-19T12:59:13+0200,ba8778f4-3084-44eb-9cc5-f8b4bc02e7d2,2026-06-24T02:00:00Z,2026-06-24T04:00:00+0200,257.875,MW,BE,BE,forecast_offshore_wind_generation,Wind Offshore,2026-07-19T10:59:34Z
2026-07-19T10:59:13Z,2026-07-19T12:59:13+0200,ba8778f4-3084-44eb-9cc5-f8b4bc02e7d2,2026-06-24T03:00:00Z,2026-06-24T05:00:00+0200,272.125,MW,BE,BE,forecast_offshore_wind_generation,Wind Offshore,2026-07-19T10:59:34Z
2026-07-19T10:59:13Z,2026-07-19T12:59:13+0200,ba8778f4-3084-44eb-9cc5-f8b4bc02e7d2,2026-06-24T04:00:00Z,2026-06-24T06:00:00+0200,270.3,MW,BE,BE,forecast_offshore_wind_generation,Wind Offshore,2026-07-19T10:59:34Z
2026-07-19T10:59:13Z,2026-07-19T12:59:13+0200,ba8778f4-3084-44eb-9cc5-f8b4bc02e7d2,2026-06-24T05:00:00Z,2026-06-24T07:00:00+0200,245.3,MW,BE,BE,forecast_offshore_wind_generation,Wind Offshore,2026-07-19T10:59:34Z
2026-07-19T10:59:13Z,2026-07-19T12:59:13+0200,ba8778f4-3084-44eb-9cc5-f8b4bc02e7d2,2026-06-24T06:00:00Z,2026-06-24T08:00:00+0200,203.475,MW,BE,BE,forecast_offshore_wind_generation,Wind Offshore,2026-07-19T10:59:34Z
2026-07-19T10:59:13Z,2026-07-19T12:59:13+0200,ba8778f4-3084-44eb-9cc5-f8b4bc02e7d2,2026-06-24T07:00:00Z,2026-06-24T09:00:00+0200,153.65,MW,BE,BE,forecast_offshore_wind_generation,Wind Offshore,2026-07-19T10:59:34Z
2026-07-19T10:59:13Z,2026-07-19T12:59:13+0200,ba8778f4-3084-44eb-9cc5-f8b4bc02e7d2,2026-06-24T08:00:00Z,2026-06-24T10:00:00+0200,104.3,MW,BE,BE,forecast_offshore_wind_generation,Wind Offshore,2026-07-19T10:59:34Z
2026-07-19T10:59:13Z,2026-07-19T12:59:13+0200,ba8778f4-3084-44eb-9cc5-f8b4bc02e7d2,2026-06-24T09:00:00Z,2026-06-24T11:00:00+0200,69.95,MW,BE,BE,forecast_offshore_wind_generation,Wind Offshore,2026-07-19T10:59:34Z
2026-07-19T10:59:13Z,2026-07-19T12:59:13+0200,ba8778f4-3084-44eb-9cc5-f8b4bc02e7d2,2026-06-24T10:00:00Z,2026-06-24T12:00:00+0200,53.45,MW,BE,BE,forecast_offshore_wind_generation,Wind Offshore,2026-07-19T10:59:34Z
2026-07-19T10:59:13Z,2026-07-19T12:59:13+0200,ba8778f4-3084-44eb-9cc5-f8b4bc02e7d2,2026-06-24T11:00:00Z,2026-06-24T13:00:00+0200,49.75,MW,BE,BE,forecast_offshore_wind_generation,Wind Offshore,2026-07-19T10:59:34Z
2026-07-19T10:59:13Z,2026-07-19T12:59:13+0200,ba8778f4-3084-44eb-9cc5-f8b4bc02e7d2,2026-06-24T12:00:00Z,2026-06-24T14:00:00+0200,61.725,MW,BE,BE,forecast_offshore_wind_generation,Wind Offshore,2026-07-19T10:59:34Z
2026-07-19T10:59:13Z,2026-07-19T12:59:13+0200,ba8778f4-3084-44eb-9cc5-f8b4bc02e7d2,2026-06-24T13:00:00Z,2026-06-24T15:00:00+0200,98.55,MW,BE,BE,forecast_offshore_wind_generation,Wind Offshore,2026-07-19T10:59:34Z
2026-07-19T10:59:13Z,2026-07-19T12:59:13+0200,ba8778f4-3084-44eb-9cc5-f8b4bc02e7d2,2026-06-24T14:00:00Z,2026-06-24T16:00:00+0200,166.375,MW,BE,BE,forecast_offshore_wind_generation,Wind Offshore,2026-07-19T10:59:34Z
2026-07-19T10:59:13Z,2026-07-19T12:59:13+0200,ba8778f4-3084-44eb-9cc5-f8b4bc02e7d2,2026-06-24T15:00:00Z,2026-06-24T17:00:00+0200,263.75,MW,BE,BE,forecast_offshore_wind_generation,Wind Offshore,2026-07-19T10:59:34Z
2026-07-19T10:59:13Z,2026-07-19T12:59:13+0200,ba8778f4-3084-44eb-9cc5-f8b4bc02e7d2,2026-06-24T16:00:00Z,2026-06-24T18:00:00+0200,372.45,MW,BE,BE,forecast_offshore_wind_generation,Wind Offshore,2026-07-19T10:59:34Z
2026-07-19T10:59:13Z,2026-07-19T12:59:13+0200,ba8778f4-3084-44eb-9cc5-f8b4bc02e7d2,2026-06-24T17:00:00Z,2026-06-24T19:00:00+0200,462.95,MW,BE,BE,forecast_offshore_wind_generation,Wind Offshore,2026-07-19T10:59:34Z
2026-07-19T10:59:13Z,2026-07-19T12:59:13+0200,ba8778f4-3084-44eb-9cc5-f8b4bc02e7d2,2026-06-24T18:00:00Z,2026-06-24T20:00:00+0200,525.525,MW,BE,BE,forecast_offshore_wind_generation,Wind Offshore,2026-07-19T10:59:34Z
2026-07-19T10:59:13Z,2026-07-19T12:59:13+0200,ba8778f4-3084-44eb-9cc5-f8b4bc02e7d2,2026-06-24T19:00:00Z,2026-06-24T21:00:00+0200,547.575,MW,BE,BE,forecast_offshore_wind_generation,Wind Offshore,2026-07-19T10:59:34Z
2026-07-19T10:59:13Z,2026-07-19T12:59:13+0200,ba8778f4-3084-44eb-9cc5-f8b4bc02e7d2,2026-06-24T20:00:00Z,2026-06-24T22:00:00+0200,532.475,MW,BE,BE,forecast_offshore_wind_generation,Wind Offshore,2026-07-19T10:59:34Z
2026-07-19T10:59:13Z,2026-07-19T12:59:13+0200,ba8778f4-3084-44eb-9cc5-f8b4bc02e7d2,2026-06-24T21:00:00Z,2026-06-24T23:00:00+0200,507.575,MW,BE,BE,forecast_offshore_wind_generation,Wind Offshore,2026-07-19T10:59:34Z
2026-07-19T10:59:13Z,2026-07-19T12:59:13+0200,ba8778f4-3084-44eb-9cc5-f8b4bc02e7d2,2026-06-24T22:00:00Z,2026-06-25T00:00:00+0200,568.075,MW,BE,BE,forecast_offshore_wind_generation,Wind Offshore,2026-07-19T10:59:34Z
2026-07-19T10:59:13Z,2026-07-19T12:59:13+0200,ba8778f4-3084-44eb-9cc5-f8b4bc02e7d2,2026-06-24T23:00:00Z,2026-06-25T01:00:00+0200,602.175,MW,BE,BE,forecast_offshore_wind_generation,Wind Offshore,2026-07-19T10:59:34Z
2026-07-19T10:59:13Z,2026-07-19T12:59:13+0200,ba8778f4-3084-44eb-9cc5-f8b4bc02e7d2,2026-06-25T00:00:00Z,2026-06-25T02:00:00+0200,629.025,MW,BE,BE,forecast_offshore_wind_generation,Wind Offshore,2026-07-19T10:59:34Z
2026-07-19T10:59:13Z,2026-07-19T12:59:13+0200,ba8778f4-3084-44eb-9cc5-f8b4bc02e7d2,2026-06-25T01:00:00Z,2026-06-25T03:00:00+0200,637.025,MW,BE,BE,forecast_offshore_wind_generation,Wind Offshore,2026-07-19T10:59:34Z
2026-07-19T10:59:13Z,2026-07-19T12:59:13+0200,ba8778f4-3084-44eb-9cc5-f8b4bc02e7d2,2026-06-25T02:00:00Z,2026-06-25T04:00:00+0200,622.175,MW,BE,BE,forecast_offshore_wind_generation,Wind Offshore,2026-07-19T10:59:34Z
2026-07-19T10:59:13Z,2026-07-19T12:59:13+0200,ba8778f4-3084-44eb-9cc5-f8b4bc02e7d2,2026-06-25T03:00:00Z,2026-06-25T05:00:00+0200,593.0,MW,BE,BE,forecast_offshore_wind_generation,Wind Offshore,2026-07-19T10:59:34Z
2026-07-19T10:59:13Z,2026-07-19T12:59:13+0200,ba8778f4-3084-44eb-9cc5-f8b4bc02e7d2,2026-06-25T04:00:00Z,2026-06-25T06:00:00+0200,568.725,MW,BE,BE,forecast_offshore_wind_generation,Wind Offshore,2026-07-19T10:59:34Z
2026-07-19T10:59:13Z,2026-07-19T12:59:13+0200,ba8778f4-3084-44eb-9cc5-f8b4bc02e7d2,2026-06-25T05:00:00Z,2026-06-25T07:00:00+0200,569.325,MW,BE,BE,forecast_offshore_wind_generation,Wind Offshore,2026-07-19T10:59:34Z
2026-07-19T10:59:13Z,2026-07-19T12:59:13+0200,ba8778f4-3084-44eb-9cc5-f8b4bc02e7d2,2026-06-25T06:00:00Z,2026-06-25T08:00:00+0200,585.7,MW,BE,BE,forecast_offshore_wind_generation,Wind Offshore,2026-07-19T10:59:34Z
2026-07-19T10:59:13Z,2026-07-19T12:59:13+0200,ba8778f4-3084-44eb-9cc5-f8b4bc02e7d2,2026-06-25T07:00:00Z,2026-06-25T09:00:00+0200,605.725,MW,BE,BE,forecast_offshore_wind_generation,Wind Offshore,2026-07-19T10:59:34Z
2026-07-19T10:59:13Z,2026-07-19T12:59:13+0200,ba8778f4-3084-44eb-9cc5-f8b4bc02e7d2,2026-06-25T08:00:00Z,2026-06-25T10:00:00+0200,619.025,MW,BE,BE,forecast_offshore_wind_generation,Wind Offshore,2026-07-19T10:59:34Z
2026-07-19T10:59:13Z,2026-07-19T12:59:13+0200,ba8778f4-3084-44eb-9cc5-f8b4bc02e7d2,2026-06-25T09:00:00Z,2026-06-25T11:00:00+0200,620.7,MW,BE,BE,forecast_offshore_wind_generation,Wind Offshore,2026-07-19T10:59:34Z
2026-07-19T10:59:13Z,2026-07-19T12:59:13+0200,ba8778f4-3084-44eb-9cc5-f8b4bc02e7d2,2026-06-25T10:00:00Z,2026-06-25T12:00:00+0200,619.175,MW,BE,BE,forecast_offshore_wind_generation,Wind Offshore,2026-07-19T10:59:34Z
2026-07-19T10:59:13Z,2026-07-19T12:59:13+0200,ba8778f4-3084-44eb-9cc5-f8b4bc02e7d2,2026-06-25T11:00:00Z,2026-06-25T13:00:00+0200,620.975,MW,BE,BE,forecast_offshore_wind_generation,Wind Offshore,2026-07-19T10:59:34Z
2026-07-19T10:59:13Z,2026-07-19T12:59:13+0200,ba8778f4-3084-44eb-9cc5-f8b4bc02e7d2,2026-06-25T12:00:00Z,2026-06-25T14:00:00+0200,634.85,MW,BE,BE,forecast_offshore_wind_generation,Wind Offshore,2026-07-19T10:59:34Z
2026-07-19T10:59:13Z,2026-07-19T12:59:13+0200,ba8778f4-3084-44eb-9cc5-f8b4bc02e7d2,2026-06-25T13:00:00Z,2026-06-25T15:00:00+0200,665.4,MW,BE,BE,forecast_offshore_wind_generation,Wind Offshore,2026-07-19T10:59:34Z
2026-07-19T10:59:13Z,2026-07-19T12:59:13+0200,ba8778f4-3084-44eb-9cc5-f8b4bc02e7d2,2026-06-25T14:00:00Z,2026-06-25T16:00:00+0200,717.175,MW,BE,BE,forecast_offshore_wind_generation,Wind Offshore,2026-07-19T10:59:34Z
2026-07-19T10:59:13Z,2026-07-19T12:59:13+0200,ba8778f4-3084-44eb-9cc5-f8b4bc02e7d2,2026-06-25T15:00:00Z,2026-06-25T17:00:00+0200,777.525,MW,BE,BE,forecast_offshore_wind_generation,Wind Offshore,2026-07-19T10:59:34Z
2026-07-19T10:59:13Z,2026-07-19T12:59:13+0200,ba8778f4-3084-44eb-9cc5-f8b4bc02e7d2,2026-06-25T16:00:00Z,2026-06-25T18:00:00+0200,823.875,MW,BE,BE,forecast_offshore_wind_generation,Wind Offshore,2026-07-19T10:59:34Z
2026-07-19T10:59:13Z,2026-07-19T12:59:13+0200,ba8778f4-3084-44eb-9cc5-f8b4bc02e7d2,2026-06-25T17:00:00Z,2026-06-25T19:00:00+0200,856.875,MW,BE,BE,forecast_offshore_wind_generation,Wind Offshore,2026-07-19T10:59:34Z
2026-07-19T10:59:13Z,2026-07-19T12:59:13+0200,ba8778f4-3084-44eb-9cc5-f8b4bc02e7d2,2026-06-25T18:00:00Z,2026-06-25T20:00:00+0200,875.45,MW,BE,BE,forecast_offshore_wind_generation,Wind Offshore,2026-07-19T10:59:34Z
2026-07-19T10:59:13Z,2026-07-19T12:59:13+0200,ba8778f4-3084-44eb-9cc5-f8b4bc02e7d2,2026-06-25T19:00:00Z,2026-06-25T21:00:00+0200,886.25,MW,BE,BE,forecast_offshore_wind_generation,Wind Offshore,2026-07-19T10:59:34Z
2026-07-19T10:59:13Z,2026-07-19T12:59:13+0200,ba8778f4-3084-44eb-9cc5-f8b4bc02e7d2,2026-06-25T20:00:00Z,2026-06-25T22:00:00+0200,911.85,MW,BE,BE,forecast_offshore_wind_generation,Wind Offshore,2026-07-19T10:59:34Z
2026-07-19T10:59:13Z,2026-07-19T12:59:13+0200,ba8778f4-3084-44eb-9cc5-f8b4bc02e7d2,2026-06-25T21:00:00Z,2026-06-25T23:00:00+0200,941.875,MW,BE,BE,forecast_offshore_wind_generation,Wind Offshore,2026-07-19T10:59:34Z
2026-07-19T10:59:13Z,2026-07-19T12:59:13+0200,ba8778f4-3084-44eb-9cc5-f8b4bc02e7d2,2026-06-25T22:00:00Z,2026-06-26T00:00:00+0200,962.875,MW,BE,BE,forecast_offshore_wind_generation,Wind Offshore,2026-07-19T10:59:34Z
2026-07-19T10:59:13Z,2026-07-19T12:59:13+0200,ba8778f4-3084-44eb-9cc5-f8b4bc02e7d2,2026-06-25T23:00:00Z,2026-06-26T01:00:00+0200,941.7,MW,BE,BE,forecast_offshore_wind_generation,Wind Offshore,2026-07-19T10:59:34Z
2026-07-19T10:59:13Z,2026-07-19T12:59:13+0200,ba8778f4-3084-44eb-9cc5-f8b4bc02e7d2,2026-06-26T00:00:00Z,2026-06-26T02:00:00+0200,879.475,MW,BE,BE,forecast_offshore_wind_generation,Wind Offshore,2026-07-19T10:59:34Z
2026-07-19T10:59:13Z,2026-07-19T12:59:13+0200,ba8778f4-3084-44eb-9cc5-f8b4bc02e7d2,2026-06-26T01:00:00Z,2026-06-26T03:00:00+0200,791.8,MW,BE,BE,forecast_offshore_wind_generation,Wind Offshore,2026-07-19T10:59:34Z
2026-07-19T10:59:13Z,2026-07-19T12:59:13+0200,ba8778f4-3084-44eb-9cc5-f8b4bc02e7d2,2026-06-26T02:00:00Z,2026-06-26T04:00:00+0200,698.725,MW,BE,BE,forecast_offshore_wind_generation,Wind Offshore,2026-07-19T10:59:34Z
2026-07-19T10:59:13Z,2026-07-19T12:59:13+0200,ba8778f4-3084-44eb-9cc5-f8b4bc02e7d2,2026-06-26T03:00:00Z,2026-06-26T05:00:00+0200,612.3,MW,BE,BE,forecast_offshore_wind_generation,Wind Offshore,2026-07-19T10:59:34Z
2026-07-19T10:59:13Z,2026-07-19T12:59:13+0200,ba8778f4-3084-44eb-9cc5-f8b4bc02e7d2,2026-06-26T04:00:00Z,2026-06-26T06:00:00+0200,532.95,MW,BE,BE,forecast_offshore_wind_generation,Wind Offshore,2026-07-19T10:59:34Z
2026-07-19T10:59:13Z,2026-07-19T12:59:13+0200,ba8778f4-3084-44eb-9cc5-f8b4bc02e7d2,2026-06-26T05:00:00Z,2026-06-26T07:00:00+0200,449.025,MW,BE,BE,forecast_offshore_wind_generation,Wind Offshore,2026-07-19T10:59:34Z
2026-07-19T10:59:13Z,2026-07-19T12:59:13+0200,ba8778f4-3084-44eb-9cc5-f8b4bc02e7d2,2026-06-26T06:00:00Z,2026-06-26T08:00:00+0200,352.775,MW,BE,BE,forecast_offshore_wind_generation,Wind Offshore,2026-07-19T10:59:34Z
2026-07-19T10:59:13Z,2026-07-19T12:59:13+0200,ba8778f4-3084-44eb-9cc5-f8b4bc02e7d2,2026-06-26T07:00:00Z,2026-06-26T09:00:00+0200,264.625,MW,BE,BE,forecast_offshore_wind_generation,Wind Offshore,2026-07-19T10:59:34Z
2026-07-19T10:59:13Z,2026-07-19T12:59:13+0200,ba8778f4-3084-44eb-9cc5-f8b4bc02e7d2,2026-06-26T08:00:00Z,2026-06-26T10:00:00+0200,223.65,MW,BE,BE,forecast_offshore_wind_generation,Wind Offshore,2026-07-19T10:59:34Z
2026-07-19T10:59:13Z,2026-07-19T12:59:13+0200,ba8778f4-3084-44eb-9cc5-f8b4bc02e7d2,2026-06-26T09:00:00Z,2026-06-26T11:00:00+0200,225.275,MW,BE,BE,forecast_offshore_wind_generation,Wind Offshore,2026-07-19T10:59:34Z
2026-07-19T10:59:13Z,2026-07-19T12:59:13+0200,ba8778f4-3084-44eb-9cc5-f8b4bc02e7d2,2026-06-26T10:00:00Z,2026-06-26T12:00:00+0200,272.325,MW,BE,BE,forecast_offshore_wind_generation,Wind Offshore,2026-07-19T10:59:34Z
2026-07-19T10:59:13Z,2026-07-19T12:59:13+0200,ba8778f4-3084-44eb-9cc5-f8b4bc02e7d2,2026-06-26T11:00:00Z,2026-06-26T13:00:00+0200,367.475,MW,BE,BE,forecast_offshore_wind_generation,Wind Offshore,2026-07-19T10:59:34Z
2026-07-19T10:59:13Z,2026-07-19T12:59:13+0200,ba8778f4-3084-44eb-9cc5-f8b4bc02e7d2,2026-06-26T12:00:00Z,2026-06-26T14:00:00+0200,448.7,MW,BE,BE,forecast_offshore_wind_generation,Wind Offshore,2026-07-19T10:59:34Z
2026-07-19T10:59:13Z,2026-07-19T12:59:13+0200,ba8778f4-3084-44eb-9cc5-f8b4bc02e7d2,2026-06-26T13:00:00Z,2026-06-26T15:00:00+0200,505.0,MW,BE,BE,forecast_offshore_wind_generation,Wind Offshore,2026-07-19T10:59:34Z
2026-07-19T10:59:13Z,2026-07-19T12:59:13+0200,ba8778f4-3084-44eb-9cc5-f8b4bc02e7d2,2026-06-26T14:00:00Z,2026-06-26T16:00:00+0200,590.95,MW,BE,BE,forecast_offshore_wind_generation,Wind Offshore,2026-07-19T10:59:34Z
2026-07-19T10:59:13Z,2026-07-19T12:59:13+0200,ba8778f4-3084-44eb-9cc5-f8b4bc02e7d2,2026-06-26T15:00:00Z,2026-06-26T17:00:00+0200,722.325,MW,BE,BE,forecast_offshore_wind_generation,Wind Offshore,2026-07-19T10:59:34Z
2026-07-19T10:59:13Z,2026-07-19T12:59:13+0200,ba8778f4-3084-44eb-9cc5-f8b4bc02e7d2,2026-06-26T16:00:00Z,2026-06-26T18:00:00+0200,883.75,MW,BE,BE,forecast_offshore_wind_generation,Wind Offshore,2026-07-19T10:59:34Z
2026-07-19T10:59:13Z,2026-07-19T12:59:13+0200,ba8778f4-3084-44eb-9cc5-f8b4bc02e7d2,2026-06-26T17:00:00Z,2026-06-26T19:00:00+0200,1024.725,MW,BE,BE,forecast_offshore_wind_generation,Wind Offshore,2026-07-19T10:59:34Z
2026-07-19T10:59:13Z,2026-07-19T12:59:13+0200,ba8778f4-3084-44eb-9cc5-f8b4bc02e7d2,2026-06-26T18:00:00Z,2026-06-26T20:00:00+0200,1091.575,MW,BE,BE,forecast_offshore_wind_generation,Wind Offshore,2026-07-19T10:59:34Z
2026-07-19T10:59:13Z,2026-07-19T12:59:13+0200,ba8778f4-3084-44eb-9cc5-f8b4bc02e7d2,2026-06-26T19:00:00Z,2026-06-26T21:00:00+0200,1072.45,MW,BE,BE,forecast_offshore_wind_generation,Wind Offshore,2026-07-19T10:59:34Z
2026-07-19T10:59:13Z,2026-07-19T12:59:13+0200,ba8778f4-3084-44eb-9cc5-f8b4bc02e7d2,2026-06-26T20:00:00Z,2026-06-26T22:00:00+0200,987.35,MW,BE,BE,forecast_offshore_wind_generation,Wind Offshore,2026-07-19T10:59:34Z
2026-07-19T10:59:13Z,2026-07-19T12:59:13+0200,ba8778f4-3084-44eb-9cc5-f8b4bc02e7d2,2026-06-26T21:00:00Z,2026-06-26T23:00:00+0200,853.375,MW,BE,BE,forecast_offshore_wind_generation,Wind Offshore,2026-07-19T10:59:34Z
2026-07-19T10:59:13Z,2026-07-19T12:59:13+0200,ba8778f4-3084-44eb-9cc5-f8b4bc02e7d2,2026-06-26T22:00:00Z,2026-06-27T00:00:00+0200,729.95,MW,BE,BE,forecast_offshore_wind_generation,Wind Offshore,2026-07-19T10:59:34Z
2026-07-19T10:59:13Z,2026-07-19T12:59:13+0200,ba8778f4-3084-44eb-9cc5-f8b4bc02e7d2,2026-06-26T23:00:00Z,2026-06-27T01:00:00+0200,516.625,MW,BE,BE,forecast_offshore_wind_generation,Wind Offshore,2026-07-19T10:59:34Z
2026-07-19T10:59:13Z,2026-07-19T12:59:13+0200,ba8778f4-3084-44eb-9cc5-f8b4bc02e7d2,2026-06-27T00:00:00Z,2026-06-27T02:00:00+0200,350.3,MW,BE,BE,forecast_offshore_wind_generation,Wind Offshore,2026-07-19T10:59:34Z
2026-07-19T10:59:13Z,2026-07-19T12:59:13+0200,ba8778f4-3084-44eb-9cc5-f8b4bc02e7d2,2026-06-27T01:00:00Z,2026-06-27T03:00:00+0200,233.45,MW,BE,BE,forecast_offshore_wind_generation,Wind Offshore,2026-07-19T10:59:34Z
2026-07-19T10:59:13Z,2026-07-19T12:59:13+0200,ba8778f4-3084-44eb-9cc5-f8b4bc02e7d2,2026-06-27T02:00:00Z,2026-06-27T04:00:00+0200,150.175,MW,BE,BE,forecast_offshore_wind_generation,Wind Offshore,2026-07-19T10:59:34Z
2026-07-19T10:59:13Z,2026-07-19T12:59:13+0200,ba8778f4-3084-44eb-9cc5-f8b4bc02e7d2,2026-06-27T03:00:00Z,2026-06-27T05:00:00+0200,112.25,MW,BE,BE,forecast_offshore_wind_generation,Wind Offshore,2026-07-19T10:59:34Z
2026-07-19T10:59:13Z,2026-07-19T12:59:13+0200,ba8778f4-3084-44eb-9cc5-f8b4bc02e7d2,2026-06-27T04:00:00Z,2026-06-27T06:00:00+0200,116.225,MW,BE,BE,forecast_offshore_wind_generation,Wind Offshore,2026-07-19T10:59:34Z
2026-07-19T10:59:13Z,2026-07-19T12:59:13+0200,ba8778f4-3084-44eb-9cc5-f8b4bc02e7d2,2026-06-27T05:00:00Z,2026-06-27T07:00:00+0200,133.7,MW,BE,BE,forecast_offshore_wind_generation,Wind Offshore,2026-07-19T10:59:34Z
2026-07-19T10:59:13Z,2026-07-19T12:59:13+0200,ba8778f4-3084-44eb-9cc5-f8b4bc02e7d2,2026-06-27T06:00:00Z,2026-06-27T08:00:00+0200,130.3,MW,BE,BE,forecast_offshore_wind_generation,Wind Offshore,2026-07-19T10:59:34Z
2026-07-19T10:59:13Z,2026-07-19T12:59:13+0200,ba8778f4-3084-44eb-9cc5-f8b4bc02e7d2,2026-06-27T07:00:00Z,2026-06-27T09:00:00+0200,114.2,MW,BE,BE,forecast_offshore_wind_generation,Wind Offshore,2026-07-19T10:59:34Z
2026-07-19T10:59:13Z,2026-07-19T12:59:13+0200,ba8778f4-3084-44eb-9cc5-f8b4bc02e7d2,2026-06-27T08:00:00Z,2026-06-27T10:00:00+0200,86.7,MW,BE,BE,forecast_offshore_wind_generation,Wind Offshore,2026-07-19T10:59:34Z
2026-07-19T10:59:13Z,2026-07-19T12:59:13+0200,ba8778f4-3084-44eb-9cc5-f8b4bc02e7d2,2026-06-27T09:00:00Z,2026-06-27T11:00:00+0200,71.875,MW,BE,BE,forecast_offshore_wind_generation,Wind Offshore,2026-07-19T10:59:34Z
2026-07-19T10:59:13Z,2026-07-19T12:59:13+0200,ba8778f4-3084-44eb-9cc5-f8b4bc02e7d2,2026-06-27T10:00:00Z,2026-06-27T12:00:00+0200,68.95,MW,BE,BE,forecast_offshore_wind_generation,Wind Offshore,2026-07-19T10:59:34Z
2026-07-19T10:59:13Z,2026-07-19T12:59:13+0200,ba8778f4-3084-44eb-9cc5-f8b4bc02e7d2,2026-06-27T11:00:00Z,2026-06-27T13:00:00+0200,69.15,MW,BE,BE,forecast_offshore_wind_generation,Wind Offshore,2026-07-19T10:59:34Z
2026-07-19T10:59:13Z,2026-07-19T12:59:13+0200,ba8778f4-3084-44eb-9cc5-f8b4bc02e7d2,2026-06-27T12:00:00Z,2026-06-27T14:00:00+0200,60.275,MW,BE,BE,forecast_offshore_wind_generation,Wind Offshore,2026-07-19T10:59:34Z
2026-07-19T10:59:13Z,2026-07-19T12:59:13+0200,ba8778f4-3084-44eb-9cc5-f8b4bc02e7d2,2026-06-27T13:00:00Z,2026-06-27T15:00:00+0200,53.575,MW,BE,BE,forecast_offshore_wind_generation,Wind Offshore,2026-07-19T10:59:34Z
2026-07-19T10:59:13Z,2026-07-19T12:59:13+0200,ba8778f4-3084-44eb-9cc5-f8b4bc02e7d2,2026-06-27T14:00:00Z,2026-06-27T16:00:00+0200,51.4,MW,BE,BE,forecast_offshore_wind_generation,Wind Offshore,2026-07-19T10:59:34Z
2026-07-19T10:59:13Z,2026-07-19T12:59:13+0200,ba8778f4-3084-44eb-9cc5-f8b4bc02e7d2,2026-06-27T15:00:00Z,2026-06-27T17:00:00+0200,49.075,MW,BE,BE,forecast_offshore_wind_generation,Wind Offshore,2026-07-19T10:59:34Z
2026-07-19T10:59:13Z,2026-07-19T12:59:13+0200,ba8778f4-3084-44eb-9cc5-f8b4bc02e7d2,2026-06-27T16:00:00Z,2026-06-27T18:00:00+0200,49.4,MW,BE,BE,forecast_offshore_wind_generation,Wind Offshore,2026-07-19T10:59:34Z
2026-07-19T10:59:13Z,2026-07-19T12:59:13+0200,ba8778f4-3084-44eb-9cc5-f8b4bc02e7d2,2026-06-27T17:00:00Z,2026-06-27T19:00:00+0200,55.725,MW,BE,BE,forecast_offshore_wind_generation,Wind Offshore,2026-07-19T10:59:34Z
2026-07-19T10:59:13Z,2026-07-19T12:59:13+0200,ba8778f4-3084-44eb-9cc5-f8b4bc02e7d2,2026-06-27T18:00:00Z,2026-06-27T20:00:00+0200,61.25,MW,BE,BE,forecast_offshore_wind_generation,Wind Offshore,2026-07-19T10:59:34Z
2026-07-19T10:59:13Z,2026-07-19T12:59:13+0200,ba8778f4-3084-44eb-9cc5-f8b4bc02e7d2,2026-06-27T19:00:00Z,2026-06-27T21:00:00+0200,63.375,MW,BE,BE,forecast_offshore_wind_generation,Wind Offshore,2026-07-19T10:59:34Z
2026-07-19T10:59:13Z,2026-07-19T12:59:13+0200,ba8778f4-3084-44eb-9cc5-f8b4bc02e7d2,2026-06-27T20:00:00Z,2026-06-27T22:00:00+0200,54.6,MW,BE,BE,forecast_offshore_wind_generation,Wind Offshore,2026-07-19T10:59:34Z
2026-07-19T10:59:13Z,2026-07-19T12:59:13+0200,ba8778f4-3084-44eb-9cc5-f8b4bc02e7d2,2026-06-27T21:00:00Z,2026-06-27T23:00:00+0200,49.125,MW,BE,BE,forecast_offshore_wind_generation,Wind Offshore,2026-07-19T10:59:34Z
2026-07-19T10:59:13Z,2026-07-19T12:59:13+0200,ba8778f4-3084-44eb-9cc5-f8b4bc02e7d2,2026-06-27T22:00:00Z,2026-06-28T00:00:00+0200,41.325,MW,BE,BE,forecast_offshore_wind_generation,Wind Offshore,2026-07-19T10:59:34Z
2026-07-19T10:59:13Z,2026-07-19T12:59:13+0200,ba8778f4-3084-44eb-9cc5-f8b4bc02e7d2,2026-06-27T23:00:00Z,2026-06-28T01:00:00+0200,44.875,MW,BE,BE,forecast_offshore_wind_generation,Wind Offshore,2026-07-19T10:59:34Z
2026-07-19T10:59:13Z,2026-07-19T12:59:13+0200,ba8778f4-3084-44eb-9cc5-f8b4bc02e7d2,2026-06-28T00:00:00Z,2026-06-28T02:00:00+0200,68.95,MW,BE,BE,forecast_offshore_wind_generation,Wind Offshore,2026-07-19T10:59:34Z
2026-07-19T10:59:13Z,2026-07-19T12:59:13+0200,ba8778f4-3084-44eb-9cc5-f8b4bc02e7d2,2026-06-28T01:00:00Z,2026-06-28T03:00:00+0200,113.475,MW,BE,BE,forecast_offshore_wind_generation,Wind Offshore,2026-07-19T10:59:34Z
2026-07-19T10:59:13Z,2026-07-19T12:59:13+0200,ba8778f4-3084-44eb-9cc5-f8b4bc02e7d2,2026-06-28T02:00:00Z,2026-06-28T04:00:00+0200,168.65,MW,BE,BE,forecast_offshore_wind_generation,Wind Offshore,2026-07-19T10:59:34Z
2026-07-19T10:59:13Z,2026-07-19T12:59:13+0200,ba8778f4-3084-44eb-9cc5-f8b4bc02e7d2,2026-06-28T03:00:00Z,2026-06-28T05:00:00+0200,227.775,MW,BE,BE,forecast_offshore_wind_generation,Wind Offshore,2026-07-19T10:59:34Z
2026-07-19T10:59:13Z,2026-07-19T12:59:13+0200,ba8778f4-3084-44eb-9cc5-f8b4bc02e7d2,2026-06-28T04:00:00Z,2026-06-28T06:00:00+0200,282.0,MW,BE,BE,forecast_offshore_wind_generation,Wind Offshore,2026-07-19T10:59:34Z
2026-07-19T10:59:13Z,2026-07-19T12:59:13+0200,ba8778f4-3084-44eb-9cc5-f8b4bc02e7d2,2026-06-28T05:00:00Z,2026-06-28T07:00:00+0200,322.025,MW,BE,BE,forecast_offshore_wind_generation,Wind Offshore,2026-07-19T10:59:34Z
2026-07-19T10:59:13Z,2026-07-19T12:59:13+0200,ba8778f4-3084-44eb-9cc5-f8b4bc02e7d2,2026-06-28T06:00:00Z,2026-06-28T08:00:00+0200,355.5,MW,BE,BE,forecast_offshore_wind_generation,Wind Offshore,2026-07-19T10:59:34Z
2026-07-19T10:59:13Z,2026-07-19T12:59:13+0200,ba8778f4-3084-44eb-9cc5-f8b4bc02e7d2,2026-06-28T07:00:00Z,2026-06-28T09:00:00+0200,372.575,MW,BE,BE,forecast_offshore_wind_generation,Wind Offshore,2026-07-19T10:59:34Z
2026-07-19T10:59:13Z,2026-07-19T12:59:13+0200,ba8778f4-3084-44eb-9cc5-f8b4bc02e7d2,2026-06-28T08:00:00Z,2026-06-28T10:00:00+0200,415.125,MW,BE,BE,forecast_offshore_wind_generation,Wind Offshore,2026-07-19T10:59:34Z
2026-07-19T10:59:13Z,2026-07-19T12:59:13+0200,ba8778f4-3084-44eb-9cc5-f8b4bc02e7d2,2026-06-28T09:00:00Z,2026-06-28T11:00:00+0200,513.95,MW,BE,BE,forecast_offshore_wind_generation,Wind Offshore,2026-07-19T10:59:34Z
2026-07-19T10:59:13Z,2026-07-19T12:59:13+0200,ba8778f4-3084-44eb-9cc5-f8b4bc02e7d2,2026-06-28T10:00:00Z,2026-06-28T12:00:00+0200,663.15,MW,BE,BE,forecast_offshore_wind_generation,Wind Offshore,2026-07-19T10:59:34Z
2026-07-19T10:59:13Z,2026-07-19T12:59:13+0200,ba8778f4-3084-44eb-9cc5-f8b4bc02e7d2,2026-06-28T11:00:00Z,2026-06-28T13:00:00+0200,846.325,MW,BE,BE,forecast_offshore_wind_generation,Wind Offshore,2026-07-19T10:59:34Z
2026-07-19T10:59:13Z,2026-07-19T12:59:13+0200,ba8778f4-3084-44eb-9cc5-f8b4bc02e7d2,2026-06-28T12:00:00Z,2026-06-28T14:00:00+0200,1032.175,MW,BE,BE,forecast_offshore_wind_generation,Wind Offshore,2026-07-19T10:59:34Z
2026-07-19T10:59:13Z,2026-07-19T12:59:13+0200,ba8778f4-3084-44eb-9cc5-f8b4bc02e7d2,2026-06-28T13:00:00Z,2026-06-28T15:00:00+0200,1195.225,MW,BE,BE,forecast_offshore_wind_generation,Wind Offshore,2026-07-19T10:59:34Z
2026-07-19T10:59:13Z,2026-07-19T12:59:13+0200,ba8778f4-3084-44eb-9cc5-f8b4bc02e7d2,2026-06-28T14:00:00Z,2026-06-28T16:00:00+0200,1334.525,MW,BE,BE,forecast_offshore_wind_generation,Wind Offshore,2026-07-19T10:59:34Z
2026-07-19T10:59:13Z,2026-07-19T12:59:13+0200,ba8778f4-3084-44eb-9cc5-f8b4bc02e7d2,2026-06-28T15:00:00Z,2026-06-28T17:00:00+0200,1426.55,MW,BE,BE,forecast_offshore_wind_generation,Wind Offshore,2026-07-19T10:59:34Z
2026-07-19T10:59:13Z,2026-07-19T12:59:13+0200,ba8778f4-3084-44eb-9cc5-f8b4bc02e7d2,2026-06-28T16:00:00Z,2026-06-28T18:00:00+0200,1436.025,MW,BE,BE,forecast_offshore_wind_generation,Wind Offshore,2026-07-19T10:59:34Z
2026-07-19T10:59:13Z,2026-07-19T12:59:13+0200,ba8778f4-3084-44eb-9cc5-f8b4bc02e7d2,2026-06-28T17:00:00Z,2026-06-28T19:00:00+0200,1390.85,MW,BE,BE,forecast_offshore_wind_generation,Wind Offshore,2026-07-19T10:59:34Z
2026-07-19T10:59:13Z,2026-07-19T12:59:13+0200,ba8778f4-3084-44eb-9cc5-f8b4bc02e7d2,2026-06-28T18:00:00Z,2026-06-28T20:00:00+0200,1321.525,MW,BE,BE,forecast_offshore_wind_generation,Wind Offshore,2026-07-19T10:59:34Z
2026-07-19T10:59:13Z,2026-07-19T12:59:13+0200,ba8778f4-3084-44eb-9cc5-f8b4bc02e7d2,2026-06-28T19:00:00Z,2026-06-28T21:00:00+0200,1261.125,MW,BE,BE,forecast_offshore_wind_generation,Wind Offshore,2026-07-19T10:59:34Z
2026-07-19T10:59:13Z,2026-07-19T12:59:13+0200,ba8778f4-3084-44eb-9cc5-f8b4bc02e7d2,2026-06-28T20:00:00Z,2026-06-28T22:00:00+0200,1229.75,MW,BE,BE,forecast_offshore_wind_generation,Wind Offshore,2026-07-19T10:59:34Z
2026-07-19T10:59:13Z,2026-07-19T12:59:13+0200,ba8778f4-3084-44eb-9cc5-f8b4bc02e7d2,2026-06-28T21:00:00Z,2026-06-28T23:00:00+0200,1189.45,MW,BE,BE,forecast_offshore_wind_generation,Wind Offshore,2026-07-19T10:59:34Z
2026-07-19T10:59:13Z,2026-07-19T12:59:13+0200,ba8778f4-3084-44eb-9cc5-f8b4bc02e7d2,2026-06-28T22:00:00Z,2026-06-29T00:00:00+0200,1306.1,MW,BE,BE,forecast_offshore_wind_generation,Wind Offshore,2026-07-19T10:59:34Z
2026-07-19T10:59:13Z,2026-07-19T12:59:13+0200,ba8778f4-3084-44eb-9cc5-f8b4bc02e7d2,2026-06-28T23:00:00Z,2026-06-29T01:00:00+0200,1072.725,MW,BE,BE,forecast_offshore_wind_generation,Wind Offshore,2026-07-19T10:59:34Z
2026-07-19T10:59:13Z,2026-07-19T12:59:13+0200,ba8778f4-3084-44eb-9cc5-f8b4bc02e7d2,2026-06-29T00:00:00Z,2026-06-29T02:00:00+0200,861.125,MW,BE,BE,forecast_offshore_wind_generation,Wind Offshore,2026-07-19T10:59:34Z
2026-07-19T10:59:13Z,2026-07-19T12:59:13+0200,ba8778f4-3084-44eb-9cc5-f8b4bc02e7d2,2026-06-29T01:00:00Z,2026-06-29T03:00:00+0200,699.525,MW,BE,BE,forecast_offshore_wind_generation,Wind Offshore,2026-07-19T10:59:34Z
2026-07-19T10:59:13Z,2026-07-19T12:59:13+0200,ba8778f4-3084-44eb-9cc5-f8b4bc02e7d2,2026-06-29T02:00:00Z,2026-06-29T04:00:00+0200,567.8,MW,BE,BE,forecast_offshore_wind_generation,Wind Offshore,2026-07-19T10:59:34Z
2026-07-19T10:59:13Z,2026-07-19T12:59:13+0200,ba8778f4-3084-44eb-9cc5-f8b4bc02e7d2,2026-06-29T03:00:00Z,2026-06-29T05:00:00+0200,438.475,MW,BE,BE,forecast_offshore_wind_generation,Wind Offshore,2026-07-19T10:59:34Z
2026-07-19T10:59:13Z,2026-07-19T12:59:13+0200,ba8778f4-3084-44eb-9cc5-f8b4bc02e7d2,2026-06-29T04:00:00Z,2026-06-29T06:00:00+0200,330.25,MW,BE,BE,forecast_offshore_wind_generation,Wind Offshore,2026-07-19T10:59:34Z
2026-07-19T10:59:13Z,2026-07-19T12:59:13+0200,ba8778f4-3084-44eb-9cc5-f8b4bc02e7d2,2026-06-29T05:00:00Z,2026-06-29T07:00:00+0200,251.7,MW,BE,BE,forecast_offshore_wind_generation,Wind Offshore,2026-07-19T10:59:34Z
2026-07-19T10:59:13Z,2026-07-19T12:59:13+0200,ba8778f4-3084-44eb-9cc5-f8b4bc02e7d2,2026-06-29T06:00:00Z,2026-06-29T08:00:00+0200,184.55,MW,BE,BE,forecast_offshore_wind_generation,Wind Offshore,2026-07-19T10:59:34Z
2026-07-19T10:59:13Z,2026-07-19T12:59:13+0200,ba8778f4-3084-44eb-9cc5-f8b4bc02e7d2,2026-06-29T07:00:00Z,2026-06-29T09:00:00+0200,129.9,MW,BE,BE,forecast_offshore_wind_generation,Wind Offshore,2026-07-19T10:59:34Z
2026-07-19T10:59:13Z,2026-07-19T12:59:13+0200,ba8778f4-3084-44eb-9cc5-f8b4bc02e7d2,2026-06-29T08:00:00Z,2026-06-29T10:00:00+0200,93.75,MW,BE,BE,forecast_offshore_wind_generation,Wind Offshore,2026-07-19T10:59:34Z
2026-07-19T10:59:13Z,2026-07-19T12:59:13+0200,ba8778f4-3084-44eb-9cc5-f8b4bc02e7d2,2026-06-29T09:00:00Z,2026-06-29T11:00:00+0200,70.725,MW,BE,BE,forecast_offshore_wind_generation,Wind Offshore,2026-07-19T10:59:34Z
2026-07-19T10:59:13Z,2026-07-19T12:59:13+0200,ba8778f4-3084-44eb-9cc5-f8b4bc02e7d2,2026-06-29T10:00:00Z,2026-06-29T12:00:00+0200,53.075,MW,BE,BE,forecast_offshore_wind_generation,Wind Offshore,2026-07-19T10:59:34Z
2026-07-19T10:59:13Z,2026-07-19T12:59:13+0200,ba8778f4-3084-44eb-9cc5-f8b4bc02e7d2,2026-06-29T11:00:00Z,2026-06-29T13:00:00+0200,39.625,MW,BE,BE,forecast_offshore_wind_generation,Wind Offshore,2026-07-19T10:59:34Z
2026-07-19T10:59:13Z,2026-07-19T12:59:13+0200,ba8778f4-3084-44eb-9cc5-f8b4bc02e7d2,2026-06-29T12:00:00Z,2026-06-29T14:00:00+0200,30.475,MW,BE,BE,forecast_offshore_wind_generation,Wind Offshore,2026-07-19T10:59:34Z
2026-07-19T10:59:13Z,2026-07-19T12:59:13+0200,ba8778f4-3084-44eb-9cc5-f8b4bc02e7d2,2026-06-29T13:00:00Z,2026-06-29T15:00:00+0200,24.675,MW,BE,BE,forecast_offshore_wind_generation,Wind Offshore,2026-07-19T10:59:34Z
2026-07-19T10:59:13Z,2026-07-19T12:59:13+0200,ba8778f4-3084-44eb-9cc5-f8b4bc02e7d2,2026-06-29T14:00:00Z,2026-06-29T16:00:00+0200,22.2,MW,BE,BE,forecast_offshore_wind_generation,Wind Offshore,2026-07-19T10:59:34Z
2026-07-19T10:59:13Z,2026-07-19T12:59:13+0200,ba8778f4-3084-44eb-9cc5-f8b4bc02e7d2,2026-06-29T15:00:00Z,2026-06-29T17:00:00+0200,23.375,MW,BE,BE,forecast_offshore_wind_generation,Wind Offshore,2026-07-19T10:59:34Z
2026-07-19T10:59:13Z,2026-07-19T12:59:13+0200,ba8778f4-3084-44eb-9cc5-f8b4bc02e7d2,2026-06-29T16:00:00Z,2026-06-29T18:00:00+0200,26.375,MW,BE,BE,forecast_offshore_wind_generation,Wind Offshore,2026-07-19T10:59:34Z
2026-07-19T10:59:13Z,2026-07-19T12:59:13+0200,ba8778f4-3084-44eb-9cc5-f8b4bc02e7d2,2026-06-29T17:00:00Z,2026-06-29T19:00:00+0200,28.55,MW,BE,BE,forecast_offshore_wind_generation,Wind Offshore,2026-07-19T10:59:34Z
2026-07-19T10:59:13Z,2026-07-19T12:59:13+0200,ba8778f4-3084-44eb-9cc5-f8b4bc02e7d2,2026-06-29T18:00:00Z,2026-06-29T20:00:00+0200,27.95,MW,BE,BE,forecast_offshore_wind_generation,Wind Offshore,2026-07-19T10:59:34Z
2026-07-19T10:59:13Z,2026-07-19T12:59:13+0200,ba8778f4-3084-44eb-9cc5-f8b4bc02e7d2,2026-06-29T19:00:00Z,2026-06-29T21:00:00+0200,26.95,MW,BE,BE,forecast_offshore_wind_generation,Wind Offshore,2026-07-19T10:59:34Z
2026-07-19T10:59:13Z,2026-07-19T12:59:13+0200,ba8778f4-3084-44eb-9cc5-f8b4bc02e7d2,2026-06-29T20:00:00Z,2026-06-29T22:00:00+0200,27.775,MW,BE,BE,forecast_offshore_wind_generation,Wind Offshore,2026-07-19T10:59:34Z
2026-07-19T10:59:13Z,2026-07-19T12:59:13+0200,ba8778f4-3084-44eb-9cc5-f8b4bc02e7d2,2026-06-29T21:00:00Z,2026-06-29T23:00:00+0200,30.125,MW,BE,BE,forecast_offshore_wind_generation,Wind Offshore,2026-07-19T10:59:34Z
2026-07-19T10:59:13Z,2026-07-19T12:59:13+0200,ba8778f4-3084-44eb-9cc5-f8b4bc02e7d2,2026-06-29T22:00:00Z,2026-06-30T00:00:00+0200,30.35,MW,BE,BE,forecast_offshore_wind_generation,Wind Offshore,2026-07-19T10:59:34Z
2026-07-19T10:59:13Z,2026-07-19T12:59:13+0200,ba8778f4-3084-44eb-9cc5-f8b4bc02e7d2,2026-06-29T23:00:00Z,2026-06-30T01:00:00+0200,28.6,MW,BE,BE,forecast_offshore_wind_generation,Wind Offshore,2026-07-19T10:59:34Z
2026-07-19T10:59:13Z,2026-07-19T12:59:13+0200,ba8778f4-3084-44eb-9cc5-f8b4bc02e7d2,2026-06-30T00:00:00Z,2026-06-30T02:00:00+0200,28.8,MW,BE,BE,forecast_offshore_wind_generation,Wind Offshore,2026-07-19T10:59:34Z
2026-07-19T10:59:13Z,2026-07-19T12:59:13+0200,ba8778f4-3084-44eb-9cc5-f8b4bc02e7d2,2026-06-30T01:00:00Z,2026-06-30T03:00:00+0200,29.225,MW,BE,BE,forecast_offshore_wind_generation,Wind Offshore,2026-07-19T10:59:34Z
2026-07-19T10:59:13Z,2026-07-19T12:59:13+0200,ba8778f4-3084-44eb-9cc5-f8b4bc02e7d2,2026-06-30T02:00:00Z,2026-06-30T04:00:00+0200,30.7,MW,BE,BE,forecast_offshore_wind_generation,Wind Offshore,2026-07-19T10:59:34Z
2026-07-19T10:59:13Z,2026-07-19T12:59:13+0200,ba8778f4-3084-44eb-9cc5-f8b4bc02e7d2,2026-06-30T03:00:00Z,2026-06-30T05:00:00+0200,33.025,MW,BE,BE,forecast_offshore_wind_generation,Wind Offshore,2026-07-19T10:59:34Z
2026-07-19T10:59:13Z,2026-07-19T12:59:13+0200,ba8778f4-3084-44eb-9cc5-f8b4bc02e7d2,2026-06-30T04:00:00Z,2026-06-30T06:00:00+0200,35.7,MW,BE,BE,forecast_offshore_wind_generation,Wind Offshore,2026-07-19T10:59:34Z
2026-07-19T10:59:13Z,2026-07-19T12:59:13+0200,ba8778f4-3084-44eb-9cc5-f8b4bc02e7d2,2026-06-30T05:00:00Z,2026-06-30T07:00:00+0200,38.55,MW,BE,BE,forecast_offshore_wind_generation,Wind Offshore,2026-07-19T10:59:34Z
2026-07-19T10:59:13Z,2026-07-19T12:59:13+0200,ba8778f4-3084-44eb-9cc5-f8b4bc02e7d2,2026-06-30T06:00:00Z,2026-06-30T08:00:00+0200,42.375,MW,BE,BE,forecast_offshore_wind_generation,Wind Offshore,2026-07-19T10:59:34Z
2026-07-19T10:59:13Z,2026-07-19T12:59:13+0200,ba8778f4-3084-44eb-9cc5-f8b4bc02e7d2,2026-06-30T07:00:00Z,2026-06-30T09:00:00+0200,50.425,MW,BE,BE,forecast_offshore_wind_generation,Wind Offshore,2026-07-19T10:59:34Z
2026-07-19T10:59:13Z,2026-07-19T12:59:13+0200,ba8778f4-3084-44eb-9cc5-f8b4bc02e7d2,2026-06-30T08:00:00Z,2026-06-30T10:00:00+0200,65.9,MW,BE,BE,forecast_offshore_wind_generation,Wind Offshore,2026-07-19T10:59:34Z
2026-07-19T10:59:13Z,2026-07-19T12:59:13+0200,ba8778f4-3084-44eb-9cc5-f8b4bc02e7d2,2026-06-30T09:00:00Z,2026-06-30T11:00:00+0200,89.825,MW,BE,BE,forecast_offshore_wind_generation,Wind Offshore,2026-07-19T10:59:34Z
2026-07-19T10:59:13Z,2026-07-19T12:59:13+0200,ba8778f4-3084-44eb-9cc5-f8b4bc02e7d2,2026-06-30T10:00:00Z,2026-06-30T12:00:00+0200,123.725,MW,BE,BE,forecast_offshore_wind_generation,Wind Offshore,2026-07-19T10:59:34Z
2026-07-19T10:59:13Z,2026-07-19T12:59:13+0200,ba8778f4-3084-44eb-9cc5-f8b4bc02e7d2,2026-06-30T11:00:00Z,2026-06-30T13:00:00+0200,173.375,MW,BE,BE,forecast_offshore_wind_generation,Wind Offshore,2026-07-19T10:59:34Z
2026-07-19T10:59:13Z,2026-07-19T12:59:13+0200,ba8778f4-3084-44eb-9cc5-f8b4bc02e7d2,2026-06-30T12:00:00Z,2026-06-30T14:00:00+0200,174.95,MW,BE,BE,forecast_offshore_wind_generation,Wind Offshore,2026-07-19T10:59:34Z
2026-07-19T10:59:13Z,2026-07-19T12:59:13+0200,ba8778f4-3084-44eb-9cc5-f8b4bc02e7d2,2026-06-30T13:00:00Z,2026-06-30T15:00:00+0200,157.425,MW,BE,BE,forecast_offshore_wind_generation,Wind Offshore,2026-07-19T10:59:34Z
2026-07-19T10:59:13Z,2026-07-19T12:59:13+0200,ba8778f4-3084-44eb-9cc5-f8b4bc02e7d2,2026-06-30T14:00:00Z,2026-06-30T16:00:00+0200,150.275,MW,BE,BE,forecast_offshore_wind_generation,Wind Offshore,2026-07-19T10:59:34Z
2026-07-19T10:59:13Z,2026-07-19T12:59:13+0200,ba8778f4-3084-44eb-9cc5-f8b4bc02e7d2,2026-06-30T15:00:00Z,2026-06-30T17:00:00+0200,149.775,MW,BE,BE,forecast_offshore_wind_generation,Wind Offshore,2026-07-19T10:59:34Z
2026-07-19T10:59:13Z,2026-07-19T12:59:13+0200,ba8778f4-3084-44eb-9cc5-f8b4bc02e7d2,2026-06-30T16:00:00Z,2026-06-30T18:00:00+0200,146.05,MW,BE,BE,forecast_offshore_wind_generation,Wind Offshore,2026-07-19T10:59:34Z
2026-07-19T10:59:13Z,2026-07-19T12:59:13+0200,ba8778f4-3084-44eb-9cc5-f8b4bc02e7d2,2026-06-30T17:00:00Z,2026-06-30T19:00:00+0200,154.6,MW,BE,BE,forecast_offshore_wind_generation,Wind Offshore,2026-07-19T10:59:34Z
2026-07-19T10:59:13Z,2026-07-19T12:59:13+0200,ba8778f4-3084-44eb-9cc5-f8b4bc02e7d2,2026-06-30T18:00:00Z,2026-06-30T20:00:00+0200,182.8,MW,BE,BE,forecast_offshore_wind_generation,Wind Offshore,2026-07-19T10:59:34Z
2026-07-19T10:59:13Z,2026-07-19T12:59:13+0200,ba8778f4-3084-44eb-9cc5-f8b4bc02e7d2,2026-06-30T19:00:00Z,2026-06-30T21:00:00+0200,228.6,MW,BE,BE,forecast_offshore_wind_generation,Wind Offshore,2026-07-19T10:59:34Z
2026-07-19T10:59:13Z,2026-07-19T12:59:13+0200,ba8778f4-3084-44eb-9cc5-f8b4bc02e7d2,2026-06-30T20:00:00Z,2026-06-30T22:00:00+0200,281.1,MW,BE,BE,forecast_offshore_wind_generation,Wind Offshore,2026-07-19T10:59:34Z
2026-07-19T10:59:13Z,2026-07-19T12:59:13+0200,ba8778f4-3084-44eb-9cc5-f8b4bc02e7d2,2026-06-30T21:00:00Z,2026-06-30T23:00:00+0200,327.2,MW,BE,BE,forecast_offshore_wind_generation,Wind Offshore,2026-07-19T10:59:34Z
2026-07-19T10:59:13Z,2026-07-19T12:59:13+0200,ba8778f4-3084-44eb-9cc5-f8b4bc02e7d2,2026-06-30T22:00:00Z,2026-07-01T00:00:00+0200,379.525,MW,BE,BE,forecast_offshore_wind_generation,Wind Offshore,2026-07-19T10:59:34Z
2026-07-19T10:59:13Z,2026-07-19T12:59:13+0200,ba8778f4-3084-44eb-9cc5-f8b4bc02e7d2,2026-06-30T23:00:00Z,2026-07-01T01:00:00+0200,368.825,MW,BE,BE,forecast_offshore_wind_generation,Wind Offshore,2026-07-19T10:59:34Z
2026-07-19T10:59:13Z,2026-07-19T12:59:13+0200,ba8778f4-3084-44eb-9cc5-f8b4bc02e7d2,2026-07-01T00:00:00Z,2026-07-01T02:00:00+0200,336.325,MW,BE,BE,forecast_offshore_wind_generation,Wind Offshore,2026-07-19T10:59:34Z
2026-07-19T10:59:13Z,2026-07-19T12:59:13+0200,ba8778f4-3084-44eb-9cc5-f8b4bc02e7d2,2026-07-01T01:00:00Z,2026-07-01T03:00:00+0200,299.5,MW,BE,BE,forecast_offshore_wind_generation,Wind Offshore,2026-07-19T10:59:34Z
2026-07-19T10:59:13Z,2026-07-19T12:59:13+0200,ba8778f4-3084-44eb-9cc5-f8b4bc02e7d2,2026-07-01T02:00:00Z,2026-07-01T04:00:00+0200,250.25,MW,BE,BE,forecast_offshore_wind_generation,Wind Offshore,2026-07-19T10:59:34Z
2026-07-19T10:59:13Z,2026-07-19T12:59:13+0200,ba8778f4-3084-44eb-9cc5-f8b4bc02e7d2,2026-07-01T03:00:00Z,2026-07-01T05:00:00+0200,203.975,MW,BE,BE,forecast_offshore_wind_generation,Wind Offshore,2026-07-19T10:59:34Z
2026-07-19T10:59:13Z,2026-07-19T12:59:13+0200,ba8778f4-3084-44eb-9cc5-f8b4bc02e7d2,2026-07-01T04:00:00Z,2026-07-01T06:00:00+0200,168.95,MW,BE,BE,forecast_offshore_wind_generation,Wind Offshore,2026-07-19T10:59:34Z
2026-07-19T10:59:13Z,2026-07-19T12:59:13+0200,ba8778f4-3084-44eb-9cc5-f8b4bc02e7d2,2026-07-01T05:00:00Z,2026-07-01T07:00:00+0200,144.1,MW,BE,BE,forecast_offshore_wind_generation,Wind Offshore,2026-07-19T10:59:34Z
2026-07-19T10:59:13Z,2026-07-19T12:59:13+0200,ba8778f4-3084-44eb-9cc5-f8b4bc02e7d2,2026-07-01T06:00:00Z,2026-07-01T08:00:00+0200,123.725,MW,BE,BE,forecast_offshore_wind_generation,Wind Offshore,2026-07-19T10:59:34Z
2026-07-19T10:59:13Z,2026-07-19T12:59:13+0200,ba8778f4-3084-44eb-9cc5-f8b4bc02e7d2,2026-07-01T07:00:00Z,2026-07-01T09:00:00+0200,104.5,MW,BE,BE,forecast_offshore_wind_generation,Wind Offshore,2026-07-19T10:59:34Z
2026-07-19T10:59:13Z,2026-07-19T12:59:13+0200,ba8778f4-3084-44eb-9cc5-f8b4bc02e7d2,2026-07-01T08:00:00Z,2026-07-01T10:00:00+0200,89.3,MW,BE,BE,forecast_offshore_wind_generation,Wind Offshore,2026-07-19T10:59:34Z
2026-07-19T10:59:13Z,2026-07-19T12:59:13+0200,ba8778f4-3084-44eb-9cc5-f8b4bc02e7d2,2026-07-01T09:00:00Z,2026-07-01T11:00:00+0200,81.475,MW,BE,BE,forecast_offshore_wind_generation,Wind Offshore,2026-07-19T10:59:34Z
2026-07-19T10:59:13Z,2026-07-19T12:59:13+0200,ba8778f4-3084-44eb-9cc5-f8b4bc02e7d2,2026-07-01T10:00:00Z,2026-07-01T12:00:00+0200,81.7,MW,BE,BE,forecast_offshore_wind_generation,Wind Offshore,2026-07-19T10:59:34Z
2026-07-19T10:59:13Z,2026-07-19T12:59:13+0200,ba8778f4-3084-44eb-9cc5-f8b4bc02e7d2,2026-07-01T11:00:00Z,2026-07-01T13:00:00+0200,83.475,MW,BE,BE,forecast_offshore_wind_generation,Wind Offshore,2026-07-19T10:59:34Z
2026-07-19T10:59:13Z,2026-07-19T12:59:13+0200,ba8778f4-3084-44eb-9cc5-f8b4bc02e7d2,2026-07-01T12:00:00Z,2026-07-01T14:00:00+0200,81.65,MW,BE,BE,forecast_offshore_wind_generation,Wind Offshore,2026-07-19T10:59:34Z
2026-07-19T10:59:13Z,2026-07-19T12:59:13+0200,ba8778f4-3084-44eb-9cc5-f8b4bc02e7d2,2026-07-01T13:00:00Z,2026-07-01T15:00:00+0200,81.975,MW,BE,BE,forecast_offshore_wind_generation,Wind Offshore,2026-07-19T10:59:34Z
2026-07-19T10:59:13Z,2026-07-19T12:59:13+0200,ba8778f4-3084-44eb-9cc5-f8b4bc02e7d2,2026-07-01T14:00:00Z,2026-07-01T16:00:00+0200,91.5,MW,BE,BE,forecast_offshore_wind_generation,Wind Offshore,2026-07-19T10:59:34Z
2026-07-19T10:59:13Z,2026-07-19T12:59:13+0200,ba8778f4-3084-44eb-9cc5-f8b4bc02e7d2,2026-07-01T15:00:00Z,2026-07-01T17:00:00+0200,121.275,MW,BE,BE,forecast_offshore_wind_generation,Wind Offshore,2026-07-19T10:59:34Z
2026-07-19T10:59:13Z,2026-07-19T12:59:13+0200,ba8778f4-3084-44eb-9cc5-f8b4bc02e7d2,2026-07-01T16:00:00Z,2026-07-01T18:00:00+0200,181.825,MW,BE,BE,forecast_offshore_wind_generation,Wind Offshore,2026-07-19T10:59:34Z
2026-07-19T10:59:13Z,2026-07-19T12:59:13+0200,ba8778f4-3084-44eb-9cc5-f8b4bc02e7d2,2026-07-01T17:00:00Z,2026-07-01T19:00:00+0200,267.575,MW,BE,BE,forecast_offshore_wind_generation,Wind Offshore,2026-07-19T10:59:34Z
2026-07-19T10:59:13Z,2026-07-19T12:59:13+0200,ba8778f4-3084-44eb-9cc5-f8b4bc02e7d2,2026-07-01T18:00:00Z,2026-07-01T20:00:00+0200,363.4,MW,BE,BE,forecast_offshore_wind_generation,Wind Offshore,2026-07-19T10:59:34Z
2026-07-19T10:59:13Z,2026-07-19T12:59:13+0200,ba8778f4-3084-44eb-9cc5-f8b4bc02e7d2,2026-07-01T19:00:00Z,2026-07-01T21:00:00+0200,472.6,MW,BE,BE,forecast_offshore_wind_generation,Wind Offshore,2026-07-19T10:59:34Z
2026-07-19T10:59:13Z,2026-07-19T12:59:13+0200,ba8778f4-3084-44eb-9cc5-f8b4bc02e7d2,2026-07-01T20:00:00Z,2026-07-01T22:00:00+0200,591.7,MW,BE,BE,forecast_offshore_wind_generation,Wind Offshore,2026-07-19T10:59:34Z
2026-07-19T10:59:13Z,2026-07-19T12:59:13+0200,ba8778f4-3084-44eb-9cc5-f8b4bc02e7d2,2026-07-01T21:00:00Z,2026-07-01T23:00:00+0200,697.425,MW,BE,BE,forecast_offshore_wind_generation,Wind Offshore,2026-07-19T10:59:34Z
2026-07-19T10:59:13Z,2026-07-19T12:59:13+0200,ba8778f4-3084-44eb-9cc5-f8b4bc02e7d2,2026-07-01T22:00:00Z,2026-07-02T00:00:00+0200,902.175,MW,BE,BE,forecast_offshore_wind_generation,Wind Offshore,2026-07-19T10:59:34Z
2026-07-19T10:59:13Z,2026-07-19T12:59:13+0200,ba8778f4-3084-44eb-9cc5-f8b4bc02e7d2,2026-07-01T23:00:00Z,2026-07-02T01:00:00+0200,1039.25,MW,BE,BE,forecast_offshore_wind_generation,Wind Offshore,2026-07-19T10:59:34Z
2026-07-19T10:59:13Z,2026-07-19T12:59:13+0200,ba8778f4-3084-44eb-9cc5-f8b4bc02e7d2,2026-07-02T00:00:00Z,2026-07-02T02:00:00+0200,1174.95,MW,BE,BE,forecast_offshore_wind_generation,Wind Offshore,2026-07-19T10:59:34Z
2026-07-19T10:59:13Z,2026-07-19T12:59:13+0200,ba8778f4-3084-44eb-9cc5-f8b4bc02e7d2,2026-07-02T01:00:00Z,2026-07-02T03:00:00+0200,1307.625,MW,BE,BE,forecast_offshore_wind_generation,Wind Offshore,2026-07-19T10:59:34Z
2026-07-19T10:59:13Z,2026-07-19T12:59:13+0200,ba8778f4-3084-44eb-9cc5-f8b4bc02e7d2,2026-07-02T02:00:00Z,2026-07-02T04:00:00+0200,1430.025,MW,BE,BE,forecast_offshore_wind_generation,Wind Offshore,2026-07-19T10:59:34Z
2026-07-19T10:59:13Z,2026-07-19T12:59:13+0200,ba8778f4-3084-44eb-9cc5-f8b4bc02e7d2,2026-07-02T03:00:00Z,2026-07-02T05:00:00+0200,1535.175,MW,BE,BE,forecast_offshore_wind_generation,Wind Offshore,2026-07-19T10:59:34Z
2026-07-19T10:59:13Z,2026-07-19T12:59:13+0200,ba8778f4-3084-44eb-9cc5-f8b4bc02e7d2,2026-07-02T04:00:00Z,2026-07-02T06:00:00+0200,1634.9,MW,BE,BE,forecast_offshore_wind_generation,Wind Offshore,2026-07-19T10:59:34Z
2026-07-19T10:59:13Z,2026-07-19T12:59:13+0200,ba8778f4-3084-44eb-9cc5-f8b4bc02e7d2,2026-07-02T05:00:00Z,2026-07-02T07:00:00+0200,1718.1,MW,BE,BE,forecast_offshore_wind_generation,Wind Offshore,2026-07-19T10:59:34Z
2026-07-19T10:59:13Z,2026-07-19T12:59:13+0200,ba8778f4-3084-44eb-9cc5-f8b4bc02e7d2,2026-07-02T06:00:00Z,2026-07-02T08:00:00+0200,1764.625,MW,BE,BE,forecast_offshore_wind_generation,Wind Offshore,2026-07-19T10:59:34Z
2026-07-19T10:59:13Z,2026-07-19T12:59:13+0200,ba8778f4-3084-44eb-9cc5-f8b4bc02e7d2,2026-07-02T07:00:00Z,2026-07-02T09:00:00+0200,1762.4,MW,BE,BE,forecast_offshore_wind_generation,Wind Offshore,2026-07-19T10:59:34Z
2026-07-19T10:59:13Z,2026-07-19T12:59:13+0200,ba8778f4-3084-44eb-9cc5-f8b4bc02e7d2,2026-07-02T08:00:00Z,2026-07-02T10:00:00+0200,1703.875,MW,BE,BE,forecast_offshore_wind_generation,Wind Offshore,2026-07-19T10:59:34Z
2026-07-19T10:59:13Z,2026-07-19T12:59:13+0200,ba8778f4-3084-44eb-9cc5-f8b4bc02e7d2,2026-07-02T09:00:00Z,2026-07-02T11:00:00+0200,1574.65,MW,BE,BE,forecast_offshore_wind_generation,Wind Offshore,2026-07-19T10:59:34Z
2026-07-19T10:59:13Z,2026-07-19T12:59:13+0200,ba8778f4-3084-44eb-9cc5-f8b4bc02e7d2,2026-07-02T10:00:00Z,2026-07-02T12:00:00+0200,1351.3,MW,BE,BE,forecast_offshore_wind_generation,Wind Offshore,2026-07-19T10:59:34Z
2026-07-19T10:59:13Z,2026-07-19T12:59:13+0200,ba8778f4-3084-44eb-9cc5-f8b4bc02e7d2,2026-07-02T11:00:00Z,2026-07-02T13:00:00+0200,1054.9,MW,BE,BE,forecast_offshore_wind_generation,Wind Offshore,2026-07-19T10:59:34Z
2026-07-19T10:59:13Z,2026-07-19T12:59:13+0200,ba8778f4-3084-44eb-9cc5-f8b4bc02e7d2,2026-07-02T12:00:00Z,2026-07-02T14:00:00+0200,736.275,MW,BE,BE,forecast_offshore_wind_generation,Wind Offshore,2026-07-19T10:59:34Z
2026-07-19T10:59:13Z,2026-07-19T12:59:13+0200,ba8778f4-3084-44eb-9cc5-f8b4bc02e7d2,2026-07-02T13:00:00Z,2026-07-02T15:00:00+0200,462.175,MW,BE,BE,forecast_offshore_wind_generation,Wind Offshore,2026-07-19T10:59:34Z
2026-07-19T10:59:13Z,2026-07-19T12:59:13+0200,ba8778f4-3084-44eb-9cc5-f8b4bc02e7d2,2026-07-02T14:00:00Z,2026-07-02T16:00:00+0200,254.775,MW,BE,BE,forecast_offshore_wind_generation,Wind Offshore,2026-07-19T10:59:34Z
2026-07-19T10:59:13Z,2026-07-19T12:59:13+0200,ba8778f4-3084-44eb-9cc5-f8b4bc02e7d2,2026-07-02T15:00:00Z,2026-07-02T17:00:00+0200,119.175,MW,BE,BE,forecast_offshore_wind_generation,Wind Offshore,2026-07-19T10:59:34Z
2026-07-19T10:59:13Z,2026-07-19T12:59:13+0200,ba8778f4-3084-44eb-9cc5-f8b4bc02e7d2,2026-07-02T16:00:00Z,2026-07-02T18:00:00+0200,65.15,MW,BE,BE,forecast_offshore_wind_generation,Wind Offshore,2026-07-19T10:59:34Z
2026-07-19T10:59:13Z,2026-07-19T12:59:13+0200,ba8778f4-3084-44eb-9cc5-f8b4bc02e7d2,2026-07-02T17:00:00Z,2026-07-02T19:00:00+0200,46.05,MW,BE,BE,forecast_offshore_wind_generation,Wind Offshore,2026-07-19T10:59:34Z
2026-07-19T10:59:13Z,2026-07-19T12:59:13+0200,ba8778f4-3084-44eb-9cc5-f8b4bc02e7d2,2026-07-02T18:00:00Z,2026-07-02T20:00:00+0200,33.075,MW,BE,BE,forecast_offshore_wind_generation,Wind Offshore,2026-07-19T10:59:34Z
2026-07-19T10:59:13Z,2026-07-19T12:59:13+0200,ba8778f4-3084-44eb-9cc5-f8b4bc02e7d2,2026-07-02T19:00:00Z,2026-07-02T21:00:00+0200,27.05,MW,BE,BE,forecast_offshore_wind_generation,Wind Offshore,2026-07-19T10:59:34Z
2026-07-19T10:59:13Z,2026-07-19T12:59:13+0200,ba8778f4-3084-44eb-9cc5-f8b4bc02e7d2,2026-07-02T20:00:00Z,2026-07-02T22:00:00+0200,25.225,MW,BE,BE,forecast_offshore_wind_generation,Wind Offshore,2026-07-19T10:59:34Z
2026-07-19T10:59:13Z,2026-07-19T12:59:13+0200,ba8778f4-3084-44eb-9cc5-f8b4bc02e7d2,2026-07-02T21:00:00Z,2026-07-02T23:00:00+0200,24.125,MW,BE,BE,forecast_offshore_wind_generation,Wind Offshore,2026-07-19T10:59:34Z
2026-07-19T10:59:13Z,2026-07-19T12:59:13+0200,ba8778f4-3084-44eb-9cc5-f8b4bc02e7d2,2026-07-02T22:00:00Z,2026-07-03T00:00:00+0200,30.0,MW,BE,BE,forecast_offshore_wind_generation,Wind Offshore,2026-07-19T10:59:34Z
2026-07-19T10:59:13Z,2026-07-19T12:59:13+0200,ba8778f4-3084-44eb-9cc5-f8b4bc02e7d2,2026-07-02T23:00:00Z,2026-07-03T01:00:00+0200,44.85,MW,BE,BE,forecast_offshore_wind_generation,Wind Offshore,2026-07-19T10:59:34Z
2026-07-19T10:59:13Z,2026-07-19T12:59:13+0200,ba8778f4-3084-44eb-9cc5-f8b4bc02e7d2,2026-07-03T00:00:00Z,2026-07-03T02:00:00+0200,97.95,MW,BE,BE,forecast_offshore_wind_generation,Wind Offshore,2026-07-19T10:59:34Z
2026-07-19T10:59:13Z,2026-07-19T12:59:13+0200,ba8778f4-3084-44eb-9cc5-f8b4bc02e7d2,2026-07-03T01:00:00Z,2026-07-03T03:00:00+0200,190.65,MW,BE,BE,forecast_offshore_wind_generation,Wind Offshore,2026-07-19T10:59:34Z
2026-07-19T10:59:13Z,2026-07-19T12:59:13+0200,ba8778f4-3084-44eb-9cc5-f8b4bc02e7d2,2026-07-03T02:00:00Z,2026-07-03T04:00:00+0200,297.225,MW,BE,BE,forecast_offshore_wind_generation,Wind Offshore,2026-07-19T10:59:34Z
2026-07-19T10:59:13Z,2026-07-19T12:59:13+0200,ba8778f4-3084-44eb-9cc5-f8b4bc02e7d2,2026-07-03T03:00:00Z,2026-07-03T05:00:00+0200,352.5,MW,BE,BE,forecast_offshore_wind_generation,Wind Offshore,2026-07-19T10:59:34Z
2026-07-19T10:59:13Z,2026-07-19T12:59:13+0200,ba8778f4-3084-44eb-9cc5-f8b4bc02e7d2,2026-07-03T04:00:00Z,2026-07-03T06:00:00+0200,325.475,MW,BE,BE,forecast_offshore_wind_generation,Wind Offshore,2026-07-19T10:59:34Z
2026-07-19T10:59:13Z,2026-07-19T12:59:13+0200,ba8778f4-3084-44eb-9cc5-f8b4bc02e7d2,2026-07-03T05:00:00Z,2026-07-03T07:00:00+0200,269.625,MW,BE,BE,forecast_offshore_wind_generation,Wind Offshore,2026-07-19T10:59:34Z
2026-07-19T10:59:13Z,2026-07-19T12:59:13+0200,ba8778f4-3084-44eb-9cc5-f8b4bc02e7d2,2026-07-03T06:00:00Z,2026-07-03T08:00:00+0200,218.225,MW,BE,BE,forecast_offshore_wind_generation,Wind Offshore,2026-07-19T10:59:34Z
2026-07-19T10:59:13Z,2026-07-19T12:59:13+0200,ba8778f4-3084-44eb-9cc5-f8b4bc02e7d2,2026-07-03T07:00:00Z,2026-07-03T09:00:00+0200,172.175,MW,BE,BE,forecast_offshore_wind_generation,Wind Offshore,2026-07-19T10:59:34Z
2026-07-19T10:59:13Z,2026-07-19T12:59:13+0200,ba8778f4-3084-44eb-9cc5-f8b4bc02e7d2,2026-07-03T08:00:00Z,2026-07-03T10:00:00+0200,127.6,MW,BE,BE,forecast_offshore_wind_generation,Wind Offshore,2026-07-19T10:59:34Z
2026-07-19T10:59:13Z,2026-07-19T12:59:13+0200,ba8778f4-3084-44eb-9cc5-f8b4bc02e7d2,2026-07-03T09:00:00Z,2026-07-03T11:00:00+0200,89.175,MW,BE,BE,forecast_offshore_wind_generation,Wind Offshore,2026-07-19T10:59:34Z
2026-07-19T10:59:13Z,2026-07-19T12:59:13+0200,ba8778f4-3084-44eb-9cc5-f8b4bc02e7d2,2026-07-03T10:00:00Z,2026-07-03T12:00:00+0200,58.2,MW,BE,BE,forecast_offshore_wind_generation,Wind Offshore,2026-07-19T10:59:34Z
2026-07-19T10:59:13Z,2026-07-19T12:59:13+0200,ba8778f4-3084-44eb-9cc5-f8b4bc02e7d2,2026-07-03T11:00:00Z,2026-07-03T13:00:00+0200,35.775,MW,BE,BE,forecast_offshore_wind_generation,Wind Offshore,2026-07-19T10:59:34Z
2026-07-19T10:59:13Z,2026-07-19T12:59:13+0200,ba8778f4-3084-44eb-9cc5-f8b4bc02e7d2,2026-07-03T12:00:00Z,2026-07-03T14:00:00+0200,24.85,MW,BE,BE,forecast_offshore_wind_generation,Wind Offshore,2026-07-19T10:59:34Z
2026-07-19T10:59:13Z,2026-07-19T12:59:13+0200,ba8778f4-3084-44eb-9cc5-f8b4bc02e7d2,2026-07-03T13:00:00Z,2026-07-03T15:00:00+0200,22.1,MW,BE,BE,forecast_offshore_wind_generation,Wind Offshore,2026-07-19T10:59:34Z
2026-07-19T10:59:13Z,2026-07-19T12:59:13+0200,ba8778f4-3084-44eb-9cc5-f8b4bc02e7d2,2026-07-03T14:00:00Z,2026-07-03T16:00:00+0200,26.75,MW,BE,BE,forecast_offshore_wind_generation,Wind Offshore,2026-07-19T10:59:34Z
2026-07-19T10:59:13Z,2026-07-19T12:59:13+0200,ba8778f4-3084-44eb-9cc5-f8b4bc02e7d2,2026-07-03T15:00:00Z,2026-07-03T17:00:00+0200,35.55,MW,BE,BE,forecast_offshore_wind_generation,Wind Offshore,2026-07-19T10:59:34Z
2026-07-19T10:59:13Z,2026-07-19T12:59:13+0200,ba8778f4-3084-44eb-9cc5-f8b4bc02e7d2,2026-07-03T16:00:00Z,2026-07-03T18:00:00+0200,53.45,MW,BE,BE,forecast_offshore_wind_generation,Wind Offshore,2026-07-19T10:59:34Z
2026-07-19T10:59:13Z,2026-07-19T12:59:13+0200,ba8778f4-3084-44eb-9cc5-f8b4bc02e7d2,2026-07-03T17:00:00Z,2026-07-03T19:00:00+0200,85.125,MW,BE,BE,forecast_offshore_wind_generation,Wind Offshore,2026-07-19T10:59:34Z
2026-07-19T10:59:13Z,2026-07-19T12:59:13+0200,ba8778f4-3084-44eb-9cc5-f8b4bc02e7d2,2026-07-03T18:00:00Z,2026-07-03T20:00:00+0200,130.3,MW,BE,BE,forecast_offshore_wind_generation,Wind Offshore,2026-07-19T10:59:34Z
2026-07-19T10:59:13Z,2026-07-19T12:59:13+0200,ba8778f4-3084-44eb-9cc5-f8b4bc02e7d2,2026-07-03T19:00:00Z,2026-07-03T21:00:00+0200,195.875,MW,BE,BE,forecast_offshore_wind_generation,Wind Offshore,2026-07-19T10:59:34Z
2026-07-19T10:59:13Z,2026-07-19T12:59:13+0200,ba8778f4-3084-44eb-9cc5-f8b4bc02e7d2,2026-07-03T20:00:00Z,2026-07-03T22:00:00+0200,296.125,MW,BE,BE,forecast_offshore_wind_generation,Wind Offshore,2026-07-19T10:59:34Z
2026-07-19T10:59:13Z,2026-07-19T12:59:13+0200,ba8778f4-3084-44eb-9cc5-f8b4bc02e7d2,2026-07-03T21:00:00Z,2026-07-03T23:00:00+0200,446.375,MW,BE,BE,forecast_offshore_wind_generation,Wind Offshore,2026-07-19T10:59:34Z
2026-07-19T10:59:13Z,2026-07-19T12:59:13+0200,ba8778f4-3084-44eb-9cc5-f8b4bc02e7d2,2026-07-03T22:00:00Z,2026-07-04T00:00:00+0200,489.4,MW,BE,BE,forecast_offshore_wind_generation,Wind Offshore,2026-07-19T10:59:34Z
2026-07-19T10:59:13Z,2026-07-19T12:59:13+0200,ba8778f4-3084-44eb-9cc5-f8b4bc02e7d2,2026-07-03T23:00:00Z,2026-07-04T01:00:00+0200,655.55,MW,BE,BE,forecast_offshore_wind_generation,Wind Offshore,2026-07-19T10:59:34Z
2026-07-19T10:59:13Z,2026-07-19T12:59:13+0200,ba8778f4-3084-44eb-9cc5-f8b4bc02e7d2,2026-07-04T00:00:00Z,2026-07-04T02:00:00+0200,786.95,MW,BE,BE,forecast_offshore_wind_generation,Wind Offshore,2026-07-19T10:59:34Z
2026-07-19T10:59:13Z,2026-07-19T12:59:13+0200,ba8778f4-3084-44eb-9cc5-f8b4bc02e7d2,2026-07-04T01:00:00Z,2026-07-04T03:00:00+0200,867.25,MW,BE,BE,forecast_offshore_wind_generation,Wind Offshore,2026-07-19T10:59:34Z
2026-07-19T10:59:13Z,2026-07-19T12:59:13+0200,ba8778f4-3084-44eb-9cc5-f8b4bc02e7d2,2026-07-04T02:00:00Z,2026-07-04T04:00:00+0200,870.6,MW,BE,BE,forecast_offshore_wind_generation,Wind Offshore,2026-07-19T10:59:34Z
2026-07-19T10:59:13Z,2026-07-19T12:59:13+0200,ba8778f4-3084-44eb-9cc5-f8b4bc02e7d2,2026-07-04T03:00:00Z,2026-07-04T05:00:00+0200,788.875,MW,BE,BE,forecast_offshore_wind_generation,Wind Offshore,2026-07-19T10:59:34Z
2026-07-19T10:59:13Z,2026-07-19T12:59:13+0200,ba8778f4-3084-44eb-9cc5-f8b4bc02e7d2,2026-07-04T04:00:00Z,2026-07-04T06:00:00+0200,676.2,MW,BE,BE,forecast_offshore_wind_generation,Wind Offshore,2026-07-19T10:59:34Z
2026-07-19T10:59:13Z,2026-07-19T12:59:13+0200,ba8778f4-3084-44eb-9cc5-f8b4bc02e7d2,2026-07-04T05:00:00Z,2026-07-04T07:00:00+0200,563.525,MW,BE,BE,forecast_offshore_wind_generation,Wind Offshore,2026-07-19T10:59:34Z
2026-07-19T10:59:13Z,2026-07-19T12:59:13+0200,ba8778f4-3084-44eb-9cc5-f8b4bc02e7d2,2026-07-04T06:00:00Z,2026-07-04T08:00:00+0200,487.725,MW,BE,BE,forecast_offshore_wind_generation,Wind Offshore,2026-07-19T10:59:34Z
2026-07-19T10:59:13Z,2026-07-19T12:59:13+0200,ba8778f4-3084-44eb-9cc5-f8b4bc02e7d2,2026-07-04T07:00:00Z,2026-07-04T09:00:00+0200,466.7,MW,BE,BE,forecast_offshore_wind_generation,Wind Offshore,2026-07-19T10:59:34Z
2026-07-19T10:59:13Z,2026-07-19T12:59:13+0200,ba8778f4-3084-44eb-9cc5-f8b4bc02e7d2,2026-07-04T08:00:00Z,2026-07-04T10:00:00+0200,487.775,MW,BE,BE,forecast_offshore_wind_generation,Wind Offshore,2026-07-19T10:59:34Z
2026-07-19T10:59:13Z,2026-07-19T12:59:13+0200,ba8778f4-3084-44eb-9cc5-f8b4bc02e7d2,2026-07-04T09:00:00Z,2026-07-04T11:00:00+0200,534.3,MW,BE,BE,forecast_offshore_wind_generation,Wind Offshore,2026-07-19T10:59:34Z
2026-07-19T10:59:13Z,2026-07-19T12:59:13+0200,ba8778f4-3084-44eb-9cc5-f8b4bc02e7d2,2026-07-04T10:00:00Z,2026-07-04T12:00:00+0200,604.125,MW,BE,BE,forecast_offshore_wind_generation,Wind Offshore,2026-07-19T10:59:34Z
2026-07-19T10:59:13Z,2026-07-19T12:59:13+0200,ba8778f4-3084-44eb-9cc5-f8b4bc02e7d2,2026-07-04T11:00:00Z,2026-07-04T13:00:00+0200,707.775,MW,BE,BE,forecast_offshore_wind_generation,Wind Offshore,2026-07-19T10:59:34Z
2026-07-19T10:59:13Z,2026-07-19T12:59:13+0200,ba8778f4-3084-44eb-9cc5-f8b4bc02e7d2,2026-07-04T12:00:00Z,2026-07-04T14:00:00+0200,868.125,MW,BE,BE,forecast_offshore_wind_generation,Wind Offshore,2026-07-19T10:59:34Z
2026-07-19T10:59:13Z,2026-07-19T12:59:13+0200,ba8778f4-3084-44eb-9cc5-f8b4bc02e7d2,2026-07-04T13:00:00Z,2026-07-04T15:00:00+0200,1092.175,MW,BE,BE,forecast_offshore_wind_generation,Wind Offshore,2026-07-19T10:59:34Z
2026-07-19T10:59:13Z,2026-07-19T12:59:13+0200,ba8778f4-3084-44eb-9cc5-f8b4bc02e7d2,2026-07-04T14:00:00Z,2026-07-04T16:00:00+0200,1316.65,MW,BE,BE,forecast_offshore_wind_generation,Wind Offshore,2026-07-19T10:59:34Z
2026-07-19T10:59:13Z,2026-07-19T12:59:13+0200,ba8778f4-3084-44eb-9cc5-f8b4bc02e7d2,2026-07-04T15:00:00Z,2026-07-04T17:00:00+0200,1406.975,MW,BE,BE,forecast_offshore_wind_generation,Wind Offshore,2026-07-19T10:59:34Z
2026-07-19T10:59:13Z,2026-07-19T12:59:13+0200,ba8778f4-3084-44eb-9cc5-f8b4bc02e7d2,2026-07-04T16:00:00Z,2026-07-04T18:00:00+0200,1314.05,MW,BE,BE,forecast_offshore_wind_generation,Wind Offshore,2026-07-19T10:59:34Z
2026-07-19T10:59:13Z,2026-07-19T12:59:13+0200,ba8778f4-3084-44eb-9cc5-f8b4bc02e7d2,2026-07-04T17:00:00Z,2026-07-04T19:00:00+0200,1098.3,MW,BE,BE,forecast_offshore_wind_generation,Wind Offshore,2026-07-19T10:59:34Z
2026-07-19T10:59:13Z,2026-07-19T12:59:13+0200,ba8778f4-3084-44eb-9cc5-f8b4bc02e7d2,2026-07-04T18:00:00Z,2026-07-04T20:00:00+0200,818.925,MW,BE,BE,forecast_offshore_wind_generation,Wind Offshore,2026-07-19T10:59:34Z
2026-07-19T10:59:13Z,2026-07-19T12:59:13+0200,ba8778f4-3084-44eb-9cc5-f8b4bc02e7d2,2026-07-04T19:00:00Z,2026-07-04T21:00:00+0200,569.875,MW,BE,BE,forecast_offshore_wind_generation,Wind Offshore,2026-07-19T10:59:34Z
2026-07-19T10:59:13Z,2026-07-19T12:59:13+0200,ba8778f4-3084-44eb-9cc5-f8b4bc02e7d2,2026-07-04T20:00:00Z,2026-07-04T22:00:00+0200,404.3,MW,BE,BE,forecast_offshore_wind_generation,Wind Offshore,2026-07-19T10:59:34Z
2026-07-19T10:59:13Z,2026-07-19T12:59:13+0200,ba8778f4-3084-44eb-9cc5-f8b4bc02e7d2,2026-07-04T21:00:00Z,2026-07-04T23:00:00+0200,289.5,MW,BE,BE,forecast_offshore_wind_generation,Wind Offshore,2026-07-19T10:59:34Z
2026-07-19T10:59:13Z,2026-07-19T12:59:13+0200,ba8778f4-3084-44eb-9cc5-f8b4bc02e7d2,2026-07-04T22:00:00Z,2026-07-05T00:00:00+0200,182.525,MW,BE,BE,forecast_offshore_wind_generation,Wind Offshore,2026-07-19T10:59:34Z
2026-07-19T10:59:13Z,2026-07-19T12:59:13+0200,ba8778f4-3084-44eb-9cc5-f8b4bc02e7d2,2026-07-04T23:00:00Z,2026-07-05T01:00:00+0200,199.725,MW,BE,BE,forecast_offshore_wind_generation,Wind Offshore,2026-07-19T10:59:34Z
2026-07-19T10:59:13Z,2026-07-19T12:59:13+0200,ba8778f4-3084-44eb-9cc5-f8b4bc02e7d2,2026-07-05T00:00:00Z,2026-07-05T02:00:00+0200,293.25,MW,BE,BE,forecast_offshore_wind_generation,Wind Offshore,2026-07-19T10:59:34Z
2026-07-19T10:59:13Z,2026-07-19T12:59:13+0200,ba8778f4-3084-44eb-9cc5-f8b4bc02e7d2,2026-07-05T01:00:00Z,2026-07-05T03:00:00+0200,363.075,MW,BE,BE,forecast_offshore_wind_generation,Wind Offshore,2026-07-19T10:59:34Z
2026-07-19T10:59:13Z,2026-07-19T12:59:13+0200,ba8778f4-3084-44eb-9cc5-f8b4bc02e7d2,2026-07-05T02:00:00Z,2026-07-05T04:00:00+0200,360.375,MW,BE,BE,forecast_offshore_wind_generation,Wind Offshore,2026-07-19T10:59:34Z
2026-07-19T10:59:13Z,2026-07-19T12:59:13+0200,ba8778f4-3084-44eb-9cc5-f8b4bc02e7d2,2026-07-05T03:00:00Z,2026-07-05T05:00:00+0200,344.625,MW,BE,BE,forecast_offshore_wind_generation,Wind Offshore,2026-07-19T10:59:34Z
2026-07-19T10:59:13Z,2026-07-19T12:59:13+0200,ba8778f4-3084-44eb-9cc5-f8b4bc02e7d2,2026-07-05T04:00:00Z,2026-07-05T06:00:00+0200,331.45,MW,BE,BE,forecast_offshore_wind_generation,Wind Offshore,2026-07-19T10:59:34Z
2026-07-19T10:59:13Z,2026-07-19T12:59:13+0200,ba8778f4-3084-44eb-9cc5-f8b4bc02e7d2,2026-07-05T05:00:00Z,2026-07-05T07:00:00+0200,332.2,MW,BE,BE,forecast_offshore_wind_generation,Wind Offshore,2026-07-19T10:59:34Z
2026-07-19T10:59:13Z,2026-07-19T12:59:13+0200,ba8778f4-3084-44eb-9cc5-f8b4bc02e7d2,2026-07-05T06:00:00Z,2026-07-05T08:00:00+0200,330.1,MW,BE,BE,forecast_offshore_wind_generation,Wind Offshore,2026-07-19T10:59:34Z
2026-07-19T10:59:13Z,2026-07-19T12:59:13+0200,ba8778f4-3084-44eb-9cc5-f8b4bc02e7d2,2026-07-05T07:00:00Z,2026-07-05T09:00:00+0200,319.325,MW,BE,BE,forecast_offshore_wind_generation,Wind Offshore,2026-07-19T10:59:34Z
2026-07-19T10:59:13Z,2026-07-19T12:59:13+0200,ba8778f4-3084-44eb-9cc5-f8b4bc02e7d2,2026-07-05T08:00:00Z,2026-07-05T10:00:00+0200,307.525,MW,BE,BE,forecast_offshore_wind_generation,Wind Offshore,2026-07-19T10:59:34Z
2026-07-19T10:59:13Z,2026-07-19T12:59:13+0200,ba8778f4-3084-44eb-9cc5-f8b4bc02e7d2,2026-07-05T09:00:00Z,2026-07-05T11:00:00+0200,293.45,MW,BE,BE,forecast_offshore_wind_generation,Wind Offshore,2026-07-19T10:59:34Z
2026-07-19T10:59:13Z,2026-07-19T12:59:13+0200,ba8778f4-3084-44eb-9cc5-f8b4bc02e7d2,2026-07-05T10:00:00Z,2026-07-05T12:00:00+0200,272.4,MW,BE,BE,forecast_offshore_wind_generation,Wind Offshore,2026-07-19T10:59:34Z
2026-07-19T10:59:13Z,2026-07-19T12:59:13+0200,ba8778f4-3084-44eb-9cc5-f8b4bc02e7d2,2026-07-05T11:00:00Z,2026-07-05T13:00:00+0200,228.725,MW,BE,BE,forecast_offshore_wind_generation,Wind Offshore,2026-07-19T10:59:34Z
2026-07-19T10:59:13Z,2026-07-19T12:59:13+0200,ba8778f4-3084-44eb-9cc5-f8b4bc02e7d2,2026-07-05T12:00:00Z,2026-07-05T14:00:00+0200,188.6,MW,BE,BE,forecast_offshore_wind_generation,Wind Offshore,2026-07-19T10:59:34Z
2026-07-19T10:59:13Z,2026-07-19T12:59:13+0200,ba8778f4-3084-44eb-9cc5-f8b4bc02e7d2,2026-07-05T13:00:00Z,2026-07-05T15:00:00+0200,157.725,MW,BE,BE,forecast_offshore_wind_generation,Wind Offshore,2026-07-19T10:59:34Z
2026-07-19T10:59:13Z,2026-07-19T12:59:13+0200,ba8778f4-3084-44eb-9cc5-f8b4bc02e7d2,2026-07-05T14:00:00Z,2026-07-05T16:00:00+0200,124.15,MW,BE,BE,forecast_offshore_wind_generation,Wind Offshore,2026-07-19T10:59:34Z
2026-07-19T10:59:13Z,2026-07-19T12:59:13+0200,ba8778f4-3084-44eb-9cc5-f8b4bc02e7d2,2026-07-05T15:00:00Z,2026-07-05T17:00:00+0200,107.675,MW,BE,BE,forecast_offshore_wind_generation,Wind Offshore,2026-07-19T10:59:34Z
2026-07-19T10:59:13Z,2026-07-19T12:59:13+0200,ba8778f4-3084-44eb-9cc5-f8b4bc02e7d2,2026-07-05T16:00:00Z,2026-07-05T18:00:00+0200,112.425,MW,BE,BE,forecast_offshore_wind_generation,Wind Offshore,2026-07-19T10:59:34Z
2026-07-19T10:59:13Z,2026-07-19T12:59:13+0200,ba8778f4-3084-44eb-9cc5-f8b4bc02e7d2,2026-07-05T17:00:00Z,2026-07-05T19:00:00+0200,138.7,MW,BE,BE,forecast_offshore_wind_generation,Wind Offshore,2026-07-19T10:59:34Z
2026-07-19T10:59:13Z,2026-07-19T12:59:13+0200,ba8778f4-3084-44eb-9cc5-f8b4bc02e7d2,2026-07-05T18:00:00Z,2026-07-05T20:00:00+0200,178.65,MW,BE,BE,forecast_offshore_wind_generation,Wind Offshore,2026-07-19T10:59:34Z
2026-07-19T10:59:13Z,2026-07-19T12:59:13+0200,ba8778f4-3084-44eb-9cc5-f8b4bc02e7d2,2026-07-05T19:00:00Z,2026-07-05T21:00:00+0200,232.75,MW,BE,BE,forecast_offshore_wind_generation,Wind Offshore,2026-07-19T10:59:34Z
2026-07-19T10:59:13Z,2026-07-19T12:59:13+0200,ba8778f4-3084-44eb-9cc5-f8b4bc02e7d2,2026-07-05T20:00:00Z,2026-07-05T22:00:00+0200,304.65,MW,BE,BE,forecast_offshore_wind_generation,Wind Offshore,2026-07-19T10:59:34Z
2026-07-19T10:59:13Z,2026-07-19T12:59:13+0200,ba8778f4-3084-44eb-9cc5-f8b4bc02e7d2,2026-07-05T21:00:00Z,2026-07-05T23:00:00+0200,397.8,MW,BE,BE,forecast_offshore_wind_generation,Wind Offshore,2026-07-19T10:59:34Z
2026-07-19T10:59:13Z,2026-07-19T12:59:13+0200,ba8778f4-3084-44eb-9cc5-f8b4bc02e7d2,2026-07-05T22:00:00Z,2026-07-06T00:00:00+0200,407.725,MW,BE,BE,forecast_offshore_wind_generation,Wind Offshore,2026-07-19T10:59:34Z
2026-07-19T10:59:13Z,2026-07-19T12:59:13+0200,ba8778f4-3084-44eb-9cc5-f8b4bc02e7d2,2026-07-05T23:00:00Z,2026-07-06T01:00:00+0200,487.975,MW,BE,BE,forecast_offshore_wind_generation,Wind Offshore,2026-07-19T10:59:34Z
2026-07-19T10:59:13Z,2026-07-19T12:59:13+0200,ba8778f4-3084-44eb-9cc5-f8b4bc02e7d2,2026-07-06T00:00:00Z,2026-07-06T02:00:00+0200,584.325,MW,BE,BE,forecast_offshore_wind_generation,Wind Offshore,2026-07-19T10:59:34Z
2026-07-19T10:59:13Z,2026-07-19T12:59:13+0200,ba8778f4-3084-44eb-9cc5-f8b4bc02e7d2,2026-07-06T01:00:00Z,2026-07-06T03:00:00+0200,669.25,MW,BE,BE,forecast_offshore_wind_generation,Wind Offshore,2026-07-19T10:59:34Z
2026-07-19T10:59:13Z,2026-07-19T12:59:13+0200,ba8778f4-3084-44eb-9cc5-f8b4bc02e7d2,2026-07-06T02:00:00Z,2026-07-06T04:00:00+0200,711.15,MW,BE,BE,forecast_offshore_wind_generation,Wind Offshore,2026-07-19T10:59:34Z
2026-07-19T10:59:13Z,2026-07-19T12:59:13+0200,ba8778f4-3084-44eb-9cc5-f8b4bc02e7d2,2026-07-06T03:00:00Z,2026-07-06T05:00:00+0200,713.1,MW,BE,BE,forecast_offshore_wind_generation,Wind Offshore,2026-07-19T10:59:34Z
2026-07-19T10:59:13Z,2026-07-19T12:59:13+0200,ba8778f4-3084-44eb-9cc5-f8b4bc02e7d2,2026-07-06T04:00:00Z,2026-07-06T06:00:00+0200,669.775,MW,BE,BE,forecast_offshore_wind_generation,Wind Offshore,2026-07-19T10:59:34Z
2026-07-19T10:59:13Z,2026-07-19T12:59:13+0200,ba8778f4-3084-44eb-9cc5-f8b4bc02e7d2,2026-07-06T05:00:00Z,2026-07-06T07:00:00+0200,600.25,MW,BE,BE,forecast_offshore_wind_generation,Wind Offshore,2026-07-19T10:59:34Z
2026-07-19T10:59:13Z,2026-07-19T12:59:13+0200,ba8778f4-3084-44eb-9cc5-f8b4bc02e7d2,2026-07-06T06:00:00Z,2026-07-06T08:00:00+0200,548.2,MW,BE,BE,forecast_offshore_wind_generation,Wind Offshore,2026-07-19T10:59:34Z
2026-07-19T10:59:13Z,2026-07-19T12:59:13+0200,ba8778f4-3084-44eb-9cc5-f8b4bc02e7d2,2026-07-06T07:00:00Z,2026-07-06T09:00:00+0200,517.475,MW,BE,BE,forecast_offshore_wind_generation,Wind Offshore,2026-07-19T10:59:34Z
2026-07-19T10:59:13Z,2026-07-19T12:59:13+0200,ba8778f4-3084-44eb-9cc5-f8b4bc02e7d2,2026-07-06T08:00:00Z,2026-07-06T10:00:00+0200,501.375,MW,BE,BE,forecast_offshore_wind_generation,Wind Offshore,2026-07-19T10:59:34Z
2026-07-19T10:59:13Z,2026-07-19T12:59:13+0200,ba8778f4-3084-44eb-9cc5-f8b4bc02e7d2,2026-07-06T09:00:00Z,2026-07-06T11:00:00+0200,504.1,MW,BE,BE,forecast_offshore_wind_generation,Wind Offshore,2026-07-19T10:59:34Z
2026-07-19T10:59:13Z,2026-07-19T12:59:13+0200,ba8778f4-3084-44eb-9cc5-f8b4bc02e7d2,2026-07-06T10:00:00Z,2026-07-06T12:00:00+0200,538.175,MW,BE,BE,forecast_offshore_wind_generation,Wind Offshore,2026-07-19T10:59:34Z
2026-07-19T10:59:13Z,2026-07-19T12:59:13+0200,ba8778f4-3084-44eb-9cc5-f8b4bc02e7d2,2026-07-06T11:00:00Z,2026-07-06T13:00:00+0200,601.475,MW,BE,BE,forecast_offshore_wind_generation,Wind Offshore,2026-07-19T10:59:34Z
2026-07-19T10:59:13Z,2026-07-19T12:59:13+0200,ba8778f4-3084-44eb-9cc5-f8b4bc02e7d2,2026-07-06T12:00:00Z,2026-07-06T14:00:00+0200,699.95,MW,BE,BE,forecast_offshore_wind_generation,Wind Offshore,2026-07-19T10:59:34Z
2026-07-19T10:59:13Z,2026-07-19T12:59:13+0200,ba8778f4-3084-44eb-9cc5-f8b4bc02e7d2,2026-07-06T13:00:00Z,2026-07-06T15:00:00+0200,842.75,MW,BE,BE,forecast_offshore_wind_generation,Wind Offshore,2026-07-19T10:59:34Z
2026-07-19T10:59:13Z,2026-07-19T12:59:13+0200,ba8778f4-3084-44eb-9cc5-f8b4bc02e7d2,2026-07-06T14:00:00Z,2026-07-06T16:00:00+0200,1032.975,MW,BE,BE,forecast_offshore_wind_generation,Wind Offshore,2026-07-19T10:59:34Z
2026-07-19T10:59:13Z,2026-07-19T12:59:13+0200,ba8778f4-3084-44eb-9cc5-f8b4bc02e7d2,2026-07-06T15:00:00Z,2026-07-06T17:00:00+0200,1214.625,MW,BE,BE,forecast_offshore_wind_generation,Wind Offshore,2026-07-19T10:59:34Z
2026-07-19T10:59:13Z,2026-07-19T12:59:13+0200,ba8778f4-3084-44eb-9cc5-f8b4bc02e7d2,2026-07-06T16:00:00Z,2026-07-06T18:00:00+0200,1360.075,MW,BE,BE,forecast_offshore_wind_generation,Wind Offshore,2026-07-19T10:59:34Z
2026-07-19T10:59:13Z,2026-07-19T12:59:13+0200,ba8778f4-3084-44eb-9cc5-f8b4bc02e7d2,2026-07-06T17:00:00Z,2026-07-06T19:00:00+0200,1444.275,MW,BE,BE,forecast_offshore_wind_generation,Wind Offshore,2026-07-19T10:59:34Z
2026-07-19T10:59:13Z,2026-07-19T12:59:13+0200,ba8778f4-3084-44eb-9cc5-f8b4bc02e7d2,2026-07-06T18:00:00Z,2026-07-06T20:00:00+0200,1441.1,MW,BE,BE,forecast_offshore_wind_generation,Wind Offshore,2026-07-19T10:59:34Z
2026-07-19T10:59:13Z,2026-07-19T12:59:13+0200,ba8778f4-3084-44eb-9cc5-f8b4bc02e7d2,2026-07-06T19:00:00Z,2026-07-06T21:00:00+0200,1397.1,MW,BE,BE,forecast_offshore_wind_generation,Wind Offshore,2026-07-19T10:59:34Z
2026-07-19T10:59:13Z,2026-07-19T12:59:13+0200,ba8778f4-3084-44eb-9cc5-f8b4bc02e7d2,2026-07-06T20:00:00Z,2026-07-06T22:00:00+0200,1313.15,MW,BE,BE,forecast_offshore_wind_generation,Wind Offshore,2026-07-19T10:59:34Z
2026-07-19T10:59:13Z,2026-07-19T12:59:13+0200,ba8778f4-3084-44eb-9cc5-f8b4bc02e7d2,2026-07-06T21:00:00Z,2026-07-06T23:00:00+0200,1218.725,MW,BE,BE,forecast_offshore_wind_generation,Wind Offshore,2026-07-19T10:59:34Z
2026-07-19T10:59:13Z,2026-07-19T12:59:13+0200,ba8778f4-3084-44eb-9cc5-f8b4bc02e7d2,2026-07-06T22:00:00Z,2026-07-07T00:00:00+0200,1417.125,MW,BE,BE,forecast_offshore_wind_generation,Wind Offshore,2026-07-19T10:59:34Z
2026-07-19T10:59:13Z,2026-07-19T12:59:13+0200,ba8778f4-3084-44eb-9cc5-f8b4bc02e7d2,2026-07-06T23:00:00Z,2026-07-07T01:00:00+0200,1176.15,MW,BE,BE,forecast_offshore_wind_generation,Wind Offshore,2026-07-19T10:59:34Z
2026-07-19T10:59:13Z,2026-07-19T12:59:13+0200,ba8778f4-3084-44eb-9cc5-f8b4bc02e7d2,2026-07-07T00:00:00Z,2026-07-07T02:00:00+0200,926.675,MW,BE,BE,forecast_offshore_wind_generation,Wind Offshore,2026-07-19T10:59:34Z
2026-07-19T10:59:13Z,2026-07-19T12:59:13+0200,ba8778f4-3084-44eb-9cc5-f8b4bc02e7d2,2026-07-07T01:00:00Z,2026-07-07T03:00:00+0200,711.925,MW,BE,BE,forecast_offshore_wind_generation,Wind Offshore,2026-07-19T10:59:34Z
2026-07-19T10:59:13Z,2026-07-19T12:59:13+0200,ba8778f4-3084-44eb-9cc5-f8b4bc02e7d2,2026-07-07T02:00:00Z,2026-07-07T04:00:00+0200,574.025,MW,BE,BE,forecast_offshore_wind_generation,Wind Offshore,2026-07-19T10:59:34Z
2026-07-19T10:59:13Z,2026-07-19T12:59:13+0200,ba8778f4-3084-44eb-9cc5-f8b4bc02e7d2,2026-07-07T03:00:00Z,2026-07-07T05:00:00+0200,459.9,MW,BE,BE,forecast_offshore_wind_generation,Wind Offshore,2026-07-19T10:59:34Z
2026-07-19T10:59:13Z,2026-07-19T12:59:13+0200,ba8778f4-3084-44eb-9cc5-f8b4bc02e7d2,2026-07-07T04:00:00Z,2026-07-07T06:00:00+0200,333.15,MW,BE,BE,forecast_offshore_wind_generation,Wind Offshore,2026-07-19T10:59:34Z
2026-07-19T10:59:13Z,2026-07-19T12:59:13+0200,ba8778f4-3084-44eb-9cc5-f8b4bc02e7d2,2026-07-07T05:00:00Z,2026-07-07T07:00:00+0200,256.875,MW,BE,BE,forecast_offshore_wind_generation,Wind Offshore,2026-07-19T10:59:34Z
2026-07-19T10:59:13Z,2026-07-19T12:59:13+0200,ba8778f4-3084-44eb-9cc5-f8b4bc02e7d2,2026-07-07T06:00:00Z,2026-07-07T08:00:00+0200,230.825,MW,BE,BE,forecast_offshore_wind_generation,Wind Offshore,2026-07-19T10:59:34Z
2026-07-19T10:59:13Z,2026-07-19T12:59:13+0200,ba8778f4-3084-44eb-9cc5-f8b4bc02e7d2,2026-07-07T07:00:00Z,2026-07-07T09:00:00+0200,221.875,MW,BE,BE,forecast_offshore_wind_generation,Wind Offshore,2026-07-19T10:59:34Z
2026-07-19T10:59:13Z,2026-07-19T12:59:13+0200,ba8778f4-3084-44eb-9cc5-f8b4bc02e7d2,2026-07-07T08:00:00Z,2026-07-07T10:00:00+0200,219.2,MW,BE,BE,forecast_offshore_wind_generation,Wind Offshore,2026-07-19T10:59:34Z
2026-07-19T10:59:13Z,2026-07-19T12:59:13+0200,ba8778f4-3084-44eb-9cc5-f8b4bc02e7d2,2026-07-07T09:00:00Z,2026-07-07T11:00:00+0200,234.25,MW,BE,BE,forecast_offshore_wind_generation,Wind Offshore,2026-07-19T10:59:34Z
2026-07-19T10:59:13Z,2026-07-19T12:59:13+0200,ba8778f4-3084-44eb-9cc5-f8b4bc02e7d2,2026-07-07T10:00:00Z,2026-07-07T12:00:00+0200,263.975,MW,BE,BE,forecast_offshore_wind_generation,Wind Offshore,2026-07-19T10:59:34Z
2026-07-19T10:59:13Z,2026-07-19T12:59:13+0200,ba8778f4-3084-44eb-9cc5-f8b4bc02e7d2,2026-07-07T11:00:00Z,2026-07-07T13:00:00+0200,289.05,MW,BE,BE,forecast_offshore_wind_generation,Wind Offshore,2026-07-19T10:59:34Z
2026-07-19T10:59:13Z,2026-07-19T12:59:13+0200,ba8778f4-3084-44eb-9cc5-f8b4bc02e7d2,2026-07-07T12:00:00Z,2026-07-07T14:00:00+0200,284.15,MW,BE,BE,forecast_offshore_wind_generation,Wind Offshore,2026-07-19T10:59:34Z
2026-07-19T10:59:13Z,2026-07-19T12:59:13+0200,ba8778f4-3084-44eb-9cc5-f8b4bc02e7d2,2026-07-07T13:00:00Z,2026-07-07T15:00:00+0200,263.1,MW,BE,BE,forecast_offshore_wind_generation,Wind Offshore,2026-07-19T10:59:34Z
2026-07-19T10:59:13Z,2026-07-19T12:59:13+0200,ba8778f4-3084-44eb-9cc5-f8b4bc02e7d2,2026-07-07T14:00:00Z,2026-07-07T16:00:00+0200,224.575,MW,BE,BE,forecast_offshore_wind_generation,Wind Offshore,2026-07-19T10:59:34Z
2026-07-19T10:59:13Z,2026-07-19T12:59:13+0200,ba8778f4-3084-44eb-9cc5-f8b4bc02e7d2,2026-07-07T15:00:00Z,2026-07-07T17:00:00+0200,179.625,MW,BE,BE,forecast_offshore_wind_generation,Wind Offshore,2026-07-19T10:59:34Z
2026-07-19T10:59:13Z,2026-07-19T12:59:13+0200,ba8778f4-3084-44eb-9cc5-f8b4bc02e7d2,2026-07-07T16:00:00Z,2026-07-07T18:00:00+0200,153.175,MW,BE,BE,forecast_offshore_wind_generation,Wind Offshore,2026-07-19T10:59:34Z
2026-07-19T10:59:13Z,2026-07-19T12:59:13+0200,ba8778f4-3084-44eb-9cc5-f8b4bc02e7d2,2026-07-07T17:00:00Z,2026-07-07T19:00:00+0200,107.7,MW,BE,BE,forecast_offshore_wind_generation,Wind Offshore,2026-07-19T10:59:34Z
2026-07-19T10:59:13Z,2026-07-19T12:59:13+0200,ba8778f4-3084-44eb-9cc5-f8b4bc02e7d2,2026-07-07T18:00:00Z,2026-07-07T20:00:00+0200,60.4,MW,BE,BE,forecast_offshore_wind_generation,Wind Offshore,2026-07-19T10:59:34Z
2026-07-19T10:59:13Z,2026-07-19T12:59:13+0200,ba8778f4-3084-44eb-9cc5-f8b4bc02e7d2,2026-07-07T19:00:00Z,2026-07-07T21:00:00+0200,42.0,MW,BE,BE,forecast_offshore_wind_generation,Wind Offshore,2026-07-19T10:59:34Z
2026-07-19T10:59:13Z,2026-07-19T12:59:13+0200,ba8778f4-3084-44eb-9cc5-f8b4bc02e7d2,2026-07-07T20:00:00Z,2026-07-07T22:00:00+0200,37.525,MW,BE,BE,forecast_offshore_wind_generation,Wind Offshore,2026-07-19T10:59:34Z
2026-07-19T10:59:13Z,2026-07-19T12:59:13+0200,ba8778f4-3084-44eb-9cc5-f8b4bc02e7d2,2026-07-07T21:00:00Z,2026-07-07T23:00:00+0200,35.1,MW,BE,BE,forecast_offshore_wind_generation,Wind Offshore,2026-07-19T10:59:34Z
2026-07-19T10:59:13Z,2026-07-19T12:59:13+0200,ba8778f4-3084-44eb-9cc5-f8b4bc02e7d2,2026-07-07T22:00:00Z,2026-07-08T00:00:00+0200,48.825,MW,BE,BE,forecast_offshore_wind_generation,Wind Offshore,2026-07-19T10:59:34Z
2026-07-19T10:59:13Z,2026-07-19T12:59:13+0200,ba8778f4-3084-44eb-9cc5-f8b4bc02e7d2,2026-07-07T23:00:00Z,2026-07-08T01:00:00+0200,42.025,MW,BE,BE,forecast_offshore_wind_generation,Wind Offshore,2026-07-19T10:59:34Z
2026-07-19T10:59:13Z,2026-07-19T12:59:13+0200,ba8778f4-3084-44eb-9cc5-f8b4bc02e7d2,2026-07-08T00:00:00Z,2026-07-08T02:00:00+0200,38.975,MW,BE,BE,forecast_offshore_wind_generation,Wind Offshore,2026-07-19T10:59:34Z
2026-07-19T10:59:13Z,2026-07-19T12:59:13+0200,ba8778f4-3084-44eb-9cc5-f8b4bc02e7d2,2026-07-08T01:00:00Z,2026-07-08T03:00:00+0200,39.6,MW,BE,BE,forecast_offshore_wind_generation,Wind Offshore,2026-07-19T10:59:34Z
2026-07-19T10:59:13Z,2026-07-19T12:59:13+0200,ba8778f4-3084-44eb-9cc5-f8b4bc02e7d2,2026-07-08T02:00:00Z,2026-07-08T04:00:00+0200,42.975,MW,BE,BE,forecast_offshore_wind_generation,Wind Offshore,2026-07-19T10:59:34Z
2026-07-19T10:59:13Z,2026-07-19T12:59:13+0200,ba8778f4-3084-44eb-9cc5-f8b4bc02e7d2,2026-07-08T03:00:00Z,2026-07-08T05:00:00+0200,45.325,MW,BE,BE,forecast_offshore_wind_generation,Wind Offshore,2026-07-19T10:59:34Z
2026-07-19T10:59:13Z,2026-07-19T12:59:13+0200,ba8778f4-3084-44eb-9cc5-f8b4bc02e7d2,2026-07-08T04:00:00Z,2026-07-08T06:00:00+0200,45.7,MW,BE,BE,forecast_offshore_wind_generation,Wind Offshore,2026-07-19T10:59:34Z
2026-07-19T10:59:13Z,2026-07-19T12:59:13+0200,ba8778f4-3084-44eb-9cc5-f8b4bc02e7d2,2026-07-08T05:00:00Z,2026-07-08T07:00:00+0200,42.825,MW,BE,BE,forecast_offshore_wind_generation,Wind Offshore,2026-07-19T10:59:34Z
2026-07-19T10:59:13Z,2026-07-19T12:59:13+0200,ba8778f4-3084-44eb-9cc5-f8b4bc02e7d2,2026-07-08T06:00:00Z,2026-07-08T08:00:00+0200,40.6,MW,BE,BE,forecast_offshore_wind_generation,Wind Offshore,2026-07-19T10:59:34Z
2026-07-19T10:59:13Z,2026-07-19T12:59:13+0200,ba8778f4-3084-44eb-9cc5-f8b4bc02e7d2,2026-07-08T07:00:00Z,2026-07-08T09:00:00+0200,41.85,MW,BE,BE,forecast_offshore_wind_generation,Wind Offshore,2026-07-19T10:59:34Z
2026-07-19T10:59:13Z,2026-07-19T12:59:13+0200,ba8778f4-3084-44eb-9cc5-f8b4bc02e7d2,2026-07-08T08:00:00Z,2026-07-08T10:00:00+0200,42.425,MW,BE,BE,forecast_offshore_wind_generation,Wind Offshore,2026-07-19T10:59:34Z
2026-07-19T10:59:13Z,2026-07-19T12:59:13+0200,ba8778f4-3084-44eb-9cc5-f8b4bc02e7d2,2026-07-08T09:00:00Z,2026-07-08T11:00:00+0200,42.375,MW,BE,BE,forecast_offshore_wind_generation,Wind Offshore,2026-07-19T10:59:34Z
2026-07-19T10:59:13Z,2026-07-19T12:59:13+0200,ba8778f4-3084-44eb-9cc5-f8b4bc02e7d2,2026-07-08T10:00:00Z,2026-07-08T12:00:00+0200,39.4,MW,BE,BE,forecast_offshore_wind_generation,Wind Offshore,2026-07-19T10:59:34Z
2026-07-19T10:59:13Z,2026-07-19T12:59:13+0200,ba8778f4-3084-44eb-9cc5-f8b4bc02e7d2,2026-07-08T11:00:00Z,2026-07-08T13:00:00+0200,34.225,MW,BE,BE,forecast_offshore_wind_generation,Wind Offshore,2026-07-19T10:59:34Z
2026-07-19T10:59:13Z,2026-07-19T12:59:13+0200,ba8778f4-3084-44eb-9cc5-f8b4bc02e7d2,2026-07-08T12:00:00Z,2026-07-08T14:00:00+0200,31.6,MW,BE,BE,forecast_offshore_wind_generation,Wind Offshore,2026-07-19T10:59:34Z
2026-07-19T10:59:13Z,2026-07-19T12:59:13+0200,ba8778f4-3084-44eb-9cc5-f8b4bc02e7d2,2026-07-08T13:00:00Z,2026-07-08T15:00:00+0200,28.9,MW,BE,BE,forecast_offshore_wind_generation,Wind Offshore,2026-07-19T10:59:34Z
2026-07-19T10:59:13Z,2026-07-19T12:59:13+0200,ba8778f4-3084-44eb-9cc5-f8b4bc02e7d2,2026-07-08T14:00:00Z,2026-07-08T16:00:00+0200,25.95,MW,BE,BE,forecast_offshore_wind_generation,Wind Offshore,2026-07-19T10:59:34Z
2026-07-19T10:59:13Z,2026-07-19T12:59:13+0200,ba8778f4-3084-44eb-9cc5-f8b4bc02e7d2,2026-07-08T15:00:00Z,2026-07-08T17:00:00+0200,24.675,MW,BE,BE,forecast_offshore_wind_generation,Wind Offshore,2026-07-19T10:59:34Z
2026-07-19T10:59:13Z,2026-07-19T12:59:13+0200,ba8778f4-3084-44eb-9cc5-f8b4bc02e7d2,2026-07-08T16:00:00Z,2026-07-08T18:00:00+0200,24.9,MW,BE,BE,forecast_offshore_wind_generation,Wind Offshore,2026-07-19T10:59:34Z
2026-07-19T10:59:13Z,2026-07-19T12:59:13+0200,ba8778f4-3084-44eb-9cc5-f8b4bc02e7d2,2026-07-08T17:00:00Z,2026-07-08T19:00:00+0200,26.25,MW,BE,BE,forecast_offshore_wind_generation,Wind Offshore,2026-07-19T10:59:34Z
2026-07-19T10:59:13Z,2026-07-19T12:59:13+0200,ba8778f4-3084-44eb-9cc5-f8b4bc02e7d2,2026-07-08T18:00:00Z,2026-07-08T20:00:00+0200,29.25,MW,BE,BE,forecast_offshore_wind_generation,Wind Offshore,2026-07-19T10:59:34Z
2026-07-19T10:59:13Z,2026-07-19T12:59:13+0200,ba8778f4-3084-44eb-9cc5-f8b4bc02e7d2,2026-07-08T19:00:00Z,2026-07-08T21:00:00+0200,31.45,MW,BE,BE,forecast_offshore_wind_generation,Wind Offshore,2026-07-19T10:59:34Z
2026-07-19T10:59:13Z,2026-07-19T12:59:13+0200,ba8778f4-3084-44eb-9cc5-f8b4bc02e7d2,2026-07-08T20:00:00Z,2026-07-08T22:00:00+0200,32.7,MW,BE,BE,forecast_offshore_wind_generation,Wind Offshore,2026-07-19T10:59:34Z
2026-07-19T10:59:13Z,2026-07-19T12:59:13+0200,ba8778f4-3084-44eb-9cc5-f8b4bc02e7d2,2026-07-08T21:00:00Z,2026-07-08T23:00:00+0200,33.425,MW,BE,BE,forecast_offshore_wind_generation,Wind Offshore,2026-07-19T10:59:34Z
2026-07-19T10:59:13Z,2026-07-19T12:59:13+0200,ba8778f4-3084-44eb-9cc5-f8b4bc02e7d2,2026-07-08T22:00:00Z,2026-07-09T00:00:00+0200,48.15,MW,BE,BE,forecast_offshore_wind_generation,Wind Offshore,2026-07-19T10:59:34Z
2026-07-19T10:59:13Z,2026-07-19T12:59:13+0200,ba8778f4-3084-44eb-9cc5-f8b4bc02e7d2,2026-07-08T23:00:00Z,2026-07-09T01:00:00+0200,48.875,MW,BE,BE,forecast_offshore_wind_generation,Wind Offshore,2026-07-19T10:59:34Z
2026-07-19T10:59:13Z,2026-07-19T12:59:13+0200,ba8778f4-3084-44eb-9cc5-f8b4bc02e7d2,2026-07-09T00:00:00Z,2026-07-09T02:00:00+0200,44.35,MW,BE,BE,forecast_offshore_wind_generation,Wind Offshore,2026-07-19T10:59:34Z
2026-07-19T10:59:13Z,2026-07-19T12:59:13+0200,ba8778f4-3084-44eb-9cc5-f8b4bc02e7d2,2026-07-09T01:00:00Z,2026-07-09T03:00:00+0200,39.55,MW,BE,BE,forecast_offshore_wind_generation,Wind Offshore,2026-07-19T10:59:34Z
2026-07-19T10:59:13Z,2026-07-19T12:59:13+0200,ba8778f4-3084-44eb-9cc5-f8b4bc02e7d2,2026-07-09T02:00:00Z,2026-07-09T04:00:00+0200,35.575,MW,BE,BE,forecast_offshore_wind_generation,Wind Offshore,2026-07-19T10:59:34Z
2026-07-19T10:59:13Z,2026-07-19T12:59:13+0200,ba8778f4-3084-44eb-9cc5-f8b4bc02e7d2,2026-07-09T03:00:00Z,2026-07-09T05:00:00+0200,33.025,MW,BE,BE,forecast_offshore_wind_generation,Wind Offshore,2026-07-19T10:59:34Z
2026-07-19T10:59:13Z,2026-07-19T12:59:13+0200,ba8778f4-3084-44eb-9cc5-f8b4bc02e7d2,2026-07-09T04:00:00Z,2026-07-09T06:00:00+0200,31.4,MW,BE,BE,forecast_offshore_wind_generation,Wind Offshore,2026-07-19T10:59:34Z
2026-07-19T10:59:13Z,2026-07-19T12:59:13+0200,ba8778f4-3084-44eb-9cc5-f8b4bc02e7d2,2026-07-09T05:00:00Z,2026-07-09T07:00:00+0200,29.3,MW,BE,BE,forecast_offshore_wind_generation,Wind Offshore,2026-07-19T10:59:34Z
2026-07-19T10:59:13Z,2026-07-19T12:59:13+0200,ba8778f4-3084-44eb-9cc5-f8b4bc02e7d2,2026-07-09T06:00:00Z,2026-07-09T08:00:00+0200,28.175,MW,BE,BE,forecast_offshore_wind_generation,Wind Offshore,2026-07-19T10:59:34Z
2026-07-19T10:59:13Z,2026-07-19T12:59:13+0200,ba8778f4-3084-44eb-9cc5-f8b4bc02e7d2,2026-07-09T07:00:00Z,2026-07-09T09:00:00+0200,29.2,MW,BE,BE,forecast_offshore_wind_generation,Wind Offshore,2026-07-19T10:59:34Z
2026-07-19T10:59:13Z,2026-07-19T12:59:13+0200,ba8778f4-3084-44eb-9cc5-f8b4bc02e7d2,2026-07-09T08:00:00Z,2026-07-09T10:00:00+0200,30.85,MW,BE,BE,forecast_offshore_wind_generation,Wind Offshore,2026-07-19T10:59:34Z
2026-07-19T10:59:13Z,2026-07-19T12:59:13+0200,ba8778f4-3084-44eb-9cc5-f8b4bc02e7d2,2026-07-09T09:00:00Z,2026-07-09T11:00:00+0200,30.225,MW,BE,BE,forecast_offshore_wind_generation,Wind Offshore,2026-07-19T10:59:34Z
2026-07-19T10:59:13Z,2026-07-19T12:59:13+0200,ba8778f4-3084-44eb-9cc5-f8b4bc02e7d2,2026-07-09T10:00:00Z,2026-07-09T12:00:00+0200,29.825,MW,BE,BE,forecast_offshore_wind_generation,Wind Offshore,2026-07-19T10:59:34Z
2026-07-19T10:59:13Z,2026-07-19T12:59:13+0200,ba8778f4-3084-44eb-9cc5-f8b4bc02e7d2,2026-07-09T11:00:00Z,2026-07-09T13:00:00+0200,30.95,MW,BE,BE,forecast_offshore_wind_generation,Wind Offshore,2026-07-19T10:59:34Z
2026-07-19T10:59:13Z,2026-07-19T12:59:13+0200,ba8778f4-3084-44eb-9cc5-f8b4bc02e7d2,2026-07-09T12:00:00Z,2026-07-09T14:00:00+0200,34.125,MW,BE,BE,forecast_offshore_wind_generation,Wind Offshore,2026-07-19T10:59:34Z
2026-07-19T10:59:13Z,2026-07-19T12:59:13+0200,ba8778f4-3084-44eb-9cc5-f8b4bc02e7d2,2026-07-09T13:00:00Z,2026-07-09T15:00:00+0200,41.65,MW,BE,BE,forecast_offshore_wind_generation,Wind Offshore,2026-07-19T10:59:34Z
2026-07-19T10:59:13Z,2026-07-19T12:59:13+0200,ba8778f4-3084-44eb-9cc5-f8b4bc02e7d2,2026-07-09T14:00:00Z,2026-07-09T16:00:00+0200,55.85,MW,BE,BE,forecast_offshore_wind_generation,Wind Offshore,2026-07-19T10:59:34Z
2026-07-19T10:59:13Z,2026-07-19T12:59:13+0200,ba8778f4-3084-44eb-9cc5-f8b4bc02e7d2,2026-07-09T15:00:00Z,2026-07-09T17:00:00+0200,80.975,MW,BE,BE,forecast_offshore_wind_generation,Wind Offshore,2026-07-19T10:59:34Z
2026-07-19T10:59:13Z,2026-07-19T12:59:13+0200,ba8778f4-3084-44eb-9cc5-f8b4bc02e7d2,2026-07-09T16:00:00Z,2026-07-09T18:00:00+0200,110.8,MW,BE,BE,forecast_offshore_wind_generation,Wind Offshore,2026-07-19T10:59:34Z
2026-07-19T10:59:13Z,2026-07-19T12:59:13+0200,ba8778f4-3084-44eb-9cc5-f8b4bc02e7d2,2026-07-09T17:00:00Z,2026-07-09T19:00:00+0200,141.375,MW,BE,BE,forecast_offshore_wind_generation,Wind Offshore,2026-07-19T10:59:34Z
2026-07-19T10:59:13Z,2026-07-19T12:59:13+0200,ba8778f4-3084-44eb-9cc5-f8b4bc02e7d2,2026-07-09T18:00:00Z,2026-07-09T20:00:00+0200,164.775,MW,BE,BE,forecast_offshore_wind_generation,Wind Offshore,2026-07-19T10:59:34Z
2026-07-19T10:59:13Z,2026-07-19T12:59:13+0200,ba8778f4-3084-44eb-9cc5-f8b4bc02e7d2,2026-07-09T19:00:00Z,2026-07-09T21:00:00+0200,187.225,MW,BE,BE,forecast_offshore_wind_generation,Wind Offshore,2026-07-19T10:59:34Z
2026-07-19T10:59:13Z,2026-07-19T12:59:13+0200,ba8778f4-3084-44eb-9cc5-f8b4bc02e7d2,2026-07-09T20:00:00Z,2026-07-09T22:00:00+0200,215.225,MW,BE,BE,forecast_offshore_wind_generation,Wind Offshore,2026-07-19T10:59:34Z
2026-07-19T10:59:13Z,2026-07-19T12:59:13+0200,ba8778f4-3084-44eb-9cc5-f8b4bc02e7d2,2026-07-09T21:00:00Z,2026-07-09T23:00:00+0200,235.075,MW,BE,BE,forecast_offshore_wind_generation,Wind Offshore,2026-07-19T10:59:34Z
2026-07-19T10:59:13Z,2026-07-19T12:59:13+0200,ba8778f4-3084-44eb-9cc5-f8b4bc02e7d2,2026-07-09T22:00:00Z,2026-07-10T00:00:00+0200,183.475,MW,BE,BE,forecast_offshore_wind_generation,Wind Offshore,2026-07-19T10:59:34Z
2026-07-19T10:59:13Z,2026-07-19T12:59:13+0200,ba8778f4-3084-44eb-9cc5-f8b4bc02e7d2,2026-07-09T23:00:00Z,2026-07-10T01:00:00+0200,161.5,MW,BE,BE,forecast_offshore_wind_generation,Wind Offshore,2026-07-19T10:59:34Z
2026-07-19T10:59:13Z,2026-07-19T12:59:13+0200,ba8778f4-3084-44eb-9cc5-f8b4bc02e7d2,2026-07-10T00:00:00Z,2026-07-10T02:00:00+0200,157.35,MW,BE,BE,forecast_offshore_wind_generation,Wind Offshore,2026-07-19T10:59:34Z
2026-07-19T10:59:13Z,2026-07-19T12:59:13+0200,ba8778f4-3084-44eb-9cc5-f8b4bc02e7d2,2026-07-10T01:00:00Z,2026-07-10T03:00:00+0200,158.775,MW,BE,BE,forecast_offshore_wind_generation,Wind Offshore,2026-07-19T10:59:34Z
2026-07-19T10:59:13Z,2026-07-19T12:59:13+0200,ba8778f4-3084-44eb-9cc5-f8b4bc02e7d2,2026-07-10T02:00:00Z,2026-07-10T04:00:00+0200,150.525,MW,BE,BE,forecast_offshore_wind_generation,Wind Offshore,2026-07-19T10:59:34Z
2026-07-19T10:59:13Z,2026-07-19T12:59:13+0200,ba8778f4-3084-44eb-9cc5-f8b4bc02e7d2,2026-07-10T03:00:00Z,2026-07-10T05:00:00+0200,136.625,MW,BE,BE,forecast_offshore_wind_generation,Wind Offshore,2026-07-19T10:59:34Z
2026-07-19T10:59:13Z,2026-07-19T12:59:13+0200,ba8778f4-3084-44eb-9cc5-f8b4bc02e7d2,2026-07-10T04:00:00Z,2026-07-10T06:00:00+0200,128.85,MW,BE,BE,forecast_offshore_wind_generation,Wind Offshore,2026-07-19T10:59:34Z
2026-07-19T10:59:13Z,2026-07-19T12:59:13+0200,ba8778f4-3084-44eb-9cc5-f8b4bc02e7d2,2026-07-10T05:00:00Z,2026-07-10T07:00:00+0200,129.25,MW,BE,BE,forecast_offshore_wind_generation,Wind Offshore,2026-07-19T10:59:34Z
2026-07-19T10:59:13Z,2026-07-19T12:59:13+0200,ba8778f4-3084-44eb-9cc5-f8b4bc02e7d2,2026-07-10T06:00:00Z,2026-07-10T08:00:00+0200,129.45,MW,BE,BE,forecast_offshore_wind_generation,Wind Offshore,2026-07-19T10:59:34Z
2026-07-19T10:59:13Z,2026-07-19T12:59:13+0200,ba8778f4-3084-44eb-9cc5-f8b4bc02e7d2,2026-07-10T07:00:00Z,2026-07-10T09:00:00+0200,126.25,MW,BE,BE,forecast_offshore_wind_generation,Wind Offshore,2026-07-19T10:59:34Z
2026-07-19T10:59:13Z,2026-07-19T12:59:13+0200,ba8778f4-3084-44eb-9cc5-f8b4bc02e7d2,2026-07-10T08:00:00Z,2026-07-10T10:00:00+0200,124.975,MW,BE,BE,forecast_offshore_wind_generation,Wind Offshore,2026-07-19T10:59:34Z
2026-07-19T10:59:13Z,2026-07-19T12:59:13+0200,ba8778f4-3084-44eb-9cc5-f8b4bc02e7d2,2026-07-10T09:00:00Z,2026-07-10T11:00:00+0200,137.425,MW,BE,BE,forecast_offshore_wind_generation,Wind Offshore,2026-07-19T10:59:34Z
2026-07-19T10:59:13Z,2026-07-19T12:59:13+0200,ba8778f4-3084-44eb-9cc5-f8b4bc02e7d2,2026-07-10T10:00:00Z,2026-07-10T12:00:00+0200,170.9,MW,BE,BE,forecast_offshore_wind_generation,Wind Offshore,2026-07-19T10:59:34Z
2026-07-19T10:59:13Z,2026-07-19T12:59:13+0200,ba8778f4-3084-44eb-9cc5-f8b4bc02e7d2,2026-07-10T11:00:00Z,2026-07-10T13:00:00+0200,226.05,MW,BE,BE,forecast_offshore_wind_generation,Wind Offshore,2026-07-19T10:59:34Z
2026-07-19T10:59:13Z,2026-07-19T12:59:13+0200,ba8778f4-3084-44eb-9cc5-f8b4bc02e7d2,2026-07-10T12:00:00Z,2026-07-10T14:00:00+0200,309.025,MW,BE,BE,forecast_offshore_wind_generation,Wind Offshore,2026-07-19T10:59:34Z
2026-07-19T10:59:13Z,2026-07-19T12:59:13+0200,ba8778f4-3084-44eb-9cc5-f8b4bc02e7d2,2026-07-10T13:00:00Z,2026-07-10T15:00:00+0200,422.825,MW,BE,BE,forecast_offshore_wind_generation,Wind Offshore,2026-07-19T10:59:34Z
2026-07-19T10:59:13Z,2026-07-19T12:59:13+0200,ba8778f4-3084-44eb-9cc5-f8b4bc02e7d2,2026-07-10T14:00:00Z,2026-07-10T16:00:00+0200,562.45,MW,BE,BE,forecast_offshore_wind_generation,Wind Offshore,2026-07-19T10:59:34Z
2026-07-19T10:59:13Z,2026-07-19T12:59:13+0200,ba8778f4-3084-44eb-9cc5-f8b4bc02e7d2,2026-07-10T15:00:00Z,2026-07-10T17:00:00+0200,708.575,MW,BE,BE,forecast_offshore_wind_generation,Wind Offshore,2026-07-19T10:59:34Z
2026-07-19T10:59:13Z,2026-07-19T12:59:13+0200,ba8778f4-3084-44eb-9cc5-f8b4bc02e7d2,2026-07-10T16:00:00Z,2026-07-10T18:00:00+0200,838.15,MW,BE,BE,forecast_offshore_wind_generation,Wind Offshore,2026-07-19T10:59:34Z
2026-07-19T10:59:13Z,2026-07-19T12:59:13+0200,ba8778f4-3084-44eb-9cc5-f8b4bc02e7d2,2026-07-10T17:00:00Z,2026-07-10T19:00:00+0200,936.675,MW,BE,BE,forecast_offshore_wind_generation,Wind Offshore,2026-07-19T10:59:34Z
2026-07-19T10:59:13Z,2026-07-19T12:59:13+0200,ba8778f4-3084-44eb-9cc5-f8b4bc02e7d2,2026-07-10T18:00:00Z,2026-07-10T20:00:00+0200,1003.45,MW,BE,BE,forecast_offshore_wind_generation,Wind Offshore,2026-07-19T10:59:34Z
2026-07-19T10:59:13Z,2026-07-19T12:59:13+0200,ba8778f4-3084-44eb-9cc5-f8b4bc02e7d2,2026-07-10T19:00:00Z,2026-07-10T21:00:00+0200,1024.5,MW,BE,BE,forecast_offshore_wind_generation,Wind Offshore,2026-07-19T10:59:34Z
2026-07-19T10:59:13Z,2026-07-19T12:59:13+0200,ba8778f4-3084-44eb-9cc5-f8b4bc02e7d2,2026-07-10T20:00:00Z,2026-07-10T22:00:00+0200,973.875,MW,BE,BE,forecast_offshore_wind_generation,Wind Offshore,2026-07-19T10:59:34Z
2026-07-19T10:59:13Z,2026-07-19T12:59:13+0200,ba8778f4-3084-44eb-9cc5-f8b4bc02e7d2,2026-07-10T21:00:00Z,2026-07-10T23:00:00+0200,871.5,MW,BE,BE,forecast_offshore_wind_generation,Wind Offshore,2026-07-19T10:59:34Z
2026-07-19T10:59:13Z,2026-07-19T12:59:13+0200,ba8778f4-3084-44eb-9cc5-f8b4bc02e7d2,2026-07-10T22:00:00Z,2026-07-11T00:00:00+0200,801.35,MW,BE,BE,forecast_offshore_wind_generation,Wind Offshore,2026-07-19T10:59:34Z
2026-07-19T10:59:13Z,2026-07-19T12:59:13+0200,ba8778f4-3084-44eb-9cc5-f8b4bc02e7d2,2026-07-10T23:00:00Z,2026-07-11T01:00:00+0200,683.55,MW,BE,BE,forecast_offshore_wind_generation,Wind Offshore,2026-07-19T10:59:34Z
2026-07-19T10:59:13Z,2026-07-19T12:59:13+0200,ba8778f4-3084-44eb-9cc5-f8b4bc02e7d2,2026-07-11T00:00:00Z,2026-07-11T02:00:00+0200,592.375,MW,BE,BE,forecast_offshore_wind_generation,Wind Offshore,2026-07-19T10:59:34Z
2026-07-19T10:59:13Z,2026-07-19T12:59:13+0200,ba8778f4-3084-44eb-9cc5-f8b4bc02e7d2,2026-07-11T01:00:00Z,2026-07-11T03:00:00+0200,522.85,MW,BE,BE,forecast_offshore_wind_generation,Wind Offshore,2026-07-19T10:59:34Z
2026-07-19T10:59:13Z,2026-07-19T12:59:13+0200,ba8778f4-3084-44eb-9cc5-f8b4bc02e7d2,2026-07-11T02:00:00Z,2026-07-11T04:00:00+0200,477.9,MW,BE,BE,forecast_offshore_wind_generation,Wind Offshore,2026-07-19T10:59:34Z
2026-07-19T10:59:13Z,2026-07-19T12:59:13+0200,ba8778f4-3084-44eb-9cc5-f8b4bc02e7d2,2026-07-11T03:00:00Z,2026-07-11T05:00:00+0200,452.725,MW,BE,BE,forecast_offshore_wind_generation,Wind Offshore,2026-07-19T10:59:34Z
2026-07-19T10:59:13Z,2026-07-19T12:59:13+0200,ba8778f4-3084-44eb-9cc5-f8b4bc02e7d2,2026-07-11T04:00:00Z,2026-07-11T06:00:00+0200,417.45,MW,BE,BE,forecast_offshore_wind_generation,Wind Offshore,2026-07-19T10:59:34Z
2026-07-19T10:59:13Z,2026-07-19T12:59:13+0200,ba8778f4-3084-44eb-9cc5-f8b4bc02e7d2,2026-07-11T05:00:00Z,2026-07-11T07:00:00+0200,375.15,MW,BE,BE,forecast_offshore_wind_generation,Wind Offshore,2026-07-19T10:59:34Z
2026-07-19T10:59:13Z,2026-07-19T12:59:13+0200,ba8778f4-3084-44eb-9cc5-f8b4bc02e7d2,2026-07-11T06:00:00Z,2026-07-11T08:00:00+0200,350.6,MW,BE,BE,forecast_offshore_wind_generation,Wind Offshore,2026-07-19T10:59:34Z
2026-07-19T10:59:13Z,2026-07-19T12:59:13+0200,ba8778f4-3084-44eb-9cc5-f8b4bc02e7d2,2026-07-11T07:00:00Z,2026-07-11T09:00:00+0200,357.775,MW,BE,BE,forecast_offshore_wind_generation,Wind Offshore,2026-07-19T10:59:34Z
2026-07-19T10:59:13Z,2026-07-19T12:59:13+0200,ba8778f4-3084-44eb-9cc5-f8b4bc02e7d2,2026-07-11T08:00:00Z,2026-07-11T10:00:00+0200,380.125,MW,BE,BE,forecast_offshore_wind_generation,Wind Offshore,2026-07-19T10:59:34Z
2026-07-19T10:59:13Z,2026-07-19T12:59:13+0200,ba8778f4-3084-44eb-9cc5-f8b4bc02e7d2,2026-07-11T09:00:00Z,2026-07-11T11:00:00+0200,406.2,MW,BE,BE,forecast_offshore_wind_generation,Wind Offshore,2026-07-19T10:59:34Z
2026-07-19T10:59:13Z,2026-07-19T12:59:13+0200,ba8778f4-3084-44eb-9cc5-f8b4bc02e7d2,2026-07-11T10:00:00Z,2026-07-11T12:00:00+0200,453.6,MW,BE,BE,forecast_offshore_wind_generation,Wind Offshore,2026-07-19T10:59:34Z
2026-07-19T10:59:13Z,2026-07-19T12:59:13+0200,ba8778f4-3084-44eb-9cc5-f8b4bc02e7d2,2026-07-11T11:00:00Z,2026-07-11T13:00:00+0200,522.8,MW,BE,BE,forecast_offshore_wind_generation,Wind Offshore,2026-07-19T10:59:34Z
2026-07-19T10:59:13Z,2026-07-19T12:59:13+0200,ba8778f4-3084-44eb-9cc5-f8b4bc02e7d2,2026-07-11T12:00:00Z,2026-07-11T14:00:00+0200,604.5,MW,BE,BE,forecast_offshore_wind_generation,Wind Offshore,2026-07-19T10:59:34Z
2026-07-19T10:59:13Z,2026-07-19T12:59:13+0200,ba8778f4-3084-44eb-9cc5-f8b4bc02e7d2,2026-07-11T13:00:00Z,2026-07-11T15:00:00+0200,684.125,MW,BE,BE,forecast_offshore_wind_generation,Wind Offshore,2026-07-19T10:59:34Z
2026-07-19T10:59:13Z,2026-07-19T12:59:13+0200,ba8778f4-3084-44eb-9cc5-f8b4bc02e7d2,2026-07-11T14:00:00Z,2026-07-11T16:00:00+0200,765.375,MW,BE,BE,forecast_offshore_wind_generation,Wind Offshore,2026-07-19T10:59:34Z
2026-07-19T10:59:13Z,2026-07-19T12:59:13+0200,ba8778f4-3084-44eb-9cc5-f8b4bc02e7d2,2026-07-11T15:00:00Z,2026-07-11T17:00:00+0200,847.675,MW,BE,BE,forecast_offshore_wind_generation,Wind Offshore,2026-07-19T10:59:34Z
2026-07-19T10:59:13Z,2026-07-19T12:59:13+0200,ba8778f4-3084-44eb-9cc5-f8b4bc02e7d2,2026-07-11T16:00:00Z,2026-07-11T18:00:00+0200,918.775,MW,BE,BE,forecast_offshore_wind_generation,Wind Offshore,2026-07-19T10:59:34Z
2026-07-19T10:59:13Z,2026-07-19T12:59:13+0200,ba8778f4-3084-44eb-9cc5-f8b4bc02e7d2,2026-07-11T17:00:00Z,2026-07-11T19:00:00+0200,971.15,MW,BE,BE,forecast_offshore_wind_generation,Wind Offshore,2026-07-19T10:59:34Z
2026-07-19T10:59:13Z,2026-07-19T12:59:13+0200,ba8778f4-3084-44eb-9cc5-f8b4bc02e7d2,2026-07-11T18:00:00Z,2026-07-11T20:00:00+0200,1008.05,MW,BE,BE,forecast_offshore_wind_generation,Wind Offshore,2026-07-19T10:59:34Z
2026-07-19T10:59:13Z,2026-07-19T12:59:13+0200,ba8778f4-3084-44eb-9cc5-f8b4bc02e7d2,2026-07-11T19:00:00Z,2026-07-11T21:00:00+0200,1023.925,MW,BE,BE,forecast_offshore_wind_generation,Wind Offshore,2026-07-19T10:59:34Z
2026-07-19T10:59:13Z,2026-07-19T12:59:13+0200,ba8778f4-3084-44eb-9cc5-f8b4bc02e7d2,2026-07-11T20:00:00Z,2026-07-11T22:00:00+0200,1014.95,MW,BE,BE,forecast_offshore_wind_generation,Wind Offshore,2026-07-19T10:59:34Z
2026-07-19T10:59:13Z,2026-07-19T12:59:13+0200,ba8778f4-3084-44eb-9cc5-f8b4bc02e7d2,2026-07-11T21:00:00Z,2026-07-11T23:00:00+0200,991.325,MW,BE,BE,forecast_offshore_wind_generation,Wind Offshore,2026-07-19T10:59:34Z
2026-07-19T10:59:13Z,2026-07-19T12:59:13+0200,ba8778f4-3084-44eb-9cc5-f8b4bc02e7d2,2026-07-11T22:00:00Z,2026-07-12T00:00:00+0200,1063.575,MW,BE,BE,forecast_offshore_wind_generation,Wind Offshore,2026-07-19T10:59:34Z
2026-07-19T10:59:13Z,2026-07-19T12:59:13+0200,ba8778f4-3084-44eb-9cc5-f8b4bc02e7d2,2026-07-11T23:00:00Z,2026-07-12T01:00:00+0200,1096.875,MW,BE,BE,forecast_offshore_wind_generation,Wind Offshore,2026-07-19T10:59:34Z
2026-07-19T10:59:13Z,2026-07-19T12:59:13+0200,ba8778f4-3084-44eb-9cc5-f8b4bc02e7d2,2026-07-12T00:00:00Z,2026-07-12T02:00:00+0200,1105.225,MW,BE,BE,forecast_offshore_wind_generation,Wind Offshore,2026-07-19T10:59:34Z
2026-07-19T10:59:13Z,2026-07-19T12:59:13+0200,ba8778f4-3084-44eb-9cc5-f8b4bc02e7d2,2026-07-12T01:00:00Z,2026-07-12T03:00:00+0200,1068.825,MW,BE,BE,forecast_offshore_wind_generation,Wind Offshore,2026-07-19T10:59:34Z
2026-07-19T10:59:13Z,2026-07-19T12:59:13+0200,ba8778f4-3084-44eb-9cc5-f8b4bc02e7d2,2026-07-12T02:00:00Z,2026-07-12T04:00:00+0200,996.825,MW,BE,BE,forecast_offshore_wind_generation,Wind Offshore,2026-07-19T10:59:34Z
2026-07-19T10:59:13Z,2026-07-19T12:59:13+0200,ba8778f4-3084-44eb-9cc5-f8b4bc02e7d2,2026-07-12T03:00:00Z,2026-07-12T05:00:00+0200,909.75,MW,BE,BE,forecast_offshore_wind_generation,Wind Offshore,2026-07-19T10:59:34Z
2026-07-19T10:59:13Z,2026-07-19T12:59:13+0200,ba8778f4-3084-44eb-9cc5-f8b4bc02e7d2,2026-07-12T04:00:00Z,2026-07-12T06:00:00+0200,821.45,MW,BE,BE,forecast_offshore_wind_generation,Wind Offshore,2026-07-19T10:59:34Z
2026-07-19T10:59:13Z,2026-07-19T12:59:13+0200,ba8778f4-3084-44eb-9cc5-f8b4bc02e7d2,2026-07-12T05:00:00Z,2026-07-12T07:00:00+0200,744.75,MW,BE,BE,forecast_offshore_wind_generation,Wind Offshore,2026-07-19T10:59:34Z
2026-07-19T10:59:13Z,2026-07-19T12:59:13+0200,ba8778f4-3084-44eb-9cc5-f8b4bc02e7d2,2026-07-12T06:00:00Z,2026-07-12T08:00:00+0200,702.6,MW,BE,BE,forecast_offshore_wind_generation,Wind Offshore,2026-07-19T10:59:34Z
2026-07-19T10:59:13Z,2026-07-19T12:59:13+0200,ba8778f4-3084-44eb-9cc5-f8b4bc02e7d2,2026-07-12T07:00:00Z,2026-07-12T09:00:00+0200,717.875,MW,BE,BE,forecast_offshore_wind_generation,Wind Offshore,2026-07-19T10:59:34Z
2026-07-19T10:59:13Z,2026-07-19T12:59:13+0200,ba8778f4-3084-44eb-9cc5-f8b4bc02e7d2,2026-07-12T08:00:00Z,2026-07-12T10:00:00+0200,803.2,MW,BE,BE,forecast_offshore_wind_generation,Wind Offshore,2026-07-19T10:59:34Z
2026-07-19T10:59:13Z,2026-07-19T12:59:13+0200,ba8778f4-3084-44eb-9cc5-f8b4bc02e7d2,2026-07-12T09:00:00Z,2026-07-12T11:00:00+0200,925.825,MW,BE,BE,forecast_offshore_wind_generation,Wind Offshore,2026-07-19T10:59:34Z
2026-07-19T10:59:13Z,2026-07-19T12:59:13+0200,ba8778f4-3084-44eb-9cc5-f8b4bc02e7d2,2026-07-12T10:00:00Z,2026-07-12T12:00:00+0200,1060.9,MW,BE,BE,forecast_offshore_wind_generation,Wind Offshore,2026-07-19T10:59:34Z
2026-07-19T10:59:13Z,2026-07-19T12:59:13+0200,ba8778f4-3084-44eb-9cc5-f8b4bc02e7d2,2026-07-12T11:00:00Z,2026-07-12T13:00:00+0200,1206.8,MW,BE,BE,forecast_offshore_wind_generation,Wind Offshore,2026-07-19T10:59:34Z
2026-07-19T10:59:13Z,2026-07-19T12:59:13+0200,ba8778f4-3084-44eb-9cc5-f8b4bc02e7d2,2026-07-12T12:00:00Z,2026-07-12T14:00:00+0200,1354.775,MW,BE,BE,forecast_offshore_wind_generation,Wind Offshore,2026-07-19T10:59:34Z
2026-07-19T10:59:13Z,2026-07-19T12:59:13+0200,ba8778f4-3084-44eb-9cc5-f8b4bc02e7d2,2026-07-12T13:00:00Z,2026-07-12T15:00:00+0200,1516.8,MW,BE,BE,forecast_offshore_wind_generation,Wind Offshore,2026-07-19T10:59:34Z
2026-07-19T10:59:13Z,2026-07-19T12:59:13+0200,ba8778f4-3084-44eb-9cc5-f8b4bc02e7d2,2026-07-12T14:00:00Z,2026-07-12T16:00:00+0200,1677.65,MW,BE,BE,forecast_offshore_wind_generation,Wind Offshore,2026-07-19T10:59:34Z
2026-07-19T10:59:13Z,2026-07-19T12:59:13+0200,ba8778f4-3084-44eb-9cc5-f8b4bc02e7d2,2026-07-12T15:00:00Z,2026-07-12T17:00:00+0200,1821.325,MW,BE,BE,forecast_offshore_wind_generation,Wind Offshore,2026-07-19T10:59:34Z
2026-07-19T10:59:13Z,2026-07-19T12:59:13+0200,ba8778f4-3084-44eb-9cc5-f8b4bc02e7d2,2026-07-12T16:00:00Z,2026-07-12T18:00:00+0200,1944.85,MW,BE,BE,forecast_offshore_wind_generation,Wind Offshore,2026-07-19T10:59:34Z
2026-07-19T10:59:13Z,2026-07-19T12:59:13+0200,ba8778f4-3084-44eb-9cc5-f8b4bc02e7d2,2026-07-12T17:00:00Z,2026-07-12T19:00:00+0200,2033.95,MW,BE,BE,forecast_offshore_wind_generation,Wind Offshore,2026-07-19T10:59:34Z
2026-07-19T10:59:13Z,2026-07-19T12:59:13+0200,ba8778f4-3084-44eb-9cc5-f8b4bc02e7d2,2026-07-12T18:00:00Z,2026-07-12T20:00:00+0200,2067.8,MW,BE,BE,forecast_offshore_wind_generation,Wind Offshore,2026-07-19T10:59:34Z
2026-07-19T10:59:13Z,2026-07-19T12:59:13+0200,ba8778f4-3084-44eb-9cc5-f8b4bc02e7d2,2026-07-12T19:00:00Z,2026-07-12T21:00:00+0200,2050.2,MW,BE,BE,forecast_offshore_wind_generation,Wind Offshore,2026-07-19T10:59:34Z
2026-07-19T10:59:13Z,2026-07-19T12:59:13+0200,ba8778f4-3084-44eb-9cc5-f8b4bc02e7d2,2026-07-12T20:00:00Z,2026-07-12T22:00:00+0200,2001.55,MW,BE,BE,forecast_offshore_wind_generation,Wind Offshore,2026-07-19T10:59:34Z
2026-07-19T10:59:13Z,2026-07-19T12:59:13+0200,ba8778f4-3084-44eb-9cc5-f8b4bc02e7d2,2026-07-12T21:00:00Z,2026-07-12T23:00:00+0200,1927.425,MW,BE,BE,forecast_offshore_wind_generation,Wind Offshore,2026-07-19T10:59:34Z
2026-07-19T10:59:13Z,2026-07-19T12:59:13+0200,ba8778f4-3084-44eb-9cc5-f8b4bc02e7d2,2026-07-12T22:00:00Z,2026-07-13T00:00:00+0200,1710.225,MW,BE,BE,forecast_offshore_wind_generation,Wind Offshore,2026-07-19T10:59:34Z
2026-07-19T10:59:13Z,2026-07-19T12:59:13+0200,ba8778f4-3084-44eb-9cc5-f8b4bc02e7d2,2026-07-12T23:00:00Z,2026-07-13T01:00:00+0200,1581.025,MW,BE,BE,forecast_offshore_wind_generation,Wind Offshore,2026-07-19T10:59:34Z
2026-07-19T10:59:13Z,2026-07-19T12:59:13+0200,ba8778f4-3084-44eb-9cc5-f8b4bc02e7d2,2026-07-13T00:00:00Z,2026-07-13T02:00:00+0200,1455.225,MW,BE,BE,forecast_offshore_wind_generation,Wind Offshore,2026-07-19T10:59:34Z
2026-07-19T10:59:13Z,2026-07-19T12:59:13+0200,ba8778f4-3084-44eb-9cc5-f8b4bc02e7d2,2026-07-13T01:00:00Z,2026-07-13T03:00:00+0200,1346.425,MW,BE,BE,forecast_offshore_wind_generation,Wind Offshore,2026-07-19T10:59:34Z
2026-07-19T10:59:13Z,2026-07-19T12:59:13+0200,ba8778f4-3084-44eb-9cc5-f8b4bc02e7d2,2026-07-13T02:00:00Z,2026-07-13T04:00:00+0200,1243.15,MW,BE,BE,forecast_offshore_wind_generation,Wind Offshore,2026-07-19T10:59:34Z
2026-07-19T10:59:13Z,2026-07-19T12:59:13+0200,ba8778f4-3084-44eb-9cc5-f8b4bc02e7d2,2026-07-13T03:00:00Z,2026-07-13T05:00:00+0200,1143.125,MW,BE,BE,forecast_offshore_wind_generation,Wind Offshore,2026-07-19T10:59:34Z
2026-07-19T10:59:13Z,2026-07-19T12:59:13+0200,ba8778f4-3084-44eb-9cc5-f8b4bc02e7d2,2026-07-13T04:00:00Z,2026-07-13T06:00:00+0200,1051.5,MW,BE,BE,forecast_offshore_wind_generation,Wind Offshore,2026-07-19T10:59:34Z
2026-07-19T10:59:13Z,2026-07-19T12:59:13+0200,ba8778f4-3084-44eb-9cc5-f8b4bc02e7d2,2026-07-13T05:00:00Z,2026-07-13T07:00:00+0200,974.65,MW,BE,BE,forecast_offshore_wind_generation,Wind Offshore,2026-07-19T10:59:34Z
2026-07-19T10:59:13Z,2026-07-19T12:59:13+0200,ba8778f4-3084-44eb-9cc5-f8b4bc02e7d2,2026-07-13T06:00:00Z,2026-07-13T08:00:00+0200,915.45,MW,BE,BE,forecast_offshore_wind_generation,Wind Offshore,2026-07-19T10:59:34Z
2026-07-19T10:59:13Z,2026-07-19T12:59:13+0200,ba8778f4-3084-44eb-9cc5-f8b4bc02e7d2,2026-07-13T07:00:00Z,2026-07-13T09:00:00+0200,869.1,MW,BE,BE,forecast_offshore_wind_generation,Wind Offshore,2026-07-19T10:59:34Z
2026-07-19T10:59:13Z,2026-07-19T12:59:13+0200,ba8778f4-3084-44eb-9cc5-f8b4bc02e7d2,2026-07-13T08:00:00Z,2026-07-13T10:00:00+0200,824.125,MW,BE,BE,forecast_offshore_wind_generation,Wind Offshore,2026-07-19T10:59:34Z
2026-07-19T10:59:13Z,2026-07-19T12:59:13+0200,ba8778f4-3084-44eb-9cc5-f8b4bc02e7d2,2026-07-13T09:00:00Z,2026-07-13T11:00:00+0200,790.2,MW,BE,BE,forecast_offshore_wind_generation,Wind Offshore,2026-07-19T10:59:34Z
2026-07-19T10:59:13Z,2026-07-19T12:59:13+0200,ba8778f4-3084-44eb-9cc5-f8b4bc02e7d2,2026-07-13T10:00:00Z,2026-07-13T12:00:00+0200,787.75,MW,BE,BE,forecast_offshore_wind_generation,Wind Offshore,2026-07-19T10:59:34Z
2026-07-19T10:59:13Z,2026-07-19T12:59:13+0200,ba8778f4-3084-44eb-9cc5-f8b4bc02e7d2,2026-07-13T11:00:00Z,2026-07-13T13:00:00+0200,812.225,MW,BE,BE,forecast_offshore_wind_generation,Wind Offshore,2026-07-19T10:59:34Z
2026-07-19T10:59:13Z,2026-07-19T12:59:13+0200,ba8778f4-3084-44eb-9cc5-f8b4bc02e7d2,2026-07-13T12:00:00Z,2026-07-13T14:00:00+0200,858.675,MW,BE,BE,forecast_offshore_wind_generation,Wind Offshore,2026-07-19T10:59:34Z
2026-07-19T10:59:13Z,2026-07-19T12:59:13+0200,ba8778f4-3084-44eb-9cc5-f8b4bc02e7d2,2026-07-13T13:00:00Z,2026-07-13T15:00:00+0200,931.725,MW,BE,BE,forecast_offshore_wind_generation,Wind Offshore,2026-07-19T10:59:34Z
2026-07-19T10:59:13Z,2026-07-19T12:59:13+0200,ba8778f4-3084-44eb-9cc5-f8b4bc02e7d2,2026-07-13T14:00:00Z,2026-07-13T16:00:00+0200,1038.45,MW,BE,BE,forecast_offshore_wind_generation,Wind Offshore,2026-07-19T10:59:34Z
2026-07-19T10:59:13Z,2026-07-19T12:59:13+0200,ba8778f4-3084-44eb-9cc5-f8b4bc02e7d2,2026-07-13T15:00:00Z,2026-07-13T17:00:00+0200,1175.475,MW,BE,BE,forecast_offshore_wind_generation,Wind Offshore,2026-07-19T10:59:34Z
2026-07-19T10:59:13Z,2026-07-19T12:59:13+0200,ba8778f4-3084-44eb-9cc5-f8b4bc02e7d2,2026-07-13T16:00:00Z,2026-07-13T18:00:00+0200,1297.55,MW,BE,BE,forecast_offshore_wind_generation,Wind Offshore,2026-07-19T10:59:34Z
2026-07-19T10:59:13Z,2026-07-19T12:59:13+0200,ba8778f4-3084-44eb-9cc5-f8b4bc02e7d2,2026-07-13T17:00:00Z,2026-07-13T19:00:00+0200,1364.575,MW,BE,BE,forecast_offshore_wind_generation,Wind Offshore,2026-07-19T10:59:34Z
2026-07-19T10:59:13Z,2026-07-19T12:59:13+0200,ba8778f4-3084-44eb-9cc5-f8b4bc02e7d2,2026-07-13T18:00:00Z,2026-07-13T20:00:00+0200,1375.625,MW,BE,BE,forecast_offshore_wind_generation,Wind Offshore,2026-07-19T10:59:34Z
2026-07-19T10:59:13Z,2026-07-19T12:59:13+0200,ba8778f4-3084-44eb-9cc5-f8b4bc02e7d2,2026-07-13T19:00:00Z,2026-07-13T21:00:00+0200,1347.075,MW,BE,BE,forecast_offshore_wind_generation,Wind Offshore,2026-07-19T10:59:34Z
2026-07-19T10:59:13Z,2026-07-19T12:59:13+0200,ba8778f4-3084-44eb-9cc5-f8b4bc02e7d2,2026-07-13T20:00:00Z,2026-07-13T22:00:00+0200,1288.3,MW,BE,BE,forecast_offshore_wind_generation,Wind Offshore,2026-07-19T10:59:34Z
2026-07-19T10:59:13Z,2026-07-19T12:59:13+0200,ba8778f4-3084-44eb-9cc5-f8b4bc02e7d2,2026-07-13T21:00:00Z,2026-07-13T23:00:00+0200,1190.525,MW,BE,BE,forecast_offshore_wind_generation,Wind Offshore,2026-07-19T10:59:34Z
2026-07-19T10:59:13Z,2026-07-19T12:59:13+0200,ba8778f4-3084-44eb-9cc5-f8b4bc02e7d2,2026-07-13T22:00:00Z,2026-07-14T00:00:00+0200,1130.2,MW,BE,BE,forecast_offshore_wind_generation,Wind Offshore,2026-07-19T10:59:34Z
2026-07-19T10:59:13Z,2026-07-19T12:59:13+0200,ba8778f4-3084-44eb-9cc5-f8b4bc02e7d2,2026-07-13T23:00:00Z,2026-07-14T01:00:00+0200,986.875,MW,BE,BE,forecast_offshore_wind_generation,Wind Offshore,2026-07-19T10:59:34Z
2026-07-19T10:59:13Z,2026-07-19T12:59:13+0200,ba8778f4-3084-44eb-9cc5-f8b4bc02e7d2,2026-07-14T00:00:00Z,2026-07-14T02:00:00+0200,868.3,MW,BE,BE,forecast_offshore_wind_generation,Wind Offshore,2026-07-19T10:59:34Z
2026-07-19T10:59:13Z,2026-07-19T12:59:13+0200,ba8778f4-3084-44eb-9cc5-f8b4bc02e7d2,2026-07-14T01:00:00Z,2026-07-14T03:00:00+0200,772.425,MW,BE,BE,forecast_offshore_wind_generation,Wind Offshore,2026-07-19T10:59:34Z
2026-07-19T10:59:13Z,2026-07-19T12:59:13+0200,ba8778f4-3084-44eb-9cc5-f8b4bc02e7d2,2026-07-14T02:00:00Z,2026-07-14T04:00:00+0200,682.575,MW,BE,BE,forecast_offshore_wind_generation,Wind Offshore,2026-07-19T10:59:34Z
2026-07-19T10:59:13Z,2026-07-19T12:59:13+0200,ba8778f4-3084-44eb-9cc5-f8b4bc02e7d2,2026-07-14T03:00:00Z,2026-07-14T05:00:00+0200,597.8,MW,BE,BE,forecast_offshore_wind_generation,Wind Offshore,2026-07-19T10:59:34Z
2026-07-19T10:59:13Z,2026-07-19T12:59:13+0200,ba8778f4-3084-44eb-9cc5-f8b4bc02e7d2,2026-07-14T04:00:00Z,2026-07-14T06:00:00+0200,516.3,MW,BE,BE,forecast_offshore_wind_generation,Wind Offshore,2026-07-19T10:59:34Z
2026-07-19T10:59:13Z,2026-07-19T12:59:13+0200,ba8778f4-3084-44eb-9cc5-f8b4bc02e7d2,2026-07-14T05:00:00Z,2026-07-14T07:00:00+0200,455.625,MW,BE,BE,forecast_offshore_wind_generation,Wind Offshore,2026-07-19T10:59:34Z
2026-07-19T10:59:13Z,2026-07-19T12:59:13+0200,ba8778f4-3084-44eb-9cc5-f8b4bc02e7d2,2026-07-14T06:00:00Z,2026-07-14T08:00:00+0200,431.875,MW,BE,BE,forecast_offshore_wind_generation,Wind Offshore,2026-07-19T10:59:34Z
2026-07-19T10:59:13Z,2026-07-19T12:59:13+0200,ba8778f4-3084-44eb-9cc5-f8b4bc02e7d2,2026-07-14T07:00:00Z,2026-07-14T09:00:00+0200,440.25,MW,BE,BE,forecast_offshore_wind_generation,Wind Offshore,2026-07-19T10:59:34Z
2026-07-19T10:59:13Z,2026-07-19T12:59:13+0200,ba8778f4-3084-44eb-9cc5-f8b4bc02e7d2,2026-07-14T08:00:00Z,2026-07-14T10:00:00+0200,473.6,MW,BE,BE,forecast_offshore_wind_generation,Wind Offshore,2026-07-19T10:59:34Z
2026-07-19T10:59:13Z,2026-07-19T12:59:13+0200,ba8778f4-3084-44eb-9cc5-f8b4bc02e7d2,2026-07-14T09:00:00Z,2026-07-14T11:00:00+0200,527.75,MW,BE,BE,forecast_offshore_wind_generation,Wind Offshore,2026-07-19T10:59:34Z
2026-07-19T10:59:13Z,2026-07-19T12:59:13+0200,ba8778f4-3084-44eb-9cc5-f8b4bc02e7d2,2026-07-14T10:00:00Z,2026-07-14T12:00:00+0200,600.325,MW,BE,BE,forecast_offshore_wind_generation,Wind Offshore,2026-07-19T10:59:34Z
2026-07-19T10:59:13Z,2026-07-19T12:59:13+0200,ba8778f4-3084-44eb-9cc5-f8b4bc02e7d2,2026-07-14T11:00:00Z,2026-07-14T13:00:00+0200,717.875,MW,BE,BE,forecast_offshore_wind_generation,Wind Offshore,2026-07-19T10:59:34Z
2026-07-19T10:59:13Z,2026-07-19T12:59:13+0200,ba8778f4-3084-44eb-9cc5-f8b4bc02e7d2,2026-07-14T12:00:00Z,2026-07-14T14:00:00+0200,895.025,MW,BE,BE,forecast_offshore_wind_generation,Wind Offshore,2026-07-19T10:59:34Z
2026-07-19T10:59:13Z,2026-07-19T12:59:13+0200,ba8778f4-3084-44eb-9cc5-f8b4bc02e7d2,2026-07-14T13:00:00Z,2026-07-14T15:00:00+0200,1097.45,MW,BE,BE,forecast_offshore_wind_generation,Wind Offshore,2026-07-19T10:59:34Z
2026-07-19T10:59:13Z,2026-07-19T12:59:13+0200,ba8778f4-3084-44eb-9cc5-f8b4bc02e7d2,2026-07-14T14:00:00Z,2026-07-14T16:00:00+0200,1274.825,MW,BE,BE,forecast_offshore_wind_generation,Wind Offshore,2026-07-19T10:59:34Z
2026-07-19T10:59:13Z,2026-07-19T12:59:13+0200,ba8778f4-3084-44eb-9cc5-f8b4bc02e7d2,2026-07-14T15:00:00Z,2026-07-14T17:00:00+0200,1417.725,MW,BE,BE,forecast_offshore_wind_generation,Wind Offshore,2026-07-19T10:59:34Z
2026-07-19T10:59:13Z,2026-07-19T12:59:13+0200,ba8778f4-3084-44eb-9cc5-f8b4bc02e7d2,2026-07-14T16:00:00Z,2026-07-14T18:00:00+0200,1543.375,MW,BE,BE,forecast_offshore_wind_generation,Wind Offshore,2026-07-19T10:59:34Z
2026-07-19T10:59:13Z,2026-07-19T12:59:13+0200,ba8778f4-3084-44eb-9cc5-f8b4bc02e7d2,2026-07-14T17:00:00Z,2026-07-14T19:00:00+0200,1657.75,MW,BE,BE,forecast_offshore_wind_generation,Wind Offshore,2026-07-19T10:59:34Z
2026-07-19T10:59:13Z,2026-07-19T12:59:13+0200,ba8778f4-3084-44eb-9cc5-f8b4bc02e7d2,2026-07-14T18:00:00Z,2026-07-14T20:00:00+0200,1734.725,MW,BE,BE,forecast_offshore_wind_generation,Wind Offshore,2026-07-19T10:59:34Z
2026-07-19T10:59:13Z,2026-07-19T12:59:13+0200,ba8778f4-3084-44eb-9cc5-f8b4bc02e7d2,2026-07-14T19:00:00Z,2026-07-14T21:00:00+0200,1755.8,MW,BE,BE,forecast_offshore_wind_generation,Wind Offshore,2026-07-19T10:59:34Z
2026-07-19T10:59:13Z,2026-07-19T12:59:13+0200,ba8778f4-3084-44eb-9cc5-f8b4bc02e7d2,2026-07-14T20:00:00Z,2026-07-14T22:00:00+0200,1697.425,MW,BE,BE,forecast_offshore_wind_generation,Wind Offshore,2026-07-19T10:59:34Z
2026-07-19T10:59:13Z,2026-07-19T12:59:13+0200,ba8778f4-3084-44eb-9cc5-f8b4bc02e7d2,2026-07-14T21:00:00Z,2026-07-14T23:00:00+0200,1569.975,MW,BE,BE,forecast_offshore_wind_generation,Wind Offshore,2026-07-19T10:59:34Z
2026-07-19T10:59:13Z,2026-07-19T12:59:13+0200,ba8778f4-3084-44eb-9cc5-f8b4bc02e7d2,2026-07-14T22:00:00Z,2026-07-15T00:00:00+0200,1185.35,MW,BE,BE,forecast_offshore_wind_generation,Wind Offshore,2026-07-19T10:59:34Z
2026-07-19T10:59:13Z,2026-07-19T12:59:13+0200,ba8778f4-3084-44eb-9cc5-f8b4bc02e7d2,2026-07-14T23:00:00Z,2026-07-15T01:00:00+0200,1059.5,MW,BE,BE,forecast_offshore_wind_generation,Wind Offshore,2026-07-19T10:59:34Z
2026-07-19T10:59:13Z,2026-07-19T12:59:13+0200,ba8778f4-3084-44eb-9cc5-f8b4bc02e7d2,2026-07-15T00:00:00Z,2026-07-15T02:00:00+0200,941.175,MW,BE,BE,forecast_offshore_wind_generation,Wind Offshore,2026-07-19T10:59:34Z
2026-07-19T10:59:13Z,2026-07-19T12:59:13+0200,ba8778f4-3084-44eb-9cc5-f8b4bc02e7d2,2026-07-15T01:00:00Z,2026-07-15T03:00:00+0200,838.8,MW,BE,BE,forecast_offshore_wind_generation,Wind Offshore,2026-07-19T10:59:34Z
2026-07-19T10:59:13Z,2026-07-19T12:59:13+0200,ba8778f4-3084-44eb-9cc5-f8b4bc02e7d2,2026-07-15T02:00:00Z,2026-07-15T04:00:00+0200,748.7,MW,BE,BE,forecast_offshore_wind_generation,Wind Offshore,2026-07-19T10:59:34Z
2026-07-19T10:59:13Z,2026-07-19T12:59:13+0200,ba8778f4-3084-44eb-9cc5-f8b4bc02e7d2,2026-07-15T03:00:00Z,2026-07-15T05:00:00+0200,681.475,MW,BE,BE,forecast_offshore_wind_generation,Wind Offshore,2026-07-19T10:59:34Z
2026-07-19T10:59:13Z,2026-07-19T12:59:13+0200,ba8778f4-3084-44eb-9cc5-f8b4bc02e7d2,2026-07-15T04:00:00Z,2026-07-15T06:00:00+0200,607.225,MW,BE,BE,forecast_offshore_wind_generation,Wind Offshore,2026-07-19T10:59:34Z
2026-07-19T10:59:13Z,2026-07-19T12:59:13+0200,ba8778f4-3084-44eb-9cc5-f8b4bc02e7d2,2026-07-15T05:00:00Z,2026-07-15T07:00:00+0200,513.025,MW,BE,BE,forecast_offshore_wind_generation,Wind Offshore,2026-07-19T10:59:34Z
2026-07-19T10:59:13Z,2026-07-19T12:59:13+0200,ba8778f4-3084-44eb-9cc5-f8b4bc02e7d2,2026-07-15T06:00:00Z,2026-07-15T08:00:00+0200,449.45,MW,BE,BE,forecast_offshore_wind_generation,Wind Offshore,2026-07-19T10:59:34Z
2026-07-19T10:59:13Z,2026-07-19T12:59:13+0200,ba8778f4-3084-44eb-9cc5-f8b4bc02e7d2,2026-07-15T07:00:00Z,2026-07-15T09:00:00+0200,431.0,MW,BE,BE,forecast_offshore_wind_generation,Wind Offshore,2026-07-19T10:59:34Z
2026-07-19T10:59:13Z,2026-07-19T12:59:13+0200,ba8778f4-3084-44eb-9cc5-f8b4bc02e7d2,2026-07-15T08:00:00Z,2026-07-15T10:00:00+0200,437.225,MW,BE,BE,forecast_offshore_wind_generation,Wind Offshore,2026-07-19T10:59:34Z
2026-07-19T10:59:13Z,2026-07-19T12:59:13+0200,ba8778f4-3084-44eb-9cc5-f8b4bc02e7d2,2026-07-15T09:00:00Z,2026-07-15T11:00:00+0200,458.025,MW,BE,BE,forecast_offshore_wind_generation,Wind Offshore,2026-07-19T10:59:34Z
2026-07-19T10:59:13Z,2026-07-19T12:59:13+0200,ba8778f4-3084-44eb-9cc5-f8b4bc02e7d2,2026-07-15T10:00:00Z,2026-07-15T12:00:00+0200,509.35,MW,BE,BE,forecast_offshore_wind_generation,Wind Offshore,2026-07-19T10:59:34Z
2026-07-19T10:59:13Z,2026-07-19T12:59:13+0200,ba8778f4-3084-44eb-9cc5-f8b4bc02e7d2,2026-07-15T11:00:00Z,2026-07-15T13:00:00+0200,591.625,MW,BE,BE,forecast_offshore_wind_generation,Wind Offshore,2026-07-19T10:59:34Z
2026-07-19T10:59:13Z,2026-07-19T12:59:13+0200,ba8778f4-3084-44eb-9cc5-f8b4bc02e7d2,2026-07-15T12:00:00Z,2026-07-15T14:00:00+0200,683.8,MW,BE,BE,forecast_offshore_wind_generation,Wind Offshore,2026-07-19T10:59:34Z
2026-07-19T10:59:13Z,2026-07-19T12:59:13+0200,ba8778f4-3084-44eb-9cc5-f8b4bc02e7d2,2026-07-15T13:00:00Z,2026-07-15T15:00:00+0200,775.825,MW,BE,BE,forecast_offshore_wind_generation,Wind Offshore,2026-07-19T10:59:34Z
2026-07-19T10:59:13Z,2026-07-19T12:59:13+0200,ba8778f4-3084-44eb-9cc5-f8b4bc02e7d2,2026-07-15T14:00:00Z,2026-07-15T16:00:00+0200,890.025,MW,BE,BE,forecast_offshore_wind_generation,Wind Offshore,2026-07-19T10:59:34Z
2026-07-19T10:59:13Z,2026-07-19T12:59:13+0200,ba8778f4-3084-44eb-9cc5-f8b4bc02e7d2,2026-07-15T15:00:00Z,2026-07-15T17:00:00+0200,1055.8,MW,BE,BE,forecast_offshore_wind_generation,Wind Offshore,2026-07-19T10:59:34Z
2026-07-19T10:59:13Z,2026-07-19T12:59:13+0200,ba8778f4-3084-44eb-9cc5-f8b4bc02e7d2,2026-07-15T16:00:00Z,2026-07-15T18:00:00+0200,1214.975,MW,BE,BE,forecast_offshore_wind_generation,Wind Offshore,2026-07-19T10:59:34Z
2026-07-19T10:59:13Z,2026-07-19T12:59:13+0200,ba8778f4-3084-44eb-9cc5-f8b4bc02e7d2,2026-07-15T17:00:00Z,2026-07-15T19:00:00+0200,1295.65,MW,BE,BE,forecast_offshore_wind_generation,Wind Offshore,2026-07-19T10:59:34Z
2026-07-19T10:59:13Z,2026-07-19T12:59:13+0200,ba8778f4-3084-44eb-9cc5-f8b4bc02e7d2,2026-07-15T18:00:00Z,2026-07-15T20:00:00+0200,1303.575,MW,BE,BE,forecast_offshore_wind_generation,Wind Offshore,2026-07-19T10:59:34Z
2026-07-19T10:59:13Z,2026-07-19T12:59:13+0200,ba8778f4-3084-44eb-9cc5-f8b4bc02e7d2,2026-07-15T19:00:00Z,2026-07-15T21:00:00+0200,1275.175,MW,BE,BE,forecast_offshore_wind_generation,Wind Offshore,2026-07-19T10:59:34Z
2026-07-19T10:59:13Z,2026-07-19T12:59:13+0200,ba8778f4-3084-44eb-9cc5-f8b4bc02e7d2,2026-07-15T20:00:00Z,2026-07-15T22:00:00+0200,1236.275,MW,BE,BE,forecast_offshore_wind_generation,Wind Offshore,2026-07-19T10:59:34Z
2026-07-19T10:59:13Z,2026-07-19T12:59:13+0200,ba8778f4-3084-44eb-9cc5-f8b4bc02e7d2,2026-07-15T21:00:00Z,2026-07-15T23:00:00+0200,1152.0,MW,BE,BE,forecast_offshore_wind_generation,Wind Offshore,2026-07-19T10:59:34Z
2026-07-19T10:59:13Z,2026-07-19T12:59:13+0200,ba8778f4-3084-44eb-9cc5-f8b4bc02e7d2,2026-07-15T22:00:00Z,2026-07-16T00:00:00+0200,1048.425,MW,BE,BE,forecast_offshore_wind_generation,Wind Offshore,2026-07-19T10:59:34Z
2026-07-19T10:59:13Z,2026-07-19T12:59:13+0200,ba8778f4-3084-44eb-9cc5-f8b4bc02e7d2,2026-07-15T23:00:00Z,2026-07-16T01:00:00+0200,875.075,MW,BE,BE,forecast_offshore_wind_generation,Wind Offshore,2026-07-19T10:59:34Z
2026-07-19T10:59:13Z,2026-07-19T12:59:13+0200,ba8778f4-3084-44eb-9cc5-f8b4bc02e7d2,2026-07-16T00:00:00Z,2026-07-16T02:00:00+0200,721.575,MW,BE,BE,forecast_offshore_wind_generation,Wind Offshore,2026-07-19T10:59:34Z
2026-07-19T10:59:13Z,2026-07-19T12:59:13+0200,ba8778f4-3084-44eb-9cc5-f8b4bc02e7d2,2026-07-16T01:00:00Z,2026-07-16T03:00:00+0200,608.925,MW,BE,BE,forecast_offshore_wind_generation,Wind Offshore,2026-07-19T10:59:34Z
2026-07-19T10:59:13Z,2026-07-19T12:59:13+0200,ba8778f4-3084-44eb-9cc5-f8b4bc02e7d2,2026-07-16T02:00:00Z,2026-07-16T04:00:00+0200,515.45,MW,BE,BE,forecast_offshore_wind_generation,Wind Offshore,2026-07-19T10:59:34Z
2026-07-19T10:59:13Z,2026-07-19T12:59:13+0200,ba8778f4-3084-44eb-9cc5-f8b4bc02e7d2,2026-07-16T03:00:00Z,2026-07-16T05:00:00+0200,438.15,MW,BE,BE,forecast_offshore_wind_generation,Wind Offshore,2026-07-19T10:59:34Z
2026-07-19T10:59:13Z,2026-07-19T12:59:13+0200,ba8778f4-3084-44eb-9cc5-f8b4bc02e7d2,2026-07-16T04:00:00Z,2026-07-16T06:00:00+0200,382.875,MW,BE,BE,forecast_offshore_wind_generation,Wind Offshore,2026-07-19T10:59:34Z
2026-07-19T10:59:13Z,2026-07-19T12:59:13+0200,ba8778f4-3084-44eb-9cc5-f8b4bc02e7d2,2026-07-16T05:00:00Z,2026-07-16T07:00:00+0200,335.35,MW,BE,BE,forecast_offshore_wind_generation,Wind Offshore,2026-07-19T10:59:34Z
2026-07-19T10:59:13Z,2026-07-19T12:59:13+0200,ba8778f4-3084-44eb-9cc5-f8b4bc02e7d2,2026-07-16T06:00:00Z,2026-07-16T08:00:00+0200,297.275,MW,BE,BE,forecast_offshore_wind_generation,Wind Offshore,2026-07-19T10:59:34Z
2026-07-19T10:59:13Z,2026-07-19T12:59:13+0200,ba8778f4-3084-44eb-9cc5-f8b4bc02e7d2,2026-07-16T07:00:00Z,2026-07-16T09:00:00+0200,280.275,MW,BE,BE,forecast_offshore_wind_generation,Wind Offshore,2026-07-19T10:59:34Z
2026-07-19T10:59:13Z,2026-07-19T12:59:13+0200,ba8778f4-3084-44eb-9cc5-f8b4bc02e7d2,2026-07-16T08:00:00Z,2026-07-16T10:00:00+0200,276.725,MW,BE,BE,forecast_offshore_wind_generation,Wind Offshore,2026-07-19T10:59:34Z
2026-07-19T10:59:13Z,2026-07-19T12:59:13+0200,ba8778f4-3084-44eb-9cc5-f8b4bc02e7d2,2026-07-16T09:00:00Z,2026-07-16T11:00:00+0200,278.925,MW,BE,BE,forecast_offshore_wind_generation,Wind Offshore,2026-07-19T10:59:34Z
2026-07-19T10:59:13Z,2026-07-19T12:59:13+0200,ba8778f4-3084-44eb-9cc5-f8b4bc02e7d2,2026-07-16T10:00:00Z,2026-07-16T12:00:00+0200,297.075,MW,BE,BE,forecast_offshore_wind_generation,Wind Offshore,2026-07-19T10:59:34Z
2026-07-19T10:59:13Z,2026-07-19T12:59:13+0200,ba8778f4-3084-44eb-9cc5-f8b4bc02e7d2,2026-07-16T11:00:00Z,2026-07-16T13:00:00+0200,341.175,MW,BE,BE,forecast_offshore_wind_generation,Wind Offshore,2026-07-19T10:59:34Z
2026-07-19T10:59:13Z,2026-07-19T12:59:13+0200,ba8778f4-3084-44eb-9cc5-f8b4bc02e7d2,2026-07-16T12:00:00Z,2026-07-16T14:00:00+0200,407.6,MW,BE,BE,forecast_offshore_wind_generation,Wind Offshore,2026-07-19T10:59:34Z
2026-07-19T10:59:13Z,2026-07-19T12:59:13+0200,ba8778f4-3084-44eb-9cc5-f8b4bc02e7d2,2026-07-16T13:00:00Z,2026-07-16T15:00:00+0200,475.1,MW,BE,BE,forecast_offshore_wind_generation,Wind Offshore,2026-07-19T10:59:34Z
2026-07-19T10:59:13Z,2026-07-19T12:59:13+0200,ba8778f4-3084-44eb-9cc5-f8b4bc02e7d2,2026-07-16T14:00:00Z,2026-07-16T16:00:00+0200,520.475,MW,BE,BE,forecast_offshore_wind_generation,Wind Offshore,2026-07-19T10:59:34Z
2026-07-19T10:59:13Z,2026-07-19T12:59:13+0200,ba8778f4-3084-44eb-9cc5-f8b4bc02e7d2,2026-07-16T15:00:00Z,2026-07-16T17:00:00+0200,528.85,MW,BE,BE,forecast_offshore_wind_generation,Wind Offshore,2026-07-19T10:59:34Z
2026-07-19T10:59:13Z,2026-07-19T12:59:13+0200,ba8778f4-3084-44eb-9cc5-f8b4bc02e7d2,2026-07-16T16:00:00Z,2026-07-16T18:00:00+0200,523.95,MW,BE,BE,forecast_offshore_wind_generation,Wind Offshore,2026-07-19T10:59:34Z
2026-07-19T10:59:13Z,2026-07-19T12:59:13+0200,ba8778f4-3084-44eb-9cc5-f8b4bc02e7d2,2026-07-16T17:00:00Z,2026-07-16T19:00:00+0200,542.625,MW,BE,BE,forecast_offshore_wind_generation,Wind Offshore,2026-07-19T10:59:34Z
2026-07-19T10:59:13Z,2026-07-19T12:59:13+0200,ba8778f4-3084-44eb-9cc5-f8b4bc02e7d2,2026-07-16T18:00:00Z,2026-07-16T20:00:00+0200,575.225,MW,BE,BE,forecast_offshore_wind_generation,Wind Offshore,2026-07-19T10:59:34Z
2026-07-19T10:59:13Z,2026-07-19T12:59:13+0200,ba8778f4-3084-44eb-9cc5-f8b4bc02e7d2,2026-07-16T19:00:00Z,2026-07-16T21:00:00+0200,591.7,MW,BE,BE,forecast_offshore_wind_generation,Wind Offshore,2026-07-19T10:59:34Z
2026-07-19T10:59:13Z,2026-07-19T12:59:13+0200,ba8778f4-3084-44eb-9cc5-f8b4bc02e7d2,2026-07-16T20:00:00Z,2026-07-16T22:00:00+0200,583.125,MW,BE,BE,forecast_offshore_wind_generation,Wind Offshore,2026-07-19T10:59:34Z
2026-07-19T10:59:13Z,2026-07-19T12:59:13+0200,ba8778f4-3084-44eb-9cc5-f8b4bc02e7d2,2026-07-16T21:00:00Z,2026-07-16T23:00:00+0200,560.525,MW,BE,BE,forecast_offshore_wind_generation,Wind Offshore,2026-07-19T10:59:34Z
2026-07-19T10:59:13Z,2026-07-19T12:59:13+0200,ba8778f4-3084-44eb-9cc5-f8b4bc02e7d2,2026-07-16T22:00:00Z,2026-07-17T00:00:00+0200,596.85,MW,BE,BE,forecast_offshore_wind_generation,Wind Offshore,2026-07-19T10:59:34Z
2026-07-19T10:59:13Z,2026-07-19T12:59:13+0200,ba8778f4-3084-44eb-9cc5-f8b4bc02e7d2,2026-07-16T23:00:00Z,2026-07-17T01:00:00+0200,505.1,MW,BE,BE,forecast_offshore_wind_generation,Wind Offshore,2026-07-19T10:59:34Z
2026-07-19T10:59:13Z,2026-07-19T12:59:13+0200,ba8778f4-3084-44eb-9cc5-f8b4bc02e7d2,2026-07-17T00:00:00Z,2026-07-17T02:00:00+0200,441.5,MW,BE,BE,forecast_offshore_wind_generation,Wind Offshore,2026-07-19T10:59:34Z
2026-07-19T10:59:13Z,2026-07-19T12:59:13+0200,ba8778f4-3084-44eb-9cc5-f8b4bc02e7d2,2026-07-17T01:00:00Z,2026-07-17T03:00:00+0200,398.275,MW,BE,BE,forecast_offshore_wind_generation,Wind Offshore,2026-07-19T10:59:34Z
2026-07-19T10:59:13Z,2026-07-19T12:59:13+0200,ba8778f4-3084-44eb-9cc5-f8b4bc02e7d2,2026-07-17T02:00:00Z,2026-07-17T04:00:00+0200,370.025,MW,BE,BE,forecast_offshore_wind_generation,Wind Offshore,2026-07-19T10:59:34Z
2026-07-19T10:59:13Z,2026-07-19T12:59:13+0200,ba8778f4-3084-44eb-9cc5-f8b4bc02e7d2,2026-07-17T03:00:00Z,2026-07-17T05:00:00+0200,351.225,MW,BE,BE,forecast_offshore_wind_generation,Wind Offshore,2026-07-19T10:59:34Z
2026-07-19T10:59:13Z,2026-07-19T12:59:13+0200,ba8778f4-3084-44eb-9cc5-f8b4bc02e7d2,2026-07-17T04:00:00Z,2026-07-17T06:00:00+0200,336.7,MW,BE,BE,forecast_offshore_wind_generation,Wind Offshore,2026-07-19T10:59:34Z
2026-07-19T10:59:13Z,2026-07-19T12:59:13+0200,ba8778f4-3084-44eb-9cc5-f8b4bc02e7d2,2026-07-17T05:00:00Z,2026-07-17T07:00:00+0200,323.3,MW,BE,BE,forecast_offshore_wind_generation,Wind Offshore,2026-07-19T10:59:34Z
2026-07-19T10:59:13Z,2026-07-19T12:59:13+0200,ba8778f4-3084-44eb-9cc5-f8b4bc02e7d2,2026-07-17T06:00:00Z,2026-07-17T08:00:00+0200,300.075,MW,BE,BE,forecast_offshore_wind_generation,Wind Offshore,2026-07-19T10:59:34Z
2026-07-19T10:59:13Z,2026-07-19T12:59:13+0200,ba8778f4-3084-44eb-9cc5-f8b4bc02e7d2,2026-07-17T07:00:00Z,2026-07-17T09:00:00+0200,272.95,MW,BE,BE,forecast_offshore_wind_generation,Wind Offshore,2026-07-19T10:59:34Z
2026-07-19T10:59:13Z,2026-07-19T12:59:13+0200,ba8778f4-3084-44eb-9cc5-f8b4bc02e7d2,2026-07-17T08:00:00Z,2026-07-17T10:00:00+0200,249.9,MW,BE,BE,forecast_offshore_wind_generation,Wind Offshore,2026-07-19T10:59:34Z
2026-07-19T10:59:13Z,2026-07-19T12:59:13+0200,ba8778f4-3084-44eb-9cc5-f8b4bc02e7d2,2026-07-17T09:00:00Z,2026-07-17T11:00:00+0200,232.125,MW,BE,BE,forecast_offshore_wind_generation,Wind Offshore,2026-07-19T10:59:34Z
2026-07-19T10:59:13Z,2026-07-19T12:59:13+0200,ba8778f4-3084-44eb-9cc5-f8b4bc02e7d2,2026-07-17T10:00:00Z,2026-07-17T12:00:00+0200,219.9,MW,BE,BE,forecast_offshore_wind_generation,Wind Offshore,2026-07-19T10:59:34Z
2026-07-19T10:59:13Z,2026-07-19T12:59:13+0200,ba8778f4-3084-44eb-9cc5-f8b4bc02e7d2,2026-07-17T11:00:00Z,2026-07-17T13:00:00+0200,212.225,MW,BE,BE,forecast_offshore_wind_generation,Wind Offshore,2026-07-19T10:59:34Z
2026-07-19T10:59:13Z,2026-07-19T12:59:13+0200,ba8778f4-3084-44eb-9cc5-f8b4bc02e7d2,2026-07-17T12:00:00Z,2026-07-17T14:00:00+0200,208.65,MW,BE,BE,forecast_offshore_wind_generation,Wind Offshore,2026-07-19T10:59:34Z
2026-07-19T10:59:13Z,2026-07-19T12:59:13+0200,ba8778f4-3084-44eb-9cc5-f8b4bc02e7d2,2026-07-17T13:00:00Z,2026-07-17T15:00:00+0200,208.975,MW,BE,BE,forecast_offshore_wind_generation,Wind Offshore,2026-07-19T10:59:34Z
2026-07-19T10:59:13Z,2026-07-19T12:59:13+0200,ba8778f4-3084-44eb-9cc5-f8b4bc02e7d2,2026-07-17T14:00:00Z,2026-07-17T16:00:00+0200,215.625,MW,BE,BE,forecast_offshore_wind_generation,Wind Offshore,2026-07-19T10:59:34Z
2026-07-19T10:59:13Z,2026-07-19T12:59:13+0200,ba8778f4-3084-44eb-9cc5-f8b4bc02e7d2,2026-07-17T15:00:00Z,2026-07-17T17:00:00+0200,230.9,MW,BE,BE,forecast_offshore_wind_generation,Wind Offshore,2026-07-19T10:59:34Z
2026-07-19T10:59:13Z,2026-07-19T12:59:13+0200,ba8778f4-3084-44eb-9cc5-f8b4bc02e7d2,2026-07-17T16:00:00Z,2026-07-17T18:00:00+0200,245.6,MW,BE,BE,forecast_offshore_wind_generation,Wind Offshore,2026-07-19T10:59:34Z
2026-07-19T10:59:13Z,2026-07-19T12:59:13+0200,ba8778f4-3084-44eb-9cc5-f8b4bc02e7d2,2026-07-17T17:00:00Z,2026-07-17T19:00:00+0200,246.85,MW,BE,BE,forecast_offshore_wind_generation,Wind Offshore,2026-07-19T10:59:34Z
2026-07-19T10:59:13Z,2026-07-19T12:59:13+0200,ba8778f4-3084-44eb-9cc5-f8b4bc02e7d2,2026-07-17T18:00:00Z,2026-07-17T20:00:00+0200,226.575,MW,BE,BE,forecast_offshore_wind_generation,Wind Offshore,2026-07-19T10:59:34Z
2026-07-19T10:59:13Z,2026-07-19T12:59:13+0200,ba8778f4-3084-44eb-9cc5-f8b4bc02e7d2,2026-07-17T19:00:00Z,2026-07-17T21:00:00+0200,191.575,MW,BE,BE,forecast_offshore_wind_generation,Wind Offshore,2026-07-19T10:59:34Z
2026-07-19T10:59:13Z,2026-07-19T12:59:13+0200,ba8778f4-3084-44eb-9cc5-f8b4bc02e7d2,2026-07-17T20:00:00Z,2026-07-17T22:00:00+0200,162.35,MW,BE,BE,forecast_offshore_wind_generation,Wind Offshore,2026-07-19T10:59:34Z
2026-07-19T10:59:13Z,2026-07-19T12:59:13+0200,ba8778f4-3084-44eb-9cc5-f8b4bc02e7d2,2026-07-17T21:00:00Z,2026-07-17T23:00:00+0200,156.325,MW,BE,BE,forecast_offshore_wind_generation,Wind Offshore,2026-07-19T10:59:34Z
2026-07-19T10:59:13Z,2026-07-19T12:59:13+0200,ba8778f4-3084-44eb-9cc5-f8b4bc02e7d2,2026-07-17T22:00:00Z,2026-07-18T00:00:00+0200,99.3,MW,BE,BE,forecast_offshore_wind_generation,Wind Offshore,2026-07-19T10:59:34Z
2026-07-19T10:59:13Z,2026-07-19T12:59:13+0200,ba8778f4-3084-44eb-9cc5-f8b4bc02e7d2,2026-07-17T23:00:00Z,2026-07-18T01:00:00+0200,116.45,MW,BE,BE,forecast_offshore_wind_generation,Wind Offshore,2026-07-19T10:59:34Z
2026-07-19T10:59:13Z,2026-07-19T12:59:13+0200,ba8778f4-3084-44eb-9cc5-f8b4bc02e7d2,2026-07-18T00:00:00Z,2026-07-18T02:00:00+0200,143.7,MW,BE,BE,forecast_offshore_wind_generation,Wind Offshore,2026-07-19T10:59:34Z
2026-07-19T10:59:13Z,2026-07-19T12:59:13+0200,ba8778f4-3084-44eb-9cc5-f8b4bc02e7d2,2026-07-18T01:00:00Z,2026-07-18T03:00:00+0200,170.7,MW,BE,BE,forecast_offshore_wind_generation,Wind Offshore,2026-07-19T10:59:34Z
2026-07-19T10:59:13Z,2026-07-19T12:59:13+0200,ba8778f4-3084-44eb-9cc5-f8b4bc02e7d2,2026-07-18T02:00:00Z,2026-07-18T04:00:00+0200,192.975,MW,BE,BE,forecast_offshore_wind_generation,Wind Offshore,2026-07-19T10:59:34Z
2026-07-19T10:59:13Z,2026-07-19T12:59:13+0200,ba8778f4-3084-44eb-9cc5-f8b4bc02e7d2,2026-07-18T03:00:00Z,2026-07-18T05:00:00+0200,213.125,MW,BE,BE,forecast_offshore_wind_generation,Wind Offshore,2026-07-19T10:59:34Z
2026-07-19T10:59:13Z,2026-07-19T12:59:13+0200,ba8778f4-3084-44eb-9cc5-f8b4bc02e7d2,2026-07-18T04:00:00Z,2026-07-18T06:00:00+0200,236.85,MW,BE,BE,forecast_offshore_wind_generation,Wind Offshore,2026-07-19T10:59:34Z
2026-07-19T10:59:13Z,2026-07-19T12:59:13+0200,ba8778f4-3084-44eb-9cc5-f8b4bc02e7d2,2026-07-18T05:00:00Z,2026-07-18T07:00:00+0200,250.075,MW,BE,BE,forecast_offshore_wind_generation,Wind Offshore,2026-07-19T10:59:34Z
2026-07-19T10:59:13Z,2026-07-19T12:59:13+0200,ba8778f4-3084-44eb-9cc5-f8b4bc02e7d2,2026-07-18T06:00:00Z,2026-07-18T08:00:00+0200,254.7,MW,BE,BE,forecast_offshore_wind_generation,Wind Offshore,2026-07-19T10:59:34Z
2026-07-19T10:59:13Z,2026-07-19T12:59:13+0200,ba8778f4-3084-44eb-9cc5-f8b4bc02e7d2,2026-07-18T07:00:00Z,2026-07-18T09:00:00+0200,271.625,MW,BE,BE,forecast_offshore_wind_generation,Wind Offshore,2026-07-19T10:59:34Z
2026-07-19T10:59:13Z,2026-07-19T12:59:13+0200,ba8778f4-3084-44eb-9cc5-f8b4bc02e7d2,2026-07-18T08:00:00Z,2026-07-18T10:00:00+0200,302.65,MW,BE,BE,forecast_offshore_wind_generation,Wind Offshore,2026-07-19T10:59:34Z
2026-07-19T10:59:13Z,2026-07-19T12:59:13+0200,ba8778f4-3084-44eb-9cc5-f8b4bc02e7d2,2026-07-18T09:00:00Z,2026-07-18T11:00:00+0200,336.55,MW,BE,BE,forecast_offshore_wind_generation,Wind Offshore,2026-07-19T10:59:34Z
2026-07-19T10:59:13Z,2026-07-19T12:59:13+0200,ba8778f4-3084-44eb-9cc5-f8b4bc02e7d2,2026-07-18T10:00:00Z,2026-07-18T12:00:00+0200,371.45,MW,BE,BE,forecast_offshore_wind_generation,Wind Offshore,2026-07-19T10:59:34Z
2026-07-19T10:59:13Z,2026-07-19T12:59:13+0200,ba8778f4-3084-44eb-9cc5-f8b4bc02e7d2,2026-07-18T11:00:00Z,2026-07-18T13:00:00+0200,408.2,MW,BE,BE,forecast_offshore_wind_generation,Wind Offshore,2026-07-19T10:59:34Z
2026-07-19T10:59:13Z,2026-07-19T12:59:13+0200,ba8778f4-3084-44eb-9cc5-f8b4bc02e7d2,2026-07-18T12:00:00Z,2026-07-18T14:00:00+0200,455.55,MW,BE,BE,forecast_offshore_wind_generation,Wind Offshore,2026-07-19T10:59:34Z
2026-07-19T10:59:13Z,2026-07-19T12:59:13+0200,ba8778f4-3084-44eb-9cc5-f8b4bc02e7d2,2026-07-18T13:00:00Z,2026-07-18T15:00:00+0200,529.6,MW,BE,BE,forecast_offshore_wind_generation,Wind Offshore,2026-07-19T10:59:34Z
2026-07-19T10:59:13Z,2026-07-19T12:59:13+0200,ba8778f4-3084-44eb-9cc5-f8b4bc02e7d2,2026-07-18T14:00:00Z,2026-07-18T16:00:00+0200,625.25,MW,BE,BE,forecast_offshore_wind_generation,Wind Offshore,2026-07-19T10:59:34Z
2026-07-19T10:59:13Z,2026-07-19T12:59:13+0200,ba8778f4-3084-44eb-9cc5-f8b4bc02e7d2,2026-07-18T15:00:00Z,2026-07-18T17:00:00+0200,743.0,MW,BE,BE,forecast_offshore_wind_generation,Wind Offshore,2026-07-19T10:59:34Z
2026-07-19T10:59:13Z,2026-07-19T12:59:13+0200,ba8778f4-3084-44eb-9cc5-f8b4bc02e7d2,2026-07-18T16:00:00Z,2026-07-18T18:00:00+0200,863.775,MW,BE,BE,forecast_offshore_wind_generation,Wind Offshore,2026-07-19T10:59:34Z
2026-07-19T10:59:13Z,2026-07-19T12:59:13+0200,ba8778f4-3084-44eb-9cc5-f8b4bc02e7d2,2026-07-18T17:00:00Z,2026-07-18T19:00:00+0200,943.0,MW,BE,BE,forecast_offshore_wind_generation,Wind Offshore,2026-07-19T10:59:34Z
2026-07-19T10:59:13Z,2026-07-19T12:59:13+0200,ba8778f4-3084-44eb-9cc5-f8b4bc02e7d2,2026-07-18T18:00:00Z,2026-07-18T20:00:00+0200,974.025,MW,BE,BE,forecast_offshore_wind_generation,Wind Offshore,2026-07-19T10:59:34Z
2026-07-19T10:59:13Z,2026-07-19T12:59:13+0200,ba8778f4-3084-44eb-9cc5-f8b4bc02e7d2,2026-07-18T19:00:00Z,2026-07-18T21:00:00+0200,957.825,MW,BE,BE,forecast_offshore_wind_generation,Wind Offshore,2026-07-19T10:59:34Z
2026-07-19T10:59:13Z,2026-07-19T12:59:13+0200,ba8778f4-3084-44eb-9cc5-f8b4bc02e7d2,2026-07-18T20:00:00Z,2026-07-18T22:00:00+0200,906.925,MW,BE,BE,forecast_offshore_wind_generation,Wind Offshore,2026-07-19T10:59:34Z
2026-07-19T10:59:13Z,2026-07-19T12:59:13+0200,ba8778f4-3084-44eb-9cc5-f8b4bc02e7d2,2026-07-18T21:00:00Z,2026-07-18T23:00:00+0200,845.475,MW,BE,BE,forecast_offshore_wind_generation,Wind Offshore,2026-07-19T10:59:34Z
2026-07-19T10:59:13Z,2026-07-19T12:59:13+0200,ba8778f4-3084-44eb-9cc5-f8b4bc02e7d2,2026-07-18T22:00:00Z,2026-07-19T00:00:00+0200,673.9,MW,BE,BE,forecast_offshore_wind_generation,Wind Offshore,2026-07-19T10:59:34Z
2026-07-19T10:59:13Z,2026-07-19T12:59:13+0200,ba8778f4-3084-44eb-9cc5-f8b4bc02e7d2,2026-07-18T23:00:00Z,2026-07-19T01:00:00+0200,659.5,MW,BE,BE,forecast_offshore_wind_generation,Wind Offshore,2026-07-19T10:59:34Z
2026-07-19T10:59:13Z,2026-07-19T12:59:13+0200,ba8778f4-3084-44eb-9cc5-f8b4bc02e7d2,2026-07-19T00:00:00Z,2026-07-19T02:00:00+0200,678.875,MW,BE,BE,forecast_offshore_wind_generation,Wind Offshore,2026-07-19T10:59:34Z
2026-07-19T10:59:13Z,2026-07-19T12:59:13+0200,ba8778f4-3084-44eb-9cc5-f8b4bc02e7d2,2026-07-19T01:00:00Z,2026-07-19T03:00:00+0200,723.25,MW,BE,BE,forecast_offshore_wind_generation,Wind Offshore,2026-07-19T10:59:34Z
2026-07-19T10:59:13Z,2026-07-19T12:59:13+0200,ba8778f4-3084-44eb-9cc5-f8b4bc02e7d2,2026-07-19T02:00:00Z,2026-07-19T04:00:00+0200,763.475,MW,BE,BE,forecast_offshore_wind_generation,Wind Offshore,2026-07-19T10:59:34Z
2026-07-19T10:59:13Z,2026-07-19T12:59:13+0200,ba8778f4-3084-44eb-9cc5-f8b4bc02e7d2,2026-07-19T03:00:00Z,2026-07-19T05:00:00+0200,777.85,MW,BE,BE,forecast_offshore_wind_generation,Wind Offshore,2026-07-19T10:59:34Z
2026-07-19T10:59:13Z,2026-07-19T12:59:13+0200,ba8778f4-3084-44eb-9cc5-f8b4bc02e7d2,2026-07-19T04:00:00Z,2026-07-19T06:00:00+0200,767.825,MW,BE,BE,forecast_offshore_wind_generation,Wind Offshore,2026-07-19T10:59:34Z
2026-07-19T10:59:13Z,2026-07-19T12:59:13+0200,ba8778f4-3084-44eb-9cc5-f8b4bc02e7d2,2026-07-19T05:00:00Z,2026-07-19T07:00:00+0200,727.5,MW,BE,BE,forecast_offshore_wind_generation,Wind Offshore,2026-07-19T10:59:34Z
2026-07-19T10:59:13Z,2026-07-19T12:59:13+0200,ba8778f4-3084-44eb-9cc5-f8b4bc02e7d2,2026-07-19T06:00:00Z,2026-07-19T08:00:00+0200,667.85,MW,BE,BE,forecast_offshore_wind_generation,Wind Offshore,2026-07-19T10:59:34Z
2026-07-19T10:59:13Z,2026-07-19T12:59:13+0200,ba8778f4-3084-44eb-9cc5-f8b4bc02e7d2,2026-07-19T07:00:00Z,2026-07-19T09:00:00+0200,624.325,MW,BE,BE,forecast_offshore_wind_generation,Wind Offshore,2026-07-19T10:59:34Z
2026-07-19T10:59:13Z,2026-07-19T12:59:13+0200,ba8778f4-3084-44eb-9cc5-f8b4bc02e7d2,2026-07-19T08:00:00Z,2026-07-19T10:00:00+0200,580.225,MW,BE,BE,forecast_offshore_wind_generation,Wind Offshore,2026-07-19T10:59:34Z
2026-07-19T10:59:13Z,2026-07-19T12:59:13+0200,ba8778f4-3084-44eb-9cc5-f8b4bc02e7d2,2026-07-19T09:00:00Z,2026-07-19T11:00:00+0200,534.725,MW,BE,BE,forecast_offshore_wind_generation,Wind Offshore,2026-07-19T10:59:34Z
2026-07-19T10:59:13Z,2026-07-19T12:59:13+0200,ba8778f4-3084-44eb-9cc5-f8b4bc02e7d2,2026-07-19T10:00:00Z,2026-07-19T12:00:00+0200,501.375,MW,BE,BE,forecast_offshore_wind_generation,Wind Offshore,2026-07-19T10:59:34Z
