collection_time_utc,collection_time_local,run_id,timestamp_utc,timestamp_local,value,unit,country,entsoe_area,variable,source,updated_at_utc
2026-09-11T02:16:40Z,2026-09-11T04:16:40+0200,87e6ba88-e4e0-4fda-9f0f-3a91adc2b4b5,2026-09-04T02:30:00Z,2026-09-04T04:30:00+0200,3.01679,MW,DK1,DK_1,actual_solar_generation,Solar,2026-09-11T02:17:23Z
2026-09-11T02:16:40Z,2026-09-11T04:16:40+0200,87e6ba88-e4e0-4fda-9f0f-3a91adc2b4b5,2026-09-04T02:45:00Z,2026-09-04T04:45:00+0200,3.61121,MW,DK1,DK_1,actual_solar_generation,Solar,2026-09-11T02:17:23Z
2026-09-11T02:16:40Z,2026-09-11T04:16:40+0200,87e6ba88-e4e0-4fda-9f0f-3a91adc2b4b5,2026-09-04T03:00:00Z,2026-09-04T05:00:00+0200,3.58698,MW,DK1,DK_1,actual_solar_generation,Solar,2026-09-11T02:17:23Z
2026-09-11T02:16:40Z,2026-09-11T04:16:40+0200,87e6ba88-e4e0-4fda-9f0f-3a91adc2b4b5,2026-09-04T03:15:00Z,2026-09-04T05:15:00+0200,6.31194,MW,DK1,DK_1,actual_solar_generation,Solar,2026-09-11T02:17:23Z
2026-09-11T02:16:40Z,2026-09-11T04:16:40+0200,87e6ba88-e4e0-4fda-9f0f-3a91adc2b4b5,2026-09-04T03:30:00Z,2026-09-04T05:30:00+0200,3.29957,MW,DK1,DK_1,actual_solar_generation,Solar,2026-09-11T02:17:23Z
2026-09-11T02:16:40Z,2026-09-11T04:16:40+0200,87e6ba88-e4e0-4fda-9f0f-3a91adc2b4b5,2026-09-04T03:45:00Z,2026-09-04T05:45:00+0200,18.0452,MW,DK1,DK_1,actual_solar_generation,Solar,2026-09-11T02:17:23Z
2026-09-11T02:16:40Z,2026-09-11T04:16:40+0200,87e6ba88-e4e0-4fda-9f0f-3a91adc2b4b5,2026-09-04T04:00:00Z,2026-09-04T06:00:00+0200,3.77658,MW,DK1,DK_1,actual_solar_generation,Solar,2026-09-11T02:17:23Z
2026-09-11T02:16:40Z,2026-09-11T04:16:40+0200,87e6ba88-e4e0-4fda-9f0f-3a91adc2b4b5,2026-09-04T04:15:00Z,2026-09-04T06:15:00+0200,5.92655,MW,DK1,DK_1,actual_solar_generation,Solar,2026-09-11T02:17:23Z
2026-09-11T02:16:40Z,2026-09-11T04:16:40+0200,87e6ba88-e4e0-4fda-9f0f-3a91adc2b4b5,2026-09-04T04:30:00Z,2026-09-04T06:30:00+0200,8.19965,MW,DK1,DK_1,actual_solar_generation,Solar,2026-09-11T02:17:23Z
2026-09-11T02:16:40Z,2026-09-11T04:16:40+0200,87e6ba88-e4e0-4fda-9f0f-3a91adc2b4b5,2026-09-04T04:45:00Z,2026-09-04T06:45:00+0200,15.5586,MW,DK1,DK_1,actual_solar_generation,Solar,2026-09-11T02:17:23Z
2026-09-11T02:16:40Z,2026-09-11T04:16:40+0200,87e6ba88-e4e0-4fda-9f0f-3a91adc2b4b5,2026-09-04T05:00:00Z,2026-09-04T07:00:00+0200,49.515,MW,DK1,DK_1,actual_solar_generation,Solar,2026-09-11T02:17:23Z
2026-09-11T02:16:40Z,2026-09-11T04:16:40+0200,87e6ba88-e4e0-4fda-9f0f-3a91adc2b4b5,2026-09-04T05:15:00Z,2026-09-04T07:15:00+0200,70.6596,MW,DK1,DK_1,actual_solar_generation,Solar,2026-09-11T02:17:23Z
2026-09-11T02:16:40Z,2026-09-11T04:16:40+0200,87e6ba88-e4e0-4fda-9f0f-3a91adc2b4b5,2026-09-04T05:30:00Z,2026-09-04T07:30:00+0200,98.9869,MW,DK1,DK_1,actual_solar_generation,Solar,2026-09-11T02:17:23Z
2026-09-11T02:16:40Z,2026-09-11T04:16:40+0200,87e6ba88-e4e0-4fda-9f0f-3a91adc2b4b5,2026-09-04T05:45:00Z,2026-09-04T07:45:00+0200,123.074,MW,DK1,DK_1,actual_solar_generation,Solar,2026-09-11T02:17:23Z
2026-09-11T02:16:40Z,2026-09-11T04:16:40+0200,87e6ba88-e4e0-4fda-9f0f-3a91adc2b4b5,2026-09-04T06:00:00Z,2026-09-04T08:00:00+0200,169.594,MW,DK1,DK_1,actual_solar_generation,Solar,2026-09-11T02:17:23Z
2026-09-11T02:16:40Z,2026-09-11T04:16:40+0200,87e6ba88-e4e0-4fda-9f0f-3a91adc2b4b5,2026-09-04T06:15:00Z,2026-09-04T08:15:00+0200,204.36,MW,DK1,DK_1,actual_solar_generation,Solar,2026-09-11T02:17:23Z
2026-09-11T02:16:40Z,2026-09-11T04:16:40+0200,87e6ba88-e4e0-4fda-9f0f-3a91adc2b4b5,2026-09-04T06:30:00Z,2026-09-04T08:30:00+0200,257.841,MW,DK1,DK_1,actual_solar_generation,Solar,2026-09-11T02:17:23Z
2026-09-11T02:16:40Z,2026-09-11T04:16:40+0200,87e6ba88-e4e0-4fda-9f0f-3a91adc2b4b5,2026-09-04T06:45:00Z,2026-09-04T08:45:00+0200,261.087,MW,DK1,DK_1,actual_solar_generation,Solar,2026-09-11T02:17:23Z
2026-09-11T02:16:40Z,2026-09-11T04:16:40+0200,87e6ba88-e4e0-4fda-9f0f-3a91adc2b4b5,2026-09-04T07:00:00Z,2026-09-04T09:00:00+0200,327.717,MW,DK1,DK_1,actual_solar_generation,Solar,2026-09-11T02:17:23Z
2026-09-11T02:16:40Z,2026-09-11T04:16:40+0200,87e6ba88-e4e0-4fda-9f0f-3a91adc2b4b5,2026-09-04T07:15:00Z,2026-09-04T09:15:00+0200,336.835,MW,DK1,DK_1,actual_solar_generation,Solar,2026-09-11T02:17:23Z
2026-09-11T02:16:40Z,2026-09-11T04:16:40+0200,87e6ba88-e4e0-4fda-9f0f-3a91adc2b4b5,2026-09-04T07:30:00Z,2026-09-04T09:30:00+0200,338.001,MW,DK1,DK_1,actual_solar_generation,Solar,2026-09-11T02:17:23Z
2026-09-11T02:16:40Z,2026-09-11T04:16:40+0200,87e6ba88-e4e0-4fda-9f0f-3a91adc2b4b5,2026-09-04T07:45:00Z,2026-09-04T09:45:00+0200,364.445,MW,DK1,DK_1,actual_solar_generation,Solar,2026-09-11T02:17:23Z
2026-09-11T02:16:40Z,2026-09-11T04:16:40+0200,87e6ba88-e4e0-4fda-9f0f-3a91adc2b4b5,2026-09-04T08:00:00Z,2026-09-04T10:00:00+0200,420.215,MW,DK1,DK_1,actual_solar_generation,Solar,2026-09-11T02:17:23Z
2026-09-11T02:16:40Z,2026-09-11T04:16:40+0200,87e6ba88-e4e0-4fda-9f0f-3a91adc2b4b5,2026-09-04T08:15:00Z,2026-09-04T10:15:00+0200,383.509,MW,DK1,DK_1,actual_solar_generation,Solar,2026-09-11T02:17:23Z
2026-09-11T02:16:40Z,2026-09-11T04:16:40+0200,87e6ba88-e4e0-4fda-9f0f-3a91adc2b4b5,2026-09-04T08:30:00Z,2026-09-04T10:30:00+0200,372.85,MW,DK1,DK_1,actual_solar_generation,Solar,2026-09-11T02:17:23Z
2026-09-11T02:16:40Z,2026-09-11T04:16:40+0200,87e6ba88-e4e0-4fda-9f0f-3a91adc2b4b5,2026-09-04T08:45:00Z,2026-09-04T10:45:00+0200,361.946,MW,DK1,DK_1,actual_solar_generation,Solar,2026-09-11T02:17:23Z
2026-09-11T02:16:40Z,2026-09-11T04:16:40+0200,87e6ba88-e4e0-4fda-9f0f-3a91adc2b4b5,2026-09-04T09:00:00Z,2026-09-04T11:00:00+0200,294.405,MW,DK1,DK_1,actual_solar_generation,Solar,2026-09-11T02:17:23Z
2026-09-11T02:16:40Z,2026-09-11T04:16:40+0200,87e6ba88-e4e0-4fda-9f0f-3a91adc2b4b5,2026-09-04T09:15:00Z,2026-09-04T11:15:00+0200,272.442,MW,DK1,DK_1,actual_solar_generation,Solar,2026-09-11T02:17:23Z
2026-09-11T02:16:40Z,2026-09-11T04:16:40+0200,87e6ba88-e4e0-4fda-9f0f-3a91adc2b4b5,2026-09-04T09:30:00Z,2026-09-04T11:30:00+0200,287.93,MW,DK1,DK_1,actual_solar_generation,Solar,2026-09-11T02:17:23Z
2026-09-11T02:16:40Z,2026-09-11T04:16:40+0200,87e6ba88-e4e0-4fda-9f0f-3a91adc2b4b5,2026-09-04T09:45:00Z,2026-09-04T11:45:00+0200,299.433,MW,DK1,DK_1,actual_solar_generation,Solar,2026-09-11T02:17:23Z
2026-09-11T02:16:40Z,2026-09-11T04:16:40+0200,87e6ba88-e4e0-4fda-9f0f-3a91adc2b4b5,2026-09-04T10:00:00Z,2026-09-04T12:00:00+0200,328.032,MW,DK1,DK_1,actual_solar_generation,Solar,2026-09-11T02:17:23Z
2026-09-11T02:16:40Z,2026-09-11T04:16:40+0200,87e6ba88-e4e0-4fda-9f0f-3a91adc2b4b5,2026-09-04T10:15:00Z,2026-09-04T12:15:00+0200,360.28,MW,DK1,DK_1,actual_solar_generation,Solar,2026-09-11T02:17:23Z
2026-09-11T02:16:40Z,2026-09-11T04:16:40+0200,87e6ba88-e4e0-4fda-9f0f-3a91adc2b4b5,2026-09-04T10:30:00Z,2026-09-04T12:30:00+0200,413.545,MW,DK1,DK_1,actual_solar_generation,Solar,2026-09-11T02:17:23Z
2026-09-11T02:16:40Z,2026-09-11T04:16:40+0200,87e6ba88-e4e0-4fda-9f0f-3a91adc2b4b5,2026-09-04T10:45:00Z,2026-09-04T12:45:00+0200,534.85,MW,DK1,DK_1,actual_solar_generation,Solar,2026-09-11T02:17:23Z
2026-09-11T02:16:40Z,2026-09-11T04:16:40+0200,87e6ba88-e4e0-4fda-9f0f-3a91adc2b4b5,2026-09-04T11:00:00Z,2026-09-04T13:00:00+0200,512.613,MW,DK1,DK_1,actual_solar_generation,Solar,2026-09-11T02:17:23Z
2026-09-11T02:16:40Z,2026-09-11T04:16:40+0200,87e6ba88-e4e0-4fda-9f0f-3a91adc2b4b5,2026-09-04T11:15:00Z,2026-09-04T13:15:00+0200,688.123,MW,DK1,DK_1,actual_solar_generation,Solar,2026-09-11T02:17:23Z
2026-09-11T02:16:40Z,2026-09-11T04:16:40+0200,87e6ba88-e4e0-4fda-9f0f-3a91adc2b4b5,2026-09-04T11:30:00Z,2026-09-04T13:30:00+0200,772.167,MW,DK1,DK_1,actual_solar_generation,Solar,2026-09-11T02:17:23Z
2026-09-11T02:16:40Z,2026-09-11T04:16:40+0200,87e6ba88-e4e0-4fda-9f0f-3a91adc2b4b5,2026-09-04T11:45:00Z,2026-09-04T13:45:00+0200,801.222,MW,DK1,DK_1,actual_solar_generation,Solar,2026-09-11T02:17:23Z
2026-09-11T02:16:40Z,2026-09-11T04:16:40+0200,87e6ba88-e4e0-4fda-9f0f-3a91adc2b4b5,2026-09-04T12:00:00Z,2026-09-04T14:00:00+0200,1006.91,MW,DK1,DK_1,actual_solar_generation,Solar,2026-09-11T02:17:23Z
2026-09-11T02:16:40Z,2026-09-11T04:16:40+0200,87e6ba88-e4e0-4fda-9f0f-3a91adc2b4b5,2026-09-04T12:15:00Z,2026-09-04T14:15:00+0200,1108.85,MW,DK1,DK_1,actual_solar_generation,Solar,2026-09-11T02:17:23Z
2026-09-11T02:16:40Z,2026-09-11T04:16:40+0200,87e6ba88-e4e0-4fda-9f0f-3a91adc2b4b5,2026-09-04T12:30:00Z,2026-09-04T14:30:00+0200,1058.17,MW,DK1,DK_1,actual_solar_generation,Solar,2026-09-11T02:17:23Z
2026-09-11T02:16:40Z,2026-09-11T04:16:40+0200,87e6ba88-e4e0-4fda-9f0f-3a91adc2b4b5,2026-09-04T12:45:00Z,2026-09-04T14:45:00+0200,1161.62,MW,DK1,DK_1,actual_solar_generation,Solar,2026-09-11T02:17:23Z
2026-09-11T02:16:40Z,2026-09-11T04:16:40+0200,87e6ba88-e4e0-4fda-9f0f-3a91adc2b4b5,2026-09-04T13:00:00Z,2026-09-04T15:00:00+0200,1042.28,MW,DK1,DK_1,actual_solar_generation,Solar,2026-09-11T02:17:23Z
2026-09-11T02:16:40Z,2026-09-11T04:16:40+0200,87e6ba88-e4e0-4fda-9f0f-3a91adc2b4b5,2026-09-04T13:15:00Z,2026-09-04T15:15:00+0200,1058.75,MW,DK1,DK_1,actual_solar_generation,Solar,2026-09-11T02:17:23Z
2026-09-11T02:16:40Z,2026-09-11T04:16:40+0200,87e6ba88-e4e0-4fda-9f0f-3a91adc2b4b5,2026-09-04T13:30:00Z,2026-09-04T15:30:00+0200,1015.44,MW,DK1,DK_1,actual_solar_generation,Solar,2026-09-11T02:17:23Z
2026-09-11T02:16:40Z,2026-09-11T04:16:40+0200,87e6ba88-e4e0-4fda-9f0f-3a91adc2b4b5,2026-09-04T13:45:00Z,2026-09-04T15:45:00+0200,859.682,MW,DK1,DK_1,actual_solar_generation,Solar,2026-09-11T02:17:23Z
2026-09-11T02:16:40Z,2026-09-11T04:16:40+0200,87e6ba88-e4e0-4fda-9f0f-3a91adc2b4b5,2026-09-04T14:00:00Z,2026-09-04T16:00:00+0200,667.474,MW,DK1,DK_1,actual_solar_generation,Solar,2026-09-11T02:17:23Z
2026-09-11T02:16:40Z,2026-09-11T04:16:40+0200,87e6ba88-e4e0-4fda-9f0f-3a91adc2b4b5,2026-09-04T14:15:00Z,2026-09-04T16:15:00+0200,593.924,MW,DK1,DK_1,actual_solar_generation,Solar,2026-09-11T02:17:23Z
2026-09-11T02:16:40Z,2026-09-11T04:16:40+0200,87e6ba88-e4e0-4fda-9f0f-3a91adc2b4b5,2026-09-04T14:30:00Z,2026-09-04T16:30:00+0200,519.283,MW,DK1,DK_1,actual_solar_generation,Solar,2026-09-11T02:17:23Z
2026-09-11T02:16:40Z,2026-09-11T04:16:40+0200,87e6ba88-e4e0-4fda-9f0f-3a91adc2b4b5,2026-09-04T14:45:00Z,2026-09-04T16:45:00+0200,521.024,MW,DK1,DK_1,actual_solar_generation,Solar,2026-09-11T02:17:23Z
2026-09-11T02:16:40Z,2026-09-11T04:16:40+0200,87e6ba88-e4e0-4fda-9f0f-3a91adc2b4b5,2026-09-04T15:00:00Z,2026-09-04T17:00:00+0200,496.91,MW,DK1,DK_1,actual_solar_generation,Solar,2026-09-11T02:17:23Z
2026-09-11T02:16:40Z,2026-09-11T04:16:40+0200,87e6ba88-e4e0-4fda-9f0f-3a91adc2b4b5,2026-09-04T15:15:00Z,2026-09-04T17:15:00+0200,451.846,MW,DK1,DK_1,actual_solar_generation,Solar,2026-09-11T02:17:23Z
2026-09-11T02:16:40Z,2026-09-11T04:16:40+0200,87e6ba88-e4e0-4fda-9f0f-3a91adc2b4b5,2026-09-04T15:30:00Z,2026-09-04T17:30:00+0200,352.329,MW,DK1,DK_1,actual_solar_generation,Solar,2026-09-11T02:17:23Z
2026-09-11T02:16:40Z,2026-09-11T04:16:40+0200,87e6ba88-e4e0-4fda-9f0f-3a91adc2b4b5,2026-09-04T15:45:00Z,2026-09-04T17:45:00+0200,362.921,MW,DK1,DK_1,actual_solar_generation,Solar,2026-09-11T02:17:23Z
2026-09-11T02:16:40Z,2026-09-11T04:16:40+0200,87e6ba88-e4e0-4fda-9f0f-3a91adc2b4b5,2026-09-04T16:00:00Z,2026-09-04T18:00:00+0200,433.392,MW,DK1,DK_1,actual_solar_generation,Solar,2026-09-11T02:17:23Z
2026-09-11T02:16:40Z,2026-09-11T04:16:40+0200,87e6ba88-e4e0-4fda-9f0f-3a91adc2b4b5,2026-09-04T16:15:00Z,2026-09-04T18:15:00+0200,446.206,MW,DK1,DK_1,actual_solar_generation,Solar,2026-09-11T02:17:23Z
2026-09-11T02:16:40Z,2026-09-11T04:16:40+0200,87e6ba88-e4e0-4fda-9f0f-3a91adc2b4b5,2026-09-04T16:30:00Z,2026-09-04T18:30:00+0200,376.755,MW,DK1,DK_1,actual_solar_generation,Solar,2026-09-11T02:17:23Z
2026-09-11T02:16:40Z,2026-09-11T04:16:40+0200,87e6ba88-e4e0-4fda-9f0f-3a91adc2b4b5,2026-09-04T16:45:00Z,2026-09-04T18:45:00+0200,302.05,MW,DK1,DK_1,actual_solar_generation,Solar,2026-09-11T02:17:23Z
2026-09-11T02:16:40Z,2026-09-11T04:16:40+0200,87e6ba88-e4e0-4fda-9f0f-3a91adc2b4b5,2026-09-04T17:00:00Z,2026-09-04T19:00:00+0200,282.695,MW,DK1,DK_1,actual_solar_generation,Solar,2026-09-11T02:17:23Z
2026-09-11T02:16:40Z,2026-09-11T04:16:40+0200,87e6ba88-e4e0-4fda-9f0f-3a91adc2b4b5,2026-09-04T17:15:00Z,2026-09-04T19:15:00+0200,203.85,MW,DK1,DK_1,actual_solar_generation,Solar,2026-09-11T02:17:23Z
2026-09-11T02:16:40Z,2026-09-11T04:16:40+0200,87e6ba88-e4e0-4fda-9f0f-3a91adc2b4b5,2026-09-04T17:30:00Z,2026-09-04T19:30:00+0200,148.647,MW,DK1,DK_1,actual_solar_generation,Solar,2026-09-11T02:17:23Z
2026-09-11T02:16:40Z,2026-09-11T04:16:40+0200,87e6ba88-e4e0-4fda-9f0f-3a91adc2b4b5,2026-09-04T17:45:00Z,2026-09-04T19:45:00+0200,122.54,MW,DK1,DK_1,actual_solar_generation,Solar,2026-09-11T02:17:23Z
2026-09-11T02:16:40Z,2026-09-11T04:16:40+0200,87e6ba88-e4e0-4fda-9f0f-3a91adc2b4b5,2026-09-04T18:00:00Z,2026-09-04T20:00:00+0200,104.275,MW,DK1,DK_1,actual_solar_generation,Solar,2026-09-11T02:17:23Z
2026-09-11T02:16:40Z,2026-09-11T04:16:40+0200,87e6ba88-e4e0-4fda-9f0f-3a91adc2b4b5,2026-09-04T18:15:00Z,2026-09-04T20:15:00+0200,95.4495,MW,DK1,DK_1,actual_solar_generation,Solar,2026-09-11T02:17:23Z
2026-09-11T02:16:40Z,2026-09-11T04:16:40+0200,87e6ba88-e4e0-4fda-9f0f-3a91adc2b4b5,2026-09-04T18:30:00Z,2026-09-04T20:30:00+0200,93.798,MW,DK1,DK_1,actual_solar_generation,Solar,2026-09-11T02:17:23Z
2026-09-11T02:16:40Z,2026-09-11T04:16:40+0200,87e6ba88-e4e0-4fda-9f0f-3a91adc2b4b5,2026-09-04T18:45:00Z,2026-09-04T20:45:00+0200,89.6418,MW,DK1,DK_1,actual_solar_generation,Solar,2026-09-11T02:17:23Z
2026-09-11T02:16:40Z,2026-09-11T04:16:40+0200,87e6ba88-e4e0-4fda-9f0f-3a91adc2b4b5,2026-09-04T19:00:00Z,2026-09-04T21:00:00+0200,49.6785,MW,DK1,DK_1,actual_solar_generation,Solar,2026-09-11T02:17:23Z
2026-09-11T02:16:40Z,2026-09-11T04:16:40+0200,87e6ba88-e4e0-4fda-9f0f-3a91adc2b4b5,2026-09-04T19:15:00Z,2026-09-04T21:15:00+0200,35.3409,MW,DK1,DK_1,actual_solar_generation,Solar,2026-09-11T02:17:23Z
2026-09-11T02:16:40Z,2026-09-11T04:16:40+0200,87e6ba88-e4e0-4fda-9f0f-3a91adc2b4b5,2026-09-04T19:30:00Z,2026-09-04T21:30:00+0200,18.8864,MW,DK1,DK_1,actual_solar_generation,Solar,2026-09-11T02:17:23Z
2026-09-11T02:16:40Z,2026-09-11T04:16:40+0200,87e6ba88-e4e0-4fda-9f0f-3a91adc2b4b5,2026-09-04T19:45:00Z,2026-09-04T21:45:00+0200,15.9612,MW,DK1,DK_1,actual_solar_generation,Solar,2026-09-11T02:17:23Z
2026-09-11T02:16:40Z,2026-09-11T04:16:40+0200,87e6ba88-e4e0-4fda-9f0f-3a91adc2b4b5,2026-09-04T20:00:00Z,2026-09-04T22:00:00+0200,8.52631,MW,DK1,DK_1,actual_solar_generation,Solar,2026-09-11T02:17:23Z
2026-09-11T02:16:40Z,2026-09-11T04:16:40+0200,87e6ba88-e4e0-4fda-9f0f-3a91adc2b4b5,2026-09-04T20:15:00Z,2026-09-04T22:15:00+0200,7.89407,MW,DK1,DK_1,actual_solar_generation,Solar,2026-09-11T02:17:23Z
2026-09-11T02:16:40Z,2026-09-11T04:16:40+0200,87e6ba88-e4e0-4fda-9f0f-3a91adc2b4b5,2026-09-04T20:30:00Z,2026-09-04T22:30:00+0200,7.78599,MW,DK1,DK_1,actual_solar_generation,Solar,2026-09-11T02:17:23Z
2026-09-11T02:16:40Z,2026-09-11T04:16:40+0200,87e6ba88-e4e0-4fda-9f0f-3a91adc2b4b5,2026-09-04T20:45:00Z,2026-09-04T22:45:00+0200,8.348,MW,DK1,DK_1,actual_solar_generation,Solar,2026-09-11T02:17:23Z
2026-09-11T02:16:40Z,2026-09-11T04:16:40+0200,87e6ba88-e4e0-4fda-9f0f-3a91adc2b4b5,2026-09-04T21:00:00Z,2026-09-04T23:00:00+0200,9.53494,MW,DK1,DK_1,actual_solar_generation,Solar,2026-09-11T02:17:23Z
2026-09-11T02:16:40Z,2026-09-11T04:16:40+0200,87e6ba88-e4e0-4fda-9f0f-3a91adc2b4b5,2026-09-04T21:15:00Z,2026-09-04T23:15:00+0200,10.5179,MW,DK1,DK_1,actual_solar_generation,Solar,2026-09-11T02:17:23Z
2026-09-11T02:16:40Z,2026-09-11T04:16:40+0200,87e6ba88-e4e0-4fda-9f0f-3a91adc2b4b5,2026-09-04T21:30:00Z,2026-09-04T23:30:00+0200,11.0233,MW,DK1,DK_1,actual_solar_generation,Solar,2026-09-11T02:17:23Z
2026-09-11T02:16:40Z,2026-09-11T04:16:40+0200,87e6ba88-e4e0-4fda-9f0f-3a91adc2b4b5,2026-09-04T21:45:00Z,2026-09-04T23:45:00+0200,10.7977,MW,DK1,DK_1,actual_solar_generation,Solar,2026-09-11T02:17:23Z
2026-09-11T02:16:40Z,2026-09-11T04:16:40+0200,87e6ba88-e4e0-4fda-9f0f-3a91adc2b4b5,2026-09-04T22:00:00Z,2026-09-05T00:00:00+0200,8.51722,MW,DK1,DK_1,actual_solar_generation,Solar,2026-09-11T02:17:23Z
2026-09-11T02:16:40Z,2026-09-11T04:16:40+0200,87e6ba88-e4e0-4fda-9f0f-3a91adc2b4b5,2026-09-04T22:15:00Z,2026-09-05T00:15:00+0200,8.58976,MW,DK1,DK_1,actual_solar_generation,Solar,2026-09-11T02:17:23Z
2026-09-11T02:16:40Z,2026-09-11T04:16:40+0200,87e6ba88-e4e0-4fda-9f0f-3a91adc2b4b5,2026-09-04T22:30:00Z,2026-09-05T00:30:00+0200,8.48498,MW,DK1,DK_1,actual_solar_generation,Solar,2026-09-11T02:17:23Z
2026-09-11T02:16:40Z,2026-09-11T04:16:40+0200,87e6ba88-e4e0-4fda-9f0f-3a91adc2b4b5,2026-09-04T22:45:00Z,2026-09-05T00:45:00+0200,8.58394,MW,DK1,DK_1,actual_solar_generation,Solar,2026-09-11T02:17:23Z
2026-09-11T02:16:40Z,2026-09-11T04:16:40+0200,87e6ba88-e4e0-4fda-9f0f-3a91adc2b4b5,2026-09-04T23:00:00Z,2026-09-05T01:00:00+0200,9.12526,MW,DK1,DK_1,actual_solar_generation,Solar,2026-09-11T02:17:23Z
2026-09-11T02:16:40Z,2026-09-11T04:16:40+0200,87e6ba88-e4e0-4fda-9f0f-3a91adc2b4b5,2026-09-04T23:15:00Z,2026-09-05T01:15:00+0200,9.93889,MW,DK1,DK_1,actual_solar_generation,Solar,2026-09-11T02:17:23Z
2026-09-11T02:16:40Z,2026-09-11T04:16:40+0200,87e6ba88-e4e0-4fda-9f0f-3a91adc2b4b5,2026-09-04T23:30:00Z,2026-09-05T01:30:00+0200,9.42108,MW,DK1,DK_1,actual_solar_generation,Solar,2026-09-11T02:17:23Z
2026-09-11T02:16:40Z,2026-09-11T04:16:40+0200,87e6ba88-e4e0-4fda-9f0f-3a91adc2b4b5,2026-09-04T23:45:00Z,2026-09-05T01:45:00+0200,9.97691,MW,DK1,DK_1,actual_solar_generation,Solar,2026-09-11T02:17:23Z
2026-09-11T02:16:40Z,2026-09-11T04:16:40+0200,87e6ba88-e4e0-4fda-9f0f-3a91adc2b4b5,2026-09-05T00:00:00Z,2026-09-05T02:00:00+0200,11.9005,MW,DK1,DK_1,actual_solar_generation,Solar,2026-09-11T02:17:23Z
2026-09-11T02:16:40Z,2026-09-11T04:16:40+0200,87e6ba88-e4e0-4fda-9f0f-3a91adc2b4b5,2026-09-05T00:15:00Z,2026-09-05T02:15:00+0200,11.5574,MW,DK1,DK_1,actual_solar_generation,Solar,2026-09-11T02:17:23Z
2026-09-11T02:16:40Z,2026-09-11T04:16:40+0200,87e6ba88-e4e0-4fda-9f0f-3a91adc2b4b5,2026-09-05T00:30:00Z,2026-09-05T02:30:00+0200,10.873,MW,DK1,DK_1,actual_solar_generation,Solar,2026-09-11T02:17:23Z
2026-09-11T02:16:40Z,2026-09-11T04:16:40+0200,87e6ba88-e4e0-4fda-9f0f-3a91adc2b4b5,2026-09-05T00:45:00Z,2026-09-05T02:45:00+0200,8.98463,MW,DK1,DK_1,actual_solar_generation,Solar,2026-09-11T02:17:23Z
2026-09-11T02:16:40Z,2026-09-11T04:16:40+0200,87e6ba88-e4e0-4fda-9f0f-3a91adc2b4b5,2026-09-05T01:00:00Z,2026-09-05T03:00:00+0200,8.74702,MW,DK1,DK_1,actual_solar_generation,Solar,2026-09-11T02:17:23Z
2026-09-11T02:16:40Z,2026-09-11T04:16:40+0200,87e6ba88-e4e0-4fda-9f0f-3a91adc2b4b5,2026-09-05T01:15:00Z,2026-09-05T03:15:00+0200,8.38609,MW,DK1,DK_1,actual_solar_generation,Solar,2026-09-11T02:17:23Z
2026-09-11T02:16:40Z,2026-09-11T04:16:40+0200,87e6ba88-e4e0-4fda-9f0f-3a91adc2b4b5,2026-09-05T01:30:00Z,2026-09-05T03:30:00+0200,8.16291,MW,DK1,DK_1,actual_solar_generation,Solar,2026-09-11T02:17:23Z
2026-09-11T02:16:40Z,2026-09-11T04:16:40+0200,87e6ba88-e4e0-4fda-9f0f-3a91adc2b4b5,2026-09-05T01:45:00Z,2026-09-05T03:45:00+0200,8.5214,MW,DK1,DK_1,actual_solar_generation,Solar,2026-09-11T02:17:23Z
2026-09-11T02:16:40Z,2026-09-11T04:16:40+0200,87e6ba88-e4e0-4fda-9f0f-3a91adc2b4b5,2026-09-05T02:00:00Z,2026-09-05T04:00:00+0200,8.34605,MW,DK1,DK_1,actual_solar_generation,Solar,2026-09-11T02:17:23Z
2026-09-11T02:16:40Z,2026-09-11T04:16:40+0200,87e6ba88-e4e0-4fda-9f0f-3a91adc2b4b5,2026-09-05T02:15:00Z,2026-09-05T04:15:00+0200,8.12929,MW,DK1,DK_1,actual_solar_generation,Solar,2026-09-11T02:17:23Z
2026-09-11T02:16:40Z,2026-09-11T04:16:40+0200,87e6ba88-e4e0-4fda-9f0f-3a91adc2b4b5,2026-09-05T02:30:00Z,2026-09-05T04:30:00+0200,8.21127,MW,DK1,DK_1,actual_solar_generation,Solar,2026-09-11T02:17:23Z
2026-09-11T02:16:40Z,2026-09-11T04:16:40+0200,87e6ba88-e4e0-4fda-9f0f-3a91adc2b4b5,2026-09-05T02:45:00Z,2026-09-05T04:45:00+0200,8.00068,MW,DK1,DK_1,actual_solar_generation,Solar,2026-09-11T02:17:23Z
2026-09-11T02:16:40Z,2026-09-11T04:16:40+0200,87e6ba88-e4e0-4fda-9f0f-3a91adc2b4b5,2026-09-05T03:00:00Z,2026-09-05T05:00:00+0200,8.10831,MW,DK1,DK_1,actual_solar_generation,Solar,2026-09-11T02:17:23Z
2026-09-11T02:16:40Z,2026-09-11T04:16:40+0200,87e6ba88-e4e0-4fda-9f0f-3a91adc2b4b5,2026-09-05T03:15:00Z,2026-09-05T05:15:00+0200,7.49206,MW,DK1,DK_1,actual_solar_generation,Solar,2026-09-11T02:17:23Z
2026-09-11T02:16:40Z,2026-09-11T04:16:40+0200,87e6ba88-e4e0-4fda-9f0f-3a91adc2b4b5,2026-09-05T03:30:00Z,2026-09-05T05:30:00+0200,6.81516,MW,DK1,DK_1,actual_solar_generation,Solar,2026-09-11T02:17:23Z
2026-09-11T02:16:40Z,2026-09-11T04:16:40+0200,87e6ba88-e4e0-4fda-9f0f-3a91adc2b4b5,2026-09-05T03:45:00Z,2026-09-05T05:45:00+0200,5.28714,MW,DK1,DK_1,actual_solar_generation,Solar,2026-09-11T02:17:23Z
2026-09-11T02:16:40Z,2026-09-11T04:16:40+0200,87e6ba88-e4e0-4fda-9f0f-3a91adc2b4b5,2026-09-05T04:00:00Z,2026-09-05T06:00:00+0200,8.95267,MW,DK1,DK_1,actual_solar_generation,Solar,2026-09-11T02:17:23Z
2026-09-11T02:16:40Z,2026-09-11T04:16:40+0200,87e6ba88-e4e0-4fda-9f0f-3a91adc2b4b5,2026-09-05T04:15:00Z,2026-09-05T06:15:00+0200,13.299,MW,DK1,DK_1,actual_solar_generation,Solar,2026-09-11T02:17:23Z
2026-09-11T02:16:40Z,2026-09-11T04:16:40+0200,87e6ba88-e4e0-4fda-9f0f-3a91adc2b4b5,2026-09-05T04:30:00Z,2026-09-05T06:30:00+0200,18.9433,MW,DK1,DK_1,actual_solar_generation,Solar,2026-09-11T02:17:23Z
2026-09-11T02:16:40Z,2026-09-11T04:16:40+0200,87e6ba88-e4e0-4fda-9f0f-3a91adc2b4b5,2026-09-05T04:45:00Z,2026-09-05T06:45:00+0200,33.8236,MW,DK1,DK_1,actual_solar_generation,Solar,2026-09-11T02:17:23Z
2026-09-11T02:16:40Z,2026-09-11T04:16:40+0200,87e6ba88-e4e0-4fda-9f0f-3a91adc2b4b5,2026-09-05T05:00:00Z,2026-09-05T07:00:00+0200,66.6217,MW,DK1,DK_1,actual_solar_generation,Solar,2026-09-11T02:17:23Z
2026-09-11T02:16:40Z,2026-09-11T04:16:40+0200,87e6ba88-e4e0-4fda-9f0f-3a91adc2b4b5,2026-09-05T05:15:00Z,2026-09-05T07:15:00+0200,99.8325,MW,DK1,DK_1,actual_solar_generation,Solar,2026-09-11T02:17:23Z
2026-09-11T02:16:40Z,2026-09-11T04:16:40+0200,87e6ba88-e4e0-4fda-9f0f-3a91adc2b4b5,2026-09-05T05:30:00Z,2026-09-05T07:30:00+0200,123.305,MW,DK1,DK_1,actual_solar_generation,Solar,2026-09-11T02:17:23Z
2026-09-11T02:16:40Z,2026-09-11T04:16:40+0200,87e6ba88-e4e0-4fda-9f0f-3a91adc2b4b5,2026-09-05T05:45:00Z,2026-09-05T07:45:00+0200,193.118,MW,DK1,DK_1,actual_solar_generation,Solar,2026-09-11T02:17:23Z
2026-09-11T02:16:40Z,2026-09-11T04:16:40+0200,87e6ba88-e4e0-4fda-9f0f-3a91adc2b4b5,2026-09-05T06:00:00Z,2026-09-05T08:00:00+0200,269.835,MW,DK1,DK_1,actual_solar_generation,Solar,2026-09-11T02:17:23Z
2026-09-11T02:16:40Z,2026-09-11T04:16:40+0200,87e6ba88-e4e0-4fda-9f0f-3a91adc2b4b5,2026-09-05T06:15:00Z,2026-09-05T08:15:00+0200,369.502,MW,DK1,DK_1,actual_solar_generation,Solar,2026-09-11T02:17:23Z
2026-09-11T02:16:40Z,2026-09-11T04:16:40+0200,87e6ba88-e4e0-4fda-9f0f-3a91adc2b4b5,2026-09-05T06:30:00Z,2026-09-05T08:30:00+0200,450.212,MW,DK1,DK_1,actual_solar_generation,Solar,2026-09-11T02:17:23Z
2026-09-11T02:16:40Z,2026-09-11T04:16:40+0200,87e6ba88-e4e0-4fda-9f0f-3a91adc2b4b5,2026-09-05T06:45:00Z,2026-09-05T08:45:00+0200,506.984,MW,DK1,DK_1,actual_solar_generation,Solar,2026-09-11T02:17:23Z
2026-09-11T02:16:40Z,2026-09-11T04:16:40+0200,87e6ba88-e4e0-4fda-9f0f-3a91adc2b4b5,2026-09-05T07:00:00Z,2026-09-05T09:00:00+0200,368.993,MW,DK1,DK_1,actual_solar_generation,Solar,2026-09-11T02:17:23Z
2026-09-11T02:16:40Z,2026-09-11T04:16:40+0200,87e6ba88-e4e0-4fda-9f0f-3a91adc2b4b5,2026-09-05T07:15:00Z,2026-09-05T09:15:00+0200,291.437,MW,DK1,DK_1,actual_solar_generation,Solar,2026-09-11T02:17:23Z
2026-09-11T02:16:40Z,2026-09-11T04:16:40+0200,87e6ba88-e4e0-4fda-9f0f-3a91adc2b4b5,2026-09-05T07:30:00Z,2026-09-05T09:30:00+0200,333.088,MW,DK1,DK_1,actual_solar_generation,Solar,2026-09-11T02:17:23Z
2026-09-11T02:16:40Z,2026-09-11T04:16:40+0200,87e6ba88-e4e0-4fda-9f0f-3a91adc2b4b5,2026-09-05T07:45:00Z,2026-09-05T09:45:00+0200,579.465,MW,DK1,DK_1,actual_solar_generation,Solar,2026-09-11T02:17:23Z
2026-09-11T02:16:40Z,2026-09-11T04:16:40+0200,87e6ba88-e4e0-4fda-9f0f-3a91adc2b4b5,2026-09-05T08:00:00Z,2026-09-05T10:00:00+0200,806.502,MW,DK1,DK_1,actual_solar_generation,Solar,2026-09-11T02:17:23Z
2026-09-11T02:16:40Z,2026-09-11T04:16:40+0200,87e6ba88-e4e0-4fda-9f0f-3a91adc2b4b5,2026-09-05T08:15:00Z,2026-09-05T10:15:00+0200,1046.69,MW,DK1,DK_1,actual_solar_generation,Solar,2026-09-11T02:17:23Z
2026-09-11T02:16:40Z,2026-09-11T04:16:40+0200,87e6ba88-e4e0-4fda-9f0f-3a91adc2b4b5,2026-09-05T08:30:00Z,2026-09-05T10:30:00+0200,975.721,MW,DK1,DK_1,actual_solar_generation,Solar,2026-09-11T02:17:23Z
2026-09-11T02:16:40Z,2026-09-11T04:16:40+0200,87e6ba88-e4e0-4fda-9f0f-3a91adc2b4b5,2026-09-05T08:45:00Z,2026-09-05T10:45:00+0200,682.387,MW,DK1,DK_1,actual_solar_generation,Solar,2026-09-11T02:17:23Z
2026-09-11T02:16:40Z,2026-09-11T04:16:40+0200,87e6ba88-e4e0-4fda-9f0f-3a91adc2b4b5,2026-09-05T09:00:00Z,2026-09-05T11:00:00+0200,943.239,MW,DK1,DK_1,actual_solar_generation,Solar,2026-09-11T02:17:23Z
2026-09-11T02:16:40Z,2026-09-11T04:16:40+0200,87e6ba88-e4e0-4fda-9f0f-3a91adc2b4b5,2026-09-05T09:15:00Z,2026-09-05T11:15:00+0200,976.187,MW,DK1,DK_1,actual_solar_generation,Solar,2026-09-11T02:17:23Z
2026-09-11T02:16:40Z,2026-09-11T04:16:40+0200,87e6ba88-e4e0-4fda-9f0f-3a91adc2b4b5,2026-09-05T09:30:00Z,2026-09-05T11:30:00+0200,902.266,MW,DK1,DK_1,actual_solar_generation,Solar,2026-09-11T02:17:23Z
2026-09-11T02:16:40Z,2026-09-11T04:16:40+0200,87e6ba88-e4e0-4fda-9f0f-3a91adc2b4b5,2026-09-05T09:45:00Z,2026-09-05T11:45:00+0200,1013.47,MW,DK1,DK_1,actual_solar_generation,Solar,2026-09-11T02:17:23Z
2026-09-11T02:16:40Z,2026-09-11T04:16:40+0200,87e6ba88-e4e0-4fda-9f0f-3a91adc2b4b5,2026-09-05T10:00:00Z,2026-09-05T12:00:00+0200,1092.74,MW,DK1,DK_1,actual_solar_generation,Solar,2026-09-11T02:17:23Z
2026-09-11T02:16:40Z,2026-09-11T04:16:40+0200,87e6ba88-e4e0-4fda-9f0f-3a91adc2b4b5,2026-09-05T10:15:00Z,2026-09-05T12:15:00+0200,1035.87,MW,DK1,DK_1,actual_solar_generation,Solar,2026-09-11T02:17:23Z
2026-09-11T02:16:40Z,2026-09-11T04:16:40+0200,87e6ba88-e4e0-4fda-9f0f-3a91adc2b4b5,2026-09-05T10:30:00Z,2026-09-05T12:30:00+0200,1155.83,MW,DK1,DK_1,actual_solar_generation,Solar,2026-09-11T02:17:23Z
2026-09-11T02:16:40Z,2026-09-11T04:16:40+0200,87e6ba88-e4e0-4fda-9f0f-3a91adc2b4b5,2026-09-05T10:45:00Z,2026-09-05T12:45:00+0200,1094.38,MW,DK1,DK_1,actual_solar_generation,Solar,2026-09-11T02:17:23Z
2026-09-11T02:16:40Z,2026-09-11T04:16:40+0200,87e6ba88-e4e0-4fda-9f0f-3a91adc2b4b5,2026-09-05T11:00:00Z,2026-09-05T13:00:00+0200,1005.16,MW,DK1,DK_1,actual_solar_generation,Solar,2026-09-11T02:17:23Z
2026-09-11T02:16:40Z,2026-09-11T04:16:40+0200,87e6ba88-e4e0-4fda-9f0f-3a91adc2b4b5,2026-09-05T11:15:00Z,2026-09-05T13:15:00+0200,985.649,MW,DK1,DK_1,actual_solar_generation,Solar,2026-09-11T02:17:23Z
2026-09-11T02:16:40Z,2026-09-11T04:16:40+0200,87e6ba88-e4e0-4fda-9f0f-3a91adc2b4b5,2026-09-05T11:30:00Z,2026-09-05T13:30:00+0200,877.717,MW,DK1,DK_1,actual_solar_generation,Solar,2026-09-11T02:17:23Z
2026-09-11T02:16:40Z,2026-09-11T04:16:40+0200,87e6ba88-e4e0-4fda-9f0f-3a91adc2b4b5,2026-09-05T11:45:00Z,2026-09-05T13:45:00+0200,1065.32,MW,DK1,DK_1,actual_solar_generation,Solar,2026-09-11T02:17:23Z
2026-09-11T02:16:40Z,2026-09-11T04:16:40+0200,87e6ba88-e4e0-4fda-9f0f-3a91adc2b4b5,2026-09-05T12:00:00Z,2026-09-05T14:00:00+0200,1044.96,MW,DK1,DK_1,actual_solar_generation,Solar,2026-09-11T02:17:23Z
2026-09-11T02:16:40Z,2026-09-11T04:16:40+0200,87e6ba88-e4e0-4fda-9f0f-3a91adc2b4b5,2026-09-05T12:15:00Z,2026-09-05T14:15:00+0200,809.282,MW,DK1,DK_1,actual_solar_generation,Solar,2026-09-11T02:17:23Z
2026-09-11T02:16:40Z,2026-09-11T04:16:40+0200,87e6ba88-e4e0-4fda-9f0f-3a91adc2b4b5,2026-09-05T12:30:00Z,2026-09-05T14:30:00+0200,850.951,MW,DK1,DK_1,actual_solar_generation,Solar,2026-09-11T02:17:23Z
2026-09-11T02:16:40Z,2026-09-11T04:16:40+0200,87e6ba88-e4e0-4fda-9f0f-3a91adc2b4b5,2026-09-05T12:45:00Z,2026-09-05T14:45:00+0200,766.816,MW,DK1,DK_1,actual_solar_generation,Solar,2026-09-11T02:17:23Z
2026-09-11T02:16:40Z,2026-09-11T04:16:40+0200,87e6ba88-e4e0-4fda-9f0f-3a91adc2b4b5,2026-09-05T13:00:00Z,2026-09-05T15:00:00+0200,707.864,MW,DK1,DK_1,actual_solar_generation,Solar,2026-09-11T02:17:23Z
2026-09-11T02:16:40Z,2026-09-11T04:16:40+0200,87e6ba88-e4e0-4fda-9f0f-3a91adc2b4b5,2026-09-05T13:15:00Z,2026-09-05T15:15:00+0200,843.779,MW,DK1,DK_1,actual_solar_generation,Solar,2026-09-11T02:17:23Z
2026-09-11T02:16:40Z,2026-09-11T04:16:40+0200,87e6ba88-e4e0-4fda-9f0f-3a91adc2b4b5,2026-09-05T13:30:00Z,2026-09-05T15:30:00+0200,614.62,MW,DK1,DK_1,actual_solar_generation,Solar,2026-09-11T02:17:23Z
2026-09-11T02:16:40Z,2026-09-11T04:16:40+0200,87e6ba88-e4e0-4fda-9f0f-3a91adc2b4b5,2026-09-05T13:45:00Z,2026-09-05T15:45:00+0200,756.185,MW,DK1,DK_1,actual_solar_generation,Solar,2026-09-11T02:17:23Z
2026-09-11T02:16:40Z,2026-09-11T04:16:40+0200,87e6ba88-e4e0-4fda-9f0f-3a91adc2b4b5,2026-09-05T14:00:00Z,2026-09-05T16:00:00+0200,642.161,MW,DK1,DK_1,actual_solar_generation,Solar,2026-09-11T02:17:23Z
2026-09-11T02:16:40Z,2026-09-11T04:16:40+0200,87e6ba88-e4e0-4fda-9f0f-3a91adc2b4b5,2026-09-05T14:15:00Z,2026-09-05T16:15:00+0200,817.323,MW,DK1,DK_1,actual_solar_generation,Solar,2026-09-11T02:17:23Z
2026-09-11T02:16:40Z,2026-09-11T04:16:40+0200,87e6ba88-e4e0-4fda-9f0f-3a91adc2b4b5,2026-09-05T14:30:00Z,2026-09-05T16:30:00+0200,1194.16,MW,DK1,DK_1,actual_solar_generation,Solar,2026-09-11T02:17:23Z
2026-09-11T02:16:40Z,2026-09-11T04:16:40+0200,87e6ba88-e4e0-4fda-9f0f-3a91adc2b4b5,2026-09-05T14:45:00Z,2026-09-05T16:45:00+0200,1037.0,MW,DK1,DK_1,actual_solar_generation,Solar,2026-09-11T02:17:23Z
2026-09-11T02:16:40Z,2026-09-11T04:16:40+0200,87e6ba88-e4e0-4fda-9f0f-3a91adc2b4b5,2026-09-05T15:00:00Z,2026-09-05T17:00:00+0200,516.977,MW,DK1,DK_1,actual_solar_generation,Solar,2026-09-11T02:17:23Z
2026-09-11T02:16:40Z,2026-09-11T04:16:40+0200,87e6ba88-e4e0-4fda-9f0f-3a91adc2b4b5,2026-09-05T15:15:00Z,2026-09-05T17:15:00+0200,482.77,MW,DK1,DK_1,actual_solar_generation,Solar,2026-09-11T02:17:23Z
2026-09-11T02:16:40Z,2026-09-11T04:16:40+0200,87e6ba88-e4e0-4fda-9f0f-3a91adc2b4b5,2026-09-05T15:30:00Z,2026-09-05T17:30:00+0200,554.553,MW,DK1,DK_1,actual_solar_generation,Solar,2026-09-11T02:17:23Z
2026-09-11T02:16:40Z,2026-09-11T04:16:40+0200,87e6ba88-e4e0-4fda-9f0f-3a91adc2b4b5,2026-09-05T15:45:00Z,2026-09-05T17:45:00+0200,521.807,MW,DK1,DK_1,actual_solar_generation,Solar,2026-09-11T02:17:23Z
2026-09-11T02:16:40Z,2026-09-11T04:16:40+0200,87e6ba88-e4e0-4fda-9f0f-3a91adc2b4b5,2026-09-05T16:00:00Z,2026-09-05T18:00:00+0200,312.29,MW,DK1,DK_1,actual_solar_generation,Solar,2026-09-11T02:17:23Z
2026-09-11T02:16:40Z,2026-09-11T04:16:40+0200,87e6ba88-e4e0-4fda-9f0f-3a91adc2b4b5,2026-09-05T16:15:00Z,2026-09-05T18:15:00+0200,270.176,MW,DK1,DK_1,actual_solar_generation,Solar,2026-09-11T02:17:23Z
2026-09-11T02:16:40Z,2026-09-11T04:16:40+0200,87e6ba88-e4e0-4fda-9f0f-3a91adc2b4b5,2026-09-05T16:30:00Z,2026-09-05T18:30:00+0200,426.672,MW,DK1,DK_1,actual_solar_generation,Solar,2026-09-11T02:17:23Z
2026-09-11T02:16:40Z,2026-09-11T04:16:40+0200,87e6ba88-e4e0-4fda-9f0f-3a91adc2b4b5,2026-09-05T16:45:00Z,2026-09-05T18:45:00+0200,341.003,MW,DK1,DK_1,actual_solar_generation,Solar,2026-09-11T02:17:23Z
2026-09-11T02:16:40Z,2026-09-11T04:16:40+0200,87e6ba88-e4e0-4fda-9f0f-3a91adc2b4b5,2026-09-05T17:00:00Z,2026-09-05T19:00:00+0200,211.382,MW,DK1,DK_1,actual_solar_generation,Solar,2026-09-11T02:17:23Z
2026-09-11T02:16:40Z,2026-09-11T04:16:40+0200,87e6ba88-e4e0-4fda-9f0f-3a91adc2b4b5,2026-09-05T17:15:00Z,2026-09-05T19:15:00+0200,135.559,MW,DK1,DK_1,actual_solar_generation,Solar,2026-09-11T02:17:23Z
2026-09-11T02:16:40Z,2026-09-11T04:16:40+0200,87e6ba88-e4e0-4fda-9f0f-3a91adc2b4b5,2026-09-05T17:30:00Z,2026-09-05T19:30:00+0200,85.3831,MW,DK1,DK_1,actual_solar_generation,Solar,2026-09-11T02:17:23Z
2026-09-11T02:16:40Z,2026-09-11T04:16:40+0200,87e6ba88-e4e0-4fda-9f0f-3a91adc2b4b5,2026-09-05T17:45:00Z,2026-09-05T19:45:00+0200,51.0483,MW,DK1,DK_1,actual_solar_generation,Solar,2026-09-11T02:17:23Z
2026-09-11T02:16:40Z,2026-09-11T04:16:40+0200,87e6ba88-e4e0-4fda-9f0f-3a91adc2b4b5,2026-09-05T18:00:00Z,2026-09-05T20:00:00+0200,83.59,MW,DK1,DK_1,actual_solar_generation,Solar,2026-09-11T02:17:23Z
2026-09-11T02:16:40Z,2026-09-11T04:16:40+0200,87e6ba88-e4e0-4fda-9f0f-3a91adc2b4b5,2026-09-05T18:15:00Z,2026-09-05T20:15:00+0200,85.5028,MW,DK1,DK_1,actual_solar_generation,Solar,2026-09-11T02:17:23Z
2026-09-11T02:16:40Z,2026-09-11T04:16:40+0200,87e6ba88-e4e0-4fda-9f0f-3a91adc2b4b5,2026-09-05T18:30:00Z,2026-09-05T20:30:00+0200,84.4735,MW,DK1,DK_1,actual_solar_generation,Solar,2026-09-11T02:17:23Z
2026-09-11T02:16:40Z,2026-09-11T04:16:40+0200,87e6ba88-e4e0-4fda-9f0f-3a91adc2b4b5,2026-09-05T18:45:00Z,2026-09-05T20:45:00+0200,80.4074,MW,DK1,DK_1,actual_solar_generation,Solar,2026-09-11T02:17:23Z
2026-09-11T02:16:40Z,2026-09-11T04:16:40+0200,87e6ba88-e4e0-4fda-9f0f-3a91adc2b4b5,2026-09-05T19:00:00Z,2026-09-05T21:00:00+0200,86.0179,MW,DK1,DK_1,actual_solar_generation,Solar,2026-09-11T02:17:23Z
2026-09-11T02:16:40Z,2026-09-11T04:16:40+0200,87e6ba88-e4e0-4fda-9f0f-3a91adc2b4b5,2026-09-05T19:15:00Z,2026-09-05T21:15:00+0200,86.8484,MW,DK1,DK_1,actual_solar_generation,Solar,2026-09-11T02:17:23Z
2026-09-11T02:16:40Z,2026-09-11T04:16:40+0200,87e6ba88-e4e0-4fda-9f0f-3a91adc2b4b5,2026-09-05T19:30:00Z,2026-09-05T21:30:00+0200,84.7659,MW,DK1,DK_1,actual_solar_generation,Solar,2026-09-11T02:17:23Z
2026-09-11T02:16:40Z,2026-09-11T04:16:40+0200,87e6ba88-e4e0-4fda-9f0f-3a91adc2b4b5,2026-09-05T19:45:00Z,2026-09-05T21:45:00+0200,69.002,MW,DK1,DK_1,actual_solar_generation,Solar,2026-09-11T02:17:23Z
2026-09-11T02:16:40Z,2026-09-11T04:16:40+0200,87e6ba88-e4e0-4fda-9f0f-3a91adc2b4b5,2026-09-05T20:00:00Z,2026-09-05T22:00:00+0200,31.3339,MW,DK1,DK_1,actual_solar_generation,Solar,2026-09-11T02:17:23Z
2026-09-11T02:16:40Z,2026-09-11T04:16:40+0200,87e6ba88-e4e0-4fda-9f0f-3a91adc2b4b5,2026-09-05T20:15:00Z,2026-09-05T22:15:00+0200,24.9236,MW,DK1,DK_1,actual_solar_generation,Solar,2026-09-11T02:17:23Z
2026-09-11T02:16:40Z,2026-09-11T04:16:40+0200,87e6ba88-e4e0-4fda-9f0f-3a91adc2b4b5,2026-09-05T20:30:00Z,2026-09-05T22:30:00+0200,18.8925,MW,DK1,DK_1,actual_solar_generation,Solar,2026-09-11T02:17:23Z
2026-09-11T02:16:40Z,2026-09-11T04:16:40+0200,87e6ba88-e4e0-4fda-9f0f-3a91adc2b4b5,2026-09-05T20:45:00Z,2026-09-05T22:45:00+0200,15.279,MW,DK1,DK_1,actual_solar_generation,Solar,2026-09-11T02:17:23Z
2026-09-11T02:16:40Z,2026-09-11T04:16:40+0200,87e6ba88-e4e0-4fda-9f0f-3a91adc2b4b5,2026-09-05T21:00:00Z,2026-09-05T23:00:00+0200,8.40587,MW,DK1,DK_1,actual_solar_generation,Solar,2026-09-11T02:17:23Z
2026-09-11T02:16:40Z,2026-09-11T04:16:40+0200,87e6ba88-e4e0-4fda-9f0f-3a91adc2b4b5,2026-09-05T21:15:00Z,2026-09-05T23:15:00+0200,8.18648,MW,DK1,DK_1,actual_solar_generation,Solar,2026-09-11T02:17:23Z
2026-09-11T02:16:40Z,2026-09-11T04:16:40+0200,87e6ba88-e4e0-4fda-9f0f-3a91adc2b4b5,2026-09-05T21:30:00Z,2026-09-05T23:30:00+0200,8.13907,MW,DK1,DK_1,actual_solar_generation,Solar,2026-09-11T02:17:23Z
2026-09-11T02:16:40Z,2026-09-11T04:16:40+0200,87e6ba88-e4e0-4fda-9f0f-3a91adc2b4b5,2026-09-05T21:45:00Z,2026-09-05T23:45:00+0200,8.10554,MW,DK1,DK_1,actual_solar_generation,Solar,2026-09-11T02:17:23Z
2026-09-11T02:16:40Z,2026-09-11T04:16:40+0200,87e6ba88-e4e0-4fda-9f0f-3a91adc2b4b5,2026-09-05T22:00:00Z,2026-09-06T00:00:00+0200,7.80677,MW,DK1,DK_1,actual_solar_generation,Solar,2026-09-11T02:17:23Z
2026-09-11T02:16:40Z,2026-09-11T04:16:40+0200,87e6ba88-e4e0-4fda-9f0f-3a91adc2b4b5,2026-09-05T22:15:00Z,2026-09-06T00:15:00+0200,7.96693,MW,DK1,DK_1,actual_solar_generation,Solar,2026-09-11T02:17:23Z
2026-09-11T02:16:40Z,2026-09-11T04:16:40+0200,87e6ba88-e4e0-4fda-9f0f-3a91adc2b4b5,2026-09-05T22:30:00Z,2026-09-06T00:30:00+0200,7.95503,MW,DK1,DK_1,actual_solar_generation,Solar,2026-09-11T02:17:23Z
2026-09-11T02:16:40Z,2026-09-11T04:16:40+0200,87e6ba88-e4e0-4fda-9f0f-3a91adc2b4b5,2026-09-05T22:45:00Z,2026-09-06T00:45:00+0200,7.93111,MW,DK1,DK_1,actual_solar_generation,Solar,2026-09-11T02:17:23Z
2026-09-11T02:16:40Z,2026-09-11T04:16:40+0200,87e6ba88-e4e0-4fda-9f0f-3a91adc2b4b5,2026-09-05T23:00:00Z,2026-09-06T01:00:00+0200,7.91736,MW,DK1,DK_1,actual_solar_generation,Solar,2026-09-11T02:17:23Z
2026-09-11T02:16:40Z,2026-09-11T04:16:40+0200,87e6ba88-e4e0-4fda-9f0f-3a91adc2b4b5,2026-09-05T23:15:00Z,2026-09-06T01:15:00+0200,7.82688,MW,DK1,DK_1,actual_solar_generation,Solar,2026-09-11T02:17:23Z
2026-09-11T02:16:40Z,2026-09-11T04:16:40+0200,87e6ba88-e4e0-4fda-9f0f-3a91adc2b4b5,2026-09-05T23:30:00Z,2026-09-06T01:30:00+0200,7.38624,MW,DK1,DK_1,actual_solar_generation,Solar,2026-09-11T02:17:23Z
2026-09-11T02:16:40Z,2026-09-11T04:16:40+0200,87e6ba88-e4e0-4fda-9f0f-3a91adc2b4b5,2026-09-05T23:45:00Z,2026-09-06T01:45:00+0200,7.95389,MW,DK1,DK_1,actual_solar_generation,Solar,2026-09-11T02:17:23Z
2026-09-11T02:16:40Z,2026-09-11T04:16:40+0200,87e6ba88-e4e0-4fda-9f0f-3a91adc2b4b5,2026-09-06T00:00:00Z,2026-09-06T02:00:00+0200,7.95553,MW,DK1,DK_1,actual_solar_generation,Solar,2026-09-11T02:17:23Z
2026-09-11T02:16:40Z,2026-09-11T04:16:40+0200,87e6ba88-e4e0-4fda-9f0f-3a91adc2b4b5,2026-09-06T00:15:00Z,2026-09-06T02:15:00+0200,7.77973,MW,DK1,DK_1,actual_solar_generation,Solar,2026-09-11T02:17:23Z
2026-09-11T02:16:40Z,2026-09-11T04:16:40+0200,87e6ba88-e4e0-4fda-9f0f-3a91adc2b4b5,2026-09-06T00:30:00Z,2026-09-06T02:30:00+0200,7.68066,MW,DK1,DK_1,actual_solar_generation,Solar,2026-09-11T02:17:23Z
2026-09-11T02:16:40Z,2026-09-11T04:16:40+0200,87e6ba88-e4e0-4fda-9f0f-3a91adc2b4b5,2026-09-06T00:45:00Z,2026-09-06T02:45:00+0200,7.53175,MW,DK1,DK_1,actual_solar_generation,Solar,2026-09-11T02:17:23Z
2026-09-11T02:16:40Z,2026-09-11T04:16:40+0200,87e6ba88-e4e0-4fda-9f0f-3a91adc2b4b5,2026-09-06T01:00:00Z,2026-09-06T03:00:00+0200,7.09826,MW,DK1,DK_1,actual_solar_generation,Solar,2026-09-11T02:17:23Z
2026-09-11T02:16:40Z,2026-09-11T04:16:40+0200,87e6ba88-e4e0-4fda-9f0f-3a91adc2b4b5,2026-09-06T01:15:00Z,2026-09-06T03:15:00+0200,7.53487,MW,DK1,DK_1,actual_solar_generation,Solar,2026-09-11T02:17:23Z
2026-09-11T02:16:40Z,2026-09-11T04:16:40+0200,87e6ba88-e4e0-4fda-9f0f-3a91adc2b4b5,2026-09-06T01:30:00Z,2026-09-06T03:30:00+0200,6.83515,MW,DK1,DK_1,actual_solar_generation,Solar,2026-09-11T02:17:23Z
2026-09-11T02:16:40Z,2026-09-11T04:16:40+0200,87e6ba88-e4e0-4fda-9f0f-3a91adc2b4b5,2026-09-06T01:45:00Z,2026-09-06T03:45:00+0200,7.61238,MW,DK1,DK_1,actual_solar_generation,Solar,2026-09-11T02:17:23Z
2026-09-11T02:16:40Z,2026-09-11T04:16:40+0200,87e6ba88-e4e0-4fda-9f0f-3a91adc2b4b5,2026-09-06T02:00:00Z,2026-09-06T04:00:00+0200,7.13261,MW,DK1,DK_1,actual_solar_generation,Solar,2026-09-11T02:17:23Z
2026-09-11T02:16:40Z,2026-09-11T04:16:40+0200,87e6ba88-e4e0-4fda-9f0f-3a91adc2b4b5,2026-09-06T02:15:00Z,2026-09-06T04:15:00+0200,6.97745,MW,DK1,DK_1,actual_solar_generation,Solar,2026-09-11T02:17:23Z
2026-09-11T02:16:40Z,2026-09-11T04:16:40+0200,87e6ba88-e4e0-4fda-9f0f-3a91adc2b4b5,2026-09-06T02:30:00Z,2026-09-06T04:30:00+0200,7.1959,MW,DK1,DK_1,actual_solar_generation,Solar,2026-09-11T02:17:23Z
2026-09-11T02:16:40Z,2026-09-11T04:16:40+0200,87e6ba88-e4e0-4fda-9f0f-3a91adc2b4b5,2026-09-06T02:45:00Z,2026-09-06T04:45:00+0200,4.9069,MW,DK1,DK_1,actual_solar_generation,Solar,2026-09-11T02:17:23Z
2026-09-11T02:16:40Z,2026-09-11T04:16:40+0200,87e6ba88-e4e0-4fda-9f0f-3a91adc2b4b5,2026-09-06T03:00:00Z,2026-09-06T05:00:00+0200,4.72344,MW,DK1,DK_1,actual_solar_generation,Solar,2026-09-11T02:17:23Z
2026-09-11T02:16:40Z,2026-09-11T04:16:40+0200,87e6ba88-e4e0-4fda-9f0f-3a91adc2b4b5,2026-09-06T03:15:00Z,2026-09-06T05:15:00+0200,6.91518,MW,DK1,DK_1,actual_solar_generation,Solar,2026-09-11T02:17:23Z
2026-09-11T02:16:40Z,2026-09-11T04:16:40+0200,87e6ba88-e4e0-4fda-9f0f-3a91adc2b4b5,2026-09-06T03:30:00Z,2026-09-06T05:30:00+0200,7.32301,MW,DK1,DK_1,actual_solar_generation,Solar,2026-09-11T02:17:23Z
2026-09-11T02:16:40Z,2026-09-11T04:16:40+0200,87e6ba88-e4e0-4fda-9f0f-3a91adc2b4b5,2026-09-06T03:45:00Z,2026-09-06T05:45:00+0200,4.94841,MW,DK1,DK_1,actual_solar_generation,Solar,2026-09-11T02:17:23Z
2026-09-11T02:16:40Z,2026-09-11T04:16:40+0200,87e6ba88-e4e0-4fda-9f0f-3a91adc2b4b5,2026-09-06T04:00:00Z,2026-09-06T06:00:00+0200,6.31994,MW,DK1,DK_1,actual_solar_generation,Solar,2026-09-11T02:17:23Z
2026-09-11T02:16:40Z,2026-09-11T04:16:40+0200,87e6ba88-e4e0-4fda-9f0f-3a91adc2b4b5,2026-09-06T04:15:00Z,2026-09-06T06:15:00+0200,11.7468,MW,DK1,DK_1,actual_solar_generation,Solar,2026-09-11T02:17:23Z
2026-09-11T02:16:40Z,2026-09-11T04:16:40+0200,87e6ba88-e4e0-4fda-9f0f-3a91adc2b4b5,2026-09-06T04:30:00Z,2026-09-06T06:30:00+0200,18.0279,MW,DK1,DK_1,actual_solar_generation,Solar,2026-09-11T02:17:23Z
2026-09-11T02:16:40Z,2026-09-11T04:16:40+0200,87e6ba88-e4e0-4fda-9f0f-3a91adc2b4b5,2026-09-06T04:45:00Z,2026-09-06T06:45:00+0200,39.2914,MW,DK1,DK_1,actual_solar_generation,Solar,2026-09-11T02:17:23Z
2026-09-11T02:16:40Z,2026-09-11T04:16:40+0200,87e6ba88-e4e0-4fda-9f0f-3a91adc2b4b5,2026-09-06T05:00:00Z,2026-09-06T07:00:00+0200,74.1668,MW,DK1,DK_1,actual_solar_generation,Solar,2026-09-11T02:17:23Z
2026-09-11T02:16:40Z,2026-09-11T04:16:40+0200,87e6ba88-e4e0-4fda-9f0f-3a91adc2b4b5,2026-09-06T05:15:00Z,2026-09-06T07:15:00+0200,136.615,MW,DK1,DK_1,actual_solar_generation,Solar,2026-09-11T02:17:23Z
2026-09-11T02:16:40Z,2026-09-11T04:16:40+0200,87e6ba88-e4e0-4fda-9f0f-3a91adc2b4b5,2026-09-06T05:30:00Z,2026-09-06T07:30:00+0200,238.173,MW,DK1,DK_1,actual_solar_generation,Solar,2026-09-11T02:17:23Z
2026-09-11T02:16:40Z,2026-09-11T04:16:40+0200,87e6ba88-e4e0-4fda-9f0f-3a91adc2b4b5,2026-09-06T05:45:00Z,2026-09-06T07:45:00+0200,378.86,MW,DK1,DK_1,actual_solar_generation,Solar,2026-09-11T02:17:23Z
2026-09-11T02:16:40Z,2026-09-11T04:16:40+0200,87e6ba88-e4e0-4fda-9f0f-3a91adc2b4b5,2026-09-06T06:00:00Z,2026-09-06T08:00:00+0200,534.653,MW,DK1,DK_1,actual_solar_generation,Solar,2026-09-11T02:17:23Z
2026-09-11T02:16:40Z,2026-09-11T04:16:40+0200,87e6ba88-e4e0-4fda-9f0f-3a91adc2b4b5,2026-09-06T06:15:00Z,2026-09-06T08:15:00+0200,756.186,MW,DK1,DK_1,actual_solar_generation,Solar,2026-09-11T02:17:23Z
2026-09-11T02:16:40Z,2026-09-11T04:16:40+0200,87e6ba88-e4e0-4fda-9f0f-3a91adc2b4b5,2026-09-06T06:30:00Z,2026-09-06T08:30:00+0200,957.934,MW,DK1,DK_1,actual_solar_generation,Solar,2026-09-11T02:17:23Z
2026-09-11T02:16:40Z,2026-09-11T04:16:40+0200,87e6ba88-e4e0-4fda-9f0f-3a91adc2b4b5,2026-09-06T06:45:00Z,2026-09-06T08:45:00+0200,1106.48,MW,DK1,DK_1,actual_solar_generation,Solar,2026-09-11T02:17:23Z
2026-09-11T02:16:40Z,2026-09-11T04:16:40+0200,87e6ba88-e4e0-4fda-9f0f-3a91adc2b4b5,2026-09-06T07:00:00Z,2026-09-06T09:00:00+0200,1362.88,MW,DK1,DK_1,actual_solar_generation,Solar,2026-09-11T02:17:23Z
2026-09-11T02:16:40Z,2026-09-11T04:16:40+0200,87e6ba88-e4e0-4fda-9f0f-3a91adc2b4b5,2026-09-06T07:15:00Z,2026-09-06T09:15:00+0200,1561.11,MW,DK1,DK_1,actual_solar_generation,Solar,2026-09-11T02:17:23Z
2026-09-11T02:16:40Z,2026-09-11T04:16:40+0200,87e6ba88-e4e0-4fda-9f0f-3a91adc2b4b5,2026-09-06T07:30:00Z,2026-09-06T09:30:00+0200,1534.83,MW,DK1,DK_1,actual_solar_generation,Solar,2026-09-11T02:17:23Z
2026-09-11T02:16:40Z,2026-09-11T04:16:40+0200,87e6ba88-e4e0-4fda-9f0f-3a91adc2b4b5,2026-09-06T07:45:00Z,2026-09-06T09:45:00+0200,1611.87,MW,DK1,DK_1,actual_solar_generation,Solar,2026-09-11T02:17:23Z
2026-09-11T02:16:40Z,2026-09-11T04:16:40+0200,87e6ba88-e4e0-4fda-9f0f-3a91adc2b4b5,2026-09-06T08:00:00Z,2026-09-06T10:00:00+0200,1480.28,MW,DK1,DK_1,actual_solar_generation,Solar,2026-09-11T02:17:23Z
2026-09-11T02:16:40Z,2026-09-11T04:16:40+0200,87e6ba88-e4e0-4fda-9f0f-3a91adc2b4b5,2026-09-06T08:15:00Z,2026-09-06T10:15:00+0200,1366.7,MW,DK1,DK_1,actual_solar_generation,Solar,2026-09-11T02:17:23Z
2026-09-11T02:16:40Z,2026-09-11T04:16:40+0200,87e6ba88-e4e0-4fda-9f0f-3a91adc2b4b5,2026-09-06T08:30:00Z,2026-09-06T10:30:00+0200,1033.89,MW,DK1,DK_1,actual_solar_generation,Solar,2026-09-11T02:17:23Z
2026-09-11T02:16:40Z,2026-09-11T04:16:40+0200,87e6ba88-e4e0-4fda-9f0f-3a91adc2b4b5,2026-09-06T08:45:00Z,2026-09-06T10:45:00+0200,1106.49,MW,DK1,DK_1,actual_solar_generation,Solar,2026-09-11T02:17:23Z
2026-09-11T02:16:40Z,2026-09-11T04:16:40+0200,87e6ba88-e4e0-4fda-9f0f-3a91adc2b4b5,2026-09-06T09:00:00Z,2026-09-06T11:00:00+0200,1150.31,MW,DK1,DK_1,actual_solar_generation,Solar,2026-09-11T02:17:23Z
2026-09-11T02:16:40Z,2026-09-11T04:16:40+0200,87e6ba88-e4e0-4fda-9f0f-3a91adc2b4b5,2026-09-06T09:15:00Z,2026-09-06T11:15:00+0200,953.165,MW,DK1,DK_1,actual_solar_generation,Solar,2026-09-11T02:17:23Z
2026-09-11T02:16:40Z,2026-09-11T04:16:40+0200,87e6ba88-e4e0-4fda-9f0f-3a91adc2b4b5,2026-09-06T09:30:00Z,2026-09-06T11:30:00+0200,1075.79,MW,DK1,DK_1,actual_solar_generation,Solar,2026-09-11T02:17:23Z
2026-09-11T02:16:40Z,2026-09-11T04:16:40+0200,87e6ba88-e4e0-4fda-9f0f-3a91adc2b4b5,2026-09-06T09:45:00Z,2026-09-06T11:45:00+0200,1089.35,MW,DK1,DK_1,actual_solar_generation,Solar,2026-09-11T02:17:23Z
2026-09-11T02:16:40Z,2026-09-11T04:16:40+0200,87e6ba88-e4e0-4fda-9f0f-3a91adc2b4b5,2026-09-06T10:00:00Z,2026-09-06T12:00:00+0200,1006.67,MW,DK1,DK_1,actual_solar_generation,Solar,2026-09-11T02:17:23Z
2026-09-11T02:16:40Z,2026-09-11T04:16:40+0200,87e6ba88-e4e0-4fda-9f0f-3a91adc2b4b5,2026-09-06T10:15:00Z,2026-09-06T12:15:00+0200,1255.67,MW,DK1,DK_1,actual_solar_generation,Solar,2026-09-11T02:17:23Z
2026-09-11T02:16:40Z,2026-09-11T04:16:40+0200,87e6ba88-e4e0-4fda-9f0f-3a91adc2b4b5,2026-09-06T10:30:00Z,2026-09-06T12:30:00+0200,1286.47,MW,DK1,DK_1,actual_solar_generation,Solar,2026-09-11T02:17:23Z
2026-09-11T02:16:40Z,2026-09-11T04:16:40+0200,87e6ba88-e4e0-4fda-9f0f-3a91adc2b4b5,2026-09-06T10:45:00Z,2026-09-06T12:45:00+0200,1256.93,MW,DK1,DK_1,actual_solar_generation,Solar,2026-09-11T02:17:23Z
2026-09-11T02:16:40Z,2026-09-11T04:16:40+0200,87e6ba88-e4e0-4fda-9f0f-3a91adc2b4b5,2026-09-06T11:00:00Z,2026-09-06T13:00:00+0200,1068.58,MW,DK1,DK_1,actual_solar_generation,Solar,2026-09-11T02:17:23Z
2026-09-11T02:16:40Z,2026-09-11T04:16:40+0200,87e6ba88-e4e0-4fda-9f0f-3a91adc2b4b5,2026-09-06T11:15:00Z,2026-09-06T13:15:00+0200,1318.36,MW,DK1,DK_1,actual_solar_generation,Solar,2026-09-11T02:17:23Z
2026-09-11T02:16:40Z,2026-09-11T04:16:40+0200,87e6ba88-e4e0-4fda-9f0f-3a91adc2b4b5,2026-09-06T11:30:00Z,2026-09-06T13:30:00+0200,1329.09,MW,DK1,DK_1,actual_solar_generation,Solar,2026-09-11T02:17:23Z
2026-09-11T02:16:40Z,2026-09-11T04:16:40+0200,87e6ba88-e4e0-4fda-9f0f-3a91adc2b4b5,2026-09-06T11:45:00Z,2026-09-06T13:45:00+0200,1388.05,MW,DK1,DK_1,actual_solar_generation,Solar,2026-09-11T02:17:23Z
2026-09-11T02:16:40Z,2026-09-11T04:16:40+0200,87e6ba88-e4e0-4fda-9f0f-3a91adc2b4b5,2026-09-06T12:00:00Z,2026-09-06T14:00:00+0200,913.336,MW,DK1,DK_1,actual_solar_generation,Solar,2026-09-11T02:17:23Z
2026-09-11T02:16:40Z,2026-09-11T04:16:40+0200,87e6ba88-e4e0-4fda-9f0f-3a91adc2b4b5,2026-09-06T12:15:00Z,2026-09-06T14:15:00+0200,888.035,MW,DK1,DK_1,actual_solar_generation,Solar,2026-09-11T02:17:23Z
2026-09-11T02:16:40Z,2026-09-11T04:16:40+0200,87e6ba88-e4e0-4fda-9f0f-3a91adc2b4b5,2026-09-06T12:30:00Z,2026-09-06T14:30:00+0200,817.542,MW,DK1,DK_1,actual_solar_generation,Solar,2026-09-11T02:17:23Z
2026-09-11T02:16:40Z,2026-09-11T04:16:40+0200,87e6ba88-e4e0-4fda-9f0f-3a91adc2b4b5,2026-09-06T12:45:00Z,2026-09-06T14:45:00+0200,659.482,MW,DK1,DK_1,actual_solar_generation,Solar,2026-09-11T02:17:23Z
2026-09-11T02:16:40Z,2026-09-11T04:16:40+0200,87e6ba88-e4e0-4fda-9f0f-3a91adc2b4b5,2026-09-06T13:00:00Z,2026-09-06T15:00:00+0200,714.768,MW,DK1,DK_1,actual_solar_generation,Solar,2026-09-11T02:17:23Z
2026-09-11T02:16:40Z,2026-09-11T04:16:40+0200,87e6ba88-e4e0-4fda-9f0f-3a91adc2b4b5,2026-09-06T13:15:00Z,2026-09-06T15:15:00+0200,652.202,MW,DK1,DK_1,actual_solar_generation,Solar,2026-09-11T02:17:23Z
2026-09-11T02:16:40Z,2026-09-11T04:16:40+0200,87e6ba88-e4e0-4fda-9f0f-3a91adc2b4b5,2026-09-06T13:30:00Z,2026-09-06T15:30:00+0200,740.096,MW,DK1,DK_1,actual_solar_generation,Solar,2026-09-11T02:17:23Z
2026-09-11T02:16:40Z,2026-09-11T04:16:40+0200,87e6ba88-e4e0-4fda-9f0f-3a91adc2b4b5,2026-09-06T13:45:00Z,2026-09-06T15:45:00+0200,803.822,MW,DK1,DK_1,actual_solar_generation,Solar,2026-09-11T02:17:23Z
2026-09-11T02:16:40Z,2026-09-11T04:16:40+0200,87e6ba88-e4e0-4fda-9f0f-3a91adc2b4b5,2026-09-06T14:00:00Z,2026-09-06T16:00:00+0200,619.631,MW,DK1,DK_1,actual_solar_generation,Solar,2026-09-11T02:17:23Z
2026-09-11T02:16:40Z,2026-09-11T04:16:40+0200,87e6ba88-e4e0-4fda-9f0f-3a91adc2b4b5,2026-09-06T14:15:00Z,2026-09-06T16:15:00+0200,592.821,MW,DK1,DK_1,actual_solar_generation,Solar,2026-09-11T02:17:23Z
2026-09-11T02:16:40Z,2026-09-11T04:16:40+0200,87e6ba88-e4e0-4fda-9f0f-3a91adc2b4b5,2026-09-06T14:30:00Z,2026-09-06T16:30:00+0200,1008.62,MW,DK1,DK_1,actual_solar_generation,Solar,2026-09-11T02:17:23Z
2026-09-11T02:16:40Z,2026-09-11T04:16:40+0200,87e6ba88-e4e0-4fda-9f0f-3a91adc2b4b5,2026-09-06T14:45:00Z,2026-09-06T16:45:00+0200,1096.43,MW,DK1,DK_1,actual_solar_generation,Solar,2026-09-11T02:17:23Z
2026-09-11T02:16:40Z,2026-09-11T04:16:40+0200,87e6ba88-e4e0-4fda-9f0f-3a91adc2b4b5,2026-09-06T15:00:00Z,2026-09-06T17:00:00+0200,1115.86,MW,DK1,DK_1,actual_solar_generation,Solar,2026-09-11T02:17:23Z
2026-09-11T02:16:40Z,2026-09-11T04:16:40+0200,87e6ba88-e4e0-4fda-9f0f-3a91adc2b4b5,2026-09-06T15:15:00Z,2026-09-06T17:15:00+0200,1037.63,MW,DK1,DK_1,actual_solar_generation,Solar,2026-09-11T02:17:23Z
2026-09-11T02:16:40Z,2026-09-11T04:16:40+0200,87e6ba88-e4e0-4fda-9f0f-3a91adc2b4b5,2026-09-06T15:30:00Z,2026-09-06T17:30:00+0200,926.872,MW,DK1,DK_1,actual_solar_generation,Solar,2026-09-11T02:17:23Z
2026-09-11T02:16:40Z,2026-09-11T04:16:40+0200,87e6ba88-e4e0-4fda-9f0f-3a91adc2b4b5,2026-09-06T15:45:00Z,2026-09-06T17:45:00+0200,756.386,MW,DK1,DK_1,actual_solar_generation,Solar,2026-09-11T02:17:23Z
2026-09-11T02:16:40Z,2026-09-11T04:16:40+0200,87e6ba88-e4e0-4fda-9f0f-3a91adc2b4b5,2026-09-06T16:00:00Z,2026-09-06T18:00:00+0200,649.888,MW,DK1,DK_1,actual_solar_generation,Solar,2026-09-11T02:17:23Z
2026-09-11T02:16:40Z,2026-09-11T04:16:40+0200,87e6ba88-e4e0-4fda-9f0f-3a91adc2b4b5,2026-09-06T16:15:00Z,2026-09-06T18:15:00+0200,494.672,MW,DK1,DK_1,actual_solar_generation,Solar,2026-09-11T02:17:23Z
2026-09-11T02:16:40Z,2026-09-11T04:16:40+0200,87e6ba88-e4e0-4fda-9f0f-3a91adc2b4b5,2026-09-06T16:30:00Z,2026-09-06T18:30:00+0200,373.044,MW,DK1,DK_1,actual_solar_generation,Solar,2026-09-11T02:17:23Z
2026-09-11T02:16:40Z,2026-09-11T04:16:40+0200,87e6ba88-e4e0-4fda-9f0f-3a91adc2b4b5,2026-09-06T16:45:00Z,2026-09-06T18:45:00+0200,234.659,MW,DK1,DK_1,actual_solar_generation,Solar,2026-09-11T02:17:23Z
2026-09-11T02:16:40Z,2026-09-11T04:16:40+0200,87e6ba88-e4e0-4fda-9f0f-3a91adc2b4b5,2026-09-06T17:00:00Z,2026-09-06T19:00:00+0200,152.078,MW,DK1,DK_1,actual_solar_generation,Solar,2026-09-11T02:17:23Z
2026-09-11T02:16:40Z,2026-09-11T04:16:40+0200,87e6ba88-e4e0-4fda-9f0f-3a91adc2b4b5,2026-09-06T17:15:00Z,2026-09-06T19:15:00+0200,115.51,MW,DK1,DK_1,actual_solar_generation,Solar,2026-09-11T02:17:23Z
2026-09-11T02:16:40Z,2026-09-11T04:16:40+0200,87e6ba88-e4e0-4fda-9f0f-3a91adc2b4b5,2026-09-06T17:30:00Z,2026-09-06T19:30:00+0200,75.4373,MW,DK1,DK_1,actual_solar_generation,Solar,2026-09-11T02:17:23Z
2026-09-11T02:16:40Z,2026-09-11T04:16:40+0200,87e6ba88-e4e0-4fda-9f0f-3a91adc2b4b5,2026-09-06T17:45:00Z,2026-09-06T19:45:00+0200,42.5643,MW,DK1,DK_1,actual_solar_generation,Solar,2026-09-11T02:17:23Z
2026-09-11T02:16:40Z,2026-09-11T04:16:40+0200,87e6ba88-e4e0-4fda-9f0f-3a91adc2b4b5,2026-09-06T18:00:00Z,2026-09-06T20:00:00+0200,80.8825,MW,DK1,DK_1,actual_solar_generation,Solar,2026-09-11T02:17:23Z
2026-09-11T02:16:40Z,2026-09-11T04:16:40+0200,87e6ba88-e4e0-4fda-9f0f-3a91adc2b4b5,2026-09-06T18:15:00Z,2026-09-06T20:15:00+0200,86.6467,MW,DK1,DK_1,actual_solar_generation,Solar,2026-09-11T02:17:23Z
2026-09-11T02:16:40Z,2026-09-11T04:16:40+0200,87e6ba88-e4e0-4fda-9f0f-3a91adc2b4b5,2026-09-06T18:30:00Z,2026-09-06T20:30:00+0200,86.1475,MW,DK1,DK_1,actual_solar_generation,Solar,2026-09-11T02:17:23Z
2026-09-11T02:16:40Z,2026-09-11T04:16:40+0200,87e6ba88-e4e0-4fda-9f0f-3a91adc2b4b5,2026-09-06T18:45:00Z,2026-09-06T20:45:00+0200,81.8388,MW,DK1,DK_1,actual_solar_generation,Solar,2026-09-11T02:17:23Z
2026-09-11T02:16:40Z,2026-09-11T04:16:40+0200,87e6ba88-e4e0-4fda-9f0f-3a91adc2b4b5,2026-09-06T19:00:00Z,2026-09-06T21:00:00+0200,82.1172,MW,DK1,DK_1,actual_solar_generation,Solar,2026-09-11T02:17:23Z
2026-09-11T02:16:40Z,2026-09-11T04:16:40+0200,87e6ba88-e4e0-4fda-9f0f-3a91adc2b4b5,2026-09-06T19:15:00Z,2026-09-06T21:15:00+0200,82.0458,MW,DK1,DK_1,actual_solar_generation,Solar,2026-09-11T02:17:23Z
2026-09-11T02:16:40Z,2026-09-11T04:16:40+0200,87e6ba88-e4e0-4fda-9f0f-3a91adc2b4b5,2026-09-06T19:30:00Z,2026-09-06T21:30:00+0200,79.2286,MW,DK1,DK_1,actual_solar_generation,Solar,2026-09-11T02:17:23Z
2026-09-11T02:16:40Z,2026-09-11T04:16:40+0200,87e6ba88-e4e0-4fda-9f0f-3a91adc2b4b5,2026-09-06T19:45:00Z,2026-09-06T21:45:00+0200,63.0864,MW,DK1,DK_1,actual_solar_generation,Solar,2026-09-11T02:17:23Z
2026-09-11T02:16:40Z,2026-09-11T04:16:40+0200,87e6ba88-e4e0-4fda-9f0f-3a91adc2b4b5,2026-09-06T20:00:00Z,2026-09-06T22:00:00+0200,17.5432,MW,DK1,DK_1,actual_solar_generation,Solar,2026-09-11T02:17:23Z
2026-09-11T02:16:40Z,2026-09-11T04:16:40+0200,87e6ba88-e4e0-4fda-9f0f-3a91adc2b4b5,2026-09-06T20:15:00Z,2026-09-06T22:15:00+0200,9.89812,MW,DK1,DK_1,actual_solar_generation,Solar,2026-09-11T02:17:23Z
2026-09-11T02:16:40Z,2026-09-11T04:16:40+0200,87e6ba88-e4e0-4fda-9f0f-3a91adc2b4b5,2026-09-06T20:30:00Z,2026-09-06T22:30:00+0200,8.72284,MW,DK1,DK_1,actual_solar_generation,Solar,2026-09-11T02:17:23Z
2026-09-11T02:16:40Z,2026-09-11T04:16:40+0200,87e6ba88-e4e0-4fda-9f0f-3a91adc2b4b5,2026-09-06T20:45:00Z,2026-09-06T22:45:00+0200,6.26213,MW,DK1,DK_1,actual_solar_generation,Solar,2026-09-11T02:17:23Z
2026-09-11T02:16:40Z,2026-09-11T04:16:40+0200,87e6ba88-e4e0-4fda-9f0f-3a91adc2b4b5,2026-09-06T21:00:00Z,2026-09-06T23:00:00+0200,4.61851,MW,DK1,DK_1,actual_solar_generation,Solar,2026-09-11T02:17:23Z
2026-09-11T02:16:40Z,2026-09-11T04:16:40+0200,87e6ba88-e4e0-4fda-9f0f-3a91adc2b4b5,2026-09-06T21:15:00Z,2026-09-06T23:15:00+0200,5.39865,MW,DK1,DK_1,actual_solar_generation,Solar,2026-09-11T02:17:23Z
2026-09-11T02:16:40Z,2026-09-11T04:16:40+0200,87e6ba88-e4e0-4fda-9f0f-3a91adc2b4b5,2026-09-06T21:30:00Z,2026-09-06T23:30:00+0200,5.86576,MW,DK1,DK_1,actual_solar_generation,Solar,2026-09-11T02:17:23Z
2026-09-11T02:16:40Z,2026-09-11T04:16:40+0200,87e6ba88-e4e0-4fda-9f0f-3a91adc2b4b5,2026-09-06T21:45:00Z,2026-09-06T23:45:00+0200,6.24601,MW,DK1,DK_1,actual_solar_generation,Solar,2026-09-11T02:17:23Z
2026-09-11T02:16:40Z,2026-09-11T04:16:40+0200,87e6ba88-e4e0-4fda-9f0f-3a91adc2b4b5,2026-09-06T22:00:00Z,2026-09-07T00:00:00+0200,4.0419,MW,DK1,DK_1,actual_solar_generation,Solar,2026-09-11T02:17:23Z
2026-09-11T02:16:40Z,2026-09-11T04:16:40+0200,87e6ba88-e4e0-4fda-9f0f-3a91adc2b4b5,2026-09-06T22:15:00Z,2026-09-07T00:15:00+0200,6.05306,MW,DK1,DK_1,actual_solar_generation,Solar,2026-09-11T02:17:23Z
2026-09-11T02:16:40Z,2026-09-11T04:16:40+0200,87e6ba88-e4e0-4fda-9f0f-3a91adc2b4b5,2026-09-06T22:30:00Z,2026-09-07T00:30:00+0200,4.57167,MW,DK1,DK_1,actual_solar_generation,Solar,2026-09-11T02:17:23Z
2026-09-11T02:16:40Z,2026-09-11T04:16:40+0200,87e6ba88-e4e0-4fda-9f0f-3a91adc2b4b5,2026-09-06T22:45:00Z,2026-09-07T00:45:00+0200,0.50586,MW,DK1,DK_1,actual_solar_generation,Solar,2026-09-11T02:17:23Z
2026-09-11T02:16:40Z,2026-09-11T04:16:40+0200,87e6ba88-e4e0-4fda-9f0f-3a91adc2b4b5,2026-09-06T23:00:00Z,2026-09-07T01:00:00+0200,0.548272,MW,DK1,DK_1,actual_solar_generation,Solar,2026-09-11T02:17:23Z
2026-09-11T02:16:40Z,2026-09-11T04:16:40+0200,87e6ba88-e4e0-4fda-9f0f-3a91adc2b4b5,2026-09-06T23:15:00Z,2026-09-07T01:15:00+0200,0.513814,MW,DK1,DK_1,actual_solar_generation,Solar,2026-09-11T02:17:23Z
2026-09-11T02:16:40Z,2026-09-11T04:16:40+0200,87e6ba88-e4e0-4fda-9f0f-3a91adc2b4b5,2026-09-06T23:30:00Z,2026-09-07T01:30:00+0200,0.527312,MW,DK1,DK_1,actual_solar_generation,Solar,2026-09-11T02:17:23Z
2026-09-11T02:16:40Z,2026-09-11T04:16:40+0200,87e6ba88-e4e0-4fda-9f0f-3a91adc2b4b5,2026-09-06T23:45:00Z,2026-09-07T01:45:00+0200,0.617473,MW,DK1,DK_1,actual_solar_generation,Solar,2026-09-11T02:17:23Z
2026-09-11T02:16:40Z,2026-09-11T04:16:40+0200,87e6ba88-e4e0-4fda-9f0f-3a91adc2b4b5,2026-09-07T00:00:00Z,2026-09-07T02:00:00+0200,0.640687,MW,DK1,DK_1,actual_solar_generation,Solar,2026-09-11T02:17:23Z
2026-09-11T02:16:40Z,2026-09-11T04:16:40+0200,87e6ba88-e4e0-4fda-9f0f-3a91adc2b4b5,2026-09-07T00:15:00Z,2026-09-07T02:15:00+0200,0.585804,MW,DK1,DK_1,actual_solar_generation,Solar,2026-09-11T02:17:23Z
2026-09-11T02:16:40Z,2026-09-11T04:16:40+0200,87e6ba88-e4e0-4fda-9f0f-3a91adc2b4b5,2026-09-07T00:30:00Z,2026-09-07T02:30:00+0200,0.757329,MW,DK1,DK_1,actual_solar_generation,Solar,2026-09-11T02:17:23Z
2026-09-11T02:16:40Z,2026-09-11T04:16:40+0200,87e6ba88-e4e0-4fda-9f0f-3a91adc2b4b5,2026-09-07T00:45:00Z,2026-09-07T02:45:00+0200,1.46674,MW,DK1,DK_1,actual_solar_generation,Solar,2026-09-11T02:17:23Z
2026-09-11T02:16:40Z,2026-09-11T04:16:40+0200,87e6ba88-e4e0-4fda-9f0f-3a91adc2b4b5,2026-09-07T01:00:00Z,2026-09-07T03:00:00+0200,2.21167,MW,DK1,DK_1,actual_solar_generation,Solar,2026-09-11T02:17:23Z
2026-09-11T02:16:40Z,2026-09-11T04:16:40+0200,87e6ba88-e4e0-4fda-9f0f-3a91adc2b4b5,2026-09-07T01:15:00Z,2026-09-07T03:15:00+0200,2.00849,MW,DK1,DK_1,actual_solar_generation,Solar,2026-09-11T02:17:23Z
2026-09-11T02:16:40Z,2026-09-11T04:16:40+0200,87e6ba88-e4e0-4fda-9f0f-3a91adc2b4b5,2026-09-07T01:30:00Z,2026-09-07T03:30:00+0200,2.36198,MW,DK1,DK_1,actual_solar_generation,Solar,2026-09-11T02:17:23Z
2026-09-11T02:16:40Z,2026-09-11T04:16:40+0200,87e6ba88-e4e0-4fda-9f0f-3a91adc2b4b5,2026-09-07T01:45:00Z,2026-09-07T03:45:00+0200,3.06283,MW,DK1,DK_1,actual_solar_generation,Solar,2026-09-11T02:17:23Z
2026-09-11T02:16:40Z,2026-09-11T04:16:40+0200,87e6ba88-e4e0-4fda-9f0f-3a91adc2b4b5,2026-09-07T02:00:00Z,2026-09-07T04:00:00+0200,3.25379,MW,DK1,DK_1,actual_solar_generation,Solar,2026-09-11T02:17:23Z
2026-09-11T02:16:40Z,2026-09-11T04:16:40+0200,87e6ba88-e4e0-4fda-9f0f-3a91adc2b4b5,2026-09-07T02:15:00Z,2026-09-07T04:15:00+0200,2.74787,MW,DK1,DK_1,actual_solar_generation,Solar,2026-09-11T02:17:23Z
2026-09-11T02:16:40Z,2026-09-11T04:16:40+0200,87e6ba88-e4e0-4fda-9f0f-3a91adc2b4b5,2026-09-07T02:30:00Z,2026-09-07T04:30:00+0200,2.20707,MW,DK1,DK_1,actual_solar_generation,Solar,2026-09-11T02:17:23Z
2026-09-11T02:16:40Z,2026-09-11T04:16:40+0200,87e6ba88-e4e0-4fda-9f0f-3a91adc2b4b5,2026-09-07T02:45:00Z,2026-09-07T04:45:00+0200,1.51674,MW,DK1,DK_1,actual_solar_generation,Solar,2026-09-11T02:17:23Z
2026-09-11T02:16:40Z,2026-09-11T04:16:40+0200,87e6ba88-e4e0-4fda-9f0f-3a91adc2b4b5,2026-09-07T03:00:00Z,2026-09-07T05:00:00+0200,0.527365,MW,DK1,DK_1,actual_solar_generation,Solar,2026-09-11T02:17:23Z
2026-09-11T02:16:40Z,2026-09-11T04:16:40+0200,87e6ba88-e4e0-4fda-9f0f-3a91adc2b4b5,2026-09-07T03:15:00Z,2026-09-07T05:15:00+0200,0.53137,MW,DK1,DK_1,actual_solar_generation,Solar,2026-09-11T02:17:23Z
2026-09-11T02:16:40Z,2026-09-11T04:16:40+0200,87e6ba88-e4e0-4fda-9f0f-3a91adc2b4b5,2026-09-07T03:30:00Z,2026-09-07T05:30:00+0200,0.511179,MW,DK1,DK_1,actual_solar_generation,Solar,2026-09-11T02:17:23Z
2026-09-11T02:16:40Z,2026-09-11T04:16:40+0200,87e6ba88-e4e0-4fda-9f0f-3a91adc2b4b5,2026-09-07T03:45:00Z,2026-09-07T05:45:00+0200,0.517354,MW,DK1,DK_1,actual_solar_generation,Solar,2026-09-11T02:17:23Z
2026-09-11T02:16:40Z,2026-09-11T04:16:40+0200,87e6ba88-e4e0-4fda-9f0f-3a91adc2b4b5,2026-09-07T04:00:00Z,2026-09-07T06:00:00+0200,0.936502,MW,DK1,DK_1,actual_solar_generation,Solar,2026-09-11T02:17:23Z
2026-09-11T02:16:40Z,2026-09-11T04:16:40+0200,87e6ba88-e4e0-4fda-9f0f-3a91adc2b4b5,2026-09-07T04:15:00Z,2026-09-07T06:15:00+0200,5.97104,MW,DK1,DK_1,actual_solar_generation,Solar,2026-09-11T02:17:23Z
2026-09-11T02:16:40Z,2026-09-11T04:16:40+0200,87e6ba88-e4e0-4fda-9f0f-3a91adc2b4b5,2026-09-07T04:30:00Z,2026-09-07T06:30:00+0200,11.6273,MW,DK1,DK_1,actual_solar_generation,Solar,2026-09-11T02:17:23Z
2026-09-11T02:16:40Z,2026-09-11T04:16:40+0200,87e6ba88-e4e0-4fda-9f0f-3a91adc2b4b5,2026-09-07T04:45:00Z,2026-09-07T06:45:00+0200,29.8666,MW,DK1,DK_1,actual_solar_generation,Solar,2026-09-11T02:17:23Z
2026-09-11T02:16:40Z,2026-09-11T04:16:40+0200,87e6ba88-e4e0-4fda-9f0f-3a91adc2b4b5,2026-09-07T05:00:00Z,2026-09-07T07:00:00+0200,66.1473,MW,DK1,DK_1,actual_solar_generation,Solar,2026-09-11T02:17:23Z
2026-09-11T02:16:40Z,2026-09-11T04:16:40+0200,87e6ba88-e4e0-4fda-9f0f-3a91adc2b4b5,2026-09-07T05:15:00Z,2026-09-07T07:15:00+0200,104.98,MW,DK1,DK_1,actual_solar_generation,Solar,2026-09-11T02:17:23Z
2026-09-11T02:16:40Z,2026-09-11T04:16:40+0200,87e6ba88-e4e0-4fda-9f0f-3a91adc2b4b5,2026-09-07T05:30:00Z,2026-09-07T07:30:00+0200,141.808,MW,DK1,DK_1,actual_solar_generation,Solar,2026-09-11T02:17:23Z
2026-09-11T02:16:40Z,2026-09-11T04:16:40+0200,87e6ba88-e4e0-4fda-9f0f-3a91adc2b4b5,2026-09-07T05:45:00Z,2026-09-07T07:45:00+0200,231.882,MW,DK1,DK_1,actual_solar_generation,Solar,2026-09-11T02:17:23Z
2026-09-11T02:16:40Z,2026-09-11T04:16:40+0200,87e6ba88-e4e0-4fda-9f0f-3a91adc2b4b5,2026-09-07T06:00:00Z,2026-09-07T08:00:00+0200,391.089,MW,DK1,DK_1,actual_solar_generation,Solar,2026-09-11T02:17:23Z
2026-09-11T02:16:40Z,2026-09-11T04:16:40+0200,87e6ba88-e4e0-4fda-9f0f-3a91adc2b4b5,2026-09-07T06:15:00Z,2026-09-07T08:15:00+0200,453.386,MW,DK1,DK_1,actual_solar_generation,Solar,2026-09-11T02:17:23Z
2026-09-11T02:16:40Z,2026-09-11T04:16:40+0200,87e6ba88-e4e0-4fda-9f0f-3a91adc2b4b5,2026-09-07T06:30:00Z,2026-09-07T08:30:00+0200,619.354,MW,DK1,DK_1,actual_solar_generation,Solar,2026-09-11T02:17:23Z
2026-09-11T02:16:40Z,2026-09-11T04:16:40+0200,87e6ba88-e4e0-4fda-9f0f-3a91adc2b4b5,2026-09-07T06:45:00Z,2026-09-07T08:45:00+0200,779.102,MW,DK1,DK_1,actual_solar_generation,Solar,2026-09-11T02:17:23Z
2026-09-11T02:16:40Z,2026-09-11T04:16:40+0200,87e6ba88-e4e0-4fda-9f0f-3a91adc2b4b5,2026-09-07T07:00:00Z,2026-09-07T09:00:00+0200,869.644,MW,DK1,DK_1,actual_solar_generation,Solar,2026-09-11T02:17:23Z
2026-09-11T02:16:40Z,2026-09-11T04:16:40+0200,87e6ba88-e4e0-4fda-9f0f-3a91adc2b4b5,2026-09-07T07:15:00Z,2026-09-07T09:15:00+0200,966.558,MW,DK1,DK_1,actual_solar_generation,Solar,2026-09-11T02:17:23Z
2026-09-11T02:16:40Z,2026-09-11T04:16:40+0200,87e6ba88-e4e0-4fda-9f0f-3a91adc2b4b5,2026-09-07T07:30:00Z,2026-09-07T09:30:00+0200,1154.96,MW,DK1,DK_1,actual_solar_generation,Solar,2026-09-11T02:17:23Z
2026-09-11T02:16:40Z,2026-09-11T04:16:40+0200,87e6ba88-e4e0-4fda-9f0f-3a91adc2b4b5,2026-09-07T07:45:00Z,2026-09-07T09:45:00+0200,1294.64,MW,DK1,DK_1,actual_solar_generation,Solar,2026-09-11T02:17:23Z
2026-09-11T02:16:40Z,2026-09-11T04:16:40+0200,87e6ba88-e4e0-4fda-9f0f-3a91adc2b4b5,2026-09-07T08:00:00Z,2026-09-07T10:00:00+0200,1455.04,MW,DK1,DK_1,actual_solar_generation,Solar,2026-09-11T02:17:23Z
2026-09-11T02:16:40Z,2026-09-11T04:16:40+0200,87e6ba88-e4e0-4fda-9f0f-3a91adc2b4b5,2026-09-07T08:15:00Z,2026-09-07T10:15:00+0200,1683.04,MW,DK1,DK_1,actual_solar_generation,Solar,2026-09-11T02:17:23Z
2026-09-11T02:16:40Z,2026-09-11T04:16:40+0200,87e6ba88-e4e0-4fda-9f0f-3a91adc2b4b5,2026-09-07T08:30:00Z,2026-09-07T10:30:00+0200,1850.49,MW,DK1,DK_1,actual_solar_generation,Solar,2026-09-11T02:17:23Z
2026-09-11T02:16:40Z,2026-09-11T04:16:40+0200,87e6ba88-e4e0-4fda-9f0f-3a91adc2b4b5,2026-09-07T08:45:00Z,2026-09-07T10:45:00+0200,1816.44,MW,DK1,DK_1,actual_solar_generation,Solar,2026-09-11T02:17:23Z
2026-09-11T02:16:40Z,2026-09-11T04:16:40+0200,87e6ba88-e4e0-4fda-9f0f-3a91adc2b4b5,2026-09-07T09:00:00Z,2026-09-07T11:00:00+0200,1959.64,MW,DK1,DK_1,actual_solar_generation,Solar,2026-09-11T02:17:23Z
2026-09-11T02:16:40Z,2026-09-11T04:16:40+0200,87e6ba88-e4e0-4fda-9f0f-3a91adc2b4b5,2026-09-07T09:15:00Z,2026-09-07T11:15:00+0200,2085.87,MW,DK1,DK_1,actual_solar_generation,Solar,2026-09-11T02:17:23Z
2026-09-11T02:16:40Z,2026-09-11T04:16:40+0200,87e6ba88-e4e0-4fda-9f0f-3a91adc2b4b5,2026-09-07T09:30:00Z,2026-09-07T11:30:00+0200,2393.87,MW,DK1,DK_1,actual_solar_generation,Solar,2026-09-11T02:17:23Z
2026-09-11T02:16:40Z,2026-09-11T04:16:40+0200,87e6ba88-e4e0-4fda-9f0f-3a91adc2b4b5,2026-09-07T09:45:00Z,2026-09-07T11:45:00+0200,2188.44,MW,DK1,DK_1,actual_solar_generation,Solar,2026-09-11T02:17:23Z
2026-09-11T02:16:40Z,2026-09-11T04:16:40+0200,87e6ba88-e4e0-4fda-9f0f-3a91adc2b4b5,2026-09-07T10:00:00Z,2026-09-07T12:00:00+0200,2362.32,MW,DK1,DK_1,actual_solar_generation,Solar,2026-09-11T02:17:23Z
2026-09-11T02:16:40Z,2026-09-11T04:16:40+0200,87e6ba88-e4e0-4fda-9f0f-3a91adc2b4b5,2026-09-07T10:15:00Z,2026-09-07T12:15:00+0200,2086.36,MW,DK1,DK_1,actual_solar_generation,Solar,2026-09-11T02:17:23Z
2026-09-11T02:16:40Z,2026-09-11T04:16:40+0200,87e6ba88-e4e0-4fda-9f0f-3a91adc2b4b5,2026-09-07T10:30:00Z,2026-09-07T12:30:00+0200,2017.97,MW,DK1,DK_1,actual_solar_generation,Solar,2026-09-11T02:17:23Z
2026-09-11T02:16:40Z,2026-09-11T04:16:40+0200,87e6ba88-e4e0-4fda-9f0f-3a91adc2b4b5,2026-09-07T10:45:00Z,2026-09-07T12:45:00+0200,1921.72,MW,DK1,DK_1,actual_solar_generation,Solar,2026-09-11T02:17:23Z
2026-09-11T02:16:40Z,2026-09-11T04:16:40+0200,87e6ba88-e4e0-4fda-9f0f-3a91adc2b4b5,2026-09-07T11:00:00Z,2026-09-07T13:00:00+0200,2033.0,MW,DK1,DK_1,actual_solar_generation,Solar,2026-09-11T02:17:23Z
2026-09-11T02:16:40Z,2026-09-11T04:16:40+0200,87e6ba88-e4e0-4fda-9f0f-3a91adc2b4b5,2026-09-07T11:15:00Z,2026-09-07T13:15:00+0200,2189.88,MW,DK1,DK_1,actual_solar_generation,Solar,2026-09-11T02:17:23Z
2026-09-11T02:16:40Z,2026-09-11T04:16:40+0200,87e6ba88-e4e0-4fda-9f0f-3a91adc2b4b5,2026-09-07T11:30:00Z,2026-09-07T13:30:00+0200,2143.78,MW,DK1,DK_1,actual_solar_generation,Solar,2026-09-11T02:17:23Z
2026-09-11T02:16:40Z,2026-09-11T04:16:40+0200,87e6ba88-e4e0-4fda-9f0f-3a91adc2b4b5,2026-09-07T11:45:00Z,2026-09-07T13:45:00+0200,2049.12,MW,DK1,DK_1,actual_solar_generation,Solar,2026-09-11T02:17:23Z
2026-09-11T02:16:40Z,2026-09-11T04:16:40+0200,87e6ba88-e4e0-4fda-9f0f-3a91adc2b4b5,2026-09-07T12:00:00Z,2026-09-07T14:00:00+0200,2380.21,MW,DK1,DK_1,actual_solar_generation,Solar,2026-09-11T02:17:23Z
2026-09-11T02:16:40Z,2026-09-11T04:16:40+0200,87e6ba88-e4e0-4fda-9f0f-3a91adc2b4b5,2026-09-07T12:15:00Z,2026-09-07T14:15:00+0200,2454.43,MW,DK1,DK_1,actual_solar_generation,Solar,2026-09-11T02:17:23Z
2026-09-11T02:16:40Z,2026-09-11T04:16:40+0200,87e6ba88-e4e0-4fda-9f0f-3a91adc2b4b5,2026-09-07T12:30:00Z,2026-09-07T14:30:00+0200,2220.92,MW,DK1,DK_1,actual_solar_generation,Solar,2026-09-11T02:17:23Z
2026-09-11T02:16:40Z,2026-09-11T04:16:40+0200,87e6ba88-e4e0-4fda-9f0f-3a91adc2b4b5,2026-09-07T12:45:00Z,2026-09-07T14:45:00+0200,1992.15,MW,DK1,DK_1,actual_solar_generation,Solar,2026-09-11T02:17:23Z
2026-09-11T02:16:40Z,2026-09-11T04:16:40+0200,87e6ba88-e4e0-4fda-9f0f-3a91adc2b4b5,2026-09-07T13:00:00Z,2026-09-07T15:00:00+0200,1739.06,MW,DK1,DK_1,actual_solar_generation,Solar,2026-09-11T02:17:23Z
2026-09-11T02:16:40Z,2026-09-11T04:16:40+0200,87e6ba88-e4e0-4fda-9f0f-3a91adc2b4b5,2026-09-07T13:15:00Z,2026-09-07T15:15:00+0200,1735.18,MW,DK1,DK_1,actual_solar_generation,Solar,2026-09-11T02:17:23Z
2026-09-11T02:16:40Z,2026-09-11T04:16:40+0200,87e6ba88-e4e0-4fda-9f0f-3a91adc2b4b5,2026-09-07T13:30:00Z,2026-09-07T15:30:00+0200,1866.96,MW,DK1,DK_1,actual_solar_generation,Solar,2026-09-11T02:17:23Z
2026-09-11T02:16:40Z,2026-09-11T04:16:40+0200,87e6ba88-e4e0-4fda-9f0f-3a91adc2b4b5,2026-09-07T13:45:00Z,2026-09-07T15:45:00+0200,1774.19,MW,DK1,DK_1,actual_solar_generation,Solar,2026-09-11T02:17:23Z
2026-09-11T02:16:40Z,2026-09-11T04:16:40+0200,87e6ba88-e4e0-4fda-9f0f-3a91adc2b4b5,2026-09-07T14:00:00Z,2026-09-07T16:00:00+0200,1680.75,MW,DK1,DK_1,actual_solar_generation,Solar,2026-09-11T02:17:23Z
2026-09-11T02:16:40Z,2026-09-11T04:16:40+0200,87e6ba88-e4e0-4fda-9f0f-3a91adc2b4b5,2026-09-07T14:15:00Z,2026-09-07T16:15:00+0200,1536.04,MW,DK1,DK_1,actual_solar_generation,Solar,2026-09-11T02:17:23Z
2026-09-11T02:16:40Z,2026-09-11T04:16:40+0200,87e6ba88-e4e0-4fda-9f0f-3a91adc2b4b5,2026-09-07T14:30:00Z,2026-09-07T16:30:00+0200,1430.09,MW,DK1,DK_1,actual_solar_generation,Solar,2026-09-11T02:17:23Z
2026-09-11T02:16:40Z,2026-09-11T04:16:40+0200,87e6ba88-e4e0-4fda-9f0f-3a91adc2b4b5,2026-09-07T14:45:00Z,2026-09-07T16:45:00+0200,1336.72,MW,DK1,DK_1,actual_solar_generation,Solar,2026-09-11T02:17:23Z
2026-09-11T02:16:40Z,2026-09-11T04:16:40+0200,87e6ba88-e4e0-4fda-9f0f-3a91adc2b4b5,2026-09-07T15:00:00Z,2026-09-07T17:00:00+0200,1026.31,MW,DK1,DK_1,actual_solar_generation,Solar,2026-09-11T02:17:23Z
2026-09-11T02:16:40Z,2026-09-11T04:16:40+0200,87e6ba88-e4e0-4fda-9f0f-3a91adc2b4b5,2026-09-07T15:15:00Z,2026-09-07T17:15:00+0200,938.449,MW,DK1,DK_1,actual_solar_generation,Solar,2026-09-11T02:17:23Z
2026-09-11T02:16:40Z,2026-09-11T04:16:40+0200,87e6ba88-e4e0-4fda-9f0f-3a91adc2b4b5,2026-09-07T15:30:00Z,2026-09-07T17:30:00+0200,674.249,MW,DK1,DK_1,actual_solar_generation,Solar,2026-09-11T02:17:23Z
2026-09-11T02:16:40Z,2026-09-11T04:16:40+0200,87e6ba88-e4e0-4fda-9f0f-3a91adc2b4b5,2026-09-07T15:45:00Z,2026-09-07T17:45:00+0200,517.729,MW,DK1,DK_1,actual_solar_generation,Solar,2026-09-11T02:17:23Z
2026-09-11T02:16:40Z,2026-09-11T04:16:40+0200,87e6ba88-e4e0-4fda-9f0f-3a91adc2b4b5,2026-09-07T16:00:00Z,2026-09-07T18:00:00+0200,423.905,MW,DK1,DK_1,actual_solar_generation,Solar,2026-09-11T02:17:23Z
2026-09-11T02:16:40Z,2026-09-11T04:16:40+0200,87e6ba88-e4e0-4fda-9f0f-3a91adc2b4b5,2026-09-07T16:15:00Z,2026-09-07T18:15:00+0200,345.593,MW,DK1,DK_1,actual_solar_generation,Solar,2026-09-11T02:17:23Z
2026-09-11T02:16:40Z,2026-09-11T04:16:40+0200,87e6ba88-e4e0-4fda-9f0f-3a91adc2b4b5,2026-09-07T16:30:00Z,2026-09-07T18:30:00+0200,241.118,MW,DK1,DK_1,actual_solar_generation,Solar,2026-09-11T02:17:23Z
2026-09-11T02:16:40Z,2026-09-11T04:16:40+0200,87e6ba88-e4e0-4fda-9f0f-3a91adc2b4b5,2026-09-07T16:45:00Z,2026-09-07T18:45:00+0200,158.062,MW,DK1,DK_1,actual_solar_generation,Solar,2026-09-11T02:17:23Z
2026-09-11T02:16:40Z,2026-09-11T04:16:40+0200,87e6ba88-e4e0-4fda-9f0f-3a91adc2b4b5,2026-09-07T17:00:00Z,2026-09-07T19:00:00+0200,151.27,MW,DK1,DK_1,actual_solar_generation,Solar,2026-09-11T02:17:23Z
2026-09-11T02:16:40Z,2026-09-11T04:16:40+0200,87e6ba88-e4e0-4fda-9f0f-3a91adc2b4b5,2026-09-07T17:15:00Z,2026-09-07T19:15:00+0200,117.231,MW,DK1,DK_1,actual_solar_generation,Solar,2026-09-11T02:17:23Z
2026-09-11T02:16:40Z,2026-09-11T04:16:40+0200,87e6ba88-e4e0-4fda-9f0f-3a91adc2b4b5,2026-09-07T17:30:00Z,2026-09-07T19:30:00+0200,86.1588,MW,DK1,DK_1,actual_solar_generation,Solar,2026-09-11T02:17:23Z
2026-09-11T02:16:40Z,2026-09-11T04:16:40+0200,87e6ba88-e4e0-4fda-9f0f-3a91adc2b4b5,2026-09-07T17:45:00Z,2026-09-07T19:45:00+0200,70.9262,MW,DK1,DK_1,actual_solar_generation,Solar,2026-09-11T02:17:23Z
2026-09-11T02:16:40Z,2026-09-11T04:16:40+0200,87e6ba88-e4e0-4fda-9f0f-3a91adc2b4b5,2026-09-07T18:00:00Z,2026-09-07T20:00:00+0200,25.3465,MW,DK1,DK_1,actual_solar_generation,Solar,2026-09-11T02:17:23Z
2026-09-11T02:16:40Z,2026-09-11T04:16:40+0200,87e6ba88-e4e0-4fda-9f0f-3a91adc2b4b5,2026-09-07T18:15:00Z,2026-09-07T20:15:00+0200,17.1111,MW,DK1,DK_1,actual_solar_generation,Solar,2026-09-11T02:17:23Z
2026-09-11T02:16:40Z,2026-09-11T04:16:40+0200,87e6ba88-e4e0-4fda-9f0f-3a91adc2b4b5,2026-09-07T18:30:00Z,2026-09-07T20:30:00+0200,15.2688,MW,DK1,DK_1,actual_solar_generation,Solar,2026-09-11T02:17:23Z
2026-09-11T02:16:40Z,2026-09-11T04:16:40+0200,87e6ba88-e4e0-4fda-9f0f-3a91adc2b4b5,2026-09-07T18:45:00Z,2026-09-07T20:45:00+0200,12.4756,MW,DK1,DK_1,actual_solar_generation,Solar,2026-09-11T02:17:23Z
2026-09-11T02:16:40Z,2026-09-11T04:16:40+0200,87e6ba88-e4e0-4fda-9f0f-3a91adc2b4b5,2026-09-07T19:00:00Z,2026-09-07T21:00:00+0200,51.6215,MW,DK1,DK_1,actual_solar_generation,Solar,2026-09-11T02:17:23Z
2026-09-11T02:16:40Z,2026-09-11T04:16:40+0200,87e6ba88-e4e0-4fda-9f0f-3a91adc2b4b5,2026-09-07T19:15:00Z,2026-09-07T21:15:00+0200,50.6001,MW,DK1,DK_1,actual_solar_generation,Solar,2026-09-11T02:17:23Z
2026-09-11T02:16:40Z,2026-09-11T04:16:40+0200,87e6ba88-e4e0-4fda-9f0f-3a91adc2b4b5,2026-09-07T19:30:00Z,2026-09-07T21:30:00+0200,49.9959,MW,DK1,DK_1,actual_solar_generation,Solar,2026-09-11T02:17:23Z
2026-09-11T02:16:40Z,2026-09-11T04:16:40+0200,87e6ba88-e4e0-4fda-9f0f-3a91adc2b4b5,2026-09-07T19:45:00Z,2026-09-07T21:45:00+0200,50.3563,MW,DK1,DK_1,actual_solar_generation,Solar,2026-09-11T02:17:23Z
2026-09-11T02:16:40Z,2026-09-11T04:16:40+0200,87e6ba88-e4e0-4fda-9f0f-3a91adc2b4b5,2026-09-07T20:00:00Z,2026-09-07T22:00:00+0200,28.6525,MW,DK1,DK_1,actual_solar_generation,Solar,2026-09-11T02:17:23Z
2026-09-11T02:16:40Z,2026-09-11T04:16:40+0200,87e6ba88-e4e0-4fda-9f0f-3a91adc2b4b5,2026-09-07T20:15:00Z,2026-09-07T22:15:00+0200,20.4945,MW,DK1,DK_1,actual_solar_generation,Solar,2026-09-11T02:17:23Z
2026-09-11T02:16:40Z,2026-09-11T04:16:40+0200,87e6ba88-e4e0-4fda-9f0f-3a91adc2b4b5,2026-09-07T20:30:00Z,2026-09-07T22:30:00+0200,22.5848,MW,DK1,DK_1,actual_solar_generation,Solar,2026-09-11T02:17:23Z
2026-09-11T02:16:40Z,2026-09-11T04:16:40+0200,87e6ba88-e4e0-4fda-9f0f-3a91adc2b4b5,2026-09-07T20:45:00Z,2026-09-07T22:45:00+0200,22.6585,MW,DK1,DK_1,actual_solar_generation,Solar,2026-09-11T02:17:23Z
2026-09-11T02:16:40Z,2026-09-11T04:16:40+0200,87e6ba88-e4e0-4fda-9f0f-3a91adc2b4b5,2026-09-07T21:00:00Z,2026-09-07T23:00:00+0200,22.6065,MW,DK1,DK_1,actual_solar_generation,Solar,2026-09-11T02:17:23Z
2026-09-11T02:16:40Z,2026-09-11T04:16:40+0200,87e6ba88-e4e0-4fda-9f0f-3a91adc2b4b5,2026-09-07T21:15:00Z,2026-09-07T23:15:00+0200,22.4927,MW,DK1,DK_1,actual_solar_generation,Solar,2026-09-11T02:17:23Z
2026-09-11T02:16:40Z,2026-09-11T04:16:40+0200,87e6ba88-e4e0-4fda-9f0f-3a91adc2b4b5,2026-09-07T21:30:00Z,2026-09-07T23:30:00+0200,22.484,MW,DK1,DK_1,actual_solar_generation,Solar,2026-09-11T02:17:23Z
2026-09-11T02:16:40Z,2026-09-11T04:16:40+0200,87e6ba88-e4e0-4fda-9f0f-3a91adc2b4b5,2026-09-07T21:45:00Z,2026-09-07T23:45:00+0200,2.47472,MW,DK1,DK_1,actual_solar_generation,Solar,2026-09-11T02:17:23Z
2026-09-11T02:16:40Z,2026-09-11T04:16:40+0200,87e6ba88-e4e0-4fda-9f0f-3a91adc2b4b5,2026-09-07T22:00:00Z,2026-09-08T00:00:00+0200,0.592916,MW,DK1,DK_1,actual_solar_generation,Solar,2026-09-11T02:17:23Z
2026-09-11T02:16:40Z,2026-09-11T04:16:40+0200,87e6ba88-e4e0-4fda-9f0f-3a91adc2b4b5,2026-09-07T22:15:00Z,2026-09-08T00:15:00+0200,0.692535,MW,DK1,DK_1,actual_solar_generation,Solar,2026-09-11T02:17:23Z
2026-09-11T02:16:40Z,2026-09-11T04:16:40+0200,87e6ba88-e4e0-4fda-9f0f-3a91adc2b4b5,2026-09-07T22:30:00Z,2026-09-08T00:30:00+0200,0.690482,MW,DK1,DK_1,actual_solar_generation,Solar,2026-09-11T02:17:23Z
2026-09-11T02:16:40Z,2026-09-11T04:16:40+0200,87e6ba88-e4e0-4fda-9f0f-3a91adc2b4b5,2026-09-07T22:45:00Z,2026-09-08T00:45:00+0200,0.737696,MW,DK1,DK_1,actual_solar_generation,Solar,2026-09-11T02:17:23Z
2026-09-11T02:16:40Z,2026-09-11T04:16:40+0200,87e6ba88-e4e0-4fda-9f0f-3a91adc2b4b5,2026-09-07T23:00:00Z,2026-09-08T01:00:00+0200,0.701857,MW,DK1,DK_1,actual_solar_generation,Solar,2026-09-11T02:17:23Z
2026-09-11T02:16:40Z,2026-09-11T04:16:40+0200,87e6ba88-e4e0-4fda-9f0f-3a91adc2b4b5,2026-09-07T23:15:00Z,2026-09-08T01:15:00+0200,0.684216,MW,DK1,DK_1,actual_solar_generation,Solar,2026-09-11T02:17:23Z
2026-09-11T02:16:40Z,2026-09-11T04:16:40+0200,87e6ba88-e4e0-4fda-9f0f-3a91adc2b4b5,2026-09-07T23:30:00Z,2026-09-08T01:30:00+0200,0.727792,MW,DK1,DK_1,actual_solar_generation,Solar,2026-09-11T02:17:23Z
2026-09-11T02:16:40Z,2026-09-11T04:16:40+0200,87e6ba88-e4e0-4fda-9f0f-3a91adc2b4b5,2026-09-07T23:45:00Z,2026-09-08T01:45:00+0200,0.654545,MW,DK1,DK_1,actual_solar_generation,Solar,2026-09-11T02:17:23Z
2026-09-11T02:16:40Z,2026-09-11T04:16:40+0200,87e6ba88-e4e0-4fda-9f0f-3a91adc2b4b5,2026-09-08T00:00:00Z,2026-09-08T02:00:00+0200,0.539396,MW,DK1,DK_1,actual_solar_generation,Solar,2026-09-11T02:17:23Z
2026-09-11T02:16:40Z,2026-09-11T04:16:40+0200,87e6ba88-e4e0-4fda-9f0f-3a91adc2b4b5,2026-09-08T00:15:00Z,2026-09-08T02:15:00+0200,0.467492,MW,DK1,DK_1,actual_solar_generation,Solar,2026-09-11T02:17:23Z
2026-09-11T02:16:40Z,2026-09-11T04:16:40+0200,87e6ba88-e4e0-4fda-9f0f-3a91adc2b4b5,2026-09-08T00:30:00Z,2026-09-08T02:30:00+0200,0.568745,MW,DK1,DK_1,actual_solar_generation,Solar,2026-09-11T02:17:23Z
2026-09-11T02:16:40Z,2026-09-11T04:16:40+0200,87e6ba88-e4e0-4fda-9f0f-3a91adc2b4b5,2026-09-08T00:45:00Z,2026-09-08T02:45:00+0200,2.52621,MW,DK1,DK_1,actual_solar_generation,Solar,2026-09-11T02:17:23Z
2026-09-11T02:16:40Z,2026-09-11T04:16:40+0200,87e6ba88-e4e0-4fda-9f0f-3a91adc2b4b5,2026-09-08T01:00:00Z,2026-09-08T03:00:00+0200,2.90579,MW,DK1,DK_1,actual_solar_generation,Solar,2026-09-11T02:17:23Z
2026-09-11T02:16:40Z,2026-09-11T04:16:40+0200,87e6ba88-e4e0-4fda-9f0f-3a91adc2b4b5,2026-09-08T01:15:00Z,2026-09-08T03:15:00+0200,2.3525,MW,DK1,DK_1,actual_solar_generation,Solar,2026-09-11T02:17:23Z
2026-09-11T02:16:40Z,2026-09-11T04:16:40+0200,87e6ba88-e4e0-4fda-9f0f-3a91adc2b4b5,2026-09-08T01:30:00Z,2026-09-08T03:30:00+0200,2.90793,MW,DK1,DK_1,actual_solar_generation,Solar,2026-09-11T02:17:23Z
2026-09-11T02:16:40Z,2026-09-11T04:16:40+0200,87e6ba88-e4e0-4fda-9f0f-3a91adc2b4b5,2026-09-08T01:45:00Z,2026-09-08T03:45:00+0200,0.610163,MW,DK1,DK_1,actual_solar_generation,Solar,2026-09-11T02:17:23Z
2026-09-11T02:16:40Z,2026-09-11T04:16:40+0200,87e6ba88-e4e0-4fda-9f0f-3a91adc2b4b5,2026-09-08T02:00:00Z,2026-09-08T04:00:00+0200,0.473156,MW,DK1,DK_1,actual_solar_generation,Solar,2026-09-11T02:17:23Z
2026-09-11T02:16:40Z,2026-09-11T04:16:40+0200,87e6ba88-e4e0-4fda-9f0f-3a91adc2b4b5,2026-09-08T02:15:00Z,2026-09-08T04:15:00+0200,0.524402,MW,DK1,DK_1,actual_solar_generation,Solar,2026-09-11T02:17:23Z
2026-09-11T02:16:40Z,2026-09-11T04:16:40+0200,87e6ba88-e4e0-4fda-9f0f-3a91adc2b4b5,2026-09-08T02:30:00Z,2026-09-08T04:30:00+0200,2.81907,MW,DK1,DK_1,actual_solar_generation,Solar,2026-09-11T02:17:23Z
2026-09-11T02:16:40Z,2026-09-11T04:16:40+0200,87e6ba88-e4e0-4fda-9f0f-3a91adc2b4b5,2026-09-08T02:45:00Z,2026-09-08T04:45:00+0200,2.82885,MW,DK1,DK_1,actual_solar_generation,Solar,2026-09-11T02:17:23Z
2026-09-11T02:16:40Z,2026-09-11T04:16:40+0200,87e6ba88-e4e0-4fda-9f0f-3a91adc2b4b5,2026-09-08T03:00:00Z,2026-09-08T05:00:00+0200,0.701684,MW,DK1,DK_1,actual_solar_generation,Solar,2026-09-11T02:17:23Z
2026-09-11T02:16:40Z,2026-09-11T04:16:40+0200,87e6ba88-e4e0-4fda-9f0f-3a91adc2b4b5,2026-09-08T03:15:00Z,2026-09-08T05:15:00+0200,0.470501,MW,DK1,DK_1,actual_solar_generation,Solar,2026-09-11T02:17:23Z
2026-09-11T02:16:40Z,2026-09-11T04:16:40+0200,87e6ba88-e4e0-4fda-9f0f-3a91adc2b4b5,2026-09-08T03:30:00Z,2026-09-08T05:30:00+0200,0.646382,MW,DK1,DK_1,actual_solar_generation,Solar,2026-09-11T02:17:23Z
2026-09-11T02:16:40Z,2026-09-11T04:16:40+0200,87e6ba88-e4e0-4fda-9f0f-3a91adc2b4b5,2026-09-08T03:45:00Z,2026-09-08T05:45:00+0200,0.665386,MW,DK1,DK_1,actual_solar_generation,Solar,2026-09-11T02:17:23Z
2026-09-11T02:16:40Z,2026-09-11T04:16:40+0200,87e6ba88-e4e0-4fda-9f0f-3a91adc2b4b5,2026-09-08T04:00:00Z,2026-09-08T06:00:00+0200,0.600368,MW,DK1,DK_1,actual_solar_generation,Solar,2026-09-11T02:17:23Z
2026-09-11T02:16:40Z,2026-09-11T04:16:40+0200,87e6ba88-e4e0-4fda-9f0f-3a91adc2b4b5,2026-09-08T04:15:00Z,2026-09-08T06:15:00+0200,4.96642,MW,DK1,DK_1,actual_solar_generation,Solar,2026-09-11T02:17:23Z
2026-09-11T02:16:40Z,2026-09-11T04:16:40+0200,87e6ba88-e4e0-4fda-9f0f-3a91adc2b4b5,2026-09-08T04:30:00Z,2026-09-08T06:30:00+0200,5.32285,MW,DK1,DK_1,actual_solar_generation,Solar,2026-09-11T02:17:23Z
2026-09-11T02:16:40Z,2026-09-11T04:16:40+0200,87e6ba88-e4e0-4fda-9f0f-3a91adc2b4b5,2026-09-08T04:45:00Z,2026-09-08T06:45:00+0200,7.71671,MW,DK1,DK_1,actual_solar_generation,Solar,2026-09-11T02:17:23Z
2026-09-11T02:16:40Z,2026-09-11T04:16:40+0200,87e6ba88-e4e0-4fda-9f0f-3a91adc2b4b5,2026-09-08T05:00:00Z,2026-09-08T07:00:00+0200,23.3718,MW,DK1,DK_1,actual_solar_generation,Solar,2026-09-11T02:17:23Z
2026-09-11T02:16:40Z,2026-09-11T04:16:40+0200,87e6ba88-e4e0-4fda-9f0f-3a91adc2b4b5,2026-09-08T05:15:00Z,2026-09-08T07:15:00+0200,57.7718,MW,DK1,DK_1,actual_solar_generation,Solar,2026-09-11T02:17:23Z
2026-09-11T02:16:40Z,2026-09-11T04:16:40+0200,87e6ba88-e4e0-4fda-9f0f-3a91adc2b4b5,2026-09-08T05:30:00Z,2026-09-08T07:30:00+0200,85.8786,MW,DK1,DK_1,actual_solar_generation,Solar,2026-09-11T02:17:23Z
2026-09-11T02:16:40Z,2026-09-11T04:16:40+0200,87e6ba88-e4e0-4fda-9f0f-3a91adc2b4b5,2026-09-08T05:45:00Z,2026-09-08T07:45:00+0200,134.247,MW,DK1,DK_1,actual_solar_generation,Solar,2026-09-11T02:17:23Z
2026-09-11T02:16:40Z,2026-09-11T04:16:40+0200,87e6ba88-e4e0-4fda-9f0f-3a91adc2b4b5,2026-09-08T06:00:00Z,2026-09-08T08:00:00+0200,178.391,MW,DK1,DK_1,actual_solar_generation,Solar,2026-09-11T02:17:23Z
2026-09-11T02:16:40Z,2026-09-11T04:16:40+0200,87e6ba88-e4e0-4fda-9f0f-3a91adc2b4b5,2026-09-08T06:15:00Z,2026-09-08T08:15:00+0200,236.085,MW,DK1,DK_1,actual_solar_generation,Solar,2026-09-11T02:17:23Z
2026-09-11T02:16:40Z,2026-09-11T04:16:40+0200,87e6ba88-e4e0-4fda-9f0f-3a91adc2b4b5,2026-09-08T06:30:00Z,2026-09-08T08:30:00+0200,293.502,MW,DK1,DK_1,actual_solar_generation,Solar,2026-09-11T02:17:23Z
2026-09-11T02:16:40Z,2026-09-11T04:16:40+0200,87e6ba88-e4e0-4fda-9f0f-3a91adc2b4b5,2026-09-08T06:45:00Z,2026-09-08T08:45:00+0200,357.808,MW,DK1,DK_1,actual_solar_generation,Solar,2026-09-11T02:17:23Z
2026-09-11T02:16:40Z,2026-09-11T04:16:40+0200,87e6ba88-e4e0-4fda-9f0f-3a91adc2b4b5,2026-09-08T07:00:00Z,2026-09-08T09:00:00+0200,422.719,MW,DK1,DK_1,actual_solar_generation,Solar,2026-09-11T02:17:23Z
2026-09-11T02:16:40Z,2026-09-11T04:16:40+0200,87e6ba88-e4e0-4fda-9f0f-3a91adc2b4b5,2026-09-08T07:15:00Z,2026-09-08T09:15:00+0200,521.377,MW,DK1,DK_1,actual_solar_generation,Solar,2026-09-11T02:17:23Z
2026-09-11T02:16:40Z,2026-09-11T04:16:40+0200,87e6ba88-e4e0-4fda-9f0f-3a91adc2b4b5,2026-09-08T07:30:00Z,2026-09-08T09:30:00+0200,667.445,MW,DK1,DK_1,actual_solar_generation,Solar,2026-09-11T02:17:23Z
2026-09-11T02:16:40Z,2026-09-11T04:16:40+0200,87e6ba88-e4e0-4fda-9f0f-3a91adc2b4b5,2026-09-08T07:45:00Z,2026-09-08T09:45:00+0200,775.072,MW,DK1,DK_1,actual_solar_generation,Solar,2026-09-11T02:17:23Z
2026-09-11T02:16:40Z,2026-09-11T04:16:40+0200,87e6ba88-e4e0-4fda-9f0f-3a91adc2b4b5,2026-09-08T08:00:00Z,2026-09-08T10:00:00+0200,862.725,MW,DK1,DK_1,actual_solar_generation,Solar,2026-09-11T02:17:23Z
2026-09-11T02:16:40Z,2026-09-11T04:16:40+0200,87e6ba88-e4e0-4fda-9f0f-3a91adc2b4b5,2026-09-08T08:15:00Z,2026-09-08T10:15:00+0200,783.305,MW,DK1,DK_1,actual_solar_generation,Solar,2026-09-11T02:17:23Z
2026-09-11T02:16:40Z,2026-09-11T04:16:40+0200,87e6ba88-e4e0-4fda-9f0f-3a91adc2b4b5,2026-09-08T08:30:00Z,2026-09-08T10:30:00+0200,959.703,MW,DK1,DK_1,actual_solar_generation,Solar,2026-09-11T02:17:23Z
2026-09-11T02:16:40Z,2026-09-11T04:16:40+0200,87e6ba88-e4e0-4fda-9f0f-3a91adc2b4b5,2026-09-08T08:45:00Z,2026-09-08T10:45:00+0200,1031.72,MW,DK1,DK_1,actual_solar_generation,Solar,2026-09-11T02:17:23Z
2026-09-11T02:16:40Z,2026-09-11T04:16:40+0200,87e6ba88-e4e0-4fda-9f0f-3a91adc2b4b5,2026-09-08T09:00:00Z,2026-09-08T11:00:00+0200,1060.77,MW,DK1,DK_1,actual_solar_generation,Solar,2026-09-11T02:17:23Z
2026-09-11T02:16:40Z,2026-09-11T04:16:40+0200,87e6ba88-e4e0-4fda-9f0f-3a91adc2b4b5,2026-09-08T09:15:00Z,2026-09-08T11:15:00+0200,1182.54,MW,DK1,DK_1,actual_solar_generation,Solar,2026-09-11T02:17:23Z
2026-09-11T02:16:40Z,2026-09-11T04:16:40+0200,87e6ba88-e4e0-4fda-9f0f-3a91adc2b4b5,2026-09-08T09:30:00Z,2026-09-08T11:30:00+0200,1248.65,MW,DK1,DK_1,actual_solar_generation,Solar,2026-09-11T02:17:23Z
2026-09-11T02:16:40Z,2026-09-11T04:16:40+0200,87e6ba88-e4e0-4fda-9f0f-3a91adc2b4b5,2026-09-08T09:45:00Z,2026-09-08T11:45:00+0200,1001.95,MW,DK1,DK_1,actual_solar_generation,Solar,2026-09-11T02:17:23Z
2026-09-11T02:16:40Z,2026-09-11T04:16:40+0200,87e6ba88-e4e0-4fda-9f0f-3a91adc2b4b5,2026-09-08T10:00:00Z,2026-09-08T12:00:00+0200,818.776,MW,DK1,DK_1,actual_solar_generation,Solar,2026-09-11T02:17:23Z
2026-09-11T02:16:40Z,2026-09-11T04:16:40+0200,87e6ba88-e4e0-4fda-9f0f-3a91adc2b4b5,2026-09-08T10:15:00Z,2026-09-08T12:15:00+0200,706.756,MW,DK1,DK_1,actual_solar_generation,Solar,2026-09-11T02:17:23Z
2026-09-11T02:16:40Z,2026-09-11T04:16:40+0200,87e6ba88-e4e0-4fda-9f0f-3a91adc2b4b5,2026-09-08T10:30:00Z,2026-09-08T12:30:00+0200,607.666,MW,DK1,DK_1,actual_solar_generation,Solar,2026-09-11T02:17:23Z
2026-09-11T02:16:40Z,2026-09-11T04:16:40+0200,87e6ba88-e4e0-4fda-9f0f-3a91adc2b4b5,2026-09-08T10:45:00Z,2026-09-08T12:45:00+0200,641.708,MW,DK1,DK_1,actual_solar_generation,Solar,2026-09-11T02:17:23Z
2026-09-11T02:16:40Z,2026-09-11T04:16:40+0200,87e6ba88-e4e0-4fda-9f0f-3a91adc2b4b5,2026-09-08T11:00:00Z,2026-09-08T13:00:00+0200,723.808,MW,DK1,DK_1,actual_solar_generation,Solar,2026-09-11T02:17:23Z
2026-09-11T02:16:40Z,2026-09-11T04:16:40+0200,87e6ba88-e4e0-4fda-9f0f-3a91adc2b4b5,2026-09-08T11:15:00Z,2026-09-08T13:15:00+0200,668.712,MW,DK1,DK_1,actual_solar_generation,Solar,2026-09-11T02:17:23Z
2026-09-11T02:16:40Z,2026-09-11T04:16:40+0200,87e6ba88-e4e0-4fda-9f0f-3a91adc2b4b5,2026-09-08T11:30:00Z,2026-09-08T13:30:00+0200,598.071,MW,DK1,DK_1,actual_solar_generation,Solar,2026-09-11T02:17:23Z
2026-09-11T02:16:40Z,2026-09-11T04:16:40+0200,87e6ba88-e4e0-4fda-9f0f-3a91adc2b4b5,2026-09-08T11:45:00Z,2026-09-08T13:45:00+0200,602.497,MW,DK1,DK_1,actual_solar_generation,Solar,2026-09-11T02:17:23Z
2026-09-11T02:16:40Z,2026-09-11T04:16:40+0200,87e6ba88-e4e0-4fda-9f0f-3a91adc2b4b5,2026-09-08T12:00:00Z,2026-09-08T14:00:00+0200,524.52,MW,DK1,DK_1,actual_solar_generation,Solar,2026-09-11T02:17:23Z
2026-09-11T02:16:40Z,2026-09-11T04:16:40+0200,87e6ba88-e4e0-4fda-9f0f-3a91adc2b4b5,2026-09-08T12:15:00Z,2026-09-08T14:15:00+0200,579.1,MW,DK1,DK_1,actual_solar_generation,Solar,2026-09-11T02:17:23Z
2026-09-11T02:16:40Z,2026-09-11T04:16:40+0200,87e6ba88-e4e0-4fda-9f0f-3a91adc2b4b5,2026-09-08T12:30:00Z,2026-09-08T14:30:00+0200,607.932,MW,DK1,DK_1,actual_solar_generation,Solar,2026-09-11T02:17:23Z
2026-09-11T02:16:40Z,2026-09-11T04:16:40+0200,87e6ba88-e4e0-4fda-9f0f-3a91adc2b4b5,2026-09-08T12:45:00Z,2026-09-08T14:45:00+0200,564.98,MW,DK1,DK_1,actual_solar_generation,Solar,2026-09-11T02:17:23Z
2026-09-11T02:16:40Z,2026-09-11T04:16:40+0200,87e6ba88-e4e0-4fda-9f0f-3a91adc2b4b5,2026-09-08T13:00:00Z,2026-09-08T15:00:00+0200,448.843,MW,DK1,DK_1,actual_solar_generation,Solar,2026-09-11T02:17:23Z
2026-09-11T02:16:40Z,2026-09-11T04:16:40+0200,87e6ba88-e4e0-4fda-9f0f-3a91adc2b4b5,2026-09-08T13:15:00Z,2026-09-08T15:15:00+0200,447.363,MW,DK1,DK_1,actual_solar_generation,Solar,2026-09-11T02:17:23Z
2026-09-11T02:16:40Z,2026-09-11T04:16:40+0200,87e6ba88-e4e0-4fda-9f0f-3a91adc2b4b5,2026-09-08T13:30:00Z,2026-09-08T15:30:00+0200,390.54,MW,DK1,DK_1,actual_solar_generation,Solar,2026-09-11T02:17:23Z
2026-09-11T02:16:40Z,2026-09-11T04:16:40+0200,87e6ba88-e4e0-4fda-9f0f-3a91adc2b4b5,2026-09-08T13:45:00Z,2026-09-08T15:45:00+0200,451.524,MW,DK1,DK_1,actual_solar_generation,Solar,2026-09-11T02:17:23Z
2026-09-11T02:16:40Z,2026-09-11T04:16:40+0200,87e6ba88-e4e0-4fda-9f0f-3a91adc2b4b5,2026-09-08T14:00:00Z,2026-09-08T16:00:00+0200,409.731,MW,DK1,DK_1,actual_solar_generation,Solar,2026-09-11T02:17:23Z
2026-09-11T02:16:40Z,2026-09-11T04:16:40+0200,87e6ba88-e4e0-4fda-9f0f-3a91adc2b4b5,2026-09-08T14:15:00Z,2026-09-08T16:15:00+0200,416.845,MW,DK1,DK_1,actual_solar_generation,Solar,2026-09-11T02:17:23Z
2026-09-11T02:16:40Z,2026-09-11T04:16:40+0200,87e6ba88-e4e0-4fda-9f0f-3a91adc2b4b5,2026-09-08T14:30:00Z,2026-09-08T16:30:00+0200,373.922,MW,DK1,DK_1,actual_solar_generation,Solar,2026-09-11T02:17:23Z
2026-09-11T02:16:40Z,2026-09-11T04:16:40+0200,87e6ba88-e4e0-4fda-9f0f-3a91adc2b4b5,2026-09-08T14:45:00Z,2026-09-08T16:45:00+0200,298.423,MW,DK1,DK_1,actual_solar_generation,Solar,2026-09-11T02:17:23Z
2026-09-11T02:16:40Z,2026-09-11T04:16:40+0200,87e6ba88-e4e0-4fda-9f0f-3a91adc2b4b5,2026-09-08T15:00:00Z,2026-09-08T17:00:00+0200,260.338,MW,DK1,DK_1,actual_solar_generation,Solar,2026-09-11T02:17:23Z
2026-09-11T02:16:40Z,2026-09-11T04:16:40+0200,87e6ba88-e4e0-4fda-9f0f-3a91adc2b4b5,2026-09-08T15:15:00Z,2026-09-08T17:15:00+0200,230.61,MW,DK1,DK_1,actual_solar_generation,Solar,2026-09-11T02:17:23Z
2026-09-11T02:16:40Z,2026-09-11T04:16:40+0200,87e6ba88-e4e0-4fda-9f0f-3a91adc2b4b5,2026-09-08T15:30:00Z,2026-09-08T17:30:00+0200,219.549,MW,DK1,DK_1,actual_solar_generation,Solar,2026-09-11T02:17:23Z
2026-09-11T02:16:40Z,2026-09-11T04:16:40+0200,87e6ba88-e4e0-4fda-9f0f-3a91adc2b4b5,2026-09-08T15:45:00Z,2026-09-08T17:45:00+0200,189.124,MW,DK1,DK_1,actual_solar_generation,Solar,2026-09-11T02:17:23Z
2026-09-11T02:16:40Z,2026-09-11T04:16:40+0200,87e6ba88-e4e0-4fda-9f0f-3a91adc2b4b5,2026-09-08T16:00:00Z,2026-09-08T18:00:00+0200,162.091,MW,DK1,DK_1,actual_solar_generation,Solar,2026-09-11T02:17:23Z
2026-09-11T02:16:40Z,2026-09-11T04:16:40+0200,87e6ba88-e4e0-4fda-9f0f-3a91adc2b4b5,2026-09-08T16:15:00Z,2026-09-08T18:15:00+0200,138.751,MW,DK1,DK_1,actual_solar_generation,Solar,2026-09-11T02:17:23Z
2026-09-11T02:16:40Z,2026-09-11T04:16:40+0200,87e6ba88-e4e0-4fda-9f0f-3a91adc2b4b5,2026-09-08T16:30:00Z,2026-09-08T18:30:00+0200,121.646,MW,DK1,DK_1,actual_solar_generation,Solar,2026-09-11T02:17:23Z
2026-09-11T02:16:40Z,2026-09-11T04:16:40+0200,87e6ba88-e4e0-4fda-9f0f-3a91adc2b4b5,2026-09-08T16:45:00Z,2026-09-08T18:45:00+0200,110.404,MW,DK1,DK_1,actual_solar_generation,Solar,2026-09-11T02:17:23Z
2026-09-11T02:16:40Z,2026-09-11T04:16:40+0200,87e6ba88-e4e0-4fda-9f0f-3a91adc2b4b5,2026-09-08T17:00:00Z,2026-09-08T19:00:00+0200,101.206,MW,DK1,DK_1,actual_solar_generation,Solar,2026-09-11T02:17:23Z
2026-09-11T02:16:40Z,2026-09-11T04:16:40+0200,87e6ba88-e4e0-4fda-9f0f-3a91adc2b4b5,2026-09-08T17:15:00Z,2026-09-08T19:15:00+0200,86.5993,MW,DK1,DK_1,actual_solar_generation,Solar,2026-09-11T02:17:23Z
2026-09-11T02:16:40Z,2026-09-11T04:16:40+0200,87e6ba88-e4e0-4fda-9f0f-3a91adc2b4b5,2026-09-08T17:30:00Z,2026-09-08T19:30:00+0200,91.5116,MW,DK1,DK_1,actual_solar_generation,Solar,2026-09-11T02:17:23Z
2026-09-11T02:16:40Z,2026-09-11T04:16:40+0200,87e6ba88-e4e0-4fda-9f0f-3a91adc2b4b5,2026-09-08T17:45:00Z,2026-09-08T19:45:00+0200,85.0161,MW,DK1,DK_1,actual_solar_generation,Solar,2026-09-11T02:17:23Z
2026-09-11T02:16:40Z,2026-09-11T04:16:40+0200,87e6ba88-e4e0-4fda-9f0f-3a91adc2b4b5,2026-09-08T18:00:00Z,2026-09-08T20:00:00+0200,26.3112,MW,DK1,DK_1,actual_solar_generation,Solar,2026-09-11T02:17:23Z
2026-09-11T02:16:40Z,2026-09-11T04:16:40+0200,87e6ba88-e4e0-4fda-9f0f-3a91adc2b4b5,2026-09-08T18:15:00Z,2026-09-08T20:15:00+0200,34.3634,MW,DK1,DK_1,actual_solar_generation,Solar,2026-09-11T02:17:23Z
2026-09-11T02:16:40Z,2026-09-11T04:16:40+0200,87e6ba88-e4e0-4fda-9f0f-3a91adc2b4b5,2026-09-08T18:30:00Z,2026-09-08T20:30:00+0200,33.769,MW,DK1,DK_1,actual_solar_generation,Solar,2026-09-11T02:17:23Z
2026-09-11T02:16:40Z,2026-09-11T04:16:40+0200,87e6ba88-e4e0-4fda-9f0f-3a91adc2b4b5,2026-09-08T18:45:00Z,2026-09-08T20:45:00+0200,31.0767,MW,DK1,DK_1,actual_solar_generation,Solar,2026-09-11T02:17:23Z
2026-09-11T02:16:40Z,2026-09-11T04:16:40+0200,87e6ba88-e4e0-4fda-9f0f-3a91adc2b4b5,2026-09-08T19:00:00Z,2026-09-08T21:00:00+0200,62.9273,MW,DK1,DK_1,actual_solar_generation,Solar,2026-09-11T02:17:23Z
2026-09-11T02:16:40Z,2026-09-11T04:16:40+0200,87e6ba88-e4e0-4fda-9f0f-3a91adc2b4b5,2026-09-08T19:15:00Z,2026-09-08T21:15:00+0200,52.2732,MW,DK1,DK_1,actual_solar_generation,Solar,2026-09-11T02:17:23Z
2026-09-11T02:16:40Z,2026-09-11T04:16:40+0200,87e6ba88-e4e0-4fda-9f0f-3a91adc2b4b5,2026-09-08T19:30:00Z,2026-09-08T21:30:00+0200,50.5588,MW,DK1,DK_1,actual_solar_generation,Solar,2026-09-11T02:17:23Z
2026-09-11T02:16:40Z,2026-09-11T04:16:40+0200,87e6ba88-e4e0-4fda-9f0f-3a91adc2b4b5,2026-09-08T19:45:00Z,2026-09-08T21:45:00+0200,50.5061,MW,DK1,DK_1,actual_solar_generation,Solar,2026-09-11T02:17:23Z
2026-09-11T02:16:40Z,2026-09-11T04:16:40+0200,87e6ba88-e4e0-4fda-9f0f-3a91adc2b4b5,2026-09-08T20:00:00Z,2026-09-08T22:00:00+0200,11.1456,MW,DK1,DK_1,actual_solar_generation,Solar,2026-09-11T02:17:23Z
2026-09-11T02:16:40Z,2026-09-11T04:16:40+0200,87e6ba88-e4e0-4fda-9f0f-3a91adc2b4b5,2026-09-08T20:15:00Z,2026-09-08T22:15:00+0200,3.15464,MW,DK1,DK_1,actual_solar_generation,Solar,2026-09-11T02:17:23Z
2026-09-11T02:16:40Z,2026-09-11T04:16:40+0200,87e6ba88-e4e0-4fda-9f0f-3a91adc2b4b5,2026-09-08T20:30:00Z,2026-09-08T22:30:00+0200,3.16796,MW,DK1,DK_1,actual_solar_generation,Solar,2026-09-11T02:17:23Z
2026-09-11T02:16:40Z,2026-09-11T04:16:40+0200,87e6ba88-e4e0-4fda-9f0f-3a91adc2b4b5,2026-09-08T20:45:00Z,2026-09-08T22:45:00+0200,0.773534,MW,DK1,DK_1,actual_solar_generation,Solar,2026-09-11T02:17:23Z
2026-09-11T02:16:40Z,2026-09-11T04:16:40+0200,87e6ba88-e4e0-4fda-9f0f-3a91adc2b4b5,2026-09-08T21:00:00Z,2026-09-08T23:00:00+0200,0.684922,MW,DK1,DK_1,actual_solar_generation,Solar,2026-09-11T02:17:23Z
2026-09-11T02:16:40Z,2026-09-11T04:16:40+0200,87e6ba88-e4e0-4fda-9f0f-3a91adc2b4b5,2026-09-08T21:15:00Z,2026-09-08T23:15:00+0200,0.548773,MW,DK1,DK_1,actual_solar_generation,Solar,2026-09-11T02:17:23Z
2026-09-11T02:16:40Z,2026-09-11T04:16:40+0200,87e6ba88-e4e0-4fda-9f0f-3a91adc2b4b5,2026-09-08T21:30:00Z,2026-09-08T23:30:00+0200,0.583081,MW,DK1,DK_1,actual_solar_generation,Solar,2026-09-11T02:17:23Z
2026-09-11T02:16:40Z,2026-09-11T04:16:40+0200,87e6ba88-e4e0-4fda-9f0f-3a91adc2b4b5,2026-09-08T21:45:00Z,2026-09-08T23:45:00+0200,0.556234,MW,DK1,DK_1,actual_solar_generation,Solar,2026-09-11T02:17:23Z
2026-09-11T02:16:40Z,2026-09-11T04:16:40+0200,87e6ba88-e4e0-4fda-9f0f-3a91adc2b4b5,2026-09-08T22:00:00Z,2026-09-09T00:00:00+0200,0.524015,MW,DK1,DK_1,actual_solar_generation,Solar,2026-09-11T02:17:23Z
2026-09-11T02:16:40Z,2026-09-11T04:16:40+0200,87e6ba88-e4e0-4fda-9f0f-3a91adc2b4b5,2026-09-08T22:15:00Z,2026-09-09T00:15:00+0200,0.511348,MW,DK1,DK_1,actual_solar_generation,Solar,2026-09-11T02:17:23Z
2026-09-11T02:16:40Z,2026-09-11T04:16:40+0200,87e6ba88-e4e0-4fda-9f0f-3a91adc2b4b5,2026-09-08T22:30:00Z,2026-09-09T00:30:00+0200,0.475066,MW,DK1,DK_1,actual_solar_generation,Solar,2026-09-11T02:17:23Z
2026-09-11T02:16:40Z,2026-09-11T04:16:40+0200,87e6ba88-e4e0-4fda-9f0f-3a91adc2b4b5,2026-09-08T22:45:00Z,2026-09-09T00:45:00+0200,0.56993,MW,DK1,DK_1,actual_solar_generation,Solar,2026-09-11T02:17:23Z
2026-09-11T02:16:40Z,2026-09-11T04:16:40+0200,87e6ba88-e4e0-4fda-9f0f-3a91adc2b4b5,2026-09-08T23:00:00Z,2026-09-09T01:00:00+0200,0.534126,MW,DK1,DK_1,actual_solar_generation,Solar,2026-09-11T02:17:23Z
2026-09-11T02:16:40Z,2026-09-11T04:16:40+0200,87e6ba88-e4e0-4fda-9f0f-3a91adc2b4b5,2026-09-08T23:15:00Z,2026-09-09T01:15:00+0200,0.522335,MW,DK1,DK_1,actual_solar_generation,Solar,2026-09-11T02:17:23Z
2026-09-11T02:16:40Z,2026-09-11T04:16:40+0200,87e6ba88-e4e0-4fda-9f0f-3a91adc2b4b5,2026-09-08T23:30:00Z,2026-09-09T01:30:00+0200,0.512447,MW,DK1,DK_1,actual_solar_generation,Solar,2026-09-11T02:17:23Z
2026-09-11T02:16:40Z,2026-09-11T04:16:40+0200,87e6ba88-e4e0-4fda-9f0f-3a91adc2b4b5,2026-09-08T23:45:00Z,2026-09-09T01:45:00+0200,0.527449,MW,DK1,DK_1,actual_solar_generation,Solar,2026-09-11T02:17:23Z
2026-09-11T02:16:40Z,2026-09-11T04:16:40+0200,87e6ba88-e4e0-4fda-9f0f-3a91adc2b4b5,2026-09-09T00:00:00Z,2026-09-09T02:00:00+0200,0.503395,MW,DK1,DK_1,actual_solar_generation,Solar,2026-09-11T02:17:23Z
2026-09-11T02:16:40Z,2026-09-11T04:16:40+0200,87e6ba88-e4e0-4fda-9f0f-3a91adc2b4b5,2026-09-09T00:15:00Z,2026-09-09T02:15:00+0200,0.495786,MW,DK1,DK_1,actual_solar_generation,Solar,2026-09-11T02:17:23Z
2026-09-11T02:16:40Z,2026-09-11T04:16:40+0200,87e6ba88-e4e0-4fda-9f0f-3a91adc2b4b5,2026-09-09T00:30:00Z,2026-09-09T02:30:00+0200,0.512881,MW,DK1,DK_1,actual_solar_generation,Solar,2026-09-11T02:17:23Z
2026-09-11T02:16:40Z,2026-09-11T04:16:40+0200,87e6ba88-e4e0-4fda-9f0f-3a91adc2b4b5,2026-09-09T00:45:00Z,2026-09-09T02:45:00+0200,0.701964,MW,DK1,DK_1,actual_solar_generation,Solar,2026-09-11T02:17:23Z
2026-09-11T02:16:40Z,2026-09-11T04:16:40+0200,87e6ba88-e4e0-4fda-9f0f-3a91adc2b4b5,2026-09-09T01:00:00Z,2026-09-09T03:00:00+0200,0.694584,MW,DK1,DK_1,actual_solar_generation,Solar,2026-09-11T02:17:23Z
2026-09-11T02:16:40Z,2026-09-11T04:16:40+0200,87e6ba88-e4e0-4fda-9f0f-3a91adc2b4b5,2026-09-09T01:15:00Z,2026-09-09T03:15:00+0200,0.692188,MW,DK1,DK_1,actual_solar_generation,Solar,2026-09-11T02:17:23Z
2026-09-11T02:16:40Z,2026-09-11T04:16:40+0200,87e6ba88-e4e0-4fda-9f0f-3a91adc2b4b5,2026-09-09T01:30:00Z,2026-09-09T03:30:00+0200,0.553934,MW,DK1,DK_1,actual_solar_generation,Solar,2026-09-11T02:17:23Z
2026-09-11T02:16:40Z,2026-09-11T04:16:40+0200,87e6ba88-e4e0-4fda-9f0f-3a91adc2b4b5,2026-09-09T01:45:00Z,2026-09-09T03:45:00+0200,0.628982,MW,DK1,DK_1,actual_solar_generation,Solar,2026-09-11T02:17:23Z
2026-09-11T02:16:40Z,2026-09-11T04:16:40+0200,87e6ba88-e4e0-4fda-9f0f-3a91adc2b4b5,2026-09-09T02:00:00Z,2026-09-09T04:00:00+0200,0.575499,MW,DK1,DK_1,actual_solar_generation,Solar,2026-09-11T02:17:23Z
2026-09-11T02:16:40Z,2026-09-11T04:16:40+0200,87e6ba88-e4e0-4fda-9f0f-3a91adc2b4b5,2026-09-09T02:15:00Z,2026-09-09T04:15:00+0200,0.583875,MW,DK1,DK_1,actual_solar_generation,Solar,2026-09-11T02:17:23Z
2026-09-11T02:16:40Z,2026-09-11T04:16:40+0200,87e6ba88-e4e0-4fda-9f0f-3a91adc2b4b5,2026-09-09T02:30:00Z,2026-09-09T04:30:00+0200,0.665659,MW,DK1,DK_1,actual_solar_generation,Solar,2026-09-11T02:17:23Z
2026-09-11T02:16:40Z,2026-09-11T04:16:40+0200,87e6ba88-e4e0-4fda-9f0f-3a91adc2b4b5,2026-09-09T02:45:00Z,2026-09-09T04:45:00+0200,0.647145,MW,DK1,DK_1,actual_solar_generation,Solar,2026-09-11T02:17:23Z
2026-09-11T02:16:40Z,2026-09-11T04:16:40+0200,87e6ba88-e4e0-4fda-9f0f-3a91adc2b4b5,2026-09-09T03:00:00Z,2026-09-09T05:00:00+0200,0.645172,MW,DK1,DK_1,actual_solar_generation,Solar,2026-09-11T02:17:23Z
2026-09-11T02:16:40Z,2026-09-11T04:16:40+0200,87e6ba88-e4e0-4fda-9f0f-3a91adc2b4b5,2026-09-09T03:15:00Z,2026-09-09T05:15:00+0200,0.607479,MW,DK1,DK_1,actual_solar_generation,Solar,2026-09-11T02:17:23Z
2026-09-11T02:16:40Z,2026-09-11T04:16:40+0200,87e6ba88-e4e0-4fda-9f0f-3a91adc2b4b5,2026-09-09T03:30:00Z,2026-09-09T05:30:00+0200,0.586544,MW,DK1,DK_1,actual_solar_generation,Solar,2026-09-11T02:17:23Z
2026-09-11T02:16:40Z,2026-09-11T04:16:40+0200,87e6ba88-e4e0-4fda-9f0f-3a91adc2b4b5,2026-09-09T03:45:00Z,2026-09-09T05:45:00+0200,0.479014,MW,DK1,DK_1,actual_solar_generation,Solar,2026-09-11T02:17:23Z
2026-09-11T02:16:40Z,2026-09-11T04:16:40+0200,87e6ba88-e4e0-4fda-9f0f-3a91adc2b4b5,2026-09-09T04:00:00Z,2026-09-09T06:00:00+0200,0.412262,MW,DK1,DK_1,actual_solar_generation,Solar,2026-09-11T02:17:23Z
2026-09-11T02:16:40Z,2026-09-11T04:16:40+0200,87e6ba88-e4e0-4fda-9f0f-3a91adc2b4b5,2026-09-09T04:15:00Z,2026-09-09T06:15:00+0200,3.6055,MW,DK1,DK_1,actual_solar_generation,Solar,2026-09-11T02:17:23Z
2026-09-11T02:16:40Z,2026-09-11T04:16:40+0200,87e6ba88-e4e0-4fda-9f0f-3a91adc2b4b5,2026-09-09T04:30:00Z,2026-09-09T06:30:00+0200,22.8224,MW,DK1,DK_1,actual_solar_generation,Solar,2026-09-11T02:17:23Z
2026-09-11T02:16:40Z,2026-09-11T04:16:40+0200,87e6ba88-e4e0-4fda-9f0f-3a91adc2b4b5,2026-09-09T04:45:00Z,2026-09-09T06:45:00+0200,45.5513,MW,DK1,DK_1,actual_solar_generation,Solar,2026-09-11T02:17:23Z
2026-09-11T02:16:40Z,2026-09-11T04:16:40+0200,87e6ba88-e4e0-4fda-9f0f-3a91adc2b4b5,2026-09-09T05:00:00Z,2026-09-09T07:00:00+0200,77.2812,MW,DK1,DK_1,actual_solar_generation,Solar,2026-09-11T02:17:23Z
2026-09-11T02:16:40Z,2026-09-11T04:16:40+0200,87e6ba88-e4e0-4fda-9f0f-3a91adc2b4b5,2026-09-09T05:15:00Z,2026-09-09T07:15:00+0200,99.7799,MW,DK1,DK_1,actual_solar_generation,Solar,2026-09-11T02:17:23Z
2026-09-11T02:16:40Z,2026-09-11T04:16:40+0200,87e6ba88-e4e0-4fda-9f0f-3a91adc2b4b5,2026-09-09T05:30:00Z,2026-09-09T07:30:00+0200,168.611,MW,DK1,DK_1,actual_solar_generation,Solar,2026-09-11T02:17:23Z
2026-09-11T02:16:40Z,2026-09-11T04:16:40+0200,87e6ba88-e4e0-4fda-9f0f-3a91adc2b4b5,2026-09-09T05:45:00Z,2026-09-09T07:45:00+0200,256.383,MW,DK1,DK_1,actual_solar_generation,Solar,2026-09-11T02:17:23Z
2026-09-11T02:16:40Z,2026-09-11T04:16:40+0200,87e6ba88-e4e0-4fda-9f0f-3a91adc2b4b5,2026-09-09T06:00:00Z,2026-09-09T08:00:00+0200,382.043,MW,DK1,DK_1,actual_solar_generation,Solar,2026-09-11T02:17:23Z
2026-09-11T02:16:40Z,2026-09-11T04:16:40+0200,87e6ba88-e4e0-4fda-9f0f-3a91adc2b4b5,2026-09-09T06:15:00Z,2026-09-09T08:15:00+0200,457.618,MW,DK1,DK_1,actual_solar_generation,Solar,2026-09-11T02:17:23Z
2026-09-11T02:16:40Z,2026-09-11T04:16:40+0200,87e6ba88-e4e0-4fda-9f0f-3a91adc2b4b5,2026-09-09T06:30:00Z,2026-09-09T08:30:00+0200,524.822,MW,DK1,DK_1,actual_solar_generation,Solar,2026-09-11T02:17:23Z
2026-09-11T02:16:40Z,2026-09-11T04:16:40+0200,87e6ba88-e4e0-4fda-9f0f-3a91adc2b4b5,2026-09-09T06:45:00Z,2026-09-09T08:45:00+0200,675.302,MW,DK1,DK_1,actual_solar_generation,Solar,2026-09-11T02:17:23Z
2026-09-11T02:16:40Z,2026-09-11T04:16:40+0200,87e6ba88-e4e0-4fda-9f0f-3a91adc2b4b5,2026-09-09T07:00:00Z,2026-09-09T09:00:00+0200,924.696,MW,DK1,DK_1,actual_solar_generation,Solar,2026-09-11T02:17:23Z
2026-09-11T02:16:40Z,2026-09-11T04:16:40+0200,87e6ba88-e4e0-4fda-9f0f-3a91adc2b4b5,2026-09-09T07:15:00Z,2026-09-09T09:15:00+0200,1147.0,MW,DK1,DK_1,actual_solar_generation,Solar,2026-09-11T02:17:23Z
2026-09-11T02:16:40Z,2026-09-11T04:16:40+0200,87e6ba88-e4e0-4fda-9f0f-3a91adc2b4b5,2026-09-09T07:30:00Z,2026-09-09T09:30:00+0200,1322.99,MW,DK1,DK_1,actual_solar_generation,Solar,2026-09-11T02:17:23Z
2026-09-11T02:16:40Z,2026-09-11T04:16:40+0200,87e6ba88-e4e0-4fda-9f0f-3a91adc2b4b5,2026-09-09T07:45:00Z,2026-09-09T09:45:00+0200,1809.9,MW,DK1,DK_1,actual_solar_generation,Solar,2026-09-11T02:17:23Z
2026-09-11T02:16:40Z,2026-09-11T04:16:40+0200,87e6ba88-e4e0-4fda-9f0f-3a91adc2b4b5,2026-09-09T08:00:00Z,2026-09-09T10:00:00+0200,2048.99,MW,DK1,DK_1,actual_solar_generation,Solar,2026-09-11T02:17:23Z
2026-09-11T02:16:40Z,2026-09-11T04:16:40+0200,87e6ba88-e4e0-4fda-9f0f-3a91adc2b4b5,2026-09-09T08:15:00Z,2026-09-09T10:15:00+0200,1974.52,MW,DK1,DK_1,actual_solar_generation,Solar,2026-09-11T02:17:23Z
2026-09-11T02:16:40Z,2026-09-11T04:16:40+0200,87e6ba88-e4e0-4fda-9f0f-3a91adc2b4b5,2026-09-09T08:30:00Z,2026-09-09T10:30:00+0200,1977.19,MW,DK1,DK_1,actual_solar_generation,Solar,2026-09-11T02:17:23Z
2026-09-11T02:16:40Z,2026-09-11T04:16:40+0200,87e6ba88-e4e0-4fda-9f0f-3a91adc2b4b5,2026-09-09T08:45:00Z,2026-09-09T10:45:00+0200,2131.1,MW,DK1,DK_1,actual_solar_generation,Solar,2026-09-11T02:17:23Z
2026-09-11T02:16:40Z,2026-09-11T04:16:40+0200,87e6ba88-e4e0-4fda-9f0f-3a91adc2b4b5,2026-09-09T09:00:00Z,2026-09-09T11:00:00+0200,2438.37,MW,DK1,DK_1,actual_solar_generation,Solar,2026-09-11T02:17:23Z
2026-09-11T02:16:40Z,2026-09-11T04:16:40+0200,87e6ba88-e4e0-4fda-9f0f-3a91adc2b4b5,2026-09-09T09:15:00Z,2026-09-09T11:15:00+0200,2387.08,MW,DK1,DK_1,actual_solar_generation,Solar,2026-09-11T02:17:23Z
2026-09-11T02:16:40Z,2026-09-11T04:16:40+0200,87e6ba88-e4e0-4fda-9f0f-3a91adc2b4b5,2026-09-09T09:30:00Z,2026-09-09T11:30:00+0200,2085.11,MW,DK1,DK_1,actual_solar_generation,Solar,2026-09-11T02:17:23Z
2026-09-11T02:16:40Z,2026-09-11T04:16:40+0200,87e6ba88-e4e0-4fda-9f0f-3a91adc2b4b5,2026-09-09T09:45:00Z,2026-09-09T11:45:00+0200,1661.25,MW,DK1,DK_1,actual_solar_generation,Solar,2026-09-11T02:17:23Z
2026-09-11T02:16:40Z,2026-09-11T04:16:40+0200,87e6ba88-e4e0-4fda-9f0f-3a91adc2b4b5,2026-09-09T10:00:00Z,2026-09-09T12:00:00+0200,1509.63,MW,DK1,DK_1,actual_solar_generation,Solar,2026-09-11T02:17:23Z
2026-09-11T02:16:40Z,2026-09-11T04:16:40+0200,87e6ba88-e4e0-4fda-9f0f-3a91adc2b4b5,2026-09-09T10:15:00Z,2026-09-09T12:15:00+0200,1624.65,MW,DK1,DK_1,actual_solar_generation,Solar,2026-09-11T02:17:23Z
2026-09-11T02:16:40Z,2026-09-11T04:16:40+0200,87e6ba88-e4e0-4fda-9f0f-3a91adc2b4b5,2026-09-09T10:30:00Z,2026-09-09T12:30:00+0200,2294.83,MW,DK1,DK_1,actual_solar_generation,Solar,2026-09-11T02:17:23Z
2026-09-11T02:16:40Z,2026-09-11T04:16:40+0200,87e6ba88-e4e0-4fda-9f0f-3a91adc2b4b5,2026-09-09T10:45:00Z,2026-09-09T12:45:00+0200,2358.5,MW,DK1,DK_1,actual_solar_generation,Solar,2026-09-11T02:17:23Z
2026-09-11T02:16:40Z,2026-09-11T04:16:40+0200,87e6ba88-e4e0-4fda-9f0f-3a91adc2b4b5,2026-09-09T11:00:00Z,2026-09-09T13:00:00+0200,2207.3,MW,DK1,DK_1,actual_solar_generation,Solar,2026-09-11T02:17:23Z
2026-09-11T02:16:40Z,2026-09-11T04:16:40+0200,87e6ba88-e4e0-4fda-9f0f-3a91adc2b4b5,2026-09-09T11:15:00Z,2026-09-09T13:15:00+0200,2192.47,MW,DK1,DK_1,actual_solar_generation,Solar,2026-09-11T02:17:23Z
2026-09-11T02:16:40Z,2026-09-11T04:16:40+0200,87e6ba88-e4e0-4fda-9f0f-3a91adc2b4b5,2026-09-09T11:30:00Z,2026-09-09T13:30:00+0200,2121.89,MW,DK1,DK_1,actual_solar_generation,Solar,2026-09-11T02:17:23Z
2026-09-11T02:16:40Z,2026-09-11T04:16:40+0200,87e6ba88-e4e0-4fda-9f0f-3a91adc2b4b5,2026-09-09T11:45:00Z,2026-09-09T13:45:00+0200,1857.08,MW,DK1,DK_1,actual_solar_generation,Solar,2026-09-11T02:17:23Z
2026-09-11T02:16:40Z,2026-09-11T04:16:40+0200,87e6ba88-e4e0-4fda-9f0f-3a91adc2b4b5,2026-09-09T12:00:00Z,2026-09-09T14:00:00+0200,1753.12,MW,DK1,DK_1,actual_solar_generation,Solar,2026-09-11T02:17:23Z
2026-09-11T02:16:40Z,2026-09-11T04:16:40+0200,87e6ba88-e4e0-4fda-9f0f-3a91adc2b4b5,2026-09-09T12:15:00Z,2026-09-09T14:15:00+0200,1927.59,MW,DK1,DK_1,actual_solar_generation,Solar,2026-09-11T02:17:23Z
2026-09-11T02:16:40Z,2026-09-11T04:16:40+0200,87e6ba88-e4e0-4fda-9f0f-3a91adc2b4b5,2026-09-09T12:30:00Z,2026-09-09T14:30:00+0200,2403.21,MW,DK1,DK_1,actual_solar_generation,Solar,2026-09-11T02:17:23Z
2026-09-11T02:16:40Z,2026-09-11T04:16:40+0200,87e6ba88-e4e0-4fda-9f0f-3a91adc2b4b5,2026-09-09T12:45:00Z,2026-09-09T14:45:00+0200,2176.33,MW,DK1,DK_1,actual_solar_generation,Solar,2026-09-11T02:17:23Z
2026-09-11T02:16:40Z,2026-09-11T04:16:40+0200,87e6ba88-e4e0-4fda-9f0f-3a91adc2b4b5,2026-09-09T13:00:00Z,2026-09-09T15:00:00+0200,1889.75,MW,DK1,DK_1,actual_solar_generation,Solar,2026-09-11T02:17:23Z
2026-09-11T02:16:40Z,2026-09-11T04:16:40+0200,87e6ba88-e4e0-4fda-9f0f-3a91adc2b4b5,2026-09-09T13:15:00Z,2026-09-09T15:15:00+0200,1886.55,MW,DK1,DK_1,actual_solar_generation,Solar,2026-09-11T02:17:23Z
2026-09-11T02:16:40Z,2026-09-11T04:16:40+0200,87e6ba88-e4e0-4fda-9f0f-3a91adc2b4b5,2026-09-09T13:30:00Z,2026-09-09T15:30:00+0200,1720.55,MW,DK1,DK_1,actual_solar_generation,Solar,2026-09-11T02:17:23Z
2026-09-11T02:16:40Z,2026-09-11T04:16:40+0200,87e6ba88-e4e0-4fda-9f0f-3a91adc2b4b5,2026-09-09T13:45:00Z,2026-09-09T15:45:00+0200,1742.53,MW,DK1,DK_1,actual_solar_generation,Solar,2026-09-11T02:17:23Z
2026-09-11T02:16:40Z,2026-09-11T04:16:40+0200,87e6ba88-e4e0-4fda-9f0f-3a91adc2b4b5,2026-09-09T14:00:00Z,2026-09-09T16:00:00+0200,1412.98,MW,DK1,DK_1,actual_solar_generation,Solar,2026-09-11T02:17:23Z
2026-09-11T02:16:40Z,2026-09-11T04:16:40+0200,87e6ba88-e4e0-4fda-9f0f-3a91adc2b4b5,2026-09-09T14:15:00Z,2026-09-09T16:15:00+0200,1487.65,MW,DK1,DK_1,actual_solar_generation,Solar,2026-09-11T02:17:23Z
2026-09-11T02:16:40Z,2026-09-11T04:16:40+0200,87e6ba88-e4e0-4fda-9f0f-3a91adc2b4b5,2026-09-09T14:30:00Z,2026-09-09T16:30:00+0200,1420.02,MW,DK1,DK_1,actual_solar_generation,Solar,2026-09-11T02:17:23Z
2026-09-11T02:16:40Z,2026-09-11T04:16:40+0200,87e6ba88-e4e0-4fda-9f0f-3a91adc2b4b5,2026-09-09T14:45:00Z,2026-09-09T16:45:00+0200,1038.97,MW,DK1,DK_1,actual_solar_generation,Solar,2026-09-11T02:17:23Z
2026-09-11T02:16:40Z,2026-09-11T04:16:40+0200,87e6ba88-e4e0-4fda-9f0f-3a91adc2b4b5,2026-09-09T15:00:00Z,2026-09-09T17:00:00+0200,941.93,MW,DK1,DK_1,actual_solar_generation,Solar,2026-09-11T02:17:23Z
2026-09-11T02:16:40Z,2026-09-11T04:16:40+0200,87e6ba88-e4e0-4fda-9f0f-3a91adc2b4b5,2026-09-09T15:15:00Z,2026-09-09T17:15:00+0200,902.241,MW,DK1,DK_1,actual_solar_generation,Solar,2026-09-11T02:17:23Z
2026-09-11T02:16:40Z,2026-09-11T04:16:40+0200,87e6ba88-e4e0-4fda-9f0f-3a91adc2b4b5,2026-09-09T15:30:00Z,2026-09-09T17:30:00+0200,709.879,MW,DK1,DK_1,actual_solar_generation,Solar,2026-09-11T02:17:23Z
2026-09-11T02:16:40Z,2026-09-11T04:16:40+0200,87e6ba88-e4e0-4fda-9f0f-3a91adc2b4b5,2026-09-09T15:45:00Z,2026-09-09T17:45:00+0200,681.315,MW,DK1,DK_1,actual_solar_generation,Solar,2026-09-11T02:17:23Z
2026-09-11T02:16:40Z,2026-09-11T04:16:40+0200,87e6ba88-e4e0-4fda-9f0f-3a91adc2b4b5,2026-09-09T16:00:00Z,2026-09-09T18:00:00+0200,723.787,MW,DK1,DK_1,actual_solar_generation,Solar,2026-09-11T02:17:23Z
2026-09-11T02:16:40Z,2026-09-11T04:16:40+0200,87e6ba88-e4e0-4fda-9f0f-3a91adc2b4b5,2026-09-09T16:15:00Z,2026-09-09T18:15:00+0200,532.156,MW,DK1,DK_1,actual_solar_generation,Solar,2026-09-11T02:17:23Z
2026-09-11T02:16:40Z,2026-09-11T04:16:40+0200,87e6ba88-e4e0-4fda-9f0f-3a91adc2b4b5,2026-09-09T16:30:00Z,2026-09-09T18:30:00+0200,369.952,MW,DK1,DK_1,actual_solar_generation,Solar,2026-09-11T02:17:23Z
2026-09-11T02:16:40Z,2026-09-11T04:16:40+0200,87e6ba88-e4e0-4fda-9f0f-3a91adc2b4b5,2026-09-09T16:45:00Z,2026-09-09T18:45:00+0200,292.86,MW,DK1,DK_1,actual_solar_generation,Solar,2026-09-11T02:17:23Z
2026-09-11T02:16:40Z,2026-09-11T04:16:40+0200,87e6ba88-e4e0-4fda-9f0f-3a91adc2b4b5,2026-09-09T17:00:00Z,2026-09-09T19:00:00+0200,218.672,MW,DK1,DK_1,actual_solar_generation,Solar,2026-09-11T02:17:23Z
2026-09-11T02:16:40Z,2026-09-11T04:16:40+0200,87e6ba88-e4e0-4fda-9f0f-3a91adc2b4b5,2026-09-09T17:15:00Z,2026-09-09T19:15:00+0200,153.661,MW,DK1,DK_1,actual_solar_generation,Solar,2026-09-11T02:17:23Z
2026-09-11T02:16:40Z,2026-09-11T04:16:40+0200,87e6ba88-e4e0-4fda-9f0f-3a91adc2b4b5,2026-09-09T17:30:00Z,2026-09-09T19:30:00+0200,106.8,MW,DK1,DK_1,actual_solar_generation,Solar,2026-09-11T02:17:23Z
2026-09-11T02:16:40Z,2026-09-11T04:16:40+0200,87e6ba88-e4e0-4fda-9f0f-3a91adc2b4b5,2026-09-09T17:45:00Z,2026-09-09T19:45:00+0200,95.9353,MW,DK1,DK_1,actual_solar_generation,Solar,2026-09-11T02:17:23Z
2026-09-11T02:16:40Z,2026-09-11T04:16:40+0200,87e6ba88-e4e0-4fda-9f0f-3a91adc2b4b5,2026-09-09T18:00:00Z,2026-09-09T20:00:00+0200,48.4856,MW,DK1,DK_1,actual_solar_generation,Solar,2026-09-11T02:17:23Z
2026-09-11T02:16:40Z,2026-09-11T04:16:40+0200,87e6ba88-e4e0-4fda-9f0f-3a91adc2b4b5,2026-09-09T18:15:00Z,2026-09-09T20:15:00+0200,36.2847,MW,DK1,DK_1,actual_solar_generation,Solar,2026-09-11T02:17:23Z
2026-09-11T02:16:40Z,2026-09-11T04:16:40+0200,87e6ba88-e4e0-4fda-9f0f-3a91adc2b4b5,2026-09-09T18:30:00Z,2026-09-09T20:30:00+0200,33.202,MW,DK1,DK_1,actual_solar_generation,Solar,2026-09-11T02:17:23Z
2026-09-11T02:16:40Z,2026-09-11T04:16:40+0200,87e6ba88-e4e0-4fda-9f0f-3a91adc2b4b5,2026-09-09T18:45:00Z,2026-09-09T20:45:00+0200,32.2375,MW,DK1,DK_1,actual_solar_generation,Solar,2026-09-11T02:17:23Z
2026-09-11T02:16:40Z,2026-09-11T04:16:40+0200,87e6ba88-e4e0-4fda-9f0f-3a91adc2b4b5,2026-09-09T19:00:00Z,2026-09-09T21:00:00+0200,29.9785,MW,DK1,DK_1,actual_solar_generation,Solar,2026-09-11T02:17:23Z
2026-09-11T02:16:40Z,2026-09-11T04:16:40+0200,87e6ba88-e4e0-4fda-9f0f-3a91adc2b4b5,2026-09-09T19:15:00Z,2026-09-09T21:15:00+0200,11.791,MW,DK1,DK_1,actual_solar_generation,Solar,2026-09-11T02:17:23Z
2026-09-11T02:16:40Z,2026-09-11T04:16:40+0200,87e6ba88-e4e0-4fda-9f0f-3a91adc2b4b5,2026-09-09T19:30:00Z,2026-09-09T21:30:00+0200,6.70666,MW,DK1,DK_1,actual_solar_generation,Solar,2026-09-11T02:17:23Z
2026-09-11T02:16:40Z,2026-09-11T04:16:40+0200,87e6ba88-e4e0-4fda-9f0f-3a91adc2b4b5,2026-09-09T19:45:00Z,2026-09-09T21:45:00+0200,0.902452,MW,DK1,DK_1,actual_solar_generation,Solar,2026-09-11T02:17:23Z
2026-09-11T02:16:40Z,2026-09-11T04:16:40+0200,87e6ba88-e4e0-4fda-9f0f-3a91adc2b4b5,2026-09-09T20:00:00Z,2026-09-09T22:00:00+0200,0.825005,MW,DK1,DK_1,actual_solar_generation,Solar,2026-09-11T02:17:23Z
2026-09-11T02:16:40Z,2026-09-11T04:16:40+0200,87e6ba88-e4e0-4fda-9f0f-3a91adc2b4b5,2026-09-09T20:15:00Z,2026-09-09T22:15:00+0200,3.14191,MW,DK1,DK_1,actual_solar_generation,Solar,2026-09-11T02:17:23Z
2026-09-11T02:16:40Z,2026-09-11T04:16:40+0200,87e6ba88-e4e0-4fda-9f0f-3a91adc2b4b5,2026-09-09T20:30:00Z,2026-09-09T22:30:00+0200,0.883761,MW,DK1,DK_1,actual_solar_generation,Solar,2026-09-11T02:17:23Z
2026-09-11T02:16:40Z,2026-09-11T04:16:40+0200,87e6ba88-e4e0-4fda-9f0f-3a91adc2b4b5,2026-09-09T20:45:00Z,2026-09-09T22:45:00+0200,0.88562,MW,DK1,DK_1,actual_solar_generation,Solar,2026-09-11T02:17:23Z
2026-09-11T02:16:40Z,2026-09-11T04:16:40+0200,87e6ba88-e4e0-4fda-9f0f-3a91adc2b4b5,2026-09-09T21:00:00Z,2026-09-09T23:00:00+0200,2.82592,MW,DK1,DK_1,actual_solar_generation,Solar,2026-09-11T02:17:23Z
2026-09-11T02:16:40Z,2026-09-11T04:16:40+0200,87e6ba88-e4e0-4fda-9f0f-3a91adc2b4b5,2026-09-09T21:15:00Z,2026-09-09T23:15:00+0200,3.01112,MW,DK1,DK_1,actual_solar_generation,Solar,2026-09-11T02:17:23Z
2026-09-11T02:16:40Z,2026-09-11T04:16:40+0200,87e6ba88-e4e0-4fda-9f0f-3a91adc2b4b5,2026-09-09T21:30:00Z,2026-09-09T23:30:00+0200,2.99816,MW,DK1,DK_1,actual_solar_generation,Solar,2026-09-11T02:17:23Z
2026-09-11T02:16:40Z,2026-09-11T04:16:40+0200,87e6ba88-e4e0-4fda-9f0f-3a91adc2b4b5,2026-09-09T21:45:00Z,2026-09-09T23:45:00+0200,0.811518,MW,DK1,DK_1,actual_solar_generation,Solar,2026-09-11T02:17:23Z
2026-09-11T02:16:40Z,2026-09-11T04:16:40+0200,87e6ba88-e4e0-4fda-9f0f-3a91adc2b4b5,2026-09-09T22:00:00Z,2026-09-10T00:00:00+0200,0.82439,MW,DK1,DK_1,actual_solar_generation,Solar,2026-09-11T02:17:23Z
2026-09-11T02:16:40Z,2026-09-11T04:16:40+0200,87e6ba88-e4e0-4fda-9f0f-3a91adc2b4b5,2026-09-09T22:15:00Z,2026-09-10T00:15:00+0200,0.813092,MW,DK1,DK_1,actual_solar_generation,Solar,2026-09-11T02:17:23Z
2026-09-11T02:16:40Z,2026-09-11T04:16:40+0200,87e6ba88-e4e0-4fda-9f0f-3a91adc2b4b5,2026-09-09T22:30:00Z,2026-09-10T00:30:00+0200,0.977082,MW,DK1,DK_1,actual_solar_generation,Solar,2026-09-11T02:17:23Z
2026-09-11T02:16:40Z,2026-09-11T04:16:40+0200,87e6ba88-e4e0-4fda-9f0f-3a91adc2b4b5,2026-09-09T22:45:00Z,2026-09-10T00:45:00+0200,0.739591,MW,DK1,DK_1,actual_solar_generation,Solar,2026-09-11T02:17:23Z
2026-09-11T02:16:40Z,2026-09-11T04:16:40+0200,87e6ba88-e4e0-4fda-9f0f-3a91adc2b4b5,2026-09-09T23:00:00Z,2026-09-10T01:00:00+0200,0.66147,MW,DK1,DK_1,actual_solar_generation,Solar,2026-09-11T02:17:23Z
2026-09-11T02:16:40Z,2026-09-11T04:16:40+0200,87e6ba88-e4e0-4fda-9f0f-3a91adc2b4b5,2026-09-09T23:15:00Z,2026-09-10T01:15:00+0200,0.654406,MW,DK1,DK_1,actual_solar_generation,Solar,2026-09-11T02:17:23Z
2026-09-11T02:16:40Z,2026-09-11T04:16:40+0200,87e6ba88-e4e0-4fda-9f0f-3a91adc2b4b5,2026-09-09T23:30:00Z,2026-09-10T01:30:00+0200,0.586816,MW,DK1,DK_1,actual_solar_generation,Solar,2026-09-11T02:17:23Z
2026-09-11T02:16:40Z,2026-09-11T04:16:40+0200,87e6ba88-e4e0-4fda-9f0f-3a91adc2b4b5,2026-09-09T23:45:00Z,2026-09-10T01:45:00+0200,0.603157,MW,DK1,DK_1,actual_solar_generation,Solar,2026-09-11T02:17:23Z
2026-09-11T02:16:40Z,2026-09-11T04:16:40+0200,87e6ba88-e4e0-4fda-9f0f-3a91adc2b4b5,2026-09-10T00:00:00Z,2026-09-10T02:00:00+0200,0.63479,MW,DK1,DK_1,actual_solar_generation,Solar,2026-09-11T02:17:23Z
2026-09-11T02:16:40Z,2026-09-11T04:16:40+0200,87e6ba88-e4e0-4fda-9f0f-3a91adc2b4b5,2026-09-10T00:15:00Z,2026-09-10T02:15:00+0200,0.750287,MW,DK1,DK_1,actual_solar_generation,Solar,2026-09-11T02:17:23Z
2026-09-11T02:16:40Z,2026-09-11T04:16:40+0200,87e6ba88-e4e0-4fda-9f0f-3a91adc2b4b5,2026-09-10T00:30:00Z,2026-09-10T02:30:00+0200,0.785024,MW,DK1,DK_1,actual_solar_generation,Solar,2026-09-11T02:17:23Z
2026-09-11T02:16:40Z,2026-09-11T04:16:40+0200,87e6ba88-e4e0-4fda-9f0f-3a91adc2b4b5,2026-09-10T00:45:00Z,2026-09-10T02:45:00+0200,0.774901,MW,DK1,DK_1,actual_solar_generation,Solar,2026-09-11T02:17:23Z
2026-09-11T02:16:40Z,2026-09-11T04:16:40+0200,87e6ba88-e4e0-4fda-9f0f-3a91adc2b4b5,2026-09-10T01:00:00Z,2026-09-10T03:00:00+0200,0.775887,MW,DK1,DK_1,actual_solar_generation,Solar,2026-09-11T02:17:23Z
2026-09-11T02:16:40Z,2026-09-11T04:16:40+0200,87e6ba88-e4e0-4fda-9f0f-3a91adc2b4b5,2026-09-10T01:15:00Z,2026-09-10T03:15:00+0200,0.729249,MW,DK1,DK_1,actual_solar_generation,Solar,2026-09-11T02:17:23Z
2026-09-11T02:16:40Z,2026-09-11T04:16:40+0200,87e6ba88-e4e0-4fda-9f0f-3a91adc2b4b5,2026-09-10T01:30:00Z,2026-09-10T03:30:00+0200,0.749256,MW,DK1,DK_1,actual_solar_generation,Solar,2026-09-11T02:17:23Z
2026-09-11T02:16:40Z,2026-09-11T04:16:40+0200,87e6ba88-e4e0-4fda-9f0f-3a91adc2b4b5,2026-09-10T01:45:00Z,2026-09-10T03:45:00+0200,0.806738,MW,DK1,DK_1,actual_solar_generation,Solar,2026-09-11T02:17:23Z
2026-09-11T02:16:40Z,2026-09-11T04:16:40+0200,87e6ba88-e4e0-4fda-9f0f-3a91adc2b4b5,2026-09-10T02:00:00Z,2026-09-10T04:00:00+0200,0.7323,MW,DK1,DK_1,actual_solar_generation,Solar,2026-09-11T02:17:23Z
2026-09-11T02:16:40Z,2026-09-11T04:16:40+0200,87e6ba88-e4e0-4fda-9f0f-3a91adc2b4b5,2026-09-10T02:15:00Z,2026-09-10T04:15:00+0200,0.740278,MW,DK1,DK_1,actual_solar_generation,Solar,2026-09-11T02:17:23Z
2026-09-11T02:16:40Z,2026-09-11T04:16:40+0200,87e6ba88-e4e0-4fda-9f0f-3a91adc2b4b5,2026-09-10T02:30:00Z,2026-09-10T04:30:00+0200,0.783337,MW,DK1,DK_1,actual_solar_generation,Solar,2026-09-11T02:17:23Z
2026-09-11T02:16:40Z,2026-09-11T04:16:40+0200,87e6ba88-e4e0-4fda-9f0f-3a91adc2b4b5,2026-09-10T02:45:00Z,2026-09-10T04:45:00+0200,0.755798,MW,DK1,DK_1,actual_solar_generation,Solar,2026-09-11T02:17:23Z
2026-09-11T02:16:40Z,2026-09-11T04:16:40+0200,87e6ba88-e4e0-4fda-9f0f-3a91adc2b4b5,2026-09-10T03:00:00Z,2026-09-10T05:00:00+0200,0.80343,MW,DK1,DK_1,actual_solar_generation,Solar,2026-09-11T02:17:23Z
2026-09-11T02:16:40Z,2026-09-11T04:16:40+0200,87e6ba88-e4e0-4fda-9f0f-3a91adc2b4b5,2026-09-10T03:15:00Z,2026-09-10T05:15:00+0200,0.754496,MW,DK1,DK_1,actual_solar_generation,Solar,2026-09-11T02:17:23Z
2026-09-11T02:16:40Z,2026-09-11T04:16:40+0200,87e6ba88-e4e0-4fda-9f0f-3a91adc2b4b5,2026-09-10T03:30:00Z,2026-09-10T05:30:00+0200,0.694665,MW,DK1,DK_1,actual_solar_generation,Solar,2026-09-11T02:17:23Z
2026-09-11T02:16:40Z,2026-09-11T04:16:40+0200,87e6ba88-e4e0-4fda-9f0f-3a91adc2b4b5,2026-09-10T03:45:00Z,2026-09-10T05:45:00+0200,0.542704,MW,DK1,DK_1,actual_solar_generation,Solar,2026-09-11T02:17:23Z
2026-09-11T02:16:40Z,2026-09-11T04:16:40+0200,87e6ba88-e4e0-4fda-9f0f-3a91adc2b4b5,2026-09-10T04:00:00Z,2026-09-10T06:00:00+0200,0.607142,MW,DK1,DK_1,actual_solar_generation,Solar,2026-09-11T02:17:23Z
2026-09-11T02:16:40Z,2026-09-11T04:16:40+0200,87e6ba88-e4e0-4fda-9f0f-3a91adc2b4b5,2026-09-10T04:15:00Z,2026-09-10T06:15:00+0200,3.47254,MW,DK1,DK_1,actual_solar_generation,Solar,2026-09-11T02:17:23Z
2026-09-11T02:16:40Z,2026-09-11T04:16:40+0200,87e6ba88-e4e0-4fda-9f0f-3a91adc2b4b5,2026-09-10T04:30:00Z,2026-09-10T06:30:00+0200,5.65218,MW,DK1,DK_1,actual_solar_generation,Solar,2026-09-11T02:17:23Z
2026-09-11T02:16:40Z,2026-09-11T04:16:40+0200,87e6ba88-e4e0-4fda-9f0f-3a91adc2b4b5,2026-09-10T04:45:00Z,2026-09-10T06:45:00+0200,29.9472,MW,DK1,DK_1,actual_solar_generation,Solar,2026-09-11T02:17:23Z
2026-09-11T02:16:40Z,2026-09-11T04:16:40+0200,87e6ba88-e4e0-4fda-9f0f-3a91adc2b4b5,2026-09-10T05:00:00Z,2026-09-10T07:00:00+0200,64.1801,MW,DK1,DK_1,actual_solar_generation,Solar,2026-09-11T02:17:23Z
2026-09-11T02:16:40Z,2026-09-11T04:16:40+0200,87e6ba88-e4e0-4fda-9f0f-3a91adc2b4b5,2026-09-10T05:15:00Z,2026-09-10T07:15:00+0200,113.866,MW,DK1,DK_1,actual_solar_generation,Solar,2026-09-11T02:17:23Z
2026-09-11T02:16:40Z,2026-09-11T04:16:40+0200,87e6ba88-e4e0-4fda-9f0f-3a91adc2b4b5,2026-09-10T05:30:00Z,2026-09-10T07:30:00+0200,196.043,MW,DK1,DK_1,actual_solar_generation,Solar,2026-09-11T02:17:23Z
2026-09-11T02:16:40Z,2026-09-11T04:16:40+0200,87e6ba88-e4e0-4fda-9f0f-3a91adc2b4b5,2026-09-10T05:45:00Z,2026-09-10T07:45:00+0200,287.707,MW,DK1,DK_1,actual_solar_generation,Solar,2026-09-11T02:17:23Z
2026-09-11T02:16:40Z,2026-09-11T04:16:40+0200,87e6ba88-e4e0-4fda-9f0f-3a91adc2b4b5,2026-09-10T06:00:00Z,2026-09-10T08:00:00+0200,404.995,MW,DK1,DK_1,actual_solar_generation,Solar,2026-09-11T02:17:23Z
2026-09-11T02:16:40Z,2026-09-11T04:16:40+0200,87e6ba88-e4e0-4fda-9f0f-3a91adc2b4b5,2026-09-10T06:15:00Z,2026-09-10T08:15:00+0200,516.243,MW,DK1,DK_1,actual_solar_generation,Solar,2026-09-11T02:17:23Z
2026-09-11T02:16:40Z,2026-09-11T04:16:40+0200,87e6ba88-e4e0-4fda-9f0f-3a91adc2b4b5,2026-09-10T06:30:00Z,2026-09-10T08:30:00+0200,666.531,MW,DK1,DK_1,actual_solar_generation,Solar,2026-09-11T02:17:23Z
2026-09-11T02:16:40Z,2026-09-11T04:16:40+0200,87e6ba88-e4e0-4fda-9f0f-3a91adc2b4b5,2026-09-10T06:45:00Z,2026-09-10T08:45:00+0200,774.201,MW,DK1,DK_1,actual_solar_generation,Solar,2026-09-11T02:17:23Z
2026-09-11T02:16:40Z,2026-09-11T04:16:40+0200,87e6ba88-e4e0-4fda-9f0f-3a91adc2b4b5,2026-09-10T07:00:00Z,2026-09-10T09:00:00+0200,883.275,MW,DK1,DK_1,actual_solar_generation,Solar,2026-09-11T02:17:23Z
2026-09-11T02:16:40Z,2026-09-11T04:16:40+0200,87e6ba88-e4e0-4fda-9f0f-3a91adc2b4b5,2026-09-10T07:15:00Z,2026-09-10T09:15:00+0200,1007.71,MW,DK1,DK_1,actual_solar_generation,Solar,2026-09-11T02:17:23Z
2026-09-11T02:16:40Z,2026-09-11T04:16:40+0200,87e6ba88-e4e0-4fda-9f0f-3a91adc2b4b5,2026-09-10T07:30:00Z,2026-09-10T09:30:00+0200,1169.81,MW,DK1,DK_1,actual_solar_generation,Solar,2026-09-11T02:17:23Z
2026-09-11T02:16:40Z,2026-09-11T04:16:40+0200,87e6ba88-e4e0-4fda-9f0f-3a91adc2b4b5,2026-09-10T07:45:00Z,2026-09-10T09:45:00+0200,1289.9,MW,DK1,DK_1,actual_solar_generation,Solar,2026-09-11T02:17:23Z
2026-09-11T02:16:40Z,2026-09-11T04:16:40+0200,87e6ba88-e4e0-4fda-9f0f-3a91adc2b4b5,2026-09-10T08:00:00Z,2026-09-10T10:00:00+0200,1419.63,MW,DK1,DK_1,actual_solar_generation,Solar,2026-09-11T02:17:23Z
2026-09-11T02:16:40Z,2026-09-11T04:16:40+0200,87e6ba88-e4e0-4fda-9f0f-3a91adc2b4b5,2026-09-10T08:15:00Z,2026-09-10T10:15:00+0200,1596.56,MW,DK1,DK_1,actual_solar_generation,Solar,2026-09-11T02:17:23Z
2026-09-11T02:16:40Z,2026-09-11T04:16:40+0200,87e6ba88-e4e0-4fda-9f0f-3a91adc2b4b5,2026-09-10T08:30:00Z,2026-09-10T10:30:00+0200,1613.09,MW,DK1,DK_1,actual_solar_generation,Solar,2026-09-11T02:17:23Z
2026-09-11T02:16:40Z,2026-09-11T04:16:40+0200,87e6ba88-e4e0-4fda-9f0f-3a91adc2b4b5,2026-09-10T08:45:00Z,2026-09-10T10:45:00+0200,1649.7,MW,DK1,DK_1,actual_solar_generation,Solar,2026-09-11T02:17:23Z
2026-09-11T02:16:40Z,2026-09-11T04:16:40+0200,87e6ba88-e4e0-4fda-9f0f-3a91adc2b4b5,2026-09-10T09:00:00Z,2026-09-10T11:00:00+0200,1715.95,MW,DK1,DK_1,actual_solar_generation,Solar,2026-09-11T02:17:23Z
2026-09-11T02:16:40Z,2026-09-11T04:16:40+0200,87e6ba88-e4e0-4fda-9f0f-3a91adc2b4b5,2026-09-10T09:15:00Z,2026-09-10T11:15:00+0200,1549.78,MW,DK1,DK_1,actual_solar_generation,Solar,2026-09-11T02:17:23Z
2026-09-11T02:16:40Z,2026-09-11T04:16:40+0200,87e6ba88-e4e0-4fda-9f0f-3a91adc2b4b5,2026-09-10T09:30:00Z,2026-09-10T11:30:00+0200,1656.61,MW,DK1,DK_1,actual_solar_generation,Solar,2026-09-11T02:17:23Z
2026-09-11T02:16:40Z,2026-09-11T04:16:40+0200,87e6ba88-e4e0-4fda-9f0f-3a91adc2b4b5,2026-09-10T09:45:00Z,2026-09-10T11:45:00+0200,1844.16,MW,DK1,DK_1,actual_solar_generation,Solar,2026-09-11T02:17:23Z
2026-09-11T02:16:40Z,2026-09-11T04:16:40+0200,87e6ba88-e4e0-4fda-9f0f-3a91adc2b4b5,2026-09-10T10:00:00Z,2026-09-10T12:00:00+0200,1694.68,MW,DK1,DK_1,actual_solar_generation,Solar,2026-09-11T02:17:23Z
2026-09-11T02:16:40Z,2026-09-11T04:16:40+0200,87e6ba88-e4e0-4fda-9f0f-3a91adc2b4b5,2026-09-10T10:15:00Z,2026-09-10T12:15:00+0200,1738.01,MW,DK1,DK_1,actual_solar_generation,Solar,2026-09-11T02:17:23Z
2026-09-11T02:16:40Z,2026-09-11T04:16:40+0200,87e6ba88-e4e0-4fda-9f0f-3a91adc2b4b5,2026-09-10T10:30:00Z,2026-09-10T12:30:00+0200,1471.27,MW,DK1,DK_1,actual_solar_generation,Solar,2026-09-11T02:17:23Z
2026-09-11T02:16:40Z,2026-09-11T04:16:40+0200,87e6ba88-e4e0-4fda-9f0f-3a91adc2b4b5,2026-09-10T10:45:00Z,2026-09-10T12:45:00+0200,1489.65,MW,DK1,DK_1,actual_solar_generation,Solar,2026-09-11T02:17:23Z
2026-09-11T02:16:40Z,2026-09-11T04:16:40+0200,87e6ba88-e4e0-4fda-9f0f-3a91adc2b4b5,2026-09-10T11:00:00Z,2026-09-10T13:00:00+0200,1602.87,MW,DK1,DK_1,actual_solar_generation,Solar,2026-09-11T02:17:23Z
2026-09-11T02:16:40Z,2026-09-11T04:16:40+0200,87e6ba88-e4e0-4fda-9f0f-3a91adc2b4b5,2026-09-10T11:15:00Z,2026-09-10T13:15:00+0200,1446.24,MW,DK1,DK_1,actual_solar_generation,Solar,2026-09-11T02:17:23Z
2026-09-11T02:16:40Z,2026-09-11T04:16:40+0200,87e6ba88-e4e0-4fda-9f0f-3a91adc2b4b5,2026-09-10T11:30:00Z,2026-09-10T13:30:00+0200,1432.08,MW,DK1,DK_1,actual_solar_generation,Solar,2026-09-11T02:17:23Z
2026-09-11T02:16:40Z,2026-09-11T04:16:40+0200,87e6ba88-e4e0-4fda-9f0f-3a91adc2b4b5,2026-09-10T11:45:00Z,2026-09-10T13:45:00+0200,1365.12,MW,DK1,DK_1,actual_solar_generation,Solar,2026-09-11T02:17:23Z
2026-09-11T02:16:40Z,2026-09-11T04:16:40+0200,87e6ba88-e4e0-4fda-9f0f-3a91adc2b4b5,2026-09-10T12:00:00Z,2026-09-10T14:00:00+0200,1312.54,MW,DK1,DK_1,actual_solar_generation,Solar,2026-09-11T02:17:23Z
2026-09-11T02:16:40Z,2026-09-11T04:16:40+0200,87e6ba88-e4e0-4fda-9f0f-3a91adc2b4b5,2026-09-10T12:15:00Z,2026-09-10T14:15:00+0200,1465.68,MW,DK1,DK_1,actual_solar_generation,Solar,2026-09-11T02:17:23Z
2026-09-11T02:16:40Z,2026-09-11T04:16:40+0200,87e6ba88-e4e0-4fda-9f0f-3a91adc2b4b5,2026-09-10T12:30:00Z,2026-09-10T14:30:00+0200,1245.41,MW,DK1,DK_1,actual_solar_generation,Solar,2026-09-11T02:17:23Z
2026-09-11T02:16:40Z,2026-09-11T04:16:40+0200,87e6ba88-e4e0-4fda-9f0f-3a91adc2b4b5,2026-09-10T12:45:00Z,2026-09-10T14:45:00+0200,1187.99,MW,DK1,DK_1,actual_solar_generation,Solar,2026-09-11T02:17:23Z
2026-09-11T02:16:40Z,2026-09-11T04:16:40+0200,87e6ba88-e4e0-4fda-9f0f-3a91adc2b4b5,2026-09-10T13:00:00Z,2026-09-10T15:00:00+0200,1181.78,MW,DK1,DK_1,actual_solar_generation,Solar,2026-09-11T02:17:23Z
2026-09-11T02:16:40Z,2026-09-11T04:16:40+0200,87e6ba88-e4e0-4fda-9f0f-3a91adc2b4b5,2026-09-10T13:15:00Z,2026-09-10T15:15:00+0200,1194.16,MW,DK1,DK_1,actual_solar_generation,Solar,2026-09-11T02:17:23Z
2026-09-11T02:16:40Z,2026-09-11T04:16:40+0200,87e6ba88-e4e0-4fda-9f0f-3a91adc2b4b5,2026-09-10T13:30:00Z,2026-09-10T15:30:00+0200,1091.41,MW,DK1,DK_1,actual_solar_generation,Solar,2026-09-11T02:17:23Z
2026-09-11T02:16:40Z,2026-09-11T04:16:40+0200,87e6ba88-e4e0-4fda-9f0f-3a91adc2b4b5,2026-09-10T13:45:00Z,2026-09-10T15:45:00+0200,1049.66,MW,DK1,DK_1,actual_solar_generation,Solar,2026-09-11T02:17:23Z
2026-09-11T02:16:40Z,2026-09-11T04:16:40+0200,87e6ba88-e4e0-4fda-9f0f-3a91adc2b4b5,2026-09-10T14:00:00Z,2026-09-10T16:00:00+0200,908.926,MW,DK1,DK_1,actual_solar_generation,Solar,2026-09-11T02:17:23Z
2026-09-11T02:16:40Z,2026-09-11T04:16:40+0200,87e6ba88-e4e0-4fda-9f0f-3a91adc2b4b5,2026-09-10T14:15:00Z,2026-09-10T16:15:00+0200,813.334,MW,DK1,DK_1,actual_solar_generation,Solar,2026-09-11T02:17:23Z
2026-09-11T02:16:40Z,2026-09-11T04:16:40+0200,87e6ba88-e4e0-4fda-9f0f-3a91adc2b4b5,2026-09-10T14:30:00Z,2026-09-10T16:30:00+0200,873.848,MW,DK1,DK_1,actual_solar_generation,Solar,2026-09-11T02:17:23Z
2026-09-11T02:16:40Z,2026-09-11T04:16:40+0200,87e6ba88-e4e0-4fda-9f0f-3a91adc2b4b5,2026-09-10T14:45:00Z,2026-09-10T16:45:00+0200,923.81,MW,DK1,DK_1,actual_solar_generation,Solar,2026-09-11T02:17:23Z
2026-09-11T02:16:40Z,2026-09-11T04:16:40+0200,87e6ba88-e4e0-4fda-9f0f-3a91adc2b4b5,2026-09-10T15:00:00Z,2026-09-10T17:00:00+0200,980.602,MW,DK1,DK_1,actual_solar_generation,Solar,2026-09-11T02:17:23Z
2026-09-11T02:16:40Z,2026-09-11T04:16:40+0200,87e6ba88-e4e0-4fda-9f0f-3a91adc2b4b5,2026-09-10T15:15:00Z,2026-09-10T17:15:00+0200,774.383,MW,DK1,DK_1,actual_solar_generation,Solar,2026-09-11T02:17:23Z
2026-09-11T02:16:40Z,2026-09-11T04:16:40+0200,87e6ba88-e4e0-4fda-9f0f-3a91adc2b4b5,2026-09-10T15:30:00Z,2026-09-10T17:30:00+0200,716.293,MW,DK1,DK_1,actual_solar_generation,Solar,2026-09-11T02:17:23Z
2026-09-11T02:16:40Z,2026-09-11T04:16:40+0200,87e6ba88-e4e0-4fda-9f0f-3a91adc2b4b5,2026-09-10T15:45:00Z,2026-09-10T17:45:00+0200,646.986,MW,DK1,DK_1,actual_solar_generation,Solar,2026-09-11T02:17:23Z
2026-09-11T02:16:40Z,2026-09-11T04:16:40+0200,87e6ba88-e4e0-4fda-9f0f-3a91adc2b4b5,2026-09-10T16:00:00Z,2026-09-10T18:00:00+0200,515.661,MW,DK1,DK_1,actual_solar_generation,Solar,2026-09-11T02:17:23Z
2026-09-11T02:16:40Z,2026-09-11T04:16:40+0200,87e6ba88-e4e0-4fda-9f0f-3a91adc2b4b5,2026-09-10T16:15:00Z,2026-09-10T18:15:00+0200,426.748,MW,DK1,DK_1,actual_solar_generation,Solar,2026-09-11T02:17:23Z
2026-09-11T02:16:40Z,2026-09-11T04:16:40+0200,87e6ba88-e4e0-4fda-9f0f-3a91adc2b4b5,2026-09-10T16:30:00Z,2026-09-10T18:30:00+0200,363.378,MW,DK1,DK_1,actual_solar_generation,Solar,2026-09-11T02:17:23Z
2026-09-11T02:16:40Z,2026-09-11T04:16:40+0200,87e6ba88-e4e0-4fda-9f0f-3a91adc2b4b5,2026-09-10T16:45:00Z,2026-09-10T18:45:00+0200,295.164,MW,DK1,DK_1,actual_solar_generation,Solar,2026-09-11T02:17:23Z
2026-09-11T02:16:40Z,2026-09-11T04:16:40+0200,87e6ba88-e4e0-4fda-9f0f-3a91adc2b4b5,2026-09-10T17:00:00Z,2026-09-10T19:00:00+0200,209.643,MW,DK1,DK_1,actual_solar_generation,Solar,2026-09-11T02:17:23Z
2026-09-11T02:16:40Z,2026-09-11T04:16:40+0200,87e6ba88-e4e0-4fda-9f0f-3a91adc2b4b5,2026-09-10T17:15:00Z,2026-09-10T19:15:00+0200,145.259,MW,DK1,DK_1,actual_solar_generation,Solar,2026-09-11T02:17:23Z
2026-09-11T02:16:40Z,2026-09-11T04:16:40+0200,87e6ba88-e4e0-4fda-9f0f-3a91adc2b4b5,2026-09-10T17:30:00Z,2026-09-10T19:30:00+0200,115.14,MW,DK1,DK_1,actual_solar_generation,Solar,2026-09-11T02:17:23Z
2026-09-11T02:16:40Z,2026-09-11T04:16:40+0200,87e6ba88-e4e0-4fda-9f0f-3a91adc2b4b5,2026-09-10T17:45:00Z,2026-09-10T19:45:00+0200,91.8342,MW,DK1,DK_1,actual_solar_generation,Solar,2026-09-11T02:17:23Z
2026-09-11T02:16:40Z,2026-09-11T04:16:40+0200,87e6ba88-e4e0-4fda-9f0f-3a91adc2b4b5,2026-09-10T18:00:00Z,2026-09-10T20:00:00+0200,43.7741,MW,DK1,DK_1,actual_solar_generation,Solar,2026-09-11T02:17:23Z
2026-09-11T02:16:40Z,2026-09-11T04:16:40+0200,87e6ba88-e4e0-4fda-9f0f-3a91adc2b4b5,2026-09-10T18:15:00Z,2026-09-10T20:15:00+0200,35.9234,MW,DK1,DK_1,actual_solar_generation,Solar,2026-09-11T02:17:23Z
2026-09-11T02:16:40Z,2026-09-11T04:16:40+0200,87e6ba88-e4e0-4fda-9f0f-3a91adc2b4b5,2026-09-10T18:30:00Z,2026-09-10T20:30:00+0200,32.3417,MW,DK1,DK_1,actual_solar_generation,Solar,2026-09-11T02:17:23Z
2026-09-11T02:16:40Z,2026-09-11T04:16:40+0200,87e6ba88-e4e0-4fda-9f0f-3a91adc2b4b5,2026-09-10T18:45:00Z,2026-09-10T20:45:00+0200,29.8903,MW,DK1,DK_1,actual_solar_generation,Solar,2026-09-11T02:17:23Z
2026-09-11T02:16:40Z,2026-09-11T04:16:40+0200,87e6ba88-e4e0-4fda-9f0f-3a91adc2b4b5,2026-09-10T19:00:00Z,2026-09-10T21:00:00+0200,27.0635,MW,DK1,DK_1,actual_solar_generation,Solar,2026-09-11T02:17:23Z
2026-09-11T02:16:40Z,2026-09-11T04:16:40+0200,87e6ba88-e4e0-4fda-9f0f-3a91adc2b4b5,2026-09-10T19:15:00Z,2026-09-10T21:15:00+0200,8.88516,MW,DK1,DK_1,actual_solar_generation,Solar,2026-09-11T02:17:23Z
2026-09-11T02:16:40Z,2026-09-11T04:16:40+0200,87e6ba88-e4e0-4fda-9f0f-3a91adc2b4b5,2026-09-10T19:30:00Z,2026-09-10T21:30:00+0200,7.02243,MW,DK1,DK_1,actual_solar_generation,Solar,2026-09-11T02:17:23Z
2026-09-11T02:16:40Z,2026-09-11T04:16:40+0200,87e6ba88-e4e0-4fda-9f0f-3a91adc2b4b5,2026-09-10T19:45:00Z,2026-09-10T21:45:00+0200,7.08877,MW,DK1,DK_1,actual_solar_generation,Solar,2026-09-11T02:17:23Z
2026-09-11T02:16:40Z,2026-09-11T04:16:40+0200,87e6ba88-e4e0-4fda-9f0f-3a91adc2b4b5,2026-09-10T20:00:00Z,2026-09-10T22:00:00+0200,3.4346,MW,DK1,DK_1,actual_solar_generation,Solar,2026-09-11T02:17:23Z
2026-09-11T02:16:40Z,2026-09-11T04:16:40+0200,87e6ba88-e4e0-4fda-9f0f-3a91adc2b4b5,2026-09-10T20:15:00Z,2026-09-10T22:15:00+0200,3.15177,MW,DK1,DK_1,actual_solar_generation,Solar,2026-09-11T02:17:23Z
2026-09-11T02:16:40Z,2026-09-11T04:16:40+0200,87e6ba88-e4e0-4fda-9f0f-3a91adc2b4b5,2026-09-10T20:30:00Z,2026-09-10T22:30:00+0200,3.22548,MW,DK1,DK_1,actual_solar_generation,Solar,2026-09-11T02:17:23Z
2026-09-11T02:16:40Z,2026-09-11T04:16:40+0200,87e6ba88-e4e0-4fda-9f0f-3a91adc2b4b5,2026-09-10T20:45:00Z,2026-09-10T22:45:00+0200,0.751573,MW,DK1,DK_1,actual_solar_generation,Solar,2026-09-11T02:17:23Z
2026-09-11T02:16:40Z,2026-09-11T04:16:40+0200,87e6ba88-e4e0-4fda-9f0f-3a91adc2b4b5,2026-09-10T21:00:00Z,2026-09-10T23:00:00+0200,2.99134,MW,DK1,DK_1,actual_solar_generation,Solar,2026-09-11T02:17:23Z
2026-09-11T02:16:40Z,2026-09-11T04:16:40+0200,87e6ba88-e4e0-4fda-9f0f-3a91adc2b4b5,2026-09-10T21:15:00Z,2026-09-10T23:15:00+0200,2.9221,MW,DK1,DK_1,actual_solar_generation,Solar,2026-09-11T02:17:23Z
2026-09-11T02:16:40Z,2026-09-11T04:16:40+0200,87e6ba88-e4e0-4fda-9f0f-3a91adc2b4b5,2026-09-10T21:30:00Z,2026-09-10T23:30:00+0200,1.75505,MW,DK1,DK_1,actual_solar_generation,Solar,2026-09-11T02:17:23Z
2026-09-11T02:16:40Z,2026-09-11T04:16:40+0200,87e6ba88-e4e0-4fda-9f0f-3a91adc2b4b5,2026-09-10T21:45:00Z,2026-09-10T23:45:00+0200,0.578157,MW,DK1,DK_1,actual_solar_generation,Solar,2026-09-11T02:17:23Z
2026-09-11T02:16:40Z,2026-09-11T04:16:40+0200,87e6ba88-e4e0-4fda-9f0f-3a91adc2b4b5,2026-09-10T22:00:00Z,2026-09-11T00:00:00+0200,0.515176,MW,DK1,DK_1,actual_solar_generation,Solar,2026-09-11T02:17:23Z
2026-09-11T02:16:40Z,2026-09-11T04:16:40+0200,87e6ba88-e4e0-4fda-9f0f-3a91adc2b4b5,2026-09-10T22:15:00Z,2026-09-11T00:15:00+0200,0.533392,MW,DK1,DK_1,actual_solar_generation,Solar,2026-09-11T02:17:23Z
2026-09-11T02:16:40Z,2026-09-11T04:16:40+0200,87e6ba88-e4e0-4fda-9f0f-3a91adc2b4b5,2026-09-10T22:30:00Z,2026-09-11T00:30:00+0200,0.512568,MW,DK1,DK_1,actual_solar_generation,Solar,2026-09-11T02:17:23Z
2026-09-11T02:16:40Z,2026-09-11T04:16:40+0200,87e6ba88-e4e0-4fda-9f0f-3a91adc2b4b5,2026-09-10T22:45:00Z,2026-09-11T00:45:00+0200,0.537173,MW,DK1,DK_1,actual_solar_generation,Solar,2026-09-11T02:17:23Z
2026-09-11T02:16:40Z,2026-09-11T04:16:40+0200,87e6ba88-e4e0-4fda-9f0f-3a91adc2b4b5,2026-09-10T23:00:00Z,2026-09-11T01:00:00+0200,0.531869,MW,DK1,DK_1,actual_solar_generation,Solar,2026-09-11T02:17:23Z
2026-09-11T02:16:40Z,2026-09-11T04:16:40+0200,87e6ba88-e4e0-4fda-9f0f-3a91adc2b4b5,2026-09-10T23:15:00Z,2026-09-11T01:15:00+0200,0.543751,MW,DK1,DK_1,actual_solar_generation,Solar,2026-09-11T02:17:23Z
2026-09-11T02:16:40Z,2026-09-11T04:16:40+0200,87e6ba88-e4e0-4fda-9f0f-3a91adc2b4b5,2026-09-10T23:30:00Z,2026-09-11T01:30:00+0200,0.559891,MW,DK1,DK_1,actual_solar_generation,Solar,2026-09-11T02:17:23Z
2026-09-11T02:16:40Z,2026-09-11T04:16:40+0200,87e6ba88-e4e0-4fda-9f0f-3a91adc2b4b5,2026-09-10T23:45:00Z,2026-09-11T01:45:00+0200,0.539695,MW,DK1,DK_1,actual_solar_generation,Solar,2026-09-11T02:17:23Z
2026-09-11T02:16:40Z,2026-09-11T04:16:40+0200,87e6ba88-e4e0-4fda-9f0f-3a91adc2b4b5,2026-09-11T00:00:00Z,2026-09-11T02:00:00+0200,0.530202,MW,DK1,DK_1,actual_solar_generation,Solar,2026-09-11T02:17:23Z
2026-09-11T02:16:40Z,2026-09-11T04:16:40+0200,87e6ba88-e4e0-4fda-9f0f-3a91adc2b4b5,2026-09-11T00:15:00Z,2026-09-11T02:15:00+0200,0.592652,MW,DK1,DK_1,actual_solar_generation,Solar,2026-09-11T02:17:23Z
2026-09-11T02:16:40Z,2026-09-11T04:16:40+0200,87e6ba88-e4e0-4fda-9f0f-3a91adc2b4b5,2026-09-11T00:30:00Z,2026-09-11T02:30:00+0200,0.700822,MW,DK1,DK_1,actual_solar_generation,Solar,2026-09-11T02:17:23Z
2026-09-11T02:16:40Z,2026-09-11T04:16:40+0200,87e6ba88-e4e0-4fda-9f0f-3a91adc2b4b5,2026-09-11T00:45:00Z,2026-09-11T02:45:00+0200,0.711495,MW,DK1,DK_1,actual_solar_generation,Solar,2026-09-11T02:17:23Z
2026-09-11T02:16:40Z,2026-09-11T04:16:40+0200,87e6ba88-e4e0-4fda-9f0f-3a91adc2b4b5,2026-09-11T01:00:00Z,2026-09-11T03:00:00+0200,0.716709,MW,DK1,DK_1,actual_solar_generation,Solar,2026-09-11T02:17:23Z
2026-09-11T02:16:40Z,2026-09-11T04:16:40+0200,87e6ba88-e4e0-4fda-9f0f-3a91adc2b4b5,2026-09-11T01:15:00Z,2026-09-11T03:15:00+0200,0.713384,MW,DK1,DK_1,actual_solar_generation,Solar,2026-09-11T02:17:23Z
2026-09-11T02:16:40Z,2026-09-11T04:16:40+0200,87e6ba88-e4e0-4fda-9f0f-3a91adc2b4b5,2026-09-11T01:30:00Z,2026-09-11T03:30:00+0200,0.765039,MW,DK1,DK_1,actual_solar_generation,Solar,2026-09-11T02:17:23Z
