collection_time_utc,collection_time_local,run_id,timestamp_utc,timestamp_local,value,unit,country,entsoe_area,variable,source,updated_at_utc
2026-09-15T04:59:58Z,2026-09-15T06:59:58+0200,ecf31ba6-001d-4c9e-88a0-f83d4f8f2bd9,2026-09-08T05:15:00Z,2026-09-08T07:15:00+0200,57.7718,MW,DK1,DK_1,actual_solar_generation,Solar,2026-09-15T05:00:51Z
2026-09-15T04:59:58Z,2026-09-15T06:59:58+0200,ecf31ba6-001d-4c9e-88a0-f83d4f8f2bd9,2026-09-08T05:30:00Z,2026-09-08T07:30:00+0200,85.8786,MW,DK1,DK_1,actual_solar_generation,Solar,2026-09-15T05:00:51Z
2026-09-15T04:59:58Z,2026-09-15T06:59:58+0200,ecf31ba6-001d-4c9e-88a0-f83d4f8f2bd9,2026-09-08T05:45:00Z,2026-09-08T07:45:00+0200,134.247,MW,DK1,DK_1,actual_solar_generation,Solar,2026-09-15T05:00:51Z
2026-09-15T04:59:58Z,2026-09-15T06:59:58+0200,ecf31ba6-001d-4c9e-88a0-f83d4f8f2bd9,2026-09-08T06:00:00Z,2026-09-08T08:00:00+0200,178.391,MW,DK1,DK_1,actual_solar_generation,Solar,2026-09-15T05:00:51Z
2026-09-15T04:59:58Z,2026-09-15T06:59:58+0200,ecf31ba6-001d-4c9e-88a0-f83d4f8f2bd9,2026-09-08T06:15:00Z,2026-09-08T08:15:00+0200,236.085,MW,DK1,DK_1,actual_solar_generation,Solar,2026-09-15T05:00:51Z
2026-09-15T04:59:58Z,2026-09-15T06:59:58+0200,ecf31ba6-001d-4c9e-88a0-f83d4f8f2bd9,2026-09-08T06:30:00Z,2026-09-08T08:30:00+0200,293.502,MW,DK1,DK_1,actual_solar_generation,Solar,2026-09-15T05:00:51Z
2026-09-15T04:59:58Z,2026-09-15T06:59:58+0200,ecf31ba6-001d-4c9e-88a0-f83d4f8f2bd9,2026-09-08T06:45:00Z,2026-09-08T08:45:00+0200,357.808,MW,DK1,DK_1,actual_solar_generation,Solar,2026-09-15T05:00:51Z
2026-09-15T04:59:58Z,2026-09-15T06:59:58+0200,ecf31ba6-001d-4c9e-88a0-f83d4f8f2bd9,2026-09-08T07:00:00Z,2026-09-08T09:00:00+0200,422.719,MW,DK1,DK_1,actual_solar_generation,Solar,2026-09-15T05:00:51Z
2026-09-15T04:59:58Z,2026-09-15T06:59:58+0200,ecf31ba6-001d-4c9e-88a0-f83d4f8f2bd9,2026-09-08T07:15:00Z,2026-09-08T09:15:00+0200,521.377,MW,DK1,DK_1,actual_solar_generation,Solar,2026-09-15T05:00:51Z
2026-09-15T04:59:58Z,2026-09-15T06:59:58+0200,ecf31ba6-001d-4c9e-88a0-f83d4f8f2bd9,2026-09-08T07:30:00Z,2026-09-08T09:30:00+0200,667.445,MW,DK1,DK_1,actual_solar_generation,Solar,2026-09-15T05:00:51Z
2026-09-15T04:59:58Z,2026-09-15T06:59:58+0200,ecf31ba6-001d-4c9e-88a0-f83d4f8f2bd9,2026-09-08T07:45:00Z,2026-09-08T09:45:00+0200,775.072,MW,DK1,DK_1,actual_solar_generation,Solar,2026-09-15T05:00:51Z
2026-09-15T04:59:58Z,2026-09-15T06:59:58+0200,ecf31ba6-001d-4c9e-88a0-f83d4f8f2bd9,2026-09-08T08:00:00Z,2026-09-08T10:00:00+0200,862.725,MW,DK1,DK_1,actual_solar_generation,Solar,2026-09-15T05:00:51Z
2026-09-15T04:59:58Z,2026-09-15T06:59:58+0200,ecf31ba6-001d-4c9e-88a0-f83d4f8f2bd9,2026-09-08T08:15:00Z,2026-09-08T10:15:00+0200,783.305,MW,DK1,DK_1,actual_solar_generation,Solar,2026-09-15T05:00:51Z
2026-09-15T04:59:58Z,2026-09-15T06:59:58+0200,ecf31ba6-001d-4c9e-88a0-f83d4f8f2bd9,2026-09-08T08:30:00Z,2026-09-08T10:30:00+0200,959.703,MW,DK1,DK_1,actual_solar_generation,Solar,2026-09-15T05:00:51Z
2026-09-15T04:59:58Z,2026-09-15T06:59:58+0200,ecf31ba6-001d-4c9e-88a0-f83d4f8f2bd9,2026-09-08T08:45:00Z,2026-09-08T10:45:00+0200,1031.72,MW,DK1,DK_1,actual_solar_generation,Solar,2026-09-15T05:00:51Z
2026-09-15T04:59:58Z,2026-09-15T06:59:58+0200,ecf31ba6-001d-4c9e-88a0-f83d4f8f2bd9,2026-09-08T09:00:00Z,2026-09-08T11:00:00+0200,1060.77,MW,DK1,DK_1,actual_solar_generation,Solar,2026-09-15T05:00:51Z
2026-09-15T04:59:58Z,2026-09-15T06:59:58+0200,ecf31ba6-001d-4c9e-88a0-f83d4f8f2bd9,2026-09-08T09:15:00Z,2026-09-08T11:15:00+0200,1182.54,MW,DK1,DK_1,actual_solar_generation,Solar,2026-09-15T05:00:51Z
2026-09-15T04:59:58Z,2026-09-15T06:59:58+0200,ecf31ba6-001d-4c9e-88a0-f83d4f8f2bd9,2026-09-08T09:30:00Z,2026-09-08T11:30:00+0200,1248.65,MW,DK1,DK_1,actual_solar_generation,Solar,2026-09-15T05:00:51Z
2026-09-15T04:59:58Z,2026-09-15T06:59:58+0200,ecf31ba6-001d-4c9e-88a0-f83d4f8f2bd9,2026-09-08T09:45:00Z,2026-09-08T11:45:00+0200,1001.95,MW,DK1,DK_1,actual_solar_generation,Solar,2026-09-15T05:00:51Z
2026-09-15T04:59:58Z,2026-09-15T06:59:58+0200,ecf31ba6-001d-4c9e-88a0-f83d4f8f2bd9,2026-09-08T10:00:00Z,2026-09-08T12:00:00+0200,818.776,MW,DK1,DK_1,actual_solar_generation,Solar,2026-09-15T05:00:51Z
2026-09-15T04:59:58Z,2026-09-15T06:59:58+0200,ecf31ba6-001d-4c9e-88a0-f83d4f8f2bd9,2026-09-08T10:15:00Z,2026-09-08T12:15:00+0200,706.756,MW,DK1,DK_1,actual_solar_generation,Solar,2026-09-15T05:00:51Z
2026-09-15T04:59:58Z,2026-09-15T06:59:58+0200,ecf31ba6-001d-4c9e-88a0-f83d4f8f2bd9,2026-09-08T10:30:00Z,2026-09-08T12:30:00+0200,607.666,MW,DK1,DK_1,actual_solar_generation,Solar,2026-09-15T05:00:51Z
2026-09-15T04:59:58Z,2026-09-15T06:59:58+0200,ecf31ba6-001d-4c9e-88a0-f83d4f8f2bd9,2026-09-08T10:45:00Z,2026-09-08T12:45:00+0200,641.708,MW,DK1,DK_1,actual_solar_generation,Solar,2026-09-15T05:00:51Z
2026-09-15T04:59:58Z,2026-09-15T06:59:58+0200,ecf31ba6-001d-4c9e-88a0-f83d4f8f2bd9,2026-09-08T11:00:00Z,2026-09-08T13:00:00+0200,723.808,MW,DK1,DK_1,actual_solar_generation,Solar,2026-09-15T05:00:51Z
2026-09-15T04:59:58Z,2026-09-15T06:59:58+0200,ecf31ba6-001d-4c9e-88a0-f83d4f8f2bd9,2026-09-08T11:15:00Z,2026-09-08T13:15:00+0200,668.712,MW,DK1,DK_1,actual_solar_generation,Solar,2026-09-15T05:00:51Z
2026-09-15T04:59:58Z,2026-09-15T06:59:58+0200,ecf31ba6-001d-4c9e-88a0-f83d4f8f2bd9,2026-09-08T11:30:00Z,2026-09-08T13:30:00+0200,598.071,MW,DK1,DK_1,actual_solar_generation,Solar,2026-09-15T05:00:51Z
2026-09-15T04:59:58Z,2026-09-15T06:59:58+0200,ecf31ba6-001d-4c9e-88a0-f83d4f8f2bd9,2026-09-08T11:45:00Z,2026-09-08T13:45:00+0200,602.497,MW,DK1,DK_1,actual_solar_generation,Solar,2026-09-15T05:00:51Z
2026-09-15T04:59:58Z,2026-09-15T06:59:58+0200,ecf31ba6-001d-4c9e-88a0-f83d4f8f2bd9,2026-09-08T12:00:00Z,2026-09-08T14:00:00+0200,524.52,MW,DK1,DK_1,actual_solar_generation,Solar,2026-09-15T05:00:51Z
2026-09-15T04:59:58Z,2026-09-15T06:59:58+0200,ecf31ba6-001d-4c9e-88a0-f83d4f8f2bd9,2026-09-08T12:15:00Z,2026-09-08T14:15:00+0200,579.1,MW,DK1,DK_1,actual_solar_generation,Solar,2026-09-15T05:00:51Z
2026-09-15T04:59:58Z,2026-09-15T06:59:58+0200,ecf31ba6-001d-4c9e-88a0-f83d4f8f2bd9,2026-09-08T12:30:00Z,2026-09-08T14:30:00+0200,607.932,MW,DK1,DK_1,actual_solar_generation,Solar,2026-09-15T05:00:51Z
2026-09-15T04:59:58Z,2026-09-15T06:59:58+0200,ecf31ba6-001d-4c9e-88a0-f83d4f8f2bd9,2026-09-08T12:45:00Z,2026-09-08T14:45:00+0200,564.98,MW,DK1,DK_1,actual_solar_generation,Solar,2026-09-15T05:00:51Z
2026-09-15T04:59:58Z,2026-09-15T06:59:58+0200,ecf31ba6-001d-4c9e-88a0-f83d4f8f2bd9,2026-09-08T13:00:00Z,2026-09-08T15:00:00+0200,448.843,MW,DK1,DK_1,actual_solar_generation,Solar,2026-09-15T05:00:51Z
2026-09-15T04:59:58Z,2026-09-15T06:59:58+0200,ecf31ba6-001d-4c9e-88a0-f83d4f8f2bd9,2026-09-08T13:15:00Z,2026-09-08T15:15:00+0200,447.363,MW,DK1,DK_1,actual_solar_generation,Solar,2026-09-15T05:00:51Z
2026-09-15T04:59:58Z,2026-09-15T06:59:58+0200,ecf31ba6-001d-4c9e-88a0-f83d4f8f2bd9,2026-09-08T13:30:00Z,2026-09-08T15:30:00+0200,390.54,MW,DK1,DK_1,actual_solar_generation,Solar,2026-09-15T05:00:51Z
2026-09-15T04:59:58Z,2026-09-15T06:59:58+0200,ecf31ba6-001d-4c9e-88a0-f83d4f8f2bd9,2026-09-08T13:45:00Z,2026-09-08T15:45:00+0200,451.524,MW,DK1,DK_1,actual_solar_generation,Solar,2026-09-15T05:00:51Z
2026-09-15T04:59:58Z,2026-09-15T06:59:58+0200,ecf31ba6-001d-4c9e-88a0-f83d4f8f2bd9,2026-09-08T14:00:00Z,2026-09-08T16:00:00+0200,409.731,MW,DK1,DK_1,actual_solar_generation,Solar,2026-09-15T05:00:51Z
2026-09-15T04:59:58Z,2026-09-15T06:59:58+0200,ecf31ba6-001d-4c9e-88a0-f83d4f8f2bd9,2026-09-08T14:15:00Z,2026-09-08T16:15:00+0200,416.845,MW,DK1,DK_1,actual_solar_generation,Solar,2026-09-15T05:00:51Z
2026-09-15T04:59:58Z,2026-09-15T06:59:58+0200,ecf31ba6-001d-4c9e-88a0-f83d4f8f2bd9,2026-09-08T14:30:00Z,2026-09-08T16:30:00+0200,373.922,MW,DK1,DK_1,actual_solar_generation,Solar,2026-09-15T05:00:51Z
2026-09-15T04:59:58Z,2026-09-15T06:59:58+0200,ecf31ba6-001d-4c9e-88a0-f83d4f8f2bd9,2026-09-08T14:45:00Z,2026-09-08T16:45:00+0200,298.423,MW,DK1,DK_1,actual_solar_generation,Solar,2026-09-15T05:00:51Z
2026-09-15T04:59:58Z,2026-09-15T06:59:58+0200,ecf31ba6-001d-4c9e-88a0-f83d4f8f2bd9,2026-09-08T15:00:00Z,2026-09-08T17:00:00+0200,260.338,MW,DK1,DK_1,actual_solar_generation,Solar,2026-09-15T05:00:51Z
2026-09-15T04:59:58Z,2026-09-15T06:59:58+0200,ecf31ba6-001d-4c9e-88a0-f83d4f8f2bd9,2026-09-08T15:15:00Z,2026-09-08T17:15:00+0200,230.61,MW,DK1,DK_1,actual_solar_generation,Solar,2026-09-15T05:00:51Z
2026-09-15T04:59:58Z,2026-09-15T06:59:58+0200,ecf31ba6-001d-4c9e-88a0-f83d4f8f2bd9,2026-09-08T15:30:00Z,2026-09-08T17:30:00+0200,219.549,MW,DK1,DK_1,actual_solar_generation,Solar,2026-09-15T05:00:51Z
2026-09-15T04:59:58Z,2026-09-15T06:59:58+0200,ecf31ba6-001d-4c9e-88a0-f83d4f8f2bd9,2026-09-08T15:45:00Z,2026-09-08T17:45:00+0200,189.124,MW,DK1,DK_1,actual_solar_generation,Solar,2026-09-15T05:00:51Z
2026-09-15T04:59:58Z,2026-09-15T06:59:58+0200,ecf31ba6-001d-4c9e-88a0-f83d4f8f2bd9,2026-09-08T16:00:00Z,2026-09-08T18:00:00+0200,162.091,MW,DK1,DK_1,actual_solar_generation,Solar,2026-09-15T05:00:51Z
2026-09-15T04:59:58Z,2026-09-15T06:59:58+0200,ecf31ba6-001d-4c9e-88a0-f83d4f8f2bd9,2026-09-08T16:15:00Z,2026-09-08T18:15:00+0200,138.751,MW,DK1,DK_1,actual_solar_generation,Solar,2026-09-15T05:00:51Z
2026-09-15T04:59:58Z,2026-09-15T06:59:58+0200,ecf31ba6-001d-4c9e-88a0-f83d4f8f2bd9,2026-09-08T16:30:00Z,2026-09-08T18:30:00+0200,121.646,MW,DK1,DK_1,actual_solar_generation,Solar,2026-09-15T05:00:51Z
2026-09-15T04:59:58Z,2026-09-15T06:59:58+0200,ecf31ba6-001d-4c9e-88a0-f83d4f8f2bd9,2026-09-08T16:45:00Z,2026-09-08T18:45:00+0200,110.404,MW,DK1,DK_1,actual_solar_generation,Solar,2026-09-15T05:00:51Z
2026-09-15T04:59:58Z,2026-09-15T06:59:58+0200,ecf31ba6-001d-4c9e-88a0-f83d4f8f2bd9,2026-09-08T17:00:00Z,2026-09-08T19:00:00+0200,101.206,MW,DK1,DK_1,actual_solar_generation,Solar,2026-09-15T05:00:51Z
2026-09-15T04:59:58Z,2026-09-15T06:59:58+0200,ecf31ba6-001d-4c9e-88a0-f83d4f8f2bd9,2026-09-08T17:15:00Z,2026-09-08T19:15:00+0200,86.5993,MW,DK1,DK_1,actual_solar_generation,Solar,2026-09-15T05:00:51Z
2026-09-15T04:59:58Z,2026-09-15T06:59:58+0200,ecf31ba6-001d-4c9e-88a0-f83d4f8f2bd9,2026-09-08T17:30:00Z,2026-09-08T19:30:00+0200,91.5116,MW,DK1,DK_1,actual_solar_generation,Solar,2026-09-15T05:00:51Z
2026-09-15T04:59:58Z,2026-09-15T06:59:58+0200,ecf31ba6-001d-4c9e-88a0-f83d4f8f2bd9,2026-09-08T17:45:00Z,2026-09-08T19:45:00+0200,85.0161,MW,DK1,DK_1,actual_solar_generation,Solar,2026-09-15T05:00:51Z
2026-09-15T04:59:58Z,2026-09-15T06:59:58+0200,ecf31ba6-001d-4c9e-88a0-f83d4f8f2bd9,2026-09-08T18:00:00Z,2026-09-08T20:00:00+0200,26.3112,MW,DK1,DK_1,actual_solar_generation,Solar,2026-09-15T05:00:51Z
2026-09-15T04:59:58Z,2026-09-15T06:59:58+0200,ecf31ba6-001d-4c9e-88a0-f83d4f8f2bd9,2026-09-08T18:15:00Z,2026-09-08T20:15:00+0200,34.3634,MW,DK1,DK_1,actual_solar_generation,Solar,2026-09-15T05:00:51Z
2026-09-15T04:59:58Z,2026-09-15T06:59:58+0200,ecf31ba6-001d-4c9e-88a0-f83d4f8f2bd9,2026-09-08T18:30:00Z,2026-09-08T20:30:00+0200,33.769,MW,DK1,DK_1,actual_solar_generation,Solar,2026-09-15T05:00:51Z
2026-09-15T04:59:58Z,2026-09-15T06:59:58+0200,ecf31ba6-001d-4c9e-88a0-f83d4f8f2bd9,2026-09-08T18:45:00Z,2026-09-08T20:45:00+0200,31.0767,MW,DK1,DK_1,actual_solar_generation,Solar,2026-09-15T05:00:51Z
2026-09-15T04:59:58Z,2026-09-15T06:59:58+0200,ecf31ba6-001d-4c9e-88a0-f83d4f8f2bd9,2026-09-08T19:00:00Z,2026-09-08T21:00:00+0200,62.9273,MW,DK1,DK_1,actual_solar_generation,Solar,2026-09-15T05:00:51Z
2026-09-15T04:59:58Z,2026-09-15T06:59:58+0200,ecf31ba6-001d-4c9e-88a0-f83d4f8f2bd9,2026-09-08T19:15:00Z,2026-09-08T21:15:00+0200,52.2732,MW,DK1,DK_1,actual_solar_generation,Solar,2026-09-15T05:00:51Z
2026-09-15T04:59:58Z,2026-09-15T06:59:58+0200,ecf31ba6-001d-4c9e-88a0-f83d4f8f2bd9,2026-09-08T19:30:00Z,2026-09-08T21:30:00+0200,50.5588,MW,DK1,DK_1,actual_solar_generation,Solar,2026-09-15T05:00:51Z
2026-09-15T04:59:58Z,2026-09-15T06:59:58+0200,ecf31ba6-001d-4c9e-88a0-f83d4f8f2bd9,2026-09-08T19:45:00Z,2026-09-08T21:45:00+0200,50.5061,MW,DK1,DK_1,actual_solar_generation,Solar,2026-09-15T05:00:51Z
2026-09-15T04:59:58Z,2026-09-15T06:59:58+0200,ecf31ba6-001d-4c9e-88a0-f83d4f8f2bd9,2026-09-08T20:00:00Z,2026-09-08T22:00:00+0200,11.1456,MW,DK1,DK_1,actual_solar_generation,Solar,2026-09-15T05:00:51Z
2026-09-15T04:59:58Z,2026-09-15T06:59:58+0200,ecf31ba6-001d-4c9e-88a0-f83d4f8f2bd9,2026-09-08T20:15:00Z,2026-09-08T22:15:00+0200,3.15464,MW,DK1,DK_1,actual_solar_generation,Solar,2026-09-15T05:00:51Z
2026-09-15T04:59:58Z,2026-09-15T06:59:58+0200,ecf31ba6-001d-4c9e-88a0-f83d4f8f2bd9,2026-09-08T20:30:00Z,2026-09-08T22:30:00+0200,3.16796,MW,DK1,DK_1,actual_solar_generation,Solar,2026-09-15T05:00:51Z
2026-09-15T04:59:58Z,2026-09-15T06:59:58+0200,ecf31ba6-001d-4c9e-88a0-f83d4f8f2bd9,2026-09-08T20:45:00Z,2026-09-08T22:45:00+0200,0.773534,MW,DK1,DK_1,actual_solar_generation,Solar,2026-09-15T05:00:51Z
2026-09-15T04:59:58Z,2026-09-15T06:59:58+0200,ecf31ba6-001d-4c9e-88a0-f83d4f8f2bd9,2026-09-08T21:00:00Z,2026-09-08T23:00:00+0200,0.684922,MW,DK1,DK_1,actual_solar_generation,Solar,2026-09-15T05:00:51Z
2026-09-15T04:59:58Z,2026-09-15T06:59:58+0200,ecf31ba6-001d-4c9e-88a0-f83d4f8f2bd9,2026-09-08T21:15:00Z,2026-09-08T23:15:00+0200,0.548773,MW,DK1,DK_1,actual_solar_generation,Solar,2026-09-15T05:00:51Z
2026-09-15T04:59:58Z,2026-09-15T06:59:58+0200,ecf31ba6-001d-4c9e-88a0-f83d4f8f2bd9,2026-09-08T21:30:00Z,2026-09-08T23:30:00+0200,0.583081,MW,DK1,DK_1,actual_solar_generation,Solar,2026-09-15T05:00:51Z
2026-09-15T04:59:58Z,2026-09-15T06:59:58+0200,ecf31ba6-001d-4c9e-88a0-f83d4f8f2bd9,2026-09-08T21:45:00Z,2026-09-08T23:45:00+0200,0.556234,MW,DK1,DK_1,actual_solar_generation,Solar,2026-09-15T05:00:51Z
2026-09-15T04:59:58Z,2026-09-15T06:59:58+0200,ecf31ba6-001d-4c9e-88a0-f83d4f8f2bd9,2026-09-08T22:00:00Z,2026-09-09T00:00:00+0200,0.524015,MW,DK1,DK_1,actual_solar_generation,Solar,2026-09-15T05:00:51Z
2026-09-15T04:59:58Z,2026-09-15T06:59:58+0200,ecf31ba6-001d-4c9e-88a0-f83d4f8f2bd9,2026-09-08T22:15:00Z,2026-09-09T00:15:00+0200,0.511348,MW,DK1,DK_1,actual_solar_generation,Solar,2026-09-15T05:00:51Z
2026-09-15T04:59:58Z,2026-09-15T06:59:58+0200,ecf31ba6-001d-4c9e-88a0-f83d4f8f2bd9,2026-09-08T22:30:00Z,2026-09-09T00:30:00+0200,0.475066,MW,DK1,DK_1,actual_solar_generation,Solar,2026-09-15T05:00:51Z
2026-09-15T04:59:58Z,2026-09-15T06:59:58+0200,ecf31ba6-001d-4c9e-88a0-f83d4f8f2bd9,2026-09-08T22:45:00Z,2026-09-09T00:45:00+0200,0.56993,MW,DK1,DK_1,actual_solar_generation,Solar,2026-09-15T05:00:51Z
2026-09-15T04:59:58Z,2026-09-15T06:59:58+0200,ecf31ba6-001d-4c9e-88a0-f83d4f8f2bd9,2026-09-08T23:00:00Z,2026-09-09T01:00:00+0200,0.534126,MW,DK1,DK_1,actual_solar_generation,Solar,2026-09-15T05:00:51Z
2026-09-15T04:59:58Z,2026-09-15T06:59:58+0200,ecf31ba6-001d-4c9e-88a0-f83d4f8f2bd9,2026-09-08T23:15:00Z,2026-09-09T01:15:00+0200,0.522335,MW,DK1,DK_1,actual_solar_generation,Solar,2026-09-15T05:00:51Z
2026-09-15T04:59:58Z,2026-09-15T06:59:58+0200,ecf31ba6-001d-4c9e-88a0-f83d4f8f2bd9,2026-09-08T23:30:00Z,2026-09-09T01:30:00+0200,0.512447,MW,DK1,DK_1,actual_solar_generation,Solar,2026-09-15T05:00:51Z
2026-09-15T04:59:58Z,2026-09-15T06:59:58+0200,ecf31ba6-001d-4c9e-88a0-f83d4f8f2bd9,2026-09-08T23:45:00Z,2026-09-09T01:45:00+0200,0.527449,MW,DK1,DK_1,actual_solar_generation,Solar,2026-09-15T05:00:51Z
2026-09-15T04:59:58Z,2026-09-15T06:59:58+0200,ecf31ba6-001d-4c9e-88a0-f83d4f8f2bd9,2026-09-09T00:00:00Z,2026-09-09T02:00:00+0200,0.503395,MW,DK1,DK_1,actual_solar_generation,Solar,2026-09-15T05:00:51Z
2026-09-15T04:59:58Z,2026-09-15T06:59:58+0200,ecf31ba6-001d-4c9e-88a0-f83d4f8f2bd9,2026-09-09T00:15:00Z,2026-09-09T02:15:00+0200,0.495786,MW,DK1,DK_1,actual_solar_generation,Solar,2026-09-15T05:00:51Z
2026-09-15T04:59:58Z,2026-09-15T06:59:58+0200,ecf31ba6-001d-4c9e-88a0-f83d4f8f2bd9,2026-09-09T00:30:00Z,2026-09-09T02:30:00+0200,0.512881,MW,DK1,DK_1,actual_solar_generation,Solar,2026-09-15T05:00:51Z
2026-09-15T04:59:58Z,2026-09-15T06:59:58+0200,ecf31ba6-001d-4c9e-88a0-f83d4f8f2bd9,2026-09-09T00:45:00Z,2026-09-09T02:45:00+0200,0.701964,MW,DK1,DK_1,actual_solar_generation,Solar,2026-09-15T05:00:51Z
2026-09-15T04:59:58Z,2026-09-15T06:59:58+0200,ecf31ba6-001d-4c9e-88a0-f83d4f8f2bd9,2026-09-09T01:00:00Z,2026-09-09T03:00:00+0200,0.694584,MW,DK1,DK_1,actual_solar_generation,Solar,2026-09-15T05:00:51Z
2026-09-15T04:59:58Z,2026-09-15T06:59:58+0200,ecf31ba6-001d-4c9e-88a0-f83d4f8f2bd9,2026-09-09T01:15:00Z,2026-09-09T03:15:00+0200,0.692188,MW,DK1,DK_1,actual_solar_generation,Solar,2026-09-15T05:00:51Z
2026-09-15T04:59:58Z,2026-09-15T06:59:58+0200,ecf31ba6-001d-4c9e-88a0-f83d4f8f2bd9,2026-09-09T01:30:00Z,2026-09-09T03:30:00+0200,0.553934,MW,DK1,DK_1,actual_solar_generation,Solar,2026-09-15T05:00:51Z
2026-09-15T04:59:58Z,2026-09-15T06:59:58+0200,ecf31ba6-001d-4c9e-88a0-f83d4f8f2bd9,2026-09-09T01:45:00Z,2026-09-09T03:45:00+0200,0.628982,MW,DK1,DK_1,actual_solar_generation,Solar,2026-09-15T05:00:51Z
2026-09-15T04:59:58Z,2026-09-15T06:59:58+0200,ecf31ba6-001d-4c9e-88a0-f83d4f8f2bd9,2026-09-09T02:00:00Z,2026-09-09T04:00:00+0200,0.575499,MW,DK1,DK_1,actual_solar_generation,Solar,2026-09-15T05:00:51Z
2026-09-15T04:59:58Z,2026-09-15T06:59:58+0200,ecf31ba6-001d-4c9e-88a0-f83d4f8f2bd9,2026-09-09T02:15:00Z,2026-09-09T04:15:00+0200,0.583875,MW,DK1,DK_1,actual_solar_generation,Solar,2026-09-15T05:00:51Z
2026-09-15T04:59:58Z,2026-09-15T06:59:58+0200,ecf31ba6-001d-4c9e-88a0-f83d4f8f2bd9,2026-09-09T02:30:00Z,2026-09-09T04:30:00+0200,0.665659,MW,DK1,DK_1,actual_solar_generation,Solar,2026-09-15T05:00:51Z
2026-09-15T04:59:58Z,2026-09-15T06:59:58+0200,ecf31ba6-001d-4c9e-88a0-f83d4f8f2bd9,2026-09-09T02:45:00Z,2026-09-09T04:45:00+0200,0.647145,MW,DK1,DK_1,actual_solar_generation,Solar,2026-09-15T05:00:51Z
2026-09-15T04:59:58Z,2026-09-15T06:59:58+0200,ecf31ba6-001d-4c9e-88a0-f83d4f8f2bd9,2026-09-09T03:00:00Z,2026-09-09T05:00:00+0200,0.645172,MW,DK1,DK_1,actual_solar_generation,Solar,2026-09-15T05:00:51Z
2026-09-15T04:59:58Z,2026-09-15T06:59:58+0200,ecf31ba6-001d-4c9e-88a0-f83d4f8f2bd9,2026-09-09T03:15:00Z,2026-09-09T05:15:00+0200,0.607479,MW,DK1,DK_1,actual_solar_generation,Solar,2026-09-15T05:00:51Z
2026-09-15T04:59:58Z,2026-09-15T06:59:58+0200,ecf31ba6-001d-4c9e-88a0-f83d4f8f2bd9,2026-09-09T03:30:00Z,2026-09-09T05:30:00+0200,0.586544,MW,DK1,DK_1,actual_solar_generation,Solar,2026-09-15T05:00:51Z
2026-09-15T04:59:58Z,2026-09-15T06:59:58+0200,ecf31ba6-001d-4c9e-88a0-f83d4f8f2bd9,2026-09-09T03:45:00Z,2026-09-09T05:45:00+0200,0.479014,MW,DK1,DK_1,actual_solar_generation,Solar,2026-09-15T05:00:51Z
2026-09-15T04:59:58Z,2026-09-15T06:59:58+0200,ecf31ba6-001d-4c9e-88a0-f83d4f8f2bd9,2026-09-09T04:00:00Z,2026-09-09T06:00:00+0200,0.412262,MW,DK1,DK_1,actual_solar_generation,Solar,2026-09-15T05:00:51Z
2026-09-15T04:59:58Z,2026-09-15T06:59:58+0200,ecf31ba6-001d-4c9e-88a0-f83d4f8f2bd9,2026-09-09T04:15:00Z,2026-09-09T06:15:00+0200,3.6055,MW,DK1,DK_1,actual_solar_generation,Solar,2026-09-15T05:00:51Z
2026-09-15T04:59:58Z,2026-09-15T06:59:58+0200,ecf31ba6-001d-4c9e-88a0-f83d4f8f2bd9,2026-09-09T04:30:00Z,2026-09-09T06:30:00+0200,22.8224,MW,DK1,DK_1,actual_solar_generation,Solar,2026-09-15T05:00:51Z
2026-09-15T04:59:58Z,2026-09-15T06:59:58+0200,ecf31ba6-001d-4c9e-88a0-f83d4f8f2bd9,2026-09-09T04:45:00Z,2026-09-09T06:45:00+0200,45.5513,MW,DK1,DK_1,actual_solar_generation,Solar,2026-09-15T05:00:51Z
2026-09-15T04:59:58Z,2026-09-15T06:59:58+0200,ecf31ba6-001d-4c9e-88a0-f83d4f8f2bd9,2026-09-09T05:00:00Z,2026-09-09T07:00:00+0200,77.2812,MW,DK1,DK_1,actual_solar_generation,Solar,2026-09-15T05:00:51Z
2026-09-15T04:59:58Z,2026-09-15T06:59:58+0200,ecf31ba6-001d-4c9e-88a0-f83d4f8f2bd9,2026-09-09T05:15:00Z,2026-09-09T07:15:00+0200,99.7799,MW,DK1,DK_1,actual_solar_generation,Solar,2026-09-15T05:00:51Z
2026-09-15T04:59:58Z,2026-09-15T06:59:58+0200,ecf31ba6-001d-4c9e-88a0-f83d4f8f2bd9,2026-09-09T05:30:00Z,2026-09-09T07:30:00+0200,168.611,MW,DK1,DK_1,actual_solar_generation,Solar,2026-09-15T05:00:51Z
2026-09-15T04:59:58Z,2026-09-15T06:59:58+0200,ecf31ba6-001d-4c9e-88a0-f83d4f8f2bd9,2026-09-09T05:45:00Z,2026-09-09T07:45:00+0200,256.383,MW,DK1,DK_1,actual_solar_generation,Solar,2026-09-15T05:00:51Z
2026-09-15T04:59:58Z,2026-09-15T06:59:58+0200,ecf31ba6-001d-4c9e-88a0-f83d4f8f2bd9,2026-09-09T06:00:00Z,2026-09-09T08:00:00+0200,382.043,MW,DK1,DK_1,actual_solar_generation,Solar,2026-09-15T05:00:51Z
2026-09-15T04:59:58Z,2026-09-15T06:59:58+0200,ecf31ba6-001d-4c9e-88a0-f83d4f8f2bd9,2026-09-09T06:15:00Z,2026-09-09T08:15:00+0200,457.618,MW,DK1,DK_1,actual_solar_generation,Solar,2026-09-15T05:00:51Z
2026-09-15T04:59:58Z,2026-09-15T06:59:58+0200,ecf31ba6-001d-4c9e-88a0-f83d4f8f2bd9,2026-09-09T06:30:00Z,2026-09-09T08:30:00+0200,524.822,MW,DK1,DK_1,actual_solar_generation,Solar,2026-09-15T05:00:51Z
2026-09-15T04:59:58Z,2026-09-15T06:59:58+0200,ecf31ba6-001d-4c9e-88a0-f83d4f8f2bd9,2026-09-09T06:45:00Z,2026-09-09T08:45:00+0200,675.302,MW,DK1,DK_1,actual_solar_generation,Solar,2026-09-15T05:00:51Z
2026-09-15T04:59:58Z,2026-09-15T06:59:58+0200,ecf31ba6-001d-4c9e-88a0-f83d4f8f2bd9,2026-09-09T07:00:00Z,2026-09-09T09:00:00+0200,924.696,MW,DK1,DK_1,actual_solar_generation,Solar,2026-09-15T05:00:51Z
2026-09-15T04:59:58Z,2026-09-15T06:59:58+0200,ecf31ba6-001d-4c9e-88a0-f83d4f8f2bd9,2026-09-09T07:15:00Z,2026-09-09T09:15:00+0200,1147.0,MW,DK1,DK_1,actual_solar_generation,Solar,2026-09-15T05:00:51Z
2026-09-15T04:59:58Z,2026-09-15T06:59:58+0200,ecf31ba6-001d-4c9e-88a0-f83d4f8f2bd9,2026-09-09T07:30:00Z,2026-09-09T09:30:00+0200,1322.99,MW,DK1,DK_1,actual_solar_generation,Solar,2026-09-15T05:00:51Z
2026-09-15T04:59:58Z,2026-09-15T06:59:58+0200,ecf31ba6-001d-4c9e-88a0-f83d4f8f2bd9,2026-09-09T07:45:00Z,2026-09-09T09:45:00+0200,1809.9,MW,DK1,DK_1,actual_solar_generation,Solar,2026-09-15T05:00:51Z
2026-09-15T04:59:58Z,2026-09-15T06:59:58+0200,ecf31ba6-001d-4c9e-88a0-f83d4f8f2bd9,2026-09-09T08:00:00Z,2026-09-09T10:00:00+0200,2048.99,MW,DK1,DK_1,actual_solar_generation,Solar,2026-09-15T05:00:51Z
2026-09-15T04:59:58Z,2026-09-15T06:59:58+0200,ecf31ba6-001d-4c9e-88a0-f83d4f8f2bd9,2026-09-09T08:15:00Z,2026-09-09T10:15:00+0200,1974.52,MW,DK1,DK_1,actual_solar_generation,Solar,2026-09-15T05:00:51Z
2026-09-15T04:59:58Z,2026-09-15T06:59:58+0200,ecf31ba6-001d-4c9e-88a0-f83d4f8f2bd9,2026-09-09T08:30:00Z,2026-09-09T10:30:00+0200,1977.19,MW,DK1,DK_1,actual_solar_generation,Solar,2026-09-15T05:00:51Z
2026-09-15T04:59:58Z,2026-09-15T06:59:58+0200,ecf31ba6-001d-4c9e-88a0-f83d4f8f2bd9,2026-09-09T08:45:00Z,2026-09-09T10:45:00+0200,2131.1,MW,DK1,DK_1,actual_solar_generation,Solar,2026-09-15T05:00:51Z
2026-09-15T04:59:58Z,2026-09-15T06:59:58+0200,ecf31ba6-001d-4c9e-88a0-f83d4f8f2bd9,2026-09-09T09:00:00Z,2026-09-09T11:00:00+0200,2438.37,MW,DK1,DK_1,actual_solar_generation,Solar,2026-09-15T05:00:51Z
2026-09-15T04:59:58Z,2026-09-15T06:59:58+0200,ecf31ba6-001d-4c9e-88a0-f83d4f8f2bd9,2026-09-09T09:15:00Z,2026-09-09T11:15:00+0200,2387.08,MW,DK1,DK_1,actual_solar_generation,Solar,2026-09-15T05:00:51Z
2026-09-15T04:59:58Z,2026-09-15T06:59:58+0200,ecf31ba6-001d-4c9e-88a0-f83d4f8f2bd9,2026-09-09T09:30:00Z,2026-09-09T11:30:00+0200,2085.11,MW,DK1,DK_1,actual_solar_generation,Solar,2026-09-15T05:00:51Z
2026-09-15T04:59:58Z,2026-09-15T06:59:58+0200,ecf31ba6-001d-4c9e-88a0-f83d4f8f2bd9,2026-09-09T09:45:00Z,2026-09-09T11:45:00+0200,1661.25,MW,DK1,DK_1,actual_solar_generation,Solar,2026-09-15T05:00:51Z
2026-09-15T04:59:58Z,2026-09-15T06:59:58+0200,ecf31ba6-001d-4c9e-88a0-f83d4f8f2bd9,2026-09-09T10:00:00Z,2026-09-09T12:00:00+0200,1509.63,MW,DK1,DK_1,actual_solar_generation,Solar,2026-09-15T05:00:51Z
2026-09-15T04:59:58Z,2026-09-15T06:59:58+0200,ecf31ba6-001d-4c9e-88a0-f83d4f8f2bd9,2026-09-09T10:15:00Z,2026-09-09T12:15:00+0200,1624.65,MW,DK1,DK_1,actual_solar_generation,Solar,2026-09-15T05:00:51Z
2026-09-15T04:59:58Z,2026-09-15T06:59:58+0200,ecf31ba6-001d-4c9e-88a0-f83d4f8f2bd9,2026-09-09T10:30:00Z,2026-09-09T12:30:00+0200,2294.83,MW,DK1,DK_1,actual_solar_generation,Solar,2026-09-15T05:00:51Z
2026-09-15T04:59:58Z,2026-09-15T06:59:58+0200,ecf31ba6-001d-4c9e-88a0-f83d4f8f2bd9,2026-09-09T10:45:00Z,2026-09-09T12:45:00+0200,2358.5,MW,DK1,DK_1,actual_solar_generation,Solar,2026-09-15T05:00:51Z
2026-09-15T04:59:58Z,2026-09-15T06:59:58+0200,ecf31ba6-001d-4c9e-88a0-f83d4f8f2bd9,2026-09-09T11:00:00Z,2026-09-09T13:00:00+0200,2207.3,MW,DK1,DK_1,actual_solar_generation,Solar,2026-09-15T05:00:51Z
2026-09-15T04:59:58Z,2026-09-15T06:59:58+0200,ecf31ba6-001d-4c9e-88a0-f83d4f8f2bd9,2026-09-09T11:15:00Z,2026-09-09T13:15:00+0200,2192.47,MW,DK1,DK_1,actual_solar_generation,Solar,2026-09-15T05:00:51Z
2026-09-15T04:59:58Z,2026-09-15T06:59:58+0200,ecf31ba6-001d-4c9e-88a0-f83d4f8f2bd9,2026-09-09T11:30:00Z,2026-09-09T13:30:00+0200,2121.89,MW,DK1,DK_1,actual_solar_generation,Solar,2026-09-15T05:00:51Z
2026-09-15T04:59:58Z,2026-09-15T06:59:58+0200,ecf31ba6-001d-4c9e-88a0-f83d4f8f2bd9,2026-09-09T11:45:00Z,2026-09-09T13:45:00+0200,1857.08,MW,DK1,DK_1,actual_solar_generation,Solar,2026-09-15T05:00:51Z
2026-09-15T04:59:58Z,2026-09-15T06:59:58+0200,ecf31ba6-001d-4c9e-88a0-f83d4f8f2bd9,2026-09-09T12:00:00Z,2026-09-09T14:00:00+0200,1753.12,MW,DK1,DK_1,actual_solar_generation,Solar,2026-09-15T05:00:51Z
2026-09-15T04:59:58Z,2026-09-15T06:59:58+0200,ecf31ba6-001d-4c9e-88a0-f83d4f8f2bd9,2026-09-09T12:15:00Z,2026-09-09T14:15:00+0200,1927.59,MW,DK1,DK_1,actual_solar_generation,Solar,2026-09-15T05:00:51Z
2026-09-15T04:59:58Z,2026-09-15T06:59:58+0200,ecf31ba6-001d-4c9e-88a0-f83d4f8f2bd9,2026-09-09T12:30:00Z,2026-09-09T14:30:00+0200,2403.21,MW,DK1,DK_1,actual_solar_generation,Solar,2026-09-15T05:00:51Z
2026-09-15T04:59:58Z,2026-09-15T06:59:58+0200,ecf31ba6-001d-4c9e-88a0-f83d4f8f2bd9,2026-09-09T12:45:00Z,2026-09-09T14:45:00+0200,2176.33,MW,DK1,DK_1,actual_solar_generation,Solar,2026-09-15T05:00:51Z
2026-09-15T04:59:58Z,2026-09-15T06:59:58+0200,ecf31ba6-001d-4c9e-88a0-f83d4f8f2bd9,2026-09-09T13:00:00Z,2026-09-09T15:00:00+0200,1889.75,MW,DK1,DK_1,actual_solar_generation,Solar,2026-09-15T05:00:51Z
2026-09-15T04:59:58Z,2026-09-15T06:59:58+0200,ecf31ba6-001d-4c9e-88a0-f83d4f8f2bd9,2026-09-09T13:15:00Z,2026-09-09T15:15:00+0200,1886.55,MW,DK1,DK_1,actual_solar_generation,Solar,2026-09-15T05:00:51Z
2026-09-15T04:59:58Z,2026-09-15T06:59:58+0200,ecf31ba6-001d-4c9e-88a0-f83d4f8f2bd9,2026-09-09T13:30:00Z,2026-09-09T15:30:00+0200,1720.55,MW,DK1,DK_1,actual_solar_generation,Solar,2026-09-15T05:00:51Z
2026-09-15T04:59:58Z,2026-09-15T06:59:58+0200,ecf31ba6-001d-4c9e-88a0-f83d4f8f2bd9,2026-09-09T13:45:00Z,2026-09-09T15:45:00+0200,1742.53,MW,DK1,DK_1,actual_solar_generation,Solar,2026-09-15T05:00:51Z
2026-09-15T04:59:58Z,2026-09-15T06:59:58+0200,ecf31ba6-001d-4c9e-88a0-f83d4f8f2bd9,2026-09-09T14:00:00Z,2026-09-09T16:00:00+0200,1412.98,MW,DK1,DK_1,actual_solar_generation,Solar,2026-09-15T05:00:51Z
2026-09-15T04:59:58Z,2026-09-15T06:59:58+0200,ecf31ba6-001d-4c9e-88a0-f83d4f8f2bd9,2026-09-09T14:15:00Z,2026-09-09T16:15:00+0200,1487.65,MW,DK1,DK_1,actual_solar_generation,Solar,2026-09-15T05:00:51Z
2026-09-15T04:59:58Z,2026-09-15T06:59:58+0200,ecf31ba6-001d-4c9e-88a0-f83d4f8f2bd9,2026-09-09T14:30:00Z,2026-09-09T16:30:00+0200,1420.02,MW,DK1,DK_1,actual_solar_generation,Solar,2026-09-15T05:00:51Z
2026-09-15T04:59:58Z,2026-09-15T06:59:58+0200,ecf31ba6-001d-4c9e-88a0-f83d4f8f2bd9,2026-09-09T14:45:00Z,2026-09-09T16:45:00+0200,1038.97,MW,DK1,DK_1,actual_solar_generation,Solar,2026-09-15T05:00:51Z
2026-09-15T04:59:58Z,2026-09-15T06:59:58+0200,ecf31ba6-001d-4c9e-88a0-f83d4f8f2bd9,2026-09-09T15:00:00Z,2026-09-09T17:00:00+0200,941.93,MW,DK1,DK_1,actual_solar_generation,Solar,2026-09-15T05:00:51Z
2026-09-15T04:59:58Z,2026-09-15T06:59:58+0200,ecf31ba6-001d-4c9e-88a0-f83d4f8f2bd9,2026-09-09T15:15:00Z,2026-09-09T17:15:00+0200,902.241,MW,DK1,DK_1,actual_solar_generation,Solar,2026-09-15T05:00:51Z
2026-09-15T04:59:58Z,2026-09-15T06:59:58+0200,ecf31ba6-001d-4c9e-88a0-f83d4f8f2bd9,2026-09-09T15:30:00Z,2026-09-09T17:30:00+0200,709.879,MW,DK1,DK_1,actual_solar_generation,Solar,2026-09-15T05:00:51Z
2026-09-15T04:59:58Z,2026-09-15T06:59:58+0200,ecf31ba6-001d-4c9e-88a0-f83d4f8f2bd9,2026-09-09T15:45:00Z,2026-09-09T17:45:00+0200,681.315,MW,DK1,DK_1,actual_solar_generation,Solar,2026-09-15T05:00:51Z
2026-09-15T04:59:58Z,2026-09-15T06:59:58+0200,ecf31ba6-001d-4c9e-88a0-f83d4f8f2bd9,2026-09-09T16:00:00Z,2026-09-09T18:00:00+0200,723.787,MW,DK1,DK_1,actual_solar_generation,Solar,2026-09-15T05:00:51Z
2026-09-15T04:59:58Z,2026-09-15T06:59:58+0200,ecf31ba6-001d-4c9e-88a0-f83d4f8f2bd9,2026-09-09T16:15:00Z,2026-09-09T18:15:00+0200,532.156,MW,DK1,DK_1,actual_solar_generation,Solar,2026-09-15T05:00:51Z
2026-09-15T04:59:58Z,2026-09-15T06:59:58+0200,ecf31ba6-001d-4c9e-88a0-f83d4f8f2bd9,2026-09-09T16:30:00Z,2026-09-09T18:30:00+0200,369.952,MW,DK1,DK_1,actual_solar_generation,Solar,2026-09-15T05:00:51Z
2026-09-15T04:59:58Z,2026-09-15T06:59:58+0200,ecf31ba6-001d-4c9e-88a0-f83d4f8f2bd9,2026-09-09T16:45:00Z,2026-09-09T18:45:00+0200,292.86,MW,DK1,DK_1,actual_solar_generation,Solar,2026-09-15T05:00:51Z
2026-09-15T04:59:58Z,2026-09-15T06:59:58+0200,ecf31ba6-001d-4c9e-88a0-f83d4f8f2bd9,2026-09-09T17:00:00Z,2026-09-09T19:00:00+0200,218.672,MW,DK1,DK_1,actual_solar_generation,Solar,2026-09-15T05:00:51Z
2026-09-15T04:59:58Z,2026-09-15T06:59:58+0200,ecf31ba6-001d-4c9e-88a0-f83d4f8f2bd9,2026-09-09T17:15:00Z,2026-09-09T19:15:00+0200,153.661,MW,DK1,DK_1,actual_solar_generation,Solar,2026-09-15T05:00:51Z
2026-09-15T04:59:58Z,2026-09-15T06:59:58+0200,ecf31ba6-001d-4c9e-88a0-f83d4f8f2bd9,2026-09-09T17:30:00Z,2026-09-09T19:30:00+0200,106.8,MW,DK1,DK_1,actual_solar_generation,Solar,2026-09-15T05:00:51Z
2026-09-15T04:59:58Z,2026-09-15T06:59:58+0200,ecf31ba6-001d-4c9e-88a0-f83d4f8f2bd9,2026-09-09T17:45:00Z,2026-09-09T19:45:00+0200,95.9353,MW,DK1,DK_1,actual_solar_generation,Solar,2026-09-15T05:00:51Z
2026-09-15T04:59:58Z,2026-09-15T06:59:58+0200,ecf31ba6-001d-4c9e-88a0-f83d4f8f2bd9,2026-09-09T18:00:00Z,2026-09-09T20:00:00+0200,48.4856,MW,DK1,DK_1,actual_solar_generation,Solar,2026-09-15T05:00:51Z
2026-09-15T04:59:58Z,2026-09-15T06:59:58+0200,ecf31ba6-001d-4c9e-88a0-f83d4f8f2bd9,2026-09-09T18:15:00Z,2026-09-09T20:15:00+0200,36.2847,MW,DK1,DK_1,actual_solar_generation,Solar,2026-09-15T05:00:51Z
2026-09-15T04:59:58Z,2026-09-15T06:59:58+0200,ecf31ba6-001d-4c9e-88a0-f83d4f8f2bd9,2026-09-09T18:30:00Z,2026-09-09T20:30:00+0200,33.202,MW,DK1,DK_1,actual_solar_generation,Solar,2026-09-15T05:00:51Z
2026-09-15T04:59:58Z,2026-09-15T06:59:58+0200,ecf31ba6-001d-4c9e-88a0-f83d4f8f2bd9,2026-09-09T18:45:00Z,2026-09-09T20:45:00+0200,32.2375,MW,DK1,DK_1,actual_solar_generation,Solar,2026-09-15T05:00:51Z
2026-09-15T04:59:58Z,2026-09-15T06:59:58+0200,ecf31ba6-001d-4c9e-88a0-f83d4f8f2bd9,2026-09-09T19:00:00Z,2026-09-09T21:00:00+0200,29.9785,MW,DK1,DK_1,actual_solar_generation,Solar,2026-09-15T05:00:51Z
2026-09-15T04:59:58Z,2026-09-15T06:59:58+0200,ecf31ba6-001d-4c9e-88a0-f83d4f8f2bd9,2026-09-09T19:15:00Z,2026-09-09T21:15:00+0200,11.791,MW,DK1,DK_1,actual_solar_generation,Solar,2026-09-15T05:00:51Z
2026-09-15T04:59:58Z,2026-09-15T06:59:58+0200,ecf31ba6-001d-4c9e-88a0-f83d4f8f2bd9,2026-09-09T19:30:00Z,2026-09-09T21:30:00+0200,6.70666,MW,DK1,DK_1,actual_solar_generation,Solar,2026-09-15T05:00:51Z
2026-09-15T04:59:58Z,2026-09-15T06:59:58+0200,ecf31ba6-001d-4c9e-88a0-f83d4f8f2bd9,2026-09-09T19:45:00Z,2026-09-09T21:45:00+0200,0.902452,MW,DK1,DK_1,actual_solar_generation,Solar,2026-09-15T05:00:51Z
2026-09-15T04:59:58Z,2026-09-15T06:59:58+0200,ecf31ba6-001d-4c9e-88a0-f83d4f8f2bd9,2026-09-09T20:00:00Z,2026-09-09T22:00:00+0200,0.825005,MW,DK1,DK_1,actual_solar_generation,Solar,2026-09-15T05:00:51Z
2026-09-15T04:59:58Z,2026-09-15T06:59:58+0200,ecf31ba6-001d-4c9e-88a0-f83d4f8f2bd9,2026-09-09T20:15:00Z,2026-09-09T22:15:00+0200,3.14191,MW,DK1,DK_1,actual_solar_generation,Solar,2026-09-15T05:00:51Z
2026-09-15T04:59:58Z,2026-09-15T06:59:58+0200,ecf31ba6-001d-4c9e-88a0-f83d4f8f2bd9,2026-09-09T20:30:00Z,2026-09-09T22:30:00+0200,0.883761,MW,DK1,DK_1,actual_solar_generation,Solar,2026-09-15T05:00:51Z
2026-09-15T04:59:58Z,2026-09-15T06:59:58+0200,ecf31ba6-001d-4c9e-88a0-f83d4f8f2bd9,2026-09-09T20:45:00Z,2026-09-09T22:45:00+0200,0.88562,MW,DK1,DK_1,actual_solar_generation,Solar,2026-09-15T05:00:51Z
2026-09-15T04:59:58Z,2026-09-15T06:59:58+0200,ecf31ba6-001d-4c9e-88a0-f83d4f8f2bd9,2026-09-09T21:00:00Z,2026-09-09T23:00:00+0200,2.82592,MW,DK1,DK_1,actual_solar_generation,Solar,2026-09-15T05:00:51Z
2026-09-15T04:59:58Z,2026-09-15T06:59:58+0200,ecf31ba6-001d-4c9e-88a0-f83d4f8f2bd9,2026-09-09T21:15:00Z,2026-09-09T23:15:00+0200,3.01112,MW,DK1,DK_1,actual_solar_generation,Solar,2026-09-15T05:00:51Z
2026-09-15T04:59:58Z,2026-09-15T06:59:58+0200,ecf31ba6-001d-4c9e-88a0-f83d4f8f2bd9,2026-09-09T21:30:00Z,2026-09-09T23:30:00+0200,2.99816,MW,DK1,DK_1,actual_solar_generation,Solar,2026-09-15T05:00:51Z
2026-09-15T04:59:58Z,2026-09-15T06:59:58+0200,ecf31ba6-001d-4c9e-88a0-f83d4f8f2bd9,2026-09-09T21:45:00Z,2026-09-09T23:45:00+0200,0.811518,MW,DK1,DK_1,actual_solar_generation,Solar,2026-09-15T05:00:51Z
2026-09-15T04:59:58Z,2026-09-15T06:59:58+0200,ecf31ba6-001d-4c9e-88a0-f83d4f8f2bd9,2026-09-09T22:00:00Z,2026-09-10T00:00:00+0200,0.82439,MW,DK1,DK_1,actual_solar_generation,Solar,2026-09-15T05:00:51Z
2026-09-15T04:59:58Z,2026-09-15T06:59:58+0200,ecf31ba6-001d-4c9e-88a0-f83d4f8f2bd9,2026-09-09T22:15:00Z,2026-09-10T00:15:00+0200,0.813092,MW,DK1,DK_1,actual_solar_generation,Solar,2026-09-15T05:00:51Z
2026-09-15T04:59:58Z,2026-09-15T06:59:58+0200,ecf31ba6-001d-4c9e-88a0-f83d4f8f2bd9,2026-09-09T22:30:00Z,2026-09-10T00:30:00+0200,0.977082,MW,DK1,DK_1,actual_solar_generation,Solar,2026-09-15T05:00:51Z
2026-09-15T04:59:58Z,2026-09-15T06:59:58+0200,ecf31ba6-001d-4c9e-88a0-f83d4f8f2bd9,2026-09-09T22:45:00Z,2026-09-10T00:45:00+0200,0.739591,MW,DK1,DK_1,actual_solar_generation,Solar,2026-09-15T05:00:51Z
2026-09-15T04:59:58Z,2026-09-15T06:59:58+0200,ecf31ba6-001d-4c9e-88a0-f83d4f8f2bd9,2026-09-09T23:00:00Z,2026-09-10T01:00:00+0200,0.66147,MW,DK1,DK_1,actual_solar_generation,Solar,2026-09-15T05:00:51Z
2026-09-15T04:59:58Z,2026-09-15T06:59:58+0200,ecf31ba6-001d-4c9e-88a0-f83d4f8f2bd9,2026-09-09T23:15:00Z,2026-09-10T01:15:00+0200,0.654406,MW,DK1,DK_1,actual_solar_generation,Solar,2026-09-15T05:00:51Z
2026-09-15T04:59:58Z,2026-09-15T06:59:58+0200,ecf31ba6-001d-4c9e-88a0-f83d4f8f2bd9,2026-09-09T23:30:00Z,2026-09-10T01:30:00+0200,0.586816,MW,DK1,DK_1,actual_solar_generation,Solar,2026-09-15T05:00:51Z
2026-09-15T04:59:58Z,2026-09-15T06:59:58+0200,ecf31ba6-001d-4c9e-88a0-f83d4f8f2bd9,2026-09-09T23:45:00Z,2026-09-10T01:45:00+0200,0.603157,MW,DK1,DK_1,actual_solar_generation,Solar,2026-09-15T05:00:51Z
2026-09-15T04:59:58Z,2026-09-15T06:59:58+0200,ecf31ba6-001d-4c9e-88a0-f83d4f8f2bd9,2026-09-10T00:00:00Z,2026-09-10T02:00:00+0200,0.63479,MW,DK1,DK_1,actual_solar_generation,Solar,2026-09-15T05:00:51Z
2026-09-15T04:59:58Z,2026-09-15T06:59:58+0200,ecf31ba6-001d-4c9e-88a0-f83d4f8f2bd9,2026-09-10T00:15:00Z,2026-09-10T02:15:00+0200,0.750287,MW,DK1,DK_1,actual_solar_generation,Solar,2026-09-15T05:00:51Z
2026-09-15T04:59:58Z,2026-09-15T06:59:58+0200,ecf31ba6-001d-4c9e-88a0-f83d4f8f2bd9,2026-09-10T00:30:00Z,2026-09-10T02:30:00+0200,0.785024,MW,DK1,DK_1,actual_solar_generation,Solar,2026-09-15T05:00:51Z
2026-09-15T04:59:58Z,2026-09-15T06:59:58+0200,ecf31ba6-001d-4c9e-88a0-f83d4f8f2bd9,2026-09-10T00:45:00Z,2026-09-10T02:45:00+0200,0.774901,MW,DK1,DK_1,actual_solar_generation,Solar,2026-09-15T05:00:51Z
2026-09-15T04:59:58Z,2026-09-15T06:59:58+0200,ecf31ba6-001d-4c9e-88a0-f83d4f8f2bd9,2026-09-10T01:00:00Z,2026-09-10T03:00:00+0200,0.775887,MW,DK1,DK_1,actual_solar_generation,Solar,2026-09-15T05:00:51Z
2026-09-15T04:59:58Z,2026-09-15T06:59:58+0200,ecf31ba6-001d-4c9e-88a0-f83d4f8f2bd9,2026-09-10T01:15:00Z,2026-09-10T03:15:00+0200,0.729249,MW,DK1,DK_1,actual_solar_generation,Solar,2026-09-15T05:00:51Z
2026-09-15T04:59:58Z,2026-09-15T06:59:58+0200,ecf31ba6-001d-4c9e-88a0-f83d4f8f2bd9,2026-09-10T01:30:00Z,2026-09-10T03:30:00+0200,0.749256,MW,DK1,DK_1,actual_solar_generation,Solar,2026-09-15T05:00:51Z
2026-09-15T04:59:58Z,2026-09-15T06:59:58+0200,ecf31ba6-001d-4c9e-88a0-f83d4f8f2bd9,2026-09-10T01:45:00Z,2026-09-10T03:45:00+0200,0.806738,MW,DK1,DK_1,actual_solar_generation,Solar,2026-09-15T05:00:51Z
2026-09-15T04:59:58Z,2026-09-15T06:59:58+0200,ecf31ba6-001d-4c9e-88a0-f83d4f8f2bd9,2026-09-10T02:00:00Z,2026-09-10T04:00:00+0200,0.7323,MW,DK1,DK_1,actual_solar_generation,Solar,2026-09-15T05:00:51Z
2026-09-15T04:59:58Z,2026-09-15T06:59:58+0200,ecf31ba6-001d-4c9e-88a0-f83d4f8f2bd9,2026-09-10T02:15:00Z,2026-09-10T04:15:00+0200,0.740278,MW,DK1,DK_1,actual_solar_generation,Solar,2026-09-15T05:00:51Z
2026-09-15T04:59:58Z,2026-09-15T06:59:58+0200,ecf31ba6-001d-4c9e-88a0-f83d4f8f2bd9,2026-09-10T02:30:00Z,2026-09-10T04:30:00+0200,0.783337,MW,DK1,DK_1,actual_solar_generation,Solar,2026-09-15T05:00:51Z
2026-09-15T04:59:58Z,2026-09-15T06:59:58+0200,ecf31ba6-001d-4c9e-88a0-f83d4f8f2bd9,2026-09-10T02:45:00Z,2026-09-10T04:45:00+0200,0.755798,MW,DK1,DK_1,actual_solar_generation,Solar,2026-09-15T05:00:51Z
2026-09-15T04:59:58Z,2026-09-15T06:59:58+0200,ecf31ba6-001d-4c9e-88a0-f83d4f8f2bd9,2026-09-10T03:00:00Z,2026-09-10T05:00:00+0200,0.80343,MW,DK1,DK_1,actual_solar_generation,Solar,2026-09-15T05:00:51Z
2026-09-15T04:59:58Z,2026-09-15T06:59:58+0200,ecf31ba6-001d-4c9e-88a0-f83d4f8f2bd9,2026-09-10T03:15:00Z,2026-09-10T05:15:00+0200,0.754496,MW,DK1,DK_1,actual_solar_generation,Solar,2026-09-15T05:00:51Z
2026-09-15T04:59:58Z,2026-09-15T06:59:58+0200,ecf31ba6-001d-4c9e-88a0-f83d4f8f2bd9,2026-09-10T03:30:00Z,2026-09-10T05:30:00+0200,0.694665,MW,DK1,DK_1,actual_solar_generation,Solar,2026-09-15T05:00:51Z
2026-09-15T04:59:58Z,2026-09-15T06:59:58+0200,ecf31ba6-001d-4c9e-88a0-f83d4f8f2bd9,2026-09-10T03:45:00Z,2026-09-10T05:45:00+0200,0.542704,MW,DK1,DK_1,actual_solar_generation,Solar,2026-09-15T05:00:51Z
2026-09-15T04:59:58Z,2026-09-15T06:59:58+0200,ecf31ba6-001d-4c9e-88a0-f83d4f8f2bd9,2026-09-10T04:00:00Z,2026-09-10T06:00:00+0200,0.607142,MW,DK1,DK_1,actual_solar_generation,Solar,2026-09-15T05:00:51Z
2026-09-15T04:59:58Z,2026-09-15T06:59:58+0200,ecf31ba6-001d-4c9e-88a0-f83d4f8f2bd9,2026-09-10T04:15:00Z,2026-09-10T06:15:00+0200,3.47254,MW,DK1,DK_1,actual_solar_generation,Solar,2026-09-15T05:00:51Z
2026-09-15T04:59:58Z,2026-09-15T06:59:58+0200,ecf31ba6-001d-4c9e-88a0-f83d4f8f2bd9,2026-09-10T04:30:00Z,2026-09-10T06:30:00+0200,5.65218,MW,DK1,DK_1,actual_solar_generation,Solar,2026-09-15T05:00:51Z
2026-09-15T04:59:58Z,2026-09-15T06:59:58+0200,ecf31ba6-001d-4c9e-88a0-f83d4f8f2bd9,2026-09-10T04:45:00Z,2026-09-10T06:45:00+0200,29.9472,MW,DK1,DK_1,actual_solar_generation,Solar,2026-09-15T05:00:51Z
2026-09-15T04:59:58Z,2026-09-15T06:59:58+0200,ecf31ba6-001d-4c9e-88a0-f83d4f8f2bd9,2026-09-10T05:00:00Z,2026-09-10T07:00:00+0200,64.1801,MW,DK1,DK_1,actual_solar_generation,Solar,2026-09-15T05:00:51Z
2026-09-15T04:59:58Z,2026-09-15T06:59:58+0200,ecf31ba6-001d-4c9e-88a0-f83d4f8f2bd9,2026-09-10T05:15:00Z,2026-09-10T07:15:00+0200,113.866,MW,DK1,DK_1,actual_solar_generation,Solar,2026-09-15T05:00:51Z
2026-09-15T04:59:58Z,2026-09-15T06:59:58+0200,ecf31ba6-001d-4c9e-88a0-f83d4f8f2bd9,2026-09-10T05:30:00Z,2026-09-10T07:30:00+0200,196.043,MW,DK1,DK_1,actual_solar_generation,Solar,2026-09-15T05:00:51Z
2026-09-15T04:59:58Z,2026-09-15T06:59:58+0200,ecf31ba6-001d-4c9e-88a0-f83d4f8f2bd9,2026-09-10T05:45:00Z,2026-09-10T07:45:00+0200,287.707,MW,DK1,DK_1,actual_solar_generation,Solar,2026-09-15T05:00:51Z
2026-09-15T04:59:58Z,2026-09-15T06:59:58+0200,ecf31ba6-001d-4c9e-88a0-f83d4f8f2bd9,2026-09-10T06:00:00Z,2026-09-10T08:00:00+0200,404.995,MW,DK1,DK_1,actual_solar_generation,Solar,2026-09-15T05:00:51Z
2026-09-15T04:59:58Z,2026-09-15T06:59:58+0200,ecf31ba6-001d-4c9e-88a0-f83d4f8f2bd9,2026-09-10T06:15:00Z,2026-09-10T08:15:00+0200,516.243,MW,DK1,DK_1,actual_solar_generation,Solar,2026-09-15T05:00:51Z
2026-09-15T04:59:58Z,2026-09-15T06:59:58+0200,ecf31ba6-001d-4c9e-88a0-f83d4f8f2bd9,2026-09-10T06:30:00Z,2026-09-10T08:30:00+0200,666.531,MW,DK1,DK_1,actual_solar_generation,Solar,2026-09-15T05:00:51Z
2026-09-15T04:59:58Z,2026-09-15T06:59:58+0200,ecf31ba6-001d-4c9e-88a0-f83d4f8f2bd9,2026-09-10T06:45:00Z,2026-09-10T08:45:00+0200,774.201,MW,DK1,DK_1,actual_solar_generation,Solar,2026-09-15T05:00:51Z
2026-09-15T04:59:58Z,2026-09-15T06:59:58+0200,ecf31ba6-001d-4c9e-88a0-f83d4f8f2bd9,2026-09-10T07:00:00Z,2026-09-10T09:00:00+0200,883.275,MW,DK1,DK_1,actual_solar_generation,Solar,2026-09-15T05:00:51Z
2026-09-15T04:59:58Z,2026-09-15T06:59:58+0200,ecf31ba6-001d-4c9e-88a0-f83d4f8f2bd9,2026-09-10T07:15:00Z,2026-09-10T09:15:00+0200,1007.71,MW,DK1,DK_1,actual_solar_generation,Solar,2026-09-15T05:00:51Z
2026-09-15T04:59:58Z,2026-09-15T06:59:58+0200,ecf31ba6-001d-4c9e-88a0-f83d4f8f2bd9,2026-09-10T07:30:00Z,2026-09-10T09:30:00+0200,1169.81,MW,DK1,DK_1,actual_solar_generation,Solar,2026-09-15T05:00:51Z
2026-09-15T04:59:58Z,2026-09-15T06:59:58+0200,ecf31ba6-001d-4c9e-88a0-f83d4f8f2bd9,2026-09-10T07:45:00Z,2026-09-10T09:45:00+0200,1289.9,MW,DK1,DK_1,actual_solar_generation,Solar,2026-09-15T05:00:51Z
2026-09-15T04:59:58Z,2026-09-15T06:59:58+0200,ecf31ba6-001d-4c9e-88a0-f83d4f8f2bd9,2026-09-10T08:00:00Z,2026-09-10T10:00:00+0200,1419.63,MW,DK1,DK_1,actual_solar_generation,Solar,2026-09-15T05:00:51Z
2026-09-15T04:59:58Z,2026-09-15T06:59:58+0200,ecf31ba6-001d-4c9e-88a0-f83d4f8f2bd9,2026-09-10T08:15:00Z,2026-09-10T10:15:00+0200,1596.56,MW,DK1,DK_1,actual_solar_generation,Solar,2026-09-15T05:00:51Z
2026-09-15T04:59:58Z,2026-09-15T06:59:58+0200,ecf31ba6-001d-4c9e-88a0-f83d4f8f2bd9,2026-09-10T08:30:00Z,2026-09-10T10:30:00+0200,1613.09,MW,DK1,DK_1,actual_solar_generation,Solar,2026-09-15T05:00:51Z
2026-09-15T04:59:58Z,2026-09-15T06:59:58+0200,ecf31ba6-001d-4c9e-88a0-f83d4f8f2bd9,2026-09-10T08:45:00Z,2026-09-10T10:45:00+0200,1649.7,MW,DK1,DK_1,actual_solar_generation,Solar,2026-09-15T05:00:51Z
2026-09-15T04:59:58Z,2026-09-15T06:59:58+0200,ecf31ba6-001d-4c9e-88a0-f83d4f8f2bd9,2026-09-10T09:00:00Z,2026-09-10T11:00:00+0200,1715.95,MW,DK1,DK_1,actual_solar_generation,Solar,2026-09-15T05:00:51Z
2026-09-15T04:59:58Z,2026-09-15T06:59:58+0200,ecf31ba6-001d-4c9e-88a0-f83d4f8f2bd9,2026-09-10T09:15:00Z,2026-09-10T11:15:00+0200,1549.78,MW,DK1,DK_1,actual_solar_generation,Solar,2026-09-15T05:00:51Z
2026-09-15T04:59:58Z,2026-09-15T06:59:58+0200,ecf31ba6-001d-4c9e-88a0-f83d4f8f2bd9,2026-09-10T09:30:00Z,2026-09-10T11:30:00+0200,1656.61,MW,DK1,DK_1,actual_solar_generation,Solar,2026-09-15T05:00:51Z
2026-09-15T04:59:58Z,2026-09-15T06:59:58+0200,ecf31ba6-001d-4c9e-88a0-f83d4f8f2bd9,2026-09-10T09:45:00Z,2026-09-10T11:45:00+0200,1844.16,MW,DK1,DK_1,actual_solar_generation,Solar,2026-09-15T05:00:51Z
2026-09-15T04:59:58Z,2026-09-15T06:59:58+0200,ecf31ba6-001d-4c9e-88a0-f83d4f8f2bd9,2026-09-10T10:00:00Z,2026-09-10T12:00:00+0200,1694.68,MW,DK1,DK_1,actual_solar_generation,Solar,2026-09-15T05:00:51Z
2026-09-15T04:59:58Z,2026-09-15T06:59:58+0200,ecf31ba6-001d-4c9e-88a0-f83d4f8f2bd9,2026-09-10T10:15:00Z,2026-09-10T12:15:00+0200,1738.01,MW,DK1,DK_1,actual_solar_generation,Solar,2026-09-15T05:00:51Z
2026-09-15T04:59:58Z,2026-09-15T06:59:58+0200,ecf31ba6-001d-4c9e-88a0-f83d4f8f2bd9,2026-09-10T10:30:00Z,2026-09-10T12:30:00+0200,1471.27,MW,DK1,DK_1,actual_solar_generation,Solar,2026-09-15T05:00:51Z
2026-09-15T04:59:58Z,2026-09-15T06:59:58+0200,ecf31ba6-001d-4c9e-88a0-f83d4f8f2bd9,2026-09-10T10:45:00Z,2026-09-10T12:45:00+0200,1489.65,MW,DK1,DK_1,actual_solar_generation,Solar,2026-09-15T05:00:51Z
2026-09-15T04:59:58Z,2026-09-15T06:59:58+0200,ecf31ba6-001d-4c9e-88a0-f83d4f8f2bd9,2026-09-10T11:00:00Z,2026-09-10T13:00:00+0200,1602.87,MW,DK1,DK_1,actual_solar_generation,Solar,2026-09-15T05:00:51Z
2026-09-15T04:59:58Z,2026-09-15T06:59:58+0200,ecf31ba6-001d-4c9e-88a0-f83d4f8f2bd9,2026-09-10T11:15:00Z,2026-09-10T13:15:00+0200,1446.24,MW,DK1,DK_1,actual_solar_generation,Solar,2026-09-15T05:00:51Z
2026-09-15T04:59:58Z,2026-09-15T06:59:58+0200,ecf31ba6-001d-4c9e-88a0-f83d4f8f2bd9,2026-09-10T11:30:00Z,2026-09-10T13:30:00+0200,1432.08,MW,DK1,DK_1,actual_solar_generation,Solar,2026-09-15T05:00:51Z
2026-09-15T04:59:58Z,2026-09-15T06:59:58+0200,ecf31ba6-001d-4c9e-88a0-f83d4f8f2bd9,2026-09-10T11:45:00Z,2026-09-10T13:45:00+0200,1365.12,MW,DK1,DK_1,actual_solar_generation,Solar,2026-09-15T05:00:51Z
2026-09-15T04:59:58Z,2026-09-15T06:59:58+0200,ecf31ba6-001d-4c9e-88a0-f83d4f8f2bd9,2026-09-10T12:00:00Z,2026-09-10T14:00:00+0200,1312.54,MW,DK1,DK_1,actual_solar_generation,Solar,2026-09-15T05:00:51Z
2026-09-15T04:59:58Z,2026-09-15T06:59:58+0200,ecf31ba6-001d-4c9e-88a0-f83d4f8f2bd9,2026-09-10T12:15:00Z,2026-09-10T14:15:00+0200,1465.68,MW,DK1,DK_1,actual_solar_generation,Solar,2026-09-15T05:00:51Z
2026-09-15T04:59:58Z,2026-09-15T06:59:58+0200,ecf31ba6-001d-4c9e-88a0-f83d4f8f2bd9,2026-09-10T12:30:00Z,2026-09-10T14:30:00+0200,1245.41,MW,DK1,DK_1,actual_solar_generation,Solar,2026-09-15T05:00:51Z
2026-09-15T04:59:58Z,2026-09-15T06:59:58+0200,ecf31ba6-001d-4c9e-88a0-f83d4f8f2bd9,2026-09-10T12:45:00Z,2026-09-10T14:45:00+0200,1187.99,MW,DK1,DK_1,actual_solar_generation,Solar,2026-09-15T05:00:51Z
2026-09-15T04:59:58Z,2026-09-15T06:59:58+0200,ecf31ba6-001d-4c9e-88a0-f83d4f8f2bd9,2026-09-10T13:00:00Z,2026-09-10T15:00:00+0200,1181.78,MW,DK1,DK_1,actual_solar_generation,Solar,2026-09-15T05:00:51Z
2026-09-15T04:59:58Z,2026-09-15T06:59:58+0200,ecf31ba6-001d-4c9e-88a0-f83d4f8f2bd9,2026-09-10T13:15:00Z,2026-09-10T15:15:00+0200,1194.16,MW,DK1,DK_1,actual_solar_generation,Solar,2026-09-15T05:00:51Z
2026-09-15T04:59:58Z,2026-09-15T06:59:58+0200,ecf31ba6-001d-4c9e-88a0-f83d4f8f2bd9,2026-09-10T13:30:00Z,2026-09-10T15:30:00+0200,1091.41,MW,DK1,DK_1,actual_solar_generation,Solar,2026-09-15T05:00:51Z
2026-09-15T04:59:58Z,2026-09-15T06:59:58+0200,ecf31ba6-001d-4c9e-88a0-f83d4f8f2bd9,2026-09-10T13:45:00Z,2026-09-10T15:45:00+0200,1049.66,MW,DK1,DK_1,actual_solar_generation,Solar,2026-09-15T05:00:51Z
2026-09-15T04:59:58Z,2026-09-15T06:59:58+0200,ecf31ba6-001d-4c9e-88a0-f83d4f8f2bd9,2026-09-10T14:00:00Z,2026-09-10T16:00:00+0200,908.926,MW,DK1,DK_1,actual_solar_generation,Solar,2026-09-15T05:00:51Z
2026-09-15T04:59:58Z,2026-09-15T06:59:58+0200,ecf31ba6-001d-4c9e-88a0-f83d4f8f2bd9,2026-09-10T14:15:00Z,2026-09-10T16:15:00+0200,813.334,MW,DK1,DK_1,actual_solar_generation,Solar,2026-09-15T05:00:51Z
2026-09-15T04:59:58Z,2026-09-15T06:59:58+0200,ecf31ba6-001d-4c9e-88a0-f83d4f8f2bd9,2026-09-10T14:30:00Z,2026-09-10T16:30:00+0200,873.848,MW,DK1,DK_1,actual_solar_generation,Solar,2026-09-15T05:00:51Z
2026-09-15T04:59:58Z,2026-09-15T06:59:58+0200,ecf31ba6-001d-4c9e-88a0-f83d4f8f2bd9,2026-09-10T14:45:00Z,2026-09-10T16:45:00+0200,923.81,MW,DK1,DK_1,actual_solar_generation,Solar,2026-09-15T05:00:51Z
2026-09-15T04:59:58Z,2026-09-15T06:59:58+0200,ecf31ba6-001d-4c9e-88a0-f83d4f8f2bd9,2026-09-10T15:00:00Z,2026-09-10T17:00:00+0200,980.602,MW,DK1,DK_1,actual_solar_generation,Solar,2026-09-15T05:00:51Z
2026-09-15T04:59:58Z,2026-09-15T06:59:58+0200,ecf31ba6-001d-4c9e-88a0-f83d4f8f2bd9,2026-09-10T15:15:00Z,2026-09-10T17:15:00+0200,774.383,MW,DK1,DK_1,actual_solar_generation,Solar,2026-09-15T05:00:51Z
2026-09-15T04:59:58Z,2026-09-15T06:59:58+0200,ecf31ba6-001d-4c9e-88a0-f83d4f8f2bd9,2026-09-10T15:30:00Z,2026-09-10T17:30:00+0200,716.293,MW,DK1,DK_1,actual_solar_generation,Solar,2026-09-15T05:00:51Z
2026-09-15T04:59:58Z,2026-09-15T06:59:58+0200,ecf31ba6-001d-4c9e-88a0-f83d4f8f2bd9,2026-09-10T15:45:00Z,2026-09-10T17:45:00+0200,646.986,MW,DK1,DK_1,actual_solar_generation,Solar,2026-09-15T05:00:51Z
2026-09-15T04:59:58Z,2026-09-15T06:59:58+0200,ecf31ba6-001d-4c9e-88a0-f83d4f8f2bd9,2026-09-10T16:00:00Z,2026-09-10T18:00:00+0200,515.661,MW,DK1,DK_1,actual_solar_generation,Solar,2026-09-15T05:00:51Z
2026-09-15T04:59:58Z,2026-09-15T06:59:58+0200,ecf31ba6-001d-4c9e-88a0-f83d4f8f2bd9,2026-09-10T16:15:00Z,2026-09-10T18:15:00+0200,426.748,MW,DK1,DK_1,actual_solar_generation,Solar,2026-09-15T05:00:51Z
2026-09-15T04:59:58Z,2026-09-15T06:59:58+0200,ecf31ba6-001d-4c9e-88a0-f83d4f8f2bd9,2026-09-10T16:30:00Z,2026-09-10T18:30:00+0200,363.378,MW,DK1,DK_1,actual_solar_generation,Solar,2026-09-15T05:00:51Z
2026-09-15T04:59:58Z,2026-09-15T06:59:58+0200,ecf31ba6-001d-4c9e-88a0-f83d4f8f2bd9,2026-09-10T16:45:00Z,2026-09-10T18:45:00+0200,295.164,MW,DK1,DK_1,actual_solar_generation,Solar,2026-09-15T05:00:51Z
2026-09-15T04:59:58Z,2026-09-15T06:59:58+0200,ecf31ba6-001d-4c9e-88a0-f83d4f8f2bd9,2026-09-10T17:00:00Z,2026-09-10T19:00:00+0200,209.643,MW,DK1,DK_1,actual_solar_generation,Solar,2026-09-15T05:00:51Z
2026-09-15T04:59:58Z,2026-09-15T06:59:58+0200,ecf31ba6-001d-4c9e-88a0-f83d4f8f2bd9,2026-09-10T17:15:00Z,2026-09-10T19:15:00+0200,145.259,MW,DK1,DK_1,actual_solar_generation,Solar,2026-09-15T05:00:51Z
2026-09-15T04:59:58Z,2026-09-15T06:59:58+0200,ecf31ba6-001d-4c9e-88a0-f83d4f8f2bd9,2026-09-10T17:30:00Z,2026-09-10T19:30:00+0200,115.14,MW,DK1,DK_1,actual_solar_generation,Solar,2026-09-15T05:00:51Z
2026-09-15T04:59:58Z,2026-09-15T06:59:58+0200,ecf31ba6-001d-4c9e-88a0-f83d4f8f2bd9,2026-09-10T17:45:00Z,2026-09-10T19:45:00+0200,91.6512,MW,DK1,DK_1,actual_solar_generation,Solar,2026-09-15T05:00:51Z
2026-09-15T04:59:58Z,2026-09-15T06:59:58+0200,ecf31ba6-001d-4c9e-88a0-f83d4f8f2bd9,2026-09-10T18:00:00Z,2026-09-10T20:00:00+0200,43.7741,MW,DK1,DK_1,actual_solar_generation,Solar,2026-09-15T05:00:51Z
2026-09-15T04:59:58Z,2026-09-15T06:59:58+0200,ecf31ba6-001d-4c9e-88a0-f83d4f8f2bd9,2026-09-10T18:15:00Z,2026-09-10T20:15:00+0200,35.9234,MW,DK1,DK_1,actual_solar_generation,Solar,2026-09-15T05:00:51Z
2026-09-15T04:59:58Z,2026-09-15T06:59:58+0200,ecf31ba6-001d-4c9e-88a0-f83d4f8f2bd9,2026-09-10T18:30:00Z,2026-09-10T20:30:00+0200,32.3417,MW,DK1,DK_1,actual_solar_generation,Solar,2026-09-15T05:00:51Z
2026-09-15T04:59:58Z,2026-09-15T06:59:58+0200,ecf31ba6-001d-4c9e-88a0-f83d4f8f2bd9,2026-09-10T18:45:00Z,2026-09-10T20:45:00+0200,29.8903,MW,DK1,DK_1,actual_solar_generation,Solar,2026-09-15T05:00:51Z
2026-09-15T04:59:58Z,2026-09-15T06:59:58+0200,ecf31ba6-001d-4c9e-88a0-f83d4f8f2bd9,2026-09-10T19:00:00Z,2026-09-10T21:00:00+0200,27.0866,MW,DK1,DK_1,actual_solar_generation,Solar,2026-09-15T05:00:51Z
2026-09-15T04:59:58Z,2026-09-15T06:59:58+0200,ecf31ba6-001d-4c9e-88a0-f83d4f8f2bd9,2026-09-10T19:15:00Z,2026-09-10T21:15:00+0200,8.88516,MW,DK1,DK_1,actual_solar_generation,Solar,2026-09-15T05:00:51Z
2026-09-15T04:59:58Z,2026-09-15T06:59:58+0200,ecf31ba6-001d-4c9e-88a0-f83d4f8f2bd9,2026-09-10T19:30:00Z,2026-09-10T21:30:00+0200,7.02243,MW,DK1,DK_1,actual_solar_generation,Solar,2026-09-15T05:00:51Z
2026-09-15T04:59:58Z,2026-09-15T06:59:58+0200,ecf31ba6-001d-4c9e-88a0-f83d4f8f2bd9,2026-09-10T19:45:00Z,2026-09-10T21:45:00+0200,7.08877,MW,DK1,DK_1,actual_solar_generation,Solar,2026-09-15T05:00:51Z
2026-09-15T04:59:58Z,2026-09-15T06:59:58+0200,ecf31ba6-001d-4c9e-88a0-f83d4f8f2bd9,2026-09-10T20:00:00Z,2026-09-10T22:00:00+0200,3.4346,MW,DK1,DK_1,actual_solar_generation,Solar,2026-09-15T05:00:51Z
2026-09-15T04:59:58Z,2026-09-15T06:59:58+0200,ecf31ba6-001d-4c9e-88a0-f83d4f8f2bd9,2026-09-10T20:15:00Z,2026-09-10T22:15:00+0200,3.15177,MW,DK1,DK_1,actual_solar_generation,Solar,2026-09-15T05:00:51Z
2026-09-15T04:59:58Z,2026-09-15T06:59:58+0200,ecf31ba6-001d-4c9e-88a0-f83d4f8f2bd9,2026-09-10T20:30:00Z,2026-09-10T22:30:00+0200,3.22548,MW,DK1,DK_1,actual_solar_generation,Solar,2026-09-15T05:00:51Z
2026-09-15T04:59:58Z,2026-09-15T06:59:58+0200,ecf31ba6-001d-4c9e-88a0-f83d4f8f2bd9,2026-09-10T20:45:00Z,2026-09-10T22:45:00+0200,0.751573,MW,DK1,DK_1,actual_solar_generation,Solar,2026-09-15T05:00:51Z
2026-09-15T04:59:58Z,2026-09-15T06:59:58+0200,ecf31ba6-001d-4c9e-88a0-f83d4f8f2bd9,2026-09-10T21:00:00Z,2026-09-10T23:00:00+0200,2.99134,MW,DK1,DK_1,actual_solar_generation,Solar,2026-09-15T05:00:51Z
2026-09-15T04:59:58Z,2026-09-15T06:59:58+0200,ecf31ba6-001d-4c9e-88a0-f83d4f8f2bd9,2026-09-10T21:15:00Z,2026-09-10T23:15:00+0200,2.9221,MW,DK1,DK_1,actual_solar_generation,Solar,2026-09-15T05:00:51Z
2026-09-15T04:59:58Z,2026-09-15T06:59:58+0200,ecf31ba6-001d-4c9e-88a0-f83d4f8f2bd9,2026-09-10T21:30:00Z,2026-09-10T23:30:00+0200,1.75505,MW,DK1,DK_1,actual_solar_generation,Solar,2026-09-15T05:00:51Z
2026-09-15T04:59:58Z,2026-09-15T06:59:58+0200,ecf31ba6-001d-4c9e-88a0-f83d4f8f2bd9,2026-09-10T21:45:00Z,2026-09-10T23:45:00+0200,0.578157,MW,DK1,DK_1,actual_solar_generation,Solar,2026-09-15T05:00:51Z
2026-09-15T04:59:58Z,2026-09-15T06:59:58+0200,ecf31ba6-001d-4c9e-88a0-f83d4f8f2bd9,2026-09-10T22:00:00Z,2026-09-11T00:00:00+0200,0.515176,MW,DK1,DK_1,actual_solar_generation,Solar,2026-09-15T05:00:51Z
2026-09-15T04:59:58Z,2026-09-15T06:59:58+0200,ecf31ba6-001d-4c9e-88a0-f83d4f8f2bd9,2026-09-10T22:15:00Z,2026-09-11T00:15:00+0200,0.533392,MW,DK1,DK_1,actual_solar_generation,Solar,2026-09-15T05:00:51Z
2026-09-15T04:59:58Z,2026-09-15T06:59:58+0200,ecf31ba6-001d-4c9e-88a0-f83d4f8f2bd9,2026-09-10T22:30:00Z,2026-09-11T00:30:00+0200,0.512568,MW,DK1,DK_1,actual_solar_generation,Solar,2026-09-15T05:00:51Z
2026-09-15T04:59:58Z,2026-09-15T06:59:58+0200,ecf31ba6-001d-4c9e-88a0-f83d4f8f2bd9,2026-09-10T22:45:00Z,2026-09-11T00:45:00+0200,0.537173,MW,DK1,DK_1,actual_solar_generation,Solar,2026-09-15T05:00:51Z
2026-09-15T04:59:58Z,2026-09-15T06:59:58+0200,ecf31ba6-001d-4c9e-88a0-f83d4f8f2bd9,2026-09-10T23:00:00Z,2026-09-11T01:00:00+0200,0.531869,MW,DK1,DK_1,actual_solar_generation,Solar,2026-09-15T05:00:51Z
2026-09-15T04:59:58Z,2026-09-15T06:59:58+0200,ecf31ba6-001d-4c9e-88a0-f83d4f8f2bd9,2026-09-10T23:15:00Z,2026-09-11T01:15:00+0200,0.543751,MW,DK1,DK_1,actual_solar_generation,Solar,2026-09-15T05:00:51Z
2026-09-15T04:59:58Z,2026-09-15T06:59:58+0200,ecf31ba6-001d-4c9e-88a0-f83d4f8f2bd9,2026-09-10T23:30:00Z,2026-09-11T01:30:00+0200,0.559891,MW,DK1,DK_1,actual_solar_generation,Solar,2026-09-15T05:00:51Z
2026-09-15T04:59:58Z,2026-09-15T06:59:58+0200,ecf31ba6-001d-4c9e-88a0-f83d4f8f2bd9,2026-09-10T23:45:00Z,2026-09-11T01:45:00+0200,0.539695,MW,DK1,DK_1,actual_solar_generation,Solar,2026-09-15T05:00:51Z
2026-09-15T04:59:58Z,2026-09-15T06:59:58+0200,ecf31ba6-001d-4c9e-88a0-f83d4f8f2bd9,2026-09-11T00:00:00Z,2026-09-11T02:00:00+0200,0.530202,MW,DK1,DK_1,actual_solar_generation,Solar,2026-09-15T05:00:51Z
2026-09-15T04:59:58Z,2026-09-15T06:59:58+0200,ecf31ba6-001d-4c9e-88a0-f83d4f8f2bd9,2026-09-11T00:15:00Z,2026-09-11T02:15:00+0200,0.592652,MW,DK1,DK_1,actual_solar_generation,Solar,2026-09-15T05:00:51Z
2026-09-15T04:59:58Z,2026-09-15T06:59:58+0200,ecf31ba6-001d-4c9e-88a0-f83d4f8f2bd9,2026-09-11T00:30:00Z,2026-09-11T02:30:00+0200,0.700822,MW,DK1,DK_1,actual_solar_generation,Solar,2026-09-15T05:00:51Z
2026-09-15T04:59:58Z,2026-09-15T06:59:58+0200,ecf31ba6-001d-4c9e-88a0-f83d4f8f2bd9,2026-09-11T00:45:00Z,2026-09-11T02:45:00+0200,0.711495,MW,DK1,DK_1,actual_solar_generation,Solar,2026-09-15T05:00:51Z
2026-09-15T04:59:58Z,2026-09-15T06:59:58+0200,ecf31ba6-001d-4c9e-88a0-f83d4f8f2bd9,2026-09-11T01:00:00Z,2026-09-11T03:00:00+0200,0.716709,MW,DK1,DK_1,actual_solar_generation,Solar,2026-09-15T05:00:51Z
2026-09-15T04:59:58Z,2026-09-15T06:59:58+0200,ecf31ba6-001d-4c9e-88a0-f83d4f8f2bd9,2026-09-11T01:15:00Z,2026-09-11T03:15:00+0200,0.713384,MW,DK1,DK_1,actual_solar_generation,Solar,2026-09-15T05:00:51Z
2026-09-15T04:59:58Z,2026-09-15T06:59:58+0200,ecf31ba6-001d-4c9e-88a0-f83d4f8f2bd9,2026-09-11T01:30:00Z,2026-09-11T03:30:00+0200,0.766386,MW,DK1,DK_1,actual_solar_generation,Solar,2026-09-15T05:00:51Z
2026-09-15T04:59:58Z,2026-09-15T06:59:58+0200,ecf31ba6-001d-4c9e-88a0-f83d4f8f2bd9,2026-09-11T01:45:00Z,2026-09-11T03:45:00+0200,0.768498,MW,DK1,DK_1,actual_solar_generation,Solar,2026-09-15T05:00:51Z
2026-09-15T04:59:58Z,2026-09-15T06:59:58+0200,ecf31ba6-001d-4c9e-88a0-f83d4f8f2bd9,2026-09-11T02:00:00Z,2026-09-11T04:00:00+0200,0.740254,MW,DK1,DK_1,actual_solar_generation,Solar,2026-09-15T05:00:51Z
2026-09-15T04:59:58Z,2026-09-15T06:59:58+0200,ecf31ba6-001d-4c9e-88a0-f83d4f8f2bd9,2026-09-11T02:15:00Z,2026-09-11T04:15:00+0200,0.608584,MW,DK1,DK_1,actual_solar_generation,Solar,2026-09-15T05:00:51Z
2026-09-15T04:59:58Z,2026-09-15T06:59:58+0200,ecf31ba6-001d-4c9e-88a0-f83d4f8f2bd9,2026-09-11T02:30:00Z,2026-09-11T04:30:00+0200,0.69945,MW,DK1,DK_1,actual_solar_generation,Solar,2026-09-15T05:00:51Z
2026-09-15T04:59:58Z,2026-09-15T06:59:58+0200,ecf31ba6-001d-4c9e-88a0-f83d4f8f2bd9,2026-09-11T02:45:00Z,2026-09-11T04:45:00+0200,0.80679,MW,DK1,DK_1,actual_solar_generation,Solar,2026-09-15T05:00:51Z
2026-09-15T04:59:58Z,2026-09-15T06:59:58+0200,ecf31ba6-001d-4c9e-88a0-f83d4f8f2bd9,2026-09-11T03:00:00Z,2026-09-11T05:00:00+0200,0.798852,MW,DK1,DK_1,actual_solar_generation,Solar,2026-09-15T05:00:51Z
2026-09-15T04:59:58Z,2026-09-15T06:59:58+0200,ecf31ba6-001d-4c9e-88a0-f83d4f8f2bd9,2026-09-11T03:15:00Z,2026-09-11T05:15:00+0200,0.7758,MW,DK1,DK_1,actual_solar_generation,Solar,2026-09-15T05:00:51Z
2026-09-15T04:59:58Z,2026-09-15T06:59:58+0200,ecf31ba6-001d-4c9e-88a0-f83d4f8f2bd9,2026-09-11T03:30:00Z,2026-09-11T05:30:00+0200,0.791881,MW,DK1,DK_1,actual_solar_generation,Solar,2026-09-15T05:00:51Z
2026-09-15T04:59:58Z,2026-09-15T06:59:58+0200,ecf31ba6-001d-4c9e-88a0-f83d4f8f2bd9,2026-09-11T03:45:00Z,2026-09-11T05:45:00+0200,0.801147,MW,DK1,DK_1,actual_solar_generation,Solar,2026-09-15T05:00:51Z
2026-09-15T04:59:58Z,2026-09-15T06:59:58+0200,ecf31ba6-001d-4c9e-88a0-f83d4f8f2bd9,2026-09-11T04:00:00Z,2026-09-11T06:00:00+0200,0.80798,MW,DK1,DK_1,actual_solar_generation,Solar,2026-09-15T05:00:51Z
2026-09-15T04:59:58Z,2026-09-15T06:59:58+0200,ecf31ba6-001d-4c9e-88a0-f83d4f8f2bd9,2026-09-11T04:15:00Z,2026-09-11T06:15:00+0200,2.86754,MW,DK1,DK_1,actual_solar_generation,Solar,2026-09-15T05:00:51Z
2026-09-15T04:59:58Z,2026-09-15T06:59:58+0200,ecf31ba6-001d-4c9e-88a0-f83d4f8f2bd9,2026-09-11T04:30:00Z,2026-09-11T06:30:00+0200,23.5437,MW,DK1,DK_1,actual_solar_generation,Solar,2026-09-15T05:00:51Z
2026-09-15T04:59:58Z,2026-09-15T06:59:58+0200,ecf31ba6-001d-4c9e-88a0-f83d4f8f2bd9,2026-09-11T04:45:00Z,2026-09-11T06:45:00+0200,32.5615,MW,DK1,DK_1,actual_solar_generation,Solar,2026-09-15T05:00:51Z
2026-09-15T04:59:58Z,2026-09-15T06:59:58+0200,ecf31ba6-001d-4c9e-88a0-f83d4f8f2bd9,2026-09-11T05:00:00Z,2026-09-11T07:00:00+0200,52.3257,MW,DK1,DK_1,actual_solar_generation,Solar,2026-09-15T05:00:51Z
2026-09-15T04:59:58Z,2026-09-15T06:59:58+0200,ecf31ba6-001d-4c9e-88a0-f83d4f8f2bd9,2026-09-11T05:15:00Z,2026-09-11T07:15:00+0200,85.2714,MW,DK1,DK_1,actual_solar_generation,Solar,2026-09-15T05:00:51Z
2026-09-15T04:59:58Z,2026-09-15T06:59:58+0200,ecf31ba6-001d-4c9e-88a0-f83d4f8f2bd9,2026-09-11T05:30:00Z,2026-09-11T07:30:00+0200,137.015,MW,DK1,DK_1,actual_solar_generation,Solar,2026-09-15T05:00:51Z
2026-09-15T04:59:58Z,2026-09-15T06:59:58+0200,ecf31ba6-001d-4c9e-88a0-f83d4f8f2bd9,2026-09-11T05:45:00Z,2026-09-11T07:45:00+0200,155.106,MW,DK1,DK_1,actual_solar_generation,Solar,2026-09-15T05:00:51Z
2026-09-15T04:59:58Z,2026-09-15T06:59:58+0200,ecf31ba6-001d-4c9e-88a0-f83d4f8f2bd9,2026-09-11T06:00:00Z,2026-09-11T08:00:00+0200,192.74,MW,DK1,DK_1,actual_solar_generation,Solar,2026-09-15T05:00:51Z
2026-09-15T04:59:58Z,2026-09-15T06:59:58+0200,ecf31ba6-001d-4c9e-88a0-f83d4f8f2bd9,2026-09-11T06:15:00Z,2026-09-11T08:15:00+0200,241.64,MW,DK1,DK_1,actual_solar_generation,Solar,2026-09-15T05:00:51Z
2026-09-15T04:59:58Z,2026-09-15T06:59:58+0200,ecf31ba6-001d-4c9e-88a0-f83d4f8f2bd9,2026-09-11T06:30:00Z,2026-09-11T08:30:00+0200,303.149,MW,DK1,DK_1,actual_solar_generation,Solar,2026-09-15T05:00:51Z
2026-09-15T04:59:58Z,2026-09-15T06:59:58+0200,ecf31ba6-001d-4c9e-88a0-f83d4f8f2bd9,2026-09-11T06:45:00Z,2026-09-11T08:45:00+0200,376.747,MW,DK1,DK_1,actual_solar_generation,Solar,2026-09-15T05:00:51Z
2026-09-15T04:59:58Z,2026-09-15T06:59:58+0200,ecf31ba6-001d-4c9e-88a0-f83d4f8f2bd9,2026-09-11T07:00:00Z,2026-09-11T09:00:00+0200,413.792,MW,DK1,DK_1,actual_solar_generation,Solar,2026-09-15T05:00:51Z
2026-09-15T04:59:58Z,2026-09-15T06:59:58+0200,ecf31ba6-001d-4c9e-88a0-f83d4f8f2bd9,2026-09-11T07:15:00Z,2026-09-11T09:15:00+0200,428.406,MW,DK1,DK_1,actual_solar_generation,Solar,2026-09-15T05:00:51Z
2026-09-15T04:59:58Z,2026-09-15T06:59:58+0200,ecf31ba6-001d-4c9e-88a0-f83d4f8f2bd9,2026-09-11T07:30:00Z,2026-09-11T09:30:00+0200,472.279,MW,DK1,DK_1,actual_solar_generation,Solar,2026-09-15T05:00:51Z
2026-09-15T04:59:58Z,2026-09-15T06:59:58+0200,ecf31ba6-001d-4c9e-88a0-f83d4f8f2bd9,2026-09-11T07:45:00Z,2026-09-11T09:45:00+0200,457.672,MW,DK1,DK_1,actual_solar_generation,Solar,2026-09-15T05:00:51Z
2026-09-15T04:59:58Z,2026-09-15T06:59:58+0200,ecf31ba6-001d-4c9e-88a0-f83d4f8f2bd9,2026-09-11T08:00:00Z,2026-09-11T10:00:00+0200,495.657,MW,DK1,DK_1,actual_solar_generation,Solar,2026-09-15T05:00:51Z
2026-09-15T04:59:58Z,2026-09-15T06:59:58+0200,ecf31ba6-001d-4c9e-88a0-f83d4f8f2bd9,2026-09-11T08:15:00Z,2026-09-11T10:15:00+0200,550.325,MW,DK1,DK_1,actual_solar_generation,Solar,2026-09-15T05:00:51Z
2026-09-15T04:59:58Z,2026-09-15T06:59:58+0200,ecf31ba6-001d-4c9e-88a0-f83d4f8f2bd9,2026-09-11T08:30:00Z,2026-09-11T10:30:00+0200,584.725,MW,DK1,DK_1,actual_solar_generation,Solar,2026-09-15T05:00:51Z
2026-09-15T04:59:58Z,2026-09-15T06:59:58+0200,ecf31ba6-001d-4c9e-88a0-f83d4f8f2bd9,2026-09-11T08:45:00Z,2026-09-11T10:45:00+0200,558.993,MW,DK1,DK_1,actual_solar_generation,Solar,2026-09-15T05:00:51Z
2026-09-15T04:59:58Z,2026-09-15T06:59:58+0200,ecf31ba6-001d-4c9e-88a0-f83d4f8f2bd9,2026-09-11T09:00:00Z,2026-09-11T11:00:00+0200,556.123,MW,DK1,DK_1,actual_solar_generation,Solar,2026-09-15T05:00:51Z
2026-09-15T04:59:58Z,2026-09-15T06:59:58+0200,ecf31ba6-001d-4c9e-88a0-f83d4f8f2bd9,2026-09-11T09:15:00Z,2026-09-11T11:15:00+0200,600.632,MW,DK1,DK_1,actual_solar_generation,Solar,2026-09-15T05:00:51Z
2026-09-15T04:59:58Z,2026-09-15T06:59:58+0200,ecf31ba6-001d-4c9e-88a0-f83d4f8f2bd9,2026-09-11T09:30:00Z,2026-09-11T11:30:00+0200,609.256,MW,DK1,DK_1,actual_solar_generation,Solar,2026-09-15T05:00:51Z
2026-09-15T04:59:58Z,2026-09-15T06:59:58+0200,ecf31ba6-001d-4c9e-88a0-f83d4f8f2bd9,2026-09-11T09:45:00Z,2026-09-11T11:45:00+0200,641.025,MW,DK1,DK_1,actual_solar_generation,Solar,2026-09-15T05:00:51Z
2026-09-15T04:59:58Z,2026-09-15T06:59:58+0200,ecf31ba6-001d-4c9e-88a0-f83d4f8f2bd9,2026-09-11T10:00:00Z,2026-09-11T12:00:00+0200,635.094,MW,DK1,DK_1,actual_solar_generation,Solar,2026-09-15T05:00:51Z
2026-09-15T04:59:58Z,2026-09-15T06:59:58+0200,ecf31ba6-001d-4c9e-88a0-f83d4f8f2bd9,2026-09-11T10:15:00Z,2026-09-11T12:15:00+0200,657.398,MW,DK1,DK_1,actual_solar_generation,Solar,2026-09-15T05:00:51Z
2026-09-15T04:59:58Z,2026-09-15T06:59:58+0200,ecf31ba6-001d-4c9e-88a0-f83d4f8f2bd9,2026-09-11T10:30:00Z,2026-09-11T12:30:00+0200,699.148,MW,DK1,DK_1,actual_solar_generation,Solar,2026-09-15T05:00:51Z
2026-09-15T04:59:58Z,2026-09-15T06:59:58+0200,ecf31ba6-001d-4c9e-88a0-f83d4f8f2bd9,2026-09-11T10:45:00Z,2026-09-11T12:45:00+0200,726.176,MW,DK1,DK_1,actual_solar_generation,Solar,2026-09-15T05:00:51Z
2026-09-15T04:59:58Z,2026-09-15T06:59:58+0200,ecf31ba6-001d-4c9e-88a0-f83d4f8f2bd9,2026-09-11T11:00:00Z,2026-09-11T13:00:00+0200,840.754,MW,DK1,DK_1,actual_solar_generation,Solar,2026-09-15T05:00:51Z
2026-09-15T04:59:58Z,2026-09-15T06:59:58+0200,ecf31ba6-001d-4c9e-88a0-f83d4f8f2bd9,2026-09-11T11:15:00Z,2026-09-11T13:15:00+0200,734.747,MW,DK1,DK_1,actual_solar_generation,Solar,2026-09-15T05:00:51Z
2026-09-15T04:59:58Z,2026-09-15T06:59:58+0200,ecf31ba6-001d-4c9e-88a0-f83d4f8f2bd9,2026-09-11T11:30:00Z,2026-09-11T13:30:00+0200,705.59,MW,DK1,DK_1,actual_solar_generation,Solar,2026-09-15T05:00:51Z
2026-09-15T04:59:58Z,2026-09-15T06:59:58+0200,ecf31ba6-001d-4c9e-88a0-f83d4f8f2bd9,2026-09-11T11:45:00Z,2026-09-11T13:45:00+0200,697.053,MW,DK1,DK_1,actual_solar_generation,Solar,2026-09-15T05:00:51Z
2026-09-15T04:59:58Z,2026-09-15T06:59:58+0200,ecf31ba6-001d-4c9e-88a0-f83d4f8f2bd9,2026-09-11T12:00:00Z,2026-09-11T14:00:00+0200,669.411,MW,DK1,DK_1,actual_solar_generation,Solar,2026-09-15T05:00:51Z
2026-09-15T04:59:58Z,2026-09-15T06:59:58+0200,ecf31ba6-001d-4c9e-88a0-f83d4f8f2bd9,2026-09-11T12:15:00Z,2026-09-11T14:15:00+0200,844.711,MW,DK1,DK_1,actual_solar_generation,Solar,2026-09-15T05:00:51Z
2026-09-15T04:59:58Z,2026-09-15T06:59:58+0200,ecf31ba6-001d-4c9e-88a0-f83d4f8f2bd9,2026-09-11T12:30:00Z,2026-09-11T14:30:00+0200,811.391,MW,DK1,DK_1,actual_solar_generation,Solar,2026-09-15T05:00:51Z
2026-09-15T04:59:58Z,2026-09-15T06:59:58+0200,ecf31ba6-001d-4c9e-88a0-f83d4f8f2bd9,2026-09-11T12:45:00Z,2026-09-11T14:45:00+0200,769.209,MW,DK1,DK_1,actual_solar_generation,Solar,2026-09-15T05:00:51Z
2026-09-15T04:59:58Z,2026-09-15T06:59:58+0200,ecf31ba6-001d-4c9e-88a0-f83d4f8f2bd9,2026-09-11T13:00:00Z,2026-09-11T15:00:00+0200,746.929,MW,DK1,DK_1,actual_solar_generation,Solar,2026-09-15T05:00:51Z
2026-09-15T04:59:58Z,2026-09-15T06:59:58+0200,ecf31ba6-001d-4c9e-88a0-f83d4f8f2bd9,2026-09-11T13:15:00Z,2026-09-11T15:15:00+0200,734.958,MW,DK1,DK_1,actual_solar_generation,Solar,2026-09-15T05:00:51Z
2026-09-15T04:59:58Z,2026-09-15T06:59:58+0200,ecf31ba6-001d-4c9e-88a0-f83d4f8f2bd9,2026-09-11T13:30:00Z,2026-09-11T15:30:00+0200,818.854,MW,DK1,DK_1,actual_solar_generation,Solar,2026-09-15T05:00:51Z
2026-09-15T04:59:58Z,2026-09-15T06:59:58+0200,ecf31ba6-001d-4c9e-88a0-f83d4f8f2bd9,2026-09-11T13:45:00Z,2026-09-11T15:45:00+0200,689.146,MW,DK1,DK_1,actual_solar_generation,Solar,2026-09-15T05:00:51Z
2026-09-15T04:59:58Z,2026-09-15T06:59:58+0200,ecf31ba6-001d-4c9e-88a0-f83d4f8f2bd9,2026-09-11T14:00:00Z,2026-09-11T16:00:00+0200,758.75,MW,DK1,DK_1,actual_solar_generation,Solar,2026-09-15T05:00:51Z
2026-09-15T04:59:58Z,2026-09-15T06:59:58+0200,ecf31ba6-001d-4c9e-88a0-f83d4f8f2bd9,2026-09-11T14:15:00Z,2026-09-11T16:15:00+0200,632.159,MW,DK1,DK_1,actual_solar_generation,Solar,2026-09-15T05:00:51Z
2026-09-15T04:59:58Z,2026-09-15T06:59:58+0200,ecf31ba6-001d-4c9e-88a0-f83d4f8f2bd9,2026-09-11T14:30:00Z,2026-09-11T16:30:00+0200,567.284,MW,DK1,DK_1,actual_solar_generation,Solar,2026-09-15T05:00:51Z
2026-09-15T04:59:58Z,2026-09-15T06:59:58+0200,ecf31ba6-001d-4c9e-88a0-f83d4f8f2bd9,2026-09-11T14:45:00Z,2026-09-11T16:45:00+0200,522.479,MW,DK1,DK_1,actual_solar_generation,Solar,2026-09-15T05:00:51Z
2026-09-15T04:59:58Z,2026-09-15T06:59:58+0200,ecf31ba6-001d-4c9e-88a0-f83d4f8f2bd9,2026-09-11T15:00:00Z,2026-09-11T17:00:00+0200,470.649,MW,DK1,DK_1,actual_solar_generation,Solar,2026-09-15T05:00:51Z
2026-09-15T04:59:58Z,2026-09-15T06:59:58+0200,ecf31ba6-001d-4c9e-88a0-f83d4f8f2bd9,2026-09-11T15:15:00Z,2026-09-11T17:15:00+0200,468.962,MW,DK1,DK_1,actual_solar_generation,Solar,2026-09-15T05:00:51Z
2026-09-15T04:59:58Z,2026-09-15T06:59:58+0200,ecf31ba6-001d-4c9e-88a0-f83d4f8f2bd9,2026-09-11T15:30:00Z,2026-09-11T17:30:00+0200,396.311,MW,DK1,DK_1,actual_solar_generation,Solar,2026-09-15T05:00:51Z
2026-09-15T04:59:58Z,2026-09-15T06:59:58+0200,ecf31ba6-001d-4c9e-88a0-f83d4f8f2bd9,2026-09-11T15:45:00Z,2026-09-11T17:45:00+0200,364.607,MW,DK1,DK_1,actual_solar_generation,Solar,2026-09-15T05:00:51Z
2026-09-15T04:59:58Z,2026-09-15T06:59:58+0200,ecf31ba6-001d-4c9e-88a0-f83d4f8f2bd9,2026-09-11T16:00:00Z,2026-09-11T18:00:00+0200,387.506,MW,DK1,DK_1,actual_solar_generation,Solar,2026-09-15T05:00:51Z
2026-09-15T04:59:58Z,2026-09-15T06:59:58+0200,ecf31ba6-001d-4c9e-88a0-f83d4f8f2bd9,2026-09-11T16:15:00Z,2026-09-11T18:15:00+0200,282.391,MW,DK1,DK_1,actual_solar_generation,Solar,2026-09-15T05:00:51Z
2026-09-15T04:59:58Z,2026-09-15T06:59:58+0200,ecf31ba6-001d-4c9e-88a0-f83d4f8f2bd9,2026-09-11T16:30:00Z,2026-09-11T18:30:00+0200,237.564,MW,DK1,DK_1,actual_solar_generation,Solar,2026-09-15T05:00:51Z
2026-09-15T04:59:58Z,2026-09-15T06:59:58+0200,ecf31ba6-001d-4c9e-88a0-f83d4f8f2bd9,2026-09-11T16:45:00Z,2026-09-11T18:45:00+0200,198.905,MW,DK1,DK_1,actual_solar_generation,Solar,2026-09-15T05:00:51Z
2026-09-15T04:59:58Z,2026-09-15T06:59:58+0200,ecf31ba6-001d-4c9e-88a0-f83d4f8f2bd9,2026-09-11T17:00:00Z,2026-09-11T19:00:00+0200,147.462,MW,DK1,DK_1,actual_solar_generation,Solar,2026-09-15T05:00:51Z
2026-09-15T04:59:58Z,2026-09-15T06:59:58+0200,ecf31ba6-001d-4c9e-88a0-f83d4f8f2bd9,2026-09-11T17:15:00Z,2026-09-11T19:15:00+0200,104.835,MW,DK1,DK_1,actual_solar_generation,Solar,2026-09-15T05:00:51Z
2026-09-15T04:59:58Z,2026-09-15T06:59:58+0200,ecf31ba6-001d-4c9e-88a0-f83d4f8f2bd9,2026-09-11T17:30:00Z,2026-09-11T19:30:00+0200,97.98,MW,DK1,DK_1,actual_solar_generation,Solar,2026-09-15T05:00:51Z
2026-09-15T04:59:58Z,2026-09-15T06:59:58+0200,ecf31ba6-001d-4c9e-88a0-f83d4f8f2bd9,2026-09-11T17:45:00Z,2026-09-11T19:45:00+0200,86.416,MW,DK1,DK_1,actual_solar_generation,Solar,2026-09-15T05:00:51Z
2026-09-15T04:59:58Z,2026-09-15T06:59:58+0200,ecf31ba6-001d-4c9e-88a0-f83d4f8f2bd9,2026-09-11T18:00:00Z,2026-09-11T20:00:00+0200,43.7906,MW,DK1,DK_1,actual_solar_generation,Solar,2026-09-15T05:00:51Z
2026-09-15T04:59:58Z,2026-09-15T06:59:58+0200,ecf31ba6-001d-4c9e-88a0-f83d4f8f2bd9,2026-09-11T18:15:00Z,2026-09-11T20:15:00+0200,35.9588,MW,DK1,DK_1,actual_solar_generation,Solar,2026-09-15T05:00:51Z
2026-09-15T04:59:58Z,2026-09-15T06:59:58+0200,ecf31ba6-001d-4c9e-88a0-f83d4f8f2bd9,2026-09-11T18:30:00Z,2026-09-11T20:30:00+0200,32.0607,MW,DK1,DK_1,actual_solar_generation,Solar,2026-09-15T05:00:51Z
2026-09-15T04:59:58Z,2026-09-15T06:59:58+0200,ecf31ba6-001d-4c9e-88a0-f83d4f8f2bd9,2026-09-11T18:45:00Z,2026-09-11T20:45:00+0200,14.3205,MW,DK1,DK_1,actual_solar_generation,Solar,2026-09-15T05:00:51Z
2026-09-15T04:59:58Z,2026-09-15T06:59:58+0200,ecf31ba6-001d-4c9e-88a0-f83d4f8f2bd9,2026-09-11T19:00:00Z,2026-09-11T21:00:00+0200,46.4874,MW,DK1,DK_1,actual_solar_generation,Solar,2026-09-15T05:00:51Z
2026-09-15T04:59:58Z,2026-09-15T06:59:58+0200,ecf31ba6-001d-4c9e-88a0-f83d4f8f2bd9,2026-09-11T19:15:00Z,2026-09-11T21:15:00+0200,70.7702,MW,DK1,DK_1,actual_solar_generation,Solar,2026-09-15T05:00:51Z
2026-09-15T04:59:58Z,2026-09-15T06:59:58+0200,ecf31ba6-001d-4c9e-88a0-f83d4f8f2bd9,2026-09-11T19:30:00Z,2026-09-11T21:30:00+0200,54.6872,MW,DK1,DK_1,actual_solar_generation,Solar,2026-09-15T05:00:51Z
2026-09-15T04:59:58Z,2026-09-15T06:59:58+0200,ecf31ba6-001d-4c9e-88a0-f83d4f8f2bd9,2026-09-11T19:45:00Z,2026-09-11T21:45:00+0200,50.5747,MW,DK1,DK_1,actual_solar_generation,Solar,2026-09-15T05:00:51Z
2026-09-15T04:59:58Z,2026-09-15T06:59:58+0200,ecf31ba6-001d-4c9e-88a0-f83d4f8f2bd9,2026-09-11T20:00:00Z,2026-09-11T22:00:00+0200,11.3136,MW,DK1,DK_1,actual_solar_generation,Solar,2026-09-15T05:00:51Z
2026-09-15T04:59:58Z,2026-09-15T06:59:58+0200,ecf31ba6-001d-4c9e-88a0-f83d4f8f2bd9,2026-09-11T20:15:00Z,2026-09-11T22:15:00+0200,3.17544,MW,DK1,DK_1,actual_solar_generation,Solar,2026-09-15T05:00:51Z
2026-09-15T04:59:58Z,2026-09-15T06:59:58+0200,ecf31ba6-001d-4c9e-88a0-f83d4f8f2bd9,2026-09-11T20:30:00Z,2026-09-11T22:30:00+0200,3.11795,MW,DK1,DK_1,actual_solar_generation,Solar,2026-09-15T05:00:51Z
2026-09-15T04:59:58Z,2026-09-15T06:59:58+0200,ecf31ba6-001d-4c9e-88a0-f83d4f8f2bd9,2026-09-11T20:45:00Z,2026-09-11T22:45:00+0200,3.12328,MW,DK1,DK_1,actual_solar_generation,Solar,2026-09-15T05:00:51Z
2026-09-15T04:59:58Z,2026-09-15T06:59:58+0200,ecf31ba6-001d-4c9e-88a0-f83d4f8f2bd9,2026-09-11T21:00:00Z,2026-09-11T23:00:00+0200,3.05769,MW,DK1,DK_1,actual_solar_generation,Solar,2026-09-15T05:00:51Z
2026-09-15T04:59:58Z,2026-09-15T06:59:58+0200,ecf31ba6-001d-4c9e-88a0-f83d4f8f2bd9,2026-09-11T21:15:00Z,2026-09-11T23:15:00+0200,2.88253,MW,DK1,DK_1,actual_solar_generation,Solar,2026-09-15T05:00:51Z
2026-09-15T04:59:58Z,2026-09-15T06:59:58+0200,ecf31ba6-001d-4c9e-88a0-f83d4f8f2bd9,2026-09-11T21:30:00Z,2026-09-11T23:30:00+0200,2.90538,MW,DK1,DK_1,actual_solar_generation,Solar,2026-09-15T05:00:51Z
2026-09-15T04:59:58Z,2026-09-15T06:59:58+0200,ecf31ba6-001d-4c9e-88a0-f83d4f8f2bd9,2026-09-11T21:45:00Z,2026-09-11T23:45:00+0200,0.570508,MW,DK1,DK_1,actual_solar_generation,Solar,2026-09-15T05:00:51Z
2026-09-15T04:59:58Z,2026-09-15T06:59:58+0200,ecf31ba6-001d-4c9e-88a0-f83d4f8f2bd9,2026-09-11T22:00:00Z,2026-09-12T00:00:00+0200,0.483744,MW,DK1,DK_1,actual_solar_generation,Solar,2026-09-15T05:00:51Z
2026-09-15T04:59:58Z,2026-09-15T06:59:58+0200,ecf31ba6-001d-4c9e-88a0-f83d4f8f2bd9,2026-09-11T22:15:00Z,2026-09-12T00:15:00+0200,7.45988,MW,DK1,DK_1,actual_solar_generation,Solar,2026-09-15T05:00:51Z
2026-09-15T04:59:58Z,2026-09-15T06:59:58+0200,ecf31ba6-001d-4c9e-88a0-f83d4f8f2bd9,2026-09-11T22:30:00Z,2026-09-12T00:30:00+0200,37.7138,MW,DK1,DK_1,actual_solar_generation,Solar,2026-09-15T05:00:51Z
2026-09-15T04:59:58Z,2026-09-15T06:59:58+0200,ecf31ba6-001d-4c9e-88a0-f83d4f8f2bd9,2026-09-11T22:45:00Z,2026-09-12T00:45:00+0200,15.9147,MW,DK1,DK_1,actual_solar_generation,Solar,2026-09-15T05:00:51Z
2026-09-15T04:59:58Z,2026-09-15T06:59:58+0200,ecf31ba6-001d-4c9e-88a0-f83d4f8f2bd9,2026-09-11T23:00:00Z,2026-09-12T01:00:00+0200,11.9418,MW,DK1,DK_1,actual_solar_generation,Solar,2026-09-15T05:00:51Z
2026-09-15T04:59:58Z,2026-09-15T06:59:58+0200,ecf31ba6-001d-4c9e-88a0-f83d4f8f2bd9,2026-09-11T23:15:00Z,2026-09-12T01:15:00+0200,1.02777,MW,DK1,DK_1,actual_solar_generation,Solar,2026-09-15T05:00:51Z
2026-09-15T04:59:58Z,2026-09-15T06:59:58+0200,ecf31ba6-001d-4c9e-88a0-f83d4f8f2bd9,2026-09-11T23:30:00Z,2026-09-12T01:30:00+0200,3.60663,MW,DK1,DK_1,actual_solar_generation,Solar,2026-09-15T05:00:51Z
2026-09-15T04:59:58Z,2026-09-15T06:59:58+0200,ecf31ba6-001d-4c9e-88a0-f83d4f8f2bd9,2026-09-11T23:45:00Z,2026-09-12T01:45:00+0200,5.35098,MW,DK1,DK_1,actual_solar_generation,Solar,2026-09-15T05:00:51Z
2026-09-15T04:59:58Z,2026-09-15T06:59:58+0200,ecf31ba6-001d-4c9e-88a0-f83d4f8f2bd9,2026-09-12T00:00:00Z,2026-09-12T02:00:00+0200,0.488737,MW,DK1,DK_1,actual_solar_generation,Solar,2026-09-15T05:00:51Z
2026-09-15T04:59:58Z,2026-09-15T06:59:58+0200,ecf31ba6-001d-4c9e-88a0-f83d4f8f2bd9,2026-09-12T00:15:00Z,2026-09-12T02:15:00+0200,0.468303,MW,DK1,DK_1,actual_solar_generation,Solar,2026-09-15T05:00:51Z
2026-09-15T04:59:58Z,2026-09-15T06:59:58+0200,ecf31ba6-001d-4c9e-88a0-f83d4f8f2bd9,2026-09-12T00:30:00Z,2026-09-12T02:30:00+0200,0.472315,MW,DK1,DK_1,actual_solar_generation,Solar,2026-09-15T05:00:51Z
2026-09-15T04:59:58Z,2026-09-15T06:59:58+0200,ecf31ba6-001d-4c9e-88a0-f83d4f8f2bd9,2026-09-12T00:45:00Z,2026-09-12T02:45:00+0200,0.466768,MW,DK1,DK_1,actual_solar_generation,Solar,2026-09-15T05:00:51Z
2026-09-15T04:59:58Z,2026-09-15T06:59:58+0200,ecf31ba6-001d-4c9e-88a0-f83d4f8f2bd9,2026-09-12T01:00:00Z,2026-09-12T03:00:00+0200,0.491297,MW,DK1,DK_1,actual_solar_generation,Solar,2026-09-15T05:00:51Z
2026-09-15T04:59:58Z,2026-09-15T06:59:58+0200,ecf31ba6-001d-4c9e-88a0-f83d4f8f2bd9,2026-09-12T01:15:00Z,2026-09-12T03:15:00+0200,0.495229,MW,DK1,DK_1,actual_solar_generation,Solar,2026-09-15T05:00:51Z
2026-09-15T04:59:58Z,2026-09-15T06:59:58+0200,ecf31ba6-001d-4c9e-88a0-f83d4f8f2bd9,2026-09-12T01:30:00Z,2026-09-12T03:30:00+0200,0.466947,MW,DK1,DK_1,actual_solar_generation,Solar,2026-09-15T05:00:51Z
2026-09-15T04:59:58Z,2026-09-15T06:59:58+0200,ecf31ba6-001d-4c9e-88a0-f83d4f8f2bd9,2026-09-12T01:45:00Z,2026-09-12T03:45:00+0200,0.481992,MW,DK1,DK_1,actual_solar_generation,Solar,2026-09-15T05:00:51Z
2026-09-15T04:59:58Z,2026-09-15T06:59:58+0200,ecf31ba6-001d-4c9e-88a0-f83d4f8f2bd9,2026-09-12T02:00:00Z,2026-09-12T04:00:00+0200,0.453819,MW,DK1,DK_1,actual_solar_generation,Solar,2026-09-15T05:00:51Z
2026-09-15T04:59:58Z,2026-09-15T06:59:58+0200,ecf31ba6-001d-4c9e-88a0-f83d4f8f2bd9,2026-09-12T02:15:00Z,2026-09-12T04:15:00+0200,0.475235,MW,DK1,DK_1,actual_solar_generation,Solar,2026-09-15T05:00:51Z
2026-09-15T04:59:58Z,2026-09-15T06:59:58+0200,ecf31ba6-001d-4c9e-88a0-f83d4f8f2bd9,2026-09-12T02:30:00Z,2026-09-12T04:30:00+0200,0.477145,MW,DK1,DK_1,actual_solar_generation,Solar,2026-09-15T05:00:51Z
2026-09-15T04:59:58Z,2026-09-15T06:59:58+0200,ecf31ba6-001d-4c9e-88a0-f83d4f8f2bd9,2026-09-12T02:45:00Z,2026-09-12T04:45:00+0200,0.480278,MW,DK1,DK_1,actual_solar_generation,Solar,2026-09-15T05:00:51Z
2026-09-15T04:59:58Z,2026-09-15T06:59:58+0200,ecf31ba6-001d-4c9e-88a0-f83d4f8f2bd9,2026-09-12T03:00:00Z,2026-09-12T05:00:00+0200,0.471889,MW,DK1,DK_1,actual_solar_generation,Solar,2026-09-15T05:00:51Z
2026-09-15T04:59:58Z,2026-09-15T06:59:58+0200,ecf31ba6-001d-4c9e-88a0-f83d4f8f2bd9,2026-09-12T03:15:00Z,2026-09-12T05:15:00+0200,0.459485,MW,DK1,DK_1,actual_solar_generation,Solar,2026-09-15T05:00:51Z
2026-09-15T04:59:58Z,2026-09-15T06:59:58+0200,ecf31ba6-001d-4c9e-88a0-f83d4f8f2bd9,2026-09-12T03:30:00Z,2026-09-12T05:30:00+0200,0.463908,MW,DK1,DK_1,actual_solar_generation,Solar,2026-09-15T05:00:51Z
2026-09-15T04:59:58Z,2026-09-15T06:59:58+0200,ecf31ba6-001d-4c9e-88a0-f83d4f8f2bd9,2026-09-12T03:45:00Z,2026-09-12T05:45:00+0200,0.449437,MW,DK1,DK_1,actual_solar_generation,Solar,2026-09-15T05:00:51Z
2026-09-15T04:59:58Z,2026-09-15T06:59:58+0200,ecf31ba6-001d-4c9e-88a0-f83d4f8f2bd9,2026-09-12T04:00:00Z,2026-09-12T06:00:00+0200,4.47221,MW,DK1,DK_1,actual_solar_generation,Solar,2026-09-15T05:00:51Z
2026-09-15T04:59:58Z,2026-09-15T06:59:58+0200,ecf31ba6-001d-4c9e-88a0-f83d4f8f2bd9,2026-09-12T04:15:00Z,2026-09-12T06:15:00+0200,8.78856,MW,DK1,DK_1,actual_solar_generation,Solar,2026-09-15T05:00:51Z
2026-09-15T04:59:58Z,2026-09-15T06:59:58+0200,ecf31ba6-001d-4c9e-88a0-f83d4f8f2bd9,2026-09-12T04:30:00Z,2026-09-12T06:30:00+0200,5.20682,MW,DK1,DK_1,actual_solar_generation,Solar,2026-09-15T05:00:51Z
2026-09-15T04:59:58Z,2026-09-15T06:59:58+0200,ecf31ba6-001d-4c9e-88a0-f83d4f8f2bd9,2026-09-12T04:45:00Z,2026-09-12T06:45:00+0200,12.4233,MW,DK1,DK_1,actual_solar_generation,Solar,2026-09-15T05:00:51Z
2026-09-15T04:59:58Z,2026-09-15T06:59:58+0200,ecf31ba6-001d-4c9e-88a0-f83d4f8f2bd9,2026-09-12T05:00:00Z,2026-09-12T07:00:00+0200,30.0615,MW,DK1,DK_1,actual_solar_generation,Solar,2026-09-15T05:00:51Z
2026-09-15T04:59:58Z,2026-09-15T06:59:58+0200,ecf31ba6-001d-4c9e-88a0-f83d4f8f2bd9,2026-09-12T05:15:00Z,2026-09-12T07:15:00+0200,72.0915,MW,DK1,DK_1,actual_solar_generation,Solar,2026-09-15T05:00:51Z
2026-09-15T04:59:58Z,2026-09-15T06:59:58+0200,ecf31ba6-001d-4c9e-88a0-f83d4f8f2bd9,2026-09-12T05:30:00Z,2026-09-12T07:30:00+0200,147.117,MW,DK1,DK_1,actual_solar_generation,Solar,2026-09-15T05:00:51Z
2026-09-15T04:59:58Z,2026-09-15T06:59:58+0200,ecf31ba6-001d-4c9e-88a0-f83d4f8f2bd9,2026-09-12T05:45:00Z,2026-09-12T07:45:00+0200,239.577,MW,DK1,DK_1,actual_solar_generation,Solar,2026-09-15T05:00:51Z
2026-09-15T04:59:58Z,2026-09-15T06:59:58+0200,ecf31ba6-001d-4c9e-88a0-f83d4f8f2bd9,2026-09-12T06:00:00Z,2026-09-12T08:00:00+0200,323.943,MW,DK1,DK_1,actual_solar_generation,Solar,2026-09-15T05:00:51Z
2026-09-15T04:59:58Z,2026-09-15T06:59:58+0200,ecf31ba6-001d-4c9e-88a0-f83d4f8f2bd9,2026-09-12T06:15:00Z,2026-09-12T08:15:00+0200,482.749,MW,DK1,DK_1,actual_solar_generation,Solar,2026-09-15T05:00:51Z
2026-09-15T04:59:58Z,2026-09-15T06:59:58+0200,ecf31ba6-001d-4c9e-88a0-f83d4f8f2bd9,2026-09-12T06:30:00Z,2026-09-12T08:30:00+0200,565.856,MW,DK1,DK_1,actual_solar_generation,Solar,2026-09-15T05:00:51Z
2026-09-15T04:59:58Z,2026-09-15T06:59:58+0200,ecf31ba6-001d-4c9e-88a0-f83d4f8f2bd9,2026-09-12T06:45:00Z,2026-09-12T08:45:00+0200,681.383,MW,DK1,DK_1,actual_solar_generation,Solar,2026-09-15T05:00:51Z
2026-09-15T04:59:58Z,2026-09-15T06:59:58+0200,ecf31ba6-001d-4c9e-88a0-f83d4f8f2bd9,2026-09-12T07:00:00Z,2026-09-12T09:00:00+0200,783.215,MW,DK1,DK_1,actual_solar_generation,Solar,2026-09-15T05:00:51Z
2026-09-15T04:59:58Z,2026-09-15T06:59:58+0200,ecf31ba6-001d-4c9e-88a0-f83d4f8f2bd9,2026-09-12T07:15:00Z,2026-09-12T09:15:00+0200,950.946,MW,DK1,DK_1,actual_solar_generation,Solar,2026-09-15T05:00:51Z
2026-09-15T04:59:58Z,2026-09-15T06:59:58+0200,ecf31ba6-001d-4c9e-88a0-f83d4f8f2bd9,2026-09-12T07:30:00Z,2026-09-12T09:30:00+0200,1106.45,MW,DK1,DK_1,actual_solar_generation,Solar,2026-09-15T05:00:51Z
2026-09-15T04:59:58Z,2026-09-15T06:59:58+0200,ecf31ba6-001d-4c9e-88a0-f83d4f8f2bd9,2026-09-12T07:45:00Z,2026-09-12T09:45:00+0200,1330.51,MW,DK1,DK_1,actual_solar_generation,Solar,2026-09-15T05:00:51Z
2026-09-15T04:59:58Z,2026-09-15T06:59:58+0200,ecf31ba6-001d-4c9e-88a0-f83d4f8f2bd9,2026-09-12T08:00:00Z,2026-09-12T10:00:00+0200,1579.59,MW,DK1,DK_1,actual_solar_generation,Solar,2026-09-15T05:00:51Z
2026-09-15T04:59:58Z,2026-09-15T06:59:58+0200,ecf31ba6-001d-4c9e-88a0-f83d4f8f2bd9,2026-09-12T08:15:00Z,2026-09-12T10:15:00+0200,1595.06,MW,DK1,DK_1,actual_solar_generation,Solar,2026-09-15T05:00:51Z
2026-09-15T04:59:58Z,2026-09-15T06:59:58+0200,ecf31ba6-001d-4c9e-88a0-f83d4f8f2bd9,2026-09-12T08:30:00Z,2026-09-12T10:30:00+0200,1539.96,MW,DK1,DK_1,actual_solar_generation,Solar,2026-09-15T05:00:51Z
2026-09-15T04:59:58Z,2026-09-15T06:59:58+0200,ecf31ba6-001d-4c9e-88a0-f83d4f8f2bd9,2026-09-12T08:45:00Z,2026-09-12T10:45:00+0200,1470.9,MW,DK1,DK_1,actual_solar_generation,Solar,2026-09-15T05:00:51Z
2026-09-15T04:59:58Z,2026-09-15T06:59:58+0200,ecf31ba6-001d-4c9e-88a0-f83d4f8f2bd9,2026-09-12T09:00:00Z,2026-09-12T11:00:00+0200,1446.96,MW,DK1,DK_1,actual_solar_generation,Solar,2026-09-15T05:00:51Z
2026-09-15T04:59:58Z,2026-09-15T06:59:58+0200,ecf31ba6-001d-4c9e-88a0-f83d4f8f2bd9,2026-09-12T09:15:00Z,2026-09-12T11:15:00+0200,1489.73,MW,DK1,DK_1,actual_solar_generation,Solar,2026-09-15T05:00:51Z
2026-09-15T04:59:58Z,2026-09-15T06:59:58+0200,ecf31ba6-001d-4c9e-88a0-f83d4f8f2bd9,2026-09-12T09:30:00Z,2026-09-12T11:30:00+0200,1333.86,MW,DK1,DK_1,actual_solar_generation,Solar,2026-09-15T05:00:51Z
2026-09-15T04:59:58Z,2026-09-15T06:59:58+0200,ecf31ba6-001d-4c9e-88a0-f83d4f8f2bd9,2026-09-12T09:45:00Z,2026-09-12T11:45:00+0200,1352.26,MW,DK1,DK_1,actual_solar_generation,Solar,2026-09-15T05:00:51Z
2026-09-15T04:59:58Z,2026-09-15T06:59:58+0200,ecf31ba6-001d-4c9e-88a0-f83d4f8f2bd9,2026-09-12T10:00:00Z,2026-09-12T12:00:00+0200,1213.9,MW,DK1,DK_1,actual_solar_generation,Solar,2026-09-15T05:00:51Z
2026-09-15T04:59:58Z,2026-09-15T06:59:58+0200,ecf31ba6-001d-4c9e-88a0-f83d4f8f2bd9,2026-09-12T10:15:00Z,2026-09-12T12:15:00+0200,1025.76,MW,DK1,DK_1,actual_solar_generation,Solar,2026-09-15T05:00:51Z
2026-09-15T04:59:58Z,2026-09-15T06:59:58+0200,ecf31ba6-001d-4c9e-88a0-f83d4f8f2bd9,2026-09-12T10:30:00Z,2026-09-12T12:30:00+0200,1272.14,MW,DK1,DK_1,actual_solar_generation,Solar,2026-09-15T05:00:51Z
2026-09-15T04:59:58Z,2026-09-15T06:59:58+0200,ecf31ba6-001d-4c9e-88a0-f83d4f8f2bd9,2026-09-12T10:45:00Z,2026-09-12T12:45:00+0200,1192.14,MW,DK1,DK_1,actual_solar_generation,Solar,2026-09-15T05:00:51Z
2026-09-15T04:59:58Z,2026-09-15T06:59:58+0200,ecf31ba6-001d-4c9e-88a0-f83d4f8f2bd9,2026-09-12T11:00:00Z,2026-09-12T13:00:00+0200,932.998,MW,DK1,DK_1,actual_solar_generation,Solar,2026-09-15T05:00:51Z
2026-09-15T04:59:58Z,2026-09-15T06:59:58+0200,ecf31ba6-001d-4c9e-88a0-f83d4f8f2bd9,2026-09-12T11:15:00Z,2026-09-12T13:15:00+0200,1192.38,MW,DK1,DK_1,actual_solar_generation,Solar,2026-09-15T05:00:51Z
2026-09-15T04:59:58Z,2026-09-15T06:59:58+0200,ecf31ba6-001d-4c9e-88a0-f83d4f8f2bd9,2026-09-12T11:30:00Z,2026-09-12T13:30:00+0200,827.144,MW,DK1,DK_1,actual_solar_generation,Solar,2026-09-15T05:00:51Z
2026-09-15T04:59:58Z,2026-09-15T06:59:58+0200,ecf31ba6-001d-4c9e-88a0-f83d4f8f2bd9,2026-09-12T11:45:00Z,2026-09-12T13:45:00+0200,860.827,MW,DK1,DK_1,actual_solar_generation,Solar,2026-09-15T05:00:51Z
2026-09-15T04:59:58Z,2026-09-15T06:59:58+0200,ecf31ba6-001d-4c9e-88a0-f83d4f8f2bd9,2026-09-12T12:00:00Z,2026-09-12T14:00:00+0200,754.524,MW,DK1,DK_1,actual_solar_generation,Solar,2026-09-15T05:00:51Z
2026-09-15T04:59:58Z,2026-09-15T06:59:58+0200,ecf31ba6-001d-4c9e-88a0-f83d4f8f2bd9,2026-09-12T12:15:00Z,2026-09-12T14:15:00+0200,905.023,MW,DK1,DK_1,actual_solar_generation,Solar,2026-09-15T05:00:51Z
2026-09-15T04:59:58Z,2026-09-15T06:59:58+0200,ecf31ba6-001d-4c9e-88a0-f83d4f8f2bd9,2026-09-12T12:30:00Z,2026-09-12T14:30:00+0200,968.291,MW,DK1,DK_1,actual_solar_generation,Solar,2026-09-15T05:00:51Z
2026-09-15T04:59:58Z,2026-09-15T06:59:58+0200,ecf31ba6-001d-4c9e-88a0-f83d4f8f2bd9,2026-09-12T12:45:00Z,2026-09-12T14:45:00+0200,908.053,MW,DK1,DK_1,actual_solar_generation,Solar,2026-09-15T05:00:51Z
2026-09-15T04:59:58Z,2026-09-15T06:59:58+0200,ecf31ba6-001d-4c9e-88a0-f83d4f8f2bd9,2026-09-12T13:00:00Z,2026-09-12T15:00:00+0200,576.724,MW,DK1,DK_1,actual_solar_generation,Solar,2026-09-15T05:00:51Z
2026-09-15T04:59:58Z,2026-09-15T06:59:58+0200,ecf31ba6-001d-4c9e-88a0-f83d4f8f2bd9,2026-09-12T13:15:00Z,2026-09-12T15:15:00+0200,523.876,MW,DK1,DK_1,actual_solar_generation,Solar,2026-09-15T05:00:51Z
2026-09-15T04:59:58Z,2026-09-15T06:59:58+0200,ecf31ba6-001d-4c9e-88a0-f83d4f8f2bd9,2026-09-12T13:30:00Z,2026-09-12T15:30:00+0200,496.011,MW,DK1,DK_1,actual_solar_generation,Solar,2026-09-15T05:00:51Z
2026-09-15T04:59:58Z,2026-09-15T06:59:58+0200,ecf31ba6-001d-4c9e-88a0-f83d4f8f2bd9,2026-09-12T13:45:00Z,2026-09-12T15:45:00+0200,490.226,MW,DK1,DK_1,actual_solar_generation,Solar,2026-09-15T05:00:51Z
2026-09-15T04:59:58Z,2026-09-15T06:59:58+0200,ecf31ba6-001d-4c9e-88a0-f83d4f8f2bd9,2026-09-12T14:00:00Z,2026-09-12T16:00:00+0200,410.701,MW,DK1,DK_1,actual_solar_generation,Solar,2026-09-15T05:00:51Z
2026-09-15T04:59:58Z,2026-09-15T06:59:58+0200,ecf31ba6-001d-4c9e-88a0-f83d4f8f2bd9,2026-09-12T14:15:00Z,2026-09-12T16:15:00+0200,395.807,MW,DK1,DK_1,actual_solar_generation,Solar,2026-09-15T05:00:51Z
2026-09-15T04:59:58Z,2026-09-15T06:59:58+0200,ecf31ba6-001d-4c9e-88a0-f83d4f8f2bd9,2026-09-12T14:30:00Z,2026-09-12T16:30:00+0200,337.756,MW,DK1,DK_1,actual_solar_generation,Solar,2026-09-15T05:00:51Z
2026-09-15T04:59:58Z,2026-09-15T06:59:58+0200,ecf31ba6-001d-4c9e-88a0-f83d4f8f2bd9,2026-09-12T14:45:00Z,2026-09-12T16:45:00+0200,309.613,MW,DK1,DK_1,actual_solar_generation,Solar,2026-09-15T05:00:51Z
2026-09-15T04:59:58Z,2026-09-15T06:59:58+0200,ecf31ba6-001d-4c9e-88a0-f83d4f8f2bd9,2026-09-12T15:00:00Z,2026-09-12T17:00:00+0200,245.347,MW,DK1,DK_1,actual_solar_generation,Solar,2026-09-15T05:00:51Z
2026-09-15T04:59:58Z,2026-09-15T06:59:58+0200,ecf31ba6-001d-4c9e-88a0-f83d4f8f2bd9,2026-09-12T15:15:00Z,2026-09-12T17:15:00+0200,198.94,MW,DK1,DK_1,actual_solar_generation,Solar,2026-09-15T05:00:51Z
2026-09-15T04:59:58Z,2026-09-15T06:59:58+0200,ecf31ba6-001d-4c9e-88a0-f83d4f8f2bd9,2026-09-12T15:30:00Z,2026-09-12T17:30:00+0200,183.378,MW,DK1,DK_1,actual_solar_generation,Solar,2026-09-15T05:00:51Z
2026-09-15T04:59:58Z,2026-09-15T06:59:58+0200,ecf31ba6-001d-4c9e-88a0-f83d4f8f2bd9,2026-09-12T15:45:00Z,2026-09-12T17:45:00+0200,163.505,MW,DK1,DK_1,actual_solar_generation,Solar,2026-09-15T05:00:51Z
2026-09-15T04:59:58Z,2026-09-15T06:59:58+0200,ecf31ba6-001d-4c9e-88a0-f83d4f8f2bd9,2026-09-12T16:00:00Z,2026-09-12T18:00:00+0200,133.037,MW,DK1,DK_1,actual_solar_generation,Solar,2026-09-15T05:00:51Z
2026-09-15T04:59:58Z,2026-09-15T06:59:58+0200,ecf31ba6-001d-4c9e-88a0-f83d4f8f2bd9,2026-09-12T16:15:00Z,2026-09-12T18:15:00+0200,105.075,MW,DK1,DK_1,actual_solar_generation,Solar,2026-09-15T05:00:51Z
2026-09-15T04:59:58Z,2026-09-15T06:59:58+0200,ecf31ba6-001d-4c9e-88a0-f83d4f8f2bd9,2026-09-12T16:30:00Z,2026-09-12T18:30:00+0200,80.3979,MW,DK1,DK_1,actual_solar_generation,Solar,2026-09-15T05:00:51Z
2026-09-15T04:59:58Z,2026-09-15T06:59:58+0200,ecf31ba6-001d-4c9e-88a0-f83d4f8f2bd9,2026-09-12T16:45:00Z,2026-09-12T18:45:00+0200,61.6814,MW,DK1,DK_1,actual_solar_generation,Solar,2026-09-15T05:00:51Z
2026-09-15T04:59:58Z,2026-09-15T06:59:58+0200,ecf31ba6-001d-4c9e-88a0-f83d4f8f2bd9,2026-09-12T17:00:00Z,2026-09-12T19:00:00+0200,90.9219,MW,DK1,DK_1,actual_solar_generation,Solar,2026-09-15T05:00:51Z
2026-09-15T04:59:58Z,2026-09-15T06:59:58+0200,ecf31ba6-001d-4c9e-88a0-f83d4f8f2bd9,2026-09-12T17:15:00Z,2026-09-12T19:15:00+0200,99.5825,MW,DK1,DK_1,actual_solar_generation,Solar,2026-09-15T05:00:51Z
2026-09-15T04:59:58Z,2026-09-15T06:59:58+0200,ecf31ba6-001d-4c9e-88a0-f83d4f8f2bd9,2026-09-12T17:30:00Z,2026-09-12T19:30:00+0200,89.4834,MW,DK1,DK_1,actual_solar_generation,Solar,2026-09-15T05:00:51Z
2026-09-15T04:59:58Z,2026-09-15T06:59:58+0200,ecf31ba6-001d-4c9e-88a0-f83d4f8f2bd9,2026-09-12T17:45:00Z,2026-09-12T19:45:00+0200,84.104,MW,DK1,DK_1,actual_solar_generation,Solar,2026-09-15T05:00:51Z
2026-09-15T04:59:58Z,2026-09-15T06:59:58+0200,ecf31ba6-001d-4c9e-88a0-f83d4f8f2bd9,2026-09-12T18:00:00Z,2026-09-12T20:00:00+0200,83.8336,MW,DK1,DK_1,actual_solar_generation,Solar,2026-09-15T05:00:51Z
2026-09-15T04:59:58Z,2026-09-15T06:59:58+0200,ecf31ba6-001d-4c9e-88a0-f83d4f8f2bd9,2026-09-12T18:15:00Z,2026-09-12T20:15:00+0200,82.9325,MW,DK1,DK_1,actual_solar_generation,Solar,2026-09-15T05:00:51Z
2026-09-15T04:59:58Z,2026-09-15T06:59:58+0200,ecf31ba6-001d-4c9e-88a0-f83d4f8f2bd9,2026-09-12T18:30:00Z,2026-09-12T20:30:00+0200,79.94,MW,DK1,DK_1,actual_solar_generation,Solar,2026-09-15T05:00:51Z
2026-09-15T04:59:58Z,2026-09-15T06:59:58+0200,ecf31ba6-001d-4c9e-88a0-f83d4f8f2bd9,2026-09-12T18:45:00Z,2026-09-12T20:45:00+0200,77.7065,MW,DK1,DK_1,actual_solar_generation,Solar,2026-09-15T05:00:51Z
2026-09-15T04:59:58Z,2026-09-15T06:59:58+0200,ecf31ba6-001d-4c9e-88a0-f83d4f8f2bd9,2026-09-12T19:00:00Z,2026-09-12T21:00:00+0200,25.3901,MW,DK1,DK_1,actual_solar_generation,Solar,2026-09-15T05:00:51Z
2026-09-15T04:59:58Z,2026-09-15T06:59:58+0200,ecf31ba6-001d-4c9e-88a0-f83d4f8f2bd9,2026-09-12T19:15:00Z,2026-09-12T21:15:00+0200,8.64121,MW,DK1,DK_1,actual_solar_generation,Solar,2026-09-15T05:00:51Z
2026-09-15T04:59:58Z,2026-09-15T06:59:58+0200,ecf31ba6-001d-4c9e-88a0-f83d4f8f2bd9,2026-09-12T19:30:00Z,2026-09-12T21:30:00+0200,8.55321,MW,DK1,DK_1,actual_solar_generation,Solar,2026-09-15T05:00:51Z
2026-09-15T04:59:58Z,2026-09-15T06:59:58+0200,ecf31ba6-001d-4c9e-88a0-f83d4f8f2bd9,2026-09-12T19:45:00Z,2026-09-12T21:45:00+0200,8.58123,MW,DK1,DK_1,actual_solar_generation,Solar,2026-09-15T05:00:51Z
2026-09-15T04:59:58Z,2026-09-15T06:59:58+0200,ecf31ba6-001d-4c9e-88a0-f83d4f8f2bd9,2026-09-12T20:00:00Z,2026-09-12T22:00:00+0200,3.78708,MW,DK1,DK_1,actual_solar_generation,Solar,2026-09-15T05:00:51Z
2026-09-15T04:59:58Z,2026-09-15T06:59:58+0200,ecf31ba6-001d-4c9e-88a0-f83d4f8f2bd9,2026-09-12T20:15:00Z,2026-09-12T22:15:00+0200,1.00124,MW,DK1,DK_1,actual_solar_generation,Solar,2026-09-15T05:00:51Z
2026-09-15T04:59:58Z,2026-09-15T06:59:58+0200,ecf31ba6-001d-4c9e-88a0-f83d4f8f2bd9,2026-09-12T20:30:00Z,2026-09-12T22:30:00+0200,0.803232,MW,DK1,DK_1,actual_solar_generation,Solar,2026-09-15T05:00:51Z
2026-09-15T04:59:58Z,2026-09-15T06:59:58+0200,ecf31ba6-001d-4c9e-88a0-f83d4f8f2bd9,2026-09-12T20:45:00Z,2026-09-12T22:45:00+0200,0.873834,MW,DK1,DK_1,actual_solar_generation,Solar,2026-09-15T05:00:51Z
2026-09-15T04:59:58Z,2026-09-15T06:59:58+0200,ecf31ba6-001d-4c9e-88a0-f83d4f8f2bd9,2026-09-12T21:00:00Z,2026-09-12T23:00:00+0200,3.06176,MW,DK1,DK_1,actual_solar_generation,Solar,2026-09-15T05:00:51Z
2026-09-15T04:59:58Z,2026-09-15T06:59:58+0200,ecf31ba6-001d-4c9e-88a0-f83d4f8f2bd9,2026-09-12T21:15:00Z,2026-09-12T23:15:00+0200,2.34329,MW,DK1,DK_1,actual_solar_generation,Solar,2026-09-15T05:00:51Z
2026-09-15T04:59:58Z,2026-09-15T06:59:58+0200,ecf31ba6-001d-4c9e-88a0-f83d4f8f2bd9,2026-09-12T21:30:00Z,2026-09-12T23:30:00+0200,1.41017,MW,DK1,DK_1,actual_solar_generation,Solar,2026-09-15T05:00:51Z
2026-09-15T04:59:58Z,2026-09-15T06:59:58+0200,ecf31ba6-001d-4c9e-88a0-f83d4f8f2bd9,2026-09-12T21:45:00Z,2026-09-12T23:45:00+0200,0.679837,MW,DK1,DK_1,actual_solar_generation,Solar,2026-09-15T05:00:51Z
2026-09-15T04:59:58Z,2026-09-15T06:59:58+0200,ecf31ba6-001d-4c9e-88a0-f83d4f8f2bd9,2026-09-12T22:00:00Z,2026-09-13T00:00:00+0200,0.624749,MW,DK1,DK_1,actual_solar_generation,Solar,2026-09-15T05:00:51Z
2026-09-15T04:59:58Z,2026-09-15T06:59:58+0200,ecf31ba6-001d-4c9e-88a0-f83d4f8f2bd9,2026-09-12T22:15:00Z,2026-09-13T00:15:00+0200,0.635858,MW,DK1,DK_1,actual_solar_generation,Solar,2026-09-15T05:00:51Z
2026-09-15T04:59:58Z,2026-09-15T06:59:58+0200,ecf31ba6-001d-4c9e-88a0-f83d4f8f2bd9,2026-09-12T22:30:00Z,2026-09-13T00:30:00+0200,0.643662,MW,DK1,DK_1,actual_solar_generation,Solar,2026-09-15T05:00:51Z
2026-09-15T04:59:58Z,2026-09-15T06:59:58+0200,ecf31ba6-001d-4c9e-88a0-f83d4f8f2bd9,2026-09-12T22:45:00Z,2026-09-13T00:45:00+0200,0.633278,MW,DK1,DK_1,actual_solar_generation,Solar,2026-09-15T05:00:51Z
2026-09-15T04:59:58Z,2026-09-15T06:59:58+0200,ecf31ba6-001d-4c9e-88a0-f83d4f8f2bd9,2026-09-12T23:00:00Z,2026-09-13T01:00:00+0200,0.603753,MW,DK1,DK_1,actual_solar_generation,Solar,2026-09-15T05:00:51Z
2026-09-15T04:59:58Z,2026-09-15T06:59:58+0200,ecf31ba6-001d-4c9e-88a0-f83d4f8f2bd9,2026-09-12T23:15:00Z,2026-09-13T01:15:00+0200,0.617226,MW,DK1,DK_1,actual_solar_generation,Solar,2026-09-15T05:00:51Z
2026-09-15T04:59:58Z,2026-09-15T06:59:58+0200,ecf31ba6-001d-4c9e-88a0-f83d4f8f2bd9,2026-09-12T23:30:00Z,2026-09-13T01:30:00+0200,0.591504,MW,DK1,DK_1,actual_solar_generation,Solar,2026-09-15T05:00:51Z
2026-09-15T04:59:58Z,2026-09-15T06:59:58+0200,ecf31ba6-001d-4c9e-88a0-f83d4f8f2bd9,2026-09-12T23:45:00Z,2026-09-13T01:45:00+0200,0.540282,MW,DK1,DK_1,actual_solar_generation,Solar,2026-09-15T05:00:51Z
2026-09-15T04:59:58Z,2026-09-15T06:59:58+0200,ecf31ba6-001d-4c9e-88a0-f83d4f8f2bd9,2026-09-13T00:00:00Z,2026-09-13T02:00:00+0200,0.572454,MW,DK1,DK_1,actual_solar_generation,Solar,2026-09-15T05:00:51Z
2026-09-15T04:59:58Z,2026-09-15T06:59:58+0200,ecf31ba6-001d-4c9e-88a0-f83d4f8f2bd9,2026-09-13T00:15:00Z,2026-09-13T02:15:00+0200,0.517535,MW,DK1,DK_1,actual_solar_generation,Solar,2026-09-15T05:00:51Z
2026-09-15T04:59:58Z,2026-09-15T06:59:58+0200,ecf31ba6-001d-4c9e-88a0-f83d4f8f2bd9,2026-09-13T00:30:00Z,2026-09-13T02:30:00+0200,0.517912,MW,DK1,DK_1,actual_solar_generation,Solar,2026-09-15T05:00:51Z
2026-09-15T04:59:58Z,2026-09-15T06:59:58+0200,ecf31ba6-001d-4c9e-88a0-f83d4f8f2bd9,2026-09-13T00:45:00Z,2026-09-13T02:45:00+0200,0.525036,MW,DK1,DK_1,actual_solar_generation,Solar,2026-09-15T05:00:51Z
2026-09-15T04:59:58Z,2026-09-15T06:59:58+0200,ecf31ba6-001d-4c9e-88a0-f83d4f8f2bd9,2026-09-13T01:00:00Z,2026-09-13T03:00:00+0200,0.558347,MW,DK1,DK_1,actual_solar_generation,Solar,2026-09-15T05:00:51Z
2026-09-15T04:59:58Z,2026-09-15T06:59:58+0200,ecf31ba6-001d-4c9e-88a0-f83d4f8f2bd9,2026-09-13T01:15:00Z,2026-09-13T03:15:00+0200,0.530636,MW,DK1,DK_1,actual_solar_generation,Solar,2026-09-15T05:00:51Z
2026-09-15T04:59:58Z,2026-09-15T06:59:58+0200,ecf31ba6-001d-4c9e-88a0-f83d4f8f2bd9,2026-09-13T01:30:00Z,2026-09-13T03:30:00+0200,0.529626,MW,DK1,DK_1,actual_solar_generation,Solar,2026-09-15T05:00:51Z
2026-09-15T04:59:58Z,2026-09-15T06:59:58+0200,ecf31ba6-001d-4c9e-88a0-f83d4f8f2bd9,2026-09-13T01:45:00Z,2026-09-13T03:45:00+0200,0.524815,MW,DK1,DK_1,actual_solar_generation,Solar,2026-09-15T05:00:51Z
2026-09-15T04:59:58Z,2026-09-15T06:59:58+0200,ecf31ba6-001d-4c9e-88a0-f83d4f8f2bd9,2026-09-13T02:00:00Z,2026-09-13T04:00:00+0200,0.497572,MW,DK1,DK_1,actual_solar_generation,Solar,2026-09-15T05:00:51Z
2026-09-15T04:59:58Z,2026-09-15T06:59:58+0200,ecf31ba6-001d-4c9e-88a0-f83d4f8f2bd9,2026-09-13T02:15:00Z,2026-09-13T04:15:00+0200,0.498918,MW,DK1,DK_1,actual_solar_generation,Solar,2026-09-15T05:00:51Z
2026-09-15T04:59:58Z,2026-09-15T06:59:58+0200,ecf31ba6-001d-4c9e-88a0-f83d4f8f2bd9,2026-09-13T02:30:00Z,2026-09-13T04:30:00+0200,0.470859,MW,DK1,DK_1,actual_solar_generation,Solar,2026-09-15T05:00:51Z
2026-09-15T04:59:58Z,2026-09-15T06:59:58+0200,ecf31ba6-001d-4c9e-88a0-f83d4f8f2bd9,2026-09-13T02:45:00Z,2026-09-13T04:45:00+0200,0.541214,MW,DK1,DK_1,actual_solar_generation,Solar,2026-09-15T05:00:51Z
2026-09-15T04:59:58Z,2026-09-15T06:59:58+0200,ecf31ba6-001d-4c9e-88a0-f83d4f8f2bd9,2026-09-13T03:00:00Z,2026-09-13T05:00:00+0200,0.562332,MW,DK1,DK_1,actual_solar_generation,Solar,2026-09-15T05:00:51Z
2026-09-15T04:59:58Z,2026-09-15T06:59:58+0200,ecf31ba6-001d-4c9e-88a0-f83d4f8f2bd9,2026-09-13T03:15:00Z,2026-09-13T05:15:00+0200,0.544523,MW,DK1,DK_1,actual_solar_generation,Solar,2026-09-15T05:00:51Z
2026-09-15T04:59:58Z,2026-09-15T06:59:58+0200,ecf31ba6-001d-4c9e-88a0-f83d4f8f2bd9,2026-09-13T03:30:00Z,2026-09-13T05:30:00+0200,0.515064,MW,DK1,DK_1,actual_solar_generation,Solar,2026-09-15T05:00:51Z
2026-09-15T04:59:58Z,2026-09-15T06:59:58+0200,ecf31ba6-001d-4c9e-88a0-f83d4f8f2bd9,2026-09-13T03:45:00Z,2026-09-13T05:45:00+0200,0.510555,MW,DK1,DK_1,actual_solar_generation,Solar,2026-09-15T05:00:51Z
2026-09-15T04:59:58Z,2026-09-15T06:59:58+0200,ecf31ba6-001d-4c9e-88a0-f83d4f8f2bd9,2026-09-13T04:00:00Z,2026-09-13T06:00:00+0200,0.509413,MW,DK1,DK_1,actual_solar_generation,Solar,2026-09-15T05:00:51Z
2026-09-15T04:59:58Z,2026-09-15T06:59:58+0200,ecf31ba6-001d-4c9e-88a0-f83d4f8f2bd9,2026-09-13T04:15:00Z,2026-09-13T06:15:00+0200,1.64206,MW,DK1,DK_1,actual_solar_generation,Solar,2026-09-15T05:00:51Z
2026-09-15T04:59:58Z,2026-09-15T06:59:58+0200,ecf31ba6-001d-4c9e-88a0-f83d4f8f2bd9,2026-09-13T04:30:00Z,2026-09-13T06:30:00+0200,4.91036,MW,DK1,DK_1,actual_solar_generation,Solar,2026-09-15T05:00:51Z
2026-09-15T04:59:58Z,2026-09-15T06:59:58+0200,ecf31ba6-001d-4c9e-88a0-f83d4f8f2bd9,2026-09-13T04:45:00Z,2026-09-13T06:45:00+0200,7.91518,MW,DK1,DK_1,actual_solar_generation,Solar,2026-09-15T05:00:51Z
2026-09-15T04:59:58Z,2026-09-15T06:59:58+0200,ecf31ba6-001d-4c9e-88a0-f83d4f8f2bd9,2026-09-13T05:00:00Z,2026-09-13T07:00:00+0200,13.6475,MW,DK1,DK_1,actual_solar_generation,Solar,2026-09-15T05:00:51Z
2026-09-15T04:59:58Z,2026-09-15T06:59:58+0200,ecf31ba6-001d-4c9e-88a0-f83d4f8f2bd9,2026-09-13T05:15:00Z,2026-09-13T07:15:00+0200,30.5863,MW,DK1,DK_1,actual_solar_generation,Solar,2026-09-15T05:00:51Z
2026-09-15T04:59:58Z,2026-09-15T06:59:58+0200,ecf31ba6-001d-4c9e-88a0-f83d4f8f2bd9,2026-09-13T05:30:00Z,2026-09-13T07:30:00+0200,61.8899,MW,DK1,DK_1,actual_solar_generation,Solar,2026-09-15T05:00:51Z
2026-09-15T04:59:58Z,2026-09-15T06:59:58+0200,ecf31ba6-001d-4c9e-88a0-f83d4f8f2bd9,2026-09-13T05:45:00Z,2026-09-13T07:45:00+0200,118.626,MW,DK1,DK_1,actual_solar_generation,Solar,2026-09-15T05:00:51Z
2026-09-15T04:59:58Z,2026-09-15T06:59:58+0200,ecf31ba6-001d-4c9e-88a0-f83d4f8f2bd9,2026-09-13T06:00:00Z,2026-09-13T08:00:00+0200,184.145,MW,DK1,DK_1,actual_solar_generation,Solar,2026-09-15T05:00:51Z
2026-09-15T04:59:58Z,2026-09-15T06:59:58+0200,ecf31ba6-001d-4c9e-88a0-f83d4f8f2bd9,2026-09-13T06:15:00Z,2026-09-13T08:15:00+0200,328.094,MW,DK1,DK_1,actual_solar_generation,Solar,2026-09-15T05:00:51Z
2026-09-15T04:59:58Z,2026-09-15T06:59:58+0200,ecf31ba6-001d-4c9e-88a0-f83d4f8f2bd9,2026-09-13T06:30:00Z,2026-09-13T08:30:00+0200,387.641,MW,DK1,DK_1,actual_solar_generation,Solar,2026-09-15T05:00:51Z
2026-09-15T04:59:58Z,2026-09-15T06:59:58+0200,ecf31ba6-001d-4c9e-88a0-f83d4f8f2bd9,2026-09-13T06:45:00Z,2026-09-13T08:45:00+0200,429.988,MW,DK1,DK_1,actual_solar_generation,Solar,2026-09-15T05:00:51Z
2026-09-15T04:59:58Z,2026-09-15T06:59:58+0200,ecf31ba6-001d-4c9e-88a0-f83d4f8f2bd9,2026-09-13T07:00:00Z,2026-09-13T09:00:00+0200,590.332,MW,DK1,DK_1,actual_solar_generation,Solar,2026-09-15T05:00:51Z
2026-09-15T04:59:58Z,2026-09-15T06:59:58+0200,ecf31ba6-001d-4c9e-88a0-f83d4f8f2bd9,2026-09-13T07:15:00Z,2026-09-13T09:15:00+0200,684.032,MW,DK1,DK_1,actual_solar_generation,Solar,2026-09-15T05:00:51Z
2026-09-15T04:59:58Z,2026-09-15T06:59:58+0200,ecf31ba6-001d-4c9e-88a0-f83d4f8f2bd9,2026-09-13T07:30:00Z,2026-09-13T09:30:00+0200,830.53,MW,DK1,DK_1,actual_solar_generation,Solar,2026-09-15T05:00:51Z
2026-09-15T04:59:58Z,2026-09-15T06:59:58+0200,ecf31ba6-001d-4c9e-88a0-f83d4f8f2bd9,2026-09-13T07:45:00Z,2026-09-13T09:45:00+0200,906.5,MW,DK1,DK_1,actual_solar_generation,Solar,2026-09-15T05:00:51Z
2026-09-15T04:59:58Z,2026-09-15T06:59:58+0200,ecf31ba6-001d-4c9e-88a0-f83d4f8f2bd9,2026-09-13T08:00:00Z,2026-09-13T10:00:00+0200,1083.6,MW,DK1,DK_1,actual_solar_generation,Solar,2026-09-15T05:00:51Z
2026-09-15T04:59:58Z,2026-09-15T06:59:58+0200,ecf31ba6-001d-4c9e-88a0-f83d4f8f2bd9,2026-09-13T08:15:00Z,2026-09-13T10:15:00+0200,1167.49,MW,DK1,DK_1,actual_solar_generation,Solar,2026-09-15T05:00:51Z
2026-09-15T04:59:58Z,2026-09-15T06:59:58+0200,ecf31ba6-001d-4c9e-88a0-f83d4f8f2bd9,2026-09-13T08:30:00Z,2026-09-13T10:30:00+0200,1223.94,MW,DK1,DK_1,actual_solar_generation,Solar,2026-09-15T05:00:51Z
2026-09-15T04:59:58Z,2026-09-15T06:59:58+0200,ecf31ba6-001d-4c9e-88a0-f83d4f8f2bd9,2026-09-13T08:45:00Z,2026-09-13T10:45:00+0200,1260.54,MW,DK1,DK_1,actual_solar_generation,Solar,2026-09-15T05:00:51Z
2026-09-15T04:59:58Z,2026-09-15T06:59:58+0200,ecf31ba6-001d-4c9e-88a0-f83d4f8f2bd9,2026-09-13T09:00:00Z,2026-09-13T11:00:00+0200,1340.0,MW,DK1,DK_1,actual_solar_generation,Solar,2026-09-15T05:00:51Z
2026-09-15T04:59:58Z,2026-09-15T06:59:58+0200,ecf31ba6-001d-4c9e-88a0-f83d4f8f2bd9,2026-09-13T09:15:00Z,2026-09-13T11:15:00+0200,1554.65,MW,DK1,DK_1,actual_solar_generation,Solar,2026-09-15T05:00:51Z
2026-09-15T04:59:58Z,2026-09-15T06:59:58+0200,ecf31ba6-001d-4c9e-88a0-f83d4f8f2bd9,2026-09-13T09:30:00Z,2026-09-13T11:30:00+0200,1636.18,MW,DK1,DK_1,actual_solar_generation,Solar,2026-09-15T05:00:51Z
2026-09-15T04:59:58Z,2026-09-15T06:59:58+0200,ecf31ba6-001d-4c9e-88a0-f83d4f8f2bd9,2026-09-13T09:45:00Z,2026-09-13T11:45:00+0200,1808.28,MW,DK1,DK_1,actual_solar_generation,Solar,2026-09-15T05:00:51Z
2026-09-15T04:59:58Z,2026-09-15T06:59:58+0200,ecf31ba6-001d-4c9e-88a0-f83d4f8f2bd9,2026-09-13T10:00:00Z,2026-09-13T12:00:00+0200,1917.57,MW,DK1,DK_1,actual_solar_generation,Solar,2026-09-15T05:00:51Z
2026-09-15T04:59:58Z,2026-09-15T06:59:58+0200,ecf31ba6-001d-4c9e-88a0-f83d4f8f2bd9,2026-09-13T10:15:00Z,2026-09-13T12:15:00+0200,1877.36,MW,DK1,DK_1,actual_solar_generation,Solar,2026-09-15T05:00:51Z
2026-09-15T04:59:58Z,2026-09-15T06:59:58+0200,ecf31ba6-001d-4c9e-88a0-f83d4f8f2bd9,2026-09-13T10:30:00Z,2026-09-13T12:30:00+0200,2009.99,MW,DK1,DK_1,actual_solar_generation,Solar,2026-09-15T05:00:51Z
2026-09-15T04:59:58Z,2026-09-15T06:59:58+0200,ecf31ba6-001d-4c9e-88a0-f83d4f8f2bd9,2026-09-13T10:45:00Z,2026-09-13T12:45:00+0200,1934.93,MW,DK1,DK_1,actual_solar_generation,Solar,2026-09-15T05:00:51Z
2026-09-15T04:59:58Z,2026-09-15T06:59:58+0200,ecf31ba6-001d-4c9e-88a0-f83d4f8f2bd9,2026-09-13T11:00:00Z,2026-09-13T13:00:00+0200,2042.28,MW,DK1,DK_1,actual_solar_generation,Solar,2026-09-15T05:00:51Z
2026-09-15T04:59:58Z,2026-09-15T06:59:58+0200,ecf31ba6-001d-4c9e-88a0-f83d4f8f2bd9,2026-09-13T11:15:00Z,2026-09-13T13:15:00+0200,1866.23,MW,DK1,DK_1,actual_solar_generation,Solar,2026-09-15T05:00:51Z
2026-09-15T04:59:58Z,2026-09-15T06:59:58+0200,ecf31ba6-001d-4c9e-88a0-f83d4f8f2bd9,2026-09-13T11:30:00Z,2026-09-13T13:30:00+0200,2128.22,MW,DK1,DK_1,actual_solar_generation,Solar,2026-09-15T05:00:51Z
2026-09-15T04:59:58Z,2026-09-15T06:59:58+0200,ecf31ba6-001d-4c9e-88a0-f83d4f8f2bd9,2026-09-13T11:45:00Z,2026-09-13T13:45:00+0200,2271.49,MW,DK1,DK_1,actual_solar_generation,Solar,2026-09-15T05:00:51Z
2026-09-15T04:59:58Z,2026-09-15T06:59:58+0200,ecf31ba6-001d-4c9e-88a0-f83d4f8f2bd9,2026-09-13T12:00:00Z,2026-09-13T14:00:00+0200,2020.25,MW,DK1,DK_1,actual_solar_generation,Solar,2026-09-15T05:00:51Z
2026-09-15T04:59:58Z,2026-09-15T06:59:58+0200,ecf31ba6-001d-4c9e-88a0-f83d4f8f2bd9,2026-09-13T12:15:00Z,2026-09-13T14:15:00+0200,1947.88,MW,DK1,DK_1,actual_solar_generation,Solar,2026-09-15T05:00:51Z
2026-09-15T04:59:58Z,2026-09-15T06:59:58+0200,ecf31ba6-001d-4c9e-88a0-f83d4f8f2bd9,2026-09-13T12:30:00Z,2026-09-13T14:30:00+0200,2215.43,MW,DK1,DK_1,actual_solar_generation,Solar,2026-09-15T05:00:51Z
2026-09-15T04:59:58Z,2026-09-15T06:59:58+0200,ecf31ba6-001d-4c9e-88a0-f83d4f8f2bd9,2026-09-13T12:45:00Z,2026-09-13T14:45:00+0200,1999.46,MW,DK1,DK_1,actual_solar_generation,Solar,2026-09-15T05:00:51Z
2026-09-15T04:59:58Z,2026-09-15T06:59:58+0200,ecf31ba6-001d-4c9e-88a0-f83d4f8f2bd9,2026-09-13T13:00:00Z,2026-09-13T15:00:00+0200,2082.15,MW,DK1,DK_1,actual_solar_generation,Solar,2026-09-15T05:00:51Z
2026-09-15T04:59:58Z,2026-09-15T06:59:58+0200,ecf31ba6-001d-4c9e-88a0-f83d4f8f2bd9,2026-09-13T13:15:00Z,2026-09-13T15:15:00+0200,2073.24,MW,DK1,DK_1,actual_solar_generation,Solar,2026-09-15T05:00:51Z
2026-09-15T04:59:58Z,2026-09-15T06:59:58+0200,ecf31ba6-001d-4c9e-88a0-f83d4f8f2bd9,2026-09-13T13:30:00Z,2026-09-13T15:30:00+0200,1999.01,MW,DK1,DK_1,actual_solar_generation,Solar,2026-09-15T05:00:51Z
2026-09-15T04:59:58Z,2026-09-15T06:59:58+0200,ecf31ba6-001d-4c9e-88a0-f83d4f8f2bd9,2026-09-13T13:45:00Z,2026-09-13T15:45:00+0200,1873.18,MW,DK1,DK_1,actual_solar_generation,Solar,2026-09-15T05:00:51Z
2026-09-15T04:59:58Z,2026-09-15T06:59:58+0200,ecf31ba6-001d-4c9e-88a0-f83d4f8f2bd9,2026-09-13T14:00:00Z,2026-09-13T16:00:00+0200,1655.12,MW,DK1,DK_1,actual_solar_generation,Solar,2026-09-15T05:00:51Z
2026-09-15T04:59:58Z,2026-09-15T06:59:58+0200,ecf31ba6-001d-4c9e-88a0-f83d4f8f2bd9,2026-09-13T14:15:00Z,2026-09-13T16:15:00+0200,1638.93,MW,DK1,DK_1,actual_solar_generation,Solar,2026-09-15T05:00:51Z
2026-09-15T04:59:58Z,2026-09-15T06:59:58+0200,ecf31ba6-001d-4c9e-88a0-f83d4f8f2bd9,2026-09-13T14:30:00Z,2026-09-13T16:30:00+0200,1536.76,MW,DK1,DK_1,actual_solar_generation,Solar,2026-09-15T05:00:51Z
2026-09-15T04:59:58Z,2026-09-15T06:59:58+0200,ecf31ba6-001d-4c9e-88a0-f83d4f8f2bd9,2026-09-13T14:45:00Z,2026-09-13T16:45:00+0200,1229.92,MW,DK1,DK_1,actual_solar_generation,Solar,2026-09-15T05:00:51Z
2026-09-15T04:59:58Z,2026-09-15T06:59:58+0200,ecf31ba6-001d-4c9e-88a0-f83d4f8f2bd9,2026-09-13T15:00:00Z,2026-09-13T17:00:00+0200,981.797,MW,DK1,DK_1,actual_solar_generation,Solar,2026-09-15T05:00:51Z
2026-09-15T04:59:58Z,2026-09-15T06:59:58+0200,ecf31ba6-001d-4c9e-88a0-f83d4f8f2bd9,2026-09-13T15:15:00Z,2026-09-13T17:15:00+0200,740.83,MW,DK1,DK_1,actual_solar_generation,Solar,2026-09-15T05:00:51Z
2026-09-15T04:59:58Z,2026-09-15T06:59:58+0200,ecf31ba6-001d-4c9e-88a0-f83d4f8f2bd9,2026-09-13T15:30:00Z,2026-09-13T17:30:00+0200,626.07,MW,DK1,DK_1,actual_solar_generation,Solar,2026-09-15T05:00:51Z
2026-09-15T04:59:58Z,2026-09-15T06:59:58+0200,ecf31ba6-001d-4c9e-88a0-f83d4f8f2bd9,2026-09-13T15:45:00Z,2026-09-13T17:45:00+0200,497.581,MW,DK1,DK_1,actual_solar_generation,Solar,2026-09-15T05:00:51Z
2026-09-15T04:59:58Z,2026-09-15T06:59:58+0200,ecf31ba6-001d-4c9e-88a0-f83d4f8f2bd9,2026-09-13T16:00:00Z,2026-09-13T18:00:00+0200,413.305,MW,DK1,DK_1,actual_solar_generation,Solar,2026-09-15T05:00:51Z
2026-09-15T04:59:58Z,2026-09-15T06:59:58+0200,ecf31ba6-001d-4c9e-88a0-f83d4f8f2bd9,2026-09-13T16:15:00Z,2026-09-13T18:15:00+0200,335.354,MW,DK1,DK_1,actual_solar_generation,Solar,2026-09-15T05:00:51Z
2026-09-15T04:59:58Z,2026-09-15T06:59:58+0200,ecf31ba6-001d-4c9e-88a0-f83d4f8f2bd9,2026-09-13T16:30:00Z,2026-09-13T18:30:00+0200,241.171,MW,DK1,DK_1,actual_solar_generation,Solar,2026-09-15T05:00:51Z
2026-09-15T04:59:58Z,2026-09-15T06:59:58+0200,ecf31ba6-001d-4c9e-88a0-f83d4f8f2bd9,2026-09-13T16:45:00Z,2026-09-13T18:45:00+0200,204.661,MW,DK1,DK_1,actual_solar_generation,Solar,2026-09-15T05:00:51Z
2026-09-15T04:59:58Z,2026-09-15T06:59:58+0200,ecf31ba6-001d-4c9e-88a0-f83d4f8f2bd9,2026-09-13T17:00:00Z,2026-09-13T19:00:00+0200,152.91,MW,DK1,DK_1,actual_solar_generation,Solar,2026-09-15T05:00:51Z
2026-09-15T04:59:58Z,2026-09-15T06:59:58+0200,ecf31ba6-001d-4c9e-88a0-f83d4f8f2bd9,2026-09-13T17:15:00Z,2026-09-13T19:15:00+0200,100.039,MW,DK1,DK_1,actual_solar_generation,Solar,2026-09-15T05:00:51Z
2026-09-15T04:59:58Z,2026-09-15T06:59:58+0200,ecf31ba6-001d-4c9e-88a0-f83d4f8f2bd9,2026-09-13T17:30:00Z,2026-09-13T19:30:00+0200,53.1045,MW,DK1,DK_1,actual_solar_generation,Solar,2026-09-15T05:00:51Z
2026-09-15T04:59:58Z,2026-09-15T06:59:58+0200,ecf31ba6-001d-4c9e-88a0-f83d4f8f2bd9,2026-09-13T17:45:00Z,2026-09-13T19:45:00+0200,26.2659,MW,DK1,DK_1,actual_solar_generation,Solar,2026-09-15T05:00:51Z
2026-09-15T04:59:58Z,2026-09-15T06:59:58+0200,ecf31ba6-001d-4c9e-88a0-f83d4f8f2bd9,2026-09-13T18:00:00Z,2026-09-13T20:00:00+0200,71.9745,MW,DK1,DK_1,actual_solar_generation,Solar,2026-09-15T05:00:51Z
2026-09-15T04:59:58Z,2026-09-15T06:59:58+0200,ecf31ba6-001d-4c9e-88a0-f83d4f8f2bd9,2026-09-13T18:15:00Z,2026-09-13T20:15:00+0200,81.212,MW,DK1,DK_1,actual_solar_generation,Solar,2026-09-15T05:00:51Z
2026-09-15T04:59:58Z,2026-09-15T06:59:58+0200,ecf31ba6-001d-4c9e-88a0-f83d4f8f2bd9,2026-09-13T18:30:00Z,2026-09-13T20:30:00+0200,61.9428,MW,DK1,DK_1,actual_solar_generation,Solar,2026-09-15T05:00:51Z
2026-09-15T04:59:58Z,2026-09-15T06:59:58+0200,ecf31ba6-001d-4c9e-88a0-f83d4f8f2bd9,2026-09-13T18:45:00Z,2026-09-13T20:45:00+0200,59.9131,MW,DK1,DK_1,actual_solar_generation,Solar,2026-09-15T05:00:51Z
2026-09-15T04:59:58Z,2026-09-15T06:59:58+0200,ecf31ba6-001d-4c9e-88a0-f83d4f8f2bd9,2026-09-13T19:00:00Z,2026-09-13T21:00:00+0200,20.678,MW,DK1,DK_1,actual_solar_generation,Solar,2026-09-15T05:00:51Z
2026-09-15T04:59:58Z,2026-09-15T06:59:58+0200,ecf31ba6-001d-4c9e-88a0-f83d4f8f2bd9,2026-09-13T19:15:00Z,2026-09-13T21:15:00+0200,12.5283,MW,DK1,DK_1,actual_solar_generation,Solar,2026-09-15T05:00:51Z
2026-09-15T04:59:58Z,2026-09-15T06:59:58+0200,ecf31ba6-001d-4c9e-88a0-f83d4f8f2bd9,2026-09-13T19:30:00Z,2026-09-13T21:30:00+0200,12.5331,MW,DK1,DK_1,actual_solar_generation,Solar,2026-09-15T05:00:51Z
2026-09-15T04:59:58Z,2026-09-15T06:59:58+0200,ecf31ba6-001d-4c9e-88a0-f83d4f8f2bd9,2026-09-13T19:45:00Z,2026-09-13T21:45:00+0200,12.5575,MW,DK1,DK_1,actual_solar_generation,Solar,2026-09-15T05:00:51Z
2026-09-15T04:59:58Z,2026-09-15T06:59:58+0200,ecf31ba6-001d-4c9e-88a0-f83d4f8f2bd9,2026-09-13T20:00:00Z,2026-09-13T22:00:00+0200,46.4028,MW,DK1,DK_1,actual_solar_generation,Solar,2026-09-15T05:00:51Z
2026-09-15T04:59:58Z,2026-09-15T06:59:58+0200,ecf31ba6-001d-4c9e-88a0-f83d4f8f2bd9,2026-09-13T20:15:00Z,2026-09-13T22:15:00+0200,53.6603,MW,DK1,DK_1,actual_solar_generation,Solar,2026-09-15T05:00:51Z
2026-09-15T04:59:58Z,2026-09-15T06:59:58+0200,ecf31ba6-001d-4c9e-88a0-f83d4f8f2bd9,2026-09-13T20:30:00Z,2026-09-13T22:30:00+0200,53.6033,MW,DK1,DK_1,actual_solar_generation,Solar,2026-09-15T05:00:51Z
2026-09-15T04:59:58Z,2026-09-15T06:59:58+0200,ecf31ba6-001d-4c9e-88a0-f83d4f8f2bd9,2026-09-13T20:45:00Z,2026-09-13T22:45:00+0200,53.6468,MW,DK1,DK_1,actual_solar_generation,Solar,2026-09-15T05:00:51Z
2026-09-15T04:59:58Z,2026-09-15T06:59:58+0200,ecf31ba6-001d-4c9e-88a0-f83d4f8f2bd9,2026-09-13T21:00:00Z,2026-09-13T23:00:00+0200,11.501,MW,DK1,DK_1,actual_solar_generation,Solar,2026-09-15T05:00:51Z
2026-09-15T04:59:58Z,2026-09-15T06:59:58+0200,ecf31ba6-001d-4c9e-88a0-f83d4f8f2bd9,2026-09-13T21:15:00Z,2026-09-13T23:15:00+0200,3.37919,MW,DK1,DK_1,actual_solar_generation,Solar,2026-09-15T05:00:51Z
2026-09-15T04:59:58Z,2026-09-15T06:59:58+0200,ecf31ba6-001d-4c9e-88a0-f83d4f8f2bd9,2026-09-13T21:30:00Z,2026-09-13T23:30:00+0200,3.35304,MW,DK1,DK_1,actual_solar_generation,Solar,2026-09-15T05:00:51Z
2026-09-15T04:59:58Z,2026-09-15T06:59:58+0200,ecf31ba6-001d-4c9e-88a0-f83d4f8f2bd9,2026-09-13T21:45:00Z,2026-09-13T23:45:00+0200,0.603894,MW,DK1,DK_1,actual_solar_generation,Solar,2026-09-15T05:00:51Z
2026-09-15T04:59:58Z,2026-09-15T06:59:58+0200,ecf31ba6-001d-4c9e-88a0-f83d4f8f2bd9,2026-09-13T22:00:00Z,2026-09-14T00:00:00+0200,0.544912,MW,DK1,DK_1,actual_solar_generation,Solar,2026-09-15T05:00:51Z
2026-09-15T04:59:58Z,2026-09-15T06:59:58+0200,ecf31ba6-001d-4c9e-88a0-f83d4f8f2bd9,2026-09-13T22:15:00Z,2026-09-14T00:15:00+0200,0.574798,MW,DK1,DK_1,actual_solar_generation,Solar,2026-09-15T05:00:51Z
2026-09-15T04:59:58Z,2026-09-15T06:59:58+0200,ecf31ba6-001d-4c9e-88a0-f83d4f8f2bd9,2026-09-13T22:30:00Z,2026-09-14T00:30:00+0200,0.552926,MW,DK1,DK_1,actual_solar_generation,Solar,2026-09-15T05:00:51Z
2026-09-15T04:59:58Z,2026-09-15T06:59:58+0200,ecf31ba6-001d-4c9e-88a0-f83d4f8f2bd9,2026-09-13T22:45:00Z,2026-09-14T00:45:00+0200,0.55753,MW,DK1,DK_1,actual_solar_generation,Solar,2026-09-15T05:00:51Z
2026-09-15T04:59:58Z,2026-09-15T06:59:58+0200,ecf31ba6-001d-4c9e-88a0-f83d4f8f2bd9,2026-09-13T23:00:00Z,2026-09-14T01:00:00+0200,0.538173,MW,DK1,DK_1,actual_solar_generation,Solar,2026-09-15T05:00:51Z
2026-09-15T04:59:58Z,2026-09-15T06:59:58+0200,ecf31ba6-001d-4c9e-88a0-f83d4f8f2bd9,2026-09-13T23:15:00Z,2026-09-14T01:15:00+0200,0.547383,MW,DK1,DK_1,actual_solar_generation,Solar,2026-09-15T05:00:51Z
2026-09-15T04:59:58Z,2026-09-15T06:59:58+0200,ecf31ba6-001d-4c9e-88a0-f83d4f8f2bd9,2026-09-13T23:30:00Z,2026-09-14T01:30:00+0200,0.550206,MW,DK1,DK_1,actual_solar_generation,Solar,2026-09-15T05:00:51Z
2026-09-15T04:59:58Z,2026-09-15T06:59:58+0200,ecf31ba6-001d-4c9e-88a0-f83d4f8f2bd9,2026-09-13T23:45:00Z,2026-09-14T01:45:00+0200,0.543005,MW,DK1,DK_1,actual_solar_generation,Solar,2026-09-15T05:00:51Z
2026-09-15T04:59:58Z,2026-09-15T06:59:58+0200,ecf31ba6-001d-4c9e-88a0-f83d4f8f2bd9,2026-09-14T00:00:00Z,2026-09-14T02:00:00+0200,0.508543,MW,DK1,DK_1,actual_solar_generation,Solar,2026-09-15T05:00:51Z
2026-09-15T04:59:58Z,2026-09-15T06:59:58+0200,ecf31ba6-001d-4c9e-88a0-f83d4f8f2bd9,2026-09-14T00:15:00Z,2026-09-14T02:15:00+0200,0.495043,MW,DK1,DK_1,actual_solar_generation,Solar,2026-09-15T05:00:51Z
2026-09-15T04:59:58Z,2026-09-15T06:59:58+0200,ecf31ba6-001d-4c9e-88a0-f83d4f8f2bd9,2026-09-14T00:30:00Z,2026-09-14T02:30:00+0200,0.480092,MW,DK1,DK_1,actual_solar_generation,Solar,2026-09-15T05:00:51Z
2026-09-15T04:59:58Z,2026-09-15T06:59:58+0200,ecf31ba6-001d-4c9e-88a0-f83d4f8f2bd9,2026-09-14T00:45:00Z,2026-09-14T02:45:00+0200,0.502427,MW,DK1,DK_1,actual_solar_generation,Solar,2026-09-15T05:00:51Z
2026-09-15T04:59:58Z,2026-09-15T06:59:58+0200,ecf31ba6-001d-4c9e-88a0-f83d4f8f2bd9,2026-09-14T01:00:00Z,2026-09-14T03:00:00+0200,0.516077,MW,DK1,DK_1,actual_solar_generation,Solar,2026-09-15T05:00:51Z
2026-09-15T04:59:58Z,2026-09-15T06:59:58+0200,ecf31ba6-001d-4c9e-88a0-f83d4f8f2bd9,2026-09-14T01:15:00Z,2026-09-14T03:15:00+0200,0.511475,MW,DK1,DK_1,actual_solar_generation,Solar,2026-09-15T05:00:51Z
2026-09-15T04:59:58Z,2026-09-15T06:59:58+0200,ecf31ba6-001d-4c9e-88a0-f83d4f8f2bd9,2026-09-14T01:30:00Z,2026-09-14T03:30:00+0200,0.527995,MW,DK1,DK_1,actual_solar_generation,Solar,2026-09-15T05:00:51Z
2026-09-15T04:59:58Z,2026-09-15T06:59:58+0200,ecf31ba6-001d-4c9e-88a0-f83d4f8f2bd9,2026-09-14T01:45:00Z,2026-09-14T03:45:00+0200,0.477564,MW,DK1,DK_1,actual_solar_generation,Solar,2026-09-15T05:00:51Z
2026-09-15T04:59:58Z,2026-09-15T06:59:58+0200,ecf31ba6-001d-4c9e-88a0-f83d4f8f2bd9,2026-09-14T02:00:00Z,2026-09-14T04:00:00+0200,0.482076,MW,DK1,DK_1,actual_solar_generation,Solar,2026-09-15T05:00:51Z
2026-09-15T04:59:58Z,2026-09-15T06:59:58+0200,ecf31ba6-001d-4c9e-88a0-f83d4f8f2bd9,2026-09-14T02:15:00Z,2026-09-14T04:15:00+0200,0.508525,MW,DK1,DK_1,actual_solar_generation,Solar,2026-09-15T05:00:51Z
2026-09-15T04:59:58Z,2026-09-15T06:59:58+0200,ecf31ba6-001d-4c9e-88a0-f83d4f8f2bd9,2026-09-14T02:30:00Z,2026-09-14T04:30:00+0200,0.492579,MW,DK1,DK_1,actual_solar_generation,Solar,2026-09-15T05:00:51Z
2026-09-15T04:59:58Z,2026-09-15T06:59:58+0200,ecf31ba6-001d-4c9e-88a0-f83d4f8f2bd9,2026-09-14T02:45:00Z,2026-09-14T04:45:00+0200,0.530695,MW,DK1,DK_1,actual_solar_generation,Solar,2026-09-15T05:00:51Z
2026-09-15T04:59:58Z,2026-09-15T06:59:58+0200,ecf31ba6-001d-4c9e-88a0-f83d4f8f2bd9,2026-09-14T03:00:00Z,2026-09-14T05:00:00+0200,0.485774,MW,DK1,DK_1,actual_solar_generation,Solar,2026-09-15T05:00:51Z
2026-09-15T04:59:58Z,2026-09-15T06:59:58+0200,ecf31ba6-001d-4c9e-88a0-f83d4f8f2bd9,2026-09-14T03:15:00Z,2026-09-14T05:15:00+0200,0.521277,MW,DK1,DK_1,actual_solar_generation,Solar,2026-09-15T05:00:51Z
2026-09-15T04:59:58Z,2026-09-15T06:59:58+0200,ecf31ba6-001d-4c9e-88a0-f83d4f8f2bd9,2026-09-14T03:30:00Z,2026-09-14T05:30:00+0200,0.539786,MW,DK1,DK_1,actual_solar_generation,Solar,2026-09-15T05:00:51Z
2026-09-15T04:59:58Z,2026-09-15T06:59:58+0200,ecf31ba6-001d-4c9e-88a0-f83d4f8f2bd9,2026-09-14T03:45:00Z,2026-09-14T05:45:00+0200,0.493854,MW,DK1,DK_1,actual_solar_generation,Solar,2026-09-15T05:00:51Z
2026-09-15T04:59:58Z,2026-09-15T06:59:58+0200,ecf31ba6-001d-4c9e-88a0-f83d4f8f2bd9,2026-09-14T04:00:00Z,2026-09-14T06:00:00+0200,0.471327,MW,DK1,DK_1,actual_solar_generation,Solar,2026-09-15T05:00:51Z
2026-09-15T04:59:58Z,2026-09-15T06:59:58+0200,ecf31ba6-001d-4c9e-88a0-f83d4f8f2bd9,2026-09-14T04:15:00Z,2026-09-14T06:15:00+0200,1.10413,MW,DK1,DK_1,actual_solar_generation,Solar,2026-09-15T05:00:51Z
2026-09-15T04:59:58Z,2026-09-15T06:59:58+0200,ecf31ba6-001d-4c9e-88a0-f83d4f8f2bd9,2026-09-14T04:30:00Z,2026-09-14T06:30:00+0200,6.723,MW,DK1,DK_1,actual_solar_generation,Solar,2026-09-15T05:00:51Z
2026-09-15T04:59:58Z,2026-09-15T06:59:58+0200,ecf31ba6-001d-4c9e-88a0-f83d4f8f2bd9,2026-09-14T04:45:00Z,2026-09-14T06:45:00+0200,20.102,MW,DK1,DK_1,actual_solar_generation,Solar,2026-09-15T05:00:51Z
2026-09-15T04:59:58Z,2026-09-15T06:59:58+0200,ecf31ba6-001d-4c9e-88a0-f83d4f8f2bd9,2026-09-14T05:00:00Z,2026-09-14T07:00:00+0200,54.646,MW,DK1,DK_1,actual_solar_generation,Solar,2026-09-15T05:00:51Z
2026-09-15T04:59:58Z,2026-09-15T06:59:58+0200,ecf31ba6-001d-4c9e-88a0-f83d4f8f2bd9,2026-09-14T05:15:00Z,2026-09-14T07:15:00+0200,112.42,MW,DK1,DK_1,actual_solar_generation,Solar,2026-09-15T05:00:51Z
2026-09-15T04:59:58Z,2026-09-15T06:59:58+0200,ecf31ba6-001d-4c9e-88a0-f83d4f8f2bd9,2026-09-14T05:30:00Z,2026-09-14T07:30:00+0200,170.018,MW,DK1,DK_1,actual_solar_generation,Solar,2026-09-15T05:00:51Z
2026-09-15T04:59:58Z,2026-09-15T06:59:58+0200,ecf31ba6-001d-4c9e-88a0-f83d4f8f2bd9,2026-09-14T05:45:00Z,2026-09-14T07:45:00+0200,238.89,MW,DK1,DK_1,actual_solar_generation,Solar,2026-09-15T05:00:51Z
2026-09-15T04:59:58Z,2026-09-15T06:59:58+0200,ecf31ba6-001d-4c9e-88a0-f83d4f8f2bd9,2026-09-14T06:00:00Z,2026-09-14T08:00:00+0200,306.597,MW,DK1,DK_1,actual_solar_generation,Solar,2026-09-15T05:00:51Z
2026-09-15T04:59:58Z,2026-09-15T06:59:58+0200,ecf31ba6-001d-4c9e-88a0-f83d4f8f2bd9,2026-09-14T06:15:00Z,2026-09-14T08:15:00+0200,385.223,MW,DK1,DK_1,actual_solar_generation,Solar,2026-09-15T05:00:51Z
2026-09-15T04:59:58Z,2026-09-15T06:59:58+0200,ecf31ba6-001d-4c9e-88a0-f83d4f8f2bd9,2026-09-14T06:30:00Z,2026-09-14T08:30:00+0200,479.458,MW,DK1,DK_1,actual_solar_generation,Solar,2026-09-15T05:00:51Z
2026-09-15T04:59:58Z,2026-09-15T06:59:58+0200,ecf31ba6-001d-4c9e-88a0-f83d4f8f2bd9,2026-09-14T06:45:00Z,2026-09-14T08:45:00+0200,599.464,MW,DK1,DK_1,actual_solar_generation,Solar,2026-09-15T05:00:51Z
2026-09-15T04:59:58Z,2026-09-15T06:59:58+0200,ecf31ba6-001d-4c9e-88a0-f83d4f8f2bd9,2026-09-14T07:00:00Z,2026-09-14T09:00:00+0200,589.989,MW,DK1,DK_1,actual_solar_generation,Solar,2026-09-15T05:00:51Z
2026-09-15T04:59:58Z,2026-09-15T06:59:58+0200,ecf31ba6-001d-4c9e-88a0-f83d4f8f2bd9,2026-09-14T07:15:00Z,2026-09-14T09:15:00+0200,830.392,MW,DK1,DK_1,actual_solar_generation,Solar,2026-09-15T05:00:51Z
2026-09-15T04:59:58Z,2026-09-15T06:59:58+0200,ecf31ba6-001d-4c9e-88a0-f83d4f8f2bd9,2026-09-14T07:30:00Z,2026-09-14T09:30:00+0200,978.967,MW,DK1,DK_1,actual_solar_generation,Solar,2026-09-15T05:00:51Z
2026-09-15T04:59:58Z,2026-09-15T06:59:58+0200,ecf31ba6-001d-4c9e-88a0-f83d4f8f2bd9,2026-09-14T07:45:00Z,2026-09-14T09:45:00+0200,1073.29,MW,DK1,DK_1,actual_solar_generation,Solar,2026-09-15T05:00:51Z
2026-09-15T04:59:58Z,2026-09-15T06:59:58+0200,ecf31ba6-001d-4c9e-88a0-f83d4f8f2bd9,2026-09-14T08:00:00Z,2026-09-14T10:00:00+0200,1235.39,MW,DK1,DK_1,actual_solar_generation,Solar,2026-09-15T05:00:51Z
2026-09-15T04:59:58Z,2026-09-15T06:59:58+0200,ecf31ba6-001d-4c9e-88a0-f83d4f8f2bd9,2026-09-14T08:15:00Z,2026-09-14T10:15:00+0200,1312.62,MW,DK1,DK_1,actual_solar_generation,Solar,2026-09-15T05:00:51Z
2026-09-15T04:59:58Z,2026-09-15T06:59:58+0200,ecf31ba6-001d-4c9e-88a0-f83d4f8f2bd9,2026-09-14T08:30:00Z,2026-09-14T10:30:00+0200,1418.27,MW,DK1,DK_1,actual_solar_generation,Solar,2026-09-15T05:00:51Z
2026-09-15T04:59:58Z,2026-09-15T06:59:58+0200,ecf31ba6-001d-4c9e-88a0-f83d4f8f2bd9,2026-09-14T08:45:00Z,2026-09-14T10:45:00+0200,1530.79,MW,DK1,DK_1,actual_solar_generation,Solar,2026-09-15T05:00:51Z
2026-09-15T04:59:58Z,2026-09-15T06:59:58+0200,ecf31ba6-001d-4c9e-88a0-f83d4f8f2bd9,2026-09-14T09:00:00Z,2026-09-14T11:00:00+0200,1548.13,MW,DK1,DK_1,actual_solar_generation,Solar,2026-09-15T05:00:51Z
2026-09-15T04:59:58Z,2026-09-15T06:59:58+0200,ecf31ba6-001d-4c9e-88a0-f83d4f8f2bd9,2026-09-14T09:15:00Z,2026-09-14T11:15:00+0200,1517.83,MW,DK1,DK_1,actual_solar_generation,Solar,2026-09-15T05:00:51Z
2026-09-15T04:59:58Z,2026-09-15T06:59:58+0200,ecf31ba6-001d-4c9e-88a0-f83d4f8f2bd9,2026-09-14T09:30:00Z,2026-09-14T11:30:00+0200,1538.38,MW,DK1,DK_1,actual_solar_generation,Solar,2026-09-15T05:00:51Z
2026-09-15T04:59:58Z,2026-09-15T06:59:58+0200,ecf31ba6-001d-4c9e-88a0-f83d4f8f2bd9,2026-09-14T09:45:00Z,2026-09-14T11:45:00+0200,1541.11,MW,DK1,DK_1,actual_solar_generation,Solar,2026-09-15T05:00:51Z
2026-09-15T04:59:58Z,2026-09-15T06:59:58+0200,ecf31ba6-001d-4c9e-88a0-f83d4f8f2bd9,2026-09-14T10:00:00Z,2026-09-14T12:00:00+0200,1392.1,MW,DK1,DK_1,actual_solar_generation,Solar,2026-09-15T05:00:51Z
2026-09-15T04:59:58Z,2026-09-15T06:59:58+0200,ecf31ba6-001d-4c9e-88a0-f83d4f8f2bd9,2026-09-14T10:15:00Z,2026-09-14T12:15:00+0200,1552.61,MW,DK1,DK_1,actual_solar_generation,Solar,2026-09-15T05:00:51Z
2026-09-15T04:59:58Z,2026-09-15T06:59:58+0200,ecf31ba6-001d-4c9e-88a0-f83d4f8f2bd9,2026-09-14T10:30:00Z,2026-09-14T12:30:00+0200,1490.79,MW,DK1,DK_1,actual_solar_generation,Solar,2026-09-15T05:00:51Z
2026-09-15T04:59:58Z,2026-09-15T06:59:58+0200,ecf31ba6-001d-4c9e-88a0-f83d4f8f2bd9,2026-09-14T10:45:00Z,2026-09-14T12:45:00+0200,1506.31,MW,DK1,DK_1,actual_solar_generation,Solar,2026-09-15T05:00:51Z
2026-09-15T04:59:58Z,2026-09-15T06:59:58+0200,ecf31ba6-001d-4c9e-88a0-f83d4f8f2bd9,2026-09-14T11:00:00Z,2026-09-14T13:00:00+0200,1639.52,MW,DK1,DK_1,actual_solar_generation,Solar,2026-09-15T05:00:51Z
2026-09-15T04:59:58Z,2026-09-15T06:59:58+0200,ecf31ba6-001d-4c9e-88a0-f83d4f8f2bd9,2026-09-14T11:15:00Z,2026-09-14T13:15:00+0200,1547.01,MW,DK1,DK_1,actual_solar_generation,Solar,2026-09-15T05:00:51Z
2026-09-15T04:59:58Z,2026-09-15T06:59:58+0200,ecf31ba6-001d-4c9e-88a0-f83d4f8f2bd9,2026-09-14T11:30:00Z,2026-09-14T13:30:00+0200,1704.51,MW,DK1,DK_1,actual_solar_generation,Solar,2026-09-15T05:00:51Z
2026-09-15T04:59:58Z,2026-09-15T06:59:58+0200,ecf31ba6-001d-4c9e-88a0-f83d4f8f2bd9,2026-09-14T11:45:00Z,2026-09-14T13:45:00+0200,1734.64,MW,DK1,DK_1,actual_solar_generation,Solar,2026-09-15T05:00:51Z
2026-09-15T04:59:58Z,2026-09-15T06:59:58+0200,ecf31ba6-001d-4c9e-88a0-f83d4f8f2bd9,2026-09-14T12:00:00Z,2026-09-14T14:00:00+0200,1666.67,MW,DK1,DK_1,actual_solar_generation,Solar,2026-09-15T05:00:51Z
2026-09-15T04:59:58Z,2026-09-15T06:59:58+0200,ecf31ba6-001d-4c9e-88a0-f83d4f8f2bd9,2026-09-14T12:15:00Z,2026-09-14T14:15:00+0200,1842.1,MW,DK1,DK_1,actual_solar_generation,Solar,2026-09-15T05:00:51Z
2026-09-15T04:59:58Z,2026-09-15T06:59:58+0200,ecf31ba6-001d-4c9e-88a0-f83d4f8f2bd9,2026-09-14T12:30:00Z,2026-09-14T14:30:00+0200,1804.51,MW,DK1,DK_1,actual_solar_generation,Solar,2026-09-15T05:00:51Z
2026-09-15T04:59:58Z,2026-09-15T06:59:58+0200,ecf31ba6-001d-4c9e-88a0-f83d4f8f2bd9,2026-09-14T12:45:00Z,2026-09-14T14:45:00+0200,1699.97,MW,DK1,DK_1,actual_solar_generation,Solar,2026-09-15T05:00:51Z
2026-09-15T04:59:58Z,2026-09-15T06:59:58+0200,ecf31ba6-001d-4c9e-88a0-f83d4f8f2bd9,2026-09-14T13:00:00Z,2026-09-14T15:00:00+0200,1539.52,MW,DK1,DK_1,actual_solar_generation,Solar,2026-09-15T05:00:51Z
2026-09-15T04:59:58Z,2026-09-15T06:59:58+0200,ecf31ba6-001d-4c9e-88a0-f83d4f8f2bd9,2026-09-14T13:15:00Z,2026-09-14T15:15:00+0200,1432.58,MW,DK1,DK_1,actual_solar_generation,Solar,2026-09-15T05:00:51Z
2026-09-15T04:59:58Z,2026-09-15T06:59:58+0200,ecf31ba6-001d-4c9e-88a0-f83d4f8f2bd9,2026-09-14T13:30:00Z,2026-09-14T15:30:00+0200,1397.04,MW,DK1,DK_1,actual_solar_generation,Solar,2026-09-15T05:00:51Z
2026-09-15T04:59:58Z,2026-09-15T06:59:58+0200,ecf31ba6-001d-4c9e-88a0-f83d4f8f2bd9,2026-09-14T13:45:00Z,2026-09-14T15:45:00+0200,1140.33,MW,DK1,DK_1,actual_solar_generation,Solar,2026-09-15T05:00:51Z
2026-09-15T04:59:58Z,2026-09-15T06:59:58+0200,ecf31ba6-001d-4c9e-88a0-f83d4f8f2bd9,2026-09-14T14:00:00Z,2026-09-14T16:00:00+0200,1155.43,MW,DK1,DK_1,actual_solar_generation,Solar,2026-09-15T05:00:51Z
2026-09-15T04:59:58Z,2026-09-15T06:59:58+0200,ecf31ba6-001d-4c9e-88a0-f83d4f8f2bd9,2026-09-14T14:15:00Z,2026-09-14T16:15:00+0200,1117.83,MW,DK1,DK_1,actual_solar_generation,Solar,2026-09-15T05:00:51Z
2026-09-15T04:59:58Z,2026-09-15T06:59:58+0200,ecf31ba6-001d-4c9e-88a0-f83d4f8f2bd9,2026-09-14T14:30:00Z,2026-09-14T16:30:00+0200,1047.03,MW,DK1,DK_1,actual_solar_generation,Solar,2026-09-15T05:00:51Z
2026-09-15T04:59:58Z,2026-09-15T06:59:58+0200,ecf31ba6-001d-4c9e-88a0-f83d4f8f2bd9,2026-09-14T14:45:00Z,2026-09-14T16:45:00+0200,915.77,MW,DK1,DK_1,actual_solar_generation,Solar,2026-09-15T05:00:51Z
2026-09-15T04:59:58Z,2026-09-15T06:59:58+0200,ecf31ba6-001d-4c9e-88a0-f83d4f8f2bd9,2026-09-14T15:00:00Z,2026-09-14T17:00:00+0200,849.903,MW,DK1,DK_1,actual_solar_generation,Solar,2026-09-15T05:00:51Z
2026-09-15T04:59:58Z,2026-09-15T06:59:58+0200,ecf31ba6-001d-4c9e-88a0-f83d4f8f2bd9,2026-09-14T15:15:00Z,2026-09-14T17:15:00+0200,754.847,MW,DK1,DK_1,actual_solar_generation,Solar,2026-09-15T05:00:51Z
2026-09-15T04:59:58Z,2026-09-15T06:59:58+0200,ecf31ba6-001d-4c9e-88a0-f83d4f8f2bd9,2026-09-14T15:30:00Z,2026-09-14T17:30:00+0200,611.672,MW,DK1,DK_1,actual_solar_generation,Solar,2026-09-15T05:00:51Z
2026-09-15T04:59:58Z,2026-09-15T06:59:58+0200,ecf31ba6-001d-4c9e-88a0-f83d4f8f2bd9,2026-09-14T15:45:00Z,2026-09-14T17:45:00+0200,479.889,MW,DK1,DK_1,actual_solar_generation,Solar,2026-09-15T05:00:51Z
2026-09-15T04:59:58Z,2026-09-15T06:59:58+0200,ecf31ba6-001d-4c9e-88a0-f83d4f8f2bd9,2026-09-14T16:00:00Z,2026-09-14T18:00:00+0200,493.357,MW,DK1,DK_1,actual_solar_generation,Solar,2026-09-15T05:00:51Z
2026-09-15T04:59:58Z,2026-09-15T06:59:58+0200,ecf31ba6-001d-4c9e-88a0-f83d4f8f2bd9,2026-09-14T16:15:00Z,2026-09-14T18:15:00+0200,421.786,MW,DK1,DK_1,actual_solar_generation,Solar,2026-09-15T05:00:51Z
2026-09-15T04:59:58Z,2026-09-15T06:59:58+0200,ecf31ba6-001d-4c9e-88a0-f83d4f8f2bd9,2026-09-14T16:30:00Z,2026-09-14T18:30:00+0200,255.667,MW,DK1,DK_1,actual_solar_generation,Solar,2026-09-15T05:00:51Z
2026-09-15T04:59:58Z,2026-09-15T06:59:58+0200,ecf31ba6-001d-4c9e-88a0-f83d4f8f2bd9,2026-09-14T16:45:00Z,2026-09-14T18:45:00+0200,180.468,MW,DK1,DK_1,actual_solar_generation,Solar,2026-09-15T05:00:51Z
2026-09-15T04:59:58Z,2026-09-15T06:59:58+0200,ecf31ba6-001d-4c9e-88a0-f83d4f8f2bd9,2026-09-14T17:00:00Z,2026-09-14T19:00:00+0200,161.584,MW,DK1,DK_1,actual_solar_generation,Solar,2026-09-15T05:00:51Z
2026-09-15T04:59:58Z,2026-09-15T06:59:58+0200,ecf31ba6-001d-4c9e-88a0-f83d4f8f2bd9,2026-09-14T17:15:00Z,2026-09-14T19:15:00+0200,120.341,MW,DK1,DK_1,actual_solar_generation,Solar,2026-09-15T05:00:51Z
2026-09-15T04:59:58Z,2026-09-15T06:59:58+0200,ecf31ba6-001d-4c9e-88a0-f83d4f8f2bd9,2026-09-14T17:30:00Z,2026-09-14T19:30:00+0200,86.7665,MW,DK1,DK_1,actual_solar_generation,Solar,2026-09-15T05:00:51Z
2026-09-15T04:59:58Z,2026-09-15T06:59:58+0200,ecf31ba6-001d-4c9e-88a0-f83d4f8f2bd9,2026-09-14T17:45:00Z,2026-09-14T19:45:00+0200,69.8728,MW,DK1,DK_1,actual_solar_generation,Solar,2026-09-15T05:00:51Z
2026-09-15T04:59:58Z,2026-09-15T06:59:58+0200,ecf31ba6-001d-4c9e-88a0-f83d4f8f2bd9,2026-09-14T18:00:00Z,2026-09-14T20:00:00+0200,63.8648,MW,DK1,DK_1,actual_solar_generation,Solar,2026-09-15T05:00:51Z
2026-09-15T04:59:58Z,2026-09-15T06:59:58+0200,ecf31ba6-001d-4c9e-88a0-f83d4f8f2bd9,2026-09-14T18:15:00Z,2026-09-14T20:15:00+0200,61.1207,MW,DK1,DK_1,actual_solar_generation,Solar,2026-09-15T05:00:51Z
2026-09-15T04:59:58Z,2026-09-15T06:59:58+0200,ecf31ba6-001d-4c9e-88a0-f83d4f8f2bd9,2026-09-14T18:30:00Z,2026-09-14T20:30:00+0200,59.8527,MW,DK1,DK_1,actual_solar_generation,Solar,2026-09-15T05:00:51Z
2026-09-15T04:59:58Z,2026-09-15T06:59:58+0200,ecf31ba6-001d-4c9e-88a0-f83d4f8f2bd9,2026-09-14T18:45:00Z,2026-09-14T20:45:00+0200,59.927,MW,DK1,DK_1,actual_solar_generation,Solar,2026-09-15T05:00:51Z
2026-09-15T04:59:58Z,2026-09-15T06:59:58+0200,ecf31ba6-001d-4c9e-88a0-f83d4f8f2bd9,2026-09-14T19:00:00Z,2026-09-14T21:00:00+0200,14.6865,MW,DK1,DK_1,actual_solar_generation,Solar,2026-09-15T05:00:51Z
2026-09-15T04:59:58Z,2026-09-15T06:59:58+0200,ecf31ba6-001d-4c9e-88a0-f83d4f8f2bd9,2026-09-14T19:15:00Z,2026-09-14T21:15:00+0200,5.68586,MW,DK1,DK_1,actual_solar_generation,Solar,2026-09-15T05:00:51Z
2026-09-15T04:59:58Z,2026-09-15T06:59:58+0200,ecf31ba6-001d-4c9e-88a0-f83d4f8f2bd9,2026-09-14T19:30:00Z,2026-09-14T21:30:00+0200,5.72606,MW,DK1,DK_1,actual_solar_generation,Solar,2026-09-15T05:00:51Z
2026-09-15T04:59:58Z,2026-09-15T06:59:58+0200,ecf31ba6-001d-4c9e-88a0-f83d4f8f2bd9,2026-09-14T19:45:00Z,2026-09-14T21:45:00+0200,5.72304,MW,DK1,DK_1,actual_solar_generation,Solar,2026-09-15T05:00:51Z
2026-09-15T04:59:58Z,2026-09-15T06:59:58+0200,ecf31ba6-001d-4c9e-88a0-f83d4f8f2bd9,2026-09-14T20:00:00Z,2026-09-14T22:00:00+0200,3.08445,MW,DK1,DK_1,actual_solar_generation,Solar,2026-09-15T05:00:51Z
2026-09-15T04:59:58Z,2026-09-15T06:59:58+0200,ecf31ba6-001d-4c9e-88a0-f83d4f8f2bd9,2026-09-14T20:15:00Z,2026-09-14T22:15:00+0200,3.01877,MW,DK1,DK_1,actual_solar_generation,Solar,2026-09-15T05:00:51Z
2026-09-15T04:59:58Z,2026-09-15T06:59:58+0200,ecf31ba6-001d-4c9e-88a0-f83d4f8f2bd9,2026-09-14T20:30:00Z,2026-09-14T22:30:00+0200,2.98248,MW,DK1,DK_1,actual_solar_generation,Solar,2026-09-15T05:00:51Z
2026-09-15T04:59:58Z,2026-09-15T06:59:58+0200,ecf31ba6-001d-4c9e-88a0-f83d4f8f2bd9,2026-09-14T20:45:00Z,2026-09-14T22:45:00+0200,0.587984,MW,DK1,DK_1,actual_solar_generation,Solar,2026-09-15T05:00:51Z
2026-09-15T04:59:58Z,2026-09-15T06:59:58+0200,ecf31ba6-001d-4c9e-88a0-f83d4f8f2bd9,2026-09-14T21:00:00Z,2026-09-14T23:00:00+0200,0.47957,MW,DK1,DK_1,actual_solar_generation,Solar,2026-09-15T05:00:51Z
2026-09-15T04:59:58Z,2026-09-15T06:59:58+0200,ecf31ba6-001d-4c9e-88a0-f83d4f8f2bd9,2026-09-14T21:15:00Z,2026-09-14T23:15:00+0200,0.501887,MW,DK1,DK_1,actual_solar_generation,Solar,2026-09-15T05:00:51Z
2026-09-15T04:59:58Z,2026-09-15T06:59:58+0200,ecf31ba6-001d-4c9e-88a0-f83d4f8f2bd9,2026-09-14T21:30:00Z,2026-09-14T23:30:00+0200,0.509488,MW,DK1,DK_1,actual_solar_generation,Solar,2026-09-15T05:00:51Z
2026-09-15T04:59:58Z,2026-09-15T06:59:58+0200,ecf31ba6-001d-4c9e-88a0-f83d4f8f2bd9,2026-09-14T21:45:00Z,2026-09-14T23:45:00+0200,0.549207,MW,DK1,DK_1,actual_solar_generation,Solar,2026-09-15T05:00:51Z
2026-09-15T04:59:58Z,2026-09-15T06:59:58+0200,ecf31ba6-001d-4c9e-88a0-f83d4f8f2bd9,2026-09-14T22:00:00Z,2026-09-15T00:00:00+0200,0.532413,MW,DK1,DK_1,actual_solar_generation,Solar,2026-09-15T05:00:51Z
2026-09-15T04:59:58Z,2026-09-15T06:59:58+0200,ecf31ba6-001d-4c9e-88a0-f83d4f8f2bd9,2026-09-14T22:15:00Z,2026-09-15T00:15:00+0200,0.522921,MW,DK1,DK_1,actual_solar_generation,Solar,2026-09-15T05:00:51Z
2026-09-15T04:59:58Z,2026-09-15T06:59:58+0200,ecf31ba6-001d-4c9e-88a0-f83d4f8f2bd9,2026-09-14T22:30:00Z,2026-09-15T00:30:00+0200,0.513553,MW,DK1,DK_1,actual_solar_generation,Solar,2026-09-15T05:00:51Z
2026-09-15T04:59:58Z,2026-09-15T06:59:58+0200,ecf31ba6-001d-4c9e-88a0-f83d4f8f2bd9,2026-09-14T22:45:00Z,2026-09-15T00:45:00+0200,0.541038,MW,DK1,DK_1,actual_solar_generation,Solar,2026-09-15T05:00:51Z
2026-09-15T04:59:58Z,2026-09-15T06:59:58+0200,ecf31ba6-001d-4c9e-88a0-f83d4f8f2bd9,2026-09-14T23:00:00Z,2026-09-15T01:00:00+0200,0.509024,MW,DK1,DK_1,actual_solar_generation,Solar,2026-09-15T05:00:51Z
2026-09-15T04:59:58Z,2026-09-15T06:59:58+0200,ecf31ba6-001d-4c9e-88a0-f83d4f8f2bd9,2026-09-14T23:15:00Z,2026-09-15T01:15:00+0200,0.51633,MW,DK1,DK_1,actual_solar_generation,Solar,2026-09-15T05:00:51Z
2026-09-15T04:59:58Z,2026-09-15T06:59:58+0200,ecf31ba6-001d-4c9e-88a0-f83d4f8f2bd9,2026-09-14T23:30:00Z,2026-09-15T01:30:00+0200,0.696446,MW,DK1,DK_1,actual_solar_generation,Solar,2026-09-15T05:00:51Z
2026-09-15T04:59:58Z,2026-09-15T06:59:58+0200,ecf31ba6-001d-4c9e-88a0-f83d4f8f2bd9,2026-09-14T23:45:00Z,2026-09-15T01:45:00+0200,2.53366,MW,DK1,DK_1,actual_solar_generation,Solar,2026-09-15T05:00:51Z
2026-09-15T04:59:58Z,2026-09-15T06:59:58+0200,ecf31ba6-001d-4c9e-88a0-f83d4f8f2bd9,2026-09-15T00:00:00Z,2026-09-15T02:00:00+0200,0.698632,MW,DK1,DK_1,actual_solar_generation,Solar,2026-09-15T05:00:51Z
2026-09-15T04:59:58Z,2026-09-15T06:59:58+0200,ecf31ba6-001d-4c9e-88a0-f83d4f8f2bd9,2026-09-15T00:15:00Z,2026-09-15T02:15:00+0200,0.544795,MW,DK1,DK_1,actual_solar_generation,Solar,2026-09-15T05:00:51Z
2026-09-15T04:59:58Z,2026-09-15T06:59:58+0200,ecf31ba6-001d-4c9e-88a0-f83d4f8f2bd9,2026-09-15T00:30:00Z,2026-09-15T02:30:00+0200,0.531932,MW,DK1,DK_1,actual_solar_generation,Solar,2026-09-15T05:00:51Z
2026-09-15T04:59:58Z,2026-09-15T06:59:58+0200,ecf31ba6-001d-4c9e-88a0-f83d4f8f2bd9,2026-09-15T00:45:00Z,2026-09-15T02:45:00+0200,0.526551,MW,DK1,DK_1,actual_solar_generation,Solar,2026-09-15T05:00:51Z
2026-09-15T04:59:58Z,2026-09-15T06:59:58+0200,ecf31ba6-001d-4c9e-88a0-f83d4f8f2bd9,2026-09-15T01:00:00Z,2026-09-15T03:00:00+0200,0.545047,MW,DK1,DK_1,actual_solar_generation,Solar,2026-09-15T05:00:51Z
2026-09-15T04:59:58Z,2026-09-15T06:59:58+0200,ecf31ba6-001d-4c9e-88a0-f83d4f8f2bd9,2026-09-15T01:15:00Z,2026-09-15T03:15:00+0200,0.551584,MW,DK1,DK_1,actual_solar_generation,Solar,2026-09-15T05:00:51Z
2026-09-15T04:59:58Z,2026-09-15T06:59:58+0200,ecf31ba6-001d-4c9e-88a0-f83d4f8f2bd9,2026-09-15T01:30:00Z,2026-09-15T03:30:00+0200,0.558681,MW,DK1,DK_1,actual_solar_generation,Solar,2026-09-15T05:00:51Z
2026-09-15T04:59:58Z,2026-09-15T06:59:58+0200,ecf31ba6-001d-4c9e-88a0-f83d4f8f2bd9,2026-09-15T01:45:00Z,2026-09-15T03:45:00+0200,0.56273,MW,DK1,DK_1,actual_solar_generation,Solar,2026-09-15T05:00:51Z
2026-09-15T04:59:58Z,2026-09-15T06:59:58+0200,ecf31ba6-001d-4c9e-88a0-f83d4f8f2bd9,2026-09-15T02:00:00Z,2026-09-15T04:00:00+0200,0.568239,MW,DK1,DK_1,actual_solar_generation,Solar,2026-09-15T05:00:51Z
2026-09-15T04:59:58Z,2026-09-15T06:59:58+0200,ecf31ba6-001d-4c9e-88a0-f83d4f8f2bd9,2026-09-15T02:15:00Z,2026-09-15T04:15:00+0200,0.527456,MW,DK1,DK_1,actual_solar_generation,Solar,2026-09-15T05:00:51Z
2026-09-15T04:59:58Z,2026-09-15T06:59:58+0200,ecf31ba6-001d-4c9e-88a0-f83d4f8f2bd9,2026-09-15T02:30:00Z,2026-09-15T04:30:00+0200,0.509545,MW,DK1,DK_1,actual_solar_generation,Solar,2026-09-15T05:00:51Z
2026-09-15T04:59:58Z,2026-09-15T06:59:58+0200,ecf31ba6-001d-4c9e-88a0-f83d4f8f2bd9,2026-09-15T02:45:00Z,2026-09-15T04:45:00+0200,0.489949,MW,DK1,DK_1,actual_solar_generation,Solar,2026-09-15T05:00:51Z
2026-09-15T04:59:58Z,2026-09-15T06:59:58+0200,ecf31ba6-001d-4c9e-88a0-f83d4f8f2bd9,2026-09-15T03:00:00Z,2026-09-15T05:00:00+0200,0.50953,MW,DK1,DK_1,actual_solar_generation,Solar,2026-09-15T05:00:51Z
2026-09-15T04:59:58Z,2026-09-15T06:59:58+0200,ecf31ba6-001d-4c9e-88a0-f83d4f8f2bd9,2026-09-15T03:15:00Z,2026-09-15T05:15:00+0200,0.533949,MW,DK1,DK_1,actual_solar_generation,Solar,2026-09-15T05:00:51Z
