collection_time_utc,collection_time_local,run_id,timestamp_utc,timestamp_local,value,unit,country,entsoe_area,variable,source,updated_at_utc
2026-08-20T20:58:57Z,2026-08-20T22:58:57+0200,39137692-6dda-43d8-82cf-b5c3d0d6ba57,2026-07-20T22:00:00Z,2026-07-21T00:00:00+0200,601.0,MW,PT,PT,forecast_onshore_wind_generation,Wind Onshore,2026-08-20T21:12:44Z
2026-08-20T20:58:57Z,2026-08-20T22:58:57+0200,39137692-6dda-43d8-82cf-b5c3d0d6ba57,2026-07-20T23:00:00Z,2026-07-21T01:00:00+0200,503.7,MW,PT,PT,forecast_onshore_wind_generation,Wind Onshore,2026-08-20T21:12:44Z
2026-08-20T20:58:57Z,2026-08-20T22:58:57+0200,39137692-6dda-43d8-82cf-b5c3d0d6ba57,2026-07-21T00:00:00Z,2026-07-21T02:00:00+0200,431.4,MW,PT,PT,forecast_onshore_wind_generation,Wind Onshore,2026-08-20T21:12:44Z
2026-08-20T20:58:57Z,2026-08-20T22:58:57+0200,39137692-6dda-43d8-82cf-b5c3d0d6ba57,2026-07-21T01:00:00Z,2026-07-21T03:00:00+0200,375.0,MW,PT,PT,forecast_onshore_wind_generation,Wind Onshore,2026-08-20T21:12:44Z
2026-08-20T20:58:57Z,2026-08-20T22:58:57+0200,39137692-6dda-43d8-82cf-b5c3d0d6ba57,2026-07-21T02:00:00Z,2026-07-21T04:00:00+0200,342.1,MW,PT,PT,forecast_onshore_wind_generation,Wind Onshore,2026-08-20T21:12:44Z
2026-08-20T20:58:57Z,2026-08-20T22:58:57+0200,39137692-6dda-43d8-82cf-b5c3d0d6ba57,2026-07-21T03:00:00Z,2026-07-21T05:00:00+0200,327.1,MW,PT,PT,forecast_onshore_wind_generation,Wind Onshore,2026-08-20T21:12:44Z
2026-08-20T20:58:57Z,2026-08-20T22:58:57+0200,39137692-6dda-43d8-82cf-b5c3d0d6ba57,2026-07-21T04:00:00Z,2026-07-21T06:00:00+0200,326.7,MW,PT,PT,forecast_onshore_wind_generation,Wind Onshore,2026-08-20T21:12:44Z
2026-08-20T20:58:57Z,2026-08-20T22:58:57+0200,39137692-6dda-43d8-82cf-b5c3d0d6ba57,2026-07-21T05:00:00Z,2026-07-21T07:00:00+0200,334.5,MW,PT,PT,forecast_onshore_wind_generation,Wind Onshore,2026-08-20T21:12:44Z
2026-08-20T20:58:57Z,2026-08-20T22:58:57+0200,39137692-6dda-43d8-82cf-b5c3d0d6ba57,2026-07-21T06:00:00Z,2026-07-21T08:00:00+0200,318.5,MW,PT,PT,forecast_onshore_wind_generation,Wind Onshore,2026-08-20T21:12:44Z
2026-08-20T20:58:57Z,2026-08-20T22:58:57+0200,39137692-6dda-43d8-82cf-b5c3d0d6ba57,2026-07-21T07:00:00Z,2026-07-21T09:00:00+0200,275.4,MW,PT,PT,forecast_onshore_wind_generation,Wind Onshore,2026-08-20T21:12:44Z
2026-08-20T20:58:57Z,2026-08-20T22:58:57+0200,39137692-6dda-43d8-82cf-b5c3d0d6ba57,2026-07-21T08:00:00Z,2026-07-21T10:00:00+0200,233.1,MW,PT,PT,forecast_onshore_wind_generation,Wind Onshore,2026-08-20T21:12:44Z
2026-08-20T20:58:57Z,2026-08-20T22:58:57+0200,39137692-6dda-43d8-82cf-b5c3d0d6ba57,2026-07-21T09:00:00Z,2026-07-21T11:00:00+0200,201.4,MW,PT,PT,forecast_onshore_wind_generation,Wind Onshore,2026-08-20T21:12:44Z
2026-08-20T20:58:57Z,2026-08-20T22:58:57+0200,39137692-6dda-43d8-82cf-b5c3d0d6ba57,2026-07-21T10:00:00Z,2026-07-21T12:00:00+0200,187.4,MW,PT,PT,forecast_onshore_wind_generation,Wind Onshore,2026-08-20T21:12:44Z
2026-08-20T20:58:57Z,2026-08-20T22:58:57+0200,39137692-6dda-43d8-82cf-b5c3d0d6ba57,2026-07-21T11:00:00Z,2026-07-21T13:00:00+0200,203.6,MW,PT,PT,forecast_onshore_wind_generation,Wind Onshore,2026-08-20T21:12:44Z
2026-08-20T20:58:57Z,2026-08-20T22:58:57+0200,39137692-6dda-43d8-82cf-b5c3d0d6ba57,2026-07-21T12:00:00Z,2026-07-21T14:00:00+0200,251.3,MW,PT,PT,forecast_onshore_wind_generation,Wind Onshore,2026-08-20T21:12:44Z
2026-08-20T20:58:57Z,2026-08-20T22:58:57+0200,39137692-6dda-43d8-82cf-b5c3d0d6ba57,2026-07-21T13:00:00Z,2026-07-21T15:00:00+0200,320.6,MW,PT,PT,forecast_onshore_wind_generation,Wind Onshore,2026-08-20T21:12:44Z
2026-08-20T20:58:57Z,2026-08-20T22:58:57+0200,39137692-6dda-43d8-82cf-b5c3d0d6ba57,2026-07-21T14:00:00Z,2026-07-21T16:00:00+0200,400.1,MW,PT,PT,forecast_onshore_wind_generation,Wind Onshore,2026-08-20T21:12:44Z
2026-08-20T20:58:57Z,2026-08-20T22:58:57+0200,39137692-6dda-43d8-82cf-b5c3d0d6ba57,2026-07-21T15:00:00Z,2026-07-21T17:00:00+0200,480.2,MW,PT,PT,forecast_onshore_wind_generation,Wind Onshore,2026-08-20T21:12:44Z
2026-08-20T20:58:57Z,2026-08-20T22:58:57+0200,39137692-6dda-43d8-82cf-b5c3d0d6ba57,2026-07-21T16:00:00Z,2026-07-21T18:00:00+0200,544.9,MW,PT,PT,forecast_onshore_wind_generation,Wind Onshore,2026-08-20T21:12:44Z
2026-08-20T20:58:57Z,2026-08-20T22:58:57+0200,39137692-6dda-43d8-82cf-b5c3d0d6ba57,2026-07-21T17:00:00Z,2026-07-21T19:00:00+0200,597.4,MW,PT,PT,forecast_onshore_wind_generation,Wind Onshore,2026-08-20T21:12:44Z
2026-08-20T20:58:57Z,2026-08-20T22:58:57+0200,39137692-6dda-43d8-82cf-b5c3d0d6ba57,2026-07-21T18:00:00Z,2026-07-21T20:00:00+0200,641.0,MW,PT,PT,forecast_onshore_wind_generation,Wind Onshore,2026-08-20T21:12:44Z
2026-08-20T20:58:57Z,2026-08-20T22:58:57+0200,39137692-6dda-43d8-82cf-b5c3d0d6ba57,2026-07-21T19:00:00Z,2026-07-21T21:00:00+0200,662.7,MW,PT,PT,forecast_onshore_wind_generation,Wind Onshore,2026-08-20T21:12:44Z
2026-08-20T20:58:57Z,2026-08-20T22:58:57+0200,39137692-6dda-43d8-82cf-b5c3d0d6ba57,2026-07-21T20:00:00Z,2026-07-21T22:00:00+0200,645.0,MW,PT,PT,forecast_onshore_wind_generation,Wind Onshore,2026-08-20T21:12:44Z
2026-08-20T20:58:57Z,2026-08-20T22:58:57+0200,39137692-6dda-43d8-82cf-b5c3d0d6ba57,2026-07-21T21:00:00Z,2026-07-21T23:00:00+0200,608.7,MW,PT,PT,forecast_onshore_wind_generation,Wind Onshore,2026-08-20T21:12:44Z
2026-08-20T20:58:57Z,2026-08-20T22:58:57+0200,39137692-6dda-43d8-82cf-b5c3d0d6ba57,2026-07-21T22:00:00Z,2026-07-22T00:00:00+0200,498.2,MW,PT,PT,forecast_onshore_wind_generation,Wind Onshore,2026-08-20T21:12:44Z
2026-08-20T20:58:57Z,2026-08-20T22:58:57+0200,39137692-6dda-43d8-82cf-b5c3d0d6ba57,2026-07-21T23:00:00Z,2026-07-22T01:00:00+0200,440.8,MW,PT,PT,forecast_onshore_wind_generation,Wind Onshore,2026-08-20T21:12:44Z
2026-08-20T20:58:57Z,2026-08-20T22:58:57+0200,39137692-6dda-43d8-82cf-b5c3d0d6ba57,2026-07-22T00:00:00Z,2026-07-22T02:00:00+0200,389.0,MW,PT,PT,forecast_onshore_wind_generation,Wind Onshore,2026-08-20T21:12:44Z
2026-08-20T20:58:57Z,2026-08-20T22:58:57+0200,39137692-6dda-43d8-82cf-b5c3d0d6ba57,2026-07-22T01:00:00Z,2026-07-22T03:00:00+0200,343.6,MW,PT,PT,forecast_onshore_wind_generation,Wind Onshore,2026-08-20T21:12:44Z
2026-08-20T20:58:57Z,2026-08-20T22:58:57+0200,39137692-6dda-43d8-82cf-b5c3d0d6ba57,2026-07-22T02:00:00Z,2026-07-22T04:00:00+0200,313.8,MW,PT,PT,forecast_onshore_wind_generation,Wind Onshore,2026-08-20T21:12:44Z
2026-08-20T20:58:57Z,2026-08-20T22:58:57+0200,39137692-6dda-43d8-82cf-b5c3d0d6ba57,2026-07-22T03:00:00Z,2026-07-22T05:00:00+0200,297.4,MW,PT,PT,forecast_onshore_wind_generation,Wind Onshore,2026-08-20T21:12:44Z
2026-08-20T20:58:57Z,2026-08-20T22:58:57+0200,39137692-6dda-43d8-82cf-b5c3d0d6ba57,2026-07-22T04:00:00Z,2026-07-22T06:00:00+0200,285.5,MW,PT,PT,forecast_onshore_wind_generation,Wind Onshore,2026-08-20T21:12:44Z
2026-08-20T20:58:57Z,2026-08-20T22:58:57+0200,39137692-6dda-43d8-82cf-b5c3d0d6ba57,2026-07-22T05:00:00Z,2026-07-22T07:00:00+0200,273.5,MW,PT,PT,forecast_onshore_wind_generation,Wind Onshore,2026-08-20T21:12:44Z
2026-08-20T20:58:57Z,2026-08-20T22:58:57+0200,39137692-6dda-43d8-82cf-b5c3d0d6ba57,2026-07-22T06:00:00Z,2026-07-22T08:00:00+0200,251.6,MW,PT,PT,forecast_onshore_wind_generation,Wind Onshore,2026-08-20T21:12:44Z
2026-08-20T20:58:57Z,2026-08-20T22:58:57+0200,39137692-6dda-43d8-82cf-b5c3d0d6ba57,2026-07-22T07:00:00Z,2026-07-22T09:00:00+0200,221.1,MW,PT,PT,forecast_onshore_wind_generation,Wind Onshore,2026-08-20T21:12:44Z
2026-08-20T20:58:57Z,2026-08-20T22:58:57+0200,39137692-6dda-43d8-82cf-b5c3d0d6ba57,2026-07-22T08:00:00Z,2026-07-22T10:00:00+0200,194.0,MW,PT,PT,forecast_onshore_wind_generation,Wind Onshore,2026-08-20T21:12:44Z
2026-08-20T20:58:57Z,2026-08-20T22:58:57+0200,39137692-6dda-43d8-82cf-b5c3d0d6ba57,2026-07-22T09:00:00Z,2026-07-22T11:00:00+0200,183.0,MW,PT,PT,forecast_onshore_wind_generation,Wind Onshore,2026-08-20T21:12:44Z
2026-08-20T20:58:57Z,2026-08-20T22:58:57+0200,39137692-6dda-43d8-82cf-b5c3d0d6ba57,2026-07-22T10:00:00Z,2026-07-22T12:00:00+0200,203.2,MW,PT,PT,forecast_onshore_wind_generation,Wind Onshore,2026-08-20T21:12:44Z
2026-08-20T20:58:57Z,2026-08-20T22:58:57+0200,39137692-6dda-43d8-82cf-b5c3d0d6ba57,2026-07-22T11:00:00Z,2026-07-22T13:00:00+0200,252.8,MW,PT,PT,forecast_onshore_wind_generation,Wind Onshore,2026-08-20T21:12:44Z
2026-08-20T20:58:57Z,2026-08-20T22:58:57+0200,39137692-6dda-43d8-82cf-b5c3d0d6ba57,2026-07-22T12:00:00Z,2026-07-22T14:00:00+0200,336.7,MW,PT,PT,forecast_onshore_wind_generation,Wind Onshore,2026-08-20T21:12:44Z
2026-08-20T20:58:57Z,2026-08-20T22:58:57+0200,39137692-6dda-43d8-82cf-b5c3d0d6ba57,2026-07-22T13:00:00Z,2026-07-22T15:00:00+0200,446.4,MW,PT,PT,forecast_onshore_wind_generation,Wind Onshore,2026-08-20T21:12:44Z
2026-08-20T20:58:57Z,2026-08-20T22:58:57+0200,39137692-6dda-43d8-82cf-b5c3d0d6ba57,2026-07-22T14:00:00Z,2026-07-22T16:00:00+0200,566.2,MW,PT,PT,forecast_onshore_wind_generation,Wind Onshore,2026-08-20T21:12:44Z
2026-08-20T20:58:57Z,2026-08-20T22:58:57+0200,39137692-6dda-43d8-82cf-b5c3d0d6ba57,2026-07-22T15:00:00Z,2026-07-22T17:00:00+0200,687.9,MW,PT,PT,forecast_onshore_wind_generation,Wind Onshore,2026-08-20T21:12:44Z
2026-08-20T20:58:57Z,2026-08-20T22:58:57+0200,39137692-6dda-43d8-82cf-b5c3d0d6ba57,2026-07-22T16:00:00Z,2026-07-22T18:00:00+0200,781.3,MW,PT,PT,forecast_onshore_wind_generation,Wind Onshore,2026-08-20T21:12:44Z
2026-08-20T20:58:57Z,2026-08-20T22:58:57+0200,39137692-6dda-43d8-82cf-b5c3d0d6ba57,2026-07-22T17:00:00Z,2026-07-22T19:00:00+0200,832.5,MW,PT,PT,forecast_onshore_wind_generation,Wind Onshore,2026-08-20T21:12:44Z
2026-08-20T20:58:57Z,2026-08-20T22:58:57+0200,39137692-6dda-43d8-82cf-b5c3d0d6ba57,2026-07-22T18:00:00Z,2026-07-22T20:00:00+0200,848.6,MW,PT,PT,forecast_onshore_wind_generation,Wind Onshore,2026-08-20T21:12:44Z
2026-08-20T20:58:57Z,2026-08-20T22:58:57+0200,39137692-6dda-43d8-82cf-b5c3d0d6ba57,2026-07-22T19:00:00Z,2026-07-22T21:00:00+0200,829.6,MW,PT,PT,forecast_onshore_wind_generation,Wind Onshore,2026-08-20T21:12:44Z
2026-08-20T20:58:57Z,2026-08-20T22:58:57+0200,39137692-6dda-43d8-82cf-b5c3d0d6ba57,2026-07-22T20:00:00Z,2026-07-22T22:00:00+0200,798.2,MW,PT,PT,forecast_onshore_wind_generation,Wind Onshore,2026-08-20T21:12:44Z
2026-08-20T20:58:57Z,2026-08-20T22:58:57+0200,39137692-6dda-43d8-82cf-b5c3d0d6ba57,2026-07-22T21:00:00Z,2026-07-22T23:00:00+0200,758.2,MW,PT,PT,forecast_onshore_wind_generation,Wind Onshore,2026-08-20T21:12:44Z
2026-08-20T20:58:57Z,2026-08-20T22:58:57+0200,39137692-6dda-43d8-82cf-b5c3d0d6ba57,2026-07-22T22:00:00Z,2026-07-23T00:00:00+0200,720.4,MW,PT,PT,forecast_onshore_wind_generation,Wind Onshore,2026-08-20T21:12:44Z
2026-08-20T20:58:57Z,2026-08-20T22:58:57+0200,39137692-6dda-43d8-82cf-b5c3d0d6ba57,2026-07-22T23:00:00Z,2026-07-23T01:00:00+0200,665.8,MW,PT,PT,forecast_onshore_wind_generation,Wind Onshore,2026-08-20T21:12:44Z
2026-08-20T20:58:57Z,2026-08-20T22:58:57+0200,39137692-6dda-43d8-82cf-b5c3d0d6ba57,2026-07-23T00:00:00Z,2026-07-23T02:00:00+0200,622.3,MW,PT,PT,forecast_onshore_wind_generation,Wind Onshore,2026-08-20T21:12:44Z
2026-08-20T20:58:57Z,2026-08-20T22:58:57+0200,39137692-6dda-43d8-82cf-b5c3d0d6ba57,2026-07-23T01:00:00Z,2026-07-23T03:00:00+0200,575.8,MW,PT,PT,forecast_onshore_wind_generation,Wind Onshore,2026-08-20T21:12:44Z
2026-08-20T20:58:57Z,2026-08-20T22:58:57+0200,39137692-6dda-43d8-82cf-b5c3d0d6ba57,2026-07-23T02:00:00Z,2026-07-23T04:00:00+0200,525.0,MW,PT,PT,forecast_onshore_wind_generation,Wind Onshore,2026-08-20T21:12:44Z
2026-08-20T20:58:57Z,2026-08-20T22:58:57+0200,39137692-6dda-43d8-82cf-b5c3d0d6ba57,2026-07-23T03:00:00Z,2026-07-23T05:00:00+0200,479.3,MW,PT,PT,forecast_onshore_wind_generation,Wind Onshore,2026-08-20T21:12:44Z
2026-08-20T20:58:57Z,2026-08-20T22:58:57+0200,39137692-6dda-43d8-82cf-b5c3d0d6ba57,2026-07-23T04:00:00Z,2026-07-23T06:00:00+0200,446.9,MW,PT,PT,forecast_onshore_wind_generation,Wind Onshore,2026-08-20T21:12:44Z
2026-08-20T20:58:57Z,2026-08-20T22:58:57+0200,39137692-6dda-43d8-82cf-b5c3d0d6ba57,2026-07-23T05:00:00Z,2026-07-23T07:00:00+0200,421.8,MW,PT,PT,forecast_onshore_wind_generation,Wind Onshore,2026-08-20T21:12:44Z
2026-08-20T20:58:57Z,2026-08-20T22:58:57+0200,39137692-6dda-43d8-82cf-b5c3d0d6ba57,2026-07-23T06:00:00Z,2026-07-23T08:00:00+0200,369.6,MW,PT,PT,forecast_onshore_wind_generation,Wind Onshore,2026-08-20T21:12:44Z
2026-08-20T20:58:57Z,2026-08-20T22:58:57+0200,39137692-6dda-43d8-82cf-b5c3d0d6ba57,2026-07-23T07:00:00Z,2026-07-23T09:00:00+0200,298.5,MW,PT,PT,forecast_onshore_wind_generation,Wind Onshore,2026-08-20T21:12:44Z
2026-08-20T20:58:57Z,2026-08-20T22:58:57+0200,39137692-6dda-43d8-82cf-b5c3d0d6ba57,2026-07-23T08:00:00Z,2026-07-23T10:00:00+0200,246.0,MW,PT,PT,forecast_onshore_wind_generation,Wind Onshore,2026-08-20T21:12:44Z
2026-08-20T20:58:57Z,2026-08-20T22:58:57+0200,39137692-6dda-43d8-82cf-b5c3d0d6ba57,2026-07-23T09:00:00Z,2026-07-23T11:00:00+0200,232.6,MW,PT,PT,forecast_onshore_wind_generation,Wind Onshore,2026-08-20T21:12:44Z
2026-08-20T20:58:57Z,2026-08-20T22:58:57+0200,39137692-6dda-43d8-82cf-b5c3d0d6ba57,2026-07-23T10:00:00Z,2026-07-23T12:00:00+0200,256.3,MW,PT,PT,forecast_onshore_wind_generation,Wind Onshore,2026-08-20T21:12:44Z
2026-08-20T20:58:57Z,2026-08-20T22:58:57+0200,39137692-6dda-43d8-82cf-b5c3d0d6ba57,2026-07-23T11:00:00Z,2026-07-23T13:00:00+0200,327.1,MW,PT,PT,forecast_onshore_wind_generation,Wind Onshore,2026-08-20T21:12:44Z
2026-08-20T20:58:57Z,2026-08-20T22:58:57+0200,39137692-6dda-43d8-82cf-b5c3d0d6ba57,2026-07-23T12:00:00Z,2026-07-23T14:00:00+0200,454.8,MW,PT,PT,forecast_onshore_wind_generation,Wind Onshore,2026-08-20T21:12:44Z
2026-08-20T20:58:57Z,2026-08-20T22:58:57+0200,39137692-6dda-43d8-82cf-b5c3d0d6ba57,2026-07-23T13:00:00Z,2026-07-23T15:00:00+0200,641.7,MW,PT,PT,forecast_onshore_wind_generation,Wind Onshore,2026-08-20T21:12:44Z
2026-08-20T20:58:57Z,2026-08-20T22:58:57+0200,39137692-6dda-43d8-82cf-b5c3d0d6ba57,2026-07-23T14:00:00Z,2026-07-23T16:00:00+0200,822.5,MW,PT,PT,forecast_onshore_wind_generation,Wind Onshore,2026-08-20T21:12:44Z
2026-08-20T20:58:57Z,2026-08-20T22:58:57+0200,39137692-6dda-43d8-82cf-b5c3d0d6ba57,2026-07-23T15:00:00Z,2026-07-23T17:00:00+0200,976.8,MW,PT,PT,forecast_onshore_wind_generation,Wind Onshore,2026-08-20T21:12:44Z
2026-08-20T20:58:57Z,2026-08-20T22:58:57+0200,39137692-6dda-43d8-82cf-b5c3d0d6ba57,2026-07-23T16:00:00Z,2026-07-23T18:00:00+0200,1093.1,MW,PT,PT,forecast_onshore_wind_generation,Wind Onshore,2026-08-20T21:12:44Z
2026-08-20T20:58:57Z,2026-08-20T22:58:57+0200,39137692-6dda-43d8-82cf-b5c3d0d6ba57,2026-07-23T17:00:00Z,2026-07-23T19:00:00+0200,1170.0,MW,PT,PT,forecast_onshore_wind_generation,Wind Onshore,2026-08-20T21:12:44Z
2026-08-20T20:58:57Z,2026-08-20T22:58:57+0200,39137692-6dda-43d8-82cf-b5c3d0d6ba57,2026-07-23T18:00:00Z,2026-07-23T20:00:00+0200,1206.1,MW,PT,PT,forecast_onshore_wind_generation,Wind Onshore,2026-08-20T21:12:44Z
2026-08-20T20:58:57Z,2026-08-20T22:58:57+0200,39137692-6dda-43d8-82cf-b5c3d0d6ba57,2026-07-23T19:00:00Z,2026-07-23T21:00:00+0200,1185.5,MW,PT,PT,forecast_onshore_wind_generation,Wind Onshore,2026-08-20T21:12:44Z
2026-08-20T20:58:57Z,2026-08-20T22:58:57+0200,39137692-6dda-43d8-82cf-b5c3d0d6ba57,2026-07-23T20:00:00Z,2026-07-23T22:00:00+0200,1117.3,MW,PT,PT,forecast_onshore_wind_generation,Wind Onshore,2026-08-20T21:12:44Z
2026-08-20T20:58:57Z,2026-08-20T22:58:57+0200,39137692-6dda-43d8-82cf-b5c3d0d6ba57,2026-07-23T21:00:00Z,2026-07-23T23:00:00+0200,1055.9,MW,PT,PT,forecast_onshore_wind_generation,Wind Onshore,2026-08-20T21:12:44Z
2026-08-20T20:58:57Z,2026-08-20T22:58:57+0200,39137692-6dda-43d8-82cf-b5c3d0d6ba57,2026-07-23T22:00:00Z,2026-07-24T00:00:00+0200,1127.7,MW,PT,PT,forecast_onshore_wind_generation,Wind Onshore,2026-08-20T21:12:44Z
2026-08-20T20:58:57Z,2026-08-20T22:58:57+0200,39137692-6dda-43d8-82cf-b5c3d0d6ba57,2026-07-23T23:00:00Z,2026-07-24T01:00:00+0200,1129.9,MW,PT,PT,forecast_onshore_wind_generation,Wind Onshore,2026-08-20T21:12:44Z
2026-08-20T20:58:57Z,2026-08-20T22:58:57+0200,39137692-6dda-43d8-82cf-b5c3d0d6ba57,2026-07-24T00:00:00Z,2026-07-24T02:00:00+0200,1151.6,MW,PT,PT,forecast_onshore_wind_generation,Wind Onshore,2026-08-20T21:12:44Z
2026-08-20T20:58:57Z,2026-08-20T22:58:57+0200,39137692-6dda-43d8-82cf-b5c3d0d6ba57,2026-07-24T01:00:00Z,2026-07-24T03:00:00+0200,1170.5,MW,PT,PT,forecast_onshore_wind_generation,Wind Onshore,2026-08-20T21:12:44Z
2026-08-20T20:58:57Z,2026-08-20T22:58:57+0200,39137692-6dda-43d8-82cf-b5c3d0d6ba57,2026-07-24T02:00:00Z,2026-07-24T04:00:00+0200,1149.7,MW,PT,PT,forecast_onshore_wind_generation,Wind Onshore,2026-08-20T21:12:44Z
2026-08-20T20:58:57Z,2026-08-20T22:58:57+0200,39137692-6dda-43d8-82cf-b5c3d0d6ba57,2026-07-24T03:00:00Z,2026-07-24T05:00:00+0200,1130.0,MW,PT,PT,forecast_onshore_wind_generation,Wind Onshore,2026-08-20T21:12:44Z
2026-08-20T20:58:57Z,2026-08-20T22:58:57+0200,39137692-6dda-43d8-82cf-b5c3d0d6ba57,2026-07-24T04:00:00Z,2026-07-24T06:00:00+0200,1111.9,MW,PT,PT,forecast_onshore_wind_generation,Wind Onshore,2026-08-20T21:12:44Z
2026-08-20T20:58:57Z,2026-08-20T22:58:57+0200,39137692-6dda-43d8-82cf-b5c3d0d6ba57,2026-07-24T05:00:00Z,2026-07-24T07:00:00+0200,1068.0,MW,PT,PT,forecast_onshore_wind_generation,Wind Onshore,2026-08-20T21:12:44Z
2026-08-20T20:58:57Z,2026-08-20T22:58:57+0200,39137692-6dda-43d8-82cf-b5c3d0d6ba57,2026-07-24T06:00:00Z,2026-07-24T08:00:00+0200,1010.6,MW,PT,PT,forecast_onshore_wind_generation,Wind Onshore,2026-08-20T21:12:44Z
2026-08-20T20:58:57Z,2026-08-20T22:58:57+0200,39137692-6dda-43d8-82cf-b5c3d0d6ba57,2026-07-24T07:00:00Z,2026-07-24T09:00:00+0200,961.8,MW,PT,PT,forecast_onshore_wind_generation,Wind Onshore,2026-08-20T21:12:44Z
2026-08-20T20:58:57Z,2026-08-20T22:58:57+0200,39137692-6dda-43d8-82cf-b5c3d0d6ba57,2026-07-24T08:00:00Z,2026-07-24T10:00:00+0200,962.2,MW,PT,PT,forecast_onshore_wind_generation,Wind Onshore,2026-08-20T21:12:44Z
2026-08-20T20:58:57Z,2026-08-20T22:58:57+0200,39137692-6dda-43d8-82cf-b5c3d0d6ba57,2026-07-24T09:00:00Z,2026-07-24T11:00:00+0200,1032.9,MW,PT,PT,forecast_onshore_wind_generation,Wind Onshore,2026-08-20T21:12:44Z
2026-08-20T20:58:57Z,2026-08-20T22:58:57+0200,39137692-6dda-43d8-82cf-b5c3d0d6ba57,2026-07-24T10:00:00Z,2026-07-24T12:00:00+0200,1197.7,MW,PT,PT,forecast_onshore_wind_generation,Wind Onshore,2026-08-20T21:12:44Z
2026-08-20T20:58:57Z,2026-08-20T22:58:57+0200,39137692-6dda-43d8-82cf-b5c3d0d6ba57,2026-07-24T11:00:00Z,2026-07-24T13:00:00+0200,1430.5,MW,PT,PT,forecast_onshore_wind_generation,Wind Onshore,2026-08-20T21:12:44Z
2026-08-20T20:58:57Z,2026-08-20T22:58:57+0200,39137692-6dda-43d8-82cf-b5c3d0d6ba57,2026-07-24T12:00:00Z,2026-07-24T14:00:00+0200,1674.4,MW,PT,PT,forecast_onshore_wind_generation,Wind Onshore,2026-08-20T21:12:44Z
2026-08-20T20:58:57Z,2026-08-20T22:58:57+0200,39137692-6dda-43d8-82cf-b5c3d0d6ba57,2026-07-24T13:00:00Z,2026-07-24T15:00:00+0200,1934.5,MW,PT,PT,forecast_onshore_wind_generation,Wind Onshore,2026-08-20T21:12:44Z
2026-08-20T20:58:57Z,2026-08-20T22:58:57+0200,39137692-6dda-43d8-82cf-b5c3d0d6ba57,2026-07-24T14:00:00Z,2026-07-24T16:00:00+0200,2102.1,MW,PT,PT,forecast_onshore_wind_generation,Wind Onshore,2026-08-20T21:12:44Z
2026-08-20T20:58:57Z,2026-08-20T22:58:57+0200,39137692-6dda-43d8-82cf-b5c3d0d6ba57,2026-07-24T15:00:00Z,2026-07-24T17:00:00+0200,2193.1,MW,PT,PT,forecast_onshore_wind_generation,Wind Onshore,2026-08-20T21:12:44Z
2026-08-20T20:58:57Z,2026-08-20T22:58:57+0200,39137692-6dda-43d8-82cf-b5c3d0d6ba57,2026-07-24T16:00:00Z,2026-07-24T18:00:00+0200,2206.8,MW,PT,PT,forecast_onshore_wind_generation,Wind Onshore,2026-08-20T21:12:44Z
2026-08-20T20:58:57Z,2026-08-20T22:58:57+0200,39137692-6dda-43d8-82cf-b5c3d0d6ba57,2026-07-24T17:00:00Z,2026-07-24T19:00:00+0200,2138.4,MW,PT,PT,forecast_onshore_wind_generation,Wind Onshore,2026-08-20T21:12:44Z
2026-08-20T20:58:57Z,2026-08-20T22:58:57+0200,39137692-6dda-43d8-82cf-b5c3d0d6ba57,2026-07-24T18:00:00Z,2026-07-24T20:00:00+0200,2020.6,MW,PT,PT,forecast_onshore_wind_generation,Wind Onshore,2026-08-20T21:12:44Z
2026-08-20T20:58:57Z,2026-08-20T22:58:57+0200,39137692-6dda-43d8-82cf-b5c3d0d6ba57,2026-07-24T19:00:00Z,2026-07-24T21:00:00+0200,1825.3,MW,PT,PT,forecast_onshore_wind_generation,Wind Onshore,2026-08-20T21:12:44Z
2026-08-20T20:58:57Z,2026-08-20T22:58:57+0200,39137692-6dda-43d8-82cf-b5c3d0d6ba57,2026-07-24T20:00:00Z,2026-07-24T22:00:00+0200,1619.2,MW,PT,PT,forecast_onshore_wind_generation,Wind Onshore,2026-08-20T21:12:44Z
2026-08-20T20:58:57Z,2026-08-20T22:58:57+0200,39137692-6dda-43d8-82cf-b5c3d0d6ba57,2026-07-24T21:00:00Z,2026-07-24T23:00:00+0200,1437.7,MW,PT,PT,forecast_onshore_wind_generation,Wind Onshore,2026-08-20T21:12:44Z
2026-08-20T20:58:57Z,2026-08-20T22:58:57+0200,39137692-6dda-43d8-82cf-b5c3d0d6ba57,2026-07-24T22:00:00Z,2026-07-25T00:00:00+0200,1483.2,MW,PT,PT,forecast_onshore_wind_generation,Wind Onshore,2026-08-20T21:12:44Z
2026-08-20T20:58:57Z,2026-08-20T22:58:57+0200,39137692-6dda-43d8-82cf-b5c3d0d6ba57,2026-07-24T23:00:00Z,2026-07-25T01:00:00+0200,1436.5,MW,PT,PT,forecast_onshore_wind_generation,Wind Onshore,2026-08-20T21:12:44Z
2026-08-20T20:58:57Z,2026-08-20T22:58:57+0200,39137692-6dda-43d8-82cf-b5c3d0d6ba57,2026-07-25T00:00:00Z,2026-07-25T02:00:00+0200,1421.5,MW,PT,PT,forecast_onshore_wind_generation,Wind Onshore,2026-08-20T21:12:44Z
2026-08-20T20:58:57Z,2026-08-20T22:58:57+0200,39137692-6dda-43d8-82cf-b5c3d0d6ba57,2026-07-25T01:00:00Z,2026-07-25T03:00:00+0200,1402.6,MW,PT,PT,forecast_onshore_wind_generation,Wind Onshore,2026-08-20T21:12:44Z
2026-08-20T20:58:57Z,2026-08-20T22:58:57+0200,39137692-6dda-43d8-82cf-b5c3d0d6ba57,2026-07-25T02:00:00Z,2026-07-25T04:00:00+0200,1403.0,MW,PT,PT,forecast_onshore_wind_generation,Wind Onshore,2026-08-20T21:12:44Z
2026-08-20T20:58:57Z,2026-08-20T22:58:57+0200,39137692-6dda-43d8-82cf-b5c3d0d6ba57,2026-07-25T03:00:00Z,2026-07-25T05:00:00+0200,1427.4,MW,PT,PT,forecast_onshore_wind_generation,Wind Onshore,2026-08-20T21:12:44Z
2026-08-20T20:58:57Z,2026-08-20T22:58:57+0200,39137692-6dda-43d8-82cf-b5c3d0d6ba57,2026-07-25T04:00:00Z,2026-07-25T06:00:00+0200,1461.6,MW,PT,PT,forecast_onshore_wind_generation,Wind Onshore,2026-08-20T21:12:44Z
2026-08-20T20:58:57Z,2026-08-20T22:58:57+0200,39137692-6dda-43d8-82cf-b5c3d0d6ba57,2026-07-25T05:00:00Z,2026-07-25T07:00:00+0200,1487.0,MW,PT,PT,forecast_onshore_wind_generation,Wind Onshore,2026-08-20T21:12:44Z
2026-08-20T20:58:57Z,2026-08-20T22:58:57+0200,39137692-6dda-43d8-82cf-b5c3d0d6ba57,2026-07-25T06:00:00Z,2026-07-25T08:00:00+0200,1456.4,MW,PT,PT,forecast_onshore_wind_generation,Wind Onshore,2026-08-20T21:12:44Z
2026-08-20T20:58:57Z,2026-08-20T22:58:57+0200,39137692-6dda-43d8-82cf-b5c3d0d6ba57,2026-07-25T07:00:00Z,2026-07-25T09:00:00+0200,1398.1,MW,PT,PT,forecast_onshore_wind_generation,Wind Onshore,2026-08-20T21:12:44Z
2026-08-20T20:58:57Z,2026-08-20T22:58:57+0200,39137692-6dda-43d8-82cf-b5c3d0d6ba57,2026-07-25T08:00:00Z,2026-07-25T10:00:00+0200,1344.1,MW,PT,PT,forecast_onshore_wind_generation,Wind Onshore,2026-08-20T21:12:44Z
2026-08-20T20:58:57Z,2026-08-20T22:58:57+0200,39137692-6dda-43d8-82cf-b5c3d0d6ba57,2026-07-25T09:00:00Z,2026-07-25T11:00:00+0200,1328.3,MW,PT,PT,forecast_onshore_wind_generation,Wind Onshore,2026-08-20T21:12:44Z
2026-08-20T20:58:57Z,2026-08-20T22:58:57+0200,39137692-6dda-43d8-82cf-b5c3d0d6ba57,2026-07-25T10:00:00Z,2026-07-25T12:00:00+0200,1366.5,MW,PT,PT,forecast_onshore_wind_generation,Wind Onshore,2026-08-20T21:12:44Z
2026-08-20T20:58:57Z,2026-08-20T22:58:57+0200,39137692-6dda-43d8-82cf-b5c3d0d6ba57,2026-07-25T11:00:00Z,2026-07-25T13:00:00+0200,1442.5,MW,PT,PT,forecast_onshore_wind_generation,Wind Onshore,2026-08-20T21:12:44Z
2026-08-20T20:58:57Z,2026-08-20T22:58:57+0200,39137692-6dda-43d8-82cf-b5c3d0d6ba57,2026-07-25T12:00:00Z,2026-07-25T14:00:00+0200,1558.2,MW,PT,PT,forecast_onshore_wind_generation,Wind Onshore,2026-08-20T21:12:44Z
2026-08-20T20:58:57Z,2026-08-20T22:58:57+0200,39137692-6dda-43d8-82cf-b5c3d0d6ba57,2026-07-25T13:00:00Z,2026-07-25T15:00:00+0200,1762.1,MW,PT,PT,forecast_onshore_wind_generation,Wind Onshore,2026-08-20T21:12:44Z
2026-08-20T20:58:57Z,2026-08-20T22:58:57+0200,39137692-6dda-43d8-82cf-b5c3d0d6ba57,2026-07-25T14:00:00Z,2026-07-25T16:00:00+0200,1966.3,MW,PT,PT,forecast_onshore_wind_generation,Wind Onshore,2026-08-20T21:12:44Z
2026-08-20T20:58:57Z,2026-08-20T22:58:57+0200,39137692-6dda-43d8-82cf-b5c3d0d6ba57,2026-07-25T15:00:00Z,2026-07-25T17:00:00+0200,2153.3,MW,PT,PT,forecast_onshore_wind_generation,Wind Onshore,2026-08-20T21:12:44Z
2026-08-20T20:58:57Z,2026-08-20T22:58:57+0200,39137692-6dda-43d8-82cf-b5c3d0d6ba57,2026-07-25T16:00:00Z,2026-07-25T18:00:00+0200,2323.4,MW,PT,PT,forecast_onshore_wind_generation,Wind Onshore,2026-08-20T21:12:44Z
2026-08-20T20:58:57Z,2026-08-20T22:58:57+0200,39137692-6dda-43d8-82cf-b5c3d0d6ba57,2026-07-25T17:00:00Z,2026-07-25T19:00:00+0200,2447.0,MW,PT,PT,forecast_onshore_wind_generation,Wind Onshore,2026-08-20T21:12:44Z
2026-08-20T20:58:57Z,2026-08-20T22:58:57+0200,39137692-6dda-43d8-82cf-b5c3d0d6ba57,2026-07-25T18:00:00Z,2026-07-25T20:00:00+0200,2513.2,MW,PT,PT,forecast_onshore_wind_generation,Wind Onshore,2026-08-20T21:12:44Z
2026-08-20T20:58:57Z,2026-08-20T22:58:57+0200,39137692-6dda-43d8-82cf-b5c3d0d6ba57,2026-07-25T19:00:00Z,2026-07-25T21:00:00+0200,2461.7,MW,PT,PT,forecast_onshore_wind_generation,Wind Onshore,2026-08-20T21:12:44Z
2026-08-20T20:58:57Z,2026-08-20T22:58:57+0200,39137692-6dda-43d8-82cf-b5c3d0d6ba57,2026-07-25T20:00:00Z,2026-07-25T22:00:00+0200,2329.2,MW,PT,PT,forecast_onshore_wind_generation,Wind Onshore,2026-08-20T21:12:44Z
2026-08-20T20:58:57Z,2026-08-20T22:58:57+0200,39137692-6dda-43d8-82cf-b5c3d0d6ba57,2026-07-25T21:00:00Z,2026-07-25T23:00:00+0200,2169.7,MW,PT,PT,forecast_onshore_wind_generation,Wind Onshore,2026-08-20T21:12:44Z
2026-08-20T20:58:57Z,2026-08-20T22:58:57+0200,39137692-6dda-43d8-82cf-b5c3d0d6ba57,2026-07-25T22:00:00Z,2026-07-26T00:00:00+0200,1944.1,MW,PT,PT,forecast_onshore_wind_generation,Wind Onshore,2026-08-20T21:12:44Z
2026-08-20T20:58:57Z,2026-08-20T22:58:57+0200,39137692-6dda-43d8-82cf-b5c3d0d6ba57,2026-07-25T23:00:00Z,2026-07-26T01:00:00+0200,1829.5,MW,PT,PT,forecast_onshore_wind_generation,Wind Onshore,2026-08-20T21:12:44Z
2026-08-20T20:58:57Z,2026-08-20T22:58:57+0200,39137692-6dda-43d8-82cf-b5c3d0d6ba57,2026-07-26T00:00:00Z,2026-07-26T02:00:00+0200,1727.4,MW,PT,PT,forecast_onshore_wind_generation,Wind Onshore,2026-08-20T21:12:44Z
2026-08-20T20:58:57Z,2026-08-20T22:58:57+0200,39137692-6dda-43d8-82cf-b5c3d0d6ba57,2026-07-26T01:00:00Z,2026-07-26T03:00:00+0200,1633.7,MW,PT,PT,forecast_onshore_wind_generation,Wind Onshore,2026-08-20T21:12:44Z
2026-08-20T20:58:57Z,2026-08-20T22:58:57+0200,39137692-6dda-43d8-82cf-b5c3d0d6ba57,2026-07-26T02:00:00Z,2026-07-26T04:00:00+0200,1540.6,MW,PT,PT,forecast_onshore_wind_generation,Wind Onshore,2026-08-20T21:12:44Z
2026-08-20T20:58:57Z,2026-08-20T22:58:57+0200,39137692-6dda-43d8-82cf-b5c3d0d6ba57,2026-07-26T03:00:00Z,2026-07-26T05:00:00+0200,1441.3,MW,PT,PT,forecast_onshore_wind_generation,Wind Onshore,2026-08-20T21:12:44Z
2026-08-20T20:58:57Z,2026-08-20T22:58:57+0200,39137692-6dda-43d8-82cf-b5c3d0d6ba57,2026-07-26T04:00:00Z,2026-07-26T06:00:00+0200,1324.7,MW,PT,PT,forecast_onshore_wind_generation,Wind Onshore,2026-08-20T21:12:44Z
2026-08-20T20:58:57Z,2026-08-20T22:58:57+0200,39137692-6dda-43d8-82cf-b5c3d0d6ba57,2026-07-26T05:00:00Z,2026-07-26T07:00:00+0200,1180.4,MW,PT,PT,forecast_onshore_wind_generation,Wind Onshore,2026-08-20T21:12:44Z
2026-08-20T20:58:57Z,2026-08-20T22:58:57+0200,39137692-6dda-43d8-82cf-b5c3d0d6ba57,2026-07-26T06:00:00Z,2026-07-26T08:00:00+0200,991.6,MW,PT,PT,forecast_onshore_wind_generation,Wind Onshore,2026-08-20T21:12:44Z
2026-08-20T20:58:57Z,2026-08-20T22:58:57+0200,39137692-6dda-43d8-82cf-b5c3d0d6ba57,2026-07-26T07:00:00Z,2026-07-26T09:00:00+0200,754.5,MW,PT,PT,forecast_onshore_wind_generation,Wind Onshore,2026-08-20T21:12:44Z
2026-08-20T20:58:57Z,2026-08-20T22:58:57+0200,39137692-6dda-43d8-82cf-b5c3d0d6ba57,2026-07-26T08:00:00Z,2026-07-26T10:00:00+0200,539.6,MW,PT,PT,forecast_onshore_wind_generation,Wind Onshore,2026-08-20T21:12:44Z
2026-08-20T20:58:57Z,2026-08-20T22:58:57+0200,39137692-6dda-43d8-82cf-b5c3d0d6ba57,2026-07-26T09:00:00Z,2026-07-26T11:00:00+0200,421.3,MW,PT,PT,forecast_onshore_wind_generation,Wind Onshore,2026-08-20T21:12:44Z
2026-08-20T20:58:57Z,2026-08-20T22:58:57+0200,39137692-6dda-43d8-82cf-b5c3d0d6ba57,2026-07-26T10:00:00Z,2026-07-26T12:00:00+0200,383.4,MW,PT,PT,forecast_onshore_wind_generation,Wind Onshore,2026-08-20T21:12:44Z
2026-08-20T20:58:57Z,2026-08-20T22:58:57+0200,39137692-6dda-43d8-82cf-b5c3d0d6ba57,2026-07-26T11:00:00Z,2026-07-26T13:00:00+0200,391.9,MW,PT,PT,forecast_onshore_wind_generation,Wind Onshore,2026-08-20T21:12:44Z
2026-08-20T20:58:57Z,2026-08-20T22:58:57+0200,39137692-6dda-43d8-82cf-b5c3d0d6ba57,2026-07-26T12:00:00Z,2026-07-26T14:00:00+0200,438.7,MW,PT,PT,forecast_onshore_wind_generation,Wind Onshore,2026-08-20T21:12:44Z
2026-08-20T20:58:57Z,2026-08-20T22:58:57+0200,39137692-6dda-43d8-82cf-b5c3d0d6ba57,2026-07-26T13:00:00Z,2026-07-26T15:00:00+0200,528.1,MW,PT,PT,forecast_onshore_wind_generation,Wind Onshore,2026-08-20T21:12:44Z
2026-08-20T20:58:57Z,2026-08-20T22:58:57+0200,39137692-6dda-43d8-82cf-b5c3d0d6ba57,2026-07-26T14:00:00Z,2026-07-26T16:00:00+0200,642.6,MW,PT,PT,forecast_onshore_wind_generation,Wind Onshore,2026-08-20T21:12:44Z
2026-08-20T20:58:57Z,2026-08-20T22:58:57+0200,39137692-6dda-43d8-82cf-b5c3d0d6ba57,2026-07-26T15:00:00Z,2026-07-26T17:00:00+0200,762.8,MW,PT,PT,forecast_onshore_wind_generation,Wind Onshore,2026-08-20T21:12:44Z
2026-08-20T20:58:57Z,2026-08-20T22:58:57+0200,39137692-6dda-43d8-82cf-b5c3d0d6ba57,2026-07-26T16:00:00Z,2026-07-26T18:00:00+0200,862.6,MW,PT,PT,forecast_onshore_wind_generation,Wind Onshore,2026-08-20T21:12:44Z
2026-08-20T20:58:57Z,2026-08-20T22:58:57+0200,39137692-6dda-43d8-82cf-b5c3d0d6ba57,2026-07-26T17:00:00Z,2026-07-26T19:00:00+0200,935.8,MW,PT,PT,forecast_onshore_wind_generation,Wind Onshore,2026-08-20T21:12:44Z
2026-08-20T20:58:57Z,2026-08-20T22:58:57+0200,39137692-6dda-43d8-82cf-b5c3d0d6ba57,2026-07-26T18:00:00Z,2026-07-26T20:00:00+0200,1002.6,MW,PT,PT,forecast_onshore_wind_generation,Wind Onshore,2026-08-20T21:12:44Z
2026-08-20T20:58:57Z,2026-08-20T22:58:57+0200,39137692-6dda-43d8-82cf-b5c3d0d6ba57,2026-07-26T19:00:00Z,2026-07-26T21:00:00+0200,1083.2,MW,PT,PT,forecast_onshore_wind_generation,Wind Onshore,2026-08-20T21:12:44Z
2026-08-20T20:58:57Z,2026-08-20T22:58:57+0200,39137692-6dda-43d8-82cf-b5c3d0d6ba57,2026-07-26T20:00:00Z,2026-07-26T22:00:00+0200,1176.3,MW,PT,PT,forecast_onshore_wind_generation,Wind Onshore,2026-08-20T21:12:44Z
2026-08-20T20:58:57Z,2026-08-20T22:58:57+0200,39137692-6dda-43d8-82cf-b5c3d0d6ba57,2026-07-26T21:00:00Z,2026-07-26T23:00:00+0200,1216.6,MW,PT,PT,forecast_onshore_wind_generation,Wind Onshore,2026-08-20T21:12:44Z
2026-08-20T20:58:57Z,2026-08-20T22:58:57+0200,39137692-6dda-43d8-82cf-b5c3d0d6ba57,2026-07-26T22:00:00Z,2026-07-27T00:00:00+0200,1031.3,MW,PT,PT,forecast_onshore_wind_generation,Wind Onshore,2026-08-20T21:12:44Z
2026-08-20T20:58:57Z,2026-08-20T22:58:57+0200,39137692-6dda-43d8-82cf-b5c3d0d6ba57,2026-07-26T23:00:00Z,2026-07-27T01:00:00+0200,988.3,MW,PT,PT,forecast_onshore_wind_generation,Wind Onshore,2026-08-20T21:12:44Z
2026-08-20T20:58:57Z,2026-08-20T22:58:57+0200,39137692-6dda-43d8-82cf-b5c3d0d6ba57,2026-07-27T00:00:00Z,2026-07-27T02:00:00+0200,972.2,MW,PT,PT,forecast_onshore_wind_generation,Wind Onshore,2026-08-20T21:12:44Z
2026-08-20T20:58:57Z,2026-08-20T22:58:57+0200,39137692-6dda-43d8-82cf-b5c3d0d6ba57,2026-07-27T01:00:00Z,2026-07-27T03:00:00+0200,998.8,MW,PT,PT,forecast_onshore_wind_generation,Wind Onshore,2026-08-20T21:12:44Z
2026-08-20T20:58:57Z,2026-08-20T22:58:57+0200,39137692-6dda-43d8-82cf-b5c3d0d6ba57,2026-07-27T02:00:00Z,2026-07-27T04:00:00+0200,1060.2,MW,PT,PT,forecast_onshore_wind_generation,Wind Onshore,2026-08-20T21:12:44Z
2026-08-20T20:58:57Z,2026-08-20T22:58:57+0200,39137692-6dda-43d8-82cf-b5c3d0d6ba57,2026-07-27T03:00:00Z,2026-07-27T05:00:00+0200,1140.2,MW,PT,PT,forecast_onshore_wind_generation,Wind Onshore,2026-08-20T21:12:44Z
2026-08-20T20:58:57Z,2026-08-20T22:58:57+0200,39137692-6dda-43d8-82cf-b5c3d0d6ba57,2026-07-27T04:00:00Z,2026-07-27T06:00:00+0200,1205.5,MW,PT,PT,forecast_onshore_wind_generation,Wind Onshore,2026-08-20T21:12:44Z
2026-08-20T20:58:57Z,2026-08-20T22:58:57+0200,39137692-6dda-43d8-82cf-b5c3d0d6ba57,2026-07-27T05:00:00Z,2026-07-27T07:00:00+0200,1255.1,MW,PT,PT,forecast_onshore_wind_generation,Wind Onshore,2026-08-20T21:12:44Z
2026-08-20T20:58:57Z,2026-08-20T22:58:57+0200,39137692-6dda-43d8-82cf-b5c3d0d6ba57,2026-07-27T06:00:00Z,2026-07-27T08:00:00+0200,1275.5,MW,PT,PT,forecast_onshore_wind_generation,Wind Onshore,2026-08-20T21:12:44Z
2026-08-20T20:58:57Z,2026-08-20T22:58:57+0200,39137692-6dda-43d8-82cf-b5c3d0d6ba57,2026-07-27T07:00:00Z,2026-07-27T09:00:00+0200,1194.2,MW,PT,PT,forecast_onshore_wind_generation,Wind Onshore,2026-08-20T21:12:44Z
2026-08-20T20:58:57Z,2026-08-20T22:58:57+0200,39137692-6dda-43d8-82cf-b5c3d0d6ba57,2026-07-27T08:00:00Z,2026-07-27T10:00:00+0200,1018.7,MW,PT,PT,forecast_onshore_wind_generation,Wind Onshore,2026-08-20T21:12:44Z
2026-08-20T20:58:57Z,2026-08-20T22:58:57+0200,39137692-6dda-43d8-82cf-b5c3d0d6ba57,2026-07-27T09:00:00Z,2026-07-27T11:00:00+0200,828.4,MW,PT,PT,forecast_onshore_wind_generation,Wind Onshore,2026-08-20T21:12:44Z
2026-08-20T20:58:57Z,2026-08-20T22:58:57+0200,39137692-6dda-43d8-82cf-b5c3d0d6ba57,2026-07-27T10:00:00Z,2026-07-27T12:00:00+0200,680.4,MW,PT,PT,forecast_onshore_wind_generation,Wind Onshore,2026-08-20T21:12:44Z
2026-08-20T20:58:57Z,2026-08-20T22:58:57+0200,39137692-6dda-43d8-82cf-b5c3d0d6ba57,2026-07-27T11:00:00Z,2026-07-27T13:00:00+0200,534.0,MW,PT,PT,forecast_onshore_wind_generation,Wind Onshore,2026-08-20T21:12:44Z
2026-08-20T20:58:57Z,2026-08-20T22:58:57+0200,39137692-6dda-43d8-82cf-b5c3d0d6ba57,2026-07-27T12:00:00Z,2026-07-27T14:00:00+0200,389.5,MW,PT,PT,forecast_onshore_wind_generation,Wind Onshore,2026-08-20T21:12:44Z
2026-08-20T20:58:57Z,2026-08-20T22:58:57+0200,39137692-6dda-43d8-82cf-b5c3d0d6ba57,2026-07-27T13:00:00Z,2026-07-27T15:00:00+0200,304.2,MW,PT,PT,forecast_onshore_wind_generation,Wind Onshore,2026-08-20T21:12:44Z
2026-08-20T20:58:57Z,2026-08-20T22:58:57+0200,39137692-6dda-43d8-82cf-b5c3d0d6ba57,2026-07-27T14:00:00Z,2026-07-27T16:00:00+0200,276.3,MW,PT,PT,forecast_onshore_wind_generation,Wind Onshore,2026-08-20T21:12:44Z
2026-08-20T20:58:57Z,2026-08-20T22:58:57+0200,39137692-6dda-43d8-82cf-b5c3d0d6ba57,2026-07-27T15:00:00Z,2026-07-27T17:00:00+0200,299.3,MW,PT,PT,forecast_onshore_wind_generation,Wind Onshore,2026-08-20T21:12:44Z
2026-08-20T20:58:57Z,2026-08-20T22:58:57+0200,39137692-6dda-43d8-82cf-b5c3d0d6ba57,2026-07-27T16:00:00Z,2026-07-27T18:00:00+0200,379.7,MW,PT,PT,forecast_onshore_wind_generation,Wind Onshore,2026-08-20T21:12:44Z
2026-08-20T20:58:57Z,2026-08-20T22:58:57+0200,39137692-6dda-43d8-82cf-b5c3d0d6ba57,2026-07-27T17:00:00Z,2026-07-27T19:00:00+0200,485.7,MW,PT,PT,forecast_onshore_wind_generation,Wind Onshore,2026-08-20T21:12:44Z
2026-08-20T20:58:57Z,2026-08-20T22:58:57+0200,39137692-6dda-43d8-82cf-b5c3d0d6ba57,2026-07-27T18:00:00Z,2026-07-27T20:00:00+0200,589.3,MW,PT,PT,forecast_onshore_wind_generation,Wind Onshore,2026-08-20T21:12:44Z
2026-08-20T20:58:57Z,2026-08-20T22:58:57+0200,39137692-6dda-43d8-82cf-b5c3d0d6ba57,2026-07-27T19:00:00Z,2026-07-27T21:00:00+0200,651.0,MW,PT,PT,forecast_onshore_wind_generation,Wind Onshore,2026-08-20T21:12:44Z
2026-08-20T20:58:57Z,2026-08-20T22:58:57+0200,39137692-6dda-43d8-82cf-b5c3d0d6ba57,2026-07-27T20:00:00Z,2026-07-27T22:00:00+0200,656.8,MW,PT,PT,forecast_onshore_wind_generation,Wind Onshore,2026-08-20T21:12:44Z
2026-08-20T20:58:57Z,2026-08-20T22:58:57+0200,39137692-6dda-43d8-82cf-b5c3d0d6ba57,2026-07-27T21:00:00Z,2026-07-27T23:00:00+0200,612.6,MW,PT,PT,forecast_onshore_wind_generation,Wind Onshore,2026-08-20T21:12:44Z
2026-08-20T20:58:57Z,2026-08-20T22:58:57+0200,39137692-6dda-43d8-82cf-b5c3d0d6ba57,2026-07-27T22:00:00Z,2026-07-28T00:00:00+0200,572.9,MW,PT,PT,forecast_onshore_wind_generation,Wind Onshore,2026-08-20T21:12:44Z
2026-08-20T20:58:57Z,2026-08-20T22:58:57+0200,39137692-6dda-43d8-82cf-b5c3d0d6ba57,2026-07-27T23:00:00Z,2026-07-28T01:00:00+0200,495.1,MW,PT,PT,forecast_onshore_wind_generation,Wind Onshore,2026-08-20T21:12:44Z
2026-08-20T20:58:57Z,2026-08-20T22:58:57+0200,39137692-6dda-43d8-82cf-b5c3d0d6ba57,2026-07-28T00:00:00Z,2026-07-28T02:00:00+0200,425.4,MW,PT,PT,forecast_onshore_wind_generation,Wind Onshore,2026-08-20T21:12:44Z
2026-08-20T20:58:57Z,2026-08-20T22:58:57+0200,39137692-6dda-43d8-82cf-b5c3d0d6ba57,2026-07-28T01:00:00Z,2026-07-28T03:00:00+0200,374.8,MW,PT,PT,forecast_onshore_wind_generation,Wind Onshore,2026-08-20T21:12:44Z
2026-08-20T20:58:57Z,2026-08-20T22:58:57+0200,39137692-6dda-43d8-82cf-b5c3d0d6ba57,2026-07-28T02:00:00Z,2026-07-28T04:00:00+0200,339.1,MW,PT,PT,forecast_onshore_wind_generation,Wind Onshore,2026-08-20T21:12:44Z
2026-08-20T20:58:57Z,2026-08-20T22:58:57+0200,39137692-6dda-43d8-82cf-b5c3d0d6ba57,2026-07-28T03:00:00Z,2026-07-28T05:00:00+0200,321.5,MW,PT,PT,forecast_onshore_wind_generation,Wind Onshore,2026-08-20T21:12:44Z
2026-08-20T20:58:57Z,2026-08-20T22:58:57+0200,39137692-6dda-43d8-82cf-b5c3d0d6ba57,2026-07-28T04:00:00Z,2026-07-28T06:00:00+0200,315.6,MW,PT,PT,forecast_onshore_wind_generation,Wind Onshore,2026-08-20T21:12:44Z
2026-08-20T20:58:57Z,2026-08-20T22:58:57+0200,39137692-6dda-43d8-82cf-b5c3d0d6ba57,2026-07-28T05:00:00Z,2026-07-28T07:00:00+0200,316.9,MW,PT,PT,forecast_onshore_wind_generation,Wind Onshore,2026-08-20T21:12:44Z
2026-08-20T20:58:57Z,2026-08-20T22:58:57+0200,39137692-6dda-43d8-82cf-b5c3d0d6ba57,2026-07-28T06:00:00Z,2026-07-28T08:00:00+0200,317.5,MW,PT,PT,forecast_onshore_wind_generation,Wind Onshore,2026-08-20T21:12:44Z
2026-08-20T20:58:57Z,2026-08-20T22:58:57+0200,39137692-6dda-43d8-82cf-b5c3d0d6ba57,2026-07-28T07:00:00Z,2026-07-28T09:00:00+0200,306.7,MW,PT,PT,forecast_onshore_wind_generation,Wind Onshore,2026-08-20T21:12:44Z
2026-08-20T20:58:57Z,2026-08-20T22:58:57+0200,39137692-6dda-43d8-82cf-b5c3d0d6ba57,2026-07-28T08:00:00Z,2026-07-28T10:00:00+0200,281.6,MW,PT,PT,forecast_onshore_wind_generation,Wind Onshore,2026-08-20T21:12:44Z
2026-08-20T20:58:57Z,2026-08-20T22:58:57+0200,39137692-6dda-43d8-82cf-b5c3d0d6ba57,2026-07-28T09:00:00Z,2026-07-28T11:00:00+0200,287.9,MW,PT,PT,forecast_onshore_wind_generation,Wind Onshore,2026-08-20T21:12:44Z
2026-08-20T20:58:57Z,2026-08-20T22:58:57+0200,39137692-6dda-43d8-82cf-b5c3d0d6ba57,2026-07-28T10:00:00Z,2026-07-28T12:00:00+0200,360.0,MW,PT,PT,forecast_onshore_wind_generation,Wind Onshore,2026-08-20T21:12:44Z
2026-08-20T20:58:57Z,2026-08-20T22:58:57+0200,39137692-6dda-43d8-82cf-b5c3d0d6ba57,2026-07-28T11:00:00Z,2026-07-28T13:00:00+0200,465.1,MW,PT,PT,forecast_onshore_wind_generation,Wind Onshore,2026-08-20T21:12:44Z
2026-08-20T20:58:57Z,2026-08-20T22:58:57+0200,39137692-6dda-43d8-82cf-b5c3d0d6ba57,2026-07-28T12:00:00Z,2026-07-28T14:00:00+0200,577.0,MW,PT,PT,forecast_onshore_wind_generation,Wind Onshore,2026-08-20T21:12:44Z
2026-08-20T20:58:57Z,2026-08-20T22:58:57+0200,39137692-6dda-43d8-82cf-b5c3d0d6ba57,2026-07-28T13:00:00Z,2026-07-28T15:00:00+0200,690.3,MW,PT,PT,forecast_onshore_wind_generation,Wind Onshore,2026-08-20T21:12:44Z
2026-08-20T20:58:57Z,2026-08-20T22:58:57+0200,39137692-6dda-43d8-82cf-b5c3d0d6ba57,2026-07-28T14:00:00Z,2026-07-28T16:00:00+0200,791.0,MW,PT,PT,forecast_onshore_wind_generation,Wind Onshore,2026-08-20T21:12:44Z
2026-08-20T20:58:57Z,2026-08-20T22:58:57+0200,39137692-6dda-43d8-82cf-b5c3d0d6ba57,2026-07-28T15:00:00Z,2026-07-28T17:00:00+0200,898.7,MW,PT,PT,forecast_onshore_wind_generation,Wind Onshore,2026-08-20T21:12:44Z
2026-08-20T20:58:57Z,2026-08-20T22:58:57+0200,39137692-6dda-43d8-82cf-b5c3d0d6ba57,2026-07-28T16:00:00Z,2026-07-28T18:00:00+0200,997.9,MW,PT,PT,forecast_onshore_wind_generation,Wind Onshore,2026-08-20T21:12:44Z
2026-08-20T20:58:57Z,2026-08-20T22:58:57+0200,39137692-6dda-43d8-82cf-b5c3d0d6ba57,2026-07-28T17:00:00Z,2026-07-28T19:00:00+0200,1047.3,MW,PT,PT,forecast_onshore_wind_generation,Wind Onshore,2026-08-20T21:12:44Z
2026-08-20T20:58:57Z,2026-08-20T22:58:57+0200,39137692-6dda-43d8-82cf-b5c3d0d6ba57,2026-07-28T18:00:00Z,2026-07-28T20:00:00+0200,1072.5,MW,PT,PT,forecast_onshore_wind_generation,Wind Onshore,2026-08-20T21:12:44Z
2026-08-20T20:58:57Z,2026-08-20T22:58:57+0200,39137692-6dda-43d8-82cf-b5c3d0d6ba57,2026-07-28T19:00:00Z,2026-07-28T21:00:00+0200,1076.9,MW,PT,PT,forecast_onshore_wind_generation,Wind Onshore,2026-08-20T21:12:44Z
2026-08-20T20:58:57Z,2026-08-20T22:58:57+0200,39137692-6dda-43d8-82cf-b5c3d0d6ba57,2026-07-28T20:00:00Z,2026-07-28T22:00:00+0200,1027.4,MW,PT,PT,forecast_onshore_wind_generation,Wind Onshore,2026-08-20T21:12:44Z
2026-08-20T20:58:57Z,2026-08-20T22:58:57+0200,39137692-6dda-43d8-82cf-b5c3d0d6ba57,2026-07-28T21:00:00Z,2026-07-28T23:00:00+0200,936.7,MW,PT,PT,forecast_onshore_wind_generation,Wind Onshore,2026-08-20T21:12:44Z
2026-08-20T20:58:57Z,2026-08-20T22:58:57+0200,39137692-6dda-43d8-82cf-b5c3d0d6ba57,2026-07-28T22:00:00Z,2026-07-29T00:00:00+0200,685.0,MW,PT,PT,forecast_onshore_wind_generation,Wind Onshore,2026-08-20T21:12:44Z
2026-08-20T20:58:57Z,2026-08-20T22:58:57+0200,39137692-6dda-43d8-82cf-b5c3d0d6ba57,2026-07-28T23:00:00Z,2026-07-29T01:00:00+0200,568.3,MW,PT,PT,forecast_onshore_wind_generation,Wind Onshore,2026-08-20T21:12:44Z
2026-08-20T20:58:57Z,2026-08-20T22:58:57+0200,39137692-6dda-43d8-82cf-b5c3d0d6ba57,2026-07-29T00:00:00Z,2026-07-29T02:00:00+0200,450.5,MW,PT,PT,forecast_onshore_wind_generation,Wind Onshore,2026-08-20T21:12:44Z
2026-08-20T20:58:57Z,2026-08-20T22:58:57+0200,39137692-6dda-43d8-82cf-b5c3d0d6ba57,2026-07-29T01:00:00Z,2026-07-29T03:00:00+0200,359.7,MW,PT,PT,forecast_onshore_wind_generation,Wind Onshore,2026-08-20T21:12:44Z
2026-08-20T20:58:57Z,2026-08-20T22:58:57+0200,39137692-6dda-43d8-82cf-b5c3d0d6ba57,2026-07-29T02:00:00Z,2026-07-29T04:00:00+0200,303.5,MW,PT,PT,forecast_onshore_wind_generation,Wind Onshore,2026-08-20T21:12:44Z
2026-08-20T20:58:57Z,2026-08-20T22:58:57+0200,39137692-6dda-43d8-82cf-b5c3d0d6ba57,2026-07-29T03:00:00Z,2026-07-29T05:00:00+0200,270.4,MW,PT,PT,forecast_onshore_wind_generation,Wind Onshore,2026-08-20T21:12:44Z
2026-08-20T20:58:57Z,2026-08-20T22:58:57+0200,39137692-6dda-43d8-82cf-b5c3d0d6ba57,2026-07-29T04:00:00Z,2026-07-29T06:00:00+0200,251.1,MW,PT,PT,forecast_onshore_wind_generation,Wind Onshore,2026-08-20T21:12:44Z
2026-08-20T20:58:57Z,2026-08-20T22:58:57+0200,39137692-6dda-43d8-82cf-b5c3d0d6ba57,2026-07-29T05:00:00Z,2026-07-29T07:00:00+0200,243.2,MW,PT,PT,forecast_onshore_wind_generation,Wind Onshore,2026-08-20T21:12:44Z
2026-08-20T20:58:57Z,2026-08-20T22:58:57+0200,39137692-6dda-43d8-82cf-b5c3d0d6ba57,2026-07-29T06:00:00Z,2026-07-29T08:00:00+0200,224.5,MW,PT,PT,forecast_onshore_wind_generation,Wind Onshore,2026-08-20T21:12:44Z
2026-08-20T20:58:57Z,2026-08-20T22:58:57+0200,39137692-6dda-43d8-82cf-b5c3d0d6ba57,2026-07-29T07:00:00Z,2026-07-29T09:00:00+0200,193.1,MW,PT,PT,forecast_onshore_wind_generation,Wind Onshore,2026-08-20T21:12:44Z
2026-08-20T20:58:57Z,2026-08-20T22:58:57+0200,39137692-6dda-43d8-82cf-b5c3d0d6ba57,2026-07-29T08:00:00Z,2026-07-29T10:00:00+0200,165.0,MW,PT,PT,forecast_onshore_wind_generation,Wind Onshore,2026-08-20T21:12:44Z
2026-08-20T20:58:57Z,2026-08-20T22:58:57+0200,39137692-6dda-43d8-82cf-b5c3d0d6ba57,2026-07-29T09:00:00Z,2026-07-29T11:00:00+0200,174.4,MW,PT,PT,forecast_onshore_wind_generation,Wind Onshore,2026-08-20T21:12:44Z
2026-08-20T20:58:57Z,2026-08-20T22:58:57+0200,39137692-6dda-43d8-82cf-b5c3d0d6ba57,2026-07-29T10:00:00Z,2026-07-29T12:00:00+0200,237.9,MW,PT,PT,forecast_onshore_wind_generation,Wind Onshore,2026-08-20T21:12:44Z
2026-08-20T20:58:57Z,2026-08-20T22:58:57+0200,39137692-6dda-43d8-82cf-b5c3d0d6ba57,2026-07-29T11:00:00Z,2026-07-29T13:00:00+0200,344.9,MW,PT,PT,forecast_onshore_wind_generation,Wind Onshore,2026-08-20T21:12:44Z
2026-08-20T20:58:57Z,2026-08-20T22:58:57+0200,39137692-6dda-43d8-82cf-b5c3d0d6ba57,2026-07-29T12:00:00Z,2026-07-29T14:00:00+0200,488.7,MW,PT,PT,forecast_onshore_wind_generation,Wind Onshore,2026-08-20T21:12:44Z
2026-08-20T20:58:57Z,2026-08-20T22:58:57+0200,39137692-6dda-43d8-82cf-b5c3d0d6ba57,2026-07-29T13:00:00Z,2026-07-29T15:00:00+0200,665.5,MW,PT,PT,forecast_onshore_wind_generation,Wind Onshore,2026-08-20T21:12:44Z
2026-08-20T20:58:57Z,2026-08-20T22:58:57+0200,39137692-6dda-43d8-82cf-b5c3d0d6ba57,2026-07-29T14:00:00Z,2026-07-29T16:00:00+0200,830.3,MW,PT,PT,forecast_onshore_wind_generation,Wind Onshore,2026-08-20T21:12:44Z
2026-08-20T20:58:57Z,2026-08-20T22:58:57+0200,39137692-6dda-43d8-82cf-b5c3d0d6ba57,2026-07-29T15:00:00Z,2026-07-29T17:00:00+0200,988.9,MW,PT,PT,forecast_onshore_wind_generation,Wind Onshore,2026-08-20T21:12:44Z
2026-08-20T20:58:57Z,2026-08-20T22:58:57+0200,39137692-6dda-43d8-82cf-b5c3d0d6ba57,2026-07-29T16:00:00Z,2026-07-29T18:00:00+0200,1115.5,MW,PT,PT,forecast_onshore_wind_generation,Wind Onshore,2026-08-20T21:12:44Z
2026-08-20T20:58:57Z,2026-08-20T22:58:57+0200,39137692-6dda-43d8-82cf-b5c3d0d6ba57,2026-07-29T17:00:00Z,2026-07-29T19:00:00+0200,1186.3,MW,PT,PT,forecast_onshore_wind_generation,Wind Onshore,2026-08-20T21:12:44Z
2026-08-20T20:58:57Z,2026-08-20T22:58:57+0200,39137692-6dda-43d8-82cf-b5c3d0d6ba57,2026-07-29T18:00:00Z,2026-07-29T20:00:00+0200,1190.8,MW,PT,PT,forecast_onshore_wind_generation,Wind Onshore,2026-08-20T21:12:44Z
2026-08-20T20:58:57Z,2026-08-20T22:58:57+0200,39137692-6dda-43d8-82cf-b5c3d0d6ba57,2026-07-29T19:00:00Z,2026-07-29T21:00:00+0200,1134.8,MW,PT,PT,forecast_onshore_wind_generation,Wind Onshore,2026-08-20T21:12:44Z
2026-08-20T20:58:57Z,2026-08-20T22:58:57+0200,39137692-6dda-43d8-82cf-b5c3d0d6ba57,2026-07-29T20:00:00Z,2026-07-29T22:00:00+0200,1039.9,MW,PT,PT,forecast_onshore_wind_generation,Wind Onshore,2026-08-20T21:12:44Z
2026-08-20T20:58:57Z,2026-08-20T22:58:57+0200,39137692-6dda-43d8-82cf-b5c3d0d6ba57,2026-07-29T21:00:00Z,2026-07-29T23:00:00+0200,951.8,MW,PT,PT,forecast_onshore_wind_generation,Wind Onshore,2026-08-20T21:12:44Z
2026-08-20T20:58:57Z,2026-08-20T22:58:57+0200,39137692-6dda-43d8-82cf-b5c3d0d6ba57,2026-07-29T22:00:00Z,2026-07-30T00:00:00+0200,898.9,MW,PT,PT,forecast_onshore_wind_generation,Wind Onshore,2026-08-20T21:12:44Z
2026-08-20T20:58:57Z,2026-08-20T22:58:57+0200,39137692-6dda-43d8-82cf-b5c3d0d6ba57,2026-07-29T23:00:00Z,2026-07-30T01:00:00+0200,837.0,MW,PT,PT,forecast_onshore_wind_generation,Wind Onshore,2026-08-20T21:12:44Z
2026-08-20T20:58:57Z,2026-08-20T22:58:57+0200,39137692-6dda-43d8-82cf-b5c3d0d6ba57,2026-07-30T00:00:00Z,2026-07-30T02:00:00+0200,766.1,MW,PT,PT,forecast_onshore_wind_generation,Wind Onshore,2026-08-20T21:12:44Z
2026-08-20T20:58:57Z,2026-08-20T22:58:57+0200,39137692-6dda-43d8-82cf-b5c3d0d6ba57,2026-07-30T01:00:00Z,2026-07-30T03:00:00+0200,678.1,MW,PT,PT,forecast_onshore_wind_generation,Wind Onshore,2026-08-20T21:12:44Z
2026-08-20T20:58:57Z,2026-08-20T22:58:57+0200,39137692-6dda-43d8-82cf-b5c3d0d6ba57,2026-07-30T02:00:00Z,2026-07-30T04:00:00+0200,584.3,MW,PT,PT,forecast_onshore_wind_generation,Wind Onshore,2026-08-20T21:12:44Z
2026-08-20T20:58:57Z,2026-08-20T22:58:57+0200,39137692-6dda-43d8-82cf-b5c3d0d6ba57,2026-07-30T03:00:00Z,2026-07-30T05:00:00+0200,498.2,MW,PT,PT,forecast_onshore_wind_generation,Wind Onshore,2026-08-20T21:12:44Z
2026-08-20T20:58:57Z,2026-08-20T22:58:57+0200,39137692-6dda-43d8-82cf-b5c3d0d6ba57,2026-07-30T04:00:00Z,2026-07-30T06:00:00+0200,425.1,MW,PT,PT,forecast_onshore_wind_generation,Wind Onshore,2026-08-20T21:12:44Z
2026-08-20T20:58:57Z,2026-08-20T22:58:57+0200,39137692-6dda-43d8-82cf-b5c3d0d6ba57,2026-07-30T05:00:00Z,2026-07-30T07:00:00+0200,370.5,MW,PT,PT,forecast_onshore_wind_generation,Wind Onshore,2026-08-20T21:12:44Z
2026-08-20T20:58:57Z,2026-08-20T22:58:57+0200,39137692-6dda-43d8-82cf-b5c3d0d6ba57,2026-07-30T06:00:00Z,2026-07-30T08:00:00+0200,316.8,MW,PT,PT,forecast_onshore_wind_generation,Wind Onshore,2026-08-20T21:12:44Z
2026-08-20T20:58:57Z,2026-08-20T22:58:57+0200,39137692-6dda-43d8-82cf-b5c3d0d6ba57,2026-07-30T07:00:00Z,2026-07-30T09:00:00+0200,259.4,MW,PT,PT,forecast_onshore_wind_generation,Wind Onshore,2026-08-20T21:12:44Z
2026-08-20T20:58:57Z,2026-08-20T22:58:57+0200,39137692-6dda-43d8-82cf-b5c3d0d6ba57,2026-07-30T08:00:00Z,2026-07-30T10:00:00+0200,224.7,MW,PT,PT,forecast_onshore_wind_generation,Wind Onshore,2026-08-20T21:12:44Z
2026-08-20T20:58:57Z,2026-08-20T22:58:57+0200,39137692-6dda-43d8-82cf-b5c3d0d6ba57,2026-07-30T09:00:00Z,2026-07-30T11:00:00+0200,224.6,MW,PT,PT,forecast_onshore_wind_generation,Wind Onshore,2026-08-20T21:12:44Z
2026-08-20T20:58:57Z,2026-08-20T22:58:57+0200,39137692-6dda-43d8-82cf-b5c3d0d6ba57,2026-07-30T10:00:00Z,2026-07-30T12:00:00+0200,271.0,MW,PT,PT,forecast_onshore_wind_generation,Wind Onshore,2026-08-20T21:12:44Z
2026-08-20T20:58:57Z,2026-08-20T22:58:57+0200,39137692-6dda-43d8-82cf-b5c3d0d6ba57,2026-07-30T11:00:00Z,2026-07-30T13:00:00+0200,371.1,MW,PT,PT,forecast_onshore_wind_generation,Wind Onshore,2026-08-20T21:12:44Z
2026-08-20T20:58:57Z,2026-08-20T22:58:57+0200,39137692-6dda-43d8-82cf-b5c3d0d6ba57,2026-07-30T12:00:00Z,2026-07-30T14:00:00+0200,505.0,MW,PT,PT,forecast_onshore_wind_generation,Wind Onshore,2026-08-20T21:12:44Z
2026-08-20T20:58:57Z,2026-08-20T22:58:57+0200,39137692-6dda-43d8-82cf-b5c3d0d6ba57,2026-07-30T13:00:00Z,2026-07-30T15:00:00+0200,684.3,MW,PT,PT,forecast_onshore_wind_generation,Wind Onshore,2026-08-20T21:12:44Z
2026-08-20T20:58:57Z,2026-08-20T22:58:57+0200,39137692-6dda-43d8-82cf-b5c3d0d6ba57,2026-07-30T14:00:00Z,2026-07-30T16:00:00+0200,851.1,MW,PT,PT,forecast_onshore_wind_generation,Wind Onshore,2026-08-20T21:12:44Z
2026-08-20T20:58:57Z,2026-08-20T22:58:57+0200,39137692-6dda-43d8-82cf-b5c3d0d6ba57,2026-07-30T15:00:00Z,2026-07-30T17:00:00+0200,1026.4,MW,PT,PT,forecast_onshore_wind_generation,Wind Onshore,2026-08-20T21:12:44Z
2026-08-20T20:58:57Z,2026-08-20T22:58:57+0200,39137692-6dda-43d8-82cf-b5c3d0d6ba57,2026-07-30T16:00:00Z,2026-07-30T18:00:00+0200,1184.2,MW,PT,PT,forecast_onshore_wind_generation,Wind Onshore,2026-08-20T21:12:44Z
2026-08-20T20:58:57Z,2026-08-20T22:58:57+0200,39137692-6dda-43d8-82cf-b5c3d0d6ba57,2026-07-30T17:00:00Z,2026-07-30T19:00:00+0200,1300.4,MW,PT,PT,forecast_onshore_wind_generation,Wind Onshore,2026-08-20T21:12:44Z
2026-08-20T20:58:57Z,2026-08-20T22:58:57+0200,39137692-6dda-43d8-82cf-b5c3d0d6ba57,2026-07-30T18:00:00Z,2026-07-30T20:00:00+0200,1351.1,MW,PT,PT,forecast_onshore_wind_generation,Wind Onshore,2026-08-20T21:12:44Z
2026-08-20T20:58:57Z,2026-08-20T22:58:57+0200,39137692-6dda-43d8-82cf-b5c3d0d6ba57,2026-07-30T19:00:00Z,2026-07-30T21:00:00+0200,1345.8,MW,PT,PT,forecast_onshore_wind_generation,Wind Onshore,2026-08-20T21:12:44Z
2026-08-20T20:58:57Z,2026-08-20T22:58:57+0200,39137692-6dda-43d8-82cf-b5c3d0d6ba57,2026-07-30T20:00:00Z,2026-07-30T22:00:00+0200,1300.2,MW,PT,PT,forecast_onshore_wind_generation,Wind Onshore,2026-08-20T21:12:44Z
2026-08-20T20:58:57Z,2026-08-20T22:58:57+0200,39137692-6dda-43d8-82cf-b5c3d0d6ba57,2026-07-30T21:00:00Z,2026-07-30T23:00:00+0200,1241.4,MW,PT,PT,forecast_onshore_wind_generation,Wind Onshore,2026-08-20T21:12:44Z
2026-08-20T20:58:57Z,2026-08-20T22:58:57+0200,39137692-6dda-43d8-82cf-b5c3d0d6ba57,2026-07-30T22:00:00Z,2026-07-31T00:00:00+0200,1338.7,MW,PT,PT,forecast_onshore_wind_generation,Wind Onshore,2026-08-20T21:12:44Z
2026-08-20T20:58:57Z,2026-08-20T22:58:57+0200,39137692-6dda-43d8-82cf-b5c3d0d6ba57,2026-07-30T23:00:00Z,2026-07-31T01:00:00+0200,1268.1,MW,PT,PT,forecast_onshore_wind_generation,Wind Onshore,2026-08-20T21:12:44Z
2026-08-20T20:58:57Z,2026-08-20T22:58:57+0200,39137692-6dda-43d8-82cf-b5c3d0d6ba57,2026-07-31T00:00:00Z,2026-07-31T02:00:00+0200,1190.2,MW,PT,PT,forecast_onshore_wind_generation,Wind Onshore,2026-08-20T21:12:44Z
2026-08-20T20:58:57Z,2026-08-20T22:58:57+0200,39137692-6dda-43d8-82cf-b5c3d0d6ba57,2026-07-31T01:00:00Z,2026-07-31T03:00:00+0200,1148.0,MW,PT,PT,forecast_onshore_wind_generation,Wind Onshore,2026-08-20T21:12:44Z
2026-08-20T20:58:57Z,2026-08-20T22:58:57+0200,39137692-6dda-43d8-82cf-b5c3d0d6ba57,2026-07-31T02:00:00Z,2026-07-31T04:00:00+0200,1124.6,MW,PT,PT,forecast_onshore_wind_generation,Wind Onshore,2026-08-20T21:12:44Z
2026-08-20T20:58:57Z,2026-08-20T22:58:57+0200,39137692-6dda-43d8-82cf-b5c3d0d6ba57,2026-07-31T03:00:00Z,2026-07-31T05:00:00+0200,1090.9,MW,PT,PT,forecast_onshore_wind_generation,Wind Onshore,2026-08-20T21:12:44Z
2026-08-20T20:58:57Z,2026-08-20T22:58:57+0200,39137692-6dda-43d8-82cf-b5c3d0d6ba57,2026-07-31T04:00:00Z,2026-07-31T06:00:00+0200,1035.8,MW,PT,PT,forecast_onshore_wind_generation,Wind Onshore,2026-08-20T21:12:44Z
2026-08-20T20:58:57Z,2026-08-20T22:58:57+0200,39137692-6dda-43d8-82cf-b5c3d0d6ba57,2026-07-31T05:00:00Z,2026-07-31T07:00:00+0200,944.5,MW,PT,PT,forecast_onshore_wind_generation,Wind Onshore,2026-08-20T21:12:44Z
2026-08-20T20:58:57Z,2026-08-20T22:58:57+0200,39137692-6dda-43d8-82cf-b5c3d0d6ba57,2026-07-31T06:00:00Z,2026-07-31T08:00:00+0200,794.2,MW,PT,PT,forecast_onshore_wind_generation,Wind Onshore,2026-08-20T21:12:44Z
2026-08-20T20:58:57Z,2026-08-20T22:58:57+0200,39137692-6dda-43d8-82cf-b5c3d0d6ba57,2026-07-31T07:00:00Z,2026-07-31T09:00:00+0200,610.6,MW,PT,PT,forecast_onshore_wind_generation,Wind Onshore,2026-08-20T21:12:44Z
2026-08-20T20:58:57Z,2026-08-20T22:58:57+0200,39137692-6dda-43d8-82cf-b5c3d0d6ba57,2026-07-31T08:00:00Z,2026-07-31T10:00:00+0200,467.4,MW,PT,PT,forecast_onshore_wind_generation,Wind Onshore,2026-08-20T21:12:44Z
2026-08-20T20:58:57Z,2026-08-20T22:58:57+0200,39137692-6dda-43d8-82cf-b5c3d0d6ba57,2026-07-31T09:00:00Z,2026-07-31T11:00:00+0200,381.8,MW,PT,PT,forecast_onshore_wind_generation,Wind Onshore,2026-08-20T21:12:44Z
2026-08-20T20:58:57Z,2026-08-20T22:58:57+0200,39137692-6dda-43d8-82cf-b5c3d0d6ba57,2026-07-31T10:00:00Z,2026-07-31T12:00:00+0200,344.2,MW,PT,PT,forecast_onshore_wind_generation,Wind Onshore,2026-08-20T21:12:44Z
2026-08-20T20:58:57Z,2026-08-20T22:58:57+0200,39137692-6dda-43d8-82cf-b5c3d0d6ba57,2026-07-31T11:00:00Z,2026-07-31T13:00:00+0200,356.8,MW,PT,PT,forecast_onshore_wind_generation,Wind Onshore,2026-08-20T21:12:44Z
2026-08-20T20:58:57Z,2026-08-20T22:58:57+0200,39137692-6dda-43d8-82cf-b5c3d0d6ba57,2026-07-31T12:00:00Z,2026-07-31T14:00:00+0200,430.7,MW,PT,PT,forecast_onshore_wind_generation,Wind Onshore,2026-08-20T21:12:44Z
2026-08-20T20:58:57Z,2026-08-20T22:58:57+0200,39137692-6dda-43d8-82cf-b5c3d0d6ba57,2026-07-31T13:00:00Z,2026-07-31T15:00:00+0200,556.2,MW,PT,PT,forecast_onshore_wind_generation,Wind Onshore,2026-08-20T21:12:44Z
2026-08-20T20:58:57Z,2026-08-20T22:58:57+0200,39137692-6dda-43d8-82cf-b5c3d0d6ba57,2026-07-31T14:00:00Z,2026-07-31T16:00:00+0200,699.8,MW,PT,PT,forecast_onshore_wind_generation,Wind Onshore,2026-08-20T21:12:44Z
2026-08-20T20:58:57Z,2026-08-20T22:58:57+0200,39137692-6dda-43d8-82cf-b5c3d0d6ba57,2026-07-31T15:00:00Z,2026-07-31T17:00:00+0200,825.0,MW,PT,PT,forecast_onshore_wind_generation,Wind Onshore,2026-08-20T21:12:44Z
2026-08-20T20:58:57Z,2026-08-20T22:58:57+0200,39137692-6dda-43d8-82cf-b5c3d0d6ba57,2026-07-31T16:00:00Z,2026-07-31T18:00:00+0200,905.9,MW,PT,PT,forecast_onshore_wind_generation,Wind Onshore,2026-08-20T21:12:44Z
2026-08-20T20:58:57Z,2026-08-20T22:58:57+0200,39137692-6dda-43d8-82cf-b5c3d0d6ba57,2026-07-31T17:00:00Z,2026-07-31T19:00:00+0200,939.9,MW,PT,PT,forecast_onshore_wind_generation,Wind Onshore,2026-08-20T21:12:44Z
2026-08-20T20:58:57Z,2026-08-20T22:58:57+0200,39137692-6dda-43d8-82cf-b5c3d0d6ba57,2026-07-31T18:00:00Z,2026-07-31T20:00:00+0200,938.5,MW,PT,PT,forecast_onshore_wind_generation,Wind Onshore,2026-08-20T21:12:44Z
2026-08-20T20:58:57Z,2026-08-20T22:58:57+0200,39137692-6dda-43d8-82cf-b5c3d0d6ba57,2026-07-31T19:00:00Z,2026-07-31T21:00:00+0200,928.4,MW,PT,PT,forecast_onshore_wind_generation,Wind Onshore,2026-08-20T21:12:44Z
2026-08-20T20:58:57Z,2026-08-20T22:58:57+0200,39137692-6dda-43d8-82cf-b5c3d0d6ba57,2026-07-31T20:00:00Z,2026-07-31T22:00:00+0200,896.8,MW,PT,PT,forecast_onshore_wind_generation,Wind Onshore,2026-08-20T21:12:44Z
2026-08-20T20:58:57Z,2026-08-20T22:58:57+0200,39137692-6dda-43d8-82cf-b5c3d0d6ba57,2026-07-31T21:00:00Z,2026-07-31T23:00:00+0200,849.6,MW,PT,PT,forecast_onshore_wind_generation,Wind Onshore,2026-08-20T21:12:44Z
2026-08-20T20:58:57Z,2026-08-20T22:58:57+0200,39137692-6dda-43d8-82cf-b5c3d0d6ba57,2026-07-31T22:00:00Z,2026-08-01T00:00:00+0200,710.9,MW,PT,PT,forecast_onshore_wind_generation,Wind Onshore,2026-08-20T21:12:44Z
2026-08-20T20:58:57Z,2026-08-20T22:58:57+0200,39137692-6dda-43d8-82cf-b5c3d0d6ba57,2026-07-31T23:00:00Z,2026-08-01T01:00:00+0200,672.1,MW,PT,PT,forecast_onshore_wind_generation,Wind Onshore,2026-08-20T21:12:44Z
2026-08-20T20:58:57Z,2026-08-20T22:58:57+0200,39137692-6dda-43d8-82cf-b5c3d0d6ba57,2026-08-01T00:00:00Z,2026-08-01T02:00:00+0200,620.4,MW,PT,PT,forecast_onshore_wind_generation,Wind Onshore,2026-08-20T21:12:44Z
2026-08-20T20:58:57Z,2026-08-20T22:58:57+0200,39137692-6dda-43d8-82cf-b5c3d0d6ba57,2026-08-01T01:00:00Z,2026-08-01T03:00:00+0200,567.0,MW,PT,PT,forecast_onshore_wind_generation,Wind Onshore,2026-08-20T21:12:44Z
2026-08-20T20:58:57Z,2026-08-20T22:58:57+0200,39137692-6dda-43d8-82cf-b5c3d0d6ba57,2026-08-01T02:00:00Z,2026-08-01T04:00:00+0200,514.5,MW,PT,PT,forecast_onshore_wind_generation,Wind Onshore,2026-08-20T21:12:44Z
2026-08-20T20:58:57Z,2026-08-20T22:58:57+0200,39137692-6dda-43d8-82cf-b5c3d0d6ba57,2026-08-01T03:00:00Z,2026-08-01T05:00:00+0200,474.0,MW,PT,PT,forecast_onshore_wind_generation,Wind Onshore,2026-08-20T21:12:44Z
2026-08-20T20:58:57Z,2026-08-20T22:58:57+0200,39137692-6dda-43d8-82cf-b5c3d0d6ba57,2026-08-01T04:00:00Z,2026-08-01T06:00:00+0200,441.3,MW,PT,PT,forecast_onshore_wind_generation,Wind Onshore,2026-08-20T21:12:44Z
2026-08-20T20:58:57Z,2026-08-20T22:58:57+0200,39137692-6dda-43d8-82cf-b5c3d0d6ba57,2026-08-01T05:00:00Z,2026-08-01T07:00:00+0200,409.8,MW,PT,PT,forecast_onshore_wind_generation,Wind Onshore,2026-08-20T21:12:44Z
2026-08-20T20:58:57Z,2026-08-20T22:58:57+0200,39137692-6dda-43d8-82cf-b5c3d0d6ba57,2026-08-01T06:00:00Z,2026-08-01T08:00:00+0200,368.1,MW,PT,PT,forecast_onshore_wind_generation,Wind Onshore,2026-08-20T21:12:44Z
2026-08-20T20:58:57Z,2026-08-20T22:58:57+0200,39137692-6dda-43d8-82cf-b5c3d0d6ba57,2026-08-01T07:00:00Z,2026-08-01T09:00:00+0200,300.5,MW,PT,PT,forecast_onshore_wind_generation,Wind Onshore,2026-08-20T21:12:44Z
2026-08-20T20:58:57Z,2026-08-20T22:58:57+0200,39137692-6dda-43d8-82cf-b5c3d0d6ba57,2026-08-01T08:00:00Z,2026-08-01T10:00:00+0200,226.5,MW,PT,PT,forecast_onshore_wind_generation,Wind Onshore,2026-08-20T21:12:44Z
2026-08-20T20:58:57Z,2026-08-20T22:58:57+0200,39137692-6dda-43d8-82cf-b5c3d0d6ba57,2026-08-01T09:00:00Z,2026-08-01T11:00:00+0200,199.8,MW,PT,PT,forecast_onshore_wind_generation,Wind Onshore,2026-08-20T21:12:44Z
2026-08-20T20:58:57Z,2026-08-20T22:58:57+0200,39137692-6dda-43d8-82cf-b5c3d0d6ba57,2026-08-01T10:00:00Z,2026-08-01T12:00:00+0200,215.7,MW,PT,PT,forecast_onshore_wind_generation,Wind Onshore,2026-08-20T21:12:44Z
2026-08-20T20:58:57Z,2026-08-20T22:58:57+0200,39137692-6dda-43d8-82cf-b5c3d0d6ba57,2026-08-01T11:00:00Z,2026-08-01T13:00:00+0200,284.3,MW,PT,PT,forecast_onshore_wind_generation,Wind Onshore,2026-08-20T21:12:44Z
2026-08-20T20:58:57Z,2026-08-20T22:58:57+0200,39137692-6dda-43d8-82cf-b5c3d0d6ba57,2026-08-01T12:00:00Z,2026-08-01T14:00:00+0200,415.1,MW,PT,PT,forecast_onshore_wind_generation,Wind Onshore,2026-08-20T21:12:44Z
2026-08-20T20:58:57Z,2026-08-20T22:58:57+0200,39137692-6dda-43d8-82cf-b5c3d0d6ba57,2026-08-01T13:00:00Z,2026-08-01T15:00:00+0200,600.3,MW,PT,PT,forecast_onshore_wind_generation,Wind Onshore,2026-08-20T21:12:44Z
2026-08-20T20:58:57Z,2026-08-20T22:58:57+0200,39137692-6dda-43d8-82cf-b5c3d0d6ba57,2026-08-01T14:00:00Z,2026-08-01T16:00:00+0200,796.2,MW,PT,PT,forecast_onshore_wind_generation,Wind Onshore,2026-08-20T21:12:44Z
2026-08-20T20:58:57Z,2026-08-20T22:58:57+0200,39137692-6dda-43d8-82cf-b5c3d0d6ba57,2026-08-01T15:00:00Z,2026-08-01T17:00:00+0200,984.7,MW,PT,PT,forecast_onshore_wind_generation,Wind Onshore,2026-08-20T21:12:44Z
2026-08-20T20:58:57Z,2026-08-20T22:58:57+0200,39137692-6dda-43d8-82cf-b5c3d0d6ba57,2026-08-01T16:00:00Z,2026-08-01T18:00:00+0200,1153.6,MW,PT,PT,forecast_onshore_wind_generation,Wind Onshore,2026-08-20T21:12:44Z
2026-08-20T20:58:57Z,2026-08-20T22:58:57+0200,39137692-6dda-43d8-82cf-b5c3d0d6ba57,2026-08-01T17:00:00Z,2026-08-01T19:00:00+0200,1267.8,MW,PT,PT,forecast_onshore_wind_generation,Wind Onshore,2026-08-20T21:12:44Z
2026-08-20T20:58:57Z,2026-08-20T22:58:57+0200,39137692-6dda-43d8-82cf-b5c3d0d6ba57,2026-08-01T18:00:00Z,2026-08-01T20:00:00+0200,1344.7,MW,PT,PT,forecast_onshore_wind_generation,Wind Onshore,2026-08-20T21:12:44Z
2026-08-20T20:58:57Z,2026-08-20T22:58:57+0200,39137692-6dda-43d8-82cf-b5c3d0d6ba57,2026-08-01T19:00:00Z,2026-08-01T21:00:00+0200,1385.6,MW,PT,PT,forecast_onshore_wind_generation,Wind Onshore,2026-08-20T21:12:44Z
2026-08-20T20:58:57Z,2026-08-20T22:58:57+0200,39137692-6dda-43d8-82cf-b5c3d0d6ba57,2026-08-01T20:00:00Z,2026-08-01T22:00:00+0200,1403.1,MW,PT,PT,forecast_onshore_wind_generation,Wind Onshore,2026-08-20T21:12:44Z
2026-08-20T20:58:57Z,2026-08-20T22:58:57+0200,39137692-6dda-43d8-82cf-b5c3d0d6ba57,2026-08-01T21:00:00Z,2026-08-01T23:00:00+0200,1381.4,MW,PT,PT,forecast_onshore_wind_generation,Wind Onshore,2026-08-20T21:12:44Z
2026-08-20T20:58:57Z,2026-08-20T22:58:57+0200,39137692-6dda-43d8-82cf-b5c3d0d6ba57,2026-08-01T22:00:00Z,2026-08-02T00:00:00+0200,1470.8,MW,PT,PT,forecast_onshore_wind_generation,Wind Onshore,2026-08-20T21:12:44Z
2026-08-20T20:58:57Z,2026-08-20T22:58:57+0200,39137692-6dda-43d8-82cf-b5c3d0d6ba57,2026-08-01T23:00:00Z,2026-08-02T01:00:00+0200,1359.4,MW,PT,PT,forecast_onshore_wind_generation,Wind Onshore,2026-08-20T21:12:44Z
2026-08-20T20:58:57Z,2026-08-20T22:58:57+0200,39137692-6dda-43d8-82cf-b5c3d0d6ba57,2026-08-02T00:00:00Z,2026-08-02T02:00:00+0200,1233.6,MW,PT,PT,forecast_onshore_wind_generation,Wind Onshore,2026-08-20T21:12:44Z
2026-08-20T20:58:57Z,2026-08-20T22:58:57+0200,39137692-6dda-43d8-82cf-b5c3d0d6ba57,2026-08-02T01:00:00Z,2026-08-02T03:00:00+0200,1151.3,MW,PT,PT,forecast_onshore_wind_generation,Wind Onshore,2026-08-20T21:12:44Z
2026-08-20T20:58:57Z,2026-08-20T22:58:57+0200,39137692-6dda-43d8-82cf-b5c3d0d6ba57,2026-08-02T02:00:00Z,2026-08-02T04:00:00+0200,1126.7,MW,PT,PT,forecast_onshore_wind_generation,Wind Onshore,2026-08-20T21:12:44Z
2026-08-20T20:58:57Z,2026-08-20T22:58:57+0200,39137692-6dda-43d8-82cf-b5c3d0d6ba57,2026-08-02T03:00:00Z,2026-08-02T05:00:00+0200,1116.6,MW,PT,PT,forecast_onshore_wind_generation,Wind Onshore,2026-08-20T21:12:44Z
2026-08-20T20:58:57Z,2026-08-20T22:58:57+0200,39137692-6dda-43d8-82cf-b5c3d0d6ba57,2026-08-02T04:00:00Z,2026-08-02T06:00:00+0200,1072.4,MW,PT,PT,forecast_onshore_wind_generation,Wind Onshore,2026-08-20T21:12:44Z
2026-08-20T20:58:57Z,2026-08-20T22:58:57+0200,39137692-6dda-43d8-82cf-b5c3d0d6ba57,2026-08-02T05:00:00Z,2026-08-02T07:00:00+0200,998.8,MW,PT,PT,forecast_onshore_wind_generation,Wind Onshore,2026-08-20T21:12:44Z
2026-08-20T20:58:57Z,2026-08-20T22:58:57+0200,39137692-6dda-43d8-82cf-b5c3d0d6ba57,2026-08-02T06:00:00Z,2026-08-02T08:00:00+0200,879.1,MW,PT,PT,forecast_onshore_wind_generation,Wind Onshore,2026-08-20T21:12:44Z
2026-08-20T20:58:57Z,2026-08-20T22:58:57+0200,39137692-6dda-43d8-82cf-b5c3d0d6ba57,2026-08-02T07:00:00Z,2026-08-02T09:00:00+0200,712.6,MW,PT,PT,forecast_onshore_wind_generation,Wind Onshore,2026-08-20T21:12:44Z
2026-08-20T20:58:57Z,2026-08-20T22:58:57+0200,39137692-6dda-43d8-82cf-b5c3d0d6ba57,2026-08-02T08:00:00Z,2026-08-02T10:00:00+0200,554.0,MW,PT,PT,forecast_onshore_wind_generation,Wind Onshore,2026-08-20T21:12:44Z
2026-08-20T20:58:57Z,2026-08-20T22:58:57+0200,39137692-6dda-43d8-82cf-b5c3d0d6ba57,2026-08-02T09:00:00Z,2026-08-02T11:00:00+0200,475.5,MW,PT,PT,forecast_onshore_wind_generation,Wind Onshore,2026-08-20T21:12:44Z
2026-08-20T20:58:57Z,2026-08-20T22:58:57+0200,39137692-6dda-43d8-82cf-b5c3d0d6ba57,2026-08-02T10:00:00Z,2026-08-02T12:00:00+0200,503.0,MW,PT,PT,forecast_onshore_wind_generation,Wind Onshore,2026-08-20T21:12:44Z
2026-08-20T20:58:57Z,2026-08-20T22:58:57+0200,39137692-6dda-43d8-82cf-b5c3d0d6ba57,2026-08-02T11:00:00Z,2026-08-02T13:00:00+0200,603.7,MW,PT,PT,forecast_onshore_wind_generation,Wind Onshore,2026-08-20T21:12:44Z
2026-08-20T20:58:57Z,2026-08-20T22:58:57+0200,39137692-6dda-43d8-82cf-b5c3d0d6ba57,2026-08-02T12:00:00Z,2026-08-02T14:00:00+0200,765.7,MW,PT,PT,forecast_onshore_wind_generation,Wind Onshore,2026-08-20T21:12:44Z
2026-08-20T20:58:57Z,2026-08-20T22:58:57+0200,39137692-6dda-43d8-82cf-b5c3d0d6ba57,2026-08-02T13:00:00Z,2026-08-02T15:00:00+0200,972.8,MW,PT,PT,forecast_onshore_wind_generation,Wind Onshore,2026-08-20T21:12:44Z
2026-08-20T20:58:57Z,2026-08-20T22:58:57+0200,39137692-6dda-43d8-82cf-b5c3d0d6ba57,2026-08-02T14:00:00Z,2026-08-02T16:00:00+0200,1154.1,MW,PT,PT,forecast_onshore_wind_generation,Wind Onshore,2026-08-20T21:12:44Z
2026-08-20T20:58:57Z,2026-08-20T22:58:57+0200,39137692-6dda-43d8-82cf-b5c3d0d6ba57,2026-08-02T15:00:00Z,2026-08-02T17:00:00+0200,1304.1,MW,PT,PT,forecast_onshore_wind_generation,Wind Onshore,2026-08-20T21:12:44Z
2026-08-20T20:58:57Z,2026-08-20T22:58:57+0200,39137692-6dda-43d8-82cf-b5c3d0d6ba57,2026-08-02T16:00:00Z,2026-08-02T18:00:00+0200,1381.0,MW,PT,PT,forecast_onshore_wind_generation,Wind Onshore,2026-08-20T21:12:44Z
2026-08-20T20:58:57Z,2026-08-20T22:58:57+0200,39137692-6dda-43d8-82cf-b5c3d0d6ba57,2026-08-02T17:00:00Z,2026-08-02T19:00:00+0200,1390.0,MW,PT,PT,forecast_onshore_wind_generation,Wind Onshore,2026-08-20T21:12:44Z
2026-08-20T20:58:57Z,2026-08-20T22:58:57+0200,39137692-6dda-43d8-82cf-b5c3d0d6ba57,2026-08-02T18:00:00Z,2026-08-02T20:00:00+0200,1362.3,MW,PT,PT,forecast_onshore_wind_generation,Wind Onshore,2026-08-20T21:12:44Z
2026-08-20T20:58:57Z,2026-08-20T22:58:57+0200,39137692-6dda-43d8-82cf-b5c3d0d6ba57,2026-08-02T19:00:00Z,2026-08-02T21:00:00+0200,1313.0,MW,PT,PT,forecast_onshore_wind_generation,Wind Onshore,2026-08-20T21:12:44Z
2026-08-20T20:58:57Z,2026-08-20T22:58:57+0200,39137692-6dda-43d8-82cf-b5c3d0d6ba57,2026-08-02T20:00:00Z,2026-08-02T22:00:00+0200,1226.2,MW,PT,PT,forecast_onshore_wind_generation,Wind Onshore,2026-08-20T21:12:44Z
2026-08-20T20:58:57Z,2026-08-20T22:58:57+0200,39137692-6dda-43d8-82cf-b5c3d0d6ba57,2026-08-02T21:00:00Z,2026-08-02T23:00:00+0200,1121.8,MW,PT,PT,forecast_onshore_wind_generation,Wind Onshore,2026-08-20T21:12:44Z
2026-08-20T20:58:57Z,2026-08-20T22:58:57+0200,39137692-6dda-43d8-82cf-b5c3d0d6ba57,2026-08-02T22:00:00Z,2026-08-03T00:00:00+0200,1071.1,MW,PT,PT,forecast_onshore_wind_generation,Wind Onshore,2026-08-20T21:12:44Z
2026-08-20T20:58:57Z,2026-08-20T22:58:57+0200,39137692-6dda-43d8-82cf-b5c3d0d6ba57,2026-08-02T23:00:00Z,2026-08-03T01:00:00+0200,1027.0,MW,PT,PT,forecast_onshore_wind_generation,Wind Onshore,2026-08-20T21:12:44Z
2026-08-20T20:58:57Z,2026-08-20T22:58:57+0200,39137692-6dda-43d8-82cf-b5c3d0d6ba57,2026-08-03T00:00:00Z,2026-08-03T02:00:00+0200,977.6,MW,PT,PT,forecast_onshore_wind_generation,Wind Onshore,2026-08-20T21:12:44Z
2026-08-20T20:58:57Z,2026-08-20T22:58:57+0200,39137692-6dda-43d8-82cf-b5c3d0d6ba57,2026-08-03T01:00:00Z,2026-08-03T03:00:00+0200,886.0,MW,PT,PT,forecast_onshore_wind_generation,Wind Onshore,2026-08-20T21:12:44Z
2026-08-20T20:58:57Z,2026-08-20T22:58:57+0200,39137692-6dda-43d8-82cf-b5c3d0d6ba57,2026-08-03T02:00:00Z,2026-08-03T04:00:00+0200,779.8,MW,PT,PT,forecast_onshore_wind_generation,Wind Onshore,2026-08-20T21:12:44Z
2026-08-20T20:58:57Z,2026-08-20T22:58:57+0200,39137692-6dda-43d8-82cf-b5c3d0d6ba57,2026-08-03T03:00:00Z,2026-08-03T05:00:00+0200,696.1,MW,PT,PT,forecast_onshore_wind_generation,Wind Onshore,2026-08-20T21:12:44Z
2026-08-20T20:58:57Z,2026-08-20T22:58:57+0200,39137692-6dda-43d8-82cf-b5c3d0d6ba57,2026-08-03T04:00:00Z,2026-08-03T06:00:00+0200,634.1,MW,PT,PT,forecast_onshore_wind_generation,Wind Onshore,2026-08-20T21:12:44Z
2026-08-20T20:58:57Z,2026-08-20T22:58:57+0200,39137692-6dda-43d8-82cf-b5c3d0d6ba57,2026-08-03T05:00:00Z,2026-08-03T07:00:00+0200,579.6,MW,PT,PT,forecast_onshore_wind_generation,Wind Onshore,2026-08-20T21:12:44Z
2026-08-20T20:58:57Z,2026-08-20T22:58:57+0200,39137692-6dda-43d8-82cf-b5c3d0d6ba57,2026-08-03T06:00:00Z,2026-08-03T08:00:00+0200,505.6,MW,PT,PT,forecast_onshore_wind_generation,Wind Onshore,2026-08-20T21:12:44Z
2026-08-20T20:58:57Z,2026-08-20T22:58:57+0200,39137692-6dda-43d8-82cf-b5c3d0d6ba57,2026-08-03T07:00:00Z,2026-08-03T09:00:00+0200,404.3,MW,PT,PT,forecast_onshore_wind_generation,Wind Onshore,2026-08-20T21:12:44Z
2026-08-20T20:58:57Z,2026-08-20T22:58:57+0200,39137692-6dda-43d8-82cf-b5c3d0d6ba57,2026-08-03T08:00:00Z,2026-08-03T10:00:00+0200,344.3,MW,PT,PT,forecast_onshore_wind_generation,Wind Onshore,2026-08-20T21:12:44Z
2026-08-20T20:58:57Z,2026-08-20T22:58:57+0200,39137692-6dda-43d8-82cf-b5c3d0d6ba57,2026-08-03T09:00:00Z,2026-08-03T11:00:00+0200,363.9,MW,PT,PT,forecast_onshore_wind_generation,Wind Onshore,2026-08-20T21:12:44Z
2026-08-20T20:58:57Z,2026-08-20T22:58:57+0200,39137692-6dda-43d8-82cf-b5c3d0d6ba57,2026-08-03T10:00:00Z,2026-08-03T12:00:00+0200,462.4,MW,PT,PT,forecast_onshore_wind_generation,Wind Onshore,2026-08-20T21:12:44Z
2026-08-20T20:58:57Z,2026-08-20T22:58:57+0200,39137692-6dda-43d8-82cf-b5c3d0d6ba57,2026-08-03T11:00:00Z,2026-08-03T13:00:00+0200,613.5,MW,PT,PT,forecast_onshore_wind_generation,Wind Onshore,2026-08-20T21:12:44Z
2026-08-20T20:58:57Z,2026-08-20T22:58:57+0200,39137692-6dda-43d8-82cf-b5c3d0d6ba57,2026-08-03T12:00:00Z,2026-08-03T14:00:00+0200,798.9,MW,PT,PT,forecast_onshore_wind_generation,Wind Onshore,2026-08-20T21:12:44Z
2026-08-20T20:58:57Z,2026-08-20T22:58:57+0200,39137692-6dda-43d8-82cf-b5c3d0d6ba57,2026-08-03T13:00:00Z,2026-08-03T15:00:00+0200,1028.1,MW,PT,PT,forecast_onshore_wind_generation,Wind Onshore,2026-08-20T21:12:44Z
2026-08-20T20:58:57Z,2026-08-20T22:58:57+0200,39137692-6dda-43d8-82cf-b5c3d0d6ba57,2026-08-03T14:00:00Z,2026-08-03T16:00:00+0200,1239.4,MW,PT,PT,forecast_onshore_wind_generation,Wind Onshore,2026-08-20T21:12:44Z
2026-08-20T20:58:57Z,2026-08-20T22:58:57+0200,39137692-6dda-43d8-82cf-b5c3d0d6ba57,2026-08-03T15:00:00Z,2026-08-03T17:00:00+0200,1393.3,MW,PT,PT,forecast_onshore_wind_generation,Wind Onshore,2026-08-20T21:12:44Z
2026-08-20T20:58:57Z,2026-08-20T22:58:57+0200,39137692-6dda-43d8-82cf-b5c3d0d6ba57,2026-08-03T16:00:00Z,2026-08-03T18:00:00+0200,1448.7,MW,PT,PT,forecast_onshore_wind_generation,Wind Onshore,2026-08-20T21:12:44Z
2026-08-20T20:58:57Z,2026-08-20T22:58:57+0200,39137692-6dda-43d8-82cf-b5c3d0d6ba57,2026-08-03T17:00:00Z,2026-08-03T19:00:00+0200,1425.8,MW,PT,PT,forecast_onshore_wind_generation,Wind Onshore,2026-08-20T21:12:44Z
2026-08-20T20:58:57Z,2026-08-20T22:58:57+0200,39137692-6dda-43d8-82cf-b5c3d0d6ba57,2026-08-03T18:00:00Z,2026-08-03T20:00:00+0200,1357.5,MW,PT,PT,forecast_onshore_wind_generation,Wind Onshore,2026-08-20T21:12:44Z
2026-08-20T20:58:57Z,2026-08-20T22:58:57+0200,39137692-6dda-43d8-82cf-b5c3d0d6ba57,2026-08-03T19:00:00Z,2026-08-03T21:00:00+0200,1234.3,MW,PT,PT,forecast_onshore_wind_generation,Wind Onshore,2026-08-20T21:12:44Z
2026-08-20T20:58:57Z,2026-08-20T22:58:57+0200,39137692-6dda-43d8-82cf-b5c3d0d6ba57,2026-08-03T20:00:00Z,2026-08-03T22:00:00+0200,1101.4,MW,PT,PT,forecast_onshore_wind_generation,Wind Onshore,2026-08-20T21:12:44Z
2026-08-20T20:58:57Z,2026-08-20T22:58:57+0200,39137692-6dda-43d8-82cf-b5c3d0d6ba57,2026-08-03T21:00:00Z,2026-08-03T23:00:00+0200,986.1,MW,PT,PT,forecast_onshore_wind_generation,Wind Onshore,2026-08-20T21:12:44Z
2026-08-20T20:58:57Z,2026-08-20T22:58:57+0200,39137692-6dda-43d8-82cf-b5c3d0d6ba57,2026-08-03T22:00:00Z,2026-08-04T00:00:00+0200,1034.4,MW,PT,PT,forecast_onshore_wind_generation,Wind Onshore,2026-08-20T21:12:44Z
2026-08-20T20:58:57Z,2026-08-20T22:58:57+0200,39137692-6dda-43d8-82cf-b5c3d0d6ba57,2026-08-03T23:00:00Z,2026-08-04T01:00:00+0200,1007.5,MW,PT,PT,forecast_onshore_wind_generation,Wind Onshore,2026-08-20T21:12:44Z
2026-08-20T20:58:57Z,2026-08-20T22:58:57+0200,39137692-6dda-43d8-82cf-b5c3d0d6ba57,2026-08-04T00:00:00Z,2026-08-04T02:00:00+0200,995.7,MW,PT,PT,forecast_onshore_wind_generation,Wind Onshore,2026-08-20T21:12:44Z
2026-08-20T20:58:57Z,2026-08-20T22:58:57+0200,39137692-6dda-43d8-82cf-b5c3d0d6ba57,2026-08-04T01:00:00Z,2026-08-04T03:00:00+0200,975.6,MW,PT,PT,forecast_onshore_wind_generation,Wind Onshore,2026-08-20T21:12:44Z
2026-08-20T20:58:57Z,2026-08-20T22:58:57+0200,39137692-6dda-43d8-82cf-b5c3d0d6ba57,2026-08-04T02:00:00Z,2026-08-04T04:00:00+0200,922.1,MW,PT,PT,forecast_onshore_wind_generation,Wind Onshore,2026-08-20T21:12:44Z
2026-08-20T20:58:57Z,2026-08-20T22:58:57+0200,39137692-6dda-43d8-82cf-b5c3d0d6ba57,2026-08-04T03:00:00Z,2026-08-04T05:00:00+0200,841.1,MW,PT,PT,forecast_onshore_wind_generation,Wind Onshore,2026-08-20T21:12:44Z
2026-08-20T20:58:57Z,2026-08-20T22:58:57+0200,39137692-6dda-43d8-82cf-b5c3d0d6ba57,2026-08-04T04:00:00Z,2026-08-04T06:00:00+0200,754.7,MW,PT,PT,forecast_onshore_wind_generation,Wind Onshore,2026-08-20T21:12:44Z
2026-08-20T20:58:57Z,2026-08-20T22:58:57+0200,39137692-6dda-43d8-82cf-b5c3d0d6ba57,2026-08-04T05:00:00Z,2026-08-04T07:00:00+0200,676.4,MW,PT,PT,forecast_onshore_wind_generation,Wind Onshore,2026-08-20T21:12:44Z
2026-08-20T20:58:57Z,2026-08-20T22:58:57+0200,39137692-6dda-43d8-82cf-b5c3d0d6ba57,2026-08-04T06:00:00Z,2026-08-04T08:00:00+0200,577.1,MW,PT,PT,forecast_onshore_wind_generation,Wind Onshore,2026-08-20T21:12:44Z
2026-08-20T20:58:57Z,2026-08-20T22:58:57+0200,39137692-6dda-43d8-82cf-b5c3d0d6ba57,2026-08-04T07:00:00Z,2026-08-04T09:00:00+0200,471.3,MW,PT,PT,forecast_onshore_wind_generation,Wind Onshore,2026-08-20T21:12:44Z
2026-08-20T20:58:57Z,2026-08-20T22:58:57+0200,39137692-6dda-43d8-82cf-b5c3d0d6ba57,2026-08-04T08:00:00Z,2026-08-04T10:00:00+0200,405.4,MW,PT,PT,forecast_onshore_wind_generation,Wind Onshore,2026-08-20T21:12:44Z
2026-08-20T20:58:57Z,2026-08-20T22:58:57+0200,39137692-6dda-43d8-82cf-b5c3d0d6ba57,2026-08-04T09:00:00Z,2026-08-04T11:00:00+0200,403.3,MW,PT,PT,forecast_onshore_wind_generation,Wind Onshore,2026-08-20T21:12:44Z
2026-08-20T20:58:57Z,2026-08-20T22:58:57+0200,39137692-6dda-43d8-82cf-b5c3d0d6ba57,2026-08-04T10:00:00Z,2026-08-04T12:00:00+0200,471.4,MW,PT,PT,forecast_onshore_wind_generation,Wind Onshore,2026-08-20T21:12:44Z
2026-08-20T20:58:57Z,2026-08-20T22:58:57+0200,39137692-6dda-43d8-82cf-b5c3d0d6ba57,2026-08-04T11:00:00Z,2026-08-04T13:00:00+0200,588.2,MW,PT,PT,forecast_onshore_wind_generation,Wind Onshore,2026-08-20T21:12:44Z
2026-08-20T20:58:57Z,2026-08-20T22:58:57+0200,39137692-6dda-43d8-82cf-b5c3d0d6ba57,2026-08-04T12:00:00Z,2026-08-04T14:00:00+0200,749.9,MW,PT,PT,forecast_onshore_wind_generation,Wind Onshore,2026-08-20T21:12:44Z
2026-08-20T20:58:57Z,2026-08-20T22:58:57+0200,39137692-6dda-43d8-82cf-b5c3d0d6ba57,2026-08-04T13:00:00Z,2026-08-04T15:00:00+0200,953.4,MW,PT,PT,forecast_onshore_wind_generation,Wind Onshore,2026-08-20T21:12:44Z
2026-08-20T20:58:57Z,2026-08-20T22:58:57+0200,39137692-6dda-43d8-82cf-b5c3d0d6ba57,2026-08-04T14:00:00Z,2026-08-04T16:00:00+0200,1149.9,MW,PT,PT,forecast_onshore_wind_generation,Wind Onshore,2026-08-20T21:12:44Z
2026-08-20T20:58:57Z,2026-08-20T22:58:57+0200,39137692-6dda-43d8-82cf-b5c3d0d6ba57,2026-08-04T15:00:00Z,2026-08-04T17:00:00+0200,1331.4,MW,PT,PT,forecast_onshore_wind_generation,Wind Onshore,2026-08-20T21:12:44Z
2026-08-20T20:58:57Z,2026-08-20T22:58:57+0200,39137692-6dda-43d8-82cf-b5c3d0d6ba57,2026-08-04T16:00:00Z,2026-08-04T18:00:00+0200,1484.1,MW,PT,PT,forecast_onshore_wind_generation,Wind Onshore,2026-08-20T21:12:44Z
2026-08-20T20:58:57Z,2026-08-20T22:58:57+0200,39137692-6dda-43d8-82cf-b5c3d0d6ba57,2026-08-04T17:00:00Z,2026-08-04T19:00:00+0200,1594.7,MW,PT,PT,forecast_onshore_wind_generation,Wind Onshore,2026-08-20T21:12:44Z
2026-08-20T20:58:57Z,2026-08-20T22:58:57+0200,39137692-6dda-43d8-82cf-b5c3d0d6ba57,2026-08-04T18:00:00Z,2026-08-04T20:00:00+0200,1664.4,MW,PT,PT,forecast_onshore_wind_generation,Wind Onshore,2026-08-20T21:12:44Z
2026-08-20T20:58:57Z,2026-08-20T22:58:57+0200,39137692-6dda-43d8-82cf-b5c3d0d6ba57,2026-08-04T19:00:00Z,2026-08-04T21:00:00+0200,1647.5,MW,PT,PT,forecast_onshore_wind_generation,Wind Onshore,2026-08-20T21:12:44Z
2026-08-20T20:58:57Z,2026-08-20T22:58:57+0200,39137692-6dda-43d8-82cf-b5c3d0d6ba57,2026-08-04T20:00:00Z,2026-08-04T22:00:00+0200,1549.9,MW,PT,PT,forecast_onshore_wind_generation,Wind Onshore,2026-08-20T21:12:44Z
2026-08-20T20:58:57Z,2026-08-20T22:58:57+0200,39137692-6dda-43d8-82cf-b5c3d0d6ba57,2026-08-04T21:00:00Z,2026-08-04T23:00:00+0200,1438.7,MW,PT,PT,forecast_onshore_wind_generation,Wind Onshore,2026-08-20T21:12:44Z
2026-08-20T20:58:57Z,2026-08-20T22:58:57+0200,39137692-6dda-43d8-82cf-b5c3d0d6ba57,2026-08-04T22:00:00Z,2026-08-05T00:00:00+0200,1365.5,MW,PT,PT,forecast_onshore_wind_generation,Wind Onshore,2026-08-20T21:12:44Z
2026-08-20T20:58:57Z,2026-08-20T22:58:57+0200,39137692-6dda-43d8-82cf-b5c3d0d6ba57,2026-08-04T23:00:00Z,2026-08-05T01:00:00+0200,1310.8,MW,PT,PT,forecast_onshore_wind_generation,Wind Onshore,2026-08-20T21:12:44Z
2026-08-20T20:58:57Z,2026-08-20T22:58:57+0200,39137692-6dda-43d8-82cf-b5c3d0d6ba57,2026-08-05T00:00:00Z,2026-08-05T02:00:00+0200,1259.4,MW,PT,PT,forecast_onshore_wind_generation,Wind Onshore,2026-08-20T21:12:44Z
2026-08-20T20:58:57Z,2026-08-20T22:58:57+0200,39137692-6dda-43d8-82cf-b5c3d0d6ba57,2026-08-05T01:00:00Z,2026-08-05T03:00:00+0200,1210.3,MW,PT,PT,forecast_onshore_wind_generation,Wind Onshore,2026-08-20T21:12:44Z
2026-08-20T20:58:57Z,2026-08-20T22:58:57+0200,39137692-6dda-43d8-82cf-b5c3d0d6ba57,2026-08-05T02:00:00Z,2026-08-05T04:00:00+0200,1155.5,MW,PT,PT,forecast_onshore_wind_generation,Wind Onshore,2026-08-20T21:12:44Z
2026-08-20T20:58:57Z,2026-08-20T22:58:57+0200,39137692-6dda-43d8-82cf-b5c3d0d6ba57,2026-08-05T03:00:00Z,2026-08-05T05:00:00+0200,1094.3,MW,PT,PT,forecast_onshore_wind_generation,Wind Onshore,2026-08-20T21:12:44Z
2026-08-20T20:58:57Z,2026-08-20T22:58:57+0200,39137692-6dda-43d8-82cf-b5c3d0d6ba57,2026-08-05T04:00:00Z,2026-08-05T06:00:00+0200,1025.2,MW,PT,PT,forecast_onshore_wind_generation,Wind Onshore,2026-08-20T21:12:44Z
2026-08-20T20:58:57Z,2026-08-20T22:58:57+0200,39137692-6dda-43d8-82cf-b5c3d0d6ba57,2026-08-05T05:00:00Z,2026-08-05T07:00:00+0200,947.4,MW,PT,PT,forecast_onshore_wind_generation,Wind Onshore,2026-08-20T21:12:44Z
2026-08-20T20:58:57Z,2026-08-20T22:58:57+0200,39137692-6dda-43d8-82cf-b5c3d0d6ba57,2026-08-05T06:00:00Z,2026-08-05T08:00:00+0200,813.9,MW,PT,PT,forecast_onshore_wind_generation,Wind Onshore,2026-08-20T21:12:44Z
2026-08-20T20:58:57Z,2026-08-20T22:58:57+0200,39137692-6dda-43d8-82cf-b5c3d0d6ba57,2026-08-05T07:00:00Z,2026-08-05T09:00:00+0200,664.9,MW,PT,PT,forecast_onshore_wind_generation,Wind Onshore,2026-08-20T21:12:44Z
2026-08-20T20:58:57Z,2026-08-20T22:58:57+0200,39137692-6dda-43d8-82cf-b5c3d0d6ba57,2026-08-05T08:00:00Z,2026-08-05T10:00:00+0200,548.0,MW,PT,PT,forecast_onshore_wind_generation,Wind Onshore,2026-08-20T21:12:44Z
2026-08-20T20:58:57Z,2026-08-20T22:58:57+0200,39137692-6dda-43d8-82cf-b5c3d0d6ba57,2026-08-05T09:00:00Z,2026-08-05T11:00:00+0200,504.1,MW,PT,PT,forecast_onshore_wind_generation,Wind Onshore,2026-08-20T21:12:44Z
2026-08-20T20:58:57Z,2026-08-20T22:58:57+0200,39137692-6dda-43d8-82cf-b5c3d0d6ba57,2026-08-05T10:00:00Z,2026-08-05T12:00:00+0200,505.9,MW,PT,PT,forecast_onshore_wind_generation,Wind Onshore,2026-08-20T21:12:44Z
2026-08-20T20:58:57Z,2026-08-20T22:58:57+0200,39137692-6dda-43d8-82cf-b5c3d0d6ba57,2026-08-05T11:00:00Z,2026-08-05T13:00:00+0200,559.3,MW,PT,PT,forecast_onshore_wind_generation,Wind Onshore,2026-08-20T21:12:44Z
2026-08-20T20:58:57Z,2026-08-20T22:58:57+0200,39137692-6dda-43d8-82cf-b5c3d0d6ba57,2026-08-05T12:00:00Z,2026-08-05T14:00:00+0200,685.8,MW,PT,PT,forecast_onshore_wind_generation,Wind Onshore,2026-08-20T21:12:44Z
2026-08-20T20:58:57Z,2026-08-20T22:58:57+0200,39137692-6dda-43d8-82cf-b5c3d0d6ba57,2026-08-05T13:00:00Z,2026-08-05T15:00:00+0200,887.8,MW,PT,PT,forecast_onshore_wind_generation,Wind Onshore,2026-08-20T21:12:44Z
2026-08-20T20:58:57Z,2026-08-20T22:58:57+0200,39137692-6dda-43d8-82cf-b5c3d0d6ba57,2026-08-05T14:00:00Z,2026-08-05T16:00:00+0200,1117.6,MW,PT,PT,forecast_onshore_wind_generation,Wind Onshore,2026-08-20T21:12:44Z
2026-08-20T20:58:57Z,2026-08-20T22:58:57+0200,39137692-6dda-43d8-82cf-b5c3d0d6ba57,2026-08-05T15:00:00Z,2026-08-05T17:00:00+0200,1341.3,MW,PT,PT,forecast_onshore_wind_generation,Wind Onshore,2026-08-20T21:12:44Z
2026-08-20T20:58:57Z,2026-08-20T22:58:57+0200,39137692-6dda-43d8-82cf-b5c3d0d6ba57,2026-08-05T16:00:00Z,2026-08-05T18:00:00+0200,1538.4,MW,PT,PT,forecast_onshore_wind_generation,Wind Onshore,2026-08-20T21:12:44Z
2026-08-20T20:58:57Z,2026-08-20T22:58:57+0200,39137692-6dda-43d8-82cf-b5c3d0d6ba57,2026-08-05T17:00:00Z,2026-08-05T19:00:00+0200,1689.1,MW,PT,PT,forecast_onshore_wind_generation,Wind Onshore,2026-08-20T21:12:44Z
2026-08-20T20:58:57Z,2026-08-20T22:58:57+0200,39137692-6dda-43d8-82cf-b5c3d0d6ba57,2026-08-05T18:00:00Z,2026-08-05T20:00:00+0200,1787.2,MW,PT,PT,forecast_onshore_wind_generation,Wind Onshore,2026-08-20T21:12:44Z
2026-08-20T20:58:57Z,2026-08-20T22:58:57+0200,39137692-6dda-43d8-82cf-b5c3d0d6ba57,2026-08-05T19:00:00Z,2026-08-05T21:00:00+0200,1814.8,MW,PT,PT,forecast_onshore_wind_generation,Wind Onshore,2026-08-20T21:12:44Z
2026-08-20T20:58:57Z,2026-08-20T22:58:57+0200,39137692-6dda-43d8-82cf-b5c3d0d6ba57,2026-08-05T20:00:00Z,2026-08-05T22:00:00+0200,1789.3,MW,PT,PT,forecast_onshore_wind_generation,Wind Onshore,2026-08-20T21:12:44Z
2026-08-20T20:58:57Z,2026-08-20T22:58:57+0200,39137692-6dda-43d8-82cf-b5c3d0d6ba57,2026-08-05T21:00:00Z,2026-08-05T23:00:00+0200,1753.1,MW,PT,PT,forecast_onshore_wind_generation,Wind Onshore,2026-08-20T21:12:44Z
2026-08-20T20:58:57Z,2026-08-20T22:58:57+0200,39137692-6dda-43d8-82cf-b5c3d0d6ba57,2026-08-05T22:00:00Z,2026-08-06T00:00:00+0200,1513.8,MW,PT,PT,forecast_onshore_wind_generation,Wind Onshore,2026-08-20T21:12:44Z
2026-08-20T20:58:57Z,2026-08-20T22:58:57+0200,39137692-6dda-43d8-82cf-b5c3d0d6ba57,2026-08-05T23:00:00Z,2026-08-06T01:00:00+0200,1445.1,MW,PT,PT,forecast_onshore_wind_generation,Wind Onshore,2026-08-20T21:12:44Z
2026-08-20T20:58:57Z,2026-08-20T22:58:57+0200,39137692-6dda-43d8-82cf-b5c3d0d6ba57,2026-08-06T00:00:00Z,2026-08-06T02:00:00+0200,1372.9,MW,PT,PT,forecast_onshore_wind_generation,Wind Onshore,2026-08-20T21:12:44Z
2026-08-20T20:58:57Z,2026-08-20T22:58:57+0200,39137692-6dda-43d8-82cf-b5c3d0d6ba57,2026-08-06T01:00:00Z,2026-08-06T03:00:00+0200,1316.5,MW,PT,PT,forecast_onshore_wind_generation,Wind Onshore,2026-08-20T21:12:44Z
2026-08-20T20:58:57Z,2026-08-20T22:58:57+0200,39137692-6dda-43d8-82cf-b5c3d0d6ba57,2026-08-06T02:00:00Z,2026-08-06T04:00:00+0200,1266.8,MW,PT,PT,forecast_onshore_wind_generation,Wind Onshore,2026-08-20T21:12:44Z
2026-08-20T20:58:57Z,2026-08-20T22:58:57+0200,39137692-6dda-43d8-82cf-b5c3d0d6ba57,2026-08-06T03:00:00Z,2026-08-06T05:00:00+0200,1239.5,MW,PT,PT,forecast_onshore_wind_generation,Wind Onshore,2026-08-20T21:12:44Z
2026-08-20T20:58:57Z,2026-08-20T22:58:57+0200,39137692-6dda-43d8-82cf-b5c3d0d6ba57,2026-08-06T04:00:00Z,2026-08-06T06:00:00+0200,1234.4,MW,PT,PT,forecast_onshore_wind_generation,Wind Onshore,2026-08-20T21:12:44Z
2026-08-20T20:58:57Z,2026-08-20T22:58:57+0200,39137692-6dda-43d8-82cf-b5c3d0d6ba57,2026-08-06T05:00:00Z,2026-08-06T07:00:00+0200,1220.3,MW,PT,PT,forecast_onshore_wind_generation,Wind Onshore,2026-08-20T21:12:44Z
2026-08-20T20:58:57Z,2026-08-20T22:58:57+0200,39137692-6dda-43d8-82cf-b5c3d0d6ba57,2026-08-06T06:00:00Z,2026-08-06T08:00:00+0200,1143.4,MW,PT,PT,forecast_onshore_wind_generation,Wind Onshore,2026-08-20T21:12:44Z
2026-08-20T20:58:57Z,2026-08-20T22:58:57+0200,39137692-6dda-43d8-82cf-b5c3d0d6ba57,2026-08-06T07:00:00Z,2026-08-06T09:00:00+0200,974.0,MW,PT,PT,forecast_onshore_wind_generation,Wind Onshore,2026-08-20T21:12:44Z
2026-08-20T20:58:57Z,2026-08-20T22:58:57+0200,39137692-6dda-43d8-82cf-b5c3d0d6ba57,2026-08-06T08:00:00Z,2026-08-06T10:00:00+0200,766.8,MW,PT,PT,forecast_onshore_wind_generation,Wind Onshore,2026-08-20T21:12:44Z
2026-08-20T20:58:57Z,2026-08-20T22:58:57+0200,39137692-6dda-43d8-82cf-b5c3d0d6ba57,2026-08-06T09:00:00Z,2026-08-06T11:00:00+0200,620.5,MW,PT,PT,forecast_onshore_wind_generation,Wind Onshore,2026-08-20T21:12:44Z
2026-08-20T20:58:57Z,2026-08-20T22:58:57+0200,39137692-6dda-43d8-82cf-b5c3d0d6ba57,2026-08-06T10:00:00Z,2026-08-06T12:00:00+0200,550.9,MW,PT,PT,forecast_onshore_wind_generation,Wind Onshore,2026-08-20T21:12:44Z
2026-08-20T20:58:57Z,2026-08-20T22:58:57+0200,39137692-6dda-43d8-82cf-b5c3d0d6ba57,2026-08-06T11:00:00Z,2026-08-06T13:00:00+0200,543.6,MW,PT,PT,forecast_onshore_wind_generation,Wind Onshore,2026-08-20T21:12:44Z
2026-08-20T20:58:57Z,2026-08-20T22:58:57+0200,39137692-6dda-43d8-82cf-b5c3d0d6ba57,2026-08-06T12:00:00Z,2026-08-06T14:00:00+0200,603.4,MW,PT,PT,forecast_onshore_wind_generation,Wind Onshore,2026-08-20T21:12:44Z
2026-08-20T20:58:57Z,2026-08-20T22:58:57+0200,39137692-6dda-43d8-82cf-b5c3d0d6ba57,2026-08-06T13:00:00Z,2026-08-06T15:00:00+0200,743.8,MW,PT,PT,forecast_onshore_wind_generation,Wind Onshore,2026-08-20T21:12:44Z
2026-08-20T20:58:57Z,2026-08-20T22:58:57+0200,39137692-6dda-43d8-82cf-b5c3d0d6ba57,2026-08-06T14:00:00Z,2026-08-06T16:00:00+0200,941.7,MW,PT,PT,forecast_onshore_wind_generation,Wind Onshore,2026-08-20T21:12:44Z
2026-08-20T20:58:57Z,2026-08-20T22:58:57+0200,39137692-6dda-43d8-82cf-b5c3d0d6ba57,2026-08-06T15:00:00Z,2026-08-06T17:00:00+0200,1148.8,MW,PT,PT,forecast_onshore_wind_generation,Wind Onshore,2026-08-20T21:12:44Z
2026-08-20T20:58:57Z,2026-08-20T22:58:57+0200,39137692-6dda-43d8-82cf-b5c3d0d6ba57,2026-08-06T16:00:00Z,2026-08-06T18:00:00+0200,1330.0,MW,PT,PT,forecast_onshore_wind_generation,Wind Onshore,2026-08-20T21:12:44Z
2026-08-20T20:58:57Z,2026-08-20T22:58:57+0200,39137692-6dda-43d8-82cf-b5c3d0d6ba57,2026-08-06T17:00:00Z,2026-08-06T19:00:00+0200,1464.9,MW,PT,PT,forecast_onshore_wind_generation,Wind Onshore,2026-08-20T21:12:44Z
2026-08-20T20:58:57Z,2026-08-20T22:58:57+0200,39137692-6dda-43d8-82cf-b5c3d0d6ba57,2026-08-06T18:00:00Z,2026-08-06T20:00:00+0200,1553.6,MW,PT,PT,forecast_onshore_wind_generation,Wind Onshore,2026-08-20T21:12:44Z
2026-08-20T20:58:57Z,2026-08-20T22:58:57+0200,39137692-6dda-43d8-82cf-b5c3d0d6ba57,2026-08-06T19:00:00Z,2026-08-06T21:00:00+0200,1583.7,MW,PT,PT,forecast_onshore_wind_generation,Wind Onshore,2026-08-20T21:12:44Z
2026-08-20T20:58:57Z,2026-08-20T22:58:57+0200,39137692-6dda-43d8-82cf-b5c3d0d6ba57,2026-08-06T20:00:00Z,2026-08-06T22:00:00+0200,1575.7,MW,PT,PT,forecast_onshore_wind_generation,Wind Onshore,2026-08-20T21:12:44Z
2026-08-20T20:58:57Z,2026-08-20T22:58:57+0200,39137692-6dda-43d8-82cf-b5c3d0d6ba57,2026-08-06T21:00:00Z,2026-08-06T23:00:00+0200,1536.9,MW,PT,PT,forecast_onshore_wind_generation,Wind Onshore,2026-08-20T21:12:44Z
2026-08-20T20:58:57Z,2026-08-20T22:58:57+0200,39137692-6dda-43d8-82cf-b5c3d0d6ba57,2026-08-06T22:00:00Z,2026-08-07T00:00:00+0200,1444.1,MW,PT,PT,forecast_onshore_wind_generation,Wind Onshore,2026-08-20T21:12:44Z
2026-08-20T20:58:57Z,2026-08-20T22:58:57+0200,39137692-6dda-43d8-82cf-b5c3d0d6ba57,2026-08-06T23:00:00Z,2026-08-07T01:00:00+0200,1349.0,MW,PT,PT,forecast_onshore_wind_generation,Wind Onshore,2026-08-20T21:12:44Z
2026-08-20T20:58:57Z,2026-08-20T22:58:57+0200,39137692-6dda-43d8-82cf-b5c3d0d6ba57,2026-08-07T00:00:00Z,2026-08-07T02:00:00+0200,1283.3,MW,PT,PT,forecast_onshore_wind_generation,Wind Onshore,2026-08-20T21:12:44Z
2026-08-20T20:58:57Z,2026-08-20T22:58:57+0200,39137692-6dda-43d8-82cf-b5c3d0d6ba57,2026-08-07T01:00:00Z,2026-08-07T03:00:00+0200,1251.7,MW,PT,PT,forecast_onshore_wind_generation,Wind Onshore,2026-08-20T21:12:44Z
2026-08-20T20:58:57Z,2026-08-20T22:58:57+0200,39137692-6dda-43d8-82cf-b5c3d0d6ba57,2026-08-07T02:00:00Z,2026-08-07T04:00:00+0200,1191.0,MW,PT,PT,forecast_onshore_wind_generation,Wind Onshore,2026-08-20T21:12:44Z
2026-08-20T20:58:57Z,2026-08-20T22:58:57+0200,39137692-6dda-43d8-82cf-b5c3d0d6ba57,2026-08-07T03:00:00Z,2026-08-07T05:00:00+0200,1108.9,MW,PT,PT,forecast_onshore_wind_generation,Wind Onshore,2026-08-20T21:12:44Z
2026-08-20T20:58:57Z,2026-08-20T22:58:57+0200,39137692-6dda-43d8-82cf-b5c3d0d6ba57,2026-08-07T04:00:00Z,2026-08-07T06:00:00+0200,1019.8,MW,PT,PT,forecast_onshore_wind_generation,Wind Onshore,2026-08-20T21:12:44Z
2026-08-20T20:58:57Z,2026-08-20T22:58:57+0200,39137692-6dda-43d8-82cf-b5c3d0d6ba57,2026-08-07T05:00:00Z,2026-08-07T07:00:00+0200,941.4,MW,PT,PT,forecast_onshore_wind_generation,Wind Onshore,2026-08-20T21:12:44Z
2026-08-20T20:58:57Z,2026-08-20T22:58:57+0200,39137692-6dda-43d8-82cf-b5c3d0d6ba57,2026-08-07T06:00:00Z,2026-08-07T08:00:00+0200,844.6,MW,PT,PT,forecast_onshore_wind_generation,Wind Onshore,2026-08-20T21:12:44Z
2026-08-20T20:58:57Z,2026-08-20T22:58:57+0200,39137692-6dda-43d8-82cf-b5c3d0d6ba57,2026-08-07T07:00:00Z,2026-08-07T09:00:00+0200,689.3,MW,PT,PT,forecast_onshore_wind_generation,Wind Onshore,2026-08-20T21:12:44Z
2026-08-20T20:58:57Z,2026-08-20T22:58:57+0200,39137692-6dda-43d8-82cf-b5c3d0d6ba57,2026-08-07T08:00:00Z,2026-08-07T10:00:00+0200,526.3,MW,PT,PT,forecast_onshore_wind_generation,Wind Onshore,2026-08-20T21:12:44Z
2026-08-20T20:58:57Z,2026-08-20T22:58:57+0200,39137692-6dda-43d8-82cf-b5c3d0d6ba57,2026-08-07T09:00:00Z,2026-08-07T11:00:00+0200,448.1,MW,PT,PT,forecast_onshore_wind_generation,Wind Onshore,2026-08-20T21:12:44Z
2026-08-20T20:58:57Z,2026-08-20T22:58:57+0200,39137692-6dda-43d8-82cf-b5c3d0d6ba57,2026-08-07T10:00:00Z,2026-08-07T12:00:00+0200,458.1,MW,PT,PT,forecast_onshore_wind_generation,Wind Onshore,2026-08-20T21:12:44Z
2026-08-20T20:58:57Z,2026-08-20T22:58:57+0200,39137692-6dda-43d8-82cf-b5c3d0d6ba57,2026-08-07T11:00:00Z,2026-08-07T13:00:00+0200,542.1,MW,PT,PT,forecast_onshore_wind_generation,Wind Onshore,2026-08-20T21:12:44Z
2026-08-20T20:58:57Z,2026-08-20T22:58:57+0200,39137692-6dda-43d8-82cf-b5c3d0d6ba57,2026-08-07T12:00:00Z,2026-08-07T14:00:00+0200,712.1,MW,PT,PT,forecast_onshore_wind_generation,Wind Onshore,2026-08-20T21:12:44Z
2026-08-20T20:58:57Z,2026-08-20T22:58:57+0200,39137692-6dda-43d8-82cf-b5c3d0d6ba57,2026-08-07T13:00:00Z,2026-08-07T15:00:00+0200,969.0,MW,PT,PT,forecast_onshore_wind_generation,Wind Onshore,2026-08-20T21:12:44Z
2026-08-20T20:58:57Z,2026-08-20T22:58:57+0200,39137692-6dda-43d8-82cf-b5c3d0d6ba57,2026-08-07T14:00:00Z,2026-08-07T16:00:00+0200,1230.9,MW,PT,PT,forecast_onshore_wind_generation,Wind Onshore,2026-08-20T21:12:44Z
2026-08-20T20:58:57Z,2026-08-20T22:58:57+0200,39137692-6dda-43d8-82cf-b5c3d0d6ba57,2026-08-07T15:00:00Z,2026-08-07T17:00:00+0200,1441.9,MW,PT,PT,forecast_onshore_wind_generation,Wind Onshore,2026-08-20T21:12:44Z
2026-08-20T20:58:57Z,2026-08-20T22:58:57+0200,39137692-6dda-43d8-82cf-b5c3d0d6ba57,2026-08-07T16:00:00Z,2026-08-07T18:00:00+0200,1581.8,MW,PT,PT,forecast_onshore_wind_generation,Wind Onshore,2026-08-20T21:12:44Z
2026-08-20T20:58:57Z,2026-08-20T22:58:57+0200,39137692-6dda-43d8-82cf-b5c3d0d6ba57,2026-08-07T17:00:00Z,2026-08-07T19:00:00+0200,1632.4,MW,PT,PT,forecast_onshore_wind_generation,Wind Onshore,2026-08-20T21:12:44Z
2026-08-20T20:58:57Z,2026-08-20T22:58:57+0200,39137692-6dda-43d8-82cf-b5c3d0d6ba57,2026-08-07T18:00:00Z,2026-08-07T20:00:00+0200,1607.4,MW,PT,PT,forecast_onshore_wind_generation,Wind Onshore,2026-08-20T21:12:44Z
2026-08-20T20:58:57Z,2026-08-20T22:58:57+0200,39137692-6dda-43d8-82cf-b5c3d0d6ba57,2026-08-07T19:00:00Z,2026-08-07T21:00:00+0200,1549.2,MW,PT,PT,forecast_onshore_wind_generation,Wind Onshore,2026-08-20T21:12:44Z
2026-08-20T20:58:57Z,2026-08-20T22:58:57+0200,39137692-6dda-43d8-82cf-b5c3d0d6ba57,2026-08-07T20:00:00Z,2026-08-07T22:00:00+0200,1463.1,MW,PT,PT,forecast_onshore_wind_generation,Wind Onshore,2026-08-20T21:12:44Z
2026-08-20T20:58:57Z,2026-08-20T22:58:57+0200,39137692-6dda-43d8-82cf-b5c3d0d6ba57,2026-08-07T21:00:00Z,2026-08-07T23:00:00+0200,1344.0,MW,PT,PT,forecast_onshore_wind_generation,Wind Onshore,2026-08-20T21:12:44Z
2026-08-20T20:58:57Z,2026-08-20T22:58:57+0200,39137692-6dda-43d8-82cf-b5c3d0d6ba57,2026-08-07T22:00:00Z,2026-08-08T00:00:00+0200,830.3,MW,PT,PT,forecast_onshore_wind_generation,Wind Onshore,2026-08-20T21:12:44Z
2026-08-20T20:58:57Z,2026-08-20T22:58:57+0200,39137692-6dda-43d8-82cf-b5c3d0d6ba57,2026-08-07T23:00:00Z,2026-08-08T01:00:00+0200,704.6,MW,PT,PT,forecast_onshore_wind_generation,Wind Onshore,2026-08-20T21:12:44Z
2026-08-20T20:58:57Z,2026-08-20T22:58:57+0200,39137692-6dda-43d8-82cf-b5c3d0d6ba57,2026-08-08T00:00:00Z,2026-08-08T02:00:00+0200,605.1,MW,PT,PT,forecast_onshore_wind_generation,Wind Onshore,2026-08-20T21:12:44Z
2026-08-20T20:58:57Z,2026-08-20T22:58:57+0200,39137692-6dda-43d8-82cf-b5c3d0d6ba57,2026-08-08T01:00:00Z,2026-08-08T03:00:00+0200,527.4,MW,PT,PT,forecast_onshore_wind_generation,Wind Onshore,2026-08-20T21:12:44Z
2026-08-20T20:58:57Z,2026-08-20T22:58:57+0200,39137692-6dda-43d8-82cf-b5c3d0d6ba57,2026-08-08T02:00:00Z,2026-08-08T04:00:00+0200,483.7,MW,PT,PT,forecast_onshore_wind_generation,Wind Onshore,2026-08-20T21:12:44Z
2026-08-20T20:58:57Z,2026-08-20T22:58:57+0200,39137692-6dda-43d8-82cf-b5c3d0d6ba57,2026-08-08T03:00:00Z,2026-08-08T05:00:00+0200,455.8,MW,PT,PT,forecast_onshore_wind_generation,Wind Onshore,2026-08-20T21:12:44Z
2026-08-20T20:58:57Z,2026-08-20T22:58:57+0200,39137692-6dda-43d8-82cf-b5c3d0d6ba57,2026-08-08T04:00:00Z,2026-08-08T06:00:00+0200,427.0,MW,PT,PT,forecast_onshore_wind_generation,Wind Onshore,2026-08-20T21:12:44Z
2026-08-20T20:58:57Z,2026-08-20T22:58:57+0200,39137692-6dda-43d8-82cf-b5c3d0d6ba57,2026-08-08T05:00:00Z,2026-08-08T07:00:00+0200,395.9,MW,PT,PT,forecast_onshore_wind_generation,Wind Onshore,2026-08-20T21:12:44Z
2026-08-20T20:58:57Z,2026-08-20T22:58:57+0200,39137692-6dda-43d8-82cf-b5c3d0d6ba57,2026-08-08T06:00:00Z,2026-08-08T08:00:00+0200,358.0,MW,PT,PT,forecast_onshore_wind_generation,Wind Onshore,2026-08-20T21:12:44Z
2026-08-20T20:58:57Z,2026-08-20T22:58:57+0200,39137692-6dda-43d8-82cf-b5c3d0d6ba57,2026-08-08T07:00:00Z,2026-08-08T09:00:00+0200,297.3,MW,PT,PT,forecast_onshore_wind_generation,Wind Onshore,2026-08-20T21:12:44Z
2026-08-20T20:58:57Z,2026-08-20T22:58:57+0200,39137692-6dda-43d8-82cf-b5c3d0d6ba57,2026-08-08T08:00:00Z,2026-08-08T10:00:00+0200,240.0,MW,PT,PT,forecast_onshore_wind_generation,Wind Onshore,2026-08-20T21:12:44Z
2026-08-20T20:58:57Z,2026-08-20T22:58:57+0200,39137692-6dda-43d8-82cf-b5c3d0d6ba57,2026-08-08T09:00:00Z,2026-08-08T11:00:00+0200,243.3,MW,PT,PT,forecast_onshore_wind_generation,Wind Onshore,2026-08-20T21:12:44Z
2026-08-20T20:58:57Z,2026-08-20T22:58:57+0200,39137692-6dda-43d8-82cf-b5c3d0d6ba57,2026-08-08T10:00:00Z,2026-08-08T12:00:00+0200,349.1,MW,PT,PT,forecast_onshore_wind_generation,Wind Onshore,2026-08-20T21:12:44Z
2026-08-20T20:58:57Z,2026-08-20T22:58:57+0200,39137692-6dda-43d8-82cf-b5c3d0d6ba57,2026-08-08T11:00:00Z,2026-08-08T13:00:00+0200,561.8,MW,PT,PT,forecast_onshore_wind_generation,Wind Onshore,2026-08-20T21:12:44Z
2026-08-20T20:58:57Z,2026-08-20T22:58:57+0200,39137692-6dda-43d8-82cf-b5c3d0d6ba57,2026-08-08T12:00:00Z,2026-08-08T14:00:00+0200,863.8,MW,PT,PT,forecast_onshore_wind_generation,Wind Onshore,2026-08-20T21:12:44Z
2026-08-20T20:58:57Z,2026-08-20T22:58:57+0200,39137692-6dda-43d8-82cf-b5c3d0d6ba57,2026-08-08T13:00:00Z,2026-08-08T15:00:00+0200,1215.4,MW,PT,PT,forecast_onshore_wind_generation,Wind Onshore,2026-08-20T21:12:44Z
2026-08-20T20:58:57Z,2026-08-20T22:58:57+0200,39137692-6dda-43d8-82cf-b5c3d0d6ba57,2026-08-08T14:00:00Z,2026-08-08T16:00:00+0200,1502.7,MW,PT,PT,forecast_onshore_wind_generation,Wind Onshore,2026-08-20T21:12:44Z
2026-08-20T20:58:57Z,2026-08-20T22:58:57+0200,39137692-6dda-43d8-82cf-b5c3d0d6ba57,2026-08-08T15:00:00Z,2026-08-08T17:00:00+0200,1669.9,MW,PT,PT,forecast_onshore_wind_generation,Wind Onshore,2026-08-20T21:12:44Z
2026-08-20T20:58:57Z,2026-08-20T22:58:57+0200,39137692-6dda-43d8-82cf-b5c3d0d6ba57,2026-08-08T16:00:00Z,2026-08-08T18:00:00+0200,1709.2,MW,PT,PT,forecast_onshore_wind_generation,Wind Onshore,2026-08-20T21:12:44Z
2026-08-20T20:58:57Z,2026-08-20T22:58:57+0200,39137692-6dda-43d8-82cf-b5c3d0d6ba57,2026-08-08T17:00:00Z,2026-08-08T19:00:00+0200,1676.0,MW,PT,PT,forecast_onshore_wind_generation,Wind Onshore,2026-08-20T21:12:44Z
2026-08-20T20:58:57Z,2026-08-20T22:58:57+0200,39137692-6dda-43d8-82cf-b5c3d0d6ba57,2026-08-08T18:00:00Z,2026-08-08T20:00:00+0200,1586.0,MW,PT,PT,forecast_onshore_wind_generation,Wind Onshore,2026-08-20T21:12:44Z
2026-08-20T20:58:57Z,2026-08-20T22:58:57+0200,39137692-6dda-43d8-82cf-b5c3d0d6ba57,2026-08-08T19:00:00Z,2026-08-08T21:00:00+0200,1445.2,MW,PT,PT,forecast_onshore_wind_generation,Wind Onshore,2026-08-20T21:12:44Z
2026-08-20T20:58:57Z,2026-08-20T22:58:57+0200,39137692-6dda-43d8-82cf-b5c3d0d6ba57,2026-08-08T20:00:00Z,2026-08-08T22:00:00+0200,1296.8,MW,PT,PT,forecast_onshore_wind_generation,Wind Onshore,2026-08-20T21:12:44Z
2026-08-20T20:58:57Z,2026-08-20T22:58:57+0200,39137692-6dda-43d8-82cf-b5c3d0d6ba57,2026-08-08T21:00:00Z,2026-08-08T23:00:00+0200,1164.8,MW,PT,PT,forecast_onshore_wind_generation,Wind Onshore,2026-08-20T21:12:44Z
2026-08-20T20:58:57Z,2026-08-20T22:58:57+0200,39137692-6dda-43d8-82cf-b5c3d0d6ba57,2026-08-08T22:00:00Z,2026-08-09T00:00:00+0200,1105.8,MW,PT,PT,forecast_onshore_wind_generation,Wind Onshore,2026-08-20T21:12:44Z
2026-08-20T20:58:57Z,2026-08-20T22:58:57+0200,39137692-6dda-43d8-82cf-b5c3d0d6ba57,2026-08-08T23:00:00Z,2026-08-09T01:00:00+0200,1026.5,MW,PT,PT,forecast_onshore_wind_generation,Wind Onshore,2026-08-20T21:12:44Z
2026-08-20T20:58:57Z,2026-08-20T22:58:57+0200,39137692-6dda-43d8-82cf-b5c3d0d6ba57,2026-08-09T00:00:00Z,2026-08-09T02:00:00+0200,967.3,MW,PT,PT,forecast_onshore_wind_generation,Wind Onshore,2026-08-20T21:12:44Z
2026-08-20T20:58:57Z,2026-08-20T22:58:57+0200,39137692-6dda-43d8-82cf-b5c3d0d6ba57,2026-08-09T01:00:00Z,2026-08-09T03:00:00+0200,893.1,MW,PT,PT,forecast_onshore_wind_generation,Wind Onshore,2026-08-20T21:12:44Z
2026-08-20T20:58:57Z,2026-08-20T22:58:57+0200,39137692-6dda-43d8-82cf-b5c3d0d6ba57,2026-08-09T02:00:00Z,2026-08-09T04:00:00+0200,796.8,MW,PT,PT,forecast_onshore_wind_generation,Wind Onshore,2026-08-20T21:12:44Z
2026-08-20T20:58:57Z,2026-08-20T22:58:57+0200,39137692-6dda-43d8-82cf-b5c3d0d6ba57,2026-08-09T03:00:00Z,2026-08-09T05:00:00+0200,692.5,MW,PT,PT,forecast_onshore_wind_generation,Wind Onshore,2026-08-20T21:12:44Z
2026-08-20T20:58:57Z,2026-08-20T22:58:57+0200,39137692-6dda-43d8-82cf-b5c3d0d6ba57,2026-08-09T04:00:00Z,2026-08-09T06:00:00+0200,599.1,MW,PT,PT,forecast_onshore_wind_generation,Wind Onshore,2026-08-20T21:12:44Z
2026-08-20T20:58:57Z,2026-08-20T22:58:57+0200,39137692-6dda-43d8-82cf-b5c3d0d6ba57,2026-08-09T05:00:00Z,2026-08-09T07:00:00+0200,525.2,MW,PT,PT,forecast_onshore_wind_generation,Wind Onshore,2026-08-20T21:12:44Z
2026-08-20T20:58:57Z,2026-08-20T22:58:57+0200,39137692-6dda-43d8-82cf-b5c3d0d6ba57,2026-08-09T06:00:00Z,2026-08-09T08:00:00+0200,461.7,MW,PT,PT,forecast_onshore_wind_generation,Wind Onshore,2026-08-20T21:12:44Z
2026-08-20T20:58:57Z,2026-08-20T22:58:57+0200,39137692-6dda-43d8-82cf-b5c3d0d6ba57,2026-08-09T07:00:00Z,2026-08-09T09:00:00+0200,383.4,MW,PT,PT,forecast_onshore_wind_generation,Wind Onshore,2026-08-20T21:12:44Z
2026-08-20T20:58:57Z,2026-08-20T22:58:57+0200,39137692-6dda-43d8-82cf-b5c3d0d6ba57,2026-08-09T08:00:00Z,2026-08-09T10:00:00+0200,323.3,MW,PT,PT,forecast_onshore_wind_generation,Wind Onshore,2026-08-20T21:12:44Z
2026-08-20T20:58:57Z,2026-08-20T22:58:57+0200,39137692-6dda-43d8-82cf-b5c3d0d6ba57,2026-08-09T09:00:00Z,2026-08-09T11:00:00+0200,313.5,MW,PT,PT,forecast_onshore_wind_generation,Wind Onshore,2026-08-20T21:12:44Z
2026-08-20T20:58:57Z,2026-08-20T22:58:57+0200,39137692-6dda-43d8-82cf-b5c3d0d6ba57,2026-08-09T10:00:00Z,2026-08-09T12:00:00+0200,338.7,MW,PT,PT,forecast_onshore_wind_generation,Wind Onshore,2026-08-20T21:12:44Z
2026-08-20T20:58:57Z,2026-08-20T22:58:57+0200,39137692-6dda-43d8-82cf-b5c3d0d6ba57,2026-08-09T11:00:00Z,2026-08-09T13:00:00+0200,406.9,MW,PT,PT,forecast_onshore_wind_generation,Wind Onshore,2026-08-20T21:12:44Z
2026-08-20T20:58:57Z,2026-08-20T22:58:57+0200,39137692-6dda-43d8-82cf-b5c3d0d6ba57,2026-08-09T12:00:00Z,2026-08-09T14:00:00+0200,543.6,MW,PT,PT,forecast_onshore_wind_generation,Wind Onshore,2026-08-20T21:12:44Z
2026-08-20T20:58:57Z,2026-08-20T22:58:57+0200,39137692-6dda-43d8-82cf-b5c3d0d6ba57,2026-08-09T13:00:00Z,2026-08-09T15:00:00+0200,746.1,MW,PT,PT,forecast_onshore_wind_generation,Wind Onshore,2026-08-20T21:12:44Z
2026-08-20T20:58:57Z,2026-08-20T22:58:57+0200,39137692-6dda-43d8-82cf-b5c3d0d6ba57,2026-08-09T14:00:00Z,2026-08-09T16:00:00+0200,960.0,MW,PT,PT,forecast_onshore_wind_generation,Wind Onshore,2026-08-20T21:12:44Z
2026-08-20T20:58:57Z,2026-08-20T22:58:57+0200,39137692-6dda-43d8-82cf-b5c3d0d6ba57,2026-08-09T15:00:00Z,2026-08-09T17:00:00+0200,1171.2,MW,PT,PT,forecast_onshore_wind_generation,Wind Onshore,2026-08-20T21:12:44Z
2026-08-20T20:58:57Z,2026-08-20T22:58:57+0200,39137692-6dda-43d8-82cf-b5c3d0d6ba57,2026-08-09T16:00:00Z,2026-08-09T18:00:00+0200,1348.0,MW,PT,PT,forecast_onshore_wind_generation,Wind Onshore,2026-08-20T21:12:44Z
2026-08-20T20:58:57Z,2026-08-20T22:58:57+0200,39137692-6dda-43d8-82cf-b5c3d0d6ba57,2026-08-09T17:00:00Z,2026-08-09T19:00:00+0200,1488.0,MW,PT,PT,forecast_onshore_wind_generation,Wind Onshore,2026-08-20T21:12:44Z
2026-08-20T20:58:57Z,2026-08-20T22:58:57+0200,39137692-6dda-43d8-82cf-b5c3d0d6ba57,2026-08-09T18:00:00Z,2026-08-09T20:00:00+0200,1588.9,MW,PT,PT,forecast_onshore_wind_generation,Wind Onshore,2026-08-20T21:12:44Z
2026-08-20T20:58:57Z,2026-08-20T22:58:57+0200,39137692-6dda-43d8-82cf-b5c3d0d6ba57,2026-08-09T19:00:00Z,2026-08-09T21:00:00+0200,1566.8,MW,PT,PT,forecast_onshore_wind_generation,Wind Onshore,2026-08-20T21:12:44Z
2026-08-20T20:58:57Z,2026-08-20T22:58:57+0200,39137692-6dda-43d8-82cf-b5c3d0d6ba57,2026-08-09T20:00:00Z,2026-08-09T22:00:00+0200,1451.5,MW,PT,PT,forecast_onshore_wind_generation,Wind Onshore,2026-08-20T21:12:44Z
2026-08-20T20:58:57Z,2026-08-20T22:58:57+0200,39137692-6dda-43d8-82cf-b5c3d0d6ba57,2026-08-09T21:00:00Z,2026-08-09T23:00:00+0200,1326.1,MW,PT,PT,forecast_onshore_wind_generation,Wind Onshore,2026-08-20T21:12:44Z
2026-08-20T20:58:57Z,2026-08-20T22:58:57+0200,39137692-6dda-43d8-82cf-b5c3d0d6ba57,2026-08-09T22:00:00Z,2026-08-10T00:00:00+0200,1197.4,MW,PT,PT,forecast_onshore_wind_generation,Wind Onshore,2026-08-20T21:12:44Z
2026-08-20T20:58:57Z,2026-08-20T22:58:57+0200,39137692-6dda-43d8-82cf-b5c3d0d6ba57,2026-08-09T23:00:00Z,2026-08-10T01:00:00+0200,1078.9,MW,PT,PT,forecast_onshore_wind_generation,Wind Onshore,2026-08-20T21:12:44Z
2026-08-20T20:58:57Z,2026-08-20T22:58:57+0200,39137692-6dda-43d8-82cf-b5c3d0d6ba57,2026-08-10T00:00:00Z,2026-08-10T02:00:00+0200,976.1,MW,PT,PT,forecast_onshore_wind_generation,Wind Onshore,2026-08-20T21:12:44Z
2026-08-20T20:58:57Z,2026-08-20T22:58:57+0200,39137692-6dda-43d8-82cf-b5c3d0d6ba57,2026-08-10T01:00:00Z,2026-08-10T03:00:00+0200,898.9,MW,PT,PT,forecast_onshore_wind_generation,Wind Onshore,2026-08-20T21:12:44Z
2026-08-20T20:58:57Z,2026-08-20T22:58:57+0200,39137692-6dda-43d8-82cf-b5c3d0d6ba57,2026-08-10T02:00:00Z,2026-08-10T04:00:00+0200,852.1,MW,PT,PT,forecast_onshore_wind_generation,Wind Onshore,2026-08-20T21:12:44Z
2026-08-20T20:58:57Z,2026-08-20T22:58:57+0200,39137692-6dda-43d8-82cf-b5c3d0d6ba57,2026-08-10T03:00:00Z,2026-08-10T05:00:00+0200,823.2,MW,PT,PT,forecast_onshore_wind_generation,Wind Onshore,2026-08-20T21:12:44Z
2026-08-20T20:58:57Z,2026-08-20T22:58:57+0200,39137692-6dda-43d8-82cf-b5c3d0d6ba57,2026-08-10T04:00:00Z,2026-08-10T06:00:00+0200,789.3,MW,PT,PT,forecast_onshore_wind_generation,Wind Onshore,2026-08-20T21:12:44Z
2026-08-20T20:58:57Z,2026-08-20T22:58:57+0200,39137692-6dda-43d8-82cf-b5c3d0d6ba57,2026-08-10T05:00:00Z,2026-08-10T07:00:00+0200,737.4,MW,PT,PT,forecast_onshore_wind_generation,Wind Onshore,2026-08-20T21:12:44Z
2026-08-20T20:58:57Z,2026-08-20T22:58:57+0200,39137692-6dda-43d8-82cf-b5c3d0d6ba57,2026-08-10T06:00:00Z,2026-08-10T08:00:00+0200,649.0,MW,PT,PT,forecast_onshore_wind_generation,Wind Onshore,2026-08-20T21:12:44Z
2026-08-20T20:58:57Z,2026-08-20T22:58:57+0200,39137692-6dda-43d8-82cf-b5c3d0d6ba57,2026-08-10T07:00:00Z,2026-08-10T09:00:00+0200,506.5,MW,PT,PT,forecast_onshore_wind_generation,Wind Onshore,2026-08-20T21:12:44Z
2026-08-20T20:58:57Z,2026-08-20T22:58:57+0200,39137692-6dda-43d8-82cf-b5c3d0d6ba57,2026-08-10T08:00:00Z,2026-08-10T10:00:00+0200,391.1,MW,PT,PT,forecast_onshore_wind_generation,Wind Onshore,2026-08-20T21:12:44Z
2026-08-20T20:58:57Z,2026-08-20T22:58:57+0200,39137692-6dda-43d8-82cf-b5c3d0d6ba57,2026-08-10T09:00:00Z,2026-08-10T11:00:00+0200,333.7,MW,PT,PT,forecast_onshore_wind_generation,Wind Onshore,2026-08-20T21:12:44Z
2026-08-20T20:58:57Z,2026-08-20T22:58:57+0200,39137692-6dda-43d8-82cf-b5c3d0d6ba57,2026-08-10T10:00:00Z,2026-08-10T12:00:00+0200,320.6,MW,PT,PT,forecast_onshore_wind_generation,Wind Onshore,2026-08-20T21:12:44Z
2026-08-20T20:58:57Z,2026-08-20T22:58:57+0200,39137692-6dda-43d8-82cf-b5c3d0d6ba57,2026-08-10T11:00:00Z,2026-08-10T13:00:00+0200,365.5,MW,PT,PT,forecast_onshore_wind_generation,Wind Onshore,2026-08-20T21:12:44Z
2026-08-20T20:58:57Z,2026-08-20T22:58:57+0200,39137692-6dda-43d8-82cf-b5c3d0d6ba57,2026-08-10T12:00:00Z,2026-08-10T14:00:00+0200,474.7,MW,PT,PT,forecast_onshore_wind_generation,Wind Onshore,2026-08-20T21:12:44Z
2026-08-20T20:58:57Z,2026-08-20T22:58:57+0200,39137692-6dda-43d8-82cf-b5c3d0d6ba57,2026-08-10T13:00:00Z,2026-08-10T15:00:00+0200,650.4,MW,PT,PT,forecast_onshore_wind_generation,Wind Onshore,2026-08-20T21:12:44Z
2026-08-20T20:58:57Z,2026-08-20T22:58:57+0200,39137692-6dda-43d8-82cf-b5c3d0d6ba57,2026-08-10T14:00:00Z,2026-08-10T16:00:00+0200,860.8,MW,PT,PT,forecast_onshore_wind_generation,Wind Onshore,2026-08-20T21:12:44Z
2026-08-20T20:58:57Z,2026-08-20T22:58:57+0200,39137692-6dda-43d8-82cf-b5c3d0d6ba57,2026-08-10T15:00:00Z,2026-08-10T17:00:00+0200,1062.2,MW,PT,PT,forecast_onshore_wind_generation,Wind Onshore,2026-08-20T21:12:44Z
2026-08-20T20:58:57Z,2026-08-20T22:58:57+0200,39137692-6dda-43d8-82cf-b5c3d0d6ba57,2026-08-10T16:00:00Z,2026-08-10T18:00:00+0200,1243.1,MW,PT,PT,forecast_onshore_wind_generation,Wind Onshore,2026-08-20T21:12:44Z
2026-08-20T20:58:57Z,2026-08-20T22:58:57+0200,39137692-6dda-43d8-82cf-b5c3d0d6ba57,2026-08-10T17:00:00Z,2026-08-10T19:00:00+0200,1378.9,MW,PT,PT,forecast_onshore_wind_generation,Wind Onshore,2026-08-20T21:12:44Z
2026-08-20T20:58:57Z,2026-08-20T22:58:57+0200,39137692-6dda-43d8-82cf-b5c3d0d6ba57,2026-08-10T18:00:00Z,2026-08-10T20:00:00+0200,1444.6,MW,PT,PT,forecast_onshore_wind_generation,Wind Onshore,2026-08-20T21:12:44Z
2026-08-20T20:58:57Z,2026-08-20T22:58:57+0200,39137692-6dda-43d8-82cf-b5c3d0d6ba57,2026-08-10T19:00:00Z,2026-08-10T21:00:00+0200,1413.5,MW,PT,PT,forecast_onshore_wind_generation,Wind Onshore,2026-08-20T21:12:44Z
2026-08-20T20:58:57Z,2026-08-20T22:58:57+0200,39137692-6dda-43d8-82cf-b5c3d0d6ba57,2026-08-10T20:00:00Z,2026-08-10T22:00:00+0200,1316.0,MW,PT,PT,forecast_onshore_wind_generation,Wind Onshore,2026-08-20T21:12:44Z
2026-08-20T20:58:57Z,2026-08-20T22:58:57+0200,39137692-6dda-43d8-82cf-b5c3d0d6ba57,2026-08-10T21:00:00Z,2026-08-10T23:00:00+0200,1201.0,MW,PT,PT,forecast_onshore_wind_generation,Wind Onshore,2026-08-20T21:12:44Z
2026-08-20T20:58:57Z,2026-08-20T22:58:57+0200,39137692-6dda-43d8-82cf-b5c3d0d6ba57,2026-08-10T22:00:00Z,2026-08-11T00:00:00+0200,1141.6,MW,PT,PT,forecast_onshore_wind_generation,Wind Onshore,2026-08-20T21:12:44Z
2026-08-20T20:58:57Z,2026-08-20T22:58:57+0200,39137692-6dda-43d8-82cf-b5c3d0d6ba57,2026-08-10T23:00:00Z,2026-08-11T01:00:00+0200,1031.4,MW,PT,PT,forecast_onshore_wind_generation,Wind Onshore,2026-08-20T21:12:44Z
2026-08-20T20:58:57Z,2026-08-20T22:58:57+0200,39137692-6dda-43d8-82cf-b5c3d0d6ba57,2026-08-11T00:00:00Z,2026-08-11T02:00:00+0200,927.2,MW,PT,PT,forecast_onshore_wind_generation,Wind Onshore,2026-08-20T21:12:44Z
2026-08-20T20:58:57Z,2026-08-20T22:58:57+0200,39137692-6dda-43d8-82cf-b5c3d0d6ba57,2026-08-11T01:00:00Z,2026-08-11T03:00:00+0200,835.0,MW,PT,PT,forecast_onshore_wind_generation,Wind Onshore,2026-08-20T21:12:44Z
2026-08-20T20:58:57Z,2026-08-20T22:58:57+0200,39137692-6dda-43d8-82cf-b5c3d0d6ba57,2026-08-11T02:00:00Z,2026-08-11T04:00:00+0200,758.5,MW,PT,PT,forecast_onshore_wind_generation,Wind Onshore,2026-08-20T21:12:44Z
2026-08-20T20:58:57Z,2026-08-20T22:58:57+0200,39137692-6dda-43d8-82cf-b5c3d0d6ba57,2026-08-11T03:00:00Z,2026-08-11T05:00:00+0200,707.4,MW,PT,PT,forecast_onshore_wind_generation,Wind Onshore,2026-08-20T21:12:44Z
2026-08-20T20:58:57Z,2026-08-20T22:58:57+0200,39137692-6dda-43d8-82cf-b5c3d0d6ba57,2026-08-11T04:00:00Z,2026-08-11T06:00:00+0200,662.8,MW,PT,PT,forecast_onshore_wind_generation,Wind Onshore,2026-08-20T21:12:44Z
2026-08-20T20:58:57Z,2026-08-20T22:58:57+0200,39137692-6dda-43d8-82cf-b5c3d0d6ba57,2026-08-11T05:00:00Z,2026-08-11T07:00:00+0200,610.1,MW,PT,PT,forecast_onshore_wind_generation,Wind Onshore,2026-08-20T21:12:44Z
2026-08-20T20:58:57Z,2026-08-20T22:58:57+0200,39137692-6dda-43d8-82cf-b5c3d0d6ba57,2026-08-11T06:00:00Z,2026-08-11T08:00:00+0200,531.3,MW,PT,PT,forecast_onshore_wind_generation,Wind Onshore,2026-08-20T21:12:44Z
2026-08-20T20:58:57Z,2026-08-20T22:58:57+0200,39137692-6dda-43d8-82cf-b5c3d0d6ba57,2026-08-11T07:00:00Z,2026-08-11T09:00:00+0200,420.1,MW,PT,PT,forecast_onshore_wind_generation,Wind Onshore,2026-08-20T21:12:44Z
2026-08-20T20:58:57Z,2026-08-20T22:58:57+0200,39137692-6dda-43d8-82cf-b5c3d0d6ba57,2026-08-11T08:00:00Z,2026-08-11T10:00:00+0200,314.8,MW,PT,PT,forecast_onshore_wind_generation,Wind Onshore,2026-08-20T21:12:44Z
2026-08-20T20:58:57Z,2026-08-20T22:58:57+0200,39137692-6dda-43d8-82cf-b5c3d0d6ba57,2026-08-11T09:00:00Z,2026-08-11T11:00:00+0200,251.4,MW,PT,PT,forecast_onshore_wind_generation,Wind Onshore,2026-08-20T21:12:44Z
2026-08-20T20:58:57Z,2026-08-20T22:58:57+0200,39137692-6dda-43d8-82cf-b5c3d0d6ba57,2026-08-11T10:00:00Z,2026-08-11T12:00:00+0200,237.0,MW,PT,PT,forecast_onshore_wind_generation,Wind Onshore,2026-08-20T21:12:44Z
2026-08-20T20:58:57Z,2026-08-20T22:58:57+0200,39137692-6dda-43d8-82cf-b5c3d0d6ba57,2026-08-11T11:00:00Z,2026-08-11T13:00:00+0200,260.6,MW,PT,PT,forecast_onshore_wind_generation,Wind Onshore,2026-08-20T21:12:44Z
2026-08-20T20:58:57Z,2026-08-20T22:58:57+0200,39137692-6dda-43d8-82cf-b5c3d0d6ba57,2026-08-11T12:00:00Z,2026-08-11T14:00:00+0200,324.0,MW,PT,PT,forecast_onshore_wind_generation,Wind Onshore,2026-08-20T21:12:44Z
2026-08-20T20:58:57Z,2026-08-20T22:58:57+0200,39137692-6dda-43d8-82cf-b5c3d0d6ba57,2026-08-11T13:00:00Z,2026-08-11T15:00:00+0200,431.6,MW,PT,PT,forecast_onshore_wind_generation,Wind Onshore,2026-08-20T21:12:44Z
2026-08-20T20:58:57Z,2026-08-20T22:58:57+0200,39137692-6dda-43d8-82cf-b5c3d0d6ba57,2026-08-11T14:00:00Z,2026-08-11T16:00:00+0200,574.5,MW,PT,PT,forecast_onshore_wind_generation,Wind Onshore,2026-08-20T21:12:44Z
2026-08-20T20:58:57Z,2026-08-20T22:58:57+0200,39137692-6dda-43d8-82cf-b5c3d0d6ba57,2026-08-11T15:00:00Z,2026-08-11T17:00:00+0200,733.7,MW,PT,PT,forecast_onshore_wind_generation,Wind Onshore,2026-08-20T21:12:44Z
2026-08-20T20:58:57Z,2026-08-20T22:58:57+0200,39137692-6dda-43d8-82cf-b5c3d0d6ba57,2026-08-11T16:00:00Z,2026-08-11T18:00:00+0200,872.0,MW,PT,PT,forecast_onshore_wind_generation,Wind Onshore,2026-08-20T21:12:44Z
2026-08-20T20:58:57Z,2026-08-20T22:58:57+0200,39137692-6dda-43d8-82cf-b5c3d0d6ba57,2026-08-11T17:00:00Z,2026-08-11T19:00:00+0200,975.4,MW,PT,PT,forecast_onshore_wind_generation,Wind Onshore,2026-08-20T21:12:44Z
2026-08-20T20:58:57Z,2026-08-20T22:58:57+0200,39137692-6dda-43d8-82cf-b5c3d0d6ba57,2026-08-11T18:00:00Z,2026-08-11T20:00:00+0200,1033.6,MW,PT,PT,forecast_onshore_wind_generation,Wind Onshore,2026-08-20T21:12:44Z
2026-08-20T20:58:57Z,2026-08-20T22:58:57+0200,39137692-6dda-43d8-82cf-b5c3d0d6ba57,2026-08-11T19:00:00Z,2026-08-11T21:00:00+0200,1037.6,MW,PT,PT,forecast_onshore_wind_generation,Wind Onshore,2026-08-20T21:12:44Z
2026-08-20T20:58:57Z,2026-08-20T22:58:57+0200,39137692-6dda-43d8-82cf-b5c3d0d6ba57,2026-08-11T20:00:00Z,2026-08-11T22:00:00+0200,1010.4,MW,PT,PT,forecast_onshore_wind_generation,Wind Onshore,2026-08-20T21:12:44Z
2026-08-20T20:58:57Z,2026-08-20T22:58:57+0200,39137692-6dda-43d8-82cf-b5c3d0d6ba57,2026-08-11T21:00:00Z,2026-08-11T23:00:00+0200,969.3,MW,PT,PT,forecast_onshore_wind_generation,Wind Onshore,2026-08-20T21:12:44Z
2026-08-20T20:58:57Z,2026-08-20T22:58:57+0200,39137692-6dda-43d8-82cf-b5c3d0d6ba57,2026-08-11T22:00:00Z,2026-08-12T00:00:00+0200,807.9,MW,PT,PT,forecast_onshore_wind_generation,Wind Onshore,2026-08-20T21:12:44Z
2026-08-20T20:58:57Z,2026-08-20T22:58:57+0200,39137692-6dda-43d8-82cf-b5c3d0d6ba57,2026-08-11T23:00:00Z,2026-08-12T01:00:00+0200,714.9,MW,PT,PT,forecast_onshore_wind_generation,Wind Onshore,2026-08-20T21:12:44Z
2026-08-20T20:58:57Z,2026-08-20T22:58:57+0200,39137692-6dda-43d8-82cf-b5c3d0d6ba57,2026-08-12T00:00:00Z,2026-08-12T02:00:00+0200,627.9,MW,PT,PT,forecast_onshore_wind_generation,Wind Onshore,2026-08-20T21:12:44Z
2026-08-20T20:58:57Z,2026-08-20T22:58:57+0200,39137692-6dda-43d8-82cf-b5c3d0d6ba57,2026-08-12T01:00:00Z,2026-08-12T03:00:00+0200,557.0,MW,PT,PT,forecast_onshore_wind_generation,Wind Onshore,2026-08-20T21:12:44Z
2026-08-20T20:58:57Z,2026-08-20T22:58:57+0200,39137692-6dda-43d8-82cf-b5c3d0d6ba57,2026-08-12T02:00:00Z,2026-08-12T04:00:00+0200,506.2,MW,PT,PT,forecast_onshore_wind_generation,Wind Onshore,2026-08-20T21:12:44Z
2026-08-20T20:58:57Z,2026-08-20T22:58:57+0200,39137692-6dda-43d8-82cf-b5c3d0d6ba57,2026-08-12T03:00:00Z,2026-08-12T05:00:00+0200,476.2,MW,PT,PT,forecast_onshore_wind_generation,Wind Onshore,2026-08-20T21:12:44Z
2026-08-20T20:58:57Z,2026-08-20T22:58:57+0200,39137692-6dda-43d8-82cf-b5c3d0d6ba57,2026-08-12T04:00:00Z,2026-08-12T06:00:00+0200,459.7,MW,PT,PT,forecast_onshore_wind_generation,Wind Onshore,2026-08-20T21:12:44Z
2026-08-20T20:58:57Z,2026-08-20T22:58:57+0200,39137692-6dda-43d8-82cf-b5c3d0d6ba57,2026-08-12T05:00:00Z,2026-08-12T07:00:00+0200,448.0,MW,PT,PT,forecast_onshore_wind_generation,Wind Onshore,2026-08-20T21:12:44Z
2026-08-20T20:58:57Z,2026-08-20T22:58:57+0200,39137692-6dda-43d8-82cf-b5c3d0d6ba57,2026-08-12T06:00:00Z,2026-08-12T08:00:00+0200,418.4,MW,PT,PT,forecast_onshore_wind_generation,Wind Onshore,2026-08-20T21:12:44Z
2026-08-20T20:58:57Z,2026-08-20T22:58:57+0200,39137692-6dda-43d8-82cf-b5c3d0d6ba57,2026-08-12T07:00:00Z,2026-08-12T09:00:00+0200,348.8,MW,PT,PT,forecast_onshore_wind_generation,Wind Onshore,2026-08-20T21:12:44Z
2026-08-20T20:58:57Z,2026-08-20T22:58:57+0200,39137692-6dda-43d8-82cf-b5c3d0d6ba57,2026-08-12T08:00:00Z,2026-08-12T10:00:00+0200,284.1,MW,PT,PT,forecast_onshore_wind_generation,Wind Onshore,2026-08-20T21:12:44Z
2026-08-20T20:58:57Z,2026-08-20T22:58:57+0200,39137692-6dda-43d8-82cf-b5c3d0d6ba57,2026-08-12T09:00:00Z,2026-08-12T11:00:00+0200,249.1,MW,PT,PT,forecast_onshore_wind_generation,Wind Onshore,2026-08-20T21:12:44Z
2026-08-20T20:58:57Z,2026-08-20T22:58:57+0200,39137692-6dda-43d8-82cf-b5c3d0d6ba57,2026-08-12T10:00:00Z,2026-08-12T12:00:00+0200,263.9,MW,PT,PT,forecast_onshore_wind_generation,Wind Onshore,2026-08-20T21:12:44Z
2026-08-20T20:58:57Z,2026-08-20T22:58:57+0200,39137692-6dda-43d8-82cf-b5c3d0d6ba57,2026-08-12T11:00:00Z,2026-08-12T13:00:00+0200,318.4,MW,PT,PT,forecast_onshore_wind_generation,Wind Onshore,2026-08-20T21:12:44Z
2026-08-20T20:58:57Z,2026-08-20T22:58:57+0200,39137692-6dda-43d8-82cf-b5c3d0d6ba57,2026-08-12T12:00:00Z,2026-08-12T14:00:00+0200,385.6,MW,PT,PT,forecast_onshore_wind_generation,Wind Onshore,2026-08-20T21:12:44Z
2026-08-20T20:58:57Z,2026-08-20T22:58:57+0200,39137692-6dda-43d8-82cf-b5c3d0d6ba57,2026-08-12T13:00:00Z,2026-08-12T15:00:00+0200,463.3,MW,PT,PT,forecast_onshore_wind_generation,Wind Onshore,2026-08-20T21:12:44Z
2026-08-20T20:58:57Z,2026-08-20T22:58:57+0200,39137692-6dda-43d8-82cf-b5c3d0d6ba57,2026-08-12T14:00:00Z,2026-08-12T16:00:00+0200,558.8,MW,PT,PT,forecast_onshore_wind_generation,Wind Onshore,2026-08-20T21:12:44Z
2026-08-20T20:58:57Z,2026-08-20T22:58:57+0200,39137692-6dda-43d8-82cf-b5c3d0d6ba57,2026-08-12T15:00:00Z,2026-08-12T17:00:00+0200,669.0,MW,PT,PT,forecast_onshore_wind_generation,Wind Onshore,2026-08-20T21:12:44Z
2026-08-20T20:58:57Z,2026-08-20T22:58:57+0200,39137692-6dda-43d8-82cf-b5c3d0d6ba57,2026-08-12T16:00:00Z,2026-08-12T18:00:00+0200,768.8,MW,PT,PT,forecast_onshore_wind_generation,Wind Onshore,2026-08-20T21:12:44Z
2026-08-20T20:58:57Z,2026-08-20T22:58:57+0200,39137692-6dda-43d8-82cf-b5c3d0d6ba57,2026-08-12T17:00:00Z,2026-08-12T19:00:00+0200,849.5,MW,PT,PT,forecast_onshore_wind_generation,Wind Onshore,2026-08-20T21:12:44Z
2026-08-20T20:58:57Z,2026-08-20T22:58:57+0200,39137692-6dda-43d8-82cf-b5c3d0d6ba57,2026-08-12T18:00:00Z,2026-08-12T20:00:00+0200,910.6,MW,PT,PT,forecast_onshore_wind_generation,Wind Onshore,2026-08-20T21:12:44Z
2026-08-20T20:58:57Z,2026-08-20T22:58:57+0200,39137692-6dda-43d8-82cf-b5c3d0d6ba57,2026-08-12T19:00:00Z,2026-08-12T21:00:00+0200,926.0,MW,PT,PT,forecast_onshore_wind_generation,Wind Onshore,2026-08-20T21:12:44Z
2026-08-20T20:58:57Z,2026-08-20T22:58:57+0200,39137692-6dda-43d8-82cf-b5c3d0d6ba57,2026-08-12T20:00:00Z,2026-08-12T22:00:00+0200,915.6,MW,PT,PT,forecast_onshore_wind_generation,Wind Onshore,2026-08-20T21:12:44Z
2026-08-20T20:58:57Z,2026-08-20T22:58:57+0200,39137692-6dda-43d8-82cf-b5c3d0d6ba57,2026-08-12T21:00:00Z,2026-08-12T23:00:00+0200,903.8,MW,PT,PT,forecast_onshore_wind_generation,Wind Onshore,2026-08-20T21:12:44Z
2026-08-20T20:58:57Z,2026-08-20T22:58:57+0200,39137692-6dda-43d8-82cf-b5c3d0d6ba57,2026-08-12T22:00:00Z,2026-08-13T00:00:00+0200,757.1,MW,PT,PT,forecast_onshore_wind_generation,Wind Onshore,2026-08-20T21:12:44Z
2026-08-20T20:58:57Z,2026-08-20T22:58:57+0200,39137692-6dda-43d8-82cf-b5c3d0d6ba57,2026-08-12T23:00:00Z,2026-08-13T01:00:00+0200,697.5,MW,PT,PT,forecast_onshore_wind_generation,Wind Onshore,2026-08-20T21:12:44Z
2026-08-20T20:58:57Z,2026-08-20T22:58:57+0200,39137692-6dda-43d8-82cf-b5c3d0d6ba57,2026-08-13T00:00:00Z,2026-08-13T02:00:00+0200,627.8,MW,PT,PT,forecast_onshore_wind_generation,Wind Onshore,2026-08-20T21:12:44Z
2026-08-20T20:58:57Z,2026-08-20T22:58:57+0200,39137692-6dda-43d8-82cf-b5c3d0d6ba57,2026-08-13T01:00:00Z,2026-08-13T03:00:00+0200,555.4,MW,PT,PT,forecast_onshore_wind_generation,Wind Onshore,2026-08-20T21:12:44Z
2026-08-20T20:58:57Z,2026-08-20T22:58:57+0200,39137692-6dda-43d8-82cf-b5c3d0d6ba57,2026-08-13T02:00:00Z,2026-08-13T04:00:00+0200,492.2,MW,PT,PT,forecast_onshore_wind_generation,Wind Onshore,2026-08-20T21:12:44Z
2026-08-20T20:58:57Z,2026-08-20T22:58:57+0200,39137692-6dda-43d8-82cf-b5c3d0d6ba57,2026-08-13T03:00:00Z,2026-08-13T05:00:00+0200,437.5,MW,PT,PT,forecast_onshore_wind_generation,Wind Onshore,2026-08-20T21:12:44Z
2026-08-20T20:58:57Z,2026-08-20T22:58:57+0200,39137692-6dda-43d8-82cf-b5c3d0d6ba57,2026-08-13T04:00:00Z,2026-08-13T06:00:00+0200,399.2,MW,PT,PT,forecast_onshore_wind_generation,Wind Onshore,2026-08-20T21:12:44Z
2026-08-20T20:58:57Z,2026-08-20T22:58:57+0200,39137692-6dda-43d8-82cf-b5c3d0d6ba57,2026-08-13T05:00:00Z,2026-08-13T07:00:00+0200,366.7,MW,PT,PT,forecast_onshore_wind_generation,Wind Onshore,2026-08-20T21:12:44Z
2026-08-20T20:58:57Z,2026-08-20T22:58:57+0200,39137692-6dda-43d8-82cf-b5c3d0d6ba57,2026-08-13T06:00:00Z,2026-08-13T08:00:00+0200,333.5,MW,PT,PT,forecast_onshore_wind_generation,Wind Onshore,2026-08-20T21:12:44Z
2026-08-20T20:58:57Z,2026-08-20T22:58:57+0200,39137692-6dda-43d8-82cf-b5c3d0d6ba57,2026-08-13T07:00:00Z,2026-08-13T09:00:00+0200,273.2,MW,PT,PT,forecast_onshore_wind_generation,Wind Onshore,2026-08-20T21:12:44Z
2026-08-20T20:58:57Z,2026-08-20T22:58:57+0200,39137692-6dda-43d8-82cf-b5c3d0d6ba57,2026-08-13T08:00:00Z,2026-08-13T10:00:00+0200,220.1,MW,PT,PT,forecast_onshore_wind_generation,Wind Onshore,2026-08-20T21:12:44Z
2026-08-20T20:58:57Z,2026-08-20T22:58:57+0200,39137692-6dda-43d8-82cf-b5c3d0d6ba57,2026-08-13T09:00:00Z,2026-08-13T11:00:00+0200,203.9,MW,PT,PT,forecast_onshore_wind_generation,Wind Onshore,2026-08-20T21:12:44Z
2026-08-20T20:58:57Z,2026-08-20T22:58:57+0200,39137692-6dda-43d8-82cf-b5c3d0d6ba57,2026-08-13T10:00:00Z,2026-08-13T12:00:00+0200,227.0,MW,PT,PT,forecast_onshore_wind_generation,Wind Onshore,2026-08-20T21:12:44Z
2026-08-20T20:58:57Z,2026-08-20T22:58:57+0200,39137692-6dda-43d8-82cf-b5c3d0d6ba57,2026-08-13T11:00:00Z,2026-08-13T13:00:00+0200,288.2,MW,PT,PT,forecast_onshore_wind_generation,Wind Onshore,2026-08-20T21:12:44Z
2026-08-20T20:58:57Z,2026-08-20T22:58:57+0200,39137692-6dda-43d8-82cf-b5c3d0d6ba57,2026-08-13T12:00:00Z,2026-08-13T14:00:00+0200,388.5,MW,PT,PT,forecast_onshore_wind_generation,Wind Onshore,2026-08-20T21:12:44Z
2026-08-20T20:58:57Z,2026-08-20T22:58:57+0200,39137692-6dda-43d8-82cf-b5c3d0d6ba57,2026-08-13T13:00:00Z,2026-08-13T15:00:00+0200,536.1,MW,PT,PT,forecast_onshore_wind_generation,Wind Onshore,2026-08-20T21:12:44Z
2026-08-20T20:58:57Z,2026-08-20T22:58:57+0200,39137692-6dda-43d8-82cf-b5c3d0d6ba57,2026-08-13T14:00:00Z,2026-08-13T16:00:00+0200,708.0,MW,PT,PT,forecast_onshore_wind_generation,Wind Onshore,2026-08-20T21:12:44Z
2026-08-20T20:58:57Z,2026-08-20T22:58:57+0200,39137692-6dda-43d8-82cf-b5c3d0d6ba57,2026-08-13T15:00:00Z,2026-08-13T17:00:00+0200,863.7,MW,PT,PT,forecast_onshore_wind_generation,Wind Onshore,2026-08-20T21:12:44Z
2026-08-20T20:58:57Z,2026-08-20T22:58:57+0200,39137692-6dda-43d8-82cf-b5c3d0d6ba57,2026-08-13T16:00:00Z,2026-08-13T18:00:00+0200,950.4,MW,PT,PT,forecast_onshore_wind_generation,Wind Onshore,2026-08-20T21:12:44Z
2026-08-20T20:58:57Z,2026-08-20T22:58:57+0200,39137692-6dda-43d8-82cf-b5c3d0d6ba57,2026-08-13T17:00:00Z,2026-08-13T19:00:00+0200,992.4,MW,PT,PT,forecast_onshore_wind_generation,Wind Onshore,2026-08-20T21:12:44Z
2026-08-20T20:58:57Z,2026-08-20T22:58:57+0200,39137692-6dda-43d8-82cf-b5c3d0d6ba57,2026-08-13T18:00:00Z,2026-08-13T20:00:00+0200,1033.5,MW,PT,PT,forecast_onshore_wind_generation,Wind Onshore,2026-08-20T21:12:44Z
2026-08-20T20:58:57Z,2026-08-20T22:58:57+0200,39137692-6dda-43d8-82cf-b5c3d0d6ba57,2026-08-13T19:00:00Z,2026-08-13T21:00:00+0200,1081.9,MW,PT,PT,forecast_onshore_wind_generation,Wind Onshore,2026-08-20T21:12:44Z
2026-08-20T20:58:57Z,2026-08-20T22:58:57+0200,39137692-6dda-43d8-82cf-b5c3d0d6ba57,2026-08-13T20:00:00Z,2026-08-13T22:00:00+0200,1119.3,MW,PT,PT,forecast_onshore_wind_generation,Wind Onshore,2026-08-20T21:12:44Z
2026-08-20T20:58:57Z,2026-08-20T22:58:57+0200,39137692-6dda-43d8-82cf-b5c3d0d6ba57,2026-08-13T21:00:00Z,2026-08-13T23:00:00+0200,1124.8,MW,PT,PT,forecast_onshore_wind_generation,Wind Onshore,2026-08-20T21:12:44Z
2026-08-20T20:58:57Z,2026-08-20T22:58:57+0200,39137692-6dda-43d8-82cf-b5c3d0d6ba57,2026-08-13T22:00:00Z,2026-08-14T00:00:00+0200,1026.8,MW,PT,PT,forecast_onshore_wind_generation,Wind Onshore,2026-08-20T21:12:44Z
2026-08-20T20:58:57Z,2026-08-20T22:58:57+0200,39137692-6dda-43d8-82cf-b5c3d0d6ba57,2026-08-13T23:00:00Z,2026-08-14T01:00:00+0200,1007.7,MW,PT,PT,forecast_onshore_wind_generation,Wind Onshore,2026-08-20T21:12:44Z
2026-08-20T20:58:57Z,2026-08-20T22:58:57+0200,39137692-6dda-43d8-82cf-b5c3d0d6ba57,2026-08-14T00:00:00Z,2026-08-14T02:00:00+0200,971.8,MW,PT,PT,forecast_onshore_wind_generation,Wind Onshore,2026-08-20T21:12:44Z
2026-08-20T20:58:57Z,2026-08-20T22:58:57+0200,39137692-6dda-43d8-82cf-b5c3d0d6ba57,2026-08-14T01:00:00Z,2026-08-14T03:00:00+0200,909.9,MW,PT,PT,forecast_onshore_wind_generation,Wind Onshore,2026-08-20T21:12:44Z
2026-08-20T20:58:57Z,2026-08-20T22:58:57+0200,39137692-6dda-43d8-82cf-b5c3d0d6ba57,2026-08-14T02:00:00Z,2026-08-14T04:00:00+0200,833.6,MW,PT,PT,forecast_onshore_wind_generation,Wind Onshore,2026-08-20T21:12:44Z
2026-08-20T20:58:57Z,2026-08-20T22:58:57+0200,39137692-6dda-43d8-82cf-b5c3d0d6ba57,2026-08-14T03:00:00Z,2026-08-14T05:00:00+0200,772.2,MW,PT,PT,forecast_onshore_wind_generation,Wind Onshore,2026-08-20T21:12:44Z
2026-08-20T20:58:57Z,2026-08-20T22:58:57+0200,39137692-6dda-43d8-82cf-b5c3d0d6ba57,2026-08-14T04:00:00Z,2026-08-14T06:00:00+0200,726.5,MW,PT,PT,forecast_onshore_wind_generation,Wind Onshore,2026-08-20T21:12:44Z
2026-08-20T20:58:57Z,2026-08-20T22:58:57+0200,39137692-6dda-43d8-82cf-b5c3d0d6ba57,2026-08-14T05:00:00Z,2026-08-14T07:00:00+0200,696.0,MW,PT,PT,forecast_onshore_wind_generation,Wind Onshore,2026-08-20T21:12:44Z
2026-08-20T20:58:57Z,2026-08-20T22:58:57+0200,39137692-6dda-43d8-82cf-b5c3d0d6ba57,2026-08-14T06:00:00Z,2026-08-14T08:00:00+0200,651.5,MW,PT,PT,forecast_onshore_wind_generation,Wind Onshore,2026-08-20T21:12:44Z
2026-08-20T20:58:57Z,2026-08-20T22:58:57+0200,39137692-6dda-43d8-82cf-b5c3d0d6ba57,2026-08-14T07:00:00Z,2026-08-14T09:00:00+0200,587.6,MW,PT,PT,forecast_onshore_wind_generation,Wind Onshore,2026-08-20T21:12:44Z
2026-08-20T20:58:57Z,2026-08-20T22:58:57+0200,39137692-6dda-43d8-82cf-b5c3d0d6ba57,2026-08-14T08:00:00Z,2026-08-14T10:00:00+0200,510.3,MW,PT,PT,forecast_onshore_wind_generation,Wind Onshore,2026-08-20T21:12:44Z
2026-08-20T20:58:57Z,2026-08-20T22:58:57+0200,39137692-6dda-43d8-82cf-b5c3d0d6ba57,2026-08-14T09:00:00Z,2026-08-14T11:00:00+0200,452.5,MW,PT,PT,forecast_onshore_wind_generation,Wind Onshore,2026-08-20T21:12:44Z
2026-08-20T20:58:57Z,2026-08-20T22:58:57+0200,39137692-6dda-43d8-82cf-b5c3d0d6ba57,2026-08-14T10:00:00Z,2026-08-14T12:00:00+0200,435.4,MW,PT,PT,forecast_onshore_wind_generation,Wind Onshore,2026-08-20T21:12:44Z
2026-08-20T20:58:57Z,2026-08-20T22:58:57+0200,39137692-6dda-43d8-82cf-b5c3d0d6ba57,2026-08-14T11:00:00Z,2026-08-14T13:00:00+0200,496.0,MW,PT,PT,forecast_onshore_wind_generation,Wind Onshore,2026-08-20T21:12:44Z
2026-08-20T20:58:57Z,2026-08-20T22:58:57+0200,39137692-6dda-43d8-82cf-b5c3d0d6ba57,2026-08-14T12:00:00Z,2026-08-14T14:00:00+0200,667.3,MW,PT,PT,forecast_onshore_wind_generation,Wind Onshore,2026-08-20T21:12:44Z
2026-08-20T20:58:57Z,2026-08-20T22:58:57+0200,39137692-6dda-43d8-82cf-b5c3d0d6ba57,2026-08-14T13:00:00Z,2026-08-14T15:00:00+0200,921.9,MW,PT,PT,forecast_onshore_wind_generation,Wind Onshore,2026-08-20T21:12:44Z
2026-08-20T20:58:57Z,2026-08-20T22:58:57+0200,39137692-6dda-43d8-82cf-b5c3d0d6ba57,2026-08-14T14:00:00Z,2026-08-14T16:00:00+0200,1202.7,MW,PT,PT,forecast_onshore_wind_generation,Wind Onshore,2026-08-20T21:12:44Z
2026-08-20T20:58:57Z,2026-08-20T22:58:57+0200,39137692-6dda-43d8-82cf-b5c3d0d6ba57,2026-08-14T15:00:00Z,2026-08-14T17:00:00+0200,1472.4,MW,PT,PT,forecast_onshore_wind_generation,Wind Onshore,2026-08-20T21:12:44Z
2026-08-20T20:58:57Z,2026-08-20T22:58:57+0200,39137692-6dda-43d8-82cf-b5c3d0d6ba57,2026-08-14T16:00:00Z,2026-08-14T18:00:00+0200,1681.9,MW,PT,PT,forecast_onshore_wind_generation,Wind Onshore,2026-08-20T21:12:44Z
2026-08-20T20:58:57Z,2026-08-20T22:58:57+0200,39137692-6dda-43d8-82cf-b5c3d0d6ba57,2026-08-14T17:00:00Z,2026-08-14T19:00:00+0200,1812.9,MW,PT,PT,forecast_onshore_wind_generation,Wind Onshore,2026-08-20T21:12:44Z
2026-08-20T20:58:57Z,2026-08-20T22:58:57+0200,39137692-6dda-43d8-82cf-b5c3d0d6ba57,2026-08-14T18:00:00Z,2026-08-14T20:00:00+0200,1851.3,MW,PT,PT,forecast_onshore_wind_generation,Wind Onshore,2026-08-20T21:12:44Z
2026-08-20T20:58:57Z,2026-08-20T22:58:57+0200,39137692-6dda-43d8-82cf-b5c3d0d6ba57,2026-08-14T19:00:00Z,2026-08-14T21:00:00+0200,1826.8,MW,PT,PT,forecast_onshore_wind_generation,Wind Onshore,2026-08-20T21:12:44Z
2026-08-20T20:58:57Z,2026-08-20T22:58:57+0200,39137692-6dda-43d8-82cf-b5c3d0d6ba57,2026-08-14T20:00:00Z,2026-08-14T22:00:00+0200,1765.7,MW,PT,PT,forecast_onshore_wind_generation,Wind Onshore,2026-08-20T21:12:44Z
2026-08-20T20:58:57Z,2026-08-20T22:58:57+0200,39137692-6dda-43d8-82cf-b5c3d0d6ba57,2026-08-14T21:00:00Z,2026-08-14T23:00:00+0200,1687.5,MW,PT,PT,forecast_onshore_wind_generation,Wind Onshore,2026-08-20T21:12:44Z
2026-08-20T20:58:57Z,2026-08-20T22:58:57+0200,39137692-6dda-43d8-82cf-b5c3d0d6ba57,2026-08-14T22:00:00Z,2026-08-15T00:00:00+0200,1447.9,MW,PT,PT,forecast_onshore_wind_generation,Wind Onshore,2026-08-20T21:12:44Z
2026-08-20T20:58:57Z,2026-08-20T22:58:57+0200,39137692-6dda-43d8-82cf-b5c3d0d6ba57,2026-08-14T23:00:00Z,2026-08-15T01:00:00+0200,1399.7,MW,PT,PT,forecast_onshore_wind_generation,Wind Onshore,2026-08-20T21:12:44Z
2026-08-20T20:58:57Z,2026-08-20T22:58:57+0200,39137692-6dda-43d8-82cf-b5c3d0d6ba57,2026-08-15T00:00:00Z,2026-08-15T02:00:00+0200,1347.1,MW,PT,PT,forecast_onshore_wind_generation,Wind Onshore,2026-08-20T21:12:44Z
2026-08-20T20:58:57Z,2026-08-20T22:58:57+0200,39137692-6dda-43d8-82cf-b5c3d0d6ba57,2026-08-15T01:00:00Z,2026-08-15T03:00:00+0200,1295.8,MW,PT,PT,forecast_onshore_wind_generation,Wind Onshore,2026-08-20T21:12:44Z
2026-08-20T20:58:57Z,2026-08-20T22:58:57+0200,39137692-6dda-43d8-82cf-b5c3d0d6ba57,2026-08-15T02:00:00Z,2026-08-15T04:00:00+0200,1233.2,MW,PT,PT,forecast_onshore_wind_generation,Wind Onshore,2026-08-20T21:12:44Z
2026-08-20T20:58:57Z,2026-08-20T22:58:57+0200,39137692-6dda-43d8-82cf-b5c3d0d6ba57,2026-08-15T03:00:00Z,2026-08-15T05:00:00+0200,1141.0,MW,PT,PT,forecast_onshore_wind_generation,Wind Onshore,2026-08-20T21:12:44Z
2026-08-20T20:58:57Z,2026-08-20T22:58:57+0200,39137692-6dda-43d8-82cf-b5c3d0d6ba57,2026-08-15T04:00:00Z,2026-08-15T06:00:00+0200,1063.9,MW,PT,PT,forecast_onshore_wind_generation,Wind Onshore,2026-08-20T21:12:44Z
2026-08-20T20:58:57Z,2026-08-20T22:58:57+0200,39137692-6dda-43d8-82cf-b5c3d0d6ba57,2026-08-15T05:00:00Z,2026-08-15T07:00:00+0200,1040.2,MW,PT,PT,forecast_onshore_wind_generation,Wind Onshore,2026-08-20T21:12:44Z
2026-08-20T20:58:57Z,2026-08-20T22:58:57+0200,39137692-6dda-43d8-82cf-b5c3d0d6ba57,2026-08-15T06:00:00Z,2026-08-15T08:00:00+0200,1009.7,MW,PT,PT,forecast_onshore_wind_generation,Wind Onshore,2026-08-20T21:12:44Z
2026-08-20T20:58:57Z,2026-08-20T22:58:57+0200,39137692-6dda-43d8-82cf-b5c3d0d6ba57,2026-08-15T07:00:00Z,2026-08-15T09:00:00+0200,908.2,MW,PT,PT,forecast_onshore_wind_generation,Wind Onshore,2026-08-20T21:12:44Z
2026-08-20T20:58:57Z,2026-08-20T22:58:57+0200,39137692-6dda-43d8-82cf-b5c3d0d6ba57,2026-08-15T08:00:00Z,2026-08-15T10:00:00+0200,778.3,MW,PT,PT,forecast_onshore_wind_generation,Wind Onshore,2026-08-20T21:12:44Z
2026-08-20T20:58:57Z,2026-08-20T22:58:57+0200,39137692-6dda-43d8-82cf-b5c3d0d6ba57,2026-08-15T09:00:00Z,2026-08-15T11:00:00+0200,674.2,MW,PT,PT,forecast_onshore_wind_generation,Wind Onshore,2026-08-20T21:12:44Z
2026-08-20T20:58:57Z,2026-08-20T22:58:57+0200,39137692-6dda-43d8-82cf-b5c3d0d6ba57,2026-08-15T10:00:00Z,2026-08-15T12:00:00+0200,593.2,MW,PT,PT,forecast_onshore_wind_generation,Wind Onshore,2026-08-20T21:12:44Z
2026-08-20T20:58:57Z,2026-08-20T22:58:57+0200,39137692-6dda-43d8-82cf-b5c3d0d6ba57,2026-08-15T11:00:00Z,2026-08-15T13:00:00+0200,530.3,MW,PT,PT,forecast_onshore_wind_generation,Wind Onshore,2026-08-20T21:12:44Z
2026-08-20T20:58:57Z,2026-08-20T22:58:57+0200,39137692-6dda-43d8-82cf-b5c3d0d6ba57,2026-08-15T12:00:00Z,2026-08-15T14:00:00+0200,502.4,MW,PT,PT,forecast_onshore_wind_generation,Wind Onshore,2026-08-20T21:12:44Z
2026-08-20T20:58:57Z,2026-08-20T22:58:57+0200,39137692-6dda-43d8-82cf-b5c3d0d6ba57,2026-08-15T13:00:00Z,2026-08-15T15:00:00+0200,525.2,MW,PT,PT,forecast_onshore_wind_generation,Wind Onshore,2026-08-20T21:12:44Z
2026-08-20T20:58:57Z,2026-08-20T22:58:57+0200,39137692-6dda-43d8-82cf-b5c3d0d6ba57,2026-08-15T14:00:00Z,2026-08-15T16:00:00+0200,580.3,MW,PT,PT,forecast_onshore_wind_generation,Wind Onshore,2026-08-20T21:12:44Z
2026-08-20T20:58:57Z,2026-08-20T22:58:57+0200,39137692-6dda-43d8-82cf-b5c3d0d6ba57,2026-08-15T15:00:00Z,2026-08-15T17:00:00+0200,660.2,MW,PT,PT,forecast_onshore_wind_generation,Wind Onshore,2026-08-20T21:12:44Z
2026-08-20T20:58:57Z,2026-08-20T22:58:57+0200,39137692-6dda-43d8-82cf-b5c3d0d6ba57,2026-08-15T16:00:00Z,2026-08-15T18:00:00+0200,767.2,MW,PT,PT,forecast_onshore_wind_generation,Wind Onshore,2026-08-20T21:12:44Z
2026-08-20T20:58:57Z,2026-08-20T22:58:57+0200,39137692-6dda-43d8-82cf-b5c3d0d6ba57,2026-08-15T17:00:00Z,2026-08-15T19:00:00+0200,877.3,MW,PT,PT,forecast_onshore_wind_generation,Wind Onshore,2026-08-20T21:12:44Z
2026-08-20T20:58:57Z,2026-08-20T22:58:57+0200,39137692-6dda-43d8-82cf-b5c3d0d6ba57,2026-08-15T18:00:00Z,2026-08-15T20:00:00+0200,988.6,MW,PT,PT,forecast_onshore_wind_generation,Wind Onshore,2026-08-20T21:12:44Z
2026-08-20T20:58:57Z,2026-08-20T22:58:57+0200,39137692-6dda-43d8-82cf-b5c3d0d6ba57,2026-08-15T19:00:00Z,2026-08-15T21:00:00+0200,1087.6,MW,PT,PT,forecast_onshore_wind_generation,Wind Onshore,2026-08-20T21:12:44Z
2026-08-20T20:58:57Z,2026-08-20T22:58:57+0200,39137692-6dda-43d8-82cf-b5c3d0d6ba57,2026-08-15T20:00:00Z,2026-08-15T22:00:00+0200,1140.2,MW,PT,PT,forecast_onshore_wind_generation,Wind Onshore,2026-08-20T21:12:44Z
2026-08-20T20:58:57Z,2026-08-20T22:58:57+0200,39137692-6dda-43d8-82cf-b5c3d0d6ba57,2026-08-15T21:00:00Z,2026-08-15T23:00:00+0200,1126.2,MW,PT,PT,forecast_onshore_wind_generation,Wind Onshore,2026-08-20T21:12:44Z
2026-08-20T20:58:57Z,2026-08-20T22:58:57+0200,39137692-6dda-43d8-82cf-b5c3d0d6ba57,2026-08-15T22:00:00Z,2026-08-16T00:00:00+0200,1017.3,MW,PT,PT,forecast_onshore_wind_generation,Wind Onshore,2026-08-20T21:12:44Z
2026-08-20T20:58:57Z,2026-08-20T22:58:57+0200,39137692-6dda-43d8-82cf-b5c3d0d6ba57,2026-08-15T23:00:00Z,2026-08-16T01:00:00+0200,922.7,MW,PT,PT,forecast_onshore_wind_generation,Wind Onshore,2026-08-20T21:12:44Z
2026-08-20T20:58:57Z,2026-08-20T22:58:57+0200,39137692-6dda-43d8-82cf-b5c3d0d6ba57,2026-08-16T00:00:00Z,2026-08-16T02:00:00+0200,874.6,MW,PT,PT,forecast_onshore_wind_generation,Wind Onshore,2026-08-20T21:12:44Z
2026-08-20T20:58:57Z,2026-08-20T22:58:57+0200,39137692-6dda-43d8-82cf-b5c3d0d6ba57,2026-08-16T01:00:00Z,2026-08-16T03:00:00+0200,867.0,MW,PT,PT,forecast_onshore_wind_generation,Wind Onshore,2026-08-20T21:12:44Z
2026-08-20T20:58:57Z,2026-08-20T22:58:57+0200,39137692-6dda-43d8-82cf-b5c3d0d6ba57,2026-08-16T02:00:00Z,2026-08-16T04:00:00+0200,864.3,MW,PT,PT,forecast_onshore_wind_generation,Wind Onshore,2026-08-20T21:12:44Z
2026-08-20T20:58:57Z,2026-08-20T22:58:57+0200,39137692-6dda-43d8-82cf-b5c3d0d6ba57,2026-08-16T03:00:00Z,2026-08-16T05:00:00+0200,903.3,MW,PT,PT,forecast_onshore_wind_generation,Wind Onshore,2026-08-20T21:12:44Z
2026-08-20T20:58:57Z,2026-08-20T22:58:57+0200,39137692-6dda-43d8-82cf-b5c3d0d6ba57,2026-08-16T04:00:00Z,2026-08-16T06:00:00+0200,968.7,MW,PT,PT,forecast_onshore_wind_generation,Wind Onshore,2026-08-20T21:12:44Z
2026-08-20T20:58:57Z,2026-08-20T22:58:57+0200,39137692-6dda-43d8-82cf-b5c3d0d6ba57,2026-08-16T05:00:00Z,2026-08-16T07:00:00+0200,1020.4,MW,PT,PT,forecast_onshore_wind_generation,Wind Onshore,2026-08-20T21:12:44Z
2026-08-20T20:58:57Z,2026-08-20T22:58:57+0200,39137692-6dda-43d8-82cf-b5c3d0d6ba57,2026-08-16T06:00:00Z,2026-08-16T08:00:00+0200,1027.8,MW,PT,PT,forecast_onshore_wind_generation,Wind Onshore,2026-08-20T21:12:44Z
2026-08-20T20:58:57Z,2026-08-20T22:58:57+0200,39137692-6dda-43d8-82cf-b5c3d0d6ba57,2026-08-16T07:00:00Z,2026-08-16T09:00:00+0200,945.5,MW,PT,PT,forecast_onshore_wind_generation,Wind Onshore,2026-08-20T21:12:44Z
2026-08-20T20:58:57Z,2026-08-20T22:58:57+0200,39137692-6dda-43d8-82cf-b5c3d0d6ba57,2026-08-16T08:00:00Z,2026-08-16T10:00:00+0200,766.5,MW,PT,PT,forecast_onshore_wind_generation,Wind Onshore,2026-08-20T21:12:44Z
2026-08-20T20:58:57Z,2026-08-20T22:58:57+0200,39137692-6dda-43d8-82cf-b5c3d0d6ba57,2026-08-16T09:00:00Z,2026-08-16T11:00:00+0200,604.9,MW,PT,PT,forecast_onshore_wind_generation,Wind Onshore,2026-08-20T21:12:44Z
2026-08-20T20:58:57Z,2026-08-20T22:58:57+0200,39137692-6dda-43d8-82cf-b5c3d0d6ba57,2026-08-16T10:00:00Z,2026-08-16T12:00:00+0200,501.7,MW,PT,PT,forecast_onshore_wind_generation,Wind Onshore,2026-08-20T21:12:44Z
2026-08-20T20:58:57Z,2026-08-20T22:58:57+0200,39137692-6dda-43d8-82cf-b5c3d0d6ba57,2026-08-16T11:00:00Z,2026-08-16T13:00:00+0200,422.3,MW,PT,PT,forecast_onshore_wind_generation,Wind Onshore,2026-08-20T21:12:44Z
2026-08-20T20:58:57Z,2026-08-20T22:58:57+0200,39137692-6dda-43d8-82cf-b5c3d0d6ba57,2026-08-16T12:00:00Z,2026-08-16T14:00:00+0200,358.1,MW,PT,PT,forecast_onshore_wind_generation,Wind Onshore,2026-08-20T21:12:44Z
2026-08-20T20:58:57Z,2026-08-20T22:58:57+0200,39137692-6dda-43d8-82cf-b5c3d0d6ba57,2026-08-16T13:00:00Z,2026-08-16T15:00:00+0200,318.7,MW,PT,PT,forecast_onshore_wind_generation,Wind Onshore,2026-08-20T21:12:44Z
2026-08-20T20:58:57Z,2026-08-20T22:58:57+0200,39137692-6dda-43d8-82cf-b5c3d0d6ba57,2026-08-16T14:00:00Z,2026-08-16T16:00:00+0200,322.7,MW,PT,PT,forecast_onshore_wind_generation,Wind Onshore,2026-08-20T21:12:44Z
2026-08-20T20:58:57Z,2026-08-20T22:58:57+0200,39137692-6dda-43d8-82cf-b5c3d0d6ba57,2026-08-16T15:00:00Z,2026-08-16T17:00:00+0200,374.3,MW,PT,PT,forecast_onshore_wind_generation,Wind Onshore,2026-08-20T21:12:44Z
2026-08-20T20:58:57Z,2026-08-20T22:58:57+0200,39137692-6dda-43d8-82cf-b5c3d0d6ba57,2026-08-16T16:00:00Z,2026-08-16T18:00:00+0200,454.7,MW,PT,PT,forecast_onshore_wind_generation,Wind Onshore,2026-08-20T21:12:44Z
2026-08-20T20:58:57Z,2026-08-20T22:58:57+0200,39137692-6dda-43d8-82cf-b5c3d0d6ba57,2026-08-16T17:00:00Z,2026-08-16T19:00:00+0200,541.0,MW,PT,PT,forecast_onshore_wind_generation,Wind Onshore,2026-08-20T21:12:44Z
2026-08-20T20:58:57Z,2026-08-20T22:58:57+0200,39137692-6dda-43d8-82cf-b5c3d0d6ba57,2026-08-16T18:00:00Z,2026-08-16T20:00:00+0200,613.7,MW,PT,PT,forecast_onshore_wind_generation,Wind Onshore,2026-08-20T21:12:44Z
2026-08-20T20:58:57Z,2026-08-20T22:58:57+0200,39137692-6dda-43d8-82cf-b5c3d0d6ba57,2026-08-16T19:00:00Z,2026-08-16T21:00:00+0200,680.5,MW,PT,PT,forecast_onshore_wind_generation,Wind Onshore,2026-08-20T21:12:44Z
2026-08-20T20:58:57Z,2026-08-20T22:58:57+0200,39137692-6dda-43d8-82cf-b5c3d0d6ba57,2026-08-16T20:00:00Z,2026-08-16T22:00:00+0200,737.5,MW,PT,PT,forecast_onshore_wind_generation,Wind Onshore,2026-08-20T21:12:44Z
2026-08-20T20:58:57Z,2026-08-20T22:58:57+0200,39137692-6dda-43d8-82cf-b5c3d0d6ba57,2026-08-16T21:00:00Z,2026-08-16T23:00:00+0200,766.6,MW,PT,PT,forecast_onshore_wind_generation,Wind Onshore,2026-08-20T21:12:44Z
2026-08-20T20:58:57Z,2026-08-20T22:58:57+0200,39137692-6dda-43d8-82cf-b5c3d0d6ba57,2026-08-16T22:00:00Z,2026-08-17T00:00:00+0200,691.7,MW,PT,PT,forecast_onshore_wind_generation,Wind Onshore,2026-08-20T21:12:44Z
2026-08-20T20:58:57Z,2026-08-20T22:58:57+0200,39137692-6dda-43d8-82cf-b5c3d0d6ba57,2026-08-16T23:00:00Z,2026-08-17T01:00:00+0200,688.8,MW,PT,PT,forecast_onshore_wind_generation,Wind Onshore,2026-08-20T21:12:44Z
2026-08-20T20:58:57Z,2026-08-20T22:58:57+0200,39137692-6dda-43d8-82cf-b5c3d0d6ba57,2026-08-17T00:00:00Z,2026-08-17T02:00:00+0200,702.4,MW,PT,PT,forecast_onshore_wind_generation,Wind Onshore,2026-08-20T21:12:44Z
2026-08-20T20:58:57Z,2026-08-20T22:58:57+0200,39137692-6dda-43d8-82cf-b5c3d0d6ba57,2026-08-17T01:00:00Z,2026-08-17T03:00:00+0200,737.7,MW,PT,PT,forecast_onshore_wind_generation,Wind Onshore,2026-08-20T21:12:44Z
2026-08-20T20:58:57Z,2026-08-20T22:58:57+0200,39137692-6dda-43d8-82cf-b5c3d0d6ba57,2026-08-17T02:00:00Z,2026-08-17T04:00:00+0200,792.5,MW,PT,PT,forecast_onshore_wind_generation,Wind Onshore,2026-08-20T21:12:44Z
2026-08-20T20:58:57Z,2026-08-20T22:58:57+0200,39137692-6dda-43d8-82cf-b5c3d0d6ba57,2026-08-17T03:00:00Z,2026-08-17T05:00:00+0200,857.6,MW,PT,PT,forecast_onshore_wind_generation,Wind Onshore,2026-08-20T21:12:44Z
2026-08-20T20:58:57Z,2026-08-20T22:58:57+0200,39137692-6dda-43d8-82cf-b5c3d0d6ba57,2026-08-17T04:00:00Z,2026-08-17T06:00:00+0200,890.6,MW,PT,PT,forecast_onshore_wind_generation,Wind Onshore,2026-08-20T21:12:44Z
2026-08-20T20:58:57Z,2026-08-20T22:58:57+0200,39137692-6dda-43d8-82cf-b5c3d0d6ba57,2026-08-17T05:00:00Z,2026-08-17T07:00:00+0200,883.9,MW,PT,PT,forecast_onshore_wind_generation,Wind Onshore,2026-08-20T21:12:44Z
2026-08-20T20:58:57Z,2026-08-20T22:58:57+0200,39137692-6dda-43d8-82cf-b5c3d0d6ba57,2026-08-17T06:00:00Z,2026-08-17T08:00:00+0200,842.7,MW,PT,PT,forecast_onshore_wind_generation,Wind Onshore,2026-08-20T21:12:44Z
2026-08-20T20:58:57Z,2026-08-20T22:58:57+0200,39137692-6dda-43d8-82cf-b5c3d0d6ba57,2026-08-17T07:00:00Z,2026-08-17T09:00:00+0200,732.7,MW,PT,PT,forecast_onshore_wind_generation,Wind Onshore,2026-08-20T21:12:44Z
2026-08-20T20:58:57Z,2026-08-20T22:58:57+0200,39137692-6dda-43d8-82cf-b5c3d0d6ba57,2026-08-17T08:00:00Z,2026-08-17T10:00:00+0200,558.5,MW,PT,PT,forecast_onshore_wind_generation,Wind Onshore,2026-08-20T21:12:44Z
2026-08-20T20:58:57Z,2026-08-20T22:58:57+0200,39137692-6dda-43d8-82cf-b5c3d0d6ba57,2026-08-17T09:00:00Z,2026-08-17T11:00:00+0200,415.3,MW,PT,PT,forecast_onshore_wind_generation,Wind Onshore,2026-08-20T21:12:44Z
2026-08-20T20:58:57Z,2026-08-20T22:58:57+0200,39137692-6dda-43d8-82cf-b5c3d0d6ba57,2026-08-17T10:00:00Z,2026-08-17T12:00:00+0200,337.3,MW,PT,PT,forecast_onshore_wind_generation,Wind Onshore,2026-08-20T21:12:44Z
2026-08-20T20:58:57Z,2026-08-20T22:58:57+0200,39137692-6dda-43d8-82cf-b5c3d0d6ba57,2026-08-17T11:00:00Z,2026-08-17T13:00:00+0200,281.6,MW,PT,PT,forecast_onshore_wind_generation,Wind Onshore,2026-08-20T21:12:44Z
2026-08-20T20:58:57Z,2026-08-20T22:58:57+0200,39137692-6dda-43d8-82cf-b5c3d0d6ba57,2026-08-17T12:00:00Z,2026-08-17T14:00:00+0200,248.3,MW,PT,PT,forecast_onshore_wind_generation,Wind Onshore,2026-08-20T21:12:44Z
2026-08-20T20:58:57Z,2026-08-20T22:58:57+0200,39137692-6dda-43d8-82cf-b5c3d0d6ba57,2026-08-17T13:00:00Z,2026-08-17T15:00:00+0200,257.8,MW,PT,PT,forecast_onshore_wind_generation,Wind Onshore,2026-08-20T21:12:44Z
2026-08-20T20:58:57Z,2026-08-20T22:58:57+0200,39137692-6dda-43d8-82cf-b5c3d0d6ba57,2026-08-17T14:00:00Z,2026-08-17T16:00:00+0200,308.1,MW,PT,PT,forecast_onshore_wind_generation,Wind Onshore,2026-08-20T21:12:44Z
2026-08-20T20:58:57Z,2026-08-20T22:58:57+0200,39137692-6dda-43d8-82cf-b5c3d0d6ba57,2026-08-17T15:00:00Z,2026-08-17T17:00:00+0200,388.1,MW,PT,PT,forecast_onshore_wind_generation,Wind Onshore,2026-08-20T21:12:44Z
2026-08-20T20:58:57Z,2026-08-20T22:58:57+0200,39137692-6dda-43d8-82cf-b5c3d0d6ba57,2026-08-17T16:00:00Z,2026-08-17T18:00:00+0200,482.4,MW,PT,PT,forecast_onshore_wind_generation,Wind Onshore,2026-08-20T21:12:44Z
2026-08-20T20:58:57Z,2026-08-20T22:58:57+0200,39137692-6dda-43d8-82cf-b5c3d0d6ba57,2026-08-17T17:00:00Z,2026-08-17T19:00:00+0200,575.1,MW,PT,PT,forecast_onshore_wind_generation,Wind Onshore,2026-08-20T21:12:44Z
2026-08-20T20:58:57Z,2026-08-20T22:58:57+0200,39137692-6dda-43d8-82cf-b5c3d0d6ba57,2026-08-17T18:00:00Z,2026-08-17T20:00:00+0200,645.7,MW,PT,PT,forecast_onshore_wind_generation,Wind Onshore,2026-08-20T21:12:44Z
2026-08-20T20:58:57Z,2026-08-20T22:58:57+0200,39137692-6dda-43d8-82cf-b5c3d0d6ba57,2026-08-17T19:00:00Z,2026-08-17T21:00:00+0200,683.6,MW,PT,PT,forecast_onshore_wind_generation,Wind Onshore,2026-08-20T21:12:44Z
2026-08-20T20:58:57Z,2026-08-20T22:58:57+0200,39137692-6dda-43d8-82cf-b5c3d0d6ba57,2026-08-17T20:00:00Z,2026-08-17T22:00:00+0200,693.3,MW,PT,PT,forecast_onshore_wind_generation,Wind Onshore,2026-08-20T21:12:44Z
2026-08-20T20:58:57Z,2026-08-20T22:58:57+0200,39137692-6dda-43d8-82cf-b5c3d0d6ba57,2026-08-17T21:00:00Z,2026-08-17T23:00:00+0200,654.9,MW,PT,PT,forecast_onshore_wind_generation,Wind Onshore,2026-08-20T21:12:44Z
2026-08-20T20:58:57Z,2026-08-20T22:58:57+0200,39137692-6dda-43d8-82cf-b5c3d0d6ba57,2026-08-17T22:00:00Z,2026-08-18T00:00:00+0200,634.4,MW,PT,PT,forecast_onshore_wind_generation,Wind Onshore,2026-08-20T21:12:44Z
2026-08-20T20:58:57Z,2026-08-20T22:58:57+0200,39137692-6dda-43d8-82cf-b5c3d0d6ba57,2026-08-17T23:00:00Z,2026-08-18T01:00:00+0200,608.9,MW,PT,PT,forecast_onshore_wind_generation,Wind Onshore,2026-08-20T21:12:44Z
2026-08-20T20:58:57Z,2026-08-20T22:58:57+0200,39137692-6dda-43d8-82cf-b5c3d0d6ba57,2026-08-18T00:00:00Z,2026-08-18T02:00:00+0200,599.5,MW,PT,PT,forecast_onshore_wind_generation,Wind Onshore,2026-08-20T21:12:44Z
2026-08-20T20:58:57Z,2026-08-20T22:58:57+0200,39137692-6dda-43d8-82cf-b5c3d0d6ba57,2026-08-18T01:00:00Z,2026-08-18T03:00:00+0200,603.1,MW,PT,PT,forecast_onshore_wind_generation,Wind Onshore,2026-08-20T21:12:44Z
2026-08-20T20:58:57Z,2026-08-20T22:58:57+0200,39137692-6dda-43d8-82cf-b5c3d0d6ba57,2026-08-18T02:00:00Z,2026-08-18T04:00:00+0200,620.0,MW,PT,PT,forecast_onshore_wind_generation,Wind Onshore,2026-08-20T21:12:44Z
2026-08-20T20:58:57Z,2026-08-20T22:58:57+0200,39137692-6dda-43d8-82cf-b5c3d0d6ba57,2026-08-18T03:00:00Z,2026-08-18T05:00:00+0200,650.1,MW,PT,PT,forecast_onshore_wind_generation,Wind Onshore,2026-08-20T21:12:44Z
2026-08-20T20:58:57Z,2026-08-20T22:58:57+0200,39137692-6dda-43d8-82cf-b5c3d0d6ba57,2026-08-18T04:00:00Z,2026-08-18T06:00:00+0200,679.7,MW,PT,PT,forecast_onshore_wind_generation,Wind Onshore,2026-08-20T21:12:44Z
2026-08-20T20:58:57Z,2026-08-20T22:58:57+0200,39137692-6dda-43d8-82cf-b5c3d0d6ba57,2026-08-18T05:00:00Z,2026-08-18T07:00:00+0200,703.8,MW,PT,PT,forecast_onshore_wind_generation,Wind Onshore,2026-08-20T21:12:44Z
2026-08-20T20:58:57Z,2026-08-20T22:58:57+0200,39137692-6dda-43d8-82cf-b5c3d0d6ba57,2026-08-18T06:00:00Z,2026-08-18T08:00:00+0200,713.0,MW,PT,PT,forecast_onshore_wind_generation,Wind Onshore,2026-08-20T21:12:44Z
2026-08-20T20:58:57Z,2026-08-20T22:58:57+0200,39137692-6dda-43d8-82cf-b5c3d0d6ba57,2026-08-18T07:00:00Z,2026-08-18T09:00:00+0200,672.7,MW,PT,PT,forecast_onshore_wind_generation,Wind Onshore,2026-08-20T21:12:44Z
2026-08-20T20:58:57Z,2026-08-20T22:58:57+0200,39137692-6dda-43d8-82cf-b5c3d0d6ba57,2026-08-18T08:00:00Z,2026-08-18T10:00:00+0200,583.8,MW,PT,PT,forecast_onshore_wind_generation,Wind Onshore,2026-08-20T21:12:44Z
2026-08-20T20:58:57Z,2026-08-20T22:58:57+0200,39137692-6dda-43d8-82cf-b5c3d0d6ba57,2026-08-18T09:00:00Z,2026-08-18T11:00:00+0200,502.8,MW,PT,PT,forecast_onshore_wind_generation,Wind Onshore,2026-08-20T21:12:44Z
2026-08-20T20:58:57Z,2026-08-20T22:58:57+0200,39137692-6dda-43d8-82cf-b5c3d0d6ba57,2026-08-18T10:00:00Z,2026-08-18T12:00:00+0200,467.3,MW,PT,PT,forecast_onshore_wind_generation,Wind Onshore,2026-08-20T21:12:44Z
2026-08-20T20:58:57Z,2026-08-20T22:58:57+0200,39137692-6dda-43d8-82cf-b5c3d0d6ba57,2026-08-18T11:00:00Z,2026-08-18T13:00:00+0200,456.6,MW,PT,PT,forecast_onshore_wind_generation,Wind Onshore,2026-08-20T21:12:44Z
2026-08-20T20:58:57Z,2026-08-20T22:58:57+0200,39137692-6dda-43d8-82cf-b5c3d0d6ba57,2026-08-18T12:00:00Z,2026-08-18T14:00:00+0200,479.0,MW,PT,PT,forecast_onshore_wind_generation,Wind Onshore,2026-08-20T21:12:44Z
2026-08-20T20:58:57Z,2026-08-20T22:58:57+0200,39137692-6dda-43d8-82cf-b5c3d0d6ba57,2026-08-18T13:00:00Z,2026-08-18T15:00:00+0200,540.8,MW,PT,PT,forecast_onshore_wind_generation,Wind Onshore,2026-08-20T21:12:44Z
2026-08-20T20:58:57Z,2026-08-20T22:58:57+0200,39137692-6dda-43d8-82cf-b5c3d0d6ba57,2026-08-18T14:00:00Z,2026-08-18T16:00:00+0200,627.3,MW,PT,PT,forecast_onshore_wind_generation,Wind Onshore,2026-08-20T21:12:44Z
2026-08-20T20:58:57Z,2026-08-20T22:58:57+0200,39137692-6dda-43d8-82cf-b5c3d0d6ba57,2026-08-18T15:00:00Z,2026-08-18T17:00:00+0200,737.5,MW,PT,PT,forecast_onshore_wind_generation,Wind Onshore,2026-08-20T21:12:44Z
2026-08-20T20:58:57Z,2026-08-20T22:58:57+0200,39137692-6dda-43d8-82cf-b5c3d0d6ba57,2026-08-18T16:00:00Z,2026-08-18T18:00:00+0200,830.9,MW,PT,PT,forecast_onshore_wind_generation,Wind Onshore,2026-08-20T21:12:44Z
2026-08-20T20:58:57Z,2026-08-20T22:58:57+0200,39137692-6dda-43d8-82cf-b5c3d0d6ba57,2026-08-18T17:00:00Z,2026-08-18T19:00:00+0200,895.5,MW,PT,PT,forecast_onshore_wind_generation,Wind Onshore,2026-08-20T21:12:44Z
2026-08-20T20:58:57Z,2026-08-20T22:58:57+0200,39137692-6dda-43d8-82cf-b5c3d0d6ba57,2026-08-18T18:00:00Z,2026-08-18T20:00:00+0200,963.6,MW,PT,PT,forecast_onshore_wind_generation,Wind Onshore,2026-08-20T21:12:44Z
2026-08-20T20:58:57Z,2026-08-20T22:58:57+0200,39137692-6dda-43d8-82cf-b5c3d0d6ba57,2026-08-18T19:00:00Z,2026-08-18T21:00:00+0200,994.6,MW,PT,PT,forecast_onshore_wind_generation,Wind Onshore,2026-08-20T21:12:44Z
2026-08-20T20:58:57Z,2026-08-20T22:58:57+0200,39137692-6dda-43d8-82cf-b5c3d0d6ba57,2026-08-18T20:00:00Z,2026-08-18T22:00:00+0200,949.6,MW,PT,PT,forecast_onshore_wind_generation,Wind Onshore,2026-08-20T21:12:44Z
2026-08-20T20:58:57Z,2026-08-20T22:58:57+0200,39137692-6dda-43d8-82cf-b5c3d0d6ba57,2026-08-18T21:00:00Z,2026-08-18T23:00:00+0200,851.5,MW,PT,PT,forecast_onshore_wind_generation,Wind Onshore,2026-08-20T21:12:44Z
2026-08-20T20:58:57Z,2026-08-20T22:58:57+0200,39137692-6dda-43d8-82cf-b5c3d0d6ba57,2026-08-18T22:00:00Z,2026-08-19T00:00:00+0200,815.8,MW,PT,PT,forecast_onshore_wind_generation,Wind Onshore,2026-08-20T21:12:44Z
2026-08-20T20:58:57Z,2026-08-20T22:58:57+0200,39137692-6dda-43d8-82cf-b5c3d0d6ba57,2026-08-18T23:00:00Z,2026-08-19T01:00:00+0200,669.3,MW,PT,PT,forecast_onshore_wind_generation,Wind Onshore,2026-08-20T21:12:44Z
2026-08-20T20:58:57Z,2026-08-20T22:58:57+0200,39137692-6dda-43d8-82cf-b5c3d0d6ba57,2026-08-19T00:00:00Z,2026-08-19T02:00:00+0200,539.6,MW,PT,PT,forecast_onshore_wind_generation,Wind Onshore,2026-08-20T21:12:44Z
2026-08-20T20:58:57Z,2026-08-20T22:58:57+0200,39137692-6dda-43d8-82cf-b5c3d0d6ba57,2026-08-19T01:00:00Z,2026-08-19T03:00:00+0200,426.1,MW,PT,PT,forecast_onshore_wind_generation,Wind Onshore,2026-08-20T21:12:44Z
2026-08-20T20:58:57Z,2026-08-20T22:58:57+0200,39137692-6dda-43d8-82cf-b5c3d0d6ba57,2026-08-19T02:00:00Z,2026-08-19T04:00:00+0200,337.2,MW,PT,PT,forecast_onshore_wind_generation,Wind Onshore,2026-08-20T21:12:44Z
2026-08-20T20:58:57Z,2026-08-20T22:58:57+0200,39137692-6dda-43d8-82cf-b5c3d0d6ba57,2026-08-19T03:00:00Z,2026-08-19T05:00:00+0200,277.3,MW,PT,PT,forecast_onshore_wind_generation,Wind Onshore,2026-08-20T21:12:44Z
2026-08-20T20:58:57Z,2026-08-20T22:58:57+0200,39137692-6dda-43d8-82cf-b5c3d0d6ba57,2026-08-19T04:00:00Z,2026-08-19T06:00:00+0200,249.4,MW,PT,PT,forecast_onshore_wind_generation,Wind Onshore,2026-08-20T21:12:44Z
2026-08-20T20:58:57Z,2026-08-20T22:58:57+0200,39137692-6dda-43d8-82cf-b5c3d0d6ba57,2026-08-19T05:00:00Z,2026-08-19T07:00:00+0200,235.4,MW,PT,PT,forecast_onshore_wind_generation,Wind Onshore,2026-08-20T21:12:44Z
2026-08-20T20:58:57Z,2026-08-20T22:58:57+0200,39137692-6dda-43d8-82cf-b5c3d0d6ba57,2026-08-19T06:00:00Z,2026-08-19T08:00:00+0200,220.6,MW,PT,PT,forecast_onshore_wind_generation,Wind Onshore,2026-08-20T21:12:44Z
2026-08-20T20:58:57Z,2026-08-20T22:58:57+0200,39137692-6dda-43d8-82cf-b5c3d0d6ba57,2026-08-19T07:00:00Z,2026-08-19T09:00:00+0200,197.4,MW,PT,PT,forecast_onshore_wind_generation,Wind Onshore,2026-08-20T21:12:44Z
2026-08-20T20:58:57Z,2026-08-20T22:58:57+0200,39137692-6dda-43d8-82cf-b5c3d0d6ba57,2026-08-19T08:00:00Z,2026-08-19T10:00:00+0200,186.6,MW,PT,PT,forecast_onshore_wind_generation,Wind Onshore,2026-08-20T21:12:44Z
2026-08-20T20:58:57Z,2026-08-20T22:58:57+0200,39137692-6dda-43d8-82cf-b5c3d0d6ba57,2026-08-19T09:00:00Z,2026-08-19T11:00:00+0200,217.7,MW,PT,PT,forecast_onshore_wind_generation,Wind Onshore,2026-08-20T21:12:44Z
2026-08-20T20:58:57Z,2026-08-20T22:58:57+0200,39137692-6dda-43d8-82cf-b5c3d0d6ba57,2026-08-19T10:00:00Z,2026-08-19T12:00:00+0200,306.4,MW,PT,PT,forecast_onshore_wind_generation,Wind Onshore,2026-08-20T21:12:44Z
2026-08-20T20:58:57Z,2026-08-20T22:58:57+0200,39137692-6dda-43d8-82cf-b5c3d0d6ba57,2026-08-19T11:00:00Z,2026-08-19T13:00:00+0200,445.9,MW,PT,PT,forecast_onshore_wind_generation,Wind Onshore,2026-08-20T21:12:44Z
2026-08-20T20:58:57Z,2026-08-20T22:58:57+0200,39137692-6dda-43d8-82cf-b5c3d0d6ba57,2026-08-19T12:00:00Z,2026-08-19T14:00:00+0200,628.0,MW,PT,PT,forecast_onshore_wind_generation,Wind Onshore,2026-08-20T21:12:44Z
2026-08-20T20:58:57Z,2026-08-20T22:58:57+0200,39137692-6dda-43d8-82cf-b5c3d0d6ba57,2026-08-19T13:00:00Z,2026-08-19T15:00:00+0200,845.6,MW,PT,PT,forecast_onshore_wind_generation,Wind Onshore,2026-08-20T21:12:44Z
2026-08-20T20:58:57Z,2026-08-20T22:58:57+0200,39137692-6dda-43d8-82cf-b5c3d0d6ba57,2026-08-19T14:00:00Z,2026-08-19T16:00:00+0200,1025.9,MW,PT,PT,forecast_onshore_wind_generation,Wind Onshore,2026-08-20T21:12:44Z
2026-08-20T20:58:57Z,2026-08-20T22:58:57+0200,39137692-6dda-43d8-82cf-b5c3d0d6ba57,2026-08-19T15:00:00Z,2026-08-19T17:00:00+0200,1135.8,MW,PT,PT,forecast_onshore_wind_generation,Wind Onshore,2026-08-20T21:12:44Z
2026-08-20T20:58:57Z,2026-08-20T22:58:57+0200,39137692-6dda-43d8-82cf-b5c3d0d6ba57,2026-08-19T16:00:00Z,2026-08-19T18:00:00+0200,1171.3,MW,PT,PT,forecast_onshore_wind_generation,Wind Onshore,2026-08-20T21:12:44Z
2026-08-20T20:58:57Z,2026-08-20T22:58:57+0200,39137692-6dda-43d8-82cf-b5c3d0d6ba57,2026-08-19T17:00:00Z,2026-08-19T19:00:00+0200,1154.9,MW,PT,PT,forecast_onshore_wind_generation,Wind Onshore,2026-08-20T21:12:44Z
2026-08-20T20:58:57Z,2026-08-20T22:58:57+0200,39137692-6dda-43d8-82cf-b5c3d0d6ba57,2026-08-19T18:00:00Z,2026-08-19T20:00:00+0200,1092.1,MW,PT,PT,forecast_onshore_wind_generation,Wind Onshore,2026-08-20T21:12:44Z
2026-08-20T20:58:57Z,2026-08-20T22:58:57+0200,39137692-6dda-43d8-82cf-b5c3d0d6ba57,2026-08-19T19:00:00Z,2026-08-19T21:00:00+0200,953.4,MW,PT,PT,forecast_onshore_wind_generation,Wind Onshore,2026-08-20T21:12:44Z
2026-08-20T20:58:57Z,2026-08-20T22:58:57+0200,39137692-6dda-43d8-82cf-b5c3d0d6ba57,2026-08-19T20:00:00Z,2026-08-19T22:00:00+0200,787.9,MW,PT,PT,forecast_onshore_wind_generation,Wind Onshore,2026-08-20T21:12:44Z
2026-08-20T20:58:57Z,2026-08-20T22:58:57+0200,39137692-6dda-43d8-82cf-b5c3d0d6ba57,2026-08-19T21:00:00Z,2026-08-19T23:00:00+0200,641.5,MW,PT,PT,forecast_onshore_wind_generation,Wind Onshore,2026-08-20T21:12:44Z
2026-08-20T20:58:57Z,2026-08-20T22:58:57+0200,39137692-6dda-43d8-82cf-b5c3d0d6ba57,2026-08-19T22:00:00Z,2026-08-20T00:00:00+0200,616.3,MW,PT,PT,forecast_onshore_wind_generation,Wind Onshore,2026-08-20T21:12:44Z
2026-08-20T20:58:57Z,2026-08-20T22:58:57+0200,39137692-6dda-43d8-82cf-b5c3d0d6ba57,2026-08-19T23:00:00Z,2026-08-20T01:00:00+0200,528.4,MW,PT,PT,forecast_onshore_wind_generation,Wind Onshore,2026-08-20T21:12:44Z
2026-08-20T20:58:57Z,2026-08-20T22:58:57+0200,39137692-6dda-43d8-82cf-b5c3d0d6ba57,2026-08-20T00:00:00Z,2026-08-20T02:00:00+0200,458.4,MW,PT,PT,forecast_onshore_wind_generation,Wind Onshore,2026-08-20T21:12:44Z
2026-08-20T20:58:57Z,2026-08-20T22:58:57+0200,39137692-6dda-43d8-82cf-b5c3d0d6ba57,2026-08-20T01:00:00Z,2026-08-20T03:00:00+0200,390.3,MW,PT,PT,forecast_onshore_wind_generation,Wind Onshore,2026-08-20T21:12:44Z
2026-08-20T20:58:57Z,2026-08-20T22:58:57+0200,39137692-6dda-43d8-82cf-b5c3d0d6ba57,2026-08-20T02:00:00Z,2026-08-20T04:00:00+0200,327.7,MW,PT,PT,forecast_onshore_wind_generation,Wind Onshore,2026-08-20T21:12:44Z
2026-08-20T20:58:57Z,2026-08-20T22:58:57+0200,39137692-6dda-43d8-82cf-b5c3d0d6ba57,2026-08-20T03:00:00Z,2026-08-20T05:00:00+0200,272.9,MW,PT,PT,forecast_onshore_wind_generation,Wind Onshore,2026-08-20T21:12:44Z
2026-08-20T20:58:57Z,2026-08-20T22:58:57+0200,39137692-6dda-43d8-82cf-b5c3d0d6ba57,2026-08-20T04:00:00Z,2026-08-20T06:00:00+0200,236.3,MW,PT,PT,forecast_onshore_wind_generation,Wind Onshore,2026-08-20T21:12:44Z
2026-08-20T20:58:57Z,2026-08-20T22:58:57+0200,39137692-6dda-43d8-82cf-b5c3d0d6ba57,2026-08-20T05:00:00Z,2026-08-20T07:00:00+0200,216.4,MW,PT,PT,forecast_onshore_wind_generation,Wind Onshore,2026-08-20T21:12:44Z
2026-08-20T20:58:57Z,2026-08-20T22:58:57+0200,39137692-6dda-43d8-82cf-b5c3d0d6ba57,2026-08-20T06:00:00Z,2026-08-20T08:00:00+0200,201.2,MW,PT,PT,forecast_onshore_wind_generation,Wind Onshore,2026-08-20T21:12:44Z
2026-08-20T20:58:57Z,2026-08-20T22:58:57+0200,39137692-6dda-43d8-82cf-b5c3d0d6ba57,2026-08-20T07:00:00Z,2026-08-20T09:00:00+0200,187.6,MW,PT,PT,forecast_onshore_wind_generation,Wind Onshore,2026-08-20T21:12:44Z
2026-08-20T20:58:57Z,2026-08-20T22:58:57+0200,39137692-6dda-43d8-82cf-b5c3d0d6ba57,2026-08-20T08:00:00Z,2026-08-20T10:00:00+0200,192.0,MW,PT,PT,forecast_onshore_wind_generation,Wind Onshore,2026-08-20T21:12:44Z
2026-08-20T20:58:57Z,2026-08-20T22:58:57+0200,39137692-6dda-43d8-82cf-b5c3d0d6ba57,2026-08-20T09:00:00Z,2026-08-20T11:00:00+0200,229.7,MW,PT,PT,forecast_onshore_wind_generation,Wind Onshore,2026-08-20T21:12:44Z
2026-08-20T20:58:57Z,2026-08-20T22:58:57+0200,39137692-6dda-43d8-82cf-b5c3d0d6ba57,2026-08-20T10:00:00Z,2026-08-20T12:00:00+0200,320.5,MW,PT,PT,forecast_onshore_wind_generation,Wind Onshore,2026-08-20T21:12:44Z
2026-08-20T20:58:57Z,2026-08-20T22:58:57+0200,39137692-6dda-43d8-82cf-b5c3d0d6ba57,2026-08-20T11:00:00Z,2026-08-20T13:00:00+0200,492.7,MW,PT,PT,forecast_onshore_wind_generation,Wind Onshore,2026-08-20T21:12:44Z
2026-08-20T20:58:57Z,2026-08-20T22:58:57+0200,39137692-6dda-43d8-82cf-b5c3d0d6ba57,2026-08-20T12:00:00Z,2026-08-20T14:00:00+0200,750.6,MW,PT,PT,forecast_onshore_wind_generation,Wind Onshore,2026-08-20T21:12:44Z
2026-08-20T20:58:57Z,2026-08-20T22:58:57+0200,39137692-6dda-43d8-82cf-b5c3d0d6ba57,2026-08-20T13:00:00Z,2026-08-20T15:00:00+0200,1089.9,MW,PT,PT,forecast_onshore_wind_generation,Wind Onshore,2026-08-20T21:12:44Z
2026-08-20T20:58:57Z,2026-08-20T22:58:57+0200,39137692-6dda-43d8-82cf-b5c3d0d6ba57,2026-08-20T14:00:00Z,2026-08-20T16:00:00+0200,1475.9,MW,PT,PT,forecast_onshore_wind_generation,Wind Onshore,2026-08-20T21:12:44Z
2026-08-20T20:58:57Z,2026-08-20T22:58:57+0200,39137692-6dda-43d8-82cf-b5c3d0d6ba57,2026-08-20T15:00:00Z,2026-08-20T17:00:00+0200,1891.3,MW,PT,PT,forecast_onshore_wind_generation,Wind Onshore,2026-08-20T21:12:44Z
2026-08-20T20:58:57Z,2026-08-20T22:58:57+0200,39137692-6dda-43d8-82cf-b5c3d0d6ba57,2026-08-20T16:00:00Z,2026-08-20T18:00:00+0200,2233.7,MW,PT,PT,forecast_onshore_wind_generation,Wind Onshore,2026-08-20T21:12:44Z
2026-08-20T20:58:57Z,2026-08-20T22:58:57+0200,39137692-6dda-43d8-82cf-b5c3d0d6ba57,2026-08-20T17:00:00Z,2026-08-20T19:00:00+0200,2418.0,MW,PT,PT,forecast_onshore_wind_generation,Wind Onshore,2026-08-20T21:12:44Z
2026-08-20T20:58:57Z,2026-08-20T22:58:57+0200,39137692-6dda-43d8-82cf-b5c3d0d6ba57,2026-08-20T18:00:00Z,2026-08-20T20:00:00+0200,2454.8,MW,PT,PT,forecast_onshore_wind_generation,Wind Onshore,2026-08-20T21:12:44Z
2026-08-20T20:58:57Z,2026-08-20T22:58:57+0200,39137692-6dda-43d8-82cf-b5c3d0d6ba57,2026-08-20T19:00:00Z,2026-08-20T21:00:00+0200,2394.4,MW,PT,PT,forecast_onshore_wind_generation,Wind Onshore,2026-08-20T21:12:44Z
2026-08-20T20:58:57Z,2026-08-20T22:58:57+0200,39137692-6dda-43d8-82cf-b5c3d0d6ba57,2026-08-20T20:00:00Z,2026-08-20T22:00:00+0200,2304.2,MW,PT,PT,forecast_onshore_wind_generation,Wind Onshore,2026-08-20T21:12:44Z
