collection_time_utc,collection_time_local,run_id,timestamp_utc,timestamp_local,value,unit,country,entsoe_area,variable,source,updated_at_utc
2026-09-07T08:23:09Z,2026-09-07T10:23:09+0200,bcd3f249-d332-480a-95cf-6311f6ef2f92,2026-08-31T08:30:00Z,2026-08-31T10:30:00+0200,-2.71,EUR/MWh,ES,ES,imbalance_price,Long,2026-09-07T08:26:35Z
2026-09-07T08:23:09Z,2026-09-07T10:23:09+0200,bcd3f249-d332-480a-95cf-6311f6ef2f92,2026-08-31T08:30:00Z,2026-08-31T10:30:00+0200,-2.71,EUR/MWh,ES,ES,imbalance_price,Short,2026-09-07T08:26:35Z
2026-09-07T08:23:09Z,2026-09-07T10:23:09+0200,bcd3f249-d332-480a-95cf-6311f6ef2f92,2026-08-31T08:45:00Z,2026-08-31T10:45:00+0200,-3.25,EUR/MWh,ES,ES,imbalance_price,Long,2026-09-07T08:26:35Z
2026-09-07T08:23:09Z,2026-09-07T10:23:09+0200,bcd3f249-d332-480a-95cf-6311f6ef2f92,2026-08-31T08:45:00Z,2026-08-31T10:45:00+0200,-3.25,EUR/MWh,ES,ES,imbalance_price,Short,2026-09-07T08:26:35Z
2026-09-07T08:23:09Z,2026-09-07T10:23:09+0200,bcd3f249-d332-480a-95cf-6311f6ef2f92,2026-08-31T09:00:00Z,2026-08-31T11:00:00+0200,-0.53,EUR/MWh,ES,ES,imbalance_price,Long,2026-09-07T08:26:35Z
2026-09-07T08:23:09Z,2026-09-07T10:23:09+0200,bcd3f249-d332-480a-95cf-6311f6ef2f92,2026-08-31T09:00:00Z,2026-08-31T11:00:00+0200,-0.53,EUR/MWh,ES,ES,imbalance_price,Short,2026-09-07T08:26:35Z
2026-09-07T08:23:09Z,2026-09-07T10:23:09+0200,bcd3f249-d332-480a-95cf-6311f6ef2f92,2026-08-31T09:15:00Z,2026-08-31T11:15:00+0200,-0.62,EUR/MWh,ES,ES,imbalance_price,Long,2026-09-07T08:26:35Z
2026-09-07T08:23:09Z,2026-09-07T10:23:09+0200,bcd3f249-d332-480a-95cf-6311f6ef2f92,2026-08-31T09:15:00Z,2026-08-31T11:15:00+0200,-4.99,EUR/MWh,ES,ES,imbalance_price,Short,2026-09-07T08:26:35Z
2026-09-07T08:23:09Z,2026-09-07T10:23:09+0200,bcd3f249-d332-480a-95cf-6311f6ef2f92,2026-08-31T09:30:00Z,2026-08-31T11:30:00+0200,-0.94,EUR/MWh,ES,ES,imbalance_price,Long,2026-09-07T08:26:35Z
2026-09-07T08:23:09Z,2026-09-07T10:23:09+0200,bcd3f249-d332-480a-95cf-6311f6ef2f92,2026-08-31T09:30:00Z,2026-08-31T11:30:00+0200,-4.65,EUR/MWh,ES,ES,imbalance_price,Short,2026-09-07T08:26:35Z
2026-09-07T08:23:09Z,2026-09-07T10:23:09+0200,bcd3f249-d332-480a-95cf-6311f6ef2f92,2026-08-31T09:45:00Z,2026-08-31T11:45:00+0200,0.18,EUR/MWh,ES,ES,imbalance_price,Long,2026-09-07T08:26:35Z
2026-09-07T08:23:09Z,2026-09-07T10:23:09+0200,bcd3f249-d332-480a-95cf-6311f6ef2f92,2026-08-31T09:45:00Z,2026-08-31T11:45:00+0200,2.46,EUR/MWh,ES,ES,imbalance_price,Short,2026-09-07T08:26:35Z
2026-09-07T08:23:09Z,2026-09-07T10:23:09+0200,bcd3f249-d332-480a-95cf-6311f6ef2f92,2026-08-31T10:00:00Z,2026-08-31T12:00:00+0200,-0.9,EUR/MWh,ES,ES,imbalance_price,Long,2026-09-07T08:26:35Z
2026-09-07T08:23:09Z,2026-09-07T10:23:09+0200,bcd3f249-d332-480a-95cf-6311f6ef2f92,2026-08-31T10:00:00Z,2026-08-31T12:00:00+0200,20.61,EUR/MWh,ES,ES,imbalance_price,Short,2026-09-07T08:26:35Z
2026-09-07T08:23:09Z,2026-09-07T10:23:09+0200,bcd3f249-d332-480a-95cf-6311f6ef2f92,2026-08-31T10:15:00Z,2026-08-31T12:15:00+0200,0.17,EUR/MWh,ES,ES,imbalance_price,Long,2026-09-07T08:26:35Z
2026-09-07T08:23:09Z,2026-09-07T10:23:09+0200,bcd3f249-d332-480a-95cf-6311f6ef2f92,2026-08-31T10:15:00Z,2026-08-31T12:15:00+0200,14.01,EUR/MWh,ES,ES,imbalance_price,Short,2026-09-07T08:26:35Z
2026-09-07T08:23:09Z,2026-09-07T10:23:09+0200,bcd3f249-d332-480a-95cf-6311f6ef2f92,2026-08-31T10:30:00Z,2026-08-31T12:30:00+0200,5.49,EUR/MWh,ES,ES,imbalance_price,Long,2026-09-07T08:26:35Z
2026-09-07T08:23:09Z,2026-09-07T10:23:09+0200,bcd3f249-d332-480a-95cf-6311f6ef2f92,2026-08-31T10:30:00Z,2026-08-31T12:30:00+0200,5.49,EUR/MWh,ES,ES,imbalance_price,Short,2026-09-07T08:26:35Z
2026-09-07T08:23:09Z,2026-09-07T10:23:09+0200,bcd3f249-d332-480a-95cf-6311f6ef2f92,2026-08-31T10:45:00Z,2026-08-31T12:45:00+0200,-2.29,EUR/MWh,ES,ES,imbalance_price,Long,2026-09-07T08:26:35Z
2026-09-07T08:23:09Z,2026-09-07T10:23:09+0200,bcd3f249-d332-480a-95cf-6311f6ef2f92,2026-08-31T10:45:00Z,2026-08-31T12:45:00+0200,-1.28,EUR/MWh,ES,ES,imbalance_price,Short,2026-09-07T08:26:35Z
2026-09-07T08:23:09Z,2026-09-07T10:23:09+0200,bcd3f249-d332-480a-95cf-6311f6ef2f92,2026-08-31T11:00:00Z,2026-08-31T13:00:00+0200,-0.01,EUR/MWh,ES,ES,imbalance_price,Long,2026-09-07T08:26:35Z
2026-09-07T08:23:09Z,2026-09-07T10:23:09+0200,bcd3f249-d332-480a-95cf-6311f6ef2f92,2026-08-31T11:00:00Z,2026-08-31T13:00:00+0200,4.01,EUR/MWh,ES,ES,imbalance_price,Short,2026-09-07T08:26:35Z
2026-09-07T08:23:09Z,2026-09-07T10:23:09+0200,bcd3f249-d332-480a-95cf-6311f6ef2f92,2026-08-31T11:15:00Z,2026-08-31T13:15:00+0200,0.84,EUR/MWh,ES,ES,imbalance_price,Long,2026-09-07T08:26:35Z
2026-09-07T08:23:09Z,2026-09-07T10:23:09+0200,bcd3f249-d332-480a-95cf-6311f6ef2f92,2026-08-31T11:15:00Z,2026-08-31T13:15:00+0200,57.11,EUR/MWh,ES,ES,imbalance_price,Short,2026-09-07T08:26:35Z
2026-09-07T08:23:09Z,2026-09-07T10:23:09+0200,bcd3f249-d332-480a-95cf-6311f6ef2f92,2026-08-31T11:30:00Z,2026-08-31T13:30:00+0200,-0.02,EUR/MWh,ES,ES,imbalance_price,Long,2026-09-07T08:26:35Z
2026-09-07T08:23:09Z,2026-09-07T10:23:09+0200,bcd3f249-d332-480a-95cf-6311f6ef2f92,2026-08-31T11:30:00Z,2026-08-31T13:30:00+0200,14.48,EUR/MWh,ES,ES,imbalance_price,Short,2026-09-07T08:26:35Z
2026-09-07T08:23:09Z,2026-09-07T10:23:09+0200,bcd3f249-d332-480a-95cf-6311f6ef2f92,2026-08-31T11:45:00Z,2026-08-31T13:45:00+0200,0.42,EUR/MWh,ES,ES,imbalance_price,Long,2026-09-07T08:26:35Z
2026-09-07T08:23:09Z,2026-09-07T10:23:09+0200,bcd3f249-d332-480a-95cf-6311f6ef2f92,2026-08-31T11:45:00Z,2026-08-31T13:45:00+0200,1.23,EUR/MWh,ES,ES,imbalance_price,Short,2026-09-07T08:26:35Z
2026-09-07T08:23:09Z,2026-09-07T10:23:09+0200,bcd3f249-d332-480a-95cf-6311f6ef2f92,2026-08-31T12:00:00Z,2026-08-31T14:00:00+0200,2.31,EUR/MWh,ES,ES,imbalance_price,Long,2026-09-07T08:26:35Z
2026-09-07T08:23:09Z,2026-09-07T10:23:09+0200,bcd3f249-d332-480a-95cf-6311f6ef2f92,2026-08-31T12:00:00Z,2026-08-31T14:00:00+0200,-0.11,EUR/MWh,ES,ES,imbalance_price,Short,2026-09-07T08:26:35Z
2026-09-07T08:23:09Z,2026-09-07T10:23:09+0200,bcd3f249-d332-480a-95cf-6311f6ef2f92,2026-08-31T12:15:00Z,2026-08-31T14:15:00+0200,-0.01,EUR/MWh,ES,ES,imbalance_price,Long,2026-09-07T08:26:35Z
2026-09-07T08:23:09Z,2026-09-07T10:23:09+0200,bcd3f249-d332-480a-95cf-6311f6ef2f92,2026-08-31T12:15:00Z,2026-08-31T14:15:00+0200,11.02,EUR/MWh,ES,ES,imbalance_price,Short,2026-09-07T08:26:35Z
2026-09-07T08:23:09Z,2026-09-07T10:23:09+0200,bcd3f249-d332-480a-95cf-6311f6ef2f92,2026-08-31T12:30:00Z,2026-08-31T14:30:00+0200,-0.01,EUR/MWh,ES,ES,imbalance_price,Long,2026-09-07T08:26:35Z
2026-09-07T08:23:09Z,2026-09-07T10:23:09+0200,bcd3f249-d332-480a-95cf-6311f6ef2f92,2026-08-31T12:30:00Z,2026-08-31T14:30:00+0200,15.9,EUR/MWh,ES,ES,imbalance_price,Short,2026-09-07T08:26:35Z
2026-09-07T08:23:09Z,2026-09-07T10:23:09+0200,bcd3f249-d332-480a-95cf-6311f6ef2f92,2026-08-31T12:45:00Z,2026-08-31T14:45:00+0200,-0.2,EUR/MWh,ES,ES,imbalance_price,Long,2026-09-07T08:26:35Z
2026-09-07T08:23:09Z,2026-09-07T10:23:09+0200,bcd3f249-d332-480a-95cf-6311f6ef2f92,2026-08-31T12:45:00Z,2026-08-31T14:45:00+0200,-1.58,EUR/MWh,ES,ES,imbalance_price,Short,2026-09-07T08:26:35Z
2026-09-07T08:23:09Z,2026-09-07T10:23:09+0200,bcd3f249-d332-480a-95cf-6311f6ef2f92,2026-08-31T13:00:00Z,2026-08-31T15:00:00+0200,-0.08,EUR/MWh,ES,ES,imbalance_price,Long,2026-09-07T08:26:35Z
2026-09-07T08:23:09Z,2026-09-07T10:23:09+0200,bcd3f249-d332-480a-95cf-6311f6ef2f92,2026-08-31T13:00:00Z,2026-08-31T15:00:00+0200,2.53,EUR/MWh,ES,ES,imbalance_price,Short,2026-09-07T08:26:35Z
2026-09-07T08:23:09Z,2026-09-07T10:23:09+0200,bcd3f249-d332-480a-95cf-6311f6ef2f92,2026-08-31T13:15:00Z,2026-08-31T15:15:00+0200,-0.06,EUR/MWh,ES,ES,imbalance_price,Long,2026-09-07T08:26:35Z
2026-09-07T08:23:09Z,2026-09-07T10:23:09+0200,bcd3f249-d332-480a-95cf-6311f6ef2f92,2026-08-31T13:15:00Z,2026-08-31T15:15:00+0200,0.57,EUR/MWh,ES,ES,imbalance_price,Short,2026-09-07T08:26:35Z
2026-09-07T08:23:09Z,2026-09-07T10:23:09+0200,bcd3f249-d332-480a-95cf-6311f6ef2f92,2026-08-31T13:30:00Z,2026-08-31T15:30:00+0200,0.03,EUR/MWh,ES,ES,imbalance_price,Long,2026-09-07T08:26:35Z
2026-09-07T08:23:09Z,2026-09-07T10:23:09+0200,bcd3f249-d332-480a-95cf-6311f6ef2f92,2026-08-31T13:30:00Z,2026-08-31T15:30:00+0200,61.24,EUR/MWh,ES,ES,imbalance_price,Short,2026-09-07T08:26:35Z
2026-09-07T08:23:09Z,2026-09-07T10:23:09+0200,bcd3f249-d332-480a-95cf-6311f6ef2f92,2026-08-31T13:45:00Z,2026-08-31T15:45:00+0200,1.26,EUR/MWh,ES,ES,imbalance_price,Long,2026-09-07T08:26:35Z
2026-09-07T08:23:09Z,2026-09-07T10:23:09+0200,bcd3f249-d332-480a-95cf-6311f6ef2f92,2026-08-31T13:45:00Z,2026-08-31T15:45:00+0200,40.43,EUR/MWh,ES,ES,imbalance_price,Short,2026-09-07T08:26:35Z
2026-09-07T08:23:09Z,2026-09-07T10:23:09+0200,bcd3f249-d332-480a-95cf-6311f6ef2f92,2026-08-31T14:00:00Z,2026-08-31T16:00:00+0200,2.79,EUR/MWh,ES,ES,imbalance_price,Long,2026-09-07T08:26:35Z
2026-09-07T08:23:09Z,2026-09-07T10:23:09+0200,bcd3f249-d332-480a-95cf-6311f6ef2f92,2026-08-31T14:00:00Z,2026-08-31T16:00:00+0200,2.79,EUR/MWh,ES,ES,imbalance_price,Short,2026-09-07T08:26:35Z
2026-09-07T08:23:09Z,2026-09-07T10:23:09+0200,bcd3f249-d332-480a-95cf-6311f6ef2f92,2026-08-31T14:15:00Z,2026-08-31T16:15:00+0200,1.6,EUR/MWh,ES,ES,imbalance_price,Long,2026-09-07T08:26:35Z
2026-09-07T08:23:09Z,2026-09-07T10:23:09+0200,bcd3f249-d332-480a-95cf-6311f6ef2f92,2026-08-31T14:15:00Z,2026-08-31T16:15:00+0200,7.4,EUR/MWh,ES,ES,imbalance_price,Short,2026-09-07T08:26:35Z
2026-09-07T08:23:09Z,2026-09-07T10:23:09+0200,bcd3f249-d332-480a-95cf-6311f6ef2f92,2026-08-31T14:30:00Z,2026-08-31T16:30:00+0200,2.35,EUR/MWh,ES,ES,imbalance_price,Long,2026-09-07T08:26:35Z
2026-09-07T08:23:09Z,2026-09-07T10:23:09+0200,bcd3f249-d332-480a-95cf-6311f6ef2f92,2026-08-31T14:30:00Z,2026-08-31T16:30:00+0200,81.15,EUR/MWh,ES,ES,imbalance_price,Short,2026-09-07T08:26:35Z
2026-09-07T08:23:09Z,2026-09-07T10:23:09+0200,bcd3f249-d332-480a-95cf-6311f6ef2f92,2026-08-31T14:45:00Z,2026-08-31T16:45:00+0200,0.0,EUR/MWh,ES,ES,imbalance_price,Long,2026-09-07T08:26:35Z
2026-09-07T08:23:09Z,2026-09-07T10:23:09+0200,bcd3f249-d332-480a-95cf-6311f6ef2f92,2026-08-31T14:45:00Z,2026-08-31T16:45:00+0200,28.2,EUR/MWh,ES,ES,imbalance_price,Short,2026-09-07T08:26:35Z
2026-09-07T08:23:09Z,2026-09-07T10:23:09+0200,bcd3f249-d332-480a-95cf-6311f6ef2f92,2026-08-31T15:00:00Z,2026-08-31T17:00:00+0200,-0.34,EUR/MWh,ES,ES,imbalance_price,Long,2026-09-07T08:26:35Z
2026-09-07T08:23:09Z,2026-09-07T10:23:09+0200,bcd3f249-d332-480a-95cf-6311f6ef2f92,2026-08-31T15:00:00Z,2026-08-31T17:00:00+0200,44.96,EUR/MWh,ES,ES,imbalance_price,Short,2026-09-07T08:26:35Z
2026-09-07T08:23:09Z,2026-09-07T10:23:09+0200,bcd3f249-d332-480a-95cf-6311f6ef2f92,2026-08-31T15:15:00Z,2026-08-31T17:15:00+0200,1.19,EUR/MWh,ES,ES,imbalance_price,Long,2026-09-07T08:26:35Z
2026-09-07T08:23:09Z,2026-09-07T10:23:09+0200,bcd3f249-d332-480a-95cf-6311f6ef2f92,2026-08-31T15:15:00Z,2026-08-31T17:15:00+0200,30.17,EUR/MWh,ES,ES,imbalance_price,Short,2026-09-07T08:26:35Z
2026-09-07T08:23:09Z,2026-09-07T10:23:09+0200,bcd3f249-d332-480a-95cf-6311f6ef2f92,2026-08-31T15:30:00Z,2026-08-31T17:30:00+0200,1.23,EUR/MWh,ES,ES,imbalance_price,Long,2026-09-07T08:26:35Z
2026-09-07T08:23:09Z,2026-09-07T10:23:09+0200,bcd3f249-d332-480a-95cf-6311f6ef2f92,2026-08-31T15:30:00Z,2026-08-31T17:30:00+0200,45.74,EUR/MWh,ES,ES,imbalance_price,Short,2026-09-07T08:26:35Z
2026-09-07T08:23:09Z,2026-09-07T10:23:09+0200,bcd3f249-d332-480a-95cf-6311f6ef2f92,2026-08-31T15:45:00Z,2026-08-31T17:45:00+0200,-0.03,EUR/MWh,ES,ES,imbalance_price,Long,2026-09-07T08:26:35Z
2026-09-07T08:23:09Z,2026-09-07T10:23:09+0200,bcd3f249-d332-480a-95cf-6311f6ef2f92,2026-08-31T15:45:00Z,2026-08-31T17:45:00+0200,33.79,EUR/MWh,ES,ES,imbalance_price,Short,2026-09-07T08:26:35Z
2026-09-07T08:23:09Z,2026-09-07T10:23:09+0200,bcd3f249-d332-480a-95cf-6311f6ef2f92,2026-08-31T16:00:00Z,2026-08-31T18:00:00+0200,3.87,EUR/MWh,ES,ES,imbalance_price,Long,2026-09-07T08:26:35Z
2026-09-07T08:23:09Z,2026-09-07T10:23:09+0200,bcd3f249-d332-480a-95cf-6311f6ef2f92,2026-08-31T16:00:00Z,2026-08-31T18:00:00+0200,86.22,EUR/MWh,ES,ES,imbalance_price,Short,2026-09-07T08:26:35Z
2026-09-07T08:23:09Z,2026-09-07T10:23:09+0200,bcd3f249-d332-480a-95cf-6311f6ef2f92,2026-08-31T16:15:00Z,2026-08-31T18:15:00+0200,0.63,EUR/MWh,ES,ES,imbalance_price,Long,2026-09-07T08:26:35Z
2026-09-07T08:23:09Z,2026-09-07T10:23:09+0200,bcd3f249-d332-480a-95cf-6311f6ef2f92,2026-08-31T16:15:00Z,2026-08-31T18:15:00+0200,126.25,EUR/MWh,ES,ES,imbalance_price,Short,2026-09-07T08:26:35Z
2026-09-07T08:23:09Z,2026-09-07T10:23:09+0200,bcd3f249-d332-480a-95cf-6311f6ef2f92,2026-08-31T16:30:00Z,2026-08-31T18:30:00+0200,0.36,EUR/MWh,ES,ES,imbalance_price,Long,2026-09-07T08:26:35Z
2026-09-07T08:23:09Z,2026-09-07T10:23:09+0200,bcd3f249-d332-480a-95cf-6311f6ef2f92,2026-08-31T16:30:00Z,2026-08-31T18:30:00+0200,119.34,EUR/MWh,ES,ES,imbalance_price,Short,2026-09-07T08:26:35Z
2026-09-07T08:23:09Z,2026-09-07T10:23:09+0200,bcd3f249-d332-480a-95cf-6311f6ef2f92,2026-08-31T16:45:00Z,2026-08-31T18:45:00+0200,60.77,EUR/MWh,ES,ES,imbalance_price,Long,2026-09-07T08:26:35Z
2026-09-07T08:23:09Z,2026-09-07T10:23:09+0200,bcd3f249-d332-480a-95cf-6311f6ef2f92,2026-08-31T16:45:00Z,2026-08-31T18:45:00+0200,168.55,EUR/MWh,ES,ES,imbalance_price,Short,2026-09-07T08:26:35Z
2026-09-07T08:23:09Z,2026-09-07T10:23:09+0200,bcd3f249-d332-480a-95cf-6311f6ef2f92,2026-08-31T17:00:00Z,2026-08-31T19:00:00+0200,68.28,EUR/MWh,ES,ES,imbalance_price,Long,2026-09-07T08:26:35Z
2026-09-07T08:23:09Z,2026-09-07T10:23:09+0200,bcd3f249-d332-480a-95cf-6311f6ef2f92,2026-08-31T17:00:00Z,2026-08-31T19:00:00+0200,160.27,EUR/MWh,ES,ES,imbalance_price,Short,2026-09-07T08:26:35Z
2026-09-07T08:23:09Z,2026-09-07T10:23:09+0200,bcd3f249-d332-480a-95cf-6311f6ef2f92,2026-08-31T17:15:00Z,2026-08-31T19:15:00+0200,111.68,EUR/MWh,ES,ES,imbalance_price,Long,2026-09-07T08:26:35Z
2026-09-07T08:23:09Z,2026-09-07T10:23:09+0200,bcd3f249-d332-480a-95cf-6311f6ef2f92,2026-08-31T17:15:00Z,2026-08-31T19:15:00+0200,181.85,EUR/MWh,ES,ES,imbalance_price,Short,2026-09-07T08:26:35Z
2026-09-07T08:23:09Z,2026-09-07T10:23:09+0200,bcd3f249-d332-480a-95cf-6311f6ef2f92,2026-08-31T17:30:00Z,2026-08-31T19:30:00+0200,141.41,EUR/MWh,ES,ES,imbalance_price,Long,2026-09-07T08:26:35Z
2026-09-07T08:23:09Z,2026-09-07T10:23:09+0200,bcd3f249-d332-480a-95cf-6311f6ef2f92,2026-08-31T17:30:00Z,2026-08-31T19:30:00+0200,198.42,EUR/MWh,ES,ES,imbalance_price,Short,2026-09-07T08:26:35Z
2026-09-07T08:23:09Z,2026-09-07T10:23:09+0200,bcd3f249-d332-480a-95cf-6311f6ef2f92,2026-08-31T17:45:00Z,2026-08-31T19:45:00+0200,186.92,EUR/MWh,ES,ES,imbalance_price,Long,2026-09-07T08:26:35Z
2026-09-07T08:23:09Z,2026-09-07T10:23:09+0200,bcd3f249-d332-480a-95cf-6311f6ef2f92,2026-08-31T17:45:00Z,2026-08-31T19:45:00+0200,202.25,EUR/MWh,ES,ES,imbalance_price,Short,2026-09-07T08:26:35Z
2026-09-07T08:23:09Z,2026-09-07T10:23:09+0200,bcd3f249-d332-480a-95cf-6311f6ef2f92,2026-08-31T18:00:00Z,2026-08-31T20:00:00+0200,188.66,EUR/MWh,ES,ES,imbalance_price,Long,2026-09-07T08:26:35Z
2026-09-07T08:23:09Z,2026-09-07T10:23:09+0200,bcd3f249-d332-480a-95cf-6311f6ef2f92,2026-08-31T18:00:00Z,2026-08-31T20:00:00+0200,188.66,EUR/MWh,ES,ES,imbalance_price,Short,2026-09-07T08:26:35Z
2026-09-07T08:23:09Z,2026-09-07T10:23:09+0200,bcd3f249-d332-480a-95cf-6311f6ef2f92,2026-08-31T18:15:00Z,2026-08-31T20:15:00+0200,239.22,EUR/MWh,ES,ES,imbalance_price,Long,2026-09-07T08:26:35Z
2026-09-07T08:23:09Z,2026-09-07T10:23:09+0200,bcd3f249-d332-480a-95cf-6311f6ef2f92,2026-08-31T18:15:00Z,2026-08-31T20:15:00+0200,239.22,EUR/MWh,ES,ES,imbalance_price,Short,2026-09-07T08:26:35Z
2026-09-07T08:23:09Z,2026-09-07T10:23:09+0200,bcd3f249-d332-480a-95cf-6311f6ef2f92,2026-08-31T18:30:00Z,2026-08-31T20:30:00+0200,237.28,EUR/MWh,ES,ES,imbalance_price,Long,2026-09-07T08:26:35Z
2026-09-07T08:23:09Z,2026-09-07T10:23:09+0200,bcd3f249-d332-480a-95cf-6311f6ef2f92,2026-08-31T18:30:00Z,2026-08-31T20:30:00+0200,237.28,EUR/MWh,ES,ES,imbalance_price,Short,2026-09-07T08:26:35Z
2026-09-07T08:23:09Z,2026-09-07T10:23:09+0200,bcd3f249-d332-480a-95cf-6311f6ef2f92,2026-08-31T18:45:00Z,2026-08-31T20:45:00+0200,182.56,EUR/MWh,ES,ES,imbalance_price,Long,2026-09-07T08:26:35Z
2026-09-07T08:23:09Z,2026-09-07T10:23:09+0200,bcd3f249-d332-480a-95cf-6311f6ef2f92,2026-08-31T18:45:00Z,2026-08-31T20:45:00+0200,244.96,EUR/MWh,ES,ES,imbalance_price,Short,2026-09-07T08:26:35Z
2026-09-07T08:23:09Z,2026-09-07T10:23:09+0200,bcd3f249-d332-480a-95cf-6311f6ef2f92,2026-08-31T19:00:00Z,2026-08-31T21:00:00+0200,154.08,EUR/MWh,ES,ES,imbalance_price,Long,2026-09-07T08:26:35Z
2026-09-07T08:23:09Z,2026-09-07T10:23:09+0200,bcd3f249-d332-480a-95cf-6311f6ef2f92,2026-08-31T19:00:00Z,2026-08-31T21:00:00+0200,215.94,EUR/MWh,ES,ES,imbalance_price,Short,2026-09-07T08:26:35Z
2026-09-07T08:23:09Z,2026-09-07T10:23:09+0200,bcd3f249-d332-480a-95cf-6311f6ef2f92,2026-08-31T19:15:00Z,2026-08-31T21:15:00+0200,147.34,EUR/MWh,ES,ES,imbalance_price,Long,2026-09-07T08:26:35Z
2026-09-07T08:23:09Z,2026-09-07T10:23:09+0200,bcd3f249-d332-480a-95cf-6311f6ef2f92,2026-08-31T19:15:00Z,2026-08-31T21:15:00+0200,214.96,EUR/MWh,ES,ES,imbalance_price,Short,2026-09-07T08:26:35Z
2026-09-07T08:23:09Z,2026-09-07T10:23:09+0200,bcd3f249-d332-480a-95cf-6311f6ef2f92,2026-08-31T19:30:00Z,2026-08-31T21:30:00+0200,143.17,EUR/MWh,ES,ES,imbalance_price,Long,2026-09-07T08:26:35Z
2026-09-07T08:23:09Z,2026-09-07T10:23:09+0200,bcd3f249-d332-480a-95cf-6311f6ef2f92,2026-08-31T19:30:00Z,2026-08-31T21:30:00+0200,208.74,EUR/MWh,ES,ES,imbalance_price,Short,2026-09-07T08:26:35Z
2026-09-07T08:23:09Z,2026-09-07T10:23:09+0200,bcd3f249-d332-480a-95cf-6311f6ef2f92,2026-08-31T19:45:00Z,2026-08-31T21:45:00+0200,147.37,EUR/MWh,ES,ES,imbalance_price,Long,2026-09-07T08:26:35Z
2026-09-07T08:23:09Z,2026-09-07T10:23:09+0200,bcd3f249-d332-480a-95cf-6311f6ef2f92,2026-08-31T19:45:00Z,2026-08-31T21:45:00+0200,187.77,EUR/MWh,ES,ES,imbalance_price,Short,2026-09-07T08:26:35Z
2026-09-07T08:23:09Z,2026-09-07T10:23:09+0200,bcd3f249-d332-480a-95cf-6311f6ef2f92,2026-08-31T20:00:00Z,2026-08-31T22:00:00+0200,133.19,EUR/MWh,ES,ES,imbalance_price,Long,2026-09-07T08:26:35Z
2026-09-07T08:23:09Z,2026-09-07T10:23:09+0200,bcd3f249-d332-480a-95cf-6311f6ef2f92,2026-08-31T20:00:00Z,2026-08-31T22:00:00+0200,180.49,EUR/MWh,ES,ES,imbalance_price,Short,2026-09-07T08:26:35Z
2026-09-07T08:23:09Z,2026-09-07T10:23:09+0200,bcd3f249-d332-480a-95cf-6311f6ef2f92,2026-08-31T20:15:00Z,2026-08-31T22:15:00+0200,169.29,EUR/MWh,ES,ES,imbalance_price,Long,2026-09-07T08:26:35Z
2026-09-07T08:23:09Z,2026-09-07T10:23:09+0200,bcd3f249-d332-480a-95cf-6311f6ef2f92,2026-08-31T20:15:00Z,2026-08-31T22:15:00+0200,171.76,EUR/MWh,ES,ES,imbalance_price,Short,2026-09-07T08:26:35Z
2026-09-07T08:23:09Z,2026-09-07T10:23:09+0200,bcd3f249-d332-480a-95cf-6311f6ef2f92,2026-08-31T20:30:00Z,2026-08-31T22:30:00+0200,174.38,EUR/MWh,ES,ES,imbalance_price,Long,2026-09-07T08:26:35Z
2026-09-07T08:23:09Z,2026-09-07T10:23:09+0200,bcd3f249-d332-480a-95cf-6311f6ef2f92,2026-08-31T20:30:00Z,2026-08-31T22:30:00+0200,168.01,EUR/MWh,ES,ES,imbalance_price,Short,2026-09-07T08:26:35Z
2026-09-07T08:23:09Z,2026-09-07T10:23:09+0200,bcd3f249-d332-480a-95cf-6311f6ef2f92,2026-08-31T20:45:00Z,2026-08-31T22:45:00+0200,116.2,EUR/MWh,ES,ES,imbalance_price,Long,2026-09-07T08:26:35Z
2026-09-07T08:23:09Z,2026-09-07T10:23:09+0200,bcd3f249-d332-480a-95cf-6311f6ef2f92,2026-08-31T20:45:00Z,2026-08-31T22:45:00+0200,174.45,EUR/MWh,ES,ES,imbalance_price,Short,2026-09-07T08:26:35Z
2026-09-07T08:23:09Z,2026-09-07T10:23:09+0200,bcd3f249-d332-480a-95cf-6311f6ef2f92,2026-08-31T21:00:00Z,2026-08-31T23:00:00+0200,139.74,EUR/MWh,ES,ES,imbalance_price,Long,2026-09-07T08:26:35Z
2026-09-07T08:23:09Z,2026-09-07T10:23:09+0200,bcd3f249-d332-480a-95cf-6311f6ef2f92,2026-08-31T21:00:00Z,2026-08-31T23:00:00+0200,174.05,EUR/MWh,ES,ES,imbalance_price,Short,2026-09-07T08:26:35Z
2026-09-07T08:23:09Z,2026-09-07T10:23:09+0200,bcd3f249-d332-480a-95cf-6311f6ef2f92,2026-08-31T21:15:00Z,2026-08-31T23:15:00+0200,144.28,EUR/MWh,ES,ES,imbalance_price,Long,2026-09-07T08:26:35Z
2026-09-07T08:23:09Z,2026-09-07T10:23:09+0200,bcd3f249-d332-480a-95cf-6311f6ef2f92,2026-08-31T21:15:00Z,2026-08-31T23:15:00+0200,165.31,EUR/MWh,ES,ES,imbalance_price,Short,2026-09-07T08:26:35Z
2026-09-07T08:23:09Z,2026-09-07T10:23:09+0200,bcd3f249-d332-480a-95cf-6311f6ef2f92,2026-08-31T21:30:00Z,2026-08-31T23:30:00+0200,129.91,EUR/MWh,ES,ES,imbalance_price,Long,2026-09-07T08:26:35Z
2026-09-07T08:23:09Z,2026-09-07T10:23:09+0200,bcd3f249-d332-480a-95cf-6311f6ef2f92,2026-08-31T21:30:00Z,2026-08-31T23:30:00+0200,161.16,EUR/MWh,ES,ES,imbalance_price,Short,2026-09-07T08:26:35Z
2026-09-07T08:23:09Z,2026-09-07T10:23:09+0200,bcd3f249-d332-480a-95cf-6311f6ef2f92,2026-08-31T21:45:00Z,2026-08-31T23:45:00+0200,130.97,EUR/MWh,ES,ES,imbalance_price,Long,2026-09-07T08:26:35Z
2026-09-07T08:23:09Z,2026-09-07T10:23:09+0200,bcd3f249-d332-480a-95cf-6311f6ef2f92,2026-08-31T21:45:00Z,2026-08-31T23:45:00+0200,160.06,EUR/MWh,ES,ES,imbalance_price,Short,2026-09-07T08:26:35Z
2026-09-07T08:23:09Z,2026-09-07T10:23:09+0200,bcd3f249-d332-480a-95cf-6311f6ef2f92,2026-08-31T22:00:00Z,2026-09-01T00:00:00+0200,136.57,EUR/MWh,ES,ES,imbalance_price,Long,2026-09-07T08:26:35Z
2026-09-07T08:23:09Z,2026-09-07T10:23:09+0200,bcd3f249-d332-480a-95cf-6311f6ef2f92,2026-08-31T22:00:00Z,2026-09-01T00:00:00+0200,206.15,EUR/MWh,ES,ES,imbalance_price,Short,2026-09-07T08:26:35Z
2026-09-07T08:23:09Z,2026-09-07T10:23:09+0200,bcd3f249-d332-480a-95cf-6311f6ef2f92,2026-08-31T22:15:00Z,2026-09-01T00:15:00+0200,106.58,EUR/MWh,ES,ES,imbalance_price,Long,2026-09-07T08:26:35Z
2026-09-07T08:23:09Z,2026-09-07T10:23:09+0200,bcd3f249-d332-480a-95cf-6311f6ef2f92,2026-08-31T22:15:00Z,2026-09-01T00:15:00+0200,219.23,EUR/MWh,ES,ES,imbalance_price,Short,2026-09-07T08:26:35Z
2026-09-07T08:23:09Z,2026-09-07T10:23:09+0200,bcd3f249-d332-480a-95cf-6311f6ef2f92,2026-08-31T22:30:00Z,2026-09-01T00:30:00+0200,128.34,EUR/MWh,ES,ES,imbalance_price,Long,2026-09-07T08:26:35Z
2026-09-07T08:23:09Z,2026-09-07T10:23:09+0200,bcd3f249-d332-480a-95cf-6311f6ef2f92,2026-08-31T22:30:00Z,2026-09-01T00:30:00+0200,228.13,EUR/MWh,ES,ES,imbalance_price,Short,2026-09-07T08:26:35Z
2026-09-07T08:23:09Z,2026-09-07T10:23:09+0200,bcd3f249-d332-480a-95cf-6311f6ef2f92,2026-08-31T22:45:00Z,2026-09-01T00:45:00+0200,133.32,EUR/MWh,ES,ES,imbalance_price,Long,2026-09-07T08:26:35Z
2026-09-07T08:23:09Z,2026-09-07T10:23:09+0200,bcd3f249-d332-480a-95cf-6311f6ef2f92,2026-08-31T22:45:00Z,2026-09-01T00:45:00+0200,156.97,EUR/MWh,ES,ES,imbalance_price,Short,2026-09-07T08:26:35Z
2026-09-07T08:23:09Z,2026-09-07T10:23:09+0200,bcd3f249-d332-480a-95cf-6311f6ef2f92,2026-08-31T23:00:00Z,2026-09-01T01:00:00+0200,0.0,EUR/MWh,ES,ES,imbalance_price,Long,2026-09-07T08:26:35Z
2026-09-07T08:23:09Z,2026-09-07T10:23:09+0200,bcd3f249-d332-480a-95cf-6311f6ef2f92,2026-08-31T23:00:00Z,2026-09-01T01:00:00+0200,183.42,EUR/MWh,ES,ES,imbalance_price,Short,2026-09-07T08:26:35Z
2026-09-07T08:23:09Z,2026-09-07T10:23:09+0200,bcd3f249-d332-480a-95cf-6311f6ef2f92,2026-08-31T23:15:00Z,2026-09-01T01:15:00+0200,137.24,EUR/MWh,ES,ES,imbalance_price,Long,2026-09-07T08:26:35Z
2026-09-07T08:23:09Z,2026-09-07T10:23:09+0200,bcd3f249-d332-480a-95cf-6311f6ef2f92,2026-08-31T23:15:00Z,2026-09-01T01:15:00+0200,157.52,EUR/MWh,ES,ES,imbalance_price,Short,2026-09-07T08:26:35Z
2026-09-07T08:23:09Z,2026-09-07T10:23:09+0200,bcd3f249-d332-480a-95cf-6311f6ef2f92,2026-08-31T23:30:00Z,2026-09-01T01:30:00+0200,95.35,EUR/MWh,ES,ES,imbalance_price,Long,2026-09-07T08:26:35Z
2026-09-07T08:23:09Z,2026-09-07T10:23:09+0200,bcd3f249-d332-480a-95cf-6311f6ef2f92,2026-08-31T23:30:00Z,2026-09-01T01:30:00+0200,159.25,EUR/MWh,ES,ES,imbalance_price,Short,2026-09-07T08:26:35Z
2026-09-07T08:23:09Z,2026-09-07T10:23:09+0200,bcd3f249-d332-480a-95cf-6311f6ef2f92,2026-08-31T23:45:00Z,2026-09-01T01:45:00+0200,137.23,EUR/MWh,ES,ES,imbalance_price,Long,2026-09-07T08:26:35Z
2026-09-07T08:23:09Z,2026-09-07T10:23:09+0200,bcd3f249-d332-480a-95cf-6311f6ef2f92,2026-08-31T23:45:00Z,2026-09-01T01:45:00+0200,158.17,EUR/MWh,ES,ES,imbalance_price,Short,2026-09-07T08:26:35Z
2026-09-07T08:23:09Z,2026-09-07T10:23:09+0200,bcd3f249-d332-480a-95cf-6311f6ef2f92,2026-09-01T00:00:00Z,2026-09-01T02:00:00+0200,55.63,EUR/MWh,ES,ES,imbalance_price,Long,2026-09-07T08:26:35Z
2026-09-07T08:23:09Z,2026-09-07T10:23:09+0200,bcd3f249-d332-480a-95cf-6311f6ef2f92,2026-09-01T00:00:00Z,2026-09-01T02:00:00+0200,167.14,EUR/MWh,ES,ES,imbalance_price,Short,2026-09-07T08:26:35Z
2026-09-07T08:23:09Z,2026-09-07T10:23:09+0200,bcd3f249-d332-480a-95cf-6311f6ef2f92,2026-09-01T00:15:00Z,2026-09-01T02:15:00+0200,119.8,EUR/MWh,ES,ES,imbalance_price,Long,2026-09-07T08:26:35Z
2026-09-07T08:23:09Z,2026-09-07T10:23:09+0200,bcd3f249-d332-480a-95cf-6311f6ef2f92,2026-09-01T00:15:00Z,2026-09-01T02:15:00+0200,160.77,EUR/MWh,ES,ES,imbalance_price,Short,2026-09-07T08:26:35Z
2026-09-07T08:23:09Z,2026-09-07T10:23:09+0200,bcd3f249-d332-480a-95cf-6311f6ef2f92,2026-09-01T00:30:00Z,2026-09-01T02:30:00+0200,127.24,EUR/MWh,ES,ES,imbalance_price,Long,2026-09-07T08:26:35Z
2026-09-07T08:23:09Z,2026-09-07T10:23:09+0200,bcd3f249-d332-480a-95cf-6311f6ef2f92,2026-09-01T00:30:00Z,2026-09-01T02:30:00+0200,157.97,EUR/MWh,ES,ES,imbalance_price,Short,2026-09-07T08:26:35Z
2026-09-07T08:23:09Z,2026-09-07T10:23:09+0200,bcd3f249-d332-480a-95cf-6311f6ef2f92,2026-09-01T00:45:00Z,2026-09-01T02:45:00+0200,27.7,EUR/MWh,ES,ES,imbalance_price,Long,2026-09-07T08:26:35Z
2026-09-07T08:23:09Z,2026-09-07T10:23:09+0200,bcd3f249-d332-480a-95cf-6311f6ef2f92,2026-09-01T00:45:00Z,2026-09-01T02:45:00+0200,162.2,EUR/MWh,ES,ES,imbalance_price,Short,2026-09-07T08:26:35Z
2026-09-07T08:23:09Z,2026-09-07T10:23:09+0200,bcd3f249-d332-480a-95cf-6311f6ef2f92,2026-09-01T01:00:00Z,2026-09-01T03:00:00+0200,79.52,EUR/MWh,ES,ES,imbalance_price,Long,2026-09-07T08:26:35Z
2026-09-07T08:23:09Z,2026-09-07T10:23:09+0200,bcd3f249-d332-480a-95cf-6311f6ef2f92,2026-09-01T01:00:00Z,2026-09-01T03:00:00+0200,174.08,EUR/MWh,ES,ES,imbalance_price,Short,2026-09-07T08:26:35Z
2026-09-07T08:23:09Z,2026-09-07T10:23:09+0200,bcd3f249-d332-480a-95cf-6311f6ef2f92,2026-09-01T01:15:00Z,2026-09-01T03:15:00+0200,114.05,EUR/MWh,ES,ES,imbalance_price,Long,2026-09-07T08:26:35Z
2026-09-07T08:23:09Z,2026-09-07T10:23:09+0200,bcd3f249-d332-480a-95cf-6311f6ef2f92,2026-09-01T01:15:00Z,2026-09-01T03:15:00+0200,184.31,EUR/MWh,ES,ES,imbalance_price,Short,2026-09-07T08:26:35Z
2026-09-07T08:23:09Z,2026-09-07T10:23:09+0200,bcd3f249-d332-480a-95cf-6311f6ef2f92,2026-09-01T01:30:00Z,2026-09-01T03:30:00+0200,137.76,EUR/MWh,ES,ES,imbalance_price,Long,2026-09-07T08:26:35Z
2026-09-07T08:23:09Z,2026-09-07T10:23:09+0200,bcd3f249-d332-480a-95cf-6311f6ef2f92,2026-09-01T01:30:00Z,2026-09-01T03:30:00+0200,149.17,EUR/MWh,ES,ES,imbalance_price,Short,2026-09-07T08:26:35Z
2026-09-07T08:23:09Z,2026-09-07T10:23:09+0200,bcd3f249-d332-480a-95cf-6311f6ef2f92,2026-09-01T01:45:00Z,2026-09-01T03:45:00+0200,129.24,EUR/MWh,ES,ES,imbalance_price,Long,2026-09-07T08:26:35Z
2026-09-07T08:23:09Z,2026-09-07T10:23:09+0200,bcd3f249-d332-480a-95cf-6311f6ef2f92,2026-09-01T01:45:00Z,2026-09-01T03:45:00+0200,150.19,EUR/MWh,ES,ES,imbalance_price,Short,2026-09-07T08:26:35Z
2026-09-07T08:23:09Z,2026-09-07T10:23:09+0200,bcd3f249-d332-480a-95cf-6311f6ef2f92,2026-09-01T02:00:00Z,2026-09-01T04:00:00+0200,121.51,EUR/MWh,ES,ES,imbalance_price,Long,2026-09-07T08:26:35Z
2026-09-07T08:23:09Z,2026-09-07T10:23:09+0200,bcd3f249-d332-480a-95cf-6311f6ef2f92,2026-09-01T02:00:00Z,2026-09-01T04:00:00+0200,190.58,EUR/MWh,ES,ES,imbalance_price,Short,2026-09-07T08:26:35Z
2026-09-07T08:23:09Z,2026-09-07T10:23:09+0200,bcd3f249-d332-480a-95cf-6311f6ef2f92,2026-09-01T02:15:00Z,2026-09-01T04:15:00+0200,120.74,EUR/MWh,ES,ES,imbalance_price,Long,2026-09-07T08:26:35Z
2026-09-07T08:23:09Z,2026-09-07T10:23:09+0200,bcd3f249-d332-480a-95cf-6311f6ef2f92,2026-09-01T02:15:00Z,2026-09-01T04:15:00+0200,184.69,EUR/MWh,ES,ES,imbalance_price,Short,2026-09-07T08:26:35Z
2026-09-07T08:23:09Z,2026-09-07T10:23:09+0200,bcd3f249-d332-480a-95cf-6311f6ef2f92,2026-09-01T02:30:00Z,2026-09-01T04:30:00+0200,120.68,EUR/MWh,ES,ES,imbalance_price,Long,2026-09-07T08:26:35Z
2026-09-07T08:23:09Z,2026-09-07T10:23:09+0200,bcd3f249-d332-480a-95cf-6311f6ef2f92,2026-09-01T02:30:00Z,2026-09-01T04:30:00+0200,190.58,EUR/MWh,ES,ES,imbalance_price,Short,2026-09-07T08:26:35Z
2026-09-07T08:23:09Z,2026-09-07T10:23:09+0200,bcd3f249-d332-480a-95cf-6311f6ef2f92,2026-09-01T02:45:00Z,2026-09-01T04:45:00+0200,121.23,EUR/MWh,ES,ES,imbalance_price,Long,2026-09-07T08:26:35Z
2026-09-07T08:23:09Z,2026-09-07T10:23:09+0200,bcd3f249-d332-480a-95cf-6311f6ef2f92,2026-09-01T02:45:00Z,2026-09-01T04:45:00+0200,185.84,EUR/MWh,ES,ES,imbalance_price,Short,2026-09-07T08:26:35Z
2026-09-07T08:23:09Z,2026-09-07T10:23:09+0200,bcd3f249-d332-480a-95cf-6311f6ef2f92,2026-09-01T03:00:00Z,2026-09-01T05:00:00+0200,102.15,EUR/MWh,ES,ES,imbalance_price,Long,2026-09-07T08:26:35Z
2026-09-07T08:23:09Z,2026-09-07T10:23:09+0200,bcd3f249-d332-480a-95cf-6311f6ef2f92,2026-09-01T03:00:00Z,2026-09-01T05:00:00+0200,196.28,EUR/MWh,ES,ES,imbalance_price,Short,2026-09-07T08:26:35Z
2026-09-07T08:23:09Z,2026-09-07T10:23:09+0200,bcd3f249-d332-480a-95cf-6311f6ef2f92,2026-09-01T03:15:00Z,2026-09-01T05:15:00+0200,83.19,EUR/MWh,ES,ES,imbalance_price,Long,2026-09-07T08:26:35Z
2026-09-07T08:23:09Z,2026-09-07T10:23:09+0200,bcd3f249-d332-480a-95cf-6311f6ef2f92,2026-09-01T03:15:00Z,2026-09-01T05:15:00+0200,274.72,EUR/MWh,ES,ES,imbalance_price,Short,2026-09-07T08:26:35Z
2026-09-07T08:23:09Z,2026-09-07T10:23:09+0200,bcd3f249-d332-480a-95cf-6311f6ef2f92,2026-09-01T03:30:00Z,2026-09-01T05:30:00+0200,128.38,EUR/MWh,ES,ES,imbalance_price,Long,2026-09-07T08:26:35Z
2026-09-07T08:23:09Z,2026-09-07T10:23:09+0200,bcd3f249-d332-480a-95cf-6311f6ef2f92,2026-09-01T03:30:00Z,2026-09-01T05:30:00+0200,367.8,EUR/MWh,ES,ES,imbalance_price,Short,2026-09-07T08:26:35Z
2026-09-07T08:23:09Z,2026-09-07T10:23:09+0200,bcd3f249-d332-480a-95cf-6311f6ef2f92,2026-09-01T03:45:00Z,2026-09-01T05:45:00+0200,119.46,EUR/MWh,ES,ES,imbalance_price,Long,2026-09-07T08:26:35Z
2026-09-07T08:23:09Z,2026-09-07T10:23:09+0200,bcd3f249-d332-480a-95cf-6311f6ef2f92,2026-09-01T03:45:00Z,2026-09-01T05:45:00+0200,134.07,EUR/MWh,ES,ES,imbalance_price,Short,2026-09-07T08:26:35Z
2026-09-07T08:23:09Z,2026-09-07T10:23:09+0200,bcd3f249-d332-480a-95cf-6311f6ef2f92,2026-09-01T04:00:00Z,2026-09-01T06:00:00+0200,130.04,EUR/MWh,ES,ES,imbalance_price,Long,2026-09-07T08:26:35Z
2026-09-07T08:23:09Z,2026-09-07T10:23:09+0200,bcd3f249-d332-480a-95cf-6311f6ef2f92,2026-09-01T04:00:00Z,2026-09-01T06:00:00+0200,207.16,EUR/MWh,ES,ES,imbalance_price,Short,2026-09-07T08:26:35Z
2026-09-07T08:23:09Z,2026-09-07T10:23:09+0200,bcd3f249-d332-480a-95cf-6311f6ef2f92,2026-09-01T04:15:00Z,2026-09-01T06:15:00+0200,137.35,EUR/MWh,ES,ES,imbalance_price,Long,2026-09-07T08:26:35Z
2026-09-07T08:23:09Z,2026-09-07T10:23:09+0200,bcd3f249-d332-480a-95cf-6311f6ef2f92,2026-09-01T04:15:00Z,2026-09-01T06:15:00+0200,200.99,EUR/MWh,ES,ES,imbalance_price,Short,2026-09-07T08:26:35Z
2026-09-07T08:23:09Z,2026-09-07T10:23:09+0200,bcd3f249-d332-480a-95cf-6311f6ef2f92,2026-09-01T04:30:00Z,2026-09-01T06:30:00+0200,146.19,EUR/MWh,ES,ES,imbalance_price,Long,2026-09-07T08:26:35Z
2026-09-07T08:23:09Z,2026-09-07T10:23:09+0200,bcd3f249-d332-480a-95cf-6311f6ef2f92,2026-09-01T04:30:00Z,2026-09-01T06:30:00+0200,160.82,EUR/MWh,ES,ES,imbalance_price,Short,2026-09-07T08:26:35Z
2026-09-07T08:23:09Z,2026-09-07T10:23:09+0200,bcd3f249-d332-480a-95cf-6311f6ef2f92,2026-09-01T04:45:00Z,2026-09-01T06:45:00+0200,59.21,EUR/MWh,ES,ES,imbalance_price,Long,2026-09-07T08:26:35Z
2026-09-07T08:23:09Z,2026-09-07T10:23:09+0200,bcd3f249-d332-480a-95cf-6311f6ef2f92,2026-09-01T04:45:00Z,2026-09-01T06:45:00+0200,159.58,EUR/MWh,ES,ES,imbalance_price,Short,2026-09-07T08:26:35Z
2026-09-07T08:23:09Z,2026-09-07T10:23:09+0200,bcd3f249-d332-480a-95cf-6311f6ef2f92,2026-09-01T05:00:00Z,2026-09-01T07:00:00+0200,137.43,EUR/MWh,ES,ES,imbalance_price,Long,2026-09-07T08:26:35Z
2026-09-07T08:23:09Z,2026-09-07T10:23:09+0200,bcd3f249-d332-480a-95cf-6311f6ef2f92,2026-09-01T05:00:00Z,2026-09-01T07:00:00+0200,159.52,EUR/MWh,ES,ES,imbalance_price,Short,2026-09-07T08:26:35Z
2026-09-07T08:23:09Z,2026-09-07T10:23:09+0200,bcd3f249-d332-480a-95cf-6311f6ef2f92,2026-09-01T05:15:00Z,2026-09-01T07:15:00+0200,80.72,EUR/MWh,ES,ES,imbalance_price,Long,2026-09-07T08:26:35Z
2026-09-07T08:23:09Z,2026-09-07T10:23:09+0200,bcd3f249-d332-480a-95cf-6311f6ef2f92,2026-09-01T05:15:00Z,2026-09-01T07:15:00+0200,160.29,EUR/MWh,ES,ES,imbalance_price,Short,2026-09-07T08:26:35Z
2026-09-07T08:23:09Z,2026-09-07T10:23:09+0200,bcd3f249-d332-480a-95cf-6311f6ef2f92,2026-09-01T05:30:00Z,2026-09-01T07:30:00+0200,153.88,EUR/MWh,ES,ES,imbalance_price,Long,2026-09-07T08:26:35Z
2026-09-07T08:23:09Z,2026-09-07T10:23:09+0200,bcd3f249-d332-480a-95cf-6311f6ef2f92,2026-09-01T05:30:00Z,2026-09-01T07:30:00+0200,159.12,EUR/MWh,ES,ES,imbalance_price,Short,2026-09-07T08:26:35Z
2026-09-07T08:23:09Z,2026-09-07T10:23:09+0200,bcd3f249-d332-480a-95cf-6311f6ef2f92,2026-09-01T05:45:00Z,2026-09-01T07:45:00+0200,144.17,EUR/MWh,ES,ES,imbalance_price,Long,2026-09-07T08:26:35Z
2026-09-07T08:23:09Z,2026-09-07T10:23:09+0200,bcd3f249-d332-480a-95cf-6311f6ef2f92,2026-09-01T05:45:00Z,2026-09-01T07:45:00+0200,167.91,EUR/MWh,ES,ES,imbalance_price,Short,2026-09-07T08:26:35Z
2026-09-07T08:23:09Z,2026-09-07T10:23:09+0200,bcd3f249-d332-480a-95cf-6311f6ef2f92,2026-09-01T06:00:00Z,2026-09-01T08:00:00+0200,149.65,EUR/MWh,ES,ES,imbalance_price,Long,2026-09-07T08:26:35Z
2026-09-07T08:23:09Z,2026-09-07T10:23:09+0200,bcd3f249-d332-480a-95cf-6311f6ef2f92,2026-09-01T06:00:00Z,2026-09-01T08:00:00+0200,158.71,EUR/MWh,ES,ES,imbalance_price,Short,2026-09-07T08:26:35Z
2026-09-07T08:23:09Z,2026-09-07T10:23:09+0200,bcd3f249-d332-480a-95cf-6311f6ef2f92,2026-09-01T06:15:00Z,2026-09-01T08:15:00+0200,145.45,EUR/MWh,ES,ES,imbalance_price,Long,2026-09-07T08:26:35Z
2026-09-07T08:23:09Z,2026-09-07T10:23:09+0200,bcd3f249-d332-480a-95cf-6311f6ef2f92,2026-09-01T06:15:00Z,2026-09-01T08:15:00+0200,162.13,EUR/MWh,ES,ES,imbalance_price,Short,2026-09-07T08:26:35Z
2026-09-07T08:23:09Z,2026-09-07T10:23:09+0200,bcd3f249-d332-480a-95cf-6311f6ef2f92,2026-09-01T06:30:00Z,2026-09-01T08:30:00+0200,113.64,EUR/MWh,ES,ES,imbalance_price,Long,2026-09-07T08:26:35Z
2026-09-07T08:23:09Z,2026-09-07T10:23:09+0200,bcd3f249-d332-480a-95cf-6311f6ef2f92,2026-09-01T06:30:00Z,2026-09-01T08:30:00+0200,159.62,EUR/MWh,ES,ES,imbalance_price,Short,2026-09-07T08:26:35Z
2026-09-07T08:23:09Z,2026-09-07T10:23:09+0200,bcd3f249-d332-480a-95cf-6311f6ef2f92,2026-09-01T06:45:00Z,2026-09-01T08:45:00+0200,104.41,EUR/MWh,ES,ES,imbalance_price,Long,2026-09-07T08:26:35Z
2026-09-07T08:23:09Z,2026-09-07T10:23:09+0200,bcd3f249-d332-480a-95cf-6311f6ef2f92,2026-09-01T06:45:00Z,2026-09-01T08:45:00+0200,168.7,EUR/MWh,ES,ES,imbalance_price,Short,2026-09-07T08:26:35Z
2026-09-07T08:23:09Z,2026-09-07T10:23:09+0200,bcd3f249-d332-480a-95cf-6311f6ef2f92,2026-09-01T07:00:00Z,2026-09-01T09:00:00+0200,35.61,EUR/MWh,ES,ES,imbalance_price,Long,2026-09-07T08:26:35Z
2026-09-07T08:23:09Z,2026-09-07T10:23:09+0200,bcd3f249-d332-480a-95cf-6311f6ef2f92,2026-09-01T07:00:00Z,2026-09-01T09:00:00+0200,158.19,EUR/MWh,ES,ES,imbalance_price,Short,2026-09-07T08:26:35Z
2026-09-07T08:23:09Z,2026-09-07T10:23:09+0200,bcd3f249-d332-480a-95cf-6311f6ef2f92,2026-09-01T07:15:00Z,2026-09-01T09:15:00+0200,3.76,EUR/MWh,ES,ES,imbalance_price,Long,2026-09-07T08:26:35Z
2026-09-07T08:23:09Z,2026-09-07T10:23:09+0200,bcd3f249-d332-480a-95cf-6311f6ef2f92,2026-09-01T07:15:00Z,2026-09-01T09:15:00+0200,146.79,EUR/MWh,ES,ES,imbalance_price,Short,2026-09-07T08:26:35Z
2026-09-07T08:23:09Z,2026-09-07T10:23:09+0200,bcd3f249-d332-480a-95cf-6311f6ef2f92,2026-09-01T07:30:00Z,2026-09-01T09:30:00+0200,6.85,EUR/MWh,ES,ES,imbalance_price,Long,2026-09-07T08:26:35Z
2026-09-07T08:23:09Z,2026-09-07T10:23:09+0200,bcd3f249-d332-480a-95cf-6311f6ef2f92,2026-09-01T07:30:00Z,2026-09-01T09:30:00+0200,141.93,EUR/MWh,ES,ES,imbalance_price,Short,2026-09-07T08:26:35Z
2026-09-07T08:23:09Z,2026-09-07T10:23:09+0200,bcd3f249-d332-480a-95cf-6311f6ef2f92,2026-09-01T07:45:00Z,2026-09-01T09:45:00+0200,21.54,EUR/MWh,ES,ES,imbalance_price,Long,2026-09-07T08:26:35Z
2026-09-07T08:23:09Z,2026-09-07T10:23:09+0200,bcd3f249-d332-480a-95cf-6311f6ef2f92,2026-09-01T07:45:00Z,2026-09-01T09:45:00+0200,21.54,EUR/MWh,ES,ES,imbalance_price,Short,2026-09-07T08:26:35Z
2026-09-07T08:23:09Z,2026-09-07T10:23:09+0200,bcd3f249-d332-480a-95cf-6311f6ef2f92,2026-09-01T08:00:00Z,2026-09-01T10:00:00+0200,17.35,EUR/MWh,ES,ES,imbalance_price,Long,2026-09-07T08:26:35Z
2026-09-07T08:23:09Z,2026-09-07T10:23:09+0200,bcd3f249-d332-480a-95cf-6311f6ef2f92,2026-09-01T08:00:00Z,2026-09-01T10:00:00+0200,17.35,EUR/MWh,ES,ES,imbalance_price,Short,2026-09-07T08:26:35Z
2026-09-07T08:23:09Z,2026-09-07T10:23:09+0200,bcd3f249-d332-480a-95cf-6311f6ef2f92,2026-09-01T08:15:00Z,2026-09-01T10:15:00+0200,32.86,EUR/MWh,ES,ES,imbalance_price,Long,2026-09-07T08:26:35Z
2026-09-07T08:23:09Z,2026-09-07T10:23:09+0200,bcd3f249-d332-480a-95cf-6311f6ef2f92,2026-09-01T08:15:00Z,2026-09-01T10:15:00+0200,32.86,EUR/MWh,ES,ES,imbalance_price,Short,2026-09-07T08:26:35Z
2026-09-07T08:23:09Z,2026-09-07T10:23:09+0200,bcd3f249-d332-480a-95cf-6311f6ef2f92,2026-09-01T08:30:00Z,2026-09-01T10:30:00+0200,18.92,EUR/MWh,ES,ES,imbalance_price,Long,2026-09-07T08:26:35Z
2026-09-07T08:23:09Z,2026-09-07T10:23:09+0200,bcd3f249-d332-480a-95cf-6311f6ef2f92,2026-09-01T08:30:00Z,2026-09-01T10:30:00+0200,18.92,EUR/MWh,ES,ES,imbalance_price,Short,2026-09-07T08:26:35Z
2026-09-07T08:23:09Z,2026-09-07T10:23:09+0200,bcd3f249-d332-480a-95cf-6311f6ef2f92,2026-09-01T08:45:00Z,2026-09-01T10:45:00+0200,40.93,EUR/MWh,ES,ES,imbalance_price,Long,2026-09-07T08:26:35Z
2026-09-07T08:23:09Z,2026-09-07T10:23:09+0200,bcd3f249-d332-480a-95cf-6311f6ef2f92,2026-09-01T08:45:00Z,2026-09-01T10:45:00+0200,0.0,EUR/MWh,ES,ES,imbalance_price,Short,2026-09-07T08:26:35Z
2026-09-07T08:23:09Z,2026-09-07T10:23:09+0200,bcd3f249-d332-480a-95cf-6311f6ef2f92,2026-09-01T09:00:00Z,2026-09-01T11:00:00+0200,45.9,EUR/MWh,ES,ES,imbalance_price,Long,2026-09-07T08:26:35Z
2026-09-07T08:23:09Z,2026-09-07T10:23:09+0200,bcd3f249-d332-480a-95cf-6311f6ef2f92,2026-09-01T09:00:00Z,2026-09-01T11:00:00+0200,37.56,EUR/MWh,ES,ES,imbalance_price,Short,2026-09-07T08:26:35Z
2026-09-07T08:23:09Z,2026-09-07T10:23:09+0200,bcd3f249-d332-480a-95cf-6311f6ef2f92,2026-09-01T09:15:00Z,2026-09-01T11:15:00+0200,43.93,EUR/MWh,ES,ES,imbalance_price,Long,2026-09-07T08:26:35Z
2026-09-07T08:23:09Z,2026-09-07T10:23:09+0200,bcd3f249-d332-480a-95cf-6311f6ef2f92,2026-09-01T09:15:00Z,2026-09-01T11:15:00+0200,59.68,EUR/MWh,ES,ES,imbalance_price,Short,2026-09-07T08:26:35Z
2026-09-07T08:23:09Z,2026-09-07T10:23:09+0200,bcd3f249-d332-480a-95cf-6311f6ef2f92,2026-09-01T09:30:00Z,2026-09-01T11:30:00+0200,43.98,EUR/MWh,ES,ES,imbalance_price,Long,2026-09-07T08:26:35Z
2026-09-07T08:23:09Z,2026-09-07T10:23:09+0200,bcd3f249-d332-480a-95cf-6311f6ef2f92,2026-09-01T09:30:00Z,2026-09-01T11:30:00+0200,42.18,EUR/MWh,ES,ES,imbalance_price,Short,2026-09-07T08:26:35Z
2026-09-07T08:23:09Z,2026-09-07T10:23:09+0200,bcd3f249-d332-480a-95cf-6311f6ef2f92,2026-09-01T09:45:00Z,2026-09-01T11:45:00+0200,18.35,EUR/MWh,ES,ES,imbalance_price,Long,2026-09-07T08:26:35Z
2026-09-07T08:23:09Z,2026-09-07T10:23:09+0200,bcd3f249-d332-480a-95cf-6311f6ef2f92,2026-09-01T09:45:00Z,2026-09-01T11:45:00+0200,18.35,EUR/MWh,ES,ES,imbalance_price,Short,2026-09-07T08:26:35Z
2026-09-07T08:23:09Z,2026-09-07T10:23:09+0200,bcd3f249-d332-480a-95cf-6311f6ef2f92,2026-09-01T10:00:00Z,2026-09-01T12:00:00+0200,7.13,EUR/MWh,ES,ES,imbalance_price,Long,2026-09-07T08:26:35Z
2026-09-07T08:23:09Z,2026-09-07T10:23:09+0200,bcd3f249-d332-480a-95cf-6311f6ef2f92,2026-09-01T10:00:00Z,2026-09-01T12:00:00+0200,3.85,EUR/MWh,ES,ES,imbalance_price,Short,2026-09-07T08:26:35Z
2026-09-07T08:23:09Z,2026-09-07T10:23:09+0200,bcd3f249-d332-480a-95cf-6311f6ef2f92,2026-09-01T10:15:00Z,2026-09-01T12:15:00+0200,-1.78,EUR/MWh,ES,ES,imbalance_price,Long,2026-09-07T08:26:35Z
2026-09-07T08:23:09Z,2026-09-07T10:23:09+0200,bcd3f249-d332-480a-95cf-6311f6ef2f92,2026-09-01T10:15:00Z,2026-09-01T12:15:00+0200,0.0,EUR/MWh,ES,ES,imbalance_price,Short,2026-09-07T08:26:35Z
2026-09-07T08:23:09Z,2026-09-07T10:23:09+0200,bcd3f249-d332-480a-95cf-6311f6ef2f92,2026-09-01T10:30:00Z,2026-09-01T12:30:00+0200,0.13,EUR/MWh,ES,ES,imbalance_price,Long,2026-09-07T08:26:35Z
2026-09-07T08:23:09Z,2026-09-07T10:23:09+0200,bcd3f249-d332-480a-95cf-6311f6ef2f92,2026-09-01T10:30:00Z,2026-09-01T12:30:00+0200,43.81,EUR/MWh,ES,ES,imbalance_price,Short,2026-09-07T08:26:35Z
2026-09-07T08:23:09Z,2026-09-07T10:23:09+0200,bcd3f249-d332-480a-95cf-6311f6ef2f92,2026-09-01T10:45:00Z,2026-09-01T12:45:00+0200,0.53,EUR/MWh,ES,ES,imbalance_price,Long,2026-09-07T08:26:35Z
2026-09-07T08:23:09Z,2026-09-07T10:23:09+0200,bcd3f249-d332-480a-95cf-6311f6ef2f92,2026-09-01T10:45:00Z,2026-09-01T12:45:00+0200,51.78,EUR/MWh,ES,ES,imbalance_price,Short,2026-09-07T08:26:35Z
2026-09-07T08:23:09Z,2026-09-07T10:23:09+0200,bcd3f249-d332-480a-95cf-6311f6ef2f92,2026-09-01T11:00:00Z,2026-09-01T13:00:00+0200,2.75,EUR/MWh,ES,ES,imbalance_price,Long,2026-09-07T08:26:35Z
2026-09-07T08:23:09Z,2026-09-07T10:23:09+0200,bcd3f249-d332-480a-95cf-6311f6ef2f92,2026-09-01T11:00:00Z,2026-09-01T13:00:00+0200,27.43,EUR/MWh,ES,ES,imbalance_price,Short,2026-09-07T08:26:35Z
2026-09-07T08:23:09Z,2026-09-07T10:23:09+0200,bcd3f249-d332-480a-95cf-6311f6ef2f92,2026-09-01T11:15:00Z,2026-09-01T13:15:00+0200,0.51,EUR/MWh,ES,ES,imbalance_price,Long,2026-09-07T08:26:35Z
2026-09-07T08:23:09Z,2026-09-07T10:23:09+0200,bcd3f249-d332-480a-95cf-6311f6ef2f92,2026-09-01T11:15:00Z,2026-09-01T13:15:00+0200,12.86,EUR/MWh,ES,ES,imbalance_price,Short,2026-09-07T08:26:35Z
2026-09-07T08:23:09Z,2026-09-07T10:23:09+0200,bcd3f249-d332-480a-95cf-6311f6ef2f92,2026-09-01T11:30:00Z,2026-09-01T13:30:00+0200,-1.2,EUR/MWh,ES,ES,imbalance_price,Long,2026-09-07T08:26:35Z
2026-09-07T08:23:09Z,2026-09-07T10:23:09+0200,bcd3f249-d332-480a-95cf-6311f6ef2f92,2026-09-01T11:30:00Z,2026-09-01T13:30:00+0200,3.81,EUR/MWh,ES,ES,imbalance_price,Short,2026-09-07T08:26:35Z
2026-09-07T08:23:09Z,2026-09-07T10:23:09+0200,bcd3f249-d332-480a-95cf-6311f6ef2f92,2026-09-01T11:45:00Z,2026-09-01T13:45:00+0200,0.25,EUR/MWh,ES,ES,imbalance_price,Long,2026-09-07T08:26:35Z
2026-09-07T08:23:09Z,2026-09-07T10:23:09+0200,bcd3f249-d332-480a-95cf-6311f6ef2f92,2026-09-01T11:45:00Z,2026-09-01T13:45:00+0200,64.23,EUR/MWh,ES,ES,imbalance_price,Short,2026-09-07T08:26:35Z
2026-09-07T08:23:09Z,2026-09-07T10:23:09+0200,bcd3f249-d332-480a-95cf-6311f6ef2f92,2026-09-01T12:00:00Z,2026-09-01T14:00:00+0200,44.02,EUR/MWh,ES,ES,imbalance_price,Long,2026-09-07T08:26:35Z
2026-09-07T08:23:09Z,2026-09-07T10:23:09+0200,bcd3f249-d332-480a-95cf-6311f6ef2f92,2026-09-01T12:00:00Z,2026-09-01T14:00:00+0200,44.02,EUR/MWh,ES,ES,imbalance_price,Short,2026-09-07T08:26:35Z
2026-09-07T08:23:09Z,2026-09-07T10:23:09+0200,bcd3f249-d332-480a-95cf-6311f6ef2f92,2026-09-01T12:15:00Z,2026-09-01T14:15:00+0200,3.26,EUR/MWh,ES,ES,imbalance_price,Long,2026-09-07T08:26:35Z
2026-09-07T08:23:09Z,2026-09-07T10:23:09+0200,bcd3f249-d332-480a-95cf-6311f6ef2f92,2026-09-01T12:15:00Z,2026-09-01T14:15:00+0200,59.95,EUR/MWh,ES,ES,imbalance_price,Short,2026-09-07T08:26:35Z
2026-09-07T08:23:09Z,2026-09-07T10:23:09+0200,bcd3f249-d332-480a-95cf-6311f6ef2f92,2026-09-01T12:30:00Z,2026-09-01T14:30:00+0200,105.73,EUR/MWh,ES,ES,imbalance_price,Long,2026-09-07T08:26:35Z
2026-09-07T08:23:09Z,2026-09-07T10:23:09+0200,bcd3f249-d332-480a-95cf-6311f6ef2f92,2026-09-01T12:30:00Z,2026-09-01T14:30:00+0200,105.73,EUR/MWh,ES,ES,imbalance_price,Short,2026-09-07T08:26:35Z
2026-09-07T08:23:09Z,2026-09-07T10:23:09+0200,bcd3f249-d332-480a-95cf-6311f6ef2f92,2026-09-01T12:45:00Z,2026-09-01T14:45:00+0200,1.43,EUR/MWh,ES,ES,imbalance_price,Long,2026-09-07T08:26:35Z
2026-09-07T08:23:09Z,2026-09-07T10:23:09+0200,bcd3f249-d332-480a-95cf-6311f6ef2f92,2026-09-01T12:45:00Z,2026-09-01T14:45:00+0200,111.67,EUR/MWh,ES,ES,imbalance_price,Short,2026-09-07T08:26:35Z
2026-09-07T08:23:09Z,2026-09-07T10:23:09+0200,bcd3f249-d332-480a-95cf-6311f6ef2f92,2026-09-01T13:00:00Z,2026-09-01T15:00:00+0200,-1.43,EUR/MWh,ES,ES,imbalance_price,Long,2026-09-07T08:26:35Z
2026-09-07T08:23:09Z,2026-09-07T10:23:09+0200,bcd3f249-d332-480a-95cf-6311f6ef2f92,2026-09-01T13:00:00Z,2026-09-01T15:00:00+0200,102.61,EUR/MWh,ES,ES,imbalance_price,Short,2026-09-07T08:26:35Z
2026-09-07T08:23:09Z,2026-09-07T10:23:09+0200,bcd3f249-d332-480a-95cf-6311f6ef2f92,2026-09-01T13:15:00Z,2026-09-01T15:15:00+0200,-1.44,EUR/MWh,ES,ES,imbalance_price,Long,2026-09-07T08:26:35Z
2026-09-07T08:23:09Z,2026-09-07T10:23:09+0200,bcd3f249-d332-480a-95cf-6311f6ef2f92,2026-09-01T13:15:00Z,2026-09-01T15:15:00+0200,98.65,EUR/MWh,ES,ES,imbalance_price,Short,2026-09-07T08:26:35Z
2026-09-07T08:23:09Z,2026-09-07T10:23:09+0200,bcd3f249-d332-480a-95cf-6311f6ef2f92,2026-09-01T13:30:00Z,2026-09-01T15:30:00+0200,-3.75,EUR/MWh,ES,ES,imbalance_price,Long,2026-09-07T08:26:35Z
2026-09-07T08:23:09Z,2026-09-07T10:23:09+0200,bcd3f249-d332-480a-95cf-6311f6ef2f92,2026-09-01T13:30:00Z,2026-09-01T15:30:00+0200,47.05,EUR/MWh,ES,ES,imbalance_price,Short,2026-09-07T08:26:35Z
2026-09-07T08:23:09Z,2026-09-07T10:23:09+0200,bcd3f249-d332-480a-95cf-6311f6ef2f92,2026-09-01T13:45:00Z,2026-09-01T15:45:00+0200,-5.7,EUR/MWh,ES,ES,imbalance_price,Long,2026-09-07T08:26:35Z
2026-09-07T08:23:09Z,2026-09-07T10:23:09+0200,bcd3f249-d332-480a-95cf-6311f6ef2f92,2026-09-01T13:45:00Z,2026-09-01T15:45:00+0200,34.54,EUR/MWh,ES,ES,imbalance_price,Short,2026-09-07T08:26:35Z
2026-09-07T08:23:09Z,2026-09-07T10:23:09+0200,bcd3f249-d332-480a-95cf-6311f6ef2f92,2026-09-01T14:00:00Z,2026-09-01T16:00:00+0200,-3.13,EUR/MWh,ES,ES,imbalance_price,Long,2026-09-07T08:26:35Z
2026-09-07T08:23:09Z,2026-09-07T10:23:09+0200,bcd3f249-d332-480a-95cf-6311f6ef2f92,2026-09-01T14:00:00Z,2026-09-01T16:00:00+0200,-3.13,EUR/MWh,ES,ES,imbalance_price,Short,2026-09-07T08:26:35Z
2026-09-07T08:23:09Z,2026-09-07T10:23:09+0200,bcd3f249-d332-480a-95cf-6311f6ef2f92,2026-09-01T14:15:00Z,2026-09-01T16:15:00+0200,-1.18,EUR/MWh,ES,ES,imbalance_price,Long,2026-09-07T08:26:35Z
2026-09-07T08:23:09Z,2026-09-07T10:23:09+0200,bcd3f249-d332-480a-95cf-6311f6ef2f92,2026-09-01T14:15:00Z,2026-09-01T16:15:00+0200,-1.18,EUR/MWh,ES,ES,imbalance_price,Short,2026-09-07T08:26:35Z
2026-09-07T08:23:09Z,2026-09-07T10:23:09+0200,bcd3f249-d332-480a-95cf-6311f6ef2f92,2026-09-01T14:30:00Z,2026-09-01T16:30:00+0200,0.27,EUR/MWh,ES,ES,imbalance_price,Long,2026-09-07T08:26:35Z
2026-09-07T08:23:09Z,2026-09-07T10:23:09+0200,bcd3f249-d332-480a-95cf-6311f6ef2f92,2026-09-01T14:30:00Z,2026-09-01T16:30:00+0200,0.27,EUR/MWh,ES,ES,imbalance_price,Short,2026-09-07T08:26:35Z
2026-09-07T08:23:09Z,2026-09-07T10:23:09+0200,bcd3f249-d332-480a-95cf-6311f6ef2f92,2026-09-01T14:45:00Z,2026-09-01T16:45:00+0200,-0.03,EUR/MWh,ES,ES,imbalance_price,Long,2026-09-07T08:26:35Z
2026-09-07T08:23:09Z,2026-09-07T10:23:09+0200,bcd3f249-d332-480a-95cf-6311f6ef2f92,2026-09-01T14:45:00Z,2026-09-01T16:45:00+0200,-0.03,EUR/MWh,ES,ES,imbalance_price,Short,2026-09-07T08:26:35Z
2026-09-07T08:23:09Z,2026-09-07T10:23:09+0200,bcd3f249-d332-480a-95cf-6311f6ef2f92,2026-09-01T15:00:00Z,2026-09-01T17:00:00+0200,0.0,EUR/MWh,ES,ES,imbalance_price,Long,2026-09-07T08:26:35Z
2026-09-07T08:23:09Z,2026-09-07T10:23:09+0200,bcd3f249-d332-480a-95cf-6311f6ef2f92,2026-09-01T15:00:00Z,2026-09-01T17:00:00+0200,121.16,EUR/MWh,ES,ES,imbalance_price,Short,2026-09-07T08:26:35Z
2026-09-07T08:23:09Z,2026-09-07T10:23:09+0200,bcd3f249-d332-480a-95cf-6311f6ef2f92,2026-09-01T15:15:00Z,2026-09-01T17:15:00+0200,0.29,EUR/MWh,ES,ES,imbalance_price,Long,2026-09-07T08:26:35Z
2026-09-07T08:23:09Z,2026-09-07T10:23:09+0200,bcd3f249-d332-480a-95cf-6311f6ef2f92,2026-09-01T15:15:00Z,2026-09-01T17:15:00+0200,100.49,EUR/MWh,ES,ES,imbalance_price,Short,2026-09-07T08:26:35Z
2026-09-07T08:23:09Z,2026-09-07T10:23:09+0200,bcd3f249-d332-480a-95cf-6311f6ef2f92,2026-09-01T15:30:00Z,2026-09-01T17:30:00+0200,0.04,EUR/MWh,ES,ES,imbalance_price,Long,2026-09-07T08:26:35Z
2026-09-07T08:23:09Z,2026-09-07T10:23:09+0200,bcd3f249-d332-480a-95cf-6311f6ef2f92,2026-09-01T15:30:00Z,2026-09-01T17:30:00+0200,185.39,EUR/MWh,ES,ES,imbalance_price,Short,2026-09-07T08:26:35Z
2026-09-07T08:23:09Z,2026-09-07T10:23:09+0200,bcd3f249-d332-480a-95cf-6311f6ef2f92,2026-09-01T15:45:00Z,2026-09-01T17:45:00+0200,0.17,EUR/MWh,ES,ES,imbalance_price,Long,2026-09-07T08:26:35Z
2026-09-07T08:23:09Z,2026-09-07T10:23:09+0200,bcd3f249-d332-480a-95cf-6311f6ef2f92,2026-09-01T15:45:00Z,2026-09-01T17:45:00+0200,159.91,EUR/MWh,ES,ES,imbalance_price,Short,2026-09-07T08:26:35Z
2026-09-07T08:23:09Z,2026-09-07T10:23:09+0200,bcd3f249-d332-480a-95cf-6311f6ef2f92,2026-09-01T16:00:00Z,2026-09-01T18:00:00+0200,1.06,EUR/MWh,ES,ES,imbalance_price,Long,2026-09-07T08:26:35Z
2026-09-07T08:23:09Z,2026-09-07T10:23:09+0200,bcd3f249-d332-480a-95cf-6311f6ef2f92,2026-09-01T16:00:00Z,2026-09-01T18:00:00+0200,150.05,EUR/MWh,ES,ES,imbalance_price,Short,2026-09-07T08:26:35Z
2026-09-07T08:23:09Z,2026-09-07T10:23:09+0200,bcd3f249-d332-480a-95cf-6311f6ef2f92,2026-09-01T16:15:00Z,2026-09-01T18:15:00+0200,1.34,EUR/MWh,ES,ES,imbalance_price,Long,2026-09-07T08:26:35Z
2026-09-07T08:23:09Z,2026-09-07T10:23:09+0200,bcd3f249-d332-480a-95cf-6311f6ef2f92,2026-09-01T16:15:00Z,2026-09-01T18:15:00+0200,179.06,EUR/MWh,ES,ES,imbalance_price,Short,2026-09-07T08:26:35Z
2026-09-07T08:23:09Z,2026-09-07T10:23:09+0200,bcd3f249-d332-480a-95cf-6311f6ef2f92,2026-09-01T16:30:00Z,2026-09-01T18:30:00+0200,0.29,EUR/MWh,ES,ES,imbalance_price,Long,2026-09-07T08:26:35Z
2026-09-07T08:23:09Z,2026-09-07T10:23:09+0200,bcd3f249-d332-480a-95cf-6311f6ef2f92,2026-09-01T16:30:00Z,2026-09-01T18:30:00+0200,212.62,EUR/MWh,ES,ES,imbalance_price,Short,2026-09-07T08:26:35Z
2026-09-07T08:23:09Z,2026-09-07T10:23:09+0200,bcd3f249-d332-480a-95cf-6311f6ef2f92,2026-09-01T16:45:00Z,2026-09-01T18:45:00+0200,0.33,EUR/MWh,ES,ES,imbalance_price,Long,2026-09-07T08:26:35Z
2026-09-07T08:23:09Z,2026-09-07T10:23:09+0200,bcd3f249-d332-480a-95cf-6311f6ef2f92,2026-09-01T16:45:00Z,2026-09-01T18:45:00+0200,197.11,EUR/MWh,ES,ES,imbalance_price,Short,2026-09-07T08:26:35Z
2026-09-07T08:23:09Z,2026-09-07T10:23:09+0200,bcd3f249-d332-480a-95cf-6311f6ef2f92,2026-09-01T17:00:00Z,2026-09-01T19:00:00+0200,43.29,EUR/MWh,ES,ES,imbalance_price,Long,2026-09-07T08:26:35Z
2026-09-07T08:23:09Z,2026-09-07T10:23:09+0200,bcd3f249-d332-480a-95cf-6311f6ef2f92,2026-09-01T17:00:00Z,2026-09-01T19:00:00+0200,290.61,EUR/MWh,ES,ES,imbalance_price,Short,2026-09-07T08:26:35Z
2026-09-07T08:23:09Z,2026-09-07T10:23:09+0200,bcd3f249-d332-480a-95cf-6311f6ef2f92,2026-09-01T17:15:00Z,2026-09-01T19:15:00+0200,348.77,EUR/MWh,ES,ES,imbalance_price,Long,2026-09-07T08:26:35Z
2026-09-07T08:23:09Z,2026-09-07T10:23:09+0200,bcd3f249-d332-480a-95cf-6311f6ef2f92,2026-09-01T17:15:00Z,2026-09-01T19:15:00+0200,348.77,EUR/MWh,ES,ES,imbalance_price,Short,2026-09-07T08:26:35Z
2026-09-07T08:23:09Z,2026-09-07T10:23:09+0200,bcd3f249-d332-480a-95cf-6311f6ef2f92,2026-09-01T17:30:00Z,2026-09-01T19:30:00+0200,192.78,EUR/MWh,ES,ES,imbalance_price,Long,2026-09-07T08:26:35Z
2026-09-07T08:23:09Z,2026-09-07T10:23:09+0200,bcd3f249-d332-480a-95cf-6311f6ef2f92,2026-09-01T17:30:00Z,2026-09-01T19:30:00+0200,192.78,EUR/MWh,ES,ES,imbalance_price,Short,2026-09-07T08:26:35Z
2026-09-07T08:23:09Z,2026-09-07T10:23:09+0200,bcd3f249-d332-480a-95cf-6311f6ef2f92,2026-09-01T17:45:00Z,2026-09-01T19:45:00+0200,186.4,EUR/MWh,ES,ES,imbalance_price,Long,2026-09-07T08:26:35Z
2026-09-07T08:23:09Z,2026-09-07T10:23:09+0200,bcd3f249-d332-480a-95cf-6311f6ef2f92,2026-09-01T17:45:00Z,2026-09-01T19:45:00+0200,186.4,EUR/MWh,ES,ES,imbalance_price,Short,2026-09-07T08:26:35Z
2026-09-07T08:23:09Z,2026-09-07T10:23:09+0200,bcd3f249-d332-480a-95cf-6311f6ef2f92,2026-09-01T18:00:00Z,2026-09-01T20:00:00+0200,126.88,EUR/MWh,ES,ES,imbalance_price,Long,2026-09-07T08:26:35Z
2026-09-07T08:23:09Z,2026-09-07T10:23:09+0200,bcd3f249-d332-480a-95cf-6311f6ef2f92,2026-09-01T18:00:00Z,2026-09-01T20:00:00+0200,171.21,EUR/MWh,ES,ES,imbalance_price,Short,2026-09-07T08:26:35Z
2026-09-07T08:23:09Z,2026-09-07T10:23:09+0200,bcd3f249-d332-480a-95cf-6311f6ef2f92,2026-09-01T18:15:00Z,2026-09-01T20:15:00+0200,164.86,EUR/MWh,ES,ES,imbalance_price,Long,2026-09-07T08:26:35Z
2026-09-07T08:23:09Z,2026-09-07T10:23:09+0200,bcd3f249-d332-480a-95cf-6311f6ef2f92,2026-09-01T18:15:00Z,2026-09-01T20:15:00+0200,172.06,EUR/MWh,ES,ES,imbalance_price,Short,2026-09-07T08:26:35Z
2026-09-07T08:23:09Z,2026-09-07T10:23:09+0200,bcd3f249-d332-480a-95cf-6311f6ef2f92,2026-09-01T18:30:00Z,2026-09-01T20:30:00+0200,134.7,EUR/MWh,ES,ES,imbalance_price,Long,2026-09-07T08:26:35Z
2026-09-07T08:23:09Z,2026-09-07T10:23:09+0200,bcd3f249-d332-480a-95cf-6311f6ef2f92,2026-09-01T18:30:00Z,2026-09-01T20:30:00+0200,169.82,EUR/MWh,ES,ES,imbalance_price,Short,2026-09-07T08:26:35Z
2026-09-07T08:23:09Z,2026-09-07T10:23:09+0200,bcd3f249-d332-480a-95cf-6311f6ef2f92,2026-09-01T18:45:00Z,2026-09-01T20:45:00+0200,130.72,EUR/MWh,ES,ES,imbalance_price,Long,2026-09-07T08:26:35Z
2026-09-07T08:23:09Z,2026-09-07T10:23:09+0200,bcd3f249-d332-480a-95cf-6311f6ef2f92,2026-09-01T18:45:00Z,2026-09-01T20:45:00+0200,170.22,EUR/MWh,ES,ES,imbalance_price,Short,2026-09-07T08:26:35Z
2026-09-07T08:23:09Z,2026-09-07T10:23:09+0200,bcd3f249-d332-480a-95cf-6311f6ef2f92,2026-09-01T19:00:00Z,2026-09-01T21:00:00+0200,145.03,EUR/MWh,ES,ES,imbalance_price,Long,2026-09-07T08:26:35Z
2026-09-07T08:23:09Z,2026-09-07T10:23:09+0200,bcd3f249-d332-480a-95cf-6311f6ef2f92,2026-09-01T19:00:00Z,2026-09-01T21:00:00+0200,190.21,EUR/MWh,ES,ES,imbalance_price,Short,2026-09-07T08:26:35Z
2026-09-07T08:23:09Z,2026-09-07T10:23:09+0200,bcd3f249-d332-480a-95cf-6311f6ef2f92,2026-09-01T19:15:00Z,2026-09-01T21:15:00+0200,147.67,EUR/MWh,ES,ES,imbalance_price,Long,2026-09-07T08:26:35Z
2026-09-07T08:23:09Z,2026-09-07T10:23:09+0200,bcd3f249-d332-480a-95cf-6311f6ef2f92,2026-09-01T19:15:00Z,2026-09-01T21:15:00+0200,174.19,EUR/MWh,ES,ES,imbalance_price,Short,2026-09-07T08:26:35Z
2026-09-07T08:23:09Z,2026-09-07T10:23:09+0200,bcd3f249-d332-480a-95cf-6311f6ef2f92,2026-09-01T19:30:00Z,2026-09-01T21:30:00+0200,176.21,EUR/MWh,ES,ES,imbalance_price,Long,2026-09-07T08:26:35Z
2026-09-07T08:23:09Z,2026-09-07T10:23:09+0200,bcd3f249-d332-480a-95cf-6311f6ef2f92,2026-09-01T19:30:00Z,2026-09-01T21:30:00+0200,174.61,EUR/MWh,ES,ES,imbalance_price,Short,2026-09-07T08:26:35Z
2026-09-07T08:23:09Z,2026-09-07T10:23:09+0200,bcd3f249-d332-480a-95cf-6311f6ef2f92,2026-09-01T19:45:00Z,2026-09-01T21:45:00+0200,146.07,EUR/MWh,ES,ES,imbalance_price,Long,2026-09-07T08:26:35Z
2026-09-07T08:23:09Z,2026-09-07T10:23:09+0200,bcd3f249-d332-480a-95cf-6311f6ef2f92,2026-09-01T19:45:00Z,2026-09-01T21:45:00+0200,174.26,EUR/MWh,ES,ES,imbalance_price,Short,2026-09-07T08:26:35Z
2026-09-07T08:23:09Z,2026-09-07T10:23:09+0200,bcd3f249-d332-480a-95cf-6311f6ef2f92,2026-09-01T20:00:00Z,2026-09-01T22:00:00+0200,174.3,EUR/MWh,ES,ES,imbalance_price,Long,2026-09-07T08:26:35Z
2026-09-07T08:23:09Z,2026-09-07T10:23:09+0200,bcd3f249-d332-480a-95cf-6311f6ef2f92,2026-09-01T20:00:00Z,2026-09-01T22:00:00+0200,174.3,EUR/MWh,ES,ES,imbalance_price,Short,2026-09-07T08:26:35Z
2026-09-07T08:23:09Z,2026-09-07T10:23:09+0200,bcd3f249-d332-480a-95cf-6311f6ef2f92,2026-09-01T20:15:00Z,2026-09-01T22:15:00+0200,177.12,EUR/MWh,ES,ES,imbalance_price,Long,2026-09-07T08:26:35Z
2026-09-07T08:23:09Z,2026-09-07T10:23:09+0200,bcd3f249-d332-480a-95cf-6311f6ef2f92,2026-09-01T20:15:00Z,2026-09-01T22:15:00+0200,177.12,EUR/MWh,ES,ES,imbalance_price,Short,2026-09-07T08:26:35Z
2026-09-07T08:23:09Z,2026-09-07T10:23:09+0200,bcd3f249-d332-480a-95cf-6311f6ef2f92,2026-09-01T20:30:00Z,2026-09-01T22:30:00+0200,142.4,EUR/MWh,ES,ES,imbalance_price,Long,2026-09-07T08:26:35Z
2026-09-07T08:23:09Z,2026-09-07T10:23:09+0200,bcd3f249-d332-480a-95cf-6311f6ef2f92,2026-09-01T20:30:00Z,2026-09-01T22:30:00+0200,207.7,EUR/MWh,ES,ES,imbalance_price,Short,2026-09-07T08:26:35Z
2026-09-07T08:23:09Z,2026-09-07T10:23:09+0200,bcd3f249-d332-480a-95cf-6311f6ef2f92,2026-09-01T20:45:00Z,2026-09-01T22:45:00+0200,127.66,EUR/MWh,ES,ES,imbalance_price,Long,2026-09-07T08:26:35Z
2026-09-07T08:23:09Z,2026-09-07T10:23:09+0200,bcd3f249-d332-480a-95cf-6311f6ef2f92,2026-09-01T20:45:00Z,2026-09-01T22:45:00+0200,196.78,EUR/MWh,ES,ES,imbalance_price,Short,2026-09-07T08:26:35Z
2026-09-07T08:23:09Z,2026-09-07T10:23:09+0200,bcd3f249-d332-480a-95cf-6311f6ef2f92,2026-09-01T21:00:00Z,2026-09-01T23:00:00+0200,133.69,EUR/MWh,ES,ES,imbalance_price,Long,2026-09-07T08:26:35Z
2026-09-07T08:23:09Z,2026-09-07T10:23:09+0200,bcd3f249-d332-480a-95cf-6311f6ef2f92,2026-09-01T21:00:00Z,2026-09-01T23:00:00+0200,211.18,EUR/MWh,ES,ES,imbalance_price,Short,2026-09-07T08:26:35Z
2026-09-07T08:23:09Z,2026-09-07T10:23:09+0200,bcd3f249-d332-480a-95cf-6311f6ef2f92,2026-09-01T21:15:00Z,2026-09-01T23:15:00+0200,137.23,EUR/MWh,ES,ES,imbalance_price,Long,2026-09-07T08:26:35Z
2026-09-07T08:23:09Z,2026-09-07T10:23:09+0200,bcd3f249-d332-480a-95cf-6311f6ef2f92,2026-09-01T21:15:00Z,2026-09-01T23:15:00+0200,181.91,EUR/MWh,ES,ES,imbalance_price,Short,2026-09-07T08:26:35Z
2026-09-07T08:23:09Z,2026-09-07T10:23:09+0200,bcd3f249-d332-480a-95cf-6311f6ef2f92,2026-09-01T21:30:00Z,2026-09-01T23:30:00+0200,136.36,EUR/MWh,ES,ES,imbalance_price,Long,2026-09-07T08:26:35Z
2026-09-07T08:23:09Z,2026-09-07T10:23:09+0200,bcd3f249-d332-480a-95cf-6311f6ef2f92,2026-09-01T21:30:00Z,2026-09-01T23:30:00+0200,180.0,EUR/MWh,ES,ES,imbalance_price,Short,2026-09-07T08:26:35Z
2026-09-07T08:23:09Z,2026-09-07T10:23:09+0200,bcd3f249-d332-480a-95cf-6311f6ef2f92,2026-09-01T21:45:00Z,2026-09-01T23:45:00+0200,92.06,EUR/MWh,ES,ES,imbalance_price,Long,2026-09-07T08:26:35Z
2026-09-07T08:23:09Z,2026-09-07T10:23:09+0200,bcd3f249-d332-480a-95cf-6311f6ef2f92,2026-09-01T21:45:00Z,2026-09-01T23:45:00+0200,185.59,EUR/MWh,ES,ES,imbalance_price,Short,2026-09-07T08:26:35Z
2026-09-07T08:23:09Z,2026-09-07T10:23:09+0200,bcd3f249-d332-480a-95cf-6311f6ef2f92,2026-09-01T22:00:00Z,2026-09-02T00:00:00+0200,124.92,EUR/MWh,ES,ES,imbalance_price,Long,2026-09-07T08:26:35Z
2026-09-07T08:23:09Z,2026-09-07T10:23:09+0200,bcd3f249-d332-480a-95cf-6311f6ef2f92,2026-09-01T22:00:00Z,2026-09-02T00:00:00+0200,195.56,EUR/MWh,ES,ES,imbalance_price,Short,2026-09-07T08:26:35Z
2026-09-07T08:23:09Z,2026-09-07T10:23:09+0200,bcd3f249-d332-480a-95cf-6311f6ef2f92,2026-09-01T22:15:00Z,2026-09-02T00:15:00+0200,151.61,EUR/MWh,ES,ES,imbalance_price,Long,2026-09-07T08:26:35Z
2026-09-07T08:23:09Z,2026-09-07T10:23:09+0200,bcd3f249-d332-480a-95cf-6311f6ef2f92,2026-09-01T22:15:00Z,2026-09-02T00:15:00+0200,173.23,EUR/MWh,ES,ES,imbalance_price,Short,2026-09-07T08:26:35Z
2026-09-07T08:23:09Z,2026-09-07T10:23:09+0200,bcd3f249-d332-480a-95cf-6311f6ef2f92,2026-09-01T22:30:00Z,2026-09-02T00:30:00+0200,135.64,EUR/MWh,ES,ES,imbalance_price,Long,2026-09-07T08:26:35Z
2026-09-07T08:23:09Z,2026-09-07T10:23:09+0200,bcd3f249-d332-480a-95cf-6311f6ef2f92,2026-09-01T22:30:00Z,2026-09-02T00:30:00+0200,176.71,EUR/MWh,ES,ES,imbalance_price,Short,2026-09-07T08:26:35Z
2026-09-07T08:23:09Z,2026-09-07T10:23:09+0200,bcd3f249-d332-480a-95cf-6311f6ef2f92,2026-09-01T22:45:00Z,2026-09-02T00:45:00+0200,143.23,EUR/MWh,ES,ES,imbalance_price,Long,2026-09-07T08:26:35Z
2026-09-07T08:23:09Z,2026-09-07T10:23:09+0200,bcd3f249-d332-480a-95cf-6311f6ef2f92,2026-09-01T22:45:00Z,2026-09-02T00:45:00+0200,180.82,EUR/MWh,ES,ES,imbalance_price,Short,2026-09-07T08:26:35Z
2026-09-07T08:23:09Z,2026-09-07T10:23:09+0200,bcd3f249-d332-480a-95cf-6311f6ef2f92,2026-09-01T23:00:00Z,2026-09-02T01:00:00+0200,149.03,EUR/MWh,ES,ES,imbalance_price,Long,2026-09-07T08:26:35Z
2026-09-07T08:23:09Z,2026-09-07T10:23:09+0200,bcd3f249-d332-480a-95cf-6311f6ef2f92,2026-09-01T23:00:00Z,2026-09-02T01:00:00+0200,180.76,EUR/MWh,ES,ES,imbalance_price,Short,2026-09-07T08:26:35Z
2026-09-07T08:23:09Z,2026-09-07T10:23:09+0200,bcd3f249-d332-480a-95cf-6311f6ef2f92,2026-09-01T23:15:00Z,2026-09-02T01:15:00+0200,136.04,EUR/MWh,ES,ES,imbalance_price,Long,2026-09-07T08:26:35Z
2026-09-07T08:23:09Z,2026-09-07T10:23:09+0200,bcd3f249-d332-480a-95cf-6311f6ef2f92,2026-09-01T23:15:00Z,2026-09-02T01:15:00+0200,172.04,EUR/MWh,ES,ES,imbalance_price,Short,2026-09-07T08:26:35Z
2026-09-07T08:23:09Z,2026-09-07T10:23:09+0200,bcd3f249-d332-480a-95cf-6311f6ef2f92,2026-09-01T23:30:00Z,2026-09-02T01:30:00+0200,72.43,EUR/MWh,ES,ES,imbalance_price,Long,2026-09-07T08:26:35Z
2026-09-07T08:23:09Z,2026-09-07T10:23:09+0200,bcd3f249-d332-480a-95cf-6311f6ef2f92,2026-09-01T23:30:00Z,2026-09-02T01:30:00+0200,170.18,EUR/MWh,ES,ES,imbalance_price,Short,2026-09-07T08:26:35Z
2026-09-07T08:23:09Z,2026-09-07T10:23:09+0200,bcd3f249-d332-480a-95cf-6311f6ef2f92,2026-09-01T23:45:00Z,2026-09-02T01:45:00+0200,132.3,EUR/MWh,ES,ES,imbalance_price,Long,2026-09-07T08:26:35Z
2026-09-07T08:23:09Z,2026-09-07T10:23:09+0200,bcd3f249-d332-480a-95cf-6311f6ef2f92,2026-09-01T23:45:00Z,2026-09-02T01:45:00+0200,171.98,EUR/MWh,ES,ES,imbalance_price,Short,2026-09-07T08:26:35Z
2026-09-07T08:23:09Z,2026-09-07T10:23:09+0200,bcd3f249-d332-480a-95cf-6311f6ef2f92,2026-09-02T00:00:00Z,2026-09-02T02:00:00+0200,10.02,EUR/MWh,ES,ES,imbalance_price,Long,2026-09-07T08:26:35Z
2026-09-07T08:23:09Z,2026-09-07T10:23:09+0200,bcd3f249-d332-480a-95cf-6311f6ef2f92,2026-09-02T00:00:00Z,2026-09-02T02:00:00+0200,166.41,EUR/MWh,ES,ES,imbalance_price,Short,2026-09-07T08:26:35Z
2026-09-07T08:23:09Z,2026-09-07T10:23:09+0200,bcd3f249-d332-480a-95cf-6311f6ef2f92,2026-09-02T00:15:00Z,2026-09-02T02:15:00+0200,117.29,EUR/MWh,ES,ES,imbalance_price,Long,2026-09-07T08:26:35Z
2026-09-07T08:23:09Z,2026-09-07T10:23:09+0200,bcd3f249-d332-480a-95cf-6311f6ef2f92,2026-09-02T00:15:00Z,2026-09-02T02:15:00+0200,164.79,EUR/MWh,ES,ES,imbalance_price,Short,2026-09-07T08:26:35Z
2026-09-07T08:23:09Z,2026-09-07T10:23:09+0200,bcd3f249-d332-480a-95cf-6311f6ef2f92,2026-09-02T00:30:00Z,2026-09-02T02:30:00+0200,130.89,EUR/MWh,ES,ES,imbalance_price,Long,2026-09-07T08:26:35Z
2026-09-07T08:23:09Z,2026-09-07T10:23:09+0200,bcd3f249-d332-480a-95cf-6311f6ef2f92,2026-09-02T00:30:00Z,2026-09-02T02:30:00+0200,164.12,EUR/MWh,ES,ES,imbalance_price,Short,2026-09-07T08:26:35Z
2026-09-07T08:23:09Z,2026-09-07T10:23:09+0200,bcd3f249-d332-480a-95cf-6311f6ef2f92,2026-09-02T00:45:00Z,2026-09-02T02:45:00+0200,150.53,EUR/MWh,ES,ES,imbalance_price,Long,2026-09-07T08:26:35Z
2026-09-07T08:23:09Z,2026-09-07T10:23:09+0200,bcd3f249-d332-480a-95cf-6311f6ef2f92,2026-09-02T00:45:00Z,2026-09-02T02:45:00+0200,163.2,EUR/MWh,ES,ES,imbalance_price,Short,2026-09-07T08:26:35Z
2026-09-07T08:23:09Z,2026-09-07T10:23:09+0200,bcd3f249-d332-480a-95cf-6311f6ef2f92,2026-09-02T01:00:00Z,2026-09-02T03:00:00+0200,86.03,EUR/MWh,ES,ES,imbalance_price,Long,2026-09-07T08:26:35Z
2026-09-07T08:23:09Z,2026-09-07T10:23:09+0200,bcd3f249-d332-480a-95cf-6311f6ef2f92,2026-09-02T01:00:00Z,2026-09-02T03:00:00+0200,168.85,EUR/MWh,ES,ES,imbalance_price,Short,2026-09-07T08:26:35Z
2026-09-07T08:23:09Z,2026-09-07T10:23:09+0200,bcd3f249-d332-480a-95cf-6311f6ef2f92,2026-09-02T01:15:00Z,2026-09-02T03:15:00+0200,0.0,EUR/MWh,ES,ES,imbalance_price,Long,2026-09-07T08:26:35Z
2026-09-07T08:23:09Z,2026-09-07T10:23:09+0200,bcd3f249-d332-480a-95cf-6311f6ef2f92,2026-09-02T01:15:00Z,2026-09-02T03:15:00+0200,166.21,EUR/MWh,ES,ES,imbalance_price,Short,2026-09-07T08:26:35Z
2026-09-07T08:23:09Z,2026-09-07T10:23:09+0200,bcd3f249-d332-480a-95cf-6311f6ef2f92,2026-09-02T01:30:00Z,2026-09-02T03:30:00+0200,130.37,EUR/MWh,ES,ES,imbalance_price,Long,2026-09-07T08:26:35Z
2026-09-07T08:23:09Z,2026-09-07T10:23:09+0200,bcd3f249-d332-480a-95cf-6311f6ef2f92,2026-09-02T01:30:00Z,2026-09-02T03:30:00+0200,165.75,EUR/MWh,ES,ES,imbalance_price,Short,2026-09-07T08:26:35Z
2026-09-07T08:23:09Z,2026-09-07T10:23:09+0200,bcd3f249-d332-480a-95cf-6311f6ef2f92,2026-09-02T01:45:00Z,2026-09-02T03:45:00+0200,139.63,EUR/MWh,ES,ES,imbalance_price,Long,2026-09-07T08:26:35Z
2026-09-07T08:23:09Z,2026-09-07T10:23:09+0200,bcd3f249-d332-480a-95cf-6311f6ef2f92,2026-09-02T01:45:00Z,2026-09-02T03:45:00+0200,165.83,EUR/MWh,ES,ES,imbalance_price,Short,2026-09-07T08:26:35Z
2026-09-07T08:23:09Z,2026-09-07T10:23:09+0200,bcd3f249-d332-480a-95cf-6311f6ef2f92,2026-09-02T02:00:00Z,2026-09-02T04:00:00+0200,106.46,EUR/MWh,ES,ES,imbalance_price,Long,2026-09-07T08:26:35Z
2026-09-07T08:23:09Z,2026-09-07T10:23:09+0200,bcd3f249-d332-480a-95cf-6311f6ef2f92,2026-09-02T02:00:00Z,2026-09-02T04:00:00+0200,167.32,EUR/MWh,ES,ES,imbalance_price,Short,2026-09-07T08:26:35Z
2026-09-07T08:23:09Z,2026-09-07T10:23:09+0200,bcd3f249-d332-480a-95cf-6311f6ef2f92,2026-09-02T02:15:00Z,2026-09-02T04:15:00+0200,0.0,EUR/MWh,ES,ES,imbalance_price,Long,2026-09-07T08:26:35Z
2026-09-07T08:23:09Z,2026-09-07T10:23:09+0200,bcd3f249-d332-480a-95cf-6311f6ef2f92,2026-09-02T02:15:00Z,2026-09-02T04:15:00+0200,185.99,EUR/MWh,ES,ES,imbalance_price,Short,2026-09-07T08:26:35Z
2026-09-07T08:23:09Z,2026-09-07T10:23:09+0200,bcd3f249-d332-480a-95cf-6311f6ef2f92,2026-09-02T02:30:00Z,2026-09-02T04:30:00+0200,49.29,EUR/MWh,ES,ES,imbalance_price,Long,2026-09-07T08:26:35Z
2026-09-07T08:23:09Z,2026-09-07T10:23:09+0200,bcd3f249-d332-480a-95cf-6311f6ef2f92,2026-09-02T02:30:00Z,2026-09-02T04:30:00+0200,167.05,EUR/MWh,ES,ES,imbalance_price,Short,2026-09-07T08:26:35Z
2026-09-07T08:23:09Z,2026-09-07T10:23:09+0200,bcd3f249-d332-480a-95cf-6311f6ef2f92,2026-09-02T02:45:00Z,2026-09-02T04:45:00+0200,143.47,EUR/MWh,ES,ES,imbalance_price,Long,2026-09-07T08:26:35Z
2026-09-07T08:23:09Z,2026-09-07T10:23:09+0200,bcd3f249-d332-480a-95cf-6311f6ef2f92,2026-09-02T02:45:00Z,2026-09-02T04:45:00+0200,164.83,EUR/MWh,ES,ES,imbalance_price,Short,2026-09-07T08:26:35Z
2026-09-07T08:23:09Z,2026-09-07T10:23:09+0200,bcd3f249-d332-480a-95cf-6311f6ef2f92,2026-09-02T03:00:00Z,2026-09-02T05:00:00+0200,130.02,EUR/MWh,ES,ES,imbalance_price,Long,2026-09-07T08:26:35Z
2026-09-07T08:23:09Z,2026-09-07T10:23:09+0200,bcd3f249-d332-480a-95cf-6311f6ef2f92,2026-09-02T03:00:00Z,2026-09-02T05:00:00+0200,172.11,EUR/MWh,ES,ES,imbalance_price,Short,2026-09-07T08:26:35Z
2026-09-07T08:23:09Z,2026-09-07T10:23:09+0200,bcd3f249-d332-480a-95cf-6311f6ef2f92,2026-09-02T03:15:00Z,2026-09-02T05:15:00+0200,138.1,EUR/MWh,ES,ES,imbalance_price,Long,2026-09-07T08:26:35Z
2026-09-07T08:23:09Z,2026-09-07T10:23:09+0200,bcd3f249-d332-480a-95cf-6311f6ef2f92,2026-09-02T03:15:00Z,2026-09-02T05:15:00+0200,164.13,EUR/MWh,ES,ES,imbalance_price,Short,2026-09-07T08:26:35Z
2026-09-07T08:23:09Z,2026-09-07T10:23:09+0200,bcd3f249-d332-480a-95cf-6311f6ef2f92,2026-09-02T03:30:00Z,2026-09-02T05:30:00+0200,133.0,EUR/MWh,ES,ES,imbalance_price,Long,2026-09-07T08:26:35Z
2026-09-07T08:23:09Z,2026-09-07T10:23:09+0200,bcd3f249-d332-480a-95cf-6311f6ef2f92,2026-09-02T03:30:00Z,2026-09-02T05:30:00+0200,163.26,EUR/MWh,ES,ES,imbalance_price,Short,2026-09-07T08:26:35Z
2026-09-07T08:23:09Z,2026-09-07T10:23:09+0200,bcd3f249-d332-480a-95cf-6311f6ef2f92,2026-09-02T03:45:00Z,2026-09-02T05:45:00+0200,144.1,EUR/MWh,ES,ES,imbalance_price,Long,2026-09-07T08:26:35Z
2026-09-07T08:23:09Z,2026-09-07T10:23:09+0200,bcd3f249-d332-480a-95cf-6311f6ef2f92,2026-09-02T03:45:00Z,2026-09-02T05:45:00+0200,160.74,EUR/MWh,ES,ES,imbalance_price,Short,2026-09-07T08:26:35Z
2026-09-07T08:23:09Z,2026-09-07T10:23:09+0200,bcd3f249-d332-480a-95cf-6311f6ef2f92,2026-09-02T04:00:00Z,2026-09-02T06:00:00+0200,134.67,EUR/MWh,ES,ES,imbalance_price,Long,2026-09-07T08:26:35Z
2026-09-07T08:23:09Z,2026-09-07T10:23:09+0200,bcd3f249-d332-480a-95cf-6311f6ef2f92,2026-09-02T04:00:00Z,2026-09-02T06:00:00+0200,178.37,EUR/MWh,ES,ES,imbalance_price,Short,2026-09-07T08:26:35Z
2026-09-07T08:23:09Z,2026-09-07T10:23:09+0200,bcd3f249-d332-480a-95cf-6311f6ef2f92,2026-09-02T04:15:00Z,2026-09-02T06:15:00+0200,0.0,EUR/MWh,ES,ES,imbalance_price,Long,2026-09-07T08:26:35Z
2026-09-07T08:23:09Z,2026-09-07T10:23:09+0200,bcd3f249-d332-480a-95cf-6311f6ef2f92,2026-09-02T04:15:00Z,2026-09-02T06:15:00+0200,216.23,EUR/MWh,ES,ES,imbalance_price,Short,2026-09-07T08:26:35Z
2026-09-07T08:23:09Z,2026-09-07T10:23:09+0200,bcd3f249-d332-480a-95cf-6311f6ef2f92,2026-09-02T04:30:00Z,2026-09-02T06:30:00+0200,143.11,EUR/MWh,ES,ES,imbalance_price,Long,2026-09-07T08:26:35Z
2026-09-07T08:23:09Z,2026-09-07T10:23:09+0200,bcd3f249-d332-480a-95cf-6311f6ef2f92,2026-09-02T04:30:00Z,2026-09-02T06:30:00+0200,173.98,EUR/MWh,ES,ES,imbalance_price,Short,2026-09-07T08:26:35Z
2026-09-07T08:23:09Z,2026-09-07T10:23:09+0200,bcd3f249-d332-480a-95cf-6311f6ef2f92,2026-09-02T04:45:00Z,2026-09-02T06:45:00+0200,145.5,EUR/MWh,ES,ES,imbalance_price,Long,2026-09-07T08:26:35Z
2026-09-07T08:23:09Z,2026-09-07T10:23:09+0200,bcd3f249-d332-480a-95cf-6311f6ef2f92,2026-09-02T04:45:00Z,2026-09-02T06:45:00+0200,178.08,EUR/MWh,ES,ES,imbalance_price,Short,2026-09-07T08:26:35Z
2026-09-07T08:23:09Z,2026-09-07T10:23:09+0200,bcd3f249-d332-480a-95cf-6311f6ef2f92,2026-09-02T05:00:00Z,2026-09-02T07:00:00+0200,147.97,EUR/MWh,ES,ES,imbalance_price,Long,2026-09-07T08:26:35Z
2026-09-07T08:23:09Z,2026-09-07T10:23:09+0200,bcd3f249-d332-480a-95cf-6311f6ef2f92,2026-09-02T05:00:00Z,2026-09-02T07:00:00+0200,169.65,EUR/MWh,ES,ES,imbalance_price,Short,2026-09-07T08:26:35Z
2026-09-07T08:23:09Z,2026-09-07T10:23:09+0200,bcd3f249-d332-480a-95cf-6311f6ef2f92,2026-09-02T05:15:00Z,2026-09-02T07:15:00+0200,150.49,EUR/MWh,ES,ES,imbalance_price,Long,2026-09-07T08:26:35Z
2026-09-07T08:23:09Z,2026-09-07T10:23:09+0200,bcd3f249-d332-480a-95cf-6311f6ef2f92,2026-09-02T05:15:00Z,2026-09-02T07:15:00+0200,203.23,EUR/MWh,ES,ES,imbalance_price,Short,2026-09-07T08:26:35Z
2026-09-07T08:23:09Z,2026-09-07T10:23:09+0200,bcd3f249-d332-480a-95cf-6311f6ef2f92,2026-09-02T05:30:00Z,2026-09-02T07:30:00+0200,139.18,EUR/MWh,ES,ES,imbalance_price,Long,2026-09-07T08:26:35Z
2026-09-07T08:23:09Z,2026-09-07T10:23:09+0200,bcd3f249-d332-480a-95cf-6311f6ef2f92,2026-09-02T05:30:00Z,2026-09-02T07:30:00+0200,209.35,EUR/MWh,ES,ES,imbalance_price,Short,2026-09-07T08:26:35Z
2026-09-07T08:23:09Z,2026-09-07T10:23:09+0200,bcd3f249-d332-480a-95cf-6311f6ef2f92,2026-09-02T05:45:00Z,2026-09-02T07:45:00+0200,138.98,EUR/MWh,ES,ES,imbalance_price,Long,2026-09-07T08:26:35Z
2026-09-07T08:23:09Z,2026-09-07T10:23:09+0200,bcd3f249-d332-480a-95cf-6311f6ef2f92,2026-09-02T05:45:00Z,2026-09-02T07:45:00+0200,195.4,EUR/MWh,ES,ES,imbalance_price,Short,2026-09-07T08:26:35Z
2026-09-07T08:23:09Z,2026-09-07T10:23:09+0200,bcd3f249-d332-480a-95cf-6311f6ef2f92,2026-09-02T06:00:00Z,2026-09-02T08:00:00+0200,174.84,EUR/MWh,ES,ES,imbalance_price,Long,2026-09-07T08:26:35Z
2026-09-07T08:23:09Z,2026-09-07T10:23:09+0200,bcd3f249-d332-480a-95cf-6311f6ef2f92,2026-09-02T06:00:00Z,2026-09-02T08:00:00+0200,174.84,EUR/MWh,ES,ES,imbalance_price,Short,2026-09-07T08:26:35Z
2026-09-07T08:23:09Z,2026-09-07T10:23:09+0200,bcd3f249-d332-480a-95cf-6311f6ef2f92,2026-09-02T06:15:00Z,2026-09-02T08:15:00+0200,195.65,EUR/MWh,ES,ES,imbalance_price,Long,2026-09-07T08:26:35Z
2026-09-07T08:23:09Z,2026-09-07T10:23:09+0200,bcd3f249-d332-480a-95cf-6311f6ef2f92,2026-09-02T06:15:00Z,2026-09-02T08:15:00+0200,195.65,EUR/MWh,ES,ES,imbalance_price,Short,2026-09-07T08:26:35Z
2026-09-07T08:23:09Z,2026-09-07T10:23:09+0200,bcd3f249-d332-480a-95cf-6311f6ef2f92,2026-09-02T06:30:00Z,2026-09-02T08:30:00+0200,123.78,EUR/MWh,ES,ES,imbalance_price,Long,2026-09-07T08:26:35Z
2026-09-07T08:23:09Z,2026-09-07T10:23:09+0200,bcd3f249-d332-480a-95cf-6311f6ef2f92,2026-09-02T06:30:00Z,2026-09-02T08:30:00+0200,188.66,EUR/MWh,ES,ES,imbalance_price,Short,2026-09-07T08:26:35Z
2026-09-07T08:23:09Z,2026-09-07T10:23:09+0200,bcd3f249-d332-480a-95cf-6311f6ef2f92,2026-09-02T06:45:00Z,2026-09-02T08:45:00+0200,113.27,EUR/MWh,ES,ES,imbalance_price,Long,2026-09-07T08:26:35Z
2026-09-07T08:23:09Z,2026-09-07T10:23:09+0200,bcd3f249-d332-480a-95cf-6311f6ef2f92,2026-09-02T06:45:00Z,2026-09-02T08:45:00+0200,165.77,EUR/MWh,ES,ES,imbalance_price,Short,2026-09-07T08:26:35Z
2026-09-07T08:23:09Z,2026-09-07T10:23:09+0200,bcd3f249-d332-480a-95cf-6311f6ef2f92,2026-09-02T07:00:00Z,2026-09-02T09:00:00+0200,130.16,EUR/MWh,ES,ES,imbalance_price,Long,2026-09-07T08:26:35Z
2026-09-07T08:23:09Z,2026-09-07T10:23:09+0200,bcd3f249-d332-480a-95cf-6311f6ef2f92,2026-09-02T07:00:00Z,2026-09-02T09:00:00+0200,164.8,EUR/MWh,ES,ES,imbalance_price,Short,2026-09-07T08:26:35Z
2026-09-07T08:23:09Z,2026-09-07T10:23:09+0200,bcd3f249-d332-480a-95cf-6311f6ef2f92,2026-09-02T07:15:00Z,2026-09-02T09:15:00+0200,107.71,EUR/MWh,ES,ES,imbalance_price,Long,2026-09-07T08:26:35Z
2026-09-07T08:23:09Z,2026-09-07T10:23:09+0200,bcd3f249-d332-480a-95cf-6311f6ef2f92,2026-09-02T07:15:00Z,2026-09-02T09:15:00+0200,204.14,EUR/MWh,ES,ES,imbalance_price,Short,2026-09-07T08:26:35Z
2026-09-07T08:23:09Z,2026-09-07T10:23:09+0200,bcd3f249-d332-480a-95cf-6311f6ef2f92,2026-09-02T07:30:00Z,2026-09-02T09:30:00+0200,90.01,EUR/MWh,ES,ES,imbalance_price,Long,2026-09-07T08:26:35Z
2026-09-07T08:23:09Z,2026-09-07T10:23:09+0200,bcd3f249-d332-480a-95cf-6311f6ef2f92,2026-09-02T07:30:00Z,2026-09-02T09:30:00+0200,155.08,EUR/MWh,ES,ES,imbalance_price,Short,2026-09-07T08:26:35Z
2026-09-07T08:23:09Z,2026-09-07T10:23:09+0200,bcd3f249-d332-480a-95cf-6311f6ef2f92,2026-09-02T07:45:00Z,2026-09-02T09:45:00+0200,27.38,EUR/MWh,ES,ES,imbalance_price,Long,2026-09-07T08:26:35Z
2026-09-07T08:23:09Z,2026-09-07T10:23:09+0200,bcd3f249-d332-480a-95cf-6311f6ef2f92,2026-09-02T07:45:00Z,2026-09-02T09:45:00+0200,159.66,EUR/MWh,ES,ES,imbalance_price,Short,2026-09-07T08:26:35Z
2026-09-07T08:23:09Z,2026-09-07T10:23:09+0200,bcd3f249-d332-480a-95cf-6311f6ef2f92,2026-09-02T08:00:00Z,2026-09-02T10:00:00+0200,4.82,EUR/MWh,ES,ES,imbalance_price,Long,2026-09-07T08:26:35Z
2026-09-07T08:23:09Z,2026-09-07T10:23:09+0200,bcd3f249-d332-480a-95cf-6311f6ef2f92,2026-09-02T08:00:00Z,2026-09-02T10:00:00+0200,138.3,EUR/MWh,ES,ES,imbalance_price,Short,2026-09-07T08:26:35Z
2026-09-07T08:23:09Z,2026-09-07T10:23:09+0200,bcd3f249-d332-480a-95cf-6311f6ef2f92,2026-09-02T08:15:00Z,2026-09-02T10:15:00+0200,57.23,EUR/MWh,ES,ES,imbalance_price,Long,2026-09-07T08:26:35Z
2026-09-07T08:23:09Z,2026-09-07T10:23:09+0200,bcd3f249-d332-480a-95cf-6311f6ef2f92,2026-09-02T08:15:00Z,2026-09-02T10:15:00+0200,142.35,EUR/MWh,ES,ES,imbalance_price,Short,2026-09-07T08:26:35Z
2026-09-07T08:23:09Z,2026-09-07T10:23:09+0200,bcd3f249-d332-480a-95cf-6311f6ef2f92,2026-09-02T08:30:00Z,2026-09-02T10:30:00+0200,-0.98,EUR/MWh,ES,ES,imbalance_price,Long,2026-09-07T08:26:35Z
2026-09-07T08:23:09Z,2026-09-07T10:23:09+0200,bcd3f249-d332-480a-95cf-6311f6ef2f92,2026-09-02T08:30:00Z,2026-09-02T10:30:00+0200,156.25,EUR/MWh,ES,ES,imbalance_price,Short,2026-09-07T08:26:35Z
2026-09-07T08:23:09Z,2026-09-07T10:23:09+0200,bcd3f249-d332-480a-95cf-6311f6ef2f92,2026-09-02T08:45:00Z,2026-09-02T10:45:00+0200,57.94,EUR/MWh,ES,ES,imbalance_price,Long,2026-09-07T08:26:35Z
2026-09-07T08:23:09Z,2026-09-07T10:23:09+0200,bcd3f249-d332-480a-95cf-6311f6ef2f92,2026-09-02T08:45:00Z,2026-09-02T10:45:00+0200,101.92,EUR/MWh,ES,ES,imbalance_price,Short,2026-09-07T08:26:35Z
2026-09-07T08:23:09Z,2026-09-07T10:23:09+0200,bcd3f249-d332-480a-95cf-6311f6ef2f92,2026-09-02T09:00:00Z,2026-09-02T11:00:00+0200,30.05,EUR/MWh,ES,ES,imbalance_price,Long,2026-09-07T08:26:35Z
2026-09-07T08:23:09Z,2026-09-07T10:23:09+0200,bcd3f249-d332-480a-95cf-6311f6ef2f92,2026-09-02T09:00:00Z,2026-09-02T11:00:00+0200,115.34,EUR/MWh,ES,ES,imbalance_price,Short,2026-09-07T08:26:35Z
2026-09-07T08:23:09Z,2026-09-07T10:23:09+0200,bcd3f249-d332-480a-95cf-6311f6ef2f92,2026-09-02T09:15:00Z,2026-09-02T11:15:00+0200,13.44,EUR/MWh,ES,ES,imbalance_price,Long,2026-09-07T08:26:35Z
2026-09-07T08:23:09Z,2026-09-07T10:23:09+0200,bcd3f249-d332-480a-95cf-6311f6ef2f92,2026-09-02T09:15:00Z,2026-09-02T11:15:00+0200,57.06,EUR/MWh,ES,ES,imbalance_price,Short,2026-09-07T08:26:35Z
2026-09-07T08:23:09Z,2026-09-07T10:23:09+0200,bcd3f249-d332-480a-95cf-6311f6ef2f92,2026-09-02T09:30:00Z,2026-09-02T11:30:00+0200,18.49,EUR/MWh,ES,ES,imbalance_price,Long,2026-09-07T08:26:35Z
2026-09-07T08:23:09Z,2026-09-07T10:23:09+0200,bcd3f249-d332-480a-95cf-6311f6ef2f92,2026-09-02T09:30:00Z,2026-09-02T11:30:00+0200,29.16,EUR/MWh,ES,ES,imbalance_price,Short,2026-09-07T08:26:35Z
2026-09-07T08:23:09Z,2026-09-07T10:23:09+0200,bcd3f249-d332-480a-95cf-6311f6ef2f92,2026-09-02T09:45:00Z,2026-09-02T11:45:00+0200,46.2,EUR/MWh,ES,ES,imbalance_price,Long,2026-09-07T08:26:35Z
2026-09-07T08:23:09Z,2026-09-07T10:23:09+0200,bcd3f249-d332-480a-95cf-6311f6ef2f92,2026-09-02T09:45:00Z,2026-09-02T11:45:00+0200,6.1,EUR/MWh,ES,ES,imbalance_price,Short,2026-09-07T08:26:35Z
2026-09-07T08:23:09Z,2026-09-07T10:23:09+0200,bcd3f249-d332-480a-95cf-6311f6ef2f92,2026-09-02T10:00:00Z,2026-09-02T12:00:00+0200,1.53,EUR/MWh,ES,ES,imbalance_price,Long,2026-09-07T08:26:35Z
2026-09-07T08:23:09Z,2026-09-07T10:23:09+0200,bcd3f249-d332-480a-95cf-6311f6ef2f92,2026-09-02T10:00:00Z,2026-09-02T12:00:00+0200,5.22,EUR/MWh,ES,ES,imbalance_price,Short,2026-09-07T08:26:35Z
2026-09-07T08:23:09Z,2026-09-07T10:23:09+0200,bcd3f249-d332-480a-95cf-6311f6ef2f92,2026-09-02T10:15:00Z,2026-09-02T12:15:00+0200,0.94,EUR/MWh,ES,ES,imbalance_price,Long,2026-09-07T08:26:35Z
2026-09-07T08:23:09Z,2026-09-07T10:23:09+0200,bcd3f249-d332-480a-95cf-6311f6ef2f92,2026-09-02T10:15:00Z,2026-09-02T12:15:00+0200,9.6,EUR/MWh,ES,ES,imbalance_price,Short,2026-09-07T08:26:35Z
2026-09-07T08:23:09Z,2026-09-07T10:23:09+0200,bcd3f249-d332-480a-95cf-6311f6ef2f92,2026-09-02T10:30:00Z,2026-09-02T12:30:00+0200,1.29,EUR/MWh,ES,ES,imbalance_price,Long,2026-09-07T08:26:35Z
2026-09-07T08:23:09Z,2026-09-07T10:23:09+0200,bcd3f249-d332-480a-95cf-6311f6ef2f92,2026-09-02T10:30:00Z,2026-09-02T12:30:00+0200,3.48,EUR/MWh,ES,ES,imbalance_price,Short,2026-09-07T08:26:35Z
2026-09-07T08:23:09Z,2026-09-07T10:23:09+0200,bcd3f249-d332-480a-95cf-6311f6ef2f92,2026-09-02T10:45:00Z,2026-09-02T12:45:00+0200,4.5,EUR/MWh,ES,ES,imbalance_price,Long,2026-09-07T08:26:35Z
2026-09-07T08:23:09Z,2026-09-07T10:23:09+0200,bcd3f249-d332-480a-95cf-6311f6ef2f92,2026-09-02T10:45:00Z,2026-09-02T12:45:00+0200,3.47,EUR/MWh,ES,ES,imbalance_price,Short,2026-09-07T08:26:35Z
2026-09-07T08:23:09Z,2026-09-07T10:23:09+0200,bcd3f249-d332-480a-95cf-6311f6ef2f92,2026-09-02T11:00:00Z,2026-09-02T13:00:00+0200,35.86,EUR/MWh,ES,ES,imbalance_price,Long,2026-09-07T08:26:35Z
2026-09-07T08:23:09Z,2026-09-07T10:23:09+0200,bcd3f249-d332-480a-95cf-6311f6ef2f92,2026-09-02T11:00:00Z,2026-09-02T13:00:00+0200,35.86,EUR/MWh,ES,ES,imbalance_price,Short,2026-09-07T08:26:35Z
2026-09-07T08:23:09Z,2026-09-07T10:23:09+0200,bcd3f249-d332-480a-95cf-6311f6ef2f92,2026-09-02T11:15:00Z,2026-09-02T13:15:00+0200,-1.13,EUR/MWh,ES,ES,imbalance_price,Long,2026-09-07T08:26:35Z
2026-09-07T08:23:09Z,2026-09-07T10:23:09+0200,bcd3f249-d332-480a-95cf-6311f6ef2f92,2026-09-02T11:15:00Z,2026-09-02T13:15:00+0200,87.12,EUR/MWh,ES,ES,imbalance_price,Short,2026-09-07T08:26:35Z
2026-09-07T08:23:09Z,2026-09-07T10:23:09+0200,bcd3f249-d332-480a-95cf-6311f6ef2f92,2026-09-02T11:30:00Z,2026-09-02T13:30:00+0200,5.05,EUR/MWh,ES,ES,imbalance_price,Long,2026-09-07T08:26:35Z
2026-09-07T08:23:09Z,2026-09-07T10:23:09+0200,bcd3f249-d332-480a-95cf-6311f6ef2f92,2026-09-02T11:30:00Z,2026-09-02T13:30:00+0200,78.44,EUR/MWh,ES,ES,imbalance_price,Short,2026-09-07T08:26:35Z
2026-09-07T08:23:09Z,2026-09-07T10:23:09+0200,bcd3f249-d332-480a-95cf-6311f6ef2f92,2026-09-02T11:45:00Z,2026-09-02T13:45:00+0200,3.51,EUR/MWh,ES,ES,imbalance_price,Long,2026-09-07T08:26:35Z
2026-09-07T08:23:09Z,2026-09-07T10:23:09+0200,bcd3f249-d332-480a-95cf-6311f6ef2f92,2026-09-02T11:45:00Z,2026-09-02T13:45:00+0200,3.51,EUR/MWh,ES,ES,imbalance_price,Short,2026-09-07T08:26:35Z
2026-09-07T08:23:09Z,2026-09-07T10:23:09+0200,bcd3f249-d332-480a-95cf-6311f6ef2f92,2026-09-02T12:00:00Z,2026-09-02T14:00:00+0200,7.81,EUR/MWh,ES,ES,imbalance_price,Long,2026-09-07T08:26:35Z
2026-09-07T08:23:09Z,2026-09-07T10:23:09+0200,bcd3f249-d332-480a-95cf-6311f6ef2f92,2026-09-02T12:00:00Z,2026-09-02T14:00:00+0200,7.81,EUR/MWh,ES,ES,imbalance_price,Short,2026-09-07T08:26:35Z
2026-09-07T08:23:09Z,2026-09-07T10:23:09+0200,bcd3f249-d332-480a-95cf-6311f6ef2f92,2026-09-02T12:15:00Z,2026-09-02T14:15:00+0200,0.44,EUR/MWh,ES,ES,imbalance_price,Long,2026-09-07T08:26:35Z
2026-09-07T08:23:09Z,2026-09-07T10:23:09+0200,bcd3f249-d332-480a-95cf-6311f6ef2f92,2026-09-02T12:15:00Z,2026-09-02T14:15:00+0200,0.44,EUR/MWh,ES,ES,imbalance_price,Short,2026-09-07T08:26:35Z
2026-09-07T08:23:09Z,2026-09-07T10:23:09+0200,bcd3f249-d332-480a-95cf-6311f6ef2f92,2026-09-02T12:30:00Z,2026-09-02T14:30:00+0200,-0.03,EUR/MWh,ES,ES,imbalance_price,Long,2026-09-07T08:26:35Z
2026-09-07T08:23:09Z,2026-09-07T10:23:09+0200,bcd3f249-d332-480a-95cf-6311f6ef2f92,2026-09-02T12:30:00Z,2026-09-02T14:30:00+0200,0.0,EUR/MWh,ES,ES,imbalance_price,Short,2026-09-07T08:26:35Z
2026-09-07T08:23:09Z,2026-09-07T10:23:09+0200,bcd3f249-d332-480a-95cf-6311f6ef2f92,2026-09-02T12:45:00Z,2026-09-02T14:45:00+0200,-0.4,EUR/MWh,ES,ES,imbalance_price,Long,2026-09-07T08:26:35Z
2026-09-07T08:23:09Z,2026-09-07T10:23:09+0200,bcd3f249-d332-480a-95cf-6311f6ef2f92,2026-09-02T12:45:00Z,2026-09-02T14:45:00+0200,84.11,EUR/MWh,ES,ES,imbalance_price,Short,2026-09-07T08:26:35Z
2026-09-07T08:23:09Z,2026-09-07T10:23:09+0200,bcd3f249-d332-480a-95cf-6311f6ef2f92,2026-09-02T13:00:00Z,2026-09-02T15:00:00+0200,-0.04,EUR/MWh,ES,ES,imbalance_price,Long,2026-09-07T08:26:35Z
2026-09-07T08:23:09Z,2026-09-07T10:23:09+0200,bcd3f249-d332-480a-95cf-6311f6ef2f92,2026-09-02T13:00:00Z,2026-09-02T15:00:00+0200,79.18,EUR/MWh,ES,ES,imbalance_price,Short,2026-09-07T08:26:35Z
2026-09-07T08:23:09Z,2026-09-07T10:23:09+0200,bcd3f249-d332-480a-95cf-6311f6ef2f92,2026-09-02T13:15:00Z,2026-09-02T15:15:00+0200,42.99,EUR/MWh,ES,ES,imbalance_price,Long,2026-09-07T08:26:35Z
2026-09-07T08:23:09Z,2026-09-07T10:23:09+0200,bcd3f249-d332-480a-95cf-6311f6ef2f92,2026-09-02T13:15:00Z,2026-09-02T15:15:00+0200,59.28,EUR/MWh,ES,ES,imbalance_price,Short,2026-09-07T08:26:35Z
2026-09-07T08:23:09Z,2026-09-07T10:23:09+0200,bcd3f249-d332-480a-95cf-6311f6ef2f92,2026-09-02T13:30:00Z,2026-09-02T15:30:00+0200,45.28,EUR/MWh,ES,ES,imbalance_price,Long,2026-09-07T08:26:35Z
2026-09-07T08:23:09Z,2026-09-07T10:23:09+0200,bcd3f249-d332-480a-95cf-6311f6ef2f92,2026-09-02T13:30:00Z,2026-09-02T15:30:00+0200,61.17,EUR/MWh,ES,ES,imbalance_price,Short,2026-09-07T08:26:35Z
2026-09-07T08:23:09Z,2026-09-07T10:23:09+0200,bcd3f249-d332-480a-95cf-6311f6ef2f92,2026-09-02T13:45:00Z,2026-09-02T15:45:00+0200,42.76,EUR/MWh,ES,ES,imbalance_price,Long,2026-09-07T08:26:35Z
2026-09-07T08:23:09Z,2026-09-07T10:23:09+0200,bcd3f249-d332-480a-95cf-6311f6ef2f92,2026-09-02T13:45:00Z,2026-09-02T15:45:00+0200,66.99,EUR/MWh,ES,ES,imbalance_price,Short,2026-09-07T08:26:35Z
2026-09-07T08:23:09Z,2026-09-07T10:23:09+0200,bcd3f249-d332-480a-95cf-6311f6ef2f92,2026-09-02T14:00:00Z,2026-09-02T16:00:00+0200,58.03,EUR/MWh,ES,ES,imbalance_price,Long,2026-09-07T08:26:35Z
2026-09-07T08:23:09Z,2026-09-07T10:23:09+0200,bcd3f249-d332-480a-95cf-6311f6ef2f92,2026-09-02T14:00:00Z,2026-09-02T16:00:00+0200,88.89,EUR/MWh,ES,ES,imbalance_price,Short,2026-09-07T08:26:35Z
2026-09-07T08:23:09Z,2026-09-07T10:23:09+0200,bcd3f249-d332-480a-95cf-6311f6ef2f92,2026-09-02T14:15:00Z,2026-09-02T16:15:00+0200,61.93,EUR/MWh,ES,ES,imbalance_price,Long,2026-09-07T08:26:35Z
2026-09-07T08:23:09Z,2026-09-07T10:23:09+0200,bcd3f249-d332-480a-95cf-6311f6ef2f92,2026-09-02T14:15:00Z,2026-09-02T16:15:00+0200,104.13,EUR/MWh,ES,ES,imbalance_price,Short,2026-09-07T08:26:35Z
2026-09-07T08:23:09Z,2026-09-07T10:23:09+0200,bcd3f249-d332-480a-95cf-6311f6ef2f92,2026-09-02T14:30:00Z,2026-09-02T16:30:00+0200,60.47,EUR/MWh,ES,ES,imbalance_price,Long,2026-09-07T08:26:35Z
2026-09-07T08:23:09Z,2026-09-07T10:23:09+0200,bcd3f249-d332-480a-95cf-6311f6ef2f92,2026-09-02T14:30:00Z,2026-09-02T16:30:00+0200,124.71,EUR/MWh,ES,ES,imbalance_price,Short,2026-09-07T08:26:35Z
2026-09-07T08:23:09Z,2026-09-07T10:23:09+0200,bcd3f249-d332-480a-95cf-6311f6ef2f92,2026-09-02T14:45:00Z,2026-09-02T16:45:00+0200,60.38,EUR/MWh,ES,ES,imbalance_price,Long,2026-09-07T08:26:35Z
2026-09-07T08:23:09Z,2026-09-07T10:23:09+0200,bcd3f249-d332-480a-95cf-6311f6ef2f92,2026-09-02T14:45:00Z,2026-09-02T16:45:00+0200,145.43,EUR/MWh,ES,ES,imbalance_price,Short,2026-09-07T08:26:35Z
2026-09-07T08:23:09Z,2026-09-07T10:23:09+0200,bcd3f249-d332-480a-95cf-6311f6ef2f92,2026-09-02T15:00:00Z,2026-09-02T17:00:00+0200,51.03,EUR/MWh,ES,ES,imbalance_price,Long,2026-09-07T08:26:35Z
2026-09-07T08:23:09Z,2026-09-07T10:23:09+0200,bcd3f249-d332-480a-95cf-6311f6ef2f92,2026-09-02T15:00:00Z,2026-09-02T17:00:00+0200,51.03,EUR/MWh,ES,ES,imbalance_price,Short,2026-09-07T08:26:35Z
2026-09-07T08:23:09Z,2026-09-07T10:23:09+0200,bcd3f249-d332-480a-95cf-6311f6ef2f92,2026-09-02T15:15:00Z,2026-09-02T17:15:00+0200,47.62,EUR/MWh,ES,ES,imbalance_price,Long,2026-09-07T08:26:35Z
2026-09-07T08:23:09Z,2026-09-07T10:23:09+0200,bcd3f249-d332-480a-95cf-6311f6ef2f92,2026-09-02T15:15:00Z,2026-09-02T17:15:00+0200,124.02,EUR/MWh,ES,ES,imbalance_price,Short,2026-09-07T08:26:35Z
2026-09-07T08:23:09Z,2026-09-07T10:23:09+0200,bcd3f249-d332-480a-95cf-6311f6ef2f92,2026-09-02T15:30:00Z,2026-09-02T17:30:00+0200,51.7,EUR/MWh,ES,ES,imbalance_price,Long,2026-09-07T08:26:35Z
2026-09-07T08:23:09Z,2026-09-07T10:23:09+0200,bcd3f249-d332-480a-95cf-6311f6ef2f92,2026-09-02T15:30:00Z,2026-09-02T17:30:00+0200,144.79,EUR/MWh,ES,ES,imbalance_price,Short,2026-09-07T08:26:35Z
2026-09-07T08:23:09Z,2026-09-07T10:23:09+0200,bcd3f249-d332-480a-95cf-6311f6ef2f92,2026-09-02T15:45:00Z,2026-09-02T17:45:00+0200,45.54,EUR/MWh,ES,ES,imbalance_price,Long,2026-09-07T08:26:35Z
2026-09-07T08:23:09Z,2026-09-07T10:23:09+0200,bcd3f249-d332-480a-95cf-6311f6ef2f92,2026-09-02T15:45:00Z,2026-09-02T17:45:00+0200,150.22,EUR/MWh,ES,ES,imbalance_price,Short,2026-09-07T08:26:35Z
2026-09-07T08:23:09Z,2026-09-07T10:23:09+0200,bcd3f249-d332-480a-95cf-6311f6ef2f92,2026-09-02T16:00:00Z,2026-09-02T18:00:00+0200,1.36,EUR/MWh,ES,ES,imbalance_price,Long,2026-09-07T08:26:35Z
2026-09-07T08:23:09Z,2026-09-07T10:23:09+0200,bcd3f249-d332-480a-95cf-6311f6ef2f92,2026-09-02T16:00:00Z,2026-09-02T18:00:00+0200,125.92,EUR/MWh,ES,ES,imbalance_price,Short,2026-09-07T08:26:35Z
2026-09-07T08:23:09Z,2026-09-07T10:23:09+0200,bcd3f249-d332-480a-95cf-6311f6ef2f92,2026-09-02T16:15:00Z,2026-09-02T18:15:00+0200,46.4,EUR/MWh,ES,ES,imbalance_price,Long,2026-09-07T08:26:35Z
2026-09-07T08:23:09Z,2026-09-07T10:23:09+0200,bcd3f249-d332-480a-95cf-6311f6ef2f92,2026-09-02T16:15:00Z,2026-09-02T18:15:00+0200,164.24,EUR/MWh,ES,ES,imbalance_price,Short,2026-09-07T08:26:35Z
2026-09-07T08:23:09Z,2026-09-07T10:23:09+0200,bcd3f249-d332-480a-95cf-6311f6ef2f92,2026-09-02T16:30:00Z,2026-09-02T18:30:00+0200,73.14,EUR/MWh,ES,ES,imbalance_price,Long,2026-09-07T08:26:35Z
2026-09-07T08:23:09Z,2026-09-07T10:23:09+0200,bcd3f249-d332-480a-95cf-6311f6ef2f92,2026-09-02T16:30:00Z,2026-09-02T18:30:00+0200,180.98,EUR/MWh,ES,ES,imbalance_price,Short,2026-09-07T08:26:35Z
2026-09-07T08:23:09Z,2026-09-07T10:23:09+0200,bcd3f249-d332-480a-95cf-6311f6ef2f92,2026-09-02T16:45:00Z,2026-09-02T18:45:00+0200,109.57,EUR/MWh,ES,ES,imbalance_price,Long,2026-09-07T08:26:35Z
2026-09-07T08:23:09Z,2026-09-07T10:23:09+0200,bcd3f249-d332-480a-95cf-6311f6ef2f92,2026-09-02T16:45:00Z,2026-09-02T18:45:00+0200,200.0,EUR/MWh,ES,ES,imbalance_price,Short,2026-09-07T08:26:35Z
2026-09-07T08:23:09Z,2026-09-07T10:23:09+0200,bcd3f249-d332-480a-95cf-6311f6ef2f92,2026-09-02T17:00:00Z,2026-09-02T19:00:00+0200,42.13,EUR/MWh,ES,ES,imbalance_price,Long,2026-09-07T08:26:35Z
2026-09-07T08:23:09Z,2026-09-07T10:23:09+0200,bcd3f249-d332-480a-95cf-6311f6ef2f92,2026-09-02T17:00:00Z,2026-09-02T19:00:00+0200,174.54,EUR/MWh,ES,ES,imbalance_price,Short,2026-09-07T08:26:35Z
2026-09-07T08:23:09Z,2026-09-07T10:23:09+0200,bcd3f249-d332-480a-95cf-6311f6ef2f92,2026-09-02T17:15:00Z,2026-09-02T19:15:00+0200,171.92,EUR/MWh,ES,ES,imbalance_price,Long,2026-09-07T08:26:35Z
2026-09-07T08:23:09Z,2026-09-07T10:23:09+0200,bcd3f249-d332-480a-95cf-6311f6ef2f92,2026-09-02T17:15:00Z,2026-09-02T19:15:00+0200,171.92,EUR/MWh,ES,ES,imbalance_price,Short,2026-09-07T08:26:35Z
2026-09-07T08:23:09Z,2026-09-07T10:23:09+0200,bcd3f249-d332-480a-95cf-6311f6ef2f92,2026-09-02T17:30:00Z,2026-09-02T19:30:00+0200,173.46,EUR/MWh,ES,ES,imbalance_price,Long,2026-09-07T08:26:35Z
2026-09-07T08:23:09Z,2026-09-07T10:23:09+0200,bcd3f249-d332-480a-95cf-6311f6ef2f92,2026-09-02T17:30:00Z,2026-09-02T19:30:00+0200,173.46,EUR/MWh,ES,ES,imbalance_price,Short,2026-09-07T08:26:35Z
2026-09-07T08:23:09Z,2026-09-07T10:23:09+0200,bcd3f249-d332-480a-95cf-6311f6ef2f92,2026-09-02T17:45:00Z,2026-09-02T19:45:00+0200,122.57,EUR/MWh,ES,ES,imbalance_price,Long,2026-09-07T08:26:35Z
2026-09-07T08:23:09Z,2026-09-07T10:23:09+0200,bcd3f249-d332-480a-95cf-6311f6ef2f92,2026-09-02T17:45:00Z,2026-09-02T19:45:00+0200,167.64,EUR/MWh,ES,ES,imbalance_price,Short,2026-09-07T08:26:35Z
2026-09-07T08:23:09Z,2026-09-07T10:23:09+0200,bcd3f249-d332-480a-95cf-6311f6ef2f92,2026-09-02T18:00:00Z,2026-09-02T20:00:00+0200,150.66,EUR/MWh,ES,ES,imbalance_price,Long,2026-09-07T08:26:35Z
2026-09-07T08:23:09Z,2026-09-07T10:23:09+0200,bcd3f249-d332-480a-95cf-6311f6ef2f92,2026-09-02T18:00:00Z,2026-09-02T20:00:00+0200,166.74,EUR/MWh,ES,ES,imbalance_price,Short,2026-09-07T08:26:35Z
2026-09-07T08:23:09Z,2026-09-07T10:23:09+0200,bcd3f249-d332-480a-95cf-6311f6ef2f92,2026-09-02T18:15:00Z,2026-09-02T20:15:00+0200,170.0,EUR/MWh,ES,ES,imbalance_price,Long,2026-09-07T08:26:35Z
2026-09-07T08:23:09Z,2026-09-07T10:23:09+0200,bcd3f249-d332-480a-95cf-6311f6ef2f92,2026-09-02T18:15:00Z,2026-09-02T20:15:00+0200,179.52,EUR/MWh,ES,ES,imbalance_price,Short,2026-09-07T08:26:35Z
2026-09-07T08:23:09Z,2026-09-07T10:23:09+0200,bcd3f249-d332-480a-95cf-6311f6ef2f92,2026-09-02T18:30:00Z,2026-09-02T20:30:00+0200,0.0,EUR/MWh,ES,ES,imbalance_price,Long,2026-09-07T08:26:35Z
2026-09-07T08:23:09Z,2026-09-07T10:23:09+0200,bcd3f249-d332-480a-95cf-6311f6ef2f92,2026-09-02T18:30:00Z,2026-09-02T20:30:00+0200,184.7,EUR/MWh,ES,ES,imbalance_price,Short,2026-09-07T08:26:35Z
2026-09-07T08:23:09Z,2026-09-07T10:23:09+0200,bcd3f249-d332-480a-95cf-6311f6ef2f92,2026-09-02T18:45:00Z,2026-09-02T20:45:00+0200,203.17,EUR/MWh,ES,ES,imbalance_price,Long,2026-09-07T08:26:35Z
2026-09-07T08:23:09Z,2026-09-07T10:23:09+0200,bcd3f249-d332-480a-95cf-6311f6ef2f92,2026-09-02T18:45:00Z,2026-09-02T20:45:00+0200,181.83,EUR/MWh,ES,ES,imbalance_price,Short,2026-09-07T08:26:35Z
2026-09-07T08:23:09Z,2026-09-07T10:23:09+0200,bcd3f249-d332-480a-95cf-6311f6ef2f92,2026-09-02T19:00:00Z,2026-09-02T21:00:00+0200,0.0,EUR/MWh,ES,ES,imbalance_price,Long,2026-09-07T08:26:35Z
2026-09-07T08:23:09Z,2026-09-07T10:23:09+0200,bcd3f249-d332-480a-95cf-6311f6ef2f92,2026-09-02T19:00:00Z,2026-09-02T21:00:00+0200,174.89,EUR/MWh,ES,ES,imbalance_price,Short,2026-09-07T08:26:35Z
2026-09-07T08:23:09Z,2026-09-07T10:23:09+0200,bcd3f249-d332-480a-95cf-6311f6ef2f92,2026-09-02T19:15:00Z,2026-09-02T21:15:00+0200,0.0,EUR/MWh,ES,ES,imbalance_price,Long,2026-09-07T08:26:35Z
2026-09-07T08:23:09Z,2026-09-07T10:23:09+0200,bcd3f249-d332-480a-95cf-6311f6ef2f92,2026-09-02T19:15:00Z,2026-09-02T21:15:00+0200,172.43,EUR/MWh,ES,ES,imbalance_price,Short,2026-09-07T08:26:35Z
2026-09-07T08:23:09Z,2026-09-07T10:23:09+0200,bcd3f249-d332-480a-95cf-6311f6ef2f92,2026-09-02T19:30:00Z,2026-09-02T21:30:00+0200,185.16,EUR/MWh,ES,ES,imbalance_price,Long,2026-09-07T08:26:35Z
2026-09-07T08:23:09Z,2026-09-07T10:23:09+0200,bcd3f249-d332-480a-95cf-6311f6ef2f92,2026-09-02T19:30:00Z,2026-09-02T21:30:00+0200,170.13,EUR/MWh,ES,ES,imbalance_price,Short,2026-09-07T08:26:35Z
2026-09-07T08:23:09Z,2026-09-07T10:23:09+0200,bcd3f249-d332-480a-95cf-6311f6ef2f92,2026-09-02T19:45:00Z,2026-09-02T21:45:00+0200,119.63,EUR/MWh,ES,ES,imbalance_price,Long,2026-09-07T08:26:35Z
2026-09-07T08:23:09Z,2026-09-07T10:23:09+0200,bcd3f249-d332-480a-95cf-6311f6ef2f92,2026-09-02T19:45:00Z,2026-09-02T21:45:00+0200,166.97,EUR/MWh,ES,ES,imbalance_price,Short,2026-09-07T08:26:35Z
2026-09-07T08:23:09Z,2026-09-07T10:23:09+0200,bcd3f249-d332-480a-95cf-6311f6ef2f92,2026-09-02T20:00:00Z,2026-09-02T22:00:00+0200,143.65,EUR/MWh,ES,ES,imbalance_price,Long,2026-09-07T08:26:35Z
2026-09-07T08:23:09Z,2026-09-07T10:23:09+0200,bcd3f249-d332-480a-95cf-6311f6ef2f92,2026-09-02T20:00:00Z,2026-09-02T22:00:00+0200,163.38,EUR/MWh,ES,ES,imbalance_price,Short,2026-09-07T08:26:35Z
2026-09-07T08:23:09Z,2026-09-07T10:23:09+0200,bcd3f249-d332-480a-95cf-6311f6ef2f92,2026-09-02T20:15:00Z,2026-09-02T22:15:00+0200,140.89,EUR/MWh,ES,ES,imbalance_price,Long,2026-09-07T08:26:35Z
2026-09-07T08:23:09Z,2026-09-07T10:23:09+0200,bcd3f249-d332-480a-95cf-6311f6ef2f92,2026-09-02T20:15:00Z,2026-09-02T22:15:00+0200,163.6,EUR/MWh,ES,ES,imbalance_price,Short,2026-09-07T08:26:35Z
2026-09-07T08:23:09Z,2026-09-07T10:23:09+0200,bcd3f249-d332-480a-95cf-6311f6ef2f92,2026-09-02T20:30:00Z,2026-09-02T22:30:00+0200,125.14,EUR/MWh,ES,ES,imbalance_price,Long,2026-09-07T08:26:35Z
2026-09-07T08:23:09Z,2026-09-07T10:23:09+0200,bcd3f249-d332-480a-95cf-6311f6ef2f92,2026-09-02T20:30:00Z,2026-09-02T22:30:00+0200,164.6,EUR/MWh,ES,ES,imbalance_price,Short,2026-09-07T08:26:35Z
2026-09-07T08:23:09Z,2026-09-07T10:23:09+0200,bcd3f249-d332-480a-95cf-6311f6ef2f92,2026-09-02T20:45:00Z,2026-09-02T22:45:00+0200,147.56,EUR/MWh,ES,ES,imbalance_price,Long,2026-09-07T08:26:35Z
2026-09-07T08:23:09Z,2026-09-07T10:23:09+0200,bcd3f249-d332-480a-95cf-6311f6ef2f92,2026-09-02T20:45:00Z,2026-09-02T22:45:00+0200,167.19,EUR/MWh,ES,ES,imbalance_price,Short,2026-09-07T08:26:35Z
2026-09-07T08:23:09Z,2026-09-07T10:23:09+0200,bcd3f249-d332-480a-95cf-6311f6ef2f92,2026-09-02T21:00:00Z,2026-09-02T23:00:00+0200,132.31,EUR/MWh,ES,ES,imbalance_price,Long,2026-09-07T08:26:35Z
2026-09-07T08:23:09Z,2026-09-07T10:23:09+0200,bcd3f249-d332-480a-95cf-6311f6ef2f92,2026-09-02T21:00:00Z,2026-09-02T23:00:00+0200,183.46,EUR/MWh,ES,ES,imbalance_price,Short,2026-09-07T08:26:35Z
2026-09-07T08:23:09Z,2026-09-07T10:23:09+0200,bcd3f249-d332-480a-95cf-6311f6ef2f92,2026-09-02T21:15:00Z,2026-09-02T23:15:00+0200,178.99,EUR/MWh,ES,ES,imbalance_price,Long,2026-09-07T08:26:35Z
2026-09-07T08:23:09Z,2026-09-07T10:23:09+0200,bcd3f249-d332-480a-95cf-6311f6ef2f92,2026-09-02T21:15:00Z,2026-09-02T23:15:00+0200,178.99,EUR/MWh,ES,ES,imbalance_price,Short,2026-09-07T08:26:35Z
2026-09-07T08:23:09Z,2026-09-07T10:23:09+0200,bcd3f249-d332-480a-95cf-6311f6ef2f92,2026-09-02T21:30:00Z,2026-09-02T23:30:00+0200,144.0,EUR/MWh,ES,ES,imbalance_price,Long,2026-09-07T08:26:35Z
2026-09-07T08:23:09Z,2026-09-07T10:23:09+0200,bcd3f249-d332-480a-95cf-6311f6ef2f92,2026-09-02T21:30:00Z,2026-09-02T23:30:00+0200,178.75,EUR/MWh,ES,ES,imbalance_price,Short,2026-09-07T08:26:35Z
2026-09-07T08:23:09Z,2026-09-07T10:23:09+0200,bcd3f249-d332-480a-95cf-6311f6ef2f92,2026-09-02T21:45:00Z,2026-09-02T23:45:00+0200,141.46,EUR/MWh,ES,ES,imbalance_price,Long,2026-09-07T08:26:35Z
2026-09-07T08:23:09Z,2026-09-07T10:23:09+0200,bcd3f249-d332-480a-95cf-6311f6ef2f92,2026-09-02T21:45:00Z,2026-09-02T23:45:00+0200,177.36,EUR/MWh,ES,ES,imbalance_price,Short,2026-09-07T08:26:35Z
2026-09-07T08:23:09Z,2026-09-07T10:23:09+0200,bcd3f249-d332-480a-95cf-6311f6ef2f92,2026-09-02T22:00:00Z,2026-09-03T00:00:00+0200,143.3,EUR/MWh,ES,ES,imbalance_price,Long,2026-09-07T08:26:35Z
2026-09-07T08:23:09Z,2026-09-07T10:23:09+0200,bcd3f249-d332-480a-95cf-6311f6ef2f92,2026-09-02T22:00:00Z,2026-09-03T00:00:00+0200,235.01,EUR/MWh,ES,ES,imbalance_price,Short,2026-09-07T08:26:35Z
2026-09-07T08:23:09Z,2026-09-07T10:23:09+0200,bcd3f249-d332-480a-95cf-6311f6ef2f92,2026-09-02T22:15:00Z,2026-09-03T00:15:00+0200,141.21,EUR/MWh,ES,ES,imbalance_price,Long,2026-09-07T08:26:35Z
2026-09-07T08:23:09Z,2026-09-07T10:23:09+0200,bcd3f249-d332-480a-95cf-6311f6ef2f92,2026-09-02T22:15:00Z,2026-09-03T00:15:00+0200,204.07,EUR/MWh,ES,ES,imbalance_price,Short,2026-09-07T08:26:35Z
2026-09-07T08:23:09Z,2026-09-07T10:23:09+0200,bcd3f249-d332-480a-95cf-6311f6ef2f92,2026-09-02T22:30:00Z,2026-09-03T00:30:00+0200,135.39,EUR/MWh,ES,ES,imbalance_price,Long,2026-09-07T08:26:35Z
2026-09-07T08:23:09Z,2026-09-07T10:23:09+0200,bcd3f249-d332-480a-95cf-6311f6ef2f92,2026-09-02T22:30:00Z,2026-09-03T00:30:00+0200,187.76,EUR/MWh,ES,ES,imbalance_price,Short,2026-09-07T08:26:35Z
2026-09-07T08:23:09Z,2026-09-07T10:23:09+0200,bcd3f249-d332-480a-95cf-6311f6ef2f92,2026-09-02T22:45:00Z,2026-09-03T00:45:00+0200,136.91,EUR/MWh,ES,ES,imbalance_price,Long,2026-09-07T08:26:35Z
2026-09-07T08:23:09Z,2026-09-07T10:23:09+0200,bcd3f249-d332-480a-95cf-6311f6ef2f92,2026-09-02T22:45:00Z,2026-09-03T00:45:00+0200,182.99,EUR/MWh,ES,ES,imbalance_price,Short,2026-09-07T08:26:35Z
2026-09-07T08:23:09Z,2026-09-07T10:23:09+0200,bcd3f249-d332-480a-95cf-6311f6ef2f92,2026-09-02T23:00:00Z,2026-09-03T01:00:00+0200,0.0,EUR/MWh,ES,ES,imbalance_price,Long,2026-09-07T08:26:35Z
2026-09-07T08:23:09Z,2026-09-07T10:23:09+0200,bcd3f249-d332-480a-95cf-6311f6ef2f92,2026-09-02T23:00:00Z,2026-09-03T01:00:00+0200,188.56,EUR/MWh,ES,ES,imbalance_price,Short,2026-09-07T08:26:35Z
2026-09-07T08:23:09Z,2026-09-07T10:23:09+0200,bcd3f249-d332-480a-95cf-6311f6ef2f92,2026-09-02T23:15:00Z,2026-09-03T01:15:00+0200,147.88,EUR/MWh,ES,ES,imbalance_price,Long,2026-09-07T08:26:35Z
2026-09-07T08:23:09Z,2026-09-07T10:23:09+0200,bcd3f249-d332-480a-95cf-6311f6ef2f92,2026-09-02T23:15:00Z,2026-09-03T01:15:00+0200,183.34,EUR/MWh,ES,ES,imbalance_price,Short,2026-09-07T08:26:35Z
2026-09-07T08:23:09Z,2026-09-07T10:23:09+0200,bcd3f249-d332-480a-95cf-6311f6ef2f92,2026-09-02T23:30:00Z,2026-09-03T01:30:00+0200,118.16,EUR/MWh,ES,ES,imbalance_price,Long,2026-09-07T08:26:35Z
2026-09-07T08:23:09Z,2026-09-07T10:23:09+0200,bcd3f249-d332-480a-95cf-6311f6ef2f92,2026-09-02T23:30:00Z,2026-09-03T01:30:00+0200,183.08,EUR/MWh,ES,ES,imbalance_price,Short,2026-09-07T08:26:35Z
2026-09-07T08:23:09Z,2026-09-07T10:23:09+0200,bcd3f249-d332-480a-95cf-6311f6ef2f92,2026-09-02T23:45:00Z,2026-09-03T01:45:00+0200,138.2,EUR/MWh,ES,ES,imbalance_price,Long,2026-09-07T08:26:35Z
2026-09-07T08:23:09Z,2026-09-07T10:23:09+0200,bcd3f249-d332-480a-95cf-6311f6ef2f92,2026-09-02T23:45:00Z,2026-09-03T01:45:00+0200,173.32,EUR/MWh,ES,ES,imbalance_price,Short,2026-09-07T08:26:35Z
2026-09-07T08:23:09Z,2026-09-07T10:23:09+0200,bcd3f249-d332-480a-95cf-6311f6ef2f92,2026-09-03T00:00:00Z,2026-09-03T02:00:00+0200,30.0,EUR/MWh,ES,ES,imbalance_price,Long,2026-09-07T08:26:35Z
2026-09-07T08:23:09Z,2026-09-07T10:23:09+0200,bcd3f249-d332-480a-95cf-6311f6ef2f92,2026-09-03T00:00:00Z,2026-09-03T02:00:00+0200,183.01,EUR/MWh,ES,ES,imbalance_price,Short,2026-09-07T08:26:35Z
2026-09-07T08:23:09Z,2026-09-07T10:23:09+0200,bcd3f249-d332-480a-95cf-6311f6ef2f92,2026-09-03T00:15:00Z,2026-09-03T02:15:00+0200,0.0,EUR/MWh,ES,ES,imbalance_price,Long,2026-09-07T08:26:35Z
2026-09-07T08:23:09Z,2026-09-07T10:23:09+0200,bcd3f249-d332-480a-95cf-6311f6ef2f92,2026-09-03T00:15:00Z,2026-09-03T02:15:00+0200,187.51,EUR/MWh,ES,ES,imbalance_price,Short,2026-09-07T08:26:35Z
2026-09-07T08:23:09Z,2026-09-07T10:23:09+0200,bcd3f249-d332-480a-95cf-6311f6ef2f92,2026-09-03T00:30:00Z,2026-09-03T02:30:00+0200,151.57,EUR/MWh,ES,ES,imbalance_price,Long,2026-09-07T08:26:35Z
2026-09-07T08:23:09Z,2026-09-07T10:23:09+0200,bcd3f249-d332-480a-95cf-6311f6ef2f92,2026-09-03T00:30:00Z,2026-09-03T02:30:00+0200,169.07,EUR/MWh,ES,ES,imbalance_price,Short,2026-09-07T08:26:35Z
2026-09-07T08:23:09Z,2026-09-07T10:23:09+0200,bcd3f249-d332-480a-95cf-6311f6ef2f92,2026-09-03T00:45:00Z,2026-09-03T02:45:00+0200,142.78,EUR/MWh,ES,ES,imbalance_price,Long,2026-09-07T08:26:35Z
2026-09-07T08:23:09Z,2026-09-07T10:23:09+0200,bcd3f249-d332-480a-95cf-6311f6ef2f92,2026-09-03T00:45:00Z,2026-09-03T02:45:00+0200,163.94,EUR/MWh,ES,ES,imbalance_price,Short,2026-09-07T08:26:35Z
2026-09-07T08:23:09Z,2026-09-07T10:23:09+0200,bcd3f249-d332-480a-95cf-6311f6ef2f92,2026-09-03T01:00:00Z,2026-09-03T03:00:00+0200,98.84,EUR/MWh,ES,ES,imbalance_price,Long,2026-09-07T08:26:35Z
2026-09-07T08:23:09Z,2026-09-07T10:23:09+0200,bcd3f249-d332-480a-95cf-6311f6ef2f92,2026-09-03T01:00:00Z,2026-09-03T03:00:00+0200,168.96,EUR/MWh,ES,ES,imbalance_price,Short,2026-09-07T08:26:35Z
2026-09-07T08:23:09Z,2026-09-07T10:23:09+0200,bcd3f249-d332-480a-95cf-6311f6ef2f92,2026-09-03T01:15:00Z,2026-09-03T03:15:00+0200,21.79,EUR/MWh,ES,ES,imbalance_price,Long,2026-09-07T08:26:35Z
2026-09-07T08:23:09Z,2026-09-07T10:23:09+0200,bcd3f249-d332-480a-95cf-6311f6ef2f92,2026-09-03T01:15:00Z,2026-09-03T03:15:00+0200,168.87,EUR/MWh,ES,ES,imbalance_price,Short,2026-09-07T08:26:35Z
2026-09-07T08:23:09Z,2026-09-07T10:23:09+0200,bcd3f249-d332-480a-95cf-6311f6ef2f92,2026-09-03T01:30:00Z,2026-09-03T03:30:00+0200,64.07,EUR/MWh,ES,ES,imbalance_price,Long,2026-09-07T08:26:35Z
2026-09-07T08:23:09Z,2026-09-07T10:23:09+0200,bcd3f249-d332-480a-95cf-6311f6ef2f92,2026-09-03T01:30:00Z,2026-09-03T03:30:00+0200,168.29,EUR/MWh,ES,ES,imbalance_price,Short,2026-09-07T08:26:35Z
2026-09-07T08:23:09Z,2026-09-07T10:23:09+0200,bcd3f249-d332-480a-95cf-6311f6ef2f92,2026-09-03T01:45:00Z,2026-09-03T03:45:00+0200,135.17,EUR/MWh,ES,ES,imbalance_price,Long,2026-09-07T08:26:35Z
2026-09-07T08:23:09Z,2026-09-07T10:23:09+0200,bcd3f249-d332-480a-95cf-6311f6ef2f92,2026-09-03T01:45:00Z,2026-09-03T03:45:00+0200,166.71,EUR/MWh,ES,ES,imbalance_price,Short,2026-09-07T08:26:35Z
2026-09-07T08:23:09Z,2026-09-07T10:23:09+0200,bcd3f249-d332-480a-95cf-6311f6ef2f92,2026-09-03T02:00:00Z,2026-09-03T04:00:00+0200,0.8,EUR/MWh,ES,ES,imbalance_price,Long,2026-09-07T08:26:35Z
2026-09-07T08:23:09Z,2026-09-07T10:23:09+0200,bcd3f249-d332-480a-95cf-6311f6ef2f92,2026-09-03T02:00:00Z,2026-09-03T04:00:00+0200,169.53,EUR/MWh,ES,ES,imbalance_price,Short,2026-09-07T08:26:35Z
2026-09-07T08:23:09Z,2026-09-07T10:23:09+0200,bcd3f249-d332-480a-95cf-6311f6ef2f92,2026-09-03T02:15:00Z,2026-09-03T04:15:00+0200,102.38,EUR/MWh,ES,ES,imbalance_price,Long,2026-09-07T08:26:35Z
2026-09-07T08:23:09Z,2026-09-07T10:23:09+0200,bcd3f249-d332-480a-95cf-6311f6ef2f92,2026-09-03T02:15:00Z,2026-09-03T04:15:00+0200,166.28,EUR/MWh,ES,ES,imbalance_price,Short,2026-09-07T08:26:35Z
2026-09-07T08:23:09Z,2026-09-07T10:23:09+0200,bcd3f249-d332-480a-95cf-6311f6ef2f92,2026-09-03T02:30:00Z,2026-09-03T04:30:00+0200,127.36,EUR/MWh,ES,ES,imbalance_price,Long,2026-09-07T08:26:35Z
2026-09-07T08:23:09Z,2026-09-07T10:23:09+0200,bcd3f249-d332-480a-95cf-6311f6ef2f92,2026-09-03T02:30:00Z,2026-09-03T04:30:00+0200,166.36,EUR/MWh,ES,ES,imbalance_price,Short,2026-09-07T08:26:35Z
2026-09-07T08:23:09Z,2026-09-07T10:23:09+0200,bcd3f249-d332-480a-95cf-6311f6ef2f92,2026-09-03T02:45:00Z,2026-09-03T04:45:00+0200,154.55,EUR/MWh,ES,ES,imbalance_price,Long,2026-09-07T08:26:35Z
2026-09-07T08:23:09Z,2026-09-07T10:23:09+0200,bcd3f249-d332-480a-95cf-6311f6ef2f92,2026-09-03T02:45:00Z,2026-09-03T04:45:00+0200,165.65,EUR/MWh,ES,ES,imbalance_price,Short,2026-09-07T08:26:35Z
2026-09-07T08:23:09Z,2026-09-07T10:23:09+0200,bcd3f249-d332-480a-95cf-6311f6ef2f92,2026-09-03T03:00:00Z,2026-09-03T05:00:00+0200,142.34,EUR/MWh,ES,ES,imbalance_price,Long,2026-09-07T08:26:35Z
2026-09-07T08:23:09Z,2026-09-07T10:23:09+0200,bcd3f249-d332-480a-95cf-6311f6ef2f92,2026-09-03T03:00:00Z,2026-09-03T05:00:00+0200,168.8,EUR/MWh,ES,ES,imbalance_price,Short,2026-09-07T08:26:35Z
2026-09-07T08:23:09Z,2026-09-07T10:23:09+0200,bcd3f249-d332-480a-95cf-6311f6ef2f92,2026-09-03T03:15:00Z,2026-09-03T05:15:00+0200,138.0,EUR/MWh,ES,ES,imbalance_price,Long,2026-09-07T08:26:35Z
2026-09-07T08:23:09Z,2026-09-07T10:23:09+0200,bcd3f249-d332-480a-95cf-6311f6ef2f92,2026-09-03T03:15:00Z,2026-09-03T05:15:00+0200,164.4,EUR/MWh,ES,ES,imbalance_price,Short,2026-09-07T08:26:35Z
2026-09-07T08:23:09Z,2026-09-07T10:23:09+0200,bcd3f249-d332-480a-95cf-6311f6ef2f92,2026-09-03T03:30:00Z,2026-09-03T05:30:00+0200,143.36,EUR/MWh,ES,ES,imbalance_price,Long,2026-09-07T08:26:35Z
2026-09-07T08:23:09Z,2026-09-07T10:23:09+0200,bcd3f249-d332-480a-95cf-6311f6ef2f92,2026-09-03T03:30:00Z,2026-09-03T05:30:00+0200,161.28,EUR/MWh,ES,ES,imbalance_price,Short,2026-09-07T08:26:35Z
2026-09-07T08:23:09Z,2026-09-07T10:23:09+0200,bcd3f249-d332-480a-95cf-6311f6ef2f92,2026-09-03T03:45:00Z,2026-09-03T05:45:00+0200,133.33,EUR/MWh,ES,ES,imbalance_price,Long,2026-09-07T08:26:35Z
2026-09-07T08:23:09Z,2026-09-07T10:23:09+0200,bcd3f249-d332-480a-95cf-6311f6ef2f92,2026-09-03T03:45:00Z,2026-09-03T05:45:00+0200,148.3,EUR/MWh,ES,ES,imbalance_price,Short,2026-09-07T08:26:35Z
2026-09-07T08:23:09Z,2026-09-07T10:23:09+0200,bcd3f249-d332-480a-95cf-6311f6ef2f92,2026-09-03T04:00:00Z,2026-09-03T06:00:00+0200,126.23,EUR/MWh,ES,ES,imbalance_price,Long,2026-09-07T08:26:35Z
2026-09-07T08:23:09Z,2026-09-07T10:23:09+0200,bcd3f249-d332-480a-95cf-6311f6ef2f92,2026-09-03T04:00:00Z,2026-09-03T06:00:00+0200,157.55,EUR/MWh,ES,ES,imbalance_price,Short,2026-09-07T08:26:35Z
2026-09-07T08:23:09Z,2026-09-07T10:23:09+0200,bcd3f249-d332-480a-95cf-6311f6ef2f92,2026-09-03T04:15:00Z,2026-09-03T06:15:00+0200,153.5,EUR/MWh,ES,ES,imbalance_price,Long,2026-09-07T08:26:35Z
2026-09-07T08:23:09Z,2026-09-07T10:23:09+0200,bcd3f249-d332-480a-95cf-6311f6ef2f92,2026-09-03T04:15:00Z,2026-09-03T06:15:00+0200,162.36,EUR/MWh,ES,ES,imbalance_price,Short,2026-09-07T08:26:35Z
2026-09-07T08:23:09Z,2026-09-07T10:23:09+0200,bcd3f249-d332-480a-95cf-6311f6ef2f92,2026-09-03T04:30:00Z,2026-09-03T06:30:00+0200,152.08,EUR/MWh,ES,ES,imbalance_price,Long,2026-09-07T08:26:35Z
2026-09-07T08:23:09Z,2026-09-07T10:23:09+0200,bcd3f249-d332-480a-95cf-6311f6ef2f92,2026-09-03T04:30:00Z,2026-09-03T06:30:00+0200,173.2,EUR/MWh,ES,ES,imbalance_price,Short,2026-09-07T08:26:35Z
2026-09-07T08:23:09Z,2026-09-07T10:23:09+0200,bcd3f249-d332-480a-95cf-6311f6ef2f92,2026-09-03T04:45:00Z,2026-09-03T06:45:00+0200,145.92,EUR/MWh,ES,ES,imbalance_price,Long,2026-09-07T08:26:35Z
2026-09-07T08:23:09Z,2026-09-07T10:23:09+0200,bcd3f249-d332-480a-95cf-6311f6ef2f92,2026-09-03T04:45:00Z,2026-09-03T06:45:00+0200,176.93,EUR/MWh,ES,ES,imbalance_price,Short,2026-09-07T08:26:35Z
2026-09-07T08:23:09Z,2026-09-07T10:23:09+0200,bcd3f249-d332-480a-95cf-6311f6ef2f92,2026-09-03T05:00:00Z,2026-09-03T07:00:00+0200,137.66,EUR/MWh,ES,ES,imbalance_price,Long,2026-09-07T08:26:35Z
2026-09-07T08:23:09Z,2026-09-07T10:23:09+0200,bcd3f249-d332-480a-95cf-6311f6ef2f92,2026-09-03T05:00:00Z,2026-09-03T07:00:00+0200,175.15,EUR/MWh,ES,ES,imbalance_price,Short,2026-09-07T08:26:35Z
2026-09-07T08:23:09Z,2026-09-07T10:23:09+0200,bcd3f249-d332-480a-95cf-6311f6ef2f92,2026-09-03T05:15:00Z,2026-09-03T07:15:00+0200,166.93,EUR/MWh,ES,ES,imbalance_price,Long,2026-09-07T08:26:35Z
2026-09-07T08:23:09Z,2026-09-07T10:23:09+0200,bcd3f249-d332-480a-95cf-6311f6ef2f92,2026-09-03T05:15:00Z,2026-09-03T07:15:00+0200,173.33,EUR/MWh,ES,ES,imbalance_price,Short,2026-09-07T08:26:35Z
2026-09-07T08:23:09Z,2026-09-07T10:23:09+0200,bcd3f249-d332-480a-95cf-6311f6ef2f92,2026-09-03T05:30:00Z,2026-09-03T07:30:00+0200,168.02,EUR/MWh,ES,ES,imbalance_price,Long,2026-09-07T08:26:35Z
2026-09-07T08:23:09Z,2026-09-07T10:23:09+0200,bcd3f249-d332-480a-95cf-6311f6ef2f92,2026-09-03T05:30:00Z,2026-09-03T07:30:00+0200,175.06,EUR/MWh,ES,ES,imbalance_price,Short,2026-09-07T08:26:35Z
2026-09-07T08:23:09Z,2026-09-07T10:23:09+0200,bcd3f249-d332-480a-95cf-6311f6ef2f92,2026-09-03T05:45:00Z,2026-09-03T07:45:00+0200,146.45,EUR/MWh,ES,ES,imbalance_price,Long,2026-09-07T08:26:35Z
2026-09-07T08:23:09Z,2026-09-07T10:23:09+0200,bcd3f249-d332-480a-95cf-6311f6ef2f92,2026-09-03T05:45:00Z,2026-09-03T07:45:00+0200,172.42,EUR/MWh,ES,ES,imbalance_price,Short,2026-09-07T08:26:35Z
2026-09-07T08:23:09Z,2026-09-07T10:23:09+0200,bcd3f249-d332-480a-95cf-6311f6ef2f92,2026-09-03T06:00:00Z,2026-09-03T08:00:00+0200,26.1,EUR/MWh,ES,ES,imbalance_price,Long,2026-09-07T08:26:35Z
2026-09-07T08:23:09Z,2026-09-07T10:23:09+0200,bcd3f249-d332-480a-95cf-6311f6ef2f92,2026-09-03T06:00:00Z,2026-09-03T08:00:00+0200,176.38,EUR/MWh,ES,ES,imbalance_price,Short,2026-09-07T08:26:35Z
2026-09-07T08:23:09Z,2026-09-07T10:23:09+0200,bcd3f249-d332-480a-95cf-6311f6ef2f92,2026-09-03T06:15:00Z,2026-09-03T08:15:00+0200,131.71,EUR/MWh,ES,ES,imbalance_price,Long,2026-09-07T08:26:35Z
2026-09-07T08:23:09Z,2026-09-07T10:23:09+0200,bcd3f249-d332-480a-95cf-6311f6ef2f92,2026-09-03T06:15:00Z,2026-09-03T08:15:00+0200,177.7,EUR/MWh,ES,ES,imbalance_price,Short,2026-09-07T08:26:35Z
2026-09-07T08:23:09Z,2026-09-07T10:23:09+0200,bcd3f249-d332-480a-95cf-6311f6ef2f92,2026-09-03T06:30:00Z,2026-09-03T08:30:00+0200,155.3,EUR/MWh,ES,ES,imbalance_price,Long,2026-09-07T08:26:35Z
2026-09-07T08:23:09Z,2026-09-07T10:23:09+0200,bcd3f249-d332-480a-95cf-6311f6ef2f92,2026-09-03T06:30:00Z,2026-09-03T08:30:00+0200,172.37,EUR/MWh,ES,ES,imbalance_price,Short,2026-09-07T08:26:35Z
2026-09-07T08:23:09Z,2026-09-07T10:23:09+0200,bcd3f249-d332-480a-95cf-6311f6ef2f92,2026-09-03T06:45:00Z,2026-09-03T08:45:00+0200,115.25,EUR/MWh,ES,ES,imbalance_price,Long,2026-09-07T08:26:35Z
2026-09-07T08:23:09Z,2026-09-07T10:23:09+0200,bcd3f249-d332-480a-95cf-6311f6ef2f92,2026-09-03T06:45:00Z,2026-09-03T08:45:00+0200,164.89,EUR/MWh,ES,ES,imbalance_price,Short,2026-09-07T08:26:35Z
2026-09-07T08:23:09Z,2026-09-07T10:23:09+0200,bcd3f249-d332-480a-95cf-6311f6ef2f92,2026-09-03T07:00:00Z,2026-09-03T09:00:00+0200,129.4,EUR/MWh,ES,ES,imbalance_price,Long,2026-09-07T08:26:35Z
2026-09-07T08:23:09Z,2026-09-07T10:23:09+0200,bcd3f249-d332-480a-95cf-6311f6ef2f92,2026-09-03T07:00:00Z,2026-09-03T09:00:00+0200,161.59,EUR/MWh,ES,ES,imbalance_price,Short,2026-09-07T08:26:35Z
2026-09-07T08:23:09Z,2026-09-07T10:23:09+0200,bcd3f249-d332-480a-95cf-6311f6ef2f92,2026-09-03T07:15:00Z,2026-09-03T09:15:00+0200,0.0,EUR/MWh,ES,ES,imbalance_price,Long,2026-09-07T08:26:35Z
2026-09-07T08:23:09Z,2026-09-07T10:23:09+0200,bcd3f249-d332-480a-95cf-6311f6ef2f92,2026-09-03T07:15:00Z,2026-09-03T09:15:00+0200,168.37,EUR/MWh,ES,ES,imbalance_price,Short,2026-09-07T08:26:35Z
2026-09-07T08:23:09Z,2026-09-07T10:23:09+0200,bcd3f249-d332-480a-95cf-6311f6ef2f92,2026-09-03T07:30:00Z,2026-09-03T09:30:00+0200,172.55,EUR/MWh,ES,ES,imbalance_price,Long,2026-09-07T08:26:35Z
2026-09-07T08:23:09Z,2026-09-07T10:23:09+0200,bcd3f249-d332-480a-95cf-6311f6ef2f92,2026-09-03T07:30:00Z,2026-09-03T09:30:00+0200,172.55,EUR/MWh,ES,ES,imbalance_price,Short,2026-09-07T08:26:35Z
2026-09-07T08:23:09Z,2026-09-07T10:23:09+0200,bcd3f249-d332-480a-95cf-6311f6ef2f92,2026-09-03T07:45:00Z,2026-09-03T09:45:00+0200,1.06,EUR/MWh,ES,ES,imbalance_price,Long,2026-09-07T08:26:35Z
2026-09-07T08:23:09Z,2026-09-07T10:23:09+0200,bcd3f249-d332-480a-95cf-6311f6ef2f92,2026-09-03T07:45:00Z,2026-09-03T09:45:00+0200,149.42,EUR/MWh,ES,ES,imbalance_price,Short,2026-09-07T08:26:35Z
2026-09-07T08:23:09Z,2026-09-07T10:23:09+0200,bcd3f249-d332-480a-95cf-6311f6ef2f92,2026-09-03T08:00:00Z,2026-09-03T10:00:00+0200,1.13,EUR/MWh,ES,ES,imbalance_price,Long,2026-09-07T08:26:35Z
2026-09-07T08:23:09Z,2026-09-07T10:23:09+0200,bcd3f249-d332-480a-95cf-6311f6ef2f92,2026-09-03T08:00:00Z,2026-09-03T10:00:00+0200,1.13,EUR/MWh,ES,ES,imbalance_price,Short,2026-09-07T08:26:35Z
2026-09-07T08:23:09Z,2026-09-07T10:23:09+0200,bcd3f249-d332-480a-95cf-6311f6ef2f92,2026-09-03T08:15:00Z,2026-09-03T10:15:00+0200,11.91,EUR/MWh,ES,ES,imbalance_price,Long,2026-09-07T08:26:35Z
2026-09-07T08:23:09Z,2026-09-07T10:23:09+0200,bcd3f249-d332-480a-95cf-6311f6ef2f92,2026-09-03T08:15:00Z,2026-09-03T10:15:00+0200,153.87,EUR/MWh,ES,ES,imbalance_price,Short,2026-09-07T08:26:35Z
2026-09-07T08:23:09Z,2026-09-07T10:23:09+0200,bcd3f249-d332-480a-95cf-6311f6ef2f92,2026-09-03T08:30:00Z,2026-09-03T10:30:00+0200,13.58,EUR/MWh,ES,ES,imbalance_price,Long,2026-09-07T08:26:35Z
2026-09-07T08:23:09Z,2026-09-07T10:23:09+0200,bcd3f249-d332-480a-95cf-6311f6ef2f92,2026-09-03T08:30:00Z,2026-09-03T10:30:00+0200,13.58,EUR/MWh,ES,ES,imbalance_price,Short,2026-09-07T08:26:35Z
2026-09-07T08:23:09Z,2026-09-07T10:23:09+0200,bcd3f249-d332-480a-95cf-6311f6ef2f92,2026-09-03T08:45:00Z,2026-09-03T10:45:00+0200,59.49,EUR/MWh,ES,ES,imbalance_price,Long,2026-09-07T08:26:35Z
2026-09-07T08:23:09Z,2026-09-07T10:23:09+0200,bcd3f249-d332-480a-95cf-6311f6ef2f92,2026-09-03T08:45:00Z,2026-09-03T10:45:00+0200,106.12,EUR/MWh,ES,ES,imbalance_price,Short,2026-09-07T08:26:35Z
2026-09-07T08:23:09Z,2026-09-07T10:23:09+0200,bcd3f249-d332-480a-95cf-6311f6ef2f92,2026-09-03T09:00:00Z,2026-09-03T11:00:00+0200,55.83,EUR/MWh,ES,ES,imbalance_price,Long,2026-09-07T08:26:35Z
2026-09-07T08:23:09Z,2026-09-07T10:23:09+0200,bcd3f249-d332-480a-95cf-6311f6ef2f92,2026-09-03T09:00:00Z,2026-09-03T11:00:00+0200,105.48,EUR/MWh,ES,ES,imbalance_price,Short,2026-09-07T08:26:35Z
2026-09-07T08:23:09Z,2026-09-07T10:23:09+0200,bcd3f249-d332-480a-95cf-6311f6ef2f92,2026-09-03T09:15:00Z,2026-09-03T11:15:00+0200,19.07,EUR/MWh,ES,ES,imbalance_price,Long,2026-09-07T08:26:35Z
2026-09-07T08:23:09Z,2026-09-07T10:23:09+0200,bcd3f249-d332-480a-95cf-6311f6ef2f92,2026-09-03T09:15:00Z,2026-09-03T11:15:00+0200,75.0,EUR/MWh,ES,ES,imbalance_price,Short,2026-09-07T08:26:35Z
2026-09-07T08:23:09Z,2026-09-07T10:23:09+0200,bcd3f249-d332-480a-95cf-6311f6ef2f92,2026-09-03T09:30:00Z,2026-09-03T11:30:00+0200,0.26,EUR/MWh,ES,ES,imbalance_price,Long,2026-09-07T08:26:35Z
2026-09-07T08:23:09Z,2026-09-07T10:23:09+0200,bcd3f249-d332-480a-95cf-6311f6ef2f92,2026-09-03T09:30:00Z,2026-09-03T11:30:00+0200,61.34,EUR/MWh,ES,ES,imbalance_price,Short,2026-09-07T08:26:35Z
2026-09-07T08:23:09Z,2026-09-07T10:23:09+0200,bcd3f249-d332-480a-95cf-6311f6ef2f92,2026-09-03T09:45:00Z,2026-09-03T11:45:00+0200,-0.01,EUR/MWh,ES,ES,imbalance_price,Long,2026-09-07T08:26:35Z
2026-09-07T08:23:09Z,2026-09-07T10:23:09+0200,bcd3f249-d332-480a-95cf-6311f6ef2f92,2026-09-03T09:45:00Z,2026-09-03T11:45:00+0200,28.99,EUR/MWh,ES,ES,imbalance_price,Short,2026-09-07T08:26:35Z
2026-09-07T08:23:09Z,2026-09-07T10:23:09+0200,bcd3f249-d332-480a-95cf-6311f6ef2f92,2026-09-03T10:00:00Z,2026-09-03T12:00:00+0200,0.03,EUR/MWh,ES,ES,imbalance_price,Long,2026-09-07T08:26:35Z
2026-09-07T08:23:09Z,2026-09-07T10:23:09+0200,bcd3f249-d332-480a-95cf-6311f6ef2f92,2026-09-03T10:00:00Z,2026-09-03T12:00:00+0200,35.52,EUR/MWh,ES,ES,imbalance_price,Short,2026-09-07T08:26:35Z
2026-09-07T08:23:09Z,2026-09-07T10:23:09+0200,bcd3f249-d332-480a-95cf-6311f6ef2f92,2026-09-03T10:15:00Z,2026-09-03T12:15:00+0200,-1.71,EUR/MWh,ES,ES,imbalance_price,Long,2026-09-07T08:26:35Z
2026-09-07T08:23:09Z,2026-09-07T10:23:09+0200,bcd3f249-d332-480a-95cf-6311f6ef2f92,2026-09-03T10:15:00Z,2026-09-03T12:15:00+0200,94.33,EUR/MWh,ES,ES,imbalance_price,Short,2026-09-07T08:26:35Z
2026-09-07T08:23:09Z,2026-09-07T10:23:09+0200,bcd3f249-d332-480a-95cf-6311f6ef2f92,2026-09-03T10:30:00Z,2026-09-03T12:30:00+0200,-1.5,EUR/MWh,ES,ES,imbalance_price,Long,2026-09-07T08:26:35Z
2026-09-07T08:23:09Z,2026-09-07T10:23:09+0200,bcd3f249-d332-480a-95cf-6311f6ef2f92,2026-09-03T10:30:00Z,2026-09-03T12:30:00+0200,135.1,EUR/MWh,ES,ES,imbalance_price,Short,2026-09-07T08:26:35Z
2026-09-07T08:23:09Z,2026-09-07T10:23:09+0200,bcd3f249-d332-480a-95cf-6311f6ef2f92,2026-09-03T10:45:00Z,2026-09-03T12:45:00+0200,0.21,EUR/MWh,ES,ES,imbalance_price,Long,2026-09-07T08:26:35Z
2026-09-07T08:23:09Z,2026-09-07T10:23:09+0200,bcd3f249-d332-480a-95cf-6311f6ef2f92,2026-09-03T10:45:00Z,2026-09-03T12:45:00+0200,60.66,EUR/MWh,ES,ES,imbalance_price,Short,2026-09-07T08:26:35Z
2026-09-07T08:23:09Z,2026-09-07T10:23:09+0200,bcd3f249-d332-480a-95cf-6311f6ef2f92,2026-09-03T11:00:00Z,2026-09-03T13:00:00+0200,46.39,EUR/MWh,ES,ES,imbalance_price,Long,2026-09-07T08:26:35Z
2026-09-07T08:23:09Z,2026-09-07T10:23:09+0200,bcd3f249-d332-480a-95cf-6311f6ef2f92,2026-09-03T11:00:00Z,2026-09-03T13:00:00+0200,31.79,EUR/MWh,ES,ES,imbalance_price,Short,2026-09-07T08:26:35Z
2026-09-07T08:23:09Z,2026-09-07T10:23:09+0200,bcd3f249-d332-480a-95cf-6311f6ef2f92,2026-09-03T11:15:00Z,2026-09-03T13:15:00+0200,0.95,EUR/MWh,ES,ES,imbalance_price,Long,2026-09-07T08:26:35Z
2026-09-07T08:23:09Z,2026-09-07T10:23:09+0200,bcd3f249-d332-480a-95cf-6311f6ef2f92,2026-09-03T11:15:00Z,2026-09-03T13:15:00+0200,13.91,EUR/MWh,ES,ES,imbalance_price,Short,2026-09-07T08:26:35Z
2026-09-07T08:23:09Z,2026-09-07T10:23:09+0200,bcd3f249-d332-480a-95cf-6311f6ef2f92,2026-09-03T11:30:00Z,2026-09-03T13:30:00+0200,-0.46,EUR/MWh,ES,ES,imbalance_price,Long,2026-09-07T08:26:35Z
2026-09-07T08:23:09Z,2026-09-07T10:23:09+0200,bcd3f249-d332-480a-95cf-6311f6ef2f92,2026-09-03T11:30:00Z,2026-09-03T13:30:00+0200,18.62,EUR/MWh,ES,ES,imbalance_price,Short,2026-09-07T08:26:35Z
2026-09-07T08:23:09Z,2026-09-07T10:23:09+0200,bcd3f249-d332-480a-95cf-6311f6ef2f92,2026-09-03T11:45:00Z,2026-09-03T13:45:00+0200,-0.99,EUR/MWh,ES,ES,imbalance_price,Long,2026-09-07T08:26:35Z
2026-09-07T08:23:09Z,2026-09-07T10:23:09+0200,bcd3f249-d332-480a-95cf-6311f6ef2f92,2026-09-03T11:45:00Z,2026-09-03T13:45:00+0200,79.94,EUR/MWh,ES,ES,imbalance_price,Short,2026-09-07T08:26:35Z
2026-09-07T08:23:09Z,2026-09-07T10:23:09+0200,bcd3f249-d332-480a-95cf-6311f6ef2f92,2026-09-03T12:00:00Z,2026-09-03T14:00:00+0200,-1.14,EUR/MWh,ES,ES,imbalance_price,Long,2026-09-07T08:26:35Z
2026-09-07T08:23:09Z,2026-09-07T10:23:09+0200,bcd3f249-d332-480a-95cf-6311f6ef2f92,2026-09-03T12:00:00Z,2026-09-03T14:00:00+0200,31.06,EUR/MWh,ES,ES,imbalance_price,Short,2026-09-07T08:26:35Z
2026-09-07T08:23:09Z,2026-09-07T10:23:09+0200,bcd3f249-d332-480a-95cf-6311f6ef2f92,2026-09-03T12:15:00Z,2026-09-03T14:15:00+0200,4.77,EUR/MWh,ES,ES,imbalance_price,Long,2026-09-07T08:26:35Z
2026-09-07T08:23:09Z,2026-09-07T10:23:09+0200,bcd3f249-d332-480a-95cf-6311f6ef2f92,2026-09-03T12:15:00Z,2026-09-03T14:15:00+0200,10.35,EUR/MWh,ES,ES,imbalance_price,Short,2026-09-07T08:26:35Z
2026-09-07T08:23:09Z,2026-09-07T10:23:09+0200,bcd3f249-d332-480a-95cf-6311f6ef2f92,2026-09-03T12:30:00Z,2026-09-03T14:30:00+0200,0.0,EUR/MWh,ES,ES,imbalance_price,Long,2026-09-07T08:26:35Z
2026-09-07T08:23:09Z,2026-09-07T10:23:09+0200,bcd3f249-d332-480a-95cf-6311f6ef2f92,2026-09-03T12:30:00Z,2026-09-03T14:30:00+0200,19.56,EUR/MWh,ES,ES,imbalance_price,Short,2026-09-07T08:26:35Z
2026-09-07T08:23:09Z,2026-09-07T10:23:09+0200,bcd3f249-d332-480a-95cf-6311f6ef2f92,2026-09-03T12:45:00Z,2026-09-03T14:45:00+0200,11.08,EUR/MWh,ES,ES,imbalance_price,Long,2026-09-07T08:26:35Z
2026-09-07T08:23:09Z,2026-09-07T10:23:09+0200,bcd3f249-d332-480a-95cf-6311f6ef2f92,2026-09-03T12:45:00Z,2026-09-03T14:45:00+0200,64.41,EUR/MWh,ES,ES,imbalance_price,Short,2026-09-07T08:26:35Z
2026-09-07T08:23:09Z,2026-09-07T10:23:09+0200,bcd3f249-d332-480a-95cf-6311f6ef2f92,2026-09-03T13:00:00Z,2026-09-03T15:00:00+0200,8.13,EUR/MWh,ES,ES,imbalance_price,Long,2026-09-07T08:26:35Z
2026-09-07T08:23:09Z,2026-09-07T10:23:09+0200,bcd3f249-d332-480a-95cf-6311f6ef2f92,2026-09-03T13:00:00Z,2026-09-03T15:00:00+0200,68.71,EUR/MWh,ES,ES,imbalance_price,Short,2026-09-07T08:26:35Z
2026-09-07T08:23:09Z,2026-09-07T10:23:09+0200,bcd3f249-d332-480a-95cf-6311f6ef2f92,2026-09-03T13:15:00Z,2026-09-03T15:15:00+0200,6.87,EUR/MWh,ES,ES,imbalance_price,Long,2026-09-07T08:26:35Z
2026-09-07T08:23:09Z,2026-09-07T10:23:09+0200,bcd3f249-d332-480a-95cf-6311f6ef2f92,2026-09-03T13:15:00Z,2026-09-03T15:15:00+0200,71.19,EUR/MWh,ES,ES,imbalance_price,Short,2026-09-07T08:26:35Z
2026-09-07T08:23:09Z,2026-09-07T10:23:09+0200,bcd3f249-d332-480a-95cf-6311f6ef2f92,2026-09-03T13:30:00Z,2026-09-03T15:30:00+0200,-0.76,EUR/MWh,ES,ES,imbalance_price,Long,2026-09-07T08:26:35Z
2026-09-07T08:23:09Z,2026-09-07T10:23:09+0200,bcd3f249-d332-480a-95cf-6311f6ef2f92,2026-09-03T13:30:00Z,2026-09-03T15:30:00+0200,130.7,EUR/MWh,ES,ES,imbalance_price,Short,2026-09-07T08:26:35Z
2026-09-07T08:23:09Z,2026-09-07T10:23:09+0200,bcd3f249-d332-480a-95cf-6311f6ef2f92,2026-09-03T13:45:00Z,2026-09-03T15:45:00+0200,7.05,EUR/MWh,ES,ES,imbalance_price,Long,2026-09-07T08:26:35Z
2026-09-07T08:23:09Z,2026-09-07T10:23:09+0200,bcd3f249-d332-480a-95cf-6311f6ef2f92,2026-09-03T13:45:00Z,2026-09-03T15:45:00+0200,148.71,EUR/MWh,ES,ES,imbalance_price,Short,2026-09-07T08:26:35Z
2026-09-07T08:23:09Z,2026-09-07T10:23:09+0200,bcd3f249-d332-480a-95cf-6311f6ef2f92,2026-09-03T14:00:00Z,2026-09-03T16:00:00+0200,0.68,EUR/MWh,ES,ES,imbalance_price,Long,2026-09-07T08:26:35Z
2026-09-07T08:23:09Z,2026-09-07T10:23:09+0200,bcd3f249-d332-480a-95cf-6311f6ef2f92,2026-09-03T14:00:00Z,2026-09-03T16:00:00+0200,148.41,EUR/MWh,ES,ES,imbalance_price,Short,2026-09-07T08:26:35Z
2026-09-07T08:23:09Z,2026-09-07T10:23:09+0200,bcd3f249-d332-480a-95cf-6311f6ef2f92,2026-09-03T14:15:00Z,2026-09-03T16:15:00+0200,10.48,EUR/MWh,ES,ES,imbalance_price,Long,2026-09-07T08:26:35Z
2026-09-07T08:23:09Z,2026-09-07T10:23:09+0200,bcd3f249-d332-480a-95cf-6311f6ef2f92,2026-09-03T14:15:00Z,2026-09-03T16:15:00+0200,98.52,EUR/MWh,ES,ES,imbalance_price,Short,2026-09-07T08:26:35Z
2026-09-07T08:23:09Z,2026-09-07T10:23:09+0200,bcd3f249-d332-480a-95cf-6311f6ef2f92,2026-09-03T14:30:00Z,2026-09-03T16:30:00+0200,0.83,EUR/MWh,ES,ES,imbalance_price,Long,2026-09-07T08:26:35Z
2026-09-07T08:23:09Z,2026-09-07T10:23:09+0200,bcd3f249-d332-480a-95cf-6311f6ef2f92,2026-09-03T14:30:00Z,2026-09-03T16:30:00+0200,138.39,EUR/MWh,ES,ES,imbalance_price,Short,2026-09-07T08:26:35Z
2026-09-07T08:23:09Z,2026-09-07T10:23:09+0200,bcd3f249-d332-480a-95cf-6311f6ef2f92,2026-09-03T14:45:00Z,2026-09-03T16:45:00+0200,11.71,EUR/MWh,ES,ES,imbalance_price,Long,2026-09-07T08:26:35Z
2026-09-07T08:23:09Z,2026-09-07T10:23:09+0200,bcd3f249-d332-480a-95cf-6311f6ef2f92,2026-09-03T14:45:00Z,2026-09-03T16:45:00+0200,147.52,EUR/MWh,ES,ES,imbalance_price,Short,2026-09-07T08:26:35Z
2026-09-07T08:23:09Z,2026-09-07T10:23:09+0200,bcd3f249-d332-480a-95cf-6311f6ef2f92,2026-09-03T15:00:00Z,2026-09-03T17:00:00+0200,143.03,EUR/MWh,ES,ES,imbalance_price,Long,2026-09-07T08:26:35Z
2026-09-07T08:23:09Z,2026-09-07T10:23:09+0200,bcd3f249-d332-480a-95cf-6311f6ef2f92,2026-09-03T15:00:00Z,2026-09-03T17:00:00+0200,143.03,EUR/MWh,ES,ES,imbalance_price,Short,2026-09-07T08:26:35Z
2026-09-07T08:23:09Z,2026-09-07T10:23:09+0200,bcd3f249-d332-480a-95cf-6311f6ef2f92,2026-09-03T15:15:00Z,2026-09-03T17:15:00+0200,46.67,EUR/MWh,ES,ES,imbalance_price,Long,2026-09-07T08:26:35Z
2026-09-07T08:23:09Z,2026-09-07T10:23:09+0200,bcd3f249-d332-480a-95cf-6311f6ef2f92,2026-09-03T15:15:00Z,2026-09-03T17:15:00+0200,158.82,EUR/MWh,ES,ES,imbalance_price,Short,2026-09-07T08:26:35Z
2026-09-07T08:23:09Z,2026-09-07T10:23:09+0200,bcd3f249-d332-480a-95cf-6311f6ef2f92,2026-09-03T15:30:00Z,2026-09-03T17:30:00+0200,78.99,EUR/MWh,ES,ES,imbalance_price,Long,2026-09-07T08:26:35Z
2026-09-07T08:23:09Z,2026-09-07T10:23:09+0200,bcd3f249-d332-480a-95cf-6311f6ef2f92,2026-09-03T15:30:00Z,2026-09-03T17:30:00+0200,161.91,EUR/MWh,ES,ES,imbalance_price,Short,2026-09-07T08:26:35Z
2026-09-07T08:23:09Z,2026-09-07T10:23:09+0200,bcd3f249-d332-480a-95cf-6311f6ef2f92,2026-09-03T15:45:00Z,2026-09-03T17:45:00+0200,40.72,EUR/MWh,ES,ES,imbalance_price,Long,2026-09-07T08:26:35Z
2026-09-07T08:23:09Z,2026-09-07T10:23:09+0200,bcd3f249-d332-480a-95cf-6311f6ef2f92,2026-09-03T15:45:00Z,2026-09-03T17:45:00+0200,154.46,EUR/MWh,ES,ES,imbalance_price,Short,2026-09-07T08:26:35Z
2026-09-07T08:23:09Z,2026-09-07T10:23:09+0200,bcd3f249-d332-480a-95cf-6311f6ef2f92,2026-09-03T16:00:00Z,2026-09-03T18:00:00+0200,12.8,EUR/MWh,ES,ES,imbalance_price,Long,2026-09-07T08:26:35Z
2026-09-07T08:23:09Z,2026-09-07T10:23:09+0200,bcd3f249-d332-480a-95cf-6311f6ef2f92,2026-09-03T16:00:00Z,2026-09-03T18:00:00+0200,157.94,EUR/MWh,ES,ES,imbalance_price,Short,2026-09-07T08:26:35Z
2026-09-07T08:23:09Z,2026-09-07T10:23:09+0200,bcd3f249-d332-480a-95cf-6311f6ef2f92,2026-09-03T16:15:00Z,2026-09-03T18:15:00+0200,82.34,EUR/MWh,ES,ES,imbalance_price,Long,2026-09-07T08:26:35Z
2026-09-07T08:23:09Z,2026-09-07T10:23:09+0200,bcd3f249-d332-480a-95cf-6311f6ef2f92,2026-09-03T16:15:00Z,2026-09-03T18:15:00+0200,157.11,EUR/MWh,ES,ES,imbalance_price,Short,2026-09-07T08:26:35Z
2026-09-07T08:23:09Z,2026-09-07T10:23:09+0200,bcd3f249-d332-480a-95cf-6311f6ef2f92,2026-09-03T16:30:00Z,2026-09-03T18:30:00+0200,85.92,EUR/MWh,ES,ES,imbalance_price,Long,2026-09-07T08:26:35Z
2026-09-07T08:23:09Z,2026-09-07T10:23:09+0200,bcd3f249-d332-480a-95cf-6311f6ef2f92,2026-09-03T16:30:00Z,2026-09-03T18:30:00+0200,168.51,EUR/MWh,ES,ES,imbalance_price,Short,2026-09-07T08:26:35Z
2026-09-07T08:23:09Z,2026-09-07T10:23:09+0200,bcd3f249-d332-480a-95cf-6311f6ef2f92,2026-09-03T16:45:00Z,2026-09-03T18:45:00+0200,175.57,EUR/MWh,ES,ES,imbalance_price,Long,2026-09-07T08:26:35Z
2026-09-07T08:23:09Z,2026-09-07T10:23:09+0200,bcd3f249-d332-480a-95cf-6311f6ef2f92,2026-09-03T16:45:00Z,2026-09-03T18:45:00+0200,175.57,EUR/MWh,ES,ES,imbalance_price,Short,2026-09-07T08:26:35Z
2026-09-07T08:23:09Z,2026-09-07T10:23:09+0200,bcd3f249-d332-480a-95cf-6311f6ef2f92,2026-09-03T17:00:00Z,2026-09-03T19:00:00+0200,171.06,EUR/MWh,ES,ES,imbalance_price,Long,2026-09-07T08:26:35Z
2026-09-07T08:23:09Z,2026-09-07T10:23:09+0200,bcd3f249-d332-480a-95cf-6311f6ef2f92,2026-09-03T17:00:00Z,2026-09-03T19:00:00+0200,171.06,EUR/MWh,ES,ES,imbalance_price,Short,2026-09-07T08:26:35Z
2026-09-07T08:23:09Z,2026-09-07T10:23:09+0200,bcd3f249-d332-480a-95cf-6311f6ef2f92,2026-09-03T17:15:00Z,2026-09-03T19:15:00+0200,183.51,EUR/MWh,ES,ES,imbalance_price,Long,2026-09-07T08:26:35Z
2026-09-07T08:23:09Z,2026-09-07T10:23:09+0200,bcd3f249-d332-480a-95cf-6311f6ef2f92,2026-09-03T17:15:00Z,2026-09-03T19:15:00+0200,183.51,EUR/MWh,ES,ES,imbalance_price,Short,2026-09-07T08:26:35Z
2026-09-07T08:23:09Z,2026-09-07T10:23:09+0200,bcd3f249-d332-480a-95cf-6311f6ef2f92,2026-09-03T17:30:00Z,2026-09-03T19:30:00+0200,193.77,EUR/MWh,ES,ES,imbalance_price,Long,2026-09-07T08:26:35Z
2026-09-07T08:23:09Z,2026-09-07T10:23:09+0200,bcd3f249-d332-480a-95cf-6311f6ef2f92,2026-09-03T17:30:00Z,2026-09-03T19:30:00+0200,193.77,EUR/MWh,ES,ES,imbalance_price,Short,2026-09-07T08:26:35Z
2026-09-07T08:23:09Z,2026-09-07T10:23:09+0200,bcd3f249-d332-480a-95cf-6311f6ef2f92,2026-09-03T17:45:00Z,2026-09-03T19:45:00+0200,118.65,EUR/MWh,ES,ES,imbalance_price,Long,2026-09-07T08:26:35Z
2026-09-07T08:23:09Z,2026-09-07T10:23:09+0200,bcd3f249-d332-480a-95cf-6311f6ef2f92,2026-09-03T17:45:00Z,2026-09-03T19:45:00+0200,183.74,EUR/MWh,ES,ES,imbalance_price,Short,2026-09-07T08:26:35Z
2026-09-07T08:23:09Z,2026-09-07T10:23:09+0200,bcd3f249-d332-480a-95cf-6311f6ef2f92,2026-09-03T18:00:00Z,2026-09-03T20:00:00+0200,143.05,EUR/MWh,ES,ES,imbalance_price,Long,2026-09-07T08:26:35Z
2026-09-07T08:23:09Z,2026-09-07T10:23:09+0200,bcd3f249-d332-480a-95cf-6311f6ef2f92,2026-09-03T18:00:00Z,2026-09-03T20:00:00+0200,184.37,EUR/MWh,ES,ES,imbalance_price,Short,2026-09-07T08:26:35Z
2026-09-07T08:23:09Z,2026-09-07T10:23:09+0200,bcd3f249-d332-480a-95cf-6311f6ef2f92,2026-09-03T18:15:00Z,2026-09-03T20:15:00+0200,183.22,EUR/MWh,ES,ES,imbalance_price,Long,2026-09-07T08:26:35Z
2026-09-07T08:23:09Z,2026-09-07T10:23:09+0200,bcd3f249-d332-480a-95cf-6311f6ef2f92,2026-09-03T18:15:00Z,2026-09-03T20:15:00+0200,183.22,EUR/MWh,ES,ES,imbalance_price,Short,2026-09-07T08:26:35Z
2026-09-07T08:23:09Z,2026-09-07T10:23:09+0200,bcd3f249-d332-480a-95cf-6311f6ef2f92,2026-09-03T18:30:00Z,2026-09-03T20:30:00+0200,186.07,EUR/MWh,ES,ES,imbalance_price,Long,2026-09-07T08:26:35Z
2026-09-07T08:23:09Z,2026-09-07T10:23:09+0200,bcd3f249-d332-480a-95cf-6311f6ef2f92,2026-09-03T18:30:00Z,2026-09-03T20:30:00+0200,186.07,EUR/MWh,ES,ES,imbalance_price,Short,2026-09-07T08:26:35Z
2026-09-07T08:23:09Z,2026-09-07T10:23:09+0200,bcd3f249-d332-480a-95cf-6311f6ef2f92,2026-09-03T18:45:00Z,2026-09-03T20:45:00+0200,214.55,EUR/MWh,ES,ES,imbalance_price,Long,2026-09-07T08:26:35Z
2026-09-07T08:23:09Z,2026-09-07T10:23:09+0200,bcd3f249-d332-480a-95cf-6311f6ef2f92,2026-09-03T18:45:00Z,2026-09-03T20:45:00+0200,214.55,EUR/MWh,ES,ES,imbalance_price,Short,2026-09-07T08:26:35Z
2026-09-07T08:23:09Z,2026-09-07T10:23:09+0200,bcd3f249-d332-480a-95cf-6311f6ef2f92,2026-09-03T19:00:00Z,2026-09-03T21:00:00+0200,197.9,EUR/MWh,ES,ES,imbalance_price,Long,2026-09-07T08:26:35Z
2026-09-07T08:23:09Z,2026-09-07T10:23:09+0200,bcd3f249-d332-480a-95cf-6311f6ef2f92,2026-09-03T19:00:00Z,2026-09-03T21:00:00+0200,197.9,EUR/MWh,ES,ES,imbalance_price,Short,2026-09-07T08:26:35Z
2026-09-07T08:23:09Z,2026-09-07T10:23:09+0200,bcd3f249-d332-480a-95cf-6311f6ef2f92,2026-09-03T19:15:00Z,2026-09-03T21:15:00+0200,151.25,EUR/MWh,ES,ES,imbalance_price,Long,2026-09-07T08:26:35Z
2026-09-07T08:23:09Z,2026-09-07T10:23:09+0200,bcd3f249-d332-480a-95cf-6311f6ef2f92,2026-09-03T19:15:00Z,2026-09-03T21:15:00+0200,192.78,EUR/MWh,ES,ES,imbalance_price,Short,2026-09-07T08:26:35Z
2026-09-07T08:23:09Z,2026-09-07T10:23:09+0200,bcd3f249-d332-480a-95cf-6311f6ef2f92,2026-09-03T19:30:00Z,2026-09-03T21:30:00+0200,294.3,EUR/MWh,ES,ES,imbalance_price,Long,2026-09-07T08:26:35Z
2026-09-07T08:23:09Z,2026-09-07T10:23:09+0200,bcd3f249-d332-480a-95cf-6311f6ef2f92,2026-09-03T19:30:00Z,2026-09-03T21:30:00+0200,294.3,EUR/MWh,ES,ES,imbalance_price,Short,2026-09-07T08:26:35Z
2026-09-07T08:23:09Z,2026-09-07T10:23:09+0200,bcd3f249-d332-480a-95cf-6311f6ef2f92,2026-09-03T19:45:00Z,2026-09-03T21:45:00+0200,170.81,EUR/MWh,ES,ES,imbalance_price,Long,2026-09-07T08:26:35Z
2026-09-07T08:23:09Z,2026-09-07T10:23:09+0200,bcd3f249-d332-480a-95cf-6311f6ef2f92,2026-09-03T19:45:00Z,2026-09-03T21:45:00+0200,181.94,EUR/MWh,ES,ES,imbalance_price,Short,2026-09-07T08:26:35Z
2026-09-07T08:23:09Z,2026-09-07T10:23:09+0200,bcd3f249-d332-480a-95cf-6311f6ef2f92,2026-09-03T20:00:00Z,2026-09-03T22:00:00+0200,244.78,EUR/MWh,ES,ES,imbalance_price,Long,2026-09-07T08:26:35Z
2026-09-07T08:23:09Z,2026-09-07T10:23:09+0200,bcd3f249-d332-480a-95cf-6311f6ef2f92,2026-09-03T20:00:00Z,2026-09-03T22:00:00+0200,244.78,EUR/MWh,ES,ES,imbalance_price,Short,2026-09-07T08:26:35Z
2026-09-07T08:23:09Z,2026-09-07T10:23:09+0200,bcd3f249-d332-480a-95cf-6311f6ef2f92,2026-09-03T20:15:00Z,2026-09-03T22:15:00+0200,255.78,EUR/MWh,ES,ES,imbalance_price,Long,2026-09-07T08:26:35Z
2026-09-07T08:23:09Z,2026-09-07T10:23:09+0200,bcd3f249-d332-480a-95cf-6311f6ef2f92,2026-09-03T20:15:00Z,2026-09-03T22:15:00+0200,255.78,EUR/MWh,ES,ES,imbalance_price,Short,2026-09-07T08:26:35Z
2026-09-07T08:23:09Z,2026-09-07T10:23:09+0200,bcd3f249-d332-480a-95cf-6311f6ef2f92,2026-09-03T20:30:00Z,2026-09-03T22:30:00+0200,162.38,EUR/MWh,ES,ES,imbalance_price,Long,2026-09-07T08:26:35Z
2026-09-07T08:23:09Z,2026-09-07T10:23:09+0200,bcd3f249-d332-480a-95cf-6311f6ef2f92,2026-09-03T20:30:00Z,2026-09-03T22:30:00+0200,215.49,EUR/MWh,ES,ES,imbalance_price,Short,2026-09-07T08:26:35Z
2026-09-07T08:23:09Z,2026-09-07T10:23:09+0200,bcd3f249-d332-480a-95cf-6311f6ef2f92,2026-09-03T20:45:00Z,2026-09-03T22:45:00+0200,203.64,EUR/MWh,ES,ES,imbalance_price,Long,2026-09-07T08:26:35Z
2026-09-07T08:23:09Z,2026-09-07T10:23:09+0200,bcd3f249-d332-480a-95cf-6311f6ef2f92,2026-09-03T20:45:00Z,2026-09-03T22:45:00+0200,203.64,EUR/MWh,ES,ES,imbalance_price,Short,2026-09-07T08:26:35Z
2026-09-07T08:23:09Z,2026-09-07T10:23:09+0200,bcd3f249-d332-480a-95cf-6311f6ef2f92,2026-09-03T21:00:00Z,2026-09-03T23:00:00+0200,166.0,EUR/MWh,ES,ES,imbalance_price,Long,2026-09-07T08:26:35Z
2026-09-07T08:23:09Z,2026-09-07T10:23:09+0200,bcd3f249-d332-480a-95cf-6311f6ef2f92,2026-09-03T21:00:00Z,2026-09-03T23:00:00+0200,211.49,EUR/MWh,ES,ES,imbalance_price,Short,2026-09-07T08:26:35Z
2026-09-07T08:23:09Z,2026-09-07T10:23:09+0200,bcd3f249-d332-480a-95cf-6311f6ef2f92,2026-09-03T21:15:00Z,2026-09-03T23:15:00+0200,207.57,EUR/MWh,ES,ES,imbalance_price,Long,2026-09-07T08:26:35Z
2026-09-07T08:23:09Z,2026-09-07T10:23:09+0200,bcd3f249-d332-480a-95cf-6311f6ef2f92,2026-09-03T21:15:00Z,2026-09-03T23:15:00+0200,207.57,EUR/MWh,ES,ES,imbalance_price,Short,2026-09-07T08:26:35Z
2026-09-07T08:23:09Z,2026-09-07T10:23:09+0200,bcd3f249-d332-480a-95cf-6311f6ef2f92,2026-09-03T21:30:00Z,2026-09-03T23:30:00+0200,139.85,EUR/MWh,ES,ES,imbalance_price,Long,2026-09-07T08:26:35Z
2026-09-07T08:23:09Z,2026-09-07T10:23:09+0200,bcd3f249-d332-480a-95cf-6311f6ef2f92,2026-09-03T21:30:00Z,2026-09-03T23:30:00+0200,200.22,EUR/MWh,ES,ES,imbalance_price,Short,2026-09-07T08:26:35Z
2026-09-07T08:23:09Z,2026-09-07T10:23:09+0200,bcd3f249-d332-480a-95cf-6311f6ef2f92,2026-09-03T21:45:00Z,2026-09-03T23:45:00+0200,145.19,EUR/MWh,ES,ES,imbalance_price,Long,2026-09-07T08:26:35Z
2026-09-07T08:23:09Z,2026-09-07T10:23:09+0200,bcd3f249-d332-480a-95cf-6311f6ef2f92,2026-09-03T21:45:00Z,2026-09-03T23:45:00+0200,190.18,EUR/MWh,ES,ES,imbalance_price,Short,2026-09-07T08:26:35Z
2026-09-07T08:23:09Z,2026-09-07T10:23:09+0200,bcd3f249-d332-480a-95cf-6311f6ef2f92,2026-09-03T22:00:00Z,2026-09-04T00:00:00+0200,159.55,EUR/MWh,ES,ES,imbalance_price,Long,2026-09-07T08:26:35Z
2026-09-07T08:23:09Z,2026-09-07T10:23:09+0200,bcd3f249-d332-480a-95cf-6311f6ef2f92,2026-09-03T22:00:00Z,2026-09-04T00:00:00+0200,178.86,EUR/MWh,ES,ES,imbalance_price,Short,2026-09-07T08:26:35Z
2026-09-07T08:23:09Z,2026-09-07T10:23:09+0200,bcd3f249-d332-480a-95cf-6311f6ef2f92,2026-09-03T22:15:00Z,2026-09-04T00:15:00+0200,159.2,EUR/MWh,ES,ES,imbalance_price,Long,2026-09-07T08:26:35Z
2026-09-07T08:23:09Z,2026-09-07T10:23:09+0200,bcd3f249-d332-480a-95cf-6311f6ef2f92,2026-09-03T22:15:00Z,2026-09-04T00:15:00+0200,179.19,EUR/MWh,ES,ES,imbalance_price,Short,2026-09-07T08:26:35Z
2026-09-07T08:23:09Z,2026-09-07T10:23:09+0200,bcd3f249-d332-480a-95cf-6311f6ef2f92,2026-09-03T22:30:00Z,2026-09-04T00:30:00+0200,107.76,EUR/MWh,ES,ES,imbalance_price,Long,2026-09-07T08:26:35Z
2026-09-07T08:23:09Z,2026-09-07T10:23:09+0200,bcd3f249-d332-480a-95cf-6311f6ef2f92,2026-09-03T22:30:00Z,2026-09-04T00:30:00+0200,177.33,EUR/MWh,ES,ES,imbalance_price,Short,2026-09-07T08:26:35Z
2026-09-07T08:23:09Z,2026-09-07T10:23:09+0200,bcd3f249-d332-480a-95cf-6311f6ef2f92,2026-09-03T22:45:00Z,2026-09-04T00:45:00+0200,117.1,EUR/MWh,ES,ES,imbalance_price,Long,2026-09-07T08:26:35Z
2026-09-07T08:23:09Z,2026-09-07T10:23:09+0200,bcd3f249-d332-480a-95cf-6311f6ef2f92,2026-09-03T22:45:00Z,2026-09-04T00:45:00+0200,175.69,EUR/MWh,ES,ES,imbalance_price,Short,2026-09-07T08:26:35Z
2026-09-07T08:23:09Z,2026-09-07T10:23:09+0200,bcd3f249-d332-480a-95cf-6311f6ef2f92,2026-09-03T23:00:00Z,2026-09-04T01:00:00+0200,160.18,EUR/MWh,ES,ES,imbalance_price,Long,2026-09-07T08:26:35Z
2026-09-07T08:23:09Z,2026-09-07T10:23:09+0200,bcd3f249-d332-480a-95cf-6311f6ef2f92,2026-09-03T23:00:00Z,2026-09-04T01:00:00+0200,177.06,EUR/MWh,ES,ES,imbalance_price,Short,2026-09-07T08:26:35Z
2026-09-07T08:23:09Z,2026-09-07T10:23:09+0200,bcd3f249-d332-480a-95cf-6311f6ef2f92,2026-09-03T23:15:00Z,2026-09-04T01:15:00+0200,60.93,EUR/MWh,ES,ES,imbalance_price,Long,2026-09-07T08:26:35Z
2026-09-07T08:23:09Z,2026-09-07T10:23:09+0200,bcd3f249-d332-480a-95cf-6311f6ef2f92,2026-09-03T23:15:00Z,2026-09-04T01:15:00+0200,177.01,EUR/MWh,ES,ES,imbalance_price,Short,2026-09-07T08:26:35Z
2026-09-07T08:23:09Z,2026-09-07T10:23:09+0200,bcd3f249-d332-480a-95cf-6311f6ef2f92,2026-09-03T23:30:00Z,2026-09-04T01:30:00+0200,177.34,EUR/MWh,ES,ES,imbalance_price,Long,2026-09-07T08:26:35Z
2026-09-07T08:23:09Z,2026-09-07T10:23:09+0200,bcd3f249-d332-480a-95cf-6311f6ef2f92,2026-09-03T23:30:00Z,2026-09-04T01:30:00+0200,177.34,EUR/MWh,ES,ES,imbalance_price,Short,2026-09-07T08:26:35Z
2026-09-07T08:23:09Z,2026-09-07T10:23:09+0200,bcd3f249-d332-480a-95cf-6311f6ef2f92,2026-09-03T23:45:00Z,2026-09-04T01:45:00+0200,0.0,EUR/MWh,ES,ES,imbalance_price,Long,2026-09-07T08:26:35Z
2026-09-07T08:23:09Z,2026-09-07T10:23:09+0200,bcd3f249-d332-480a-95cf-6311f6ef2f92,2026-09-03T23:45:00Z,2026-09-04T01:45:00+0200,175.16,EUR/MWh,ES,ES,imbalance_price,Short,2026-09-07T08:26:35Z
2026-09-07T08:23:09Z,2026-09-07T10:23:09+0200,bcd3f249-d332-480a-95cf-6311f6ef2f92,2026-09-04T00:00:00Z,2026-09-04T02:00:00+0200,43.54,EUR/MWh,ES,ES,imbalance_price,Long,2026-09-07T08:26:35Z
2026-09-07T08:23:09Z,2026-09-07T10:23:09+0200,bcd3f249-d332-480a-95cf-6311f6ef2f92,2026-09-04T00:00:00Z,2026-09-04T02:00:00+0200,177.71,EUR/MWh,ES,ES,imbalance_price,Short,2026-09-07T08:26:35Z
2026-09-07T08:23:09Z,2026-09-07T10:23:09+0200,bcd3f249-d332-480a-95cf-6311f6ef2f92,2026-09-04T00:15:00Z,2026-09-04T02:15:00+0200,142.78,EUR/MWh,ES,ES,imbalance_price,Long,2026-09-07T08:26:35Z
2026-09-07T08:23:09Z,2026-09-07T10:23:09+0200,bcd3f249-d332-480a-95cf-6311f6ef2f92,2026-09-04T00:15:00Z,2026-09-04T02:15:00+0200,175.69,EUR/MWh,ES,ES,imbalance_price,Short,2026-09-07T08:26:35Z
2026-09-07T08:23:09Z,2026-09-07T10:23:09+0200,bcd3f249-d332-480a-95cf-6311f6ef2f92,2026-09-04T00:30:00Z,2026-09-04T02:30:00+0200,177.45,EUR/MWh,ES,ES,imbalance_price,Long,2026-09-07T08:26:35Z
2026-09-07T08:23:09Z,2026-09-07T10:23:09+0200,bcd3f249-d332-480a-95cf-6311f6ef2f92,2026-09-04T00:30:00Z,2026-09-04T02:30:00+0200,177.45,EUR/MWh,ES,ES,imbalance_price,Short,2026-09-07T08:26:35Z
2026-09-07T08:23:09Z,2026-09-07T10:23:09+0200,bcd3f249-d332-480a-95cf-6311f6ef2f92,2026-09-04T00:45:00Z,2026-09-04T02:45:00+0200,177.96,EUR/MWh,ES,ES,imbalance_price,Long,2026-09-07T08:26:35Z
2026-09-07T08:23:09Z,2026-09-07T10:23:09+0200,bcd3f249-d332-480a-95cf-6311f6ef2f92,2026-09-04T00:45:00Z,2026-09-04T02:45:00+0200,177.96,EUR/MWh,ES,ES,imbalance_price,Short,2026-09-07T08:26:35Z
2026-09-07T08:23:09Z,2026-09-07T10:23:09+0200,bcd3f249-d332-480a-95cf-6311f6ef2f92,2026-09-04T01:00:00Z,2026-09-04T03:00:00+0200,184.61,EUR/MWh,ES,ES,imbalance_price,Long,2026-09-07T08:26:35Z
2026-09-07T08:23:09Z,2026-09-07T10:23:09+0200,bcd3f249-d332-480a-95cf-6311f6ef2f92,2026-09-04T01:00:00Z,2026-09-04T03:00:00+0200,184.61,EUR/MWh,ES,ES,imbalance_price,Short,2026-09-07T08:26:35Z
2026-09-07T08:23:09Z,2026-09-07T10:23:09+0200,bcd3f249-d332-480a-95cf-6311f6ef2f92,2026-09-04T01:15:00Z,2026-09-04T03:15:00+0200,186.64,EUR/MWh,ES,ES,imbalance_price,Long,2026-09-07T08:26:35Z
2026-09-07T08:23:09Z,2026-09-07T10:23:09+0200,bcd3f249-d332-480a-95cf-6311f6ef2f92,2026-09-04T01:15:00Z,2026-09-04T03:15:00+0200,186.64,EUR/MWh,ES,ES,imbalance_price,Short,2026-09-07T08:26:35Z
2026-09-07T08:23:09Z,2026-09-07T10:23:09+0200,bcd3f249-d332-480a-95cf-6311f6ef2f92,2026-09-04T01:30:00Z,2026-09-04T03:30:00+0200,146.97,EUR/MWh,ES,ES,imbalance_price,Long,2026-09-07T08:26:35Z
2026-09-07T08:23:09Z,2026-09-07T10:23:09+0200,bcd3f249-d332-480a-95cf-6311f6ef2f92,2026-09-04T01:30:00Z,2026-09-04T03:30:00+0200,193.79,EUR/MWh,ES,ES,imbalance_price,Short,2026-09-07T08:26:35Z
2026-09-07T08:23:09Z,2026-09-07T10:23:09+0200,bcd3f249-d332-480a-95cf-6311f6ef2f92,2026-09-04T01:45:00Z,2026-09-04T03:45:00+0200,144.09,EUR/MWh,ES,ES,imbalance_price,Long,2026-09-07T08:26:35Z
2026-09-07T08:23:09Z,2026-09-07T10:23:09+0200,bcd3f249-d332-480a-95cf-6311f6ef2f92,2026-09-04T01:45:00Z,2026-09-04T03:45:00+0200,184.03,EUR/MWh,ES,ES,imbalance_price,Short,2026-09-07T08:26:35Z
2026-09-07T08:23:09Z,2026-09-07T10:23:09+0200,bcd3f249-d332-480a-95cf-6311f6ef2f92,2026-09-04T02:00:00Z,2026-09-04T04:00:00+0200,117.67,EUR/MWh,ES,ES,imbalance_price,Long,2026-09-07T08:26:35Z
2026-09-07T08:23:09Z,2026-09-07T10:23:09+0200,bcd3f249-d332-480a-95cf-6311f6ef2f92,2026-09-04T02:00:00Z,2026-09-04T04:00:00+0200,183.48,EUR/MWh,ES,ES,imbalance_price,Short,2026-09-07T08:26:35Z
2026-09-07T08:23:09Z,2026-09-07T10:23:09+0200,bcd3f249-d332-480a-95cf-6311f6ef2f92,2026-09-04T02:15:00Z,2026-09-04T04:15:00+0200,146.92,EUR/MWh,ES,ES,imbalance_price,Long,2026-09-07T08:26:35Z
2026-09-07T08:23:09Z,2026-09-07T10:23:09+0200,bcd3f249-d332-480a-95cf-6311f6ef2f92,2026-09-04T02:15:00Z,2026-09-04T04:15:00+0200,184.04,EUR/MWh,ES,ES,imbalance_price,Short,2026-09-07T08:26:35Z
2026-09-07T08:23:09Z,2026-09-07T10:23:09+0200,bcd3f249-d332-480a-95cf-6311f6ef2f92,2026-09-04T02:30:00Z,2026-09-04T04:30:00+0200,14.29,EUR/MWh,ES,ES,imbalance_price,Long,2026-09-07T08:26:35Z
2026-09-07T08:23:09Z,2026-09-07T10:23:09+0200,bcd3f249-d332-480a-95cf-6311f6ef2f92,2026-09-04T02:30:00Z,2026-09-04T04:30:00+0200,183.83,EUR/MWh,ES,ES,imbalance_price,Short,2026-09-07T08:26:35Z
2026-09-07T08:23:09Z,2026-09-07T10:23:09+0200,bcd3f249-d332-480a-95cf-6311f6ef2f92,2026-09-04T02:45:00Z,2026-09-04T04:45:00+0200,64.85,EUR/MWh,ES,ES,imbalance_price,Long,2026-09-07T08:26:35Z
2026-09-07T08:23:09Z,2026-09-07T10:23:09+0200,bcd3f249-d332-480a-95cf-6311f6ef2f92,2026-09-04T02:45:00Z,2026-09-04T04:45:00+0200,180.0,EUR/MWh,ES,ES,imbalance_price,Short,2026-09-07T08:26:35Z
2026-09-07T08:23:09Z,2026-09-07T10:23:09+0200,bcd3f249-d332-480a-95cf-6311f6ef2f92,2026-09-04T03:00:00Z,2026-09-04T05:00:00+0200,135.85,EUR/MWh,ES,ES,imbalance_price,Long,2026-09-07T08:26:35Z
2026-09-07T08:23:09Z,2026-09-07T10:23:09+0200,bcd3f249-d332-480a-95cf-6311f6ef2f92,2026-09-04T03:00:00Z,2026-09-04T05:00:00+0200,176.28,EUR/MWh,ES,ES,imbalance_price,Short,2026-09-07T08:26:35Z
2026-09-07T08:23:09Z,2026-09-07T10:23:09+0200,bcd3f249-d332-480a-95cf-6311f6ef2f92,2026-09-04T03:15:00Z,2026-09-04T05:15:00+0200,155.15,EUR/MWh,ES,ES,imbalance_price,Long,2026-09-07T08:26:35Z
2026-09-07T08:23:09Z,2026-09-07T10:23:09+0200,bcd3f249-d332-480a-95cf-6311f6ef2f92,2026-09-04T03:15:00Z,2026-09-04T05:15:00+0200,177.27,EUR/MWh,ES,ES,imbalance_price,Short,2026-09-07T08:26:35Z
2026-09-07T08:23:09Z,2026-09-07T10:23:09+0200,bcd3f249-d332-480a-95cf-6311f6ef2f92,2026-09-04T03:30:00Z,2026-09-04T05:30:00+0200,87.68,EUR/MWh,ES,ES,imbalance_price,Long,2026-09-07T08:26:35Z
2026-09-07T08:23:09Z,2026-09-07T10:23:09+0200,bcd3f249-d332-480a-95cf-6311f6ef2f92,2026-09-04T03:30:00Z,2026-09-04T05:30:00+0200,178.39,EUR/MWh,ES,ES,imbalance_price,Short,2026-09-07T08:26:35Z
2026-09-07T08:23:09Z,2026-09-07T10:23:09+0200,bcd3f249-d332-480a-95cf-6311f6ef2f92,2026-09-04T03:45:00Z,2026-09-04T05:45:00+0200,122.04,EUR/MWh,ES,ES,imbalance_price,Long,2026-09-07T08:26:35Z
2026-09-07T08:23:09Z,2026-09-07T10:23:09+0200,bcd3f249-d332-480a-95cf-6311f6ef2f92,2026-09-04T03:45:00Z,2026-09-04T05:45:00+0200,175.89,EUR/MWh,ES,ES,imbalance_price,Short,2026-09-07T08:26:35Z
2026-09-07T08:23:09Z,2026-09-07T10:23:09+0200,bcd3f249-d332-480a-95cf-6311f6ef2f92,2026-09-04T04:00:00Z,2026-09-04T06:00:00+0200,155.34,EUR/MWh,ES,ES,imbalance_price,Long,2026-09-07T08:26:35Z
2026-09-07T08:23:09Z,2026-09-07T10:23:09+0200,bcd3f249-d332-480a-95cf-6311f6ef2f92,2026-09-04T04:00:00Z,2026-09-04T06:00:00+0200,173.71,EUR/MWh,ES,ES,imbalance_price,Short,2026-09-07T08:26:35Z
2026-09-07T08:23:09Z,2026-09-07T10:23:09+0200,bcd3f249-d332-480a-95cf-6311f6ef2f92,2026-09-04T04:15:00Z,2026-09-04T06:15:00+0200,147.78,EUR/MWh,ES,ES,imbalance_price,Long,2026-09-07T08:26:35Z
2026-09-07T08:23:09Z,2026-09-07T10:23:09+0200,bcd3f249-d332-480a-95cf-6311f6ef2f92,2026-09-04T04:15:00Z,2026-09-04T06:15:00+0200,173.19,EUR/MWh,ES,ES,imbalance_price,Short,2026-09-07T08:26:35Z
2026-09-07T08:23:09Z,2026-09-07T10:23:09+0200,bcd3f249-d332-480a-95cf-6311f6ef2f92,2026-09-04T04:30:00Z,2026-09-04T06:30:00+0200,124.89,EUR/MWh,ES,ES,imbalance_price,Long,2026-09-07T08:26:35Z
2026-09-07T08:23:09Z,2026-09-07T10:23:09+0200,bcd3f249-d332-480a-95cf-6311f6ef2f92,2026-09-04T04:30:00Z,2026-09-04T06:30:00+0200,176.51,EUR/MWh,ES,ES,imbalance_price,Short,2026-09-07T08:26:35Z
2026-09-07T08:23:09Z,2026-09-07T10:23:09+0200,bcd3f249-d332-480a-95cf-6311f6ef2f92,2026-09-04T04:45:00Z,2026-09-04T06:45:00+0200,159.51,EUR/MWh,ES,ES,imbalance_price,Long,2026-09-07T08:26:35Z
2026-09-07T08:23:09Z,2026-09-07T10:23:09+0200,bcd3f249-d332-480a-95cf-6311f6ef2f92,2026-09-04T04:45:00Z,2026-09-04T06:45:00+0200,177.01,EUR/MWh,ES,ES,imbalance_price,Short,2026-09-07T08:26:35Z
2026-09-07T08:23:09Z,2026-09-07T10:23:09+0200,bcd3f249-d332-480a-95cf-6311f6ef2f92,2026-09-04T05:00:00Z,2026-09-04T07:00:00+0200,152.43,EUR/MWh,ES,ES,imbalance_price,Long,2026-09-07T08:26:35Z
2026-09-07T08:23:09Z,2026-09-07T10:23:09+0200,bcd3f249-d332-480a-95cf-6311f6ef2f92,2026-09-04T05:00:00Z,2026-09-04T07:00:00+0200,176.25,EUR/MWh,ES,ES,imbalance_price,Short,2026-09-07T08:26:35Z
2026-09-07T08:23:09Z,2026-09-07T10:23:09+0200,bcd3f249-d332-480a-95cf-6311f6ef2f92,2026-09-04T05:15:00Z,2026-09-04T07:15:00+0200,177.27,EUR/MWh,ES,ES,imbalance_price,Long,2026-09-07T08:26:35Z
2026-09-07T08:23:09Z,2026-09-07T10:23:09+0200,bcd3f249-d332-480a-95cf-6311f6ef2f92,2026-09-04T05:15:00Z,2026-09-04T07:15:00+0200,177.27,EUR/MWh,ES,ES,imbalance_price,Short,2026-09-07T08:26:35Z
2026-09-07T08:23:09Z,2026-09-07T10:23:09+0200,bcd3f249-d332-480a-95cf-6311f6ef2f92,2026-09-04T05:30:00Z,2026-09-04T07:30:00+0200,148.14,EUR/MWh,ES,ES,imbalance_price,Long,2026-09-07T08:26:35Z
2026-09-07T08:23:09Z,2026-09-07T10:23:09+0200,bcd3f249-d332-480a-95cf-6311f6ef2f92,2026-09-04T05:30:00Z,2026-09-04T07:30:00+0200,178.78,EUR/MWh,ES,ES,imbalance_price,Short,2026-09-07T08:26:35Z
2026-09-07T08:23:09Z,2026-09-07T10:23:09+0200,bcd3f249-d332-480a-95cf-6311f6ef2f92,2026-09-04T05:45:00Z,2026-09-04T07:45:00+0200,142.37,EUR/MWh,ES,ES,imbalance_price,Long,2026-09-07T08:26:35Z
2026-09-07T08:23:09Z,2026-09-07T10:23:09+0200,bcd3f249-d332-480a-95cf-6311f6ef2f92,2026-09-04T05:45:00Z,2026-09-04T07:45:00+0200,176.97,EUR/MWh,ES,ES,imbalance_price,Short,2026-09-07T08:26:35Z
2026-09-07T08:23:09Z,2026-09-07T10:23:09+0200,bcd3f249-d332-480a-95cf-6311f6ef2f92,2026-09-04T06:00:00Z,2026-09-04T08:00:00+0200,71.49,EUR/MWh,ES,ES,imbalance_price,Long,2026-09-07T08:26:35Z
2026-09-07T08:23:09Z,2026-09-07T10:23:09+0200,bcd3f249-d332-480a-95cf-6311f6ef2f92,2026-09-04T06:00:00Z,2026-09-04T08:00:00+0200,177.01,EUR/MWh,ES,ES,imbalance_price,Short,2026-09-07T08:26:35Z
2026-09-07T08:23:09Z,2026-09-07T10:23:09+0200,bcd3f249-d332-480a-95cf-6311f6ef2f92,2026-09-04T06:15:00Z,2026-09-04T08:15:00+0200,137.63,EUR/MWh,ES,ES,imbalance_price,Long,2026-09-07T08:26:35Z
2026-09-07T08:23:09Z,2026-09-07T10:23:09+0200,bcd3f249-d332-480a-95cf-6311f6ef2f92,2026-09-04T06:15:00Z,2026-09-04T08:15:00+0200,173.27,EUR/MWh,ES,ES,imbalance_price,Short,2026-09-07T08:26:35Z
2026-09-07T08:23:09Z,2026-09-07T10:23:09+0200,bcd3f249-d332-480a-95cf-6311f6ef2f92,2026-09-04T06:30:00Z,2026-09-04T08:30:00+0200,174.19,EUR/MWh,ES,ES,imbalance_price,Long,2026-09-07T08:26:35Z
2026-09-07T08:23:09Z,2026-09-07T10:23:09+0200,bcd3f249-d332-480a-95cf-6311f6ef2f92,2026-09-04T06:30:00Z,2026-09-04T08:30:00+0200,174.19,EUR/MWh,ES,ES,imbalance_price,Short,2026-09-07T08:26:35Z
2026-09-07T08:23:09Z,2026-09-07T10:23:09+0200,bcd3f249-d332-480a-95cf-6311f6ef2f92,2026-09-04T06:45:00Z,2026-09-04T08:45:00+0200,125.74,EUR/MWh,ES,ES,imbalance_price,Long,2026-09-07T08:26:35Z
2026-09-07T08:23:09Z,2026-09-07T10:23:09+0200,bcd3f249-d332-480a-95cf-6311f6ef2f92,2026-09-04T06:45:00Z,2026-09-04T08:45:00+0200,159.9,EUR/MWh,ES,ES,imbalance_price,Short,2026-09-07T08:26:35Z
2026-09-07T08:23:09Z,2026-09-07T10:23:09+0200,bcd3f249-d332-480a-95cf-6311f6ef2f92,2026-09-04T07:00:00Z,2026-09-04T09:00:00+0200,82.04,EUR/MWh,ES,ES,imbalance_price,Long,2026-09-07T08:26:35Z
2026-09-07T08:23:09Z,2026-09-07T10:23:09+0200,bcd3f249-d332-480a-95cf-6311f6ef2f92,2026-09-04T07:00:00Z,2026-09-04T09:00:00+0200,162.02,EUR/MWh,ES,ES,imbalance_price,Short,2026-09-07T08:26:35Z
2026-09-07T08:23:09Z,2026-09-07T10:23:09+0200,bcd3f249-d332-480a-95cf-6311f6ef2f92,2026-09-04T07:15:00Z,2026-09-04T09:15:00+0200,19.61,EUR/MWh,ES,ES,imbalance_price,Long,2026-09-07T08:26:35Z
2026-09-07T08:23:09Z,2026-09-07T10:23:09+0200,bcd3f249-d332-480a-95cf-6311f6ef2f92,2026-09-04T07:15:00Z,2026-09-04T09:15:00+0200,177.69,EUR/MWh,ES,ES,imbalance_price,Short,2026-09-07T08:26:35Z
2026-09-07T08:23:09Z,2026-09-07T10:23:09+0200,bcd3f249-d332-480a-95cf-6311f6ef2f92,2026-09-04T07:30:00Z,2026-09-04T09:30:00+0200,2.45,EUR/MWh,ES,ES,imbalance_price,Long,2026-09-07T08:26:35Z
2026-09-07T08:23:09Z,2026-09-07T10:23:09+0200,bcd3f249-d332-480a-95cf-6311f6ef2f92,2026-09-04T07:30:00Z,2026-09-04T09:30:00+0200,160.02,EUR/MWh,ES,ES,imbalance_price,Short,2026-09-07T08:26:35Z
2026-09-07T08:23:09Z,2026-09-07T10:23:09+0200,bcd3f249-d332-480a-95cf-6311f6ef2f92,2026-09-04T07:45:00Z,2026-09-04T09:45:00+0200,0.2,EUR/MWh,ES,ES,imbalance_price,Long,2026-09-07T08:26:35Z
2026-09-07T08:23:09Z,2026-09-07T10:23:09+0200,bcd3f249-d332-480a-95cf-6311f6ef2f92,2026-09-04T07:45:00Z,2026-09-04T09:45:00+0200,198.69,EUR/MWh,ES,ES,imbalance_price,Short,2026-09-07T08:26:35Z
2026-09-07T08:23:09Z,2026-09-07T10:23:09+0200,bcd3f249-d332-480a-95cf-6311f6ef2f92,2026-09-04T08:00:00Z,2026-09-04T10:00:00+0200,-0.01,EUR/MWh,ES,ES,imbalance_price,Long,2026-09-07T08:26:35Z
2026-09-07T08:23:09Z,2026-09-07T10:23:09+0200,bcd3f249-d332-480a-95cf-6311f6ef2f92,2026-09-04T08:00:00Z,2026-09-04T10:00:00+0200,318.54,EUR/MWh,ES,ES,imbalance_price,Short,2026-09-07T08:26:35Z
2026-09-07T08:23:09Z,2026-09-07T10:23:09+0200,bcd3f249-d332-480a-95cf-6311f6ef2f92,2026-09-04T08:15:00Z,2026-09-04T10:15:00+0200,62.46,EUR/MWh,ES,ES,imbalance_price,Long,2026-09-07T08:26:35Z
2026-09-07T08:23:09Z,2026-09-07T10:23:09+0200,bcd3f249-d332-480a-95cf-6311f6ef2f92,2026-09-04T08:15:00Z,2026-09-04T10:15:00+0200,305.77,EUR/MWh,ES,ES,imbalance_price,Short,2026-09-07T08:26:35Z
2026-09-07T08:23:09Z,2026-09-07T10:23:09+0200,bcd3f249-d332-480a-95cf-6311f6ef2f92,2026-09-04T08:30:00Z,2026-09-04T10:30:00+0200,44.44,EUR/MWh,ES,ES,imbalance_price,Long,2026-09-07T08:26:35Z
2026-09-07T08:23:09Z,2026-09-07T10:23:09+0200,bcd3f249-d332-480a-95cf-6311f6ef2f92,2026-09-04T08:30:00Z,2026-09-04T10:30:00+0200,121.31,EUR/MWh,ES,ES,imbalance_price,Short,2026-09-07T08:26:35Z
2026-09-07T08:23:09Z,2026-09-07T10:23:09+0200,bcd3f249-d332-480a-95cf-6311f6ef2f92,2026-09-04T08:45:00Z,2026-09-04T10:45:00+0200,26.28,EUR/MWh,ES,ES,imbalance_price,Long,2026-09-07T08:26:35Z
2026-09-07T08:23:09Z,2026-09-07T10:23:09+0200,bcd3f249-d332-480a-95cf-6311f6ef2f92,2026-09-04T08:45:00Z,2026-09-04T10:45:00+0200,104.2,EUR/MWh,ES,ES,imbalance_price,Short,2026-09-07T08:26:35Z
2026-09-07T08:23:09Z,2026-09-07T10:23:09+0200,bcd3f249-d332-480a-95cf-6311f6ef2f92,2026-09-04T09:00:00Z,2026-09-04T11:00:00+0200,28.11,EUR/MWh,ES,ES,imbalance_price,Long,2026-09-07T08:26:35Z
2026-09-07T08:23:09Z,2026-09-07T10:23:09+0200,bcd3f249-d332-480a-95cf-6311f6ef2f92,2026-09-04T09:00:00Z,2026-09-04T11:00:00+0200,154.25,EUR/MWh,ES,ES,imbalance_price,Short,2026-09-07T08:26:35Z
2026-09-07T08:23:09Z,2026-09-07T10:23:09+0200,bcd3f249-d332-480a-95cf-6311f6ef2f92,2026-09-04T09:15:00Z,2026-09-04T11:15:00+0200,171.9,EUR/MWh,ES,ES,imbalance_price,Long,2026-09-07T08:26:35Z
2026-09-07T08:23:09Z,2026-09-07T10:23:09+0200,bcd3f249-d332-480a-95cf-6311f6ef2f92,2026-09-04T09:15:00Z,2026-09-04T11:15:00+0200,171.9,EUR/MWh,ES,ES,imbalance_price,Short,2026-09-07T08:26:35Z
2026-09-07T08:23:09Z,2026-09-07T10:23:09+0200,bcd3f249-d332-480a-95cf-6311f6ef2f92,2026-09-04T09:30:00Z,2026-09-04T11:30:00+0200,0.43,EUR/MWh,ES,ES,imbalance_price,Long,2026-09-07T08:26:35Z
2026-09-07T08:23:09Z,2026-09-07T10:23:09+0200,bcd3f249-d332-480a-95cf-6311f6ef2f92,2026-09-04T09:30:00Z,2026-09-04T11:30:00+0200,222.03,EUR/MWh,ES,ES,imbalance_price,Short,2026-09-07T08:26:35Z
2026-09-07T08:23:09Z,2026-09-07T10:23:09+0200,bcd3f249-d332-480a-95cf-6311f6ef2f92,2026-09-04T09:45:00Z,2026-09-04T11:45:00+0200,0.62,EUR/MWh,ES,ES,imbalance_price,Long,2026-09-07T08:26:35Z
2026-09-07T08:23:09Z,2026-09-07T10:23:09+0200,bcd3f249-d332-480a-95cf-6311f6ef2f92,2026-09-04T09:45:00Z,2026-09-04T11:45:00+0200,155.63,EUR/MWh,ES,ES,imbalance_price,Short,2026-09-07T08:26:35Z
2026-09-07T08:23:09Z,2026-09-07T10:23:09+0200,bcd3f249-d332-480a-95cf-6311f6ef2f92,2026-09-04T10:00:00Z,2026-09-04T12:00:00+0200,-0.12,EUR/MWh,ES,ES,imbalance_price,Long,2026-09-07T08:26:35Z
2026-09-07T08:23:09Z,2026-09-07T10:23:09+0200,bcd3f249-d332-480a-95cf-6311f6ef2f92,2026-09-04T10:00:00Z,2026-09-04T12:00:00+0200,258.08,EUR/MWh,ES,ES,imbalance_price,Short,2026-09-07T08:26:35Z
2026-09-07T08:23:09Z,2026-09-07T10:23:09+0200,bcd3f249-d332-480a-95cf-6311f6ef2f92,2026-09-04T10:15:00Z,2026-09-04T12:15:00+0200,1.87,EUR/MWh,ES,ES,imbalance_price,Long,2026-09-07T08:26:35Z
2026-09-07T08:23:09Z,2026-09-07T10:23:09+0200,bcd3f249-d332-480a-95cf-6311f6ef2f92,2026-09-04T10:15:00Z,2026-09-04T12:15:00+0200,261.05,EUR/MWh,ES,ES,imbalance_price,Short,2026-09-07T08:26:35Z
2026-09-07T08:23:09Z,2026-09-07T10:23:09+0200,bcd3f249-d332-480a-95cf-6311f6ef2f92,2026-09-04T10:30:00Z,2026-09-04T12:30:00+0200,5.0,EUR/MWh,ES,ES,imbalance_price,Long,2026-09-07T08:26:35Z
2026-09-07T08:23:09Z,2026-09-07T10:23:09+0200,bcd3f249-d332-480a-95cf-6311f6ef2f92,2026-09-04T10:30:00Z,2026-09-04T12:30:00+0200,259.17,EUR/MWh,ES,ES,imbalance_price,Short,2026-09-07T08:26:35Z
2026-09-07T08:23:09Z,2026-09-07T10:23:09+0200,bcd3f249-d332-480a-95cf-6311f6ef2f92,2026-09-04T10:45:00Z,2026-09-04T12:45:00+0200,241.07,EUR/MWh,ES,ES,imbalance_price,Long,2026-09-07T08:26:35Z
2026-09-07T08:23:09Z,2026-09-07T10:23:09+0200,bcd3f249-d332-480a-95cf-6311f6ef2f92,2026-09-04T10:45:00Z,2026-09-04T12:45:00+0200,241.07,EUR/MWh,ES,ES,imbalance_price,Short,2026-09-07T08:26:35Z
2026-09-07T08:23:09Z,2026-09-07T10:23:09+0200,bcd3f249-d332-480a-95cf-6311f6ef2f92,2026-09-04T11:00:00Z,2026-09-04T13:00:00+0200,12.75,EUR/MWh,ES,ES,imbalance_price,Long,2026-09-07T08:26:35Z
2026-09-07T08:23:09Z,2026-09-07T10:23:09+0200,bcd3f249-d332-480a-95cf-6311f6ef2f92,2026-09-04T11:00:00Z,2026-09-04T13:00:00+0200,257.18,EUR/MWh,ES,ES,imbalance_price,Short,2026-09-07T08:26:35Z
2026-09-07T08:23:09Z,2026-09-07T10:23:09+0200,bcd3f249-d332-480a-95cf-6311f6ef2f92,2026-09-04T11:15:00Z,2026-09-04T13:15:00+0200,3.65,EUR/MWh,ES,ES,imbalance_price,Long,2026-09-07T08:26:35Z
2026-09-07T08:23:09Z,2026-09-07T10:23:09+0200,bcd3f249-d332-480a-95cf-6311f6ef2f92,2026-09-04T11:15:00Z,2026-09-04T13:15:00+0200,262.19,EUR/MWh,ES,ES,imbalance_price,Short,2026-09-07T08:26:35Z
2026-09-07T08:23:09Z,2026-09-07T10:23:09+0200,bcd3f249-d332-480a-95cf-6311f6ef2f92,2026-09-04T11:30:00Z,2026-09-04T13:30:00+0200,0.86,EUR/MWh,ES,ES,imbalance_price,Long,2026-09-07T08:26:35Z
2026-09-07T08:23:09Z,2026-09-07T10:23:09+0200,bcd3f249-d332-480a-95cf-6311f6ef2f92,2026-09-04T11:30:00Z,2026-09-04T13:30:00+0200,263.01,EUR/MWh,ES,ES,imbalance_price,Short,2026-09-07T08:26:35Z
2026-09-07T08:23:09Z,2026-09-07T10:23:09+0200,bcd3f249-d332-480a-95cf-6311f6ef2f92,2026-09-04T11:45:00Z,2026-09-04T13:45:00+0200,18.4,EUR/MWh,ES,ES,imbalance_price,Long,2026-09-07T08:26:35Z
2026-09-07T08:23:09Z,2026-09-07T10:23:09+0200,bcd3f249-d332-480a-95cf-6311f6ef2f92,2026-09-04T11:45:00Z,2026-09-04T13:45:00+0200,232.35,EUR/MWh,ES,ES,imbalance_price,Short,2026-09-07T08:26:35Z
2026-09-07T08:23:09Z,2026-09-07T10:23:09+0200,bcd3f249-d332-480a-95cf-6311f6ef2f92,2026-09-04T12:00:00Z,2026-09-04T14:00:00+0200,18.32,EUR/MWh,ES,ES,imbalance_price,Long,2026-09-07T08:26:35Z
2026-09-07T08:23:09Z,2026-09-07T10:23:09+0200,bcd3f249-d332-480a-95cf-6311f6ef2f92,2026-09-04T12:00:00Z,2026-09-04T14:00:00+0200,257.38,EUR/MWh,ES,ES,imbalance_price,Short,2026-09-07T08:26:35Z
2026-09-07T08:23:09Z,2026-09-07T10:23:09+0200,bcd3f249-d332-480a-95cf-6311f6ef2f92,2026-09-04T12:15:00Z,2026-09-04T14:15:00+0200,39.55,EUR/MWh,ES,ES,imbalance_price,Long,2026-09-07T08:26:35Z
2026-09-07T08:23:09Z,2026-09-07T10:23:09+0200,bcd3f249-d332-480a-95cf-6311f6ef2f92,2026-09-04T12:15:00Z,2026-09-04T14:15:00+0200,230.52,EUR/MWh,ES,ES,imbalance_price,Short,2026-09-07T08:26:35Z
2026-09-07T08:23:09Z,2026-09-07T10:23:09+0200,bcd3f249-d332-480a-95cf-6311f6ef2f92,2026-09-04T12:30:00Z,2026-09-04T14:30:00+0200,30.33,EUR/MWh,ES,ES,imbalance_price,Long,2026-09-07T08:26:35Z
2026-09-07T08:23:09Z,2026-09-07T10:23:09+0200,bcd3f249-d332-480a-95cf-6311f6ef2f92,2026-09-04T12:30:00Z,2026-09-04T14:30:00+0200,257.54,EUR/MWh,ES,ES,imbalance_price,Short,2026-09-07T08:26:35Z
2026-09-07T08:23:09Z,2026-09-07T10:23:09+0200,bcd3f249-d332-480a-95cf-6311f6ef2f92,2026-09-04T12:45:00Z,2026-09-04T14:45:00+0200,41.41,EUR/MWh,ES,ES,imbalance_price,Long,2026-09-07T08:26:35Z
2026-09-07T08:23:09Z,2026-09-07T10:23:09+0200,bcd3f249-d332-480a-95cf-6311f6ef2f92,2026-09-04T12:45:00Z,2026-09-04T14:45:00+0200,259.68,EUR/MWh,ES,ES,imbalance_price,Short,2026-09-07T08:26:35Z
2026-09-07T08:23:09Z,2026-09-07T10:23:09+0200,bcd3f249-d332-480a-95cf-6311f6ef2f92,2026-09-04T13:00:00Z,2026-09-04T15:00:00+0200,0.28,EUR/MWh,ES,ES,imbalance_price,Long,2026-09-07T08:26:35Z
2026-09-07T08:23:09Z,2026-09-07T10:23:09+0200,bcd3f249-d332-480a-95cf-6311f6ef2f92,2026-09-04T13:00:00Z,2026-09-04T15:00:00+0200,261.37,EUR/MWh,ES,ES,imbalance_price,Short,2026-09-07T08:26:35Z
2026-09-07T08:23:09Z,2026-09-07T10:23:09+0200,bcd3f249-d332-480a-95cf-6311f6ef2f92,2026-09-04T13:15:00Z,2026-09-04T15:15:00+0200,32.1,EUR/MWh,ES,ES,imbalance_price,Long,2026-09-07T08:26:35Z
2026-09-07T08:23:09Z,2026-09-07T10:23:09+0200,bcd3f249-d332-480a-95cf-6311f6ef2f92,2026-09-04T13:15:00Z,2026-09-04T15:15:00+0200,254.38,EUR/MWh,ES,ES,imbalance_price,Short,2026-09-07T08:26:35Z
2026-09-07T08:23:09Z,2026-09-07T10:23:09+0200,bcd3f249-d332-480a-95cf-6311f6ef2f92,2026-09-04T13:30:00Z,2026-09-04T15:30:00+0200,15.01,EUR/MWh,ES,ES,imbalance_price,Long,2026-09-07T08:26:35Z
2026-09-07T08:23:09Z,2026-09-07T10:23:09+0200,bcd3f249-d332-480a-95cf-6311f6ef2f92,2026-09-04T13:30:00Z,2026-09-04T15:30:00+0200,259.78,EUR/MWh,ES,ES,imbalance_price,Short,2026-09-07T08:26:35Z
2026-09-07T08:23:09Z,2026-09-07T10:23:09+0200,bcd3f249-d332-480a-95cf-6311f6ef2f92,2026-09-04T13:45:00Z,2026-09-04T15:45:00+0200,1.9,EUR/MWh,ES,ES,imbalance_price,Long,2026-09-07T08:26:35Z
2026-09-07T08:23:09Z,2026-09-07T10:23:09+0200,bcd3f249-d332-480a-95cf-6311f6ef2f92,2026-09-04T13:45:00Z,2026-09-04T15:45:00+0200,257.86,EUR/MWh,ES,ES,imbalance_price,Short,2026-09-07T08:26:35Z
2026-09-07T08:23:09Z,2026-09-07T10:23:09+0200,bcd3f249-d332-480a-95cf-6311f6ef2f92,2026-09-04T14:00:00Z,2026-09-04T16:00:00+0200,14.74,EUR/MWh,ES,ES,imbalance_price,Long,2026-09-07T08:26:35Z
2026-09-07T08:23:09Z,2026-09-07T10:23:09+0200,bcd3f249-d332-480a-95cf-6311f6ef2f92,2026-09-04T14:00:00Z,2026-09-04T16:00:00+0200,260.0,EUR/MWh,ES,ES,imbalance_price,Short,2026-09-07T08:26:35Z
2026-09-07T08:23:09Z,2026-09-07T10:23:09+0200,bcd3f249-d332-480a-95cf-6311f6ef2f92,2026-09-04T14:15:00Z,2026-09-04T16:15:00+0200,37.46,EUR/MWh,ES,ES,imbalance_price,Long,2026-09-07T08:26:35Z
2026-09-07T08:23:09Z,2026-09-07T10:23:09+0200,bcd3f249-d332-480a-95cf-6311f6ef2f92,2026-09-04T14:15:00Z,2026-09-04T16:15:00+0200,257.85,EUR/MWh,ES,ES,imbalance_price,Short,2026-09-07T08:26:35Z
2026-09-07T08:23:09Z,2026-09-07T10:23:09+0200,bcd3f249-d332-480a-95cf-6311f6ef2f92,2026-09-04T14:30:00Z,2026-09-04T16:30:00+0200,21.08,EUR/MWh,ES,ES,imbalance_price,Long,2026-09-07T08:26:35Z
2026-09-07T08:23:09Z,2026-09-07T10:23:09+0200,bcd3f249-d332-480a-95cf-6311f6ef2f92,2026-09-04T14:30:00Z,2026-09-04T16:30:00+0200,249.5,EUR/MWh,ES,ES,imbalance_price,Short,2026-09-07T08:26:35Z
2026-09-07T08:23:09Z,2026-09-07T10:23:09+0200,bcd3f249-d332-480a-95cf-6311f6ef2f92,2026-09-04T14:45:00Z,2026-09-04T16:45:00+0200,-2.08,EUR/MWh,ES,ES,imbalance_price,Long,2026-09-07T08:26:35Z
2026-09-07T08:23:09Z,2026-09-07T10:23:09+0200,bcd3f249-d332-480a-95cf-6311f6ef2f92,2026-09-04T14:45:00Z,2026-09-04T16:45:00+0200,164.37,EUR/MWh,ES,ES,imbalance_price,Short,2026-09-07T08:26:35Z
2026-09-07T08:23:09Z,2026-09-07T10:23:09+0200,bcd3f249-d332-480a-95cf-6311f6ef2f92,2026-09-04T15:00:00Z,2026-09-04T17:00:00+0200,29.99,EUR/MWh,ES,ES,imbalance_price,Long,2026-09-07T08:26:35Z
2026-09-07T08:23:09Z,2026-09-07T10:23:09+0200,bcd3f249-d332-480a-95cf-6311f6ef2f92,2026-09-04T15:00:00Z,2026-09-04T17:00:00+0200,123.59,EUR/MWh,ES,ES,imbalance_price,Short,2026-09-07T08:26:35Z
2026-09-07T08:23:09Z,2026-09-07T10:23:09+0200,bcd3f249-d332-480a-95cf-6311f6ef2f92,2026-09-04T15:15:00Z,2026-09-04T17:15:00+0200,-1.17,EUR/MWh,ES,ES,imbalance_price,Long,2026-09-07T08:26:35Z
2026-09-07T08:23:09Z,2026-09-07T10:23:09+0200,bcd3f249-d332-480a-95cf-6311f6ef2f92,2026-09-04T15:15:00Z,2026-09-04T17:15:00+0200,155.7,EUR/MWh,ES,ES,imbalance_price,Short,2026-09-07T08:26:35Z
2026-09-07T08:23:09Z,2026-09-07T10:23:09+0200,bcd3f249-d332-480a-95cf-6311f6ef2f92,2026-09-04T15:30:00Z,2026-09-04T17:30:00+0200,-1.05,EUR/MWh,ES,ES,imbalance_price,Long,2026-09-07T08:26:35Z
2026-09-07T08:23:09Z,2026-09-07T10:23:09+0200,bcd3f249-d332-480a-95cf-6311f6ef2f92,2026-09-04T15:30:00Z,2026-09-04T17:30:00+0200,171.94,EUR/MWh,ES,ES,imbalance_price,Short,2026-09-07T08:26:35Z
2026-09-07T08:23:09Z,2026-09-07T10:23:09+0200,bcd3f249-d332-480a-95cf-6311f6ef2f92,2026-09-04T15:45:00Z,2026-09-04T17:45:00+0200,70.0,EUR/MWh,ES,ES,imbalance_price,Long,2026-09-07T08:26:35Z
2026-09-07T08:23:09Z,2026-09-07T10:23:09+0200,bcd3f249-d332-480a-95cf-6311f6ef2f92,2026-09-04T15:45:00Z,2026-09-04T17:45:00+0200,169.53,EUR/MWh,ES,ES,imbalance_price,Short,2026-09-07T08:26:35Z
2026-09-07T08:23:09Z,2026-09-07T10:23:09+0200,bcd3f249-d332-480a-95cf-6311f6ef2f92,2026-09-04T16:00:00Z,2026-09-04T18:00:00+0200,22.79,EUR/MWh,ES,ES,imbalance_price,Long,2026-09-07T08:26:35Z
2026-09-07T08:23:09Z,2026-09-07T10:23:09+0200,bcd3f249-d332-480a-95cf-6311f6ef2f92,2026-09-04T16:00:00Z,2026-09-04T18:00:00+0200,173.29,EUR/MWh,ES,ES,imbalance_price,Short,2026-09-07T08:26:35Z
2026-09-07T08:23:09Z,2026-09-07T10:23:09+0200,bcd3f249-d332-480a-95cf-6311f6ef2f92,2026-09-04T16:15:00Z,2026-09-04T18:15:00+0200,79.45,EUR/MWh,ES,ES,imbalance_price,Long,2026-09-07T08:26:35Z
2026-09-07T08:23:09Z,2026-09-07T10:23:09+0200,bcd3f249-d332-480a-95cf-6311f6ef2f92,2026-09-04T16:15:00Z,2026-09-04T18:15:00+0200,174.78,EUR/MWh,ES,ES,imbalance_price,Short,2026-09-07T08:26:35Z
2026-09-07T08:23:09Z,2026-09-07T10:23:09+0200,bcd3f249-d332-480a-95cf-6311f6ef2f92,2026-09-04T16:30:00Z,2026-09-04T18:30:00+0200,101.49,EUR/MWh,ES,ES,imbalance_price,Long,2026-09-07T08:26:35Z
2026-09-07T08:23:09Z,2026-09-07T10:23:09+0200,bcd3f249-d332-480a-95cf-6311f6ef2f92,2026-09-04T16:30:00Z,2026-09-04T18:30:00+0200,185.2,EUR/MWh,ES,ES,imbalance_price,Short,2026-09-07T08:26:35Z
2026-09-07T08:23:09Z,2026-09-07T10:23:09+0200,bcd3f249-d332-480a-95cf-6311f6ef2f92,2026-09-04T16:45:00Z,2026-09-04T18:45:00+0200,179.58,EUR/MWh,ES,ES,imbalance_price,Long,2026-09-07T08:26:35Z
2026-09-07T08:23:09Z,2026-09-07T10:23:09+0200,bcd3f249-d332-480a-95cf-6311f6ef2f92,2026-09-04T16:45:00Z,2026-09-04T18:45:00+0200,179.58,EUR/MWh,ES,ES,imbalance_price,Short,2026-09-07T08:26:35Z
2026-09-07T08:23:09Z,2026-09-07T10:23:09+0200,bcd3f249-d332-480a-95cf-6311f6ef2f92,2026-09-04T17:00:00Z,2026-09-04T19:00:00+0200,202.82,EUR/MWh,ES,ES,imbalance_price,Long,2026-09-07T08:26:35Z
2026-09-07T08:23:09Z,2026-09-07T10:23:09+0200,bcd3f249-d332-480a-95cf-6311f6ef2f92,2026-09-04T17:00:00Z,2026-09-04T19:00:00+0200,202.82,EUR/MWh,ES,ES,imbalance_price,Short,2026-09-07T08:26:35Z
2026-09-07T08:23:09Z,2026-09-07T10:23:09+0200,bcd3f249-d332-480a-95cf-6311f6ef2f92,2026-09-04T17:15:00Z,2026-09-04T19:15:00+0200,213.93,EUR/MWh,ES,ES,imbalance_price,Long,2026-09-07T08:26:35Z
2026-09-07T08:23:09Z,2026-09-07T10:23:09+0200,bcd3f249-d332-480a-95cf-6311f6ef2f92,2026-09-04T17:15:00Z,2026-09-04T19:15:00+0200,213.93,EUR/MWh,ES,ES,imbalance_price,Short,2026-09-07T08:26:35Z
2026-09-07T08:23:09Z,2026-09-07T10:23:09+0200,bcd3f249-d332-480a-95cf-6311f6ef2f92,2026-09-04T17:30:00Z,2026-09-04T19:30:00+0200,266.3,EUR/MWh,ES,ES,imbalance_price,Long,2026-09-07T08:26:35Z
2026-09-07T08:23:09Z,2026-09-07T10:23:09+0200,bcd3f249-d332-480a-95cf-6311f6ef2f92,2026-09-04T17:30:00Z,2026-09-04T19:30:00+0200,266.3,EUR/MWh,ES,ES,imbalance_price,Short,2026-09-07T08:26:35Z
2026-09-07T08:23:09Z,2026-09-07T10:23:09+0200,bcd3f249-d332-480a-95cf-6311f6ef2f92,2026-09-04T17:45:00Z,2026-09-04T19:45:00+0200,273.04,EUR/MWh,ES,ES,imbalance_price,Long,2026-09-07T08:26:35Z
2026-09-07T08:23:09Z,2026-09-07T10:23:09+0200,bcd3f249-d332-480a-95cf-6311f6ef2f92,2026-09-04T17:45:00Z,2026-09-04T19:45:00+0200,273.04,EUR/MWh,ES,ES,imbalance_price,Short,2026-09-07T08:26:35Z
2026-09-07T08:23:09Z,2026-09-07T10:23:09+0200,bcd3f249-d332-480a-95cf-6311f6ef2f92,2026-09-04T18:00:00Z,2026-09-04T20:00:00+0200,225.33,EUR/MWh,ES,ES,imbalance_price,Long,2026-09-07T08:26:35Z
2026-09-07T08:23:09Z,2026-09-07T10:23:09+0200,bcd3f249-d332-480a-95cf-6311f6ef2f92,2026-09-04T18:00:00Z,2026-09-04T20:00:00+0200,225.33,EUR/MWh,ES,ES,imbalance_price,Short,2026-09-07T08:26:35Z
2026-09-07T08:23:09Z,2026-09-07T10:23:09+0200,bcd3f249-d332-480a-95cf-6311f6ef2f92,2026-09-04T18:15:00Z,2026-09-04T20:15:00+0200,305.5,EUR/MWh,ES,ES,imbalance_price,Long,2026-09-07T08:26:35Z
2026-09-07T08:23:09Z,2026-09-07T10:23:09+0200,bcd3f249-d332-480a-95cf-6311f6ef2f92,2026-09-04T18:15:00Z,2026-09-04T20:15:00+0200,305.5,EUR/MWh,ES,ES,imbalance_price,Short,2026-09-07T08:26:35Z
2026-09-07T08:23:09Z,2026-09-07T10:23:09+0200,bcd3f249-d332-480a-95cf-6311f6ef2f92,2026-09-04T18:30:00Z,2026-09-04T20:30:00+0200,289.31,EUR/MWh,ES,ES,imbalance_price,Long,2026-09-07T08:26:35Z
2026-09-07T08:23:09Z,2026-09-07T10:23:09+0200,bcd3f249-d332-480a-95cf-6311f6ef2f92,2026-09-04T18:30:00Z,2026-09-04T20:30:00+0200,289.31,EUR/MWh,ES,ES,imbalance_price,Short,2026-09-07T08:26:35Z
2026-09-07T08:23:09Z,2026-09-07T10:23:09+0200,bcd3f249-d332-480a-95cf-6311f6ef2f92,2026-09-04T18:45:00Z,2026-09-04T20:45:00+0200,263.06,EUR/MWh,ES,ES,imbalance_price,Long,2026-09-07T08:26:35Z
2026-09-07T08:23:09Z,2026-09-07T10:23:09+0200,bcd3f249-d332-480a-95cf-6311f6ef2f92,2026-09-04T18:45:00Z,2026-09-04T20:45:00+0200,263.06,EUR/MWh,ES,ES,imbalance_price,Short,2026-09-07T08:26:35Z
2026-09-07T08:23:09Z,2026-09-07T10:23:09+0200,bcd3f249-d332-480a-95cf-6311f6ef2f92,2026-09-04T19:00:00Z,2026-09-04T21:00:00+0200,199.9,EUR/MWh,ES,ES,imbalance_price,Long,2026-09-07T08:26:35Z
2026-09-07T08:23:09Z,2026-09-07T10:23:09+0200,bcd3f249-d332-480a-95cf-6311f6ef2f92,2026-09-04T19:00:00Z,2026-09-04T21:00:00+0200,199.9,EUR/MWh,ES,ES,imbalance_price,Short,2026-09-07T08:26:35Z
2026-09-07T08:23:09Z,2026-09-07T10:23:09+0200,bcd3f249-d332-480a-95cf-6311f6ef2f92,2026-09-04T19:15:00Z,2026-09-04T21:15:00+0200,202.21,EUR/MWh,ES,ES,imbalance_price,Long,2026-09-07T08:26:35Z
2026-09-07T08:23:09Z,2026-09-07T10:23:09+0200,bcd3f249-d332-480a-95cf-6311f6ef2f92,2026-09-04T19:15:00Z,2026-09-04T21:15:00+0200,202.21,EUR/MWh,ES,ES,imbalance_price,Short,2026-09-07T08:26:35Z
2026-09-07T08:23:09Z,2026-09-07T10:23:09+0200,bcd3f249-d332-480a-95cf-6311f6ef2f92,2026-09-04T19:30:00Z,2026-09-04T21:30:00+0200,194.16,EUR/MWh,ES,ES,imbalance_price,Long,2026-09-07T08:26:35Z
2026-09-07T08:23:09Z,2026-09-07T10:23:09+0200,bcd3f249-d332-480a-95cf-6311f6ef2f92,2026-09-04T19:30:00Z,2026-09-04T21:30:00+0200,194.16,EUR/MWh,ES,ES,imbalance_price,Short,2026-09-07T08:26:35Z
2026-09-07T08:23:09Z,2026-09-07T10:23:09+0200,bcd3f249-d332-480a-95cf-6311f6ef2f92,2026-09-04T19:45:00Z,2026-09-04T21:45:00+0200,179.52,EUR/MWh,ES,ES,imbalance_price,Long,2026-09-07T08:26:35Z
2026-09-07T08:23:09Z,2026-09-07T10:23:09+0200,bcd3f249-d332-480a-95cf-6311f6ef2f92,2026-09-04T19:45:00Z,2026-09-04T21:45:00+0200,179.52,EUR/MWh,ES,ES,imbalance_price,Short,2026-09-07T08:26:35Z
2026-09-07T08:23:09Z,2026-09-07T10:23:09+0200,bcd3f249-d332-480a-95cf-6311f6ef2f92,2026-09-04T20:00:00Z,2026-09-04T22:00:00+0200,142.75,EUR/MWh,ES,ES,imbalance_price,Long,2026-09-07T08:26:35Z
2026-09-07T08:23:09Z,2026-09-07T10:23:09+0200,bcd3f249-d332-480a-95cf-6311f6ef2f92,2026-09-04T20:00:00Z,2026-09-04T22:00:00+0200,185.6,EUR/MWh,ES,ES,imbalance_price,Short,2026-09-07T08:26:35Z
2026-09-07T08:23:09Z,2026-09-07T10:23:09+0200,bcd3f249-d332-480a-95cf-6311f6ef2f92,2026-09-04T20:15:00Z,2026-09-04T22:15:00+0200,179.8,EUR/MWh,ES,ES,imbalance_price,Long,2026-09-07T08:26:35Z
2026-09-07T08:23:09Z,2026-09-07T10:23:09+0200,bcd3f249-d332-480a-95cf-6311f6ef2f92,2026-09-04T20:15:00Z,2026-09-04T22:15:00+0200,179.8,EUR/MWh,ES,ES,imbalance_price,Short,2026-09-07T08:26:35Z
2026-09-07T08:23:09Z,2026-09-07T10:23:09+0200,bcd3f249-d332-480a-95cf-6311f6ef2f92,2026-09-04T20:30:00Z,2026-09-04T22:30:00+0200,188.48,EUR/MWh,ES,ES,imbalance_price,Long,2026-09-07T08:26:35Z
2026-09-07T08:23:09Z,2026-09-07T10:23:09+0200,bcd3f249-d332-480a-95cf-6311f6ef2f92,2026-09-04T20:30:00Z,2026-09-04T22:30:00+0200,188.48,EUR/MWh,ES,ES,imbalance_price,Short,2026-09-07T08:26:35Z
2026-09-07T08:23:09Z,2026-09-07T10:23:09+0200,bcd3f249-d332-480a-95cf-6311f6ef2f92,2026-09-04T20:45:00Z,2026-09-04T22:45:00+0200,178.41,EUR/MWh,ES,ES,imbalance_price,Long,2026-09-07T08:26:35Z
2026-09-07T08:23:09Z,2026-09-07T10:23:09+0200,bcd3f249-d332-480a-95cf-6311f6ef2f92,2026-09-04T20:45:00Z,2026-09-04T22:45:00+0200,178.41,EUR/MWh,ES,ES,imbalance_price,Short,2026-09-07T08:26:35Z
2026-09-07T08:23:09Z,2026-09-07T10:23:09+0200,bcd3f249-d332-480a-95cf-6311f6ef2f92,2026-09-04T21:00:00Z,2026-09-04T23:00:00+0200,180.64,EUR/MWh,ES,ES,imbalance_price,Long,2026-09-07T08:26:35Z
2026-09-07T08:23:09Z,2026-09-07T10:23:09+0200,bcd3f249-d332-480a-95cf-6311f6ef2f92,2026-09-04T21:00:00Z,2026-09-04T23:00:00+0200,180.64,EUR/MWh,ES,ES,imbalance_price,Short,2026-09-07T08:26:35Z
2026-09-07T08:23:09Z,2026-09-07T10:23:09+0200,bcd3f249-d332-480a-95cf-6311f6ef2f92,2026-09-04T21:15:00Z,2026-09-04T23:15:00+0200,186.48,EUR/MWh,ES,ES,imbalance_price,Long,2026-09-07T08:26:35Z
2026-09-07T08:23:09Z,2026-09-07T10:23:09+0200,bcd3f249-d332-480a-95cf-6311f6ef2f92,2026-09-04T21:15:00Z,2026-09-04T23:15:00+0200,186.48,EUR/MWh,ES,ES,imbalance_price,Short,2026-09-07T08:26:35Z
2026-09-07T08:23:09Z,2026-09-07T10:23:09+0200,bcd3f249-d332-480a-95cf-6311f6ef2f92,2026-09-04T21:30:00Z,2026-09-04T23:30:00+0200,182.2,EUR/MWh,ES,ES,imbalance_price,Long,2026-09-07T08:26:35Z
2026-09-07T08:23:09Z,2026-09-07T10:23:09+0200,bcd3f249-d332-480a-95cf-6311f6ef2f92,2026-09-04T21:30:00Z,2026-09-04T23:30:00+0200,182.2,EUR/MWh,ES,ES,imbalance_price,Short,2026-09-07T08:26:35Z
2026-09-07T08:23:09Z,2026-09-07T10:23:09+0200,bcd3f249-d332-480a-95cf-6311f6ef2f92,2026-09-04T21:45:00Z,2026-09-04T23:45:00+0200,161.07,EUR/MWh,ES,ES,imbalance_price,Long,2026-09-07T08:26:35Z
2026-09-07T08:23:09Z,2026-09-07T10:23:09+0200,bcd3f249-d332-480a-95cf-6311f6ef2f92,2026-09-04T21:45:00Z,2026-09-04T23:45:00+0200,177.51,EUR/MWh,ES,ES,imbalance_price,Short,2026-09-07T08:26:35Z
2026-09-07T08:23:09Z,2026-09-07T10:23:09+0200,bcd3f249-d332-480a-95cf-6311f6ef2f92,2026-09-04T22:00:00Z,2026-09-05T00:00:00+0200,213.65,EUR/MWh,ES,ES,imbalance_price,Long,2026-09-07T08:26:35Z
2026-09-07T08:23:09Z,2026-09-07T10:23:09+0200,bcd3f249-d332-480a-95cf-6311f6ef2f92,2026-09-04T22:00:00Z,2026-09-05T00:00:00+0200,213.65,EUR/MWh,ES,ES,imbalance_price,Short,2026-09-07T08:26:35Z
2026-09-07T08:23:09Z,2026-09-07T10:23:09+0200,bcd3f249-d332-480a-95cf-6311f6ef2f92,2026-09-04T22:15:00Z,2026-09-05T00:15:00+0200,85.9,EUR/MWh,ES,ES,imbalance_price,Long,2026-09-07T08:26:35Z
2026-09-07T08:23:09Z,2026-09-07T10:23:09+0200,bcd3f249-d332-480a-95cf-6311f6ef2f92,2026-09-04T22:15:00Z,2026-09-05T00:15:00+0200,186.79,EUR/MWh,ES,ES,imbalance_price,Short,2026-09-07T08:26:35Z
2026-09-07T08:23:09Z,2026-09-07T10:23:09+0200,bcd3f249-d332-480a-95cf-6311f6ef2f92,2026-09-04T22:30:00Z,2026-09-05T00:30:00+0200,37.14,EUR/MWh,ES,ES,imbalance_price,Long,2026-09-07T08:26:35Z
2026-09-07T08:23:09Z,2026-09-07T10:23:09+0200,bcd3f249-d332-480a-95cf-6311f6ef2f92,2026-09-04T22:30:00Z,2026-09-05T00:30:00+0200,203.96,EUR/MWh,ES,ES,imbalance_price,Short,2026-09-07T08:26:35Z
2026-09-07T08:23:09Z,2026-09-07T10:23:09+0200,bcd3f249-d332-480a-95cf-6311f6ef2f92,2026-09-04T22:45:00Z,2026-09-05T00:45:00+0200,136.31,EUR/MWh,ES,ES,imbalance_price,Long,2026-09-07T08:26:35Z
2026-09-07T08:23:09Z,2026-09-07T10:23:09+0200,bcd3f249-d332-480a-95cf-6311f6ef2f92,2026-09-04T22:45:00Z,2026-09-05T00:45:00+0200,193.2,EUR/MWh,ES,ES,imbalance_price,Short,2026-09-07T08:26:35Z
2026-09-07T08:23:09Z,2026-09-07T10:23:09+0200,bcd3f249-d332-480a-95cf-6311f6ef2f92,2026-09-04T23:00:00Z,2026-09-05T01:00:00+0200,44.79,EUR/MWh,ES,ES,imbalance_price,Long,2026-09-07T08:26:35Z
2026-09-07T08:23:09Z,2026-09-07T10:23:09+0200,bcd3f249-d332-480a-95cf-6311f6ef2f92,2026-09-04T23:00:00Z,2026-09-05T01:00:00+0200,185.37,EUR/MWh,ES,ES,imbalance_price,Short,2026-09-07T08:26:35Z
2026-09-07T08:23:09Z,2026-09-07T10:23:09+0200,bcd3f249-d332-480a-95cf-6311f6ef2f92,2026-09-04T23:15:00Z,2026-09-05T01:15:00+0200,118.85,EUR/MWh,ES,ES,imbalance_price,Long,2026-09-07T08:26:35Z
2026-09-07T08:23:09Z,2026-09-07T10:23:09+0200,bcd3f249-d332-480a-95cf-6311f6ef2f92,2026-09-04T23:15:00Z,2026-09-05T01:15:00+0200,178.53,EUR/MWh,ES,ES,imbalance_price,Short,2026-09-07T08:26:35Z
2026-09-07T08:23:09Z,2026-09-07T10:23:09+0200,bcd3f249-d332-480a-95cf-6311f6ef2f92,2026-09-04T23:30:00Z,2026-09-05T01:30:00+0200,153.8,EUR/MWh,ES,ES,imbalance_price,Long,2026-09-07T08:26:35Z
2026-09-07T08:23:09Z,2026-09-07T10:23:09+0200,bcd3f249-d332-480a-95cf-6311f6ef2f92,2026-09-04T23:30:00Z,2026-09-05T01:30:00+0200,179.33,EUR/MWh,ES,ES,imbalance_price,Short,2026-09-07T08:26:35Z
2026-09-07T08:23:09Z,2026-09-07T10:23:09+0200,bcd3f249-d332-480a-95cf-6311f6ef2f92,2026-09-04T23:45:00Z,2026-09-05T01:45:00+0200,125.46,EUR/MWh,ES,ES,imbalance_price,Long,2026-09-07T08:26:35Z
2026-09-07T08:23:09Z,2026-09-07T10:23:09+0200,bcd3f249-d332-480a-95cf-6311f6ef2f92,2026-09-04T23:45:00Z,2026-09-05T01:45:00+0200,173.63,EUR/MWh,ES,ES,imbalance_price,Short,2026-09-07T08:26:35Z
2026-09-07T08:23:09Z,2026-09-07T10:23:09+0200,bcd3f249-d332-480a-95cf-6311f6ef2f92,2026-09-05T00:00:00Z,2026-09-05T02:00:00+0200,111.69,EUR/MWh,ES,ES,imbalance_price,Long,2026-09-07T08:26:35Z
2026-09-07T08:23:09Z,2026-09-07T10:23:09+0200,bcd3f249-d332-480a-95cf-6311f6ef2f92,2026-09-05T00:00:00Z,2026-09-05T02:00:00+0200,175.45,EUR/MWh,ES,ES,imbalance_price,Short,2026-09-07T08:26:35Z
2026-09-07T08:23:09Z,2026-09-07T10:23:09+0200,bcd3f249-d332-480a-95cf-6311f6ef2f92,2026-09-05T00:15:00Z,2026-09-05T02:15:00+0200,0.0,EUR/MWh,ES,ES,imbalance_price,Long,2026-09-07T08:26:35Z
2026-09-07T08:23:09Z,2026-09-07T10:23:09+0200,bcd3f249-d332-480a-95cf-6311f6ef2f92,2026-09-05T00:15:00Z,2026-09-05T02:15:00+0200,175.54,EUR/MWh,ES,ES,imbalance_price,Short,2026-09-07T08:26:35Z
2026-09-07T08:23:09Z,2026-09-07T10:23:09+0200,bcd3f249-d332-480a-95cf-6311f6ef2f92,2026-09-05T00:30:00Z,2026-09-05T02:30:00+0200,12.59,EUR/MWh,ES,ES,imbalance_price,Long,2026-09-07T08:26:35Z
2026-09-07T08:23:09Z,2026-09-07T10:23:09+0200,bcd3f249-d332-480a-95cf-6311f6ef2f92,2026-09-05T00:30:00Z,2026-09-05T02:30:00+0200,173.7,EUR/MWh,ES,ES,imbalance_price,Short,2026-09-07T08:26:35Z
2026-09-07T08:23:09Z,2026-09-07T10:23:09+0200,bcd3f249-d332-480a-95cf-6311f6ef2f92,2026-09-05T00:45:00Z,2026-09-05T02:45:00+0200,127.81,EUR/MWh,ES,ES,imbalance_price,Long,2026-09-07T08:26:35Z
2026-09-07T08:23:09Z,2026-09-07T10:23:09+0200,bcd3f249-d332-480a-95cf-6311f6ef2f92,2026-09-05T00:45:00Z,2026-09-05T02:45:00+0200,172.12,EUR/MWh,ES,ES,imbalance_price,Short,2026-09-07T08:26:35Z
2026-09-07T08:23:09Z,2026-09-07T10:23:09+0200,bcd3f249-d332-480a-95cf-6311f6ef2f92,2026-09-05T01:00:00Z,2026-09-05T03:00:00+0200,181.53,EUR/MWh,ES,ES,imbalance_price,Long,2026-09-07T08:26:35Z
2026-09-07T08:23:09Z,2026-09-07T10:23:09+0200,bcd3f249-d332-480a-95cf-6311f6ef2f92,2026-09-05T01:00:00Z,2026-09-05T03:00:00+0200,181.53,EUR/MWh,ES,ES,imbalance_price,Short,2026-09-07T08:26:35Z
2026-09-07T08:23:09Z,2026-09-07T10:23:09+0200,bcd3f249-d332-480a-95cf-6311f6ef2f92,2026-09-05T01:15:00Z,2026-09-05T03:15:00+0200,181.85,EUR/MWh,ES,ES,imbalance_price,Long,2026-09-07T08:26:35Z
2026-09-07T08:23:09Z,2026-09-07T10:23:09+0200,bcd3f249-d332-480a-95cf-6311f6ef2f92,2026-09-05T01:15:00Z,2026-09-05T03:15:00+0200,181.85,EUR/MWh,ES,ES,imbalance_price,Short,2026-09-07T08:26:35Z
2026-09-07T08:23:09Z,2026-09-07T10:23:09+0200,bcd3f249-d332-480a-95cf-6311f6ef2f92,2026-09-05T01:30:00Z,2026-09-05T03:30:00+0200,183.06,EUR/MWh,ES,ES,imbalance_price,Long,2026-09-07T08:26:35Z
2026-09-07T08:23:09Z,2026-09-07T10:23:09+0200,bcd3f249-d332-480a-95cf-6311f6ef2f92,2026-09-05T01:30:00Z,2026-09-05T03:30:00+0200,183.06,EUR/MWh,ES,ES,imbalance_price,Short,2026-09-07T08:26:35Z
2026-09-07T08:23:09Z,2026-09-07T10:23:09+0200,bcd3f249-d332-480a-95cf-6311f6ef2f92,2026-09-05T01:45:00Z,2026-09-05T03:45:00+0200,185.73,EUR/MWh,ES,ES,imbalance_price,Long,2026-09-07T08:26:35Z
2026-09-07T08:23:09Z,2026-09-07T10:23:09+0200,bcd3f249-d332-480a-95cf-6311f6ef2f92,2026-09-05T01:45:00Z,2026-09-05T03:45:00+0200,185.73,EUR/MWh,ES,ES,imbalance_price,Short,2026-09-07T08:26:35Z
2026-09-07T08:23:09Z,2026-09-07T10:23:09+0200,bcd3f249-d332-480a-95cf-6311f6ef2f92,2026-09-05T02:00:00Z,2026-09-05T04:00:00+0200,188.84,EUR/MWh,ES,ES,imbalance_price,Long,2026-09-07T08:26:35Z
2026-09-07T08:23:09Z,2026-09-07T10:23:09+0200,bcd3f249-d332-480a-95cf-6311f6ef2f92,2026-09-05T02:00:00Z,2026-09-05T04:00:00+0200,188.84,EUR/MWh,ES,ES,imbalance_price,Short,2026-09-07T08:26:35Z
2026-09-07T08:23:09Z,2026-09-07T10:23:09+0200,bcd3f249-d332-480a-95cf-6311f6ef2f92,2026-09-05T02:15:00Z,2026-09-05T04:15:00+0200,188.23,EUR/MWh,ES,ES,imbalance_price,Long,2026-09-07T08:26:35Z
2026-09-07T08:23:09Z,2026-09-07T10:23:09+0200,bcd3f249-d332-480a-95cf-6311f6ef2f92,2026-09-05T02:15:00Z,2026-09-05T04:15:00+0200,188.23,EUR/MWh,ES,ES,imbalance_price,Short,2026-09-07T08:26:35Z
2026-09-07T08:23:09Z,2026-09-07T10:23:09+0200,bcd3f249-d332-480a-95cf-6311f6ef2f92,2026-09-05T02:30:00Z,2026-09-05T04:30:00+0200,187.79,EUR/MWh,ES,ES,imbalance_price,Long,2026-09-07T08:26:35Z
2026-09-07T08:23:09Z,2026-09-07T10:23:09+0200,bcd3f249-d332-480a-95cf-6311f6ef2f92,2026-09-05T02:30:00Z,2026-09-05T04:30:00+0200,187.79,EUR/MWh,ES,ES,imbalance_price,Short,2026-09-07T08:26:35Z
2026-09-07T08:23:09Z,2026-09-07T10:23:09+0200,bcd3f249-d332-480a-95cf-6311f6ef2f92,2026-09-05T02:45:00Z,2026-09-05T04:45:00+0200,187.82,EUR/MWh,ES,ES,imbalance_price,Long,2026-09-07T08:26:35Z
2026-09-07T08:23:09Z,2026-09-07T10:23:09+0200,bcd3f249-d332-480a-95cf-6311f6ef2f92,2026-09-05T02:45:00Z,2026-09-05T04:45:00+0200,187.82,EUR/MWh,ES,ES,imbalance_price,Short,2026-09-07T08:26:35Z
2026-09-07T08:23:09Z,2026-09-07T10:23:09+0200,bcd3f249-d332-480a-95cf-6311f6ef2f92,2026-09-05T03:00:00Z,2026-09-05T05:00:00+0200,184.18,EUR/MWh,ES,ES,imbalance_price,Long,2026-09-07T08:26:35Z
2026-09-07T08:23:09Z,2026-09-07T10:23:09+0200,bcd3f249-d332-480a-95cf-6311f6ef2f92,2026-09-05T03:00:00Z,2026-09-05T05:00:00+0200,184.18,EUR/MWh,ES,ES,imbalance_price,Short,2026-09-07T08:26:35Z
2026-09-07T08:23:09Z,2026-09-07T10:23:09+0200,bcd3f249-d332-480a-95cf-6311f6ef2f92,2026-09-05T03:15:00Z,2026-09-05T05:15:00+0200,110.52,EUR/MWh,ES,ES,imbalance_price,Long,2026-09-07T08:26:35Z
2026-09-07T08:23:09Z,2026-09-07T10:23:09+0200,bcd3f249-d332-480a-95cf-6311f6ef2f92,2026-09-05T03:15:00Z,2026-09-05T05:15:00+0200,185.82,EUR/MWh,ES,ES,imbalance_price,Short,2026-09-07T08:26:35Z
2026-09-07T08:23:09Z,2026-09-07T10:23:09+0200,bcd3f249-d332-480a-95cf-6311f6ef2f92,2026-09-05T03:30:00Z,2026-09-05T05:30:00+0200,106.63,EUR/MWh,ES,ES,imbalance_price,Long,2026-09-07T08:26:35Z
2026-09-07T08:23:09Z,2026-09-07T10:23:09+0200,bcd3f249-d332-480a-95cf-6311f6ef2f92,2026-09-05T03:30:00Z,2026-09-05T05:30:00+0200,186.59,EUR/MWh,ES,ES,imbalance_price,Short,2026-09-07T08:26:35Z
2026-09-07T08:23:09Z,2026-09-07T10:23:09+0200,bcd3f249-d332-480a-95cf-6311f6ef2f92,2026-09-05T03:45:00Z,2026-09-05T05:45:00+0200,89.12,EUR/MWh,ES,ES,imbalance_price,Long,2026-09-07T08:26:35Z
2026-09-07T08:23:09Z,2026-09-07T10:23:09+0200,bcd3f249-d332-480a-95cf-6311f6ef2f92,2026-09-05T03:45:00Z,2026-09-05T05:45:00+0200,179.02,EUR/MWh,ES,ES,imbalance_price,Short,2026-09-07T08:26:35Z
2026-09-07T08:23:09Z,2026-09-07T10:23:09+0200,bcd3f249-d332-480a-95cf-6311f6ef2f92,2026-09-05T04:00:00Z,2026-09-05T06:00:00+0200,77.89,EUR/MWh,ES,ES,imbalance_price,Long,2026-09-07T08:26:35Z
2026-09-07T08:23:09Z,2026-09-07T10:23:09+0200,bcd3f249-d332-480a-95cf-6311f6ef2f92,2026-09-05T04:00:00Z,2026-09-05T06:00:00+0200,177.67,EUR/MWh,ES,ES,imbalance_price,Short,2026-09-07T08:26:35Z
2026-09-07T08:23:09Z,2026-09-07T10:23:09+0200,bcd3f249-d332-480a-95cf-6311f6ef2f92,2026-09-05T04:15:00Z,2026-09-05T06:15:00+0200,112.27,EUR/MWh,ES,ES,imbalance_price,Long,2026-09-07T08:26:35Z
2026-09-07T08:23:09Z,2026-09-07T10:23:09+0200,bcd3f249-d332-480a-95cf-6311f6ef2f92,2026-09-05T04:15:00Z,2026-09-05T06:15:00+0200,168.22,EUR/MWh,ES,ES,imbalance_price,Short,2026-09-07T08:26:35Z
2026-09-07T08:23:09Z,2026-09-07T10:23:09+0200,bcd3f249-d332-480a-95cf-6311f6ef2f92,2026-09-05T04:30:00Z,2026-09-05T06:30:00+0200,132.34,EUR/MWh,ES,ES,imbalance_price,Long,2026-09-07T08:26:35Z
2026-09-07T08:23:09Z,2026-09-07T10:23:09+0200,bcd3f249-d332-480a-95cf-6311f6ef2f92,2026-09-05T04:30:00Z,2026-09-05T06:30:00+0200,173.13,EUR/MWh,ES,ES,imbalance_price,Short,2026-09-07T08:26:35Z
2026-09-07T08:23:09Z,2026-09-07T10:23:09+0200,bcd3f249-d332-480a-95cf-6311f6ef2f92,2026-09-05T04:45:00Z,2026-09-05T06:45:00+0200,173.52,EUR/MWh,ES,ES,imbalance_price,Long,2026-09-07T08:26:35Z
2026-09-07T08:23:09Z,2026-09-07T10:23:09+0200,bcd3f249-d332-480a-95cf-6311f6ef2f92,2026-09-05T04:45:00Z,2026-09-05T06:45:00+0200,173.52,EUR/MWh,ES,ES,imbalance_price,Short,2026-09-07T08:26:35Z
2026-09-07T08:23:09Z,2026-09-07T10:23:09+0200,bcd3f249-d332-480a-95cf-6311f6ef2f92,2026-09-05T05:00:00Z,2026-09-05T07:00:00+0200,174.69,EUR/MWh,ES,ES,imbalance_price,Long,2026-09-07T08:26:35Z
2026-09-07T08:23:09Z,2026-09-07T10:23:09+0200,bcd3f249-d332-480a-95cf-6311f6ef2f92,2026-09-05T05:00:00Z,2026-09-05T07:00:00+0200,174.69,EUR/MWh,ES,ES,imbalance_price,Short,2026-09-07T08:26:35Z
2026-09-07T08:23:09Z,2026-09-07T10:23:09+0200,bcd3f249-d332-480a-95cf-6311f6ef2f92,2026-09-05T05:15:00Z,2026-09-05T07:15:00+0200,174.07,EUR/MWh,ES,ES,imbalance_price,Long,2026-09-07T08:26:35Z
2026-09-07T08:23:09Z,2026-09-07T10:23:09+0200,bcd3f249-d332-480a-95cf-6311f6ef2f92,2026-09-05T05:15:00Z,2026-09-05T07:15:00+0200,174.07,EUR/MWh,ES,ES,imbalance_price,Short,2026-09-07T08:26:35Z
2026-09-07T08:23:09Z,2026-09-07T10:23:09+0200,bcd3f249-d332-480a-95cf-6311f6ef2f92,2026-09-05T05:30:00Z,2026-09-05T07:30:00+0200,148.3,EUR/MWh,ES,ES,imbalance_price,Long,2026-09-07T08:26:35Z
2026-09-07T08:23:09Z,2026-09-07T10:23:09+0200,bcd3f249-d332-480a-95cf-6311f6ef2f92,2026-09-05T05:30:00Z,2026-09-05T07:30:00+0200,172.18,EUR/MWh,ES,ES,imbalance_price,Short,2026-09-07T08:26:35Z
2026-09-07T08:23:09Z,2026-09-07T10:23:09+0200,bcd3f249-d332-480a-95cf-6311f6ef2f92,2026-09-05T05:45:00Z,2026-09-05T07:45:00+0200,134.74,EUR/MWh,ES,ES,imbalance_price,Long,2026-09-07T08:26:35Z
2026-09-07T08:23:09Z,2026-09-07T10:23:09+0200,bcd3f249-d332-480a-95cf-6311f6ef2f92,2026-09-05T05:45:00Z,2026-09-05T07:45:00+0200,168.87,EUR/MWh,ES,ES,imbalance_price,Short,2026-09-07T08:26:35Z
2026-09-07T08:23:09Z,2026-09-07T10:23:09+0200,bcd3f249-d332-480a-95cf-6311f6ef2f92,2026-09-05T06:00:00Z,2026-09-05T08:00:00+0200,137.2,EUR/MWh,ES,ES,imbalance_price,Long,2026-09-07T08:26:35Z
2026-09-07T08:23:09Z,2026-09-07T10:23:09+0200,bcd3f249-d332-480a-95cf-6311f6ef2f92,2026-09-05T06:00:00Z,2026-09-05T08:00:00+0200,170.64,EUR/MWh,ES,ES,imbalance_price,Short,2026-09-07T08:26:35Z
2026-09-07T08:23:09Z,2026-09-07T10:23:09+0200,bcd3f249-d332-480a-95cf-6311f6ef2f92,2026-09-05T06:15:00Z,2026-09-05T08:15:00+0200,76.45,EUR/MWh,ES,ES,imbalance_price,Long,2026-09-07T08:26:35Z
2026-09-07T08:23:09Z,2026-09-07T10:23:09+0200,bcd3f249-d332-480a-95cf-6311f6ef2f92,2026-09-05T06:15:00Z,2026-09-05T08:15:00+0200,174.03,EUR/MWh,ES,ES,imbalance_price,Short,2026-09-07T08:26:35Z
2026-09-07T08:23:09Z,2026-09-07T10:23:09+0200,bcd3f249-d332-480a-95cf-6311f6ef2f92,2026-09-05T06:30:00Z,2026-09-05T08:30:00+0200,128.77,EUR/MWh,ES,ES,imbalance_price,Long,2026-09-07T08:26:35Z
2026-09-07T08:23:09Z,2026-09-07T10:23:09+0200,bcd3f249-d332-480a-95cf-6311f6ef2f92,2026-09-05T06:30:00Z,2026-09-05T08:30:00+0200,168.24,EUR/MWh,ES,ES,imbalance_price,Short,2026-09-07T08:26:35Z
2026-09-07T08:23:09Z,2026-09-07T10:23:09+0200,bcd3f249-d332-480a-95cf-6311f6ef2f92,2026-09-05T06:45:00Z,2026-09-05T08:45:00+0200,83.13,EUR/MWh,ES,ES,imbalance_price,Long,2026-09-07T08:26:35Z
2026-09-07T08:23:09Z,2026-09-07T10:23:09+0200,bcd3f249-d332-480a-95cf-6311f6ef2f92,2026-09-05T06:45:00Z,2026-09-05T08:45:00+0200,163.39,EUR/MWh,ES,ES,imbalance_price,Short,2026-09-07T08:26:35Z
2026-09-07T08:23:09Z,2026-09-07T10:23:09+0200,bcd3f249-d332-480a-95cf-6311f6ef2f92,2026-09-05T07:00:00Z,2026-09-05T09:00:00+0200,134.87,EUR/MWh,ES,ES,imbalance_price,Long,2026-09-07T08:26:35Z
2026-09-07T08:23:09Z,2026-09-07T10:23:09+0200,bcd3f249-d332-480a-95cf-6311f6ef2f92,2026-09-05T07:00:00Z,2026-09-05T09:00:00+0200,174.5,EUR/MWh,ES,ES,imbalance_price,Short,2026-09-07T08:26:35Z
2026-09-07T08:23:09Z,2026-09-07T10:23:09+0200,bcd3f249-d332-480a-95cf-6311f6ef2f92,2026-09-05T07:15:00Z,2026-09-05T09:15:00+0200,168.37,EUR/MWh,ES,ES,imbalance_price,Long,2026-09-07T08:26:35Z
2026-09-07T08:23:09Z,2026-09-07T10:23:09+0200,bcd3f249-d332-480a-95cf-6311f6ef2f92,2026-09-05T07:15:00Z,2026-09-05T09:15:00+0200,168.37,EUR/MWh,ES,ES,imbalance_price,Short,2026-09-07T08:26:35Z
2026-09-07T08:23:09Z,2026-09-07T10:23:09+0200,bcd3f249-d332-480a-95cf-6311f6ef2f92,2026-09-05T07:30:00Z,2026-09-05T09:30:00+0200,165.06,EUR/MWh,ES,ES,imbalance_price,Long,2026-09-07T08:26:35Z
2026-09-07T08:23:09Z,2026-09-07T10:23:09+0200,bcd3f249-d332-480a-95cf-6311f6ef2f92,2026-09-05T07:30:00Z,2026-09-05T09:30:00+0200,165.06,EUR/MWh,ES,ES,imbalance_price,Short,2026-09-07T08:26:35Z
2026-09-07T08:23:09Z,2026-09-07T10:23:09+0200,bcd3f249-d332-480a-95cf-6311f6ef2f92,2026-09-05T07:45:00Z,2026-09-05T09:45:00+0200,-2.33,EUR/MWh,ES,ES,imbalance_price,Long,2026-09-07T08:26:35Z
2026-09-07T08:23:09Z,2026-09-07T10:23:09+0200,bcd3f249-d332-480a-95cf-6311f6ef2f92,2026-09-05T07:45:00Z,2026-09-05T09:45:00+0200,165.13,EUR/MWh,ES,ES,imbalance_price,Short,2026-09-07T08:26:35Z
2026-09-07T08:23:09Z,2026-09-07T10:23:09+0200,bcd3f249-d332-480a-95cf-6311f6ef2f92,2026-09-05T08:00:00Z,2026-09-05T10:00:00+0200,-3.9,EUR/MWh,ES,ES,imbalance_price,Long,2026-09-07T08:26:35Z
2026-09-07T08:23:09Z,2026-09-07T10:23:09+0200,bcd3f249-d332-480a-95cf-6311f6ef2f92,2026-09-05T08:00:00Z,2026-09-05T10:00:00+0200,227.83,EUR/MWh,ES,ES,imbalance_price,Short,2026-09-07T08:26:35Z
2026-09-07T08:23:09Z,2026-09-07T10:23:09+0200,bcd3f249-d332-480a-95cf-6311f6ef2f92,2026-09-05T08:15:00Z,2026-09-05T10:15:00+0200,-0.41,EUR/MWh,ES,ES,imbalance_price,Long,2026-09-07T08:26:35Z
2026-09-07T08:23:09Z,2026-09-07T10:23:09+0200,bcd3f249-d332-480a-95cf-6311f6ef2f92,2026-09-05T08:15:00Z,2026-09-05T10:15:00+0200,179.23,EUR/MWh,ES,ES,imbalance_price,Short,2026-09-07T08:26:35Z
2026-09-07T08:23:09Z,2026-09-07T10:23:09+0200,bcd3f249-d332-480a-95cf-6311f6ef2f92,2026-09-05T08:30:00Z,2026-09-05T10:30:00+0200,-3.27,EUR/MWh,ES,ES,imbalance_price,Long,2026-09-07T08:26:35Z
2026-09-07T08:23:09Z,2026-09-07T10:23:09+0200,bcd3f249-d332-480a-95cf-6311f6ef2f92,2026-09-05T08:30:00Z,2026-09-05T10:30:00+0200,259.44,EUR/MWh,ES,ES,imbalance_price,Short,2026-09-07T08:26:35Z
2026-09-07T08:23:09Z,2026-09-07T10:23:09+0200,bcd3f249-d332-480a-95cf-6311f6ef2f92,2026-09-05T08:45:00Z,2026-09-05T10:45:00+0200,-1.35,EUR/MWh,ES,ES,imbalance_price,Long,2026-09-07T08:26:35Z
2026-09-07T08:23:09Z,2026-09-07T10:23:09+0200,bcd3f249-d332-480a-95cf-6311f6ef2f92,2026-09-05T08:45:00Z,2026-09-05T10:45:00+0200,257.16,EUR/MWh,ES,ES,imbalance_price,Short,2026-09-07T08:26:35Z
2026-09-07T08:23:09Z,2026-09-07T10:23:09+0200,bcd3f249-d332-480a-95cf-6311f6ef2f92,2026-09-05T09:00:00Z,2026-09-05T11:00:00+0200,3.72,EUR/MWh,ES,ES,imbalance_price,Long,2026-09-07T08:26:35Z
2026-09-07T08:23:09Z,2026-09-07T10:23:09+0200,bcd3f249-d332-480a-95cf-6311f6ef2f92,2026-09-05T09:00:00Z,2026-09-05T11:00:00+0200,255.5,EUR/MWh,ES,ES,imbalance_price,Short,2026-09-07T08:26:35Z
2026-09-07T08:23:09Z,2026-09-07T10:23:09+0200,bcd3f249-d332-480a-95cf-6311f6ef2f92,2026-09-05T09:15:00Z,2026-09-05T11:15:00+0200,250.49,EUR/MWh,ES,ES,imbalance_price,Long,2026-09-07T08:26:35Z
2026-09-07T08:23:09Z,2026-09-07T10:23:09+0200,bcd3f249-d332-480a-95cf-6311f6ef2f92,2026-09-05T09:15:00Z,2026-09-05T11:15:00+0200,250.49,EUR/MWh,ES,ES,imbalance_price,Short,2026-09-07T08:26:35Z
2026-09-07T08:23:09Z,2026-09-07T10:23:09+0200,bcd3f249-d332-480a-95cf-6311f6ef2f92,2026-09-05T09:30:00Z,2026-09-05T11:30:00+0200,189.67,EUR/MWh,ES,ES,imbalance_price,Long,2026-09-07T08:26:35Z
2026-09-07T08:23:09Z,2026-09-07T10:23:09+0200,bcd3f249-d332-480a-95cf-6311f6ef2f92,2026-09-05T09:30:00Z,2026-09-05T11:30:00+0200,189.67,EUR/MWh,ES,ES,imbalance_price,Short,2026-09-07T08:26:35Z
2026-09-07T08:23:09Z,2026-09-07T10:23:09+0200,bcd3f249-d332-480a-95cf-6311f6ef2f92,2026-09-05T09:45:00Z,2026-09-05T11:45:00+0200,182.1,EUR/MWh,ES,ES,imbalance_price,Long,2026-09-07T08:26:35Z
2026-09-07T08:23:09Z,2026-09-07T10:23:09+0200,bcd3f249-d332-480a-95cf-6311f6ef2f92,2026-09-05T09:45:00Z,2026-09-05T11:45:00+0200,182.1,EUR/MWh,ES,ES,imbalance_price,Short,2026-09-07T08:26:35Z
2026-09-07T08:23:09Z,2026-09-07T10:23:09+0200,bcd3f249-d332-480a-95cf-6311f6ef2f92,2026-09-05T10:00:00Z,2026-09-05T12:00:00+0200,-1.72,EUR/MWh,ES,ES,imbalance_price,Long,2026-09-07T08:26:35Z
2026-09-07T08:23:09Z,2026-09-07T10:23:09+0200,bcd3f249-d332-480a-95cf-6311f6ef2f92,2026-09-05T10:00:00Z,2026-09-05T12:00:00+0200,196.55,EUR/MWh,ES,ES,imbalance_price,Short,2026-09-07T08:26:35Z
2026-09-07T08:23:09Z,2026-09-07T10:23:09+0200,bcd3f249-d332-480a-95cf-6311f6ef2f92,2026-09-05T10:15:00Z,2026-09-05T12:15:00+0200,-0.19,EUR/MWh,ES,ES,imbalance_price,Long,2026-09-07T08:26:35Z
2026-09-07T08:23:09Z,2026-09-07T10:23:09+0200,bcd3f249-d332-480a-95cf-6311f6ef2f92,2026-09-05T10:15:00Z,2026-09-05T12:15:00+0200,111.78,EUR/MWh,ES,ES,imbalance_price,Short,2026-09-07T08:26:35Z
2026-09-07T08:23:09Z,2026-09-07T10:23:09+0200,bcd3f249-d332-480a-95cf-6311f6ef2f92,2026-09-05T10:30:00Z,2026-09-05T12:30:00+0200,172.72,EUR/MWh,ES,ES,imbalance_price,Long,2026-09-07T08:26:35Z
2026-09-07T08:23:09Z,2026-09-07T10:23:09+0200,bcd3f249-d332-480a-95cf-6311f6ef2f92,2026-09-05T10:30:00Z,2026-09-05T12:30:00+0200,172.72,EUR/MWh,ES,ES,imbalance_price,Short,2026-09-07T08:26:35Z
2026-09-07T08:23:09Z,2026-09-07T10:23:09+0200,bcd3f249-d332-480a-95cf-6311f6ef2f92,2026-09-05T10:45:00Z,2026-09-05T12:45:00+0200,-1.08,EUR/MWh,ES,ES,imbalance_price,Long,2026-09-07T08:26:35Z
2026-09-07T08:23:09Z,2026-09-07T10:23:09+0200,bcd3f249-d332-480a-95cf-6311f6ef2f92,2026-09-05T10:45:00Z,2026-09-05T12:45:00+0200,222.66,EUR/MWh,ES,ES,imbalance_price,Short,2026-09-07T08:26:35Z
2026-09-07T08:23:09Z,2026-09-07T10:23:09+0200,bcd3f249-d332-480a-95cf-6311f6ef2f92,2026-09-05T11:00:00Z,2026-09-05T13:00:00+0200,219.23,EUR/MWh,ES,ES,imbalance_price,Long,2026-09-07T08:26:35Z
2026-09-07T08:23:09Z,2026-09-07T10:23:09+0200,bcd3f249-d332-480a-95cf-6311f6ef2f92,2026-09-05T11:00:00Z,2026-09-05T13:00:00+0200,219.23,EUR/MWh,ES,ES,imbalance_price,Short,2026-09-07T08:26:35Z
2026-09-07T08:23:09Z,2026-09-07T10:23:09+0200,bcd3f249-d332-480a-95cf-6311f6ef2f92,2026-09-05T11:15:00Z,2026-09-05T13:15:00+0200,182.59,EUR/MWh,ES,ES,imbalance_price,Long,2026-09-07T08:26:35Z
2026-09-07T08:23:09Z,2026-09-07T10:23:09+0200,bcd3f249-d332-480a-95cf-6311f6ef2f92,2026-09-05T11:15:00Z,2026-09-05T13:15:00+0200,182.59,EUR/MWh,ES,ES,imbalance_price,Short,2026-09-07T08:26:35Z
2026-09-07T08:23:09Z,2026-09-07T10:23:09+0200,bcd3f249-d332-480a-95cf-6311f6ef2f92,2026-09-05T11:30:00Z,2026-09-05T13:30:00+0200,248.26,EUR/MWh,ES,ES,imbalance_price,Long,2026-09-07T08:26:35Z
2026-09-07T08:23:09Z,2026-09-07T10:23:09+0200,bcd3f249-d332-480a-95cf-6311f6ef2f92,2026-09-05T11:30:00Z,2026-09-05T13:30:00+0200,248.26,EUR/MWh,ES,ES,imbalance_price,Short,2026-09-07T08:26:35Z
2026-09-07T08:23:09Z,2026-09-07T10:23:09+0200,bcd3f249-d332-480a-95cf-6311f6ef2f92,2026-09-05T11:45:00Z,2026-09-05T13:45:00+0200,-4.36,EUR/MWh,ES,ES,imbalance_price,Long,2026-09-07T08:26:35Z
2026-09-07T08:23:09Z,2026-09-07T10:23:09+0200,bcd3f249-d332-480a-95cf-6311f6ef2f92,2026-09-05T11:45:00Z,2026-09-05T13:45:00+0200,265.74,EUR/MWh,ES,ES,imbalance_price,Short,2026-09-07T08:26:35Z
2026-09-07T08:23:09Z,2026-09-07T10:23:09+0200,bcd3f249-d332-480a-95cf-6311f6ef2f92,2026-09-05T12:00:00Z,2026-09-05T14:00:00+0200,-14.07,EUR/MWh,ES,ES,imbalance_price,Long,2026-09-07T08:26:35Z
2026-09-07T08:23:09Z,2026-09-07T10:23:09+0200,bcd3f249-d332-480a-95cf-6311f6ef2f92,2026-09-05T12:00:00Z,2026-09-05T14:00:00+0200,259.63,EUR/MWh,ES,ES,imbalance_price,Short,2026-09-07T08:26:35Z
2026-09-07T08:23:09Z,2026-09-07T10:23:09+0200,bcd3f249-d332-480a-95cf-6311f6ef2f92,2026-09-05T12:15:00Z,2026-09-05T14:15:00+0200,-0.19,EUR/MWh,ES,ES,imbalance_price,Long,2026-09-07T08:26:35Z
2026-09-07T08:23:09Z,2026-09-07T10:23:09+0200,bcd3f249-d332-480a-95cf-6311f6ef2f92,2026-09-05T12:15:00Z,2026-09-05T14:15:00+0200,206.24,EUR/MWh,ES,ES,imbalance_price,Short,2026-09-07T08:26:35Z
2026-09-07T08:23:09Z,2026-09-07T10:23:09+0200,bcd3f249-d332-480a-95cf-6311f6ef2f92,2026-09-05T12:30:00Z,2026-09-05T14:30:00+0200,-2.11,EUR/MWh,ES,ES,imbalance_price,Long,2026-09-07T08:26:35Z
2026-09-07T08:23:09Z,2026-09-07T10:23:09+0200,bcd3f249-d332-480a-95cf-6311f6ef2f92,2026-09-05T12:30:00Z,2026-09-05T14:30:00+0200,198.35,EUR/MWh,ES,ES,imbalance_price,Short,2026-09-07T08:26:35Z
2026-09-07T08:23:09Z,2026-09-07T10:23:09+0200,bcd3f249-d332-480a-95cf-6311f6ef2f92,2026-09-05T12:45:00Z,2026-09-05T14:45:00+0200,-43.61,EUR/MWh,ES,ES,imbalance_price,Long,2026-09-07T08:26:35Z
2026-09-07T08:23:09Z,2026-09-07T10:23:09+0200,bcd3f249-d332-480a-95cf-6311f6ef2f92,2026-09-05T12:45:00Z,2026-09-05T14:45:00+0200,180.59,EUR/MWh,ES,ES,imbalance_price,Short,2026-09-07T08:26:35Z
2026-09-07T08:23:09Z,2026-09-07T10:23:09+0200,bcd3f249-d332-480a-95cf-6311f6ef2f92,2026-09-05T13:00:00Z,2026-09-05T15:00:00+0200,-21.17,EUR/MWh,ES,ES,imbalance_price,Long,2026-09-07T08:26:35Z
2026-09-07T08:23:09Z,2026-09-07T10:23:09+0200,bcd3f249-d332-480a-95cf-6311f6ef2f92,2026-09-05T13:00:00Z,2026-09-05T15:00:00+0200,197.73,EUR/MWh,ES,ES,imbalance_price,Short,2026-09-07T08:26:35Z
2026-09-07T08:23:09Z,2026-09-07T10:23:09+0200,bcd3f249-d332-480a-95cf-6311f6ef2f92,2026-09-05T13:15:00Z,2026-09-05T15:15:00+0200,-6.25,EUR/MWh,ES,ES,imbalance_price,Long,2026-09-07T08:26:35Z
2026-09-07T08:23:09Z,2026-09-07T10:23:09+0200,bcd3f249-d332-480a-95cf-6311f6ef2f92,2026-09-05T13:15:00Z,2026-09-05T15:15:00+0200,180.98,EUR/MWh,ES,ES,imbalance_price,Short,2026-09-07T08:26:35Z
2026-09-07T08:23:09Z,2026-09-07T10:23:09+0200,bcd3f249-d332-480a-95cf-6311f6ef2f92,2026-09-05T13:30:00Z,2026-09-05T15:30:00+0200,-22.35,EUR/MWh,ES,ES,imbalance_price,Long,2026-09-07T08:26:35Z
2026-09-07T08:23:09Z,2026-09-07T10:23:09+0200,bcd3f249-d332-480a-95cf-6311f6ef2f92,2026-09-05T13:30:00Z,2026-09-05T15:30:00+0200,178.65,EUR/MWh,ES,ES,imbalance_price,Short,2026-09-07T08:26:35Z
2026-09-07T08:23:09Z,2026-09-07T10:23:09+0200,bcd3f249-d332-480a-95cf-6311f6ef2f92,2026-09-05T13:45:00Z,2026-09-05T15:45:00+0200,-9.35,EUR/MWh,ES,ES,imbalance_price,Long,2026-09-07T08:26:35Z
2026-09-07T08:23:09Z,2026-09-07T10:23:09+0200,bcd3f249-d332-480a-95cf-6311f6ef2f92,2026-09-05T13:45:00Z,2026-09-05T15:45:00+0200,74.69,EUR/MWh,ES,ES,imbalance_price,Short,2026-09-07T08:26:35Z
2026-09-07T08:23:09Z,2026-09-07T10:23:09+0200,bcd3f249-d332-480a-95cf-6311f6ef2f92,2026-09-05T14:00:00Z,2026-09-05T16:00:00+0200,-3.48,EUR/MWh,ES,ES,imbalance_price,Long,2026-09-07T08:26:35Z
2026-09-07T08:23:09Z,2026-09-07T10:23:09+0200,bcd3f249-d332-480a-95cf-6311f6ef2f92,2026-09-05T14:00:00Z,2026-09-05T16:00:00+0200,6.93,EUR/MWh,ES,ES,imbalance_price,Short,2026-09-07T08:26:35Z
2026-09-07T08:23:09Z,2026-09-07T10:23:09+0200,bcd3f249-d332-480a-95cf-6311f6ef2f92,2026-09-05T14:15:00Z,2026-09-05T16:15:00+0200,-2.93,EUR/MWh,ES,ES,imbalance_price,Long,2026-09-07T08:26:35Z
2026-09-07T08:23:09Z,2026-09-07T10:23:09+0200,bcd3f249-d332-480a-95cf-6311f6ef2f92,2026-09-05T14:15:00Z,2026-09-05T16:15:00+0200,93.3,EUR/MWh,ES,ES,imbalance_price,Short,2026-09-07T08:26:35Z
2026-09-07T08:23:09Z,2026-09-07T10:23:09+0200,bcd3f249-d332-480a-95cf-6311f6ef2f92,2026-09-05T14:30:00Z,2026-09-05T16:30:00+0200,5.83,EUR/MWh,ES,ES,imbalance_price,Long,2026-09-07T08:26:35Z
2026-09-07T08:23:09Z,2026-09-07T10:23:09+0200,bcd3f249-d332-480a-95cf-6311f6ef2f92,2026-09-05T14:30:00Z,2026-09-05T16:30:00+0200,31.16,EUR/MWh,ES,ES,imbalance_price,Short,2026-09-07T08:26:35Z
2026-09-07T08:23:09Z,2026-09-07T10:23:09+0200,bcd3f249-d332-480a-95cf-6311f6ef2f92,2026-09-05T14:45:00Z,2026-09-05T16:45:00+0200,-2.66,EUR/MWh,ES,ES,imbalance_price,Long,2026-09-07T08:26:35Z
2026-09-07T08:23:09Z,2026-09-07T10:23:09+0200,bcd3f249-d332-480a-95cf-6311f6ef2f92,2026-09-05T14:45:00Z,2026-09-05T16:45:00+0200,159.08,EUR/MWh,ES,ES,imbalance_price,Short,2026-09-07T08:26:35Z
2026-09-07T08:23:09Z,2026-09-07T10:23:09+0200,bcd3f249-d332-480a-95cf-6311f6ef2f92,2026-09-05T15:00:00Z,2026-09-05T17:00:00+0200,-0.44,EUR/MWh,ES,ES,imbalance_price,Long,2026-09-07T08:26:35Z
2026-09-07T08:23:09Z,2026-09-07T10:23:09+0200,bcd3f249-d332-480a-95cf-6311f6ef2f92,2026-09-05T15:00:00Z,2026-09-05T17:00:00+0200,168.88,EUR/MWh,ES,ES,imbalance_price,Short,2026-09-07T08:26:35Z
2026-09-07T08:23:09Z,2026-09-07T10:23:09+0200,bcd3f249-d332-480a-95cf-6311f6ef2f92,2026-09-05T15:15:00Z,2026-09-05T17:15:00+0200,-2.16,EUR/MWh,ES,ES,imbalance_price,Long,2026-09-07T08:26:35Z
2026-09-07T08:23:09Z,2026-09-07T10:23:09+0200,bcd3f249-d332-480a-95cf-6311f6ef2f92,2026-09-05T15:15:00Z,2026-09-05T17:15:00+0200,153.42,EUR/MWh,ES,ES,imbalance_price,Short,2026-09-07T08:26:35Z
2026-09-07T08:23:09Z,2026-09-07T10:23:09+0200,bcd3f249-d332-480a-95cf-6311f6ef2f92,2026-09-05T15:30:00Z,2026-09-05T17:30:00+0200,-9.72,EUR/MWh,ES,ES,imbalance_price,Long,2026-09-07T08:26:35Z
2026-09-07T08:23:09Z,2026-09-07T10:23:09+0200,bcd3f249-d332-480a-95cf-6311f6ef2f92,2026-09-05T15:30:00Z,2026-09-05T17:30:00+0200,93.04,EUR/MWh,ES,ES,imbalance_price,Short,2026-09-07T08:26:35Z
2026-09-07T08:23:09Z,2026-09-07T10:23:09+0200,bcd3f249-d332-480a-95cf-6311f6ef2f92,2026-09-05T15:45:00Z,2026-09-05T17:45:00+0200,59.41,EUR/MWh,ES,ES,imbalance_price,Long,2026-09-07T08:26:35Z
2026-09-07T08:23:09Z,2026-09-07T10:23:09+0200,bcd3f249-d332-480a-95cf-6311f6ef2f92,2026-09-05T15:45:00Z,2026-09-05T17:45:00+0200,103.55,EUR/MWh,ES,ES,imbalance_price,Short,2026-09-07T08:26:35Z
2026-09-07T08:23:09Z,2026-09-07T10:23:09+0200,bcd3f249-d332-480a-95cf-6311f6ef2f92,2026-09-05T16:00:00Z,2026-09-05T18:00:00+0200,163.76,EUR/MWh,ES,ES,imbalance_price,Long,2026-09-07T08:26:35Z
2026-09-07T08:23:09Z,2026-09-07T10:23:09+0200,bcd3f249-d332-480a-95cf-6311f6ef2f92,2026-09-05T16:00:00Z,2026-09-05T18:00:00+0200,163.76,EUR/MWh,ES,ES,imbalance_price,Short,2026-09-07T08:26:35Z
2026-09-07T08:23:09Z,2026-09-07T10:23:09+0200,bcd3f249-d332-480a-95cf-6311f6ef2f92,2026-09-05T16:15:00Z,2026-09-05T18:15:00+0200,59.54,EUR/MWh,ES,ES,imbalance_price,Long,2026-09-07T08:26:35Z
2026-09-07T08:23:09Z,2026-09-07T10:23:09+0200,bcd3f249-d332-480a-95cf-6311f6ef2f92,2026-09-05T16:15:00Z,2026-09-05T18:15:00+0200,157.77,EUR/MWh,ES,ES,imbalance_price,Short,2026-09-07T08:26:35Z
2026-09-07T08:23:09Z,2026-09-07T10:23:09+0200,bcd3f249-d332-480a-95cf-6311f6ef2f92,2026-09-05T16:30:00Z,2026-09-05T18:30:00+0200,108.31,EUR/MWh,ES,ES,imbalance_price,Long,2026-09-07T08:26:35Z
2026-09-07T08:23:09Z,2026-09-07T10:23:09+0200,bcd3f249-d332-480a-95cf-6311f6ef2f92,2026-09-05T16:30:00Z,2026-09-05T18:30:00+0200,167.2,EUR/MWh,ES,ES,imbalance_price,Short,2026-09-07T08:26:35Z
2026-09-07T08:23:09Z,2026-09-07T10:23:09+0200,bcd3f249-d332-480a-95cf-6311f6ef2f92,2026-09-05T16:45:00Z,2026-09-05T18:45:00+0200,138.96,EUR/MWh,ES,ES,imbalance_price,Long,2026-09-07T08:26:35Z
2026-09-07T08:23:09Z,2026-09-07T10:23:09+0200,bcd3f249-d332-480a-95cf-6311f6ef2f92,2026-09-05T16:45:00Z,2026-09-05T18:45:00+0200,183.75,EUR/MWh,ES,ES,imbalance_price,Short,2026-09-07T08:26:35Z
2026-09-07T08:23:09Z,2026-09-07T10:23:09+0200,bcd3f249-d332-480a-95cf-6311f6ef2f92,2026-09-05T17:00:00Z,2026-09-05T19:00:00+0200,56.59,EUR/MWh,ES,ES,imbalance_price,Long,2026-09-07T08:26:35Z
2026-09-07T08:23:09Z,2026-09-07T10:23:09+0200,bcd3f249-d332-480a-95cf-6311f6ef2f92,2026-09-05T17:00:00Z,2026-09-05T19:00:00+0200,167.65,EUR/MWh,ES,ES,imbalance_price,Short,2026-09-07T08:26:35Z
2026-09-07T08:23:09Z,2026-09-07T10:23:09+0200,bcd3f249-d332-480a-95cf-6311f6ef2f92,2026-09-05T17:15:00Z,2026-09-05T19:15:00+0200,105.06,EUR/MWh,ES,ES,imbalance_price,Long,2026-09-07T08:26:35Z
2026-09-07T08:23:09Z,2026-09-07T10:23:09+0200,bcd3f249-d332-480a-95cf-6311f6ef2f92,2026-09-05T17:15:00Z,2026-09-05T19:15:00+0200,177.72,EUR/MWh,ES,ES,imbalance_price,Short,2026-09-07T08:26:35Z
2026-09-07T08:23:09Z,2026-09-07T10:23:09+0200,bcd3f249-d332-480a-95cf-6311f6ef2f92,2026-09-05T17:30:00Z,2026-09-05T19:30:00+0200,130.81,EUR/MWh,ES,ES,imbalance_price,Long,2026-09-07T08:26:35Z
2026-09-07T08:23:09Z,2026-09-07T10:23:09+0200,bcd3f249-d332-480a-95cf-6311f6ef2f92,2026-09-05T17:30:00Z,2026-09-05T19:30:00+0200,185.94,EUR/MWh,ES,ES,imbalance_price,Short,2026-09-07T08:26:35Z
2026-09-07T08:23:09Z,2026-09-07T10:23:09+0200,bcd3f249-d332-480a-95cf-6311f6ef2f92,2026-09-05T17:45:00Z,2026-09-05T19:45:00+0200,67.7,EUR/MWh,ES,ES,imbalance_price,Long,2026-09-07T08:26:35Z
2026-09-07T08:23:09Z,2026-09-07T10:23:09+0200,bcd3f249-d332-480a-95cf-6311f6ef2f92,2026-09-05T17:45:00Z,2026-09-05T19:45:00+0200,169.4,EUR/MWh,ES,ES,imbalance_price,Short,2026-09-07T08:26:35Z
2026-09-07T08:23:09Z,2026-09-07T10:23:09+0200,bcd3f249-d332-480a-95cf-6311f6ef2f92,2026-09-05T18:00:00Z,2026-09-05T20:00:00+0200,181.14,EUR/MWh,ES,ES,imbalance_price,Long,2026-09-07T08:26:35Z
2026-09-07T08:23:09Z,2026-09-07T10:23:09+0200,bcd3f249-d332-480a-95cf-6311f6ef2f92,2026-09-05T18:00:00Z,2026-09-05T20:00:00+0200,181.14,EUR/MWh,ES,ES,imbalance_price,Short,2026-09-07T08:26:35Z
2026-09-07T08:23:09Z,2026-09-07T10:23:09+0200,bcd3f249-d332-480a-95cf-6311f6ef2f92,2026-09-05T18:15:00Z,2026-09-05T20:15:00+0200,162.31,EUR/MWh,ES,ES,imbalance_price,Long,2026-09-07T08:26:35Z
2026-09-07T08:23:09Z,2026-09-07T10:23:09+0200,bcd3f249-d332-480a-95cf-6311f6ef2f92,2026-09-05T18:15:00Z,2026-09-05T20:15:00+0200,180.48,EUR/MWh,ES,ES,imbalance_price,Short,2026-09-07T08:26:35Z
2026-09-07T08:23:09Z,2026-09-07T10:23:09+0200,bcd3f249-d332-480a-95cf-6311f6ef2f92,2026-09-05T18:30:00Z,2026-09-05T20:30:00+0200,191.35,EUR/MWh,ES,ES,imbalance_price,Long,2026-09-07T08:26:35Z
2026-09-07T08:23:09Z,2026-09-07T10:23:09+0200,bcd3f249-d332-480a-95cf-6311f6ef2f92,2026-09-05T18:30:00Z,2026-09-05T20:30:00+0200,191.35,EUR/MWh,ES,ES,imbalance_price,Short,2026-09-07T08:26:35Z
2026-09-07T08:23:09Z,2026-09-07T10:23:09+0200,bcd3f249-d332-480a-95cf-6311f6ef2f92,2026-09-05T18:45:00Z,2026-09-05T20:45:00+0200,203.54,EUR/MWh,ES,ES,imbalance_price,Long,2026-09-07T08:26:35Z
2026-09-07T08:23:09Z,2026-09-07T10:23:09+0200,bcd3f249-d332-480a-95cf-6311f6ef2f92,2026-09-05T18:45:00Z,2026-09-05T20:45:00+0200,203.54,EUR/MWh,ES,ES,imbalance_price,Short,2026-09-07T08:26:35Z
2026-09-07T08:23:09Z,2026-09-07T10:23:09+0200,bcd3f249-d332-480a-95cf-6311f6ef2f92,2026-09-05T19:00:00Z,2026-09-05T21:00:00+0200,200.28,EUR/MWh,ES,ES,imbalance_price,Long,2026-09-07T08:26:35Z
2026-09-07T08:23:09Z,2026-09-07T10:23:09+0200,bcd3f249-d332-480a-95cf-6311f6ef2f92,2026-09-05T19:00:00Z,2026-09-05T21:00:00+0200,200.28,EUR/MWh,ES,ES,imbalance_price,Short,2026-09-07T08:26:35Z
2026-09-07T08:23:09Z,2026-09-07T10:23:09+0200,bcd3f249-d332-480a-95cf-6311f6ef2f92,2026-09-05T19:15:00Z,2026-09-05T21:15:00+0200,223.97,EUR/MWh,ES,ES,imbalance_price,Long,2026-09-07T08:26:35Z
2026-09-07T08:23:09Z,2026-09-07T10:23:09+0200,bcd3f249-d332-480a-95cf-6311f6ef2f92,2026-09-05T19:15:00Z,2026-09-05T21:15:00+0200,223.97,EUR/MWh,ES,ES,imbalance_price,Short,2026-09-07T08:26:35Z
2026-09-07T08:23:09Z,2026-09-07T10:23:09+0200,bcd3f249-d332-480a-95cf-6311f6ef2f92,2026-09-05T19:30:00Z,2026-09-05T21:30:00+0200,223.82,EUR/MWh,ES,ES,imbalance_price,Long,2026-09-07T08:26:35Z
2026-09-07T08:23:09Z,2026-09-07T10:23:09+0200,bcd3f249-d332-480a-95cf-6311f6ef2f92,2026-09-05T19:30:00Z,2026-09-05T21:30:00+0200,223.82,EUR/MWh,ES,ES,imbalance_price,Short,2026-09-07T08:26:35Z
2026-09-07T08:23:09Z,2026-09-07T10:23:09+0200,bcd3f249-d332-480a-95cf-6311f6ef2f92,2026-09-05T19:45:00Z,2026-09-05T21:45:00+0200,169.24,EUR/MWh,ES,ES,imbalance_price,Long,2026-09-07T08:26:35Z
2026-09-07T08:23:09Z,2026-09-07T10:23:09+0200,bcd3f249-d332-480a-95cf-6311f6ef2f92,2026-09-05T19:45:00Z,2026-09-05T21:45:00+0200,219.81,EUR/MWh,ES,ES,imbalance_price,Short,2026-09-07T08:26:35Z
2026-09-07T08:23:09Z,2026-09-07T10:23:09+0200,bcd3f249-d332-480a-95cf-6311f6ef2f92,2026-09-05T20:00:00Z,2026-09-05T22:00:00+0200,135.16,EUR/MWh,ES,ES,imbalance_price,Long,2026-09-07T08:26:35Z
2026-09-07T08:23:09Z,2026-09-07T10:23:09+0200,bcd3f249-d332-480a-95cf-6311f6ef2f92,2026-09-05T20:00:00Z,2026-09-05T22:00:00+0200,216.74,EUR/MWh,ES,ES,imbalance_price,Short,2026-09-07T08:26:35Z
2026-09-07T08:23:09Z,2026-09-07T10:23:09+0200,bcd3f249-d332-480a-95cf-6311f6ef2f92,2026-09-05T20:15:00Z,2026-09-05T22:15:00+0200,215.06,EUR/MWh,ES,ES,imbalance_price,Long,2026-09-07T08:26:35Z
2026-09-07T08:23:09Z,2026-09-07T10:23:09+0200,bcd3f249-d332-480a-95cf-6311f6ef2f92,2026-09-05T20:15:00Z,2026-09-05T22:15:00+0200,215.06,EUR/MWh,ES,ES,imbalance_price,Short,2026-09-07T08:26:35Z
2026-09-07T08:23:09Z,2026-09-07T10:23:09+0200,bcd3f249-d332-480a-95cf-6311f6ef2f92,2026-09-05T20:30:00Z,2026-09-05T22:30:00+0200,218.05,EUR/MWh,ES,ES,imbalance_price,Long,2026-09-07T08:26:35Z
2026-09-07T08:23:09Z,2026-09-07T10:23:09+0200,bcd3f249-d332-480a-95cf-6311f6ef2f92,2026-09-05T20:30:00Z,2026-09-05T22:30:00+0200,218.05,EUR/MWh,ES,ES,imbalance_price,Short,2026-09-07T08:26:35Z
2026-09-07T08:23:09Z,2026-09-07T10:23:09+0200,bcd3f249-d332-480a-95cf-6311f6ef2f92,2026-09-05T20:45:00Z,2026-09-05T22:45:00+0200,136.38,EUR/MWh,ES,ES,imbalance_price,Long,2026-09-07T08:26:35Z
2026-09-07T08:23:09Z,2026-09-07T10:23:09+0200,bcd3f249-d332-480a-95cf-6311f6ef2f92,2026-09-05T20:45:00Z,2026-09-05T22:45:00+0200,217.4,EUR/MWh,ES,ES,imbalance_price,Short,2026-09-07T08:26:35Z
2026-09-07T08:23:09Z,2026-09-07T10:23:09+0200,bcd3f249-d332-480a-95cf-6311f6ef2f92,2026-09-05T21:00:00Z,2026-09-05T23:00:00+0200,135.73,EUR/MWh,ES,ES,imbalance_price,Long,2026-09-07T08:26:35Z
2026-09-07T08:23:09Z,2026-09-07T10:23:09+0200,bcd3f249-d332-480a-95cf-6311f6ef2f92,2026-09-05T21:00:00Z,2026-09-05T23:00:00+0200,217.16,EUR/MWh,ES,ES,imbalance_price,Short,2026-09-07T08:26:35Z
2026-09-07T08:23:09Z,2026-09-07T10:23:09+0200,bcd3f249-d332-480a-95cf-6311f6ef2f92,2026-09-05T21:15:00Z,2026-09-05T23:15:00+0200,201.92,EUR/MWh,ES,ES,imbalance_price,Long,2026-09-07T08:26:35Z
2026-09-07T08:23:09Z,2026-09-07T10:23:09+0200,bcd3f249-d332-480a-95cf-6311f6ef2f92,2026-09-05T21:15:00Z,2026-09-05T23:15:00+0200,201.92,EUR/MWh,ES,ES,imbalance_price,Short,2026-09-07T08:26:35Z
2026-09-07T08:23:09Z,2026-09-07T10:23:09+0200,bcd3f249-d332-480a-95cf-6311f6ef2f92,2026-09-05T21:30:00Z,2026-09-05T23:30:00+0200,158.87,EUR/MWh,ES,ES,imbalance_price,Long,2026-09-07T08:26:35Z
2026-09-07T08:23:09Z,2026-09-07T10:23:09+0200,bcd3f249-d332-480a-95cf-6311f6ef2f92,2026-09-05T21:30:00Z,2026-09-05T23:30:00+0200,194.42,EUR/MWh,ES,ES,imbalance_price,Short,2026-09-07T08:26:35Z
2026-09-07T08:23:09Z,2026-09-07T10:23:09+0200,bcd3f249-d332-480a-95cf-6311f6ef2f92,2026-09-05T21:45:00Z,2026-09-05T23:45:00+0200,121.81,EUR/MWh,ES,ES,imbalance_price,Long,2026-09-07T08:26:35Z
2026-09-07T08:23:09Z,2026-09-07T10:23:09+0200,bcd3f249-d332-480a-95cf-6311f6ef2f92,2026-09-05T21:45:00Z,2026-09-05T23:45:00+0200,188.51,EUR/MWh,ES,ES,imbalance_price,Short,2026-09-07T08:26:35Z
2026-09-07T08:23:09Z,2026-09-07T10:23:09+0200,bcd3f249-d332-480a-95cf-6311f6ef2f92,2026-09-05T22:00:00Z,2026-09-06T00:00:00+0200,214.0,EUR/MWh,ES,ES,imbalance_price,Long,2026-09-07T08:26:35Z
2026-09-07T08:23:09Z,2026-09-07T10:23:09+0200,bcd3f249-d332-480a-95cf-6311f6ef2f92,2026-09-05T22:00:00Z,2026-09-06T00:00:00+0200,214.0,EUR/MWh,ES,ES,imbalance_price,Short,2026-09-07T08:26:35Z
2026-09-07T08:23:09Z,2026-09-07T10:23:09+0200,bcd3f249-d332-480a-95cf-6311f6ef2f92,2026-09-05T22:15:00Z,2026-09-06T00:15:00+0200,209.82,EUR/MWh,ES,ES,imbalance_price,Long,2026-09-07T08:26:35Z
2026-09-07T08:23:09Z,2026-09-07T10:23:09+0200,bcd3f249-d332-480a-95cf-6311f6ef2f92,2026-09-05T22:15:00Z,2026-09-06T00:15:00+0200,209.82,EUR/MWh,ES,ES,imbalance_price,Short,2026-09-07T08:26:35Z
2026-09-07T08:23:09Z,2026-09-07T10:23:09+0200,bcd3f249-d332-480a-95cf-6311f6ef2f92,2026-09-05T22:30:00Z,2026-09-06T00:30:00+0200,204.24,EUR/MWh,ES,ES,imbalance_price,Long,2026-09-07T08:26:35Z
2026-09-07T08:23:09Z,2026-09-07T10:23:09+0200,bcd3f249-d332-480a-95cf-6311f6ef2f92,2026-09-05T22:30:00Z,2026-09-06T00:30:00+0200,204.24,EUR/MWh,ES,ES,imbalance_price,Short,2026-09-07T08:26:35Z
2026-09-07T08:23:09Z,2026-09-07T10:23:09+0200,bcd3f249-d332-480a-95cf-6311f6ef2f92,2026-09-05T22:45:00Z,2026-09-06T00:45:00+0200,201.48,EUR/MWh,ES,ES,imbalance_price,Long,2026-09-07T08:26:35Z
2026-09-07T08:23:09Z,2026-09-07T10:23:09+0200,bcd3f249-d332-480a-95cf-6311f6ef2f92,2026-09-05T22:45:00Z,2026-09-06T00:45:00+0200,201.48,EUR/MWh,ES,ES,imbalance_price,Short,2026-09-07T08:26:35Z
2026-09-07T08:23:09Z,2026-09-07T10:23:09+0200,bcd3f249-d332-480a-95cf-6311f6ef2f92,2026-09-05T23:00:00Z,2026-09-06T01:00:00+0200,183.21,EUR/MWh,ES,ES,imbalance_price,Long,2026-09-07T08:26:35Z
2026-09-07T08:23:09Z,2026-09-07T10:23:09+0200,bcd3f249-d332-480a-95cf-6311f6ef2f92,2026-09-05T23:00:00Z,2026-09-06T01:00:00+0200,210.0,EUR/MWh,ES,ES,imbalance_price,Short,2026-09-07T08:26:35Z
2026-09-07T08:23:09Z,2026-09-07T10:23:09+0200,bcd3f249-d332-480a-95cf-6311f6ef2f92,2026-09-05T23:15:00Z,2026-09-06T01:15:00+0200,207.86,EUR/MWh,ES,ES,imbalance_price,Long,2026-09-07T08:26:35Z
2026-09-07T08:23:09Z,2026-09-07T10:23:09+0200,bcd3f249-d332-480a-95cf-6311f6ef2f92,2026-09-05T23:15:00Z,2026-09-06T01:15:00+0200,207.86,EUR/MWh,ES,ES,imbalance_price,Short,2026-09-07T08:26:35Z
2026-09-07T08:23:09Z,2026-09-07T10:23:09+0200,bcd3f249-d332-480a-95cf-6311f6ef2f92,2026-09-05T23:30:00Z,2026-09-06T01:30:00+0200,204.24,EUR/MWh,ES,ES,imbalance_price,Long,2026-09-07T08:26:35Z
2026-09-07T08:23:09Z,2026-09-07T10:23:09+0200,bcd3f249-d332-480a-95cf-6311f6ef2f92,2026-09-05T23:30:00Z,2026-09-06T01:30:00+0200,204.24,EUR/MWh,ES,ES,imbalance_price,Short,2026-09-07T08:26:35Z
2026-09-07T08:23:09Z,2026-09-07T10:23:09+0200,bcd3f249-d332-480a-95cf-6311f6ef2f92,2026-09-05T23:45:00Z,2026-09-06T01:45:00+0200,201.65,EUR/MWh,ES,ES,imbalance_price,Long,2026-09-07T08:26:35Z
2026-09-07T08:23:09Z,2026-09-07T10:23:09+0200,bcd3f249-d332-480a-95cf-6311f6ef2f92,2026-09-05T23:45:00Z,2026-09-06T01:45:00+0200,201.65,EUR/MWh,ES,ES,imbalance_price,Short,2026-09-07T08:26:35Z
2026-09-07T08:23:09Z,2026-09-07T10:23:09+0200,bcd3f249-d332-480a-95cf-6311f6ef2f92,2026-09-06T00:00:00Z,2026-09-06T02:00:00+0200,205.0,EUR/MWh,ES,ES,imbalance_price,Long,2026-09-07T08:26:35Z
2026-09-07T08:23:09Z,2026-09-07T10:23:09+0200,bcd3f249-d332-480a-95cf-6311f6ef2f92,2026-09-06T00:00:00Z,2026-09-06T02:00:00+0200,205.0,EUR/MWh,ES,ES,imbalance_price,Short,2026-09-07T08:26:35Z
2026-09-07T08:23:09Z,2026-09-07T10:23:09+0200,bcd3f249-d332-480a-95cf-6311f6ef2f92,2026-09-06T00:15:00Z,2026-09-06T02:15:00+0200,180.43,EUR/MWh,ES,ES,imbalance_price,Long,2026-09-07T08:26:35Z
2026-09-07T08:23:09Z,2026-09-07T10:23:09+0200,bcd3f249-d332-480a-95cf-6311f6ef2f92,2026-09-06T00:15:00Z,2026-09-06T02:15:00+0200,204.24,EUR/MWh,ES,ES,imbalance_price,Short,2026-09-07T08:26:35Z
2026-09-07T08:23:09Z,2026-09-07T10:23:09+0200,bcd3f249-d332-480a-95cf-6311f6ef2f92,2026-09-06T00:30:00Z,2026-09-06T02:30:00+0200,177.79,EUR/MWh,ES,ES,imbalance_price,Long,2026-09-07T08:26:35Z
2026-09-07T08:23:09Z,2026-09-07T10:23:09+0200,bcd3f249-d332-480a-95cf-6311f6ef2f92,2026-09-06T00:30:00Z,2026-09-06T02:30:00+0200,202.12,EUR/MWh,ES,ES,imbalance_price,Short,2026-09-07T08:26:35Z
2026-09-07T08:23:09Z,2026-09-07T10:23:09+0200,bcd3f249-d332-480a-95cf-6311f6ef2f92,2026-09-06T00:45:00Z,2026-09-06T02:45:00+0200,178.69,EUR/MWh,ES,ES,imbalance_price,Long,2026-09-07T08:26:35Z
2026-09-07T08:23:09Z,2026-09-07T10:23:09+0200,bcd3f249-d332-480a-95cf-6311f6ef2f92,2026-09-06T00:45:00Z,2026-09-06T02:45:00+0200,200.48,EUR/MWh,ES,ES,imbalance_price,Short,2026-09-07T08:26:35Z
2026-09-07T08:23:09Z,2026-09-07T10:23:09+0200,bcd3f249-d332-480a-95cf-6311f6ef2f92,2026-09-06T01:00:00Z,2026-09-06T03:00:00+0200,199.5,EUR/MWh,ES,ES,imbalance_price,Long,2026-09-07T08:26:35Z
2026-09-07T08:23:09Z,2026-09-07T10:23:09+0200,bcd3f249-d332-480a-95cf-6311f6ef2f92,2026-09-06T01:00:00Z,2026-09-06T03:00:00+0200,199.5,EUR/MWh,ES,ES,imbalance_price,Short,2026-09-07T08:26:35Z
2026-09-07T08:23:09Z,2026-09-07T10:23:09+0200,bcd3f249-d332-480a-95cf-6311f6ef2f92,2026-09-06T01:15:00Z,2026-09-06T03:15:00+0200,180.81,EUR/MWh,ES,ES,imbalance_price,Long,2026-09-07T08:26:35Z
2026-09-07T08:23:09Z,2026-09-07T10:23:09+0200,bcd3f249-d332-480a-95cf-6311f6ef2f92,2026-09-06T01:15:00Z,2026-09-06T03:15:00+0200,200.41,EUR/MWh,ES,ES,imbalance_price,Short,2026-09-07T08:26:35Z
2026-09-07T08:23:09Z,2026-09-07T10:23:09+0200,bcd3f249-d332-480a-95cf-6311f6ef2f92,2026-09-06T01:30:00Z,2026-09-06T03:30:00+0200,202.12,EUR/MWh,ES,ES,imbalance_price,Long,2026-09-07T08:26:35Z
2026-09-07T08:23:09Z,2026-09-07T10:23:09+0200,bcd3f249-d332-480a-95cf-6311f6ef2f92,2026-09-06T01:30:00Z,2026-09-06T03:30:00+0200,202.12,EUR/MWh,ES,ES,imbalance_price,Short,2026-09-07T08:26:35Z
2026-09-07T08:23:09Z,2026-09-07T10:23:09+0200,bcd3f249-d332-480a-95cf-6311f6ef2f92,2026-09-06T01:45:00Z,2026-09-06T03:45:00+0200,201.44,EUR/MWh,ES,ES,imbalance_price,Long,2026-09-07T08:26:35Z
2026-09-07T08:23:09Z,2026-09-07T10:23:09+0200,bcd3f249-d332-480a-95cf-6311f6ef2f92,2026-09-06T01:45:00Z,2026-09-06T03:45:00+0200,201.44,EUR/MWh,ES,ES,imbalance_price,Short,2026-09-07T08:26:35Z
2026-09-07T08:23:09Z,2026-09-07T10:23:09+0200,bcd3f249-d332-480a-95cf-6311f6ef2f92,2026-09-06T02:00:00Z,2026-09-06T04:00:00+0200,197.78,EUR/MWh,ES,ES,imbalance_price,Long,2026-09-07T08:26:35Z
2026-09-07T08:23:09Z,2026-09-07T10:23:09+0200,bcd3f249-d332-480a-95cf-6311f6ef2f92,2026-09-06T02:00:00Z,2026-09-06T04:00:00+0200,197.78,EUR/MWh,ES,ES,imbalance_price,Short,2026-09-07T08:26:35Z
2026-09-07T08:23:09Z,2026-09-07T10:23:09+0200,bcd3f249-d332-480a-95cf-6311f6ef2f92,2026-09-06T02:15:00Z,2026-09-06T04:15:00+0200,197.45,EUR/MWh,ES,ES,imbalance_price,Long,2026-09-07T08:26:35Z
2026-09-07T08:23:09Z,2026-09-07T10:23:09+0200,bcd3f249-d332-480a-95cf-6311f6ef2f92,2026-09-06T02:15:00Z,2026-09-06T04:15:00+0200,197.45,EUR/MWh,ES,ES,imbalance_price,Short,2026-09-07T08:26:35Z
2026-09-07T08:23:09Z,2026-09-07T10:23:09+0200,bcd3f249-d332-480a-95cf-6311f6ef2f92,2026-09-06T02:30:00Z,2026-09-06T04:30:00+0200,196.7,EUR/MWh,ES,ES,imbalance_price,Long,2026-09-07T08:26:35Z
2026-09-07T08:23:09Z,2026-09-07T10:23:09+0200,bcd3f249-d332-480a-95cf-6311f6ef2f92,2026-09-06T02:30:00Z,2026-09-06T04:30:00+0200,196.7,EUR/MWh,ES,ES,imbalance_price,Short,2026-09-07T08:26:35Z
2026-09-07T08:23:09Z,2026-09-07T10:23:09+0200,bcd3f249-d332-480a-95cf-6311f6ef2f92,2026-09-06T02:45:00Z,2026-09-06T04:45:00+0200,197.47,EUR/MWh,ES,ES,imbalance_price,Long,2026-09-07T08:26:35Z
2026-09-07T08:23:09Z,2026-09-07T10:23:09+0200,bcd3f249-d332-480a-95cf-6311f6ef2f92,2026-09-06T02:45:00Z,2026-09-06T04:45:00+0200,197.47,EUR/MWh,ES,ES,imbalance_price,Short,2026-09-07T08:26:35Z
2026-09-07T08:23:09Z,2026-09-07T10:23:09+0200,bcd3f249-d332-480a-95cf-6311f6ef2f92,2026-09-06T03:00:00Z,2026-09-06T05:00:00+0200,195.95,EUR/MWh,ES,ES,imbalance_price,Long,2026-09-07T08:26:35Z
2026-09-07T08:23:09Z,2026-09-07T10:23:09+0200,bcd3f249-d332-480a-95cf-6311f6ef2f92,2026-09-06T03:00:00Z,2026-09-06T05:00:00+0200,195.95,EUR/MWh,ES,ES,imbalance_price,Short,2026-09-07T08:26:35Z
2026-09-07T08:23:09Z,2026-09-07T10:23:09+0200,bcd3f249-d332-480a-95cf-6311f6ef2f92,2026-09-06T03:15:00Z,2026-09-06T05:15:00+0200,196.28,EUR/MWh,ES,ES,imbalance_price,Long,2026-09-07T08:26:35Z
2026-09-07T08:23:09Z,2026-09-07T10:23:09+0200,bcd3f249-d332-480a-95cf-6311f6ef2f92,2026-09-06T03:15:00Z,2026-09-06T05:15:00+0200,196.28,EUR/MWh,ES,ES,imbalance_price,Short,2026-09-07T08:26:35Z
2026-09-07T08:23:09Z,2026-09-07T10:23:09+0200,bcd3f249-d332-480a-95cf-6311f6ef2f92,2026-09-06T03:30:00Z,2026-09-06T05:30:00+0200,194.7,EUR/MWh,ES,ES,imbalance_price,Long,2026-09-07T08:26:35Z
2026-09-07T08:23:09Z,2026-09-07T10:23:09+0200,bcd3f249-d332-480a-95cf-6311f6ef2f92,2026-09-06T03:30:00Z,2026-09-06T05:30:00+0200,194.7,EUR/MWh,ES,ES,imbalance_price,Short,2026-09-07T08:26:35Z
2026-09-07T08:23:09Z,2026-09-07T10:23:09+0200,bcd3f249-d332-480a-95cf-6311f6ef2f92,2026-09-06T03:45:00Z,2026-09-06T05:45:00+0200,194.7,EUR/MWh,ES,ES,imbalance_price,Long,2026-09-07T08:26:35Z
2026-09-07T08:23:09Z,2026-09-07T10:23:09+0200,bcd3f249-d332-480a-95cf-6311f6ef2f92,2026-09-06T03:45:00Z,2026-09-06T05:45:00+0200,194.7,EUR/MWh,ES,ES,imbalance_price,Short,2026-09-07T08:26:35Z
2026-09-07T08:23:09Z,2026-09-07T10:23:09+0200,bcd3f249-d332-480a-95cf-6311f6ef2f92,2026-09-06T04:00:00Z,2026-09-06T06:00:00+0200,194.7,EUR/MWh,ES,ES,imbalance_price,Long,2026-09-07T08:26:35Z
2026-09-07T08:23:09Z,2026-09-07T10:23:09+0200,bcd3f249-d332-480a-95cf-6311f6ef2f92,2026-09-06T04:00:00Z,2026-09-06T06:00:00+0200,194.7,EUR/MWh,ES,ES,imbalance_price,Short,2026-09-07T08:26:35Z
2026-09-07T08:23:09Z,2026-09-07T10:23:09+0200,bcd3f249-d332-480a-95cf-6311f6ef2f92,2026-09-06T04:15:00Z,2026-09-06T06:15:00+0200,194.7,EUR/MWh,ES,ES,imbalance_price,Long,2026-09-07T08:26:35Z
2026-09-07T08:23:09Z,2026-09-07T10:23:09+0200,bcd3f249-d332-480a-95cf-6311f6ef2f92,2026-09-06T04:15:00Z,2026-09-06T06:15:00+0200,194.7,EUR/MWh,ES,ES,imbalance_price,Short,2026-09-07T08:26:35Z
2026-09-07T08:23:09Z,2026-09-07T10:23:09+0200,bcd3f249-d332-480a-95cf-6311f6ef2f92,2026-09-06T04:30:00Z,2026-09-06T06:30:00+0200,173.86,EUR/MWh,ES,ES,imbalance_price,Long,2026-09-07T08:26:35Z
2026-09-07T08:23:09Z,2026-09-07T10:23:09+0200,bcd3f249-d332-480a-95cf-6311f6ef2f92,2026-09-06T04:30:00Z,2026-09-06T06:30:00+0200,194.7,EUR/MWh,ES,ES,imbalance_price,Short,2026-09-07T08:26:35Z
2026-09-07T08:23:09Z,2026-09-07T10:23:09+0200,bcd3f249-d332-480a-95cf-6311f6ef2f92,2026-09-06T04:45:00Z,2026-09-06T06:45:00+0200,197.46,EUR/MWh,ES,ES,imbalance_price,Long,2026-09-07T08:26:35Z
2026-09-07T08:23:09Z,2026-09-07T10:23:09+0200,bcd3f249-d332-480a-95cf-6311f6ef2f92,2026-09-06T04:45:00Z,2026-09-06T06:45:00+0200,197.46,EUR/MWh,ES,ES,imbalance_price,Short,2026-09-07T08:26:35Z
2026-09-07T08:23:09Z,2026-09-07T10:23:09+0200,bcd3f249-d332-480a-95cf-6311f6ef2f92,2026-09-06T05:00:00Z,2026-09-06T07:00:00+0200,198.14,EUR/MWh,ES,ES,imbalance_price,Long,2026-09-07T08:26:35Z
2026-09-07T08:23:09Z,2026-09-07T10:23:09+0200,bcd3f249-d332-480a-95cf-6311f6ef2f92,2026-09-06T05:00:00Z,2026-09-06T07:00:00+0200,198.14,EUR/MWh,ES,ES,imbalance_price,Short,2026-09-07T08:26:35Z
2026-09-07T08:23:09Z,2026-09-07T10:23:09+0200,bcd3f249-d332-480a-95cf-6311f6ef2f92,2026-09-06T05:15:00Z,2026-09-06T07:15:00+0200,200.0,EUR/MWh,ES,ES,imbalance_price,Long,2026-09-07T08:26:35Z
2026-09-07T08:23:09Z,2026-09-07T10:23:09+0200,bcd3f249-d332-480a-95cf-6311f6ef2f92,2026-09-06T05:15:00Z,2026-09-06T07:15:00+0200,200.0,EUR/MWh,ES,ES,imbalance_price,Short,2026-09-07T08:26:35Z
2026-09-07T08:23:09Z,2026-09-07T10:23:09+0200,bcd3f249-d332-480a-95cf-6311f6ef2f92,2026-09-06T05:30:00Z,2026-09-06T07:30:00+0200,197.47,EUR/MWh,ES,ES,imbalance_price,Long,2026-09-07T08:26:35Z
2026-09-07T08:23:09Z,2026-09-07T10:23:09+0200,bcd3f249-d332-480a-95cf-6311f6ef2f92,2026-09-06T05:30:00Z,2026-09-06T07:30:00+0200,197.47,EUR/MWh,ES,ES,imbalance_price,Short,2026-09-07T08:26:35Z
2026-09-07T08:23:09Z,2026-09-07T10:23:09+0200,bcd3f249-d332-480a-95cf-6311f6ef2f92,2026-09-06T05:45:00Z,2026-09-06T07:45:00+0200,201.45,EUR/MWh,ES,ES,imbalance_price,Long,2026-09-07T08:26:35Z
2026-09-07T08:23:09Z,2026-09-07T10:23:09+0200,bcd3f249-d332-480a-95cf-6311f6ef2f92,2026-09-06T05:45:00Z,2026-09-06T07:45:00+0200,201.45,EUR/MWh,ES,ES,imbalance_price,Short,2026-09-07T08:26:35Z
2026-09-07T08:23:09Z,2026-09-07T10:23:09+0200,bcd3f249-d332-480a-95cf-6311f6ef2f92,2026-09-06T06:00:00Z,2026-09-06T08:00:00+0200,211.38,EUR/MWh,ES,ES,imbalance_price,Long,2026-09-07T08:26:35Z
2026-09-07T08:23:09Z,2026-09-07T10:23:09+0200,bcd3f249-d332-480a-95cf-6311f6ef2f92,2026-09-06T06:00:00Z,2026-09-06T08:00:00+0200,211.38,EUR/MWh,ES,ES,imbalance_price,Short,2026-09-07T08:26:35Z
2026-09-07T08:23:09Z,2026-09-07T10:23:09+0200,bcd3f249-d332-480a-95cf-6311f6ef2f92,2026-09-06T06:15:00Z,2026-09-06T08:15:00+0200,205.86,EUR/MWh,ES,ES,imbalance_price,Long,2026-09-07T08:26:35Z
2026-09-07T08:23:09Z,2026-09-07T10:23:09+0200,bcd3f249-d332-480a-95cf-6311f6ef2f92,2026-09-06T06:15:00Z,2026-09-06T08:15:00+0200,205.86,EUR/MWh,ES,ES,imbalance_price,Short,2026-09-07T08:26:35Z
2026-09-07T08:23:09Z,2026-09-07T10:23:09+0200,bcd3f249-d332-480a-95cf-6311f6ef2f92,2026-09-06T06:30:00Z,2026-09-06T08:30:00+0200,192.5,EUR/MWh,ES,ES,imbalance_price,Long,2026-09-07T08:26:35Z
2026-09-07T08:23:09Z,2026-09-07T10:23:09+0200,bcd3f249-d332-480a-95cf-6311f6ef2f92,2026-09-06T06:30:00Z,2026-09-06T08:30:00+0200,192.5,EUR/MWh,ES,ES,imbalance_price,Short,2026-09-07T08:26:35Z
2026-09-07T08:23:09Z,2026-09-07T10:23:09+0200,bcd3f249-d332-480a-95cf-6311f6ef2f92,2026-09-06T06:45:00Z,2026-09-06T08:45:00+0200,160.0,EUR/MWh,ES,ES,imbalance_price,Long,2026-09-07T08:26:35Z
2026-09-07T08:23:09Z,2026-09-07T10:23:09+0200,bcd3f249-d332-480a-95cf-6311f6ef2f92,2026-09-06T06:45:00Z,2026-09-06T08:45:00+0200,160.0,EUR/MWh,ES,ES,imbalance_price,Short,2026-09-07T08:26:35Z
2026-09-07T08:23:09Z,2026-09-07T10:23:09+0200,bcd3f249-d332-480a-95cf-6311f6ef2f92,2026-09-06T07:00:00Z,2026-09-06T09:00:00+0200,55.54,EUR/MWh,ES,ES,imbalance_price,Long,2026-09-07T08:26:35Z
2026-09-07T08:23:09Z,2026-09-07T10:23:09+0200,bcd3f249-d332-480a-95cf-6311f6ef2f92,2026-09-06T07:00:00Z,2026-09-06T09:00:00+0200,155.92,EUR/MWh,ES,ES,imbalance_price,Short,2026-09-07T08:26:35Z
2026-09-07T08:23:09Z,2026-09-07T10:23:09+0200,bcd3f249-d332-480a-95cf-6311f6ef2f92,2026-09-06T07:15:00Z,2026-09-06T09:15:00+0200,55.54,EUR/MWh,ES,ES,imbalance_price,Long,2026-09-07T08:26:35Z
2026-09-07T08:23:09Z,2026-09-07T10:23:09+0200,bcd3f249-d332-480a-95cf-6311f6ef2f92,2026-09-06T07:15:00Z,2026-09-06T09:15:00+0200,125.03,EUR/MWh,ES,ES,imbalance_price,Short,2026-09-07T08:26:35Z
2026-09-07T08:23:09Z,2026-09-07T10:23:09+0200,bcd3f249-d332-480a-95cf-6311f6ef2f92,2026-09-06T07:30:00Z,2026-09-06T09:30:00+0200,0.0,EUR/MWh,ES,ES,imbalance_price,Long,2026-09-07T08:26:35Z
2026-09-07T08:23:09Z,2026-09-07T10:23:09+0200,bcd3f249-d332-480a-95cf-6311f6ef2f92,2026-09-06T07:30:00Z,2026-09-06T09:30:00+0200,93.59,EUR/MWh,ES,ES,imbalance_price,Short,2026-09-07T08:26:35Z
2026-09-07T08:23:09Z,2026-09-07T10:23:09+0200,bcd3f249-d332-480a-95cf-6311f6ef2f92,2026-09-06T07:45:00Z,2026-09-06T09:45:00+0200,-0.5,EUR/MWh,ES,ES,imbalance_price,Long,2026-09-07T08:26:35Z
2026-09-07T08:23:09Z,2026-09-07T10:23:09+0200,bcd3f249-d332-480a-95cf-6311f6ef2f92,2026-09-06T07:45:00Z,2026-09-06T09:45:00+0200,61.01,EUR/MWh,ES,ES,imbalance_price,Short,2026-09-07T08:26:35Z
2026-09-07T08:23:09Z,2026-09-07T10:23:09+0200,bcd3f249-d332-480a-95cf-6311f6ef2f92,2026-09-06T08:00:00Z,2026-09-06T10:00:00+0200,-1.9,EUR/MWh,ES,ES,imbalance_price,Long,2026-09-07T08:26:35Z
2026-09-07T08:23:09Z,2026-09-07T10:23:09+0200,bcd3f249-d332-480a-95cf-6311f6ef2f92,2026-09-06T08:00:00Z,2026-09-06T10:00:00+0200,64.25,EUR/MWh,ES,ES,imbalance_price,Short,2026-09-07T08:26:35Z
2026-09-07T08:23:09Z,2026-09-07T10:23:09+0200,bcd3f249-d332-480a-95cf-6311f6ef2f92,2026-09-06T08:15:00Z,2026-09-06T10:15:00+0200,-0.01,EUR/MWh,ES,ES,imbalance_price,Long,2026-09-07T08:26:35Z
2026-09-07T08:23:09Z,2026-09-07T10:23:09+0200,bcd3f249-d332-480a-95cf-6311f6ef2f92,2026-09-06T08:15:00Z,2026-09-06T10:15:00+0200,39.1,EUR/MWh,ES,ES,imbalance_price,Short,2026-09-07T08:26:35Z
2026-09-07T08:23:09Z,2026-09-07T10:23:09+0200,bcd3f249-d332-480a-95cf-6311f6ef2f92,2026-09-06T08:30:00Z,2026-09-06T10:30:00+0200,-0.5,EUR/MWh,ES,ES,imbalance_price,Long,2026-09-07T08:26:35Z
2026-09-07T08:23:09Z,2026-09-07T10:23:09+0200,bcd3f249-d332-480a-95cf-6311f6ef2f92,2026-09-06T08:30:00Z,2026-09-06T10:30:00+0200,10.0,EUR/MWh,ES,ES,imbalance_price,Short,2026-09-07T08:26:35Z
2026-09-07T08:23:09Z,2026-09-07T10:23:09+0200,bcd3f249-d332-480a-95cf-6311f6ef2f92,2026-09-06T08:45:00Z,2026-09-06T10:45:00+0200,-0.72,EUR/MWh,ES,ES,imbalance_price,Long,2026-09-07T08:26:35Z
2026-09-07T08:23:09Z,2026-09-07T10:23:09+0200,bcd3f249-d332-480a-95cf-6311f6ef2f92,2026-09-06T08:45:00Z,2026-09-06T10:45:00+0200,1.81,EUR/MWh,ES,ES,imbalance_price,Short,2026-09-07T08:26:35Z
2026-09-07T08:23:09Z,2026-09-07T10:23:09+0200,bcd3f249-d332-480a-95cf-6311f6ef2f92,2026-09-06T09:00:00Z,2026-09-06T11:00:00+0200,-0.49,EUR/MWh,ES,ES,imbalance_price,Long,2026-09-07T08:26:35Z
2026-09-07T08:23:09Z,2026-09-07T10:23:09+0200,bcd3f249-d332-480a-95cf-6311f6ef2f92,2026-09-06T09:00:00Z,2026-09-06T11:00:00+0200,1.08,EUR/MWh,ES,ES,imbalance_price,Short,2026-09-07T08:26:35Z
2026-09-07T08:23:09Z,2026-09-07T10:23:09+0200,bcd3f249-d332-480a-95cf-6311f6ef2f92,2026-09-06T09:15:00Z,2026-09-06T11:15:00+0200,0.51,EUR/MWh,ES,ES,imbalance_price,Long,2026-09-07T08:26:35Z
2026-09-07T08:23:09Z,2026-09-07T10:23:09+0200,bcd3f249-d332-480a-95cf-6311f6ef2f92,2026-09-06T09:15:00Z,2026-09-06T11:15:00+0200,0.51,EUR/MWh,ES,ES,imbalance_price,Short,2026-09-07T08:26:35Z
2026-09-07T08:23:09Z,2026-09-07T10:23:09+0200,bcd3f249-d332-480a-95cf-6311f6ef2f92,2026-09-06T09:30:00Z,2026-09-06T11:30:00+0200,0.2,EUR/MWh,ES,ES,imbalance_price,Long,2026-09-07T08:26:35Z
2026-09-07T08:23:09Z,2026-09-07T10:23:09+0200,bcd3f249-d332-480a-95cf-6311f6ef2f92,2026-09-06T09:30:00Z,2026-09-06T11:30:00+0200,0.2,EUR/MWh,ES,ES,imbalance_price,Short,2026-09-07T08:26:35Z
2026-09-07T08:23:09Z,2026-09-07T10:23:09+0200,bcd3f249-d332-480a-95cf-6311f6ef2f92,2026-09-06T09:45:00Z,2026-09-06T11:45:00+0200,0.0,EUR/MWh,ES,ES,imbalance_price,Long,2026-09-07T08:26:35Z
2026-09-07T08:23:09Z,2026-09-07T10:23:09+0200,bcd3f249-d332-480a-95cf-6311f6ef2f92,2026-09-06T09:45:00Z,2026-09-06T11:45:00+0200,0.01,EUR/MWh,ES,ES,imbalance_price,Short,2026-09-07T08:26:35Z
2026-09-07T08:23:09Z,2026-09-07T10:23:09+0200,bcd3f249-d332-480a-95cf-6311f6ef2f92,2026-09-06T10:00:00Z,2026-09-06T12:00:00+0200,0.0,EUR/MWh,ES,ES,imbalance_price,Long,2026-09-07T08:26:35Z
2026-09-07T08:23:09Z,2026-09-07T10:23:09+0200,bcd3f249-d332-480a-95cf-6311f6ef2f92,2026-09-06T10:00:00Z,2026-09-06T12:00:00+0200,0.0,EUR/MWh,ES,ES,imbalance_price,Short,2026-09-07T08:26:35Z
2026-09-07T08:23:09Z,2026-09-07T10:23:09+0200,bcd3f249-d332-480a-95cf-6311f6ef2f92,2026-09-06T10:15:00Z,2026-09-06T12:15:00+0200,0.0,EUR/MWh,ES,ES,imbalance_price,Long,2026-09-07T08:26:35Z
2026-09-07T08:23:09Z,2026-09-07T10:23:09+0200,bcd3f249-d332-480a-95cf-6311f6ef2f92,2026-09-06T10:15:00Z,2026-09-06T12:15:00+0200,0.0,EUR/MWh,ES,ES,imbalance_price,Short,2026-09-07T08:26:35Z
2026-09-07T08:23:09Z,2026-09-07T10:23:09+0200,bcd3f249-d332-480a-95cf-6311f6ef2f92,2026-09-06T10:30:00Z,2026-09-06T12:30:00+0200,0.0,EUR/MWh,ES,ES,imbalance_price,Long,2026-09-07T08:26:35Z
2026-09-07T08:23:09Z,2026-09-07T10:23:09+0200,bcd3f249-d332-480a-95cf-6311f6ef2f92,2026-09-06T10:30:00Z,2026-09-06T12:30:00+0200,0.0,EUR/MWh,ES,ES,imbalance_price,Short,2026-09-07T08:26:35Z
2026-09-07T08:23:09Z,2026-09-07T10:23:09+0200,bcd3f249-d332-480a-95cf-6311f6ef2f92,2026-09-06T10:45:00Z,2026-09-06T12:45:00+0200,0.0,EUR/MWh,ES,ES,imbalance_price,Long,2026-09-07T08:26:35Z
2026-09-07T08:23:09Z,2026-09-07T10:23:09+0200,bcd3f249-d332-480a-95cf-6311f6ef2f92,2026-09-06T10:45:00Z,2026-09-06T12:45:00+0200,0.0,EUR/MWh,ES,ES,imbalance_price,Short,2026-09-07T08:26:35Z
2026-09-07T08:23:09Z,2026-09-07T10:23:09+0200,bcd3f249-d332-480a-95cf-6311f6ef2f92,2026-09-06T11:00:00Z,2026-09-06T13:00:00+0200,0.0,EUR/MWh,ES,ES,imbalance_price,Long,2026-09-07T08:26:35Z
2026-09-07T08:23:09Z,2026-09-07T10:23:09+0200,bcd3f249-d332-480a-95cf-6311f6ef2f92,2026-09-06T11:00:00Z,2026-09-06T13:00:00+0200,0.0,EUR/MWh,ES,ES,imbalance_price,Short,2026-09-07T08:26:35Z
2026-09-07T08:23:09Z,2026-09-07T10:23:09+0200,bcd3f249-d332-480a-95cf-6311f6ef2f92,2026-09-06T11:15:00Z,2026-09-06T13:15:00+0200,0.01,EUR/MWh,ES,ES,imbalance_price,Long,2026-09-07T08:26:35Z
2026-09-07T08:23:09Z,2026-09-07T10:23:09+0200,bcd3f249-d332-480a-95cf-6311f6ef2f92,2026-09-06T11:15:00Z,2026-09-06T13:15:00+0200,0.01,EUR/MWh,ES,ES,imbalance_price,Short,2026-09-07T08:26:35Z
2026-09-07T08:23:09Z,2026-09-07T10:23:09+0200,bcd3f249-d332-480a-95cf-6311f6ef2f92,2026-09-06T11:30:00Z,2026-09-06T13:30:00+0200,0.0,EUR/MWh,ES,ES,imbalance_price,Long,2026-09-07T08:26:35Z
2026-09-07T08:23:09Z,2026-09-07T10:23:09+0200,bcd3f249-d332-480a-95cf-6311f6ef2f92,2026-09-06T11:30:00Z,2026-09-06T13:30:00+0200,0.01,EUR/MWh,ES,ES,imbalance_price,Short,2026-09-07T08:26:35Z
2026-09-07T08:23:09Z,2026-09-07T10:23:09+0200,bcd3f249-d332-480a-95cf-6311f6ef2f92,2026-09-06T11:45:00Z,2026-09-06T13:45:00+0200,-0.01,EUR/MWh,ES,ES,imbalance_price,Long,2026-09-07T08:26:35Z
2026-09-07T08:23:09Z,2026-09-07T10:23:09+0200,bcd3f249-d332-480a-95cf-6311f6ef2f92,2026-09-06T11:45:00Z,2026-09-06T13:45:00+0200,0.01,EUR/MWh,ES,ES,imbalance_price,Short,2026-09-07T08:26:35Z
2026-09-07T08:23:09Z,2026-09-07T10:23:09+0200,bcd3f249-d332-480a-95cf-6311f6ef2f92,2026-09-06T12:00:00Z,2026-09-06T14:00:00+0200,-0.21,EUR/MWh,ES,ES,imbalance_price,Long,2026-09-07T08:26:35Z
2026-09-07T08:23:09Z,2026-09-07T10:23:09+0200,bcd3f249-d332-480a-95cf-6311f6ef2f92,2026-09-06T12:00:00Z,2026-09-06T14:00:00+0200,0.51,EUR/MWh,ES,ES,imbalance_price,Short,2026-09-07T08:26:35Z
2026-09-07T08:23:09Z,2026-09-07T10:23:09+0200,bcd3f249-d332-480a-95cf-6311f6ef2f92,2026-09-06T12:15:00Z,2026-09-06T14:15:00+0200,-0.2,EUR/MWh,ES,ES,imbalance_price,Long,2026-09-07T08:26:35Z
2026-09-07T08:23:09Z,2026-09-07T10:23:09+0200,bcd3f249-d332-480a-95cf-6311f6ef2f92,2026-09-06T12:15:00Z,2026-09-06T14:15:00+0200,0.51,EUR/MWh,ES,ES,imbalance_price,Short,2026-09-07T08:26:35Z
2026-09-07T08:23:09Z,2026-09-07T10:23:09+0200,bcd3f249-d332-480a-95cf-6311f6ef2f92,2026-09-06T12:30:00Z,2026-09-06T14:30:00+0200,-0.22,EUR/MWh,ES,ES,imbalance_price,Long,2026-09-07T08:26:35Z
2026-09-07T08:23:09Z,2026-09-07T10:23:09+0200,bcd3f249-d332-480a-95cf-6311f6ef2f92,2026-09-06T12:30:00Z,2026-09-06T14:30:00+0200,0.51,EUR/MWh,ES,ES,imbalance_price,Short,2026-09-07T08:26:35Z
2026-09-07T08:23:09Z,2026-09-07T10:23:09+0200,bcd3f249-d332-480a-95cf-6311f6ef2f92,2026-09-06T12:45:00Z,2026-09-06T14:45:00+0200,-0.31,EUR/MWh,ES,ES,imbalance_price,Long,2026-09-07T08:26:35Z
2026-09-07T08:23:09Z,2026-09-07T10:23:09+0200,bcd3f249-d332-480a-95cf-6311f6ef2f92,2026-09-06T12:45:00Z,2026-09-06T14:45:00+0200,0.51,EUR/MWh,ES,ES,imbalance_price,Short,2026-09-07T08:26:35Z
2026-09-07T08:23:09Z,2026-09-07T10:23:09+0200,bcd3f249-d332-480a-95cf-6311f6ef2f92,2026-09-06T13:00:00Z,2026-09-06T15:00:00+0200,-0.56,EUR/MWh,ES,ES,imbalance_price,Long,2026-09-07T08:26:35Z
2026-09-07T08:23:09Z,2026-09-07T10:23:09+0200,bcd3f249-d332-480a-95cf-6311f6ef2f92,2026-09-06T13:00:00Z,2026-09-06T15:00:00+0200,0.28,EUR/MWh,ES,ES,imbalance_price,Short,2026-09-07T08:26:35Z
2026-09-07T08:23:09Z,2026-09-07T10:23:09+0200,bcd3f249-d332-480a-95cf-6311f6ef2f92,2026-09-06T13:15:00Z,2026-09-06T15:15:00+0200,-0.92,EUR/MWh,ES,ES,imbalance_price,Long,2026-09-07T08:26:35Z
2026-09-07T08:23:09Z,2026-09-07T10:23:09+0200,bcd3f249-d332-480a-95cf-6311f6ef2f92,2026-09-06T13:15:00Z,2026-09-06T15:15:00+0200,0.3,EUR/MWh,ES,ES,imbalance_price,Short,2026-09-07T08:26:35Z
2026-09-07T08:23:09Z,2026-09-07T10:23:09+0200,bcd3f249-d332-480a-95cf-6311f6ef2f92,2026-09-06T13:30:00Z,2026-09-06T15:30:00+0200,-0.5,EUR/MWh,ES,ES,imbalance_price,Long,2026-09-07T08:26:35Z
2026-09-07T08:23:09Z,2026-09-07T10:23:09+0200,bcd3f249-d332-480a-95cf-6311f6ef2f92,2026-09-06T13:30:00Z,2026-09-06T15:30:00+0200,0.51,EUR/MWh,ES,ES,imbalance_price,Short,2026-09-07T08:26:35Z
2026-09-07T08:23:09Z,2026-09-07T10:23:09+0200,bcd3f249-d332-480a-95cf-6311f6ef2f92,2026-09-06T13:45:00Z,2026-09-06T15:45:00+0200,-2.0,EUR/MWh,ES,ES,imbalance_price,Long,2026-09-07T08:26:35Z
2026-09-07T08:23:09Z,2026-09-07T10:23:09+0200,bcd3f249-d332-480a-95cf-6311f6ef2f92,2026-09-06T13:45:00Z,2026-09-06T15:45:00+0200,0.51,EUR/MWh,ES,ES,imbalance_price,Short,2026-09-07T08:26:35Z
2026-09-07T08:23:09Z,2026-09-07T10:23:09+0200,bcd3f249-d332-480a-95cf-6311f6ef2f92,2026-09-06T14:00:00Z,2026-09-06T16:00:00+0200,-0.29,EUR/MWh,ES,ES,imbalance_price,Long,2026-09-07T08:26:35Z
2026-09-07T08:23:09Z,2026-09-07T10:23:09+0200,bcd3f249-d332-480a-95cf-6311f6ef2f92,2026-09-06T14:00:00Z,2026-09-06T16:00:00+0200,0.52,EUR/MWh,ES,ES,imbalance_price,Short,2026-09-07T08:26:35Z
2026-09-07T08:23:09Z,2026-09-07T10:23:09+0200,bcd3f249-d332-480a-95cf-6311f6ef2f92,2026-09-06T14:15:00Z,2026-09-06T16:15:00+0200,-0.25,EUR/MWh,ES,ES,imbalance_price,Long,2026-09-07T08:26:35Z
2026-09-07T08:23:09Z,2026-09-07T10:23:09+0200,bcd3f249-d332-480a-95cf-6311f6ef2f92,2026-09-06T14:15:00Z,2026-09-06T16:15:00+0200,1.94,EUR/MWh,ES,ES,imbalance_price,Short,2026-09-07T08:26:35Z
2026-09-07T08:23:09Z,2026-09-07T10:23:09+0200,bcd3f249-d332-480a-95cf-6311f6ef2f92,2026-09-06T14:30:00Z,2026-09-06T16:30:00+0200,19.95,EUR/MWh,ES,ES,imbalance_price,Long,2026-09-07T08:26:35Z
2026-09-07T08:23:09Z,2026-09-07T10:23:09+0200,bcd3f249-d332-480a-95cf-6311f6ef2f92,2026-09-06T14:30:00Z,2026-09-06T16:30:00+0200,20.0,EUR/MWh,ES,ES,imbalance_price,Short,2026-09-07T08:26:35Z
2026-09-07T08:23:09Z,2026-09-07T10:23:09+0200,bcd3f249-d332-480a-95cf-6311f6ef2f92,2026-09-06T14:45:00Z,2026-09-06T16:45:00+0200,57.83,EUR/MWh,ES,ES,imbalance_price,Long,2026-09-07T08:26:35Z
2026-09-07T08:23:09Z,2026-09-07T10:23:09+0200,bcd3f249-d332-480a-95cf-6311f6ef2f92,2026-09-06T14:45:00Z,2026-09-06T16:45:00+0200,143.57,EUR/MWh,ES,ES,imbalance_price,Short,2026-09-07T08:26:35Z
2026-09-07T08:23:09Z,2026-09-07T10:23:09+0200,bcd3f249-d332-480a-95cf-6311f6ef2f92,2026-09-06T15:00:00Z,2026-09-06T17:00:00+0200,-3.1,EUR/MWh,ES,ES,imbalance_price,Long,2026-09-07T08:26:35Z
2026-09-07T08:23:09Z,2026-09-07T10:23:09+0200,bcd3f249-d332-480a-95cf-6311f6ef2f92,2026-09-06T15:00:00Z,2026-09-06T17:00:00+0200,57.23,EUR/MWh,ES,ES,imbalance_price,Short,2026-09-07T08:26:35Z
2026-09-07T08:23:09Z,2026-09-07T10:23:09+0200,bcd3f249-d332-480a-95cf-6311f6ef2f92,2026-09-06T15:15:00Z,2026-09-06T17:15:00+0200,0.69,EUR/MWh,ES,ES,imbalance_price,Long,2026-09-07T08:26:35Z
2026-09-07T08:23:09Z,2026-09-07T10:23:09+0200,bcd3f249-d332-480a-95cf-6311f6ef2f92,2026-09-06T15:15:00Z,2026-09-06T17:15:00+0200,92.4,EUR/MWh,ES,ES,imbalance_price,Short,2026-09-07T08:26:35Z
2026-09-07T08:23:09Z,2026-09-07T10:23:09+0200,bcd3f249-d332-480a-95cf-6311f6ef2f92,2026-09-06T15:30:00Z,2026-09-06T17:30:00+0200,0.0,EUR/MWh,ES,ES,imbalance_price,Long,2026-09-07T08:26:35Z
2026-09-07T08:23:09Z,2026-09-07T10:23:09+0200,bcd3f249-d332-480a-95cf-6311f6ef2f92,2026-09-06T15:30:00Z,2026-09-06T17:30:00+0200,111.2,EUR/MWh,ES,ES,imbalance_price,Short,2026-09-07T08:26:35Z
2026-09-07T08:23:09Z,2026-09-07T10:23:09+0200,bcd3f249-d332-480a-95cf-6311f6ef2f92,2026-09-06T15:45:00Z,2026-09-06T17:45:00+0200,65.49,EUR/MWh,ES,ES,imbalance_price,Long,2026-09-07T08:26:35Z
2026-09-07T08:23:09Z,2026-09-07T10:23:09+0200,bcd3f249-d332-480a-95cf-6311f6ef2f92,2026-09-06T15:45:00Z,2026-09-06T17:45:00+0200,125.7,EUR/MWh,ES,ES,imbalance_price,Short,2026-09-07T08:26:35Z
2026-09-07T08:23:09Z,2026-09-07T10:23:09+0200,bcd3f249-d332-480a-95cf-6311f6ef2f92,2026-09-06T16:00:00Z,2026-09-06T18:00:00+0200,55.54,EUR/MWh,ES,ES,imbalance_price,Long,2026-09-07T08:26:35Z
2026-09-07T08:23:09Z,2026-09-07T10:23:09+0200,bcd3f249-d332-480a-95cf-6311f6ef2f92,2026-09-06T16:00:00Z,2026-09-06T18:00:00+0200,126.0,EUR/MWh,ES,ES,imbalance_price,Short,2026-09-07T08:26:35Z
2026-09-07T08:23:09Z,2026-09-07T10:23:09+0200,bcd3f249-d332-480a-95cf-6311f6ef2f92,2026-09-06T16:15:00Z,2026-09-06T18:15:00+0200,44.88,EUR/MWh,ES,ES,imbalance_price,Long,2026-09-07T08:26:35Z
2026-09-07T08:23:09Z,2026-09-07T10:23:09+0200,bcd3f249-d332-480a-95cf-6311f6ef2f92,2026-09-06T16:15:00Z,2026-09-06T18:15:00+0200,139.99,EUR/MWh,ES,ES,imbalance_price,Short,2026-09-07T08:26:35Z
2026-09-07T08:23:09Z,2026-09-07T10:23:09+0200,bcd3f249-d332-480a-95cf-6311f6ef2f92,2026-09-06T16:30:00Z,2026-09-06T18:30:00+0200,65.49,EUR/MWh,ES,ES,imbalance_price,Long,2026-09-07T08:26:35Z
2026-09-07T08:23:09Z,2026-09-07T10:23:09+0200,bcd3f249-d332-480a-95cf-6311f6ef2f92,2026-09-06T16:30:00Z,2026-09-06T18:30:00+0200,165.0,EUR/MWh,ES,ES,imbalance_price,Short,2026-09-07T08:26:35Z
2026-09-07T08:23:09Z,2026-09-07T10:23:09+0200,bcd3f249-d332-480a-95cf-6311f6ef2f92,2026-09-06T16:45:00Z,2026-09-06T18:45:00+0200,135.77,EUR/MWh,ES,ES,imbalance_price,Long,2026-09-07T08:26:35Z
2026-09-07T08:23:09Z,2026-09-07T10:23:09+0200,bcd3f249-d332-480a-95cf-6311f6ef2f92,2026-09-06T16:45:00Z,2026-09-06T18:45:00+0200,194.7,EUR/MWh,ES,ES,imbalance_price,Short,2026-09-07T08:26:35Z
2026-09-07T08:23:09Z,2026-09-07T10:23:09+0200,bcd3f249-d332-480a-95cf-6311f6ef2f92,2026-09-06T17:00:00Z,2026-09-06T19:00:00+0200,193.3,EUR/MWh,ES,ES,imbalance_price,Long,2026-09-07T08:26:35Z
2026-09-07T08:23:09Z,2026-09-07T10:23:09+0200,bcd3f249-d332-480a-95cf-6311f6ef2f92,2026-09-06T17:00:00Z,2026-09-06T19:00:00+0200,193.3,EUR/MWh,ES,ES,imbalance_price,Short,2026-09-07T08:26:35Z
2026-09-07T08:23:09Z,2026-09-07T10:23:09+0200,bcd3f249-d332-480a-95cf-6311f6ef2f92,2026-09-06T17:15:00Z,2026-09-06T19:15:00+0200,217.3,EUR/MWh,ES,ES,imbalance_price,Long,2026-09-07T08:26:35Z
2026-09-07T08:23:09Z,2026-09-07T10:23:09+0200,bcd3f249-d332-480a-95cf-6311f6ef2f92,2026-09-06T17:15:00Z,2026-09-06T19:15:00+0200,217.3,EUR/MWh,ES,ES,imbalance_price,Short,2026-09-07T08:26:35Z
2026-09-07T08:23:09Z,2026-09-07T10:23:09+0200,bcd3f249-d332-480a-95cf-6311f6ef2f92,2026-09-06T17:30:00Z,2026-09-06T19:30:00+0200,171.06,EUR/MWh,ES,ES,imbalance_price,Long,2026-09-07T08:26:35Z
2026-09-07T08:23:09Z,2026-09-07T10:23:09+0200,bcd3f249-d332-480a-95cf-6311f6ef2f92,2026-09-06T17:30:00Z,2026-09-06T19:30:00+0200,225.01,EUR/MWh,ES,ES,imbalance_price,Short,2026-09-07T08:26:35Z
2026-09-07T08:23:09Z,2026-09-07T10:23:09+0200,bcd3f249-d332-480a-95cf-6311f6ef2f92,2026-09-06T17:45:00Z,2026-09-06T19:45:00+0200,171.2,EUR/MWh,ES,ES,imbalance_price,Long,2026-09-07T08:26:35Z
2026-09-07T08:23:09Z,2026-09-07T10:23:09+0200,bcd3f249-d332-480a-95cf-6311f6ef2f92,2026-09-06T17:45:00Z,2026-09-06T19:45:00+0200,240.47,EUR/MWh,ES,ES,imbalance_price,Short,2026-09-07T08:26:35Z
2026-09-07T08:23:09Z,2026-09-07T10:23:09+0200,bcd3f249-d332-480a-95cf-6311f6ef2f92,2026-09-06T18:00:00Z,2026-09-06T20:00:00+0200,224.99,EUR/MWh,ES,ES,imbalance_price,Long,2026-09-07T08:26:35Z
2026-09-07T08:23:09Z,2026-09-07T10:23:09+0200,bcd3f249-d332-480a-95cf-6311f6ef2f92,2026-09-06T18:00:00Z,2026-09-06T20:00:00+0200,224.99,EUR/MWh,ES,ES,imbalance_price,Short,2026-09-07T08:26:35Z
2026-09-07T08:23:09Z,2026-09-07T10:23:09+0200,bcd3f249-d332-480a-95cf-6311f6ef2f92,2026-09-06T18:15:00Z,2026-09-06T20:15:00+0200,228.57,EUR/MWh,ES,ES,imbalance_price,Long,2026-09-07T08:26:35Z
2026-09-07T08:23:09Z,2026-09-07T10:23:09+0200,bcd3f249-d332-480a-95cf-6311f6ef2f92,2026-09-06T18:15:00Z,2026-09-06T20:15:00+0200,229.91,EUR/MWh,ES,ES,imbalance_price,Short,2026-09-07T08:26:35Z
2026-09-07T08:23:09Z,2026-09-07T10:23:09+0200,bcd3f249-d332-480a-95cf-6311f6ef2f92,2026-09-06T18:30:00Z,2026-09-06T20:30:00+0200,235.06,EUR/MWh,ES,ES,imbalance_price,Long,2026-09-07T08:26:35Z
2026-09-07T08:23:09Z,2026-09-07T10:23:09+0200,bcd3f249-d332-480a-95cf-6311f6ef2f92,2026-09-06T18:30:00Z,2026-09-06T20:30:00+0200,236.54,EUR/MWh,ES,ES,imbalance_price,Short,2026-09-07T08:26:35Z
2026-09-07T08:23:09Z,2026-09-07T10:23:09+0200,bcd3f249-d332-480a-95cf-6311f6ef2f92,2026-09-06T18:45:00Z,2026-09-06T20:45:00+0200,236.02,EUR/MWh,ES,ES,imbalance_price,Long,2026-09-07T08:26:35Z
2026-09-07T08:23:09Z,2026-09-07T10:23:09+0200,bcd3f249-d332-480a-95cf-6311f6ef2f92,2026-09-06T18:45:00Z,2026-09-06T20:45:00+0200,236.02,EUR/MWh,ES,ES,imbalance_price,Short,2026-09-07T08:26:35Z
2026-09-07T08:23:09Z,2026-09-07T10:23:09+0200,bcd3f249-d332-480a-95cf-6311f6ef2f92,2026-09-06T19:00:00Z,2026-09-06T21:00:00+0200,240.83,EUR/MWh,ES,ES,imbalance_price,Long,2026-09-07T08:26:35Z
2026-09-07T08:23:09Z,2026-09-07T10:23:09+0200,bcd3f249-d332-480a-95cf-6311f6ef2f92,2026-09-06T19:00:00Z,2026-09-06T21:00:00+0200,240.83,EUR/MWh,ES,ES,imbalance_price,Short,2026-09-07T08:26:35Z
2026-09-07T08:23:09Z,2026-09-07T10:23:09+0200,bcd3f249-d332-480a-95cf-6311f6ef2f92,2026-09-06T19:15:00Z,2026-09-06T21:15:00+0200,249.3,EUR/MWh,ES,ES,imbalance_price,Long,2026-09-07T08:26:35Z
2026-09-07T08:23:09Z,2026-09-07T10:23:09+0200,bcd3f249-d332-480a-95cf-6311f6ef2f92,2026-09-06T19:15:00Z,2026-09-06T21:15:00+0200,249.3,EUR/MWh,ES,ES,imbalance_price,Short,2026-09-07T08:26:35Z
2026-09-07T08:23:09Z,2026-09-07T10:23:09+0200,bcd3f249-d332-480a-95cf-6311f6ef2f92,2026-09-06T19:30:00Z,2026-09-06T21:30:00+0200,248.97,EUR/MWh,ES,ES,imbalance_price,Long,2026-09-07T08:26:35Z
2026-09-07T08:23:09Z,2026-09-07T10:23:09+0200,bcd3f249-d332-480a-95cf-6311f6ef2f92,2026-09-06T19:30:00Z,2026-09-06T21:30:00+0200,248.97,EUR/MWh,ES,ES,imbalance_price,Short,2026-09-07T08:26:35Z
2026-09-07T08:23:09Z,2026-09-07T10:23:09+0200,bcd3f249-d332-480a-95cf-6311f6ef2f92,2026-09-06T19:45:00Z,2026-09-06T21:45:00+0200,247.9,EUR/MWh,ES,ES,imbalance_price,Long,2026-09-07T08:26:35Z
2026-09-07T08:23:09Z,2026-09-07T10:23:09+0200,bcd3f249-d332-480a-95cf-6311f6ef2f92,2026-09-06T19:45:00Z,2026-09-06T21:45:00+0200,247.9,EUR/MWh,ES,ES,imbalance_price,Short,2026-09-07T08:26:35Z
2026-09-07T08:23:09Z,2026-09-07T10:23:09+0200,bcd3f249-d332-480a-95cf-6311f6ef2f92,2026-09-06T20:00:00Z,2026-09-06T22:00:00+0200,174.1,EUR/MWh,ES,ES,imbalance_price,Long,2026-09-07T08:26:35Z
2026-09-07T08:23:09Z,2026-09-07T10:23:09+0200,bcd3f249-d332-480a-95cf-6311f6ef2f92,2026-09-06T20:00:00Z,2026-09-06T22:00:00+0200,238.74,EUR/MWh,ES,ES,imbalance_price,Short,2026-09-07T08:26:35Z
2026-09-07T08:23:09Z,2026-09-07T10:23:09+0200,bcd3f249-d332-480a-95cf-6311f6ef2f92,2026-09-06T20:15:00Z,2026-09-06T22:15:00+0200,235.06,EUR/MWh,ES,ES,imbalance_price,Long,2026-09-07T08:26:35Z
2026-09-07T08:23:09Z,2026-09-07T10:23:09+0200,bcd3f249-d332-480a-95cf-6311f6ef2f92,2026-09-06T20:15:00Z,2026-09-06T22:15:00+0200,235.06,EUR/MWh,ES,ES,imbalance_price,Short,2026-09-07T08:26:35Z
2026-09-07T08:23:09Z,2026-09-07T10:23:09+0200,bcd3f249-d332-480a-95cf-6311f6ef2f92,2026-09-06T20:30:00Z,2026-09-06T22:30:00+0200,226.29,EUR/MWh,ES,ES,imbalance_price,Long,2026-09-07T08:26:35Z
2026-09-07T08:23:09Z,2026-09-07T10:23:09+0200,bcd3f249-d332-480a-95cf-6311f6ef2f92,2026-09-06T20:30:00Z,2026-09-06T22:30:00+0200,226.29,EUR/MWh,ES,ES,imbalance_price,Short,2026-09-07T08:26:35Z
2026-09-07T08:23:09Z,2026-09-07T10:23:09+0200,bcd3f249-d332-480a-95cf-6311f6ef2f92,2026-09-06T20:45:00Z,2026-09-06T22:45:00+0200,225.01,EUR/MWh,ES,ES,imbalance_price,Long,2026-09-07T08:26:35Z
2026-09-07T08:23:09Z,2026-09-07T10:23:09+0200,bcd3f249-d332-480a-95cf-6311f6ef2f92,2026-09-06T20:45:00Z,2026-09-06T22:45:00+0200,225.01,EUR/MWh,ES,ES,imbalance_price,Short,2026-09-07T08:26:35Z
2026-09-07T08:23:09Z,2026-09-07T10:23:09+0200,bcd3f249-d332-480a-95cf-6311f6ef2f92,2026-09-06T21:00:00Z,2026-09-06T23:00:00+0200,228.02,EUR/MWh,ES,ES,imbalance_price,Long,2026-09-07T08:26:35Z
2026-09-07T08:23:09Z,2026-09-07T10:23:09+0200,bcd3f249-d332-480a-95cf-6311f6ef2f92,2026-09-06T21:00:00Z,2026-09-06T23:00:00+0200,228.02,EUR/MWh,ES,ES,imbalance_price,Short,2026-09-07T08:26:35Z
2026-09-07T08:23:09Z,2026-09-07T10:23:09+0200,bcd3f249-d332-480a-95cf-6311f6ef2f92,2026-09-06T21:15:00Z,2026-09-06T23:15:00+0200,223.8,EUR/MWh,ES,ES,imbalance_price,Long,2026-09-07T08:26:35Z
2026-09-07T08:23:09Z,2026-09-07T10:23:09+0200,bcd3f249-d332-480a-95cf-6311f6ef2f92,2026-09-06T21:15:00Z,2026-09-06T23:15:00+0200,223.8,EUR/MWh,ES,ES,imbalance_price,Short,2026-09-07T08:26:35Z
2026-09-07T08:23:09Z,2026-09-07T10:23:09+0200,bcd3f249-d332-480a-95cf-6311f6ef2f92,2026-09-06T21:30:00Z,2026-09-06T23:30:00+0200,219.95,EUR/MWh,ES,ES,imbalance_price,Long,2026-09-07T08:26:35Z
2026-09-07T08:23:09Z,2026-09-07T10:23:09+0200,bcd3f249-d332-480a-95cf-6311f6ef2f92,2026-09-06T21:30:00Z,2026-09-06T23:30:00+0200,219.95,EUR/MWh,ES,ES,imbalance_price,Short,2026-09-07T08:26:35Z
2026-09-07T08:23:09Z,2026-09-07T10:23:09+0200,bcd3f249-d332-480a-95cf-6311f6ef2f92,2026-09-06T21:45:00Z,2026-09-06T23:45:00+0200,173.05,EUR/MWh,ES,ES,imbalance_price,Long,2026-09-07T08:26:35Z
2026-09-07T08:23:09Z,2026-09-07T10:23:09+0200,bcd3f249-d332-480a-95cf-6311f6ef2f92,2026-09-06T21:45:00Z,2026-09-06T23:45:00+0200,219.95,EUR/MWh,ES,ES,imbalance_price,Short,2026-09-07T08:26:35Z
2026-09-07T08:23:09Z,2026-09-07T10:23:09+0200,bcd3f249-d332-480a-95cf-6311f6ef2f92,2026-09-06T22:00:00Z,2026-09-07T00:00:00+0200,214.0,EUR/MWh,ES,ES,imbalance_price,Long,2026-09-07T08:26:35Z
2026-09-07T08:23:09Z,2026-09-07T10:23:09+0200,bcd3f249-d332-480a-95cf-6311f6ef2f92,2026-09-06T22:00:00Z,2026-09-07T00:00:00+0200,214.0,EUR/MWh,ES,ES,imbalance_price,Short,2026-09-07T08:26:35Z
2026-09-07T08:23:09Z,2026-09-07T10:23:09+0200,bcd3f249-d332-480a-95cf-6311f6ef2f92,2026-09-06T22:15:00Z,2026-09-07T00:15:00+0200,208.86,EUR/MWh,ES,ES,imbalance_price,Long,2026-09-07T08:26:35Z
2026-09-07T08:23:09Z,2026-09-07T10:23:09+0200,bcd3f249-d332-480a-95cf-6311f6ef2f92,2026-09-06T22:15:00Z,2026-09-07T00:15:00+0200,208.86,EUR/MWh,ES,ES,imbalance_price,Short,2026-09-07T08:26:35Z
2026-09-07T08:23:09Z,2026-09-07T10:23:09+0200,bcd3f249-d332-480a-95cf-6311f6ef2f92,2026-09-06T22:30:00Z,2026-09-07T00:30:00+0200,206.24,EUR/MWh,ES,ES,imbalance_price,Long,2026-09-07T08:26:35Z
2026-09-07T08:23:09Z,2026-09-07T10:23:09+0200,bcd3f249-d332-480a-95cf-6311f6ef2f92,2026-09-06T22:30:00Z,2026-09-07T00:30:00+0200,206.24,EUR/MWh,ES,ES,imbalance_price,Short,2026-09-07T08:26:35Z
2026-09-07T08:23:09Z,2026-09-07T10:23:09+0200,bcd3f249-d332-480a-95cf-6311f6ef2f92,2026-09-06T22:45:00Z,2026-09-07T00:45:00+0200,203.83,EUR/MWh,ES,ES,imbalance_price,Long,2026-09-07T08:26:35Z
2026-09-07T08:23:09Z,2026-09-07T10:23:09+0200,bcd3f249-d332-480a-95cf-6311f6ef2f92,2026-09-06T22:45:00Z,2026-09-07T00:45:00+0200,203.83,EUR/MWh,ES,ES,imbalance_price,Short,2026-09-07T08:26:35Z
2026-09-07T08:23:09Z,2026-09-07T10:23:09+0200,bcd3f249-d332-480a-95cf-6311f6ef2f92,2026-09-06T23:00:00Z,2026-09-07T01:00:00+0200,208.86,EUR/MWh,ES,ES,imbalance_price,Long,2026-09-07T08:26:35Z
2026-09-07T08:23:09Z,2026-09-07T10:23:09+0200,bcd3f249-d332-480a-95cf-6311f6ef2f92,2026-09-06T23:00:00Z,2026-09-07T01:00:00+0200,208.86,EUR/MWh,ES,ES,imbalance_price,Short,2026-09-07T08:26:35Z
2026-09-07T08:23:09Z,2026-09-07T10:23:09+0200,bcd3f249-d332-480a-95cf-6311f6ef2f92,2026-09-06T23:15:00Z,2026-09-07T01:15:00+0200,206.24,EUR/MWh,ES,ES,imbalance_price,Long,2026-09-07T08:26:35Z
2026-09-07T08:23:09Z,2026-09-07T10:23:09+0200,bcd3f249-d332-480a-95cf-6311f6ef2f92,2026-09-06T23:15:00Z,2026-09-07T01:15:00+0200,206.24,EUR/MWh,ES,ES,imbalance_price,Short,2026-09-07T08:26:35Z
2026-09-07T08:23:09Z,2026-09-07T10:23:09+0200,bcd3f249-d332-480a-95cf-6311f6ef2f92,2026-09-06T23:30:00Z,2026-09-07T01:30:00+0200,205.3,EUR/MWh,ES,ES,imbalance_price,Long,2026-09-07T08:26:35Z
2026-09-07T08:23:09Z,2026-09-07T10:23:09+0200,bcd3f249-d332-480a-95cf-6311f6ef2f92,2026-09-06T23:30:00Z,2026-09-07T01:30:00+0200,205.3,EUR/MWh,ES,ES,imbalance_price,Short,2026-09-07T08:26:35Z
2026-09-07T08:23:09Z,2026-09-07T10:23:09+0200,bcd3f249-d332-480a-95cf-6311f6ef2f92,2026-09-06T23:45:00Z,2026-09-07T01:45:00+0200,204.5,EUR/MWh,ES,ES,imbalance_price,Long,2026-09-07T08:26:35Z
2026-09-07T08:23:09Z,2026-09-07T10:23:09+0200,bcd3f249-d332-480a-95cf-6311f6ef2f92,2026-09-06T23:45:00Z,2026-09-07T01:45:00+0200,204.5,EUR/MWh,ES,ES,imbalance_price,Short,2026-09-07T08:26:35Z
2026-09-07T08:23:09Z,2026-09-07T10:23:09+0200,bcd3f249-d332-480a-95cf-6311f6ef2f92,2026-09-07T00:00:00Z,2026-09-07T02:00:00+0200,204.65,EUR/MWh,ES,ES,imbalance_price,Long,2026-09-07T08:26:35Z
2026-09-07T08:23:09Z,2026-09-07T10:23:09+0200,bcd3f249-d332-480a-95cf-6311f6ef2f92,2026-09-07T00:00:00Z,2026-09-07T02:00:00+0200,204.65,EUR/MWh,ES,ES,imbalance_price,Short,2026-09-07T08:26:35Z
2026-09-07T08:23:09Z,2026-09-07T10:23:09+0200,bcd3f249-d332-480a-95cf-6311f6ef2f92,2026-09-07T00:15:00Z,2026-09-07T02:15:00+0200,204.5,EUR/MWh,ES,ES,imbalance_price,Long,2026-09-07T08:26:35Z
2026-09-07T08:23:09Z,2026-09-07T10:23:09+0200,bcd3f249-d332-480a-95cf-6311f6ef2f92,2026-09-07T00:15:00Z,2026-09-07T02:15:00+0200,204.5,EUR/MWh,ES,ES,imbalance_price,Short,2026-09-07T08:26:35Z
2026-09-07T08:23:09Z,2026-09-07T10:23:09+0200,bcd3f249-d332-480a-95cf-6311f6ef2f92,2026-09-07T00:30:00Z,2026-09-07T02:30:00+0200,202.16,EUR/MWh,ES,ES,imbalance_price,Long,2026-09-07T08:26:35Z
2026-09-07T08:23:09Z,2026-09-07T10:23:09+0200,bcd3f249-d332-480a-95cf-6311f6ef2f92,2026-09-07T00:30:00Z,2026-09-07T02:30:00+0200,202.16,EUR/MWh,ES,ES,imbalance_price,Short,2026-09-07T08:26:35Z
2026-09-07T08:23:09Z,2026-09-07T10:23:09+0200,bcd3f249-d332-480a-95cf-6311f6ef2f92,2026-09-07T00:45:00Z,2026-09-07T02:45:00+0200,200.11,EUR/MWh,ES,ES,imbalance_price,Long,2026-09-07T08:26:35Z
2026-09-07T08:23:09Z,2026-09-07T10:23:09+0200,bcd3f249-d332-480a-95cf-6311f6ef2f92,2026-09-07T00:45:00Z,2026-09-07T02:45:00+0200,200.18,EUR/MWh,ES,ES,imbalance_price,Short,2026-09-07T08:26:35Z
2026-09-07T08:23:09Z,2026-09-07T10:23:09+0200,bcd3f249-d332-480a-95cf-6311f6ef2f92,2026-09-07T01:00:00Z,2026-09-07T03:00:00+0200,205.3,EUR/MWh,ES,ES,imbalance_price,Long,2026-09-07T08:26:35Z
2026-09-07T08:23:09Z,2026-09-07T10:23:09+0200,bcd3f249-d332-480a-95cf-6311f6ef2f92,2026-09-07T01:00:00Z,2026-09-07T03:00:00+0200,205.31,EUR/MWh,ES,ES,imbalance_price,Short,2026-09-07T08:26:35Z
2026-09-07T08:23:09Z,2026-09-07T10:23:09+0200,bcd3f249-d332-480a-95cf-6311f6ef2f92,2026-09-07T01:15:00Z,2026-09-07T03:15:00+0200,204.81,EUR/MWh,ES,ES,imbalance_price,Long,2026-09-07T08:26:35Z
2026-09-07T08:23:09Z,2026-09-07T10:23:09+0200,bcd3f249-d332-480a-95cf-6311f6ef2f92,2026-09-07T01:15:00Z,2026-09-07T03:15:00+0200,204.81,EUR/MWh,ES,ES,imbalance_price,Short,2026-09-07T08:26:35Z
2026-09-07T08:23:09Z,2026-09-07T10:23:09+0200,bcd3f249-d332-480a-95cf-6311f6ef2f92,2026-09-07T01:30:00Z,2026-09-07T03:30:00+0200,204.5,EUR/MWh,ES,ES,imbalance_price,Long,2026-09-07T08:26:35Z
2026-09-07T08:23:09Z,2026-09-07T10:23:09+0200,bcd3f249-d332-480a-95cf-6311f6ef2f92,2026-09-07T01:30:00Z,2026-09-07T03:30:00+0200,204.5,EUR/MWh,ES,ES,imbalance_price,Short,2026-09-07T08:26:35Z
2026-09-07T08:23:09Z,2026-09-07T10:23:09+0200,bcd3f249-d332-480a-95cf-6311f6ef2f92,2026-09-07T01:45:00Z,2026-09-07T03:45:00+0200,204.5,EUR/MWh,ES,ES,imbalance_price,Long,2026-09-07T08:26:35Z
2026-09-07T08:23:09Z,2026-09-07T10:23:09+0200,bcd3f249-d332-480a-95cf-6311f6ef2f92,2026-09-07T01:45:00Z,2026-09-07T03:45:00+0200,204.51,EUR/MWh,ES,ES,imbalance_price,Short,2026-09-07T08:26:35Z
2026-09-07T08:23:09Z,2026-09-07T10:23:09+0200,bcd3f249-d332-480a-95cf-6311f6ef2f92,2026-09-07T02:00:00Z,2026-09-07T04:00:00+0200,200.0,EUR/MWh,ES,ES,imbalance_price,Long,2026-09-07T08:26:35Z
2026-09-07T08:23:09Z,2026-09-07T10:23:09+0200,bcd3f249-d332-480a-95cf-6311f6ef2f92,2026-09-07T02:00:00Z,2026-09-07T04:00:00+0200,200.0,EUR/MWh,ES,ES,imbalance_price,Short,2026-09-07T08:26:35Z
2026-09-07T08:23:09Z,2026-09-07T10:23:09+0200,bcd3f249-d332-480a-95cf-6311f6ef2f92,2026-09-07T02:15:00Z,2026-09-07T04:15:00+0200,200.16,EUR/MWh,ES,ES,imbalance_price,Long,2026-09-07T08:26:35Z
2026-09-07T08:23:09Z,2026-09-07T10:23:09+0200,bcd3f249-d332-480a-95cf-6311f6ef2f92,2026-09-07T02:15:00Z,2026-09-07T04:15:00+0200,200.16,EUR/MWh,ES,ES,imbalance_price,Short,2026-09-07T08:26:35Z
2026-09-07T08:23:09Z,2026-09-07T10:23:09+0200,bcd3f249-d332-480a-95cf-6311f6ef2f92,2026-09-07T02:30:00Z,2026-09-07T04:30:00+0200,201.08,EUR/MWh,ES,ES,imbalance_price,Long,2026-09-07T08:26:35Z
2026-09-07T08:23:09Z,2026-09-07T10:23:09+0200,bcd3f249-d332-480a-95cf-6311f6ef2f92,2026-09-07T02:30:00Z,2026-09-07T04:30:00+0200,201.08,EUR/MWh,ES,ES,imbalance_price,Short,2026-09-07T08:26:35Z
2026-09-07T08:23:09Z,2026-09-07T10:23:09+0200,bcd3f249-d332-480a-95cf-6311f6ef2f92,2026-09-07T02:45:00Z,2026-09-07T04:45:00+0200,201.68,EUR/MWh,ES,ES,imbalance_price,Long,2026-09-07T08:26:35Z
2026-09-07T08:23:09Z,2026-09-07T10:23:09+0200,bcd3f249-d332-480a-95cf-6311f6ef2f92,2026-09-07T02:45:00Z,2026-09-07T04:45:00+0200,201.68,EUR/MWh,ES,ES,imbalance_price,Short,2026-09-07T08:26:35Z
2026-09-07T08:23:09Z,2026-09-07T10:23:09+0200,bcd3f249-d332-480a-95cf-6311f6ef2f92,2026-09-07T03:00:00Z,2026-09-07T05:00:00+0200,200.0,EUR/MWh,ES,ES,imbalance_price,Long,2026-09-07T08:26:35Z
2026-09-07T08:23:09Z,2026-09-07T10:23:09+0200,bcd3f249-d332-480a-95cf-6311f6ef2f92,2026-09-07T03:00:00Z,2026-09-07T05:00:00+0200,200.0,EUR/MWh,ES,ES,imbalance_price,Short,2026-09-07T08:26:35Z
2026-09-07T08:23:09Z,2026-09-07T10:23:09+0200,bcd3f249-d332-480a-95cf-6311f6ef2f92,2026-09-07T03:15:00Z,2026-09-07T05:15:00+0200,201.99,EUR/MWh,ES,ES,imbalance_price,Long,2026-09-07T08:26:35Z
2026-09-07T08:23:09Z,2026-09-07T10:23:09+0200,bcd3f249-d332-480a-95cf-6311f6ef2f92,2026-09-07T03:15:00Z,2026-09-07T05:15:00+0200,201.99,EUR/MWh,ES,ES,imbalance_price,Short,2026-09-07T08:26:35Z
2026-09-07T08:23:09Z,2026-09-07T10:23:09+0200,bcd3f249-d332-480a-95cf-6311f6ef2f92,2026-09-07T03:30:00Z,2026-09-07T05:30:00+0200,204.5,EUR/MWh,ES,ES,imbalance_price,Long,2026-09-07T08:26:35Z
2026-09-07T08:23:09Z,2026-09-07T10:23:09+0200,bcd3f249-d332-480a-95cf-6311f6ef2f92,2026-09-07T03:30:00Z,2026-09-07T05:30:00+0200,204.5,EUR/MWh,ES,ES,imbalance_price,Short,2026-09-07T08:26:35Z
2026-09-07T08:23:09Z,2026-09-07T10:23:09+0200,bcd3f249-d332-480a-95cf-6311f6ef2f92,2026-09-07T03:45:00Z,2026-09-07T05:45:00+0200,205.3,EUR/MWh,ES,ES,imbalance_price,Long,2026-09-07T08:26:35Z
2026-09-07T08:23:09Z,2026-09-07T10:23:09+0200,bcd3f249-d332-480a-95cf-6311f6ef2f92,2026-09-07T03:45:00Z,2026-09-07T05:45:00+0200,205.3,EUR/MWh,ES,ES,imbalance_price,Short,2026-09-07T08:26:35Z
2026-09-07T08:23:09Z,2026-09-07T10:23:09+0200,bcd3f249-d332-480a-95cf-6311f6ef2f92,2026-09-07T04:00:00Z,2026-09-07T06:00:00+0200,163.04,EUR/MWh,ES,ES,imbalance_price,Long,2026-09-07T08:26:35Z
2026-09-07T08:23:09Z,2026-09-07T10:23:09+0200,bcd3f249-d332-480a-95cf-6311f6ef2f92,2026-09-07T04:00:00Z,2026-09-07T06:00:00+0200,205.3,EUR/MWh,ES,ES,imbalance_price,Short,2026-09-07T08:26:35Z
2026-09-07T08:23:09Z,2026-09-07T10:23:09+0200,bcd3f249-d332-480a-95cf-6311f6ef2f92,2026-09-07T04:15:00Z,2026-09-07T06:15:00+0200,173.21,EUR/MWh,ES,ES,imbalance_price,Long,2026-09-07T08:26:35Z
2026-09-07T08:23:09Z,2026-09-07T10:23:09+0200,bcd3f249-d332-480a-95cf-6311f6ef2f92,2026-09-07T04:15:00Z,2026-09-07T06:15:00+0200,207.54,EUR/MWh,ES,ES,imbalance_price,Short,2026-09-07T08:26:35Z
2026-09-07T08:23:09Z,2026-09-07T10:23:09+0200,bcd3f249-d332-480a-95cf-6311f6ef2f92,2026-09-07T04:30:00Z,2026-09-07T06:30:00+0200,214.0,EUR/MWh,ES,ES,imbalance_price,Long,2026-09-07T08:26:35Z
2026-09-07T08:23:09Z,2026-09-07T10:23:09+0200,bcd3f249-d332-480a-95cf-6311f6ef2f92,2026-09-07T04:30:00Z,2026-09-07T06:30:00+0200,214.0,EUR/MWh,ES,ES,imbalance_price,Short,2026-09-07T08:26:35Z
2026-09-07T08:23:09Z,2026-09-07T10:23:09+0200,bcd3f249-d332-480a-95cf-6311f6ef2f92,2026-09-07T04:45:00Z,2026-09-07T06:45:00+0200,219.32,EUR/MWh,ES,ES,imbalance_price,Long,2026-09-07T08:26:35Z
2026-09-07T08:23:09Z,2026-09-07T10:23:09+0200,bcd3f249-d332-480a-95cf-6311f6ef2f92,2026-09-07T04:45:00Z,2026-09-07T06:45:00+0200,219.32,EUR/MWh,ES,ES,imbalance_price,Short,2026-09-07T08:26:35Z
2026-09-07T08:23:09Z,2026-09-07T10:23:09+0200,bcd3f249-d332-480a-95cf-6311f6ef2f92,2026-09-07T05:00:00Z,2026-09-07T07:00:00+0200,221.76,EUR/MWh,ES,ES,imbalance_price,Long,2026-09-07T08:26:35Z
2026-09-07T08:23:09Z,2026-09-07T10:23:09+0200,bcd3f249-d332-480a-95cf-6311f6ef2f92,2026-09-07T05:00:00Z,2026-09-07T07:00:00+0200,221.76,EUR/MWh,ES,ES,imbalance_price,Short,2026-09-07T08:26:35Z
2026-09-07T08:23:09Z,2026-09-07T10:23:09+0200,bcd3f249-d332-480a-95cf-6311f6ef2f92,2026-09-07T05:15:00Z,2026-09-07T07:15:00+0200,225.01,EUR/MWh,ES,ES,imbalance_price,Long,2026-09-07T08:26:35Z
2026-09-07T08:23:09Z,2026-09-07T10:23:09+0200,bcd3f249-d332-480a-95cf-6311f6ef2f92,2026-09-07T05:15:00Z,2026-09-07T07:15:00+0200,225.01,EUR/MWh,ES,ES,imbalance_price,Short,2026-09-07T08:26:35Z
2026-09-07T08:23:09Z,2026-09-07T10:23:09+0200,bcd3f249-d332-480a-95cf-6311f6ef2f92,2026-09-07T05:30:00Z,2026-09-07T07:30:00+0200,225.01,EUR/MWh,ES,ES,imbalance_price,Long,2026-09-07T08:26:35Z
2026-09-07T08:23:09Z,2026-09-07T10:23:09+0200,bcd3f249-d332-480a-95cf-6311f6ef2f92,2026-09-07T05:30:00Z,2026-09-07T07:30:00+0200,225.01,EUR/MWh,ES,ES,imbalance_price,Short,2026-09-07T08:26:35Z
2026-09-07T08:23:09Z,2026-09-07T10:23:09+0200,bcd3f249-d332-480a-95cf-6311f6ef2f92,2026-09-07T05:45:00Z,2026-09-07T07:45:00+0200,219.95,EUR/MWh,ES,ES,imbalance_price,Long,2026-09-07T08:26:35Z
2026-09-07T08:23:09Z,2026-09-07T10:23:09+0200,bcd3f249-d332-480a-95cf-6311f6ef2f92,2026-09-07T05:45:00Z,2026-09-07T07:45:00+0200,219.95,EUR/MWh,ES,ES,imbalance_price,Short,2026-09-07T08:26:35Z
2026-09-07T08:23:09Z,2026-09-07T10:23:09+0200,bcd3f249-d332-480a-95cf-6311f6ef2f92,2026-09-07T06:00:00Z,2026-09-07T08:00:00+0200,230.04,EUR/MWh,ES,ES,imbalance_price,Long,2026-09-07T08:26:35Z
2026-09-07T08:23:09Z,2026-09-07T10:23:09+0200,bcd3f249-d332-480a-95cf-6311f6ef2f92,2026-09-07T06:00:00Z,2026-09-07T08:00:00+0200,230.04,EUR/MWh,ES,ES,imbalance_price,Short,2026-09-07T08:26:35Z
2026-09-07T08:23:09Z,2026-09-07T10:23:09+0200,bcd3f249-d332-480a-95cf-6311f6ef2f92,2026-09-07T06:15:00Z,2026-09-07T08:15:00+0200,219.95,EUR/MWh,ES,ES,imbalance_price,Long,2026-09-07T08:26:35Z
2026-09-07T08:23:09Z,2026-09-07T10:23:09+0200,bcd3f249-d332-480a-95cf-6311f6ef2f92,2026-09-07T06:15:00Z,2026-09-07T08:15:00+0200,219.95,EUR/MWh,ES,ES,imbalance_price,Short,2026-09-07T08:26:35Z
2026-09-07T08:23:09Z,2026-09-07T10:23:09+0200,bcd3f249-d332-480a-95cf-6311f6ef2f92,2026-09-07T06:30:00Z,2026-09-07T08:30:00+0200,206.24,EUR/MWh,ES,ES,imbalance_price,Long,2026-09-07T08:26:35Z
2026-09-07T08:23:09Z,2026-09-07T10:23:09+0200,bcd3f249-d332-480a-95cf-6311f6ef2f92,2026-09-07T06:30:00Z,2026-09-07T08:30:00+0200,206.24,EUR/MWh,ES,ES,imbalance_price,Short,2026-09-07T08:26:35Z
2026-09-07T08:23:09Z,2026-09-07T10:23:09+0200,bcd3f249-d332-480a-95cf-6311f6ef2f92,2026-09-07T06:45:00Z,2026-09-07T08:45:00+0200,193.0,EUR/MWh,ES,ES,imbalance_price,Long,2026-09-07T08:26:35Z
2026-09-07T08:23:09Z,2026-09-07T10:23:09+0200,bcd3f249-d332-480a-95cf-6311f6ef2f92,2026-09-07T06:45:00Z,2026-09-07T08:45:00+0200,193.0,EUR/MWh,ES,ES,imbalance_price,Short,2026-09-07T08:26:35Z
2026-09-07T08:23:09Z,2026-09-07T10:23:09+0200,bcd3f249-d332-480a-95cf-6311f6ef2f92,2026-09-07T07:00:00Z,2026-09-07T09:00:00+0200,210.0,EUR/MWh,ES,ES,imbalance_price,Long,2026-09-07T08:26:35Z
2026-09-07T08:23:09Z,2026-09-07T10:23:09+0200,bcd3f249-d332-480a-95cf-6311f6ef2f92,2026-09-07T07:00:00Z,2026-09-07T09:00:00+0200,210.0,EUR/MWh,ES,ES,imbalance_price,Short,2026-09-07T08:26:35Z
2026-09-07T08:23:09Z,2026-09-07T10:23:09+0200,bcd3f249-d332-480a-95cf-6311f6ef2f92,2026-09-07T07:15:00Z,2026-09-07T09:15:00+0200,204.5,EUR/MWh,ES,ES,imbalance_price,Long,2026-09-07T08:26:35Z
2026-09-07T08:23:09Z,2026-09-07T10:23:09+0200,bcd3f249-d332-480a-95cf-6311f6ef2f92,2026-09-07T07:15:00Z,2026-09-07T09:15:00+0200,204.5,EUR/MWh,ES,ES,imbalance_price,Short,2026-09-07T08:26:35Z
2026-09-07T08:23:09Z,2026-09-07T10:23:09+0200,bcd3f249-d332-480a-95cf-6311f6ef2f92,2026-09-07T07:30:00Z,2026-09-07T09:30:00+0200,178.0,EUR/MWh,ES,ES,imbalance_price,Long,2026-09-07T08:26:35Z
2026-09-07T08:23:09Z,2026-09-07T10:23:09+0200,bcd3f249-d332-480a-95cf-6311f6ef2f92,2026-09-07T07:30:00Z,2026-09-07T09:30:00+0200,178.0,EUR/MWh,ES,ES,imbalance_price,Short,2026-09-07T08:26:35Z
2026-09-07T08:23:09Z,2026-09-07T10:23:09+0200,bcd3f249-d332-480a-95cf-6311f6ef2f92,2026-09-07T07:45:00Z,2026-09-07T09:45:00+0200,0.0,EUR/MWh,ES,ES,imbalance_price,Long,2026-09-07T08:26:35Z
2026-09-07T08:23:09Z,2026-09-07T10:23:09+0200,bcd3f249-d332-480a-95cf-6311f6ef2f92,2026-09-07T07:45:00Z,2026-09-07T09:45:00+0200,150.7,EUR/MWh,ES,ES,imbalance_price,Short,2026-09-07T08:26:35Z
