collection_time_utc,collection_time_local,run_id,timestamp_utc,timestamp_local,value,unit,country,entsoe_area,variable,source,updated_at_utc
2026-09-23T04:38:29Z,2026-09-23T06:38:29+0200,abb44c57-e6c5-48d3-b3dd-8f290af1258d,2026-09-16T05:00:00Z,2026-09-16T07:00:00+0200,64.82,EUR/MWh,ES,ES,imbalance_price,Long,2026-09-23T04:42:03Z
2026-09-23T04:38:29Z,2026-09-23T06:38:29+0200,abb44c57-e6c5-48d3-b3dd-8f290af1258d,2026-09-16T05:00:00Z,2026-09-16T07:00:00+0200,177.1,EUR/MWh,ES,ES,imbalance_price,Short,2026-09-23T04:42:03Z
2026-09-23T04:38:29Z,2026-09-23T06:38:29+0200,abb44c57-e6c5-48d3-b3dd-8f290af1258d,2026-09-16T05:15:00Z,2026-09-16T07:15:00+0200,155.01,EUR/MWh,ES,ES,imbalance_price,Long,2026-09-23T04:42:03Z
2026-09-23T04:38:29Z,2026-09-23T06:38:29+0200,abb44c57-e6c5-48d3-b3dd-8f290af1258d,2026-09-16T05:15:00Z,2026-09-16T07:15:00+0200,176.13,EUR/MWh,ES,ES,imbalance_price,Short,2026-09-23T04:42:03Z
2026-09-23T04:38:29Z,2026-09-23T06:38:29+0200,abb44c57-e6c5-48d3-b3dd-8f290af1258d,2026-09-16T05:30:00Z,2026-09-16T07:30:00+0200,157.26,EUR/MWh,ES,ES,imbalance_price,Long,2026-09-23T04:42:03Z
2026-09-23T04:38:29Z,2026-09-23T06:38:29+0200,abb44c57-e6c5-48d3-b3dd-8f290af1258d,2026-09-16T05:30:00Z,2026-09-16T07:30:00+0200,186.7,EUR/MWh,ES,ES,imbalance_price,Short,2026-09-23T04:42:03Z
2026-09-23T04:38:29Z,2026-09-23T06:38:29+0200,abb44c57-e6c5-48d3-b3dd-8f290af1258d,2026-09-16T05:45:00Z,2026-09-16T07:45:00+0200,142.5,EUR/MWh,ES,ES,imbalance_price,Long,2026-09-23T04:42:03Z
2026-09-23T04:38:29Z,2026-09-23T06:38:29+0200,abb44c57-e6c5-48d3-b3dd-8f290af1258d,2026-09-16T05:45:00Z,2026-09-16T07:45:00+0200,181.11,EUR/MWh,ES,ES,imbalance_price,Short,2026-09-23T04:42:03Z
2026-09-23T04:38:29Z,2026-09-23T06:38:29+0200,abb44c57-e6c5-48d3-b3dd-8f290af1258d,2026-09-16T06:00:00Z,2026-09-16T08:00:00+0200,110.51,EUR/MWh,ES,ES,imbalance_price,Long,2026-09-23T04:42:03Z
2026-09-23T04:38:29Z,2026-09-23T06:38:29+0200,abb44c57-e6c5-48d3-b3dd-8f290af1258d,2026-09-16T06:00:00Z,2026-09-16T08:00:00+0200,194.57,EUR/MWh,ES,ES,imbalance_price,Short,2026-09-23T04:42:03Z
2026-09-23T04:38:29Z,2026-09-23T06:38:29+0200,abb44c57-e6c5-48d3-b3dd-8f290af1258d,2026-09-16T06:15:00Z,2026-09-16T08:15:00+0200,194.99,EUR/MWh,ES,ES,imbalance_price,Long,2026-09-23T04:42:03Z
2026-09-23T04:38:29Z,2026-09-23T06:38:29+0200,abb44c57-e6c5-48d3-b3dd-8f290af1258d,2026-09-16T06:15:00Z,2026-09-16T08:15:00+0200,194.99,EUR/MWh,ES,ES,imbalance_price,Short,2026-09-23T04:42:03Z
2026-09-23T04:38:29Z,2026-09-23T06:38:29+0200,abb44c57-e6c5-48d3-b3dd-8f290af1258d,2026-09-16T06:30:00Z,2026-09-16T08:30:00+0200,67.05,EUR/MWh,ES,ES,imbalance_price,Long,2026-09-23T04:42:03Z
2026-09-23T04:38:29Z,2026-09-23T06:38:29+0200,abb44c57-e6c5-48d3-b3dd-8f290af1258d,2026-09-16T06:30:00Z,2026-09-16T08:30:00+0200,190.11,EUR/MWh,ES,ES,imbalance_price,Short,2026-09-23T04:42:03Z
2026-09-23T04:38:29Z,2026-09-23T06:38:29+0200,abb44c57-e6c5-48d3-b3dd-8f290af1258d,2026-09-16T06:45:00Z,2026-09-16T08:45:00+0200,11.68,EUR/MWh,ES,ES,imbalance_price,Long,2026-09-23T04:42:03Z
2026-09-23T04:38:29Z,2026-09-23T06:38:29+0200,abb44c57-e6c5-48d3-b3dd-8f290af1258d,2026-09-16T06:45:00Z,2026-09-16T08:45:00+0200,187.33,EUR/MWh,ES,ES,imbalance_price,Short,2026-09-23T04:42:03Z
2026-09-23T04:38:29Z,2026-09-23T06:38:29+0200,abb44c57-e6c5-48d3-b3dd-8f290af1258d,2026-09-16T07:00:00Z,2026-09-16T09:00:00+0200,11.05,EUR/MWh,ES,ES,imbalance_price,Long,2026-09-23T04:42:03Z
2026-09-23T04:38:29Z,2026-09-23T06:38:29+0200,abb44c57-e6c5-48d3-b3dd-8f290af1258d,2026-09-16T07:00:00Z,2026-09-16T09:00:00+0200,210.58,EUR/MWh,ES,ES,imbalance_price,Short,2026-09-23T04:42:03Z
2026-09-23T04:38:29Z,2026-09-23T06:38:29+0200,abb44c57-e6c5-48d3-b3dd-8f290af1258d,2026-09-16T07:15:00Z,2026-09-16T09:15:00+0200,191.02,EUR/MWh,ES,ES,imbalance_price,Long,2026-09-23T04:42:03Z
2026-09-23T04:38:29Z,2026-09-23T06:38:29+0200,abb44c57-e6c5-48d3-b3dd-8f290af1258d,2026-09-16T07:15:00Z,2026-09-16T09:15:00+0200,191.02,EUR/MWh,ES,ES,imbalance_price,Short,2026-09-23T04:42:03Z
2026-09-23T04:38:29Z,2026-09-23T06:38:29+0200,abb44c57-e6c5-48d3-b3dd-8f290af1258d,2026-09-16T07:30:00Z,2026-09-16T09:30:00+0200,181.45,EUR/MWh,ES,ES,imbalance_price,Long,2026-09-23T04:42:03Z
2026-09-23T04:38:29Z,2026-09-23T06:38:29+0200,abb44c57-e6c5-48d3-b3dd-8f290af1258d,2026-09-16T07:30:00Z,2026-09-16T09:30:00+0200,181.45,EUR/MWh,ES,ES,imbalance_price,Short,2026-09-23T04:42:03Z
2026-09-23T04:38:29Z,2026-09-23T06:38:29+0200,abb44c57-e6c5-48d3-b3dd-8f290af1258d,2026-09-16T07:45:00Z,2026-09-16T09:45:00+0200,141.37,EUR/MWh,ES,ES,imbalance_price,Long,2026-09-23T04:42:03Z
2026-09-23T04:38:29Z,2026-09-23T06:38:29+0200,abb44c57-e6c5-48d3-b3dd-8f290af1258d,2026-09-16T07:45:00Z,2026-09-16T09:45:00+0200,141.37,EUR/MWh,ES,ES,imbalance_price,Short,2026-09-23T04:42:03Z
2026-09-23T04:38:29Z,2026-09-23T06:38:29+0200,abb44c57-e6c5-48d3-b3dd-8f290af1258d,2026-09-16T08:00:00Z,2026-09-16T10:00:00+0200,-3.7,EUR/MWh,ES,ES,imbalance_price,Long,2026-09-23T04:42:03Z
2026-09-23T04:38:29Z,2026-09-23T06:38:29+0200,abb44c57-e6c5-48d3-b3dd-8f290af1258d,2026-09-16T08:00:00Z,2026-09-16T10:00:00+0200,185.83,EUR/MWh,ES,ES,imbalance_price,Short,2026-09-23T04:42:03Z
2026-09-23T04:38:29Z,2026-09-23T06:38:29+0200,abb44c57-e6c5-48d3-b3dd-8f290af1258d,2026-09-16T08:15:00Z,2026-09-16T10:15:00+0200,-4.27,EUR/MWh,ES,ES,imbalance_price,Long,2026-09-23T04:42:03Z
2026-09-23T04:38:29Z,2026-09-23T06:38:29+0200,abb44c57-e6c5-48d3-b3dd-8f290af1258d,2026-09-16T08:15:00Z,2026-09-16T10:15:00+0200,180.17,EUR/MWh,ES,ES,imbalance_price,Short,2026-09-23T04:42:03Z
2026-09-23T04:38:29Z,2026-09-23T06:38:29+0200,abb44c57-e6c5-48d3-b3dd-8f290af1258d,2026-09-16T08:30:00Z,2026-09-16T10:30:00+0200,-5.7,EUR/MWh,ES,ES,imbalance_price,Long,2026-09-23T04:42:03Z
2026-09-23T04:38:29Z,2026-09-23T06:38:29+0200,abb44c57-e6c5-48d3-b3dd-8f290af1258d,2026-09-16T08:30:00Z,2026-09-16T10:30:00+0200,170.0,EUR/MWh,ES,ES,imbalance_price,Short,2026-09-23T04:42:03Z
2026-09-23T04:38:29Z,2026-09-23T06:38:29+0200,abb44c57-e6c5-48d3-b3dd-8f290af1258d,2026-09-16T08:45:00Z,2026-09-16T10:45:00+0200,-13.99,EUR/MWh,ES,ES,imbalance_price,Long,2026-09-23T04:42:03Z
2026-09-23T04:38:29Z,2026-09-23T06:38:29+0200,abb44c57-e6c5-48d3-b3dd-8f290af1258d,2026-09-16T08:45:00Z,2026-09-16T10:45:00+0200,4.38,EUR/MWh,ES,ES,imbalance_price,Short,2026-09-23T04:42:03Z
2026-09-23T04:38:29Z,2026-09-23T06:38:29+0200,abb44c57-e6c5-48d3-b3dd-8f290af1258d,2026-09-16T09:00:00Z,2026-09-16T11:00:00+0200,-2.13,EUR/MWh,ES,ES,imbalance_price,Long,2026-09-23T04:42:03Z
2026-09-23T04:38:29Z,2026-09-23T06:38:29+0200,abb44c57-e6c5-48d3-b3dd-8f290af1258d,2026-09-16T09:00:00Z,2026-09-16T11:00:00+0200,-2.13,EUR/MWh,ES,ES,imbalance_price,Short,2026-09-23T04:42:03Z
2026-09-23T04:38:29Z,2026-09-23T06:38:29+0200,abb44c57-e6c5-48d3-b3dd-8f290af1258d,2026-09-16T09:15:00Z,2026-09-16T11:15:00+0200,-0.35,EUR/MWh,ES,ES,imbalance_price,Long,2026-09-23T04:42:03Z
2026-09-23T04:38:29Z,2026-09-23T06:38:29+0200,abb44c57-e6c5-48d3-b3dd-8f290af1258d,2026-09-16T09:15:00Z,2026-09-16T11:15:00+0200,25.69,EUR/MWh,ES,ES,imbalance_price,Short,2026-09-23T04:42:03Z
2026-09-23T04:38:29Z,2026-09-23T06:38:29+0200,abb44c57-e6c5-48d3-b3dd-8f290af1258d,2026-09-16T09:30:00Z,2026-09-16T11:30:00+0200,0.0,EUR/MWh,ES,ES,imbalance_price,Long,2026-09-23T04:42:03Z
2026-09-23T04:38:29Z,2026-09-23T06:38:29+0200,abb44c57-e6c5-48d3-b3dd-8f290af1258d,2026-09-16T09:30:00Z,2026-09-16T11:30:00+0200,34.64,EUR/MWh,ES,ES,imbalance_price,Short,2026-09-23T04:42:03Z
2026-09-23T04:38:29Z,2026-09-23T06:38:29+0200,abb44c57-e6c5-48d3-b3dd-8f290af1258d,2026-09-16T09:45:00Z,2026-09-16T11:45:00+0200,-0.02,EUR/MWh,ES,ES,imbalance_price,Long,2026-09-23T04:42:03Z
2026-09-23T04:38:29Z,2026-09-23T06:38:29+0200,abb44c57-e6c5-48d3-b3dd-8f290af1258d,2026-09-16T09:45:00Z,2026-09-16T11:45:00+0200,8.22,EUR/MWh,ES,ES,imbalance_price,Short,2026-09-23T04:42:03Z
2026-09-23T04:38:29Z,2026-09-23T06:38:29+0200,abb44c57-e6c5-48d3-b3dd-8f290af1258d,2026-09-16T10:00:00Z,2026-09-16T12:00:00+0200,-0.02,EUR/MWh,ES,ES,imbalance_price,Long,2026-09-23T04:42:03Z
2026-09-23T04:38:29Z,2026-09-23T06:38:29+0200,abb44c57-e6c5-48d3-b3dd-8f290af1258d,2026-09-16T10:00:00Z,2026-09-16T12:00:00+0200,13.63,EUR/MWh,ES,ES,imbalance_price,Short,2026-09-23T04:42:03Z
2026-09-23T04:38:29Z,2026-09-23T06:38:29+0200,abb44c57-e6c5-48d3-b3dd-8f290af1258d,2026-09-16T10:15:00Z,2026-09-16T12:15:00+0200,-0.07,EUR/MWh,ES,ES,imbalance_price,Long,2026-09-23T04:42:03Z
2026-09-23T04:38:29Z,2026-09-23T06:38:29+0200,abb44c57-e6c5-48d3-b3dd-8f290af1258d,2026-09-16T10:15:00Z,2026-09-16T12:15:00+0200,-0.07,EUR/MWh,ES,ES,imbalance_price,Short,2026-09-23T04:42:03Z
2026-09-23T04:38:29Z,2026-09-23T06:38:29+0200,abb44c57-e6c5-48d3-b3dd-8f290af1258d,2026-09-16T10:30:00Z,2026-09-16T12:30:00+0200,-0.03,EUR/MWh,ES,ES,imbalance_price,Long,2026-09-23T04:42:03Z
2026-09-23T04:38:29Z,2026-09-23T06:38:29+0200,abb44c57-e6c5-48d3-b3dd-8f290af1258d,2026-09-16T10:30:00Z,2026-09-16T12:30:00+0200,-0.03,EUR/MWh,ES,ES,imbalance_price,Short,2026-09-23T04:42:03Z
2026-09-23T04:38:29Z,2026-09-23T06:38:29+0200,abb44c57-e6c5-48d3-b3dd-8f290af1258d,2026-09-16T10:45:00Z,2026-09-16T12:45:00+0200,-0.02,EUR/MWh,ES,ES,imbalance_price,Long,2026-09-23T04:42:03Z
2026-09-23T04:38:29Z,2026-09-23T06:38:29+0200,abb44c57-e6c5-48d3-b3dd-8f290af1258d,2026-09-16T10:45:00Z,2026-09-16T12:45:00+0200,29.1,EUR/MWh,ES,ES,imbalance_price,Short,2026-09-23T04:42:03Z
2026-09-23T04:38:29Z,2026-09-23T06:38:29+0200,abb44c57-e6c5-48d3-b3dd-8f290af1258d,2026-09-16T11:00:00Z,2026-09-16T13:00:00+0200,-0.53,EUR/MWh,ES,ES,imbalance_price,Long,2026-09-23T04:42:03Z
2026-09-23T04:38:29Z,2026-09-23T06:38:29+0200,abb44c57-e6c5-48d3-b3dd-8f290af1258d,2026-09-16T11:00:00Z,2026-09-16T13:00:00+0200,-0.53,EUR/MWh,ES,ES,imbalance_price,Short,2026-09-23T04:42:03Z
2026-09-23T04:38:29Z,2026-09-23T06:38:29+0200,abb44c57-e6c5-48d3-b3dd-8f290af1258d,2026-09-16T11:15:00Z,2026-09-16T13:15:00+0200,-0.04,EUR/MWh,ES,ES,imbalance_price,Long,2026-09-23T04:42:03Z
2026-09-23T04:38:29Z,2026-09-23T06:38:29+0200,abb44c57-e6c5-48d3-b3dd-8f290af1258d,2026-09-16T11:15:00Z,2026-09-16T13:15:00+0200,0.0,EUR/MWh,ES,ES,imbalance_price,Short,2026-09-23T04:42:03Z
2026-09-23T04:38:29Z,2026-09-23T06:38:29+0200,abb44c57-e6c5-48d3-b3dd-8f290af1258d,2026-09-16T11:30:00Z,2026-09-16T13:30:00+0200,-0.65,EUR/MWh,ES,ES,imbalance_price,Long,2026-09-23T04:42:03Z
2026-09-23T04:38:29Z,2026-09-23T06:38:29+0200,abb44c57-e6c5-48d3-b3dd-8f290af1258d,2026-09-16T11:30:00Z,2026-09-16T13:30:00+0200,-0.36,EUR/MWh,ES,ES,imbalance_price,Short,2026-09-23T04:42:03Z
2026-09-23T04:38:29Z,2026-09-23T06:38:29+0200,abb44c57-e6c5-48d3-b3dd-8f290af1258d,2026-09-16T11:45:00Z,2026-09-16T13:45:00+0200,-0.52,EUR/MWh,ES,ES,imbalance_price,Long,2026-09-23T04:42:03Z
2026-09-23T04:38:29Z,2026-09-23T06:38:29+0200,abb44c57-e6c5-48d3-b3dd-8f290af1258d,2026-09-16T11:45:00Z,2026-09-16T13:45:00+0200,-0.52,EUR/MWh,ES,ES,imbalance_price,Short,2026-09-23T04:42:03Z
2026-09-23T04:38:29Z,2026-09-23T06:38:29+0200,abb44c57-e6c5-48d3-b3dd-8f290af1258d,2026-09-16T12:00:00Z,2026-09-16T14:00:00+0200,-0.07,EUR/MWh,ES,ES,imbalance_price,Long,2026-09-23T04:42:03Z
2026-09-23T04:38:29Z,2026-09-23T06:38:29+0200,abb44c57-e6c5-48d3-b3dd-8f290af1258d,2026-09-16T12:00:00Z,2026-09-16T14:00:00+0200,103.95,EUR/MWh,ES,ES,imbalance_price,Short,2026-09-23T04:42:03Z
2026-09-23T04:38:29Z,2026-09-23T06:38:29+0200,abb44c57-e6c5-48d3-b3dd-8f290af1258d,2026-09-16T12:15:00Z,2026-09-16T14:15:00+0200,0.0,EUR/MWh,ES,ES,imbalance_price,Long,2026-09-23T04:42:03Z
2026-09-23T04:38:29Z,2026-09-23T06:38:29+0200,abb44c57-e6c5-48d3-b3dd-8f290af1258d,2026-09-16T12:15:00Z,2026-09-16T14:15:00+0200,21.7,EUR/MWh,ES,ES,imbalance_price,Short,2026-09-23T04:42:03Z
2026-09-23T04:38:29Z,2026-09-23T06:38:29+0200,abb44c57-e6c5-48d3-b3dd-8f290af1258d,2026-09-16T12:30:00Z,2026-09-16T14:30:00+0200,-0.04,EUR/MWh,ES,ES,imbalance_price,Long,2026-09-23T04:42:03Z
2026-09-23T04:38:29Z,2026-09-23T06:38:29+0200,abb44c57-e6c5-48d3-b3dd-8f290af1258d,2026-09-16T12:30:00Z,2026-09-16T14:30:00+0200,9.51,EUR/MWh,ES,ES,imbalance_price,Short,2026-09-23T04:42:03Z
2026-09-23T04:38:29Z,2026-09-23T06:38:29+0200,abb44c57-e6c5-48d3-b3dd-8f290af1258d,2026-09-16T12:45:00Z,2026-09-16T14:45:00+0200,-0.49,EUR/MWh,ES,ES,imbalance_price,Long,2026-09-23T04:42:03Z
2026-09-23T04:38:29Z,2026-09-23T06:38:29+0200,abb44c57-e6c5-48d3-b3dd-8f290af1258d,2026-09-16T12:45:00Z,2026-09-16T14:45:00+0200,-0.49,EUR/MWh,ES,ES,imbalance_price,Short,2026-09-23T04:42:03Z
2026-09-23T04:38:29Z,2026-09-23T06:38:29+0200,abb44c57-e6c5-48d3-b3dd-8f290af1258d,2026-09-16T13:00:00Z,2026-09-16T15:00:00+0200,-0.14,EUR/MWh,ES,ES,imbalance_price,Long,2026-09-23T04:42:03Z
2026-09-23T04:38:29Z,2026-09-23T06:38:29+0200,abb44c57-e6c5-48d3-b3dd-8f290af1258d,2026-09-16T13:00:00Z,2026-09-16T15:00:00+0200,-0.41,EUR/MWh,ES,ES,imbalance_price,Short,2026-09-23T04:42:03Z
2026-09-23T04:38:29Z,2026-09-23T06:38:29+0200,abb44c57-e6c5-48d3-b3dd-8f290af1258d,2026-09-16T13:15:00Z,2026-09-16T15:15:00+0200,-1.59,EUR/MWh,ES,ES,imbalance_price,Long,2026-09-23T04:42:03Z
2026-09-23T04:38:29Z,2026-09-23T06:38:29+0200,abb44c57-e6c5-48d3-b3dd-8f290af1258d,2026-09-16T13:15:00Z,2026-09-16T15:15:00+0200,54.7,EUR/MWh,ES,ES,imbalance_price,Short,2026-09-23T04:42:03Z
2026-09-23T04:38:29Z,2026-09-23T06:38:29+0200,abb44c57-e6c5-48d3-b3dd-8f290af1258d,2026-09-16T13:30:00Z,2026-09-16T15:30:00+0200,-0.63,EUR/MWh,ES,ES,imbalance_price,Long,2026-09-23T04:42:03Z
2026-09-23T04:38:29Z,2026-09-23T06:38:29+0200,abb44c57-e6c5-48d3-b3dd-8f290af1258d,2026-09-16T13:30:00Z,2026-09-16T15:30:00+0200,0.0,EUR/MWh,ES,ES,imbalance_price,Short,2026-09-23T04:42:03Z
2026-09-23T04:38:29Z,2026-09-23T06:38:29+0200,abb44c57-e6c5-48d3-b3dd-8f290af1258d,2026-09-16T13:45:00Z,2026-09-16T15:45:00+0200,-15.06,EUR/MWh,ES,ES,imbalance_price,Long,2026-09-23T04:42:03Z
2026-09-23T04:38:29Z,2026-09-23T06:38:29+0200,abb44c57-e6c5-48d3-b3dd-8f290af1258d,2026-09-16T13:45:00Z,2026-09-16T15:45:00+0200,0.01,EUR/MWh,ES,ES,imbalance_price,Short,2026-09-23T04:42:03Z
2026-09-23T04:38:29Z,2026-09-23T06:38:29+0200,abb44c57-e6c5-48d3-b3dd-8f290af1258d,2026-09-16T14:00:00Z,2026-09-16T16:00:00+0200,-61.39,EUR/MWh,ES,ES,imbalance_price,Long,2026-09-23T04:42:03Z
2026-09-23T04:38:29Z,2026-09-23T06:38:29+0200,abb44c57-e6c5-48d3-b3dd-8f290af1258d,2026-09-16T14:00:00Z,2026-09-16T16:00:00+0200,5.0,EUR/MWh,ES,ES,imbalance_price,Short,2026-09-23T04:42:03Z
2026-09-23T04:38:29Z,2026-09-23T06:38:29+0200,abb44c57-e6c5-48d3-b3dd-8f290af1258d,2026-09-16T14:15:00Z,2026-09-16T16:15:00+0200,-8.37,EUR/MWh,ES,ES,imbalance_price,Long,2026-09-23T04:42:03Z
2026-09-23T04:38:29Z,2026-09-23T06:38:29+0200,abb44c57-e6c5-48d3-b3dd-8f290af1258d,2026-09-16T14:15:00Z,2026-09-16T16:15:00+0200,24.8,EUR/MWh,ES,ES,imbalance_price,Short,2026-09-23T04:42:03Z
2026-09-23T04:38:29Z,2026-09-23T06:38:29+0200,abb44c57-e6c5-48d3-b3dd-8f290af1258d,2026-09-16T14:30:00Z,2026-09-16T16:30:00+0200,-0.29,EUR/MWh,ES,ES,imbalance_price,Long,2026-09-23T04:42:03Z
2026-09-23T04:38:29Z,2026-09-23T06:38:29+0200,abb44c57-e6c5-48d3-b3dd-8f290af1258d,2026-09-16T14:30:00Z,2026-09-16T16:30:00+0200,258.76,EUR/MWh,ES,ES,imbalance_price,Short,2026-09-23T04:42:03Z
2026-09-23T04:38:29Z,2026-09-23T06:38:29+0200,abb44c57-e6c5-48d3-b3dd-8f290af1258d,2026-09-16T14:45:00Z,2026-09-16T16:45:00+0200,-6.95,EUR/MWh,ES,ES,imbalance_price,Long,2026-09-23T04:42:03Z
2026-09-23T04:38:29Z,2026-09-23T06:38:29+0200,abb44c57-e6c5-48d3-b3dd-8f290af1258d,2026-09-16T14:45:00Z,2026-09-16T16:45:00+0200,9.63,EUR/MWh,ES,ES,imbalance_price,Short,2026-09-23T04:42:03Z
2026-09-23T04:38:29Z,2026-09-23T06:38:29+0200,abb44c57-e6c5-48d3-b3dd-8f290af1258d,2026-09-16T15:00:00Z,2026-09-16T17:00:00+0200,-4.2,EUR/MWh,ES,ES,imbalance_price,Long,2026-09-23T04:42:03Z
2026-09-23T04:38:29Z,2026-09-23T06:38:29+0200,abb44c57-e6c5-48d3-b3dd-8f290af1258d,2026-09-16T15:00:00Z,2026-09-16T17:00:00+0200,41.47,EUR/MWh,ES,ES,imbalance_price,Short,2026-09-23T04:42:03Z
2026-09-23T04:38:29Z,2026-09-23T06:38:29+0200,abb44c57-e6c5-48d3-b3dd-8f290af1258d,2026-09-16T15:15:00Z,2026-09-16T17:15:00+0200,-0.36,EUR/MWh,ES,ES,imbalance_price,Long,2026-09-23T04:42:03Z
2026-09-23T04:38:29Z,2026-09-23T06:38:29+0200,abb44c57-e6c5-48d3-b3dd-8f290af1258d,2026-09-16T15:15:00Z,2026-09-16T17:15:00+0200,135.94,EUR/MWh,ES,ES,imbalance_price,Short,2026-09-23T04:42:03Z
2026-09-23T04:38:29Z,2026-09-23T06:38:29+0200,abb44c57-e6c5-48d3-b3dd-8f290af1258d,2026-09-16T15:30:00Z,2026-09-16T17:30:00+0200,-1.08,EUR/MWh,ES,ES,imbalance_price,Long,2026-09-23T04:42:03Z
2026-09-23T04:38:29Z,2026-09-23T06:38:29+0200,abb44c57-e6c5-48d3-b3dd-8f290af1258d,2026-09-16T15:30:00Z,2026-09-16T17:30:00+0200,172.91,EUR/MWh,ES,ES,imbalance_price,Short,2026-09-23T04:42:03Z
2026-09-23T04:38:29Z,2026-09-23T06:38:29+0200,abb44c57-e6c5-48d3-b3dd-8f290af1258d,2026-09-16T15:45:00Z,2026-09-16T17:45:00+0200,0.0,EUR/MWh,ES,ES,imbalance_price,Long,2026-09-23T04:42:03Z
2026-09-23T04:38:29Z,2026-09-23T06:38:29+0200,abb44c57-e6c5-48d3-b3dd-8f290af1258d,2026-09-16T15:45:00Z,2026-09-16T17:45:00+0200,154.44,EUR/MWh,ES,ES,imbalance_price,Short,2026-09-23T04:42:03Z
2026-09-23T04:38:29Z,2026-09-23T06:38:29+0200,abb44c57-e6c5-48d3-b3dd-8f290af1258d,2026-09-16T16:00:00Z,2026-09-16T18:00:00+0200,-5.75,EUR/MWh,ES,ES,imbalance_price,Long,2026-09-23T04:42:03Z
2026-09-23T04:38:29Z,2026-09-23T06:38:29+0200,abb44c57-e6c5-48d3-b3dd-8f290af1258d,2026-09-16T16:00:00Z,2026-09-16T18:00:00+0200,125.52,EUR/MWh,ES,ES,imbalance_price,Short,2026-09-23T04:42:03Z
2026-09-23T04:38:29Z,2026-09-23T06:38:29+0200,abb44c57-e6c5-48d3-b3dd-8f290af1258d,2026-09-16T16:15:00Z,2026-09-16T18:15:00+0200,-3.67,EUR/MWh,ES,ES,imbalance_price,Long,2026-09-23T04:42:03Z
2026-09-23T04:38:29Z,2026-09-23T06:38:29+0200,abb44c57-e6c5-48d3-b3dd-8f290af1258d,2026-09-16T16:15:00Z,2026-09-16T18:15:00+0200,190.71,EUR/MWh,ES,ES,imbalance_price,Short,2026-09-23T04:42:03Z
2026-09-23T04:38:29Z,2026-09-23T06:38:29+0200,abb44c57-e6c5-48d3-b3dd-8f290af1258d,2026-09-16T16:30:00Z,2026-09-16T18:30:00+0200,-8.59,EUR/MWh,ES,ES,imbalance_price,Long,2026-09-23T04:42:03Z
2026-09-23T04:38:29Z,2026-09-23T06:38:29+0200,abb44c57-e6c5-48d3-b3dd-8f290af1258d,2026-09-16T16:30:00Z,2026-09-16T18:30:00+0200,194.13,EUR/MWh,ES,ES,imbalance_price,Short,2026-09-23T04:42:03Z
2026-09-23T04:38:29Z,2026-09-23T06:38:29+0200,abb44c57-e6c5-48d3-b3dd-8f290af1258d,2026-09-16T16:45:00Z,2026-09-16T18:45:00+0200,-3.83,EUR/MWh,ES,ES,imbalance_price,Long,2026-09-23T04:42:03Z
2026-09-23T04:38:29Z,2026-09-23T06:38:29+0200,abb44c57-e6c5-48d3-b3dd-8f290af1258d,2026-09-16T16:45:00Z,2026-09-16T18:45:00+0200,185.79,EUR/MWh,ES,ES,imbalance_price,Short,2026-09-23T04:42:03Z
2026-09-23T04:38:29Z,2026-09-23T06:38:29+0200,abb44c57-e6c5-48d3-b3dd-8f290af1258d,2026-09-16T17:00:00Z,2026-09-16T19:00:00+0200,37.83,EUR/MWh,ES,ES,imbalance_price,Long,2026-09-23T04:42:03Z
2026-09-23T04:38:29Z,2026-09-23T06:38:29+0200,abb44c57-e6c5-48d3-b3dd-8f290af1258d,2026-09-16T17:00:00Z,2026-09-16T19:00:00+0200,121.58,EUR/MWh,ES,ES,imbalance_price,Short,2026-09-23T04:42:03Z
2026-09-23T04:38:29Z,2026-09-23T06:38:29+0200,abb44c57-e6c5-48d3-b3dd-8f290af1258d,2026-09-16T17:15:00Z,2026-09-16T19:15:00+0200,0.0,EUR/MWh,ES,ES,imbalance_price,Long,2026-09-23T04:42:03Z
2026-09-23T04:38:29Z,2026-09-23T06:38:29+0200,abb44c57-e6c5-48d3-b3dd-8f290af1258d,2026-09-16T17:15:00Z,2026-09-16T19:15:00+0200,196.18,EUR/MWh,ES,ES,imbalance_price,Short,2026-09-23T04:42:03Z
2026-09-23T04:38:29Z,2026-09-23T06:38:29+0200,abb44c57-e6c5-48d3-b3dd-8f290af1258d,2026-09-16T17:30:00Z,2026-09-16T19:30:00+0200,0.0,EUR/MWh,ES,ES,imbalance_price,Long,2026-09-23T04:42:03Z
2026-09-23T04:38:29Z,2026-09-23T06:38:29+0200,abb44c57-e6c5-48d3-b3dd-8f290af1258d,2026-09-16T17:30:00Z,2026-09-16T19:30:00+0200,224.68,EUR/MWh,ES,ES,imbalance_price,Short,2026-09-23T04:42:03Z
2026-09-23T04:38:29Z,2026-09-23T06:38:29+0200,abb44c57-e6c5-48d3-b3dd-8f290af1258d,2026-09-16T17:45:00Z,2026-09-16T19:45:00+0200,0.0,EUR/MWh,ES,ES,imbalance_price,Long,2026-09-23T04:42:03Z
2026-09-23T04:38:29Z,2026-09-23T06:38:29+0200,abb44c57-e6c5-48d3-b3dd-8f290af1258d,2026-09-16T17:45:00Z,2026-09-16T19:45:00+0200,198.91,EUR/MWh,ES,ES,imbalance_price,Short,2026-09-23T04:42:03Z
2026-09-23T04:38:29Z,2026-09-23T06:38:29+0200,abb44c57-e6c5-48d3-b3dd-8f290af1258d,2026-09-16T18:00:00Z,2026-09-16T20:00:00+0200,0.0,EUR/MWh,ES,ES,imbalance_price,Long,2026-09-23T04:42:03Z
2026-09-23T04:38:29Z,2026-09-23T06:38:29+0200,abb44c57-e6c5-48d3-b3dd-8f290af1258d,2026-09-16T18:00:00Z,2026-09-16T20:00:00+0200,194.67,EUR/MWh,ES,ES,imbalance_price,Short,2026-09-23T04:42:03Z
2026-09-23T04:38:29Z,2026-09-23T06:38:29+0200,abb44c57-e6c5-48d3-b3dd-8f290af1258d,2026-09-16T18:15:00Z,2026-09-16T20:15:00+0200,110.68,EUR/MWh,ES,ES,imbalance_price,Long,2026-09-23T04:42:03Z
2026-09-23T04:38:29Z,2026-09-23T06:38:29+0200,abb44c57-e6c5-48d3-b3dd-8f290af1258d,2026-09-16T18:15:00Z,2026-09-16T20:15:00+0200,195.58,EUR/MWh,ES,ES,imbalance_price,Short,2026-09-23T04:42:03Z
2026-09-23T04:38:29Z,2026-09-23T06:38:29+0200,abb44c57-e6c5-48d3-b3dd-8f290af1258d,2026-09-16T18:30:00Z,2026-09-16T20:30:00+0200,105.87,EUR/MWh,ES,ES,imbalance_price,Long,2026-09-23T04:42:03Z
2026-09-23T04:38:29Z,2026-09-23T06:38:29+0200,abb44c57-e6c5-48d3-b3dd-8f290af1258d,2026-09-16T18:30:00Z,2026-09-16T20:30:00+0200,195.62,EUR/MWh,ES,ES,imbalance_price,Short,2026-09-23T04:42:03Z
2026-09-23T04:38:29Z,2026-09-23T06:38:29+0200,abb44c57-e6c5-48d3-b3dd-8f290af1258d,2026-09-16T18:45:00Z,2026-09-16T20:45:00+0200,106.2,EUR/MWh,ES,ES,imbalance_price,Long,2026-09-23T04:42:03Z
2026-09-23T04:38:29Z,2026-09-23T06:38:29+0200,abb44c57-e6c5-48d3-b3dd-8f290af1258d,2026-09-16T18:45:00Z,2026-09-16T20:45:00+0200,196.19,EUR/MWh,ES,ES,imbalance_price,Short,2026-09-23T04:42:03Z
2026-09-23T04:38:29Z,2026-09-23T06:38:29+0200,abb44c57-e6c5-48d3-b3dd-8f290af1258d,2026-09-16T19:00:00Z,2026-09-16T21:00:00+0200,99.52,EUR/MWh,ES,ES,imbalance_price,Long,2026-09-23T04:42:03Z
2026-09-23T04:38:29Z,2026-09-23T06:38:29+0200,abb44c57-e6c5-48d3-b3dd-8f290af1258d,2026-09-16T19:00:00Z,2026-09-16T21:00:00+0200,190.89,EUR/MWh,ES,ES,imbalance_price,Short,2026-09-23T04:42:03Z
2026-09-23T04:38:29Z,2026-09-23T06:38:29+0200,abb44c57-e6c5-48d3-b3dd-8f290af1258d,2026-09-16T19:15:00Z,2026-09-16T21:15:00+0200,-522.25,EUR/MWh,ES,ES,imbalance_price,Long,2026-09-23T04:42:03Z
2026-09-23T04:38:29Z,2026-09-23T06:38:29+0200,abb44c57-e6c5-48d3-b3dd-8f290af1258d,2026-09-16T19:15:00Z,2026-09-16T21:15:00+0200,187.79,EUR/MWh,ES,ES,imbalance_price,Short,2026-09-23T04:42:03Z
2026-09-23T04:38:29Z,2026-09-23T06:38:29+0200,abb44c57-e6c5-48d3-b3dd-8f290af1258d,2026-09-16T19:30:00Z,2026-09-16T21:30:00+0200,-58.93,EUR/MWh,ES,ES,imbalance_price,Long,2026-09-23T04:42:03Z
2026-09-23T04:38:29Z,2026-09-23T06:38:29+0200,abb44c57-e6c5-48d3-b3dd-8f290af1258d,2026-09-16T19:30:00Z,2026-09-16T21:30:00+0200,-58.93,EUR/MWh,ES,ES,imbalance_price,Short,2026-09-23T04:42:03Z
2026-09-23T04:38:29Z,2026-09-23T06:38:29+0200,abb44c57-e6c5-48d3-b3dd-8f290af1258d,2026-09-16T19:45:00Z,2026-09-16T21:45:00+0200,57.28,EUR/MWh,ES,ES,imbalance_price,Long,2026-09-23T04:42:03Z
2026-09-23T04:38:29Z,2026-09-23T06:38:29+0200,abb44c57-e6c5-48d3-b3dd-8f290af1258d,2026-09-16T19:45:00Z,2026-09-16T21:45:00+0200,57.28,EUR/MWh,ES,ES,imbalance_price,Short,2026-09-23T04:42:03Z
2026-09-23T04:38:29Z,2026-09-23T06:38:29+0200,abb44c57-e6c5-48d3-b3dd-8f290af1258d,2026-09-16T20:00:00Z,2026-09-16T22:00:00+0200,144.07,EUR/MWh,ES,ES,imbalance_price,Long,2026-09-23T04:42:03Z
2026-09-23T04:38:29Z,2026-09-23T06:38:29+0200,abb44c57-e6c5-48d3-b3dd-8f290af1258d,2026-09-16T20:00:00Z,2026-09-16T22:00:00+0200,175.45,EUR/MWh,ES,ES,imbalance_price,Short,2026-09-23T04:42:03Z
2026-09-23T04:38:29Z,2026-09-23T06:38:29+0200,abb44c57-e6c5-48d3-b3dd-8f290af1258d,2026-09-16T20:15:00Z,2026-09-16T22:15:00+0200,112.89,EUR/MWh,ES,ES,imbalance_price,Long,2026-09-23T04:42:03Z
2026-09-23T04:38:29Z,2026-09-23T06:38:29+0200,abb44c57-e6c5-48d3-b3dd-8f290af1258d,2026-09-16T20:15:00Z,2026-09-16T22:15:00+0200,112.89,EUR/MWh,ES,ES,imbalance_price,Short,2026-09-23T04:42:03Z
2026-09-23T04:38:29Z,2026-09-23T06:38:29+0200,abb44c57-e6c5-48d3-b3dd-8f290af1258d,2026-09-16T20:30:00Z,2026-09-16T22:30:00+0200,102.01,EUR/MWh,ES,ES,imbalance_price,Long,2026-09-23T04:42:03Z
2026-09-23T04:38:29Z,2026-09-23T06:38:29+0200,abb44c57-e6c5-48d3-b3dd-8f290af1258d,2026-09-16T20:30:00Z,2026-09-16T22:30:00+0200,157.15,EUR/MWh,ES,ES,imbalance_price,Short,2026-09-23T04:42:03Z
2026-09-23T04:38:29Z,2026-09-23T06:38:29+0200,abb44c57-e6c5-48d3-b3dd-8f290af1258d,2026-09-16T20:45:00Z,2026-09-16T22:45:00+0200,53.04,EUR/MWh,ES,ES,imbalance_price,Long,2026-09-23T04:42:03Z
2026-09-23T04:38:29Z,2026-09-23T06:38:29+0200,abb44c57-e6c5-48d3-b3dd-8f290af1258d,2026-09-16T20:45:00Z,2026-09-16T22:45:00+0200,150.15,EUR/MWh,ES,ES,imbalance_price,Short,2026-09-23T04:42:03Z
2026-09-23T04:38:29Z,2026-09-23T06:38:29+0200,abb44c57-e6c5-48d3-b3dd-8f290af1258d,2026-09-16T21:00:00Z,2026-09-16T23:00:00+0200,83.58,EUR/MWh,ES,ES,imbalance_price,Long,2026-09-23T04:42:03Z
2026-09-23T04:38:29Z,2026-09-23T06:38:29+0200,abb44c57-e6c5-48d3-b3dd-8f290af1258d,2026-09-16T21:00:00Z,2026-09-16T23:00:00+0200,145.45,EUR/MWh,ES,ES,imbalance_price,Short,2026-09-23T04:42:03Z
2026-09-23T04:38:29Z,2026-09-23T06:38:29+0200,abb44c57-e6c5-48d3-b3dd-8f290af1258d,2026-09-16T21:15:00Z,2026-09-16T23:15:00+0200,53.39,EUR/MWh,ES,ES,imbalance_price,Long,2026-09-23T04:42:03Z
2026-09-23T04:38:29Z,2026-09-23T06:38:29+0200,abb44c57-e6c5-48d3-b3dd-8f290af1258d,2026-09-16T21:15:00Z,2026-09-16T23:15:00+0200,165.57,EUR/MWh,ES,ES,imbalance_price,Short,2026-09-23T04:42:03Z
2026-09-23T04:38:29Z,2026-09-23T06:38:29+0200,abb44c57-e6c5-48d3-b3dd-8f290af1258d,2026-09-16T21:30:00Z,2026-09-16T23:30:00+0200,45.74,EUR/MWh,ES,ES,imbalance_price,Long,2026-09-23T04:42:03Z
2026-09-23T04:38:29Z,2026-09-23T06:38:29+0200,abb44c57-e6c5-48d3-b3dd-8f290af1258d,2026-09-16T21:30:00Z,2026-09-16T23:30:00+0200,155.99,EUR/MWh,ES,ES,imbalance_price,Short,2026-09-23T04:42:03Z
2026-09-23T04:38:29Z,2026-09-23T06:38:29+0200,abb44c57-e6c5-48d3-b3dd-8f290af1258d,2026-09-16T21:45:00Z,2026-09-16T23:45:00+0200,46.09,EUR/MWh,ES,ES,imbalance_price,Long,2026-09-23T04:42:03Z
2026-09-23T04:38:29Z,2026-09-23T06:38:29+0200,abb44c57-e6c5-48d3-b3dd-8f290af1258d,2026-09-16T21:45:00Z,2026-09-16T23:45:00+0200,153.92,EUR/MWh,ES,ES,imbalance_price,Short,2026-09-23T04:42:03Z
2026-09-23T04:38:29Z,2026-09-23T06:38:29+0200,abb44c57-e6c5-48d3-b3dd-8f290af1258d,2026-09-16T22:00:00Z,2026-09-17T00:00:00+0200,89.6,EUR/MWh,ES,ES,imbalance_price,Long,2026-09-23T04:42:03Z
2026-09-23T04:38:29Z,2026-09-23T06:38:29+0200,abb44c57-e6c5-48d3-b3dd-8f290af1258d,2026-09-16T22:00:00Z,2026-09-17T00:00:00+0200,89.6,EUR/MWh,ES,ES,imbalance_price,Short,2026-09-23T04:42:03Z
2026-09-23T04:38:29Z,2026-09-23T06:38:29+0200,abb44c57-e6c5-48d3-b3dd-8f290af1258d,2026-09-16T22:15:00Z,2026-09-17T00:15:00+0200,51.93,EUR/MWh,ES,ES,imbalance_price,Long,2026-09-23T04:42:03Z
2026-09-23T04:38:29Z,2026-09-23T06:38:29+0200,abb44c57-e6c5-48d3-b3dd-8f290af1258d,2026-09-16T22:15:00Z,2026-09-17T00:15:00+0200,178.29,EUR/MWh,ES,ES,imbalance_price,Short,2026-09-23T04:42:03Z
2026-09-23T04:38:29Z,2026-09-23T06:38:29+0200,abb44c57-e6c5-48d3-b3dd-8f290af1258d,2026-09-16T22:30:00Z,2026-09-17T00:30:00+0200,21.63,EUR/MWh,ES,ES,imbalance_price,Long,2026-09-23T04:42:03Z
2026-09-23T04:38:29Z,2026-09-23T06:38:29+0200,abb44c57-e6c5-48d3-b3dd-8f290af1258d,2026-09-16T22:30:00Z,2026-09-17T00:30:00+0200,21.63,EUR/MWh,ES,ES,imbalance_price,Short,2026-09-23T04:42:03Z
2026-09-23T04:38:29Z,2026-09-23T06:38:29+0200,abb44c57-e6c5-48d3-b3dd-8f290af1258d,2026-09-16T22:45:00Z,2026-09-17T00:45:00+0200,33.55,EUR/MWh,ES,ES,imbalance_price,Long,2026-09-23T04:42:03Z
2026-09-23T04:38:29Z,2026-09-23T06:38:29+0200,abb44c57-e6c5-48d3-b3dd-8f290af1258d,2026-09-16T22:45:00Z,2026-09-17T00:45:00+0200,149.81,EUR/MWh,ES,ES,imbalance_price,Short,2026-09-23T04:42:03Z
2026-09-23T04:38:29Z,2026-09-23T06:38:29+0200,abb44c57-e6c5-48d3-b3dd-8f290af1258d,2026-09-16T23:00:00Z,2026-09-17T01:00:00+0200,51.2,EUR/MWh,ES,ES,imbalance_price,Long,2026-09-23T04:42:03Z
2026-09-23T04:38:29Z,2026-09-23T06:38:29+0200,abb44c57-e6c5-48d3-b3dd-8f290af1258d,2026-09-16T23:00:00Z,2026-09-17T01:00:00+0200,173.14,EUR/MWh,ES,ES,imbalance_price,Short,2026-09-23T04:42:03Z
2026-09-23T04:38:29Z,2026-09-23T06:38:29+0200,abb44c57-e6c5-48d3-b3dd-8f290af1258d,2026-09-16T23:15:00Z,2026-09-17T01:15:00+0200,102.01,EUR/MWh,ES,ES,imbalance_price,Long,2026-09-23T04:42:03Z
2026-09-23T04:38:29Z,2026-09-23T06:38:29+0200,abb44c57-e6c5-48d3-b3dd-8f290af1258d,2026-09-16T23:15:00Z,2026-09-17T01:15:00+0200,180.38,EUR/MWh,ES,ES,imbalance_price,Short,2026-09-23T04:42:03Z
2026-09-23T04:38:29Z,2026-09-23T06:38:29+0200,abb44c57-e6c5-48d3-b3dd-8f290af1258d,2026-09-16T23:30:00Z,2026-09-17T01:30:00+0200,90.06,EUR/MWh,ES,ES,imbalance_price,Long,2026-09-23T04:42:03Z
2026-09-23T04:38:29Z,2026-09-23T06:38:29+0200,abb44c57-e6c5-48d3-b3dd-8f290af1258d,2026-09-16T23:30:00Z,2026-09-17T01:30:00+0200,174.12,EUR/MWh,ES,ES,imbalance_price,Short,2026-09-23T04:42:03Z
2026-09-23T04:38:29Z,2026-09-23T06:38:29+0200,abb44c57-e6c5-48d3-b3dd-8f290af1258d,2026-09-16T23:45:00Z,2026-09-17T01:45:00+0200,108.19,EUR/MWh,ES,ES,imbalance_price,Long,2026-09-23T04:42:03Z
2026-09-23T04:38:29Z,2026-09-23T06:38:29+0200,abb44c57-e6c5-48d3-b3dd-8f290af1258d,2026-09-16T23:45:00Z,2026-09-17T01:45:00+0200,155.89,EUR/MWh,ES,ES,imbalance_price,Short,2026-09-23T04:42:03Z
2026-09-23T04:38:29Z,2026-09-23T06:38:29+0200,abb44c57-e6c5-48d3-b3dd-8f290af1258d,2026-09-17T00:00:00Z,2026-09-17T02:00:00+0200,60.92,EUR/MWh,ES,ES,imbalance_price,Long,2026-09-23T04:42:03Z
2026-09-23T04:38:29Z,2026-09-23T06:38:29+0200,abb44c57-e6c5-48d3-b3dd-8f290af1258d,2026-09-17T00:00:00Z,2026-09-17T02:00:00+0200,181.4,EUR/MWh,ES,ES,imbalance_price,Short,2026-09-23T04:42:03Z
2026-09-23T04:38:29Z,2026-09-23T06:38:29+0200,abb44c57-e6c5-48d3-b3dd-8f290af1258d,2026-09-17T00:15:00Z,2026-09-17T02:15:00+0200,61.53,EUR/MWh,ES,ES,imbalance_price,Long,2026-09-23T04:42:03Z
2026-09-23T04:38:29Z,2026-09-23T06:38:29+0200,abb44c57-e6c5-48d3-b3dd-8f290af1258d,2026-09-17T00:15:00Z,2026-09-17T02:15:00+0200,173.68,EUR/MWh,ES,ES,imbalance_price,Short,2026-09-23T04:42:03Z
2026-09-23T04:38:29Z,2026-09-23T06:38:29+0200,abb44c57-e6c5-48d3-b3dd-8f290af1258d,2026-09-17T00:30:00Z,2026-09-17T02:30:00+0200,103.26,EUR/MWh,ES,ES,imbalance_price,Long,2026-09-23T04:42:03Z
2026-09-23T04:38:29Z,2026-09-23T06:38:29+0200,abb44c57-e6c5-48d3-b3dd-8f290af1258d,2026-09-17T00:30:00Z,2026-09-17T02:30:00+0200,176.68,EUR/MWh,ES,ES,imbalance_price,Short,2026-09-23T04:42:03Z
2026-09-23T04:38:29Z,2026-09-23T06:38:29+0200,abb44c57-e6c5-48d3-b3dd-8f290af1258d,2026-09-17T00:45:00Z,2026-09-17T02:45:00+0200,107.86,EUR/MWh,ES,ES,imbalance_price,Long,2026-09-23T04:42:03Z
2026-09-23T04:38:29Z,2026-09-23T06:38:29+0200,abb44c57-e6c5-48d3-b3dd-8f290af1258d,2026-09-17T00:45:00Z,2026-09-17T02:45:00+0200,146.44,EUR/MWh,ES,ES,imbalance_price,Short,2026-09-23T04:42:03Z
2026-09-23T04:38:29Z,2026-09-23T06:38:29+0200,abb44c57-e6c5-48d3-b3dd-8f290af1258d,2026-09-17T01:00:00Z,2026-09-17T03:00:00+0200,89.38,EUR/MWh,ES,ES,imbalance_price,Long,2026-09-23T04:42:03Z
2026-09-23T04:38:29Z,2026-09-23T06:38:29+0200,abb44c57-e6c5-48d3-b3dd-8f290af1258d,2026-09-17T01:00:00Z,2026-09-17T03:00:00+0200,175.51,EUR/MWh,ES,ES,imbalance_price,Short,2026-09-23T04:42:03Z
2026-09-23T04:38:29Z,2026-09-23T06:38:29+0200,abb44c57-e6c5-48d3-b3dd-8f290af1258d,2026-09-17T01:15:00Z,2026-09-17T03:15:00+0200,108.18,EUR/MWh,ES,ES,imbalance_price,Long,2026-09-23T04:42:03Z
2026-09-23T04:38:29Z,2026-09-23T06:38:29+0200,abb44c57-e6c5-48d3-b3dd-8f290af1258d,2026-09-17T01:15:00Z,2026-09-17T03:15:00+0200,169.78,EUR/MWh,ES,ES,imbalance_price,Short,2026-09-23T04:42:03Z
2026-09-23T04:38:29Z,2026-09-23T06:38:29+0200,abb44c57-e6c5-48d3-b3dd-8f290af1258d,2026-09-17T01:30:00Z,2026-09-17T03:30:00+0200,79.69,EUR/MWh,ES,ES,imbalance_price,Long,2026-09-23T04:42:03Z
2026-09-23T04:38:29Z,2026-09-23T06:38:29+0200,abb44c57-e6c5-48d3-b3dd-8f290af1258d,2026-09-17T01:30:00Z,2026-09-17T03:30:00+0200,183.55,EUR/MWh,ES,ES,imbalance_price,Short,2026-09-23T04:42:03Z
2026-09-23T04:38:29Z,2026-09-23T06:38:29+0200,abb44c57-e6c5-48d3-b3dd-8f290af1258d,2026-09-17T01:45:00Z,2026-09-17T03:45:00+0200,108.44,EUR/MWh,ES,ES,imbalance_price,Long,2026-09-23T04:42:03Z
2026-09-23T04:38:29Z,2026-09-23T06:38:29+0200,abb44c57-e6c5-48d3-b3dd-8f290af1258d,2026-09-17T01:45:00Z,2026-09-17T03:45:00+0200,176.74,EUR/MWh,ES,ES,imbalance_price,Short,2026-09-23T04:42:03Z
2026-09-23T04:38:29Z,2026-09-23T06:38:29+0200,abb44c57-e6c5-48d3-b3dd-8f290af1258d,2026-09-17T02:00:00Z,2026-09-17T04:00:00+0200,26.16,EUR/MWh,ES,ES,imbalance_price,Long,2026-09-23T04:42:03Z
2026-09-23T04:38:29Z,2026-09-23T06:38:29+0200,abb44c57-e6c5-48d3-b3dd-8f290af1258d,2026-09-17T02:00:00Z,2026-09-17T04:00:00+0200,162.3,EUR/MWh,ES,ES,imbalance_price,Short,2026-09-23T04:42:03Z
2026-09-23T04:38:29Z,2026-09-23T06:38:29+0200,abb44c57-e6c5-48d3-b3dd-8f290af1258d,2026-09-17T02:15:00Z,2026-09-17T04:15:00+0200,101.85,EUR/MWh,ES,ES,imbalance_price,Long,2026-09-23T04:42:03Z
2026-09-23T04:38:29Z,2026-09-23T06:38:29+0200,abb44c57-e6c5-48d3-b3dd-8f290af1258d,2026-09-17T02:15:00Z,2026-09-17T04:15:00+0200,165.93,EUR/MWh,ES,ES,imbalance_price,Short,2026-09-23T04:42:03Z
2026-09-23T04:38:29Z,2026-09-23T06:38:29+0200,abb44c57-e6c5-48d3-b3dd-8f290af1258d,2026-09-17T02:30:00Z,2026-09-17T04:30:00+0200,82.51,EUR/MWh,ES,ES,imbalance_price,Long,2026-09-23T04:42:03Z
2026-09-23T04:38:29Z,2026-09-23T06:38:29+0200,abb44c57-e6c5-48d3-b3dd-8f290af1258d,2026-09-17T02:30:00Z,2026-09-17T04:30:00+0200,153.2,EUR/MWh,ES,ES,imbalance_price,Short,2026-09-23T04:42:03Z
2026-09-23T04:38:29Z,2026-09-23T06:38:29+0200,abb44c57-e6c5-48d3-b3dd-8f290af1258d,2026-09-17T02:45:00Z,2026-09-17T04:45:00+0200,54.99,EUR/MWh,ES,ES,imbalance_price,Long,2026-09-23T04:42:03Z
2026-09-23T04:38:29Z,2026-09-23T06:38:29+0200,abb44c57-e6c5-48d3-b3dd-8f290af1258d,2026-09-17T02:45:00Z,2026-09-17T04:45:00+0200,178.2,EUR/MWh,ES,ES,imbalance_price,Short,2026-09-23T04:42:03Z
2026-09-23T04:38:29Z,2026-09-23T06:38:29+0200,abb44c57-e6c5-48d3-b3dd-8f290af1258d,2026-09-17T03:00:00Z,2026-09-17T05:00:00+0200,87.94,EUR/MWh,ES,ES,imbalance_price,Long,2026-09-23T04:42:03Z
2026-09-23T04:38:29Z,2026-09-23T06:38:29+0200,abb44c57-e6c5-48d3-b3dd-8f290af1258d,2026-09-17T03:00:00Z,2026-09-17T05:00:00+0200,179.62,EUR/MWh,ES,ES,imbalance_price,Short,2026-09-23T04:42:03Z
2026-09-23T04:38:29Z,2026-09-23T06:38:29+0200,abb44c57-e6c5-48d3-b3dd-8f290af1258d,2026-09-17T03:15:00Z,2026-09-17T05:15:00+0200,63.93,EUR/MWh,ES,ES,imbalance_price,Long,2026-09-23T04:42:03Z
2026-09-23T04:38:29Z,2026-09-23T06:38:29+0200,abb44c57-e6c5-48d3-b3dd-8f290af1258d,2026-09-17T03:15:00Z,2026-09-17T05:15:00+0200,173.3,EUR/MWh,ES,ES,imbalance_price,Short,2026-09-23T04:42:03Z
2026-09-23T04:38:29Z,2026-09-23T06:38:29+0200,abb44c57-e6c5-48d3-b3dd-8f290af1258d,2026-09-17T03:30:00Z,2026-09-17T05:30:00+0200,101.4,EUR/MWh,ES,ES,imbalance_price,Long,2026-09-23T04:42:03Z
2026-09-23T04:38:29Z,2026-09-23T06:38:29+0200,abb44c57-e6c5-48d3-b3dd-8f290af1258d,2026-09-17T03:30:00Z,2026-09-17T05:30:00+0200,177.43,EUR/MWh,ES,ES,imbalance_price,Short,2026-09-23T04:42:03Z
2026-09-23T04:38:29Z,2026-09-23T06:38:29+0200,abb44c57-e6c5-48d3-b3dd-8f290af1258d,2026-09-17T03:45:00Z,2026-09-17T05:45:00+0200,60.32,EUR/MWh,ES,ES,imbalance_price,Long,2026-09-23T04:42:03Z
2026-09-23T04:38:29Z,2026-09-23T06:38:29+0200,abb44c57-e6c5-48d3-b3dd-8f290af1258d,2026-09-17T03:45:00Z,2026-09-17T05:45:00+0200,184.71,EUR/MWh,ES,ES,imbalance_price,Short,2026-09-23T04:42:03Z
2026-09-23T04:38:29Z,2026-09-23T06:38:29+0200,abb44c57-e6c5-48d3-b3dd-8f290af1258d,2026-09-17T04:00:00Z,2026-09-17T06:00:00+0200,30.88,EUR/MWh,ES,ES,imbalance_price,Long,2026-09-23T04:42:03Z
2026-09-23T04:38:29Z,2026-09-23T06:38:29+0200,abb44c57-e6c5-48d3-b3dd-8f290af1258d,2026-09-17T04:00:00Z,2026-09-17T06:00:00+0200,148.32,EUR/MWh,ES,ES,imbalance_price,Short,2026-09-23T04:42:03Z
2026-09-23T04:38:29Z,2026-09-23T06:38:29+0200,abb44c57-e6c5-48d3-b3dd-8f290af1258d,2026-09-17T04:15:00Z,2026-09-17T06:15:00+0200,125.46,EUR/MWh,ES,ES,imbalance_price,Long,2026-09-23T04:42:03Z
2026-09-23T04:38:29Z,2026-09-23T06:38:29+0200,abb44c57-e6c5-48d3-b3dd-8f290af1258d,2026-09-17T04:15:00Z,2026-09-17T06:15:00+0200,192.94,EUR/MWh,ES,ES,imbalance_price,Short,2026-09-23T04:42:03Z
2026-09-23T04:38:29Z,2026-09-23T06:38:29+0200,abb44c57-e6c5-48d3-b3dd-8f290af1258d,2026-09-17T04:30:00Z,2026-09-17T06:30:00+0200,132.65,EUR/MWh,ES,ES,imbalance_price,Long,2026-09-23T04:42:03Z
2026-09-23T04:38:29Z,2026-09-23T06:38:29+0200,abb44c57-e6c5-48d3-b3dd-8f290af1258d,2026-09-17T04:30:00Z,2026-09-17T06:30:00+0200,211.11,EUR/MWh,ES,ES,imbalance_price,Short,2026-09-23T04:42:03Z
2026-09-23T04:38:29Z,2026-09-23T06:38:29+0200,abb44c57-e6c5-48d3-b3dd-8f290af1258d,2026-09-17T04:45:00Z,2026-09-17T06:45:00+0200,0.0,EUR/MWh,ES,ES,imbalance_price,Long,2026-09-23T04:42:03Z
2026-09-23T04:38:29Z,2026-09-23T06:38:29+0200,abb44c57-e6c5-48d3-b3dd-8f290af1258d,2026-09-17T04:45:00Z,2026-09-17T06:45:00+0200,193.88,EUR/MWh,ES,ES,imbalance_price,Short,2026-09-23T04:42:03Z
2026-09-23T04:38:29Z,2026-09-23T06:38:29+0200,abb44c57-e6c5-48d3-b3dd-8f290af1258d,2026-09-17T05:00:00Z,2026-09-17T07:00:00+0200,56.19,EUR/MWh,ES,ES,imbalance_price,Long,2026-09-23T04:42:03Z
2026-09-23T04:38:29Z,2026-09-23T06:38:29+0200,abb44c57-e6c5-48d3-b3dd-8f290af1258d,2026-09-17T05:00:00Z,2026-09-17T07:00:00+0200,197.01,EUR/MWh,ES,ES,imbalance_price,Short,2026-09-23T04:42:03Z
2026-09-23T04:38:29Z,2026-09-23T06:38:29+0200,abb44c57-e6c5-48d3-b3dd-8f290af1258d,2026-09-17T05:15:00Z,2026-09-17T07:15:00+0200,200.68,EUR/MWh,ES,ES,imbalance_price,Long,2026-09-23T04:42:03Z
2026-09-23T04:38:29Z,2026-09-23T06:38:29+0200,abb44c57-e6c5-48d3-b3dd-8f290af1258d,2026-09-17T05:15:00Z,2026-09-17T07:15:00+0200,200.68,EUR/MWh,ES,ES,imbalance_price,Short,2026-09-23T04:42:03Z
2026-09-23T04:38:29Z,2026-09-23T06:38:29+0200,abb44c57-e6c5-48d3-b3dd-8f290af1258d,2026-09-17T05:30:00Z,2026-09-17T07:30:00+0200,203.71,EUR/MWh,ES,ES,imbalance_price,Long,2026-09-23T04:42:03Z
2026-09-23T04:38:29Z,2026-09-23T06:38:29+0200,abb44c57-e6c5-48d3-b3dd-8f290af1258d,2026-09-17T05:30:00Z,2026-09-17T07:30:00+0200,203.71,EUR/MWh,ES,ES,imbalance_price,Short,2026-09-23T04:42:03Z
2026-09-23T04:38:29Z,2026-09-23T06:38:29+0200,abb44c57-e6c5-48d3-b3dd-8f290af1258d,2026-09-17T05:45:00Z,2026-09-17T07:45:00+0200,204.21,EUR/MWh,ES,ES,imbalance_price,Long,2026-09-23T04:42:03Z
2026-09-23T04:38:29Z,2026-09-23T06:38:29+0200,abb44c57-e6c5-48d3-b3dd-8f290af1258d,2026-09-17T05:45:00Z,2026-09-17T07:45:00+0200,204.21,EUR/MWh,ES,ES,imbalance_price,Short,2026-09-23T04:42:03Z
2026-09-23T04:38:29Z,2026-09-23T06:38:29+0200,abb44c57-e6c5-48d3-b3dd-8f290af1258d,2026-09-17T06:00:00Z,2026-09-17T08:00:00+0200,0.0,EUR/MWh,ES,ES,imbalance_price,Long,2026-09-23T04:42:03Z
2026-09-23T04:38:29Z,2026-09-23T06:38:29+0200,abb44c57-e6c5-48d3-b3dd-8f290af1258d,2026-09-17T06:00:00Z,2026-09-17T08:00:00+0200,207.98,EUR/MWh,ES,ES,imbalance_price,Short,2026-09-23T04:42:03Z
2026-09-23T04:38:29Z,2026-09-23T06:38:29+0200,abb44c57-e6c5-48d3-b3dd-8f290af1258d,2026-09-17T06:15:00Z,2026-09-17T08:15:00+0200,205.79,EUR/MWh,ES,ES,imbalance_price,Long,2026-09-23T04:42:03Z
2026-09-23T04:38:29Z,2026-09-23T06:38:29+0200,abb44c57-e6c5-48d3-b3dd-8f290af1258d,2026-09-17T06:15:00Z,2026-09-17T08:15:00+0200,205.79,EUR/MWh,ES,ES,imbalance_price,Short,2026-09-23T04:42:03Z
2026-09-23T04:38:29Z,2026-09-23T06:38:29+0200,abb44c57-e6c5-48d3-b3dd-8f290af1258d,2026-09-17T06:30:00Z,2026-09-17T08:30:00+0200,143.69,EUR/MWh,ES,ES,imbalance_price,Long,2026-09-23T04:42:03Z
2026-09-23T04:38:29Z,2026-09-23T06:38:29+0200,abb44c57-e6c5-48d3-b3dd-8f290af1258d,2026-09-17T06:30:00Z,2026-09-17T08:30:00+0200,194.15,EUR/MWh,ES,ES,imbalance_price,Short,2026-09-23T04:42:03Z
2026-09-23T04:38:29Z,2026-09-23T06:38:29+0200,abb44c57-e6c5-48d3-b3dd-8f290af1258d,2026-09-17T06:45:00Z,2026-09-17T08:45:00+0200,32.51,EUR/MWh,ES,ES,imbalance_price,Long,2026-09-23T04:42:03Z
2026-09-23T04:38:29Z,2026-09-23T06:38:29+0200,abb44c57-e6c5-48d3-b3dd-8f290af1258d,2026-09-17T06:45:00Z,2026-09-17T08:45:00+0200,186.97,EUR/MWh,ES,ES,imbalance_price,Short,2026-09-23T04:42:03Z
2026-09-23T04:38:29Z,2026-09-23T06:38:29+0200,abb44c57-e6c5-48d3-b3dd-8f290af1258d,2026-09-17T07:00:00Z,2026-09-17T09:00:00+0200,-2.8,EUR/MWh,ES,ES,imbalance_price,Long,2026-09-23T04:42:03Z
2026-09-23T04:38:29Z,2026-09-23T06:38:29+0200,abb44c57-e6c5-48d3-b3dd-8f290af1258d,2026-09-17T07:00:00Z,2026-09-17T09:00:00+0200,199.97,EUR/MWh,ES,ES,imbalance_price,Short,2026-09-23T04:42:03Z
2026-09-23T04:38:29Z,2026-09-23T06:38:29+0200,abb44c57-e6c5-48d3-b3dd-8f290af1258d,2026-09-17T07:15:00Z,2026-09-17T09:15:00+0200,6.77,EUR/MWh,ES,ES,imbalance_price,Long,2026-09-23T04:42:03Z
2026-09-23T04:38:29Z,2026-09-23T06:38:29+0200,abb44c57-e6c5-48d3-b3dd-8f290af1258d,2026-09-17T07:15:00Z,2026-09-17T09:15:00+0200,194.01,EUR/MWh,ES,ES,imbalance_price,Short,2026-09-23T04:42:03Z
2026-09-23T04:38:29Z,2026-09-23T06:38:29+0200,abb44c57-e6c5-48d3-b3dd-8f290af1258d,2026-09-17T07:30:00Z,2026-09-17T09:30:00+0200,63.54,EUR/MWh,ES,ES,imbalance_price,Long,2026-09-23T04:42:03Z
2026-09-23T04:38:29Z,2026-09-23T06:38:29+0200,abb44c57-e6c5-48d3-b3dd-8f290af1258d,2026-09-17T07:30:00Z,2026-09-17T09:30:00+0200,125.07,EUR/MWh,ES,ES,imbalance_price,Short,2026-09-23T04:42:03Z
2026-09-23T04:38:29Z,2026-09-23T06:38:29+0200,abb44c57-e6c5-48d3-b3dd-8f290af1258d,2026-09-17T07:45:00Z,2026-09-17T09:45:00+0200,30.72,EUR/MWh,ES,ES,imbalance_price,Long,2026-09-23T04:42:03Z
2026-09-23T04:38:29Z,2026-09-23T06:38:29+0200,abb44c57-e6c5-48d3-b3dd-8f290af1258d,2026-09-17T07:45:00Z,2026-09-17T09:45:00+0200,104.47,EUR/MWh,ES,ES,imbalance_price,Short,2026-09-23T04:42:03Z
2026-09-23T04:38:29Z,2026-09-23T06:38:29+0200,abb44c57-e6c5-48d3-b3dd-8f290af1258d,2026-09-17T08:00:00Z,2026-09-17T10:00:00+0200,0.11,EUR/MWh,ES,ES,imbalance_price,Long,2026-09-23T04:42:03Z
2026-09-23T04:38:29Z,2026-09-23T06:38:29+0200,abb44c57-e6c5-48d3-b3dd-8f290af1258d,2026-09-17T08:00:00Z,2026-09-17T10:00:00+0200,0.11,EUR/MWh,ES,ES,imbalance_price,Short,2026-09-23T04:42:03Z
2026-09-23T04:38:29Z,2026-09-23T06:38:29+0200,abb44c57-e6c5-48d3-b3dd-8f290af1258d,2026-09-17T08:15:00Z,2026-09-17T10:15:00+0200,-4.54,EUR/MWh,ES,ES,imbalance_price,Long,2026-09-23T04:42:03Z
2026-09-23T04:38:29Z,2026-09-23T06:38:29+0200,abb44c57-e6c5-48d3-b3dd-8f290af1258d,2026-09-17T08:15:00Z,2026-09-17T10:15:00+0200,0.0,EUR/MWh,ES,ES,imbalance_price,Short,2026-09-23T04:42:03Z
2026-09-23T04:38:29Z,2026-09-23T06:38:29+0200,abb44c57-e6c5-48d3-b3dd-8f290af1258d,2026-09-17T08:30:00Z,2026-09-17T10:30:00+0200,-3.23,EUR/MWh,ES,ES,imbalance_price,Long,2026-09-23T04:42:03Z
2026-09-23T04:38:29Z,2026-09-23T06:38:29+0200,abb44c57-e6c5-48d3-b3dd-8f290af1258d,2026-09-17T08:30:00Z,2026-09-17T10:30:00+0200,0.0,EUR/MWh,ES,ES,imbalance_price,Short,2026-09-23T04:42:03Z
2026-09-23T04:38:29Z,2026-09-23T06:38:29+0200,abb44c57-e6c5-48d3-b3dd-8f290af1258d,2026-09-17T08:45:00Z,2026-09-17T10:45:00+0200,-9.06,EUR/MWh,ES,ES,imbalance_price,Long,2026-09-23T04:42:03Z
2026-09-23T04:38:29Z,2026-09-23T06:38:29+0200,abb44c57-e6c5-48d3-b3dd-8f290af1258d,2026-09-17T08:45:00Z,2026-09-17T10:45:00+0200,0.0,EUR/MWh,ES,ES,imbalance_price,Short,2026-09-23T04:42:03Z
2026-09-23T04:38:29Z,2026-09-23T06:38:29+0200,abb44c57-e6c5-48d3-b3dd-8f290af1258d,2026-09-17T09:00:00Z,2026-09-17T11:00:00+0200,-9.33,EUR/MWh,ES,ES,imbalance_price,Long,2026-09-23T04:42:03Z
2026-09-23T04:38:29Z,2026-09-23T06:38:29+0200,abb44c57-e6c5-48d3-b3dd-8f290af1258d,2026-09-17T09:00:00Z,2026-09-17T11:00:00+0200,0.0,EUR/MWh,ES,ES,imbalance_price,Short,2026-09-23T04:42:03Z
2026-09-23T04:38:29Z,2026-09-23T06:38:29+0200,abb44c57-e6c5-48d3-b3dd-8f290af1258d,2026-09-17T09:15:00Z,2026-09-17T11:15:00+0200,-5.55,EUR/MWh,ES,ES,imbalance_price,Long,2026-09-23T04:42:03Z
2026-09-23T04:38:29Z,2026-09-23T06:38:29+0200,abb44c57-e6c5-48d3-b3dd-8f290af1258d,2026-09-17T09:15:00Z,2026-09-17T11:15:00+0200,0.0,EUR/MWh,ES,ES,imbalance_price,Short,2026-09-23T04:42:03Z
2026-09-23T04:38:29Z,2026-09-23T06:38:29+0200,abb44c57-e6c5-48d3-b3dd-8f290af1258d,2026-09-17T09:30:00Z,2026-09-17T11:30:00+0200,-4.6,EUR/MWh,ES,ES,imbalance_price,Long,2026-09-23T04:42:03Z
2026-09-23T04:38:29Z,2026-09-23T06:38:29+0200,abb44c57-e6c5-48d3-b3dd-8f290af1258d,2026-09-17T09:30:00Z,2026-09-17T11:30:00+0200,0.0,EUR/MWh,ES,ES,imbalance_price,Short,2026-09-23T04:42:03Z
2026-09-23T04:38:29Z,2026-09-23T06:38:29+0200,abb44c57-e6c5-48d3-b3dd-8f290af1258d,2026-09-17T09:45:00Z,2026-09-17T11:45:00+0200,-2.71,EUR/MWh,ES,ES,imbalance_price,Long,2026-09-23T04:42:03Z
2026-09-23T04:38:29Z,2026-09-23T06:38:29+0200,abb44c57-e6c5-48d3-b3dd-8f290af1258d,2026-09-17T09:45:00Z,2026-09-17T11:45:00+0200,0.0,EUR/MWh,ES,ES,imbalance_price,Short,2026-09-23T04:42:03Z
2026-09-23T04:38:29Z,2026-09-23T06:38:29+0200,abb44c57-e6c5-48d3-b3dd-8f290af1258d,2026-09-17T10:00:00Z,2026-09-17T12:00:00+0200,-1.17,EUR/MWh,ES,ES,imbalance_price,Long,2026-09-23T04:42:03Z
2026-09-23T04:38:29Z,2026-09-23T06:38:29+0200,abb44c57-e6c5-48d3-b3dd-8f290af1258d,2026-09-17T10:00:00Z,2026-09-17T12:00:00+0200,-1.17,EUR/MWh,ES,ES,imbalance_price,Short,2026-09-23T04:42:03Z
2026-09-23T04:38:29Z,2026-09-23T06:38:29+0200,abb44c57-e6c5-48d3-b3dd-8f290af1258d,2026-09-17T10:15:00Z,2026-09-17T12:15:00+0200,-2.13,EUR/MWh,ES,ES,imbalance_price,Long,2026-09-23T04:42:03Z
2026-09-23T04:38:29Z,2026-09-23T06:38:29+0200,abb44c57-e6c5-48d3-b3dd-8f290af1258d,2026-09-17T10:15:00Z,2026-09-17T12:15:00+0200,-2.13,EUR/MWh,ES,ES,imbalance_price,Short,2026-09-23T04:42:03Z
2026-09-23T04:38:29Z,2026-09-23T06:38:29+0200,abb44c57-e6c5-48d3-b3dd-8f290af1258d,2026-09-17T10:30:00Z,2026-09-17T12:30:00+0200,-1.97,EUR/MWh,ES,ES,imbalance_price,Long,2026-09-23T04:42:03Z
2026-09-23T04:38:29Z,2026-09-23T06:38:29+0200,abb44c57-e6c5-48d3-b3dd-8f290af1258d,2026-09-17T10:30:00Z,2026-09-17T12:30:00+0200,-0.52,EUR/MWh,ES,ES,imbalance_price,Short,2026-09-23T04:42:03Z
2026-09-23T04:38:29Z,2026-09-23T06:38:29+0200,abb44c57-e6c5-48d3-b3dd-8f290af1258d,2026-09-17T10:45:00Z,2026-09-17T12:45:00+0200,-0.83,EUR/MWh,ES,ES,imbalance_price,Long,2026-09-23T04:42:03Z
2026-09-23T04:38:29Z,2026-09-23T06:38:29+0200,abb44c57-e6c5-48d3-b3dd-8f290af1258d,2026-09-17T10:45:00Z,2026-09-17T12:45:00+0200,0.31,EUR/MWh,ES,ES,imbalance_price,Short,2026-09-23T04:42:03Z
2026-09-23T04:38:29Z,2026-09-23T06:38:29+0200,abb44c57-e6c5-48d3-b3dd-8f290af1258d,2026-09-17T11:00:00Z,2026-09-17T13:00:00+0200,-1.49,EUR/MWh,ES,ES,imbalance_price,Long,2026-09-23T04:42:03Z
2026-09-23T04:38:29Z,2026-09-23T06:38:29+0200,abb44c57-e6c5-48d3-b3dd-8f290af1258d,2026-09-17T11:00:00Z,2026-09-17T13:00:00+0200,-1.49,EUR/MWh,ES,ES,imbalance_price,Short,2026-09-23T04:42:03Z
2026-09-23T04:38:29Z,2026-09-23T06:38:29+0200,abb44c57-e6c5-48d3-b3dd-8f290af1258d,2026-09-17T11:15:00Z,2026-09-17T13:15:00+0200,-0.7,EUR/MWh,ES,ES,imbalance_price,Long,2026-09-23T04:42:03Z
2026-09-23T04:38:29Z,2026-09-23T06:38:29+0200,abb44c57-e6c5-48d3-b3dd-8f290af1258d,2026-09-17T11:15:00Z,2026-09-17T13:15:00+0200,1.74,EUR/MWh,ES,ES,imbalance_price,Short,2026-09-23T04:42:03Z
2026-09-23T04:38:29Z,2026-09-23T06:38:29+0200,abb44c57-e6c5-48d3-b3dd-8f290af1258d,2026-09-17T11:30:00Z,2026-09-17T13:30:00+0200,-0.61,EUR/MWh,ES,ES,imbalance_price,Long,2026-09-23T04:42:03Z
2026-09-23T04:38:29Z,2026-09-23T06:38:29+0200,abb44c57-e6c5-48d3-b3dd-8f290af1258d,2026-09-17T11:30:00Z,2026-09-17T13:30:00+0200,0.43,EUR/MWh,ES,ES,imbalance_price,Short,2026-09-23T04:42:03Z
2026-09-23T04:38:29Z,2026-09-23T06:38:29+0200,abb44c57-e6c5-48d3-b3dd-8f290af1258d,2026-09-17T11:45:00Z,2026-09-17T13:45:00+0200,-0.61,EUR/MWh,ES,ES,imbalance_price,Long,2026-09-23T04:42:03Z
2026-09-23T04:38:29Z,2026-09-23T06:38:29+0200,abb44c57-e6c5-48d3-b3dd-8f290af1258d,2026-09-17T11:45:00Z,2026-09-17T13:45:00+0200,-0.11,EUR/MWh,ES,ES,imbalance_price,Short,2026-09-23T04:42:03Z
2026-09-23T04:38:29Z,2026-09-23T06:38:29+0200,abb44c57-e6c5-48d3-b3dd-8f290af1258d,2026-09-17T12:00:00Z,2026-09-17T14:00:00+0200,-0.63,EUR/MWh,ES,ES,imbalance_price,Long,2026-09-23T04:42:03Z
2026-09-23T04:38:29Z,2026-09-23T06:38:29+0200,abb44c57-e6c5-48d3-b3dd-8f290af1258d,2026-09-17T12:00:00Z,2026-09-17T14:00:00+0200,6.83,EUR/MWh,ES,ES,imbalance_price,Short,2026-09-23T04:42:03Z
2026-09-23T04:38:29Z,2026-09-23T06:38:29+0200,abb44c57-e6c5-48d3-b3dd-8f290af1258d,2026-09-17T12:15:00Z,2026-09-17T14:15:00+0200,-0.62,EUR/MWh,ES,ES,imbalance_price,Long,2026-09-23T04:42:03Z
2026-09-23T04:38:29Z,2026-09-23T06:38:29+0200,abb44c57-e6c5-48d3-b3dd-8f290af1258d,2026-09-17T12:15:00Z,2026-09-17T14:15:00+0200,8.68,EUR/MWh,ES,ES,imbalance_price,Short,2026-09-23T04:42:03Z
2026-09-23T04:38:29Z,2026-09-23T06:38:29+0200,abb44c57-e6c5-48d3-b3dd-8f290af1258d,2026-09-17T12:30:00Z,2026-09-17T14:30:00+0200,-1.05,EUR/MWh,ES,ES,imbalance_price,Long,2026-09-23T04:42:03Z
2026-09-23T04:38:29Z,2026-09-23T06:38:29+0200,abb44c57-e6c5-48d3-b3dd-8f290af1258d,2026-09-17T12:30:00Z,2026-09-17T14:30:00+0200,-1.05,EUR/MWh,ES,ES,imbalance_price,Short,2026-09-23T04:42:03Z
2026-09-23T04:38:29Z,2026-09-23T06:38:29+0200,abb44c57-e6c5-48d3-b3dd-8f290af1258d,2026-09-17T12:45:00Z,2026-09-17T14:45:00+0200,-2.07,EUR/MWh,ES,ES,imbalance_price,Long,2026-09-23T04:42:03Z
2026-09-23T04:38:29Z,2026-09-23T06:38:29+0200,abb44c57-e6c5-48d3-b3dd-8f290af1258d,2026-09-17T12:45:00Z,2026-09-17T14:45:00+0200,-2.07,EUR/MWh,ES,ES,imbalance_price,Short,2026-09-23T04:42:03Z
2026-09-23T04:38:29Z,2026-09-23T06:38:29+0200,abb44c57-e6c5-48d3-b3dd-8f290af1258d,2026-09-17T13:00:00Z,2026-09-17T15:00:00+0200,-2.74,EUR/MWh,ES,ES,imbalance_price,Long,2026-09-23T04:42:03Z
2026-09-23T04:38:29Z,2026-09-23T06:38:29+0200,abb44c57-e6c5-48d3-b3dd-8f290af1258d,2026-09-17T13:00:00Z,2026-09-17T15:00:00+0200,-2.74,EUR/MWh,ES,ES,imbalance_price,Short,2026-09-23T04:42:03Z
2026-09-23T04:38:29Z,2026-09-23T06:38:29+0200,abb44c57-e6c5-48d3-b3dd-8f290af1258d,2026-09-17T13:15:00Z,2026-09-17T15:15:00+0200,-2.26,EUR/MWh,ES,ES,imbalance_price,Long,2026-09-23T04:42:03Z
2026-09-23T04:38:29Z,2026-09-23T06:38:29+0200,abb44c57-e6c5-48d3-b3dd-8f290af1258d,2026-09-17T13:15:00Z,2026-09-17T15:15:00+0200,-2.26,EUR/MWh,ES,ES,imbalance_price,Short,2026-09-23T04:42:03Z
2026-09-23T04:38:29Z,2026-09-23T06:38:29+0200,abb44c57-e6c5-48d3-b3dd-8f290af1258d,2026-09-17T13:30:00Z,2026-09-17T15:30:00+0200,-4.73,EUR/MWh,ES,ES,imbalance_price,Long,2026-09-23T04:42:03Z
2026-09-23T04:38:29Z,2026-09-23T06:38:29+0200,abb44c57-e6c5-48d3-b3dd-8f290af1258d,2026-09-17T13:30:00Z,2026-09-17T15:30:00+0200,-4.73,EUR/MWh,ES,ES,imbalance_price,Short,2026-09-23T04:42:03Z
2026-09-23T04:38:29Z,2026-09-23T06:38:29+0200,abb44c57-e6c5-48d3-b3dd-8f290af1258d,2026-09-17T13:45:00Z,2026-09-17T15:45:00+0200,-6.09,EUR/MWh,ES,ES,imbalance_price,Long,2026-09-23T04:42:03Z
2026-09-23T04:38:29Z,2026-09-23T06:38:29+0200,abb44c57-e6c5-48d3-b3dd-8f290af1258d,2026-09-17T13:45:00Z,2026-09-17T15:45:00+0200,-6.09,EUR/MWh,ES,ES,imbalance_price,Short,2026-09-23T04:42:03Z
2026-09-23T04:38:29Z,2026-09-23T06:38:29+0200,abb44c57-e6c5-48d3-b3dd-8f290af1258d,2026-09-17T14:00:00Z,2026-09-17T16:00:00+0200,-6.2,EUR/MWh,ES,ES,imbalance_price,Long,2026-09-23T04:42:03Z
2026-09-23T04:38:29Z,2026-09-23T06:38:29+0200,abb44c57-e6c5-48d3-b3dd-8f290af1258d,2026-09-17T14:00:00Z,2026-09-17T16:00:00+0200,21.7,EUR/MWh,ES,ES,imbalance_price,Short,2026-09-23T04:42:03Z
2026-09-23T04:38:29Z,2026-09-23T06:38:29+0200,abb44c57-e6c5-48d3-b3dd-8f290af1258d,2026-09-17T14:15:00Z,2026-09-17T16:15:00+0200,-9.36,EUR/MWh,ES,ES,imbalance_price,Long,2026-09-23T04:42:03Z
2026-09-23T04:38:29Z,2026-09-23T06:38:29+0200,abb44c57-e6c5-48d3-b3dd-8f290af1258d,2026-09-17T14:15:00Z,2026-09-17T16:15:00+0200,39.21,EUR/MWh,ES,ES,imbalance_price,Short,2026-09-23T04:42:03Z
2026-09-23T04:38:29Z,2026-09-23T06:38:29+0200,abb44c57-e6c5-48d3-b3dd-8f290af1258d,2026-09-17T14:30:00Z,2026-09-17T16:30:00+0200,-8.43,EUR/MWh,ES,ES,imbalance_price,Long,2026-09-23T04:42:03Z
2026-09-23T04:38:29Z,2026-09-23T06:38:29+0200,abb44c57-e6c5-48d3-b3dd-8f290af1258d,2026-09-17T14:30:00Z,2026-09-17T16:30:00+0200,8.63,EUR/MWh,ES,ES,imbalance_price,Short,2026-09-23T04:42:03Z
2026-09-23T04:38:29Z,2026-09-23T06:38:29+0200,abb44c57-e6c5-48d3-b3dd-8f290af1258d,2026-09-17T14:45:00Z,2026-09-17T16:45:00+0200,-2.19,EUR/MWh,ES,ES,imbalance_price,Long,2026-09-23T04:42:03Z
2026-09-23T04:38:29Z,2026-09-23T06:38:29+0200,abb44c57-e6c5-48d3-b3dd-8f290af1258d,2026-09-17T14:45:00Z,2026-09-17T16:45:00+0200,-2.19,EUR/MWh,ES,ES,imbalance_price,Short,2026-09-23T04:42:03Z
2026-09-23T04:38:29Z,2026-09-23T06:38:29+0200,abb44c57-e6c5-48d3-b3dd-8f290af1258d,2026-09-17T15:00:00Z,2026-09-17T17:00:00+0200,-6.23,EUR/MWh,ES,ES,imbalance_price,Long,2026-09-23T04:42:03Z
2026-09-23T04:38:29Z,2026-09-23T06:38:29+0200,abb44c57-e6c5-48d3-b3dd-8f290af1258d,2026-09-17T15:00:00Z,2026-09-17T17:00:00+0200,39.03,EUR/MWh,ES,ES,imbalance_price,Short,2026-09-23T04:42:03Z
2026-09-23T04:38:29Z,2026-09-23T06:38:29+0200,abb44c57-e6c5-48d3-b3dd-8f290af1258d,2026-09-17T15:15:00Z,2026-09-17T17:15:00+0200,-4.86,EUR/MWh,ES,ES,imbalance_price,Long,2026-09-23T04:42:03Z
2026-09-23T04:38:29Z,2026-09-23T06:38:29+0200,abb44c57-e6c5-48d3-b3dd-8f290af1258d,2026-09-17T15:15:00Z,2026-09-17T17:15:00+0200,192.74,EUR/MWh,ES,ES,imbalance_price,Short,2026-09-23T04:42:03Z
2026-09-23T04:38:29Z,2026-09-23T06:38:29+0200,abb44c57-e6c5-48d3-b3dd-8f290af1258d,2026-09-17T15:30:00Z,2026-09-17T17:30:00+0200,0.17,EUR/MWh,ES,ES,imbalance_price,Long,2026-09-23T04:42:03Z
2026-09-23T04:38:29Z,2026-09-23T06:38:29+0200,abb44c57-e6c5-48d3-b3dd-8f290af1258d,2026-09-17T15:30:00Z,2026-09-17T17:30:00+0200,175.52,EUR/MWh,ES,ES,imbalance_price,Short,2026-09-23T04:42:03Z
2026-09-23T04:38:29Z,2026-09-23T06:38:29+0200,abb44c57-e6c5-48d3-b3dd-8f290af1258d,2026-09-17T15:45:00Z,2026-09-17T17:45:00+0200,26.4,EUR/MWh,ES,ES,imbalance_price,Long,2026-09-23T04:42:03Z
2026-09-23T04:38:29Z,2026-09-23T06:38:29+0200,abb44c57-e6c5-48d3-b3dd-8f290af1258d,2026-09-17T15:45:00Z,2026-09-17T17:45:00+0200,26.4,EUR/MWh,ES,ES,imbalance_price,Short,2026-09-23T04:42:03Z
2026-09-23T04:38:29Z,2026-09-23T06:38:29+0200,abb44c57-e6c5-48d3-b3dd-8f290af1258d,2026-09-17T16:00:00Z,2026-09-17T18:00:00+0200,15.92,EUR/MWh,ES,ES,imbalance_price,Long,2026-09-23T04:42:03Z
2026-09-23T04:38:29Z,2026-09-23T06:38:29+0200,abb44c57-e6c5-48d3-b3dd-8f290af1258d,2026-09-17T16:00:00Z,2026-09-17T18:00:00+0200,15.92,EUR/MWh,ES,ES,imbalance_price,Short,2026-09-23T04:42:03Z
2026-09-23T04:38:29Z,2026-09-23T06:38:29+0200,abb44c57-e6c5-48d3-b3dd-8f290af1258d,2026-09-17T16:15:00Z,2026-09-17T18:15:00+0200,0.73,EUR/MWh,ES,ES,imbalance_price,Long,2026-09-23T04:42:03Z
2026-09-23T04:38:29Z,2026-09-23T06:38:29+0200,abb44c57-e6c5-48d3-b3dd-8f290af1258d,2026-09-17T16:15:00Z,2026-09-17T18:15:00+0200,172.66,EUR/MWh,ES,ES,imbalance_price,Short,2026-09-23T04:42:03Z
2026-09-23T04:38:29Z,2026-09-23T06:38:29+0200,abb44c57-e6c5-48d3-b3dd-8f290af1258d,2026-09-17T16:30:00Z,2026-09-17T18:30:00+0200,28.0,EUR/MWh,ES,ES,imbalance_price,Long,2026-09-23T04:42:03Z
2026-09-23T04:38:29Z,2026-09-23T06:38:29+0200,abb44c57-e6c5-48d3-b3dd-8f290af1258d,2026-09-17T16:30:00Z,2026-09-17T18:30:00+0200,199.89,EUR/MWh,ES,ES,imbalance_price,Short,2026-09-23T04:42:03Z
2026-09-23T04:38:29Z,2026-09-23T06:38:29+0200,abb44c57-e6c5-48d3-b3dd-8f290af1258d,2026-09-17T16:45:00Z,2026-09-17T18:45:00+0200,49.59,EUR/MWh,ES,ES,imbalance_price,Long,2026-09-23T04:42:03Z
2026-09-23T04:38:29Z,2026-09-23T06:38:29+0200,abb44c57-e6c5-48d3-b3dd-8f290af1258d,2026-09-17T16:45:00Z,2026-09-17T18:45:00+0200,216.8,EUR/MWh,ES,ES,imbalance_price,Short,2026-09-23T04:42:03Z
2026-09-23T04:38:29Z,2026-09-23T06:38:29+0200,abb44c57-e6c5-48d3-b3dd-8f290af1258d,2026-09-17T17:00:00Z,2026-09-17T19:00:00+0200,102.78,EUR/MWh,ES,ES,imbalance_price,Long,2026-09-23T04:42:03Z
2026-09-23T04:38:29Z,2026-09-23T06:38:29+0200,abb44c57-e6c5-48d3-b3dd-8f290af1258d,2026-09-17T17:00:00Z,2026-09-17T19:00:00+0200,184.83,EUR/MWh,ES,ES,imbalance_price,Short,2026-09-23T04:42:03Z
2026-09-23T04:38:29Z,2026-09-23T06:38:29+0200,abb44c57-e6c5-48d3-b3dd-8f290af1258d,2026-09-17T17:15:00Z,2026-09-17T19:15:00+0200,153.29,EUR/MWh,ES,ES,imbalance_price,Long,2026-09-23T04:42:03Z
2026-09-23T04:38:29Z,2026-09-23T06:38:29+0200,abb44c57-e6c5-48d3-b3dd-8f290af1258d,2026-09-17T17:15:00Z,2026-09-17T19:15:00+0200,231.85,EUR/MWh,ES,ES,imbalance_price,Short,2026-09-23T04:42:03Z
2026-09-23T04:38:29Z,2026-09-23T06:38:29+0200,abb44c57-e6c5-48d3-b3dd-8f290af1258d,2026-09-17T17:30:00Z,2026-09-17T19:30:00+0200,229.56,EUR/MWh,ES,ES,imbalance_price,Long,2026-09-23T04:42:03Z
2026-09-23T04:38:29Z,2026-09-23T06:38:29+0200,abb44c57-e6c5-48d3-b3dd-8f290af1258d,2026-09-17T17:30:00Z,2026-09-17T19:30:00+0200,229.56,EUR/MWh,ES,ES,imbalance_price,Short,2026-09-23T04:42:03Z
2026-09-23T04:38:29Z,2026-09-23T06:38:29+0200,abb44c57-e6c5-48d3-b3dd-8f290af1258d,2026-09-17T17:45:00Z,2026-09-17T19:45:00+0200,144.98,EUR/MWh,ES,ES,imbalance_price,Long,2026-09-23T04:42:03Z
2026-09-23T04:38:29Z,2026-09-23T06:38:29+0200,abb44c57-e6c5-48d3-b3dd-8f290af1258d,2026-09-17T17:45:00Z,2026-09-17T19:45:00+0200,231.43,EUR/MWh,ES,ES,imbalance_price,Short,2026-09-23T04:42:03Z
2026-09-23T04:38:29Z,2026-09-23T06:38:29+0200,abb44c57-e6c5-48d3-b3dd-8f290af1258d,2026-09-17T18:00:00Z,2026-09-17T20:00:00+0200,158.82,EUR/MWh,ES,ES,imbalance_price,Long,2026-09-23T04:42:03Z
2026-09-23T04:38:29Z,2026-09-23T06:38:29+0200,abb44c57-e6c5-48d3-b3dd-8f290af1258d,2026-09-17T18:00:00Z,2026-09-17T20:00:00+0200,205.39,EUR/MWh,ES,ES,imbalance_price,Short,2026-09-23T04:42:03Z
2026-09-23T04:38:29Z,2026-09-23T06:38:29+0200,abb44c57-e6c5-48d3-b3dd-8f290af1258d,2026-09-17T18:15:00Z,2026-09-17T20:15:00+0200,0.0,EUR/MWh,ES,ES,imbalance_price,Long,2026-09-23T04:42:03Z
2026-09-23T04:38:29Z,2026-09-23T06:38:29+0200,abb44c57-e6c5-48d3-b3dd-8f290af1258d,2026-09-17T18:15:00Z,2026-09-17T20:15:00+0200,196.76,EUR/MWh,ES,ES,imbalance_price,Short,2026-09-23T04:42:03Z
2026-09-23T04:38:29Z,2026-09-23T06:38:29+0200,abb44c57-e6c5-48d3-b3dd-8f290af1258d,2026-09-17T18:30:00Z,2026-09-17T20:30:00+0200,204.85,EUR/MWh,ES,ES,imbalance_price,Long,2026-09-23T04:42:03Z
2026-09-23T04:38:29Z,2026-09-23T06:38:29+0200,abb44c57-e6c5-48d3-b3dd-8f290af1258d,2026-09-17T18:30:00Z,2026-09-17T20:30:00+0200,204.85,EUR/MWh,ES,ES,imbalance_price,Short,2026-09-23T04:42:03Z
2026-09-23T04:38:29Z,2026-09-23T06:38:29+0200,abb44c57-e6c5-48d3-b3dd-8f290af1258d,2026-09-17T18:45:00Z,2026-09-17T20:45:00+0200,202.58,EUR/MWh,ES,ES,imbalance_price,Long,2026-09-23T04:42:03Z
2026-09-23T04:38:29Z,2026-09-23T06:38:29+0200,abb44c57-e6c5-48d3-b3dd-8f290af1258d,2026-09-17T18:45:00Z,2026-09-17T20:45:00+0200,202.58,EUR/MWh,ES,ES,imbalance_price,Short,2026-09-23T04:42:03Z
2026-09-23T04:38:29Z,2026-09-23T06:38:29+0200,abb44c57-e6c5-48d3-b3dd-8f290af1258d,2026-09-17T19:00:00Z,2026-09-17T21:00:00+0200,216.57,EUR/MWh,ES,ES,imbalance_price,Long,2026-09-23T04:42:03Z
2026-09-23T04:38:29Z,2026-09-23T06:38:29+0200,abb44c57-e6c5-48d3-b3dd-8f290af1258d,2026-09-17T19:00:00Z,2026-09-17T21:00:00+0200,216.57,EUR/MWh,ES,ES,imbalance_price,Short,2026-09-23T04:42:03Z
2026-09-23T04:38:29Z,2026-09-23T06:38:29+0200,abb44c57-e6c5-48d3-b3dd-8f290af1258d,2026-09-17T19:15:00Z,2026-09-17T21:15:00+0200,213.99,EUR/MWh,ES,ES,imbalance_price,Long,2026-09-23T04:42:03Z
2026-09-23T04:38:29Z,2026-09-23T06:38:29+0200,abb44c57-e6c5-48d3-b3dd-8f290af1258d,2026-09-17T19:15:00Z,2026-09-17T21:15:00+0200,213.99,EUR/MWh,ES,ES,imbalance_price,Short,2026-09-23T04:42:03Z
2026-09-23T04:38:29Z,2026-09-23T06:38:29+0200,abb44c57-e6c5-48d3-b3dd-8f290af1258d,2026-09-17T19:30:00Z,2026-09-17T21:30:00+0200,166.38,EUR/MWh,ES,ES,imbalance_price,Long,2026-09-23T04:42:03Z
2026-09-23T04:38:29Z,2026-09-23T06:38:29+0200,abb44c57-e6c5-48d3-b3dd-8f290af1258d,2026-09-17T19:30:00Z,2026-09-17T21:30:00+0200,196.83,EUR/MWh,ES,ES,imbalance_price,Short,2026-09-23T04:42:03Z
2026-09-23T04:38:29Z,2026-09-23T06:38:29+0200,abb44c57-e6c5-48d3-b3dd-8f290af1258d,2026-09-17T19:45:00Z,2026-09-17T21:45:00+0200,160.36,EUR/MWh,ES,ES,imbalance_price,Long,2026-09-23T04:42:03Z
2026-09-23T04:38:29Z,2026-09-23T06:38:29+0200,abb44c57-e6c5-48d3-b3dd-8f290af1258d,2026-09-17T19:45:00Z,2026-09-17T21:45:00+0200,197.2,EUR/MWh,ES,ES,imbalance_price,Short,2026-09-23T04:42:03Z
2026-09-23T04:38:29Z,2026-09-23T06:38:29+0200,abb44c57-e6c5-48d3-b3dd-8f290af1258d,2026-09-17T20:00:00Z,2026-09-17T22:00:00+0200,164.41,EUR/MWh,ES,ES,imbalance_price,Long,2026-09-23T04:42:03Z
2026-09-23T04:38:29Z,2026-09-23T06:38:29+0200,abb44c57-e6c5-48d3-b3dd-8f290af1258d,2026-09-17T20:00:00Z,2026-09-17T22:00:00+0200,188.88,EUR/MWh,ES,ES,imbalance_price,Short,2026-09-23T04:42:03Z
2026-09-23T04:38:29Z,2026-09-23T06:38:29+0200,abb44c57-e6c5-48d3-b3dd-8f290af1258d,2026-09-17T20:15:00Z,2026-09-17T22:15:00+0200,160.66,EUR/MWh,ES,ES,imbalance_price,Long,2026-09-23T04:42:03Z
2026-09-23T04:38:29Z,2026-09-23T06:38:29+0200,abb44c57-e6c5-48d3-b3dd-8f290af1258d,2026-09-17T20:15:00Z,2026-09-17T22:15:00+0200,187.49,EUR/MWh,ES,ES,imbalance_price,Short,2026-09-23T04:42:03Z
2026-09-23T04:38:29Z,2026-09-23T06:38:29+0200,abb44c57-e6c5-48d3-b3dd-8f290af1258d,2026-09-17T20:30:00Z,2026-09-17T22:30:00+0200,146.07,EUR/MWh,ES,ES,imbalance_price,Long,2026-09-23T04:42:03Z
2026-09-23T04:38:29Z,2026-09-23T06:38:29+0200,abb44c57-e6c5-48d3-b3dd-8f290af1258d,2026-09-17T20:30:00Z,2026-09-17T22:30:00+0200,169.7,EUR/MWh,ES,ES,imbalance_price,Short,2026-09-23T04:42:03Z
2026-09-23T04:38:29Z,2026-09-23T06:38:29+0200,abb44c57-e6c5-48d3-b3dd-8f290af1258d,2026-09-17T20:45:00Z,2026-09-17T22:45:00+0200,125.9,EUR/MWh,ES,ES,imbalance_price,Long,2026-09-23T04:42:03Z
2026-09-23T04:38:29Z,2026-09-23T06:38:29+0200,abb44c57-e6c5-48d3-b3dd-8f290af1258d,2026-09-17T20:45:00Z,2026-09-17T22:45:00+0200,106.08,EUR/MWh,ES,ES,imbalance_price,Short,2026-09-23T04:42:03Z
2026-09-23T04:38:29Z,2026-09-23T06:38:29+0200,abb44c57-e6c5-48d3-b3dd-8f290af1258d,2026-09-17T21:00:00Z,2026-09-17T23:00:00+0200,161.18,EUR/MWh,ES,ES,imbalance_price,Long,2026-09-23T04:42:03Z
2026-09-23T04:38:29Z,2026-09-23T06:38:29+0200,abb44c57-e6c5-48d3-b3dd-8f290af1258d,2026-09-17T21:00:00Z,2026-09-17T23:00:00+0200,153.31,EUR/MWh,ES,ES,imbalance_price,Short,2026-09-23T04:42:03Z
2026-09-23T04:38:29Z,2026-09-23T06:38:29+0200,abb44c57-e6c5-48d3-b3dd-8f290af1258d,2026-09-17T21:15:00Z,2026-09-17T23:15:00+0200,142.9,EUR/MWh,ES,ES,imbalance_price,Long,2026-09-23T04:42:03Z
2026-09-23T04:38:29Z,2026-09-23T06:38:29+0200,abb44c57-e6c5-48d3-b3dd-8f290af1258d,2026-09-17T21:15:00Z,2026-09-17T23:15:00+0200,157.61,EUR/MWh,ES,ES,imbalance_price,Short,2026-09-23T04:42:03Z
2026-09-23T04:38:29Z,2026-09-23T06:38:29+0200,abb44c57-e6c5-48d3-b3dd-8f290af1258d,2026-09-17T21:30:00Z,2026-09-17T23:30:00+0200,156.63,EUR/MWh,ES,ES,imbalance_price,Long,2026-09-23T04:42:03Z
2026-09-23T04:38:29Z,2026-09-23T06:38:29+0200,abb44c57-e6c5-48d3-b3dd-8f290af1258d,2026-09-17T21:30:00Z,2026-09-17T23:30:00+0200,114.75,EUR/MWh,ES,ES,imbalance_price,Short,2026-09-23T04:42:03Z
2026-09-23T04:38:29Z,2026-09-23T06:38:29+0200,abb44c57-e6c5-48d3-b3dd-8f290af1258d,2026-09-17T21:45:00Z,2026-09-17T23:45:00+0200,153.04,EUR/MWh,ES,ES,imbalance_price,Long,2026-09-23T04:42:03Z
2026-09-23T04:38:29Z,2026-09-23T06:38:29+0200,abb44c57-e6c5-48d3-b3dd-8f290af1258d,2026-09-17T21:45:00Z,2026-09-17T23:45:00+0200,177.76,EUR/MWh,ES,ES,imbalance_price,Short,2026-09-23T04:42:03Z
2026-09-23T04:38:29Z,2026-09-23T06:38:29+0200,abb44c57-e6c5-48d3-b3dd-8f290af1258d,2026-09-17T22:00:00Z,2026-09-18T00:00:00+0200,113.54,EUR/MWh,ES,ES,imbalance_price,Long,2026-09-23T04:42:03Z
2026-09-23T04:38:29Z,2026-09-23T06:38:29+0200,abb44c57-e6c5-48d3-b3dd-8f290af1258d,2026-09-17T22:00:00Z,2026-09-18T00:00:00+0200,146.01,EUR/MWh,ES,ES,imbalance_price,Short,2026-09-23T04:42:03Z
2026-09-23T04:38:29Z,2026-09-23T06:38:29+0200,abb44c57-e6c5-48d3-b3dd-8f290af1258d,2026-09-17T22:15:00Z,2026-09-18T00:15:00+0200,95.73,EUR/MWh,ES,ES,imbalance_price,Long,2026-09-23T04:42:03Z
2026-09-23T04:38:29Z,2026-09-23T06:38:29+0200,abb44c57-e6c5-48d3-b3dd-8f290af1258d,2026-09-17T22:15:00Z,2026-09-18T00:15:00+0200,156.65,EUR/MWh,ES,ES,imbalance_price,Short,2026-09-23T04:42:03Z
2026-09-23T04:38:29Z,2026-09-23T06:38:29+0200,abb44c57-e6c5-48d3-b3dd-8f290af1258d,2026-09-17T22:30:00Z,2026-09-18T00:30:00+0200,88.84,EUR/MWh,ES,ES,imbalance_price,Long,2026-09-23T04:42:03Z
2026-09-23T04:38:29Z,2026-09-23T06:38:29+0200,abb44c57-e6c5-48d3-b3dd-8f290af1258d,2026-09-17T22:30:00Z,2026-09-18T00:30:00+0200,151.03,EUR/MWh,ES,ES,imbalance_price,Short,2026-09-23T04:42:03Z
2026-09-23T04:38:29Z,2026-09-23T06:38:29+0200,abb44c57-e6c5-48d3-b3dd-8f290af1258d,2026-09-17T22:45:00Z,2026-09-18T00:45:00+0200,52.24,EUR/MWh,ES,ES,imbalance_price,Long,2026-09-23T04:42:03Z
2026-09-23T04:38:29Z,2026-09-23T06:38:29+0200,abb44c57-e6c5-48d3-b3dd-8f290af1258d,2026-09-17T22:45:00Z,2026-09-18T00:45:00+0200,145.72,EUR/MWh,ES,ES,imbalance_price,Short,2026-09-23T04:42:03Z
2026-09-23T04:38:29Z,2026-09-23T06:38:29+0200,abb44c57-e6c5-48d3-b3dd-8f290af1258d,2026-09-17T23:00:00Z,2026-09-18T01:00:00+0200,122.6,EUR/MWh,ES,ES,imbalance_price,Long,2026-09-23T04:42:03Z
2026-09-23T04:38:29Z,2026-09-23T06:38:29+0200,abb44c57-e6c5-48d3-b3dd-8f290af1258d,2026-09-17T23:00:00Z,2026-09-18T01:00:00+0200,144.71,EUR/MWh,ES,ES,imbalance_price,Short,2026-09-23T04:42:03Z
2026-09-23T04:38:29Z,2026-09-23T06:38:29+0200,abb44c57-e6c5-48d3-b3dd-8f290af1258d,2026-09-17T23:15:00Z,2026-09-18T01:15:00+0200,129.36,EUR/MWh,ES,ES,imbalance_price,Long,2026-09-23T04:42:03Z
2026-09-23T04:38:29Z,2026-09-23T06:38:29+0200,abb44c57-e6c5-48d3-b3dd-8f290af1258d,2026-09-17T23:15:00Z,2026-09-18T01:15:00+0200,129.36,EUR/MWh,ES,ES,imbalance_price,Short,2026-09-23T04:42:03Z
2026-09-23T04:38:29Z,2026-09-23T06:38:29+0200,abb44c57-e6c5-48d3-b3dd-8f290af1258d,2026-09-17T23:30:00Z,2026-09-18T01:30:00+0200,117.09,EUR/MWh,ES,ES,imbalance_price,Long,2026-09-23T04:42:03Z
2026-09-23T04:38:29Z,2026-09-23T06:38:29+0200,abb44c57-e6c5-48d3-b3dd-8f290af1258d,2026-09-17T23:30:00Z,2026-09-18T01:30:00+0200,137.53,EUR/MWh,ES,ES,imbalance_price,Short,2026-09-23T04:42:03Z
2026-09-23T04:38:29Z,2026-09-23T06:38:29+0200,abb44c57-e6c5-48d3-b3dd-8f290af1258d,2026-09-17T23:45:00Z,2026-09-18T01:45:00+0200,135.81,EUR/MWh,ES,ES,imbalance_price,Long,2026-09-23T04:42:03Z
2026-09-23T04:38:29Z,2026-09-23T06:38:29+0200,abb44c57-e6c5-48d3-b3dd-8f290af1258d,2026-09-17T23:45:00Z,2026-09-18T01:45:00+0200,135.81,EUR/MWh,ES,ES,imbalance_price,Short,2026-09-23T04:42:03Z
2026-09-23T04:38:29Z,2026-09-23T06:38:29+0200,abb44c57-e6c5-48d3-b3dd-8f290af1258d,2026-09-18T00:00:00Z,2026-09-18T02:00:00+0200,138.27,EUR/MWh,ES,ES,imbalance_price,Long,2026-09-23T04:42:03Z
2026-09-23T04:38:29Z,2026-09-23T06:38:29+0200,abb44c57-e6c5-48d3-b3dd-8f290af1258d,2026-09-18T00:00:00Z,2026-09-18T02:00:00+0200,138.27,EUR/MWh,ES,ES,imbalance_price,Short,2026-09-23T04:42:03Z
2026-09-23T04:38:29Z,2026-09-23T06:38:29+0200,abb44c57-e6c5-48d3-b3dd-8f290af1258d,2026-09-18T00:15:00Z,2026-09-18T02:15:00+0200,103.38,EUR/MWh,ES,ES,imbalance_price,Long,2026-09-23T04:42:03Z
2026-09-23T04:38:29Z,2026-09-23T06:38:29+0200,abb44c57-e6c5-48d3-b3dd-8f290af1258d,2026-09-18T00:15:00Z,2026-09-18T02:15:00+0200,112.73,EUR/MWh,ES,ES,imbalance_price,Short,2026-09-23T04:42:03Z
2026-09-23T04:38:29Z,2026-09-23T06:38:29+0200,abb44c57-e6c5-48d3-b3dd-8f290af1258d,2026-09-18T00:30:00Z,2026-09-18T02:30:00+0200,148.89,EUR/MWh,ES,ES,imbalance_price,Long,2026-09-23T04:42:03Z
2026-09-23T04:38:29Z,2026-09-23T06:38:29+0200,abb44c57-e6c5-48d3-b3dd-8f290af1258d,2026-09-18T00:30:00Z,2026-09-18T02:30:00+0200,181.64,EUR/MWh,ES,ES,imbalance_price,Short,2026-09-23T04:42:03Z
2026-09-23T04:38:29Z,2026-09-23T06:38:29+0200,abb44c57-e6c5-48d3-b3dd-8f290af1258d,2026-09-18T00:45:00Z,2026-09-18T02:45:00+0200,196.43,EUR/MWh,ES,ES,imbalance_price,Long,2026-09-23T04:42:03Z
2026-09-23T04:38:29Z,2026-09-23T06:38:29+0200,abb44c57-e6c5-48d3-b3dd-8f290af1258d,2026-09-18T00:45:00Z,2026-09-18T02:45:00+0200,196.43,EUR/MWh,ES,ES,imbalance_price,Short,2026-09-23T04:42:03Z
2026-09-23T04:38:29Z,2026-09-23T06:38:29+0200,abb44c57-e6c5-48d3-b3dd-8f290af1258d,2026-09-18T01:00:00Z,2026-09-18T03:00:00+0200,1.74,EUR/MWh,ES,ES,imbalance_price,Long,2026-09-23T04:42:03Z
2026-09-23T04:38:29Z,2026-09-23T06:38:29+0200,abb44c57-e6c5-48d3-b3dd-8f290af1258d,2026-09-18T01:00:00Z,2026-09-18T03:00:00+0200,139.09,EUR/MWh,ES,ES,imbalance_price,Short,2026-09-23T04:42:03Z
2026-09-23T04:38:29Z,2026-09-23T06:38:29+0200,abb44c57-e6c5-48d3-b3dd-8f290af1258d,2026-09-18T01:15:00Z,2026-09-18T03:15:00+0200,0.0,EUR/MWh,ES,ES,imbalance_price,Long,2026-09-23T04:42:03Z
2026-09-23T04:38:29Z,2026-09-23T06:38:29+0200,abb44c57-e6c5-48d3-b3dd-8f290af1258d,2026-09-18T01:15:00Z,2026-09-18T03:15:00+0200,156.28,EUR/MWh,ES,ES,imbalance_price,Short,2026-09-23T04:42:03Z
2026-09-23T04:38:29Z,2026-09-23T06:38:29+0200,abb44c57-e6c5-48d3-b3dd-8f290af1258d,2026-09-18T01:30:00Z,2026-09-18T03:30:00+0200,18.41,EUR/MWh,ES,ES,imbalance_price,Long,2026-09-23T04:42:03Z
2026-09-23T04:38:29Z,2026-09-23T06:38:29+0200,abb44c57-e6c5-48d3-b3dd-8f290af1258d,2026-09-18T01:30:00Z,2026-09-18T03:30:00+0200,150.29,EUR/MWh,ES,ES,imbalance_price,Short,2026-09-23T04:42:03Z
2026-09-23T04:38:29Z,2026-09-23T06:38:29+0200,abb44c57-e6c5-48d3-b3dd-8f290af1258d,2026-09-18T01:45:00Z,2026-09-18T03:45:00+0200,89.67,EUR/MWh,ES,ES,imbalance_price,Long,2026-09-23T04:42:03Z
2026-09-23T04:38:29Z,2026-09-23T06:38:29+0200,abb44c57-e6c5-48d3-b3dd-8f290af1258d,2026-09-18T01:45:00Z,2026-09-18T03:45:00+0200,160.8,EUR/MWh,ES,ES,imbalance_price,Short,2026-09-23T04:42:03Z
2026-09-23T04:38:29Z,2026-09-23T06:38:29+0200,abb44c57-e6c5-48d3-b3dd-8f290af1258d,2026-09-18T02:00:00Z,2026-09-18T04:00:00+0200,24.48,EUR/MWh,ES,ES,imbalance_price,Long,2026-09-23T04:42:03Z
2026-09-23T04:38:29Z,2026-09-23T06:38:29+0200,abb44c57-e6c5-48d3-b3dd-8f290af1258d,2026-09-18T02:00:00Z,2026-09-18T04:00:00+0200,160.0,EUR/MWh,ES,ES,imbalance_price,Short,2026-09-23T04:42:03Z
2026-09-23T04:38:29Z,2026-09-23T06:38:29+0200,abb44c57-e6c5-48d3-b3dd-8f290af1258d,2026-09-18T02:15:00Z,2026-09-18T04:15:00+0200,120.76,EUR/MWh,ES,ES,imbalance_price,Long,2026-09-23T04:42:03Z
2026-09-23T04:38:29Z,2026-09-23T06:38:29+0200,abb44c57-e6c5-48d3-b3dd-8f290af1258d,2026-09-18T02:15:00Z,2026-09-18T04:15:00+0200,154.84,EUR/MWh,ES,ES,imbalance_price,Short,2026-09-23T04:42:03Z
2026-09-23T04:38:29Z,2026-09-23T06:38:29+0200,abb44c57-e6c5-48d3-b3dd-8f290af1258d,2026-09-18T02:30:00Z,2026-09-18T04:30:00+0200,138.48,EUR/MWh,ES,ES,imbalance_price,Long,2026-09-23T04:42:03Z
2026-09-23T04:38:29Z,2026-09-23T06:38:29+0200,abb44c57-e6c5-48d3-b3dd-8f290af1258d,2026-09-18T02:30:00Z,2026-09-18T04:30:00+0200,161.07,EUR/MWh,ES,ES,imbalance_price,Short,2026-09-23T04:42:03Z
2026-09-23T04:38:29Z,2026-09-23T06:38:29+0200,abb44c57-e6c5-48d3-b3dd-8f290af1258d,2026-09-18T02:45:00Z,2026-09-18T04:45:00+0200,137.4,EUR/MWh,ES,ES,imbalance_price,Long,2026-09-23T04:42:03Z
2026-09-23T04:38:29Z,2026-09-23T06:38:29+0200,abb44c57-e6c5-48d3-b3dd-8f290af1258d,2026-09-18T02:45:00Z,2026-09-18T04:45:00+0200,156.43,EUR/MWh,ES,ES,imbalance_price,Short,2026-09-23T04:42:03Z
2026-09-23T04:38:29Z,2026-09-23T06:38:29+0200,abb44c57-e6c5-48d3-b3dd-8f290af1258d,2026-09-18T03:00:00Z,2026-09-18T05:00:00+0200,142.48,EUR/MWh,ES,ES,imbalance_price,Long,2026-09-23T04:42:03Z
2026-09-23T04:38:29Z,2026-09-23T06:38:29+0200,abb44c57-e6c5-48d3-b3dd-8f290af1258d,2026-09-18T03:00:00Z,2026-09-18T05:00:00+0200,156.44,EUR/MWh,ES,ES,imbalance_price,Short,2026-09-23T04:42:03Z
2026-09-23T04:38:29Z,2026-09-23T06:38:29+0200,abb44c57-e6c5-48d3-b3dd-8f290af1258d,2026-09-18T03:15:00Z,2026-09-18T05:15:00+0200,130.47,EUR/MWh,ES,ES,imbalance_price,Long,2026-09-23T04:42:03Z
2026-09-23T04:38:29Z,2026-09-23T06:38:29+0200,abb44c57-e6c5-48d3-b3dd-8f290af1258d,2026-09-18T03:15:00Z,2026-09-18T05:15:00+0200,154.73,EUR/MWh,ES,ES,imbalance_price,Short,2026-09-23T04:42:03Z
2026-09-23T04:38:29Z,2026-09-23T06:38:29+0200,abb44c57-e6c5-48d3-b3dd-8f290af1258d,2026-09-18T03:30:00Z,2026-09-18T05:30:00+0200,64.14,EUR/MWh,ES,ES,imbalance_price,Long,2026-09-23T04:42:03Z
2026-09-23T04:38:29Z,2026-09-23T06:38:29+0200,abb44c57-e6c5-48d3-b3dd-8f290af1258d,2026-09-18T03:30:00Z,2026-09-18T05:30:00+0200,154.1,EUR/MWh,ES,ES,imbalance_price,Short,2026-09-23T04:42:03Z
2026-09-23T04:38:29Z,2026-09-23T06:38:29+0200,abb44c57-e6c5-48d3-b3dd-8f290af1258d,2026-09-18T03:45:00Z,2026-09-18T05:45:00+0200,153.5,EUR/MWh,ES,ES,imbalance_price,Long,2026-09-23T04:42:03Z
2026-09-23T04:38:29Z,2026-09-23T06:38:29+0200,abb44c57-e6c5-48d3-b3dd-8f290af1258d,2026-09-18T03:45:00Z,2026-09-18T05:45:00+0200,142.92,EUR/MWh,ES,ES,imbalance_price,Short,2026-09-23T04:42:03Z
2026-09-23T04:38:29Z,2026-09-23T06:38:29+0200,abb44c57-e6c5-48d3-b3dd-8f290af1258d,2026-09-18T04:00:00Z,2026-09-18T06:00:00+0200,118.03,EUR/MWh,ES,ES,imbalance_price,Long,2026-09-23T04:42:03Z
2026-09-23T04:38:29Z,2026-09-23T06:38:29+0200,abb44c57-e6c5-48d3-b3dd-8f290af1258d,2026-09-18T04:00:00Z,2026-09-18T06:00:00+0200,159.57,EUR/MWh,ES,ES,imbalance_price,Short,2026-09-23T04:42:03Z
2026-09-23T04:38:29Z,2026-09-23T06:38:29+0200,abb44c57-e6c5-48d3-b3dd-8f290af1258d,2026-09-18T04:15:00Z,2026-09-18T06:15:00+0200,326.67,EUR/MWh,ES,ES,imbalance_price,Long,2026-09-23T04:42:03Z
2026-09-23T04:38:29Z,2026-09-23T06:38:29+0200,abb44c57-e6c5-48d3-b3dd-8f290af1258d,2026-09-18T04:15:00Z,2026-09-18T06:15:00+0200,326.67,EUR/MWh,ES,ES,imbalance_price,Short,2026-09-23T04:42:03Z
2026-09-23T04:38:29Z,2026-09-23T06:38:29+0200,abb44c57-e6c5-48d3-b3dd-8f290af1258d,2026-09-18T04:30:00Z,2026-09-18T06:30:00+0200,156.24,EUR/MWh,ES,ES,imbalance_price,Long,2026-09-23T04:42:03Z
2026-09-23T04:38:29Z,2026-09-23T06:38:29+0200,abb44c57-e6c5-48d3-b3dd-8f290af1258d,2026-09-18T04:30:00Z,2026-09-18T06:30:00+0200,178.48,EUR/MWh,ES,ES,imbalance_price,Short,2026-09-23T04:42:03Z
2026-09-23T04:38:29Z,2026-09-23T06:38:29+0200,abb44c57-e6c5-48d3-b3dd-8f290af1258d,2026-09-18T04:45:00Z,2026-09-18T06:45:00+0200,172.43,EUR/MWh,ES,ES,imbalance_price,Long,2026-09-23T04:42:03Z
2026-09-23T04:38:29Z,2026-09-23T06:38:29+0200,abb44c57-e6c5-48d3-b3dd-8f290af1258d,2026-09-18T04:45:00Z,2026-09-18T06:45:00+0200,172.43,EUR/MWh,ES,ES,imbalance_price,Short,2026-09-23T04:42:03Z
2026-09-23T04:38:29Z,2026-09-23T06:38:29+0200,abb44c57-e6c5-48d3-b3dd-8f290af1258d,2026-09-18T05:00:00Z,2026-09-18T07:00:00+0200,0.0,EUR/MWh,ES,ES,imbalance_price,Long,2026-09-23T04:42:03Z
2026-09-23T04:38:29Z,2026-09-23T06:38:29+0200,abb44c57-e6c5-48d3-b3dd-8f290af1258d,2026-09-18T05:00:00Z,2026-09-18T07:00:00+0200,166.46,EUR/MWh,ES,ES,imbalance_price,Short,2026-09-23T04:42:03Z
2026-09-23T04:38:29Z,2026-09-23T06:38:29+0200,abb44c57-e6c5-48d3-b3dd-8f290af1258d,2026-09-18T05:15:00Z,2026-09-18T07:15:00+0200,0.0,EUR/MWh,ES,ES,imbalance_price,Long,2026-09-23T04:42:03Z
2026-09-23T04:38:29Z,2026-09-23T06:38:29+0200,abb44c57-e6c5-48d3-b3dd-8f290af1258d,2026-09-18T05:15:00Z,2026-09-18T07:15:00+0200,163.06,EUR/MWh,ES,ES,imbalance_price,Short,2026-09-23T04:42:03Z
2026-09-23T04:38:29Z,2026-09-23T06:38:29+0200,abb44c57-e6c5-48d3-b3dd-8f290af1258d,2026-09-18T05:30:00Z,2026-09-18T07:30:00+0200,48.3,EUR/MWh,ES,ES,imbalance_price,Long,2026-09-23T04:42:03Z
2026-09-23T04:38:29Z,2026-09-23T06:38:29+0200,abb44c57-e6c5-48d3-b3dd-8f290af1258d,2026-09-18T05:30:00Z,2026-09-18T07:30:00+0200,163.89,EUR/MWh,ES,ES,imbalance_price,Short,2026-09-23T04:42:03Z
2026-09-23T04:38:29Z,2026-09-23T06:38:29+0200,abb44c57-e6c5-48d3-b3dd-8f290af1258d,2026-09-18T05:45:00Z,2026-09-18T07:45:00+0200,166.85,EUR/MWh,ES,ES,imbalance_price,Long,2026-09-23T04:42:03Z
2026-09-23T04:38:29Z,2026-09-23T06:38:29+0200,abb44c57-e6c5-48d3-b3dd-8f290af1258d,2026-09-18T05:45:00Z,2026-09-18T07:45:00+0200,166.85,EUR/MWh,ES,ES,imbalance_price,Short,2026-09-23T04:42:03Z
2026-09-23T04:38:29Z,2026-09-23T06:38:29+0200,abb44c57-e6c5-48d3-b3dd-8f290af1258d,2026-09-18T06:00:00Z,2026-09-18T08:00:00+0200,0.0,EUR/MWh,ES,ES,imbalance_price,Long,2026-09-23T04:42:03Z
2026-09-23T04:38:29Z,2026-09-23T06:38:29+0200,abb44c57-e6c5-48d3-b3dd-8f290af1258d,2026-09-18T06:00:00Z,2026-09-18T08:00:00+0200,184.75,EUR/MWh,ES,ES,imbalance_price,Short,2026-09-23T04:42:03Z
2026-09-23T04:38:29Z,2026-09-23T06:38:29+0200,abb44c57-e6c5-48d3-b3dd-8f290af1258d,2026-09-18T06:15:00Z,2026-09-18T08:15:00+0200,0.0,EUR/MWh,ES,ES,imbalance_price,Long,2026-09-23T04:42:03Z
2026-09-23T04:38:29Z,2026-09-23T06:38:29+0200,abb44c57-e6c5-48d3-b3dd-8f290af1258d,2026-09-18T06:15:00Z,2026-09-18T08:15:00+0200,168.34,EUR/MWh,ES,ES,imbalance_price,Short,2026-09-23T04:42:03Z
2026-09-23T04:38:29Z,2026-09-23T06:38:29+0200,abb44c57-e6c5-48d3-b3dd-8f290af1258d,2026-09-18T06:30:00Z,2026-09-18T08:30:00+0200,111.46,EUR/MWh,ES,ES,imbalance_price,Long,2026-09-23T04:42:03Z
2026-09-23T04:38:29Z,2026-09-23T06:38:29+0200,abb44c57-e6c5-48d3-b3dd-8f290af1258d,2026-09-18T06:30:00Z,2026-09-18T08:30:00+0200,186.18,EUR/MWh,ES,ES,imbalance_price,Short,2026-09-23T04:42:03Z
2026-09-23T04:38:29Z,2026-09-23T06:38:29+0200,abb44c57-e6c5-48d3-b3dd-8f290af1258d,2026-09-18T06:45:00Z,2026-09-18T08:45:00+0200,151.44,EUR/MWh,ES,ES,imbalance_price,Long,2026-09-23T04:42:03Z
2026-09-23T04:38:29Z,2026-09-23T06:38:29+0200,abb44c57-e6c5-48d3-b3dd-8f290af1258d,2026-09-18T06:45:00Z,2026-09-18T08:45:00+0200,184.34,EUR/MWh,ES,ES,imbalance_price,Short,2026-09-23T04:42:03Z
2026-09-23T04:38:29Z,2026-09-23T06:38:29+0200,abb44c57-e6c5-48d3-b3dd-8f290af1258d,2026-09-18T07:00:00Z,2026-09-18T09:00:00+0200,80.09,EUR/MWh,ES,ES,imbalance_price,Long,2026-09-23T04:42:03Z
2026-09-23T04:38:29Z,2026-09-23T06:38:29+0200,abb44c57-e6c5-48d3-b3dd-8f290af1258d,2026-09-18T07:00:00Z,2026-09-18T09:00:00+0200,184.37,EUR/MWh,ES,ES,imbalance_price,Short,2026-09-23T04:42:03Z
2026-09-23T04:38:29Z,2026-09-23T06:38:29+0200,abb44c57-e6c5-48d3-b3dd-8f290af1258d,2026-09-18T07:15:00Z,2026-09-18T09:15:00+0200,104.41,EUR/MWh,ES,ES,imbalance_price,Long,2026-09-23T04:42:03Z
2026-09-23T04:38:29Z,2026-09-23T06:38:29+0200,abb44c57-e6c5-48d3-b3dd-8f290af1258d,2026-09-18T07:15:00Z,2026-09-18T09:15:00+0200,180.58,EUR/MWh,ES,ES,imbalance_price,Short,2026-09-23T04:42:03Z
2026-09-23T04:38:29Z,2026-09-23T06:38:29+0200,abb44c57-e6c5-48d3-b3dd-8f290af1258d,2026-09-18T07:30:00Z,2026-09-18T09:30:00+0200,172.99,EUR/MWh,ES,ES,imbalance_price,Long,2026-09-23T04:42:03Z
2026-09-23T04:38:29Z,2026-09-23T06:38:29+0200,abb44c57-e6c5-48d3-b3dd-8f290af1258d,2026-09-18T07:30:00Z,2026-09-18T09:30:00+0200,172.99,EUR/MWh,ES,ES,imbalance_price,Short,2026-09-23T04:42:03Z
2026-09-23T04:38:29Z,2026-09-23T06:38:29+0200,abb44c57-e6c5-48d3-b3dd-8f290af1258d,2026-09-18T07:45:00Z,2026-09-18T09:45:00+0200,145.39,EUR/MWh,ES,ES,imbalance_price,Long,2026-09-23T04:42:03Z
2026-09-23T04:38:29Z,2026-09-23T06:38:29+0200,abb44c57-e6c5-48d3-b3dd-8f290af1258d,2026-09-18T07:45:00Z,2026-09-18T09:45:00+0200,145.39,EUR/MWh,ES,ES,imbalance_price,Short,2026-09-23T04:42:03Z
2026-09-23T04:38:29Z,2026-09-23T06:38:29+0200,abb44c57-e6c5-48d3-b3dd-8f290af1258d,2026-09-18T08:00:00Z,2026-09-18T10:00:00+0200,-4.83,EUR/MWh,ES,ES,imbalance_price,Long,2026-09-23T04:42:03Z
2026-09-23T04:38:29Z,2026-09-23T06:38:29+0200,abb44c57-e6c5-48d3-b3dd-8f290af1258d,2026-09-18T08:00:00Z,2026-09-18T10:00:00+0200,178.79,EUR/MWh,ES,ES,imbalance_price,Short,2026-09-23T04:42:03Z
2026-09-23T04:38:29Z,2026-09-23T06:38:29+0200,abb44c57-e6c5-48d3-b3dd-8f290af1258d,2026-09-18T08:15:00Z,2026-09-18T10:15:00+0200,-5.3,EUR/MWh,ES,ES,imbalance_price,Long,2026-09-23T04:42:03Z
2026-09-23T04:38:29Z,2026-09-23T06:38:29+0200,abb44c57-e6c5-48d3-b3dd-8f290af1258d,2026-09-18T08:15:00Z,2026-09-18T10:15:00+0200,165.89,EUR/MWh,ES,ES,imbalance_price,Short,2026-09-23T04:42:03Z
2026-09-23T04:38:29Z,2026-09-23T06:38:29+0200,abb44c57-e6c5-48d3-b3dd-8f290af1258d,2026-09-18T08:30:00Z,2026-09-18T10:30:00+0200,-3.86,EUR/MWh,ES,ES,imbalance_price,Long,2026-09-23T04:42:03Z
2026-09-23T04:38:29Z,2026-09-23T06:38:29+0200,abb44c57-e6c5-48d3-b3dd-8f290af1258d,2026-09-18T08:30:00Z,2026-09-18T10:30:00+0200,-3.86,EUR/MWh,ES,ES,imbalance_price,Short,2026-09-23T04:42:03Z
2026-09-23T04:38:29Z,2026-09-23T06:38:29+0200,abb44c57-e6c5-48d3-b3dd-8f290af1258d,2026-09-18T08:45:00Z,2026-09-18T10:45:00+0200,-1.86,EUR/MWh,ES,ES,imbalance_price,Long,2026-09-23T04:42:03Z
2026-09-23T04:38:29Z,2026-09-23T06:38:29+0200,abb44c57-e6c5-48d3-b3dd-8f290af1258d,2026-09-18T08:45:00Z,2026-09-18T10:45:00+0200,-1.86,EUR/MWh,ES,ES,imbalance_price,Short,2026-09-23T04:42:03Z
2026-09-23T04:38:29Z,2026-09-23T06:38:29+0200,abb44c57-e6c5-48d3-b3dd-8f290af1258d,2026-09-18T09:00:00Z,2026-09-18T11:00:00+0200,-0.57,EUR/MWh,ES,ES,imbalance_price,Long,2026-09-23T04:42:03Z
2026-09-23T04:38:29Z,2026-09-23T06:38:29+0200,abb44c57-e6c5-48d3-b3dd-8f290af1258d,2026-09-18T09:00:00Z,2026-09-18T11:00:00+0200,5.56,EUR/MWh,ES,ES,imbalance_price,Short,2026-09-23T04:42:03Z
2026-09-23T04:38:29Z,2026-09-23T06:38:29+0200,abb44c57-e6c5-48d3-b3dd-8f290af1258d,2026-09-18T09:15:00Z,2026-09-18T11:15:00+0200,-0.03,EUR/MWh,ES,ES,imbalance_price,Long,2026-09-23T04:42:03Z
2026-09-23T04:38:29Z,2026-09-23T06:38:29+0200,abb44c57-e6c5-48d3-b3dd-8f290af1258d,2026-09-18T09:15:00Z,2026-09-18T11:15:00+0200,31.49,EUR/MWh,ES,ES,imbalance_price,Short,2026-09-23T04:42:03Z
2026-09-23T04:38:29Z,2026-09-23T06:38:29+0200,abb44c57-e6c5-48d3-b3dd-8f290af1258d,2026-09-18T09:30:00Z,2026-09-18T11:30:00+0200,-0.01,EUR/MWh,ES,ES,imbalance_price,Long,2026-09-23T04:42:03Z
2026-09-23T04:38:29Z,2026-09-23T06:38:29+0200,abb44c57-e6c5-48d3-b3dd-8f290af1258d,2026-09-18T09:30:00Z,2026-09-18T11:30:00+0200,20.84,EUR/MWh,ES,ES,imbalance_price,Short,2026-09-23T04:42:03Z
2026-09-23T04:38:29Z,2026-09-23T06:38:29+0200,abb44c57-e6c5-48d3-b3dd-8f290af1258d,2026-09-18T09:45:00Z,2026-09-18T11:45:00+0200,-0.53,EUR/MWh,ES,ES,imbalance_price,Long,2026-09-23T04:42:03Z
2026-09-23T04:38:29Z,2026-09-23T06:38:29+0200,abb44c57-e6c5-48d3-b3dd-8f290af1258d,2026-09-18T09:45:00Z,2026-09-18T11:45:00+0200,37.21,EUR/MWh,ES,ES,imbalance_price,Short,2026-09-23T04:42:03Z
2026-09-23T04:38:29Z,2026-09-23T06:38:29+0200,abb44c57-e6c5-48d3-b3dd-8f290af1258d,2026-09-18T10:00:00Z,2026-09-18T12:00:00+0200,-0.69,EUR/MWh,ES,ES,imbalance_price,Long,2026-09-23T04:42:03Z
2026-09-23T04:38:29Z,2026-09-23T06:38:29+0200,abb44c57-e6c5-48d3-b3dd-8f290af1258d,2026-09-18T10:00:00Z,2026-09-18T12:00:00+0200,-0.69,EUR/MWh,ES,ES,imbalance_price,Short,2026-09-23T04:42:03Z
2026-09-23T04:38:29Z,2026-09-23T06:38:29+0200,abb44c57-e6c5-48d3-b3dd-8f290af1258d,2026-09-18T10:15:00Z,2026-09-18T12:15:00+0200,-1.48,EUR/MWh,ES,ES,imbalance_price,Long,2026-09-23T04:42:03Z
2026-09-23T04:38:29Z,2026-09-23T06:38:29+0200,abb44c57-e6c5-48d3-b3dd-8f290af1258d,2026-09-18T10:15:00Z,2026-09-18T12:15:00+0200,3.73,EUR/MWh,ES,ES,imbalance_price,Short,2026-09-23T04:42:03Z
2026-09-23T04:38:29Z,2026-09-23T06:38:29+0200,abb44c57-e6c5-48d3-b3dd-8f290af1258d,2026-09-18T10:30:00Z,2026-09-18T12:30:00+0200,-0.59,EUR/MWh,ES,ES,imbalance_price,Long,2026-09-23T04:42:03Z
2026-09-23T04:38:29Z,2026-09-23T06:38:29+0200,abb44c57-e6c5-48d3-b3dd-8f290af1258d,2026-09-18T10:30:00Z,2026-09-18T12:30:00+0200,15.98,EUR/MWh,ES,ES,imbalance_price,Short,2026-09-23T04:42:03Z
2026-09-23T04:38:29Z,2026-09-23T06:38:29+0200,abb44c57-e6c5-48d3-b3dd-8f290af1258d,2026-09-18T10:45:00Z,2026-09-18T12:45:00+0200,-0.15,EUR/MWh,ES,ES,imbalance_price,Long,2026-09-23T04:42:03Z
2026-09-23T04:38:29Z,2026-09-23T06:38:29+0200,abb44c57-e6c5-48d3-b3dd-8f290af1258d,2026-09-18T10:45:00Z,2026-09-18T12:45:00+0200,21.3,EUR/MWh,ES,ES,imbalance_price,Short,2026-09-23T04:42:03Z
2026-09-23T04:38:29Z,2026-09-23T06:38:29+0200,abb44c57-e6c5-48d3-b3dd-8f290af1258d,2026-09-18T11:00:00Z,2026-09-18T13:00:00+0200,0.0,EUR/MWh,ES,ES,imbalance_price,Long,2026-09-23T04:42:03Z
2026-09-23T04:38:29Z,2026-09-23T06:38:29+0200,abb44c57-e6c5-48d3-b3dd-8f290af1258d,2026-09-18T11:00:00Z,2026-09-18T13:00:00+0200,58.04,EUR/MWh,ES,ES,imbalance_price,Short,2026-09-23T04:42:03Z
2026-09-23T04:38:29Z,2026-09-23T06:38:29+0200,abb44c57-e6c5-48d3-b3dd-8f290af1258d,2026-09-18T11:15:00Z,2026-09-18T13:15:00+0200,26.97,EUR/MWh,ES,ES,imbalance_price,Long,2026-09-23T04:42:03Z
2026-09-23T04:38:29Z,2026-09-23T06:38:29+0200,abb44c57-e6c5-48d3-b3dd-8f290af1258d,2026-09-18T11:15:00Z,2026-09-18T13:15:00+0200,26.97,EUR/MWh,ES,ES,imbalance_price,Short,2026-09-23T04:42:03Z
2026-09-23T04:38:29Z,2026-09-23T06:38:29+0200,abb44c57-e6c5-48d3-b3dd-8f290af1258d,2026-09-18T11:30:00Z,2026-09-18T13:30:00+0200,-0.12,EUR/MWh,ES,ES,imbalance_price,Long,2026-09-23T04:42:03Z
2026-09-23T04:38:29Z,2026-09-23T06:38:29+0200,abb44c57-e6c5-48d3-b3dd-8f290af1258d,2026-09-18T11:30:00Z,2026-09-18T13:30:00+0200,2.81,EUR/MWh,ES,ES,imbalance_price,Short,2026-09-23T04:42:03Z
2026-09-23T04:38:29Z,2026-09-23T06:38:29+0200,abb44c57-e6c5-48d3-b3dd-8f290af1258d,2026-09-18T11:45:00Z,2026-09-18T13:45:00+0200,-2.14,EUR/MWh,ES,ES,imbalance_price,Long,2026-09-23T04:42:03Z
2026-09-23T04:38:29Z,2026-09-23T06:38:29+0200,abb44c57-e6c5-48d3-b3dd-8f290af1258d,2026-09-18T11:45:00Z,2026-09-18T13:45:00+0200,0.2,EUR/MWh,ES,ES,imbalance_price,Short,2026-09-23T04:42:03Z
2026-09-23T04:38:29Z,2026-09-23T06:38:29+0200,abb44c57-e6c5-48d3-b3dd-8f290af1258d,2026-09-18T12:00:00Z,2026-09-18T14:00:00+0200,-0.62,EUR/MWh,ES,ES,imbalance_price,Long,2026-09-23T04:42:03Z
2026-09-23T04:38:29Z,2026-09-23T06:38:29+0200,abb44c57-e6c5-48d3-b3dd-8f290af1258d,2026-09-18T12:00:00Z,2026-09-18T14:00:00+0200,1.02,EUR/MWh,ES,ES,imbalance_price,Short,2026-09-23T04:42:03Z
2026-09-23T04:38:29Z,2026-09-23T06:38:29+0200,abb44c57-e6c5-48d3-b3dd-8f290af1258d,2026-09-18T12:15:00Z,2026-09-18T14:15:00+0200,0.0,EUR/MWh,ES,ES,imbalance_price,Long,2026-09-23T04:42:03Z
2026-09-23T04:38:29Z,2026-09-23T06:38:29+0200,abb44c57-e6c5-48d3-b3dd-8f290af1258d,2026-09-18T12:15:00Z,2026-09-18T14:15:00+0200,8.09,EUR/MWh,ES,ES,imbalance_price,Short,2026-09-23T04:42:03Z
2026-09-23T04:38:29Z,2026-09-23T06:38:29+0200,abb44c57-e6c5-48d3-b3dd-8f290af1258d,2026-09-18T12:30:00Z,2026-09-18T14:30:00+0200,0.0,EUR/MWh,ES,ES,imbalance_price,Long,2026-09-23T04:42:03Z
2026-09-23T04:38:29Z,2026-09-23T06:38:29+0200,abb44c57-e6c5-48d3-b3dd-8f290af1258d,2026-09-18T12:30:00Z,2026-09-18T14:30:00+0200,12.94,EUR/MWh,ES,ES,imbalance_price,Short,2026-09-23T04:42:03Z
2026-09-23T04:38:29Z,2026-09-23T06:38:29+0200,abb44c57-e6c5-48d3-b3dd-8f290af1258d,2026-09-18T12:45:00Z,2026-09-18T14:45:00+0200,-0.59,EUR/MWh,ES,ES,imbalance_price,Long,2026-09-23T04:42:03Z
2026-09-23T04:38:29Z,2026-09-23T06:38:29+0200,abb44c57-e6c5-48d3-b3dd-8f290af1258d,2026-09-18T12:45:00Z,2026-09-18T14:45:00+0200,3.23,EUR/MWh,ES,ES,imbalance_price,Short,2026-09-23T04:42:03Z
2026-09-23T04:38:29Z,2026-09-23T06:38:29+0200,abb44c57-e6c5-48d3-b3dd-8f290af1258d,2026-09-18T13:00:00Z,2026-09-18T15:00:00+0200,-0.84,EUR/MWh,ES,ES,imbalance_price,Long,2026-09-23T04:42:03Z
2026-09-23T04:38:29Z,2026-09-23T06:38:29+0200,abb44c57-e6c5-48d3-b3dd-8f290af1258d,2026-09-18T13:00:00Z,2026-09-18T15:00:00+0200,144.9,EUR/MWh,ES,ES,imbalance_price,Short,2026-09-23T04:42:03Z
2026-09-23T04:38:29Z,2026-09-23T06:38:29+0200,abb44c57-e6c5-48d3-b3dd-8f290af1258d,2026-09-18T13:15:00Z,2026-09-18T15:15:00+0200,-0.67,EUR/MWh,ES,ES,imbalance_price,Long,2026-09-23T04:42:03Z
2026-09-23T04:38:29Z,2026-09-23T06:38:29+0200,abb44c57-e6c5-48d3-b3dd-8f290af1258d,2026-09-18T13:15:00Z,2026-09-18T15:15:00+0200,144.61,EUR/MWh,ES,ES,imbalance_price,Short,2026-09-23T04:42:03Z
2026-09-23T04:38:29Z,2026-09-23T06:38:29+0200,abb44c57-e6c5-48d3-b3dd-8f290af1258d,2026-09-18T13:30:00Z,2026-09-18T15:30:00+0200,-0.2,EUR/MWh,ES,ES,imbalance_price,Long,2026-09-23T04:42:03Z
2026-09-23T04:38:29Z,2026-09-23T06:38:29+0200,abb44c57-e6c5-48d3-b3dd-8f290af1258d,2026-09-18T13:30:00Z,2026-09-18T15:30:00+0200,1.01,EUR/MWh,ES,ES,imbalance_price,Short,2026-09-23T04:42:03Z
2026-09-23T04:38:29Z,2026-09-23T06:38:29+0200,abb44c57-e6c5-48d3-b3dd-8f290af1258d,2026-09-18T13:45:00Z,2026-09-18T15:45:00+0200,-1.17,EUR/MWh,ES,ES,imbalance_price,Long,2026-09-23T04:42:03Z
2026-09-23T04:38:29Z,2026-09-23T06:38:29+0200,abb44c57-e6c5-48d3-b3dd-8f290af1258d,2026-09-18T13:45:00Z,2026-09-18T15:45:00+0200,1.22,EUR/MWh,ES,ES,imbalance_price,Short,2026-09-23T04:42:03Z
2026-09-23T04:38:29Z,2026-09-23T06:38:29+0200,abb44c57-e6c5-48d3-b3dd-8f290af1258d,2026-09-18T14:00:00Z,2026-09-18T16:00:00+0200,-1.12,EUR/MWh,ES,ES,imbalance_price,Long,2026-09-23T04:42:03Z
2026-09-23T04:38:29Z,2026-09-23T06:38:29+0200,abb44c57-e6c5-48d3-b3dd-8f290af1258d,2026-09-18T14:00:00Z,2026-09-18T16:00:00+0200,0.03,EUR/MWh,ES,ES,imbalance_price,Short,2026-09-23T04:42:03Z
2026-09-23T04:38:29Z,2026-09-23T06:38:29+0200,abb44c57-e6c5-48d3-b3dd-8f290af1258d,2026-09-18T14:15:00Z,2026-09-18T16:15:00+0200,-2.64,EUR/MWh,ES,ES,imbalance_price,Long,2026-09-23T04:42:03Z
2026-09-23T04:38:29Z,2026-09-23T06:38:29+0200,abb44c57-e6c5-48d3-b3dd-8f290af1258d,2026-09-18T14:15:00Z,2026-09-18T16:15:00+0200,0.36,EUR/MWh,ES,ES,imbalance_price,Short,2026-09-23T04:42:03Z
2026-09-23T04:38:29Z,2026-09-23T06:38:29+0200,abb44c57-e6c5-48d3-b3dd-8f290af1258d,2026-09-18T14:30:00Z,2026-09-18T16:30:00+0200,-4.32,EUR/MWh,ES,ES,imbalance_price,Long,2026-09-23T04:42:03Z
2026-09-23T04:38:29Z,2026-09-23T06:38:29+0200,abb44c57-e6c5-48d3-b3dd-8f290af1258d,2026-09-18T14:30:00Z,2026-09-18T16:30:00+0200,0.2,EUR/MWh,ES,ES,imbalance_price,Short,2026-09-23T04:42:03Z
2026-09-23T04:38:29Z,2026-09-23T06:38:29+0200,abb44c57-e6c5-48d3-b3dd-8f290af1258d,2026-09-18T14:45:00Z,2026-09-18T16:45:00+0200,-0.88,EUR/MWh,ES,ES,imbalance_price,Long,2026-09-23T04:42:03Z
2026-09-23T04:38:29Z,2026-09-23T06:38:29+0200,abb44c57-e6c5-48d3-b3dd-8f290af1258d,2026-09-18T14:45:00Z,2026-09-18T16:45:00+0200,1.42,EUR/MWh,ES,ES,imbalance_price,Short,2026-09-23T04:42:03Z
2026-09-23T04:38:29Z,2026-09-23T06:38:29+0200,abb44c57-e6c5-48d3-b3dd-8f290af1258d,2026-09-18T15:00:00Z,2026-09-18T17:00:00+0200,2.46,EUR/MWh,ES,ES,imbalance_price,Long,2026-09-23T04:42:03Z
2026-09-23T04:38:29Z,2026-09-23T06:38:29+0200,abb44c57-e6c5-48d3-b3dd-8f290af1258d,2026-09-18T15:00:00Z,2026-09-18T17:00:00+0200,8.15,EUR/MWh,ES,ES,imbalance_price,Short,2026-09-23T04:42:03Z
2026-09-23T04:38:29Z,2026-09-23T06:38:29+0200,abb44c57-e6c5-48d3-b3dd-8f290af1258d,2026-09-18T15:15:00Z,2026-09-18T17:15:00+0200,-1.75,EUR/MWh,ES,ES,imbalance_price,Long,2026-09-23T04:42:03Z
2026-09-23T04:38:29Z,2026-09-23T06:38:29+0200,abb44c57-e6c5-48d3-b3dd-8f290af1258d,2026-09-18T15:15:00Z,2026-09-18T17:15:00+0200,20.24,EUR/MWh,ES,ES,imbalance_price,Short,2026-09-23T04:42:03Z
2026-09-23T04:38:29Z,2026-09-23T06:38:29+0200,abb44c57-e6c5-48d3-b3dd-8f290af1258d,2026-09-18T15:30:00Z,2026-09-18T17:30:00+0200,9.19,EUR/MWh,ES,ES,imbalance_price,Long,2026-09-23T04:42:03Z
2026-09-23T04:38:29Z,2026-09-23T06:38:29+0200,abb44c57-e6c5-48d3-b3dd-8f290af1258d,2026-09-18T15:30:00Z,2026-09-18T17:30:00+0200,43.11,EUR/MWh,ES,ES,imbalance_price,Short,2026-09-23T04:42:03Z
2026-09-23T04:38:29Z,2026-09-23T06:38:29+0200,abb44c57-e6c5-48d3-b3dd-8f290af1258d,2026-09-18T15:45:00Z,2026-09-18T17:45:00+0200,0.24,EUR/MWh,ES,ES,imbalance_price,Long,2026-09-23T04:42:03Z
2026-09-23T04:38:29Z,2026-09-23T06:38:29+0200,abb44c57-e6c5-48d3-b3dd-8f290af1258d,2026-09-18T15:45:00Z,2026-09-18T17:45:00+0200,39.23,EUR/MWh,ES,ES,imbalance_price,Short,2026-09-23T04:42:03Z
2026-09-23T04:38:29Z,2026-09-23T06:38:29+0200,abb44c57-e6c5-48d3-b3dd-8f290af1258d,2026-09-18T16:00:00Z,2026-09-18T18:00:00+0200,-5.76,EUR/MWh,ES,ES,imbalance_price,Long,2026-09-23T04:42:03Z
2026-09-23T04:38:29Z,2026-09-23T06:38:29+0200,abb44c57-e6c5-48d3-b3dd-8f290af1258d,2026-09-18T16:00:00Z,2026-09-18T18:00:00+0200,-5.76,EUR/MWh,ES,ES,imbalance_price,Short,2026-09-23T04:42:03Z
2026-09-23T04:38:29Z,2026-09-23T06:38:29+0200,abb44c57-e6c5-48d3-b3dd-8f290af1258d,2026-09-18T16:15:00Z,2026-09-18T18:15:00+0200,29.23,EUR/MWh,ES,ES,imbalance_price,Long,2026-09-23T04:42:03Z
2026-09-23T04:38:29Z,2026-09-23T06:38:29+0200,abb44c57-e6c5-48d3-b3dd-8f290af1258d,2026-09-18T16:15:00Z,2026-09-18T18:15:00+0200,118.42,EUR/MWh,ES,ES,imbalance_price,Short,2026-09-23T04:42:03Z
2026-09-23T04:38:29Z,2026-09-23T06:38:29+0200,abb44c57-e6c5-48d3-b3dd-8f290af1258d,2026-09-18T16:30:00Z,2026-09-18T18:30:00+0200,45.52,EUR/MWh,ES,ES,imbalance_price,Long,2026-09-23T04:42:03Z
2026-09-23T04:38:29Z,2026-09-23T06:38:29+0200,abb44c57-e6c5-48d3-b3dd-8f290af1258d,2026-09-18T16:30:00Z,2026-09-18T18:30:00+0200,132.7,EUR/MWh,ES,ES,imbalance_price,Short,2026-09-23T04:42:03Z
2026-09-23T04:38:29Z,2026-09-23T06:38:29+0200,abb44c57-e6c5-48d3-b3dd-8f290af1258d,2026-09-18T16:45:00Z,2026-09-18T18:45:00+0200,59.29,EUR/MWh,ES,ES,imbalance_price,Long,2026-09-23T04:42:03Z
2026-09-23T04:38:29Z,2026-09-23T06:38:29+0200,abb44c57-e6c5-48d3-b3dd-8f290af1258d,2026-09-18T16:45:00Z,2026-09-18T18:45:00+0200,188.65,EUR/MWh,ES,ES,imbalance_price,Short,2026-09-23T04:42:03Z
2026-09-23T04:38:29Z,2026-09-23T06:38:29+0200,abb44c57-e6c5-48d3-b3dd-8f290af1258d,2026-09-18T17:00:00Z,2026-09-18T19:00:00+0200,51.99,EUR/MWh,ES,ES,imbalance_price,Long,2026-09-23T04:42:03Z
2026-09-23T04:38:29Z,2026-09-23T06:38:29+0200,abb44c57-e6c5-48d3-b3dd-8f290af1258d,2026-09-18T17:00:00Z,2026-09-18T19:00:00+0200,182.63,EUR/MWh,ES,ES,imbalance_price,Short,2026-09-23T04:42:03Z
2026-09-23T04:38:29Z,2026-09-23T06:38:29+0200,abb44c57-e6c5-48d3-b3dd-8f290af1258d,2026-09-18T17:15:00Z,2026-09-18T19:15:00+0200,146.29,EUR/MWh,ES,ES,imbalance_price,Long,2026-09-23T04:42:03Z
2026-09-23T04:38:29Z,2026-09-23T06:38:29+0200,abb44c57-e6c5-48d3-b3dd-8f290af1258d,2026-09-18T17:15:00Z,2026-09-18T19:15:00+0200,197.77,EUR/MWh,ES,ES,imbalance_price,Short,2026-09-23T04:42:03Z
2026-09-23T04:38:29Z,2026-09-23T06:38:29+0200,abb44c57-e6c5-48d3-b3dd-8f290af1258d,2026-09-18T17:30:00Z,2026-09-18T19:30:00+0200,208.64,EUR/MWh,ES,ES,imbalance_price,Long,2026-09-23T04:42:03Z
2026-09-23T04:38:29Z,2026-09-23T06:38:29+0200,abb44c57-e6c5-48d3-b3dd-8f290af1258d,2026-09-18T17:30:00Z,2026-09-18T19:30:00+0200,208.64,EUR/MWh,ES,ES,imbalance_price,Short,2026-09-23T04:42:03Z
2026-09-23T04:38:29Z,2026-09-23T06:38:29+0200,abb44c57-e6c5-48d3-b3dd-8f290af1258d,2026-09-18T17:45:00Z,2026-09-18T19:45:00+0200,228.84,EUR/MWh,ES,ES,imbalance_price,Long,2026-09-23T04:42:03Z
2026-09-23T04:38:29Z,2026-09-23T06:38:29+0200,abb44c57-e6c5-48d3-b3dd-8f290af1258d,2026-09-18T17:45:00Z,2026-09-18T19:45:00+0200,228.84,EUR/MWh,ES,ES,imbalance_price,Short,2026-09-23T04:42:03Z
2026-09-23T04:38:29Z,2026-09-23T06:38:29+0200,abb44c57-e6c5-48d3-b3dd-8f290af1258d,2026-09-18T18:00:00Z,2026-09-18T20:00:00+0200,188.66,EUR/MWh,ES,ES,imbalance_price,Long,2026-09-23T04:42:03Z
2026-09-23T04:38:29Z,2026-09-23T06:38:29+0200,abb44c57-e6c5-48d3-b3dd-8f290af1258d,2026-09-18T18:00:00Z,2026-09-18T20:00:00+0200,188.66,EUR/MWh,ES,ES,imbalance_price,Short,2026-09-23T04:42:03Z
2026-09-23T04:38:29Z,2026-09-23T06:38:29+0200,abb44c57-e6c5-48d3-b3dd-8f290af1258d,2026-09-18T18:15:00Z,2026-09-18T20:15:00+0200,197.08,EUR/MWh,ES,ES,imbalance_price,Long,2026-09-23T04:42:03Z
2026-09-23T04:38:29Z,2026-09-23T06:38:29+0200,abb44c57-e6c5-48d3-b3dd-8f290af1258d,2026-09-18T18:15:00Z,2026-09-18T20:15:00+0200,197.08,EUR/MWh,ES,ES,imbalance_price,Short,2026-09-23T04:42:03Z
2026-09-23T04:38:29Z,2026-09-23T06:38:29+0200,abb44c57-e6c5-48d3-b3dd-8f290af1258d,2026-09-18T18:30:00Z,2026-09-18T20:30:00+0200,193.77,EUR/MWh,ES,ES,imbalance_price,Long,2026-09-23T04:42:03Z
2026-09-23T04:38:29Z,2026-09-23T06:38:29+0200,abb44c57-e6c5-48d3-b3dd-8f290af1258d,2026-09-18T18:30:00Z,2026-09-18T20:30:00+0200,193.77,EUR/MWh,ES,ES,imbalance_price,Short,2026-09-23T04:42:03Z
2026-09-23T04:38:29Z,2026-09-23T06:38:29+0200,abb44c57-e6c5-48d3-b3dd-8f290af1258d,2026-09-18T18:45:00Z,2026-09-18T20:45:00+0200,192.71,EUR/MWh,ES,ES,imbalance_price,Long,2026-09-23T04:42:03Z
2026-09-23T04:38:29Z,2026-09-23T06:38:29+0200,abb44c57-e6c5-48d3-b3dd-8f290af1258d,2026-09-18T18:45:00Z,2026-09-18T20:45:00+0200,192.71,EUR/MWh,ES,ES,imbalance_price,Short,2026-09-23T04:42:03Z
2026-09-23T04:38:29Z,2026-09-23T06:38:29+0200,abb44c57-e6c5-48d3-b3dd-8f290af1258d,2026-09-18T19:00:00Z,2026-09-18T21:00:00+0200,154.4,EUR/MWh,ES,ES,imbalance_price,Long,2026-09-23T04:42:03Z
2026-09-23T04:38:29Z,2026-09-23T06:38:29+0200,abb44c57-e6c5-48d3-b3dd-8f290af1258d,2026-09-18T19:00:00Z,2026-09-18T21:00:00+0200,195.2,EUR/MWh,ES,ES,imbalance_price,Short,2026-09-23T04:42:03Z
2026-09-23T04:38:29Z,2026-09-23T06:38:29+0200,abb44c57-e6c5-48d3-b3dd-8f290af1258d,2026-09-18T19:15:00Z,2026-09-18T21:15:00+0200,150.41,EUR/MWh,ES,ES,imbalance_price,Long,2026-09-23T04:42:03Z
2026-09-23T04:38:29Z,2026-09-23T06:38:29+0200,abb44c57-e6c5-48d3-b3dd-8f290af1258d,2026-09-18T19:15:00Z,2026-09-18T21:15:00+0200,189.84,EUR/MWh,ES,ES,imbalance_price,Short,2026-09-23T04:42:03Z
2026-09-23T04:38:29Z,2026-09-23T06:38:29+0200,abb44c57-e6c5-48d3-b3dd-8f290af1258d,2026-09-18T19:30:00Z,2026-09-18T21:30:00+0200,163.64,EUR/MWh,ES,ES,imbalance_price,Long,2026-09-23T04:42:03Z
2026-09-23T04:38:29Z,2026-09-23T06:38:29+0200,abb44c57-e6c5-48d3-b3dd-8f290af1258d,2026-09-18T19:30:00Z,2026-09-18T21:30:00+0200,181.36,EUR/MWh,ES,ES,imbalance_price,Short,2026-09-23T04:42:03Z
2026-09-23T04:38:29Z,2026-09-23T06:38:29+0200,abb44c57-e6c5-48d3-b3dd-8f290af1258d,2026-09-18T19:45:00Z,2026-09-18T21:45:00+0200,140.39,EUR/MWh,ES,ES,imbalance_price,Long,2026-09-23T04:42:03Z
2026-09-23T04:38:29Z,2026-09-23T06:38:29+0200,abb44c57-e6c5-48d3-b3dd-8f290af1258d,2026-09-18T19:45:00Z,2026-09-18T21:45:00+0200,182.27,EUR/MWh,ES,ES,imbalance_price,Short,2026-09-23T04:42:03Z
2026-09-23T04:38:29Z,2026-09-23T06:38:29+0200,abb44c57-e6c5-48d3-b3dd-8f290af1258d,2026-09-18T20:00:00Z,2026-09-18T22:00:00+0200,125.15,EUR/MWh,ES,ES,imbalance_price,Long,2026-09-23T04:42:03Z
2026-09-23T04:38:29Z,2026-09-23T06:38:29+0200,abb44c57-e6c5-48d3-b3dd-8f290af1258d,2026-09-18T20:00:00Z,2026-09-18T22:00:00+0200,174.88,EUR/MWh,ES,ES,imbalance_price,Short,2026-09-23T04:42:03Z
2026-09-23T04:38:29Z,2026-09-23T06:38:29+0200,abb44c57-e6c5-48d3-b3dd-8f290af1258d,2026-09-18T20:15:00Z,2026-09-18T22:15:00+0200,145.51,EUR/MWh,ES,ES,imbalance_price,Long,2026-09-23T04:42:03Z
2026-09-23T04:38:29Z,2026-09-23T06:38:29+0200,abb44c57-e6c5-48d3-b3dd-8f290af1258d,2026-09-18T20:15:00Z,2026-09-18T22:15:00+0200,168.26,EUR/MWh,ES,ES,imbalance_price,Short,2026-09-23T04:42:03Z
2026-09-23T04:38:29Z,2026-09-23T06:38:29+0200,abb44c57-e6c5-48d3-b3dd-8f290af1258d,2026-09-18T20:30:00Z,2026-09-18T22:30:00+0200,178.83,EUR/MWh,ES,ES,imbalance_price,Long,2026-09-23T04:42:03Z
2026-09-23T04:38:29Z,2026-09-23T06:38:29+0200,abb44c57-e6c5-48d3-b3dd-8f290af1258d,2026-09-18T20:30:00Z,2026-09-18T22:30:00+0200,178.83,EUR/MWh,ES,ES,imbalance_price,Short,2026-09-23T04:42:03Z
2026-09-23T04:38:29Z,2026-09-23T06:38:29+0200,abb44c57-e6c5-48d3-b3dd-8f290af1258d,2026-09-18T20:45:00Z,2026-09-18T22:45:00+0200,180.79,EUR/MWh,ES,ES,imbalance_price,Long,2026-09-23T04:42:03Z
2026-09-23T04:38:29Z,2026-09-23T06:38:29+0200,abb44c57-e6c5-48d3-b3dd-8f290af1258d,2026-09-18T20:45:00Z,2026-09-18T22:45:00+0200,180.79,EUR/MWh,ES,ES,imbalance_price,Short,2026-09-23T04:42:03Z
2026-09-23T04:38:29Z,2026-09-23T06:38:29+0200,abb44c57-e6c5-48d3-b3dd-8f290af1258d,2026-09-18T21:00:00Z,2026-09-18T23:00:00+0200,183.31,EUR/MWh,ES,ES,imbalance_price,Long,2026-09-23T04:42:03Z
2026-09-23T04:38:29Z,2026-09-23T06:38:29+0200,abb44c57-e6c5-48d3-b3dd-8f290af1258d,2026-09-18T21:00:00Z,2026-09-18T23:00:00+0200,183.31,EUR/MWh,ES,ES,imbalance_price,Short,2026-09-23T04:42:03Z
2026-09-23T04:38:29Z,2026-09-23T06:38:29+0200,abb44c57-e6c5-48d3-b3dd-8f290af1258d,2026-09-18T21:15:00Z,2026-09-18T23:15:00+0200,179.19,EUR/MWh,ES,ES,imbalance_price,Long,2026-09-23T04:42:03Z
2026-09-23T04:38:29Z,2026-09-23T06:38:29+0200,abb44c57-e6c5-48d3-b3dd-8f290af1258d,2026-09-18T21:15:00Z,2026-09-18T23:15:00+0200,179.19,EUR/MWh,ES,ES,imbalance_price,Short,2026-09-23T04:42:03Z
2026-09-23T04:38:29Z,2026-09-23T06:38:29+0200,abb44c57-e6c5-48d3-b3dd-8f290af1258d,2026-09-18T21:30:00Z,2026-09-18T23:30:00+0200,180.56,EUR/MWh,ES,ES,imbalance_price,Long,2026-09-23T04:42:03Z
2026-09-23T04:38:29Z,2026-09-23T06:38:29+0200,abb44c57-e6c5-48d3-b3dd-8f290af1258d,2026-09-18T21:30:00Z,2026-09-18T23:30:00+0200,180.56,EUR/MWh,ES,ES,imbalance_price,Short,2026-09-23T04:42:03Z
2026-09-23T04:38:29Z,2026-09-23T06:38:29+0200,abb44c57-e6c5-48d3-b3dd-8f290af1258d,2026-09-18T21:45:00Z,2026-09-18T23:45:00+0200,100.97,EUR/MWh,ES,ES,imbalance_price,Long,2026-09-23T04:42:03Z
2026-09-23T04:38:29Z,2026-09-23T06:38:29+0200,abb44c57-e6c5-48d3-b3dd-8f290af1258d,2026-09-18T21:45:00Z,2026-09-18T23:45:00+0200,183.63,EUR/MWh,ES,ES,imbalance_price,Short,2026-09-23T04:42:03Z
2026-09-23T04:38:29Z,2026-09-23T06:38:29+0200,abb44c57-e6c5-48d3-b3dd-8f290af1258d,2026-09-18T22:00:00Z,2026-09-19T00:00:00+0200,91.76,EUR/MWh,ES,ES,imbalance_price,Long,2026-09-23T04:42:03Z
2026-09-23T04:38:29Z,2026-09-23T06:38:29+0200,abb44c57-e6c5-48d3-b3dd-8f290af1258d,2026-09-18T22:00:00Z,2026-09-19T00:00:00+0200,187.39,EUR/MWh,ES,ES,imbalance_price,Short,2026-09-23T04:42:03Z
2026-09-23T04:38:29Z,2026-09-23T06:38:29+0200,abb44c57-e6c5-48d3-b3dd-8f290af1258d,2026-09-18T22:15:00Z,2026-09-19T00:15:00+0200,54.36,EUR/MWh,ES,ES,imbalance_price,Long,2026-09-23T04:42:03Z
2026-09-23T04:38:29Z,2026-09-23T06:38:29+0200,abb44c57-e6c5-48d3-b3dd-8f290af1258d,2026-09-18T22:15:00Z,2026-09-19T00:15:00+0200,187.39,EUR/MWh,ES,ES,imbalance_price,Short,2026-09-23T04:42:03Z
2026-09-23T04:38:29Z,2026-09-23T06:38:29+0200,abb44c57-e6c5-48d3-b3dd-8f290af1258d,2026-09-18T22:30:00Z,2026-09-19T00:30:00+0200,136.89,EUR/MWh,ES,ES,imbalance_price,Long,2026-09-23T04:42:03Z
2026-09-23T04:38:29Z,2026-09-23T06:38:29+0200,abb44c57-e6c5-48d3-b3dd-8f290af1258d,2026-09-18T22:30:00Z,2026-09-19T00:30:00+0200,181.41,EUR/MWh,ES,ES,imbalance_price,Short,2026-09-23T04:42:03Z
2026-09-23T04:38:29Z,2026-09-23T06:38:29+0200,abb44c57-e6c5-48d3-b3dd-8f290af1258d,2026-09-18T22:45:00Z,2026-09-19T00:45:00+0200,78.93,EUR/MWh,ES,ES,imbalance_price,Long,2026-09-23T04:42:03Z
2026-09-23T04:38:29Z,2026-09-23T06:38:29+0200,abb44c57-e6c5-48d3-b3dd-8f290af1258d,2026-09-18T22:45:00Z,2026-09-19T00:45:00+0200,180.82,EUR/MWh,ES,ES,imbalance_price,Short,2026-09-23T04:42:03Z
2026-09-23T04:38:29Z,2026-09-23T06:38:29+0200,abb44c57-e6c5-48d3-b3dd-8f290af1258d,2026-09-18T23:00:00Z,2026-09-19T01:00:00+0200,96.43,EUR/MWh,ES,ES,imbalance_price,Long,2026-09-23T04:42:03Z
2026-09-23T04:38:29Z,2026-09-23T06:38:29+0200,abb44c57-e6c5-48d3-b3dd-8f290af1258d,2026-09-18T23:00:00Z,2026-09-19T01:00:00+0200,180.03,EUR/MWh,ES,ES,imbalance_price,Short,2026-09-23T04:42:03Z
2026-09-23T04:38:29Z,2026-09-23T06:38:29+0200,abb44c57-e6c5-48d3-b3dd-8f290af1258d,2026-09-18T23:15:00Z,2026-09-19T01:15:00+0200,125.57,EUR/MWh,ES,ES,imbalance_price,Long,2026-09-23T04:42:03Z
2026-09-23T04:38:29Z,2026-09-23T06:38:29+0200,abb44c57-e6c5-48d3-b3dd-8f290af1258d,2026-09-18T23:15:00Z,2026-09-19T01:15:00+0200,179.65,EUR/MWh,ES,ES,imbalance_price,Short,2026-09-23T04:42:03Z
2026-09-23T04:38:29Z,2026-09-23T06:38:29+0200,abb44c57-e6c5-48d3-b3dd-8f290af1258d,2026-09-18T23:30:00Z,2026-09-19T01:30:00+0200,111.42,EUR/MWh,ES,ES,imbalance_price,Long,2026-09-23T04:42:03Z
2026-09-23T04:38:29Z,2026-09-23T06:38:29+0200,abb44c57-e6c5-48d3-b3dd-8f290af1258d,2026-09-18T23:30:00Z,2026-09-19T01:30:00+0200,176.92,EUR/MWh,ES,ES,imbalance_price,Short,2026-09-23T04:42:03Z
2026-09-23T04:38:29Z,2026-09-23T06:38:29+0200,abb44c57-e6c5-48d3-b3dd-8f290af1258d,2026-09-18T23:45:00Z,2026-09-19T01:45:00+0200,108.51,EUR/MWh,ES,ES,imbalance_price,Long,2026-09-23T04:42:03Z
2026-09-23T04:38:29Z,2026-09-23T06:38:29+0200,abb44c57-e6c5-48d3-b3dd-8f290af1258d,2026-09-18T23:45:00Z,2026-09-19T01:45:00+0200,183.75,EUR/MWh,ES,ES,imbalance_price,Short,2026-09-23T04:42:03Z
2026-09-23T04:38:29Z,2026-09-23T06:38:29+0200,abb44c57-e6c5-48d3-b3dd-8f290af1258d,2026-09-19T00:00:00Z,2026-09-19T02:00:00+0200,56.7,EUR/MWh,ES,ES,imbalance_price,Long,2026-09-23T04:42:03Z
2026-09-23T04:38:29Z,2026-09-23T06:38:29+0200,abb44c57-e6c5-48d3-b3dd-8f290af1258d,2026-09-19T00:00:00Z,2026-09-19T02:00:00+0200,132.11,EUR/MWh,ES,ES,imbalance_price,Short,2026-09-23T04:42:03Z
2026-09-23T04:38:29Z,2026-09-23T06:38:29+0200,abb44c57-e6c5-48d3-b3dd-8f290af1258d,2026-09-19T00:15:00Z,2026-09-19T02:15:00+0200,143.75,EUR/MWh,ES,ES,imbalance_price,Long,2026-09-23T04:42:03Z
2026-09-23T04:38:29Z,2026-09-23T06:38:29+0200,abb44c57-e6c5-48d3-b3dd-8f290af1258d,2026-09-19T00:15:00Z,2026-09-19T02:15:00+0200,129.66,EUR/MWh,ES,ES,imbalance_price,Short,2026-09-23T04:42:03Z
2026-09-23T04:38:29Z,2026-09-23T06:38:29+0200,abb44c57-e6c5-48d3-b3dd-8f290af1258d,2026-09-19T00:30:00Z,2026-09-19T02:30:00+0200,125.59,EUR/MWh,ES,ES,imbalance_price,Long,2026-09-23T04:42:03Z
2026-09-23T04:38:29Z,2026-09-23T06:38:29+0200,abb44c57-e6c5-48d3-b3dd-8f290af1258d,2026-09-19T00:30:00Z,2026-09-19T02:30:00+0200,133.31,EUR/MWh,ES,ES,imbalance_price,Short,2026-09-23T04:42:03Z
2026-09-23T04:38:29Z,2026-09-23T06:38:29+0200,abb44c57-e6c5-48d3-b3dd-8f290af1258d,2026-09-19T00:45:00Z,2026-09-19T02:45:00+0200,57.96,EUR/MWh,ES,ES,imbalance_price,Long,2026-09-23T04:42:03Z
2026-09-23T04:38:29Z,2026-09-23T06:38:29+0200,abb44c57-e6c5-48d3-b3dd-8f290af1258d,2026-09-19T00:45:00Z,2026-09-19T02:45:00+0200,186.08,EUR/MWh,ES,ES,imbalance_price,Short,2026-09-23T04:42:03Z
2026-09-23T04:38:29Z,2026-09-23T06:38:29+0200,abb44c57-e6c5-48d3-b3dd-8f290af1258d,2026-09-19T01:00:00Z,2026-09-19T03:00:00+0200,140.61,EUR/MWh,ES,ES,imbalance_price,Long,2026-09-23T04:42:03Z
2026-09-23T04:38:29Z,2026-09-23T06:38:29+0200,abb44c57-e6c5-48d3-b3dd-8f290af1258d,2026-09-19T01:00:00Z,2026-09-19T03:00:00+0200,188.73,EUR/MWh,ES,ES,imbalance_price,Short,2026-09-23T04:42:03Z
2026-09-23T04:38:29Z,2026-09-23T06:38:29+0200,abb44c57-e6c5-48d3-b3dd-8f290af1258d,2026-09-19T01:15:00Z,2026-09-19T03:15:00+0200,147.61,EUR/MWh,ES,ES,imbalance_price,Long,2026-09-23T04:42:03Z
2026-09-23T04:38:29Z,2026-09-23T06:38:29+0200,abb44c57-e6c5-48d3-b3dd-8f290af1258d,2026-09-19T01:15:00Z,2026-09-19T03:15:00+0200,186.64,EUR/MWh,ES,ES,imbalance_price,Short,2026-09-23T04:42:03Z
2026-09-23T04:38:29Z,2026-09-23T06:38:29+0200,abb44c57-e6c5-48d3-b3dd-8f290af1258d,2026-09-19T01:30:00Z,2026-09-19T03:30:00+0200,186.24,EUR/MWh,ES,ES,imbalance_price,Long,2026-09-23T04:42:03Z
2026-09-23T04:38:29Z,2026-09-23T06:38:29+0200,abb44c57-e6c5-48d3-b3dd-8f290af1258d,2026-09-19T01:30:00Z,2026-09-19T03:30:00+0200,186.24,EUR/MWh,ES,ES,imbalance_price,Short,2026-09-23T04:42:03Z
2026-09-23T04:38:29Z,2026-09-23T06:38:29+0200,abb44c57-e6c5-48d3-b3dd-8f290af1258d,2026-09-19T01:45:00Z,2026-09-19T03:45:00+0200,170.01,EUR/MWh,ES,ES,imbalance_price,Long,2026-09-23T04:42:03Z
2026-09-23T04:38:29Z,2026-09-23T06:38:29+0200,abb44c57-e6c5-48d3-b3dd-8f290af1258d,2026-09-19T01:45:00Z,2026-09-19T03:45:00+0200,199.04,EUR/MWh,ES,ES,imbalance_price,Short,2026-09-23T04:42:03Z
2026-09-23T04:38:29Z,2026-09-23T06:38:29+0200,abb44c57-e6c5-48d3-b3dd-8f290af1258d,2026-09-19T02:00:00Z,2026-09-19T04:00:00+0200,183.05,EUR/MWh,ES,ES,imbalance_price,Long,2026-09-23T04:42:03Z
2026-09-23T04:38:29Z,2026-09-23T06:38:29+0200,abb44c57-e6c5-48d3-b3dd-8f290af1258d,2026-09-19T02:00:00Z,2026-09-19T04:00:00+0200,183.05,EUR/MWh,ES,ES,imbalance_price,Short,2026-09-23T04:42:03Z
2026-09-23T04:38:29Z,2026-09-23T06:38:29+0200,abb44c57-e6c5-48d3-b3dd-8f290af1258d,2026-09-19T02:15:00Z,2026-09-19T04:15:00+0200,183.42,EUR/MWh,ES,ES,imbalance_price,Long,2026-09-23T04:42:03Z
2026-09-23T04:38:29Z,2026-09-23T06:38:29+0200,abb44c57-e6c5-48d3-b3dd-8f290af1258d,2026-09-19T02:15:00Z,2026-09-19T04:15:00+0200,183.42,EUR/MWh,ES,ES,imbalance_price,Short,2026-09-23T04:42:03Z
2026-09-23T04:38:29Z,2026-09-23T06:38:29+0200,abb44c57-e6c5-48d3-b3dd-8f290af1258d,2026-09-19T02:30:00Z,2026-09-19T04:30:00+0200,182.8,EUR/MWh,ES,ES,imbalance_price,Long,2026-09-23T04:42:03Z
2026-09-23T04:38:29Z,2026-09-23T06:38:29+0200,abb44c57-e6c5-48d3-b3dd-8f290af1258d,2026-09-19T02:30:00Z,2026-09-19T04:30:00+0200,182.8,EUR/MWh,ES,ES,imbalance_price,Short,2026-09-23T04:42:03Z
2026-09-23T04:38:29Z,2026-09-23T06:38:29+0200,abb44c57-e6c5-48d3-b3dd-8f290af1258d,2026-09-19T02:45:00Z,2026-09-19T04:45:00+0200,56.08,EUR/MWh,ES,ES,imbalance_price,Long,2026-09-23T04:42:03Z
2026-09-23T04:38:29Z,2026-09-23T06:38:29+0200,abb44c57-e6c5-48d3-b3dd-8f290af1258d,2026-09-19T02:45:00Z,2026-09-19T04:45:00+0200,185.02,EUR/MWh,ES,ES,imbalance_price,Short,2026-09-23T04:42:03Z
2026-09-23T04:38:29Z,2026-09-23T06:38:29+0200,abb44c57-e6c5-48d3-b3dd-8f290af1258d,2026-09-19T03:00:00Z,2026-09-19T05:00:00+0200,103.83,EUR/MWh,ES,ES,imbalance_price,Long,2026-09-23T04:42:03Z
2026-09-23T04:38:29Z,2026-09-23T06:38:29+0200,abb44c57-e6c5-48d3-b3dd-8f290af1258d,2026-09-19T03:00:00Z,2026-09-19T05:00:00+0200,187.03,EUR/MWh,ES,ES,imbalance_price,Short,2026-09-23T04:42:03Z
2026-09-23T04:38:29Z,2026-09-23T06:38:29+0200,abb44c57-e6c5-48d3-b3dd-8f290af1258d,2026-09-19T03:15:00Z,2026-09-19T05:15:00+0200,183.11,EUR/MWh,ES,ES,imbalance_price,Long,2026-09-23T04:42:03Z
2026-09-23T04:38:29Z,2026-09-23T06:38:29+0200,abb44c57-e6c5-48d3-b3dd-8f290af1258d,2026-09-19T03:15:00Z,2026-09-19T05:15:00+0200,183.11,EUR/MWh,ES,ES,imbalance_price,Short,2026-09-23T04:42:03Z
2026-09-23T04:38:29Z,2026-09-23T06:38:29+0200,abb44c57-e6c5-48d3-b3dd-8f290af1258d,2026-09-19T03:30:00Z,2026-09-19T05:30:00+0200,147.25,EUR/MWh,ES,ES,imbalance_price,Long,2026-09-23T04:42:03Z
2026-09-23T04:38:29Z,2026-09-23T06:38:29+0200,abb44c57-e6c5-48d3-b3dd-8f290af1258d,2026-09-19T03:30:00Z,2026-09-19T05:30:00+0200,180.61,EUR/MWh,ES,ES,imbalance_price,Short,2026-09-23T04:42:03Z
2026-09-23T04:38:29Z,2026-09-23T06:38:29+0200,abb44c57-e6c5-48d3-b3dd-8f290af1258d,2026-09-19T03:45:00Z,2026-09-19T05:45:00+0200,149.37,EUR/MWh,ES,ES,imbalance_price,Long,2026-09-23T04:42:03Z
2026-09-23T04:38:29Z,2026-09-23T06:38:29+0200,abb44c57-e6c5-48d3-b3dd-8f290af1258d,2026-09-19T03:45:00Z,2026-09-19T05:45:00+0200,182.35,EUR/MWh,ES,ES,imbalance_price,Short,2026-09-23T04:42:03Z
2026-09-23T04:38:29Z,2026-09-23T06:38:29+0200,abb44c57-e6c5-48d3-b3dd-8f290af1258d,2026-09-19T04:00:00Z,2026-09-19T06:00:00+0200,100.72,EUR/MWh,ES,ES,imbalance_price,Long,2026-09-23T04:42:03Z
2026-09-23T04:38:29Z,2026-09-23T06:38:29+0200,abb44c57-e6c5-48d3-b3dd-8f290af1258d,2026-09-19T04:00:00Z,2026-09-19T06:00:00+0200,181.85,EUR/MWh,ES,ES,imbalance_price,Short,2026-09-23T04:42:03Z
2026-09-23T04:38:29Z,2026-09-23T06:38:29+0200,abb44c57-e6c5-48d3-b3dd-8f290af1258d,2026-09-19T04:15:00Z,2026-09-19T06:15:00+0200,102.94,EUR/MWh,ES,ES,imbalance_price,Long,2026-09-23T04:42:03Z
2026-09-23T04:38:29Z,2026-09-23T06:38:29+0200,abb44c57-e6c5-48d3-b3dd-8f290af1258d,2026-09-19T04:15:00Z,2026-09-19T06:15:00+0200,182.23,EUR/MWh,ES,ES,imbalance_price,Short,2026-09-23T04:42:03Z
2026-09-23T04:38:29Z,2026-09-23T06:38:29+0200,abb44c57-e6c5-48d3-b3dd-8f290af1258d,2026-09-19T04:30:00Z,2026-09-19T06:30:00+0200,134.0,EUR/MWh,ES,ES,imbalance_price,Long,2026-09-23T04:42:03Z
2026-09-23T04:38:29Z,2026-09-23T06:38:29+0200,abb44c57-e6c5-48d3-b3dd-8f290af1258d,2026-09-19T04:30:00Z,2026-09-19T06:30:00+0200,183.2,EUR/MWh,ES,ES,imbalance_price,Short,2026-09-23T04:42:03Z
2026-09-23T04:38:29Z,2026-09-23T06:38:29+0200,abb44c57-e6c5-48d3-b3dd-8f290af1258d,2026-09-19T04:45:00Z,2026-09-19T06:45:00+0200,115.52,EUR/MWh,ES,ES,imbalance_price,Long,2026-09-23T04:42:03Z
2026-09-23T04:38:29Z,2026-09-23T06:38:29+0200,abb44c57-e6c5-48d3-b3dd-8f290af1258d,2026-09-19T04:45:00Z,2026-09-19T06:45:00+0200,183.2,EUR/MWh,ES,ES,imbalance_price,Short,2026-09-23T04:42:03Z
2026-09-23T04:38:29Z,2026-09-23T06:38:29+0200,abb44c57-e6c5-48d3-b3dd-8f290af1258d,2026-09-19T05:00:00Z,2026-09-19T07:00:00+0200,143.78,EUR/MWh,ES,ES,imbalance_price,Long,2026-09-23T04:42:03Z
2026-09-23T04:38:29Z,2026-09-23T06:38:29+0200,abb44c57-e6c5-48d3-b3dd-8f290af1258d,2026-09-19T05:00:00Z,2026-09-19T07:00:00+0200,184.3,EUR/MWh,ES,ES,imbalance_price,Short,2026-09-23T04:42:03Z
2026-09-23T04:38:29Z,2026-09-23T06:38:29+0200,abb44c57-e6c5-48d3-b3dd-8f290af1258d,2026-09-19T05:15:00Z,2026-09-19T07:15:00+0200,157.17,EUR/MWh,ES,ES,imbalance_price,Long,2026-09-23T04:42:03Z
2026-09-23T04:38:29Z,2026-09-23T06:38:29+0200,abb44c57-e6c5-48d3-b3dd-8f290af1258d,2026-09-19T05:15:00Z,2026-09-19T07:15:00+0200,183.11,EUR/MWh,ES,ES,imbalance_price,Short,2026-09-23T04:42:03Z
2026-09-23T04:38:29Z,2026-09-23T06:38:29+0200,abb44c57-e6c5-48d3-b3dd-8f290af1258d,2026-09-19T05:30:00Z,2026-09-19T07:30:00+0200,145.07,EUR/MWh,ES,ES,imbalance_price,Long,2026-09-23T04:42:03Z
2026-09-23T04:38:29Z,2026-09-23T06:38:29+0200,abb44c57-e6c5-48d3-b3dd-8f290af1258d,2026-09-19T05:30:00Z,2026-09-19T07:30:00+0200,181.49,EUR/MWh,ES,ES,imbalance_price,Short,2026-09-23T04:42:03Z
2026-09-23T04:38:29Z,2026-09-23T06:38:29+0200,abb44c57-e6c5-48d3-b3dd-8f290af1258d,2026-09-19T05:45:00Z,2026-09-19T07:45:00+0200,101.35,EUR/MWh,ES,ES,imbalance_price,Long,2026-09-23T04:42:03Z
2026-09-23T04:38:29Z,2026-09-23T06:38:29+0200,abb44c57-e6c5-48d3-b3dd-8f290af1258d,2026-09-19T05:45:00Z,2026-09-19T07:45:00+0200,179.15,EUR/MWh,ES,ES,imbalance_price,Short,2026-09-23T04:42:03Z
2026-09-23T04:38:29Z,2026-09-23T06:38:29+0200,abb44c57-e6c5-48d3-b3dd-8f290af1258d,2026-09-19T06:00:00Z,2026-09-19T08:00:00+0200,188.66,EUR/MWh,ES,ES,imbalance_price,Long,2026-09-23T04:42:03Z
2026-09-23T04:38:29Z,2026-09-23T06:38:29+0200,abb44c57-e6c5-48d3-b3dd-8f290af1258d,2026-09-19T06:00:00Z,2026-09-19T08:00:00+0200,188.66,EUR/MWh,ES,ES,imbalance_price,Short,2026-09-23T04:42:03Z
2026-09-23T04:38:29Z,2026-09-23T06:38:29+0200,abb44c57-e6c5-48d3-b3dd-8f290af1258d,2026-09-19T06:15:00Z,2026-09-19T08:15:00+0200,190.33,EUR/MWh,ES,ES,imbalance_price,Long,2026-09-23T04:42:03Z
2026-09-23T04:38:29Z,2026-09-23T06:38:29+0200,abb44c57-e6c5-48d3-b3dd-8f290af1258d,2026-09-19T06:15:00Z,2026-09-19T08:15:00+0200,190.33,EUR/MWh,ES,ES,imbalance_price,Short,2026-09-23T04:42:03Z
2026-09-23T04:38:29Z,2026-09-23T06:38:29+0200,abb44c57-e6c5-48d3-b3dd-8f290af1258d,2026-09-19T06:30:00Z,2026-09-19T08:30:00+0200,120.48,EUR/MWh,ES,ES,imbalance_price,Long,2026-09-23T04:42:03Z
2026-09-23T04:38:29Z,2026-09-23T06:38:29+0200,abb44c57-e6c5-48d3-b3dd-8f290af1258d,2026-09-19T06:30:00Z,2026-09-19T08:30:00+0200,185.2,EUR/MWh,ES,ES,imbalance_price,Short,2026-09-23T04:42:03Z
2026-09-23T04:38:29Z,2026-09-23T06:38:29+0200,abb44c57-e6c5-48d3-b3dd-8f290af1258d,2026-09-19T06:45:00Z,2026-09-19T08:45:00+0200,94.46,EUR/MWh,ES,ES,imbalance_price,Long,2026-09-23T04:42:03Z
2026-09-23T04:38:29Z,2026-09-23T06:38:29+0200,abb44c57-e6c5-48d3-b3dd-8f290af1258d,2026-09-19T06:45:00Z,2026-09-19T08:45:00+0200,172.7,EUR/MWh,ES,ES,imbalance_price,Short,2026-09-23T04:42:03Z
2026-09-23T04:38:29Z,2026-09-23T06:38:29+0200,abb44c57-e6c5-48d3-b3dd-8f290af1258d,2026-09-19T07:00:00Z,2026-09-19T09:00:00+0200,12.14,EUR/MWh,ES,ES,imbalance_price,Long,2026-09-23T04:42:03Z
2026-09-23T04:38:29Z,2026-09-23T06:38:29+0200,abb44c57-e6c5-48d3-b3dd-8f290af1258d,2026-09-19T07:00:00Z,2026-09-19T09:00:00+0200,189.29,EUR/MWh,ES,ES,imbalance_price,Short,2026-09-23T04:42:03Z
2026-09-23T04:38:29Z,2026-09-23T06:38:29+0200,abb44c57-e6c5-48d3-b3dd-8f290af1258d,2026-09-19T07:15:00Z,2026-09-19T09:15:00+0200,-22.11,EUR/MWh,ES,ES,imbalance_price,Long,2026-09-23T04:42:03Z
2026-09-23T04:38:29Z,2026-09-23T06:38:29+0200,abb44c57-e6c5-48d3-b3dd-8f290af1258d,2026-09-19T07:15:00Z,2026-09-19T09:15:00+0200,182.23,EUR/MWh,ES,ES,imbalance_price,Short,2026-09-23T04:42:03Z
2026-09-23T04:38:29Z,2026-09-23T06:38:29+0200,abb44c57-e6c5-48d3-b3dd-8f290af1258d,2026-09-19T07:30:00Z,2026-09-19T09:30:00+0200,-4.31,EUR/MWh,ES,ES,imbalance_price,Long,2026-09-23T04:42:03Z
2026-09-23T04:38:29Z,2026-09-23T06:38:29+0200,abb44c57-e6c5-48d3-b3dd-8f290af1258d,2026-09-19T07:30:00Z,2026-09-19T09:30:00+0200,158.16,EUR/MWh,ES,ES,imbalance_price,Short,2026-09-23T04:42:03Z
2026-09-23T04:38:29Z,2026-09-23T06:38:29+0200,abb44c57-e6c5-48d3-b3dd-8f290af1258d,2026-09-19T07:45:00Z,2026-09-19T09:45:00+0200,0.7,EUR/MWh,ES,ES,imbalance_price,Long,2026-09-23T04:42:03Z
2026-09-23T04:38:29Z,2026-09-23T06:38:29+0200,abb44c57-e6c5-48d3-b3dd-8f290af1258d,2026-09-19T07:45:00Z,2026-09-19T09:45:00+0200,6.24,EUR/MWh,ES,ES,imbalance_price,Short,2026-09-23T04:42:03Z
2026-09-23T04:38:29Z,2026-09-23T06:38:29+0200,abb44c57-e6c5-48d3-b3dd-8f290af1258d,2026-09-19T08:00:00Z,2026-09-19T10:00:00+0200,-2.1,EUR/MWh,ES,ES,imbalance_price,Long,2026-09-23T04:42:03Z
2026-09-23T04:38:29Z,2026-09-23T06:38:29+0200,abb44c57-e6c5-48d3-b3dd-8f290af1258d,2026-09-19T08:00:00Z,2026-09-19T10:00:00+0200,41.47,EUR/MWh,ES,ES,imbalance_price,Short,2026-09-23T04:42:03Z
2026-09-23T04:38:29Z,2026-09-23T06:38:29+0200,abb44c57-e6c5-48d3-b3dd-8f290af1258d,2026-09-19T08:15:00Z,2026-09-19T10:15:00+0200,-1.71,EUR/MWh,ES,ES,imbalance_price,Long,2026-09-23T04:42:03Z
2026-09-23T04:38:29Z,2026-09-23T06:38:29+0200,abb44c57-e6c5-48d3-b3dd-8f290af1258d,2026-09-19T08:15:00Z,2026-09-19T10:15:00+0200,5.5,EUR/MWh,ES,ES,imbalance_price,Short,2026-09-23T04:42:03Z
2026-09-23T04:38:29Z,2026-09-23T06:38:29+0200,abb44c57-e6c5-48d3-b3dd-8f290af1258d,2026-09-19T08:30:00Z,2026-09-19T10:30:00+0200,-3.37,EUR/MWh,ES,ES,imbalance_price,Long,2026-09-23T04:42:03Z
2026-09-23T04:38:29Z,2026-09-23T06:38:29+0200,abb44c57-e6c5-48d3-b3dd-8f290af1258d,2026-09-19T08:30:00Z,2026-09-19T10:30:00+0200,3.38,EUR/MWh,ES,ES,imbalance_price,Short,2026-09-23T04:42:03Z
2026-09-23T04:38:29Z,2026-09-23T06:38:29+0200,abb44c57-e6c5-48d3-b3dd-8f290af1258d,2026-09-19T08:45:00Z,2026-09-19T10:45:00+0200,-4.91,EUR/MWh,ES,ES,imbalance_price,Long,2026-09-23T04:42:03Z
2026-09-23T04:38:29Z,2026-09-23T06:38:29+0200,abb44c57-e6c5-48d3-b3dd-8f290af1258d,2026-09-19T08:45:00Z,2026-09-19T10:45:00+0200,0.01,EUR/MWh,ES,ES,imbalance_price,Short,2026-09-23T04:42:03Z
2026-09-23T04:38:29Z,2026-09-23T06:38:29+0200,abb44c57-e6c5-48d3-b3dd-8f290af1258d,2026-09-19T09:00:00Z,2026-09-19T11:00:00+0200,-6.8,EUR/MWh,ES,ES,imbalance_price,Long,2026-09-23T04:42:03Z
2026-09-23T04:38:29Z,2026-09-23T06:38:29+0200,abb44c57-e6c5-48d3-b3dd-8f290af1258d,2026-09-19T09:00:00Z,2026-09-19T11:00:00+0200,7.38,EUR/MWh,ES,ES,imbalance_price,Short,2026-09-23T04:42:03Z
2026-09-23T04:38:29Z,2026-09-23T06:38:29+0200,abb44c57-e6c5-48d3-b3dd-8f290af1258d,2026-09-19T09:15:00Z,2026-09-19T11:15:00+0200,-2.33,EUR/MWh,ES,ES,imbalance_price,Long,2026-09-23T04:42:03Z
2026-09-23T04:38:29Z,2026-09-23T06:38:29+0200,abb44c57-e6c5-48d3-b3dd-8f290af1258d,2026-09-19T09:15:00Z,2026-09-19T11:15:00+0200,1.67,EUR/MWh,ES,ES,imbalance_price,Short,2026-09-23T04:42:03Z
2026-09-23T04:38:29Z,2026-09-23T06:38:29+0200,abb44c57-e6c5-48d3-b3dd-8f290af1258d,2026-09-19T09:30:00Z,2026-09-19T11:30:00+0200,-0.71,EUR/MWh,ES,ES,imbalance_price,Long,2026-09-23T04:42:03Z
2026-09-23T04:38:29Z,2026-09-23T06:38:29+0200,abb44c57-e6c5-48d3-b3dd-8f290af1258d,2026-09-19T09:30:00Z,2026-09-19T11:30:00+0200,-0.71,EUR/MWh,ES,ES,imbalance_price,Short,2026-09-23T04:42:03Z
2026-09-23T04:38:29Z,2026-09-23T06:38:29+0200,abb44c57-e6c5-48d3-b3dd-8f290af1258d,2026-09-19T09:45:00Z,2026-09-19T11:45:00+0200,-0.36,EUR/MWh,ES,ES,imbalance_price,Long,2026-09-23T04:42:03Z
2026-09-23T04:38:29Z,2026-09-23T06:38:29+0200,abb44c57-e6c5-48d3-b3dd-8f290af1258d,2026-09-19T09:45:00Z,2026-09-19T11:45:00+0200,-0.36,EUR/MWh,ES,ES,imbalance_price,Short,2026-09-23T04:42:03Z
2026-09-23T04:38:29Z,2026-09-23T06:38:29+0200,abb44c57-e6c5-48d3-b3dd-8f290af1258d,2026-09-19T10:00:00Z,2026-09-19T12:00:00+0200,-1.41,EUR/MWh,ES,ES,imbalance_price,Long,2026-09-23T04:42:03Z
2026-09-23T04:38:29Z,2026-09-23T06:38:29+0200,abb44c57-e6c5-48d3-b3dd-8f290af1258d,2026-09-19T10:00:00Z,2026-09-19T12:00:00+0200,-1.41,EUR/MWh,ES,ES,imbalance_price,Short,2026-09-23T04:42:03Z
2026-09-23T04:38:29Z,2026-09-23T06:38:29+0200,abb44c57-e6c5-48d3-b3dd-8f290af1258d,2026-09-19T10:15:00Z,2026-09-19T12:15:00+0200,-0.15,EUR/MWh,ES,ES,imbalance_price,Long,2026-09-23T04:42:03Z
2026-09-23T04:38:29Z,2026-09-23T06:38:29+0200,abb44c57-e6c5-48d3-b3dd-8f290af1258d,2026-09-19T10:15:00Z,2026-09-19T12:15:00+0200,3.41,EUR/MWh,ES,ES,imbalance_price,Short,2026-09-23T04:42:03Z
2026-09-23T04:38:29Z,2026-09-23T06:38:29+0200,abb44c57-e6c5-48d3-b3dd-8f290af1258d,2026-09-19T10:30:00Z,2026-09-19T12:30:00+0200,-0.15,EUR/MWh,ES,ES,imbalance_price,Long,2026-09-23T04:42:03Z
2026-09-23T04:38:29Z,2026-09-23T06:38:29+0200,abb44c57-e6c5-48d3-b3dd-8f290af1258d,2026-09-19T10:30:00Z,2026-09-19T12:30:00+0200,3.62,EUR/MWh,ES,ES,imbalance_price,Short,2026-09-23T04:42:03Z
2026-09-23T04:38:29Z,2026-09-23T06:38:29+0200,abb44c57-e6c5-48d3-b3dd-8f290af1258d,2026-09-19T10:45:00Z,2026-09-19T12:45:00+0200,-0.44,EUR/MWh,ES,ES,imbalance_price,Long,2026-09-23T04:42:03Z
2026-09-23T04:38:29Z,2026-09-23T06:38:29+0200,abb44c57-e6c5-48d3-b3dd-8f290af1258d,2026-09-19T10:45:00Z,2026-09-19T12:45:00+0200,0.26,EUR/MWh,ES,ES,imbalance_price,Short,2026-09-23T04:42:03Z
2026-09-23T04:38:29Z,2026-09-23T06:38:29+0200,abb44c57-e6c5-48d3-b3dd-8f290af1258d,2026-09-19T11:00:00Z,2026-09-19T13:00:00+0200,-0.98,EUR/MWh,ES,ES,imbalance_price,Long,2026-09-23T04:42:03Z
2026-09-23T04:38:29Z,2026-09-23T06:38:29+0200,abb44c57-e6c5-48d3-b3dd-8f290af1258d,2026-09-19T11:00:00Z,2026-09-19T13:00:00+0200,1.11,EUR/MWh,ES,ES,imbalance_price,Short,2026-09-23T04:42:03Z
2026-09-23T04:38:29Z,2026-09-23T06:38:29+0200,abb44c57-e6c5-48d3-b3dd-8f290af1258d,2026-09-19T11:15:00Z,2026-09-19T13:15:00+0200,-1.15,EUR/MWh,ES,ES,imbalance_price,Long,2026-09-23T04:42:03Z
2026-09-23T04:38:29Z,2026-09-23T06:38:29+0200,abb44c57-e6c5-48d3-b3dd-8f290af1258d,2026-09-19T11:15:00Z,2026-09-19T13:15:00+0200,14.44,EUR/MWh,ES,ES,imbalance_price,Short,2026-09-23T04:42:03Z
2026-09-23T04:38:29Z,2026-09-23T06:38:29+0200,abb44c57-e6c5-48d3-b3dd-8f290af1258d,2026-09-19T11:30:00Z,2026-09-19T13:30:00+0200,-1.4,EUR/MWh,ES,ES,imbalance_price,Long,2026-09-23T04:42:03Z
2026-09-23T04:38:29Z,2026-09-23T06:38:29+0200,abb44c57-e6c5-48d3-b3dd-8f290af1258d,2026-09-19T11:30:00Z,2026-09-19T13:30:00+0200,0.3,EUR/MWh,ES,ES,imbalance_price,Short,2026-09-23T04:42:03Z
2026-09-23T04:38:29Z,2026-09-23T06:38:29+0200,abb44c57-e6c5-48d3-b3dd-8f290af1258d,2026-09-19T11:45:00Z,2026-09-19T13:45:00+0200,-1.4,EUR/MWh,ES,ES,imbalance_price,Long,2026-09-23T04:42:03Z
2026-09-23T04:38:29Z,2026-09-23T06:38:29+0200,abb44c57-e6c5-48d3-b3dd-8f290af1258d,2026-09-19T11:45:00Z,2026-09-19T13:45:00+0200,0.0,EUR/MWh,ES,ES,imbalance_price,Short,2026-09-23T04:42:03Z
2026-09-23T04:38:29Z,2026-09-23T06:38:29+0200,abb44c57-e6c5-48d3-b3dd-8f290af1258d,2026-09-19T12:00:00Z,2026-09-19T14:00:00+0200,-1.39,EUR/MWh,ES,ES,imbalance_price,Long,2026-09-23T04:42:03Z
2026-09-23T04:38:29Z,2026-09-23T06:38:29+0200,abb44c57-e6c5-48d3-b3dd-8f290af1258d,2026-09-19T12:00:00Z,2026-09-19T14:00:00+0200,0.07,EUR/MWh,ES,ES,imbalance_price,Short,2026-09-23T04:42:03Z
2026-09-23T04:38:29Z,2026-09-23T06:38:29+0200,abb44c57-e6c5-48d3-b3dd-8f290af1258d,2026-09-19T12:15:00Z,2026-09-19T14:15:00+0200,-1.41,EUR/MWh,ES,ES,imbalance_price,Long,2026-09-23T04:42:03Z
2026-09-23T04:38:29Z,2026-09-23T06:38:29+0200,abb44c57-e6c5-48d3-b3dd-8f290af1258d,2026-09-19T12:15:00Z,2026-09-19T14:15:00+0200,3.5,EUR/MWh,ES,ES,imbalance_price,Short,2026-09-23T04:42:03Z
2026-09-23T04:38:29Z,2026-09-23T06:38:29+0200,abb44c57-e6c5-48d3-b3dd-8f290af1258d,2026-09-19T12:30:00Z,2026-09-19T14:30:00+0200,-1.29,EUR/MWh,ES,ES,imbalance_price,Long,2026-09-23T04:42:03Z
2026-09-23T04:38:29Z,2026-09-23T06:38:29+0200,abb44c57-e6c5-48d3-b3dd-8f290af1258d,2026-09-19T12:30:00Z,2026-09-19T14:30:00+0200,2.34,EUR/MWh,ES,ES,imbalance_price,Short,2026-09-23T04:42:03Z
2026-09-23T04:38:29Z,2026-09-23T06:38:29+0200,abb44c57-e6c5-48d3-b3dd-8f290af1258d,2026-09-19T12:45:00Z,2026-09-19T14:45:00+0200,-1.11,EUR/MWh,ES,ES,imbalance_price,Long,2026-09-23T04:42:03Z
2026-09-23T04:38:29Z,2026-09-23T06:38:29+0200,abb44c57-e6c5-48d3-b3dd-8f290af1258d,2026-09-19T12:45:00Z,2026-09-19T14:45:00+0200,-1.11,EUR/MWh,ES,ES,imbalance_price,Short,2026-09-23T04:42:03Z
2026-09-23T04:38:29Z,2026-09-23T06:38:29+0200,abb44c57-e6c5-48d3-b3dd-8f290af1258d,2026-09-19T13:00:00Z,2026-09-19T15:00:00+0200,-0.7,EUR/MWh,ES,ES,imbalance_price,Long,2026-09-23T04:42:03Z
2026-09-23T04:38:29Z,2026-09-23T06:38:29+0200,abb44c57-e6c5-48d3-b3dd-8f290af1258d,2026-09-19T13:00:00Z,2026-09-19T15:00:00+0200,1.65,EUR/MWh,ES,ES,imbalance_price,Short,2026-09-23T04:42:03Z
2026-09-23T04:38:29Z,2026-09-23T06:38:29+0200,abb44c57-e6c5-48d3-b3dd-8f290af1258d,2026-09-19T13:15:00Z,2026-09-19T15:15:00+0200,-0.27,EUR/MWh,ES,ES,imbalance_price,Long,2026-09-23T04:42:03Z
2026-09-23T04:38:29Z,2026-09-23T06:38:29+0200,abb44c57-e6c5-48d3-b3dd-8f290af1258d,2026-09-19T13:15:00Z,2026-09-19T15:15:00+0200,3.2,EUR/MWh,ES,ES,imbalance_price,Short,2026-09-23T04:42:03Z
2026-09-23T04:38:29Z,2026-09-23T06:38:29+0200,abb44c57-e6c5-48d3-b3dd-8f290af1258d,2026-09-19T13:30:00Z,2026-09-19T15:30:00+0200,-0.17,EUR/MWh,ES,ES,imbalance_price,Long,2026-09-23T04:42:03Z
2026-09-23T04:38:29Z,2026-09-23T06:38:29+0200,abb44c57-e6c5-48d3-b3dd-8f290af1258d,2026-09-19T13:30:00Z,2026-09-19T15:30:00+0200,4.64,EUR/MWh,ES,ES,imbalance_price,Short,2026-09-23T04:42:03Z
2026-09-23T04:38:29Z,2026-09-23T06:38:29+0200,abb44c57-e6c5-48d3-b3dd-8f290af1258d,2026-09-19T13:45:00Z,2026-09-19T15:45:00+0200,-0.13,EUR/MWh,ES,ES,imbalance_price,Long,2026-09-23T04:42:03Z
2026-09-23T04:38:29Z,2026-09-23T06:38:29+0200,abb44c57-e6c5-48d3-b3dd-8f290af1258d,2026-09-19T13:45:00Z,2026-09-19T15:45:00+0200,2.38,EUR/MWh,ES,ES,imbalance_price,Short,2026-09-23T04:42:03Z
2026-09-23T04:38:29Z,2026-09-23T06:38:29+0200,abb44c57-e6c5-48d3-b3dd-8f290af1258d,2026-09-19T14:00:00Z,2026-09-19T16:00:00+0200,-0.15,EUR/MWh,ES,ES,imbalance_price,Long,2026-09-23T04:42:03Z
2026-09-23T04:38:29Z,2026-09-23T06:38:29+0200,abb44c57-e6c5-48d3-b3dd-8f290af1258d,2026-09-19T14:00:00Z,2026-09-19T16:00:00+0200,-0.15,EUR/MWh,ES,ES,imbalance_price,Short,2026-09-23T04:42:03Z
2026-09-23T04:38:29Z,2026-09-23T06:38:29+0200,abb44c57-e6c5-48d3-b3dd-8f290af1258d,2026-09-19T14:15:00Z,2026-09-19T16:15:00+0200,-0.1,EUR/MWh,ES,ES,imbalance_price,Long,2026-09-23T04:42:03Z
2026-09-23T04:38:29Z,2026-09-23T06:38:29+0200,abb44c57-e6c5-48d3-b3dd-8f290af1258d,2026-09-19T14:15:00Z,2026-09-19T16:15:00+0200,3.14,EUR/MWh,ES,ES,imbalance_price,Short,2026-09-23T04:42:03Z
2026-09-23T04:38:29Z,2026-09-23T06:38:29+0200,abb44c57-e6c5-48d3-b3dd-8f290af1258d,2026-09-19T14:30:00Z,2026-09-19T16:30:00+0200,-0.03,EUR/MWh,ES,ES,imbalance_price,Long,2026-09-23T04:42:03Z
2026-09-23T04:38:29Z,2026-09-23T06:38:29+0200,abb44c57-e6c5-48d3-b3dd-8f290af1258d,2026-09-19T14:30:00Z,2026-09-19T16:30:00+0200,-0.03,EUR/MWh,ES,ES,imbalance_price,Short,2026-09-23T04:42:03Z
2026-09-23T04:38:29Z,2026-09-23T06:38:29+0200,abb44c57-e6c5-48d3-b3dd-8f290af1258d,2026-09-19T14:45:00Z,2026-09-19T16:45:00+0200,-0.24,EUR/MWh,ES,ES,imbalance_price,Long,2026-09-23T04:42:03Z
2026-09-23T04:38:29Z,2026-09-23T06:38:29+0200,abb44c57-e6c5-48d3-b3dd-8f290af1258d,2026-09-19T14:45:00Z,2026-09-19T16:45:00+0200,-0.24,EUR/MWh,ES,ES,imbalance_price,Short,2026-09-23T04:42:03Z
2026-09-23T04:38:29Z,2026-09-23T06:38:29+0200,abb44c57-e6c5-48d3-b3dd-8f290af1258d,2026-09-19T15:00:00Z,2026-09-19T17:00:00+0200,-0.03,EUR/MWh,ES,ES,imbalance_price,Long,2026-09-23T04:42:03Z
2026-09-23T04:38:29Z,2026-09-23T06:38:29+0200,abb44c57-e6c5-48d3-b3dd-8f290af1258d,2026-09-19T15:00:00Z,2026-09-19T17:00:00+0200,-0.03,EUR/MWh,ES,ES,imbalance_price,Short,2026-09-23T04:42:03Z
2026-09-23T04:38:29Z,2026-09-23T06:38:29+0200,abb44c57-e6c5-48d3-b3dd-8f290af1258d,2026-09-19T15:15:00Z,2026-09-19T17:15:00+0200,0.0,EUR/MWh,ES,ES,imbalance_price,Long,2026-09-23T04:42:03Z
2026-09-23T04:38:29Z,2026-09-23T06:38:29+0200,abb44c57-e6c5-48d3-b3dd-8f290af1258d,2026-09-19T15:15:00Z,2026-09-19T17:15:00+0200,0.0,EUR/MWh,ES,ES,imbalance_price,Short,2026-09-23T04:42:03Z
2026-09-23T04:38:29Z,2026-09-23T06:38:29+0200,abb44c57-e6c5-48d3-b3dd-8f290af1258d,2026-09-19T15:30:00Z,2026-09-19T17:30:00+0200,-0.16,EUR/MWh,ES,ES,imbalance_price,Long,2026-09-23T04:42:03Z
2026-09-23T04:38:29Z,2026-09-23T06:38:29+0200,abb44c57-e6c5-48d3-b3dd-8f290af1258d,2026-09-19T15:30:00Z,2026-09-19T17:30:00+0200,-0.16,EUR/MWh,ES,ES,imbalance_price,Short,2026-09-23T04:42:03Z
2026-09-23T04:38:29Z,2026-09-23T06:38:29+0200,abb44c57-e6c5-48d3-b3dd-8f290af1258d,2026-09-19T15:45:00Z,2026-09-19T17:45:00+0200,-2.57,EUR/MWh,ES,ES,imbalance_price,Long,2026-09-23T04:42:03Z
2026-09-23T04:38:29Z,2026-09-23T06:38:29+0200,abb44c57-e6c5-48d3-b3dd-8f290af1258d,2026-09-19T15:45:00Z,2026-09-19T17:45:00+0200,134.48,EUR/MWh,ES,ES,imbalance_price,Short,2026-09-23T04:42:03Z
2026-09-23T04:38:29Z,2026-09-23T06:38:29+0200,abb44c57-e6c5-48d3-b3dd-8f290af1258d,2026-09-19T16:00:00Z,2026-09-19T18:00:00+0200,11.19,EUR/MWh,ES,ES,imbalance_price,Long,2026-09-23T04:42:03Z
2026-09-23T04:38:29Z,2026-09-23T06:38:29+0200,abb44c57-e6c5-48d3-b3dd-8f290af1258d,2026-09-19T16:00:00Z,2026-09-19T18:00:00+0200,11.19,EUR/MWh,ES,ES,imbalance_price,Short,2026-09-23T04:42:03Z
2026-09-23T04:38:29Z,2026-09-23T06:38:29+0200,abb44c57-e6c5-48d3-b3dd-8f290af1258d,2026-09-19T16:15:00Z,2026-09-19T18:15:00+0200,41.82,EUR/MWh,ES,ES,imbalance_price,Long,2026-09-23T04:42:03Z
2026-09-23T04:38:29Z,2026-09-23T06:38:29+0200,abb44c57-e6c5-48d3-b3dd-8f290af1258d,2026-09-19T16:15:00Z,2026-09-19T18:15:00+0200,48.07,EUR/MWh,ES,ES,imbalance_price,Short,2026-09-23T04:42:03Z
2026-09-23T04:38:29Z,2026-09-23T06:38:29+0200,abb44c57-e6c5-48d3-b3dd-8f290af1258d,2026-09-19T16:30:00Z,2026-09-19T18:30:00+0200,49.94,EUR/MWh,ES,ES,imbalance_price,Long,2026-09-23T04:42:03Z
2026-09-23T04:38:29Z,2026-09-23T06:38:29+0200,abb44c57-e6c5-48d3-b3dd-8f290af1258d,2026-09-19T16:30:00Z,2026-09-19T18:30:00+0200,82.09,EUR/MWh,ES,ES,imbalance_price,Short,2026-09-23T04:42:03Z
2026-09-23T04:38:29Z,2026-09-23T06:38:29+0200,abb44c57-e6c5-48d3-b3dd-8f290af1258d,2026-09-19T16:45:00Z,2026-09-19T18:45:00+0200,45.19,EUR/MWh,ES,ES,imbalance_price,Long,2026-09-23T04:42:03Z
2026-09-23T04:38:29Z,2026-09-23T06:38:29+0200,abb44c57-e6c5-48d3-b3dd-8f290af1258d,2026-09-19T16:45:00Z,2026-09-19T18:45:00+0200,143.76,EUR/MWh,ES,ES,imbalance_price,Short,2026-09-23T04:42:03Z
2026-09-23T04:38:29Z,2026-09-23T06:38:29+0200,abb44c57-e6c5-48d3-b3dd-8f290af1258d,2026-09-19T17:00:00Z,2026-09-19T19:00:00+0200,161.99,EUR/MWh,ES,ES,imbalance_price,Long,2026-09-23T04:42:03Z
2026-09-23T04:38:29Z,2026-09-23T06:38:29+0200,abb44c57-e6c5-48d3-b3dd-8f290af1258d,2026-09-19T17:00:00Z,2026-09-19T19:00:00+0200,161.99,EUR/MWh,ES,ES,imbalance_price,Short,2026-09-23T04:42:03Z
2026-09-23T04:38:29Z,2026-09-23T06:38:29+0200,abb44c57-e6c5-48d3-b3dd-8f290af1258d,2026-09-19T17:15:00Z,2026-09-19T19:15:00+0200,52.49,EUR/MWh,ES,ES,imbalance_price,Long,2026-09-23T04:42:03Z
2026-09-23T04:38:29Z,2026-09-23T06:38:29+0200,abb44c57-e6c5-48d3-b3dd-8f290af1258d,2026-09-19T17:15:00Z,2026-09-19T19:15:00+0200,181.88,EUR/MWh,ES,ES,imbalance_price,Short,2026-09-23T04:42:03Z
2026-09-23T04:38:29Z,2026-09-23T06:38:29+0200,abb44c57-e6c5-48d3-b3dd-8f290af1258d,2026-09-19T17:30:00Z,2026-09-19T19:30:00+0200,192.73,EUR/MWh,ES,ES,imbalance_price,Long,2026-09-23T04:42:03Z
2026-09-23T04:38:29Z,2026-09-23T06:38:29+0200,abb44c57-e6c5-48d3-b3dd-8f290af1258d,2026-09-19T17:30:00Z,2026-09-19T19:30:00+0200,192.73,EUR/MWh,ES,ES,imbalance_price,Short,2026-09-23T04:42:03Z
2026-09-23T04:38:29Z,2026-09-23T06:38:29+0200,abb44c57-e6c5-48d3-b3dd-8f290af1258d,2026-09-19T17:45:00Z,2026-09-19T19:45:00+0200,192.61,EUR/MWh,ES,ES,imbalance_price,Long,2026-09-23T04:42:03Z
2026-09-23T04:38:29Z,2026-09-23T06:38:29+0200,abb44c57-e6c5-48d3-b3dd-8f290af1258d,2026-09-19T17:45:00Z,2026-09-19T19:45:00+0200,192.61,EUR/MWh,ES,ES,imbalance_price,Short,2026-09-23T04:42:03Z
2026-09-23T04:38:29Z,2026-09-23T06:38:29+0200,abb44c57-e6c5-48d3-b3dd-8f290af1258d,2026-09-19T18:00:00Z,2026-09-19T20:00:00+0200,186.02,EUR/MWh,ES,ES,imbalance_price,Long,2026-09-23T04:42:03Z
2026-09-23T04:38:29Z,2026-09-23T06:38:29+0200,abb44c57-e6c5-48d3-b3dd-8f290af1258d,2026-09-19T18:00:00Z,2026-09-19T20:00:00+0200,186.02,EUR/MWh,ES,ES,imbalance_price,Short,2026-09-23T04:42:03Z
2026-09-23T04:38:29Z,2026-09-23T06:38:29+0200,abb44c57-e6c5-48d3-b3dd-8f290af1258d,2026-09-19T18:15:00Z,2026-09-19T20:15:00+0200,192.62,EUR/MWh,ES,ES,imbalance_price,Long,2026-09-23T04:42:03Z
2026-09-23T04:38:29Z,2026-09-23T06:38:29+0200,abb44c57-e6c5-48d3-b3dd-8f290af1258d,2026-09-19T18:15:00Z,2026-09-19T20:15:00+0200,192.62,EUR/MWh,ES,ES,imbalance_price,Short,2026-09-23T04:42:03Z
2026-09-23T04:38:29Z,2026-09-23T06:38:29+0200,abb44c57-e6c5-48d3-b3dd-8f290af1258d,2026-09-19T18:30:00Z,2026-09-19T20:30:00+0200,200.86,EUR/MWh,ES,ES,imbalance_price,Long,2026-09-23T04:42:03Z
2026-09-23T04:38:29Z,2026-09-23T06:38:29+0200,abb44c57-e6c5-48d3-b3dd-8f290af1258d,2026-09-19T18:30:00Z,2026-09-19T20:30:00+0200,200.86,EUR/MWh,ES,ES,imbalance_price,Short,2026-09-23T04:42:03Z
2026-09-23T04:38:29Z,2026-09-23T06:38:29+0200,abb44c57-e6c5-48d3-b3dd-8f290af1258d,2026-09-19T18:45:00Z,2026-09-19T20:45:00+0200,154.13,EUR/MWh,ES,ES,imbalance_price,Long,2026-09-23T04:42:03Z
2026-09-23T04:38:29Z,2026-09-23T06:38:29+0200,abb44c57-e6c5-48d3-b3dd-8f290af1258d,2026-09-19T18:45:00Z,2026-09-19T20:45:00+0200,222.49,EUR/MWh,ES,ES,imbalance_price,Short,2026-09-23T04:42:03Z
2026-09-23T04:38:29Z,2026-09-23T06:38:29+0200,abb44c57-e6c5-48d3-b3dd-8f290af1258d,2026-09-19T19:00:00Z,2026-09-19T21:00:00+0200,197.02,EUR/MWh,ES,ES,imbalance_price,Long,2026-09-23T04:42:03Z
2026-09-23T04:38:29Z,2026-09-23T06:38:29+0200,abb44c57-e6c5-48d3-b3dd-8f290af1258d,2026-09-19T19:00:00Z,2026-09-19T21:00:00+0200,197.02,EUR/MWh,ES,ES,imbalance_price,Short,2026-09-23T04:42:03Z
2026-09-23T04:38:29Z,2026-09-23T06:38:29+0200,abb44c57-e6c5-48d3-b3dd-8f290af1258d,2026-09-19T19:15:00Z,2026-09-19T21:15:00+0200,132.48,EUR/MWh,ES,ES,imbalance_price,Long,2026-09-23T04:42:03Z
2026-09-23T04:38:29Z,2026-09-23T06:38:29+0200,abb44c57-e6c5-48d3-b3dd-8f290af1258d,2026-09-19T19:15:00Z,2026-09-19T21:15:00+0200,197.0,EUR/MWh,ES,ES,imbalance_price,Short,2026-09-23T04:42:03Z
2026-09-23T04:38:29Z,2026-09-23T06:38:29+0200,abb44c57-e6c5-48d3-b3dd-8f290af1258d,2026-09-19T19:30:00Z,2026-09-19T21:30:00+0200,107.75,EUR/MWh,ES,ES,imbalance_price,Long,2026-09-23T04:42:03Z
2026-09-23T04:38:29Z,2026-09-23T06:38:29+0200,abb44c57-e6c5-48d3-b3dd-8f290af1258d,2026-09-19T19:30:00Z,2026-09-19T21:30:00+0200,193.81,EUR/MWh,ES,ES,imbalance_price,Short,2026-09-23T04:42:03Z
2026-09-23T04:38:29Z,2026-09-23T06:38:29+0200,abb44c57-e6c5-48d3-b3dd-8f290af1258d,2026-09-19T19:45:00Z,2026-09-19T21:45:00+0200,140.25,EUR/MWh,ES,ES,imbalance_price,Long,2026-09-23T04:42:03Z
2026-09-23T04:38:29Z,2026-09-23T06:38:29+0200,abb44c57-e6c5-48d3-b3dd-8f290af1258d,2026-09-19T19:45:00Z,2026-09-19T21:45:00+0200,187.93,EUR/MWh,ES,ES,imbalance_price,Short,2026-09-23T04:42:03Z
2026-09-23T04:38:29Z,2026-09-23T06:38:29+0200,abb44c57-e6c5-48d3-b3dd-8f290af1258d,2026-09-19T20:00:00Z,2026-09-19T22:00:00+0200,106.88,EUR/MWh,ES,ES,imbalance_price,Long,2026-09-23T04:42:03Z
2026-09-23T04:38:29Z,2026-09-23T06:38:29+0200,abb44c57-e6c5-48d3-b3dd-8f290af1258d,2026-09-19T20:00:00Z,2026-09-19T22:00:00+0200,182.8,EUR/MWh,ES,ES,imbalance_price,Short,2026-09-23T04:42:03Z
2026-09-23T04:38:29Z,2026-09-23T06:38:29+0200,abb44c57-e6c5-48d3-b3dd-8f290af1258d,2026-09-19T20:15:00Z,2026-09-19T22:15:00+0200,24.08,EUR/MWh,ES,ES,imbalance_price,Long,2026-09-23T04:42:03Z
2026-09-23T04:38:29Z,2026-09-23T06:38:29+0200,abb44c57-e6c5-48d3-b3dd-8f290af1258d,2026-09-19T20:15:00Z,2026-09-19T22:15:00+0200,189.97,EUR/MWh,ES,ES,imbalance_price,Short,2026-09-23T04:42:03Z
2026-09-23T04:38:29Z,2026-09-23T06:38:29+0200,abb44c57-e6c5-48d3-b3dd-8f290af1258d,2026-09-19T20:30:00Z,2026-09-19T22:30:00+0200,91.14,EUR/MWh,ES,ES,imbalance_price,Long,2026-09-23T04:42:03Z
2026-09-23T04:38:29Z,2026-09-23T06:38:29+0200,abb44c57-e6c5-48d3-b3dd-8f290af1258d,2026-09-19T20:30:00Z,2026-09-19T22:30:00+0200,185.76,EUR/MWh,ES,ES,imbalance_price,Short,2026-09-23T04:42:03Z
2026-09-23T04:38:29Z,2026-09-23T06:38:29+0200,abb44c57-e6c5-48d3-b3dd-8f290af1258d,2026-09-19T20:45:00Z,2026-09-19T22:45:00+0200,55.13,EUR/MWh,ES,ES,imbalance_price,Long,2026-09-23T04:42:03Z
2026-09-23T04:38:29Z,2026-09-23T06:38:29+0200,abb44c57-e6c5-48d3-b3dd-8f290af1258d,2026-09-19T20:45:00Z,2026-09-19T22:45:00+0200,182.18,EUR/MWh,ES,ES,imbalance_price,Short,2026-09-23T04:42:03Z
2026-09-23T04:38:29Z,2026-09-23T06:38:29+0200,abb44c57-e6c5-48d3-b3dd-8f290af1258d,2026-09-19T21:00:00Z,2026-09-19T23:00:00+0200,9.29,EUR/MWh,ES,ES,imbalance_price,Long,2026-09-23T04:42:03Z
2026-09-23T04:38:29Z,2026-09-23T06:38:29+0200,abb44c57-e6c5-48d3-b3dd-8f290af1258d,2026-09-19T21:00:00Z,2026-09-19T23:00:00+0200,188.76,EUR/MWh,ES,ES,imbalance_price,Short,2026-09-23T04:42:03Z
2026-09-23T04:38:29Z,2026-09-23T06:38:29+0200,abb44c57-e6c5-48d3-b3dd-8f290af1258d,2026-09-19T21:15:00Z,2026-09-19T23:15:00+0200,42.16,EUR/MWh,ES,ES,imbalance_price,Long,2026-09-23T04:42:03Z
2026-09-23T04:38:29Z,2026-09-23T06:38:29+0200,abb44c57-e6c5-48d3-b3dd-8f290af1258d,2026-09-19T21:15:00Z,2026-09-19T23:15:00+0200,184.5,EUR/MWh,ES,ES,imbalance_price,Short,2026-09-23T04:42:03Z
2026-09-23T04:38:29Z,2026-09-23T06:38:29+0200,abb44c57-e6c5-48d3-b3dd-8f290af1258d,2026-09-19T21:30:00Z,2026-09-19T23:30:00+0200,53.96,EUR/MWh,ES,ES,imbalance_price,Long,2026-09-23T04:42:03Z
2026-09-23T04:38:29Z,2026-09-23T06:38:29+0200,abb44c57-e6c5-48d3-b3dd-8f290af1258d,2026-09-19T21:30:00Z,2026-09-19T23:30:00+0200,180.6,EUR/MWh,ES,ES,imbalance_price,Short,2026-09-23T04:42:03Z
2026-09-23T04:38:29Z,2026-09-23T06:38:29+0200,abb44c57-e6c5-48d3-b3dd-8f290af1258d,2026-09-19T21:45:00Z,2026-09-19T23:45:00+0200,63.5,EUR/MWh,ES,ES,imbalance_price,Long,2026-09-23T04:42:03Z
2026-09-23T04:38:29Z,2026-09-23T06:38:29+0200,abb44c57-e6c5-48d3-b3dd-8f290af1258d,2026-09-19T21:45:00Z,2026-09-19T23:45:00+0200,177.64,EUR/MWh,ES,ES,imbalance_price,Short,2026-09-23T04:42:03Z
2026-09-23T04:38:29Z,2026-09-23T06:38:29+0200,abb44c57-e6c5-48d3-b3dd-8f290af1258d,2026-09-19T22:00:00Z,2026-09-20T00:00:00+0200,134.37,EUR/MWh,ES,ES,imbalance_price,Long,2026-09-23T04:42:03Z
2026-09-23T04:38:29Z,2026-09-23T06:38:29+0200,abb44c57-e6c5-48d3-b3dd-8f290af1258d,2026-09-19T22:00:00Z,2026-09-20T00:00:00+0200,172.21,EUR/MWh,ES,ES,imbalance_price,Short,2026-09-23T04:42:03Z
2026-09-23T04:38:29Z,2026-09-23T06:38:29+0200,abb44c57-e6c5-48d3-b3dd-8f290af1258d,2026-09-19T22:15:00Z,2026-09-20T00:15:00+0200,143.68,EUR/MWh,ES,ES,imbalance_price,Long,2026-09-23T04:42:03Z
2026-09-23T04:38:29Z,2026-09-23T06:38:29+0200,abb44c57-e6c5-48d3-b3dd-8f290af1258d,2026-09-19T22:15:00Z,2026-09-20T00:15:00+0200,164.15,EUR/MWh,ES,ES,imbalance_price,Short,2026-09-23T04:42:03Z
2026-09-23T04:38:29Z,2026-09-23T06:38:29+0200,abb44c57-e6c5-48d3-b3dd-8f290af1258d,2026-09-19T22:30:00Z,2026-09-20T00:30:00+0200,128.72,EUR/MWh,ES,ES,imbalance_price,Long,2026-09-23T04:42:03Z
2026-09-23T04:38:29Z,2026-09-23T06:38:29+0200,abb44c57-e6c5-48d3-b3dd-8f290af1258d,2026-09-19T22:30:00Z,2026-09-20T00:30:00+0200,169.44,EUR/MWh,ES,ES,imbalance_price,Short,2026-09-23T04:42:03Z
2026-09-23T04:38:29Z,2026-09-23T06:38:29+0200,abb44c57-e6c5-48d3-b3dd-8f290af1258d,2026-09-19T22:45:00Z,2026-09-20T00:45:00+0200,140.66,EUR/MWh,ES,ES,imbalance_price,Long,2026-09-23T04:42:03Z
2026-09-23T04:38:29Z,2026-09-23T06:38:29+0200,abb44c57-e6c5-48d3-b3dd-8f290af1258d,2026-09-19T22:45:00Z,2026-09-20T00:45:00+0200,167.17,EUR/MWh,ES,ES,imbalance_price,Short,2026-09-23T04:42:03Z
2026-09-23T04:38:29Z,2026-09-23T06:38:29+0200,abb44c57-e6c5-48d3-b3dd-8f290af1258d,2026-09-19T23:00:00Z,2026-09-20T01:00:00+0200,138.88,EUR/MWh,ES,ES,imbalance_price,Long,2026-09-23T04:42:03Z
2026-09-23T04:38:29Z,2026-09-23T06:38:29+0200,abb44c57-e6c5-48d3-b3dd-8f290af1258d,2026-09-19T23:00:00Z,2026-09-20T01:00:00+0200,171.73,EUR/MWh,ES,ES,imbalance_price,Short,2026-09-23T04:42:03Z
2026-09-23T04:38:29Z,2026-09-23T06:38:29+0200,abb44c57-e6c5-48d3-b3dd-8f290af1258d,2026-09-19T23:15:00Z,2026-09-20T01:15:00+0200,137.51,EUR/MWh,ES,ES,imbalance_price,Long,2026-09-23T04:42:03Z
2026-09-23T04:38:29Z,2026-09-23T06:38:29+0200,abb44c57-e6c5-48d3-b3dd-8f290af1258d,2026-09-19T23:15:00Z,2026-09-20T01:15:00+0200,143.85,EUR/MWh,ES,ES,imbalance_price,Short,2026-09-23T04:42:03Z
2026-09-23T04:38:29Z,2026-09-23T06:38:29+0200,abb44c57-e6c5-48d3-b3dd-8f290af1258d,2026-09-19T23:30:00Z,2026-09-20T01:30:00+0200,121.21,EUR/MWh,ES,ES,imbalance_price,Long,2026-09-23T04:42:03Z
2026-09-23T04:38:29Z,2026-09-23T06:38:29+0200,abb44c57-e6c5-48d3-b3dd-8f290af1258d,2026-09-19T23:30:00Z,2026-09-20T01:30:00+0200,121.21,EUR/MWh,ES,ES,imbalance_price,Short,2026-09-23T04:42:03Z
2026-09-23T04:38:29Z,2026-09-23T06:38:29+0200,abb44c57-e6c5-48d3-b3dd-8f290af1258d,2026-09-19T23:45:00Z,2026-09-20T01:45:00+0200,139.41,EUR/MWh,ES,ES,imbalance_price,Long,2026-09-23T04:42:03Z
2026-09-23T04:38:29Z,2026-09-23T06:38:29+0200,abb44c57-e6c5-48d3-b3dd-8f290af1258d,2026-09-19T23:45:00Z,2026-09-20T01:45:00+0200,121.7,EUR/MWh,ES,ES,imbalance_price,Short,2026-09-23T04:42:03Z
2026-09-23T04:38:29Z,2026-09-23T06:38:29+0200,abb44c57-e6c5-48d3-b3dd-8f290af1258d,2026-09-20T00:00:00Z,2026-09-20T02:00:00+0200,142.1,EUR/MWh,ES,ES,imbalance_price,Long,2026-09-23T04:42:03Z
2026-09-23T04:38:29Z,2026-09-23T06:38:29+0200,abb44c57-e6c5-48d3-b3dd-8f290af1258d,2026-09-20T00:00:00Z,2026-09-20T02:00:00+0200,142.1,EUR/MWh,ES,ES,imbalance_price,Short,2026-09-23T04:42:03Z
2026-09-23T04:38:29Z,2026-09-23T06:38:29+0200,abb44c57-e6c5-48d3-b3dd-8f290af1258d,2026-09-20T00:15:00Z,2026-09-20T02:15:00+0200,150.14,EUR/MWh,ES,ES,imbalance_price,Long,2026-09-23T04:42:03Z
2026-09-23T04:38:29Z,2026-09-23T06:38:29+0200,abb44c57-e6c5-48d3-b3dd-8f290af1258d,2026-09-20T00:15:00Z,2026-09-20T02:15:00+0200,197.07,EUR/MWh,ES,ES,imbalance_price,Short,2026-09-23T04:42:03Z
2026-09-23T04:38:29Z,2026-09-23T06:38:29+0200,abb44c57-e6c5-48d3-b3dd-8f290af1258d,2026-09-20T00:30:00Z,2026-09-20T02:30:00+0200,145.88,EUR/MWh,ES,ES,imbalance_price,Long,2026-09-23T04:42:03Z
2026-09-23T04:38:29Z,2026-09-23T06:38:29+0200,abb44c57-e6c5-48d3-b3dd-8f290af1258d,2026-09-20T00:30:00Z,2026-09-20T02:30:00+0200,193.39,EUR/MWh,ES,ES,imbalance_price,Short,2026-09-23T04:42:03Z
2026-09-23T04:38:29Z,2026-09-23T06:38:29+0200,abb44c57-e6c5-48d3-b3dd-8f290af1258d,2026-09-20T00:45:00Z,2026-09-20T02:45:00+0200,146.69,EUR/MWh,ES,ES,imbalance_price,Long,2026-09-23T04:42:03Z
2026-09-23T04:38:29Z,2026-09-23T06:38:29+0200,abb44c57-e6c5-48d3-b3dd-8f290af1258d,2026-09-20T00:45:00Z,2026-09-20T02:45:00+0200,164.64,EUR/MWh,ES,ES,imbalance_price,Short,2026-09-23T04:42:03Z
2026-09-23T04:38:29Z,2026-09-23T06:38:29+0200,abb44c57-e6c5-48d3-b3dd-8f290af1258d,2026-09-20T01:00:00Z,2026-09-20T03:00:00+0200,35.65,EUR/MWh,ES,ES,imbalance_price,Long,2026-09-23T04:42:03Z
2026-09-23T04:38:29Z,2026-09-23T06:38:29+0200,abb44c57-e6c5-48d3-b3dd-8f290af1258d,2026-09-20T01:00:00Z,2026-09-20T03:00:00+0200,294.13,EUR/MWh,ES,ES,imbalance_price,Short,2026-09-23T04:42:03Z
2026-09-23T04:38:29Z,2026-09-23T06:38:29+0200,abb44c57-e6c5-48d3-b3dd-8f290af1258d,2026-09-20T01:15:00Z,2026-09-20T03:15:00+0200,35.65,EUR/MWh,ES,ES,imbalance_price,Long,2026-09-23T04:42:03Z
2026-09-23T04:38:29Z,2026-09-23T06:38:29+0200,abb44c57-e6c5-48d3-b3dd-8f290af1258d,2026-09-20T01:15:00Z,2026-09-20T03:15:00+0200,236.97,EUR/MWh,ES,ES,imbalance_price,Short,2026-09-23T04:42:03Z
2026-09-23T04:38:29Z,2026-09-23T06:38:29+0200,abb44c57-e6c5-48d3-b3dd-8f290af1258d,2026-09-20T01:30:00Z,2026-09-20T03:30:00+0200,118.21,EUR/MWh,ES,ES,imbalance_price,Long,2026-09-23T04:42:03Z
2026-09-23T04:38:29Z,2026-09-23T06:38:29+0200,abb44c57-e6c5-48d3-b3dd-8f290af1258d,2026-09-20T01:30:00Z,2026-09-20T03:30:00+0200,194.57,EUR/MWh,ES,ES,imbalance_price,Short,2026-09-23T04:42:03Z
2026-09-23T04:38:29Z,2026-09-23T06:38:29+0200,abb44c57-e6c5-48d3-b3dd-8f290af1258d,2026-09-20T01:45:00Z,2026-09-20T03:45:00+0200,144.61,EUR/MWh,ES,ES,imbalance_price,Long,2026-09-23T04:42:03Z
2026-09-23T04:38:29Z,2026-09-23T06:38:29+0200,abb44c57-e6c5-48d3-b3dd-8f290af1258d,2026-09-20T01:45:00Z,2026-09-20T03:45:00+0200,192.2,EUR/MWh,ES,ES,imbalance_price,Short,2026-09-23T04:42:03Z
2026-09-23T04:38:29Z,2026-09-23T06:38:29+0200,abb44c57-e6c5-48d3-b3dd-8f290af1258d,2026-09-20T02:00:00Z,2026-09-20T04:00:00+0200,131.54,EUR/MWh,ES,ES,imbalance_price,Long,2026-09-23T04:42:03Z
2026-09-23T04:38:29Z,2026-09-23T06:38:29+0200,abb44c57-e6c5-48d3-b3dd-8f290af1258d,2026-09-20T02:00:00Z,2026-09-20T04:00:00+0200,186.41,EUR/MWh,ES,ES,imbalance_price,Short,2026-09-23T04:42:03Z
2026-09-23T04:38:29Z,2026-09-23T06:38:29+0200,abb44c57-e6c5-48d3-b3dd-8f290af1258d,2026-09-20T02:15:00Z,2026-09-20T04:15:00+0200,121.35,EUR/MWh,ES,ES,imbalance_price,Long,2026-09-23T04:42:03Z
2026-09-23T04:38:29Z,2026-09-23T06:38:29+0200,abb44c57-e6c5-48d3-b3dd-8f290af1258d,2026-09-20T02:15:00Z,2026-09-20T04:15:00+0200,148.07,EUR/MWh,ES,ES,imbalance_price,Short,2026-09-23T04:42:03Z
2026-09-23T04:38:29Z,2026-09-23T06:38:29+0200,abb44c57-e6c5-48d3-b3dd-8f290af1258d,2026-09-20T02:30:00Z,2026-09-20T04:30:00+0200,154.21,EUR/MWh,ES,ES,imbalance_price,Long,2026-09-23T04:42:03Z
2026-09-23T04:38:29Z,2026-09-23T06:38:29+0200,abb44c57-e6c5-48d3-b3dd-8f290af1258d,2026-09-20T02:30:00Z,2026-09-20T04:30:00+0200,154.21,EUR/MWh,ES,ES,imbalance_price,Short,2026-09-23T04:42:03Z
2026-09-23T04:38:29Z,2026-09-23T06:38:29+0200,abb44c57-e6c5-48d3-b3dd-8f290af1258d,2026-09-20T02:45:00Z,2026-09-20T04:45:00+0200,117.11,EUR/MWh,ES,ES,imbalance_price,Long,2026-09-23T04:42:03Z
2026-09-23T04:38:29Z,2026-09-23T06:38:29+0200,abb44c57-e6c5-48d3-b3dd-8f290af1258d,2026-09-20T02:45:00Z,2026-09-20T04:45:00+0200,117.11,EUR/MWh,ES,ES,imbalance_price,Short,2026-09-23T04:42:03Z
2026-09-23T04:38:29Z,2026-09-23T06:38:29+0200,abb44c57-e6c5-48d3-b3dd-8f290af1258d,2026-09-20T03:00:00Z,2026-09-20T05:00:00+0200,85.98,EUR/MWh,ES,ES,imbalance_price,Long,2026-09-23T04:42:03Z
2026-09-23T04:38:29Z,2026-09-23T06:38:29+0200,abb44c57-e6c5-48d3-b3dd-8f290af1258d,2026-09-20T03:00:00Z,2026-09-20T05:00:00+0200,85.98,EUR/MWh,ES,ES,imbalance_price,Short,2026-09-23T04:42:03Z
2026-09-23T04:38:29Z,2026-09-23T06:38:29+0200,abb44c57-e6c5-48d3-b3dd-8f290af1258d,2026-09-20T03:15:00Z,2026-09-20T05:15:00+0200,107.0,EUR/MWh,ES,ES,imbalance_price,Long,2026-09-23T04:42:03Z
2026-09-23T04:38:29Z,2026-09-23T06:38:29+0200,abb44c57-e6c5-48d3-b3dd-8f290af1258d,2026-09-20T03:15:00Z,2026-09-20T05:15:00+0200,107.0,EUR/MWh,ES,ES,imbalance_price,Short,2026-09-23T04:42:03Z
2026-09-23T04:38:29Z,2026-09-23T06:38:29+0200,abb44c57-e6c5-48d3-b3dd-8f290af1258d,2026-09-20T03:30:00Z,2026-09-20T05:30:00+0200,120.45,EUR/MWh,ES,ES,imbalance_price,Long,2026-09-23T04:42:03Z
2026-09-23T04:38:29Z,2026-09-23T06:38:29+0200,abb44c57-e6c5-48d3-b3dd-8f290af1258d,2026-09-20T03:30:00Z,2026-09-20T05:30:00+0200,120.45,EUR/MWh,ES,ES,imbalance_price,Short,2026-09-23T04:42:03Z
2026-09-23T04:38:29Z,2026-09-23T06:38:29+0200,abb44c57-e6c5-48d3-b3dd-8f290af1258d,2026-09-20T03:45:00Z,2026-09-20T05:45:00+0200,103.58,EUR/MWh,ES,ES,imbalance_price,Long,2026-09-23T04:42:03Z
2026-09-23T04:38:29Z,2026-09-23T06:38:29+0200,abb44c57-e6c5-48d3-b3dd-8f290af1258d,2026-09-20T03:45:00Z,2026-09-20T05:45:00+0200,103.58,EUR/MWh,ES,ES,imbalance_price,Short,2026-09-23T04:42:03Z
2026-09-23T04:38:29Z,2026-09-23T06:38:29+0200,abb44c57-e6c5-48d3-b3dd-8f290af1258d,2026-09-20T04:00:00Z,2026-09-20T06:00:00+0200,106.39,EUR/MWh,ES,ES,imbalance_price,Long,2026-09-23T04:42:03Z
2026-09-23T04:38:29Z,2026-09-23T06:38:29+0200,abb44c57-e6c5-48d3-b3dd-8f290af1258d,2026-09-20T04:00:00Z,2026-09-20T06:00:00+0200,106.39,EUR/MWh,ES,ES,imbalance_price,Short,2026-09-23T04:42:03Z
2026-09-23T04:38:29Z,2026-09-23T06:38:29+0200,abb44c57-e6c5-48d3-b3dd-8f290af1258d,2026-09-20T04:15:00Z,2026-09-20T06:15:00+0200,89.65,EUR/MWh,ES,ES,imbalance_price,Long,2026-09-23T04:42:03Z
2026-09-23T04:38:29Z,2026-09-23T06:38:29+0200,abb44c57-e6c5-48d3-b3dd-8f290af1258d,2026-09-20T04:15:00Z,2026-09-20T06:15:00+0200,173.65,EUR/MWh,ES,ES,imbalance_price,Short,2026-09-23T04:42:03Z
2026-09-23T04:38:29Z,2026-09-23T06:38:29+0200,abb44c57-e6c5-48d3-b3dd-8f290af1258d,2026-09-20T04:30:00Z,2026-09-20T06:30:00+0200,89.51,EUR/MWh,ES,ES,imbalance_price,Long,2026-09-23T04:42:03Z
2026-09-23T04:38:29Z,2026-09-23T06:38:29+0200,abb44c57-e6c5-48d3-b3dd-8f290af1258d,2026-09-20T04:30:00Z,2026-09-20T06:30:00+0200,174.83,EUR/MWh,ES,ES,imbalance_price,Short,2026-09-23T04:42:03Z
2026-09-23T04:38:29Z,2026-09-23T06:38:29+0200,abb44c57-e6c5-48d3-b3dd-8f290af1258d,2026-09-20T04:45:00Z,2026-09-20T06:45:00+0200,142.68,EUR/MWh,ES,ES,imbalance_price,Long,2026-09-23T04:42:03Z
2026-09-23T04:38:29Z,2026-09-23T06:38:29+0200,abb44c57-e6c5-48d3-b3dd-8f290af1258d,2026-09-20T04:45:00Z,2026-09-20T06:45:00+0200,154.94,EUR/MWh,ES,ES,imbalance_price,Short,2026-09-23T04:42:03Z
2026-09-23T04:38:29Z,2026-09-23T06:38:29+0200,abb44c57-e6c5-48d3-b3dd-8f290af1258d,2026-09-20T05:00:00Z,2026-09-20T07:00:00+0200,144.02,EUR/MWh,ES,ES,imbalance_price,Long,2026-09-23T04:42:03Z
2026-09-23T04:38:29Z,2026-09-23T06:38:29+0200,abb44c57-e6c5-48d3-b3dd-8f290af1258d,2026-09-20T05:00:00Z,2026-09-20T07:00:00+0200,160.06,EUR/MWh,ES,ES,imbalance_price,Short,2026-09-23T04:42:03Z
2026-09-23T04:38:29Z,2026-09-23T06:38:29+0200,abb44c57-e6c5-48d3-b3dd-8f290af1258d,2026-09-20T05:15:00Z,2026-09-20T07:15:00+0200,152.31,EUR/MWh,ES,ES,imbalance_price,Long,2026-09-23T04:42:03Z
2026-09-23T04:38:29Z,2026-09-23T06:38:29+0200,abb44c57-e6c5-48d3-b3dd-8f290af1258d,2026-09-20T05:15:00Z,2026-09-20T07:15:00+0200,170.09,EUR/MWh,ES,ES,imbalance_price,Short,2026-09-23T04:42:03Z
2026-09-23T04:38:29Z,2026-09-23T06:38:29+0200,abb44c57-e6c5-48d3-b3dd-8f290af1258d,2026-09-20T05:30:00Z,2026-09-20T07:30:00+0200,155.68,EUR/MWh,ES,ES,imbalance_price,Long,2026-09-23T04:42:03Z
2026-09-23T04:38:29Z,2026-09-23T06:38:29+0200,abb44c57-e6c5-48d3-b3dd-8f290af1258d,2026-09-20T05:30:00Z,2026-09-20T07:30:00+0200,159.53,EUR/MWh,ES,ES,imbalance_price,Short,2026-09-23T04:42:03Z
2026-09-23T04:38:29Z,2026-09-23T06:38:29+0200,abb44c57-e6c5-48d3-b3dd-8f290af1258d,2026-09-20T05:45:00Z,2026-09-20T07:45:00+0200,167.26,EUR/MWh,ES,ES,imbalance_price,Long,2026-09-23T04:42:03Z
2026-09-23T04:38:29Z,2026-09-23T06:38:29+0200,abb44c57-e6c5-48d3-b3dd-8f290af1258d,2026-09-20T05:45:00Z,2026-09-20T07:45:00+0200,157.46,EUR/MWh,ES,ES,imbalance_price,Short,2026-09-23T04:42:03Z
2026-09-23T04:38:29Z,2026-09-23T06:38:29+0200,abb44c57-e6c5-48d3-b3dd-8f290af1258d,2026-09-20T06:00:00Z,2026-09-20T08:00:00+0200,154.9,EUR/MWh,ES,ES,imbalance_price,Long,2026-09-23T04:42:03Z
2026-09-23T04:38:29Z,2026-09-23T06:38:29+0200,abb44c57-e6c5-48d3-b3dd-8f290af1258d,2026-09-20T06:00:00Z,2026-09-20T08:00:00+0200,183.01,EUR/MWh,ES,ES,imbalance_price,Short,2026-09-23T04:42:03Z
2026-09-23T04:38:29Z,2026-09-23T06:38:29+0200,abb44c57-e6c5-48d3-b3dd-8f290af1258d,2026-09-20T06:15:00Z,2026-09-20T08:15:00+0200,147.51,EUR/MWh,ES,ES,imbalance_price,Long,2026-09-23T04:42:03Z
2026-09-23T04:38:29Z,2026-09-23T06:38:29+0200,abb44c57-e6c5-48d3-b3dd-8f290af1258d,2026-09-20T06:15:00Z,2026-09-20T08:15:00+0200,174.51,EUR/MWh,ES,ES,imbalance_price,Short,2026-09-23T04:42:03Z
2026-09-23T04:38:29Z,2026-09-23T06:38:29+0200,abb44c57-e6c5-48d3-b3dd-8f290af1258d,2026-09-20T06:30:00Z,2026-09-20T08:30:00+0200,155.98,EUR/MWh,ES,ES,imbalance_price,Long,2026-09-23T04:42:03Z
2026-09-23T04:38:29Z,2026-09-23T06:38:29+0200,abb44c57-e6c5-48d3-b3dd-8f290af1258d,2026-09-20T06:30:00Z,2026-09-20T08:30:00+0200,171.03,EUR/MWh,ES,ES,imbalance_price,Short,2026-09-23T04:42:03Z
2026-09-23T04:38:29Z,2026-09-23T06:38:29+0200,abb44c57-e6c5-48d3-b3dd-8f290af1258d,2026-09-20T06:45:00Z,2026-09-20T08:45:00+0200,71.91,EUR/MWh,ES,ES,imbalance_price,Long,2026-09-23T04:42:03Z
2026-09-23T04:38:29Z,2026-09-23T06:38:29+0200,abb44c57-e6c5-48d3-b3dd-8f290af1258d,2026-09-20T06:45:00Z,2026-09-20T08:45:00+0200,178.77,EUR/MWh,ES,ES,imbalance_price,Short,2026-09-23T04:42:03Z
2026-09-23T04:38:29Z,2026-09-23T06:38:29+0200,abb44c57-e6c5-48d3-b3dd-8f290af1258d,2026-09-20T07:00:00Z,2026-09-20T09:00:00+0200,22.22,EUR/MWh,ES,ES,imbalance_price,Long,2026-09-23T04:42:03Z
2026-09-23T04:38:29Z,2026-09-23T06:38:29+0200,abb44c57-e6c5-48d3-b3dd-8f290af1258d,2026-09-20T07:00:00Z,2026-09-20T09:00:00+0200,49.68,EUR/MWh,ES,ES,imbalance_price,Short,2026-09-23T04:42:03Z
2026-09-23T04:38:29Z,2026-09-23T06:38:29+0200,abb44c57-e6c5-48d3-b3dd-8f290af1258d,2026-09-20T07:15:00Z,2026-09-20T09:15:00+0200,2.51,EUR/MWh,ES,ES,imbalance_price,Long,2026-09-23T04:42:03Z
2026-09-23T04:38:29Z,2026-09-23T06:38:29+0200,abb44c57-e6c5-48d3-b3dd-8f290af1258d,2026-09-20T07:15:00Z,2026-09-20T09:15:00+0200,2.51,EUR/MWh,ES,ES,imbalance_price,Short,2026-09-23T04:42:03Z
2026-09-23T04:38:29Z,2026-09-23T06:38:29+0200,abb44c57-e6c5-48d3-b3dd-8f290af1258d,2026-09-20T07:30:00Z,2026-09-20T09:30:00+0200,-0.58,EUR/MWh,ES,ES,imbalance_price,Long,2026-09-23T04:42:03Z
2026-09-23T04:38:29Z,2026-09-23T06:38:29+0200,abb44c57-e6c5-48d3-b3dd-8f290af1258d,2026-09-20T07:30:00Z,2026-09-20T09:30:00+0200,-0.58,EUR/MWh,ES,ES,imbalance_price,Short,2026-09-23T04:42:03Z
2026-09-23T04:38:29Z,2026-09-23T06:38:29+0200,abb44c57-e6c5-48d3-b3dd-8f290af1258d,2026-09-20T07:45:00Z,2026-09-20T09:45:00+0200,-1.04,EUR/MWh,ES,ES,imbalance_price,Long,2026-09-23T04:42:03Z
2026-09-23T04:38:29Z,2026-09-23T06:38:29+0200,abb44c57-e6c5-48d3-b3dd-8f290af1258d,2026-09-20T07:45:00Z,2026-09-20T09:45:00+0200,7.68,EUR/MWh,ES,ES,imbalance_price,Short,2026-09-23T04:42:03Z
2026-09-23T04:38:29Z,2026-09-23T06:38:29+0200,abb44c57-e6c5-48d3-b3dd-8f290af1258d,2026-09-20T08:00:00Z,2026-09-20T10:00:00+0200,-0.15,EUR/MWh,ES,ES,imbalance_price,Long,2026-09-23T04:42:03Z
2026-09-23T04:38:29Z,2026-09-23T06:38:29+0200,abb44c57-e6c5-48d3-b3dd-8f290af1258d,2026-09-20T08:00:00Z,2026-09-20T10:00:00+0200,3.77,EUR/MWh,ES,ES,imbalance_price,Short,2026-09-23T04:42:03Z
2026-09-23T04:38:29Z,2026-09-23T06:38:29+0200,abb44c57-e6c5-48d3-b3dd-8f290af1258d,2026-09-20T08:15:00Z,2026-09-20T10:15:00+0200,-1.83,EUR/MWh,ES,ES,imbalance_price,Long,2026-09-23T04:42:03Z
2026-09-23T04:38:29Z,2026-09-23T06:38:29+0200,abb44c57-e6c5-48d3-b3dd-8f290af1258d,2026-09-20T08:15:00Z,2026-09-20T10:15:00+0200,-1.83,EUR/MWh,ES,ES,imbalance_price,Short,2026-09-23T04:42:03Z
2026-09-23T04:38:29Z,2026-09-23T06:38:29+0200,abb44c57-e6c5-48d3-b3dd-8f290af1258d,2026-09-20T08:30:00Z,2026-09-20T10:30:00+0200,-0.46,EUR/MWh,ES,ES,imbalance_price,Long,2026-09-23T04:42:03Z
2026-09-23T04:38:29Z,2026-09-23T06:38:29+0200,abb44c57-e6c5-48d3-b3dd-8f290af1258d,2026-09-20T08:30:00Z,2026-09-20T10:30:00+0200,-0.46,EUR/MWh,ES,ES,imbalance_price,Short,2026-09-23T04:42:03Z
2026-09-23T04:38:29Z,2026-09-23T06:38:29+0200,abb44c57-e6c5-48d3-b3dd-8f290af1258d,2026-09-20T08:45:00Z,2026-09-20T10:45:00+0200,-0.14,EUR/MWh,ES,ES,imbalance_price,Long,2026-09-23T04:42:03Z
2026-09-23T04:38:29Z,2026-09-23T06:38:29+0200,abb44c57-e6c5-48d3-b3dd-8f290af1258d,2026-09-20T08:45:00Z,2026-09-20T10:45:00+0200,28.42,EUR/MWh,ES,ES,imbalance_price,Short,2026-09-23T04:42:03Z
2026-09-23T04:38:29Z,2026-09-23T06:38:29+0200,abb44c57-e6c5-48d3-b3dd-8f290af1258d,2026-09-20T09:00:00Z,2026-09-20T11:00:00+0200,-0.63,EUR/MWh,ES,ES,imbalance_price,Long,2026-09-23T04:42:03Z
2026-09-23T04:38:29Z,2026-09-23T06:38:29+0200,abb44c57-e6c5-48d3-b3dd-8f290af1258d,2026-09-20T09:00:00Z,2026-09-20T11:00:00+0200,6.52,EUR/MWh,ES,ES,imbalance_price,Short,2026-09-23T04:42:03Z
2026-09-23T04:38:29Z,2026-09-23T06:38:29+0200,abb44c57-e6c5-48d3-b3dd-8f290af1258d,2026-09-20T09:15:00Z,2026-09-20T11:15:00+0200,-1.62,EUR/MWh,ES,ES,imbalance_price,Long,2026-09-23T04:42:03Z
2026-09-23T04:38:29Z,2026-09-23T06:38:29+0200,abb44c57-e6c5-48d3-b3dd-8f290af1258d,2026-09-20T09:15:00Z,2026-09-20T11:15:00+0200,-1.62,EUR/MWh,ES,ES,imbalance_price,Short,2026-09-23T04:42:03Z
2026-09-23T04:38:29Z,2026-09-23T06:38:29+0200,abb44c57-e6c5-48d3-b3dd-8f290af1258d,2026-09-20T09:30:00Z,2026-09-20T11:30:00+0200,-1.09,EUR/MWh,ES,ES,imbalance_price,Long,2026-09-23T04:42:03Z
2026-09-23T04:38:29Z,2026-09-23T06:38:29+0200,abb44c57-e6c5-48d3-b3dd-8f290af1258d,2026-09-20T09:30:00Z,2026-09-20T11:30:00+0200,-1.09,EUR/MWh,ES,ES,imbalance_price,Short,2026-09-23T04:42:03Z
2026-09-23T04:38:29Z,2026-09-23T06:38:29+0200,abb44c57-e6c5-48d3-b3dd-8f290af1258d,2026-09-20T09:45:00Z,2026-09-20T11:45:00+0200,-1.59,EUR/MWh,ES,ES,imbalance_price,Long,2026-09-23T04:42:03Z
2026-09-23T04:38:29Z,2026-09-23T06:38:29+0200,abb44c57-e6c5-48d3-b3dd-8f290af1258d,2026-09-20T09:45:00Z,2026-09-20T11:45:00+0200,-1.59,EUR/MWh,ES,ES,imbalance_price,Short,2026-09-23T04:42:03Z
2026-09-23T04:38:29Z,2026-09-23T06:38:29+0200,abb44c57-e6c5-48d3-b3dd-8f290af1258d,2026-09-20T10:00:00Z,2026-09-20T12:00:00+0200,-1.27,EUR/MWh,ES,ES,imbalance_price,Long,2026-09-23T04:42:03Z
2026-09-23T04:38:29Z,2026-09-23T06:38:29+0200,abb44c57-e6c5-48d3-b3dd-8f290af1258d,2026-09-20T10:00:00Z,2026-09-20T12:00:00+0200,-1.27,EUR/MWh,ES,ES,imbalance_price,Short,2026-09-23T04:42:03Z
2026-09-23T04:38:29Z,2026-09-23T06:38:29+0200,abb44c57-e6c5-48d3-b3dd-8f290af1258d,2026-09-20T10:15:00Z,2026-09-20T12:15:00+0200,-1.08,EUR/MWh,ES,ES,imbalance_price,Long,2026-09-23T04:42:03Z
2026-09-23T04:38:29Z,2026-09-23T06:38:29+0200,abb44c57-e6c5-48d3-b3dd-8f290af1258d,2026-09-20T10:15:00Z,2026-09-20T12:15:00+0200,-1.08,EUR/MWh,ES,ES,imbalance_price,Short,2026-09-23T04:42:03Z
2026-09-23T04:38:29Z,2026-09-23T06:38:29+0200,abb44c57-e6c5-48d3-b3dd-8f290af1258d,2026-09-20T10:30:00Z,2026-09-20T12:30:00+0200,-1.09,EUR/MWh,ES,ES,imbalance_price,Long,2026-09-23T04:42:03Z
2026-09-23T04:38:29Z,2026-09-23T06:38:29+0200,abb44c57-e6c5-48d3-b3dd-8f290af1258d,2026-09-20T10:30:00Z,2026-09-20T12:30:00+0200,5.09,EUR/MWh,ES,ES,imbalance_price,Short,2026-09-23T04:42:03Z
2026-09-23T04:38:29Z,2026-09-23T06:38:29+0200,abb44c57-e6c5-48d3-b3dd-8f290af1258d,2026-09-20T10:45:00Z,2026-09-20T12:45:00+0200,-2.06,EUR/MWh,ES,ES,imbalance_price,Long,2026-09-23T04:42:03Z
2026-09-23T04:38:29Z,2026-09-23T06:38:29+0200,abb44c57-e6c5-48d3-b3dd-8f290af1258d,2026-09-20T10:45:00Z,2026-09-20T12:45:00+0200,-2.06,EUR/MWh,ES,ES,imbalance_price,Short,2026-09-23T04:42:03Z
2026-09-23T04:38:29Z,2026-09-23T06:38:29+0200,abb44c57-e6c5-48d3-b3dd-8f290af1258d,2026-09-20T11:00:00Z,2026-09-20T13:00:00+0200,-3.41,EUR/MWh,ES,ES,imbalance_price,Long,2026-09-23T04:42:03Z
2026-09-23T04:38:29Z,2026-09-23T06:38:29+0200,abb44c57-e6c5-48d3-b3dd-8f290af1258d,2026-09-20T11:00:00Z,2026-09-20T13:00:00+0200,-3.41,EUR/MWh,ES,ES,imbalance_price,Short,2026-09-23T04:42:03Z
2026-09-23T04:38:29Z,2026-09-23T06:38:29+0200,abb44c57-e6c5-48d3-b3dd-8f290af1258d,2026-09-20T11:15:00Z,2026-09-20T13:15:00+0200,-4.85,EUR/MWh,ES,ES,imbalance_price,Long,2026-09-23T04:42:03Z
2026-09-23T04:38:29Z,2026-09-23T06:38:29+0200,abb44c57-e6c5-48d3-b3dd-8f290af1258d,2026-09-20T11:15:00Z,2026-09-20T13:15:00+0200,0.21,EUR/MWh,ES,ES,imbalance_price,Short,2026-09-23T04:42:03Z
2026-09-23T04:38:29Z,2026-09-23T06:38:29+0200,abb44c57-e6c5-48d3-b3dd-8f290af1258d,2026-09-20T11:30:00Z,2026-09-20T13:30:00+0200,-5.97,EUR/MWh,ES,ES,imbalance_price,Long,2026-09-23T04:42:03Z
2026-09-23T04:38:29Z,2026-09-23T06:38:29+0200,abb44c57-e6c5-48d3-b3dd-8f290af1258d,2026-09-20T11:30:00Z,2026-09-20T13:30:00+0200,33.13,EUR/MWh,ES,ES,imbalance_price,Short,2026-09-23T04:42:03Z
2026-09-23T04:38:29Z,2026-09-23T06:38:29+0200,abb44c57-e6c5-48d3-b3dd-8f290af1258d,2026-09-20T11:45:00Z,2026-09-20T13:45:00+0200,-2.17,EUR/MWh,ES,ES,imbalance_price,Long,2026-09-23T04:42:03Z
2026-09-23T04:38:29Z,2026-09-23T06:38:29+0200,abb44c57-e6c5-48d3-b3dd-8f290af1258d,2026-09-20T11:45:00Z,2026-09-20T13:45:00+0200,0.78,EUR/MWh,ES,ES,imbalance_price,Short,2026-09-23T04:42:03Z
2026-09-23T04:38:29Z,2026-09-23T06:38:29+0200,abb44c57-e6c5-48d3-b3dd-8f290af1258d,2026-09-20T12:00:00Z,2026-09-20T14:00:00+0200,-1.9,EUR/MWh,ES,ES,imbalance_price,Long,2026-09-23T04:42:03Z
2026-09-23T04:38:29Z,2026-09-23T06:38:29+0200,abb44c57-e6c5-48d3-b3dd-8f290af1258d,2026-09-20T12:00:00Z,2026-09-20T14:00:00+0200,0.0,EUR/MWh,ES,ES,imbalance_price,Short,2026-09-23T04:42:03Z
2026-09-23T04:38:29Z,2026-09-23T06:38:29+0200,abb44c57-e6c5-48d3-b3dd-8f290af1258d,2026-09-20T12:15:00Z,2026-09-20T14:15:00+0200,-2.1,EUR/MWh,ES,ES,imbalance_price,Long,2026-09-23T04:42:03Z
2026-09-23T04:38:29Z,2026-09-23T06:38:29+0200,abb44c57-e6c5-48d3-b3dd-8f290af1258d,2026-09-20T12:15:00Z,2026-09-20T14:15:00+0200,0.0,EUR/MWh,ES,ES,imbalance_price,Short,2026-09-23T04:42:03Z
2026-09-23T04:38:29Z,2026-09-23T06:38:29+0200,abb44c57-e6c5-48d3-b3dd-8f290af1258d,2026-09-20T12:30:00Z,2026-09-20T14:30:00+0200,-2.36,EUR/MWh,ES,ES,imbalance_price,Long,2026-09-23T04:42:03Z
2026-09-23T04:38:29Z,2026-09-23T06:38:29+0200,abb44c57-e6c5-48d3-b3dd-8f290af1258d,2026-09-20T12:30:00Z,2026-09-20T14:30:00+0200,0.0,EUR/MWh,ES,ES,imbalance_price,Short,2026-09-23T04:42:03Z
2026-09-23T04:38:29Z,2026-09-23T06:38:29+0200,abb44c57-e6c5-48d3-b3dd-8f290af1258d,2026-09-20T12:45:00Z,2026-09-20T14:45:00+0200,-3.45,EUR/MWh,ES,ES,imbalance_price,Long,2026-09-23T04:42:03Z
2026-09-23T04:38:29Z,2026-09-23T06:38:29+0200,abb44c57-e6c5-48d3-b3dd-8f290af1258d,2026-09-20T12:45:00Z,2026-09-20T14:45:00+0200,0.0,EUR/MWh,ES,ES,imbalance_price,Short,2026-09-23T04:42:03Z
2026-09-23T04:38:29Z,2026-09-23T06:38:29+0200,abb44c57-e6c5-48d3-b3dd-8f290af1258d,2026-09-20T13:00:00Z,2026-09-20T15:00:00+0200,-2.64,EUR/MWh,ES,ES,imbalance_price,Long,2026-09-23T04:42:03Z
2026-09-23T04:38:29Z,2026-09-23T06:38:29+0200,abb44c57-e6c5-48d3-b3dd-8f290af1258d,2026-09-20T13:00:00Z,2026-09-20T15:00:00+0200,0.0,EUR/MWh,ES,ES,imbalance_price,Short,2026-09-23T04:42:03Z
2026-09-23T04:38:29Z,2026-09-23T06:38:29+0200,abb44c57-e6c5-48d3-b3dd-8f290af1258d,2026-09-20T13:15:00Z,2026-09-20T15:15:00+0200,-2.0,EUR/MWh,ES,ES,imbalance_price,Long,2026-09-23T04:42:03Z
2026-09-23T04:38:29Z,2026-09-23T06:38:29+0200,abb44c57-e6c5-48d3-b3dd-8f290af1258d,2026-09-20T13:15:00Z,2026-09-20T15:15:00+0200,0.74,EUR/MWh,ES,ES,imbalance_price,Short,2026-09-23T04:42:03Z
2026-09-23T04:38:29Z,2026-09-23T06:38:29+0200,abb44c57-e6c5-48d3-b3dd-8f290af1258d,2026-09-20T13:30:00Z,2026-09-20T15:30:00+0200,-1.67,EUR/MWh,ES,ES,imbalance_price,Long,2026-09-23T04:42:03Z
2026-09-23T04:38:29Z,2026-09-23T06:38:29+0200,abb44c57-e6c5-48d3-b3dd-8f290af1258d,2026-09-20T13:30:00Z,2026-09-20T15:30:00+0200,5.67,EUR/MWh,ES,ES,imbalance_price,Short,2026-09-23T04:42:03Z
2026-09-23T04:38:29Z,2026-09-23T06:38:29+0200,abb44c57-e6c5-48d3-b3dd-8f290af1258d,2026-09-20T13:45:00Z,2026-09-20T15:45:00+0200,-1.09,EUR/MWh,ES,ES,imbalance_price,Long,2026-09-23T04:42:03Z
2026-09-23T04:38:29Z,2026-09-23T06:38:29+0200,abb44c57-e6c5-48d3-b3dd-8f290af1258d,2026-09-20T13:45:00Z,2026-09-20T15:45:00+0200,4.43,EUR/MWh,ES,ES,imbalance_price,Short,2026-09-23T04:42:03Z
2026-09-23T04:38:29Z,2026-09-23T06:38:29+0200,abb44c57-e6c5-48d3-b3dd-8f290af1258d,2026-09-20T14:00:00Z,2026-09-20T16:00:00+0200,-1.48,EUR/MWh,ES,ES,imbalance_price,Long,2026-09-23T04:42:03Z
2026-09-23T04:38:29Z,2026-09-23T06:38:29+0200,abb44c57-e6c5-48d3-b3dd-8f290af1258d,2026-09-20T14:00:00Z,2026-09-20T16:00:00+0200,33.36,EUR/MWh,ES,ES,imbalance_price,Short,2026-09-23T04:42:03Z
2026-09-23T04:38:29Z,2026-09-23T06:38:29+0200,abb44c57-e6c5-48d3-b3dd-8f290af1258d,2026-09-20T14:15:00Z,2026-09-20T16:15:00+0200,-0.78,EUR/MWh,ES,ES,imbalance_price,Long,2026-09-23T04:42:03Z
2026-09-23T04:38:29Z,2026-09-23T06:38:29+0200,abb44c57-e6c5-48d3-b3dd-8f290af1258d,2026-09-20T14:15:00Z,2026-09-20T16:15:00+0200,5.06,EUR/MWh,ES,ES,imbalance_price,Short,2026-09-23T04:42:03Z
2026-09-23T04:38:29Z,2026-09-23T06:38:29+0200,abb44c57-e6c5-48d3-b3dd-8f290af1258d,2026-09-20T14:30:00Z,2026-09-20T16:30:00+0200,-6.84,EUR/MWh,ES,ES,imbalance_price,Long,2026-09-23T04:42:03Z
2026-09-23T04:38:29Z,2026-09-23T06:38:29+0200,abb44c57-e6c5-48d3-b3dd-8f290af1258d,2026-09-20T14:30:00Z,2026-09-20T16:30:00+0200,0.0,EUR/MWh,ES,ES,imbalance_price,Short,2026-09-23T04:42:03Z
2026-09-23T04:38:29Z,2026-09-23T06:38:29+0200,abb44c57-e6c5-48d3-b3dd-8f290af1258d,2026-09-20T14:45:00Z,2026-09-20T16:45:00+0200,-0.09,EUR/MWh,ES,ES,imbalance_price,Long,2026-09-23T04:42:03Z
2026-09-23T04:38:29Z,2026-09-23T06:38:29+0200,abb44c57-e6c5-48d3-b3dd-8f290af1258d,2026-09-20T14:45:00Z,2026-09-20T16:45:00+0200,0.0,EUR/MWh,ES,ES,imbalance_price,Short,2026-09-23T04:42:03Z
2026-09-23T04:38:29Z,2026-09-23T06:38:29+0200,abb44c57-e6c5-48d3-b3dd-8f290af1258d,2026-09-20T15:00:00Z,2026-09-20T17:00:00+0200,-0.6,EUR/MWh,ES,ES,imbalance_price,Long,2026-09-23T04:42:03Z
2026-09-23T04:38:29Z,2026-09-23T06:38:29+0200,abb44c57-e6c5-48d3-b3dd-8f290af1258d,2026-09-20T15:00:00Z,2026-09-20T17:00:00+0200,49.49,EUR/MWh,ES,ES,imbalance_price,Short,2026-09-23T04:42:03Z
2026-09-23T04:38:29Z,2026-09-23T06:38:29+0200,abb44c57-e6c5-48d3-b3dd-8f290af1258d,2026-09-20T15:15:00Z,2026-09-20T17:15:00+0200,-0.03,EUR/MWh,ES,ES,imbalance_price,Long,2026-09-23T04:42:03Z
2026-09-23T04:38:29Z,2026-09-23T06:38:29+0200,abb44c57-e6c5-48d3-b3dd-8f290af1258d,2026-09-20T15:15:00Z,2026-09-20T17:15:00+0200,40.13,EUR/MWh,ES,ES,imbalance_price,Short,2026-09-23T04:42:03Z
2026-09-23T04:38:29Z,2026-09-23T06:38:29+0200,abb44c57-e6c5-48d3-b3dd-8f290af1258d,2026-09-20T15:30:00Z,2026-09-20T17:30:00+0200,-12.99,EUR/MWh,ES,ES,imbalance_price,Long,2026-09-23T04:42:03Z
2026-09-23T04:38:29Z,2026-09-23T06:38:29+0200,abb44c57-e6c5-48d3-b3dd-8f290af1258d,2026-09-20T15:30:00Z,2026-09-20T17:30:00+0200,1.14,EUR/MWh,ES,ES,imbalance_price,Short,2026-09-23T04:42:03Z
2026-09-23T04:38:29Z,2026-09-23T06:38:29+0200,abb44c57-e6c5-48d3-b3dd-8f290af1258d,2026-09-20T15:45:00Z,2026-09-20T17:45:00+0200,-6.12,EUR/MWh,ES,ES,imbalance_price,Long,2026-09-23T04:42:03Z
2026-09-23T04:38:29Z,2026-09-23T06:38:29+0200,abb44c57-e6c5-48d3-b3dd-8f290af1258d,2026-09-20T15:45:00Z,2026-09-20T17:45:00+0200,-6.12,EUR/MWh,ES,ES,imbalance_price,Short,2026-09-23T04:42:03Z
2026-09-23T04:38:29Z,2026-09-23T06:38:29+0200,abb44c57-e6c5-48d3-b3dd-8f290af1258d,2026-09-20T16:00:00Z,2026-09-20T18:00:00+0200,-0.04,EUR/MWh,ES,ES,imbalance_price,Long,2026-09-23T04:42:03Z
2026-09-23T04:38:29Z,2026-09-23T06:38:29+0200,abb44c57-e6c5-48d3-b3dd-8f290af1258d,2026-09-20T16:00:00Z,2026-09-20T18:00:00+0200,36.93,EUR/MWh,ES,ES,imbalance_price,Short,2026-09-23T04:42:03Z
2026-09-23T04:38:29Z,2026-09-23T06:38:29+0200,abb44c57-e6c5-48d3-b3dd-8f290af1258d,2026-09-20T16:15:00Z,2026-09-20T18:15:00+0200,6.17,EUR/MWh,ES,ES,imbalance_price,Long,2026-09-23T04:42:03Z
2026-09-23T04:38:29Z,2026-09-23T06:38:29+0200,abb44c57-e6c5-48d3-b3dd-8f290af1258d,2026-09-20T16:15:00Z,2026-09-20T18:15:00+0200,61.81,EUR/MWh,ES,ES,imbalance_price,Short,2026-09-23T04:42:03Z
2026-09-23T04:38:29Z,2026-09-23T06:38:29+0200,abb44c57-e6c5-48d3-b3dd-8f290af1258d,2026-09-20T16:30:00Z,2026-09-20T18:30:00+0200,1.66,EUR/MWh,ES,ES,imbalance_price,Long,2026-09-23T04:42:03Z
2026-09-23T04:38:29Z,2026-09-23T06:38:29+0200,abb44c57-e6c5-48d3-b3dd-8f290af1258d,2026-09-20T16:30:00Z,2026-09-20T18:30:00+0200,158.36,EUR/MWh,ES,ES,imbalance_price,Short,2026-09-23T04:42:03Z
2026-09-23T04:38:29Z,2026-09-23T06:38:29+0200,abb44c57-e6c5-48d3-b3dd-8f290af1258d,2026-09-20T16:45:00Z,2026-09-20T18:45:00+0200,-2.82,EUR/MWh,ES,ES,imbalance_price,Long,2026-09-23T04:42:03Z
2026-09-23T04:38:29Z,2026-09-23T06:38:29+0200,abb44c57-e6c5-48d3-b3dd-8f290af1258d,2026-09-20T16:45:00Z,2026-09-20T18:45:00+0200,183.03,EUR/MWh,ES,ES,imbalance_price,Short,2026-09-23T04:42:03Z
2026-09-23T04:38:29Z,2026-09-23T06:38:29+0200,abb44c57-e6c5-48d3-b3dd-8f290af1258d,2026-09-20T17:00:00Z,2026-09-20T19:00:00+0200,49.75,EUR/MWh,ES,ES,imbalance_price,Long,2026-09-23T04:42:03Z
2026-09-23T04:38:29Z,2026-09-23T06:38:29+0200,abb44c57-e6c5-48d3-b3dd-8f290af1258d,2026-09-20T17:00:00Z,2026-09-20T19:00:00+0200,180.45,EUR/MWh,ES,ES,imbalance_price,Short,2026-09-23T04:42:03Z
2026-09-23T04:38:29Z,2026-09-23T06:38:29+0200,abb44c57-e6c5-48d3-b3dd-8f290af1258d,2026-09-20T17:15:00Z,2026-09-20T19:15:00+0200,85.75,EUR/MWh,ES,ES,imbalance_price,Long,2026-09-23T04:42:03Z
2026-09-23T04:38:29Z,2026-09-23T06:38:29+0200,abb44c57-e6c5-48d3-b3dd-8f290af1258d,2026-09-20T17:15:00Z,2026-09-20T19:15:00+0200,183.54,EUR/MWh,ES,ES,imbalance_price,Short,2026-09-23T04:42:03Z
2026-09-23T04:38:29Z,2026-09-23T06:38:29+0200,abb44c57-e6c5-48d3-b3dd-8f290af1258d,2026-09-20T17:30:00Z,2026-09-20T19:30:00+0200,128.32,EUR/MWh,ES,ES,imbalance_price,Long,2026-09-23T04:42:03Z
2026-09-23T04:38:29Z,2026-09-23T06:38:29+0200,abb44c57-e6c5-48d3-b3dd-8f290af1258d,2026-09-20T17:30:00Z,2026-09-20T19:30:00+0200,227.01,EUR/MWh,ES,ES,imbalance_price,Short,2026-09-23T04:42:03Z
2026-09-23T04:38:29Z,2026-09-23T06:38:29+0200,abb44c57-e6c5-48d3-b3dd-8f290af1258d,2026-09-20T17:45:00Z,2026-09-20T19:45:00+0200,198.09,EUR/MWh,ES,ES,imbalance_price,Long,2026-09-23T04:42:03Z
2026-09-23T04:38:29Z,2026-09-23T06:38:29+0200,abb44c57-e6c5-48d3-b3dd-8f290af1258d,2026-09-20T17:45:00Z,2026-09-20T19:45:00+0200,198.09,EUR/MWh,ES,ES,imbalance_price,Short,2026-09-23T04:42:03Z
2026-09-23T04:38:29Z,2026-09-23T06:38:29+0200,abb44c57-e6c5-48d3-b3dd-8f290af1258d,2026-09-20T18:00:00Z,2026-09-20T20:00:00+0200,168.61,EUR/MWh,ES,ES,imbalance_price,Long,2026-09-23T04:42:03Z
2026-09-23T04:38:29Z,2026-09-23T06:38:29+0200,abb44c57-e6c5-48d3-b3dd-8f290af1258d,2026-09-20T18:00:00Z,2026-09-20T20:00:00+0200,239.79,EUR/MWh,ES,ES,imbalance_price,Short,2026-09-23T04:42:03Z
2026-09-23T04:38:29Z,2026-09-23T06:38:29+0200,abb44c57-e6c5-48d3-b3dd-8f290af1258d,2026-09-20T18:15:00Z,2026-09-20T20:15:00+0200,194.01,EUR/MWh,ES,ES,imbalance_price,Long,2026-09-23T04:42:03Z
2026-09-23T04:38:29Z,2026-09-23T06:38:29+0200,abb44c57-e6c5-48d3-b3dd-8f290af1258d,2026-09-20T18:15:00Z,2026-09-20T20:15:00+0200,194.01,EUR/MWh,ES,ES,imbalance_price,Short,2026-09-23T04:42:03Z
2026-09-23T04:38:29Z,2026-09-23T06:38:29+0200,abb44c57-e6c5-48d3-b3dd-8f290af1258d,2026-09-20T18:30:00Z,2026-09-20T20:30:00+0200,204.86,EUR/MWh,ES,ES,imbalance_price,Long,2026-09-23T04:42:03Z
2026-09-23T04:38:29Z,2026-09-23T06:38:29+0200,abb44c57-e6c5-48d3-b3dd-8f290af1258d,2026-09-20T18:30:00Z,2026-09-20T20:30:00+0200,204.86,EUR/MWh,ES,ES,imbalance_price,Short,2026-09-23T04:42:03Z
2026-09-23T04:38:29Z,2026-09-23T06:38:29+0200,abb44c57-e6c5-48d3-b3dd-8f290af1258d,2026-09-20T18:45:00Z,2026-09-20T20:45:00+0200,137.04,EUR/MWh,ES,ES,imbalance_price,Long,2026-09-23T04:42:03Z
2026-09-23T04:38:29Z,2026-09-23T06:38:29+0200,abb44c57-e6c5-48d3-b3dd-8f290af1258d,2026-09-20T18:45:00Z,2026-09-20T20:45:00+0200,219.88,EUR/MWh,ES,ES,imbalance_price,Short,2026-09-23T04:42:03Z
2026-09-23T04:38:29Z,2026-09-23T06:38:29+0200,abb44c57-e6c5-48d3-b3dd-8f290af1258d,2026-09-20T19:00:00Z,2026-09-20T21:00:00+0200,145.32,EUR/MWh,ES,ES,imbalance_price,Long,2026-09-23T04:42:03Z
2026-09-23T04:38:29Z,2026-09-23T06:38:29+0200,abb44c57-e6c5-48d3-b3dd-8f290af1258d,2026-09-20T19:00:00Z,2026-09-20T21:00:00+0200,198.64,EUR/MWh,ES,ES,imbalance_price,Short,2026-09-23T04:42:03Z
2026-09-23T04:38:29Z,2026-09-23T06:38:29+0200,abb44c57-e6c5-48d3-b3dd-8f290af1258d,2026-09-20T19:15:00Z,2026-09-20T21:15:00+0200,127.06,EUR/MWh,ES,ES,imbalance_price,Long,2026-09-23T04:42:03Z
2026-09-23T04:38:29Z,2026-09-23T06:38:29+0200,abb44c57-e6c5-48d3-b3dd-8f290af1258d,2026-09-20T19:15:00Z,2026-09-20T21:15:00+0200,190.08,EUR/MWh,ES,ES,imbalance_price,Short,2026-09-23T04:42:03Z
2026-09-23T04:38:29Z,2026-09-23T06:38:29+0200,abb44c57-e6c5-48d3-b3dd-8f290af1258d,2026-09-20T19:30:00Z,2026-09-20T21:30:00+0200,113.58,EUR/MWh,ES,ES,imbalance_price,Long,2026-09-23T04:42:03Z
2026-09-23T04:38:29Z,2026-09-23T06:38:29+0200,abb44c57-e6c5-48d3-b3dd-8f290af1258d,2026-09-20T19:30:00Z,2026-09-20T21:30:00+0200,186.96,EUR/MWh,ES,ES,imbalance_price,Short,2026-09-23T04:42:03Z
2026-09-23T04:38:29Z,2026-09-23T06:38:29+0200,abb44c57-e6c5-48d3-b3dd-8f290af1258d,2026-09-20T19:45:00Z,2026-09-20T21:45:00+0200,142.38,EUR/MWh,ES,ES,imbalance_price,Long,2026-09-23T04:42:03Z
2026-09-23T04:38:29Z,2026-09-23T06:38:29+0200,abb44c57-e6c5-48d3-b3dd-8f290af1258d,2026-09-20T19:45:00Z,2026-09-20T21:45:00+0200,180.15,EUR/MWh,ES,ES,imbalance_price,Short,2026-09-23T04:42:03Z
2026-09-23T04:38:29Z,2026-09-23T06:38:29+0200,abb44c57-e6c5-48d3-b3dd-8f290af1258d,2026-09-20T20:00:00Z,2026-09-20T22:00:00+0200,154.85,EUR/MWh,ES,ES,imbalance_price,Long,2026-09-23T04:42:03Z
2026-09-23T04:38:29Z,2026-09-23T06:38:29+0200,abb44c57-e6c5-48d3-b3dd-8f290af1258d,2026-09-20T20:00:00Z,2026-09-20T22:00:00+0200,187.59,EUR/MWh,ES,ES,imbalance_price,Short,2026-09-23T04:42:03Z
2026-09-23T04:38:29Z,2026-09-23T06:38:29+0200,abb44c57-e6c5-48d3-b3dd-8f290af1258d,2026-09-20T20:15:00Z,2026-09-20T22:15:00+0200,146.44,EUR/MWh,ES,ES,imbalance_price,Long,2026-09-23T04:42:03Z
2026-09-23T04:38:29Z,2026-09-23T06:38:29+0200,abb44c57-e6c5-48d3-b3dd-8f290af1258d,2026-09-20T20:15:00Z,2026-09-20T22:15:00+0200,178.35,EUR/MWh,ES,ES,imbalance_price,Short,2026-09-23T04:42:03Z
2026-09-23T04:38:29Z,2026-09-23T06:38:29+0200,abb44c57-e6c5-48d3-b3dd-8f290af1258d,2026-09-20T20:30:00Z,2026-09-20T22:30:00+0200,114.13,EUR/MWh,ES,ES,imbalance_price,Long,2026-09-23T04:42:03Z
2026-09-23T04:38:29Z,2026-09-23T06:38:29+0200,abb44c57-e6c5-48d3-b3dd-8f290af1258d,2026-09-20T20:30:00Z,2026-09-20T22:30:00+0200,160.0,EUR/MWh,ES,ES,imbalance_price,Short,2026-09-23T04:42:03Z
2026-09-23T04:38:29Z,2026-09-23T06:38:29+0200,abb44c57-e6c5-48d3-b3dd-8f290af1258d,2026-09-20T20:45:00Z,2026-09-20T22:45:00+0200,100.76,EUR/MWh,ES,ES,imbalance_price,Long,2026-09-23T04:42:03Z
2026-09-23T04:38:29Z,2026-09-23T06:38:29+0200,abb44c57-e6c5-48d3-b3dd-8f290af1258d,2026-09-20T20:45:00Z,2026-09-20T22:45:00+0200,183.35,EUR/MWh,ES,ES,imbalance_price,Short,2026-09-23T04:42:03Z
2026-09-23T04:38:29Z,2026-09-23T06:38:29+0200,abb44c57-e6c5-48d3-b3dd-8f290af1258d,2026-09-20T21:00:00Z,2026-09-20T23:00:00+0200,127.93,EUR/MWh,ES,ES,imbalance_price,Long,2026-09-23T04:42:03Z
2026-09-23T04:38:29Z,2026-09-23T06:38:29+0200,abb44c57-e6c5-48d3-b3dd-8f290af1258d,2026-09-20T21:00:00Z,2026-09-20T23:00:00+0200,184.63,EUR/MWh,ES,ES,imbalance_price,Short,2026-09-23T04:42:03Z
2026-09-23T04:38:29Z,2026-09-23T06:38:29+0200,abb44c57-e6c5-48d3-b3dd-8f290af1258d,2026-09-20T21:15:00Z,2026-09-20T23:15:00+0200,159.46,EUR/MWh,ES,ES,imbalance_price,Long,2026-09-23T04:42:03Z
2026-09-23T04:38:29Z,2026-09-23T06:38:29+0200,abb44c57-e6c5-48d3-b3dd-8f290af1258d,2026-09-20T21:15:00Z,2026-09-20T23:15:00+0200,177.08,EUR/MWh,ES,ES,imbalance_price,Short,2026-09-23T04:42:03Z
2026-09-23T04:38:29Z,2026-09-23T06:38:29+0200,abb44c57-e6c5-48d3-b3dd-8f290af1258d,2026-09-20T21:30:00Z,2026-09-20T23:30:00+0200,148.48,EUR/MWh,ES,ES,imbalance_price,Long,2026-09-23T04:42:03Z
2026-09-23T04:38:29Z,2026-09-23T06:38:29+0200,abb44c57-e6c5-48d3-b3dd-8f290af1258d,2026-09-20T21:30:00Z,2026-09-20T23:30:00+0200,171.68,EUR/MWh,ES,ES,imbalance_price,Short,2026-09-23T04:42:03Z
2026-09-23T04:38:29Z,2026-09-23T06:38:29+0200,abb44c57-e6c5-48d3-b3dd-8f290af1258d,2026-09-20T21:45:00Z,2026-09-20T23:45:00+0200,163.0,EUR/MWh,ES,ES,imbalance_price,Long,2026-09-23T04:42:03Z
2026-09-23T04:38:29Z,2026-09-23T06:38:29+0200,abb44c57-e6c5-48d3-b3dd-8f290af1258d,2026-09-20T21:45:00Z,2026-09-20T23:45:00+0200,165.91,EUR/MWh,ES,ES,imbalance_price,Short,2026-09-23T04:42:03Z
2026-09-23T04:38:29Z,2026-09-23T06:38:29+0200,abb44c57-e6c5-48d3-b3dd-8f290af1258d,2026-09-20T22:00:00Z,2026-09-21T00:00:00+0200,144.68,EUR/MWh,ES,ES,imbalance_price,Long,2026-09-23T04:42:03Z
2026-09-23T04:38:29Z,2026-09-23T06:38:29+0200,abb44c57-e6c5-48d3-b3dd-8f290af1258d,2026-09-20T22:00:00Z,2026-09-21T00:00:00+0200,201.16,EUR/MWh,ES,ES,imbalance_price,Short,2026-09-23T04:42:03Z
2026-09-23T04:38:29Z,2026-09-23T06:38:29+0200,abb44c57-e6c5-48d3-b3dd-8f290af1258d,2026-09-20T22:15:00Z,2026-09-21T00:15:00+0200,140.76,EUR/MWh,ES,ES,imbalance_price,Long,2026-09-23T04:42:03Z
2026-09-23T04:38:29Z,2026-09-23T06:38:29+0200,abb44c57-e6c5-48d3-b3dd-8f290af1258d,2026-09-20T22:15:00Z,2026-09-21T00:15:00+0200,196.46,EUR/MWh,ES,ES,imbalance_price,Short,2026-09-23T04:42:03Z
2026-09-23T04:38:29Z,2026-09-23T06:38:29+0200,abb44c57-e6c5-48d3-b3dd-8f290af1258d,2026-09-20T22:30:00Z,2026-09-21T00:30:00+0200,136.69,EUR/MWh,ES,ES,imbalance_price,Long,2026-09-23T04:42:03Z
2026-09-23T04:38:29Z,2026-09-23T06:38:29+0200,abb44c57-e6c5-48d3-b3dd-8f290af1258d,2026-09-20T22:30:00Z,2026-09-21T00:30:00+0200,136.69,EUR/MWh,ES,ES,imbalance_price,Short,2026-09-23T04:42:03Z
2026-09-23T04:38:29Z,2026-09-23T06:38:29+0200,abb44c57-e6c5-48d3-b3dd-8f290af1258d,2026-09-20T22:45:00Z,2026-09-21T00:45:00+0200,147.41,EUR/MWh,ES,ES,imbalance_price,Long,2026-09-23T04:42:03Z
2026-09-23T04:38:29Z,2026-09-23T06:38:29+0200,abb44c57-e6c5-48d3-b3dd-8f290af1258d,2026-09-20T22:45:00Z,2026-09-21T00:45:00+0200,175.75,EUR/MWh,ES,ES,imbalance_price,Short,2026-09-23T04:42:03Z
2026-09-23T04:38:29Z,2026-09-23T06:38:29+0200,abb44c57-e6c5-48d3-b3dd-8f290af1258d,2026-09-20T23:00:00Z,2026-09-21T01:00:00+0200,151.8,EUR/MWh,ES,ES,imbalance_price,Long,2026-09-23T04:42:03Z
2026-09-23T04:38:29Z,2026-09-23T06:38:29+0200,abb44c57-e6c5-48d3-b3dd-8f290af1258d,2026-09-20T23:00:00Z,2026-09-21T01:00:00+0200,150.12,EUR/MWh,ES,ES,imbalance_price,Short,2026-09-23T04:42:03Z
2026-09-23T04:38:29Z,2026-09-23T06:38:29+0200,abb44c57-e6c5-48d3-b3dd-8f290af1258d,2026-09-20T23:15:00Z,2026-09-21T01:15:00+0200,144.05,EUR/MWh,ES,ES,imbalance_price,Long,2026-09-23T04:42:03Z
2026-09-23T04:38:29Z,2026-09-23T06:38:29+0200,abb44c57-e6c5-48d3-b3dd-8f290af1258d,2026-09-20T23:15:00Z,2026-09-21T01:15:00+0200,161.69,EUR/MWh,ES,ES,imbalance_price,Short,2026-09-23T04:42:03Z
2026-09-23T04:38:29Z,2026-09-23T06:38:29+0200,abb44c57-e6c5-48d3-b3dd-8f290af1258d,2026-09-20T23:30:00Z,2026-09-21T01:30:00+0200,151.23,EUR/MWh,ES,ES,imbalance_price,Long,2026-09-23T04:42:03Z
2026-09-23T04:38:29Z,2026-09-23T06:38:29+0200,abb44c57-e6c5-48d3-b3dd-8f290af1258d,2026-09-20T23:30:00Z,2026-09-21T01:30:00+0200,181.73,EUR/MWh,ES,ES,imbalance_price,Short,2026-09-23T04:42:03Z
2026-09-23T04:38:29Z,2026-09-23T06:38:29+0200,abb44c57-e6c5-48d3-b3dd-8f290af1258d,2026-09-20T23:45:00Z,2026-09-21T01:45:00+0200,127.74,EUR/MWh,ES,ES,imbalance_price,Long,2026-09-23T04:42:03Z
2026-09-23T04:38:29Z,2026-09-23T06:38:29+0200,abb44c57-e6c5-48d3-b3dd-8f290af1258d,2026-09-20T23:45:00Z,2026-09-21T01:45:00+0200,171.64,EUR/MWh,ES,ES,imbalance_price,Short,2026-09-23T04:42:03Z
2026-09-23T04:38:29Z,2026-09-23T06:38:29+0200,abb44c57-e6c5-48d3-b3dd-8f290af1258d,2026-09-21T00:00:00Z,2026-09-21T02:00:00+0200,128.47,EUR/MWh,ES,ES,imbalance_price,Long,2026-09-23T04:42:03Z
2026-09-23T04:38:29Z,2026-09-23T06:38:29+0200,abb44c57-e6c5-48d3-b3dd-8f290af1258d,2026-09-21T00:00:00Z,2026-09-21T02:00:00+0200,205.92,EUR/MWh,ES,ES,imbalance_price,Short,2026-09-23T04:42:03Z
2026-09-23T04:38:29Z,2026-09-23T06:38:29+0200,abb44c57-e6c5-48d3-b3dd-8f290af1258d,2026-09-21T00:15:00Z,2026-09-21T02:15:00+0200,129.03,EUR/MWh,ES,ES,imbalance_price,Long,2026-09-23T04:42:03Z
2026-09-23T04:38:29Z,2026-09-23T06:38:29+0200,abb44c57-e6c5-48d3-b3dd-8f290af1258d,2026-09-21T00:15:00Z,2026-09-21T02:15:00+0200,171.93,EUR/MWh,ES,ES,imbalance_price,Short,2026-09-23T04:42:03Z
2026-09-23T04:38:29Z,2026-09-23T06:38:29+0200,abb44c57-e6c5-48d3-b3dd-8f290af1258d,2026-09-21T00:30:00Z,2026-09-21T02:30:00+0200,129.84,EUR/MWh,ES,ES,imbalance_price,Long,2026-09-23T04:42:03Z
2026-09-23T04:38:29Z,2026-09-23T06:38:29+0200,abb44c57-e6c5-48d3-b3dd-8f290af1258d,2026-09-21T00:30:00Z,2026-09-21T02:30:00+0200,175.24,EUR/MWh,ES,ES,imbalance_price,Short,2026-09-23T04:42:03Z
2026-09-23T04:38:29Z,2026-09-23T06:38:29+0200,abb44c57-e6c5-48d3-b3dd-8f290af1258d,2026-09-21T00:45:00Z,2026-09-21T02:45:00+0200,148.35,EUR/MWh,ES,ES,imbalance_price,Long,2026-09-23T04:42:03Z
2026-09-23T04:38:29Z,2026-09-23T06:38:29+0200,abb44c57-e6c5-48d3-b3dd-8f290af1258d,2026-09-21T00:45:00Z,2026-09-21T02:45:00+0200,169.81,EUR/MWh,ES,ES,imbalance_price,Short,2026-09-23T04:42:03Z
2026-09-23T04:38:29Z,2026-09-23T06:38:29+0200,abb44c57-e6c5-48d3-b3dd-8f290af1258d,2026-09-21T01:00:00Z,2026-09-21T03:00:00+0200,145.11,EUR/MWh,ES,ES,imbalance_price,Long,2026-09-23T04:42:03Z
2026-09-23T04:38:29Z,2026-09-23T06:38:29+0200,abb44c57-e6c5-48d3-b3dd-8f290af1258d,2026-09-21T01:00:00Z,2026-09-21T03:00:00+0200,171.85,EUR/MWh,ES,ES,imbalance_price,Short,2026-09-23T04:42:03Z
2026-09-23T04:38:29Z,2026-09-23T06:38:29+0200,abb44c57-e6c5-48d3-b3dd-8f290af1258d,2026-09-21T01:15:00Z,2026-09-21T03:15:00+0200,96.74,EUR/MWh,ES,ES,imbalance_price,Long,2026-09-23T04:42:03Z
2026-09-23T04:38:29Z,2026-09-23T06:38:29+0200,abb44c57-e6c5-48d3-b3dd-8f290af1258d,2026-09-21T01:15:00Z,2026-09-21T03:15:00+0200,183.99,EUR/MWh,ES,ES,imbalance_price,Short,2026-09-23T04:42:03Z
2026-09-23T04:38:29Z,2026-09-23T06:38:29+0200,abb44c57-e6c5-48d3-b3dd-8f290af1258d,2026-09-21T01:30:00Z,2026-09-21T03:30:00+0200,106.98,EUR/MWh,ES,ES,imbalance_price,Long,2026-09-23T04:42:03Z
2026-09-23T04:38:29Z,2026-09-23T06:38:29+0200,abb44c57-e6c5-48d3-b3dd-8f290af1258d,2026-09-21T01:30:00Z,2026-09-21T03:30:00+0200,106.98,EUR/MWh,ES,ES,imbalance_price,Short,2026-09-23T04:42:03Z
2026-09-23T04:38:29Z,2026-09-23T06:38:29+0200,abb44c57-e6c5-48d3-b3dd-8f290af1258d,2026-09-21T01:45:00Z,2026-09-21T03:45:00+0200,82.65,EUR/MWh,ES,ES,imbalance_price,Long,2026-09-23T04:42:03Z
2026-09-23T04:38:29Z,2026-09-23T06:38:29+0200,abb44c57-e6c5-48d3-b3dd-8f290af1258d,2026-09-21T01:45:00Z,2026-09-21T03:45:00+0200,161.75,EUR/MWh,ES,ES,imbalance_price,Short,2026-09-23T04:42:03Z
2026-09-23T04:38:29Z,2026-09-23T06:38:29+0200,abb44c57-e6c5-48d3-b3dd-8f290af1258d,2026-09-21T02:00:00Z,2026-09-21T04:00:00+0200,115.67,EUR/MWh,ES,ES,imbalance_price,Long,2026-09-23T04:42:03Z
2026-09-23T04:38:29Z,2026-09-23T06:38:29+0200,abb44c57-e6c5-48d3-b3dd-8f290af1258d,2026-09-21T02:00:00Z,2026-09-21T04:00:00+0200,193.37,EUR/MWh,ES,ES,imbalance_price,Short,2026-09-23T04:42:03Z
2026-09-23T04:38:29Z,2026-09-23T06:38:29+0200,abb44c57-e6c5-48d3-b3dd-8f290af1258d,2026-09-21T02:15:00Z,2026-09-21T04:15:00+0200,138.55,EUR/MWh,ES,ES,imbalance_price,Long,2026-09-23T04:42:03Z
2026-09-23T04:38:29Z,2026-09-23T06:38:29+0200,abb44c57-e6c5-48d3-b3dd-8f290af1258d,2026-09-21T02:15:00Z,2026-09-21T04:15:00+0200,184.97,EUR/MWh,ES,ES,imbalance_price,Short,2026-09-23T04:42:03Z
2026-09-23T04:38:29Z,2026-09-23T06:38:29+0200,abb44c57-e6c5-48d3-b3dd-8f290af1258d,2026-09-21T02:30:00Z,2026-09-21T04:30:00+0200,158.36,EUR/MWh,ES,ES,imbalance_price,Long,2026-09-23T04:42:03Z
2026-09-23T04:38:29Z,2026-09-23T06:38:29+0200,abb44c57-e6c5-48d3-b3dd-8f290af1258d,2026-09-21T02:30:00Z,2026-09-21T04:30:00+0200,199.53,EUR/MWh,ES,ES,imbalance_price,Short,2026-09-23T04:42:03Z
2026-09-23T04:38:29Z,2026-09-23T06:38:29+0200,abb44c57-e6c5-48d3-b3dd-8f290af1258d,2026-09-21T02:45:00Z,2026-09-21T04:45:00+0200,169.6,EUR/MWh,ES,ES,imbalance_price,Long,2026-09-23T04:42:03Z
2026-09-23T04:38:29Z,2026-09-23T06:38:29+0200,abb44c57-e6c5-48d3-b3dd-8f290af1258d,2026-09-21T02:45:00Z,2026-09-21T04:45:00+0200,203.91,EUR/MWh,ES,ES,imbalance_price,Short,2026-09-23T04:42:03Z
2026-09-23T04:38:29Z,2026-09-23T06:38:29+0200,abb44c57-e6c5-48d3-b3dd-8f290af1258d,2026-09-21T03:00:00Z,2026-09-21T05:00:00+0200,189.03,EUR/MWh,ES,ES,imbalance_price,Long,2026-09-23T04:42:03Z
2026-09-23T04:38:29Z,2026-09-23T06:38:29+0200,abb44c57-e6c5-48d3-b3dd-8f290af1258d,2026-09-21T03:00:00Z,2026-09-21T05:00:00+0200,189.03,EUR/MWh,ES,ES,imbalance_price,Short,2026-09-23T04:42:03Z
2026-09-23T04:38:29Z,2026-09-23T06:38:29+0200,abb44c57-e6c5-48d3-b3dd-8f290af1258d,2026-09-21T03:15:00Z,2026-09-21T05:15:00+0200,154.74,EUR/MWh,ES,ES,imbalance_price,Long,2026-09-23T04:42:03Z
2026-09-23T04:38:29Z,2026-09-23T06:38:29+0200,abb44c57-e6c5-48d3-b3dd-8f290af1258d,2026-09-21T03:15:00Z,2026-09-21T05:15:00+0200,190.41,EUR/MWh,ES,ES,imbalance_price,Short,2026-09-23T04:42:03Z
2026-09-23T04:38:29Z,2026-09-23T06:38:29+0200,abb44c57-e6c5-48d3-b3dd-8f290af1258d,2026-09-21T03:30:00Z,2026-09-21T05:30:00+0200,153.82,EUR/MWh,ES,ES,imbalance_price,Long,2026-09-23T04:42:03Z
2026-09-23T04:38:29Z,2026-09-23T06:38:29+0200,abb44c57-e6c5-48d3-b3dd-8f290af1258d,2026-09-21T03:30:00Z,2026-09-21T05:30:00+0200,189.09,EUR/MWh,ES,ES,imbalance_price,Short,2026-09-23T04:42:03Z
2026-09-23T04:38:29Z,2026-09-23T06:38:29+0200,abb44c57-e6c5-48d3-b3dd-8f290af1258d,2026-09-21T03:45:00Z,2026-09-21T05:45:00+0200,142.77,EUR/MWh,ES,ES,imbalance_price,Long,2026-09-23T04:42:03Z
2026-09-23T04:38:29Z,2026-09-23T06:38:29+0200,abb44c57-e6c5-48d3-b3dd-8f290af1258d,2026-09-21T03:45:00Z,2026-09-21T05:45:00+0200,186.12,EUR/MWh,ES,ES,imbalance_price,Short,2026-09-23T04:42:03Z
2026-09-23T04:38:29Z,2026-09-23T06:38:29+0200,abb44c57-e6c5-48d3-b3dd-8f290af1258d,2026-09-21T04:00:00Z,2026-09-21T06:00:00+0200,148.25,EUR/MWh,ES,ES,imbalance_price,Long,2026-09-23T04:42:03Z
2026-09-23T04:38:29Z,2026-09-23T06:38:29+0200,abb44c57-e6c5-48d3-b3dd-8f290af1258d,2026-09-21T04:00:00Z,2026-09-21T06:00:00+0200,196.16,EUR/MWh,ES,ES,imbalance_price,Short,2026-09-23T04:42:03Z
2026-09-23T04:38:29Z,2026-09-23T06:38:29+0200,abb44c57-e6c5-48d3-b3dd-8f290af1258d,2026-09-21T04:15:00Z,2026-09-21T06:15:00+0200,158.65,EUR/MWh,ES,ES,imbalance_price,Long,2026-09-23T04:42:03Z
2026-09-23T04:38:29Z,2026-09-23T06:38:29+0200,abb44c57-e6c5-48d3-b3dd-8f290af1258d,2026-09-21T04:15:00Z,2026-09-21T06:15:00+0200,187.05,EUR/MWh,ES,ES,imbalance_price,Short,2026-09-23T04:42:03Z
2026-09-23T04:38:29Z,2026-09-23T06:38:29+0200,abb44c57-e6c5-48d3-b3dd-8f290af1258d,2026-09-21T04:30:00Z,2026-09-21T06:30:00+0200,148.79,EUR/MWh,ES,ES,imbalance_price,Long,2026-09-23T04:42:03Z
2026-09-23T04:38:29Z,2026-09-23T06:38:29+0200,abb44c57-e6c5-48d3-b3dd-8f290af1258d,2026-09-21T04:30:00Z,2026-09-21T06:30:00+0200,193.62,EUR/MWh,ES,ES,imbalance_price,Short,2026-09-23T04:42:03Z
2026-09-23T04:38:29Z,2026-09-23T06:38:29+0200,abb44c57-e6c5-48d3-b3dd-8f290af1258d,2026-09-21T04:45:00Z,2026-09-21T06:45:00+0200,167.43,EUR/MWh,ES,ES,imbalance_price,Long,2026-09-23T04:42:03Z
2026-09-23T04:38:29Z,2026-09-23T06:38:29+0200,abb44c57-e6c5-48d3-b3dd-8f290af1258d,2026-09-21T04:45:00Z,2026-09-21T06:45:00+0200,218.9,EUR/MWh,ES,ES,imbalance_price,Short,2026-09-23T04:42:03Z
2026-09-23T04:38:29Z,2026-09-23T06:38:29+0200,abb44c57-e6c5-48d3-b3dd-8f290af1258d,2026-09-21T05:00:00Z,2026-09-21T07:00:00+0200,212.06,EUR/MWh,ES,ES,imbalance_price,Long,2026-09-23T04:42:03Z
2026-09-23T04:38:29Z,2026-09-23T06:38:29+0200,abb44c57-e6c5-48d3-b3dd-8f290af1258d,2026-09-21T05:00:00Z,2026-09-21T07:00:00+0200,212.06,EUR/MWh,ES,ES,imbalance_price,Short,2026-09-23T04:42:03Z
2026-09-23T04:38:29Z,2026-09-23T06:38:29+0200,abb44c57-e6c5-48d3-b3dd-8f290af1258d,2026-09-21T05:15:00Z,2026-09-21T07:15:00+0200,222.34,EUR/MWh,ES,ES,imbalance_price,Long,2026-09-23T04:42:03Z
2026-09-23T04:38:29Z,2026-09-23T06:38:29+0200,abb44c57-e6c5-48d3-b3dd-8f290af1258d,2026-09-21T05:15:00Z,2026-09-21T07:15:00+0200,222.34,EUR/MWh,ES,ES,imbalance_price,Short,2026-09-23T04:42:03Z
2026-09-23T04:38:29Z,2026-09-23T06:38:29+0200,abb44c57-e6c5-48d3-b3dd-8f290af1258d,2026-09-21T05:30:00Z,2026-09-21T07:30:00+0200,222.12,EUR/MWh,ES,ES,imbalance_price,Long,2026-09-23T04:42:03Z
2026-09-23T04:38:29Z,2026-09-23T06:38:29+0200,abb44c57-e6c5-48d3-b3dd-8f290af1258d,2026-09-21T05:30:00Z,2026-09-21T07:30:00+0200,222.12,EUR/MWh,ES,ES,imbalance_price,Short,2026-09-23T04:42:03Z
2026-09-23T04:38:29Z,2026-09-23T06:38:29+0200,abb44c57-e6c5-48d3-b3dd-8f290af1258d,2026-09-21T05:45:00Z,2026-09-21T07:45:00+0200,229.33,EUR/MWh,ES,ES,imbalance_price,Long,2026-09-23T04:42:03Z
2026-09-23T04:38:29Z,2026-09-23T06:38:29+0200,abb44c57-e6c5-48d3-b3dd-8f290af1258d,2026-09-21T05:45:00Z,2026-09-21T07:45:00+0200,229.33,EUR/MWh,ES,ES,imbalance_price,Short,2026-09-23T04:42:03Z
2026-09-23T04:38:29Z,2026-09-23T06:38:29+0200,abb44c57-e6c5-48d3-b3dd-8f290af1258d,2026-09-21T06:00:00Z,2026-09-21T08:00:00+0200,257.05,EUR/MWh,ES,ES,imbalance_price,Long,2026-09-23T04:42:03Z
2026-09-23T04:38:29Z,2026-09-23T06:38:29+0200,abb44c57-e6c5-48d3-b3dd-8f290af1258d,2026-09-21T06:00:00Z,2026-09-21T08:00:00+0200,257.05,EUR/MWh,ES,ES,imbalance_price,Short,2026-09-23T04:42:03Z
2026-09-23T04:38:29Z,2026-09-23T06:38:29+0200,abb44c57-e6c5-48d3-b3dd-8f290af1258d,2026-09-21T06:15:00Z,2026-09-21T08:15:00+0200,213.39,EUR/MWh,ES,ES,imbalance_price,Long,2026-09-23T04:42:03Z
2026-09-23T04:38:29Z,2026-09-23T06:38:29+0200,abb44c57-e6c5-48d3-b3dd-8f290af1258d,2026-09-21T06:15:00Z,2026-09-21T08:15:00+0200,213.39,EUR/MWh,ES,ES,imbalance_price,Short,2026-09-23T04:42:03Z
2026-09-23T04:38:29Z,2026-09-23T06:38:29+0200,abb44c57-e6c5-48d3-b3dd-8f290af1258d,2026-09-21T06:30:00Z,2026-09-21T08:30:00+0200,155.3,EUR/MWh,ES,ES,imbalance_price,Long,2026-09-23T04:42:03Z
2026-09-23T04:38:29Z,2026-09-23T06:38:29+0200,abb44c57-e6c5-48d3-b3dd-8f290af1258d,2026-09-21T06:30:00Z,2026-09-21T08:30:00+0200,220.15,EUR/MWh,ES,ES,imbalance_price,Short,2026-09-23T04:42:03Z
2026-09-23T04:38:29Z,2026-09-23T06:38:29+0200,abb44c57-e6c5-48d3-b3dd-8f290af1258d,2026-09-21T06:45:00Z,2026-09-21T08:45:00+0200,-19.19,EUR/MWh,ES,ES,imbalance_price,Long,2026-09-23T04:42:03Z
2026-09-23T04:38:29Z,2026-09-23T06:38:29+0200,abb44c57-e6c5-48d3-b3dd-8f290af1258d,2026-09-21T06:45:00Z,2026-09-21T08:45:00+0200,200.7,EUR/MWh,ES,ES,imbalance_price,Short,2026-09-23T04:42:03Z
2026-09-23T04:38:29Z,2026-09-23T06:38:29+0200,abb44c57-e6c5-48d3-b3dd-8f290af1258d,2026-09-21T07:00:00Z,2026-09-21T09:00:00+0200,92.35,EUR/MWh,ES,ES,imbalance_price,Long,2026-09-23T04:42:03Z
2026-09-23T04:38:29Z,2026-09-23T06:38:29+0200,abb44c57-e6c5-48d3-b3dd-8f290af1258d,2026-09-21T07:00:00Z,2026-09-21T09:00:00+0200,92.35,EUR/MWh,ES,ES,imbalance_price,Short,2026-09-23T04:42:03Z
2026-09-23T04:38:29Z,2026-09-23T06:38:29+0200,abb44c57-e6c5-48d3-b3dd-8f290af1258d,2026-09-21T07:15:00Z,2026-09-21T09:15:00+0200,52.14,EUR/MWh,ES,ES,imbalance_price,Long,2026-09-23T04:42:03Z
2026-09-23T04:38:29Z,2026-09-23T06:38:29+0200,abb44c57-e6c5-48d3-b3dd-8f290af1258d,2026-09-21T07:15:00Z,2026-09-21T09:15:00+0200,52.14,EUR/MWh,ES,ES,imbalance_price,Short,2026-09-23T04:42:03Z
2026-09-23T04:38:29Z,2026-09-23T06:38:29+0200,abb44c57-e6c5-48d3-b3dd-8f290af1258d,2026-09-21T07:30:00Z,2026-09-21T09:30:00+0200,-2.51,EUR/MWh,ES,ES,imbalance_price,Long,2026-09-23T04:42:03Z
2026-09-23T04:38:29Z,2026-09-23T06:38:29+0200,abb44c57-e6c5-48d3-b3dd-8f290af1258d,2026-09-21T07:30:00Z,2026-09-21T09:30:00+0200,-2.51,EUR/MWh,ES,ES,imbalance_price,Short,2026-09-23T04:42:03Z
2026-09-23T04:38:29Z,2026-09-23T06:38:29+0200,abb44c57-e6c5-48d3-b3dd-8f290af1258d,2026-09-21T07:45:00Z,2026-09-21T09:45:00+0200,-4.64,EUR/MWh,ES,ES,imbalance_price,Long,2026-09-23T04:42:03Z
2026-09-23T04:38:29Z,2026-09-23T06:38:29+0200,abb44c57-e6c5-48d3-b3dd-8f290af1258d,2026-09-21T07:45:00Z,2026-09-21T09:45:00+0200,-4.64,EUR/MWh,ES,ES,imbalance_price,Short,2026-09-23T04:42:03Z
2026-09-23T04:38:29Z,2026-09-23T06:38:29+0200,abb44c57-e6c5-48d3-b3dd-8f290af1258d,2026-09-21T08:00:00Z,2026-09-21T10:00:00+0200,35.4,EUR/MWh,ES,ES,imbalance_price,Long,2026-09-23T04:42:03Z
2026-09-23T04:38:29Z,2026-09-23T06:38:29+0200,abb44c57-e6c5-48d3-b3dd-8f290af1258d,2026-09-21T08:00:00Z,2026-09-21T10:00:00+0200,35.4,EUR/MWh,ES,ES,imbalance_price,Short,2026-09-23T04:42:03Z
2026-09-23T04:38:29Z,2026-09-23T06:38:29+0200,abb44c57-e6c5-48d3-b3dd-8f290af1258d,2026-09-21T08:15:00Z,2026-09-21T10:15:00+0200,30.44,EUR/MWh,ES,ES,imbalance_price,Long,2026-09-23T04:42:03Z
2026-09-23T04:38:29Z,2026-09-23T06:38:29+0200,abb44c57-e6c5-48d3-b3dd-8f290af1258d,2026-09-21T08:15:00Z,2026-09-21T10:15:00+0200,30.44,EUR/MWh,ES,ES,imbalance_price,Short,2026-09-23T04:42:03Z
2026-09-23T04:38:29Z,2026-09-23T06:38:29+0200,abb44c57-e6c5-48d3-b3dd-8f290af1258d,2026-09-21T08:30:00Z,2026-09-21T10:30:00+0200,58.44,EUR/MWh,ES,ES,imbalance_price,Long,2026-09-23T04:42:03Z
2026-09-23T04:38:29Z,2026-09-23T06:38:29+0200,abb44c57-e6c5-48d3-b3dd-8f290af1258d,2026-09-21T08:30:00Z,2026-09-21T10:30:00+0200,58.44,EUR/MWh,ES,ES,imbalance_price,Short,2026-09-23T04:42:03Z
2026-09-23T04:38:29Z,2026-09-23T06:38:29+0200,abb44c57-e6c5-48d3-b3dd-8f290af1258d,2026-09-21T08:45:00Z,2026-09-21T10:45:00+0200,2.09,EUR/MWh,ES,ES,imbalance_price,Long,2026-09-23T04:42:03Z
2026-09-23T04:38:29Z,2026-09-23T06:38:29+0200,abb44c57-e6c5-48d3-b3dd-8f290af1258d,2026-09-21T08:45:00Z,2026-09-21T10:45:00+0200,50.5,EUR/MWh,ES,ES,imbalance_price,Short,2026-09-23T04:42:03Z
2026-09-23T04:38:29Z,2026-09-23T06:38:29+0200,abb44c57-e6c5-48d3-b3dd-8f290af1258d,2026-09-21T09:00:00Z,2026-09-21T11:00:00+0200,-0.48,EUR/MWh,ES,ES,imbalance_price,Long,2026-09-23T04:42:03Z
2026-09-23T04:38:29Z,2026-09-23T06:38:29+0200,abb44c57-e6c5-48d3-b3dd-8f290af1258d,2026-09-21T09:00:00Z,2026-09-21T11:00:00+0200,-0.48,EUR/MWh,ES,ES,imbalance_price,Short,2026-09-23T04:42:03Z
2026-09-23T04:38:29Z,2026-09-23T06:38:29+0200,abb44c57-e6c5-48d3-b3dd-8f290af1258d,2026-09-21T09:15:00Z,2026-09-21T11:15:00+0200,-0.49,EUR/MWh,ES,ES,imbalance_price,Long,2026-09-23T04:42:03Z
2026-09-23T04:38:29Z,2026-09-23T06:38:29+0200,abb44c57-e6c5-48d3-b3dd-8f290af1258d,2026-09-21T09:15:00Z,2026-09-21T11:15:00+0200,-0.49,EUR/MWh,ES,ES,imbalance_price,Short,2026-09-23T04:42:03Z
2026-09-23T04:38:29Z,2026-09-23T06:38:29+0200,abb44c57-e6c5-48d3-b3dd-8f290af1258d,2026-09-21T09:30:00Z,2026-09-21T11:30:00+0200,-0.55,EUR/MWh,ES,ES,imbalance_price,Long,2026-09-23T04:42:03Z
2026-09-23T04:38:29Z,2026-09-23T06:38:29+0200,abb44c57-e6c5-48d3-b3dd-8f290af1258d,2026-09-21T09:30:00Z,2026-09-21T11:30:00+0200,-0.55,EUR/MWh,ES,ES,imbalance_price,Short,2026-09-23T04:42:03Z
2026-09-23T04:38:29Z,2026-09-23T06:38:29+0200,abb44c57-e6c5-48d3-b3dd-8f290af1258d,2026-09-21T09:45:00Z,2026-09-21T11:45:00+0200,-0.52,EUR/MWh,ES,ES,imbalance_price,Long,2026-09-23T04:42:03Z
2026-09-23T04:38:29Z,2026-09-23T06:38:29+0200,abb44c57-e6c5-48d3-b3dd-8f290af1258d,2026-09-21T09:45:00Z,2026-09-21T11:45:00+0200,-0.52,EUR/MWh,ES,ES,imbalance_price,Short,2026-09-23T04:42:03Z
2026-09-23T04:38:29Z,2026-09-23T06:38:29+0200,abb44c57-e6c5-48d3-b3dd-8f290af1258d,2026-09-21T10:00:00Z,2026-09-21T12:00:00+0200,-1.07,EUR/MWh,ES,ES,imbalance_price,Long,2026-09-23T04:42:03Z
2026-09-23T04:38:29Z,2026-09-23T06:38:29+0200,abb44c57-e6c5-48d3-b3dd-8f290af1258d,2026-09-21T10:00:00Z,2026-09-21T12:00:00+0200,-1.07,EUR/MWh,ES,ES,imbalance_price,Short,2026-09-23T04:42:03Z
2026-09-23T04:38:29Z,2026-09-23T06:38:29+0200,abb44c57-e6c5-48d3-b3dd-8f290af1258d,2026-09-21T10:15:00Z,2026-09-21T12:15:00+0200,-0.87,EUR/MWh,ES,ES,imbalance_price,Long,2026-09-23T04:42:03Z
2026-09-23T04:38:29Z,2026-09-23T06:38:29+0200,abb44c57-e6c5-48d3-b3dd-8f290af1258d,2026-09-21T10:15:00Z,2026-09-21T12:15:00+0200,-0.87,EUR/MWh,ES,ES,imbalance_price,Short,2026-09-23T04:42:03Z
2026-09-23T04:38:29Z,2026-09-23T06:38:29+0200,abb44c57-e6c5-48d3-b3dd-8f290af1258d,2026-09-21T10:30:00Z,2026-09-21T12:30:00+0200,-0.82,EUR/MWh,ES,ES,imbalance_price,Long,2026-09-23T04:42:03Z
2026-09-23T04:38:29Z,2026-09-23T06:38:29+0200,abb44c57-e6c5-48d3-b3dd-8f290af1258d,2026-09-21T10:30:00Z,2026-09-21T12:30:00+0200,-0.82,EUR/MWh,ES,ES,imbalance_price,Short,2026-09-23T04:42:03Z
2026-09-23T04:38:29Z,2026-09-23T06:38:29+0200,abb44c57-e6c5-48d3-b3dd-8f290af1258d,2026-09-21T10:45:00Z,2026-09-21T12:45:00+0200,-0.24,EUR/MWh,ES,ES,imbalance_price,Long,2026-09-23T04:42:03Z
2026-09-23T04:38:29Z,2026-09-23T06:38:29+0200,abb44c57-e6c5-48d3-b3dd-8f290af1258d,2026-09-21T10:45:00Z,2026-09-21T12:45:00+0200,-0.24,EUR/MWh,ES,ES,imbalance_price,Short,2026-09-23T04:42:03Z
2026-09-23T04:38:29Z,2026-09-23T06:38:29+0200,abb44c57-e6c5-48d3-b3dd-8f290af1258d,2026-09-21T11:00:00Z,2026-09-21T13:00:00+0200,-0.54,EUR/MWh,ES,ES,imbalance_price,Long,2026-09-23T04:42:03Z
2026-09-23T04:38:29Z,2026-09-23T06:38:29+0200,abb44c57-e6c5-48d3-b3dd-8f290af1258d,2026-09-21T11:00:00Z,2026-09-21T13:00:00+0200,-0.54,EUR/MWh,ES,ES,imbalance_price,Short,2026-09-23T04:42:03Z
2026-09-23T04:38:29Z,2026-09-23T06:38:29+0200,abb44c57-e6c5-48d3-b3dd-8f290af1258d,2026-09-21T11:15:00Z,2026-09-21T13:15:00+0200,-1.89,EUR/MWh,ES,ES,imbalance_price,Long,2026-09-23T04:42:03Z
2026-09-23T04:38:29Z,2026-09-23T06:38:29+0200,abb44c57-e6c5-48d3-b3dd-8f290af1258d,2026-09-21T11:15:00Z,2026-09-21T13:15:00+0200,-1.89,EUR/MWh,ES,ES,imbalance_price,Short,2026-09-23T04:42:03Z
2026-09-23T04:38:29Z,2026-09-23T06:38:29+0200,abb44c57-e6c5-48d3-b3dd-8f290af1258d,2026-09-21T11:30:00Z,2026-09-21T13:30:00+0200,-4.21,EUR/MWh,ES,ES,imbalance_price,Long,2026-09-23T04:42:03Z
2026-09-23T04:38:29Z,2026-09-23T06:38:29+0200,abb44c57-e6c5-48d3-b3dd-8f290af1258d,2026-09-21T11:30:00Z,2026-09-21T13:30:00+0200,142.94,EUR/MWh,ES,ES,imbalance_price,Short,2026-09-23T04:42:03Z
2026-09-23T04:38:29Z,2026-09-23T06:38:29+0200,abb44c57-e6c5-48d3-b3dd-8f290af1258d,2026-09-21T11:45:00Z,2026-09-21T13:45:00+0200,-4.7,EUR/MWh,ES,ES,imbalance_price,Long,2026-09-23T04:42:03Z
2026-09-23T04:38:29Z,2026-09-23T06:38:29+0200,abb44c57-e6c5-48d3-b3dd-8f290af1258d,2026-09-21T11:45:00Z,2026-09-21T13:45:00+0200,160.85,EUR/MWh,ES,ES,imbalance_price,Short,2026-09-23T04:42:03Z
2026-09-23T04:38:29Z,2026-09-23T06:38:29+0200,abb44c57-e6c5-48d3-b3dd-8f290af1258d,2026-09-21T12:00:00Z,2026-09-21T14:00:00+0200,-4.8,EUR/MWh,ES,ES,imbalance_price,Long,2026-09-23T04:42:03Z
2026-09-23T04:38:29Z,2026-09-23T06:38:29+0200,abb44c57-e6c5-48d3-b3dd-8f290af1258d,2026-09-21T12:00:00Z,2026-09-21T14:00:00+0200,5.23,EUR/MWh,ES,ES,imbalance_price,Short,2026-09-23T04:42:03Z
2026-09-23T04:38:29Z,2026-09-23T06:38:29+0200,abb44c57-e6c5-48d3-b3dd-8f290af1258d,2026-09-21T12:15:00Z,2026-09-21T14:15:00+0200,-0.19,EUR/MWh,ES,ES,imbalance_price,Long,2026-09-23T04:42:03Z
2026-09-23T04:38:29Z,2026-09-23T06:38:29+0200,abb44c57-e6c5-48d3-b3dd-8f290af1258d,2026-09-21T12:15:00Z,2026-09-21T14:15:00+0200,-0.19,EUR/MWh,ES,ES,imbalance_price,Short,2026-09-23T04:42:03Z
2026-09-23T04:38:29Z,2026-09-23T06:38:29+0200,abb44c57-e6c5-48d3-b3dd-8f290af1258d,2026-09-21T12:30:00Z,2026-09-21T14:30:00+0200,0.0,EUR/MWh,ES,ES,imbalance_price,Long,2026-09-23T04:42:03Z
2026-09-23T04:38:29Z,2026-09-23T06:38:29+0200,abb44c57-e6c5-48d3-b3dd-8f290af1258d,2026-09-21T12:30:00Z,2026-09-21T14:30:00+0200,0.0,EUR/MWh,ES,ES,imbalance_price,Short,2026-09-23T04:42:03Z
2026-09-23T04:38:29Z,2026-09-23T06:38:29+0200,abb44c57-e6c5-48d3-b3dd-8f290af1258d,2026-09-21T12:45:00Z,2026-09-21T14:45:00+0200,-0.44,EUR/MWh,ES,ES,imbalance_price,Long,2026-09-23T04:42:03Z
2026-09-23T04:38:29Z,2026-09-23T06:38:29+0200,abb44c57-e6c5-48d3-b3dd-8f290af1258d,2026-09-21T12:45:00Z,2026-09-21T14:45:00+0200,-0.44,EUR/MWh,ES,ES,imbalance_price,Short,2026-09-23T04:42:03Z
2026-09-23T04:38:29Z,2026-09-23T06:38:29+0200,abb44c57-e6c5-48d3-b3dd-8f290af1258d,2026-09-21T13:00:00Z,2026-09-21T15:00:00+0200,-3.41,EUR/MWh,ES,ES,imbalance_price,Long,2026-09-23T04:42:03Z
2026-09-23T04:38:29Z,2026-09-23T06:38:29+0200,abb44c57-e6c5-48d3-b3dd-8f290af1258d,2026-09-21T13:00:00Z,2026-09-21T15:00:00+0200,-3.41,EUR/MWh,ES,ES,imbalance_price,Short,2026-09-23T04:42:03Z
2026-09-23T04:38:29Z,2026-09-23T06:38:29+0200,abb44c57-e6c5-48d3-b3dd-8f290af1258d,2026-09-21T13:15:00Z,2026-09-21T15:15:00+0200,-0.54,EUR/MWh,ES,ES,imbalance_price,Long,2026-09-23T04:42:03Z
2026-09-23T04:38:29Z,2026-09-23T06:38:29+0200,abb44c57-e6c5-48d3-b3dd-8f290af1258d,2026-09-21T13:15:00Z,2026-09-21T15:15:00+0200,108.73,EUR/MWh,ES,ES,imbalance_price,Short,2026-09-23T04:42:03Z
2026-09-23T04:38:29Z,2026-09-23T06:38:29+0200,abb44c57-e6c5-48d3-b3dd-8f290af1258d,2026-09-21T13:30:00Z,2026-09-21T15:30:00+0200,-1.19,EUR/MWh,ES,ES,imbalance_price,Long,2026-09-23T04:42:03Z
2026-09-23T04:38:29Z,2026-09-23T06:38:29+0200,abb44c57-e6c5-48d3-b3dd-8f290af1258d,2026-09-21T13:30:00Z,2026-09-21T15:30:00+0200,145.44,EUR/MWh,ES,ES,imbalance_price,Short,2026-09-23T04:42:03Z
2026-09-23T04:38:29Z,2026-09-23T06:38:29+0200,abb44c57-e6c5-48d3-b3dd-8f290af1258d,2026-09-21T13:45:00Z,2026-09-21T15:45:00+0200,-0.11,EUR/MWh,ES,ES,imbalance_price,Long,2026-09-23T04:42:03Z
2026-09-23T04:38:29Z,2026-09-23T06:38:29+0200,abb44c57-e6c5-48d3-b3dd-8f290af1258d,2026-09-21T13:45:00Z,2026-09-21T15:45:00+0200,157.33,EUR/MWh,ES,ES,imbalance_price,Short,2026-09-23T04:42:03Z
2026-09-23T04:38:29Z,2026-09-23T06:38:29+0200,abb44c57-e6c5-48d3-b3dd-8f290af1258d,2026-09-21T14:00:00Z,2026-09-21T16:00:00+0200,0.0,EUR/MWh,ES,ES,imbalance_price,Long,2026-09-23T04:42:03Z
2026-09-23T04:38:29Z,2026-09-23T06:38:29+0200,abb44c57-e6c5-48d3-b3dd-8f290af1258d,2026-09-21T14:00:00Z,2026-09-21T16:00:00+0200,25.79,EUR/MWh,ES,ES,imbalance_price,Short,2026-09-23T04:42:03Z
2026-09-23T04:38:29Z,2026-09-23T06:38:29+0200,abb44c57-e6c5-48d3-b3dd-8f290af1258d,2026-09-21T14:15:00Z,2026-09-21T16:15:00+0200,-0.26,EUR/MWh,ES,ES,imbalance_price,Long,2026-09-23T04:42:03Z
2026-09-23T04:38:29Z,2026-09-23T06:38:29+0200,abb44c57-e6c5-48d3-b3dd-8f290af1258d,2026-09-21T14:15:00Z,2026-09-21T16:15:00+0200,8.35,EUR/MWh,ES,ES,imbalance_price,Short,2026-09-23T04:42:03Z
2026-09-23T04:38:29Z,2026-09-23T06:38:29+0200,abb44c57-e6c5-48d3-b3dd-8f290af1258d,2026-09-21T14:30:00Z,2026-09-21T16:30:00+0200,-0.39,EUR/MWh,ES,ES,imbalance_price,Long,2026-09-23T04:42:03Z
2026-09-23T04:38:29Z,2026-09-23T06:38:29+0200,abb44c57-e6c5-48d3-b3dd-8f290af1258d,2026-09-21T14:30:00Z,2026-09-21T16:30:00+0200,142.61,EUR/MWh,ES,ES,imbalance_price,Short,2026-09-23T04:42:03Z
2026-09-23T04:38:29Z,2026-09-23T06:38:29+0200,abb44c57-e6c5-48d3-b3dd-8f290af1258d,2026-09-21T14:45:00Z,2026-09-21T16:45:00+0200,143.1,EUR/MWh,ES,ES,imbalance_price,Long,2026-09-23T04:42:03Z
2026-09-23T04:38:29Z,2026-09-23T06:38:29+0200,abb44c57-e6c5-48d3-b3dd-8f290af1258d,2026-09-21T14:45:00Z,2026-09-21T16:45:00+0200,143.1,EUR/MWh,ES,ES,imbalance_price,Short,2026-09-23T04:42:03Z
2026-09-23T04:38:29Z,2026-09-23T06:38:29+0200,abb44c57-e6c5-48d3-b3dd-8f290af1258d,2026-09-21T15:00:00Z,2026-09-21T17:00:00+0200,0.12,EUR/MWh,ES,ES,imbalance_price,Long,2026-09-23T04:42:03Z
2026-09-23T04:38:29Z,2026-09-23T06:38:29+0200,abb44c57-e6c5-48d3-b3dd-8f290af1258d,2026-09-21T15:00:00Z,2026-09-21T17:00:00+0200,87.16,EUR/MWh,ES,ES,imbalance_price,Short,2026-09-23T04:42:03Z
2026-09-23T04:38:29Z,2026-09-23T06:38:29+0200,abb44c57-e6c5-48d3-b3dd-8f290af1258d,2026-09-21T15:15:00Z,2026-09-21T17:15:00+0200,5.33,EUR/MWh,ES,ES,imbalance_price,Long,2026-09-23T04:42:03Z
2026-09-23T04:38:29Z,2026-09-23T06:38:29+0200,abb44c57-e6c5-48d3-b3dd-8f290af1258d,2026-09-21T15:15:00Z,2026-09-21T17:15:00+0200,144.03,EUR/MWh,ES,ES,imbalance_price,Short,2026-09-23T04:42:03Z
2026-09-23T04:38:29Z,2026-09-23T06:38:29+0200,abb44c57-e6c5-48d3-b3dd-8f290af1258d,2026-09-21T15:30:00Z,2026-09-21T17:30:00+0200,-1.0,EUR/MWh,ES,ES,imbalance_price,Long,2026-09-23T04:42:03Z
2026-09-23T04:38:29Z,2026-09-23T06:38:29+0200,abb44c57-e6c5-48d3-b3dd-8f290af1258d,2026-09-21T15:30:00Z,2026-09-21T17:30:00+0200,90.5,EUR/MWh,ES,ES,imbalance_price,Short,2026-09-23T04:42:03Z
2026-09-23T04:38:29Z,2026-09-23T06:38:29+0200,abb44c57-e6c5-48d3-b3dd-8f290af1258d,2026-09-21T15:45:00Z,2026-09-21T17:45:00+0200,-4.36,EUR/MWh,ES,ES,imbalance_price,Long,2026-09-23T04:42:03Z
2026-09-23T04:38:29Z,2026-09-23T06:38:29+0200,abb44c57-e6c5-48d3-b3dd-8f290af1258d,2026-09-21T15:45:00Z,2026-09-21T17:45:00+0200,190.96,EUR/MWh,ES,ES,imbalance_price,Short,2026-09-23T04:42:03Z
2026-09-23T04:38:29Z,2026-09-23T06:38:29+0200,abb44c57-e6c5-48d3-b3dd-8f290af1258d,2026-09-21T16:00:00Z,2026-09-21T18:00:00+0200,2.94,EUR/MWh,ES,ES,imbalance_price,Long,2026-09-23T04:42:03Z
2026-09-23T04:38:29Z,2026-09-23T06:38:29+0200,abb44c57-e6c5-48d3-b3dd-8f290af1258d,2026-09-21T16:00:00Z,2026-09-21T18:00:00+0200,180.63,EUR/MWh,ES,ES,imbalance_price,Short,2026-09-23T04:42:03Z
2026-09-23T04:38:29Z,2026-09-23T06:38:29+0200,abb44c57-e6c5-48d3-b3dd-8f290af1258d,2026-09-21T16:15:00Z,2026-09-21T18:15:00+0200,10.04,EUR/MWh,ES,ES,imbalance_price,Long,2026-09-23T04:42:03Z
2026-09-23T04:38:29Z,2026-09-23T06:38:29+0200,abb44c57-e6c5-48d3-b3dd-8f290af1258d,2026-09-21T16:15:00Z,2026-09-21T18:15:00+0200,114.27,EUR/MWh,ES,ES,imbalance_price,Short,2026-09-23T04:42:03Z
2026-09-23T04:38:29Z,2026-09-23T06:38:29+0200,abb44c57-e6c5-48d3-b3dd-8f290af1258d,2026-09-21T16:30:00Z,2026-09-21T18:30:00+0200,47.43,EUR/MWh,ES,ES,imbalance_price,Long,2026-09-23T04:42:03Z
2026-09-23T04:38:29Z,2026-09-23T06:38:29+0200,abb44c57-e6c5-48d3-b3dd-8f290af1258d,2026-09-21T16:30:00Z,2026-09-21T18:30:00+0200,175.5,EUR/MWh,ES,ES,imbalance_price,Short,2026-09-23T04:42:03Z
2026-09-23T04:38:29Z,2026-09-23T06:38:29+0200,abb44c57-e6c5-48d3-b3dd-8f290af1258d,2026-09-21T16:45:00Z,2026-09-21T18:45:00+0200,207.05,EUR/MWh,ES,ES,imbalance_price,Long,2026-09-23T04:42:03Z
2026-09-23T04:38:29Z,2026-09-23T06:38:29+0200,abb44c57-e6c5-48d3-b3dd-8f290af1258d,2026-09-21T16:45:00Z,2026-09-21T18:45:00+0200,207.05,EUR/MWh,ES,ES,imbalance_price,Short,2026-09-23T04:42:03Z
2026-09-23T04:38:29Z,2026-09-23T06:38:29+0200,abb44c57-e6c5-48d3-b3dd-8f290af1258d,2026-09-21T17:00:00Z,2026-09-21T19:00:00+0200,144.67,EUR/MWh,ES,ES,imbalance_price,Long,2026-09-23T04:42:03Z
2026-09-23T04:38:29Z,2026-09-23T06:38:29+0200,abb44c57-e6c5-48d3-b3dd-8f290af1258d,2026-09-21T17:00:00Z,2026-09-21T19:00:00+0200,324.3,EUR/MWh,ES,ES,imbalance_price,Short,2026-09-23T04:42:03Z
2026-09-23T04:38:29Z,2026-09-23T06:38:29+0200,abb44c57-e6c5-48d3-b3dd-8f290af1258d,2026-09-21T17:15:00Z,2026-09-21T19:15:00+0200,345.39,EUR/MWh,ES,ES,imbalance_price,Long,2026-09-23T04:42:03Z
2026-09-23T04:38:29Z,2026-09-23T06:38:29+0200,abb44c57-e6c5-48d3-b3dd-8f290af1258d,2026-09-21T17:15:00Z,2026-09-21T19:15:00+0200,345.39,EUR/MWh,ES,ES,imbalance_price,Short,2026-09-23T04:42:03Z
2026-09-23T04:38:29Z,2026-09-23T06:38:29+0200,abb44c57-e6c5-48d3-b3dd-8f290af1258d,2026-09-21T17:30:00Z,2026-09-21T19:30:00+0200,310.89,EUR/MWh,ES,ES,imbalance_price,Long,2026-09-23T04:42:03Z
2026-09-23T04:38:29Z,2026-09-23T06:38:29+0200,abb44c57-e6c5-48d3-b3dd-8f290af1258d,2026-09-21T17:30:00Z,2026-09-21T19:30:00+0200,310.89,EUR/MWh,ES,ES,imbalance_price,Short,2026-09-23T04:42:03Z
2026-09-23T04:38:29Z,2026-09-23T06:38:29+0200,abb44c57-e6c5-48d3-b3dd-8f290af1258d,2026-09-21T17:45:00Z,2026-09-21T19:45:00+0200,297.03,EUR/MWh,ES,ES,imbalance_price,Long,2026-09-23T04:42:03Z
2026-09-23T04:38:29Z,2026-09-23T06:38:29+0200,abb44c57-e6c5-48d3-b3dd-8f290af1258d,2026-09-21T17:45:00Z,2026-09-21T19:45:00+0200,297.03,EUR/MWh,ES,ES,imbalance_price,Short,2026-09-23T04:42:03Z
2026-09-23T04:38:29Z,2026-09-23T06:38:29+0200,abb44c57-e6c5-48d3-b3dd-8f290af1258d,2026-09-21T18:00:00Z,2026-09-21T20:00:00+0200,261.84,EUR/MWh,ES,ES,imbalance_price,Long,2026-09-23T04:42:03Z
2026-09-23T04:38:29Z,2026-09-23T06:38:29+0200,abb44c57-e6c5-48d3-b3dd-8f290af1258d,2026-09-21T18:00:00Z,2026-09-21T20:00:00+0200,261.84,EUR/MWh,ES,ES,imbalance_price,Short,2026-09-23T04:42:03Z
2026-09-23T04:38:29Z,2026-09-23T06:38:29+0200,abb44c57-e6c5-48d3-b3dd-8f290af1258d,2026-09-21T18:15:00Z,2026-09-21T20:15:00+0200,261.99,EUR/MWh,ES,ES,imbalance_price,Long,2026-09-23T04:42:03Z
2026-09-23T04:38:29Z,2026-09-23T06:38:29+0200,abb44c57-e6c5-48d3-b3dd-8f290af1258d,2026-09-21T18:15:00Z,2026-09-21T20:15:00+0200,261.99,EUR/MWh,ES,ES,imbalance_price,Short,2026-09-23T04:42:03Z
2026-09-23T04:38:29Z,2026-09-23T06:38:29+0200,abb44c57-e6c5-48d3-b3dd-8f290af1258d,2026-09-21T18:30:00Z,2026-09-21T20:30:00+0200,262.68,EUR/MWh,ES,ES,imbalance_price,Long,2026-09-23T04:42:03Z
2026-09-23T04:38:29Z,2026-09-23T06:38:29+0200,abb44c57-e6c5-48d3-b3dd-8f290af1258d,2026-09-21T18:30:00Z,2026-09-21T20:30:00+0200,262.68,EUR/MWh,ES,ES,imbalance_price,Short,2026-09-23T04:42:03Z
2026-09-23T04:38:29Z,2026-09-23T06:38:29+0200,abb44c57-e6c5-48d3-b3dd-8f290af1258d,2026-09-21T18:45:00Z,2026-09-21T20:45:00+0200,271.15,EUR/MWh,ES,ES,imbalance_price,Long,2026-09-23T04:42:03Z
2026-09-23T04:38:29Z,2026-09-23T06:38:29+0200,abb44c57-e6c5-48d3-b3dd-8f290af1258d,2026-09-21T18:45:00Z,2026-09-21T20:45:00+0200,271.15,EUR/MWh,ES,ES,imbalance_price,Short,2026-09-23T04:42:03Z
2026-09-23T04:38:29Z,2026-09-23T06:38:29+0200,abb44c57-e6c5-48d3-b3dd-8f290af1258d,2026-09-21T19:00:00Z,2026-09-21T21:00:00+0200,161.09,EUR/MWh,ES,ES,imbalance_price,Long,2026-09-23T04:42:03Z
2026-09-23T04:38:29Z,2026-09-23T06:38:29+0200,abb44c57-e6c5-48d3-b3dd-8f290af1258d,2026-09-21T19:00:00Z,2026-09-21T21:00:00+0200,264.57,EUR/MWh,ES,ES,imbalance_price,Short,2026-09-23T04:42:03Z
2026-09-23T04:38:29Z,2026-09-23T06:38:29+0200,abb44c57-e6c5-48d3-b3dd-8f290af1258d,2026-09-21T19:15:00Z,2026-09-21T21:15:00+0200,154.62,EUR/MWh,ES,ES,imbalance_price,Long,2026-09-23T04:42:03Z
2026-09-23T04:38:29Z,2026-09-23T06:38:29+0200,abb44c57-e6c5-48d3-b3dd-8f290af1258d,2026-09-21T19:15:00Z,2026-09-21T21:15:00+0200,262.2,EUR/MWh,ES,ES,imbalance_price,Short,2026-09-23T04:42:03Z
2026-09-23T04:38:29Z,2026-09-23T06:38:29+0200,abb44c57-e6c5-48d3-b3dd-8f290af1258d,2026-09-21T19:30:00Z,2026-09-21T21:30:00+0200,152.06,EUR/MWh,ES,ES,imbalance_price,Long,2026-09-23T04:42:03Z
2026-09-23T04:38:29Z,2026-09-23T06:38:29+0200,abb44c57-e6c5-48d3-b3dd-8f290af1258d,2026-09-21T19:30:00Z,2026-09-21T21:30:00+0200,246.84,EUR/MWh,ES,ES,imbalance_price,Short,2026-09-23T04:42:03Z
2026-09-23T04:38:29Z,2026-09-23T06:38:29+0200,abb44c57-e6c5-48d3-b3dd-8f290af1258d,2026-09-21T19:45:00Z,2026-09-21T21:45:00+0200,133.11,EUR/MWh,ES,ES,imbalance_price,Long,2026-09-23T04:42:03Z
2026-09-23T04:38:29Z,2026-09-23T06:38:29+0200,abb44c57-e6c5-48d3-b3dd-8f290af1258d,2026-09-21T19:45:00Z,2026-09-21T21:45:00+0200,212.26,EUR/MWh,ES,ES,imbalance_price,Short,2026-09-23T04:42:03Z
2026-09-23T04:38:29Z,2026-09-23T06:38:29+0200,abb44c57-e6c5-48d3-b3dd-8f290af1258d,2026-09-21T20:00:00Z,2026-09-21T22:00:00+0200,160.62,EUR/MWh,ES,ES,imbalance_price,Long,2026-09-23T04:42:03Z
2026-09-23T04:38:29Z,2026-09-23T06:38:29+0200,abb44c57-e6c5-48d3-b3dd-8f290af1258d,2026-09-21T20:00:00Z,2026-09-21T22:00:00+0200,202.34,EUR/MWh,ES,ES,imbalance_price,Short,2026-09-23T04:42:03Z
2026-09-23T04:38:29Z,2026-09-23T06:38:29+0200,abb44c57-e6c5-48d3-b3dd-8f290af1258d,2026-09-21T20:15:00Z,2026-09-21T22:15:00+0200,166.91,EUR/MWh,ES,ES,imbalance_price,Long,2026-09-23T04:42:03Z
2026-09-23T04:38:29Z,2026-09-23T06:38:29+0200,abb44c57-e6c5-48d3-b3dd-8f290af1258d,2026-09-21T20:15:00Z,2026-09-21T22:15:00+0200,203.02,EUR/MWh,ES,ES,imbalance_price,Short,2026-09-23T04:42:03Z
2026-09-23T04:38:29Z,2026-09-23T06:38:29+0200,abb44c57-e6c5-48d3-b3dd-8f290af1258d,2026-09-21T20:30:00Z,2026-09-21T22:30:00+0200,162.33,EUR/MWh,ES,ES,imbalance_price,Long,2026-09-23T04:42:03Z
2026-09-23T04:38:29Z,2026-09-23T06:38:29+0200,abb44c57-e6c5-48d3-b3dd-8f290af1258d,2026-09-21T20:30:00Z,2026-09-21T22:30:00+0200,202.05,EUR/MWh,ES,ES,imbalance_price,Short,2026-09-23T04:42:03Z
2026-09-23T04:38:29Z,2026-09-23T06:38:29+0200,abb44c57-e6c5-48d3-b3dd-8f290af1258d,2026-09-21T20:45:00Z,2026-09-21T22:45:00+0200,190.42,EUR/MWh,ES,ES,imbalance_price,Long,2026-09-23T04:42:03Z
2026-09-23T04:38:29Z,2026-09-23T06:38:29+0200,abb44c57-e6c5-48d3-b3dd-8f290af1258d,2026-09-21T20:45:00Z,2026-09-21T22:45:00+0200,190.42,EUR/MWh,ES,ES,imbalance_price,Short,2026-09-23T04:42:03Z
2026-09-23T04:38:29Z,2026-09-23T06:38:29+0200,abb44c57-e6c5-48d3-b3dd-8f290af1258d,2026-09-21T21:00:00Z,2026-09-21T23:00:00+0200,145.46,EUR/MWh,ES,ES,imbalance_price,Long,2026-09-23T04:42:03Z
2026-09-23T04:38:29Z,2026-09-23T06:38:29+0200,abb44c57-e6c5-48d3-b3dd-8f290af1258d,2026-09-21T21:00:00Z,2026-09-21T23:00:00+0200,431.47,EUR/MWh,ES,ES,imbalance_price,Short,2026-09-23T04:42:03Z
2026-09-23T04:38:29Z,2026-09-23T06:38:29+0200,abb44c57-e6c5-48d3-b3dd-8f290af1258d,2026-09-21T21:15:00Z,2026-09-21T23:15:00+0200,116.29,EUR/MWh,ES,ES,imbalance_price,Long,2026-09-23T04:42:03Z
2026-09-23T04:38:29Z,2026-09-23T06:38:29+0200,abb44c57-e6c5-48d3-b3dd-8f290af1258d,2026-09-21T21:15:00Z,2026-09-21T23:15:00+0200,357.81,EUR/MWh,ES,ES,imbalance_price,Short,2026-09-23T04:42:03Z
2026-09-23T04:38:29Z,2026-09-23T06:38:29+0200,abb44c57-e6c5-48d3-b3dd-8f290af1258d,2026-09-21T21:30:00Z,2026-09-21T23:30:00+0200,150.98,EUR/MWh,ES,ES,imbalance_price,Long,2026-09-23T04:42:03Z
2026-09-23T04:38:29Z,2026-09-23T06:38:29+0200,abb44c57-e6c5-48d3-b3dd-8f290af1258d,2026-09-21T21:30:00Z,2026-09-21T23:30:00+0200,185.91,EUR/MWh,ES,ES,imbalance_price,Short,2026-09-23T04:42:03Z
2026-09-23T04:38:29Z,2026-09-23T06:38:29+0200,abb44c57-e6c5-48d3-b3dd-8f290af1258d,2026-09-21T21:45:00Z,2026-09-21T23:45:00+0200,178.66,EUR/MWh,ES,ES,imbalance_price,Long,2026-09-23T04:42:03Z
2026-09-23T04:38:29Z,2026-09-23T06:38:29+0200,abb44c57-e6c5-48d3-b3dd-8f290af1258d,2026-09-21T21:45:00Z,2026-09-21T23:45:00+0200,178.66,EUR/MWh,ES,ES,imbalance_price,Short,2026-09-23T04:42:03Z
2026-09-23T04:38:29Z,2026-09-23T06:38:29+0200,abb44c57-e6c5-48d3-b3dd-8f290af1258d,2026-09-21T22:00:00Z,2026-09-22T00:00:00+0200,199.28,EUR/MWh,ES,ES,imbalance_price,Long,2026-09-23T04:42:03Z
2026-09-23T04:38:29Z,2026-09-23T06:38:29+0200,abb44c57-e6c5-48d3-b3dd-8f290af1258d,2026-09-21T22:00:00Z,2026-09-22T00:00:00+0200,199.34,EUR/MWh,ES,ES,imbalance_price,Short,2026-09-23T04:42:03Z
2026-09-23T04:38:29Z,2026-09-23T06:38:29+0200,abb44c57-e6c5-48d3-b3dd-8f290af1258d,2026-09-21T22:15:00Z,2026-09-22T00:15:00+0200,199.28,EUR/MWh,ES,ES,imbalance_price,Long,2026-09-23T04:42:03Z
2026-09-23T04:38:29Z,2026-09-23T06:38:29+0200,abb44c57-e6c5-48d3-b3dd-8f290af1258d,2026-09-21T22:15:00Z,2026-09-22T00:15:00+0200,199.34,EUR/MWh,ES,ES,imbalance_price,Short,2026-09-23T04:42:03Z
2026-09-23T04:38:29Z,2026-09-23T06:38:29+0200,abb44c57-e6c5-48d3-b3dd-8f290af1258d,2026-09-21T22:30:00Z,2026-09-22T00:30:00+0200,197.5,EUR/MWh,ES,ES,imbalance_price,Long,2026-09-23T04:42:03Z
2026-09-23T04:38:29Z,2026-09-23T06:38:29+0200,abb44c57-e6c5-48d3-b3dd-8f290af1258d,2026-09-21T22:30:00Z,2026-09-22T00:30:00+0200,197.5,EUR/MWh,ES,ES,imbalance_price,Short,2026-09-23T04:42:03Z
2026-09-23T04:38:29Z,2026-09-23T06:38:29+0200,abb44c57-e6c5-48d3-b3dd-8f290af1258d,2026-09-21T22:45:00Z,2026-09-22T00:45:00+0200,198.34,EUR/MWh,ES,ES,imbalance_price,Long,2026-09-23T04:42:03Z
2026-09-23T04:38:29Z,2026-09-23T06:38:29+0200,abb44c57-e6c5-48d3-b3dd-8f290af1258d,2026-09-21T22:45:00Z,2026-09-22T00:45:00+0200,198.34,EUR/MWh,ES,ES,imbalance_price,Short,2026-09-23T04:42:03Z
2026-09-23T04:38:29Z,2026-09-23T06:38:29+0200,abb44c57-e6c5-48d3-b3dd-8f290af1258d,2026-09-21T23:00:00Z,2026-09-22T01:00:00+0200,196.0,EUR/MWh,ES,ES,imbalance_price,Long,2026-09-23T04:42:03Z
2026-09-23T04:38:29Z,2026-09-23T06:38:29+0200,abb44c57-e6c5-48d3-b3dd-8f290af1258d,2026-09-21T23:00:00Z,2026-09-22T01:00:00+0200,196.0,EUR/MWh,ES,ES,imbalance_price,Short,2026-09-23T04:42:03Z
2026-09-23T04:38:29Z,2026-09-23T06:38:29+0200,abb44c57-e6c5-48d3-b3dd-8f290af1258d,2026-09-21T23:15:00Z,2026-09-22T01:15:00+0200,195.25,EUR/MWh,ES,ES,imbalance_price,Long,2026-09-23T04:42:03Z
2026-09-23T04:38:29Z,2026-09-23T06:38:29+0200,abb44c57-e6c5-48d3-b3dd-8f290af1258d,2026-09-21T23:15:00Z,2026-09-22T01:15:00+0200,195.25,EUR/MWh,ES,ES,imbalance_price,Short,2026-09-23T04:42:03Z
2026-09-23T04:38:29Z,2026-09-23T06:38:29+0200,abb44c57-e6c5-48d3-b3dd-8f290af1258d,2026-09-21T23:30:00Z,2026-09-22T01:30:00+0200,185.51,EUR/MWh,ES,ES,imbalance_price,Long,2026-09-23T04:42:03Z
2026-09-23T04:38:29Z,2026-09-23T06:38:29+0200,abb44c57-e6c5-48d3-b3dd-8f290af1258d,2026-09-21T23:30:00Z,2026-09-22T01:30:00+0200,190.46,EUR/MWh,ES,ES,imbalance_price,Short,2026-09-23T04:42:03Z
2026-09-23T04:38:29Z,2026-09-23T06:38:29+0200,abb44c57-e6c5-48d3-b3dd-8f290af1258d,2026-09-21T23:45:00Z,2026-09-22T01:45:00+0200,189.0,EUR/MWh,ES,ES,imbalance_price,Long,2026-09-23T04:42:03Z
2026-09-23T04:38:29Z,2026-09-23T06:38:29+0200,abb44c57-e6c5-48d3-b3dd-8f290af1258d,2026-09-21T23:45:00Z,2026-09-22T01:45:00+0200,189.0,EUR/MWh,ES,ES,imbalance_price,Short,2026-09-23T04:42:03Z
2026-09-23T04:38:29Z,2026-09-23T06:38:29+0200,abb44c57-e6c5-48d3-b3dd-8f290af1258d,2026-09-22T00:00:00Z,2026-09-22T02:00:00+0200,190.21,EUR/MWh,ES,ES,imbalance_price,Long,2026-09-23T04:42:03Z
2026-09-23T04:38:29Z,2026-09-23T06:38:29+0200,abb44c57-e6c5-48d3-b3dd-8f290af1258d,2026-09-22T00:00:00Z,2026-09-22T02:00:00+0200,195.21,EUR/MWh,ES,ES,imbalance_price,Short,2026-09-23T04:42:03Z
2026-09-23T04:38:29Z,2026-09-23T06:38:29+0200,abb44c57-e6c5-48d3-b3dd-8f290af1258d,2026-09-22T00:15:00Z,2026-09-22T02:15:00+0200,195.0,EUR/MWh,ES,ES,imbalance_price,Long,2026-09-23T04:42:03Z
2026-09-23T04:38:29Z,2026-09-23T06:38:29+0200,abb44c57-e6c5-48d3-b3dd-8f290af1258d,2026-09-22T00:15:00Z,2026-09-22T02:15:00+0200,195.0,EUR/MWh,ES,ES,imbalance_price,Short,2026-09-23T04:42:03Z
2026-09-23T04:38:29Z,2026-09-23T06:38:29+0200,abb44c57-e6c5-48d3-b3dd-8f290af1258d,2026-09-22T00:30:00Z,2026-09-22T02:30:00+0200,185.51,EUR/MWh,ES,ES,imbalance_price,Long,2026-09-23T04:42:03Z
2026-09-23T04:38:29Z,2026-09-23T06:38:29+0200,abb44c57-e6c5-48d3-b3dd-8f290af1258d,2026-09-22T00:30:00Z,2026-09-22T02:30:00+0200,190.01,EUR/MWh,ES,ES,imbalance_price,Short,2026-09-23T04:42:03Z
2026-09-23T04:38:29Z,2026-09-23T06:38:29+0200,abb44c57-e6c5-48d3-b3dd-8f290af1258d,2026-09-22T00:45:00Z,2026-09-22T02:45:00+0200,182.8,EUR/MWh,ES,ES,imbalance_price,Long,2026-09-23T04:42:03Z
2026-09-23T04:38:29Z,2026-09-23T06:38:29+0200,abb44c57-e6c5-48d3-b3dd-8f290af1258d,2026-09-22T00:45:00Z,2026-09-22T02:45:00+0200,190.0,EUR/MWh,ES,ES,imbalance_price,Short,2026-09-23T04:42:03Z
2026-09-23T04:38:29Z,2026-09-23T06:38:29+0200,abb44c57-e6c5-48d3-b3dd-8f290af1258d,2026-09-22T01:00:00Z,2026-09-22T03:00:00+0200,178.69,EUR/MWh,ES,ES,imbalance_price,Long,2026-09-23T04:42:03Z
2026-09-23T04:38:29Z,2026-09-23T06:38:29+0200,abb44c57-e6c5-48d3-b3dd-8f290af1258d,2026-09-22T01:00:00Z,2026-09-22T03:00:00+0200,190.0,EUR/MWh,ES,ES,imbalance_price,Short,2026-09-23T04:42:03Z
2026-09-23T04:38:29Z,2026-09-23T06:38:29+0200,abb44c57-e6c5-48d3-b3dd-8f290af1258d,2026-09-22T01:15:00Z,2026-09-22T03:15:00+0200,184.86,EUR/MWh,ES,ES,imbalance_price,Long,2026-09-23T04:42:03Z
2026-09-23T04:38:29Z,2026-09-23T06:38:29+0200,abb44c57-e6c5-48d3-b3dd-8f290af1258d,2026-09-22T01:15:00Z,2026-09-22T03:15:00+0200,190.0,EUR/MWh,ES,ES,imbalance_price,Short,2026-09-23T04:42:03Z
2026-09-23T04:38:29Z,2026-09-23T06:38:29+0200,abb44c57-e6c5-48d3-b3dd-8f290af1258d,2026-09-22T01:30:00Z,2026-09-22T03:30:00+0200,177.09,EUR/MWh,ES,ES,imbalance_price,Long,2026-09-23T04:42:03Z
2026-09-23T04:38:29Z,2026-09-23T06:38:29+0200,abb44c57-e6c5-48d3-b3dd-8f290af1258d,2026-09-22T01:30:00Z,2026-09-22T03:30:00+0200,190.0,EUR/MWh,ES,ES,imbalance_price,Short,2026-09-23T04:42:03Z
2026-09-23T04:38:29Z,2026-09-23T06:38:29+0200,abb44c57-e6c5-48d3-b3dd-8f290af1258d,2026-09-22T01:45:00Z,2026-09-22T03:45:00+0200,186.0,EUR/MWh,ES,ES,imbalance_price,Long,2026-09-23T04:42:03Z
2026-09-23T04:38:29Z,2026-09-23T06:38:29+0200,abb44c57-e6c5-48d3-b3dd-8f290af1258d,2026-09-22T01:45:00Z,2026-09-22T03:45:00+0200,186.0,EUR/MWh,ES,ES,imbalance_price,Short,2026-09-23T04:42:03Z
2026-09-23T04:38:29Z,2026-09-23T06:38:29+0200,abb44c57-e6c5-48d3-b3dd-8f290af1258d,2026-09-22T02:00:00Z,2026-09-22T04:00:00+0200,190.0,EUR/MWh,ES,ES,imbalance_price,Long,2026-09-23T04:42:03Z
2026-09-23T04:38:29Z,2026-09-23T06:38:29+0200,abb44c57-e6c5-48d3-b3dd-8f290af1258d,2026-09-22T02:00:00Z,2026-09-22T04:00:00+0200,190.0,EUR/MWh,ES,ES,imbalance_price,Short,2026-09-23T04:42:03Z
2026-09-23T04:38:29Z,2026-09-23T06:38:29+0200,abb44c57-e6c5-48d3-b3dd-8f290af1258d,2026-09-22T02:15:00Z,2026-09-22T04:15:00+0200,190.0,EUR/MWh,ES,ES,imbalance_price,Long,2026-09-23T04:42:03Z
2026-09-23T04:38:29Z,2026-09-23T06:38:29+0200,abb44c57-e6c5-48d3-b3dd-8f290af1258d,2026-09-22T02:15:00Z,2026-09-22T04:15:00+0200,190.01,EUR/MWh,ES,ES,imbalance_price,Short,2026-09-23T04:42:03Z
2026-09-23T04:38:29Z,2026-09-23T06:38:29+0200,abb44c57-e6c5-48d3-b3dd-8f290af1258d,2026-09-22T02:30:00Z,2026-09-22T04:30:00+0200,187.09,EUR/MWh,ES,ES,imbalance_price,Long,2026-09-23T04:42:03Z
2026-09-23T04:38:29Z,2026-09-23T06:38:29+0200,abb44c57-e6c5-48d3-b3dd-8f290af1258d,2026-09-22T02:30:00Z,2026-09-22T04:30:00+0200,190.0,EUR/MWh,ES,ES,imbalance_price,Short,2026-09-23T04:42:03Z
2026-09-23T04:38:29Z,2026-09-23T06:38:29+0200,abb44c57-e6c5-48d3-b3dd-8f290af1258d,2026-09-22T02:45:00Z,2026-09-22T04:45:00+0200,184.59,EUR/MWh,ES,ES,imbalance_price,Long,2026-09-23T04:42:03Z
2026-09-23T04:38:29Z,2026-09-23T06:38:29+0200,abb44c57-e6c5-48d3-b3dd-8f290af1258d,2026-09-22T02:45:00Z,2026-09-22T04:45:00+0200,190.0,EUR/MWh,ES,ES,imbalance_price,Short,2026-09-23T04:42:03Z
2026-09-23T04:38:29Z,2026-09-23T06:38:29+0200,abb44c57-e6c5-48d3-b3dd-8f290af1258d,2026-09-22T03:00:00Z,2026-09-22T05:00:00+0200,185.4,EUR/MWh,ES,ES,imbalance_price,Long,2026-09-23T04:42:03Z
2026-09-23T04:38:29Z,2026-09-23T06:38:29+0200,abb44c57-e6c5-48d3-b3dd-8f290af1258d,2026-09-22T03:00:00Z,2026-09-22T05:00:00+0200,185.4,EUR/MWh,ES,ES,imbalance_price,Short,2026-09-23T04:42:03Z
2026-09-23T04:38:29Z,2026-09-23T06:38:29+0200,abb44c57-e6c5-48d3-b3dd-8f290af1258d,2026-09-22T03:15:00Z,2026-09-22T05:15:00+0200,186.0,EUR/MWh,ES,ES,imbalance_price,Long,2026-09-23T04:42:03Z
2026-09-23T04:38:29Z,2026-09-23T06:38:29+0200,abb44c57-e6c5-48d3-b3dd-8f290af1258d,2026-09-22T03:15:00Z,2026-09-22T05:15:00+0200,186.0,EUR/MWh,ES,ES,imbalance_price,Short,2026-09-23T04:42:03Z
2026-09-23T04:38:29Z,2026-09-23T06:38:29+0200,abb44c57-e6c5-48d3-b3dd-8f290af1258d,2026-09-22T03:30:00Z,2026-09-22T05:30:00+0200,168.0,EUR/MWh,ES,ES,imbalance_price,Long,2026-09-23T04:42:03Z
2026-09-23T04:38:29Z,2026-09-23T06:38:29+0200,abb44c57-e6c5-48d3-b3dd-8f290af1258d,2026-09-22T03:30:00Z,2026-09-22T05:30:00+0200,192.99,EUR/MWh,ES,ES,imbalance_price,Short,2026-09-23T04:42:03Z
2026-09-23T04:38:29Z,2026-09-23T06:38:29+0200,abb44c57-e6c5-48d3-b3dd-8f290af1258d,2026-09-22T03:45:00Z,2026-09-22T05:45:00+0200,195.13,EUR/MWh,ES,ES,imbalance_price,Long,2026-09-23T04:42:03Z
2026-09-23T04:38:29Z,2026-09-23T06:38:29+0200,abb44c57-e6c5-48d3-b3dd-8f290af1258d,2026-09-22T03:45:00Z,2026-09-22T05:45:00+0200,195.13,EUR/MWh,ES,ES,imbalance_price,Short,2026-09-23T04:42:03Z
2026-09-23T04:38:29Z,2026-09-23T06:38:29+0200,abb44c57-e6c5-48d3-b3dd-8f290af1258d,2026-09-22T04:00:00Z,2026-09-22T06:00:00+0200,171.1,EUR/MWh,ES,ES,imbalance_price,Long,2026-09-23T04:42:03Z
2026-09-23T04:38:29Z,2026-09-23T06:38:29+0200,abb44c57-e6c5-48d3-b3dd-8f290af1258d,2026-09-22T04:00:00Z,2026-09-22T06:00:00+0200,199.28,EUR/MWh,ES,ES,imbalance_price,Short,2026-09-23T04:42:03Z
2026-09-23T04:38:29Z,2026-09-23T06:38:29+0200,abb44c57-e6c5-48d3-b3dd-8f290af1258d,2026-09-22T04:15:00Z,2026-09-22T06:15:00+0200,201.5,EUR/MWh,ES,ES,imbalance_price,Long,2026-09-23T04:42:03Z
2026-09-23T04:38:29Z,2026-09-23T06:38:29+0200,abb44c57-e6c5-48d3-b3dd-8f290af1258d,2026-09-22T04:15:00Z,2026-09-22T06:15:00+0200,201.5,EUR/MWh,ES,ES,imbalance_price,Short,2026-09-23T04:42:03Z
2026-09-23T04:38:29Z,2026-09-23T06:38:29+0200,abb44c57-e6c5-48d3-b3dd-8f290af1258d,2026-09-22T04:30:00Z,2026-09-22T06:30:00+0200,202.1,EUR/MWh,ES,ES,imbalance_price,Long,2026-09-23T04:42:03Z
2026-09-23T04:38:29Z,2026-09-23T06:38:29+0200,abb44c57-e6c5-48d3-b3dd-8f290af1258d,2026-09-22T04:30:00Z,2026-09-22T06:30:00+0200,202.1,EUR/MWh,ES,ES,imbalance_price,Short,2026-09-23T04:42:03Z
2026-09-23T04:38:29Z,2026-09-23T06:38:29+0200,abb44c57-e6c5-48d3-b3dd-8f290af1258d,2026-09-22T04:45:00Z,2026-09-22T06:45:00+0200,210.0,EUR/MWh,ES,ES,imbalance_price,Long,2026-09-23T04:42:03Z
2026-09-23T04:38:29Z,2026-09-23T06:38:29+0200,abb44c57-e6c5-48d3-b3dd-8f290af1258d,2026-09-22T04:45:00Z,2026-09-22T06:45:00+0200,210.0,EUR/MWh,ES,ES,imbalance_price,Short,2026-09-23T04:42:03Z
2026-09-23T04:38:29Z,2026-09-23T06:38:29+0200,abb44c57-e6c5-48d3-b3dd-8f290af1258d,2026-09-22T05:00:00Z,2026-09-22T07:00:00+0200,226.0,EUR/MWh,ES,ES,imbalance_price,Long,2026-09-23T04:42:03Z
2026-09-23T04:38:29Z,2026-09-23T06:38:29+0200,abb44c57-e6c5-48d3-b3dd-8f290af1258d,2026-09-22T05:00:00Z,2026-09-22T07:00:00+0200,226.0,EUR/MWh,ES,ES,imbalance_price,Short,2026-09-23T04:42:03Z
2026-09-23T04:38:29Z,2026-09-23T06:38:29+0200,abb44c57-e6c5-48d3-b3dd-8f290af1258d,2026-09-22T05:15:00Z,2026-09-22T07:15:00+0200,228.72,EUR/MWh,ES,ES,imbalance_price,Long,2026-09-23T04:42:03Z
2026-09-23T04:38:29Z,2026-09-23T06:38:29+0200,abb44c57-e6c5-48d3-b3dd-8f290af1258d,2026-09-22T05:15:00Z,2026-09-22T07:15:00+0200,228.72,EUR/MWh,ES,ES,imbalance_price,Short,2026-09-23T04:42:03Z
2026-09-23T04:38:29Z,2026-09-23T06:38:29+0200,abb44c57-e6c5-48d3-b3dd-8f290af1258d,2026-09-22T05:30:00Z,2026-09-22T07:30:00+0200,237.23,EUR/MWh,ES,ES,imbalance_price,Long,2026-09-23T04:42:03Z
2026-09-23T04:38:29Z,2026-09-23T06:38:29+0200,abb44c57-e6c5-48d3-b3dd-8f290af1258d,2026-09-22T05:30:00Z,2026-09-22T07:30:00+0200,237.23,EUR/MWh,ES,ES,imbalance_price,Short,2026-09-23T04:42:03Z
2026-09-23T04:38:29Z,2026-09-23T06:38:29+0200,abb44c57-e6c5-48d3-b3dd-8f290af1258d,2026-09-22T05:45:00Z,2026-09-22T07:45:00+0200,196.51,EUR/MWh,ES,ES,imbalance_price,Long,2026-09-23T04:42:03Z
2026-09-23T04:38:29Z,2026-09-23T06:38:29+0200,abb44c57-e6c5-48d3-b3dd-8f290af1258d,2026-09-22T05:45:00Z,2026-09-22T07:45:00+0200,244.71,EUR/MWh,ES,ES,imbalance_price,Short,2026-09-23T04:42:03Z
2026-09-23T04:38:29Z,2026-09-23T06:38:29+0200,abb44c57-e6c5-48d3-b3dd-8f290af1258d,2026-09-22T06:00:00Z,2026-09-22T08:00:00+0200,254.06,EUR/MWh,ES,ES,imbalance_price,Long,2026-09-23T04:42:03Z
2026-09-23T04:38:29Z,2026-09-23T06:38:29+0200,abb44c57-e6c5-48d3-b3dd-8f290af1258d,2026-09-22T06:00:00Z,2026-09-22T08:00:00+0200,282.29,EUR/MWh,ES,ES,imbalance_price,Short,2026-09-23T04:42:03Z
2026-09-23T04:38:29Z,2026-09-23T06:38:29+0200,abb44c57-e6c5-48d3-b3dd-8f290af1258d,2026-09-22T06:15:00Z,2026-09-22T08:15:00+0200,268.06,EUR/MWh,ES,ES,imbalance_price,Long,2026-09-23T04:42:03Z
2026-09-23T04:38:29Z,2026-09-23T06:38:29+0200,abb44c57-e6c5-48d3-b3dd-8f290af1258d,2026-09-22T06:15:00Z,2026-09-22T08:15:00+0200,268.06,EUR/MWh,ES,ES,imbalance_price,Short,2026-09-23T04:42:03Z
2026-09-23T04:38:29Z,2026-09-23T06:38:29+0200,abb44c57-e6c5-48d3-b3dd-8f290af1258d,2026-09-22T06:30:00Z,2026-09-22T08:30:00+0200,240.76,EUR/MWh,ES,ES,imbalance_price,Long,2026-09-23T04:42:03Z
2026-09-23T04:38:29Z,2026-09-23T06:38:29+0200,abb44c57-e6c5-48d3-b3dd-8f290af1258d,2026-09-22T06:30:00Z,2026-09-22T08:30:00+0200,240.76,EUR/MWh,ES,ES,imbalance_price,Short,2026-09-23T04:42:03Z
2026-09-23T04:38:29Z,2026-09-23T06:38:29+0200,abb44c57-e6c5-48d3-b3dd-8f290af1258d,2026-09-22T06:45:00Z,2026-09-22T08:45:00+0200,204.98,EUR/MWh,ES,ES,imbalance_price,Long,2026-09-23T04:42:03Z
2026-09-23T04:38:29Z,2026-09-23T06:38:29+0200,abb44c57-e6c5-48d3-b3dd-8f290af1258d,2026-09-22T06:45:00Z,2026-09-22T08:45:00+0200,204.98,EUR/MWh,ES,ES,imbalance_price,Short,2026-09-23T04:42:03Z
2026-09-23T04:38:29Z,2026-09-23T06:38:29+0200,abb44c57-e6c5-48d3-b3dd-8f290af1258d,2026-09-22T07:00:00Z,2026-09-22T09:00:00+0200,171.09,EUR/MWh,ES,ES,imbalance_price,Long,2026-09-23T04:42:03Z
2026-09-23T04:38:29Z,2026-09-23T06:38:29+0200,abb44c57-e6c5-48d3-b3dd-8f290af1258d,2026-09-22T07:00:00Z,2026-09-22T09:00:00+0200,215.0,EUR/MWh,ES,ES,imbalance_price,Short,2026-09-23T04:42:03Z
2026-09-23T04:38:29Z,2026-09-23T06:38:29+0200,abb44c57-e6c5-48d3-b3dd-8f290af1258d,2026-09-22T07:15:00Z,2026-09-22T09:15:00+0200,62.83,EUR/MWh,ES,ES,imbalance_price,Long,2026-09-23T04:42:03Z
2026-09-23T04:38:29Z,2026-09-23T06:38:29+0200,abb44c57-e6c5-48d3-b3dd-8f290af1258d,2026-09-22T07:15:00Z,2026-09-22T09:15:00+0200,193.91,EUR/MWh,ES,ES,imbalance_price,Short,2026-09-23T04:42:03Z
2026-09-23T04:38:29Z,2026-09-23T06:38:29+0200,abb44c57-e6c5-48d3-b3dd-8f290af1258d,2026-09-22T07:30:00Z,2026-09-22T09:30:00+0200,45.65,EUR/MWh,ES,ES,imbalance_price,Long,2026-09-23T04:42:03Z
2026-09-23T04:38:29Z,2026-09-23T06:38:29+0200,abb44c57-e6c5-48d3-b3dd-8f290af1258d,2026-09-22T07:30:00Z,2026-09-22T09:30:00+0200,160.0,EUR/MWh,ES,ES,imbalance_price,Short,2026-09-23T04:42:03Z
2026-09-23T04:38:29Z,2026-09-23T06:38:29+0200,abb44c57-e6c5-48d3-b3dd-8f290af1258d,2026-09-22T07:45:00Z,2026-09-22T09:45:00+0200,45.65,EUR/MWh,ES,ES,imbalance_price,Long,2026-09-23T04:42:03Z
2026-09-23T04:38:29Z,2026-09-23T06:38:29+0200,abb44c57-e6c5-48d3-b3dd-8f290af1258d,2026-09-22T07:45:00Z,2026-09-22T09:45:00+0200,110.27,EUR/MWh,ES,ES,imbalance_price,Short,2026-09-23T04:42:03Z
2026-09-23T04:38:29Z,2026-09-23T06:38:29+0200,abb44c57-e6c5-48d3-b3dd-8f290af1258d,2026-09-22T08:00:00Z,2026-09-22T10:00:00+0200,0.84,EUR/MWh,ES,ES,imbalance_price,Long,2026-09-23T04:42:03Z
2026-09-23T04:38:29Z,2026-09-23T06:38:29+0200,abb44c57-e6c5-48d3-b3dd-8f290af1258d,2026-09-22T08:00:00Z,2026-09-22T10:00:00+0200,110.28,EUR/MWh,ES,ES,imbalance_price,Short,2026-09-23T04:42:03Z
2026-09-23T04:38:29Z,2026-09-23T06:38:29+0200,abb44c57-e6c5-48d3-b3dd-8f290af1258d,2026-09-22T08:15:00Z,2026-09-22T10:15:00+0200,-0.5,EUR/MWh,ES,ES,imbalance_price,Long,2026-09-23T04:42:03Z
2026-09-23T04:38:29Z,2026-09-23T06:38:29+0200,abb44c57-e6c5-48d3-b3dd-8f290af1258d,2026-09-22T08:15:00Z,2026-09-22T10:15:00+0200,102.3,EUR/MWh,ES,ES,imbalance_price,Short,2026-09-23T04:42:03Z
2026-09-23T04:38:29Z,2026-09-23T06:38:29+0200,abb44c57-e6c5-48d3-b3dd-8f290af1258d,2026-09-22T08:30:00Z,2026-09-22T10:30:00+0200,-2.0,EUR/MWh,ES,ES,imbalance_price,Long,2026-09-23T04:42:03Z
2026-09-23T04:38:29Z,2026-09-23T06:38:29+0200,abb44c57-e6c5-48d3-b3dd-8f290af1258d,2026-09-22T08:30:00Z,2026-09-22T10:30:00+0200,88.15,EUR/MWh,ES,ES,imbalance_price,Short,2026-09-23T04:42:03Z
2026-09-23T04:38:29Z,2026-09-23T06:38:29+0200,abb44c57-e6c5-48d3-b3dd-8f290af1258d,2026-09-22T08:45:00Z,2026-09-22T10:45:00+0200,-9.67,EUR/MWh,ES,ES,imbalance_price,Long,2026-09-23T04:42:03Z
2026-09-23T04:38:29Z,2026-09-23T06:38:29+0200,abb44c57-e6c5-48d3-b3dd-8f290af1258d,2026-09-22T08:45:00Z,2026-09-22T10:45:00+0200,40.0,EUR/MWh,ES,ES,imbalance_price,Short,2026-09-23T04:42:03Z
2026-09-23T04:38:29Z,2026-09-23T06:38:29+0200,abb44c57-e6c5-48d3-b3dd-8f290af1258d,2026-09-22T09:00:00Z,2026-09-22T11:00:00+0200,-4.22,EUR/MWh,ES,ES,imbalance_price,Long,2026-09-23T04:42:03Z
2026-09-23T04:38:29Z,2026-09-23T06:38:29+0200,abb44c57-e6c5-48d3-b3dd-8f290af1258d,2026-09-22T09:00:00Z,2026-09-22T11:00:00+0200,52.0,EUR/MWh,ES,ES,imbalance_price,Short,2026-09-23T04:42:03Z
2026-09-23T04:38:29Z,2026-09-23T06:38:29+0200,abb44c57-e6c5-48d3-b3dd-8f290af1258d,2026-09-22T09:15:00Z,2026-09-22T11:15:00+0200,-5.0,EUR/MWh,ES,ES,imbalance_price,Long,2026-09-23T04:42:03Z
2026-09-23T04:38:29Z,2026-09-23T06:38:29+0200,abb44c57-e6c5-48d3-b3dd-8f290af1258d,2026-09-22T09:15:00Z,2026-09-22T11:15:00+0200,38.99,EUR/MWh,ES,ES,imbalance_price,Short,2026-09-23T04:42:03Z
2026-09-23T04:38:29Z,2026-09-23T06:38:29+0200,abb44c57-e6c5-48d3-b3dd-8f290af1258d,2026-09-22T09:30:00Z,2026-09-22T11:30:00+0200,-1.9,EUR/MWh,ES,ES,imbalance_price,Long,2026-09-23T04:42:03Z
2026-09-23T04:38:29Z,2026-09-23T06:38:29+0200,abb44c57-e6c5-48d3-b3dd-8f290af1258d,2026-09-22T09:30:00Z,2026-09-22T11:30:00+0200,38.66,EUR/MWh,ES,ES,imbalance_price,Short,2026-09-23T04:42:03Z
2026-09-23T04:38:29Z,2026-09-23T06:38:29+0200,abb44c57-e6c5-48d3-b3dd-8f290af1258d,2026-09-22T09:45:00Z,2026-09-22T11:45:00+0200,-0.01,EUR/MWh,ES,ES,imbalance_price,Long,2026-09-23T04:42:03Z
2026-09-23T04:38:29Z,2026-09-23T06:38:29+0200,abb44c57-e6c5-48d3-b3dd-8f290af1258d,2026-09-22T09:45:00Z,2026-09-22T11:45:00+0200,27.0,EUR/MWh,ES,ES,imbalance_price,Short,2026-09-23T04:42:03Z
2026-09-23T04:38:29Z,2026-09-23T06:38:29+0200,abb44c57-e6c5-48d3-b3dd-8f290af1258d,2026-09-22T10:00:00Z,2026-09-22T12:00:00+0200,-0.01,EUR/MWh,ES,ES,imbalance_price,Long,2026-09-23T04:42:03Z
2026-09-23T04:38:29Z,2026-09-23T06:38:29+0200,abb44c57-e6c5-48d3-b3dd-8f290af1258d,2026-09-22T10:00:00Z,2026-09-22T12:00:00+0200,20.01,EUR/MWh,ES,ES,imbalance_price,Short,2026-09-23T04:42:03Z
2026-09-23T04:38:29Z,2026-09-23T06:38:29+0200,abb44c57-e6c5-48d3-b3dd-8f290af1258d,2026-09-22T10:15:00Z,2026-09-22T12:15:00+0200,-1.6,EUR/MWh,ES,ES,imbalance_price,Long,2026-09-23T04:42:03Z
2026-09-23T04:38:29Z,2026-09-23T06:38:29+0200,abb44c57-e6c5-48d3-b3dd-8f290af1258d,2026-09-22T10:15:00Z,2026-09-22T12:15:00+0200,19.64,EUR/MWh,ES,ES,imbalance_price,Short,2026-09-23T04:42:03Z
2026-09-23T04:38:29Z,2026-09-23T06:38:29+0200,abb44c57-e6c5-48d3-b3dd-8f290af1258d,2026-09-22T10:30:00Z,2026-09-22T12:30:00+0200,8.0,EUR/MWh,ES,ES,imbalance_price,Long,2026-09-23T04:42:03Z
2026-09-23T04:38:29Z,2026-09-23T06:38:29+0200,abb44c57-e6c5-48d3-b3dd-8f290af1258d,2026-09-22T10:30:00Z,2026-09-22T12:30:00+0200,12.96,EUR/MWh,ES,ES,imbalance_price,Short,2026-09-23T04:42:03Z
2026-09-23T04:38:29Z,2026-09-23T06:38:29+0200,abb44c57-e6c5-48d3-b3dd-8f290af1258d,2026-09-22T10:45:00Z,2026-09-22T12:45:00+0200,-0.01,EUR/MWh,ES,ES,imbalance_price,Long,2026-09-23T04:42:03Z
2026-09-23T04:38:29Z,2026-09-23T06:38:29+0200,abb44c57-e6c5-48d3-b3dd-8f290af1258d,2026-09-22T10:45:00Z,2026-09-22T12:45:00+0200,10.01,EUR/MWh,ES,ES,imbalance_price,Short,2026-09-23T04:42:03Z
2026-09-23T04:38:29Z,2026-09-23T06:38:29+0200,abb44c57-e6c5-48d3-b3dd-8f290af1258d,2026-09-22T11:00:00Z,2026-09-22T13:00:00+0200,-0.5,EUR/MWh,ES,ES,imbalance_price,Long,2026-09-23T04:42:03Z
2026-09-23T04:38:29Z,2026-09-23T06:38:29+0200,abb44c57-e6c5-48d3-b3dd-8f290af1258d,2026-09-22T11:00:00Z,2026-09-22T13:00:00+0200,4.61,EUR/MWh,ES,ES,imbalance_price,Short,2026-09-23T04:42:03Z
2026-09-23T04:38:29Z,2026-09-23T06:38:29+0200,abb44c57-e6c5-48d3-b3dd-8f290af1258d,2026-09-22T11:15:00Z,2026-09-22T13:15:00+0200,-0.69,EUR/MWh,ES,ES,imbalance_price,Long,2026-09-23T04:42:03Z
2026-09-23T04:38:29Z,2026-09-23T06:38:29+0200,abb44c57-e6c5-48d3-b3dd-8f290af1258d,2026-09-22T11:15:00Z,2026-09-22T13:15:00+0200,3.43,EUR/MWh,ES,ES,imbalance_price,Short,2026-09-23T04:42:03Z
2026-09-23T04:38:29Z,2026-09-23T06:38:29+0200,abb44c57-e6c5-48d3-b3dd-8f290af1258d,2026-09-22T11:30:00Z,2026-09-22T13:30:00+0200,-1.1,EUR/MWh,ES,ES,imbalance_price,Long,2026-09-23T04:42:03Z
2026-09-23T04:38:29Z,2026-09-23T06:38:29+0200,abb44c57-e6c5-48d3-b3dd-8f290af1258d,2026-09-22T11:30:00Z,2026-09-22T13:30:00+0200,1.99,EUR/MWh,ES,ES,imbalance_price,Short,2026-09-23T04:42:03Z
2026-09-23T04:38:29Z,2026-09-23T06:38:29+0200,abb44c57-e6c5-48d3-b3dd-8f290af1258d,2026-09-22T11:45:00Z,2026-09-22T13:45:00+0200,-0.8,EUR/MWh,ES,ES,imbalance_price,Long,2026-09-23T04:42:03Z
2026-09-23T04:38:29Z,2026-09-23T06:38:29+0200,abb44c57-e6c5-48d3-b3dd-8f290af1258d,2026-09-22T11:45:00Z,2026-09-22T13:45:00+0200,2.0,EUR/MWh,ES,ES,imbalance_price,Short,2026-09-23T04:42:03Z
2026-09-23T04:38:29Z,2026-09-23T06:38:29+0200,abb44c57-e6c5-48d3-b3dd-8f290af1258d,2026-09-22T12:00:00Z,2026-09-22T14:00:00+0200,-1.21,EUR/MWh,ES,ES,imbalance_price,Long,2026-09-23T04:42:03Z
2026-09-23T04:38:29Z,2026-09-23T06:38:29+0200,abb44c57-e6c5-48d3-b3dd-8f290af1258d,2026-09-22T12:00:00Z,2026-09-22T14:00:00+0200,6.07,EUR/MWh,ES,ES,imbalance_price,Short,2026-09-23T04:42:03Z
2026-09-23T04:38:29Z,2026-09-23T06:38:29+0200,abb44c57-e6c5-48d3-b3dd-8f290af1258d,2026-09-22T12:15:00Z,2026-09-22T14:15:00+0200,-0.5,EUR/MWh,ES,ES,imbalance_price,Long,2026-09-23T04:42:03Z
2026-09-23T04:38:29Z,2026-09-23T06:38:29+0200,abb44c57-e6c5-48d3-b3dd-8f290af1258d,2026-09-22T12:15:00Z,2026-09-22T14:15:00+0200,15.1,EUR/MWh,ES,ES,imbalance_price,Short,2026-09-23T04:42:03Z
2026-09-23T04:38:29Z,2026-09-23T06:38:29+0200,abb44c57-e6c5-48d3-b3dd-8f290af1258d,2026-09-22T12:30:00Z,2026-09-22T14:30:00+0200,-0.01,EUR/MWh,ES,ES,imbalance_price,Long,2026-09-23T04:42:03Z
2026-09-23T04:38:29Z,2026-09-23T06:38:29+0200,abb44c57-e6c5-48d3-b3dd-8f290af1258d,2026-09-22T12:30:00Z,2026-09-22T14:30:00+0200,20.17,EUR/MWh,ES,ES,imbalance_price,Short,2026-09-23T04:42:03Z
2026-09-23T04:38:29Z,2026-09-23T06:38:29+0200,abb44c57-e6c5-48d3-b3dd-8f290af1258d,2026-09-22T12:45:00Z,2026-09-22T14:45:00+0200,-0.5,EUR/MWh,ES,ES,imbalance_price,Long,2026-09-23T04:42:03Z
2026-09-23T04:38:29Z,2026-09-23T06:38:29+0200,abb44c57-e6c5-48d3-b3dd-8f290af1258d,2026-09-22T12:45:00Z,2026-09-22T14:45:00+0200,24.11,EUR/MWh,ES,ES,imbalance_price,Short,2026-09-23T04:42:03Z
2026-09-23T04:38:29Z,2026-09-23T06:38:29+0200,abb44c57-e6c5-48d3-b3dd-8f290af1258d,2026-09-22T13:00:00Z,2026-09-22T15:00:00+0200,-1.75,EUR/MWh,ES,ES,imbalance_price,Long,2026-09-23T04:42:03Z
2026-09-23T04:38:29Z,2026-09-23T06:38:29+0200,abb44c57-e6c5-48d3-b3dd-8f290af1258d,2026-09-22T13:00:00Z,2026-09-22T15:00:00+0200,25.0,EUR/MWh,ES,ES,imbalance_price,Short,2026-09-23T04:42:03Z
2026-09-23T04:38:29Z,2026-09-23T06:38:29+0200,abb44c57-e6c5-48d3-b3dd-8f290af1258d,2026-09-22T13:15:00Z,2026-09-22T15:15:00+0200,-0.5,EUR/MWh,ES,ES,imbalance_price,Long,2026-09-23T04:42:03Z
2026-09-23T04:38:29Z,2026-09-23T06:38:29+0200,abb44c57-e6c5-48d3-b3dd-8f290af1258d,2026-09-22T13:15:00Z,2026-09-22T15:15:00+0200,24.01,EUR/MWh,ES,ES,imbalance_price,Short,2026-09-23T04:42:03Z
2026-09-23T04:38:29Z,2026-09-23T06:38:29+0200,abb44c57-e6c5-48d3-b3dd-8f290af1258d,2026-09-22T13:30:00Z,2026-09-22T15:30:00+0200,-0.01,EUR/MWh,ES,ES,imbalance_price,Long,2026-09-23T04:42:03Z
2026-09-23T04:38:29Z,2026-09-23T06:38:29+0200,abb44c57-e6c5-48d3-b3dd-8f290af1258d,2026-09-22T13:30:00Z,2026-09-22T15:30:00+0200,22.14,EUR/MWh,ES,ES,imbalance_price,Short,2026-09-23T04:42:03Z
2026-09-23T04:38:29Z,2026-09-23T06:38:29+0200,abb44c57-e6c5-48d3-b3dd-8f290af1258d,2026-09-22T13:45:00Z,2026-09-22T15:45:00+0200,0.0,EUR/MWh,ES,ES,imbalance_price,Long,2026-09-23T04:42:03Z
2026-09-23T04:38:29Z,2026-09-23T06:38:29+0200,abb44c57-e6c5-48d3-b3dd-8f290af1258d,2026-09-22T13:45:00Z,2026-09-22T15:45:00+0200,24.01,EUR/MWh,ES,ES,imbalance_price,Short,2026-09-23T04:42:03Z
2026-09-23T04:38:29Z,2026-09-23T06:38:29+0200,abb44c57-e6c5-48d3-b3dd-8f290af1258d,2026-09-22T14:00:00Z,2026-09-22T16:00:00+0200,-3.65,EUR/MWh,ES,ES,imbalance_price,Long,2026-09-23T04:42:03Z
2026-09-23T04:38:29Z,2026-09-23T06:38:29+0200,abb44c57-e6c5-48d3-b3dd-8f290af1258d,2026-09-22T14:00:00Z,2026-09-22T16:00:00+0200,32.5,EUR/MWh,ES,ES,imbalance_price,Short,2026-09-23T04:42:03Z
2026-09-23T04:38:29Z,2026-09-23T06:38:29+0200,abb44c57-e6c5-48d3-b3dd-8f290af1258d,2026-09-22T14:15:00Z,2026-09-22T16:15:00+0200,39.09,EUR/MWh,ES,ES,imbalance_price,Long,2026-09-23T04:42:03Z
2026-09-23T04:38:29Z,2026-09-23T06:38:29+0200,abb44c57-e6c5-48d3-b3dd-8f290af1258d,2026-09-22T14:15:00Z,2026-09-22T16:15:00+0200,239.97,EUR/MWh,ES,ES,imbalance_price,Short,2026-09-23T04:42:03Z
2026-09-23T04:38:29Z,2026-09-23T06:38:29+0200,abb44c57-e6c5-48d3-b3dd-8f290af1258d,2026-09-22T14:30:00Z,2026-09-22T16:30:00+0200,54.41,EUR/MWh,ES,ES,imbalance_price,Long,2026-09-23T04:42:03Z
2026-09-23T04:38:29Z,2026-09-23T06:38:29+0200,abb44c57-e6c5-48d3-b3dd-8f290af1258d,2026-09-22T14:30:00Z,2026-09-22T16:30:00+0200,293.56,EUR/MWh,ES,ES,imbalance_price,Short,2026-09-23T04:42:03Z
2026-09-23T04:38:29Z,2026-09-23T06:38:29+0200,abb44c57-e6c5-48d3-b3dd-8f290af1258d,2026-09-22T14:45:00Z,2026-09-22T16:45:00+0200,70.0,EUR/MWh,ES,ES,imbalance_price,Long,2026-09-23T04:42:03Z
2026-09-23T04:38:29Z,2026-09-23T06:38:29+0200,abb44c57-e6c5-48d3-b3dd-8f290af1258d,2026-09-22T14:45:00Z,2026-09-22T16:45:00+0200,165.92,EUR/MWh,ES,ES,imbalance_price,Short,2026-09-23T04:42:03Z
2026-09-23T04:38:29Z,2026-09-23T06:38:29+0200,abb44c57-e6c5-48d3-b3dd-8f290af1258d,2026-09-22T15:00:00Z,2026-09-22T17:00:00+0200,40.65,EUR/MWh,ES,ES,imbalance_price,Long,2026-09-23T04:42:03Z
2026-09-23T04:38:29Z,2026-09-23T06:38:29+0200,abb44c57-e6c5-48d3-b3dd-8f290af1258d,2026-09-22T15:00:00Z,2026-09-22T17:00:00+0200,92.55,EUR/MWh,ES,ES,imbalance_price,Short,2026-09-23T04:42:03Z
2026-09-23T04:38:29Z,2026-09-23T06:38:29+0200,abb44c57-e6c5-48d3-b3dd-8f290af1258d,2026-09-22T15:15:00Z,2026-09-22T17:15:00+0200,40.65,EUR/MWh,ES,ES,imbalance_price,Long,2026-09-23T04:42:03Z
2026-09-23T04:38:29Z,2026-09-23T06:38:29+0200,abb44c57-e6c5-48d3-b3dd-8f290af1258d,2026-09-22T15:15:00Z,2026-09-22T17:15:00+0200,105.0,EUR/MWh,ES,ES,imbalance_price,Short,2026-09-23T04:42:03Z
2026-09-23T04:38:29Z,2026-09-23T06:38:29+0200,abb44c57-e6c5-48d3-b3dd-8f290af1258d,2026-09-22T15:30:00Z,2026-09-22T17:30:00+0200,31.9,EUR/MWh,ES,ES,imbalance_price,Long,2026-09-23T04:42:03Z
2026-09-23T04:38:29Z,2026-09-23T06:38:29+0200,abb44c57-e6c5-48d3-b3dd-8f290af1258d,2026-09-22T15:30:00Z,2026-09-22T17:30:00+0200,110.03,EUR/MWh,ES,ES,imbalance_price,Short,2026-09-23T04:42:03Z
2026-09-23T04:38:29Z,2026-09-23T06:38:29+0200,abb44c57-e6c5-48d3-b3dd-8f290af1258d,2026-09-22T15:45:00Z,2026-09-22T17:45:00+0200,45.65,EUR/MWh,ES,ES,imbalance_price,Long,2026-09-23T04:42:03Z
2026-09-23T04:38:29Z,2026-09-23T06:38:29+0200,abb44c57-e6c5-48d3-b3dd-8f290af1258d,2026-09-22T15:45:00Z,2026-09-22T17:45:00+0200,115.0,EUR/MWh,ES,ES,imbalance_price,Short,2026-09-23T04:42:03Z
2026-09-23T04:38:29Z,2026-09-23T06:38:29+0200,abb44c57-e6c5-48d3-b3dd-8f290af1258d,2026-09-22T16:00:00Z,2026-09-22T18:00:00+0200,45.65,EUR/MWh,ES,ES,imbalance_price,Long,2026-09-23T04:42:03Z
2026-09-23T04:38:29Z,2026-09-23T06:38:29+0200,abb44c57-e6c5-48d3-b3dd-8f290af1258d,2026-09-22T16:00:00Z,2026-09-22T18:00:00+0200,110.28,EUR/MWh,ES,ES,imbalance_price,Short,2026-09-23T04:42:03Z
2026-09-23T04:38:29Z,2026-09-23T06:38:29+0200,abb44c57-e6c5-48d3-b3dd-8f290af1258d,2026-09-22T16:15:00Z,2026-09-22T18:15:00+0200,55.6,EUR/MWh,ES,ES,imbalance_price,Long,2026-09-23T04:42:03Z
2026-09-23T04:38:29Z,2026-09-23T06:38:29+0200,abb44c57-e6c5-48d3-b3dd-8f290af1258d,2026-09-22T16:15:00Z,2026-09-22T18:15:00+0200,135.57,EUR/MWh,ES,ES,imbalance_price,Short,2026-09-23T04:42:03Z
2026-09-23T04:38:29Z,2026-09-23T06:38:29+0200,abb44c57-e6c5-48d3-b3dd-8f290af1258d,2026-09-22T16:30:00Z,2026-09-22T18:30:00+0200,74.1,EUR/MWh,ES,ES,imbalance_price,Long,2026-09-23T04:42:03Z
2026-09-23T04:38:29Z,2026-09-23T06:38:29+0200,abb44c57-e6c5-48d3-b3dd-8f290af1258d,2026-09-22T16:30:00Z,2026-09-22T18:30:00+0200,196.38,EUR/MWh,ES,ES,imbalance_price,Short,2026-09-23T04:42:03Z
2026-09-23T04:38:29Z,2026-09-23T06:38:29+0200,abb44c57-e6c5-48d3-b3dd-8f290af1258d,2026-09-22T16:45:00Z,2026-09-22T18:45:00+0200,94.46,EUR/MWh,ES,ES,imbalance_price,Long,2026-09-23T04:42:03Z
2026-09-23T04:38:29Z,2026-09-23T06:38:29+0200,abb44c57-e6c5-48d3-b3dd-8f290af1258d,2026-09-22T16:45:00Z,2026-09-22T18:45:00+0200,204.98,EUR/MWh,ES,ES,imbalance_price,Short,2026-09-23T04:42:03Z
2026-09-23T04:38:29Z,2026-09-23T06:38:29+0200,abb44c57-e6c5-48d3-b3dd-8f290af1258d,2026-09-22T17:00:00Z,2026-09-22T19:00:00+0200,199.28,EUR/MWh,ES,ES,imbalance_price,Long,2026-09-23T04:42:03Z
2026-09-23T04:38:29Z,2026-09-23T06:38:29+0200,abb44c57-e6c5-48d3-b3dd-8f290af1258d,2026-09-22T17:00:00Z,2026-09-22T19:00:00+0200,199.28,EUR/MWh,ES,ES,imbalance_price,Short,2026-09-23T04:42:03Z
2026-09-23T04:38:29Z,2026-09-23T06:38:29+0200,abb44c57-e6c5-48d3-b3dd-8f290af1258d,2026-09-22T17:15:00Z,2026-09-22T19:15:00+0200,173.16,EUR/MWh,ES,ES,imbalance_price,Long,2026-09-23T04:42:03Z
2026-09-23T04:38:29Z,2026-09-23T06:38:29+0200,abb44c57-e6c5-48d3-b3dd-8f290af1258d,2026-09-22T17:15:00Z,2026-09-22T19:15:00+0200,226.0,EUR/MWh,ES,ES,imbalance_price,Short,2026-09-23T04:42:03Z
2026-09-23T04:38:29Z,2026-09-23T06:38:29+0200,abb44c57-e6c5-48d3-b3dd-8f290af1258d,2026-09-22T17:30:00Z,2026-09-22T19:30:00+0200,281.57,EUR/MWh,ES,ES,imbalance_price,Long,2026-09-23T04:42:03Z
2026-09-23T04:38:29Z,2026-09-23T06:38:29+0200,abb44c57-e6c5-48d3-b3dd-8f290af1258d,2026-09-22T17:30:00Z,2026-09-22T19:30:00+0200,365.11,EUR/MWh,ES,ES,imbalance_price,Short,2026-09-23T04:42:03Z
2026-09-23T04:38:29Z,2026-09-23T06:38:29+0200,abb44c57-e6c5-48d3-b3dd-8f290af1258d,2026-09-22T17:45:00Z,2026-09-22T19:45:00+0200,300.0,EUR/MWh,ES,ES,imbalance_price,Long,2026-09-23T04:42:03Z
2026-09-23T04:38:29Z,2026-09-23T06:38:29+0200,abb44c57-e6c5-48d3-b3dd-8f290af1258d,2026-09-22T17:45:00Z,2026-09-22T19:45:00+0200,300.03,EUR/MWh,ES,ES,imbalance_price,Short,2026-09-23T04:42:03Z
2026-09-23T04:38:29Z,2026-09-23T06:38:29+0200,abb44c57-e6c5-48d3-b3dd-8f290af1258d,2026-09-22T18:00:00Z,2026-09-22T20:00:00+0200,285.0,EUR/MWh,ES,ES,imbalance_price,Long,2026-09-23T04:42:03Z
2026-09-23T04:38:29Z,2026-09-23T06:38:29+0200,abb44c57-e6c5-48d3-b3dd-8f290af1258d,2026-09-22T18:00:00Z,2026-09-22T20:00:00+0200,285.0,EUR/MWh,ES,ES,imbalance_price,Short,2026-09-23T04:42:03Z
2026-09-23T04:38:29Z,2026-09-23T06:38:29+0200,abb44c57-e6c5-48d3-b3dd-8f290af1258d,2026-09-22T18:15:00Z,2026-09-22T20:15:00+0200,290.01,EUR/MWh,ES,ES,imbalance_price,Long,2026-09-23T04:42:03Z
2026-09-23T04:38:29Z,2026-09-23T06:38:29+0200,abb44c57-e6c5-48d3-b3dd-8f290af1258d,2026-09-22T18:15:00Z,2026-09-22T20:15:00+0200,290.01,EUR/MWh,ES,ES,imbalance_price,Short,2026-09-23T04:42:03Z
2026-09-23T04:38:29Z,2026-09-23T06:38:29+0200,abb44c57-e6c5-48d3-b3dd-8f290af1258d,2026-09-22T18:30:00Z,2026-09-22T20:30:00+0200,278.18,EUR/MWh,ES,ES,imbalance_price,Long,2026-09-23T04:42:03Z
2026-09-23T04:38:29Z,2026-09-23T06:38:29+0200,abb44c57-e6c5-48d3-b3dd-8f290af1258d,2026-09-22T18:30:00Z,2026-09-22T20:30:00+0200,278.18,EUR/MWh,ES,ES,imbalance_price,Short,2026-09-23T04:42:03Z
2026-09-23T04:38:29Z,2026-09-23T06:38:29+0200,abb44c57-e6c5-48d3-b3dd-8f290af1258d,2026-09-22T18:45:00Z,2026-09-22T20:45:00+0200,276.54,EUR/MWh,ES,ES,imbalance_price,Long,2026-09-23T04:42:03Z
2026-09-23T04:38:29Z,2026-09-23T06:38:29+0200,abb44c57-e6c5-48d3-b3dd-8f290af1258d,2026-09-22T18:45:00Z,2026-09-22T20:45:00+0200,276.54,EUR/MWh,ES,ES,imbalance_price,Short,2026-09-23T04:42:03Z
2026-09-23T04:38:29Z,2026-09-23T06:38:29+0200,abb44c57-e6c5-48d3-b3dd-8f290af1258d,2026-09-22T19:00:00Z,2026-09-22T21:00:00+0200,272.51,EUR/MWh,ES,ES,imbalance_price,Long,2026-09-23T04:42:03Z
2026-09-23T04:38:29Z,2026-09-23T06:38:29+0200,abb44c57-e6c5-48d3-b3dd-8f290af1258d,2026-09-22T19:00:00Z,2026-09-22T21:00:00+0200,272.51,EUR/MWh,ES,ES,imbalance_price,Short,2026-09-23T04:42:03Z
2026-09-23T04:38:29Z,2026-09-23T06:38:29+0200,abb44c57-e6c5-48d3-b3dd-8f290af1258d,2026-09-22T19:15:00Z,2026-09-22T21:15:00+0200,260.0,EUR/MWh,ES,ES,imbalance_price,Long,2026-09-23T04:42:03Z
2026-09-23T04:38:29Z,2026-09-23T06:38:29+0200,abb44c57-e6c5-48d3-b3dd-8f290af1258d,2026-09-22T19:15:00Z,2026-09-22T21:15:00+0200,260.0,EUR/MWh,ES,ES,imbalance_price,Short,2026-09-23T04:42:03Z
2026-09-23T04:38:29Z,2026-09-23T06:38:29+0200,abb44c57-e6c5-48d3-b3dd-8f290af1258d,2026-09-22T19:30:00Z,2026-09-22T21:30:00+0200,255.83,EUR/MWh,ES,ES,imbalance_price,Long,2026-09-23T04:42:03Z
2026-09-23T04:38:29Z,2026-09-23T06:38:29+0200,abb44c57-e6c5-48d3-b3dd-8f290af1258d,2026-09-22T19:30:00Z,2026-09-22T21:30:00+0200,255.83,EUR/MWh,ES,ES,imbalance_price,Short,2026-09-23T04:42:03Z
2026-09-23T04:38:29Z,2026-09-23T06:38:29+0200,abb44c57-e6c5-48d3-b3dd-8f290af1258d,2026-09-22T19:45:00Z,2026-09-22T21:45:00+0200,227.5,EUR/MWh,ES,ES,imbalance_price,Long,2026-09-23T04:42:03Z
2026-09-23T04:38:29Z,2026-09-23T06:38:29+0200,abb44c57-e6c5-48d3-b3dd-8f290af1258d,2026-09-22T19:45:00Z,2026-09-22T21:45:00+0200,227.5,EUR/MWh,ES,ES,imbalance_price,Short,2026-09-23T04:42:03Z
2026-09-23T04:38:29Z,2026-09-23T06:38:29+0200,abb44c57-e6c5-48d3-b3dd-8f290af1258d,2026-09-22T20:00:00Z,2026-09-22T22:00:00+0200,253.01,EUR/MWh,ES,ES,imbalance_price,Long,2026-09-23T04:42:03Z
2026-09-23T04:38:29Z,2026-09-23T06:38:29+0200,abb44c57-e6c5-48d3-b3dd-8f290af1258d,2026-09-22T20:00:00Z,2026-09-22T22:00:00+0200,253.01,EUR/MWh,ES,ES,imbalance_price,Short,2026-09-23T04:42:03Z
2026-09-23T04:38:29Z,2026-09-23T06:38:29+0200,abb44c57-e6c5-48d3-b3dd-8f290af1258d,2026-09-22T20:15:00Z,2026-09-22T22:15:00+0200,231.8,EUR/MWh,ES,ES,imbalance_price,Long,2026-09-23T04:42:03Z
2026-09-23T04:38:29Z,2026-09-23T06:38:29+0200,abb44c57-e6c5-48d3-b3dd-8f290af1258d,2026-09-22T20:15:00Z,2026-09-22T22:15:00+0200,231.8,EUR/MWh,ES,ES,imbalance_price,Short,2026-09-23T04:42:03Z
2026-09-23T04:38:29Z,2026-09-23T06:38:29+0200,abb44c57-e6c5-48d3-b3dd-8f290af1258d,2026-09-22T20:30:00Z,2026-09-22T22:30:00+0200,232.19,EUR/MWh,ES,ES,imbalance_price,Long,2026-09-23T04:42:03Z
2026-09-23T04:38:29Z,2026-09-23T06:38:29+0200,abb44c57-e6c5-48d3-b3dd-8f290af1258d,2026-09-22T20:30:00Z,2026-09-22T22:30:00+0200,232.19,EUR/MWh,ES,ES,imbalance_price,Short,2026-09-23T04:42:03Z
2026-09-23T04:38:29Z,2026-09-23T06:38:29+0200,abb44c57-e6c5-48d3-b3dd-8f290af1258d,2026-09-22T20:45:00Z,2026-09-22T22:45:00+0200,224.41,EUR/MWh,ES,ES,imbalance_price,Long,2026-09-23T04:42:03Z
2026-09-23T04:38:29Z,2026-09-23T06:38:29+0200,abb44c57-e6c5-48d3-b3dd-8f290af1258d,2026-09-22T20:45:00Z,2026-09-22T22:45:00+0200,224.41,EUR/MWh,ES,ES,imbalance_price,Short,2026-09-23T04:42:03Z
2026-09-23T04:38:29Z,2026-09-23T06:38:29+0200,abb44c57-e6c5-48d3-b3dd-8f290af1258d,2026-09-22T21:00:00Z,2026-09-22T23:00:00+0200,224.0,EUR/MWh,ES,ES,imbalance_price,Long,2026-09-23T04:42:03Z
2026-09-23T04:38:29Z,2026-09-23T06:38:29+0200,abb44c57-e6c5-48d3-b3dd-8f290af1258d,2026-09-22T21:00:00Z,2026-09-22T23:00:00+0200,224.0,EUR/MWh,ES,ES,imbalance_price,Short,2026-09-23T04:42:03Z
2026-09-23T04:38:29Z,2026-09-23T06:38:29+0200,abb44c57-e6c5-48d3-b3dd-8f290af1258d,2026-09-22T21:15:00Z,2026-09-22T23:15:00+0200,214.54,EUR/MWh,ES,ES,imbalance_price,Long,2026-09-23T04:42:03Z
2026-09-23T04:38:29Z,2026-09-23T06:38:29+0200,abb44c57-e6c5-48d3-b3dd-8f290af1258d,2026-09-22T21:15:00Z,2026-09-22T23:15:00+0200,214.54,EUR/MWh,ES,ES,imbalance_price,Short,2026-09-23T04:42:03Z
2026-09-23T04:38:29Z,2026-09-23T06:38:29+0200,abb44c57-e6c5-48d3-b3dd-8f290af1258d,2026-09-22T21:30:00Z,2026-09-22T23:30:00+0200,210.21,EUR/MWh,ES,ES,imbalance_price,Long,2026-09-23T04:42:03Z
2026-09-23T04:38:29Z,2026-09-23T06:38:29+0200,abb44c57-e6c5-48d3-b3dd-8f290af1258d,2026-09-22T21:30:00Z,2026-09-22T23:30:00+0200,210.21,EUR/MWh,ES,ES,imbalance_price,Short,2026-09-23T04:42:03Z
2026-09-23T04:38:29Z,2026-09-23T06:38:29+0200,abb44c57-e6c5-48d3-b3dd-8f290af1258d,2026-09-22T21:45:00Z,2026-09-22T23:45:00+0200,201.18,EUR/MWh,ES,ES,imbalance_price,Long,2026-09-23T04:42:03Z
2026-09-23T04:38:29Z,2026-09-23T06:38:29+0200,abb44c57-e6c5-48d3-b3dd-8f290af1258d,2026-09-22T21:45:00Z,2026-09-22T23:45:00+0200,201.18,EUR/MWh,ES,ES,imbalance_price,Short,2026-09-23T04:42:03Z
2026-09-23T04:38:29Z,2026-09-23T06:38:29+0200,abb44c57-e6c5-48d3-b3dd-8f290af1258d,2026-09-22T22:00:00Z,2026-09-23T00:00:00+0200,160.74,EUR/MWh,ES,ES,imbalance_price,Long,2026-09-23T04:42:03Z
2026-09-23T04:38:29Z,2026-09-23T06:38:29+0200,abb44c57-e6c5-48d3-b3dd-8f290af1258d,2026-09-22T22:00:00Z,2026-09-23T00:00:00+0200,206.18,EUR/MWh,ES,ES,imbalance_price,Short,2026-09-23T04:42:03Z
2026-09-23T04:38:29Z,2026-09-23T06:38:29+0200,abb44c57-e6c5-48d3-b3dd-8f290af1258d,2026-09-22T22:15:00Z,2026-09-23T00:15:00+0200,205.24,EUR/MWh,ES,ES,imbalance_price,Long,2026-09-23T04:42:03Z
2026-09-23T04:38:29Z,2026-09-23T06:38:29+0200,abb44c57-e6c5-48d3-b3dd-8f290af1258d,2026-09-22T22:15:00Z,2026-09-23T00:15:00+0200,205.24,EUR/MWh,ES,ES,imbalance_price,Short,2026-09-23T04:42:03Z
2026-09-23T04:38:29Z,2026-09-23T06:38:29+0200,abb44c57-e6c5-48d3-b3dd-8f290af1258d,2026-09-22T22:30:00Z,2026-09-23T00:30:00+0200,203.5,EUR/MWh,ES,ES,imbalance_price,Long,2026-09-23T04:42:03Z
2026-09-23T04:38:29Z,2026-09-23T06:38:29+0200,abb44c57-e6c5-48d3-b3dd-8f290af1258d,2026-09-22T22:30:00Z,2026-09-23T00:30:00+0200,203.5,EUR/MWh,ES,ES,imbalance_price,Short,2026-09-23T04:42:03Z
2026-09-23T04:38:29Z,2026-09-23T06:38:29+0200,abb44c57-e6c5-48d3-b3dd-8f290af1258d,2026-09-22T22:45:00Z,2026-09-23T00:45:00+0200,203.5,EUR/MWh,ES,ES,imbalance_price,Long,2026-09-23T04:42:03Z
2026-09-23T04:38:29Z,2026-09-23T06:38:29+0200,abb44c57-e6c5-48d3-b3dd-8f290af1258d,2026-09-22T22:45:00Z,2026-09-23T00:45:00+0200,203.5,EUR/MWh,ES,ES,imbalance_price,Short,2026-09-23T04:42:03Z
2026-09-23T04:38:29Z,2026-09-23T06:38:29+0200,abb44c57-e6c5-48d3-b3dd-8f290af1258d,2026-09-22T23:00:00Z,2026-09-23T01:00:00+0200,203.5,EUR/MWh,ES,ES,imbalance_price,Long,2026-09-23T04:42:03Z
2026-09-23T04:38:29Z,2026-09-23T06:38:29+0200,abb44c57-e6c5-48d3-b3dd-8f290af1258d,2026-09-22T23:00:00Z,2026-09-23T01:00:00+0200,203.5,EUR/MWh,ES,ES,imbalance_price,Short,2026-09-23T04:42:03Z
2026-09-23T04:38:29Z,2026-09-23T06:38:29+0200,abb44c57-e6c5-48d3-b3dd-8f290af1258d,2026-09-22T23:15:00Z,2026-09-23T01:15:00+0200,202.76,EUR/MWh,ES,ES,imbalance_price,Long,2026-09-23T04:42:03Z
2026-09-23T04:38:29Z,2026-09-23T06:38:29+0200,abb44c57-e6c5-48d3-b3dd-8f290af1258d,2026-09-22T23:15:00Z,2026-09-23T01:15:00+0200,202.76,EUR/MWh,ES,ES,imbalance_price,Short,2026-09-23T04:42:03Z
2026-09-23T04:38:29Z,2026-09-23T06:38:29+0200,abb44c57-e6c5-48d3-b3dd-8f290af1258d,2026-09-22T23:30:00Z,2026-09-23T01:30:00+0200,177.57,EUR/MWh,ES,ES,imbalance_price,Long,2026-09-23T04:42:03Z
2026-09-23T04:38:29Z,2026-09-23T06:38:29+0200,abb44c57-e6c5-48d3-b3dd-8f290af1258d,2026-09-22T23:30:00Z,2026-09-23T01:30:00+0200,201.18,EUR/MWh,ES,ES,imbalance_price,Short,2026-09-23T04:42:03Z
2026-09-23T04:38:29Z,2026-09-23T06:38:29+0200,abb44c57-e6c5-48d3-b3dd-8f290af1258d,2026-09-22T23:45:00Z,2026-09-23T01:45:00+0200,200.0,EUR/MWh,ES,ES,imbalance_price,Long,2026-09-23T04:42:03Z
2026-09-23T04:38:29Z,2026-09-23T06:38:29+0200,abb44c57-e6c5-48d3-b3dd-8f290af1258d,2026-09-22T23:45:00Z,2026-09-23T01:45:00+0200,200.0,EUR/MWh,ES,ES,imbalance_price,Short,2026-09-23T04:42:03Z
2026-09-23T04:38:29Z,2026-09-23T06:38:29+0200,abb44c57-e6c5-48d3-b3dd-8f290af1258d,2026-09-23T00:00:00Z,2026-09-23T02:00:00+0200,199.6,EUR/MWh,ES,ES,imbalance_price,Long,2026-09-23T04:42:03Z
2026-09-23T04:38:29Z,2026-09-23T06:38:29+0200,abb44c57-e6c5-48d3-b3dd-8f290af1258d,2026-09-23T00:00:00Z,2026-09-23T02:00:00+0200,199.6,EUR/MWh,ES,ES,imbalance_price,Short,2026-09-23T04:42:03Z
2026-09-23T04:38:29Z,2026-09-23T06:38:29+0200,abb44c57-e6c5-48d3-b3dd-8f290af1258d,2026-09-23T00:15:00Z,2026-09-23T02:15:00+0200,160.26,EUR/MWh,ES,ES,imbalance_price,Long,2026-09-23T04:42:03Z
2026-09-23T04:38:29Z,2026-09-23T06:38:29+0200,abb44c57-e6c5-48d3-b3dd-8f290af1258d,2026-09-23T00:15:00Z,2026-09-23T02:15:00+0200,196.5,EUR/MWh,ES,ES,imbalance_price,Short,2026-09-23T04:42:03Z
2026-09-23T04:38:29Z,2026-09-23T06:38:29+0200,abb44c57-e6c5-48d3-b3dd-8f290af1258d,2026-09-23T00:30:00Z,2026-09-23T02:30:00+0200,195.37,EUR/MWh,ES,ES,imbalance_price,Long,2026-09-23T04:42:03Z
2026-09-23T04:38:29Z,2026-09-23T06:38:29+0200,abb44c57-e6c5-48d3-b3dd-8f290af1258d,2026-09-23T00:30:00Z,2026-09-23T02:30:00+0200,195.37,EUR/MWh,ES,ES,imbalance_price,Short,2026-09-23T04:42:03Z
2026-09-23T04:38:29Z,2026-09-23T06:38:29+0200,abb44c57-e6c5-48d3-b3dd-8f290af1258d,2026-09-23T00:45:00Z,2026-09-23T02:45:00+0200,195.37,EUR/MWh,ES,ES,imbalance_price,Long,2026-09-23T04:42:03Z
2026-09-23T04:38:29Z,2026-09-23T06:38:29+0200,abb44c57-e6c5-48d3-b3dd-8f290af1258d,2026-09-23T00:45:00Z,2026-09-23T02:45:00+0200,195.37,EUR/MWh,ES,ES,imbalance_price,Short,2026-09-23T04:42:03Z
2026-09-23T04:38:29Z,2026-09-23T06:38:29+0200,abb44c57-e6c5-48d3-b3dd-8f290af1258d,2026-09-23T01:00:00Z,2026-09-23T03:00:00+0200,199.95,EUR/MWh,ES,ES,imbalance_price,Long,2026-09-23T04:42:03Z
2026-09-23T04:38:29Z,2026-09-23T06:38:29+0200,abb44c57-e6c5-48d3-b3dd-8f290af1258d,2026-09-23T01:00:00Z,2026-09-23T03:00:00+0200,199.95,EUR/MWh,ES,ES,imbalance_price,Short,2026-09-23T04:42:03Z
2026-09-23T04:38:29Z,2026-09-23T06:38:29+0200,abb44c57-e6c5-48d3-b3dd-8f290af1258d,2026-09-23T01:15:00Z,2026-09-23T03:15:00+0200,199.6,EUR/MWh,ES,ES,imbalance_price,Long,2026-09-23T04:42:03Z
2026-09-23T04:38:29Z,2026-09-23T06:38:29+0200,abb44c57-e6c5-48d3-b3dd-8f290af1258d,2026-09-23T01:15:00Z,2026-09-23T03:15:00+0200,199.6,EUR/MWh,ES,ES,imbalance_price,Short,2026-09-23T04:42:03Z
2026-09-23T04:38:29Z,2026-09-23T06:38:29+0200,abb44c57-e6c5-48d3-b3dd-8f290af1258d,2026-09-23T01:30:00Z,2026-09-23T03:30:00+0200,199.6,EUR/MWh,ES,ES,imbalance_price,Long,2026-09-23T04:42:03Z
2026-09-23T04:38:29Z,2026-09-23T06:38:29+0200,abb44c57-e6c5-48d3-b3dd-8f290af1258d,2026-09-23T01:30:00Z,2026-09-23T03:30:00+0200,199.6,EUR/MWh,ES,ES,imbalance_price,Short,2026-09-23T04:42:03Z
2026-09-23T04:38:29Z,2026-09-23T06:38:29+0200,abb44c57-e6c5-48d3-b3dd-8f290af1258d,2026-09-23T01:45:00Z,2026-09-23T03:45:00+0200,176.0,EUR/MWh,ES,ES,imbalance_price,Long,2026-09-23T04:42:03Z
2026-09-23T04:38:29Z,2026-09-23T06:38:29+0200,abb44c57-e6c5-48d3-b3dd-8f290af1258d,2026-09-23T01:45:00Z,2026-09-23T03:45:00+0200,199.6,EUR/MWh,ES,ES,imbalance_price,Short,2026-09-23T04:42:03Z
2026-09-23T04:38:29Z,2026-09-23T06:38:29+0200,abb44c57-e6c5-48d3-b3dd-8f290af1258d,2026-09-23T02:00:00Z,2026-09-23T04:00:00+0200,201.18,EUR/MWh,ES,ES,imbalance_price,Long,2026-09-23T04:42:03Z
2026-09-23T04:38:29Z,2026-09-23T06:38:29+0200,abb44c57-e6c5-48d3-b3dd-8f290af1258d,2026-09-23T02:00:00Z,2026-09-23T04:00:00+0200,201.18,EUR/MWh,ES,ES,imbalance_price,Short,2026-09-23T04:42:03Z
2026-09-23T04:38:29Z,2026-09-23T06:38:29+0200,abb44c57-e6c5-48d3-b3dd-8f290af1258d,2026-09-23T02:15:00Z,2026-09-23T04:15:00+0200,180.4,EUR/MWh,ES,ES,imbalance_price,Long,2026-09-23T04:42:03Z
2026-09-23T04:38:29Z,2026-09-23T06:38:29+0200,abb44c57-e6c5-48d3-b3dd-8f290af1258d,2026-09-23T02:15:00Z,2026-09-23T04:15:00+0200,201.18,EUR/MWh,ES,ES,imbalance_price,Short,2026-09-23T04:42:03Z
2026-09-23T04:38:29Z,2026-09-23T06:38:29+0200,abb44c57-e6c5-48d3-b3dd-8f290af1258d,2026-09-23T02:30:00Z,2026-09-23T04:30:00+0200,201.18,EUR/MWh,ES,ES,imbalance_price,Long,2026-09-23T04:42:03Z
2026-09-23T04:38:29Z,2026-09-23T06:38:29+0200,abb44c57-e6c5-48d3-b3dd-8f290af1258d,2026-09-23T02:30:00Z,2026-09-23T04:30:00+0200,201.18,EUR/MWh,ES,ES,imbalance_price,Short,2026-09-23T04:42:03Z
2026-09-23T04:38:29Z,2026-09-23T06:38:29+0200,abb44c57-e6c5-48d3-b3dd-8f290af1258d,2026-09-23T02:45:00Z,2026-09-23T04:45:00+0200,180.69,EUR/MWh,ES,ES,imbalance_price,Long,2026-09-23T04:42:03Z
2026-09-23T04:38:29Z,2026-09-23T06:38:29+0200,abb44c57-e6c5-48d3-b3dd-8f290af1258d,2026-09-23T02:45:00Z,2026-09-23T04:45:00+0200,202.48,EUR/MWh,ES,ES,imbalance_price,Short,2026-09-23T04:42:03Z
2026-09-23T04:38:29Z,2026-09-23T06:38:29+0200,abb44c57-e6c5-48d3-b3dd-8f290af1258d,2026-09-23T03:00:00Z,2026-09-23T05:00:00+0200,171.9,EUR/MWh,ES,ES,imbalance_price,Long,2026-09-23T04:42:03Z
2026-09-23T04:38:29Z,2026-09-23T06:38:29+0200,abb44c57-e6c5-48d3-b3dd-8f290af1258d,2026-09-23T03:00:00Z,2026-09-23T05:00:00+0200,198.7,EUR/MWh,ES,ES,imbalance_price,Short,2026-09-23T04:42:03Z
2026-09-23T04:38:29Z,2026-09-23T06:38:29+0200,abb44c57-e6c5-48d3-b3dd-8f290af1258d,2026-09-23T03:15:00Z,2026-09-23T05:15:00+0200,157.92,EUR/MWh,ES,ES,imbalance_price,Long,2026-09-23T04:42:03Z
2026-09-23T04:38:29Z,2026-09-23T06:38:29+0200,abb44c57-e6c5-48d3-b3dd-8f290af1258d,2026-09-23T03:15:00Z,2026-09-23T05:15:00+0200,199.6,EUR/MWh,ES,ES,imbalance_price,Short,2026-09-23T04:42:03Z
2026-09-23T04:38:29Z,2026-09-23T06:38:29+0200,abb44c57-e6c5-48d3-b3dd-8f290af1258d,2026-09-23T03:30:00Z,2026-09-23T05:30:00+0200,165.49,EUR/MWh,ES,ES,imbalance_price,Long,2026-09-23T04:42:03Z
2026-09-23T04:38:29Z,2026-09-23T06:38:29+0200,abb44c57-e6c5-48d3-b3dd-8f290af1258d,2026-09-23T03:30:00Z,2026-09-23T05:30:00+0200,201.18,EUR/MWh,ES,ES,imbalance_price,Short,2026-09-23T04:42:03Z
2026-09-23T04:38:29Z,2026-09-23T06:38:29+0200,abb44c57-e6c5-48d3-b3dd-8f290af1258d,2026-09-23T03:45:00Z,2026-09-23T05:45:00+0200,202.48,EUR/MWh,ES,ES,imbalance_price,Long,2026-09-23T04:42:03Z
2026-09-23T04:38:29Z,2026-09-23T06:38:29+0200,abb44c57-e6c5-48d3-b3dd-8f290af1258d,2026-09-23T03:45:00Z,2026-09-23T05:45:00+0200,202.48,EUR/MWh,ES,ES,imbalance_price,Short,2026-09-23T04:42:03Z
2026-09-23T04:38:29Z,2026-09-23T06:38:29+0200,abb44c57-e6c5-48d3-b3dd-8f290af1258d,2026-09-23T04:00:00Z,2026-09-23T06:00:00+0200,168.94,EUR/MWh,ES,ES,imbalance_price,Long,2026-09-23T04:42:03Z
2026-09-23T04:38:29Z,2026-09-23T06:38:29+0200,abb44c57-e6c5-48d3-b3dd-8f290af1258d,2026-09-23T04:00:00Z,2026-09-23T06:00:00+0200,203.0,EUR/MWh,ES,ES,imbalance_price,Short,2026-09-23T04:42:03Z
