collection_time_utc,collection_time_local,run_id,timestamp_utc,timestamp_local,value,unit,country,entsoe_area,variable,source,updated_at_utc
2026-09-19T00:49:09Z,2026-09-19T02:49:09+0200,3dbfaa81-ec88-4562-ac3b-8694879c965d,2026-09-12T01:00:00Z,2026-09-12T03:00:00+0200,1212.0775,MW,DK2,DK_2,actual_load,Actual Load,2026-09-19T00:49:15Z
2026-09-19T00:49:09Z,2026-09-19T02:49:09+0200,3dbfaa81-ec88-4562-ac3b-8694879c965d,2026-09-12T02:00:00Z,2026-09-12T04:00:00+0200,1176.38,MW,DK2,DK_2,actual_load,Actual Load,2026-09-19T00:49:15Z
2026-09-19T00:49:09Z,2026-09-19T02:49:09+0200,3dbfaa81-ec88-4562-ac3b-8694879c965d,2026-09-12T03:00:00Z,2026-09-12T05:00:00+0200,1152.61,MW,DK2,DK_2,actual_load,Actual Load,2026-09-19T00:49:15Z
2026-09-19T00:49:09Z,2026-09-19T02:49:09+0200,3dbfaa81-ec88-4562-ac3b-8694879c965d,2026-09-12T04:00:00Z,2026-09-12T06:00:00+0200,1149.3625,MW,DK2,DK_2,actual_load,Actual Load,2026-09-19T00:49:15Z
2026-09-19T00:49:09Z,2026-09-19T02:49:09+0200,3dbfaa81-ec88-4562-ac3b-8694879c965d,2026-09-12T05:00:00Z,2026-09-12T07:00:00+0200,1234.095,MW,DK2,DK_2,actual_load,Actual Load,2026-09-19T00:49:15Z
2026-09-19T00:49:09Z,2026-09-19T02:49:09+0200,3dbfaa81-ec88-4562-ac3b-8694879c965d,2026-09-12T06:00:00Z,2026-09-12T08:00:00+0200,1410.065,MW,DK2,DK_2,actual_load,Actual Load,2026-09-19T00:49:15Z
2026-09-19T00:49:09Z,2026-09-19T02:49:09+0200,3dbfaa81-ec88-4562-ac3b-8694879c965d,2026-09-12T07:00:00Z,2026-09-12T09:00:00+0200,1517.2925,MW,DK2,DK_2,actual_load,Actual Load,2026-09-19T00:49:15Z
2026-09-19T00:49:09Z,2026-09-19T02:49:09+0200,3dbfaa81-ec88-4562-ac3b-8694879c965d,2026-09-12T08:00:00Z,2026-09-12T10:00:00+0200,1716.4475,MW,DK2,DK_2,actual_load,Actual Load,2026-09-19T00:49:15Z
2026-09-19T00:49:09Z,2026-09-19T02:49:09+0200,3dbfaa81-ec88-4562-ac3b-8694879c965d,2026-09-12T09:00:00Z,2026-09-12T11:00:00+0200,1977.37,MW,DK2,DK_2,actual_load,Actual Load,2026-09-19T00:49:15Z
2026-09-19T00:49:09Z,2026-09-19T02:49:09+0200,3dbfaa81-ec88-4562-ac3b-8694879c965d,2026-09-12T10:00:00Z,2026-09-12T12:00:00+0200,2152.24,MW,DK2,DK_2,actual_load,Actual Load,2026-09-19T00:49:15Z
2026-09-19T00:49:09Z,2026-09-19T02:49:09+0200,3dbfaa81-ec88-4562-ac3b-8694879c965d,2026-09-12T11:00:00Z,2026-09-12T13:00:00+0200,2150.3725,MW,DK2,DK_2,actual_load,Actual Load,2026-09-19T00:49:15Z
2026-09-19T00:49:09Z,2026-09-19T02:49:09+0200,3dbfaa81-ec88-4562-ac3b-8694879c965d,2026-09-12T12:00:00Z,2026-09-12T14:00:00+0200,1950.7275,MW,DK2,DK_2,actual_load,Actual Load,2026-09-19T00:49:15Z
2026-09-19T00:49:09Z,2026-09-19T02:49:09+0200,3dbfaa81-ec88-4562-ac3b-8694879c965d,2026-09-12T13:00:00Z,2026-09-12T15:00:00+0200,1947.4,MW,DK2,DK_2,actual_load,Actual Load,2026-09-19T00:49:15Z
2026-09-19T00:49:09Z,2026-09-19T02:49:09+0200,3dbfaa81-ec88-4562-ac3b-8694879c965d,2026-09-12T14:00:00Z,2026-09-12T16:00:00+0200,1868.985,MW,DK2,DK_2,actual_load,Actual Load,2026-09-19T00:49:15Z
2026-09-19T00:49:09Z,2026-09-19T02:49:09+0200,3dbfaa81-ec88-4562-ac3b-8694879c965d,2026-09-12T15:00:00Z,2026-09-12T17:00:00+0200,1735.9875,MW,DK2,DK_2,actual_load,Actual Load,2026-09-19T00:49:15Z
2026-09-19T00:49:09Z,2026-09-19T02:49:09+0200,3dbfaa81-ec88-4562-ac3b-8694879c965d,2026-09-12T16:00:00Z,2026-09-12T18:00:00+0200,1674.1975,MW,DK2,DK_2,actual_load,Actual Load,2026-09-19T00:49:15Z
2026-09-19T00:49:09Z,2026-09-19T02:49:09+0200,3dbfaa81-ec88-4562-ac3b-8694879c965d,2026-09-12T17:00:00Z,2026-09-12T19:00:00+0200,1574.7625,MW,DK2,DK_2,actual_load,Actual Load,2026-09-19T00:49:15Z
2026-09-19T00:49:09Z,2026-09-19T02:49:09+0200,3dbfaa81-ec88-4562-ac3b-8694879c965d,2026-09-12T18:00:00Z,2026-09-12T20:00:00+0200,1498.5925,MW,DK2,DK_2,actual_load,Actual Load,2026-09-19T00:49:15Z
2026-09-19T00:49:09Z,2026-09-19T02:49:09+0200,3dbfaa81-ec88-4562-ac3b-8694879c965d,2026-09-12T19:00:00Z,2026-09-12T21:00:00+0200,1443.9425,MW,DK2,DK_2,actual_load,Actual Load,2026-09-19T00:49:15Z
2026-09-19T00:49:09Z,2026-09-19T02:49:09+0200,3dbfaa81-ec88-4562-ac3b-8694879c965d,2026-09-12T20:00:00Z,2026-09-12T22:00:00+0200,1266.275,MW,DK2,DK_2,actual_load,Actual Load,2026-09-19T00:49:15Z
2026-09-19T00:49:09Z,2026-09-19T02:49:09+0200,3dbfaa81-ec88-4562-ac3b-8694879c965d,2026-09-12T21:00:00Z,2026-09-12T23:00:00+0200,1249.5875,MW,DK2,DK_2,actual_load,Actual Load,2026-09-19T00:49:15Z
2026-09-19T00:49:09Z,2026-09-19T02:49:09+0200,3dbfaa81-ec88-4562-ac3b-8694879c965d,2026-09-12T22:00:00Z,2026-09-13T00:00:00+0200,1257.1275,MW,DK2,DK_2,actual_load,Actual Load,2026-09-19T00:49:15Z
2026-09-19T00:49:09Z,2026-09-19T02:49:09+0200,3dbfaa81-ec88-4562-ac3b-8694879c965d,2026-09-12T23:00:00Z,2026-09-13T01:00:00+0200,1226.21,MW,DK2,DK_2,actual_load,Actual Load,2026-09-19T00:49:15Z
2026-09-19T00:49:09Z,2026-09-19T02:49:09+0200,3dbfaa81-ec88-4562-ac3b-8694879c965d,2026-09-13T00:00:00Z,2026-09-13T02:00:00+0200,1194.9,MW,DK2,DK_2,actual_load,Actual Load,2026-09-19T00:49:15Z
2026-09-19T00:49:09Z,2026-09-19T02:49:09+0200,3dbfaa81-ec88-4562-ac3b-8694879c965d,2026-09-13T01:00:00Z,2026-09-13T03:00:00+0200,1170.3,MW,DK2,DK_2,actual_load,Actual Load,2026-09-19T00:49:15Z
2026-09-19T00:49:09Z,2026-09-19T02:49:09+0200,3dbfaa81-ec88-4562-ac3b-8694879c965d,2026-09-13T02:00:00Z,2026-09-13T04:00:00+0200,1149.26,MW,DK2,DK_2,actual_load,Actual Load,2026-09-19T00:49:15Z
2026-09-19T00:49:09Z,2026-09-19T02:49:09+0200,3dbfaa81-ec88-4562-ac3b-8694879c965d,2026-09-13T03:00:00Z,2026-09-13T05:00:00+0200,1108.95,MW,DK2,DK_2,actual_load,Actual Load,2026-09-19T00:49:15Z
2026-09-19T00:49:09Z,2026-09-19T02:49:09+0200,3dbfaa81-ec88-4562-ac3b-8694879c965d,2026-09-13T04:00:00Z,2026-09-13T06:00:00+0200,1128.9825,MW,DK2,DK_2,actual_load,Actual Load,2026-09-19T00:49:15Z
2026-09-19T00:49:09Z,2026-09-19T02:49:09+0200,3dbfaa81-ec88-4562-ac3b-8694879c965d,2026-09-13T05:00:00Z,2026-09-13T07:00:00+0200,1244.69,MW,DK2,DK_2,actual_load,Actual Load,2026-09-19T00:49:15Z
2026-09-19T00:49:09Z,2026-09-19T02:49:09+0200,3dbfaa81-ec88-4562-ac3b-8694879c965d,2026-09-13T06:00:00Z,2026-09-13T08:00:00+0200,1383.93,MW,DK2,DK_2,actual_load,Actual Load,2026-09-19T00:49:15Z
2026-09-19T00:49:09Z,2026-09-19T02:49:09+0200,3dbfaa81-ec88-4562-ac3b-8694879c965d,2026-09-13T07:00:00Z,2026-09-13T09:00:00+0200,1545.8175,MW,DK2,DK_2,actual_load,Actual Load,2026-09-19T00:49:15Z
2026-09-19T00:49:09Z,2026-09-19T02:49:09+0200,3dbfaa81-ec88-4562-ac3b-8694879c965d,2026-09-13T08:00:00Z,2026-09-13T10:00:00+0200,1686.1975,MW,DK2,DK_2,actual_load,Actual Load,2026-09-19T00:49:15Z
2026-09-19T00:49:09Z,2026-09-19T02:49:09+0200,3dbfaa81-ec88-4562-ac3b-8694879c965d,2026-09-13T09:00:00Z,2026-09-13T11:00:00+0200,1820.315,MW,DK2,DK_2,actual_load,Actual Load,2026-09-19T00:49:15Z
2026-09-19T00:49:09Z,2026-09-19T02:49:09+0200,3dbfaa81-ec88-4562-ac3b-8694879c965d,2026-09-13T10:00:00Z,2026-09-13T12:00:00+0200,1789.9525,MW,DK2,DK_2,actual_load,Actual Load,2026-09-19T00:49:15Z
2026-09-19T00:49:09Z,2026-09-19T02:49:09+0200,3dbfaa81-ec88-4562-ac3b-8694879c965d,2026-09-13T11:00:00Z,2026-09-13T13:00:00+0200,1794.6175,MW,DK2,DK_2,actual_load,Actual Load,2026-09-19T00:49:15Z
2026-09-19T00:49:09Z,2026-09-19T02:49:09+0200,3dbfaa81-ec88-4562-ac3b-8694879c965d,2026-09-13T12:00:00Z,2026-09-13T14:00:00+0200,1738.93,MW,DK2,DK_2,actual_load,Actual Load,2026-09-19T00:49:15Z
2026-09-19T00:49:09Z,2026-09-19T02:49:09+0200,3dbfaa81-ec88-4562-ac3b-8694879c965d,2026-09-13T13:00:00Z,2026-09-13T15:00:00+0200,1798.6025,MW,DK2,DK_2,actual_load,Actual Load,2026-09-19T00:49:15Z
2026-09-19T00:49:09Z,2026-09-19T02:49:09+0200,3dbfaa81-ec88-4562-ac3b-8694879c965d,2026-09-13T14:00:00Z,2026-09-13T16:00:00+0200,1864.475,MW,DK2,DK_2,actual_load,Actual Load,2026-09-19T00:49:15Z
2026-09-19T00:49:09Z,2026-09-19T02:49:09+0200,3dbfaa81-ec88-4562-ac3b-8694879c965d,2026-09-13T15:00:00Z,2026-09-13T17:00:00+0200,1838.8575,MW,DK2,DK_2,actual_load,Actual Load,2026-09-19T00:49:15Z
2026-09-19T00:49:09Z,2026-09-19T02:49:09+0200,3dbfaa81-ec88-4562-ac3b-8694879c965d,2026-09-13T16:00:00Z,2026-09-13T18:00:00+0200,1781.3425,MW,DK2,DK_2,actual_load,Actual Load,2026-09-19T00:49:15Z
2026-09-19T00:49:09Z,2026-09-19T02:49:09+0200,3dbfaa81-ec88-4562-ac3b-8694879c965d,2026-09-13T17:00:00Z,2026-09-13T19:00:00+0200,1692.1475,MW,DK2,DK_2,actual_load,Actual Load,2026-09-19T00:49:15Z
2026-09-19T00:49:09Z,2026-09-19T02:49:09+0200,3dbfaa81-ec88-4562-ac3b-8694879c965d,2026-09-13T18:00:00Z,2026-09-13T20:00:00+0200,1616.4075,MW,DK2,DK_2,actual_load,Actual Load,2026-09-19T00:49:15Z
2026-09-19T00:49:09Z,2026-09-19T02:49:09+0200,3dbfaa81-ec88-4562-ac3b-8694879c965d,2026-09-13T19:00:00Z,2026-09-13T21:00:00+0200,1533.755,MW,DK2,DK_2,actual_load,Actual Load,2026-09-19T00:49:15Z
2026-09-19T00:49:09Z,2026-09-19T02:49:09+0200,3dbfaa81-ec88-4562-ac3b-8694879c965d,2026-09-13T20:00:00Z,2026-09-13T22:00:00+0200,1392.0525,MW,DK2,DK_2,actual_load,Actual Load,2026-09-19T00:49:15Z
2026-09-19T00:49:09Z,2026-09-19T02:49:09+0200,3dbfaa81-ec88-4562-ac3b-8694879c965d,2026-09-13T21:00:00Z,2026-09-13T23:00:00+0200,1294.9875,MW,DK2,DK_2,actual_load,Actual Load,2026-09-19T00:49:15Z
2026-09-19T00:49:09Z,2026-09-19T02:49:09+0200,3dbfaa81-ec88-4562-ac3b-8694879c965d,2026-09-13T22:00:00Z,2026-09-14T00:00:00+0200,1305.895,MW,DK2,DK_2,actual_load,Actual Load,2026-09-19T00:49:15Z
2026-09-19T00:49:09Z,2026-09-19T02:49:09+0200,3dbfaa81-ec88-4562-ac3b-8694879c965d,2026-09-13T23:00:00Z,2026-09-14T01:00:00+0200,1272.105,MW,DK2,DK_2,actual_load,Actual Load,2026-09-19T00:49:15Z
2026-09-19T00:49:09Z,2026-09-19T02:49:09+0200,3dbfaa81-ec88-4562-ac3b-8694879c965d,2026-09-14T00:00:00Z,2026-09-14T02:00:00+0200,1218.1975,MW,DK2,DK_2,actual_load,Actual Load,2026-09-19T00:49:15Z
2026-09-19T00:49:09Z,2026-09-19T02:49:09+0200,3dbfaa81-ec88-4562-ac3b-8694879c965d,2026-09-14T01:00:00Z,2026-09-14T03:00:00+0200,1185.1125,MW,DK2,DK_2,actual_load,Actual Load,2026-09-19T00:49:15Z
2026-09-19T00:49:09Z,2026-09-19T02:49:09+0200,3dbfaa81-ec88-4562-ac3b-8694879c965d,2026-09-14T02:00:00Z,2026-09-14T04:00:00+0200,1182.92,MW,DK2,DK_2,actual_load,Actual Load,2026-09-19T00:49:15Z
2026-09-19T00:49:09Z,2026-09-19T02:49:09+0200,3dbfaa81-ec88-4562-ac3b-8694879c965d,2026-09-14T03:00:00Z,2026-09-14T05:00:00+0200,1232.1525,MW,DK2,DK_2,actual_load,Actual Load,2026-09-19T00:49:15Z
2026-09-19T00:49:09Z,2026-09-19T02:49:09+0200,3dbfaa81-ec88-4562-ac3b-8694879c965d,2026-09-14T04:00:00Z,2026-09-14T06:00:00+0200,1406.275,MW,DK2,DK_2,actual_load,Actual Load,2026-09-19T00:49:15Z
2026-09-19T00:49:09Z,2026-09-19T02:49:09+0200,3dbfaa81-ec88-4562-ac3b-8694879c965d,2026-09-14T05:00:00Z,2026-09-14T07:00:00+0200,1569.5625,MW,DK2,DK_2,actual_load,Actual Load,2026-09-19T00:49:15Z
2026-09-19T00:49:09Z,2026-09-19T02:49:09+0200,3dbfaa81-ec88-4562-ac3b-8694879c965d,2026-09-14T06:00:00Z,2026-09-14T08:00:00+0200,1778.2325,MW,DK2,DK_2,actual_load,Actual Load,2026-09-19T00:49:15Z
2026-09-19T00:49:09Z,2026-09-19T02:49:09+0200,3dbfaa81-ec88-4562-ac3b-8694879c965d,2026-09-14T07:00:00Z,2026-09-14T09:00:00+0200,1900.25,MW,DK2,DK_2,actual_load,Actual Load,2026-09-19T00:49:15Z
2026-09-19T00:49:09Z,2026-09-19T02:49:09+0200,3dbfaa81-ec88-4562-ac3b-8694879c965d,2026-09-14T08:00:00Z,2026-09-14T10:00:00+0200,2049.6225,MW,DK2,DK_2,actual_load,Actual Load,2026-09-19T00:49:15Z
2026-09-19T00:49:09Z,2026-09-19T02:49:09+0200,3dbfaa81-ec88-4562-ac3b-8694879c965d,2026-09-14T09:00:00Z,2026-09-14T11:00:00+0200,2046.22,MW,DK2,DK_2,actual_load,Actual Load,2026-09-19T00:49:15Z
2026-09-19T00:49:09Z,2026-09-19T02:49:09+0200,3dbfaa81-ec88-4562-ac3b-8694879c965d,2026-09-14T10:00:00Z,2026-09-14T12:00:00+0200,2036.225,MW,DK2,DK_2,actual_load,Actual Load,2026-09-19T00:49:15Z
2026-09-19T00:49:09Z,2026-09-19T02:49:09+0200,3dbfaa81-ec88-4562-ac3b-8694879c965d,2026-09-14T11:00:00Z,2026-09-14T13:00:00+0200,1926.7225,MW,DK2,DK_2,actual_load,Actual Load,2026-09-19T00:49:15Z
2026-09-19T00:49:09Z,2026-09-19T02:49:09+0200,3dbfaa81-ec88-4562-ac3b-8694879c965d,2026-09-14T12:00:00Z,2026-09-14T14:00:00+0200,2017.23,MW,DK2,DK_2,actual_load,Actual Load,2026-09-19T00:49:15Z
2026-09-19T00:49:09Z,2026-09-19T02:49:09+0200,3dbfaa81-ec88-4562-ac3b-8694879c965d,2026-09-14T13:00:00Z,2026-09-14T15:00:00+0200,1981.5925,MW,DK2,DK_2,actual_load,Actual Load,2026-09-19T00:49:15Z
2026-09-19T00:49:09Z,2026-09-19T02:49:09+0200,3dbfaa81-ec88-4562-ac3b-8694879c965d,2026-09-14T14:00:00Z,2026-09-14T16:00:00+0200,1925.2875,MW,DK2,DK_2,actual_load,Actual Load,2026-09-19T00:49:15Z
2026-09-19T00:49:09Z,2026-09-19T02:49:09+0200,3dbfaa81-ec88-4562-ac3b-8694879c965d,2026-09-14T15:00:00Z,2026-09-14T17:00:00+0200,1879.29,MW,DK2,DK_2,actual_load,Actual Load,2026-09-19T00:49:15Z
2026-09-19T00:49:09Z,2026-09-19T02:49:09+0200,3dbfaa81-ec88-4562-ac3b-8694879c965d,2026-09-14T16:00:00Z,2026-09-14T18:00:00+0200,1786.6675,MW,DK2,DK_2,actual_load,Actual Load,2026-09-19T00:49:15Z
2026-09-19T00:49:09Z,2026-09-19T02:49:09+0200,3dbfaa81-ec88-4562-ac3b-8694879c965d,2026-09-14T17:00:00Z,2026-09-14T19:00:00+0200,1614.0625,MW,DK2,DK_2,actual_load,Actual Load,2026-09-19T00:49:15Z
2026-09-19T00:49:09Z,2026-09-19T02:49:09+0200,3dbfaa81-ec88-4562-ac3b-8694879c965d,2026-09-14T18:00:00Z,2026-09-14T20:00:00+0200,1555.2775,MW,DK2,DK_2,actual_load,Actual Load,2026-09-19T00:49:15Z
2026-09-19T00:49:09Z,2026-09-19T02:49:09+0200,3dbfaa81-ec88-4562-ac3b-8694879c965d,2026-09-14T19:00:00Z,2026-09-14T21:00:00+0200,1477.7525,MW,DK2,DK_2,actual_load,Actual Load,2026-09-19T00:49:15Z
2026-09-19T00:49:09Z,2026-09-19T02:49:09+0200,3dbfaa81-ec88-4562-ac3b-8694879c965d,2026-09-14T20:00:00Z,2026-09-14T22:00:00+0200,1389.825,MW,DK2,DK_2,actual_load,Actual Load,2026-09-19T00:49:15Z
2026-09-19T00:49:09Z,2026-09-19T02:49:09+0200,3dbfaa81-ec88-4562-ac3b-8694879c965d,2026-09-14T21:00:00Z,2026-09-14T23:00:00+0200,1308.64,MW,DK2,DK_2,actual_load,Actual Load,2026-09-19T00:49:15Z
2026-09-19T00:49:09Z,2026-09-19T02:49:09+0200,3dbfaa81-ec88-4562-ac3b-8694879c965d,2026-09-14T22:00:00Z,2026-09-15T00:00:00+0200,1309.79,MW,DK2,DK_2,actual_load,Actual Load,2026-09-19T00:49:15Z
2026-09-19T00:49:09Z,2026-09-19T02:49:09+0200,3dbfaa81-ec88-4562-ac3b-8694879c965d,2026-09-14T23:00:00Z,2026-09-15T01:00:00+0200,1274.8225,MW,DK2,DK_2,actual_load,Actual Load,2026-09-19T00:49:15Z
2026-09-19T00:49:09Z,2026-09-19T02:49:09+0200,3dbfaa81-ec88-4562-ac3b-8694879c965d,2026-09-15T00:00:00Z,2026-09-15T02:00:00+0200,1291.6775,MW,DK2,DK_2,actual_load,Actual Load,2026-09-19T00:49:15Z
2026-09-19T00:49:09Z,2026-09-19T02:49:09+0200,3dbfaa81-ec88-4562-ac3b-8694879c965d,2026-09-15T01:00:00Z,2026-09-15T03:00:00+0200,1249.04,MW,DK2,DK_2,actual_load,Actual Load,2026-09-19T00:49:15Z
2026-09-19T00:49:09Z,2026-09-19T02:49:09+0200,3dbfaa81-ec88-4562-ac3b-8694879c965d,2026-09-15T02:00:00Z,2026-09-15T04:00:00+0200,1230.1725,MW,DK2,DK_2,actual_load,Actual Load,2026-09-19T00:49:15Z
2026-09-19T00:49:09Z,2026-09-19T02:49:09+0200,3dbfaa81-ec88-4562-ac3b-8694879c965d,2026-09-15T03:00:00Z,2026-09-15T05:00:00+0200,1250.5175,MW,DK2,DK_2,actual_load,Actual Load,2026-09-19T00:49:15Z
2026-09-19T00:49:09Z,2026-09-19T02:49:09+0200,3dbfaa81-ec88-4562-ac3b-8694879c965d,2026-09-15T04:00:00Z,2026-09-15T06:00:00+0200,1406.745,MW,DK2,DK_2,actual_load,Actual Load,2026-09-19T00:49:15Z
2026-09-19T00:49:09Z,2026-09-19T02:49:09+0200,3dbfaa81-ec88-4562-ac3b-8694879c965d,2026-09-15T05:00:00Z,2026-09-15T07:00:00+0200,1592.0825,MW,DK2,DK_2,actual_load,Actual Load,2026-09-19T00:49:15Z
2026-09-19T00:49:09Z,2026-09-19T02:49:09+0200,3dbfaa81-ec88-4562-ac3b-8694879c965d,2026-09-15T06:00:00Z,2026-09-15T08:00:00+0200,1746.4875,MW,DK2,DK_2,actual_load,Actual Load,2026-09-19T00:49:15Z
2026-09-19T00:49:09Z,2026-09-19T02:49:09+0200,3dbfaa81-ec88-4562-ac3b-8694879c965d,2026-09-15T07:00:00Z,2026-09-15T09:00:00+0200,1840.2,MW,DK2,DK_2,actual_load,Actual Load,2026-09-19T00:49:15Z
2026-09-19T00:49:09Z,2026-09-19T02:49:09+0200,3dbfaa81-ec88-4562-ac3b-8694879c965d,2026-09-15T08:00:00Z,2026-09-15T10:00:00+0200,1951.815,MW,DK2,DK_2,actual_load,Actual Load,2026-09-19T00:49:15Z
2026-09-19T00:49:09Z,2026-09-19T02:49:09+0200,3dbfaa81-ec88-4562-ac3b-8694879c965d,2026-09-15T09:00:00Z,2026-09-15T11:00:00+0200,2062.565,MW,DK2,DK_2,actual_load,Actual Load,2026-09-19T00:49:15Z
2026-09-19T00:49:09Z,2026-09-19T02:49:09+0200,3dbfaa81-ec88-4562-ac3b-8694879c965d,2026-09-15T10:00:00Z,2026-09-15T12:00:00+0200,2092.3325,MW,DK2,DK_2,actual_load,Actual Load,2026-09-19T00:49:15Z
2026-09-19T00:49:09Z,2026-09-19T02:49:09+0200,3dbfaa81-ec88-4562-ac3b-8694879c965d,2026-09-15T11:00:00Z,2026-09-15T13:00:00+0200,2132.4175,MW,DK2,DK_2,actual_load,Actual Load,2026-09-19T00:49:15Z
2026-09-19T00:49:09Z,2026-09-19T02:49:09+0200,3dbfaa81-ec88-4562-ac3b-8694879c965d,2026-09-15T12:00:00Z,2026-09-15T14:00:00+0200,2045.5475,MW,DK2,DK_2,actual_load,Actual Load,2026-09-19T00:49:15Z
2026-09-19T00:49:09Z,2026-09-19T02:49:09+0200,3dbfaa81-ec88-4562-ac3b-8694879c965d,2026-09-15T13:00:00Z,2026-09-15T15:00:00+0200,2031.7475,MW,DK2,DK_2,actual_load,Actual Load,2026-09-19T00:49:15Z
2026-09-19T00:49:09Z,2026-09-19T02:49:09+0200,3dbfaa81-ec88-4562-ac3b-8694879c965d,2026-09-15T14:00:00Z,2026-09-15T16:00:00+0200,1903.8675,MW,DK2,DK_2,actual_load,Actual Load,2026-09-19T00:49:15Z
2026-09-19T00:49:09Z,2026-09-19T02:49:09+0200,3dbfaa81-ec88-4562-ac3b-8694879c965d,2026-09-15T15:00:00Z,2026-09-15T17:00:00+0200,1892.825,MW,DK2,DK_2,actual_load,Actual Load,2026-09-19T00:49:15Z
2026-09-19T00:49:09Z,2026-09-19T02:49:09+0200,3dbfaa81-ec88-4562-ac3b-8694879c965d,2026-09-15T16:00:00Z,2026-09-15T18:00:00+0200,1777.6075,MW,DK2,DK_2,actual_load,Actual Load,2026-09-19T00:49:15Z
2026-09-19T00:49:09Z,2026-09-19T02:49:09+0200,3dbfaa81-ec88-4562-ac3b-8694879c965d,2026-09-15T17:00:00Z,2026-09-15T19:00:00+0200,1718.9375,MW,DK2,DK_2,actual_load,Actual Load,2026-09-19T00:49:15Z
2026-09-19T00:49:09Z,2026-09-19T02:49:09+0200,3dbfaa81-ec88-4562-ac3b-8694879c965d,2026-09-15T18:00:00Z,2026-09-15T20:00:00+0200,1628.1175,MW,DK2,DK_2,actual_load,Actual Load,2026-09-19T00:49:15Z
2026-09-19T00:49:09Z,2026-09-19T02:49:09+0200,3dbfaa81-ec88-4562-ac3b-8694879c965d,2026-09-15T19:00:00Z,2026-09-15T21:00:00+0200,1528.65,MW,DK2,DK_2,actual_load,Actual Load,2026-09-19T00:49:15Z
2026-09-19T00:49:09Z,2026-09-19T02:49:09+0200,3dbfaa81-ec88-4562-ac3b-8694879c965d,2026-09-15T20:00:00Z,2026-09-15T22:00:00+0200,1477.13,MW,DK2,DK_2,actual_load,Actual Load,2026-09-19T00:49:15Z
2026-09-19T00:49:09Z,2026-09-19T02:49:09+0200,3dbfaa81-ec88-4562-ac3b-8694879c965d,2026-09-15T21:00:00Z,2026-09-15T23:00:00+0200,1371.2075,MW,DK2,DK_2,actual_load,Actual Load,2026-09-19T00:49:15Z
2026-09-19T00:49:09Z,2026-09-19T02:49:09+0200,3dbfaa81-ec88-4562-ac3b-8694879c965d,2026-09-15T22:00:00Z,2026-09-16T00:00:00+0200,1362.1475,MW,DK2,DK_2,actual_load,Actual Load,2026-09-19T00:49:15Z
2026-09-19T00:49:09Z,2026-09-19T02:49:09+0200,3dbfaa81-ec88-4562-ac3b-8694879c965d,2026-09-15T23:00:00Z,2026-09-16T01:00:00+0200,1381.3575,MW,DK2,DK_2,actual_load,Actual Load,2026-09-19T00:49:15Z
2026-09-19T00:49:09Z,2026-09-19T02:49:09+0200,3dbfaa81-ec88-4562-ac3b-8694879c965d,2026-09-16T00:00:00Z,2026-09-16T02:00:00+0200,1302.6275,MW,DK2,DK_2,actual_load,Actual Load,2026-09-19T00:49:15Z
2026-09-19T00:49:09Z,2026-09-19T02:49:09+0200,3dbfaa81-ec88-4562-ac3b-8694879c965d,2026-09-16T01:00:00Z,2026-09-16T03:00:00+0200,1278.015,MW,DK2,DK_2,actual_load,Actual Load,2026-09-19T00:49:15Z
2026-09-19T00:49:09Z,2026-09-19T02:49:09+0200,3dbfaa81-ec88-4562-ac3b-8694879c965d,2026-09-16T02:00:00Z,2026-09-16T04:00:00+0200,1211.66,MW,DK2,DK_2,actual_load,Actual Load,2026-09-19T00:49:15Z
2026-09-19T00:49:09Z,2026-09-19T02:49:09+0200,3dbfaa81-ec88-4562-ac3b-8694879c965d,2026-09-16T03:00:00Z,2026-09-16T05:00:00+0200,1258.26,MW,DK2,DK_2,actual_load,Actual Load,2026-09-19T00:49:15Z
2026-09-19T00:49:09Z,2026-09-19T02:49:09+0200,3dbfaa81-ec88-4562-ac3b-8694879c965d,2026-09-16T04:00:00Z,2026-09-16T06:00:00+0200,1446.5,MW,DK2,DK_2,actual_load,Actual Load,2026-09-19T00:49:15Z
2026-09-19T00:49:09Z,2026-09-19T02:49:09+0200,3dbfaa81-ec88-4562-ac3b-8694879c965d,2026-09-16T05:00:00Z,2026-09-16T07:00:00+0200,1635.7025,MW,DK2,DK_2,actual_load,Actual Load,2026-09-19T00:49:15Z
2026-09-19T00:49:09Z,2026-09-19T02:49:09+0200,3dbfaa81-ec88-4562-ac3b-8694879c965d,2026-09-16T06:00:00Z,2026-09-16T08:00:00+0200,1771.93,MW,DK2,DK_2,actual_load,Actual Load,2026-09-19T00:49:15Z
2026-09-19T00:49:09Z,2026-09-19T02:49:09+0200,3dbfaa81-ec88-4562-ac3b-8694879c965d,2026-09-16T07:00:00Z,2026-09-16T09:00:00+0200,1863.3175,MW,DK2,DK_2,actual_load,Actual Load,2026-09-19T00:49:15Z
2026-09-19T00:49:09Z,2026-09-19T02:49:09+0200,3dbfaa81-ec88-4562-ac3b-8694879c965d,2026-09-16T08:00:00Z,2026-09-16T10:00:00+0200,1921.6325,MW,DK2,DK_2,actual_load,Actual Load,2026-09-19T00:49:15Z
2026-09-19T00:49:09Z,2026-09-19T02:49:09+0200,3dbfaa81-ec88-4562-ac3b-8694879c965d,2026-09-16T09:00:00Z,2026-09-16T11:00:00+0200,1957.8,MW,DK2,DK_2,actual_load,Actual Load,2026-09-19T00:49:15Z
2026-09-19T00:49:09Z,2026-09-19T02:49:09+0200,3dbfaa81-ec88-4562-ac3b-8694879c965d,2026-09-16T10:00:00Z,2026-09-16T12:00:00+0200,2030.8875,MW,DK2,DK_2,actual_load,Actual Load,2026-09-19T00:49:15Z
2026-09-19T00:49:09Z,2026-09-19T02:49:09+0200,3dbfaa81-ec88-4562-ac3b-8694879c965d,2026-09-16T11:00:00Z,2026-09-16T13:00:00+0200,2166.6975,MW,DK2,DK_2,actual_load,Actual Load,2026-09-19T00:49:15Z
2026-09-19T00:49:09Z,2026-09-19T02:49:09+0200,3dbfaa81-ec88-4562-ac3b-8694879c965d,2026-09-16T12:00:00Z,2026-09-16T14:00:00+0200,2113.1675,MW,DK2,DK_2,actual_load,Actual Load,2026-09-19T00:49:15Z
2026-09-19T00:49:09Z,2026-09-19T02:49:09+0200,3dbfaa81-ec88-4562-ac3b-8694879c965d,2026-09-16T13:00:00Z,2026-09-16T15:00:00+0200,2012.395,MW,DK2,DK_2,actual_load,Actual Load,2026-09-19T00:49:15Z
2026-09-19T00:49:09Z,2026-09-19T02:49:09+0200,3dbfaa81-ec88-4562-ac3b-8694879c965d,2026-09-16T14:00:00Z,2026-09-16T16:00:00+0200,1951.8825,MW,DK2,DK_2,actual_load,Actual Load,2026-09-19T00:49:15Z
2026-09-19T00:49:09Z,2026-09-19T02:49:09+0200,3dbfaa81-ec88-4562-ac3b-8694879c965d,2026-09-16T15:00:00Z,2026-09-16T17:00:00+0200,1886.5325,MW,DK2,DK_2,actual_load,Actual Load,2026-09-19T00:49:15Z
2026-09-19T00:49:09Z,2026-09-19T02:49:09+0200,3dbfaa81-ec88-4562-ac3b-8694879c965d,2026-09-16T16:00:00Z,2026-09-16T18:00:00+0200,1737.1775,MW,DK2,DK_2,actual_load,Actual Load,2026-09-19T00:49:15Z
2026-09-19T00:49:09Z,2026-09-19T02:49:09+0200,3dbfaa81-ec88-4562-ac3b-8694879c965d,2026-09-16T17:00:00Z,2026-09-16T19:00:00+0200,1644.3625,MW,DK2,DK_2,actual_load,Actual Load,2026-09-19T00:49:15Z
2026-09-19T00:49:09Z,2026-09-19T02:49:09+0200,3dbfaa81-ec88-4562-ac3b-8694879c965d,2026-09-16T18:00:00Z,2026-09-16T20:00:00+0200,1645.7175,MW,DK2,DK_2,actual_load,Actual Load,2026-09-19T00:49:15Z
2026-09-19T00:49:09Z,2026-09-19T02:49:09+0200,3dbfaa81-ec88-4562-ac3b-8694879c965d,2026-09-16T19:00:00Z,2026-09-16T21:00:00+0200,1563.5925,MW,DK2,DK_2,actual_load,Actual Load,2026-09-19T00:49:15Z
2026-09-19T00:49:09Z,2026-09-19T02:49:09+0200,3dbfaa81-ec88-4562-ac3b-8694879c965d,2026-09-16T22:00:00Z,2026-09-17T00:00:00+0200,1340.665,MW,DK2,DK_2,actual_load,Actual Load,2026-09-19T00:49:15Z
2026-09-19T00:49:09Z,2026-09-19T02:49:09+0200,3dbfaa81-ec88-4562-ac3b-8694879c965d,2026-09-16T23:00:00Z,2026-09-17T01:00:00+0200,1345.965,MW,DK2,DK_2,actual_load,Actual Load,2026-09-19T00:49:15Z
2026-09-19T00:49:09Z,2026-09-19T02:49:09+0200,3dbfaa81-ec88-4562-ac3b-8694879c965d,2026-09-17T00:00:00Z,2026-09-17T02:00:00+0200,1238.925,MW,DK2,DK_2,actual_load,Actual Load,2026-09-19T00:49:15Z
2026-09-19T00:49:09Z,2026-09-19T02:49:09+0200,3dbfaa81-ec88-4562-ac3b-8694879c965d,2026-09-17T01:00:00Z,2026-09-17T03:00:00+0200,1272.7625,MW,DK2,DK_2,actual_load,Actual Load,2026-09-19T00:49:15Z
2026-09-19T00:49:09Z,2026-09-19T02:49:09+0200,3dbfaa81-ec88-4562-ac3b-8694879c965d,2026-09-17T02:00:00Z,2026-09-17T04:00:00+0200,1284.96,MW,DK2,DK_2,actual_load,Actual Load,2026-09-19T00:49:15Z
2026-09-19T00:49:09Z,2026-09-19T02:49:09+0200,3dbfaa81-ec88-4562-ac3b-8694879c965d,2026-09-17T03:00:00Z,2026-09-17T05:00:00+0200,1285.3125,MW,DK2,DK_2,actual_load,Actual Load,2026-09-19T00:49:15Z
2026-09-19T00:49:09Z,2026-09-19T02:49:09+0200,3dbfaa81-ec88-4562-ac3b-8694879c965d,2026-09-17T04:00:00Z,2026-09-17T06:00:00+0200,1425.9425,MW,DK2,DK_2,actual_load,Actual Load,2026-09-19T00:49:15Z
2026-09-19T00:49:09Z,2026-09-19T02:49:09+0200,3dbfaa81-ec88-4562-ac3b-8694879c965d,2026-09-17T05:00:00Z,2026-09-17T07:00:00+0200,1605.7475,MW,DK2,DK_2,actual_load,Actual Load,2026-09-19T00:49:15Z
2026-09-19T00:49:09Z,2026-09-19T02:49:09+0200,3dbfaa81-ec88-4562-ac3b-8694879c965d,2026-09-17T06:00:00Z,2026-09-17T08:00:00+0200,1733.185,MW,DK2,DK_2,actual_load,Actual Load,2026-09-19T00:49:15Z
2026-09-19T00:49:09Z,2026-09-19T02:49:09+0200,3dbfaa81-ec88-4562-ac3b-8694879c965d,2026-09-17T07:00:00Z,2026-09-17T09:00:00+0200,1807.9775,MW,DK2,DK_2,actual_load,Actual Load,2026-09-19T00:49:15Z
2026-09-19T00:49:09Z,2026-09-19T02:49:09+0200,3dbfaa81-ec88-4562-ac3b-8694879c965d,2026-09-17T08:00:00Z,2026-09-17T10:00:00+0200,1890.35,MW,DK2,DK_2,actual_load,Actual Load,2026-09-19T00:49:15Z
2026-09-19T00:49:09Z,2026-09-19T02:49:09+0200,3dbfaa81-ec88-4562-ac3b-8694879c965d,2026-09-17T09:00:00Z,2026-09-17T11:00:00+0200,1882.295,MW,DK2,DK_2,actual_load,Actual Load,2026-09-19T00:49:15Z
2026-09-19T00:49:09Z,2026-09-19T02:49:09+0200,3dbfaa81-ec88-4562-ac3b-8694879c965d,2026-09-17T10:00:00Z,2026-09-17T12:00:00+0200,1999.8825,MW,DK2,DK_2,actual_load,Actual Load,2026-09-19T00:49:15Z
2026-09-19T00:49:09Z,2026-09-19T02:49:09+0200,3dbfaa81-ec88-4562-ac3b-8694879c965d,2026-09-17T11:00:00Z,2026-09-17T13:00:00+0200,2184.065,MW,DK2,DK_2,actual_load,Actual Load,2026-09-19T00:49:15Z
2026-09-19T00:49:09Z,2026-09-19T02:49:09+0200,3dbfaa81-ec88-4562-ac3b-8694879c965d,2026-09-17T12:00:00Z,2026-09-17T14:00:00+0200,2095.3575,MW,DK2,DK_2,actual_load,Actual Load,2026-09-19T00:49:15Z
2026-09-19T00:49:09Z,2026-09-19T02:49:09+0200,3dbfaa81-ec88-4562-ac3b-8694879c965d,2026-09-17T13:00:00Z,2026-09-17T15:00:00+0200,2017.2925,MW,DK2,DK_2,actual_load,Actual Load,2026-09-19T00:49:15Z
2026-09-19T00:49:09Z,2026-09-19T02:49:09+0200,3dbfaa81-ec88-4562-ac3b-8694879c965d,2026-09-17T14:00:00Z,2026-09-17T16:00:00+0200,1960.875,MW,DK2,DK_2,actual_load,Actual Load,2026-09-19T00:49:15Z
2026-09-19T00:49:09Z,2026-09-19T02:49:09+0200,3dbfaa81-ec88-4562-ac3b-8694879c965d,2026-09-17T15:00:00Z,2026-09-17T17:00:00+0200,1944.7525,MW,DK2,DK_2,actual_load,Actual Load,2026-09-19T00:49:15Z
2026-09-19T00:49:09Z,2026-09-19T02:49:09+0200,3dbfaa81-ec88-4562-ac3b-8694879c965d,2026-09-17T16:00:00Z,2026-09-17T18:00:00+0200,1881.3075,MW,DK2,DK_2,actual_load,Actual Load,2026-09-19T00:49:15Z
2026-09-19T00:49:09Z,2026-09-19T02:49:09+0200,3dbfaa81-ec88-4562-ac3b-8694879c965d,2026-09-17T17:00:00Z,2026-09-17T19:00:00+0200,1788.505,MW,DK2,DK_2,actual_load,Actual Load,2026-09-19T00:49:15Z
2026-09-19T00:49:09Z,2026-09-19T02:49:09+0200,3dbfaa81-ec88-4562-ac3b-8694879c965d,2026-09-17T18:00:00Z,2026-09-17T20:00:00+0200,1707.3825,MW,DK2,DK_2,actual_load,Actual Load,2026-09-19T00:49:15Z
2026-09-19T00:49:09Z,2026-09-19T02:49:09+0200,3dbfaa81-ec88-4562-ac3b-8694879c965d,2026-09-17T19:00:00Z,2026-09-17T21:00:00+0200,1593.4325,MW,DK2,DK_2,actual_load,Actual Load,2026-09-19T00:49:15Z
2026-09-19T00:49:09Z,2026-09-19T02:49:09+0200,3dbfaa81-ec88-4562-ac3b-8694879c965d,2026-09-17T20:00:00Z,2026-09-17T22:00:00+0200,1485.6025,MW,DK2,DK_2,actual_load,Actual Load,2026-09-19T00:49:15Z
2026-09-19T00:49:09Z,2026-09-19T02:49:09+0200,3dbfaa81-ec88-4562-ac3b-8694879c965d,2026-09-17T21:00:00Z,2026-09-17T23:00:00+0200,1378.2125,MW,DK2,DK_2,actual_load,Actual Load,2026-09-19T00:49:15Z
2026-09-19T00:49:09Z,2026-09-19T02:49:09+0200,3dbfaa81-ec88-4562-ac3b-8694879c965d,2026-09-17T22:00:00Z,2026-09-18T00:00:00+0200,1345.5175,MW,DK2,DK_2,actual_load,Actual Load,2026-09-19T00:49:15Z
2026-09-19T00:49:09Z,2026-09-19T02:49:09+0200,3dbfaa81-ec88-4562-ac3b-8694879c965d,2026-09-17T23:00:00Z,2026-09-18T01:00:00+0200,1374.9325,MW,DK2,DK_2,actual_load,Actual Load,2026-09-19T00:49:15Z
2026-09-19T00:49:09Z,2026-09-19T02:49:09+0200,3dbfaa81-ec88-4562-ac3b-8694879c965d,2026-09-18T00:00:00Z,2026-09-18T02:00:00+0200,1357.8325,MW,DK2,DK_2,actual_load,Actual Load,2026-09-19T00:49:15Z
2026-09-19T00:49:09Z,2026-09-19T02:49:09+0200,3dbfaa81-ec88-4562-ac3b-8694879c965d,2026-09-18T01:00:00Z,2026-09-18T03:00:00+0200,1287.905,MW,DK2,DK_2,actual_load,Actual Load,2026-09-19T00:49:15Z
2026-09-19T00:49:09Z,2026-09-19T02:49:09+0200,3dbfaa81-ec88-4562-ac3b-8694879c965d,2026-09-18T02:00:00Z,2026-09-18T04:00:00+0200,1221.855,MW,DK2,DK_2,actual_load,Actual Load,2026-09-19T00:49:15Z
2026-09-19T00:49:09Z,2026-09-19T02:49:09+0200,3dbfaa81-ec88-4562-ac3b-8694879c965d,2026-09-18T03:00:00Z,2026-09-18T05:00:00+0200,1252.635,MW,DK2,DK_2,actual_load,Actual Load,2026-09-19T00:49:15Z
2026-09-19T00:49:09Z,2026-09-19T02:49:09+0200,3dbfaa81-ec88-4562-ac3b-8694879c965d,2026-09-18T04:00:00Z,2026-09-18T06:00:00+0200,1449.73,MW,DK2,DK_2,actual_load,Actual Load,2026-09-19T00:49:15Z
2026-09-19T00:49:09Z,2026-09-19T02:49:09+0200,3dbfaa81-ec88-4562-ac3b-8694879c965d,2026-09-18T05:00:00Z,2026-09-18T07:00:00+0200,1602.925,MW,DK2,DK_2,actual_load,Actual Load,2026-09-19T00:49:15Z
2026-09-19T00:49:09Z,2026-09-19T02:49:09+0200,3dbfaa81-ec88-4562-ac3b-8694879c965d,2026-09-18T06:00:00Z,2026-09-18T08:00:00+0200,1748.72,MW,DK2,DK_2,actual_load,Actual Load,2026-09-19T00:49:15Z
2026-09-19T00:49:09Z,2026-09-19T02:49:09+0200,3dbfaa81-ec88-4562-ac3b-8694879c965d,2026-09-18T07:00:00Z,2026-09-18T09:00:00+0200,1838.615,MW,DK2,DK_2,actual_load,Actual Load,2026-09-19T00:49:15Z
2026-09-19T00:49:09Z,2026-09-19T02:49:09+0200,3dbfaa81-ec88-4562-ac3b-8694879c965d,2026-09-18T08:00:00Z,2026-09-18T10:00:00+0200,1967.815,MW,DK2,DK_2,actual_load,Actual Load,2026-09-19T00:49:15Z
2026-09-19T00:49:09Z,2026-09-19T02:49:09+0200,3dbfaa81-ec88-4562-ac3b-8694879c965d,2026-09-18T09:00:00Z,2026-09-18T11:00:00+0200,2136.84,MW,DK2,DK_2,actual_load,Actual Load,2026-09-19T00:49:15Z
2026-09-19T00:49:09Z,2026-09-19T02:49:09+0200,3dbfaa81-ec88-4562-ac3b-8694879c965d,2026-09-18T10:00:00Z,2026-09-18T12:00:00+0200,2141.4375,MW,DK2,DK_2,actual_load,Actual Load,2026-09-19T00:49:15Z
2026-09-19T00:49:09Z,2026-09-19T02:49:09+0200,3dbfaa81-ec88-4562-ac3b-8694879c965d,2026-09-18T11:00:00Z,2026-09-18T13:00:00+0200,2182.84,MW,DK2,DK_2,actual_load,Actual Load,2026-09-19T00:49:15Z
2026-09-19T00:49:09Z,2026-09-19T02:49:09+0200,3dbfaa81-ec88-4562-ac3b-8694879c965d,2026-09-18T12:00:00Z,2026-09-18T14:00:00+0200,2068.7375,MW,DK2,DK_2,actual_load,Actual Load,2026-09-19T00:49:15Z
2026-09-19T00:49:09Z,2026-09-19T02:49:09+0200,3dbfaa81-ec88-4562-ac3b-8694879c965d,2026-09-18T13:00:00Z,2026-09-18T15:00:00+0200,1995.3175,MW,DK2,DK_2,actual_load,Actual Load,2026-09-19T00:49:15Z
2026-09-19T00:49:09Z,2026-09-19T02:49:09+0200,3dbfaa81-ec88-4562-ac3b-8694879c965d,2026-09-18T14:00:00Z,2026-09-18T16:00:00+0200,1986.1,MW,DK2,DK_2,actual_load,Actual Load,2026-09-19T00:49:15Z
2026-09-19T00:49:09Z,2026-09-19T02:49:09+0200,3dbfaa81-ec88-4562-ac3b-8694879c965d,2026-09-18T15:00:00Z,2026-09-18T17:00:00+0200,1905.3525,MW,DK2,DK_2,actual_load,Actual Load,2026-09-19T00:49:15Z
2026-09-19T00:49:09Z,2026-09-19T02:49:09+0200,3dbfaa81-ec88-4562-ac3b-8694879c965d,2026-09-18T16:00:00Z,2026-09-18T18:00:00+0200,1788.7525,MW,DK2,DK_2,actual_load,Actual Load,2026-09-19T00:49:15Z
2026-09-19T00:49:09Z,2026-09-19T02:49:09+0200,3dbfaa81-ec88-4562-ac3b-8694879c965d,2026-09-18T17:00:00Z,2026-09-18T19:00:00+0200,1709.7225,MW,DK2,DK_2,actual_load,Actual Load,2026-09-19T00:49:15Z
2026-09-19T00:49:09Z,2026-09-19T02:49:09+0200,3dbfaa81-ec88-4562-ac3b-8694879c965d,2026-09-18T18:00:00Z,2026-09-18T20:00:00+0200,1615.71,MW,DK2,DK_2,actual_load,Actual Load,2026-09-19T00:49:15Z
2026-09-19T00:49:09Z,2026-09-19T02:49:09+0200,3dbfaa81-ec88-4562-ac3b-8694879c965d,2026-09-18T19:00:00Z,2026-09-18T21:00:00+0200,1529.9425,MW,DK2,DK_2,actual_load,Actual Load,2026-09-19T00:49:15Z
2026-09-19T00:49:09Z,2026-09-19T02:49:09+0200,3dbfaa81-ec88-4562-ac3b-8694879c965d,2026-09-18T20:00:00Z,2026-09-18T22:00:00+0200,1435.3475,MW,DK2,DK_2,actual_load,Actual Load,2026-09-19T00:49:15Z
2026-09-19T00:49:09Z,2026-09-19T02:49:09+0200,3dbfaa81-ec88-4562-ac3b-8694879c965d,2026-09-18T21:00:00Z,2026-09-18T23:00:00+0200,1371.235,MW,DK2,DK_2,actual_load,Actual Load,2026-09-19T00:49:15Z
2026-09-19T00:49:09Z,2026-09-19T02:49:09+0200,3dbfaa81-ec88-4562-ac3b-8694879c965d,2026-09-18T22:00:00Z,2026-09-19T00:00:00+0200,1344.575,MW,DK2,DK_2,actual_load,Actual Load,2026-09-19T00:49:15Z
2026-09-19T00:49:09Z,2026-09-19T02:49:09+0200,3dbfaa81-ec88-4562-ac3b-8694879c965d,2026-09-18T23:00:00Z,2026-09-19T01:00:00+0200,1317.765,MW,DK2,DK_2,actual_load,Actual Load,2026-09-19T00:49:15Z
