collection_time_utc,collection_time_local,run_id,timestamp_utc,timestamp_local,value,unit,country,entsoe_area,variable,source,updated_at_utc
2026-09-16T23:36:39Z,2026-09-17T01:36:39+0200,5eaded66-6feb-4642-b750-b04b3ae504cf,2026-09-10T00:00:00Z,2026-09-10T02:00:00+0200,795.0,MW,DK2,DK_2,forecast_offshore_wind_generation,Wind Offshore,2026-09-16T23:39:22Z
2026-09-16T23:36:39Z,2026-09-17T01:36:39+0200,5eaded66-6feb-4642-b750-b04b3ae504cf,2026-09-10T00:15:00Z,2026-09-10T02:15:00+0200,799.0,MW,DK2,DK_2,forecast_offshore_wind_generation,Wind Offshore,2026-09-16T23:39:22Z
2026-09-16T23:36:39Z,2026-09-17T01:36:39+0200,5eaded66-6feb-4642-b750-b04b3ae504cf,2026-09-10T00:30:00Z,2026-09-10T02:30:00+0200,802.333333,MW,DK2,DK_2,forecast_offshore_wind_generation,Wind Offshore,2026-09-16T23:39:22Z
2026-09-16T23:36:39Z,2026-09-17T01:36:39+0200,5eaded66-6feb-4642-b750-b04b3ae504cf,2026-09-10T00:45:00Z,2026-09-10T02:45:00+0200,803.833333,MW,DK2,DK_2,forecast_offshore_wind_generation,Wind Offshore,2026-09-16T23:39:22Z
2026-09-16T23:36:39Z,2026-09-17T01:36:39+0200,5eaded66-6feb-4642-b750-b04b3ae504cf,2026-09-10T01:00:00Z,2026-09-10T03:00:00+0200,804.833333,MW,DK2,DK_2,forecast_offshore_wind_generation,Wind Offshore,2026-09-16T23:39:22Z
2026-09-16T23:36:39Z,2026-09-17T01:36:39+0200,5eaded66-6feb-4642-b750-b04b3ae504cf,2026-09-10T01:15:00Z,2026-09-10T03:15:00+0200,805.5,MW,DK2,DK_2,forecast_offshore_wind_generation,Wind Offshore,2026-09-16T23:39:22Z
2026-09-16T23:36:39Z,2026-09-17T01:36:39+0200,5eaded66-6feb-4642-b750-b04b3ae504cf,2026-09-10T01:30:00Z,2026-09-10T03:30:00+0200,806.0,MW,DK2,DK_2,forecast_offshore_wind_generation,Wind Offshore,2026-09-16T23:39:22Z
2026-09-16T23:36:39Z,2026-09-17T01:36:39+0200,5eaded66-6feb-4642-b750-b04b3ae504cf,2026-09-10T01:45:00Z,2026-09-10T03:45:00+0200,806.166666,MW,DK2,DK_2,forecast_offshore_wind_generation,Wind Offshore,2026-09-16T23:39:22Z
2026-09-16T23:36:39Z,2026-09-17T01:36:39+0200,5eaded66-6feb-4642-b750-b04b3ae504cf,2026-09-10T02:00:00Z,2026-09-10T04:00:00+0200,807.166666,MW,DK2,DK_2,forecast_offshore_wind_generation,Wind Offshore,2026-09-16T23:39:22Z
2026-09-16T23:36:39Z,2026-09-17T01:36:39+0200,5eaded66-6feb-4642-b750-b04b3ae504cf,2026-09-10T02:15:00Z,2026-09-10T04:15:00+0200,807.5,MW,DK2,DK_2,forecast_offshore_wind_generation,Wind Offshore,2026-09-16T23:39:22Z
2026-09-16T23:36:39Z,2026-09-17T01:36:39+0200,5eaded66-6feb-4642-b750-b04b3ae504cf,2026-09-10T02:30:00Z,2026-09-10T04:30:00+0200,806.5,MW,DK2,DK_2,forecast_offshore_wind_generation,Wind Offshore,2026-09-16T23:39:22Z
2026-09-16T23:36:39Z,2026-09-17T01:36:39+0200,5eaded66-6feb-4642-b750-b04b3ae504cf,2026-09-10T02:45:00Z,2026-09-10T04:45:00+0200,803.666666,MW,DK2,DK_2,forecast_offshore_wind_generation,Wind Offshore,2026-09-16T23:39:22Z
2026-09-16T23:36:39Z,2026-09-17T01:36:39+0200,5eaded66-6feb-4642-b750-b04b3ae504cf,2026-09-10T03:00:00Z,2026-09-10T05:00:00+0200,799.833333,MW,DK2,DK_2,forecast_offshore_wind_generation,Wind Offshore,2026-09-16T23:39:22Z
2026-09-16T23:36:39Z,2026-09-17T01:36:39+0200,5eaded66-6feb-4642-b750-b04b3ae504cf,2026-09-10T03:15:00Z,2026-09-10T05:15:00+0200,794.0,MW,DK2,DK_2,forecast_offshore_wind_generation,Wind Offshore,2026-09-16T23:39:22Z
2026-09-16T23:36:39Z,2026-09-17T01:36:39+0200,5eaded66-6feb-4642-b750-b04b3ae504cf,2026-09-10T03:30:00Z,2026-09-10T05:30:00+0200,786.666666,MW,DK2,DK_2,forecast_offshore_wind_generation,Wind Offshore,2026-09-16T23:39:22Z
2026-09-16T23:36:39Z,2026-09-17T01:36:39+0200,5eaded66-6feb-4642-b750-b04b3ae504cf,2026-09-10T03:45:00Z,2026-09-10T05:45:00+0200,778.5,MW,DK2,DK_2,forecast_offshore_wind_generation,Wind Offshore,2026-09-16T23:39:22Z
2026-09-16T23:36:39Z,2026-09-17T01:36:39+0200,5eaded66-6feb-4642-b750-b04b3ae504cf,2026-09-10T04:00:00Z,2026-09-10T06:00:00+0200,769.5,MW,DK2,DK_2,forecast_offshore_wind_generation,Wind Offshore,2026-09-16T23:39:22Z
2026-09-16T23:36:39Z,2026-09-17T01:36:39+0200,5eaded66-6feb-4642-b750-b04b3ae504cf,2026-09-10T04:15:00Z,2026-09-10T06:15:00+0200,760.0,MW,DK2,DK_2,forecast_offshore_wind_generation,Wind Offshore,2026-09-16T23:39:22Z
2026-09-16T23:36:39Z,2026-09-17T01:36:39+0200,5eaded66-6feb-4642-b750-b04b3ae504cf,2026-09-10T04:30:00Z,2026-09-10T06:30:00+0200,749.5,MW,DK2,DK_2,forecast_offshore_wind_generation,Wind Offshore,2026-09-16T23:39:22Z
2026-09-16T23:36:39Z,2026-09-17T01:36:39+0200,5eaded66-6feb-4642-b750-b04b3ae504cf,2026-09-10T04:45:00Z,2026-09-10T06:45:00+0200,739.5,MW,DK2,DK_2,forecast_offshore_wind_generation,Wind Offshore,2026-09-16T23:39:22Z
2026-09-16T23:36:39Z,2026-09-17T01:36:39+0200,5eaded66-6feb-4642-b750-b04b3ae504cf,2026-09-10T05:00:00Z,2026-09-10T07:00:00+0200,728.833333,MW,DK2,DK_2,forecast_offshore_wind_generation,Wind Offshore,2026-09-16T23:39:22Z
2026-09-16T23:36:39Z,2026-09-17T01:36:39+0200,5eaded66-6feb-4642-b750-b04b3ae504cf,2026-09-10T05:15:00Z,2026-09-10T07:15:00+0200,716.0,MW,DK2,DK_2,forecast_offshore_wind_generation,Wind Offshore,2026-09-16T23:39:22Z
2026-09-16T23:36:39Z,2026-09-17T01:36:39+0200,5eaded66-6feb-4642-b750-b04b3ae504cf,2026-09-10T05:30:00Z,2026-09-10T07:30:00+0200,703.0,MW,DK2,DK_2,forecast_offshore_wind_generation,Wind Offshore,2026-09-16T23:39:22Z
2026-09-16T23:36:39Z,2026-09-17T01:36:39+0200,5eaded66-6feb-4642-b750-b04b3ae504cf,2026-09-10T05:45:00Z,2026-09-10T07:45:00+0200,690.5,MW,DK2,DK_2,forecast_offshore_wind_generation,Wind Offshore,2026-09-16T23:39:22Z
2026-09-16T23:36:39Z,2026-09-17T01:36:39+0200,5eaded66-6feb-4642-b750-b04b3ae504cf,2026-09-10T06:00:00Z,2026-09-10T08:00:00+0200,680.333333,MW,DK2,DK_2,forecast_offshore_wind_generation,Wind Offshore,2026-09-16T23:39:22Z
2026-09-16T23:36:39Z,2026-09-17T01:36:39+0200,5eaded66-6feb-4642-b750-b04b3ae504cf,2026-09-10T06:15:00Z,2026-09-10T08:15:00+0200,670.333333,MW,DK2,DK_2,forecast_offshore_wind_generation,Wind Offshore,2026-09-16T23:39:22Z
2026-09-16T23:36:39Z,2026-09-17T01:36:39+0200,5eaded66-6feb-4642-b750-b04b3ae504cf,2026-09-10T06:30:00Z,2026-09-10T08:30:00+0200,660.5,MW,DK2,DK_2,forecast_offshore_wind_generation,Wind Offshore,2026-09-16T23:39:22Z
2026-09-16T23:36:39Z,2026-09-17T01:36:39+0200,5eaded66-6feb-4642-b750-b04b3ae504cf,2026-09-10T06:45:00Z,2026-09-10T08:45:00+0200,652.5,MW,DK2,DK_2,forecast_offshore_wind_generation,Wind Offshore,2026-09-16T23:39:22Z
2026-09-16T23:36:39Z,2026-09-17T01:36:39+0200,5eaded66-6feb-4642-b750-b04b3ae504cf,2026-09-10T07:00:00Z,2026-09-10T09:00:00+0200,646.0,MW,DK2,DK_2,forecast_offshore_wind_generation,Wind Offshore,2026-09-16T23:39:22Z
2026-09-16T23:36:39Z,2026-09-17T01:36:39+0200,5eaded66-6feb-4642-b750-b04b3ae504cf,2026-09-10T07:15:00Z,2026-09-10T09:15:00+0200,641.5,MW,DK2,DK_2,forecast_offshore_wind_generation,Wind Offshore,2026-09-16T23:39:22Z
2026-09-16T23:36:39Z,2026-09-17T01:36:39+0200,5eaded66-6feb-4642-b750-b04b3ae504cf,2026-09-10T07:30:00Z,2026-09-10T09:30:00+0200,638.0,MW,DK2,DK_2,forecast_offshore_wind_generation,Wind Offshore,2026-09-16T23:39:22Z
2026-09-16T23:36:39Z,2026-09-17T01:36:39+0200,5eaded66-6feb-4642-b750-b04b3ae504cf,2026-09-10T07:45:00Z,2026-09-10T09:45:00+0200,633.833333,MW,DK2,DK_2,forecast_offshore_wind_generation,Wind Offshore,2026-09-16T23:39:22Z
2026-09-16T23:36:39Z,2026-09-17T01:36:39+0200,5eaded66-6feb-4642-b750-b04b3ae504cf,2026-09-10T08:00:00Z,2026-09-10T10:00:00+0200,628.0,MW,DK2,DK_2,forecast_offshore_wind_generation,Wind Offshore,2026-09-16T23:39:22Z
2026-09-16T23:36:39Z,2026-09-17T01:36:39+0200,5eaded66-6feb-4642-b750-b04b3ae504cf,2026-09-10T08:15:00Z,2026-09-10T10:15:00+0200,622.833333,MW,DK2,DK_2,forecast_offshore_wind_generation,Wind Offshore,2026-09-16T23:39:22Z
2026-09-16T23:36:39Z,2026-09-17T01:36:39+0200,5eaded66-6feb-4642-b750-b04b3ae504cf,2026-09-10T08:30:00Z,2026-09-10T10:30:00+0200,617.166666,MW,DK2,DK_2,forecast_offshore_wind_generation,Wind Offshore,2026-09-16T23:39:22Z
2026-09-16T23:36:39Z,2026-09-17T01:36:39+0200,5eaded66-6feb-4642-b750-b04b3ae504cf,2026-09-10T08:45:00Z,2026-09-10T10:45:00+0200,612.0,MW,DK2,DK_2,forecast_offshore_wind_generation,Wind Offshore,2026-09-16T23:39:22Z
2026-09-16T23:36:39Z,2026-09-17T01:36:39+0200,5eaded66-6feb-4642-b750-b04b3ae504cf,2026-09-10T09:00:00Z,2026-09-10T11:00:00+0200,605.833333,MW,DK2,DK_2,forecast_offshore_wind_generation,Wind Offshore,2026-09-16T23:39:22Z
2026-09-16T23:36:39Z,2026-09-17T01:36:39+0200,5eaded66-6feb-4642-b750-b04b3ae504cf,2026-09-10T09:15:00Z,2026-09-10T11:15:00+0200,598.333333,MW,DK2,DK_2,forecast_offshore_wind_generation,Wind Offshore,2026-09-16T23:39:22Z
2026-09-16T23:36:39Z,2026-09-17T01:36:39+0200,5eaded66-6feb-4642-b750-b04b3ae504cf,2026-09-10T09:30:00Z,2026-09-10T11:30:00+0200,589.5,MW,DK2,DK_2,forecast_offshore_wind_generation,Wind Offshore,2026-09-16T23:39:22Z
2026-09-16T23:36:39Z,2026-09-17T01:36:39+0200,5eaded66-6feb-4642-b750-b04b3ae504cf,2026-09-10T09:45:00Z,2026-09-10T11:45:00+0200,581.0,MW,DK2,DK_2,forecast_offshore_wind_generation,Wind Offshore,2026-09-16T23:39:22Z
2026-09-16T23:36:39Z,2026-09-17T01:36:39+0200,5eaded66-6feb-4642-b750-b04b3ae504cf,2026-09-10T10:00:00Z,2026-09-10T12:00:00+0200,573.0,MW,DK2,DK_2,forecast_offshore_wind_generation,Wind Offshore,2026-09-16T23:39:22Z
2026-09-16T23:36:39Z,2026-09-17T01:36:39+0200,5eaded66-6feb-4642-b750-b04b3ae504cf,2026-09-10T10:15:00Z,2026-09-10T12:15:00+0200,564.5,MW,DK2,DK_2,forecast_offshore_wind_generation,Wind Offshore,2026-09-16T23:39:22Z
2026-09-16T23:36:39Z,2026-09-17T01:36:39+0200,5eaded66-6feb-4642-b750-b04b3ae504cf,2026-09-10T10:30:00Z,2026-09-10T12:30:00+0200,555.666666,MW,DK2,DK_2,forecast_offshore_wind_generation,Wind Offshore,2026-09-16T23:39:22Z
2026-09-16T23:36:39Z,2026-09-17T01:36:39+0200,5eaded66-6feb-4642-b750-b04b3ae504cf,2026-09-10T10:45:00Z,2026-09-10T12:45:00+0200,548.166666,MW,DK2,DK_2,forecast_offshore_wind_generation,Wind Offshore,2026-09-16T23:39:22Z
2026-09-16T23:36:39Z,2026-09-17T01:36:39+0200,5eaded66-6feb-4642-b750-b04b3ae504cf,2026-09-10T11:00:00Z,2026-09-10T13:00:00+0200,542.0,MW,DK2,DK_2,forecast_offshore_wind_generation,Wind Offshore,2026-09-16T23:39:22Z
2026-09-16T23:36:39Z,2026-09-17T01:36:39+0200,5eaded66-6feb-4642-b750-b04b3ae504cf,2026-09-10T11:15:00Z,2026-09-10T13:15:00+0200,536.0,MW,DK2,DK_2,forecast_offshore_wind_generation,Wind Offshore,2026-09-16T23:39:22Z
2026-09-16T23:36:39Z,2026-09-17T01:36:39+0200,5eaded66-6feb-4642-b750-b04b3ae504cf,2026-09-10T11:30:00Z,2026-09-10T13:30:00+0200,531.0,MW,DK2,DK_2,forecast_offshore_wind_generation,Wind Offshore,2026-09-16T23:39:22Z
2026-09-16T23:36:39Z,2026-09-17T01:36:39+0200,5eaded66-6feb-4642-b750-b04b3ae504cf,2026-09-10T11:45:00Z,2026-09-10T13:45:00+0200,527.0,MW,DK2,DK_2,forecast_offshore_wind_generation,Wind Offshore,2026-09-16T23:39:22Z
2026-09-16T23:36:39Z,2026-09-17T01:36:39+0200,5eaded66-6feb-4642-b750-b04b3ae504cf,2026-09-10T12:00:00Z,2026-09-10T14:00:00+0200,524.166666,MW,DK2,DK_2,forecast_offshore_wind_generation,Wind Offshore,2026-09-16T23:39:22Z
2026-09-16T23:36:39Z,2026-09-17T01:36:39+0200,5eaded66-6feb-4642-b750-b04b3ae504cf,2026-09-10T12:15:00Z,2026-09-10T14:15:00+0200,520.333333,MW,DK2,DK_2,forecast_offshore_wind_generation,Wind Offshore,2026-09-16T23:39:22Z
2026-09-16T23:36:39Z,2026-09-17T01:36:39+0200,5eaded66-6feb-4642-b750-b04b3ae504cf,2026-09-10T12:30:00Z,2026-09-10T14:30:00+0200,516.5,MW,DK2,DK_2,forecast_offshore_wind_generation,Wind Offshore,2026-09-16T23:39:22Z
2026-09-16T23:36:39Z,2026-09-17T01:36:39+0200,5eaded66-6feb-4642-b750-b04b3ae504cf,2026-09-10T12:45:00Z,2026-09-10T14:45:00+0200,512.666666,MW,DK2,DK_2,forecast_offshore_wind_generation,Wind Offshore,2026-09-16T23:39:22Z
2026-09-16T23:36:39Z,2026-09-17T01:36:39+0200,5eaded66-6feb-4642-b750-b04b3ae504cf,2026-09-10T13:00:00Z,2026-09-10T15:00:00+0200,510.5,MW,DK2,DK_2,forecast_offshore_wind_generation,Wind Offshore,2026-09-16T23:39:22Z
2026-09-16T23:36:39Z,2026-09-17T01:36:39+0200,5eaded66-6feb-4642-b750-b04b3ae504cf,2026-09-10T13:15:00Z,2026-09-10T15:15:00+0200,510.0,MW,DK2,DK_2,forecast_offshore_wind_generation,Wind Offshore,2026-09-16T23:39:22Z
2026-09-16T23:36:39Z,2026-09-17T01:36:39+0200,5eaded66-6feb-4642-b750-b04b3ae504cf,2026-09-10T13:30:00Z,2026-09-10T15:30:00+0200,510.0,MW,DK2,DK_2,forecast_offshore_wind_generation,Wind Offshore,2026-09-16T23:39:22Z
2026-09-16T23:36:39Z,2026-09-17T01:36:39+0200,5eaded66-6feb-4642-b750-b04b3ae504cf,2026-09-10T13:45:00Z,2026-09-10T15:45:00+0200,509.0,MW,DK2,DK_2,forecast_offshore_wind_generation,Wind Offshore,2026-09-16T23:39:22Z
2026-09-16T23:36:39Z,2026-09-17T01:36:39+0200,5eaded66-6feb-4642-b750-b04b3ae504cf,2026-09-10T14:00:00Z,2026-09-10T16:00:00+0200,506.333333,MW,DK2,DK_2,forecast_offshore_wind_generation,Wind Offshore,2026-09-16T23:39:22Z
2026-09-16T23:36:39Z,2026-09-17T01:36:39+0200,5eaded66-6feb-4642-b750-b04b3ae504cf,2026-09-10T14:15:00Z,2026-09-10T16:15:00+0200,502.0,MW,DK2,DK_2,forecast_offshore_wind_generation,Wind Offshore,2026-09-16T23:39:22Z
2026-09-16T23:36:39Z,2026-09-17T01:36:39+0200,5eaded66-6feb-4642-b750-b04b3ae504cf,2026-09-10T14:30:00Z,2026-09-10T16:30:00+0200,497.0,MW,DK2,DK_2,forecast_offshore_wind_generation,Wind Offshore,2026-09-16T23:39:22Z
2026-09-16T23:36:39Z,2026-09-17T01:36:39+0200,5eaded66-6feb-4642-b750-b04b3ae504cf,2026-09-10T14:45:00Z,2026-09-10T16:45:00+0200,491.833333,MW,DK2,DK_2,forecast_offshore_wind_generation,Wind Offshore,2026-09-16T23:39:22Z
2026-09-16T23:36:39Z,2026-09-17T01:36:39+0200,5eaded66-6feb-4642-b750-b04b3ae504cf,2026-09-10T15:00:00Z,2026-09-10T17:00:00+0200,485.833333,MW,DK2,DK_2,forecast_offshore_wind_generation,Wind Offshore,2026-09-16T23:39:22Z
2026-09-16T23:36:39Z,2026-09-17T01:36:39+0200,5eaded66-6feb-4642-b750-b04b3ae504cf,2026-09-10T15:15:00Z,2026-09-10T17:15:00+0200,476.0,MW,DK2,DK_2,forecast_offshore_wind_generation,Wind Offshore,2026-09-16T23:39:22Z
2026-09-16T23:36:39Z,2026-09-17T01:36:39+0200,5eaded66-6feb-4642-b750-b04b3ae504cf,2026-09-10T15:30:00Z,2026-09-10T17:30:00+0200,463.5,MW,DK2,DK_2,forecast_offshore_wind_generation,Wind Offshore,2026-09-16T23:39:22Z
2026-09-16T23:36:39Z,2026-09-17T01:36:39+0200,5eaded66-6feb-4642-b750-b04b3ae504cf,2026-09-10T15:45:00Z,2026-09-10T17:45:00+0200,449.666666,MW,DK2,DK_2,forecast_offshore_wind_generation,Wind Offshore,2026-09-16T23:39:22Z
2026-09-16T23:36:39Z,2026-09-17T01:36:39+0200,5eaded66-6feb-4642-b750-b04b3ae504cf,2026-09-10T16:00:00Z,2026-09-10T18:00:00+0200,436.5,MW,DK2,DK_2,forecast_offshore_wind_generation,Wind Offshore,2026-09-16T23:39:22Z
2026-09-16T23:36:39Z,2026-09-17T01:36:39+0200,5eaded66-6feb-4642-b750-b04b3ae504cf,2026-09-10T16:15:00Z,2026-09-10T18:15:00+0200,421.666666,MW,DK2,DK_2,forecast_offshore_wind_generation,Wind Offshore,2026-09-16T23:39:22Z
2026-09-16T23:36:39Z,2026-09-17T01:36:39+0200,5eaded66-6feb-4642-b750-b04b3ae504cf,2026-09-10T16:30:00Z,2026-09-10T18:30:00+0200,406.0,MW,DK2,DK_2,forecast_offshore_wind_generation,Wind Offshore,2026-09-16T23:39:22Z
2026-09-16T23:36:39Z,2026-09-17T01:36:39+0200,5eaded66-6feb-4642-b750-b04b3ae504cf,2026-09-10T16:45:00Z,2026-09-10T18:45:00+0200,389.5,MW,DK2,DK_2,forecast_offshore_wind_generation,Wind Offshore,2026-09-16T23:39:22Z
2026-09-16T23:36:39Z,2026-09-17T01:36:39+0200,5eaded66-6feb-4642-b750-b04b3ae504cf,2026-09-10T17:00:00Z,2026-09-10T19:00:00+0200,372.333333,MW,DK2,DK_2,forecast_offshore_wind_generation,Wind Offshore,2026-09-16T23:39:22Z
2026-09-16T23:36:39Z,2026-09-17T01:36:39+0200,5eaded66-6feb-4642-b750-b04b3ae504cf,2026-09-10T17:15:00Z,2026-09-10T19:15:00+0200,352.5,MW,DK2,DK_2,forecast_offshore_wind_generation,Wind Offshore,2026-09-16T23:39:22Z
2026-09-16T23:36:39Z,2026-09-17T01:36:39+0200,5eaded66-6feb-4642-b750-b04b3ae504cf,2026-09-10T17:30:00Z,2026-09-10T19:30:00+0200,332.166666,MW,DK2,DK_2,forecast_offshore_wind_generation,Wind Offshore,2026-09-16T23:39:22Z
2026-09-16T23:36:39Z,2026-09-17T01:36:39+0200,5eaded66-6feb-4642-b750-b04b3ae504cf,2026-09-10T17:45:00Z,2026-09-10T19:45:00+0200,316.166666,MW,DK2,DK_2,forecast_offshore_wind_generation,Wind Offshore,2026-09-16T23:39:22Z
2026-09-16T23:36:39Z,2026-09-17T01:36:39+0200,5eaded66-6feb-4642-b750-b04b3ae504cf,2026-09-10T18:00:00Z,2026-09-10T20:00:00+0200,307.0,MW,DK2,DK_2,forecast_offshore_wind_generation,Wind Offshore,2026-09-16T23:39:22Z
2026-09-16T23:36:39Z,2026-09-17T01:36:39+0200,5eaded66-6feb-4642-b750-b04b3ae504cf,2026-09-10T18:15:00Z,2026-09-10T20:15:00+0200,301.833333,MW,DK2,DK_2,forecast_offshore_wind_generation,Wind Offshore,2026-09-16T23:39:22Z
2026-09-16T23:36:39Z,2026-09-17T01:36:39+0200,5eaded66-6feb-4642-b750-b04b3ae504cf,2026-09-10T18:30:00Z,2026-09-10T20:30:00+0200,300.5,MW,DK2,DK_2,forecast_offshore_wind_generation,Wind Offshore,2026-09-16T23:39:22Z
2026-09-16T23:36:39Z,2026-09-17T01:36:39+0200,5eaded66-6feb-4642-b750-b04b3ae504cf,2026-09-10T18:45:00Z,2026-09-10T20:45:00+0200,298.5,MW,DK2,DK_2,forecast_offshore_wind_generation,Wind Offshore,2026-09-16T23:39:22Z
2026-09-16T23:36:39Z,2026-09-17T01:36:39+0200,5eaded66-6feb-4642-b750-b04b3ae504cf,2026-09-10T19:00:00Z,2026-09-10T21:00:00+0200,295.333333,MW,DK2,DK_2,forecast_offshore_wind_generation,Wind Offshore,2026-09-16T23:39:22Z
2026-09-16T23:36:39Z,2026-09-17T01:36:39+0200,5eaded66-6feb-4642-b750-b04b3ae504cf,2026-09-10T19:15:00Z,2026-09-10T21:15:00+0200,291.5,MW,DK2,DK_2,forecast_offshore_wind_generation,Wind Offshore,2026-09-16T23:39:22Z
2026-09-16T23:36:39Z,2026-09-17T01:36:39+0200,5eaded66-6feb-4642-b750-b04b3ae504cf,2026-09-10T19:30:00Z,2026-09-10T21:30:00+0200,287.666666,MW,DK2,DK_2,forecast_offshore_wind_generation,Wind Offshore,2026-09-16T23:39:22Z
2026-09-16T23:36:39Z,2026-09-17T01:36:39+0200,5eaded66-6feb-4642-b750-b04b3ae504cf,2026-09-10T19:45:00Z,2026-09-10T21:45:00+0200,283.5,MW,DK2,DK_2,forecast_offshore_wind_generation,Wind Offshore,2026-09-16T23:39:22Z
2026-09-16T23:36:39Z,2026-09-17T01:36:39+0200,5eaded66-6feb-4642-b750-b04b3ae504cf,2026-09-10T20:00:00Z,2026-09-10T22:00:00+0200,279.0,MW,DK2,DK_2,forecast_offshore_wind_generation,Wind Offshore,2026-09-16T23:39:22Z
2026-09-16T23:36:39Z,2026-09-17T01:36:39+0200,5eaded66-6feb-4642-b750-b04b3ae504cf,2026-09-10T20:15:00Z,2026-09-10T22:15:00+0200,274.0,MW,DK2,DK_2,forecast_offshore_wind_generation,Wind Offshore,2026-09-16T23:39:22Z
2026-09-16T23:36:39Z,2026-09-17T01:36:39+0200,5eaded66-6feb-4642-b750-b04b3ae504cf,2026-09-10T20:30:00Z,2026-09-10T22:30:00+0200,268.0,MW,DK2,DK_2,forecast_offshore_wind_generation,Wind Offshore,2026-09-16T23:39:22Z
2026-09-16T23:36:39Z,2026-09-17T01:36:39+0200,5eaded66-6feb-4642-b750-b04b3ae504cf,2026-09-10T20:45:00Z,2026-09-10T22:45:00+0200,262.833333,MW,DK2,DK_2,forecast_offshore_wind_generation,Wind Offshore,2026-09-16T23:39:22Z
2026-09-16T23:36:39Z,2026-09-17T01:36:39+0200,5eaded66-6feb-4642-b750-b04b3ae504cf,2026-09-10T21:00:00Z,2026-09-10T23:00:00+0200,256.833333,MW,DK2,DK_2,forecast_offshore_wind_generation,Wind Offshore,2026-09-16T23:39:22Z
2026-09-16T23:36:39Z,2026-09-17T01:36:39+0200,5eaded66-6feb-4642-b750-b04b3ae504cf,2026-09-10T21:15:00Z,2026-09-10T23:15:00+0200,248.0,MW,DK2,DK_2,forecast_offshore_wind_generation,Wind Offshore,2026-09-16T23:39:22Z
2026-09-16T23:36:39Z,2026-09-17T01:36:39+0200,5eaded66-6feb-4642-b750-b04b3ae504cf,2026-09-10T21:30:00Z,2026-09-10T23:30:00+0200,237.666666,MW,DK2,DK_2,forecast_offshore_wind_generation,Wind Offshore,2026-09-16T23:39:22Z
2026-09-16T23:36:39Z,2026-09-17T01:36:39+0200,5eaded66-6feb-4642-b750-b04b3ae504cf,2026-09-10T21:45:00Z,2026-09-10T23:45:00+0200,227.833333,MW,DK2,DK_2,forecast_offshore_wind_generation,Wind Offshore,2026-09-16T23:39:22Z
2026-09-16T23:36:39Z,2026-09-17T01:36:39+0200,5eaded66-6feb-4642-b750-b04b3ae504cf,2026-09-10T22:00:00Z,2026-09-11T00:00:00+0200,147.0,MW,DK2,DK_2,forecast_offshore_wind_generation,Wind Offshore,2026-09-16T23:39:22Z
2026-09-16T23:36:39Z,2026-09-17T01:36:39+0200,5eaded66-6feb-4642-b750-b04b3ae504cf,2026-09-10T22:15:00Z,2026-09-11T00:15:00+0200,142.666666,MW,DK2,DK_2,forecast_offshore_wind_generation,Wind Offshore,2026-09-16T23:39:22Z
2026-09-16T23:36:39Z,2026-09-17T01:36:39+0200,5eaded66-6feb-4642-b750-b04b3ae504cf,2026-09-10T22:30:00Z,2026-09-11T00:30:00+0200,140.5,MW,DK2,DK_2,forecast_offshore_wind_generation,Wind Offshore,2026-09-16T23:39:22Z
2026-09-16T23:36:39Z,2026-09-17T01:36:39+0200,5eaded66-6feb-4642-b750-b04b3ae504cf,2026-09-10T22:45:00Z,2026-09-11T00:45:00+0200,139.0,MW,DK2,DK_2,forecast_offshore_wind_generation,Wind Offshore,2026-09-16T23:39:22Z
2026-09-16T23:36:39Z,2026-09-17T01:36:39+0200,5eaded66-6feb-4642-b750-b04b3ae504cf,2026-09-10T23:00:00Z,2026-09-11T01:00:00+0200,137.0,MW,DK2,DK_2,forecast_offshore_wind_generation,Wind Offshore,2026-09-16T23:39:22Z
2026-09-16T23:36:39Z,2026-09-17T01:36:39+0200,5eaded66-6feb-4642-b750-b04b3ae504cf,2026-09-10T23:15:00Z,2026-09-11T01:15:00+0200,134.666666,MW,DK2,DK_2,forecast_offshore_wind_generation,Wind Offshore,2026-09-16T23:39:22Z
2026-09-16T23:36:39Z,2026-09-17T01:36:39+0200,5eaded66-6feb-4642-b750-b04b3ae504cf,2026-09-10T23:30:00Z,2026-09-11T01:30:00+0200,132.5,MW,DK2,DK_2,forecast_offshore_wind_generation,Wind Offshore,2026-09-16T23:39:22Z
2026-09-16T23:36:39Z,2026-09-17T01:36:39+0200,5eaded66-6feb-4642-b750-b04b3ae504cf,2026-09-10T23:45:00Z,2026-09-11T01:45:00+0200,130.333333,MW,DK2,DK_2,forecast_offshore_wind_generation,Wind Offshore,2026-09-16T23:39:22Z
2026-09-16T23:36:39Z,2026-09-17T01:36:39+0200,5eaded66-6feb-4642-b750-b04b3ae504cf,2026-09-11T00:00:00Z,2026-09-11T02:00:00+0200,126.833333,MW,DK2,DK_2,forecast_offshore_wind_generation,Wind Offshore,2026-09-16T23:39:22Z
2026-09-16T23:36:39Z,2026-09-17T01:36:39+0200,5eaded66-6feb-4642-b750-b04b3ae504cf,2026-09-11T00:15:00Z,2026-09-11T02:15:00+0200,120.5,MW,DK2,DK_2,forecast_offshore_wind_generation,Wind Offshore,2026-09-16T23:39:22Z
2026-09-16T23:36:39Z,2026-09-17T01:36:39+0200,5eaded66-6feb-4642-b750-b04b3ae504cf,2026-09-11T00:30:00Z,2026-09-11T02:30:00+0200,113.333333,MW,DK2,DK_2,forecast_offshore_wind_generation,Wind Offshore,2026-09-16T23:39:22Z
2026-09-16T23:36:39Z,2026-09-17T01:36:39+0200,5eaded66-6feb-4642-b750-b04b3ae504cf,2026-09-11T00:45:00Z,2026-09-11T02:45:00+0200,108.666666,MW,DK2,DK_2,forecast_offshore_wind_generation,Wind Offshore,2026-09-16T23:39:22Z
2026-09-16T23:36:39Z,2026-09-17T01:36:39+0200,5eaded66-6feb-4642-b750-b04b3ae504cf,2026-09-11T01:00:00Z,2026-09-11T03:00:00+0200,107.0,MW,DK2,DK_2,forecast_offshore_wind_generation,Wind Offshore,2026-09-16T23:39:22Z
2026-09-16T23:36:39Z,2026-09-17T01:36:39+0200,5eaded66-6feb-4642-b750-b04b3ae504cf,2026-09-11T01:15:00Z,2026-09-11T03:15:00+0200,107.0,MW,DK2,DK_2,forecast_offshore_wind_generation,Wind Offshore,2026-09-16T23:39:22Z
2026-09-16T23:36:39Z,2026-09-17T01:36:39+0200,5eaded66-6feb-4642-b750-b04b3ae504cf,2026-09-11T01:30:00Z,2026-09-11T03:30:00+0200,107.0,MW,DK2,DK_2,forecast_offshore_wind_generation,Wind Offshore,2026-09-16T23:39:22Z
2026-09-16T23:36:39Z,2026-09-17T01:36:39+0200,5eaded66-6feb-4642-b750-b04b3ae504cf,2026-09-11T01:45:00Z,2026-09-11T03:45:00+0200,108.0,MW,DK2,DK_2,forecast_offshore_wind_generation,Wind Offshore,2026-09-16T23:39:22Z
2026-09-16T23:36:39Z,2026-09-17T01:36:39+0200,5eaded66-6feb-4642-b750-b04b3ae504cf,2026-09-11T02:00:00Z,2026-09-11T04:00:00+0200,109.666666,MW,DK2,DK_2,forecast_offshore_wind_generation,Wind Offshore,2026-09-16T23:39:22Z
2026-09-16T23:36:39Z,2026-09-17T01:36:39+0200,5eaded66-6feb-4642-b750-b04b3ae504cf,2026-09-11T02:15:00Z,2026-09-11T04:15:00+0200,112.666666,MW,DK2,DK_2,forecast_offshore_wind_generation,Wind Offshore,2026-09-16T23:39:22Z
2026-09-16T23:36:39Z,2026-09-17T01:36:39+0200,5eaded66-6feb-4642-b750-b04b3ae504cf,2026-09-11T02:30:00Z,2026-09-11T04:30:00+0200,117.166666,MW,DK2,DK_2,forecast_offshore_wind_generation,Wind Offshore,2026-09-16T23:39:22Z
2026-09-16T23:36:39Z,2026-09-17T01:36:39+0200,5eaded66-6feb-4642-b750-b04b3ae504cf,2026-09-11T02:45:00Z,2026-09-11T04:45:00+0200,122.0,MW,DK2,DK_2,forecast_offshore_wind_generation,Wind Offshore,2026-09-16T23:39:22Z
2026-09-16T23:36:39Z,2026-09-17T01:36:39+0200,5eaded66-6feb-4642-b750-b04b3ae504cf,2026-09-11T03:00:00Z,2026-09-11T05:00:00+0200,126.5,MW,DK2,DK_2,forecast_offshore_wind_generation,Wind Offshore,2026-09-16T23:39:22Z
2026-09-16T23:36:39Z,2026-09-17T01:36:39+0200,5eaded66-6feb-4642-b750-b04b3ae504cf,2026-09-11T03:15:00Z,2026-09-11T05:15:00+0200,131.5,MW,DK2,DK_2,forecast_offshore_wind_generation,Wind Offshore,2026-09-16T23:39:22Z
2026-09-16T23:36:39Z,2026-09-17T01:36:39+0200,5eaded66-6feb-4642-b750-b04b3ae504cf,2026-09-11T03:30:00Z,2026-09-11T05:30:00+0200,136.833333,MW,DK2,DK_2,forecast_offshore_wind_generation,Wind Offshore,2026-09-16T23:39:22Z
2026-09-16T23:36:39Z,2026-09-17T01:36:39+0200,5eaded66-6feb-4642-b750-b04b3ae504cf,2026-09-11T03:45:00Z,2026-09-11T05:45:00+0200,142.0,MW,DK2,DK_2,forecast_offshore_wind_generation,Wind Offshore,2026-09-16T23:39:22Z
2026-09-16T23:36:39Z,2026-09-17T01:36:39+0200,5eaded66-6feb-4642-b750-b04b3ae504cf,2026-09-11T04:00:00Z,2026-09-11T06:00:00+0200,148.166666,MW,DK2,DK_2,forecast_offshore_wind_generation,Wind Offshore,2026-09-16T23:39:22Z
2026-09-16T23:36:39Z,2026-09-17T01:36:39+0200,5eaded66-6feb-4642-b750-b04b3ae504cf,2026-09-11T04:15:00Z,2026-09-11T06:15:00+0200,155.0,MW,DK2,DK_2,forecast_offshore_wind_generation,Wind Offshore,2026-09-16T23:39:22Z
2026-09-16T23:36:39Z,2026-09-17T01:36:39+0200,5eaded66-6feb-4642-b750-b04b3ae504cf,2026-09-11T04:30:00Z,2026-09-11T06:30:00+0200,161.0,MW,DK2,DK_2,forecast_offshore_wind_generation,Wind Offshore,2026-09-16T23:39:22Z
2026-09-16T23:36:39Z,2026-09-17T01:36:39+0200,5eaded66-6feb-4642-b750-b04b3ae504cf,2026-09-11T04:45:00Z,2026-09-11T06:45:00+0200,166.5,MW,DK2,DK_2,forecast_offshore_wind_generation,Wind Offshore,2026-09-16T23:39:22Z
2026-09-16T23:36:39Z,2026-09-17T01:36:39+0200,5eaded66-6feb-4642-b750-b04b3ae504cf,2026-09-11T05:00:00Z,2026-09-11T07:00:00+0200,172.0,MW,DK2,DK_2,forecast_offshore_wind_generation,Wind Offshore,2026-09-16T23:39:22Z
2026-09-16T23:36:39Z,2026-09-17T01:36:39+0200,5eaded66-6feb-4642-b750-b04b3ae504cf,2026-09-11T05:15:00Z,2026-09-11T07:15:00+0200,178.5,MW,DK2,DK_2,forecast_offshore_wind_generation,Wind Offshore,2026-09-16T23:39:22Z
2026-09-16T23:36:39Z,2026-09-17T01:36:39+0200,5eaded66-6feb-4642-b750-b04b3ae504cf,2026-09-11T05:30:00Z,2026-09-11T07:30:00+0200,185.0,MW,DK2,DK_2,forecast_offshore_wind_generation,Wind Offshore,2026-09-16T23:39:22Z
2026-09-16T23:36:39Z,2026-09-17T01:36:39+0200,5eaded66-6feb-4642-b750-b04b3ae504cf,2026-09-11T05:45:00Z,2026-09-11T07:45:00+0200,190.333333,MW,DK2,DK_2,forecast_offshore_wind_generation,Wind Offshore,2026-09-16T23:39:22Z
2026-09-16T23:36:39Z,2026-09-17T01:36:39+0200,5eaded66-6feb-4642-b750-b04b3ae504cf,2026-09-11T06:00:00Z,2026-09-11T08:00:00+0200,192.833333,MW,DK2,DK_2,forecast_offshore_wind_generation,Wind Offshore,2026-09-16T23:39:22Z
2026-09-16T23:36:39Z,2026-09-17T01:36:39+0200,5eaded66-6feb-4642-b750-b04b3ae504cf,2026-09-11T06:15:00Z,2026-09-11T08:15:00+0200,193.0,MW,DK2,DK_2,forecast_offshore_wind_generation,Wind Offshore,2026-09-16T23:39:22Z
2026-09-16T23:36:39Z,2026-09-17T01:36:39+0200,5eaded66-6feb-4642-b750-b04b3ae504cf,2026-09-11T06:30:00Z,2026-09-11T08:30:00+0200,193.0,MW,DK2,DK_2,forecast_offshore_wind_generation,Wind Offshore,2026-09-16T23:39:22Z
2026-09-16T23:36:39Z,2026-09-17T01:36:39+0200,5eaded66-6feb-4642-b750-b04b3ae504cf,2026-09-11T06:45:00Z,2026-09-11T08:45:00+0200,194.0,MW,DK2,DK_2,forecast_offshore_wind_generation,Wind Offshore,2026-09-16T23:39:22Z
2026-09-16T23:36:39Z,2026-09-17T01:36:39+0200,5eaded66-6feb-4642-b750-b04b3ae504cf,2026-09-11T07:00:00Z,2026-09-11T09:00:00+0200,197.5,MW,DK2,DK_2,forecast_offshore_wind_generation,Wind Offshore,2026-09-16T23:39:22Z
2026-09-16T23:36:39Z,2026-09-17T01:36:39+0200,5eaded66-6feb-4642-b750-b04b3ae504cf,2026-09-11T07:15:00Z,2026-09-11T09:15:00+0200,207.333333,MW,DK2,DK_2,forecast_offshore_wind_generation,Wind Offshore,2026-09-16T23:39:22Z
2026-09-16T23:36:39Z,2026-09-17T01:36:39+0200,5eaded66-6feb-4642-b750-b04b3ae504cf,2026-09-11T07:30:00Z,2026-09-11T09:30:00+0200,220.666666,MW,DK2,DK_2,forecast_offshore_wind_generation,Wind Offshore,2026-09-16T23:39:22Z
2026-09-16T23:36:39Z,2026-09-17T01:36:39+0200,5eaded66-6feb-4642-b750-b04b3ae504cf,2026-09-11T07:45:00Z,2026-09-11T09:45:00+0200,234.666666,MW,DK2,DK_2,forecast_offshore_wind_generation,Wind Offshore,2026-09-16T23:39:22Z
2026-09-16T23:36:39Z,2026-09-17T01:36:39+0200,5eaded66-6feb-4642-b750-b04b3ae504cf,2026-09-11T08:00:00Z,2026-09-11T10:00:00+0200,243.5,MW,DK2,DK_2,forecast_offshore_wind_generation,Wind Offshore,2026-09-16T23:39:22Z
2026-09-16T23:36:39Z,2026-09-17T01:36:39+0200,5eaded66-6feb-4642-b750-b04b3ae504cf,2026-09-11T08:15:00Z,2026-09-11T10:15:00+0200,249.833333,MW,DK2,DK_2,forecast_offshore_wind_generation,Wind Offshore,2026-09-16T23:39:22Z
2026-09-16T23:36:39Z,2026-09-17T01:36:39+0200,5eaded66-6feb-4642-b750-b04b3ae504cf,2026-09-11T08:30:00Z,2026-09-11T10:30:00+0200,254.0,MW,DK2,DK_2,forecast_offshore_wind_generation,Wind Offshore,2026-09-16T23:39:22Z
2026-09-16T23:36:39Z,2026-09-17T01:36:39+0200,5eaded66-6feb-4642-b750-b04b3ae504cf,2026-09-11T08:45:00Z,2026-09-11T10:45:00+0200,256.833333,MW,DK2,DK_2,forecast_offshore_wind_generation,Wind Offshore,2026-09-16T23:39:22Z
2026-09-16T23:36:39Z,2026-09-17T01:36:39+0200,5eaded66-6feb-4642-b750-b04b3ae504cf,2026-09-11T09:00:00Z,2026-09-11T11:00:00+0200,255.5,MW,DK2,DK_2,forecast_offshore_wind_generation,Wind Offshore,2026-09-16T23:39:22Z
2026-09-16T23:36:39Z,2026-09-17T01:36:39+0200,5eaded66-6feb-4642-b750-b04b3ae504cf,2026-09-11T09:15:00Z,2026-09-11T11:15:00+0200,250.166666,MW,DK2,DK_2,forecast_offshore_wind_generation,Wind Offshore,2026-09-16T23:39:22Z
2026-09-16T23:36:39Z,2026-09-17T01:36:39+0200,5eaded66-6feb-4642-b750-b04b3ae504cf,2026-09-11T09:30:00Z,2026-09-11T11:30:00+0200,243.166666,MW,DK2,DK_2,forecast_offshore_wind_generation,Wind Offshore,2026-09-16T23:39:22Z
2026-09-16T23:36:39Z,2026-09-17T01:36:39+0200,5eaded66-6feb-4642-b750-b04b3ae504cf,2026-09-11T09:45:00Z,2026-09-11T11:45:00+0200,237.666666,MW,DK2,DK_2,forecast_offshore_wind_generation,Wind Offshore,2026-09-16T23:39:22Z
2026-09-16T23:36:39Z,2026-09-17T01:36:39+0200,5eaded66-6feb-4642-b750-b04b3ae504cf,2026-09-11T10:00:00Z,2026-09-11T12:00:00+0200,235.166666,MW,DK2,DK_2,forecast_offshore_wind_generation,Wind Offshore,2026-09-16T23:39:22Z
2026-09-16T23:36:39Z,2026-09-17T01:36:39+0200,5eaded66-6feb-4642-b750-b04b3ae504cf,2026-09-11T10:15:00Z,2026-09-11T12:15:00+0200,235.0,MW,DK2,DK_2,forecast_offshore_wind_generation,Wind Offshore,2026-09-16T23:39:22Z
2026-09-16T23:36:39Z,2026-09-17T01:36:39+0200,5eaded66-6feb-4642-b750-b04b3ae504cf,2026-09-11T10:30:00Z,2026-09-11T12:30:00+0200,234.166666,MW,DK2,DK_2,forecast_offshore_wind_generation,Wind Offshore,2026-09-16T23:39:22Z
2026-09-16T23:36:39Z,2026-09-17T01:36:39+0200,5eaded66-6feb-4642-b750-b04b3ae504cf,2026-09-11T10:45:00Z,2026-09-11T12:45:00+0200,233.0,MW,DK2,DK_2,forecast_offshore_wind_generation,Wind Offshore,2026-09-16T23:39:22Z
2026-09-16T23:36:39Z,2026-09-17T01:36:39+0200,5eaded66-6feb-4642-b750-b04b3ae504cf,2026-09-11T11:00:00Z,2026-09-11T13:00:00+0200,229.5,MW,DK2,DK_2,forecast_offshore_wind_generation,Wind Offshore,2026-09-16T23:39:22Z
2026-09-16T23:36:39Z,2026-09-17T01:36:39+0200,5eaded66-6feb-4642-b750-b04b3ae504cf,2026-09-11T11:15:00Z,2026-09-11T13:15:00+0200,224.833333,MW,DK2,DK_2,forecast_offshore_wind_generation,Wind Offshore,2026-09-16T23:39:22Z
2026-09-16T23:36:39Z,2026-09-17T01:36:39+0200,5eaded66-6feb-4642-b750-b04b3ae504cf,2026-09-11T11:30:00Z,2026-09-11T13:30:00+0200,219.833333,MW,DK2,DK_2,forecast_offshore_wind_generation,Wind Offshore,2026-09-16T23:39:22Z
2026-09-16T23:36:39Z,2026-09-17T01:36:39+0200,5eaded66-6feb-4642-b750-b04b3ae504cf,2026-09-11T11:45:00Z,2026-09-11T13:45:00+0200,213.5,MW,DK2,DK_2,forecast_offshore_wind_generation,Wind Offshore,2026-09-16T23:39:22Z
2026-09-16T23:36:39Z,2026-09-17T01:36:39+0200,5eaded66-6feb-4642-b750-b04b3ae504cf,2026-09-11T12:00:00Z,2026-09-11T14:00:00+0200,206.166666,MW,DK2,DK_2,forecast_offshore_wind_generation,Wind Offshore,2026-09-16T23:39:22Z
2026-09-16T23:36:39Z,2026-09-17T01:36:39+0200,5eaded66-6feb-4642-b750-b04b3ae504cf,2026-09-11T12:15:00Z,2026-09-11T14:15:00+0200,195.833333,MW,DK2,DK_2,forecast_offshore_wind_generation,Wind Offshore,2026-09-16T23:39:22Z
2026-09-16T23:36:39Z,2026-09-17T01:36:39+0200,5eaded66-6feb-4642-b750-b04b3ae504cf,2026-09-11T12:30:00Z,2026-09-11T14:30:00+0200,184.166666,MW,DK2,DK_2,forecast_offshore_wind_generation,Wind Offshore,2026-09-16T23:39:22Z
2026-09-16T23:36:39Z,2026-09-17T01:36:39+0200,5eaded66-6feb-4642-b750-b04b3ae504cf,2026-09-11T12:45:00Z,2026-09-11T14:45:00+0200,174.166666,MW,DK2,DK_2,forecast_offshore_wind_generation,Wind Offshore,2026-09-16T23:39:22Z
2026-09-16T23:36:39Z,2026-09-17T01:36:39+0200,5eaded66-6feb-4642-b750-b04b3ae504cf,2026-09-11T13:00:00Z,2026-09-11T15:00:00+0200,167.666666,MW,DK2,DK_2,forecast_offshore_wind_generation,Wind Offshore,2026-09-16T23:39:22Z
2026-09-16T23:36:39Z,2026-09-17T01:36:39+0200,5eaded66-6feb-4642-b750-b04b3ae504cf,2026-09-11T13:15:00Z,2026-09-11T15:15:00+0200,166.5,MW,DK2,DK_2,forecast_offshore_wind_generation,Wind Offshore,2026-09-16T23:39:22Z
2026-09-16T23:36:39Z,2026-09-17T01:36:39+0200,5eaded66-6feb-4642-b750-b04b3ae504cf,2026-09-11T13:30:00Z,2026-09-11T15:30:00+0200,168.333333,MW,DK2,DK_2,forecast_offshore_wind_generation,Wind Offshore,2026-09-16T23:39:22Z
2026-09-16T23:36:39Z,2026-09-17T01:36:39+0200,5eaded66-6feb-4642-b750-b04b3ae504cf,2026-09-11T13:45:00Z,2026-09-11T15:45:00+0200,168.333333,MW,DK2,DK_2,forecast_offshore_wind_generation,Wind Offshore,2026-09-16T23:39:22Z
2026-09-16T23:36:39Z,2026-09-17T01:36:39+0200,5eaded66-6feb-4642-b750-b04b3ae504cf,2026-09-11T14:00:00Z,2026-09-11T16:00:00+0200,163.5,MW,DK2,DK_2,forecast_offshore_wind_generation,Wind Offshore,2026-09-16T23:39:22Z
2026-09-16T23:36:39Z,2026-09-17T01:36:39+0200,5eaded66-6feb-4642-b750-b04b3ae504cf,2026-09-11T14:15:00Z,2026-09-11T16:15:00+0200,154.5,MW,DK2,DK_2,forecast_offshore_wind_generation,Wind Offshore,2026-09-16T23:39:22Z
2026-09-16T23:36:39Z,2026-09-17T01:36:39+0200,5eaded66-6feb-4642-b750-b04b3ae504cf,2026-09-11T14:30:00Z,2026-09-11T16:30:00+0200,143.166666,MW,DK2,DK_2,forecast_offshore_wind_generation,Wind Offshore,2026-09-16T23:39:22Z
2026-09-16T23:36:39Z,2026-09-17T01:36:39+0200,5eaded66-6feb-4642-b750-b04b3ae504cf,2026-09-11T14:45:00Z,2026-09-11T16:45:00+0200,132.666666,MW,DK2,DK_2,forecast_offshore_wind_generation,Wind Offshore,2026-09-16T23:39:22Z
2026-09-16T23:36:39Z,2026-09-17T01:36:39+0200,5eaded66-6feb-4642-b750-b04b3ae504cf,2026-09-11T15:00:00Z,2026-09-11T17:00:00+0200,123.333333,MW,DK2,DK_2,forecast_offshore_wind_generation,Wind Offshore,2026-09-16T23:39:22Z
2026-09-16T23:36:39Z,2026-09-17T01:36:39+0200,5eaded66-6feb-4642-b750-b04b3ae504cf,2026-09-11T15:15:00Z,2026-09-11T17:15:00+0200,113.333333,MW,DK2,DK_2,forecast_offshore_wind_generation,Wind Offshore,2026-09-16T23:39:22Z
2026-09-16T23:36:39Z,2026-09-17T01:36:39+0200,5eaded66-6feb-4642-b750-b04b3ae504cf,2026-09-11T15:30:00Z,2026-09-11T17:30:00+0200,103.666666,MW,DK2,DK_2,forecast_offshore_wind_generation,Wind Offshore,2026-09-16T23:39:22Z
2026-09-16T23:36:39Z,2026-09-17T01:36:39+0200,5eaded66-6feb-4642-b750-b04b3ae504cf,2026-09-11T15:45:00Z,2026-09-11T17:45:00+0200,96.333333,MW,DK2,DK_2,forecast_offshore_wind_generation,Wind Offshore,2026-09-16T23:39:22Z
2026-09-16T23:36:39Z,2026-09-17T01:36:39+0200,5eaded66-6feb-4642-b750-b04b3ae504cf,2026-09-11T16:00:00Z,2026-09-11T18:00:00+0200,91.5,MW,DK2,DK_2,forecast_offshore_wind_generation,Wind Offshore,2026-09-16T23:39:22Z
2026-09-16T23:36:39Z,2026-09-17T01:36:39+0200,5eaded66-6feb-4642-b750-b04b3ae504cf,2026-09-11T16:15:00Z,2026-09-11T18:15:00+0200,85.5,MW,DK2,DK_2,forecast_offshore_wind_generation,Wind Offshore,2026-09-16T23:39:22Z
2026-09-16T23:36:39Z,2026-09-17T01:36:39+0200,5eaded66-6feb-4642-b750-b04b3ae504cf,2026-09-11T16:30:00Z,2026-09-11T18:30:00+0200,80.5,MW,DK2,DK_2,forecast_offshore_wind_generation,Wind Offshore,2026-09-16T23:39:22Z
2026-09-16T23:36:39Z,2026-09-17T01:36:39+0200,5eaded66-6feb-4642-b750-b04b3ae504cf,2026-09-11T16:45:00Z,2026-09-11T18:45:00+0200,78.5,MW,DK2,DK_2,forecast_offshore_wind_generation,Wind Offshore,2026-09-16T23:39:22Z
2026-09-16T23:36:39Z,2026-09-17T01:36:39+0200,5eaded66-6feb-4642-b750-b04b3ae504cf,2026-09-11T17:00:00Z,2026-09-11T19:00:00+0200,78.833333,MW,DK2,DK_2,forecast_offshore_wind_generation,Wind Offshore,2026-09-16T23:39:22Z
2026-09-16T23:36:39Z,2026-09-17T01:36:39+0200,5eaded66-6feb-4642-b750-b04b3ae504cf,2026-09-11T17:15:00Z,2026-09-11T19:15:00+0200,80.333333,MW,DK2,DK_2,forecast_offshore_wind_generation,Wind Offshore,2026-09-16T23:39:22Z
2026-09-16T23:36:39Z,2026-09-17T01:36:39+0200,5eaded66-6feb-4642-b750-b04b3ae504cf,2026-09-11T17:30:00Z,2026-09-11T19:30:00+0200,82.5,MW,DK2,DK_2,forecast_offshore_wind_generation,Wind Offshore,2026-09-16T23:39:22Z
2026-09-16T23:36:39Z,2026-09-17T01:36:39+0200,5eaded66-6feb-4642-b750-b04b3ae504cf,2026-09-11T17:45:00Z,2026-09-11T19:45:00+0200,85.5,MW,DK2,DK_2,forecast_offshore_wind_generation,Wind Offshore,2026-09-16T23:39:22Z
2026-09-16T23:36:39Z,2026-09-17T01:36:39+0200,5eaded66-6feb-4642-b750-b04b3ae504cf,2026-09-11T18:00:00Z,2026-09-11T20:00:00+0200,87.833333,MW,DK2,DK_2,forecast_offshore_wind_generation,Wind Offshore,2026-09-16T23:39:22Z
2026-09-16T23:36:39Z,2026-09-17T01:36:39+0200,5eaded66-6feb-4642-b750-b04b3ae504cf,2026-09-11T18:15:00Z,2026-09-11T20:15:00+0200,87.833333,MW,DK2,DK_2,forecast_offshore_wind_generation,Wind Offshore,2026-09-16T23:39:22Z
2026-09-16T23:36:39Z,2026-09-17T01:36:39+0200,5eaded66-6feb-4642-b750-b04b3ae504cf,2026-09-11T18:30:00Z,2026-09-11T20:30:00+0200,87.5,MW,DK2,DK_2,forecast_offshore_wind_generation,Wind Offshore,2026-09-16T23:39:22Z
2026-09-16T23:36:39Z,2026-09-17T01:36:39+0200,5eaded66-6feb-4642-b750-b04b3ae504cf,2026-09-11T18:45:00Z,2026-09-11T20:45:00+0200,89.666666,MW,DK2,DK_2,forecast_offshore_wind_generation,Wind Offshore,2026-09-16T23:39:22Z
2026-09-16T23:36:39Z,2026-09-17T01:36:39+0200,5eaded66-6feb-4642-b750-b04b3ae504cf,2026-09-11T19:00:00Z,2026-09-11T21:00:00+0200,93.5,MW,DK2,DK_2,forecast_offshore_wind_generation,Wind Offshore,2026-09-16T23:39:22Z
2026-09-16T23:36:39Z,2026-09-17T01:36:39+0200,5eaded66-6feb-4642-b750-b04b3ae504cf,2026-09-11T19:15:00Z,2026-09-11T21:15:00+0200,97.0,MW,DK2,DK_2,forecast_offshore_wind_generation,Wind Offshore,2026-09-16T23:39:22Z
2026-09-16T23:36:39Z,2026-09-17T01:36:39+0200,5eaded66-6feb-4642-b750-b04b3ae504cf,2026-09-11T19:30:00Z,2026-09-11T21:30:00+0200,101.166666,MW,DK2,DK_2,forecast_offshore_wind_generation,Wind Offshore,2026-09-16T23:39:22Z
2026-09-16T23:36:39Z,2026-09-17T01:36:39+0200,5eaded66-6feb-4642-b750-b04b3ae504cf,2026-09-11T19:45:00Z,2026-09-11T21:45:00+0200,107.0,MW,DK2,DK_2,forecast_offshore_wind_generation,Wind Offshore,2026-09-16T23:39:22Z
2026-09-16T23:36:39Z,2026-09-17T01:36:39+0200,5eaded66-6feb-4642-b750-b04b3ae504cf,2026-09-11T20:00:00Z,2026-09-11T22:00:00+0200,114.5,MW,DK2,DK_2,forecast_offshore_wind_generation,Wind Offshore,2026-09-16T23:39:22Z
2026-09-16T23:36:39Z,2026-09-17T01:36:39+0200,5eaded66-6feb-4642-b750-b04b3ae504cf,2026-09-11T20:15:00Z,2026-09-11T22:15:00+0200,125.0,MW,DK2,DK_2,forecast_offshore_wind_generation,Wind Offshore,2026-09-16T23:39:22Z
2026-09-16T23:36:39Z,2026-09-17T01:36:39+0200,5eaded66-6feb-4642-b750-b04b3ae504cf,2026-09-11T20:30:00Z,2026-09-11T22:30:00+0200,136.333333,MW,DK2,DK_2,forecast_offshore_wind_generation,Wind Offshore,2026-09-16T23:39:22Z
2026-09-16T23:36:39Z,2026-09-17T01:36:39+0200,5eaded66-6feb-4642-b750-b04b3ae504cf,2026-09-11T20:45:00Z,2026-09-11T22:45:00+0200,144.666666,MW,DK2,DK_2,forecast_offshore_wind_generation,Wind Offshore,2026-09-16T23:39:22Z
2026-09-16T23:36:39Z,2026-09-17T01:36:39+0200,5eaded66-6feb-4642-b750-b04b3ae504cf,2026-09-11T21:00:00Z,2026-09-11T23:00:00+0200,147.833333,MW,DK2,DK_2,forecast_offshore_wind_generation,Wind Offshore,2026-09-16T23:39:22Z
2026-09-16T23:36:39Z,2026-09-17T01:36:39+0200,5eaded66-6feb-4642-b750-b04b3ae504cf,2026-09-11T21:15:00Z,2026-09-11T23:15:00+0200,147.833333,MW,DK2,DK_2,forecast_offshore_wind_generation,Wind Offshore,2026-09-16T23:39:22Z
2026-09-16T23:36:39Z,2026-09-17T01:36:39+0200,5eaded66-6feb-4642-b750-b04b3ae504cf,2026-09-11T21:30:00Z,2026-09-11T23:30:00+0200,146.5,MW,DK2,DK_2,forecast_offshore_wind_generation,Wind Offshore,2026-09-16T23:39:22Z
2026-09-16T23:36:39Z,2026-09-17T01:36:39+0200,5eaded66-6feb-4642-b750-b04b3ae504cf,2026-09-11T21:45:00Z,2026-09-11T23:45:00+0200,145.166666,MW,DK2,DK_2,forecast_offshore_wind_generation,Wind Offshore,2026-09-16T23:39:22Z
2026-09-16T23:36:39Z,2026-09-17T01:36:39+0200,5eaded66-6feb-4642-b750-b04b3ae504cf,2026-09-11T22:00:00Z,2026-09-12T00:00:00+0200,108.166666,MW,DK2,DK_2,forecast_offshore_wind_generation,Wind Offshore,2026-09-16T23:39:22Z
2026-09-16T23:36:39Z,2026-09-17T01:36:39+0200,5eaded66-6feb-4642-b750-b04b3ae504cf,2026-09-11T22:15:00Z,2026-09-12T00:15:00+0200,112.333333,MW,DK2,DK_2,forecast_offshore_wind_generation,Wind Offshore,2026-09-16T23:39:22Z
2026-09-16T23:36:39Z,2026-09-17T01:36:39+0200,5eaded66-6feb-4642-b750-b04b3ae504cf,2026-09-11T22:30:00Z,2026-09-12T00:30:00+0200,119.666666,MW,DK2,DK_2,forecast_offshore_wind_generation,Wind Offshore,2026-09-16T23:39:22Z
2026-09-16T23:36:39Z,2026-09-17T01:36:39+0200,5eaded66-6feb-4642-b750-b04b3ae504cf,2026-09-11T22:45:00Z,2026-09-12T00:45:00+0200,127.0,MW,DK2,DK_2,forecast_offshore_wind_generation,Wind Offshore,2026-09-16T23:39:22Z
2026-09-16T23:36:39Z,2026-09-17T01:36:39+0200,5eaded66-6feb-4642-b750-b04b3ae504cf,2026-09-11T23:00:00Z,2026-09-12T01:00:00+0200,133.0,MW,DK2,DK_2,forecast_offshore_wind_generation,Wind Offshore,2026-09-16T23:39:22Z
2026-09-16T23:36:39Z,2026-09-17T01:36:39+0200,5eaded66-6feb-4642-b750-b04b3ae504cf,2026-09-11T23:15:00Z,2026-09-12T01:15:00+0200,139.166666,MW,DK2,DK_2,forecast_offshore_wind_generation,Wind Offshore,2026-09-16T23:39:22Z
2026-09-16T23:36:39Z,2026-09-17T01:36:39+0200,5eaded66-6feb-4642-b750-b04b3ae504cf,2026-09-11T23:30:00Z,2026-09-12T01:30:00+0200,146.0,MW,DK2,DK_2,forecast_offshore_wind_generation,Wind Offshore,2026-09-16T23:39:22Z
2026-09-16T23:36:39Z,2026-09-17T01:36:39+0200,5eaded66-6feb-4642-b750-b04b3ae504cf,2026-09-11T23:45:00Z,2026-09-12T01:45:00+0200,150.333333,MW,DK2,DK_2,forecast_offshore_wind_generation,Wind Offshore,2026-09-16T23:39:22Z
2026-09-16T23:36:39Z,2026-09-17T01:36:39+0200,5eaded66-6feb-4642-b750-b04b3ae504cf,2026-09-12T00:00:00Z,2026-09-12T02:00:00+0200,150.333333,MW,DK2,DK_2,forecast_offshore_wind_generation,Wind Offshore,2026-09-16T23:39:22Z
2026-09-16T23:36:39Z,2026-09-17T01:36:39+0200,5eaded66-6feb-4642-b750-b04b3ae504cf,2026-09-12T00:15:00Z,2026-09-12T02:15:00+0200,147.333333,MW,DK2,DK_2,forecast_offshore_wind_generation,Wind Offshore,2026-09-16T23:39:22Z
2026-09-16T23:36:39Z,2026-09-17T01:36:39+0200,5eaded66-6feb-4642-b750-b04b3ae504cf,2026-09-12T00:30:00Z,2026-09-12T02:30:00+0200,143.0,MW,DK2,DK_2,forecast_offshore_wind_generation,Wind Offshore,2026-09-16T23:39:22Z
2026-09-16T23:36:39Z,2026-09-17T01:36:39+0200,5eaded66-6feb-4642-b750-b04b3ae504cf,2026-09-12T00:45:00Z,2026-09-12T02:45:00+0200,139.666666,MW,DK2,DK_2,forecast_offshore_wind_generation,Wind Offshore,2026-09-16T23:39:22Z
2026-09-16T23:36:39Z,2026-09-17T01:36:39+0200,5eaded66-6feb-4642-b750-b04b3ae504cf,2026-09-12T01:00:00Z,2026-09-12T03:00:00+0200,139.0,MW,DK2,DK_2,forecast_offshore_wind_generation,Wind Offshore,2026-09-16T23:39:22Z
2026-09-16T23:36:39Z,2026-09-17T01:36:39+0200,5eaded66-6feb-4642-b750-b04b3ae504cf,2026-09-12T01:15:00Z,2026-09-12T03:15:00+0200,139.833333,MW,DK2,DK_2,forecast_offshore_wind_generation,Wind Offshore,2026-09-16T23:39:22Z
2026-09-16T23:36:39Z,2026-09-17T01:36:39+0200,5eaded66-6feb-4642-b750-b04b3ae504cf,2026-09-12T01:30:00Z,2026-09-12T03:30:00+0200,140.166666,MW,DK2,DK_2,forecast_offshore_wind_generation,Wind Offshore,2026-09-16T23:39:22Z
2026-09-16T23:36:39Z,2026-09-17T01:36:39+0200,5eaded66-6feb-4642-b750-b04b3ae504cf,2026-09-12T01:45:00Z,2026-09-12T03:45:00+0200,141.0,MW,DK2,DK_2,forecast_offshore_wind_generation,Wind Offshore,2026-09-16T23:39:22Z
2026-09-16T23:36:39Z,2026-09-17T01:36:39+0200,5eaded66-6feb-4642-b750-b04b3ae504cf,2026-09-12T02:00:00Z,2026-09-12T04:00:00+0200,141.0,MW,DK2,DK_2,forecast_offshore_wind_generation,Wind Offshore,2026-09-16T23:39:22Z
2026-09-16T23:36:39Z,2026-09-17T01:36:39+0200,5eaded66-6feb-4642-b750-b04b3ae504cf,2026-09-12T02:15:00Z,2026-09-12T04:15:00+0200,141.0,MW,DK2,DK_2,forecast_offshore_wind_generation,Wind Offshore,2026-09-16T23:39:22Z
2026-09-16T23:36:39Z,2026-09-17T01:36:39+0200,5eaded66-6feb-4642-b750-b04b3ae504cf,2026-09-12T02:30:00Z,2026-09-12T04:30:00+0200,141.166666,MW,DK2,DK_2,forecast_offshore_wind_generation,Wind Offshore,2026-09-16T23:39:22Z
2026-09-16T23:36:39Z,2026-09-17T01:36:39+0200,5eaded66-6feb-4642-b750-b04b3ae504cf,2026-09-12T02:45:00Z,2026-09-12T04:45:00+0200,140.166666,MW,DK2,DK_2,forecast_offshore_wind_generation,Wind Offshore,2026-09-16T23:39:22Z
2026-09-16T23:36:39Z,2026-09-17T01:36:39+0200,5eaded66-6feb-4642-b750-b04b3ae504cf,2026-09-12T03:00:00Z,2026-09-12T05:00:00+0200,136.666666,MW,DK2,DK_2,forecast_offshore_wind_generation,Wind Offshore,2026-09-16T23:39:22Z
2026-09-16T23:36:39Z,2026-09-17T01:36:39+0200,5eaded66-6feb-4642-b750-b04b3ae504cf,2026-09-12T03:15:00Z,2026-09-12T05:15:00+0200,132.0,MW,DK2,DK_2,forecast_offshore_wind_generation,Wind Offshore,2026-09-16T23:39:22Z
2026-09-16T23:36:39Z,2026-09-17T01:36:39+0200,5eaded66-6feb-4642-b750-b04b3ae504cf,2026-09-12T03:30:00Z,2026-09-12T05:30:00+0200,126.0,MW,DK2,DK_2,forecast_offshore_wind_generation,Wind Offshore,2026-09-16T23:39:22Z
2026-09-16T23:36:39Z,2026-09-17T01:36:39+0200,5eaded66-6feb-4642-b750-b04b3ae504cf,2026-09-12T03:45:00Z,2026-09-12T05:45:00+0200,121.5,MW,DK2,DK_2,forecast_offshore_wind_generation,Wind Offshore,2026-09-16T23:39:22Z
2026-09-16T23:36:39Z,2026-09-17T01:36:39+0200,5eaded66-6feb-4642-b750-b04b3ae504cf,2026-09-12T04:00:00Z,2026-09-12T06:00:00+0200,120.0,MW,DK2,DK_2,forecast_offshore_wind_generation,Wind Offshore,2026-09-16T23:39:22Z
2026-09-16T23:36:39Z,2026-09-17T01:36:39+0200,5eaded66-6feb-4642-b750-b04b3ae504cf,2026-09-12T04:15:00Z,2026-09-12T06:15:00+0200,121.5,MW,DK2,DK_2,forecast_offshore_wind_generation,Wind Offshore,2026-09-16T23:39:22Z
2026-09-16T23:36:39Z,2026-09-17T01:36:39+0200,5eaded66-6feb-4642-b750-b04b3ae504cf,2026-09-12T04:30:00Z,2026-09-12T06:30:00+0200,125.333333,MW,DK2,DK_2,forecast_offshore_wind_generation,Wind Offshore,2026-09-16T23:39:22Z
2026-09-16T23:36:39Z,2026-09-17T01:36:39+0200,5eaded66-6feb-4642-b750-b04b3ae504cf,2026-09-12T04:45:00Z,2026-09-12T06:45:00+0200,129.833333,MW,DK2,DK_2,forecast_offshore_wind_generation,Wind Offshore,2026-09-16T23:39:22Z
2026-09-16T23:36:39Z,2026-09-17T01:36:39+0200,5eaded66-6feb-4642-b750-b04b3ae504cf,2026-09-12T05:00:00Z,2026-09-12T07:00:00+0200,132.666666,MW,DK2,DK_2,forecast_offshore_wind_generation,Wind Offshore,2026-09-16T23:39:22Z
2026-09-16T23:36:39Z,2026-09-17T01:36:39+0200,5eaded66-6feb-4642-b750-b04b3ae504cf,2026-09-12T05:15:00Z,2026-09-12T07:15:00+0200,136.166666,MW,DK2,DK_2,forecast_offshore_wind_generation,Wind Offshore,2026-09-16T23:39:22Z
2026-09-16T23:36:39Z,2026-09-17T01:36:39+0200,5eaded66-6feb-4642-b750-b04b3ae504cf,2026-09-12T05:30:00Z,2026-09-12T07:30:00+0200,141.166666,MW,DK2,DK_2,forecast_offshore_wind_generation,Wind Offshore,2026-09-16T23:39:22Z
2026-09-16T23:36:39Z,2026-09-17T01:36:39+0200,5eaded66-6feb-4642-b750-b04b3ae504cf,2026-09-12T05:45:00Z,2026-09-12T07:45:00+0200,145.333333,MW,DK2,DK_2,forecast_offshore_wind_generation,Wind Offshore,2026-09-16T23:39:22Z
2026-09-16T23:36:39Z,2026-09-17T01:36:39+0200,5eaded66-6feb-4642-b750-b04b3ae504cf,2026-09-12T06:00:00Z,2026-09-12T08:00:00+0200,145.333333,MW,DK2,DK_2,forecast_offshore_wind_generation,Wind Offshore,2026-09-16T23:39:22Z
2026-09-16T23:36:39Z,2026-09-17T01:36:39+0200,5eaded66-6feb-4642-b750-b04b3ae504cf,2026-09-12T06:15:00Z,2026-09-12T08:15:00+0200,140.833333,MW,DK2,DK_2,forecast_offshore_wind_generation,Wind Offshore,2026-09-16T23:39:22Z
2026-09-16T23:36:39Z,2026-09-17T01:36:39+0200,5eaded66-6feb-4642-b750-b04b3ae504cf,2026-09-12T06:30:00Z,2026-09-12T08:30:00+0200,133.5,MW,DK2,DK_2,forecast_offshore_wind_generation,Wind Offshore,2026-09-16T23:39:22Z
2026-09-16T23:36:39Z,2026-09-17T01:36:39+0200,5eaded66-6feb-4642-b750-b04b3ae504cf,2026-09-12T06:45:00Z,2026-09-12T08:45:00+0200,127.833333,MW,DK2,DK_2,forecast_offshore_wind_generation,Wind Offshore,2026-09-16T23:39:22Z
2026-09-16T23:36:39Z,2026-09-17T01:36:39+0200,5eaded66-6feb-4642-b750-b04b3ae504cf,2026-09-12T07:00:00Z,2026-09-12T09:00:00+0200,127.666666,MW,DK2,DK_2,forecast_offshore_wind_generation,Wind Offshore,2026-09-16T23:39:22Z
2026-09-16T23:36:39Z,2026-09-17T01:36:39+0200,5eaded66-6feb-4642-b750-b04b3ae504cf,2026-09-12T07:15:00Z,2026-09-12T09:15:00+0200,131.166666,MW,DK2,DK_2,forecast_offshore_wind_generation,Wind Offshore,2026-09-16T23:39:22Z
2026-09-16T23:36:39Z,2026-09-17T01:36:39+0200,5eaded66-6feb-4642-b750-b04b3ae504cf,2026-09-12T07:30:00Z,2026-09-12T09:30:00+0200,137.0,MW,DK2,DK_2,forecast_offshore_wind_generation,Wind Offshore,2026-09-16T23:39:22Z
2026-09-16T23:36:39Z,2026-09-17T01:36:39+0200,5eaded66-6feb-4642-b750-b04b3ae504cf,2026-09-12T07:45:00Z,2026-09-12T09:45:00+0200,142.333333,MW,DK2,DK_2,forecast_offshore_wind_generation,Wind Offshore,2026-09-16T23:39:22Z
2026-09-16T23:36:39Z,2026-09-17T01:36:39+0200,5eaded66-6feb-4642-b750-b04b3ae504cf,2026-09-12T08:00:00Z,2026-09-12T10:00:00+0200,144.833333,MW,DK2,DK_2,forecast_offshore_wind_generation,Wind Offshore,2026-09-16T23:39:22Z
2026-09-16T23:36:39Z,2026-09-17T01:36:39+0200,5eaded66-6feb-4642-b750-b04b3ae504cf,2026-09-12T08:15:00Z,2026-09-12T10:15:00+0200,144.0,MW,DK2,DK_2,forecast_offshore_wind_generation,Wind Offshore,2026-09-16T23:39:22Z
2026-09-16T23:36:39Z,2026-09-17T01:36:39+0200,5eaded66-6feb-4642-b750-b04b3ae504cf,2026-09-12T08:30:00Z,2026-09-12T10:30:00+0200,143.0,MW,DK2,DK_2,forecast_offshore_wind_generation,Wind Offshore,2026-09-16T23:39:22Z
2026-09-16T23:36:39Z,2026-09-17T01:36:39+0200,5eaded66-6feb-4642-b750-b04b3ae504cf,2026-09-12T08:45:00Z,2026-09-12T10:45:00+0200,143.666666,MW,DK2,DK_2,forecast_offshore_wind_generation,Wind Offshore,2026-09-16T23:39:22Z
2026-09-16T23:36:39Z,2026-09-17T01:36:39+0200,5eaded66-6feb-4642-b750-b04b3ae504cf,2026-09-12T09:00:00Z,2026-09-12T11:00:00+0200,146.666666,MW,DK2,DK_2,forecast_offshore_wind_generation,Wind Offshore,2026-09-16T23:39:22Z
2026-09-16T23:36:39Z,2026-09-17T01:36:39+0200,5eaded66-6feb-4642-b750-b04b3ae504cf,2026-09-12T09:15:00Z,2026-09-12T11:15:00+0200,152.0,MW,DK2,DK_2,forecast_offshore_wind_generation,Wind Offshore,2026-09-16T23:39:22Z
2026-09-16T23:36:39Z,2026-09-17T01:36:39+0200,5eaded66-6feb-4642-b750-b04b3ae504cf,2026-09-12T09:30:00Z,2026-09-12T11:30:00+0200,159.5,MW,DK2,DK_2,forecast_offshore_wind_generation,Wind Offshore,2026-09-16T23:39:22Z
2026-09-16T23:36:39Z,2026-09-17T01:36:39+0200,5eaded66-6feb-4642-b750-b04b3ae504cf,2026-09-12T09:45:00Z,2026-09-12T11:45:00+0200,168.333333,MW,DK2,DK_2,forecast_offshore_wind_generation,Wind Offshore,2026-09-16T23:39:22Z
2026-09-16T23:36:39Z,2026-09-17T01:36:39+0200,5eaded66-6feb-4642-b750-b04b3ae504cf,2026-09-12T10:00:00Z,2026-09-12T12:00:00+0200,176.5,MW,DK2,DK_2,forecast_offshore_wind_generation,Wind Offshore,2026-09-16T23:39:22Z
2026-09-16T23:36:39Z,2026-09-17T01:36:39+0200,5eaded66-6feb-4642-b750-b04b3ae504cf,2026-09-12T10:15:00Z,2026-09-12T12:15:00+0200,187.0,MW,DK2,DK_2,forecast_offshore_wind_generation,Wind Offshore,2026-09-16T23:39:22Z
2026-09-16T23:36:39Z,2026-09-17T01:36:39+0200,5eaded66-6feb-4642-b750-b04b3ae504cf,2026-09-12T10:30:00Z,2026-09-12T12:30:00+0200,199.0,MW,DK2,DK_2,forecast_offshore_wind_generation,Wind Offshore,2026-09-16T23:39:22Z
2026-09-16T23:36:39Z,2026-09-17T01:36:39+0200,5eaded66-6feb-4642-b750-b04b3ae504cf,2026-09-12T10:45:00Z,2026-09-12T12:45:00+0200,210.0,MW,DK2,DK_2,forecast_offshore_wind_generation,Wind Offshore,2026-09-16T23:39:22Z
2026-09-16T23:36:39Z,2026-09-17T01:36:39+0200,5eaded66-6feb-4642-b750-b04b3ae504cf,2026-09-12T11:00:00Z,2026-09-12T13:00:00+0200,220.333333,MW,DK2,DK_2,forecast_offshore_wind_generation,Wind Offshore,2026-09-16T23:39:22Z
2026-09-16T23:36:39Z,2026-09-17T01:36:39+0200,5eaded66-6feb-4642-b750-b04b3ae504cf,2026-09-12T11:15:00Z,2026-09-12T13:15:00+0200,230.0,MW,DK2,DK_2,forecast_offshore_wind_generation,Wind Offshore,2026-09-16T23:39:22Z
2026-09-16T23:36:39Z,2026-09-17T01:36:39+0200,5eaded66-6feb-4642-b750-b04b3ae504cf,2026-09-12T11:30:00Z,2026-09-12T13:30:00+0200,238.833333,MW,DK2,DK_2,forecast_offshore_wind_generation,Wind Offshore,2026-09-16T23:39:22Z
2026-09-16T23:36:39Z,2026-09-17T01:36:39+0200,5eaded66-6feb-4642-b750-b04b3ae504cf,2026-09-12T11:45:00Z,2026-09-12T13:45:00+0200,244.833333,MW,DK2,DK_2,forecast_offshore_wind_generation,Wind Offshore,2026-09-16T23:39:22Z
2026-09-16T23:36:39Z,2026-09-17T01:36:39+0200,5eaded66-6feb-4642-b750-b04b3ae504cf,2026-09-12T12:00:00Z,2026-09-12T14:00:00+0200,247.5,MW,DK2,DK_2,forecast_offshore_wind_generation,Wind Offshore,2026-09-16T23:39:22Z
2026-09-16T23:36:39Z,2026-09-17T01:36:39+0200,5eaded66-6feb-4642-b750-b04b3ae504cf,2026-09-12T12:15:00Z,2026-09-12T14:15:00+0200,248.0,MW,DK2,DK_2,forecast_offshore_wind_generation,Wind Offshore,2026-09-16T23:39:22Z
2026-09-16T23:36:39Z,2026-09-17T01:36:39+0200,5eaded66-6feb-4642-b750-b04b3ae504cf,2026-09-12T12:30:00Z,2026-09-12T14:30:00+0200,247.833333,MW,DK2,DK_2,forecast_offshore_wind_generation,Wind Offshore,2026-09-16T23:39:22Z
2026-09-16T23:36:39Z,2026-09-17T01:36:39+0200,5eaded66-6feb-4642-b750-b04b3ae504cf,2026-09-12T12:45:00Z,2026-09-12T14:45:00+0200,246.5,MW,DK2,DK_2,forecast_offshore_wind_generation,Wind Offshore,2026-09-16T23:39:22Z
2026-09-16T23:36:39Z,2026-09-17T01:36:39+0200,5eaded66-6feb-4642-b750-b04b3ae504cf,2026-09-12T13:00:00Z,2026-09-12T15:00:00+0200,244.5,MW,DK2,DK_2,forecast_offshore_wind_generation,Wind Offshore,2026-09-16T23:39:22Z
2026-09-16T23:36:39Z,2026-09-17T01:36:39+0200,5eaded66-6feb-4642-b750-b04b3ae504cf,2026-09-12T13:15:00Z,2026-09-12T15:15:00+0200,240.166666,MW,DK2,DK_2,forecast_offshore_wind_generation,Wind Offshore,2026-09-16T23:39:22Z
2026-09-16T23:36:39Z,2026-09-17T01:36:39+0200,5eaded66-6feb-4642-b750-b04b3ae504cf,2026-09-12T13:30:00Z,2026-09-12T15:30:00+0200,235.5,MW,DK2,DK_2,forecast_offshore_wind_generation,Wind Offshore,2026-09-16T23:39:22Z
2026-09-16T23:36:39Z,2026-09-17T01:36:39+0200,5eaded66-6feb-4642-b750-b04b3ae504cf,2026-09-12T13:45:00Z,2026-09-12T15:45:00+0200,232.166666,MW,DK2,DK_2,forecast_offshore_wind_generation,Wind Offshore,2026-09-16T23:39:22Z
2026-09-16T23:36:39Z,2026-09-17T01:36:39+0200,5eaded66-6feb-4642-b750-b04b3ae504cf,2026-09-12T14:00:00Z,2026-09-12T16:00:00+0200,234.333333,MW,DK2,DK_2,forecast_offshore_wind_generation,Wind Offshore,2026-09-16T23:39:22Z
2026-09-16T23:36:39Z,2026-09-17T01:36:39+0200,5eaded66-6feb-4642-b750-b04b3ae504cf,2026-09-12T14:15:00Z,2026-09-12T16:15:00+0200,243.166666,MW,DK2,DK_2,forecast_offshore_wind_generation,Wind Offshore,2026-09-16T23:39:22Z
2026-09-16T23:36:39Z,2026-09-17T01:36:39+0200,5eaded66-6feb-4642-b750-b04b3ae504cf,2026-09-12T14:30:00Z,2026-09-12T16:30:00+0200,255.0,MW,DK2,DK_2,forecast_offshore_wind_generation,Wind Offshore,2026-09-16T23:39:22Z
2026-09-16T23:36:39Z,2026-09-17T01:36:39+0200,5eaded66-6feb-4642-b750-b04b3ae504cf,2026-09-12T14:45:00Z,2026-09-12T16:45:00+0200,265.166666,MW,DK2,DK_2,forecast_offshore_wind_generation,Wind Offshore,2026-09-16T23:39:22Z
2026-09-16T23:36:39Z,2026-09-17T01:36:39+0200,5eaded66-6feb-4642-b750-b04b3ae504cf,2026-09-12T15:00:00Z,2026-09-12T17:00:00+0200,269.5,MW,DK2,DK_2,forecast_offshore_wind_generation,Wind Offshore,2026-09-16T23:39:22Z
2026-09-16T23:36:39Z,2026-09-17T01:36:39+0200,5eaded66-6feb-4642-b750-b04b3ae504cf,2026-09-12T15:15:00Z,2026-09-12T17:15:00+0200,277.833333,MW,DK2,DK_2,forecast_offshore_wind_generation,Wind Offshore,2026-09-16T23:39:22Z
2026-09-16T23:36:39Z,2026-09-17T01:36:39+0200,5eaded66-6feb-4642-b750-b04b3ae504cf,2026-09-12T15:30:00Z,2026-09-12T17:30:00+0200,290.0,MW,DK2,DK_2,forecast_offshore_wind_generation,Wind Offshore,2026-09-16T23:39:22Z
2026-09-16T23:36:39Z,2026-09-17T01:36:39+0200,5eaded66-6feb-4642-b750-b04b3ae504cf,2026-09-12T15:45:00Z,2026-09-12T17:45:00+0200,301.333333,MW,DK2,DK_2,forecast_offshore_wind_generation,Wind Offshore,2026-09-16T23:39:22Z
2026-09-16T23:36:39Z,2026-09-17T01:36:39+0200,5eaded66-6feb-4642-b750-b04b3ae504cf,2026-09-12T16:00:00Z,2026-09-12T18:00:00+0200,308.833333,MW,DK2,DK_2,forecast_offshore_wind_generation,Wind Offshore,2026-09-16T23:39:22Z
2026-09-16T23:36:39Z,2026-09-17T01:36:39+0200,5eaded66-6feb-4642-b750-b04b3ae504cf,2026-09-12T16:15:00Z,2026-09-12T18:15:00+0200,312.5,MW,DK2,DK_2,forecast_offshore_wind_generation,Wind Offshore,2026-09-16T23:39:22Z
2026-09-16T23:36:39Z,2026-09-17T01:36:39+0200,5eaded66-6feb-4642-b750-b04b3ae504cf,2026-09-12T16:30:00Z,2026-09-12T18:30:00+0200,315.666666,MW,DK2,DK_2,forecast_offshore_wind_generation,Wind Offshore,2026-09-16T23:39:22Z
2026-09-16T23:36:39Z,2026-09-17T01:36:39+0200,5eaded66-6feb-4642-b750-b04b3ae504cf,2026-09-12T16:45:00Z,2026-09-12T18:45:00+0200,320.166666,MW,DK2,DK_2,forecast_offshore_wind_generation,Wind Offshore,2026-09-16T23:39:22Z
2026-09-16T23:36:39Z,2026-09-17T01:36:39+0200,5eaded66-6feb-4642-b750-b04b3ae504cf,2026-09-12T17:00:00Z,2026-09-12T19:00:00+0200,326.0,MW,DK2,DK_2,forecast_offshore_wind_generation,Wind Offshore,2026-09-16T23:39:22Z
2026-09-16T23:36:39Z,2026-09-17T01:36:39+0200,5eaded66-6feb-4642-b750-b04b3ae504cf,2026-09-12T17:15:00Z,2026-09-12T19:15:00+0200,331.5,MW,DK2,DK_2,forecast_offshore_wind_generation,Wind Offshore,2026-09-16T23:39:22Z
2026-09-16T23:36:39Z,2026-09-17T01:36:39+0200,5eaded66-6feb-4642-b750-b04b3ae504cf,2026-09-12T17:30:00Z,2026-09-12T19:30:00+0200,336.0,MW,DK2,DK_2,forecast_offshore_wind_generation,Wind Offshore,2026-09-16T23:39:22Z
2026-09-16T23:36:39Z,2026-09-17T01:36:39+0200,5eaded66-6feb-4642-b750-b04b3ae504cf,2026-09-12T17:45:00Z,2026-09-12T19:45:00+0200,339.333333,MW,DK2,DK_2,forecast_offshore_wind_generation,Wind Offshore,2026-09-16T23:39:22Z
2026-09-16T23:36:39Z,2026-09-17T01:36:39+0200,5eaded66-6feb-4642-b750-b04b3ae504cf,2026-09-12T18:00:00Z,2026-09-12T20:00:00+0200,339.666666,MW,DK2,DK_2,forecast_offshore_wind_generation,Wind Offshore,2026-09-16T23:39:22Z
2026-09-16T23:36:39Z,2026-09-17T01:36:39+0200,5eaded66-6feb-4642-b750-b04b3ae504cf,2026-09-12T18:15:00Z,2026-09-12T20:15:00+0200,340.666666,MW,DK2,DK_2,forecast_offshore_wind_generation,Wind Offshore,2026-09-16T23:39:22Z
2026-09-16T23:36:39Z,2026-09-17T01:36:39+0200,5eaded66-6feb-4642-b750-b04b3ae504cf,2026-09-12T18:30:00Z,2026-09-12T20:30:00+0200,343.5,MW,DK2,DK_2,forecast_offshore_wind_generation,Wind Offshore,2026-09-16T23:39:22Z
2026-09-16T23:36:39Z,2026-09-17T01:36:39+0200,5eaded66-6feb-4642-b750-b04b3ae504cf,2026-09-12T18:45:00Z,2026-09-12T20:45:00+0200,347.833333,MW,DK2,DK_2,forecast_offshore_wind_generation,Wind Offshore,2026-09-16T23:39:22Z
2026-09-16T23:36:39Z,2026-09-17T01:36:39+0200,5eaded66-6feb-4642-b750-b04b3ae504cf,2026-09-12T19:00:00Z,2026-09-12T21:00:00+0200,360.666666,MW,DK2,DK_2,forecast_offshore_wind_generation,Wind Offshore,2026-09-16T23:39:22Z
2026-09-16T23:36:39Z,2026-09-17T01:36:39+0200,5eaded66-6feb-4642-b750-b04b3ae504cf,2026-09-12T19:15:00Z,2026-09-12T21:15:00+0200,383.166666,MW,DK2,DK_2,forecast_offshore_wind_generation,Wind Offshore,2026-09-16T23:39:22Z
2026-09-16T23:36:39Z,2026-09-17T01:36:39+0200,5eaded66-6feb-4642-b750-b04b3ae504cf,2026-09-12T19:30:00Z,2026-09-12T21:30:00+0200,406.0,MW,DK2,DK_2,forecast_offshore_wind_generation,Wind Offshore,2026-09-16T23:39:22Z
2026-09-16T23:36:39Z,2026-09-17T01:36:39+0200,5eaded66-6feb-4642-b750-b04b3ae504cf,2026-09-12T19:45:00Z,2026-09-12T21:45:00+0200,420.833333,MW,DK2,DK_2,forecast_offshore_wind_generation,Wind Offshore,2026-09-16T23:39:22Z
2026-09-16T23:36:39Z,2026-09-17T01:36:39+0200,5eaded66-6feb-4642-b750-b04b3ae504cf,2026-09-12T20:00:00Z,2026-09-12T22:00:00+0200,423.0,MW,DK2,DK_2,forecast_offshore_wind_generation,Wind Offshore,2026-09-16T23:39:22Z
2026-09-16T23:36:39Z,2026-09-17T01:36:39+0200,5eaded66-6feb-4642-b750-b04b3ae504cf,2026-09-12T20:15:00Z,2026-09-12T22:15:00+0200,414.666666,MW,DK2,DK_2,forecast_offshore_wind_generation,Wind Offshore,2026-09-16T23:39:22Z
2026-09-16T23:36:39Z,2026-09-17T01:36:39+0200,5eaded66-6feb-4642-b750-b04b3ae504cf,2026-09-12T20:30:00Z,2026-09-12T22:30:00+0200,399.333333,MW,DK2,DK_2,forecast_offshore_wind_generation,Wind Offshore,2026-09-16T23:39:22Z
2026-09-16T23:36:39Z,2026-09-17T01:36:39+0200,5eaded66-6feb-4642-b750-b04b3ae504cf,2026-09-12T20:45:00Z,2026-09-12T22:45:00+0200,388.5,MW,DK2,DK_2,forecast_offshore_wind_generation,Wind Offshore,2026-09-16T23:39:22Z
2026-09-16T23:36:39Z,2026-09-17T01:36:39+0200,5eaded66-6feb-4642-b750-b04b3ae504cf,2026-09-12T21:00:00Z,2026-09-12T23:00:00+0200,389.166666,MW,DK2,DK_2,forecast_offshore_wind_generation,Wind Offshore,2026-09-16T23:39:22Z
2026-09-16T23:36:39Z,2026-09-17T01:36:39+0200,5eaded66-6feb-4642-b750-b04b3ae504cf,2026-09-12T21:15:00Z,2026-09-12T23:15:00+0200,397.0,MW,DK2,DK_2,forecast_offshore_wind_generation,Wind Offshore,2026-09-16T23:39:22Z
2026-09-16T23:36:39Z,2026-09-17T01:36:39+0200,5eaded66-6feb-4642-b750-b04b3ae504cf,2026-09-12T21:30:00Z,2026-09-12T23:30:00+0200,408.5,MW,DK2,DK_2,forecast_offshore_wind_generation,Wind Offshore,2026-09-16T23:39:22Z
2026-09-16T23:36:39Z,2026-09-17T01:36:39+0200,5eaded66-6feb-4642-b750-b04b3ae504cf,2026-09-12T21:45:00Z,2026-09-12T23:45:00+0200,421.0,MW,DK2,DK_2,forecast_offshore_wind_generation,Wind Offshore,2026-09-16T23:39:22Z
2026-09-16T23:36:39Z,2026-09-17T01:36:39+0200,5eaded66-6feb-4642-b750-b04b3ae504cf,2026-09-12T22:00:00Z,2026-09-13T00:00:00+0200,312.166666,MW,DK2,DK_2,forecast_offshore_wind_generation,Wind Offshore,2026-09-16T23:39:22Z
2026-09-16T23:36:39Z,2026-09-17T01:36:39+0200,5eaded66-6feb-4642-b750-b04b3ae504cf,2026-09-12T22:15:00Z,2026-09-13T00:15:00+0200,326.166666,MW,DK2,DK_2,forecast_offshore_wind_generation,Wind Offshore,2026-09-16T23:39:22Z
2026-09-16T23:36:39Z,2026-09-17T01:36:39+0200,5eaded66-6feb-4642-b750-b04b3ae504cf,2026-09-12T22:30:00Z,2026-09-13T00:30:00+0200,341.666666,MW,DK2,DK_2,forecast_offshore_wind_generation,Wind Offshore,2026-09-16T23:39:22Z
2026-09-16T23:36:39Z,2026-09-17T01:36:39+0200,5eaded66-6feb-4642-b750-b04b3ae504cf,2026-09-12T22:45:00Z,2026-09-13T00:45:00+0200,357.666666,MW,DK2,DK_2,forecast_offshore_wind_generation,Wind Offshore,2026-09-16T23:39:22Z
2026-09-16T23:36:39Z,2026-09-17T01:36:39+0200,5eaded66-6feb-4642-b750-b04b3ae504cf,2026-09-12T23:00:00Z,2026-09-13T01:00:00+0200,377.5,MW,DK2,DK_2,forecast_offshore_wind_generation,Wind Offshore,2026-09-16T23:39:22Z
2026-09-16T23:36:39Z,2026-09-17T01:36:39+0200,5eaded66-6feb-4642-b750-b04b3ae504cf,2026-09-12T23:15:00Z,2026-09-13T01:15:00+0200,408.333333,MW,DK2,DK_2,forecast_offshore_wind_generation,Wind Offshore,2026-09-16T23:39:22Z
2026-09-16T23:36:39Z,2026-09-17T01:36:39+0200,5eaded66-6feb-4642-b750-b04b3ae504cf,2026-09-12T23:30:00Z,2026-09-13T01:30:00+0200,447.166666,MW,DK2,DK_2,forecast_offshore_wind_generation,Wind Offshore,2026-09-16T23:39:22Z
2026-09-16T23:36:39Z,2026-09-17T01:36:39+0200,5eaded66-6feb-4642-b750-b04b3ae504cf,2026-09-12T23:45:00Z,2026-09-13T01:45:00+0200,487.166666,MW,DK2,DK_2,forecast_offshore_wind_generation,Wind Offshore,2026-09-16T23:39:22Z
2026-09-16T23:36:39Z,2026-09-17T01:36:39+0200,5eaded66-6feb-4642-b750-b04b3ae504cf,2026-09-13T00:00:00Z,2026-09-13T02:00:00+0200,518.833333,MW,DK2,DK_2,forecast_offshore_wind_generation,Wind Offshore,2026-09-16T23:39:22Z
2026-09-16T23:36:39Z,2026-09-17T01:36:39+0200,5eaded66-6feb-4642-b750-b04b3ae504cf,2026-09-13T00:15:00Z,2026-09-13T02:15:00+0200,552.166666,MW,DK2,DK_2,forecast_offshore_wind_generation,Wind Offshore,2026-09-16T23:39:22Z
2026-09-16T23:36:39Z,2026-09-17T01:36:39+0200,5eaded66-6feb-4642-b750-b04b3ae504cf,2026-09-13T00:30:00Z,2026-09-13T02:30:00+0200,579.833333,MW,DK2,DK_2,forecast_offshore_wind_generation,Wind Offshore,2026-09-16T23:39:22Z
2026-09-16T23:36:39Z,2026-09-17T01:36:39+0200,5eaded66-6feb-4642-b750-b04b3ae504cf,2026-09-13T00:45:00Z,2026-09-13T02:45:00+0200,601.5,MW,DK2,DK_2,forecast_offshore_wind_generation,Wind Offshore,2026-09-16T23:39:22Z
2026-09-16T23:36:39Z,2026-09-17T01:36:39+0200,5eaded66-6feb-4642-b750-b04b3ae504cf,2026-09-13T01:00:00Z,2026-09-13T03:00:00+0200,613.5,MW,DK2,DK_2,forecast_offshore_wind_generation,Wind Offshore,2026-09-16T23:39:22Z
2026-09-16T23:36:39Z,2026-09-17T01:36:39+0200,5eaded66-6feb-4642-b750-b04b3ae504cf,2026-09-13T01:15:00Z,2026-09-13T03:15:00+0200,621.5,MW,DK2,DK_2,forecast_offshore_wind_generation,Wind Offshore,2026-09-16T23:39:22Z
2026-09-16T23:36:39Z,2026-09-17T01:36:39+0200,5eaded66-6feb-4642-b750-b04b3ae504cf,2026-09-13T01:30:00Z,2026-09-13T03:30:00+0200,628.0,MW,DK2,DK_2,forecast_offshore_wind_generation,Wind Offshore,2026-09-16T23:39:22Z
2026-09-16T23:36:39Z,2026-09-17T01:36:39+0200,5eaded66-6feb-4642-b750-b04b3ae504cf,2026-09-13T01:45:00Z,2026-09-13T03:45:00+0200,633.333333,MW,DK2,DK_2,forecast_offshore_wind_generation,Wind Offshore,2026-09-16T23:39:22Z
2026-09-16T23:36:39Z,2026-09-17T01:36:39+0200,5eaded66-6feb-4642-b750-b04b3ae504cf,2026-09-13T02:00:00Z,2026-09-13T04:00:00+0200,636.333333,MW,DK2,DK_2,forecast_offshore_wind_generation,Wind Offshore,2026-09-16T23:39:22Z
2026-09-16T23:36:39Z,2026-09-17T01:36:39+0200,5eaded66-6feb-4642-b750-b04b3ae504cf,2026-09-13T02:15:00Z,2026-09-13T04:15:00+0200,637.833333,MW,DK2,DK_2,forecast_offshore_wind_generation,Wind Offshore,2026-09-16T23:39:22Z
2026-09-16T23:36:39Z,2026-09-17T01:36:39+0200,5eaded66-6feb-4642-b750-b04b3ae504cf,2026-09-13T02:30:00Z,2026-09-13T04:30:00+0200,637.333333,MW,DK2,DK_2,forecast_offshore_wind_generation,Wind Offshore,2026-09-16T23:39:22Z
2026-09-16T23:36:39Z,2026-09-17T01:36:39+0200,5eaded66-6feb-4642-b750-b04b3ae504cf,2026-09-13T02:45:00Z,2026-09-13T04:45:00+0200,631.166666,MW,DK2,DK_2,forecast_offshore_wind_generation,Wind Offshore,2026-09-16T23:39:22Z
2026-09-16T23:36:39Z,2026-09-17T01:36:39+0200,5eaded66-6feb-4642-b750-b04b3ae504cf,2026-09-13T03:00:00Z,2026-09-13T05:00:00+0200,622.333333,MW,DK2,DK_2,forecast_offshore_wind_generation,Wind Offshore,2026-09-16T23:39:22Z
2026-09-16T23:36:39Z,2026-09-17T01:36:39+0200,5eaded66-6feb-4642-b750-b04b3ae504cf,2026-09-13T03:15:00Z,2026-09-13T05:15:00+0200,611.0,MW,DK2,DK_2,forecast_offshore_wind_generation,Wind Offshore,2026-09-16T23:39:22Z
2026-09-16T23:36:39Z,2026-09-17T01:36:39+0200,5eaded66-6feb-4642-b750-b04b3ae504cf,2026-09-13T03:30:00Z,2026-09-13T05:30:00+0200,598.833333,MW,DK2,DK_2,forecast_offshore_wind_generation,Wind Offshore,2026-09-16T23:39:22Z
2026-09-16T23:36:39Z,2026-09-17T01:36:39+0200,5eaded66-6feb-4642-b750-b04b3ae504cf,2026-09-13T03:45:00Z,2026-09-13T05:45:00+0200,587.0,MW,DK2,DK_2,forecast_offshore_wind_generation,Wind Offshore,2026-09-16T23:39:22Z
2026-09-16T23:36:39Z,2026-09-17T01:36:39+0200,5eaded66-6feb-4642-b750-b04b3ae504cf,2026-09-13T04:00:00Z,2026-09-13T06:00:00+0200,577.5,MW,DK2,DK_2,forecast_offshore_wind_generation,Wind Offshore,2026-09-16T23:39:22Z
2026-09-16T23:36:39Z,2026-09-17T01:36:39+0200,5eaded66-6feb-4642-b750-b04b3ae504cf,2026-09-13T04:15:00Z,2026-09-13T06:15:00+0200,570.0,MW,DK2,DK_2,forecast_offshore_wind_generation,Wind Offshore,2026-09-16T23:39:22Z
2026-09-16T23:36:39Z,2026-09-17T01:36:39+0200,5eaded66-6feb-4642-b750-b04b3ae504cf,2026-09-13T04:30:00Z,2026-09-13T06:30:00+0200,563.5,MW,DK2,DK_2,forecast_offshore_wind_generation,Wind Offshore,2026-09-16T23:39:22Z
2026-09-16T23:36:39Z,2026-09-17T01:36:39+0200,5eaded66-6feb-4642-b750-b04b3ae504cf,2026-09-13T04:45:00Z,2026-09-13T06:45:00+0200,557.166666,MW,DK2,DK_2,forecast_offshore_wind_generation,Wind Offshore,2026-09-16T23:39:22Z
2026-09-16T23:36:39Z,2026-09-17T01:36:39+0200,5eaded66-6feb-4642-b750-b04b3ae504cf,2026-09-13T05:00:00Z,2026-09-13T07:00:00+0200,549.666666,MW,DK2,DK_2,forecast_offshore_wind_generation,Wind Offshore,2026-09-16T23:39:22Z
2026-09-16T23:36:39Z,2026-09-17T01:36:39+0200,5eaded66-6feb-4642-b750-b04b3ae504cf,2026-09-13T05:15:00Z,2026-09-13T07:15:00+0200,533.333333,MW,DK2,DK_2,forecast_offshore_wind_generation,Wind Offshore,2026-09-16T23:39:22Z
2026-09-16T23:36:39Z,2026-09-17T01:36:39+0200,5eaded66-6feb-4642-b750-b04b3ae504cf,2026-09-13T05:30:00Z,2026-09-13T07:30:00+0200,512.666666,MW,DK2,DK_2,forecast_offshore_wind_generation,Wind Offshore,2026-09-16T23:39:22Z
2026-09-16T23:36:39Z,2026-09-17T01:36:39+0200,5eaded66-6feb-4642-b750-b04b3ae504cf,2026-09-13T05:45:00Z,2026-09-13T07:45:00+0200,496.166666,MW,DK2,DK_2,forecast_offshore_wind_generation,Wind Offshore,2026-09-16T23:39:22Z
2026-09-16T23:36:39Z,2026-09-17T01:36:39+0200,5eaded66-6feb-4642-b750-b04b3ae504cf,2026-09-13T06:00:00Z,2026-09-13T08:00:00+0200,485.5,MW,DK2,DK_2,forecast_offshore_wind_generation,Wind Offshore,2026-09-16T23:39:22Z
2026-09-16T23:36:39Z,2026-09-17T01:36:39+0200,5eaded66-6feb-4642-b750-b04b3ae504cf,2026-09-13T06:15:00Z,2026-09-13T08:15:00+0200,475.666666,MW,DK2,DK_2,forecast_offshore_wind_generation,Wind Offshore,2026-09-16T23:39:22Z
2026-09-16T23:36:39Z,2026-09-17T01:36:39+0200,5eaded66-6feb-4642-b750-b04b3ae504cf,2026-09-13T06:30:00Z,2026-09-13T08:30:00+0200,465.166666,MW,DK2,DK_2,forecast_offshore_wind_generation,Wind Offshore,2026-09-16T23:39:22Z
2026-09-16T23:36:39Z,2026-09-17T01:36:39+0200,5eaded66-6feb-4642-b750-b04b3ae504cf,2026-09-13T06:45:00Z,2026-09-13T08:45:00+0200,454.0,MW,DK2,DK_2,forecast_offshore_wind_generation,Wind Offshore,2026-09-16T23:39:22Z
2026-09-16T23:36:39Z,2026-09-17T01:36:39+0200,5eaded66-6feb-4642-b750-b04b3ae504cf,2026-09-13T07:00:00Z,2026-09-13T09:00:00+0200,441.833333,MW,DK2,DK_2,forecast_offshore_wind_generation,Wind Offshore,2026-09-16T23:39:22Z
2026-09-16T23:36:39Z,2026-09-17T01:36:39+0200,5eaded66-6feb-4642-b750-b04b3ae504cf,2026-09-13T07:15:00Z,2026-09-13T09:15:00+0200,427.0,MW,DK2,DK_2,forecast_offshore_wind_generation,Wind Offshore,2026-09-16T23:39:22Z
2026-09-16T23:36:39Z,2026-09-17T01:36:39+0200,5eaded66-6feb-4642-b750-b04b3ae504cf,2026-09-13T07:30:00Z,2026-09-13T09:30:00+0200,410.0,MW,DK2,DK_2,forecast_offshore_wind_generation,Wind Offshore,2026-09-16T23:39:22Z
2026-09-16T23:36:39Z,2026-09-17T01:36:39+0200,5eaded66-6feb-4642-b750-b04b3ae504cf,2026-09-13T07:45:00Z,2026-09-13T09:45:00+0200,393.5,MW,DK2,DK_2,forecast_offshore_wind_generation,Wind Offshore,2026-09-16T23:39:22Z
2026-09-16T23:36:39Z,2026-09-17T01:36:39+0200,5eaded66-6feb-4642-b750-b04b3ae504cf,2026-09-13T08:00:00Z,2026-09-13T10:00:00+0200,377.833333,MW,DK2,DK_2,forecast_offshore_wind_generation,Wind Offshore,2026-09-16T23:39:22Z
2026-09-16T23:36:39Z,2026-09-17T01:36:39+0200,5eaded66-6feb-4642-b750-b04b3ae504cf,2026-09-13T08:15:00Z,2026-09-13T10:15:00+0200,359.833333,MW,DK2,DK_2,forecast_offshore_wind_generation,Wind Offshore,2026-09-16T23:39:22Z
2026-09-16T23:36:39Z,2026-09-17T01:36:39+0200,5eaded66-6feb-4642-b750-b04b3ae504cf,2026-09-13T08:30:00Z,2026-09-13T10:30:00+0200,340.166666,MW,DK2,DK_2,forecast_offshore_wind_generation,Wind Offshore,2026-09-16T23:39:22Z
2026-09-16T23:36:39Z,2026-09-17T01:36:39+0200,5eaded66-6feb-4642-b750-b04b3ae504cf,2026-09-13T08:45:00Z,2026-09-13T10:45:00+0200,322.333333,MW,DK2,DK_2,forecast_offshore_wind_generation,Wind Offshore,2026-09-16T23:39:22Z
2026-09-16T23:36:39Z,2026-09-17T01:36:39+0200,5eaded66-6feb-4642-b750-b04b3ae504cf,2026-09-13T09:00:00Z,2026-09-13T11:00:00+0200,308.0,MW,DK2,DK_2,forecast_offshore_wind_generation,Wind Offshore,2026-09-16T23:39:22Z
2026-09-16T23:36:39Z,2026-09-17T01:36:39+0200,5eaded66-6feb-4642-b750-b04b3ae504cf,2026-09-13T09:15:00Z,2026-09-13T11:15:00+0200,294.5,MW,DK2,DK_2,forecast_offshore_wind_generation,Wind Offshore,2026-09-16T23:39:22Z
2026-09-16T23:36:39Z,2026-09-17T01:36:39+0200,5eaded66-6feb-4642-b750-b04b3ae504cf,2026-09-13T09:30:00Z,2026-09-13T11:30:00+0200,281.166666,MW,DK2,DK_2,forecast_offshore_wind_generation,Wind Offshore,2026-09-16T23:39:22Z
2026-09-16T23:36:39Z,2026-09-17T01:36:39+0200,5eaded66-6feb-4642-b750-b04b3ae504cf,2026-09-13T09:45:00Z,2026-09-13T11:45:00+0200,270.0,MW,DK2,DK_2,forecast_offshore_wind_generation,Wind Offshore,2026-09-16T23:39:22Z
2026-09-16T23:36:39Z,2026-09-17T01:36:39+0200,5eaded66-6feb-4642-b750-b04b3ae504cf,2026-09-13T10:00:00Z,2026-09-13T12:00:00+0200,260.666666,MW,DK2,DK_2,forecast_offshore_wind_generation,Wind Offshore,2026-09-16T23:39:22Z
2026-09-16T23:36:39Z,2026-09-17T01:36:39+0200,5eaded66-6feb-4642-b750-b04b3ae504cf,2026-09-13T10:15:00Z,2026-09-13T12:15:00+0200,252.5,MW,DK2,DK_2,forecast_offshore_wind_generation,Wind Offshore,2026-09-16T23:39:22Z
2026-09-16T23:36:39Z,2026-09-17T01:36:39+0200,5eaded66-6feb-4642-b750-b04b3ae504cf,2026-09-13T10:30:00Z,2026-09-13T12:30:00+0200,244.5,MW,DK2,DK_2,forecast_offshore_wind_generation,Wind Offshore,2026-09-16T23:39:22Z
2026-09-16T23:36:39Z,2026-09-17T01:36:39+0200,5eaded66-6feb-4642-b750-b04b3ae504cf,2026-09-13T10:45:00Z,2026-09-13T12:45:00+0200,237.5,MW,DK2,DK_2,forecast_offshore_wind_generation,Wind Offshore,2026-09-16T23:39:22Z
2026-09-16T23:36:39Z,2026-09-17T01:36:39+0200,5eaded66-6feb-4642-b750-b04b3ae504cf,2026-09-13T11:00:00Z,2026-09-13T13:00:00+0200,230.5,MW,DK2,DK_2,forecast_offshore_wind_generation,Wind Offshore,2026-09-16T23:39:22Z
2026-09-16T23:36:39Z,2026-09-17T01:36:39+0200,5eaded66-6feb-4642-b750-b04b3ae504cf,2026-09-13T11:15:00Z,2026-09-13T13:15:00+0200,221.666666,MW,DK2,DK_2,forecast_offshore_wind_generation,Wind Offshore,2026-09-16T23:39:22Z
2026-09-16T23:36:39Z,2026-09-17T01:36:39+0200,5eaded66-6feb-4642-b750-b04b3ae504cf,2026-09-13T11:30:00Z,2026-09-13T13:30:00+0200,211.666666,MW,DK2,DK_2,forecast_offshore_wind_generation,Wind Offshore,2026-09-16T23:39:22Z
2026-09-16T23:36:39Z,2026-09-17T01:36:39+0200,5eaded66-6feb-4642-b750-b04b3ae504cf,2026-09-13T11:45:00Z,2026-09-13T13:45:00+0200,203.166666,MW,DK2,DK_2,forecast_offshore_wind_generation,Wind Offshore,2026-09-16T23:39:22Z
2026-09-16T23:36:39Z,2026-09-17T01:36:39+0200,5eaded66-6feb-4642-b750-b04b3ae504cf,2026-09-13T12:00:00Z,2026-09-13T14:00:00+0200,197.0,MW,DK2,DK_2,forecast_offshore_wind_generation,Wind Offshore,2026-09-16T23:39:22Z
2026-09-16T23:36:39Z,2026-09-17T01:36:39+0200,5eaded66-6feb-4642-b750-b04b3ae504cf,2026-09-13T12:15:00Z,2026-09-13T14:15:00+0200,191.166666,MW,DK2,DK_2,forecast_offshore_wind_generation,Wind Offshore,2026-09-16T23:39:22Z
2026-09-16T23:36:39Z,2026-09-17T01:36:39+0200,5eaded66-6feb-4642-b750-b04b3ae504cf,2026-09-13T12:30:00Z,2026-09-13T14:30:00+0200,186.166666,MW,DK2,DK_2,forecast_offshore_wind_generation,Wind Offshore,2026-09-16T23:39:22Z
2026-09-16T23:36:39Z,2026-09-17T01:36:39+0200,5eaded66-6feb-4642-b750-b04b3ae504cf,2026-09-13T12:45:00Z,2026-09-13T14:45:00+0200,181.666666,MW,DK2,DK_2,forecast_offshore_wind_generation,Wind Offshore,2026-09-16T23:39:22Z
2026-09-16T23:36:39Z,2026-09-17T01:36:39+0200,5eaded66-6feb-4642-b750-b04b3ae504cf,2026-09-13T13:00:00Z,2026-09-13T15:00:00+0200,177.833333,MW,DK2,DK_2,forecast_offshore_wind_generation,Wind Offshore,2026-09-16T23:39:22Z
2026-09-16T23:36:39Z,2026-09-17T01:36:39+0200,5eaded66-6feb-4642-b750-b04b3ae504cf,2026-09-13T13:15:00Z,2026-09-13T15:15:00+0200,171.166666,MW,DK2,DK_2,forecast_offshore_wind_generation,Wind Offshore,2026-09-16T23:39:22Z
2026-09-16T23:36:39Z,2026-09-17T01:36:39+0200,5eaded66-6feb-4642-b750-b04b3ae504cf,2026-09-13T13:30:00Z,2026-09-13T15:30:00+0200,166.0,MW,DK2,DK_2,forecast_offshore_wind_generation,Wind Offshore,2026-09-16T23:39:22Z
2026-09-16T23:36:39Z,2026-09-17T01:36:39+0200,5eaded66-6feb-4642-b750-b04b3ae504cf,2026-09-13T13:45:00Z,2026-09-13T15:45:00+0200,162.166666,MW,DK2,DK_2,forecast_offshore_wind_generation,Wind Offshore,2026-09-16T23:39:22Z
2026-09-16T23:36:39Z,2026-09-17T01:36:39+0200,5eaded66-6feb-4642-b750-b04b3ae504cf,2026-09-13T14:00:00Z,2026-09-13T16:00:00+0200,161.166666,MW,DK2,DK_2,forecast_offshore_wind_generation,Wind Offshore,2026-09-16T23:39:22Z
2026-09-16T23:36:39Z,2026-09-17T01:36:39+0200,5eaded66-6feb-4642-b750-b04b3ae504cf,2026-09-13T14:15:00Z,2026-09-13T16:15:00+0200,162.666666,MW,DK2,DK_2,forecast_offshore_wind_generation,Wind Offshore,2026-09-16T23:39:22Z
2026-09-16T23:36:39Z,2026-09-17T01:36:39+0200,5eaded66-6feb-4642-b750-b04b3ae504cf,2026-09-13T14:30:00Z,2026-09-13T16:30:00+0200,165.5,MW,DK2,DK_2,forecast_offshore_wind_generation,Wind Offshore,2026-09-16T23:39:22Z
2026-09-16T23:36:39Z,2026-09-17T01:36:39+0200,5eaded66-6feb-4642-b750-b04b3ae504cf,2026-09-13T14:45:00Z,2026-09-13T16:45:00+0200,168.333333,MW,DK2,DK_2,forecast_offshore_wind_generation,Wind Offshore,2026-09-16T23:39:22Z
2026-09-16T23:36:39Z,2026-09-17T01:36:39+0200,5eaded66-6feb-4642-b750-b04b3ae504cf,2026-09-13T15:00:00Z,2026-09-13T17:00:00+0200,169.833333,MW,DK2,DK_2,forecast_offshore_wind_generation,Wind Offshore,2026-09-16T23:39:22Z
2026-09-16T23:36:39Z,2026-09-17T01:36:39+0200,5eaded66-6feb-4642-b750-b04b3ae504cf,2026-09-13T15:15:00Z,2026-09-13T17:15:00+0200,171.0,MW,DK2,DK_2,forecast_offshore_wind_generation,Wind Offshore,2026-09-16T23:39:22Z
2026-09-16T23:36:39Z,2026-09-17T01:36:39+0200,5eaded66-6feb-4642-b750-b04b3ae504cf,2026-09-13T15:30:00Z,2026-09-13T17:30:00+0200,173.333333,MW,DK2,DK_2,forecast_offshore_wind_generation,Wind Offshore,2026-09-16T23:39:22Z
2026-09-16T23:36:39Z,2026-09-17T01:36:39+0200,5eaded66-6feb-4642-b750-b04b3ae504cf,2026-09-13T15:45:00Z,2026-09-13T17:45:00+0200,175.0,MW,DK2,DK_2,forecast_offshore_wind_generation,Wind Offshore,2026-09-16T23:39:22Z
2026-09-16T23:36:39Z,2026-09-17T01:36:39+0200,5eaded66-6feb-4642-b750-b04b3ae504cf,2026-09-13T16:00:00Z,2026-09-13T18:00:00+0200,176.5,MW,DK2,DK_2,forecast_offshore_wind_generation,Wind Offshore,2026-09-16T23:39:22Z
2026-09-16T23:36:39Z,2026-09-17T01:36:39+0200,5eaded66-6feb-4642-b750-b04b3ae504cf,2026-09-13T16:15:00Z,2026-09-13T18:15:00+0200,177.666666,MW,DK2,DK_2,forecast_offshore_wind_generation,Wind Offshore,2026-09-16T23:39:22Z
2026-09-16T23:36:39Z,2026-09-17T01:36:39+0200,5eaded66-6feb-4642-b750-b04b3ae504cf,2026-09-13T16:30:00Z,2026-09-13T18:30:00+0200,179.666666,MW,DK2,DK_2,forecast_offshore_wind_generation,Wind Offshore,2026-09-16T23:39:22Z
2026-09-16T23:36:39Z,2026-09-17T01:36:39+0200,5eaded66-6feb-4642-b750-b04b3ae504cf,2026-09-13T16:45:00Z,2026-09-13T18:45:00+0200,183.0,MW,DK2,DK_2,forecast_offshore_wind_generation,Wind Offshore,2026-09-16T23:39:22Z
2026-09-16T23:36:39Z,2026-09-17T01:36:39+0200,5eaded66-6feb-4642-b750-b04b3ae504cf,2026-09-13T17:00:00Z,2026-09-13T19:00:00+0200,189.5,MW,DK2,DK_2,forecast_offshore_wind_generation,Wind Offshore,2026-09-16T23:39:22Z
2026-09-16T23:36:39Z,2026-09-17T01:36:39+0200,5eaded66-6feb-4642-b750-b04b3ae504cf,2026-09-13T17:15:00Z,2026-09-13T19:15:00+0200,205.166666,MW,DK2,DK_2,forecast_offshore_wind_generation,Wind Offshore,2026-09-16T23:39:22Z
2026-09-16T23:36:39Z,2026-09-17T01:36:39+0200,5eaded66-6feb-4642-b750-b04b3ae504cf,2026-09-13T17:30:00Z,2026-09-13T19:30:00+0200,224.833333,MW,DK2,DK_2,forecast_offshore_wind_generation,Wind Offshore,2026-09-16T23:39:22Z
2026-09-16T23:36:39Z,2026-09-17T01:36:39+0200,5eaded66-6feb-4642-b750-b04b3ae504cf,2026-09-13T17:45:00Z,2026-09-13T19:45:00+0200,241.0,MW,DK2,DK_2,forecast_offshore_wind_generation,Wind Offshore,2026-09-16T23:39:22Z
2026-09-16T23:36:39Z,2026-09-17T01:36:39+0200,5eaded66-6feb-4642-b750-b04b3ae504cf,2026-09-13T18:00:00Z,2026-09-13T20:00:00+0200,250.333333,MW,DK2,DK_2,forecast_offshore_wind_generation,Wind Offshore,2026-09-16T23:39:22Z
2026-09-16T23:36:39Z,2026-09-17T01:36:39+0200,5eaded66-6feb-4642-b750-b04b3ae504cf,2026-09-13T18:15:00Z,2026-09-13T20:15:00+0200,262.833333,MW,DK2,DK_2,forecast_offshore_wind_generation,Wind Offshore,2026-09-16T23:39:22Z
2026-09-16T23:36:39Z,2026-09-17T01:36:39+0200,5eaded66-6feb-4642-b750-b04b3ae504cf,2026-09-13T18:30:00Z,2026-09-13T20:30:00+0200,279.166666,MW,DK2,DK_2,forecast_offshore_wind_generation,Wind Offshore,2026-09-16T23:39:22Z
2026-09-16T23:36:39Z,2026-09-17T01:36:39+0200,5eaded66-6feb-4642-b750-b04b3ae504cf,2026-09-13T18:45:00Z,2026-09-13T20:45:00+0200,294.0,MW,DK2,DK_2,forecast_offshore_wind_generation,Wind Offshore,2026-09-16T23:39:22Z
2026-09-16T23:36:39Z,2026-09-17T01:36:39+0200,5eaded66-6feb-4642-b750-b04b3ae504cf,2026-09-13T19:00:00Z,2026-09-13T21:00:00+0200,297.833333,MW,DK2,DK_2,forecast_offshore_wind_generation,Wind Offshore,2026-09-16T23:39:22Z
2026-09-16T23:36:39Z,2026-09-17T01:36:39+0200,5eaded66-6feb-4642-b750-b04b3ae504cf,2026-09-13T19:15:00Z,2026-09-13T21:15:00+0200,294.666666,MW,DK2,DK_2,forecast_offshore_wind_generation,Wind Offshore,2026-09-16T23:39:22Z
2026-09-16T23:36:39Z,2026-09-17T01:36:39+0200,5eaded66-6feb-4642-b750-b04b3ae504cf,2026-09-13T19:30:00Z,2026-09-13T21:30:00+0200,287.5,MW,DK2,DK_2,forecast_offshore_wind_generation,Wind Offshore,2026-09-16T23:39:22Z
2026-09-16T23:36:39Z,2026-09-17T01:36:39+0200,5eaded66-6feb-4642-b750-b04b3ae504cf,2026-09-13T19:45:00Z,2026-09-13T21:45:00+0200,282.0,MW,DK2,DK_2,forecast_offshore_wind_generation,Wind Offshore,2026-09-16T23:39:22Z
2026-09-16T23:36:39Z,2026-09-17T01:36:39+0200,5eaded66-6feb-4642-b750-b04b3ae504cf,2026-09-13T20:00:00Z,2026-09-13T22:00:00+0200,279.5,MW,DK2,DK_2,forecast_offshore_wind_generation,Wind Offshore,2026-09-16T23:39:22Z
2026-09-16T23:36:39Z,2026-09-17T01:36:39+0200,5eaded66-6feb-4642-b750-b04b3ae504cf,2026-09-13T20:15:00Z,2026-09-13T22:15:00+0200,278.5,MW,DK2,DK_2,forecast_offshore_wind_generation,Wind Offshore,2026-09-16T23:39:22Z
2026-09-16T23:36:39Z,2026-09-17T01:36:39+0200,5eaded66-6feb-4642-b750-b04b3ae504cf,2026-09-13T20:30:00Z,2026-09-13T22:30:00+0200,277.833333,MW,DK2,DK_2,forecast_offshore_wind_generation,Wind Offshore,2026-09-16T23:39:22Z
2026-09-16T23:36:39Z,2026-09-17T01:36:39+0200,5eaded66-6feb-4642-b750-b04b3ae504cf,2026-09-13T20:45:00Z,2026-09-13T22:45:00+0200,277.5,MW,DK2,DK_2,forecast_offshore_wind_generation,Wind Offshore,2026-09-16T23:39:22Z
2026-09-16T23:36:39Z,2026-09-17T01:36:39+0200,5eaded66-6feb-4642-b750-b04b3ae504cf,2026-09-13T21:00:00Z,2026-09-13T23:00:00+0200,278.666666,MW,DK2,DK_2,forecast_offshore_wind_generation,Wind Offshore,2026-09-16T23:39:22Z
2026-09-16T23:36:39Z,2026-09-17T01:36:39+0200,5eaded66-6feb-4642-b750-b04b3ae504cf,2026-09-13T21:15:00Z,2026-09-13T23:15:00+0200,282.0,MW,DK2,DK_2,forecast_offshore_wind_generation,Wind Offshore,2026-09-16T23:39:22Z
2026-09-16T23:36:39Z,2026-09-17T01:36:39+0200,5eaded66-6feb-4642-b750-b04b3ae504cf,2026-09-13T21:30:00Z,2026-09-13T23:30:00+0200,287.0,MW,DK2,DK_2,forecast_offshore_wind_generation,Wind Offshore,2026-09-16T23:39:22Z
2026-09-16T23:36:39Z,2026-09-17T01:36:39+0200,5eaded66-6feb-4642-b750-b04b3ae504cf,2026-09-13T21:45:00Z,2026-09-13T23:45:00+0200,292.0,MW,DK2,DK_2,forecast_offshore_wind_generation,Wind Offshore,2026-09-16T23:39:22Z
2026-09-16T23:36:39Z,2026-09-17T01:36:39+0200,5eaded66-6feb-4642-b750-b04b3ae504cf,2026-09-13T22:00:00Z,2026-09-14T00:00:00+0200,298.5,MW,DK2,DK_2,forecast_offshore_wind_generation,Wind Offshore,2026-09-16T23:39:22Z
2026-09-16T23:36:39Z,2026-09-17T01:36:39+0200,5eaded66-6feb-4642-b750-b04b3ae504cf,2026-09-13T22:15:00Z,2026-09-14T00:15:00+0200,304.0,MW,DK2,DK_2,forecast_offshore_wind_generation,Wind Offshore,2026-09-16T23:39:22Z
2026-09-16T23:36:39Z,2026-09-17T01:36:39+0200,5eaded66-6feb-4642-b750-b04b3ae504cf,2026-09-13T22:30:00Z,2026-09-14T00:30:00+0200,310.166666,MW,DK2,DK_2,forecast_offshore_wind_generation,Wind Offshore,2026-09-16T23:39:22Z
2026-09-16T23:36:39Z,2026-09-17T01:36:39+0200,5eaded66-6feb-4642-b750-b04b3ae504cf,2026-09-13T22:45:00Z,2026-09-14T00:45:00+0200,317.0,MW,DK2,DK_2,forecast_offshore_wind_generation,Wind Offshore,2026-09-16T23:39:22Z
2026-09-16T23:36:39Z,2026-09-17T01:36:39+0200,5eaded66-6feb-4642-b750-b04b3ae504cf,2026-09-13T23:00:00Z,2026-09-14T01:00:00+0200,323.5,MW,DK2,DK_2,forecast_offshore_wind_generation,Wind Offshore,2026-09-16T23:39:22Z
2026-09-16T23:36:39Z,2026-09-17T01:36:39+0200,5eaded66-6feb-4642-b750-b04b3ae504cf,2026-09-13T23:15:00Z,2026-09-14T01:15:00+0200,331.0,MW,DK2,DK_2,forecast_offshore_wind_generation,Wind Offshore,2026-09-16T23:39:22Z
2026-09-16T23:36:39Z,2026-09-17T01:36:39+0200,5eaded66-6feb-4642-b750-b04b3ae504cf,2026-09-13T23:30:00Z,2026-09-14T01:30:00+0200,338.0,MW,DK2,DK_2,forecast_offshore_wind_generation,Wind Offshore,2026-09-16T23:39:22Z
2026-09-16T23:36:39Z,2026-09-17T01:36:39+0200,5eaded66-6feb-4642-b750-b04b3ae504cf,2026-09-13T23:45:00Z,2026-09-14T01:45:00+0200,343.5,MW,DK2,DK_2,forecast_offshore_wind_generation,Wind Offshore,2026-09-16T23:39:22Z
2026-09-16T23:36:39Z,2026-09-17T01:36:39+0200,5eaded66-6feb-4642-b750-b04b3ae504cf,2026-09-14T00:00:00Z,2026-09-14T02:00:00+0200,346.666666,MW,DK2,DK_2,forecast_offshore_wind_generation,Wind Offshore,2026-09-16T23:39:22Z
2026-09-16T23:36:39Z,2026-09-17T01:36:39+0200,5eaded66-6feb-4642-b750-b04b3ae504cf,2026-09-14T00:15:00Z,2026-09-14T02:15:00+0200,349.5,MW,DK2,DK_2,forecast_offshore_wind_generation,Wind Offshore,2026-09-16T23:39:22Z
2026-09-16T23:36:39Z,2026-09-17T01:36:39+0200,5eaded66-6feb-4642-b750-b04b3ae504cf,2026-09-14T00:30:00Z,2026-09-14T02:30:00+0200,352.0,MW,DK2,DK_2,forecast_offshore_wind_generation,Wind Offshore,2026-09-16T23:39:22Z
2026-09-16T23:36:39Z,2026-09-17T01:36:39+0200,5eaded66-6feb-4642-b750-b04b3ae504cf,2026-09-14T00:45:00Z,2026-09-14T02:45:00+0200,353.5,MW,DK2,DK_2,forecast_offshore_wind_generation,Wind Offshore,2026-09-16T23:39:22Z
2026-09-16T23:36:39Z,2026-09-17T01:36:39+0200,5eaded66-6feb-4642-b750-b04b3ae504cf,2026-09-14T01:00:00Z,2026-09-14T03:00:00+0200,353.5,MW,DK2,DK_2,forecast_offshore_wind_generation,Wind Offshore,2026-09-16T23:39:22Z
2026-09-16T23:36:39Z,2026-09-17T01:36:39+0200,5eaded66-6feb-4642-b750-b04b3ae504cf,2026-09-14T01:15:00Z,2026-09-14T03:15:00+0200,352.0,MW,DK2,DK_2,forecast_offshore_wind_generation,Wind Offshore,2026-09-16T23:39:22Z
2026-09-16T23:36:39Z,2026-09-17T01:36:39+0200,5eaded66-6feb-4642-b750-b04b3ae504cf,2026-09-14T01:30:00Z,2026-09-14T03:30:00+0200,349.666666,MW,DK2,DK_2,forecast_offshore_wind_generation,Wind Offshore,2026-09-16T23:39:22Z
2026-09-16T23:36:39Z,2026-09-17T01:36:39+0200,5eaded66-6feb-4642-b750-b04b3ae504cf,2026-09-14T01:45:00Z,2026-09-14T03:45:00+0200,347.0,MW,DK2,DK_2,forecast_offshore_wind_generation,Wind Offshore,2026-09-16T23:39:22Z
2026-09-16T23:36:39Z,2026-09-17T01:36:39+0200,5eaded66-6feb-4642-b750-b04b3ae504cf,2026-09-14T02:00:00Z,2026-09-14T04:00:00+0200,343.333333,MW,DK2,DK_2,forecast_offshore_wind_generation,Wind Offshore,2026-09-16T23:39:22Z
2026-09-16T23:36:39Z,2026-09-17T01:36:39+0200,5eaded66-6feb-4642-b750-b04b3ae504cf,2026-09-14T02:15:00Z,2026-09-14T04:15:00+0200,339.5,MW,DK2,DK_2,forecast_offshore_wind_generation,Wind Offshore,2026-09-16T23:39:22Z
2026-09-16T23:36:39Z,2026-09-17T01:36:39+0200,5eaded66-6feb-4642-b750-b04b3ae504cf,2026-09-14T02:30:00Z,2026-09-14T04:30:00+0200,336.5,MW,DK2,DK_2,forecast_offshore_wind_generation,Wind Offshore,2026-09-16T23:39:22Z
2026-09-16T23:36:39Z,2026-09-17T01:36:39+0200,5eaded66-6feb-4642-b750-b04b3ae504cf,2026-09-14T02:45:00Z,2026-09-14T04:45:00+0200,333.5,MW,DK2,DK_2,forecast_offshore_wind_generation,Wind Offshore,2026-09-16T23:39:22Z
2026-09-16T23:36:39Z,2026-09-17T01:36:39+0200,5eaded66-6feb-4642-b750-b04b3ae504cf,2026-09-14T03:00:00Z,2026-09-14T05:00:00+0200,331.5,MW,DK2,DK_2,forecast_offshore_wind_generation,Wind Offshore,2026-09-16T23:39:22Z
2026-09-16T23:36:39Z,2026-09-17T01:36:39+0200,5eaded66-6feb-4642-b750-b04b3ae504cf,2026-09-14T03:15:00Z,2026-09-14T05:15:00+0200,330.0,MW,DK2,DK_2,forecast_offshore_wind_generation,Wind Offshore,2026-09-16T23:39:22Z
2026-09-16T23:36:39Z,2026-09-17T01:36:39+0200,5eaded66-6feb-4642-b750-b04b3ae504cf,2026-09-14T03:30:00Z,2026-09-14T05:30:00+0200,328.833333,MW,DK2,DK_2,forecast_offshore_wind_generation,Wind Offshore,2026-09-16T23:39:22Z
2026-09-16T23:36:39Z,2026-09-17T01:36:39+0200,5eaded66-6feb-4642-b750-b04b3ae504cf,2026-09-14T03:45:00Z,2026-09-14T05:45:00+0200,327.5,MW,DK2,DK_2,forecast_offshore_wind_generation,Wind Offshore,2026-09-16T23:39:22Z
2026-09-16T23:36:39Z,2026-09-17T01:36:39+0200,5eaded66-6feb-4642-b750-b04b3ae504cf,2026-09-14T04:00:00Z,2026-09-14T06:00:00+0200,325.666666,MW,DK2,DK_2,forecast_offshore_wind_generation,Wind Offshore,2026-09-16T23:39:22Z
2026-09-16T23:36:39Z,2026-09-17T01:36:39+0200,5eaded66-6feb-4642-b750-b04b3ae504cf,2026-09-14T04:15:00Z,2026-09-14T06:15:00+0200,323.666666,MW,DK2,DK_2,forecast_offshore_wind_generation,Wind Offshore,2026-09-16T23:39:22Z
2026-09-16T23:36:39Z,2026-09-17T01:36:39+0200,5eaded66-6feb-4642-b750-b04b3ae504cf,2026-09-14T04:30:00Z,2026-09-14T06:30:00+0200,322.0,MW,DK2,DK_2,forecast_offshore_wind_generation,Wind Offshore,2026-09-16T23:39:22Z
2026-09-16T23:36:39Z,2026-09-17T01:36:39+0200,5eaded66-6feb-4642-b750-b04b3ae504cf,2026-09-14T04:45:00Z,2026-09-14T06:45:00+0200,320.5,MW,DK2,DK_2,forecast_offshore_wind_generation,Wind Offshore,2026-09-16T23:39:22Z
2026-09-16T23:36:39Z,2026-09-17T01:36:39+0200,5eaded66-6feb-4642-b750-b04b3ae504cf,2026-09-14T05:00:00Z,2026-09-14T07:00:00+0200,320.0,MW,DK2,DK_2,forecast_offshore_wind_generation,Wind Offshore,2026-09-16T23:39:22Z
2026-09-16T23:36:39Z,2026-09-17T01:36:39+0200,5eaded66-6feb-4642-b750-b04b3ae504cf,2026-09-14T05:15:00Z,2026-09-14T07:15:00+0200,320.833333,MW,DK2,DK_2,forecast_offshore_wind_generation,Wind Offshore,2026-09-16T23:39:22Z
2026-09-16T23:36:39Z,2026-09-17T01:36:39+0200,5eaded66-6feb-4642-b750-b04b3ae504cf,2026-09-14T05:30:00Z,2026-09-14T07:30:00+0200,321.833333,MW,DK2,DK_2,forecast_offshore_wind_generation,Wind Offshore,2026-09-16T23:39:22Z
2026-09-16T23:36:39Z,2026-09-17T01:36:39+0200,5eaded66-6feb-4642-b750-b04b3ae504cf,2026-09-14T05:45:00Z,2026-09-14T07:45:00+0200,322.0,MW,DK2,DK_2,forecast_offshore_wind_generation,Wind Offshore,2026-09-16T23:39:22Z
2026-09-16T23:36:39Z,2026-09-17T01:36:39+0200,5eaded66-6feb-4642-b750-b04b3ae504cf,2026-09-14T06:00:00Z,2026-09-14T08:00:00+0200,319.833333,MW,DK2,DK_2,forecast_offshore_wind_generation,Wind Offshore,2026-09-16T23:39:22Z
2026-09-16T23:36:39Z,2026-09-17T01:36:39+0200,5eaded66-6feb-4642-b750-b04b3ae504cf,2026-09-14T06:15:00Z,2026-09-14T08:15:00+0200,312.5,MW,DK2,DK_2,forecast_offshore_wind_generation,Wind Offshore,2026-09-16T23:39:22Z
2026-09-16T23:36:39Z,2026-09-17T01:36:39+0200,5eaded66-6feb-4642-b750-b04b3ae504cf,2026-09-14T06:30:00Z,2026-09-14T08:30:00+0200,303.5,MW,DK2,DK_2,forecast_offshore_wind_generation,Wind Offshore,2026-09-16T23:39:22Z
2026-09-16T23:36:39Z,2026-09-17T01:36:39+0200,5eaded66-6feb-4642-b750-b04b3ae504cf,2026-09-14T06:45:00Z,2026-09-14T08:45:00+0200,295.333333,MW,DK2,DK_2,forecast_offshore_wind_generation,Wind Offshore,2026-09-16T23:39:22Z
2026-09-16T23:36:39Z,2026-09-17T01:36:39+0200,5eaded66-6feb-4642-b750-b04b3ae504cf,2026-09-14T07:00:00Z,2026-09-14T09:00:00+0200,290.666666,MW,DK2,DK_2,forecast_offshore_wind_generation,Wind Offshore,2026-09-16T23:39:22Z
2026-09-16T23:36:39Z,2026-09-17T01:36:39+0200,5eaded66-6feb-4642-b750-b04b3ae504cf,2026-09-14T07:15:00Z,2026-09-14T09:15:00+0200,286.5,MW,DK2,DK_2,forecast_offshore_wind_generation,Wind Offshore,2026-09-16T23:39:22Z
2026-09-16T23:36:39Z,2026-09-17T01:36:39+0200,5eaded66-6feb-4642-b750-b04b3ae504cf,2026-09-14T07:30:00Z,2026-09-14T09:30:00+0200,282.0,MW,DK2,DK_2,forecast_offshore_wind_generation,Wind Offshore,2026-09-16T23:39:22Z
2026-09-16T23:36:39Z,2026-09-17T01:36:39+0200,5eaded66-6feb-4642-b750-b04b3ae504cf,2026-09-14T07:45:00Z,2026-09-14T09:45:00+0200,277.5,MW,DK2,DK_2,forecast_offshore_wind_generation,Wind Offshore,2026-09-16T23:39:22Z
2026-09-16T23:36:39Z,2026-09-17T01:36:39+0200,5eaded66-6feb-4642-b750-b04b3ae504cf,2026-09-14T08:00:00Z,2026-09-14T10:00:00+0200,273.333333,MW,DK2,DK_2,forecast_offshore_wind_generation,Wind Offshore,2026-09-16T23:39:22Z
2026-09-16T23:36:39Z,2026-09-17T01:36:39+0200,5eaded66-6feb-4642-b750-b04b3ae504cf,2026-09-14T08:15:00Z,2026-09-14T10:15:00+0200,268.5,MW,DK2,DK_2,forecast_offshore_wind_generation,Wind Offshore,2026-09-16T23:39:22Z
2026-09-16T23:36:39Z,2026-09-17T01:36:39+0200,5eaded66-6feb-4642-b750-b04b3ae504cf,2026-09-14T08:30:00Z,2026-09-14T10:30:00+0200,263.5,MW,DK2,DK_2,forecast_offshore_wind_generation,Wind Offshore,2026-09-16T23:39:22Z
2026-09-16T23:36:39Z,2026-09-17T01:36:39+0200,5eaded66-6feb-4642-b750-b04b3ae504cf,2026-09-14T08:45:00Z,2026-09-14T10:45:00+0200,259.0,MW,DK2,DK_2,forecast_offshore_wind_generation,Wind Offshore,2026-09-16T23:39:22Z
2026-09-16T23:36:39Z,2026-09-17T01:36:39+0200,5eaded66-6feb-4642-b750-b04b3ae504cf,2026-09-14T09:00:00Z,2026-09-14T11:00:00+0200,255.333333,MW,DK2,DK_2,forecast_offshore_wind_generation,Wind Offshore,2026-09-16T23:39:22Z
2026-09-16T23:36:39Z,2026-09-17T01:36:39+0200,5eaded66-6feb-4642-b750-b04b3ae504cf,2026-09-14T09:15:00Z,2026-09-14T11:15:00+0200,251.333333,MW,DK2,DK_2,forecast_offshore_wind_generation,Wind Offshore,2026-09-16T23:39:22Z
2026-09-16T23:36:39Z,2026-09-17T01:36:39+0200,5eaded66-6feb-4642-b750-b04b3ae504cf,2026-09-14T09:30:00Z,2026-09-14T11:30:00+0200,247.5,MW,DK2,DK_2,forecast_offshore_wind_generation,Wind Offshore,2026-09-16T23:39:22Z
2026-09-16T23:36:39Z,2026-09-17T01:36:39+0200,5eaded66-6feb-4642-b750-b04b3ae504cf,2026-09-14T09:45:00Z,2026-09-14T11:45:00+0200,245.166666,MW,DK2,DK_2,forecast_offshore_wind_generation,Wind Offshore,2026-09-16T23:39:22Z
2026-09-16T23:36:39Z,2026-09-17T01:36:39+0200,5eaded66-6feb-4642-b750-b04b3ae504cf,2026-09-14T10:00:00Z,2026-09-14T12:00:00+0200,245.0,MW,DK2,DK_2,forecast_offshore_wind_generation,Wind Offshore,2026-09-16T23:39:22Z
2026-09-16T23:36:39Z,2026-09-17T01:36:39+0200,5eaded66-6feb-4642-b750-b04b3ae504cf,2026-09-14T10:15:00Z,2026-09-14T12:15:00+0200,246.0,MW,DK2,DK_2,forecast_offshore_wind_generation,Wind Offshore,2026-09-16T23:39:22Z
2026-09-16T23:36:39Z,2026-09-17T01:36:39+0200,5eaded66-6feb-4642-b750-b04b3ae504cf,2026-09-14T10:30:00Z,2026-09-14T12:30:00+0200,247.666666,MW,DK2,DK_2,forecast_offshore_wind_generation,Wind Offshore,2026-09-16T23:39:22Z
2026-09-16T23:36:39Z,2026-09-17T01:36:39+0200,5eaded66-6feb-4642-b750-b04b3ae504cf,2026-09-14T10:45:00Z,2026-09-14T12:45:00+0200,249.5,MW,DK2,DK_2,forecast_offshore_wind_generation,Wind Offshore,2026-09-16T23:39:22Z
2026-09-16T23:36:39Z,2026-09-17T01:36:39+0200,5eaded66-6feb-4642-b750-b04b3ae504cf,2026-09-14T11:00:00Z,2026-09-14T13:00:00+0200,251.666666,MW,DK2,DK_2,forecast_offshore_wind_generation,Wind Offshore,2026-09-16T23:39:22Z
2026-09-16T23:36:39Z,2026-09-17T01:36:39+0200,5eaded66-6feb-4642-b750-b04b3ae504cf,2026-09-14T11:15:00Z,2026-09-14T13:15:00+0200,256.333333,MW,DK2,DK_2,forecast_offshore_wind_generation,Wind Offshore,2026-09-16T23:39:22Z
2026-09-16T23:36:39Z,2026-09-17T01:36:39+0200,5eaded66-6feb-4642-b750-b04b3ae504cf,2026-09-14T11:30:00Z,2026-09-14T13:30:00+0200,262.833333,MW,DK2,DK_2,forecast_offshore_wind_generation,Wind Offshore,2026-09-16T23:39:22Z
2026-09-16T23:36:39Z,2026-09-17T01:36:39+0200,5eaded66-6feb-4642-b750-b04b3ae504cf,2026-09-14T11:45:00Z,2026-09-14T13:45:00+0200,267.333333,MW,DK2,DK_2,forecast_offshore_wind_generation,Wind Offshore,2026-09-16T23:39:22Z
2026-09-16T23:36:39Z,2026-09-17T01:36:39+0200,5eaded66-6feb-4642-b750-b04b3ae504cf,2026-09-14T12:00:00Z,2026-09-14T14:00:00+0200,270.0,MW,DK2,DK_2,forecast_offshore_wind_generation,Wind Offshore,2026-09-16T23:39:22Z
2026-09-16T23:36:39Z,2026-09-17T01:36:39+0200,5eaded66-6feb-4642-b750-b04b3ae504cf,2026-09-14T12:15:00Z,2026-09-14T14:15:00+0200,271.0,MW,DK2,DK_2,forecast_offshore_wind_generation,Wind Offshore,2026-09-16T23:39:22Z
2026-09-16T23:36:39Z,2026-09-17T01:36:39+0200,5eaded66-6feb-4642-b750-b04b3ae504cf,2026-09-14T12:30:00Z,2026-09-14T14:30:00+0200,270.0,MW,DK2,DK_2,forecast_offshore_wind_generation,Wind Offshore,2026-09-16T23:39:22Z
2026-09-16T23:36:39Z,2026-09-17T01:36:39+0200,5eaded66-6feb-4642-b750-b04b3ae504cf,2026-09-14T12:45:00Z,2026-09-14T14:45:00+0200,268.333333,MW,DK2,DK_2,forecast_offshore_wind_generation,Wind Offshore,2026-09-16T23:39:22Z
2026-09-16T23:36:39Z,2026-09-17T01:36:39+0200,5eaded66-6feb-4642-b750-b04b3ae504cf,2026-09-14T13:00:00Z,2026-09-14T15:00:00+0200,265.5,MW,DK2,DK_2,forecast_offshore_wind_generation,Wind Offshore,2026-09-16T23:39:22Z
2026-09-16T23:36:39Z,2026-09-17T01:36:39+0200,5eaded66-6feb-4642-b750-b04b3ae504cf,2026-09-14T13:15:00Z,2026-09-14T15:15:00+0200,263.0,MW,DK2,DK_2,forecast_offshore_wind_generation,Wind Offshore,2026-09-16T23:39:22Z
2026-09-16T23:36:39Z,2026-09-17T01:36:39+0200,5eaded66-6feb-4642-b750-b04b3ae504cf,2026-09-14T13:30:00Z,2026-09-14T15:30:00+0200,260.666666,MW,DK2,DK_2,forecast_offshore_wind_generation,Wind Offshore,2026-09-16T23:39:22Z
2026-09-16T23:36:39Z,2026-09-17T01:36:39+0200,5eaded66-6feb-4642-b750-b04b3ae504cf,2026-09-14T13:45:00Z,2026-09-14T15:45:00+0200,258.333333,MW,DK2,DK_2,forecast_offshore_wind_generation,Wind Offshore,2026-09-16T23:39:22Z
2026-09-16T23:36:39Z,2026-09-17T01:36:39+0200,5eaded66-6feb-4642-b750-b04b3ae504cf,2026-09-14T14:00:00Z,2026-09-14T16:00:00+0200,254.0,MW,DK2,DK_2,forecast_offshore_wind_generation,Wind Offshore,2026-09-16T23:39:22Z
2026-09-16T23:36:39Z,2026-09-17T01:36:39+0200,5eaded66-6feb-4642-b750-b04b3ae504cf,2026-09-14T14:15:00Z,2026-09-14T16:15:00+0200,249.0,MW,DK2,DK_2,forecast_offshore_wind_generation,Wind Offshore,2026-09-16T23:39:22Z
2026-09-16T23:36:39Z,2026-09-17T01:36:39+0200,5eaded66-6feb-4642-b750-b04b3ae504cf,2026-09-14T14:30:00Z,2026-09-14T16:30:00+0200,243.0,MW,DK2,DK_2,forecast_offshore_wind_generation,Wind Offshore,2026-09-16T23:39:22Z
2026-09-16T23:36:39Z,2026-09-17T01:36:39+0200,5eaded66-6feb-4642-b750-b04b3ae504cf,2026-09-14T14:45:00Z,2026-09-14T16:45:00+0200,236.0,MW,DK2,DK_2,forecast_offshore_wind_generation,Wind Offshore,2026-09-16T23:39:22Z
2026-09-16T23:36:39Z,2026-09-17T01:36:39+0200,5eaded66-6feb-4642-b750-b04b3ae504cf,2026-09-14T15:00:00Z,2026-09-14T17:00:00+0200,227.333333,MW,DK2,DK_2,forecast_offshore_wind_generation,Wind Offshore,2026-09-16T23:39:22Z
2026-09-16T23:36:39Z,2026-09-17T01:36:39+0200,5eaded66-6feb-4642-b750-b04b3ae504cf,2026-09-14T15:15:00Z,2026-09-14T17:15:00+0200,217.333333,MW,DK2,DK_2,forecast_offshore_wind_generation,Wind Offshore,2026-09-16T23:39:22Z
2026-09-16T23:36:39Z,2026-09-17T01:36:39+0200,5eaded66-6feb-4642-b750-b04b3ae504cf,2026-09-14T15:30:00Z,2026-09-14T17:30:00+0200,207.0,MW,DK2,DK_2,forecast_offshore_wind_generation,Wind Offshore,2026-09-16T23:39:22Z
2026-09-16T23:36:39Z,2026-09-17T01:36:39+0200,5eaded66-6feb-4642-b750-b04b3ae504cf,2026-09-14T15:45:00Z,2026-09-14T17:45:00+0200,197.0,MW,DK2,DK_2,forecast_offshore_wind_generation,Wind Offshore,2026-09-16T23:39:22Z
2026-09-16T23:36:39Z,2026-09-17T01:36:39+0200,5eaded66-6feb-4642-b750-b04b3ae504cf,2026-09-14T16:00:00Z,2026-09-14T18:00:00+0200,186.5,MW,DK2,DK_2,forecast_offshore_wind_generation,Wind Offshore,2026-09-16T23:39:22Z
2026-09-16T23:36:39Z,2026-09-17T01:36:39+0200,5eaded66-6feb-4642-b750-b04b3ae504cf,2026-09-14T16:15:00Z,2026-09-14T18:15:00+0200,175.166666,MW,DK2,DK_2,forecast_offshore_wind_generation,Wind Offshore,2026-09-16T23:39:22Z
2026-09-16T23:36:39Z,2026-09-17T01:36:39+0200,5eaded66-6feb-4642-b750-b04b3ae504cf,2026-09-14T16:30:00Z,2026-09-14T18:30:00+0200,164.0,MW,DK2,DK_2,forecast_offshore_wind_generation,Wind Offshore,2026-09-16T23:39:22Z
2026-09-16T23:36:39Z,2026-09-17T01:36:39+0200,5eaded66-6feb-4642-b750-b04b3ae504cf,2026-09-14T16:45:00Z,2026-09-14T18:45:00+0200,152.166666,MW,DK2,DK_2,forecast_offshore_wind_generation,Wind Offshore,2026-09-16T23:39:22Z
2026-09-16T23:36:39Z,2026-09-17T01:36:39+0200,5eaded66-6feb-4642-b750-b04b3ae504cf,2026-09-14T17:00:00Z,2026-09-14T19:00:00+0200,141.5,MW,DK2,DK_2,forecast_offshore_wind_generation,Wind Offshore,2026-09-16T23:39:22Z
2026-09-16T23:36:39Z,2026-09-17T01:36:39+0200,5eaded66-6feb-4642-b750-b04b3ae504cf,2026-09-14T17:15:00Z,2026-09-14T19:15:00+0200,129.333333,MW,DK2,DK_2,forecast_offshore_wind_generation,Wind Offshore,2026-09-16T23:39:22Z
2026-09-16T23:36:39Z,2026-09-17T01:36:39+0200,5eaded66-6feb-4642-b750-b04b3ae504cf,2026-09-14T17:30:00Z,2026-09-14T19:30:00+0200,119.5,MW,DK2,DK_2,forecast_offshore_wind_generation,Wind Offshore,2026-09-16T23:39:22Z
2026-09-16T23:36:39Z,2026-09-17T01:36:39+0200,5eaded66-6feb-4642-b750-b04b3ae504cf,2026-09-14T17:45:00Z,2026-09-14T19:45:00+0200,112.166666,MW,DK2,DK_2,forecast_offshore_wind_generation,Wind Offshore,2026-09-16T23:39:22Z
2026-09-16T23:36:39Z,2026-09-17T01:36:39+0200,5eaded66-6feb-4642-b750-b04b3ae504cf,2026-09-14T18:00:00Z,2026-09-14T20:00:00+0200,107.666666,MW,DK2,DK_2,forecast_offshore_wind_generation,Wind Offshore,2026-09-16T23:39:22Z
2026-09-16T23:36:39Z,2026-09-17T01:36:39+0200,5eaded66-6feb-4642-b750-b04b3ae504cf,2026-09-14T18:15:00Z,2026-09-14T20:15:00+0200,104.5,MW,DK2,DK_2,forecast_offshore_wind_generation,Wind Offshore,2026-09-16T23:39:22Z
2026-09-16T23:36:39Z,2026-09-17T01:36:39+0200,5eaded66-6feb-4642-b750-b04b3ae504cf,2026-09-14T18:30:00Z,2026-09-14T20:30:00+0200,101.666666,MW,DK2,DK_2,forecast_offshore_wind_generation,Wind Offshore,2026-09-16T23:39:22Z
2026-09-16T23:36:39Z,2026-09-17T01:36:39+0200,5eaded66-6feb-4642-b750-b04b3ae504cf,2026-09-14T18:45:00Z,2026-09-14T20:45:00+0200,99.5,MW,DK2,DK_2,forecast_offshore_wind_generation,Wind Offshore,2026-09-16T23:39:22Z
2026-09-16T23:36:39Z,2026-09-17T01:36:39+0200,5eaded66-6feb-4642-b750-b04b3ae504cf,2026-09-14T19:00:00Z,2026-09-14T21:00:00+0200,95.666666,MW,DK2,DK_2,forecast_offshore_wind_generation,Wind Offshore,2026-09-16T23:39:22Z
2026-09-16T23:36:39Z,2026-09-17T01:36:39+0200,5eaded66-6feb-4642-b750-b04b3ae504cf,2026-09-14T19:15:00Z,2026-09-14T21:15:00+0200,88.833333,MW,DK2,DK_2,forecast_offshore_wind_generation,Wind Offshore,2026-09-16T23:39:22Z
2026-09-16T23:36:39Z,2026-09-17T01:36:39+0200,5eaded66-6feb-4642-b750-b04b3ae504cf,2026-09-14T19:30:00Z,2026-09-14T21:30:00+0200,81.833333,MW,DK2,DK_2,forecast_offshore_wind_generation,Wind Offshore,2026-09-16T23:39:22Z
2026-09-16T23:36:39Z,2026-09-17T01:36:39+0200,5eaded66-6feb-4642-b750-b04b3ae504cf,2026-09-14T19:45:00Z,2026-09-14T21:45:00+0200,75.5,MW,DK2,DK_2,forecast_offshore_wind_generation,Wind Offshore,2026-09-16T23:39:22Z
2026-09-16T23:36:39Z,2026-09-17T01:36:39+0200,5eaded66-6feb-4642-b750-b04b3ae504cf,2026-09-14T20:00:00Z,2026-09-14T22:00:00+0200,71.0,MW,DK2,DK_2,forecast_offshore_wind_generation,Wind Offshore,2026-09-16T23:39:22Z
2026-09-16T23:36:39Z,2026-09-17T01:36:39+0200,5eaded66-6feb-4642-b750-b04b3ae504cf,2026-09-14T20:15:00Z,2026-09-14T22:15:00+0200,66.666666,MW,DK2,DK_2,forecast_offshore_wind_generation,Wind Offshore,2026-09-16T23:39:22Z
2026-09-16T23:36:39Z,2026-09-17T01:36:39+0200,5eaded66-6feb-4642-b750-b04b3ae504cf,2026-09-14T20:30:00Z,2026-09-14T22:30:00+0200,63.5,MW,DK2,DK_2,forecast_offshore_wind_generation,Wind Offshore,2026-09-16T23:39:22Z
2026-09-16T23:36:39Z,2026-09-17T01:36:39+0200,5eaded66-6feb-4642-b750-b04b3ae504cf,2026-09-14T20:45:00Z,2026-09-14T22:45:00+0200,60.666666,MW,DK2,DK_2,forecast_offshore_wind_generation,Wind Offshore,2026-09-16T23:39:22Z
2026-09-16T23:36:39Z,2026-09-17T01:36:39+0200,5eaded66-6feb-4642-b750-b04b3ae504cf,2026-09-14T21:00:00Z,2026-09-14T23:00:00+0200,59.0,MW,DK2,DK_2,forecast_offshore_wind_generation,Wind Offshore,2026-09-16T23:39:22Z
2026-09-16T23:36:39Z,2026-09-17T01:36:39+0200,5eaded66-6feb-4642-b750-b04b3ae504cf,2026-09-14T21:15:00Z,2026-09-14T23:15:00+0200,56.5,MW,DK2,DK_2,forecast_offshore_wind_generation,Wind Offshore,2026-09-16T23:39:22Z
2026-09-16T23:36:39Z,2026-09-17T01:36:39+0200,5eaded66-6feb-4642-b750-b04b3ae504cf,2026-09-14T21:30:00Z,2026-09-14T23:30:00+0200,54.5,MW,DK2,DK_2,forecast_offshore_wind_generation,Wind Offshore,2026-09-16T23:39:22Z
2026-09-16T23:36:39Z,2026-09-17T01:36:39+0200,5eaded66-6feb-4642-b750-b04b3ae504cf,2026-09-14T21:45:00Z,2026-09-14T23:45:00+0200,53.166666,MW,DK2,DK_2,forecast_offshore_wind_generation,Wind Offshore,2026-09-16T23:39:22Z
2026-09-16T23:36:39Z,2026-09-17T01:36:39+0200,5eaded66-6feb-4642-b750-b04b3ae504cf,2026-09-14T22:00:00Z,2026-09-15T00:00:00+0200,37.0,MW,DK2,DK_2,forecast_offshore_wind_generation,Wind Offshore,2026-09-16T23:39:22Z
2026-09-16T23:36:39Z,2026-09-17T01:36:39+0200,5eaded66-6feb-4642-b750-b04b3ae504cf,2026-09-14T22:15:00Z,2026-09-15T00:15:00+0200,38.5,MW,DK2,DK_2,forecast_offshore_wind_generation,Wind Offshore,2026-09-16T23:39:22Z
2026-09-16T23:36:39Z,2026-09-17T01:36:39+0200,5eaded66-6feb-4642-b750-b04b3ae504cf,2026-09-14T22:30:00Z,2026-09-15T00:30:00+0200,41.5,MW,DK2,DK_2,forecast_offshore_wind_generation,Wind Offshore,2026-09-16T23:39:22Z
2026-09-16T23:36:39Z,2026-09-17T01:36:39+0200,5eaded66-6feb-4642-b750-b04b3ae504cf,2026-09-14T22:45:00Z,2026-09-15T00:45:00+0200,44.666666,MW,DK2,DK_2,forecast_offshore_wind_generation,Wind Offshore,2026-09-16T23:39:22Z
2026-09-16T23:36:39Z,2026-09-17T01:36:39+0200,5eaded66-6feb-4642-b750-b04b3ae504cf,2026-09-14T23:00:00Z,2026-09-15T01:00:00+0200,49.333333,MW,DK2,DK_2,forecast_offshore_wind_generation,Wind Offshore,2026-09-16T23:39:22Z
2026-09-16T23:36:39Z,2026-09-17T01:36:39+0200,5eaded66-6feb-4642-b750-b04b3ae504cf,2026-09-14T23:15:00Z,2026-09-15T01:15:00+0200,57.166666,MW,DK2,DK_2,forecast_offshore_wind_generation,Wind Offshore,2026-09-16T23:39:22Z
2026-09-16T23:36:39Z,2026-09-17T01:36:39+0200,5eaded66-6feb-4642-b750-b04b3ae504cf,2026-09-14T23:30:00Z,2026-09-15T01:30:00+0200,67.833333,MW,DK2,DK_2,forecast_offshore_wind_generation,Wind Offshore,2026-09-16T23:39:22Z
2026-09-16T23:36:39Z,2026-09-17T01:36:39+0200,5eaded66-6feb-4642-b750-b04b3ae504cf,2026-09-14T23:45:00Z,2026-09-15T01:45:00+0200,77.333333,MW,DK2,DK_2,forecast_offshore_wind_generation,Wind Offshore,2026-09-16T23:39:22Z
2026-09-16T23:36:39Z,2026-09-17T01:36:39+0200,5eaded66-6feb-4642-b750-b04b3ae504cf,2026-09-15T00:00:00Z,2026-09-15T02:00:00+0200,84.166666,MW,DK2,DK_2,forecast_offshore_wind_generation,Wind Offshore,2026-09-16T23:39:22Z
2026-09-16T23:36:39Z,2026-09-17T01:36:39+0200,5eaded66-6feb-4642-b750-b04b3ae504cf,2026-09-15T00:15:00Z,2026-09-15T02:15:00+0200,91.166666,MW,DK2,DK_2,forecast_offshore_wind_generation,Wind Offshore,2026-09-16T23:39:22Z
2026-09-16T23:36:39Z,2026-09-17T01:36:39+0200,5eaded66-6feb-4642-b750-b04b3ae504cf,2026-09-15T00:30:00Z,2026-09-15T02:30:00+0200,98.5,MW,DK2,DK_2,forecast_offshore_wind_generation,Wind Offshore,2026-09-16T23:39:22Z
2026-09-16T23:36:39Z,2026-09-17T01:36:39+0200,5eaded66-6feb-4642-b750-b04b3ae504cf,2026-09-15T00:45:00Z,2026-09-15T02:45:00+0200,106.5,MW,DK2,DK_2,forecast_offshore_wind_generation,Wind Offshore,2026-09-16T23:39:22Z
2026-09-16T23:36:39Z,2026-09-17T01:36:39+0200,5eaded66-6feb-4642-b750-b04b3ae504cf,2026-09-15T01:00:00Z,2026-09-15T03:00:00+0200,116.833333,MW,DK2,DK_2,forecast_offshore_wind_generation,Wind Offshore,2026-09-16T23:39:22Z
2026-09-16T23:36:39Z,2026-09-17T01:36:39+0200,5eaded66-6feb-4642-b750-b04b3ae504cf,2026-09-15T01:15:00Z,2026-09-15T03:15:00+0200,131.5,MW,DK2,DK_2,forecast_offshore_wind_generation,Wind Offshore,2026-09-16T23:39:22Z
2026-09-16T23:36:39Z,2026-09-17T01:36:39+0200,5eaded66-6feb-4642-b750-b04b3ae504cf,2026-09-15T01:30:00Z,2026-09-15T03:30:00+0200,147.333333,MW,DK2,DK_2,forecast_offshore_wind_generation,Wind Offshore,2026-09-16T23:39:22Z
2026-09-16T23:36:39Z,2026-09-17T01:36:39+0200,5eaded66-6feb-4642-b750-b04b3ae504cf,2026-09-15T01:45:00Z,2026-09-15T03:45:00+0200,162.166666,MW,DK2,DK_2,forecast_offshore_wind_generation,Wind Offshore,2026-09-16T23:39:22Z
2026-09-16T23:36:39Z,2026-09-17T01:36:39+0200,5eaded66-6feb-4642-b750-b04b3ae504cf,2026-09-15T02:00:00Z,2026-09-15T04:00:00+0200,174.0,MW,DK2,DK_2,forecast_offshore_wind_generation,Wind Offshore,2026-09-16T23:39:22Z
2026-09-16T23:36:39Z,2026-09-17T01:36:39+0200,5eaded66-6feb-4642-b750-b04b3ae504cf,2026-09-15T02:15:00Z,2026-09-15T04:15:00+0200,186.166666,MW,DK2,DK_2,forecast_offshore_wind_generation,Wind Offshore,2026-09-16T23:39:22Z
2026-09-16T23:36:39Z,2026-09-17T01:36:39+0200,5eaded66-6feb-4642-b750-b04b3ae504cf,2026-09-15T02:30:00Z,2026-09-15T04:30:00+0200,198.166666,MW,DK2,DK_2,forecast_offshore_wind_generation,Wind Offshore,2026-09-16T23:39:22Z
2026-09-16T23:36:39Z,2026-09-17T01:36:39+0200,5eaded66-6feb-4642-b750-b04b3ae504cf,2026-09-15T02:45:00Z,2026-09-15T04:45:00+0200,207.0,MW,DK2,DK_2,forecast_offshore_wind_generation,Wind Offshore,2026-09-16T23:39:22Z
2026-09-16T23:36:39Z,2026-09-17T01:36:39+0200,5eaded66-6feb-4642-b750-b04b3ae504cf,2026-09-15T03:00:00Z,2026-09-15T05:00:00+0200,212.833333,MW,DK2,DK_2,forecast_offshore_wind_generation,Wind Offshore,2026-09-16T23:39:22Z
2026-09-16T23:36:39Z,2026-09-17T01:36:39+0200,5eaded66-6feb-4642-b750-b04b3ae504cf,2026-09-15T03:15:00Z,2026-09-15T05:15:00+0200,216.5,MW,DK2,DK_2,forecast_offshore_wind_generation,Wind Offshore,2026-09-16T23:39:22Z
2026-09-16T23:36:39Z,2026-09-17T01:36:39+0200,5eaded66-6feb-4642-b750-b04b3ae504cf,2026-09-15T03:30:00Z,2026-09-15T05:30:00+0200,219.5,MW,DK2,DK_2,forecast_offshore_wind_generation,Wind Offshore,2026-09-16T23:39:22Z
2026-09-16T23:36:39Z,2026-09-17T01:36:39+0200,5eaded66-6feb-4642-b750-b04b3ae504cf,2026-09-15T03:45:00Z,2026-09-15T05:45:00+0200,223.0,MW,DK2,DK_2,forecast_offshore_wind_generation,Wind Offshore,2026-09-16T23:39:22Z
2026-09-16T23:36:39Z,2026-09-17T01:36:39+0200,5eaded66-6feb-4642-b750-b04b3ae504cf,2026-09-15T04:00:00Z,2026-09-15T06:00:00+0200,228.5,MW,DK2,DK_2,forecast_offshore_wind_generation,Wind Offshore,2026-09-16T23:39:22Z
2026-09-16T23:36:39Z,2026-09-17T01:36:39+0200,5eaded66-6feb-4642-b750-b04b3ae504cf,2026-09-15T04:15:00Z,2026-09-15T06:15:00+0200,236.5,MW,DK2,DK_2,forecast_offshore_wind_generation,Wind Offshore,2026-09-16T23:39:22Z
2026-09-16T23:36:39Z,2026-09-17T01:36:39+0200,5eaded66-6feb-4642-b750-b04b3ae504cf,2026-09-15T04:30:00Z,2026-09-15T06:30:00+0200,245.5,MW,DK2,DK_2,forecast_offshore_wind_generation,Wind Offshore,2026-09-16T23:39:22Z
2026-09-16T23:36:39Z,2026-09-17T01:36:39+0200,5eaded66-6feb-4642-b750-b04b3ae504cf,2026-09-15T04:45:00Z,2026-09-15T06:45:00+0200,254.333333,MW,DK2,DK_2,forecast_offshore_wind_generation,Wind Offshore,2026-09-16T23:39:22Z
2026-09-16T23:36:39Z,2026-09-17T01:36:39+0200,5eaded66-6feb-4642-b750-b04b3ae504cf,2026-09-15T05:00:00Z,2026-09-15T07:00:00+0200,264.0,MW,DK2,DK_2,forecast_offshore_wind_generation,Wind Offshore,2026-09-16T23:39:22Z
2026-09-16T23:36:39Z,2026-09-17T01:36:39+0200,5eaded66-6feb-4642-b750-b04b3ae504cf,2026-09-15T05:15:00Z,2026-09-15T07:15:00+0200,278.0,MW,DK2,DK_2,forecast_offshore_wind_generation,Wind Offshore,2026-09-16T23:39:22Z
2026-09-16T23:36:39Z,2026-09-17T01:36:39+0200,5eaded66-6feb-4642-b750-b04b3ae504cf,2026-09-15T05:30:00Z,2026-09-15T07:30:00+0200,293.5,MW,DK2,DK_2,forecast_offshore_wind_generation,Wind Offshore,2026-09-16T23:39:22Z
2026-09-16T23:36:39Z,2026-09-17T01:36:39+0200,5eaded66-6feb-4642-b750-b04b3ae504cf,2026-09-15T05:45:00Z,2026-09-15T07:45:00+0200,306.333333,MW,DK2,DK_2,forecast_offshore_wind_generation,Wind Offshore,2026-09-16T23:39:22Z
2026-09-16T23:36:39Z,2026-09-17T01:36:39+0200,5eaded66-6feb-4642-b750-b04b3ae504cf,2026-09-15T06:00:00Z,2026-09-15T08:00:00+0200,314.166666,MW,DK2,DK_2,forecast_offshore_wind_generation,Wind Offshore,2026-09-16T23:39:22Z
2026-09-16T23:36:39Z,2026-09-17T01:36:39+0200,5eaded66-6feb-4642-b750-b04b3ae504cf,2026-09-15T06:15:00Z,2026-09-15T08:15:00+0200,322.333333,MW,DK2,DK_2,forecast_offshore_wind_generation,Wind Offshore,2026-09-16T23:39:22Z
2026-09-16T23:36:39Z,2026-09-17T01:36:39+0200,5eaded66-6feb-4642-b750-b04b3ae504cf,2026-09-15T06:30:00Z,2026-09-15T08:30:00+0200,330.5,MW,DK2,DK_2,forecast_offshore_wind_generation,Wind Offshore,2026-09-16T23:39:22Z
2026-09-16T23:36:39Z,2026-09-17T01:36:39+0200,5eaded66-6feb-4642-b750-b04b3ae504cf,2026-09-15T06:45:00Z,2026-09-15T08:45:00+0200,338.0,MW,DK2,DK_2,forecast_offshore_wind_generation,Wind Offshore,2026-09-16T23:39:22Z
2026-09-16T23:36:39Z,2026-09-17T01:36:39+0200,5eaded66-6feb-4642-b750-b04b3ae504cf,2026-09-15T07:00:00Z,2026-09-15T09:00:00+0200,342.0,MW,DK2,DK_2,forecast_offshore_wind_generation,Wind Offshore,2026-09-16T23:39:22Z
2026-09-16T23:36:39Z,2026-09-17T01:36:39+0200,5eaded66-6feb-4642-b750-b04b3ae504cf,2026-09-15T07:15:00Z,2026-09-15T09:15:00+0200,342.5,MW,DK2,DK_2,forecast_offshore_wind_generation,Wind Offshore,2026-09-16T23:39:22Z
2026-09-16T23:36:39Z,2026-09-17T01:36:39+0200,5eaded66-6feb-4642-b750-b04b3ae504cf,2026-09-15T07:30:00Z,2026-09-15T09:30:00+0200,340.666666,MW,DK2,DK_2,forecast_offshore_wind_generation,Wind Offshore,2026-09-16T23:39:22Z
2026-09-16T23:36:39Z,2026-09-17T01:36:39+0200,5eaded66-6feb-4642-b750-b04b3ae504cf,2026-09-15T07:45:00Z,2026-09-15T09:45:00+0200,338.666666,MW,DK2,DK_2,forecast_offshore_wind_generation,Wind Offshore,2026-09-16T23:39:22Z
2026-09-16T23:36:39Z,2026-09-17T01:36:39+0200,5eaded66-6feb-4642-b750-b04b3ae504cf,2026-09-15T08:00:00Z,2026-09-15T10:00:00+0200,337.166666,MW,DK2,DK_2,forecast_offshore_wind_generation,Wind Offshore,2026-09-16T23:39:22Z
2026-09-16T23:36:39Z,2026-09-17T01:36:39+0200,5eaded66-6feb-4642-b750-b04b3ae504cf,2026-09-15T08:15:00Z,2026-09-15T10:15:00+0200,332.0,MW,DK2,DK_2,forecast_offshore_wind_generation,Wind Offshore,2026-09-16T23:39:22Z
2026-09-16T23:36:39Z,2026-09-17T01:36:39+0200,5eaded66-6feb-4642-b750-b04b3ae504cf,2026-09-15T08:30:00Z,2026-09-15T10:30:00+0200,326.166666,MW,DK2,DK_2,forecast_offshore_wind_generation,Wind Offshore,2026-09-16T23:39:22Z
2026-09-16T23:36:39Z,2026-09-17T01:36:39+0200,5eaded66-6feb-4642-b750-b04b3ae504cf,2026-09-15T08:45:00Z,2026-09-15T10:45:00+0200,322.5,MW,DK2,DK_2,forecast_offshore_wind_generation,Wind Offshore,2026-09-16T23:39:22Z
2026-09-16T23:36:39Z,2026-09-17T01:36:39+0200,5eaded66-6feb-4642-b750-b04b3ae504cf,2026-09-15T09:00:00Z,2026-09-15T11:00:00+0200,322.0,MW,DK2,DK_2,forecast_offshore_wind_generation,Wind Offshore,2026-09-16T23:39:22Z
2026-09-16T23:36:39Z,2026-09-17T01:36:39+0200,5eaded66-6feb-4642-b750-b04b3ae504cf,2026-09-15T09:15:00Z,2026-09-15T11:15:00+0200,324.5,MW,DK2,DK_2,forecast_offshore_wind_generation,Wind Offshore,2026-09-16T23:39:22Z
2026-09-16T23:36:39Z,2026-09-17T01:36:39+0200,5eaded66-6feb-4642-b750-b04b3ae504cf,2026-09-15T09:30:00Z,2026-09-15T11:30:00+0200,328.0,MW,DK2,DK_2,forecast_offshore_wind_generation,Wind Offshore,2026-09-16T23:39:22Z
2026-09-16T23:36:39Z,2026-09-17T01:36:39+0200,5eaded66-6feb-4642-b750-b04b3ae504cf,2026-09-15T09:45:00Z,2026-09-15T11:45:00+0200,332.833333,MW,DK2,DK_2,forecast_offshore_wind_generation,Wind Offshore,2026-09-16T23:39:22Z
2026-09-16T23:36:39Z,2026-09-17T01:36:39+0200,5eaded66-6feb-4642-b750-b04b3ae504cf,2026-09-15T10:00:00Z,2026-09-15T12:00:00+0200,338.166666,MW,DK2,DK_2,forecast_offshore_wind_generation,Wind Offshore,2026-09-16T23:39:22Z
2026-09-16T23:36:39Z,2026-09-17T01:36:39+0200,5eaded66-6feb-4642-b750-b04b3ae504cf,2026-09-15T10:15:00Z,2026-09-15T12:15:00+0200,347.5,MW,DK2,DK_2,forecast_offshore_wind_generation,Wind Offshore,2026-09-16T23:39:22Z
2026-09-16T23:36:39Z,2026-09-17T01:36:39+0200,5eaded66-6feb-4642-b750-b04b3ae504cf,2026-09-15T10:30:00Z,2026-09-15T12:30:00+0200,359.0,MW,DK2,DK_2,forecast_offshore_wind_generation,Wind Offshore,2026-09-16T23:39:22Z
2026-09-16T23:36:39Z,2026-09-17T01:36:39+0200,5eaded66-6feb-4642-b750-b04b3ae504cf,2026-09-15T10:45:00Z,2026-09-15T12:45:00+0200,369.166666,MW,DK2,DK_2,forecast_offshore_wind_generation,Wind Offshore,2026-09-16T23:39:22Z
2026-09-16T23:36:39Z,2026-09-17T01:36:39+0200,5eaded66-6feb-4642-b750-b04b3ae504cf,2026-09-15T11:00:00Z,2026-09-15T13:00:00+0200,373.833333,MW,DK2,DK_2,forecast_offshore_wind_generation,Wind Offshore,2026-09-16T23:39:22Z
2026-09-16T23:36:39Z,2026-09-17T01:36:39+0200,5eaded66-6feb-4642-b750-b04b3ae504cf,2026-09-15T11:15:00Z,2026-09-15T13:15:00+0200,376.333333,MW,DK2,DK_2,forecast_offshore_wind_generation,Wind Offshore,2026-09-16T23:39:22Z
2026-09-16T23:36:39Z,2026-09-17T01:36:39+0200,5eaded66-6feb-4642-b750-b04b3ae504cf,2026-09-15T11:30:00Z,2026-09-15T13:30:00+0200,378.333333,MW,DK2,DK_2,forecast_offshore_wind_generation,Wind Offshore,2026-09-16T23:39:22Z
2026-09-16T23:36:39Z,2026-09-17T01:36:39+0200,5eaded66-6feb-4642-b750-b04b3ae504cf,2026-09-15T11:45:00Z,2026-09-15T13:45:00+0200,380.0,MW,DK2,DK_2,forecast_offshore_wind_generation,Wind Offshore,2026-09-16T23:39:22Z
2026-09-16T23:36:39Z,2026-09-17T01:36:39+0200,5eaded66-6feb-4642-b750-b04b3ae504cf,2026-09-15T12:00:00Z,2026-09-15T14:00:00+0200,382.5,MW,DK2,DK_2,forecast_offshore_wind_generation,Wind Offshore,2026-09-16T23:39:22Z
2026-09-16T23:36:39Z,2026-09-17T01:36:39+0200,5eaded66-6feb-4642-b750-b04b3ae504cf,2026-09-15T12:15:00Z,2026-09-15T14:15:00+0200,386.5,MW,DK2,DK_2,forecast_offshore_wind_generation,Wind Offshore,2026-09-16T23:39:22Z
2026-09-16T23:36:39Z,2026-09-17T01:36:39+0200,5eaded66-6feb-4642-b750-b04b3ae504cf,2026-09-15T12:30:00Z,2026-09-15T14:30:00+0200,390.5,MW,DK2,DK_2,forecast_offshore_wind_generation,Wind Offshore,2026-09-16T23:39:22Z
2026-09-16T23:36:39Z,2026-09-17T01:36:39+0200,5eaded66-6feb-4642-b750-b04b3ae504cf,2026-09-15T12:45:00Z,2026-09-15T14:45:00+0200,392.5,MW,DK2,DK_2,forecast_offshore_wind_generation,Wind Offshore,2026-09-16T23:39:22Z
2026-09-16T23:36:39Z,2026-09-17T01:36:39+0200,5eaded66-6feb-4642-b750-b04b3ae504cf,2026-09-15T13:00:00Z,2026-09-15T15:00:00+0200,391.333333,MW,DK2,DK_2,forecast_offshore_wind_generation,Wind Offshore,2026-09-16T23:39:22Z
2026-09-16T23:36:39Z,2026-09-17T01:36:39+0200,5eaded66-6feb-4642-b750-b04b3ae504cf,2026-09-15T13:15:00Z,2026-09-15T15:15:00+0200,386.833333,MW,DK2,DK_2,forecast_offshore_wind_generation,Wind Offshore,2026-09-16T23:39:22Z
2026-09-16T23:36:39Z,2026-09-17T01:36:39+0200,5eaded66-6feb-4642-b750-b04b3ae504cf,2026-09-15T13:30:00Z,2026-09-15T15:30:00+0200,380.5,MW,DK2,DK_2,forecast_offshore_wind_generation,Wind Offshore,2026-09-16T23:39:22Z
2026-09-16T23:36:39Z,2026-09-17T01:36:39+0200,5eaded66-6feb-4642-b750-b04b3ae504cf,2026-09-15T13:45:00Z,2026-09-15T15:45:00+0200,374.5,MW,DK2,DK_2,forecast_offshore_wind_generation,Wind Offshore,2026-09-16T23:39:22Z
2026-09-16T23:36:39Z,2026-09-17T01:36:39+0200,5eaded66-6feb-4642-b750-b04b3ae504cf,2026-09-15T14:00:00Z,2026-09-15T16:00:00+0200,370.5,MW,DK2,DK_2,forecast_offshore_wind_generation,Wind Offshore,2026-09-16T23:39:22Z
2026-09-16T23:36:39Z,2026-09-17T01:36:39+0200,5eaded66-6feb-4642-b750-b04b3ae504cf,2026-09-15T14:15:00Z,2026-09-15T16:15:00+0200,367.0,MW,DK2,DK_2,forecast_offshore_wind_generation,Wind Offshore,2026-09-16T23:39:22Z
2026-09-16T23:36:39Z,2026-09-17T01:36:39+0200,5eaded66-6feb-4642-b750-b04b3ae504cf,2026-09-15T14:30:00Z,2026-09-15T16:30:00+0200,363.5,MW,DK2,DK_2,forecast_offshore_wind_generation,Wind Offshore,2026-09-16T23:39:22Z
2026-09-16T23:36:39Z,2026-09-17T01:36:39+0200,5eaded66-6feb-4642-b750-b04b3ae504cf,2026-09-15T14:45:00Z,2026-09-15T16:45:00+0200,360.5,MW,DK2,DK_2,forecast_offshore_wind_generation,Wind Offshore,2026-09-16T23:39:22Z
2026-09-16T23:36:39Z,2026-09-17T01:36:39+0200,5eaded66-6feb-4642-b750-b04b3ae504cf,2026-09-15T15:00:00Z,2026-09-15T17:00:00+0200,357.5,MW,DK2,DK_2,forecast_offshore_wind_generation,Wind Offshore,2026-09-16T23:39:22Z
2026-09-16T23:36:39Z,2026-09-17T01:36:39+0200,5eaded66-6feb-4642-b750-b04b3ae504cf,2026-09-15T15:15:00Z,2026-09-15T17:15:00+0200,355.333333,MW,DK2,DK_2,forecast_offshore_wind_generation,Wind Offshore,2026-09-16T23:39:22Z
2026-09-16T23:36:39Z,2026-09-17T01:36:39+0200,5eaded66-6feb-4642-b750-b04b3ae504cf,2026-09-15T15:30:00Z,2026-09-15T17:30:00+0200,352.666666,MW,DK2,DK_2,forecast_offshore_wind_generation,Wind Offshore,2026-09-16T23:39:22Z
2026-09-16T23:36:39Z,2026-09-17T01:36:39+0200,5eaded66-6feb-4642-b750-b04b3ae504cf,2026-09-15T15:45:00Z,2026-09-15T17:45:00+0200,351.166666,MW,DK2,DK_2,forecast_offshore_wind_generation,Wind Offshore,2026-09-16T23:39:22Z
2026-09-16T23:36:39Z,2026-09-17T01:36:39+0200,5eaded66-6feb-4642-b750-b04b3ae504cf,2026-09-15T16:00:00Z,2026-09-15T18:00:00+0200,351.666666,MW,DK2,DK_2,forecast_offshore_wind_generation,Wind Offshore,2026-09-16T23:39:22Z
2026-09-16T23:36:39Z,2026-09-17T01:36:39+0200,5eaded66-6feb-4642-b750-b04b3ae504cf,2026-09-15T16:15:00Z,2026-09-15T18:15:00+0200,354.5,MW,DK2,DK_2,forecast_offshore_wind_generation,Wind Offshore,2026-09-16T23:39:22Z
2026-09-16T23:36:39Z,2026-09-17T01:36:39+0200,5eaded66-6feb-4642-b750-b04b3ae504cf,2026-09-15T16:30:00Z,2026-09-15T18:30:00+0200,357.666666,MW,DK2,DK_2,forecast_offshore_wind_generation,Wind Offshore,2026-09-16T23:39:22Z
2026-09-16T23:36:39Z,2026-09-17T01:36:39+0200,5eaded66-6feb-4642-b750-b04b3ae504cf,2026-09-15T16:45:00Z,2026-09-15T18:45:00+0200,361.5,MW,DK2,DK_2,forecast_offshore_wind_generation,Wind Offshore,2026-09-16T23:39:22Z
2026-09-16T23:36:39Z,2026-09-17T01:36:39+0200,5eaded66-6feb-4642-b750-b04b3ae504cf,2026-09-15T17:00:00Z,2026-09-15T19:00:00+0200,365.5,MW,DK2,DK_2,forecast_offshore_wind_generation,Wind Offshore,2026-09-16T23:39:22Z
2026-09-16T23:36:39Z,2026-09-17T01:36:39+0200,5eaded66-6feb-4642-b750-b04b3ae504cf,2026-09-15T17:15:00Z,2026-09-15T19:15:00+0200,370.166666,MW,DK2,DK_2,forecast_offshore_wind_generation,Wind Offshore,2026-09-16T23:39:22Z
2026-09-16T23:36:39Z,2026-09-17T01:36:39+0200,5eaded66-6feb-4642-b750-b04b3ae504cf,2026-09-15T17:30:00Z,2026-09-15T19:30:00+0200,376.833333,MW,DK2,DK_2,forecast_offshore_wind_generation,Wind Offshore,2026-09-16T23:39:22Z
2026-09-16T23:36:39Z,2026-09-17T01:36:39+0200,5eaded66-6feb-4642-b750-b04b3ae504cf,2026-09-15T17:45:00Z,2026-09-15T19:45:00+0200,383.0,MW,DK2,DK_2,forecast_offshore_wind_generation,Wind Offshore,2026-09-16T23:39:22Z
2026-09-16T23:36:39Z,2026-09-17T01:36:39+0200,5eaded66-6feb-4642-b750-b04b3ae504cf,2026-09-15T18:00:00Z,2026-09-15T20:00:00+0200,390.166666,MW,DK2,DK_2,forecast_offshore_wind_generation,Wind Offshore,2026-09-16T23:39:22Z
2026-09-16T23:36:39Z,2026-09-17T01:36:39+0200,5eaded66-6feb-4642-b750-b04b3ae504cf,2026-09-15T18:15:00Z,2026-09-15T20:15:00+0200,400.166666,MW,DK2,DK_2,forecast_offshore_wind_generation,Wind Offshore,2026-09-16T23:39:22Z
2026-09-16T23:36:39Z,2026-09-17T01:36:39+0200,5eaded66-6feb-4642-b750-b04b3ae504cf,2026-09-15T18:30:00Z,2026-09-15T20:30:00+0200,411.333333,MW,DK2,DK_2,forecast_offshore_wind_generation,Wind Offshore,2026-09-16T23:39:22Z
2026-09-16T23:36:39Z,2026-09-17T01:36:39+0200,5eaded66-6feb-4642-b750-b04b3ae504cf,2026-09-15T18:45:00Z,2026-09-15T20:45:00+0200,421.333333,MW,DK2,DK_2,forecast_offshore_wind_generation,Wind Offshore,2026-09-16T23:39:22Z
2026-09-16T23:36:39Z,2026-09-17T01:36:39+0200,5eaded66-6feb-4642-b750-b04b3ae504cf,2026-09-15T19:00:00Z,2026-09-15T21:00:00+0200,431.0,MW,DK2,DK_2,forecast_offshore_wind_generation,Wind Offshore,2026-09-16T23:39:22Z
2026-09-16T23:36:39Z,2026-09-17T01:36:39+0200,5eaded66-6feb-4642-b750-b04b3ae504cf,2026-09-15T19:15:00Z,2026-09-15T21:15:00+0200,441.5,MW,DK2,DK_2,forecast_offshore_wind_generation,Wind Offshore,2026-09-16T23:39:22Z
2026-09-16T23:36:39Z,2026-09-17T01:36:39+0200,5eaded66-6feb-4642-b750-b04b3ae504cf,2026-09-15T19:30:00Z,2026-09-15T21:30:00+0200,452.0,MW,DK2,DK_2,forecast_offshore_wind_generation,Wind Offshore,2026-09-16T23:39:22Z
2026-09-16T23:36:39Z,2026-09-17T01:36:39+0200,5eaded66-6feb-4642-b750-b04b3ae504cf,2026-09-15T19:45:00Z,2026-09-15T21:45:00+0200,462.333333,MW,DK2,DK_2,forecast_offshore_wind_generation,Wind Offshore,2026-09-16T23:39:22Z
2026-09-16T23:36:39Z,2026-09-17T01:36:39+0200,5eaded66-6feb-4642-b750-b04b3ae504cf,2026-09-15T20:00:00Z,2026-09-15T22:00:00+0200,473.166666,MW,DK2,DK_2,forecast_offshore_wind_generation,Wind Offshore,2026-09-16T23:39:22Z
2026-09-16T23:36:39Z,2026-09-17T01:36:39+0200,5eaded66-6feb-4642-b750-b04b3ae504cf,2026-09-15T20:15:00Z,2026-09-15T22:15:00+0200,487.666666,MW,DK2,DK_2,forecast_offshore_wind_generation,Wind Offshore,2026-09-16T23:39:22Z
2026-09-16T23:36:39Z,2026-09-17T01:36:39+0200,5eaded66-6feb-4642-b750-b04b3ae504cf,2026-09-15T20:30:00Z,2026-09-15T22:30:00+0200,503.833333,MW,DK2,DK_2,forecast_offshore_wind_generation,Wind Offshore,2026-09-16T23:39:22Z
2026-09-16T23:36:39Z,2026-09-17T01:36:39+0200,5eaded66-6feb-4642-b750-b04b3ae504cf,2026-09-15T20:45:00Z,2026-09-15T22:45:00+0200,516.166666,MW,DK2,DK_2,forecast_offshore_wind_generation,Wind Offshore,2026-09-16T23:39:22Z
2026-09-16T23:36:39Z,2026-09-17T01:36:39+0200,5eaded66-6feb-4642-b750-b04b3ae504cf,2026-09-15T21:00:00Z,2026-09-15T23:00:00+0200,521.5,MW,DK2,DK_2,forecast_offshore_wind_generation,Wind Offshore,2026-09-16T23:39:22Z
2026-09-16T23:36:39Z,2026-09-17T01:36:39+0200,5eaded66-6feb-4642-b750-b04b3ae504cf,2026-09-15T21:15:00Z,2026-09-15T23:15:00+0200,524.0,MW,DK2,DK_2,forecast_offshore_wind_generation,Wind Offshore,2026-09-16T23:39:22Z
2026-09-16T23:36:39Z,2026-09-17T01:36:39+0200,5eaded66-6feb-4642-b750-b04b3ae504cf,2026-09-15T21:30:00Z,2026-09-15T23:30:00+0200,524.333333,MW,DK2,DK_2,forecast_offshore_wind_generation,Wind Offshore,2026-09-16T23:39:22Z
2026-09-16T23:36:39Z,2026-09-17T01:36:39+0200,5eaded66-6feb-4642-b750-b04b3ae504cf,2026-09-15T21:45:00Z,2026-09-15T23:45:00+0200,520.833333,MW,DK2,DK_2,forecast_offshore_wind_generation,Wind Offshore,2026-09-16T23:39:22Z
2026-09-16T23:36:39Z,2026-09-17T01:36:39+0200,5eaded66-6feb-4642-b750-b04b3ae504cf,2026-09-15T22:00:00Z,2026-09-16T00:00:00+0200,505.166666,MW,DK2,DK_2,forecast_offshore_wind_generation,Wind Offshore,2026-09-16T23:39:22Z
2026-09-16T23:36:39Z,2026-09-17T01:36:39+0200,5eaded66-6feb-4642-b750-b04b3ae504cf,2026-09-15T22:15:00Z,2026-09-16T00:15:00+0200,497.166666,MW,DK2,DK_2,forecast_offshore_wind_generation,Wind Offshore,2026-09-16T23:39:22Z
2026-09-16T23:36:39Z,2026-09-17T01:36:39+0200,5eaded66-6feb-4642-b750-b04b3ae504cf,2026-09-15T22:30:00Z,2026-09-16T00:30:00+0200,493.0,MW,DK2,DK_2,forecast_offshore_wind_generation,Wind Offshore,2026-09-16T23:39:22Z
2026-09-16T23:36:39Z,2026-09-17T01:36:39+0200,5eaded66-6feb-4642-b750-b04b3ae504cf,2026-09-15T22:45:00Z,2026-09-16T00:45:00+0200,488.0,MW,DK2,DK_2,forecast_offshore_wind_generation,Wind Offshore,2026-09-16T23:39:22Z
2026-09-16T23:36:39Z,2026-09-17T01:36:39+0200,5eaded66-6feb-4642-b750-b04b3ae504cf,2026-09-15T23:00:00Z,2026-09-16T01:00:00+0200,479.833333,MW,DK2,DK_2,forecast_offshore_wind_generation,Wind Offshore,2026-09-16T23:39:22Z
2026-09-16T23:36:39Z,2026-09-17T01:36:39+0200,5eaded66-6feb-4642-b750-b04b3ae504cf,2026-09-15T23:15:00Z,2026-09-16T01:15:00+0200,467.5,MW,DK2,DK_2,forecast_offshore_wind_generation,Wind Offshore,2026-09-16T23:39:22Z
2026-09-16T23:36:39Z,2026-09-17T01:36:39+0200,5eaded66-6feb-4642-b750-b04b3ae504cf,2026-09-15T23:30:00Z,2026-09-16T01:30:00+0200,454.0,MW,DK2,DK_2,forecast_offshore_wind_generation,Wind Offshore,2026-09-16T23:39:22Z
2026-09-16T23:36:39Z,2026-09-17T01:36:39+0200,5eaded66-6feb-4642-b750-b04b3ae504cf,2026-09-15T23:45:00Z,2026-09-16T01:45:00+0200,441.166666,MW,DK2,DK_2,forecast_offshore_wind_generation,Wind Offshore,2026-09-16T23:39:22Z
2026-09-16T23:36:39Z,2026-09-17T01:36:39+0200,5eaded66-6feb-4642-b750-b04b3ae504cf,2026-09-16T00:00:00Z,2026-09-16T02:00:00+0200,427.0,MW,DK2,DK_2,forecast_offshore_wind_generation,Wind Offshore,2026-09-16T23:39:22Z
2026-09-16T23:36:39Z,2026-09-17T01:36:39+0200,5eaded66-6feb-4642-b750-b04b3ae504cf,2026-09-16T00:15:00Z,2026-09-16T02:15:00+0200,388.166666,MW,DK2,DK_2,forecast_offshore_wind_generation,Wind Offshore,2026-09-16T23:39:22Z
2026-09-16T23:36:39Z,2026-09-17T01:36:39+0200,5eaded66-6feb-4642-b750-b04b3ae504cf,2026-09-16T00:30:00Z,2026-09-16T02:30:00+0200,314.666666,MW,DK2,DK_2,forecast_offshore_wind_generation,Wind Offshore,2026-09-16T23:39:22Z
2026-09-16T23:36:39Z,2026-09-17T01:36:39+0200,5eaded66-6feb-4642-b750-b04b3ae504cf,2026-09-16T00:45:00Z,2026-09-16T02:45:00+0200,264.166666,MW,DK2,DK_2,forecast_offshore_wind_generation,Wind Offshore,2026-09-16T23:39:22Z
2026-09-16T23:36:39Z,2026-09-17T01:36:39+0200,5eaded66-6feb-4642-b750-b04b3ae504cf,2026-09-16T01:00:00Z,2026-09-16T03:00:00+0200,244.666666,MW,DK2,DK_2,forecast_offshore_wind_generation,Wind Offshore,2026-09-16T23:39:22Z
2026-09-16T23:36:39Z,2026-09-17T01:36:39+0200,5eaded66-6feb-4642-b750-b04b3ae504cf,2026-09-16T01:15:00Z,2026-09-16T03:15:00+0200,232.5,MW,DK2,DK_2,forecast_offshore_wind_generation,Wind Offshore,2026-09-16T23:39:22Z
2026-09-16T23:36:39Z,2026-09-17T01:36:39+0200,5eaded66-6feb-4642-b750-b04b3ae504cf,2026-09-16T01:30:00Z,2026-09-16T03:30:00+0200,223.0,MW,DK2,DK_2,forecast_offshore_wind_generation,Wind Offshore,2026-09-16T23:39:22Z
2026-09-16T23:36:39Z,2026-09-17T01:36:39+0200,5eaded66-6feb-4642-b750-b04b3ae504cf,2026-09-16T01:45:00Z,2026-09-16T03:45:00+0200,215.333333,MW,DK2,DK_2,forecast_offshore_wind_generation,Wind Offshore,2026-09-16T23:39:22Z
2026-09-16T23:36:39Z,2026-09-17T01:36:39+0200,5eaded66-6feb-4642-b750-b04b3ae504cf,2026-09-16T02:00:00Z,2026-09-16T04:00:00+0200,210.666666,MW,DK2,DK_2,forecast_offshore_wind_generation,Wind Offshore,2026-09-16T23:39:22Z
2026-09-16T23:36:39Z,2026-09-17T01:36:39+0200,5eaded66-6feb-4642-b750-b04b3ae504cf,2026-09-16T02:15:00Z,2026-09-16T04:15:00+0200,209.0,MW,DK2,DK_2,forecast_offshore_wind_generation,Wind Offshore,2026-09-16T23:39:22Z
2026-09-16T23:36:39Z,2026-09-17T01:36:39+0200,5eaded66-6feb-4642-b750-b04b3ae504cf,2026-09-16T02:30:00Z,2026-09-16T04:30:00+0200,209.5,MW,DK2,DK_2,forecast_offshore_wind_generation,Wind Offshore,2026-09-16T23:39:22Z
2026-09-16T23:36:39Z,2026-09-17T01:36:39+0200,5eaded66-6feb-4642-b750-b04b3ae504cf,2026-09-16T02:45:00Z,2026-09-16T04:45:00+0200,210.166666,MW,DK2,DK_2,forecast_offshore_wind_generation,Wind Offshore,2026-09-16T23:39:22Z
2026-09-16T23:36:39Z,2026-09-17T01:36:39+0200,5eaded66-6feb-4642-b750-b04b3ae504cf,2026-09-16T03:00:00Z,2026-09-16T05:00:00+0200,211.5,MW,DK2,DK_2,forecast_offshore_wind_generation,Wind Offshore,2026-09-16T23:39:22Z
2026-09-16T23:36:39Z,2026-09-17T01:36:39+0200,5eaded66-6feb-4642-b750-b04b3ae504cf,2026-09-16T03:15:00Z,2026-09-16T05:15:00+0200,213.333333,MW,DK2,DK_2,forecast_offshore_wind_generation,Wind Offshore,2026-09-16T23:39:22Z
2026-09-16T23:36:39Z,2026-09-17T01:36:39+0200,5eaded66-6feb-4642-b750-b04b3ae504cf,2026-09-16T03:30:00Z,2026-09-16T05:30:00+0200,215.5,MW,DK2,DK_2,forecast_offshore_wind_generation,Wind Offshore,2026-09-16T23:39:22Z
2026-09-16T23:36:39Z,2026-09-17T01:36:39+0200,5eaded66-6feb-4642-b750-b04b3ae504cf,2026-09-16T03:45:00Z,2026-09-16T05:45:00+0200,219.333333,MW,DK2,DK_2,forecast_offshore_wind_generation,Wind Offshore,2026-09-16T23:39:22Z
2026-09-16T23:36:39Z,2026-09-17T01:36:39+0200,5eaded66-6feb-4642-b750-b04b3ae504cf,2026-09-16T04:00:00Z,2026-09-16T06:00:00+0200,223.0,MW,DK2,DK_2,forecast_offshore_wind_generation,Wind Offshore,2026-09-16T23:39:22Z
2026-09-16T23:36:39Z,2026-09-17T01:36:39+0200,5eaded66-6feb-4642-b750-b04b3ae504cf,2026-09-16T04:15:00Z,2026-09-16T06:15:00+0200,227.0,MW,DK2,DK_2,forecast_offshore_wind_generation,Wind Offshore,2026-09-16T23:39:22Z
2026-09-16T23:36:39Z,2026-09-17T01:36:39+0200,5eaded66-6feb-4642-b750-b04b3ae504cf,2026-09-16T04:30:00Z,2026-09-16T06:30:00+0200,232.0,MW,DK2,DK_2,forecast_offshore_wind_generation,Wind Offshore,2026-09-16T23:39:22Z
2026-09-16T23:36:39Z,2026-09-17T01:36:39+0200,5eaded66-6feb-4642-b750-b04b3ae504cf,2026-09-16T04:45:00Z,2026-09-16T06:45:00+0200,236.5,MW,DK2,DK_2,forecast_offshore_wind_generation,Wind Offshore,2026-09-16T23:39:22Z
2026-09-16T23:36:39Z,2026-09-17T01:36:39+0200,5eaded66-6feb-4642-b750-b04b3ae504cf,2026-09-16T05:00:00Z,2026-09-16T07:00:00+0200,243.166666,MW,DK2,DK_2,forecast_offshore_wind_generation,Wind Offshore,2026-09-16T23:39:22Z
2026-09-16T23:36:39Z,2026-09-17T01:36:39+0200,5eaded66-6feb-4642-b750-b04b3ae504cf,2026-09-16T05:15:00Z,2026-09-16T07:15:00+0200,255.666666,MW,DK2,DK_2,forecast_offshore_wind_generation,Wind Offshore,2026-09-16T23:39:22Z
2026-09-16T23:36:39Z,2026-09-17T01:36:39+0200,5eaded66-6feb-4642-b750-b04b3ae504cf,2026-09-16T05:30:00Z,2026-09-16T07:30:00+0200,270.333333,MW,DK2,DK_2,forecast_offshore_wind_generation,Wind Offshore,2026-09-16T23:39:22Z
2026-09-16T23:36:39Z,2026-09-17T01:36:39+0200,5eaded66-6feb-4642-b750-b04b3ae504cf,2026-09-16T05:45:00Z,2026-09-16T07:45:00+0200,280.666666,MW,DK2,DK_2,forecast_offshore_wind_generation,Wind Offshore,2026-09-16T23:39:22Z
2026-09-16T23:36:39Z,2026-09-17T01:36:39+0200,5eaded66-6feb-4642-b750-b04b3ae504cf,2026-09-16T06:00:00Z,2026-09-16T08:00:00+0200,282.166666,MW,DK2,DK_2,forecast_offshore_wind_generation,Wind Offshore,2026-09-16T23:39:22Z
2026-09-16T23:36:39Z,2026-09-17T01:36:39+0200,5eaded66-6feb-4642-b750-b04b3ae504cf,2026-09-16T06:15:00Z,2026-09-16T08:15:00+0200,276.333333,MW,DK2,DK_2,forecast_offshore_wind_generation,Wind Offshore,2026-09-16T23:39:22Z
2026-09-16T23:36:39Z,2026-09-17T01:36:39+0200,5eaded66-6feb-4642-b750-b04b3ae504cf,2026-09-16T06:30:00Z,2026-09-16T08:30:00+0200,267.5,MW,DK2,DK_2,forecast_offshore_wind_generation,Wind Offshore,2026-09-16T23:39:22Z
2026-09-16T23:36:39Z,2026-09-17T01:36:39+0200,5eaded66-6feb-4642-b750-b04b3ae504cf,2026-09-16T06:45:00Z,2026-09-16T08:45:00+0200,259.666666,MW,DK2,DK_2,forecast_offshore_wind_generation,Wind Offshore,2026-09-16T23:39:22Z
2026-09-16T23:36:39Z,2026-09-17T01:36:39+0200,5eaded66-6feb-4642-b750-b04b3ae504cf,2026-09-16T07:00:00Z,2026-09-16T09:00:00+0200,254.5,MW,DK2,DK_2,forecast_offshore_wind_generation,Wind Offshore,2026-09-16T23:39:22Z
2026-09-16T23:36:39Z,2026-09-17T01:36:39+0200,5eaded66-6feb-4642-b750-b04b3ae504cf,2026-09-16T07:15:00Z,2026-09-16T09:15:00+0200,249.0,MW,DK2,DK_2,forecast_offshore_wind_generation,Wind Offshore,2026-09-16T23:39:22Z
2026-09-16T23:36:39Z,2026-09-17T01:36:39+0200,5eaded66-6feb-4642-b750-b04b3ae504cf,2026-09-16T07:30:00Z,2026-09-16T09:30:00+0200,244.0,MW,DK2,DK_2,forecast_offshore_wind_generation,Wind Offshore,2026-09-16T23:39:22Z
2026-09-16T23:36:39Z,2026-09-17T01:36:39+0200,5eaded66-6feb-4642-b750-b04b3ae504cf,2026-09-16T07:45:00Z,2026-09-16T09:45:00+0200,242.0,MW,DK2,DK_2,forecast_offshore_wind_generation,Wind Offshore,2026-09-16T23:39:22Z
2026-09-16T23:36:39Z,2026-09-17T01:36:39+0200,5eaded66-6feb-4642-b750-b04b3ae504cf,2026-09-16T08:00:00Z,2026-09-16T10:00:00+0200,243.5,MW,DK2,DK_2,forecast_offshore_wind_generation,Wind Offshore,2026-09-16T23:39:22Z
2026-09-16T23:36:39Z,2026-09-17T01:36:39+0200,5eaded66-6feb-4642-b750-b04b3ae504cf,2026-09-16T08:15:00Z,2026-09-16T10:15:00+0200,248.0,MW,DK2,DK_2,forecast_offshore_wind_generation,Wind Offshore,2026-09-16T23:39:22Z
2026-09-16T23:36:39Z,2026-09-17T01:36:39+0200,5eaded66-6feb-4642-b750-b04b3ae504cf,2026-09-16T08:30:00Z,2026-09-16T10:30:00+0200,254.0,MW,DK2,DK_2,forecast_offshore_wind_generation,Wind Offshore,2026-09-16T23:39:22Z
2026-09-16T23:36:39Z,2026-09-17T01:36:39+0200,5eaded66-6feb-4642-b750-b04b3ae504cf,2026-09-16T08:45:00Z,2026-09-16T10:45:00+0200,259.333333,MW,DK2,DK_2,forecast_offshore_wind_generation,Wind Offshore,2026-09-16T23:39:22Z
2026-09-16T23:36:39Z,2026-09-17T01:36:39+0200,5eaded66-6feb-4642-b750-b04b3ae504cf,2026-09-16T09:00:00Z,2026-09-16T11:00:00+0200,261.0,MW,DK2,DK_2,forecast_offshore_wind_generation,Wind Offshore,2026-09-16T23:39:22Z
2026-09-16T23:36:39Z,2026-09-17T01:36:39+0200,5eaded66-6feb-4642-b750-b04b3ae504cf,2026-09-16T09:15:00Z,2026-09-16T11:15:00+0200,259.5,MW,DK2,DK_2,forecast_offshore_wind_generation,Wind Offshore,2026-09-16T23:39:22Z
2026-09-16T23:36:39Z,2026-09-17T01:36:39+0200,5eaded66-6feb-4642-b750-b04b3ae504cf,2026-09-16T09:30:00Z,2026-09-16T11:30:00+0200,256.666666,MW,DK2,DK_2,forecast_offshore_wind_generation,Wind Offshore,2026-09-16T23:39:22Z
2026-09-16T23:36:39Z,2026-09-17T01:36:39+0200,5eaded66-6feb-4642-b750-b04b3ae504cf,2026-09-16T09:45:00Z,2026-09-16T11:45:00+0200,256.0,MW,DK2,DK_2,forecast_offshore_wind_generation,Wind Offshore,2026-09-16T23:39:22Z
2026-09-16T23:36:39Z,2026-09-17T01:36:39+0200,5eaded66-6feb-4642-b750-b04b3ae504cf,2026-09-16T10:00:00Z,2026-09-16T12:00:00+0200,258.0,MW,DK2,DK_2,forecast_offshore_wind_generation,Wind Offshore,2026-09-16T23:39:22Z
2026-09-16T23:36:39Z,2026-09-17T01:36:39+0200,5eaded66-6feb-4642-b750-b04b3ae504cf,2026-09-16T10:15:00Z,2026-09-16T12:15:00+0200,263.0,MW,DK2,DK_2,forecast_offshore_wind_generation,Wind Offshore,2026-09-16T23:39:22Z
2026-09-16T23:36:39Z,2026-09-17T01:36:39+0200,5eaded66-6feb-4642-b750-b04b3ae504cf,2026-09-16T10:30:00Z,2026-09-16T12:30:00+0200,270.333333,MW,DK2,DK_2,forecast_offshore_wind_generation,Wind Offshore,2026-09-16T23:39:22Z
2026-09-16T23:36:39Z,2026-09-17T01:36:39+0200,5eaded66-6feb-4642-b750-b04b3ae504cf,2026-09-16T10:45:00Z,2026-09-16T12:45:00+0200,278.333333,MW,DK2,DK_2,forecast_offshore_wind_generation,Wind Offshore,2026-09-16T23:39:22Z
2026-09-16T23:36:39Z,2026-09-17T01:36:39+0200,5eaded66-6feb-4642-b750-b04b3ae504cf,2026-09-16T11:00:00Z,2026-09-16T13:00:00+0200,286.5,MW,DK2,DK_2,forecast_offshore_wind_generation,Wind Offshore,2026-09-16T23:39:22Z
2026-09-16T23:36:39Z,2026-09-17T01:36:39+0200,5eaded66-6feb-4642-b750-b04b3ae504cf,2026-09-16T11:15:00Z,2026-09-16T13:15:00+0200,297.0,MW,DK2,DK_2,forecast_offshore_wind_generation,Wind Offshore,2026-09-16T23:39:22Z
2026-09-16T23:36:39Z,2026-09-17T01:36:39+0200,5eaded66-6feb-4642-b750-b04b3ae504cf,2026-09-16T11:30:00Z,2026-09-16T13:30:00+0200,309.0,MW,DK2,DK_2,forecast_offshore_wind_generation,Wind Offshore,2026-09-16T23:39:22Z
2026-09-16T23:36:39Z,2026-09-17T01:36:39+0200,5eaded66-6feb-4642-b750-b04b3ae504cf,2026-09-16T11:45:00Z,2026-09-16T13:45:00+0200,319.333333,MW,DK2,DK_2,forecast_offshore_wind_generation,Wind Offshore,2026-09-16T23:39:22Z
2026-09-16T23:36:39Z,2026-09-17T01:36:39+0200,5eaded66-6feb-4642-b750-b04b3ae504cf,2026-09-16T12:00:00Z,2026-09-16T14:00:00+0200,325.833333,MW,DK2,DK_2,forecast_offshore_wind_generation,Wind Offshore,2026-09-16T23:39:22Z
2026-09-16T23:36:39Z,2026-09-17T01:36:39+0200,5eaded66-6feb-4642-b750-b04b3ae504cf,2026-09-16T12:15:00Z,2026-09-16T14:15:00+0200,330.333333,MW,DK2,DK_2,forecast_offshore_wind_generation,Wind Offshore,2026-09-16T23:39:22Z
2026-09-16T23:36:39Z,2026-09-17T01:36:39+0200,5eaded66-6feb-4642-b750-b04b3ae504cf,2026-09-16T12:30:00Z,2026-09-16T14:30:00+0200,334.5,MW,DK2,DK_2,forecast_offshore_wind_generation,Wind Offshore,2026-09-16T23:39:22Z
2026-09-16T23:36:39Z,2026-09-17T01:36:39+0200,5eaded66-6feb-4642-b750-b04b3ae504cf,2026-09-16T12:45:00Z,2026-09-16T14:45:00+0200,339.333333,MW,DK2,DK_2,forecast_offshore_wind_generation,Wind Offshore,2026-09-16T23:39:22Z
2026-09-16T23:36:39Z,2026-09-17T01:36:39+0200,5eaded66-6feb-4642-b750-b04b3ae504cf,2026-09-16T13:00:00Z,2026-09-16T15:00:00+0200,345.333333,MW,DK2,DK_2,forecast_offshore_wind_generation,Wind Offshore,2026-09-16T23:39:22Z
2026-09-16T23:36:39Z,2026-09-17T01:36:39+0200,5eaded66-6feb-4642-b750-b04b3ae504cf,2026-09-16T13:15:00Z,2026-09-16T15:15:00+0200,348.333333,MW,DK2,DK_2,forecast_offshore_wind_generation,Wind Offshore,2026-09-16T23:39:22Z
2026-09-16T23:36:39Z,2026-09-17T01:36:39+0200,5eaded66-6feb-4642-b750-b04b3ae504cf,2026-09-16T13:30:00Z,2026-09-16T15:30:00+0200,351.5,MW,DK2,DK_2,forecast_offshore_wind_generation,Wind Offshore,2026-09-16T23:39:22Z
2026-09-16T23:36:39Z,2026-09-17T01:36:39+0200,5eaded66-6feb-4642-b750-b04b3ae504cf,2026-09-16T13:45:00Z,2026-09-16T15:45:00+0200,357.666666,MW,DK2,DK_2,forecast_offshore_wind_generation,Wind Offshore,2026-09-16T23:39:22Z
2026-09-16T23:36:39Z,2026-09-17T01:36:39+0200,5eaded66-6feb-4642-b750-b04b3ae504cf,2026-09-16T14:00:00Z,2026-09-16T16:00:00+0200,368.333333,MW,DK2,DK_2,forecast_offshore_wind_generation,Wind Offshore,2026-09-16T23:39:22Z
2026-09-16T23:36:39Z,2026-09-17T01:36:39+0200,5eaded66-6feb-4642-b750-b04b3ae504cf,2026-09-16T14:15:00Z,2026-09-16T16:15:00+0200,385.833333,MW,DK2,DK_2,forecast_offshore_wind_generation,Wind Offshore,2026-09-16T23:39:22Z
2026-09-16T23:36:39Z,2026-09-17T01:36:39+0200,5eaded66-6feb-4642-b750-b04b3ae504cf,2026-09-16T14:30:00Z,2026-09-16T16:30:00+0200,407.5,MW,DK2,DK_2,forecast_offshore_wind_generation,Wind Offshore,2026-09-16T23:39:22Z
2026-09-16T23:36:39Z,2026-09-17T01:36:39+0200,5eaded66-6feb-4642-b750-b04b3ae504cf,2026-09-16T14:45:00Z,2026-09-16T16:45:00+0200,425.666666,MW,DK2,DK_2,forecast_offshore_wind_generation,Wind Offshore,2026-09-16T23:39:22Z
2026-09-16T23:36:39Z,2026-09-17T01:36:39+0200,5eaded66-6feb-4642-b750-b04b3ae504cf,2026-09-16T15:00:00Z,2026-09-16T17:00:00+0200,435.5,MW,DK2,DK_2,forecast_offshore_wind_generation,Wind Offshore,2026-09-16T23:39:22Z
2026-09-16T23:36:39Z,2026-09-17T01:36:39+0200,5eaded66-6feb-4642-b750-b04b3ae504cf,2026-09-16T15:15:00Z,2026-09-16T17:15:00+0200,441.5,MW,DK2,DK_2,forecast_offshore_wind_generation,Wind Offshore,2026-09-16T23:39:22Z
2026-09-16T23:36:39Z,2026-09-17T01:36:39+0200,5eaded66-6feb-4642-b750-b04b3ae504cf,2026-09-16T15:30:00Z,2026-09-16T17:30:00+0200,446.333333,MW,DK2,DK_2,forecast_offshore_wind_generation,Wind Offshore,2026-09-16T23:39:22Z
2026-09-16T23:36:39Z,2026-09-17T01:36:39+0200,5eaded66-6feb-4642-b750-b04b3ae504cf,2026-09-16T15:45:00Z,2026-09-16T17:45:00+0200,449.5,MW,DK2,DK_2,forecast_offshore_wind_generation,Wind Offshore,2026-09-16T23:39:22Z
2026-09-16T23:36:39Z,2026-09-17T01:36:39+0200,5eaded66-6feb-4642-b750-b04b3ae504cf,2026-09-16T16:00:00Z,2026-09-16T18:00:00+0200,452.5,MW,DK2,DK_2,forecast_offshore_wind_generation,Wind Offshore,2026-09-16T23:39:22Z
2026-09-16T23:36:39Z,2026-09-17T01:36:39+0200,5eaded66-6feb-4642-b750-b04b3ae504cf,2026-09-16T16:15:00Z,2026-09-16T18:15:00+0200,454.5,MW,DK2,DK_2,forecast_offshore_wind_generation,Wind Offshore,2026-09-16T23:39:22Z
2026-09-16T23:36:39Z,2026-09-17T01:36:39+0200,5eaded66-6feb-4642-b750-b04b3ae504cf,2026-09-16T16:30:00Z,2026-09-16T18:30:00+0200,455.5,MW,DK2,DK_2,forecast_offshore_wind_generation,Wind Offshore,2026-09-16T23:39:22Z
2026-09-16T23:36:39Z,2026-09-17T01:36:39+0200,5eaded66-6feb-4642-b750-b04b3ae504cf,2026-09-16T16:45:00Z,2026-09-16T18:45:00+0200,456.833333,MW,DK2,DK_2,forecast_offshore_wind_generation,Wind Offshore,2026-09-16T23:39:22Z
2026-09-16T23:36:39Z,2026-09-17T01:36:39+0200,5eaded66-6feb-4642-b750-b04b3ae504cf,2026-09-16T17:00:00Z,2026-09-16T19:00:00+0200,458.5,MW,DK2,DK_2,forecast_offshore_wind_generation,Wind Offshore,2026-09-16T23:39:22Z
2026-09-16T23:36:39Z,2026-09-17T01:36:39+0200,5eaded66-6feb-4642-b750-b04b3ae504cf,2026-09-16T17:15:00Z,2026-09-16T19:15:00+0200,462.0,MW,DK2,DK_2,forecast_offshore_wind_generation,Wind Offshore,2026-09-16T23:39:22Z
2026-09-16T23:36:39Z,2026-09-17T01:36:39+0200,5eaded66-6feb-4642-b750-b04b3ae504cf,2026-09-16T17:30:00Z,2026-09-16T19:30:00+0200,466.5,MW,DK2,DK_2,forecast_offshore_wind_generation,Wind Offshore,2026-09-16T23:39:22Z
2026-09-16T23:36:39Z,2026-09-17T01:36:39+0200,5eaded66-6feb-4642-b750-b04b3ae504cf,2026-09-16T17:45:00Z,2026-09-16T19:45:00+0200,470.5,MW,DK2,DK_2,forecast_offshore_wind_generation,Wind Offshore,2026-09-16T23:39:22Z
2026-09-16T23:36:39Z,2026-09-17T01:36:39+0200,5eaded66-6feb-4642-b750-b04b3ae504cf,2026-09-16T18:00:00Z,2026-09-16T20:00:00+0200,477.166666,MW,DK2,DK_2,forecast_offshore_wind_generation,Wind Offshore,2026-09-16T23:39:22Z
2026-09-16T23:36:39Z,2026-09-17T01:36:39+0200,5eaded66-6feb-4642-b750-b04b3ae504cf,2026-09-16T18:15:00Z,2026-09-16T20:15:00+0200,497.333333,MW,DK2,DK_2,forecast_offshore_wind_generation,Wind Offshore,2026-09-16T23:39:22Z
2026-09-16T23:36:39Z,2026-09-17T01:36:39+0200,5eaded66-6feb-4642-b750-b04b3ae504cf,2026-09-16T18:30:00Z,2026-09-16T20:30:00+0200,530.166666,MW,DK2,DK_2,forecast_offshore_wind_generation,Wind Offshore,2026-09-16T23:39:22Z
2026-09-16T23:36:39Z,2026-09-17T01:36:39+0200,5eaded66-6feb-4642-b750-b04b3ae504cf,2026-09-16T18:45:00Z,2026-09-16T20:45:00+0200,557.666666,MW,DK2,DK_2,forecast_offshore_wind_generation,Wind Offshore,2026-09-16T23:39:22Z
2026-09-16T23:36:39Z,2026-09-17T01:36:39+0200,5eaded66-6feb-4642-b750-b04b3ae504cf,2026-09-16T19:00:00Z,2026-09-16T21:00:00+0200,570.5,MW,DK2,DK_2,forecast_offshore_wind_generation,Wind Offshore,2026-09-16T23:39:22Z
2026-09-16T23:36:39Z,2026-09-17T01:36:39+0200,5eaded66-6feb-4642-b750-b04b3ae504cf,2026-09-16T19:15:00Z,2026-09-16T21:15:00+0200,579.5,MW,DK2,DK_2,forecast_offshore_wind_generation,Wind Offshore,2026-09-16T23:39:22Z
2026-09-16T23:36:39Z,2026-09-17T01:36:39+0200,5eaded66-6feb-4642-b750-b04b3ae504cf,2026-09-16T19:30:00Z,2026-09-16T21:30:00+0200,588.5,MW,DK2,DK_2,forecast_offshore_wind_generation,Wind Offshore,2026-09-16T23:39:22Z
2026-09-16T23:36:39Z,2026-09-17T01:36:39+0200,5eaded66-6feb-4642-b750-b04b3ae504cf,2026-09-16T19:45:00Z,2026-09-16T21:45:00+0200,597.0,MW,DK2,DK_2,forecast_offshore_wind_generation,Wind Offshore,2026-09-16T23:39:22Z
2026-09-16T23:36:39Z,2026-09-17T01:36:39+0200,5eaded66-6feb-4642-b750-b04b3ae504cf,2026-09-16T20:00:00Z,2026-09-16T22:00:00+0200,607.0,MW,DK2,DK_2,forecast_offshore_wind_generation,Wind Offshore,2026-09-16T23:39:22Z
2026-09-16T23:36:39Z,2026-09-17T01:36:39+0200,5eaded66-6feb-4642-b750-b04b3ae504cf,2026-09-16T20:15:00Z,2026-09-16T22:15:00+0200,621.333333,MW,DK2,DK_2,forecast_offshore_wind_generation,Wind Offshore,2026-09-16T23:39:22Z
2026-09-16T23:36:39Z,2026-09-17T01:36:39+0200,5eaded66-6feb-4642-b750-b04b3ae504cf,2026-09-16T20:30:00Z,2026-09-16T22:30:00+0200,637.166666,MW,DK2,DK_2,forecast_offshore_wind_generation,Wind Offshore,2026-09-16T23:39:22Z
2026-09-16T23:36:39Z,2026-09-17T01:36:39+0200,5eaded66-6feb-4642-b750-b04b3ae504cf,2026-09-16T20:45:00Z,2026-09-16T22:45:00+0200,647.666666,MW,DK2,DK_2,forecast_offshore_wind_generation,Wind Offshore,2026-09-16T23:39:22Z
2026-09-16T23:36:39Z,2026-09-17T01:36:39+0200,5eaded66-6feb-4642-b750-b04b3ae504cf,2026-09-16T21:00:00Z,2026-09-16T23:00:00+0200,650.0,MW,DK2,DK_2,forecast_offshore_wind_generation,Wind Offshore,2026-09-16T23:39:22Z
2026-09-16T23:36:39Z,2026-09-17T01:36:39+0200,5eaded66-6feb-4642-b750-b04b3ae504cf,2026-09-16T21:15:00Z,2026-09-16T23:15:00+0200,649.333333,MW,DK2,DK_2,forecast_offshore_wind_generation,Wind Offshore,2026-09-16T23:39:22Z
2026-09-16T23:36:39Z,2026-09-17T01:36:39+0200,5eaded66-6feb-4642-b750-b04b3ae504cf,2026-09-16T21:30:00Z,2026-09-16T23:30:00+0200,647.5,MW,DK2,DK_2,forecast_offshore_wind_generation,Wind Offshore,2026-09-16T23:39:22Z
2026-09-16T23:36:39Z,2026-09-17T01:36:39+0200,5eaded66-6feb-4642-b750-b04b3ae504cf,2026-09-16T21:45:00Z,2026-09-16T23:45:00+0200,646.5,MW,DK2,DK_2,forecast_offshore_wind_generation,Wind Offshore,2026-09-16T23:39:22Z
2026-09-16T23:36:39Z,2026-09-17T01:36:39+0200,5eaded66-6feb-4642-b750-b04b3ae504cf,2026-09-16T22:00:00Z,2026-09-17T00:00:00+0200,624.333333,MW,DK2,DK_2,forecast_offshore_wind_generation,Wind Offshore,2026-09-16T23:39:22Z
2026-09-16T23:36:39Z,2026-09-17T01:36:39+0200,5eaded66-6feb-4642-b750-b04b3ae504cf,2026-09-16T22:15:00Z,2026-09-17T00:15:00+0200,621.833333,MW,DK2,DK_2,forecast_offshore_wind_generation,Wind Offshore,2026-09-16T23:39:22Z
2026-09-16T23:36:39Z,2026-09-17T01:36:39+0200,5eaded66-6feb-4642-b750-b04b3ae504cf,2026-09-16T22:30:00Z,2026-09-17T00:30:00+0200,615.5,MW,DK2,DK_2,forecast_offshore_wind_generation,Wind Offshore,2026-09-16T23:39:22Z
2026-09-16T23:36:39Z,2026-09-17T01:36:39+0200,5eaded66-6feb-4642-b750-b04b3ae504cf,2026-09-16T22:45:00Z,2026-09-17T00:45:00+0200,609.333333,MW,DK2,DK_2,forecast_offshore_wind_generation,Wind Offshore,2026-09-16T23:39:22Z
2026-09-16T23:36:39Z,2026-09-17T01:36:39+0200,5eaded66-6feb-4642-b750-b04b3ae504cf,2026-09-16T23:00:00Z,2026-09-17T01:00:00+0200,608.666666,MW,DK2,DK_2,forecast_offshore_wind_generation,Wind Offshore,2026-09-16T23:39:22Z
2026-09-16T23:36:39Z,2026-09-17T01:36:39+0200,5eaded66-6feb-4642-b750-b04b3ae504cf,2026-09-16T23:15:00Z,2026-09-17T01:15:00+0200,612.5,MW,DK2,DK_2,forecast_offshore_wind_generation,Wind Offshore,2026-09-16T23:39:22Z
2026-09-16T23:36:39Z,2026-09-17T01:36:39+0200,5eaded66-6feb-4642-b750-b04b3ae504cf,2026-09-16T23:30:00Z,2026-09-17T01:30:00+0200,616.333333,MW,DK2,DK_2,forecast_offshore_wind_generation,Wind Offshore,2026-09-16T23:39:22Z
2026-09-16T23:36:39Z,2026-09-17T01:36:39+0200,5eaded66-6feb-4642-b750-b04b3ae504cf,2026-09-16T23:45:00Z,2026-09-17T01:45:00+0200,617.833333,MW,DK2,DK_2,forecast_offshore_wind_generation,Wind Offshore,2026-09-16T23:39:22Z
2026-09-16T23:36:39Z,2026-09-17T01:36:39+0200,5eaded66-6feb-4642-b750-b04b3ae504cf,2026-09-17T00:00:00Z,2026-09-17T02:00:00+0200,615.666666,MW,DK2,DK_2,forecast_offshore_wind_generation,Wind Offshore,2026-09-16T23:39:25Z
2026-09-16T23:36:39Z,2026-09-17T01:36:39+0200,5eaded66-6feb-4642-b750-b04b3ae504cf,2026-09-17T00:15:00Z,2026-09-17T02:15:00+0200,605.333333,MW,DK2,DK_2,forecast_offshore_wind_generation,Wind Offshore,2026-09-16T23:39:25Z
2026-09-16T23:36:39Z,2026-09-17T01:36:39+0200,5eaded66-6feb-4642-b750-b04b3ae504cf,2026-09-17T00:30:00Z,2026-09-17T02:30:00+0200,589.333333,MW,DK2,DK_2,forecast_offshore_wind_generation,Wind Offshore,2026-09-16T23:39:25Z
2026-09-16T23:36:39Z,2026-09-17T01:36:39+0200,5eaded66-6feb-4642-b750-b04b3ae504cf,2026-09-17T00:45:00Z,2026-09-17T02:45:00+0200,575.5,MW,DK2,DK_2,forecast_offshore_wind_generation,Wind Offshore,2026-09-16T23:39:25Z
2026-09-16T23:36:39Z,2026-09-17T01:36:39+0200,5eaded66-6feb-4642-b750-b04b3ae504cf,2026-09-17T01:00:00Z,2026-09-17T03:00:00+0200,569.5,MW,DK2,DK_2,forecast_offshore_wind_generation,Wind Offshore,2026-09-16T23:39:25Z
2026-09-16T23:36:39Z,2026-09-17T01:36:39+0200,5eaded66-6feb-4642-b750-b04b3ae504cf,2026-09-17T01:15:00Z,2026-09-17T03:15:00+0200,567.333333,MW,DK2,DK_2,forecast_offshore_wind_generation,Wind Offshore,2026-09-16T23:39:25Z
2026-09-16T23:36:39Z,2026-09-17T01:36:39+0200,5eaded66-6feb-4642-b750-b04b3ae504cf,2026-09-17T01:30:00Z,2026-09-17T03:30:00+0200,568.166666,MW,DK2,DK_2,forecast_offshore_wind_generation,Wind Offshore,2026-09-16T23:39:25Z
2026-09-16T23:36:39Z,2026-09-17T01:36:39+0200,5eaded66-6feb-4642-b750-b04b3ae504cf,2026-09-17T01:45:00Z,2026-09-17T03:45:00+0200,569.333333,MW,DK2,DK_2,forecast_offshore_wind_generation,Wind Offshore,2026-09-16T23:39:25Z
2026-09-16T23:36:39Z,2026-09-17T01:36:39+0200,5eaded66-6feb-4642-b750-b04b3ae504cf,2026-09-17T02:00:00Z,2026-09-17T04:00:00+0200,570.833333,MW,DK2,DK_2,forecast_offshore_wind_generation,Wind Offshore,2026-09-16T23:39:25Z
2026-09-16T23:36:39Z,2026-09-17T01:36:39+0200,5eaded66-6feb-4642-b750-b04b3ae504cf,2026-09-17T02:15:00Z,2026-09-17T04:15:00+0200,578.333333,MW,DK2,DK_2,forecast_offshore_wind_generation,Wind Offshore,2026-09-16T23:39:25Z
2026-09-16T23:36:39Z,2026-09-17T01:36:39+0200,5eaded66-6feb-4642-b750-b04b3ae504cf,2026-09-17T02:30:00Z,2026-09-17T04:30:00+0200,589.333333,MW,DK2,DK_2,forecast_offshore_wind_generation,Wind Offshore,2026-09-16T23:39:25Z
2026-09-16T23:36:39Z,2026-09-17T01:36:39+0200,5eaded66-6feb-4642-b750-b04b3ae504cf,2026-09-17T02:45:00Z,2026-09-17T04:45:00+0200,593.666666,MW,DK2,DK_2,forecast_offshore_wind_generation,Wind Offshore,2026-09-16T23:39:25Z
2026-09-16T23:36:39Z,2026-09-17T01:36:39+0200,5eaded66-6feb-4642-b750-b04b3ae504cf,2026-09-17T03:00:00Z,2026-09-17T05:00:00+0200,593.833333,MW,DK2,DK_2,forecast_offshore_wind_generation,Wind Offshore,2026-09-16T23:39:25Z
2026-09-16T23:36:39Z,2026-09-17T01:36:39+0200,5eaded66-6feb-4642-b750-b04b3ae504cf,2026-09-17T03:15:00Z,2026-09-17T05:15:00+0200,591.333333,MW,DK2,DK_2,forecast_offshore_wind_generation,Wind Offshore,2026-09-16T23:39:25Z
2026-09-16T23:36:39Z,2026-09-17T01:36:39+0200,5eaded66-6feb-4642-b750-b04b3ae504cf,2026-09-17T03:30:00Z,2026-09-17T05:30:00+0200,586.833333,MW,DK2,DK_2,forecast_offshore_wind_generation,Wind Offshore,2026-09-16T23:39:25Z
2026-09-16T23:36:39Z,2026-09-17T01:36:39+0200,5eaded66-6feb-4642-b750-b04b3ae504cf,2026-09-17T03:45:00Z,2026-09-17T05:45:00+0200,581.0,MW,DK2,DK_2,forecast_offshore_wind_generation,Wind Offshore,2026-09-16T23:39:25Z
2026-09-16T23:36:39Z,2026-09-17T01:36:39+0200,5eaded66-6feb-4642-b750-b04b3ae504cf,2026-09-17T04:00:00Z,2026-09-17T06:00:00+0200,574.0,MW,DK2,DK_2,forecast_offshore_wind_generation,Wind Offshore,2026-09-16T23:39:25Z
2026-09-16T23:36:39Z,2026-09-17T01:36:39+0200,5eaded66-6feb-4642-b750-b04b3ae504cf,2026-09-17T04:15:00Z,2026-09-17T06:15:00+0200,566.833333,MW,DK2,DK_2,forecast_offshore_wind_generation,Wind Offshore,2026-09-16T23:39:25Z
2026-09-16T23:36:39Z,2026-09-17T01:36:39+0200,5eaded66-6feb-4642-b750-b04b3ae504cf,2026-09-17T04:30:00Z,2026-09-17T06:30:00+0200,560.166666,MW,DK2,DK_2,forecast_offshore_wind_generation,Wind Offshore,2026-09-16T23:39:25Z
2026-09-16T23:36:39Z,2026-09-17T01:36:39+0200,5eaded66-6feb-4642-b750-b04b3ae504cf,2026-09-17T04:45:00Z,2026-09-17T06:45:00+0200,554.333333,MW,DK2,DK_2,forecast_offshore_wind_generation,Wind Offshore,2026-09-16T23:39:25Z
2026-09-16T23:36:39Z,2026-09-17T01:36:39+0200,5eaded66-6feb-4642-b750-b04b3ae504cf,2026-09-17T05:00:00Z,2026-09-17T07:00:00+0200,552.833333,MW,DK2,DK_2,forecast_offshore_wind_generation,Wind Offshore,2026-09-16T23:39:25Z
2026-09-16T23:36:39Z,2026-09-17T01:36:39+0200,5eaded66-6feb-4642-b750-b04b3ae504cf,2026-09-17T05:15:00Z,2026-09-17T07:15:00+0200,558.166666,MW,DK2,DK_2,forecast_offshore_wind_generation,Wind Offshore,2026-09-16T23:39:25Z
2026-09-16T23:36:39Z,2026-09-17T01:36:39+0200,5eaded66-6feb-4642-b750-b04b3ae504cf,2026-09-17T05:30:00Z,2026-09-17T07:30:00+0200,566.0,MW,DK2,DK_2,forecast_offshore_wind_generation,Wind Offshore,2026-09-16T23:39:25Z
2026-09-16T23:36:39Z,2026-09-17T01:36:39+0200,5eaded66-6feb-4642-b750-b04b3ae504cf,2026-09-17T05:45:00Z,2026-09-17T07:45:00+0200,572.333333,MW,DK2,DK_2,forecast_offshore_wind_generation,Wind Offshore,2026-09-16T23:39:25Z
2026-09-16T23:36:39Z,2026-09-17T01:36:39+0200,5eaded66-6feb-4642-b750-b04b3ae504cf,2026-09-17T06:00:00Z,2026-09-17T08:00:00+0200,575.166666,MW,DK2,DK_2,forecast_offshore_wind_generation,Wind Offshore,2026-09-16T23:39:25Z
2026-09-16T23:36:39Z,2026-09-17T01:36:39+0200,5eaded66-6feb-4642-b750-b04b3ae504cf,2026-09-17T06:15:00Z,2026-09-17T08:15:00+0200,578.666666,MW,DK2,DK_2,forecast_offshore_wind_generation,Wind Offshore,2026-09-16T23:39:25Z
2026-09-16T23:36:39Z,2026-09-17T01:36:39+0200,5eaded66-6feb-4642-b750-b04b3ae504cf,2026-09-17T06:30:00Z,2026-09-17T08:30:00+0200,583.0,MW,DK2,DK_2,forecast_offshore_wind_generation,Wind Offshore,2026-09-16T23:39:25Z
2026-09-16T23:36:39Z,2026-09-17T01:36:39+0200,5eaded66-6feb-4642-b750-b04b3ae504cf,2026-09-17T06:45:00Z,2026-09-17T08:45:00+0200,585.333333,MW,DK2,DK_2,forecast_offshore_wind_generation,Wind Offshore,2026-09-16T23:39:25Z
2026-09-16T23:36:39Z,2026-09-17T01:36:39+0200,5eaded66-6feb-4642-b750-b04b3ae504cf,2026-09-17T07:00:00Z,2026-09-17T09:00:00+0200,582.5,MW,DK2,DK_2,forecast_offshore_wind_generation,Wind Offshore,2026-09-16T23:39:25Z
2026-09-16T23:36:39Z,2026-09-17T01:36:39+0200,5eaded66-6feb-4642-b750-b04b3ae504cf,2026-09-17T07:15:00Z,2026-09-17T09:15:00+0200,571.0,MW,DK2,DK_2,forecast_offshore_wind_generation,Wind Offshore,2026-09-16T23:39:25Z
2026-09-16T23:36:39Z,2026-09-17T01:36:39+0200,5eaded66-6feb-4642-b750-b04b3ae504cf,2026-09-17T07:30:00Z,2026-09-17T09:30:00+0200,552.166666,MW,DK2,DK_2,forecast_offshore_wind_generation,Wind Offshore,2026-09-16T23:39:25Z
2026-09-16T23:36:39Z,2026-09-17T01:36:39+0200,5eaded66-6feb-4642-b750-b04b3ae504cf,2026-09-17T07:45:00Z,2026-09-17T09:45:00+0200,537.833333,MW,DK2,DK_2,forecast_offshore_wind_generation,Wind Offshore,2026-09-16T23:39:25Z
2026-09-16T23:36:39Z,2026-09-17T01:36:39+0200,5eaded66-6feb-4642-b750-b04b3ae504cf,2026-09-17T08:00:00Z,2026-09-17T10:00:00+0200,534.0,MW,DK2,DK_2,forecast_offshore_wind_generation,Wind Offshore,2026-09-16T23:39:25Z
2026-09-16T23:36:39Z,2026-09-17T01:36:39+0200,5eaded66-6feb-4642-b750-b04b3ae504cf,2026-09-17T08:15:00Z,2026-09-17T10:15:00+0200,534.0,MW,DK2,DK_2,forecast_offshore_wind_generation,Wind Offshore,2026-09-16T23:39:25Z
2026-09-16T23:36:39Z,2026-09-17T01:36:39+0200,5eaded66-6feb-4642-b750-b04b3ae504cf,2026-09-17T08:30:00Z,2026-09-17T10:30:00+0200,534.0,MW,DK2,DK_2,forecast_offshore_wind_generation,Wind Offshore,2026-09-16T23:39:25Z
2026-09-16T23:36:39Z,2026-09-17T01:36:39+0200,5eaded66-6feb-4642-b750-b04b3ae504cf,2026-09-17T08:45:00Z,2026-09-17T10:45:00+0200,534.833333,MW,DK2,DK_2,forecast_offshore_wind_generation,Wind Offshore,2026-09-16T23:39:25Z
2026-09-16T23:36:39Z,2026-09-17T01:36:39+0200,5eaded66-6feb-4642-b750-b04b3ae504cf,2026-09-17T09:00:00Z,2026-09-17T11:00:00+0200,537.166666,MW,DK2,DK_2,forecast_offshore_wind_generation,Wind Offshore,2026-09-16T23:39:25Z
2026-09-16T23:36:39Z,2026-09-17T01:36:39+0200,5eaded66-6feb-4642-b750-b04b3ae504cf,2026-09-17T09:15:00Z,2026-09-17T11:15:00+0200,545.333333,MW,DK2,DK_2,forecast_offshore_wind_generation,Wind Offshore,2026-09-16T23:39:25Z
2026-09-16T23:36:39Z,2026-09-17T01:36:39+0200,5eaded66-6feb-4642-b750-b04b3ae504cf,2026-09-17T09:30:00Z,2026-09-17T11:30:00+0200,558.833333,MW,DK2,DK_2,forecast_offshore_wind_generation,Wind Offshore,2026-09-16T23:39:25Z
2026-09-16T23:36:39Z,2026-09-17T01:36:39+0200,5eaded66-6feb-4642-b750-b04b3ae504cf,2026-09-17T09:45:00Z,2026-09-17T11:45:00+0200,571.0,MW,DK2,DK_2,forecast_offshore_wind_generation,Wind Offshore,2026-09-16T23:39:25Z
2026-09-16T23:36:39Z,2026-09-17T01:36:39+0200,5eaded66-6feb-4642-b750-b04b3ae504cf,2026-09-17T10:00:00Z,2026-09-17T12:00:00+0200,583.0,MW,DK2,DK_2,forecast_offshore_wind_generation,Wind Offshore,2026-09-16T23:39:25Z
2026-09-16T23:36:39Z,2026-09-17T01:36:39+0200,5eaded66-6feb-4642-b750-b04b3ae504cf,2026-09-17T10:15:00Z,2026-09-17T12:15:00+0200,596.0,MW,DK2,DK_2,forecast_offshore_wind_generation,Wind Offshore,2026-09-16T23:39:25Z
2026-09-16T23:36:39Z,2026-09-17T01:36:39+0200,5eaded66-6feb-4642-b750-b04b3ae504cf,2026-09-17T10:30:00Z,2026-09-17T12:30:00+0200,610.5,MW,DK2,DK_2,forecast_offshore_wind_generation,Wind Offshore,2026-09-16T23:39:25Z
2026-09-16T23:36:39Z,2026-09-17T01:36:39+0200,5eaded66-6feb-4642-b750-b04b3ae504cf,2026-09-17T10:45:00Z,2026-09-17T12:45:00+0200,624.0,MW,DK2,DK_2,forecast_offshore_wind_generation,Wind Offshore,2026-09-16T23:39:25Z
2026-09-16T23:36:39Z,2026-09-17T01:36:39+0200,5eaded66-6feb-4642-b750-b04b3ae504cf,2026-09-17T11:00:00Z,2026-09-17T13:00:00+0200,635.5,MW,DK2,DK_2,forecast_offshore_wind_generation,Wind Offshore,2026-09-16T23:39:25Z
2026-09-16T23:36:39Z,2026-09-17T01:36:39+0200,5eaded66-6feb-4642-b750-b04b3ae504cf,2026-09-17T11:15:00Z,2026-09-17T13:15:00+0200,646.833333,MW,DK2,DK_2,forecast_offshore_wind_generation,Wind Offshore,2026-09-16T23:39:25Z
2026-09-16T23:36:39Z,2026-09-17T01:36:39+0200,5eaded66-6feb-4642-b750-b04b3ae504cf,2026-09-17T11:30:00Z,2026-09-17T13:30:00+0200,655.833333,MW,DK2,DK_2,forecast_offshore_wind_generation,Wind Offshore,2026-09-16T23:39:25Z
2026-09-16T23:36:39Z,2026-09-17T01:36:39+0200,5eaded66-6feb-4642-b750-b04b3ae504cf,2026-09-17T11:45:00Z,2026-09-17T13:45:00+0200,660.333333,MW,DK2,DK_2,forecast_offshore_wind_generation,Wind Offshore,2026-09-16T23:39:25Z
2026-09-16T23:36:39Z,2026-09-17T01:36:39+0200,5eaded66-6feb-4642-b750-b04b3ae504cf,2026-09-17T12:00:00Z,2026-09-17T14:00:00+0200,660.333333,MW,DK2,DK_2,forecast_offshore_wind_generation,Wind Offshore,2026-09-16T23:39:25Z
2026-09-16T23:36:39Z,2026-09-17T01:36:39+0200,5eaded66-6feb-4642-b750-b04b3ae504cf,2026-09-17T12:15:00Z,2026-09-17T14:15:00+0200,657.333333,MW,DK2,DK_2,forecast_offshore_wind_generation,Wind Offshore,2026-09-16T23:39:25Z
2026-09-16T23:36:39Z,2026-09-17T01:36:39+0200,5eaded66-6feb-4642-b750-b04b3ae504cf,2026-09-17T12:30:00Z,2026-09-17T14:30:00+0200,653.0,MW,DK2,DK_2,forecast_offshore_wind_generation,Wind Offshore,2026-09-16T23:39:25Z
2026-09-16T23:36:39Z,2026-09-17T01:36:39+0200,5eaded66-6feb-4642-b750-b04b3ae504cf,2026-09-17T12:45:00Z,2026-09-17T14:45:00+0200,648.666666,MW,DK2,DK_2,forecast_offshore_wind_generation,Wind Offshore,2026-09-16T23:39:25Z
2026-09-16T23:36:39Z,2026-09-17T01:36:39+0200,5eaded66-6feb-4642-b750-b04b3ae504cf,2026-09-17T13:00:00Z,2026-09-17T15:00:00+0200,645.5,MW,DK2,DK_2,forecast_offshore_wind_generation,Wind Offshore,2026-09-16T23:39:25Z
2026-09-16T23:36:39Z,2026-09-17T01:36:39+0200,5eaded66-6feb-4642-b750-b04b3ae504cf,2026-09-17T13:15:00Z,2026-09-17T15:15:00+0200,642.5,MW,DK2,DK_2,forecast_offshore_wind_generation,Wind Offshore,2026-09-16T23:39:25Z
2026-09-16T23:36:39Z,2026-09-17T01:36:39+0200,5eaded66-6feb-4642-b750-b04b3ae504cf,2026-09-17T13:30:00Z,2026-09-17T15:30:00+0200,639.5,MW,DK2,DK_2,forecast_offshore_wind_generation,Wind Offshore,2026-09-16T23:39:25Z
2026-09-16T23:36:39Z,2026-09-17T01:36:39+0200,5eaded66-6feb-4642-b750-b04b3ae504cf,2026-09-17T13:45:00Z,2026-09-17T15:45:00+0200,637.0,MW,DK2,DK_2,forecast_offshore_wind_generation,Wind Offshore,2026-09-16T23:39:25Z
2026-09-16T23:36:39Z,2026-09-17T01:36:39+0200,5eaded66-6feb-4642-b750-b04b3ae504cf,2026-09-17T14:00:00Z,2026-09-17T16:00:00+0200,636.0,MW,DK2,DK_2,forecast_offshore_wind_generation,Wind Offshore,2026-09-16T23:39:25Z
2026-09-16T23:36:39Z,2026-09-17T01:36:39+0200,5eaded66-6feb-4642-b750-b04b3ae504cf,2026-09-17T14:15:00Z,2026-09-17T16:15:00+0200,637.0,MW,DK2,DK_2,forecast_offshore_wind_generation,Wind Offshore,2026-09-16T23:39:25Z
2026-09-16T23:36:39Z,2026-09-17T01:36:39+0200,5eaded66-6feb-4642-b750-b04b3ae504cf,2026-09-17T14:30:00Z,2026-09-17T16:30:00+0200,639.5,MW,DK2,DK_2,forecast_offshore_wind_generation,Wind Offshore,2026-09-16T23:39:25Z
2026-09-16T23:36:39Z,2026-09-17T01:36:39+0200,5eaded66-6feb-4642-b750-b04b3ae504cf,2026-09-17T14:45:00Z,2026-09-17T16:45:00+0200,641.0,MW,DK2,DK_2,forecast_offshore_wind_generation,Wind Offshore,2026-09-16T23:39:25Z
2026-09-16T23:36:39Z,2026-09-17T01:36:39+0200,5eaded66-6feb-4642-b750-b04b3ae504cf,2026-09-17T15:00:00Z,2026-09-17T17:00:00+0200,640.0,MW,DK2,DK_2,forecast_offshore_wind_generation,Wind Offshore,2026-09-16T23:39:25Z
2026-09-16T23:36:39Z,2026-09-17T01:36:39+0200,5eaded66-6feb-4642-b750-b04b3ae504cf,2026-09-17T15:15:00Z,2026-09-17T17:15:00+0200,638.333333,MW,DK2,DK_2,forecast_offshore_wind_generation,Wind Offshore,2026-09-16T23:39:25Z
2026-09-16T23:36:39Z,2026-09-17T01:36:39+0200,5eaded66-6feb-4642-b750-b04b3ae504cf,2026-09-17T15:30:00Z,2026-09-17T17:30:00+0200,635.666666,MW,DK2,DK_2,forecast_offshore_wind_generation,Wind Offshore,2026-09-16T23:39:25Z
2026-09-16T23:36:39Z,2026-09-17T01:36:39+0200,5eaded66-6feb-4642-b750-b04b3ae504cf,2026-09-17T15:45:00Z,2026-09-17T17:45:00+0200,634.166666,MW,DK2,DK_2,forecast_offshore_wind_generation,Wind Offshore,2026-09-16T23:39:25Z
2026-09-16T23:36:39Z,2026-09-17T01:36:39+0200,5eaded66-6feb-4642-b750-b04b3ae504cf,2026-09-17T16:00:00Z,2026-09-17T18:00:00+0200,634.0,MW,DK2,DK_2,forecast_offshore_wind_generation,Wind Offshore,2026-09-16T23:39:25Z
2026-09-16T23:36:39Z,2026-09-17T01:36:39+0200,5eaded66-6feb-4642-b750-b04b3ae504cf,2026-09-17T16:15:00Z,2026-09-17T18:15:00+0200,635.333333,MW,DK2,DK_2,forecast_offshore_wind_generation,Wind Offshore,2026-09-16T23:39:25Z
2026-09-16T23:36:39Z,2026-09-17T01:36:39+0200,5eaded66-6feb-4642-b750-b04b3ae504cf,2026-09-17T16:30:00Z,2026-09-17T18:30:00+0200,637.0,MW,DK2,DK_2,forecast_offshore_wind_generation,Wind Offshore,2026-09-16T23:39:25Z
2026-09-16T23:36:39Z,2026-09-17T01:36:39+0200,5eaded66-6feb-4642-b750-b04b3ae504cf,2026-09-17T16:45:00Z,2026-09-17T18:45:00+0200,638.0,MW,DK2,DK_2,forecast_offshore_wind_generation,Wind Offshore,2026-09-16T23:39:25Z
2026-09-16T23:36:39Z,2026-09-17T01:36:39+0200,5eaded66-6feb-4642-b750-b04b3ae504cf,2026-09-17T17:00:00Z,2026-09-17T19:00:00+0200,637.166666,MW,DK2,DK_2,forecast_offshore_wind_generation,Wind Offshore,2026-09-16T23:39:25Z
2026-09-16T23:36:39Z,2026-09-17T01:36:39+0200,5eaded66-6feb-4642-b750-b04b3ae504cf,2026-09-17T17:15:00Z,2026-09-17T19:15:00+0200,631.833333,MW,DK2,DK_2,forecast_offshore_wind_generation,Wind Offshore,2026-09-16T23:39:25Z
2026-09-16T23:36:39Z,2026-09-17T01:36:39+0200,5eaded66-6feb-4642-b750-b04b3ae504cf,2026-09-17T17:30:00Z,2026-09-17T19:30:00+0200,624.5,MW,DK2,DK_2,forecast_offshore_wind_generation,Wind Offshore,2026-09-16T23:39:25Z
2026-09-16T23:36:39Z,2026-09-17T01:36:39+0200,5eaded66-6feb-4642-b750-b04b3ae504cf,2026-09-17T17:45:00Z,2026-09-17T19:45:00+0200,618.833333,MW,DK2,DK_2,forecast_offshore_wind_generation,Wind Offshore,2026-09-16T23:39:25Z
2026-09-16T23:36:39Z,2026-09-17T01:36:39+0200,5eaded66-6feb-4642-b750-b04b3ae504cf,2026-09-17T18:00:00Z,2026-09-17T20:00:00+0200,618.166666,MW,DK2,DK_2,forecast_offshore_wind_generation,Wind Offshore,2026-09-16T23:39:25Z
2026-09-16T23:36:39Z,2026-09-17T01:36:39+0200,5eaded66-6feb-4642-b750-b04b3ae504cf,2026-09-17T18:15:00Z,2026-09-17T20:15:00+0200,620.0,MW,DK2,DK_2,forecast_offshore_wind_generation,Wind Offshore,2026-09-16T23:39:25Z
2026-09-16T23:36:39Z,2026-09-17T01:36:39+0200,5eaded66-6feb-4642-b750-b04b3ae504cf,2026-09-17T18:30:00Z,2026-09-17T20:30:00+0200,622.5,MW,DK2,DK_2,forecast_offshore_wind_generation,Wind Offshore,2026-09-16T23:39:25Z
2026-09-16T23:36:39Z,2026-09-17T01:36:39+0200,5eaded66-6feb-4642-b750-b04b3ae504cf,2026-09-17T18:45:00Z,2026-09-17T20:45:00+0200,625.5,MW,DK2,DK_2,forecast_offshore_wind_generation,Wind Offshore,2026-09-16T23:39:25Z
2026-09-16T23:36:39Z,2026-09-17T01:36:39+0200,5eaded66-6feb-4642-b750-b04b3ae504cf,2026-09-17T19:00:00Z,2026-09-17T21:00:00+0200,630.166666,MW,DK2,DK_2,forecast_offshore_wind_generation,Wind Offshore,2026-09-16T23:39:25Z
2026-09-16T23:36:39Z,2026-09-17T01:36:39+0200,5eaded66-6feb-4642-b750-b04b3ae504cf,2026-09-17T19:15:00Z,2026-09-17T21:15:00+0200,640.0,MW,DK2,DK_2,forecast_offshore_wind_generation,Wind Offshore,2026-09-16T23:39:25Z
2026-09-16T23:36:39Z,2026-09-17T01:36:39+0200,5eaded66-6feb-4642-b750-b04b3ae504cf,2026-09-17T19:30:00Z,2026-09-17T21:30:00+0200,652.0,MW,DK2,DK_2,forecast_offshore_wind_generation,Wind Offshore,2026-09-16T23:39:25Z
2026-09-16T23:36:39Z,2026-09-17T01:36:39+0200,5eaded66-6feb-4642-b750-b04b3ae504cf,2026-09-17T19:45:00Z,2026-09-17T21:45:00+0200,662.333333,MW,DK2,DK_2,forecast_offshore_wind_generation,Wind Offshore,2026-09-16T23:39:25Z
2026-09-16T23:36:39Z,2026-09-17T01:36:39+0200,5eaded66-6feb-4642-b750-b04b3ae504cf,2026-09-17T20:00:00Z,2026-09-17T22:00:00+0200,670.5,MW,DK2,DK_2,forecast_offshore_wind_generation,Wind Offshore,2026-09-16T23:39:25Z
2026-09-16T23:36:39Z,2026-09-17T01:36:39+0200,5eaded66-6feb-4642-b750-b04b3ae504cf,2026-09-17T20:15:00Z,2026-09-17T22:15:00+0200,681.0,MW,DK2,DK_2,forecast_offshore_wind_generation,Wind Offshore,2026-09-16T23:39:25Z
2026-09-16T23:36:39Z,2026-09-17T01:36:39+0200,5eaded66-6feb-4642-b750-b04b3ae504cf,2026-09-17T20:30:00Z,2026-09-17T22:30:00+0200,693.833333,MW,DK2,DK_2,forecast_offshore_wind_generation,Wind Offshore,2026-09-16T23:39:25Z
2026-09-16T23:36:39Z,2026-09-17T01:36:39+0200,5eaded66-6feb-4642-b750-b04b3ae504cf,2026-09-17T20:45:00Z,2026-09-17T22:45:00+0200,708.5,MW,DK2,DK_2,forecast_offshore_wind_generation,Wind Offshore,2026-09-16T23:39:25Z
2026-09-16T23:36:39Z,2026-09-17T01:36:39+0200,5eaded66-6feb-4642-b750-b04b3ae504cf,2026-09-17T21:00:00Z,2026-09-17T23:00:00+0200,721.333333,MW,DK2,DK_2,forecast_offshore_wind_generation,Wind Offshore,2026-09-16T23:39:25Z
2026-09-16T23:36:39Z,2026-09-17T01:36:39+0200,5eaded66-6feb-4642-b750-b04b3ae504cf,2026-09-17T21:15:00Z,2026-09-17T23:15:00+0200,736.166666,MW,DK2,DK_2,forecast_offshore_wind_generation,Wind Offshore,2026-09-16T23:39:25Z
2026-09-16T23:36:39Z,2026-09-17T01:36:39+0200,5eaded66-6feb-4642-b750-b04b3ae504cf,2026-09-17T21:30:00Z,2026-09-17T23:30:00+0200,745.0,MW,DK2,DK_2,forecast_offshore_wind_generation,Wind Offshore,2026-09-16T23:39:25Z
2026-09-16T23:36:39Z,2026-09-17T01:36:39+0200,5eaded66-6feb-4642-b750-b04b3ae504cf,2026-09-17T21:45:00Z,2026-09-17T23:45:00+0200,749.5,MW,DK2,DK_2,forecast_offshore_wind_generation,Wind Offshore,2026-09-16T23:39:25Z
