collection_time_utc,collection_time_local,run_id,timestamp_utc,timestamp_local,value,unit,country,entsoe_area,variable,source,updated_at_utc
2026-07-19T23:19:05Z,2026-07-20T01:19:05+0200,028f9a66-b3fa-4fa7-a1aa-7c735a2e67a7,2026-06-19T00:00:00Z,2026-06-19T02:00:00+0200,161.62,MW,FR,FR,actual_offshore_wind_generation,Wind Offshore | Actual Aggregated,2026-07-19T23:19:59Z
2026-07-19T23:19:05Z,2026-07-20T01:19:05+0200,028f9a66-b3fa-4fa7-a1aa-7c735a2e67a7,2026-06-19T00:15:00Z,2026-06-19T02:15:00+0200,159.65,MW,FR,FR,actual_offshore_wind_generation,Wind Offshore | Actual Aggregated,2026-07-19T23:19:59Z
2026-07-19T23:19:05Z,2026-07-20T01:19:05+0200,028f9a66-b3fa-4fa7-a1aa-7c735a2e67a7,2026-06-19T00:30:00Z,2026-06-19T02:30:00+0200,158.84,MW,FR,FR,actual_offshore_wind_generation,Wind Offshore | Actual Aggregated,2026-07-19T23:19:59Z
2026-07-19T23:19:05Z,2026-07-20T01:19:05+0200,028f9a66-b3fa-4fa7-a1aa-7c735a2e67a7,2026-06-19T00:45:00Z,2026-06-19T02:45:00+0200,165.41,MW,FR,FR,actual_offshore_wind_generation,Wind Offshore | Actual Aggregated,2026-07-19T23:19:59Z
2026-07-19T23:19:05Z,2026-07-20T01:19:05+0200,028f9a66-b3fa-4fa7-a1aa-7c735a2e67a7,2026-06-19T01:00:00Z,2026-06-19T03:00:00+0200,157.74,MW,FR,FR,actual_offshore_wind_generation,Wind Offshore | Actual Aggregated,2026-07-19T23:19:59Z
2026-07-19T23:19:05Z,2026-07-20T01:19:05+0200,028f9a66-b3fa-4fa7-a1aa-7c735a2e67a7,2026-06-19T01:15:00Z,2026-06-19T03:15:00+0200,146.44,MW,FR,FR,actual_offshore_wind_generation,Wind Offshore | Actual Aggregated,2026-07-19T23:19:59Z
2026-07-19T23:19:05Z,2026-07-20T01:19:05+0200,028f9a66-b3fa-4fa7-a1aa-7c735a2e67a7,2026-06-19T01:30:00Z,2026-06-19T03:30:00+0200,131.17,MW,FR,FR,actual_offshore_wind_generation,Wind Offshore | Actual Aggregated,2026-07-19T23:19:59Z
2026-07-19T23:19:05Z,2026-07-20T01:19:05+0200,028f9a66-b3fa-4fa7-a1aa-7c735a2e67a7,2026-06-19T01:45:00Z,2026-06-19T03:45:00+0200,103.66,MW,FR,FR,actual_offshore_wind_generation,Wind Offshore | Actual Aggregated,2026-07-19T23:19:59Z
2026-07-19T23:19:05Z,2026-07-20T01:19:05+0200,028f9a66-b3fa-4fa7-a1aa-7c735a2e67a7,2026-06-19T02:00:00Z,2026-06-19T04:00:00+0200,93.99,MW,FR,FR,actual_offshore_wind_generation,Wind Offshore | Actual Aggregated,2026-07-19T23:19:59Z
2026-07-19T23:19:05Z,2026-07-20T01:19:05+0200,028f9a66-b3fa-4fa7-a1aa-7c735a2e67a7,2026-06-19T02:15:00Z,2026-06-19T04:15:00+0200,77.38,MW,FR,FR,actual_offshore_wind_generation,Wind Offshore | Actual Aggregated,2026-07-19T23:19:59Z
2026-07-19T23:19:05Z,2026-07-20T01:19:05+0200,028f9a66-b3fa-4fa7-a1aa-7c735a2e67a7,2026-06-19T02:30:00Z,2026-06-19T04:30:00+0200,58.66,MW,FR,FR,actual_offshore_wind_generation,Wind Offshore | Actual Aggregated,2026-07-19T23:19:59Z
2026-07-19T23:19:05Z,2026-07-20T01:19:05+0200,028f9a66-b3fa-4fa7-a1aa-7c735a2e67a7,2026-06-19T02:45:00Z,2026-06-19T04:45:00+0200,48.6,MW,FR,FR,actual_offshore_wind_generation,Wind Offshore | Actual Aggregated,2026-07-19T23:19:59Z
2026-07-19T23:19:05Z,2026-07-20T01:19:05+0200,028f9a66-b3fa-4fa7-a1aa-7c735a2e67a7,2026-06-19T03:00:00Z,2026-06-19T05:00:00+0200,44.04,MW,FR,FR,actual_offshore_wind_generation,Wind Offshore | Actual Aggregated,2026-07-19T23:19:59Z
2026-07-19T23:19:05Z,2026-07-20T01:19:05+0200,028f9a66-b3fa-4fa7-a1aa-7c735a2e67a7,2026-06-19T03:15:00Z,2026-06-19T05:15:00+0200,33.71,MW,FR,FR,actual_offshore_wind_generation,Wind Offshore | Actual Aggregated,2026-07-19T23:19:59Z
2026-07-19T23:19:05Z,2026-07-20T01:19:05+0200,028f9a66-b3fa-4fa7-a1aa-7c735a2e67a7,2026-06-19T03:30:00Z,2026-06-19T05:30:00+0200,26.83,MW,FR,FR,actual_offshore_wind_generation,Wind Offshore | Actual Aggregated,2026-07-19T23:19:59Z
2026-07-19T23:19:05Z,2026-07-20T01:19:05+0200,028f9a66-b3fa-4fa7-a1aa-7c735a2e67a7,2026-06-19T03:45:00Z,2026-06-19T05:45:00+0200,29.66,MW,FR,FR,actual_offshore_wind_generation,Wind Offshore | Actual Aggregated,2026-07-19T23:19:59Z
2026-07-19T23:19:05Z,2026-07-20T01:19:05+0200,028f9a66-b3fa-4fa7-a1aa-7c735a2e67a7,2026-06-19T04:00:00Z,2026-06-19T06:00:00+0200,34.19,MW,FR,FR,actual_offshore_wind_generation,Wind Offshore | Actual Aggregated,2026-07-19T23:19:59Z
2026-07-19T23:19:05Z,2026-07-20T01:19:05+0200,028f9a66-b3fa-4fa7-a1aa-7c735a2e67a7,2026-06-19T04:15:00Z,2026-06-19T06:15:00+0200,47.44,MW,FR,FR,actual_offshore_wind_generation,Wind Offshore | Actual Aggregated,2026-07-19T23:19:59Z
2026-07-19T23:19:05Z,2026-07-20T01:19:05+0200,028f9a66-b3fa-4fa7-a1aa-7c735a2e67a7,2026-06-19T04:30:00Z,2026-06-19T06:30:00+0200,57.17,MW,FR,FR,actual_offshore_wind_generation,Wind Offshore | Actual Aggregated,2026-07-19T23:19:59Z
2026-07-19T23:19:05Z,2026-07-20T01:19:05+0200,028f9a66-b3fa-4fa7-a1aa-7c735a2e67a7,2026-06-19T04:45:00Z,2026-06-19T06:45:00+0200,71.2,MW,FR,FR,actual_offshore_wind_generation,Wind Offshore | Actual Aggregated,2026-07-19T23:19:59Z
2026-07-19T23:19:05Z,2026-07-20T01:19:05+0200,028f9a66-b3fa-4fa7-a1aa-7c735a2e67a7,2026-06-19T05:00:00Z,2026-06-19T07:00:00+0200,96.11,MW,FR,FR,actual_offshore_wind_generation,Wind Offshore | Actual Aggregated,2026-07-19T23:19:59Z
2026-07-19T23:19:05Z,2026-07-20T01:19:05+0200,028f9a66-b3fa-4fa7-a1aa-7c735a2e67a7,2026-06-19T05:15:00Z,2026-06-19T07:15:00+0200,100.47,MW,FR,FR,actual_offshore_wind_generation,Wind Offshore | Actual Aggregated,2026-07-19T23:19:59Z
2026-07-19T23:19:05Z,2026-07-20T01:19:05+0200,028f9a66-b3fa-4fa7-a1aa-7c735a2e67a7,2026-06-19T05:30:00Z,2026-06-19T07:30:00+0200,119.39,MW,FR,FR,actual_offshore_wind_generation,Wind Offshore | Actual Aggregated,2026-07-19T23:19:59Z
2026-07-19T23:19:05Z,2026-07-20T01:19:05+0200,028f9a66-b3fa-4fa7-a1aa-7c735a2e67a7,2026-06-19T05:45:00Z,2026-06-19T07:45:00+0200,187.62,MW,FR,FR,actual_offshore_wind_generation,Wind Offshore | Actual Aggregated,2026-07-19T23:19:59Z
2026-07-19T23:19:05Z,2026-07-20T01:19:05+0200,028f9a66-b3fa-4fa7-a1aa-7c735a2e67a7,2026-06-19T06:00:00Z,2026-06-19T08:00:00+0200,239.83,MW,FR,FR,actual_offshore_wind_generation,Wind Offshore | Actual Aggregated,2026-07-19T23:19:59Z
2026-07-19T23:19:05Z,2026-07-20T01:19:05+0200,028f9a66-b3fa-4fa7-a1aa-7c735a2e67a7,2026-06-19T06:15:00Z,2026-06-19T08:15:00+0200,202.36,MW,FR,FR,actual_offshore_wind_generation,Wind Offshore | Actual Aggregated,2026-07-19T23:19:59Z
2026-07-19T23:19:05Z,2026-07-20T01:19:05+0200,028f9a66-b3fa-4fa7-a1aa-7c735a2e67a7,2026-06-19T06:30:00Z,2026-06-19T08:30:00+0200,195.74,MW,FR,FR,actual_offshore_wind_generation,Wind Offshore | Actual Aggregated,2026-07-19T23:19:59Z
2026-07-19T23:19:05Z,2026-07-20T01:19:05+0200,028f9a66-b3fa-4fa7-a1aa-7c735a2e67a7,2026-06-19T06:45:00Z,2026-06-19T08:45:00+0200,177.97,MW,FR,FR,actual_offshore_wind_generation,Wind Offshore | Actual Aggregated,2026-07-19T23:19:59Z
2026-07-19T23:19:05Z,2026-07-20T01:19:05+0200,028f9a66-b3fa-4fa7-a1aa-7c735a2e67a7,2026-06-19T07:00:00Z,2026-06-19T09:00:00+0200,158.83,MW,FR,FR,actual_offshore_wind_generation,Wind Offshore | Actual Aggregated,2026-07-19T23:19:59Z
2026-07-19T23:19:05Z,2026-07-20T01:19:05+0200,028f9a66-b3fa-4fa7-a1aa-7c735a2e67a7,2026-06-19T07:15:00Z,2026-06-19T09:15:00+0200,125.34,MW,FR,FR,actual_offshore_wind_generation,Wind Offshore | Actual Aggregated,2026-07-19T23:19:59Z
2026-07-19T23:19:05Z,2026-07-20T01:19:05+0200,028f9a66-b3fa-4fa7-a1aa-7c735a2e67a7,2026-06-19T07:30:00Z,2026-06-19T09:30:00+0200,132.0,MW,FR,FR,actual_offshore_wind_generation,Wind Offshore | Actual Aggregated,2026-07-19T23:19:59Z
2026-07-19T23:19:05Z,2026-07-20T01:19:05+0200,028f9a66-b3fa-4fa7-a1aa-7c735a2e67a7,2026-06-19T07:45:00Z,2026-06-19T09:45:00+0200,85.07,MW,FR,FR,actual_offshore_wind_generation,Wind Offshore | Actual Aggregated,2026-07-19T23:19:59Z
2026-07-19T23:19:05Z,2026-07-20T01:19:05+0200,028f9a66-b3fa-4fa7-a1aa-7c735a2e67a7,2026-06-19T08:00:00Z,2026-06-19T10:00:00+0200,64.91,MW,FR,FR,actual_offshore_wind_generation,Wind Offshore | Actual Aggregated,2026-07-19T23:19:59Z
2026-07-19T23:19:05Z,2026-07-20T01:19:05+0200,028f9a66-b3fa-4fa7-a1aa-7c735a2e67a7,2026-06-19T08:15:00Z,2026-06-19T10:15:00+0200,60.51,MW,FR,FR,actual_offshore_wind_generation,Wind Offshore | Actual Aggregated,2026-07-19T23:19:59Z
2026-07-19T23:19:05Z,2026-07-20T01:19:05+0200,028f9a66-b3fa-4fa7-a1aa-7c735a2e67a7,2026-06-19T08:30:00Z,2026-06-19T10:30:00+0200,38.79,MW,FR,FR,actual_offshore_wind_generation,Wind Offshore | Actual Aggregated,2026-07-19T23:19:59Z
2026-07-19T23:19:05Z,2026-07-20T01:19:05+0200,028f9a66-b3fa-4fa7-a1aa-7c735a2e67a7,2026-06-19T08:45:00Z,2026-06-19T10:45:00+0200,47.6,MW,FR,FR,actual_offshore_wind_generation,Wind Offshore | Actual Aggregated,2026-07-19T23:19:59Z
2026-07-19T23:19:05Z,2026-07-20T01:19:05+0200,028f9a66-b3fa-4fa7-a1aa-7c735a2e67a7,2026-06-19T09:00:00Z,2026-06-19T11:00:00+0200,44.82,MW,FR,FR,actual_offshore_wind_generation,Wind Offshore | Actual Aggregated,2026-07-19T23:19:59Z
2026-07-19T23:19:05Z,2026-07-20T01:19:05+0200,028f9a66-b3fa-4fa7-a1aa-7c735a2e67a7,2026-06-19T09:15:00Z,2026-06-19T11:15:00+0200,45.13,MW,FR,FR,actual_offshore_wind_generation,Wind Offshore | Actual Aggregated,2026-07-19T23:19:59Z
2026-07-19T23:19:05Z,2026-07-20T01:19:05+0200,028f9a66-b3fa-4fa7-a1aa-7c735a2e67a7,2026-06-19T09:30:00Z,2026-06-19T11:30:00+0200,32.55,MW,FR,FR,actual_offshore_wind_generation,Wind Offshore | Actual Aggregated,2026-07-19T23:19:59Z
2026-07-19T23:19:05Z,2026-07-20T01:19:05+0200,028f9a66-b3fa-4fa7-a1aa-7c735a2e67a7,2026-06-19T09:45:00Z,2026-06-19T11:45:00+0200,31.32,MW,FR,FR,actual_offshore_wind_generation,Wind Offshore | Actual Aggregated,2026-07-19T23:19:59Z
2026-07-19T23:19:05Z,2026-07-20T01:19:05+0200,028f9a66-b3fa-4fa7-a1aa-7c735a2e67a7,2026-06-19T10:00:00Z,2026-06-19T12:00:00+0200,25.34,MW,FR,FR,actual_offshore_wind_generation,Wind Offshore | Actual Aggregated,2026-07-19T23:19:59Z
2026-07-19T23:19:05Z,2026-07-20T01:19:05+0200,028f9a66-b3fa-4fa7-a1aa-7c735a2e67a7,2026-06-19T10:15:00Z,2026-06-19T12:15:00+0200,28.04,MW,FR,FR,actual_offshore_wind_generation,Wind Offshore | Actual Aggregated,2026-07-19T23:19:59Z
2026-07-19T23:19:05Z,2026-07-20T01:19:05+0200,028f9a66-b3fa-4fa7-a1aa-7c735a2e67a7,2026-06-19T10:30:00Z,2026-06-19T12:30:00+0200,46.45,MW,FR,FR,actual_offshore_wind_generation,Wind Offshore | Actual Aggregated,2026-07-19T23:19:59Z
2026-07-19T23:19:05Z,2026-07-20T01:19:05+0200,028f9a66-b3fa-4fa7-a1aa-7c735a2e67a7,2026-06-19T10:45:00Z,2026-06-19T12:45:00+0200,65.57,MW,FR,FR,actual_offshore_wind_generation,Wind Offshore | Actual Aggregated,2026-07-19T23:19:59Z
2026-07-19T23:19:05Z,2026-07-20T01:19:05+0200,028f9a66-b3fa-4fa7-a1aa-7c735a2e67a7,2026-06-19T11:00:00Z,2026-06-19T13:00:00+0200,65.83,MW,FR,FR,actual_offshore_wind_generation,Wind Offshore | Actual Aggregated,2026-07-19T23:19:59Z
2026-07-19T23:19:05Z,2026-07-20T01:19:05+0200,028f9a66-b3fa-4fa7-a1aa-7c735a2e67a7,2026-06-19T11:15:00Z,2026-06-19T13:15:00+0200,56.99,MW,FR,FR,actual_offshore_wind_generation,Wind Offshore | Actual Aggregated,2026-07-19T23:19:59Z
2026-07-19T23:19:05Z,2026-07-20T01:19:05+0200,028f9a66-b3fa-4fa7-a1aa-7c735a2e67a7,2026-06-19T11:30:00Z,2026-06-19T13:30:00+0200,52.05,MW,FR,FR,actual_offshore_wind_generation,Wind Offshore | Actual Aggregated,2026-07-19T23:19:59Z
2026-07-19T23:19:05Z,2026-07-20T01:19:05+0200,028f9a66-b3fa-4fa7-a1aa-7c735a2e67a7,2026-06-19T11:45:00Z,2026-06-19T13:45:00+0200,57.53,MW,FR,FR,actual_offshore_wind_generation,Wind Offshore | Actual Aggregated,2026-07-19T23:19:59Z
2026-07-19T23:19:05Z,2026-07-20T01:19:05+0200,028f9a66-b3fa-4fa7-a1aa-7c735a2e67a7,2026-06-19T12:00:00Z,2026-06-19T14:00:00+0200,62.7,MW,FR,FR,actual_offshore_wind_generation,Wind Offshore | Actual Aggregated,2026-07-19T23:19:59Z
2026-07-19T23:19:05Z,2026-07-20T01:19:05+0200,028f9a66-b3fa-4fa7-a1aa-7c735a2e67a7,2026-06-19T12:15:00Z,2026-06-19T14:15:00+0200,88.34,MW,FR,FR,actual_offshore_wind_generation,Wind Offshore | Actual Aggregated,2026-07-19T23:19:59Z
2026-07-19T23:19:05Z,2026-07-20T01:19:05+0200,028f9a66-b3fa-4fa7-a1aa-7c735a2e67a7,2026-06-19T12:30:00Z,2026-06-19T14:30:00+0200,56.48,MW,FR,FR,actual_offshore_wind_generation,Wind Offshore | Actual Aggregated,2026-07-19T23:19:59Z
2026-07-19T23:19:05Z,2026-07-20T01:19:05+0200,028f9a66-b3fa-4fa7-a1aa-7c735a2e67a7,2026-06-19T12:45:00Z,2026-06-19T14:45:00+0200,77.23,MW,FR,FR,actual_offshore_wind_generation,Wind Offshore | Actual Aggregated,2026-07-19T23:19:59Z
2026-07-19T23:19:05Z,2026-07-20T01:19:05+0200,028f9a66-b3fa-4fa7-a1aa-7c735a2e67a7,2026-06-19T13:00:00Z,2026-06-19T15:00:00+0200,80.79,MW,FR,FR,actual_offshore_wind_generation,Wind Offshore | Actual Aggregated,2026-07-19T23:19:59Z
2026-07-19T23:19:05Z,2026-07-20T01:19:05+0200,028f9a66-b3fa-4fa7-a1aa-7c735a2e67a7,2026-06-19T13:15:00Z,2026-06-19T15:15:00+0200,57.39,MW,FR,FR,actual_offshore_wind_generation,Wind Offshore | Actual Aggregated,2026-07-19T23:19:59Z
2026-07-19T23:19:05Z,2026-07-20T01:19:05+0200,028f9a66-b3fa-4fa7-a1aa-7c735a2e67a7,2026-06-19T13:30:00Z,2026-06-19T15:30:00+0200,67.03,MW,FR,FR,actual_offshore_wind_generation,Wind Offshore | Actual Aggregated,2026-07-19T23:19:59Z
2026-07-19T23:19:05Z,2026-07-20T01:19:05+0200,028f9a66-b3fa-4fa7-a1aa-7c735a2e67a7,2026-06-19T13:45:00Z,2026-06-19T15:45:00+0200,81.01,MW,FR,FR,actual_offshore_wind_generation,Wind Offshore | Actual Aggregated,2026-07-19T23:19:59Z
2026-07-19T23:19:05Z,2026-07-20T01:19:05+0200,028f9a66-b3fa-4fa7-a1aa-7c735a2e67a7,2026-06-19T14:00:00Z,2026-06-19T16:00:00+0200,86.52,MW,FR,FR,actual_offshore_wind_generation,Wind Offshore | Actual Aggregated,2026-07-19T23:19:59Z
2026-07-19T23:19:05Z,2026-07-20T01:19:05+0200,028f9a66-b3fa-4fa7-a1aa-7c735a2e67a7,2026-06-19T14:15:00Z,2026-06-19T16:15:00+0200,110.94,MW,FR,FR,actual_offshore_wind_generation,Wind Offshore | Actual Aggregated,2026-07-19T23:19:59Z
2026-07-19T23:19:05Z,2026-07-20T01:19:05+0200,028f9a66-b3fa-4fa7-a1aa-7c735a2e67a7,2026-06-19T14:30:00Z,2026-06-19T16:30:00+0200,141.88,MW,FR,FR,actual_offshore_wind_generation,Wind Offshore | Actual Aggregated,2026-07-19T23:19:59Z
2026-07-19T23:19:05Z,2026-07-20T01:19:05+0200,028f9a66-b3fa-4fa7-a1aa-7c735a2e67a7,2026-06-19T14:45:00Z,2026-06-19T16:45:00+0200,129.54,MW,FR,FR,actual_offshore_wind_generation,Wind Offshore | Actual Aggregated,2026-07-19T23:19:59Z
2026-07-19T23:19:05Z,2026-07-20T01:19:05+0200,028f9a66-b3fa-4fa7-a1aa-7c735a2e67a7,2026-06-19T15:00:00Z,2026-06-19T17:00:00+0200,125.42,MW,FR,FR,actual_offshore_wind_generation,Wind Offshore | Actual Aggregated,2026-07-19T23:19:59Z
2026-07-19T23:19:05Z,2026-07-20T01:19:05+0200,028f9a66-b3fa-4fa7-a1aa-7c735a2e67a7,2026-06-19T15:15:00Z,2026-06-19T17:15:00+0200,148.01,MW,FR,FR,actual_offshore_wind_generation,Wind Offshore | Actual Aggregated,2026-07-19T23:19:59Z
2026-07-19T23:19:05Z,2026-07-20T01:19:05+0200,028f9a66-b3fa-4fa7-a1aa-7c735a2e67a7,2026-06-19T15:30:00Z,2026-06-19T17:30:00+0200,170.79,MW,FR,FR,actual_offshore_wind_generation,Wind Offshore | Actual Aggregated,2026-07-19T23:19:59Z
2026-07-19T23:19:05Z,2026-07-20T01:19:05+0200,028f9a66-b3fa-4fa7-a1aa-7c735a2e67a7,2026-06-19T15:45:00Z,2026-06-19T17:45:00+0200,208.95,MW,FR,FR,actual_offshore_wind_generation,Wind Offshore | Actual Aggregated,2026-07-19T23:19:59Z
2026-07-19T23:19:05Z,2026-07-20T01:19:05+0200,028f9a66-b3fa-4fa7-a1aa-7c735a2e67a7,2026-06-19T16:00:00Z,2026-06-19T18:00:00+0200,216.32,MW,FR,FR,actual_offshore_wind_generation,Wind Offshore | Actual Aggregated,2026-07-19T23:19:59Z
2026-07-19T23:19:05Z,2026-07-20T01:19:05+0200,028f9a66-b3fa-4fa7-a1aa-7c735a2e67a7,2026-06-19T16:15:00Z,2026-06-19T18:15:00+0200,151.67,MW,FR,FR,actual_offshore_wind_generation,Wind Offshore | Actual Aggregated,2026-07-19T23:19:59Z
2026-07-19T23:19:05Z,2026-07-20T01:19:05+0200,028f9a66-b3fa-4fa7-a1aa-7c735a2e67a7,2026-06-19T16:30:00Z,2026-06-19T18:30:00+0200,118.45,MW,FR,FR,actual_offshore_wind_generation,Wind Offshore | Actual Aggregated,2026-07-19T23:19:59Z
2026-07-19T23:19:05Z,2026-07-20T01:19:05+0200,028f9a66-b3fa-4fa7-a1aa-7c735a2e67a7,2026-06-19T16:45:00Z,2026-06-19T18:45:00+0200,96.63,MW,FR,FR,actual_offshore_wind_generation,Wind Offshore | Actual Aggregated,2026-07-19T23:19:59Z
2026-07-19T23:19:05Z,2026-07-20T01:19:05+0200,028f9a66-b3fa-4fa7-a1aa-7c735a2e67a7,2026-06-19T17:00:00Z,2026-06-19T19:00:00+0200,180.62,MW,FR,FR,actual_offshore_wind_generation,Wind Offshore | Actual Aggregated,2026-07-19T23:19:59Z
2026-07-19T23:19:05Z,2026-07-20T01:19:05+0200,028f9a66-b3fa-4fa7-a1aa-7c735a2e67a7,2026-06-19T17:15:00Z,2026-06-19T19:15:00+0200,226.35,MW,FR,FR,actual_offshore_wind_generation,Wind Offshore | Actual Aggregated,2026-07-19T23:19:59Z
2026-07-19T23:19:05Z,2026-07-20T01:19:05+0200,028f9a66-b3fa-4fa7-a1aa-7c735a2e67a7,2026-06-19T17:30:00Z,2026-06-19T19:30:00+0200,148.16,MW,FR,FR,actual_offshore_wind_generation,Wind Offshore | Actual Aggregated,2026-07-19T23:19:59Z
2026-07-19T23:19:05Z,2026-07-20T01:19:05+0200,028f9a66-b3fa-4fa7-a1aa-7c735a2e67a7,2026-06-19T17:45:00Z,2026-06-19T19:45:00+0200,134.41,MW,FR,FR,actual_offshore_wind_generation,Wind Offshore | Actual Aggregated,2026-07-19T23:19:59Z
2026-07-19T23:19:05Z,2026-07-20T01:19:05+0200,028f9a66-b3fa-4fa7-a1aa-7c735a2e67a7,2026-06-19T18:00:00Z,2026-06-19T20:00:00+0200,105.37,MW,FR,FR,actual_offshore_wind_generation,Wind Offshore | Actual Aggregated,2026-07-19T23:19:59Z
2026-07-19T23:19:05Z,2026-07-20T01:19:05+0200,028f9a66-b3fa-4fa7-a1aa-7c735a2e67a7,2026-06-19T18:15:00Z,2026-06-19T20:15:00+0200,104.63,MW,FR,FR,actual_offshore_wind_generation,Wind Offshore | Actual Aggregated,2026-07-19T23:19:59Z
2026-07-19T23:19:05Z,2026-07-20T01:19:05+0200,028f9a66-b3fa-4fa7-a1aa-7c735a2e67a7,2026-06-19T18:30:00Z,2026-06-19T20:30:00+0200,106.19,MW,FR,FR,actual_offshore_wind_generation,Wind Offshore | Actual Aggregated,2026-07-19T23:19:59Z
2026-07-19T23:19:05Z,2026-07-20T01:19:05+0200,028f9a66-b3fa-4fa7-a1aa-7c735a2e67a7,2026-06-19T18:45:00Z,2026-06-19T20:45:00+0200,93.75,MW,FR,FR,actual_offshore_wind_generation,Wind Offshore | Actual Aggregated,2026-07-19T23:19:59Z
2026-07-19T23:19:05Z,2026-07-20T01:19:05+0200,028f9a66-b3fa-4fa7-a1aa-7c735a2e67a7,2026-06-19T19:00:00Z,2026-06-19T21:00:00+0200,97.04,MW,FR,FR,actual_offshore_wind_generation,Wind Offshore | Actual Aggregated,2026-07-19T23:19:59Z
2026-07-19T23:19:05Z,2026-07-20T01:19:05+0200,028f9a66-b3fa-4fa7-a1aa-7c735a2e67a7,2026-06-19T19:15:00Z,2026-06-19T21:15:00+0200,89.54,MW,FR,FR,actual_offshore_wind_generation,Wind Offshore | Actual Aggregated,2026-07-19T23:19:59Z
2026-07-19T23:19:05Z,2026-07-20T01:19:05+0200,028f9a66-b3fa-4fa7-a1aa-7c735a2e67a7,2026-06-19T19:30:00Z,2026-06-19T21:30:00+0200,77.15,MW,FR,FR,actual_offshore_wind_generation,Wind Offshore | Actual Aggregated,2026-07-19T23:19:59Z
2026-07-19T23:19:05Z,2026-07-20T01:19:05+0200,028f9a66-b3fa-4fa7-a1aa-7c735a2e67a7,2026-06-19T19:45:00Z,2026-06-19T21:45:00+0200,71.92,MW,FR,FR,actual_offshore_wind_generation,Wind Offshore | Actual Aggregated,2026-07-19T23:19:59Z
2026-07-19T23:19:05Z,2026-07-20T01:19:05+0200,028f9a66-b3fa-4fa7-a1aa-7c735a2e67a7,2026-06-19T20:00:00Z,2026-06-19T22:00:00+0200,66.72,MW,FR,FR,actual_offshore_wind_generation,Wind Offshore | Actual Aggregated,2026-07-19T23:19:59Z
2026-07-19T23:19:05Z,2026-07-20T01:19:05+0200,028f9a66-b3fa-4fa7-a1aa-7c735a2e67a7,2026-06-19T20:15:00Z,2026-06-19T22:15:00+0200,59.45,MW,FR,FR,actual_offshore_wind_generation,Wind Offshore | Actual Aggregated,2026-07-19T23:19:59Z
2026-07-19T23:19:05Z,2026-07-20T01:19:05+0200,028f9a66-b3fa-4fa7-a1aa-7c735a2e67a7,2026-06-19T20:30:00Z,2026-06-19T22:30:00+0200,68.54,MW,FR,FR,actual_offshore_wind_generation,Wind Offshore | Actual Aggregated,2026-07-19T23:19:59Z
2026-07-19T23:19:05Z,2026-07-20T01:19:05+0200,028f9a66-b3fa-4fa7-a1aa-7c735a2e67a7,2026-06-19T20:45:00Z,2026-06-19T22:45:00+0200,59.32,MW,FR,FR,actual_offshore_wind_generation,Wind Offshore | Actual Aggregated,2026-07-19T23:19:59Z
2026-07-19T23:19:05Z,2026-07-20T01:19:05+0200,028f9a66-b3fa-4fa7-a1aa-7c735a2e67a7,2026-06-19T21:00:00Z,2026-06-19T23:00:00+0200,59.42,MW,FR,FR,actual_offshore_wind_generation,Wind Offshore | Actual Aggregated,2026-07-19T23:19:59Z
2026-07-19T23:19:05Z,2026-07-20T01:19:05+0200,028f9a66-b3fa-4fa7-a1aa-7c735a2e67a7,2026-06-19T21:15:00Z,2026-06-19T23:15:00+0200,65.14,MW,FR,FR,actual_offshore_wind_generation,Wind Offshore | Actual Aggregated,2026-07-19T23:19:59Z
2026-07-19T23:19:05Z,2026-07-20T01:19:05+0200,028f9a66-b3fa-4fa7-a1aa-7c735a2e67a7,2026-06-19T21:30:00Z,2026-06-19T23:30:00+0200,66.97,MW,FR,FR,actual_offshore_wind_generation,Wind Offshore | Actual Aggregated,2026-07-19T23:19:59Z
2026-07-19T23:19:05Z,2026-07-20T01:19:05+0200,028f9a66-b3fa-4fa7-a1aa-7c735a2e67a7,2026-06-19T21:45:00Z,2026-06-19T23:45:00+0200,60.36,MW,FR,FR,actual_offshore_wind_generation,Wind Offshore | Actual Aggregated,2026-07-19T23:19:59Z
2026-07-19T23:19:05Z,2026-07-20T01:19:05+0200,028f9a66-b3fa-4fa7-a1aa-7c735a2e67a7,2026-06-19T22:00:00Z,2026-06-20T00:00:00+0200,83.36,MW,FR,FR,actual_offshore_wind_generation,Wind Offshore | Actual Aggregated,2026-07-19T23:19:59Z
2026-07-19T23:19:05Z,2026-07-20T01:19:05+0200,028f9a66-b3fa-4fa7-a1aa-7c735a2e67a7,2026-06-19T22:15:00Z,2026-06-20T00:15:00+0200,98.67,MW,FR,FR,actual_offshore_wind_generation,Wind Offshore | Actual Aggregated,2026-07-19T23:19:59Z
2026-07-19T23:19:05Z,2026-07-20T01:19:05+0200,028f9a66-b3fa-4fa7-a1aa-7c735a2e67a7,2026-06-19T22:30:00Z,2026-06-20T00:30:00+0200,97.74,MW,FR,FR,actual_offshore_wind_generation,Wind Offshore | Actual Aggregated,2026-07-19T23:19:59Z
2026-07-19T23:19:05Z,2026-07-20T01:19:05+0200,028f9a66-b3fa-4fa7-a1aa-7c735a2e67a7,2026-06-19T22:45:00Z,2026-06-20T00:45:00+0200,89.74,MW,FR,FR,actual_offshore_wind_generation,Wind Offshore | Actual Aggregated,2026-07-19T23:19:59Z
2026-07-19T23:19:05Z,2026-07-20T01:19:05+0200,028f9a66-b3fa-4fa7-a1aa-7c735a2e67a7,2026-06-19T23:00:00Z,2026-06-20T01:00:00+0200,106.77,MW,FR,FR,actual_offshore_wind_generation,Wind Offshore | Actual Aggregated,2026-07-19T23:19:59Z
2026-07-19T23:19:05Z,2026-07-20T01:19:05+0200,028f9a66-b3fa-4fa7-a1aa-7c735a2e67a7,2026-06-19T23:15:00Z,2026-06-20T01:15:00+0200,102.03,MW,FR,FR,actual_offshore_wind_generation,Wind Offshore | Actual Aggregated,2026-07-19T23:19:59Z
2026-07-19T23:19:05Z,2026-07-20T01:19:05+0200,028f9a66-b3fa-4fa7-a1aa-7c735a2e67a7,2026-06-19T23:30:00Z,2026-06-20T01:30:00+0200,90.93,MW,FR,FR,actual_offshore_wind_generation,Wind Offshore | Actual Aggregated,2026-07-19T23:19:59Z
2026-07-19T23:19:05Z,2026-07-20T01:19:05+0200,028f9a66-b3fa-4fa7-a1aa-7c735a2e67a7,2026-06-19T23:45:00Z,2026-06-20T01:45:00+0200,75.9,MW,FR,FR,actual_offshore_wind_generation,Wind Offshore | Actual Aggregated,2026-07-19T23:19:59Z
2026-07-19T23:19:05Z,2026-07-20T01:19:05+0200,028f9a66-b3fa-4fa7-a1aa-7c735a2e67a7,2026-06-20T00:00:00Z,2026-06-20T02:00:00+0200,68.43,MW,FR,FR,actual_offshore_wind_generation,Wind Offshore | Actual Aggregated,2026-07-19T23:19:59Z
2026-07-19T23:19:05Z,2026-07-20T01:19:05+0200,028f9a66-b3fa-4fa7-a1aa-7c735a2e67a7,2026-06-20T00:15:00Z,2026-06-20T02:15:00+0200,60.08,MW,FR,FR,actual_offshore_wind_generation,Wind Offshore | Actual Aggregated,2026-07-19T23:19:59Z
2026-07-19T23:19:05Z,2026-07-20T01:19:05+0200,028f9a66-b3fa-4fa7-a1aa-7c735a2e67a7,2026-06-20T00:30:00Z,2026-06-20T02:30:00+0200,57.04,MW,FR,FR,actual_offshore_wind_generation,Wind Offshore | Actual Aggregated,2026-07-19T23:19:59Z
2026-07-19T23:19:05Z,2026-07-20T01:19:05+0200,028f9a66-b3fa-4fa7-a1aa-7c735a2e67a7,2026-06-20T00:45:00Z,2026-06-20T02:45:00+0200,30.28,MW,FR,FR,actual_offshore_wind_generation,Wind Offshore | Actual Aggregated,2026-07-19T23:19:59Z
2026-07-19T23:19:05Z,2026-07-20T01:19:05+0200,028f9a66-b3fa-4fa7-a1aa-7c735a2e67a7,2026-06-20T01:00:00Z,2026-06-20T03:00:00+0200,27.82,MW,FR,FR,actual_offshore_wind_generation,Wind Offshore | Actual Aggregated,2026-07-19T23:19:59Z
2026-07-19T23:19:05Z,2026-07-20T01:19:05+0200,028f9a66-b3fa-4fa7-a1aa-7c735a2e67a7,2026-06-20T01:15:00Z,2026-06-20T03:15:00+0200,34.79,MW,FR,FR,actual_offshore_wind_generation,Wind Offshore | Actual Aggregated,2026-07-19T23:19:59Z
2026-07-19T23:19:05Z,2026-07-20T01:19:05+0200,028f9a66-b3fa-4fa7-a1aa-7c735a2e67a7,2026-06-20T01:30:00Z,2026-06-20T03:30:00+0200,32.46,MW,FR,FR,actual_offshore_wind_generation,Wind Offshore | Actual Aggregated,2026-07-19T23:19:59Z
2026-07-19T23:19:05Z,2026-07-20T01:19:05+0200,028f9a66-b3fa-4fa7-a1aa-7c735a2e67a7,2026-06-20T01:45:00Z,2026-06-20T03:45:00+0200,36.59,MW,FR,FR,actual_offshore_wind_generation,Wind Offshore | Actual Aggregated,2026-07-19T23:19:59Z
2026-07-19T23:19:05Z,2026-07-20T01:19:05+0200,028f9a66-b3fa-4fa7-a1aa-7c735a2e67a7,2026-06-20T02:00:00Z,2026-06-20T04:00:00+0200,58.25,MW,FR,FR,actual_offshore_wind_generation,Wind Offshore | Actual Aggregated,2026-07-19T23:19:59Z
2026-07-19T23:19:05Z,2026-07-20T01:19:05+0200,028f9a66-b3fa-4fa7-a1aa-7c735a2e67a7,2026-06-20T02:15:00Z,2026-06-20T04:15:00+0200,58.78,MW,FR,FR,actual_offshore_wind_generation,Wind Offshore | Actual Aggregated,2026-07-19T23:19:59Z
2026-07-19T23:19:05Z,2026-07-20T01:19:05+0200,028f9a66-b3fa-4fa7-a1aa-7c735a2e67a7,2026-06-20T02:30:00Z,2026-06-20T04:30:00+0200,79.86,MW,FR,FR,actual_offshore_wind_generation,Wind Offshore | Actual Aggregated,2026-07-19T23:19:59Z
2026-07-19T23:19:05Z,2026-07-20T01:19:05+0200,028f9a66-b3fa-4fa7-a1aa-7c735a2e67a7,2026-06-20T02:45:00Z,2026-06-20T04:45:00+0200,54.15,MW,FR,FR,actual_offshore_wind_generation,Wind Offshore | Actual Aggregated,2026-07-19T23:19:59Z
2026-07-19T23:19:05Z,2026-07-20T01:19:05+0200,028f9a66-b3fa-4fa7-a1aa-7c735a2e67a7,2026-06-20T03:00:00Z,2026-06-20T05:00:00+0200,38.37,MW,FR,FR,actual_offshore_wind_generation,Wind Offshore | Actual Aggregated,2026-07-19T23:19:59Z
2026-07-19T23:19:05Z,2026-07-20T01:19:05+0200,028f9a66-b3fa-4fa7-a1aa-7c735a2e67a7,2026-06-20T03:15:00Z,2026-06-20T05:15:00+0200,45.55,MW,FR,FR,actual_offshore_wind_generation,Wind Offshore | Actual Aggregated,2026-07-19T23:19:59Z
2026-07-19T23:19:05Z,2026-07-20T01:19:05+0200,028f9a66-b3fa-4fa7-a1aa-7c735a2e67a7,2026-06-20T03:30:00Z,2026-06-20T05:30:00+0200,57.54,MW,FR,FR,actual_offshore_wind_generation,Wind Offshore | Actual Aggregated,2026-07-19T23:19:59Z
2026-07-19T23:19:05Z,2026-07-20T01:19:05+0200,028f9a66-b3fa-4fa7-a1aa-7c735a2e67a7,2026-06-20T03:45:00Z,2026-06-20T05:45:00+0200,51.34,MW,FR,FR,actual_offshore_wind_generation,Wind Offshore | Actual Aggregated,2026-07-19T23:19:59Z
2026-07-19T23:19:05Z,2026-07-20T01:19:05+0200,028f9a66-b3fa-4fa7-a1aa-7c735a2e67a7,2026-06-20T04:00:00Z,2026-06-20T06:00:00+0200,37.67,MW,FR,FR,actual_offshore_wind_generation,Wind Offshore | Actual Aggregated,2026-07-19T23:19:59Z
2026-07-19T23:19:05Z,2026-07-20T01:19:05+0200,028f9a66-b3fa-4fa7-a1aa-7c735a2e67a7,2026-06-20T04:15:00Z,2026-06-20T06:15:00+0200,21.57,MW,FR,FR,actual_offshore_wind_generation,Wind Offshore | Actual Aggregated,2026-07-19T23:19:59Z
2026-07-19T23:19:05Z,2026-07-20T01:19:05+0200,028f9a66-b3fa-4fa7-a1aa-7c735a2e67a7,2026-06-20T04:30:00Z,2026-06-20T06:30:00+0200,9.71,MW,FR,FR,actual_offshore_wind_generation,Wind Offshore | Actual Aggregated,2026-07-19T23:19:59Z
2026-07-19T23:19:05Z,2026-07-20T01:19:05+0200,028f9a66-b3fa-4fa7-a1aa-7c735a2e67a7,2026-06-20T04:45:00Z,2026-06-20T06:45:00+0200,9.47,MW,FR,FR,actual_offshore_wind_generation,Wind Offshore | Actual Aggregated,2026-07-19T23:19:59Z
2026-07-19T23:19:05Z,2026-07-20T01:19:05+0200,028f9a66-b3fa-4fa7-a1aa-7c735a2e67a7,2026-06-20T05:00:00Z,2026-06-20T07:00:00+0200,2.46,MW,FR,FR,actual_offshore_wind_generation,Wind Offshore | Actual Consumption,2026-07-19T23:19:59Z
2026-07-19T23:19:05Z,2026-07-20T01:19:05+0200,028f9a66-b3fa-4fa7-a1aa-7c735a2e67a7,2026-06-20T05:15:00Z,2026-06-20T07:15:00+0200,7.3,MW,FR,FR,actual_offshore_wind_generation,Wind Offshore | Actual Consumption,2026-07-19T23:19:59Z
2026-07-19T23:19:05Z,2026-07-20T01:19:05+0200,028f9a66-b3fa-4fa7-a1aa-7c735a2e67a7,2026-06-20T05:30:00Z,2026-06-20T07:30:00+0200,10.91,MW,FR,FR,actual_offshore_wind_generation,Wind Offshore | Actual Consumption,2026-07-19T23:19:59Z
2026-07-19T23:19:05Z,2026-07-20T01:19:05+0200,028f9a66-b3fa-4fa7-a1aa-7c735a2e67a7,2026-06-20T05:45:00Z,2026-06-20T07:45:00+0200,10.3,MW,FR,FR,actual_offshore_wind_generation,Wind Offshore | Actual Consumption,2026-07-19T23:19:59Z
2026-07-19T23:19:05Z,2026-07-20T01:19:05+0200,028f9a66-b3fa-4fa7-a1aa-7c735a2e67a7,2026-06-20T06:00:00Z,2026-06-20T08:00:00+0200,11.39,MW,FR,FR,actual_offshore_wind_generation,Wind Offshore | Actual Consumption,2026-07-19T23:19:59Z
2026-07-19T23:19:05Z,2026-07-20T01:19:05+0200,028f9a66-b3fa-4fa7-a1aa-7c735a2e67a7,2026-06-20T06:15:00Z,2026-06-20T08:15:00+0200,9.82,MW,FR,FR,actual_offshore_wind_generation,Wind Offshore | Actual Consumption,2026-07-19T23:19:59Z
2026-07-19T23:19:05Z,2026-07-20T01:19:05+0200,028f9a66-b3fa-4fa7-a1aa-7c735a2e67a7,2026-06-20T06:30:00Z,2026-06-20T08:30:00+0200,6.72,MW,FR,FR,actual_offshore_wind_generation,Wind Offshore | Actual Consumption,2026-07-19T23:19:59Z
2026-07-19T23:19:05Z,2026-07-20T01:19:05+0200,028f9a66-b3fa-4fa7-a1aa-7c735a2e67a7,2026-06-20T06:45:00Z,2026-06-20T08:45:00+0200,4.81,MW,FR,FR,actual_offshore_wind_generation,Wind Offshore | Actual Consumption,2026-07-19T23:19:59Z
2026-07-19T23:19:05Z,2026-07-20T01:19:05+0200,028f9a66-b3fa-4fa7-a1aa-7c735a2e67a7,2026-06-20T07:00:00Z,2026-06-20T09:00:00+0200,3.58,MW,FR,FR,actual_offshore_wind_generation,Wind Offshore | Actual Consumption,2026-07-19T23:19:59Z
2026-07-19T23:19:05Z,2026-07-20T01:19:05+0200,028f9a66-b3fa-4fa7-a1aa-7c735a2e67a7,2026-06-20T07:15:00Z,2026-06-20T09:15:00+0200,3.4,MW,FR,FR,actual_offshore_wind_generation,Wind Offshore | Actual Consumption,2026-07-19T23:19:59Z
2026-07-19T23:19:05Z,2026-07-20T01:19:05+0200,028f9a66-b3fa-4fa7-a1aa-7c735a2e67a7,2026-06-20T07:30:00Z,2026-06-20T09:30:00+0200,1.67,MW,FR,FR,actual_offshore_wind_generation,Wind Offshore | Actual Consumption,2026-07-19T23:19:59Z
2026-07-19T23:19:05Z,2026-07-20T01:19:05+0200,028f9a66-b3fa-4fa7-a1aa-7c735a2e67a7,2026-06-20T07:45:00Z,2026-06-20T09:45:00+0200,0.18,MW,FR,FR,actual_offshore_wind_generation,Wind Offshore | Actual Consumption,2026-07-19T23:19:59Z
2026-07-19T23:19:05Z,2026-07-20T01:19:05+0200,028f9a66-b3fa-4fa7-a1aa-7c735a2e67a7,2026-06-20T08:00:00Z,2026-06-20T10:00:00+0200,2.72,MW,FR,FR,actual_offshore_wind_generation,Wind Offshore | Actual Consumption,2026-07-19T23:19:59Z
2026-07-19T23:19:05Z,2026-07-20T01:19:05+0200,028f9a66-b3fa-4fa7-a1aa-7c735a2e67a7,2026-06-20T08:15:00Z,2026-06-20T10:15:00+0200,3.39,MW,FR,FR,actual_offshore_wind_generation,Wind Offshore | Actual Consumption,2026-07-19T23:19:59Z
2026-07-19T23:19:05Z,2026-07-20T01:19:05+0200,028f9a66-b3fa-4fa7-a1aa-7c735a2e67a7,2026-06-20T08:30:00Z,2026-06-20T10:30:00+0200,5.06,MW,FR,FR,actual_offshore_wind_generation,Wind Offshore | Actual Consumption,2026-07-19T23:19:59Z
2026-07-19T23:19:05Z,2026-07-20T01:19:05+0200,028f9a66-b3fa-4fa7-a1aa-7c735a2e67a7,2026-06-20T08:45:00Z,2026-06-20T10:45:00+0200,6.13,MW,FR,FR,actual_offshore_wind_generation,Wind Offshore | Actual Consumption,2026-07-19T23:19:59Z
2026-07-19T23:19:05Z,2026-07-20T01:19:05+0200,028f9a66-b3fa-4fa7-a1aa-7c735a2e67a7,2026-06-20T09:00:00Z,2026-06-20T11:00:00+0200,7.93,MW,FR,FR,actual_offshore_wind_generation,Wind Offshore | Actual Consumption,2026-07-19T23:19:59Z
2026-07-19T23:19:05Z,2026-07-20T01:19:05+0200,028f9a66-b3fa-4fa7-a1aa-7c735a2e67a7,2026-06-20T09:15:00Z,2026-06-20T11:15:00+0200,4.6,MW,FR,FR,actual_offshore_wind_generation,Wind Offshore | Actual Consumption,2026-07-19T23:19:59Z
2026-07-19T23:19:05Z,2026-07-20T01:19:05+0200,028f9a66-b3fa-4fa7-a1aa-7c735a2e67a7,2026-06-20T09:30:00Z,2026-06-20T11:30:00+0200,2.48,MW,FR,FR,actual_offshore_wind_generation,Wind Offshore | Actual Consumption,2026-07-19T23:19:59Z
2026-07-19T23:19:05Z,2026-07-20T01:19:05+0200,028f9a66-b3fa-4fa7-a1aa-7c735a2e67a7,2026-06-20T09:45:00Z,2026-06-20T11:45:00+0200,0.39,MW,FR,FR,actual_offshore_wind_generation,Wind Offshore | Actual Aggregated,2026-07-19T23:19:59Z
2026-07-19T23:19:05Z,2026-07-20T01:19:05+0200,028f9a66-b3fa-4fa7-a1aa-7c735a2e67a7,2026-06-20T10:00:00Z,2026-06-20T12:00:00+0200,1.87,MW,FR,FR,actual_offshore_wind_generation,Wind Offshore | Actual Aggregated,2026-07-19T23:19:59Z
2026-07-19T23:19:05Z,2026-07-20T01:19:05+0200,028f9a66-b3fa-4fa7-a1aa-7c735a2e67a7,2026-06-20T10:15:00Z,2026-06-20T12:15:00+0200,1.09,MW,FR,FR,actual_offshore_wind_generation,Wind Offshore | Actual Aggregated,2026-07-19T23:19:59Z
2026-07-19T23:19:05Z,2026-07-20T01:19:05+0200,028f9a66-b3fa-4fa7-a1aa-7c735a2e67a7,2026-06-20T10:30:00Z,2026-06-20T12:30:00+0200,7.94,MW,FR,FR,actual_offshore_wind_generation,Wind Offshore | Actual Aggregated,2026-07-19T23:19:59Z
2026-07-19T23:19:05Z,2026-07-20T01:19:05+0200,028f9a66-b3fa-4fa7-a1aa-7c735a2e67a7,2026-06-20T10:45:00Z,2026-06-20T12:45:00+0200,11.67,MW,FR,FR,actual_offshore_wind_generation,Wind Offshore | Actual Aggregated,2026-07-19T23:19:59Z
2026-07-19T23:19:05Z,2026-07-20T01:19:05+0200,028f9a66-b3fa-4fa7-a1aa-7c735a2e67a7,2026-06-20T11:00:00Z,2026-06-20T13:00:00+0200,12.36,MW,FR,FR,actual_offshore_wind_generation,Wind Offshore | Actual Aggregated,2026-07-19T23:19:59Z
2026-07-19T23:19:05Z,2026-07-20T01:19:05+0200,028f9a66-b3fa-4fa7-a1aa-7c735a2e67a7,2026-06-20T11:15:00Z,2026-06-20T13:15:00+0200,7.68,MW,FR,FR,actual_offshore_wind_generation,Wind Offshore | Actual Aggregated,2026-07-19T23:19:59Z
2026-07-19T23:19:05Z,2026-07-20T01:19:05+0200,028f9a66-b3fa-4fa7-a1aa-7c735a2e67a7,2026-06-20T11:30:00Z,2026-06-20T13:30:00+0200,4.82,MW,FR,FR,actual_offshore_wind_generation,Wind Offshore | Actual Aggregated,2026-07-19T23:19:59Z
2026-07-19T23:19:05Z,2026-07-20T01:19:05+0200,028f9a66-b3fa-4fa7-a1aa-7c735a2e67a7,2026-06-20T11:45:00Z,2026-06-20T13:45:00+0200,0.07,MW,FR,FR,actual_offshore_wind_generation,Wind Offshore | Actual Aggregated,2026-07-19T23:19:59Z
2026-07-19T23:19:05Z,2026-07-20T01:19:05+0200,028f9a66-b3fa-4fa7-a1aa-7c735a2e67a7,2026-06-20T12:00:00Z,2026-06-20T14:00:00+0200,2.45,MW,FR,FR,actual_offshore_wind_generation,Wind Offshore | Actual Aggregated,2026-07-19T23:19:59Z
2026-07-19T23:19:05Z,2026-07-20T01:19:05+0200,028f9a66-b3fa-4fa7-a1aa-7c735a2e67a7,2026-06-20T12:15:00Z,2026-06-20T14:15:00+0200,2.17,MW,FR,FR,actual_offshore_wind_generation,Wind Offshore | Actual Aggregated,2026-07-19T23:19:59Z
2026-07-19T23:19:05Z,2026-07-20T01:19:05+0200,028f9a66-b3fa-4fa7-a1aa-7c735a2e67a7,2026-06-20T12:30:00Z,2026-06-20T14:30:00+0200,0.2,MW,FR,FR,actual_offshore_wind_generation,Wind Offshore | Actual Consumption,2026-07-19T23:19:59Z
2026-07-19T23:19:05Z,2026-07-20T01:19:05+0200,028f9a66-b3fa-4fa7-a1aa-7c735a2e67a7,2026-06-20T12:45:00Z,2026-06-20T14:45:00+0200,2.22,MW,FR,FR,actual_offshore_wind_generation,Wind Offshore | Actual Aggregated,2026-07-19T23:19:59Z
2026-07-19T23:19:05Z,2026-07-20T01:19:05+0200,028f9a66-b3fa-4fa7-a1aa-7c735a2e67a7,2026-06-20T13:00:00Z,2026-06-20T15:00:00+0200,9.88,MW,FR,FR,actual_offshore_wind_generation,Wind Offshore | Actual Aggregated,2026-07-19T23:19:59Z
2026-07-19T23:19:05Z,2026-07-20T01:19:05+0200,028f9a66-b3fa-4fa7-a1aa-7c735a2e67a7,2026-06-20T13:15:00Z,2026-06-20T15:15:00+0200,26.11,MW,FR,FR,actual_offshore_wind_generation,Wind Offshore | Actual Aggregated,2026-07-19T23:19:59Z
2026-07-19T23:19:05Z,2026-07-20T01:19:05+0200,028f9a66-b3fa-4fa7-a1aa-7c735a2e67a7,2026-06-20T13:30:00Z,2026-06-20T15:30:00+0200,43.11,MW,FR,FR,actual_offshore_wind_generation,Wind Offshore | Actual Aggregated,2026-07-19T23:19:59Z
2026-07-19T23:19:05Z,2026-07-20T01:19:05+0200,028f9a66-b3fa-4fa7-a1aa-7c735a2e67a7,2026-06-20T13:45:00Z,2026-06-20T15:45:00+0200,45.9,MW,FR,FR,actual_offshore_wind_generation,Wind Offshore | Actual Aggregated,2026-07-19T23:19:59Z
2026-07-19T23:19:05Z,2026-07-20T01:19:05+0200,028f9a66-b3fa-4fa7-a1aa-7c735a2e67a7,2026-06-20T14:00:00Z,2026-06-20T16:00:00+0200,47.94,MW,FR,FR,actual_offshore_wind_generation,Wind Offshore | Actual Aggregated,2026-07-19T23:19:59Z
2026-07-19T23:19:05Z,2026-07-20T01:19:05+0200,028f9a66-b3fa-4fa7-a1aa-7c735a2e67a7,2026-06-20T14:15:00Z,2026-06-20T16:15:00+0200,58.83,MW,FR,FR,actual_offshore_wind_generation,Wind Offshore | Actual Aggregated,2026-07-19T23:19:59Z
2026-07-19T23:19:05Z,2026-07-20T01:19:05+0200,028f9a66-b3fa-4fa7-a1aa-7c735a2e67a7,2026-06-20T14:30:00Z,2026-06-20T16:30:00+0200,65.16,MW,FR,FR,actual_offshore_wind_generation,Wind Offshore | Actual Aggregated,2026-07-19T23:19:59Z
2026-07-19T23:19:05Z,2026-07-20T01:19:05+0200,028f9a66-b3fa-4fa7-a1aa-7c735a2e67a7,2026-06-20T14:45:00Z,2026-06-20T16:45:00+0200,71.69,MW,FR,FR,actual_offshore_wind_generation,Wind Offshore | Actual Aggregated,2026-07-19T23:19:59Z
2026-07-19T23:19:05Z,2026-07-20T01:19:05+0200,028f9a66-b3fa-4fa7-a1aa-7c735a2e67a7,2026-06-20T15:00:00Z,2026-06-20T17:00:00+0200,74.43,MW,FR,FR,actual_offshore_wind_generation,Wind Offshore | Actual Aggregated,2026-07-19T23:19:59Z
2026-07-19T23:19:05Z,2026-07-20T01:19:05+0200,028f9a66-b3fa-4fa7-a1aa-7c735a2e67a7,2026-06-20T15:15:00Z,2026-06-20T17:15:00+0200,98.61,MW,FR,FR,actual_offshore_wind_generation,Wind Offshore | Actual Aggregated,2026-07-19T23:19:59Z
2026-07-19T23:19:05Z,2026-07-20T01:19:05+0200,028f9a66-b3fa-4fa7-a1aa-7c735a2e67a7,2026-06-20T15:30:00Z,2026-06-20T17:30:00+0200,118.12,MW,FR,FR,actual_offshore_wind_generation,Wind Offshore | Actual Aggregated,2026-07-19T23:19:59Z
2026-07-19T23:19:05Z,2026-07-20T01:19:05+0200,028f9a66-b3fa-4fa7-a1aa-7c735a2e67a7,2026-06-20T15:45:00Z,2026-06-20T17:45:00+0200,120.03,MW,FR,FR,actual_offshore_wind_generation,Wind Offshore | Actual Aggregated,2026-07-19T23:19:59Z
2026-07-19T23:19:05Z,2026-07-20T01:19:05+0200,028f9a66-b3fa-4fa7-a1aa-7c735a2e67a7,2026-06-20T16:00:00Z,2026-06-20T18:00:00+0200,201.79,MW,FR,FR,actual_offshore_wind_generation,Wind Offshore | Actual Aggregated,2026-07-19T23:19:59Z
2026-07-19T23:19:05Z,2026-07-20T01:19:05+0200,028f9a66-b3fa-4fa7-a1aa-7c735a2e67a7,2026-06-20T16:15:00Z,2026-06-20T18:15:00+0200,147.41,MW,FR,FR,actual_offshore_wind_generation,Wind Offshore | Actual Aggregated,2026-07-19T23:19:59Z
2026-07-19T23:19:05Z,2026-07-20T01:19:05+0200,028f9a66-b3fa-4fa7-a1aa-7c735a2e67a7,2026-06-20T16:30:00Z,2026-06-20T18:30:00+0200,192.63,MW,FR,FR,actual_offshore_wind_generation,Wind Offshore | Actual Aggregated,2026-07-19T23:19:59Z
2026-07-19T23:19:05Z,2026-07-20T01:19:05+0200,028f9a66-b3fa-4fa7-a1aa-7c735a2e67a7,2026-06-20T16:45:00Z,2026-06-20T18:45:00+0200,193.15,MW,FR,FR,actual_offshore_wind_generation,Wind Offshore | Actual Aggregated,2026-07-19T23:19:59Z
2026-07-19T23:19:05Z,2026-07-20T01:19:05+0200,028f9a66-b3fa-4fa7-a1aa-7c735a2e67a7,2026-06-20T17:00:00Z,2026-06-20T19:00:00+0200,173.87,MW,FR,FR,actual_offshore_wind_generation,Wind Offshore | Actual Aggregated,2026-07-19T23:19:59Z
2026-07-19T23:19:05Z,2026-07-20T01:19:05+0200,028f9a66-b3fa-4fa7-a1aa-7c735a2e67a7,2026-06-20T17:15:00Z,2026-06-20T19:15:00+0200,150.97,MW,FR,FR,actual_offshore_wind_generation,Wind Offshore | Actual Aggregated,2026-07-19T23:19:59Z
2026-07-19T23:19:05Z,2026-07-20T01:19:05+0200,028f9a66-b3fa-4fa7-a1aa-7c735a2e67a7,2026-06-20T17:30:00Z,2026-06-20T19:30:00+0200,165.8,MW,FR,FR,actual_offshore_wind_generation,Wind Offshore | Actual Aggregated,2026-07-19T23:19:59Z
2026-07-19T23:19:05Z,2026-07-20T01:19:05+0200,028f9a66-b3fa-4fa7-a1aa-7c735a2e67a7,2026-06-20T17:45:00Z,2026-06-20T19:45:00+0200,150.44,MW,FR,FR,actual_offshore_wind_generation,Wind Offshore | Actual Aggregated,2026-07-19T23:19:59Z
2026-07-19T23:19:05Z,2026-07-20T01:19:05+0200,028f9a66-b3fa-4fa7-a1aa-7c735a2e67a7,2026-06-20T18:00:00Z,2026-06-20T20:00:00+0200,146.47,MW,FR,FR,actual_offshore_wind_generation,Wind Offshore | Actual Aggregated,2026-07-19T23:19:59Z
2026-07-19T23:19:05Z,2026-07-20T01:19:05+0200,028f9a66-b3fa-4fa7-a1aa-7c735a2e67a7,2026-06-20T18:15:00Z,2026-06-20T20:15:00+0200,139.27,MW,FR,FR,actual_offshore_wind_generation,Wind Offshore | Actual Aggregated,2026-07-19T23:19:59Z
2026-07-19T23:19:05Z,2026-07-20T01:19:05+0200,028f9a66-b3fa-4fa7-a1aa-7c735a2e67a7,2026-06-20T18:30:00Z,2026-06-20T20:30:00+0200,153.81,MW,FR,FR,actual_offshore_wind_generation,Wind Offshore | Actual Aggregated,2026-07-19T23:19:59Z
2026-07-19T23:19:05Z,2026-07-20T01:19:05+0200,028f9a66-b3fa-4fa7-a1aa-7c735a2e67a7,2026-06-20T18:45:00Z,2026-06-20T20:45:00+0200,172.94,MW,FR,FR,actual_offshore_wind_generation,Wind Offshore | Actual Aggregated,2026-07-19T23:19:59Z
2026-07-19T23:19:05Z,2026-07-20T01:19:05+0200,028f9a66-b3fa-4fa7-a1aa-7c735a2e67a7,2026-06-20T19:00:00Z,2026-06-20T21:00:00+0200,189.85,MW,FR,FR,actual_offshore_wind_generation,Wind Offshore | Actual Aggregated,2026-07-19T23:19:59Z
2026-07-19T23:19:05Z,2026-07-20T01:19:05+0200,028f9a66-b3fa-4fa7-a1aa-7c735a2e67a7,2026-06-20T19:15:00Z,2026-06-20T21:15:00+0200,226.81,MW,FR,FR,actual_offshore_wind_generation,Wind Offshore | Actual Aggregated,2026-07-19T23:19:59Z
2026-07-19T23:19:05Z,2026-07-20T01:19:05+0200,028f9a66-b3fa-4fa7-a1aa-7c735a2e67a7,2026-06-20T19:30:00Z,2026-06-20T21:30:00+0200,280.91,MW,FR,FR,actual_offshore_wind_generation,Wind Offshore | Actual Aggregated,2026-07-19T23:19:59Z
2026-07-19T23:19:05Z,2026-07-20T01:19:05+0200,028f9a66-b3fa-4fa7-a1aa-7c735a2e67a7,2026-06-20T19:45:00Z,2026-06-20T21:45:00+0200,260.23,MW,FR,FR,actual_offshore_wind_generation,Wind Offshore | Actual Aggregated,2026-07-19T23:19:59Z
2026-07-19T23:19:05Z,2026-07-20T01:19:05+0200,028f9a66-b3fa-4fa7-a1aa-7c735a2e67a7,2026-06-20T20:00:00Z,2026-06-20T22:00:00+0200,236.14,MW,FR,FR,actual_offshore_wind_generation,Wind Offshore | Actual Aggregated,2026-07-19T23:19:59Z
2026-07-19T23:19:05Z,2026-07-20T01:19:05+0200,028f9a66-b3fa-4fa7-a1aa-7c735a2e67a7,2026-06-20T20:15:00Z,2026-06-20T22:15:00+0200,212.03,MW,FR,FR,actual_offshore_wind_generation,Wind Offshore | Actual Aggregated,2026-07-19T23:19:59Z
2026-07-19T23:19:05Z,2026-07-20T01:19:05+0200,028f9a66-b3fa-4fa7-a1aa-7c735a2e67a7,2026-06-20T20:30:00Z,2026-06-20T22:30:00+0200,221.18,MW,FR,FR,actual_offshore_wind_generation,Wind Offshore | Actual Aggregated,2026-07-19T23:19:59Z
2026-07-19T23:19:05Z,2026-07-20T01:19:05+0200,028f9a66-b3fa-4fa7-a1aa-7c735a2e67a7,2026-06-20T20:45:00Z,2026-06-20T22:45:00+0200,206.97,MW,FR,FR,actual_offshore_wind_generation,Wind Offshore | Actual Aggregated,2026-07-19T23:19:59Z
2026-07-19T23:19:05Z,2026-07-20T01:19:05+0200,028f9a66-b3fa-4fa7-a1aa-7c735a2e67a7,2026-06-20T21:00:00Z,2026-06-20T23:00:00+0200,199.04,MW,FR,FR,actual_offshore_wind_generation,Wind Offshore | Actual Aggregated,2026-07-19T23:19:59Z
2026-07-19T23:19:05Z,2026-07-20T01:19:05+0200,028f9a66-b3fa-4fa7-a1aa-7c735a2e67a7,2026-06-20T21:15:00Z,2026-06-20T23:15:00+0200,250.97,MW,FR,FR,actual_offshore_wind_generation,Wind Offshore | Actual Aggregated,2026-07-19T23:19:59Z
2026-07-19T23:19:05Z,2026-07-20T01:19:05+0200,028f9a66-b3fa-4fa7-a1aa-7c735a2e67a7,2026-06-20T21:30:00Z,2026-06-20T23:30:00+0200,230.79,MW,FR,FR,actual_offshore_wind_generation,Wind Offshore | Actual Aggregated,2026-07-19T23:19:59Z
2026-07-19T23:19:05Z,2026-07-20T01:19:05+0200,028f9a66-b3fa-4fa7-a1aa-7c735a2e67a7,2026-06-20T21:45:00Z,2026-06-20T23:45:00+0200,189.07,MW,FR,FR,actual_offshore_wind_generation,Wind Offshore | Actual Aggregated,2026-07-19T23:19:59Z
2026-07-19T23:19:05Z,2026-07-20T01:19:05+0200,028f9a66-b3fa-4fa7-a1aa-7c735a2e67a7,2026-06-20T22:00:00Z,2026-06-21T00:00:00+0200,156.17,MW,FR,FR,actual_offshore_wind_generation,Wind Offshore | Actual Aggregated,2026-07-19T23:19:59Z
2026-07-19T23:19:05Z,2026-07-20T01:19:05+0200,028f9a66-b3fa-4fa7-a1aa-7c735a2e67a7,2026-06-20T22:15:00Z,2026-06-21T00:15:00+0200,114.93,MW,FR,FR,actual_offshore_wind_generation,Wind Offshore | Actual Aggregated,2026-07-19T23:19:59Z
2026-07-19T23:19:05Z,2026-07-20T01:19:05+0200,028f9a66-b3fa-4fa7-a1aa-7c735a2e67a7,2026-06-20T22:30:00Z,2026-06-21T00:30:00+0200,119.47,MW,FR,FR,actual_offshore_wind_generation,Wind Offshore | Actual Aggregated,2026-07-19T23:19:59Z
2026-07-19T23:19:05Z,2026-07-20T01:19:05+0200,028f9a66-b3fa-4fa7-a1aa-7c735a2e67a7,2026-06-20T22:45:00Z,2026-06-21T00:45:00+0200,137.0,MW,FR,FR,actual_offshore_wind_generation,Wind Offshore | Actual Aggregated,2026-07-19T23:19:59Z
2026-07-19T23:19:05Z,2026-07-20T01:19:05+0200,028f9a66-b3fa-4fa7-a1aa-7c735a2e67a7,2026-06-20T23:00:00Z,2026-06-21T01:00:00+0200,194.08,MW,FR,FR,actual_offshore_wind_generation,Wind Offshore | Actual Aggregated,2026-07-19T23:19:59Z
2026-07-19T23:19:05Z,2026-07-20T01:19:05+0200,028f9a66-b3fa-4fa7-a1aa-7c735a2e67a7,2026-06-20T23:15:00Z,2026-06-21T01:15:00+0200,237.79,MW,FR,FR,actual_offshore_wind_generation,Wind Offshore | Actual Aggregated,2026-07-19T23:19:59Z
2026-07-19T23:19:05Z,2026-07-20T01:19:05+0200,028f9a66-b3fa-4fa7-a1aa-7c735a2e67a7,2026-06-20T23:30:00Z,2026-06-21T01:30:00+0200,256.9,MW,FR,FR,actual_offshore_wind_generation,Wind Offshore | Actual Aggregated,2026-07-19T23:19:59Z
2026-07-19T23:19:05Z,2026-07-20T01:19:05+0200,028f9a66-b3fa-4fa7-a1aa-7c735a2e67a7,2026-06-20T23:45:00Z,2026-06-21T01:45:00+0200,283.26,MW,FR,FR,actual_offshore_wind_generation,Wind Offshore | Actual Aggregated,2026-07-19T23:19:59Z
2026-07-19T23:19:05Z,2026-07-20T01:19:05+0200,028f9a66-b3fa-4fa7-a1aa-7c735a2e67a7,2026-06-21T00:00:00Z,2026-06-21T02:00:00+0200,282.01,MW,FR,FR,actual_offshore_wind_generation,Wind Offshore | Actual Aggregated,2026-07-19T23:19:59Z
2026-07-19T23:19:05Z,2026-07-20T01:19:05+0200,028f9a66-b3fa-4fa7-a1aa-7c735a2e67a7,2026-06-21T00:15:00Z,2026-06-21T02:15:00+0200,257.35,MW,FR,FR,actual_offshore_wind_generation,Wind Offshore | Actual Aggregated,2026-07-19T23:19:59Z
2026-07-19T23:19:05Z,2026-07-20T01:19:05+0200,028f9a66-b3fa-4fa7-a1aa-7c735a2e67a7,2026-06-21T00:30:00Z,2026-06-21T02:30:00+0200,232.58,MW,FR,FR,actual_offshore_wind_generation,Wind Offshore | Actual Aggregated,2026-07-19T23:19:59Z
2026-07-19T23:19:05Z,2026-07-20T01:19:05+0200,028f9a66-b3fa-4fa7-a1aa-7c735a2e67a7,2026-06-21T00:45:00Z,2026-06-21T02:45:00+0200,197.17,MW,FR,FR,actual_offshore_wind_generation,Wind Offshore | Actual Aggregated,2026-07-19T23:19:59Z
2026-07-19T23:19:05Z,2026-07-20T01:19:05+0200,028f9a66-b3fa-4fa7-a1aa-7c735a2e67a7,2026-06-21T01:00:00Z,2026-06-21T03:00:00+0200,163.92,MW,FR,FR,actual_offshore_wind_generation,Wind Offshore | Actual Aggregated,2026-07-19T23:19:59Z
2026-07-19T23:19:05Z,2026-07-20T01:19:05+0200,028f9a66-b3fa-4fa7-a1aa-7c735a2e67a7,2026-06-21T01:15:00Z,2026-06-21T03:15:00+0200,173.74,MW,FR,FR,actual_offshore_wind_generation,Wind Offshore | Actual Aggregated,2026-07-19T23:19:59Z
2026-07-19T23:19:05Z,2026-07-20T01:19:05+0200,028f9a66-b3fa-4fa7-a1aa-7c735a2e67a7,2026-06-21T01:30:00Z,2026-06-21T03:30:00+0200,167.92,MW,FR,FR,actual_offshore_wind_generation,Wind Offshore | Actual Aggregated,2026-07-19T23:19:59Z
2026-07-19T23:19:05Z,2026-07-20T01:19:05+0200,028f9a66-b3fa-4fa7-a1aa-7c735a2e67a7,2026-06-21T01:45:00Z,2026-06-21T03:45:00+0200,164.59,MW,FR,FR,actual_offshore_wind_generation,Wind Offshore | Actual Aggregated,2026-07-19T23:19:59Z
2026-07-19T23:19:05Z,2026-07-20T01:19:05+0200,028f9a66-b3fa-4fa7-a1aa-7c735a2e67a7,2026-06-21T02:00:00Z,2026-06-21T04:00:00+0200,164.92,MW,FR,FR,actual_offshore_wind_generation,Wind Offshore | Actual Aggregated,2026-07-19T23:19:59Z
2026-07-19T23:19:05Z,2026-07-20T01:19:05+0200,028f9a66-b3fa-4fa7-a1aa-7c735a2e67a7,2026-06-21T02:15:00Z,2026-06-21T04:15:00+0200,177.2,MW,FR,FR,actual_offshore_wind_generation,Wind Offshore | Actual Aggregated,2026-07-19T23:19:59Z
2026-07-19T23:19:05Z,2026-07-20T01:19:05+0200,028f9a66-b3fa-4fa7-a1aa-7c735a2e67a7,2026-06-21T02:30:00Z,2026-06-21T04:30:00+0200,203.2,MW,FR,FR,actual_offshore_wind_generation,Wind Offshore | Actual Aggregated,2026-07-19T23:19:59Z
2026-07-19T23:19:05Z,2026-07-20T01:19:05+0200,028f9a66-b3fa-4fa7-a1aa-7c735a2e67a7,2026-06-21T02:45:00Z,2026-06-21T04:45:00+0200,249.23,MW,FR,FR,actual_offshore_wind_generation,Wind Offshore | Actual Aggregated,2026-07-19T23:19:59Z
2026-07-19T23:19:05Z,2026-07-20T01:19:05+0200,028f9a66-b3fa-4fa7-a1aa-7c735a2e67a7,2026-06-21T03:00:00Z,2026-06-21T05:00:00+0200,277.07,MW,FR,FR,actual_offshore_wind_generation,Wind Offshore | Actual Aggregated,2026-07-19T23:19:59Z
2026-07-19T23:19:05Z,2026-07-20T01:19:05+0200,028f9a66-b3fa-4fa7-a1aa-7c735a2e67a7,2026-06-21T03:15:00Z,2026-06-21T05:15:00+0200,300.22,MW,FR,FR,actual_offshore_wind_generation,Wind Offshore | Actual Aggregated,2026-07-19T23:19:59Z
2026-07-19T23:19:05Z,2026-07-20T01:19:05+0200,028f9a66-b3fa-4fa7-a1aa-7c735a2e67a7,2026-06-21T03:30:00Z,2026-06-21T05:30:00+0200,340.7,MW,FR,FR,actual_offshore_wind_generation,Wind Offshore | Actual Aggregated,2026-07-19T23:19:59Z
2026-07-19T23:19:05Z,2026-07-20T01:19:05+0200,028f9a66-b3fa-4fa7-a1aa-7c735a2e67a7,2026-06-21T03:45:00Z,2026-06-21T05:45:00+0200,371.15,MW,FR,FR,actual_offshore_wind_generation,Wind Offshore | Actual Aggregated,2026-07-19T23:19:59Z
2026-07-19T23:19:05Z,2026-07-20T01:19:05+0200,028f9a66-b3fa-4fa7-a1aa-7c735a2e67a7,2026-06-21T04:00:00Z,2026-06-21T06:00:00+0200,401.89,MW,FR,FR,actual_offshore_wind_generation,Wind Offshore | Actual Aggregated,2026-07-19T23:19:59Z
2026-07-19T23:19:05Z,2026-07-20T01:19:05+0200,028f9a66-b3fa-4fa7-a1aa-7c735a2e67a7,2026-06-21T04:15:00Z,2026-06-21T06:15:00+0200,440.34,MW,FR,FR,actual_offshore_wind_generation,Wind Offshore | Actual Aggregated,2026-07-19T23:19:59Z
2026-07-19T23:19:05Z,2026-07-20T01:19:05+0200,028f9a66-b3fa-4fa7-a1aa-7c735a2e67a7,2026-06-21T04:30:00Z,2026-06-21T06:30:00+0200,409.55,MW,FR,FR,actual_offshore_wind_generation,Wind Offshore | Actual Aggregated,2026-07-19T23:19:59Z
2026-07-19T23:19:05Z,2026-07-20T01:19:05+0200,028f9a66-b3fa-4fa7-a1aa-7c735a2e67a7,2026-06-21T04:45:00Z,2026-06-21T06:45:00+0200,414.25,MW,FR,FR,actual_offshore_wind_generation,Wind Offshore | Actual Aggregated,2026-07-19T23:19:59Z
2026-07-19T23:19:05Z,2026-07-20T01:19:05+0200,028f9a66-b3fa-4fa7-a1aa-7c735a2e67a7,2026-06-21T05:00:00Z,2026-06-21T07:00:00+0200,429.67,MW,FR,FR,actual_offshore_wind_generation,Wind Offshore | Actual Aggregated,2026-07-19T23:19:59Z
2026-07-19T23:19:05Z,2026-07-20T01:19:05+0200,028f9a66-b3fa-4fa7-a1aa-7c735a2e67a7,2026-06-21T05:15:00Z,2026-06-21T07:15:00+0200,424.62,MW,FR,FR,actual_offshore_wind_generation,Wind Offshore | Actual Aggregated,2026-07-19T23:19:59Z
2026-07-19T23:19:05Z,2026-07-20T01:19:05+0200,028f9a66-b3fa-4fa7-a1aa-7c735a2e67a7,2026-06-21T05:30:00Z,2026-06-21T07:30:00+0200,382.06,MW,FR,FR,actual_offshore_wind_generation,Wind Offshore | Actual Aggregated,2026-07-19T23:19:59Z
2026-07-19T23:19:05Z,2026-07-20T01:19:05+0200,028f9a66-b3fa-4fa7-a1aa-7c735a2e67a7,2026-06-21T05:45:00Z,2026-06-21T07:45:00+0200,366.79,MW,FR,FR,actual_offshore_wind_generation,Wind Offshore | Actual Aggregated,2026-07-19T23:19:59Z
2026-07-19T23:19:05Z,2026-07-20T01:19:05+0200,028f9a66-b3fa-4fa7-a1aa-7c735a2e67a7,2026-06-21T06:00:00Z,2026-06-21T08:00:00+0200,361.23,MW,FR,FR,actual_offshore_wind_generation,Wind Offshore | Actual Aggregated,2026-07-19T23:19:59Z
2026-07-19T23:19:05Z,2026-07-20T01:19:05+0200,028f9a66-b3fa-4fa7-a1aa-7c735a2e67a7,2026-06-21T06:15:00Z,2026-06-21T08:15:00+0200,331.53,MW,FR,FR,actual_offshore_wind_generation,Wind Offshore | Actual Aggregated,2026-07-19T23:19:59Z
2026-07-19T23:19:05Z,2026-07-20T01:19:05+0200,028f9a66-b3fa-4fa7-a1aa-7c735a2e67a7,2026-06-21T06:30:00Z,2026-06-21T08:30:00+0200,338.17,MW,FR,FR,actual_offshore_wind_generation,Wind Offshore | Actual Aggregated,2026-07-19T23:19:59Z
2026-07-19T23:19:05Z,2026-07-20T01:19:05+0200,028f9a66-b3fa-4fa7-a1aa-7c735a2e67a7,2026-06-21T06:45:00Z,2026-06-21T08:45:00+0200,324.33,MW,FR,FR,actual_offshore_wind_generation,Wind Offshore | Actual Aggregated,2026-07-19T23:19:59Z
2026-07-19T23:19:05Z,2026-07-20T01:19:05+0200,028f9a66-b3fa-4fa7-a1aa-7c735a2e67a7,2026-06-21T07:00:00Z,2026-06-21T09:00:00+0200,295.02,MW,FR,FR,actual_offshore_wind_generation,Wind Offshore | Actual Aggregated,2026-07-19T23:19:59Z
2026-07-19T23:19:05Z,2026-07-20T01:19:05+0200,028f9a66-b3fa-4fa7-a1aa-7c735a2e67a7,2026-06-21T07:15:00Z,2026-06-21T09:15:00+0200,280.38,MW,FR,FR,actual_offshore_wind_generation,Wind Offshore | Actual Aggregated,2026-07-19T23:19:59Z
2026-07-19T23:19:05Z,2026-07-20T01:19:05+0200,028f9a66-b3fa-4fa7-a1aa-7c735a2e67a7,2026-06-21T07:30:00Z,2026-06-21T09:30:00+0200,213.45,MW,FR,FR,actual_offshore_wind_generation,Wind Offshore | Actual Aggregated,2026-07-19T23:19:59Z
2026-07-19T23:19:05Z,2026-07-20T01:19:05+0200,028f9a66-b3fa-4fa7-a1aa-7c735a2e67a7,2026-06-21T07:45:00Z,2026-06-21T09:45:00+0200,175.75,MW,FR,FR,actual_offshore_wind_generation,Wind Offshore | Actual Aggregated,2026-07-19T23:19:59Z
2026-07-19T23:19:05Z,2026-07-20T01:19:05+0200,028f9a66-b3fa-4fa7-a1aa-7c735a2e67a7,2026-06-21T08:00:00Z,2026-06-21T10:00:00+0200,140.53,MW,FR,FR,actual_offshore_wind_generation,Wind Offshore | Actual Aggregated,2026-07-19T23:19:59Z
2026-07-19T23:19:05Z,2026-07-20T01:19:05+0200,028f9a66-b3fa-4fa7-a1aa-7c735a2e67a7,2026-06-21T08:15:00Z,2026-06-21T10:15:00+0200,124.84,MW,FR,FR,actual_offshore_wind_generation,Wind Offshore | Actual Aggregated,2026-07-19T23:19:59Z
2026-07-19T23:19:05Z,2026-07-20T01:19:05+0200,028f9a66-b3fa-4fa7-a1aa-7c735a2e67a7,2026-06-21T08:30:00Z,2026-06-21T10:30:00+0200,146.13,MW,FR,FR,actual_offshore_wind_generation,Wind Offshore | Actual Aggregated,2026-07-19T23:19:59Z
2026-07-19T23:19:05Z,2026-07-20T01:19:05+0200,028f9a66-b3fa-4fa7-a1aa-7c735a2e67a7,2026-06-21T08:45:00Z,2026-06-21T10:45:00+0200,154.65,MW,FR,FR,actual_offshore_wind_generation,Wind Offshore | Actual Aggregated,2026-07-19T23:19:59Z
2026-07-19T23:19:05Z,2026-07-20T01:19:05+0200,028f9a66-b3fa-4fa7-a1aa-7c735a2e67a7,2026-06-21T09:00:00Z,2026-06-21T11:00:00+0200,140.63,MW,FR,FR,actual_offshore_wind_generation,Wind Offshore | Actual Aggregated,2026-07-19T23:19:59Z
2026-07-19T23:19:05Z,2026-07-20T01:19:05+0200,028f9a66-b3fa-4fa7-a1aa-7c735a2e67a7,2026-06-21T09:15:00Z,2026-06-21T11:15:00+0200,150.14,MW,FR,FR,actual_offshore_wind_generation,Wind Offshore | Actual Aggregated,2026-07-19T23:19:59Z
2026-07-19T23:19:05Z,2026-07-20T01:19:05+0200,028f9a66-b3fa-4fa7-a1aa-7c735a2e67a7,2026-06-21T09:30:00Z,2026-06-21T11:30:00+0200,149.17,MW,FR,FR,actual_offshore_wind_generation,Wind Offshore | Actual Aggregated,2026-07-19T23:19:59Z
2026-07-19T23:19:05Z,2026-07-20T01:19:05+0200,028f9a66-b3fa-4fa7-a1aa-7c735a2e67a7,2026-06-21T09:45:00Z,2026-06-21T11:45:00+0200,173.9,MW,FR,FR,actual_offshore_wind_generation,Wind Offshore | Actual Aggregated,2026-07-19T23:19:59Z
2026-07-19T23:19:05Z,2026-07-20T01:19:05+0200,028f9a66-b3fa-4fa7-a1aa-7c735a2e67a7,2026-06-21T10:00:00Z,2026-06-21T12:00:00+0200,169.24,MW,FR,FR,actual_offshore_wind_generation,Wind Offshore | Actual Aggregated,2026-07-19T23:19:59Z
2026-07-19T23:19:05Z,2026-07-20T01:19:05+0200,028f9a66-b3fa-4fa7-a1aa-7c735a2e67a7,2026-06-21T10:15:00Z,2026-06-21T12:15:00+0200,191.93,MW,FR,FR,actual_offshore_wind_generation,Wind Offshore | Actual Aggregated,2026-07-19T23:19:59Z
2026-07-19T23:19:05Z,2026-07-20T01:19:05+0200,028f9a66-b3fa-4fa7-a1aa-7c735a2e67a7,2026-06-21T10:30:00Z,2026-06-21T12:30:00+0200,233.84,MW,FR,FR,actual_offshore_wind_generation,Wind Offshore | Actual Aggregated,2026-07-19T23:19:59Z
2026-07-19T23:19:05Z,2026-07-20T01:19:05+0200,028f9a66-b3fa-4fa7-a1aa-7c735a2e67a7,2026-06-21T10:45:00Z,2026-06-21T12:45:00+0200,224.32,MW,FR,FR,actual_offshore_wind_generation,Wind Offshore | Actual Aggregated,2026-07-19T23:19:59Z
2026-07-19T23:19:05Z,2026-07-20T01:19:05+0200,028f9a66-b3fa-4fa7-a1aa-7c735a2e67a7,2026-06-21T11:00:00Z,2026-06-21T13:00:00+0200,214.69,MW,FR,FR,actual_offshore_wind_generation,Wind Offshore | Actual Aggregated,2026-07-19T23:19:59Z
2026-07-19T23:19:05Z,2026-07-20T01:19:05+0200,028f9a66-b3fa-4fa7-a1aa-7c735a2e67a7,2026-06-21T11:15:00Z,2026-06-21T13:15:00+0200,262.85,MW,FR,FR,actual_offshore_wind_generation,Wind Offshore | Actual Aggregated,2026-07-19T23:19:59Z
2026-07-19T23:19:05Z,2026-07-20T01:19:05+0200,028f9a66-b3fa-4fa7-a1aa-7c735a2e67a7,2026-06-21T11:30:00Z,2026-06-21T13:30:00+0200,277.45,MW,FR,FR,actual_offshore_wind_generation,Wind Offshore | Actual Aggregated,2026-07-19T23:19:59Z
2026-07-19T23:19:05Z,2026-07-20T01:19:05+0200,028f9a66-b3fa-4fa7-a1aa-7c735a2e67a7,2026-06-21T11:45:00Z,2026-06-21T13:45:00+0200,262.78,MW,FR,FR,actual_offshore_wind_generation,Wind Offshore | Actual Aggregated,2026-07-19T23:19:59Z
2026-07-19T23:19:05Z,2026-07-20T01:19:05+0200,028f9a66-b3fa-4fa7-a1aa-7c735a2e67a7,2026-06-21T12:00:00Z,2026-06-21T14:00:00+0200,251.75,MW,FR,FR,actual_offshore_wind_generation,Wind Offshore | Actual Aggregated,2026-07-19T23:19:59Z
2026-07-19T23:19:05Z,2026-07-20T01:19:05+0200,028f9a66-b3fa-4fa7-a1aa-7c735a2e67a7,2026-06-21T12:15:00Z,2026-06-21T14:15:00+0200,218.22,MW,FR,FR,actual_offshore_wind_generation,Wind Offshore | Actual Aggregated,2026-07-19T23:19:59Z
2026-07-19T23:19:05Z,2026-07-20T01:19:05+0200,028f9a66-b3fa-4fa7-a1aa-7c735a2e67a7,2026-06-21T12:30:00Z,2026-06-21T14:30:00+0200,211.96,MW,FR,FR,actual_offshore_wind_generation,Wind Offshore | Actual Aggregated,2026-07-19T23:19:59Z
2026-07-19T23:19:05Z,2026-07-20T01:19:05+0200,028f9a66-b3fa-4fa7-a1aa-7c735a2e67a7,2026-06-21T12:45:00Z,2026-06-21T14:45:00+0200,200.18,MW,FR,FR,actual_offshore_wind_generation,Wind Offshore | Actual Aggregated,2026-07-19T23:19:59Z
2026-07-19T23:19:05Z,2026-07-20T01:19:05+0200,028f9a66-b3fa-4fa7-a1aa-7c735a2e67a7,2026-06-21T13:00:00Z,2026-06-21T15:00:00+0200,166.53,MW,FR,FR,actual_offshore_wind_generation,Wind Offshore | Actual Aggregated,2026-07-19T23:19:59Z
2026-07-19T23:19:05Z,2026-07-20T01:19:05+0200,028f9a66-b3fa-4fa7-a1aa-7c735a2e67a7,2026-06-21T13:15:00Z,2026-06-21T15:15:00+0200,166.61,MW,FR,FR,actual_offshore_wind_generation,Wind Offshore | Actual Aggregated,2026-07-19T23:19:59Z
2026-07-19T23:19:05Z,2026-07-20T01:19:05+0200,028f9a66-b3fa-4fa7-a1aa-7c735a2e67a7,2026-06-21T13:30:00Z,2026-06-21T15:30:00+0200,168.77,MW,FR,FR,actual_offshore_wind_generation,Wind Offshore | Actual Aggregated,2026-07-19T23:19:59Z
2026-07-19T23:19:05Z,2026-07-20T01:19:05+0200,028f9a66-b3fa-4fa7-a1aa-7c735a2e67a7,2026-06-21T13:45:00Z,2026-06-21T15:45:00+0200,172.46,MW,FR,FR,actual_offshore_wind_generation,Wind Offshore | Actual Aggregated,2026-07-19T23:19:59Z
2026-07-19T23:19:05Z,2026-07-20T01:19:05+0200,028f9a66-b3fa-4fa7-a1aa-7c735a2e67a7,2026-06-21T14:00:00Z,2026-06-21T16:00:00+0200,189.76,MW,FR,FR,actual_offshore_wind_generation,Wind Offshore | Actual Aggregated,2026-07-19T23:19:59Z
2026-07-19T23:19:05Z,2026-07-20T01:19:05+0200,028f9a66-b3fa-4fa7-a1aa-7c735a2e67a7,2026-06-21T14:15:00Z,2026-06-21T16:15:00+0200,211.95,MW,FR,FR,actual_offshore_wind_generation,Wind Offshore | Actual Aggregated,2026-07-19T23:19:59Z
2026-07-19T23:19:05Z,2026-07-20T01:19:05+0200,028f9a66-b3fa-4fa7-a1aa-7c735a2e67a7,2026-06-21T14:30:00Z,2026-06-21T16:30:00+0200,247.38,MW,FR,FR,actual_offshore_wind_generation,Wind Offshore | Actual Aggregated,2026-07-19T23:19:59Z
2026-07-19T23:19:05Z,2026-07-20T01:19:05+0200,028f9a66-b3fa-4fa7-a1aa-7c735a2e67a7,2026-06-21T14:45:00Z,2026-06-21T16:45:00+0200,283.24,MW,FR,FR,actual_offshore_wind_generation,Wind Offshore | Actual Aggregated,2026-07-19T23:19:59Z
2026-07-19T23:19:05Z,2026-07-20T01:19:05+0200,028f9a66-b3fa-4fa7-a1aa-7c735a2e67a7,2026-06-21T15:00:00Z,2026-06-21T17:00:00+0200,319.22,MW,FR,FR,actual_offshore_wind_generation,Wind Offshore | Actual Aggregated,2026-07-19T23:19:59Z
2026-07-19T23:19:05Z,2026-07-20T01:19:05+0200,028f9a66-b3fa-4fa7-a1aa-7c735a2e67a7,2026-06-21T15:15:00Z,2026-06-21T17:15:00+0200,365.24,MW,FR,FR,actual_offshore_wind_generation,Wind Offshore | Actual Aggregated,2026-07-19T23:19:59Z
2026-07-19T23:19:05Z,2026-07-20T01:19:05+0200,028f9a66-b3fa-4fa7-a1aa-7c735a2e67a7,2026-06-21T15:30:00Z,2026-06-21T17:30:00+0200,428.59,MW,FR,FR,actual_offshore_wind_generation,Wind Offshore | Actual Aggregated,2026-07-19T23:19:59Z
2026-07-19T23:19:05Z,2026-07-20T01:19:05+0200,028f9a66-b3fa-4fa7-a1aa-7c735a2e67a7,2026-06-21T15:45:00Z,2026-06-21T17:45:00+0200,516.48,MW,FR,FR,actual_offshore_wind_generation,Wind Offshore | Actual Aggregated,2026-07-19T23:19:59Z
2026-07-19T23:19:05Z,2026-07-20T01:19:05+0200,028f9a66-b3fa-4fa7-a1aa-7c735a2e67a7,2026-06-21T16:00:00Z,2026-06-21T18:00:00+0200,554.99,MW,FR,FR,actual_offshore_wind_generation,Wind Offshore | Actual Aggregated,2026-07-19T23:19:59Z
2026-07-19T23:19:05Z,2026-07-20T01:19:05+0200,028f9a66-b3fa-4fa7-a1aa-7c735a2e67a7,2026-06-21T16:15:00Z,2026-06-21T18:15:00+0200,550.4,MW,FR,FR,actual_offshore_wind_generation,Wind Offshore | Actual Aggregated,2026-07-19T23:19:59Z
2026-07-19T23:19:05Z,2026-07-20T01:19:05+0200,028f9a66-b3fa-4fa7-a1aa-7c735a2e67a7,2026-06-21T16:30:00Z,2026-06-21T18:30:00+0200,594.24,MW,FR,FR,actual_offshore_wind_generation,Wind Offshore | Actual Aggregated,2026-07-19T23:19:59Z
2026-07-19T23:19:05Z,2026-07-20T01:19:05+0200,028f9a66-b3fa-4fa7-a1aa-7c735a2e67a7,2026-06-21T16:45:00Z,2026-06-21T18:45:00+0200,605.88,MW,FR,FR,actual_offshore_wind_generation,Wind Offshore | Actual Aggregated,2026-07-19T23:19:59Z
2026-07-19T23:19:05Z,2026-07-20T01:19:05+0200,028f9a66-b3fa-4fa7-a1aa-7c735a2e67a7,2026-06-21T17:00:00Z,2026-06-21T19:00:00+0200,629.42,MW,FR,FR,actual_offshore_wind_generation,Wind Offshore | Actual Aggregated,2026-07-19T23:19:59Z
2026-07-19T23:19:05Z,2026-07-20T01:19:05+0200,028f9a66-b3fa-4fa7-a1aa-7c735a2e67a7,2026-06-21T17:15:00Z,2026-06-21T19:15:00+0200,671.18,MW,FR,FR,actual_offshore_wind_generation,Wind Offshore | Actual Aggregated,2026-07-19T23:19:59Z
2026-07-19T23:19:05Z,2026-07-20T01:19:05+0200,028f9a66-b3fa-4fa7-a1aa-7c735a2e67a7,2026-06-21T17:30:00Z,2026-06-21T19:30:00+0200,719.29,MW,FR,FR,actual_offshore_wind_generation,Wind Offshore | Actual Aggregated,2026-07-19T23:19:59Z
2026-07-19T23:19:05Z,2026-07-20T01:19:05+0200,028f9a66-b3fa-4fa7-a1aa-7c735a2e67a7,2026-06-21T17:45:00Z,2026-06-21T19:45:00+0200,761.22,MW,FR,FR,actual_offshore_wind_generation,Wind Offshore | Actual Aggregated,2026-07-19T23:19:59Z
2026-07-19T23:19:05Z,2026-07-20T01:19:05+0200,028f9a66-b3fa-4fa7-a1aa-7c735a2e67a7,2026-06-21T18:00:00Z,2026-06-21T20:00:00+0200,810.7,MW,FR,FR,actual_offshore_wind_generation,Wind Offshore | Actual Aggregated,2026-07-19T23:19:59Z
2026-07-19T23:19:05Z,2026-07-20T01:19:05+0200,028f9a66-b3fa-4fa7-a1aa-7c735a2e67a7,2026-06-21T18:15:00Z,2026-06-21T20:15:00+0200,850.37,MW,FR,FR,actual_offshore_wind_generation,Wind Offshore | Actual Aggregated,2026-07-19T23:19:59Z
2026-07-19T23:19:05Z,2026-07-20T01:19:05+0200,028f9a66-b3fa-4fa7-a1aa-7c735a2e67a7,2026-06-21T18:30:00Z,2026-06-21T20:30:00+0200,867.63,MW,FR,FR,actual_offshore_wind_generation,Wind Offshore | Actual Aggregated,2026-07-19T23:19:59Z
2026-07-19T23:19:05Z,2026-07-20T01:19:05+0200,028f9a66-b3fa-4fa7-a1aa-7c735a2e67a7,2026-06-21T18:45:00Z,2026-06-21T20:45:00+0200,864.77,MW,FR,FR,actual_offshore_wind_generation,Wind Offshore | Actual Aggregated,2026-07-19T23:19:59Z
2026-07-19T23:19:05Z,2026-07-20T01:19:05+0200,028f9a66-b3fa-4fa7-a1aa-7c735a2e67a7,2026-06-21T19:00:00Z,2026-06-21T21:00:00+0200,850.84,MW,FR,FR,actual_offshore_wind_generation,Wind Offshore | Actual Aggregated,2026-07-19T23:19:59Z
2026-07-19T23:19:05Z,2026-07-20T01:19:05+0200,028f9a66-b3fa-4fa7-a1aa-7c735a2e67a7,2026-06-21T19:15:00Z,2026-06-21T21:15:00+0200,840.29,MW,FR,FR,actual_offshore_wind_generation,Wind Offshore | Actual Aggregated,2026-07-19T23:19:59Z
2026-07-19T23:19:05Z,2026-07-20T01:19:05+0200,028f9a66-b3fa-4fa7-a1aa-7c735a2e67a7,2026-06-21T19:30:00Z,2026-06-21T21:30:00+0200,852.68,MW,FR,FR,actual_offshore_wind_generation,Wind Offshore | Actual Aggregated,2026-07-19T23:19:59Z
2026-07-19T23:19:05Z,2026-07-20T01:19:05+0200,028f9a66-b3fa-4fa7-a1aa-7c735a2e67a7,2026-06-21T19:45:00Z,2026-06-21T21:45:00+0200,858.92,MW,FR,FR,actual_offshore_wind_generation,Wind Offshore | Actual Aggregated,2026-07-19T23:19:59Z
2026-07-19T23:19:05Z,2026-07-20T01:19:05+0200,028f9a66-b3fa-4fa7-a1aa-7c735a2e67a7,2026-06-21T20:00:00Z,2026-06-21T22:00:00+0200,863.5,MW,FR,FR,actual_offshore_wind_generation,Wind Offshore | Actual Aggregated,2026-07-19T23:19:59Z
2026-07-19T23:19:05Z,2026-07-20T01:19:05+0200,028f9a66-b3fa-4fa7-a1aa-7c735a2e67a7,2026-06-21T20:15:00Z,2026-06-21T22:15:00+0200,873.21,MW,FR,FR,actual_offshore_wind_generation,Wind Offshore | Actual Aggregated,2026-07-19T23:19:59Z
2026-07-19T23:19:05Z,2026-07-20T01:19:05+0200,028f9a66-b3fa-4fa7-a1aa-7c735a2e67a7,2026-06-21T20:30:00Z,2026-06-21T22:30:00+0200,884.21,MW,FR,FR,actual_offshore_wind_generation,Wind Offshore | Actual Aggregated,2026-07-19T23:19:59Z
2026-07-19T23:19:05Z,2026-07-20T01:19:05+0200,028f9a66-b3fa-4fa7-a1aa-7c735a2e67a7,2026-06-21T20:45:00Z,2026-06-21T22:45:00+0200,917.63,MW,FR,FR,actual_offshore_wind_generation,Wind Offshore | Actual Aggregated,2026-07-19T23:19:59Z
2026-07-19T23:19:05Z,2026-07-20T01:19:05+0200,028f9a66-b3fa-4fa7-a1aa-7c735a2e67a7,2026-06-21T21:00:00Z,2026-06-21T23:00:00+0200,968.88,MW,FR,FR,actual_offshore_wind_generation,Wind Offshore | Actual Aggregated,2026-07-19T23:19:59Z
2026-07-19T23:19:05Z,2026-07-20T01:19:05+0200,028f9a66-b3fa-4fa7-a1aa-7c735a2e67a7,2026-06-21T21:15:00Z,2026-06-21T23:15:00+0200,1003.29,MW,FR,FR,actual_offshore_wind_generation,Wind Offshore | Actual Aggregated,2026-07-19T23:19:59Z
2026-07-19T23:19:05Z,2026-07-20T01:19:05+0200,028f9a66-b3fa-4fa7-a1aa-7c735a2e67a7,2026-06-21T21:30:00Z,2026-06-21T23:30:00+0200,1068.3,MW,FR,FR,actual_offshore_wind_generation,Wind Offshore | Actual Aggregated,2026-07-19T23:19:59Z
2026-07-19T23:19:05Z,2026-07-20T01:19:05+0200,028f9a66-b3fa-4fa7-a1aa-7c735a2e67a7,2026-06-21T21:45:00Z,2026-06-21T23:45:00+0200,1126.58,MW,FR,FR,actual_offshore_wind_generation,Wind Offshore | Actual Aggregated,2026-07-19T23:19:59Z
2026-07-19T23:19:05Z,2026-07-20T01:19:05+0200,028f9a66-b3fa-4fa7-a1aa-7c735a2e67a7,2026-06-21T22:00:00Z,2026-06-22T00:00:00+0200,1171.12,MW,FR,FR,actual_offshore_wind_generation,Wind Offshore | Actual Aggregated,2026-07-19T23:19:59Z
2026-07-19T23:19:05Z,2026-07-20T01:19:05+0200,028f9a66-b3fa-4fa7-a1aa-7c735a2e67a7,2026-06-21T22:15:00Z,2026-06-22T00:15:00+0200,1165.19,MW,FR,FR,actual_offshore_wind_generation,Wind Offshore | Actual Aggregated,2026-07-19T23:19:59Z
2026-07-19T23:19:05Z,2026-07-20T01:19:05+0200,028f9a66-b3fa-4fa7-a1aa-7c735a2e67a7,2026-06-21T22:30:00Z,2026-06-22T00:30:00+0200,1182.28,MW,FR,FR,actual_offshore_wind_generation,Wind Offshore | Actual Aggregated,2026-07-19T23:19:59Z
2026-07-19T23:19:05Z,2026-07-20T01:19:05+0200,028f9a66-b3fa-4fa7-a1aa-7c735a2e67a7,2026-06-21T22:45:00Z,2026-06-22T00:45:00+0200,1216.7,MW,FR,FR,actual_offshore_wind_generation,Wind Offshore | Actual Aggregated,2026-07-19T23:19:59Z
2026-07-19T23:19:05Z,2026-07-20T01:19:05+0200,028f9a66-b3fa-4fa7-a1aa-7c735a2e67a7,2026-06-21T23:00:00Z,2026-06-22T01:00:00+0200,1178.04,MW,FR,FR,actual_offshore_wind_generation,Wind Offshore | Actual Aggregated,2026-07-19T23:19:59Z
2026-07-19T23:19:05Z,2026-07-20T01:19:05+0200,028f9a66-b3fa-4fa7-a1aa-7c735a2e67a7,2026-06-21T23:15:00Z,2026-06-22T01:15:00+0200,1105.38,MW,FR,FR,actual_offshore_wind_generation,Wind Offshore | Actual Aggregated,2026-07-19T23:19:59Z
2026-07-19T23:19:05Z,2026-07-20T01:19:05+0200,028f9a66-b3fa-4fa7-a1aa-7c735a2e67a7,2026-06-21T23:30:00Z,2026-06-22T01:30:00+0200,1008.65,MW,FR,FR,actual_offshore_wind_generation,Wind Offshore | Actual Aggregated,2026-07-19T23:19:59Z
2026-07-19T23:19:05Z,2026-07-20T01:19:05+0200,028f9a66-b3fa-4fa7-a1aa-7c735a2e67a7,2026-06-21T23:45:00Z,2026-06-22T01:45:00+0200,944.62,MW,FR,FR,actual_offshore_wind_generation,Wind Offshore | Actual Aggregated,2026-07-19T23:19:59Z
2026-07-19T23:19:05Z,2026-07-20T01:19:05+0200,028f9a66-b3fa-4fa7-a1aa-7c735a2e67a7,2026-06-22T00:00:00Z,2026-06-22T02:00:00+0200,1008.74,MW,FR,FR,actual_offshore_wind_generation,Wind Offshore | Actual Aggregated,2026-07-19T23:19:59Z
2026-07-19T23:19:05Z,2026-07-20T01:19:05+0200,028f9a66-b3fa-4fa7-a1aa-7c735a2e67a7,2026-06-22T00:15:00Z,2026-06-22T02:15:00+0200,1116.05,MW,FR,FR,actual_offshore_wind_generation,Wind Offshore | Actual Aggregated,2026-07-19T23:19:59Z
2026-07-19T23:19:05Z,2026-07-20T01:19:05+0200,028f9a66-b3fa-4fa7-a1aa-7c735a2e67a7,2026-06-22T00:30:00Z,2026-06-22T02:30:00+0200,1125.54,MW,FR,FR,actual_offshore_wind_generation,Wind Offshore | Actual Aggregated,2026-07-19T23:19:59Z
2026-07-19T23:19:05Z,2026-07-20T01:19:05+0200,028f9a66-b3fa-4fa7-a1aa-7c735a2e67a7,2026-06-22T00:45:00Z,2026-06-22T02:45:00+0200,1057.65,MW,FR,FR,actual_offshore_wind_generation,Wind Offshore | Actual Aggregated,2026-07-19T23:19:59Z
2026-07-19T23:19:05Z,2026-07-20T01:19:05+0200,028f9a66-b3fa-4fa7-a1aa-7c735a2e67a7,2026-06-22T01:00:00Z,2026-06-22T03:00:00+0200,987.94,MW,FR,FR,actual_offshore_wind_generation,Wind Offshore | Actual Aggregated,2026-07-19T23:19:59Z
2026-07-19T23:19:05Z,2026-07-20T01:19:05+0200,028f9a66-b3fa-4fa7-a1aa-7c735a2e67a7,2026-06-22T01:15:00Z,2026-06-22T03:15:00+0200,952.24,MW,FR,FR,actual_offshore_wind_generation,Wind Offshore | Actual Aggregated,2026-07-19T23:19:59Z
2026-07-19T23:19:05Z,2026-07-20T01:19:05+0200,028f9a66-b3fa-4fa7-a1aa-7c735a2e67a7,2026-06-22T01:30:00Z,2026-06-22T03:30:00+0200,920.0,MW,FR,FR,actual_offshore_wind_generation,Wind Offshore | Actual Aggregated,2026-07-19T23:19:59Z
2026-07-19T23:19:05Z,2026-07-20T01:19:05+0200,028f9a66-b3fa-4fa7-a1aa-7c735a2e67a7,2026-06-22T01:45:00Z,2026-06-22T03:45:00+0200,885.84,MW,FR,FR,actual_offshore_wind_generation,Wind Offshore | Actual Aggregated,2026-07-19T23:19:59Z
2026-07-19T23:19:05Z,2026-07-20T01:19:05+0200,028f9a66-b3fa-4fa7-a1aa-7c735a2e67a7,2026-06-22T02:00:00Z,2026-06-22T04:00:00+0200,864.74,MW,FR,FR,actual_offshore_wind_generation,Wind Offshore | Actual Aggregated,2026-07-19T23:19:59Z
2026-07-19T23:19:05Z,2026-07-20T01:19:05+0200,028f9a66-b3fa-4fa7-a1aa-7c735a2e67a7,2026-06-22T02:15:00Z,2026-06-22T04:15:00+0200,825.97,MW,FR,FR,actual_offshore_wind_generation,Wind Offshore | Actual Aggregated,2026-07-19T23:19:59Z
2026-07-19T23:19:05Z,2026-07-20T01:19:05+0200,028f9a66-b3fa-4fa7-a1aa-7c735a2e67a7,2026-06-22T02:30:00Z,2026-06-22T04:30:00+0200,804.36,MW,FR,FR,actual_offshore_wind_generation,Wind Offshore | Actual Aggregated,2026-07-19T23:19:59Z
2026-07-19T23:19:05Z,2026-07-20T01:19:05+0200,028f9a66-b3fa-4fa7-a1aa-7c735a2e67a7,2026-06-22T02:45:00Z,2026-06-22T04:45:00+0200,738.62,MW,FR,FR,actual_offshore_wind_generation,Wind Offshore | Actual Aggregated,2026-07-19T23:19:59Z
2026-07-19T23:19:05Z,2026-07-20T01:19:05+0200,028f9a66-b3fa-4fa7-a1aa-7c735a2e67a7,2026-06-22T03:00:00Z,2026-06-22T05:00:00+0200,698.23,MW,FR,FR,actual_offshore_wind_generation,Wind Offshore | Actual Aggregated,2026-07-19T23:19:59Z
2026-07-19T23:19:05Z,2026-07-20T01:19:05+0200,028f9a66-b3fa-4fa7-a1aa-7c735a2e67a7,2026-06-22T03:15:00Z,2026-06-22T05:15:00+0200,731.65,MW,FR,FR,actual_offshore_wind_generation,Wind Offshore | Actual Aggregated,2026-07-19T23:19:59Z
2026-07-19T23:19:05Z,2026-07-20T01:19:05+0200,028f9a66-b3fa-4fa7-a1aa-7c735a2e67a7,2026-06-22T03:30:00Z,2026-06-22T05:30:00+0200,737.35,MW,FR,FR,actual_offshore_wind_generation,Wind Offshore | Actual Aggregated,2026-07-19T23:19:59Z
2026-07-19T23:19:05Z,2026-07-20T01:19:05+0200,028f9a66-b3fa-4fa7-a1aa-7c735a2e67a7,2026-06-22T03:45:00Z,2026-06-22T05:45:00+0200,711.37,MW,FR,FR,actual_offshore_wind_generation,Wind Offshore | Actual Aggregated,2026-07-19T23:19:59Z
2026-07-19T23:19:05Z,2026-07-20T01:19:05+0200,028f9a66-b3fa-4fa7-a1aa-7c735a2e67a7,2026-06-22T04:00:00Z,2026-06-22T06:00:00+0200,649.83,MW,FR,FR,actual_offshore_wind_generation,Wind Offshore | Actual Aggregated,2026-07-19T23:19:59Z
2026-07-19T23:19:05Z,2026-07-20T01:19:05+0200,028f9a66-b3fa-4fa7-a1aa-7c735a2e67a7,2026-06-22T04:15:00Z,2026-06-22T06:15:00+0200,673.71,MW,FR,FR,actual_offshore_wind_generation,Wind Offshore | Actual Aggregated,2026-07-19T23:19:59Z
2026-07-19T23:19:05Z,2026-07-20T01:19:05+0200,028f9a66-b3fa-4fa7-a1aa-7c735a2e67a7,2026-06-22T04:30:00Z,2026-06-22T06:30:00+0200,448.02,MW,FR,FR,actual_offshore_wind_generation,Wind Offshore | Actual Aggregated,2026-07-19T23:19:59Z
2026-07-19T23:19:05Z,2026-07-20T01:19:05+0200,028f9a66-b3fa-4fa7-a1aa-7c735a2e67a7,2026-06-22T04:45:00Z,2026-06-22T06:45:00+0200,423.27,MW,FR,FR,actual_offshore_wind_generation,Wind Offshore | Actual Aggregated,2026-07-19T23:19:59Z
2026-07-19T23:19:05Z,2026-07-20T01:19:05+0200,028f9a66-b3fa-4fa7-a1aa-7c735a2e67a7,2026-06-22T05:00:00Z,2026-06-22T07:00:00+0200,519.85,MW,FR,FR,actual_offshore_wind_generation,Wind Offshore | Actual Aggregated,2026-07-19T23:19:59Z
2026-07-19T23:19:05Z,2026-07-20T01:19:05+0200,028f9a66-b3fa-4fa7-a1aa-7c735a2e67a7,2026-06-22T05:15:00Z,2026-06-22T07:15:00+0200,472.19,MW,FR,FR,actual_offshore_wind_generation,Wind Offshore | Actual Aggregated,2026-07-19T23:19:59Z
2026-07-19T23:19:05Z,2026-07-20T01:19:05+0200,028f9a66-b3fa-4fa7-a1aa-7c735a2e67a7,2026-06-22T05:30:00Z,2026-06-22T07:30:00+0200,457.4,MW,FR,FR,actual_offshore_wind_generation,Wind Offshore | Actual Aggregated,2026-07-19T23:19:59Z
2026-07-19T23:19:05Z,2026-07-20T01:19:05+0200,028f9a66-b3fa-4fa7-a1aa-7c735a2e67a7,2026-06-22T05:45:00Z,2026-06-22T07:45:00+0200,559.39,MW,FR,FR,actual_offshore_wind_generation,Wind Offshore | Actual Aggregated,2026-07-19T23:19:59Z
2026-07-19T23:19:05Z,2026-07-20T01:19:05+0200,028f9a66-b3fa-4fa7-a1aa-7c735a2e67a7,2026-06-22T06:00:00Z,2026-06-22T08:00:00+0200,569.48,MW,FR,FR,actual_offshore_wind_generation,Wind Offshore | Actual Aggregated,2026-07-19T23:19:59Z
2026-07-19T23:19:05Z,2026-07-20T01:19:05+0200,028f9a66-b3fa-4fa7-a1aa-7c735a2e67a7,2026-06-22T06:15:00Z,2026-06-22T08:15:00+0200,539.57,MW,FR,FR,actual_offshore_wind_generation,Wind Offshore | Actual Aggregated,2026-07-19T23:19:59Z
2026-07-19T23:19:05Z,2026-07-20T01:19:05+0200,028f9a66-b3fa-4fa7-a1aa-7c735a2e67a7,2026-06-22T06:30:00Z,2026-06-22T08:30:00+0200,548.78,MW,FR,FR,actual_offshore_wind_generation,Wind Offshore | Actual Aggregated,2026-07-19T23:19:59Z
2026-07-19T23:19:05Z,2026-07-20T01:19:05+0200,028f9a66-b3fa-4fa7-a1aa-7c735a2e67a7,2026-06-22T06:45:00Z,2026-06-22T08:45:00+0200,516.62,MW,FR,FR,actual_offshore_wind_generation,Wind Offshore | Actual Aggregated,2026-07-19T23:19:59Z
2026-07-19T23:19:05Z,2026-07-20T01:19:05+0200,028f9a66-b3fa-4fa7-a1aa-7c735a2e67a7,2026-06-22T07:00:00Z,2026-06-22T09:00:00+0200,478.93,MW,FR,FR,actual_offshore_wind_generation,Wind Offshore | Actual Aggregated,2026-07-19T23:19:59Z
2026-07-19T23:19:05Z,2026-07-20T01:19:05+0200,028f9a66-b3fa-4fa7-a1aa-7c735a2e67a7,2026-06-22T07:15:00Z,2026-06-22T09:15:00+0200,488.84,MW,FR,FR,actual_offshore_wind_generation,Wind Offshore | Actual Aggregated,2026-07-19T23:19:59Z
2026-07-19T23:19:05Z,2026-07-20T01:19:05+0200,028f9a66-b3fa-4fa7-a1aa-7c735a2e67a7,2026-06-22T07:30:00Z,2026-06-22T09:30:00+0200,463.49,MW,FR,FR,actual_offshore_wind_generation,Wind Offshore | Actual Aggregated,2026-07-19T23:19:59Z
2026-07-19T23:19:05Z,2026-07-20T01:19:05+0200,028f9a66-b3fa-4fa7-a1aa-7c735a2e67a7,2026-06-22T07:45:00Z,2026-06-22T09:45:00+0200,362.07,MW,FR,FR,actual_offshore_wind_generation,Wind Offshore | Actual Aggregated,2026-07-19T23:19:59Z
2026-07-19T23:19:05Z,2026-07-20T01:19:05+0200,028f9a66-b3fa-4fa7-a1aa-7c735a2e67a7,2026-06-22T08:00:00Z,2026-06-22T10:00:00+0200,315.03,MW,FR,FR,actual_offshore_wind_generation,Wind Offshore | Actual Aggregated,2026-07-19T23:19:59Z
2026-07-19T23:19:05Z,2026-07-20T01:19:05+0200,028f9a66-b3fa-4fa7-a1aa-7c735a2e67a7,2026-06-22T08:15:00Z,2026-06-22T10:15:00+0200,290.88,MW,FR,FR,actual_offshore_wind_generation,Wind Offshore | Actual Aggregated,2026-07-19T23:19:59Z
2026-07-19T23:19:05Z,2026-07-20T01:19:05+0200,028f9a66-b3fa-4fa7-a1aa-7c735a2e67a7,2026-06-22T08:30:00Z,2026-06-22T10:30:00+0200,221.38,MW,FR,FR,actual_offshore_wind_generation,Wind Offshore | Actual Aggregated,2026-07-19T23:19:59Z
2026-07-19T23:19:05Z,2026-07-20T01:19:05+0200,028f9a66-b3fa-4fa7-a1aa-7c735a2e67a7,2026-06-22T08:45:00Z,2026-06-22T10:45:00+0200,259.8,MW,FR,FR,actual_offshore_wind_generation,Wind Offshore | Actual Aggregated,2026-07-19T23:19:59Z
2026-07-19T23:19:05Z,2026-07-20T01:19:05+0200,028f9a66-b3fa-4fa7-a1aa-7c735a2e67a7,2026-06-22T09:00:00Z,2026-06-22T11:00:00+0200,228.28,MW,FR,FR,actual_offshore_wind_generation,Wind Offshore | Actual Aggregated,2026-07-19T23:19:59Z
2026-07-19T23:19:05Z,2026-07-20T01:19:05+0200,028f9a66-b3fa-4fa7-a1aa-7c735a2e67a7,2026-06-22T09:15:00Z,2026-06-22T11:15:00+0200,221.48,MW,FR,FR,actual_offshore_wind_generation,Wind Offshore | Actual Aggregated,2026-07-19T23:19:59Z
2026-07-19T23:19:05Z,2026-07-20T01:19:05+0200,028f9a66-b3fa-4fa7-a1aa-7c735a2e67a7,2026-06-22T09:30:00Z,2026-06-22T11:30:00+0200,212.5,MW,FR,FR,actual_offshore_wind_generation,Wind Offshore | Actual Aggregated,2026-07-19T23:19:59Z
2026-07-19T23:19:05Z,2026-07-20T01:19:05+0200,028f9a66-b3fa-4fa7-a1aa-7c735a2e67a7,2026-06-22T09:45:00Z,2026-06-22T11:45:00+0200,229.71,MW,FR,FR,actual_offshore_wind_generation,Wind Offshore | Actual Aggregated,2026-07-19T23:19:59Z
2026-07-19T23:19:05Z,2026-07-20T01:19:05+0200,028f9a66-b3fa-4fa7-a1aa-7c735a2e67a7,2026-06-22T10:00:00Z,2026-06-22T12:00:00+0200,255.43,MW,FR,FR,actual_offshore_wind_generation,Wind Offshore | Actual Aggregated,2026-07-19T23:19:59Z
2026-07-19T23:19:05Z,2026-07-20T01:19:05+0200,028f9a66-b3fa-4fa7-a1aa-7c735a2e67a7,2026-06-22T10:15:00Z,2026-06-22T12:15:00+0200,251.81,MW,FR,FR,actual_offshore_wind_generation,Wind Offshore | Actual Aggregated,2026-07-19T23:19:59Z
2026-07-19T23:19:05Z,2026-07-20T01:19:05+0200,028f9a66-b3fa-4fa7-a1aa-7c735a2e67a7,2026-06-22T10:30:00Z,2026-06-22T12:30:00+0200,287.57,MW,FR,FR,actual_offshore_wind_generation,Wind Offshore | Actual Aggregated,2026-07-19T23:19:59Z
2026-07-19T23:19:05Z,2026-07-20T01:19:05+0200,028f9a66-b3fa-4fa7-a1aa-7c735a2e67a7,2026-06-22T10:45:00Z,2026-06-22T12:45:00+0200,326.2,MW,FR,FR,actual_offshore_wind_generation,Wind Offshore | Actual Aggregated,2026-07-19T23:19:59Z
2026-07-19T23:19:05Z,2026-07-20T01:19:05+0200,028f9a66-b3fa-4fa7-a1aa-7c735a2e67a7,2026-06-22T11:00:00Z,2026-06-22T13:00:00+0200,368.52,MW,FR,FR,actual_offshore_wind_generation,Wind Offshore | Actual Aggregated,2026-07-19T23:19:59Z
2026-07-19T23:19:05Z,2026-07-20T01:19:05+0200,028f9a66-b3fa-4fa7-a1aa-7c735a2e67a7,2026-06-22T11:15:00Z,2026-06-22T13:15:00+0200,340.11,MW,FR,FR,actual_offshore_wind_generation,Wind Offshore | Actual Aggregated,2026-07-19T23:19:59Z
2026-07-19T23:19:05Z,2026-07-20T01:19:05+0200,028f9a66-b3fa-4fa7-a1aa-7c735a2e67a7,2026-06-22T11:30:00Z,2026-06-22T13:30:00+0200,330.42,MW,FR,FR,actual_offshore_wind_generation,Wind Offshore | Actual Aggregated,2026-07-19T23:19:59Z
2026-07-19T23:19:05Z,2026-07-20T01:19:05+0200,028f9a66-b3fa-4fa7-a1aa-7c735a2e67a7,2026-06-22T11:45:00Z,2026-06-22T13:45:00+0200,277.03,MW,FR,FR,actual_offshore_wind_generation,Wind Offshore | Actual Aggregated,2026-07-19T23:19:59Z
2026-07-19T23:19:05Z,2026-07-20T01:19:05+0200,028f9a66-b3fa-4fa7-a1aa-7c735a2e67a7,2026-06-22T12:00:00Z,2026-06-22T14:00:00+0200,237.69,MW,FR,FR,actual_offshore_wind_generation,Wind Offshore | Actual Aggregated,2026-07-19T23:19:59Z
2026-07-19T23:19:05Z,2026-07-20T01:19:05+0200,028f9a66-b3fa-4fa7-a1aa-7c735a2e67a7,2026-06-22T12:15:00Z,2026-06-22T14:15:00+0200,231.98,MW,FR,FR,actual_offshore_wind_generation,Wind Offshore | Actual Aggregated,2026-07-19T23:19:59Z
2026-07-19T23:19:05Z,2026-07-20T01:19:05+0200,028f9a66-b3fa-4fa7-a1aa-7c735a2e67a7,2026-06-22T12:30:00Z,2026-06-22T14:30:00+0200,245.23,MW,FR,FR,actual_offshore_wind_generation,Wind Offshore | Actual Aggregated,2026-07-19T23:19:59Z
2026-07-19T23:19:05Z,2026-07-20T01:19:05+0200,028f9a66-b3fa-4fa7-a1aa-7c735a2e67a7,2026-06-22T12:45:00Z,2026-06-22T14:45:00+0200,265.9,MW,FR,FR,actual_offshore_wind_generation,Wind Offshore | Actual Aggregated,2026-07-19T23:19:59Z
2026-07-19T23:19:05Z,2026-07-20T01:19:05+0200,028f9a66-b3fa-4fa7-a1aa-7c735a2e67a7,2026-06-22T13:00:00Z,2026-06-22T15:00:00+0200,278.02,MW,FR,FR,actual_offshore_wind_generation,Wind Offshore | Actual Aggregated,2026-07-19T23:19:59Z
2026-07-19T23:19:05Z,2026-07-20T01:19:05+0200,028f9a66-b3fa-4fa7-a1aa-7c735a2e67a7,2026-06-22T13:15:00Z,2026-06-22T15:15:00+0200,304.79,MW,FR,FR,actual_offshore_wind_generation,Wind Offshore | Actual Aggregated,2026-07-19T23:19:59Z
2026-07-19T23:19:05Z,2026-07-20T01:19:05+0200,028f9a66-b3fa-4fa7-a1aa-7c735a2e67a7,2026-06-22T13:30:00Z,2026-06-22T15:30:00+0200,341.46,MW,FR,FR,actual_offshore_wind_generation,Wind Offshore | Actual Aggregated,2026-07-19T23:19:59Z
2026-07-19T23:19:05Z,2026-07-20T01:19:05+0200,028f9a66-b3fa-4fa7-a1aa-7c735a2e67a7,2026-06-22T13:45:00Z,2026-06-22T15:45:00+0200,361.22,MW,FR,FR,actual_offshore_wind_generation,Wind Offshore | Actual Aggregated,2026-07-19T23:19:59Z
2026-07-19T23:19:05Z,2026-07-20T01:19:05+0200,028f9a66-b3fa-4fa7-a1aa-7c735a2e67a7,2026-06-22T14:00:00Z,2026-06-22T16:00:00+0200,394.7,MW,FR,FR,actual_offshore_wind_generation,Wind Offshore | Actual Aggregated,2026-07-19T23:19:59Z
2026-07-19T23:19:05Z,2026-07-20T01:19:05+0200,028f9a66-b3fa-4fa7-a1aa-7c735a2e67a7,2026-06-22T14:15:00Z,2026-06-22T16:15:00+0200,429.84,MW,FR,FR,actual_offshore_wind_generation,Wind Offshore | Actual Aggregated,2026-07-19T23:19:59Z
2026-07-19T23:19:05Z,2026-07-20T01:19:05+0200,028f9a66-b3fa-4fa7-a1aa-7c735a2e67a7,2026-06-22T14:30:00Z,2026-06-22T16:30:00+0200,463.04,MW,FR,FR,actual_offshore_wind_generation,Wind Offshore | Actual Aggregated,2026-07-19T23:19:59Z
2026-07-19T23:19:05Z,2026-07-20T01:19:05+0200,028f9a66-b3fa-4fa7-a1aa-7c735a2e67a7,2026-06-22T14:45:00Z,2026-06-22T16:45:00+0200,455.37,MW,FR,FR,actual_offshore_wind_generation,Wind Offshore | Actual Aggregated,2026-07-19T23:19:59Z
2026-07-19T23:19:05Z,2026-07-20T01:19:05+0200,028f9a66-b3fa-4fa7-a1aa-7c735a2e67a7,2026-06-22T15:00:00Z,2026-06-22T17:00:00+0200,488.17,MW,FR,FR,actual_offshore_wind_generation,Wind Offshore | Actual Aggregated,2026-07-19T23:19:59Z
2026-07-19T23:19:05Z,2026-07-20T01:19:05+0200,028f9a66-b3fa-4fa7-a1aa-7c735a2e67a7,2026-06-22T15:15:00Z,2026-06-22T17:15:00+0200,493.98,MW,FR,FR,actual_offshore_wind_generation,Wind Offshore | Actual Aggregated,2026-07-19T23:19:59Z
2026-07-19T23:19:05Z,2026-07-20T01:19:05+0200,028f9a66-b3fa-4fa7-a1aa-7c735a2e67a7,2026-06-22T15:30:00Z,2026-06-22T17:30:00+0200,505.01,MW,FR,FR,actual_offshore_wind_generation,Wind Offshore | Actual Aggregated,2026-07-19T23:19:59Z
2026-07-19T23:19:05Z,2026-07-20T01:19:05+0200,028f9a66-b3fa-4fa7-a1aa-7c735a2e67a7,2026-06-22T15:45:00Z,2026-06-22T17:45:00+0200,508.96,MW,FR,FR,actual_offshore_wind_generation,Wind Offshore | Actual Aggregated,2026-07-19T23:19:59Z
2026-07-19T23:19:05Z,2026-07-20T01:19:05+0200,028f9a66-b3fa-4fa7-a1aa-7c735a2e67a7,2026-06-22T16:00:00Z,2026-06-22T18:00:00+0200,507.1,MW,FR,FR,actual_offshore_wind_generation,Wind Offshore | Actual Aggregated,2026-07-19T23:19:59Z
2026-07-19T23:19:05Z,2026-07-20T01:19:05+0200,028f9a66-b3fa-4fa7-a1aa-7c735a2e67a7,2026-06-22T16:15:00Z,2026-06-22T18:15:00+0200,497.57,MW,FR,FR,actual_offshore_wind_generation,Wind Offshore | Actual Aggregated,2026-07-19T23:19:59Z
2026-07-19T23:19:05Z,2026-07-20T01:19:05+0200,028f9a66-b3fa-4fa7-a1aa-7c735a2e67a7,2026-06-22T16:30:00Z,2026-06-22T18:30:00+0200,504.27,MW,FR,FR,actual_offshore_wind_generation,Wind Offshore | Actual Aggregated,2026-07-19T23:19:59Z
2026-07-19T23:19:05Z,2026-07-20T01:19:05+0200,028f9a66-b3fa-4fa7-a1aa-7c735a2e67a7,2026-06-22T16:45:00Z,2026-06-22T18:45:00+0200,497.21,MW,FR,FR,actual_offshore_wind_generation,Wind Offshore | Actual Aggregated,2026-07-19T23:19:59Z
2026-07-19T23:19:05Z,2026-07-20T01:19:05+0200,028f9a66-b3fa-4fa7-a1aa-7c735a2e67a7,2026-06-22T17:00:00Z,2026-06-22T19:00:00+0200,485.7,MW,FR,FR,actual_offshore_wind_generation,Wind Offshore | Actual Aggregated,2026-07-19T23:19:59Z
2026-07-19T23:19:05Z,2026-07-20T01:19:05+0200,028f9a66-b3fa-4fa7-a1aa-7c735a2e67a7,2026-06-22T17:15:00Z,2026-06-22T19:15:00+0200,447.89,MW,FR,FR,actual_offshore_wind_generation,Wind Offshore | Actual Aggregated,2026-07-19T23:19:59Z
2026-07-19T23:19:05Z,2026-07-20T01:19:05+0200,028f9a66-b3fa-4fa7-a1aa-7c735a2e67a7,2026-06-22T17:30:00Z,2026-06-22T19:30:00+0200,404.19,MW,FR,FR,actual_offshore_wind_generation,Wind Offshore | Actual Aggregated,2026-07-19T23:19:59Z
2026-07-19T23:19:05Z,2026-07-20T01:19:05+0200,028f9a66-b3fa-4fa7-a1aa-7c735a2e67a7,2026-06-22T17:45:00Z,2026-06-22T19:45:00+0200,405.1,MW,FR,FR,actual_offshore_wind_generation,Wind Offshore | Actual Aggregated,2026-07-19T23:19:59Z
2026-07-19T23:19:05Z,2026-07-20T01:19:05+0200,028f9a66-b3fa-4fa7-a1aa-7c735a2e67a7,2026-06-22T18:00:00Z,2026-06-22T20:00:00+0200,433.46,MW,FR,FR,actual_offshore_wind_generation,Wind Offshore | Actual Aggregated,2026-07-19T23:19:59Z
2026-07-19T23:19:05Z,2026-07-20T01:19:05+0200,028f9a66-b3fa-4fa7-a1aa-7c735a2e67a7,2026-06-22T18:15:00Z,2026-06-22T20:15:00+0200,445.65,MW,FR,FR,actual_offshore_wind_generation,Wind Offshore | Actual Aggregated,2026-07-19T23:19:59Z
2026-07-19T23:19:05Z,2026-07-20T01:19:05+0200,028f9a66-b3fa-4fa7-a1aa-7c735a2e67a7,2026-06-22T18:30:00Z,2026-06-22T20:30:00+0200,485.87,MW,FR,FR,actual_offshore_wind_generation,Wind Offshore | Actual Aggregated,2026-07-19T23:19:59Z
2026-07-19T23:19:05Z,2026-07-20T01:19:05+0200,028f9a66-b3fa-4fa7-a1aa-7c735a2e67a7,2026-06-22T18:45:00Z,2026-06-22T20:45:00+0200,490.68,MW,FR,FR,actual_offshore_wind_generation,Wind Offshore | Actual Aggregated,2026-07-19T23:19:59Z
2026-07-19T23:19:05Z,2026-07-20T01:19:05+0200,028f9a66-b3fa-4fa7-a1aa-7c735a2e67a7,2026-06-22T19:00:00Z,2026-06-22T21:00:00+0200,488.99,MW,FR,FR,actual_offshore_wind_generation,Wind Offshore | Actual Aggregated,2026-07-19T23:19:59Z
2026-07-19T23:19:05Z,2026-07-20T01:19:05+0200,028f9a66-b3fa-4fa7-a1aa-7c735a2e67a7,2026-06-22T19:15:00Z,2026-06-22T21:15:00+0200,398.16,MW,FR,FR,actual_offshore_wind_generation,Wind Offshore | Actual Aggregated,2026-07-19T23:19:59Z
2026-07-19T23:19:05Z,2026-07-20T01:19:05+0200,028f9a66-b3fa-4fa7-a1aa-7c735a2e67a7,2026-06-22T19:30:00Z,2026-06-22T21:30:00+0200,270.34,MW,FR,FR,actual_offshore_wind_generation,Wind Offshore | Actual Aggregated,2026-07-19T23:19:59Z
2026-07-19T23:19:05Z,2026-07-20T01:19:05+0200,028f9a66-b3fa-4fa7-a1aa-7c735a2e67a7,2026-06-22T19:45:00Z,2026-06-22T21:45:00+0200,272.58,MW,FR,FR,actual_offshore_wind_generation,Wind Offshore | Actual Aggregated,2026-07-19T23:19:59Z
2026-07-19T23:19:05Z,2026-07-20T01:19:05+0200,028f9a66-b3fa-4fa7-a1aa-7c735a2e67a7,2026-06-22T20:00:00Z,2026-06-22T22:00:00+0200,290.63,MW,FR,FR,actual_offshore_wind_generation,Wind Offshore | Actual Aggregated,2026-07-19T23:19:59Z
2026-07-19T23:19:05Z,2026-07-20T01:19:05+0200,028f9a66-b3fa-4fa7-a1aa-7c735a2e67a7,2026-06-22T20:15:00Z,2026-06-22T22:15:00+0200,299.81,MW,FR,FR,actual_offshore_wind_generation,Wind Offshore | Actual Aggregated,2026-07-19T23:19:59Z
2026-07-19T23:19:05Z,2026-07-20T01:19:05+0200,028f9a66-b3fa-4fa7-a1aa-7c735a2e67a7,2026-06-22T20:30:00Z,2026-06-22T22:30:00+0200,299.21,MW,FR,FR,actual_offshore_wind_generation,Wind Offshore | Actual Aggregated,2026-07-19T23:19:59Z
2026-07-19T23:19:05Z,2026-07-20T01:19:05+0200,028f9a66-b3fa-4fa7-a1aa-7c735a2e67a7,2026-06-22T20:45:00Z,2026-06-22T22:45:00+0200,308.55,MW,FR,FR,actual_offshore_wind_generation,Wind Offshore | Actual Aggregated,2026-07-19T23:19:59Z
2026-07-19T23:19:05Z,2026-07-20T01:19:05+0200,028f9a66-b3fa-4fa7-a1aa-7c735a2e67a7,2026-06-22T21:00:00Z,2026-06-22T23:00:00+0200,347.92,MW,FR,FR,actual_offshore_wind_generation,Wind Offshore | Actual Aggregated,2026-07-19T23:19:59Z
2026-07-19T23:19:05Z,2026-07-20T01:19:05+0200,028f9a66-b3fa-4fa7-a1aa-7c735a2e67a7,2026-06-22T21:15:00Z,2026-06-22T23:15:00+0200,351.92,MW,FR,FR,actual_offshore_wind_generation,Wind Offshore | Actual Aggregated,2026-07-19T23:19:59Z
2026-07-19T23:19:05Z,2026-07-20T01:19:05+0200,028f9a66-b3fa-4fa7-a1aa-7c735a2e67a7,2026-06-22T21:30:00Z,2026-06-22T23:30:00+0200,353.17,MW,FR,FR,actual_offshore_wind_generation,Wind Offshore | Actual Aggregated,2026-07-19T23:19:59Z
2026-07-19T23:19:05Z,2026-07-20T01:19:05+0200,028f9a66-b3fa-4fa7-a1aa-7c735a2e67a7,2026-06-22T21:45:00Z,2026-06-22T23:45:00+0200,340.66,MW,FR,FR,actual_offshore_wind_generation,Wind Offshore | Actual Aggregated,2026-07-19T23:19:59Z
2026-07-19T23:19:05Z,2026-07-20T01:19:05+0200,028f9a66-b3fa-4fa7-a1aa-7c735a2e67a7,2026-06-22T22:00:00Z,2026-06-23T00:00:00+0200,314.74,MW,FR,FR,actual_offshore_wind_generation,Wind Offshore | Actual Aggregated,2026-07-19T23:19:59Z
2026-07-19T23:19:05Z,2026-07-20T01:19:05+0200,028f9a66-b3fa-4fa7-a1aa-7c735a2e67a7,2026-06-22T22:15:00Z,2026-06-23T00:15:00+0200,302.0,MW,FR,FR,actual_offshore_wind_generation,Wind Offshore | Actual Aggregated,2026-07-19T23:19:59Z
2026-07-19T23:19:05Z,2026-07-20T01:19:05+0200,028f9a66-b3fa-4fa7-a1aa-7c735a2e67a7,2026-06-22T22:30:00Z,2026-06-23T00:30:00+0200,311.81,MW,FR,FR,actual_offshore_wind_generation,Wind Offshore | Actual Aggregated,2026-07-19T23:19:59Z
2026-07-19T23:19:05Z,2026-07-20T01:19:05+0200,028f9a66-b3fa-4fa7-a1aa-7c735a2e67a7,2026-06-22T22:45:00Z,2026-06-23T00:45:00+0200,318.62,MW,FR,FR,actual_offshore_wind_generation,Wind Offshore | Actual Aggregated,2026-07-19T23:19:59Z
2026-07-19T23:19:05Z,2026-07-20T01:19:05+0200,028f9a66-b3fa-4fa7-a1aa-7c735a2e67a7,2026-06-22T23:00:00Z,2026-06-23T01:00:00+0200,297.43,MW,FR,FR,actual_offshore_wind_generation,Wind Offshore | Actual Aggregated,2026-07-19T23:19:59Z
2026-07-19T23:19:05Z,2026-07-20T01:19:05+0200,028f9a66-b3fa-4fa7-a1aa-7c735a2e67a7,2026-06-22T23:15:00Z,2026-06-23T01:15:00+0200,261.23,MW,FR,FR,actual_offshore_wind_generation,Wind Offshore | Actual Aggregated,2026-07-19T23:19:59Z
2026-07-19T23:19:05Z,2026-07-20T01:19:05+0200,028f9a66-b3fa-4fa7-a1aa-7c735a2e67a7,2026-06-22T23:30:00Z,2026-06-23T01:30:00+0200,253.99,MW,FR,FR,actual_offshore_wind_generation,Wind Offshore | Actual Aggregated,2026-07-19T23:19:59Z
2026-07-19T23:19:05Z,2026-07-20T01:19:05+0200,028f9a66-b3fa-4fa7-a1aa-7c735a2e67a7,2026-06-22T23:45:00Z,2026-06-23T01:45:00+0200,253.27,MW,FR,FR,actual_offshore_wind_generation,Wind Offshore | Actual Aggregated,2026-07-19T23:19:59Z
2026-07-19T23:19:05Z,2026-07-20T01:19:05+0200,028f9a66-b3fa-4fa7-a1aa-7c735a2e67a7,2026-06-23T00:00:00Z,2026-06-23T02:00:00+0200,244.62,MW,FR,FR,actual_offshore_wind_generation,Wind Offshore | Actual Aggregated,2026-07-19T23:19:59Z
2026-07-19T23:19:05Z,2026-07-20T01:19:05+0200,028f9a66-b3fa-4fa7-a1aa-7c735a2e67a7,2026-06-23T00:15:00Z,2026-06-23T02:15:00+0200,227.83,MW,FR,FR,actual_offshore_wind_generation,Wind Offshore | Actual Aggregated,2026-07-19T23:19:59Z
2026-07-19T23:19:05Z,2026-07-20T01:19:05+0200,028f9a66-b3fa-4fa7-a1aa-7c735a2e67a7,2026-06-23T00:30:00Z,2026-06-23T02:30:00+0200,197.06,MW,FR,FR,actual_offshore_wind_generation,Wind Offshore | Actual Aggregated,2026-07-19T23:19:59Z
2026-07-19T23:19:05Z,2026-07-20T01:19:05+0200,028f9a66-b3fa-4fa7-a1aa-7c735a2e67a7,2026-06-23T00:45:00Z,2026-06-23T02:45:00+0200,186.38,MW,FR,FR,actual_offshore_wind_generation,Wind Offshore | Actual Aggregated,2026-07-19T23:19:59Z
2026-07-19T23:19:05Z,2026-07-20T01:19:05+0200,028f9a66-b3fa-4fa7-a1aa-7c735a2e67a7,2026-06-23T01:00:00Z,2026-06-23T03:00:00+0200,204.87,MW,FR,FR,actual_offshore_wind_generation,Wind Offshore | Actual Aggregated,2026-07-19T23:19:59Z
2026-07-19T23:19:05Z,2026-07-20T01:19:05+0200,028f9a66-b3fa-4fa7-a1aa-7c735a2e67a7,2026-06-23T01:15:00Z,2026-06-23T03:15:00+0200,205.51,MW,FR,FR,actual_offshore_wind_generation,Wind Offshore | Actual Aggregated,2026-07-19T23:19:59Z
2026-07-19T23:19:05Z,2026-07-20T01:19:05+0200,028f9a66-b3fa-4fa7-a1aa-7c735a2e67a7,2026-06-23T01:30:00Z,2026-06-23T03:30:00+0200,192.11,MW,FR,FR,actual_offshore_wind_generation,Wind Offshore | Actual Aggregated,2026-07-19T23:19:59Z
2026-07-19T23:19:05Z,2026-07-20T01:19:05+0200,028f9a66-b3fa-4fa7-a1aa-7c735a2e67a7,2026-06-23T01:45:00Z,2026-06-23T03:45:00+0200,183.61,MW,FR,FR,actual_offshore_wind_generation,Wind Offshore | Actual Aggregated,2026-07-19T23:19:59Z
2026-07-19T23:19:05Z,2026-07-20T01:19:05+0200,028f9a66-b3fa-4fa7-a1aa-7c735a2e67a7,2026-06-23T02:00:00Z,2026-06-23T04:00:00+0200,189.57,MW,FR,FR,actual_offshore_wind_generation,Wind Offshore | Actual Aggregated,2026-07-19T23:19:59Z
2026-07-19T23:19:05Z,2026-07-20T01:19:05+0200,028f9a66-b3fa-4fa7-a1aa-7c735a2e67a7,2026-06-23T02:15:00Z,2026-06-23T04:15:00+0200,193.62,MW,FR,FR,actual_offshore_wind_generation,Wind Offshore | Actual Aggregated,2026-07-19T23:19:59Z
2026-07-19T23:19:05Z,2026-07-20T01:19:05+0200,028f9a66-b3fa-4fa7-a1aa-7c735a2e67a7,2026-06-23T02:30:00Z,2026-06-23T04:30:00+0200,212.56,MW,FR,FR,actual_offshore_wind_generation,Wind Offshore | Actual Aggregated,2026-07-19T23:19:59Z
2026-07-19T23:19:05Z,2026-07-20T01:19:05+0200,028f9a66-b3fa-4fa7-a1aa-7c735a2e67a7,2026-06-23T02:45:00Z,2026-06-23T04:45:00+0200,203.4,MW,FR,FR,actual_offshore_wind_generation,Wind Offshore | Actual Aggregated,2026-07-19T23:19:59Z
2026-07-19T23:19:05Z,2026-07-20T01:19:05+0200,028f9a66-b3fa-4fa7-a1aa-7c735a2e67a7,2026-06-23T03:00:00Z,2026-06-23T05:00:00+0200,180.1,MW,FR,FR,actual_offshore_wind_generation,Wind Offshore | Actual Aggregated,2026-07-19T23:19:59Z
2026-07-19T23:19:05Z,2026-07-20T01:19:05+0200,028f9a66-b3fa-4fa7-a1aa-7c735a2e67a7,2026-06-23T03:15:00Z,2026-06-23T05:15:00+0200,160.64,MW,FR,FR,actual_offshore_wind_generation,Wind Offshore | Actual Aggregated,2026-07-19T23:19:59Z
2026-07-19T23:19:05Z,2026-07-20T01:19:05+0200,028f9a66-b3fa-4fa7-a1aa-7c735a2e67a7,2026-06-23T03:30:00Z,2026-06-23T05:30:00+0200,177.6,MW,FR,FR,actual_offshore_wind_generation,Wind Offshore | Actual Aggregated,2026-07-19T23:19:59Z
2026-07-19T23:19:05Z,2026-07-20T01:19:05+0200,028f9a66-b3fa-4fa7-a1aa-7c735a2e67a7,2026-06-23T03:45:00Z,2026-06-23T05:45:00+0200,220.32,MW,FR,FR,actual_offshore_wind_generation,Wind Offshore | Actual Aggregated,2026-07-19T23:19:59Z
2026-07-19T23:19:05Z,2026-07-20T01:19:05+0200,028f9a66-b3fa-4fa7-a1aa-7c735a2e67a7,2026-06-23T04:00:00Z,2026-06-23T06:00:00+0200,255.09,MW,FR,FR,actual_offshore_wind_generation,Wind Offshore | Actual Aggregated,2026-07-19T23:19:59Z
2026-07-19T23:19:05Z,2026-07-20T01:19:05+0200,028f9a66-b3fa-4fa7-a1aa-7c735a2e67a7,2026-06-23T04:15:00Z,2026-06-23T06:15:00+0200,253.99,MW,FR,FR,actual_offshore_wind_generation,Wind Offshore | Actual Aggregated,2026-07-19T23:19:59Z
2026-07-19T23:19:05Z,2026-07-20T01:19:05+0200,028f9a66-b3fa-4fa7-a1aa-7c735a2e67a7,2026-06-23T04:30:00Z,2026-06-23T06:30:00+0200,241.75,MW,FR,FR,actual_offshore_wind_generation,Wind Offshore | Actual Aggregated,2026-07-19T23:19:59Z
2026-07-19T23:19:05Z,2026-07-20T01:19:05+0200,028f9a66-b3fa-4fa7-a1aa-7c735a2e67a7,2026-06-23T04:45:00Z,2026-06-23T06:45:00+0200,250.9,MW,FR,FR,actual_offshore_wind_generation,Wind Offshore | Actual Aggregated,2026-07-19T23:19:59Z
2026-07-19T23:19:05Z,2026-07-20T01:19:05+0200,028f9a66-b3fa-4fa7-a1aa-7c735a2e67a7,2026-06-23T05:00:00Z,2026-06-23T07:00:00+0200,249.53,MW,FR,FR,actual_offshore_wind_generation,Wind Offshore | Actual Aggregated,2026-07-19T23:19:59Z
2026-07-19T23:19:05Z,2026-07-20T01:19:05+0200,028f9a66-b3fa-4fa7-a1aa-7c735a2e67a7,2026-06-23T05:15:00Z,2026-06-23T07:15:00+0200,242.62,MW,FR,FR,actual_offshore_wind_generation,Wind Offshore | Actual Aggregated,2026-07-19T23:19:59Z
2026-07-19T23:19:05Z,2026-07-20T01:19:05+0200,028f9a66-b3fa-4fa7-a1aa-7c735a2e67a7,2026-06-23T05:30:00Z,2026-06-23T07:30:00+0200,319.81,MW,FR,FR,actual_offshore_wind_generation,Wind Offshore | Actual Aggregated,2026-07-19T23:19:59Z
2026-07-19T23:19:05Z,2026-07-20T01:19:05+0200,028f9a66-b3fa-4fa7-a1aa-7c735a2e67a7,2026-06-23T05:45:00Z,2026-06-23T07:45:00+0200,393.82,MW,FR,FR,actual_offshore_wind_generation,Wind Offshore | Actual Aggregated,2026-07-19T23:19:59Z
2026-07-19T23:19:05Z,2026-07-20T01:19:05+0200,028f9a66-b3fa-4fa7-a1aa-7c735a2e67a7,2026-06-23T06:00:00Z,2026-06-23T08:00:00+0200,368.86,MW,FR,FR,actual_offshore_wind_generation,Wind Offshore | Actual Aggregated,2026-07-19T23:19:59Z
2026-07-19T23:19:05Z,2026-07-20T01:19:05+0200,028f9a66-b3fa-4fa7-a1aa-7c735a2e67a7,2026-06-23T06:15:00Z,2026-06-23T08:15:00+0200,383.19,MW,FR,FR,actual_offshore_wind_generation,Wind Offshore | Actual Aggregated,2026-07-19T23:19:59Z
2026-07-19T23:19:05Z,2026-07-20T01:19:05+0200,028f9a66-b3fa-4fa7-a1aa-7c735a2e67a7,2026-06-23T06:30:00Z,2026-06-23T08:30:00+0200,371.9,MW,FR,FR,actual_offshore_wind_generation,Wind Offshore | Actual Aggregated,2026-07-19T23:19:59Z
2026-07-19T23:19:05Z,2026-07-20T01:19:05+0200,028f9a66-b3fa-4fa7-a1aa-7c735a2e67a7,2026-06-23T06:45:00Z,2026-06-23T08:45:00+0200,378.39,MW,FR,FR,actual_offshore_wind_generation,Wind Offshore | Actual Aggregated,2026-07-19T23:19:59Z
2026-07-19T23:19:05Z,2026-07-20T01:19:05+0200,028f9a66-b3fa-4fa7-a1aa-7c735a2e67a7,2026-06-23T07:00:00Z,2026-06-23T09:00:00+0200,375.71,MW,FR,FR,actual_offshore_wind_generation,Wind Offshore | Actual Aggregated,2026-07-19T23:19:59Z
2026-07-19T23:19:05Z,2026-07-20T01:19:05+0200,028f9a66-b3fa-4fa7-a1aa-7c735a2e67a7,2026-06-23T07:15:00Z,2026-06-23T09:15:00+0200,396.06,MW,FR,FR,actual_offshore_wind_generation,Wind Offshore | Actual Aggregated,2026-07-19T23:19:59Z
2026-07-19T23:19:05Z,2026-07-20T01:19:05+0200,028f9a66-b3fa-4fa7-a1aa-7c735a2e67a7,2026-06-23T07:30:00Z,2026-06-23T09:30:00+0200,408.23,MW,FR,FR,actual_offshore_wind_generation,Wind Offshore | Actual Aggregated,2026-07-19T23:19:59Z
2026-07-19T23:19:05Z,2026-07-20T01:19:05+0200,028f9a66-b3fa-4fa7-a1aa-7c735a2e67a7,2026-06-23T07:45:00Z,2026-06-23T09:45:00+0200,401.67,MW,FR,FR,actual_offshore_wind_generation,Wind Offshore | Actual Aggregated,2026-07-19T23:19:59Z
2026-07-19T23:19:05Z,2026-07-20T01:19:05+0200,028f9a66-b3fa-4fa7-a1aa-7c735a2e67a7,2026-06-23T08:00:00Z,2026-06-23T10:00:00+0200,382.29,MW,FR,FR,actual_offshore_wind_generation,Wind Offshore | Actual Aggregated,2026-07-19T23:19:59Z
2026-07-19T23:19:05Z,2026-07-20T01:19:05+0200,028f9a66-b3fa-4fa7-a1aa-7c735a2e67a7,2026-06-23T08:15:00Z,2026-06-23T10:15:00+0200,349.47,MW,FR,FR,actual_offshore_wind_generation,Wind Offshore | Actual Aggregated,2026-07-19T23:19:59Z
2026-07-19T23:19:05Z,2026-07-20T01:19:05+0200,028f9a66-b3fa-4fa7-a1aa-7c735a2e67a7,2026-06-23T08:30:00Z,2026-06-23T10:30:00+0200,328.79,MW,FR,FR,actual_offshore_wind_generation,Wind Offshore | Actual Aggregated,2026-07-19T23:19:59Z
2026-07-19T23:19:05Z,2026-07-20T01:19:05+0200,028f9a66-b3fa-4fa7-a1aa-7c735a2e67a7,2026-06-23T08:45:00Z,2026-06-23T10:45:00+0200,298.7,MW,FR,FR,actual_offshore_wind_generation,Wind Offshore | Actual Aggregated,2026-07-19T23:19:59Z
2026-07-19T23:19:05Z,2026-07-20T01:19:05+0200,028f9a66-b3fa-4fa7-a1aa-7c735a2e67a7,2026-06-23T09:00:00Z,2026-06-23T11:00:00+0200,284.29,MW,FR,FR,actual_offshore_wind_generation,Wind Offshore | Actual Aggregated,2026-07-19T23:19:59Z
2026-07-19T23:19:05Z,2026-07-20T01:19:05+0200,028f9a66-b3fa-4fa7-a1aa-7c735a2e67a7,2026-06-23T09:15:00Z,2026-06-23T11:15:00+0200,285.95,MW,FR,FR,actual_offshore_wind_generation,Wind Offshore | Actual Aggregated,2026-07-19T23:19:59Z
2026-07-19T23:19:05Z,2026-07-20T01:19:05+0200,028f9a66-b3fa-4fa7-a1aa-7c735a2e67a7,2026-06-23T09:30:00Z,2026-06-23T11:30:00+0200,285.85,MW,FR,FR,actual_offshore_wind_generation,Wind Offshore | Actual Aggregated,2026-07-19T23:19:59Z
2026-07-19T23:19:05Z,2026-07-20T01:19:05+0200,028f9a66-b3fa-4fa7-a1aa-7c735a2e67a7,2026-06-23T09:45:00Z,2026-06-23T11:45:00+0200,274.92,MW,FR,FR,actual_offshore_wind_generation,Wind Offshore | Actual Aggregated,2026-07-19T23:19:59Z
2026-07-19T23:19:05Z,2026-07-20T01:19:05+0200,028f9a66-b3fa-4fa7-a1aa-7c735a2e67a7,2026-06-23T10:00:00Z,2026-06-23T12:00:00+0200,258.7,MW,FR,FR,actual_offshore_wind_generation,Wind Offshore | Actual Aggregated,2026-07-19T23:19:59Z
2026-07-19T23:19:05Z,2026-07-20T01:19:05+0200,028f9a66-b3fa-4fa7-a1aa-7c735a2e67a7,2026-06-23T10:15:00Z,2026-06-23T12:15:00+0200,190.68,MW,FR,FR,actual_offshore_wind_generation,Wind Offshore | Actual Aggregated,2026-07-19T23:19:59Z
2026-07-19T23:19:05Z,2026-07-20T01:19:05+0200,028f9a66-b3fa-4fa7-a1aa-7c735a2e67a7,2026-06-23T10:30:00Z,2026-06-23T12:30:00+0200,12.62,MW,FR,FR,actual_offshore_wind_generation,Wind Offshore | Actual Consumption,2026-07-19T23:19:59Z
2026-07-19T23:19:05Z,2026-07-20T01:19:05+0200,028f9a66-b3fa-4fa7-a1aa-7c735a2e67a7,2026-06-23T10:45:00Z,2026-06-23T12:45:00+0200,103.34,MW,FR,FR,actual_offshore_wind_generation,Wind Offshore | Actual Aggregated,2026-07-19T23:19:59Z
2026-07-19T23:19:05Z,2026-07-20T01:19:05+0200,028f9a66-b3fa-4fa7-a1aa-7c735a2e67a7,2026-06-23T11:00:00Z,2026-06-23T13:00:00+0200,147.22,MW,FR,FR,actual_offshore_wind_generation,Wind Offshore | Actual Aggregated,2026-07-19T23:19:59Z
2026-07-19T23:19:05Z,2026-07-20T01:19:05+0200,028f9a66-b3fa-4fa7-a1aa-7c735a2e67a7,2026-06-23T11:15:00Z,2026-06-23T13:15:00+0200,140.24,MW,FR,FR,actual_offshore_wind_generation,Wind Offshore | Actual Aggregated,2026-07-19T23:19:59Z
2026-07-19T23:19:05Z,2026-07-20T01:19:05+0200,028f9a66-b3fa-4fa7-a1aa-7c735a2e67a7,2026-06-23T11:30:00Z,2026-06-23T13:30:00+0200,128.37,MW,FR,FR,actual_offshore_wind_generation,Wind Offshore | Actual Aggregated,2026-07-19T23:19:59Z
2026-07-19T23:19:05Z,2026-07-20T01:19:05+0200,028f9a66-b3fa-4fa7-a1aa-7c735a2e67a7,2026-06-23T11:45:00Z,2026-06-23T13:45:00+0200,101.54,MW,FR,FR,actual_offshore_wind_generation,Wind Offshore | Actual Aggregated,2026-07-19T23:19:59Z
2026-07-19T23:19:05Z,2026-07-20T01:19:05+0200,028f9a66-b3fa-4fa7-a1aa-7c735a2e67a7,2026-06-23T12:00:00Z,2026-06-23T14:00:00+0200,78.91,MW,FR,FR,actual_offshore_wind_generation,Wind Offshore | Actual Aggregated,2026-07-19T23:19:59Z
2026-07-19T23:19:05Z,2026-07-20T01:19:05+0200,028f9a66-b3fa-4fa7-a1aa-7c735a2e67a7,2026-06-23T12:15:00Z,2026-06-23T14:15:00+0200,65.85,MW,FR,FR,actual_offshore_wind_generation,Wind Offshore | Actual Aggregated,2026-07-19T23:19:59Z
2026-07-19T23:19:05Z,2026-07-20T01:19:05+0200,028f9a66-b3fa-4fa7-a1aa-7c735a2e67a7,2026-06-23T12:30:00Z,2026-06-23T14:30:00+0200,78.64,MW,FR,FR,actual_offshore_wind_generation,Wind Offshore | Actual Aggregated,2026-07-19T23:19:59Z
2026-07-19T23:19:05Z,2026-07-20T01:19:05+0200,028f9a66-b3fa-4fa7-a1aa-7c735a2e67a7,2026-06-23T12:45:00Z,2026-06-23T14:45:00+0200,94.57,MW,FR,FR,actual_offshore_wind_generation,Wind Offshore | Actual Aggregated,2026-07-19T23:19:59Z
2026-07-19T23:19:05Z,2026-07-20T01:19:05+0200,028f9a66-b3fa-4fa7-a1aa-7c735a2e67a7,2026-06-23T13:00:00Z,2026-06-23T15:00:00+0200,92.61,MW,FR,FR,actual_offshore_wind_generation,Wind Offshore | Actual Aggregated,2026-07-19T23:19:59Z
2026-07-19T23:19:05Z,2026-07-20T01:19:05+0200,028f9a66-b3fa-4fa7-a1aa-7c735a2e67a7,2026-06-23T13:15:00Z,2026-06-23T15:15:00+0200,85.01,MW,FR,FR,actual_offshore_wind_generation,Wind Offshore | Actual Aggregated,2026-07-19T23:19:59Z
2026-07-19T23:19:05Z,2026-07-20T01:19:05+0200,028f9a66-b3fa-4fa7-a1aa-7c735a2e67a7,2026-06-23T13:30:00Z,2026-06-23T15:30:00+0200,77.31,MW,FR,FR,actual_offshore_wind_generation,Wind Offshore | Actual Aggregated,2026-07-19T23:19:59Z
2026-07-19T23:19:05Z,2026-07-20T01:19:05+0200,028f9a66-b3fa-4fa7-a1aa-7c735a2e67a7,2026-06-23T13:45:00Z,2026-06-23T15:45:00+0200,80.25,MW,FR,FR,actual_offshore_wind_generation,Wind Offshore | Actual Aggregated,2026-07-19T23:19:59Z
2026-07-19T23:19:05Z,2026-07-20T01:19:05+0200,028f9a66-b3fa-4fa7-a1aa-7c735a2e67a7,2026-06-23T14:00:00Z,2026-06-23T16:00:00+0200,81.82,MW,FR,FR,actual_offshore_wind_generation,Wind Offshore | Actual Aggregated,2026-07-19T23:19:59Z
2026-07-19T23:19:05Z,2026-07-20T01:19:05+0200,028f9a66-b3fa-4fa7-a1aa-7c735a2e67a7,2026-06-23T14:15:00Z,2026-06-23T16:15:00+0200,78.15,MW,FR,FR,actual_offshore_wind_generation,Wind Offshore | Actual Aggregated,2026-07-19T23:19:59Z
2026-07-19T23:19:05Z,2026-07-20T01:19:05+0200,028f9a66-b3fa-4fa7-a1aa-7c735a2e67a7,2026-06-23T14:30:00Z,2026-06-23T16:30:00+0200,73.64,MW,FR,FR,actual_offshore_wind_generation,Wind Offshore | Actual Aggregated,2026-07-19T23:19:59Z
2026-07-19T23:19:05Z,2026-07-20T01:19:05+0200,028f9a66-b3fa-4fa7-a1aa-7c735a2e67a7,2026-06-23T14:45:00Z,2026-06-23T16:45:00+0200,74.12,MW,FR,FR,actual_offshore_wind_generation,Wind Offshore | Actual Aggregated,2026-07-19T23:19:59Z
2026-07-19T23:19:05Z,2026-07-20T01:19:05+0200,028f9a66-b3fa-4fa7-a1aa-7c735a2e67a7,2026-06-23T15:00:00Z,2026-06-23T17:00:00+0200,83.27,MW,FR,FR,actual_offshore_wind_generation,Wind Offshore | Actual Aggregated,2026-07-19T23:19:59Z
2026-07-19T23:19:05Z,2026-07-20T01:19:05+0200,028f9a66-b3fa-4fa7-a1aa-7c735a2e67a7,2026-06-23T15:15:00Z,2026-06-23T17:15:00+0200,94.77,MW,FR,FR,actual_offshore_wind_generation,Wind Offshore | Actual Aggregated,2026-07-19T23:19:59Z
2026-07-19T23:19:05Z,2026-07-20T01:19:05+0200,028f9a66-b3fa-4fa7-a1aa-7c735a2e67a7,2026-06-23T15:30:00Z,2026-06-23T17:30:00+0200,109.77,MW,FR,FR,actual_offshore_wind_generation,Wind Offshore | Actual Aggregated,2026-07-19T23:19:59Z
2026-07-19T23:19:05Z,2026-07-20T01:19:05+0200,028f9a66-b3fa-4fa7-a1aa-7c735a2e67a7,2026-06-23T15:45:00Z,2026-06-23T17:45:00+0200,98.98,MW,FR,FR,actual_offshore_wind_generation,Wind Offshore | Actual Aggregated,2026-07-19T23:19:59Z
2026-07-19T23:19:05Z,2026-07-20T01:19:05+0200,028f9a66-b3fa-4fa7-a1aa-7c735a2e67a7,2026-06-23T16:00:00Z,2026-06-23T18:00:00+0200,95.42,MW,FR,FR,actual_offshore_wind_generation,Wind Offshore | Actual Aggregated,2026-07-19T23:19:59Z
2026-07-19T23:19:05Z,2026-07-20T01:19:05+0200,028f9a66-b3fa-4fa7-a1aa-7c735a2e67a7,2026-06-23T16:15:00Z,2026-06-23T18:15:00+0200,85.06,MW,FR,FR,actual_offshore_wind_generation,Wind Offshore | Actual Aggregated,2026-07-19T23:19:59Z
2026-07-19T23:19:05Z,2026-07-20T01:19:05+0200,028f9a66-b3fa-4fa7-a1aa-7c735a2e67a7,2026-06-23T16:30:00Z,2026-06-23T18:30:00+0200,80.04,MW,FR,FR,actual_offshore_wind_generation,Wind Offshore | Actual Aggregated,2026-07-19T23:19:59Z
2026-07-19T23:19:05Z,2026-07-20T01:19:05+0200,028f9a66-b3fa-4fa7-a1aa-7c735a2e67a7,2026-06-23T16:45:00Z,2026-06-23T18:45:00+0200,58.48,MW,FR,FR,actual_offshore_wind_generation,Wind Offshore | Actual Aggregated,2026-07-19T23:19:59Z
2026-07-19T23:19:05Z,2026-07-20T01:19:05+0200,028f9a66-b3fa-4fa7-a1aa-7c735a2e67a7,2026-06-23T17:00:00Z,2026-06-23T19:00:00+0200,36.58,MW,FR,FR,actual_offshore_wind_generation,Wind Offshore | Actual Aggregated,2026-07-19T23:19:59Z
2026-07-19T23:19:05Z,2026-07-20T01:19:05+0200,028f9a66-b3fa-4fa7-a1aa-7c735a2e67a7,2026-06-23T17:15:00Z,2026-06-23T19:15:00+0200,30.25,MW,FR,FR,actual_offshore_wind_generation,Wind Offshore | Actual Aggregated,2026-07-19T23:19:59Z
2026-07-19T23:19:05Z,2026-07-20T01:19:05+0200,028f9a66-b3fa-4fa7-a1aa-7c735a2e67a7,2026-06-23T17:30:00Z,2026-06-23T19:30:00+0200,35.4,MW,FR,FR,actual_offshore_wind_generation,Wind Offshore | Actual Aggregated,2026-07-19T23:19:59Z
2026-07-19T23:19:05Z,2026-07-20T01:19:05+0200,028f9a66-b3fa-4fa7-a1aa-7c735a2e67a7,2026-06-23T17:45:00Z,2026-06-23T19:45:00+0200,39.53,MW,FR,FR,actual_offshore_wind_generation,Wind Offshore | Actual Aggregated,2026-07-19T23:19:59Z
2026-07-19T23:19:05Z,2026-07-20T01:19:05+0200,028f9a66-b3fa-4fa7-a1aa-7c735a2e67a7,2026-06-23T18:00:00Z,2026-06-23T20:00:00+0200,38.98,MW,FR,FR,actual_offshore_wind_generation,Wind Offshore | Actual Aggregated,2026-07-19T23:19:59Z
2026-07-19T23:19:05Z,2026-07-20T01:19:05+0200,028f9a66-b3fa-4fa7-a1aa-7c735a2e67a7,2026-06-23T18:15:00Z,2026-06-23T20:15:00+0200,38.69,MW,FR,FR,actual_offshore_wind_generation,Wind Offshore | Actual Aggregated,2026-07-19T23:19:59Z
2026-07-19T23:19:05Z,2026-07-20T01:19:05+0200,028f9a66-b3fa-4fa7-a1aa-7c735a2e67a7,2026-06-23T18:30:00Z,2026-06-23T20:30:00+0200,45.29,MW,FR,FR,actual_offshore_wind_generation,Wind Offshore | Actual Aggregated,2026-07-19T23:19:59Z
2026-07-19T23:19:05Z,2026-07-20T01:19:05+0200,028f9a66-b3fa-4fa7-a1aa-7c735a2e67a7,2026-06-23T18:45:00Z,2026-06-23T20:45:00+0200,63.54,MW,FR,FR,actual_offshore_wind_generation,Wind Offshore | Actual Aggregated,2026-07-19T23:19:59Z
2026-07-19T23:19:05Z,2026-07-20T01:19:05+0200,028f9a66-b3fa-4fa7-a1aa-7c735a2e67a7,2026-06-23T19:00:00Z,2026-06-23T21:00:00+0200,77.98,MW,FR,FR,actual_offshore_wind_generation,Wind Offshore | Actual Aggregated,2026-07-19T23:19:59Z
2026-07-19T23:19:05Z,2026-07-20T01:19:05+0200,028f9a66-b3fa-4fa7-a1aa-7c735a2e67a7,2026-06-23T19:15:00Z,2026-06-23T21:15:00+0200,83.16,MW,FR,FR,actual_offshore_wind_generation,Wind Offshore | Actual Aggregated,2026-07-19T23:19:59Z
2026-07-19T23:19:05Z,2026-07-20T01:19:05+0200,028f9a66-b3fa-4fa7-a1aa-7c735a2e67a7,2026-06-23T19:30:00Z,2026-06-23T21:30:00+0200,81.62,MW,FR,FR,actual_offshore_wind_generation,Wind Offshore | Actual Aggregated,2026-07-19T23:19:59Z
2026-07-19T23:19:05Z,2026-07-20T01:19:05+0200,028f9a66-b3fa-4fa7-a1aa-7c735a2e67a7,2026-06-23T19:45:00Z,2026-06-23T21:45:00+0200,79.81,MW,FR,FR,actual_offshore_wind_generation,Wind Offshore | Actual Aggregated,2026-07-19T23:19:59Z
2026-07-19T23:19:05Z,2026-07-20T01:19:05+0200,028f9a66-b3fa-4fa7-a1aa-7c735a2e67a7,2026-06-23T20:00:00Z,2026-06-23T22:00:00+0200,94.52,MW,FR,FR,actual_offshore_wind_generation,Wind Offshore | Actual Aggregated,2026-07-19T23:19:59Z
2026-07-19T23:19:05Z,2026-07-20T01:19:05+0200,028f9a66-b3fa-4fa7-a1aa-7c735a2e67a7,2026-06-23T20:15:00Z,2026-06-23T22:15:00+0200,101.27,MW,FR,FR,actual_offshore_wind_generation,Wind Offshore | Actual Aggregated,2026-07-19T23:19:59Z
2026-07-19T23:19:05Z,2026-07-20T01:19:05+0200,028f9a66-b3fa-4fa7-a1aa-7c735a2e67a7,2026-06-23T20:30:00Z,2026-06-23T22:30:00+0200,82.22,MW,FR,FR,actual_offshore_wind_generation,Wind Offshore | Actual Aggregated,2026-07-19T23:19:59Z
2026-07-19T23:19:05Z,2026-07-20T01:19:05+0200,028f9a66-b3fa-4fa7-a1aa-7c735a2e67a7,2026-06-23T20:45:00Z,2026-06-23T22:45:00+0200,79.67,MW,FR,FR,actual_offshore_wind_generation,Wind Offshore | Actual Aggregated,2026-07-19T23:19:59Z
2026-07-19T23:19:05Z,2026-07-20T01:19:05+0200,028f9a66-b3fa-4fa7-a1aa-7c735a2e67a7,2026-06-23T21:00:00Z,2026-06-23T23:00:00+0200,91.8,MW,FR,FR,actual_offshore_wind_generation,Wind Offshore | Actual Aggregated,2026-07-19T23:19:59Z
2026-07-19T23:19:05Z,2026-07-20T01:19:05+0200,028f9a66-b3fa-4fa7-a1aa-7c735a2e67a7,2026-06-23T21:15:00Z,2026-06-23T23:15:00+0200,112.35,MW,FR,FR,actual_offshore_wind_generation,Wind Offshore | Actual Aggregated,2026-07-19T23:19:59Z
2026-07-19T23:19:05Z,2026-07-20T01:19:05+0200,028f9a66-b3fa-4fa7-a1aa-7c735a2e67a7,2026-06-23T21:30:00Z,2026-06-23T23:30:00+0200,113.66,MW,FR,FR,actual_offshore_wind_generation,Wind Offshore | Actual Aggregated,2026-07-19T23:19:59Z
2026-07-19T23:19:05Z,2026-07-20T01:19:05+0200,028f9a66-b3fa-4fa7-a1aa-7c735a2e67a7,2026-06-23T21:45:00Z,2026-06-23T23:45:00+0200,120.9,MW,FR,FR,actual_offshore_wind_generation,Wind Offshore | Actual Aggregated,2026-07-19T23:19:59Z
2026-07-19T23:19:05Z,2026-07-20T01:19:05+0200,028f9a66-b3fa-4fa7-a1aa-7c735a2e67a7,2026-06-23T22:00:00Z,2026-06-24T00:00:00+0200,115.14,MW,FR,FR,actual_offshore_wind_generation,Wind Offshore | Actual Aggregated,2026-07-19T23:19:59Z
2026-07-19T23:19:05Z,2026-07-20T01:19:05+0200,028f9a66-b3fa-4fa7-a1aa-7c735a2e67a7,2026-06-23T22:15:00Z,2026-06-24T00:15:00+0200,102.35,MW,FR,FR,actual_offshore_wind_generation,Wind Offshore | Actual Aggregated,2026-07-19T23:19:59Z
2026-07-19T23:19:05Z,2026-07-20T01:19:05+0200,028f9a66-b3fa-4fa7-a1aa-7c735a2e67a7,2026-06-23T22:30:00Z,2026-06-24T00:30:00+0200,83.17,MW,FR,FR,actual_offshore_wind_generation,Wind Offshore | Actual Aggregated,2026-07-19T23:19:59Z
2026-07-19T23:19:05Z,2026-07-20T01:19:05+0200,028f9a66-b3fa-4fa7-a1aa-7c735a2e67a7,2026-06-23T22:45:00Z,2026-06-24T00:45:00+0200,78.32,MW,FR,FR,actual_offshore_wind_generation,Wind Offshore | Actual Aggregated,2026-07-19T23:19:59Z
2026-07-19T23:19:05Z,2026-07-20T01:19:05+0200,028f9a66-b3fa-4fa7-a1aa-7c735a2e67a7,2026-06-23T23:00:00Z,2026-06-24T01:00:00+0200,97.81,MW,FR,FR,actual_offshore_wind_generation,Wind Offshore | Actual Aggregated,2026-07-19T23:19:59Z
2026-07-19T23:19:05Z,2026-07-20T01:19:05+0200,028f9a66-b3fa-4fa7-a1aa-7c735a2e67a7,2026-06-23T23:15:00Z,2026-06-24T01:15:00+0200,122.46,MW,FR,FR,actual_offshore_wind_generation,Wind Offshore | Actual Aggregated,2026-07-19T23:19:59Z
2026-07-19T23:19:05Z,2026-07-20T01:19:05+0200,028f9a66-b3fa-4fa7-a1aa-7c735a2e67a7,2026-06-23T23:30:00Z,2026-06-24T01:30:00+0200,130.01,MW,FR,FR,actual_offshore_wind_generation,Wind Offshore | Actual Aggregated,2026-07-19T23:19:59Z
2026-07-19T23:19:05Z,2026-07-20T01:19:05+0200,028f9a66-b3fa-4fa7-a1aa-7c735a2e67a7,2026-06-23T23:45:00Z,2026-06-24T01:45:00+0200,134.54,MW,FR,FR,actual_offshore_wind_generation,Wind Offshore | Actual Aggregated,2026-07-19T23:19:59Z
2026-07-19T23:19:05Z,2026-07-20T01:19:05+0200,028f9a66-b3fa-4fa7-a1aa-7c735a2e67a7,2026-06-24T00:00:00Z,2026-06-24T02:00:00+0200,125.36,MW,FR,FR,actual_offshore_wind_generation,Wind Offshore | Actual Aggregated,2026-07-19T23:19:59Z
2026-07-19T23:19:05Z,2026-07-20T01:19:05+0200,028f9a66-b3fa-4fa7-a1aa-7c735a2e67a7,2026-06-24T00:15:00Z,2026-06-24T02:15:00+0200,158.61,MW,FR,FR,actual_offshore_wind_generation,Wind Offshore | Actual Aggregated,2026-07-19T23:19:59Z
2026-07-19T23:19:05Z,2026-07-20T01:19:05+0200,028f9a66-b3fa-4fa7-a1aa-7c735a2e67a7,2026-06-24T00:30:00Z,2026-06-24T02:30:00+0200,175.56,MW,FR,FR,actual_offshore_wind_generation,Wind Offshore | Actual Aggregated,2026-07-19T23:19:59Z
2026-07-19T23:19:05Z,2026-07-20T01:19:05+0200,028f9a66-b3fa-4fa7-a1aa-7c735a2e67a7,2026-06-24T00:45:00Z,2026-06-24T02:45:00+0200,187.71,MW,FR,FR,actual_offshore_wind_generation,Wind Offshore | Actual Aggregated,2026-07-19T23:19:59Z
2026-07-19T23:19:05Z,2026-07-20T01:19:05+0200,028f9a66-b3fa-4fa7-a1aa-7c735a2e67a7,2026-06-24T01:00:00Z,2026-06-24T03:00:00+0200,212.98,MW,FR,FR,actual_offshore_wind_generation,Wind Offshore | Actual Aggregated,2026-07-19T23:19:59Z
2026-07-19T23:19:05Z,2026-07-20T01:19:05+0200,028f9a66-b3fa-4fa7-a1aa-7c735a2e67a7,2026-06-24T01:15:00Z,2026-06-24T03:15:00+0200,292.28,MW,FR,FR,actual_offshore_wind_generation,Wind Offshore | Actual Aggregated,2026-07-19T23:19:59Z
2026-07-19T23:19:05Z,2026-07-20T01:19:05+0200,028f9a66-b3fa-4fa7-a1aa-7c735a2e67a7,2026-06-24T01:30:00Z,2026-06-24T03:30:00+0200,324.08,MW,FR,FR,actual_offshore_wind_generation,Wind Offshore | Actual Aggregated,2026-07-19T23:19:59Z
2026-07-19T23:19:05Z,2026-07-20T01:19:05+0200,028f9a66-b3fa-4fa7-a1aa-7c735a2e67a7,2026-06-24T01:45:00Z,2026-06-24T03:45:00+0200,332.38,MW,FR,FR,actual_offshore_wind_generation,Wind Offshore | Actual Aggregated,2026-07-19T23:19:59Z
2026-07-19T23:19:05Z,2026-07-20T01:19:05+0200,028f9a66-b3fa-4fa7-a1aa-7c735a2e67a7,2026-06-24T02:00:00Z,2026-06-24T04:00:00+0200,345.02,MW,FR,FR,actual_offshore_wind_generation,Wind Offshore | Actual Aggregated,2026-07-19T23:19:59Z
2026-07-19T23:19:05Z,2026-07-20T01:19:05+0200,028f9a66-b3fa-4fa7-a1aa-7c735a2e67a7,2026-06-24T02:15:00Z,2026-06-24T04:15:00+0200,351.87,MW,FR,FR,actual_offshore_wind_generation,Wind Offshore | Actual Aggregated,2026-07-19T23:19:59Z
2026-07-19T23:19:05Z,2026-07-20T01:19:05+0200,028f9a66-b3fa-4fa7-a1aa-7c735a2e67a7,2026-06-24T02:30:00Z,2026-06-24T04:30:00+0200,356.85,MW,FR,FR,actual_offshore_wind_generation,Wind Offshore | Actual Aggregated,2026-07-19T23:19:59Z
2026-07-19T23:19:05Z,2026-07-20T01:19:05+0200,028f9a66-b3fa-4fa7-a1aa-7c735a2e67a7,2026-06-24T02:45:00Z,2026-06-24T04:45:00+0200,329.06,MW,FR,FR,actual_offshore_wind_generation,Wind Offshore | Actual Aggregated,2026-07-19T23:19:59Z
2026-07-19T23:19:05Z,2026-07-20T01:19:05+0200,028f9a66-b3fa-4fa7-a1aa-7c735a2e67a7,2026-06-24T03:00:00Z,2026-06-24T05:00:00+0200,321.97,MW,FR,FR,actual_offshore_wind_generation,Wind Offshore | Actual Aggregated,2026-07-19T23:19:59Z
2026-07-19T23:19:05Z,2026-07-20T01:19:05+0200,028f9a66-b3fa-4fa7-a1aa-7c735a2e67a7,2026-06-24T03:15:00Z,2026-06-24T05:15:00+0200,333.68,MW,FR,FR,actual_offshore_wind_generation,Wind Offshore | Actual Aggregated,2026-07-19T23:19:59Z
2026-07-19T23:19:05Z,2026-07-20T01:19:05+0200,028f9a66-b3fa-4fa7-a1aa-7c735a2e67a7,2026-06-24T03:30:00Z,2026-06-24T05:30:00+0200,324.69,MW,FR,FR,actual_offshore_wind_generation,Wind Offshore | Actual Aggregated,2026-07-19T23:19:59Z
2026-07-19T23:19:05Z,2026-07-20T01:19:05+0200,028f9a66-b3fa-4fa7-a1aa-7c735a2e67a7,2026-06-24T03:45:00Z,2026-06-24T05:45:00+0200,310.79,MW,FR,FR,actual_offshore_wind_generation,Wind Offshore | Actual Aggregated,2026-07-19T23:19:59Z
2026-07-19T23:19:05Z,2026-07-20T01:19:05+0200,028f9a66-b3fa-4fa7-a1aa-7c735a2e67a7,2026-06-24T04:00:00Z,2026-06-24T06:00:00+0200,301.7,MW,FR,FR,actual_offshore_wind_generation,Wind Offshore | Actual Aggregated,2026-07-19T23:19:59Z
2026-07-19T23:19:05Z,2026-07-20T01:19:05+0200,028f9a66-b3fa-4fa7-a1aa-7c735a2e67a7,2026-06-24T04:15:00Z,2026-06-24T06:15:00+0200,301.01,MW,FR,FR,actual_offshore_wind_generation,Wind Offshore | Actual Aggregated,2026-07-19T23:19:59Z
2026-07-19T23:19:05Z,2026-07-20T01:19:05+0200,028f9a66-b3fa-4fa7-a1aa-7c735a2e67a7,2026-06-24T04:30:00Z,2026-06-24T06:30:00+0200,277.44,MW,FR,FR,actual_offshore_wind_generation,Wind Offshore | Actual Aggregated,2026-07-19T23:19:59Z
2026-07-19T23:19:05Z,2026-07-20T01:19:05+0200,028f9a66-b3fa-4fa7-a1aa-7c735a2e67a7,2026-06-24T04:45:00Z,2026-06-24T06:45:00+0200,260.31,MW,FR,FR,actual_offshore_wind_generation,Wind Offshore | Actual Aggregated,2026-07-19T23:19:59Z
2026-07-19T23:19:05Z,2026-07-20T01:19:05+0200,028f9a66-b3fa-4fa7-a1aa-7c735a2e67a7,2026-06-24T05:00:00Z,2026-06-24T07:00:00+0200,242.76,MW,FR,FR,actual_offshore_wind_generation,Wind Offshore | Actual Aggregated,2026-07-19T23:19:59Z
2026-07-19T23:19:05Z,2026-07-20T01:19:05+0200,028f9a66-b3fa-4fa7-a1aa-7c735a2e67a7,2026-06-24T05:15:00Z,2026-06-24T07:15:00+0200,253.72,MW,FR,FR,actual_offshore_wind_generation,Wind Offshore | Actual Aggregated,2026-07-19T23:19:59Z
2026-07-19T23:19:05Z,2026-07-20T01:19:05+0200,028f9a66-b3fa-4fa7-a1aa-7c735a2e67a7,2026-06-24T05:30:00Z,2026-06-24T07:30:00+0200,237.91,MW,FR,FR,actual_offshore_wind_generation,Wind Offshore | Actual Aggregated,2026-07-19T23:19:59Z
2026-07-19T23:19:05Z,2026-07-20T01:19:05+0200,028f9a66-b3fa-4fa7-a1aa-7c735a2e67a7,2026-06-24T05:45:00Z,2026-06-24T07:45:00+0200,229.62,MW,FR,FR,actual_offshore_wind_generation,Wind Offshore | Actual Aggregated,2026-07-19T23:19:59Z
2026-07-19T23:19:05Z,2026-07-20T01:19:05+0200,028f9a66-b3fa-4fa7-a1aa-7c735a2e67a7,2026-06-24T06:00:00Z,2026-06-24T08:00:00+0200,218.61,MW,FR,FR,actual_offshore_wind_generation,Wind Offshore | Actual Aggregated,2026-07-19T23:19:59Z
2026-07-19T23:19:05Z,2026-07-20T01:19:05+0200,028f9a66-b3fa-4fa7-a1aa-7c735a2e67a7,2026-06-24T06:15:00Z,2026-06-24T08:15:00+0200,212.07,MW,FR,FR,actual_offshore_wind_generation,Wind Offshore | Actual Aggregated,2026-07-19T23:19:59Z
2026-07-19T23:19:05Z,2026-07-20T01:19:05+0200,028f9a66-b3fa-4fa7-a1aa-7c735a2e67a7,2026-06-24T06:30:00Z,2026-06-24T08:30:00+0200,202.27,MW,FR,FR,actual_offshore_wind_generation,Wind Offshore | Actual Aggregated,2026-07-19T23:19:59Z
2026-07-19T23:19:05Z,2026-07-20T01:19:05+0200,028f9a66-b3fa-4fa7-a1aa-7c735a2e67a7,2026-06-24T06:45:00Z,2026-06-24T08:45:00+0200,188.12,MW,FR,FR,actual_offshore_wind_generation,Wind Offshore | Actual Aggregated,2026-07-19T23:19:59Z
2026-07-19T23:19:05Z,2026-07-20T01:19:05+0200,028f9a66-b3fa-4fa7-a1aa-7c735a2e67a7,2026-06-24T07:00:00Z,2026-06-24T09:00:00+0200,188.39,MW,FR,FR,actual_offshore_wind_generation,Wind Offshore | Actual Aggregated,2026-07-19T23:19:59Z
2026-07-19T23:19:05Z,2026-07-20T01:19:05+0200,028f9a66-b3fa-4fa7-a1aa-7c735a2e67a7,2026-06-24T07:15:00Z,2026-06-24T09:15:00+0200,182.26,MW,FR,FR,actual_offshore_wind_generation,Wind Offshore | Actual Aggregated,2026-07-19T23:19:59Z
2026-07-19T23:19:05Z,2026-07-20T01:19:05+0200,028f9a66-b3fa-4fa7-a1aa-7c735a2e67a7,2026-06-24T07:30:00Z,2026-06-24T09:30:00+0200,157.04,MW,FR,FR,actual_offshore_wind_generation,Wind Offshore | Actual Aggregated,2026-07-19T23:19:59Z
2026-07-19T23:19:05Z,2026-07-20T01:19:05+0200,028f9a66-b3fa-4fa7-a1aa-7c735a2e67a7,2026-06-24T07:45:00Z,2026-06-24T09:45:00+0200,133.48,MW,FR,FR,actual_offshore_wind_generation,Wind Offshore | Actual Aggregated,2026-07-19T23:19:59Z
2026-07-19T23:19:05Z,2026-07-20T01:19:05+0200,028f9a66-b3fa-4fa7-a1aa-7c735a2e67a7,2026-06-24T08:00:00Z,2026-06-24T10:00:00+0200,119.35,MW,FR,FR,actual_offshore_wind_generation,Wind Offshore | Actual Aggregated,2026-07-19T23:19:59Z
2026-07-19T23:19:05Z,2026-07-20T01:19:05+0200,028f9a66-b3fa-4fa7-a1aa-7c735a2e67a7,2026-06-24T08:15:00Z,2026-06-24T10:15:00+0200,109.58,MW,FR,FR,actual_offshore_wind_generation,Wind Offshore | Actual Aggregated,2026-07-19T23:19:59Z
2026-07-19T23:19:05Z,2026-07-20T01:19:05+0200,028f9a66-b3fa-4fa7-a1aa-7c735a2e67a7,2026-06-24T08:30:00Z,2026-06-24T10:30:00+0200,97.04,MW,FR,FR,actual_offshore_wind_generation,Wind Offshore | Actual Aggregated,2026-07-19T23:19:59Z
2026-07-19T23:19:05Z,2026-07-20T01:19:05+0200,028f9a66-b3fa-4fa7-a1aa-7c735a2e67a7,2026-06-24T08:45:00Z,2026-06-24T10:45:00+0200,89.76,MW,FR,FR,actual_offshore_wind_generation,Wind Offshore | Actual Aggregated,2026-07-19T23:19:59Z
2026-07-19T23:19:05Z,2026-07-20T01:19:05+0200,028f9a66-b3fa-4fa7-a1aa-7c735a2e67a7,2026-06-24T09:00:00Z,2026-06-24T11:00:00+0200,76.83,MW,FR,FR,actual_offshore_wind_generation,Wind Offshore | Actual Aggregated,2026-07-19T23:19:59Z
2026-07-19T23:19:05Z,2026-07-20T01:19:05+0200,028f9a66-b3fa-4fa7-a1aa-7c735a2e67a7,2026-06-24T09:15:00Z,2026-06-24T11:15:00+0200,59.98,MW,FR,FR,actual_offshore_wind_generation,Wind Offshore | Actual Aggregated,2026-07-19T23:19:59Z
2026-07-19T23:19:05Z,2026-07-20T01:19:05+0200,028f9a66-b3fa-4fa7-a1aa-7c735a2e67a7,2026-06-24T09:30:00Z,2026-06-24T11:30:00+0200,50.04,MW,FR,FR,actual_offshore_wind_generation,Wind Offshore | Actual Aggregated,2026-07-19T23:19:59Z
2026-07-19T23:19:05Z,2026-07-20T01:19:05+0200,028f9a66-b3fa-4fa7-a1aa-7c735a2e67a7,2026-06-24T09:45:00Z,2026-06-24T11:45:00+0200,43.88,MW,FR,FR,actual_offshore_wind_generation,Wind Offshore | Actual Aggregated,2026-07-19T23:19:59Z
2026-07-19T23:19:05Z,2026-07-20T01:19:05+0200,028f9a66-b3fa-4fa7-a1aa-7c735a2e67a7,2026-06-24T10:00:00Z,2026-06-24T12:00:00+0200,28.77,MW,FR,FR,actual_offshore_wind_generation,Wind Offshore | Actual Aggregated,2026-07-19T23:19:59Z
2026-07-19T23:19:05Z,2026-07-20T01:19:05+0200,028f9a66-b3fa-4fa7-a1aa-7c735a2e67a7,2026-06-24T10:15:00Z,2026-06-24T12:15:00+0200,12.35,MW,FR,FR,actual_offshore_wind_generation,Wind Offshore | Actual Aggregated,2026-07-19T23:19:59Z
2026-07-19T23:19:05Z,2026-07-20T01:19:05+0200,028f9a66-b3fa-4fa7-a1aa-7c735a2e67a7,2026-06-24T10:30:00Z,2026-06-24T12:30:00+0200,7.18,MW,FR,FR,actual_offshore_wind_generation,Wind Offshore | Actual Aggregated,2026-07-19T23:19:59Z
2026-07-19T23:19:05Z,2026-07-20T01:19:05+0200,028f9a66-b3fa-4fa7-a1aa-7c735a2e67a7,2026-06-24T10:45:00Z,2026-06-24T12:45:00+0200,3.7,MW,FR,FR,actual_offshore_wind_generation,Wind Offshore | Actual Aggregated,2026-07-19T23:19:59Z
2026-07-19T23:19:05Z,2026-07-20T01:19:05+0200,028f9a66-b3fa-4fa7-a1aa-7c735a2e67a7,2026-06-24T11:00:00Z,2026-06-24T13:00:00+0200,2.06,MW,FR,FR,actual_offshore_wind_generation,Wind Offshore | Actual Aggregated,2026-07-19T23:19:59Z
2026-07-19T23:19:05Z,2026-07-20T01:19:05+0200,028f9a66-b3fa-4fa7-a1aa-7c735a2e67a7,2026-06-24T11:15:00Z,2026-06-24T13:15:00+0200,1.83,MW,FR,FR,actual_offshore_wind_generation,Wind Offshore | Actual Consumption,2026-07-19T23:19:59Z
2026-07-19T23:19:05Z,2026-07-20T01:19:05+0200,028f9a66-b3fa-4fa7-a1aa-7c735a2e67a7,2026-06-24T11:30:00Z,2026-06-24T13:30:00+0200,7.76,MW,FR,FR,actual_offshore_wind_generation,Wind Offshore | Actual Consumption,2026-07-19T23:19:59Z
2026-07-19T23:19:05Z,2026-07-20T01:19:05+0200,028f9a66-b3fa-4fa7-a1aa-7c735a2e67a7,2026-06-24T11:45:00Z,2026-06-24T13:45:00+0200,6.85,MW,FR,FR,actual_offshore_wind_generation,Wind Offshore | Actual Consumption,2026-07-19T23:19:59Z
2026-07-19T23:19:05Z,2026-07-20T01:19:05+0200,028f9a66-b3fa-4fa7-a1aa-7c735a2e67a7,2026-06-24T12:00:00Z,2026-06-24T14:00:00+0200,0.66,MW,FR,FR,actual_offshore_wind_generation,Wind Offshore | Actual Consumption,2026-07-19T23:19:59Z
2026-07-19T23:19:05Z,2026-07-20T01:19:05+0200,028f9a66-b3fa-4fa7-a1aa-7c735a2e67a7,2026-06-24T12:15:00Z,2026-06-24T14:15:00+0200,3.98,MW,FR,FR,actual_offshore_wind_generation,Wind Offshore | Actual Consumption,2026-07-19T23:19:59Z
2026-07-19T23:19:05Z,2026-07-20T01:19:05+0200,028f9a66-b3fa-4fa7-a1aa-7c735a2e67a7,2026-06-24T12:30:00Z,2026-06-24T14:30:00+0200,5.61,MW,FR,FR,actual_offshore_wind_generation,Wind Offshore | Actual Consumption,2026-07-19T23:19:59Z
2026-07-19T23:19:05Z,2026-07-20T01:19:05+0200,028f9a66-b3fa-4fa7-a1aa-7c735a2e67a7,2026-06-24T12:45:00Z,2026-06-24T14:45:00+0200,0.03,MW,FR,FR,actual_offshore_wind_generation,Wind Offshore | Actual Aggregated,2026-07-19T23:19:59Z
2026-07-19T23:19:05Z,2026-07-20T01:19:05+0200,028f9a66-b3fa-4fa7-a1aa-7c735a2e67a7,2026-06-24T13:00:00Z,2026-06-24T15:00:00+0200,1.53,MW,FR,FR,actual_offshore_wind_generation,Wind Offshore | Actual Consumption,2026-07-19T23:19:59Z
2026-07-19T23:19:05Z,2026-07-20T01:19:05+0200,028f9a66-b3fa-4fa7-a1aa-7c735a2e67a7,2026-06-24T13:15:00Z,2026-06-24T15:15:00+0200,3.64,MW,FR,FR,actual_offshore_wind_generation,Wind Offshore | Actual Consumption,2026-07-19T23:19:59Z
2026-07-19T23:19:05Z,2026-07-20T01:19:05+0200,028f9a66-b3fa-4fa7-a1aa-7c735a2e67a7,2026-06-24T13:30:00Z,2026-06-24T15:30:00+0200,3.64,MW,FR,FR,actual_offshore_wind_generation,Wind Offshore | Actual Consumption,2026-07-19T23:19:59Z
2026-07-19T23:19:05Z,2026-07-20T01:19:05+0200,028f9a66-b3fa-4fa7-a1aa-7c735a2e67a7,2026-06-24T13:45:00Z,2026-06-24T15:45:00+0200,2.22,MW,FR,FR,actual_offshore_wind_generation,Wind Offshore | Actual Consumption,2026-07-19T23:19:59Z
2026-07-19T23:19:05Z,2026-07-20T01:19:05+0200,028f9a66-b3fa-4fa7-a1aa-7c735a2e67a7,2026-06-24T14:00:00Z,2026-06-24T16:00:00+0200,3.0,MW,FR,FR,actual_offshore_wind_generation,Wind Offshore | Actual Aggregated,2026-07-19T23:19:59Z
2026-07-19T23:19:05Z,2026-07-20T01:19:05+0200,028f9a66-b3fa-4fa7-a1aa-7c735a2e67a7,2026-06-24T14:15:00Z,2026-06-24T16:15:00+0200,11.6,MW,FR,FR,actual_offshore_wind_generation,Wind Offshore | Actual Aggregated,2026-07-19T23:19:59Z
2026-07-19T23:19:05Z,2026-07-20T01:19:05+0200,028f9a66-b3fa-4fa7-a1aa-7c735a2e67a7,2026-06-24T14:30:00Z,2026-06-24T16:30:00+0200,12.76,MW,FR,FR,actual_offshore_wind_generation,Wind Offshore | Actual Aggregated,2026-07-19T23:19:59Z
2026-07-19T23:19:05Z,2026-07-20T01:19:05+0200,028f9a66-b3fa-4fa7-a1aa-7c735a2e67a7,2026-06-24T14:45:00Z,2026-06-24T16:45:00+0200,16.25,MW,FR,FR,actual_offshore_wind_generation,Wind Offshore | Actual Aggregated,2026-07-19T23:19:59Z
2026-07-19T23:19:05Z,2026-07-20T01:19:05+0200,028f9a66-b3fa-4fa7-a1aa-7c735a2e67a7,2026-06-24T15:00:00Z,2026-06-24T17:00:00+0200,29.66,MW,FR,FR,actual_offshore_wind_generation,Wind Offshore | Actual Aggregated,2026-07-19T23:19:59Z
2026-07-19T23:19:05Z,2026-07-20T01:19:05+0200,028f9a66-b3fa-4fa7-a1aa-7c735a2e67a7,2026-06-24T15:15:00Z,2026-06-24T17:15:00+0200,54.73,MW,FR,FR,actual_offshore_wind_generation,Wind Offshore | Actual Aggregated,2026-07-19T23:19:59Z
2026-07-19T23:19:05Z,2026-07-20T01:19:05+0200,028f9a66-b3fa-4fa7-a1aa-7c735a2e67a7,2026-06-24T15:30:00Z,2026-06-24T17:30:00+0200,67.85,MW,FR,FR,actual_offshore_wind_generation,Wind Offshore | Actual Aggregated,2026-07-19T23:19:59Z
2026-07-19T23:19:05Z,2026-07-20T01:19:05+0200,028f9a66-b3fa-4fa7-a1aa-7c735a2e67a7,2026-06-24T15:45:00Z,2026-06-24T17:45:00+0200,75.86,MW,FR,FR,actual_offshore_wind_generation,Wind Offshore | Actual Aggregated,2026-07-19T23:19:59Z
2026-07-19T23:19:05Z,2026-07-20T01:19:05+0200,028f9a66-b3fa-4fa7-a1aa-7c735a2e67a7,2026-06-24T16:00:00Z,2026-06-24T18:00:00+0200,69.66,MW,FR,FR,actual_offshore_wind_generation,Wind Offshore | Actual Aggregated,2026-07-19T23:19:59Z
2026-07-19T23:19:05Z,2026-07-20T01:19:05+0200,028f9a66-b3fa-4fa7-a1aa-7c735a2e67a7,2026-06-24T16:15:00Z,2026-06-24T18:15:00+0200,80.58,MW,FR,FR,actual_offshore_wind_generation,Wind Offshore | Actual Aggregated,2026-07-19T23:19:59Z
2026-07-19T23:19:05Z,2026-07-20T01:19:05+0200,028f9a66-b3fa-4fa7-a1aa-7c735a2e67a7,2026-06-24T16:30:00Z,2026-06-24T18:30:00+0200,92.34,MW,FR,FR,actual_offshore_wind_generation,Wind Offshore | Actual Aggregated,2026-07-19T23:19:59Z
2026-07-19T23:19:05Z,2026-07-20T01:19:05+0200,028f9a66-b3fa-4fa7-a1aa-7c735a2e67a7,2026-06-24T16:45:00Z,2026-06-24T18:45:00+0200,105.84,MW,FR,FR,actual_offshore_wind_generation,Wind Offshore | Actual Aggregated,2026-07-19T23:19:59Z
2026-07-19T23:19:05Z,2026-07-20T01:19:05+0200,028f9a66-b3fa-4fa7-a1aa-7c735a2e67a7,2026-06-24T17:00:00Z,2026-06-24T19:00:00+0200,123.55,MW,FR,FR,actual_offshore_wind_generation,Wind Offshore | Actual Aggregated,2026-07-19T23:19:59Z
2026-07-19T23:19:05Z,2026-07-20T01:19:05+0200,028f9a66-b3fa-4fa7-a1aa-7c735a2e67a7,2026-06-24T17:15:00Z,2026-06-24T19:15:00+0200,136.66,MW,FR,FR,actual_offshore_wind_generation,Wind Offshore | Actual Aggregated,2026-07-19T23:19:59Z
2026-07-19T23:19:05Z,2026-07-20T01:19:05+0200,028f9a66-b3fa-4fa7-a1aa-7c735a2e67a7,2026-06-24T17:30:00Z,2026-06-24T19:30:00+0200,138.41,MW,FR,FR,actual_offshore_wind_generation,Wind Offshore | Actual Aggregated,2026-07-19T23:19:59Z
2026-07-19T23:19:05Z,2026-07-20T01:19:05+0200,028f9a66-b3fa-4fa7-a1aa-7c735a2e67a7,2026-06-24T17:45:00Z,2026-06-24T19:45:00+0200,141.81,MW,FR,FR,actual_offshore_wind_generation,Wind Offshore | Actual Aggregated,2026-07-19T23:19:59Z
2026-07-19T23:19:05Z,2026-07-20T01:19:05+0200,028f9a66-b3fa-4fa7-a1aa-7c735a2e67a7,2026-06-24T18:00:00Z,2026-06-24T20:00:00+0200,145.56,MW,FR,FR,actual_offshore_wind_generation,Wind Offshore | Actual Aggregated,2026-07-19T23:19:59Z
2026-07-19T23:19:05Z,2026-07-20T01:19:05+0200,028f9a66-b3fa-4fa7-a1aa-7c735a2e67a7,2026-06-24T18:15:00Z,2026-06-24T20:15:00+0200,158.26,MW,FR,FR,actual_offshore_wind_generation,Wind Offshore | Actual Aggregated,2026-07-19T23:19:59Z
2026-07-19T23:19:05Z,2026-07-20T01:19:05+0200,028f9a66-b3fa-4fa7-a1aa-7c735a2e67a7,2026-06-24T18:30:00Z,2026-06-24T20:30:00+0200,174.09,MW,FR,FR,actual_offshore_wind_generation,Wind Offshore | Actual Aggregated,2026-07-19T23:19:59Z
2026-07-19T23:19:05Z,2026-07-20T01:19:05+0200,028f9a66-b3fa-4fa7-a1aa-7c735a2e67a7,2026-06-24T18:45:00Z,2026-06-24T20:45:00+0200,235.01,MW,FR,FR,actual_offshore_wind_generation,Wind Offshore | Actual Aggregated,2026-07-19T23:19:59Z
2026-07-19T23:19:05Z,2026-07-20T01:19:05+0200,028f9a66-b3fa-4fa7-a1aa-7c735a2e67a7,2026-06-24T19:00:00Z,2026-06-24T21:00:00+0200,297.07,MW,FR,FR,actual_offshore_wind_generation,Wind Offshore | Actual Aggregated,2026-07-19T23:19:59Z
2026-07-19T23:19:05Z,2026-07-20T01:19:05+0200,028f9a66-b3fa-4fa7-a1aa-7c735a2e67a7,2026-06-24T19:15:00Z,2026-06-24T21:15:00+0200,347.37,MW,FR,FR,actual_offshore_wind_generation,Wind Offshore | Actual Aggregated,2026-07-19T23:19:59Z
2026-07-19T23:19:05Z,2026-07-20T01:19:05+0200,028f9a66-b3fa-4fa7-a1aa-7c735a2e67a7,2026-06-24T19:30:00Z,2026-06-24T21:30:00+0200,402.77,MW,FR,FR,actual_offshore_wind_generation,Wind Offshore | Actual Aggregated,2026-07-19T23:19:59Z
2026-07-19T23:19:05Z,2026-07-20T01:19:05+0200,028f9a66-b3fa-4fa7-a1aa-7c735a2e67a7,2026-06-24T19:45:00Z,2026-06-24T21:45:00+0200,499.54,MW,FR,FR,actual_offshore_wind_generation,Wind Offshore | Actual Aggregated,2026-07-19T23:19:59Z
2026-07-19T23:19:05Z,2026-07-20T01:19:05+0200,028f9a66-b3fa-4fa7-a1aa-7c735a2e67a7,2026-06-24T20:00:00Z,2026-06-24T22:00:00+0200,700.7,MW,FR,FR,actual_offshore_wind_generation,Wind Offshore | Actual Aggregated,2026-07-19T23:19:59Z
2026-07-19T23:19:05Z,2026-07-20T01:19:05+0200,028f9a66-b3fa-4fa7-a1aa-7c735a2e67a7,2026-06-24T20:15:00Z,2026-06-24T22:15:00+0200,773.7,MW,FR,FR,actual_offshore_wind_generation,Wind Offshore | Actual Aggregated,2026-07-19T23:19:59Z
2026-07-19T23:19:05Z,2026-07-20T01:19:05+0200,028f9a66-b3fa-4fa7-a1aa-7c735a2e67a7,2026-06-24T20:30:00Z,2026-06-24T22:30:00+0200,778.52,MW,FR,FR,actual_offshore_wind_generation,Wind Offshore | Actual Aggregated,2026-07-19T23:19:59Z
2026-07-19T23:19:05Z,2026-07-20T01:19:05+0200,028f9a66-b3fa-4fa7-a1aa-7c735a2e67a7,2026-06-24T20:45:00Z,2026-06-24T22:45:00+0200,652.47,MW,FR,FR,actual_offshore_wind_generation,Wind Offshore | Actual Aggregated,2026-07-19T23:19:59Z
2026-07-19T23:19:05Z,2026-07-20T01:19:05+0200,028f9a66-b3fa-4fa7-a1aa-7c735a2e67a7,2026-06-24T21:00:00Z,2026-06-24T23:00:00+0200,552.54,MW,FR,FR,actual_offshore_wind_generation,Wind Offshore | Actual Aggregated,2026-07-19T23:19:59Z
2026-07-19T23:19:05Z,2026-07-20T01:19:05+0200,028f9a66-b3fa-4fa7-a1aa-7c735a2e67a7,2026-06-24T21:15:00Z,2026-06-24T23:15:00+0200,561.08,MW,FR,FR,actual_offshore_wind_generation,Wind Offshore | Actual Aggregated,2026-07-19T23:19:59Z
2026-07-19T23:19:05Z,2026-07-20T01:19:05+0200,028f9a66-b3fa-4fa7-a1aa-7c735a2e67a7,2026-06-24T21:30:00Z,2026-06-24T23:30:00+0200,540.03,MW,FR,FR,actual_offshore_wind_generation,Wind Offshore | Actual Aggregated,2026-07-19T23:19:59Z
2026-07-19T23:19:05Z,2026-07-20T01:19:05+0200,028f9a66-b3fa-4fa7-a1aa-7c735a2e67a7,2026-06-24T21:45:00Z,2026-06-24T23:45:00+0200,499.84,MW,FR,FR,actual_offshore_wind_generation,Wind Offshore | Actual Aggregated,2026-07-19T23:19:59Z
2026-07-19T23:19:05Z,2026-07-20T01:19:05+0200,028f9a66-b3fa-4fa7-a1aa-7c735a2e67a7,2026-06-24T22:00:00Z,2026-06-25T00:00:00+0200,497.31,MW,FR,FR,actual_offshore_wind_generation,Wind Offshore | Actual Aggregated,2026-07-19T23:19:59Z
2026-07-19T23:19:05Z,2026-07-20T01:19:05+0200,028f9a66-b3fa-4fa7-a1aa-7c735a2e67a7,2026-06-24T22:15:00Z,2026-06-25T00:15:00+0200,535.94,MW,FR,FR,actual_offshore_wind_generation,Wind Offshore | Actual Aggregated,2026-07-19T23:19:59Z
2026-07-19T23:19:05Z,2026-07-20T01:19:05+0200,028f9a66-b3fa-4fa7-a1aa-7c735a2e67a7,2026-06-24T22:30:00Z,2026-06-25T00:30:00+0200,597.39,MW,FR,FR,actual_offshore_wind_generation,Wind Offshore | Actual Aggregated,2026-07-19T23:19:59Z
2026-07-19T23:19:05Z,2026-07-20T01:19:05+0200,028f9a66-b3fa-4fa7-a1aa-7c735a2e67a7,2026-06-24T22:45:00Z,2026-06-25T00:45:00+0200,645.23,MW,FR,FR,actual_offshore_wind_generation,Wind Offshore | Actual Aggregated,2026-07-19T23:19:59Z
2026-07-19T23:19:05Z,2026-07-20T01:19:05+0200,028f9a66-b3fa-4fa7-a1aa-7c735a2e67a7,2026-06-24T23:00:00Z,2026-06-25T01:00:00+0200,697.24,MW,FR,FR,actual_offshore_wind_generation,Wind Offshore | Actual Aggregated,2026-07-19T23:19:59Z
2026-07-19T23:19:05Z,2026-07-20T01:19:05+0200,028f9a66-b3fa-4fa7-a1aa-7c735a2e67a7,2026-06-24T23:15:00Z,2026-06-25T01:15:00+0200,775.56,MW,FR,FR,actual_offshore_wind_generation,Wind Offshore | Actual Aggregated,2026-07-19T23:19:59Z
2026-07-19T23:19:05Z,2026-07-20T01:19:05+0200,028f9a66-b3fa-4fa7-a1aa-7c735a2e67a7,2026-06-24T23:30:00Z,2026-06-25T01:30:00+0200,919.84,MW,FR,FR,actual_offshore_wind_generation,Wind Offshore | Actual Aggregated,2026-07-19T23:19:59Z
2026-07-19T23:19:05Z,2026-07-20T01:19:05+0200,028f9a66-b3fa-4fa7-a1aa-7c735a2e67a7,2026-06-24T23:45:00Z,2026-06-25T01:45:00+0200,987.3,MW,FR,FR,actual_offshore_wind_generation,Wind Offshore | Actual Aggregated,2026-07-19T23:19:59Z
2026-07-19T23:19:05Z,2026-07-20T01:19:05+0200,028f9a66-b3fa-4fa7-a1aa-7c735a2e67a7,2026-06-25T00:00:00Z,2026-06-25T02:00:00+0200,1050.82,MW,FR,FR,actual_offshore_wind_generation,Wind Offshore | Actual Aggregated,2026-07-19T23:19:59Z
2026-07-19T23:19:05Z,2026-07-20T01:19:05+0200,028f9a66-b3fa-4fa7-a1aa-7c735a2e67a7,2026-06-25T00:15:00Z,2026-06-25T02:15:00+0200,1165.4,MW,FR,FR,actual_offshore_wind_generation,Wind Offshore | Actual Aggregated,2026-07-19T23:19:59Z
2026-07-19T23:19:05Z,2026-07-20T01:19:05+0200,028f9a66-b3fa-4fa7-a1aa-7c735a2e67a7,2026-06-25T00:30:00Z,2026-06-25T02:30:00+0200,1242.51,MW,FR,FR,actual_offshore_wind_generation,Wind Offshore | Actual Aggregated,2026-07-19T23:19:59Z
2026-07-19T23:19:05Z,2026-07-20T01:19:05+0200,028f9a66-b3fa-4fa7-a1aa-7c735a2e67a7,2026-06-25T00:45:00Z,2026-06-25T02:45:00+0200,1176.11,MW,FR,FR,actual_offshore_wind_generation,Wind Offshore | Actual Aggregated,2026-07-19T23:19:59Z
2026-07-19T23:19:05Z,2026-07-20T01:19:05+0200,028f9a66-b3fa-4fa7-a1aa-7c735a2e67a7,2026-06-25T01:00:00Z,2026-06-25T03:00:00+0200,1072.69,MW,FR,FR,actual_offshore_wind_generation,Wind Offshore | Actual Aggregated,2026-07-19T23:19:59Z
2026-07-19T23:19:05Z,2026-07-20T01:19:05+0200,028f9a66-b3fa-4fa7-a1aa-7c735a2e67a7,2026-06-25T01:15:00Z,2026-06-25T03:15:00+0200,933.28,MW,FR,FR,actual_offshore_wind_generation,Wind Offshore | Actual Aggregated,2026-07-19T23:19:59Z
2026-07-19T23:19:05Z,2026-07-20T01:19:05+0200,028f9a66-b3fa-4fa7-a1aa-7c735a2e67a7,2026-06-25T01:30:00Z,2026-06-25T03:30:00+0200,880.4,MW,FR,FR,actual_offshore_wind_generation,Wind Offshore | Actual Aggregated,2026-07-19T23:19:59Z
2026-07-19T23:19:05Z,2026-07-20T01:19:05+0200,028f9a66-b3fa-4fa7-a1aa-7c735a2e67a7,2026-06-25T01:45:00Z,2026-06-25T03:45:00+0200,898.6,MW,FR,FR,actual_offshore_wind_generation,Wind Offshore | Actual Aggregated,2026-07-19T23:19:59Z
2026-07-19T23:19:05Z,2026-07-20T01:19:05+0200,028f9a66-b3fa-4fa7-a1aa-7c735a2e67a7,2026-06-25T02:00:00Z,2026-06-25T04:00:00+0200,921.93,MW,FR,FR,actual_offshore_wind_generation,Wind Offshore | Actual Aggregated,2026-07-19T23:19:59Z
2026-07-19T23:19:05Z,2026-07-20T01:19:05+0200,028f9a66-b3fa-4fa7-a1aa-7c735a2e67a7,2026-06-25T02:15:00Z,2026-06-25T04:15:00+0200,989.15,MW,FR,FR,actual_offshore_wind_generation,Wind Offshore | Actual Aggregated,2026-07-19T23:19:59Z
2026-07-19T23:19:05Z,2026-07-20T01:19:05+0200,028f9a66-b3fa-4fa7-a1aa-7c735a2e67a7,2026-06-25T02:30:00Z,2026-06-25T04:30:00+0200,1061.4,MW,FR,FR,actual_offshore_wind_generation,Wind Offshore | Actual Aggregated,2026-07-19T23:19:59Z
2026-07-19T23:19:05Z,2026-07-20T01:19:05+0200,028f9a66-b3fa-4fa7-a1aa-7c735a2e67a7,2026-06-25T02:45:00Z,2026-06-25T04:45:00+0200,1012.34,MW,FR,FR,actual_offshore_wind_generation,Wind Offshore | Actual Aggregated,2026-07-19T23:19:59Z
2026-07-19T23:19:05Z,2026-07-20T01:19:05+0200,028f9a66-b3fa-4fa7-a1aa-7c735a2e67a7,2026-06-25T03:00:00Z,2026-06-25T05:00:00+0200,897.12,MW,FR,FR,actual_offshore_wind_generation,Wind Offshore | Actual Aggregated,2026-07-19T23:19:59Z
2026-07-19T23:19:05Z,2026-07-20T01:19:05+0200,028f9a66-b3fa-4fa7-a1aa-7c735a2e67a7,2026-06-25T03:15:00Z,2026-06-25T05:15:00+0200,789.06,MW,FR,FR,actual_offshore_wind_generation,Wind Offshore | Actual Aggregated,2026-07-19T23:19:59Z
2026-07-19T23:19:05Z,2026-07-20T01:19:05+0200,028f9a66-b3fa-4fa7-a1aa-7c735a2e67a7,2026-06-25T03:30:00Z,2026-06-25T05:30:00+0200,735.66,MW,FR,FR,actual_offshore_wind_generation,Wind Offshore | Actual Aggregated,2026-07-19T23:19:59Z
2026-07-19T23:19:05Z,2026-07-20T01:19:05+0200,028f9a66-b3fa-4fa7-a1aa-7c735a2e67a7,2026-06-25T03:45:00Z,2026-06-25T05:45:00+0200,680.15,MW,FR,FR,actual_offshore_wind_generation,Wind Offshore | Actual Aggregated,2026-07-19T23:19:59Z
2026-07-19T23:19:05Z,2026-07-20T01:19:05+0200,028f9a66-b3fa-4fa7-a1aa-7c735a2e67a7,2026-06-25T04:00:00Z,2026-06-25T06:00:00+0200,636.8,MW,FR,FR,actual_offshore_wind_generation,Wind Offshore | Actual Aggregated,2026-07-19T23:19:59Z
2026-07-19T23:19:05Z,2026-07-20T01:19:05+0200,028f9a66-b3fa-4fa7-a1aa-7c735a2e67a7,2026-06-25T04:15:00Z,2026-06-25T06:15:00+0200,624.04,MW,FR,FR,actual_offshore_wind_generation,Wind Offshore | Actual Aggregated,2026-07-19T23:19:59Z
2026-07-19T23:19:05Z,2026-07-20T01:19:05+0200,028f9a66-b3fa-4fa7-a1aa-7c735a2e67a7,2026-06-25T04:30:00Z,2026-06-25T06:30:00+0200,638.19,MW,FR,FR,actual_offshore_wind_generation,Wind Offshore | Actual Aggregated,2026-07-19T23:19:59Z
2026-07-19T23:19:05Z,2026-07-20T01:19:05+0200,028f9a66-b3fa-4fa7-a1aa-7c735a2e67a7,2026-06-25T04:45:00Z,2026-06-25T06:45:00+0200,598.19,MW,FR,FR,actual_offshore_wind_generation,Wind Offshore | Actual Aggregated,2026-07-19T23:19:59Z
2026-07-19T23:19:05Z,2026-07-20T01:19:05+0200,028f9a66-b3fa-4fa7-a1aa-7c735a2e67a7,2026-06-25T05:00:00Z,2026-06-25T07:00:00+0200,534.88,MW,FR,FR,actual_offshore_wind_generation,Wind Offshore | Actual Aggregated,2026-07-19T23:19:59Z
2026-07-19T23:19:05Z,2026-07-20T01:19:05+0200,028f9a66-b3fa-4fa7-a1aa-7c735a2e67a7,2026-06-25T05:15:00Z,2026-06-25T07:15:00+0200,516.11,MW,FR,FR,actual_offshore_wind_generation,Wind Offshore | Actual Aggregated,2026-07-19T23:19:59Z
2026-07-19T23:19:05Z,2026-07-20T01:19:05+0200,028f9a66-b3fa-4fa7-a1aa-7c735a2e67a7,2026-06-25T05:30:00Z,2026-06-25T07:30:00+0200,456.09,MW,FR,FR,actual_offshore_wind_generation,Wind Offshore | Actual Aggregated,2026-07-19T23:19:59Z
2026-07-19T23:19:05Z,2026-07-20T01:19:05+0200,028f9a66-b3fa-4fa7-a1aa-7c735a2e67a7,2026-06-25T05:45:00Z,2026-06-25T07:45:00+0200,446.38,MW,FR,FR,actual_offshore_wind_generation,Wind Offshore | Actual Aggregated,2026-07-19T23:19:59Z
2026-07-19T23:19:05Z,2026-07-20T01:19:05+0200,028f9a66-b3fa-4fa7-a1aa-7c735a2e67a7,2026-06-25T06:00:00Z,2026-06-25T08:00:00+0200,421.73,MW,FR,FR,actual_offshore_wind_generation,Wind Offshore | Actual Aggregated,2026-07-19T23:19:59Z
2026-07-19T23:19:05Z,2026-07-20T01:19:05+0200,028f9a66-b3fa-4fa7-a1aa-7c735a2e67a7,2026-06-25T06:15:00Z,2026-06-25T08:15:00+0200,410.88,MW,FR,FR,actual_offshore_wind_generation,Wind Offshore | Actual Aggregated,2026-07-19T23:19:59Z
2026-07-19T23:19:05Z,2026-07-20T01:19:05+0200,028f9a66-b3fa-4fa7-a1aa-7c735a2e67a7,2026-06-25T06:30:00Z,2026-06-25T08:30:00+0200,387.7,MW,FR,FR,actual_offshore_wind_generation,Wind Offshore | Actual Aggregated,2026-07-19T23:19:59Z
2026-07-19T23:19:05Z,2026-07-20T01:19:05+0200,028f9a66-b3fa-4fa7-a1aa-7c735a2e67a7,2026-06-25T06:45:00Z,2026-06-25T08:45:00+0200,338.63,MW,FR,FR,actual_offshore_wind_generation,Wind Offshore | Actual Aggregated,2026-07-19T23:19:59Z
2026-07-19T23:19:05Z,2026-07-20T01:19:05+0200,028f9a66-b3fa-4fa7-a1aa-7c735a2e67a7,2026-06-25T07:00:00Z,2026-06-25T09:00:00+0200,327.21,MW,FR,FR,actual_offshore_wind_generation,Wind Offshore | Actual Aggregated,2026-07-19T23:19:59Z
2026-07-19T23:19:05Z,2026-07-20T01:19:05+0200,028f9a66-b3fa-4fa7-a1aa-7c735a2e67a7,2026-06-25T07:15:00Z,2026-06-25T09:15:00+0200,283.11,MW,FR,FR,actual_offshore_wind_generation,Wind Offshore | Actual Aggregated,2026-07-19T23:19:59Z
2026-07-19T23:19:05Z,2026-07-20T01:19:05+0200,028f9a66-b3fa-4fa7-a1aa-7c735a2e67a7,2026-06-25T07:30:00Z,2026-06-25T09:30:00+0200,261.15,MW,FR,FR,actual_offshore_wind_generation,Wind Offshore | Actual Aggregated,2026-07-19T23:19:59Z
2026-07-19T23:19:05Z,2026-07-20T01:19:05+0200,028f9a66-b3fa-4fa7-a1aa-7c735a2e67a7,2026-06-25T07:45:00Z,2026-06-25T09:45:00+0200,239.12,MW,FR,FR,actual_offshore_wind_generation,Wind Offshore | Actual Aggregated,2026-07-19T23:19:59Z
2026-07-19T23:19:05Z,2026-07-20T01:19:05+0200,028f9a66-b3fa-4fa7-a1aa-7c735a2e67a7,2026-06-25T08:00:00Z,2026-06-25T10:00:00+0200,248.5,MW,FR,FR,actual_offshore_wind_generation,Wind Offshore | Actual Aggregated,2026-07-19T23:19:59Z
2026-07-19T23:19:05Z,2026-07-20T01:19:05+0200,028f9a66-b3fa-4fa7-a1aa-7c735a2e67a7,2026-06-25T08:15:00Z,2026-06-25T10:15:00+0200,282.96,MW,FR,FR,actual_offshore_wind_generation,Wind Offshore | Actual Aggregated,2026-07-19T23:19:59Z
2026-07-19T23:19:05Z,2026-07-20T01:19:05+0200,028f9a66-b3fa-4fa7-a1aa-7c735a2e67a7,2026-06-25T08:30:00Z,2026-06-25T10:30:00+0200,329.76,MW,FR,FR,actual_offshore_wind_generation,Wind Offshore | Actual Aggregated,2026-07-19T23:19:59Z
2026-07-19T23:19:05Z,2026-07-20T01:19:05+0200,028f9a66-b3fa-4fa7-a1aa-7c735a2e67a7,2026-06-25T08:45:00Z,2026-06-25T10:45:00+0200,316.66,MW,FR,FR,actual_offshore_wind_generation,Wind Offshore | Actual Aggregated,2026-07-19T23:19:59Z
2026-07-19T23:19:05Z,2026-07-20T01:19:05+0200,028f9a66-b3fa-4fa7-a1aa-7c735a2e67a7,2026-06-25T09:00:00Z,2026-06-25T11:00:00+0200,317.14,MW,FR,FR,actual_offshore_wind_generation,Wind Offshore | Actual Aggregated,2026-07-19T23:19:59Z
2026-07-19T23:19:05Z,2026-07-20T01:19:05+0200,028f9a66-b3fa-4fa7-a1aa-7c735a2e67a7,2026-06-25T09:15:00Z,2026-06-25T11:15:00+0200,346.4,MW,FR,FR,actual_offshore_wind_generation,Wind Offshore | Actual Aggregated,2026-07-19T23:19:59Z
2026-07-19T23:19:05Z,2026-07-20T01:19:05+0200,028f9a66-b3fa-4fa7-a1aa-7c735a2e67a7,2026-06-25T09:30:00Z,2026-06-25T11:30:00+0200,361.88,MW,FR,FR,actual_offshore_wind_generation,Wind Offshore | Actual Aggregated,2026-07-19T23:19:59Z
2026-07-19T23:19:05Z,2026-07-20T01:19:05+0200,028f9a66-b3fa-4fa7-a1aa-7c735a2e67a7,2026-06-25T09:45:00Z,2026-06-25T11:45:00+0200,387.84,MW,FR,FR,actual_offshore_wind_generation,Wind Offshore | Actual Aggregated,2026-07-19T23:19:59Z
2026-07-19T23:19:05Z,2026-07-20T01:19:05+0200,028f9a66-b3fa-4fa7-a1aa-7c735a2e67a7,2026-06-25T10:00:00Z,2026-06-25T12:00:00+0200,405.45,MW,FR,FR,actual_offshore_wind_generation,Wind Offshore | Actual Aggregated,2026-07-19T23:19:59Z
2026-07-19T23:19:05Z,2026-07-20T01:19:05+0200,028f9a66-b3fa-4fa7-a1aa-7c735a2e67a7,2026-06-25T10:15:00Z,2026-06-25T12:15:00+0200,393.11,MW,FR,FR,actual_offshore_wind_generation,Wind Offshore | Actual Aggregated,2026-07-19T23:19:59Z
2026-07-19T23:19:05Z,2026-07-20T01:19:05+0200,028f9a66-b3fa-4fa7-a1aa-7c735a2e67a7,2026-06-25T10:30:00Z,2026-06-25T12:30:00+0200,354.23,MW,FR,FR,actual_offshore_wind_generation,Wind Offshore | Actual Aggregated,2026-07-19T23:19:59Z
2026-07-19T23:19:05Z,2026-07-20T01:19:05+0200,028f9a66-b3fa-4fa7-a1aa-7c735a2e67a7,2026-06-25T10:45:00Z,2026-06-25T12:45:00+0200,395.17,MW,FR,FR,actual_offshore_wind_generation,Wind Offshore | Actual Aggregated,2026-07-19T23:19:59Z
2026-07-19T23:19:05Z,2026-07-20T01:19:05+0200,028f9a66-b3fa-4fa7-a1aa-7c735a2e67a7,2026-06-25T11:00:00Z,2026-06-25T13:00:00+0200,421.19,MW,FR,FR,actual_offshore_wind_generation,Wind Offshore | Actual Aggregated,2026-07-19T23:19:59Z
2026-07-19T23:19:05Z,2026-07-20T01:19:05+0200,028f9a66-b3fa-4fa7-a1aa-7c735a2e67a7,2026-06-25T11:15:00Z,2026-06-25T13:15:00+0200,441.34,MW,FR,FR,actual_offshore_wind_generation,Wind Offshore | Actual Aggregated,2026-07-19T23:19:59Z
2026-07-19T23:19:05Z,2026-07-20T01:19:05+0200,028f9a66-b3fa-4fa7-a1aa-7c735a2e67a7,2026-06-25T11:30:00Z,2026-06-25T13:30:00+0200,488.89,MW,FR,FR,actual_offshore_wind_generation,Wind Offshore | Actual Aggregated,2026-07-19T23:19:59Z
2026-07-19T23:19:05Z,2026-07-20T01:19:05+0200,028f9a66-b3fa-4fa7-a1aa-7c735a2e67a7,2026-06-25T11:45:00Z,2026-06-25T13:45:00+0200,545.46,MW,FR,FR,actual_offshore_wind_generation,Wind Offshore | Actual Aggregated,2026-07-19T23:19:59Z
2026-07-19T23:19:05Z,2026-07-20T01:19:05+0200,028f9a66-b3fa-4fa7-a1aa-7c735a2e67a7,2026-06-25T12:00:00Z,2026-06-25T14:00:00+0200,656.41,MW,FR,FR,actual_offshore_wind_generation,Wind Offshore | Actual Aggregated,2026-07-19T23:19:59Z
2026-07-19T23:19:05Z,2026-07-20T01:19:05+0200,028f9a66-b3fa-4fa7-a1aa-7c735a2e67a7,2026-06-25T12:15:00Z,2026-06-25T14:15:00+0200,773.67,MW,FR,FR,actual_offshore_wind_generation,Wind Offshore | Actual Aggregated,2026-07-19T23:19:59Z
2026-07-19T23:19:05Z,2026-07-20T01:19:05+0200,028f9a66-b3fa-4fa7-a1aa-7c735a2e67a7,2026-06-25T12:30:00Z,2026-06-25T14:30:00+0200,909.1,MW,FR,FR,actual_offshore_wind_generation,Wind Offshore | Actual Aggregated,2026-07-19T23:19:59Z
2026-07-19T23:19:05Z,2026-07-20T01:19:05+0200,028f9a66-b3fa-4fa7-a1aa-7c735a2e67a7,2026-06-25T12:45:00Z,2026-06-25T14:45:00+0200,957.29,MW,FR,FR,actual_offshore_wind_generation,Wind Offshore | Actual Aggregated,2026-07-19T23:19:59Z
2026-07-19T23:19:05Z,2026-07-20T01:19:05+0200,028f9a66-b3fa-4fa7-a1aa-7c735a2e67a7,2026-06-25T13:00:00Z,2026-06-25T15:00:00+0200,998.01,MW,FR,FR,actual_offshore_wind_generation,Wind Offshore | Actual Aggregated,2026-07-19T23:19:59Z
2026-07-19T23:19:05Z,2026-07-20T01:19:05+0200,028f9a66-b3fa-4fa7-a1aa-7c735a2e67a7,2026-06-25T13:15:00Z,2026-06-25T15:15:00+0200,1023.36,MW,FR,FR,actual_offshore_wind_generation,Wind Offshore | Actual Aggregated,2026-07-19T23:19:59Z
2026-07-19T23:19:05Z,2026-07-20T01:19:05+0200,028f9a66-b3fa-4fa7-a1aa-7c735a2e67a7,2026-06-25T13:30:00Z,2026-06-25T15:30:00+0200,1016.01,MW,FR,FR,actual_offshore_wind_generation,Wind Offshore | Actual Aggregated,2026-07-19T23:19:59Z
2026-07-19T23:19:05Z,2026-07-20T01:19:05+0200,028f9a66-b3fa-4fa7-a1aa-7c735a2e67a7,2026-06-25T13:45:00Z,2026-06-25T15:45:00+0200,967.78,MW,FR,FR,actual_offshore_wind_generation,Wind Offshore | Actual Aggregated,2026-07-19T23:19:59Z
2026-07-19T23:19:05Z,2026-07-20T01:19:05+0200,028f9a66-b3fa-4fa7-a1aa-7c735a2e67a7,2026-06-25T14:00:00Z,2026-06-25T16:00:00+0200,1007.2,MW,FR,FR,actual_offshore_wind_generation,Wind Offshore | Actual Aggregated,2026-07-19T23:19:59Z
2026-07-19T23:19:05Z,2026-07-20T01:19:05+0200,028f9a66-b3fa-4fa7-a1aa-7c735a2e67a7,2026-06-25T14:15:00Z,2026-06-25T16:15:00+0200,1140.83,MW,FR,FR,actual_offshore_wind_generation,Wind Offshore | Actual Aggregated,2026-07-19T23:19:59Z
2026-07-19T23:19:05Z,2026-07-20T01:19:05+0200,028f9a66-b3fa-4fa7-a1aa-7c735a2e67a7,2026-06-25T14:30:00Z,2026-06-25T16:30:00+0200,1174.29,MW,FR,FR,actual_offshore_wind_generation,Wind Offshore | Actual Aggregated,2026-07-19T23:19:59Z
2026-07-19T23:19:05Z,2026-07-20T01:19:05+0200,028f9a66-b3fa-4fa7-a1aa-7c735a2e67a7,2026-06-25T14:45:00Z,2026-06-25T16:45:00+0200,1102.92,MW,FR,FR,actual_offshore_wind_generation,Wind Offshore | Actual Aggregated,2026-07-19T23:19:59Z
2026-07-19T23:19:05Z,2026-07-20T01:19:05+0200,028f9a66-b3fa-4fa7-a1aa-7c735a2e67a7,2026-06-25T15:00:00Z,2026-06-25T17:00:00+0200,1050.2,MW,FR,FR,actual_offshore_wind_generation,Wind Offshore | Actual Aggregated,2026-07-19T23:19:59Z
2026-07-19T23:19:05Z,2026-07-20T01:19:05+0200,028f9a66-b3fa-4fa7-a1aa-7c735a2e67a7,2026-06-25T15:15:00Z,2026-06-25T17:15:00+0200,986.62,MW,FR,FR,actual_offshore_wind_generation,Wind Offshore | Actual Aggregated,2026-07-19T23:19:59Z
2026-07-19T23:19:05Z,2026-07-20T01:19:05+0200,028f9a66-b3fa-4fa7-a1aa-7c735a2e67a7,2026-06-25T15:30:00Z,2026-06-25T17:30:00+0200,900.27,MW,FR,FR,actual_offshore_wind_generation,Wind Offshore | Actual Aggregated,2026-07-19T23:19:59Z
2026-07-19T23:19:05Z,2026-07-20T01:19:05+0200,028f9a66-b3fa-4fa7-a1aa-7c735a2e67a7,2026-06-25T15:45:00Z,2026-06-25T17:45:00+0200,981.11,MW,FR,FR,actual_offshore_wind_generation,Wind Offshore | Actual Aggregated,2026-07-19T23:19:59Z
2026-07-19T23:19:05Z,2026-07-20T01:19:05+0200,028f9a66-b3fa-4fa7-a1aa-7c735a2e67a7,2026-06-25T16:00:00Z,2026-06-25T18:00:00+0200,1181.06,MW,FR,FR,actual_offshore_wind_generation,Wind Offshore | Actual Aggregated,2026-07-19T23:19:59Z
2026-07-19T23:19:05Z,2026-07-20T01:19:05+0200,028f9a66-b3fa-4fa7-a1aa-7c735a2e67a7,2026-06-25T16:15:00Z,2026-06-25T18:15:00+0200,1384.05,MW,FR,FR,actual_offshore_wind_generation,Wind Offshore | Actual Aggregated,2026-07-19T23:19:59Z
2026-07-19T23:19:05Z,2026-07-20T01:19:05+0200,028f9a66-b3fa-4fa7-a1aa-7c735a2e67a7,2026-06-25T16:30:00Z,2026-06-25T18:30:00+0200,1394.37,MW,FR,FR,actual_offshore_wind_generation,Wind Offshore | Actual Aggregated,2026-07-19T23:19:59Z
2026-07-19T23:19:05Z,2026-07-20T01:19:05+0200,028f9a66-b3fa-4fa7-a1aa-7c735a2e67a7,2026-06-25T16:45:00Z,2026-06-25T18:45:00+0200,1382.7,MW,FR,FR,actual_offshore_wind_generation,Wind Offshore | Actual Aggregated,2026-07-19T23:19:59Z
2026-07-19T23:19:05Z,2026-07-20T01:19:05+0200,028f9a66-b3fa-4fa7-a1aa-7c735a2e67a7,2026-06-25T17:00:00Z,2026-06-25T19:00:00+0200,1376.92,MW,FR,FR,actual_offshore_wind_generation,Wind Offshore | Actual Aggregated,2026-07-19T23:19:59Z
2026-07-19T23:19:05Z,2026-07-20T01:19:05+0200,028f9a66-b3fa-4fa7-a1aa-7c735a2e67a7,2026-06-25T17:15:00Z,2026-06-25T19:15:00+0200,1260.12,MW,FR,FR,actual_offshore_wind_generation,Wind Offshore | Actual Aggregated,2026-07-19T23:19:59Z
2026-07-19T23:19:05Z,2026-07-20T01:19:05+0200,028f9a66-b3fa-4fa7-a1aa-7c735a2e67a7,2026-06-25T17:30:00Z,2026-06-25T19:30:00+0200,1050.19,MW,FR,FR,actual_offshore_wind_generation,Wind Offshore | Actual Aggregated,2026-07-19T23:19:59Z
2026-07-19T23:19:05Z,2026-07-20T01:19:05+0200,028f9a66-b3fa-4fa7-a1aa-7c735a2e67a7,2026-06-25T17:45:00Z,2026-06-25T19:45:00+0200,828.56,MW,FR,FR,actual_offshore_wind_generation,Wind Offshore | Actual Aggregated,2026-07-19T23:19:59Z
2026-07-19T23:19:05Z,2026-07-20T01:19:05+0200,028f9a66-b3fa-4fa7-a1aa-7c735a2e67a7,2026-06-25T18:00:00Z,2026-06-25T20:00:00+0200,871.46,MW,FR,FR,actual_offshore_wind_generation,Wind Offshore | Actual Aggregated,2026-07-19T23:19:59Z
2026-07-19T23:19:05Z,2026-07-20T01:19:05+0200,028f9a66-b3fa-4fa7-a1aa-7c735a2e67a7,2026-06-25T18:15:00Z,2026-06-25T20:15:00+0200,632.48,MW,FR,FR,actual_offshore_wind_generation,Wind Offshore | Actual Aggregated,2026-07-19T23:19:59Z
2026-07-19T23:19:05Z,2026-07-20T01:19:05+0200,028f9a66-b3fa-4fa7-a1aa-7c735a2e67a7,2026-06-25T18:30:00Z,2026-06-25T20:30:00+0200,572.11,MW,FR,FR,actual_offshore_wind_generation,Wind Offshore | Actual Aggregated,2026-07-19T23:19:59Z
2026-07-19T23:19:05Z,2026-07-20T01:19:05+0200,028f9a66-b3fa-4fa7-a1aa-7c735a2e67a7,2026-06-25T18:45:00Z,2026-06-25T20:45:00+0200,476.95,MW,FR,FR,actual_offshore_wind_generation,Wind Offshore | Actual Aggregated,2026-07-19T23:19:59Z
2026-07-19T23:19:05Z,2026-07-20T01:19:05+0200,028f9a66-b3fa-4fa7-a1aa-7c735a2e67a7,2026-06-25T19:00:00Z,2026-06-25T21:00:00+0200,373.14,MW,FR,FR,actual_offshore_wind_generation,Wind Offshore | Actual Aggregated,2026-07-19T23:19:59Z
2026-07-19T23:19:05Z,2026-07-20T01:19:05+0200,028f9a66-b3fa-4fa7-a1aa-7c735a2e67a7,2026-06-25T19:15:00Z,2026-06-25T21:15:00+0200,323.49,MW,FR,FR,actual_offshore_wind_generation,Wind Offshore | Actual Aggregated,2026-07-19T23:19:59Z
2026-07-19T23:19:05Z,2026-07-20T01:19:05+0200,028f9a66-b3fa-4fa7-a1aa-7c735a2e67a7,2026-06-25T19:30:00Z,2026-06-25T21:30:00+0200,313.76,MW,FR,FR,actual_offshore_wind_generation,Wind Offshore | Actual Aggregated,2026-07-19T23:19:59Z
2026-07-19T23:19:05Z,2026-07-20T01:19:05+0200,028f9a66-b3fa-4fa7-a1aa-7c735a2e67a7,2026-06-25T19:45:00Z,2026-06-25T21:45:00+0200,294.68,MW,FR,FR,actual_offshore_wind_generation,Wind Offshore | Actual Aggregated,2026-07-19T23:19:59Z
2026-07-19T23:19:05Z,2026-07-20T01:19:05+0200,028f9a66-b3fa-4fa7-a1aa-7c735a2e67a7,2026-06-25T20:00:00Z,2026-06-25T22:00:00+0200,273.83,MW,FR,FR,actual_offshore_wind_generation,Wind Offshore | Actual Aggregated,2026-07-19T23:19:59Z
2026-07-19T23:19:05Z,2026-07-20T01:19:05+0200,028f9a66-b3fa-4fa7-a1aa-7c735a2e67a7,2026-06-25T20:15:00Z,2026-06-25T22:15:00+0200,348.59,MW,FR,FR,actual_offshore_wind_generation,Wind Offshore | Actual Aggregated,2026-07-19T23:19:59Z
2026-07-19T23:19:05Z,2026-07-20T01:19:05+0200,028f9a66-b3fa-4fa7-a1aa-7c735a2e67a7,2026-06-25T20:30:00Z,2026-06-25T22:30:00+0200,482.49,MW,FR,FR,actual_offshore_wind_generation,Wind Offshore | Actual Aggregated,2026-07-19T23:19:59Z
2026-07-19T23:19:05Z,2026-07-20T01:19:05+0200,028f9a66-b3fa-4fa7-a1aa-7c735a2e67a7,2026-06-25T20:45:00Z,2026-06-25T22:45:00+0200,738.17,MW,FR,FR,actual_offshore_wind_generation,Wind Offshore | Actual Aggregated,2026-07-19T23:19:59Z
2026-07-19T23:19:05Z,2026-07-20T01:19:05+0200,028f9a66-b3fa-4fa7-a1aa-7c735a2e67a7,2026-06-25T21:00:00Z,2026-06-25T23:00:00+0200,790.9,MW,FR,FR,actual_offshore_wind_generation,Wind Offshore | Actual Aggregated,2026-07-19T23:19:59Z
2026-07-19T23:19:05Z,2026-07-20T01:19:05+0200,028f9a66-b3fa-4fa7-a1aa-7c735a2e67a7,2026-06-25T21:15:00Z,2026-06-25T23:15:00+0200,734.66,MW,FR,FR,actual_offshore_wind_generation,Wind Offshore | Actual Aggregated,2026-07-19T23:19:59Z
2026-07-19T23:19:05Z,2026-07-20T01:19:05+0200,028f9a66-b3fa-4fa7-a1aa-7c735a2e67a7,2026-06-25T21:30:00Z,2026-06-25T23:30:00+0200,654.91,MW,FR,FR,actual_offshore_wind_generation,Wind Offshore | Actual Aggregated,2026-07-19T23:19:59Z
2026-07-19T23:19:05Z,2026-07-20T01:19:05+0200,028f9a66-b3fa-4fa7-a1aa-7c735a2e67a7,2026-06-25T21:45:00Z,2026-06-25T23:45:00+0200,793.99,MW,FR,FR,actual_offshore_wind_generation,Wind Offshore | Actual Aggregated,2026-07-19T23:19:59Z
2026-07-19T23:19:05Z,2026-07-20T01:19:05+0200,028f9a66-b3fa-4fa7-a1aa-7c735a2e67a7,2026-06-25T22:00:00Z,2026-06-26T00:00:00+0200,749.11,MW,FR,FR,actual_offshore_wind_generation,Wind Offshore | Actual Aggregated,2026-07-19T23:19:59Z
2026-07-19T23:19:05Z,2026-07-20T01:19:05+0200,028f9a66-b3fa-4fa7-a1aa-7c735a2e67a7,2026-06-25T22:15:00Z,2026-06-26T00:15:00+0200,688.36,MW,FR,FR,actual_offshore_wind_generation,Wind Offshore | Actual Aggregated,2026-07-19T23:19:59Z
2026-07-19T23:19:05Z,2026-07-20T01:19:05+0200,028f9a66-b3fa-4fa7-a1aa-7c735a2e67a7,2026-06-25T22:30:00Z,2026-06-26T00:30:00+0200,778.29,MW,FR,FR,actual_offshore_wind_generation,Wind Offshore | Actual Aggregated,2026-07-19T23:19:59Z
2026-07-19T23:19:05Z,2026-07-20T01:19:05+0200,028f9a66-b3fa-4fa7-a1aa-7c735a2e67a7,2026-06-25T22:45:00Z,2026-06-26T00:45:00+0200,603.2,MW,FR,FR,actual_offshore_wind_generation,Wind Offshore | Actual Aggregated,2026-07-19T23:19:59Z
2026-07-19T23:19:05Z,2026-07-20T01:19:05+0200,028f9a66-b3fa-4fa7-a1aa-7c735a2e67a7,2026-06-25T23:00:00Z,2026-06-26T01:00:00+0200,430.05,MW,FR,FR,actual_offshore_wind_generation,Wind Offshore | Actual Aggregated,2026-07-19T23:19:59Z
2026-07-19T23:19:05Z,2026-07-20T01:19:05+0200,028f9a66-b3fa-4fa7-a1aa-7c735a2e67a7,2026-06-25T23:15:00Z,2026-06-26T01:15:00+0200,434.8,MW,FR,FR,actual_offshore_wind_generation,Wind Offshore | Actual Aggregated,2026-07-19T23:19:59Z
2026-07-19T23:19:05Z,2026-07-20T01:19:05+0200,028f9a66-b3fa-4fa7-a1aa-7c735a2e67a7,2026-06-25T23:30:00Z,2026-06-26T01:30:00+0200,415.01,MW,FR,FR,actual_offshore_wind_generation,Wind Offshore | Actual Aggregated,2026-07-19T23:19:59Z
2026-07-19T23:19:05Z,2026-07-20T01:19:05+0200,028f9a66-b3fa-4fa7-a1aa-7c735a2e67a7,2026-06-25T23:45:00Z,2026-06-26T01:45:00+0200,333.46,MW,FR,FR,actual_offshore_wind_generation,Wind Offshore | Actual Aggregated,2026-07-19T23:19:59Z
2026-07-19T23:19:05Z,2026-07-20T01:19:05+0200,028f9a66-b3fa-4fa7-a1aa-7c735a2e67a7,2026-06-26T00:00:00Z,2026-06-26T02:00:00+0200,291.73,MW,FR,FR,actual_offshore_wind_generation,Wind Offshore | Actual Aggregated,2026-07-19T23:19:59Z
2026-07-19T23:19:05Z,2026-07-20T01:19:05+0200,028f9a66-b3fa-4fa7-a1aa-7c735a2e67a7,2026-06-26T00:15:00Z,2026-06-26T02:15:00+0200,159.19,MW,FR,FR,actual_offshore_wind_generation,Wind Offshore | Actual Aggregated,2026-07-19T23:19:59Z
2026-07-19T23:19:05Z,2026-07-20T01:19:05+0200,028f9a66-b3fa-4fa7-a1aa-7c735a2e67a7,2026-06-26T00:30:00Z,2026-06-26T02:30:00+0200,192.96,MW,FR,FR,actual_offshore_wind_generation,Wind Offshore | Actual Aggregated,2026-07-19T23:19:59Z
2026-07-19T23:19:05Z,2026-07-20T01:19:05+0200,028f9a66-b3fa-4fa7-a1aa-7c735a2e67a7,2026-06-26T00:45:00Z,2026-06-26T02:45:00+0200,161.09,MW,FR,FR,actual_offshore_wind_generation,Wind Offshore | Actual Aggregated,2026-07-19T23:19:59Z
2026-07-19T23:19:05Z,2026-07-20T01:19:05+0200,028f9a66-b3fa-4fa7-a1aa-7c735a2e67a7,2026-06-26T01:00:00Z,2026-06-26T03:00:00+0200,125.85,MW,FR,FR,actual_offshore_wind_generation,Wind Offshore | Actual Aggregated,2026-07-19T23:19:59Z
2026-07-19T23:19:05Z,2026-07-20T01:19:05+0200,028f9a66-b3fa-4fa7-a1aa-7c735a2e67a7,2026-06-26T01:15:00Z,2026-06-26T03:15:00+0200,125.04,MW,FR,FR,actual_offshore_wind_generation,Wind Offshore | Actual Aggregated,2026-07-19T23:19:59Z
2026-07-19T23:19:05Z,2026-07-20T01:19:05+0200,028f9a66-b3fa-4fa7-a1aa-7c735a2e67a7,2026-06-26T01:30:00Z,2026-06-26T03:30:00+0200,147.83,MW,FR,FR,actual_offshore_wind_generation,Wind Offshore | Actual Aggregated,2026-07-19T23:19:59Z
2026-07-19T23:19:05Z,2026-07-20T01:19:05+0200,028f9a66-b3fa-4fa7-a1aa-7c735a2e67a7,2026-06-26T01:45:00Z,2026-06-26T03:45:00+0200,118.03,MW,FR,FR,actual_offshore_wind_generation,Wind Offshore | Actual Aggregated,2026-07-19T23:19:59Z
2026-07-19T23:19:05Z,2026-07-20T01:19:05+0200,028f9a66-b3fa-4fa7-a1aa-7c735a2e67a7,2026-06-26T02:00:00Z,2026-06-26T04:00:00+0200,82.9,MW,FR,FR,actual_offshore_wind_generation,Wind Offshore | Actual Aggregated,2026-07-19T23:19:59Z
2026-07-19T23:19:05Z,2026-07-20T01:19:05+0200,028f9a66-b3fa-4fa7-a1aa-7c735a2e67a7,2026-06-26T02:15:00Z,2026-06-26T04:15:00+0200,58.03,MW,FR,FR,actual_offshore_wind_generation,Wind Offshore | Actual Aggregated,2026-07-19T23:19:59Z
2026-07-19T23:19:05Z,2026-07-20T01:19:05+0200,028f9a66-b3fa-4fa7-a1aa-7c735a2e67a7,2026-06-26T02:30:00Z,2026-06-26T04:30:00+0200,50.54,MW,FR,FR,actual_offshore_wind_generation,Wind Offshore | Actual Aggregated,2026-07-19T23:19:59Z
2026-07-19T23:19:05Z,2026-07-20T01:19:05+0200,028f9a66-b3fa-4fa7-a1aa-7c735a2e67a7,2026-06-26T02:45:00Z,2026-06-26T04:45:00+0200,70.68,MW,FR,FR,actual_offshore_wind_generation,Wind Offshore | Actual Aggregated,2026-07-19T23:19:59Z
2026-07-19T23:19:05Z,2026-07-20T01:19:05+0200,028f9a66-b3fa-4fa7-a1aa-7c735a2e67a7,2026-06-26T03:00:00Z,2026-06-26T05:00:00+0200,103.04,MW,FR,FR,actual_offshore_wind_generation,Wind Offshore | Actual Aggregated,2026-07-19T23:19:59Z
2026-07-19T23:19:05Z,2026-07-20T01:19:05+0200,028f9a66-b3fa-4fa7-a1aa-7c735a2e67a7,2026-06-26T03:15:00Z,2026-06-26T05:15:00+0200,102.89,MW,FR,FR,actual_offshore_wind_generation,Wind Offshore | Actual Aggregated,2026-07-19T23:19:59Z
2026-07-19T23:19:05Z,2026-07-20T01:19:05+0200,028f9a66-b3fa-4fa7-a1aa-7c735a2e67a7,2026-06-26T03:30:00Z,2026-06-26T05:30:00+0200,147.2,MW,FR,FR,actual_offshore_wind_generation,Wind Offshore | Actual Aggregated,2026-07-19T23:19:59Z
2026-07-19T23:19:05Z,2026-07-20T01:19:05+0200,028f9a66-b3fa-4fa7-a1aa-7c735a2e67a7,2026-06-26T03:45:00Z,2026-06-26T05:45:00+0200,200.24,MW,FR,FR,actual_offshore_wind_generation,Wind Offshore | Actual Aggregated,2026-07-19T23:19:59Z
2026-07-19T23:19:05Z,2026-07-20T01:19:05+0200,028f9a66-b3fa-4fa7-a1aa-7c735a2e67a7,2026-06-26T04:00:00Z,2026-06-26T06:00:00+0200,288.2,MW,FR,FR,actual_offshore_wind_generation,Wind Offshore | Actual Aggregated,2026-07-19T23:19:59Z
2026-07-19T23:19:05Z,2026-07-20T01:19:05+0200,028f9a66-b3fa-4fa7-a1aa-7c735a2e67a7,2026-06-26T04:15:00Z,2026-06-26T06:15:00+0200,339.0,MW,FR,FR,actual_offshore_wind_generation,Wind Offshore | Actual Aggregated,2026-07-19T23:19:59Z
2026-07-19T23:19:05Z,2026-07-20T01:19:05+0200,028f9a66-b3fa-4fa7-a1aa-7c735a2e67a7,2026-06-26T04:30:00Z,2026-06-26T06:30:00+0200,253.97,MW,FR,FR,actual_offshore_wind_generation,Wind Offshore | Actual Aggregated,2026-07-19T23:19:59Z
2026-07-19T23:19:05Z,2026-07-20T01:19:05+0200,028f9a66-b3fa-4fa7-a1aa-7c735a2e67a7,2026-06-26T04:45:00Z,2026-06-26T06:45:00+0200,281.26,MW,FR,FR,actual_offshore_wind_generation,Wind Offshore | Actual Aggregated,2026-07-19T23:19:59Z
2026-07-19T23:19:05Z,2026-07-20T01:19:05+0200,028f9a66-b3fa-4fa7-a1aa-7c735a2e67a7,2026-06-26T05:00:00Z,2026-06-26T07:00:00+0200,272.18,MW,FR,FR,actual_offshore_wind_generation,Wind Offshore | Actual Aggregated,2026-07-19T23:19:59Z
2026-07-19T23:19:05Z,2026-07-20T01:19:05+0200,028f9a66-b3fa-4fa7-a1aa-7c735a2e67a7,2026-06-26T05:15:00Z,2026-06-26T07:15:00+0200,312.09,MW,FR,FR,actual_offshore_wind_generation,Wind Offshore | Actual Aggregated,2026-07-19T23:19:59Z
2026-07-19T23:19:05Z,2026-07-20T01:19:05+0200,028f9a66-b3fa-4fa7-a1aa-7c735a2e67a7,2026-06-26T05:30:00Z,2026-06-26T07:30:00+0200,404.43,MW,FR,FR,actual_offshore_wind_generation,Wind Offshore | Actual Aggregated,2026-07-19T23:19:59Z
2026-07-19T23:19:05Z,2026-07-20T01:19:05+0200,028f9a66-b3fa-4fa7-a1aa-7c735a2e67a7,2026-06-26T05:45:00Z,2026-06-26T07:45:00+0200,460.87,MW,FR,FR,actual_offshore_wind_generation,Wind Offshore | Actual Aggregated,2026-07-19T23:19:59Z
2026-07-19T23:19:05Z,2026-07-20T01:19:05+0200,028f9a66-b3fa-4fa7-a1aa-7c735a2e67a7,2026-06-26T06:00:00Z,2026-06-26T08:00:00+0200,450.92,MW,FR,FR,actual_offshore_wind_generation,Wind Offshore | Actual Aggregated,2026-07-19T23:19:59Z
2026-07-19T23:19:05Z,2026-07-20T01:19:05+0200,028f9a66-b3fa-4fa7-a1aa-7c735a2e67a7,2026-06-26T06:15:00Z,2026-06-26T08:15:00+0200,413.35,MW,FR,FR,actual_offshore_wind_generation,Wind Offshore | Actual Aggregated,2026-07-19T23:19:59Z
2026-07-19T23:19:05Z,2026-07-20T01:19:05+0200,028f9a66-b3fa-4fa7-a1aa-7c735a2e67a7,2026-06-26T06:30:00Z,2026-06-26T08:30:00+0200,354.7,MW,FR,FR,actual_offshore_wind_generation,Wind Offshore | Actual Aggregated,2026-07-19T23:19:59Z
2026-07-19T23:19:05Z,2026-07-20T01:19:05+0200,028f9a66-b3fa-4fa7-a1aa-7c735a2e67a7,2026-06-26T06:45:00Z,2026-06-26T08:45:00+0200,343.7,MW,FR,FR,actual_offshore_wind_generation,Wind Offshore | Actual Aggregated,2026-07-19T23:19:59Z
2026-07-19T23:19:05Z,2026-07-20T01:19:05+0200,028f9a66-b3fa-4fa7-a1aa-7c735a2e67a7,2026-06-26T07:00:00Z,2026-06-26T09:00:00+0200,292.95,MW,FR,FR,actual_offshore_wind_generation,Wind Offshore | Actual Aggregated,2026-07-19T23:19:59Z
2026-07-19T23:19:05Z,2026-07-20T01:19:05+0200,028f9a66-b3fa-4fa7-a1aa-7c735a2e67a7,2026-06-26T07:15:00Z,2026-06-26T09:15:00+0200,266.33,MW,FR,FR,actual_offshore_wind_generation,Wind Offshore | Actual Aggregated,2026-07-19T23:19:59Z
2026-07-19T23:19:05Z,2026-07-20T01:19:05+0200,028f9a66-b3fa-4fa7-a1aa-7c735a2e67a7,2026-06-26T07:30:00Z,2026-06-26T09:30:00+0200,249.71,MW,FR,FR,actual_offshore_wind_generation,Wind Offshore | Actual Aggregated,2026-07-19T23:19:59Z
2026-07-19T23:19:05Z,2026-07-20T01:19:05+0200,028f9a66-b3fa-4fa7-a1aa-7c735a2e67a7,2026-06-26T07:45:00Z,2026-06-26T09:45:00+0200,196.18,MW,FR,FR,actual_offshore_wind_generation,Wind Offshore | Actual Aggregated,2026-07-19T23:19:59Z
2026-07-19T23:19:05Z,2026-07-20T01:19:05+0200,028f9a66-b3fa-4fa7-a1aa-7c735a2e67a7,2026-06-26T08:00:00Z,2026-06-26T10:00:00+0200,200.79,MW,FR,FR,actual_offshore_wind_generation,Wind Offshore | Actual Aggregated,2026-07-19T23:19:59Z
2026-07-19T23:19:05Z,2026-07-20T01:19:05+0200,028f9a66-b3fa-4fa7-a1aa-7c735a2e67a7,2026-06-26T08:15:00Z,2026-06-26T10:15:00+0200,140.99,MW,FR,FR,actual_offshore_wind_generation,Wind Offshore | Actual Aggregated,2026-07-19T23:19:59Z
2026-07-19T23:19:05Z,2026-07-20T01:19:05+0200,028f9a66-b3fa-4fa7-a1aa-7c735a2e67a7,2026-06-26T08:30:00Z,2026-06-26T10:30:00+0200,83.95,MW,FR,FR,actual_offshore_wind_generation,Wind Offshore | Actual Aggregated,2026-07-19T23:19:59Z
2026-07-19T23:19:05Z,2026-07-20T01:19:05+0200,028f9a66-b3fa-4fa7-a1aa-7c735a2e67a7,2026-06-26T08:45:00Z,2026-06-26T10:45:00+0200,79.74,MW,FR,FR,actual_offshore_wind_generation,Wind Offshore | Actual Aggregated,2026-07-19T23:19:59Z
2026-07-19T23:19:05Z,2026-07-20T01:19:05+0200,028f9a66-b3fa-4fa7-a1aa-7c735a2e67a7,2026-06-26T09:00:00Z,2026-06-26T11:00:00+0200,118.58,MW,FR,FR,actual_offshore_wind_generation,Wind Offshore | Actual Aggregated,2026-07-19T23:19:59Z
2026-07-19T23:19:05Z,2026-07-20T01:19:05+0200,028f9a66-b3fa-4fa7-a1aa-7c735a2e67a7,2026-06-26T09:15:00Z,2026-06-26T11:15:00+0200,75.28,MW,FR,FR,actual_offshore_wind_generation,Wind Offshore | Actual Aggregated,2026-07-19T23:19:59Z
2026-07-19T23:19:05Z,2026-07-20T01:19:05+0200,028f9a66-b3fa-4fa7-a1aa-7c735a2e67a7,2026-06-26T09:30:00Z,2026-06-26T11:30:00+0200,105.09,MW,FR,FR,actual_offshore_wind_generation,Wind Offshore | Actual Aggregated,2026-07-19T23:19:59Z
2026-07-19T23:19:05Z,2026-07-20T01:19:05+0200,028f9a66-b3fa-4fa7-a1aa-7c735a2e67a7,2026-06-26T09:45:00Z,2026-06-26T11:45:00+0200,173.41,MW,FR,FR,actual_offshore_wind_generation,Wind Offshore | Actual Aggregated,2026-07-19T23:19:59Z
2026-07-19T23:19:05Z,2026-07-20T01:19:05+0200,028f9a66-b3fa-4fa7-a1aa-7c735a2e67a7,2026-06-26T10:00:00Z,2026-06-26T12:00:00+0200,220.46,MW,FR,FR,actual_offshore_wind_generation,Wind Offshore | Actual Aggregated,2026-07-19T23:19:59Z
2026-07-19T23:19:05Z,2026-07-20T01:19:05+0200,028f9a66-b3fa-4fa7-a1aa-7c735a2e67a7,2026-06-26T10:15:00Z,2026-06-26T12:15:00+0200,228.35,MW,FR,FR,actual_offshore_wind_generation,Wind Offshore | Actual Aggregated,2026-07-19T23:19:59Z
2026-07-19T23:19:05Z,2026-07-20T01:19:05+0200,028f9a66-b3fa-4fa7-a1aa-7c735a2e67a7,2026-06-26T10:30:00Z,2026-06-26T12:30:00+0200,216.59,MW,FR,FR,actual_offshore_wind_generation,Wind Offshore | Actual Aggregated,2026-07-19T23:19:59Z
2026-07-19T23:19:05Z,2026-07-20T01:19:05+0200,028f9a66-b3fa-4fa7-a1aa-7c735a2e67a7,2026-06-26T10:45:00Z,2026-06-26T12:45:00+0200,217.82,MW,FR,FR,actual_offshore_wind_generation,Wind Offshore | Actual Aggregated,2026-07-19T23:19:59Z
2026-07-19T23:19:05Z,2026-07-20T01:19:05+0200,028f9a66-b3fa-4fa7-a1aa-7c735a2e67a7,2026-06-26T11:00:00Z,2026-06-26T13:00:00+0200,186.73,MW,FR,FR,actual_offshore_wind_generation,Wind Offshore | Actual Aggregated,2026-07-19T23:19:59Z
2026-07-19T23:19:05Z,2026-07-20T01:19:05+0200,028f9a66-b3fa-4fa7-a1aa-7c735a2e67a7,2026-06-26T11:15:00Z,2026-06-26T13:15:00+0200,138.5,MW,FR,FR,actual_offshore_wind_generation,Wind Offshore | Actual Aggregated,2026-07-19T23:19:59Z
2026-07-19T23:19:05Z,2026-07-20T01:19:05+0200,028f9a66-b3fa-4fa7-a1aa-7c735a2e67a7,2026-06-26T11:30:00Z,2026-06-26T13:30:00+0200,131.18,MW,FR,FR,actual_offshore_wind_generation,Wind Offshore | Actual Aggregated,2026-07-19T23:19:59Z
2026-07-19T23:19:05Z,2026-07-20T01:19:05+0200,028f9a66-b3fa-4fa7-a1aa-7c735a2e67a7,2026-06-26T11:45:00Z,2026-06-26T13:45:00+0200,131.62,MW,FR,FR,actual_offshore_wind_generation,Wind Offshore | Actual Aggregated,2026-07-19T23:19:59Z
2026-07-19T23:19:05Z,2026-07-20T01:19:05+0200,028f9a66-b3fa-4fa7-a1aa-7c735a2e67a7,2026-06-26T12:00:00Z,2026-06-26T14:00:00+0200,138.43,MW,FR,FR,actual_offshore_wind_generation,Wind Offshore | Actual Aggregated,2026-07-19T23:19:59Z
2026-07-19T23:19:05Z,2026-07-20T01:19:05+0200,028f9a66-b3fa-4fa7-a1aa-7c735a2e67a7,2026-06-26T12:15:00Z,2026-06-26T14:15:00+0200,211.88,MW,FR,FR,actual_offshore_wind_generation,Wind Offshore | Actual Aggregated,2026-07-19T23:19:59Z
2026-07-19T23:19:05Z,2026-07-20T01:19:05+0200,028f9a66-b3fa-4fa7-a1aa-7c735a2e67a7,2026-06-26T12:30:00Z,2026-06-26T14:30:00+0200,213.06,MW,FR,FR,actual_offshore_wind_generation,Wind Offshore | Actual Aggregated,2026-07-19T23:19:59Z
2026-07-19T23:19:05Z,2026-07-20T01:19:05+0200,028f9a66-b3fa-4fa7-a1aa-7c735a2e67a7,2026-06-26T12:45:00Z,2026-06-26T14:45:00+0200,172.8,MW,FR,FR,actual_offshore_wind_generation,Wind Offshore | Actual Aggregated,2026-07-19T23:19:59Z
2026-07-19T23:19:05Z,2026-07-20T01:19:05+0200,028f9a66-b3fa-4fa7-a1aa-7c735a2e67a7,2026-06-26T13:00:00Z,2026-06-26T15:00:00+0200,149.29,MW,FR,FR,actual_offshore_wind_generation,Wind Offshore | Actual Aggregated,2026-07-19T23:19:59Z
2026-07-19T23:19:05Z,2026-07-20T01:19:05+0200,028f9a66-b3fa-4fa7-a1aa-7c735a2e67a7,2026-06-26T13:15:00Z,2026-06-26T15:15:00+0200,93.9,MW,FR,FR,actual_offshore_wind_generation,Wind Offshore | Actual Aggregated,2026-07-19T23:19:59Z
2026-07-19T23:19:05Z,2026-07-20T01:19:05+0200,028f9a66-b3fa-4fa7-a1aa-7c735a2e67a7,2026-06-26T13:30:00Z,2026-06-26T15:30:00+0200,87.44,MW,FR,FR,actual_offshore_wind_generation,Wind Offshore | Actual Aggregated,2026-07-19T23:19:59Z
2026-07-19T23:19:05Z,2026-07-20T01:19:05+0200,028f9a66-b3fa-4fa7-a1aa-7c735a2e67a7,2026-06-26T13:45:00Z,2026-06-26T15:45:00+0200,84.73,MW,FR,FR,actual_offshore_wind_generation,Wind Offshore | Actual Aggregated,2026-07-19T23:19:59Z
2026-07-19T23:19:05Z,2026-07-20T01:19:05+0200,028f9a66-b3fa-4fa7-a1aa-7c735a2e67a7,2026-06-26T14:00:00Z,2026-06-26T16:00:00+0200,93.68,MW,FR,FR,actual_offshore_wind_generation,Wind Offshore | Actual Aggregated,2026-07-19T23:19:59Z
2026-07-19T23:19:05Z,2026-07-20T01:19:05+0200,028f9a66-b3fa-4fa7-a1aa-7c735a2e67a7,2026-06-26T14:15:00Z,2026-06-26T16:15:00+0200,173.01,MW,FR,FR,actual_offshore_wind_generation,Wind Offshore | Actual Aggregated,2026-07-19T23:19:59Z
2026-07-19T23:19:05Z,2026-07-20T01:19:05+0200,028f9a66-b3fa-4fa7-a1aa-7c735a2e67a7,2026-06-26T14:30:00Z,2026-06-26T16:30:00+0200,213.87,MW,FR,FR,actual_offshore_wind_generation,Wind Offshore | Actual Aggregated,2026-07-19T23:19:59Z
2026-07-19T23:19:05Z,2026-07-20T01:19:05+0200,028f9a66-b3fa-4fa7-a1aa-7c735a2e67a7,2026-06-26T14:45:00Z,2026-06-26T16:45:00+0200,206.01,MW,FR,FR,actual_offshore_wind_generation,Wind Offshore | Actual Aggregated,2026-07-19T23:19:59Z
2026-07-19T23:19:05Z,2026-07-20T01:19:05+0200,028f9a66-b3fa-4fa7-a1aa-7c735a2e67a7,2026-06-26T15:00:00Z,2026-06-26T17:00:00+0200,190.13,MW,FR,FR,actual_offshore_wind_generation,Wind Offshore | Actual Aggregated,2026-07-19T23:19:59Z
2026-07-19T23:19:05Z,2026-07-20T01:19:05+0200,028f9a66-b3fa-4fa7-a1aa-7c735a2e67a7,2026-06-26T15:15:00Z,2026-06-26T17:15:00+0200,194.49,MW,FR,FR,actual_offshore_wind_generation,Wind Offshore | Actual Aggregated,2026-07-19T23:19:59Z
2026-07-19T23:19:05Z,2026-07-20T01:19:05+0200,028f9a66-b3fa-4fa7-a1aa-7c735a2e67a7,2026-06-26T15:30:00Z,2026-06-26T17:30:00+0200,206.29,MW,FR,FR,actual_offshore_wind_generation,Wind Offshore | Actual Aggregated,2026-07-19T23:19:59Z
2026-07-19T23:19:05Z,2026-07-20T01:19:05+0200,028f9a66-b3fa-4fa7-a1aa-7c735a2e67a7,2026-06-26T15:45:00Z,2026-06-26T17:45:00+0200,223.82,MW,FR,FR,actual_offshore_wind_generation,Wind Offshore | Actual Aggregated,2026-07-19T23:19:59Z
2026-07-19T23:19:05Z,2026-07-20T01:19:05+0200,028f9a66-b3fa-4fa7-a1aa-7c735a2e67a7,2026-06-26T16:00:00Z,2026-06-26T18:00:00+0200,258.66,MW,FR,FR,actual_offshore_wind_generation,Wind Offshore | Actual Aggregated,2026-07-19T23:19:59Z
2026-07-19T23:19:05Z,2026-07-20T01:19:05+0200,028f9a66-b3fa-4fa7-a1aa-7c735a2e67a7,2026-06-26T16:15:00Z,2026-06-26T18:15:00+0200,258.37,MW,FR,FR,actual_offshore_wind_generation,Wind Offshore | Actual Aggregated,2026-07-19T23:19:59Z
2026-07-19T23:19:05Z,2026-07-20T01:19:05+0200,028f9a66-b3fa-4fa7-a1aa-7c735a2e67a7,2026-06-26T16:30:00Z,2026-06-26T18:30:00+0200,264.43,MW,FR,FR,actual_offshore_wind_generation,Wind Offshore | Actual Aggregated,2026-07-19T23:19:59Z
2026-07-19T23:19:05Z,2026-07-20T01:19:05+0200,028f9a66-b3fa-4fa7-a1aa-7c735a2e67a7,2026-06-26T16:45:00Z,2026-06-26T18:45:00+0200,278.85,MW,FR,FR,actual_offshore_wind_generation,Wind Offshore | Actual Aggregated,2026-07-19T23:19:59Z
2026-07-19T23:19:05Z,2026-07-20T01:19:05+0200,028f9a66-b3fa-4fa7-a1aa-7c735a2e67a7,2026-06-26T17:00:00Z,2026-06-26T19:00:00+0200,297.69,MW,FR,FR,actual_offshore_wind_generation,Wind Offshore | Actual Aggregated,2026-07-19T23:19:59Z
2026-07-19T23:19:05Z,2026-07-20T01:19:05+0200,028f9a66-b3fa-4fa7-a1aa-7c735a2e67a7,2026-06-26T17:15:00Z,2026-06-26T19:15:00+0200,304.24,MW,FR,FR,actual_offshore_wind_generation,Wind Offshore | Actual Aggregated,2026-07-19T23:19:59Z
2026-07-19T23:19:05Z,2026-07-20T01:19:05+0200,028f9a66-b3fa-4fa7-a1aa-7c735a2e67a7,2026-06-26T17:30:00Z,2026-06-26T19:30:00+0200,328.77,MW,FR,FR,actual_offshore_wind_generation,Wind Offshore | Actual Aggregated,2026-07-19T23:19:59Z
2026-07-19T23:19:05Z,2026-07-20T01:19:05+0200,028f9a66-b3fa-4fa7-a1aa-7c735a2e67a7,2026-06-26T17:45:00Z,2026-06-26T19:45:00+0200,290.53,MW,FR,FR,actual_offshore_wind_generation,Wind Offshore | Actual Aggregated,2026-07-19T23:19:59Z
2026-07-19T23:19:05Z,2026-07-20T01:19:05+0200,028f9a66-b3fa-4fa7-a1aa-7c735a2e67a7,2026-06-26T18:00:00Z,2026-06-26T20:00:00+0200,241.22,MW,FR,FR,actual_offshore_wind_generation,Wind Offshore | Actual Aggregated,2026-07-19T23:19:59Z
2026-07-19T23:19:05Z,2026-07-20T01:19:05+0200,028f9a66-b3fa-4fa7-a1aa-7c735a2e67a7,2026-06-26T18:15:00Z,2026-06-26T20:15:00+0200,221.57,MW,FR,FR,actual_offshore_wind_generation,Wind Offshore | Actual Aggregated,2026-07-19T23:19:59Z
2026-07-19T23:19:05Z,2026-07-20T01:19:05+0200,028f9a66-b3fa-4fa7-a1aa-7c735a2e67a7,2026-06-26T18:30:00Z,2026-06-26T20:30:00+0200,228.25,MW,FR,FR,actual_offshore_wind_generation,Wind Offshore | Actual Aggregated,2026-07-19T23:19:59Z
2026-07-19T23:19:05Z,2026-07-20T01:19:05+0200,028f9a66-b3fa-4fa7-a1aa-7c735a2e67a7,2026-06-26T18:45:00Z,2026-06-26T20:45:00+0200,292.03,MW,FR,FR,actual_offshore_wind_generation,Wind Offshore | Actual Aggregated,2026-07-19T23:19:59Z
2026-07-19T23:19:05Z,2026-07-20T01:19:05+0200,028f9a66-b3fa-4fa7-a1aa-7c735a2e67a7,2026-06-26T19:00:00Z,2026-06-26T21:00:00+0200,345.75,MW,FR,FR,actual_offshore_wind_generation,Wind Offshore | Actual Aggregated,2026-07-19T23:19:59Z
2026-07-19T23:19:05Z,2026-07-20T01:19:05+0200,028f9a66-b3fa-4fa7-a1aa-7c735a2e67a7,2026-06-26T19:15:00Z,2026-06-26T21:15:00+0200,352.25,MW,FR,FR,actual_offshore_wind_generation,Wind Offshore | Actual Aggregated,2026-07-19T23:19:59Z
2026-07-19T23:19:05Z,2026-07-20T01:19:05+0200,028f9a66-b3fa-4fa7-a1aa-7c735a2e67a7,2026-06-26T19:30:00Z,2026-06-26T21:30:00+0200,366.24,MW,FR,FR,actual_offshore_wind_generation,Wind Offshore | Actual Aggregated,2026-07-19T23:19:59Z
2026-07-19T23:19:05Z,2026-07-20T01:19:05+0200,028f9a66-b3fa-4fa7-a1aa-7c735a2e67a7,2026-06-26T19:45:00Z,2026-06-26T21:45:00+0200,364.16,MW,FR,FR,actual_offshore_wind_generation,Wind Offshore | Actual Aggregated,2026-07-19T23:19:59Z
2026-07-19T23:19:05Z,2026-07-20T01:19:05+0200,028f9a66-b3fa-4fa7-a1aa-7c735a2e67a7,2026-06-26T20:00:00Z,2026-06-26T22:00:00+0200,332.78,MW,FR,FR,actual_offshore_wind_generation,Wind Offshore | Actual Aggregated,2026-07-19T23:19:59Z
2026-07-19T23:19:05Z,2026-07-20T01:19:05+0200,028f9a66-b3fa-4fa7-a1aa-7c735a2e67a7,2026-06-26T20:15:00Z,2026-06-26T22:15:00+0200,362.46,MW,FR,FR,actual_offshore_wind_generation,Wind Offshore | Actual Aggregated,2026-07-19T23:19:59Z
2026-07-19T23:19:05Z,2026-07-20T01:19:05+0200,028f9a66-b3fa-4fa7-a1aa-7c735a2e67a7,2026-06-26T20:30:00Z,2026-06-26T22:30:00+0200,378.42,MW,FR,FR,actual_offshore_wind_generation,Wind Offshore | Actual Aggregated,2026-07-19T23:19:59Z
2026-07-19T23:19:05Z,2026-07-20T01:19:05+0200,028f9a66-b3fa-4fa7-a1aa-7c735a2e67a7,2026-06-26T20:45:00Z,2026-06-26T22:45:00+0200,401.11,MW,FR,FR,actual_offshore_wind_generation,Wind Offshore | Actual Aggregated,2026-07-19T23:19:59Z
2026-07-19T23:19:05Z,2026-07-20T01:19:05+0200,028f9a66-b3fa-4fa7-a1aa-7c735a2e67a7,2026-06-26T21:00:00Z,2026-06-26T23:00:00+0200,425.54,MW,FR,FR,actual_offshore_wind_generation,Wind Offshore | Actual Aggregated,2026-07-19T23:19:59Z
2026-07-19T23:19:05Z,2026-07-20T01:19:05+0200,028f9a66-b3fa-4fa7-a1aa-7c735a2e67a7,2026-06-26T21:15:00Z,2026-06-26T23:15:00+0200,457.32,MW,FR,FR,actual_offshore_wind_generation,Wind Offshore | Actual Aggregated,2026-07-19T23:19:59Z
2026-07-19T23:19:05Z,2026-07-20T01:19:05+0200,028f9a66-b3fa-4fa7-a1aa-7c735a2e67a7,2026-06-26T21:30:00Z,2026-06-26T23:30:00+0200,448.35,MW,FR,FR,actual_offshore_wind_generation,Wind Offshore | Actual Aggregated,2026-07-19T23:19:59Z
2026-07-19T23:19:05Z,2026-07-20T01:19:05+0200,028f9a66-b3fa-4fa7-a1aa-7c735a2e67a7,2026-06-26T21:45:00Z,2026-06-26T23:45:00+0200,445.97,MW,FR,FR,actual_offshore_wind_generation,Wind Offshore | Actual Aggregated,2026-07-19T23:19:59Z
2026-07-19T23:19:05Z,2026-07-20T01:19:05+0200,028f9a66-b3fa-4fa7-a1aa-7c735a2e67a7,2026-06-26T22:00:00Z,2026-06-27T00:00:00+0200,451.42,MW,FR,FR,actual_offshore_wind_generation,Wind Offshore | Actual Aggregated,2026-07-19T23:19:59Z
2026-07-19T23:19:05Z,2026-07-20T01:19:05+0200,028f9a66-b3fa-4fa7-a1aa-7c735a2e67a7,2026-06-26T22:15:00Z,2026-06-27T00:15:00+0200,447.96,MW,FR,FR,actual_offshore_wind_generation,Wind Offshore | Actual Aggregated,2026-07-19T23:19:59Z
2026-07-19T23:19:05Z,2026-07-20T01:19:05+0200,028f9a66-b3fa-4fa7-a1aa-7c735a2e67a7,2026-06-26T22:30:00Z,2026-06-27T00:30:00+0200,466.12,MW,FR,FR,actual_offshore_wind_generation,Wind Offshore | Actual Aggregated,2026-07-19T23:19:59Z
2026-07-19T23:19:05Z,2026-07-20T01:19:05+0200,028f9a66-b3fa-4fa7-a1aa-7c735a2e67a7,2026-06-26T22:45:00Z,2026-06-27T00:45:00+0200,437.13,MW,FR,FR,actual_offshore_wind_generation,Wind Offshore | Actual Aggregated,2026-07-19T23:19:59Z
2026-07-19T23:19:05Z,2026-07-20T01:19:05+0200,028f9a66-b3fa-4fa7-a1aa-7c735a2e67a7,2026-06-26T23:00:00Z,2026-06-27T01:00:00+0200,366.0,MW,FR,FR,actual_offshore_wind_generation,Wind Offshore | Actual Aggregated,2026-07-19T23:19:59Z
2026-07-19T23:19:05Z,2026-07-20T01:19:05+0200,028f9a66-b3fa-4fa7-a1aa-7c735a2e67a7,2026-06-26T23:15:00Z,2026-06-27T01:15:00+0200,334.11,MW,FR,FR,actual_offshore_wind_generation,Wind Offshore | Actual Aggregated,2026-07-19T23:19:59Z
2026-07-19T23:19:05Z,2026-07-20T01:19:05+0200,028f9a66-b3fa-4fa7-a1aa-7c735a2e67a7,2026-06-26T23:30:00Z,2026-06-27T01:30:00+0200,286.12,MW,FR,FR,actual_offshore_wind_generation,Wind Offshore | Actual Aggregated,2026-07-19T23:19:59Z
2026-07-19T23:19:05Z,2026-07-20T01:19:05+0200,028f9a66-b3fa-4fa7-a1aa-7c735a2e67a7,2026-06-26T23:45:00Z,2026-06-27T01:45:00+0200,273.13,MW,FR,FR,actual_offshore_wind_generation,Wind Offshore | Actual Aggregated,2026-07-19T23:19:59Z
2026-07-19T23:19:05Z,2026-07-20T01:19:05+0200,028f9a66-b3fa-4fa7-a1aa-7c735a2e67a7,2026-06-27T00:00:00Z,2026-06-27T02:00:00+0200,254.78,MW,FR,FR,actual_offshore_wind_generation,Wind Offshore | Actual Aggregated,2026-07-19T23:19:59Z
2026-07-19T23:19:05Z,2026-07-20T01:19:05+0200,028f9a66-b3fa-4fa7-a1aa-7c735a2e67a7,2026-06-27T00:15:00Z,2026-06-27T02:15:00+0200,227.76,MW,FR,FR,actual_offshore_wind_generation,Wind Offshore | Actual Aggregated,2026-07-19T23:19:59Z
2026-07-19T23:19:05Z,2026-07-20T01:19:05+0200,028f9a66-b3fa-4fa7-a1aa-7c735a2e67a7,2026-06-27T00:30:00Z,2026-06-27T02:30:00+0200,211.08,MW,FR,FR,actual_offshore_wind_generation,Wind Offshore | Actual Aggregated,2026-07-19T23:19:59Z
2026-07-19T23:19:05Z,2026-07-20T01:19:05+0200,028f9a66-b3fa-4fa7-a1aa-7c735a2e67a7,2026-06-27T00:45:00Z,2026-06-27T02:45:00+0200,167.84,MW,FR,FR,actual_offshore_wind_generation,Wind Offshore | Actual Aggregated,2026-07-19T23:19:59Z
2026-07-19T23:19:05Z,2026-07-20T01:19:05+0200,028f9a66-b3fa-4fa7-a1aa-7c735a2e67a7,2026-06-27T01:00:00Z,2026-06-27T03:00:00+0200,171.51,MW,FR,FR,actual_offshore_wind_generation,Wind Offshore | Actual Aggregated,2026-07-19T23:19:59Z
2026-07-19T23:19:05Z,2026-07-20T01:19:05+0200,028f9a66-b3fa-4fa7-a1aa-7c735a2e67a7,2026-06-27T01:15:00Z,2026-06-27T03:15:00+0200,140.6,MW,FR,FR,actual_offshore_wind_generation,Wind Offshore | Actual Aggregated,2026-07-19T23:19:59Z
2026-07-19T23:19:05Z,2026-07-20T01:19:05+0200,028f9a66-b3fa-4fa7-a1aa-7c735a2e67a7,2026-06-27T01:30:00Z,2026-06-27T03:30:00+0200,174.82,MW,FR,FR,actual_offshore_wind_generation,Wind Offshore | Actual Aggregated,2026-07-19T23:19:59Z
2026-07-19T23:19:05Z,2026-07-20T01:19:05+0200,028f9a66-b3fa-4fa7-a1aa-7c735a2e67a7,2026-06-27T01:45:00Z,2026-06-27T03:45:00+0200,257.79,MW,FR,FR,actual_offshore_wind_generation,Wind Offshore | Actual Aggregated,2026-07-19T23:19:59Z
2026-07-19T23:19:05Z,2026-07-20T01:19:05+0200,028f9a66-b3fa-4fa7-a1aa-7c735a2e67a7,2026-06-27T02:00:00Z,2026-06-27T04:00:00+0200,296.47,MW,FR,FR,actual_offshore_wind_generation,Wind Offshore | Actual Aggregated,2026-07-19T23:19:59Z
2026-07-19T23:19:05Z,2026-07-20T01:19:05+0200,028f9a66-b3fa-4fa7-a1aa-7c735a2e67a7,2026-06-27T02:15:00Z,2026-06-27T04:15:00+0200,333.67,MW,FR,FR,actual_offshore_wind_generation,Wind Offshore | Actual Aggregated,2026-07-19T23:19:59Z
2026-07-19T23:19:05Z,2026-07-20T01:19:05+0200,028f9a66-b3fa-4fa7-a1aa-7c735a2e67a7,2026-06-27T02:30:00Z,2026-06-27T04:30:00+0200,227.45,MW,FR,FR,actual_offshore_wind_generation,Wind Offshore | Actual Aggregated,2026-07-19T23:19:59Z
2026-07-19T23:19:05Z,2026-07-20T01:19:05+0200,028f9a66-b3fa-4fa7-a1aa-7c735a2e67a7,2026-06-27T02:45:00Z,2026-06-27T04:45:00+0200,159.91,MW,FR,FR,actual_offshore_wind_generation,Wind Offshore | Actual Aggregated,2026-07-19T23:19:59Z
2026-07-19T23:19:05Z,2026-07-20T01:19:05+0200,028f9a66-b3fa-4fa7-a1aa-7c735a2e67a7,2026-06-27T03:00:00Z,2026-06-27T05:00:00+0200,131.17,MW,FR,FR,actual_offshore_wind_generation,Wind Offshore | Actual Aggregated,2026-07-19T23:19:59Z
2026-07-19T23:19:05Z,2026-07-20T01:19:05+0200,028f9a66-b3fa-4fa7-a1aa-7c735a2e67a7,2026-06-27T03:15:00Z,2026-06-27T05:15:00+0200,115.6,MW,FR,FR,actual_offshore_wind_generation,Wind Offshore | Actual Aggregated,2026-07-19T23:19:59Z
2026-07-19T23:19:05Z,2026-07-20T01:19:05+0200,028f9a66-b3fa-4fa7-a1aa-7c735a2e67a7,2026-06-27T03:30:00Z,2026-06-27T05:30:00+0200,111.52,MW,FR,FR,actual_offshore_wind_generation,Wind Offshore | Actual Aggregated,2026-07-19T23:19:59Z
2026-07-19T23:19:05Z,2026-07-20T01:19:05+0200,028f9a66-b3fa-4fa7-a1aa-7c735a2e67a7,2026-06-27T03:45:00Z,2026-06-27T05:45:00+0200,73.16,MW,FR,FR,actual_offshore_wind_generation,Wind Offshore | Actual Aggregated,2026-07-19T23:19:59Z
2026-07-19T23:19:05Z,2026-07-20T01:19:05+0200,028f9a66-b3fa-4fa7-a1aa-7c735a2e67a7,2026-06-27T04:00:00Z,2026-06-27T06:00:00+0200,47.12,MW,FR,FR,actual_offshore_wind_generation,Wind Offshore | Actual Aggregated,2026-07-19T23:19:59Z
2026-07-19T23:19:05Z,2026-07-20T01:19:05+0200,028f9a66-b3fa-4fa7-a1aa-7c735a2e67a7,2026-06-27T04:15:00Z,2026-06-27T06:15:00+0200,51.23,MW,FR,FR,actual_offshore_wind_generation,Wind Offshore | Actual Aggregated,2026-07-19T23:19:59Z
2026-07-19T23:19:05Z,2026-07-20T01:19:05+0200,028f9a66-b3fa-4fa7-a1aa-7c735a2e67a7,2026-06-27T04:30:00Z,2026-06-27T06:30:00+0200,74.68,MW,FR,FR,actual_offshore_wind_generation,Wind Offshore | Actual Aggregated,2026-07-19T23:19:59Z
2026-07-19T23:19:05Z,2026-07-20T01:19:05+0200,028f9a66-b3fa-4fa7-a1aa-7c735a2e67a7,2026-06-27T04:45:00Z,2026-06-27T06:45:00+0200,48.91,MW,FR,FR,actual_offshore_wind_generation,Wind Offshore | Actual Aggregated,2026-07-19T23:19:59Z
2026-07-19T23:19:05Z,2026-07-20T01:19:05+0200,028f9a66-b3fa-4fa7-a1aa-7c735a2e67a7,2026-06-27T05:00:00Z,2026-06-27T07:00:00+0200,36.55,MW,FR,FR,actual_offshore_wind_generation,Wind Offshore | Actual Aggregated,2026-07-19T23:19:59Z
2026-07-19T23:19:05Z,2026-07-20T01:19:05+0200,028f9a66-b3fa-4fa7-a1aa-7c735a2e67a7,2026-06-27T05:15:00Z,2026-06-27T07:15:00+0200,29.75,MW,FR,FR,actual_offshore_wind_generation,Wind Offshore | Actual Aggregated,2026-07-19T23:19:59Z
2026-07-19T23:19:05Z,2026-07-20T01:19:05+0200,028f9a66-b3fa-4fa7-a1aa-7c735a2e67a7,2026-06-27T05:30:00Z,2026-06-27T07:30:00+0200,50.62,MW,FR,FR,actual_offshore_wind_generation,Wind Offshore | Actual Aggregated,2026-07-19T23:19:59Z
2026-07-19T23:19:05Z,2026-07-20T01:19:05+0200,028f9a66-b3fa-4fa7-a1aa-7c735a2e67a7,2026-06-27T05:45:00Z,2026-06-27T07:45:00+0200,92.16,MW,FR,FR,actual_offshore_wind_generation,Wind Offshore | Actual Aggregated,2026-07-19T23:19:59Z
2026-07-19T23:19:05Z,2026-07-20T01:19:05+0200,028f9a66-b3fa-4fa7-a1aa-7c735a2e67a7,2026-06-27T06:00:00Z,2026-06-27T08:00:00+0200,141.2,MW,FR,FR,actual_offshore_wind_generation,Wind Offshore | Actual Aggregated,2026-07-19T23:19:59Z
2026-07-19T23:19:05Z,2026-07-20T01:19:05+0200,028f9a66-b3fa-4fa7-a1aa-7c735a2e67a7,2026-06-27T06:15:00Z,2026-06-27T08:15:00+0200,144.78,MW,FR,FR,actual_offshore_wind_generation,Wind Offshore | Actual Aggregated,2026-07-19T23:19:59Z
2026-07-19T23:19:05Z,2026-07-20T01:19:05+0200,028f9a66-b3fa-4fa7-a1aa-7c735a2e67a7,2026-06-27T06:30:00Z,2026-06-27T08:30:00+0200,57.76,MW,FR,FR,actual_offshore_wind_generation,Wind Offshore | Actual Aggregated,2026-07-19T23:19:59Z
2026-07-19T23:19:05Z,2026-07-20T01:19:05+0200,028f9a66-b3fa-4fa7-a1aa-7c735a2e67a7,2026-06-27T06:45:00Z,2026-06-27T08:45:00+0200,24.08,MW,FR,FR,actual_offshore_wind_generation,Wind Offshore | Actual Aggregated,2026-07-19T23:19:59Z
2026-07-19T23:19:05Z,2026-07-20T01:19:05+0200,028f9a66-b3fa-4fa7-a1aa-7c735a2e67a7,2026-06-27T07:00:00Z,2026-06-27T09:00:00+0200,46.59,MW,FR,FR,actual_offshore_wind_generation,Wind Offshore | Actual Aggregated,2026-07-19T23:19:59Z
2026-07-19T23:19:05Z,2026-07-20T01:19:05+0200,028f9a66-b3fa-4fa7-a1aa-7c735a2e67a7,2026-06-27T07:15:00Z,2026-06-27T09:15:00+0200,117.52,MW,FR,FR,actual_offshore_wind_generation,Wind Offshore | Actual Aggregated,2026-07-19T23:19:59Z
2026-07-19T23:19:05Z,2026-07-20T01:19:05+0200,028f9a66-b3fa-4fa7-a1aa-7c735a2e67a7,2026-06-27T07:30:00Z,2026-06-27T09:30:00+0200,146.93,MW,FR,FR,actual_offshore_wind_generation,Wind Offshore | Actual Aggregated,2026-07-19T23:19:59Z
2026-07-19T23:19:05Z,2026-07-20T01:19:05+0200,028f9a66-b3fa-4fa7-a1aa-7c735a2e67a7,2026-06-27T07:45:00Z,2026-06-27T09:45:00+0200,161.43,MW,FR,FR,actual_offshore_wind_generation,Wind Offshore | Actual Aggregated,2026-07-19T23:19:59Z
2026-07-19T23:19:05Z,2026-07-20T01:19:05+0200,028f9a66-b3fa-4fa7-a1aa-7c735a2e67a7,2026-06-27T08:00:00Z,2026-06-27T10:00:00+0200,125.0,MW,FR,FR,actual_offshore_wind_generation,Wind Offshore | Actual Aggregated,2026-07-19T23:19:59Z
2026-07-19T23:19:05Z,2026-07-20T01:19:05+0200,028f9a66-b3fa-4fa7-a1aa-7c735a2e67a7,2026-06-27T08:15:00Z,2026-06-27T10:15:00+0200,93.37,MW,FR,FR,actual_offshore_wind_generation,Wind Offshore | Actual Aggregated,2026-07-19T23:19:59Z
2026-07-19T23:19:05Z,2026-07-20T01:19:05+0200,028f9a66-b3fa-4fa7-a1aa-7c735a2e67a7,2026-06-27T08:30:00Z,2026-06-27T10:30:00+0200,94.78,MW,FR,FR,actual_offshore_wind_generation,Wind Offshore | Actual Aggregated,2026-07-19T23:19:59Z
2026-07-19T23:19:05Z,2026-07-20T01:19:05+0200,028f9a66-b3fa-4fa7-a1aa-7c735a2e67a7,2026-06-27T08:45:00Z,2026-06-27T10:45:00+0200,105.68,MW,FR,FR,actual_offshore_wind_generation,Wind Offshore | Actual Aggregated,2026-07-19T23:19:59Z
2026-07-19T23:19:05Z,2026-07-20T01:19:05+0200,028f9a66-b3fa-4fa7-a1aa-7c735a2e67a7,2026-06-27T09:00:00Z,2026-06-27T11:00:00+0200,121.58,MW,FR,FR,actual_offshore_wind_generation,Wind Offshore | Actual Aggregated,2026-07-19T23:19:59Z
2026-07-19T23:19:05Z,2026-07-20T01:19:05+0200,028f9a66-b3fa-4fa7-a1aa-7c735a2e67a7,2026-06-27T09:15:00Z,2026-06-27T11:15:00+0200,159.01,MW,FR,FR,actual_offshore_wind_generation,Wind Offshore | Actual Aggregated,2026-07-19T23:19:59Z
2026-07-19T23:19:05Z,2026-07-20T01:19:05+0200,028f9a66-b3fa-4fa7-a1aa-7c735a2e67a7,2026-06-27T09:30:00Z,2026-06-27T11:30:00+0200,230.0,MW,FR,FR,actual_offshore_wind_generation,Wind Offshore | Actual Aggregated,2026-07-19T23:19:59Z
2026-07-19T23:19:05Z,2026-07-20T01:19:05+0200,028f9a66-b3fa-4fa7-a1aa-7c735a2e67a7,2026-06-27T09:45:00Z,2026-06-27T11:45:00+0200,205.55,MW,FR,FR,actual_offshore_wind_generation,Wind Offshore | Actual Aggregated,2026-07-19T23:19:59Z
2026-07-19T23:19:05Z,2026-07-20T01:19:05+0200,028f9a66-b3fa-4fa7-a1aa-7c735a2e67a7,2026-06-27T10:00:00Z,2026-06-27T12:00:00+0200,212.24,MW,FR,FR,actual_offshore_wind_generation,Wind Offshore | Actual Aggregated,2026-07-19T23:19:59Z
2026-07-19T23:19:05Z,2026-07-20T01:19:05+0200,028f9a66-b3fa-4fa7-a1aa-7c735a2e67a7,2026-06-27T10:15:00Z,2026-06-27T12:15:00+0200,198.29,MW,FR,FR,actual_offshore_wind_generation,Wind Offshore | Actual Aggregated,2026-07-19T23:19:59Z
2026-07-19T23:19:05Z,2026-07-20T01:19:05+0200,028f9a66-b3fa-4fa7-a1aa-7c735a2e67a7,2026-06-27T10:30:00Z,2026-06-27T12:30:00+0200,213.45,MW,FR,FR,actual_offshore_wind_generation,Wind Offshore | Actual Aggregated,2026-07-19T23:19:59Z
2026-07-19T23:19:05Z,2026-07-20T01:19:05+0200,028f9a66-b3fa-4fa7-a1aa-7c735a2e67a7,2026-06-27T10:45:00Z,2026-06-27T12:45:00+0200,232.6,MW,FR,FR,actual_offshore_wind_generation,Wind Offshore | Actual Aggregated,2026-07-19T23:19:59Z
2026-07-19T23:19:05Z,2026-07-20T01:19:05+0200,028f9a66-b3fa-4fa7-a1aa-7c735a2e67a7,2026-06-27T11:00:00Z,2026-06-27T13:00:00+0200,250.13,MW,FR,FR,actual_offshore_wind_generation,Wind Offshore | Actual Aggregated,2026-07-19T23:19:59Z
2026-07-19T23:19:05Z,2026-07-20T01:19:05+0200,028f9a66-b3fa-4fa7-a1aa-7c735a2e67a7,2026-06-27T11:15:00Z,2026-06-27T13:15:00+0200,295.02,MW,FR,FR,actual_offshore_wind_generation,Wind Offshore | Actual Aggregated,2026-07-19T23:19:59Z
2026-07-19T23:19:05Z,2026-07-20T01:19:05+0200,028f9a66-b3fa-4fa7-a1aa-7c735a2e67a7,2026-06-27T11:30:00Z,2026-06-27T13:30:00+0200,304.36,MW,FR,FR,actual_offshore_wind_generation,Wind Offshore | Actual Aggregated,2026-07-19T23:19:59Z
2026-07-19T23:19:05Z,2026-07-20T01:19:05+0200,028f9a66-b3fa-4fa7-a1aa-7c735a2e67a7,2026-06-27T11:45:00Z,2026-06-27T13:45:00+0200,277.32,MW,FR,FR,actual_offshore_wind_generation,Wind Offshore | Actual Aggregated,2026-07-19T23:19:59Z
2026-07-19T23:19:05Z,2026-07-20T01:19:05+0200,028f9a66-b3fa-4fa7-a1aa-7c735a2e67a7,2026-06-27T12:00:00Z,2026-06-27T14:00:00+0200,248.68,MW,FR,FR,actual_offshore_wind_generation,Wind Offshore | Actual Aggregated,2026-07-19T23:19:59Z
2026-07-19T23:19:05Z,2026-07-20T01:19:05+0200,028f9a66-b3fa-4fa7-a1aa-7c735a2e67a7,2026-06-27T12:15:00Z,2026-06-27T14:15:00+0200,233.11,MW,FR,FR,actual_offshore_wind_generation,Wind Offshore | Actual Aggregated,2026-07-19T23:19:59Z
2026-07-19T23:19:05Z,2026-07-20T01:19:05+0200,028f9a66-b3fa-4fa7-a1aa-7c735a2e67a7,2026-06-27T12:30:00Z,2026-06-27T14:30:00+0200,220.66,MW,FR,FR,actual_offshore_wind_generation,Wind Offshore | Actual Aggregated,2026-07-19T23:19:59Z
2026-07-19T23:19:05Z,2026-07-20T01:19:05+0200,028f9a66-b3fa-4fa7-a1aa-7c735a2e67a7,2026-06-27T12:45:00Z,2026-06-27T14:45:00+0200,201.94,MW,FR,FR,actual_offshore_wind_generation,Wind Offshore | Actual Aggregated,2026-07-19T23:19:59Z
2026-07-19T23:19:05Z,2026-07-20T01:19:05+0200,028f9a66-b3fa-4fa7-a1aa-7c735a2e67a7,2026-06-27T13:00:00Z,2026-06-27T15:00:00+0200,203.33,MW,FR,FR,actual_offshore_wind_generation,Wind Offshore | Actual Aggregated,2026-07-19T23:19:59Z
2026-07-19T23:19:05Z,2026-07-20T01:19:05+0200,028f9a66-b3fa-4fa7-a1aa-7c735a2e67a7,2026-06-27T13:15:00Z,2026-06-27T15:15:00+0200,196.63,MW,FR,FR,actual_offshore_wind_generation,Wind Offshore | Actual Aggregated,2026-07-19T23:19:59Z
2026-07-19T23:19:05Z,2026-07-20T01:19:05+0200,028f9a66-b3fa-4fa7-a1aa-7c735a2e67a7,2026-06-27T13:30:00Z,2026-06-27T15:30:00+0200,193.49,MW,FR,FR,actual_offshore_wind_generation,Wind Offshore | Actual Aggregated,2026-07-19T23:19:59Z
2026-07-19T23:19:05Z,2026-07-20T01:19:05+0200,028f9a66-b3fa-4fa7-a1aa-7c735a2e67a7,2026-06-27T13:45:00Z,2026-06-27T15:45:00+0200,174.14,MW,FR,FR,actual_offshore_wind_generation,Wind Offshore | Actual Aggregated,2026-07-19T23:19:59Z
2026-07-19T23:19:05Z,2026-07-20T01:19:05+0200,028f9a66-b3fa-4fa7-a1aa-7c735a2e67a7,2026-06-27T14:00:00Z,2026-06-27T16:00:00+0200,157.36,MW,FR,FR,actual_offshore_wind_generation,Wind Offshore | Actual Aggregated,2026-07-19T23:19:59Z
2026-07-19T23:19:05Z,2026-07-20T01:19:05+0200,028f9a66-b3fa-4fa7-a1aa-7c735a2e67a7,2026-06-27T14:15:00Z,2026-06-27T16:15:00+0200,178.7,MW,FR,FR,actual_offshore_wind_generation,Wind Offshore | Actual Aggregated,2026-07-19T23:19:59Z
2026-07-19T23:19:05Z,2026-07-20T01:19:05+0200,028f9a66-b3fa-4fa7-a1aa-7c735a2e67a7,2026-06-27T14:30:00Z,2026-06-27T16:30:00+0200,201.72,MW,FR,FR,actual_offshore_wind_generation,Wind Offshore | Actual Aggregated,2026-07-19T23:19:59Z
2026-07-19T23:19:05Z,2026-07-20T01:19:05+0200,028f9a66-b3fa-4fa7-a1aa-7c735a2e67a7,2026-06-27T14:45:00Z,2026-06-27T16:45:00+0200,215.41,MW,FR,FR,actual_offshore_wind_generation,Wind Offshore | Actual Aggregated,2026-07-19T23:19:59Z
2026-07-19T23:19:05Z,2026-07-20T01:19:05+0200,028f9a66-b3fa-4fa7-a1aa-7c735a2e67a7,2026-06-27T15:00:00Z,2026-06-27T17:00:00+0200,210.5,MW,FR,FR,actual_offshore_wind_generation,Wind Offshore | Actual Aggregated,2026-07-19T23:19:59Z
2026-07-19T23:19:05Z,2026-07-20T01:19:05+0200,028f9a66-b3fa-4fa7-a1aa-7c735a2e67a7,2026-06-27T15:15:00Z,2026-06-27T17:15:00+0200,228.51,MW,FR,FR,actual_offshore_wind_generation,Wind Offshore | Actual Aggregated,2026-07-19T23:19:59Z
2026-07-19T23:19:05Z,2026-07-20T01:19:05+0200,028f9a66-b3fa-4fa7-a1aa-7c735a2e67a7,2026-06-27T15:30:00Z,2026-06-27T17:30:00+0200,239.11,MW,FR,FR,actual_offshore_wind_generation,Wind Offshore | Actual Aggregated,2026-07-19T23:19:59Z
2026-07-19T23:19:05Z,2026-07-20T01:19:05+0200,028f9a66-b3fa-4fa7-a1aa-7c735a2e67a7,2026-06-27T15:45:00Z,2026-06-27T17:45:00+0200,223.53,MW,FR,FR,actual_offshore_wind_generation,Wind Offshore | Actual Aggregated,2026-07-19T23:19:59Z
2026-07-19T23:19:05Z,2026-07-20T01:19:05+0200,028f9a66-b3fa-4fa7-a1aa-7c735a2e67a7,2026-06-27T16:00:00Z,2026-06-27T18:00:00+0200,202.5,MW,FR,FR,actual_offshore_wind_generation,Wind Offshore | Actual Aggregated,2026-07-19T23:19:59Z
2026-07-19T23:19:05Z,2026-07-20T01:19:05+0200,028f9a66-b3fa-4fa7-a1aa-7c735a2e67a7,2026-06-27T16:15:00Z,2026-06-27T18:15:00+0200,193.44,MW,FR,FR,actual_offshore_wind_generation,Wind Offshore | Actual Aggregated,2026-07-19T23:19:59Z
2026-07-19T23:19:05Z,2026-07-20T01:19:05+0200,028f9a66-b3fa-4fa7-a1aa-7c735a2e67a7,2026-06-27T16:30:00Z,2026-06-27T18:30:00+0200,197.37,MW,FR,FR,actual_offshore_wind_generation,Wind Offshore | Actual Aggregated,2026-07-19T23:19:59Z
2026-07-19T23:19:05Z,2026-07-20T01:19:05+0200,028f9a66-b3fa-4fa7-a1aa-7c735a2e67a7,2026-06-27T16:45:00Z,2026-06-27T18:45:00+0200,208.25,MW,FR,FR,actual_offshore_wind_generation,Wind Offshore | Actual Aggregated,2026-07-19T23:19:59Z
2026-07-19T23:19:05Z,2026-07-20T01:19:05+0200,028f9a66-b3fa-4fa7-a1aa-7c735a2e67a7,2026-06-27T17:00:00Z,2026-06-27T19:00:00+0200,230.52,MW,FR,FR,actual_offshore_wind_generation,Wind Offshore | Actual Aggregated,2026-07-19T23:19:59Z
2026-07-19T23:19:05Z,2026-07-20T01:19:05+0200,028f9a66-b3fa-4fa7-a1aa-7c735a2e67a7,2026-06-27T17:15:00Z,2026-06-27T19:15:00+0200,284.66,MW,FR,FR,actual_offshore_wind_generation,Wind Offshore | Actual Aggregated,2026-07-19T23:19:59Z
2026-07-19T23:19:05Z,2026-07-20T01:19:05+0200,028f9a66-b3fa-4fa7-a1aa-7c735a2e67a7,2026-06-27T17:30:00Z,2026-06-27T19:30:00+0200,352.36,MW,FR,FR,actual_offshore_wind_generation,Wind Offshore | Actual Aggregated,2026-07-19T23:19:59Z
2026-07-19T23:19:05Z,2026-07-20T01:19:05+0200,028f9a66-b3fa-4fa7-a1aa-7c735a2e67a7,2026-06-27T17:45:00Z,2026-06-27T19:45:00+0200,411.59,MW,FR,FR,actual_offshore_wind_generation,Wind Offshore | Actual Aggregated,2026-07-19T23:19:59Z
2026-07-19T23:19:05Z,2026-07-20T01:19:05+0200,028f9a66-b3fa-4fa7-a1aa-7c735a2e67a7,2026-06-27T18:00:00Z,2026-06-27T20:00:00+0200,523.79,MW,FR,FR,actual_offshore_wind_generation,Wind Offshore | Actual Aggregated,2026-07-19T23:19:59Z
2026-07-19T23:19:05Z,2026-07-20T01:19:05+0200,028f9a66-b3fa-4fa7-a1aa-7c735a2e67a7,2026-06-27T18:15:00Z,2026-06-27T20:15:00+0200,586.29,MW,FR,FR,actual_offshore_wind_generation,Wind Offshore | Actual Aggregated,2026-07-19T23:19:59Z
2026-07-19T23:19:05Z,2026-07-20T01:19:05+0200,028f9a66-b3fa-4fa7-a1aa-7c735a2e67a7,2026-06-27T18:30:00Z,2026-06-27T20:30:00+0200,518.86,MW,FR,FR,actual_offshore_wind_generation,Wind Offshore | Actual Aggregated,2026-07-19T23:19:59Z
2026-07-19T23:19:05Z,2026-07-20T01:19:05+0200,028f9a66-b3fa-4fa7-a1aa-7c735a2e67a7,2026-06-27T18:45:00Z,2026-06-27T20:45:00+0200,417.92,MW,FR,FR,actual_offshore_wind_generation,Wind Offshore | Actual Aggregated,2026-07-19T23:19:59Z
2026-07-19T23:19:05Z,2026-07-20T01:19:05+0200,028f9a66-b3fa-4fa7-a1aa-7c735a2e67a7,2026-06-27T19:00:00Z,2026-06-27T21:00:00+0200,345.94,MW,FR,FR,actual_offshore_wind_generation,Wind Offshore | Actual Aggregated,2026-07-19T23:19:59Z
2026-07-19T23:19:05Z,2026-07-20T01:19:05+0200,028f9a66-b3fa-4fa7-a1aa-7c735a2e67a7,2026-06-27T19:15:00Z,2026-06-27T21:15:00+0200,287.52,MW,FR,FR,actual_offshore_wind_generation,Wind Offshore | Actual Aggregated,2026-07-19T23:19:59Z
2026-07-19T23:19:05Z,2026-07-20T01:19:05+0200,028f9a66-b3fa-4fa7-a1aa-7c735a2e67a7,2026-06-27T19:30:00Z,2026-06-27T21:30:00+0200,276.06,MW,FR,FR,actual_offshore_wind_generation,Wind Offshore | Actual Aggregated,2026-07-19T23:19:59Z
2026-07-19T23:19:05Z,2026-07-20T01:19:05+0200,028f9a66-b3fa-4fa7-a1aa-7c735a2e67a7,2026-06-27T19:45:00Z,2026-06-27T21:45:00+0200,300.61,MW,FR,FR,actual_offshore_wind_generation,Wind Offshore | Actual Aggregated,2026-07-19T23:19:59Z
2026-07-19T23:19:05Z,2026-07-20T01:19:05+0200,028f9a66-b3fa-4fa7-a1aa-7c735a2e67a7,2026-06-27T20:00:00Z,2026-06-27T22:00:00+0200,325.47,MW,FR,FR,actual_offshore_wind_generation,Wind Offshore | Actual Aggregated,2026-07-19T23:19:59Z
2026-07-19T23:19:05Z,2026-07-20T01:19:05+0200,028f9a66-b3fa-4fa7-a1aa-7c735a2e67a7,2026-06-27T20:15:00Z,2026-06-27T22:15:00+0200,368.15,MW,FR,FR,actual_offshore_wind_generation,Wind Offshore | Actual Aggregated,2026-07-19T23:19:59Z
2026-07-19T23:19:05Z,2026-07-20T01:19:05+0200,028f9a66-b3fa-4fa7-a1aa-7c735a2e67a7,2026-06-27T20:30:00Z,2026-06-27T22:30:00+0200,335.53,MW,FR,FR,actual_offshore_wind_generation,Wind Offshore | Actual Aggregated,2026-07-19T23:19:59Z
2026-07-19T23:19:05Z,2026-07-20T01:19:05+0200,028f9a66-b3fa-4fa7-a1aa-7c735a2e67a7,2026-06-27T20:45:00Z,2026-06-27T22:45:00+0200,273.02,MW,FR,FR,actual_offshore_wind_generation,Wind Offshore | Actual Aggregated,2026-07-19T23:19:59Z
2026-07-19T23:19:05Z,2026-07-20T01:19:05+0200,028f9a66-b3fa-4fa7-a1aa-7c735a2e67a7,2026-06-27T21:00:00Z,2026-06-27T23:00:00+0200,203.7,MW,FR,FR,actual_offshore_wind_generation,Wind Offshore | Actual Aggregated,2026-07-19T23:19:59Z
2026-07-19T23:19:05Z,2026-07-20T01:19:05+0200,028f9a66-b3fa-4fa7-a1aa-7c735a2e67a7,2026-06-27T21:15:00Z,2026-06-27T23:15:00+0200,169.44,MW,FR,FR,actual_offshore_wind_generation,Wind Offshore | Actual Aggregated,2026-07-19T23:19:59Z
2026-07-19T23:19:05Z,2026-07-20T01:19:05+0200,028f9a66-b3fa-4fa7-a1aa-7c735a2e67a7,2026-06-27T21:30:00Z,2026-06-27T23:30:00+0200,182.71,MW,FR,FR,actual_offshore_wind_generation,Wind Offshore | Actual Aggregated,2026-07-19T23:19:59Z
2026-07-19T23:19:05Z,2026-07-20T01:19:05+0200,028f9a66-b3fa-4fa7-a1aa-7c735a2e67a7,2026-06-27T21:45:00Z,2026-06-27T23:45:00+0200,214.35,MW,FR,FR,actual_offshore_wind_generation,Wind Offshore | Actual Aggregated,2026-07-19T23:19:59Z
2026-07-19T23:19:05Z,2026-07-20T01:19:05+0200,028f9a66-b3fa-4fa7-a1aa-7c735a2e67a7,2026-06-27T22:00:00Z,2026-06-28T00:00:00+0200,207.42,MW,FR,FR,actual_offshore_wind_generation,Wind Offshore | Actual Aggregated,2026-07-19T23:19:59Z
2026-07-19T23:19:05Z,2026-07-20T01:19:05+0200,028f9a66-b3fa-4fa7-a1aa-7c735a2e67a7,2026-06-27T22:15:00Z,2026-06-28T00:15:00+0200,136.81,MW,FR,FR,actual_offshore_wind_generation,Wind Offshore | Actual Aggregated,2026-07-19T23:19:59Z
2026-07-19T23:19:05Z,2026-07-20T01:19:05+0200,028f9a66-b3fa-4fa7-a1aa-7c735a2e67a7,2026-06-27T22:30:00Z,2026-06-28T00:30:00+0200,140.22,MW,FR,FR,actual_offshore_wind_generation,Wind Offshore | Actual Aggregated,2026-07-19T23:19:59Z
2026-07-19T23:19:05Z,2026-07-20T01:19:05+0200,028f9a66-b3fa-4fa7-a1aa-7c735a2e67a7,2026-06-27T22:45:00Z,2026-06-28T00:45:00+0200,97.89,MW,FR,FR,actual_offshore_wind_generation,Wind Offshore | Actual Aggregated,2026-07-19T23:19:59Z
2026-07-19T23:19:05Z,2026-07-20T01:19:05+0200,028f9a66-b3fa-4fa7-a1aa-7c735a2e67a7,2026-06-27T23:00:00Z,2026-06-28T01:00:00+0200,93.96,MW,FR,FR,actual_offshore_wind_generation,Wind Offshore | Actual Aggregated,2026-07-19T23:19:59Z
2026-07-19T23:19:05Z,2026-07-20T01:19:05+0200,028f9a66-b3fa-4fa7-a1aa-7c735a2e67a7,2026-06-27T23:15:00Z,2026-06-28T01:15:00+0200,146.62,MW,FR,FR,actual_offshore_wind_generation,Wind Offshore | Actual Aggregated,2026-07-19T23:19:59Z
2026-07-19T23:19:05Z,2026-07-20T01:19:05+0200,028f9a66-b3fa-4fa7-a1aa-7c735a2e67a7,2026-06-27T23:30:00Z,2026-06-28T01:30:00+0200,213.49,MW,FR,FR,actual_offshore_wind_generation,Wind Offshore | Actual Aggregated,2026-07-19T23:19:59Z
2026-07-19T23:19:05Z,2026-07-20T01:19:05+0200,028f9a66-b3fa-4fa7-a1aa-7c735a2e67a7,2026-06-27T23:45:00Z,2026-06-28T01:45:00+0200,294.64,MW,FR,FR,actual_offshore_wind_generation,Wind Offshore | Actual Aggregated,2026-07-19T23:19:59Z
2026-07-19T23:19:05Z,2026-07-20T01:19:05+0200,028f9a66-b3fa-4fa7-a1aa-7c735a2e67a7,2026-06-28T00:00:00Z,2026-06-28T02:00:00+0200,351.37,MW,FR,FR,actual_offshore_wind_generation,Wind Offshore | Actual Aggregated,2026-07-19T23:19:59Z
2026-07-19T23:19:05Z,2026-07-20T01:19:05+0200,028f9a66-b3fa-4fa7-a1aa-7c735a2e67a7,2026-06-28T00:15:00Z,2026-06-28T02:15:00+0200,311.98,MW,FR,FR,actual_offshore_wind_generation,Wind Offshore | Actual Aggregated,2026-07-19T23:19:59Z
2026-07-19T23:19:05Z,2026-07-20T01:19:05+0200,028f9a66-b3fa-4fa7-a1aa-7c735a2e67a7,2026-06-28T00:30:00Z,2026-06-28T02:30:00+0200,245.73,MW,FR,FR,actual_offshore_wind_generation,Wind Offshore | Actual Aggregated,2026-07-19T23:19:59Z
2026-07-19T23:19:05Z,2026-07-20T01:19:05+0200,028f9a66-b3fa-4fa7-a1aa-7c735a2e67a7,2026-06-28T00:45:00Z,2026-06-28T02:45:00+0200,239.06,MW,FR,FR,actual_offshore_wind_generation,Wind Offshore | Actual Aggregated,2026-07-19T23:19:59Z
2026-07-19T23:19:05Z,2026-07-20T01:19:05+0200,028f9a66-b3fa-4fa7-a1aa-7c735a2e67a7,2026-06-28T01:00:00Z,2026-06-28T03:00:00+0200,242.01,MW,FR,FR,actual_offshore_wind_generation,Wind Offshore | Actual Aggregated,2026-07-19T23:19:59Z
2026-07-19T23:19:05Z,2026-07-20T01:19:05+0200,028f9a66-b3fa-4fa7-a1aa-7c735a2e67a7,2026-06-28T01:15:00Z,2026-06-28T03:15:00+0200,287.08,MW,FR,FR,actual_offshore_wind_generation,Wind Offshore | Actual Aggregated,2026-07-19T23:19:59Z
2026-07-19T23:19:05Z,2026-07-20T01:19:05+0200,028f9a66-b3fa-4fa7-a1aa-7c735a2e67a7,2026-06-28T01:30:00Z,2026-06-28T03:30:00+0200,343.49,MW,FR,FR,actual_offshore_wind_generation,Wind Offshore | Actual Aggregated,2026-07-19T23:19:59Z
2026-07-19T23:19:05Z,2026-07-20T01:19:05+0200,028f9a66-b3fa-4fa7-a1aa-7c735a2e67a7,2026-06-28T01:45:00Z,2026-06-28T03:45:00+0200,427.11,MW,FR,FR,actual_offshore_wind_generation,Wind Offshore | Actual Aggregated,2026-07-19T23:19:59Z
2026-07-19T23:19:05Z,2026-07-20T01:19:05+0200,028f9a66-b3fa-4fa7-a1aa-7c735a2e67a7,2026-06-28T02:00:00Z,2026-06-28T04:00:00+0200,465.1,MW,FR,FR,actual_offshore_wind_generation,Wind Offshore | Actual Aggregated,2026-07-19T23:19:59Z
2026-07-19T23:19:05Z,2026-07-20T01:19:05+0200,028f9a66-b3fa-4fa7-a1aa-7c735a2e67a7,2026-06-28T02:15:00Z,2026-06-28T04:15:00+0200,500.62,MW,FR,FR,actual_offshore_wind_generation,Wind Offshore | Actual Aggregated,2026-07-19T23:19:59Z
2026-07-19T23:19:05Z,2026-07-20T01:19:05+0200,028f9a66-b3fa-4fa7-a1aa-7c735a2e67a7,2026-06-28T02:30:00Z,2026-06-28T04:30:00+0200,527.34,MW,FR,FR,actual_offshore_wind_generation,Wind Offshore | Actual Aggregated,2026-07-19T23:19:59Z
2026-07-19T23:19:05Z,2026-07-20T01:19:05+0200,028f9a66-b3fa-4fa7-a1aa-7c735a2e67a7,2026-06-28T02:45:00Z,2026-06-28T04:45:00+0200,466.94,MW,FR,FR,actual_offshore_wind_generation,Wind Offshore | Actual Aggregated,2026-07-19T23:19:59Z
2026-07-19T23:19:05Z,2026-07-20T01:19:05+0200,028f9a66-b3fa-4fa7-a1aa-7c735a2e67a7,2026-06-28T03:00:00Z,2026-06-28T05:00:00+0200,459.33,MW,FR,FR,actual_offshore_wind_generation,Wind Offshore | Actual Aggregated,2026-07-19T23:19:59Z
2026-07-19T23:19:05Z,2026-07-20T01:19:05+0200,028f9a66-b3fa-4fa7-a1aa-7c735a2e67a7,2026-06-28T03:15:00Z,2026-06-28T05:15:00+0200,447.71,MW,FR,FR,actual_offshore_wind_generation,Wind Offshore | Actual Aggregated,2026-07-19T23:19:59Z
2026-07-19T23:19:05Z,2026-07-20T01:19:05+0200,028f9a66-b3fa-4fa7-a1aa-7c735a2e67a7,2026-06-28T03:30:00Z,2026-06-28T05:30:00+0200,413.75,MW,FR,FR,actual_offshore_wind_generation,Wind Offshore | Actual Aggregated,2026-07-19T23:19:59Z
2026-07-19T23:19:05Z,2026-07-20T01:19:05+0200,028f9a66-b3fa-4fa7-a1aa-7c735a2e67a7,2026-06-28T03:45:00Z,2026-06-28T05:45:00+0200,347.04,MW,FR,FR,actual_offshore_wind_generation,Wind Offshore | Actual Aggregated,2026-07-19T23:19:59Z
2026-07-19T23:19:05Z,2026-07-20T01:19:05+0200,028f9a66-b3fa-4fa7-a1aa-7c735a2e67a7,2026-06-28T04:00:00Z,2026-06-28T06:00:00+0200,317.84,MW,FR,FR,actual_offshore_wind_generation,Wind Offshore | Actual Aggregated,2026-07-19T23:19:59Z
2026-07-19T23:19:05Z,2026-07-20T01:19:05+0200,028f9a66-b3fa-4fa7-a1aa-7c735a2e67a7,2026-06-28T04:15:00Z,2026-06-28T06:15:00+0200,319.03,MW,FR,FR,actual_offshore_wind_generation,Wind Offshore | Actual Aggregated,2026-07-19T23:19:59Z
2026-07-19T23:19:05Z,2026-07-20T01:19:05+0200,028f9a66-b3fa-4fa7-a1aa-7c735a2e67a7,2026-06-28T04:30:00Z,2026-06-28T06:30:00+0200,338.39,MW,FR,FR,actual_offshore_wind_generation,Wind Offshore | Actual Aggregated,2026-07-19T23:19:59Z
2026-07-19T23:19:05Z,2026-07-20T01:19:05+0200,028f9a66-b3fa-4fa7-a1aa-7c735a2e67a7,2026-06-28T04:45:00Z,2026-06-28T06:45:00+0200,306.51,MW,FR,FR,actual_offshore_wind_generation,Wind Offshore | Actual Aggregated,2026-07-19T23:19:59Z
2026-07-19T23:19:05Z,2026-07-20T01:19:05+0200,028f9a66-b3fa-4fa7-a1aa-7c735a2e67a7,2026-06-28T05:00:00Z,2026-06-28T07:00:00+0200,254.91,MW,FR,FR,actual_offshore_wind_generation,Wind Offshore | Actual Aggregated,2026-07-19T23:19:59Z
2026-07-19T23:19:05Z,2026-07-20T01:19:05+0200,028f9a66-b3fa-4fa7-a1aa-7c735a2e67a7,2026-06-28T05:15:00Z,2026-06-28T07:15:00+0200,228.28,MW,FR,FR,actual_offshore_wind_generation,Wind Offshore | Actual Aggregated,2026-07-19T23:19:59Z
2026-07-19T23:19:05Z,2026-07-20T01:19:05+0200,028f9a66-b3fa-4fa7-a1aa-7c735a2e67a7,2026-06-28T05:30:00Z,2026-06-28T07:30:00+0200,199.05,MW,FR,FR,actual_offshore_wind_generation,Wind Offshore | Actual Aggregated,2026-07-19T23:19:59Z
2026-07-19T23:19:05Z,2026-07-20T01:19:05+0200,028f9a66-b3fa-4fa7-a1aa-7c735a2e67a7,2026-06-28T05:45:00Z,2026-06-28T07:45:00+0200,194.42,MW,FR,FR,actual_offshore_wind_generation,Wind Offshore | Actual Aggregated,2026-07-19T23:19:59Z
2026-07-19T23:19:05Z,2026-07-20T01:19:05+0200,028f9a66-b3fa-4fa7-a1aa-7c735a2e67a7,2026-06-28T06:00:00Z,2026-06-28T08:00:00+0200,192.11,MW,FR,FR,actual_offshore_wind_generation,Wind Offshore | Actual Aggregated,2026-07-19T23:19:59Z
2026-07-19T23:19:05Z,2026-07-20T01:19:05+0200,028f9a66-b3fa-4fa7-a1aa-7c735a2e67a7,2026-06-28T06:15:00Z,2026-06-28T08:15:00+0200,213.59,MW,FR,FR,actual_offshore_wind_generation,Wind Offshore | Actual Aggregated,2026-07-19T23:19:59Z
2026-07-19T23:19:05Z,2026-07-20T01:19:05+0200,028f9a66-b3fa-4fa7-a1aa-7c735a2e67a7,2026-06-28T06:30:00Z,2026-06-28T08:30:00+0200,267.38,MW,FR,FR,actual_offshore_wind_generation,Wind Offshore | Actual Aggregated,2026-07-19T23:19:59Z
2026-07-19T23:19:05Z,2026-07-20T01:19:05+0200,028f9a66-b3fa-4fa7-a1aa-7c735a2e67a7,2026-06-28T06:45:00Z,2026-06-28T08:45:00+0200,234.33,MW,FR,FR,actual_offshore_wind_generation,Wind Offshore | Actual Aggregated,2026-07-19T23:19:59Z
2026-07-19T23:19:05Z,2026-07-20T01:19:05+0200,028f9a66-b3fa-4fa7-a1aa-7c735a2e67a7,2026-06-28T07:00:00Z,2026-06-28T09:00:00+0200,212.58,MW,FR,FR,actual_offshore_wind_generation,Wind Offshore | Actual Aggregated,2026-07-19T23:19:59Z
2026-07-19T23:19:05Z,2026-07-20T01:19:05+0200,028f9a66-b3fa-4fa7-a1aa-7c735a2e67a7,2026-06-28T07:15:00Z,2026-06-28T09:15:00+0200,177.17,MW,FR,FR,actual_offshore_wind_generation,Wind Offshore | Actual Aggregated,2026-07-19T23:19:59Z
2026-07-19T23:19:05Z,2026-07-20T01:19:05+0200,028f9a66-b3fa-4fa7-a1aa-7c735a2e67a7,2026-06-28T07:30:00Z,2026-06-28T09:30:00+0200,172.93,MW,FR,FR,actual_offshore_wind_generation,Wind Offshore | Actual Aggregated,2026-07-19T23:19:59Z
2026-07-19T23:19:05Z,2026-07-20T01:19:05+0200,028f9a66-b3fa-4fa7-a1aa-7c735a2e67a7,2026-06-28T07:45:00Z,2026-06-28T09:45:00+0200,163.94,MW,FR,FR,actual_offshore_wind_generation,Wind Offshore | Actual Aggregated,2026-07-19T23:19:59Z
2026-07-19T23:19:05Z,2026-07-20T01:19:05+0200,028f9a66-b3fa-4fa7-a1aa-7c735a2e67a7,2026-06-28T08:00:00Z,2026-06-28T10:00:00+0200,129.47,MW,FR,FR,actual_offshore_wind_generation,Wind Offshore | Actual Aggregated,2026-07-19T23:19:59Z
2026-07-19T23:19:05Z,2026-07-20T01:19:05+0200,028f9a66-b3fa-4fa7-a1aa-7c735a2e67a7,2026-06-28T08:15:00Z,2026-06-28T10:15:00+0200,102.47,MW,FR,FR,actual_offshore_wind_generation,Wind Offshore | Actual Aggregated,2026-07-19T23:19:59Z
2026-07-19T23:19:05Z,2026-07-20T01:19:05+0200,028f9a66-b3fa-4fa7-a1aa-7c735a2e67a7,2026-06-28T08:30:00Z,2026-06-28T10:30:00+0200,98.98,MW,FR,FR,actual_offshore_wind_generation,Wind Offshore | Actual Aggregated,2026-07-19T23:19:59Z
2026-07-19T23:19:05Z,2026-07-20T01:19:05+0200,028f9a66-b3fa-4fa7-a1aa-7c735a2e67a7,2026-06-28T08:45:00Z,2026-06-28T10:45:00+0200,98.43,MW,FR,FR,actual_offshore_wind_generation,Wind Offshore | Actual Aggregated,2026-07-19T23:19:59Z
2026-07-19T23:19:05Z,2026-07-20T01:19:05+0200,028f9a66-b3fa-4fa7-a1aa-7c735a2e67a7,2026-06-28T09:00:00Z,2026-06-28T11:00:00+0200,68.38,MW,FR,FR,actual_offshore_wind_generation,Wind Offshore | Actual Aggregated,2026-07-19T23:19:59Z
2026-07-19T23:19:05Z,2026-07-20T01:19:05+0200,028f9a66-b3fa-4fa7-a1aa-7c735a2e67a7,2026-06-28T09:15:00Z,2026-06-28T11:15:00+0200,45.55,MW,FR,FR,actual_offshore_wind_generation,Wind Offshore | Actual Aggregated,2026-07-19T23:19:59Z
2026-07-19T23:19:05Z,2026-07-20T01:19:05+0200,028f9a66-b3fa-4fa7-a1aa-7c735a2e67a7,2026-06-28T09:30:00Z,2026-06-28T11:30:00+0200,32.17,MW,FR,FR,actual_offshore_wind_generation,Wind Offshore | Actual Aggregated,2026-07-19T23:19:59Z
2026-07-19T23:19:05Z,2026-07-20T01:19:05+0200,028f9a66-b3fa-4fa7-a1aa-7c735a2e67a7,2026-06-28T09:45:00Z,2026-06-28T11:45:00+0200,33.89,MW,FR,FR,actual_offshore_wind_generation,Wind Offshore | Actual Aggregated,2026-07-19T23:19:59Z
2026-07-19T23:19:05Z,2026-07-20T01:19:05+0200,028f9a66-b3fa-4fa7-a1aa-7c735a2e67a7,2026-06-28T10:00:00Z,2026-06-28T12:00:00+0200,52.79,MW,FR,FR,actual_offshore_wind_generation,Wind Offshore | Actual Aggregated,2026-07-19T23:19:59Z
2026-07-19T23:19:05Z,2026-07-20T01:19:05+0200,028f9a66-b3fa-4fa7-a1aa-7c735a2e67a7,2026-06-28T10:15:00Z,2026-06-28T12:15:00+0200,61.9,MW,FR,FR,actual_offshore_wind_generation,Wind Offshore | Actual Aggregated,2026-07-19T23:19:59Z
2026-07-19T23:19:05Z,2026-07-20T01:19:05+0200,028f9a66-b3fa-4fa7-a1aa-7c735a2e67a7,2026-06-28T10:30:00Z,2026-06-28T12:30:00+0200,128.76,MW,FR,FR,actual_offshore_wind_generation,Wind Offshore | Actual Aggregated,2026-07-19T23:19:59Z
2026-07-19T23:19:05Z,2026-07-20T01:19:05+0200,028f9a66-b3fa-4fa7-a1aa-7c735a2e67a7,2026-06-28T10:45:00Z,2026-06-28T12:45:00+0200,240.85,MW,FR,FR,actual_offshore_wind_generation,Wind Offshore | Actual Aggregated,2026-07-19T23:19:59Z
2026-07-19T23:19:05Z,2026-07-20T01:19:05+0200,028f9a66-b3fa-4fa7-a1aa-7c735a2e67a7,2026-06-28T11:00:00Z,2026-06-28T13:00:00+0200,274.86,MW,FR,FR,actual_offshore_wind_generation,Wind Offshore | Actual Aggregated,2026-07-19T23:19:59Z
2026-07-19T23:19:05Z,2026-07-20T01:19:05+0200,028f9a66-b3fa-4fa7-a1aa-7c735a2e67a7,2026-06-28T11:15:00Z,2026-06-28T13:15:00+0200,235.28,MW,FR,FR,actual_offshore_wind_generation,Wind Offshore | Actual Aggregated,2026-07-19T23:19:59Z
2026-07-19T23:19:05Z,2026-07-20T01:19:05+0200,028f9a66-b3fa-4fa7-a1aa-7c735a2e67a7,2026-06-28T11:30:00Z,2026-06-28T13:30:00+0200,223.12,MW,FR,FR,actual_offshore_wind_generation,Wind Offshore | Actual Aggregated,2026-07-19T23:19:59Z
2026-07-19T23:19:05Z,2026-07-20T01:19:05+0200,028f9a66-b3fa-4fa7-a1aa-7c735a2e67a7,2026-06-28T11:45:00Z,2026-06-28T13:45:00+0200,220.84,MW,FR,FR,actual_offshore_wind_generation,Wind Offshore | Actual Aggregated,2026-07-19T23:19:59Z
2026-07-19T23:19:05Z,2026-07-20T01:19:05+0200,028f9a66-b3fa-4fa7-a1aa-7c735a2e67a7,2026-06-28T12:00:00Z,2026-06-28T14:00:00+0200,200.37,MW,FR,FR,actual_offshore_wind_generation,Wind Offshore | Actual Aggregated,2026-07-19T23:19:59Z
2026-07-19T23:19:05Z,2026-07-20T01:19:05+0200,028f9a66-b3fa-4fa7-a1aa-7c735a2e67a7,2026-06-28T12:15:00Z,2026-06-28T14:15:00+0200,221.27,MW,FR,FR,actual_offshore_wind_generation,Wind Offshore | Actual Aggregated,2026-07-19T23:19:59Z
2026-07-19T23:19:05Z,2026-07-20T01:19:05+0200,028f9a66-b3fa-4fa7-a1aa-7c735a2e67a7,2026-06-28T12:30:00Z,2026-06-28T14:30:00+0200,241.07,MW,FR,FR,actual_offshore_wind_generation,Wind Offshore | Actual Aggregated,2026-07-19T23:19:59Z
2026-07-19T23:19:05Z,2026-07-20T01:19:05+0200,028f9a66-b3fa-4fa7-a1aa-7c735a2e67a7,2026-06-28T12:45:00Z,2026-06-28T14:45:00+0200,234.81,MW,FR,FR,actual_offshore_wind_generation,Wind Offshore | Actual Aggregated,2026-07-19T23:19:59Z
2026-07-19T23:19:05Z,2026-07-20T01:19:05+0200,028f9a66-b3fa-4fa7-a1aa-7c735a2e67a7,2026-06-28T13:00:00Z,2026-06-28T15:00:00+0200,238.82,MW,FR,FR,actual_offshore_wind_generation,Wind Offshore | Actual Aggregated,2026-07-19T23:19:59Z
2026-07-19T23:19:05Z,2026-07-20T01:19:05+0200,028f9a66-b3fa-4fa7-a1aa-7c735a2e67a7,2026-06-28T13:15:00Z,2026-06-28T15:15:00+0200,235.94,MW,FR,FR,actual_offshore_wind_generation,Wind Offshore | Actual Aggregated,2026-07-19T23:19:59Z
2026-07-19T23:19:05Z,2026-07-20T01:19:05+0200,028f9a66-b3fa-4fa7-a1aa-7c735a2e67a7,2026-06-28T13:30:00Z,2026-06-28T15:30:00+0200,162.63,MW,FR,FR,actual_offshore_wind_generation,Wind Offshore | Actual Aggregated,2026-07-19T23:19:59Z
2026-07-19T23:19:05Z,2026-07-20T01:19:05+0200,028f9a66-b3fa-4fa7-a1aa-7c735a2e67a7,2026-06-28T13:45:00Z,2026-06-28T15:45:00+0200,152.41,MW,FR,FR,actual_offshore_wind_generation,Wind Offshore | Actual Aggregated,2026-07-19T23:19:59Z
2026-07-19T23:19:05Z,2026-07-20T01:19:05+0200,028f9a66-b3fa-4fa7-a1aa-7c735a2e67a7,2026-06-28T14:00:00Z,2026-06-28T16:00:00+0200,161.42,MW,FR,FR,actual_offshore_wind_generation,Wind Offshore | Actual Aggregated,2026-07-19T23:19:59Z
2026-07-19T23:19:05Z,2026-07-20T01:19:05+0200,028f9a66-b3fa-4fa7-a1aa-7c735a2e67a7,2026-06-28T14:15:00Z,2026-06-28T16:15:00+0200,192.82,MW,FR,FR,actual_offshore_wind_generation,Wind Offshore | Actual Aggregated,2026-07-19T23:19:59Z
2026-07-19T23:19:05Z,2026-07-20T01:19:05+0200,028f9a66-b3fa-4fa7-a1aa-7c735a2e67a7,2026-06-28T14:30:00Z,2026-06-28T16:30:00+0200,233.06,MW,FR,FR,actual_offshore_wind_generation,Wind Offshore | Actual Aggregated,2026-07-19T23:19:59Z
2026-07-19T23:19:05Z,2026-07-20T01:19:05+0200,028f9a66-b3fa-4fa7-a1aa-7c735a2e67a7,2026-06-28T14:45:00Z,2026-06-28T16:45:00+0200,293.6,MW,FR,FR,actual_offshore_wind_generation,Wind Offshore | Actual Aggregated,2026-07-19T23:19:59Z
2026-07-19T23:19:05Z,2026-07-20T01:19:05+0200,028f9a66-b3fa-4fa7-a1aa-7c735a2e67a7,2026-06-28T15:00:00Z,2026-06-28T17:00:00+0200,313.63,MW,FR,FR,actual_offshore_wind_generation,Wind Offshore | Actual Aggregated,2026-07-19T23:19:59Z
2026-07-19T23:19:05Z,2026-07-20T01:19:05+0200,028f9a66-b3fa-4fa7-a1aa-7c735a2e67a7,2026-06-28T15:15:00Z,2026-06-28T17:15:00+0200,324.26,MW,FR,FR,actual_offshore_wind_generation,Wind Offshore | Actual Aggregated,2026-07-19T23:19:59Z
2026-07-19T23:19:05Z,2026-07-20T01:19:05+0200,028f9a66-b3fa-4fa7-a1aa-7c735a2e67a7,2026-06-28T15:30:00Z,2026-06-28T17:30:00+0200,313.57,MW,FR,FR,actual_offshore_wind_generation,Wind Offshore | Actual Aggregated,2026-07-19T23:19:59Z
2026-07-19T23:19:05Z,2026-07-20T01:19:05+0200,028f9a66-b3fa-4fa7-a1aa-7c735a2e67a7,2026-06-28T15:45:00Z,2026-06-28T17:45:00+0200,300.71,MW,FR,FR,actual_offshore_wind_generation,Wind Offshore | Actual Aggregated,2026-07-19T23:19:59Z
2026-07-19T23:19:05Z,2026-07-20T01:19:05+0200,028f9a66-b3fa-4fa7-a1aa-7c735a2e67a7,2026-06-28T16:00:00Z,2026-06-28T18:00:00+0200,318.88,MW,FR,FR,actual_offshore_wind_generation,Wind Offshore | Actual Aggregated,2026-07-19T23:19:59Z
2026-07-19T23:19:05Z,2026-07-20T01:19:05+0200,028f9a66-b3fa-4fa7-a1aa-7c735a2e67a7,2026-06-28T16:15:00Z,2026-06-28T18:15:00+0200,355.32,MW,FR,FR,actual_offshore_wind_generation,Wind Offshore | Actual Aggregated,2026-07-19T23:19:59Z
2026-07-19T23:19:05Z,2026-07-20T01:19:05+0200,028f9a66-b3fa-4fa7-a1aa-7c735a2e67a7,2026-06-28T16:30:00Z,2026-06-28T18:30:00+0200,367.42,MW,FR,FR,actual_offshore_wind_generation,Wind Offshore | Actual Aggregated,2026-07-19T23:19:59Z
2026-07-19T23:19:05Z,2026-07-20T01:19:05+0200,028f9a66-b3fa-4fa7-a1aa-7c735a2e67a7,2026-06-28T16:45:00Z,2026-06-28T18:45:00+0200,358.31,MW,FR,FR,actual_offshore_wind_generation,Wind Offshore | Actual Aggregated,2026-07-19T23:19:59Z
2026-07-19T23:19:05Z,2026-07-20T01:19:05+0200,028f9a66-b3fa-4fa7-a1aa-7c735a2e67a7,2026-06-28T17:00:00Z,2026-06-28T19:00:00+0200,321.87,MW,FR,FR,actual_offshore_wind_generation,Wind Offshore | Actual Aggregated,2026-07-19T23:19:59Z
2026-07-19T23:19:05Z,2026-07-20T01:19:05+0200,028f9a66-b3fa-4fa7-a1aa-7c735a2e67a7,2026-06-28T17:15:00Z,2026-06-28T19:15:00+0200,357.67,MW,FR,FR,actual_offshore_wind_generation,Wind Offshore | Actual Aggregated,2026-07-19T23:19:59Z
2026-07-19T23:19:05Z,2026-07-20T01:19:05+0200,028f9a66-b3fa-4fa7-a1aa-7c735a2e67a7,2026-06-28T17:30:00Z,2026-06-28T19:30:00+0200,451.06,MW,FR,FR,actual_offshore_wind_generation,Wind Offshore | Actual Aggregated,2026-07-19T23:19:59Z
2026-07-19T23:19:05Z,2026-07-20T01:19:05+0200,028f9a66-b3fa-4fa7-a1aa-7c735a2e67a7,2026-06-28T17:45:00Z,2026-06-28T19:45:00+0200,471.88,MW,FR,FR,actual_offshore_wind_generation,Wind Offshore | Actual Aggregated,2026-07-19T23:19:59Z
2026-07-19T23:19:05Z,2026-07-20T01:19:05+0200,028f9a66-b3fa-4fa7-a1aa-7c735a2e67a7,2026-06-28T18:00:00Z,2026-06-28T20:00:00+0200,477.88,MW,FR,FR,actual_offshore_wind_generation,Wind Offshore | Actual Aggregated,2026-07-19T23:19:59Z
2026-07-19T23:19:05Z,2026-07-20T01:19:05+0200,028f9a66-b3fa-4fa7-a1aa-7c735a2e67a7,2026-06-28T18:15:00Z,2026-06-28T20:15:00+0200,491.51,MW,FR,FR,actual_offshore_wind_generation,Wind Offshore | Actual Aggregated,2026-07-19T23:19:59Z
2026-07-19T23:19:05Z,2026-07-20T01:19:05+0200,028f9a66-b3fa-4fa7-a1aa-7c735a2e67a7,2026-06-28T18:30:00Z,2026-06-28T20:30:00+0200,565.34,MW,FR,FR,actual_offshore_wind_generation,Wind Offshore | Actual Aggregated,2026-07-19T23:19:59Z
2026-07-19T23:19:05Z,2026-07-20T01:19:05+0200,028f9a66-b3fa-4fa7-a1aa-7c735a2e67a7,2026-06-28T18:45:00Z,2026-06-28T20:45:00+0200,688.73,MW,FR,FR,actual_offshore_wind_generation,Wind Offshore | Actual Aggregated,2026-07-19T23:19:59Z
2026-07-19T23:19:05Z,2026-07-20T01:19:05+0200,028f9a66-b3fa-4fa7-a1aa-7c735a2e67a7,2026-06-28T19:00:00Z,2026-06-28T21:00:00+0200,655.37,MW,FR,FR,actual_offshore_wind_generation,Wind Offshore | Actual Aggregated,2026-07-19T23:19:59Z
2026-07-19T23:19:05Z,2026-07-20T01:19:05+0200,028f9a66-b3fa-4fa7-a1aa-7c735a2e67a7,2026-06-28T19:15:00Z,2026-06-28T21:15:00+0200,596.78,MW,FR,FR,actual_offshore_wind_generation,Wind Offshore | Actual Aggregated,2026-07-19T23:19:59Z
2026-07-19T23:19:05Z,2026-07-20T01:19:05+0200,028f9a66-b3fa-4fa7-a1aa-7c735a2e67a7,2026-06-28T19:30:00Z,2026-06-28T21:30:00+0200,585.02,MW,FR,FR,actual_offshore_wind_generation,Wind Offshore | Actual Aggregated,2026-07-19T23:19:59Z
2026-07-19T23:19:05Z,2026-07-20T01:19:05+0200,028f9a66-b3fa-4fa7-a1aa-7c735a2e67a7,2026-06-28T19:45:00Z,2026-06-28T21:45:00+0200,565.13,MW,FR,FR,actual_offshore_wind_generation,Wind Offshore | Actual Aggregated,2026-07-19T23:19:59Z
2026-07-19T23:19:05Z,2026-07-20T01:19:05+0200,028f9a66-b3fa-4fa7-a1aa-7c735a2e67a7,2026-06-28T20:00:00Z,2026-06-28T22:00:00+0200,554.99,MW,FR,FR,actual_offshore_wind_generation,Wind Offshore | Actual Aggregated,2026-07-19T23:19:59Z
2026-07-19T23:19:05Z,2026-07-20T01:19:05+0200,028f9a66-b3fa-4fa7-a1aa-7c735a2e67a7,2026-06-28T20:15:00Z,2026-06-28T22:15:00+0200,633.1,MW,FR,FR,actual_offshore_wind_generation,Wind Offshore | Actual Aggregated,2026-07-19T23:19:59Z
2026-07-19T23:19:05Z,2026-07-20T01:19:05+0200,028f9a66-b3fa-4fa7-a1aa-7c735a2e67a7,2026-06-28T20:30:00Z,2026-06-28T22:30:00+0200,648.55,MW,FR,FR,actual_offshore_wind_generation,Wind Offshore | Actual Aggregated,2026-07-19T23:19:59Z
2026-07-19T23:19:05Z,2026-07-20T01:19:05+0200,028f9a66-b3fa-4fa7-a1aa-7c735a2e67a7,2026-06-28T20:45:00Z,2026-06-28T22:45:00+0200,664.37,MW,FR,FR,actual_offshore_wind_generation,Wind Offshore | Actual Aggregated,2026-07-19T23:19:59Z
2026-07-19T23:19:05Z,2026-07-20T01:19:05+0200,028f9a66-b3fa-4fa7-a1aa-7c735a2e67a7,2026-06-28T21:00:00Z,2026-06-28T23:00:00+0200,733.31,MW,FR,FR,actual_offshore_wind_generation,Wind Offshore | Actual Aggregated,2026-07-19T23:19:59Z
2026-07-19T23:19:05Z,2026-07-20T01:19:05+0200,028f9a66-b3fa-4fa7-a1aa-7c735a2e67a7,2026-06-28T21:15:00Z,2026-06-28T23:15:00+0200,832.52,MW,FR,FR,actual_offshore_wind_generation,Wind Offshore | Actual Aggregated,2026-07-19T23:19:59Z
2026-07-19T23:19:05Z,2026-07-20T01:19:05+0200,028f9a66-b3fa-4fa7-a1aa-7c735a2e67a7,2026-06-28T21:30:00Z,2026-06-28T23:30:00+0200,873.82,MW,FR,FR,actual_offshore_wind_generation,Wind Offshore | Actual Aggregated,2026-07-19T23:19:59Z
2026-07-19T23:19:05Z,2026-07-20T01:19:05+0200,028f9a66-b3fa-4fa7-a1aa-7c735a2e67a7,2026-06-28T21:45:00Z,2026-06-28T23:45:00+0200,836.79,MW,FR,FR,actual_offshore_wind_generation,Wind Offshore | Actual Aggregated,2026-07-19T23:19:59Z
2026-07-19T23:19:05Z,2026-07-20T01:19:05+0200,028f9a66-b3fa-4fa7-a1aa-7c735a2e67a7,2026-06-28T22:00:00Z,2026-06-29T00:00:00+0200,768.82,MW,FR,FR,actual_offshore_wind_generation,Wind Offshore | Actual Aggregated,2026-07-19T23:19:59Z
2026-07-19T23:19:05Z,2026-07-20T01:19:05+0200,028f9a66-b3fa-4fa7-a1aa-7c735a2e67a7,2026-06-28T22:15:00Z,2026-06-29T00:15:00+0200,730.32,MW,FR,FR,actual_offshore_wind_generation,Wind Offshore | Actual Aggregated,2026-07-19T23:19:59Z
2026-07-19T23:19:05Z,2026-07-20T01:19:05+0200,028f9a66-b3fa-4fa7-a1aa-7c735a2e67a7,2026-06-28T22:30:00Z,2026-06-29T00:30:00+0200,637.53,MW,FR,FR,actual_offshore_wind_generation,Wind Offshore | Actual Aggregated,2026-07-19T23:19:59Z
2026-07-19T23:19:05Z,2026-07-20T01:19:05+0200,028f9a66-b3fa-4fa7-a1aa-7c735a2e67a7,2026-06-28T22:45:00Z,2026-06-29T00:45:00+0200,583.54,MW,FR,FR,actual_offshore_wind_generation,Wind Offshore | Actual Aggregated,2026-07-19T23:19:59Z
2026-07-19T23:19:05Z,2026-07-20T01:19:05+0200,028f9a66-b3fa-4fa7-a1aa-7c735a2e67a7,2026-06-28T23:00:00Z,2026-06-29T01:00:00+0200,528.53,MW,FR,FR,actual_offshore_wind_generation,Wind Offshore | Actual Aggregated,2026-07-19T23:19:59Z
2026-07-19T23:19:05Z,2026-07-20T01:19:05+0200,028f9a66-b3fa-4fa7-a1aa-7c735a2e67a7,2026-06-28T23:15:00Z,2026-06-29T01:15:00+0200,531.53,MW,FR,FR,actual_offshore_wind_generation,Wind Offshore | Actual Aggregated,2026-07-19T23:19:59Z
2026-07-19T23:19:05Z,2026-07-20T01:19:05+0200,028f9a66-b3fa-4fa7-a1aa-7c735a2e67a7,2026-06-28T23:30:00Z,2026-06-29T01:30:00+0200,578.46,MW,FR,FR,actual_offshore_wind_generation,Wind Offshore | Actual Aggregated,2026-07-19T23:19:59Z
2026-07-19T23:19:05Z,2026-07-20T01:19:05+0200,028f9a66-b3fa-4fa7-a1aa-7c735a2e67a7,2026-06-28T23:45:00Z,2026-06-29T01:45:00+0200,562.78,MW,FR,FR,actual_offshore_wind_generation,Wind Offshore | Actual Aggregated,2026-07-19T23:19:59Z
2026-07-19T23:19:05Z,2026-07-20T01:19:05+0200,028f9a66-b3fa-4fa7-a1aa-7c735a2e67a7,2026-06-29T00:00:00Z,2026-06-29T02:00:00+0200,532.09,MW,FR,FR,actual_offshore_wind_generation,Wind Offshore | Actual Aggregated,2026-07-19T23:19:59Z
2026-07-19T23:19:05Z,2026-07-20T01:19:05+0200,028f9a66-b3fa-4fa7-a1aa-7c735a2e67a7,2026-06-29T00:15:00Z,2026-06-29T02:15:00+0200,495.42,MW,FR,FR,actual_offshore_wind_generation,Wind Offshore | Actual Aggregated,2026-07-19T23:19:59Z
2026-07-19T23:19:05Z,2026-07-20T01:19:05+0200,028f9a66-b3fa-4fa7-a1aa-7c735a2e67a7,2026-06-29T00:30:00Z,2026-06-29T02:30:00+0200,490.43,MW,FR,FR,actual_offshore_wind_generation,Wind Offshore | Actual Aggregated,2026-07-19T23:19:59Z
2026-07-19T23:19:05Z,2026-07-20T01:19:05+0200,028f9a66-b3fa-4fa7-a1aa-7c735a2e67a7,2026-06-29T00:45:00Z,2026-06-29T02:45:00+0200,543.18,MW,FR,FR,actual_offshore_wind_generation,Wind Offshore | Actual Aggregated,2026-07-19T23:19:59Z
2026-07-19T23:19:05Z,2026-07-20T01:19:05+0200,028f9a66-b3fa-4fa7-a1aa-7c735a2e67a7,2026-06-29T01:00:00Z,2026-06-29T03:00:00+0200,586.35,MW,FR,FR,actual_offshore_wind_generation,Wind Offshore | Actual Aggregated,2026-07-19T23:19:59Z
2026-07-19T23:19:05Z,2026-07-20T01:19:05+0200,028f9a66-b3fa-4fa7-a1aa-7c735a2e67a7,2026-06-29T01:15:00Z,2026-06-29T03:15:00+0200,604.99,MW,FR,FR,actual_offshore_wind_generation,Wind Offshore | Actual Aggregated,2026-07-19T23:19:59Z
2026-07-19T23:19:05Z,2026-07-20T01:19:05+0200,028f9a66-b3fa-4fa7-a1aa-7c735a2e67a7,2026-06-29T01:30:00Z,2026-06-29T03:30:00+0200,634.54,MW,FR,FR,actual_offshore_wind_generation,Wind Offshore | Actual Aggregated,2026-07-19T23:19:59Z
2026-07-19T23:19:05Z,2026-07-20T01:19:05+0200,028f9a66-b3fa-4fa7-a1aa-7c735a2e67a7,2026-06-29T01:45:00Z,2026-06-29T03:45:00+0200,689.96,MW,FR,FR,actual_offshore_wind_generation,Wind Offshore | Actual Aggregated,2026-07-19T23:19:59Z
2026-07-19T23:19:05Z,2026-07-20T01:19:05+0200,028f9a66-b3fa-4fa7-a1aa-7c735a2e67a7,2026-06-29T02:00:00Z,2026-06-29T04:00:00+0200,739.04,MW,FR,FR,actual_offshore_wind_generation,Wind Offshore | Actual Aggregated,2026-07-19T23:19:59Z
2026-07-19T23:19:05Z,2026-07-20T01:19:05+0200,028f9a66-b3fa-4fa7-a1aa-7c735a2e67a7,2026-06-29T02:15:00Z,2026-06-29T04:15:00+0200,712.72,MW,FR,FR,actual_offshore_wind_generation,Wind Offshore | Actual Aggregated,2026-07-19T23:19:59Z
2026-07-19T23:19:05Z,2026-07-20T01:19:05+0200,028f9a66-b3fa-4fa7-a1aa-7c735a2e67a7,2026-06-29T02:30:00Z,2026-06-29T04:30:00+0200,643.98,MW,FR,FR,actual_offshore_wind_generation,Wind Offshore | Actual Aggregated,2026-07-19T23:19:59Z
2026-07-19T23:19:05Z,2026-07-20T01:19:05+0200,028f9a66-b3fa-4fa7-a1aa-7c735a2e67a7,2026-06-29T02:45:00Z,2026-06-29T04:45:00+0200,539.59,MW,FR,FR,actual_offshore_wind_generation,Wind Offshore | Actual Aggregated,2026-07-19T23:19:59Z
2026-07-19T23:19:05Z,2026-07-20T01:19:05+0200,028f9a66-b3fa-4fa7-a1aa-7c735a2e67a7,2026-06-29T03:00:00Z,2026-06-29T05:00:00+0200,451.27,MW,FR,FR,actual_offshore_wind_generation,Wind Offshore | Actual Aggregated,2026-07-19T23:19:59Z
2026-07-19T23:19:05Z,2026-07-20T01:19:05+0200,028f9a66-b3fa-4fa7-a1aa-7c735a2e67a7,2026-06-29T03:15:00Z,2026-06-29T05:15:00+0200,381.56,MW,FR,FR,actual_offshore_wind_generation,Wind Offshore | Actual Aggregated,2026-07-19T23:19:59Z
2026-07-19T23:19:05Z,2026-07-20T01:19:05+0200,028f9a66-b3fa-4fa7-a1aa-7c735a2e67a7,2026-06-29T03:30:00Z,2026-06-29T05:30:00+0200,344.36,MW,FR,FR,actual_offshore_wind_generation,Wind Offshore | Actual Aggregated,2026-07-19T23:19:59Z
2026-07-19T23:19:05Z,2026-07-20T01:19:05+0200,028f9a66-b3fa-4fa7-a1aa-7c735a2e67a7,2026-06-29T03:45:00Z,2026-06-29T05:45:00+0200,311.27,MW,FR,FR,actual_offshore_wind_generation,Wind Offshore | Actual Aggregated,2026-07-19T23:19:59Z
2026-07-19T23:19:05Z,2026-07-20T01:19:05+0200,028f9a66-b3fa-4fa7-a1aa-7c735a2e67a7,2026-06-29T04:00:00Z,2026-06-29T06:00:00+0200,317.22,MW,FR,FR,actual_offshore_wind_generation,Wind Offshore | Actual Aggregated,2026-07-19T23:19:59Z
2026-07-19T23:19:05Z,2026-07-20T01:19:05+0200,028f9a66-b3fa-4fa7-a1aa-7c735a2e67a7,2026-06-29T04:15:00Z,2026-06-29T06:15:00+0200,301.5,MW,FR,FR,actual_offshore_wind_generation,Wind Offshore | Actual Aggregated,2026-07-19T23:19:59Z
2026-07-19T23:19:05Z,2026-07-20T01:19:05+0200,028f9a66-b3fa-4fa7-a1aa-7c735a2e67a7,2026-06-29T04:30:00Z,2026-06-29T06:30:00+0200,234.32,MW,FR,FR,actual_offshore_wind_generation,Wind Offshore | Actual Aggregated,2026-07-19T23:19:59Z
2026-07-19T23:19:05Z,2026-07-20T01:19:05+0200,028f9a66-b3fa-4fa7-a1aa-7c735a2e67a7,2026-06-29T04:45:00Z,2026-06-29T06:45:00+0200,236.13,MW,FR,FR,actual_offshore_wind_generation,Wind Offshore | Actual Aggregated,2026-07-19T23:19:59Z
2026-07-19T23:19:05Z,2026-07-20T01:19:05+0200,028f9a66-b3fa-4fa7-a1aa-7c735a2e67a7,2026-06-29T05:00:00Z,2026-06-29T07:00:00+0200,218.61,MW,FR,FR,actual_offshore_wind_generation,Wind Offshore | Actual Aggregated,2026-07-19T23:19:59Z
2026-07-19T23:19:05Z,2026-07-20T01:19:05+0200,028f9a66-b3fa-4fa7-a1aa-7c735a2e67a7,2026-06-29T05:15:00Z,2026-06-29T07:15:00+0200,193.23,MW,FR,FR,actual_offshore_wind_generation,Wind Offshore | Actual Aggregated,2026-07-19T23:19:59Z
2026-07-19T23:19:05Z,2026-07-20T01:19:05+0200,028f9a66-b3fa-4fa7-a1aa-7c735a2e67a7,2026-06-29T05:30:00Z,2026-06-29T07:30:00+0200,216.41,MW,FR,FR,actual_offshore_wind_generation,Wind Offshore | Actual Aggregated,2026-07-19T23:19:59Z
2026-07-19T23:19:05Z,2026-07-20T01:19:05+0200,028f9a66-b3fa-4fa7-a1aa-7c735a2e67a7,2026-06-29T05:45:00Z,2026-06-29T07:45:00+0200,206.55,MW,FR,FR,actual_offshore_wind_generation,Wind Offshore | Actual Aggregated,2026-07-19T23:19:59Z
2026-07-19T23:19:05Z,2026-07-20T01:19:05+0200,028f9a66-b3fa-4fa7-a1aa-7c735a2e67a7,2026-06-29T06:00:00Z,2026-06-29T08:00:00+0200,208.64,MW,FR,FR,actual_offshore_wind_generation,Wind Offshore | Actual Aggregated,2026-07-19T23:19:59Z
2026-07-19T23:19:05Z,2026-07-20T01:19:05+0200,028f9a66-b3fa-4fa7-a1aa-7c735a2e67a7,2026-06-29T06:15:00Z,2026-06-29T08:15:00+0200,200.88,MW,FR,FR,actual_offshore_wind_generation,Wind Offshore | Actual Aggregated,2026-07-19T23:19:59Z
2026-07-19T23:19:05Z,2026-07-20T01:19:05+0200,028f9a66-b3fa-4fa7-a1aa-7c735a2e67a7,2026-06-29T06:30:00Z,2026-06-29T08:30:00+0200,221.85,MW,FR,FR,actual_offshore_wind_generation,Wind Offshore | Actual Aggregated,2026-07-19T23:19:59Z
2026-07-19T23:19:05Z,2026-07-20T01:19:05+0200,028f9a66-b3fa-4fa7-a1aa-7c735a2e67a7,2026-06-29T06:45:00Z,2026-06-29T08:45:00+0200,243.96,MW,FR,FR,actual_offshore_wind_generation,Wind Offshore | Actual Aggregated,2026-07-19T23:19:59Z
2026-07-19T23:19:05Z,2026-07-20T01:19:05+0200,028f9a66-b3fa-4fa7-a1aa-7c735a2e67a7,2026-06-29T07:00:00Z,2026-06-29T09:00:00+0200,262.35,MW,FR,FR,actual_offshore_wind_generation,Wind Offshore | Actual Aggregated,2026-07-19T23:19:59Z
2026-07-19T23:19:05Z,2026-07-20T01:19:05+0200,028f9a66-b3fa-4fa7-a1aa-7c735a2e67a7,2026-06-29T07:15:00Z,2026-06-29T09:15:00+0200,276.62,MW,FR,FR,actual_offshore_wind_generation,Wind Offshore | Actual Aggregated,2026-07-19T23:19:59Z
2026-07-19T23:19:05Z,2026-07-20T01:19:05+0200,028f9a66-b3fa-4fa7-a1aa-7c735a2e67a7,2026-06-29T07:30:00Z,2026-06-29T09:30:00+0200,285.12,MW,FR,FR,actual_offshore_wind_generation,Wind Offshore | Actual Aggregated,2026-07-19T23:19:59Z
2026-07-19T23:19:05Z,2026-07-20T01:19:05+0200,028f9a66-b3fa-4fa7-a1aa-7c735a2e67a7,2026-06-29T07:45:00Z,2026-06-29T09:45:00+0200,267.6,MW,FR,FR,actual_offshore_wind_generation,Wind Offshore | Actual Aggregated,2026-07-19T23:19:59Z
2026-07-19T23:19:05Z,2026-07-20T01:19:05+0200,028f9a66-b3fa-4fa7-a1aa-7c735a2e67a7,2026-06-29T08:00:00Z,2026-06-29T10:00:00+0200,228.39,MW,FR,FR,actual_offshore_wind_generation,Wind Offshore | Actual Aggregated,2026-07-19T23:19:59Z
2026-07-19T23:19:05Z,2026-07-20T01:19:05+0200,028f9a66-b3fa-4fa7-a1aa-7c735a2e67a7,2026-06-29T08:15:00Z,2026-06-29T10:15:00+0200,192.37,MW,FR,FR,actual_offshore_wind_generation,Wind Offshore | Actual Aggregated,2026-07-19T23:19:59Z
2026-07-19T23:19:05Z,2026-07-20T01:19:05+0200,028f9a66-b3fa-4fa7-a1aa-7c735a2e67a7,2026-06-29T08:30:00Z,2026-06-29T10:30:00+0200,178.88,MW,FR,FR,actual_offshore_wind_generation,Wind Offshore | Actual Aggregated,2026-07-19T23:19:59Z
2026-07-19T23:19:05Z,2026-07-20T01:19:05+0200,028f9a66-b3fa-4fa7-a1aa-7c735a2e67a7,2026-06-29T08:45:00Z,2026-06-29T10:45:00+0200,170.72,MW,FR,FR,actual_offshore_wind_generation,Wind Offshore | Actual Aggregated,2026-07-19T23:19:59Z
2026-07-19T23:19:05Z,2026-07-20T01:19:05+0200,028f9a66-b3fa-4fa7-a1aa-7c735a2e67a7,2026-06-29T09:00:00Z,2026-06-29T11:00:00+0200,154.22,MW,FR,FR,actual_offshore_wind_generation,Wind Offshore | Actual Aggregated,2026-07-19T23:19:59Z
2026-07-19T23:19:05Z,2026-07-20T01:19:05+0200,028f9a66-b3fa-4fa7-a1aa-7c735a2e67a7,2026-06-29T09:15:00Z,2026-06-29T11:15:00+0200,140.34,MW,FR,FR,actual_offshore_wind_generation,Wind Offshore | Actual Aggregated,2026-07-19T23:19:59Z
2026-07-19T23:19:05Z,2026-07-20T01:19:05+0200,028f9a66-b3fa-4fa7-a1aa-7c735a2e67a7,2026-06-29T09:30:00Z,2026-06-29T11:30:00+0200,129.98,MW,FR,FR,actual_offshore_wind_generation,Wind Offshore | Actual Aggregated,2026-07-19T23:19:59Z
2026-07-19T23:19:05Z,2026-07-20T01:19:05+0200,028f9a66-b3fa-4fa7-a1aa-7c735a2e67a7,2026-06-29T09:45:00Z,2026-06-29T11:45:00+0200,126.15,MW,FR,FR,actual_offshore_wind_generation,Wind Offshore | Actual Aggregated,2026-07-19T23:19:59Z
2026-07-19T23:19:05Z,2026-07-20T01:19:05+0200,028f9a66-b3fa-4fa7-a1aa-7c735a2e67a7,2026-06-29T10:00:00Z,2026-06-29T12:00:00+0200,113.47,MW,FR,FR,actual_offshore_wind_generation,Wind Offshore | Actual Aggregated,2026-07-19T23:19:59Z
2026-07-19T23:19:05Z,2026-07-20T01:19:05+0200,028f9a66-b3fa-4fa7-a1aa-7c735a2e67a7,2026-06-29T10:15:00Z,2026-06-29T12:15:00+0200,103.37,MW,FR,FR,actual_offshore_wind_generation,Wind Offshore | Actual Aggregated,2026-07-19T23:19:59Z
2026-07-19T23:19:05Z,2026-07-20T01:19:05+0200,028f9a66-b3fa-4fa7-a1aa-7c735a2e67a7,2026-06-29T10:30:00Z,2026-06-29T12:30:00+0200,92.52,MW,FR,FR,actual_offshore_wind_generation,Wind Offshore | Actual Aggregated,2026-07-19T23:19:59Z
2026-07-19T23:19:05Z,2026-07-20T01:19:05+0200,028f9a66-b3fa-4fa7-a1aa-7c735a2e67a7,2026-06-29T10:45:00Z,2026-06-29T12:45:00+0200,90.07,MW,FR,FR,actual_offshore_wind_generation,Wind Offshore | Actual Aggregated,2026-07-19T23:19:59Z
2026-07-19T23:19:05Z,2026-07-20T01:19:05+0200,028f9a66-b3fa-4fa7-a1aa-7c735a2e67a7,2026-06-29T11:00:00Z,2026-06-29T13:00:00+0200,92.63,MW,FR,FR,actual_offshore_wind_generation,Wind Offshore | Actual Aggregated,2026-07-19T23:19:59Z
2026-07-19T23:19:05Z,2026-07-20T01:19:05+0200,028f9a66-b3fa-4fa7-a1aa-7c735a2e67a7,2026-06-29T11:15:00Z,2026-06-29T13:15:00+0200,94.83,MW,FR,FR,actual_offshore_wind_generation,Wind Offshore | Actual Aggregated,2026-07-19T23:19:59Z
2026-07-19T23:19:05Z,2026-07-20T01:19:05+0200,028f9a66-b3fa-4fa7-a1aa-7c735a2e67a7,2026-06-29T11:30:00Z,2026-06-29T13:30:00+0200,93.47,MW,FR,FR,actual_offshore_wind_generation,Wind Offshore | Actual Aggregated,2026-07-19T23:19:59Z
2026-07-19T23:19:05Z,2026-07-20T01:19:05+0200,028f9a66-b3fa-4fa7-a1aa-7c735a2e67a7,2026-06-29T11:45:00Z,2026-06-29T13:45:00+0200,99.02,MW,FR,FR,actual_offshore_wind_generation,Wind Offshore | Actual Aggregated,2026-07-19T23:19:59Z
2026-07-19T23:19:05Z,2026-07-20T01:19:05+0200,028f9a66-b3fa-4fa7-a1aa-7c735a2e67a7,2026-06-29T12:00:00Z,2026-06-29T14:00:00+0200,101.64,MW,FR,FR,actual_offshore_wind_generation,Wind Offshore | Actual Aggregated,2026-07-19T23:19:59Z
2026-07-19T23:19:05Z,2026-07-20T01:19:05+0200,028f9a66-b3fa-4fa7-a1aa-7c735a2e67a7,2026-06-29T12:15:00Z,2026-06-29T14:15:00+0200,110.56,MW,FR,FR,actual_offshore_wind_generation,Wind Offshore | Actual Aggregated,2026-07-19T23:19:59Z
2026-07-19T23:19:05Z,2026-07-20T01:19:05+0200,028f9a66-b3fa-4fa7-a1aa-7c735a2e67a7,2026-06-29T12:30:00Z,2026-06-29T14:30:00+0200,109.27,MW,FR,FR,actual_offshore_wind_generation,Wind Offshore | Actual Aggregated,2026-07-19T23:19:59Z
2026-07-19T23:19:05Z,2026-07-20T01:19:05+0200,028f9a66-b3fa-4fa7-a1aa-7c735a2e67a7,2026-06-29T12:45:00Z,2026-06-29T14:45:00+0200,110.09,MW,FR,FR,actual_offshore_wind_generation,Wind Offshore | Actual Aggregated,2026-07-19T23:19:59Z
2026-07-19T23:19:05Z,2026-07-20T01:19:05+0200,028f9a66-b3fa-4fa7-a1aa-7c735a2e67a7,2026-06-29T13:00:00Z,2026-06-29T15:00:00+0200,120.76,MW,FR,FR,actual_offshore_wind_generation,Wind Offshore | Actual Aggregated,2026-07-19T23:19:59Z
2026-07-19T23:19:05Z,2026-07-20T01:19:05+0200,028f9a66-b3fa-4fa7-a1aa-7c735a2e67a7,2026-06-29T13:15:00Z,2026-06-29T15:15:00+0200,121.1,MW,FR,FR,actual_offshore_wind_generation,Wind Offshore | Actual Aggregated,2026-07-19T23:19:59Z
2026-07-19T23:19:05Z,2026-07-20T01:19:05+0200,028f9a66-b3fa-4fa7-a1aa-7c735a2e67a7,2026-06-29T13:30:00Z,2026-06-29T15:30:00+0200,142.72,MW,FR,FR,actual_offshore_wind_generation,Wind Offshore | Actual Aggregated,2026-07-19T23:19:59Z
2026-07-19T23:19:05Z,2026-07-20T01:19:05+0200,028f9a66-b3fa-4fa7-a1aa-7c735a2e67a7,2026-06-29T13:45:00Z,2026-06-29T15:45:00+0200,162.53,MW,FR,FR,actual_offshore_wind_generation,Wind Offshore | Actual Aggregated,2026-07-19T23:19:59Z
2026-07-19T23:19:05Z,2026-07-20T01:19:05+0200,028f9a66-b3fa-4fa7-a1aa-7c735a2e67a7,2026-06-29T14:00:00Z,2026-06-29T16:00:00+0200,185.86,MW,FR,FR,actual_offshore_wind_generation,Wind Offshore | Actual Aggregated,2026-07-19T23:19:59Z
2026-07-19T23:19:05Z,2026-07-20T01:19:05+0200,028f9a66-b3fa-4fa7-a1aa-7c735a2e67a7,2026-06-29T14:15:00Z,2026-06-29T16:15:00+0200,197.32,MW,FR,FR,actual_offshore_wind_generation,Wind Offshore | Actual Aggregated,2026-07-19T23:19:59Z
2026-07-19T23:19:05Z,2026-07-20T01:19:05+0200,028f9a66-b3fa-4fa7-a1aa-7c735a2e67a7,2026-06-29T14:30:00Z,2026-06-29T16:30:00+0200,197.58,MW,FR,FR,actual_offshore_wind_generation,Wind Offshore | Actual Aggregated,2026-07-19T23:19:59Z
2026-07-19T23:19:05Z,2026-07-20T01:19:05+0200,028f9a66-b3fa-4fa7-a1aa-7c735a2e67a7,2026-06-29T14:45:00Z,2026-06-29T16:45:00+0200,205.85,MW,FR,FR,actual_offshore_wind_generation,Wind Offshore | Actual Aggregated,2026-07-19T23:19:59Z
2026-07-19T23:19:05Z,2026-07-20T01:19:05+0200,028f9a66-b3fa-4fa7-a1aa-7c735a2e67a7,2026-06-29T15:00:00Z,2026-06-29T17:00:00+0200,222.42,MW,FR,FR,actual_offshore_wind_generation,Wind Offshore | Actual Aggregated,2026-07-19T23:19:59Z
2026-07-19T23:19:05Z,2026-07-20T01:19:05+0200,028f9a66-b3fa-4fa7-a1aa-7c735a2e67a7,2026-06-29T15:15:00Z,2026-06-29T17:15:00+0200,245.79,MW,FR,FR,actual_offshore_wind_generation,Wind Offshore | Actual Aggregated,2026-07-19T23:19:59Z
2026-07-19T23:19:05Z,2026-07-20T01:19:05+0200,028f9a66-b3fa-4fa7-a1aa-7c735a2e67a7,2026-06-29T15:30:00Z,2026-06-29T17:30:00+0200,252.34,MW,FR,FR,actual_offshore_wind_generation,Wind Offshore | Actual Aggregated,2026-07-19T23:19:59Z
2026-07-19T23:19:05Z,2026-07-20T01:19:05+0200,028f9a66-b3fa-4fa7-a1aa-7c735a2e67a7,2026-06-29T15:45:00Z,2026-06-29T17:45:00+0200,227.02,MW,FR,FR,actual_offshore_wind_generation,Wind Offshore | Actual Aggregated,2026-07-19T23:19:59Z
2026-07-19T23:19:05Z,2026-07-20T01:19:05+0200,028f9a66-b3fa-4fa7-a1aa-7c735a2e67a7,2026-06-29T16:00:00Z,2026-06-29T18:00:00+0200,232.16,MW,FR,FR,actual_offshore_wind_generation,Wind Offshore | Actual Aggregated,2026-07-19T23:19:59Z
2026-07-19T23:19:05Z,2026-07-20T01:19:05+0200,028f9a66-b3fa-4fa7-a1aa-7c735a2e67a7,2026-06-29T16:15:00Z,2026-06-29T18:15:00+0200,295.44,MW,FR,FR,actual_offshore_wind_generation,Wind Offshore | Actual Aggregated,2026-07-19T23:19:59Z
2026-07-19T23:19:05Z,2026-07-20T01:19:05+0200,028f9a66-b3fa-4fa7-a1aa-7c735a2e67a7,2026-06-29T16:30:00Z,2026-06-29T18:30:00+0200,330.21,MW,FR,FR,actual_offshore_wind_generation,Wind Offshore | Actual Aggregated,2026-07-19T23:19:59Z
2026-07-19T23:19:05Z,2026-07-20T01:19:05+0200,028f9a66-b3fa-4fa7-a1aa-7c735a2e67a7,2026-06-29T16:45:00Z,2026-06-29T18:45:00+0200,328.85,MW,FR,FR,actual_offshore_wind_generation,Wind Offshore | Actual Aggregated,2026-07-19T23:19:59Z
2026-07-19T23:19:05Z,2026-07-20T01:19:05+0200,028f9a66-b3fa-4fa7-a1aa-7c735a2e67a7,2026-06-29T17:00:00Z,2026-06-29T19:00:00+0200,343.06,MW,FR,FR,actual_offshore_wind_generation,Wind Offshore | Actual Aggregated,2026-07-19T23:19:59Z
2026-07-19T23:19:05Z,2026-07-20T01:19:05+0200,028f9a66-b3fa-4fa7-a1aa-7c735a2e67a7,2026-06-29T17:15:00Z,2026-06-29T19:15:00+0200,353.98,MW,FR,FR,actual_offshore_wind_generation,Wind Offshore | Actual Aggregated,2026-07-19T23:19:59Z
2026-07-19T23:19:05Z,2026-07-20T01:19:05+0200,028f9a66-b3fa-4fa7-a1aa-7c735a2e67a7,2026-06-29T17:30:00Z,2026-06-29T19:30:00+0200,329.43,MW,FR,FR,actual_offshore_wind_generation,Wind Offshore | Actual Aggregated,2026-07-19T23:19:59Z
2026-07-19T23:19:05Z,2026-07-20T01:19:05+0200,028f9a66-b3fa-4fa7-a1aa-7c735a2e67a7,2026-06-29T17:45:00Z,2026-06-29T19:45:00+0200,322.55,MW,FR,FR,actual_offshore_wind_generation,Wind Offshore | Actual Aggregated,2026-07-19T23:19:59Z
2026-07-19T23:19:05Z,2026-07-20T01:19:05+0200,028f9a66-b3fa-4fa7-a1aa-7c735a2e67a7,2026-06-29T18:00:00Z,2026-06-29T20:00:00+0200,336.42,MW,FR,FR,actual_offshore_wind_generation,Wind Offshore | Actual Aggregated,2026-07-19T23:19:59Z
2026-07-19T23:19:05Z,2026-07-20T01:19:05+0200,028f9a66-b3fa-4fa7-a1aa-7c735a2e67a7,2026-06-29T18:15:00Z,2026-06-29T20:15:00+0200,358.62,MW,FR,FR,actual_offshore_wind_generation,Wind Offshore | Actual Aggregated,2026-07-19T23:19:59Z
2026-07-19T23:19:05Z,2026-07-20T01:19:05+0200,028f9a66-b3fa-4fa7-a1aa-7c735a2e67a7,2026-06-29T18:30:00Z,2026-06-29T20:30:00+0200,394.73,MW,FR,FR,actual_offshore_wind_generation,Wind Offshore | Actual Aggregated,2026-07-19T23:19:59Z
2026-07-19T23:19:05Z,2026-07-20T01:19:05+0200,028f9a66-b3fa-4fa7-a1aa-7c735a2e67a7,2026-06-29T18:45:00Z,2026-06-29T20:45:00+0200,422.9,MW,FR,FR,actual_offshore_wind_generation,Wind Offshore | Actual Aggregated,2026-07-19T23:19:59Z
2026-07-19T23:19:05Z,2026-07-20T01:19:05+0200,028f9a66-b3fa-4fa7-a1aa-7c735a2e67a7,2026-06-29T19:00:00Z,2026-06-29T21:00:00+0200,429.45,MW,FR,FR,actual_offshore_wind_generation,Wind Offshore | Actual Aggregated,2026-07-19T23:19:59Z
2026-07-19T23:19:05Z,2026-07-20T01:19:05+0200,028f9a66-b3fa-4fa7-a1aa-7c735a2e67a7,2026-06-29T19:15:00Z,2026-06-29T21:15:00+0200,431.56,MW,FR,FR,actual_offshore_wind_generation,Wind Offshore | Actual Aggregated,2026-07-19T23:19:59Z
2026-07-19T23:19:05Z,2026-07-20T01:19:05+0200,028f9a66-b3fa-4fa7-a1aa-7c735a2e67a7,2026-06-29T19:30:00Z,2026-06-29T21:30:00+0200,448.6,MW,FR,FR,actual_offshore_wind_generation,Wind Offshore | Actual Aggregated,2026-07-19T23:19:59Z
2026-07-19T23:19:05Z,2026-07-20T01:19:05+0200,028f9a66-b3fa-4fa7-a1aa-7c735a2e67a7,2026-06-29T19:45:00Z,2026-06-29T21:45:00+0200,466.0,MW,FR,FR,actual_offshore_wind_generation,Wind Offshore | Actual Aggregated,2026-07-19T23:19:59Z
2026-07-19T23:19:05Z,2026-07-20T01:19:05+0200,028f9a66-b3fa-4fa7-a1aa-7c735a2e67a7,2026-06-29T20:00:00Z,2026-06-29T22:00:00+0200,454.36,MW,FR,FR,actual_offshore_wind_generation,Wind Offshore | Actual Aggregated,2026-07-19T23:19:59Z
2026-07-19T23:19:05Z,2026-07-20T01:19:05+0200,028f9a66-b3fa-4fa7-a1aa-7c735a2e67a7,2026-06-29T20:15:00Z,2026-06-29T22:15:00+0200,454.44,MW,FR,FR,actual_offshore_wind_generation,Wind Offshore | Actual Aggregated,2026-07-19T23:19:59Z
2026-07-19T23:19:05Z,2026-07-20T01:19:05+0200,028f9a66-b3fa-4fa7-a1aa-7c735a2e67a7,2026-06-29T20:30:00Z,2026-06-29T22:30:00+0200,453.81,MW,FR,FR,actual_offshore_wind_generation,Wind Offshore | Actual Aggregated,2026-07-19T23:19:59Z
2026-07-19T23:19:05Z,2026-07-20T01:19:05+0200,028f9a66-b3fa-4fa7-a1aa-7c735a2e67a7,2026-06-29T20:45:00Z,2026-06-29T22:45:00+0200,454.92,MW,FR,FR,actual_offshore_wind_generation,Wind Offshore | Actual Aggregated,2026-07-19T23:19:59Z
2026-07-19T23:19:05Z,2026-07-20T01:19:05+0200,028f9a66-b3fa-4fa7-a1aa-7c735a2e67a7,2026-06-29T21:00:00Z,2026-06-29T23:00:00+0200,436.63,MW,FR,FR,actual_offshore_wind_generation,Wind Offshore | Actual Aggregated,2026-07-19T23:19:59Z
2026-07-19T23:19:05Z,2026-07-20T01:19:05+0200,028f9a66-b3fa-4fa7-a1aa-7c735a2e67a7,2026-06-29T21:15:00Z,2026-06-29T23:15:00+0200,409.0,MW,FR,FR,actual_offshore_wind_generation,Wind Offshore | Actual Aggregated,2026-07-19T23:19:59Z
2026-07-19T23:19:05Z,2026-07-20T01:19:05+0200,028f9a66-b3fa-4fa7-a1aa-7c735a2e67a7,2026-06-29T21:30:00Z,2026-06-29T23:30:00+0200,397.22,MW,FR,FR,actual_offshore_wind_generation,Wind Offshore | Actual Aggregated,2026-07-19T23:19:59Z
2026-07-19T23:19:05Z,2026-07-20T01:19:05+0200,028f9a66-b3fa-4fa7-a1aa-7c735a2e67a7,2026-06-29T21:45:00Z,2026-06-29T23:45:00+0200,365.25,MW,FR,FR,actual_offshore_wind_generation,Wind Offshore | Actual Aggregated,2026-07-19T23:19:59Z
2026-07-19T23:19:05Z,2026-07-20T01:19:05+0200,028f9a66-b3fa-4fa7-a1aa-7c735a2e67a7,2026-06-29T22:00:00Z,2026-06-30T00:00:00+0200,344.11,MW,FR,FR,actual_offshore_wind_generation,Wind Offshore | Actual Aggregated,2026-07-19T23:19:59Z
2026-07-19T23:19:05Z,2026-07-20T01:19:05+0200,028f9a66-b3fa-4fa7-a1aa-7c735a2e67a7,2026-06-29T22:15:00Z,2026-06-30T00:15:00+0200,296.03,MW,FR,FR,actual_offshore_wind_generation,Wind Offshore | Actual Aggregated,2026-07-19T23:19:59Z
2026-07-19T23:19:05Z,2026-07-20T01:19:05+0200,028f9a66-b3fa-4fa7-a1aa-7c735a2e67a7,2026-06-29T22:30:00Z,2026-06-30T00:30:00+0200,269.99,MW,FR,FR,actual_offshore_wind_generation,Wind Offshore | Actual Aggregated,2026-07-19T23:19:59Z
2026-07-19T23:19:05Z,2026-07-20T01:19:05+0200,028f9a66-b3fa-4fa7-a1aa-7c735a2e67a7,2026-06-29T22:45:00Z,2026-06-30T00:45:00+0200,249.03,MW,FR,FR,actual_offshore_wind_generation,Wind Offshore | Actual Aggregated,2026-07-19T23:19:59Z
2026-07-19T23:19:05Z,2026-07-20T01:19:05+0200,028f9a66-b3fa-4fa7-a1aa-7c735a2e67a7,2026-06-29T23:00:00Z,2026-06-30T01:00:00+0200,227.18,MW,FR,FR,actual_offshore_wind_generation,Wind Offshore | Actual Aggregated,2026-07-19T23:19:59Z
2026-07-19T23:19:05Z,2026-07-20T01:19:05+0200,028f9a66-b3fa-4fa7-a1aa-7c735a2e67a7,2026-06-29T23:15:00Z,2026-06-30T01:15:00+0200,204.12,MW,FR,FR,actual_offshore_wind_generation,Wind Offshore | Actual Aggregated,2026-07-19T23:19:59Z
2026-07-19T23:19:05Z,2026-07-20T01:19:05+0200,028f9a66-b3fa-4fa7-a1aa-7c735a2e67a7,2026-06-29T23:30:00Z,2026-06-30T01:30:00+0200,192.09,MW,FR,FR,actual_offshore_wind_generation,Wind Offshore | Actual Aggregated,2026-07-19T23:19:59Z
2026-07-19T23:19:05Z,2026-07-20T01:19:05+0200,028f9a66-b3fa-4fa7-a1aa-7c735a2e67a7,2026-06-29T23:45:00Z,2026-06-30T01:45:00+0200,181.18,MW,FR,FR,actual_offshore_wind_generation,Wind Offshore | Actual Aggregated,2026-07-19T23:19:59Z
2026-07-19T23:19:05Z,2026-07-20T01:19:05+0200,028f9a66-b3fa-4fa7-a1aa-7c735a2e67a7,2026-06-30T00:00:00Z,2026-06-30T02:00:00+0200,193.52,MW,FR,FR,actual_offshore_wind_generation,Wind Offshore | Actual Aggregated,2026-07-19T23:19:59Z
2026-07-19T23:19:05Z,2026-07-20T01:19:05+0200,028f9a66-b3fa-4fa7-a1aa-7c735a2e67a7,2026-06-30T00:15:00Z,2026-06-30T02:15:00+0200,199.35,MW,FR,FR,actual_offshore_wind_generation,Wind Offshore | Actual Aggregated,2026-07-19T23:19:59Z
2026-07-19T23:19:05Z,2026-07-20T01:19:05+0200,028f9a66-b3fa-4fa7-a1aa-7c735a2e67a7,2026-06-30T00:30:00Z,2026-06-30T02:30:00+0200,199.8,MW,FR,FR,actual_offshore_wind_generation,Wind Offshore | Actual Aggregated,2026-07-19T23:19:59Z
2026-07-19T23:19:05Z,2026-07-20T01:19:05+0200,028f9a66-b3fa-4fa7-a1aa-7c735a2e67a7,2026-06-30T00:45:00Z,2026-06-30T02:45:00+0200,191.61,MW,FR,FR,actual_offshore_wind_generation,Wind Offshore | Actual Aggregated,2026-07-19T23:19:59Z
2026-07-19T23:19:05Z,2026-07-20T01:19:05+0200,028f9a66-b3fa-4fa7-a1aa-7c735a2e67a7,2026-06-30T01:00:00Z,2026-06-30T03:00:00+0200,178.1,MW,FR,FR,actual_offshore_wind_generation,Wind Offshore | Actual Aggregated,2026-07-19T23:19:59Z
2026-07-19T23:19:05Z,2026-07-20T01:19:05+0200,028f9a66-b3fa-4fa7-a1aa-7c735a2e67a7,2026-06-30T01:15:00Z,2026-06-30T03:15:00+0200,155.48,MW,FR,FR,actual_offshore_wind_generation,Wind Offshore | Actual Aggregated,2026-07-19T23:19:59Z
2026-07-19T23:19:05Z,2026-07-20T01:19:05+0200,028f9a66-b3fa-4fa7-a1aa-7c735a2e67a7,2026-06-30T01:30:00Z,2026-06-30T03:30:00+0200,129.32,MW,FR,FR,actual_offshore_wind_generation,Wind Offshore | Actual Aggregated,2026-07-19T23:19:59Z
2026-07-19T23:19:05Z,2026-07-20T01:19:05+0200,028f9a66-b3fa-4fa7-a1aa-7c735a2e67a7,2026-06-30T01:45:00Z,2026-06-30T03:45:00+0200,100.21,MW,FR,FR,actual_offshore_wind_generation,Wind Offshore | Actual Aggregated,2026-07-19T23:19:59Z
2026-07-19T23:19:05Z,2026-07-20T01:19:05+0200,028f9a66-b3fa-4fa7-a1aa-7c735a2e67a7,2026-06-30T02:00:00Z,2026-06-30T04:00:00+0200,87.62,MW,FR,FR,actual_offshore_wind_generation,Wind Offshore | Actual Aggregated,2026-07-19T23:19:59Z
2026-07-19T23:19:05Z,2026-07-20T01:19:05+0200,028f9a66-b3fa-4fa7-a1aa-7c735a2e67a7,2026-06-30T02:15:00Z,2026-06-30T04:15:00+0200,81.94,MW,FR,FR,actual_offshore_wind_generation,Wind Offshore | Actual Aggregated,2026-07-19T23:19:59Z
2026-07-19T23:19:05Z,2026-07-20T01:19:05+0200,028f9a66-b3fa-4fa7-a1aa-7c735a2e67a7,2026-06-30T02:30:00Z,2026-06-30T04:30:00+0200,68.29,MW,FR,FR,actual_offshore_wind_generation,Wind Offshore | Actual Aggregated,2026-07-19T23:19:59Z
2026-07-19T23:19:05Z,2026-07-20T01:19:05+0200,028f9a66-b3fa-4fa7-a1aa-7c735a2e67a7,2026-06-30T02:45:00Z,2026-06-30T04:45:00+0200,66.67,MW,FR,FR,actual_offshore_wind_generation,Wind Offshore | Actual Aggregated,2026-07-19T23:19:59Z
2026-07-19T23:19:05Z,2026-07-20T01:19:05+0200,028f9a66-b3fa-4fa7-a1aa-7c735a2e67a7,2026-06-30T03:00:00Z,2026-06-30T05:00:00+0200,50.67,MW,FR,FR,actual_offshore_wind_generation,Wind Offshore | Actual Aggregated,2026-07-19T23:19:59Z
2026-07-19T23:19:05Z,2026-07-20T01:19:05+0200,028f9a66-b3fa-4fa7-a1aa-7c735a2e67a7,2026-06-30T03:15:00Z,2026-06-30T05:15:00+0200,44.39,MW,FR,FR,actual_offshore_wind_generation,Wind Offshore | Actual Aggregated,2026-07-19T23:19:59Z
2026-07-19T23:19:05Z,2026-07-20T01:19:05+0200,028f9a66-b3fa-4fa7-a1aa-7c735a2e67a7,2026-06-30T03:30:00Z,2026-06-30T05:30:00+0200,45.76,MW,FR,FR,actual_offshore_wind_generation,Wind Offshore | Actual Aggregated,2026-07-19T23:19:59Z
2026-07-19T23:19:05Z,2026-07-20T01:19:05+0200,028f9a66-b3fa-4fa7-a1aa-7c735a2e67a7,2026-06-30T03:45:00Z,2026-06-30T05:45:00+0200,49.43,MW,FR,FR,actual_offshore_wind_generation,Wind Offshore | Actual Aggregated,2026-07-19T23:19:59Z
2026-07-19T23:19:05Z,2026-07-20T01:19:05+0200,028f9a66-b3fa-4fa7-a1aa-7c735a2e67a7,2026-06-30T04:00:00Z,2026-06-30T06:00:00+0200,51.39,MW,FR,FR,actual_offshore_wind_generation,Wind Offshore | Actual Aggregated,2026-07-19T23:19:59Z
2026-07-19T23:19:05Z,2026-07-20T01:19:05+0200,028f9a66-b3fa-4fa7-a1aa-7c735a2e67a7,2026-06-30T04:15:00Z,2026-06-30T06:15:00+0200,70.28,MW,FR,FR,actual_offshore_wind_generation,Wind Offshore | Actual Aggregated,2026-07-19T23:19:59Z
2026-07-19T23:19:05Z,2026-07-20T01:19:05+0200,028f9a66-b3fa-4fa7-a1aa-7c735a2e67a7,2026-06-30T04:30:00Z,2026-06-30T06:30:00+0200,90.3,MW,FR,FR,actual_offshore_wind_generation,Wind Offshore | Actual Aggregated,2026-07-19T23:19:59Z
2026-07-19T23:19:05Z,2026-07-20T01:19:05+0200,028f9a66-b3fa-4fa7-a1aa-7c735a2e67a7,2026-06-30T04:45:00Z,2026-06-30T06:45:00+0200,111.46,MW,FR,FR,actual_offshore_wind_generation,Wind Offshore | Actual Aggregated,2026-07-19T23:19:59Z
2026-07-19T23:19:05Z,2026-07-20T01:19:05+0200,028f9a66-b3fa-4fa7-a1aa-7c735a2e67a7,2026-06-30T05:00:00Z,2026-06-30T07:00:00+0200,130.57,MW,FR,FR,actual_offshore_wind_generation,Wind Offshore | Actual Aggregated,2026-07-19T23:19:59Z
2026-07-19T23:19:05Z,2026-07-20T01:19:05+0200,028f9a66-b3fa-4fa7-a1aa-7c735a2e67a7,2026-06-30T05:15:00Z,2026-06-30T07:15:00+0200,134.75,MW,FR,FR,actual_offshore_wind_generation,Wind Offshore | Actual Aggregated,2026-07-19T23:19:59Z
2026-07-19T23:19:05Z,2026-07-20T01:19:05+0200,028f9a66-b3fa-4fa7-a1aa-7c735a2e67a7,2026-06-30T05:30:00Z,2026-06-30T07:30:00+0200,113.41,MW,FR,FR,actual_offshore_wind_generation,Wind Offshore | Actual Aggregated,2026-07-19T23:19:59Z
2026-07-19T23:19:05Z,2026-07-20T01:19:05+0200,028f9a66-b3fa-4fa7-a1aa-7c735a2e67a7,2026-06-30T05:45:00Z,2026-06-30T07:45:00+0200,107.12,MW,FR,FR,actual_offshore_wind_generation,Wind Offshore | Actual Aggregated,2026-07-19T23:19:59Z
2026-07-19T23:19:05Z,2026-07-20T01:19:05+0200,028f9a66-b3fa-4fa7-a1aa-7c735a2e67a7,2026-06-30T06:00:00Z,2026-06-30T08:00:00+0200,111.21,MW,FR,FR,actual_offshore_wind_generation,Wind Offshore | Actual Aggregated,2026-07-19T23:19:59Z
2026-07-19T23:19:05Z,2026-07-20T01:19:05+0200,028f9a66-b3fa-4fa7-a1aa-7c735a2e67a7,2026-06-30T06:15:00Z,2026-06-30T08:15:00+0200,105.36,MW,FR,FR,actual_offshore_wind_generation,Wind Offshore | Actual Aggregated,2026-07-19T23:19:59Z
2026-07-19T23:19:05Z,2026-07-20T01:19:05+0200,028f9a66-b3fa-4fa7-a1aa-7c735a2e67a7,2026-06-30T06:30:00Z,2026-06-30T08:30:00+0200,91.62,MW,FR,FR,actual_offshore_wind_generation,Wind Offshore | Actual Aggregated,2026-07-19T23:19:59Z
2026-07-19T23:19:05Z,2026-07-20T01:19:05+0200,028f9a66-b3fa-4fa7-a1aa-7c735a2e67a7,2026-06-30T06:45:00Z,2026-06-30T08:45:00+0200,76.78,MW,FR,FR,actual_offshore_wind_generation,Wind Offshore | Actual Aggregated,2026-07-19T23:19:59Z
2026-07-19T23:19:05Z,2026-07-20T01:19:05+0200,028f9a66-b3fa-4fa7-a1aa-7c735a2e67a7,2026-06-30T07:00:00Z,2026-06-30T09:00:00+0200,63.48,MW,FR,FR,actual_offshore_wind_generation,Wind Offshore | Actual Aggregated,2026-07-19T23:19:59Z
2026-07-19T23:19:05Z,2026-07-20T01:19:05+0200,028f9a66-b3fa-4fa7-a1aa-7c735a2e67a7,2026-06-30T07:15:00Z,2026-06-30T09:15:00+0200,47.26,MW,FR,FR,actual_offshore_wind_generation,Wind Offshore | Actual Aggregated,2026-07-19T23:19:59Z
2026-07-19T23:19:05Z,2026-07-20T01:19:05+0200,028f9a66-b3fa-4fa7-a1aa-7c735a2e67a7,2026-06-30T07:30:00Z,2026-06-30T09:30:00+0200,26.61,MW,FR,FR,actual_offshore_wind_generation,Wind Offshore | Actual Aggregated,2026-07-19T23:19:59Z
2026-07-19T23:19:05Z,2026-07-20T01:19:05+0200,028f9a66-b3fa-4fa7-a1aa-7c735a2e67a7,2026-06-30T07:45:00Z,2026-06-30T09:45:00+0200,19.01,MW,FR,FR,actual_offshore_wind_generation,Wind Offshore | Actual Aggregated,2026-07-19T23:19:59Z
2026-07-19T23:19:05Z,2026-07-20T01:19:05+0200,028f9a66-b3fa-4fa7-a1aa-7c735a2e67a7,2026-06-30T08:00:00Z,2026-06-30T10:00:00+0200,13.33,MW,FR,FR,actual_offshore_wind_generation,Wind Offshore | Actual Aggregated,2026-07-19T23:19:59Z
2026-07-19T23:19:05Z,2026-07-20T01:19:05+0200,028f9a66-b3fa-4fa7-a1aa-7c735a2e67a7,2026-06-30T08:15:00Z,2026-06-30T10:15:00+0200,8.36,MW,FR,FR,actual_offshore_wind_generation,Wind Offshore | Actual Aggregated,2026-07-19T23:19:59Z
2026-07-19T23:19:05Z,2026-07-20T01:19:05+0200,028f9a66-b3fa-4fa7-a1aa-7c735a2e67a7,2026-06-30T08:30:00Z,2026-06-30T10:30:00+0200,2.99,MW,FR,FR,actual_offshore_wind_generation,Wind Offshore | Actual Aggregated,2026-07-19T23:19:59Z
2026-07-19T23:19:05Z,2026-07-20T01:19:05+0200,028f9a66-b3fa-4fa7-a1aa-7c735a2e67a7,2026-06-30T08:45:00Z,2026-06-30T10:45:00+0200,4.11,MW,FR,FR,actual_offshore_wind_generation,Wind Offshore | Actual Aggregated,2026-07-19T23:19:59Z
2026-07-19T23:19:05Z,2026-07-20T01:19:05+0200,028f9a66-b3fa-4fa7-a1aa-7c735a2e67a7,2026-06-30T09:00:00Z,2026-06-30T11:00:00+0200,10.55,MW,FR,FR,actual_offshore_wind_generation,Wind Offshore | Actual Aggregated,2026-07-19T23:19:59Z
2026-07-19T23:19:05Z,2026-07-20T01:19:05+0200,028f9a66-b3fa-4fa7-a1aa-7c735a2e67a7,2026-06-30T09:15:00Z,2026-06-30T11:15:00+0200,20.41,MW,FR,FR,actual_offshore_wind_generation,Wind Offshore | Actual Aggregated,2026-07-19T23:19:59Z
2026-07-19T23:19:05Z,2026-07-20T01:19:05+0200,028f9a66-b3fa-4fa7-a1aa-7c735a2e67a7,2026-06-30T09:30:00Z,2026-06-30T11:30:00+0200,11.54,MW,FR,FR,actual_offshore_wind_generation,Wind Offshore | Actual Aggregated,2026-07-19T23:19:59Z
2026-07-19T23:19:05Z,2026-07-20T01:19:05+0200,028f9a66-b3fa-4fa7-a1aa-7c735a2e67a7,2026-06-30T09:45:00Z,2026-06-30T11:45:00+0200,30.38,MW,FR,FR,actual_offshore_wind_generation,Wind Offshore | Actual Aggregated,2026-07-19T23:19:59Z
2026-07-19T23:19:05Z,2026-07-20T01:19:05+0200,028f9a66-b3fa-4fa7-a1aa-7c735a2e67a7,2026-06-30T10:00:00Z,2026-06-30T12:00:00+0200,70.31,MW,FR,FR,actual_offshore_wind_generation,Wind Offshore | Actual Aggregated,2026-07-19T23:19:59Z
2026-07-19T23:19:05Z,2026-07-20T01:19:05+0200,028f9a66-b3fa-4fa7-a1aa-7c735a2e67a7,2026-06-30T10:15:00Z,2026-06-30T12:15:00+0200,105.22,MW,FR,FR,actual_offshore_wind_generation,Wind Offshore | Actual Aggregated,2026-07-19T23:19:59Z
2026-07-19T23:19:05Z,2026-07-20T01:19:05+0200,028f9a66-b3fa-4fa7-a1aa-7c735a2e67a7,2026-06-30T10:30:00Z,2026-06-30T12:30:00+0200,122.81,MW,FR,FR,actual_offshore_wind_generation,Wind Offshore | Actual Aggregated,2026-07-19T23:19:59Z
2026-07-19T23:19:05Z,2026-07-20T01:19:05+0200,028f9a66-b3fa-4fa7-a1aa-7c735a2e67a7,2026-06-30T10:45:00Z,2026-06-30T12:45:00+0200,130.41,MW,FR,FR,actual_offshore_wind_generation,Wind Offshore | Actual Aggregated,2026-07-19T23:19:59Z
2026-07-19T23:19:05Z,2026-07-20T01:19:05+0200,028f9a66-b3fa-4fa7-a1aa-7c735a2e67a7,2026-06-30T11:00:00Z,2026-06-30T13:00:00+0200,161.71,MW,FR,FR,actual_offshore_wind_generation,Wind Offshore | Actual Aggregated,2026-07-19T23:19:59Z
2026-07-19T23:19:05Z,2026-07-20T01:19:05+0200,028f9a66-b3fa-4fa7-a1aa-7c735a2e67a7,2026-06-30T11:15:00Z,2026-06-30T13:15:00+0200,183.6,MW,FR,FR,actual_offshore_wind_generation,Wind Offshore | Actual Aggregated,2026-07-19T23:19:59Z
2026-07-19T23:19:05Z,2026-07-20T01:19:05+0200,028f9a66-b3fa-4fa7-a1aa-7c735a2e67a7,2026-06-30T11:30:00Z,2026-06-30T13:30:00+0200,199.59,MW,FR,FR,actual_offshore_wind_generation,Wind Offshore | Actual Aggregated,2026-07-19T23:19:59Z
2026-07-19T23:19:05Z,2026-07-20T01:19:05+0200,028f9a66-b3fa-4fa7-a1aa-7c735a2e67a7,2026-06-30T11:45:00Z,2026-06-30T13:45:00+0200,224.2,MW,FR,FR,actual_offshore_wind_generation,Wind Offshore | Actual Aggregated,2026-07-19T23:19:59Z
2026-07-19T23:19:05Z,2026-07-20T01:19:05+0200,028f9a66-b3fa-4fa7-a1aa-7c735a2e67a7,2026-06-30T12:00:00Z,2026-06-30T14:00:00+0200,242.39,MW,FR,FR,actual_offshore_wind_generation,Wind Offshore | Actual Aggregated,2026-07-19T23:19:59Z
2026-07-19T23:19:05Z,2026-07-20T01:19:05+0200,028f9a66-b3fa-4fa7-a1aa-7c735a2e67a7,2026-06-30T12:15:00Z,2026-06-30T14:15:00+0200,258.49,MW,FR,FR,actual_offshore_wind_generation,Wind Offshore | Actual Aggregated,2026-07-19T23:19:59Z
2026-07-19T23:19:05Z,2026-07-20T01:19:05+0200,028f9a66-b3fa-4fa7-a1aa-7c735a2e67a7,2026-06-30T12:30:00Z,2026-06-30T14:30:00+0200,285.85,MW,FR,FR,actual_offshore_wind_generation,Wind Offshore | Actual Aggregated,2026-07-19T23:19:59Z
2026-07-19T23:19:05Z,2026-07-20T01:19:05+0200,028f9a66-b3fa-4fa7-a1aa-7c735a2e67a7,2026-06-30T12:45:00Z,2026-06-30T14:45:00+0200,336.67,MW,FR,FR,actual_offshore_wind_generation,Wind Offshore | Actual Aggregated,2026-07-19T23:19:59Z
2026-07-19T23:19:05Z,2026-07-20T01:19:05+0200,028f9a66-b3fa-4fa7-a1aa-7c735a2e67a7,2026-06-30T13:00:00Z,2026-06-30T15:00:00+0200,392.17,MW,FR,FR,actual_offshore_wind_generation,Wind Offshore | Actual Aggregated,2026-07-19T23:19:59Z
2026-07-19T23:19:05Z,2026-07-20T01:19:05+0200,028f9a66-b3fa-4fa7-a1aa-7c735a2e67a7,2026-06-30T13:15:00Z,2026-06-30T15:15:00+0200,473.6,MW,FR,FR,actual_offshore_wind_generation,Wind Offshore | Actual Aggregated,2026-07-19T23:19:59Z
2026-07-19T23:19:05Z,2026-07-20T01:19:05+0200,028f9a66-b3fa-4fa7-a1aa-7c735a2e67a7,2026-06-30T13:30:00Z,2026-06-30T15:30:00+0200,545.64,MW,FR,FR,actual_offshore_wind_generation,Wind Offshore | Actual Aggregated,2026-07-19T23:19:59Z
2026-07-19T23:19:05Z,2026-07-20T01:19:05+0200,028f9a66-b3fa-4fa7-a1aa-7c735a2e67a7,2026-06-30T13:45:00Z,2026-06-30T15:45:00+0200,623.41,MW,FR,FR,actual_offshore_wind_generation,Wind Offshore | Actual Aggregated,2026-07-19T23:19:59Z
2026-07-19T23:19:05Z,2026-07-20T01:19:05+0200,028f9a66-b3fa-4fa7-a1aa-7c735a2e67a7,2026-06-30T14:00:00Z,2026-06-30T16:00:00+0200,674.52,MW,FR,FR,actual_offshore_wind_generation,Wind Offshore | Actual Aggregated,2026-07-19T23:19:59Z
2026-07-19T23:19:05Z,2026-07-20T01:19:05+0200,028f9a66-b3fa-4fa7-a1aa-7c735a2e67a7,2026-06-30T14:15:00Z,2026-06-30T16:15:00+0200,690.94,MW,FR,FR,actual_offshore_wind_generation,Wind Offshore | Actual Aggregated,2026-07-19T23:19:59Z
2026-07-19T23:19:05Z,2026-07-20T01:19:05+0200,028f9a66-b3fa-4fa7-a1aa-7c735a2e67a7,2026-06-30T14:30:00Z,2026-06-30T16:30:00+0200,661.59,MW,FR,FR,actual_offshore_wind_generation,Wind Offshore | Actual Aggregated,2026-07-19T23:19:59Z
2026-07-19T23:19:05Z,2026-07-20T01:19:05+0200,028f9a66-b3fa-4fa7-a1aa-7c735a2e67a7,2026-06-30T14:45:00Z,2026-06-30T16:45:00+0200,678.73,MW,FR,FR,actual_offshore_wind_generation,Wind Offshore | Actual Aggregated,2026-07-19T23:19:59Z
2026-07-19T23:19:05Z,2026-07-20T01:19:05+0200,028f9a66-b3fa-4fa7-a1aa-7c735a2e67a7,2026-06-30T15:00:00Z,2026-06-30T17:00:00+0200,693.2,MW,FR,FR,actual_offshore_wind_generation,Wind Offshore | Actual Aggregated,2026-07-19T23:19:59Z
2026-07-19T23:19:05Z,2026-07-20T01:19:05+0200,028f9a66-b3fa-4fa7-a1aa-7c735a2e67a7,2026-06-30T15:15:00Z,2026-06-30T17:15:00+0200,691.14,MW,FR,FR,actual_offshore_wind_generation,Wind Offshore | Actual Aggregated,2026-07-19T23:19:59Z
2026-07-19T23:19:05Z,2026-07-20T01:19:05+0200,028f9a66-b3fa-4fa7-a1aa-7c735a2e67a7,2026-06-30T15:30:00Z,2026-06-30T17:30:00+0200,722.45,MW,FR,FR,actual_offshore_wind_generation,Wind Offshore | Actual Aggregated,2026-07-19T23:19:59Z
2026-07-19T23:19:05Z,2026-07-20T01:19:05+0200,028f9a66-b3fa-4fa7-a1aa-7c735a2e67a7,2026-06-30T15:45:00Z,2026-06-30T17:45:00+0200,721.96,MW,FR,FR,actual_offshore_wind_generation,Wind Offshore | Actual Aggregated,2026-07-19T23:19:59Z
2026-07-19T23:19:05Z,2026-07-20T01:19:05+0200,028f9a66-b3fa-4fa7-a1aa-7c735a2e67a7,2026-06-30T16:00:00Z,2026-06-30T18:00:00+0200,705.04,MW,FR,FR,actual_offshore_wind_generation,Wind Offshore | Actual Aggregated,2026-07-19T23:19:59Z
2026-07-19T23:19:05Z,2026-07-20T01:19:05+0200,028f9a66-b3fa-4fa7-a1aa-7c735a2e67a7,2026-06-30T16:15:00Z,2026-06-30T18:15:00+0200,687.68,MW,FR,FR,actual_offshore_wind_generation,Wind Offshore | Actual Aggregated,2026-07-19T23:19:59Z
2026-07-19T23:19:05Z,2026-07-20T01:19:05+0200,028f9a66-b3fa-4fa7-a1aa-7c735a2e67a7,2026-06-30T16:30:00Z,2026-06-30T18:30:00+0200,730.98,MW,FR,FR,actual_offshore_wind_generation,Wind Offshore | Actual Aggregated,2026-07-19T23:19:59Z
2026-07-19T23:19:05Z,2026-07-20T01:19:05+0200,028f9a66-b3fa-4fa7-a1aa-7c735a2e67a7,2026-06-30T16:45:00Z,2026-06-30T18:45:00+0200,742.72,MW,FR,FR,actual_offshore_wind_generation,Wind Offshore | Actual Aggregated,2026-07-19T23:19:59Z
2026-07-19T23:19:05Z,2026-07-20T01:19:05+0200,028f9a66-b3fa-4fa7-a1aa-7c735a2e67a7,2026-06-30T17:00:00Z,2026-06-30T19:00:00+0200,763.22,MW,FR,FR,actual_offshore_wind_generation,Wind Offshore | Actual Aggregated,2026-07-19T23:19:59Z
2026-07-19T23:19:05Z,2026-07-20T01:19:05+0200,028f9a66-b3fa-4fa7-a1aa-7c735a2e67a7,2026-06-30T17:15:00Z,2026-06-30T19:15:00+0200,793.02,MW,FR,FR,actual_offshore_wind_generation,Wind Offshore | Actual Aggregated,2026-07-19T23:19:59Z
2026-07-19T23:19:05Z,2026-07-20T01:19:05+0200,028f9a66-b3fa-4fa7-a1aa-7c735a2e67a7,2026-06-30T17:30:00Z,2026-06-30T19:30:00+0200,825.64,MW,FR,FR,actual_offshore_wind_generation,Wind Offshore | Actual Aggregated,2026-07-19T23:19:59Z
2026-07-19T23:19:05Z,2026-07-20T01:19:05+0200,028f9a66-b3fa-4fa7-a1aa-7c735a2e67a7,2026-06-30T17:45:00Z,2026-06-30T19:45:00+0200,833.48,MW,FR,FR,actual_offshore_wind_generation,Wind Offshore | Actual Aggregated,2026-07-19T23:19:59Z
2026-07-19T23:19:05Z,2026-07-20T01:19:05+0200,028f9a66-b3fa-4fa7-a1aa-7c735a2e67a7,2026-06-30T18:00:00Z,2026-06-30T20:00:00+0200,868.87,MW,FR,FR,actual_offshore_wind_generation,Wind Offshore | Actual Aggregated,2026-07-19T23:19:59Z
2026-07-19T23:19:05Z,2026-07-20T01:19:05+0200,028f9a66-b3fa-4fa7-a1aa-7c735a2e67a7,2026-06-30T18:15:00Z,2026-06-30T20:15:00+0200,886.72,MW,FR,FR,actual_offshore_wind_generation,Wind Offshore | Actual Aggregated,2026-07-19T23:19:59Z
2026-07-19T23:19:05Z,2026-07-20T01:19:05+0200,028f9a66-b3fa-4fa7-a1aa-7c735a2e67a7,2026-06-30T18:30:00Z,2026-06-30T20:30:00+0200,954.14,MW,FR,FR,actual_offshore_wind_generation,Wind Offshore | Actual Aggregated,2026-07-19T23:19:59Z
2026-07-19T23:19:05Z,2026-07-20T01:19:05+0200,028f9a66-b3fa-4fa7-a1aa-7c735a2e67a7,2026-06-30T18:45:00Z,2026-06-30T20:45:00+0200,988.02,MW,FR,FR,actual_offshore_wind_generation,Wind Offshore | Actual Aggregated,2026-07-19T23:19:59Z
2026-07-19T23:19:05Z,2026-07-20T01:19:05+0200,028f9a66-b3fa-4fa7-a1aa-7c735a2e67a7,2026-06-30T19:00:00Z,2026-06-30T21:00:00+0200,969.86,MW,FR,FR,actual_offshore_wind_generation,Wind Offshore | Actual Aggregated,2026-07-19T23:19:59Z
2026-07-19T23:19:05Z,2026-07-20T01:19:05+0200,028f9a66-b3fa-4fa7-a1aa-7c735a2e67a7,2026-06-30T19:15:00Z,2026-06-30T21:15:00+0200,980.96,MW,FR,FR,actual_offshore_wind_generation,Wind Offshore | Actual Aggregated,2026-07-19T23:19:59Z
2026-07-19T23:19:05Z,2026-07-20T01:19:05+0200,028f9a66-b3fa-4fa7-a1aa-7c735a2e67a7,2026-06-30T19:30:00Z,2026-06-30T21:30:00+0200,998.45,MW,FR,FR,actual_offshore_wind_generation,Wind Offshore | Actual Aggregated,2026-07-19T23:19:59Z
2026-07-19T23:19:05Z,2026-07-20T01:19:05+0200,028f9a66-b3fa-4fa7-a1aa-7c735a2e67a7,2026-06-30T19:45:00Z,2026-06-30T21:45:00+0200,982.12,MW,FR,FR,actual_offshore_wind_generation,Wind Offshore | Actual Aggregated,2026-07-19T23:19:59Z
2026-07-19T23:19:05Z,2026-07-20T01:19:05+0200,028f9a66-b3fa-4fa7-a1aa-7c735a2e67a7,2026-06-30T20:00:00Z,2026-06-30T22:00:00+0200,975.68,MW,FR,FR,actual_offshore_wind_generation,Wind Offshore | Actual Aggregated,2026-07-19T23:19:59Z
2026-07-19T23:19:05Z,2026-07-20T01:19:05+0200,028f9a66-b3fa-4fa7-a1aa-7c735a2e67a7,2026-06-30T20:15:00Z,2026-06-30T22:15:00+0200,980.29,MW,FR,FR,actual_offshore_wind_generation,Wind Offshore | Actual Aggregated,2026-07-19T23:19:59Z
2026-07-19T23:19:05Z,2026-07-20T01:19:05+0200,028f9a66-b3fa-4fa7-a1aa-7c735a2e67a7,2026-06-30T20:30:00Z,2026-06-30T22:30:00+0200,986.01,MW,FR,FR,actual_offshore_wind_generation,Wind Offshore | Actual Aggregated,2026-07-19T23:19:59Z
2026-07-19T23:19:05Z,2026-07-20T01:19:05+0200,028f9a66-b3fa-4fa7-a1aa-7c735a2e67a7,2026-06-30T20:45:00Z,2026-06-30T22:45:00+0200,985.49,MW,FR,FR,actual_offshore_wind_generation,Wind Offshore | Actual Aggregated,2026-07-19T23:19:59Z
2026-07-19T23:19:05Z,2026-07-20T01:19:05+0200,028f9a66-b3fa-4fa7-a1aa-7c735a2e67a7,2026-06-30T21:00:00Z,2026-06-30T23:00:00+0200,970.1,MW,FR,FR,actual_offshore_wind_generation,Wind Offshore | Actual Aggregated,2026-07-19T23:19:59Z
2026-07-19T23:19:05Z,2026-07-20T01:19:05+0200,028f9a66-b3fa-4fa7-a1aa-7c735a2e67a7,2026-06-30T21:15:00Z,2026-06-30T23:15:00+0200,969.7,MW,FR,FR,actual_offshore_wind_generation,Wind Offshore | Actual Aggregated,2026-07-19T23:19:59Z
2026-07-19T23:19:05Z,2026-07-20T01:19:05+0200,028f9a66-b3fa-4fa7-a1aa-7c735a2e67a7,2026-06-30T21:30:00Z,2026-06-30T23:30:00+0200,939.04,MW,FR,FR,actual_offshore_wind_generation,Wind Offshore | Actual Aggregated,2026-07-19T23:19:59Z
2026-07-19T23:19:05Z,2026-07-20T01:19:05+0200,028f9a66-b3fa-4fa7-a1aa-7c735a2e67a7,2026-06-30T21:45:00Z,2026-06-30T23:45:00+0200,897.68,MW,FR,FR,actual_offshore_wind_generation,Wind Offshore | Actual Aggregated,2026-07-19T23:19:59Z
2026-07-19T23:19:05Z,2026-07-20T01:19:05+0200,028f9a66-b3fa-4fa7-a1aa-7c735a2e67a7,2026-06-30T22:00:00Z,2026-07-01T00:00:00+0200,815.36,MW,FR,FR,actual_offshore_wind_generation,Wind Offshore | Actual Aggregated,2026-07-19T23:19:59Z
2026-07-19T23:19:05Z,2026-07-20T01:19:05+0200,028f9a66-b3fa-4fa7-a1aa-7c735a2e67a7,2026-06-30T22:15:00Z,2026-07-01T00:15:00+0200,735.97,MW,FR,FR,actual_offshore_wind_generation,Wind Offshore | Actual Aggregated,2026-07-19T23:19:59Z
2026-07-19T23:19:05Z,2026-07-20T01:19:05+0200,028f9a66-b3fa-4fa7-a1aa-7c735a2e67a7,2026-06-30T22:30:00Z,2026-07-01T00:30:00+0200,700.86,MW,FR,FR,actual_offshore_wind_generation,Wind Offshore | Actual Aggregated,2026-07-19T23:19:59Z
2026-07-19T23:19:05Z,2026-07-20T01:19:05+0200,028f9a66-b3fa-4fa7-a1aa-7c735a2e67a7,2026-06-30T22:45:00Z,2026-07-01T00:45:00+0200,707.61,MW,FR,FR,actual_offshore_wind_generation,Wind Offshore | Actual Aggregated,2026-07-19T23:19:59Z
2026-07-19T23:19:05Z,2026-07-20T01:19:05+0200,028f9a66-b3fa-4fa7-a1aa-7c735a2e67a7,2026-06-30T23:00:00Z,2026-07-01T01:00:00+0200,672.23,MW,FR,FR,actual_offshore_wind_generation,Wind Offshore | Actual Aggregated,2026-07-19T23:19:59Z
2026-07-19T23:19:05Z,2026-07-20T01:19:05+0200,028f9a66-b3fa-4fa7-a1aa-7c735a2e67a7,2026-06-30T23:15:00Z,2026-07-01T01:15:00+0200,646.61,MW,FR,FR,actual_offshore_wind_generation,Wind Offshore | Actual Aggregated,2026-07-19T23:19:59Z
2026-07-19T23:19:05Z,2026-07-20T01:19:05+0200,028f9a66-b3fa-4fa7-a1aa-7c735a2e67a7,2026-06-30T23:30:00Z,2026-07-01T01:30:00+0200,660.8,MW,FR,FR,actual_offshore_wind_generation,Wind Offshore | Actual Aggregated,2026-07-19T23:19:59Z
2026-07-19T23:19:05Z,2026-07-20T01:19:05+0200,028f9a66-b3fa-4fa7-a1aa-7c735a2e67a7,2026-06-30T23:45:00Z,2026-07-01T01:45:00+0200,615.64,MW,FR,FR,actual_offshore_wind_generation,Wind Offshore | Actual Aggregated,2026-07-19T23:19:59Z
2026-07-19T23:19:05Z,2026-07-20T01:19:05+0200,028f9a66-b3fa-4fa7-a1aa-7c735a2e67a7,2026-07-01T00:00:00Z,2026-07-01T02:00:00+0200,635.12,MW,FR,FR,actual_offshore_wind_generation,Wind Offshore | Actual Aggregated,2026-07-19T23:19:59Z
2026-07-19T23:19:05Z,2026-07-20T01:19:05+0200,028f9a66-b3fa-4fa7-a1aa-7c735a2e67a7,2026-07-01T00:15:00Z,2026-07-01T02:15:00+0200,614.21,MW,FR,FR,actual_offshore_wind_generation,Wind Offshore | Actual Aggregated,2026-07-19T23:19:59Z
2026-07-19T23:19:05Z,2026-07-20T01:19:05+0200,028f9a66-b3fa-4fa7-a1aa-7c735a2e67a7,2026-07-01T00:30:00Z,2026-07-01T02:30:00+0200,608.23,MW,FR,FR,actual_offshore_wind_generation,Wind Offshore | Actual Aggregated,2026-07-19T23:19:59Z
2026-07-19T23:19:05Z,2026-07-20T01:19:05+0200,028f9a66-b3fa-4fa7-a1aa-7c735a2e67a7,2026-07-01T00:45:00Z,2026-07-01T02:45:00+0200,600.2,MW,FR,FR,actual_offshore_wind_generation,Wind Offshore | Actual Aggregated,2026-07-19T23:19:59Z
2026-07-19T23:19:05Z,2026-07-20T01:19:05+0200,028f9a66-b3fa-4fa7-a1aa-7c735a2e67a7,2026-07-01T01:00:00Z,2026-07-01T03:00:00+0200,577.74,MW,FR,FR,actual_offshore_wind_generation,Wind Offshore | Actual Aggregated,2026-07-19T23:19:59Z
2026-07-19T23:19:05Z,2026-07-20T01:19:05+0200,028f9a66-b3fa-4fa7-a1aa-7c735a2e67a7,2026-07-01T01:15:00Z,2026-07-01T03:15:00+0200,571.74,MW,FR,FR,actual_offshore_wind_generation,Wind Offshore | Actual Aggregated,2026-07-19T23:19:59Z
2026-07-19T23:19:05Z,2026-07-20T01:19:05+0200,028f9a66-b3fa-4fa7-a1aa-7c735a2e67a7,2026-07-01T01:30:00Z,2026-07-01T03:30:00+0200,539.6,MW,FR,FR,actual_offshore_wind_generation,Wind Offshore | Actual Aggregated,2026-07-19T23:19:59Z
2026-07-19T23:19:05Z,2026-07-20T01:19:05+0200,028f9a66-b3fa-4fa7-a1aa-7c735a2e67a7,2026-07-01T01:45:00Z,2026-07-01T03:45:00+0200,511.13,MW,FR,FR,actual_offshore_wind_generation,Wind Offshore | Actual Aggregated,2026-07-19T23:19:59Z
2026-07-19T23:19:05Z,2026-07-20T01:19:05+0200,028f9a66-b3fa-4fa7-a1aa-7c735a2e67a7,2026-07-01T02:00:00Z,2026-07-01T04:00:00+0200,496.66,MW,FR,FR,actual_offshore_wind_generation,Wind Offshore | Actual Aggregated,2026-07-19T23:19:59Z
2026-07-19T23:19:05Z,2026-07-20T01:19:05+0200,028f9a66-b3fa-4fa7-a1aa-7c735a2e67a7,2026-07-01T02:15:00Z,2026-07-01T04:15:00+0200,439.01,MW,FR,FR,actual_offshore_wind_generation,Wind Offshore | Actual Aggregated,2026-07-19T23:19:59Z
2026-07-19T23:19:05Z,2026-07-20T01:19:05+0200,028f9a66-b3fa-4fa7-a1aa-7c735a2e67a7,2026-07-01T02:30:00Z,2026-07-01T04:30:00+0200,381.28,MW,FR,FR,actual_offshore_wind_generation,Wind Offshore | Actual Aggregated,2026-07-19T23:19:59Z
2026-07-19T23:19:05Z,2026-07-20T01:19:05+0200,028f9a66-b3fa-4fa7-a1aa-7c735a2e67a7,2026-07-01T02:45:00Z,2026-07-01T04:45:00+0200,330.29,MW,FR,FR,actual_offshore_wind_generation,Wind Offshore | Actual Aggregated,2026-07-19T23:19:59Z
2026-07-19T23:19:05Z,2026-07-20T01:19:05+0200,028f9a66-b3fa-4fa7-a1aa-7c735a2e67a7,2026-07-01T03:00:00Z,2026-07-01T05:00:00+0200,328.84,MW,FR,FR,actual_offshore_wind_generation,Wind Offshore | Actual Aggregated,2026-07-19T23:19:59Z
2026-07-19T23:19:05Z,2026-07-20T01:19:05+0200,028f9a66-b3fa-4fa7-a1aa-7c735a2e67a7,2026-07-01T03:15:00Z,2026-07-01T05:15:00+0200,317.27,MW,FR,FR,actual_offshore_wind_generation,Wind Offshore | Actual Aggregated,2026-07-19T23:19:59Z
2026-07-19T23:19:05Z,2026-07-20T01:19:05+0200,028f9a66-b3fa-4fa7-a1aa-7c735a2e67a7,2026-07-01T03:30:00Z,2026-07-01T05:30:00+0200,311.33,MW,FR,FR,actual_offshore_wind_generation,Wind Offshore | Actual Aggregated,2026-07-19T23:19:59Z
2026-07-19T23:19:05Z,2026-07-20T01:19:05+0200,028f9a66-b3fa-4fa7-a1aa-7c735a2e67a7,2026-07-01T03:45:00Z,2026-07-01T05:45:00+0200,321.07,MW,FR,FR,actual_offshore_wind_generation,Wind Offshore | Actual Aggregated,2026-07-19T23:19:59Z
2026-07-19T23:19:05Z,2026-07-20T01:19:05+0200,028f9a66-b3fa-4fa7-a1aa-7c735a2e67a7,2026-07-01T04:00:00Z,2026-07-01T06:00:00+0200,304.39,MW,FR,FR,actual_offshore_wind_generation,Wind Offshore | Actual Aggregated,2026-07-19T23:19:59Z
2026-07-19T23:19:05Z,2026-07-20T01:19:05+0200,028f9a66-b3fa-4fa7-a1aa-7c735a2e67a7,2026-07-01T04:15:00Z,2026-07-01T06:15:00+0200,304.3,MW,FR,FR,actual_offshore_wind_generation,Wind Offshore | Actual Aggregated,2026-07-19T23:19:59Z
2026-07-19T23:19:05Z,2026-07-20T01:19:05+0200,028f9a66-b3fa-4fa7-a1aa-7c735a2e67a7,2026-07-01T04:30:00Z,2026-07-01T06:30:00+0200,265.98,MW,FR,FR,actual_offshore_wind_generation,Wind Offshore | Actual Aggregated,2026-07-19T23:19:59Z
2026-07-19T23:19:05Z,2026-07-20T01:19:05+0200,028f9a66-b3fa-4fa7-a1aa-7c735a2e67a7,2026-07-01T04:45:00Z,2026-07-01T06:45:00+0200,231.89,MW,FR,FR,actual_offshore_wind_generation,Wind Offshore | Actual Aggregated,2026-07-19T23:19:59Z
2026-07-19T23:19:05Z,2026-07-20T01:19:05+0200,028f9a66-b3fa-4fa7-a1aa-7c735a2e67a7,2026-07-01T05:00:00Z,2026-07-01T07:00:00+0200,193.36,MW,FR,FR,actual_offshore_wind_generation,Wind Offshore | Actual Aggregated,2026-07-19T23:19:59Z
2026-07-19T23:19:05Z,2026-07-20T01:19:05+0200,028f9a66-b3fa-4fa7-a1aa-7c735a2e67a7,2026-07-01T05:15:00Z,2026-07-01T07:15:00+0200,209.1,MW,FR,FR,actual_offshore_wind_generation,Wind Offshore | Actual Aggregated,2026-07-19T23:19:59Z
2026-07-19T23:19:05Z,2026-07-20T01:19:05+0200,028f9a66-b3fa-4fa7-a1aa-7c735a2e67a7,2026-07-01T05:30:00Z,2026-07-01T07:30:00+0200,234.92,MW,FR,FR,actual_offshore_wind_generation,Wind Offshore | Actual Aggregated,2026-07-19T23:19:59Z
2026-07-19T23:19:05Z,2026-07-20T01:19:05+0200,028f9a66-b3fa-4fa7-a1aa-7c735a2e67a7,2026-07-01T05:45:00Z,2026-07-01T07:45:00+0200,232.7,MW,FR,FR,actual_offshore_wind_generation,Wind Offshore | Actual Aggregated,2026-07-19T23:19:59Z
2026-07-19T23:19:05Z,2026-07-20T01:19:05+0200,028f9a66-b3fa-4fa7-a1aa-7c735a2e67a7,2026-07-01T06:00:00Z,2026-07-01T08:00:00+0200,252.3,MW,FR,FR,actual_offshore_wind_generation,Wind Offshore | Actual Aggregated,2026-07-19T23:19:59Z
2026-07-19T23:19:05Z,2026-07-20T01:19:05+0200,028f9a66-b3fa-4fa7-a1aa-7c735a2e67a7,2026-07-01T06:15:00Z,2026-07-01T08:15:00+0200,231.49,MW,FR,FR,actual_offshore_wind_generation,Wind Offshore | Actual Aggregated,2026-07-19T23:19:59Z
2026-07-19T23:19:05Z,2026-07-20T01:19:05+0200,028f9a66-b3fa-4fa7-a1aa-7c735a2e67a7,2026-07-01T06:30:00Z,2026-07-01T08:30:00+0200,236.83,MW,FR,FR,actual_offshore_wind_generation,Wind Offshore | Actual Aggregated,2026-07-19T23:19:59Z
2026-07-19T23:19:05Z,2026-07-20T01:19:05+0200,028f9a66-b3fa-4fa7-a1aa-7c735a2e67a7,2026-07-01T06:45:00Z,2026-07-01T08:45:00+0200,250.94,MW,FR,FR,actual_offshore_wind_generation,Wind Offshore | Actual Aggregated,2026-07-19T23:19:59Z
2026-07-19T23:19:05Z,2026-07-20T01:19:05+0200,028f9a66-b3fa-4fa7-a1aa-7c735a2e67a7,2026-07-01T07:00:00Z,2026-07-01T09:00:00+0200,272.68,MW,FR,FR,actual_offshore_wind_generation,Wind Offshore | Actual Aggregated,2026-07-19T23:19:59Z
2026-07-19T23:19:05Z,2026-07-20T01:19:05+0200,028f9a66-b3fa-4fa7-a1aa-7c735a2e67a7,2026-07-01T07:15:00Z,2026-07-01T09:15:00+0200,318.88,MW,FR,FR,actual_offshore_wind_generation,Wind Offshore | Actual Aggregated,2026-07-19T23:19:59Z
2026-07-19T23:19:05Z,2026-07-20T01:19:05+0200,028f9a66-b3fa-4fa7-a1aa-7c735a2e67a7,2026-07-01T07:30:00Z,2026-07-01T09:30:00+0200,347.63,MW,FR,FR,actual_offshore_wind_generation,Wind Offshore | Actual Aggregated,2026-07-19T23:19:59Z
2026-07-19T23:19:05Z,2026-07-20T01:19:05+0200,028f9a66-b3fa-4fa7-a1aa-7c735a2e67a7,2026-07-01T07:45:00Z,2026-07-01T09:45:00+0200,351.44,MW,FR,FR,actual_offshore_wind_generation,Wind Offshore | Actual Aggregated,2026-07-19T23:19:59Z
2026-07-19T23:19:05Z,2026-07-20T01:19:05+0200,028f9a66-b3fa-4fa7-a1aa-7c735a2e67a7,2026-07-01T08:00:00Z,2026-07-01T10:00:00+0200,352.22,MW,FR,FR,actual_offshore_wind_generation,Wind Offshore | Actual Aggregated,2026-07-19T23:19:59Z
2026-07-19T23:19:05Z,2026-07-20T01:19:05+0200,028f9a66-b3fa-4fa7-a1aa-7c735a2e67a7,2026-07-01T08:15:00Z,2026-07-01T10:15:00+0200,360.95,MW,FR,FR,actual_offshore_wind_generation,Wind Offshore | Actual Aggregated,2026-07-19T23:19:59Z
2026-07-19T23:19:05Z,2026-07-20T01:19:05+0200,028f9a66-b3fa-4fa7-a1aa-7c735a2e67a7,2026-07-01T08:30:00Z,2026-07-01T10:30:00+0200,346.22,MW,FR,FR,actual_offshore_wind_generation,Wind Offshore | Actual Aggregated,2026-07-19T23:19:59Z
2026-07-19T23:19:05Z,2026-07-20T01:19:05+0200,028f9a66-b3fa-4fa7-a1aa-7c735a2e67a7,2026-07-01T08:45:00Z,2026-07-01T10:45:00+0200,352.76,MW,FR,FR,actual_offshore_wind_generation,Wind Offshore | Actual Aggregated,2026-07-19T23:19:59Z
2026-07-19T23:19:05Z,2026-07-20T01:19:05+0200,028f9a66-b3fa-4fa7-a1aa-7c735a2e67a7,2026-07-01T09:00:00Z,2026-07-01T11:00:00+0200,340.22,MW,FR,FR,actual_offshore_wind_generation,Wind Offshore | Actual Aggregated,2026-07-19T23:19:59Z
2026-07-19T23:19:05Z,2026-07-20T01:19:05+0200,028f9a66-b3fa-4fa7-a1aa-7c735a2e67a7,2026-07-01T09:15:00Z,2026-07-01T11:15:00+0200,326.57,MW,FR,FR,actual_offshore_wind_generation,Wind Offshore | Actual Aggregated,2026-07-19T23:19:59Z
2026-07-19T23:19:05Z,2026-07-20T01:19:05+0200,028f9a66-b3fa-4fa7-a1aa-7c735a2e67a7,2026-07-01T09:30:00Z,2026-07-01T11:30:00+0200,338.89,MW,FR,FR,actual_offshore_wind_generation,Wind Offshore | Actual Aggregated,2026-07-19T23:19:59Z
2026-07-19T23:19:05Z,2026-07-20T01:19:05+0200,028f9a66-b3fa-4fa7-a1aa-7c735a2e67a7,2026-07-01T09:45:00Z,2026-07-01T11:45:00+0200,346.27,MW,FR,FR,actual_offshore_wind_generation,Wind Offshore | Actual Aggregated,2026-07-19T23:19:59Z
2026-07-19T23:19:05Z,2026-07-20T01:19:05+0200,028f9a66-b3fa-4fa7-a1aa-7c735a2e67a7,2026-07-01T10:00:00Z,2026-07-01T12:00:00+0200,346.4,MW,FR,FR,actual_offshore_wind_generation,Wind Offshore | Actual Aggregated,2026-07-19T23:19:59Z
2026-07-19T23:19:05Z,2026-07-20T01:19:05+0200,028f9a66-b3fa-4fa7-a1aa-7c735a2e67a7,2026-07-01T10:15:00Z,2026-07-01T12:15:00+0200,325.2,MW,FR,FR,actual_offshore_wind_generation,Wind Offshore | Actual Aggregated,2026-07-19T23:19:59Z
2026-07-19T23:19:05Z,2026-07-20T01:19:05+0200,028f9a66-b3fa-4fa7-a1aa-7c735a2e67a7,2026-07-01T10:30:00Z,2026-07-01T12:30:00+0200,295.08,MW,FR,FR,actual_offshore_wind_generation,Wind Offshore | Actual Aggregated,2026-07-19T23:19:59Z
2026-07-19T23:19:05Z,2026-07-20T01:19:05+0200,028f9a66-b3fa-4fa7-a1aa-7c735a2e67a7,2026-07-01T10:45:00Z,2026-07-01T12:45:00+0200,228.99,MW,FR,FR,actual_offshore_wind_generation,Wind Offshore | Actual Aggregated,2026-07-19T23:19:59Z
2026-07-19T23:19:05Z,2026-07-20T01:19:05+0200,028f9a66-b3fa-4fa7-a1aa-7c735a2e67a7,2026-07-01T11:00:00Z,2026-07-01T13:00:00+0200,204.73,MW,FR,FR,actual_offshore_wind_generation,Wind Offshore | Actual Aggregated,2026-07-19T23:19:59Z
2026-07-19T23:19:05Z,2026-07-20T01:19:05+0200,028f9a66-b3fa-4fa7-a1aa-7c735a2e67a7,2026-07-01T11:15:00Z,2026-07-01T13:15:00+0200,214.66,MW,FR,FR,actual_offshore_wind_generation,Wind Offshore | Actual Aggregated,2026-07-19T23:19:59Z
2026-07-19T23:19:05Z,2026-07-20T01:19:05+0200,028f9a66-b3fa-4fa7-a1aa-7c735a2e67a7,2026-07-01T11:30:00Z,2026-07-01T13:30:00+0200,201.69,MW,FR,FR,actual_offshore_wind_generation,Wind Offshore | Actual Aggregated,2026-07-19T23:19:59Z
2026-07-19T23:19:05Z,2026-07-20T01:19:05+0200,028f9a66-b3fa-4fa7-a1aa-7c735a2e67a7,2026-07-01T11:45:00Z,2026-07-01T13:45:00+0200,190.91,MW,FR,FR,actual_offshore_wind_generation,Wind Offshore | Actual Aggregated,2026-07-19T23:19:59Z
2026-07-19T23:19:05Z,2026-07-20T01:19:05+0200,028f9a66-b3fa-4fa7-a1aa-7c735a2e67a7,2026-07-01T12:00:00Z,2026-07-01T14:00:00+0200,191.45,MW,FR,FR,actual_offshore_wind_generation,Wind Offshore | Actual Aggregated,2026-07-19T23:19:59Z
2026-07-19T23:19:05Z,2026-07-20T01:19:05+0200,028f9a66-b3fa-4fa7-a1aa-7c735a2e67a7,2026-07-01T12:15:00Z,2026-07-01T14:15:00+0200,187.6,MW,FR,FR,actual_offshore_wind_generation,Wind Offshore | Actual Aggregated,2026-07-19T23:19:59Z
2026-07-19T23:19:05Z,2026-07-20T01:19:05+0200,028f9a66-b3fa-4fa7-a1aa-7c735a2e67a7,2026-07-01T12:30:00Z,2026-07-01T14:30:00+0200,175.3,MW,FR,FR,actual_offshore_wind_generation,Wind Offshore | Actual Aggregated,2026-07-19T23:19:59Z
2026-07-19T23:19:05Z,2026-07-20T01:19:05+0200,028f9a66-b3fa-4fa7-a1aa-7c735a2e67a7,2026-07-01T12:45:00Z,2026-07-01T14:45:00+0200,170.36,MW,FR,FR,actual_offshore_wind_generation,Wind Offshore | Actual Aggregated,2026-07-19T23:19:59Z
2026-07-19T23:19:05Z,2026-07-20T01:19:05+0200,028f9a66-b3fa-4fa7-a1aa-7c735a2e67a7,2026-07-01T13:00:00Z,2026-07-01T15:00:00+0200,168.82,MW,FR,FR,actual_offshore_wind_generation,Wind Offshore | Actual Aggregated,2026-07-19T23:19:59Z
2026-07-19T23:19:05Z,2026-07-20T01:19:05+0200,028f9a66-b3fa-4fa7-a1aa-7c735a2e67a7,2026-07-01T13:15:00Z,2026-07-01T15:15:00+0200,159.33,MW,FR,FR,actual_offshore_wind_generation,Wind Offshore | Actual Aggregated,2026-07-19T23:19:59Z
2026-07-19T23:19:05Z,2026-07-20T01:19:05+0200,028f9a66-b3fa-4fa7-a1aa-7c735a2e67a7,2026-07-01T13:30:00Z,2026-07-01T15:30:00+0200,186.22,MW,FR,FR,actual_offshore_wind_generation,Wind Offshore | Actual Aggregated,2026-07-19T23:19:59Z
2026-07-19T23:19:05Z,2026-07-20T01:19:05+0200,028f9a66-b3fa-4fa7-a1aa-7c735a2e67a7,2026-07-01T13:45:00Z,2026-07-01T15:45:00+0200,189.03,MW,FR,FR,actual_offshore_wind_generation,Wind Offshore | Actual Aggregated,2026-07-19T23:19:59Z
2026-07-19T23:19:05Z,2026-07-20T01:19:05+0200,028f9a66-b3fa-4fa7-a1aa-7c735a2e67a7,2026-07-01T14:00:00Z,2026-07-01T16:00:00+0200,194.81,MW,FR,FR,actual_offshore_wind_generation,Wind Offshore | Actual Aggregated,2026-07-19T23:19:59Z
2026-07-19T23:19:05Z,2026-07-20T01:19:05+0200,028f9a66-b3fa-4fa7-a1aa-7c735a2e67a7,2026-07-01T14:15:00Z,2026-07-01T16:15:00+0200,212.67,MW,FR,FR,actual_offshore_wind_generation,Wind Offshore | Actual Aggregated,2026-07-19T23:19:59Z
2026-07-19T23:19:05Z,2026-07-20T01:19:05+0200,028f9a66-b3fa-4fa7-a1aa-7c735a2e67a7,2026-07-01T14:30:00Z,2026-07-01T16:30:00+0200,199.47,MW,FR,FR,actual_offshore_wind_generation,Wind Offshore | Actual Aggregated,2026-07-19T23:19:59Z
2026-07-19T23:19:05Z,2026-07-20T01:19:05+0200,028f9a66-b3fa-4fa7-a1aa-7c735a2e67a7,2026-07-01T14:45:00Z,2026-07-01T16:45:00+0200,216.6,MW,FR,FR,actual_offshore_wind_generation,Wind Offshore | Actual Aggregated,2026-07-19T23:19:59Z
2026-07-19T23:19:05Z,2026-07-20T01:19:05+0200,028f9a66-b3fa-4fa7-a1aa-7c735a2e67a7,2026-07-01T15:00:00Z,2026-07-01T17:00:00+0200,405.42,MW,FR,FR,actual_offshore_wind_generation,Wind Offshore | Actual Aggregated,2026-07-19T23:19:59Z
2026-07-19T23:19:05Z,2026-07-20T01:19:05+0200,028f9a66-b3fa-4fa7-a1aa-7c735a2e67a7,2026-07-01T15:15:00Z,2026-07-01T17:15:00+0200,434.98,MW,FR,FR,actual_offshore_wind_generation,Wind Offshore | Actual Aggregated,2026-07-19T23:19:59Z
2026-07-19T23:19:05Z,2026-07-20T01:19:05+0200,028f9a66-b3fa-4fa7-a1aa-7c735a2e67a7,2026-07-01T15:30:00Z,2026-07-01T17:30:00+0200,485.34,MW,FR,FR,actual_offshore_wind_generation,Wind Offshore | Actual Aggregated,2026-07-19T23:19:59Z
2026-07-19T23:19:05Z,2026-07-20T01:19:05+0200,028f9a66-b3fa-4fa7-a1aa-7c735a2e67a7,2026-07-01T15:45:00Z,2026-07-01T17:45:00+0200,502.52,MW,FR,FR,actual_offshore_wind_generation,Wind Offshore | Actual Aggregated,2026-07-19T23:19:59Z
2026-07-19T23:19:05Z,2026-07-20T01:19:05+0200,028f9a66-b3fa-4fa7-a1aa-7c735a2e67a7,2026-07-01T16:00:00Z,2026-07-01T18:00:00+0200,562.13,MW,FR,FR,actual_offshore_wind_generation,Wind Offshore | Actual Aggregated,2026-07-19T23:19:59Z
2026-07-19T23:19:05Z,2026-07-20T01:19:05+0200,028f9a66-b3fa-4fa7-a1aa-7c735a2e67a7,2026-07-01T16:15:00Z,2026-07-01T18:15:00+0200,626.52,MW,FR,FR,actual_offshore_wind_generation,Wind Offshore | Actual Aggregated,2026-07-19T23:19:59Z
2026-07-19T23:19:05Z,2026-07-20T01:19:05+0200,028f9a66-b3fa-4fa7-a1aa-7c735a2e67a7,2026-07-01T16:30:00Z,2026-07-01T18:30:00+0200,673.85,MW,FR,FR,actual_offshore_wind_generation,Wind Offshore | Actual Aggregated,2026-07-19T23:19:59Z
2026-07-19T23:19:05Z,2026-07-20T01:19:05+0200,028f9a66-b3fa-4fa7-a1aa-7c735a2e67a7,2026-07-01T16:45:00Z,2026-07-01T18:45:00+0200,700.95,MW,FR,FR,actual_offshore_wind_generation,Wind Offshore | Actual Aggregated,2026-07-19T23:19:59Z
2026-07-19T23:19:05Z,2026-07-20T01:19:05+0200,028f9a66-b3fa-4fa7-a1aa-7c735a2e67a7,2026-07-01T17:00:00Z,2026-07-01T19:00:00+0200,696.67,MW,FR,FR,actual_offshore_wind_generation,Wind Offshore | Actual Aggregated,2026-07-19T23:19:59Z
2026-07-19T23:19:05Z,2026-07-20T01:19:05+0200,028f9a66-b3fa-4fa7-a1aa-7c735a2e67a7,2026-07-01T17:15:00Z,2026-07-01T19:15:00+0200,727.18,MW,FR,FR,actual_offshore_wind_generation,Wind Offshore | Actual Aggregated,2026-07-19T23:19:59Z
2026-07-19T23:19:05Z,2026-07-20T01:19:05+0200,028f9a66-b3fa-4fa7-a1aa-7c735a2e67a7,2026-07-01T17:30:00Z,2026-07-01T19:30:00+0200,786.64,MW,FR,FR,actual_offshore_wind_generation,Wind Offshore | Actual Aggregated,2026-07-19T23:19:59Z
2026-07-19T23:19:05Z,2026-07-20T01:19:05+0200,028f9a66-b3fa-4fa7-a1aa-7c735a2e67a7,2026-07-01T17:45:00Z,2026-07-01T19:45:00+0200,780.83,MW,FR,FR,actual_offshore_wind_generation,Wind Offshore | Actual Aggregated,2026-07-19T23:19:59Z
2026-07-19T23:19:05Z,2026-07-20T01:19:05+0200,028f9a66-b3fa-4fa7-a1aa-7c735a2e67a7,2026-07-01T18:00:00Z,2026-07-01T20:00:00+0200,767.46,MW,FR,FR,actual_offshore_wind_generation,Wind Offshore | Actual Aggregated,2026-07-19T23:19:59Z
2026-07-19T23:19:05Z,2026-07-20T01:19:05+0200,028f9a66-b3fa-4fa7-a1aa-7c735a2e67a7,2026-07-01T18:15:00Z,2026-07-01T20:15:00+0200,780.34,MW,FR,FR,actual_offshore_wind_generation,Wind Offshore | Actual Aggregated,2026-07-19T23:19:59Z
2026-07-19T23:19:05Z,2026-07-20T01:19:05+0200,028f9a66-b3fa-4fa7-a1aa-7c735a2e67a7,2026-07-01T18:30:00Z,2026-07-01T20:30:00+0200,782.37,MW,FR,FR,actual_offshore_wind_generation,Wind Offshore | Actual Aggregated,2026-07-19T23:19:59Z
2026-07-19T23:19:05Z,2026-07-20T01:19:05+0200,028f9a66-b3fa-4fa7-a1aa-7c735a2e67a7,2026-07-01T18:45:00Z,2026-07-01T20:45:00+0200,814.74,MW,FR,FR,actual_offshore_wind_generation,Wind Offshore | Actual Aggregated,2026-07-19T23:19:59Z
2026-07-19T23:19:05Z,2026-07-20T01:19:05+0200,028f9a66-b3fa-4fa7-a1aa-7c735a2e67a7,2026-07-01T19:00:00Z,2026-07-01T21:00:00+0200,818.64,MW,FR,FR,actual_offshore_wind_generation,Wind Offshore | Actual Aggregated,2026-07-19T23:19:59Z
2026-07-19T23:19:05Z,2026-07-20T01:19:05+0200,028f9a66-b3fa-4fa7-a1aa-7c735a2e67a7,2026-07-01T19:15:00Z,2026-07-01T21:15:00+0200,844.51,MW,FR,FR,actual_offshore_wind_generation,Wind Offshore | Actual Aggregated,2026-07-19T23:19:59Z
2026-07-19T23:19:05Z,2026-07-20T01:19:05+0200,028f9a66-b3fa-4fa7-a1aa-7c735a2e67a7,2026-07-01T19:30:00Z,2026-07-01T21:30:00+0200,872.67,MW,FR,FR,actual_offshore_wind_generation,Wind Offshore | Actual Aggregated,2026-07-19T23:19:59Z
2026-07-19T23:19:05Z,2026-07-20T01:19:05+0200,028f9a66-b3fa-4fa7-a1aa-7c735a2e67a7,2026-07-01T19:45:00Z,2026-07-01T21:45:00+0200,915.55,MW,FR,FR,actual_offshore_wind_generation,Wind Offshore | Actual Aggregated,2026-07-19T23:19:59Z
2026-07-19T23:19:05Z,2026-07-20T01:19:05+0200,028f9a66-b3fa-4fa7-a1aa-7c735a2e67a7,2026-07-01T20:00:00Z,2026-07-01T22:00:00+0200,951.91,MW,FR,FR,actual_offshore_wind_generation,Wind Offshore | Actual Aggregated,2026-07-19T23:19:59Z
2026-07-19T23:19:05Z,2026-07-20T01:19:05+0200,028f9a66-b3fa-4fa7-a1aa-7c735a2e67a7,2026-07-01T20:15:00Z,2026-07-01T22:15:00+0200,943.61,MW,FR,FR,actual_offshore_wind_generation,Wind Offshore | Actual Aggregated,2026-07-19T23:19:59Z
2026-07-19T23:19:05Z,2026-07-20T01:19:05+0200,028f9a66-b3fa-4fa7-a1aa-7c735a2e67a7,2026-07-01T20:30:00Z,2026-07-01T22:30:00+0200,947.69,MW,FR,FR,actual_offshore_wind_generation,Wind Offshore | Actual Aggregated,2026-07-19T23:19:59Z
2026-07-19T23:19:05Z,2026-07-20T01:19:05+0200,028f9a66-b3fa-4fa7-a1aa-7c735a2e67a7,2026-07-01T20:45:00Z,2026-07-01T22:45:00+0200,1014.24,MW,FR,FR,actual_offshore_wind_generation,Wind Offshore | Actual Aggregated,2026-07-19T23:19:59Z
2026-07-19T23:19:05Z,2026-07-20T01:19:05+0200,028f9a66-b3fa-4fa7-a1aa-7c735a2e67a7,2026-07-01T21:00:00Z,2026-07-01T23:00:00+0200,1068.19,MW,FR,FR,actual_offshore_wind_generation,Wind Offshore | Actual Aggregated,2026-07-19T23:19:59Z
2026-07-19T23:19:05Z,2026-07-20T01:19:05+0200,028f9a66-b3fa-4fa7-a1aa-7c735a2e67a7,2026-07-01T21:15:00Z,2026-07-01T23:15:00+0200,1025.29,MW,FR,FR,actual_offshore_wind_generation,Wind Offshore | Actual Aggregated,2026-07-19T23:19:59Z
2026-07-19T23:19:05Z,2026-07-20T01:19:05+0200,028f9a66-b3fa-4fa7-a1aa-7c735a2e67a7,2026-07-01T21:30:00Z,2026-07-01T23:30:00+0200,944.58,MW,FR,FR,actual_offshore_wind_generation,Wind Offshore | Actual Aggregated,2026-07-19T23:19:59Z
2026-07-19T23:19:05Z,2026-07-20T01:19:05+0200,028f9a66-b3fa-4fa7-a1aa-7c735a2e67a7,2026-07-01T21:45:00Z,2026-07-01T23:45:00+0200,878.52,MW,FR,FR,actual_offshore_wind_generation,Wind Offshore | Actual Aggregated,2026-07-19T23:19:59Z
2026-07-19T23:19:05Z,2026-07-20T01:19:05+0200,028f9a66-b3fa-4fa7-a1aa-7c735a2e67a7,2026-07-01T22:00:00Z,2026-07-02T00:00:00+0200,902.53,MW,FR,FR,actual_offshore_wind_generation,Wind Offshore | Actual Aggregated,2026-07-19T23:19:59Z
2026-07-19T23:19:05Z,2026-07-20T01:19:05+0200,028f9a66-b3fa-4fa7-a1aa-7c735a2e67a7,2026-07-01T22:15:00Z,2026-07-02T00:15:00+0200,957.63,MW,FR,FR,actual_offshore_wind_generation,Wind Offshore | Actual Aggregated,2026-07-19T23:19:59Z
2026-07-19T23:19:05Z,2026-07-20T01:19:05+0200,028f9a66-b3fa-4fa7-a1aa-7c735a2e67a7,2026-07-01T22:30:00Z,2026-07-02T00:30:00+0200,933.64,MW,FR,FR,actual_offshore_wind_generation,Wind Offshore | Actual Aggregated,2026-07-19T23:19:59Z
2026-07-19T23:19:05Z,2026-07-20T01:19:05+0200,028f9a66-b3fa-4fa7-a1aa-7c735a2e67a7,2026-07-01T22:45:00Z,2026-07-02T00:45:00+0200,848.27,MW,FR,FR,actual_offshore_wind_generation,Wind Offshore | Actual Aggregated,2026-07-19T23:19:59Z
2026-07-19T23:19:05Z,2026-07-20T01:19:05+0200,028f9a66-b3fa-4fa7-a1aa-7c735a2e67a7,2026-07-01T23:00:00Z,2026-07-02T01:00:00+0200,750.18,MW,FR,FR,actual_offshore_wind_generation,Wind Offshore | Actual Aggregated,2026-07-19T23:19:59Z
2026-07-19T23:19:05Z,2026-07-20T01:19:05+0200,028f9a66-b3fa-4fa7-a1aa-7c735a2e67a7,2026-07-01T23:15:00Z,2026-07-02T01:15:00+0200,685.25,MW,FR,FR,actual_offshore_wind_generation,Wind Offshore | Actual Aggregated,2026-07-19T23:19:59Z
2026-07-19T23:19:05Z,2026-07-20T01:19:05+0200,028f9a66-b3fa-4fa7-a1aa-7c735a2e67a7,2026-07-01T23:30:00Z,2026-07-02T01:30:00+0200,597.25,MW,FR,FR,actual_offshore_wind_generation,Wind Offshore | Actual Aggregated,2026-07-19T23:19:59Z
2026-07-19T23:19:05Z,2026-07-20T01:19:05+0200,028f9a66-b3fa-4fa7-a1aa-7c735a2e67a7,2026-07-01T23:45:00Z,2026-07-02T01:45:00+0200,602.5,MW,FR,FR,actual_offshore_wind_generation,Wind Offshore | Actual Aggregated,2026-07-19T23:19:59Z
2026-07-19T23:19:05Z,2026-07-20T01:19:05+0200,028f9a66-b3fa-4fa7-a1aa-7c735a2e67a7,2026-07-02T00:00:00Z,2026-07-02T02:00:00+0200,570.73,MW,FR,FR,actual_offshore_wind_generation,Wind Offshore | Actual Aggregated,2026-07-19T23:19:59Z
2026-07-19T23:19:05Z,2026-07-20T01:19:05+0200,028f9a66-b3fa-4fa7-a1aa-7c735a2e67a7,2026-07-02T00:15:00Z,2026-07-02T02:15:00+0200,533.4,MW,FR,FR,actual_offshore_wind_generation,Wind Offshore | Actual Aggregated,2026-07-19T23:19:59Z
2026-07-19T23:19:05Z,2026-07-20T01:19:05+0200,028f9a66-b3fa-4fa7-a1aa-7c735a2e67a7,2026-07-02T00:30:00Z,2026-07-02T02:30:00+0200,495.04,MW,FR,FR,actual_offshore_wind_generation,Wind Offshore | Actual Aggregated,2026-07-19T23:19:59Z
2026-07-19T23:19:05Z,2026-07-20T01:19:05+0200,028f9a66-b3fa-4fa7-a1aa-7c735a2e67a7,2026-07-02T00:45:00Z,2026-07-02T02:45:00+0200,455.58,MW,FR,FR,actual_offshore_wind_generation,Wind Offshore | Actual Aggregated,2026-07-19T23:19:59Z
2026-07-19T23:19:05Z,2026-07-20T01:19:05+0200,028f9a66-b3fa-4fa7-a1aa-7c735a2e67a7,2026-07-02T01:00:00Z,2026-07-02T03:00:00+0200,425.56,MW,FR,FR,actual_offshore_wind_generation,Wind Offshore | Actual Aggregated,2026-07-19T23:19:59Z
2026-07-19T23:19:05Z,2026-07-20T01:19:05+0200,028f9a66-b3fa-4fa7-a1aa-7c735a2e67a7,2026-07-02T01:15:00Z,2026-07-02T03:15:00+0200,450.37,MW,FR,FR,actual_offshore_wind_generation,Wind Offshore | Actual Aggregated,2026-07-19T23:19:59Z
2026-07-19T23:19:05Z,2026-07-20T01:19:05+0200,028f9a66-b3fa-4fa7-a1aa-7c735a2e67a7,2026-07-02T01:30:00Z,2026-07-02T03:30:00+0200,471.68,MW,FR,FR,actual_offshore_wind_generation,Wind Offshore | Actual Aggregated,2026-07-19T23:19:59Z
2026-07-19T23:19:05Z,2026-07-20T01:19:05+0200,028f9a66-b3fa-4fa7-a1aa-7c735a2e67a7,2026-07-02T01:45:00Z,2026-07-02T03:45:00+0200,488.15,MW,FR,FR,actual_offshore_wind_generation,Wind Offshore | Actual Aggregated,2026-07-19T23:19:59Z
2026-07-19T23:19:05Z,2026-07-20T01:19:05+0200,028f9a66-b3fa-4fa7-a1aa-7c735a2e67a7,2026-07-02T02:00:00Z,2026-07-02T04:00:00+0200,481.17,MW,FR,FR,actual_offshore_wind_generation,Wind Offshore | Actual Aggregated,2026-07-19T23:19:59Z
2026-07-19T23:19:05Z,2026-07-20T01:19:05+0200,028f9a66-b3fa-4fa7-a1aa-7c735a2e67a7,2026-07-02T02:15:00Z,2026-07-02T04:15:00+0200,492.51,MW,FR,FR,actual_offshore_wind_generation,Wind Offshore | Actual Aggregated,2026-07-19T23:19:59Z
2026-07-19T23:19:05Z,2026-07-20T01:19:05+0200,028f9a66-b3fa-4fa7-a1aa-7c735a2e67a7,2026-07-02T02:30:00Z,2026-07-02T04:30:00+0200,576.79,MW,FR,FR,actual_offshore_wind_generation,Wind Offshore | Actual Aggregated,2026-07-19T23:19:59Z
2026-07-19T23:19:05Z,2026-07-20T01:19:05+0200,028f9a66-b3fa-4fa7-a1aa-7c735a2e67a7,2026-07-02T02:45:00Z,2026-07-02T04:45:00+0200,628.36,MW,FR,FR,actual_offshore_wind_generation,Wind Offshore | Actual Aggregated,2026-07-19T23:19:59Z
2026-07-19T23:19:05Z,2026-07-20T01:19:05+0200,028f9a66-b3fa-4fa7-a1aa-7c735a2e67a7,2026-07-02T03:00:00Z,2026-07-02T05:00:00+0200,630.07,MW,FR,FR,actual_offshore_wind_generation,Wind Offshore | Actual Aggregated,2026-07-19T23:19:59Z
2026-07-19T23:19:05Z,2026-07-20T01:19:05+0200,028f9a66-b3fa-4fa7-a1aa-7c735a2e67a7,2026-07-02T03:15:00Z,2026-07-02T05:15:00+0200,630.88,MW,FR,FR,actual_offshore_wind_generation,Wind Offshore | Actual Aggregated,2026-07-19T23:19:59Z
2026-07-19T23:19:05Z,2026-07-20T01:19:05+0200,028f9a66-b3fa-4fa7-a1aa-7c735a2e67a7,2026-07-02T03:30:00Z,2026-07-02T05:30:00+0200,664.12,MW,FR,FR,actual_offshore_wind_generation,Wind Offshore | Actual Aggregated,2026-07-19T23:19:59Z
2026-07-19T23:19:05Z,2026-07-20T01:19:05+0200,028f9a66-b3fa-4fa7-a1aa-7c735a2e67a7,2026-07-02T03:45:00Z,2026-07-02T05:45:00+0200,659.82,MW,FR,FR,actual_offshore_wind_generation,Wind Offshore | Actual Aggregated,2026-07-19T23:19:59Z
2026-07-19T23:19:05Z,2026-07-20T01:19:05+0200,028f9a66-b3fa-4fa7-a1aa-7c735a2e67a7,2026-07-02T04:00:00Z,2026-07-02T06:00:00+0200,631.73,MW,FR,FR,actual_offshore_wind_generation,Wind Offshore | Actual Aggregated,2026-07-19T23:19:59Z
2026-07-19T23:19:05Z,2026-07-20T01:19:05+0200,028f9a66-b3fa-4fa7-a1aa-7c735a2e67a7,2026-07-02T04:15:00Z,2026-07-02T06:15:00+0200,607.15,MW,FR,FR,actual_offshore_wind_generation,Wind Offshore | Actual Aggregated,2026-07-19T23:19:59Z
2026-07-19T23:19:05Z,2026-07-20T01:19:05+0200,028f9a66-b3fa-4fa7-a1aa-7c735a2e67a7,2026-07-02T04:30:00Z,2026-07-02T06:30:00+0200,603.03,MW,FR,FR,actual_offshore_wind_generation,Wind Offshore | Actual Aggregated,2026-07-19T23:19:59Z
2026-07-19T23:19:05Z,2026-07-20T01:19:05+0200,028f9a66-b3fa-4fa7-a1aa-7c735a2e67a7,2026-07-02T04:45:00Z,2026-07-02T06:45:00+0200,610.32,MW,FR,FR,actual_offshore_wind_generation,Wind Offshore | Actual Aggregated,2026-07-19T23:19:59Z
2026-07-19T23:19:05Z,2026-07-20T01:19:05+0200,028f9a66-b3fa-4fa7-a1aa-7c735a2e67a7,2026-07-02T05:00:00Z,2026-07-02T07:00:00+0200,614.32,MW,FR,FR,actual_offshore_wind_generation,Wind Offshore | Actual Aggregated,2026-07-19T23:19:59Z
2026-07-19T23:19:05Z,2026-07-20T01:19:05+0200,028f9a66-b3fa-4fa7-a1aa-7c735a2e67a7,2026-07-02T05:15:00Z,2026-07-02T07:15:00+0200,583.32,MW,FR,FR,actual_offshore_wind_generation,Wind Offshore | Actual Aggregated,2026-07-19T23:19:59Z
2026-07-19T23:19:05Z,2026-07-20T01:19:05+0200,028f9a66-b3fa-4fa7-a1aa-7c735a2e67a7,2026-07-02T05:30:00Z,2026-07-02T07:30:00+0200,618.51,MW,FR,FR,actual_offshore_wind_generation,Wind Offshore | Actual Aggregated,2026-07-19T23:19:59Z
2026-07-19T23:19:05Z,2026-07-20T01:19:05+0200,028f9a66-b3fa-4fa7-a1aa-7c735a2e67a7,2026-07-02T05:45:00Z,2026-07-02T07:45:00+0200,681.93,MW,FR,FR,actual_offshore_wind_generation,Wind Offshore | Actual Aggregated,2026-07-19T23:19:59Z
2026-07-19T23:19:05Z,2026-07-20T01:19:05+0200,028f9a66-b3fa-4fa7-a1aa-7c735a2e67a7,2026-07-02T06:00:00Z,2026-07-02T08:00:00+0200,706.2,MW,FR,FR,actual_offshore_wind_generation,Wind Offshore | Actual Aggregated,2026-07-19T23:19:59Z
2026-07-19T23:19:05Z,2026-07-20T01:19:05+0200,028f9a66-b3fa-4fa7-a1aa-7c735a2e67a7,2026-07-02T06:15:00Z,2026-07-02T08:15:00+0200,671.19,MW,FR,FR,actual_offshore_wind_generation,Wind Offshore | Actual Aggregated,2026-07-19T23:19:59Z
2026-07-19T23:19:05Z,2026-07-20T01:19:05+0200,028f9a66-b3fa-4fa7-a1aa-7c735a2e67a7,2026-07-02T06:30:00Z,2026-07-02T08:30:00+0200,668.7,MW,FR,FR,actual_offshore_wind_generation,Wind Offshore | Actual Aggregated,2026-07-19T23:19:59Z
2026-07-19T23:19:05Z,2026-07-20T01:19:05+0200,028f9a66-b3fa-4fa7-a1aa-7c735a2e67a7,2026-07-02T06:45:00Z,2026-07-02T08:45:00+0200,712.48,MW,FR,FR,actual_offshore_wind_generation,Wind Offshore | Actual Aggregated,2026-07-19T23:19:59Z
2026-07-19T23:19:05Z,2026-07-20T01:19:05+0200,028f9a66-b3fa-4fa7-a1aa-7c735a2e67a7,2026-07-02T07:00:00Z,2026-07-02T09:00:00+0200,734.93,MW,FR,FR,actual_offshore_wind_generation,Wind Offshore | Actual Aggregated,2026-07-19T23:19:59Z
2026-07-19T23:19:05Z,2026-07-20T01:19:05+0200,028f9a66-b3fa-4fa7-a1aa-7c735a2e67a7,2026-07-02T07:15:00Z,2026-07-02T09:15:00+0200,737.44,MW,FR,FR,actual_offshore_wind_generation,Wind Offshore | Actual Aggregated,2026-07-19T23:19:59Z
2026-07-19T23:19:05Z,2026-07-20T01:19:05+0200,028f9a66-b3fa-4fa7-a1aa-7c735a2e67a7,2026-07-02T07:30:00Z,2026-07-02T09:30:00+0200,728.25,MW,FR,FR,actual_offshore_wind_generation,Wind Offshore | Actual Aggregated,2026-07-19T23:19:59Z
2026-07-19T23:19:05Z,2026-07-20T01:19:05+0200,028f9a66-b3fa-4fa7-a1aa-7c735a2e67a7,2026-07-02T07:45:00Z,2026-07-02T09:45:00+0200,759.96,MW,FR,FR,actual_offshore_wind_generation,Wind Offshore | Actual Aggregated,2026-07-19T23:19:59Z
2026-07-19T23:19:05Z,2026-07-20T01:19:05+0200,028f9a66-b3fa-4fa7-a1aa-7c735a2e67a7,2026-07-02T08:00:00Z,2026-07-02T10:00:00+0200,755.02,MW,FR,FR,actual_offshore_wind_generation,Wind Offshore | Actual Aggregated,2026-07-19T23:19:59Z
2026-07-19T23:19:05Z,2026-07-20T01:19:05+0200,028f9a66-b3fa-4fa7-a1aa-7c735a2e67a7,2026-07-02T08:15:00Z,2026-07-02T10:15:00+0200,767.4,MW,FR,FR,actual_offshore_wind_generation,Wind Offshore | Actual Aggregated,2026-07-19T23:19:59Z
2026-07-19T23:19:05Z,2026-07-20T01:19:05+0200,028f9a66-b3fa-4fa7-a1aa-7c735a2e67a7,2026-07-02T08:30:00Z,2026-07-02T10:30:00+0200,765.57,MW,FR,FR,actual_offshore_wind_generation,Wind Offshore | Actual Aggregated,2026-07-19T23:19:59Z
2026-07-19T23:19:05Z,2026-07-20T01:19:05+0200,028f9a66-b3fa-4fa7-a1aa-7c735a2e67a7,2026-07-02T08:45:00Z,2026-07-02T10:45:00+0200,768.5,MW,FR,FR,actual_offshore_wind_generation,Wind Offshore | Actual Aggregated,2026-07-19T23:19:59Z
2026-07-19T23:19:05Z,2026-07-20T01:19:05+0200,028f9a66-b3fa-4fa7-a1aa-7c735a2e67a7,2026-07-02T09:00:00Z,2026-07-02T11:00:00+0200,774.67,MW,FR,FR,actual_offshore_wind_generation,Wind Offshore | Actual Aggregated,2026-07-19T23:19:59Z
2026-07-19T23:19:05Z,2026-07-20T01:19:05+0200,028f9a66-b3fa-4fa7-a1aa-7c735a2e67a7,2026-07-02T09:15:00Z,2026-07-02T11:15:00+0200,781.18,MW,FR,FR,actual_offshore_wind_generation,Wind Offshore | Actual Aggregated,2026-07-19T23:19:59Z
2026-07-19T23:19:05Z,2026-07-20T01:19:05+0200,028f9a66-b3fa-4fa7-a1aa-7c735a2e67a7,2026-07-02T09:30:00Z,2026-07-02T11:30:00+0200,786.05,MW,FR,FR,actual_offshore_wind_generation,Wind Offshore | Actual Aggregated,2026-07-19T23:19:59Z
2026-07-19T23:19:05Z,2026-07-20T01:19:05+0200,028f9a66-b3fa-4fa7-a1aa-7c735a2e67a7,2026-07-02T09:45:00Z,2026-07-02T11:45:00+0200,796.42,MW,FR,FR,actual_offshore_wind_generation,Wind Offshore | Actual Aggregated,2026-07-19T23:19:59Z
2026-07-19T23:19:05Z,2026-07-20T01:19:05+0200,028f9a66-b3fa-4fa7-a1aa-7c735a2e67a7,2026-07-02T10:00:00Z,2026-07-02T12:00:00+0200,786.14,MW,FR,FR,actual_offshore_wind_generation,Wind Offshore | Actual Aggregated,2026-07-19T23:19:59Z
2026-07-19T23:19:05Z,2026-07-20T01:19:05+0200,028f9a66-b3fa-4fa7-a1aa-7c735a2e67a7,2026-07-02T10:15:00Z,2026-07-02T12:15:00+0200,767.6,MW,FR,FR,actual_offshore_wind_generation,Wind Offshore | Actual Aggregated,2026-07-19T23:19:59Z
2026-07-19T23:19:05Z,2026-07-20T01:19:05+0200,028f9a66-b3fa-4fa7-a1aa-7c735a2e67a7,2026-07-02T10:30:00Z,2026-07-02T12:30:00+0200,763.26,MW,FR,FR,actual_offshore_wind_generation,Wind Offshore | Actual Aggregated,2026-07-19T23:19:59Z
2026-07-19T23:19:05Z,2026-07-20T01:19:05+0200,028f9a66-b3fa-4fa7-a1aa-7c735a2e67a7,2026-07-02T10:45:00Z,2026-07-02T12:45:00+0200,756.13,MW,FR,FR,actual_offshore_wind_generation,Wind Offshore | Actual Aggregated,2026-07-19T23:19:59Z
2026-07-19T23:19:05Z,2026-07-20T01:19:05+0200,028f9a66-b3fa-4fa7-a1aa-7c735a2e67a7,2026-07-02T11:00:00Z,2026-07-02T13:00:00+0200,720.8,MW,FR,FR,actual_offshore_wind_generation,Wind Offshore | Actual Aggregated,2026-07-19T23:19:59Z
2026-07-19T23:19:05Z,2026-07-20T01:19:05+0200,028f9a66-b3fa-4fa7-a1aa-7c735a2e67a7,2026-07-02T11:15:00Z,2026-07-02T13:15:00+0200,644.57,MW,FR,FR,actual_offshore_wind_generation,Wind Offshore | Actual Aggregated,2026-07-19T23:19:59Z
2026-07-19T23:19:05Z,2026-07-20T01:19:05+0200,028f9a66-b3fa-4fa7-a1aa-7c735a2e67a7,2026-07-02T11:30:00Z,2026-07-02T13:30:00+0200,632.33,MW,FR,FR,actual_offshore_wind_generation,Wind Offshore | Actual Aggregated,2026-07-19T23:19:59Z
2026-07-19T23:19:05Z,2026-07-20T01:19:05+0200,028f9a66-b3fa-4fa7-a1aa-7c735a2e67a7,2026-07-02T11:45:00Z,2026-07-02T13:45:00+0200,600.15,MW,FR,FR,actual_offshore_wind_generation,Wind Offshore | Actual Aggregated,2026-07-19T23:19:59Z
2026-07-19T23:19:05Z,2026-07-20T01:19:05+0200,028f9a66-b3fa-4fa7-a1aa-7c735a2e67a7,2026-07-02T12:00:00Z,2026-07-02T14:00:00+0200,422.37,MW,FR,FR,actual_offshore_wind_generation,Wind Offshore | Actual Aggregated,2026-07-19T23:19:59Z
2026-07-19T23:19:05Z,2026-07-20T01:19:05+0200,028f9a66-b3fa-4fa7-a1aa-7c735a2e67a7,2026-07-02T12:15:00Z,2026-07-02T14:15:00+0200,416.2,MW,FR,FR,actual_offshore_wind_generation,Wind Offshore | Actual Aggregated,2026-07-19T23:19:59Z
2026-07-19T23:19:05Z,2026-07-20T01:19:05+0200,028f9a66-b3fa-4fa7-a1aa-7c735a2e67a7,2026-07-02T12:30:00Z,2026-07-02T14:30:00+0200,418.87,MW,FR,FR,actual_offshore_wind_generation,Wind Offshore | Actual Aggregated,2026-07-19T23:19:59Z
2026-07-19T23:19:05Z,2026-07-20T01:19:05+0200,028f9a66-b3fa-4fa7-a1aa-7c735a2e67a7,2026-07-02T12:45:00Z,2026-07-02T14:45:00+0200,424.85,MW,FR,FR,actual_offshore_wind_generation,Wind Offshore | Actual Aggregated,2026-07-19T23:19:59Z
2026-07-19T23:19:05Z,2026-07-20T01:19:05+0200,028f9a66-b3fa-4fa7-a1aa-7c735a2e67a7,2026-07-02T13:00:00Z,2026-07-02T15:00:00+0200,455.18,MW,FR,FR,actual_offshore_wind_generation,Wind Offshore | Actual Aggregated,2026-07-19T23:19:59Z
2026-07-19T23:19:05Z,2026-07-20T01:19:05+0200,028f9a66-b3fa-4fa7-a1aa-7c735a2e67a7,2026-07-02T13:15:00Z,2026-07-02T15:15:00+0200,482.56,MW,FR,FR,actual_offshore_wind_generation,Wind Offshore | Actual Aggregated,2026-07-19T23:19:59Z
2026-07-19T23:19:05Z,2026-07-20T01:19:05+0200,028f9a66-b3fa-4fa7-a1aa-7c735a2e67a7,2026-07-02T13:30:00Z,2026-07-02T15:30:00+0200,523.12,MW,FR,FR,actual_offshore_wind_generation,Wind Offshore | Actual Aggregated,2026-07-19T23:19:59Z
2026-07-19T23:19:05Z,2026-07-20T01:19:05+0200,028f9a66-b3fa-4fa7-a1aa-7c735a2e67a7,2026-07-02T13:45:00Z,2026-07-02T15:45:00+0200,643.44,MW,FR,FR,actual_offshore_wind_generation,Wind Offshore | Actual Aggregated,2026-07-19T23:19:59Z
2026-07-19T23:19:05Z,2026-07-20T01:19:05+0200,028f9a66-b3fa-4fa7-a1aa-7c735a2e67a7,2026-07-02T14:00:00Z,2026-07-02T16:00:00+0200,726.59,MW,FR,FR,actual_offshore_wind_generation,Wind Offshore | Actual Aggregated,2026-07-19T23:19:59Z
2026-07-19T23:19:05Z,2026-07-20T01:19:05+0200,028f9a66-b3fa-4fa7-a1aa-7c735a2e67a7,2026-07-02T14:15:00Z,2026-07-02T16:15:00+0200,754.55,MW,FR,FR,actual_offshore_wind_generation,Wind Offshore | Actual Aggregated,2026-07-19T23:19:59Z
2026-07-19T23:19:05Z,2026-07-20T01:19:05+0200,028f9a66-b3fa-4fa7-a1aa-7c735a2e67a7,2026-07-02T14:30:00Z,2026-07-02T16:30:00+0200,805.65,MW,FR,FR,actual_offshore_wind_generation,Wind Offshore | Actual Aggregated,2026-07-19T23:19:59Z
2026-07-19T23:19:05Z,2026-07-20T01:19:05+0200,028f9a66-b3fa-4fa7-a1aa-7c735a2e67a7,2026-07-02T14:45:00Z,2026-07-02T16:45:00+0200,856.12,MW,FR,FR,actual_offshore_wind_generation,Wind Offshore | Actual Aggregated,2026-07-19T23:19:59Z
2026-07-19T23:19:05Z,2026-07-20T01:19:05+0200,028f9a66-b3fa-4fa7-a1aa-7c735a2e67a7,2026-07-02T15:00:00Z,2026-07-02T17:00:00+0200,925.62,MW,FR,FR,actual_offshore_wind_generation,Wind Offshore | Actual Aggregated,2026-07-19T23:19:59Z
2026-07-19T23:19:05Z,2026-07-20T01:19:05+0200,028f9a66-b3fa-4fa7-a1aa-7c735a2e67a7,2026-07-02T15:15:00Z,2026-07-02T17:15:00+0200,938.55,MW,FR,FR,actual_offshore_wind_generation,Wind Offshore | Actual Aggregated,2026-07-19T23:19:59Z
2026-07-19T23:19:05Z,2026-07-20T01:19:05+0200,028f9a66-b3fa-4fa7-a1aa-7c735a2e67a7,2026-07-02T15:30:00Z,2026-07-02T17:30:00+0200,882.89,MW,FR,FR,actual_offshore_wind_generation,Wind Offshore | Actual Aggregated,2026-07-19T23:19:59Z
2026-07-19T23:19:05Z,2026-07-20T01:19:05+0200,028f9a66-b3fa-4fa7-a1aa-7c735a2e67a7,2026-07-02T15:45:00Z,2026-07-02T17:45:00+0200,874.46,MW,FR,FR,actual_offshore_wind_generation,Wind Offshore | Actual Aggregated,2026-07-19T23:19:59Z
2026-07-19T23:19:05Z,2026-07-20T01:19:05+0200,028f9a66-b3fa-4fa7-a1aa-7c735a2e67a7,2026-07-02T16:00:00Z,2026-07-02T18:00:00+0200,968.5,MW,FR,FR,actual_offshore_wind_generation,Wind Offshore | Actual Aggregated,2026-07-19T23:19:59Z
2026-07-19T23:19:05Z,2026-07-20T01:19:05+0200,028f9a66-b3fa-4fa7-a1aa-7c735a2e67a7,2026-07-02T16:15:00Z,2026-07-02T18:15:00+0200,959.61,MW,FR,FR,actual_offshore_wind_generation,Wind Offshore | Actual Aggregated,2026-07-19T23:19:59Z
2026-07-19T23:19:05Z,2026-07-20T01:19:05+0200,028f9a66-b3fa-4fa7-a1aa-7c735a2e67a7,2026-07-02T16:30:00Z,2026-07-02T18:30:00+0200,933.7,MW,FR,FR,actual_offshore_wind_generation,Wind Offshore | Actual Aggregated,2026-07-19T23:19:59Z
2026-07-19T23:19:05Z,2026-07-20T01:19:05+0200,028f9a66-b3fa-4fa7-a1aa-7c735a2e67a7,2026-07-02T16:45:00Z,2026-07-02T18:45:00+0200,974.25,MW,FR,FR,actual_offshore_wind_generation,Wind Offshore | Actual Aggregated,2026-07-19T23:19:59Z
2026-07-19T23:19:05Z,2026-07-20T01:19:05+0200,028f9a66-b3fa-4fa7-a1aa-7c735a2e67a7,2026-07-02T17:00:00Z,2026-07-02T19:00:00+0200,988.19,MW,FR,FR,actual_offshore_wind_generation,Wind Offshore | Actual Aggregated,2026-07-19T23:19:59Z
2026-07-19T23:19:05Z,2026-07-20T01:19:05+0200,028f9a66-b3fa-4fa7-a1aa-7c735a2e67a7,2026-07-02T17:15:00Z,2026-07-02T19:15:00+0200,992.98,MW,FR,FR,actual_offshore_wind_generation,Wind Offshore | Actual Aggregated,2026-07-19T23:19:59Z
2026-07-19T23:19:05Z,2026-07-20T01:19:05+0200,028f9a66-b3fa-4fa7-a1aa-7c735a2e67a7,2026-07-02T17:30:00Z,2026-07-02T19:30:00+0200,911.23,MW,FR,FR,actual_offshore_wind_generation,Wind Offshore | Actual Aggregated,2026-07-19T23:19:59Z
2026-07-19T23:19:05Z,2026-07-20T01:19:05+0200,028f9a66-b3fa-4fa7-a1aa-7c735a2e67a7,2026-07-02T17:45:00Z,2026-07-02T19:45:00+0200,859.44,MW,FR,FR,actual_offshore_wind_generation,Wind Offshore | Actual Aggregated,2026-07-19T23:19:59Z
2026-07-19T23:19:05Z,2026-07-20T01:19:05+0200,028f9a66-b3fa-4fa7-a1aa-7c735a2e67a7,2026-07-02T18:00:00Z,2026-07-02T20:00:00+0200,812.21,MW,FR,FR,actual_offshore_wind_generation,Wind Offshore | Actual Aggregated,2026-07-19T23:19:59Z
2026-07-19T23:19:05Z,2026-07-20T01:19:05+0200,028f9a66-b3fa-4fa7-a1aa-7c735a2e67a7,2026-07-02T18:15:00Z,2026-07-02T20:15:00+0200,827.12,MW,FR,FR,actual_offshore_wind_generation,Wind Offshore | Actual Aggregated,2026-07-19T23:19:59Z
2026-07-19T23:19:05Z,2026-07-20T01:19:05+0200,028f9a66-b3fa-4fa7-a1aa-7c735a2e67a7,2026-07-02T18:30:00Z,2026-07-02T20:30:00+0200,815.69,MW,FR,FR,actual_offshore_wind_generation,Wind Offshore | Actual Aggregated,2026-07-19T23:19:59Z
2026-07-19T23:19:05Z,2026-07-20T01:19:05+0200,028f9a66-b3fa-4fa7-a1aa-7c735a2e67a7,2026-07-02T18:45:00Z,2026-07-02T20:45:00+0200,797.6,MW,FR,FR,actual_offshore_wind_generation,Wind Offshore | Actual Aggregated,2026-07-19T23:19:59Z
2026-07-19T23:19:05Z,2026-07-20T01:19:05+0200,028f9a66-b3fa-4fa7-a1aa-7c735a2e67a7,2026-07-02T19:00:00Z,2026-07-02T21:00:00+0200,775.41,MW,FR,FR,actual_offshore_wind_generation,Wind Offshore | Actual Aggregated,2026-07-19T23:19:59Z
2026-07-19T23:19:05Z,2026-07-20T01:19:05+0200,028f9a66-b3fa-4fa7-a1aa-7c735a2e67a7,2026-07-02T19:15:00Z,2026-07-02T21:15:00+0200,773.24,MW,FR,FR,actual_offshore_wind_generation,Wind Offshore | Actual Aggregated,2026-07-19T23:19:59Z
2026-07-19T23:19:05Z,2026-07-20T01:19:05+0200,028f9a66-b3fa-4fa7-a1aa-7c735a2e67a7,2026-07-02T19:30:00Z,2026-07-02T21:30:00+0200,787.26,MW,FR,FR,actual_offshore_wind_generation,Wind Offshore | Actual Aggregated,2026-07-19T23:19:59Z
2026-07-19T23:19:05Z,2026-07-20T01:19:05+0200,028f9a66-b3fa-4fa7-a1aa-7c735a2e67a7,2026-07-02T19:45:00Z,2026-07-02T21:45:00+0200,774.54,MW,FR,FR,actual_offshore_wind_generation,Wind Offshore | Actual Aggregated,2026-07-19T23:19:59Z
2026-07-19T23:19:05Z,2026-07-20T01:19:05+0200,028f9a66-b3fa-4fa7-a1aa-7c735a2e67a7,2026-07-02T20:00:00Z,2026-07-02T22:00:00+0200,757.23,MW,FR,FR,actual_offshore_wind_generation,Wind Offshore | Actual Aggregated,2026-07-19T23:19:59Z
2026-07-19T23:19:05Z,2026-07-20T01:19:05+0200,028f9a66-b3fa-4fa7-a1aa-7c735a2e67a7,2026-07-02T20:15:00Z,2026-07-02T22:15:00+0200,767.28,MW,FR,FR,actual_offshore_wind_generation,Wind Offshore | Actual Aggregated,2026-07-19T23:19:59Z
2026-07-19T23:19:05Z,2026-07-20T01:19:05+0200,028f9a66-b3fa-4fa7-a1aa-7c735a2e67a7,2026-07-02T20:30:00Z,2026-07-02T22:30:00+0200,737.96,MW,FR,FR,actual_offshore_wind_generation,Wind Offshore | Actual Aggregated,2026-07-19T23:19:59Z
2026-07-19T23:19:05Z,2026-07-20T01:19:05+0200,028f9a66-b3fa-4fa7-a1aa-7c735a2e67a7,2026-07-02T20:45:00Z,2026-07-02T22:45:00+0200,745.92,MW,FR,FR,actual_offshore_wind_generation,Wind Offshore | Actual Aggregated,2026-07-19T23:19:59Z
2026-07-19T23:19:05Z,2026-07-20T01:19:05+0200,028f9a66-b3fa-4fa7-a1aa-7c735a2e67a7,2026-07-02T21:00:00Z,2026-07-02T23:00:00+0200,730.75,MW,FR,FR,actual_offshore_wind_generation,Wind Offshore | Actual Aggregated,2026-07-19T23:19:59Z
2026-07-19T23:19:05Z,2026-07-20T01:19:05+0200,028f9a66-b3fa-4fa7-a1aa-7c735a2e67a7,2026-07-02T21:15:00Z,2026-07-02T23:15:00+0200,753.7,MW,FR,FR,actual_offshore_wind_generation,Wind Offshore | Actual Aggregated,2026-07-19T23:19:59Z
2026-07-19T23:19:05Z,2026-07-20T01:19:05+0200,028f9a66-b3fa-4fa7-a1aa-7c735a2e67a7,2026-07-02T21:30:00Z,2026-07-02T23:30:00+0200,720.09,MW,FR,FR,actual_offshore_wind_generation,Wind Offshore | Actual Aggregated,2026-07-19T23:19:59Z
2026-07-19T23:19:05Z,2026-07-20T01:19:05+0200,028f9a66-b3fa-4fa7-a1aa-7c735a2e67a7,2026-07-02T21:45:00Z,2026-07-02T23:45:00+0200,677.74,MW,FR,FR,actual_offshore_wind_generation,Wind Offshore | Actual Aggregated,2026-07-19T23:19:59Z
2026-07-19T23:19:05Z,2026-07-20T01:19:05+0200,028f9a66-b3fa-4fa7-a1aa-7c735a2e67a7,2026-07-02T22:00:00Z,2026-07-03T00:00:00+0200,642.71,MW,FR,FR,actual_offshore_wind_generation,Wind Offshore | Actual Aggregated,2026-07-19T23:19:59Z
2026-07-19T23:19:05Z,2026-07-20T01:19:05+0200,028f9a66-b3fa-4fa7-a1aa-7c735a2e67a7,2026-07-02T22:15:00Z,2026-07-03T00:15:00+0200,564.81,MW,FR,FR,actual_offshore_wind_generation,Wind Offshore | Actual Aggregated,2026-07-19T23:19:59Z
2026-07-19T23:19:05Z,2026-07-20T01:19:05+0200,028f9a66-b3fa-4fa7-a1aa-7c735a2e67a7,2026-07-02T22:30:00Z,2026-07-03T00:30:00+0200,537.83,MW,FR,FR,actual_offshore_wind_generation,Wind Offshore | Actual Aggregated,2026-07-19T23:19:59Z
2026-07-19T23:19:05Z,2026-07-20T01:19:05+0200,028f9a66-b3fa-4fa7-a1aa-7c735a2e67a7,2026-07-02T22:45:00Z,2026-07-03T00:45:00+0200,561.76,MW,FR,FR,actual_offshore_wind_generation,Wind Offshore | Actual Aggregated,2026-07-19T23:19:59Z
2026-07-19T23:19:05Z,2026-07-20T01:19:05+0200,028f9a66-b3fa-4fa7-a1aa-7c735a2e67a7,2026-07-02T23:00:00Z,2026-07-03T01:00:00+0200,561.94,MW,FR,FR,actual_offshore_wind_generation,Wind Offshore | Actual Aggregated,2026-07-19T23:19:59Z
2026-07-19T23:19:05Z,2026-07-20T01:19:05+0200,028f9a66-b3fa-4fa7-a1aa-7c735a2e67a7,2026-07-02T23:15:00Z,2026-07-03T01:15:00+0200,466.86,MW,FR,FR,actual_offshore_wind_generation,Wind Offshore | Actual Aggregated,2026-07-19T23:19:59Z
2026-07-19T23:19:05Z,2026-07-20T01:19:05+0200,028f9a66-b3fa-4fa7-a1aa-7c735a2e67a7,2026-07-02T23:30:00Z,2026-07-03T01:30:00+0200,407.3,MW,FR,FR,actual_offshore_wind_generation,Wind Offshore | Actual Aggregated,2026-07-19T23:19:59Z
2026-07-19T23:19:05Z,2026-07-20T01:19:05+0200,028f9a66-b3fa-4fa7-a1aa-7c735a2e67a7,2026-07-02T23:45:00Z,2026-07-03T01:45:00+0200,353.54,MW,FR,FR,actual_offshore_wind_generation,Wind Offshore | Actual Aggregated,2026-07-19T23:19:59Z
2026-07-19T23:19:05Z,2026-07-20T01:19:05+0200,028f9a66-b3fa-4fa7-a1aa-7c735a2e67a7,2026-07-03T00:00:00Z,2026-07-03T02:00:00+0200,334.33,MW,FR,FR,actual_offshore_wind_generation,Wind Offshore | Actual Aggregated,2026-07-19T23:19:59Z
2026-07-19T23:19:05Z,2026-07-20T01:19:05+0200,028f9a66-b3fa-4fa7-a1aa-7c735a2e67a7,2026-07-03T00:15:00Z,2026-07-03T02:15:00+0200,363.15,MW,FR,FR,actual_offshore_wind_generation,Wind Offshore | Actual Aggregated,2026-07-19T23:19:59Z
2026-07-19T23:19:05Z,2026-07-20T01:19:05+0200,028f9a66-b3fa-4fa7-a1aa-7c735a2e67a7,2026-07-03T00:30:00Z,2026-07-03T02:30:00+0200,380.54,MW,FR,FR,actual_offshore_wind_generation,Wind Offshore | Actual Aggregated,2026-07-19T23:19:59Z
2026-07-19T23:19:05Z,2026-07-20T01:19:05+0200,028f9a66-b3fa-4fa7-a1aa-7c735a2e67a7,2026-07-03T00:45:00Z,2026-07-03T02:45:00+0200,404.06,MW,FR,FR,actual_offshore_wind_generation,Wind Offshore | Actual Aggregated,2026-07-19T23:19:59Z
2026-07-19T23:19:05Z,2026-07-20T01:19:05+0200,028f9a66-b3fa-4fa7-a1aa-7c735a2e67a7,2026-07-03T01:00:00Z,2026-07-03T03:00:00+0200,436.03,MW,FR,FR,actual_offshore_wind_generation,Wind Offshore | Actual Aggregated,2026-07-19T23:19:59Z
2026-07-19T23:19:05Z,2026-07-20T01:19:05+0200,028f9a66-b3fa-4fa7-a1aa-7c735a2e67a7,2026-07-03T01:15:00Z,2026-07-03T03:15:00+0200,444.84,MW,FR,FR,actual_offshore_wind_generation,Wind Offshore | Actual Aggregated,2026-07-19T23:19:59Z
2026-07-19T23:19:05Z,2026-07-20T01:19:05+0200,028f9a66-b3fa-4fa7-a1aa-7c735a2e67a7,2026-07-03T01:30:00Z,2026-07-03T03:30:00+0200,466.39,MW,FR,FR,actual_offshore_wind_generation,Wind Offshore | Actual Aggregated,2026-07-19T23:19:59Z
2026-07-19T23:19:05Z,2026-07-20T01:19:05+0200,028f9a66-b3fa-4fa7-a1aa-7c735a2e67a7,2026-07-03T01:45:00Z,2026-07-03T03:45:00+0200,469.81,MW,FR,FR,actual_offshore_wind_generation,Wind Offshore | Actual Aggregated,2026-07-19T23:19:59Z
2026-07-19T23:19:05Z,2026-07-20T01:19:05+0200,028f9a66-b3fa-4fa7-a1aa-7c735a2e67a7,2026-07-03T02:00:00Z,2026-07-03T04:00:00+0200,478.65,MW,FR,FR,actual_offshore_wind_generation,Wind Offshore | Actual Aggregated,2026-07-19T23:19:59Z
2026-07-19T23:19:05Z,2026-07-20T01:19:05+0200,028f9a66-b3fa-4fa7-a1aa-7c735a2e67a7,2026-07-03T02:15:00Z,2026-07-03T04:15:00+0200,462.88,MW,FR,FR,actual_offshore_wind_generation,Wind Offshore | Actual Aggregated,2026-07-19T23:19:59Z
2026-07-19T23:19:05Z,2026-07-20T01:19:05+0200,028f9a66-b3fa-4fa7-a1aa-7c735a2e67a7,2026-07-03T02:30:00Z,2026-07-03T04:30:00+0200,442.33,MW,FR,FR,actual_offshore_wind_generation,Wind Offshore | Actual Aggregated,2026-07-19T23:19:59Z
2026-07-19T23:19:05Z,2026-07-20T01:19:05+0200,028f9a66-b3fa-4fa7-a1aa-7c735a2e67a7,2026-07-03T02:45:00Z,2026-07-03T04:45:00+0200,439.37,MW,FR,FR,actual_offshore_wind_generation,Wind Offshore | Actual Aggregated,2026-07-19T23:19:59Z
2026-07-19T23:19:05Z,2026-07-20T01:19:05+0200,028f9a66-b3fa-4fa7-a1aa-7c735a2e67a7,2026-07-03T03:00:00Z,2026-07-03T05:00:00+0200,429.44,MW,FR,FR,actual_offshore_wind_generation,Wind Offshore | Actual Aggregated,2026-07-19T23:19:59Z
2026-07-19T23:19:05Z,2026-07-20T01:19:05+0200,028f9a66-b3fa-4fa7-a1aa-7c735a2e67a7,2026-07-03T03:15:00Z,2026-07-03T05:15:00+0200,397.17,MW,FR,FR,actual_offshore_wind_generation,Wind Offshore | Actual Aggregated,2026-07-19T23:19:59Z
2026-07-19T23:19:05Z,2026-07-20T01:19:05+0200,028f9a66-b3fa-4fa7-a1aa-7c735a2e67a7,2026-07-03T03:30:00Z,2026-07-03T05:30:00+0200,374.92,MW,FR,FR,actual_offshore_wind_generation,Wind Offshore | Actual Aggregated,2026-07-19T23:19:59Z
2026-07-19T23:19:05Z,2026-07-20T01:19:05+0200,028f9a66-b3fa-4fa7-a1aa-7c735a2e67a7,2026-07-03T03:45:00Z,2026-07-03T05:45:00+0200,353.9,MW,FR,FR,actual_offshore_wind_generation,Wind Offshore | Actual Aggregated,2026-07-19T23:19:59Z
2026-07-19T23:19:05Z,2026-07-20T01:19:05+0200,028f9a66-b3fa-4fa7-a1aa-7c735a2e67a7,2026-07-03T04:00:00Z,2026-07-03T06:00:00+0200,339.7,MW,FR,FR,actual_offshore_wind_generation,Wind Offshore | Actual Aggregated,2026-07-19T23:19:59Z
2026-07-19T23:19:05Z,2026-07-20T01:19:05+0200,028f9a66-b3fa-4fa7-a1aa-7c735a2e67a7,2026-07-03T04:15:00Z,2026-07-03T06:15:00+0200,304.12,MW,FR,FR,actual_offshore_wind_generation,Wind Offshore | Actual Aggregated,2026-07-19T23:19:59Z
2026-07-19T23:19:05Z,2026-07-20T01:19:05+0200,028f9a66-b3fa-4fa7-a1aa-7c735a2e67a7,2026-07-03T04:30:00Z,2026-07-03T06:30:00+0200,291.2,MW,FR,FR,actual_offshore_wind_generation,Wind Offshore | Actual Aggregated,2026-07-19T23:19:59Z
2026-07-19T23:19:05Z,2026-07-20T01:19:05+0200,028f9a66-b3fa-4fa7-a1aa-7c735a2e67a7,2026-07-03T04:45:00Z,2026-07-03T06:45:00+0200,288.08,MW,FR,FR,actual_offshore_wind_generation,Wind Offshore | Actual Aggregated,2026-07-19T23:19:59Z
2026-07-19T23:19:05Z,2026-07-20T01:19:05+0200,028f9a66-b3fa-4fa7-a1aa-7c735a2e67a7,2026-07-03T05:00:00Z,2026-07-03T07:00:00+0200,264.27,MW,FR,FR,actual_offshore_wind_generation,Wind Offshore | Actual Aggregated,2026-07-19T23:19:59Z
2026-07-19T23:19:05Z,2026-07-20T01:19:05+0200,028f9a66-b3fa-4fa7-a1aa-7c735a2e67a7,2026-07-03T05:15:00Z,2026-07-03T07:15:00+0200,242.82,MW,FR,FR,actual_offshore_wind_generation,Wind Offshore | Actual Aggregated,2026-07-19T23:19:59Z
2026-07-19T23:19:05Z,2026-07-20T01:19:05+0200,028f9a66-b3fa-4fa7-a1aa-7c735a2e67a7,2026-07-03T05:30:00Z,2026-07-03T07:30:00+0200,230.74,MW,FR,FR,actual_offshore_wind_generation,Wind Offshore | Actual Aggregated,2026-07-19T23:19:59Z
2026-07-19T23:19:05Z,2026-07-20T01:19:05+0200,028f9a66-b3fa-4fa7-a1aa-7c735a2e67a7,2026-07-03T05:45:00Z,2026-07-03T07:45:00+0200,221.4,MW,FR,FR,actual_offshore_wind_generation,Wind Offshore | Actual Aggregated,2026-07-19T23:19:59Z
2026-07-19T23:19:05Z,2026-07-20T01:19:05+0200,028f9a66-b3fa-4fa7-a1aa-7c735a2e67a7,2026-07-03T06:00:00Z,2026-07-03T08:00:00+0200,205.09,MW,FR,FR,actual_offshore_wind_generation,Wind Offshore | Actual Aggregated,2026-07-19T23:19:59Z
2026-07-19T23:19:05Z,2026-07-20T01:19:05+0200,028f9a66-b3fa-4fa7-a1aa-7c735a2e67a7,2026-07-03T06:15:00Z,2026-07-03T08:15:00+0200,192.93,MW,FR,FR,actual_offshore_wind_generation,Wind Offshore | Actual Aggregated,2026-07-19T23:19:59Z
2026-07-19T23:19:05Z,2026-07-20T01:19:05+0200,028f9a66-b3fa-4fa7-a1aa-7c735a2e67a7,2026-07-03T06:30:00Z,2026-07-03T08:30:00+0200,175.15,MW,FR,FR,actual_offshore_wind_generation,Wind Offshore | Actual Aggregated,2026-07-19T23:19:59Z
2026-07-19T23:19:05Z,2026-07-20T01:19:05+0200,028f9a66-b3fa-4fa7-a1aa-7c735a2e67a7,2026-07-03T06:45:00Z,2026-07-03T08:45:00+0200,162.04,MW,FR,FR,actual_offshore_wind_generation,Wind Offshore | Actual Aggregated,2026-07-19T23:19:59Z
2026-07-19T23:19:05Z,2026-07-20T01:19:05+0200,028f9a66-b3fa-4fa7-a1aa-7c735a2e67a7,2026-07-03T07:00:00Z,2026-07-03T09:00:00+0200,149.36,MW,FR,FR,actual_offshore_wind_generation,Wind Offshore | Actual Aggregated,2026-07-19T23:19:59Z
2026-07-19T23:19:05Z,2026-07-20T01:19:05+0200,028f9a66-b3fa-4fa7-a1aa-7c735a2e67a7,2026-07-03T07:15:00Z,2026-07-03T09:15:00+0200,132.59,MW,FR,FR,actual_offshore_wind_generation,Wind Offshore | Actual Aggregated,2026-07-19T23:19:59Z
2026-07-19T23:19:05Z,2026-07-20T01:19:05+0200,028f9a66-b3fa-4fa7-a1aa-7c735a2e67a7,2026-07-03T07:30:00Z,2026-07-03T09:30:00+0200,114.29,MW,FR,FR,actual_offshore_wind_generation,Wind Offshore | Actual Aggregated,2026-07-19T23:19:59Z
2026-07-19T23:19:05Z,2026-07-20T01:19:05+0200,028f9a66-b3fa-4fa7-a1aa-7c735a2e67a7,2026-07-03T07:45:00Z,2026-07-03T09:45:00+0200,94.68,MW,FR,FR,actual_offshore_wind_generation,Wind Offshore | Actual Aggregated,2026-07-19T23:19:59Z
2026-07-19T23:19:05Z,2026-07-20T01:19:05+0200,028f9a66-b3fa-4fa7-a1aa-7c735a2e67a7,2026-07-03T08:00:00Z,2026-07-03T10:00:00+0200,86.43,MW,FR,FR,actual_offshore_wind_generation,Wind Offshore | Actual Aggregated,2026-07-19T23:19:59Z
2026-07-19T23:19:05Z,2026-07-20T01:19:05+0200,028f9a66-b3fa-4fa7-a1aa-7c735a2e67a7,2026-07-03T08:15:00Z,2026-07-03T10:15:00+0200,77.99,MW,FR,FR,actual_offshore_wind_generation,Wind Offshore | Actual Aggregated,2026-07-19T23:19:59Z
2026-07-19T23:19:05Z,2026-07-20T01:19:05+0200,028f9a66-b3fa-4fa7-a1aa-7c735a2e67a7,2026-07-03T08:30:00Z,2026-07-03T10:30:00+0200,68.2,MW,FR,FR,actual_offshore_wind_generation,Wind Offshore | Actual Aggregated,2026-07-19T23:19:59Z
2026-07-19T23:19:05Z,2026-07-20T01:19:05+0200,028f9a66-b3fa-4fa7-a1aa-7c735a2e67a7,2026-07-03T08:45:00Z,2026-07-03T10:45:00+0200,63.74,MW,FR,FR,actual_offshore_wind_generation,Wind Offshore | Actual Aggregated,2026-07-19T23:19:59Z
2026-07-19T23:19:05Z,2026-07-20T01:19:05+0200,028f9a66-b3fa-4fa7-a1aa-7c735a2e67a7,2026-07-03T09:00:00Z,2026-07-03T11:00:00+0200,57.45,MW,FR,FR,actual_offshore_wind_generation,Wind Offshore | Actual Aggregated,2026-07-19T23:19:59Z
2026-07-19T23:19:05Z,2026-07-20T01:19:05+0200,028f9a66-b3fa-4fa7-a1aa-7c735a2e67a7,2026-07-03T09:15:00Z,2026-07-03T11:15:00+0200,50.98,MW,FR,FR,actual_offshore_wind_generation,Wind Offshore | Actual Aggregated,2026-07-19T23:19:59Z
2026-07-19T23:19:05Z,2026-07-20T01:19:05+0200,028f9a66-b3fa-4fa7-a1aa-7c735a2e67a7,2026-07-03T09:30:00Z,2026-07-03T11:30:00+0200,50.46,MW,FR,FR,actual_offshore_wind_generation,Wind Offshore | Actual Aggregated,2026-07-19T23:19:59Z
2026-07-19T23:19:05Z,2026-07-20T01:19:05+0200,028f9a66-b3fa-4fa7-a1aa-7c735a2e67a7,2026-07-03T09:45:00Z,2026-07-03T11:45:00+0200,51.61,MW,FR,FR,actual_offshore_wind_generation,Wind Offshore | Actual Aggregated,2026-07-19T23:19:59Z
2026-07-19T23:19:05Z,2026-07-20T01:19:05+0200,028f9a66-b3fa-4fa7-a1aa-7c735a2e67a7,2026-07-03T10:00:00Z,2026-07-03T12:00:00+0200,52.49,MW,FR,FR,actual_offshore_wind_generation,Wind Offshore | Actual Aggregated,2026-07-19T23:19:59Z
2026-07-19T23:19:05Z,2026-07-20T01:19:05+0200,028f9a66-b3fa-4fa7-a1aa-7c735a2e67a7,2026-07-03T10:15:00Z,2026-07-03T12:15:00+0200,53.86,MW,FR,FR,actual_offshore_wind_generation,Wind Offshore | Actual Aggregated,2026-07-19T23:19:59Z
2026-07-19T23:19:05Z,2026-07-20T01:19:05+0200,028f9a66-b3fa-4fa7-a1aa-7c735a2e67a7,2026-07-03T10:30:00Z,2026-07-03T12:30:00+0200,54.06,MW,FR,FR,actual_offshore_wind_generation,Wind Offshore | Actual Aggregated,2026-07-19T23:19:59Z
2026-07-19T23:19:05Z,2026-07-20T01:19:05+0200,028f9a66-b3fa-4fa7-a1aa-7c735a2e67a7,2026-07-03T10:45:00Z,2026-07-03T12:45:00+0200,53.92,MW,FR,FR,actual_offshore_wind_generation,Wind Offshore | Actual Aggregated,2026-07-19T23:19:59Z
2026-07-19T23:19:05Z,2026-07-20T01:19:05+0200,028f9a66-b3fa-4fa7-a1aa-7c735a2e67a7,2026-07-03T11:00:00Z,2026-07-03T13:00:00+0200,52.98,MW,FR,FR,actual_offshore_wind_generation,Wind Offshore | Actual Aggregated,2026-07-19T23:19:59Z
2026-07-19T23:19:05Z,2026-07-20T01:19:05+0200,028f9a66-b3fa-4fa7-a1aa-7c735a2e67a7,2026-07-03T11:15:00Z,2026-07-03T13:15:00+0200,56.44,MW,FR,FR,actual_offshore_wind_generation,Wind Offshore | Actual Aggregated,2026-07-19T23:19:59Z
2026-07-19T23:19:05Z,2026-07-20T01:19:05+0200,028f9a66-b3fa-4fa7-a1aa-7c735a2e67a7,2026-07-03T11:30:00Z,2026-07-03T13:30:00+0200,59.75,MW,FR,FR,actual_offshore_wind_generation,Wind Offshore | Actual Aggregated,2026-07-19T23:19:59Z
2026-07-19T23:19:05Z,2026-07-20T01:19:05+0200,028f9a66-b3fa-4fa7-a1aa-7c735a2e67a7,2026-07-03T11:45:00Z,2026-07-03T13:45:00+0200,63.41,MW,FR,FR,actual_offshore_wind_generation,Wind Offshore | Actual Aggregated,2026-07-19T23:19:59Z
2026-07-19T23:19:05Z,2026-07-20T01:19:05+0200,028f9a66-b3fa-4fa7-a1aa-7c735a2e67a7,2026-07-03T12:00:00Z,2026-07-03T14:00:00+0200,64.52,MW,FR,FR,actual_offshore_wind_generation,Wind Offshore | Actual Aggregated,2026-07-19T23:19:59Z
2026-07-19T23:19:05Z,2026-07-20T01:19:05+0200,028f9a66-b3fa-4fa7-a1aa-7c735a2e67a7,2026-07-03T12:15:00Z,2026-07-03T14:15:00+0200,60.54,MW,FR,FR,actual_offshore_wind_generation,Wind Offshore | Actual Aggregated,2026-07-19T23:19:59Z
2026-07-19T23:19:05Z,2026-07-20T01:19:05+0200,028f9a66-b3fa-4fa7-a1aa-7c735a2e67a7,2026-07-03T12:30:00Z,2026-07-03T14:30:00+0200,56.24,MW,FR,FR,actual_offshore_wind_generation,Wind Offshore | Actual Aggregated,2026-07-19T23:19:59Z
2026-07-19T23:19:05Z,2026-07-20T01:19:05+0200,028f9a66-b3fa-4fa7-a1aa-7c735a2e67a7,2026-07-03T12:45:00Z,2026-07-03T14:45:00+0200,53.73,MW,FR,FR,actual_offshore_wind_generation,Wind Offshore | Actual Aggregated,2026-07-19T23:19:59Z
2026-07-19T23:19:05Z,2026-07-20T01:19:05+0200,028f9a66-b3fa-4fa7-a1aa-7c735a2e67a7,2026-07-03T13:00:00Z,2026-07-03T15:00:00+0200,50.98,MW,FR,FR,actual_offshore_wind_generation,Wind Offshore | Actual Aggregated,2026-07-19T23:19:59Z
2026-07-19T23:19:05Z,2026-07-20T01:19:05+0200,028f9a66-b3fa-4fa7-a1aa-7c735a2e67a7,2026-07-03T13:15:00Z,2026-07-03T15:15:00+0200,42.5,MW,FR,FR,actual_offshore_wind_generation,Wind Offshore | Actual Aggregated,2026-07-19T23:19:59Z
2026-07-19T23:19:05Z,2026-07-20T01:19:05+0200,028f9a66-b3fa-4fa7-a1aa-7c735a2e67a7,2026-07-03T13:30:00Z,2026-07-03T15:30:00+0200,44.16,MW,FR,FR,actual_offshore_wind_generation,Wind Offshore | Actual Aggregated,2026-07-19T23:19:59Z
2026-07-19T23:19:05Z,2026-07-20T01:19:05+0200,028f9a66-b3fa-4fa7-a1aa-7c735a2e67a7,2026-07-03T13:45:00Z,2026-07-03T15:45:00+0200,46.5,MW,FR,FR,actual_offshore_wind_generation,Wind Offshore | Actual Aggregated,2026-07-19T23:19:59Z
2026-07-19T23:19:05Z,2026-07-20T01:19:05+0200,028f9a66-b3fa-4fa7-a1aa-7c735a2e67a7,2026-07-03T14:00:00Z,2026-07-03T16:00:00+0200,54.4,MW,FR,FR,actual_offshore_wind_generation,Wind Offshore | Actual Aggregated,2026-07-19T23:19:59Z
2026-07-19T23:19:05Z,2026-07-20T01:19:05+0200,028f9a66-b3fa-4fa7-a1aa-7c735a2e67a7,2026-07-03T14:15:00Z,2026-07-03T16:15:00+0200,66.7,MW,FR,FR,actual_offshore_wind_generation,Wind Offshore | Actual Aggregated,2026-07-19T23:19:59Z
2026-07-19T23:19:05Z,2026-07-20T01:19:05+0200,028f9a66-b3fa-4fa7-a1aa-7c735a2e67a7,2026-07-03T14:30:00Z,2026-07-03T16:30:00+0200,83.58,MW,FR,FR,actual_offshore_wind_generation,Wind Offshore | Actual Aggregated,2026-07-19T23:19:59Z
2026-07-19T23:19:05Z,2026-07-20T01:19:05+0200,028f9a66-b3fa-4fa7-a1aa-7c735a2e67a7,2026-07-03T14:45:00Z,2026-07-03T16:45:00+0200,96.9,MW,FR,FR,actual_offshore_wind_generation,Wind Offshore | Actual Aggregated,2026-07-19T23:19:59Z
2026-07-19T23:19:05Z,2026-07-20T01:19:05+0200,028f9a66-b3fa-4fa7-a1aa-7c735a2e67a7,2026-07-03T15:00:00Z,2026-07-03T17:00:00+0200,123.53,MW,FR,FR,actual_offshore_wind_generation,Wind Offshore | Actual Aggregated,2026-07-19T23:19:59Z
2026-07-19T23:19:05Z,2026-07-20T01:19:05+0200,028f9a66-b3fa-4fa7-a1aa-7c735a2e67a7,2026-07-03T15:15:00Z,2026-07-03T17:15:00+0200,159.16,MW,FR,FR,actual_offshore_wind_generation,Wind Offshore | Actual Aggregated,2026-07-19T23:19:59Z
2026-07-19T23:19:05Z,2026-07-20T01:19:05+0200,028f9a66-b3fa-4fa7-a1aa-7c735a2e67a7,2026-07-03T15:30:00Z,2026-07-03T17:30:00+0200,183.74,MW,FR,FR,actual_offshore_wind_generation,Wind Offshore | Actual Aggregated,2026-07-19T23:19:59Z
2026-07-19T23:19:05Z,2026-07-20T01:19:05+0200,028f9a66-b3fa-4fa7-a1aa-7c735a2e67a7,2026-07-03T15:45:00Z,2026-07-03T17:45:00+0200,218.92,MW,FR,FR,actual_offshore_wind_generation,Wind Offshore | Actual Aggregated,2026-07-19T23:19:59Z
2026-07-19T23:19:05Z,2026-07-20T01:19:05+0200,028f9a66-b3fa-4fa7-a1aa-7c735a2e67a7,2026-07-03T16:00:00Z,2026-07-03T18:00:00+0200,244.08,MW,FR,FR,actual_offshore_wind_generation,Wind Offshore | Actual Aggregated,2026-07-19T23:19:59Z
2026-07-19T23:19:05Z,2026-07-20T01:19:05+0200,028f9a66-b3fa-4fa7-a1aa-7c735a2e67a7,2026-07-03T16:15:00Z,2026-07-03T18:15:00+0200,265.86,MW,FR,FR,actual_offshore_wind_generation,Wind Offshore | Actual Aggregated,2026-07-19T23:19:59Z
2026-07-19T23:19:05Z,2026-07-20T01:19:05+0200,028f9a66-b3fa-4fa7-a1aa-7c735a2e67a7,2026-07-03T16:30:00Z,2026-07-03T18:30:00+0200,286.29,MW,FR,FR,actual_offshore_wind_generation,Wind Offshore | Actual Aggregated,2026-07-19T23:19:59Z
2026-07-19T23:19:05Z,2026-07-20T01:19:05+0200,028f9a66-b3fa-4fa7-a1aa-7c735a2e67a7,2026-07-03T16:45:00Z,2026-07-03T18:45:00+0200,321.2,MW,FR,FR,actual_offshore_wind_generation,Wind Offshore | Actual Aggregated,2026-07-19T23:19:59Z
2026-07-19T23:19:05Z,2026-07-20T01:19:05+0200,028f9a66-b3fa-4fa7-a1aa-7c735a2e67a7,2026-07-03T17:00:00Z,2026-07-03T19:00:00+0200,340.0,MW,FR,FR,actual_offshore_wind_generation,Wind Offshore | Actual Aggregated,2026-07-19T23:19:59Z
2026-07-19T23:19:05Z,2026-07-20T01:19:05+0200,028f9a66-b3fa-4fa7-a1aa-7c735a2e67a7,2026-07-03T17:15:00Z,2026-07-03T19:15:00+0200,358.77,MW,FR,FR,actual_offshore_wind_generation,Wind Offshore | Actual Aggregated,2026-07-19T23:19:59Z
2026-07-19T23:19:05Z,2026-07-20T01:19:05+0200,028f9a66-b3fa-4fa7-a1aa-7c735a2e67a7,2026-07-03T17:30:00Z,2026-07-03T19:30:00+0200,386.43,MW,FR,FR,actual_offshore_wind_generation,Wind Offshore | Actual Aggregated,2026-07-19T23:19:59Z
2026-07-19T23:19:05Z,2026-07-20T01:19:05+0200,028f9a66-b3fa-4fa7-a1aa-7c735a2e67a7,2026-07-03T17:45:00Z,2026-07-03T19:45:00+0200,395.64,MW,FR,FR,actual_offshore_wind_generation,Wind Offshore | Actual Aggregated,2026-07-19T23:19:59Z
2026-07-19T23:19:05Z,2026-07-20T01:19:05+0200,028f9a66-b3fa-4fa7-a1aa-7c735a2e67a7,2026-07-03T18:00:00Z,2026-07-03T20:00:00+0200,397.64,MW,FR,FR,actual_offshore_wind_generation,Wind Offshore | Actual Aggregated,2026-07-19T23:19:59Z
2026-07-19T23:19:05Z,2026-07-20T01:19:05+0200,028f9a66-b3fa-4fa7-a1aa-7c735a2e67a7,2026-07-03T18:15:00Z,2026-07-03T20:15:00+0200,404.38,MW,FR,FR,actual_offshore_wind_generation,Wind Offshore | Actual Aggregated,2026-07-19T23:19:59Z
2026-07-19T23:19:05Z,2026-07-20T01:19:05+0200,028f9a66-b3fa-4fa7-a1aa-7c735a2e67a7,2026-07-03T18:30:00Z,2026-07-03T20:30:00+0200,465.74,MW,FR,FR,actual_offshore_wind_generation,Wind Offshore | Actual Aggregated,2026-07-19T23:19:59Z
2026-07-19T23:19:05Z,2026-07-20T01:19:05+0200,028f9a66-b3fa-4fa7-a1aa-7c735a2e67a7,2026-07-03T18:45:00Z,2026-07-03T20:45:00+0200,500.04,MW,FR,FR,actual_offshore_wind_generation,Wind Offshore | Actual Aggregated,2026-07-19T23:19:59Z
2026-07-19T23:19:05Z,2026-07-20T01:19:05+0200,028f9a66-b3fa-4fa7-a1aa-7c735a2e67a7,2026-07-03T19:00:00Z,2026-07-03T21:00:00+0200,494.02,MW,FR,FR,actual_offshore_wind_generation,Wind Offshore | Actual Aggregated,2026-07-19T23:19:59Z
2026-07-19T23:19:05Z,2026-07-20T01:19:05+0200,028f9a66-b3fa-4fa7-a1aa-7c735a2e67a7,2026-07-03T19:15:00Z,2026-07-03T21:15:00+0200,472.6,MW,FR,FR,actual_offshore_wind_generation,Wind Offshore | Actual Aggregated,2026-07-19T23:19:59Z
2026-07-19T23:19:05Z,2026-07-20T01:19:05+0200,028f9a66-b3fa-4fa7-a1aa-7c735a2e67a7,2026-07-03T19:30:00Z,2026-07-03T21:30:00+0200,456.97,MW,FR,FR,actual_offshore_wind_generation,Wind Offshore | Actual Aggregated,2026-07-19T23:19:59Z
2026-07-19T23:19:05Z,2026-07-20T01:19:05+0200,028f9a66-b3fa-4fa7-a1aa-7c735a2e67a7,2026-07-03T19:45:00Z,2026-07-03T21:45:00+0200,377.2,MW,FR,FR,actual_offshore_wind_generation,Wind Offshore | Actual Aggregated,2026-07-19T23:19:59Z
2026-07-19T23:19:05Z,2026-07-20T01:19:05+0200,028f9a66-b3fa-4fa7-a1aa-7c735a2e67a7,2026-07-03T20:00:00Z,2026-07-03T22:00:00+0200,344.82,MW,FR,FR,actual_offshore_wind_generation,Wind Offshore | Actual Aggregated,2026-07-19T23:19:59Z
2026-07-19T23:19:05Z,2026-07-20T01:19:05+0200,028f9a66-b3fa-4fa7-a1aa-7c735a2e67a7,2026-07-03T20:15:00Z,2026-07-03T22:15:00+0200,356.79,MW,FR,FR,actual_offshore_wind_generation,Wind Offshore | Actual Aggregated,2026-07-19T23:19:59Z
2026-07-19T23:19:05Z,2026-07-20T01:19:05+0200,028f9a66-b3fa-4fa7-a1aa-7c735a2e67a7,2026-07-03T20:30:00Z,2026-07-03T22:30:00+0200,366.9,MW,FR,FR,actual_offshore_wind_generation,Wind Offshore | Actual Aggregated,2026-07-19T23:19:59Z
2026-07-19T23:19:05Z,2026-07-20T01:19:05+0200,028f9a66-b3fa-4fa7-a1aa-7c735a2e67a7,2026-07-03T20:45:00Z,2026-07-03T22:45:00+0200,365.2,MW,FR,FR,actual_offshore_wind_generation,Wind Offshore | Actual Aggregated,2026-07-19T23:19:59Z
2026-07-19T23:19:05Z,2026-07-20T01:19:05+0200,028f9a66-b3fa-4fa7-a1aa-7c735a2e67a7,2026-07-03T21:00:00Z,2026-07-03T23:00:00+0200,382.87,MW,FR,FR,actual_offshore_wind_generation,Wind Offshore | Actual Aggregated,2026-07-19T23:19:59Z
2026-07-19T23:19:05Z,2026-07-20T01:19:05+0200,028f9a66-b3fa-4fa7-a1aa-7c735a2e67a7,2026-07-03T21:15:00Z,2026-07-03T23:15:00+0200,425.05,MW,FR,FR,actual_offshore_wind_generation,Wind Offshore | Actual Aggregated,2026-07-19T23:19:59Z
2026-07-19T23:19:05Z,2026-07-20T01:19:05+0200,028f9a66-b3fa-4fa7-a1aa-7c735a2e67a7,2026-07-03T21:30:00Z,2026-07-03T23:30:00+0200,406.0,MW,FR,FR,actual_offshore_wind_generation,Wind Offshore | Actual Aggregated,2026-07-19T23:19:59Z
2026-07-19T23:19:05Z,2026-07-20T01:19:05+0200,028f9a66-b3fa-4fa7-a1aa-7c735a2e67a7,2026-07-03T21:45:00Z,2026-07-03T23:45:00+0200,411.24,MW,FR,FR,actual_offshore_wind_generation,Wind Offshore | Actual Aggregated,2026-07-19T23:19:59Z
2026-07-19T23:19:05Z,2026-07-20T01:19:05+0200,028f9a66-b3fa-4fa7-a1aa-7c735a2e67a7,2026-07-03T22:00:00Z,2026-07-04T00:00:00+0200,407.65,MW,FR,FR,actual_offshore_wind_generation,Wind Offshore | Actual Aggregated,2026-07-19T23:19:59Z
2026-07-19T23:19:05Z,2026-07-20T01:19:05+0200,028f9a66-b3fa-4fa7-a1aa-7c735a2e67a7,2026-07-03T22:15:00Z,2026-07-04T00:15:00+0200,371.8,MW,FR,FR,actual_offshore_wind_generation,Wind Offshore | Actual Aggregated,2026-07-19T23:19:59Z
2026-07-19T23:19:05Z,2026-07-20T01:19:05+0200,028f9a66-b3fa-4fa7-a1aa-7c735a2e67a7,2026-07-03T22:30:00Z,2026-07-04T00:30:00+0200,315.74,MW,FR,FR,actual_offshore_wind_generation,Wind Offshore | Actual Aggregated,2026-07-19T23:19:59Z
2026-07-19T23:19:05Z,2026-07-20T01:19:05+0200,028f9a66-b3fa-4fa7-a1aa-7c735a2e67a7,2026-07-03T22:45:00Z,2026-07-04T00:45:00+0200,302.81,MW,FR,FR,actual_offshore_wind_generation,Wind Offshore | Actual Aggregated,2026-07-19T23:19:59Z
2026-07-19T23:19:05Z,2026-07-20T01:19:05+0200,028f9a66-b3fa-4fa7-a1aa-7c735a2e67a7,2026-07-03T23:00:00Z,2026-07-04T01:00:00+0200,316.28,MW,FR,FR,actual_offshore_wind_generation,Wind Offshore | Actual Aggregated,2026-07-19T23:19:59Z
2026-07-19T23:19:05Z,2026-07-20T01:19:05+0200,028f9a66-b3fa-4fa7-a1aa-7c735a2e67a7,2026-07-03T23:15:00Z,2026-07-04T01:15:00+0200,328.33,MW,FR,FR,actual_offshore_wind_generation,Wind Offshore | Actual Aggregated,2026-07-19T23:19:59Z
2026-07-19T23:19:05Z,2026-07-20T01:19:05+0200,028f9a66-b3fa-4fa7-a1aa-7c735a2e67a7,2026-07-03T23:30:00Z,2026-07-04T01:30:00+0200,336.31,MW,FR,FR,actual_offshore_wind_generation,Wind Offshore | Actual Aggregated,2026-07-19T23:19:59Z
2026-07-19T23:19:05Z,2026-07-20T01:19:05+0200,028f9a66-b3fa-4fa7-a1aa-7c735a2e67a7,2026-07-03T23:45:00Z,2026-07-04T01:45:00+0200,356.92,MW,FR,FR,actual_offshore_wind_generation,Wind Offshore | Actual Aggregated,2026-07-19T23:19:59Z
2026-07-19T23:19:05Z,2026-07-20T01:19:05+0200,028f9a66-b3fa-4fa7-a1aa-7c735a2e67a7,2026-07-04T00:00:00Z,2026-07-04T02:00:00+0200,364.38,MW,FR,FR,actual_offshore_wind_generation,Wind Offshore | Actual Aggregated,2026-07-19T23:19:59Z
2026-07-19T23:19:05Z,2026-07-20T01:19:05+0200,028f9a66-b3fa-4fa7-a1aa-7c735a2e67a7,2026-07-04T00:15:00Z,2026-07-04T02:15:00+0200,366.79,MW,FR,FR,actual_offshore_wind_generation,Wind Offshore | Actual Aggregated,2026-07-19T23:19:59Z
2026-07-19T23:19:05Z,2026-07-20T01:19:05+0200,028f9a66-b3fa-4fa7-a1aa-7c735a2e67a7,2026-07-04T00:30:00Z,2026-07-04T02:30:00+0200,371.54,MW,FR,FR,actual_offshore_wind_generation,Wind Offshore | Actual Aggregated,2026-07-19T23:19:59Z
2026-07-19T23:19:05Z,2026-07-20T01:19:05+0200,028f9a66-b3fa-4fa7-a1aa-7c735a2e67a7,2026-07-04T00:45:00Z,2026-07-04T02:45:00+0200,390.99,MW,FR,FR,actual_offshore_wind_generation,Wind Offshore | Actual Aggregated,2026-07-19T23:19:59Z
2026-07-19T23:19:05Z,2026-07-20T01:19:05+0200,028f9a66-b3fa-4fa7-a1aa-7c735a2e67a7,2026-07-04T01:00:00Z,2026-07-04T03:00:00+0200,409.65,MW,FR,FR,actual_offshore_wind_generation,Wind Offshore | Actual Aggregated,2026-07-19T23:19:59Z
2026-07-19T23:19:05Z,2026-07-20T01:19:05+0200,028f9a66-b3fa-4fa7-a1aa-7c735a2e67a7,2026-07-04T01:15:00Z,2026-07-04T03:15:00+0200,409.78,MW,FR,FR,actual_offshore_wind_generation,Wind Offshore | Actual Aggregated,2026-07-19T23:19:59Z
2026-07-19T23:19:05Z,2026-07-20T01:19:05+0200,028f9a66-b3fa-4fa7-a1aa-7c735a2e67a7,2026-07-04T01:30:00Z,2026-07-04T03:30:00+0200,368.63,MW,FR,FR,actual_offshore_wind_generation,Wind Offshore | Actual Aggregated,2026-07-19T23:19:59Z
2026-07-19T23:19:05Z,2026-07-20T01:19:05+0200,028f9a66-b3fa-4fa7-a1aa-7c735a2e67a7,2026-07-04T01:45:00Z,2026-07-04T03:45:00+0200,341.28,MW,FR,FR,actual_offshore_wind_generation,Wind Offshore | Actual Aggregated,2026-07-19T23:19:59Z
2026-07-19T23:19:05Z,2026-07-20T01:19:05+0200,028f9a66-b3fa-4fa7-a1aa-7c735a2e67a7,2026-07-04T02:00:00Z,2026-07-04T04:00:00+0200,336.37,MW,FR,FR,actual_offshore_wind_generation,Wind Offshore | Actual Aggregated,2026-07-19T23:19:59Z
2026-07-19T23:19:05Z,2026-07-20T01:19:05+0200,028f9a66-b3fa-4fa7-a1aa-7c735a2e67a7,2026-07-04T02:15:00Z,2026-07-04T04:15:00+0200,357.38,MW,FR,FR,actual_offshore_wind_generation,Wind Offshore | Actual Aggregated,2026-07-19T23:19:59Z
2026-07-19T23:19:05Z,2026-07-20T01:19:05+0200,028f9a66-b3fa-4fa7-a1aa-7c735a2e67a7,2026-07-04T02:30:00Z,2026-07-04T04:30:00+0200,375.77,MW,FR,FR,actual_offshore_wind_generation,Wind Offshore | Actual Aggregated,2026-07-19T23:19:59Z
2026-07-19T23:19:05Z,2026-07-20T01:19:05+0200,028f9a66-b3fa-4fa7-a1aa-7c735a2e67a7,2026-07-04T02:45:00Z,2026-07-04T04:45:00+0200,348.1,MW,FR,FR,actual_offshore_wind_generation,Wind Offshore | Actual Aggregated,2026-07-19T23:19:59Z
2026-07-19T23:19:05Z,2026-07-20T01:19:05+0200,028f9a66-b3fa-4fa7-a1aa-7c735a2e67a7,2026-07-04T03:00:00Z,2026-07-04T05:00:00+0200,329.04,MW,FR,FR,actual_offshore_wind_generation,Wind Offshore | Actual Aggregated,2026-07-19T23:19:59Z
2026-07-19T23:19:05Z,2026-07-20T01:19:05+0200,028f9a66-b3fa-4fa7-a1aa-7c735a2e67a7,2026-07-04T03:15:00Z,2026-07-04T05:15:00+0200,319.89,MW,FR,FR,actual_offshore_wind_generation,Wind Offshore | Actual Aggregated,2026-07-19T23:19:59Z
2026-07-19T23:19:05Z,2026-07-20T01:19:05+0200,028f9a66-b3fa-4fa7-a1aa-7c735a2e67a7,2026-07-04T03:30:00Z,2026-07-04T05:30:00+0200,330.84,MW,FR,FR,actual_offshore_wind_generation,Wind Offshore | Actual Aggregated,2026-07-19T23:19:59Z
2026-07-19T23:19:05Z,2026-07-20T01:19:05+0200,028f9a66-b3fa-4fa7-a1aa-7c735a2e67a7,2026-07-04T03:45:00Z,2026-07-04T05:45:00+0200,342.14,MW,FR,FR,actual_offshore_wind_generation,Wind Offshore | Actual Aggregated,2026-07-19T23:19:59Z
2026-07-19T23:19:05Z,2026-07-20T01:19:05+0200,028f9a66-b3fa-4fa7-a1aa-7c735a2e67a7,2026-07-04T04:00:00Z,2026-07-04T06:00:00+0200,338.73,MW,FR,FR,actual_offshore_wind_generation,Wind Offshore | Actual Aggregated,2026-07-19T23:19:59Z
2026-07-19T23:19:05Z,2026-07-20T01:19:05+0200,028f9a66-b3fa-4fa7-a1aa-7c735a2e67a7,2026-07-04T04:15:00Z,2026-07-04T06:15:00+0200,335.68,MW,FR,FR,actual_offshore_wind_generation,Wind Offshore | Actual Aggregated,2026-07-19T23:19:59Z
2026-07-19T23:19:05Z,2026-07-20T01:19:05+0200,028f9a66-b3fa-4fa7-a1aa-7c735a2e67a7,2026-07-04T04:30:00Z,2026-07-04T06:30:00+0200,332.46,MW,FR,FR,actual_offshore_wind_generation,Wind Offshore | Actual Aggregated,2026-07-19T23:19:59Z
2026-07-19T23:19:05Z,2026-07-20T01:19:05+0200,028f9a66-b3fa-4fa7-a1aa-7c735a2e67a7,2026-07-04T04:45:00Z,2026-07-04T06:45:00+0200,324.28,MW,FR,FR,actual_offshore_wind_generation,Wind Offshore | Actual Aggregated,2026-07-19T23:19:59Z
2026-07-19T23:19:05Z,2026-07-20T01:19:05+0200,028f9a66-b3fa-4fa7-a1aa-7c735a2e67a7,2026-07-04T05:00:00Z,2026-07-04T07:00:00+0200,327.15,MW,FR,FR,actual_offshore_wind_generation,Wind Offshore | Actual Aggregated,2026-07-19T23:19:59Z
2026-07-19T23:19:05Z,2026-07-20T01:19:05+0200,028f9a66-b3fa-4fa7-a1aa-7c735a2e67a7,2026-07-04T05:15:00Z,2026-07-04T07:15:00+0200,333.11,MW,FR,FR,actual_offshore_wind_generation,Wind Offshore | Actual Aggregated,2026-07-19T23:19:59Z
2026-07-19T23:19:05Z,2026-07-20T01:19:05+0200,028f9a66-b3fa-4fa7-a1aa-7c735a2e67a7,2026-07-04T05:30:00Z,2026-07-04T07:30:00+0200,336.26,MW,FR,FR,actual_offshore_wind_generation,Wind Offshore | Actual Aggregated,2026-07-19T23:19:59Z
2026-07-19T23:19:05Z,2026-07-20T01:19:05+0200,028f9a66-b3fa-4fa7-a1aa-7c735a2e67a7,2026-07-04T05:45:00Z,2026-07-04T07:45:00+0200,336.97,MW,FR,FR,actual_offshore_wind_generation,Wind Offshore | Actual Aggregated,2026-07-19T23:19:59Z
2026-07-19T23:19:05Z,2026-07-20T01:19:05+0200,028f9a66-b3fa-4fa7-a1aa-7c735a2e67a7,2026-07-04T06:00:00Z,2026-07-04T08:00:00+0200,307.47,MW,FR,FR,actual_offshore_wind_generation,Wind Offshore | Actual Aggregated,2026-07-19T23:19:59Z
2026-07-19T23:19:05Z,2026-07-20T01:19:05+0200,028f9a66-b3fa-4fa7-a1aa-7c735a2e67a7,2026-07-04T06:15:00Z,2026-07-04T08:15:00+0200,284.66,MW,FR,FR,actual_offshore_wind_generation,Wind Offshore | Actual Aggregated,2026-07-19T23:19:59Z
2026-07-19T23:19:05Z,2026-07-20T01:19:05+0200,028f9a66-b3fa-4fa7-a1aa-7c735a2e67a7,2026-07-04T06:30:00Z,2026-07-04T08:30:00+0200,260.52,MW,FR,FR,actual_offshore_wind_generation,Wind Offshore | Actual Aggregated,2026-07-19T23:19:59Z
2026-07-19T23:19:05Z,2026-07-20T01:19:05+0200,028f9a66-b3fa-4fa7-a1aa-7c735a2e67a7,2026-07-04T06:45:00Z,2026-07-04T08:45:00+0200,232.38,MW,FR,FR,actual_offshore_wind_generation,Wind Offshore | Actual Aggregated,2026-07-19T23:19:59Z
2026-07-19T23:19:05Z,2026-07-20T01:19:05+0200,028f9a66-b3fa-4fa7-a1aa-7c735a2e67a7,2026-07-04T07:00:00Z,2026-07-04T09:00:00+0200,209.89,MW,FR,FR,actual_offshore_wind_generation,Wind Offshore | Actual Aggregated,2026-07-19T23:19:59Z
2026-07-19T23:19:05Z,2026-07-20T01:19:05+0200,028f9a66-b3fa-4fa7-a1aa-7c735a2e67a7,2026-07-04T07:15:00Z,2026-07-04T09:15:00+0200,194.33,MW,FR,FR,actual_offshore_wind_generation,Wind Offshore | Actual Aggregated,2026-07-19T23:19:59Z
2026-07-19T23:19:05Z,2026-07-20T01:19:05+0200,028f9a66-b3fa-4fa7-a1aa-7c735a2e67a7,2026-07-04T07:30:00Z,2026-07-04T09:30:00+0200,180.54,MW,FR,FR,actual_offshore_wind_generation,Wind Offshore | Actual Aggregated,2026-07-19T23:19:59Z
2026-07-19T23:19:05Z,2026-07-20T01:19:05+0200,028f9a66-b3fa-4fa7-a1aa-7c735a2e67a7,2026-07-04T07:45:00Z,2026-07-04T09:45:00+0200,171.39,MW,FR,FR,actual_offshore_wind_generation,Wind Offshore | Actual Aggregated,2026-07-19T23:19:59Z
2026-07-19T23:19:05Z,2026-07-20T01:19:05+0200,028f9a66-b3fa-4fa7-a1aa-7c735a2e67a7,2026-07-04T08:00:00Z,2026-07-04T10:00:00+0200,180.94,MW,FR,FR,actual_offshore_wind_generation,Wind Offshore | Actual Aggregated,2026-07-19T23:19:59Z
2026-07-19T23:19:05Z,2026-07-20T01:19:05+0200,028f9a66-b3fa-4fa7-a1aa-7c735a2e67a7,2026-07-04T08:15:00Z,2026-07-04T10:15:00+0200,157.97,MW,FR,FR,actual_offshore_wind_generation,Wind Offshore | Actual Aggregated,2026-07-19T23:19:59Z
2026-07-19T23:19:05Z,2026-07-20T01:19:05+0200,028f9a66-b3fa-4fa7-a1aa-7c735a2e67a7,2026-07-04T08:30:00Z,2026-07-04T10:30:00+0200,166.54,MW,FR,FR,actual_offshore_wind_generation,Wind Offshore | Actual Aggregated,2026-07-19T23:19:59Z
2026-07-19T23:19:05Z,2026-07-20T01:19:05+0200,028f9a66-b3fa-4fa7-a1aa-7c735a2e67a7,2026-07-04T08:45:00Z,2026-07-04T10:45:00+0200,180.14,MW,FR,FR,actual_offshore_wind_generation,Wind Offshore | Actual Aggregated,2026-07-19T23:19:59Z
2026-07-19T23:19:05Z,2026-07-20T01:19:05+0200,028f9a66-b3fa-4fa7-a1aa-7c735a2e67a7,2026-07-04T09:00:00Z,2026-07-04T11:00:00+0200,164.76,MW,FR,FR,actual_offshore_wind_generation,Wind Offshore | Actual Aggregated,2026-07-19T23:19:59Z
2026-07-19T23:19:05Z,2026-07-20T01:19:05+0200,028f9a66-b3fa-4fa7-a1aa-7c735a2e67a7,2026-07-04T09:15:00Z,2026-07-04T11:15:00+0200,84.81,MW,FR,FR,actual_offshore_wind_generation,Wind Offshore | Actual Aggregated,2026-07-19T23:19:59Z
2026-07-19T23:19:05Z,2026-07-20T01:19:05+0200,028f9a66-b3fa-4fa7-a1aa-7c735a2e67a7,2026-07-04T09:30:00Z,2026-07-04T11:30:00+0200,83.87,MW,FR,FR,actual_offshore_wind_generation,Wind Offshore | Actual Aggregated,2026-07-19T23:19:59Z
2026-07-19T23:19:05Z,2026-07-20T01:19:05+0200,028f9a66-b3fa-4fa7-a1aa-7c735a2e67a7,2026-07-04T09:45:00Z,2026-07-04T11:45:00+0200,83.38,MW,FR,FR,actual_offshore_wind_generation,Wind Offshore | Actual Aggregated,2026-07-19T23:19:59Z
2026-07-19T23:19:05Z,2026-07-20T01:19:05+0200,028f9a66-b3fa-4fa7-a1aa-7c735a2e67a7,2026-07-04T10:00:00Z,2026-07-04T12:00:00+0200,81.94,MW,FR,FR,actual_offshore_wind_generation,Wind Offshore | Actual Aggregated,2026-07-19T23:19:59Z
2026-07-19T23:19:05Z,2026-07-20T01:19:05+0200,028f9a66-b3fa-4fa7-a1aa-7c735a2e67a7,2026-07-04T10:15:00Z,2026-07-04T12:15:00+0200,76.17,MW,FR,FR,actual_offshore_wind_generation,Wind Offshore | Actual Aggregated,2026-07-19T23:19:59Z
2026-07-19T23:19:05Z,2026-07-20T01:19:05+0200,028f9a66-b3fa-4fa7-a1aa-7c735a2e67a7,2026-07-04T10:30:00Z,2026-07-04T12:30:00+0200,75.35,MW,FR,FR,actual_offshore_wind_generation,Wind Offshore | Actual Aggregated,2026-07-19T23:19:59Z
2026-07-19T23:19:05Z,2026-07-20T01:19:05+0200,028f9a66-b3fa-4fa7-a1aa-7c735a2e67a7,2026-07-04T10:45:00Z,2026-07-04T12:45:00+0200,77.89,MW,FR,FR,actual_offshore_wind_generation,Wind Offshore | Actual Aggregated,2026-07-19T23:19:59Z
2026-07-19T23:19:05Z,2026-07-20T01:19:05+0200,028f9a66-b3fa-4fa7-a1aa-7c735a2e67a7,2026-07-04T11:00:00Z,2026-07-04T13:00:00+0200,74.97,MW,FR,FR,actual_offshore_wind_generation,Wind Offshore | Actual Aggregated,2026-07-19T23:19:59Z
2026-07-19T23:19:05Z,2026-07-20T01:19:05+0200,028f9a66-b3fa-4fa7-a1aa-7c735a2e67a7,2026-07-04T11:15:00Z,2026-07-04T13:15:00+0200,67.18,MW,FR,FR,actual_offshore_wind_generation,Wind Offshore | Actual Aggregated,2026-07-19T23:19:59Z
2026-07-19T23:19:05Z,2026-07-20T01:19:05+0200,028f9a66-b3fa-4fa7-a1aa-7c735a2e67a7,2026-07-04T11:30:00Z,2026-07-04T13:30:00+0200,65.71,MW,FR,FR,actual_offshore_wind_generation,Wind Offshore | Actual Aggregated,2026-07-19T23:19:59Z
2026-07-19T23:19:05Z,2026-07-20T01:19:05+0200,028f9a66-b3fa-4fa7-a1aa-7c735a2e67a7,2026-07-04T11:45:00Z,2026-07-04T13:45:00+0200,65.7,MW,FR,FR,actual_offshore_wind_generation,Wind Offshore | Actual Aggregated,2026-07-19T23:19:59Z
2026-07-19T23:19:05Z,2026-07-20T01:19:05+0200,028f9a66-b3fa-4fa7-a1aa-7c735a2e67a7,2026-07-04T12:00:00Z,2026-07-04T14:00:00+0200,63.79,MW,FR,FR,actual_offshore_wind_generation,Wind Offshore | Actual Aggregated,2026-07-19T23:19:59Z
2026-07-19T23:19:05Z,2026-07-20T01:19:05+0200,028f9a66-b3fa-4fa7-a1aa-7c735a2e67a7,2026-07-04T12:15:00Z,2026-07-04T14:15:00+0200,61.7,MW,FR,FR,actual_offshore_wind_generation,Wind Offshore | Actual Aggregated,2026-07-19T23:19:59Z
2026-07-19T23:19:05Z,2026-07-20T01:19:05+0200,028f9a66-b3fa-4fa7-a1aa-7c735a2e67a7,2026-07-04T12:30:00Z,2026-07-04T14:30:00+0200,54.75,MW,FR,FR,actual_offshore_wind_generation,Wind Offshore | Actual Aggregated,2026-07-19T23:19:59Z
2026-07-19T23:19:05Z,2026-07-20T01:19:05+0200,028f9a66-b3fa-4fa7-a1aa-7c735a2e67a7,2026-07-04T12:45:00Z,2026-07-04T14:45:00+0200,51.1,MW,FR,FR,actual_offshore_wind_generation,Wind Offshore | Actual Aggregated,2026-07-19T23:19:59Z
2026-07-19T23:19:05Z,2026-07-20T01:19:05+0200,028f9a66-b3fa-4fa7-a1aa-7c735a2e67a7,2026-07-04T13:00:00Z,2026-07-04T15:00:00+0200,49.43,MW,FR,FR,actual_offshore_wind_generation,Wind Offshore | Actual Aggregated,2026-07-19T23:19:59Z
2026-07-19T23:19:05Z,2026-07-20T01:19:05+0200,028f9a66-b3fa-4fa7-a1aa-7c735a2e67a7,2026-07-04T13:15:00Z,2026-07-04T15:15:00+0200,58.23,MW,FR,FR,actual_offshore_wind_generation,Wind Offshore | Actual Aggregated,2026-07-19T23:19:59Z
2026-07-19T23:19:05Z,2026-07-20T01:19:05+0200,028f9a66-b3fa-4fa7-a1aa-7c735a2e67a7,2026-07-04T13:30:00Z,2026-07-04T15:30:00+0200,79.07,MW,FR,FR,actual_offshore_wind_generation,Wind Offshore | Actual Aggregated,2026-07-19T23:19:59Z
2026-07-19T23:19:05Z,2026-07-20T01:19:05+0200,028f9a66-b3fa-4fa7-a1aa-7c735a2e67a7,2026-07-04T13:45:00Z,2026-07-04T15:45:00+0200,93.23,MW,FR,FR,actual_offshore_wind_generation,Wind Offshore | Actual Aggregated,2026-07-19T23:19:59Z
2026-07-19T23:19:05Z,2026-07-20T01:19:05+0200,028f9a66-b3fa-4fa7-a1aa-7c735a2e67a7,2026-07-04T14:00:00Z,2026-07-04T16:00:00+0200,89.19,MW,FR,FR,actual_offshore_wind_generation,Wind Offshore | Actual Aggregated,2026-07-19T23:19:59Z
2026-07-19T23:19:05Z,2026-07-20T01:19:05+0200,028f9a66-b3fa-4fa7-a1aa-7c735a2e67a7,2026-07-04T14:15:00Z,2026-07-04T16:15:00+0200,152.38,MW,FR,FR,actual_offshore_wind_generation,Wind Offshore | Actual Aggregated,2026-07-19T23:19:59Z
2026-07-19T23:19:05Z,2026-07-20T01:19:05+0200,028f9a66-b3fa-4fa7-a1aa-7c735a2e67a7,2026-07-04T14:30:00Z,2026-07-04T16:30:00+0200,325.17,MW,FR,FR,actual_offshore_wind_generation,Wind Offshore | Actual Aggregated,2026-07-19T23:19:59Z
2026-07-19T23:19:05Z,2026-07-20T01:19:05+0200,028f9a66-b3fa-4fa7-a1aa-7c735a2e67a7,2026-07-04T14:45:00Z,2026-07-04T16:45:00+0200,405.73,MW,FR,FR,actual_offshore_wind_generation,Wind Offshore | Actual Aggregated,2026-07-19T23:19:59Z
2026-07-19T23:19:05Z,2026-07-20T01:19:05+0200,028f9a66-b3fa-4fa7-a1aa-7c735a2e67a7,2026-07-04T15:00:00Z,2026-07-04T17:00:00+0200,406.33,MW,FR,FR,actual_offshore_wind_generation,Wind Offshore | Actual Aggregated,2026-07-19T23:19:59Z
2026-07-19T23:19:05Z,2026-07-20T01:19:05+0200,028f9a66-b3fa-4fa7-a1aa-7c735a2e67a7,2026-07-04T15:15:00Z,2026-07-04T17:15:00+0200,432.61,MW,FR,FR,actual_offshore_wind_generation,Wind Offshore | Actual Aggregated,2026-07-19T23:19:59Z
2026-07-19T23:19:05Z,2026-07-20T01:19:05+0200,028f9a66-b3fa-4fa7-a1aa-7c735a2e67a7,2026-07-04T15:30:00Z,2026-07-04T17:30:00+0200,453.6,MW,FR,FR,actual_offshore_wind_generation,Wind Offshore | Actual Aggregated,2026-07-19T23:19:59Z
2026-07-19T23:19:05Z,2026-07-20T01:19:05+0200,028f9a66-b3fa-4fa7-a1aa-7c735a2e67a7,2026-07-04T15:45:00Z,2026-07-04T17:45:00+0200,519.98,MW,FR,FR,actual_offshore_wind_generation,Wind Offshore | Actual Aggregated,2026-07-19T23:19:59Z
2026-07-19T23:19:05Z,2026-07-20T01:19:05+0200,028f9a66-b3fa-4fa7-a1aa-7c735a2e67a7,2026-07-04T16:00:00Z,2026-07-04T18:00:00+0200,562.82,MW,FR,FR,actual_offshore_wind_generation,Wind Offshore | Actual Aggregated,2026-07-19T23:19:59Z
2026-07-19T23:19:05Z,2026-07-20T01:19:05+0200,028f9a66-b3fa-4fa7-a1aa-7c735a2e67a7,2026-07-04T16:15:00Z,2026-07-04T18:15:00+0200,606.51,MW,FR,FR,actual_offshore_wind_generation,Wind Offshore | Actual Aggregated,2026-07-19T23:19:59Z
2026-07-19T23:19:05Z,2026-07-20T01:19:05+0200,028f9a66-b3fa-4fa7-a1aa-7c735a2e67a7,2026-07-04T16:30:00Z,2026-07-04T18:30:00+0200,627.87,MW,FR,FR,actual_offshore_wind_generation,Wind Offshore | Actual Aggregated,2026-07-19T23:19:59Z
2026-07-19T23:19:05Z,2026-07-20T01:19:05+0200,028f9a66-b3fa-4fa7-a1aa-7c735a2e67a7,2026-07-04T16:45:00Z,2026-07-04T18:45:00+0200,628.52,MW,FR,FR,actual_offshore_wind_generation,Wind Offshore | Actual Aggregated,2026-07-19T23:19:59Z
2026-07-19T23:19:05Z,2026-07-20T01:19:05+0200,028f9a66-b3fa-4fa7-a1aa-7c735a2e67a7,2026-07-04T17:00:00Z,2026-07-04T19:00:00+0200,657.16,MW,FR,FR,actual_offshore_wind_generation,Wind Offshore | Actual Aggregated,2026-07-19T23:19:59Z
2026-07-19T23:19:05Z,2026-07-20T01:19:05+0200,028f9a66-b3fa-4fa7-a1aa-7c735a2e67a7,2026-07-04T17:15:00Z,2026-07-04T19:15:00+0200,707.96,MW,FR,FR,actual_offshore_wind_generation,Wind Offshore | Actual Aggregated,2026-07-19T23:19:59Z
2026-07-19T23:19:05Z,2026-07-20T01:19:05+0200,028f9a66-b3fa-4fa7-a1aa-7c735a2e67a7,2026-07-04T17:30:00Z,2026-07-04T19:30:00+0200,697.68,MW,FR,FR,actual_offshore_wind_generation,Wind Offshore | Actual Aggregated,2026-07-19T23:19:59Z
2026-07-19T23:19:05Z,2026-07-20T01:19:05+0200,028f9a66-b3fa-4fa7-a1aa-7c735a2e67a7,2026-07-04T17:45:00Z,2026-07-04T19:45:00+0200,689.24,MW,FR,FR,actual_offshore_wind_generation,Wind Offshore | Actual Aggregated,2026-07-19T23:19:59Z
2026-07-19T23:19:05Z,2026-07-20T01:19:05+0200,028f9a66-b3fa-4fa7-a1aa-7c735a2e67a7,2026-07-04T18:00:00Z,2026-07-04T20:00:00+0200,709.0,MW,FR,FR,actual_offshore_wind_generation,Wind Offshore | Actual Aggregated,2026-07-19T23:19:59Z
2026-07-19T23:19:05Z,2026-07-20T01:19:05+0200,028f9a66-b3fa-4fa7-a1aa-7c735a2e67a7,2026-07-04T18:15:00Z,2026-07-04T20:15:00+0200,727.78,MW,FR,FR,actual_offshore_wind_generation,Wind Offshore | Actual Aggregated,2026-07-19T23:19:59Z
2026-07-19T23:19:05Z,2026-07-20T01:19:05+0200,028f9a66-b3fa-4fa7-a1aa-7c735a2e67a7,2026-07-04T18:30:00Z,2026-07-04T20:30:00+0200,685.0,MW,FR,FR,actual_offshore_wind_generation,Wind Offshore | Actual Aggregated,2026-07-19T23:19:59Z
2026-07-19T23:19:05Z,2026-07-20T01:19:05+0200,028f9a66-b3fa-4fa7-a1aa-7c735a2e67a7,2026-07-04T18:45:00Z,2026-07-04T20:45:00+0200,648.56,MW,FR,FR,actual_offshore_wind_generation,Wind Offshore | Actual Aggregated,2026-07-19T23:19:59Z
2026-07-19T23:19:05Z,2026-07-20T01:19:05+0200,028f9a66-b3fa-4fa7-a1aa-7c735a2e67a7,2026-07-04T19:00:00Z,2026-07-04T21:00:00+0200,610.17,MW,FR,FR,actual_offshore_wind_generation,Wind Offshore | Actual Aggregated,2026-07-19T23:19:59Z
2026-07-19T23:19:05Z,2026-07-20T01:19:05+0200,028f9a66-b3fa-4fa7-a1aa-7c735a2e67a7,2026-07-04T19:15:00Z,2026-07-04T21:15:00+0200,649.98,MW,FR,FR,actual_offshore_wind_generation,Wind Offshore | Actual Aggregated,2026-07-19T23:19:59Z
2026-07-19T23:19:05Z,2026-07-20T01:19:05+0200,028f9a66-b3fa-4fa7-a1aa-7c735a2e67a7,2026-07-04T19:30:00Z,2026-07-04T21:30:00+0200,704.91,MW,FR,FR,actual_offshore_wind_generation,Wind Offshore | Actual Aggregated,2026-07-19T23:19:59Z
2026-07-19T23:19:05Z,2026-07-20T01:19:05+0200,028f9a66-b3fa-4fa7-a1aa-7c735a2e67a7,2026-07-04T19:45:00Z,2026-07-04T21:45:00+0200,727.82,MW,FR,FR,actual_offshore_wind_generation,Wind Offshore | Actual Aggregated,2026-07-19T23:19:59Z
2026-07-19T23:19:05Z,2026-07-20T01:19:05+0200,028f9a66-b3fa-4fa7-a1aa-7c735a2e67a7,2026-07-04T20:00:00Z,2026-07-04T22:00:00+0200,736.25,MW,FR,FR,actual_offshore_wind_generation,Wind Offshore | Actual Aggregated,2026-07-19T23:19:59Z
2026-07-19T23:19:05Z,2026-07-20T01:19:05+0200,028f9a66-b3fa-4fa7-a1aa-7c735a2e67a7,2026-07-04T20:15:00Z,2026-07-04T22:15:00+0200,777.19,MW,FR,FR,actual_offshore_wind_generation,Wind Offshore | Actual Aggregated,2026-07-19T23:19:59Z
2026-07-19T23:19:05Z,2026-07-20T01:19:05+0200,028f9a66-b3fa-4fa7-a1aa-7c735a2e67a7,2026-07-04T20:30:00Z,2026-07-04T22:30:00+0200,767.26,MW,FR,FR,actual_offshore_wind_generation,Wind Offshore | Actual Aggregated,2026-07-19T23:19:59Z
2026-07-19T23:19:05Z,2026-07-20T01:19:05+0200,028f9a66-b3fa-4fa7-a1aa-7c735a2e67a7,2026-07-04T20:45:00Z,2026-07-04T22:45:00+0200,801.39,MW,FR,FR,actual_offshore_wind_generation,Wind Offshore | Actual Aggregated,2026-07-19T23:19:59Z
2026-07-19T23:19:05Z,2026-07-20T01:19:05+0200,028f9a66-b3fa-4fa7-a1aa-7c735a2e67a7,2026-07-04T21:00:00Z,2026-07-04T23:00:00+0200,823.72,MW,FR,FR,actual_offshore_wind_generation,Wind Offshore | Actual Aggregated,2026-07-19T23:19:59Z
2026-07-19T23:19:05Z,2026-07-20T01:19:05+0200,028f9a66-b3fa-4fa7-a1aa-7c735a2e67a7,2026-07-04T21:15:00Z,2026-07-04T23:15:00+0200,806.7,MW,FR,FR,actual_offshore_wind_generation,Wind Offshore | Actual Aggregated,2026-07-19T23:19:59Z
2026-07-19T23:19:05Z,2026-07-20T01:19:05+0200,028f9a66-b3fa-4fa7-a1aa-7c735a2e67a7,2026-07-04T21:30:00Z,2026-07-04T23:30:00+0200,764.32,MW,FR,FR,actual_offshore_wind_generation,Wind Offshore | Actual Aggregated,2026-07-19T23:19:59Z
2026-07-19T23:19:05Z,2026-07-20T01:19:05+0200,028f9a66-b3fa-4fa7-a1aa-7c735a2e67a7,2026-07-04T21:45:00Z,2026-07-04T23:45:00+0200,770.52,MW,FR,FR,actual_offshore_wind_generation,Wind Offshore | Actual Aggregated,2026-07-19T23:19:59Z
2026-07-19T23:19:05Z,2026-07-20T01:19:05+0200,028f9a66-b3fa-4fa7-a1aa-7c735a2e67a7,2026-07-04T22:00:00Z,2026-07-05T00:00:00+0200,773.63,MW,FR,FR,actual_offshore_wind_generation,Wind Offshore | Actual Aggregated,2026-07-19T23:19:59Z
2026-07-19T23:19:05Z,2026-07-20T01:19:05+0200,028f9a66-b3fa-4fa7-a1aa-7c735a2e67a7,2026-07-04T22:15:00Z,2026-07-05T00:15:00+0200,764.39,MW,FR,FR,actual_offshore_wind_generation,Wind Offshore | Actual Aggregated,2026-07-19T23:19:59Z
2026-07-19T23:19:05Z,2026-07-20T01:19:05+0200,028f9a66-b3fa-4fa7-a1aa-7c735a2e67a7,2026-07-04T22:30:00Z,2026-07-05T00:30:00+0200,781.08,MW,FR,FR,actual_offshore_wind_generation,Wind Offshore | Actual Aggregated,2026-07-19T23:19:59Z
2026-07-19T23:19:05Z,2026-07-20T01:19:05+0200,028f9a66-b3fa-4fa7-a1aa-7c735a2e67a7,2026-07-04T22:45:00Z,2026-07-05T00:45:00+0200,787.19,MW,FR,FR,actual_offshore_wind_generation,Wind Offshore | Actual Aggregated,2026-07-19T23:19:59Z
2026-07-19T23:19:05Z,2026-07-20T01:19:05+0200,028f9a66-b3fa-4fa7-a1aa-7c735a2e67a7,2026-07-04T23:00:00Z,2026-07-05T01:00:00+0200,806.45,MW,FR,FR,actual_offshore_wind_generation,Wind Offshore | Actual Aggregated,2026-07-19T23:19:59Z
2026-07-19T23:19:05Z,2026-07-20T01:19:05+0200,028f9a66-b3fa-4fa7-a1aa-7c735a2e67a7,2026-07-04T23:15:00Z,2026-07-05T01:15:00+0200,820.53,MW,FR,FR,actual_offshore_wind_generation,Wind Offshore | Actual Aggregated,2026-07-19T23:19:59Z
2026-07-19T23:19:05Z,2026-07-20T01:19:05+0200,028f9a66-b3fa-4fa7-a1aa-7c735a2e67a7,2026-07-04T23:30:00Z,2026-07-05T01:30:00+0200,820.69,MW,FR,FR,actual_offshore_wind_generation,Wind Offshore | Actual Aggregated,2026-07-19T23:19:59Z
2026-07-19T23:19:05Z,2026-07-20T01:19:05+0200,028f9a66-b3fa-4fa7-a1aa-7c735a2e67a7,2026-07-04T23:45:00Z,2026-07-05T01:45:00+0200,771.7,MW,FR,FR,actual_offshore_wind_generation,Wind Offshore | Actual Aggregated,2026-07-19T23:19:59Z
2026-07-19T23:19:05Z,2026-07-20T01:19:05+0200,028f9a66-b3fa-4fa7-a1aa-7c735a2e67a7,2026-07-05T00:00:00Z,2026-07-05T02:00:00+0200,750.14,MW,FR,FR,actual_offshore_wind_generation,Wind Offshore | Actual Aggregated,2026-07-19T23:19:59Z
2026-07-19T23:19:05Z,2026-07-20T01:19:05+0200,028f9a66-b3fa-4fa7-a1aa-7c735a2e67a7,2026-07-05T00:15:00Z,2026-07-05T02:15:00+0200,687.56,MW,FR,FR,actual_offshore_wind_generation,Wind Offshore | Actual Aggregated,2026-07-19T23:19:59Z
2026-07-19T23:19:05Z,2026-07-20T01:19:05+0200,028f9a66-b3fa-4fa7-a1aa-7c735a2e67a7,2026-07-05T00:30:00Z,2026-07-05T02:30:00+0200,604.84,MW,FR,FR,actual_offshore_wind_generation,Wind Offshore | Actual Aggregated,2026-07-19T23:19:59Z
2026-07-19T23:19:05Z,2026-07-20T01:19:05+0200,028f9a66-b3fa-4fa7-a1aa-7c735a2e67a7,2026-07-05T00:45:00Z,2026-07-05T02:45:00+0200,536.01,MW,FR,FR,actual_offshore_wind_generation,Wind Offshore | Actual Aggregated,2026-07-19T23:19:59Z
2026-07-19T23:19:05Z,2026-07-20T01:19:05+0200,028f9a66-b3fa-4fa7-a1aa-7c735a2e67a7,2026-07-05T01:00:00Z,2026-07-05T03:00:00+0200,517.1,MW,FR,FR,actual_offshore_wind_generation,Wind Offshore | Actual Aggregated,2026-07-19T23:19:59Z
2026-07-19T23:19:05Z,2026-07-20T01:19:05+0200,028f9a66-b3fa-4fa7-a1aa-7c735a2e67a7,2026-07-05T01:15:00Z,2026-07-05T03:15:00+0200,452.12,MW,FR,FR,actual_offshore_wind_generation,Wind Offshore | Actual Aggregated,2026-07-19T23:19:59Z
2026-07-19T23:19:05Z,2026-07-20T01:19:05+0200,028f9a66-b3fa-4fa7-a1aa-7c735a2e67a7,2026-07-05T01:30:00Z,2026-07-05T03:30:00+0200,415.07,MW,FR,FR,actual_offshore_wind_generation,Wind Offshore | Actual Aggregated,2026-07-19T23:19:59Z
2026-07-19T23:19:05Z,2026-07-20T01:19:05+0200,028f9a66-b3fa-4fa7-a1aa-7c735a2e67a7,2026-07-05T01:45:00Z,2026-07-05T03:45:00+0200,387.96,MW,FR,FR,actual_offshore_wind_generation,Wind Offshore | Actual Aggregated,2026-07-19T23:19:59Z
2026-07-19T23:19:05Z,2026-07-20T01:19:05+0200,028f9a66-b3fa-4fa7-a1aa-7c735a2e67a7,2026-07-05T02:00:00Z,2026-07-05T04:00:00+0200,391.81,MW,FR,FR,actual_offshore_wind_generation,Wind Offshore | Actual Aggregated,2026-07-19T23:19:59Z
2026-07-19T23:19:05Z,2026-07-20T01:19:05+0200,028f9a66-b3fa-4fa7-a1aa-7c735a2e67a7,2026-07-05T02:15:00Z,2026-07-05T04:15:00+0200,377.59,MW,FR,FR,actual_offshore_wind_generation,Wind Offshore | Actual Aggregated,2026-07-19T23:19:59Z
2026-07-19T23:19:05Z,2026-07-20T01:19:05+0200,028f9a66-b3fa-4fa7-a1aa-7c735a2e67a7,2026-07-05T02:30:00Z,2026-07-05T04:30:00+0200,355.41,MW,FR,FR,actual_offshore_wind_generation,Wind Offshore | Actual Aggregated,2026-07-19T23:19:59Z
2026-07-19T23:19:05Z,2026-07-20T01:19:05+0200,028f9a66-b3fa-4fa7-a1aa-7c735a2e67a7,2026-07-05T02:45:00Z,2026-07-05T04:45:00+0200,352.31,MW,FR,FR,actual_offshore_wind_generation,Wind Offshore | Actual Aggregated,2026-07-19T23:19:59Z
2026-07-19T23:19:05Z,2026-07-20T01:19:05+0200,028f9a66-b3fa-4fa7-a1aa-7c735a2e67a7,2026-07-05T03:00:00Z,2026-07-05T05:00:00+0200,350.08,MW,FR,FR,actual_offshore_wind_generation,Wind Offshore | Actual Aggregated,2026-07-19T23:19:59Z
2026-07-19T23:19:05Z,2026-07-20T01:19:05+0200,028f9a66-b3fa-4fa7-a1aa-7c735a2e67a7,2026-07-05T03:15:00Z,2026-07-05T05:15:00+0200,337.19,MW,FR,FR,actual_offshore_wind_generation,Wind Offshore | Actual Aggregated,2026-07-19T23:19:59Z
2026-07-19T23:19:05Z,2026-07-20T01:19:05+0200,028f9a66-b3fa-4fa7-a1aa-7c735a2e67a7,2026-07-05T03:30:00Z,2026-07-05T05:30:00+0200,311.11,MW,FR,FR,actual_offshore_wind_generation,Wind Offshore | Actual Aggregated,2026-07-19T23:19:59Z
2026-07-19T23:19:05Z,2026-07-20T01:19:05+0200,028f9a66-b3fa-4fa7-a1aa-7c735a2e67a7,2026-07-05T03:45:00Z,2026-07-05T05:45:00+0200,292.96,MW,FR,FR,actual_offshore_wind_generation,Wind Offshore | Actual Aggregated,2026-07-19T23:19:59Z
2026-07-19T23:19:05Z,2026-07-20T01:19:05+0200,028f9a66-b3fa-4fa7-a1aa-7c735a2e67a7,2026-07-05T04:00:00Z,2026-07-05T06:00:00+0200,255.43,MW,FR,FR,actual_offshore_wind_generation,Wind Offshore | Actual Aggregated,2026-07-19T23:19:59Z
2026-07-19T23:19:05Z,2026-07-20T01:19:05+0200,028f9a66-b3fa-4fa7-a1aa-7c735a2e67a7,2026-07-05T04:15:00Z,2026-07-05T06:15:00+0200,213.19,MW,FR,FR,actual_offshore_wind_generation,Wind Offshore | Actual Aggregated,2026-07-19T23:19:59Z
2026-07-19T23:19:05Z,2026-07-20T01:19:05+0200,028f9a66-b3fa-4fa7-a1aa-7c735a2e67a7,2026-07-05T04:30:00Z,2026-07-05T06:30:00+0200,206.41,MW,FR,FR,actual_offshore_wind_generation,Wind Offshore | Actual Aggregated,2026-07-19T23:19:59Z
2026-07-19T23:19:05Z,2026-07-20T01:19:05+0200,028f9a66-b3fa-4fa7-a1aa-7c735a2e67a7,2026-07-05T04:45:00Z,2026-07-05T06:45:00+0200,206.38,MW,FR,FR,actual_offshore_wind_generation,Wind Offshore | Actual Aggregated,2026-07-19T23:19:59Z
2026-07-19T23:19:05Z,2026-07-20T01:19:05+0200,028f9a66-b3fa-4fa7-a1aa-7c735a2e67a7,2026-07-05T05:00:00Z,2026-07-05T07:00:00+0200,177.04,MW,FR,FR,actual_offshore_wind_generation,Wind Offshore | Actual Aggregated,2026-07-19T23:19:59Z
2026-07-19T23:19:05Z,2026-07-20T01:19:05+0200,028f9a66-b3fa-4fa7-a1aa-7c735a2e67a7,2026-07-05T05:15:00Z,2026-07-05T07:15:00+0200,148.32,MW,FR,FR,actual_offshore_wind_generation,Wind Offshore | Actual Aggregated,2026-07-19T23:19:59Z
2026-07-19T23:19:05Z,2026-07-20T01:19:05+0200,028f9a66-b3fa-4fa7-a1aa-7c735a2e67a7,2026-07-05T05:30:00Z,2026-07-05T07:30:00+0200,142.0,MW,FR,FR,actual_offshore_wind_generation,Wind Offshore | Actual Aggregated,2026-07-19T23:19:59Z
2026-07-19T23:19:05Z,2026-07-20T01:19:05+0200,028f9a66-b3fa-4fa7-a1aa-7c735a2e67a7,2026-07-05T05:45:00Z,2026-07-05T07:45:00+0200,130.22,MW,FR,FR,actual_offshore_wind_generation,Wind Offshore | Actual Aggregated,2026-07-19T23:19:59Z
2026-07-19T23:19:05Z,2026-07-20T01:19:05+0200,028f9a66-b3fa-4fa7-a1aa-7c735a2e67a7,2026-07-05T06:00:00Z,2026-07-05T08:00:00+0200,117.62,MW,FR,FR,actual_offshore_wind_generation,Wind Offshore | Actual Aggregated,2026-07-19T23:19:59Z
2026-07-19T23:19:05Z,2026-07-20T01:19:05+0200,028f9a66-b3fa-4fa7-a1aa-7c735a2e67a7,2026-07-05T06:15:00Z,2026-07-05T08:15:00+0200,113.65,MW,FR,FR,actual_offshore_wind_generation,Wind Offshore | Actual Aggregated,2026-07-19T23:19:59Z
2026-07-19T23:19:05Z,2026-07-20T01:19:05+0200,028f9a66-b3fa-4fa7-a1aa-7c735a2e67a7,2026-07-05T06:30:00Z,2026-07-05T08:30:00+0200,116.59,MW,FR,FR,actual_offshore_wind_generation,Wind Offshore | Actual Aggregated,2026-07-19T23:19:59Z
2026-07-19T23:19:05Z,2026-07-20T01:19:05+0200,028f9a66-b3fa-4fa7-a1aa-7c735a2e67a7,2026-07-05T06:45:00Z,2026-07-05T08:45:00+0200,121.84,MW,FR,FR,actual_offshore_wind_generation,Wind Offshore | Actual Aggregated,2026-07-19T23:19:59Z
2026-07-19T23:19:05Z,2026-07-20T01:19:05+0200,028f9a66-b3fa-4fa7-a1aa-7c735a2e67a7,2026-07-05T07:00:00Z,2026-07-05T09:00:00+0200,118.3,MW,FR,FR,actual_offshore_wind_generation,Wind Offshore | Actual Aggregated,2026-07-19T23:19:59Z
2026-07-19T23:19:05Z,2026-07-20T01:19:05+0200,028f9a66-b3fa-4fa7-a1aa-7c735a2e67a7,2026-07-05T07:15:00Z,2026-07-05T09:15:00+0200,110.54,MW,FR,FR,actual_offshore_wind_generation,Wind Offshore | Actual Aggregated,2026-07-19T23:19:59Z
2026-07-19T23:19:05Z,2026-07-20T01:19:05+0200,028f9a66-b3fa-4fa7-a1aa-7c735a2e67a7,2026-07-05T07:30:00Z,2026-07-05T09:30:00+0200,109.65,MW,FR,FR,actual_offshore_wind_generation,Wind Offshore | Actual Aggregated,2026-07-19T23:19:59Z
2026-07-19T23:19:05Z,2026-07-20T01:19:05+0200,028f9a66-b3fa-4fa7-a1aa-7c735a2e67a7,2026-07-05T07:45:00Z,2026-07-05T09:45:00+0200,133.76,MW,FR,FR,actual_offshore_wind_generation,Wind Offshore | Actual Aggregated,2026-07-19T23:19:59Z
2026-07-19T23:19:05Z,2026-07-20T01:19:05+0200,028f9a66-b3fa-4fa7-a1aa-7c735a2e67a7,2026-07-05T08:00:00Z,2026-07-05T10:00:00+0200,132.72,MW,FR,FR,actual_offshore_wind_generation,Wind Offshore | Actual Aggregated,2026-07-19T23:19:59Z
2026-07-19T23:19:05Z,2026-07-20T01:19:05+0200,028f9a66-b3fa-4fa7-a1aa-7c735a2e67a7,2026-07-05T08:15:00Z,2026-07-05T10:15:00+0200,121.78,MW,FR,FR,actual_offshore_wind_generation,Wind Offshore | Actual Aggregated,2026-07-19T23:19:59Z
2026-07-19T23:19:05Z,2026-07-20T01:19:05+0200,028f9a66-b3fa-4fa7-a1aa-7c735a2e67a7,2026-07-05T08:30:00Z,2026-07-05T10:30:00+0200,86.15,MW,FR,FR,actual_offshore_wind_generation,Wind Offshore | Actual Aggregated,2026-07-19T23:19:59Z
2026-07-19T23:19:05Z,2026-07-20T01:19:05+0200,028f9a66-b3fa-4fa7-a1aa-7c735a2e67a7,2026-07-05T08:45:00Z,2026-07-05T10:45:00+0200,68.01,MW,FR,FR,actual_offshore_wind_generation,Wind Offshore | Actual Aggregated,2026-07-19T23:19:59Z
2026-07-19T23:19:05Z,2026-07-20T01:19:05+0200,028f9a66-b3fa-4fa7-a1aa-7c735a2e67a7,2026-07-05T09:00:00Z,2026-07-05T11:00:00+0200,75.05,MW,FR,FR,actual_offshore_wind_generation,Wind Offshore | Actual Aggregated,2026-07-19T23:19:59Z
2026-07-19T23:19:05Z,2026-07-20T01:19:05+0200,028f9a66-b3fa-4fa7-a1aa-7c735a2e67a7,2026-07-05T09:15:00Z,2026-07-05T11:15:00+0200,77.32,MW,FR,FR,actual_offshore_wind_generation,Wind Offshore | Actual Aggregated,2026-07-19T23:19:59Z
2026-07-19T23:19:05Z,2026-07-20T01:19:05+0200,028f9a66-b3fa-4fa7-a1aa-7c735a2e67a7,2026-07-05T09:30:00Z,2026-07-05T11:30:00+0200,62.91,MW,FR,FR,actual_offshore_wind_generation,Wind Offshore | Actual Aggregated,2026-07-19T23:19:59Z
2026-07-19T23:19:05Z,2026-07-20T01:19:05+0200,028f9a66-b3fa-4fa7-a1aa-7c735a2e67a7,2026-07-05T09:45:00Z,2026-07-05T11:45:00+0200,76.1,MW,FR,FR,actual_offshore_wind_generation,Wind Offshore | Actual Aggregated,2026-07-19T23:19:59Z
2026-07-19T23:19:05Z,2026-07-20T01:19:05+0200,028f9a66-b3fa-4fa7-a1aa-7c735a2e67a7,2026-07-05T10:00:00Z,2026-07-05T12:00:00+0200,92.93,MW,FR,FR,actual_offshore_wind_generation,Wind Offshore | Actual Aggregated,2026-07-19T23:19:59Z
2026-07-19T23:19:05Z,2026-07-20T01:19:05+0200,028f9a66-b3fa-4fa7-a1aa-7c735a2e67a7,2026-07-05T10:15:00Z,2026-07-05T12:15:00+0200,95.36,MW,FR,FR,actual_offshore_wind_generation,Wind Offshore | Actual Aggregated,2026-07-19T23:19:59Z
2026-07-19T23:19:05Z,2026-07-20T01:19:05+0200,028f9a66-b3fa-4fa7-a1aa-7c735a2e67a7,2026-07-05T10:30:00Z,2026-07-05T12:30:00+0200,88.45,MW,FR,FR,actual_offshore_wind_generation,Wind Offshore | Actual Aggregated,2026-07-19T23:19:59Z
2026-07-19T23:19:05Z,2026-07-20T01:19:05+0200,028f9a66-b3fa-4fa7-a1aa-7c735a2e67a7,2026-07-05T10:45:00Z,2026-07-05T12:45:00+0200,67.03,MW,FR,FR,actual_offshore_wind_generation,Wind Offshore | Actual Aggregated,2026-07-19T23:19:59Z
2026-07-19T23:19:05Z,2026-07-20T01:19:05+0200,028f9a66-b3fa-4fa7-a1aa-7c735a2e67a7,2026-07-05T11:00:00Z,2026-07-05T13:00:00+0200,57.61,MW,FR,FR,actual_offshore_wind_generation,Wind Offshore | Actual Aggregated,2026-07-19T23:19:59Z
2026-07-19T23:19:05Z,2026-07-20T01:19:05+0200,028f9a66-b3fa-4fa7-a1aa-7c735a2e67a7,2026-07-05T11:15:00Z,2026-07-05T13:15:00+0200,53.86,MW,FR,FR,actual_offshore_wind_generation,Wind Offshore | Actual Aggregated,2026-07-19T23:19:59Z
2026-07-19T23:19:05Z,2026-07-20T01:19:05+0200,028f9a66-b3fa-4fa7-a1aa-7c735a2e67a7,2026-07-05T11:30:00Z,2026-07-05T13:30:00+0200,47.51,MW,FR,FR,actual_offshore_wind_generation,Wind Offshore | Actual Aggregated,2026-07-19T23:19:59Z
2026-07-19T23:19:05Z,2026-07-20T01:19:05+0200,028f9a66-b3fa-4fa7-a1aa-7c735a2e67a7,2026-07-05T11:45:00Z,2026-07-05T13:45:00+0200,45.48,MW,FR,FR,actual_offshore_wind_generation,Wind Offshore | Actual Aggregated,2026-07-19T23:19:59Z
2026-07-19T23:19:05Z,2026-07-20T01:19:05+0200,028f9a66-b3fa-4fa7-a1aa-7c735a2e67a7,2026-07-05T12:00:00Z,2026-07-05T14:00:00+0200,44.85,MW,FR,FR,actual_offshore_wind_generation,Wind Offshore | Actual Aggregated,2026-07-19T23:19:59Z
2026-07-19T23:19:05Z,2026-07-20T01:19:05+0200,028f9a66-b3fa-4fa7-a1aa-7c735a2e67a7,2026-07-05T12:15:00Z,2026-07-05T14:15:00+0200,44.35,MW,FR,FR,actual_offshore_wind_generation,Wind Offshore | Actual Aggregated,2026-07-19T23:19:59Z
2026-07-19T23:19:05Z,2026-07-20T01:19:05+0200,028f9a66-b3fa-4fa7-a1aa-7c735a2e67a7,2026-07-05T12:30:00Z,2026-07-05T14:30:00+0200,39.49,MW,FR,FR,actual_offshore_wind_generation,Wind Offshore | Actual Aggregated,2026-07-19T23:19:59Z
2026-07-19T23:19:05Z,2026-07-20T01:19:05+0200,028f9a66-b3fa-4fa7-a1aa-7c735a2e67a7,2026-07-05T12:45:00Z,2026-07-05T14:45:00+0200,39.71,MW,FR,FR,actual_offshore_wind_generation,Wind Offshore | Actual Aggregated,2026-07-19T23:19:59Z
2026-07-19T23:19:05Z,2026-07-20T01:19:05+0200,028f9a66-b3fa-4fa7-a1aa-7c735a2e67a7,2026-07-05T13:00:00Z,2026-07-05T15:00:00+0200,42.32,MW,FR,FR,actual_offshore_wind_generation,Wind Offshore | Actual Aggregated,2026-07-19T23:19:59Z
2026-07-19T23:19:05Z,2026-07-20T01:19:05+0200,028f9a66-b3fa-4fa7-a1aa-7c735a2e67a7,2026-07-05T13:15:00Z,2026-07-05T15:15:00+0200,49.13,MW,FR,FR,actual_offshore_wind_generation,Wind Offshore | Actual Aggregated,2026-07-19T23:19:59Z
2026-07-19T23:19:05Z,2026-07-20T01:19:05+0200,028f9a66-b3fa-4fa7-a1aa-7c735a2e67a7,2026-07-05T13:30:00Z,2026-07-05T15:30:00+0200,50.39,MW,FR,FR,actual_offshore_wind_generation,Wind Offshore | Actual Aggregated,2026-07-19T23:19:59Z
2026-07-19T23:19:05Z,2026-07-20T01:19:05+0200,028f9a66-b3fa-4fa7-a1aa-7c735a2e67a7,2026-07-05T13:45:00Z,2026-07-05T15:45:00+0200,48.78,MW,FR,FR,actual_offshore_wind_generation,Wind Offshore | Actual Aggregated,2026-07-19T23:19:59Z
2026-07-19T23:19:05Z,2026-07-20T01:19:05+0200,028f9a66-b3fa-4fa7-a1aa-7c735a2e67a7,2026-07-05T14:00:00Z,2026-07-05T16:00:00+0200,51.85,MW,FR,FR,actual_offshore_wind_generation,Wind Offshore | Actual Aggregated,2026-07-19T23:19:59Z
2026-07-19T23:19:05Z,2026-07-20T01:19:05+0200,028f9a66-b3fa-4fa7-a1aa-7c735a2e67a7,2026-07-05T14:15:00Z,2026-07-05T16:15:00+0200,76.68,MW,FR,FR,actual_offshore_wind_generation,Wind Offshore | Actual Aggregated,2026-07-19T23:19:59Z
2026-07-19T23:19:05Z,2026-07-20T01:19:05+0200,028f9a66-b3fa-4fa7-a1aa-7c735a2e67a7,2026-07-05T14:30:00Z,2026-07-05T16:30:00+0200,97.52,MW,FR,FR,actual_offshore_wind_generation,Wind Offshore | Actual Aggregated,2026-07-19T23:19:59Z
2026-07-19T23:19:05Z,2026-07-20T01:19:05+0200,028f9a66-b3fa-4fa7-a1aa-7c735a2e67a7,2026-07-05T14:45:00Z,2026-07-05T16:45:00+0200,93.73,MW,FR,FR,actual_offshore_wind_generation,Wind Offshore | Actual Aggregated,2026-07-19T23:19:59Z
2026-07-19T23:19:05Z,2026-07-20T01:19:05+0200,028f9a66-b3fa-4fa7-a1aa-7c735a2e67a7,2026-07-05T15:00:00Z,2026-07-05T17:00:00+0200,88.66,MW,FR,FR,actual_offshore_wind_generation,Wind Offshore | Actual Aggregated,2026-07-19T23:19:59Z
2026-07-19T23:19:05Z,2026-07-20T01:19:05+0200,028f9a66-b3fa-4fa7-a1aa-7c735a2e67a7,2026-07-05T15:15:00Z,2026-07-05T17:15:00+0200,85.23,MW,FR,FR,actual_offshore_wind_generation,Wind Offshore | Actual Aggregated,2026-07-19T23:19:59Z
2026-07-19T23:19:05Z,2026-07-20T01:19:05+0200,028f9a66-b3fa-4fa7-a1aa-7c735a2e67a7,2026-07-05T15:30:00Z,2026-07-05T17:30:00+0200,70.97,MW,FR,FR,actual_offshore_wind_generation,Wind Offshore | Actual Aggregated,2026-07-19T23:19:59Z
2026-07-19T23:19:05Z,2026-07-20T01:19:05+0200,028f9a66-b3fa-4fa7-a1aa-7c735a2e67a7,2026-07-05T15:45:00Z,2026-07-05T17:45:00+0200,48.13,MW,FR,FR,actual_offshore_wind_generation,Wind Offshore | Actual Aggregated,2026-07-19T23:19:59Z
2026-07-19T23:19:05Z,2026-07-20T01:19:05+0200,028f9a66-b3fa-4fa7-a1aa-7c735a2e67a7,2026-07-05T16:00:00Z,2026-07-05T18:00:00+0200,30.88,MW,FR,FR,actual_offshore_wind_generation,Wind Offshore | Actual Aggregated,2026-07-19T23:19:59Z
2026-07-19T23:19:05Z,2026-07-20T01:19:05+0200,028f9a66-b3fa-4fa7-a1aa-7c735a2e67a7,2026-07-05T16:15:00Z,2026-07-05T18:15:00+0200,21.01,MW,FR,FR,actual_offshore_wind_generation,Wind Offshore | Actual Aggregated,2026-07-19T23:19:59Z
2026-07-19T23:19:05Z,2026-07-20T01:19:05+0200,028f9a66-b3fa-4fa7-a1aa-7c735a2e67a7,2026-07-05T16:30:00Z,2026-07-05T18:30:00+0200,23.31,MW,FR,FR,actual_offshore_wind_generation,Wind Offshore | Actual Aggregated,2026-07-19T23:19:59Z
2026-07-19T23:19:05Z,2026-07-20T01:19:05+0200,028f9a66-b3fa-4fa7-a1aa-7c735a2e67a7,2026-07-05T16:45:00Z,2026-07-05T18:45:00+0200,28.71,MW,FR,FR,actual_offshore_wind_generation,Wind Offshore | Actual Aggregated,2026-07-19T23:19:59Z
2026-07-19T23:19:05Z,2026-07-20T01:19:05+0200,028f9a66-b3fa-4fa7-a1aa-7c735a2e67a7,2026-07-05T17:00:00Z,2026-07-05T19:00:00+0200,38.39,MW,FR,FR,actual_offshore_wind_generation,Wind Offshore | Actual Aggregated,2026-07-19T23:19:59Z
2026-07-19T23:19:05Z,2026-07-20T01:19:05+0200,028f9a66-b3fa-4fa7-a1aa-7c735a2e67a7,2026-07-05T17:15:00Z,2026-07-05T19:15:00+0200,56.58,MW,FR,FR,actual_offshore_wind_generation,Wind Offshore | Actual Aggregated,2026-07-19T23:19:59Z
2026-07-19T23:19:05Z,2026-07-20T01:19:05+0200,028f9a66-b3fa-4fa7-a1aa-7c735a2e67a7,2026-07-05T17:30:00Z,2026-07-05T19:30:00+0200,76.67,MW,FR,FR,actual_offshore_wind_generation,Wind Offshore | Actual Aggregated,2026-07-19T23:19:59Z
2026-07-19T23:19:05Z,2026-07-20T01:19:05+0200,028f9a66-b3fa-4fa7-a1aa-7c735a2e67a7,2026-07-05T17:45:00Z,2026-07-05T19:45:00+0200,86.72,MW,FR,FR,actual_offshore_wind_generation,Wind Offshore | Actual Aggregated,2026-07-19T23:19:59Z
2026-07-19T23:19:05Z,2026-07-20T01:19:05+0200,028f9a66-b3fa-4fa7-a1aa-7c735a2e67a7,2026-07-05T18:00:00Z,2026-07-05T20:00:00+0200,90.21,MW,FR,FR,actual_offshore_wind_generation,Wind Offshore | Actual Aggregated,2026-07-19T23:19:59Z
2026-07-19T23:19:05Z,2026-07-20T01:19:05+0200,028f9a66-b3fa-4fa7-a1aa-7c735a2e67a7,2026-07-05T18:15:00Z,2026-07-05T20:15:00+0200,108.09,MW,FR,FR,actual_offshore_wind_generation,Wind Offshore | Actual Aggregated,2026-07-19T23:19:59Z
2026-07-19T23:19:05Z,2026-07-20T01:19:05+0200,028f9a66-b3fa-4fa7-a1aa-7c735a2e67a7,2026-07-05T18:30:00Z,2026-07-05T20:30:00+0200,140.34,MW,FR,FR,actual_offshore_wind_generation,Wind Offshore | Actual Aggregated,2026-07-19T23:19:59Z
2026-07-19T23:19:05Z,2026-07-20T01:19:05+0200,028f9a66-b3fa-4fa7-a1aa-7c735a2e67a7,2026-07-05T18:45:00Z,2026-07-05T20:45:00+0200,155.2,MW,FR,FR,actual_offshore_wind_generation,Wind Offshore | Actual Aggregated,2026-07-19T23:19:59Z
2026-07-19T23:19:05Z,2026-07-20T01:19:05+0200,028f9a66-b3fa-4fa7-a1aa-7c735a2e67a7,2026-07-05T19:00:00Z,2026-07-05T21:00:00+0200,163.92,MW,FR,FR,actual_offshore_wind_generation,Wind Offshore | Actual Aggregated,2026-07-19T23:19:59Z
2026-07-19T23:19:05Z,2026-07-20T01:19:05+0200,028f9a66-b3fa-4fa7-a1aa-7c735a2e67a7,2026-07-05T19:15:00Z,2026-07-05T21:15:00+0200,179.04,MW,FR,FR,actual_offshore_wind_generation,Wind Offshore | Actual Aggregated,2026-07-19T23:19:59Z
2026-07-19T23:19:05Z,2026-07-20T01:19:05+0200,028f9a66-b3fa-4fa7-a1aa-7c735a2e67a7,2026-07-05T19:30:00Z,2026-07-05T21:30:00+0200,202.44,MW,FR,FR,actual_offshore_wind_generation,Wind Offshore | Actual Aggregated,2026-07-19T23:19:59Z
2026-07-19T23:19:05Z,2026-07-20T01:19:05+0200,028f9a66-b3fa-4fa7-a1aa-7c735a2e67a7,2026-07-05T19:45:00Z,2026-07-05T21:45:00+0200,210.91,MW,FR,FR,actual_offshore_wind_generation,Wind Offshore | Actual Aggregated,2026-07-19T23:19:59Z
2026-07-19T23:19:05Z,2026-07-20T01:19:05+0200,028f9a66-b3fa-4fa7-a1aa-7c735a2e67a7,2026-07-05T20:00:00Z,2026-07-05T22:00:00+0200,221.13,MW,FR,FR,actual_offshore_wind_generation,Wind Offshore | Actual Aggregated,2026-07-19T23:19:59Z
2026-07-19T23:19:05Z,2026-07-20T01:19:05+0200,028f9a66-b3fa-4fa7-a1aa-7c735a2e67a7,2026-07-05T20:15:00Z,2026-07-05T22:15:00+0200,244.79,MW,FR,FR,actual_offshore_wind_generation,Wind Offshore | Actual Aggregated,2026-07-19T23:19:59Z
2026-07-19T23:19:05Z,2026-07-20T01:19:05+0200,028f9a66-b3fa-4fa7-a1aa-7c735a2e67a7,2026-07-05T20:30:00Z,2026-07-05T22:30:00+0200,268.96,MW,FR,FR,actual_offshore_wind_generation,Wind Offshore | Actual Aggregated,2026-07-19T23:19:59Z
2026-07-19T23:19:05Z,2026-07-20T01:19:05+0200,028f9a66-b3fa-4fa7-a1aa-7c735a2e67a7,2026-07-05T20:45:00Z,2026-07-05T22:45:00+0200,303.84,MW,FR,FR,actual_offshore_wind_generation,Wind Offshore | Actual Aggregated,2026-07-19T23:19:59Z
2026-07-19T23:19:05Z,2026-07-20T01:19:05+0200,028f9a66-b3fa-4fa7-a1aa-7c735a2e67a7,2026-07-05T21:00:00Z,2026-07-05T23:00:00+0200,332.24,MW,FR,FR,actual_offshore_wind_generation,Wind Offshore | Actual Aggregated,2026-07-19T23:19:59Z
2026-07-19T23:19:05Z,2026-07-20T01:19:05+0200,028f9a66-b3fa-4fa7-a1aa-7c735a2e67a7,2026-07-05T21:15:00Z,2026-07-05T23:15:00+0200,343.95,MW,FR,FR,actual_offshore_wind_generation,Wind Offshore | Actual Aggregated,2026-07-19T23:19:59Z
2026-07-19T23:19:05Z,2026-07-20T01:19:05+0200,028f9a66-b3fa-4fa7-a1aa-7c735a2e67a7,2026-07-05T21:30:00Z,2026-07-05T23:30:00+0200,366.44,MW,FR,FR,actual_offshore_wind_generation,Wind Offshore | Actual Aggregated,2026-07-19T23:19:59Z
2026-07-19T23:19:05Z,2026-07-20T01:19:05+0200,028f9a66-b3fa-4fa7-a1aa-7c735a2e67a7,2026-07-05T21:45:00Z,2026-07-05T23:45:00+0200,377.12,MW,FR,FR,actual_offshore_wind_generation,Wind Offshore | Actual Aggregated,2026-07-19T23:19:59Z
2026-07-19T23:19:05Z,2026-07-20T01:19:05+0200,028f9a66-b3fa-4fa7-a1aa-7c735a2e67a7,2026-07-05T22:00:00Z,2026-07-06T00:00:00+0200,392.41,MW,FR,FR,actual_offshore_wind_generation,Wind Offshore | Actual Aggregated,2026-07-19T23:19:59Z
2026-07-19T23:19:05Z,2026-07-20T01:19:05+0200,028f9a66-b3fa-4fa7-a1aa-7c735a2e67a7,2026-07-05T22:15:00Z,2026-07-06T00:15:00+0200,433.93,MW,FR,FR,actual_offshore_wind_generation,Wind Offshore | Actual Aggregated,2026-07-19T23:19:59Z
2026-07-19T23:19:05Z,2026-07-20T01:19:05+0200,028f9a66-b3fa-4fa7-a1aa-7c735a2e67a7,2026-07-05T22:30:00Z,2026-07-06T00:30:00+0200,480.3,MW,FR,FR,actual_offshore_wind_generation,Wind Offshore | Actual Aggregated,2026-07-19T23:19:59Z
2026-07-19T23:19:05Z,2026-07-20T01:19:05+0200,028f9a66-b3fa-4fa7-a1aa-7c735a2e67a7,2026-07-05T22:45:00Z,2026-07-06T00:45:00+0200,504.73,MW,FR,FR,actual_offshore_wind_generation,Wind Offshore | Actual Aggregated,2026-07-19T23:19:59Z
2026-07-19T23:19:05Z,2026-07-20T01:19:05+0200,028f9a66-b3fa-4fa7-a1aa-7c735a2e67a7,2026-07-05T23:00:00Z,2026-07-06T01:00:00+0200,529.64,MW,FR,FR,actual_offshore_wind_generation,Wind Offshore | Actual Aggregated,2026-07-19T23:19:59Z
2026-07-19T23:19:05Z,2026-07-20T01:19:05+0200,028f9a66-b3fa-4fa7-a1aa-7c735a2e67a7,2026-07-05T23:15:00Z,2026-07-06T01:15:00+0200,567.73,MW,FR,FR,actual_offshore_wind_generation,Wind Offshore | Actual Aggregated,2026-07-19T23:19:59Z
2026-07-19T23:19:05Z,2026-07-20T01:19:05+0200,028f9a66-b3fa-4fa7-a1aa-7c735a2e67a7,2026-07-05T23:30:00Z,2026-07-06T01:30:00+0200,595.17,MW,FR,FR,actual_offshore_wind_generation,Wind Offshore | Actual Aggregated,2026-07-19T23:19:59Z
2026-07-19T23:19:05Z,2026-07-20T01:19:05+0200,028f9a66-b3fa-4fa7-a1aa-7c735a2e67a7,2026-07-05T23:45:00Z,2026-07-06T01:45:00+0200,599.33,MW,FR,FR,actual_offshore_wind_generation,Wind Offshore | Actual Aggregated,2026-07-19T23:19:59Z
2026-07-19T23:19:05Z,2026-07-20T01:19:05+0200,028f9a66-b3fa-4fa7-a1aa-7c735a2e67a7,2026-07-06T00:00:00Z,2026-07-06T02:00:00+0200,546.76,MW,FR,FR,actual_offshore_wind_generation,Wind Offshore | Actual Aggregated,2026-07-19T23:19:59Z
2026-07-19T23:19:05Z,2026-07-20T01:19:05+0200,028f9a66-b3fa-4fa7-a1aa-7c735a2e67a7,2026-07-06T00:15:00Z,2026-07-06T02:15:00+0200,492.9,MW,FR,FR,actual_offshore_wind_generation,Wind Offshore | Actual Aggregated,2026-07-19T23:19:59Z
2026-07-19T23:19:05Z,2026-07-20T01:19:05+0200,028f9a66-b3fa-4fa7-a1aa-7c735a2e67a7,2026-07-06T00:30:00Z,2026-07-06T02:30:00+0200,464.17,MW,FR,FR,actual_offshore_wind_generation,Wind Offshore | Actual Aggregated,2026-07-19T23:19:59Z
2026-07-19T23:19:05Z,2026-07-20T01:19:05+0200,028f9a66-b3fa-4fa7-a1aa-7c735a2e67a7,2026-07-06T00:45:00Z,2026-07-06T02:45:00+0200,469.82,MW,FR,FR,actual_offshore_wind_generation,Wind Offshore | Actual Aggregated,2026-07-19T23:19:59Z
2026-07-19T23:19:05Z,2026-07-20T01:19:05+0200,028f9a66-b3fa-4fa7-a1aa-7c735a2e67a7,2026-07-06T01:00:00Z,2026-07-06T03:00:00+0200,472.25,MW,FR,FR,actual_offshore_wind_generation,Wind Offshore | Actual Aggregated,2026-07-19T23:19:59Z
2026-07-19T23:19:05Z,2026-07-20T01:19:05+0200,028f9a66-b3fa-4fa7-a1aa-7c735a2e67a7,2026-07-06T01:15:00Z,2026-07-06T03:15:00+0200,461.85,MW,FR,FR,actual_offshore_wind_generation,Wind Offshore | Actual Aggregated,2026-07-19T23:19:59Z
2026-07-19T23:19:05Z,2026-07-20T01:19:05+0200,028f9a66-b3fa-4fa7-a1aa-7c735a2e67a7,2026-07-06T01:30:00Z,2026-07-06T03:30:00+0200,474.35,MW,FR,FR,actual_offshore_wind_generation,Wind Offshore | Actual Aggregated,2026-07-19T23:19:59Z
2026-07-19T23:19:05Z,2026-07-20T01:19:05+0200,028f9a66-b3fa-4fa7-a1aa-7c735a2e67a7,2026-07-06T01:45:00Z,2026-07-06T03:45:00+0200,470.88,MW,FR,FR,actual_offshore_wind_generation,Wind Offshore | Actual Aggregated,2026-07-19T23:19:59Z
2026-07-19T23:19:05Z,2026-07-20T01:19:05+0200,028f9a66-b3fa-4fa7-a1aa-7c735a2e67a7,2026-07-06T02:00:00Z,2026-07-06T04:00:00+0200,466.97,MW,FR,FR,actual_offshore_wind_generation,Wind Offshore | Actual Aggregated,2026-07-19T23:19:59Z
2026-07-19T23:19:05Z,2026-07-20T01:19:05+0200,028f9a66-b3fa-4fa7-a1aa-7c735a2e67a7,2026-07-06T02:15:00Z,2026-07-06T04:15:00+0200,468.46,MW,FR,FR,actual_offshore_wind_generation,Wind Offshore | Actual Aggregated,2026-07-19T23:19:59Z
2026-07-19T23:19:05Z,2026-07-20T01:19:05+0200,028f9a66-b3fa-4fa7-a1aa-7c735a2e67a7,2026-07-06T02:30:00Z,2026-07-06T04:30:00+0200,448.31,MW,FR,FR,actual_offshore_wind_generation,Wind Offshore | Actual Aggregated,2026-07-19T23:19:59Z
2026-07-19T23:19:05Z,2026-07-20T01:19:05+0200,028f9a66-b3fa-4fa7-a1aa-7c735a2e67a7,2026-07-06T02:45:00Z,2026-07-06T04:45:00+0200,432.77,MW,FR,FR,actual_offshore_wind_generation,Wind Offshore | Actual Aggregated,2026-07-19T23:19:59Z
2026-07-19T23:19:05Z,2026-07-20T01:19:05+0200,028f9a66-b3fa-4fa7-a1aa-7c735a2e67a7,2026-07-06T03:00:00Z,2026-07-06T05:00:00+0200,442.21,MW,FR,FR,actual_offshore_wind_generation,Wind Offshore | Actual Aggregated,2026-07-19T23:19:59Z
2026-07-19T23:19:05Z,2026-07-20T01:19:05+0200,028f9a66-b3fa-4fa7-a1aa-7c735a2e67a7,2026-07-06T03:15:00Z,2026-07-06T05:15:00+0200,439.79,MW,FR,FR,actual_offshore_wind_generation,Wind Offshore | Actual Aggregated,2026-07-19T23:19:59Z
2026-07-19T23:19:05Z,2026-07-20T01:19:05+0200,028f9a66-b3fa-4fa7-a1aa-7c735a2e67a7,2026-07-06T03:30:00Z,2026-07-06T05:30:00+0200,418.05,MW,FR,FR,actual_offshore_wind_generation,Wind Offshore | Actual Aggregated,2026-07-19T23:19:59Z
2026-07-19T23:19:05Z,2026-07-20T01:19:05+0200,028f9a66-b3fa-4fa7-a1aa-7c735a2e67a7,2026-07-06T03:45:00Z,2026-07-06T05:45:00+0200,404.32,MW,FR,FR,actual_offshore_wind_generation,Wind Offshore | Actual Aggregated,2026-07-19T23:19:59Z
2026-07-19T23:19:05Z,2026-07-20T01:19:05+0200,028f9a66-b3fa-4fa7-a1aa-7c735a2e67a7,2026-07-06T04:00:00Z,2026-07-06T06:00:00+0200,393.23,MW,FR,FR,actual_offshore_wind_generation,Wind Offshore | Actual Aggregated,2026-07-19T23:19:59Z
2026-07-19T23:19:05Z,2026-07-20T01:19:05+0200,028f9a66-b3fa-4fa7-a1aa-7c735a2e67a7,2026-07-06T04:15:00Z,2026-07-06T06:15:00+0200,383.78,MW,FR,FR,actual_offshore_wind_generation,Wind Offshore | Actual Aggregated,2026-07-19T23:19:59Z
2026-07-19T23:19:05Z,2026-07-20T01:19:05+0200,028f9a66-b3fa-4fa7-a1aa-7c735a2e67a7,2026-07-06T04:30:00Z,2026-07-06T06:30:00+0200,372.83,MW,FR,FR,actual_offshore_wind_generation,Wind Offshore | Actual Aggregated,2026-07-19T23:19:59Z
2026-07-19T23:19:05Z,2026-07-20T01:19:05+0200,028f9a66-b3fa-4fa7-a1aa-7c735a2e67a7,2026-07-06T04:45:00Z,2026-07-06T06:45:00+0200,354.03,MW,FR,FR,actual_offshore_wind_generation,Wind Offshore | Actual Aggregated,2026-07-19T23:19:59Z
2026-07-19T23:19:05Z,2026-07-20T01:19:05+0200,028f9a66-b3fa-4fa7-a1aa-7c735a2e67a7,2026-07-06T05:00:00Z,2026-07-06T07:00:00+0200,321.75,MW,FR,FR,actual_offshore_wind_generation,Wind Offshore | Actual Aggregated,2026-07-19T23:19:59Z
2026-07-19T23:19:05Z,2026-07-20T01:19:05+0200,028f9a66-b3fa-4fa7-a1aa-7c735a2e67a7,2026-07-06T05:15:00Z,2026-07-06T07:15:00+0200,315.58,MW,FR,FR,actual_offshore_wind_generation,Wind Offshore | Actual Aggregated,2026-07-19T23:19:59Z
2026-07-19T23:19:05Z,2026-07-20T01:19:05+0200,028f9a66-b3fa-4fa7-a1aa-7c735a2e67a7,2026-07-06T05:30:00Z,2026-07-06T07:30:00+0200,305.16,MW,FR,FR,actual_offshore_wind_generation,Wind Offshore | Actual Aggregated,2026-07-19T23:19:59Z
2026-07-19T23:19:05Z,2026-07-20T01:19:05+0200,028f9a66-b3fa-4fa7-a1aa-7c735a2e67a7,2026-07-06T05:45:00Z,2026-07-06T07:45:00+0200,290.05,MW,FR,FR,actual_offshore_wind_generation,Wind Offshore | Actual Aggregated,2026-07-19T23:19:59Z
2026-07-19T23:19:05Z,2026-07-20T01:19:05+0200,028f9a66-b3fa-4fa7-a1aa-7c735a2e67a7,2026-07-06T06:00:00Z,2026-07-06T08:00:00+0200,283.19,MW,FR,FR,actual_offshore_wind_generation,Wind Offshore | Actual Aggregated,2026-07-19T23:19:59Z
2026-07-19T23:19:05Z,2026-07-20T01:19:05+0200,028f9a66-b3fa-4fa7-a1aa-7c735a2e67a7,2026-07-06T06:15:00Z,2026-07-06T08:15:00+0200,267.53,MW,FR,FR,actual_offshore_wind_generation,Wind Offshore | Actual Aggregated,2026-07-19T23:19:59Z
2026-07-19T23:19:05Z,2026-07-20T01:19:05+0200,028f9a66-b3fa-4fa7-a1aa-7c735a2e67a7,2026-07-06T06:30:00Z,2026-07-06T08:30:00+0200,242.68,MW,FR,FR,actual_offshore_wind_generation,Wind Offshore | Actual Aggregated,2026-07-19T23:19:59Z
2026-07-19T23:19:05Z,2026-07-20T01:19:05+0200,028f9a66-b3fa-4fa7-a1aa-7c735a2e67a7,2026-07-06T06:45:00Z,2026-07-06T08:45:00+0200,230.24,MW,FR,FR,actual_offshore_wind_generation,Wind Offshore | Actual Aggregated,2026-07-19T23:19:59Z
2026-07-19T23:19:05Z,2026-07-20T01:19:05+0200,028f9a66-b3fa-4fa7-a1aa-7c735a2e67a7,2026-07-06T07:00:00Z,2026-07-06T09:00:00+0200,225.79,MW,FR,FR,actual_offshore_wind_generation,Wind Offshore | Actual Aggregated,2026-07-19T23:19:59Z
2026-07-19T23:19:05Z,2026-07-20T01:19:05+0200,028f9a66-b3fa-4fa7-a1aa-7c735a2e67a7,2026-07-06T07:15:00Z,2026-07-06T09:15:00+0200,233.59,MW,FR,FR,actual_offshore_wind_generation,Wind Offshore | Actual Aggregated,2026-07-19T23:19:59Z
2026-07-19T23:19:05Z,2026-07-20T01:19:05+0200,028f9a66-b3fa-4fa7-a1aa-7c735a2e67a7,2026-07-06T07:30:00Z,2026-07-06T09:30:00+0200,231.7,MW,FR,FR,actual_offshore_wind_generation,Wind Offshore | Actual Aggregated,2026-07-19T23:19:59Z
2026-07-19T23:19:05Z,2026-07-20T01:19:05+0200,028f9a66-b3fa-4fa7-a1aa-7c735a2e67a7,2026-07-06T07:45:00Z,2026-07-06T09:45:00+0200,204.14,MW,FR,FR,actual_offshore_wind_generation,Wind Offshore | Actual Aggregated,2026-07-19T23:19:59Z
2026-07-19T23:19:05Z,2026-07-20T01:19:05+0200,028f9a66-b3fa-4fa7-a1aa-7c735a2e67a7,2026-07-06T08:00:00Z,2026-07-06T10:00:00+0200,167.44,MW,FR,FR,actual_offshore_wind_generation,Wind Offshore | Actual Aggregated,2026-07-19T23:19:59Z
2026-07-19T23:19:05Z,2026-07-20T01:19:05+0200,028f9a66-b3fa-4fa7-a1aa-7c735a2e67a7,2026-07-06T08:15:00Z,2026-07-06T10:15:00+0200,144.54,MW,FR,FR,actual_offshore_wind_generation,Wind Offshore | Actual Aggregated,2026-07-19T23:19:59Z
2026-07-19T23:19:05Z,2026-07-20T01:19:05+0200,028f9a66-b3fa-4fa7-a1aa-7c735a2e67a7,2026-07-06T08:30:00Z,2026-07-06T10:30:00+0200,144.09,MW,FR,FR,actual_offshore_wind_generation,Wind Offshore | Actual Aggregated,2026-07-19T23:19:59Z
2026-07-19T23:19:05Z,2026-07-20T01:19:05+0200,028f9a66-b3fa-4fa7-a1aa-7c735a2e67a7,2026-07-06T08:45:00Z,2026-07-06T10:45:00+0200,146.47,MW,FR,FR,actual_offshore_wind_generation,Wind Offshore | Actual Aggregated,2026-07-19T23:19:59Z
2026-07-19T23:19:05Z,2026-07-20T01:19:05+0200,028f9a66-b3fa-4fa7-a1aa-7c735a2e67a7,2026-07-06T09:00:00Z,2026-07-06T11:00:00+0200,154.71,MW,FR,FR,actual_offshore_wind_generation,Wind Offshore | Actual Aggregated,2026-07-19T23:19:59Z
2026-07-19T23:19:05Z,2026-07-20T01:19:05+0200,028f9a66-b3fa-4fa7-a1aa-7c735a2e67a7,2026-07-06T09:15:00Z,2026-07-06T11:15:00+0200,148.17,MW,FR,FR,actual_offshore_wind_generation,Wind Offshore | Actual Aggregated,2026-07-19T23:19:59Z
2026-07-19T23:19:05Z,2026-07-20T01:19:05+0200,028f9a66-b3fa-4fa7-a1aa-7c735a2e67a7,2026-07-06T09:30:00Z,2026-07-06T11:30:00+0200,141.23,MW,FR,FR,actual_offshore_wind_generation,Wind Offshore | Actual Aggregated,2026-07-19T23:19:59Z
2026-07-19T23:19:05Z,2026-07-20T01:19:05+0200,028f9a66-b3fa-4fa7-a1aa-7c735a2e67a7,2026-07-06T09:45:00Z,2026-07-06T11:45:00+0200,136.47,MW,FR,FR,actual_offshore_wind_generation,Wind Offshore | Actual Aggregated,2026-07-19T23:19:59Z
2026-07-19T23:19:05Z,2026-07-20T01:19:05+0200,028f9a66-b3fa-4fa7-a1aa-7c735a2e67a7,2026-07-06T10:00:00Z,2026-07-06T12:00:00+0200,128.39,MW,FR,FR,actual_offshore_wind_generation,Wind Offshore | Actual Aggregated,2026-07-19T23:19:59Z
2026-07-19T23:19:05Z,2026-07-20T01:19:05+0200,028f9a66-b3fa-4fa7-a1aa-7c735a2e67a7,2026-07-06T10:15:00Z,2026-07-06T12:15:00+0200,133.77,MW,FR,FR,actual_offshore_wind_generation,Wind Offshore | Actual Aggregated,2026-07-19T23:19:59Z
2026-07-19T23:19:05Z,2026-07-20T01:19:05+0200,028f9a66-b3fa-4fa7-a1aa-7c735a2e67a7,2026-07-06T10:30:00Z,2026-07-06T12:30:00+0200,136.18,MW,FR,FR,actual_offshore_wind_generation,Wind Offshore | Actual Aggregated,2026-07-19T23:19:59Z
2026-07-19T23:19:05Z,2026-07-20T01:19:05+0200,028f9a66-b3fa-4fa7-a1aa-7c735a2e67a7,2026-07-06T10:45:00Z,2026-07-06T12:45:00+0200,133.7,MW,FR,FR,actual_offshore_wind_generation,Wind Offshore | Actual Aggregated,2026-07-19T23:19:59Z
2026-07-19T23:19:05Z,2026-07-20T01:19:05+0200,028f9a66-b3fa-4fa7-a1aa-7c735a2e67a7,2026-07-06T11:00:00Z,2026-07-06T13:00:00+0200,132.81,MW,FR,FR,actual_offshore_wind_generation,Wind Offshore | Actual Aggregated,2026-07-19T23:19:59Z
2026-07-19T23:19:05Z,2026-07-20T01:19:05+0200,028f9a66-b3fa-4fa7-a1aa-7c735a2e67a7,2026-07-06T11:15:00Z,2026-07-06T13:15:00+0200,123.87,MW,FR,FR,actual_offshore_wind_generation,Wind Offshore | Actual Aggregated,2026-07-19T23:19:59Z
2026-07-19T23:19:05Z,2026-07-20T01:19:05+0200,028f9a66-b3fa-4fa7-a1aa-7c735a2e67a7,2026-07-06T11:30:00Z,2026-07-06T13:30:00+0200,91.59,MW,FR,FR,actual_offshore_wind_generation,Wind Offshore | Actual Aggregated,2026-07-19T23:19:59Z
2026-07-19T23:19:05Z,2026-07-20T01:19:05+0200,028f9a66-b3fa-4fa7-a1aa-7c735a2e67a7,2026-07-06T11:45:00Z,2026-07-06T13:45:00+0200,70.27,MW,FR,FR,actual_offshore_wind_generation,Wind Offshore | Actual Aggregated,2026-07-19T23:19:59Z
2026-07-19T23:19:05Z,2026-07-20T01:19:05+0200,028f9a66-b3fa-4fa7-a1aa-7c735a2e67a7,2026-07-06T12:00:00Z,2026-07-06T14:00:00+0200,62.05,MW,FR,FR,actual_offshore_wind_generation,Wind Offshore | Actual Aggregated,2026-07-19T23:19:59Z
2026-07-19T23:19:05Z,2026-07-20T01:19:05+0200,028f9a66-b3fa-4fa7-a1aa-7c735a2e67a7,2026-07-06T12:15:00Z,2026-07-06T14:15:00+0200,59.73,MW,FR,FR,actual_offshore_wind_generation,Wind Offshore | Actual Aggregated,2026-07-19T23:19:59Z
2026-07-19T23:19:05Z,2026-07-20T01:19:05+0200,028f9a66-b3fa-4fa7-a1aa-7c735a2e67a7,2026-07-06T12:30:00Z,2026-07-06T14:30:00+0200,62.52,MW,FR,FR,actual_offshore_wind_generation,Wind Offshore | Actual Aggregated,2026-07-19T23:19:59Z
2026-07-19T23:19:05Z,2026-07-20T01:19:05+0200,028f9a66-b3fa-4fa7-a1aa-7c735a2e67a7,2026-07-06T12:45:00Z,2026-07-06T14:45:00+0200,51.28,MW,FR,FR,actual_offshore_wind_generation,Wind Offshore | Actual Aggregated,2026-07-19T23:19:59Z
2026-07-19T23:19:05Z,2026-07-20T01:19:05+0200,028f9a66-b3fa-4fa7-a1aa-7c735a2e67a7,2026-07-06T13:00:00Z,2026-07-06T15:00:00+0200,43.71,MW,FR,FR,actual_offshore_wind_generation,Wind Offshore | Actual Aggregated,2026-07-19T23:19:59Z
2026-07-19T23:19:05Z,2026-07-20T01:19:05+0200,028f9a66-b3fa-4fa7-a1aa-7c735a2e67a7,2026-07-06T13:15:00Z,2026-07-06T15:15:00+0200,35.68,MW,FR,FR,actual_offshore_wind_generation,Wind Offshore | Actual Aggregated,2026-07-19T23:19:59Z
2026-07-19T23:19:05Z,2026-07-20T01:19:05+0200,028f9a66-b3fa-4fa7-a1aa-7c735a2e67a7,2026-07-06T13:30:00Z,2026-07-06T15:30:00+0200,32.51,MW,FR,FR,actual_offshore_wind_generation,Wind Offshore | Actual Aggregated,2026-07-19T23:19:59Z
2026-07-19T23:19:05Z,2026-07-20T01:19:05+0200,028f9a66-b3fa-4fa7-a1aa-7c735a2e67a7,2026-07-06T13:45:00Z,2026-07-06T15:45:00+0200,32.89,MW,FR,FR,actual_offshore_wind_generation,Wind Offshore | Actual Aggregated,2026-07-19T23:19:59Z
2026-07-19T23:19:05Z,2026-07-20T01:19:05+0200,028f9a66-b3fa-4fa7-a1aa-7c735a2e67a7,2026-07-06T14:00:00Z,2026-07-06T16:00:00+0200,32.66,MW,FR,FR,actual_offshore_wind_generation,Wind Offshore | Actual Aggregated,2026-07-19T23:19:59Z
2026-07-19T23:19:05Z,2026-07-20T01:19:05+0200,028f9a66-b3fa-4fa7-a1aa-7c735a2e67a7,2026-07-06T14:15:00Z,2026-07-06T16:15:00+0200,25.83,MW,FR,FR,actual_offshore_wind_generation,Wind Offshore | Actual Aggregated,2026-07-19T23:19:59Z
2026-07-19T23:19:05Z,2026-07-20T01:19:05+0200,028f9a66-b3fa-4fa7-a1aa-7c735a2e67a7,2026-07-06T14:30:00Z,2026-07-06T16:30:00+0200,21.68,MW,FR,FR,actual_offshore_wind_generation,Wind Offshore | Actual Aggregated,2026-07-19T23:19:59Z
2026-07-19T23:19:05Z,2026-07-20T01:19:05+0200,028f9a66-b3fa-4fa7-a1aa-7c735a2e67a7,2026-07-06T14:45:00Z,2026-07-06T16:45:00+0200,22.7,MW,FR,FR,actual_offshore_wind_generation,Wind Offshore | Actual Aggregated,2026-07-19T23:19:59Z
2026-07-19T23:19:05Z,2026-07-20T01:19:05+0200,028f9a66-b3fa-4fa7-a1aa-7c735a2e67a7,2026-07-06T15:00:00Z,2026-07-06T17:00:00+0200,28.83,MW,FR,FR,actual_offshore_wind_generation,Wind Offshore | Actual Aggregated,2026-07-19T23:19:59Z
2026-07-19T23:19:05Z,2026-07-20T01:19:05+0200,028f9a66-b3fa-4fa7-a1aa-7c735a2e67a7,2026-07-06T15:15:00Z,2026-07-06T17:15:00+0200,34.14,MW,FR,FR,actual_offshore_wind_generation,Wind Offshore | Actual Aggregated,2026-07-19T23:19:59Z
2026-07-19T23:19:05Z,2026-07-20T01:19:05+0200,028f9a66-b3fa-4fa7-a1aa-7c735a2e67a7,2026-07-06T15:30:00Z,2026-07-06T17:30:00+0200,37.92,MW,FR,FR,actual_offshore_wind_generation,Wind Offshore | Actual Aggregated,2026-07-19T23:19:59Z
2026-07-19T23:19:05Z,2026-07-20T01:19:05+0200,028f9a66-b3fa-4fa7-a1aa-7c735a2e67a7,2026-07-06T15:45:00Z,2026-07-06T17:45:00+0200,35.38,MW,FR,FR,actual_offshore_wind_generation,Wind Offshore | Actual Aggregated,2026-07-19T23:19:59Z
2026-07-19T23:19:05Z,2026-07-20T01:19:05+0200,028f9a66-b3fa-4fa7-a1aa-7c735a2e67a7,2026-07-06T16:00:00Z,2026-07-06T18:00:00+0200,37.89,MW,FR,FR,actual_offshore_wind_generation,Wind Offshore | Actual Aggregated,2026-07-19T23:19:59Z
2026-07-19T23:19:05Z,2026-07-20T01:19:05+0200,028f9a66-b3fa-4fa7-a1aa-7c735a2e67a7,2026-07-06T16:15:00Z,2026-07-06T18:15:00+0200,40.45,MW,FR,FR,actual_offshore_wind_generation,Wind Offshore | Actual Aggregated,2026-07-19T23:19:59Z
2026-07-19T23:19:05Z,2026-07-20T01:19:05+0200,028f9a66-b3fa-4fa7-a1aa-7c735a2e67a7,2026-07-06T16:30:00Z,2026-07-06T18:30:00+0200,40.85,MW,FR,FR,actual_offshore_wind_generation,Wind Offshore | Actual Aggregated,2026-07-19T23:19:59Z
2026-07-19T23:19:05Z,2026-07-20T01:19:05+0200,028f9a66-b3fa-4fa7-a1aa-7c735a2e67a7,2026-07-06T16:45:00Z,2026-07-06T18:45:00+0200,34.3,MW,FR,FR,actual_offshore_wind_generation,Wind Offshore | Actual Aggregated,2026-07-19T23:19:59Z
2026-07-19T23:19:05Z,2026-07-20T01:19:05+0200,028f9a66-b3fa-4fa7-a1aa-7c735a2e67a7,2026-07-06T17:00:00Z,2026-07-06T19:00:00+0200,31.95,MW,FR,FR,actual_offshore_wind_generation,Wind Offshore | Actual Aggregated,2026-07-19T23:19:59Z
2026-07-19T23:19:05Z,2026-07-20T01:19:05+0200,028f9a66-b3fa-4fa7-a1aa-7c735a2e67a7,2026-07-06T17:15:00Z,2026-07-06T19:15:00+0200,48.53,MW,FR,FR,actual_offshore_wind_generation,Wind Offshore | Actual Aggregated,2026-07-19T23:19:59Z
2026-07-19T23:19:05Z,2026-07-20T01:19:05+0200,028f9a66-b3fa-4fa7-a1aa-7c735a2e67a7,2026-07-06T17:30:00Z,2026-07-06T19:30:00+0200,63.46,MW,FR,FR,actual_offshore_wind_generation,Wind Offshore | Actual Aggregated,2026-07-19T23:19:59Z
2026-07-19T23:19:05Z,2026-07-20T01:19:05+0200,028f9a66-b3fa-4fa7-a1aa-7c735a2e67a7,2026-07-06T17:45:00Z,2026-07-06T19:45:00+0200,69.21,MW,FR,FR,actual_offshore_wind_generation,Wind Offshore | Actual Aggregated,2026-07-19T23:19:59Z
2026-07-19T23:19:05Z,2026-07-20T01:19:05+0200,028f9a66-b3fa-4fa7-a1aa-7c735a2e67a7,2026-07-06T18:00:00Z,2026-07-06T20:00:00+0200,72.02,MW,FR,FR,actual_offshore_wind_generation,Wind Offshore | Actual Aggregated,2026-07-19T23:19:59Z
2026-07-19T23:19:05Z,2026-07-20T01:19:05+0200,028f9a66-b3fa-4fa7-a1aa-7c735a2e67a7,2026-07-06T18:15:00Z,2026-07-06T20:15:00+0200,67.61,MW,FR,FR,actual_offshore_wind_generation,Wind Offshore | Actual Aggregated,2026-07-19T23:19:59Z
2026-07-19T23:19:05Z,2026-07-20T01:19:05+0200,028f9a66-b3fa-4fa7-a1aa-7c735a2e67a7,2026-07-06T18:30:00Z,2026-07-06T20:30:00+0200,71.41,MW,FR,FR,actual_offshore_wind_generation,Wind Offshore | Actual Aggregated,2026-07-19T23:19:59Z
2026-07-19T23:19:05Z,2026-07-20T01:19:05+0200,028f9a66-b3fa-4fa7-a1aa-7c735a2e67a7,2026-07-06T18:45:00Z,2026-07-06T20:45:00+0200,90.94,MW,FR,FR,actual_offshore_wind_generation,Wind Offshore | Actual Aggregated,2026-07-19T23:19:59Z
2026-07-19T23:19:05Z,2026-07-20T01:19:05+0200,028f9a66-b3fa-4fa7-a1aa-7c735a2e67a7,2026-07-06T19:00:00Z,2026-07-06T21:00:00+0200,96.27,MW,FR,FR,actual_offshore_wind_generation,Wind Offshore | Actual Aggregated,2026-07-19T23:19:59Z
2026-07-19T23:19:05Z,2026-07-20T01:19:05+0200,028f9a66-b3fa-4fa7-a1aa-7c735a2e67a7,2026-07-06T19:15:00Z,2026-07-06T21:15:00+0200,90.34,MW,FR,FR,actual_offshore_wind_generation,Wind Offshore | Actual Aggregated,2026-07-19T23:19:59Z
2026-07-19T23:19:05Z,2026-07-20T01:19:05+0200,028f9a66-b3fa-4fa7-a1aa-7c735a2e67a7,2026-07-06T19:30:00Z,2026-07-06T21:30:00+0200,82.98,MW,FR,FR,actual_offshore_wind_generation,Wind Offshore | Actual Aggregated,2026-07-19T23:19:59Z
2026-07-19T23:19:05Z,2026-07-20T01:19:05+0200,028f9a66-b3fa-4fa7-a1aa-7c735a2e67a7,2026-07-06T19:45:00Z,2026-07-06T21:45:00+0200,77.29,MW,FR,FR,actual_offshore_wind_generation,Wind Offshore | Actual Aggregated,2026-07-19T23:19:59Z
2026-07-19T23:19:05Z,2026-07-20T01:19:05+0200,028f9a66-b3fa-4fa7-a1aa-7c735a2e67a7,2026-07-06T20:00:00Z,2026-07-06T22:00:00+0200,82.85,MW,FR,FR,actual_offshore_wind_generation,Wind Offshore | Actual Aggregated,2026-07-19T23:19:59Z
2026-07-19T23:19:05Z,2026-07-20T01:19:05+0200,028f9a66-b3fa-4fa7-a1aa-7c735a2e67a7,2026-07-06T20:15:00Z,2026-07-06T22:15:00+0200,91.29,MW,FR,FR,actual_offshore_wind_generation,Wind Offshore | Actual Aggregated,2026-07-19T23:19:59Z
2026-07-19T23:19:05Z,2026-07-20T01:19:05+0200,028f9a66-b3fa-4fa7-a1aa-7c735a2e67a7,2026-07-06T20:30:00Z,2026-07-06T22:30:00+0200,82.68,MW,FR,FR,actual_offshore_wind_generation,Wind Offshore | Actual Aggregated,2026-07-19T23:19:59Z
2026-07-19T23:19:05Z,2026-07-20T01:19:05+0200,028f9a66-b3fa-4fa7-a1aa-7c735a2e67a7,2026-07-06T20:45:00Z,2026-07-06T22:45:00+0200,86.22,MW,FR,FR,actual_offshore_wind_generation,Wind Offshore | Actual Aggregated,2026-07-19T23:19:59Z
2026-07-19T23:19:05Z,2026-07-20T01:19:05+0200,028f9a66-b3fa-4fa7-a1aa-7c735a2e67a7,2026-07-06T21:00:00Z,2026-07-06T23:00:00+0200,80.26,MW,FR,FR,actual_offshore_wind_generation,Wind Offshore | Actual Aggregated,2026-07-19T23:19:59Z
2026-07-19T23:19:05Z,2026-07-20T01:19:05+0200,028f9a66-b3fa-4fa7-a1aa-7c735a2e67a7,2026-07-06T21:15:00Z,2026-07-06T23:15:00+0200,83.45,MW,FR,FR,actual_offshore_wind_generation,Wind Offshore | Actual Aggregated,2026-07-19T23:19:59Z
2026-07-19T23:19:05Z,2026-07-20T01:19:05+0200,028f9a66-b3fa-4fa7-a1aa-7c735a2e67a7,2026-07-06T21:30:00Z,2026-07-06T23:30:00+0200,91.13,MW,FR,FR,actual_offshore_wind_generation,Wind Offshore | Actual Aggregated,2026-07-19T23:19:59Z
2026-07-19T23:19:05Z,2026-07-20T01:19:05+0200,028f9a66-b3fa-4fa7-a1aa-7c735a2e67a7,2026-07-06T21:45:00Z,2026-07-06T23:45:00+0200,87.08,MW,FR,FR,actual_offshore_wind_generation,Wind Offshore | Actual Aggregated,2026-07-19T23:19:59Z
2026-07-19T23:19:05Z,2026-07-20T01:19:05+0200,028f9a66-b3fa-4fa7-a1aa-7c735a2e67a7,2026-07-06T22:00:00Z,2026-07-07T00:00:00+0200,90.74,MW,FR,FR,actual_offshore_wind_generation,Wind Offshore | Actual Aggregated,2026-07-19T23:19:59Z
2026-07-19T23:19:05Z,2026-07-20T01:19:05+0200,028f9a66-b3fa-4fa7-a1aa-7c735a2e67a7,2026-07-06T22:15:00Z,2026-07-07T00:15:00+0200,101.0,MW,FR,FR,actual_offshore_wind_generation,Wind Offshore | Actual Aggregated,2026-07-19T23:19:59Z
2026-07-19T23:19:05Z,2026-07-20T01:19:05+0200,028f9a66-b3fa-4fa7-a1aa-7c735a2e67a7,2026-07-06T22:30:00Z,2026-07-07T00:30:00+0200,104.61,MW,FR,FR,actual_offshore_wind_generation,Wind Offshore | Actual Aggregated,2026-07-19T23:19:59Z
2026-07-19T23:19:05Z,2026-07-20T01:19:05+0200,028f9a66-b3fa-4fa7-a1aa-7c735a2e67a7,2026-07-06T22:45:00Z,2026-07-07T00:45:00+0200,107.9,MW,FR,FR,actual_offshore_wind_generation,Wind Offshore | Actual Aggregated,2026-07-19T23:19:59Z
2026-07-19T23:19:05Z,2026-07-20T01:19:05+0200,028f9a66-b3fa-4fa7-a1aa-7c735a2e67a7,2026-07-06T23:00:00Z,2026-07-07T01:00:00+0200,118.9,MW,FR,FR,actual_offshore_wind_generation,Wind Offshore | Actual Aggregated,2026-07-19T23:19:59Z
2026-07-19T23:19:05Z,2026-07-20T01:19:05+0200,028f9a66-b3fa-4fa7-a1aa-7c735a2e67a7,2026-07-06T23:15:00Z,2026-07-07T01:15:00+0200,121.01,MW,FR,FR,actual_offshore_wind_generation,Wind Offshore | Actual Aggregated,2026-07-19T23:19:59Z
2026-07-19T23:19:05Z,2026-07-20T01:19:05+0200,028f9a66-b3fa-4fa7-a1aa-7c735a2e67a7,2026-07-06T23:30:00Z,2026-07-07T01:30:00+0200,125.27,MW,FR,FR,actual_offshore_wind_generation,Wind Offshore | Actual Aggregated,2026-07-19T23:19:59Z
2026-07-19T23:19:05Z,2026-07-20T01:19:05+0200,028f9a66-b3fa-4fa7-a1aa-7c735a2e67a7,2026-07-06T23:45:00Z,2026-07-07T01:45:00+0200,147.65,MW,FR,FR,actual_offshore_wind_generation,Wind Offshore | Actual Aggregated,2026-07-19T23:19:59Z
2026-07-19T23:19:05Z,2026-07-20T01:19:05+0200,028f9a66-b3fa-4fa7-a1aa-7c735a2e67a7,2026-07-07T00:00:00Z,2026-07-07T02:00:00+0200,175.14,MW,FR,FR,actual_offshore_wind_generation,Wind Offshore | Actual Aggregated,2026-07-19T23:19:59Z
2026-07-19T23:19:05Z,2026-07-20T01:19:05+0200,028f9a66-b3fa-4fa7-a1aa-7c735a2e67a7,2026-07-07T00:15:00Z,2026-07-07T02:15:00+0200,216.25,MW,FR,FR,actual_offshore_wind_generation,Wind Offshore | Actual Aggregated,2026-07-19T23:19:59Z
2026-07-19T23:19:05Z,2026-07-20T01:19:05+0200,028f9a66-b3fa-4fa7-a1aa-7c735a2e67a7,2026-07-07T00:30:00Z,2026-07-07T02:30:00+0200,259.9,MW,FR,FR,actual_offshore_wind_generation,Wind Offshore | Actual Aggregated,2026-07-19T23:19:59Z
2026-07-19T23:19:05Z,2026-07-20T01:19:05+0200,028f9a66-b3fa-4fa7-a1aa-7c735a2e67a7,2026-07-07T00:45:00Z,2026-07-07T02:45:00+0200,282.75,MW,FR,FR,actual_offshore_wind_generation,Wind Offshore | Actual Aggregated,2026-07-19T23:19:59Z
2026-07-19T23:19:05Z,2026-07-20T01:19:05+0200,028f9a66-b3fa-4fa7-a1aa-7c735a2e67a7,2026-07-07T01:00:00Z,2026-07-07T03:00:00+0200,304.83,MW,FR,FR,actual_offshore_wind_generation,Wind Offshore | Actual Aggregated,2026-07-19T23:19:59Z
2026-07-19T23:19:05Z,2026-07-20T01:19:05+0200,028f9a66-b3fa-4fa7-a1aa-7c735a2e67a7,2026-07-07T01:15:00Z,2026-07-07T03:15:00+0200,282.67,MW,FR,FR,actual_offshore_wind_generation,Wind Offshore | Actual Aggregated,2026-07-19T23:19:59Z
2026-07-19T23:19:05Z,2026-07-20T01:19:05+0200,028f9a66-b3fa-4fa7-a1aa-7c735a2e67a7,2026-07-07T01:30:00Z,2026-07-07T03:30:00+0200,249.04,MW,FR,FR,actual_offshore_wind_generation,Wind Offshore | Actual Aggregated,2026-07-19T23:19:59Z
2026-07-19T23:19:05Z,2026-07-20T01:19:05+0200,028f9a66-b3fa-4fa7-a1aa-7c735a2e67a7,2026-07-07T01:45:00Z,2026-07-07T03:45:00+0200,254.6,MW,FR,FR,actual_offshore_wind_generation,Wind Offshore | Actual Aggregated,2026-07-19T23:19:59Z
2026-07-19T23:19:05Z,2026-07-20T01:19:05+0200,028f9a66-b3fa-4fa7-a1aa-7c735a2e67a7,2026-07-07T02:00:00Z,2026-07-07T04:00:00+0200,254.3,MW,FR,FR,actual_offshore_wind_generation,Wind Offshore | Actual Aggregated,2026-07-19T23:19:59Z
2026-07-19T23:19:05Z,2026-07-20T01:19:05+0200,028f9a66-b3fa-4fa7-a1aa-7c735a2e67a7,2026-07-07T02:15:00Z,2026-07-07T04:15:00+0200,220.66,MW,FR,FR,actual_offshore_wind_generation,Wind Offshore | Actual Aggregated,2026-07-19T23:19:59Z
2026-07-19T23:19:05Z,2026-07-20T01:19:05+0200,028f9a66-b3fa-4fa7-a1aa-7c735a2e67a7,2026-07-07T02:30:00Z,2026-07-07T04:30:00+0200,173.96,MW,FR,FR,actual_offshore_wind_generation,Wind Offshore | Actual Aggregated,2026-07-19T23:19:59Z
2026-07-19T23:19:05Z,2026-07-20T01:19:05+0200,028f9a66-b3fa-4fa7-a1aa-7c735a2e67a7,2026-07-07T02:45:00Z,2026-07-07T04:45:00+0200,200.06,MW,FR,FR,actual_offshore_wind_generation,Wind Offshore | Actual Aggregated,2026-07-19T23:19:59Z
2026-07-19T23:19:05Z,2026-07-20T01:19:05+0200,028f9a66-b3fa-4fa7-a1aa-7c735a2e67a7,2026-07-07T03:00:00Z,2026-07-07T05:00:00+0200,208.59,MW,FR,FR,actual_offshore_wind_generation,Wind Offshore | Actual Aggregated,2026-07-19T23:19:59Z
2026-07-19T23:19:05Z,2026-07-20T01:19:05+0200,028f9a66-b3fa-4fa7-a1aa-7c735a2e67a7,2026-07-07T03:15:00Z,2026-07-07T05:15:00+0200,201.94,MW,FR,FR,actual_offshore_wind_generation,Wind Offshore | Actual Aggregated,2026-07-19T23:19:59Z
2026-07-19T23:19:05Z,2026-07-20T01:19:05+0200,028f9a66-b3fa-4fa7-a1aa-7c735a2e67a7,2026-07-07T03:30:00Z,2026-07-07T05:30:00+0200,195.63,MW,FR,FR,actual_offshore_wind_generation,Wind Offshore | Actual Aggregated,2026-07-19T23:19:59Z
2026-07-19T23:19:05Z,2026-07-20T01:19:05+0200,028f9a66-b3fa-4fa7-a1aa-7c735a2e67a7,2026-07-07T03:45:00Z,2026-07-07T05:45:00+0200,179.62,MW,FR,FR,actual_offshore_wind_generation,Wind Offshore | Actual Aggregated,2026-07-19T23:19:59Z
2026-07-19T23:19:05Z,2026-07-20T01:19:05+0200,028f9a66-b3fa-4fa7-a1aa-7c735a2e67a7,2026-07-07T04:00:00Z,2026-07-07T06:00:00+0200,173.06,MW,FR,FR,actual_offshore_wind_generation,Wind Offshore | Actual Aggregated,2026-07-19T23:19:59Z
2026-07-19T23:19:05Z,2026-07-20T01:19:05+0200,028f9a66-b3fa-4fa7-a1aa-7c735a2e67a7,2026-07-07T04:15:00Z,2026-07-07T06:15:00+0200,168.55,MW,FR,FR,actual_offshore_wind_generation,Wind Offshore | Actual Aggregated,2026-07-19T23:19:59Z
2026-07-19T23:19:05Z,2026-07-20T01:19:05+0200,028f9a66-b3fa-4fa7-a1aa-7c735a2e67a7,2026-07-07T04:30:00Z,2026-07-07T06:30:00+0200,162.77,MW,FR,FR,actual_offshore_wind_generation,Wind Offshore | Actual Aggregated,2026-07-19T23:19:59Z
2026-07-19T23:19:05Z,2026-07-20T01:19:05+0200,028f9a66-b3fa-4fa7-a1aa-7c735a2e67a7,2026-07-07T04:45:00Z,2026-07-07T06:45:00+0200,147.97,MW,FR,FR,actual_offshore_wind_generation,Wind Offshore | Actual Aggregated,2026-07-19T23:19:59Z
2026-07-19T23:19:05Z,2026-07-20T01:19:05+0200,028f9a66-b3fa-4fa7-a1aa-7c735a2e67a7,2026-07-07T05:00:00Z,2026-07-07T07:00:00+0200,133.25,MW,FR,FR,actual_offshore_wind_generation,Wind Offshore | Actual Aggregated,2026-07-19T23:19:59Z
2026-07-19T23:19:05Z,2026-07-20T01:19:05+0200,028f9a66-b3fa-4fa7-a1aa-7c735a2e67a7,2026-07-07T05:15:00Z,2026-07-07T07:15:00+0200,111.24,MW,FR,FR,actual_offshore_wind_generation,Wind Offshore | Actual Aggregated,2026-07-19T23:19:59Z
2026-07-19T23:19:05Z,2026-07-20T01:19:05+0200,028f9a66-b3fa-4fa7-a1aa-7c735a2e67a7,2026-07-07T05:30:00Z,2026-07-07T07:30:00+0200,103.11,MW,FR,FR,actual_offshore_wind_generation,Wind Offshore | Actual Aggregated,2026-07-19T23:19:59Z
2026-07-19T23:19:05Z,2026-07-20T01:19:05+0200,028f9a66-b3fa-4fa7-a1aa-7c735a2e67a7,2026-07-07T05:45:00Z,2026-07-07T07:45:00+0200,90.24,MW,FR,FR,actual_offshore_wind_generation,Wind Offshore | Actual Aggregated,2026-07-19T23:19:59Z
2026-07-19T23:19:05Z,2026-07-20T01:19:05+0200,028f9a66-b3fa-4fa7-a1aa-7c735a2e67a7,2026-07-07T06:00:00Z,2026-07-07T08:00:00+0200,73.18,MW,FR,FR,actual_offshore_wind_generation,Wind Offshore | Actual Aggregated,2026-07-19T23:19:59Z
2026-07-19T23:19:05Z,2026-07-20T01:19:05+0200,028f9a66-b3fa-4fa7-a1aa-7c735a2e67a7,2026-07-07T06:15:00Z,2026-07-07T08:15:00+0200,62.17,MW,FR,FR,actual_offshore_wind_generation,Wind Offshore | Actual Aggregated,2026-07-19T23:19:59Z
2026-07-19T23:19:05Z,2026-07-20T01:19:05+0200,028f9a66-b3fa-4fa7-a1aa-7c735a2e67a7,2026-07-07T06:30:00Z,2026-07-07T08:30:00+0200,59.19,MW,FR,FR,actual_offshore_wind_generation,Wind Offshore | Actual Aggregated,2026-07-19T23:19:59Z
2026-07-19T23:19:05Z,2026-07-20T01:19:05+0200,028f9a66-b3fa-4fa7-a1aa-7c735a2e67a7,2026-07-07T06:45:00Z,2026-07-07T08:45:00+0200,56.6,MW,FR,FR,actual_offshore_wind_generation,Wind Offshore | Actual Aggregated,2026-07-19T23:19:59Z
2026-07-19T23:19:05Z,2026-07-20T01:19:05+0200,028f9a66-b3fa-4fa7-a1aa-7c735a2e67a7,2026-07-07T07:00:00Z,2026-07-07T09:00:00+0200,50.6,MW,FR,FR,actual_offshore_wind_generation,Wind Offshore | Actual Aggregated,2026-07-19T23:19:59Z
2026-07-19T23:19:05Z,2026-07-20T01:19:05+0200,028f9a66-b3fa-4fa7-a1aa-7c735a2e67a7,2026-07-07T07:15:00Z,2026-07-07T09:15:00+0200,55.1,MW,FR,FR,actual_offshore_wind_generation,Wind Offshore | Actual Aggregated,2026-07-19T23:19:59Z
2026-07-19T23:19:05Z,2026-07-20T01:19:05+0200,028f9a66-b3fa-4fa7-a1aa-7c735a2e67a7,2026-07-07T07:30:00Z,2026-07-07T09:30:00+0200,57.18,MW,FR,FR,actual_offshore_wind_generation,Wind Offshore | Actual Aggregated,2026-07-19T23:19:59Z
2026-07-19T23:19:05Z,2026-07-20T01:19:05+0200,028f9a66-b3fa-4fa7-a1aa-7c735a2e67a7,2026-07-07T07:45:00Z,2026-07-07T09:45:00+0200,48.09,MW,FR,FR,actual_offshore_wind_generation,Wind Offshore | Actual Aggregated,2026-07-19T23:19:59Z
2026-07-19T23:19:05Z,2026-07-20T01:19:05+0200,028f9a66-b3fa-4fa7-a1aa-7c735a2e67a7,2026-07-07T08:00:00Z,2026-07-07T10:00:00+0200,49.37,MW,FR,FR,actual_offshore_wind_generation,Wind Offshore | Actual Aggregated,2026-07-19T23:19:59Z
2026-07-19T23:19:05Z,2026-07-20T01:19:05+0200,028f9a66-b3fa-4fa7-a1aa-7c735a2e67a7,2026-07-07T08:15:00Z,2026-07-07T10:15:00+0200,53.66,MW,FR,FR,actual_offshore_wind_generation,Wind Offshore | Actual Aggregated,2026-07-19T23:19:59Z
2026-07-19T23:19:05Z,2026-07-20T01:19:05+0200,028f9a66-b3fa-4fa7-a1aa-7c735a2e67a7,2026-07-07T08:30:00Z,2026-07-07T10:30:00+0200,53.06,MW,FR,FR,actual_offshore_wind_generation,Wind Offshore | Actual Aggregated,2026-07-19T23:19:59Z
2026-07-19T23:19:05Z,2026-07-20T01:19:05+0200,028f9a66-b3fa-4fa7-a1aa-7c735a2e67a7,2026-07-07T08:45:00Z,2026-07-07T10:45:00+0200,48.86,MW,FR,FR,actual_offshore_wind_generation,Wind Offshore | Actual Aggregated,2026-07-19T23:19:59Z
2026-07-19T23:19:05Z,2026-07-20T01:19:05+0200,028f9a66-b3fa-4fa7-a1aa-7c735a2e67a7,2026-07-07T09:00:00Z,2026-07-07T11:00:00+0200,42.52,MW,FR,FR,actual_offshore_wind_generation,Wind Offshore | Actual Aggregated,2026-07-19T23:19:59Z
2026-07-19T23:19:05Z,2026-07-20T01:19:05+0200,028f9a66-b3fa-4fa7-a1aa-7c735a2e67a7,2026-07-07T09:15:00Z,2026-07-07T11:15:00+0200,44.04,MW,FR,FR,actual_offshore_wind_generation,Wind Offshore | Actual Aggregated,2026-07-19T23:19:59Z
2026-07-19T23:19:05Z,2026-07-20T01:19:05+0200,028f9a66-b3fa-4fa7-a1aa-7c735a2e67a7,2026-07-07T09:30:00Z,2026-07-07T11:30:00+0200,45.64,MW,FR,FR,actual_offshore_wind_generation,Wind Offshore | Actual Aggregated,2026-07-19T23:19:59Z
2026-07-19T23:19:05Z,2026-07-20T01:19:05+0200,028f9a66-b3fa-4fa7-a1aa-7c735a2e67a7,2026-07-07T09:45:00Z,2026-07-07T11:45:00+0200,54.6,MW,FR,FR,actual_offshore_wind_generation,Wind Offshore | Actual Aggregated,2026-07-19T23:19:59Z
2026-07-19T23:19:05Z,2026-07-20T01:19:05+0200,028f9a66-b3fa-4fa7-a1aa-7c735a2e67a7,2026-07-07T10:00:00Z,2026-07-07T12:00:00+0200,57.43,MW,FR,FR,actual_offshore_wind_generation,Wind Offshore | Actual Aggregated,2026-07-19T23:19:59Z
2026-07-19T23:19:05Z,2026-07-20T01:19:05+0200,028f9a66-b3fa-4fa7-a1aa-7c735a2e67a7,2026-07-07T10:15:00Z,2026-07-07T12:15:00+0200,60.98,MW,FR,FR,actual_offshore_wind_generation,Wind Offshore | Actual Aggregated,2026-07-19T23:19:59Z
2026-07-19T23:19:05Z,2026-07-20T01:19:05+0200,028f9a66-b3fa-4fa7-a1aa-7c735a2e67a7,2026-07-07T10:30:00Z,2026-07-07T12:30:00+0200,88.85,MW,FR,FR,actual_offshore_wind_generation,Wind Offshore | Actual Aggregated,2026-07-19T23:19:59Z
2026-07-19T23:19:05Z,2026-07-20T01:19:05+0200,028f9a66-b3fa-4fa7-a1aa-7c735a2e67a7,2026-07-07T10:45:00Z,2026-07-07T12:45:00+0200,102.07,MW,FR,FR,actual_offshore_wind_generation,Wind Offshore | Actual Aggregated,2026-07-19T23:19:59Z
2026-07-19T23:19:05Z,2026-07-20T01:19:05+0200,028f9a66-b3fa-4fa7-a1aa-7c735a2e67a7,2026-07-07T11:00:00Z,2026-07-07T13:00:00+0200,117.92,MW,FR,FR,actual_offshore_wind_generation,Wind Offshore | Actual Aggregated,2026-07-19T23:19:59Z
2026-07-19T23:19:05Z,2026-07-20T01:19:05+0200,028f9a66-b3fa-4fa7-a1aa-7c735a2e67a7,2026-07-07T11:15:00Z,2026-07-07T13:15:00+0200,123.58,MW,FR,FR,actual_offshore_wind_generation,Wind Offshore | Actual Aggregated,2026-07-19T23:19:59Z
2026-07-19T23:19:05Z,2026-07-20T01:19:05+0200,028f9a66-b3fa-4fa7-a1aa-7c735a2e67a7,2026-07-07T11:30:00Z,2026-07-07T13:30:00+0200,111.01,MW,FR,FR,actual_offshore_wind_generation,Wind Offshore | Actual Aggregated,2026-07-19T23:19:59Z
2026-07-19T23:19:05Z,2026-07-20T01:19:05+0200,028f9a66-b3fa-4fa7-a1aa-7c735a2e67a7,2026-07-07T11:45:00Z,2026-07-07T13:45:00+0200,95.78,MW,FR,FR,actual_offshore_wind_generation,Wind Offshore | Actual Aggregated,2026-07-19T23:19:59Z
2026-07-19T23:19:05Z,2026-07-20T01:19:05+0200,028f9a66-b3fa-4fa7-a1aa-7c735a2e67a7,2026-07-07T12:00:00Z,2026-07-07T14:00:00+0200,90.23,MW,FR,FR,actual_offshore_wind_generation,Wind Offshore | Actual Aggregated,2026-07-19T23:19:59Z
2026-07-19T23:19:05Z,2026-07-20T01:19:05+0200,028f9a66-b3fa-4fa7-a1aa-7c735a2e67a7,2026-07-07T12:15:00Z,2026-07-07T14:15:00+0200,101.42,MW,FR,FR,actual_offshore_wind_generation,Wind Offshore | Actual Aggregated,2026-07-19T23:19:59Z
2026-07-19T23:19:05Z,2026-07-20T01:19:05+0200,028f9a66-b3fa-4fa7-a1aa-7c735a2e67a7,2026-07-07T12:30:00Z,2026-07-07T14:30:00+0200,115.46,MW,FR,FR,actual_offshore_wind_generation,Wind Offshore | Actual Aggregated,2026-07-19T23:19:59Z
2026-07-19T23:19:05Z,2026-07-20T01:19:05+0200,028f9a66-b3fa-4fa7-a1aa-7c735a2e67a7,2026-07-07T12:45:00Z,2026-07-07T14:45:00+0200,130.63,MW,FR,FR,actual_offshore_wind_generation,Wind Offshore | Actual Aggregated,2026-07-19T23:19:59Z
2026-07-19T23:19:05Z,2026-07-20T01:19:05+0200,028f9a66-b3fa-4fa7-a1aa-7c735a2e67a7,2026-07-07T13:00:00Z,2026-07-07T15:00:00+0200,156.37,MW,FR,FR,actual_offshore_wind_generation,Wind Offshore | Actual Aggregated,2026-07-19T23:19:59Z
2026-07-19T23:19:05Z,2026-07-20T01:19:05+0200,028f9a66-b3fa-4fa7-a1aa-7c735a2e67a7,2026-07-07T13:15:00Z,2026-07-07T15:15:00+0200,160.84,MW,FR,FR,actual_offshore_wind_generation,Wind Offshore | Actual Aggregated,2026-07-19T23:19:59Z
2026-07-19T23:19:05Z,2026-07-20T01:19:05+0200,028f9a66-b3fa-4fa7-a1aa-7c735a2e67a7,2026-07-07T13:30:00Z,2026-07-07T15:30:00+0200,153.31,MW,FR,FR,actual_offshore_wind_generation,Wind Offshore | Actual Aggregated,2026-07-19T23:19:59Z
2026-07-19T23:19:05Z,2026-07-20T01:19:05+0200,028f9a66-b3fa-4fa7-a1aa-7c735a2e67a7,2026-07-07T13:45:00Z,2026-07-07T15:45:00+0200,151.88,MW,FR,FR,actual_offshore_wind_generation,Wind Offshore | Actual Aggregated,2026-07-19T23:19:59Z
2026-07-19T23:19:05Z,2026-07-20T01:19:05+0200,028f9a66-b3fa-4fa7-a1aa-7c735a2e67a7,2026-07-07T14:00:00Z,2026-07-07T16:00:00+0200,140.97,MW,FR,FR,actual_offshore_wind_generation,Wind Offshore | Actual Aggregated,2026-07-19T23:19:59Z
2026-07-19T23:19:05Z,2026-07-20T01:19:05+0200,028f9a66-b3fa-4fa7-a1aa-7c735a2e67a7,2026-07-07T14:15:00Z,2026-07-07T16:15:00+0200,145.36,MW,FR,FR,actual_offshore_wind_generation,Wind Offshore | Actual Aggregated,2026-07-19T23:19:59Z
2026-07-19T23:19:05Z,2026-07-20T01:19:05+0200,028f9a66-b3fa-4fa7-a1aa-7c735a2e67a7,2026-07-07T14:30:00Z,2026-07-07T16:30:00+0200,154.26,MW,FR,FR,actual_offshore_wind_generation,Wind Offshore | Actual Aggregated,2026-07-19T23:19:59Z
2026-07-19T23:19:05Z,2026-07-20T01:19:05+0200,028f9a66-b3fa-4fa7-a1aa-7c735a2e67a7,2026-07-07T14:45:00Z,2026-07-07T16:45:00+0200,163.31,MW,FR,FR,actual_offshore_wind_generation,Wind Offshore | Actual Aggregated,2026-07-19T23:19:59Z
2026-07-19T23:19:05Z,2026-07-20T01:19:05+0200,028f9a66-b3fa-4fa7-a1aa-7c735a2e67a7,2026-07-07T15:00:00Z,2026-07-07T17:00:00+0200,168.8,MW,FR,FR,actual_offshore_wind_generation,Wind Offshore | Actual Aggregated,2026-07-19T23:19:59Z
2026-07-19T23:19:05Z,2026-07-20T01:19:05+0200,028f9a66-b3fa-4fa7-a1aa-7c735a2e67a7,2026-07-07T15:15:00Z,2026-07-07T17:15:00+0200,162.21,MW,FR,FR,actual_offshore_wind_generation,Wind Offshore | Actual Aggregated,2026-07-19T23:19:59Z
2026-07-19T23:19:05Z,2026-07-20T01:19:05+0200,028f9a66-b3fa-4fa7-a1aa-7c735a2e67a7,2026-07-07T15:30:00Z,2026-07-07T17:30:00+0200,166.81,MW,FR,FR,actual_offshore_wind_generation,Wind Offshore | Actual Aggregated,2026-07-19T23:19:59Z
2026-07-19T23:19:05Z,2026-07-20T01:19:05+0200,028f9a66-b3fa-4fa7-a1aa-7c735a2e67a7,2026-07-07T15:45:00Z,2026-07-07T17:45:00+0200,186.01,MW,FR,FR,actual_offshore_wind_generation,Wind Offshore | Actual Aggregated,2026-07-19T23:19:59Z
2026-07-19T23:19:05Z,2026-07-20T01:19:05+0200,028f9a66-b3fa-4fa7-a1aa-7c735a2e67a7,2026-07-07T16:00:00Z,2026-07-07T18:00:00+0200,211.89,MW,FR,FR,actual_offshore_wind_generation,Wind Offshore | Actual Aggregated,2026-07-19T23:19:59Z
2026-07-19T23:19:05Z,2026-07-20T01:19:05+0200,028f9a66-b3fa-4fa7-a1aa-7c735a2e67a7,2026-07-07T16:15:00Z,2026-07-07T18:15:00+0200,223.05,MW,FR,FR,actual_offshore_wind_generation,Wind Offshore | Actual Aggregated,2026-07-19T23:19:59Z
2026-07-19T23:19:05Z,2026-07-20T01:19:05+0200,028f9a66-b3fa-4fa7-a1aa-7c735a2e67a7,2026-07-07T16:30:00Z,2026-07-07T18:30:00+0200,218.75,MW,FR,FR,actual_offshore_wind_generation,Wind Offshore | Actual Aggregated,2026-07-19T23:19:59Z
2026-07-19T23:19:05Z,2026-07-20T01:19:05+0200,028f9a66-b3fa-4fa7-a1aa-7c735a2e67a7,2026-07-07T16:45:00Z,2026-07-07T18:45:00+0200,204.57,MW,FR,FR,actual_offshore_wind_generation,Wind Offshore | Actual Aggregated,2026-07-19T23:19:59Z
2026-07-19T23:19:05Z,2026-07-20T01:19:05+0200,028f9a66-b3fa-4fa7-a1aa-7c735a2e67a7,2026-07-07T17:00:00Z,2026-07-07T19:00:00+0200,207.52,MW,FR,FR,actual_offshore_wind_generation,Wind Offshore | Actual Aggregated,2026-07-19T23:19:59Z
2026-07-19T23:19:05Z,2026-07-20T01:19:05+0200,028f9a66-b3fa-4fa7-a1aa-7c735a2e67a7,2026-07-07T17:15:00Z,2026-07-07T19:15:00+0200,210.91,MW,FR,FR,actual_offshore_wind_generation,Wind Offshore | Actual Aggregated,2026-07-19T23:19:59Z
2026-07-19T23:19:05Z,2026-07-20T01:19:05+0200,028f9a66-b3fa-4fa7-a1aa-7c735a2e67a7,2026-07-07T17:30:00Z,2026-07-07T19:30:00+0200,208.27,MW,FR,FR,actual_offshore_wind_generation,Wind Offshore | Actual Aggregated,2026-07-19T23:19:59Z
2026-07-19T23:19:05Z,2026-07-20T01:19:05+0200,028f9a66-b3fa-4fa7-a1aa-7c735a2e67a7,2026-07-07T17:45:00Z,2026-07-07T19:45:00+0200,222.6,MW,FR,FR,actual_offshore_wind_generation,Wind Offshore | Actual Aggregated,2026-07-19T23:19:59Z
2026-07-19T23:19:05Z,2026-07-20T01:19:05+0200,028f9a66-b3fa-4fa7-a1aa-7c735a2e67a7,2026-07-07T18:00:00Z,2026-07-07T20:00:00+0200,231.13,MW,FR,FR,actual_offshore_wind_generation,Wind Offshore | Actual Aggregated,2026-07-19T23:19:59Z
2026-07-19T23:19:05Z,2026-07-20T01:19:05+0200,028f9a66-b3fa-4fa7-a1aa-7c735a2e67a7,2026-07-07T18:15:00Z,2026-07-07T20:15:00+0200,242.44,MW,FR,FR,actual_offshore_wind_generation,Wind Offshore | Actual Aggregated,2026-07-19T23:19:59Z
2026-07-19T23:19:05Z,2026-07-20T01:19:05+0200,028f9a66-b3fa-4fa7-a1aa-7c735a2e67a7,2026-07-07T18:30:00Z,2026-07-07T20:30:00+0200,246.48,MW,FR,FR,actual_offshore_wind_generation,Wind Offshore | Actual Aggregated,2026-07-19T23:19:59Z
2026-07-19T23:19:05Z,2026-07-20T01:19:05+0200,028f9a66-b3fa-4fa7-a1aa-7c735a2e67a7,2026-07-07T18:45:00Z,2026-07-07T20:45:00+0200,260.04,MW,FR,FR,actual_offshore_wind_generation,Wind Offshore | Actual Aggregated,2026-07-19T23:19:59Z
2026-07-19T23:19:05Z,2026-07-20T01:19:05+0200,028f9a66-b3fa-4fa7-a1aa-7c735a2e67a7,2026-07-07T19:00:00Z,2026-07-07T21:00:00+0200,260.61,MW,FR,FR,actual_offshore_wind_generation,Wind Offshore | Actual Aggregated,2026-07-19T23:19:59Z
2026-07-19T23:19:05Z,2026-07-20T01:19:05+0200,028f9a66-b3fa-4fa7-a1aa-7c735a2e67a7,2026-07-07T19:15:00Z,2026-07-07T21:15:00+0200,290.37,MW,FR,FR,actual_offshore_wind_generation,Wind Offshore | Actual Aggregated,2026-07-19T23:19:59Z
2026-07-19T23:19:05Z,2026-07-20T01:19:05+0200,028f9a66-b3fa-4fa7-a1aa-7c735a2e67a7,2026-07-07T19:30:00Z,2026-07-07T21:30:00+0200,309.09,MW,FR,FR,actual_offshore_wind_generation,Wind Offshore | Actual Aggregated,2026-07-19T23:19:59Z
2026-07-19T23:19:05Z,2026-07-20T01:19:05+0200,028f9a66-b3fa-4fa7-a1aa-7c735a2e67a7,2026-07-07T19:45:00Z,2026-07-07T21:45:00+0200,288.91,MW,FR,FR,actual_offshore_wind_generation,Wind Offshore | Actual Aggregated,2026-07-19T23:19:59Z
2026-07-19T23:19:05Z,2026-07-20T01:19:05+0200,028f9a66-b3fa-4fa7-a1aa-7c735a2e67a7,2026-07-07T20:00:00Z,2026-07-07T22:00:00+0200,329.17,MW,FR,FR,actual_offshore_wind_generation,Wind Offshore | Actual Aggregated,2026-07-19T23:19:59Z
2026-07-19T23:19:05Z,2026-07-20T01:19:05+0200,028f9a66-b3fa-4fa7-a1aa-7c735a2e67a7,2026-07-07T20:15:00Z,2026-07-07T22:15:00+0200,364.19,MW,FR,FR,actual_offshore_wind_generation,Wind Offshore | Actual Aggregated,2026-07-19T23:19:59Z
2026-07-19T23:19:05Z,2026-07-20T01:19:05+0200,028f9a66-b3fa-4fa7-a1aa-7c735a2e67a7,2026-07-07T20:30:00Z,2026-07-07T22:30:00+0200,371.93,MW,FR,FR,actual_offshore_wind_generation,Wind Offshore | Actual Aggregated,2026-07-19T23:19:59Z
2026-07-19T23:19:05Z,2026-07-20T01:19:05+0200,028f9a66-b3fa-4fa7-a1aa-7c735a2e67a7,2026-07-07T20:45:00Z,2026-07-07T22:45:00+0200,373.07,MW,FR,FR,actual_offshore_wind_generation,Wind Offshore | Actual Aggregated,2026-07-19T23:19:59Z
2026-07-19T23:19:05Z,2026-07-20T01:19:05+0200,028f9a66-b3fa-4fa7-a1aa-7c735a2e67a7,2026-07-07T21:00:00Z,2026-07-07T23:00:00+0200,367.69,MW,FR,FR,actual_offshore_wind_generation,Wind Offshore | Actual Aggregated,2026-07-19T23:19:59Z
2026-07-19T23:19:05Z,2026-07-20T01:19:05+0200,028f9a66-b3fa-4fa7-a1aa-7c735a2e67a7,2026-07-07T21:15:00Z,2026-07-07T23:15:00+0200,333.72,MW,FR,FR,actual_offshore_wind_generation,Wind Offshore | Actual Aggregated,2026-07-19T23:19:59Z
2026-07-19T23:19:05Z,2026-07-20T01:19:05+0200,028f9a66-b3fa-4fa7-a1aa-7c735a2e67a7,2026-07-07T21:30:00Z,2026-07-07T23:30:00+0200,321.42,MW,FR,FR,actual_offshore_wind_generation,Wind Offshore | Actual Aggregated,2026-07-19T23:19:59Z
2026-07-19T23:19:05Z,2026-07-20T01:19:05+0200,028f9a66-b3fa-4fa7-a1aa-7c735a2e67a7,2026-07-07T21:45:00Z,2026-07-07T23:45:00+0200,335.96,MW,FR,FR,actual_offshore_wind_generation,Wind Offshore | Actual Aggregated,2026-07-19T23:19:59Z
2026-07-19T23:19:05Z,2026-07-20T01:19:05+0200,028f9a66-b3fa-4fa7-a1aa-7c735a2e67a7,2026-07-07T22:00:00Z,2026-07-08T00:00:00+0200,383.04,MW,FR,FR,actual_offshore_wind_generation,Wind Offshore | Actual Aggregated,2026-07-19T23:19:59Z
2026-07-19T23:19:05Z,2026-07-20T01:19:05+0200,028f9a66-b3fa-4fa7-a1aa-7c735a2e67a7,2026-07-07T22:15:00Z,2026-07-08T00:15:00+0200,381.13,MW,FR,FR,actual_offshore_wind_generation,Wind Offshore | Actual Aggregated,2026-07-19T23:19:59Z
2026-07-19T23:19:05Z,2026-07-20T01:19:05+0200,028f9a66-b3fa-4fa7-a1aa-7c735a2e67a7,2026-07-07T22:30:00Z,2026-07-08T00:30:00+0200,380.35,MW,FR,FR,actual_offshore_wind_generation,Wind Offshore | Actual Aggregated,2026-07-19T23:19:59Z
2026-07-19T23:19:05Z,2026-07-20T01:19:05+0200,028f9a66-b3fa-4fa7-a1aa-7c735a2e67a7,2026-07-07T22:45:00Z,2026-07-08T00:45:00+0200,383.11,MW,FR,FR,actual_offshore_wind_generation,Wind Offshore | Actual Aggregated,2026-07-19T23:19:59Z
2026-07-19T23:19:05Z,2026-07-20T01:19:05+0200,028f9a66-b3fa-4fa7-a1aa-7c735a2e67a7,2026-07-07T23:00:00Z,2026-07-08T01:00:00+0200,402.85,MW,FR,FR,actual_offshore_wind_generation,Wind Offshore | Actual Aggregated,2026-07-19T23:19:59Z
2026-07-19T23:19:05Z,2026-07-20T01:19:05+0200,028f9a66-b3fa-4fa7-a1aa-7c735a2e67a7,2026-07-07T23:15:00Z,2026-07-08T01:15:00+0200,425.91,MW,FR,FR,actual_offshore_wind_generation,Wind Offshore | Actual Aggregated,2026-07-19T23:19:59Z
2026-07-19T23:19:05Z,2026-07-20T01:19:05+0200,028f9a66-b3fa-4fa7-a1aa-7c735a2e67a7,2026-07-07T23:30:00Z,2026-07-08T01:30:00+0200,437.93,MW,FR,FR,actual_offshore_wind_generation,Wind Offshore | Actual Aggregated,2026-07-19T23:19:59Z
2026-07-19T23:19:05Z,2026-07-20T01:19:05+0200,028f9a66-b3fa-4fa7-a1aa-7c735a2e67a7,2026-07-07T23:45:00Z,2026-07-08T01:45:00+0200,440.06,MW,FR,FR,actual_offshore_wind_generation,Wind Offshore | Actual Aggregated,2026-07-19T23:19:59Z
2026-07-19T23:19:05Z,2026-07-20T01:19:05+0200,028f9a66-b3fa-4fa7-a1aa-7c735a2e67a7,2026-07-08T00:00:00Z,2026-07-08T02:00:00+0200,465.99,MW,FR,FR,actual_offshore_wind_generation,Wind Offshore | Actual Aggregated,2026-07-19T23:19:59Z
2026-07-19T23:19:05Z,2026-07-20T01:19:05+0200,028f9a66-b3fa-4fa7-a1aa-7c735a2e67a7,2026-07-08T00:15:00Z,2026-07-08T02:15:00+0200,507.2,MW,FR,FR,actual_offshore_wind_generation,Wind Offshore | Actual Aggregated,2026-07-19T23:19:59Z
2026-07-19T23:19:05Z,2026-07-20T01:19:05+0200,028f9a66-b3fa-4fa7-a1aa-7c735a2e67a7,2026-07-08T00:30:00Z,2026-07-08T02:30:00+0200,537.82,MW,FR,FR,actual_offshore_wind_generation,Wind Offshore | Actual Aggregated,2026-07-19T23:19:59Z
2026-07-19T23:19:05Z,2026-07-20T01:19:05+0200,028f9a66-b3fa-4fa7-a1aa-7c735a2e67a7,2026-07-08T00:45:00Z,2026-07-08T02:45:00+0200,558.71,MW,FR,FR,actual_offshore_wind_generation,Wind Offshore | Actual Aggregated,2026-07-19T23:19:59Z
2026-07-19T23:19:05Z,2026-07-20T01:19:05+0200,028f9a66-b3fa-4fa7-a1aa-7c735a2e67a7,2026-07-08T01:00:00Z,2026-07-08T03:00:00+0200,573.96,MW,FR,FR,actual_offshore_wind_generation,Wind Offshore | Actual Aggregated,2026-07-19T23:19:59Z
2026-07-19T23:19:05Z,2026-07-20T01:19:05+0200,028f9a66-b3fa-4fa7-a1aa-7c735a2e67a7,2026-07-08T01:15:00Z,2026-07-08T03:15:00+0200,590.75,MW,FR,FR,actual_offshore_wind_generation,Wind Offshore | Actual Aggregated,2026-07-19T23:19:59Z
2026-07-19T23:19:05Z,2026-07-20T01:19:05+0200,028f9a66-b3fa-4fa7-a1aa-7c735a2e67a7,2026-07-08T01:30:00Z,2026-07-08T03:30:00+0200,595.96,MW,FR,FR,actual_offshore_wind_generation,Wind Offshore | Actual Aggregated,2026-07-19T23:19:59Z
2026-07-19T23:19:05Z,2026-07-20T01:19:05+0200,028f9a66-b3fa-4fa7-a1aa-7c735a2e67a7,2026-07-08T01:45:00Z,2026-07-08T03:45:00+0200,568.92,MW,FR,FR,actual_offshore_wind_generation,Wind Offshore | Actual Aggregated,2026-07-19T23:19:59Z
2026-07-19T23:19:05Z,2026-07-20T01:19:05+0200,028f9a66-b3fa-4fa7-a1aa-7c735a2e67a7,2026-07-08T02:00:00Z,2026-07-08T04:00:00+0200,577.49,MW,FR,FR,actual_offshore_wind_generation,Wind Offshore | Actual Aggregated,2026-07-19T23:19:59Z
2026-07-19T23:19:05Z,2026-07-20T01:19:05+0200,028f9a66-b3fa-4fa7-a1aa-7c735a2e67a7,2026-07-08T02:15:00Z,2026-07-08T04:15:00+0200,565.7,MW,FR,FR,actual_offshore_wind_generation,Wind Offshore | Actual Aggregated,2026-07-19T23:19:59Z
2026-07-19T23:19:05Z,2026-07-20T01:19:05+0200,028f9a66-b3fa-4fa7-a1aa-7c735a2e67a7,2026-07-08T02:30:00Z,2026-07-08T04:30:00+0200,590.49,MW,FR,FR,actual_offshore_wind_generation,Wind Offshore | Actual Aggregated,2026-07-19T23:19:59Z
2026-07-19T23:19:05Z,2026-07-20T01:19:05+0200,028f9a66-b3fa-4fa7-a1aa-7c735a2e67a7,2026-07-08T02:45:00Z,2026-07-08T04:45:00+0200,632.37,MW,FR,FR,actual_offshore_wind_generation,Wind Offshore | Actual Aggregated,2026-07-19T23:19:59Z
2026-07-19T23:19:05Z,2026-07-20T01:19:05+0200,028f9a66-b3fa-4fa7-a1aa-7c735a2e67a7,2026-07-08T03:00:00Z,2026-07-08T05:00:00+0200,706.56,MW,FR,FR,actual_offshore_wind_generation,Wind Offshore | Actual Aggregated,2026-07-19T23:19:59Z
2026-07-19T23:19:05Z,2026-07-20T01:19:05+0200,028f9a66-b3fa-4fa7-a1aa-7c735a2e67a7,2026-07-08T03:15:00Z,2026-07-08T05:15:00+0200,786.93,MW,FR,FR,actual_offshore_wind_generation,Wind Offshore | Actual Aggregated,2026-07-19T23:19:59Z
2026-07-19T23:19:05Z,2026-07-20T01:19:05+0200,028f9a66-b3fa-4fa7-a1aa-7c735a2e67a7,2026-07-08T03:30:00Z,2026-07-08T05:30:00+0200,836.2,MW,FR,FR,actual_offshore_wind_generation,Wind Offshore | Actual Aggregated,2026-07-19T23:19:59Z
2026-07-19T23:19:05Z,2026-07-20T01:19:05+0200,028f9a66-b3fa-4fa7-a1aa-7c735a2e67a7,2026-07-08T03:45:00Z,2026-07-08T05:45:00+0200,853.27,MW,FR,FR,actual_offshore_wind_generation,Wind Offshore | Actual Aggregated,2026-07-19T23:19:59Z
2026-07-19T23:19:05Z,2026-07-20T01:19:05+0200,028f9a66-b3fa-4fa7-a1aa-7c735a2e67a7,2026-07-08T04:00:00Z,2026-07-08T06:00:00+0200,850.14,MW,FR,FR,actual_offshore_wind_generation,Wind Offshore | Actual Aggregated,2026-07-19T23:19:59Z
2026-07-19T23:19:05Z,2026-07-20T01:19:05+0200,028f9a66-b3fa-4fa7-a1aa-7c735a2e67a7,2026-07-08T04:15:00Z,2026-07-08T06:15:00+0200,812.63,MW,FR,FR,actual_offshore_wind_generation,Wind Offshore | Actual Aggregated,2026-07-19T23:19:59Z
2026-07-19T23:19:05Z,2026-07-20T01:19:05+0200,028f9a66-b3fa-4fa7-a1aa-7c735a2e67a7,2026-07-08T04:30:00Z,2026-07-08T06:30:00+0200,740.25,MW,FR,FR,actual_offshore_wind_generation,Wind Offshore | Actual Aggregated,2026-07-19T23:19:59Z
2026-07-19T23:19:05Z,2026-07-20T01:19:05+0200,028f9a66-b3fa-4fa7-a1aa-7c735a2e67a7,2026-07-08T04:45:00Z,2026-07-08T06:45:00+0200,653.12,MW,FR,FR,actual_offshore_wind_generation,Wind Offshore | Actual Aggregated,2026-07-19T23:19:59Z
2026-07-19T23:19:05Z,2026-07-20T01:19:05+0200,028f9a66-b3fa-4fa7-a1aa-7c735a2e67a7,2026-07-08T05:00:00Z,2026-07-08T07:00:00+0200,523.55,MW,FR,FR,actual_offshore_wind_generation,Wind Offshore | Actual Aggregated,2026-07-19T23:19:59Z
2026-07-19T23:19:05Z,2026-07-20T01:19:05+0200,028f9a66-b3fa-4fa7-a1aa-7c735a2e67a7,2026-07-08T05:15:00Z,2026-07-08T07:15:00+0200,354.95,MW,FR,FR,actual_offshore_wind_generation,Wind Offshore | Actual Aggregated,2026-07-19T23:19:59Z
2026-07-19T23:19:05Z,2026-07-20T01:19:05+0200,028f9a66-b3fa-4fa7-a1aa-7c735a2e67a7,2026-07-08T05:30:00Z,2026-07-08T07:30:00+0200,401.5,MW,FR,FR,actual_offshore_wind_generation,Wind Offshore | Actual Aggregated,2026-07-19T23:19:59Z
2026-07-19T23:19:05Z,2026-07-20T01:19:05+0200,028f9a66-b3fa-4fa7-a1aa-7c735a2e67a7,2026-07-08T05:45:00Z,2026-07-08T07:45:00+0200,375.75,MW,FR,FR,actual_offshore_wind_generation,Wind Offshore | Actual Aggregated,2026-07-19T23:19:59Z
2026-07-19T23:19:05Z,2026-07-20T01:19:05+0200,028f9a66-b3fa-4fa7-a1aa-7c735a2e67a7,2026-07-08T06:00:00Z,2026-07-08T08:00:00+0200,309.22,MW,FR,FR,actual_offshore_wind_generation,Wind Offshore | Actual Aggregated,2026-07-19T23:19:59Z
2026-07-19T23:19:05Z,2026-07-20T01:19:05+0200,028f9a66-b3fa-4fa7-a1aa-7c735a2e67a7,2026-07-08T06:15:00Z,2026-07-08T08:15:00+0200,315.97,MW,FR,FR,actual_offshore_wind_generation,Wind Offshore | Actual Aggregated,2026-07-19T23:19:59Z
2026-07-19T23:19:05Z,2026-07-20T01:19:05+0200,028f9a66-b3fa-4fa7-a1aa-7c735a2e67a7,2026-07-08T06:30:00Z,2026-07-08T08:30:00+0200,283.35,MW,FR,FR,actual_offshore_wind_generation,Wind Offshore | Actual Aggregated,2026-07-19T23:19:59Z
2026-07-19T23:19:05Z,2026-07-20T01:19:05+0200,028f9a66-b3fa-4fa7-a1aa-7c735a2e67a7,2026-07-08T06:45:00Z,2026-07-08T08:45:00+0200,260.68,MW,FR,FR,actual_offshore_wind_generation,Wind Offshore | Actual Aggregated,2026-07-19T23:19:59Z
2026-07-19T23:19:05Z,2026-07-20T01:19:05+0200,028f9a66-b3fa-4fa7-a1aa-7c735a2e67a7,2026-07-08T07:00:00Z,2026-07-08T09:00:00+0200,230.98,MW,FR,FR,actual_offshore_wind_generation,Wind Offshore | Actual Aggregated,2026-07-19T23:19:59Z
2026-07-19T23:19:05Z,2026-07-20T01:19:05+0200,028f9a66-b3fa-4fa7-a1aa-7c735a2e67a7,2026-07-08T07:15:00Z,2026-07-08T09:15:00+0200,212.62,MW,FR,FR,actual_offshore_wind_generation,Wind Offshore | Actual Aggregated,2026-07-19T23:19:59Z
2026-07-19T23:19:05Z,2026-07-20T01:19:05+0200,028f9a66-b3fa-4fa7-a1aa-7c735a2e67a7,2026-07-08T07:30:00Z,2026-07-08T09:30:00+0200,182.2,MW,FR,FR,actual_offshore_wind_generation,Wind Offshore | Actual Aggregated,2026-07-19T23:19:59Z
2026-07-19T23:19:05Z,2026-07-20T01:19:05+0200,028f9a66-b3fa-4fa7-a1aa-7c735a2e67a7,2026-07-08T07:45:00Z,2026-07-08T09:45:00+0200,154.7,MW,FR,FR,actual_offshore_wind_generation,Wind Offshore | Actual Aggregated,2026-07-19T23:19:59Z
2026-07-19T23:19:05Z,2026-07-20T01:19:05+0200,028f9a66-b3fa-4fa7-a1aa-7c735a2e67a7,2026-07-08T08:00:00Z,2026-07-08T10:00:00+0200,138.85,MW,FR,FR,actual_offshore_wind_generation,Wind Offshore | Actual Aggregated,2026-07-19T23:19:59Z
2026-07-19T23:19:05Z,2026-07-20T01:19:05+0200,028f9a66-b3fa-4fa7-a1aa-7c735a2e67a7,2026-07-08T08:15:00Z,2026-07-08T10:15:00+0200,120.95,MW,FR,FR,actual_offshore_wind_generation,Wind Offshore | Actual Aggregated,2026-07-19T23:19:59Z
2026-07-19T23:19:05Z,2026-07-20T01:19:05+0200,028f9a66-b3fa-4fa7-a1aa-7c735a2e67a7,2026-07-08T08:30:00Z,2026-07-08T10:30:00+0200,112.24,MW,FR,FR,actual_offshore_wind_generation,Wind Offshore | Actual Aggregated,2026-07-19T23:19:59Z
2026-07-19T23:19:05Z,2026-07-20T01:19:05+0200,028f9a66-b3fa-4fa7-a1aa-7c735a2e67a7,2026-07-08T08:45:00Z,2026-07-08T10:45:00+0200,101.03,MW,FR,FR,actual_offshore_wind_generation,Wind Offshore | Actual Aggregated,2026-07-19T23:19:59Z
2026-07-19T23:19:05Z,2026-07-20T01:19:05+0200,028f9a66-b3fa-4fa7-a1aa-7c735a2e67a7,2026-07-08T09:00:00Z,2026-07-08T11:00:00+0200,112.26,MW,FR,FR,actual_offshore_wind_generation,Wind Offshore | Actual Aggregated,2026-07-19T23:19:59Z
2026-07-19T23:19:05Z,2026-07-20T01:19:05+0200,028f9a66-b3fa-4fa7-a1aa-7c735a2e67a7,2026-07-08T09:15:00Z,2026-07-08T11:15:00+0200,103.45,MW,FR,FR,actual_offshore_wind_generation,Wind Offshore | Actual Aggregated,2026-07-19T23:19:59Z
2026-07-19T23:19:05Z,2026-07-20T01:19:05+0200,028f9a66-b3fa-4fa7-a1aa-7c735a2e67a7,2026-07-08T09:30:00Z,2026-07-08T11:30:00+0200,81.47,MW,FR,FR,actual_offshore_wind_generation,Wind Offshore | Actual Aggregated,2026-07-19T23:19:59Z
2026-07-19T23:19:05Z,2026-07-20T01:19:05+0200,028f9a66-b3fa-4fa7-a1aa-7c735a2e67a7,2026-07-08T09:45:00Z,2026-07-08T11:45:00+0200,63.07,MW,FR,FR,actual_offshore_wind_generation,Wind Offshore | Actual Aggregated,2026-07-19T23:19:59Z
2026-07-19T23:19:05Z,2026-07-20T01:19:05+0200,028f9a66-b3fa-4fa7-a1aa-7c735a2e67a7,2026-07-08T10:00:00Z,2026-07-08T12:00:00+0200,59.0,MW,FR,FR,actual_offshore_wind_generation,Wind Offshore | Actual Aggregated,2026-07-19T23:19:59Z
2026-07-19T23:19:05Z,2026-07-20T01:19:05+0200,028f9a66-b3fa-4fa7-a1aa-7c735a2e67a7,2026-07-08T10:15:00Z,2026-07-08T12:15:00+0200,63.57,MW,FR,FR,actual_offshore_wind_generation,Wind Offshore | Actual Aggregated,2026-07-19T23:19:59Z
2026-07-19T23:19:05Z,2026-07-20T01:19:05+0200,028f9a66-b3fa-4fa7-a1aa-7c735a2e67a7,2026-07-08T10:30:00Z,2026-07-08T12:30:00+0200,56.29,MW,FR,FR,actual_offshore_wind_generation,Wind Offshore | Actual Aggregated,2026-07-19T23:19:59Z
2026-07-19T23:19:05Z,2026-07-20T01:19:05+0200,028f9a66-b3fa-4fa7-a1aa-7c735a2e67a7,2026-07-08T10:45:00Z,2026-07-08T12:45:00+0200,62.0,MW,FR,FR,actual_offshore_wind_generation,Wind Offshore | Actual Aggregated,2026-07-19T23:19:59Z
2026-07-19T23:19:05Z,2026-07-20T01:19:05+0200,028f9a66-b3fa-4fa7-a1aa-7c735a2e67a7,2026-07-08T11:00:00Z,2026-07-08T13:00:00+0200,49.84,MW,FR,FR,actual_offshore_wind_generation,Wind Offshore | Actual Aggregated,2026-07-19T23:19:59Z
2026-07-19T23:19:05Z,2026-07-20T01:19:05+0200,028f9a66-b3fa-4fa7-a1aa-7c735a2e67a7,2026-07-08T11:15:00Z,2026-07-08T13:15:00+0200,50.03,MW,FR,FR,actual_offshore_wind_generation,Wind Offshore | Actual Aggregated,2026-07-19T23:19:59Z
2026-07-19T23:19:05Z,2026-07-20T01:19:05+0200,028f9a66-b3fa-4fa7-a1aa-7c735a2e67a7,2026-07-08T11:30:00Z,2026-07-08T13:30:00+0200,53.73,MW,FR,FR,actual_offshore_wind_generation,Wind Offshore | Actual Aggregated,2026-07-19T23:19:59Z
2026-07-19T23:19:05Z,2026-07-20T01:19:05+0200,028f9a66-b3fa-4fa7-a1aa-7c735a2e67a7,2026-07-08T11:45:00Z,2026-07-08T13:45:00+0200,48.49,MW,FR,FR,actual_offshore_wind_generation,Wind Offshore | Actual Aggregated,2026-07-19T23:19:59Z
2026-07-19T23:19:05Z,2026-07-20T01:19:05+0200,028f9a66-b3fa-4fa7-a1aa-7c735a2e67a7,2026-07-08T12:00:00Z,2026-07-08T14:00:00+0200,41.31,MW,FR,FR,actual_offshore_wind_generation,Wind Offshore | Actual Aggregated,2026-07-19T23:19:59Z
2026-07-19T23:19:05Z,2026-07-20T01:19:05+0200,028f9a66-b3fa-4fa7-a1aa-7c735a2e67a7,2026-07-08T12:15:00Z,2026-07-08T14:15:00+0200,48.83,MW,FR,FR,actual_offshore_wind_generation,Wind Offshore | Actual Aggregated,2026-07-19T23:19:59Z
2026-07-19T23:19:05Z,2026-07-20T01:19:05+0200,028f9a66-b3fa-4fa7-a1aa-7c735a2e67a7,2026-07-08T12:30:00Z,2026-07-08T14:30:00+0200,54.21,MW,FR,FR,actual_offshore_wind_generation,Wind Offshore | Actual Aggregated,2026-07-19T23:19:59Z
2026-07-19T23:19:05Z,2026-07-20T01:19:05+0200,028f9a66-b3fa-4fa7-a1aa-7c735a2e67a7,2026-07-08T12:45:00Z,2026-07-08T14:45:00+0200,52.19,MW,FR,FR,actual_offshore_wind_generation,Wind Offshore | Actual Aggregated,2026-07-19T23:19:59Z
2026-07-19T23:19:05Z,2026-07-20T01:19:05+0200,028f9a66-b3fa-4fa7-a1aa-7c735a2e67a7,2026-07-08T13:00:00Z,2026-07-08T15:00:00+0200,55.34,MW,FR,FR,actual_offshore_wind_generation,Wind Offshore | Actual Aggregated,2026-07-19T23:19:59Z
2026-07-19T23:19:05Z,2026-07-20T01:19:05+0200,028f9a66-b3fa-4fa7-a1aa-7c735a2e67a7,2026-07-08T13:15:00Z,2026-07-08T15:15:00+0200,49.43,MW,FR,FR,actual_offshore_wind_generation,Wind Offshore | Actual Aggregated,2026-07-19T23:19:59Z
2026-07-19T23:19:05Z,2026-07-20T01:19:05+0200,028f9a66-b3fa-4fa7-a1aa-7c735a2e67a7,2026-07-08T13:30:00Z,2026-07-08T15:30:00+0200,43.94,MW,FR,FR,actual_offshore_wind_generation,Wind Offshore | Actual Aggregated,2026-07-19T23:19:59Z
2026-07-19T23:19:05Z,2026-07-20T01:19:05+0200,028f9a66-b3fa-4fa7-a1aa-7c735a2e67a7,2026-07-08T13:45:00Z,2026-07-08T15:45:00+0200,42.16,MW,FR,FR,actual_offshore_wind_generation,Wind Offshore | Actual Aggregated,2026-07-19T23:19:59Z
2026-07-19T23:19:05Z,2026-07-20T01:19:05+0200,028f9a66-b3fa-4fa7-a1aa-7c735a2e67a7,2026-07-08T14:00:00Z,2026-07-08T16:00:00+0200,44.24,MW,FR,FR,actual_offshore_wind_generation,Wind Offshore | Actual Aggregated,2026-07-19T23:19:59Z
2026-07-19T23:19:05Z,2026-07-20T01:19:05+0200,028f9a66-b3fa-4fa7-a1aa-7c735a2e67a7,2026-07-08T14:15:00Z,2026-07-08T16:15:00+0200,58.75,MW,FR,FR,actual_offshore_wind_generation,Wind Offshore | Actual Aggregated,2026-07-19T23:19:59Z
2026-07-19T23:19:05Z,2026-07-20T01:19:05+0200,028f9a66-b3fa-4fa7-a1aa-7c735a2e67a7,2026-07-08T14:30:00Z,2026-07-08T16:30:00+0200,83.25,MW,FR,FR,actual_offshore_wind_generation,Wind Offshore | Actual Aggregated,2026-07-19T23:19:59Z
2026-07-19T23:19:05Z,2026-07-20T01:19:05+0200,028f9a66-b3fa-4fa7-a1aa-7c735a2e67a7,2026-07-08T14:45:00Z,2026-07-08T16:45:00+0200,107.91,MW,FR,FR,actual_offshore_wind_generation,Wind Offshore | Actual Aggregated,2026-07-19T23:19:59Z
2026-07-19T23:19:05Z,2026-07-20T01:19:05+0200,028f9a66-b3fa-4fa7-a1aa-7c735a2e67a7,2026-07-08T15:00:00Z,2026-07-08T17:00:00+0200,80.66,MW,FR,FR,actual_offshore_wind_generation,Wind Offshore | Actual Aggregated,2026-07-19T23:19:59Z
2026-07-19T23:19:05Z,2026-07-20T01:19:05+0200,028f9a66-b3fa-4fa7-a1aa-7c735a2e67a7,2026-07-08T15:15:00Z,2026-07-08T17:15:00+0200,71.09,MW,FR,FR,actual_offshore_wind_generation,Wind Offshore | Actual Aggregated,2026-07-19T23:19:59Z
2026-07-19T23:19:05Z,2026-07-20T01:19:05+0200,028f9a66-b3fa-4fa7-a1aa-7c735a2e67a7,2026-07-08T15:30:00Z,2026-07-08T17:30:00+0200,74.21,MW,FR,FR,actual_offshore_wind_generation,Wind Offshore | Actual Aggregated,2026-07-19T23:19:59Z
2026-07-19T23:19:05Z,2026-07-20T01:19:05+0200,028f9a66-b3fa-4fa7-a1aa-7c735a2e67a7,2026-07-08T15:45:00Z,2026-07-08T17:45:00+0200,66.95,MW,FR,FR,actual_offshore_wind_generation,Wind Offshore | Actual Aggregated,2026-07-19T23:19:59Z
2026-07-19T23:19:05Z,2026-07-20T01:19:05+0200,028f9a66-b3fa-4fa7-a1aa-7c735a2e67a7,2026-07-08T16:00:00Z,2026-07-08T18:00:00+0200,63.15,MW,FR,FR,actual_offshore_wind_generation,Wind Offshore | Actual Aggregated,2026-07-19T23:19:59Z
2026-07-19T23:19:05Z,2026-07-20T01:19:05+0200,028f9a66-b3fa-4fa7-a1aa-7c735a2e67a7,2026-07-08T16:15:00Z,2026-07-08T18:15:00+0200,63.86,MW,FR,FR,actual_offshore_wind_generation,Wind Offshore | Actual Aggregated,2026-07-19T23:19:59Z
2026-07-19T23:19:05Z,2026-07-20T01:19:05+0200,028f9a66-b3fa-4fa7-a1aa-7c735a2e67a7,2026-07-08T16:30:00Z,2026-07-08T18:30:00+0200,65.03,MW,FR,FR,actual_offshore_wind_generation,Wind Offshore | Actual Aggregated,2026-07-19T23:19:59Z
2026-07-19T23:19:05Z,2026-07-20T01:19:05+0200,028f9a66-b3fa-4fa7-a1aa-7c735a2e67a7,2026-07-08T16:45:00Z,2026-07-08T18:45:00+0200,67.25,MW,FR,FR,actual_offshore_wind_generation,Wind Offshore | Actual Aggregated,2026-07-19T23:19:59Z
2026-07-19T23:19:05Z,2026-07-20T01:19:05+0200,028f9a66-b3fa-4fa7-a1aa-7c735a2e67a7,2026-07-08T17:00:00Z,2026-07-08T19:00:00+0200,70.5,MW,FR,FR,actual_offshore_wind_generation,Wind Offshore | Actual Aggregated,2026-07-19T23:19:59Z
2026-07-19T23:19:05Z,2026-07-20T01:19:05+0200,028f9a66-b3fa-4fa7-a1aa-7c735a2e67a7,2026-07-08T17:15:00Z,2026-07-08T19:15:00+0200,68.48,MW,FR,FR,actual_offshore_wind_generation,Wind Offshore | Actual Aggregated,2026-07-19T23:19:59Z
2026-07-19T23:19:05Z,2026-07-20T01:19:05+0200,028f9a66-b3fa-4fa7-a1aa-7c735a2e67a7,2026-07-08T17:30:00Z,2026-07-08T19:30:00+0200,78.26,MW,FR,FR,actual_offshore_wind_generation,Wind Offshore | Actual Aggregated,2026-07-19T23:19:59Z
2026-07-19T23:19:05Z,2026-07-20T01:19:05+0200,028f9a66-b3fa-4fa7-a1aa-7c735a2e67a7,2026-07-08T17:45:00Z,2026-07-08T19:45:00+0200,99.99,MW,FR,FR,actual_offshore_wind_generation,Wind Offshore | Actual Aggregated,2026-07-19T23:19:59Z
2026-07-19T23:19:05Z,2026-07-20T01:19:05+0200,028f9a66-b3fa-4fa7-a1aa-7c735a2e67a7,2026-07-08T18:00:00Z,2026-07-08T20:00:00+0200,117.96,MW,FR,FR,actual_offshore_wind_generation,Wind Offshore | Actual Aggregated,2026-07-19T23:19:59Z
2026-07-19T23:19:05Z,2026-07-20T01:19:05+0200,028f9a66-b3fa-4fa7-a1aa-7c735a2e67a7,2026-07-08T18:15:00Z,2026-07-08T20:15:00+0200,132.58,MW,FR,FR,actual_offshore_wind_generation,Wind Offshore | Actual Aggregated,2026-07-19T23:19:59Z
2026-07-19T23:19:05Z,2026-07-20T01:19:05+0200,028f9a66-b3fa-4fa7-a1aa-7c735a2e67a7,2026-07-08T18:30:00Z,2026-07-08T20:30:00+0200,108.46,MW,FR,FR,actual_offshore_wind_generation,Wind Offshore | Actual Aggregated,2026-07-19T23:19:59Z
2026-07-19T23:19:05Z,2026-07-20T01:19:05+0200,028f9a66-b3fa-4fa7-a1aa-7c735a2e67a7,2026-07-08T18:45:00Z,2026-07-08T20:45:00+0200,89.67,MW,FR,FR,actual_offshore_wind_generation,Wind Offshore | Actual Aggregated,2026-07-19T23:19:59Z
2026-07-19T23:19:05Z,2026-07-20T01:19:05+0200,028f9a66-b3fa-4fa7-a1aa-7c735a2e67a7,2026-07-08T19:00:00Z,2026-07-08T21:00:00+0200,91.96,MW,FR,FR,actual_offshore_wind_generation,Wind Offshore | Actual Aggregated,2026-07-19T23:19:59Z
2026-07-19T23:19:05Z,2026-07-20T01:19:05+0200,028f9a66-b3fa-4fa7-a1aa-7c735a2e67a7,2026-07-08T19:15:00Z,2026-07-08T21:15:00+0200,80.11,MW,FR,FR,actual_offshore_wind_generation,Wind Offshore | Actual Aggregated,2026-07-19T23:19:59Z
2026-07-19T23:19:05Z,2026-07-20T01:19:05+0200,028f9a66-b3fa-4fa7-a1aa-7c735a2e67a7,2026-07-08T19:30:00Z,2026-07-08T21:30:00+0200,69.85,MW,FR,FR,actual_offshore_wind_generation,Wind Offshore | Actual Aggregated,2026-07-19T23:19:59Z
2026-07-19T23:19:05Z,2026-07-20T01:19:05+0200,028f9a66-b3fa-4fa7-a1aa-7c735a2e67a7,2026-07-08T19:45:00Z,2026-07-08T21:45:00+0200,65.6,MW,FR,FR,actual_offshore_wind_generation,Wind Offshore | Actual Aggregated,2026-07-19T23:19:59Z
2026-07-19T23:19:05Z,2026-07-20T01:19:05+0200,028f9a66-b3fa-4fa7-a1aa-7c735a2e67a7,2026-07-08T20:00:00Z,2026-07-08T22:00:00+0200,63.81,MW,FR,FR,actual_offshore_wind_generation,Wind Offshore | Actual Aggregated,2026-07-19T23:19:59Z
2026-07-19T23:19:05Z,2026-07-20T01:19:05+0200,028f9a66-b3fa-4fa7-a1aa-7c735a2e67a7,2026-07-08T20:15:00Z,2026-07-08T22:15:00+0200,57.84,MW,FR,FR,actual_offshore_wind_generation,Wind Offshore | Actual Aggregated,2026-07-19T23:19:59Z
2026-07-19T23:19:05Z,2026-07-20T01:19:05+0200,028f9a66-b3fa-4fa7-a1aa-7c735a2e67a7,2026-07-08T20:30:00Z,2026-07-08T22:30:00+0200,58.67,MW,FR,FR,actual_offshore_wind_generation,Wind Offshore | Actual Aggregated,2026-07-19T23:19:59Z
2026-07-19T23:19:05Z,2026-07-20T01:19:05+0200,028f9a66-b3fa-4fa7-a1aa-7c735a2e67a7,2026-07-08T20:45:00Z,2026-07-08T22:45:00+0200,53.63,MW,FR,FR,actual_offshore_wind_generation,Wind Offshore | Actual Aggregated,2026-07-19T23:19:59Z
2026-07-19T23:19:05Z,2026-07-20T01:19:05+0200,028f9a66-b3fa-4fa7-a1aa-7c735a2e67a7,2026-07-08T21:00:00Z,2026-07-08T23:00:00+0200,56.91,MW,FR,FR,actual_offshore_wind_generation,Wind Offshore | Actual Aggregated,2026-07-19T23:19:59Z
2026-07-19T23:19:05Z,2026-07-20T01:19:05+0200,028f9a66-b3fa-4fa7-a1aa-7c735a2e67a7,2026-07-08T21:15:00Z,2026-07-08T23:15:00+0200,52.96,MW,FR,FR,actual_offshore_wind_generation,Wind Offshore | Actual Aggregated,2026-07-19T23:19:59Z
2026-07-19T23:19:05Z,2026-07-20T01:19:05+0200,028f9a66-b3fa-4fa7-a1aa-7c735a2e67a7,2026-07-08T21:30:00Z,2026-07-08T23:30:00+0200,62.19,MW,FR,FR,actual_offshore_wind_generation,Wind Offshore | Actual Aggregated,2026-07-19T23:19:59Z
2026-07-19T23:19:05Z,2026-07-20T01:19:05+0200,028f9a66-b3fa-4fa7-a1aa-7c735a2e67a7,2026-07-08T21:45:00Z,2026-07-08T23:45:00+0200,77.18,MW,FR,FR,actual_offshore_wind_generation,Wind Offshore | Actual Aggregated,2026-07-19T23:19:59Z
2026-07-19T23:19:05Z,2026-07-20T01:19:05+0200,028f9a66-b3fa-4fa7-a1aa-7c735a2e67a7,2026-07-08T22:00:00Z,2026-07-09T00:00:00+0200,99.39,MW,FR,FR,actual_offshore_wind_generation,Wind Offshore | Actual Aggregated,2026-07-19T23:19:59Z
2026-07-19T23:19:05Z,2026-07-20T01:19:05+0200,028f9a66-b3fa-4fa7-a1aa-7c735a2e67a7,2026-07-08T22:15:00Z,2026-07-09T00:15:00+0200,141.5,MW,FR,FR,actual_offshore_wind_generation,Wind Offshore | Actual Aggregated,2026-07-19T23:19:59Z
2026-07-19T23:19:05Z,2026-07-20T01:19:05+0200,028f9a66-b3fa-4fa7-a1aa-7c735a2e67a7,2026-07-08T22:30:00Z,2026-07-09T00:30:00+0200,182.85,MW,FR,FR,actual_offshore_wind_generation,Wind Offshore | Actual Aggregated,2026-07-19T23:19:59Z
2026-07-19T23:19:05Z,2026-07-20T01:19:05+0200,028f9a66-b3fa-4fa7-a1aa-7c735a2e67a7,2026-07-08T22:45:00Z,2026-07-09T00:45:00+0200,217.81,MW,FR,FR,actual_offshore_wind_generation,Wind Offshore | Actual Aggregated,2026-07-19T23:19:59Z
2026-07-19T23:19:05Z,2026-07-20T01:19:05+0200,028f9a66-b3fa-4fa7-a1aa-7c735a2e67a7,2026-07-08T23:00:00Z,2026-07-09T01:00:00+0200,260.38,MW,FR,FR,actual_offshore_wind_generation,Wind Offshore | Actual Aggregated,2026-07-19T23:19:59Z
2026-07-19T23:19:05Z,2026-07-20T01:19:05+0200,028f9a66-b3fa-4fa7-a1aa-7c735a2e67a7,2026-07-08T23:15:00Z,2026-07-09T01:15:00+0200,309.01,MW,FR,FR,actual_offshore_wind_generation,Wind Offshore | Actual Aggregated,2026-07-19T23:19:59Z
2026-07-19T23:19:05Z,2026-07-20T01:19:05+0200,028f9a66-b3fa-4fa7-a1aa-7c735a2e67a7,2026-07-08T23:30:00Z,2026-07-09T01:30:00+0200,357.1,MW,FR,FR,actual_offshore_wind_generation,Wind Offshore | Actual Aggregated,2026-07-19T23:19:59Z
2026-07-19T23:19:05Z,2026-07-20T01:19:05+0200,028f9a66-b3fa-4fa7-a1aa-7c735a2e67a7,2026-07-08T23:45:00Z,2026-07-09T01:45:00+0200,373.76,MW,FR,FR,actual_offshore_wind_generation,Wind Offshore | Actual Aggregated,2026-07-19T23:19:59Z
2026-07-19T23:19:05Z,2026-07-20T01:19:05+0200,028f9a66-b3fa-4fa7-a1aa-7c735a2e67a7,2026-07-09T00:00:00Z,2026-07-09T02:00:00+0200,410.95,MW,FR,FR,actual_offshore_wind_generation,Wind Offshore | Actual Aggregated,2026-07-19T23:19:59Z
2026-07-19T23:19:05Z,2026-07-20T01:19:05+0200,028f9a66-b3fa-4fa7-a1aa-7c735a2e67a7,2026-07-09T00:15:00Z,2026-07-09T02:15:00+0200,443.89,MW,FR,FR,actual_offshore_wind_generation,Wind Offshore | Actual Aggregated,2026-07-19T23:19:59Z
2026-07-19T23:19:05Z,2026-07-20T01:19:05+0200,028f9a66-b3fa-4fa7-a1aa-7c735a2e67a7,2026-07-09T00:30:00Z,2026-07-09T02:30:00+0200,443.24,MW,FR,FR,actual_offshore_wind_generation,Wind Offshore | Actual Aggregated,2026-07-19T23:19:59Z
2026-07-19T23:19:05Z,2026-07-20T01:19:05+0200,028f9a66-b3fa-4fa7-a1aa-7c735a2e67a7,2026-07-09T00:45:00Z,2026-07-09T02:45:00+0200,447.1,MW,FR,FR,actual_offshore_wind_generation,Wind Offshore | Actual Aggregated,2026-07-19T23:19:59Z
2026-07-19T23:19:05Z,2026-07-20T01:19:05+0200,028f9a66-b3fa-4fa7-a1aa-7c735a2e67a7,2026-07-09T01:00:00Z,2026-07-09T03:00:00+0200,455.99,MW,FR,FR,actual_offshore_wind_generation,Wind Offshore | Actual Aggregated,2026-07-19T23:19:59Z
2026-07-19T23:19:05Z,2026-07-20T01:19:05+0200,028f9a66-b3fa-4fa7-a1aa-7c735a2e67a7,2026-07-09T01:15:00Z,2026-07-09T03:15:00+0200,452.29,MW,FR,FR,actual_offshore_wind_generation,Wind Offshore | Actual Aggregated,2026-07-19T23:19:59Z
2026-07-19T23:19:05Z,2026-07-20T01:19:05+0200,028f9a66-b3fa-4fa7-a1aa-7c735a2e67a7,2026-07-09T01:30:00Z,2026-07-09T03:30:00+0200,461.89,MW,FR,FR,actual_offshore_wind_generation,Wind Offshore | Actual Aggregated,2026-07-19T23:19:59Z
2026-07-19T23:19:05Z,2026-07-20T01:19:05+0200,028f9a66-b3fa-4fa7-a1aa-7c735a2e67a7,2026-07-09T01:45:00Z,2026-07-09T03:45:00+0200,477.33,MW,FR,FR,actual_offshore_wind_generation,Wind Offshore | Actual Aggregated,2026-07-19T23:19:59Z
2026-07-19T23:19:05Z,2026-07-20T01:19:05+0200,028f9a66-b3fa-4fa7-a1aa-7c735a2e67a7,2026-07-09T02:00:00Z,2026-07-09T04:00:00+0200,475.89,MW,FR,FR,actual_offshore_wind_generation,Wind Offshore | Actual Aggregated,2026-07-19T23:19:59Z
2026-07-19T23:19:05Z,2026-07-20T01:19:05+0200,028f9a66-b3fa-4fa7-a1aa-7c735a2e67a7,2026-07-09T02:15:00Z,2026-07-09T04:15:00+0200,473.98,MW,FR,FR,actual_offshore_wind_generation,Wind Offshore | Actual Aggregated,2026-07-19T23:19:59Z
2026-07-19T23:19:05Z,2026-07-20T01:19:05+0200,028f9a66-b3fa-4fa7-a1aa-7c735a2e67a7,2026-07-09T02:30:00Z,2026-07-09T04:30:00+0200,422.31,MW,FR,FR,actual_offshore_wind_generation,Wind Offshore | Actual Aggregated,2026-07-19T23:19:59Z
2026-07-19T23:19:05Z,2026-07-20T01:19:05+0200,028f9a66-b3fa-4fa7-a1aa-7c735a2e67a7,2026-07-09T02:45:00Z,2026-07-09T04:45:00+0200,398.77,MW,FR,FR,actual_offshore_wind_generation,Wind Offshore | Actual Aggregated,2026-07-19T23:19:59Z
2026-07-19T23:19:05Z,2026-07-20T01:19:05+0200,028f9a66-b3fa-4fa7-a1aa-7c735a2e67a7,2026-07-09T03:00:00Z,2026-07-09T05:00:00+0200,402.03,MW,FR,FR,actual_offshore_wind_generation,Wind Offshore | Actual Aggregated,2026-07-19T23:19:59Z
2026-07-19T23:19:05Z,2026-07-20T01:19:05+0200,028f9a66-b3fa-4fa7-a1aa-7c735a2e67a7,2026-07-09T03:15:00Z,2026-07-09T05:15:00+0200,390.43,MW,FR,FR,actual_offshore_wind_generation,Wind Offshore | Actual Aggregated,2026-07-19T23:19:59Z
2026-07-19T23:19:05Z,2026-07-20T01:19:05+0200,028f9a66-b3fa-4fa7-a1aa-7c735a2e67a7,2026-07-09T03:30:00Z,2026-07-09T05:30:00+0200,383.0,MW,FR,FR,actual_offshore_wind_generation,Wind Offshore | Actual Aggregated,2026-07-19T23:19:59Z
2026-07-19T23:19:05Z,2026-07-20T01:19:05+0200,028f9a66-b3fa-4fa7-a1aa-7c735a2e67a7,2026-07-09T03:45:00Z,2026-07-09T05:45:00+0200,349.8,MW,FR,FR,actual_offshore_wind_generation,Wind Offshore | Actual Aggregated,2026-07-19T23:19:59Z
2026-07-19T23:19:05Z,2026-07-20T01:19:05+0200,028f9a66-b3fa-4fa7-a1aa-7c735a2e67a7,2026-07-09T04:00:00Z,2026-07-09T06:00:00+0200,351.98,MW,FR,FR,actual_offshore_wind_generation,Wind Offshore | Actual Aggregated,2026-07-19T23:19:59Z
2026-07-19T23:19:05Z,2026-07-20T01:19:05+0200,028f9a66-b3fa-4fa7-a1aa-7c735a2e67a7,2026-07-09T04:15:00Z,2026-07-09T06:15:00+0200,349.09,MW,FR,FR,actual_offshore_wind_generation,Wind Offshore | Actual Aggregated,2026-07-19T23:19:59Z
2026-07-19T23:19:05Z,2026-07-20T01:19:05+0200,028f9a66-b3fa-4fa7-a1aa-7c735a2e67a7,2026-07-09T04:30:00Z,2026-07-09T06:30:00+0200,354.34,MW,FR,FR,actual_offshore_wind_generation,Wind Offshore | Actual Aggregated,2026-07-19T23:19:59Z
2026-07-19T23:19:05Z,2026-07-20T01:19:05+0200,028f9a66-b3fa-4fa7-a1aa-7c735a2e67a7,2026-07-09T04:45:00Z,2026-07-09T06:45:00+0200,352.39,MW,FR,FR,actual_offshore_wind_generation,Wind Offshore | Actual Aggregated,2026-07-19T23:19:59Z
2026-07-19T23:19:05Z,2026-07-20T01:19:05+0200,028f9a66-b3fa-4fa7-a1aa-7c735a2e67a7,2026-07-09T05:00:00Z,2026-07-09T07:00:00+0200,335.84,MW,FR,FR,actual_offshore_wind_generation,Wind Offshore | Actual Aggregated,2026-07-19T23:19:59Z
2026-07-19T23:19:05Z,2026-07-20T01:19:05+0200,028f9a66-b3fa-4fa7-a1aa-7c735a2e67a7,2026-07-09T05:15:00Z,2026-07-09T07:15:00+0200,324.48,MW,FR,FR,actual_offshore_wind_generation,Wind Offshore | Actual Aggregated,2026-07-19T23:19:59Z
2026-07-19T23:19:05Z,2026-07-20T01:19:05+0200,028f9a66-b3fa-4fa7-a1aa-7c735a2e67a7,2026-07-09T05:30:00Z,2026-07-09T07:30:00+0200,314.25,MW,FR,FR,actual_offshore_wind_generation,Wind Offshore | Actual Aggregated,2026-07-19T23:19:59Z
2026-07-19T23:19:05Z,2026-07-20T01:19:05+0200,028f9a66-b3fa-4fa7-a1aa-7c735a2e67a7,2026-07-09T05:45:00Z,2026-07-09T07:45:00+0200,292.21,MW,FR,FR,actual_offshore_wind_generation,Wind Offshore | Actual Aggregated,2026-07-19T23:19:59Z
2026-07-19T23:19:05Z,2026-07-20T01:19:05+0200,028f9a66-b3fa-4fa7-a1aa-7c735a2e67a7,2026-07-09T06:00:00Z,2026-07-09T08:00:00+0200,252.45,MW,FR,FR,actual_offshore_wind_generation,Wind Offshore | Actual Aggregated,2026-07-19T23:19:59Z
2026-07-19T23:19:05Z,2026-07-20T01:19:05+0200,028f9a66-b3fa-4fa7-a1aa-7c735a2e67a7,2026-07-09T06:15:00Z,2026-07-09T08:15:00+0200,234.34,MW,FR,FR,actual_offshore_wind_generation,Wind Offshore | Actual Aggregated,2026-07-19T23:19:59Z
2026-07-19T23:19:05Z,2026-07-20T01:19:05+0200,028f9a66-b3fa-4fa7-a1aa-7c735a2e67a7,2026-07-09T06:30:00Z,2026-07-09T08:30:00+0200,211.8,MW,FR,FR,actual_offshore_wind_generation,Wind Offshore | Actual Aggregated,2026-07-19T23:19:59Z
2026-07-19T23:19:05Z,2026-07-20T01:19:05+0200,028f9a66-b3fa-4fa7-a1aa-7c735a2e67a7,2026-07-09T06:45:00Z,2026-07-09T08:45:00+0200,183.03,MW,FR,FR,actual_offshore_wind_generation,Wind Offshore | Actual Aggregated,2026-07-19T23:19:59Z
2026-07-19T23:19:05Z,2026-07-20T01:19:05+0200,028f9a66-b3fa-4fa7-a1aa-7c735a2e67a7,2026-07-09T07:00:00Z,2026-07-09T09:00:00+0200,186.47,MW,FR,FR,actual_offshore_wind_generation,Wind Offshore | Actual Aggregated,2026-07-19T23:19:59Z
2026-07-19T23:19:05Z,2026-07-20T01:19:05+0200,028f9a66-b3fa-4fa7-a1aa-7c735a2e67a7,2026-07-09T07:15:00Z,2026-07-09T09:15:00+0200,173.87,MW,FR,FR,actual_offshore_wind_generation,Wind Offshore | Actual Aggregated,2026-07-19T23:19:59Z
2026-07-19T23:19:05Z,2026-07-20T01:19:05+0200,028f9a66-b3fa-4fa7-a1aa-7c735a2e67a7,2026-07-09T07:30:00Z,2026-07-09T09:30:00+0200,165.98,MW,FR,FR,actual_offshore_wind_generation,Wind Offshore | Actual Aggregated,2026-07-19T23:19:59Z
2026-07-19T23:19:05Z,2026-07-20T01:19:05+0200,028f9a66-b3fa-4fa7-a1aa-7c735a2e67a7,2026-07-09T07:45:00Z,2026-07-09T09:45:00+0200,155.97,MW,FR,FR,actual_offshore_wind_generation,Wind Offshore | Actual Aggregated,2026-07-19T23:19:59Z
2026-07-19T23:19:05Z,2026-07-20T01:19:05+0200,028f9a66-b3fa-4fa7-a1aa-7c735a2e67a7,2026-07-09T08:00:00Z,2026-07-09T10:00:00+0200,121.25,MW,FR,FR,actual_offshore_wind_generation,Wind Offshore | Actual Aggregated,2026-07-19T23:19:59Z
2026-07-19T23:19:05Z,2026-07-20T01:19:05+0200,028f9a66-b3fa-4fa7-a1aa-7c735a2e67a7,2026-07-09T08:15:00Z,2026-07-09T10:15:00+0200,102.71,MW,FR,FR,actual_offshore_wind_generation,Wind Offshore | Actual Aggregated,2026-07-19T23:19:59Z
2026-07-19T23:19:05Z,2026-07-20T01:19:05+0200,028f9a66-b3fa-4fa7-a1aa-7c735a2e67a7,2026-07-09T08:30:00Z,2026-07-09T10:30:00+0200,83.64,MW,FR,FR,actual_offshore_wind_generation,Wind Offshore | Actual Aggregated,2026-07-19T23:19:59Z
2026-07-19T23:19:05Z,2026-07-20T01:19:05+0200,028f9a66-b3fa-4fa7-a1aa-7c735a2e67a7,2026-07-09T08:45:00Z,2026-07-09T10:45:00+0200,79.7,MW,FR,FR,actual_offshore_wind_generation,Wind Offshore | Actual Aggregated,2026-07-19T23:19:59Z
2026-07-19T23:19:05Z,2026-07-20T01:19:05+0200,028f9a66-b3fa-4fa7-a1aa-7c735a2e67a7,2026-07-09T09:00:00Z,2026-07-09T11:00:00+0200,80.6,MW,FR,FR,actual_offshore_wind_generation,Wind Offshore | Actual Aggregated,2026-07-19T23:19:59Z
2026-07-19T23:19:05Z,2026-07-20T01:19:05+0200,028f9a66-b3fa-4fa7-a1aa-7c735a2e67a7,2026-07-09T09:15:00Z,2026-07-09T11:15:00+0200,88.06,MW,FR,FR,actual_offshore_wind_generation,Wind Offshore | Actual Aggregated,2026-07-19T23:19:59Z
2026-07-19T23:19:05Z,2026-07-20T01:19:05+0200,028f9a66-b3fa-4fa7-a1aa-7c735a2e67a7,2026-07-09T09:30:00Z,2026-07-09T11:30:00+0200,95.53,MW,FR,FR,actual_offshore_wind_generation,Wind Offshore | Actual Aggregated,2026-07-19T23:19:59Z
2026-07-19T23:19:05Z,2026-07-20T01:19:05+0200,028f9a66-b3fa-4fa7-a1aa-7c735a2e67a7,2026-07-09T09:45:00Z,2026-07-09T11:45:00+0200,109.46,MW,FR,FR,actual_offshore_wind_generation,Wind Offshore | Actual Aggregated,2026-07-19T23:19:59Z
2026-07-19T23:19:05Z,2026-07-20T01:19:05+0200,028f9a66-b3fa-4fa7-a1aa-7c735a2e67a7,2026-07-09T10:00:00Z,2026-07-09T12:00:00+0200,99.07,MW,FR,FR,actual_offshore_wind_generation,Wind Offshore | Actual Aggregated,2026-07-19T23:19:59Z
2026-07-19T23:19:05Z,2026-07-20T01:19:05+0200,028f9a66-b3fa-4fa7-a1aa-7c735a2e67a7,2026-07-09T10:15:00Z,2026-07-09T12:15:00+0200,106.4,MW,FR,FR,actual_offshore_wind_generation,Wind Offshore | Actual Aggregated,2026-07-19T23:19:59Z
2026-07-19T23:19:05Z,2026-07-20T01:19:05+0200,028f9a66-b3fa-4fa7-a1aa-7c735a2e67a7,2026-07-09T10:30:00Z,2026-07-09T12:30:00+0200,92.55,MW,FR,FR,actual_offshore_wind_generation,Wind Offshore | Actual Aggregated,2026-07-19T23:19:59Z
2026-07-19T23:19:05Z,2026-07-20T01:19:05+0200,028f9a66-b3fa-4fa7-a1aa-7c735a2e67a7,2026-07-09T10:45:00Z,2026-07-09T12:45:00+0200,91.48,MW,FR,FR,actual_offshore_wind_generation,Wind Offshore | Actual Aggregated,2026-07-19T23:19:59Z
2026-07-19T23:19:05Z,2026-07-20T01:19:05+0200,028f9a66-b3fa-4fa7-a1aa-7c735a2e67a7,2026-07-09T11:00:00Z,2026-07-09T13:00:00+0200,88.23,MW,FR,FR,actual_offshore_wind_generation,Wind Offshore | Actual Aggregated,2026-07-19T23:19:59Z
2026-07-19T23:19:05Z,2026-07-20T01:19:05+0200,028f9a66-b3fa-4fa7-a1aa-7c735a2e67a7,2026-07-09T11:15:00Z,2026-07-09T13:15:00+0200,81.17,MW,FR,FR,actual_offshore_wind_generation,Wind Offshore | Actual Aggregated,2026-07-19T23:19:59Z
2026-07-19T23:19:05Z,2026-07-20T01:19:05+0200,028f9a66-b3fa-4fa7-a1aa-7c735a2e67a7,2026-07-09T11:30:00Z,2026-07-09T13:30:00+0200,79.57,MW,FR,FR,actual_offshore_wind_generation,Wind Offshore | Actual Aggregated,2026-07-19T23:19:59Z
2026-07-19T23:19:05Z,2026-07-20T01:19:05+0200,028f9a66-b3fa-4fa7-a1aa-7c735a2e67a7,2026-07-09T11:45:00Z,2026-07-09T13:45:00+0200,81.78,MW,FR,FR,actual_offshore_wind_generation,Wind Offshore | Actual Aggregated,2026-07-19T23:19:59Z
2026-07-19T23:19:05Z,2026-07-20T01:19:05+0200,028f9a66-b3fa-4fa7-a1aa-7c735a2e67a7,2026-07-09T12:00:00Z,2026-07-09T14:00:00+0200,80.11,MW,FR,FR,actual_offshore_wind_generation,Wind Offshore | Actual Aggregated,2026-07-19T23:19:59Z
2026-07-19T23:19:05Z,2026-07-20T01:19:05+0200,028f9a66-b3fa-4fa7-a1aa-7c735a2e67a7,2026-07-09T12:15:00Z,2026-07-09T14:15:00+0200,92.5,MW,FR,FR,actual_offshore_wind_generation,Wind Offshore | Actual Aggregated,2026-07-19T23:19:59Z
2026-07-19T23:19:05Z,2026-07-20T01:19:05+0200,028f9a66-b3fa-4fa7-a1aa-7c735a2e67a7,2026-07-09T12:30:00Z,2026-07-09T14:30:00+0200,92.91,MW,FR,FR,actual_offshore_wind_generation,Wind Offshore | Actual Aggregated,2026-07-19T23:19:59Z
2026-07-19T23:19:05Z,2026-07-20T01:19:05+0200,028f9a66-b3fa-4fa7-a1aa-7c735a2e67a7,2026-07-09T12:45:00Z,2026-07-09T14:45:00+0200,96.75,MW,FR,FR,actual_offshore_wind_generation,Wind Offshore | Actual Aggregated,2026-07-19T23:19:59Z
2026-07-19T23:19:05Z,2026-07-20T01:19:05+0200,028f9a66-b3fa-4fa7-a1aa-7c735a2e67a7,2026-07-09T13:00:00Z,2026-07-09T15:00:00+0200,102.49,MW,FR,FR,actual_offshore_wind_generation,Wind Offshore | Actual Aggregated,2026-07-19T23:19:59Z
2026-07-19T23:19:05Z,2026-07-20T01:19:05+0200,028f9a66-b3fa-4fa7-a1aa-7c735a2e67a7,2026-07-09T13:15:00Z,2026-07-09T15:15:00+0200,105.73,MW,FR,FR,actual_offshore_wind_generation,Wind Offshore | Actual Aggregated,2026-07-19T23:19:59Z
2026-07-19T23:19:05Z,2026-07-20T01:19:05+0200,028f9a66-b3fa-4fa7-a1aa-7c735a2e67a7,2026-07-09T13:30:00Z,2026-07-09T15:30:00+0200,132.71,MW,FR,FR,actual_offshore_wind_generation,Wind Offshore | Actual Aggregated,2026-07-19T23:19:59Z
2026-07-19T23:19:05Z,2026-07-20T01:19:05+0200,028f9a66-b3fa-4fa7-a1aa-7c735a2e67a7,2026-07-09T13:45:00Z,2026-07-09T15:45:00+0200,151.66,MW,FR,FR,actual_offshore_wind_generation,Wind Offshore | Actual Aggregated,2026-07-19T23:19:59Z
2026-07-19T23:19:05Z,2026-07-20T01:19:05+0200,028f9a66-b3fa-4fa7-a1aa-7c735a2e67a7,2026-07-09T14:00:00Z,2026-07-09T16:00:00+0200,162.68,MW,FR,FR,actual_offshore_wind_generation,Wind Offshore | Actual Aggregated,2026-07-19T23:19:59Z
2026-07-19T23:19:05Z,2026-07-20T01:19:05+0200,028f9a66-b3fa-4fa7-a1aa-7c735a2e67a7,2026-07-09T14:15:00Z,2026-07-09T16:15:00+0200,190.23,MW,FR,FR,actual_offshore_wind_generation,Wind Offshore | Actual Aggregated,2026-07-19T23:19:59Z
2026-07-19T23:19:05Z,2026-07-20T01:19:05+0200,028f9a66-b3fa-4fa7-a1aa-7c735a2e67a7,2026-07-09T14:30:00Z,2026-07-09T16:30:00+0200,223.32,MW,FR,FR,actual_offshore_wind_generation,Wind Offshore | Actual Aggregated,2026-07-19T23:19:59Z
2026-07-19T23:19:05Z,2026-07-20T01:19:05+0200,028f9a66-b3fa-4fa7-a1aa-7c735a2e67a7,2026-07-09T14:45:00Z,2026-07-09T16:45:00+0200,244.8,MW,FR,FR,actual_offshore_wind_generation,Wind Offshore | Actual Aggregated,2026-07-19T23:19:59Z
2026-07-19T23:19:05Z,2026-07-20T01:19:05+0200,028f9a66-b3fa-4fa7-a1aa-7c735a2e67a7,2026-07-09T15:00:00Z,2026-07-09T17:00:00+0200,271.33,MW,FR,FR,actual_offshore_wind_generation,Wind Offshore | Actual Aggregated,2026-07-19T23:19:59Z
2026-07-19T23:19:05Z,2026-07-20T01:19:05+0200,028f9a66-b3fa-4fa7-a1aa-7c735a2e67a7,2026-07-09T15:15:00Z,2026-07-09T17:15:00+0200,300.25,MW,FR,FR,actual_offshore_wind_generation,Wind Offshore | Actual Aggregated,2026-07-19T23:19:59Z
2026-07-19T23:19:05Z,2026-07-20T01:19:05+0200,028f9a66-b3fa-4fa7-a1aa-7c735a2e67a7,2026-07-09T15:30:00Z,2026-07-09T17:30:00+0200,323.57,MW,FR,FR,actual_offshore_wind_generation,Wind Offshore | Actual Aggregated,2026-07-19T23:19:59Z
2026-07-19T23:19:05Z,2026-07-20T01:19:05+0200,028f9a66-b3fa-4fa7-a1aa-7c735a2e67a7,2026-07-09T15:45:00Z,2026-07-09T17:45:00+0200,379.25,MW,FR,FR,actual_offshore_wind_generation,Wind Offshore | Actual Aggregated,2026-07-19T23:19:59Z
2026-07-19T23:19:05Z,2026-07-20T01:19:05+0200,028f9a66-b3fa-4fa7-a1aa-7c735a2e67a7,2026-07-09T16:00:00Z,2026-07-09T18:00:00+0200,382.41,MW,FR,FR,actual_offshore_wind_generation,Wind Offshore | Actual Aggregated,2026-07-19T23:19:59Z
2026-07-19T23:19:05Z,2026-07-20T01:19:05+0200,028f9a66-b3fa-4fa7-a1aa-7c735a2e67a7,2026-07-09T16:15:00Z,2026-07-09T18:15:00+0200,373.7,MW,FR,FR,actual_offshore_wind_generation,Wind Offshore | Actual Aggregated,2026-07-19T23:19:59Z
2026-07-19T23:19:05Z,2026-07-20T01:19:05+0200,028f9a66-b3fa-4fa7-a1aa-7c735a2e67a7,2026-07-09T16:30:00Z,2026-07-09T18:30:00+0200,408.09,MW,FR,FR,actual_offshore_wind_generation,Wind Offshore | Actual Aggregated,2026-07-19T23:19:59Z
2026-07-19T23:19:05Z,2026-07-20T01:19:05+0200,028f9a66-b3fa-4fa7-a1aa-7c735a2e67a7,2026-07-09T16:45:00Z,2026-07-09T18:45:00+0200,405.72,MW,FR,FR,actual_offshore_wind_generation,Wind Offshore | Actual Aggregated,2026-07-19T23:19:59Z
2026-07-19T23:19:05Z,2026-07-20T01:19:05+0200,028f9a66-b3fa-4fa7-a1aa-7c735a2e67a7,2026-07-09T17:00:00Z,2026-07-09T19:00:00+0200,425.36,MW,FR,FR,actual_offshore_wind_generation,Wind Offshore | Actual Aggregated,2026-07-19T23:19:59Z
2026-07-19T23:19:05Z,2026-07-20T01:19:05+0200,028f9a66-b3fa-4fa7-a1aa-7c735a2e67a7,2026-07-09T17:15:00Z,2026-07-09T19:15:00+0200,469.71,MW,FR,FR,actual_offshore_wind_generation,Wind Offshore | Actual Aggregated,2026-07-19T23:19:59Z
2026-07-19T23:19:05Z,2026-07-20T01:19:05+0200,028f9a66-b3fa-4fa7-a1aa-7c735a2e67a7,2026-07-09T17:30:00Z,2026-07-09T19:30:00+0200,546.42,MW,FR,FR,actual_offshore_wind_generation,Wind Offshore | Actual Aggregated,2026-07-19T23:19:59Z
2026-07-19T23:19:05Z,2026-07-20T01:19:05+0200,028f9a66-b3fa-4fa7-a1aa-7c735a2e67a7,2026-07-09T17:45:00Z,2026-07-09T19:45:00+0200,569.77,MW,FR,FR,actual_offshore_wind_generation,Wind Offshore | Actual Aggregated,2026-07-19T23:19:59Z
2026-07-19T23:19:05Z,2026-07-20T01:19:05+0200,028f9a66-b3fa-4fa7-a1aa-7c735a2e67a7,2026-07-09T18:00:00Z,2026-07-09T20:00:00+0200,543.71,MW,FR,FR,actual_offshore_wind_generation,Wind Offshore | Actual Aggregated,2026-07-19T23:19:59Z
2026-07-19T23:19:05Z,2026-07-20T01:19:05+0200,028f9a66-b3fa-4fa7-a1aa-7c735a2e67a7,2026-07-09T18:15:00Z,2026-07-09T20:15:00+0200,488.74,MW,FR,FR,actual_offshore_wind_generation,Wind Offshore | Actual Aggregated,2026-07-19T23:19:59Z
2026-07-19T23:19:05Z,2026-07-20T01:19:05+0200,028f9a66-b3fa-4fa7-a1aa-7c735a2e67a7,2026-07-09T18:30:00Z,2026-07-09T20:30:00+0200,597.81,MW,FR,FR,actual_offshore_wind_generation,Wind Offshore | Actual Aggregated,2026-07-19T23:19:59Z
2026-07-19T23:19:05Z,2026-07-20T01:19:05+0200,028f9a66-b3fa-4fa7-a1aa-7c735a2e67a7,2026-07-09T18:45:00Z,2026-07-09T20:45:00+0200,685.78,MW,FR,FR,actual_offshore_wind_generation,Wind Offshore | Actual Aggregated,2026-07-19T23:19:59Z
2026-07-19T23:19:05Z,2026-07-20T01:19:05+0200,028f9a66-b3fa-4fa7-a1aa-7c735a2e67a7,2026-07-09T19:00:00Z,2026-07-09T21:00:00+0200,756.07,MW,FR,FR,actual_offshore_wind_generation,Wind Offshore | Actual Aggregated,2026-07-19T23:19:59Z
2026-07-19T23:19:05Z,2026-07-20T01:19:05+0200,028f9a66-b3fa-4fa7-a1aa-7c735a2e67a7,2026-07-09T19:15:00Z,2026-07-09T21:15:00+0200,867.58,MW,FR,FR,actual_offshore_wind_generation,Wind Offshore | Actual Aggregated,2026-07-19T23:19:59Z
2026-07-19T23:19:05Z,2026-07-20T01:19:05+0200,028f9a66-b3fa-4fa7-a1aa-7c735a2e67a7,2026-07-09T19:30:00Z,2026-07-09T21:30:00+0200,918.36,MW,FR,FR,actual_offshore_wind_generation,Wind Offshore | Actual Aggregated,2026-07-19T23:19:59Z
2026-07-19T23:19:05Z,2026-07-20T01:19:05+0200,028f9a66-b3fa-4fa7-a1aa-7c735a2e67a7,2026-07-09T19:45:00Z,2026-07-09T21:45:00+0200,935.24,MW,FR,FR,actual_offshore_wind_generation,Wind Offshore | Actual Aggregated,2026-07-19T23:19:59Z
2026-07-19T23:19:05Z,2026-07-20T01:19:05+0200,028f9a66-b3fa-4fa7-a1aa-7c735a2e67a7,2026-07-09T20:00:00Z,2026-07-09T22:00:00+0200,878.06,MW,FR,FR,actual_offshore_wind_generation,Wind Offshore | Actual Aggregated,2026-07-19T23:19:59Z
2026-07-19T23:19:05Z,2026-07-20T01:19:05+0200,028f9a66-b3fa-4fa7-a1aa-7c735a2e67a7,2026-07-09T20:15:00Z,2026-07-09T22:15:00+0200,830.1,MW,FR,FR,actual_offshore_wind_generation,Wind Offshore | Actual Aggregated,2026-07-19T23:19:59Z
2026-07-19T23:19:05Z,2026-07-20T01:19:05+0200,028f9a66-b3fa-4fa7-a1aa-7c735a2e67a7,2026-07-09T20:30:00Z,2026-07-09T22:30:00+0200,805.31,MW,FR,FR,actual_offshore_wind_generation,Wind Offshore | Actual Aggregated,2026-07-19T23:19:59Z
2026-07-19T23:19:05Z,2026-07-20T01:19:05+0200,028f9a66-b3fa-4fa7-a1aa-7c735a2e67a7,2026-07-09T20:45:00Z,2026-07-09T22:45:00+0200,782.67,MW,FR,FR,actual_offshore_wind_generation,Wind Offshore | Actual Aggregated,2026-07-19T23:19:59Z
2026-07-19T23:19:05Z,2026-07-20T01:19:05+0200,028f9a66-b3fa-4fa7-a1aa-7c735a2e67a7,2026-07-09T21:00:00Z,2026-07-09T23:00:00+0200,775.63,MW,FR,FR,actual_offshore_wind_generation,Wind Offshore | Actual Aggregated,2026-07-19T23:19:59Z
2026-07-19T23:19:05Z,2026-07-20T01:19:05+0200,028f9a66-b3fa-4fa7-a1aa-7c735a2e67a7,2026-07-09T21:15:00Z,2026-07-09T23:15:00+0200,784.75,MW,FR,FR,actual_offshore_wind_generation,Wind Offshore | Actual Aggregated,2026-07-19T23:19:59Z
2026-07-19T23:19:05Z,2026-07-20T01:19:05+0200,028f9a66-b3fa-4fa7-a1aa-7c735a2e67a7,2026-07-09T21:30:00Z,2026-07-09T23:30:00+0200,780.31,MW,FR,FR,actual_offshore_wind_generation,Wind Offshore | Actual Aggregated,2026-07-19T23:19:59Z
2026-07-19T23:19:05Z,2026-07-20T01:19:05+0200,028f9a66-b3fa-4fa7-a1aa-7c735a2e67a7,2026-07-09T21:45:00Z,2026-07-09T23:45:00+0200,848.94,MW,FR,FR,actual_offshore_wind_generation,Wind Offshore | Actual Aggregated,2026-07-19T23:19:59Z
2026-07-19T23:19:05Z,2026-07-20T01:19:05+0200,028f9a66-b3fa-4fa7-a1aa-7c735a2e67a7,2026-07-09T22:00:00Z,2026-07-10T00:00:00+0200,917.59,MW,FR,FR,actual_offshore_wind_generation,Wind Offshore | Actual Aggregated,2026-07-19T23:19:59Z
2026-07-19T23:19:05Z,2026-07-20T01:19:05+0200,028f9a66-b3fa-4fa7-a1aa-7c735a2e67a7,2026-07-09T22:15:00Z,2026-07-10T00:15:00+0200,980.34,MW,FR,FR,actual_offshore_wind_generation,Wind Offshore | Actual Aggregated,2026-07-19T23:19:59Z
2026-07-19T23:19:05Z,2026-07-20T01:19:05+0200,028f9a66-b3fa-4fa7-a1aa-7c735a2e67a7,2026-07-09T22:30:00Z,2026-07-10T00:30:00+0200,1018.47,MW,FR,FR,actual_offshore_wind_generation,Wind Offshore | Actual Aggregated,2026-07-19T23:19:59Z
2026-07-19T23:19:05Z,2026-07-20T01:19:05+0200,028f9a66-b3fa-4fa7-a1aa-7c735a2e67a7,2026-07-09T22:45:00Z,2026-07-10T00:45:00+0200,1001.52,MW,FR,FR,actual_offshore_wind_generation,Wind Offshore | Actual Aggregated,2026-07-19T23:19:59Z
2026-07-19T23:19:05Z,2026-07-20T01:19:05+0200,028f9a66-b3fa-4fa7-a1aa-7c735a2e67a7,2026-07-09T23:00:00Z,2026-07-10T01:00:00+0200,1063.53,MW,FR,FR,actual_offshore_wind_generation,Wind Offshore | Actual Aggregated,2026-07-19T23:19:59Z
2026-07-19T23:19:05Z,2026-07-20T01:19:05+0200,028f9a66-b3fa-4fa7-a1aa-7c735a2e67a7,2026-07-09T23:15:00Z,2026-07-10T01:15:00+0200,1045.02,MW,FR,FR,actual_offshore_wind_generation,Wind Offshore | Actual Aggregated,2026-07-19T23:19:59Z
2026-07-19T23:19:05Z,2026-07-20T01:19:05+0200,028f9a66-b3fa-4fa7-a1aa-7c735a2e67a7,2026-07-09T23:30:00Z,2026-07-10T01:30:00+0200,898.23,MW,FR,FR,actual_offshore_wind_generation,Wind Offshore | Actual Aggregated,2026-07-19T23:19:59Z
2026-07-19T23:19:05Z,2026-07-20T01:19:05+0200,028f9a66-b3fa-4fa7-a1aa-7c735a2e67a7,2026-07-09T23:45:00Z,2026-07-10T01:45:00+0200,787.35,MW,FR,FR,actual_offshore_wind_generation,Wind Offshore | Actual Aggregated,2026-07-19T23:19:59Z
2026-07-19T23:19:05Z,2026-07-20T01:19:05+0200,028f9a66-b3fa-4fa7-a1aa-7c735a2e67a7,2026-07-10T00:00:00Z,2026-07-10T02:00:00+0200,703.84,MW,FR,FR,actual_offshore_wind_generation,Wind Offshore | Actual Aggregated,2026-07-19T23:19:59Z
2026-07-19T23:19:05Z,2026-07-20T01:19:05+0200,028f9a66-b3fa-4fa7-a1aa-7c735a2e67a7,2026-07-10T00:15:00Z,2026-07-10T02:15:00+0200,656.95,MW,FR,FR,actual_offshore_wind_generation,Wind Offshore | Actual Aggregated,2026-07-19T23:19:59Z
2026-07-19T23:19:05Z,2026-07-20T01:19:05+0200,028f9a66-b3fa-4fa7-a1aa-7c735a2e67a7,2026-07-10T00:30:00Z,2026-07-10T02:30:00+0200,621.74,MW,FR,FR,actual_offshore_wind_generation,Wind Offshore | Actual Aggregated,2026-07-19T23:19:59Z
2026-07-19T23:19:05Z,2026-07-20T01:19:05+0200,028f9a66-b3fa-4fa7-a1aa-7c735a2e67a7,2026-07-10T00:45:00Z,2026-07-10T02:45:00+0200,593.55,MW,FR,FR,actual_offshore_wind_generation,Wind Offshore | Actual Aggregated,2026-07-19T23:19:59Z
2026-07-19T23:19:05Z,2026-07-20T01:19:05+0200,028f9a66-b3fa-4fa7-a1aa-7c735a2e67a7,2026-07-10T01:00:00Z,2026-07-10T03:00:00+0200,611.33,MW,FR,FR,actual_offshore_wind_generation,Wind Offshore | Actual Aggregated,2026-07-19T23:19:59Z
2026-07-19T23:19:05Z,2026-07-20T01:19:05+0200,028f9a66-b3fa-4fa7-a1aa-7c735a2e67a7,2026-07-10T01:15:00Z,2026-07-10T03:15:00+0200,629.07,MW,FR,FR,actual_offshore_wind_generation,Wind Offshore | Actual Aggregated,2026-07-19T23:19:59Z
2026-07-19T23:19:05Z,2026-07-20T01:19:05+0200,028f9a66-b3fa-4fa7-a1aa-7c735a2e67a7,2026-07-10T01:30:00Z,2026-07-10T03:30:00+0200,641.75,MW,FR,FR,actual_offshore_wind_generation,Wind Offshore | Actual Aggregated,2026-07-19T23:19:59Z
2026-07-19T23:19:05Z,2026-07-20T01:19:05+0200,028f9a66-b3fa-4fa7-a1aa-7c735a2e67a7,2026-07-10T01:45:00Z,2026-07-10T03:45:00+0200,660.6,MW,FR,FR,actual_offshore_wind_generation,Wind Offshore | Actual Aggregated,2026-07-19T23:19:59Z
2026-07-19T23:19:05Z,2026-07-20T01:19:05+0200,028f9a66-b3fa-4fa7-a1aa-7c735a2e67a7,2026-07-10T02:00:00Z,2026-07-10T04:00:00+0200,688.16,MW,FR,FR,actual_offshore_wind_generation,Wind Offshore | Actual Aggregated,2026-07-19T23:19:59Z
2026-07-19T23:19:05Z,2026-07-20T01:19:05+0200,028f9a66-b3fa-4fa7-a1aa-7c735a2e67a7,2026-07-10T02:15:00Z,2026-07-10T04:15:00+0200,706.22,MW,FR,FR,actual_offshore_wind_generation,Wind Offshore | Actual Aggregated,2026-07-19T23:19:59Z
2026-07-19T23:19:05Z,2026-07-20T01:19:05+0200,028f9a66-b3fa-4fa7-a1aa-7c735a2e67a7,2026-07-10T02:30:00Z,2026-07-10T04:30:00+0200,700.68,MW,FR,FR,actual_offshore_wind_generation,Wind Offshore | Actual Aggregated,2026-07-19T23:19:59Z
2026-07-19T23:19:05Z,2026-07-20T01:19:05+0200,028f9a66-b3fa-4fa7-a1aa-7c735a2e67a7,2026-07-10T02:45:00Z,2026-07-10T04:45:00+0200,693.48,MW,FR,FR,actual_offshore_wind_generation,Wind Offshore | Actual Aggregated,2026-07-19T23:19:59Z
2026-07-19T23:19:05Z,2026-07-20T01:19:05+0200,028f9a66-b3fa-4fa7-a1aa-7c735a2e67a7,2026-07-10T03:00:00Z,2026-07-10T05:00:00+0200,723.36,MW,FR,FR,actual_offshore_wind_generation,Wind Offshore | Actual Aggregated,2026-07-19T23:19:59Z
2026-07-19T23:19:05Z,2026-07-20T01:19:05+0200,028f9a66-b3fa-4fa7-a1aa-7c735a2e67a7,2026-07-10T03:15:00Z,2026-07-10T05:15:00+0200,706.81,MW,FR,FR,actual_offshore_wind_generation,Wind Offshore | Actual Aggregated,2026-07-19T23:19:59Z
2026-07-19T23:19:05Z,2026-07-20T01:19:05+0200,028f9a66-b3fa-4fa7-a1aa-7c735a2e67a7,2026-07-10T03:30:00Z,2026-07-10T05:30:00+0200,713.15,MW,FR,FR,actual_offshore_wind_generation,Wind Offshore | Actual Aggregated,2026-07-19T23:19:59Z
2026-07-19T23:19:05Z,2026-07-20T01:19:05+0200,028f9a66-b3fa-4fa7-a1aa-7c735a2e67a7,2026-07-10T03:45:00Z,2026-07-10T05:45:00+0200,716.59,MW,FR,FR,actual_offshore_wind_generation,Wind Offshore | Actual Aggregated,2026-07-19T23:19:59Z
2026-07-19T23:19:05Z,2026-07-20T01:19:05+0200,028f9a66-b3fa-4fa7-a1aa-7c735a2e67a7,2026-07-10T04:00:00Z,2026-07-10T06:00:00+0200,719.06,MW,FR,FR,actual_offshore_wind_generation,Wind Offshore | Actual Aggregated,2026-07-19T23:19:59Z
2026-07-19T23:19:05Z,2026-07-20T01:19:05+0200,028f9a66-b3fa-4fa7-a1aa-7c735a2e67a7,2026-07-10T04:15:00Z,2026-07-10T06:15:00+0200,712.72,MW,FR,FR,actual_offshore_wind_generation,Wind Offshore | Actual Aggregated,2026-07-19T23:19:59Z
2026-07-19T23:19:05Z,2026-07-20T01:19:05+0200,028f9a66-b3fa-4fa7-a1aa-7c735a2e67a7,2026-07-10T04:30:00Z,2026-07-10T06:30:00+0200,707.92,MW,FR,FR,actual_offshore_wind_generation,Wind Offshore | Actual Aggregated,2026-07-19T23:19:59Z
2026-07-19T23:19:05Z,2026-07-20T01:19:05+0200,028f9a66-b3fa-4fa7-a1aa-7c735a2e67a7,2026-07-10T04:45:00Z,2026-07-10T06:45:00+0200,711.33,MW,FR,FR,actual_offshore_wind_generation,Wind Offshore | Actual Aggregated,2026-07-19T23:19:59Z
2026-07-19T23:19:05Z,2026-07-20T01:19:05+0200,028f9a66-b3fa-4fa7-a1aa-7c735a2e67a7,2026-07-10T05:00:00Z,2026-07-10T07:00:00+0200,685.0,MW,FR,FR,actual_offshore_wind_generation,Wind Offshore | Actual Aggregated,2026-07-19T23:19:59Z
2026-07-19T23:19:05Z,2026-07-20T01:19:05+0200,028f9a66-b3fa-4fa7-a1aa-7c735a2e67a7,2026-07-10T05:15:00Z,2026-07-10T07:15:00+0200,664.33,MW,FR,FR,actual_offshore_wind_generation,Wind Offshore | Actual Aggregated,2026-07-19T23:19:59Z
2026-07-19T23:19:05Z,2026-07-20T01:19:05+0200,028f9a66-b3fa-4fa7-a1aa-7c735a2e67a7,2026-07-10T05:30:00Z,2026-07-10T07:30:00+0200,631.3,MW,FR,FR,actual_offshore_wind_generation,Wind Offshore | Actual Aggregated,2026-07-19T23:19:59Z
2026-07-19T23:19:05Z,2026-07-20T01:19:05+0200,028f9a66-b3fa-4fa7-a1aa-7c735a2e67a7,2026-07-10T05:45:00Z,2026-07-10T07:45:00+0200,594.16,MW,FR,FR,actual_offshore_wind_generation,Wind Offshore | Actual Aggregated,2026-07-19T23:19:59Z
2026-07-19T23:19:05Z,2026-07-20T01:19:05+0200,028f9a66-b3fa-4fa7-a1aa-7c735a2e67a7,2026-07-10T06:00:00Z,2026-07-10T08:00:00+0200,558.28,MW,FR,FR,actual_offshore_wind_generation,Wind Offshore | Actual Aggregated,2026-07-19T23:19:59Z
2026-07-19T23:19:05Z,2026-07-20T01:19:05+0200,028f9a66-b3fa-4fa7-a1aa-7c735a2e67a7,2026-07-10T06:15:00Z,2026-07-10T08:15:00+0200,539.71,MW,FR,FR,actual_offshore_wind_generation,Wind Offshore | Actual Aggregated,2026-07-19T23:19:59Z
2026-07-19T23:19:05Z,2026-07-20T01:19:05+0200,028f9a66-b3fa-4fa7-a1aa-7c735a2e67a7,2026-07-10T06:30:00Z,2026-07-10T08:30:00+0200,520.71,MW,FR,FR,actual_offshore_wind_generation,Wind Offshore | Actual Aggregated,2026-07-19T23:19:59Z
2026-07-19T23:19:05Z,2026-07-20T01:19:05+0200,028f9a66-b3fa-4fa7-a1aa-7c735a2e67a7,2026-07-10T06:45:00Z,2026-07-10T08:45:00+0200,528.27,MW,FR,FR,actual_offshore_wind_generation,Wind Offshore | Actual Aggregated,2026-07-19T23:19:59Z
2026-07-19T23:19:05Z,2026-07-20T01:19:05+0200,028f9a66-b3fa-4fa7-a1aa-7c735a2e67a7,2026-07-10T07:00:00Z,2026-07-10T09:00:00+0200,517.77,MW,FR,FR,actual_offshore_wind_generation,Wind Offshore | Actual Aggregated,2026-07-19T23:19:59Z
2026-07-19T23:19:05Z,2026-07-20T01:19:05+0200,028f9a66-b3fa-4fa7-a1aa-7c735a2e67a7,2026-07-10T07:15:00Z,2026-07-10T09:15:00+0200,484.08,MW,FR,FR,actual_offshore_wind_generation,Wind Offshore | Actual Aggregated,2026-07-19T23:19:59Z
2026-07-19T23:19:05Z,2026-07-20T01:19:05+0200,028f9a66-b3fa-4fa7-a1aa-7c735a2e67a7,2026-07-10T07:30:00Z,2026-07-10T09:30:00+0200,480.2,MW,FR,FR,actual_offshore_wind_generation,Wind Offshore | Actual Aggregated,2026-07-19T23:19:59Z
2026-07-19T23:19:05Z,2026-07-20T01:19:05+0200,028f9a66-b3fa-4fa7-a1aa-7c735a2e67a7,2026-07-10T07:45:00Z,2026-07-10T09:45:00+0200,502.51,MW,FR,FR,actual_offshore_wind_generation,Wind Offshore | Actual Aggregated,2026-07-19T23:19:59Z
2026-07-19T23:19:05Z,2026-07-20T01:19:05+0200,028f9a66-b3fa-4fa7-a1aa-7c735a2e67a7,2026-07-10T08:00:00Z,2026-07-10T10:00:00+0200,469.69,MW,FR,FR,actual_offshore_wind_generation,Wind Offshore | Actual Aggregated,2026-07-19T23:19:59Z
2026-07-19T23:19:05Z,2026-07-20T01:19:05+0200,028f9a66-b3fa-4fa7-a1aa-7c735a2e67a7,2026-07-10T08:15:00Z,2026-07-10T10:15:00+0200,446.78,MW,FR,FR,actual_offshore_wind_generation,Wind Offshore | Actual Aggregated,2026-07-19T23:19:59Z
2026-07-19T23:19:05Z,2026-07-20T01:19:05+0200,028f9a66-b3fa-4fa7-a1aa-7c735a2e67a7,2026-07-10T08:30:00Z,2026-07-10T10:30:00+0200,454.43,MW,FR,FR,actual_offshore_wind_generation,Wind Offshore | Actual Aggregated,2026-07-19T23:19:59Z
2026-07-19T23:19:05Z,2026-07-20T01:19:05+0200,028f9a66-b3fa-4fa7-a1aa-7c735a2e67a7,2026-07-10T08:45:00Z,2026-07-10T10:45:00+0200,463.92,MW,FR,FR,actual_offshore_wind_generation,Wind Offshore | Actual Aggregated,2026-07-19T23:19:59Z
2026-07-19T23:19:05Z,2026-07-20T01:19:05+0200,028f9a66-b3fa-4fa7-a1aa-7c735a2e67a7,2026-07-10T09:00:00Z,2026-07-10T11:00:00+0200,502.92,MW,FR,FR,actual_offshore_wind_generation,Wind Offshore | Actual Aggregated,2026-07-19T23:19:59Z
2026-07-19T23:19:05Z,2026-07-20T01:19:05+0200,028f9a66-b3fa-4fa7-a1aa-7c735a2e67a7,2026-07-10T09:15:00Z,2026-07-10T11:15:00+0200,553.21,MW,FR,FR,actual_offshore_wind_generation,Wind Offshore | Actual Aggregated,2026-07-19T23:19:59Z
2026-07-19T23:19:05Z,2026-07-20T01:19:05+0200,028f9a66-b3fa-4fa7-a1aa-7c735a2e67a7,2026-07-10T09:30:00Z,2026-07-10T11:30:00+0200,582.08,MW,FR,FR,actual_offshore_wind_generation,Wind Offshore | Actual Aggregated,2026-07-19T23:19:59Z
2026-07-19T23:19:05Z,2026-07-20T01:19:05+0200,028f9a66-b3fa-4fa7-a1aa-7c735a2e67a7,2026-07-10T09:45:00Z,2026-07-10T11:45:00+0200,606.19,MW,FR,FR,actual_offshore_wind_generation,Wind Offshore | Actual Aggregated,2026-07-19T23:19:59Z
2026-07-19T23:19:05Z,2026-07-20T01:19:05+0200,028f9a66-b3fa-4fa7-a1aa-7c735a2e67a7,2026-07-10T10:00:00Z,2026-07-10T12:00:00+0200,651.95,MW,FR,FR,actual_offshore_wind_generation,Wind Offshore | Actual Aggregated,2026-07-19T23:19:59Z
2026-07-19T23:19:05Z,2026-07-20T01:19:05+0200,028f9a66-b3fa-4fa7-a1aa-7c735a2e67a7,2026-07-10T10:15:00Z,2026-07-10T12:15:00+0200,692.82,MW,FR,FR,actual_offshore_wind_generation,Wind Offshore | Actual Aggregated,2026-07-19T23:19:59Z
2026-07-19T23:19:05Z,2026-07-20T01:19:05+0200,028f9a66-b3fa-4fa7-a1aa-7c735a2e67a7,2026-07-10T10:30:00Z,2026-07-10T12:30:00+0200,729.67,MW,FR,FR,actual_offshore_wind_generation,Wind Offshore | Actual Aggregated,2026-07-19T23:19:59Z
2026-07-19T23:19:05Z,2026-07-20T01:19:05+0200,028f9a66-b3fa-4fa7-a1aa-7c735a2e67a7,2026-07-10T10:45:00Z,2026-07-10T12:45:00+0200,743.96,MW,FR,FR,actual_offshore_wind_generation,Wind Offshore | Actual Aggregated,2026-07-19T23:19:59Z
2026-07-19T23:19:05Z,2026-07-20T01:19:05+0200,028f9a66-b3fa-4fa7-a1aa-7c735a2e67a7,2026-07-10T11:00:00Z,2026-07-10T13:00:00+0200,723.34,MW,FR,FR,actual_offshore_wind_generation,Wind Offshore | Actual Aggregated,2026-07-19T23:19:59Z
2026-07-19T23:19:05Z,2026-07-20T01:19:05+0200,028f9a66-b3fa-4fa7-a1aa-7c735a2e67a7,2026-07-10T11:15:00Z,2026-07-10T13:15:00+0200,698.36,MW,FR,FR,actual_offshore_wind_generation,Wind Offshore | Actual Aggregated,2026-07-19T23:19:59Z
2026-07-19T23:19:05Z,2026-07-20T01:19:05+0200,028f9a66-b3fa-4fa7-a1aa-7c735a2e67a7,2026-07-10T11:30:00Z,2026-07-10T13:30:00+0200,698.85,MW,FR,FR,actual_offshore_wind_generation,Wind Offshore | Actual Aggregated,2026-07-19T23:19:59Z
2026-07-19T23:19:05Z,2026-07-20T01:19:05+0200,028f9a66-b3fa-4fa7-a1aa-7c735a2e67a7,2026-07-10T11:45:00Z,2026-07-10T13:45:00+0200,679.71,MW,FR,FR,actual_offshore_wind_generation,Wind Offshore | Actual Aggregated,2026-07-19T23:19:59Z
2026-07-19T23:19:05Z,2026-07-20T01:19:05+0200,028f9a66-b3fa-4fa7-a1aa-7c735a2e67a7,2026-07-10T12:00:00Z,2026-07-10T14:00:00+0200,671.76,MW,FR,FR,actual_offshore_wind_generation,Wind Offshore | Actual Aggregated,2026-07-19T23:19:59Z
2026-07-19T23:19:05Z,2026-07-20T01:19:05+0200,028f9a66-b3fa-4fa7-a1aa-7c735a2e67a7,2026-07-10T12:15:00Z,2026-07-10T14:15:00+0200,665.61,MW,FR,FR,actual_offshore_wind_generation,Wind Offshore | Actual Aggregated,2026-07-19T23:19:59Z
2026-07-19T23:19:05Z,2026-07-20T01:19:05+0200,028f9a66-b3fa-4fa7-a1aa-7c735a2e67a7,2026-07-10T12:30:00Z,2026-07-10T14:30:00+0200,677.35,MW,FR,FR,actual_offshore_wind_generation,Wind Offshore | Actual Aggregated,2026-07-19T23:19:59Z
2026-07-19T23:19:05Z,2026-07-20T01:19:05+0200,028f9a66-b3fa-4fa7-a1aa-7c735a2e67a7,2026-07-10T12:45:00Z,2026-07-10T14:45:00+0200,712.44,MW,FR,FR,actual_offshore_wind_generation,Wind Offshore | Actual Aggregated,2026-07-19T23:19:59Z
2026-07-19T23:19:05Z,2026-07-20T01:19:05+0200,028f9a66-b3fa-4fa7-a1aa-7c735a2e67a7,2026-07-10T13:00:00Z,2026-07-10T15:00:00+0200,729.5,MW,FR,FR,actual_offshore_wind_generation,Wind Offshore | Actual Aggregated,2026-07-19T23:19:59Z
2026-07-19T23:19:05Z,2026-07-20T01:19:05+0200,028f9a66-b3fa-4fa7-a1aa-7c735a2e67a7,2026-07-10T13:15:00Z,2026-07-10T15:15:00+0200,730.9,MW,FR,FR,actual_offshore_wind_generation,Wind Offshore | Actual Aggregated,2026-07-19T23:19:59Z
2026-07-19T23:19:05Z,2026-07-20T01:19:05+0200,028f9a66-b3fa-4fa7-a1aa-7c735a2e67a7,2026-07-10T13:30:00Z,2026-07-10T15:30:00+0200,744.89,MW,FR,FR,actual_offshore_wind_generation,Wind Offshore | Actual Aggregated,2026-07-19T23:19:59Z
2026-07-19T23:19:05Z,2026-07-20T01:19:05+0200,028f9a66-b3fa-4fa7-a1aa-7c735a2e67a7,2026-07-10T13:45:00Z,2026-07-10T15:45:00+0200,744.0,MW,FR,FR,actual_offshore_wind_generation,Wind Offshore | Actual Aggregated,2026-07-19T23:19:59Z
2026-07-19T23:19:05Z,2026-07-20T01:19:05+0200,028f9a66-b3fa-4fa7-a1aa-7c735a2e67a7,2026-07-10T14:00:00Z,2026-07-10T16:00:00+0200,732.03,MW,FR,FR,actual_offshore_wind_generation,Wind Offshore | Actual Aggregated,2026-07-19T23:19:59Z
2026-07-19T23:19:05Z,2026-07-20T01:19:05+0200,028f9a66-b3fa-4fa7-a1aa-7c735a2e67a7,2026-07-10T14:15:00Z,2026-07-10T16:15:00+0200,711.16,MW,FR,FR,actual_offshore_wind_generation,Wind Offshore | Actual Aggregated,2026-07-19T23:19:59Z
2026-07-19T23:19:05Z,2026-07-20T01:19:05+0200,028f9a66-b3fa-4fa7-a1aa-7c735a2e67a7,2026-07-10T14:30:00Z,2026-07-10T16:30:00+0200,705.13,MW,FR,FR,actual_offshore_wind_generation,Wind Offshore | Actual Aggregated,2026-07-19T23:19:59Z
2026-07-19T23:19:05Z,2026-07-20T01:19:05+0200,028f9a66-b3fa-4fa7-a1aa-7c735a2e67a7,2026-07-10T14:45:00Z,2026-07-10T16:45:00+0200,715.54,MW,FR,FR,actual_offshore_wind_generation,Wind Offshore | Actual Aggregated,2026-07-19T23:19:59Z
2026-07-19T23:19:05Z,2026-07-20T01:19:05+0200,028f9a66-b3fa-4fa7-a1aa-7c735a2e67a7,2026-07-10T15:00:00Z,2026-07-10T17:00:00+0200,728.13,MW,FR,FR,actual_offshore_wind_generation,Wind Offshore | Actual Aggregated,2026-07-19T23:19:59Z
2026-07-19T23:19:05Z,2026-07-20T01:19:05+0200,028f9a66-b3fa-4fa7-a1aa-7c735a2e67a7,2026-07-10T15:15:00Z,2026-07-10T17:15:00+0200,732.35,MW,FR,FR,actual_offshore_wind_generation,Wind Offshore | Actual Aggregated,2026-07-19T23:19:59Z
2026-07-19T23:19:05Z,2026-07-20T01:19:05+0200,028f9a66-b3fa-4fa7-a1aa-7c735a2e67a7,2026-07-10T15:30:00Z,2026-07-10T17:30:00+0200,753.91,MW,FR,FR,actual_offshore_wind_generation,Wind Offshore | Actual Aggregated,2026-07-19T23:19:59Z
2026-07-19T23:19:05Z,2026-07-20T01:19:05+0200,028f9a66-b3fa-4fa7-a1aa-7c735a2e67a7,2026-07-10T15:45:00Z,2026-07-10T17:45:00+0200,772.64,MW,FR,FR,actual_offshore_wind_generation,Wind Offshore | Actual Aggregated,2026-07-19T23:19:59Z
2026-07-19T23:19:05Z,2026-07-20T01:19:05+0200,028f9a66-b3fa-4fa7-a1aa-7c735a2e67a7,2026-07-10T16:00:00Z,2026-07-10T18:00:00+0200,784.72,MW,FR,FR,actual_offshore_wind_generation,Wind Offshore | Actual Aggregated,2026-07-19T23:19:59Z
2026-07-19T23:19:05Z,2026-07-20T01:19:05+0200,028f9a66-b3fa-4fa7-a1aa-7c735a2e67a7,2026-07-10T16:15:00Z,2026-07-10T18:15:00+0200,801.05,MW,FR,FR,actual_offshore_wind_generation,Wind Offshore | Actual Aggregated,2026-07-19T23:19:59Z
2026-07-19T23:19:05Z,2026-07-20T01:19:05+0200,028f9a66-b3fa-4fa7-a1aa-7c735a2e67a7,2026-07-10T16:30:00Z,2026-07-10T18:30:00+0200,814.35,MW,FR,FR,actual_offshore_wind_generation,Wind Offshore | Actual Aggregated,2026-07-19T23:19:59Z
2026-07-19T23:19:05Z,2026-07-20T01:19:05+0200,028f9a66-b3fa-4fa7-a1aa-7c735a2e67a7,2026-07-10T16:45:00Z,2026-07-10T18:45:00+0200,821.89,MW,FR,FR,actual_offshore_wind_generation,Wind Offshore | Actual Aggregated,2026-07-19T23:19:59Z
2026-07-19T23:19:05Z,2026-07-20T01:19:05+0200,028f9a66-b3fa-4fa7-a1aa-7c735a2e67a7,2026-07-10T17:00:00Z,2026-07-10T19:00:00+0200,841.37,MW,FR,FR,actual_offshore_wind_generation,Wind Offshore | Actual Aggregated,2026-07-19T23:19:59Z
2026-07-19T23:19:05Z,2026-07-20T01:19:05+0200,028f9a66-b3fa-4fa7-a1aa-7c735a2e67a7,2026-07-10T17:15:00Z,2026-07-10T19:15:00+0200,893.74,MW,FR,FR,actual_offshore_wind_generation,Wind Offshore | Actual Aggregated,2026-07-19T23:19:59Z
2026-07-19T23:19:05Z,2026-07-20T01:19:05+0200,028f9a66-b3fa-4fa7-a1aa-7c735a2e67a7,2026-07-10T17:30:00Z,2026-07-10T19:30:00+0200,964.95,MW,FR,FR,actual_offshore_wind_generation,Wind Offshore | Actual Aggregated,2026-07-19T23:19:59Z
2026-07-19T23:19:05Z,2026-07-20T01:19:05+0200,028f9a66-b3fa-4fa7-a1aa-7c735a2e67a7,2026-07-10T17:45:00Z,2026-07-10T19:45:00+0200,983.36,MW,FR,FR,actual_offshore_wind_generation,Wind Offshore | Actual Aggregated,2026-07-19T23:19:59Z
2026-07-19T23:19:05Z,2026-07-20T01:19:05+0200,028f9a66-b3fa-4fa7-a1aa-7c735a2e67a7,2026-07-10T18:00:00Z,2026-07-10T20:00:00+0200,1046.69,MW,FR,FR,actual_offshore_wind_generation,Wind Offshore | Actual Aggregated,2026-07-19T23:19:59Z
2026-07-19T23:19:05Z,2026-07-20T01:19:05+0200,028f9a66-b3fa-4fa7-a1aa-7c735a2e67a7,2026-07-10T18:15:00Z,2026-07-10T20:15:00+0200,1118.69,MW,FR,FR,actual_offshore_wind_generation,Wind Offshore | Actual Aggregated,2026-07-19T23:19:59Z
2026-07-19T23:19:05Z,2026-07-20T01:19:05+0200,028f9a66-b3fa-4fa7-a1aa-7c735a2e67a7,2026-07-10T18:30:00Z,2026-07-10T20:30:00+0200,1178.63,MW,FR,FR,actual_offshore_wind_generation,Wind Offshore | Actual Aggregated,2026-07-19T23:19:59Z
2026-07-19T23:19:05Z,2026-07-20T01:19:05+0200,028f9a66-b3fa-4fa7-a1aa-7c735a2e67a7,2026-07-10T18:45:00Z,2026-07-10T20:45:00+0200,1229.27,MW,FR,FR,actual_offshore_wind_generation,Wind Offshore | Actual Aggregated,2026-07-19T23:19:59Z
2026-07-19T23:19:05Z,2026-07-20T01:19:05+0200,028f9a66-b3fa-4fa7-a1aa-7c735a2e67a7,2026-07-10T19:00:00Z,2026-07-10T21:00:00+0200,1289.99,MW,FR,FR,actual_offshore_wind_generation,Wind Offshore | Actual Aggregated,2026-07-19T23:19:59Z
2026-07-19T23:19:05Z,2026-07-20T01:19:05+0200,028f9a66-b3fa-4fa7-a1aa-7c735a2e67a7,2026-07-10T19:15:00Z,2026-07-10T21:15:00+0200,1369.76,MW,FR,FR,actual_offshore_wind_generation,Wind Offshore | Actual Aggregated,2026-07-19T23:19:59Z
2026-07-19T23:19:05Z,2026-07-20T01:19:05+0200,028f9a66-b3fa-4fa7-a1aa-7c735a2e67a7,2026-07-10T19:30:00Z,2026-07-10T21:30:00+0200,1464.96,MW,FR,FR,actual_offshore_wind_generation,Wind Offshore | Actual Aggregated,2026-07-19T23:19:59Z
2026-07-19T23:19:05Z,2026-07-20T01:19:05+0200,028f9a66-b3fa-4fa7-a1aa-7c735a2e67a7,2026-07-10T19:45:00Z,2026-07-10T21:45:00+0200,1549.29,MW,FR,FR,actual_offshore_wind_generation,Wind Offshore | Actual Aggregated,2026-07-19T23:19:59Z
2026-07-19T23:19:05Z,2026-07-20T01:19:05+0200,028f9a66-b3fa-4fa7-a1aa-7c735a2e67a7,2026-07-10T20:00:00Z,2026-07-10T22:00:00+0200,1547.1,MW,FR,FR,actual_offshore_wind_generation,Wind Offshore | Actual Aggregated,2026-07-19T23:19:59Z
2026-07-19T23:19:05Z,2026-07-20T01:19:05+0200,028f9a66-b3fa-4fa7-a1aa-7c735a2e67a7,2026-07-10T20:15:00Z,2026-07-10T22:15:00+0200,1547.94,MW,FR,FR,actual_offshore_wind_generation,Wind Offshore | Actual Aggregated,2026-07-19T23:19:59Z
2026-07-19T23:19:05Z,2026-07-20T01:19:05+0200,028f9a66-b3fa-4fa7-a1aa-7c735a2e67a7,2026-07-10T20:30:00Z,2026-07-10T22:30:00+0200,1612.93,MW,FR,FR,actual_offshore_wind_generation,Wind Offshore | Actual Aggregated,2026-07-19T23:19:59Z
2026-07-19T23:19:05Z,2026-07-20T01:19:05+0200,028f9a66-b3fa-4fa7-a1aa-7c735a2e67a7,2026-07-10T20:45:00Z,2026-07-10T22:45:00+0200,1692.12,MW,FR,FR,actual_offshore_wind_generation,Wind Offshore | Actual Aggregated,2026-07-19T23:19:59Z
2026-07-19T23:19:05Z,2026-07-20T01:19:05+0200,028f9a66-b3fa-4fa7-a1aa-7c735a2e67a7,2026-07-10T21:00:00Z,2026-07-10T23:00:00+0200,1704.52,MW,FR,FR,actual_offshore_wind_generation,Wind Offshore | Actual Aggregated,2026-07-19T23:19:59Z
2026-07-19T23:19:05Z,2026-07-20T01:19:05+0200,028f9a66-b3fa-4fa7-a1aa-7c735a2e67a7,2026-07-10T21:15:00Z,2026-07-10T23:15:00+0200,1700.93,MW,FR,FR,actual_offshore_wind_generation,Wind Offshore | Actual Aggregated,2026-07-19T23:19:59Z
2026-07-19T23:19:05Z,2026-07-20T01:19:05+0200,028f9a66-b3fa-4fa7-a1aa-7c735a2e67a7,2026-07-10T21:30:00Z,2026-07-10T23:30:00+0200,1668.32,MW,FR,FR,actual_offshore_wind_generation,Wind Offshore | Actual Aggregated,2026-07-19T23:19:59Z
2026-07-19T23:19:05Z,2026-07-20T01:19:05+0200,028f9a66-b3fa-4fa7-a1aa-7c735a2e67a7,2026-07-10T21:45:00Z,2026-07-10T23:45:00+0200,1683.58,MW,FR,FR,actual_offshore_wind_generation,Wind Offshore | Actual Aggregated,2026-07-19T23:19:59Z
2026-07-19T23:19:05Z,2026-07-20T01:19:05+0200,028f9a66-b3fa-4fa7-a1aa-7c735a2e67a7,2026-07-10T22:00:00Z,2026-07-11T00:00:00+0200,1697.23,MW,FR,FR,actual_offshore_wind_generation,Wind Offshore | Actual Aggregated,2026-07-19T23:19:59Z
2026-07-19T23:19:05Z,2026-07-20T01:19:05+0200,028f9a66-b3fa-4fa7-a1aa-7c735a2e67a7,2026-07-10T22:15:00Z,2026-07-11T00:15:00+0200,1686.48,MW,FR,FR,actual_offshore_wind_generation,Wind Offshore | Actual Aggregated,2026-07-19T23:19:59Z
2026-07-19T23:19:05Z,2026-07-20T01:19:05+0200,028f9a66-b3fa-4fa7-a1aa-7c735a2e67a7,2026-07-10T22:30:00Z,2026-07-11T00:30:00+0200,1679.33,MW,FR,FR,actual_offshore_wind_generation,Wind Offshore | Actual Aggregated,2026-07-19T23:19:59Z
2026-07-19T23:19:05Z,2026-07-20T01:19:05+0200,028f9a66-b3fa-4fa7-a1aa-7c735a2e67a7,2026-07-10T22:45:00Z,2026-07-11T00:45:00+0200,1676.93,MW,FR,FR,actual_offshore_wind_generation,Wind Offshore | Actual Aggregated,2026-07-19T23:19:59Z
2026-07-19T23:19:05Z,2026-07-20T01:19:05+0200,028f9a66-b3fa-4fa7-a1aa-7c735a2e67a7,2026-07-10T23:00:00Z,2026-07-11T01:00:00+0200,1670.77,MW,FR,FR,actual_offshore_wind_generation,Wind Offshore | Actual Aggregated,2026-07-19T23:19:59Z
2026-07-19T23:19:05Z,2026-07-20T01:19:05+0200,028f9a66-b3fa-4fa7-a1aa-7c735a2e67a7,2026-07-10T23:15:00Z,2026-07-11T01:15:00+0200,1662.53,MW,FR,FR,actual_offshore_wind_generation,Wind Offshore | Actual Aggregated,2026-07-19T23:19:59Z
2026-07-19T23:19:05Z,2026-07-20T01:19:05+0200,028f9a66-b3fa-4fa7-a1aa-7c735a2e67a7,2026-07-10T23:30:00Z,2026-07-11T01:30:00+0200,1630.52,MW,FR,FR,actual_offshore_wind_generation,Wind Offshore | Actual Aggregated,2026-07-19T23:19:59Z
2026-07-19T23:19:05Z,2026-07-20T01:19:05+0200,028f9a66-b3fa-4fa7-a1aa-7c735a2e67a7,2026-07-10T23:45:00Z,2026-07-11T01:45:00+0200,1607.64,MW,FR,FR,actual_offshore_wind_generation,Wind Offshore | Actual Aggregated,2026-07-19T23:19:59Z
2026-07-19T23:19:05Z,2026-07-20T01:19:05+0200,028f9a66-b3fa-4fa7-a1aa-7c735a2e67a7,2026-07-11T00:00:00Z,2026-07-11T02:00:00+0200,1533.01,MW,FR,FR,actual_offshore_wind_generation,Wind Offshore | Actual Aggregated,2026-07-19T23:19:59Z
2026-07-19T23:19:05Z,2026-07-20T01:19:05+0200,028f9a66-b3fa-4fa7-a1aa-7c735a2e67a7,2026-07-11T00:15:00Z,2026-07-11T02:15:00+0200,1440.5,MW,FR,FR,actual_offshore_wind_generation,Wind Offshore | Actual Aggregated,2026-07-19T23:19:59Z
2026-07-19T23:19:05Z,2026-07-20T01:19:05+0200,028f9a66-b3fa-4fa7-a1aa-7c735a2e67a7,2026-07-11T00:30:00Z,2026-07-11T02:30:00+0200,1368.45,MW,FR,FR,actual_offshore_wind_generation,Wind Offshore | Actual Aggregated,2026-07-19T23:19:59Z
2026-07-19T23:19:05Z,2026-07-20T01:19:05+0200,028f9a66-b3fa-4fa7-a1aa-7c735a2e67a7,2026-07-11T00:45:00Z,2026-07-11T02:45:00+0200,1307.36,MW,FR,FR,actual_offshore_wind_generation,Wind Offshore | Actual Aggregated,2026-07-19T23:19:59Z
2026-07-19T23:19:05Z,2026-07-20T01:19:05+0200,028f9a66-b3fa-4fa7-a1aa-7c735a2e67a7,2026-07-11T01:00:00Z,2026-07-11T03:00:00+0200,1322.01,MW,FR,FR,actual_offshore_wind_generation,Wind Offshore | Actual Aggregated,2026-07-19T23:19:59Z
2026-07-19T23:19:05Z,2026-07-20T01:19:05+0200,028f9a66-b3fa-4fa7-a1aa-7c735a2e67a7,2026-07-11T01:15:00Z,2026-07-11T03:15:00+0200,1349.62,MW,FR,FR,actual_offshore_wind_generation,Wind Offshore | Actual Aggregated,2026-07-19T23:19:59Z
2026-07-19T23:19:05Z,2026-07-20T01:19:05+0200,028f9a66-b3fa-4fa7-a1aa-7c735a2e67a7,2026-07-11T01:30:00Z,2026-07-11T03:30:00+0200,1404.84,MW,FR,FR,actual_offshore_wind_generation,Wind Offshore | Actual Aggregated,2026-07-19T23:19:59Z
2026-07-19T23:19:05Z,2026-07-20T01:19:05+0200,028f9a66-b3fa-4fa7-a1aa-7c735a2e67a7,2026-07-11T01:45:00Z,2026-07-11T03:45:00+0200,1470.35,MW,FR,FR,actual_offshore_wind_generation,Wind Offshore | Actual Aggregated,2026-07-19T23:19:59Z
2026-07-19T23:19:05Z,2026-07-20T01:19:05+0200,028f9a66-b3fa-4fa7-a1aa-7c735a2e67a7,2026-07-11T02:00:00Z,2026-07-11T04:00:00+0200,1428.79,MW,FR,FR,actual_offshore_wind_generation,Wind Offshore | Actual Aggregated,2026-07-19T23:19:59Z
2026-07-19T23:19:05Z,2026-07-20T01:19:05+0200,028f9a66-b3fa-4fa7-a1aa-7c735a2e67a7,2026-07-11T02:15:00Z,2026-07-11T04:15:00+0200,1395.58,MW,FR,FR,actual_offshore_wind_generation,Wind Offshore | Actual Aggregated,2026-07-19T23:19:59Z
2026-07-19T23:19:05Z,2026-07-20T01:19:05+0200,028f9a66-b3fa-4fa7-a1aa-7c735a2e67a7,2026-07-11T02:30:00Z,2026-07-11T04:30:00+0200,1345.75,MW,FR,FR,actual_offshore_wind_generation,Wind Offshore | Actual Aggregated,2026-07-19T23:19:59Z
2026-07-19T23:19:05Z,2026-07-20T01:19:05+0200,028f9a66-b3fa-4fa7-a1aa-7c735a2e67a7,2026-07-11T02:45:00Z,2026-07-11T04:45:00+0200,1285.18,MW,FR,FR,actual_offshore_wind_generation,Wind Offshore | Actual Aggregated,2026-07-19T23:19:59Z
2026-07-19T23:19:05Z,2026-07-20T01:19:05+0200,028f9a66-b3fa-4fa7-a1aa-7c735a2e67a7,2026-07-11T03:00:00Z,2026-07-11T05:00:00+0200,1182.83,MW,FR,FR,actual_offshore_wind_generation,Wind Offshore | Actual Aggregated,2026-07-19T23:19:59Z
2026-07-19T23:19:05Z,2026-07-20T01:19:05+0200,028f9a66-b3fa-4fa7-a1aa-7c735a2e67a7,2026-07-11T03:15:00Z,2026-07-11T05:15:00+0200,1137.43,MW,FR,FR,actual_offshore_wind_generation,Wind Offshore | Actual Aggregated,2026-07-19T23:19:59Z
2026-07-19T23:19:05Z,2026-07-20T01:19:05+0200,028f9a66-b3fa-4fa7-a1aa-7c735a2e67a7,2026-07-11T03:30:00Z,2026-07-11T05:30:00+0200,1106.63,MW,FR,FR,actual_offshore_wind_generation,Wind Offshore | Actual Aggregated,2026-07-19T23:19:59Z
2026-07-19T23:19:05Z,2026-07-20T01:19:05+0200,028f9a66-b3fa-4fa7-a1aa-7c735a2e67a7,2026-07-11T03:45:00Z,2026-07-11T05:45:00+0200,1070.94,MW,FR,FR,actual_offshore_wind_generation,Wind Offshore | Actual Aggregated,2026-07-19T23:19:59Z
2026-07-19T23:19:05Z,2026-07-20T01:19:05+0200,028f9a66-b3fa-4fa7-a1aa-7c735a2e67a7,2026-07-11T04:00:00Z,2026-07-11T06:00:00+0200,1136.16,MW,FR,FR,actual_offshore_wind_generation,Wind Offshore | Actual Aggregated,2026-07-19T23:19:59Z
2026-07-19T23:19:05Z,2026-07-20T01:19:05+0200,028f9a66-b3fa-4fa7-a1aa-7c735a2e67a7,2026-07-11T04:15:00Z,2026-07-11T06:15:00+0200,1161.1,MW,FR,FR,actual_offshore_wind_generation,Wind Offshore | Actual Aggregated,2026-07-19T23:19:59Z
2026-07-19T23:19:05Z,2026-07-20T01:19:05+0200,028f9a66-b3fa-4fa7-a1aa-7c735a2e67a7,2026-07-11T04:30:00Z,2026-07-11T06:30:00+0200,1161.66,MW,FR,FR,actual_offshore_wind_generation,Wind Offshore | Actual Aggregated,2026-07-19T23:19:59Z
2026-07-19T23:19:05Z,2026-07-20T01:19:05+0200,028f9a66-b3fa-4fa7-a1aa-7c735a2e67a7,2026-07-11T04:45:00Z,2026-07-11T06:45:00+0200,1160.67,MW,FR,FR,actual_offshore_wind_generation,Wind Offshore | Actual Aggregated,2026-07-19T23:19:59Z
2026-07-19T23:19:05Z,2026-07-20T01:19:05+0200,028f9a66-b3fa-4fa7-a1aa-7c735a2e67a7,2026-07-11T05:00:00Z,2026-07-11T07:00:00+0200,1142.43,MW,FR,FR,actual_offshore_wind_generation,Wind Offshore | Actual Aggregated,2026-07-19T23:19:59Z
2026-07-19T23:19:05Z,2026-07-20T01:19:05+0200,028f9a66-b3fa-4fa7-a1aa-7c735a2e67a7,2026-07-11T05:15:00Z,2026-07-11T07:15:00+0200,1127.32,MW,FR,FR,actual_offshore_wind_generation,Wind Offshore | Actual Aggregated,2026-07-19T23:19:59Z
2026-07-19T23:19:05Z,2026-07-20T01:19:05+0200,028f9a66-b3fa-4fa7-a1aa-7c735a2e67a7,2026-07-11T05:30:00Z,2026-07-11T07:30:00+0200,1110.54,MW,FR,FR,actual_offshore_wind_generation,Wind Offshore | Actual Aggregated,2026-07-19T23:19:59Z
2026-07-19T23:19:05Z,2026-07-20T01:19:05+0200,028f9a66-b3fa-4fa7-a1aa-7c735a2e67a7,2026-07-11T05:45:00Z,2026-07-11T07:45:00+0200,1070.75,MW,FR,FR,actual_offshore_wind_generation,Wind Offshore | Actual Aggregated,2026-07-19T23:19:59Z
2026-07-19T23:19:05Z,2026-07-20T01:19:05+0200,028f9a66-b3fa-4fa7-a1aa-7c735a2e67a7,2026-07-11T06:00:00Z,2026-07-11T08:00:00+0200,1047.86,MW,FR,FR,actual_offshore_wind_generation,Wind Offshore | Actual Aggregated,2026-07-19T23:19:59Z
2026-07-19T23:19:05Z,2026-07-20T01:19:05+0200,028f9a66-b3fa-4fa7-a1aa-7c735a2e67a7,2026-07-11T06:15:00Z,2026-07-11T08:15:00+0200,1020.65,MW,FR,FR,actual_offshore_wind_generation,Wind Offshore | Actual Aggregated,2026-07-19T23:19:59Z
2026-07-19T23:19:05Z,2026-07-20T01:19:05+0200,028f9a66-b3fa-4fa7-a1aa-7c735a2e67a7,2026-07-11T06:30:00Z,2026-07-11T08:30:00+0200,1004.47,MW,FR,FR,actual_offshore_wind_generation,Wind Offshore | Actual Aggregated,2026-07-19T23:19:59Z
2026-07-19T23:19:05Z,2026-07-20T01:19:05+0200,028f9a66-b3fa-4fa7-a1aa-7c735a2e67a7,2026-07-11T06:45:00Z,2026-07-11T08:45:00+0200,982.07,MW,FR,FR,actual_offshore_wind_generation,Wind Offshore | Actual Aggregated,2026-07-19T23:19:59Z
2026-07-19T23:19:05Z,2026-07-20T01:19:05+0200,028f9a66-b3fa-4fa7-a1aa-7c735a2e67a7,2026-07-11T07:00:00Z,2026-07-11T09:00:00+0200,977.56,MW,FR,FR,actual_offshore_wind_generation,Wind Offshore | Actual Aggregated,2026-07-19T23:19:59Z
2026-07-19T23:19:05Z,2026-07-20T01:19:05+0200,028f9a66-b3fa-4fa7-a1aa-7c735a2e67a7,2026-07-11T07:15:00Z,2026-07-11T09:15:00+0200,1096.03,MW,FR,FR,actual_offshore_wind_generation,Wind Offshore | Actual Aggregated,2026-07-19T23:19:59Z
2026-07-19T23:19:05Z,2026-07-20T01:19:05+0200,028f9a66-b3fa-4fa7-a1aa-7c735a2e67a7,2026-07-11T07:30:00Z,2026-07-11T09:30:00+0200,1243.07,MW,FR,FR,actual_offshore_wind_generation,Wind Offshore | Actual Aggregated,2026-07-19T23:19:59Z
2026-07-19T23:19:05Z,2026-07-20T01:19:05+0200,028f9a66-b3fa-4fa7-a1aa-7c735a2e67a7,2026-07-11T07:45:00Z,2026-07-11T09:45:00+0200,1361.01,MW,FR,FR,actual_offshore_wind_generation,Wind Offshore | Actual Aggregated,2026-07-19T23:19:59Z
2026-07-19T23:19:05Z,2026-07-20T01:19:05+0200,028f9a66-b3fa-4fa7-a1aa-7c735a2e67a7,2026-07-11T08:00:00Z,2026-07-11T10:00:00+0200,1417.46,MW,FR,FR,actual_offshore_wind_generation,Wind Offshore | Actual Aggregated,2026-07-19T23:19:59Z
2026-07-19T23:19:05Z,2026-07-20T01:19:05+0200,028f9a66-b3fa-4fa7-a1aa-7c735a2e67a7,2026-07-11T08:15:00Z,2026-07-11T10:15:00+0200,1416.7,MW,FR,FR,actual_offshore_wind_generation,Wind Offshore | Actual Aggregated,2026-07-19T23:19:59Z
2026-07-19T23:19:05Z,2026-07-20T01:19:05+0200,028f9a66-b3fa-4fa7-a1aa-7c735a2e67a7,2026-07-11T08:30:00Z,2026-07-11T10:30:00+0200,1426.64,MW,FR,FR,actual_offshore_wind_generation,Wind Offshore | Actual Aggregated,2026-07-19T23:19:59Z
2026-07-19T23:19:05Z,2026-07-20T01:19:05+0200,028f9a66-b3fa-4fa7-a1aa-7c735a2e67a7,2026-07-11T08:45:00Z,2026-07-11T10:45:00+0200,1279.67,MW,FR,FR,actual_offshore_wind_generation,Wind Offshore | Actual Aggregated,2026-07-19T23:19:59Z
2026-07-19T23:19:05Z,2026-07-20T01:19:05+0200,028f9a66-b3fa-4fa7-a1aa-7c735a2e67a7,2026-07-11T09:00:00Z,2026-07-11T11:00:00+0200,1134.28,MW,FR,FR,actual_offshore_wind_generation,Wind Offshore | Actual Aggregated,2026-07-19T23:19:59Z
2026-07-19T23:19:05Z,2026-07-20T01:19:05+0200,028f9a66-b3fa-4fa7-a1aa-7c735a2e67a7,2026-07-11T09:15:00Z,2026-07-11T11:15:00+0200,1061.8,MW,FR,FR,actual_offshore_wind_generation,Wind Offshore | Actual Aggregated,2026-07-19T23:19:59Z
2026-07-19T23:19:05Z,2026-07-20T01:19:05+0200,028f9a66-b3fa-4fa7-a1aa-7c735a2e67a7,2026-07-11T09:30:00Z,2026-07-11T11:30:00+0200,988.17,MW,FR,FR,actual_offshore_wind_generation,Wind Offshore | Actual Aggregated,2026-07-19T23:19:59Z
2026-07-19T23:19:05Z,2026-07-20T01:19:05+0200,028f9a66-b3fa-4fa7-a1aa-7c735a2e67a7,2026-07-11T09:45:00Z,2026-07-11T11:45:00+0200,864.64,MW,FR,FR,actual_offshore_wind_generation,Wind Offshore | Actual Aggregated,2026-07-19T23:19:59Z
2026-07-19T23:19:05Z,2026-07-20T01:19:05+0200,028f9a66-b3fa-4fa7-a1aa-7c735a2e67a7,2026-07-11T10:00:00Z,2026-07-11T12:00:00+0200,772.45,MW,FR,FR,actual_offshore_wind_generation,Wind Offshore | Actual Aggregated,2026-07-19T23:19:59Z
2026-07-19T23:19:05Z,2026-07-20T01:19:05+0200,028f9a66-b3fa-4fa7-a1aa-7c735a2e67a7,2026-07-11T10:15:00Z,2026-07-11T12:15:00+0200,776.4,MW,FR,FR,actual_offshore_wind_generation,Wind Offshore | Actual Aggregated,2026-07-19T23:19:59Z
2026-07-19T23:19:05Z,2026-07-20T01:19:05+0200,028f9a66-b3fa-4fa7-a1aa-7c735a2e67a7,2026-07-11T10:30:00Z,2026-07-11T12:30:00+0200,782.32,MW,FR,FR,actual_offshore_wind_generation,Wind Offshore | Actual Aggregated,2026-07-19T23:19:59Z
2026-07-19T23:19:05Z,2026-07-20T01:19:05+0200,028f9a66-b3fa-4fa7-a1aa-7c735a2e67a7,2026-07-11T10:45:00Z,2026-07-11T12:45:00+0200,794.93,MW,FR,FR,actual_offshore_wind_generation,Wind Offshore | Actual Aggregated,2026-07-19T23:19:59Z
2026-07-19T23:19:05Z,2026-07-20T01:19:05+0200,028f9a66-b3fa-4fa7-a1aa-7c735a2e67a7,2026-07-11T11:00:00Z,2026-07-11T13:00:00+0200,815.18,MW,FR,FR,actual_offshore_wind_generation,Wind Offshore | Actual Aggregated,2026-07-19T23:19:59Z
2026-07-19T23:19:05Z,2026-07-20T01:19:05+0200,028f9a66-b3fa-4fa7-a1aa-7c735a2e67a7,2026-07-11T11:15:00Z,2026-07-11T13:15:00+0200,814.68,MW,FR,FR,actual_offshore_wind_generation,Wind Offshore | Actual Aggregated,2026-07-19T23:19:59Z
2026-07-19T23:19:05Z,2026-07-20T01:19:05+0200,028f9a66-b3fa-4fa7-a1aa-7c735a2e67a7,2026-07-11T11:30:00Z,2026-07-11T13:30:00+0200,819.54,MW,FR,FR,actual_offshore_wind_generation,Wind Offshore | Actual Aggregated,2026-07-19T23:19:59Z
2026-07-19T23:19:05Z,2026-07-20T01:19:05+0200,028f9a66-b3fa-4fa7-a1aa-7c735a2e67a7,2026-07-11T11:45:00Z,2026-07-11T13:45:00+0200,806.62,MW,FR,FR,actual_offshore_wind_generation,Wind Offshore | Actual Aggregated,2026-07-19T23:19:59Z
2026-07-19T23:19:05Z,2026-07-20T01:19:05+0200,028f9a66-b3fa-4fa7-a1aa-7c735a2e67a7,2026-07-11T12:00:00Z,2026-07-11T14:00:00+0200,831.38,MW,FR,FR,actual_offshore_wind_generation,Wind Offshore | Actual Aggregated,2026-07-19T23:19:59Z
2026-07-19T23:19:05Z,2026-07-20T01:19:05+0200,028f9a66-b3fa-4fa7-a1aa-7c735a2e67a7,2026-07-11T12:15:00Z,2026-07-11T14:15:00+0200,845.36,MW,FR,FR,actual_offshore_wind_generation,Wind Offshore | Actual Aggregated,2026-07-19T23:19:59Z
2026-07-19T23:19:05Z,2026-07-20T01:19:05+0200,028f9a66-b3fa-4fa7-a1aa-7c735a2e67a7,2026-07-11T12:30:00Z,2026-07-11T14:30:00+0200,868.4,MW,FR,FR,actual_offshore_wind_generation,Wind Offshore | Actual Aggregated,2026-07-19T23:19:59Z
2026-07-19T23:19:05Z,2026-07-20T01:19:05+0200,028f9a66-b3fa-4fa7-a1aa-7c735a2e67a7,2026-07-11T12:45:00Z,2026-07-11T14:45:00+0200,914.37,MW,FR,FR,actual_offshore_wind_generation,Wind Offshore | Actual Aggregated,2026-07-19T23:19:59Z
2026-07-19T23:19:05Z,2026-07-20T01:19:05+0200,028f9a66-b3fa-4fa7-a1aa-7c735a2e67a7,2026-07-11T13:00:00Z,2026-07-11T15:00:00+0200,931.11,MW,FR,FR,actual_offshore_wind_generation,Wind Offshore | Actual Aggregated,2026-07-19T23:19:59Z
2026-07-19T23:19:05Z,2026-07-20T01:19:05+0200,028f9a66-b3fa-4fa7-a1aa-7c735a2e67a7,2026-07-11T13:15:00Z,2026-07-11T15:15:00+0200,948.98,MW,FR,FR,actual_offshore_wind_generation,Wind Offshore | Actual Aggregated,2026-07-19T23:19:59Z
2026-07-19T23:19:05Z,2026-07-20T01:19:05+0200,028f9a66-b3fa-4fa7-a1aa-7c735a2e67a7,2026-07-11T13:30:00Z,2026-07-11T15:30:00+0200,962.0,MW,FR,FR,actual_offshore_wind_generation,Wind Offshore | Actual Aggregated,2026-07-19T23:19:59Z
2026-07-19T23:19:05Z,2026-07-20T01:19:05+0200,028f9a66-b3fa-4fa7-a1aa-7c735a2e67a7,2026-07-11T13:45:00Z,2026-07-11T15:45:00+0200,961.09,MW,FR,FR,actual_offshore_wind_generation,Wind Offshore | Actual Aggregated,2026-07-19T23:19:59Z
2026-07-19T23:19:05Z,2026-07-20T01:19:05+0200,028f9a66-b3fa-4fa7-a1aa-7c735a2e67a7,2026-07-11T14:00:00Z,2026-07-11T16:00:00+0200,960.02,MW,FR,FR,actual_offshore_wind_generation,Wind Offshore | Actual Aggregated,2026-07-19T23:19:59Z
2026-07-19T23:19:05Z,2026-07-20T01:19:05+0200,028f9a66-b3fa-4fa7-a1aa-7c735a2e67a7,2026-07-11T14:15:00Z,2026-07-11T16:15:00+0200,957.16,MW,FR,FR,actual_offshore_wind_generation,Wind Offshore | Actual Aggregated,2026-07-19T23:19:59Z
2026-07-19T23:19:05Z,2026-07-20T01:19:05+0200,028f9a66-b3fa-4fa7-a1aa-7c735a2e67a7,2026-07-11T14:30:00Z,2026-07-11T16:30:00+0200,955.56,MW,FR,FR,actual_offshore_wind_generation,Wind Offshore | Actual Aggregated,2026-07-19T23:19:59Z
2026-07-19T23:19:05Z,2026-07-20T01:19:05+0200,028f9a66-b3fa-4fa7-a1aa-7c735a2e67a7,2026-07-11T14:45:00Z,2026-07-11T16:45:00+0200,954.43,MW,FR,FR,actual_offshore_wind_generation,Wind Offshore | Actual Aggregated,2026-07-19T23:19:59Z
2026-07-19T23:19:05Z,2026-07-20T01:19:05+0200,028f9a66-b3fa-4fa7-a1aa-7c735a2e67a7,2026-07-11T15:00:00Z,2026-07-11T17:00:00+0200,954.01,MW,FR,FR,actual_offshore_wind_generation,Wind Offshore | Actual Aggregated,2026-07-19T23:19:59Z
2026-07-19T23:19:05Z,2026-07-20T01:19:05+0200,028f9a66-b3fa-4fa7-a1aa-7c735a2e67a7,2026-07-11T15:15:00Z,2026-07-11T17:15:00+0200,954.97,MW,FR,FR,actual_offshore_wind_generation,Wind Offshore | Actual Aggregated,2026-07-19T23:19:59Z
2026-07-19T23:19:05Z,2026-07-20T01:19:05+0200,028f9a66-b3fa-4fa7-a1aa-7c735a2e67a7,2026-07-11T15:30:00Z,2026-07-11T17:30:00+0200,955.0,MW,FR,FR,actual_offshore_wind_generation,Wind Offshore | Actual Aggregated,2026-07-19T23:19:59Z
2026-07-19T23:19:05Z,2026-07-20T01:19:05+0200,028f9a66-b3fa-4fa7-a1aa-7c735a2e67a7,2026-07-11T15:45:00Z,2026-07-11T17:45:00+0200,954.7,MW,FR,FR,actual_offshore_wind_generation,Wind Offshore | Actual Aggregated,2026-07-19T23:19:59Z
2026-07-19T23:19:05Z,2026-07-20T01:19:05+0200,028f9a66-b3fa-4fa7-a1aa-7c735a2e67a7,2026-07-11T16:00:00Z,2026-07-11T18:00:00+0200,960.02,MW,FR,FR,actual_offshore_wind_generation,Wind Offshore | Actual Aggregated,2026-07-19T23:19:59Z
2026-07-19T23:19:05Z,2026-07-20T01:19:05+0200,028f9a66-b3fa-4fa7-a1aa-7c735a2e67a7,2026-07-11T16:15:00Z,2026-07-11T18:15:00+0200,961.33,MW,FR,FR,actual_offshore_wind_generation,Wind Offshore | Actual Aggregated,2026-07-19T23:19:59Z
2026-07-19T23:19:05Z,2026-07-20T01:19:05+0200,028f9a66-b3fa-4fa7-a1aa-7c735a2e67a7,2026-07-11T16:30:00Z,2026-07-11T18:30:00+0200,961.18,MW,FR,FR,actual_offshore_wind_generation,Wind Offshore | Actual Aggregated,2026-07-19T23:19:59Z
2026-07-19T23:19:05Z,2026-07-20T01:19:05+0200,028f9a66-b3fa-4fa7-a1aa-7c735a2e67a7,2026-07-11T16:45:00Z,2026-07-11T18:45:00+0200,959.59,MW,FR,FR,actual_offshore_wind_generation,Wind Offshore | Actual Aggregated,2026-07-19T23:19:59Z
2026-07-19T23:19:05Z,2026-07-20T01:19:05+0200,028f9a66-b3fa-4fa7-a1aa-7c735a2e67a7,2026-07-11T17:00:00Z,2026-07-11T19:00:00+0200,968.63,MW,FR,FR,actual_offshore_wind_generation,Wind Offshore | Actual Aggregated,2026-07-19T23:19:59Z
2026-07-19T23:19:05Z,2026-07-20T01:19:05+0200,028f9a66-b3fa-4fa7-a1aa-7c735a2e67a7,2026-07-11T17:15:00Z,2026-07-11T19:15:00+0200,971.67,MW,FR,FR,actual_offshore_wind_generation,Wind Offshore | Actual Aggregated,2026-07-19T23:19:59Z
2026-07-19T23:19:05Z,2026-07-20T01:19:05+0200,028f9a66-b3fa-4fa7-a1aa-7c735a2e67a7,2026-07-11T17:30:00Z,2026-07-11T19:30:00+0200,963.76,MW,FR,FR,actual_offshore_wind_generation,Wind Offshore | Actual Aggregated,2026-07-19T23:19:59Z
2026-07-19T23:19:05Z,2026-07-20T01:19:05+0200,028f9a66-b3fa-4fa7-a1aa-7c735a2e67a7,2026-07-11T17:45:00Z,2026-07-11T19:45:00+0200,962.53,MW,FR,FR,actual_offshore_wind_generation,Wind Offshore | Actual Aggregated,2026-07-19T23:19:59Z
2026-07-19T23:19:05Z,2026-07-20T01:19:05+0200,028f9a66-b3fa-4fa7-a1aa-7c735a2e67a7,2026-07-11T18:00:00Z,2026-07-11T20:00:00+0200,962.26,MW,FR,FR,actual_offshore_wind_generation,Wind Offshore | Actual Aggregated,2026-07-19T23:19:59Z
2026-07-19T23:19:05Z,2026-07-20T01:19:05+0200,028f9a66-b3fa-4fa7-a1aa-7c735a2e67a7,2026-07-11T18:15:00Z,2026-07-11T20:15:00+0200,968.42,MW,FR,FR,actual_offshore_wind_generation,Wind Offshore | Actual Aggregated,2026-07-19T23:19:59Z
2026-07-19T23:19:05Z,2026-07-20T01:19:05+0200,028f9a66-b3fa-4fa7-a1aa-7c735a2e67a7,2026-07-11T18:30:00Z,2026-07-11T20:30:00+0200,972.27,MW,FR,FR,actual_offshore_wind_generation,Wind Offshore | Actual Aggregated,2026-07-19T23:19:59Z
2026-07-19T23:19:05Z,2026-07-20T01:19:05+0200,028f9a66-b3fa-4fa7-a1aa-7c735a2e67a7,2026-07-11T18:45:00Z,2026-07-11T20:45:00+0200,972.46,MW,FR,FR,actual_offshore_wind_generation,Wind Offshore | Actual Aggregated,2026-07-19T23:19:59Z
2026-07-19T23:19:05Z,2026-07-20T01:19:05+0200,028f9a66-b3fa-4fa7-a1aa-7c735a2e67a7,2026-07-11T19:00:00Z,2026-07-11T21:00:00+0200,972.78,MW,FR,FR,actual_offshore_wind_generation,Wind Offshore | Actual Aggregated,2026-07-19T23:19:59Z
2026-07-19T23:19:05Z,2026-07-20T01:19:05+0200,028f9a66-b3fa-4fa7-a1aa-7c735a2e67a7,2026-07-11T19:15:00Z,2026-07-11T21:15:00+0200,976.7,MW,FR,FR,actual_offshore_wind_generation,Wind Offshore | Actual Aggregated,2026-07-19T23:19:59Z
2026-07-19T23:19:05Z,2026-07-20T01:19:05+0200,028f9a66-b3fa-4fa7-a1aa-7c735a2e67a7,2026-07-11T19:30:00Z,2026-07-11T21:30:00+0200,982.94,MW,FR,FR,actual_offshore_wind_generation,Wind Offshore | Actual Aggregated,2026-07-19T23:19:59Z
2026-07-19T23:19:05Z,2026-07-20T01:19:05+0200,028f9a66-b3fa-4fa7-a1aa-7c735a2e67a7,2026-07-11T19:45:00Z,2026-07-11T21:45:00+0200,996.13,MW,FR,FR,actual_offshore_wind_generation,Wind Offshore | Actual Aggregated,2026-07-19T23:19:59Z
2026-07-19T23:19:05Z,2026-07-20T01:19:05+0200,028f9a66-b3fa-4fa7-a1aa-7c735a2e67a7,2026-07-11T20:00:00Z,2026-07-11T22:00:00+0200,997.62,MW,FR,FR,actual_offshore_wind_generation,Wind Offshore | Actual Aggregated,2026-07-19T23:19:59Z
2026-07-19T23:19:05Z,2026-07-20T01:19:05+0200,028f9a66-b3fa-4fa7-a1aa-7c735a2e67a7,2026-07-11T20:15:00Z,2026-07-11T22:15:00+0200,996.88,MW,FR,FR,actual_offshore_wind_generation,Wind Offshore | Actual Aggregated,2026-07-19T23:19:59Z
2026-07-19T23:19:05Z,2026-07-20T01:19:05+0200,028f9a66-b3fa-4fa7-a1aa-7c735a2e67a7,2026-07-11T20:30:00Z,2026-07-11T22:30:00+0200,989.4,MW,FR,FR,actual_offshore_wind_generation,Wind Offshore | Actual Aggregated,2026-07-19T23:19:59Z
2026-07-19T23:19:05Z,2026-07-20T01:19:05+0200,028f9a66-b3fa-4fa7-a1aa-7c735a2e67a7,2026-07-11T20:45:00Z,2026-07-11T22:45:00+0200,982.63,MW,FR,FR,actual_offshore_wind_generation,Wind Offshore | Actual Aggregated,2026-07-19T23:19:59Z
2026-07-19T23:19:05Z,2026-07-20T01:19:05+0200,028f9a66-b3fa-4fa7-a1aa-7c735a2e67a7,2026-07-11T21:00:00Z,2026-07-11T23:00:00+0200,985.97,MW,FR,FR,actual_offshore_wind_generation,Wind Offshore | Actual Aggregated,2026-07-19T23:19:59Z
2026-07-19T23:19:05Z,2026-07-20T01:19:05+0200,028f9a66-b3fa-4fa7-a1aa-7c735a2e67a7,2026-07-11T21:15:00Z,2026-07-11T23:15:00+0200,1004.24,MW,FR,FR,actual_offshore_wind_generation,Wind Offshore | Actual Aggregated,2026-07-19T23:19:59Z
2026-07-19T23:19:05Z,2026-07-20T01:19:05+0200,028f9a66-b3fa-4fa7-a1aa-7c735a2e67a7,2026-07-11T21:30:00Z,2026-07-11T23:30:00+0200,1032.22,MW,FR,FR,actual_offshore_wind_generation,Wind Offshore | Actual Aggregated,2026-07-19T23:19:59Z
2026-07-19T23:19:05Z,2026-07-20T01:19:05+0200,028f9a66-b3fa-4fa7-a1aa-7c735a2e67a7,2026-07-11T21:45:00Z,2026-07-11T23:45:00+0200,1024.74,MW,FR,FR,actual_offshore_wind_generation,Wind Offshore | Actual Aggregated,2026-07-19T23:19:59Z
2026-07-19T23:19:05Z,2026-07-20T01:19:05+0200,028f9a66-b3fa-4fa7-a1aa-7c735a2e67a7,2026-07-11T22:00:00Z,2026-07-12T00:00:00+0200,1015.23,MW,FR,FR,actual_offshore_wind_generation,Wind Offshore | Actual Aggregated,2026-07-19T23:19:59Z
2026-07-19T23:19:05Z,2026-07-20T01:19:05+0200,028f9a66-b3fa-4fa7-a1aa-7c735a2e67a7,2026-07-11T22:15:00Z,2026-07-12T00:15:00+0200,1016.18,MW,FR,FR,actual_offshore_wind_generation,Wind Offshore | Actual Aggregated,2026-07-19T23:19:59Z
2026-07-19T23:19:05Z,2026-07-20T01:19:05+0200,028f9a66-b3fa-4fa7-a1aa-7c735a2e67a7,2026-07-11T22:30:00Z,2026-07-12T00:30:00+0200,1027.03,MW,FR,FR,actual_offshore_wind_generation,Wind Offshore | Actual Aggregated,2026-07-19T23:19:59Z
2026-07-19T23:19:05Z,2026-07-20T01:19:05+0200,028f9a66-b3fa-4fa7-a1aa-7c735a2e67a7,2026-07-11T22:45:00Z,2026-07-12T00:45:00+0200,1068.23,MW,FR,FR,actual_offshore_wind_generation,Wind Offshore | Actual Aggregated,2026-07-19T23:19:59Z
2026-07-19T23:19:05Z,2026-07-20T01:19:05+0200,028f9a66-b3fa-4fa7-a1aa-7c735a2e67a7,2026-07-11T23:00:00Z,2026-07-12T01:00:00+0200,1109.94,MW,FR,FR,actual_offshore_wind_generation,Wind Offshore | Actual Aggregated,2026-07-19T23:19:59Z
2026-07-19T23:19:05Z,2026-07-20T01:19:05+0200,028f9a66-b3fa-4fa7-a1aa-7c735a2e67a7,2026-07-11T23:15:00Z,2026-07-12T01:15:00+0200,1213.89,MW,FR,FR,actual_offshore_wind_generation,Wind Offshore | Actual Aggregated,2026-07-19T23:19:59Z
2026-07-19T23:19:05Z,2026-07-20T01:19:05+0200,028f9a66-b3fa-4fa7-a1aa-7c735a2e67a7,2026-07-11T23:30:00Z,2026-07-12T01:30:00+0200,1260.76,MW,FR,FR,actual_offshore_wind_generation,Wind Offshore | Actual Aggregated,2026-07-19T23:19:59Z
2026-07-19T23:19:05Z,2026-07-20T01:19:05+0200,028f9a66-b3fa-4fa7-a1aa-7c735a2e67a7,2026-07-11T23:45:00Z,2026-07-12T01:45:00+0200,1374.34,MW,FR,FR,actual_offshore_wind_generation,Wind Offshore | Actual Aggregated,2026-07-19T23:19:59Z
2026-07-19T23:19:05Z,2026-07-20T01:19:05+0200,028f9a66-b3fa-4fa7-a1aa-7c735a2e67a7,2026-07-12T00:00:00Z,2026-07-12T02:00:00+0200,1399.01,MW,FR,FR,actual_offshore_wind_generation,Wind Offshore | Actual Aggregated,2026-07-19T23:19:59Z
2026-07-19T23:19:05Z,2026-07-20T01:19:05+0200,028f9a66-b3fa-4fa7-a1aa-7c735a2e67a7,2026-07-12T00:15:00Z,2026-07-12T02:15:00+0200,1418.83,MW,FR,FR,actual_offshore_wind_generation,Wind Offshore | Actual Aggregated,2026-07-19T23:19:59Z
2026-07-19T23:19:05Z,2026-07-20T01:19:05+0200,028f9a66-b3fa-4fa7-a1aa-7c735a2e67a7,2026-07-12T00:30:00Z,2026-07-12T02:30:00+0200,1400.49,MW,FR,FR,actual_offshore_wind_generation,Wind Offshore | Actual Aggregated,2026-07-19T23:19:59Z
2026-07-19T23:19:05Z,2026-07-20T01:19:05+0200,028f9a66-b3fa-4fa7-a1aa-7c735a2e67a7,2026-07-12T00:45:00Z,2026-07-12T02:45:00+0200,1479.44,MW,FR,FR,actual_offshore_wind_generation,Wind Offshore | Actual Aggregated,2026-07-19T23:19:59Z
2026-07-19T23:19:05Z,2026-07-20T01:19:05+0200,028f9a66-b3fa-4fa7-a1aa-7c735a2e67a7,2026-07-12T01:00:00Z,2026-07-12T03:00:00+0200,1570.06,MW,FR,FR,actual_offshore_wind_generation,Wind Offshore | Actual Aggregated,2026-07-19T23:19:59Z
2026-07-19T23:19:05Z,2026-07-20T01:19:05+0200,028f9a66-b3fa-4fa7-a1aa-7c735a2e67a7,2026-07-12T01:15:00Z,2026-07-12T03:15:00+0200,1553.92,MW,FR,FR,actual_offshore_wind_generation,Wind Offshore | Actual Aggregated,2026-07-19T23:19:59Z
2026-07-19T23:19:05Z,2026-07-20T01:19:05+0200,028f9a66-b3fa-4fa7-a1aa-7c735a2e67a7,2026-07-12T01:30:00Z,2026-07-12T03:30:00+0200,1600.39,MW,FR,FR,actual_offshore_wind_generation,Wind Offshore | Actual Aggregated,2026-07-19T23:19:59Z
2026-07-19T23:19:05Z,2026-07-20T01:19:05+0200,028f9a66-b3fa-4fa7-a1aa-7c735a2e67a7,2026-07-12T01:45:00Z,2026-07-12T03:45:00+0200,1651.47,MW,FR,FR,actual_offshore_wind_generation,Wind Offshore | Actual Aggregated,2026-07-19T23:19:59Z
2026-07-19T23:19:05Z,2026-07-20T01:19:05+0200,028f9a66-b3fa-4fa7-a1aa-7c735a2e67a7,2026-07-12T02:00:00Z,2026-07-12T04:00:00+0200,1703.41,MW,FR,FR,actual_offshore_wind_generation,Wind Offshore | Actual Aggregated,2026-07-19T23:19:59Z
2026-07-19T23:19:05Z,2026-07-20T01:19:05+0200,028f9a66-b3fa-4fa7-a1aa-7c735a2e67a7,2026-07-12T02:15:00Z,2026-07-12T04:15:00+0200,1750.34,MW,FR,FR,actual_offshore_wind_generation,Wind Offshore | Actual Aggregated,2026-07-19T23:19:59Z
2026-07-19T23:19:05Z,2026-07-20T01:19:05+0200,028f9a66-b3fa-4fa7-a1aa-7c735a2e67a7,2026-07-12T02:30:00Z,2026-07-12T04:30:00+0200,1759.56,MW,FR,FR,actual_offshore_wind_generation,Wind Offshore | Actual Aggregated,2026-07-19T23:19:59Z
2026-07-19T23:19:05Z,2026-07-20T01:19:05+0200,028f9a66-b3fa-4fa7-a1aa-7c735a2e67a7,2026-07-12T02:45:00Z,2026-07-12T04:45:00+0200,1749.21,MW,FR,FR,actual_offshore_wind_generation,Wind Offshore | Actual Aggregated,2026-07-19T23:19:59Z
2026-07-19T23:19:05Z,2026-07-20T01:19:05+0200,028f9a66-b3fa-4fa7-a1aa-7c735a2e67a7,2026-07-12T03:00:00Z,2026-07-12T05:00:00+0200,1757.57,MW,FR,FR,actual_offshore_wind_generation,Wind Offshore | Actual Aggregated,2026-07-19T23:19:59Z
2026-07-19T23:19:05Z,2026-07-20T01:19:05+0200,028f9a66-b3fa-4fa7-a1aa-7c735a2e67a7,2026-07-12T03:15:00Z,2026-07-12T05:15:00+0200,1752.56,MW,FR,FR,actual_offshore_wind_generation,Wind Offshore | Actual Aggregated,2026-07-19T23:19:59Z
2026-07-19T23:19:05Z,2026-07-20T01:19:05+0200,028f9a66-b3fa-4fa7-a1aa-7c735a2e67a7,2026-07-12T03:30:00Z,2026-07-12T05:30:00+0200,1747.4,MW,FR,FR,actual_offshore_wind_generation,Wind Offshore | Actual Aggregated,2026-07-19T23:19:59Z
2026-07-19T23:19:05Z,2026-07-20T01:19:05+0200,028f9a66-b3fa-4fa7-a1aa-7c735a2e67a7,2026-07-12T03:45:00Z,2026-07-12T05:45:00+0200,1727.0,MW,FR,FR,actual_offshore_wind_generation,Wind Offshore | Actual Aggregated,2026-07-19T23:19:59Z
2026-07-19T23:19:05Z,2026-07-20T01:19:05+0200,028f9a66-b3fa-4fa7-a1aa-7c735a2e67a7,2026-07-12T04:00:00Z,2026-07-12T06:00:00+0200,1753.95,MW,FR,FR,actual_offshore_wind_generation,Wind Offshore | Actual Aggregated,2026-07-19T23:19:59Z
2026-07-19T23:19:05Z,2026-07-20T01:19:05+0200,028f9a66-b3fa-4fa7-a1aa-7c735a2e67a7,2026-07-12T04:15:00Z,2026-07-12T06:15:00+0200,1758.8,MW,FR,FR,actual_offshore_wind_generation,Wind Offshore | Actual Aggregated,2026-07-19T23:19:59Z
2026-07-19T23:19:05Z,2026-07-20T01:19:05+0200,028f9a66-b3fa-4fa7-a1aa-7c735a2e67a7,2026-07-12T04:30:00Z,2026-07-12T06:30:00+0200,1765.56,MW,FR,FR,actual_offshore_wind_generation,Wind Offshore | Actual Aggregated,2026-07-19T23:19:59Z
2026-07-19T23:19:05Z,2026-07-20T01:19:05+0200,028f9a66-b3fa-4fa7-a1aa-7c735a2e67a7,2026-07-12T04:45:00Z,2026-07-12T06:45:00+0200,1775.21,MW,FR,FR,actual_offshore_wind_generation,Wind Offshore | Actual Aggregated,2026-07-19T23:19:59Z
2026-07-19T23:19:05Z,2026-07-20T01:19:05+0200,028f9a66-b3fa-4fa7-a1aa-7c735a2e67a7,2026-07-12T05:00:00Z,2026-07-12T07:00:00+0200,1795.21,MW,FR,FR,actual_offshore_wind_generation,Wind Offshore | Actual Aggregated,2026-07-19T23:19:59Z
2026-07-19T23:19:05Z,2026-07-20T01:19:05+0200,028f9a66-b3fa-4fa7-a1aa-7c735a2e67a7,2026-07-12T05:15:00Z,2026-07-12T07:15:00+0200,1809.78,MW,FR,FR,actual_offshore_wind_generation,Wind Offshore | Actual Aggregated,2026-07-19T23:19:59Z
2026-07-19T23:19:05Z,2026-07-20T01:19:05+0200,028f9a66-b3fa-4fa7-a1aa-7c735a2e67a7,2026-07-12T05:30:00Z,2026-07-12T07:30:00+0200,1798.18,MW,FR,FR,actual_offshore_wind_generation,Wind Offshore | Actual Aggregated,2026-07-19T23:19:59Z
2026-07-19T23:19:05Z,2026-07-20T01:19:05+0200,028f9a66-b3fa-4fa7-a1aa-7c735a2e67a7,2026-07-12T05:45:00Z,2026-07-12T07:45:00+0200,1765.67,MW,FR,FR,actual_offshore_wind_generation,Wind Offshore | Actual Aggregated,2026-07-19T23:19:59Z
2026-07-19T23:19:05Z,2026-07-20T01:19:05+0200,028f9a66-b3fa-4fa7-a1aa-7c735a2e67a7,2026-07-12T06:00:00Z,2026-07-12T08:00:00+0200,1762.51,MW,FR,FR,actual_offshore_wind_generation,Wind Offshore | Actual Aggregated,2026-07-19T23:19:59Z
2026-07-19T23:19:05Z,2026-07-20T01:19:05+0200,028f9a66-b3fa-4fa7-a1aa-7c735a2e67a7,2026-07-12T06:15:00Z,2026-07-12T08:15:00+0200,1726.61,MW,FR,FR,actual_offshore_wind_generation,Wind Offshore | Actual Aggregated,2026-07-19T23:19:59Z
2026-07-19T23:19:05Z,2026-07-20T01:19:05+0200,028f9a66-b3fa-4fa7-a1aa-7c735a2e67a7,2026-07-12T06:30:00Z,2026-07-12T08:30:00+0200,1642.61,MW,FR,FR,actual_offshore_wind_generation,Wind Offshore | Actual Aggregated,2026-07-19T23:19:59Z
2026-07-19T23:19:05Z,2026-07-20T01:19:05+0200,028f9a66-b3fa-4fa7-a1aa-7c735a2e67a7,2026-07-12T06:45:00Z,2026-07-12T08:45:00+0200,1611.08,MW,FR,FR,actual_offshore_wind_generation,Wind Offshore | Actual Aggregated,2026-07-19T23:19:59Z
2026-07-19T23:19:05Z,2026-07-20T01:19:05+0200,028f9a66-b3fa-4fa7-a1aa-7c735a2e67a7,2026-07-12T07:00:00Z,2026-07-12T09:00:00+0200,1594.67,MW,FR,FR,actual_offshore_wind_generation,Wind Offshore | Actual Aggregated,2026-07-19T23:19:59Z
2026-07-19T23:19:05Z,2026-07-20T01:19:05+0200,028f9a66-b3fa-4fa7-a1aa-7c735a2e67a7,2026-07-12T07:15:00Z,2026-07-12T09:15:00+0200,1539.14,MW,FR,FR,actual_offshore_wind_generation,Wind Offshore | Actual Aggregated,2026-07-19T23:19:59Z
2026-07-19T23:19:05Z,2026-07-20T01:19:05+0200,028f9a66-b3fa-4fa7-a1aa-7c735a2e67a7,2026-07-12T07:30:00Z,2026-07-12T09:30:00+0200,1479.19,MW,FR,FR,actual_offshore_wind_generation,Wind Offshore | Actual Aggregated,2026-07-19T23:19:59Z
2026-07-19T23:19:05Z,2026-07-20T01:19:05+0200,028f9a66-b3fa-4fa7-a1aa-7c735a2e67a7,2026-07-12T07:45:00Z,2026-07-12T09:45:00+0200,1417.51,MW,FR,FR,actual_offshore_wind_generation,Wind Offshore | Actual Aggregated,2026-07-19T23:19:59Z
2026-07-19T23:19:05Z,2026-07-20T01:19:05+0200,028f9a66-b3fa-4fa7-a1aa-7c735a2e67a7,2026-07-12T08:00:00Z,2026-07-12T10:00:00+0200,1373.68,MW,FR,FR,actual_offshore_wind_generation,Wind Offshore | Actual Aggregated,2026-07-19T23:19:59Z
2026-07-19T23:19:05Z,2026-07-20T01:19:05+0200,028f9a66-b3fa-4fa7-a1aa-7c735a2e67a7,2026-07-12T08:15:00Z,2026-07-12T10:15:00+0200,1334.06,MW,FR,FR,actual_offshore_wind_generation,Wind Offshore | Actual Aggregated,2026-07-19T23:19:59Z
2026-07-19T23:19:05Z,2026-07-20T01:19:05+0200,028f9a66-b3fa-4fa7-a1aa-7c735a2e67a7,2026-07-12T08:30:00Z,2026-07-12T10:30:00+0200,1252.78,MW,FR,FR,actual_offshore_wind_generation,Wind Offshore | Actual Aggregated,2026-07-19T23:19:59Z
2026-07-19T23:19:05Z,2026-07-20T01:19:05+0200,028f9a66-b3fa-4fa7-a1aa-7c735a2e67a7,2026-07-12T08:45:00Z,2026-07-12T10:45:00+0200,866.48,MW,FR,FR,actual_offshore_wind_generation,Wind Offshore | Actual Aggregated,2026-07-19T23:19:59Z
2026-07-19T23:19:05Z,2026-07-20T01:19:05+0200,028f9a66-b3fa-4fa7-a1aa-7c735a2e67a7,2026-07-12T09:00:00Z,2026-07-12T11:00:00+0200,99.84,MW,FR,FR,actual_offshore_wind_generation,Wind Offshore | Actual Aggregated,2026-07-19T23:19:59Z
2026-07-19T23:19:05Z,2026-07-20T01:19:05+0200,028f9a66-b3fa-4fa7-a1aa-7c735a2e67a7,2026-07-12T09:15:00Z,2026-07-12T11:15:00+0200,92.28,MW,FR,FR,actual_offshore_wind_generation,Wind Offshore | Actual Aggregated,2026-07-19T23:19:59Z
2026-07-19T23:19:05Z,2026-07-20T01:19:05+0200,028f9a66-b3fa-4fa7-a1aa-7c735a2e67a7,2026-07-12T09:30:00Z,2026-07-12T11:30:00+0200,92.44,MW,FR,FR,actual_offshore_wind_generation,Wind Offshore | Actual Aggregated,2026-07-19T23:19:59Z
2026-07-19T23:19:05Z,2026-07-20T01:19:05+0200,028f9a66-b3fa-4fa7-a1aa-7c735a2e67a7,2026-07-12T09:45:00Z,2026-07-12T11:45:00+0200,92.74,MW,FR,FR,actual_offshore_wind_generation,Wind Offshore | Actual Aggregated,2026-07-19T23:19:59Z
2026-07-19T23:19:05Z,2026-07-20T01:19:05+0200,028f9a66-b3fa-4fa7-a1aa-7c735a2e67a7,2026-07-12T10:00:00Z,2026-07-12T12:00:00+0200,92.95,MW,FR,FR,actual_offshore_wind_generation,Wind Offshore | Actual Aggregated,2026-07-19T23:19:59Z
2026-07-19T23:19:05Z,2026-07-20T01:19:05+0200,028f9a66-b3fa-4fa7-a1aa-7c735a2e67a7,2026-07-12T10:15:00Z,2026-07-12T12:15:00+0200,92.48,MW,FR,FR,actual_offshore_wind_generation,Wind Offshore | Actual Aggregated,2026-07-19T23:19:59Z
2026-07-19T23:19:05Z,2026-07-20T01:19:05+0200,028f9a66-b3fa-4fa7-a1aa-7c735a2e67a7,2026-07-12T10:30:00Z,2026-07-12T12:30:00+0200,92.97,MW,FR,FR,actual_offshore_wind_generation,Wind Offshore | Actual Aggregated,2026-07-19T23:19:59Z
2026-07-19T23:19:05Z,2026-07-20T01:19:05+0200,028f9a66-b3fa-4fa7-a1aa-7c735a2e67a7,2026-07-12T10:45:00Z,2026-07-12T12:45:00+0200,93.37,MW,FR,FR,actual_offshore_wind_generation,Wind Offshore | Actual Aggregated,2026-07-19T23:19:59Z
2026-07-19T23:19:05Z,2026-07-20T01:19:05+0200,028f9a66-b3fa-4fa7-a1aa-7c735a2e67a7,2026-07-12T11:00:00Z,2026-07-12T13:00:00+0200,94.05,MW,FR,FR,actual_offshore_wind_generation,Wind Offshore | Actual Aggregated,2026-07-19T23:19:59Z
2026-07-19T23:19:05Z,2026-07-20T01:19:05+0200,028f9a66-b3fa-4fa7-a1aa-7c735a2e67a7,2026-07-12T11:15:00Z,2026-07-12T13:15:00+0200,94.46,MW,FR,FR,actual_offshore_wind_generation,Wind Offshore | Actual Aggregated,2026-07-19T23:19:59Z
2026-07-19T23:19:05Z,2026-07-20T01:19:05+0200,028f9a66-b3fa-4fa7-a1aa-7c735a2e67a7,2026-07-12T11:30:00Z,2026-07-12T13:30:00+0200,261.12,MW,FR,FR,actual_offshore_wind_generation,Wind Offshore | Actual Aggregated,2026-07-19T23:19:59Z
2026-07-19T23:19:05Z,2026-07-20T01:19:05+0200,028f9a66-b3fa-4fa7-a1aa-7c735a2e67a7,2026-07-12T11:45:00Z,2026-07-12T13:45:00+0200,264.97,MW,FR,FR,actual_offshore_wind_generation,Wind Offshore | Actual Aggregated,2026-07-19T23:19:59Z
2026-07-19T23:19:05Z,2026-07-20T01:19:05+0200,028f9a66-b3fa-4fa7-a1aa-7c735a2e67a7,2026-07-12T12:00:00Z,2026-07-12T14:00:00+0200,263.94,MW,FR,FR,actual_offshore_wind_generation,Wind Offshore | Actual Aggregated,2026-07-19T23:19:59Z
2026-07-19T23:19:05Z,2026-07-20T01:19:05+0200,028f9a66-b3fa-4fa7-a1aa-7c735a2e67a7,2026-07-12T12:15:00Z,2026-07-12T14:15:00+0200,105.45,MW,FR,FR,actual_offshore_wind_generation,Wind Offshore | Actual Aggregated,2026-07-19T23:19:59Z
2026-07-19T23:19:05Z,2026-07-20T01:19:05+0200,028f9a66-b3fa-4fa7-a1aa-7c735a2e67a7,2026-07-12T12:30:00Z,2026-07-12T14:30:00+0200,100.9,MW,FR,FR,actual_offshore_wind_generation,Wind Offshore | Actual Aggregated,2026-07-19T23:19:59Z
2026-07-19T23:19:05Z,2026-07-20T01:19:05+0200,028f9a66-b3fa-4fa7-a1aa-7c735a2e67a7,2026-07-12T12:45:00Z,2026-07-12T14:45:00+0200,101.85,MW,FR,FR,actual_offshore_wind_generation,Wind Offshore | Actual Aggregated,2026-07-19T23:19:59Z
2026-07-19T23:19:05Z,2026-07-20T01:19:05+0200,028f9a66-b3fa-4fa7-a1aa-7c735a2e67a7,2026-07-12T13:00:00Z,2026-07-12T15:00:00+0200,103.1,MW,FR,FR,actual_offshore_wind_generation,Wind Offshore | Actual Aggregated,2026-07-19T23:19:59Z
2026-07-19T23:19:05Z,2026-07-20T01:19:05+0200,028f9a66-b3fa-4fa7-a1aa-7c735a2e67a7,2026-07-12T13:15:00Z,2026-07-12T15:15:00+0200,104.59,MW,FR,FR,actual_offshore_wind_generation,Wind Offshore | Actual Aggregated,2026-07-19T23:19:59Z
2026-07-19T23:19:05Z,2026-07-20T01:19:05+0200,028f9a66-b3fa-4fa7-a1aa-7c735a2e67a7,2026-07-12T13:30:00Z,2026-07-12T15:30:00+0200,106.03,MW,FR,FR,actual_offshore_wind_generation,Wind Offshore | Actual Aggregated,2026-07-19T23:19:59Z
2026-07-19T23:19:05Z,2026-07-20T01:19:05+0200,028f9a66-b3fa-4fa7-a1aa-7c735a2e67a7,2026-07-12T13:45:00Z,2026-07-12T15:45:00+0200,108.7,MW,FR,FR,actual_offshore_wind_generation,Wind Offshore | Actual Aggregated,2026-07-19T23:19:59Z
2026-07-19T23:19:05Z,2026-07-20T01:19:05+0200,028f9a66-b3fa-4fa7-a1aa-7c735a2e67a7,2026-07-12T14:00:00Z,2026-07-12T16:00:00+0200,109.07,MW,FR,FR,actual_offshore_wind_generation,Wind Offshore | Actual Aggregated,2026-07-19T23:19:59Z
2026-07-19T23:19:05Z,2026-07-20T01:19:05+0200,028f9a66-b3fa-4fa7-a1aa-7c735a2e67a7,2026-07-12T14:15:00Z,2026-07-12T16:15:00+0200,174.31,MW,FR,FR,actual_offshore_wind_generation,Wind Offshore | Actual Aggregated,2026-07-19T23:19:59Z
2026-07-19T23:19:05Z,2026-07-20T01:19:05+0200,028f9a66-b3fa-4fa7-a1aa-7c735a2e67a7,2026-07-12T14:30:00Z,2026-07-12T16:30:00+0200,525.38,MW,FR,FR,actual_offshore_wind_generation,Wind Offshore | Actual Aggregated,2026-07-19T23:19:59Z
2026-07-19T23:19:05Z,2026-07-20T01:19:05+0200,028f9a66-b3fa-4fa7-a1aa-7c735a2e67a7,2026-07-12T14:45:00Z,2026-07-12T16:45:00+0200,1226.68,MW,FR,FR,actual_offshore_wind_generation,Wind Offshore | Actual Aggregated,2026-07-19T23:19:59Z
2026-07-19T23:19:05Z,2026-07-20T01:19:05+0200,028f9a66-b3fa-4fa7-a1aa-7c735a2e67a7,2026-07-12T15:00:00Z,2026-07-12T17:00:00+0200,1211.62,MW,FR,FR,actual_offshore_wind_generation,Wind Offshore | Actual Aggregated,2026-07-19T23:19:59Z
2026-07-19T23:19:05Z,2026-07-20T01:19:05+0200,028f9a66-b3fa-4fa7-a1aa-7c735a2e67a7,2026-07-12T15:15:00Z,2026-07-12T17:15:00+0200,1278.1,MW,FR,FR,actual_offshore_wind_generation,Wind Offshore | Actual Aggregated,2026-07-19T23:19:59Z
2026-07-19T23:19:05Z,2026-07-20T01:19:05+0200,028f9a66-b3fa-4fa7-a1aa-7c735a2e67a7,2026-07-12T15:30:00Z,2026-07-12T17:30:00+0200,1375.27,MW,FR,FR,actual_offshore_wind_generation,Wind Offshore | Actual Aggregated,2026-07-19T23:19:59Z
2026-07-19T23:19:05Z,2026-07-20T01:19:05+0200,028f9a66-b3fa-4fa7-a1aa-7c735a2e67a7,2026-07-12T15:45:00Z,2026-07-12T17:45:00+0200,1480.66,MW,FR,FR,actual_offshore_wind_generation,Wind Offshore | Actual Aggregated,2026-07-19T23:19:59Z
2026-07-19T23:19:05Z,2026-07-20T01:19:05+0200,028f9a66-b3fa-4fa7-a1aa-7c735a2e67a7,2026-07-12T16:00:00Z,2026-07-12T18:00:00+0200,1565.48,MW,FR,FR,actual_offshore_wind_generation,Wind Offshore | Actual Aggregated,2026-07-19T23:19:59Z
2026-07-19T23:19:05Z,2026-07-20T01:19:05+0200,028f9a66-b3fa-4fa7-a1aa-7c735a2e67a7,2026-07-12T16:15:00Z,2026-07-12T18:15:00+0200,1616.51,MW,FR,FR,actual_offshore_wind_generation,Wind Offshore | Actual Aggregated,2026-07-19T23:19:59Z
2026-07-19T23:19:05Z,2026-07-20T01:19:05+0200,028f9a66-b3fa-4fa7-a1aa-7c735a2e67a7,2026-07-12T16:30:00Z,2026-07-12T18:30:00+0200,1660.95,MW,FR,FR,actual_offshore_wind_generation,Wind Offshore | Actual Aggregated,2026-07-19T23:19:59Z
2026-07-19T23:19:05Z,2026-07-20T01:19:05+0200,028f9a66-b3fa-4fa7-a1aa-7c735a2e67a7,2026-07-12T16:45:00Z,2026-07-12T18:45:00+0200,1621.99,MW,FR,FR,actual_offshore_wind_generation,Wind Offshore | Actual Aggregated,2026-07-19T23:19:59Z
2026-07-19T23:19:05Z,2026-07-20T01:19:05+0200,028f9a66-b3fa-4fa7-a1aa-7c735a2e67a7,2026-07-12T17:00:00Z,2026-07-12T19:00:00+0200,1529.16,MW,FR,FR,actual_offshore_wind_generation,Wind Offshore | Actual Aggregated,2026-07-19T23:19:59Z
2026-07-19T23:19:05Z,2026-07-20T01:19:05+0200,028f9a66-b3fa-4fa7-a1aa-7c735a2e67a7,2026-07-12T17:15:00Z,2026-07-12T19:15:00+0200,1523.4,MW,FR,FR,actual_offshore_wind_generation,Wind Offshore | Actual Aggregated,2026-07-19T23:19:59Z
2026-07-19T23:19:05Z,2026-07-20T01:19:05+0200,028f9a66-b3fa-4fa7-a1aa-7c735a2e67a7,2026-07-12T17:30:00Z,2026-07-12T19:30:00+0200,1522.92,MW,FR,FR,actual_offshore_wind_generation,Wind Offshore | Actual Aggregated,2026-07-19T23:19:59Z
2026-07-19T23:19:05Z,2026-07-20T01:19:05+0200,028f9a66-b3fa-4fa7-a1aa-7c735a2e67a7,2026-07-12T17:45:00Z,2026-07-12T19:45:00+0200,1517.73,MW,FR,FR,actual_offshore_wind_generation,Wind Offshore | Actual Aggregated,2026-07-19T23:19:59Z
2026-07-19T23:19:05Z,2026-07-20T01:19:05+0200,028f9a66-b3fa-4fa7-a1aa-7c735a2e67a7,2026-07-12T18:00:00Z,2026-07-12T20:00:00+0200,1511.75,MW,FR,FR,actual_offshore_wind_generation,Wind Offshore | Actual Aggregated,2026-07-19T23:19:59Z
2026-07-19T23:19:05Z,2026-07-20T01:19:05+0200,028f9a66-b3fa-4fa7-a1aa-7c735a2e67a7,2026-07-12T18:15:00Z,2026-07-12T20:15:00+0200,1504.02,MW,FR,FR,actual_offshore_wind_generation,Wind Offshore | Actual Aggregated,2026-07-19T23:19:59Z
2026-07-19T23:19:05Z,2026-07-20T01:19:05+0200,028f9a66-b3fa-4fa7-a1aa-7c735a2e67a7,2026-07-12T18:30:00Z,2026-07-12T20:30:00+0200,1511.35,MW,FR,FR,actual_offshore_wind_generation,Wind Offshore | Actual Aggregated,2026-07-19T23:19:59Z
2026-07-19T23:19:05Z,2026-07-20T01:19:05+0200,028f9a66-b3fa-4fa7-a1aa-7c735a2e67a7,2026-07-12T18:45:00Z,2026-07-12T20:45:00+0200,1507.06,MW,FR,FR,actual_offshore_wind_generation,Wind Offshore | Actual Aggregated,2026-07-19T23:19:59Z
2026-07-19T23:19:05Z,2026-07-20T01:19:05+0200,028f9a66-b3fa-4fa7-a1aa-7c735a2e67a7,2026-07-12T19:00:00Z,2026-07-12T21:00:00+0200,1508.22,MW,FR,FR,actual_offshore_wind_generation,Wind Offshore | Actual Aggregated,2026-07-19T23:19:59Z
2026-07-19T23:19:05Z,2026-07-20T01:19:05+0200,028f9a66-b3fa-4fa7-a1aa-7c735a2e67a7,2026-07-12T19:15:00Z,2026-07-12T21:15:00+0200,1512.33,MW,FR,FR,actual_offshore_wind_generation,Wind Offshore | Actual Aggregated,2026-07-19T23:19:59Z
2026-07-19T23:19:05Z,2026-07-20T01:19:05+0200,028f9a66-b3fa-4fa7-a1aa-7c735a2e67a7,2026-07-12T19:30:00Z,2026-07-12T21:30:00+0200,1522.51,MW,FR,FR,actual_offshore_wind_generation,Wind Offshore | Actual Aggregated,2026-07-19T23:19:59Z
2026-07-19T23:19:05Z,2026-07-20T01:19:05+0200,028f9a66-b3fa-4fa7-a1aa-7c735a2e67a7,2026-07-12T19:45:00Z,2026-07-12T21:45:00+0200,1549.55,MW,FR,FR,actual_offshore_wind_generation,Wind Offshore | Actual Aggregated,2026-07-19T23:19:59Z
2026-07-19T23:19:05Z,2026-07-20T01:19:05+0200,028f9a66-b3fa-4fa7-a1aa-7c735a2e67a7,2026-07-12T20:00:00Z,2026-07-12T22:00:00+0200,1569.35,MW,FR,FR,actual_offshore_wind_generation,Wind Offshore | Actual Aggregated,2026-07-19T23:19:59Z
2026-07-19T23:19:05Z,2026-07-20T01:19:05+0200,028f9a66-b3fa-4fa7-a1aa-7c735a2e67a7,2026-07-12T20:15:00Z,2026-07-12T22:15:00+0200,1609.46,MW,FR,FR,actual_offshore_wind_generation,Wind Offshore | Actual Aggregated,2026-07-19T23:19:59Z
2026-07-19T23:19:05Z,2026-07-20T01:19:05+0200,028f9a66-b3fa-4fa7-a1aa-7c735a2e67a7,2026-07-12T20:30:00Z,2026-07-12T22:30:00+0200,1637.86,MW,FR,FR,actual_offshore_wind_generation,Wind Offshore | Actual Aggregated,2026-07-19T23:19:59Z
2026-07-19T23:19:05Z,2026-07-20T01:19:05+0200,028f9a66-b3fa-4fa7-a1aa-7c735a2e67a7,2026-07-12T20:45:00Z,2026-07-12T22:45:00+0200,1652.12,MW,FR,FR,actual_offshore_wind_generation,Wind Offshore | Actual Aggregated,2026-07-19T23:19:59Z
2026-07-19T23:19:05Z,2026-07-20T01:19:05+0200,028f9a66-b3fa-4fa7-a1aa-7c735a2e67a7,2026-07-12T21:00:00Z,2026-07-12T23:00:00+0200,1664.29,MW,FR,FR,actual_offshore_wind_generation,Wind Offshore | Actual Aggregated,2026-07-19T23:19:59Z
2026-07-19T23:19:05Z,2026-07-20T01:19:05+0200,028f9a66-b3fa-4fa7-a1aa-7c735a2e67a7,2026-07-12T21:15:00Z,2026-07-12T23:15:00+0200,1679.76,MW,FR,FR,actual_offshore_wind_generation,Wind Offshore | Actual Aggregated,2026-07-19T23:19:59Z
2026-07-19T23:19:05Z,2026-07-20T01:19:05+0200,028f9a66-b3fa-4fa7-a1aa-7c735a2e67a7,2026-07-12T21:30:00Z,2026-07-12T23:30:00+0200,1704.74,MW,FR,FR,actual_offshore_wind_generation,Wind Offshore | Actual Aggregated,2026-07-19T23:19:59Z
2026-07-19T23:19:05Z,2026-07-20T01:19:05+0200,028f9a66-b3fa-4fa7-a1aa-7c735a2e67a7,2026-07-12T21:45:00Z,2026-07-12T23:45:00+0200,1728.62,MW,FR,FR,actual_offshore_wind_generation,Wind Offshore | Actual Aggregated,2026-07-19T23:19:59Z
2026-07-19T23:19:05Z,2026-07-20T01:19:05+0200,028f9a66-b3fa-4fa7-a1aa-7c735a2e67a7,2026-07-12T22:00:00Z,2026-07-13T00:00:00+0200,1747.48,MW,FR,FR,actual_offshore_wind_generation,Wind Offshore | Actual Aggregated,2026-07-19T23:19:59Z
2026-07-19T23:19:05Z,2026-07-20T01:19:05+0200,028f9a66-b3fa-4fa7-a1aa-7c735a2e67a7,2026-07-12T22:15:00Z,2026-07-13T00:15:00+0200,1770.93,MW,FR,FR,actual_offshore_wind_generation,Wind Offshore | Actual Aggregated,2026-07-19T23:19:59Z
2026-07-19T23:19:05Z,2026-07-20T01:19:05+0200,028f9a66-b3fa-4fa7-a1aa-7c735a2e67a7,2026-07-12T22:30:00Z,2026-07-13T00:30:00+0200,1791.77,MW,FR,FR,actual_offshore_wind_generation,Wind Offshore | Actual Aggregated,2026-07-19T23:19:59Z
2026-07-19T23:19:05Z,2026-07-20T01:19:05+0200,028f9a66-b3fa-4fa7-a1aa-7c735a2e67a7,2026-07-12T22:45:00Z,2026-07-13T00:45:00+0200,1815.59,MW,FR,FR,actual_offshore_wind_generation,Wind Offshore | Actual Aggregated,2026-07-19T23:19:59Z
2026-07-19T23:19:05Z,2026-07-20T01:19:05+0200,028f9a66-b3fa-4fa7-a1aa-7c735a2e67a7,2026-07-12T23:00:00Z,2026-07-13T01:00:00+0200,1824.4,MW,FR,FR,actual_offshore_wind_generation,Wind Offshore | Actual Aggregated,2026-07-19T23:19:59Z
2026-07-19T23:19:05Z,2026-07-20T01:19:05+0200,028f9a66-b3fa-4fa7-a1aa-7c735a2e67a7,2026-07-12T23:15:00Z,2026-07-13T01:15:00+0200,1820.76,MW,FR,FR,actual_offshore_wind_generation,Wind Offshore | Actual Aggregated,2026-07-19T23:19:59Z
2026-07-19T23:19:05Z,2026-07-20T01:19:05+0200,028f9a66-b3fa-4fa7-a1aa-7c735a2e67a7,2026-07-12T23:30:00Z,2026-07-13T01:30:00+0200,1832.79,MW,FR,FR,actual_offshore_wind_generation,Wind Offshore | Actual Aggregated,2026-07-19T23:19:59Z
2026-07-19T23:19:05Z,2026-07-20T01:19:05+0200,028f9a66-b3fa-4fa7-a1aa-7c735a2e67a7,2026-07-12T23:45:00Z,2026-07-13T01:45:00+0200,1829.71,MW,FR,FR,actual_offshore_wind_generation,Wind Offshore | Actual Aggregated,2026-07-19T23:19:59Z
2026-07-19T23:19:05Z,2026-07-20T01:19:05+0200,028f9a66-b3fa-4fa7-a1aa-7c735a2e67a7,2026-07-13T00:00:00Z,2026-07-13T02:00:00+0200,1827.28,MW,FR,FR,actual_offshore_wind_generation,Wind Offshore | Actual Aggregated,2026-07-19T23:19:59Z
2026-07-19T23:19:05Z,2026-07-20T01:19:05+0200,028f9a66-b3fa-4fa7-a1aa-7c735a2e67a7,2026-07-13T00:15:00Z,2026-07-13T02:15:00+0200,1827.8,MW,FR,FR,actual_offshore_wind_generation,Wind Offshore | Actual Aggregated,2026-07-19T23:19:59Z
2026-07-19T23:19:05Z,2026-07-20T01:19:05+0200,028f9a66-b3fa-4fa7-a1aa-7c735a2e67a7,2026-07-13T00:30:00Z,2026-07-13T02:30:00+0200,1825.7,MW,FR,FR,actual_offshore_wind_generation,Wind Offshore | Actual Aggregated,2026-07-19T23:19:59Z
2026-07-19T23:19:05Z,2026-07-20T01:19:05+0200,028f9a66-b3fa-4fa7-a1aa-7c735a2e67a7,2026-07-13T00:45:00Z,2026-07-13T02:45:00+0200,1772.76,MW,FR,FR,actual_offshore_wind_generation,Wind Offshore | Actual Aggregated,2026-07-19T23:19:59Z
2026-07-19T23:19:05Z,2026-07-20T01:19:05+0200,028f9a66-b3fa-4fa7-a1aa-7c735a2e67a7,2026-07-13T01:00:00Z,2026-07-13T03:00:00+0200,1432.44,MW,FR,FR,actual_offshore_wind_generation,Wind Offshore | Actual Aggregated,2026-07-19T23:19:59Z
2026-07-19T23:19:05Z,2026-07-20T01:19:05+0200,028f9a66-b3fa-4fa7-a1aa-7c735a2e67a7,2026-07-13T01:15:00Z,2026-07-13T03:15:00+0200,1423.8,MW,FR,FR,actual_offshore_wind_generation,Wind Offshore | Actual Aggregated,2026-07-19T23:19:59Z
2026-07-19T23:19:05Z,2026-07-20T01:19:05+0200,028f9a66-b3fa-4fa7-a1aa-7c735a2e67a7,2026-07-13T01:30:00Z,2026-07-13T03:30:00+0200,1242.25,MW,FR,FR,actual_offshore_wind_generation,Wind Offshore | Actual Aggregated,2026-07-19T23:19:59Z
2026-07-19T23:19:05Z,2026-07-20T01:19:05+0200,028f9a66-b3fa-4fa7-a1aa-7c735a2e67a7,2026-07-13T01:45:00Z,2026-07-13T03:45:00+0200,1288.6,MW,FR,FR,actual_offshore_wind_generation,Wind Offshore | Actual Aggregated,2026-07-19T23:19:59Z
2026-07-19T23:19:05Z,2026-07-20T01:19:05+0200,028f9a66-b3fa-4fa7-a1aa-7c735a2e67a7,2026-07-13T02:00:00Z,2026-07-13T04:00:00+0200,1559.88,MW,FR,FR,actual_offshore_wind_generation,Wind Offshore | Actual Aggregated,2026-07-19T23:19:59Z
2026-07-19T23:19:05Z,2026-07-20T01:19:05+0200,028f9a66-b3fa-4fa7-a1aa-7c735a2e67a7,2026-07-13T02:15:00Z,2026-07-13T04:15:00+0200,1660.45,MW,FR,FR,actual_offshore_wind_generation,Wind Offshore | Actual Aggregated,2026-07-19T23:19:59Z
2026-07-19T23:19:05Z,2026-07-20T01:19:05+0200,028f9a66-b3fa-4fa7-a1aa-7c735a2e67a7,2026-07-13T02:30:00Z,2026-07-13T04:30:00+0200,1673.4,MW,FR,FR,actual_offshore_wind_generation,Wind Offshore | Actual Aggregated,2026-07-19T23:19:59Z
2026-07-19T23:19:05Z,2026-07-20T01:19:05+0200,028f9a66-b3fa-4fa7-a1aa-7c735a2e67a7,2026-07-13T02:45:00Z,2026-07-13T04:45:00+0200,1673.41,MW,FR,FR,actual_offshore_wind_generation,Wind Offshore | Actual Aggregated,2026-07-19T23:19:59Z
2026-07-19T23:19:05Z,2026-07-20T01:19:05+0200,028f9a66-b3fa-4fa7-a1aa-7c735a2e67a7,2026-07-13T03:00:00Z,2026-07-13T05:00:00+0200,1797.25,MW,FR,FR,actual_offshore_wind_generation,Wind Offshore | Actual Aggregated,2026-07-19T23:19:59Z
2026-07-19T23:19:05Z,2026-07-20T01:19:05+0200,028f9a66-b3fa-4fa7-a1aa-7c735a2e67a7,2026-07-13T03:15:00Z,2026-07-13T05:15:00+0200,1835.85,MW,FR,FR,actual_offshore_wind_generation,Wind Offshore | Actual Aggregated,2026-07-19T23:19:59Z
2026-07-19T23:19:05Z,2026-07-20T01:19:05+0200,028f9a66-b3fa-4fa7-a1aa-7c735a2e67a7,2026-07-13T03:30:00Z,2026-07-13T05:30:00+0200,1841.81,MW,FR,FR,actual_offshore_wind_generation,Wind Offshore | Actual Aggregated,2026-07-19T23:19:59Z
2026-07-19T23:19:05Z,2026-07-20T01:19:05+0200,028f9a66-b3fa-4fa7-a1aa-7c735a2e67a7,2026-07-13T03:45:00Z,2026-07-13T05:45:00+0200,1838.22,MW,FR,FR,actual_offshore_wind_generation,Wind Offshore | Actual Aggregated,2026-07-19T23:19:59Z
2026-07-19T23:19:05Z,2026-07-20T01:19:05+0200,028f9a66-b3fa-4fa7-a1aa-7c735a2e67a7,2026-07-13T04:00:00Z,2026-07-13T06:00:00+0200,1832.14,MW,FR,FR,actual_offshore_wind_generation,Wind Offshore | Actual Aggregated,2026-07-19T23:19:59Z
2026-07-19T23:19:05Z,2026-07-20T01:19:05+0200,028f9a66-b3fa-4fa7-a1aa-7c735a2e67a7,2026-07-13T04:15:00Z,2026-07-13T06:15:00+0200,1826.35,MW,FR,FR,actual_offshore_wind_generation,Wind Offshore | Actual Aggregated,2026-07-19T23:19:59Z
2026-07-19T23:19:05Z,2026-07-20T01:19:05+0200,028f9a66-b3fa-4fa7-a1aa-7c735a2e67a7,2026-07-13T04:30:00Z,2026-07-13T06:30:00+0200,1817.9,MW,FR,FR,actual_offshore_wind_generation,Wind Offshore | Actual Aggregated,2026-07-19T23:19:59Z
2026-07-19T23:19:05Z,2026-07-20T01:19:05+0200,028f9a66-b3fa-4fa7-a1aa-7c735a2e67a7,2026-07-13T04:45:00Z,2026-07-13T06:45:00+0200,1744.36,MW,FR,FR,actual_offshore_wind_generation,Wind Offshore | Actual Aggregated,2026-07-19T23:19:59Z
2026-07-19T23:19:05Z,2026-07-20T01:19:05+0200,028f9a66-b3fa-4fa7-a1aa-7c735a2e67a7,2026-07-13T05:00:00Z,2026-07-13T07:00:00+0200,1756.04,MW,FR,FR,actual_offshore_wind_generation,Wind Offshore | Actual Aggregated,2026-07-19T23:19:59Z
2026-07-19T23:19:05Z,2026-07-20T01:19:05+0200,028f9a66-b3fa-4fa7-a1aa-7c735a2e67a7,2026-07-13T05:15:00Z,2026-07-13T07:15:00+0200,1790.96,MW,FR,FR,actual_offshore_wind_generation,Wind Offshore | Actual Aggregated,2026-07-19T23:19:59Z
2026-07-19T23:19:05Z,2026-07-20T01:19:05+0200,028f9a66-b3fa-4fa7-a1aa-7c735a2e67a7,2026-07-13T05:30:00Z,2026-07-13T07:30:00+0200,1779.68,MW,FR,FR,actual_offshore_wind_generation,Wind Offshore | Actual Aggregated,2026-07-19T23:19:59Z
2026-07-19T23:19:05Z,2026-07-20T01:19:05+0200,028f9a66-b3fa-4fa7-a1aa-7c735a2e67a7,2026-07-13T05:45:00Z,2026-07-13T07:45:00+0200,1717.72,MW,FR,FR,actual_offshore_wind_generation,Wind Offshore | Actual Aggregated,2026-07-19T23:19:59Z
2026-07-19T23:19:05Z,2026-07-20T01:19:05+0200,028f9a66-b3fa-4fa7-a1aa-7c735a2e67a7,2026-07-13T06:00:00Z,2026-07-13T08:00:00+0200,1704.39,MW,FR,FR,actual_offshore_wind_generation,Wind Offshore | Actual Aggregated,2026-07-19T23:19:59Z
2026-07-19T23:19:05Z,2026-07-20T01:19:05+0200,028f9a66-b3fa-4fa7-a1aa-7c735a2e67a7,2026-07-13T06:15:00Z,2026-07-13T08:15:00+0200,1646.56,MW,FR,FR,actual_offshore_wind_generation,Wind Offshore | Actual Aggregated,2026-07-19T23:19:59Z
2026-07-19T23:19:05Z,2026-07-20T01:19:05+0200,028f9a66-b3fa-4fa7-a1aa-7c735a2e67a7,2026-07-13T06:30:00Z,2026-07-13T08:30:00+0200,1551.4,MW,FR,FR,actual_offshore_wind_generation,Wind Offshore | Actual Aggregated,2026-07-19T23:19:59Z
2026-07-19T23:19:05Z,2026-07-20T01:19:05+0200,028f9a66-b3fa-4fa7-a1aa-7c735a2e67a7,2026-07-13T06:45:00Z,2026-07-13T08:45:00+0200,1529.2,MW,FR,FR,actual_offshore_wind_generation,Wind Offshore | Actual Aggregated,2026-07-19T23:19:59Z
2026-07-19T23:19:05Z,2026-07-20T01:19:05+0200,028f9a66-b3fa-4fa7-a1aa-7c735a2e67a7,2026-07-13T07:00:00Z,2026-07-13T09:00:00+0200,1476.52,MW,FR,FR,actual_offshore_wind_generation,Wind Offshore | Actual Aggregated,2026-07-19T23:19:59Z
2026-07-19T23:19:05Z,2026-07-20T01:19:05+0200,028f9a66-b3fa-4fa7-a1aa-7c735a2e67a7,2026-07-13T07:15:00Z,2026-07-13T09:15:00+0200,1450.86,MW,FR,FR,actual_offshore_wind_generation,Wind Offshore | Actual Aggregated,2026-07-19T23:19:59Z
2026-07-19T23:19:05Z,2026-07-20T01:19:05+0200,028f9a66-b3fa-4fa7-a1aa-7c735a2e67a7,2026-07-13T07:30:00Z,2026-07-13T09:30:00+0200,1471.26,MW,FR,FR,actual_offshore_wind_generation,Wind Offshore | Actual Aggregated,2026-07-19T23:19:59Z
2026-07-19T23:19:05Z,2026-07-20T01:19:05+0200,028f9a66-b3fa-4fa7-a1aa-7c735a2e67a7,2026-07-13T07:45:00Z,2026-07-13T09:45:00+0200,1482.27,MW,FR,FR,actual_offshore_wind_generation,Wind Offshore | Actual Aggregated,2026-07-19T23:19:59Z
2026-07-19T23:19:05Z,2026-07-20T01:19:05+0200,028f9a66-b3fa-4fa7-a1aa-7c735a2e67a7,2026-07-13T08:00:00Z,2026-07-13T10:00:00+0200,1636.71,MW,FR,FR,actual_offshore_wind_generation,Wind Offshore | Actual Aggregated,2026-07-19T23:19:59Z
2026-07-19T23:19:05Z,2026-07-20T01:19:05+0200,028f9a66-b3fa-4fa7-a1aa-7c735a2e67a7,2026-07-13T08:15:00Z,2026-07-13T10:15:00+0200,1710.73,MW,FR,FR,actual_offshore_wind_generation,Wind Offshore | Actual Aggregated,2026-07-19T23:19:59Z
2026-07-19T23:19:05Z,2026-07-20T01:19:05+0200,028f9a66-b3fa-4fa7-a1aa-7c735a2e67a7,2026-07-13T08:30:00Z,2026-07-13T10:30:00+0200,1638.14,MW,FR,FR,actual_offshore_wind_generation,Wind Offshore | Actual Aggregated,2026-07-19T23:19:59Z
2026-07-19T23:19:05Z,2026-07-20T01:19:05+0200,028f9a66-b3fa-4fa7-a1aa-7c735a2e67a7,2026-07-13T08:45:00Z,2026-07-13T10:45:00+0200,1616.93,MW,FR,FR,actual_offshore_wind_generation,Wind Offshore | Actual Aggregated,2026-07-19T23:19:59Z
2026-07-19T23:19:05Z,2026-07-20T01:19:05+0200,028f9a66-b3fa-4fa7-a1aa-7c735a2e67a7,2026-07-13T09:00:00Z,2026-07-13T11:00:00+0200,1556.14,MW,FR,FR,actual_offshore_wind_generation,Wind Offshore | Actual Aggregated,2026-07-19T23:19:59Z
2026-07-19T23:19:05Z,2026-07-20T01:19:05+0200,028f9a66-b3fa-4fa7-a1aa-7c735a2e67a7,2026-07-13T09:15:00Z,2026-07-13T11:15:00+0200,1451.04,MW,FR,FR,actual_offshore_wind_generation,Wind Offshore | Actual Aggregated,2026-07-19T23:19:59Z
2026-07-19T23:19:05Z,2026-07-20T01:19:05+0200,028f9a66-b3fa-4fa7-a1aa-7c735a2e67a7,2026-07-13T09:30:00Z,2026-07-13T11:30:00+0200,1345.78,MW,FR,FR,actual_offshore_wind_generation,Wind Offshore | Actual Aggregated,2026-07-19T23:19:59Z
2026-07-19T23:19:05Z,2026-07-20T01:19:05+0200,028f9a66-b3fa-4fa7-a1aa-7c735a2e67a7,2026-07-13T09:45:00Z,2026-07-13T11:45:00+0200,1296.42,MW,FR,FR,actual_offshore_wind_generation,Wind Offshore | Actual Aggregated,2026-07-19T23:19:59Z
2026-07-19T23:19:05Z,2026-07-20T01:19:05+0200,028f9a66-b3fa-4fa7-a1aa-7c735a2e67a7,2026-07-13T10:00:00Z,2026-07-13T12:00:00+0200,1225.58,MW,FR,FR,actual_offshore_wind_generation,Wind Offshore | Actual Aggregated,2026-07-19T23:19:59Z
2026-07-19T23:19:05Z,2026-07-20T01:19:05+0200,028f9a66-b3fa-4fa7-a1aa-7c735a2e67a7,2026-07-13T10:15:00Z,2026-07-13T12:15:00+0200,1139.95,MW,FR,FR,actual_offshore_wind_generation,Wind Offshore | Actual Aggregated,2026-07-19T23:19:59Z
2026-07-19T23:19:05Z,2026-07-20T01:19:05+0200,028f9a66-b3fa-4fa7-a1aa-7c735a2e67a7,2026-07-13T10:30:00Z,2026-07-13T12:30:00+0200,1116.84,MW,FR,FR,actual_offshore_wind_generation,Wind Offshore | Actual Aggregated,2026-07-19T23:19:59Z
2026-07-19T23:19:05Z,2026-07-20T01:19:05+0200,028f9a66-b3fa-4fa7-a1aa-7c735a2e67a7,2026-07-13T10:45:00Z,2026-07-13T12:45:00+0200,1340.64,MW,FR,FR,actual_offshore_wind_generation,Wind Offshore | Actual Aggregated,2026-07-19T23:19:59Z
2026-07-19T23:19:05Z,2026-07-20T01:19:05+0200,028f9a66-b3fa-4fa7-a1aa-7c735a2e67a7,2026-07-13T11:00:00Z,2026-07-13T13:00:00+0200,1426.07,MW,FR,FR,actual_offshore_wind_generation,Wind Offshore | Actual Aggregated,2026-07-19T23:19:59Z
2026-07-19T23:19:05Z,2026-07-20T01:19:05+0200,028f9a66-b3fa-4fa7-a1aa-7c735a2e67a7,2026-07-13T11:15:00Z,2026-07-13T13:15:00+0200,1359.5,MW,FR,FR,actual_offshore_wind_generation,Wind Offshore | Actual Aggregated,2026-07-19T23:19:59Z
2026-07-19T23:19:05Z,2026-07-20T01:19:05+0200,028f9a66-b3fa-4fa7-a1aa-7c735a2e67a7,2026-07-13T11:30:00Z,2026-07-13T13:30:00+0200,1244.84,MW,FR,FR,actual_offshore_wind_generation,Wind Offshore | Actual Aggregated,2026-07-19T23:19:59Z
2026-07-19T23:19:05Z,2026-07-20T01:19:05+0200,028f9a66-b3fa-4fa7-a1aa-7c735a2e67a7,2026-07-13T11:45:00Z,2026-07-13T13:45:00+0200,1074.4,MW,FR,FR,actual_offshore_wind_generation,Wind Offshore | Actual Aggregated,2026-07-19T23:19:59Z
2026-07-19T23:19:05Z,2026-07-20T01:19:05+0200,028f9a66-b3fa-4fa7-a1aa-7c735a2e67a7,2026-07-13T12:00:00Z,2026-07-13T14:00:00+0200,669.2,MW,FR,FR,actual_offshore_wind_generation,Wind Offshore | Actual Aggregated,2026-07-19T23:19:59Z
2026-07-19T23:19:05Z,2026-07-20T01:19:05+0200,028f9a66-b3fa-4fa7-a1aa-7c735a2e67a7,2026-07-13T12:15:00Z,2026-07-13T14:15:00+0200,666.03,MW,FR,FR,actual_offshore_wind_generation,Wind Offshore | Actual Aggregated,2026-07-19T23:19:59Z
2026-07-19T23:19:05Z,2026-07-20T01:19:05+0200,028f9a66-b3fa-4fa7-a1aa-7c735a2e67a7,2026-07-13T12:30:00Z,2026-07-13T14:30:00+0200,695.56,MW,FR,FR,actual_offshore_wind_generation,Wind Offshore | Actual Aggregated,2026-07-19T23:19:59Z
2026-07-19T23:19:05Z,2026-07-20T01:19:05+0200,028f9a66-b3fa-4fa7-a1aa-7c735a2e67a7,2026-07-13T12:45:00Z,2026-07-13T14:45:00+0200,709.51,MW,FR,FR,actual_offshore_wind_generation,Wind Offshore | Actual Aggregated,2026-07-19T23:19:59Z
2026-07-19T23:19:05Z,2026-07-20T01:19:05+0200,028f9a66-b3fa-4fa7-a1aa-7c735a2e67a7,2026-07-13T13:00:00Z,2026-07-13T15:00:00+0200,719.16,MW,FR,FR,actual_offshore_wind_generation,Wind Offshore | Actual Aggregated,2026-07-19T23:19:59Z
2026-07-19T23:19:05Z,2026-07-20T01:19:05+0200,028f9a66-b3fa-4fa7-a1aa-7c735a2e67a7,2026-07-13T13:15:00Z,2026-07-13T15:15:00+0200,756.34,MW,FR,FR,actual_offshore_wind_generation,Wind Offshore | Actual Aggregated,2026-07-19T23:19:59Z
2026-07-19T23:19:05Z,2026-07-20T01:19:05+0200,028f9a66-b3fa-4fa7-a1aa-7c735a2e67a7,2026-07-13T13:30:00Z,2026-07-13T15:30:00+0200,779.52,MW,FR,FR,actual_offshore_wind_generation,Wind Offshore | Actual Aggregated,2026-07-19T23:19:59Z
2026-07-19T23:19:05Z,2026-07-20T01:19:05+0200,028f9a66-b3fa-4fa7-a1aa-7c735a2e67a7,2026-07-13T13:45:00Z,2026-07-13T15:45:00+0200,823.27,MW,FR,FR,actual_offshore_wind_generation,Wind Offshore | Actual Aggregated,2026-07-19T23:19:59Z
2026-07-19T23:19:05Z,2026-07-20T01:19:05+0200,028f9a66-b3fa-4fa7-a1aa-7c735a2e67a7,2026-07-13T14:00:00Z,2026-07-13T16:00:00+0200,1282.23,MW,FR,FR,actual_offshore_wind_generation,Wind Offshore | Actual Aggregated,2026-07-19T23:19:59Z
2026-07-19T23:19:05Z,2026-07-20T01:19:05+0200,028f9a66-b3fa-4fa7-a1aa-7c735a2e67a7,2026-07-13T14:15:00Z,2026-07-13T16:15:00+0200,1316.44,MW,FR,FR,actual_offshore_wind_generation,Wind Offshore | Actual Aggregated,2026-07-19T23:19:59Z
2026-07-19T23:19:05Z,2026-07-20T01:19:05+0200,028f9a66-b3fa-4fa7-a1aa-7c735a2e67a7,2026-07-13T14:30:00Z,2026-07-13T16:30:00+0200,1348.26,MW,FR,FR,actual_offshore_wind_generation,Wind Offshore | Actual Aggregated,2026-07-19T23:19:59Z
2026-07-19T23:19:05Z,2026-07-20T01:19:05+0200,028f9a66-b3fa-4fa7-a1aa-7c735a2e67a7,2026-07-13T14:45:00Z,2026-07-13T16:45:00+0200,1349.35,MW,FR,FR,actual_offshore_wind_generation,Wind Offshore | Actual Aggregated,2026-07-19T23:19:59Z
2026-07-19T23:19:05Z,2026-07-20T01:19:05+0200,028f9a66-b3fa-4fa7-a1aa-7c735a2e67a7,2026-07-13T15:00:00Z,2026-07-13T17:00:00+0200,1360.32,MW,FR,FR,actual_offshore_wind_generation,Wind Offshore | Actual Aggregated,2026-07-19T23:19:59Z
2026-07-19T23:19:05Z,2026-07-20T01:19:05+0200,028f9a66-b3fa-4fa7-a1aa-7c735a2e67a7,2026-07-13T15:15:00Z,2026-07-13T17:15:00+0200,1360.43,MW,FR,FR,actual_offshore_wind_generation,Wind Offshore | Actual Aggregated,2026-07-19T23:19:59Z
2026-07-19T23:19:05Z,2026-07-20T01:19:05+0200,028f9a66-b3fa-4fa7-a1aa-7c735a2e67a7,2026-07-13T15:30:00Z,2026-07-13T17:30:00+0200,1334.38,MW,FR,FR,actual_offshore_wind_generation,Wind Offshore | Actual Aggregated,2026-07-19T23:19:59Z
2026-07-19T23:19:05Z,2026-07-20T01:19:05+0200,028f9a66-b3fa-4fa7-a1aa-7c735a2e67a7,2026-07-13T15:45:00Z,2026-07-13T17:45:00+0200,1221.5,MW,FR,FR,actual_offshore_wind_generation,Wind Offshore | Actual Aggregated,2026-07-19T23:19:59Z
2026-07-19T23:19:05Z,2026-07-20T01:19:05+0200,028f9a66-b3fa-4fa7-a1aa-7c735a2e67a7,2026-07-13T16:00:00Z,2026-07-13T18:00:00+0200,1079.04,MW,FR,FR,actual_offshore_wind_generation,Wind Offshore | Actual Aggregated,2026-07-19T23:19:59Z
2026-07-19T23:19:05Z,2026-07-20T01:19:05+0200,028f9a66-b3fa-4fa7-a1aa-7c735a2e67a7,2026-07-13T16:15:00Z,2026-07-13T18:15:00+0200,1042.76,MW,FR,FR,actual_offshore_wind_generation,Wind Offshore | Actual Aggregated,2026-07-19T23:19:59Z
2026-07-19T23:19:05Z,2026-07-20T01:19:05+0200,028f9a66-b3fa-4fa7-a1aa-7c735a2e67a7,2026-07-13T16:30:00Z,2026-07-13T18:30:00+0200,1057.65,MW,FR,FR,actual_offshore_wind_generation,Wind Offshore | Actual Aggregated,2026-07-19T23:19:59Z
2026-07-19T23:19:05Z,2026-07-20T01:19:05+0200,028f9a66-b3fa-4fa7-a1aa-7c735a2e67a7,2026-07-13T16:45:00Z,2026-07-13T18:45:00+0200,1058.81,MW,FR,FR,actual_offshore_wind_generation,Wind Offshore | Actual Aggregated,2026-07-19T23:19:59Z
2026-07-19T23:19:05Z,2026-07-20T01:19:05+0200,028f9a66-b3fa-4fa7-a1aa-7c735a2e67a7,2026-07-13T17:00:00Z,2026-07-13T19:00:00+0200,1075.57,MW,FR,FR,actual_offshore_wind_generation,Wind Offshore | Actual Aggregated,2026-07-19T23:19:59Z
2026-07-19T23:19:05Z,2026-07-20T01:19:05+0200,028f9a66-b3fa-4fa7-a1aa-7c735a2e67a7,2026-07-13T17:15:00Z,2026-07-13T19:15:00+0200,1185.34,MW,FR,FR,actual_offshore_wind_generation,Wind Offshore | Actual Aggregated,2026-07-19T23:19:59Z
2026-07-19T23:19:05Z,2026-07-20T01:19:05+0200,028f9a66-b3fa-4fa7-a1aa-7c735a2e67a7,2026-07-13T17:30:00Z,2026-07-13T19:30:00+0200,1282.25,MW,FR,FR,actual_offshore_wind_generation,Wind Offshore | Actual Aggregated,2026-07-19T23:19:59Z
2026-07-19T23:19:05Z,2026-07-20T01:19:05+0200,028f9a66-b3fa-4fa7-a1aa-7c735a2e67a7,2026-07-13T17:45:00Z,2026-07-13T19:45:00+0200,1317.3,MW,FR,FR,actual_offshore_wind_generation,Wind Offshore | Actual Aggregated,2026-07-19T23:19:59Z
2026-07-19T23:19:05Z,2026-07-20T01:19:05+0200,028f9a66-b3fa-4fa7-a1aa-7c735a2e67a7,2026-07-13T18:00:00Z,2026-07-13T20:00:00+0200,1360.73,MW,FR,FR,actual_offshore_wind_generation,Wind Offshore | Actual Aggregated,2026-07-19T23:19:59Z
2026-07-19T23:19:05Z,2026-07-20T01:19:05+0200,028f9a66-b3fa-4fa7-a1aa-7c735a2e67a7,2026-07-13T18:15:00Z,2026-07-13T20:15:00+0200,1399.74,MW,FR,FR,actual_offshore_wind_generation,Wind Offshore | Actual Aggregated,2026-07-19T23:19:59Z
2026-07-19T23:19:05Z,2026-07-20T01:19:05+0200,028f9a66-b3fa-4fa7-a1aa-7c735a2e67a7,2026-07-13T18:30:00Z,2026-07-13T20:30:00+0200,1429.75,MW,FR,FR,actual_offshore_wind_generation,Wind Offshore | Actual Aggregated,2026-07-19T23:19:59Z
2026-07-19T23:19:05Z,2026-07-20T01:19:05+0200,028f9a66-b3fa-4fa7-a1aa-7c735a2e67a7,2026-07-13T18:45:00Z,2026-07-13T20:45:00+0200,1416.05,MW,FR,FR,actual_offshore_wind_generation,Wind Offshore | Actual Aggregated,2026-07-19T23:19:59Z
2026-07-19T23:19:05Z,2026-07-20T01:19:05+0200,028f9a66-b3fa-4fa7-a1aa-7c735a2e67a7,2026-07-13T19:00:00Z,2026-07-13T21:00:00+0200,1361.45,MW,FR,FR,actual_offshore_wind_generation,Wind Offshore | Actual Aggregated,2026-07-19T23:19:59Z
2026-07-19T23:19:05Z,2026-07-20T01:19:05+0200,028f9a66-b3fa-4fa7-a1aa-7c735a2e67a7,2026-07-13T19:15:00Z,2026-07-13T21:15:00+0200,1291.83,MW,FR,FR,actual_offshore_wind_generation,Wind Offshore | Actual Aggregated,2026-07-19T23:19:59Z
2026-07-19T23:19:05Z,2026-07-20T01:19:05+0200,028f9a66-b3fa-4fa7-a1aa-7c735a2e67a7,2026-07-13T19:30:00Z,2026-07-13T21:30:00+0200,1282.7,MW,FR,FR,actual_offshore_wind_generation,Wind Offshore | Actual Aggregated,2026-07-19T23:19:59Z
2026-07-19T23:19:05Z,2026-07-20T01:19:05+0200,028f9a66-b3fa-4fa7-a1aa-7c735a2e67a7,2026-07-13T19:45:00Z,2026-07-13T21:45:00+0200,1302.38,MW,FR,FR,actual_offshore_wind_generation,Wind Offshore | Actual Aggregated,2026-07-19T23:19:59Z
2026-07-19T23:19:05Z,2026-07-20T01:19:05+0200,028f9a66-b3fa-4fa7-a1aa-7c735a2e67a7,2026-07-13T20:00:00Z,2026-07-13T22:00:00+0200,1321.5,MW,FR,FR,actual_offshore_wind_generation,Wind Offshore | Actual Aggregated,2026-07-19T23:19:59Z
2026-07-19T23:19:05Z,2026-07-20T01:19:05+0200,028f9a66-b3fa-4fa7-a1aa-7c735a2e67a7,2026-07-13T20:15:00Z,2026-07-13T22:15:00+0200,1352.59,MW,FR,FR,actual_offshore_wind_generation,Wind Offshore | Actual Aggregated,2026-07-19T23:19:59Z
2026-07-19T23:19:05Z,2026-07-20T01:19:05+0200,028f9a66-b3fa-4fa7-a1aa-7c735a2e67a7,2026-07-13T20:30:00Z,2026-07-13T22:30:00+0200,1348.52,MW,FR,FR,actual_offshore_wind_generation,Wind Offshore | Actual Aggregated,2026-07-19T23:19:59Z
2026-07-19T23:19:05Z,2026-07-20T01:19:05+0200,028f9a66-b3fa-4fa7-a1aa-7c735a2e67a7,2026-07-13T20:45:00Z,2026-07-13T22:45:00+0200,1353.69,MW,FR,FR,actual_offshore_wind_generation,Wind Offshore | Actual Aggregated,2026-07-19T23:19:59Z
2026-07-19T23:19:05Z,2026-07-20T01:19:05+0200,028f9a66-b3fa-4fa7-a1aa-7c735a2e67a7,2026-07-13T21:00:00Z,2026-07-13T23:00:00+0200,1384.21,MW,FR,FR,actual_offshore_wind_generation,Wind Offshore | Actual Aggregated,2026-07-19T23:19:59Z
2026-07-19T23:19:05Z,2026-07-20T01:19:05+0200,028f9a66-b3fa-4fa7-a1aa-7c735a2e67a7,2026-07-13T21:15:00Z,2026-07-13T23:15:00+0200,1347.23,MW,FR,FR,actual_offshore_wind_generation,Wind Offshore | Actual Aggregated,2026-07-19T23:19:59Z
2026-07-19T23:19:05Z,2026-07-20T01:19:05+0200,028f9a66-b3fa-4fa7-a1aa-7c735a2e67a7,2026-07-13T21:30:00Z,2026-07-13T23:30:00+0200,1285.08,MW,FR,FR,actual_offshore_wind_generation,Wind Offshore | Actual Aggregated,2026-07-19T23:19:59Z
2026-07-19T23:19:05Z,2026-07-20T01:19:05+0200,028f9a66-b3fa-4fa7-a1aa-7c735a2e67a7,2026-07-13T21:45:00Z,2026-07-13T23:45:00+0200,1290.94,MW,FR,FR,actual_offshore_wind_generation,Wind Offshore | Actual Aggregated,2026-07-19T23:19:59Z
2026-07-19T23:19:05Z,2026-07-20T01:19:05+0200,028f9a66-b3fa-4fa7-a1aa-7c735a2e67a7,2026-07-13T22:00:00Z,2026-07-14T00:00:00+0200,1274.63,MW,FR,FR,actual_offshore_wind_generation,Wind Offshore | Actual Aggregated,2026-07-19T23:19:59Z
2026-07-19T23:19:05Z,2026-07-20T01:19:05+0200,028f9a66-b3fa-4fa7-a1aa-7c735a2e67a7,2026-07-13T22:15:00Z,2026-07-14T00:15:00+0200,1249.61,MW,FR,FR,actual_offshore_wind_generation,Wind Offshore | Actual Aggregated,2026-07-19T23:19:59Z
2026-07-19T23:19:05Z,2026-07-20T01:19:05+0200,028f9a66-b3fa-4fa7-a1aa-7c735a2e67a7,2026-07-13T22:30:00Z,2026-07-14T00:30:00+0200,1163.5,MW,FR,FR,actual_offshore_wind_generation,Wind Offshore | Actual Aggregated,2026-07-19T23:19:59Z
2026-07-19T23:19:05Z,2026-07-20T01:19:05+0200,028f9a66-b3fa-4fa7-a1aa-7c735a2e67a7,2026-07-13T22:45:00Z,2026-07-14T00:45:00+0200,1115.24,MW,FR,FR,actual_offshore_wind_generation,Wind Offshore | Actual Aggregated,2026-07-19T23:19:59Z
2026-07-19T23:19:05Z,2026-07-20T01:19:05+0200,028f9a66-b3fa-4fa7-a1aa-7c735a2e67a7,2026-07-13T23:00:00Z,2026-07-14T01:00:00+0200,1091.16,MW,FR,FR,actual_offshore_wind_generation,Wind Offshore | Actual Aggregated,2026-07-19T23:19:59Z
2026-07-19T23:19:05Z,2026-07-20T01:19:05+0200,028f9a66-b3fa-4fa7-a1aa-7c735a2e67a7,2026-07-13T23:15:00Z,2026-07-14T01:15:00+0200,1157.46,MW,FR,FR,actual_offshore_wind_generation,Wind Offshore | Actual Aggregated,2026-07-19T23:19:59Z
2026-07-19T23:19:05Z,2026-07-20T01:19:05+0200,028f9a66-b3fa-4fa7-a1aa-7c735a2e67a7,2026-07-13T23:30:00Z,2026-07-14T01:30:00+0200,1141.58,MW,FR,FR,actual_offshore_wind_generation,Wind Offshore | Actual Aggregated,2026-07-19T23:19:59Z
2026-07-19T23:19:05Z,2026-07-20T01:19:05+0200,028f9a66-b3fa-4fa7-a1aa-7c735a2e67a7,2026-07-13T23:45:00Z,2026-07-14T01:45:00+0200,1067.79,MW,FR,FR,actual_offshore_wind_generation,Wind Offshore | Actual Aggregated,2026-07-19T23:19:59Z
2026-07-19T23:19:05Z,2026-07-20T01:19:05+0200,028f9a66-b3fa-4fa7-a1aa-7c735a2e67a7,2026-07-14T00:00:00Z,2026-07-14T02:00:00+0200,1006.13,MW,FR,FR,actual_offshore_wind_generation,Wind Offshore | Actual Aggregated,2026-07-19T23:19:59Z
2026-07-19T23:19:05Z,2026-07-20T01:19:05+0200,028f9a66-b3fa-4fa7-a1aa-7c735a2e67a7,2026-07-14T00:15:00Z,2026-07-14T02:15:00+0200,989.37,MW,FR,FR,actual_offshore_wind_generation,Wind Offshore | Actual Aggregated,2026-07-19T23:19:59Z
2026-07-19T23:19:05Z,2026-07-20T01:19:05+0200,028f9a66-b3fa-4fa7-a1aa-7c735a2e67a7,2026-07-14T00:30:00Z,2026-07-14T02:30:00+0200,974.81,MW,FR,FR,actual_offshore_wind_generation,Wind Offshore | Actual Aggregated,2026-07-19T23:19:59Z
2026-07-19T23:19:05Z,2026-07-20T01:19:05+0200,028f9a66-b3fa-4fa7-a1aa-7c735a2e67a7,2026-07-14T00:45:00Z,2026-07-14T02:45:00+0200,1008.7,MW,FR,FR,actual_offshore_wind_generation,Wind Offshore | Actual Aggregated,2026-07-19T23:19:59Z
2026-07-19T23:19:05Z,2026-07-20T01:19:05+0200,028f9a66-b3fa-4fa7-a1aa-7c735a2e67a7,2026-07-14T01:00:00Z,2026-07-14T03:00:00+0200,1059.44,MW,FR,FR,actual_offshore_wind_generation,Wind Offshore | Actual Aggregated,2026-07-19T23:19:59Z
2026-07-19T23:19:05Z,2026-07-20T01:19:05+0200,028f9a66-b3fa-4fa7-a1aa-7c735a2e67a7,2026-07-14T01:15:00Z,2026-07-14T03:15:00+0200,1109.65,MW,FR,FR,actual_offshore_wind_generation,Wind Offshore | Actual Aggregated,2026-07-19T23:19:59Z
2026-07-19T23:19:05Z,2026-07-20T01:19:05+0200,028f9a66-b3fa-4fa7-a1aa-7c735a2e67a7,2026-07-14T01:30:00Z,2026-07-14T03:30:00+0200,1131.69,MW,FR,FR,actual_offshore_wind_generation,Wind Offshore | Actual Aggregated,2026-07-19T23:19:59Z
2026-07-19T23:19:05Z,2026-07-20T01:19:05+0200,028f9a66-b3fa-4fa7-a1aa-7c735a2e67a7,2026-07-14T01:45:00Z,2026-07-14T03:45:00+0200,1103.77,MW,FR,FR,actual_offshore_wind_generation,Wind Offshore | Actual Aggregated,2026-07-19T23:19:59Z
2026-07-19T23:19:05Z,2026-07-20T01:19:05+0200,028f9a66-b3fa-4fa7-a1aa-7c735a2e67a7,2026-07-14T02:00:00Z,2026-07-14T04:00:00+0200,1053.41,MW,FR,FR,actual_offshore_wind_generation,Wind Offshore | Actual Aggregated,2026-07-19T23:19:59Z
2026-07-19T23:19:05Z,2026-07-20T01:19:05+0200,028f9a66-b3fa-4fa7-a1aa-7c735a2e67a7,2026-07-14T02:15:00Z,2026-07-14T04:15:00+0200,988.22,MW,FR,FR,actual_offshore_wind_generation,Wind Offshore | Actual Aggregated,2026-07-19T23:19:59Z
2026-07-19T23:19:05Z,2026-07-20T01:19:05+0200,028f9a66-b3fa-4fa7-a1aa-7c735a2e67a7,2026-07-14T02:30:00Z,2026-07-14T04:30:00+0200,956.44,MW,FR,FR,actual_offshore_wind_generation,Wind Offshore | Actual Aggregated,2026-07-19T23:19:59Z
2026-07-19T23:19:05Z,2026-07-20T01:19:05+0200,028f9a66-b3fa-4fa7-a1aa-7c735a2e67a7,2026-07-14T02:45:00Z,2026-07-14T04:45:00+0200,963.55,MW,FR,FR,actual_offshore_wind_generation,Wind Offshore | Actual Aggregated,2026-07-19T23:19:59Z
2026-07-19T23:19:05Z,2026-07-20T01:19:05+0200,028f9a66-b3fa-4fa7-a1aa-7c735a2e67a7,2026-07-14T03:00:00Z,2026-07-14T05:00:00+0200,922.07,MW,FR,FR,actual_offshore_wind_generation,Wind Offshore | Actual Aggregated,2026-07-19T23:19:59Z
2026-07-19T23:19:05Z,2026-07-20T01:19:05+0200,028f9a66-b3fa-4fa7-a1aa-7c735a2e67a7,2026-07-14T03:15:00Z,2026-07-14T05:15:00+0200,895.44,MW,FR,FR,actual_offshore_wind_generation,Wind Offshore | Actual Aggregated,2026-07-19T23:19:59Z
2026-07-19T23:19:05Z,2026-07-20T01:19:05+0200,028f9a66-b3fa-4fa7-a1aa-7c735a2e67a7,2026-07-14T03:30:00Z,2026-07-14T05:30:00+0200,864.65,MW,FR,FR,actual_offshore_wind_generation,Wind Offshore | Actual Aggregated,2026-07-19T23:19:59Z
2026-07-19T23:19:05Z,2026-07-20T01:19:05+0200,028f9a66-b3fa-4fa7-a1aa-7c735a2e67a7,2026-07-14T03:45:00Z,2026-07-14T05:45:00+0200,839.5,MW,FR,FR,actual_offshore_wind_generation,Wind Offshore | Actual Aggregated,2026-07-19T23:19:59Z
2026-07-19T23:19:05Z,2026-07-20T01:19:05+0200,028f9a66-b3fa-4fa7-a1aa-7c735a2e67a7,2026-07-14T04:00:00Z,2026-07-14T06:00:00+0200,850.9,MW,FR,FR,actual_offshore_wind_generation,Wind Offshore | Actual Aggregated,2026-07-19T23:19:59Z
2026-07-19T23:19:05Z,2026-07-20T01:19:05+0200,028f9a66-b3fa-4fa7-a1aa-7c735a2e67a7,2026-07-14T04:15:00Z,2026-07-14T06:15:00+0200,856.77,MW,FR,FR,actual_offshore_wind_generation,Wind Offshore | Actual Aggregated,2026-07-19T23:19:59Z
2026-07-19T23:19:05Z,2026-07-20T01:19:05+0200,028f9a66-b3fa-4fa7-a1aa-7c735a2e67a7,2026-07-14T04:30:00Z,2026-07-14T06:30:00+0200,842.79,MW,FR,FR,actual_offshore_wind_generation,Wind Offshore | Actual Aggregated,2026-07-19T23:19:59Z
2026-07-19T23:19:05Z,2026-07-20T01:19:05+0200,028f9a66-b3fa-4fa7-a1aa-7c735a2e67a7,2026-07-14T04:45:00Z,2026-07-14T06:45:00+0200,837.27,MW,FR,FR,actual_offshore_wind_generation,Wind Offshore | Actual Aggregated,2026-07-19T23:19:59Z
2026-07-19T23:19:05Z,2026-07-20T01:19:05+0200,028f9a66-b3fa-4fa7-a1aa-7c735a2e67a7,2026-07-14T05:00:00Z,2026-07-14T07:00:00+0200,847.69,MW,FR,FR,actual_offshore_wind_generation,Wind Offshore | Actual Aggregated,2026-07-19T23:19:59Z
2026-07-19T23:19:05Z,2026-07-20T01:19:05+0200,028f9a66-b3fa-4fa7-a1aa-7c735a2e67a7,2026-07-14T05:15:00Z,2026-07-14T07:15:00+0200,829.72,MW,FR,FR,actual_offshore_wind_generation,Wind Offshore | Actual Aggregated,2026-07-19T23:19:59Z
2026-07-19T23:19:05Z,2026-07-20T01:19:05+0200,028f9a66-b3fa-4fa7-a1aa-7c735a2e67a7,2026-07-14T05:30:00Z,2026-07-14T07:30:00+0200,804.05,MW,FR,FR,actual_offshore_wind_generation,Wind Offshore | Actual Aggregated,2026-07-19T23:19:59Z
2026-07-19T23:19:05Z,2026-07-20T01:19:05+0200,028f9a66-b3fa-4fa7-a1aa-7c735a2e67a7,2026-07-14T05:45:00Z,2026-07-14T07:45:00+0200,776.77,MW,FR,FR,actual_offshore_wind_generation,Wind Offshore | Actual Aggregated,2026-07-19T23:19:59Z
2026-07-19T23:19:05Z,2026-07-20T01:19:05+0200,028f9a66-b3fa-4fa7-a1aa-7c735a2e67a7,2026-07-14T06:00:00Z,2026-07-14T08:00:00+0200,740.97,MW,FR,FR,actual_offshore_wind_generation,Wind Offshore | Actual Aggregated,2026-07-19T23:19:59Z
2026-07-19T23:19:05Z,2026-07-20T01:19:05+0200,028f9a66-b3fa-4fa7-a1aa-7c735a2e67a7,2026-07-14T06:15:00Z,2026-07-14T08:15:00+0200,728.01,MW,FR,FR,actual_offshore_wind_generation,Wind Offshore | Actual Aggregated,2026-07-19T23:19:59Z
2026-07-19T23:19:05Z,2026-07-20T01:19:05+0200,028f9a66-b3fa-4fa7-a1aa-7c735a2e67a7,2026-07-14T06:30:00Z,2026-07-14T08:30:00+0200,738.87,MW,FR,FR,actual_offshore_wind_generation,Wind Offshore | Actual Aggregated,2026-07-19T23:19:59Z
2026-07-19T23:19:05Z,2026-07-20T01:19:05+0200,028f9a66-b3fa-4fa7-a1aa-7c735a2e67a7,2026-07-14T06:45:00Z,2026-07-14T08:45:00+0200,751.45,MW,FR,FR,actual_offshore_wind_generation,Wind Offshore | Actual Aggregated,2026-07-19T23:19:59Z
2026-07-19T23:19:05Z,2026-07-20T01:19:05+0200,028f9a66-b3fa-4fa7-a1aa-7c735a2e67a7,2026-07-14T07:00:00Z,2026-07-14T09:00:00+0200,763.72,MW,FR,FR,actual_offshore_wind_generation,Wind Offshore | Actual Aggregated,2026-07-19T23:19:59Z
2026-07-19T23:19:05Z,2026-07-20T01:19:05+0200,028f9a66-b3fa-4fa7-a1aa-7c735a2e67a7,2026-07-14T07:15:00Z,2026-07-14T09:15:00+0200,759.17,MW,FR,FR,actual_offshore_wind_generation,Wind Offshore | Actual Aggregated,2026-07-19T23:19:59Z
2026-07-19T23:19:05Z,2026-07-20T01:19:05+0200,028f9a66-b3fa-4fa7-a1aa-7c735a2e67a7,2026-07-14T07:30:00Z,2026-07-14T09:30:00+0200,750.31,MW,FR,FR,actual_offshore_wind_generation,Wind Offshore | Actual Aggregated,2026-07-19T23:19:59Z
2026-07-19T23:19:05Z,2026-07-20T01:19:05+0200,028f9a66-b3fa-4fa7-a1aa-7c735a2e67a7,2026-07-14T07:45:00Z,2026-07-14T09:45:00+0200,763.03,MW,FR,FR,actual_offshore_wind_generation,Wind Offshore | Actual Aggregated,2026-07-19T23:19:59Z
2026-07-19T23:19:05Z,2026-07-20T01:19:05+0200,028f9a66-b3fa-4fa7-a1aa-7c735a2e67a7,2026-07-14T08:00:00Z,2026-07-14T10:00:00+0200,778.03,MW,FR,FR,actual_offshore_wind_generation,Wind Offshore | Actual Aggregated,2026-07-19T23:19:59Z
2026-07-19T23:19:05Z,2026-07-20T01:19:05+0200,028f9a66-b3fa-4fa7-a1aa-7c735a2e67a7,2026-07-14T08:15:00Z,2026-07-14T10:15:00+0200,830.02,MW,FR,FR,actual_offshore_wind_generation,Wind Offshore | Actual Aggregated,2026-07-19T23:19:59Z
2026-07-19T23:19:05Z,2026-07-20T01:19:05+0200,028f9a66-b3fa-4fa7-a1aa-7c735a2e67a7,2026-07-14T08:30:00Z,2026-07-14T10:30:00+0200,853.82,MW,FR,FR,actual_offshore_wind_generation,Wind Offshore | Actual Aggregated,2026-07-19T23:19:59Z
2026-07-19T23:19:05Z,2026-07-20T01:19:05+0200,028f9a66-b3fa-4fa7-a1aa-7c735a2e67a7,2026-07-14T08:45:00Z,2026-07-14T10:45:00+0200,841.36,MW,FR,FR,actual_offshore_wind_generation,Wind Offshore | Actual Aggregated,2026-07-19T23:19:59Z
2026-07-19T23:19:05Z,2026-07-20T01:19:05+0200,028f9a66-b3fa-4fa7-a1aa-7c735a2e67a7,2026-07-14T09:00:00Z,2026-07-14T11:00:00+0200,829.92,MW,FR,FR,actual_offshore_wind_generation,Wind Offshore | Actual Aggregated,2026-07-19T23:19:59Z
2026-07-19T23:19:05Z,2026-07-20T01:19:05+0200,028f9a66-b3fa-4fa7-a1aa-7c735a2e67a7,2026-07-14T09:15:00Z,2026-07-14T11:15:00+0200,828.9,MW,FR,FR,actual_offshore_wind_generation,Wind Offshore | Actual Aggregated,2026-07-19T23:19:59Z
2026-07-19T23:19:05Z,2026-07-20T01:19:05+0200,028f9a66-b3fa-4fa7-a1aa-7c735a2e67a7,2026-07-14T09:30:00Z,2026-07-14T11:30:00+0200,822.44,MW,FR,FR,actual_offshore_wind_generation,Wind Offshore | Actual Aggregated,2026-07-19T23:19:59Z
2026-07-19T23:19:05Z,2026-07-20T01:19:05+0200,028f9a66-b3fa-4fa7-a1aa-7c735a2e67a7,2026-07-14T09:45:00Z,2026-07-14T11:45:00+0200,831.84,MW,FR,FR,actual_offshore_wind_generation,Wind Offshore | Actual Aggregated,2026-07-19T23:19:59Z
2026-07-19T23:19:05Z,2026-07-20T01:19:05+0200,028f9a66-b3fa-4fa7-a1aa-7c735a2e67a7,2026-07-14T10:00:00Z,2026-07-14T12:00:00+0200,811.08,MW,FR,FR,actual_offshore_wind_generation,Wind Offshore | Actual Aggregated,2026-07-19T23:19:59Z
2026-07-19T23:19:05Z,2026-07-20T01:19:05+0200,028f9a66-b3fa-4fa7-a1aa-7c735a2e67a7,2026-07-14T10:15:00Z,2026-07-14T12:15:00+0200,765.02,MW,FR,FR,actual_offshore_wind_generation,Wind Offshore | Actual Aggregated,2026-07-19T23:19:59Z
2026-07-19T23:19:05Z,2026-07-20T01:19:05+0200,028f9a66-b3fa-4fa7-a1aa-7c735a2e67a7,2026-07-14T10:30:00Z,2026-07-14T12:30:00+0200,745.12,MW,FR,FR,actual_offshore_wind_generation,Wind Offshore | Actual Aggregated,2026-07-19T23:19:59Z
2026-07-19T23:19:05Z,2026-07-20T01:19:05+0200,028f9a66-b3fa-4fa7-a1aa-7c735a2e67a7,2026-07-14T10:45:00Z,2026-07-14T12:45:00+0200,743.55,MW,FR,FR,actual_offshore_wind_generation,Wind Offshore | Actual Aggregated,2026-07-19T23:19:59Z
2026-07-19T23:19:05Z,2026-07-20T01:19:05+0200,028f9a66-b3fa-4fa7-a1aa-7c735a2e67a7,2026-07-14T11:00:00Z,2026-07-14T13:00:00+0200,733.44,MW,FR,FR,actual_offshore_wind_generation,Wind Offshore | Actual Aggregated,2026-07-19T23:19:59Z
2026-07-19T23:19:05Z,2026-07-20T01:19:05+0200,028f9a66-b3fa-4fa7-a1aa-7c735a2e67a7,2026-07-14T11:15:00Z,2026-07-14T13:15:00+0200,743.11,MW,FR,FR,actual_offshore_wind_generation,Wind Offshore | Actual Aggregated,2026-07-19T23:19:59Z
2026-07-19T23:19:05Z,2026-07-20T01:19:05+0200,028f9a66-b3fa-4fa7-a1aa-7c735a2e67a7,2026-07-14T11:30:00Z,2026-07-14T13:30:00+0200,724.18,MW,FR,FR,actual_offshore_wind_generation,Wind Offshore | Actual Aggregated,2026-07-19T23:19:59Z
2026-07-19T23:19:05Z,2026-07-20T01:19:05+0200,028f9a66-b3fa-4fa7-a1aa-7c735a2e67a7,2026-07-14T11:45:00Z,2026-07-14T13:45:00+0200,732.97,MW,FR,FR,actual_offshore_wind_generation,Wind Offshore | Actual Aggregated,2026-07-19T23:19:59Z
2026-07-19T23:19:05Z,2026-07-20T01:19:05+0200,028f9a66-b3fa-4fa7-a1aa-7c735a2e67a7,2026-07-14T12:00:00Z,2026-07-14T14:00:00+0200,721.39,MW,FR,FR,actual_offshore_wind_generation,Wind Offshore | Actual Aggregated,2026-07-19T23:19:59Z
2026-07-19T23:19:05Z,2026-07-20T01:19:05+0200,028f9a66-b3fa-4fa7-a1aa-7c735a2e67a7,2026-07-14T12:15:00Z,2026-07-14T14:15:00+0200,730.24,MW,FR,FR,actual_offshore_wind_generation,Wind Offshore | Actual Aggregated,2026-07-19T23:19:59Z
2026-07-19T23:19:05Z,2026-07-20T01:19:05+0200,028f9a66-b3fa-4fa7-a1aa-7c735a2e67a7,2026-07-14T12:30:00Z,2026-07-14T14:30:00+0200,761.56,MW,FR,FR,actual_offshore_wind_generation,Wind Offshore | Actual Aggregated,2026-07-19T23:19:59Z
2026-07-19T23:19:05Z,2026-07-20T01:19:05+0200,028f9a66-b3fa-4fa7-a1aa-7c735a2e67a7,2026-07-14T12:45:00Z,2026-07-14T14:45:00+0200,784.13,MW,FR,FR,actual_offshore_wind_generation,Wind Offshore | Actual Aggregated,2026-07-19T23:19:59Z
2026-07-19T23:19:05Z,2026-07-20T01:19:05+0200,028f9a66-b3fa-4fa7-a1aa-7c735a2e67a7,2026-07-14T13:00:00Z,2026-07-14T15:00:00+0200,770.44,MW,FR,FR,actual_offshore_wind_generation,Wind Offshore | Actual Aggregated,2026-07-19T23:19:59Z
2026-07-19T23:19:05Z,2026-07-20T01:19:05+0200,028f9a66-b3fa-4fa7-a1aa-7c735a2e67a7,2026-07-14T13:15:00Z,2026-07-14T15:15:00+0200,775.32,MW,FR,FR,actual_offshore_wind_generation,Wind Offshore | Actual Aggregated,2026-07-19T23:19:59Z
2026-07-19T23:19:05Z,2026-07-20T01:19:05+0200,028f9a66-b3fa-4fa7-a1aa-7c735a2e67a7,2026-07-14T13:30:00Z,2026-07-14T15:30:00+0200,790.2,MW,FR,FR,actual_offshore_wind_generation,Wind Offshore | Actual Aggregated,2026-07-19T23:19:59Z
2026-07-19T23:19:05Z,2026-07-20T01:19:05+0200,028f9a66-b3fa-4fa7-a1aa-7c735a2e67a7,2026-07-14T13:45:00Z,2026-07-14T15:45:00+0200,771.13,MW,FR,FR,actual_offshore_wind_generation,Wind Offshore | Actual Aggregated,2026-07-19T23:19:59Z
2026-07-19T23:19:05Z,2026-07-20T01:19:05+0200,028f9a66-b3fa-4fa7-a1aa-7c735a2e67a7,2026-07-14T14:00:00Z,2026-07-14T16:00:00+0200,762.54,MW,FR,FR,actual_offshore_wind_generation,Wind Offshore | Actual Aggregated,2026-07-19T23:19:59Z
2026-07-19T23:19:05Z,2026-07-20T01:19:05+0200,028f9a66-b3fa-4fa7-a1aa-7c735a2e67a7,2026-07-14T14:15:00Z,2026-07-14T16:15:00+0200,812.2,MW,FR,FR,actual_offshore_wind_generation,Wind Offshore | Actual Aggregated,2026-07-19T23:19:59Z
2026-07-19T23:19:05Z,2026-07-20T01:19:05+0200,028f9a66-b3fa-4fa7-a1aa-7c735a2e67a7,2026-07-14T14:30:00Z,2026-07-14T16:30:00+0200,834.93,MW,FR,FR,actual_offshore_wind_generation,Wind Offshore | Actual Aggregated,2026-07-19T23:19:59Z
2026-07-19T23:19:05Z,2026-07-20T01:19:05+0200,028f9a66-b3fa-4fa7-a1aa-7c735a2e67a7,2026-07-14T14:45:00Z,2026-07-14T16:45:00+0200,877.01,MW,FR,FR,actual_offshore_wind_generation,Wind Offshore | Actual Aggregated,2026-07-19T23:19:59Z
2026-07-19T23:19:05Z,2026-07-20T01:19:05+0200,028f9a66-b3fa-4fa7-a1aa-7c735a2e67a7,2026-07-14T15:00:00Z,2026-07-14T17:00:00+0200,888.7,MW,FR,FR,actual_offshore_wind_generation,Wind Offshore | Actual Aggregated,2026-07-19T23:19:59Z
2026-07-19T23:19:05Z,2026-07-20T01:19:05+0200,028f9a66-b3fa-4fa7-a1aa-7c735a2e67a7,2026-07-14T15:15:00Z,2026-07-14T17:15:00+0200,868.6,MW,FR,FR,actual_offshore_wind_generation,Wind Offshore | Actual Aggregated,2026-07-19T23:19:59Z
2026-07-19T23:19:05Z,2026-07-20T01:19:05+0200,028f9a66-b3fa-4fa7-a1aa-7c735a2e67a7,2026-07-14T15:30:00Z,2026-07-14T17:30:00+0200,850.73,MW,FR,FR,actual_offshore_wind_generation,Wind Offshore | Actual Aggregated,2026-07-19T23:19:59Z
2026-07-19T23:19:05Z,2026-07-20T01:19:05+0200,028f9a66-b3fa-4fa7-a1aa-7c735a2e67a7,2026-07-14T15:45:00Z,2026-07-14T17:45:00+0200,841.97,MW,FR,FR,actual_offshore_wind_generation,Wind Offshore | Actual Aggregated,2026-07-19T23:19:59Z
2026-07-19T23:19:05Z,2026-07-20T01:19:05+0200,028f9a66-b3fa-4fa7-a1aa-7c735a2e67a7,2026-07-14T16:00:00Z,2026-07-14T18:00:00+0200,820.54,MW,FR,FR,actual_offshore_wind_generation,Wind Offshore | Actual Aggregated,2026-07-19T23:19:59Z
2026-07-19T23:19:05Z,2026-07-20T01:19:05+0200,028f9a66-b3fa-4fa7-a1aa-7c735a2e67a7,2026-07-14T16:15:00Z,2026-07-14T18:15:00+0200,826.21,MW,FR,FR,actual_offshore_wind_generation,Wind Offshore | Actual Aggregated,2026-07-19T23:19:59Z
2026-07-19T23:19:05Z,2026-07-20T01:19:05+0200,028f9a66-b3fa-4fa7-a1aa-7c735a2e67a7,2026-07-14T16:30:00Z,2026-07-14T18:30:00+0200,806.3,MW,FR,FR,actual_offshore_wind_generation,Wind Offshore | Actual Aggregated,2026-07-19T23:19:59Z
2026-07-19T23:19:05Z,2026-07-20T01:19:05+0200,028f9a66-b3fa-4fa7-a1aa-7c735a2e67a7,2026-07-14T16:45:00Z,2026-07-14T18:45:00+0200,775.24,MW,FR,FR,actual_offshore_wind_generation,Wind Offshore | Actual Aggregated,2026-07-19T23:19:59Z
2026-07-19T23:19:05Z,2026-07-20T01:19:05+0200,028f9a66-b3fa-4fa7-a1aa-7c735a2e67a7,2026-07-14T17:00:00Z,2026-07-14T19:00:00+0200,726.25,MW,FR,FR,actual_offshore_wind_generation,Wind Offshore | Actual Aggregated,2026-07-19T23:19:59Z
2026-07-19T23:19:05Z,2026-07-20T01:19:05+0200,028f9a66-b3fa-4fa7-a1aa-7c735a2e67a7,2026-07-14T17:15:00Z,2026-07-14T19:15:00+0200,661.21,MW,FR,FR,actual_offshore_wind_generation,Wind Offshore | Actual Aggregated,2026-07-19T23:19:59Z
2026-07-19T23:19:05Z,2026-07-20T01:19:05+0200,028f9a66-b3fa-4fa7-a1aa-7c735a2e67a7,2026-07-14T17:30:00Z,2026-07-14T19:30:00+0200,670.4,MW,FR,FR,actual_offshore_wind_generation,Wind Offshore | Actual Aggregated,2026-07-19T23:19:59Z
2026-07-19T23:19:05Z,2026-07-20T01:19:05+0200,028f9a66-b3fa-4fa7-a1aa-7c735a2e67a7,2026-07-14T17:45:00Z,2026-07-14T19:45:00+0200,684.47,MW,FR,FR,actual_offshore_wind_generation,Wind Offshore | Actual Aggregated,2026-07-19T23:19:59Z
2026-07-19T23:19:05Z,2026-07-20T01:19:05+0200,028f9a66-b3fa-4fa7-a1aa-7c735a2e67a7,2026-07-14T18:00:00Z,2026-07-14T20:00:00+0200,686.75,MW,FR,FR,actual_offshore_wind_generation,Wind Offshore | Actual Aggregated,2026-07-19T23:19:59Z
2026-07-19T23:19:05Z,2026-07-20T01:19:05+0200,028f9a66-b3fa-4fa7-a1aa-7c735a2e67a7,2026-07-14T18:15:00Z,2026-07-14T20:15:00+0200,675.83,MW,FR,FR,actual_offshore_wind_generation,Wind Offshore | Actual Aggregated,2026-07-19T23:19:59Z
2026-07-19T23:19:05Z,2026-07-20T01:19:05+0200,028f9a66-b3fa-4fa7-a1aa-7c735a2e67a7,2026-07-14T18:30:00Z,2026-07-14T20:30:00+0200,670.42,MW,FR,FR,actual_offshore_wind_generation,Wind Offshore | Actual Aggregated,2026-07-19T23:19:59Z
2026-07-19T23:19:05Z,2026-07-20T01:19:05+0200,028f9a66-b3fa-4fa7-a1aa-7c735a2e67a7,2026-07-14T18:45:00Z,2026-07-14T20:45:00+0200,645.5,MW,FR,FR,actual_offshore_wind_generation,Wind Offshore | Actual Aggregated,2026-07-19T23:19:59Z
2026-07-19T23:19:05Z,2026-07-20T01:19:05+0200,028f9a66-b3fa-4fa7-a1aa-7c735a2e67a7,2026-07-14T19:00:00Z,2026-07-14T21:00:00+0200,713.85,MW,FR,FR,actual_offshore_wind_generation,Wind Offshore | Actual Aggregated,2026-07-19T23:19:59Z
2026-07-19T23:19:05Z,2026-07-20T01:19:05+0200,028f9a66-b3fa-4fa7-a1aa-7c735a2e67a7,2026-07-14T19:15:00Z,2026-07-14T21:15:00+0200,739.85,MW,FR,FR,actual_offshore_wind_generation,Wind Offshore | Actual Aggregated,2026-07-19T23:19:59Z
2026-07-19T23:19:05Z,2026-07-20T01:19:05+0200,028f9a66-b3fa-4fa7-a1aa-7c735a2e67a7,2026-07-14T19:30:00Z,2026-07-14T21:30:00+0200,743.83,MW,FR,FR,actual_offshore_wind_generation,Wind Offshore | Actual Aggregated,2026-07-19T23:19:59Z
2026-07-19T23:19:05Z,2026-07-20T01:19:05+0200,028f9a66-b3fa-4fa7-a1aa-7c735a2e67a7,2026-07-14T19:45:00Z,2026-07-14T21:45:00+0200,808.82,MW,FR,FR,actual_offshore_wind_generation,Wind Offshore | Actual Aggregated,2026-07-19T23:19:59Z
2026-07-19T23:19:05Z,2026-07-20T01:19:05+0200,028f9a66-b3fa-4fa7-a1aa-7c735a2e67a7,2026-07-14T20:00:00Z,2026-07-14T22:00:00+0200,796.03,MW,FR,FR,actual_offshore_wind_generation,Wind Offshore | Actual Aggregated,2026-07-19T23:19:59Z
2026-07-19T23:19:05Z,2026-07-20T01:19:05+0200,028f9a66-b3fa-4fa7-a1aa-7c735a2e67a7,2026-07-14T20:15:00Z,2026-07-14T22:15:00+0200,873.98,MW,FR,FR,actual_offshore_wind_generation,Wind Offshore | Actual Aggregated,2026-07-19T23:19:59Z
2026-07-19T23:19:05Z,2026-07-20T01:19:05+0200,028f9a66-b3fa-4fa7-a1aa-7c735a2e67a7,2026-07-14T20:30:00Z,2026-07-14T22:30:00+0200,901.35,MW,FR,FR,actual_offshore_wind_generation,Wind Offshore | Actual Aggregated,2026-07-19T23:19:59Z
2026-07-19T23:19:05Z,2026-07-20T01:19:05+0200,028f9a66-b3fa-4fa7-a1aa-7c735a2e67a7,2026-07-14T20:45:00Z,2026-07-14T22:45:00+0200,874.14,MW,FR,FR,actual_offshore_wind_generation,Wind Offshore | Actual Aggregated,2026-07-19T23:19:59Z
2026-07-19T23:19:05Z,2026-07-20T01:19:05+0200,028f9a66-b3fa-4fa7-a1aa-7c735a2e67a7,2026-07-14T21:00:00Z,2026-07-14T23:00:00+0200,804.46,MW,FR,FR,actual_offshore_wind_generation,Wind Offshore | Actual Aggregated,2026-07-19T23:19:59Z
2026-07-19T23:19:05Z,2026-07-20T01:19:05+0200,028f9a66-b3fa-4fa7-a1aa-7c735a2e67a7,2026-07-14T21:15:00Z,2026-07-14T23:15:00+0200,982.57,MW,FR,FR,actual_offshore_wind_generation,Wind Offshore | Actual Aggregated,2026-07-19T23:19:59Z
2026-07-19T23:19:05Z,2026-07-20T01:19:05+0200,028f9a66-b3fa-4fa7-a1aa-7c735a2e67a7,2026-07-14T21:30:00Z,2026-07-14T23:30:00+0200,1049.76,MW,FR,FR,actual_offshore_wind_generation,Wind Offshore | Actual Aggregated,2026-07-19T23:19:59Z
2026-07-19T23:19:05Z,2026-07-20T01:19:05+0200,028f9a66-b3fa-4fa7-a1aa-7c735a2e67a7,2026-07-14T21:45:00Z,2026-07-14T23:45:00+0200,798.12,MW,FR,FR,actual_offshore_wind_generation,Wind Offshore | Actual Aggregated,2026-07-19T23:19:59Z
2026-07-19T23:19:05Z,2026-07-20T01:19:05+0200,028f9a66-b3fa-4fa7-a1aa-7c735a2e67a7,2026-07-14T22:00:00Z,2026-07-15T00:00:00+0200,837.45,MW,FR,FR,actual_offshore_wind_generation,Wind Offshore | Actual Aggregated,2026-07-19T23:19:59Z
2026-07-19T23:19:05Z,2026-07-20T01:19:05+0200,028f9a66-b3fa-4fa7-a1aa-7c735a2e67a7,2026-07-14T22:15:00Z,2026-07-15T00:15:00+0200,853.21,MW,FR,FR,actual_offshore_wind_generation,Wind Offshore | Actual Aggregated,2026-07-19T23:19:59Z
2026-07-19T23:19:05Z,2026-07-20T01:19:05+0200,028f9a66-b3fa-4fa7-a1aa-7c735a2e67a7,2026-07-14T22:30:00Z,2026-07-15T00:30:00+0200,878.14,MW,FR,FR,actual_offshore_wind_generation,Wind Offshore | Actual Aggregated,2026-07-19T23:19:59Z
2026-07-19T23:19:05Z,2026-07-20T01:19:05+0200,028f9a66-b3fa-4fa7-a1aa-7c735a2e67a7,2026-07-14T22:45:00Z,2026-07-15T00:45:00+0200,1040.39,MW,FR,FR,actual_offshore_wind_generation,Wind Offshore | Actual Aggregated,2026-07-19T23:19:59Z
2026-07-19T23:19:05Z,2026-07-20T01:19:05+0200,028f9a66-b3fa-4fa7-a1aa-7c735a2e67a7,2026-07-14T23:00:00Z,2026-07-15T01:00:00+0200,1041.2,MW,FR,FR,actual_offshore_wind_generation,Wind Offshore | Actual Aggregated,2026-07-19T23:19:59Z
2026-07-19T23:19:05Z,2026-07-20T01:19:05+0200,028f9a66-b3fa-4fa7-a1aa-7c735a2e67a7,2026-07-14T23:15:00Z,2026-07-15T01:15:00+0200,988.72,MW,FR,FR,actual_offshore_wind_generation,Wind Offshore | Actual Aggregated,2026-07-19T23:19:59Z
2026-07-19T23:19:05Z,2026-07-20T01:19:05+0200,028f9a66-b3fa-4fa7-a1aa-7c735a2e67a7,2026-07-14T23:30:00Z,2026-07-15T01:30:00+0200,916.01,MW,FR,FR,actual_offshore_wind_generation,Wind Offshore | Actual Aggregated,2026-07-19T23:19:59Z
2026-07-19T23:19:05Z,2026-07-20T01:19:05+0200,028f9a66-b3fa-4fa7-a1aa-7c735a2e67a7,2026-07-14T23:45:00Z,2026-07-15T01:45:00+0200,852.51,MW,FR,FR,actual_offshore_wind_generation,Wind Offshore | Actual Aggregated,2026-07-19T23:19:59Z
2026-07-19T23:19:05Z,2026-07-20T01:19:05+0200,028f9a66-b3fa-4fa7-a1aa-7c735a2e67a7,2026-07-15T00:00:00Z,2026-07-15T02:00:00+0200,818.17,MW,FR,FR,actual_offshore_wind_generation,Wind Offshore | Actual Aggregated,2026-07-19T23:19:59Z
2026-07-19T23:19:05Z,2026-07-20T01:19:05+0200,028f9a66-b3fa-4fa7-a1aa-7c735a2e67a7,2026-07-15T00:15:00Z,2026-07-15T02:15:00+0200,838.33,MW,FR,FR,actual_offshore_wind_generation,Wind Offshore | Actual Aggregated,2026-07-19T23:19:59Z
2026-07-19T23:19:05Z,2026-07-20T01:19:05+0200,028f9a66-b3fa-4fa7-a1aa-7c735a2e67a7,2026-07-15T00:30:00Z,2026-07-15T02:30:00+0200,842.72,MW,FR,FR,actual_offshore_wind_generation,Wind Offshore | Actual Aggregated,2026-07-19T23:19:59Z
2026-07-19T23:19:05Z,2026-07-20T01:19:05+0200,028f9a66-b3fa-4fa7-a1aa-7c735a2e67a7,2026-07-15T00:45:00Z,2026-07-15T02:45:00+0200,888.13,MW,FR,FR,actual_offshore_wind_generation,Wind Offshore | Actual Aggregated,2026-07-19T23:19:59Z
2026-07-19T23:19:05Z,2026-07-20T01:19:05+0200,028f9a66-b3fa-4fa7-a1aa-7c735a2e67a7,2026-07-15T01:00:00Z,2026-07-15T03:00:00+0200,863.64,MW,FR,FR,actual_offshore_wind_generation,Wind Offshore | Actual Aggregated,2026-07-19T23:19:59Z
2026-07-19T23:19:05Z,2026-07-20T01:19:05+0200,028f9a66-b3fa-4fa7-a1aa-7c735a2e67a7,2026-07-15T01:15:00Z,2026-07-15T03:15:00+0200,838.11,MW,FR,FR,actual_offshore_wind_generation,Wind Offshore | Actual Aggregated,2026-07-19T23:19:59Z
2026-07-19T23:19:05Z,2026-07-20T01:19:05+0200,028f9a66-b3fa-4fa7-a1aa-7c735a2e67a7,2026-07-15T01:30:00Z,2026-07-15T03:30:00+0200,797.46,MW,FR,FR,actual_offshore_wind_generation,Wind Offshore | Actual Aggregated,2026-07-19T23:19:59Z
2026-07-19T23:19:05Z,2026-07-20T01:19:05+0200,028f9a66-b3fa-4fa7-a1aa-7c735a2e67a7,2026-07-15T01:45:00Z,2026-07-15T03:45:00+0200,789.45,MW,FR,FR,actual_offshore_wind_generation,Wind Offshore | Actual Aggregated,2026-07-19T23:19:59Z
2026-07-19T23:19:05Z,2026-07-20T01:19:05+0200,028f9a66-b3fa-4fa7-a1aa-7c735a2e67a7,2026-07-15T02:00:00Z,2026-07-15T04:00:00+0200,796.43,MW,FR,FR,actual_offshore_wind_generation,Wind Offshore | Actual Aggregated,2026-07-19T23:19:59Z
2026-07-19T23:19:05Z,2026-07-20T01:19:05+0200,028f9a66-b3fa-4fa7-a1aa-7c735a2e67a7,2026-07-15T02:15:00Z,2026-07-15T04:15:00+0200,785.03,MW,FR,FR,actual_offshore_wind_generation,Wind Offshore | Actual Aggregated,2026-07-19T23:19:59Z
2026-07-19T23:19:05Z,2026-07-20T01:19:05+0200,028f9a66-b3fa-4fa7-a1aa-7c735a2e67a7,2026-07-15T02:30:00Z,2026-07-15T04:30:00+0200,770.68,MW,FR,FR,actual_offshore_wind_generation,Wind Offshore | Actual Aggregated,2026-07-19T23:19:59Z
2026-07-19T23:19:05Z,2026-07-20T01:19:05+0200,028f9a66-b3fa-4fa7-a1aa-7c735a2e67a7,2026-07-15T02:45:00Z,2026-07-15T04:45:00+0200,792.44,MW,FR,FR,actual_offshore_wind_generation,Wind Offshore | Actual Aggregated,2026-07-19T23:19:59Z
2026-07-19T23:19:05Z,2026-07-20T01:19:05+0200,028f9a66-b3fa-4fa7-a1aa-7c735a2e67a7,2026-07-15T03:00:00Z,2026-07-15T05:00:00+0200,777.31,MW,FR,FR,actual_offshore_wind_generation,Wind Offshore | Actual Aggregated,2026-07-19T23:19:59Z
2026-07-19T23:19:05Z,2026-07-20T01:19:05+0200,028f9a66-b3fa-4fa7-a1aa-7c735a2e67a7,2026-07-15T03:15:00Z,2026-07-15T05:15:00+0200,732.1,MW,FR,FR,actual_offshore_wind_generation,Wind Offshore | Actual Aggregated,2026-07-19T23:19:59Z
2026-07-19T23:19:05Z,2026-07-20T01:19:05+0200,028f9a66-b3fa-4fa7-a1aa-7c735a2e67a7,2026-07-15T03:30:00Z,2026-07-15T05:30:00+0200,735.41,MW,FR,FR,actual_offshore_wind_generation,Wind Offshore | Actual Aggregated,2026-07-19T23:19:59Z
2026-07-19T23:19:05Z,2026-07-20T01:19:05+0200,028f9a66-b3fa-4fa7-a1aa-7c735a2e67a7,2026-07-15T03:45:00Z,2026-07-15T05:45:00+0200,728.09,MW,FR,FR,actual_offshore_wind_generation,Wind Offshore | Actual Aggregated,2026-07-19T23:19:59Z
2026-07-19T23:19:05Z,2026-07-20T01:19:05+0200,028f9a66-b3fa-4fa7-a1aa-7c735a2e67a7,2026-07-15T04:00:00Z,2026-07-15T06:00:00+0200,729.25,MW,FR,FR,actual_offshore_wind_generation,Wind Offshore | Actual Aggregated,2026-07-19T23:19:59Z
2026-07-19T23:19:05Z,2026-07-20T01:19:05+0200,028f9a66-b3fa-4fa7-a1aa-7c735a2e67a7,2026-07-15T04:15:00Z,2026-07-15T06:15:00+0200,757.8,MW,FR,FR,actual_offshore_wind_generation,Wind Offshore | Actual Aggregated,2026-07-19T23:19:59Z
2026-07-19T23:19:05Z,2026-07-20T01:19:05+0200,028f9a66-b3fa-4fa7-a1aa-7c735a2e67a7,2026-07-15T04:30:00Z,2026-07-15T06:30:00+0200,745.21,MW,FR,FR,actual_offshore_wind_generation,Wind Offshore | Actual Aggregated,2026-07-19T23:19:59Z
2026-07-19T23:19:05Z,2026-07-20T01:19:05+0200,028f9a66-b3fa-4fa7-a1aa-7c735a2e67a7,2026-07-15T04:45:00Z,2026-07-15T06:45:00+0200,729.78,MW,FR,FR,actual_offshore_wind_generation,Wind Offshore | Actual Aggregated,2026-07-19T23:19:59Z
2026-07-19T23:19:05Z,2026-07-20T01:19:05+0200,028f9a66-b3fa-4fa7-a1aa-7c735a2e67a7,2026-07-15T05:00:00Z,2026-07-15T07:00:00+0200,738.51,MW,FR,FR,actual_offshore_wind_generation,Wind Offshore | Actual Aggregated,2026-07-19T23:19:59Z
2026-07-19T23:19:05Z,2026-07-20T01:19:05+0200,028f9a66-b3fa-4fa7-a1aa-7c735a2e67a7,2026-07-15T05:15:00Z,2026-07-15T07:15:00+0200,717.07,MW,FR,FR,actual_offshore_wind_generation,Wind Offshore | Actual Aggregated,2026-07-19T23:19:59Z
2026-07-19T23:19:05Z,2026-07-20T01:19:05+0200,028f9a66-b3fa-4fa7-a1aa-7c735a2e67a7,2026-07-15T05:30:00Z,2026-07-15T07:30:00+0200,695.68,MW,FR,FR,actual_offshore_wind_generation,Wind Offshore | Actual Aggregated,2026-07-19T23:19:59Z
2026-07-19T23:19:05Z,2026-07-20T01:19:05+0200,028f9a66-b3fa-4fa7-a1aa-7c735a2e67a7,2026-07-15T05:45:00Z,2026-07-15T07:45:00+0200,696.12,MW,FR,FR,actual_offshore_wind_generation,Wind Offshore | Actual Aggregated,2026-07-19T23:19:59Z
2026-07-19T23:19:05Z,2026-07-20T01:19:05+0200,028f9a66-b3fa-4fa7-a1aa-7c735a2e67a7,2026-07-15T06:00:00Z,2026-07-15T08:00:00+0200,703.75,MW,FR,FR,actual_offshore_wind_generation,Wind Offshore | Actual Aggregated,2026-07-19T23:19:59Z
2026-07-19T23:19:05Z,2026-07-20T01:19:05+0200,028f9a66-b3fa-4fa7-a1aa-7c735a2e67a7,2026-07-15T06:15:00Z,2026-07-15T08:15:00+0200,758.97,MW,FR,FR,actual_offshore_wind_generation,Wind Offshore | Actual Aggregated,2026-07-19T23:19:59Z
2026-07-19T23:19:05Z,2026-07-20T01:19:05+0200,028f9a66-b3fa-4fa7-a1aa-7c735a2e67a7,2026-07-15T06:30:00Z,2026-07-15T08:30:00+0200,896.95,MW,FR,FR,actual_offshore_wind_generation,Wind Offshore | Actual Aggregated,2026-07-19T23:19:59Z
2026-07-19T23:19:05Z,2026-07-20T01:19:05+0200,028f9a66-b3fa-4fa7-a1aa-7c735a2e67a7,2026-07-15T06:45:00Z,2026-07-15T08:45:00+0200,849.18,MW,FR,FR,actual_offshore_wind_generation,Wind Offshore | Actual Aggregated,2026-07-19T23:19:59Z
2026-07-19T23:19:05Z,2026-07-20T01:19:05+0200,028f9a66-b3fa-4fa7-a1aa-7c735a2e67a7,2026-07-15T07:00:00Z,2026-07-15T09:00:00+0200,777.26,MW,FR,FR,actual_offshore_wind_generation,Wind Offshore | Actual Aggregated,2026-07-19T23:19:59Z
2026-07-19T23:19:05Z,2026-07-20T01:19:05+0200,028f9a66-b3fa-4fa7-a1aa-7c735a2e67a7,2026-07-15T07:15:00Z,2026-07-15T09:15:00+0200,794.21,MW,FR,FR,actual_offshore_wind_generation,Wind Offshore | Actual Aggregated,2026-07-19T23:19:59Z
2026-07-19T23:19:05Z,2026-07-20T01:19:05+0200,028f9a66-b3fa-4fa7-a1aa-7c735a2e67a7,2026-07-15T07:30:00Z,2026-07-15T09:30:00+0200,819.46,MW,FR,FR,actual_offshore_wind_generation,Wind Offshore | Actual Aggregated,2026-07-19T23:19:59Z
2026-07-19T23:19:05Z,2026-07-20T01:19:05+0200,028f9a66-b3fa-4fa7-a1aa-7c735a2e67a7,2026-07-15T07:45:00Z,2026-07-15T09:45:00+0200,783.88,MW,FR,FR,actual_offshore_wind_generation,Wind Offshore | Actual Aggregated,2026-07-19T23:19:59Z
2026-07-19T23:19:05Z,2026-07-20T01:19:05+0200,028f9a66-b3fa-4fa7-a1aa-7c735a2e67a7,2026-07-15T08:00:00Z,2026-07-15T10:00:00+0200,835.33,MW,FR,FR,actual_offshore_wind_generation,Wind Offshore | Actual Aggregated,2026-07-19T23:19:59Z
2026-07-19T23:19:05Z,2026-07-20T01:19:05+0200,028f9a66-b3fa-4fa7-a1aa-7c735a2e67a7,2026-07-15T08:15:00Z,2026-07-15T10:15:00+0200,838.72,MW,FR,FR,actual_offshore_wind_generation,Wind Offshore | Actual Aggregated,2026-07-19T23:19:59Z
2026-07-19T23:19:05Z,2026-07-20T01:19:05+0200,028f9a66-b3fa-4fa7-a1aa-7c735a2e67a7,2026-07-15T08:30:00Z,2026-07-15T10:30:00+0200,876.36,MW,FR,FR,actual_offshore_wind_generation,Wind Offshore | Actual Aggregated,2026-07-19T23:19:59Z
2026-07-19T23:19:05Z,2026-07-20T01:19:05+0200,028f9a66-b3fa-4fa7-a1aa-7c735a2e67a7,2026-07-15T08:45:00Z,2026-07-15T10:45:00+0200,866.54,MW,FR,FR,actual_offshore_wind_generation,Wind Offshore | Actual Aggregated,2026-07-19T23:19:59Z
2026-07-19T23:19:05Z,2026-07-20T01:19:05+0200,028f9a66-b3fa-4fa7-a1aa-7c735a2e67a7,2026-07-15T09:00:00Z,2026-07-15T11:00:00+0200,832.69,MW,FR,FR,actual_offshore_wind_generation,Wind Offshore | Actual Aggregated,2026-07-19T23:19:59Z
2026-07-19T23:19:05Z,2026-07-20T01:19:05+0200,028f9a66-b3fa-4fa7-a1aa-7c735a2e67a7,2026-07-15T09:15:00Z,2026-07-15T11:15:00+0200,799.06,MW,FR,FR,actual_offshore_wind_generation,Wind Offshore | Actual Aggregated,2026-07-19T23:19:59Z
2026-07-19T23:19:05Z,2026-07-20T01:19:05+0200,028f9a66-b3fa-4fa7-a1aa-7c735a2e67a7,2026-07-15T09:30:00Z,2026-07-15T11:30:00+0200,737.79,MW,FR,FR,actual_offshore_wind_generation,Wind Offshore | Actual Aggregated,2026-07-19T23:19:59Z
2026-07-19T23:19:05Z,2026-07-20T01:19:05+0200,028f9a66-b3fa-4fa7-a1aa-7c735a2e67a7,2026-07-15T09:45:00Z,2026-07-15T11:45:00+0200,693.99,MW,FR,FR,actual_offshore_wind_generation,Wind Offshore | Actual Aggregated,2026-07-19T23:19:59Z
2026-07-19T23:19:05Z,2026-07-20T01:19:05+0200,028f9a66-b3fa-4fa7-a1aa-7c735a2e67a7,2026-07-15T10:00:00Z,2026-07-15T12:00:00+0200,628.84,MW,FR,FR,actual_offshore_wind_generation,Wind Offshore | Actual Aggregated,2026-07-19T23:19:59Z
2026-07-19T23:19:05Z,2026-07-20T01:19:05+0200,028f9a66-b3fa-4fa7-a1aa-7c735a2e67a7,2026-07-15T10:15:00Z,2026-07-15T12:15:00+0200,576.93,MW,FR,FR,actual_offshore_wind_generation,Wind Offshore | Actual Aggregated,2026-07-19T23:19:59Z
2026-07-19T23:19:05Z,2026-07-20T01:19:05+0200,028f9a66-b3fa-4fa7-a1aa-7c735a2e67a7,2026-07-15T10:30:00Z,2026-07-15T12:30:00+0200,537.32,MW,FR,FR,actual_offshore_wind_generation,Wind Offshore | Actual Aggregated,2026-07-19T23:19:59Z
2026-07-19T23:19:05Z,2026-07-20T01:19:05+0200,028f9a66-b3fa-4fa7-a1aa-7c735a2e67a7,2026-07-15T10:45:00Z,2026-07-15T12:45:00+0200,514.18,MW,FR,FR,actual_offshore_wind_generation,Wind Offshore | Actual Aggregated,2026-07-19T23:19:59Z
2026-07-19T23:19:05Z,2026-07-20T01:19:05+0200,028f9a66-b3fa-4fa7-a1aa-7c735a2e67a7,2026-07-15T11:00:00Z,2026-07-15T13:00:00+0200,523.06,MW,FR,FR,actual_offshore_wind_generation,Wind Offshore | Actual Aggregated,2026-07-19T23:19:59Z
2026-07-19T23:19:05Z,2026-07-20T01:19:05+0200,028f9a66-b3fa-4fa7-a1aa-7c735a2e67a7,2026-07-15T11:15:00Z,2026-07-15T13:15:00+0200,571.31,MW,FR,FR,actual_offshore_wind_generation,Wind Offshore | Actual Aggregated,2026-07-19T23:19:59Z
2026-07-19T23:19:05Z,2026-07-20T01:19:05+0200,028f9a66-b3fa-4fa7-a1aa-7c735a2e67a7,2026-07-15T11:30:00Z,2026-07-15T13:30:00+0200,604.17,MW,FR,FR,actual_offshore_wind_generation,Wind Offshore | Actual Aggregated,2026-07-19T23:19:59Z
2026-07-19T23:19:05Z,2026-07-20T01:19:05+0200,028f9a66-b3fa-4fa7-a1aa-7c735a2e67a7,2026-07-15T11:45:00Z,2026-07-15T13:45:00+0200,670.99,MW,FR,FR,actual_offshore_wind_generation,Wind Offshore | Actual Aggregated,2026-07-19T23:19:59Z
2026-07-19T23:19:05Z,2026-07-20T01:19:05+0200,028f9a66-b3fa-4fa7-a1aa-7c735a2e67a7,2026-07-15T12:00:00Z,2026-07-15T14:00:00+0200,785.52,MW,FR,FR,actual_offshore_wind_generation,Wind Offshore | Actual Aggregated,2026-07-19T23:19:59Z
2026-07-19T23:19:05Z,2026-07-20T01:19:05+0200,028f9a66-b3fa-4fa7-a1aa-7c735a2e67a7,2026-07-15T12:15:00Z,2026-07-15T14:15:00+0200,842.45,MW,FR,FR,actual_offshore_wind_generation,Wind Offshore | Actual Aggregated,2026-07-19T23:19:59Z
2026-07-19T23:19:05Z,2026-07-20T01:19:05+0200,028f9a66-b3fa-4fa7-a1aa-7c735a2e67a7,2026-07-15T12:30:00Z,2026-07-15T14:30:00+0200,806.76,MW,FR,FR,actual_offshore_wind_generation,Wind Offshore | Actual Aggregated,2026-07-19T23:19:59Z
2026-07-19T23:19:05Z,2026-07-20T01:19:05+0200,028f9a66-b3fa-4fa7-a1aa-7c735a2e67a7,2026-07-15T12:45:00Z,2026-07-15T14:45:00+0200,778.05,MW,FR,FR,actual_offshore_wind_generation,Wind Offshore | Actual Aggregated,2026-07-19T23:19:59Z
2026-07-19T23:19:05Z,2026-07-20T01:19:05+0200,028f9a66-b3fa-4fa7-a1aa-7c735a2e67a7,2026-07-15T13:00:00Z,2026-07-15T15:00:00+0200,835.52,MW,FR,FR,actual_offshore_wind_generation,Wind Offshore | Actual Aggregated,2026-07-19T23:19:59Z
2026-07-19T23:19:05Z,2026-07-20T01:19:05+0200,028f9a66-b3fa-4fa7-a1aa-7c735a2e67a7,2026-07-15T13:15:00Z,2026-07-15T15:15:00+0200,903.47,MW,FR,FR,actual_offshore_wind_generation,Wind Offshore | Actual Aggregated,2026-07-19T23:19:59Z
2026-07-19T23:19:05Z,2026-07-20T01:19:05+0200,028f9a66-b3fa-4fa7-a1aa-7c735a2e67a7,2026-07-15T13:30:00Z,2026-07-15T15:30:00+0200,934.35,MW,FR,FR,actual_offshore_wind_generation,Wind Offshore | Actual Aggregated,2026-07-19T23:19:59Z
2026-07-19T23:19:05Z,2026-07-20T01:19:05+0200,028f9a66-b3fa-4fa7-a1aa-7c735a2e67a7,2026-07-15T13:45:00Z,2026-07-15T15:45:00+0200,874.74,MW,FR,FR,actual_offshore_wind_generation,Wind Offshore | Actual Aggregated,2026-07-19T23:19:59Z
2026-07-19T23:19:05Z,2026-07-20T01:19:05+0200,028f9a66-b3fa-4fa7-a1aa-7c735a2e67a7,2026-07-15T14:00:00Z,2026-07-15T16:00:00+0200,867.79,MW,FR,FR,actual_offshore_wind_generation,Wind Offshore | Actual Aggregated,2026-07-19T23:19:59Z
2026-07-19T23:19:05Z,2026-07-20T01:19:05+0200,028f9a66-b3fa-4fa7-a1aa-7c735a2e67a7,2026-07-15T14:15:00Z,2026-07-15T16:15:00+0200,945.76,MW,FR,FR,actual_offshore_wind_generation,Wind Offshore | Actual Aggregated,2026-07-19T23:19:59Z
2026-07-19T23:19:05Z,2026-07-20T01:19:05+0200,028f9a66-b3fa-4fa7-a1aa-7c735a2e67a7,2026-07-15T14:30:00Z,2026-07-15T16:30:00+0200,993.46,MW,FR,FR,actual_offshore_wind_generation,Wind Offshore | Actual Aggregated,2026-07-19T23:19:59Z
2026-07-19T23:19:05Z,2026-07-20T01:19:05+0200,028f9a66-b3fa-4fa7-a1aa-7c735a2e67a7,2026-07-15T14:45:00Z,2026-07-15T16:45:00+0200,1019.26,MW,FR,FR,actual_offshore_wind_generation,Wind Offshore | Actual Aggregated,2026-07-19T23:19:59Z
2026-07-19T23:19:05Z,2026-07-20T01:19:05+0200,028f9a66-b3fa-4fa7-a1aa-7c735a2e67a7,2026-07-15T15:00:00Z,2026-07-15T17:00:00+0200,1041.12,MW,FR,FR,actual_offshore_wind_generation,Wind Offshore | Actual Aggregated,2026-07-19T23:19:59Z
2026-07-19T23:19:05Z,2026-07-20T01:19:05+0200,028f9a66-b3fa-4fa7-a1aa-7c735a2e67a7,2026-07-15T15:15:00Z,2026-07-15T17:15:00+0200,1088.31,MW,FR,FR,actual_offshore_wind_generation,Wind Offshore | Actual Aggregated,2026-07-19T23:19:59Z
2026-07-19T23:19:05Z,2026-07-20T01:19:05+0200,028f9a66-b3fa-4fa7-a1aa-7c735a2e67a7,2026-07-15T15:30:00Z,2026-07-15T17:30:00+0200,1114.66,MW,FR,FR,actual_offshore_wind_generation,Wind Offshore | Actual Aggregated,2026-07-19T23:19:59Z
2026-07-19T23:19:05Z,2026-07-20T01:19:05+0200,028f9a66-b3fa-4fa7-a1aa-7c735a2e67a7,2026-07-15T15:45:00Z,2026-07-15T17:45:00+0200,1143.68,MW,FR,FR,actual_offshore_wind_generation,Wind Offshore | Actual Aggregated,2026-07-19T23:19:59Z
2026-07-19T23:19:05Z,2026-07-20T01:19:05+0200,028f9a66-b3fa-4fa7-a1aa-7c735a2e67a7,2026-07-15T16:00:00Z,2026-07-15T18:00:00+0200,1230.2,MW,FR,FR,actual_offshore_wind_generation,Wind Offshore | Actual Aggregated,2026-07-19T23:19:59Z
2026-07-19T23:19:05Z,2026-07-20T01:19:05+0200,028f9a66-b3fa-4fa7-a1aa-7c735a2e67a7,2026-07-15T16:15:00Z,2026-07-15T18:15:00+0200,1486.95,MW,FR,FR,actual_offshore_wind_generation,Wind Offshore | Actual Aggregated,2026-07-19T23:19:59Z
2026-07-19T23:19:05Z,2026-07-20T01:19:05+0200,028f9a66-b3fa-4fa7-a1aa-7c735a2e67a7,2026-07-15T16:30:00Z,2026-07-15T18:30:00+0200,1556.05,MW,FR,FR,actual_offshore_wind_generation,Wind Offshore | Actual Aggregated,2026-07-19T23:19:59Z
2026-07-19T23:19:05Z,2026-07-20T01:19:05+0200,028f9a66-b3fa-4fa7-a1aa-7c735a2e67a7,2026-07-15T16:45:00Z,2026-07-15T18:45:00+0200,1556.54,MW,FR,FR,actual_offshore_wind_generation,Wind Offshore | Actual Aggregated,2026-07-19T23:19:59Z
2026-07-19T23:19:05Z,2026-07-20T01:19:05+0200,028f9a66-b3fa-4fa7-a1aa-7c735a2e67a7,2026-07-15T17:00:00Z,2026-07-15T19:00:00+0200,1465.63,MW,FR,FR,actual_offshore_wind_generation,Wind Offshore | Actual Aggregated,2026-07-19T23:19:59Z
2026-07-19T23:19:05Z,2026-07-20T01:19:05+0200,028f9a66-b3fa-4fa7-a1aa-7c735a2e67a7,2026-07-15T17:15:00Z,2026-07-15T19:15:00+0200,1331.49,MW,FR,FR,actual_offshore_wind_generation,Wind Offshore | Actual Aggregated,2026-07-19T23:19:59Z
2026-07-19T23:19:05Z,2026-07-20T01:19:05+0200,028f9a66-b3fa-4fa7-a1aa-7c735a2e67a7,2026-07-15T17:30:00Z,2026-07-15T19:30:00+0200,1202.61,MW,FR,FR,actual_offshore_wind_generation,Wind Offshore | Actual Aggregated,2026-07-19T23:19:59Z
2026-07-19T23:19:05Z,2026-07-20T01:19:05+0200,028f9a66-b3fa-4fa7-a1aa-7c735a2e67a7,2026-07-15T17:45:00Z,2026-07-15T19:45:00+0200,1119.42,MW,FR,FR,actual_offshore_wind_generation,Wind Offshore | Actual Aggregated,2026-07-19T23:19:59Z
2026-07-19T23:19:05Z,2026-07-20T01:19:05+0200,028f9a66-b3fa-4fa7-a1aa-7c735a2e67a7,2026-07-15T18:00:00Z,2026-07-15T20:00:00+0200,1038.1,MW,FR,FR,actual_offshore_wind_generation,Wind Offshore | Actual Aggregated,2026-07-19T23:19:59Z
2026-07-19T23:19:05Z,2026-07-20T01:19:05+0200,028f9a66-b3fa-4fa7-a1aa-7c735a2e67a7,2026-07-15T18:15:00Z,2026-07-15T20:15:00+0200,1016.19,MW,FR,FR,actual_offshore_wind_generation,Wind Offshore | Actual Aggregated,2026-07-19T23:19:59Z
2026-07-19T23:19:05Z,2026-07-20T01:19:05+0200,028f9a66-b3fa-4fa7-a1aa-7c735a2e67a7,2026-07-15T18:30:00Z,2026-07-15T20:30:00+0200,1000.55,MW,FR,FR,actual_offshore_wind_generation,Wind Offshore | Actual Aggregated,2026-07-19T23:19:59Z
2026-07-19T23:19:05Z,2026-07-20T01:19:05+0200,028f9a66-b3fa-4fa7-a1aa-7c735a2e67a7,2026-07-15T18:45:00Z,2026-07-15T20:45:00+0200,998.92,MW,FR,FR,actual_offshore_wind_generation,Wind Offshore | Actual Aggregated,2026-07-19T23:19:59Z
2026-07-19T23:19:05Z,2026-07-20T01:19:05+0200,028f9a66-b3fa-4fa7-a1aa-7c735a2e67a7,2026-07-15T19:00:00Z,2026-07-15T21:00:00+0200,1006.48,MW,FR,FR,actual_offshore_wind_generation,Wind Offshore | Actual Aggregated,2026-07-19T23:19:59Z
2026-07-19T23:19:05Z,2026-07-20T01:19:05+0200,028f9a66-b3fa-4fa7-a1aa-7c735a2e67a7,2026-07-15T19:15:00Z,2026-07-15T21:15:00+0200,1008.85,MW,FR,FR,actual_offshore_wind_generation,Wind Offshore | Actual Aggregated,2026-07-19T23:19:59Z
2026-07-19T23:19:05Z,2026-07-20T01:19:05+0200,028f9a66-b3fa-4fa7-a1aa-7c735a2e67a7,2026-07-15T19:30:00Z,2026-07-15T21:30:00+0200,968.48,MW,FR,FR,actual_offshore_wind_generation,Wind Offshore | Actual Aggregated,2026-07-19T23:19:59Z
2026-07-19T23:19:05Z,2026-07-20T01:19:05+0200,028f9a66-b3fa-4fa7-a1aa-7c735a2e67a7,2026-07-15T19:45:00Z,2026-07-15T21:45:00+0200,874.37,MW,FR,FR,actual_offshore_wind_generation,Wind Offshore | Actual Aggregated,2026-07-19T23:19:59Z
2026-07-19T23:19:05Z,2026-07-20T01:19:05+0200,028f9a66-b3fa-4fa7-a1aa-7c735a2e67a7,2026-07-15T20:00:00Z,2026-07-15T22:00:00+0200,851.69,MW,FR,FR,actual_offshore_wind_generation,Wind Offshore | Actual Aggregated,2026-07-19T23:19:59Z
2026-07-19T23:19:05Z,2026-07-20T01:19:05+0200,028f9a66-b3fa-4fa7-a1aa-7c735a2e67a7,2026-07-15T20:15:00Z,2026-07-15T22:15:00+0200,831.47,MW,FR,FR,actual_offshore_wind_generation,Wind Offshore | Actual Aggregated,2026-07-19T23:19:59Z
2026-07-19T23:19:05Z,2026-07-20T01:19:05+0200,028f9a66-b3fa-4fa7-a1aa-7c735a2e67a7,2026-07-15T20:30:00Z,2026-07-15T22:30:00+0200,756.7,MW,FR,FR,actual_offshore_wind_generation,Wind Offshore | Actual Aggregated,2026-07-19T23:19:59Z
2026-07-19T23:19:05Z,2026-07-20T01:19:05+0200,028f9a66-b3fa-4fa7-a1aa-7c735a2e67a7,2026-07-15T20:45:00Z,2026-07-15T22:45:00+0200,763.31,MW,FR,FR,actual_offshore_wind_generation,Wind Offshore | Actual Aggregated,2026-07-19T23:19:59Z
2026-07-19T23:19:05Z,2026-07-20T01:19:05+0200,028f9a66-b3fa-4fa7-a1aa-7c735a2e67a7,2026-07-15T21:00:00Z,2026-07-15T23:00:00+0200,740.25,MW,FR,FR,actual_offshore_wind_generation,Wind Offshore | Actual Aggregated,2026-07-19T23:19:59Z
2026-07-19T23:19:05Z,2026-07-20T01:19:05+0200,028f9a66-b3fa-4fa7-a1aa-7c735a2e67a7,2026-07-15T21:15:00Z,2026-07-15T23:15:00+0200,693.24,MW,FR,FR,actual_offshore_wind_generation,Wind Offshore | Actual Aggregated,2026-07-19T23:19:59Z
2026-07-19T23:19:05Z,2026-07-20T01:19:05+0200,028f9a66-b3fa-4fa7-a1aa-7c735a2e67a7,2026-07-15T21:30:00Z,2026-07-15T23:30:00+0200,627.5,MW,FR,FR,actual_offshore_wind_generation,Wind Offshore | Actual Aggregated,2026-07-19T23:19:59Z
2026-07-19T23:19:05Z,2026-07-20T01:19:05+0200,028f9a66-b3fa-4fa7-a1aa-7c735a2e67a7,2026-07-15T21:45:00Z,2026-07-15T23:45:00+0200,628.63,MW,FR,FR,actual_offshore_wind_generation,Wind Offshore | Actual Aggregated,2026-07-19T23:19:59Z
2026-07-19T23:19:05Z,2026-07-20T01:19:05+0200,028f9a66-b3fa-4fa7-a1aa-7c735a2e67a7,2026-07-15T22:00:00Z,2026-07-16T00:00:00+0200,632.64,MW,FR,FR,actual_offshore_wind_generation,Wind Offshore | Actual Aggregated,2026-07-19T23:19:59Z
2026-07-19T23:19:05Z,2026-07-20T01:19:05+0200,028f9a66-b3fa-4fa7-a1aa-7c735a2e67a7,2026-07-15T22:15:00Z,2026-07-16T00:15:00+0200,592.82,MW,FR,FR,actual_offshore_wind_generation,Wind Offshore | Actual Aggregated,2026-07-19T23:19:59Z
2026-07-19T23:19:05Z,2026-07-20T01:19:05+0200,028f9a66-b3fa-4fa7-a1aa-7c735a2e67a7,2026-07-15T22:30:00Z,2026-07-16T00:30:00+0200,539.61,MW,FR,FR,actual_offshore_wind_generation,Wind Offshore | Actual Aggregated,2026-07-19T23:19:59Z
2026-07-19T23:19:05Z,2026-07-20T01:19:05+0200,028f9a66-b3fa-4fa7-a1aa-7c735a2e67a7,2026-07-15T22:45:00Z,2026-07-16T00:45:00+0200,560.36,MW,FR,FR,actual_offshore_wind_generation,Wind Offshore | Actual Aggregated,2026-07-19T23:19:59Z
2026-07-19T23:19:05Z,2026-07-20T01:19:05+0200,028f9a66-b3fa-4fa7-a1aa-7c735a2e67a7,2026-07-15T23:00:00Z,2026-07-16T01:00:00+0200,595.16,MW,FR,FR,actual_offshore_wind_generation,Wind Offshore | Actual Aggregated,2026-07-19T23:19:59Z
2026-07-19T23:19:05Z,2026-07-20T01:19:05+0200,028f9a66-b3fa-4fa7-a1aa-7c735a2e67a7,2026-07-15T23:15:00Z,2026-07-16T01:15:00+0200,590.5,MW,FR,FR,actual_offshore_wind_generation,Wind Offshore | Actual Aggregated,2026-07-19T23:19:59Z
2026-07-19T23:19:05Z,2026-07-20T01:19:05+0200,028f9a66-b3fa-4fa7-a1aa-7c735a2e67a7,2026-07-15T23:30:00Z,2026-07-16T01:30:00+0200,611.31,MW,FR,FR,actual_offshore_wind_generation,Wind Offshore | Actual Aggregated,2026-07-19T23:19:59Z
2026-07-19T23:19:05Z,2026-07-20T01:19:05+0200,028f9a66-b3fa-4fa7-a1aa-7c735a2e67a7,2026-07-15T23:45:00Z,2026-07-16T01:45:00+0200,640.38,MW,FR,FR,actual_offshore_wind_generation,Wind Offshore | Actual Aggregated,2026-07-19T23:19:59Z
2026-07-19T23:19:05Z,2026-07-20T01:19:05+0200,028f9a66-b3fa-4fa7-a1aa-7c735a2e67a7,2026-07-16T00:00:00Z,2026-07-16T02:00:00+0200,656.67,MW,FR,FR,actual_offshore_wind_generation,Wind Offshore | Actual Aggregated,2026-07-19T23:19:59Z
2026-07-19T23:19:05Z,2026-07-20T01:19:05+0200,028f9a66-b3fa-4fa7-a1aa-7c735a2e67a7,2026-07-16T00:15:00Z,2026-07-16T02:15:00+0200,632.95,MW,FR,FR,actual_offshore_wind_generation,Wind Offshore | Actual Aggregated,2026-07-19T23:19:59Z
2026-07-19T23:19:05Z,2026-07-20T01:19:05+0200,028f9a66-b3fa-4fa7-a1aa-7c735a2e67a7,2026-07-16T00:30:00Z,2026-07-16T02:30:00+0200,633.33,MW,FR,FR,actual_offshore_wind_generation,Wind Offshore | Actual Aggregated,2026-07-19T23:19:59Z
2026-07-19T23:19:05Z,2026-07-20T01:19:05+0200,028f9a66-b3fa-4fa7-a1aa-7c735a2e67a7,2026-07-16T00:45:00Z,2026-07-16T02:45:00+0200,651.27,MW,FR,FR,actual_offshore_wind_generation,Wind Offshore | Actual Aggregated,2026-07-19T23:19:59Z
2026-07-19T23:19:05Z,2026-07-20T01:19:05+0200,028f9a66-b3fa-4fa7-a1aa-7c735a2e67a7,2026-07-16T01:00:00Z,2026-07-16T03:00:00+0200,617.51,MW,FR,FR,actual_offshore_wind_generation,Wind Offshore | Actual Aggregated,2026-07-19T23:19:59Z
2026-07-19T23:19:05Z,2026-07-20T01:19:05+0200,028f9a66-b3fa-4fa7-a1aa-7c735a2e67a7,2026-07-16T01:15:00Z,2026-07-16T03:15:00+0200,569.96,MW,FR,FR,actual_offshore_wind_generation,Wind Offshore | Actual Aggregated,2026-07-19T23:19:59Z
2026-07-19T23:19:05Z,2026-07-20T01:19:05+0200,028f9a66-b3fa-4fa7-a1aa-7c735a2e67a7,2026-07-16T01:30:00Z,2026-07-16T03:30:00+0200,566.29,MW,FR,FR,actual_offshore_wind_generation,Wind Offshore | Actual Aggregated,2026-07-19T23:19:59Z
2026-07-19T23:19:05Z,2026-07-20T01:19:05+0200,028f9a66-b3fa-4fa7-a1aa-7c735a2e67a7,2026-07-16T01:45:00Z,2026-07-16T03:45:00+0200,575.26,MW,FR,FR,actual_offshore_wind_generation,Wind Offshore | Actual Aggregated,2026-07-19T23:19:59Z
2026-07-19T23:19:05Z,2026-07-20T01:19:05+0200,028f9a66-b3fa-4fa7-a1aa-7c735a2e67a7,2026-07-16T02:00:00Z,2026-07-16T04:00:00+0200,595.96,MW,FR,FR,actual_offshore_wind_generation,Wind Offshore | Actual Aggregated,2026-07-19T23:19:59Z
2026-07-19T23:19:05Z,2026-07-20T01:19:05+0200,028f9a66-b3fa-4fa7-a1aa-7c735a2e67a7,2026-07-16T02:15:00Z,2026-07-16T04:15:00+0200,583.03,MW,FR,FR,actual_offshore_wind_generation,Wind Offshore | Actual Aggregated,2026-07-19T23:19:59Z
2026-07-19T23:19:05Z,2026-07-20T01:19:05+0200,028f9a66-b3fa-4fa7-a1aa-7c735a2e67a7,2026-07-16T02:30:00Z,2026-07-16T04:30:00+0200,526.56,MW,FR,FR,actual_offshore_wind_generation,Wind Offshore | Actual Aggregated,2026-07-19T23:19:59Z
2026-07-19T23:19:05Z,2026-07-20T01:19:05+0200,028f9a66-b3fa-4fa7-a1aa-7c735a2e67a7,2026-07-16T02:45:00Z,2026-07-16T04:45:00+0200,522.39,MW,FR,FR,actual_offshore_wind_generation,Wind Offshore | Actual Aggregated,2026-07-19T23:19:59Z
2026-07-19T23:19:05Z,2026-07-20T01:19:05+0200,028f9a66-b3fa-4fa7-a1aa-7c735a2e67a7,2026-07-16T03:00:00Z,2026-07-16T05:00:00+0200,518.08,MW,FR,FR,actual_offshore_wind_generation,Wind Offshore | Actual Aggregated,2026-07-19T23:19:59Z
2026-07-19T23:19:05Z,2026-07-20T01:19:05+0200,028f9a66-b3fa-4fa7-a1aa-7c735a2e67a7,2026-07-16T03:15:00Z,2026-07-16T05:15:00+0200,520.98,MW,FR,FR,actual_offshore_wind_generation,Wind Offshore | Actual Aggregated,2026-07-19T23:19:59Z
2026-07-19T23:19:05Z,2026-07-20T01:19:05+0200,028f9a66-b3fa-4fa7-a1aa-7c735a2e67a7,2026-07-16T03:30:00Z,2026-07-16T05:30:00+0200,520.94,MW,FR,FR,actual_offshore_wind_generation,Wind Offshore | Actual Aggregated,2026-07-19T23:19:59Z
2026-07-19T23:19:05Z,2026-07-20T01:19:05+0200,028f9a66-b3fa-4fa7-a1aa-7c735a2e67a7,2026-07-16T03:45:00Z,2026-07-16T05:45:00+0200,515.54,MW,FR,FR,actual_offshore_wind_generation,Wind Offshore | Actual Aggregated,2026-07-19T23:19:59Z
2026-07-19T23:19:05Z,2026-07-20T01:19:05+0200,028f9a66-b3fa-4fa7-a1aa-7c735a2e67a7,2026-07-16T04:00:00Z,2026-07-16T06:00:00+0200,495.17,MW,FR,FR,actual_offshore_wind_generation,Wind Offshore | Actual Aggregated,2026-07-19T23:19:59Z
2026-07-19T23:19:05Z,2026-07-20T01:19:05+0200,028f9a66-b3fa-4fa7-a1aa-7c735a2e67a7,2026-07-16T04:15:00Z,2026-07-16T06:15:00+0200,472.55,MW,FR,FR,actual_offshore_wind_generation,Wind Offshore | Actual Aggregated,2026-07-19T23:19:59Z
2026-07-19T23:19:05Z,2026-07-20T01:19:05+0200,028f9a66-b3fa-4fa7-a1aa-7c735a2e67a7,2026-07-16T04:30:00Z,2026-07-16T06:30:00+0200,462.44,MW,FR,FR,actual_offshore_wind_generation,Wind Offshore | Actual Aggregated,2026-07-19T23:19:59Z
2026-07-19T23:19:05Z,2026-07-20T01:19:05+0200,028f9a66-b3fa-4fa7-a1aa-7c735a2e67a7,2026-07-16T04:45:00Z,2026-07-16T06:45:00+0200,461.65,MW,FR,FR,actual_offshore_wind_generation,Wind Offshore | Actual Aggregated,2026-07-19T23:19:59Z
2026-07-19T23:19:05Z,2026-07-20T01:19:05+0200,028f9a66-b3fa-4fa7-a1aa-7c735a2e67a7,2026-07-16T05:00:00Z,2026-07-16T07:00:00+0200,455.28,MW,FR,FR,actual_offshore_wind_generation,Wind Offshore | Actual Aggregated,2026-07-19T23:19:59Z
2026-07-19T23:19:05Z,2026-07-20T01:19:05+0200,028f9a66-b3fa-4fa7-a1aa-7c735a2e67a7,2026-07-16T05:15:00Z,2026-07-16T07:15:00+0200,477.43,MW,FR,FR,actual_offshore_wind_generation,Wind Offshore | Actual Aggregated,2026-07-19T23:19:59Z
2026-07-19T23:19:05Z,2026-07-20T01:19:05+0200,028f9a66-b3fa-4fa7-a1aa-7c735a2e67a7,2026-07-16T05:30:00Z,2026-07-16T07:30:00+0200,471.09,MW,FR,FR,actual_offshore_wind_generation,Wind Offshore | Actual Aggregated,2026-07-19T23:19:59Z
2026-07-19T23:19:05Z,2026-07-20T01:19:05+0200,028f9a66-b3fa-4fa7-a1aa-7c735a2e67a7,2026-07-16T05:45:00Z,2026-07-16T07:45:00+0200,463.48,MW,FR,FR,actual_offshore_wind_generation,Wind Offshore | Actual Aggregated,2026-07-19T23:19:59Z
2026-07-19T23:19:05Z,2026-07-20T01:19:05+0200,028f9a66-b3fa-4fa7-a1aa-7c735a2e67a7,2026-07-16T06:00:00Z,2026-07-16T08:00:00+0200,441.18,MW,FR,FR,actual_offshore_wind_generation,Wind Offshore | Actual Aggregated,2026-07-19T23:19:59Z
2026-07-19T23:19:05Z,2026-07-20T01:19:05+0200,028f9a66-b3fa-4fa7-a1aa-7c735a2e67a7,2026-07-16T06:15:00Z,2026-07-16T08:15:00+0200,421.59,MW,FR,FR,actual_offshore_wind_generation,Wind Offshore | Actual Aggregated,2026-07-19T23:19:59Z
2026-07-19T23:19:05Z,2026-07-20T01:19:05+0200,028f9a66-b3fa-4fa7-a1aa-7c735a2e67a7,2026-07-16T06:30:00Z,2026-07-16T08:30:00+0200,397.68,MW,FR,FR,actual_offshore_wind_generation,Wind Offshore | Actual Aggregated,2026-07-19T23:19:59Z
2026-07-19T23:19:05Z,2026-07-20T01:19:05+0200,028f9a66-b3fa-4fa7-a1aa-7c735a2e67a7,2026-07-16T06:45:00Z,2026-07-16T08:45:00+0200,357.58,MW,FR,FR,actual_offshore_wind_generation,Wind Offshore | Actual Aggregated,2026-07-19T23:19:59Z
2026-07-19T23:19:05Z,2026-07-20T01:19:05+0200,028f9a66-b3fa-4fa7-a1aa-7c735a2e67a7,2026-07-16T07:00:00Z,2026-07-16T09:00:00+0200,319.03,MW,FR,FR,actual_offshore_wind_generation,Wind Offshore | Actual Aggregated,2026-07-19T23:19:59Z
2026-07-19T23:19:05Z,2026-07-20T01:19:05+0200,028f9a66-b3fa-4fa7-a1aa-7c735a2e67a7,2026-07-16T07:15:00Z,2026-07-16T09:15:00+0200,315.46,MW,FR,FR,actual_offshore_wind_generation,Wind Offshore | Actual Aggregated,2026-07-19T23:19:59Z
2026-07-19T23:19:05Z,2026-07-20T01:19:05+0200,028f9a66-b3fa-4fa7-a1aa-7c735a2e67a7,2026-07-16T07:30:00Z,2026-07-16T09:30:00+0200,332.57,MW,FR,FR,actual_offshore_wind_generation,Wind Offshore | Actual Aggregated,2026-07-19T23:19:59Z
2026-07-19T23:19:05Z,2026-07-20T01:19:05+0200,028f9a66-b3fa-4fa7-a1aa-7c735a2e67a7,2026-07-16T07:45:00Z,2026-07-16T09:45:00+0200,346.06,MW,FR,FR,actual_offshore_wind_generation,Wind Offshore | Actual Aggregated,2026-07-19T23:19:59Z
2026-07-19T23:19:05Z,2026-07-20T01:19:05+0200,028f9a66-b3fa-4fa7-a1aa-7c735a2e67a7,2026-07-16T08:00:00Z,2026-07-16T10:00:00+0200,355.33,MW,FR,FR,actual_offshore_wind_generation,Wind Offshore | Actual Aggregated,2026-07-19T23:19:59Z
2026-07-19T23:19:05Z,2026-07-20T01:19:05+0200,028f9a66-b3fa-4fa7-a1aa-7c735a2e67a7,2026-07-16T08:15:00Z,2026-07-16T10:15:00+0200,332.04,MW,FR,FR,actual_offshore_wind_generation,Wind Offshore | Actual Aggregated,2026-07-19T23:19:59Z
2026-07-19T23:19:05Z,2026-07-20T01:19:05+0200,028f9a66-b3fa-4fa7-a1aa-7c735a2e67a7,2026-07-16T08:30:00Z,2026-07-16T10:30:00+0200,333.45,MW,FR,FR,actual_offshore_wind_generation,Wind Offshore | Actual Aggregated,2026-07-19T23:19:59Z
2026-07-19T23:19:05Z,2026-07-20T01:19:05+0200,028f9a66-b3fa-4fa7-a1aa-7c735a2e67a7,2026-07-16T08:45:00Z,2026-07-16T10:45:00+0200,349.31,MW,FR,FR,actual_offshore_wind_generation,Wind Offshore | Actual Aggregated,2026-07-19T23:19:59Z
2026-07-19T23:19:05Z,2026-07-20T01:19:05+0200,028f9a66-b3fa-4fa7-a1aa-7c735a2e67a7,2026-07-16T09:00:00Z,2026-07-16T11:00:00+0200,347.67,MW,FR,FR,actual_offshore_wind_generation,Wind Offshore | Actual Aggregated,2026-07-19T23:19:59Z
2026-07-19T23:19:05Z,2026-07-20T01:19:05+0200,028f9a66-b3fa-4fa7-a1aa-7c735a2e67a7,2026-07-16T09:15:00Z,2026-07-16T11:15:00+0200,346.62,MW,FR,FR,actual_offshore_wind_generation,Wind Offshore | Actual Aggregated,2026-07-19T23:19:59Z
2026-07-19T23:19:05Z,2026-07-20T01:19:05+0200,028f9a66-b3fa-4fa7-a1aa-7c735a2e67a7,2026-07-16T09:30:00Z,2026-07-16T11:30:00+0200,347.24,MW,FR,FR,actual_offshore_wind_generation,Wind Offshore | Actual Aggregated,2026-07-19T23:19:59Z
2026-07-19T23:19:05Z,2026-07-20T01:19:05+0200,028f9a66-b3fa-4fa7-a1aa-7c735a2e67a7,2026-07-16T09:45:00Z,2026-07-16T11:45:00+0200,335.04,MW,FR,FR,actual_offshore_wind_generation,Wind Offshore | Actual Aggregated,2026-07-19T23:19:59Z
2026-07-19T23:19:05Z,2026-07-20T01:19:05+0200,028f9a66-b3fa-4fa7-a1aa-7c735a2e67a7,2026-07-16T10:00:00Z,2026-07-16T12:00:00+0200,354.92,MW,FR,FR,actual_offshore_wind_generation,Wind Offshore | Actual Aggregated,2026-07-19T23:19:59Z
2026-07-19T23:19:05Z,2026-07-20T01:19:05+0200,028f9a66-b3fa-4fa7-a1aa-7c735a2e67a7,2026-07-16T10:15:00Z,2026-07-16T12:15:00+0200,365.81,MW,FR,FR,actual_offshore_wind_generation,Wind Offshore | Actual Aggregated,2026-07-19T23:19:59Z
2026-07-19T23:19:05Z,2026-07-20T01:19:05+0200,028f9a66-b3fa-4fa7-a1aa-7c735a2e67a7,2026-07-16T10:30:00Z,2026-07-16T12:30:00+0200,354.09,MW,FR,FR,actual_offshore_wind_generation,Wind Offshore | Actual Aggregated,2026-07-19T23:19:59Z
2026-07-19T23:19:05Z,2026-07-20T01:19:05+0200,028f9a66-b3fa-4fa7-a1aa-7c735a2e67a7,2026-07-16T10:45:00Z,2026-07-16T12:45:00+0200,359.46,MW,FR,FR,actual_offshore_wind_generation,Wind Offshore | Actual Aggregated,2026-07-19T23:19:59Z
2026-07-19T23:19:05Z,2026-07-20T01:19:05+0200,028f9a66-b3fa-4fa7-a1aa-7c735a2e67a7,2026-07-16T11:00:00Z,2026-07-16T13:00:00+0200,374.0,MW,FR,FR,actual_offshore_wind_generation,Wind Offshore | Actual Aggregated,2026-07-19T23:19:59Z
2026-07-19T23:19:05Z,2026-07-20T01:19:05+0200,028f9a66-b3fa-4fa7-a1aa-7c735a2e67a7,2026-07-16T11:15:00Z,2026-07-16T13:15:00+0200,384.66,MW,FR,FR,actual_offshore_wind_generation,Wind Offshore | Actual Aggregated,2026-07-19T23:19:59Z
2026-07-19T23:19:05Z,2026-07-20T01:19:05+0200,028f9a66-b3fa-4fa7-a1aa-7c735a2e67a7,2026-07-16T11:30:00Z,2026-07-16T13:30:00+0200,374.93,MW,FR,FR,actual_offshore_wind_generation,Wind Offshore | Actual Aggregated,2026-07-19T23:19:59Z
2026-07-19T23:19:05Z,2026-07-20T01:19:05+0200,028f9a66-b3fa-4fa7-a1aa-7c735a2e67a7,2026-07-16T11:45:00Z,2026-07-16T13:45:00+0200,366.96,MW,FR,FR,actual_offshore_wind_generation,Wind Offshore | Actual Aggregated,2026-07-19T23:19:59Z
2026-07-19T23:19:05Z,2026-07-20T01:19:05+0200,028f9a66-b3fa-4fa7-a1aa-7c735a2e67a7,2026-07-16T12:00:00Z,2026-07-16T14:00:00+0200,383.31,MW,FR,FR,actual_offshore_wind_generation,Wind Offshore | Actual Aggregated,2026-07-19T23:19:59Z
2026-07-19T23:19:05Z,2026-07-20T01:19:05+0200,028f9a66-b3fa-4fa7-a1aa-7c735a2e67a7,2026-07-16T12:15:00Z,2026-07-16T14:15:00+0200,424.2,MW,FR,FR,actual_offshore_wind_generation,Wind Offshore | Actual Aggregated,2026-07-19T23:19:59Z
2026-07-19T23:19:05Z,2026-07-20T01:19:05+0200,028f9a66-b3fa-4fa7-a1aa-7c735a2e67a7,2026-07-16T12:30:00Z,2026-07-16T14:30:00+0200,464.81,MW,FR,FR,actual_offshore_wind_generation,Wind Offshore | Actual Aggregated,2026-07-19T23:19:59Z
2026-07-19T23:19:05Z,2026-07-20T01:19:05+0200,028f9a66-b3fa-4fa7-a1aa-7c735a2e67a7,2026-07-16T12:45:00Z,2026-07-16T14:45:00+0200,502.18,MW,FR,FR,actual_offshore_wind_generation,Wind Offshore | Actual Aggregated,2026-07-19T23:19:59Z
2026-07-19T23:19:05Z,2026-07-20T01:19:05+0200,028f9a66-b3fa-4fa7-a1aa-7c735a2e67a7,2026-07-16T13:00:00Z,2026-07-16T15:00:00+0200,602.16,MW,FR,FR,actual_offshore_wind_generation,Wind Offshore | Actual Aggregated,2026-07-19T23:19:59Z
2026-07-19T23:19:05Z,2026-07-20T01:19:05+0200,028f9a66-b3fa-4fa7-a1aa-7c735a2e67a7,2026-07-16T13:15:00Z,2026-07-16T15:15:00+0200,630.5,MW,FR,FR,actual_offshore_wind_generation,Wind Offshore | Actual Aggregated,2026-07-19T23:19:59Z
2026-07-19T23:19:05Z,2026-07-20T01:19:05+0200,028f9a66-b3fa-4fa7-a1aa-7c735a2e67a7,2026-07-16T13:30:00Z,2026-07-16T15:30:00+0200,586.6,MW,FR,FR,actual_offshore_wind_generation,Wind Offshore | Actual Aggregated,2026-07-19T23:19:59Z
2026-07-19T23:19:05Z,2026-07-20T01:19:05+0200,028f9a66-b3fa-4fa7-a1aa-7c735a2e67a7,2026-07-16T13:45:00Z,2026-07-16T15:45:00+0200,534.43,MW,FR,FR,actual_offshore_wind_generation,Wind Offshore | Actual Aggregated,2026-07-19T23:19:59Z
2026-07-19T23:19:05Z,2026-07-20T01:19:05+0200,028f9a66-b3fa-4fa7-a1aa-7c735a2e67a7,2026-07-16T14:00:00Z,2026-07-16T16:00:00+0200,600.29,MW,FR,FR,actual_offshore_wind_generation,Wind Offshore | Actual Aggregated,2026-07-19T23:19:59Z
2026-07-19T23:19:05Z,2026-07-20T01:19:05+0200,028f9a66-b3fa-4fa7-a1aa-7c735a2e67a7,2026-07-16T14:15:00Z,2026-07-16T16:15:00+0200,637.29,MW,FR,FR,actual_offshore_wind_generation,Wind Offshore | Actual Aggregated,2026-07-19T23:19:59Z
2026-07-19T23:19:05Z,2026-07-20T01:19:05+0200,028f9a66-b3fa-4fa7-a1aa-7c735a2e67a7,2026-07-16T14:30:00Z,2026-07-16T16:30:00+0200,744.79,MW,FR,FR,actual_offshore_wind_generation,Wind Offshore | Actual Aggregated,2026-07-19T23:19:59Z
2026-07-19T23:19:05Z,2026-07-20T01:19:05+0200,028f9a66-b3fa-4fa7-a1aa-7c735a2e67a7,2026-07-16T14:45:00Z,2026-07-16T16:45:00+0200,762.66,MW,FR,FR,actual_offshore_wind_generation,Wind Offshore | Actual Aggregated,2026-07-19T23:19:59Z
2026-07-19T23:19:05Z,2026-07-20T01:19:05+0200,028f9a66-b3fa-4fa7-a1aa-7c735a2e67a7,2026-07-16T15:00:00Z,2026-07-16T17:00:00+0200,818.41,MW,FR,FR,actual_offshore_wind_generation,Wind Offshore | Actual Aggregated,2026-07-19T23:19:59Z
2026-07-19T23:19:05Z,2026-07-20T01:19:05+0200,028f9a66-b3fa-4fa7-a1aa-7c735a2e67a7,2026-07-16T15:15:00Z,2026-07-16T17:15:00+0200,848.49,MW,FR,FR,actual_offshore_wind_generation,Wind Offshore | Actual Aggregated,2026-07-19T23:19:59Z
2026-07-19T23:19:05Z,2026-07-20T01:19:05+0200,028f9a66-b3fa-4fa7-a1aa-7c735a2e67a7,2026-07-16T15:30:00Z,2026-07-16T17:30:00+0200,798.9,MW,FR,FR,actual_offshore_wind_generation,Wind Offshore | Actual Aggregated,2026-07-19T23:19:59Z
2026-07-19T23:19:05Z,2026-07-20T01:19:05+0200,028f9a66-b3fa-4fa7-a1aa-7c735a2e67a7,2026-07-16T15:45:00Z,2026-07-16T17:45:00+0200,850.24,MW,FR,FR,actual_offshore_wind_generation,Wind Offshore | Actual Aggregated,2026-07-19T23:19:59Z
2026-07-19T23:19:05Z,2026-07-20T01:19:05+0200,028f9a66-b3fa-4fa7-a1aa-7c735a2e67a7,2026-07-16T16:00:00Z,2026-07-16T18:00:00+0200,911.8,MW,FR,FR,actual_offshore_wind_generation,Wind Offshore | Actual Aggregated,2026-07-19T23:19:59Z
2026-07-19T23:19:05Z,2026-07-20T01:19:05+0200,028f9a66-b3fa-4fa7-a1aa-7c735a2e67a7,2026-07-16T16:15:00Z,2026-07-16T18:15:00+0200,899.43,MW,FR,FR,actual_offshore_wind_generation,Wind Offshore | Actual Aggregated,2026-07-19T23:19:59Z
2026-07-19T23:19:05Z,2026-07-20T01:19:05+0200,028f9a66-b3fa-4fa7-a1aa-7c735a2e67a7,2026-07-16T16:30:00Z,2026-07-16T18:30:00+0200,887.16,MW,FR,FR,actual_offshore_wind_generation,Wind Offshore | Actual Aggregated,2026-07-19T23:19:59Z
2026-07-19T23:19:05Z,2026-07-20T01:19:05+0200,028f9a66-b3fa-4fa7-a1aa-7c735a2e67a7,2026-07-16T16:45:00Z,2026-07-16T18:45:00+0200,999.33,MW,FR,FR,actual_offshore_wind_generation,Wind Offshore | Actual Aggregated,2026-07-19T23:19:59Z
2026-07-19T23:19:05Z,2026-07-20T01:19:05+0200,028f9a66-b3fa-4fa7-a1aa-7c735a2e67a7,2026-07-16T17:00:00Z,2026-07-16T19:00:00+0200,1050.61,MW,FR,FR,actual_offshore_wind_generation,Wind Offshore | Actual Aggregated,2026-07-19T23:19:59Z
2026-07-19T23:19:05Z,2026-07-20T01:19:05+0200,028f9a66-b3fa-4fa7-a1aa-7c735a2e67a7,2026-07-16T17:15:00Z,2026-07-16T19:15:00+0200,972.19,MW,FR,FR,actual_offshore_wind_generation,Wind Offshore | Actual Aggregated,2026-07-19T23:19:59Z
2026-07-19T23:19:05Z,2026-07-20T01:19:05+0200,028f9a66-b3fa-4fa7-a1aa-7c735a2e67a7,2026-07-16T17:30:00Z,2026-07-16T19:30:00+0200,923.41,MW,FR,FR,actual_offshore_wind_generation,Wind Offshore | Actual Aggregated,2026-07-19T23:19:59Z
2026-07-19T23:19:05Z,2026-07-20T01:19:05+0200,028f9a66-b3fa-4fa7-a1aa-7c735a2e67a7,2026-07-16T17:45:00Z,2026-07-16T19:45:00+0200,1001.94,MW,FR,FR,actual_offshore_wind_generation,Wind Offshore | Actual Aggregated,2026-07-19T23:19:59Z
2026-07-19T23:19:05Z,2026-07-20T01:19:05+0200,028f9a66-b3fa-4fa7-a1aa-7c735a2e67a7,2026-07-16T18:00:00Z,2026-07-16T20:00:00+0200,1072.38,MW,FR,FR,actual_offshore_wind_generation,Wind Offshore | Actual Aggregated,2026-07-19T23:19:59Z
2026-07-19T23:19:05Z,2026-07-20T01:19:05+0200,028f9a66-b3fa-4fa7-a1aa-7c735a2e67a7,2026-07-16T18:15:00Z,2026-07-16T20:15:00+0200,1099.61,MW,FR,FR,actual_offshore_wind_generation,Wind Offshore | Actual Aggregated,2026-07-19T23:19:59Z
2026-07-19T23:19:05Z,2026-07-20T01:19:05+0200,028f9a66-b3fa-4fa7-a1aa-7c735a2e67a7,2026-07-16T18:30:00Z,2026-07-16T20:30:00+0200,1129.14,MW,FR,FR,actual_offshore_wind_generation,Wind Offshore | Actual Aggregated,2026-07-19T23:19:59Z
2026-07-19T23:19:05Z,2026-07-20T01:19:05+0200,028f9a66-b3fa-4fa7-a1aa-7c735a2e67a7,2026-07-16T18:45:00Z,2026-07-16T20:45:00+0200,1143.81,MW,FR,FR,actual_offshore_wind_generation,Wind Offshore | Actual Aggregated,2026-07-19T23:19:59Z
2026-07-19T23:19:05Z,2026-07-20T01:19:05+0200,028f9a66-b3fa-4fa7-a1aa-7c735a2e67a7,2026-07-16T19:00:00Z,2026-07-16T21:00:00+0200,1072.11,MW,FR,FR,actual_offshore_wind_generation,Wind Offshore | Actual Aggregated,2026-07-19T23:19:59Z
2026-07-19T23:19:05Z,2026-07-20T01:19:05+0200,028f9a66-b3fa-4fa7-a1aa-7c735a2e67a7,2026-07-16T19:15:00Z,2026-07-16T21:15:00+0200,917.78,MW,FR,FR,actual_offshore_wind_generation,Wind Offshore | Actual Aggregated,2026-07-19T23:19:59Z
2026-07-19T23:19:05Z,2026-07-20T01:19:05+0200,028f9a66-b3fa-4fa7-a1aa-7c735a2e67a7,2026-07-16T19:30:00Z,2026-07-16T21:30:00+0200,848.21,MW,FR,FR,actual_offshore_wind_generation,Wind Offshore | Actual Aggregated,2026-07-19T23:19:59Z
2026-07-19T23:19:05Z,2026-07-20T01:19:05+0200,028f9a66-b3fa-4fa7-a1aa-7c735a2e67a7,2026-07-16T19:45:00Z,2026-07-16T21:45:00+0200,803.05,MW,FR,FR,actual_offshore_wind_generation,Wind Offshore | Actual Aggregated,2026-07-19T23:19:59Z
2026-07-19T23:19:05Z,2026-07-20T01:19:05+0200,028f9a66-b3fa-4fa7-a1aa-7c735a2e67a7,2026-07-16T20:00:00Z,2026-07-16T22:00:00+0200,747.13,MW,FR,FR,actual_offshore_wind_generation,Wind Offshore | Actual Aggregated,2026-07-19T23:19:59Z
2026-07-19T23:19:05Z,2026-07-20T01:19:05+0200,028f9a66-b3fa-4fa7-a1aa-7c735a2e67a7,2026-07-16T20:15:00Z,2026-07-16T22:15:00+0200,667.55,MW,FR,FR,actual_offshore_wind_generation,Wind Offshore | Actual Aggregated,2026-07-19T23:19:59Z
2026-07-19T23:19:05Z,2026-07-20T01:19:05+0200,028f9a66-b3fa-4fa7-a1aa-7c735a2e67a7,2026-07-16T20:30:00Z,2026-07-16T22:30:00+0200,582.11,MW,FR,FR,actual_offshore_wind_generation,Wind Offshore | Actual Aggregated,2026-07-19T23:19:59Z
2026-07-19T23:19:05Z,2026-07-20T01:19:05+0200,028f9a66-b3fa-4fa7-a1aa-7c735a2e67a7,2026-07-16T20:45:00Z,2026-07-16T22:45:00+0200,513.81,MW,FR,FR,actual_offshore_wind_generation,Wind Offshore | Actual Aggregated,2026-07-19T23:19:59Z
2026-07-19T23:19:05Z,2026-07-20T01:19:05+0200,028f9a66-b3fa-4fa7-a1aa-7c735a2e67a7,2026-07-16T21:00:00Z,2026-07-16T23:00:00+0200,415.18,MW,FR,FR,actual_offshore_wind_generation,Wind Offshore | Actual Aggregated,2026-07-19T23:19:59Z
2026-07-19T23:19:05Z,2026-07-20T01:19:05+0200,028f9a66-b3fa-4fa7-a1aa-7c735a2e67a7,2026-07-16T21:15:00Z,2026-07-16T23:15:00+0200,358.32,MW,FR,FR,actual_offshore_wind_generation,Wind Offshore | Actual Aggregated,2026-07-19T23:19:59Z
2026-07-19T23:19:05Z,2026-07-20T01:19:05+0200,028f9a66-b3fa-4fa7-a1aa-7c735a2e67a7,2026-07-16T21:30:00Z,2026-07-16T23:30:00+0200,351.24,MW,FR,FR,actual_offshore_wind_generation,Wind Offshore | Actual Aggregated,2026-07-19T23:19:59Z
2026-07-19T23:19:05Z,2026-07-20T01:19:05+0200,028f9a66-b3fa-4fa7-a1aa-7c735a2e67a7,2026-07-16T21:45:00Z,2026-07-16T23:45:00+0200,323.5,MW,FR,FR,actual_offshore_wind_generation,Wind Offshore | Actual Aggregated,2026-07-19T23:19:59Z
2026-07-19T23:19:05Z,2026-07-20T01:19:05+0200,028f9a66-b3fa-4fa7-a1aa-7c735a2e67a7,2026-07-16T22:00:00Z,2026-07-17T00:00:00+0200,293.23,MW,FR,FR,actual_offshore_wind_generation,Wind Offshore | Actual Aggregated,2026-07-19T23:19:59Z
2026-07-19T23:19:05Z,2026-07-20T01:19:05+0200,028f9a66-b3fa-4fa7-a1aa-7c735a2e67a7,2026-07-16T22:15:00Z,2026-07-17T00:15:00+0200,266.78,MW,FR,FR,actual_offshore_wind_generation,Wind Offshore | Actual Aggregated,2026-07-19T23:19:59Z
2026-07-19T23:19:05Z,2026-07-20T01:19:05+0200,028f9a66-b3fa-4fa7-a1aa-7c735a2e67a7,2026-07-16T22:30:00Z,2026-07-17T00:30:00+0200,235.36,MW,FR,FR,actual_offshore_wind_generation,Wind Offshore | Actual Aggregated,2026-07-19T23:19:59Z
2026-07-19T23:19:05Z,2026-07-20T01:19:05+0200,028f9a66-b3fa-4fa7-a1aa-7c735a2e67a7,2026-07-16T22:45:00Z,2026-07-17T00:45:00+0200,236.31,MW,FR,FR,actual_offshore_wind_generation,Wind Offshore | Actual Aggregated,2026-07-19T23:19:59Z
2026-07-19T23:19:05Z,2026-07-20T01:19:05+0200,028f9a66-b3fa-4fa7-a1aa-7c735a2e67a7,2026-07-16T23:00:00Z,2026-07-17T01:00:00+0200,262.86,MW,FR,FR,actual_offshore_wind_generation,Wind Offshore | Actual Aggregated,2026-07-19T23:19:59Z
2026-07-19T23:19:05Z,2026-07-20T01:19:05+0200,028f9a66-b3fa-4fa7-a1aa-7c735a2e67a7,2026-07-16T23:15:00Z,2026-07-17T01:15:00+0200,276.12,MW,FR,FR,actual_offshore_wind_generation,Wind Offshore | Actual Aggregated,2026-07-19T23:19:59Z
2026-07-19T23:19:05Z,2026-07-20T01:19:05+0200,028f9a66-b3fa-4fa7-a1aa-7c735a2e67a7,2026-07-16T23:30:00Z,2026-07-17T01:30:00+0200,278.62,MW,FR,FR,actual_offshore_wind_generation,Wind Offshore | Actual Aggregated,2026-07-19T23:19:59Z
2026-07-19T23:19:05Z,2026-07-20T01:19:05+0200,028f9a66-b3fa-4fa7-a1aa-7c735a2e67a7,2026-07-16T23:45:00Z,2026-07-17T01:45:00+0200,295.4,MW,FR,FR,actual_offshore_wind_generation,Wind Offshore | Actual Aggregated,2026-07-19T23:19:59Z
2026-07-19T23:19:05Z,2026-07-20T01:19:05+0200,028f9a66-b3fa-4fa7-a1aa-7c735a2e67a7,2026-07-17T00:00:00Z,2026-07-17T02:00:00+0200,351.74,MW,FR,FR,actual_offshore_wind_generation,Wind Offshore | Actual Aggregated,2026-07-19T23:19:59Z
2026-07-19T23:19:05Z,2026-07-20T01:19:05+0200,028f9a66-b3fa-4fa7-a1aa-7c735a2e67a7,2026-07-17T00:15:00Z,2026-07-17T02:15:00+0200,366.06,MW,FR,FR,actual_offshore_wind_generation,Wind Offshore | Actual Aggregated,2026-07-19T23:19:59Z
2026-07-19T23:19:05Z,2026-07-20T01:19:05+0200,028f9a66-b3fa-4fa7-a1aa-7c735a2e67a7,2026-07-17T00:30:00Z,2026-07-17T02:30:00+0200,370.17,MW,FR,FR,actual_offshore_wind_generation,Wind Offshore | Actual Aggregated,2026-07-19T23:19:59Z
2026-07-19T23:19:05Z,2026-07-20T01:19:05+0200,028f9a66-b3fa-4fa7-a1aa-7c735a2e67a7,2026-07-17T00:45:00Z,2026-07-17T02:45:00+0200,368.41,MW,FR,FR,actual_offshore_wind_generation,Wind Offshore | Actual Aggregated,2026-07-19T23:19:59Z
2026-07-19T23:19:05Z,2026-07-20T01:19:05+0200,028f9a66-b3fa-4fa7-a1aa-7c735a2e67a7,2026-07-17T01:00:00Z,2026-07-17T03:00:00+0200,354.18,MW,FR,FR,actual_offshore_wind_generation,Wind Offshore | Actual Aggregated,2026-07-19T23:19:59Z
2026-07-19T23:19:05Z,2026-07-20T01:19:05+0200,028f9a66-b3fa-4fa7-a1aa-7c735a2e67a7,2026-07-17T01:15:00Z,2026-07-17T03:15:00+0200,362.13,MW,FR,FR,actual_offshore_wind_generation,Wind Offshore | Actual Aggregated,2026-07-19T23:19:59Z
2026-07-19T23:19:05Z,2026-07-20T01:19:05+0200,028f9a66-b3fa-4fa7-a1aa-7c735a2e67a7,2026-07-17T01:30:00Z,2026-07-17T03:30:00+0200,345.58,MW,FR,FR,actual_offshore_wind_generation,Wind Offshore | Actual Aggregated,2026-07-19T23:19:59Z
2026-07-19T23:19:05Z,2026-07-20T01:19:05+0200,028f9a66-b3fa-4fa7-a1aa-7c735a2e67a7,2026-07-17T01:45:00Z,2026-07-17T03:45:00+0200,335.02,MW,FR,FR,actual_offshore_wind_generation,Wind Offshore | Actual Aggregated,2026-07-19T23:19:59Z
2026-07-19T23:19:05Z,2026-07-20T01:19:05+0200,028f9a66-b3fa-4fa7-a1aa-7c735a2e67a7,2026-07-17T02:00:00Z,2026-07-17T04:00:00+0200,347.73,MW,FR,FR,actual_offshore_wind_generation,Wind Offshore | Actual Aggregated,2026-07-19T23:19:59Z
2026-07-19T23:19:05Z,2026-07-20T01:19:05+0200,028f9a66-b3fa-4fa7-a1aa-7c735a2e67a7,2026-07-17T02:15:00Z,2026-07-17T04:15:00+0200,379.08,MW,FR,FR,actual_offshore_wind_generation,Wind Offshore | Actual Aggregated,2026-07-19T23:19:59Z
2026-07-19T23:19:05Z,2026-07-20T01:19:05+0200,028f9a66-b3fa-4fa7-a1aa-7c735a2e67a7,2026-07-17T02:30:00Z,2026-07-17T04:30:00+0200,391.14,MW,FR,FR,actual_offshore_wind_generation,Wind Offshore | Actual Aggregated,2026-07-19T23:19:59Z
2026-07-19T23:19:05Z,2026-07-20T01:19:05+0200,028f9a66-b3fa-4fa7-a1aa-7c735a2e67a7,2026-07-17T02:45:00Z,2026-07-17T04:45:00+0200,392.03,MW,FR,FR,actual_offshore_wind_generation,Wind Offshore | Actual Aggregated,2026-07-19T23:19:59Z
2026-07-19T23:19:05Z,2026-07-20T01:19:05+0200,028f9a66-b3fa-4fa7-a1aa-7c735a2e67a7,2026-07-17T03:00:00Z,2026-07-17T05:00:00+0200,361.47,MW,FR,FR,actual_offshore_wind_generation,Wind Offshore | Actual Aggregated,2026-07-19T23:19:59Z
2026-07-19T23:19:05Z,2026-07-20T01:19:05+0200,028f9a66-b3fa-4fa7-a1aa-7c735a2e67a7,2026-07-17T03:15:00Z,2026-07-17T05:15:00+0200,348.24,MW,FR,FR,actual_offshore_wind_generation,Wind Offshore | Actual Aggregated,2026-07-19T23:19:59Z
2026-07-19T23:19:05Z,2026-07-20T01:19:05+0200,028f9a66-b3fa-4fa7-a1aa-7c735a2e67a7,2026-07-17T03:30:00Z,2026-07-17T05:30:00+0200,325.53,MW,FR,FR,actual_offshore_wind_generation,Wind Offshore | Actual Aggregated,2026-07-19T23:19:59Z
2026-07-19T23:19:05Z,2026-07-20T01:19:05+0200,028f9a66-b3fa-4fa7-a1aa-7c735a2e67a7,2026-07-17T03:45:00Z,2026-07-17T05:45:00+0200,311.61,MW,FR,FR,actual_offshore_wind_generation,Wind Offshore | Actual Aggregated,2026-07-19T23:19:59Z
2026-07-19T23:19:05Z,2026-07-20T01:19:05+0200,028f9a66-b3fa-4fa7-a1aa-7c735a2e67a7,2026-07-17T04:00:00Z,2026-07-17T06:00:00+0200,291.48,MW,FR,FR,actual_offshore_wind_generation,Wind Offshore | Actual Aggregated,2026-07-19T23:19:59Z
2026-07-19T23:19:05Z,2026-07-20T01:19:05+0200,028f9a66-b3fa-4fa7-a1aa-7c735a2e67a7,2026-07-17T04:15:00Z,2026-07-17T06:15:00+0200,270.23,MW,FR,FR,actual_offshore_wind_generation,Wind Offshore | Actual Aggregated,2026-07-19T23:19:59Z
2026-07-19T23:19:05Z,2026-07-20T01:19:05+0200,028f9a66-b3fa-4fa7-a1aa-7c735a2e67a7,2026-07-17T04:30:00Z,2026-07-17T06:30:00+0200,277.14,MW,FR,FR,actual_offshore_wind_generation,Wind Offshore | Actual Aggregated,2026-07-19T23:19:59Z
2026-07-19T23:19:05Z,2026-07-20T01:19:05+0200,028f9a66-b3fa-4fa7-a1aa-7c735a2e67a7,2026-07-17T04:45:00Z,2026-07-17T06:45:00+0200,272.08,MW,FR,FR,actual_offshore_wind_generation,Wind Offshore | Actual Aggregated,2026-07-19T23:19:59Z
2026-07-19T23:19:05Z,2026-07-20T01:19:05+0200,028f9a66-b3fa-4fa7-a1aa-7c735a2e67a7,2026-07-17T05:00:00Z,2026-07-17T07:00:00+0200,279.38,MW,FR,FR,actual_offshore_wind_generation,Wind Offshore | Actual Aggregated,2026-07-19T23:19:59Z
2026-07-19T23:19:05Z,2026-07-20T01:19:05+0200,028f9a66-b3fa-4fa7-a1aa-7c735a2e67a7,2026-07-17T05:15:00Z,2026-07-17T07:15:00+0200,234.95,MW,FR,FR,actual_offshore_wind_generation,Wind Offshore | Actual Aggregated,2026-07-19T23:19:59Z
2026-07-19T23:19:05Z,2026-07-20T01:19:05+0200,028f9a66-b3fa-4fa7-a1aa-7c735a2e67a7,2026-07-17T05:30:00Z,2026-07-17T07:30:00+0200,201.32,MW,FR,FR,actual_offshore_wind_generation,Wind Offshore | Actual Aggregated,2026-07-19T23:19:59Z
2026-07-19T23:19:05Z,2026-07-20T01:19:05+0200,028f9a66-b3fa-4fa7-a1aa-7c735a2e67a7,2026-07-17T05:45:00Z,2026-07-17T07:45:00+0200,177.7,MW,FR,FR,actual_offshore_wind_generation,Wind Offshore | Actual Aggregated,2026-07-19T23:19:59Z
2026-07-19T23:19:05Z,2026-07-20T01:19:05+0200,028f9a66-b3fa-4fa7-a1aa-7c735a2e67a7,2026-07-17T06:00:00Z,2026-07-17T08:00:00+0200,173.36,MW,FR,FR,actual_offshore_wind_generation,Wind Offshore | Actual Aggregated,2026-07-19T23:19:59Z
2026-07-19T23:19:05Z,2026-07-20T01:19:05+0200,028f9a66-b3fa-4fa7-a1aa-7c735a2e67a7,2026-07-17T06:15:00Z,2026-07-17T08:15:00+0200,168.47,MW,FR,FR,actual_offshore_wind_generation,Wind Offshore | Actual Aggregated,2026-07-19T23:19:59Z
2026-07-19T23:19:05Z,2026-07-20T01:19:05+0200,028f9a66-b3fa-4fa7-a1aa-7c735a2e67a7,2026-07-17T06:30:00Z,2026-07-17T08:30:00+0200,172.05,MW,FR,FR,actual_offshore_wind_generation,Wind Offshore | Actual Aggregated,2026-07-19T23:19:59Z
2026-07-19T23:19:05Z,2026-07-20T01:19:05+0200,028f9a66-b3fa-4fa7-a1aa-7c735a2e67a7,2026-07-17T06:45:00Z,2026-07-17T08:45:00+0200,155.07,MW,FR,FR,actual_offshore_wind_generation,Wind Offshore | Actual Aggregated,2026-07-19T23:19:59Z
2026-07-19T23:19:05Z,2026-07-20T01:19:05+0200,028f9a66-b3fa-4fa7-a1aa-7c735a2e67a7,2026-07-17T07:00:00Z,2026-07-17T09:00:00+0200,145.08,MW,FR,FR,actual_offshore_wind_generation,Wind Offshore | Actual Aggregated,2026-07-19T23:19:59Z
2026-07-19T23:19:05Z,2026-07-20T01:19:05+0200,028f9a66-b3fa-4fa7-a1aa-7c735a2e67a7,2026-07-17T07:15:00Z,2026-07-17T09:15:00+0200,175.56,MW,FR,FR,actual_offshore_wind_generation,Wind Offshore | Actual Aggregated,2026-07-19T23:19:59Z
2026-07-19T23:19:05Z,2026-07-20T01:19:05+0200,028f9a66-b3fa-4fa7-a1aa-7c735a2e67a7,2026-07-17T07:30:00Z,2026-07-17T09:30:00+0200,137.4,MW,FR,FR,actual_offshore_wind_generation,Wind Offshore | Actual Aggregated,2026-07-19T23:19:59Z
2026-07-19T23:19:05Z,2026-07-20T01:19:05+0200,028f9a66-b3fa-4fa7-a1aa-7c735a2e67a7,2026-07-17T07:45:00Z,2026-07-17T09:45:00+0200,132.12,MW,FR,FR,actual_offshore_wind_generation,Wind Offshore | Actual Aggregated,2026-07-19T23:19:59Z
2026-07-19T23:19:05Z,2026-07-20T01:19:05+0200,028f9a66-b3fa-4fa7-a1aa-7c735a2e67a7,2026-07-17T08:00:00Z,2026-07-17T10:00:00+0200,148.24,MW,FR,FR,actual_offshore_wind_generation,Wind Offshore | Actual Aggregated,2026-07-19T23:19:59Z
2026-07-19T23:19:05Z,2026-07-20T01:19:05+0200,028f9a66-b3fa-4fa7-a1aa-7c735a2e67a7,2026-07-17T08:15:00Z,2026-07-17T10:15:00+0200,148.67,MW,FR,FR,actual_offshore_wind_generation,Wind Offshore | Actual Aggregated,2026-07-19T23:19:59Z
2026-07-19T23:19:05Z,2026-07-20T01:19:05+0200,028f9a66-b3fa-4fa7-a1aa-7c735a2e67a7,2026-07-17T08:30:00Z,2026-07-17T10:30:00+0200,139.04,MW,FR,FR,actual_offshore_wind_generation,Wind Offshore | Actual Aggregated,2026-07-19T23:19:59Z
2026-07-19T23:19:05Z,2026-07-20T01:19:05+0200,028f9a66-b3fa-4fa7-a1aa-7c735a2e67a7,2026-07-17T08:45:00Z,2026-07-17T10:45:00+0200,110.71,MW,FR,FR,actual_offshore_wind_generation,Wind Offshore | Actual Aggregated,2026-07-19T23:19:59Z
2026-07-19T23:19:05Z,2026-07-20T01:19:05+0200,028f9a66-b3fa-4fa7-a1aa-7c735a2e67a7,2026-07-17T09:00:00Z,2026-07-17T11:00:00+0200,74.12,MW,FR,FR,actual_offshore_wind_generation,Wind Offshore | Actual Aggregated,2026-07-19T23:19:59Z
2026-07-19T23:19:05Z,2026-07-20T01:19:05+0200,028f9a66-b3fa-4fa7-a1aa-7c735a2e67a7,2026-07-17T09:15:00Z,2026-07-17T11:15:00+0200,46.68,MW,FR,FR,actual_offshore_wind_generation,Wind Offshore | Actual Aggregated,2026-07-19T23:19:59Z
2026-07-19T23:19:05Z,2026-07-20T01:19:05+0200,028f9a66-b3fa-4fa7-a1aa-7c735a2e67a7,2026-07-17T09:30:00Z,2026-07-17T11:30:00+0200,30.31,MW,FR,FR,actual_offshore_wind_generation,Wind Offshore | Actual Aggregated,2026-07-19T23:19:59Z
2026-07-19T23:19:05Z,2026-07-20T01:19:05+0200,028f9a66-b3fa-4fa7-a1aa-7c735a2e67a7,2026-07-17T09:45:00Z,2026-07-17T11:45:00+0200,24.77,MW,FR,FR,actual_offshore_wind_generation,Wind Offshore | Actual Aggregated,2026-07-19T23:19:59Z
2026-07-19T23:19:05Z,2026-07-20T01:19:05+0200,028f9a66-b3fa-4fa7-a1aa-7c735a2e67a7,2026-07-17T10:00:00Z,2026-07-17T12:00:00+0200,20.4,MW,FR,FR,actual_offshore_wind_generation,Wind Offshore | Actual Aggregated,2026-07-19T23:19:59Z
2026-07-19T23:19:05Z,2026-07-20T01:19:05+0200,028f9a66-b3fa-4fa7-a1aa-7c735a2e67a7,2026-07-17T10:15:00Z,2026-07-17T12:15:00+0200,20.29,MW,FR,FR,actual_offshore_wind_generation,Wind Offshore | Actual Aggregated,2026-07-19T23:19:59Z
2026-07-19T23:19:05Z,2026-07-20T01:19:05+0200,028f9a66-b3fa-4fa7-a1aa-7c735a2e67a7,2026-07-17T10:30:00Z,2026-07-17T12:30:00+0200,19.33,MW,FR,FR,actual_offshore_wind_generation,Wind Offshore | Actual Aggregated,2026-07-19T23:19:59Z
2026-07-19T23:19:05Z,2026-07-20T01:19:05+0200,028f9a66-b3fa-4fa7-a1aa-7c735a2e67a7,2026-07-17T10:45:00Z,2026-07-17T12:45:00+0200,13.6,MW,FR,FR,actual_offshore_wind_generation,Wind Offshore | Actual Aggregated,2026-07-19T23:19:59Z
2026-07-19T23:19:05Z,2026-07-20T01:19:05+0200,028f9a66-b3fa-4fa7-a1aa-7c735a2e67a7,2026-07-17T11:00:00Z,2026-07-17T13:00:00+0200,11.57,MW,FR,FR,actual_offshore_wind_generation,Wind Offshore | Actual Aggregated,2026-07-19T23:19:59Z
2026-07-19T23:19:05Z,2026-07-20T01:19:05+0200,028f9a66-b3fa-4fa7-a1aa-7c735a2e67a7,2026-07-17T11:15:00Z,2026-07-17T13:15:00+0200,14.45,MW,FR,FR,actual_offshore_wind_generation,Wind Offshore | Actual Aggregated,2026-07-19T23:19:59Z
2026-07-19T23:19:05Z,2026-07-20T01:19:05+0200,028f9a66-b3fa-4fa7-a1aa-7c735a2e67a7,2026-07-17T11:30:00Z,2026-07-17T13:30:00+0200,16.75,MW,FR,FR,actual_offshore_wind_generation,Wind Offshore | Actual Aggregated,2026-07-19T23:19:59Z
2026-07-19T23:19:05Z,2026-07-20T01:19:05+0200,028f9a66-b3fa-4fa7-a1aa-7c735a2e67a7,2026-07-17T11:45:00Z,2026-07-17T13:45:00+0200,10.19,MW,FR,FR,actual_offshore_wind_generation,Wind Offshore | Actual Aggregated,2026-07-19T23:19:59Z
2026-07-19T23:19:05Z,2026-07-20T01:19:05+0200,028f9a66-b3fa-4fa7-a1aa-7c735a2e67a7,2026-07-17T12:00:00Z,2026-07-17T14:00:00+0200,3.88,MW,FR,FR,actual_offshore_wind_generation,Wind Offshore | Actual Aggregated,2026-07-19T23:19:59Z
2026-07-19T23:19:05Z,2026-07-20T01:19:05+0200,028f9a66-b3fa-4fa7-a1aa-7c735a2e67a7,2026-07-17T12:15:00Z,2026-07-17T14:15:00+0200,0.83,MW,FR,FR,actual_offshore_wind_generation,Wind Offshore | Actual Consumption,2026-07-19T23:19:59Z
2026-07-19T23:19:05Z,2026-07-20T01:19:05+0200,028f9a66-b3fa-4fa7-a1aa-7c735a2e67a7,2026-07-17T12:30:00Z,2026-07-17T14:30:00+0200,1.1,MW,FR,FR,actual_offshore_wind_generation,Wind Offshore | Actual Aggregated,2026-07-19T23:19:59Z
2026-07-19T23:19:05Z,2026-07-20T01:19:05+0200,028f9a66-b3fa-4fa7-a1aa-7c735a2e67a7,2026-07-17T12:45:00Z,2026-07-17T14:45:00+0200,10.83,MW,FR,FR,actual_offshore_wind_generation,Wind Offshore | Actual Aggregated,2026-07-19T23:19:59Z
2026-07-19T23:19:05Z,2026-07-20T01:19:05+0200,028f9a66-b3fa-4fa7-a1aa-7c735a2e67a7,2026-07-17T13:00:00Z,2026-07-17T15:00:00+0200,23.38,MW,FR,FR,actual_offshore_wind_generation,Wind Offshore | Actual Aggregated,2026-07-19T23:19:59Z
2026-07-19T23:19:05Z,2026-07-20T01:19:05+0200,028f9a66-b3fa-4fa7-a1aa-7c735a2e67a7,2026-07-17T13:15:00Z,2026-07-17T15:15:00+0200,35.93,MW,FR,FR,actual_offshore_wind_generation,Wind Offshore | Actual Aggregated,2026-07-19T23:19:59Z
2026-07-19T23:19:05Z,2026-07-20T01:19:05+0200,028f9a66-b3fa-4fa7-a1aa-7c735a2e67a7,2026-07-17T13:30:00Z,2026-07-17T15:30:00+0200,44.04,MW,FR,FR,actual_offshore_wind_generation,Wind Offshore | Actual Aggregated,2026-07-19T23:19:59Z
2026-07-19T23:19:05Z,2026-07-20T01:19:05+0200,028f9a66-b3fa-4fa7-a1aa-7c735a2e67a7,2026-07-17T13:45:00Z,2026-07-17T15:45:00+0200,35.73,MW,FR,FR,actual_offshore_wind_generation,Wind Offshore | Actual Aggregated,2026-07-19T23:19:59Z
2026-07-19T23:19:05Z,2026-07-20T01:19:05+0200,028f9a66-b3fa-4fa7-a1aa-7c735a2e67a7,2026-07-17T14:00:00Z,2026-07-17T16:00:00+0200,33.94,MW,FR,FR,actual_offshore_wind_generation,Wind Offshore | Actual Aggregated,2026-07-19T23:19:59Z
2026-07-19T23:19:05Z,2026-07-20T01:19:05+0200,028f9a66-b3fa-4fa7-a1aa-7c735a2e67a7,2026-07-17T14:15:00Z,2026-07-17T16:15:00+0200,48.63,MW,FR,FR,actual_offshore_wind_generation,Wind Offshore | Actual Aggregated,2026-07-19T23:19:59Z
2026-07-19T23:19:05Z,2026-07-20T01:19:05+0200,028f9a66-b3fa-4fa7-a1aa-7c735a2e67a7,2026-07-17T14:30:00Z,2026-07-17T16:30:00+0200,89.55,MW,FR,FR,actual_offshore_wind_generation,Wind Offshore | Actual Aggregated,2026-07-19T23:19:59Z
2026-07-19T23:19:05Z,2026-07-20T01:19:05+0200,028f9a66-b3fa-4fa7-a1aa-7c735a2e67a7,2026-07-17T14:45:00Z,2026-07-17T16:45:00+0200,141.32,MW,FR,FR,actual_offshore_wind_generation,Wind Offshore | Actual Aggregated,2026-07-19T23:19:59Z
2026-07-19T23:19:05Z,2026-07-20T01:19:05+0200,028f9a66-b3fa-4fa7-a1aa-7c735a2e67a7,2026-07-17T15:00:00Z,2026-07-17T17:00:00+0200,190.86,MW,FR,FR,actual_offshore_wind_generation,Wind Offshore | Actual Aggregated,2026-07-19T23:19:59Z
2026-07-19T23:19:05Z,2026-07-20T01:19:05+0200,028f9a66-b3fa-4fa7-a1aa-7c735a2e67a7,2026-07-17T15:15:00Z,2026-07-17T17:15:00+0200,231.76,MW,FR,FR,actual_offshore_wind_generation,Wind Offshore | Actual Aggregated,2026-07-19T23:19:59Z
2026-07-19T23:19:05Z,2026-07-20T01:19:05+0200,028f9a66-b3fa-4fa7-a1aa-7c735a2e67a7,2026-07-17T15:30:00Z,2026-07-17T17:30:00+0200,268.4,MW,FR,FR,actual_offshore_wind_generation,Wind Offshore | Actual Aggregated,2026-07-19T23:19:59Z
2026-07-19T23:19:05Z,2026-07-20T01:19:05+0200,028f9a66-b3fa-4fa7-a1aa-7c735a2e67a7,2026-07-17T15:45:00Z,2026-07-17T17:45:00+0200,287.65,MW,FR,FR,actual_offshore_wind_generation,Wind Offshore | Actual Aggregated,2026-07-19T23:19:59Z
2026-07-19T23:19:05Z,2026-07-20T01:19:05+0200,028f9a66-b3fa-4fa7-a1aa-7c735a2e67a7,2026-07-17T16:00:00Z,2026-07-17T18:00:00+0200,308.91,MW,FR,FR,actual_offshore_wind_generation,Wind Offshore | Actual Aggregated,2026-07-19T23:19:59Z
2026-07-19T23:19:05Z,2026-07-20T01:19:05+0200,028f9a66-b3fa-4fa7-a1aa-7c735a2e67a7,2026-07-17T16:15:00Z,2026-07-17T18:15:00+0200,326.96,MW,FR,FR,actual_offshore_wind_generation,Wind Offshore | Actual Aggregated,2026-07-19T23:19:59Z
2026-07-19T23:19:05Z,2026-07-20T01:19:05+0200,028f9a66-b3fa-4fa7-a1aa-7c735a2e67a7,2026-07-17T16:30:00Z,2026-07-17T18:30:00+0200,351.27,MW,FR,FR,actual_offshore_wind_generation,Wind Offshore | Actual Aggregated,2026-07-19T23:19:59Z
2026-07-19T23:19:05Z,2026-07-20T01:19:05+0200,028f9a66-b3fa-4fa7-a1aa-7c735a2e67a7,2026-07-17T16:45:00Z,2026-07-17T18:45:00+0200,372.52,MW,FR,FR,actual_offshore_wind_generation,Wind Offshore | Actual Aggregated,2026-07-19T23:19:59Z
2026-07-19T23:19:05Z,2026-07-20T01:19:05+0200,028f9a66-b3fa-4fa7-a1aa-7c735a2e67a7,2026-07-17T17:00:00Z,2026-07-17T19:00:00+0200,371.09,MW,FR,FR,actual_offshore_wind_generation,Wind Offshore | Actual Aggregated,2026-07-19T23:19:59Z
2026-07-19T23:19:05Z,2026-07-20T01:19:05+0200,028f9a66-b3fa-4fa7-a1aa-7c735a2e67a7,2026-07-17T17:15:00Z,2026-07-17T19:15:00+0200,334.66,MW,FR,FR,actual_offshore_wind_generation,Wind Offshore | Actual Aggregated,2026-07-19T23:19:59Z
2026-07-19T23:19:05Z,2026-07-20T01:19:05+0200,028f9a66-b3fa-4fa7-a1aa-7c735a2e67a7,2026-07-17T17:30:00Z,2026-07-17T19:30:00+0200,296.86,MW,FR,FR,actual_offshore_wind_generation,Wind Offshore | Actual Aggregated,2026-07-19T23:19:59Z
2026-07-19T23:19:05Z,2026-07-20T01:19:05+0200,028f9a66-b3fa-4fa7-a1aa-7c735a2e67a7,2026-07-17T17:45:00Z,2026-07-17T19:45:00+0200,273.9,MW,FR,FR,actual_offshore_wind_generation,Wind Offshore | Actual Aggregated,2026-07-19T23:19:59Z
2026-07-19T23:19:05Z,2026-07-20T01:19:05+0200,028f9a66-b3fa-4fa7-a1aa-7c735a2e67a7,2026-07-17T18:00:00Z,2026-07-17T20:00:00+0200,275.75,MW,FR,FR,actual_offshore_wind_generation,Wind Offshore | Actual Aggregated,2026-07-19T23:19:59Z
2026-07-19T23:19:05Z,2026-07-20T01:19:05+0200,028f9a66-b3fa-4fa7-a1aa-7c735a2e67a7,2026-07-17T18:15:00Z,2026-07-17T20:15:00+0200,319.04,MW,FR,FR,actual_offshore_wind_generation,Wind Offshore | Actual Aggregated,2026-07-19T23:19:59Z
2026-07-19T23:19:05Z,2026-07-20T01:19:05+0200,028f9a66-b3fa-4fa7-a1aa-7c735a2e67a7,2026-07-17T18:30:00Z,2026-07-17T20:30:00+0200,332.41,MW,FR,FR,actual_offshore_wind_generation,Wind Offshore | Actual Aggregated,2026-07-19T23:19:59Z
2026-07-19T23:19:05Z,2026-07-20T01:19:05+0200,028f9a66-b3fa-4fa7-a1aa-7c735a2e67a7,2026-07-17T18:45:00Z,2026-07-17T20:45:00+0200,347.79,MW,FR,FR,actual_offshore_wind_generation,Wind Offshore | Actual Aggregated,2026-07-19T23:19:59Z
2026-07-19T23:19:05Z,2026-07-20T01:19:05+0200,028f9a66-b3fa-4fa7-a1aa-7c735a2e67a7,2026-07-17T19:00:00Z,2026-07-17T21:00:00+0200,354.61,MW,FR,FR,actual_offshore_wind_generation,Wind Offshore | Actual Aggregated,2026-07-19T23:19:59Z
2026-07-19T23:19:05Z,2026-07-20T01:19:05+0200,028f9a66-b3fa-4fa7-a1aa-7c735a2e67a7,2026-07-17T19:15:00Z,2026-07-17T21:15:00+0200,323.58,MW,FR,FR,actual_offshore_wind_generation,Wind Offshore | Actual Aggregated,2026-07-19T23:19:59Z
2026-07-19T23:19:05Z,2026-07-20T01:19:05+0200,028f9a66-b3fa-4fa7-a1aa-7c735a2e67a7,2026-07-17T19:30:00Z,2026-07-17T21:30:00+0200,307.57,MW,FR,FR,actual_offshore_wind_generation,Wind Offshore | Actual Aggregated,2026-07-19T23:19:59Z
2026-07-19T23:19:05Z,2026-07-20T01:19:05+0200,028f9a66-b3fa-4fa7-a1aa-7c735a2e67a7,2026-07-17T19:45:00Z,2026-07-17T21:45:00+0200,288.05,MW,FR,FR,actual_offshore_wind_generation,Wind Offshore | Actual Aggregated,2026-07-19T23:19:59Z
2026-07-19T23:19:05Z,2026-07-20T01:19:05+0200,028f9a66-b3fa-4fa7-a1aa-7c735a2e67a7,2026-07-17T20:00:00Z,2026-07-17T22:00:00+0200,274.17,MW,FR,FR,actual_offshore_wind_generation,Wind Offshore | Actual Aggregated,2026-07-19T23:19:59Z
2026-07-19T23:19:05Z,2026-07-20T01:19:05+0200,028f9a66-b3fa-4fa7-a1aa-7c735a2e67a7,2026-07-17T20:15:00Z,2026-07-17T22:15:00+0200,267.95,MW,FR,FR,actual_offshore_wind_generation,Wind Offshore | Actual Aggregated,2026-07-19T23:19:59Z
2026-07-19T23:19:05Z,2026-07-20T01:19:05+0200,028f9a66-b3fa-4fa7-a1aa-7c735a2e67a7,2026-07-17T20:30:00Z,2026-07-17T22:30:00+0200,249.27,MW,FR,FR,actual_offshore_wind_generation,Wind Offshore | Actual Aggregated,2026-07-19T23:19:59Z
2026-07-19T23:19:05Z,2026-07-20T01:19:05+0200,028f9a66-b3fa-4fa7-a1aa-7c735a2e67a7,2026-07-17T20:45:00Z,2026-07-17T22:45:00+0200,249.04,MW,FR,FR,actual_offshore_wind_generation,Wind Offshore | Actual Aggregated,2026-07-19T23:19:59Z
2026-07-19T23:19:05Z,2026-07-20T01:19:05+0200,028f9a66-b3fa-4fa7-a1aa-7c735a2e67a7,2026-07-17T21:00:00Z,2026-07-17T23:00:00+0200,243.48,MW,FR,FR,actual_offshore_wind_generation,Wind Offshore | Actual Aggregated,2026-07-19T23:19:59Z
2026-07-19T23:19:05Z,2026-07-20T01:19:05+0200,028f9a66-b3fa-4fa7-a1aa-7c735a2e67a7,2026-07-17T21:15:00Z,2026-07-17T23:15:00+0200,235.2,MW,FR,FR,actual_offshore_wind_generation,Wind Offshore | Actual Aggregated,2026-07-19T23:19:59Z
2026-07-19T23:19:05Z,2026-07-20T01:19:05+0200,028f9a66-b3fa-4fa7-a1aa-7c735a2e67a7,2026-07-17T21:30:00Z,2026-07-17T23:30:00+0200,232.53,MW,FR,FR,actual_offshore_wind_generation,Wind Offshore | Actual Aggregated,2026-07-19T23:19:59Z
2026-07-19T23:19:05Z,2026-07-20T01:19:05+0200,028f9a66-b3fa-4fa7-a1aa-7c735a2e67a7,2026-07-17T21:45:00Z,2026-07-17T23:45:00+0200,227.76,MW,FR,FR,actual_offshore_wind_generation,Wind Offshore | Actual Aggregated,2026-07-19T23:19:59Z
2026-07-19T23:19:05Z,2026-07-20T01:19:05+0200,028f9a66-b3fa-4fa7-a1aa-7c735a2e67a7,2026-07-17T22:00:00Z,2026-07-18T00:00:00+0200,211.03,MW,FR,FR,actual_offshore_wind_generation,Wind Offshore | Actual Aggregated,2026-07-19T23:19:59Z
2026-07-19T23:19:05Z,2026-07-20T01:19:05+0200,028f9a66-b3fa-4fa7-a1aa-7c735a2e67a7,2026-07-17T22:15:00Z,2026-07-18T00:15:00+0200,203.46,MW,FR,FR,actual_offshore_wind_generation,Wind Offshore | Actual Aggregated,2026-07-19T23:19:59Z
2026-07-19T23:19:05Z,2026-07-20T01:19:05+0200,028f9a66-b3fa-4fa7-a1aa-7c735a2e67a7,2026-07-17T22:30:00Z,2026-07-18T00:30:00+0200,210.88,MW,FR,FR,actual_offshore_wind_generation,Wind Offshore | Actual Aggregated,2026-07-19T23:19:59Z
2026-07-19T23:19:05Z,2026-07-20T01:19:05+0200,028f9a66-b3fa-4fa7-a1aa-7c735a2e67a7,2026-07-17T22:45:00Z,2026-07-18T00:45:00+0200,218.26,MW,FR,FR,actual_offshore_wind_generation,Wind Offshore | Actual Aggregated,2026-07-19T23:19:59Z
2026-07-19T23:19:05Z,2026-07-20T01:19:05+0200,028f9a66-b3fa-4fa7-a1aa-7c735a2e67a7,2026-07-17T23:00:00Z,2026-07-18T01:00:00+0200,216.04,MW,FR,FR,actual_offshore_wind_generation,Wind Offshore | Actual Aggregated,2026-07-19T23:19:59Z
2026-07-19T23:19:05Z,2026-07-20T01:19:05+0200,028f9a66-b3fa-4fa7-a1aa-7c735a2e67a7,2026-07-17T23:15:00Z,2026-07-18T01:15:00+0200,218.93,MW,FR,FR,actual_offshore_wind_generation,Wind Offshore | Actual Aggregated,2026-07-19T23:19:59Z
2026-07-19T23:19:05Z,2026-07-20T01:19:05+0200,028f9a66-b3fa-4fa7-a1aa-7c735a2e67a7,2026-07-17T23:30:00Z,2026-07-18T01:30:00+0200,217.29,MW,FR,FR,actual_offshore_wind_generation,Wind Offshore | Actual Aggregated,2026-07-19T23:19:59Z
2026-07-19T23:19:05Z,2026-07-20T01:19:05+0200,028f9a66-b3fa-4fa7-a1aa-7c735a2e67a7,2026-07-17T23:45:00Z,2026-07-18T01:45:00+0200,225.57,MW,FR,FR,actual_offshore_wind_generation,Wind Offshore | Actual Aggregated,2026-07-19T23:19:59Z
2026-07-19T23:19:05Z,2026-07-20T01:19:05+0200,028f9a66-b3fa-4fa7-a1aa-7c735a2e67a7,2026-07-18T00:00:00Z,2026-07-18T02:00:00+0200,230.27,MW,FR,FR,actual_offshore_wind_generation,Wind Offshore | Actual Aggregated,2026-07-19T23:19:59Z
2026-07-19T23:19:05Z,2026-07-20T01:19:05+0200,028f9a66-b3fa-4fa7-a1aa-7c735a2e67a7,2026-07-18T00:15:00Z,2026-07-18T02:15:00+0200,262.69,MW,FR,FR,actual_offshore_wind_generation,Wind Offshore | Actual Aggregated,2026-07-19T23:19:59Z
2026-07-19T23:19:05Z,2026-07-20T01:19:05+0200,028f9a66-b3fa-4fa7-a1aa-7c735a2e67a7,2026-07-18T00:30:00Z,2026-07-18T02:30:00+0200,281.02,MW,FR,FR,actual_offshore_wind_generation,Wind Offshore | Actual Aggregated,2026-07-19T23:19:59Z
2026-07-19T23:19:05Z,2026-07-20T01:19:05+0200,028f9a66-b3fa-4fa7-a1aa-7c735a2e67a7,2026-07-18T00:45:00Z,2026-07-18T02:45:00+0200,278.76,MW,FR,FR,actual_offshore_wind_generation,Wind Offshore | Actual Aggregated,2026-07-19T23:19:59Z
2026-07-19T23:19:05Z,2026-07-20T01:19:05+0200,028f9a66-b3fa-4fa7-a1aa-7c735a2e67a7,2026-07-18T01:00:00Z,2026-07-18T03:00:00+0200,263.63,MW,FR,FR,actual_offshore_wind_generation,Wind Offshore | Actual Aggregated,2026-07-19T23:19:59Z
2026-07-19T23:19:05Z,2026-07-20T01:19:05+0200,028f9a66-b3fa-4fa7-a1aa-7c735a2e67a7,2026-07-18T01:15:00Z,2026-07-18T03:15:00+0200,273.38,MW,FR,FR,actual_offshore_wind_generation,Wind Offshore | Actual Aggregated,2026-07-19T23:19:59Z
2026-07-19T23:19:05Z,2026-07-20T01:19:05+0200,028f9a66-b3fa-4fa7-a1aa-7c735a2e67a7,2026-07-18T01:30:00Z,2026-07-18T03:30:00+0200,274.5,MW,FR,FR,actual_offshore_wind_generation,Wind Offshore | Actual Aggregated,2026-07-19T23:19:59Z
2026-07-19T23:19:05Z,2026-07-20T01:19:05+0200,028f9a66-b3fa-4fa7-a1aa-7c735a2e67a7,2026-07-18T01:45:00Z,2026-07-18T03:45:00+0200,278.69,MW,FR,FR,actual_offshore_wind_generation,Wind Offshore | Actual Aggregated,2026-07-19T23:19:59Z
2026-07-19T23:19:05Z,2026-07-20T01:19:05+0200,028f9a66-b3fa-4fa7-a1aa-7c735a2e67a7,2026-07-18T02:00:00Z,2026-07-18T04:00:00+0200,293.53,MW,FR,FR,actual_offshore_wind_generation,Wind Offshore | Actual Aggregated,2026-07-19T23:19:59Z
2026-07-19T23:19:05Z,2026-07-20T01:19:05+0200,028f9a66-b3fa-4fa7-a1aa-7c735a2e67a7,2026-07-18T02:15:00Z,2026-07-18T04:15:00+0200,294.13,MW,FR,FR,actual_offshore_wind_generation,Wind Offshore | Actual Aggregated,2026-07-19T23:19:59Z
2026-07-19T23:19:05Z,2026-07-20T01:19:05+0200,028f9a66-b3fa-4fa7-a1aa-7c735a2e67a7,2026-07-18T02:30:00Z,2026-07-18T04:30:00+0200,277.86,MW,FR,FR,actual_offshore_wind_generation,Wind Offshore | Actual Aggregated,2026-07-19T23:19:59Z
2026-07-19T23:19:05Z,2026-07-20T01:19:05+0200,028f9a66-b3fa-4fa7-a1aa-7c735a2e67a7,2026-07-18T02:45:00Z,2026-07-18T04:45:00+0200,252.8,MW,FR,FR,actual_offshore_wind_generation,Wind Offshore | Actual Aggregated,2026-07-19T23:19:59Z
2026-07-19T23:19:05Z,2026-07-20T01:19:05+0200,028f9a66-b3fa-4fa7-a1aa-7c735a2e67a7,2026-07-18T03:00:00Z,2026-07-18T05:00:00+0200,225.24,MW,FR,FR,actual_offshore_wind_generation,Wind Offshore | Actual Aggregated,2026-07-19T23:19:59Z
2026-07-19T23:19:05Z,2026-07-20T01:19:05+0200,028f9a66-b3fa-4fa7-a1aa-7c735a2e67a7,2026-07-18T03:15:00Z,2026-07-18T05:15:00+0200,206.13,MW,FR,FR,actual_offshore_wind_generation,Wind Offshore | Actual Aggregated,2026-07-19T23:19:59Z
2026-07-19T23:19:05Z,2026-07-20T01:19:05+0200,028f9a66-b3fa-4fa7-a1aa-7c735a2e67a7,2026-07-18T03:30:00Z,2026-07-18T05:30:00+0200,191.42,MW,FR,FR,actual_offshore_wind_generation,Wind Offshore | Actual Aggregated,2026-07-19T23:19:59Z
2026-07-19T23:19:05Z,2026-07-20T01:19:05+0200,028f9a66-b3fa-4fa7-a1aa-7c735a2e67a7,2026-07-18T03:45:00Z,2026-07-18T05:45:00+0200,190.94,MW,FR,FR,actual_offshore_wind_generation,Wind Offshore | Actual Aggregated,2026-07-19T23:19:59Z
2026-07-19T23:19:05Z,2026-07-20T01:19:05+0200,028f9a66-b3fa-4fa7-a1aa-7c735a2e67a7,2026-07-18T04:00:00Z,2026-07-18T06:00:00+0200,205.28,MW,FR,FR,actual_offshore_wind_generation,Wind Offshore | Actual Aggregated,2026-07-19T23:19:59Z
2026-07-19T23:19:05Z,2026-07-20T01:19:05+0200,028f9a66-b3fa-4fa7-a1aa-7c735a2e67a7,2026-07-18T04:15:00Z,2026-07-18T06:15:00+0200,206.89,MW,FR,FR,actual_offshore_wind_generation,Wind Offshore | Actual Aggregated,2026-07-19T23:19:59Z
2026-07-19T23:19:05Z,2026-07-20T01:19:05+0200,028f9a66-b3fa-4fa7-a1aa-7c735a2e67a7,2026-07-18T04:30:00Z,2026-07-18T06:30:00+0200,206.21,MW,FR,FR,actual_offshore_wind_generation,Wind Offshore | Actual Aggregated,2026-07-19T23:19:59Z
2026-07-19T23:19:05Z,2026-07-20T01:19:05+0200,028f9a66-b3fa-4fa7-a1aa-7c735a2e67a7,2026-07-18T04:45:00Z,2026-07-18T06:45:00+0200,189.34,MW,FR,FR,actual_offshore_wind_generation,Wind Offshore | Actual Aggregated,2026-07-19T23:19:59Z
2026-07-19T23:19:05Z,2026-07-20T01:19:05+0200,028f9a66-b3fa-4fa7-a1aa-7c735a2e67a7,2026-07-18T05:00:00Z,2026-07-18T07:00:00+0200,168.19,MW,FR,FR,actual_offshore_wind_generation,Wind Offshore | Actual Aggregated,2026-07-19T23:19:59Z
2026-07-19T23:19:05Z,2026-07-20T01:19:05+0200,028f9a66-b3fa-4fa7-a1aa-7c735a2e67a7,2026-07-18T05:15:00Z,2026-07-18T07:15:00+0200,145.65,MW,FR,FR,actual_offshore_wind_generation,Wind Offshore | Actual Aggregated,2026-07-19T23:19:59Z
2026-07-19T23:19:05Z,2026-07-20T01:19:05+0200,028f9a66-b3fa-4fa7-a1aa-7c735a2e67a7,2026-07-18T05:30:00Z,2026-07-18T07:30:00+0200,127.04,MW,FR,FR,actual_offshore_wind_generation,Wind Offshore | Actual Aggregated,2026-07-19T23:19:59Z
2026-07-19T23:19:05Z,2026-07-20T01:19:05+0200,028f9a66-b3fa-4fa7-a1aa-7c735a2e67a7,2026-07-18T05:45:00Z,2026-07-18T07:45:00+0200,127.85,MW,FR,FR,actual_offshore_wind_generation,Wind Offshore | Actual Aggregated,2026-07-19T23:19:59Z
2026-07-19T23:19:05Z,2026-07-20T01:19:05+0200,028f9a66-b3fa-4fa7-a1aa-7c735a2e67a7,2026-07-18T06:00:00Z,2026-07-18T08:00:00+0200,141.62,MW,FR,FR,actual_offshore_wind_generation,Wind Offshore | Actual Aggregated,2026-07-19T23:19:59Z
2026-07-19T23:19:05Z,2026-07-20T01:19:05+0200,028f9a66-b3fa-4fa7-a1aa-7c735a2e67a7,2026-07-18T06:15:00Z,2026-07-18T08:15:00+0200,128.7,MW,FR,FR,actual_offshore_wind_generation,Wind Offshore | Actual Aggregated,2026-07-19T23:19:59Z
2026-07-19T23:19:05Z,2026-07-20T01:19:05+0200,028f9a66-b3fa-4fa7-a1aa-7c735a2e67a7,2026-07-18T06:30:00Z,2026-07-18T08:30:00+0200,112.08,MW,FR,FR,actual_offshore_wind_generation,Wind Offshore | Actual Aggregated,2026-07-19T23:19:59Z
2026-07-19T23:19:05Z,2026-07-20T01:19:05+0200,028f9a66-b3fa-4fa7-a1aa-7c735a2e67a7,2026-07-18T06:45:00Z,2026-07-18T08:45:00+0200,113.48,MW,FR,FR,actual_offshore_wind_generation,Wind Offshore | Actual Aggregated,2026-07-19T23:19:59Z
2026-07-19T23:19:05Z,2026-07-20T01:19:05+0200,028f9a66-b3fa-4fa7-a1aa-7c735a2e67a7,2026-07-18T07:00:00Z,2026-07-18T09:00:00+0200,100.27,MW,FR,FR,actual_offshore_wind_generation,Wind Offshore | Actual Aggregated,2026-07-19T23:19:59Z
2026-07-19T23:19:05Z,2026-07-20T01:19:05+0200,028f9a66-b3fa-4fa7-a1aa-7c735a2e67a7,2026-07-18T07:15:00Z,2026-07-18T09:15:00+0200,99.79,MW,FR,FR,actual_offshore_wind_generation,Wind Offshore | Actual Aggregated,2026-07-19T23:19:59Z
2026-07-19T23:19:05Z,2026-07-20T01:19:05+0200,028f9a66-b3fa-4fa7-a1aa-7c735a2e67a7,2026-07-18T07:30:00Z,2026-07-18T09:30:00+0200,118.03,MW,FR,FR,actual_offshore_wind_generation,Wind Offshore | Actual Aggregated,2026-07-19T23:19:59Z
2026-07-19T23:19:05Z,2026-07-20T01:19:05+0200,028f9a66-b3fa-4fa7-a1aa-7c735a2e67a7,2026-07-18T07:45:00Z,2026-07-18T09:45:00+0200,121.38,MW,FR,FR,actual_offshore_wind_generation,Wind Offshore | Actual Aggregated,2026-07-19T23:19:59Z
2026-07-19T23:19:05Z,2026-07-20T01:19:05+0200,028f9a66-b3fa-4fa7-a1aa-7c735a2e67a7,2026-07-18T08:00:00Z,2026-07-18T10:00:00+0200,111.91,MW,FR,FR,actual_offshore_wind_generation,Wind Offshore | Actual Aggregated,2026-07-19T23:19:59Z
2026-07-19T23:19:05Z,2026-07-20T01:19:05+0200,028f9a66-b3fa-4fa7-a1aa-7c735a2e67a7,2026-07-18T08:15:00Z,2026-07-18T10:15:00+0200,112.71,MW,FR,FR,actual_offshore_wind_generation,Wind Offshore | Actual Aggregated,2026-07-19T23:19:59Z
2026-07-19T23:19:05Z,2026-07-20T01:19:05+0200,028f9a66-b3fa-4fa7-a1aa-7c735a2e67a7,2026-07-18T08:30:00Z,2026-07-18T10:30:00+0200,110.89,MW,FR,FR,actual_offshore_wind_generation,Wind Offshore | Actual Aggregated,2026-07-19T23:19:59Z
2026-07-19T23:19:05Z,2026-07-20T01:19:05+0200,028f9a66-b3fa-4fa7-a1aa-7c735a2e67a7,2026-07-18T08:45:00Z,2026-07-18T10:45:00+0200,95.26,MW,FR,FR,actual_offshore_wind_generation,Wind Offshore | Actual Aggregated,2026-07-19T23:19:59Z
2026-07-19T23:19:05Z,2026-07-20T01:19:05+0200,028f9a66-b3fa-4fa7-a1aa-7c735a2e67a7,2026-07-18T09:00:00Z,2026-07-18T11:00:00+0200,90.96,MW,FR,FR,actual_offshore_wind_generation,Wind Offshore | Actual Aggregated,2026-07-19T23:19:59Z
2026-07-19T23:19:05Z,2026-07-20T01:19:05+0200,028f9a66-b3fa-4fa7-a1aa-7c735a2e67a7,2026-07-18T09:15:00Z,2026-07-18T11:15:00+0200,78.44,MW,FR,FR,actual_offshore_wind_generation,Wind Offshore | Actual Aggregated,2026-07-19T23:19:59Z
2026-07-19T23:19:05Z,2026-07-20T01:19:05+0200,028f9a66-b3fa-4fa7-a1aa-7c735a2e67a7,2026-07-18T09:30:00Z,2026-07-18T11:30:00+0200,72.19,MW,FR,FR,actual_offshore_wind_generation,Wind Offshore | Actual Aggregated,2026-07-19T23:19:59Z
2026-07-19T23:19:05Z,2026-07-20T01:19:05+0200,028f9a66-b3fa-4fa7-a1aa-7c735a2e67a7,2026-07-18T09:45:00Z,2026-07-18T11:45:00+0200,59.57,MW,FR,FR,actual_offshore_wind_generation,Wind Offshore | Actual Aggregated,2026-07-19T23:19:59Z
2026-07-19T23:19:05Z,2026-07-20T01:19:05+0200,028f9a66-b3fa-4fa7-a1aa-7c735a2e67a7,2026-07-18T10:00:00Z,2026-07-18T12:00:00+0200,67.28,MW,FR,FR,actual_offshore_wind_generation,Wind Offshore | Actual Aggregated,2026-07-19T23:19:59Z
2026-07-19T23:19:05Z,2026-07-20T01:19:05+0200,028f9a66-b3fa-4fa7-a1aa-7c735a2e67a7,2026-07-18T10:15:00Z,2026-07-18T12:15:00+0200,76.7,MW,FR,FR,actual_offshore_wind_generation,Wind Offshore | Actual Aggregated,2026-07-19T23:19:59Z
2026-07-19T23:19:05Z,2026-07-20T01:19:05+0200,028f9a66-b3fa-4fa7-a1aa-7c735a2e67a7,2026-07-18T10:30:00Z,2026-07-18T12:30:00+0200,83.07,MW,FR,FR,actual_offshore_wind_generation,Wind Offshore | Actual Aggregated,2026-07-19T23:19:59Z
2026-07-19T23:19:05Z,2026-07-20T01:19:05+0200,028f9a66-b3fa-4fa7-a1aa-7c735a2e67a7,2026-07-18T10:45:00Z,2026-07-18T12:45:00+0200,75.76,MW,FR,FR,actual_offshore_wind_generation,Wind Offshore | Actual Aggregated,2026-07-19T23:19:59Z
2026-07-19T23:19:05Z,2026-07-20T01:19:05+0200,028f9a66-b3fa-4fa7-a1aa-7c735a2e67a7,2026-07-18T11:00:00Z,2026-07-18T13:00:00+0200,76.71,MW,FR,FR,actual_offshore_wind_generation,Wind Offshore | Actual Aggregated,2026-07-19T23:19:59Z
2026-07-19T23:19:05Z,2026-07-20T01:19:05+0200,028f9a66-b3fa-4fa7-a1aa-7c735a2e67a7,2026-07-18T11:15:00Z,2026-07-18T13:15:00+0200,81.9,MW,FR,FR,actual_offshore_wind_generation,Wind Offshore | Actual Aggregated,2026-07-19T23:19:59Z
2026-07-19T23:19:05Z,2026-07-20T01:19:05+0200,028f9a66-b3fa-4fa7-a1aa-7c735a2e67a7,2026-07-18T11:30:00Z,2026-07-18T13:30:00+0200,81.37,MW,FR,FR,actual_offshore_wind_generation,Wind Offshore | Actual Aggregated,2026-07-19T23:19:59Z
2026-07-19T23:19:05Z,2026-07-20T01:19:05+0200,028f9a66-b3fa-4fa7-a1aa-7c735a2e67a7,2026-07-18T11:45:00Z,2026-07-18T13:45:00+0200,94.45,MW,FR,FR,actual_offshore_wind_generation,Wind Offshore | Actual Aggregated,2026-07-19T23:19:59Z
2026-07-19T23:19:05Z,2026-07-20T01:19:05+0200,028f9a66-b3fa-4fa7-a1aa-7c735a2e67a7,2026-07-18T12:00:00Z,2026-07-18T14:00:00+0200,136.4,MW,FR,FR,actual_offshore_wind_generation,Wind Offshore | Actual Aggregated,2026-07-19T23:19:59Z
2026-07-19T23:19:05Z,2026-07-20T01:19:05+0200,028f9a66-b3fa-4fa7-a1aa-7c735a2e67a7,2026-07-18T12:15:00Z,2026-07-18T14:15:00+0200,192.15,MW,FR,FR,actual_offshore_wind_generation,Wind Offshore | Actual Aggregated,2026-07-19T23:19:59Z
2026-07-19T23:19:05Z,2026-07-20T01:19:05+0200,028f9a66-b3fa-4fa7-a1aa-7c735a2e67a7,2026-07-18T12:30:00Z,2026-07-18T14:30:00+0200,216.57,MW,FR,FR,actual_offshore_wind_generation,Wind Offshore | Actual Aggregated,2026-07-19T23:19:59Z
2026-07-19T23:19:05Z,2026-07-20T01:19:05+0200,028f9a66-b3fa-4fa7-a1aa-7c735a2e67a7,2026-07-18T12:45:00Z,2026-07-18T14:45:00+0200,254.37,MW,FR,FR,actual_offshore_wind_generation,Wind Offshore | Actual Aggregated,2026-07-19T23:19:59Z
2026-07-19T23:19:05Z,2026-07-20T01:19:05+0200,028f9a66-b3fa-4fa7-a1aa-7c735a2e67a7,2026-07-18T13:00:00Z,2026-07-18T15:00:00+0200,289.61,MW,FR,FR,actual_offshore_wind_generation,Wind Offshore | Actual Aggregated,2026-07-19T23:19:59Z
2026-07-19T23:19:05Z,2026-07-20T01:19:05+0200,028f9a66-b3fa-4fa7-a1aa-7c735a2e67a7,2026-07-18T13:15:00Z,2026-07-18T15:15:00+0200,291.18,MW,FR,FR,actual_offshore_wind_generation,Wind Offshore | Actual Aggregated,2026-07-19T23:19:59Z
2026-07-19T23:19:05Z,2026-07-20T01:19:05+0200,028f9a66-b3fa-4fa7-a1aa-7c735a2e67a7,2026-07-18T13:30:00Z,2026-07-18T15:30:00+0200,297.33,MW,FR,FR,actual_offshore_wind_generation,Wind Offshore | Actual Aggregated,2026-07-19T23:19:59Z
2026-07-19T23:19:05Z,2026-07-20T01:19:05+0200,028f9a66-b3fa-4fa7-a1aa-7c735a2e67a7,2026-07-18T13:45:00Z,2026-07-18T15:45:00+0200,333.85,MW,FR,FR,actual_offshore_wind_generation,Wind Offshore | Actual Aggregated,2026-07-19T23:19:59Z
2026-07-19T23:19:05Z,2026-07-20T01:19:05+0200,028f9a66-b3fa-4fa7-a1aa-7c735a2e67a7,2026-07-18T14:00:00Z,2026-07-18T16:00:00+0200,372.25,MW,FR,FR,actual_offshore_wind_generation,Wind Offshore | Actual Aggregated,2026-07-19T23:19:59Z
2026-07-19T23:19:05Z,2026-07-20T01:19:05+0200,028f9a66-b3fa-4fa7-a1aa-7c735a2e67a7,2026-07-18T14:15:00Z,2026-07-18T16:15:00+0200,387.12,MW,FR,FR,actual_offshore_wind_generation,Wind Offshore | Actual Aggregated,2026-07-19T23:19:59Z
2026-07-19T23:19:05Z,2026-07-20T01:19:05+0200,028f9a66-b3fa-4fa7-a1aa-7c735a2e67a7,2026-07-18T14:30:00Z,2026-07-18T16:30:00+0200,388.45,MW,FR,FR,actual_offshore_wind_generation,Wind Offshore | Actual Aggregated,2026-07-19T23:19:59Z
2026-07-19T23:19:05Z,2026-07-20T01:19:05+0200,028f9a66-b3fa-4fa7-a1aa-7c735a2e67a7,2026-07-18T14:45:00Z,2026-07-18T16:45:00+0200,400.44,MW,FR,FR,actual_offshore_wind_generation,Wind Offshore | Actual Aggregated,2026-07-19T23:19:59Z
2026-07-19T23:19:05Z,2026-07-20T01:19:05+0200,028f9a66-b3fa-4fa7-a1aa-7c735a2e67a7,2026-07-18T15:00:00Z,2026-07-18T17:00:00+0200,437.67,MW,FR,FR,actual_offshore_wind_generation,Wind Offshore | Actual Aggregated,2026-07-19T23:19:59Z
2026-07-19T23:19:05Z,2026-07-20T01:19:05+0200,028f9a66-b3fa-4fa7-a1aa-7c735a2e67a7,2026-07-18T15:15:00Z,2026-07-18T17:15:00+0200,477.65,MW,FR,FR,actual_offshore_wind_generation,Wind Offshore | Actual Aggregated,2026-07-19T23:19:59Z
2026-07-19T23:19:05Z,2026-07-20T01:19:05+0200,028f9a66-b3fa-4fa7-a1aa-7c735a2e67a7,2026-07-18T15:30:00Z,2026-07-18T17:30:00+0200,496.71,MW,FR,FR,actual_offshore_wind_generation,Wind Offshore | Actual Aggregated,2026-07-19T23:19:59Z
2026-07-19T23:19:05Z,2026-07-20T01:19:05+0200,028f9a66-b3fa-4fa7-a1aa-7c735a2e67a7,2026-07-18T15:45:00Z,2026-07-18T17:45:00+0200,553.41,MW,FR,FR,actual_offshore_wind_generation,Wind Offshore | Actual Aggregated,2026-07-19T23:19:59Z
2026-07-19T23:19:05Z,2026-07-20T01:19:05+0200,028f9a66-b3fa-4fa7-a1aa-7c735a2e67a7,2026-07-18T16:00:00Z,2026-07-18T18:00:00+0200,592.2,MW,FR,FR,actual_offshore_wind_generation,Wind Offshore | Actual Aggregated,2026-07-19T23:19:59Z
2026-07-19T23:19:05Z,2026-07-20T01:19:05+0200,028f9a66-b3fa-4fa7-a1aa-7c735a2e67a7,2026-07-18T16:15:00Z,2026-07-18T18:15:00+0200,601.39,MW,FR,FR,actual_offshore_wind_generation,Wind Offshore | Actual Aggregated,2026-07-19T23:19:59Z
2026-07-19T23:19:05Z,2026-07-20T01:19:05+0200,028f9a66-b3fa-4fa7-a1aa-7c735a2e67a7,2026-07-18T16:30:00Z,2026-07-18T18:30:00+0200,639.41,MW,FR,FR,actual_offshore_wind_generation,Wind Offshore | Actual Aggregated,2026-07-19T23:19:59Z
2026-07-19T23:19:05Z,2026-07-20T01:19:05+0200,028f9a66-b3fa-4fa7-a1aa-7c735a2e67a7,2026-07-18T16:45:00Z,2026-07-18T18:45:00+0200,711.29,MW,FR,FR,actual_offshore_wind_generation,Wind Offshore | Actual Aggregated,2026-07-19T23:19:59Z
2026-07-19T23:19:05Z,2026-07-20T01:19:05+0200,028f9a66-b3fa-4fa7-a1aa-7c735a2e67a7,2026-07-18T17:00:00Z,2026-07-18T19:00:00+0200,729.59,MW,FR,FR,actual_offshore_wind_generation,Wind Offshore | Actual Aggregated,2026-07-19T23:19:59Z
2026-07-19T23:19:05Z,2026-07-20T01:19:05+0200,028f9a66-b3fa-4fa7-a1aa-7c735a2e67a7,2026-07-18T17:15:00Z,2026-07-18T19:15:00+0200,739.08,MW,FR,FR,actual_offshore_wind_generation,Wind Offshore | Actual Aggregated,2026-07-19T23:19:59Z
2026-07-19T23:19:05Z,2026-07-20T01:19:05+0200,028f9a66-b3fa-4fa7-a1aa-7c735a2e67a7,2026-07-18T17:30:00Z,2026-07-18T19:30:00+0200,787.03,MW,FR,FR,actual_offshore_wind_generation,Wind Offshore | Actual Aggregated,2026-07-19T23:19:59Z
2026-07-19T23:19:05Z,2026-07-20T01:19:05+0200,028f9a66-b3fa-4fa7-a1aa-7c735a2e67a7,2026-07-18T17:45:00Z,2026-07-18T19:45:00+0200,803.06,MW,FR,FR,actual_offshore_wind_generation,Wind Offshore | Actual Aggregated,2026-07-19T23:19:59Z
2026-07-19T23:19:05Z,2026-07-20T01:19:05+0200,028f9a66-b3fa-4fa7-a1aa-7c735a2e67a7,2026-07-18T18:00:00Z,2026-07-18T20:00:00+0200,866.64,MW,FR,FR,actual_offshore_wind_generation,Wind Offshore | Actual Aggregated,2026-07-19T23:19:59Z
2026-07-19T23:19:05Z,2026-07-20T01:19:05+0200,028f9a66-b3fa-4fa7-a1aa-7c735a2e67a7,2026-07-18T18:15:00Z,2026-07-18T20:15:00+0200,960.04,MW,FR,FR,actual_offshore_wind_generation,Wind Offshore | Actual Aggregated,2026-07-19T23:19:59Z
2026-07-19T23:19:05Z,2026-07-20T01:19:05+0200,028f9a66-b3fa-4fa7-a1aa-7c735a2e67a7,2026-07-18T18:30:00Z,2026-07-18T20:30:00+0200,982.56,MW,FR,FR,actual_offshore_wind_generation,Wind Offshore | Actual Aggregated,2026-07-19T23:19:59Z
2026-07-19T23:19:05Z,2026-07-20T01:19:05+0200,028f9a66-b3fa-4fa7-a1aa-7c735a2e67a7,2026-07-18T18:45:00Z,2026-07-18T20:45:00+0200,983.5,MW,FR,FR,actual_offshore_wind_generation,Wind Offshore | Actual Aggregated,2026-07-19T23:19:59Z
2026-07-19T23:19:05Z,2026-07-20T01:19:05+0200,028f9a66-b3fa-4fa7-a1aa-7c735a2e67a7,2026-07-18T19:00:00Z,2026-07-18T21:00:00+0200,958.67,MW,FR,FR,actual_offshore_wind_generation,Wind Offshore | Actual Aggregated,2026-07-19T23:19:59Z
2026-07-19T23:19:05Z,2026-07-20T01:19:05+0200,028f9a66-b3fa-4fa7-a1aa-7c735a2e67a7,2026-07-18T19:15:00Z,2026-07-18T21:15:00+0200,920.98,MW,FR,FR,actual_offshore_wind_generation,Wind Offshore | Actual Aggregated,2026-07-19T23:19:59Z
2026-07-19T23:19:05Z,2026-07-20T01:19:05+0200,028f9a66-b3fa-4fa7-a1aa-7c735a2e67a7,2026-07-18T19:30:00Z,2026-07-18T21:30:00+0200,921.29,MW,FR,FR,actual_offshore_wind_generation,Wind Offshore | Actual Aggregated,2026-07-19T23:19:59Z
2026-07-19T23:19:05Z,2026-07-20T01:19:05+0200,028f9a66-b3fa-4fa7-a1aa-7c735a2e67a7,2026-07-18T19:45:00Z,2026-07-18T21:45:00+0200,990.73,MW,FR,FR,actual_offshore_wind_generation,Wind Offshore | Actual Aggregated,2026-07-19T23:19:59Z
2026-07-19T23:19:05Z,2026-07-20T01:19:05+0200,028f9a66-b3fa-4fa7-a1aa-7c735a2e67a7,2026-07-18T20:00:00Z,2026-07-18T22:00:00+0200,999.84,MW,FR,FR,actual_offshore_wind_generation,Wind Offshore | Actual Aggregated,2026-07-19T23:19:59Z
2026-07-19T23:19:05Z,2026-07-20T01:19:05+0200,028f9a66-b3fa-4fa7-a1aa-7c735a2e67a7,2026-07-18T20:15:00Z,2026-07-18T22:15:00+0200,1116.77,MW,FR,FR,actual_offshore_wind_generation,Wind Offshore | Actual Aggregated,2026-07-19T23:19:59Z
2026-07-19T23:19:05Z,2026-07-20T01:19:05+0200,028f9a66-b3fa-4fa7-a1aa-7c735a2e67a7,2026-07-18T20:30:00Z,2026-07-18T22:30:00+0200,1204.32,MW,FR,FR,actual_offshore_wind_generation,Wind Offshore | Actual Aggregated,2026-07-19T23:19:59Z
2026-07-19T23:19:05Z,2026-07-20T01:19:05+0200,028f9a66-b3fa-4fa7-a1aa-7c735a2e67a7,2026-07-18T20:45:00Z,2026-07-18T22:45:00+0200,1159.22,MW,FR,FR,actual_offshore_wind_generation,Wind Offshore | Actual Aggregated,2026-07-19T23:19:59Z
2026-07-19T23:19:05Z,2026-07-20T01:19:05+0200,028f9a66-b3fa-4fa7-a1aa-7c735a2e67a7,2026-07-18T21:00:00Z,2026-07-18T23:00:00+0200,1068.82,MW,FR,FR,actual_offshore_wind_generation,Wind Offshore | Actual Aggregated,2026-07-19T23:19:59Z
2026-07-19T23:19:05Z,2026-07-20T01:19:05+0200,028f9a66-b3fa-4fa7-a1aa-7c735a2e67a7,2026-07-18T21:15:00Z,2026-07-18T23:15:00+0200,1025.33,MW,FR,FR,actual_offshore_wind_generation,Wind Offshore | Actual Aggregated,2026-07-19T23:19:59Z
2026-07-19T23:19:05Z,2026-07-20T01:19:05+0200,028f9a66-b3fa-4fa7-a1aa-7c735a2e67a7,2026-07-18T21:30:00Z,2026-07-18T23:30:00+0200,1038.82,MW,FR,FR,actual_offshore_wind_generation,Wind Offshore | Actual Aggregated,2026-07-19T23:19:59Z
2026-07-19T23:19:05Z,2026-07-20T01:19:05+0200,028f9a66-b3fa-4fa7-a1aa-7c735a2e67a7,2026-07-18T21:45:00Z,2026-07-18T23:45:00+0200,1072.15,MW,FR,FR,actual_offshore_wind_generation,Wind Offshore | Actual Aggregated,2026-07-19T23:19:59Z
2026-07-19T23:19:05Z,2026-07-20T01:19:05+0200,028f9a66-b3fa-4fa7-a1aa-7c735a2e67a7,2026-07-18T22:00:00Z,2026-07-19T00:00:00+0200,1152.29,MW,FR,FR,actual_offshore_wind_generation,Wind Offshore | Actual Aggregated,2026-07-19T23:19:59Z
2026-07-19T23:19:05Z,2026-07-20T01:19:05+0200,028f9a66-b3fa-4fa7-a1aa-7c735a2e67a7,2026-07-18T22:15:00Z,2026-07-19T00:15:00+0200,1148.58,MW,FR,FR,actual_offshore_wind_generation,Wind Offshore | Actual Aggregated,2026-07-19T23:19:59Z
2026-07-19T23:19:05Z,2026-07-20T01:19:05+0200,028f9a66-b3fa-4fa7-a1aa-7c735a2e67a7,2026-07-18T22:30:00Z,2026-07-19T00:30:00+0200,1105.0,MW,FR,FR,actual_offshore_wind_generation,Wind Offshore | Actual Aggregated,2026-07-19T23:19:59Z
2026-07-19T23:19:05Z,2026-07-20T01:19:05+0200,028f9a66-b3fa-4fa7-a1aa-7c735a2e67a7,2026-07-18T22:45:00Z,2026-07-19T00:45:00+0200,1106.86,MW,FR,FR,actual_offshore_wind_generation,Wind Offshore | Actual Aggregated,2026-07-19T23:19:59Z
2026-07-19T23:19:05Z,2026-07-20T01:19:05+0200,028f9a66-b3fa-4fa7-a1aa-7c735a2e67a7,2026-07-18T23:00:00Z,2026-07-19T01:00:00+0200,1078.25,MW,FR,FR,actual_offshore_wind_generation,Wind Offshore | Actual Aggregated,2026-07-19T23:19:59Z
2026-07-19T23:19:05Z,2026-07-20T01:19:05+0200,028f9a66-b3fa-4fa7-a1aa-7c735a2e67a7,2026-07-18T23:15:00Z,2026-07-19T01:15:00+0200,968.93,MW,FR,FR,actual_offshore_wind_generation,Wind Offshore | Actual Aggregated,2026-07-19T23:19:59Z
2026-07-19T23:19:05Z,2026-07-20T01:19:05+0200,028f9a66-b3fa-4fa7-a1aa-7c735a2e67a7,2026-07-18T23:30:00Z,2026-07-19T01:30:00+0200,953.89,MW,FR,FR,actual_offshore_wind_generation,Wind Offshore | Actual Aggregated,2026-07-19T23:19:59Z
2026-07-19T23:19:05Z,2026-07-20T01:19:05+0200,028f9a66-b3fa-4fa7-a1aa-7c735a2e67a7,2026-07-18T23:45:00Z,2026-07-19T01:45:00+0200,935.66,MW,FR,FR,actual_offshore_wind_generation,Wind Offshore | Actual Aggregated,2026-07-19T23:19:59Z
2026-07-19T23:19:05Z,2026-07-20T01:19:05+0200,028f9a66-b3fa-4fa7-a1aa-7c735a2e67a7,2026-07-19T00:00:00Z,2026-07-19T02:00:00+0200,952.6,MW,FR,FR,actual_offshore_wind_generation,Wind Offshore | Actual Aggregated,2026-07-19T23:19:59Z
2026-07-19T23:19:05Z,2026-07-20T01:19:05+0200,028f9a66-b3fa-4fa7-a1aa-7c735a2e67a7,2026-07-19T00:15:00Z,2026-07-19T02:15:00+0200,947.26,MW,FR,FR,actual_offshore_wind_generation,Wind Offshore | Actual Aggregated,2026-07-19T23:19:59Z
2026-07-19T23:19:05Z,2026-07-20T01:19:05+0200,028f9a66-b3fa-4fa7-a1aa-7c735a2e67a7,2026-07-19T00:30:00Z,2026-07-19T02:30:00+0200,923.23,MW,FR,FR,actual_offshore_wind_generation,Wind Offshore | Actual Aggregated,2026-07-19T23:19:59Z
2026-07-19T23:19:05Z,2026-07-20T01:19:05+0200,028f9a66-b3fa-4fa7-a1aa-7c735a2e67a7,2026-07-19T00:45:00Z,2026-07-19T02:45:00+0200,902.19,MW,FR,FR,actual_offshore_wind_generation,Wind Offshore | Actual Aggregated,2026-07-19T23:19:59Z
2026-07-19T23:19:05Z,2026-07-20T01:19:05+0200,028f9a66-b3fa-4fa7-a1aa-7c735a2e67a7,2026-07-19T01:00:00Z,2026-07-19T03:00:00+0200,907.89,MW,FR,FR,actual_offshore_wind_generation,Wind Offshore | Actual Aggregated,2026-07-19T23:19:59Z
2026-07-19T23:19:05Z,2026-07-20T01:19:05+0200,028f9a66-b3fa-4fa7-a1aa-7c735a2e67a7,2026-07-19T01:15:00Z,2026-07-19T03:15:00+0200,895.92,MW,FR,FR,actual_offshore_wind_generation,Wind Offshore | Actual Aggregated,2026-07-19T23:19:59Z
2026-07-19T23:19:05Z,2026-07-20T01:19:05+0200,028f9a66-b3fa-4fa7-a1aa-7c735a2e67a7,2026-07-19T01:30:00Z,2026-07-19T03:30:00+0200,972.24,MW,FR,FR,actual_offshore_wind_generation,Wind Offshore | Actual Aggregated,2026-07-19T23:19:59Z
2026-07-19T23:19:05Z,2026-07-20T01:19:05+0200,028f9a66-b3fa-4fa7-a1aa-7c735a2e67a7,2026-07-19T01:45:00Z,2026-07-19T03:45:00+0200,1012.6,MW,FR,FR,actual_offshore_wind_generation,Wind Offshore | Actual Aggregated,2026-07-19T23:19:59Z
2026-07-19T23:19:05Z,2026-07-20T01:19:05+0200,028f9a66-b3fa-4fa7-a1aa-7c735a2e67a7,2026-07-19T02:00:00Z,2026-07-19T04:00:00+0200,1059.89,MW,FR,FR,actual_offshore_wind_generation,Wind Offshore | Actual Aggregated,2026-07-19T23:19:59Z
2026-07-19T23:19:05Z,2026-07-20T01:19:05+0200,028f9a66-b3fa-4fa7-a1aa-7c735a2e67a7,2026-07-19T02:15:00Z,2026-07-19T04:15:00+0200,1040.13,MW,FR,FR,actual_offshore_wind_generation,Wind Offshore | Actual Aggregated,2026-07-19T23:19:59Z
2026-07-19T23:19:05Z,2026-07-20T01:19:05+0200,028f9a66-b3fa-4fa7-a1aa-7c735a2e67a7,2026-07-19T02:30:00Z,2026-07-19T04:30:00+0200,1021.91,MW,FR,FR,actual_offshore_wind_generation,Wind Offshore | Actual Aggregated,2026-07-19T23:19:59Z
2026-07-19T23:19:05Z,2026-07-20T01:19:05+0200,028f9a66-b3fa-4fa7-a1aa-7c735a2e67a7,2026-07-19T02:45:00Z,2026-07-19T04:45:00+0200,958.46,MW,FR,FR,actual_offshore_wind_generation,Wind Offshore | Actual Aggregated,2026-07-19T23:19:59Z
2026-07-19T23:19:05Z,2026-07-20T01:19:05+0200,028f9a66-b3fa-4fa7-a1aa-7c735a2e67a7,2026-07-19T03:00:00Z,2026-07-19T05:00:00+0200,921.98,MW,FR,FR,actual_offshore_wind_generation,Wind Offshore | Actual Aggregated,2026-07-19T23:19:59Z
2026-07-19T23:19:05Z,2026-07-20T01:19:05+0200,028f9a66-b3fa-4fa7-a1aa-7c735a2e67a7,2026-07-19T03:15:00Z,2026-07-19T05:15:00+0200,955.91,MW,FR,FR,actual_offshore_wind_generation,Wind Offshore | Actual Aggregated,2026-07-19T23:19:59Z
2026-07-19T23:19:05Z,2026-07-20T01:19:05+0200,028f9a66-b3fa-4fa7-a1aa-7c735a2e67a7,2026-07-19T03:30:00Z,2026-07-19T05:30:00+0200,990.62,MW,FR,FR,actual_offshore_wind_generation,Wind Offshore | Actual Aggregated,2026-07-19T23:19:59Z
2026-07-19T23:19:05Z,2026-07-20T01:19:05+0200,028f9a66-b3fa-4fa7-a1aa-7c735a2e67a7,2026-07-19T03:45:00Z,2026-07-19T05:45:00+0200,1003.82,MW,FR,FR,actual_offshore_wind_generation,Wind Offshore | Actual Aggregated,2026-07-19T23:19:59Z
2026-07-19T23:19:05Z,2026-07-20T01:19:05+0200,028f9a66-b3fa-4fa7-a1aa-7c735a2e67a7,2026-07-19T04:00:00Z,2026-07-19T06:00:00+0200,1025.08,MW,FR,FR,actual_offshore_wind_generation,Wind Offshore | Actual Aggregated,2026-07-19T23:19:59Z
2026-07-19T23:19:05Z,2026-07-20T01:19:05+0200,028f9a66-b3fa-4fa7-a1aa-7c735a2e67a7,2026-07-19T04:15:00Z,2026-07-19T06:15:00+0200,1057.61,MW,FR,FR,actual_offshore_wind_generation,Wind Offshore | Actual Aggregated,2026-07-19T23:19:59Z
2026-07-19T23:19:05Z,2026-07-20T01:19:05+0200,028f9a66-b3fa-4fa7-a1aa-7c735a2e67a7,2026-07-19T04:30:00Z,2026-07-19T06:30:00+0200,971.49,MW,FR,FR,actual_offshore_wind_generation,Wind Offshore | Actual Aggregated,2026-07-19T23:19:59Z
2026-07-19T23:19:05Z,2026-07-20T01:19:05+0200,028f9a66-b3fa-4fa7-a1aa-7c735a2e67a7,2026-07-19T04:45:00Z,2026-07-19T06:45:00+0200,958.64,MW,FR,FR,actual_offshore_wind_generation,Wind Offshore | Actual Aggregated,2026-07-19T23:19:59Z
2026-07-19T23:19:05Z,2026-07-20T01:19:05+0200,028f9a66-b3fa-4fa7-a1aa-7c735a2e67a7,2026-07-19T05:00:00Z,2026-07-19T07:00:00+0200,1031.16,MW,FR,FR,actual_offshore_wind_generation,Wind Offshore | Actual Aggregated,2026-07-19T23:19:59Z
2026-07-19T23:19:05Z,2026-07-20T01:19:05+0200,028f9a66-b3fa-4fa7-a1aa-7c735a2e67a7,2026-07-19T05:15:00Z,2026-07-19T07:15:00+0200,1124.53,MW,FR,FR,actual_offshore_wind_generation,Wind Offshore | Actual Aggregated,2026-07-19T23:19:59Z
2026-07-19T23:19:05Z,2026-07-20T01:19:05+0200,028f9a66-b3fa-4fa7-a1aa-7c735a2e67a7,2026-07-19T05:30:00Z,2026-07-19T07:30:00+0200,1230.19,MW,FR,FR,actual_offshore_wind_generation,Wind Offshore | Actual Aggregated,2026-07-19T23:19:59Z
2026-07-19T23:19:05Z,2026-07-20T01:19:05+0200,028f9a66-b3fa-4fa7-a1aa-7c735a2e67a7,2026-07-19T05:45:00Z,2026-07-19T07:45:00+0200,1224.61,MW,FR,FR,actual_offshore_wind_generation,Wind Offshore | Actual Aggregated,2026-07-19T23:19:59Z
2026-07-19T23:19:05Z,2026-07-20T01:19:05+0200,028f9a66-b3fa-4fa7-a1aa-7c735a2e67a7,2026-07-19T06:00:00Z,2026-07-19T08:00:00+0200,1196.87,MW,FR,FR,actual_offshore_wind_generation,Wind Offshore | Actual Aggregated,2026-07-19T23:19:59Z
2026-07-19T23:19:05Z,2026-07-20T01:19:05+0200,028f9a66-b3fa-4fa7-a1aa-7c735a2e67a7,2026-07-19T06:15:00Z,2026-07-19T08:15:00+0200,1185.5,MW,FR,FR,actual_offshore_wind_generation,Wind Offshore | Actual Aggregated,2026-07-19T23:19:59Z
2026-07-19T23:19:05Z,2026-07-20T01:19:05+0200,028f9a66-b3fa-4fa7-a1aa-7c735a2e67a7,2026-07-19T06:30:00Z,2026-07-19T08:30:00+0200,1203.69,MW,FR,FR,actual_offshore_wind_generation,Wind Offshore | Actual Aggregated,2026-07-19T23:19:59Z
2026-07-19T23:19:05Z,2026-07-20T01:19:05+0200,028f9a66-b3fa-4fa7-a1aa-7c735a2e67a7,2026-07-19T06:45:00Z,2026-07-19T08:45:00+0200,1167.99,MW,FR,FR,actual_offshore_wind_generation,Wind Offshore | Actual Aggregated,2026-07-19T23:19:59Z
2026-07-19T23:19:05Z,2026-07-20T01:19:05+0200,028f9a66-b3fa-4fa7-a1aa-7c735a2e67a7,2026-07-19T07:00:00Z,2026-07-19T09:00:00+0200,1110.99,MW,FR,FR,actual_offshore_wind_generation,Wind Offshore | Actual Aggregated,2026-07-19T23:19:59Z
2026-07-19T23:19:05Z,2026-07-20T01:19:05+0200,028f9a66-b3fa-4fa7-a1aa-7c735a2e67a7,2026-07-19T07:15:00Z,2026-07-19T09:15:00+0200,1099.62,MW,FR,FR,actual_offshore_wind_generation,Wind Offshore | Actual Aggregated,2026-07-19T23:19:59Z
2026-07-19T23:19:05Z,2026-07-20T01:19:05+0200,028f9a66-b3fa-4fa7-a1aa-7c735a2e67a7,2026-07-19T07:30:00Z,2026-07-19T09:30:00+0200,1075.82,MW,FR,FR,actual_offshore_wind_generation,Wind Offshore | Actual Aggregated,2026-07-19T23:19:59Z
2026-07-19T23:19:05Z,2026-07-20T01:19:05+0200,028f9a66-b3fa-4fa7-a1aa-7c735a2e67a7,2026-07-19T07:45:00Z,2026-07-19T09:45:00+0200,1070.42,MW,FR,FR,actual_offshore_wind_generation,Wind Offshore | Actual Aggregated,2026-07-19T23:19:59Z
2026-07-19T23:19:05Z,2026-07-20T01:19:05+0200,028f9a66-b3fa-4fa7-a1aa-7c735a2e67a7,2026-07-19T08:00:00Z,2026-07-19T10:00:00+0200,1041.89,MW,FR,FR,actual_offshore_wind_generation,Wind Offshore | Actual Aggregated,2026-07-19T23:19:59Z
2026-07-19T23:19:05Z,2026-07-20T01:19:05+0200,028f9a66-b3fa-4fa7-a1aa-7c735a2e67a7,2026-07-19T08:15:00Z,2026-07-19T10:15:00+0200,1029.81,MW,FR,FR,actual_offshore_wind_generation,Wind Offshore | Actual Aggregated,2026-07-19T23:19:59Z
2026-07-19T23:19:05Z,2026-07-20T01:19:05+0200,028f9a66-b3fa-4fa7-a1aa-7c735a2e67a7,2026-07-19T08:30:00Z,2026-07-19T10:30:00+0200,1003.7,MW,FR,FR,actual_offshore_wind_generation,Wind Offshore | Actual Aggregated,2026-07-19T23:19:59Z
2026-07-19T23:19:05Z,2026-07-20T01:19:05+0200,028f9a66-b3fa-4fa7-a1aa-7c735a2e67a7,2026-07-19T08:45:00Z,2026-07-19T10:45:00+0200,1002.49,MW,FR,FR,actual_offshore_wind_generation,Wind Offshore | Actual Aggregated,2026-07-19T23:19:59Z
2026-07-19T23:19:05Z,2026-07-20T01:19:05+0200,028f9a66-b3fa-4fa7-a1aa-7c735a2e67a7,2026-07-19T09:00:00Z,2026-07-19T11:00:00+0200,942.32,MW,FR,FR,actual_offshore_wind_generation,Wind Offshore | Actual Aggregated,2026-07-19T23:19:59Z
2026-07-19T23:19:05Z,2026-07-20T01:19:05+0200,028f9a66-b3fa-4fa7-a1aa-7c735a2e67a7,2026-07-19T09:15:00Z,2026-07-19T11:15:00+0200,864.65,MW,FR,FR,actual_offshore_wind_generation,Wind Offshore | Actual Aggregated,2026-07-19T23:19:59Z
2026-07-19T23:19:05Z,2026-07-20T01:19:05+0200,028f9a66-b3fa-4fa7-a1aa-7c735a2e67a7,2026-07-19T09:30:00Z,2026-07-19T11:30:00+0200,818.0,MW,FR,FR,actual_offshore_wind_generation,Wind Offshore | Actual Aggregated,2026-07-19T23:19:59Z
2026-07-19T23:19:05Z,2026-07-20T01:19:05+0200,028f9a66-b3fa-4fa7-a1aa-7c735a2e67a7,2026-07-19T09:45:00Z,2026-07-19T11:45:00+0200,764.07,MW,FR,FR,actual_offshore_wind_generation,Wind Offshore | Actual Aggregated,2026-07-19T23:19:59Z
2026-07-19T23:19:05Z,2026-07-20T01:19:05+0200,028f9a66-b3fa-4fa7-a1aa-7c735a2e67a7,2026-07-19T10:00:00Z,2026-07-19T12:00:00+0200,742.71,MW,FR,FR,actual_offshore_wind_generation,Wind Offshore | Actual Aggregated,2026-07-19T23:19:59Z
2026-07-19T23:19:05Z,2026-07-20T01:19:05+0200,028f9a66-b3fa-4fa7-a1aa-7c735a2e67a7,2026-07-19T10:15:00Z,2026-07-19T12:15:00+0200,665.76,MW,FR,FR,actual_offshore_wind_generation,Wind Offshore | Actual Aggregated,2026-07-19T23:19:59Z
2026-07-19T23:19:05Z,2026-07-20T01:19:05+0200,028f9a66-b3fa-4fa7-a1aa-7c735a2e67a7,2026-07-19T10:30:00Z,2026-07-19T12:30:00+0200,419.23,MW,FR,FR,actual_offshore_wind_generation,Wind Offshore | Actual Aggregated,2026-07-19T23:19:59Z
2026-07-19T23:19:05Z,2026-07-20T01:19:05+0200,028f9a66-b3fa-4fa7-a1aa-7c735a2e67a7,2026-07-19T10:45:00Z,2026-07-19T12:45:00+0200,271.78,MW,FR,FR,actual_offshore_wind_generation,Wind Offshore | Actual Aggregated,2026-07-19T23:19:59Z
2026-07-19T23:19:05Z,2026-07-20T01:19:05+0200,028f9a66-b3fa-4fa7-a1aa-7c735a2e67a7,2026-07-19T11:00:00Z,2026-07-19T13:00:00+0200,179.2,MW,FR,FR,actual_offshore_wind_generation,Wind Offshore | Actual Aggregated,2026-07-19T23:19:59Z
2026-07-19T23:19:05Z,2026-07-20T01:19:05+0200,028f9a66-b3fa-4fa7-a1aa-7c735a2e67a7,2026-07-19T11:15:00Z,2026-07-19T13:15:00+0200,97.88,MW,FR,FR,actual_offshore_wind_generation,Wind Offshore | Actual Aggregated,2026-07-19T23:19:59Z
2026-07-19T23:19:05Z,2026-07-20T01:19:05+0200,028f9a66-b3fa-4fa7-a1aa-7c735a2e67a7,2026-07-19T11:30:00Z,2026-07-19T13:30:00+0200,98.02,MW,FR,FR,actual_offshore_wind_generation,Wind Offshore | Actual Aggregated,2026-07-19T23:19:59Z
2026-07-19T23:19:05Z,2026-07-20T01:19:05+0200,028f9a66-b3fa-4fa7-a1aa-7c735a2e67a7,2026-07-19T11:45:00Z,2026-07-19T13:45:00+0200,99.3,MW,FR,FR,actual_offshore_wind_generation,Wind Offshore | Actual Aggregated,2026-07-19T23:19:59Z
2026-07-19T23:19:05Z,2026-07-20T01:19:05+0200,028f9a66-b3fa-4fa7-a1aa-7c735a2e67a7,2026-07-19T12:00:00Z,2026-07-19T14:00:00+0200,97.5,MW,FR,FR,actual_offshore_wind_generation,Wind Offshore | Actual Aggregated,2026-07-19T23:19:59Z
2026-07-19T23:19:05Z,2026-07-20T01:19:05+0200,028f9a66-b3fa-4fa7-a1aa-7c735a2e67a7,2026-07-19T12:15:00Z,2026-07-19T14:15:00+0200,98.11,MW,FR,FR,actual_offshore_wind_generation,Wind Offshore | Actual Aggregated,2026-07-19T23:19:59Z
2026-07-19T23:19:05Z,2026-07-20T01:19:05+0200,028f9a66-b3fa-4fa7-a1aa-7c735a2e67a7,2026-07-19T12:30:00Z,2026-07-19T14:30:00+0200,97.49,MW,FR,FR,actual_offshore_wind_generation,Wind Offshore | Actual Aggregated,2026-07-19T23:19:59Z
2026-07-19T23:19:05Z,2026-07-20T01:19:05+0200,028f9a66-b3fa-4fa7-a1aa-7c735a2e67a7,2026-07-19T12:45:00Z,2026-07-19T14:45:00+0200,98.03,MW,FR,FR,actual_offshore_wind_generation,Wind Offshore | Actual Aggregated,2026-07-19T23:19:59Z
2026-07-19T23:19:05Z,2026-07-20T01:19:05+0200,028f9a66-b3fa-4fa7-a1aa-7c735a2e67a7,2026-07-19T13:00:00Z,2026-07-19T15:00:00+0200,98.29,MW,FR,FR,actual_offshore_wind_generation,Wind Offshore | Actual Aggregated,2026-07-19T23:19:59Z
2026-07-19T23:19:05Z,2026-07-20T01:19:05+0200,028f9a66-b3fa-4fa7-a1aa-7c735a2e67a7,2026-07-19T13:15:00Z,2026-07-19T15:15:00+0200,98.88,MW,FR,FR,actual_offshore_wind_generation,Wind Offshore | Actual Aggregated,2026-07-19T23:19:59Z
2026-07-19T23:19:05Z,2026-07-20T01:19:05+0200,028f9a66-b3fa-4fa7-a1aa-7c735a2e67a7,2026-07-19T13:30:00Z,2026-07-19T15:30:00+0200,101.54,MW,FR,FR,actual_offshore_wind_generation,Wind Offshore | Actual Aggregated,2026-07-19T23:19:59Z
2026-07-19T23:19:05Z,2026-07-20T01:19:05+0200,028f9a66-b3fa-4fa7-a1aa-7c735a2e67a7,2026-07-19T13:45:00Z,2026-07-19T15:45:00+0200,124.8,MW,FR,FR,actual_offshore_wind_generation,Wind Offshore | Actual Aggregated,2026-07-19T23:19:59Z
2026-07-19T23:19:05Z,2026-07-20T01:19:05+0200,028f9a66-b3fa-4fa7-a1aa-7c735a2e67a7,2026-07-19T14:00:00Z,2026-07-19T16:00:00+0200,208.1,MW,FR,FR,actual_offshore_wind_generation,Wind Offshore | Actual Aggregated,2026-07-19T23:19:59Z
2026-07-19T23:19:05Z,2026-07-20T01:19:05+0200,028f9a66-b3fa-4fa7-a1aa-7c735a2e67a7,2026-07-19T14:15:00Z,2026-07-19T16:15:00+0200,454.89,MW,FR,FR,actual_offshore_wind_generation,Wind Offshore | Actual Aggregated,2026-07-19T23:19:59Z
2026-07-19T23:19:05Z,2026-07-20T01:19:05+0200,028f9a66-b3fa-4fa7-a1aa-7c735a2e67a7,2026-07-19T14:30:00Z,2026-07-19T16:30:00+0200,442.91,MW,FR,FR,actual_offshore_wind_generation,Wind Offshore | Actual Aggregated,2026-07-19T23:19:59Z
2026-07-19T23:19:05Z,2026-07-20T01:19:05+0200,028f9a66-b3fa-4fa7-a1aa-7c735a2e67a7,2026-07-19T14:45:00Z,2026-07-19T16:45:00+0200,470.14,MW,FR,FR,actual_offshore_wind_generation,Wind Offshore | Actual Aggregated,2026-07-19T23:19:59Z
2026-07-19T23:19:05Z,2026-07-20T01:19:05+0200,028f9a66-b3fa-4fa7-a1aa-7c735a2e67a7,2026-07-19T15:00:00Z,2026-07-19T17:00:00+0200,516.23,MW,FR,FR,actual_offshore_wind_generation,Wind Offshore | Actual Aggregated,2026-07-19T23:19:59Z
2026-07-19T23:19:05Z,2026-07-20T01:19:05+0200,028f9a66-b3fa-4fa7-a1aa-7c735a2e67a7,2026-07-19T15:15:00Z,2026-07-19T17:15:00+0200,537.06,MW,FR,FR,actual_offshore_wind_generation,Wind Offshore | Actual Aggregated,2026-07-19T23:19:59Z
2026-07-19T23:19:05Z,2026-07-20T01:19:05+0200,028f9a66-b3fa-4fa7-a1aa-7c735a2e67a7,2026-07-19T15:30:00Z,2026-07-19T17:30:00+0200,571.07,MW,FR,FR,actual_offshore_wind_generation,Wind Offshore | Actual Aggregated,2026-07-19T23:19:59Z
2026-07-19T23:19:05Z,2026-07-20T01:19:05+0200,028f9a66-b3fa-4fa7-a1aa-7c735a2e67a7,2026-07-19T15:45:00Z,2026-07-19T17:45:00+0200,599.56,MW,FR,FR,actual_offshore_wind_generation,Wind Offshore | Actual Aggregated,2026-07-19T23:19:59Z
2026-07-19T23:19:05Z,2026-07-20T01:19:05+0200,028f9a66-b3fa-4fa7-a1aa-7c735a2e67a7,2026-07-19T16:00:00Z,2026-07-19T18:00:00+0200,646.17,MW,FR,FR,actual_offshore_wind_generation,Wind Offshore | Actual Aggregated,2026-07-19T23:19:59Z
2026-07-19T23:19:05Z,2026-07-20T01:19:05+0200,028f9a66-b3fa-4fa7-a1aa-7c735a2e67a7,2026-07-19T16:15:00Z,2026-07-19T18:15:00+0200,685.32,MW,FR,FR,actual_offshore_wind_generation,Wind Offshore | Actual Aggregated,2026-07-19T23:19:59Z
2026-07-19T23:19:05Z,2026-07-20T01:19:05+0200,028f9a66-b3fa-4fa7-a1aa-7c735a2e67a7,2026-07-19T16:30:00Z,2026-07-19T18:30:00+0200,761.37,MW,FR,FR,actual_offshore_wind_generation,Wind Offshore | Actual Aggregated,2026-07-19T23:19:59Z
2026-07-19T23:19:05Z,2026-07-20T01:19:05+0200,028f9a66-b3fa-4fa7-a1aa-7c735a2e67a7,2026-07-19T16:45:00Z,2026-07-19T18:45:00+0200,772.97,MW,FR,FR,actual_offshore_wind_generation,Wind Offshore | Actual Aggregated,2026-07-19T23:19:59Z
2026-07-19T23:19:05Z,2026-07-20T01:19:05+0200,028f9a66-b3fa-4fa7-a1aa-7c735a2e67a7,2026-07-19T17:00:00Z,2026-07-19T19:00:00+0200,772.38,MW,FR,FR,actual_offshore_wind_generation,Wind Offshore | Actual Aggregated,2026-07-19T23:19:59Z
2026-07-19T23:19:05Z,2026-07-20T01:19:05+0200,028f9a66-b3fa-4fa7-a1aa-7c735a2e67a7,2026-07-19T17:15:00Z,2026-07-19T19:15:00+0200,790.16,MW,FR,FR,actual_offshore_wind_generation,Wind Offshore | Actual Aggregated,2026-07-19T23:19:59Z
2026-07-19T23:19:05Z,2026-07-20T01:19:05+0200,028f9a66-b3fa-4fa7-a1aa-7c735a2e67a7,2026-07-19T17:30:00Z,2026-07-19T19:30:00+0200,791.47,MW,FR,FR,actual_offshore_wind_generation,Wind Offshore | Actual Aggregated,2026-07-19T23:19:59Z
2026-07-19T23:19:05Z,2026-07-20T01:19:05+0200,028f9a66-b3fa-4fa7-a1aa-7c735a2e67a7,2026-07-19T17:45:00Z,2026-07-19T19:45:00+0200,830.35,MW,FR,FR,actual_offshore_wind_generation,Wind Offshore | Actual Aggregated,2026-07-19T23:19:59Z
2026-07-19T23:19:05Z,2026-07-20T01:19:05+0200,028f9a66-b3fa-4fa7-a1aa-7c735a2e67a7,2026-07-19T18:00:00Z,2026-07-19T20:00:00+0200,855.1,MW,FR,FR,actual_offshore_wind_generation,Wind Offshore | Actual Aggregated,2026-07-19T23:19:59Z
2026-07-19T23:19:05Z,2026-07-20T01:19:05+0200,028f9a66-b3fa-4fa7-a1aa-7c735a2e67a7,2026-07-19T18:15:00Z,2026-07-19T20:15:00+0200,893.28,MW,FR,FR,actual_offshore_wind_generation,Wind Offshore | Actual Aggregated,2026-07-19T23:19:59Z
2026-07-19T23:19:05Z,2026-07-20T01:19:05+0200,028f9a66-b3fa-4fa7-a1aa-7c735a2e67a7,2026-07-19T18:30:00Z,2026-07-19T20:30:00+0200,990.12,MW,FR,FR,actual_offshore_wind_generation,Wind Offshore | Actual Aggregated,2026-07-19T23:19:59Z
2026-07-19T23:19:05Z,2026-07-20T01:19:05+0200,028f9a66-b3fa-4fa7-a1aa-7c735a2e67a7,2026-07-19T18:45:00Z,2026-07-19T20:45:00+0200,1031.86,MW,FR,FR,actual_offshore_wind_generation,Wind Offshore | Actual Aggregated,2026-07-19T23:19:59Z
2026-07-19T23:19:05Z,2026-07-20T01:19:05+0200,028f9a66-b3fa-4fa7-a1aa-7c735a2e67a7,2026-07-19T19:00:00Z,2026-07-19T21:00:00+0200,1007.99,MW,FR,FR,actual_offshore_wind_generation,Wind Offshore | Actual Aggregated,2026-07-19T23:19:59Z
2026-07-19T23:19:05Z,2026-07-20T01:19:05+0200,028f9a66-b3fa-4fa7-a1aa-7c735a2e67a7,2026-07-19T19:15:00Z,2026-07-19T21:15:00+0200,1017.91,MW,FR,FR,actual_offshore_wind_generation,Wind Offshore | Actual Aggregated,2026-07-19T23:19:59Z
2026-07-19T23:19:05Z,2026-07-20T01:19:05+0200,028f9a66-b3fa-4fa7-a1aa-7c735a2e67a7,2026-07-19T19:30:00Z,2026-07-19T21:30:00+0200,1035.85,MW,FR,FR,actual_offshore_wind_generation,Wind Offshore | Actual Aggregated,2026-07-19T23:19:59Z
2026-07-19T23:19:05Z,2026-07-20T01:19:05+0200,028f9a66-b3fa-4fa7-a1aa-7c735a2e67a7,2026-07-19T19:45:00Z,2026-07-19T21:45:00+0200,1067.2,MW,FR,FR,actual_offshore_wind_generation,Wind Offshore | Actual Aggregated,2026-07-19T23:19:59Z
2026-07-19T23:19:05Z,2026-07-20T01:19:05+0200,028f9a66-b3fa-4fa7-a1aa-7c735a2e67a7,2026-07-19T20:00:00Z,2026-07-19T22:00:00+0200,1092.31,MW,FR,FR,actual_offshore_wind_generation,Wind Offshore | Actual Aggregated,2026-07-19T23:19:59Z
2026-07-19T23:19:05Z,2026-07-20T01:19:05+0200,028f9a66-b3fa-4fa7-a1aa-7c735a2e67a7,2026-07-19T20:15:00Z,2026-07-19T22:15:00+0200,1099.2,MW,FR,FR,actual_offshore_wind_generation,Wind Offshore | Actual Aggregated,2026-07-19T23:19:59Z
2026-07-19T23:19:05Z,2026-07-20T01:19:05+0200,028f9a66-b3fa-4fa7-a1aa-7c735a2e67a7,2026-07-19T20:30:00Z,2026-07-19T22:30:00+0200,1100.77,MW,FR,FR,actual_offshore_wind_generation,Wind Offshore | Actual Aggregated,2026-07-19T23:19:59Z
2026-07-19T23:19:05Z,2026-07-20T01:19:05+0200,028f9a66-b3fa-4fa7-a1aa-7c735a2e67a7,2026-07-19T20:45:00Z,2026-07-19T22:45:00+0200,1135.96,MW,FR,FR,actual_offshore_wind_generation,Wind Offshore | Actual Aggregated,2026-07-19T23:19:59Z
2026-07-19T23:19:05Z,2026-07-20T01:19:05+0200,028f9a66-b3fa-4fa7-a1aa-7c735a2e67a7,2026-07-19T21:00:00Z,2026-07-19T23:00:00+0200,1167.94,MW,FR,FR,actual_offshore_wind_generation,Wind Offshore | Actual Aggregated,2026-07-19T23:19:59Z
2026-07-19T23:19:05Z,2026-07-20T01:19:05+0200,028f9a66-b3fa-4fa7-a1aa-7c735a2e67a7,2026-07-19T21:15:00Z,2026-07-19T23:15:00+0200,1204.96,MW,FR,FR,actual_offshore_wind_generation,Wind Offshore | Actual Aggregated,2026-07-19T23:19:59Z
2026-07-19T23:19:05Z,2026-07-20T01:19:05+0200,028f9a66-b3fa-4fa7-a1aa-7c735a2e67a7,2026-07-19T21:30:00Z,2026-07-19T23:30:00+0200,1218.64,MW,FR,FR,actual_offshore_wind_generation,Wind Offshore | Actual Aggregated,2026-07-19T23:19:59Z
2026-07-19T23:19:05Z,2026-07-20T01:19:05+0200,028f9a66-b3fa-4fa7-a1aa-7c735a2e67a7,2026-07-19T21:45:00Z,2026-07-19T23:45:00+0200,1225.93,MW,FR,FR,actual_offshore_wind_generation,Wind Offshore | Actual Aggregated,2026-07-19T23:19:59Z
2026-07-19T23:19:05Z,2026-07-20T01:19:05+0200,028f9a66-b3fa-4fa7-a1aa-7c735a2e67a7,2026-07-19T22:00:00Z,2026-07-20T00:00:00+0200,1221.16,MW,FR,FR,actual_offshore_wind_generation,Wind Offshore | Actual Aggregated,2026-07-19T23:19:59Z
2026-07-19T23:19:05Z,2026-07-20T01:19:05+0200,028f9a66-b3fa-4fa7-a1aa-7c735a2e67a7,2026-07-19T22:15:00Z,2026-07-20T00:15:00+0200,1235.67,MW,FR,FR,actual_offshore_wind_generation,Wind Offshore | Actual Aggregated,2026-07-19T23:19:59Z
2026-07-19T23:19:05Z,2026-07-20T01:19:05+0200,028f9a66-b3fa-4fa7-a1aa-7c735a2e67a7,2026-07-19T22:30:00Z,2026-07-20T00:30:00+0200,1238.91,MW,FR,FR,actual_offshore_wind_generation,Wind Offshore | Actual Aggregated,2026-07-19T23:19:59Z
2026-07-19T23:19:05Z,2026-07-20T01:19:05+0200,028f9a66-b3fa-4fa7-a1aa-7c735a2e67a7,2026-07-19T22:45:00Z,2026-07-20T00:45:00+0200,1201.3,MW,FR,FR,actual_offshore_wind_generation,Wind Offshore | Actual Aggregated,2026-07-19T23:19:59Z
