collection_time_utc,collection_time_local,run_id,timestamp_utc,timestamp_local,value,unit,country,entsoe_area,variable,source,updated_at_utc
2026-07-23T20:03:42Z,2026-07-23T22:03:42+0200,f53b212e-aa3d-41e1-8c2c-be7dde74b504,2026-06-22T21:00:00Z,2026-06-22T23:00:00+0200,0.0,MW,BE,BE,actual_solar_generation,Solar,2026-07-23T20:03:55Z
2026-07-23T20:03:42Z,2026-07-23T22:03:42+0200,f53b212e-aa3d-41e1-8c2c-be7dde74b504,2026-06-22T22:00:00Z,2026-06-23T00:00:00+0200,0.0,MW,BE,BE,actual_solar_generation,Solar,2026-07-23T20:03:55Z
2026-07-23T20:03:42Z,2026-07-23T22:03:42+0200,f53b212e-aa3d-41e1-8c2c-be7dde74b504,2026-06-22T23:00:00Z,2026-06-23T01:00:00+0200,0.0,MW,BE,BE,actual_solar_generation,Solar,2026-07-23T20:03:55Z
2026-07-23T20:03:42Z,2026-07-23T22:03:42+0200,f53b212e-aa3d-41e1-8c2c-be7dde74b504,2026-06-23T00:00:00Z,2026-06-23T02:00:00+0200,0.0,MW,BE,BE,actual_solar_generation,Solar,2026-07-23T20:03:55Z
2026-07-23T20:03:42Z,2026-07-23T22:03:42+0200,f53b212e-aa3d-41e1-8c2c-be7dde74b504,2026-06-23T01:00:00Z,2026-06-23T03:00:00+0200,0.0,MW,BE,BE,actual_solar_generation,Solar,2026-07-23T20:03:55Z
2026-07-23T20:03:42Z,2026-07-23T22:03:42+0200,f53b212e-aa3d-41e1-8c2c-be7dde74b504,2026-06-23T02:00:00Z,2026-06-23T04:00:00+0200,0.0,MW,BE,BE,actual_solar_generation,Solar,2026-07-23T20:03:55Z
2026-07-23T20:03:42Z,2026-07-23T22:03:42+0200,f53b212e-aa3d-41e1-8c2c-be7dde74b504,2026-06-23T03:00:00Z,2026-06-23T05:00:00+0200,8.523,MW,BE,BE,actual_solar_generation,Solar,2026-07-23T20:03:55Z
2026-07-23T20:03:42Z,2026-07-23T22:03:42+0200,f53b212e-aa3d-41e1-8c2c-be7dde74b504,2026-06-23T04:00:00Z,2026-06-23T06:00:00+0200,268.097,MW,BE,BE,actual_solar_generation,Solar,2026-07-23T20:03:55Z
2026-07-23T20:03:42Z,2026-07-23T22:03:42+0200,f53b212e-aa3d-41e1-8c2c-be7dde74b504,2026-06-23T05:00:00Z,2026-06-23T07:00:00+0200,617.95325,MW,BE,BE,actual_solar_generation,Solar,2026-07-23T20:03:55Z
2026-07-23T20:03:42Z,2026-07-23T22:03:42+0200,f53b212e-aa3d-41e1-8c2c-be7dde74b504,2026-06-23T06:00:00Z,2026-06-23T08:00:00+0200,980.67975,MW,BE,BE,actual_solar_generation,Solar,2026-07-23T20:03:55Z
2026-07-23T20:03:42Z,2026-07-23T22:03:42+0200,f53b212e-aa3d-41e1-8c2c-be7dde74b504,2026-06-23T07:00:00Z,2026-06-23T09:00:00+0200,1658.2765,MW,BE,BE,actual_solar_generation,Solar,2026-07-23T20:03:55Z
2026-07-23T20:03:42Z,2026-07-23T22:03:42+0200,f53b212e-aa3d-41e1-8c2c-be7dde74b504,2026-06-23T08:00:00Z,2026-06-23T10:00:00+0200,2516.08625,MW,BE,BE,actual_solar_generation,Solar,2026-07-23T20:03:55Z
2026-07-23T20:03:42Z,2026-07-23T22:03:42+0200,f53b212e-aa3d-41e1-8c2c-be7dde74b504,2026-06-23T09:00:00Z,2026-06-23T11:00:00+0200,3939.771,MW,BE,BE,actual_solar_generation,Solar,2026-07-23T20:03:55Z
2026-07-23T20:03:42Z,2026-07-23T22:03:42+0200,f53b212e-aa3d-41e1-8c2c-be7dde74b504,2026-06-23T10:00:00Z,2026-06-23T12:00:00+0200,5295.64725,MW,BE,BE,actual_solar_generation,Solar,2026-07-23T20:03:55Z
2026-07-23T20:03:42Z,2026-07-23T22:03:42+0200,f53b212e-aa3d-41e1-8c2c-be7dde74b504,2026-06-23T11:00:00Z,2026-06-23T13:00:00+0200,6565.16325,MW,BE,BE,actual_solar_generation,Solar,2026-07-23T20:03:55Z
2026-07-23T20:03:42Z,2026-07-23T22:03:42+0200,f53b212e-aa3d-41e1-8c2c-be7dde74b504,2026-06-23T12:00:00Z,2026-06-23T14:00:00+0200,7303.967,MW,BE,BE,actual_solar_generation,Solar,2026-07-23T20:03:55Z
2026-07-23T20:03:42Z,2026-07-23T22:03:42+0200,f53b212e-aa3d-41e1-8c2c-be7dde74b504,2026-06-23T13:00:00Z,2026-06-23T15:00:00+0200,7109.8475,MW,BE,BE,actual_solar_generation,Solar,2026-07-23T20:03:55Z
2026-07-23T20:03:42Z,2026-07-23T22:03:42+0200,f53b212e-aa3d-41e1-8c2c-be7dde74b504,2026-06-23T14:00:00Z,2026-06-23T16:00:00+0200,6178.5055,MW,BE,BE,actual_solar_generation,Solar,2026-07-23T20:03:55Z
2026-07-23T20:03:42Z,2026-07-23T22:03:42+0200,f53b212e-aa3d-41e1-8c2c-be7dde74b504,2026-06-23T15:00:00Z,2026-06-23T17:00:00+0200,4746.45775,MW,BE,BE,actual_solar_generation,Solar,2026-07-23T20:03:55Z
2026-07-23T20:03:42Z,2026-07-23T22:03:42+0200,f53b212e-aa3d-41e1-8c2c-be7dde74b504,2026-06-23T16:00:00Z,2026-06-23T18:00:00+0200,3164.3605,MW,BE,BE,actual_solar_generation,Solar,2026-07-23T20:03:55Z
2026-07-23T20:03:42Z,2026-07-23T22:03:42+0200,f53b212e-aa3d-41e1-8c2c-be7dde74b504,2026-06-23T17:00:00Z,2026-06-23T19:00:00+0200,1756.7155,MW,BE,BE,actual_solar_generation,Solar,2026-07-23T20:03:55Z
2026-07-23T20:03:42Z,2026-07-23T22:03:42+0200,f53b212e-aa3d-41e1-8c2c-be7dde74b504,2026-06-23T18:00:00Z,2026-06-23T20:00:00+0200,724.9035,MW,BE,BE,actual_solar_generation,Solar,2026-07-23T20:03:55Z
2026-07-23T20:03:42Z,2026-07-23T22:03:42+0200,f53b212e-aa3d-41e1-8c2c-be7dde74b504,2026-06-23T19:00:00Z,2026-06-23T21:00:00+0200,124.235,MW,BE,BE,actual_solar_generation,Solar,2026-07-23T20:03:55Z
2026-07-23T20:03:42Z,2026-07-23T22:03:42+0200,f53b212e-aa3d-41e1-8c2c-be7dde74b504,2026-06-23T20:00:00Z,2026-06-23T22:00:00+0200,0.0025,MW,BE,BE,actual_solar_generation,Solar,2026-07-23T20:03:55Z
2026-07-23T20:03:42Z,2026-07-23T22:03:42+0200,f53b212e-aa3d-41e1-8c2c-be7dde74b504,2026-06-23T21:00:00Z,2026-06-23T23:00:00+0200,0.0,MW,BE,BE,actual_solar_generation,Solar,2026-07-23T20:03:55Z
2026-07-23T20:03:42Z,2026-07-23T22:03:42+0200,f53b212e-aa3d-41e1-8c2c-be7dde74b504,2026-06-23T22:00:00Z,2026-06-24T00:00:00+0200,0.0,MW,BE,BE,actual_solar_generation,Solar,2026-07-23T20:03:55Z
2026-07-23T20:03:42Z,2026-07-23T22:03:42+0200,f53b212e-aa3d-41e1-8c2c-be7dde74b504,2026-06-23T23:00:00Z,2026-06-24T01:00:00+0200,0.0,MW,BE,BE,actual_solar_generation,Solar,2026-07-23T20:03:55Z
2026-07-23T20:03:42Z,2026-07-23T22:03:42+0200,f53b212e-aa3d-41e1-8c2c-be7dde74b504,2026-06-24T00:00:00Z,2026-06-24T02:00:00+0200,0.0,MW,BE,BE,actual_solar_generation,Solar,2026-07-23T20:03:55Z
2026-07-23T20:03:42Z,2026-07-23T22:03:42+0200,f53b212e-aa3d-41e1-8c2c-be7dde74b504,2026-06-24T01:00:00Z,2026-06-24T03:00:00+0200,0.0,MW,BE,BE,actual_solar_generation,Solar,2026-07-23T20:03:55Z
2026-07-23T20:03:42Z,2026-07-23T22:03:42+0200,f53b212e-aa3d-41e1-8c2c-be7dde74b504,2026-06-24T02:00:00Z,2026-06-24T04:00:00+0200,0.0,MW,BE,BE,actual_solar_generation,Solar,2026-07-23T20:03:55Z
2026-07-23T20:03:42Z,2026-07-23T22:03:42+0200,f53b212e-aa3d-41e1-8c2c-be7dde74b504,2026-06-24T03:00:00Z,2026-06-24T05:00:00+0200,11.367,MW,BE,BE,actual_solar_generation,Solar,2026-07-23T20:03:55Z
2026-07-23T20:03:42Z,2026-07-23T22:03:42+0200,f53b212e-aa3d-41e1-8c2c-be7dde74b504,2026-06-24T04:00:00Z,2026-06-24T06:00:00+0200,369.4905,MW,BE,BE,actual_solar_generation,Solar,2026-07-23T20:03:55Z
2026-07-23T20:03:42Z,2026-07-23T22:03:42+0200,f53b212e-aa3d-41e1-8c2c-be7dde74b504,2026-06-24T05:00:00Z,2026-06-24T07:00:00+0200,1186.70425,MW,BE,BE,actual_solar_generation,Solar,2026-07-23T20:03:55Z
2026-07-23T20:03:42Z,2026-07-23T22:03:42+0200,f53b212e-aa3d-41e1-8c2c-be7dde74b504,2026-06-24T06:00:00Z,2026-06-24T08:00:00+0200,2417.5625,MW,BE,BE,actual_solar_generation,Solar,2026-07-23T20:03:55Z
2026-07-23T20:03:42Z,2026-07-23T22:03:42+0200,f53b212e-aa3d-41e1-8c2c-be7dde74b504,2026-06-24T07:00:00Z,2026-06-24T09:00:00+0200,3906.143,MW,BE,BE,actual_solar_generation,Solar,2026-07-23T20:03:55Z
2026-07-23T20:03:42Z,2026-07-23T22:03:42+0200,f53b212e-aa3d-41e1-8c2c-be7dde74b504,2026-06-24T08:00:00Z,2026-06-24T10:00:00+0200,5352.50175,MW,BE,BE,actual_solar_generation,Solar,2026-07-23T20:03:55Z
2026-07-23T20:03:42Z,2026-07-23T22:03:42+0200,f53b212e-aa3d-41e1-8c2c-be7dde74b504,2026-06-24T09:00:00Z,2026-06-24T11:00:00+0200,6626.647,MW,BE,BE,actual_solar_generation,Solar,2026-07-23T20:03:55Z
2026-07-23T20:03:42Z,2026-07-23T22:03:42+0200,f53b212e-aa3d-41e1-8c2c-be7dde74b504,2026-06-24T10:00:00Z,2026-06-24T12:00:00+0200,7444.922,MW,BE,BE,actual_solar_generation,Solar,2026-07-23T20:03:55Z
2026-07-23T20:03:42Z,2026-07-23T22:03:42+0200,f53b212e-aa3d-41e1-8c2c-be7dde74b504,2026-06-24T11:00:00Z,2026-06-24T13:00:00+0200,7788.94325,MW,BE,BE,actual_solar_generation,Solar,2026-07-23T20:03:55Z
2026-07-23T20:03:42Z,2026-07-23T22:03:42+0200,f53b212e-aa3d-41e1-8c2c-be7dde74b504,2026-06-24T12:00:00Z,2026-06-24T14:00:00+0200,7663.88975,MW,BE,BE,actual_solar_generation,Solar,2026-07-23T20:03:55Z
2026-07-23T20:03:42Z,2026-07-23T22:03:42+0200,f53b212e-aa3d-41e1-8c2c-be7dde74b504,2026-06-24T13:00:00Z,2026-06-24T15:00:00+0200,7055.17025,MW,BE,BE,actual_solar_generation,Solar,2026-07-23T20:03:55Z
2026-07-23T20:03:42Z,2026-07-23T22:03:42+0200,f53b212e-aa3d-41e1-8c2c-be7dde74b504,2026-06-24T14:00:00Z,2026-06-24T16:00:00+0200,5957.498,MW,BE,BE,actual_solar_generation,Solar,2026-07-23T20:03:55Z
2026-07-23T20:03:42Z,2026-07-23T22:03:42+0200,f53b212e-aa3d-41e1-8c2c-be7dde74b504,2026-06-24T15:00:00Z,2026-06-24T17:00:00+0200,4568.86225,MW,BE,BE,actual_solar_generation,Solar,2026-07-23T20:03:55Z
2026-07-23T20:03:42Z,2026-07-23T22:03:42+0200,f53b212e-aa3d-41e1-8c2c-be7dde74b504,2026-06-24T16:00:00Z,2026-06-24T18:00:00+0200,3031.03975,MW,BE,BE,actual_solar_generation,Solar,2026-07-23T20:03:55Z
2026-07-23T20:03:42Z,2026-07-23T22:03:42+0200,f53b212e-aa3d-41e1-8c2c-be7dde74b504,2026-06-24T17:00:00Z,2026-06-24T19:00:00+0200,1699.78225,MW,BE,BE,actual_solar_generation,Solar,2026-07-23T20:03:55Z
2026-07-23T20:03:42Z,2026-07-23T22:03:42+0200,f53b212e-aa3d-41e1-8c2c-be7dde74b504,2026-06-24T18:00:00Z,2026-06-24T20:00:00+0200,736.45375,MW,BE,BE,actual_solar_generation,Solar,2026-07-23T20:03:55Z
2026-07-23T20:03:42Z,2026-07-23T22:03:42+0200,f53b212e-aa3d-41e1-8c2c-be7dde74b504,2026-06-24T19:00:00Z,2026-06-24T21:00:00+0200,115.33875,MW,BE,BE,actual_solar_generation,Solar,2026-07-23T20:03:55Z
2026-07-23T20:03:42Z,2026-07-23T22:03:42+0200,f53b212e-aa3d-41e1-8c2c-be7dde74b504,2026-06-24T20:00:00Z,2026-06-24T22:00:00+0200,0.00275,MW,BE,BE,actual_solar_generation,Solar,2026-07-23T20:03:55Z
2026-07-23T20:03:42Z,2026-07-23T22:03:42+0200,f53b212e-aa3d-41e1-8c2c-be7dde74b504,2026-06-24T21:00:00Z,2026-06-24T23:00:00+0200,0.0,MW,BE,BE,actual_solar_generation,Solar,2026-07-23T20:03:55Z
2026-07-23T20:03:42Z,2026-07-23T22:03:42+0200,f53b212e-aa3d-41e1-8c2c-be7dde74b504,2026-06-24T22:00:00Z,2026-06-25T00:00:00+0200,0.0,MW,BE,BE,actual_solar_generation,Solar,2026-07-23T20:03:55Z
2026-07-23T20:03:42Z,2026-07-23T22:03:42+0200,f53b212e-aa3d-41e1-8c2c-be7dde74b504,2026-06-24T23:00:00Z,2026-06-25T01:00:00+0200,0.0,MW,BE,BE,actual_solar_generation,Solar,2026-07-23T20:03:55Z
2026-07-23T20:03:42Z,2026-07-23T22:03:42+0200,f53b212e-aa3d-41e1-8c2c-be7dde74b504,2026-06-25T00:00:00Z,2026-06-25T02:00:00+0200,0.0,MW,BE,BE,actual_solar_generation,Solar,2026-07-23T20:03:55Z
2026-07-23T20:03:42Z,2026-07-23T22:03:42+0200,f53b212e-aa3d-41e1-8c2c-be7dde74b504,2026-06-25T01:00:00Z,2026-06-25T03:00:00+0200,0.0,MW,BE,BE,actual_solar_generation,Solar,2026-07-23T20:03:55Z
2026-07-23T20:03:42Z,2026-07-23T22:03:42+0200,f53b212e-aa3d-41e1-8c2c-be7dde74b504,2026-06-25T02:00:00Z,2026-06-25T04:00:00+0200,0.0,MW,BE,BE,actual_solar_generation,Solar,2026-07-23T20:03:55Z
2026-07-23T20:03:42Z,2026-07-23T22:03:42+0200,f53b212e-aa3d-41e1-8c2c-be7dde74b504,2026-06-25T03:00:00Z,2026-06-25T05:00:00+0200,10.177,MW,BE,BE,actual_solar_generation,Solar,2026-07-23T20:03:55Z
2026-07-23T20:03:42Z,2026-07-23T22:03:42+0200,f53b212e-aa3d-41e1-8c2c-be7dde74b504,2026-06-25T04:00:00Z,2026-06-25T06:00:00+0200,351.4435,MW,BE,BE,actual_solar_generation,Solar,2026-07-23T20:03:55Z
2026-07-23T20:03:42Z,2026-07-23T22:03:42+0200,f53b212e-aa3d-41e1-8c2c-be7dde74b504,2026-06-25T05:00:00Z,2026-06-25T07:00:00+0200,1160.147,MW,BE,BE,actual_solar_generation,Solar,2026-07-23T20:03:55Z
2026-07-23T20:03:42Z,2026-07-23T22:03:42+0200,f53b212e-aa3d-41e1-8c2c-be7dde74b504,2026-06-25T06:00:00Z,2026-06-25T08:00:00+0200,2409.27025,MW,BE,BE,actual_solar_generation,Solar,2026-07-23T20:03:55Z
2026-07-23T20:03:42Z,2026-07-23T22:03:42+0200,f53b212e-aa3d-41e1-8c2c-be7dde74b504,2026-06-25T07:00:00Z,2026-06-25T09:00:00+0200,3876.272,MW,BE,BE,actual_solar_generation,Solar,2026-07-23T20:03:55Z
2026-07-23T20:03:42Z,2026-07-23T22:03:42+0200,f53b212e-aa3d-41e1-8c2c-be7dde74b504,2026-06-25T08:00:00Z,2026-06-25T10:00:00+0200,5376.6045,MW,BE,BE,actual_solar_generation,Solar,2026-07-23T20:03:55Z
2026-07-23T20:03:42Z,2026-07-23T22:03:42+0200,f53b212e-aa3d-41e1-8c2c-be7dde74b504,2026-06-25T09:00:00Z,2026-06-25T11:00:00+0200,6608.7145,MW,BE,BE,actual_solar_generation,Solar,2026-07-23T20:03:55Z
2026-07-23T20:03:42Z,2026-07-23T22:03:42+0200,f53b212e-aa3d-41e1-8c2c-be7dde74b504,2026-06-25T10:00:00Z,2026-06-25T12:00:00+0200,7460.44825,MW,BE,BE,actual_solar_generation,Solar,2026-07-23T20:03:55Z
2026-07-23T20:03:42Z,2026-07-23T22:03:42+0200,f53b212e-aa3d-41e1-8c2c-be7dde74b504,2026-06-25T11:00:00Z,2026-06-25T13:00:00+0200,7827.67075,MW,BE,BE,actual_solar_generation,Solar,2026-07-23T20:03:55Z
2026-07-23T20:03:42Z,2026-07-23T22:03:42+0200,f53b212e-aa3d-41e1-8c2c-be7dde74b504,2026-06-25T12:00:00Z,2026-06-25T14:00:00+0200,7659.84675,MW,BE,BE,actual_solar_generation,Solar,2026-07-23T20:03:55Z
2026-07-23T20:03:42Z,2026-07-23T22:03:42+0200,f53b212e-aa3d-41e1-8c2c-be7dde74b504,2026-06-25T13:00:00Z,2026-06-25T15:00:00+0200,6842.15575,MW,BE,BE,actual_solar_generation,Solar,2026-07-23T20:03:55Z
2026-07-23T20:03:42Z,2026-07-23T22:03:42+0200,f53b212e-aa3d-41e1-8c2c-be7dde74b504,2026-06-25T14:00:00Z,2026-06-25T16:00:00+0200,5543.0705,MW,BE,BE,actual_solar_generation,Solar,2026-07-23T20:03:55Z
2026-07-23T20:03:42Z,2026-07-23T22:03:42+0200,f53b212e-aa3d-41e1-8c2c-be7dde74b504,2026-06-25T15:00:00Z,2026-06-25T17:00:00+0200,4158.89925,MW,BE,BE,actual_solar_generation,Solar,2026-07-23T20:03:55Z
2026-07-23T20:03:42Z,2026-07-23T22:03:42+0200,f53b212e-aa3d-41e1-8c2c-be7dde74b504,2026-06-25T16:00:00Z,2026-06-25T18:00:00+0200,2803.40025,MW,BE,BE,actual_solar_generation,Solar,2026-07-23T20:03:55Z
2026-07-23T20:03:42Z,2026-07-23T22:03:42+0200,f53b212e-aa3d-41e1-8c2c-be7dde74b504,2026-06-25T17:00:00Z,2026-06-25T19:00:00+0200,1548.72425,MW,BE,BE,actual_solar_generation,Solar,2026-07-23T20:03:55Z
2026-07-23T20:03:42Z,2026-07-23T22:03:42+0200,f53b212e-aa3d-41e1-8c2c-be7dde74b504,2026-06-25T18:00:00Z,2026-06-25T20:00:00+0200,596.97,MW,BE,BE,actual_solar_generation,Solar,2026-07-23T20:03:55Z
2026-07-23T20:03:42Z,2026-07-23T22:03:42+0200,f53b212e-aa3d-41e1-8c2c-be7dde74b504,2026-06-25T19:00:00Z,2026-06-25T21:00:00+0200,81.68275,MW,BE,BE,actual_solar_generation,Solar,2026-07-23T20:03:55Z
2026-07-23T20:03:42Z,2026-07-23T22:03:42+0200,f53b212e-aa3d-41e1-8c2c-be7dde74b504,2026-06-25T20:00:00Z,2026-06-25T22:00:00+0200,0.01175,MW,BE,BE,actual_solar_generation,Solar,2026-07-23T20:03:55Z
2026-07-23T20:03:42Z,2026-07-23T22:03:42+0200,f53b212e-aa3d-41e1-8c2c-be7dde74b504,2026-06-25T21:00:00Z,2026-06-25T23:00:00+0200,0.0,MW,BE,BE,actual_solar_generation,Solar,2026-07-23T20:03:55Z
2026-07-23T20:03:42Z,2026-07-23T22:03:42+0200,f53b212e-aa3d-41e1-8c2c-be7dde74b504,2026-06-25T22:00:00Z,2026-06-26T00:00:00+0200,0.0,MW,BE,BE,actual_solar_generation,Solar,2026-07-23T20:03:55Z
2026-07-23T20:03:42Z,2026-07-23T22:03:42+0200,f53b212e-aa3d-41e1-8c2c-be7dde74b504,2026-06-25T23:00:00Z,2026-06-26T01:00:00+0200,0.0,MW,BE,BE,actual_solar_generation,Solar,2026-07-23T20:03:55Z
2026-07-23T20:03:42Z,2026-07-23T22:03:42+0200,f53b212e-aa3d-41e1-8c2c-be7dde74b504,2026-06-26T00:00:00Z,2026-06-26T02:00:00+0200,0.0,MW,BE,BE,actual_solar_generation,Solar,2026-07-23T20:03:55Z
2026-07-23T20:03:42Z,2026-07-23T22:03:42+0200,f53b212e-aa3d-41e1-8c2c-be7dde74b504,2026-06-26T01:00:00Z,2026-06-26T03:00:00+0200,0.0,MW,BE,BE,actual_solar_generation,Solar,2026-07-23T20:03:55Z
2026-07-23T20:03:42Z,2026-07-23T22:03:42+0200,f53b212e-aa3d-41e1-8c2c-be7dde74b504,2026-06-26T02:00:00Z,2026-06-26T04:00:00+0200,0.0,MW,BE,BE,actual_solar_generation,Solar,2026-07-23T20:03:55Z
2026-07-23T20:03:42Z,2026-07-23T22:03:42+0200,f53b212e-aa3d-41e1-8c2c-be7dde74b504,2026-06-26T03:00:00Z,2026-06-26T05:00:00+0200,11.37625,MW,BE,BE,actual_solar_generation,Solar,2026-07-23T20:03:55Z
2026-07-23T20:03:42Z,2026-07-23T22:03:42+0200,f53b212e-aa3d-41e1-8c2c-be7dde74b504,2026-06-26T04:00:00Z,2026-06-26T06:00:00+0200,350.53275,MW,BE,BE,actual_solar_generation,Solar,2026-07-23T20:03:55Z
2026-07-23T20:03:42Z,2026-07-23T22:03:42+0200,f53b212e-aa3d-41e1-8c2c-be7dde74b504,2026-06-26T05:00:00Z,2026-06-26T07:00:00+0200,1196.72375,MW,BE,BE,actual_solar_generation,Solar,2026-07-23T20:03:55Z
2026-07-23T20:03:42Z,2026-07-23T22:03:42+0200,f53b212e-aa3d-41e1-8c2c-be7dde74b504,2026-06-26T06:00:00Z,2026-06-26T08:00:00+0200,2390.54075,MW,BE,BE,actual_solar_generation,Solar,2026-07-23T20:03:55Z
2026-07-23T20:03:42Z,2026-07-23T22:03:42+0200,f53b212e-aa3d-41e1-8c2c-be7dde74b504,2026-06-26T07:00:00Z,2026-06-26T09:00:00+0200,3864.48775,MW,BE,BE,actual_solar_generation,Solar,2026-07-23T20:03:55Z
2026-07-23T20:03:42Z,2026-07-23T22:03:42+0200,f53b212e-aa3d-41e1-8c2c-be7dde74b504,2026-06-26T08:00:00Z,2026-06-26T10:00:00+0200,5307.8145,MW,BE,BE,actual_solar_generation,Solar,2026-07-23T20:03:55Z
2026-07-23T20:03:42Z,2026-07-23T22:03:42+0200,f53b212e-aa3d-41e1-8c2c-be7dde74b504,2026-06-26T09:00:00Z,2026-06-26T11:00:00+0200,6069.244,MW,BE,BE,actual_solar_generation,Solar,2026-07-23T20:03:55Z
2026-07-23T20:03:42Z,2026-07-23T22:03:42+0200,f53b212e-aa3d-41e1-8c2c-be7dde74b504,2026-06-26T10:00:00Z,2026-06-26T12:00:00+0200,6933.95,MW,BE,BE,actual_solar_generation,Solar,2026-07-23T20:03:55Z
2026-07-23T20:03:42Z,2026-07-23T22:03:42+0200,f53b212e-aa3d-41e1-8c2c-be7dde74b504,2026-06-26T11:00:00Z,2026-06-26T13:00:00+0200,7267.9915,MW,BE,BE,actual_solar_generation,Solar,2026-07-23T20:03:55Z
2026-07-23T20:03:42Z,2026-07-23T22:03:42+0200,f53b212e-aa3d-41e1-8c2c-be7dde74b504,2026-06-26T12:00:00Z,2026-06-26T14:00:00+0200,7538.9315,MW,BE,BE,actual_solar_generation,Solar,2026-07-23T20:03:55Z
2026-07-23T20:03:42Z,2026-07-23T22:03:42+0200,f53b212e-aa3d-41e1-8c2c-be7dde74b504,2026-06-26T13:00:00Z,2026-06-26T15:00:00+0200,6891.13675,MW,BE,BE,actual_solar_generation,Solar,2026-07-23T20:03:55Z
2026-07-23T20:03:42Z,2026-07-23T22:03:42+0200,f53b212e-aa3d-41e1-8c2c-be7dde74b504,2026-06-26T14:00:00Z,2026-06-26T16:00:00+0200,5816.16475,MW,BE,BE,actual_solar_generation,Solar,2026-07-23T20:03:55Z
2026-07-23T20:03:42Z,2026-07-23T22:03:42+0200,f53b212e-aa3d-41e1-8c2c-be7dde74b504,2026-06-26T15:00:00Z,2026-06-26T17:00:00+0200,4442.3385,MW,BE,BE,actual_solar_generation,Solar,2026-07-23T20:03:55Z
2026-07-23T20:03:42Z,2026-07-23T22:03:42+0200,f53b212e-aa3d-41e1-8c2c-be7dde74b504,2026-06-26T16:00:00Z,2026-06-26T18:00:00+0200,2907.92025,MW,BE,BE,actual_solar_generation,Solar,2026-07-23T20:03:55Z
2026-07-23T20:03:42Z,2026-07-23T22:03:42+0200,f53b212e-aa3d-41e1-8c2c-be7dde74b504,2026-06-26T17:00:00Z,2026-06-26T19:00:00+0200,1658.2645,MW,BE,BE,actual_solar_generation,Solar,2026-07-23T20:03:55Z
2026-07-23T20:03:42Z,2026-07-23T22:03:42+0200,f53b212e-aa3d-41e1-8c2c-be7dde74b504,2026-06-26T18:00:00Z,2026-06-26T20:00:00+0200,660.69825,MW,BE,BE,actual_solar_generation,Solar,2026-07-23T20:03:55Z
2026-07-23T20:03:42Z,2026-07-23T22:03:42+0200,f53b212e-aa3d-41e1-8c2c-be7dde74b504,2026-06-26T19:00:00Z,2026-06-26T21:00:00+0200,115.55725,MW,BE,BE,actual_solar_generation,Solar,2026-07-23T20:03:55Z
2026-07-23T20:03:42Z,2026-07-23T22:03:42+0200,f53b212e-aa3d-41e1-8c2c-be7dde74b504,2026-06-26T20:00:00Z,2026-06-26T22:00:00+0200,0.0,MW,BE,BE,actual_solar_generation,Solar,2026-07-23T20:03:55Z
2026-07-23T20:03:42Z,2026-07-23T22:03:42+0200,f53b212e-aa3d-41e1-8c2c-be7dde74b504,2026-06-26T21:00:00Z,2026-06-26T23:00:00+0200,0.0,MW,BE,BE,actual_solar_generation,Solar,2026-07-23T20:03:55Z
2026-07-23T20:03:42Z,2026-07-23T22:03:42+0200,f53b212e-aa3d-41e1-8c2c-be7dde74b504,2026-06-26T22:00:00Z,2026-06-27T00:00:00+0200,0.0,MW,BE,BE,actual_solar_generation,Solar,2026-07-23T20:03:55Z
2026-07-23T20:03:42Z,2026-07-23T22:03:42+0200,f53b212e-aa3d-41e1-8c2c-be7dde74b504,2026-06-26T23:00:00Z,2026-06-27T01:00:00+0200,0.0,MW,BE,BE,actual_solar_generation,Solar,2026-07-23T20:03:55Z
2026-07-23T20:03:42Z,2026-07-23T22:03:42+0200,f53b212e-aa3d-41e1-8c2c-be7dde74b504,2026-06-27T00:00:00Z,2026-06-27T02:00:00+0200,0.0,MW,BE,BE,actual_solar_generation,Solar,2026-07-23T20:03:55Z
2026-07-23T20:03:42Z,2026-07-23T22:03:42+0200,f53b212e-aa3d-41e1-8c2c-be7dde74b504,2026-06-27T01:00:00Z,2026-06-27T03:00:00+0200,0.0,MW,BE,BE,actual_solar_generation,Solar,2026-07-23T20:03:55Z
2026-07-23T20:03:42Z,2026-07-23T22:03:42+0200,f53b212e-aa3d-41e1-8c2c-be7dde74b504,2026-06-27T02:00:00Z,2026-06-27T04:00:00+0200,0.0,MW,BE,BE,actual_solar_generation,Solar,2026-07-23T20:03:55Z
2026-07-23T20:03:42Z,2026-07-23T22:03:42+0200,f53b212e-aa3d-41e1-8c2c-be7dde74b504,2026-06-27T03:00:00Z,2026-06-27T05:00:00+0200,22.47875,MW,BE,BE,actual_solar_generation,Solar,2026-07-23T20:03:55Z
2026-07-23T20:03:42Z,2026-07-23T22:03:42+0200,f53b212e-aa3d-41e1-8c2c-be7dde74b504,2026-06-27T04:00:00Z,2026-06-27T06:00:00+0200,428.99725,MW,BE,BE,actual_solar_generation,Solar,2026-07-23T20:03:55Z
2026-07-23T20:03:42Z,2026-07-23T22:03:42+0200,f53b212e-aa3d-41e1-8c2c-be7dde74b504,2026-06-27T05:00:00Z,2026-06-27T07:00:00+0200,1139.34575,MW,BE,BE,actual_solar_generation,Solar,2026-07-23T20:03:55Z
2026-07-23T20:03:42Z,2026-07-23T22:03:42+0200,f53b212e-aa3d-41e1-8c2c-be7dde74b504,2026-06-27T06:00:00Z,2026-06-27T08:00:00+0200,1990.37275,MW,BE,BE,actual_solar_generation,Solar,2026-07-23T20:03:55Z
2026-07-23T20:03:42Z,2026-07-23T22:03:42+0200,f53b212e-aa3d-41e1-8c2c-be7dde74b504,2026-06-27T07:00:00Z,2026-06-27T09:00:00+0200,3313.554,MW,BE,BE,actual_solar_generation,Solar,2026-07-23T20:03:55Z
2026-07-23T20:03:42Z,2026-07-23T22:03:42+0200,f53b212e-aa3d-41e1-8c2c-be7dde74b504,2026-06-27T08:00:00Z,2026-06-27T10:00:00+0200,4506.792,MW,BE,BE,actual_solar_generation,Solar,2026-07-23T20:03:55Z
2026-07-23T20:03:42Z,2026-07-23T22:03:42+0200,f53b212e-aa3d-41e1-8c2c-be7dde74b504,2026-06-27T09:00:00Z,2026-06-27T11:00:00+0200,5489.12625,MW,BE,BE,actual_solar_generation,Solar,2026-07-23T20:03:55Z
2026-07-23T20:03:42Z,2026-07-23T22:03:42+0200,f53b212e-aa3d-41e1-8c2c-be7dde74b504,2026-06-27T10:00:00Z,2026-06-27T12:00:00+0200,7110.219,MW,BE,BE,actual_solar_generation,Solar,2026-07-23T20:03:55Z
2026-07-23T20:03:42Z,2026-07-23T22:03:42+0200,f53b212e-aa3d-41e1-8c2c-be7dde74b504,2026-06-27T11:00:00Z,2026-06-27T13:00:00+0200,7002.478,MW,BE,BE,actual_solar_generation,Solar,2026-07-23T20:03:55Z
2026-07-23T20:03:42Z,2026-07-23T22:03:42+0200,f53b212e-aa3d-41e1-8c2c-be7dde74b504,2026-06-27T12:00:00Z,2026-06-27T14:00:00+0200,6679.091,MW,BE,BE,actual_solar_generation,Solar,2026-07-23T20:03:55Z
2026-07-23T20:03:42Z,2026-07-23T22:03:42+0200,f53b212e-aa3d-41e1-8c2c-be7dde74b504,2026-06-27T13:00:00Z,2026-06-27T15:00:00+0200,6307.9975,MW,BE,BE,actual_solar_generation,Solar,2026-07-23T20:03:55Z
2026-07-23T20:03:42Z,2026-07-23T22:03:42+0200,f53b212e-aa3d-41e1-8c2c-be7dde74b504,2026-06-27T14:00:00Z,2026-06-27T16:00:00+0200,5679.37325,MW,BE,BE,actual_solar_generation,Solar,2026-07-23T20:03:55Z
2026-07-23T20:03:42Z,2026-07-23T22:03:42+0200,f53b212e-aa3d-41e1-8c2c-be7dde74b504,2026-06-27T15:00:00Z,2026-06-27T17:00:00+0200,4356.59925,MW,BE,BE,actual_solar_generation,Solar,2026-07-23T20:03:55Z
2026-07-23T20:03:42Z,2026-07-23T22:03:42+0200,f53b212e-aa3d-41e1-8c2c-be7dde74b504,2026-06-27T16:00:00Z,2026-06-27T18:00:00+0200,2894.74475,MW,BE,BE,actual_solar_generation,Solar,2026-07-23T20:03:55Z
2026-07-23T20:03:42Z,2026-07-23T22:03:42+0200,f53b212e-aa3d-41e1-8c2c-be7dde74b504,2026-06-27T17:00:00Z,2026-06-27T19:00:00+0200,1591.29875,MW,BE,BE,actual_solar_generation,Solar,2026-07-23T20:03:55Z
2026-07-23T20:03:42Z,2026-07-23T22:03:42+0200,f53b212e-aa3d-41e1-8c2c-be7dde74b504,2026-06-27T18:00:00Z,2026-06-27T20:00:00+0200,637.49525,MW,BE,BE,actual_solar_generation,Solar,2026-07-23T20:03:55Z
2026-07-23T20:03:42Z,2026-07-23T22:03:42+0200,f53b212e-aa3d-41e1-8c2c-be7dde74b504,2026-06-27T19:00:00Z,2026-06-27T21:00:00+0200,98.83825,MW,BE,BE,actual_solar_generation,Solar,2026-07-23T20:03:55Z
2026-07-23T20:03:42Z,2026-07-23T22:03:42+0200,f53b212e-aa3d-41e1-8c2c-be7dde74b504,2026-06-27T20:00:00Z,2026-06-27T22:00:00+0200,0.00975,MW,BE,BE,actual_solar_generation,Solar,2026-07-23T20:03:55Z
2026-07-23T20:03:42Z,2026-07-23T22:03:42+0200,f53b212e-aa3d-41e1-8c2c-be7dde74b504,2026-06-27T21:00:00Z,2026-06-27T23:00:00+0200,0.0,MW,BE,BE,actual_solar_generation,Solar,2026-07-23T20:03:55Z
2026-07-23T20:03:42Z,2026-07-23T22:03:42+0200,f53b212e-aa3d-41e1-8c2c-be7dde74b504,2026-06-27T22:00:00Z,2026-06-28T00:00:00+0200,0.0,MW,BE,BE,actual_solar_generation,Solar,2026-07-23T20:03:55Z
2026-07-23T20:03:42Z,2026-07-23T22:03:42+0200,f53b212e-aa3d-41e1-8c2c-be7dde74b504,2026-06-27T23:00:00Z,2026-06-28T01:00:00+0200,0.0,MW,BE,BE,actual_solar_generation,Solar,2026-07-23T20:03:55Z
2026-07-23T20:03:42Z,2026-07-23T22:03:42+0200,f53b212e-aa3d-41e1-8c2c-be7dde74b504,2026-06-28T00:00:00Z,2026-06-28T02:00:00+0200,0.0,MW,BE,BE,actual_solar_generation,Solar,2026-07-23T20:03:55Z
2026-07-23T20:03:42Z,2026-07-23T22:03:42+0200,f53b212e-aa3d-41e1-8c2c-be7dde74b504,2026-06-28T01:00:00Z,2026-06-28T03:00:00+0200,0.0,MW,BE,BE,actual_solar_generation,Solar,2026-07-23T20:03:55Z
2026-07-23T20:03:42Z,2026-07-23T22:03:42+0200,f53b212e-aa3d-41e1-8c2c-be7dde74b504,2026-06-28T02:00:00Z,2026-06-28T04:00:00+0200,0.0,MW,BE,BE,actual_solar_generation,Solar,2026-07-23T20:03:55Z
2026-07-23T20:03:42Z,2026-07-23T22:03:42+0200,f53b212e-aa3d-41e1-8c2c-be7dde74b504,2026-06-28T03:00:00Z,2026-06-28T05:00:00+0200,0.98075,MW,BE,BE,actual_solar_generation,Solar,2026-07-23T20:03:55Z
2026-07-23T20:03:42Z,2026-07-23T22:03:42+0200,f53b212e-aa3d-41e1-8c2c-be7dde74b504,2026-06-28T04:00:00Z,2026-06-28T06:00:00+0200,343.502,MW,BE,BE,actual_solar_generation,Solar,2026-07-23T20:03:55Z
2026-07-23T20:03:42Z,2026-07-23T22:03:42+0200,f53b212e-aa3d-41e1-8c2c-be7dde74b504,2026-06-28T05:00:00Z,2026-06-28T07:00:00+0200,1226.06175,MW,BE,BE,actual_solar_generation,Solar,2026-07-23T20:03:55Z
2026-07-23T20:03:42Z,2026-07-23T22:03:42+0200,f53b212e-aa3d-41e1-8c2c-be7dde74b504,2026-06-28T06:00:00Z,2026-06-28T08:00:00+0200,2492.0435,MW,BE,BE,actual_solar_generation,Solar,2026-07-23T20:03:55Z
2026-07-23T20:03:42Z,2026-07-23T22:03:42+0200,f53b212e-aa3d-41e1-8c2c-be7dde74b504,2026-06-28T07:00:00Z,2026-06-28T09:00:00+0200,4064.01175,MW,BE,BE,actual_solar_generation,Solar,2026-07-23T20:03:55Z
2026-07-23T20:03:42Z,2026-07-23T22:03:42+0200,f53b212e-aa3d-41e1-8c2c-be7dde74b504,2026-06-28T08:00:00Z,2026-06-28T10:00:00+0200,5338.055,MW,BE,BE,actual_solar_generation,Solar,2026-07-23T20:03:55Z
2026-07-23T20:03:42Z,2026-07-23T22:03:42+0200,f53b212e-aa3d-41e1-8c2c-be7dde74b504,2026-06-28T09:00:00Z,2026-06-28T11:00:00+0200,6035.97325,MW,BE,BE,actual_solar_generation,Solar,2026-07-23T20:03:55Z
2026-07-23T20:03:42Z,2026-07-23T22:03:42+0200,f53b212e-aa3d-41e1-8c2c-be7dde74b504,2026-06-28T10:00:00Z,2026-06-28T12:00:00+0200,5927.59025,MW,BE,BE,actual_solar_generation,Solar,2026-07-23T20:03:55Z
2026-07-23T20:03:42Z,2026-07-23T22:03:42+0200,f53b212e-aa3d-41e1-8c2c-be7dde74b504,2026-06-28T11:00:00Z,2026-06-28T13:00:00+0200,5625.84675,MW,BE,BE,actual_solar_generation,Solar,2026-07-23T20:03:55Z
2026-07-23T20:03:42Z,2026-07-23T22:03:42+0200,f53b212e-aa3d-41e1-8c2c-be7dde74b504,2026-06-28T12:00:00Z,2026-06-28T14:00:00+0200,4491.622,MW,BE,BE,actual_solar_generation,Solar,2026-07-23T20:03:55Z
2026-07-23T20:03:42Z,2026-07-23T22:03:42+0200,f53b212e-aa3d-41e1-8c2c-be7dde74b504,2026-06-28T13:00:00Z,2026-06-28T15:00:00+0200,3844.10825,MW,BE,BE,actual_solar_generation,Solar,2026-07-23T20:03:55Z
2026-07-23T20:03:42Z,2026-07-23T22:03:42+0200,f53b212e-aa3d-41e1-8c2c-be7dde74b504,2026-06-28T14:00:00Z,2026-06-28T16:00:00+0200,4125.4825,MW,BE,BE,actual_solar_generation,Solar,2026-07-23T20:03:55Z
2026-07-23T20:03:42Z,2026-07-23T22:03:42+0200,f53b212e-aa3d-41e1-8c2c-be7dde74b504,2026-06-28T15:00:00Z,2026-06-28T17:00:00+0200,3864.3215,MW,BE,BE,actual_solar_generation,Solar,2026-07-23T20:03:55Z
2026-07-23T20:03:42Z,2026-07-23T22:03:42+0200,f53b212e-aa3d-41e1-8c2c-be7dde74b504,2026-06-28T16:00:00Z,2026-06-28T18:00:00+0200,2831.69075,MW,BE,BE,actual_solar_generation,Solar,2026-07-23T20:03:55Z
2026-07-23T20:03:42Z,2026-07-23T22:03:42+0200,f53b212e-aa3d-41e1-8c2c-be7dde74b504,2026-06-28T17:00:00Z,2026-06-28T19:00:00+0200,1744.07475,MW,BE,BE,actual_solar_generation,Solar,2026-07-23T20:03:55Z
2026-07-23T20:03:42Z,2026-07-23T22:03:42+0200,f53b212e-aa3d-41e1-8c2c-be7dde74b504,2026-06-28T18:00:00Z,2026-06-28T20:00:00+0200,809.97725,MW,BE,BE,actual_solar_generation,Solar,2026-07-23T20:03:55Z
2026-07-23T20:03:42Z,2026-07-23T22:03:42+0200,f53b212e-aa3d-41e1-8c2c-be7dde74b504,2026-06-28T19:00:00Z,2026-06-28T21:00:00+0200,151.9715,MW,BE,BE,actual_solar_generation,Solar,2026-07-23T20:03:55Z
2026-07-23T20:03:42Z,2026-07-23T22:03:42+0200,f53b212e-aa3d-41e1-8c2c-be7dde74b504,2026-06-28T20:00:00Z,2026-06-28T22:00:00+0200,0.073,MW,BE,BE,actual_solar_generation,Solar,2026-07-23T20:03:55Z
2026-07-23T20:03:42Z,2026-07-23T22:03:42+0200,f53b212e-aa3d-41e1-8c2c-be7dde74b504,2026-06-28T21:00:00Z,2026-06-28T23:00:00+0200,0.0,MW,BE,BE,actual_solar_generation,Solar,2026-07-23T20:03:55Z
2026-07-23T20:03:42Z,2026-07-23T22:03:42+0200,f53b212e-aa3d-41e1-8c2c-be7dde74b504,2026-06-28T22:00:00Z,2026-06-29T00:00:00+0200,0.0,MW,BE,BE,actual_solar_generation,Solar,2026-07-23T20:03:55Z
2026-07-23T20:03:42Z,2026-07-23T22:03:42+0200,f53b212e-aa3d-41e1-8c2c-be7dde74b504,2026-06-28T23:00:00Z,2026-06-29T01:00:00+0200,0.0,MW,BE,BE,actual_solar_generation,Solar,2026-07-23T20:03:55Z
2026-07-23T20:03:42Z,2026-07-23T22:03:42+0200,f53b212e-aa3d-41e1-8c2c-be7dde74b504,2026-06-29T00:00:00Z,2026-06-29T02:00:00+0200,0.0,MW,BE,BE,actual_solar_generation,Solar,2026-07-23T20:03:55Z
2026-07-23T20:03:42Z,2026-07-23T22:03:42+0200,f53b212e-aa3d-41e1-8c2c-be7dde74b504,2026-06-29T01:00:00Z,2026-06-29T03:00:00+0200,0.0,MW,BE,BE,actual_solar_generation,Solar,2026-07-23T20:03:55Z
2026-07-23T20:03:42Z,2026-07-23T22:03:42+0200,f53b212e-aa3d-41e1-8c2c-be7dde74b504,2026-06-29T02:00:00Z,2026-06-29T04:00:00+0200,0.0,MW,BE,BE,actual_solar_generation,Solar,2026-07-23T20:03:55Z
2026-07-23T20:03:42Z,2026-07-23T22:03:42+0200,f53b212e-aa3d-41e1-8c2c-be7dde74b504,2026-06-29T03:00:00Z,2026-06-29T05:00:00+0200,0.623,MW,BE,BE,actual_solar_generation,Solar,2026-07-23T20:03:55Z
2026-07-23T20:03:42Z,2026-07-23T22:03:42+0200,f53b212e-aa3d-41e1-8c2c-be7dde74b504,2026-06-29T04:00:00Z,2026-06-29T06:00:00+0200,167.882,MW,BE,BE,actual_solar_generation,Solar,2026-07-23T20:03:55Z
2026-07-23T20:03:42Z,2026-07-23T22:03:42+0200,f53b212e-aa3d-41e1-8c2c-be7dde74b504,2026-06-29T05:00:00Z,2026-06-29T07:00:00+0200,840.511,MW,BE,BE,actual_solar_generation,Solar,2026-07-23T20:03:55Z
2026-07-23T20:03:42Z,2026-07-23T22:03:42+0200,f53b212e-aa3d-41e1-8c2c-be7dde74b504,2026-06-29T06:00:00Z,2026-06-29T08:00:00+0200,2266.48125,MW,BE,BE,actual_solar_generation,Solar,2026-07-23T20:03:55Z
2026-07-23T20:03:42Z,2026-07-23T22:03:42+0200,f53b212e-aa3d-41e1-8c2c-be7dde74b504,2026-06-29T07:00:00Z,2026-06-29T09:00:00+0200,3970.059,MW,BE,BE,actual_solar_generation,Solar,2026-07-23T20:03:55Z
2026-07-23T20:03:42Z,2026-07-23T22:03:42+0200,f53b212e-aa3d-41e1-8c2c-be7dde74b504,2026-06-29T08:00:00Z,2026-06-29T10:00:00+0200,5438.653,MW,BE,BE,actual_solar_generation,Solar,2026-07-23T20:03:55Z
2026-07-23T20:03:42Z,2026-07-23T22:03:42+0200,f53b212e-aa3d-41e1-8c2c-be7dde74b504,2026-06-29T09:00:00Z,2026-06-29T11:00:00+0200,6729.6225,MW,BE,BE,actual_solar_generation,Solar,2026-07-23T20:03:55Z
2026-07-23T20:03:42Z,2026-07-23T22:03:42+0200,f53b212e-aa3d-41e1-8c2c-be7dde74b504,2026-06-29T10:00:00Z,2026-06-29T12:00:00+0200,7335.12125,MW,BE,BE,actual_solar_generation,Solar,2026-07-23T20:03:55Z
2026-07-23T20:03:42Z,2026-07-23T22:03:42+0200,f53b212e-aa3d-41e1-8c2c-be7dde74b504,2026-06-29T11:00:00Z,2026-06-29T13:00:00+0200,7845.8555,MW,BE,BE,actual_solar_generation,Solar,2026-07-23T20:03:55Z
2026-07-23T20:03:42Z,2026-07-23T22:03:42+0200,f53b212e-aa3d-41e1-8c2c-be7dde74b504,2026-06-29T12:00:00Z,2026-06-29T14:00:00+0200,7868.5975,MW,BE,BE,actual_solar_generation,Solar,2026-07-23T20:03:55Z
2026-07-23T20:03:42Z,2026-07-23T22:03:42+0200,f53b212e-aa3d-41e1-8c2c-be7dde74b504,2026-06-29T13:00:00Z,2026-06-29T15:00:00+0200,7355.42775,MW,BE,BE,actual_solar_generation,Solar,2026-07-23T20:03:55Z
2026-07-23T20:03:42Z,2026-07-23T22:03:42+0200,f53b212e-aa3d-41e1-8c2c-be7dde74b504,2026-06-29T14:00:00Z,2026-06-29T16:00:00+0200,6238.0885,MW,BE,BE,actual_solar_generation,Solar,2026-07-23T20:03:55Z
2026-07-23T20:03:42Z,2026-07-23T22:03:42+0200,f53b212e-aa3d-41e1-8c2c-be7dde74b504,2026-06-29T15:00:00Z,2026-06-29T17:00:00+0200,4742.75925,MW,BE,BE,actual_solar_generation,Solar,2026-07-23T20:03:55Z
2026-07-23T20:03:42Z,2026-07-23T22:03:42+0200,f53b212e-aa3d-41e1-8c2c-be7dde74b504,2026-06-29T16:00:00Z,2026-06-29T18:00:00+0200,3302.011,MW,BE,BE,actual_solar_generation,Solar,2026-07-23T20:03:55Z
2026-07-23T20:03:42Z,2026-07-23T22:03:42+0200,f53b212e-aa3d-41e1-8c2c-be7dde74b504,2026-06-29T17:00:00Z,2026-06-29T19:00:00+0200,1958.443,MW,BE,BE,actual_solar_generation,Solar,2026-07-23T20:03:55Z
2026-07-23T20:03:42Z,2026-07-23T22:03:42+0200,f53b212e-aa3d-41e1-8c2c-be7dde74b504,2026-06-29T18:00:00Z,2026-06-29T20:00:00+0200,865.15575,MW,BE,BE,actual_solar_generation,Solar,2026-07-23T20:03:55Z
2026-07-23T20:03:42Z,2026-07-23T22:03:42+0200,f53b212e-aa3d-41e1-8c2c-be7dde74b504,2026-06-29T19:00:00Z,2026-06-29T21:00:00+0200,105.4315,MW,BE,BE,actual_solar_generation,Solar,2026-07-23T20:03:55Z
2026-07-23T20:03:42Z,2026-07-23T22:03:42+0200,f53b212e-aa3d-41e1-8c2c-be7dde74b504,2026-06-29T20:00:00Z,2026-06-29T22:00:00+0200,0.0,MW,BE,BE,actual_solar_generation,Solar,2026-07-23T20:03:55Z
2026-07-23T20:03:42Z,2026-07-23T22:03:42+0200,f53b212e-aa3d-41e1-8c2c-be7dde74b504,2026-06-29T21:00:00Z,2026-06-29T23:00:00+0200,0.0,MW,BE,BE,actual_solar_generation,Solar,2026-07-23T20:03:55Z
2026-07-23T20:03:42Z,2026-07-23T22:03:42+0200,f53b212e-aa3d-41e1-8c2c-be7dde74b504,2026-06-29T22:00:00Z,2026-06-30T00:00:00+0200,0.0,MW,BE,BE,actual_solar_generation,Solar,2026-07-23T20:03:55Z
2026-07-23T20:03:42Z,2026-07-23T22:03:42+0200,f53b212e-aa3d-41e1-8c2c-be7dde74b504,2026-06-29T23:00:00Z,2026-06-30T01:00:00+0200,0.0,MW,BE,BE,actual_solar_generation,Solar,2026-07-23T20:03:55Z
2026-07-23T20:03:42Z,2026-07-23T22:03:42+0200,f53b212e-aa3d-41e1-8c2c-be7dde74b504,2026-06-30T00:00:00Z,2026-06-30T02:00:00+0200,0.0,MW,BE,BE,actual_solar_generation,Solar,2026-07-23T20:03:55Z
2026-07-23T20:03:42Z,2026-07-23T22:03:42+0200,f53b212e-aa3d-41e1-8c2c-be7dde74b504,2026-06-30T01:00:00Z,2026-06-30T03:00:00+0200,0.0,MW,BE,BE,actual_solar_generation,Solar,2026-07-23T20:03:55Z
2026-07-23T20:03:42Z,2026-07-23T22:03:42+0200,f53b212e-aa3d-41e1-8c2c-be7dde74b504,2026-06-30T02:00:00Z,2026-06-30T04:00:00+0200,0.0,MW,BE,BE,actual_solar_generation,Solar,2026-07-23T20:03:55Z
2026-07-23T20:03:42Z,2026-07-23T22:03:42+0200,f53b212e-aa3d-41e1-8c2c-be7dde74b504,2026-06-30T03:00:00Z,2026-06-30T05:00:00+0200,11.0805,MW,BE,BE,actual_solar_generation,Solar,2026-07-23T20:03:55Z
2026-07-23T20:03:42Z,2026-07-23T22:03:42+0200,f53b212e-aa3d-41e1-8c2c-be7dde74b504,2026-06-30T04:00:00Z,2026-06-30T06:00:00+0200,375.41625,MW,BE,BE,actual_solar_generation,Solar,2026-07-23T20:03:55Z
2026-07-23T20:03:42Z,2026-07-23T22:03:42+0200,f53b212e-aa3d-41e1-8c2c-be7dde74b504,2026-06-30T05:00:00Z,2026-06-30T07:00:00+0200,1023.731,MW,BE,BE,actual_solar_generation,Solar,2026-07-23T20:03:55Z
2026-07-23T20:03:42Z,2026-07-23T22:03:42+0200,f53b212e-aa3d-41e1-8c2c-be7dde74b504,2026-06-30T06:00:00Z,2026-06-30T08:00:00+0200,1785.5815,MW,BE,BE,actual_solar_generation,Solar,2026-07-23T20:03:55Z
2026-07-23T20:03:42Z,2026-07-23T22:03:42+0200,f53b212e-aa3d-41e1-8c2c-be7dde74b504,2026-06-30T07:00:00Z,2026-06-30T09:00:00+0200,2297.87825,MW,BE,BE,actual_solar_generation,Solar,2026-07-23T20:03:55Z
2026-07-23T20:03:42Z,2026-07-23T22:03:42+0200,f53b212e-aa3d-41e1-8c2c-be7dde74b504,2026-06-30T08:00:00Z,2026-06-30T10:00:00+0200,2647.4745,MW,BE,BE,actual_solar_generation,Solar,2026-07-23T20:03:55Z
2026-07-23T20:03:42Z,2026-07-23T22:03:42+0200,f53b212e-aa3d-41e1-8c2c-be7dde74b504,2026-06-30T09:00:00Z,2026-06-30T11:00:00+0200,2894.63125,MW,BE,BE,actual_solar_generation,Solar,2026-07-23T20:03:55Z
2026-07-23T20:03:42Z,2026-07-23T22:03:42+0200,f53b212e-aa3d-41e1-8c2c-be7dde74b504,2026-06-30T10:00:00Z,2026-06-30T12:00:00+0200,2563.65575,MW,BE,BE,actual_solar_generation,Solar,2026-07-23T20:03:55Z
2026-07-23T20:03:42Z,2026-07-23T22:03:42+0200,f53b212e-aa3d-41e1-8c2c-be7dde74b504,2026-06-30T11:00:00Z,2026-06-30T13:00:00+0200,2549.106,MW,BE,BE,actual_solar_generation,Solar,2026-07-23T20:03:55Z
2026-07-23T20:03:42Z,2026-07-23T22:03:42+0200,f53b212e-aa3d-41e1-8c2c-be7dde74b504,2026-06-30T12:00:00Z,2026-06-30T14:00:00+0200,3138.7835,MW,BE,BE,actual_solar_generation,Solar,2026-07-23T20:03:55Z
2026-07-23T20:03:42Z,2026-07-23T22:03:42+0200,f53b212e-aa3d-41e1-8c2c-be7dde74b504,2026-06-30T13:00:00Z,2026-06-30T15:00:00+0200,3125.49675,MW,BE,BE,actual_solar_generation,Solar,2026-07-23T20:03:55Z
2026-07-23T20:03:42Z,2026-07-23T22:03:42+0200,f53b212e-aa3d-41e1-8c2c-be7dde74b504,2026-06-30T14:00:00Z,2026-06-30T16:00:00+0200,3010.35025,MW,BE,BE,actual_solar_generation,Solar,2026-07-23T20:03:55Z
2026-07-23T20:03:42Z,2026-07-23T22:03:42+0200,f53b212e-aa3d-41e1-8c2c-be7dde74b504,2026-06-30T15:00:00Z,2026-06-30T17:00:00+0200,2670.24675,MW,BE,BE,actual_solar_generation,Solar,2026-07-23T20:03:55Z
2026-07-23T20:03:42Z,2026-07-23T22:03:42+0200,f53b212e-aa3d-41e1-8c2c-be7dde74b504,2026-06-30T16:00:00Z,2026-06-30T18:00:00+0200,2346.731,MW,BE,BE,actual_solar_generation,Solar,2026-07-23T20:03:55Z
2026-07-23T20:03:42Z,2026-07-23T22:03:42+0200,f53b212e-aa3d-41e1-8c2c-be7dde74b504,2026-06-30T17:00:00Z,2026-06-30T19:00:00+0200,1441.2495,MW,BE,BE,actual_solar_generation,Solar,2026-07-23T20:03:55Z
2026-07-23T20:03:42Z,2026-07-23T22:03:42+0200,f53b212e-aa3d-41e1-8c2c-be7dde74b504,2026-06-30T18:00:00Z,2026-06-30T20:00:00+0200,637.89525,MW,BE,BE,actual_solar_generation,Solar,2026-07-23T20:03:55Z
2026-07-23T20:03:42Z,2026-07-23T22:03:42+0200,f53b212e-aa3d-41e1-8c2c-be7dde74b504,2026-06-30T19:00:00Z,2026-06-30T21:00:00+0200,134.80475,MW,BE,BE,actual_solar_generation,Solar,2026-07-23T20:03:55Z
2026-07-23T20:03:42Z,2026-07-23T22:03:42+0200,f53b212e-aa3d-41e1-8c2c-be7dde74b504,2026-06-30T20:00:00Z,2026-06-30T22:00:00+0200,0.00075,MW,BE,BE,actual_solar_generation,Solar,2026-07-23T20:03:55Z
2026-07-23T20:03:42Z,2026-07-23T22:03:42+0200,f53b212e-aa3d-41e1-8c2c-be7dde74b504,2026-06-30T21:00:00Z,2026-06-30T23:00:00+0200,0.0,MW,BE,BE,actual_solar_generation,Solar,2026-07-23T20:03:55Z
2026-07-23T20:03:42Z,2026-07-23T22:03:42+0200,f53b212e-aa3d-41e1-8c2c-be7dde74b504,2026-06-30T22:00:00Z,2026-07-01T00:00:00+0200,0.0,MW,BE,BE,actual_solar_generation,Solar,2026-07-23T20:03:55Z
2026-07-23T20:03:42Z,2026-07-23T22:03:42+0200,f53b212e-aa3d-41e1-8c2c-be7dde74b504,2026-06-30T23:00:00Z,2026-07-01T01:00:00+0200,0.0,MW,BE,BE,actual_solar_generation,Solar,2026-07-23T20:03:55Z
2026-07-23T20:03:42Z,2026-07-23T22:03:42+0200,f53b212e-aa3d-41e1-8c2c-be7dde74b504,2026-07-01T00:00:00Z,2026-07-01T02:00:00+0200,0.0,MW,BE,BE,actual_solar_generation,Solar,2026-07-23T20:03:55Z
2026-07-23T20:03:42Z,2026-07-23T22:03:42+0200,f53b212e-aa3d-41e1-8c2c-be7dde74b504,2026-07-01T01:00:00Z,2026-07-01T03:00:00+0200,0.0,MW,BE,BE,actual_solar_generation,Solar,2026-07-23T20:03:55Z
2026-07-23T20:03:42Z,2026-07-23T22:03:42+0200,f53b212e-aa3d-41e1-8c2c-be7dde74b504,2026-07-01T02:00:00Z,2026-07-01T04:00:00+0200,0.0,MW,BE,BE,actual_solar_generation,Solar,2026-07-23T20:03:55Z
2026-07-23T20:03:42Z,2026-07-23T22:03:42+0200,f53b212e-aa3d-41e1-8c2c-be7dde74b504,2026-07-01T03:00:00Z,2026-07-01T05:00:00+0200,9.886,MW,BE,BE,actual_solar_generation,Solar,2026-07-23T20:03:55Z
2026-07-23T20:03:42Z,2026-07-23T22:03:42+0200,f53b212e-aa3d-41e1-8c2c-be7dde74b504,2026-07-01T04:00:00Z,2026-07-01T06:00:00+0200,357.4075,MW,BE,BE,actual_solar_generation,Solar,2026-07-23T20:03:55Z
2026-07-23T20:03:42Z,2026-07-23T22:03:42+0200,f53b212e-aa3d-41e1-8c2c-be7dde74b504,2026-07-01T05:00:00Z,2026-07-01T07:00:00+0200,1256.65175,MW,BE,BE,actual_solar_generation,Solar,2026-07-23T20:03:55Z
2026-07-23T20:03:42Z,2026-07-23T22:03:42+0200,f53b212e-aa3d-41e1-8c2c-be7dde74b504,2026-07-01T06:00:00Z,2026-07-01T08:00:00+0200,2540.52075,MW,BE,BE,actual_solar_generation,Solar,2026-07-23T20:03:55Z
2026-07-23T20:03:42Z,2026-07-23T22:03:42+0200,f53b212e-aa3d-41e1-8c2c-be7dde74b504,2026-07-01T07:00:00Z,2026-07-01T09:00:00+0200,4088.72775,MW,BE,BE,actual_solar_generation,Solar,2026-07-23T20:03:55Z
2026-07-23T20:03:42Z,2026-07-23T22:03:42+0200,f53b212e-aa3d-41e1-8c2c-be7dde74b504,2026-07-01T08:00:00Z,2026-07-01T10:00:00+0200,5287.60625,MW,BE,BE,actual_solar_generation,Solar,2026-07-23T20:03:55Z
2026-07-23T20:03:42Z,2026-07-23T22:03:42+0200,f53b212e-aa3d-41e1-8c2c-be7dde74b504,2026-07-01T09:00:00Z,2026-07-01T11:00:00+0200,6041.65575,MW,BE,BE,actual_solar_generation,Solar,2026-07-23T20:03:55Z
2026-07-23T20:03:42Z,2026-07-23T22:03:42+0200,f53b212e-aa3d-41e1-8c2c-be7dde74b504,2026-07-01T10:00:00Z,2026-07-01T12:00:00+0200,6333.27625,MW,BE,BE,actual_solar_generation,Solar,2026-07-23T20:03:55Z
2026-07-23T20:03:42Z,2026-07-23T22:03:42+0200,f53b212e-aa3d-41e1-8c2c-be7dde74b504,2026-07-01T11:00:00Z,2026-07-01T13:00:00+0200,6399.37375,MW,BE,BE,actual_solar_generation,Solar,2026-07-23T20:03:55Z
2026-07-23T20:03:42Z,2026-07-23T22:03:42+0200,f53b212e-aa3d-41e1-8c2c-be7dde74b504,2026-07-01T12:00:00Z,2026-07-01T14:00:00+0200,6146.2415,MW,BE,BE,actual_solar_generation,Solar,2026-07-23T20:03:55Z
2026-07-23T20:03:42Z,2026-07-23T22:03:42+0200,f53b212e-aa3d-41e1-8c2c-be7dde74b504,2026-07-01T13:00:00Z,2026-07-01T15:00:00+0200,5780.43225,MW,BE,BE,actual_solar_generation,Solar,2026-07-23T20:03:55Z
2026-07-23T20:03:42Z,2026-07-23T22:03:42+0200,f53b212e-aa3d-41e1-8c2c-be7dde74b504,2026-07-01T14:00:00Z,2026-07-01T16:00:00+0200,5207.30775,MW,BE,BE,actual_solar_generation,Solar,2026-07-23T20:03:55Z
2026-07-23T20:03:42Z,2026-07-23T22:03:42+0200,f53b212e-aa3d-41e1-8c2c-be7dde74b504,2026-07-01T15:00:00Z,2026-07-01T17:00:00+0200,4174.302,MW,BE,BE,actual_solar_generation,Solar,2026-07-23T20:03:55Z
2026-07-23T20:03:42Z,2026-07-23T22:03:42+0200,f53b212e-aa3d-41e1-8c2c-be7dde74b504,2026-07-01T16:00:00Z,2026-07-01T18:00:00+0200,2964.58925,MW,BE,BE,actual_solar_generation,Solar,2026-07-23T20:03:55Z
2026-07-23T20:03:42Z,2026-07-23T22:03:42+0200,f53b212e-aa3d-41e1-8c2c-be7dde74b504,2026-07-01T17:00:00Z,2026-07-01T19:00:00+0200,1800.112,MW,BE,BE,actual_solar_generation,Solar,2026-07-23T20:03:55Z
2026-07-23T20:03:42Z,2026-07-23T22:03:42+0200,f53b212e-aa3d-41e1-8c2c-be7dde74b504,2026-07-01T18:00:00Z,2026-07-01T20:00:00+0200,803.2435,MW,BE,BE,actual_solar_generation,Solar,2026-07-23T20:03:55Z
2026-07-23T20:03:42Z,2026-07-23T22:03:42+0200,f53b212e-aa3d-41e1-8c2c-be7dde74b504,2026-07-01T19:00:00Z,2026-07-01T21:00:00+0200,138.33425,MW,BE,BE,actual_solar_generation,Solar,2026-07-23T20:03:55Z
2026-07-23T20:03:42Z,2026-07-23T22:03:42+0200,f53b212e-aa3d-41e1-8c2c-be7dde74b504,2026-07-01T20:00:00Z,2026-07-01T22:00:00+0200,0.0,MW,BE,BE,actual_solar_generation,Solar,2026-07-23T20:03:55Z
2026-07-23T20:03:42Z,2026-07-23T22:03:42+0200,f53b212e-aa3d-41e1-8c2c-be7dde74b504,2026-07-01T21:00:00Z,2026-07-01T23:00:00+0200,0.0,MW,BE,BE,actual_solar_generation,Solar,2026-07-23T20:03:55Z
2026-07-23T20:03:42Z,2026-07-23T22:03:42+0200,f53b212e-aa3d-41e1-8c2c-be7dde74b504,2026-07-01T22:00:00Z,2026-07-02T00:00:00+0200,0.0,MW,BE,BE,actual_solar_generation,Solar,2026-07-23T20:03:55Z
2026-07-23T20:03:42Z,2026-07-23T22:03:42+0200,f53b212e-aa3d-41e1-8c2c-be7dde74b504,2026-07-01T23:00:00Z,2026-07-02T01:00:00+0200,0.0,MW,BE,BE,actual_solar_generation,Solar,2026-07-23T20:03:55Z
2026-07-23T20:03:42Z,2026-07-23T22:03:42+0200,f53b212e-aa3d-41e1-8c2c-be7dde74b504,2026-07-02T00:00:00Z,2026-07-02T02:00:00+0200,0.0,MW,BE,BE,actual_solar_generation,Solar,2026-07-23T20:03:55Z
2026-07-23T20:03:42Z,2026-07-23T22:03:42+0200,f53b212e-aa3d-41e1-8c2c-be7dde74b504,2026-07-02T01:00:00Z,2026-07-02T03:00:00+0200,0.0,MW,BE,BE,actual_solar_generation,Solar,2026-07-23T20:03:55Z
2026-07-23T20:03:42Z,2026-07-23T22:03:42+0200,f53b212e-aa3d-41e1-8c2c-be7dde74b504,2026-07-02T02:00:00Z,2026-07-02T04:00:00+0200,0.0,MW,BE,BE,actual_solar_generation,Solar,2026-07-23T20:03:55Z
2026-07-23T20:03:42Z,2026-07-23T22:03:42+0200,f53b212e-aa3d-41e1-8c2c-be7dde74b504,2026-07-02T03:00:00Z,2026-07-02T05:00:00+0200,8.60325,MW,BE,BE,actual_solar_generation,Solar,2026-07-23T20:03:55Z
2026-07-23T20:03:42Z,2026-07-23T22:03:42+0200,f53b212e-aa3d-41e1-8c2c-be7dde74b504,2026-07-02T04:00:00Z,2026-07-02T06:00:00+0200,360.5805,MW,BE,BE,actual_solar_generation,Solar,2026-07-23T20:03:55Z
2026-07-23T20:03:42Z,2026-07-23T22:03:42+0200,f53b212e-aa3d-41e1-8c2c-be7dde74b504,2026-07-02T05:00:00Z,2026-07-02T07:00:00+0200,1222.4345,MW,BE,BE,actual_solar_generation,Solar,2026-07-23T20:03:55Z
2026-07-23T20:03:42Z,2026-07-23T22:03:42+0200,f53b212e-aa3d-41e1-8c2c-be7dde74b504,2026-07-02T06:00:00Z,2026-07-02T08:00:00+0200,2313.76025,MW,BE,BE,actual_solar_generation,Solar,2026-07-23T20:03:55Z
2026-07-23T20:03:42Z,2026-07-23T22:03:42+0200,f53b212e-aa3d-41e1-8c2c-be7dde74b504,2026-07-02T07:00:00Z,2026-07-02T09:00:00+0200,2679.40325,MW,BE,BE,actual_solar_generation,Solar,2026-07-23T20:03:55Z
2026-07-23T20:03:42Z,2026-07-23T22:03:42+0200,f53b212e-aa3d-41e1-8c2c-be7dde74b504,2026-07-02T08:00:00Z,2026-07-02T10:00:00+0200,2282.2005,MW,BE,BE,actual_solar_generation,Solar,2026-07-23T20:03:55Z
2026-07-23T20:03:42Z,2026-07-23T22:03:42+0200,f53b212e-aa3d-41e1-8c2c-be7dde74b504,2026-07-02T09:00:00Z,2026-07-02T11:00:00+0200,1828.93325,MW,BE,BE,actual_solar_generation,Solar,2026-07-23T20:03:55Z
2026-07-23T20:03:42Z,2026-07-23T22:03:42+0200,f53b212e-aa3d-41e1-8c2c-be7dde74b504,2026-07-02T10:00:00Z,2026-07-02T12:00:00+0200,1758.1565,MW,BE,BE,actual_solar_generation,Solar,2026-07-23T20:03:55Z
2026-07-23T20:03:42Z,2026-07-23T22:03:42+0200,f53b212e-aa3d-41e1-8c2c-be7dde74b504,2026-07-02T11:00:00Z,2026-07-02T13:00:00+0200,2217.73675,MW,BE,BE,actual_solar_generation,Solar,2026-07-23T20:03:55Z
2026-07-23T20:03:42Z,2026-07-23T22:03:42+0200,f53b212e-aa3d-41e1-8c2c-be7dde74b504,2026-07-02T12:00:00Z,2026-07-02T14:00:00+0200,2839.84075,MW,BE,BE,actual_solar_generation,Solar,2026-07-23T20:03:55Z
2026-07-23T20:03:42Z,2026-07-23T22:03:42+0200,f53b212e-aa3d-41e1-8c2c-be7dde74b504,2026-07-02T13:00:00Z,2026-07-02T15:00:00+0200,3988.00575,MW,BE,BE,actual_solar_generation,Solar,2026-07-23T20:03:55Z
2026-07-23T20:03:42Z,2026-07-23T22:03:42+0200,f53b212e-aa3d-41e1-8c2c-be7dde74b504,2026-07-02T14:00:00Z,2026-07-02T16:00:00+0200,4256.525,MW,BE,BE,actual_solar_generation,Solar,2026-07-23T20:03:55Z
2026-07-23T20:03:42Z,2026-07-23T22:03:42+0200,f53b212e-aa3d-41e1-8c2c-be7dde74b504,2026-07-02T15:00:00Z,2026-07-02T17:00:00+0200,3931.408,MW,BE,BE,actual_solar_generation,Solar,2026-07-23T20:03:55Z
2026-07-23T20:03:42Z,2026-07-23T22:03:42+0200,f53b212e-aa3d-41e1-8c2c-be7dde74b504,2026-07-02T16:00:00Z,2026-07-02T18:00:00+0200,3026.879,MW,BE,BE,actual_solar_generation,Solar,2026-07-23T20:03:55Z
2026-07-23T20:03:42Z,2026-07-23T22:03:42+0200,f53b212e-aa3d-41e1-8c2c-be7dde74b504,2026-07-02T17:00:00Z,2026-07-02T19:00:00+0200,1812.07725,MW,BE,BE,actual_solar_generation,Solar,2026-07-23T20:03:55Z
2026-07-23T20:03:42Z,2026-07-23T22:03:42+0200,f53b212e-aa3d-41e1-8c2c-be7dde74b504,2026-07-02T18:00:00Z,2026-07-02T20:00:00+0200,825.515,MW,BE,BE,actual_solar_generation,Solar,2026-07-23T20:03:55Z
2026-07-23T20:03:42Z,2026-07-23T22:03:42+0200,f53b212e-aa3d-41e1-8c2c-be7dde74b504,2026-07-02T19:00:00Z,2026-07-02T21:00:00+0200,143.23475,MW,BE,BE,actual_solar_generation,Solar,2026-07-23T20:03:55Z
2026-07-23T20:03:42Z,2026-07-23T22:03:42+0200,f53b212e-aa3d-41e1-8c2c-be7dde74b504,2026-07-02T20:00:00Z,2026-07-02T22:00:00+0200,0.0,MW,BE,BE,actual_solar_generation,Solar,2026-07-23T20:03:55Z
2026-07-23T20:03:42Z,2026-07-23T22:03:42+0200,f53b212e-aa3d-41e1-8c2c-be7dde74b504,2026-07-02T21:00:00Z,2026-07-02T23:00:00+0200,0.0,MW,BE,BE,actual_solar_generation,Solar,2026-07-23T20:03:55Z
2026-07-23T20:03:42Z,2026-07-23T22:03:42+0200,f53b212e-aa3d-41e1-8c2c-be7dde74b504,2026-07-02T22:00:00Z,2026-07-03T00:00:00+0200,0.0,MW,BE,BE,actual_solar_generation,Solar,2026-07-23T20:03:55Z
2026-07-23T20:03:42Z,2026-07-23T22:03:42+0200,f53b212e-aa3d-41e1-8c2c-be7dde74b504,2026-07-02T23:00:00Z,2026-07-03T01:00:00+0200,0.0,MW,BE,BE,actual_solar_generation,Solar,2026-07-23T20:03:55Z
2026-07-23T20:03:42Z,2026-07-23T22:03:42+0200,f53b212e-aa3d-41e1-8c2c-be7dde74b504,2026-07-03T00:00:00Z,2026-07-03T02:00:00+0200,0.0,MW,BE,BE,actual_solar_generation,Solar,2026-07-23T20:03:55Z
2026-07-23T20:03:42Z,2026-07-23T22:03:42+0200,f53b212e-aa3d-41e1-8c2c-be7dde74b504,2026-07-03T01:00:00Z,2026-07-03T03:00:00+0200,0.0,MW,BE,BE,actual_solar_generation,Solar,2026-07-23T20:03:55Z
2026-07-23T20:03:42Z,2026-07-23T22:03:42+0200,f53b212e-aa3d-41e1-8c2c-be7dde74b504,2026-07-03T02:00:00Z,2026-07-03T04:00:00+0200,0.0,MW,BE,BE,actual_solar_generation,Solar,2026-07-23T20:03:55Z
2026-07-23T20:03:42Z,2026-07-23T22:03:42+0200,f53b212e-aa3d-41e1-8c2c-be7dde74b504,2026-07-03T03:00:00Z,2026-07-03T05:00:00+0200,9.59175,MW,BE,BE,actual_solar_generation,Solar,2026-07-23T20:03:55Z
2026-07-23T20:03:42Z,2026-07-23T22:03:42+0200,f53b212e-aa3d-41e1-8c2c-be7dde74b504,2026-07-03T04:00:00Z,2026-07-03T06:00:00+0200,423.10475,MW,BE,BE,actual_solar_generation,Solar,2026-07-23T20:03:55Z
2026-07-23T20:03:42Z,2026-07-23T22:03:42+0200,f53b212e-aa3d-41e1-8c2c-be7dde74b504,2026-07-03T05:00:00Z,2026-07-03T07:00:00+0200,1267.25975,MW,BE,BE,actual_solar_generation,Solar,2026-07-23T20:03:55Z
2026-07-23T20:03:42Z,2026-07-23T22:03:42+0200,f53b212e-aa3d-41e1-8c2c-be7dde74b504,2026-07-03T06:00:00Z,2026-07-03T08:00:00+0200,2514.51125,MW,BE,BE,actual_solar_generation,Solar,2026-07-23T20:03:55Z
2026-07-23T20:03:42Z,2026-07-23T22:03:42+0200,f53b212e-aa3d-41e1-8c2c-be7dde74b504,2026-07-03T07:00:00Z,2026-07-03T09:00:00+0200,3955.3375,MW,BE,BE,actual_solar_generation,Solar,2026-07-23T20:03:55Z
2026-07-23T20:03:42Z,2026-07-23T22:03:42+0200,f53b212e-aa3d-41e1-8c2c-be7dde74b504,2026-07-03T08:00:00Z,2026-07-03T10:00:00+0200,4891.24825,MW,BE,BE,actual_solar_generation,Solar,2026-07-23T20:03:55Z
2026-07-23T20:03:42Z,2026-07-23T22:03:42+0200,f53b212e-aa3d-41e1-8c2c-be7dde74b504,2026-07-03T09:00:00Z,2026-07-03T11:00:00+0200,5906.909,MW,BE,BE,actual_solar_generation,Solar,2026-07-23T20:03:55Z
2026-07-23T20:03:42Z,2026-07-23T22:03:42+0200,f53b212e-aa3d-41e1-8c2c-be7dde74b504,2026-07-03T10:00:00Z,2026-07-03T12:00:00+0200,6730.71725,MW,BE,BE,actual_solar_generation,Solar,2026-07-23T20:03:55Z
2026-07-23T20:03:42Z,2026-07-23T22:03:42+0200,f53b212e-aa3d-41e1-8c2c-be7dde74b504,2026-07-03T11:00:00Z,2026-07-03T13:00:00+0200,7425.582,MW,BE,BE,actual_solar_generation,Solar,2026-07-23T20:03:55Z
2026-07-23T20:03:42Z,2026-07-23T22:03:42+0200,f53b212e-aa3d-41e1-8c2c-be7dde74b504,2026-07-03T12:00:00Z,2026-07-03T14:00:00+0200,7568.739,MW,BE,BE,actual_solar_generation,Solar,2026-07-23T20:03:55Z
2026-07-23T20:03:42Z,2026-07-23T22:03:42+0200,f53b212e-aa3d-41e1-8c2c-be7dde74b504,2026-07-03T13:00:00Z,2026-07-03T15:00:00+0200,7324.65075,MW,BE,BE,actual_solar_generation,Solar,2026-07-23T20:03:55Z
2026-07-23T20:03:42Z,2026-07-23T22:03:42+0200,f53b212e-aa3d-41e1-8c2c-be7dde74b504,2026-07-03T14:00:00Z,2026-07-03T16:00:00+0200,6439.60825,MW,BE,BE,actual_solar_generation,Solar,2026-07-23T20:03:55Z
2026-07-23T20:03:42Z,2026-07-23T22:03:42+0200,f53b212e-aa3d-41e1-8c2c-be7dde74b504,2026-07-03T15:00:00Z,2026-07-03T17:00:00+0200,5063.5945,MW,BE,BE,actual_solar_generation,Solar,2026-07-23T20:03:55Z
2026-07-23T20:03:42Z,2026-07-23T22:03:42+0200,f53b212e-aa3d-41e1-8c2c-be7dde74b504,2026-07-03T16:00:00Z,2026-07-03T18:00:00+0200,3437.46725,MW,BE,BE,actual_solar_generation,Solar,2026-07-23T20:03:55Z
2026-07-23T20:03:42Z,2026-07-23T22:03:42+0200,f53b212e-aa3d-41e1-8c2c-be7dde74b504,2026-07-03T17:00:00Z,2026-07-03T19:00:00+0200,1919.51225,MW,BE,BE,actual_solar_generation,Solar,2026-07-23T20:03:55Z
2026-07-23T20:03:42Z,2026-07-23T22:03:42+0200,f53b212e-aa3d-41e1-8c2c-be7dde74b504,2026-07-03T18:00:00Z,2026-07-03T20:00:00+0200,871.30525,MW,BE,BE,actual_solar_generation,Solar,2026-07-23T20:03:55Z
2026-07-23T20:03:42Z,2026-07-23T22:03:42+0200,f53b212e-aa3d-41e1-8c2c-be7dde74b504,2026-07-03T19:00:00Z,2026-07-03T21:00:00+0200,128.9605,MW,BE,BE,actual_solar_generation,Solar,2026-07-23T20:03:55Z
2026-07-23T20:03:42Z,2026-07-23T22:03:42+0200,f53b212e-aa3d-41e1-8c2c-be7dde74b504,2026-07-03T20:00:00Z,2026-07-03T22:00:00+0200,0.0,MW,BE,BE,actual_solar_generation,Solar,2026-07-23T20:03:55Z
2026-07-23T20:03:42Z,2026-07-23T22:03:42+0200,f53b212e-aa3d-41e1-8c2c-be7dde74b504,2026-07-03T21:00:00Z,2026-07-03T23:00:00+0200,0.0,MW,BE,BE,actual_solar_generation,Solar,2026-07-23T20:03:55Z
2026-07-23T20:03:42Z,2026-07-23T22:03:42+0200,f53b212e-aa3d-41e1-8c2c-be7dde74b504,2026-07-03T22:00:00Z,2026-07-04T00:00:00+0200,0.0,MW,BE,BE,actual_solar_generation,Solar,2026-07-23T20:03:55Z
2026-07-23T20:03:42Z,2026-07-23T22:03:42+0200,f53b212e-aa3d-41e1-8c2c-be7dde74b504,2026-07-03T23:00:00Z,2026-07-04T01:00:00+0200,0.0,MW,BE,BE,actual_solar_generation,Solar,2026-07-23T20:03:55Z
2026-07-23T20:03:42Z,2026-07-23T22:03:42+0200,f53b212e-aa3d-41e1-8c2c-be7dde74b504,2026-07-04T00:00:00Z,2026-07-04T02:00:00+0200,0.0,MW,BE,BE,actual_solar_generation,Solar,2026-07-23T20:03:55Z
2026-07-23T20:03:42Z,2026-07-23T22:03:42+0200,f53b212e-aa3d-41e1-8c2c-be7dde74b504,2026-07-04T01:00:00Z,2026-07-04T03:00:00+0200,0.0,MW,BE,BE,actual_solar_generation,Solar,2026-07-23T20:03:55Z
2026-07-23T20:03:42Z,2026-07-23T22:03:42+0200,f53b212e-aa3d-41e1-8c2c-be7dde74b504,2026-07-04T02:00:00Z,2026-07-04T04:00:00+0200,0.0,MW,BE,BE,actual_solar_generation,Solar,2026-07-23T20:03:55Z
2026-07-23T20:03:42Z,2026-07-23T22:03:42+0200,f53b212e-aa3d-41e1-8c2c-be7dde74b504,2026-07-04T03:00:00Z,2026-07-04T05:00:00+0200,4.973,MW,BE,BE,actual_solar_generation,Solar,2026-07-23T20:03:55Z
2026-07-23T20:03:42Z,2026-07-23T22:03:42+0200,f53b212e-aa3d-41e1-8c2c-be7dde74b504,2026-07-04T04:00:00Z,2026-07-04T06:00:00+0200,333.97725,MW,BE,BE,actual_solar_generation,Solar,2026-07-23T20:03:55Z
2026-07-23T20:03:42Z,2026-07-23T22:03:42+0200,f53b212e-aa3d-41e1-8c2c-be7dde74b504,2026-07-04T05:00:00Z,2026-07-04T07:00:00+0200,1215.516,MW,BE,BE,actual_solar_generation,Solar,2026-07-23T20:03:55Z
2026-07-23T20:03:42Z,2026-07-23T22:03:42+0200,f53b212e-aa3d-41e1-8c2c-be7dde74b504,2026-07-04T06:00:00Z,2026-07-04T08:00:00+0200,2552.02925,MW,BE,BE,actual_solar_generation,Solar,2026-07-23T20:03:55Z
2026-07-23T20:03:42Z,2026-07-23T22:03:42+0200,f53b212e-aa3d-41e1-8c2c-be7dde74b504,2026-07-04T07:00:00Z,2026-07-04T09:00:00+0200,4144.34075,MW,BE,BE,actual_solar_generation,Solar,2026-07-23T20:03:55Z
2026-07-23T20:03:42Z,2026-07-23T22:03:42+0200,f53b212e-aa3d-41e1-8c2c-be7dde74b504,2026-07-04T08:00:00Z,2026-07-04T10:00:00+0200,5753.54,MW,BE,BE,actual_solar_generation,Solar,2026-07-23T20:03:55Z
2026-07-23T20:03:42Z,2026-07-23T22:03:42+0200,f53b212e-aa3d-41e1-8c2c-be7dde74b504,2026-07-04T09:00:00Z,2026-07-04T11:00:00+0200,7097.72525,MW,BE,BE,actual_solar_generation,Solar,2026-07-23T20:03:55Z
2026-07-23T20:03:42Z,2026-07-23T22:03:42+0200,f53b212e-aa3d-41e1-8c2c-be7dde74b504,2026-07-04T10:00:00Z,2026-07-04T12:00:00+0200,7913.4615,MW,BE,BE,actual_solar_generation,Solar,2026-07-23T20:03:55Z
2026-07-23T20:03:42Z,2026-07-23T22:03:42+0200,f53b212e-aa3d-41e1-8c2c-be7dde74b504,2026-07-04T11:00:00Z,2026-07-04T13:00:00+0200,7866.74325,MW,BE,BE,actual_solar_generation,Solar,2026-07-23T20:03:55Z
2026-07-23T20:03:42Z,2026-07-23T22:03:42+0200,f53b212e-aa3d-41e1-8c2c-be7dde74b504,2026-07-04T12:00:00Z,2026-07-04T14:00:00+0200,6783.6885,MW,BE,BE,actual_solar_generation,Solar,2026-07-23T20:03:55Z
2026-07-23T20:03:42Z,2026-07-23T22:03:42+0200,f53b212e-aa3d-41e1-8c2c-be7dde74b504,2026-07-04T13:00:00Z,2026-07-04T15:00:00+0200,5823.59475,MW,BE,BE,actual_solar_generation,Solar,2026-07-23T20:03:55Z
2026-07-23T20:03:42Z,2026-07-23T22:03:42+0200,f53b212e-aa3d-41e1-8c2c-be7dde74b504,2026-07-04T14:00:00Z,2026-07-04T16:00:00+0200,4844.5155,MW,BE,BE,actual_solar_generation,Solar,2026-07-23T20:03:55Z
2026-07-23T20:03:42Z,2026-07-23T22:03:42+0200,f53b212e-aa3d-41e1-8c2c-be7dde74b504,2026-07-04T15:00:00Z,2026-07-04T17:00:00+0200,3588.4965,MW,BE,BE,actual_solar_generation,Solar,2026-07-23T20:03:55Z
2026-07-23T20:03:42Z,2026-07-23T22:03:42+0200,f53b212e-aa3d-41e1-8c2c-be7dde74b504,2026-07-04T16:00:00Z,2026-07-04T18:00:00+0200,2405.21875,MW,BE,BE,actual_solar_generation,Solar,2026-07-23T20:03:55Z
2026-07-23T20:03:42Z,2026-07-23T22:03:42+0200,f53b212e-aa3d-41e1-8c2c-be7dde74b504,2026-07-04T17:00:00Z,2026-07-04T19:00:00+0200,1351.878,MW,BE,BE,actual_solar_generation,Solar,2026-07-23T20:03:55Z
2026-07-23T20:03:42Z,2026-07-23T22:03:42+0200,f53b212e-aa3d-41e1-8c2c-be7dde74b504,2026-07-04T18:00:00Z,2026-07-04T20:00:00+0200,646.02325,MW,BE,BE,actual_solar_generation,Solar,2026-07-23T20:03:55Z
2026-07-23T20:03:42Z,2026-07-23T22:03:42+0200,f53b212e-aa3d-41e1-8c2c-be7dde74b504,2026-07-04T19:00:00Z,2026-07-04T21:00:00+0200,94.51775,MW,BE,BE,actual_solar_generation,Solar,2026-07-23T20:03:55Z
2026-07-23T20:03:42Z,2026-07-23T22:03:42+0200,f53b212e-aa3d-41e1-8c2c-be7dde74b504,2026-07-04T20:00:00Z,2026-07-04T22:00:00+0200,0.0,MW,BE,BE,actual_solar_generation,Solar,2026-07-23T20:03:55Z
2026-07-23T20:03:42Z,2026-07-23T22:03:42+0200,f53b212e-aa3d-41e1-8c2c-be7dde74b504,2026-07-04T21:00:00Z,2026-07-04T23:00:00+0200,0.0,MW,BE,BE,actual_solar_generation,Solar,2026-07-23T20:03:55Z
2026-07-23T20:03:42Z,2026-07-23T22:03:42+0200,f53b212e-aa3d-41e1-8c2c-be7dde74b504,2026-07-04T22:00:00Z,2026-07-05T00:00:00+0200,0.0,MW,BE,BE,actual_solar_generation,Solar,2026-07-23T20:03:55Z
2026-07-23T20:03:42Z,2026-07-23T22:03:42+0200,f53b212e-aa3d-41e1-8c2c-be7dde74b504,2026-07-04T23:00:00Z,2026-07-05T01:00:00+0200,0.0,MW,BE,BE,actual_solar_generation,Solar,2026-07-23T20:03:55Z
2026-07-23T20:03:42Z,2026-07-23T22:03:42+0200,f53b212e-aa3d-41e1-8c2c-be7dde74b504,2026-07-05T00:00:00Z,2026-07-05T02:00:00+0200,0.0,MW,BE,BE,actual_solar_generation,Solar,2026-07-23T20:03:55Z
2026-07-23T20:03:42Z,2026-07-23T22:03:42+0200,f53b212e-aa3d-41e1-8c2c-be7dde74b504,2026-07-05T01:00:00Z,2026-07-05T03:00:00+0200,0.0,MW,BE,BE,actual_solar_generation,Solar,2026-07-23T20:03:55Z
2026-07-23T20:03:42Z,2026-07-23T22:03:42+0200,f53b212e-aa3d-41e1-8c2c-be7dde74b504,2026-07-05T02:00:00Z,2026-07-05T04:00:00+0200,0.0,MW,BE,BE,actual_solar_generation,Solar,2026-07-23T20:03:55Z
2026-07-23T20:03:42Z,2026-07-23T22:03:42+0200,f53b212e-aa3d-41e1-8c2c-be7dde74b504,2026-07-05T03:00:00Z,2026-07-05T05:00:00+0200,3.49275,MW,BE,BE,actual_solar_generation,Solar,2026-07-23T20:03:55Z
2026-07-23T20:03:42Z,2026-07-23T22:03:42+0200,f53b212e-aa3d-41e1-8c2c-be7dde74b504,2026-07-05T04:00:00Z,2026-07-05T06:00:00+0200,256.52,MW,BE,BE,actual_solar_generation,Solar,2026-07-23T20:03:55Z
2026-07-23T20:03:42Z,2026-07-23T22:03:42+0200,f53b212e-aa3d-41e1-8c2c-be7dde74b504,2026-07-05T05:00:00Z,2026-07-05T07:00:00+0200,961.483,MW,BE,BE,actual_solar_generation,Solar,2026-07-23T20:03:55Z
2026-07-23T20:03:42Z,2026-07-23T22:03:42+0200,f53b212e-aa3d-41e1-8c2c-be7dde74b504,2026-07-05T06:00:00Z,2026-07-05T08:00:00+0200,1789.87825,MW,BE,BE,actual_solar_generation,Solar,2026-07-23T20:03:55Z
2026-07-23T20:03:42Z,2026-07-23T22:03:42+0200,f53b212e-aa3d-41e1-8c2c-be7dde74b504,2026-07-05T07:00:00Z,2026-07-05T09:00:00+0200,2219.22,MW,BE,BE,actual_solar_generation,Solar,2026-07-23T20:03:55Z
2026-07-23T20:03:42Z,2026-07-23T22:03:42+0200,f53b212e-aa3d-41e1-8c2c-be7dde74b504,2026-07-05T08:00:00Z,2026-07-05T10:00:00+0200,2453.6085,MW,BE,BE,actual_solar_generation,Solar,2026-07-23T20:03:55Z
2026-07-23T20:03:42Z,2026-07-23T22:03:42+0200,f53b212e-aa3d-41e1-8c2c-be7dde74b504,2026-07-05T09:00:00Z,2026-07-05T11:00:00+0200,2732.498,MW,BE,BE,actual_solar_generation,Solar,2026-07-23T20:03:55Z
2026-07-23T20:03:42Z,2026-07-23T22:03:42+0200,f53b212e-aa3d-41e1-8c2c-be7dde74b504,2026-07-05T10:00:00Z,2026-07-05T12:00:00+0200,3164.96475,MW,BE,BE,actual_solar_generation,Solar,2026-07-23T20:03:55Z
2026-07-23T20:03:42Z,2026-07-23T22:03:42+0200,f53b212e-aa3d-41e1-8c2c-be7dde74b504,2026-07-05T11:00:00Z,2026-07-05T13:00:00+0200,3376.23825,MW,BE,BE,actual_solar_generation,Solar,2026-07-23T20:03:55Z
2026-07-23T20:03:42Z,2026-07-23T22:03:42+0200,f53b212e-aa3d-41e1-8c2c-be7dde74b504,2026-07-05T12:00:00Z,2026-07-05T14:00:00+0200,3987.5385,MW,BE,BE,actual_solar_generation,Solar,2026-07-23T20:03:55Z
2026-07-23T20:03:42Z,2026-07-23T22:03:42+0200,f53b212e-aa3d-41e1-8c2c-be7dde74b504,2026-07-05T13:00:00Z,2026-07-05T15:00:00+0200,4275.2315,MW,BE,BE,actual_solar_generation,Solar,2026-07-23T20:03:55Z
2026-07-23T20:03:42Z,2026-07-23T22:03:42+0200,f53b212e-aa3d-41e1-8c2c-be7dde74b504,2026-07-05T14:00:00Z,2026-07-05T16:00:00+0200,4232.92,MW,BE,BE,actual_solar_generation,Solar,2026-07-23T20:03:55Z
2026-07-23T20:03:42Z,2026-07-23T22:03:42+0200,f53b212e-aa3d-41e1-8c2c-be7dde74b504,2026-07-05T15:00:00Z,2026-07-05T17:00:00+0200,3492.31075,MW,BE,BE,actual_solar_generation,Solar,2026-07-23T20:03:55Z
2026-07-23T20:03:42Z,2026-07-23T22:03:42+0200,f53b212e-aa3d-41e1-8c2c-be7dde74b504,2026-07-05T16:00:00Z,2026-07-05T18:00:00+0200,2540.38625,MW,BE,BE,actual_solar_generation,Solar,2026-07-23T20:03:55Z
2026-07-23T20:03:42Z,2026-07-23T22:03:42+0200,f53b212e-aa3d-41e1-8c2c-be7dde74b504,2026-07-05T17:00:00Z,2026-07-05T19:00:00+0200,1501.3845,MW,BE,BE,actual_solar_generation,Solar,2026-07-23T20:03:55Z
2026-07-23T20:03:42Z,2026-07-23T22:03:42+0200,f53b212e-aa3d-41e1-8c2c-be7dde74b504,2026-07-05T18:00:00Z,2026-07-05T20:00:00+0200,511.93125,MW,BE,BE,actual_solar_generation,Solar,2026-07-23T20:03:55Z
2026-07-23T20:03:42Z,2026-07-23T22:03:42+0200,f53b212e-aa3d-41e1-8c2c-be7dde74b504,2026-07-05T19:00:00Z,2026-07-05T21:00:00+0200,71.29,MW,BE,BE,actual_solar_generation,Solar,2026-07-23T20:03:55Z
2026-07-23T20:03:42Z,2026-07-23T22:03:42+0200,f53b212e-aa3d-41e1-8c2c-be7dde74b504,2026-07-05T20:00:00Z,2026-07-05T22:00:00+0200,0.0,MW,BE,BE,actual_solar_generation,Solar,2026-07-23T20:03:55Z
2026-07-23T20:03:42Z,2026-07-23T22:03:42+0200,f53b212e-aa3d-41e1-8c2c-be7dde74b504,2026-07-05T21:00:00Z,2026-07-05T23:00:00+0200,0.0,MW,BE,BE,actual_solar_generation,Solar,2026-07-23T20:03:55Z
2026-07-23T20:03:42Z,2026-07-23T22:03:42+0200,f53b212e-aa3d-41e1-8c2c-be7dde74b504,2026-07-05T22:00:00Z,2026-07-06T00:00:00+0200,0.0,MW,BE,BE,actual_solar_generation,Solar,2026-07-23T20:03:55Z
2026-07-23T20:03:42Z,2026-07-23T22:03:42+0200,f53b212e-aa3d-41e1-8c2c-be7dde74b504,2026-07-05T23:00:00Z,2026-07-06T01:00:00+0200,0.0,MW,BE,BE,actual_solar_generation,Solar,2026-07-23T20:03:55Z
2026-07-23T20:03:42Z,2026-07-23T22:03:42+0200,f53b212e-aa3d-41e1-8c2c-be7dde74b504,2026-07-06T00:00:00Z,2026-07-06T02:00:00+0200,0.0,MW,BE,BE,actual_solar_generation,Solar,2026-07-23T20:03:55Z
2026-07-23T20:03:42Z,2026-07-23T22:03:42+0200,f53b212e-aa3d-41e1-8c2c-be7dde74b504,2026-07-06T01:00:00Z,2026-07-06T03:00:00+0200,0.0,MW,BE,BE,actual_solar_generation,Solar,2026-07-23T20:03:55Z
2026-07-23T20:03:42Z,2026-07-23T22:03:42+0200,f53b212e-aa3d-41e1-8c2c-be7dde74b504,2026-07-06T02:00:00Z,2026-07-06T04:00:00+0200,0.0,MW,BE,BE,actual_solar_generation,Solar,2026-07-23T20:03:55Z
2026-07-23T20:03:42Z,2026-07-23T22:03:42+0200,f53b212e-aa3d-41e1-8c2c-be7dde74b504,2026-07-06T03:00:00Z,2026-07-06T05:00:00+0200,10.806,MW,BE,BE,actual_solar_generation,Solar,2026-07-23T20:03:55Z
2026-07-23T20:03:42Z,2026-07-23T22:03:42+0200,f53b212e-aa3d-41e1-8c2c-be7dde74b504,2026-07-06T04:00:00Z,2026-07-06T06:00:00+0200,303.737,MW,BE,BE,actual_solar_generation,Solar,2026-07-23T20:03:55Z
2026-07-23T20:03:42Z,2026-07-23T22:03:42+0200,f53b212e-aa3d-41e1-8c2c-be7dde74b504,2026-07-06T05:00:00Z,2026-07-06T07:00:00+0200,952.80975,MW,BE,BE,actual_solar_generation,Solar,2026-07-23T20:03:55Z
2026-07-23T20:03:42Z,2026-07-23T22:03:42+0200,f53b212e-aa3d-41e1-8c2c-be7dde74b504,2026-07-06T06:00:00Z,2026-07-06T08:00:00+0200,2003.648,MW,BE,BE,actual_solar_generation,Solar,2026-07-23T20:03:55Z
2026-07-23T20:03:42Z,2026-07-23T22:03:42+0200,f53b212e-aa3d-41e1-8c2c-be7dde74b504,2026-07-06T07:00:00Z,2026-07-06T09:00:00+0200,3405.04475,MW,BE,BE,actual_solar_generation,Solar,2026-07-23T20:03:55Z
2026-07-23T20:03:42Z,2026-07-23T22:03:42+0200,f53b212e-aa3d-41e1-8c2c-be7dde74b504,2026-07-06T08:00:00Z,2026-07-06T10:00:00+0200,4951.85275,MW,BE,BE,actual_solar_generation,Solar,2026-07-23T20:03:55Z
2026-07-23T20:03:42Z,2026-07-23T22:03:42+0200,f53b212e-aa3d-41e1-8c2c-be7dde74b504,2026-07-06T09:00:00Z,2026-07-06T11:00:00+0200,6266.3875,MW,BE,BE,actual_solar_generation,Solar,2026-07-23T20:03:55Z
2026-07-23T20:03:42Z,2026-07-23T22:03:42+0200,f53b212e-aa3d-41e1-8c2c-be7dde74b504,2026-07-06T10:00:00Z,2026-07-06T12:00:00+0200,7009.591,MW,BE,BE,actual_solar_generation,Solar,2026-07-23T20:03:55Z
2026-07-23T20:03:42Z,2026-07-23T22:03:42+0200,f53b212e-aa3d-41e1-8c2c-be7dde74b504,2026-07-06T11:00:00Z,2026-07-06T13:00:00+0200,7483.45275,MW,BE,BE,actual_solar_generation,Solar,2026-07-23T20:03:55Z
2026-07-23T20:03:42Z,2026-07-23T22:03:42+0200,f53b212e-aa3d-41e1-8c2c-be7dde74b504,2026-07-06T12:00:00Z,2026-07-06T14:00:00+0200,7715.0105,MW,BE,BE,actual_solar_generation,Solar,2026-07-23T20:03:55Z
2026-07-23T20:03:42Z,2026-07-23T22:03:42+0200,f53b212e-aa3d-41e1-8c2c-be7dde74b504,2026-07-06T13:00:00Z,2026-07-06T15:00:00+0200,7188.14225,MW,BE,BE,actual_solar_generation,Solar,2026-07-23T20:03:55Z
2026-07-23T20:03:42Z,2026-07-23T22:03:42+0200,f53b212e-aa3d-41e1-8c2c-be7dde74b504,2026-07-06T14:00:00Z,2026-07-06T16:00:00+0200,5943.89,MW,BE,BE,actual_solar_generation,Solar,2026-07-23T20:03:55Z
2026-07-23T20:03:42Z,2026-07-23T22:03:42+0200,f53b212e-aa3d-41e1-8c2c-be7dde74b504,2026-07-06T15:00:00Z,2026-07-06T17:00:00+0200,4704.106,MW,BE,BE,actual_solar_generation,Solar,2026-07-23T20:03:55Z
2026-07-23T20:03:42Z,2026-07-23T22:03:42+0200,f53b212e-aa3d-41e1-8c2c-be7dde74b504,2026-07-06T16:00:00Z,2026-07-06T18:00:00+0200,3294.5045,MW,BE,BE,actual_solar_generation,Solar,2026-07-23T20:03:55Z
2026-07-23T20:03:42Z,2026-07-23T22:03:42+0200,f53b212e-aa3d-41e1-8c2c-be7dde74b504,2026-07-06T17:00:00Z,2026-07-06T19:00:00+0200,1837.8345,MW,BE,BE,actual_solar_generation,Solar,2026-07-23T20:03:55Z
2026-07-23T20:03:42Z,2026-07-23T22:03:42+0200,f53b212e-aa3d-41e1-8c2c-be7dde74b504,2026-07-06T18:00:00Z,2026-07-06T20:00:00+0200,728.65275,MW,BE,BE,actual_solar_generation,Solar,2026-07-23T20:03:55Z
2026-07-23T20:03:42Z,2026-07-23T22:03:42+0200,f53b212e-aa3d-41e1-8c2c-be7dde74b504,2026-07-06T19:00:00Z,2026-07-06T21:00:00+0200,96.249,MW,BE,BE,actual_solar_generation,Solar,2026-07-23T20:03:55Z
2026-07-23T20:03:42Z,2026-07-23T22:03:42+0200,f53b212e-aa3d-41e1-8c2c-be7dde74b504,2026-07-06T20:00:00Z,2026-07-06T22:00:00+0200,0.0,MW,BE,BE,actual_solar_generation,Solar,2026-07-23T20:03:55Z
2026-07-23T20:03:42Z,2026-07-23T22:03:42+0200,f53b212e-aa3d-41e1-8c2c-be7dde74b504,2026-07-06T21:00:00Z,2026-07-06T23:00:00+0200,0.0,MW,BE,BE,actual_solar_generation,Solar,2026-07-23T20:03:55Z
2026-07-23T20:03:42Z,2026-07-23T22:03:42+0200,f53b212e-aa3d-41e1-8c2c-be7dde74b504,2026-07-06T22:00:00Z,2026-07-07T00:00:00+0200,0.0,MW,BE,BE,actual_solar_generation,Solar,2026-07-23T20:03:55Z
2026-07-23T20:03:42Z,2026-07-23T22:03:42+0200,f53b212e-aa3d-41e1-8c2c-be7dde74b504,2026-07-06T23:00:00Z,2026-07-07T01:00:00+0200,0.0,MW,BE,BE,actual_solar_generation,Solar,2026-07-23T20:03:55Z
2026-07-23T20:03:42Z,2026-07-23T22:03:42+0200,f53b212e-aa3d-41e1-8c2c-be7dde74b504,2026-07-07T00:00:00Z,2026-07-07T02:00:00+0200,0.0,MW,BE,BE,actual_solar_generation,Solar,2026-07-23T20:03:55Z
2026-07-23T20:03:42Z,2026-07-23T22:03:42+0200,f53b212e-aa3d-41e1-8c2c-be7dde74b504,2026-07-07T01:00:00Z,2026-07-07T03:00:00+0200,0.0,MW,BE,BE,actual_solar_generation,Solar,2026-07-23T20:03:55Z
2026-07-23T20:03:42Z,2026-07-23T22:03:42+0200,f53b212e-aa3d-41e1-8c2c-be7dde74b504,2026-07-07T02:00:00Z,2026-07-07T04:00:00+0200,0.0,MW,BE,BE,actual_solar_generation,Solar,2026-07-23T20:03:55Z
2026-07-23T20:03:42Z,2026-07-23T22:03:42+0200,f53b212e-aa3d-41e1-8c2c-be7dde74b504,2026-07-07T03:00:00Z,2026-07-07T05:00:00+0200,1.49775,MW,BE,BE,actual_solar_generation,Solar,2026-07-23T20:03:55Z
2026-07-23T20:03:42Z,2026-07-23T22:03:42+0200,f53b212e-aa3d-41e1-8c2c-be7dde74b504,2026-07-07T04:00:00Z,2026-07-07T06:00:00+0200,221.94225,MW,BE,BE,actual_solar_generation,Solar,2026-07-23T20:03:55Z
2026-07-23T20:03:42Z,2026-07-23T22:03:42+0200,f53b212e-aa3d-41e1-8c2c-be7dde74b504,2026-07-07T05:00:00Z,2026-07-07T07:00:00+0200,880.7,MW,BE,BE,actual_solar_generation,Solar,2026-07-23T20:03:55Z
2026-07-23T20:03:42Z,2026-07-23T22:03:42+0200,f53b212e-aa3d-41e1-8c2c-be7dde74b504,2026-07-07T06:00:00Z,2026-07-07T08:00:00+0200,1923.76325,MW,BE,BE,actual_solar_generation,Solar,2026-07-23T20:03:55Z
2026-07-23T20:03:42Z,2026-07-23T22:03:42+0200,f53b212e-aa3d-41e1-8c2c-be7dde74b504,2026-07-07T07:00:00Z,2026-07-07T09:00:00+0200,3497.4415,MW,BE,BE,actual_solar_generation,Solar,2026-07-23T20:03:55Z
2026-07-23T20:03:42Z,2026-07-23T22:03:42+0200,f53b212e-aa3d-41e1-8c2c-be7dde74b504,2026-07-07T08:00:00Z,2026-07-07T10:00:00+0200,5049.67875,MW,BE,BE,actual_solar_generation,Solar,2026-07-23T20:03:55Z
2026-07-23T20:03:42Z,2026-07-23T22:03:42+0200,f53b212e-aa3d-41e1-8c2c-be7dde74b504,2026-07-07T09:00:00Z,2026-07-07T11:00:00+0200,6169.8015,MW,BE,BE,actual_solar_generation,Solar,2026-07-23T20:03:55Z
2026-07-23T20:03:42Z,2026-07-23T22:03:42+0200,f53b212e-aa3d-41e1-8c2c-be7dde74b504,2026-07-07T10:00:00Z,2026-07-07T12:00:00+0200,7234.2655,MW,BE,BE,actual_solar_generation,Solar,2026-07-23T20:03:55Z
2026-07-23T20:03:42Z,2026-07-23T22:03:42+0200,f53b212e-aa3d-41e1-8c2c-be7dde74b504,2026-07-07T11:00:00Z,2026-07-07T13:00:00+0200,7518.05175,MW,BE,BE,actual_solar_generation,Solar,2026-07-23T20:03:55Z
2026-07-23T20:03:42Z,2026-07-23T22:03:42+0200,f53b212e-aa3d-41e1-8c2c-be7dde74b504,2026-07-07T12:00:00Z,2026-07-07T14:00:00+0200,6937.6365,MW,BE,BE,actual_solar_generation,Solar,2026-07-23T20:03:55Z
2026-07-23T20:03:42Z,2026-07-23T22:03:42+0200,f53b212e-aa3d-41e1-8c2c-be7dde74b504,2026-07-07T13:00:00Z,2026-07-07T15:00:00+0200,5714.00925,MW,BE,BE,actual_solar_generation,Solar,2026-07-23T20:03:55Z
2026-07-23T20:03:42Z,2026-07-23T22:03:42+0200,f53b212e-aa3d-41e1-8c2c-be7dde74b504,2026-07-07T14:00:00Z,2026-07-07T16:00:00+0200,5708.05825,MW,BE,BE,actual_solar_generation,Solar,2026-07-23T20:03:55Z
2026-07-23T20:03:42Z,2026-07-23T22:03:42+0200,f53b212e-aa3d-41e1-8c2c-be7dde74b504,2026-07-07T15:00:00Z,2026-07-07T17:00:00+0200,4671.7015,MW,BE,BE,actual_solar_generation,Solar,2026-07-23T20:03:55Z
2026-07-23T20:03:42Z,2026-07-23T22:03:42+0200,f53b212e-aa3d-41e1-8c2c-be7dde74b504,2026-07-07T16:00:00Z,2026-07-07T18:00:00+0200,3160.52825,MW,BE,BE,actual_solar_generation,Solar,2026-07-23T20:03:55Z
2026-07-23T20:03:42Z,2026-07-23T22:03:42+0200,f53b212e-aa3d-41e1-8c2c-be7dde74b504,2026-07-07T17:00:00Z,2026-07-07T19:00:00+0200,1730.78825,MW,BE,BE,actual_solar_generation,Solar,2026-07-23T20:03:55Z
2026-07-23T20:03:42Z,2026-07-23T22:03:42+0200,f53b212e-aa3d-41e1-8c2c-be7dde74b504,2026-07-07T18:00:00Z,2026-07-07T20:00:00+0200,747.34875,MW,BE,BE,actual_solar_generation,Solar,2026-07-23T20:03:55Z
2026-07-23T20:03:42Z,2026-07-23T22:03:42+0200,f53b212e-aa3d-41e1-8c2c-be7dde74b504,2026-07-07T19:00:00Z,2026-07-07T21:00:00+0200,113.4435,MW,BE,BE,actual_solar_generation,Solar,2026-07-23T20:03:55Z
2026-07-23T20:03:42Z,2026-07-23T22:03:42+0200,f53b212e-aa3d-41e1-8c2c-be7dde74b504,2026-07-07T20:00:00Z,2026-07-07T22:00:00+0200,0.00275,MW,BE,BE,actual_solar_generation,Solar,2026-07-23T20:03:55Z
2026-07-23T20:03:42Z,2026-07-23T22:03:42+0200,f53b212e-aa3d-41e1-8c2c-be7dde74b504,2026-07-07T21:00:00Z,2026-07-07T23:00:00+0200,0.0,MW,BE,BE,actual_solar_generation,Solar,2026-07-23T20:03:55Z
2026-07-23T20:03:42Z,2026-07-23T22:03:42+0200,f53b212e-aa3d-41e1-8c2c-be7dde74b504,2026-07-07T22:00:00Z,2026-07-08T00:00:00+0200,0.0,MW,BE,BE,actual_solar_generation,Solar,2026-07-23T20:03:55Z
2026-07-23T20:03:42Z,2026-07-23T22:03:42+0200,f53b212e-aa3d-41e1-8c2c-be7dde74b504,2026-07-07T23:00:00Z,2026-07-08T01:00:00+0200,0.0,MW,BE,BE,actual_solar_generation,Solar,2026-07-23T20:03:55Z
2026-07-23T20:03:42Z,2026-07-23T22:03:42+0200,f53b212e-aa3d-41e1-8c2c-be7dde74b504,2026-07-08T00:00:00Z,2026-07-08T02:00:00+0200,0.0,MW,BE,BE,actual_solar_generation,Solar,2026-07-23T20:03:55Z
2026-07-23T20:03:42Z,2026-07-23T22:03:42+0200,f53b212e-aa3d-41e1-8c2c-be7dde74b504,2026-07-08T01:00:00Z,2026-07-08T03:00:00+0200,0.0,MW,BE,BE,actual_solar_generation,Solar,2026-07-23T20:03:55Z
2026-07-23T20:03:42Z,2026-07-23T22:03:42+0200,f53b212e-aa3d-41e1-8c2c-be7dde74b504,2026-07-08T02:00:00Z,2026-07-08T04:00:00+0200,0.0,MW,BE,BE,actual_solar_generation,Solar,2026-07-23T20:03:55Z
2026-07-23T20:03:42Z,2026-07-23T22:03:42+0200,f53b212e-aa3d-41e1-8c2c-be7dde74b504,2026-07-08T03:00:00Z,2026-07-08T05:00:00+0200,0.23525,MW,BE,BE,actual_solar_generation,Solar,2026-07-23T20:03:55Z
2026-07-23T20:03:42Z,2026-07-23T22:03:42+0200,f53b212e-aa3d-41e1-8c2c-be7dde74b504,2026-07-08T04:00:00Z,2026-07-08T06:00:00+0200,185.97525,MW,BE,BE,actual_solar_generation,Solar,2026-07-23T20:03:55Z
2026-07-23T20:03:42Z,2026-07-23T22:03:42+0200,f53b212e-aa3d-41e1-8c2c-be7dde74b504,2026-07-08T05:00:00Z,2026-07-08T07:00:00+0200,711.546,MW,BE,BE,actual_solar_generation,Solar,2026-07-23T20:03:55Z
2026-07-23T20:03:42Z,2026-07-23T22:03:42+0200,f53b212e-aa3d-41e1-8c2c-be7dde74b504,2026-07-08T06:00:00Z,2026-07-08T08:00:00+0200,1574.857,MW,BE,BE,actual_solar_generation,Solar,2026-07-23T20:03:55Z
2026-07-23T20:03:42Z,2026-07-23T22:03:42+0200,f53b212e-aa3d-41e1-8c2c-be7dde74b504,2026-07-08T07:00:00Z,2026-07-08T09:00:00+0200,3016.4655,MW,BE,BE,actual_solar_generation,Solar,2026-07-23T20:03:55Z
2026-07-23T20:03:42Z,2026-07-23T22:03:42+0200,f53b212e-aa3d-41e1-8c2c-be7dde74b504,2026-07-08T08:00:00Z,2026-07-08T10:00:00+0200,4473.57075,MW,BE,BE,actual_solar_generation,Solar,2026-07-23T20:03:55Z
2026-07-23T20:03:42Z,2026-07-23T22:03:42+0200,f53b212e-aa3d-41e1-8c2c-be7dde74b504,2026-07-08T09:00:00Z,2026-07-08T11:00:00+0200,4714.1275,MW,BE,BE,actual_solar_generation,Solar,2026-07-23T20:03:55Z
2026-07-23T20:03:42Z,2026-07-23T22:03:42+0200,f53b212e-aa3d-41e1-8c2c-be7dde74b504,2026-07-08T10:00:00Z,2026-07-08T12:00:00+0200,5123.1295,MW,BE,BE,actual_solar_generation,Solar,2026-07-23T20:03:55Z
2026-07-23T20:03:42Z,2026-07-23T22:03:42+0200,f53b212e-aa3d-41e1-8c2c-be7dde74b504,2026-07-08T11:00:00Z,2026-07-08T13:00:00+0200,5537.57625,MW,BE,BE,actual_solar_generation,Solar,2026-07-23T20:03:55Z
2026-07-23T20:03:42Z,2026-07-23T22:03:42+0200,f53b212e-aa3d-41e1-8c2c-be7dde74b504,2026-07-08T12:00:00Z,2026-07-08T14:00:00+0200,5717.49475,MW,BE,BE,actual_solar_generation,Solar,2026-07-23T20:03:55Z
2026-07-23T20:03:42Z,2026-07-23T22:03:42+0200,f53b212e-aa3d-41e1-8c2c-be7dde74b504,2026-07-08T13:00:00Z,2026-07-08T15:00:00+0200,5648.237,MW,BE,BE,actual_solar_generation,Solar,2026-07-23T20:03:55Z
2026-07-23T20:03:42Z,2026-07-23T22:03:42+0200,f53b212e-aa3d-41e1-8c2c-be7dde74b504,2026-07-08T14:00:00Z,2026-07-08T16:00:00+0200,5363.321,MW,BE,BE,actual_solar_generation,Solar,2026-07-23T20:03:55Z
2026-07-23T20:03:42Z,2026-07-23T22:03:42+0200,f53b212e-aa3d-41e1-8c2c-be7dde74b504,2026-07-08T15:00:00Z,2026-07-08T17:00:00+0200,4604.668,MW,BE,BE,actual_solar_generation,Solar,2026-07-23T20:03:55Z
2026-07-23T20:03:42Z,2026-07-23T22:03:42+0200,f53b212e-aa3d-41e1-8c2c-be7dde74b504,2026-07-08T16:00:00Z,2026-07-08T18:00:00+0200,3289.218,MW,BE,BE,actual_solar_generation,Solar,2026-07-23T20:03:55Z
2026-07-23T20:03:42Z,2026-07-23T22:03:42+0200,f53b212e-aa3d-41e1-8c2c-be7dde74b504,2026-07-08T17:00:00Z,2026-07-08T19:00:00+0200,1636.4905,MW,BE,BE,actual_solar_generation,Solar,2026-07-23T20:03:55Z
2026-07-23T20:03:42Z,2026-07-23T22:03:42+0200,f53b212e-aa3d-41e1-8c2c-be7dde74b504,2026-07-08T18:00:00Z,2026-07-08T20:00:00+0200,550.076,MW,BE,BE,actual_solar_generation,Solar,2026-07-23T20:03:55Z
2026-07-23T20:03:42Z,2026-07-23T22:03:42+0200,f53b212e-aa3d-41e1-8c2c-be7dde74b504,2026-07-08T19:00:00Z,2026-07-08T21:00:00+0200,129.75375,MW,BE,BE,actual_solar_generation,Solar,2026-07-23T20:03:55Z
2026-07-23T20:03:42Z,2026-07-23T22:03:42+0200,f53b212e-aa3d-41e1-8c2c-be7dde74b504,2026-07-08T20:00:00Z,2026-07-08T22:00:00+0200,0.0,MW,BE,BE,actual_solar_generation,Solar,2026-07-23T20:03:55Z
2026-07-23T20:03:42Z,2026-07-23T22:03:42+0200,f53b212e-aa3d-41e1-8c2c-be7dde74b504,2026-07-08T21:00:00Z,2026-07-08T23:00:00+0200,0.0,MW,BE,BE,actual_solar_generation,Solar,2026-07-23T20:03:55Z
2026-07-23T20:03:42Z,2026-07-23T22:03:42+0200,f53b212e-aa3d-41e1-8c2c-be7dde74b504,2026-07-08T22:00:00Z,2026-07-09T00:00:00+0200,0.0,MW,BE,BE,actual_solar_generation,Solar,2026-07-23T20:03:55Z
2026-07-23T20:03:42Z,2026-07-23T22:03:42+0200,f53b212e-aa3d-41e1-8c2c-be7dde74b504,2026-07-08T23:00:00Z,2026-07-09T01:00:00+0200,0.0,MW,BE,BE,actual_solar_generation,Solar,2026-07-23T20:03:55Z
2026-07-23T20:03:42Z,2026-07-23T22:03:42+0200,f53b212e-aa3d-41e1-8c2c-be7dde74b504,2026-07-09T00:00:00Z,2026-07-09T02:00:00+0200,0.0,MW,BE,BE,actual_solar_generation,Solar,2026-07-23T20:03:55Z
2026-07-23T20:03:42Z,2026-07-23T22:03:42+0200,f53b212e-aa3d-41e1-8c2c-be7dde74b504,2026-07-09T01:00:00Z,2026-07-09T03:00:00+0200,0.0,MW,BE,BE,actual_solar_generation,Solar,2026-07-23T20:03:55Z
2026-07-23T20:03:42Z,2026-07-23T22:03:42+0200,f53b212e-aa3d-41e1-8c2c-be7dde74b504,2026-07-09T02:00:00Z,2026-07-09T04:00:00+0200,0.0,MW,BE,BE,actual_solar_generation,Solar,2026-07-23T20:03:55Z
2026-07-23T20:03:42Z,2026-07-23T22:03:42+0200,f53b212e-aa3d-41e1-8c2c-be7dde74b504,2026-07-09T03:00:00Z,2026-07-09T05:00:00+0200,10.811,MW,BE,BE,actual_solar_generation,Solar,2026-07-23T20:03:55Z
2026-07-23T20:03:42Z,2026-07-23T22:03:42+0200,f53b212e-aa3d-41e1-8c2c-be7dde74b504,2026-07-09T04:00:00Z,2026-07-09T06:00:00+0200,266.545,MW,BE,BE,actual_solar_generation,Solar,2026-07-23T20:03:55Z
2026-07-23T20:03:42Z,2026-07-23T22:03:42+0200,f53b212e-aa3d-41e1-8c2c-be7dde74b504,2026-07-09T05:00:00Z,2026-07-09T07:00:00+0200,831.28825,MW,BE,BE,actual_solar_generation,Solar,2026-07-23T20:03:55Z
2026-07-23T20:03:42Z,2026-07-23T22:03:42+0200,f53b212e-aa3d-41e1-8c2c-be7dde74b504,2026-07-09T06:00:00Z,2026-07-09T08:00:00+0200,2351.98225,MW,BE,BE,actual_solar_generation,Solar,2026-07-23T20:03:55Z
2026-07-23T20:03:42Z,2026-07-23T22:03:42+0200,f53b212e-aa3d-41e1-8c2c-be7dde74b504,2026-07-09T07:00:00Z,2026-07-09T09:00:00+0200,4236.7765,MW,BE,BE,actual_solar_generation,Solar,2026-07-23T20:03:55Z
2026-07-23T20:03:42Z,2026-07-23T22:03:42+0200,f53b212e-aa3d-41e1-8c2c-be7dde74b504,2026-07-09T08:00:00Z,2026-07-09T10:00:00+0200,5631.36225,MW,BE,BE,actual_solar_generation,Solar,2026-07-23T20:03:55Z
2026-07-23T20:03:42Z,2026-07-23T22:03:42+0200,f53b212e-aa3d-41e1-8c2c-be7dde74b504,2026-07-09T09:00:00Z,2026-07-09T11:00:00+0200,6625.313,MW,BE,BE,actual_solar_generation,Solar,2026-07-23T20:03:55Z
2026-07-23T20:03:42Z,2026-07-23T22:03:42+0200,f53b212e-aa3d-41e1-8c2c-be7dde74b504,2026-07-09T10:00:00Z,2026-07-09T12:00:00+0200,7427.63825,MW,BE,BE,actual_solar_generation,Solar,2026-07-23T20:03:55Z
2026-07-23T20:03:42Z,2026-07-23T22:03:42+0200,f53b212e-aa3d-41e1-8c2c-be7dde74b504,2026-07-09T11:00:00Z,2026-07-09T13:00:00+0200,7921.61925,MW,BE,BE,actual_solar_generation,Solar,2026-07-23T20:03:55Z
2026-07-23T20:03:42Z,2026-07-23T22:03:42+0200,f53b212e-aa3d-41e1-8c2c-be7dde74b504,2026-07-09T12:00:00Z,2026-07-09T14:00:00+0200,7917.16575,MW,BE,BE,actual_solar_generation,Solar,2026-07-23T20:03:55Z
2026-07-23T20:03:42Z,2026-07-23T22:03:42+0200,f53b212e-aa3d-41e1-8c2c-be7dde74b504,2026-07-09T13:00:00Z,2026-07-09T15:00:00+0200,7365.6235,MW,BE,BE,actual_solar_generation,Solar,2026-07-23T20:03:55Z
2026-07-23T20:03:42Z,2026-07-23T22:03:42+0200,f53b212e-aa3d-41e1-8c2c-be7dde74b504,2026-07-09T14:00:00Z,2026-07-09T16:00:00+0200,6363.54725,MW,BE,BE,actual_solar_generation,Solar,2026-07-23T20:03:55Z
2026-07-23T20:03:42Z,2026-07-23T22:03:42+0200,f53b212e-aa3d-41e1-8c2c-be7dde74b504,2026-07-09T15:00:00Z,2026-07-09T17:00:00+0200,4976.022,MW,BE,BE,actual_solar_generation,Solar,2026-07-23T20:03:55Z
2026-07-23T20:03:42Z,2026-07-23T22:03:42+0200,f53b212e-aa3d-41e1-8c2c-be7dde74b504,2026-07-09T16:00:00Z,2026-07-09T18:00:00+0200,3312.5845,MW,BE,BE,actual_solar_generation,Solar,2026-07-23T20:03:55Z
2026-07-23T20:03:42Z,2026-07-23T22:03:42+0200,f53b212e-aa3d-41e1-8c2c-be7dde74b504,2026-07-09T17:00:00Z,2026-07-09T19:00:00+0200,1817.549,MW,BE,BE,actual_solar_generation,Solar,2026-07-23T20:03:55Z
2026-07-23T20:03:42Z,2026-07-23T22:03:42+0200,f53b212e-aa3d-41e1-8c2c-be7dde74b504,2026-07-09T18:00:00Z,2026-07-09T20:00:00+0200,721.463,MW,BE,BE,actual_solar_generation,Solar,2026-07-23T20:03:55Z
2026-07-23T20:03:42Z,2026-07-23T22:03:42+0200,f53b212e-aa3d-41e1-8c2c-be7dde74b504,2026-07-09T19:00:00Z,2026-07-09T21:00:00+0200,88.361,MW,BE,BE,actual_solar_generation,Solar,2026-07-23T20:03:55Z
2026-07-23T20:03:42Z,2026-07-23T22:03:42+0200,f53b212e-aa3d-41e1-8c2c-be7dde74b504,2026-07-09T20:00:00Z,2026-07-09T22:00:00+0200,0.00025,MW,BE,BE,actual_solar_generation,Solar,2026-07-23T20:03:55Z
2026-07-23T20:03:42Z,2026-07-23T22:03:42+0200,f53b212e-aa3d-41e1-8c2c-be7dde74b504,2026-07-09T21:00:00Z,2026-07-09T23:00:00+0200,0.0,MW,BE,BE,actual_solar_generation,Solar,2026-07-23T20:03:55Z
2026-07-23T20:03:42Z,2026-07-23T22:03:42+0200,f53b212e-aa3d-41e1-8c2c-be7dde74b504,2026-07-09T22:00:00Z,2026-07-10T00:00:00+0200,0.0,MW,BE,BE,actual_solar_generation,Solar,2026-07-23T20:03:55Z
2026-07-23T20:03:42Z,2026-07-23T22:03:42+0200,f53b212e-aa3d-41e1-8c2c-be7dde74b504,2026-07-09T23:00:00Z,2026-07-10T01:00:00+0200,0.0,MW,BE,BE,actual_solar_generation,Solar,2026-07-23T20:03:55Z
2026-07-23T20:03:42Z,2026-07-23T22:03:42+0200,f53b212e-aa3d-41e1-8c2c-be7dde74b504,2026-07-10T00:00:00Z,2026-07-10T02:00:00+0200,0.0,MW,BE,BE,actual_solar_generation,Solar,2026-07-23T20:03:55Z
2026-07-23T20:03:42Z,2026-07-23T22:03:42+0200,f53b212e-aa3d-41e1-8c2c-be7dde74b504,2026-07-10T01:00:00Z,2026-07-10T03:00:00+0200,0.0,MW,BE,BE,actual_solar_generation,Solar,2026-07-23T20:03:55Z
2026-07-23T20:03:42Z,2026-07-23T22:03:42+0200,f53b212e-aa3d-41e1-8c2c-be7dde74b504,2026-07-10T02:00:00Z,2026-07-10T04:00:00+0200,0.0,MW,BE,BE,actual_solar_generation,Solar,2026-07-23T20:03:55Z
2026-07-23T20:03:42Z,2026-07-23T22:03:42+0200,f53b212e-aa3d-41e1-8c2c-be7dde74b504,2026-07-10T03:00:00Z,2026-07-10T05:00:00+0200,3.35575,MW,BE,BE,actual_solar_generation,Solar,2026-07-23T20:03:55Z
2026-07-23T20:03:42Z,2026-07-23T22:03:42+0200,f53b212e-aa3d-41e1-8c2c-be7dde74b504,2026-07-10T04:00:00Z,2026-07-10T06:00:00+0200,312.34,MW,BE,BE,actual_solar_generation,Solar,2026-07-23T20:03:55Z
2026-07-23T20:03:42Z,2026-07-23T22:03:42+0200,f53b212e-aa3d-41e1-8c2c-be7dde74b504,2026-07-10T05:00:00Z,2026-07-10T07:00:00+0200,1165.27275,MW,BE,BE,actual_solar_generation,Solar,2026-07-23T20:03:55Z
2026-07-23T20:03:42Z,2026-07-23T22:03:42+0200,f53b212e-aa3d-41e1-8c2c-be7dde74b504,2026-07-10T06:00:00Z,2026-07-10T08:00:00+0200,2377.5565,MW,BE,BE,actual_solar_generation,Solar,2026-07-23T20:03:55Z
2026-07-23T20:03:42Z,2026-07-23T22:03:42+0200,f53b212e-aa3d-41e1-8c2c-be7dde74b504,2026-07-10T07:00:00Z,2026-07-10T09:00:00+0200,3786.793,MW,BE,BE,actual_solar_generation,Solar,2026-07-23T20:03:55Z
2026-07-23T20:03:42Z,2026-07-23T22:03:42+0200,f53b212e-aa3d-41e1-8c2c-be7dde74b504,2026-07-10T08:00:00Z,2026-07-10T10:00:00+0200,5050.83125,MW,BE,BE,actual_solar_generation,Solar,2026-07-23T20:03:55Z
2026-07-23T20:03:42Z,2026-07-23T22:03:42+0200,f53b212e-aa3d-41e1-8c2c-be7dde74b504,2026-07-10T09:00:00Z,2026-07-10T11:00:00+0200,6036.14525,MW,BE,BE,actual_solar_generation,Solar,2026-07-23T20:03:55Z
2026-07-23T20:03:42Z,2026-07-23T22:03:42+0200,f53b212e-aa3d-41e1-8c2c-be7dde74b504,2026-07-10T10:00:00Z,2026-07-10T12:00:00+0200,6902.15975,MW,BE,BE,actual_solar_generation,Solar,2026-07-23T20:03:55Z
2026-07-23T20:03:42Z,2026-07-23T22:03:42+0200,f53b212e-aa3d-41e1-8c2c-be7dde74b504,2026-07-10T11:00:00Z,2026-07-10T13:00:00+0200,7496.65775,MW,BE,BE,actual_solar_generation,Solar,2026-07-23T20:03:55Z
2026-07-23T20:03:42Z,2026-07-23T22:03:42+0200,f53b212e-aa3d-41e1-8c2c-be7dde74b504,2026-07-10T12:00:00Z,2026-07-10T14:00:00+0200,7380.44975,MW,BE,BE,actual_solar_generation,Solar,2026-07-23T20:03:55Z
2026-07-23T20:03:42Z,2026-07-23T22:03:42+0200,f53b212e-aa3d-41e1-8c2c-be7dde74b504,2026-07-10T13:00:00Z,2026-07-10T15:00:00+0200,6656.5995,MW,BE,BE,actual_solar_generation,Solar,2026-07-23T20:03:55Z
2026-07-23T20:03:42Z,2026-07-23T22:03:42+0200,f53b212e-aa3d-41e1-8c2c-be7dde74b504,2026-07-10T14:00:00Z,2026-07-10T16:00:00+0200,5545.1785,MW,BE,BE,actual_solar_generation,Solar,2026-07-23T20:03:55Z
2026-07-23T20:03:42Z,2026-07-23T22:03:42+0200,f53b212e-aa3d-41e1-8c2c-be7dde74b504,2026-07-10T15:00:00Z,2026-07-10T17:00:00+0200,4218.95475,MW,BE,BE,actual_solar_generation,Solar,2026-07-23T20:03:55Z
2026-07-23T20:03:42Z,2026-07-23T22:03:42+0200,f53b212e-aa3d-41e1-8c2c-be7dde74b504,2026-07-10T16:00:00Z,2026-07-10T18:00:00+0200,2847.47975,MW,BE,BE,actual_solar_generation,Solar,2026-07-23T20:03:55Z
2026-07-23T20:03:42Z,2026-07-23T22:03:42+0200,f53b212e-aa3d-41e1-8c2c-be7dde74b504,2026-07-10T17:00:00Z,2026-07-10T19:00:00+0200,1612.0135,MW,BE,BE,actual_solar_generation,Solar,2026-07-23T20:03:55Z
2026-07-23T20:03:42Z,2026-07-23T22:03:42+0200,f53b212e-aa3d-41e1-8c2c-be7dde74b504,2026-07-10T18:00:00Z,2026-07-10T20:00:00+0200,637.39375,MW,BE,BE,actual_solar_generation,Solar,2026-07-23T20:03:55Z
2026-07-23T20:03:42Z,2026-07-23T22:03:42+0200,f53b212e-aa3d-41e1-8c2c-be7dde74b504,2026-07-10T19:00:00Z,2026-07-10T21:00:00+0200,97.66025,MW,BE,BE,actual_solar_generation,Solar,2026-07-23T20:03:55Z
2026-07-23T20:03:42Z,2026-07-23T22:03:42+0200,f53b212e-aa3d-41e1-8c2c-be7dde74b504,2026-07-10T20:00:00Z,2026-07-10T22:00:00+0200,0.00575,MW,BE,BE,actual_solar_generation,Solar,2026-07-23T20:03:55Z
2026-07-23T20:03:42Z,2026-07-23T22:03:42+0200,f53b212e-aa3d-41e1-8c2c-be7dde74b504,2026-07-10T21:00:00Z,2026-07-10T23:00:00+0200,0.0,MW,BE,BE,actual_solar_generation,Solar,2026-07-23T20:03:55Z
2026-07-23T20:03:42Z,2026-07-23T22:03:42+0200,f53b212e-aa3d-41e1-8c2c-be7dde74b504,2026-07-10T22:00:00Z,2026-07-11T00:00:00+0200,0.0,MW,BE,BE,actual_solar_generation,Solar,2026-07-23T20:03:55Z
2026-07-23T20:03:42Z,2026-07-23T22:03:42+0200,f53b212e-aa3d-41e1-8c2c-be7dde74b504,2026-07-10T23:00:00Z,2026-07-11T01:00:00+0200,0.0,MW,BE,BE,actual_solar_generation,Solar,2026-07-23T20:03:55Z
2026-07-23T20:03:42Z,2026-07-23T22:03:42+0200,f53b212e-aa3d-41e1-8c2c-be7dde74b504,2026-07-11T00:00:00Z,2026-07-11T02:00:00+0200,0.0,MW,BE,BE,actual_solar_generation,Solar,2026-07-23T20:03:55Z
2026-07-23T20:03:42Z,2026-07-23T22:03:42+0200,f53b212e-aa3d-41e1-8c2c-be7dde74b504,2026-07-11T01:00:00Z,2026-07-11T03:00:00+0200,0.0,MW,BE,BE,actual_solar_generation,Solar,2026-07-23T20:03:55Z
2026-07-23T20:03:42Z,2026-07-23T22:03:42+0200,f53b212e-aa3d-41e1-8c2c-be7dde74b504,2026-07-11T02:00:00Z,2026-07-11T04:00:00+0200,0.0,MW,BE,BE,actual_solar_generation,Solar,2026-07-23T20:03:55Z
2026-07-23T20:03:42Z,2026-07-23T22:03:42+0200,f53b212e-aa3d-41e1-8c2c-be7dde74b504,2026-07-11T03:00:00Z,2026-07-11T05:00:00+0200,1.3725,MW,BE,BE,actual_solar_generation,Solar,2026-07-23T20:03:55Z
2026-07-23T20:03:42Z,2026-07-23T22:03:42+0200,f53b212e-aa3d-41e1-8c2c-be7dde74b504,2026-07-11T04:00:00Z,2026-07-11T06:00:00+0200,298.303,MW,BE,BE,actual_solar_generation,Solar,2026-07-23T20:03:55Z
2026-07-23T20:03:42Z,2026-07-23T22:03:42+0200,f53b212e-aa3d-41e1-8c2c-be7dde74b504,2026-07-11T05:00:00Z,2026-07-11T07:00:00+0200,1137.33075,MW,BE,BE,actual_solar_generation,Solar,2026-07-23T20:03:55Z
2026-07-23T20:03:42Z,2026-07-23T22:03:42+0200,f53b212e-aa3d-41e1-8c2c-be7dde74b504,2026-07-11T06:00:00Z,2026-07-11T08:00:00+0200,2415.3985,MW,BE,BE,actual_solar_generation,Solar,2026-07-23T20:03:55Z
2026-07-23T20:03:42Z,2026-07-23T22:03:42+0200,f53b212e-aa3d-41e1-8c2c-be7dde74b504,2026-07-11T07:00:00Z,2026-07-11T09:00:00+0200,4013.3235,MW,BE,BE,actual_solar_generation,Solar,2026-07-23T20:03:55Z
2026-07-23T20:03:42Z,2026-07-23T22:03:42+0200,f53b212e-aa3d-41e1-8c2c-be7dde74b504,2026-07-11T08:00:00Z,2026-07-11T10:00:00+0200,5540.655,MW,BE,BE,actual_solar_generation,Solar,2026-07-23T20:03:55Z
2026-07-23T20:03:42Z,2026-07-23T22:03:42+0200,f53b212e-aa3d-41e1-8c2c-be7dde74b504,2026-07-11T09:00:00Z,2026-07-11T11:00:00+0200,6904.7255,MW,BE,BE,actual_solar_generation,Solar,2026-07-23T20:03:55Z
2026-07-23T20:03:42Z,2026-07-23T22:03:42+0200,f53b212e-aa3d-41e1-8c2c-be7dde74b504,2026-07-11T10:00:00Z,2026-07-11T12:00:00+0200,7771.204,MW,BE,BE,actual_solar_generation,Solar,2026-07-23T20:03:55Z
2026-07-23T20:03:42Z,2026-07-23T22:03:42+0200,f53b212e-aa3d-41e1-8c2c-be7dde74b504,2026-07-11T11:00:00Z,2026-07-11T13:00:00+0200,8140.25525,MW,BE,BE,actual_solar_generation,Solar,2026-07-23T20:03:55Z
2026-07-23T20:03:42Z,2026-07-23T22:03:42+0200,f53b212e-aa3d-41e1-8c2c-be7dde74b504,2026-07-11T12:00:00Z,2026-07-11T14:00:00+0200,8006.346,MW,BE,BE,actual_solar_generation,Solar,2026-07-23T20:03:55Z
2026-07-23T20:03:42Z,2026-07-23T22:03:42+0200,f53b212e-aa3d-41e1-8c2c-be7dde74b504,2026-07-11T13:00:00Z,2026-07-11T15:00:00+0200,7417.9905,MW,BE,BE,actual_solar_generation,Solar,2026-07-23T20:03:55Z
2026-07-23T20:03:42Z,2026-07-23T22:03:42+0200,f53b212e-aa3d-41e1-8c2c-be7dde74b504,2026-07-11T14:00:00Z,2026-07-11T16:00:00+0200,6304.65175,MW,BE,BE,actual_solar_generation,Solar,2026-07-23T20:03:55Z
2026-07-23T20:03:42Z,2026-07-23T22:03:42+0200,f53b212e-aa3d-41e1-8c2c-be7dde74b504,2026-07-11T15:00:00Z,2026-07-11T17:00:00+0200,4848.927,MW,BE,BE,actual_solar_generation,Solar,2026-07-23T20:03:55Z
2026-07-23T20:03:42Z,2026-07-23T22:03:42+0200,f53b212e-aa3d-41e1-8c2c-be7dde74b504,2026-07-11T16:00:00Z,2026-07-11T18:00:00+0200,3238.14225,MW,BE,BE,actual_solar_generation,Solar,2026-07-23T20:03:55Z
2026-07-23T20:03:42Z,2026-07-23T22:03:42+0200,f53b212e-aa3d-41e1-8c2c-be7dde74b504,2026-07-11T17:00:00Z,2026-07-11T19:00:00+0200,1790.35375,MW,BE,BE,actual_solar_generation,Solar,2026-07-23T20:03:55Z
2026-07-23T20:03:42Z,2026-07-23T22:03:42+0200,f53b212e-aa3d-41e1-8c2c-be7dde74b504,2026-07-11T18:00:00Z,2026-07-11T20:00:00+0200,748.09525,MW,BE,BE,actual_solar_generation,Solar,2026-07-23T20:03:55Z
2026-07-23T20:03:42Z,2026-07-23T22:03:42+0200,f53b212e-aa3d-41e1-8c2c-be7dde74b504,2026-07-11T19:00:00Z,2026-07-11T21:00:00+0200,94.61625,MW,BE,BE,actual_solar_generation,Solar,2026-07-23T20:03:55Z
2026-07-23T20:03:42Z,2026-07-23T22:03:42+0200,f53b212e-aa3d-41e1-8c2c-be7dde74b504,2026-07-11T20:00:00Z,2026-07-11T22:00:00+0200,0.00875,MW,BE,BE,actual_solar_generation,Solar,2026-07-23T20:03:55Z
2026-07-23T20:03:42Z,2026-07-23T22:03:42+0200,f53b212e-aa3d-41e1-8c2c-be7dde74b504,2026-07-11T21:00:00Z,2026-07-11T23:00:00+0200,0.0,MW,BE,BE,actual_solar_generation,Solar,2026-07-23T20:03:55Z
2026-07-23T20:03:42Z,2026-07-23T22:03:42+0200,f53b212e-aa3d-41e1-8c2c-be7dde74b504,2026-07-11T22:00:00Z,2026-07-12T00:00:00+0200,0.0,MW,BE,BE,actual_solar_generation,Solar,2026-07-23T20:03:55Z
2026-07-23T20:03:42Z,2026-07-23T22:03:42+0200,f53b212e-aa3d-41e1-8c2c-be7dde74b504,2026-07-11T23:00:00Z,2026-07-12T01:00:00+0200,0.0,MW,BE,BE,actual_solar_generation,Solar,2026-07-23T20:03:55Z
2026-07-23T20:03:42Z,2026-07-23T22:03:42+0200,f53b212e-aa3d-41e1-8c2c-be7dde74b504,2026-07-12T00:00:00Z,2026-07-12T02:00:00+0200,0.0,MW,BE,BE,actual_solar_generation,Solar,2026-07-23T20:03:55Z
2026-07-23T20:03:42Z,2026-07-23T22:03:42+0200,f53b212e-aa3d-41e1-8c2c-be7dde74b504,2026-07-12T01:00:00Z,2026-07-12T03:00:00+0200,0.0,MW,BE,BE,actual_solar_generation,Solar,2026-07-23T20:03:55Z
2026-07-23T20:03:42Z,2026-07-23T22:03:42+0200,f53b212e-aa3d-41e1-8c2c-be7dde74b504,2026-07-12T02:00:00Z,2026-07-12T04:00:00+0200,0.0,MW,BE,BE,actual_solar_generation,Solar,2026-07-23T20:03:55Z
2026-07-23T20:03:42Z,2026-07-23T22:03:42+0200,f53b212e-aa3d-41e1-8c2c-be7dde74b504,2026-07-12T03:00:00Z,2026-07-12T05:00:00+0200,0.714,MW,BE,BE,actual_solar_generation,Solar,2026-07-23T20:03:55Z
2026-07-23T20:03:42Z,2026-07-23T22:03:42+0200,f53b212e-aa3d-41e1-8c2c-be7dde74b504,2026-07-12T04:00:00Z,2026-07-12T06:00:00+0200,283.5745,MW,BE,BE,actual_solar_generation,Solar,2026-07-23T20:03:55Z
2026-07-23T20:03:42Z,2026-07-23T22:03:42+0200,f53b212e-aa3d-41e1-8c2c-be7dde74b504,2026-07-12T05:00:00Z,2026-07-12T07:00:00+0200,1110.98625,MW,BE,BE,actual_solar_generation,Solar,2026-07-23T20:03:55Z
2026-07-23T20:03:42Z,2026-07-23T22:03:42+0200,f53b212e-aa3d-41e1-8c2c-be7dde74b504,2026-07-12T06:00:00Z,2026-07-12T08:00:00+0200,2401.4505,MW,BE,BE,actual_solar_generation,Solar,2026-07-23T20:03:55Z
2026-07-23T20:03:42Z,2026-07-23T22:03:42+0200,f53b212e-aa3d-41e1-8c2c-be7dde74b504,2026-07-12T07:00:00Z,2026-07-12T09:00:00+0200,3948.25525,MW,BE,BE,actual_solar_generation,Solar,2026-07-23T20:03:55Z
2026-07-23T20:03:42Z,2026-07-23T22:03:42+0200,f53b212e-aa3d-41e1-8c2c-be7dde74b504,2026-07-12T08:00:00Z,2026-07-12T10:00:00+0200,5498.744,MW,BE,BE,actual_solar_generation,Solar,2026-07-23T20:03:55Z
2026-07-23T20:03:42Z,2026-07-23T22:03:42+0200,f53b212e-aa3d-41e1-8c2c-be7dde74b504,2026-07-12T09:00:00Z,2026-07-12T11:00:00+0200,6831.04775,MW,BE,BE,actual_solar_generation,Solar,2026-07-23T20:03:55Z
2026-07-23T20:03:42Z,2026-07-23T22:03:42+0200,f53b212e-aa3d-41e1-8c2c-be7dde74b504,2026-07-12T10:00:00Z,2026-07-12T12:00:00+0200,7715.8,MW,BE,BE,actual_solar_generation,Solar,2026-07-23T20:03:55Z
2026-07-23T20:03:42Z,2026-07-23T22:03:42+0200,f53b212e-aa3d-41e1-8c2c-be7dde74b504,2026-07-12T11:00:00Z,2026-07-12T13:00:00+0200,8076.062,MW,BE,BE,actual_solar_generation,Solar,2026-07-23T20:03:55Z
2026-07-23T20:03:42Z,2026-07-23T22:03:42+0200,f53b212e-aa3d-41e1-8c2c-be7dde74b504,2026-07-12T12:00:00Z,2026-07-12T14:00:00+0200,7958.36775,MW,BE,BE,actual_solar_generation,Solar,2026-07-23T20:03:55Z
2026-07-23T20:03:42Z,2026-07-23T22:03:42+0200,f53b212e-aa3d-41e1-8c2c-be7dde74b504,2026-07-12T13:00:00Z,2026-07-12T15:00:00+0200,7369.8675,MW,BE,BE,actual_solar_generation,Solar,2026-07-23T20:03:55Z
2026-07-23T20:03:42Z,2026-07-23T22:03:42+0200,f53b212e-aa3d-41e1-8c2c-be7dde74b504,2026-07-12T14:00:00Z,2026-07-12T16:00:00+0200,6203.66175,MW,BE,BE,actual_solar_generation,Solar,2026-07-23T20:03:55Z
2026-07-23T20:03:42Z,2026-07-23T22:03:42+0200,f53b212e-aa3d-41e1-8c2c-be7dde74b504,2026-07-12T15:00:00Z,2026-07-12T17:00:00+0200,4794.32,MW,BE,BE,actual_solar_generation,Solar,2026-07-23T20:03:55Z
2026-07-23T20:03:42Z,2026-07-23T22:03:42+0200,f53b212e-aa3d-41e1-8c2c-be7dde74b504,2026-07-12T16:00:00Z,2026-07-12T18:00:00+0200,3183.25275,MW,BE,BE,actual_solar_generation,Solar,2026-07-23T20:03:55Z
2026-07-23T20:03:42Z,2026-07-23T22:03:42+0200,f53b212e-aa3d-41e1-8c2c-be7dde74b504,2026-07-12T17:00:00Z,2026-07-12T19:00:00+0200,1784.49275,MW,BE,BE,actual_solar_generation,Solar,2026-07-23T20:03:55Z
2026-07-23T20:03:42Z,2026-07-23T22:03:42+0200,f53b212e-aa3d-41e1-8c2c-be7dde74b504,2026-07-12T18:00:00Z,2026-07-12T20:00:00+0200,744.28,MW,BE,BE,actual_solar_generation,Solar,2026-07-23T20:03:55Z
2026-07-23T20:03:42Z,2026-07-23T22:03:42+0200,f53b212e-aa3d-41e1-8c2c-be7dde74b504,2026-07-12T19:00:00Z,2026-07-12T21:00:00+0200,95.10625,MW,BE,BE,actual_solar_generation,Solar,2026-07-23T20:03:55Z
2026-07-23T20:03:42Z,2026-07-23T22:03:42+0200,f53b212e-aa3d-41e1-8c2c-be7dde74b504,2026-07-12T20:00:00Z,2026-07-12T22:00:00+0200,0.00575,MW,BE,BE,actual_solar_generation,Solar,2026-07-23T20:03:55Z
2026-07-23T20:03:42Z,2026-07-23T22:03:42+0200,f53b212e-aa3d-41e1-8c2c-be7dde74b504,2026-07-12T21:00:00Z,2026-07-12T23:00:00+0200,0.0,MW,BE,BE,actual_solar_generation,Solar,2026-07-23T20:03:55Z
2026-07-23T20:03:42Z,2026-07-23T22:03:42+0200,f53b212e-aa3d-41e1-8c2c-be7dde74b504,2026-07-12T22:00:00Z,2026-07-13T00:00:00+0200,0.0,MW,BE,BE,actual_solar_generation,Solar,2026-07-23T20:03:55Z
2026-07-23T20:03:42Z,2026-07-23T22:03:42+0200,f53b212e-aa3d-41e1-8c2c-be7dde74b504,2026-07-12T23:00:00Z,2026-07-13T01:00:00+0200,0.0,MW,BE,BE,actual_solar_generation,Solar,2026-07-23T20:03:55Z
2026-07-23T20:03:42Z,2026-07-23T22:03:42+0200,f53b212e-aa3d-41e1-8c2c-be7dde74b504,2026-07-13T00:00:00Z,2026-07-13T02:00:00+0200,0.0,MW,BE,BE,actual_solar_generation,Solar,2026-07-23T20:03:55Z
2026-07-23T20:03:42Z,2026-07-23T22:03:42+0200,f53b212e-aa3d-41e1-8c2c-be7dde74b504,2026-07-13T01:00:00Z,2026-07-13T03:00:00+0200,0.0,MW,BE,BE,actual_solar_generation,Solar,2026-07-23T20:03:55Z
2026-07-23T20:03:42Z,2026-07-23T22:03:42+0200,f53b212e-aa3d-41e1-8c2c-be7dde74b504,2026-07-13T02:00:00Z,2026-07-13T04:00:00+0200,0.0,MW,BE,BE,actual_solar_generation,Solar,2026-07-23T20:03:55Z
2026-07-23T20:03:42Z,2026-07-23T22:03:42+0200,f53b212e-aa3d-41e1-8c2c-be7dde74b504,2026-07-13T03:00:00Z,2026-07-13T05:00:00+0200,0.20825,MW,BE,BE,actual_solar_generation,Solar,2026-07-23T20:03:55Z
2026-07-23T20:03:42Z,2026-07-23T22:03:42+0200,f53b212e-aa3d-41e1-8c2c-be7dde74b504,2026-07-13T04:00:00Z,2026-07-13T06:00:00+0200,259.853,MW,BE,BE,actual_solar_generation,Solar,2026-07-23T20:03:55Z
2026-07-23T20:03:42Z,2026-07-23T22:03:42+0200,f53b212e-aa3d-41e1-8c2c-be7dde74b504,2026-07-13T05:00:00Z,2026-07-13T07:00:00+0200,1106.0165,MW,BE,BE,actual_solar_generation,Solar,2026-07-23T20:03:55Z
2026-07-23T20:03:42Z,2026-07-23T22:03:42+0200,f53b212e-aa3d-41e1-8c2c-be7dde74b504,2026-07-13T06:00:00Z,2026-07-13T08:00:00+0200,2312.16325,MW,BE,BE,actual_solar_generation,Solar,2026-07-23T20:03:55Z
2026-07-23T20:03:42Z,2026-07-23T22:03:42+0200,f53b212e-aa3d-41e1-8c2c-be7dde74b504,2026-07-13T07:00:00Z,2026-07-13T09:00:00+0200,3768.545,MW,BE,BE,actual_solar_generation,Solar,2026-07-23T20:03:55Z
2026-07-23T20:03:42Z,2026-07-23T22:03:42+0200,f53b212e-aa3d-41e1-8c2c-be7dde74b504,2026-07-13T08:00:00Z,2026-07-13T10:00:00+0200,5208.5255,MW,BE,BE,actual_solar_generation,Solar,2026-07-23T20:03:55Z
2026-07-23T20:03:42Z,2026-07-23T22:03:42+0200,f53b212e-aa3d-41e1-8c2c-be7dde74b504,2026-07-13T09:00:00Z,2026-07-13T11:00:00+0200,6383.7925,MW,BE,BE,actual_solar_generation,Solar,2026-07-23T20:03:55Z
2026-07-23T20:03:42Z,2026-07-23T22:03:42+0200,f53b212e-aa3d-41e1-8c2c-be7dde74b504,2026-07-13T10:00:00Z,2026-07-13T12:00:00+0200,7128.4,MW,BE,BE,actual_solar_generation,Solar,2026-07-23T20:03:55Z
2026-07-23T20:03:42Z,2026-07-23T22:03:42+0200,f53b212e-aa3d-41e1-8c2c-be7dde74b504,2026-07-13T11:00:00Z,2026-07-13T13:00:00+0200,7419.918,MW,BE,BE,actual_solar_generation,Solar,2026-07-23T20:03:55Z
2026-07-23T20:03:42Z,2026-07-23T22:03:42+0200,f53b212e-aa3d-41e1-8c2c-be7dde74b504,2026-07-13T12:00:00Z,2026-07-13T14:00:00+0200,6989.67525,MW,BE,BE,actual_solar_generation,Solar,2026-07-23T20:03:55Z
2026-07-23T20:03:42Z,2026-07-23T22:03:42+0200,f53b212e-aa3d-41e1-8c2c-be7dde74b504,2026-07-13T13:00:00Z,2026-07-13T15:00:00+0200,6210.5505,MW,BE,BE,actual_solar_generation,Solar,2026-07-23T20:03:55Z
2026-07-23T20:03:42Z,2026-07-23T22:03:42+0200,f53b212e-aa3d-41e1-8c2c-be7dde74b504,2026-07-13T14:00:00Z,2026-07-13T16:00:00+0200,4878.87325,MW,BE,BE,actual_solar_generation,Solar,2026-07-23T20:03:55Z
2026-07-23T20:03:42Z,2026-07-23T22:03:42+0200,f53b212e-aa3d-41e1-8c2c-be7dde74b504,2026-07-13T15:00:00Z,2026-07-13T17:00:00+0200,3805.82925,MW,BE,BE,actual_solar_generation,Solar,2026-07-23T20:03:55Z
2026-07-23T20:03:42Z,2026-07-23T22:03:42+0200,f53b212e-aa3d-41e1-8c2c-be7dde74b504,2026-07-13T16:00:00Z,2026-07-13T18:00:00+0200,2879.15575,MW,BE,BE,actual_solar_generation,Solar,2026-07-23T20:03:55Z
2026-07-23T20:03:42Z,2026-07-23T22:03:42+0200,f53b212e-aa3d-41e1-8c2c-be7dde74b504,2026-07-13T17:00:00Z,2026-07-13T19:00:00+0200,1478.41625,MW,BE,BE,actual_solar_generation,Solar,2026-07-23T20:03:55Z
2026-07-23T20:03:42Z,2026-07-23T22:03:42+0200,f53b212e-aa3d-41e1-8c2c-be7dde74b504,2026-07-13T18:00:00Z,2026-07-13T20:00:00+0200,537.371,MW,BE,BE,actual_solar_generation,Solar,2026-07-23T20:03:55Z
2026-07-23T20:03:42Z,2026-07-23T22:03:42+0200,f53b212e-aa3d-41e1-8c2c-be7dde74b504,2026-07-13T19:00:00Z,2026-07-13T21:00:00+0200,100.13425,MW,BE,BE,actual_solar_generation,Solar,2026-07-23T20:03:55Z
2026-07-23T20:03:42Z,2026-07-23T22:03:42+0200,f53b212e-aa3d-41e1-8c2c-be7dde74b504,2026-07-13T20:00:00Z,2026-07-13T22:00:00+0200,0.00975,MW,BE,BE,actual_solar_generation,Solar,2026-07-23T20:03:55Z
2026-07-23T20:03:42Z,2026-07-23T22:03:42+0200,f53b212e-aa3d-41e1-8c2c-be7dde74b504,2026-07-13T21:00:00Z,2026-07-13T23:00:00+0200,0.0,MW,BE,BE,actual_solar_generation,Solar,2026-07-23T20:03:55Z
2026-07-23T20:03:42Z,2026-07-23T22:03:42+0200,f53b212e-aa3d-41e1-8c2c-be7dde74b504,2026-07-13T22:00:00Z,2026-07-14T00:00:00+0200,0.0,MW,BE,BE,actual_solar_generation,Solar,2026-07-23T20:03:55Z
2026-07-23T20:03:42Z,2026-07-23T22:03:42+0200,f53b212e-aa3d-41e1-8c2c-be7dde74b504,2026-07-13T23:00:00Z,2026-07-14T01:00:00+0200,0.0,MW,BE,BE,actual_solar_generation,Solar,2026-07-23T20:03:55Z
2026-07-23T20:03:42Z,2026-07-23T22:03:42+0200,f53b212e-aa3d-41e1-8c2c-be7dde74b504,2026-07-14T00:00:00Z,2026-07-14T02:00:00+0200,0.0,MW,BE,BE,actual_solar_generation,Solar,2026-07-23T20:03:55Z
2026-07-23T20:03:42Z,2026-07-23T22:03:42+0200,f53b212e-aa3d-41e1-8c2c-be7dde74b504,2026-07-14T01:00:00Z,2026-07-14T03:00:00+0200,0.0,MW,BE,BE,actual_solar_generation,Solar,2026-07-23T20:03:55Z
2026-07-23T20:03:42Z,2026-07-23T22:03:42+0200,f53b212e-aa3d-41e1-8c2c-be7dde74b504,2026-07-14T02:00:00Z,2026-07-14T04:00:00+0200,0.0,MW,BE,BE,actual_solar_generation,Solar,2026-07-23T20:03:55Z
2026-07-23T20:03:42Z,2026-07-23T22:03:42+0200,f53b212e-aa3d-41e1-8c2c-be7dde74b504,2026-07-14T03:00:00Z,2026-07-14T05:00:00+0200,0.11425,MW,BE,BE,actual_solar_generation,Solar,2026-07-23T20:03:55Z
2026-07-23T20:03:42Z,2026-07-23T22:03:42+0200,f53b212e-aa3d-41e1-8c2c-be7dde74b504,2026-07-14T04:00:00Z,2026-07-14T06:00:00+0200,224.79975,MW,BE,BE,actual_solar_generation,Solar,2026-07-23T20:03:55Z
2026-07-23T20:03:42Z,2026-07-23T22:03:42+0200,f53b212e-aa3d-41e1-8c2c-be7dde74b504,2026-07-14T05:00:00Z,2026-07-14T07:00:00+0200,975.12525,MW,BE,BE,actual_solar_generation,Solar,2026-07-23T20:03:55Z
2026-07-23T20:03:42Z,2026-07-23T22:03:42+0200,f53b212e-aa3d-41e1-8c2c-be7dde74b504,2026-07-14T06:00:00Z,2026-07-14T08:00:00+0200,2160.86625,MW,BE,BE,actual_solar_generation,Solar,2026-07-23T20:03:55Z
2026-07-23T20:03:42Z,2026-07-23T22:03:42+0200,f53b212e-aa3d-41e1-8c2c-be7dde74b504,2026-07-14T07:00:00Z,2026-07-14T09:00:00+0200,3682.70325,MW,BE,BE,actual_solar_generation,Solar,2026-07-23T20:03:55Z
2026-07-23T20:03:42Z,2026-07-23T22:03:42+0200,f53b212e-aa3d-41e1-8c2c-be7dde74b504,2026-07-14T08:00:00Z,2026-07-14T10:00:00+0200,5276.715,MW,BE,BE,actual_solar_generation,Solar,2026-07-23T20:03:55Z
2026-07-23T20:03:42Z,2026-07-23T22:03:42+0200,f53b212e-aa3d-41e1-8c2c-be7dde74b504,2026-07-14T09:00:00Z,2026-07-14T11:00:00+0200,6580.5505,MW,BE,BE,actual_solar_generation,Solar,2026-07-23T20:03:55Z
2026-07-23T20:03:42Z,2026-07-23T22:03:42+0200,f53b212e-aa3d-41e1-8c2c-be7dde74b504,2026-07-14T10:00:00Z,2026-07-14T12:00:00+0200,7541.34775,MW,BE,BE,actual_solar_generation,Solar,2026-07-23T20:03:55Z
2026-07-23T20:03:42Z,2026-07-23T22:03:42+0200,f53b212e-aa3d-41e1-8c2c-be7dde74b504,2026-07-14T11:00:00Z,2026-07-14T13:00:00+0200,7887.2375,MW,BE,BE,actual_solar_generation,Solar,2026-07-23T20:03:55Z
2026-07-23T20:03:42Z,2026-07-23T22:03:42+0200,f53b212e-aa3d-41e1-8c2c-be7dde74b504,2026-07-14T12:00:00Z,2026-07-14T14:00:00+0200,7726.3895,MW,BE,BE,actual_solar_generation,Solar,2026-07-23T20:03:55Z
2026-07-23T20:03:42Z,2026-07-23T22:03:42+0200,f53b212e-aa3d-41e1-8c2c-be7dde74b504,2026-07-14T13:00:00Z,2026-07-14T15:00:00+0200,6980.15375,MW,BE,BE,actual_solar_generation,Solar,2026-07-23T20:03:55Z
2026-07-23T20:03:42Z,2026-07-23T22:03:42+0200,f53b212e-aa3d-41e1-8c2c-be7dde74b504,2026-07-14T14:00:00Z,2026-07-14T16:00:00+0200,5763.02875,MW,BE,BE,actual_solar_generation,Solar,2026-07-23T20:03:55Z
2026-07-23T20:03:42Z,2026-07-23T22:03:42+0200,f53b212e-aa3d-41e1-8c2c-be7dde74b504,2026-07-14T15:00:00Z,2026-07-14T17:00:00+0200,4471.9035,MW,BE,BE,actual_solar_generation,Solar,2026-07-23T20:03:55Z
2026-07-23T20:03:42Z,2026-07-23T22:03:42+0200,f53b212e-aa3d-41e1-8c2c-be7dde74b504,2026-07-14T16:00:00Z,2026-07-14T18:00:00+0200,3063.919,MW,BE,BE,actual_solar_generation,Solar,2026-07-23T20:03:55Z
2026-07-23T20:03:42Z,2026-07-23T22:03:42+0200,f53b212e-aa3d-41e1-8c2c-be7dde74b504,2026-07-14T17:00:00Z,2026-07-14T19:00:00+0200,1751.31725,MW,BE,BE,actual_solar_generation,Solar,2026-07-23T20:03:55Z
2026-07-23T20:03:42Z,2026-07-23T22:03:42+0200,f53b212e-aa3d-41e1-8c2c-be7dde74b504,2026-07-14T18:00:00Z,2026-07-14T20:00:00+0200,701.3655,MW,BE,BE,actual_solar_generation,Solar,2026-07-23T20:03:55Z
2026-07-23T20:03:42Z,2026-07-23T22:03:42+0200,f53b212e-aa3d-41e1-8c2c-be7dde74b504,2026-07-14T19:00:00Z,2026-07-14T21:00:00+0200,98.1805,MW,BE,BE,actual_solar_generation,Solar,2026-07-23T20:03:55Z
2026-07-23T20:03:42Z,2026-07-23T22:03:42+0200,f53b212e-aa3d-41e1-8c2c-be7dde74b504,2026-07-14T20:00:00Z,2026-07-14T22:00:00+0200,0.01175,MW,BE,BE,actual_solar_generation,Solar,2026-07-23T20:03:55Z
2026-07-23T20:03:42Z,2026-07-23T22:03:42+0200,f53b212e-aa3d-41e1-8c2c-be7dde74b504,2026-07-14T21:00:00Z,2026-07-14T23:00:00+0200,0.0,MW,BE,BE,actual_solar_generation,Solar,2026-07-23T20:03:55Z
2026-07-23T20:03:42Z,2026-07-23T22:03:42+0200,f53b212e-aa3d-41e1-8c2c-be7dde74b504,2026-07-14T22:00:00Z,2026-07-15T00:00:00+0200,0.0,MW,BE,BE,actual_solar_generation,Solar,2026-07-23T20:03:55Z
2026-07-23T20:03:42Z,2026-07-23T22:03:42+0200,f53b212e-aa3d-41e1-8c2c-be7dde74b504,2026-07-14T23:00:00Z,2026-07-15T01:00:00+0200,0.0,MW,BE,BE,actual_solar_generation,Solar,2026-07-23T20:03:55Z
2026-07-23T20:03:42Z,2026-07-23T22:03:42+0200,f53b212e-aa3d-41e1-8c2c-be7dde74b504,2026-07-15T00:00:00Z,2026-07-15T02:00:00+0200,0.0,MW,BE,BE,actual_solar_generation,Solar,2026-07-23T20:03:55Z
2026-07-23T20:03:42Z,2026-07-23T22:03:42+0200,f53b212e-aa3d-41e1-8c2c-be7dde74b504,2026-07-15T01:00:00Z,2026-07-15T03:00:00+0200,0.0,MW,BE,BE,actual_solar_generation,Solar,2026-07-23T20:03:55Z
2026-07-23T20:03:42Z,2026-07-23T22:03:42+0200,f53b212e-aa3d-41e1-8c2c-be7dde74b504,2026-07-15T02:00:00Z,2026-07-15T04:00:00+0200,0.0,MW,BE,BE,actual_solar_generation,Solar,2026-07-23T20:03:55Z
2026-07-23T20:03:42Z,2026-07-23T22:03:42+0200,f53b212e-aa3d-41e1-8c2c-be7dde74b504,2026-07-15T03:00:00Z,2026-07-15T05:00:00+0200,0.0,MW,BE,BE,actual_solar_generation,Solar,2026-07-23T20:03:55Z
2026-07-23T20:03:42Z,2026-07-23T22:03:42+0200,f53b212e-aa3d-41e1-8c2c-be7dde74b504,2026-07-15T04:00:00Z,2026-07-15T06:00:00+0200,219.943,MW,BE,BE,actual_solar_generation,Solar,2026-07-23T20:03:55Z
2026-07-23T20:03:42Z,2026-07-23T22:03:42+0200,f53b212e-aa3d-41e1-8c2c-be7dde74b504,2026-07-15T05:00:00Z,2026-07-15T07:00:00+0200,998.30525,MW,BE,BE,actual_solar_generation,Solar,2026-07-23T20:03:55Z
2026-07-23T20:03:42Z,2026-07-23T22:03:42+0200,f53b212e-aa3d-41e1-8c2c-be7dde74b504,2026-07-15T06:00:00Z,2026-07-15T08:00:00+0200,2158.516,MW,BE,BE,actual_solar_generation,Solar,2026-07-23T20:03:55Z
2026-07-23T20:03:42Z,2026-07-23T22:03:42+0200,f53b212e-aa3d-41e1-8c2c-be7dde74b504,2026-07-15T07:00:00Z,2026-07-15T09:00:00+0200,3745.31675,MW,BE,BE,actual_solar_generation,Solar,2026-07-23T20:03:55Z
2026-07-23T20:03:42Z,2026-07-23T22:03:42+0200,f53b212e-aa3d-41e1-8c2c-be7dde74b504,2026-07-15T08:00:00Z,2026-07-15T10:00:00+0200,5317.62725,MW,BE,BE,actual_solar_generation,Solar,2026-07-23T20:03:55Z
2026-07-23T20:03:42Z,2026-07-23T22:03:42+0200,f53b212e-aa3d-41e1-8c2c-be7dde74b504,2026-07-15T09:00:00Z,2026-07-15T11:00:00+0200,6738.0605,MW,BE,BE,actual_solar_generation,Solar,2026-07-23T20:03:55Z
2026-07-23T20:03:42Z,2026-07-23T22:03:42+0200,f53b212e-aa3d-41e1-8c2c-be7dde74b504,2026-07-15T10:00:00Z,2026-07-15T12:00:00+0200,7648.874,MW,BE,BE,actual_solar_generation,Solar,2026-07-23T20:03:55Z
2026-07-23T20:03:42Z,2026-07-23T22:03:42+0200,f53b212e-aa3d-41e1-8c2c-be7dde74b504,2026-07-15T11:00:00Z,2026-07-15T13:00:00+0200,8030.5445,MW,BE,BE,actual_solar_generation,Solar,2026-07-23T20:03:55Z
2026-07-23T20:03:42Z,2026-07-23T22:03:42+0200,f53b212e-aa3d-41e1-8c2c-be7dde74b504,2026-07-15T12:00:00Z,2026-07-15T14:00:00+0200,7930.447,MW,BE,BE,actual_solar_generation,Solar,2026-07-23T20:03:55Z
2026-07-23T20:03:42Z,2026-07-23T22:03:42+0200,f53b212e-aa3d-41e1-8c2c-be7dde74b504,2026-07-15T13:00:00Z,2026-07-15T15:00:00+0200,7360.7215,MW,BE,BE,actual_solar_generation,Solar,2026-07-23T20:03:55Z
2026-07-23T20:03:42Z,2026-07-23T22:03:42+0200,f53b212e-aa3d-41e1-8c2c-be7dde74b504,2026-07-15T14:00:00Z,2026-07-15T16:00:00+0200,6203.96825,MW,BE,BE,actual_solar_generation,Solar,2026-07-23T20:03:55Z
2026-07-23T20:03:42Z,2026-07-23T22:03:42+0200,f53b212e-aa3d-41e1-8c2c-be7dde74b504,2026-07-15T15:00:00Z,2026-07-15T17:00:00+0200,4791.018,MW,BE,BE,actual_solar_generation,Solar,2026-07-23T20:03:55Z
2026-07-23T20:03:42Z,2026-07-23T22:03:42+0200,f53b212e-aa3d-41e1-8c2c-be7dde74b504,2026-07-15T16:00:00Z,2026-07-15T18:00:00+0200,3220.31175,MW,BE,BE,actual_solar_generation,Solar,2026-07-23T20:03:55Z
2026-07-23T20:03:42Z,2026-07-23T22:03:42+0200,f53b212e-aa3d-41e1-8c2c-be7dde74b504,2026-07-15T17:00:00Z,2026-07-15T19:00:00+0200,1778.40725,MW,BE,BE,actual_solar_generation,Solar,2026-07-23T20:03:55Z
2026-07-23T20:03:42Z,2026-07-23T22:03:42+0200,f53b212e-aa3d-41e1-8c2c-be7dde74b504,2026-07-15T18:00:00Z,2026-07-15T20:00:00+0200,722.296,MW,BE,BE,actual_solar_generation,Solar,2026-07-23T20:03:55Z
2026-07-23T20:03:42Z,2026-07-23T22:03:42+0200,f53b212e-aa3d-41e1-8c2c-be7dde74b504,2026-07-15T19:00:00Z,2026-07-15T21:00:00+0200,81.0095,MW,BE,BE,actual_solar_generation,Solar,2026-07-23T20:03:55Z
2026-07-23T20:03:42Z,2026-07-23T22:03:42+0200,f53b212e-aa3d-41e1-8c2c-be7dde74b504,2026-07-15T20:00:00Z,2026-07-15T22:00:00+0200,0.004,MW,BE,BE,actual_solar_generation,Solar,2026-07-23T20:03:55Z
2026-07-23T20:03:42Z,2026-07-23T22:03:42+0200,f53b212e-aa3d-41e1-8c2c-be7dde74b504,2026-07-15T21:00:00Z,2026-07-15T23:00:00+0200,0.0,MW,BE,BE,actual_solar_generation,Solar,2026-07-23T20:03:55Z
2026-07-23T20:03:42Z,2026-07-23T22:03:42+0200,f53b212e-aa3d-41e1-8c2c-be7dde74b504,2026-07-15T22:00:00Z,2026-07-16T00:00:00+0200,0.0,MW,BE,BE,actual_solar_generation,Solar,2026-07-23T20:03:55Z
2026-07-23T20:03:42Z,2026-07-23T22:03:42+0200,f53b212e-aa3d-41e1-8c2c-be7dde74b504,2026-07-15T23:00:00Z,2026-07-16T01:00:00+0200,0.0,MW,BE,BE,actual_solar_generation,Solar,2026-07-23T20:03:55Z
2026-07-23T20:03:42Z,2026-07-23T22:03:42+0200,f53b212e-aa3d-41e1-8c2c-be7dde74b504,2026-07-16T00:00:00Z,2026-07-16T02:00:00+0200,0.0,MW,BE,BE,actual_solar_generation,Solar,2026-07-23T20:03:55Z
2026-07-23T20:03:42Z,2026-07-23T22:03:42+0200,f53b212e-aa3d-41e1-8c2c-be7dde74b504,2026-07-16T01:00:00Z,2026-07-16T03:00:00+0200,0.0,MW,BE,BE,actual_solar_generation,Solar,2026-07-23T20:03:55Z
2026-07-23T20:03:42Z,2026-07-23T22:03:42+0200,f53b212e-aa3d-41e1-8c2c-be7dde74b504,2026-07-16T02:00:00Z,2026-07-16T04:00:00+0200,0.0,MW,BE,BE,actual_solar_generation,Solar,2026-07-23T20:03:55Z
2026-07-23T20:03:42Z,2026-07-23T22:03:42+0200,f53b212e-aa3d-41e1-8c2c-be7dde74b504,2026-07-16T03:00:00Z,2026-07-16T05:00:00+0200,0.0,MW,BE,BE,actual_solar_generation,Solar,2026-07-23T20:03:55Z
2026-07-23T20:03:42Z,2026-07-23T22:03:42+0200,f53b212e-aa3d-41e1-8c2c-be7dde74b504,2026-07-16T04:00:00Z,2026-07-16T06:00:00+0200,213.39,MW,BE,BE,actual_solar_generation,Solar,2026-07-23T20:03:55Z
2026-07-23T20:03:42Z,2026-07-23T22:03:42+0200,f53b212e-aa3d-41e1-8c2c-be7dde74b504,2026-07-16T05:00:00Z,2026-07-16T07:00:00+0200,988.91275,MW,BE,BE,actual_solar_generation,Solar,2026-07-23T20:03:55Z
2026-07-23T20:03:42Z,2026-07-23T22:03:42+0200,f53b212e-aa3d-41e1-8c2c-be7dde74b504,2026-07-16T06:00:00Z,2026-07-16T08:00:00+0200,2254.70425,MW,BE,BE,actual_solar_generation,Solar,2026-07-23T20:03:55Z
2026-07-23T20:03:42Z,2026-07-23T22:03:42+0200,f53b212e-aa3d-41e1-8c2c-be7dde74b504,2026-07-16T07:00:00Z,2026-07-16T09:00:00+0200,3805.89975,MW,BE,BE,actual_solar_generation,Solar,2026-07-23T20:03:55Z
2026-07-23T20:03:42Z,2026-07-23T22:03:42+0200,f53b212e-aa3d-41e1-8c2c-be7dde74b504,2026-07-16T08:00:00Z,2026-07-16T10:00:00+0200,5334.007,MW,BE,BE,actual_solar_generation,Solar,2026-07-23T20:03:55Z
2026-07-23T20:03:42Z,2026-07-23T22:03:42+0200,f53b212e-aa3d-41e1-8c2c-be7dde74b504,2026-07-16T09:00:00Z,2026-07-16T11:00:00+0200,6638.56525,MW,BE,BE,actual_solar_generation,Solar,2026-07-23T20:03:55Z
2026-07-23T20:03:42Z,2026-07-23T22:03:42+0200,f53b212e-aa3d-41e1-8c2c-be7dde74b504,2026-07-16T10:00:00Z,2026-07-16T12:00:00+0200,7524.7785,MW,BE,BE,actual_solar_generation,Solar,2026-07-23T20:03:55Z
2026-07-23T20:03:42Z,2026-07-23T22:03:42+0200,f53b212e-aa3d-41e1-8c2c-be7dde74b504,2026-07-16T11:00:00Z,2026-07-16T13:00:00+0200,7818.196,MW,BE,BE,actual_solar_generation,Solar,2026-07-23T20:03:55Z
2026-07-23T20:03:42Z,2026-07-23T22:03:42+0200,f53b212e-aa3d-41e1-8c2c-be7dde74b504,2026-07-16T12:00:00Z,2026-07-16T14:00:00+0200,7489.3705,MW,BE,BE,actual_solar_generation,Solar,2026-07-23T20:03:55Z
2026-07-23T20:03:42Z,2026-07-23T22:03:42+0200,f53b212e-aa3d-41e1-8c2c-be7dde74b504,2026-07-16T13:00:00Z,2026-07-16T15:00:00+0200,6763.4805,MW,BE,BE,actual_solar_generation,Solar,2026-07-23T20:03:55Z
2026-07-23T20:03:42Z,2026-07-23T22:03:42+0200,f53b212e-aa3d-41e1-8c2c-be7dde74b504,2026-07-16T14:00:00Z,2026-07-16T16:00:00+0200,5646.17275,MW,BE,BE,actual_solar_generation,Solar,2026-07-23T20:03:55Z
2026-07-23T20:03:42Z,2026-07-23T22:03:42+0200,f53b212e-aa3d-41e1-8c2c-be7dde74b504,2026-07-16T15:00:00Z,2026-07-16T17:00:00+0200,4433.4265,MW,BE,BE,actual_solar_generation,Solar,2026-07-23T20:03:55Z
2026-07-23T20:03:42Z,2026-07-23T22:03:42+0200,f53b212e-aa3d-41e1-8c2c-be7dde74b504,2026-07-16T16:00:00Z,2026-07-16T18:00:00+0200,2959.08375,MW,BE,BE,actual_solar_generation,Solar,2026-07-23T20:03:55Z
2026-07-23T20:03:42Z,2026-07-23T22:03:42+0200,f53b212e-aa3d-41e1-8c2c-be7dde74b504,2026-07-16T17:00:00Z,2026-07-16T19:00:00+0200,1643.04675,MW,BE,BE,actual_solar_generation,Solar,2026-07-23T20:03:55Z
2026-07-23T20:03:42Z,2026-07-23T22:03:42+0200,f53b212e-aa3d-41e1-8c2c-be7dde74b504,2026-07-16T18:00:00Z,2026-07-16T20:00:00+0200,683.2215,MW,BE,BE,actual_solar_generation,Solar,2026-07-23T20:03:55Z
2026-07-23T20:03:42Z,2026-07-23T22:03:42+0200,f53b212e-aa3d-41e1-8c2c-be7dde74b504,2026-07-16T19:00:00Z,2026-07-16T21:00:00+0200,82.587,MW,BE,BE,actual_solar_generation,Solar,2026-07-23T20:03:55Z
2026-07-23T20:03:42Z,2026-07-23T22:03:42+0200,f53b212e-aa3d-41e1-8c2c-be7dde74b504,2026-07-16T20:00:00Z,2026-07-16T22:00:00+0200,0.006,MW,BE,BE,actual_solar_generation,Solar,2026-07-23T20:03:55Z
2026-07-23T20:03:42Z,2026-07-23T22:03:42+0200,f53b212e-aa3d-41e1-8c2c-be7dde74b504,2026-07-16T21:00:00Z,2026-07-16T23:00:00+0200,0.0,MW,BE,BE,actual_solar_generation,Solar,2026-07-23T20:03:55Z
2026-07-23T20:03:42Z,2026-07-23T22:03:42+0200,f53b212e-aa3d-41e1-8c2c-be7dde74b504,2026-07-16T22:00:00Z,2026-07-17T00:00:00+0200,0.0,MW,BE,BE,actual_solar_generation,Solar,2026-07-23T20:03:55Z
2026-07-23T20:03:42Z,2026-07-23T22:03:42+0200,f53b212e-aa3d-41e1-8c2c-be7dde74b504,2026-07-16T23:00:00Z,2026-07-17T01:00:00+0200,0.0,MW,BE,BE,actual_solar_generation,Solar,2026-07-23T20:03:55Z
2026-07-23T20:03:42Z,2026-07-23T22:03:42+0200,f53b212e-aa3d-41e1-8c2c-be7dde74b504,2026-07-17T00:00:00Z,2026-07-17T02:00:00+0200,0.0,MW,BE,BE,actual_solar_generation,Solar,2026-07-23T20:03:55Z
2026-07-23T20:03:42Z,2026-07-23T22:03:42+0200,f53b212e-aa3d-41e1-8c2c-be7dde74b504,2026-07-17T01:00:00Z,2026-07-17T03:00:00+0200,0.0,MW,BE,BE,actual_solar_generation,Solar,2026-07-23T20:03:55Z
2026-07-23T20:03:42Z,2026-07-23T22:03:42+0200,f53b212e-aa3d-41e1-8c2c-be7dde74b504,2026-07-17T02:00:00Z,2026-07-17T04:00:00+0200,0.0,MW,BE,BE,actual_solar_generation,Solar,2026-07-23T20:03:55Z
2026-07-23T20:03:42Z,2026-07-23T22:03:42+0200,f53b212e-aa3d-41e1-8c2c-be7dde74b504,2026-07-17T03:00:00Z,2026-07-17T05:00:00+0200,0.0,MW,BE,BE,actual_solar_generation,Solar,2026-07-23T20:03:55Z
2026-07-23T20:03:42Z,2026-07-23T22:03:42+0200,f53b212e-aa3d-41e1-8c2c-be7dde74b504,2026-07-17T04:00:00Z,2026-07-17T06:00:00+0200,238.66,MW,BE,BE,actual_solar_generation,Solar,2026-07-23T20:03:55Z
2026-07-23T20:03:42Z,2026-07-23T22:03:42+0200,f53b212e-aa3d-41e1-8c2c-be7dde74b504,2026-07-17T05:00:00Z,2026-07-17T07:00:00+0200,891.09425,MW,BE,BE,actual_solar_generation,Solar,2026-07-23T20:03:55Z
2026-07-23T20:03:42Z,2026-07-23T22:03:42+0200,f53b212e-aa3d-41e1-8c2c-be7dde74b504,2026-07-17T06:00:00Z,2026-07-17T08:00:00+0200,1784.8255,MW,BE,BE,actual_solar_generation,Solar,2026-07-23T20:03:55Z
2026-07-23T20:03:42Z,2026-07-23T22:03:42+0200,f53b212e-aa3d-41e1-8c2c-be7dde74b504,2026-07-17T07:00:00Z,2026-07-17T09:00:00+0200,2818.65125,MW,BE,BE,actual_solar_generation,Solar,2026-07-23T20:03:55Z
2026-07-23T20:03:42Z,2026-07-23T22:03:42+0200,f53b212e-aa3d-41e1-8c2c-be7dde74b504,2026-07-17T08:00:00Z,2026-07-17T10:00:00+0200,4305.526,MW,BE,BE,actual_solar_generation,Solar,2026-07-23T20:03:55Z
2026-07-23T20:03:42Z,2026-07-23T22:03:42+0200,f53b212e-aa3d-41e1-8c2c-be7dde74b504,2026-07-17T09:00:00Z,2026-07-17T11:00:00+0200,5663.0785,MW,BE,BE,actual_solar_generation,Solar,2026-07-23T20:03:55Z
2026-07-23T20:03:42Z,2026-07-23T22:03:42+0200,f53b212e-aa3d-41e1-8c2c-be7dde74b504,2026-07-17T10:00:00Z,2026-07-17T12:00:00+0200,6956.43775,MW,BE,BE,actual_solar_generation,Solar,2026-07-23T20:03:55Z
2026-07-23T20:03:42Z,2026-07-23T22:03:42+0200,f53b212e-aa3d-41e1-8c2c-be7dde74b504,2026-07-17T11:00:00Z,2026-07-17T13:00:00+0200,7312.48075,MW,BE,BE,actual_solar_generation,Solar,2026-07-23T20:03:55Z
2026-07-23T20:03:42Z,2026-07-23T22:03:42+0200,f53b212e-aa3d-41e1-8c2c-be7dde74b504,2026-07-17T12:00:00Z,2026-07-17T14:00:00+0200,7180.9995,MW,BE,BE,actual_solar_generation,Solar,2026-07-23T20:03:55Z
2026-07-23T20:03:42Z,2026-07-23T22:03:42+0200,f53b212e-aa3d-41e1-8c2c-be7dde74b504,2026-07-17T13:00:00Z,2026-07-17T15:00:00+0200,6754.822,MW,BE,BE,actual_solar_generation,Solar,2026-07-23T20:03:55Z
2026-07-23T20:03:42Z,2026-07-23T22:03:42+0200,f53b212e-aa3d-41e1-8c2c-be7dde74b504,2026-07-17T14:00:00Z,2026-07-17T16:00:00+0200,5943.057,MW,BE,BE,actual_solar_generation,Solar,2026-07-23T20:03:55Z
2026-07-23T20:03:42Z,2026-07-23T22:03:42+0200,f53b212e-aa3d-41e1-8c2c-be7dde74b504,2026-07-17T15:00:00Z,2026-07-17T17:00:00+0200,4709.3305,MW,BE,BE,actual_solar_generation,Solar,2026-07-23T20:03:55Z
2026-07-23T20:03:42Z,2026-07-23T22:03:42+0200,f53b212e-aa3d-41e1-8c2c-be7dde74b504,2026-07-17T16:00:00Z,2026-07-17T18:00:00+0200,3157.57075,MW,BE,BE,actual_solar_generation,Solar,2026-07-23T20:03:55Z
2026-07-23T20:03:42Z,2026-07-23T22:03:42+0200,f53b212e-aa3d-41e1-8c2c-be7dde74b504,2026-07-17T17:00:00Z,2026-07-17T19:00:00+0200,1776.67875,MW,BE,BE,actual_solar_generation,Solar,2026-07-23T20:03:55Z
2026-07-23T20:03:42Z,2026-07-23T22:03:42+0200,f53b212e-aa3d-41e1-8c2c-be7dde74b504,2026-07-17T18:00:00Z,2026-07-17T20:00:00+0200,690.1775,MW,BE,BE,actual_solar_generation,Solar,2026-07-23T20:03:55Z
2026-07-23T20:03:42Z,2026-07-23T22:03:42+0200,f53b212e-aa3d-41e1-8c2c-be7dde74b504,2026-07-17T19:00:00Z,2026-07-17T21:00:00+0200,71.572,MW,BE,BE,actual_solar_generation,Solar,2026-07-23T20:03:55Z
2026-07-23T20:03:42Z,2026-07-23T22:03:42+0200,f53b212e-aa3d-41e1-8c2c-be7dde74b504,2026-07-17T20:00:00Z,2026-07-17T22:00:00+0200,0.0005,MW,BE,BE,actual_solar_generation,Solar,2026-07-23T20:03:55Z
2026-07-23T20:03:42Z,2026-07-23T22:03:42+0200,f53b212e-aa3d-41e1-8c2c-be7dde74b504,2026-07-17T21:00:00Z,2026-07-17T23:00:00+0200,0.0,MW,BE,BE,actual_solar_generation,Solar,2026-07-23T20:03:55Z
2026-07-23T20:03:42Z,2026-07-23T22:03:42+0200,f53b212e-aa3d-41e1-8c2c-be7dde74b504,2026-07-17T22:00:00Z,2026-07-18T00:00:00+0200,0.0,MW,BE,BE,actual_solar_generation,Solar,2026-07-23T20:03:55Z
2026-07-23T20:03:42Z,2026-07-23T22:03:42+0200,f53b212e-aa3d-41e1-8c2c-be7dde74b504,2026-07-17T23:00:00Z,2026-07-18T01:00:00+0200,0.0,MW,BE,BE,actual_solar_generation,Solar,2026-07-23T20:03:55Z
2026-07-23T20:03:42Z,2026-07-23T22:03:42+0200,f53b212e-aa3d-41e1-8c2c-be7dde74b504,2026-07-18T00:00:00Z,2026-07-18T02:00:00+0200,0.0,MW,BE,BE,actual_solar_generation,Solar,2026-07-23T20:03:55Z
2026-07-23T20:03:42Z,2026-07-23T22:03:42+0200,f53b212e-aa3d-41e1-8c2c-be7dde74b504,2026-07-18T01:00:00Z,2026-07-18T03:00:00+0200,0.0,MW,BE,BE,actual_solar_generation,Solar,2026-07-23T20:03:55Z
2026-07-23T20:03:42Z,2026-07-23T22:03:42+0200,f53b212e-aa3d-41e1-8c2c-be7dde74b504,2026-07-18T02:00:00Z,2026-07-18T04:00:00+0200,0.0,MW,BE,BE,actual_solar_generation,Solar,2026-07-23T20:03:55Z
2026-07-23T20:03:42Z,2026-07-23T22:03:42+0200,f53b212e-aa3d-41e1-8c2c-be7dde74b504,2026-07-18T03:00:00Z,2026-07-18T05:00:00+0200,0.0,MW,BE,BE,actual_solar_generation,Solar,2026-07-23T20:03:55Z
2026-07-23T20:03:42Z,2026-07-23T22:03:42+0200,f53b212e-aa3d-41e1-8c2c-be7dde74b504,2026-07-18T04:00:00Z,2026-07-18T06:00:00+0200,94.847,MW,BE,BE,actual_solar_generation,Solar,2026-07-23T20:03:55Z
2026-07-23T20:03:42Z,2026-07-23T22:03:42+0200,f53b212e-aa3d-41e1-8c2c-be7dde74b504,2026-07-18T05:00:00Z,2026-07-18T07:00:00+0200,475.155,MW,BE,BE,actual_solar_generation,Solar,2026-07-23T20:03:55Z
2026-07-23T20:03:42Z,2026-07-23T22:03:42+0200,f53b212e-aa3d-41e1-8c2c-be7dde74b504,2026-07-18T06:00:00Z,2026-07-18T08:00:00+0200,1005.48675,MW,BE,BE,actual_solar_generation,Solar,2026-07-23T20:03:55Z
2026-07-23T20:03:42Z,2026-07-23T22:03:42+0200,f53b212e-aa3d-41e1-8c2c-be7dde74b504,2026-07-18T07:00:00Z,2026-07-18T09:00:00+0200,1742.86325,MW,BE,BE,actual_solar_generation,Solar,2026-07-23T20:03:55Z
2026-07-23T20:03:42Z,2026-07-23T22:03:42+0200,f53b212e-aa3d-41e1-8c2c-be7dde74b504,2026-07-18T08:00:00Z,2026-07-18T10:00:00+0200,2463.072,MW,BE,BE,actual_solar_generation,Solar,2026-07-23T20:03:55Z
2026-07-23T20:03:42Z,2026-07-23T22:03:42+0200,f53b212e-aa3d-41e1-8c2c-be7dde74b504,2026-07-18T09:00:00Z,2026-07-18T11:00:00+0200,2735.3695,MW,BE,BE,actual_solar_generation,Solar,2026-07-23T20:03:55Z
2026-07-23T20:03:42Z,2026-07-23T22:03:42+0200,f53b212e-aa3d-41e1-8c2c-be7dde74b504,2026-07-18T10:00:00Z,2026-07-18T12:00:00+0200,2873.09325,MW,BE,BE,actual_solar_generation,Solar,2026-07-23T20:03:55Z
2026-07-23T20:03:42Z,2026-07-23T22:03:42+0200,f53b212e-aa3d-41e1-8c2c-be7dde74b504,2026-07-18T11:00:00Z,2026-07-18T13:00:00+0200,2979.108,MW,BE,BE,actual_solar_generation,Solar,2026-07-23T20:03:55Z
2026-07-23T20:03:42Z,2026-07-23T22:03:42+0200,f53b212e-aa3d-41e1-8c2c-be7dde74b504,2026-07-18T12:00:00Z,2026-07-18T14:00:00+0200,3318.64075,MW,BE,BE,actual_solar_generation,Solar,2026-07-23T20:03:55Z
2026-07-23T20:03:42Z,2026-07-23T22:03:42+0200,f53b212e-aa3d-41e1-8c2c-be7dde74b504,2026-07-18T13:00:00Z,2026-07-18T15:00:00+0200,3707.62925,MW,BE,BE,actual_solar_generation,Solar,2026-07-23T20:03:55Z
2026-07-23T20:03:42Z,2026-07-23T22:03:42+0200,f53b212e-aa3d-41e1-8c2c-be7dde74b504,2026-07-18T14:00:00Z,2026-07-18T16:00:00+0200,3813.06275,MW,BE,BE,actual_solar_generation,Solar,2026-07-23T20:03:55Z
2026-07-23T20:03:42Z,2026-07-23T22:03:42+0200,f53b212e-aa3d-41e1-8c2c-be7dde74b504,2026-07-18T15:00:00Z,2026-07-18T17:00:00+0200,3032.094,MW,BE,BE,actual_solar_generation,Solar,2026-07-23T20:03:55Z
2026-07-23T20:03:42Z,2026-07-23T22:03:42+0200,f53b212e-aa3d-41e1-8c2c-be7dde74b504,2026-07-18T16:00:00Z,2026-07-18T18:00:00+0200,1846.81125,MW,BE,BE,actual_solar_generation,Solar,2026-07-23T20:03:55Z
2026-07-23T20:03:42Z,2026-07-23T22:03:42+0200,f53b212e-aa3d-41e1-8c2c-be7dde74b504,2026-07-18T17:00:00Z,2026-07-18T19:00:00+0200,961.70575,MW,BE,BE,actual_solar_generation,Solar,2026-07-23T20:03:55Z
2026-07-23T20:03:42Z,2026-07-23T22:03:42+0200,f53b212e-aa3d-41e1-8c2c-be7dde74b504,2026-07-18T18:00:00Z,2026-07-18T20:00:00+0200,358.5015,MW,BE,BE,actual_solar_generation,Solar,2026-07-23T20:03:55Z
2026-07-23T20:03:42Z,2026-07-23T22:03:42+0200,f53b212e-aa3d-41e1-8c2c-be7dde74b504,2026-07-18T19:00:00Z,2026-07-18T21:00:00+0200,44.2155,MW,BE,BE,actual_solar_generation,Solar,2026-07-23T20:03:55Z
2026-07-23T20:03:42Z,2026-07-23T22:03:42+0200,f53b212e-aa3d-41e1-8c2c-be7dde74b504,2026-07-18T20:00:00Z,2026-07-18T22:00:00+0200,0.00025,MW,BE,BE,actual_solar_generation,Solar,2026-07-23T20:03:55Z
2026-07-23T20:03:42Z,2026-07-23T22:03:42+0200,f53b212e-aa3d-41e1-8c2c-be7dde74b504,2026-07-18T21:00:00Z,2026-07-18T23:00:00+0200,0.0,MW,BE,BE,actual_solar_generation,Solar,2026-07-23T20:03:55Z
2026-07-23T20:03:42Z,2026-07-23T22:03:42+0200,f53b212e-aa3d-41e1-8c2c-be7dde74b504,2026-07-18T22:00:00Z,2026-07-19T00:00:00+0200,0.0,MW,BE,BE,actual_solar_generation,Solar,2026-07-23T20:03:55Z
2026-07-23T20:03:42Z,2026-07-23T22:03:42+0200,f53b212e-aa3d-41e1-8c2c-be7dde74b504,2026-07-18T23:00:00Z,2026-07-19T01:00:00+0200,0.0,MW,BE,BE,actual_solar_generation,Solar,2026-07-23T20:03:55Z
2026-07-23T20:03:42Z,2026-07-23T22:03:42+0200,f53b212e-aa3d-41e1-8c2c-be7dde74b504,2026-07-19T00:00:00Z,2026-07-19T02:00:00+0200,0.0,MW,BE,BE,actual_solar_generation,Solar,2026-07-23T20:03:55Z
2026-07-23T20:03:42Z,2026-07-23T22:03:42+0200,f53b212e-aa3d-41e1-8c2c-be7dde74b504,2026-07-19T01:00:00Z,2026-07-19T03:00:00+0200,0.0,MW,BE,BE,actual_solar_generation,Solar,2026-07-23T20:03:55Z
2026-07-23T20:03:42Z,2026-07-23T22:03:42+0200,f53b212e-aa3d-41e1-8c2c-be7dde74b504,2026-07-19T02:00:00Z,2026-07-19T04:00:00+0200,0.0,MW,BE,BE,actual_solar_generation,Solar,2026-07-23T20:03:55Z
2026-07-23T20:03:42Z,2026-07-23T22:03:42+0200,f53b212e-aa3d-41e1-8c2c-be7dde74b504,2026-07-19T03:00:00Z,2026-07-19T05:00:00+0200,0.0,MW,BE,BE,actual_solar_generation,Solar,2026-07-23T20:03:55Z
2026-07-23T20:03:42Z,2026-07-23T22:03:42+0200,f53b212e-aa3d-41e1-8c2c-be7dde74b504,2026-07-19T04:00:00Z,2026-07-19T06:00:00+0200,211.7365,MW,BE,BE,actual_solar_generation,Solar,2026-07-23T20:03:55Z
2026-07-23T20:03:42Z,2026-07-23T22:03:42+0200,f53b212e-aa3d-41e1-8c2c-be7dde74b504,2026-07-19T05:00:00Z,2026-07-19T07:00:00+0200,950.53825,MW,BE,BE,actual_solar_generation,Solar,2026-07-23T20:03:55Z
2026-07-23T20:03:42Z,2026-07-23T22:03:42+0200,f53b212e-aa3d-41e1-8c2c-be7dde74b504,2026-07-19T06:00:00Z,2026-07-19T08:00:00+0200,1749.9745,MW,BE,BE,actual_solar_generation,Solar,2026-07-23T20:03:55Z
2026-07-23T20:03:42Z,2026-07-23T22:03:42+0200,f53b212e-aa3d-41e1-8c2c-be7dde74b504,2026-07-19T07:00:00Z,2026-07-19T09:00:00+0200,2390.5965,MW,BE,BE,actual_solar_generation,Solar,2026-07-23T20:03:55Z
2026-07-23T20:03:42Z,2026-07-23T22:03:42+0200,f53b212e-aa3d-41e1-8c2c-be7dde74b504,2026-07-19T08:00:00Z,2026-07-19T10:00:00+0200,3094.26925,MW,BE,BE,actual_solar_generation,Solar,2026-07-23T20:03:55Z
2026-07-23T20:03:42Z,2026-07-23T22:03:42+0200,f53b212e-aa3d-41e1-8c2c-be7dde74b504,2026-07-19T09:00:00Z,2026-07-19T11:00:00+0200,3986.71575,MW,BE,BE,actual_solar_generation,Solar,2026-07-23T20:03:55Z
2026-07-23T20:03:42Z,2026-07-23T22:03:42+0200,f53b212e-aa3d-41e1-8c2c-be7dde74b504,2026-07-19T10:00:00Z,2026-07-19T12:00:00+0200,4748.4865,MW,BE,BE,actual_solar_generation,Solar,2026-07-23T20:03:55Z
2026-07-23T20:03:42Z,2026-07-23T22:03:42+0200,f53b212e-aa3d-41e1-8c2c-be7dde74b504,2026-07-19T11:00:00Z,2026-07-19T13:00:00+0200,5353.308,MW,BE,BE,actual_solar_generation,Solar,2026-07-23T20:03:55Z
2026-07-23T20:03:42Z,2026-07-23T22:03:42+0200,f53b212e-aa3d-41e1-8c2c-be7dde74b504,2026-07-19T12:00:00Z,2026-07-19T14:00:00+0200,5362.48875,MW,BE,BE,actual_solar_generation,Solar,2026-07-23T20:03:55Z
2026-07-23T20:03:42Z,2026-07-23T22:03:42+0200,f53b212e-aa3d-41e1-8c2c-be7dde74b504,2026-07-19T13:00:00Z,2026-07-19T15:00:00+0200,5252.87675,MW,BE,BE,actual_solar_generation,Solar,2026-07-23T20:03:55Z
2026-07-23T20:03:42Z,2026-07-23T22:03:42+0200,f53b212e-aa3d-41e1-8c2c-be7dde74b504,2026-07-19T14:00:00Z,2026-07-19T16:00:00+0200,4751.1655,MW,BE,BE,actual_solar_generation,Solar,2026-07-23T20:03:55Z
2026-07-23T20:03:42Z,2026-07-23T22:03:42+0200,f53b212e-aa3d-41e1-8c2c-be7dde74b504,2026-07-19T15:00:00Z,2026-07-19T17:00:00+0200,3968.89575,MW,BE,BE,actual_solar_generation,Solar,2026-07-23T20:03:55Z
2026-07-23T20:03:42Z,2026-07-23T22:03:42+0200,f53b212e-aa3d-41e1-8c2c-be7dde74b504,2026-07-19T16:00:00Z,2026-07-19T18:00:00+0200,2927.59775,MW,BE,BE,actual_solar_generation,Solar,2026-07-23T20:03:55Z
2026-07-23T20:03:42Z,2026-07-23T22:03:42+0200,f53b212e-aa3d-41e1-8c2c-be7dde74b504,2026-07-19T17:00:00Z,2026-07-19T19:00:00+0200,1708.397,MW,BE,BE,actual_solar_generation,Solar,2026-07-23T20:03:55Z
2026-07-23T20:03:42Z,2026-07-23T22:03:42+0200,f53b212e-aa3d-41e1-8c2c-be7dde74b504,2026-07-19T18:00:00Z,2026-07-19T20:00:00+0200,672.793,MW,BE,BE,actual_solar_generation,Solar,2026-07-23T20:03:55Z
2026-07-23T20:03:42Z,2026-07-23T22:03:42+0200,f53b212e-aa3d-41e1-8c2c-be7dde74b504,2026-07-19T19:00:00Z,2026-07-19T21:00:00+0200,62.97325,MW,BE,BE,actual_solar_generation,Solar,2026-07-23T20:03:55Z
2026-07-23T20:03:42Z,2026-07-23T22:03:42+0200,f53b212e-aa3d-41e1-8c2c-be7dde74b504,2026-07-19T20:00:00Z,2026-07-19T22:00:00+0200,0.00475,MW,BE,BE,actual_solar_generation,Solar,2026-07-23T20:03:55Z
2026-07-23T20:03:42Z,2026-07-23T22:03:42+0200,f53b212e-aa3d-41e1-8c2c-be7dde74b504,2026-07-19T21:00:00Z,2026-07-19T23:00:00+0200,0.0,MW,BE,BE,actual_solar_generation,Solar,2026-07-23T20:03:55Z
2026-07-23T20:03:42Z,2026-07-23T22:03:42+0200,f53b212e-aa3d-41e1-8c2c-be7dde74b504,2026-07-19T22:00:00Z,2026-07-20T00:00:00+0200,0.0,MW,BE,BE,actual_solar_generation,Solar,2026-07-23T20:03:55Z
2026-07-23T20:03:42Z,2026-07-23T22:03:42+0200,f53b212e-aa3d-41e1-8c2c-be7dde74b504,2026-07-19T23:00:00Z,2026-07-20T01:00:00+0200,0.0,MW,BE,BE,actual_solar_generation,Solar,2026-07-23T20:03:55Z
2026-07-23T20:03:42Z,2026-07-23T22:03:42+0200,f53b212e-aa3d-41e1-8c2c-be7dde74b504,2026-07-20T00:00:00Z,2026-07-20T02:00:00+0200,0.0,MW,BE,BE,actual_solar_generation,Solar,2026-07-23T20:03:55Z
2026-07-23T20:03:42Z,2026-07-23T22:03:42+0200,f53b212e-aa3d-41e1-8c2c-be7dde74b504,2026-07-20T01:00:00Z,2026-07-20T03:00:00+0200,0.0,MW,BE,BE,actual_solar_generation,Solar,2026-07-23T20:03:55Z
2026-07-23T20:03:42Z,2026-07-23T22:03:42+0200,f53b212e-aa3d-41e1-8c2c-be7dde74b504,2026-07-20T02:00:00Z,2026-07-20T04:00:00+0200,0.0,MW,BE,BE,actual_solar_generation,Solar,2026-07-23T20:03:55Z
2026-07-23T20:03:42Z,2026-07-23T22:03:42+0200,f53b212e-aa3d-41e1-8c2c-be7dde74b504,2026-07-20T03:00:00Z,2026-07-20T05:00:00+0200,0.0,MW,BE,BE,actual_solar_generation,Solar,2026-07-23T20:03:55Z
2026-07-23T20:03:42Z,2026-07-23T22:03:42+0200,f53b212e-aa3d-41e1-8c2c-be7dde74b504,2026-07-20T04:00:00Z,2026-07-20T06:00:00+0200,150.64,MW,BE,BE,actual_solar_generation,Solar,2026-07-23T20:03:55Z
2026-07-23T20:03:42Z,2026-07-23T22:03:42+0200,f53b212e-aa3d-41e1-8c2c-be7dde74b504,2026-07-20T05:00:00Z,2026-07-20T07:00:00+0200,714.343,MW,BE,BE,actual_solar_generation,Solar,2026-07-23T20:03:55Z
2026-07-23T20:03:42Z,2026-07-23T22:03:42+0200,f53b212e-aa3d-41e1-8c2c-be7dde74b504,2026-07-20T06:00:00Z,2026-07-20T08:00:00+0200,1769.5115,MW,BE,BE,actual_solar_generation,Solar,2026-07-23T20:03:55Z
2026-07-23T20:03:42Z,2026-07-23T22:03:42+0200,f53b212e-aa3d-41e1-8c2c-be7dde74b504,2026-07-20T07:00:00Z,2026-07-20T09:00:00+0200,2724.0425,MW,BE,BE,actual_solar_generation,Solar,2026-07-23T20:03:55Z
2026-07-23T20:03:42Z,2026-07-23T22:03:42+0200,f53b212e-aa3d-41e1-8c2c-be7dde74b504,2026-07-20T08:00:00Z,2026-07-20T10:00:00+0200,3492.41475,MW,BE,BE,actual_solar_generation,Solar,2026-07-23T20:03:55Z
2026-07-23T20:03:42Z,2026-07-23T22:03:42+0200,f53b212e-aa3d-41e1-8c2c-be7dde74b504,2026-07-20T09:00:00Z,2026-07-20T11:00:00+0200,4446.56225,MW,BE,BE,actual_solar_generation,Solar,2026-07-23T20:03:55Z
2026-07-23T20:03:42Z,2026-07-23T22:03:42+0200,f53b212e-aa3d-41e1-8c2c-be7dde74b504,2026-07-20T10:00:00Z,2026-07-20T12:00:00+0200,4918.6415,MW,BE,BE,actual_solar_generation,Solar,2026-07-23T20:03:55Z
2026-07-23T20:03:42Z,2026-07-23T22:03:42+0200,f53b212e-aa3d-41e1-8c2c-be7dde74b504,2026-07-20T11:00:00Z,2026-07-20T13:00:00+0200,5130.29075,MW,BE,BE,actual_solar_generation,Solar,2026-07-23T20:03:55Z
2026-07-23T20:03:42Z,2026-07-23T22:03:42+0200,f53b212e-aa3d-41e1-8c2c-be7dde74b504,2026-07-20T12:00:00Z,2026-07-20T14:00:00+0200,5448.1625,MW,BE,BE,actual_solar_generation,Solar,2026-07-23T20:03:55Z
2026-07-23T20:03:42Z,2026-07-23T22:03:42+0200,f53b212e-aa3d-41e1-8c2c-be7dde74b504,2026-07-20T13:00:00Z,2026-07-20T15:00:00+0200,5237.36925,MW,BE,BE,actual_solar_generation,Solar,2026-07-23T20:03:55Z
2026-07-23T20:03:42Z,2026-07-23T22:03:42+0200,f53b212e-aa3d-41e1-8c2c-be7dde74b504,2026-07-20T14:00:00Z,2026-07-20T16:00:00+0200,4834.14375,MW,BE,BE,actual_solar_generation,Solar,2026-07-23T20:03:55Z
2026-07-23T20:03:42Z,2026-07-23T22:03:42+0200,f53b212e-aa3d-41e1-8c2c-be7dde74b504,2026-07-20T15:00:00Z,2026-07-20T17:00:00+0200,4103.2255,MW,BE,BE,actual_solar_generation,Solar,2026-07-23T20:03:55Z
2026-07-23T20:03:42Z,2026-07-23T22:03:42+0200,f53b212e-aa3d-41e1-8c2c-be7dde74b504,2026-07-20T16:00:00Z,2026-07-20T18:00:00+0200,2899.65125,MW,BE,BE,actual_solar_generation,Solar,2026-07-23T20:03:55Z
2026-07-23T20:03:42Z,2026-07-23T22:03:42+0200,f53b212e-aa3d-41e1-8c2c-be7dde74b504,2026-07-20T17:00:00Z,2026-07-20T19:00:00+0200,1692.295,MW,BE,BE,actual_solar_generation,Solar,2026-07-23T20:03:55Z
2026-07-23T20:03:42Z,2026-07-23T22:03:42+0200,f53b212e-aa3d-41e1-8c2c-be7dde74b504,2026-07-20T18:00:00Z,2026-07-20T20:00:00+0200,746.00375,MW,BE,BE,actual_solar_generation,Solar,2026-07-23T20:03:55Z
2026-07-23T20:03:42Z,2026-07-23T22:03:42+0200,f53b212e-aa3d-41e1-8c2c-be7dde74b504,2026-07-20T19:00:00Z,2026-07-20T21:00:00+0200,81.45725,MW,BE,BE,actual_solar_generation,Solar,2026-07-23T20:03:55Z
2026-07-23T20:03:42Z,2026-07-23T22:03:42+0200,f53b212e-aa3d-41e1-8c2c-be7dde74b504,2026-07-20T20:00:00Z,2026-07-20T22:00:00+0200,0.00025,MW,BE,BE,actual_solar_generation,Solar,2026-07-23T20:03:55Z
2026-07-23T20:03:42Z,2026-07-23T22:03:42+0200,f53b212e-aa3d-41e1-8c2c-be7dde74b504,2026-07-20T21:00:00Z,2026-07-20T23:00:00+0200,0.0,MW,BE,BE,actual_solar_generation,Solar,2026-07-23T20:03:55Z
2026-07-23T20:03:42Z,2026-07-23T22:03:42+0200,f53b212e-aa3d-41e1-8c2c-be7dde74b504,2026-07-20T22:00:00Z,2026-07-21T00:00:00+0200,0.0,MW,BE,BE,actual_solar_generation,Solar,2026-07-23T20:03:55Z
2026-07-23T20:03:42Z,2026-07-23T22:03:42+0200,f53b212e-aa3d-41e1-8c2c-be7dde74b504,2026-07-20T23:00:00Z,2026-07-21T01:00:00+0200,0.0,MW,BE,BE,actual_solar_generation,Solar,2026-07-23T20:03:55Z
2026-07-23T20:03:42Z,2026-07-23T22:03:42+0200,f53b212e-aa3d-41e1-8c2c-be7dde74b504,2026-07-21T00:00:00Z,2026-07-21T02:00:00+0200,0.0,MW,BE,BE,actual_solar_generation,Solar,2026-07-23T20:03:55Z
2026-07-23T20:03:42Z,2026-07-23T22:03:42+0200,f53b212e-aa3d-41e1-8c2c-be7dde74b504,2026-07-21T01:00:00Z,2026-07-21T03:00:00+0200,0.0,MW,BE,BE,actual_solar_generation,Solar,2026-07-23T20:03:55Z
2026-07-23T20:03:42Z,2026-07-23T22:03:42+0200,f53b212e-aa3d-41e1-8c2c-be7dde74b504,2026-07-21T02:00:00Z,2026-07-21T04:00:00+0200,0.0,MW,BE,BE,actual_solar_generation,Solar,2026-07-23T20:03:55Z
2026-07-23T20:03:42Z,2026-07-23T22:03:42+0200,f53b212e-aa3d-41e1-8c2c-be7dde74b504,2026-07-21T03:00:00Z,2026-07-21T05:00:00+0200,0.0,MW,BE,BE,actual_solar_generation,Solar,2026-07-23T20:03:55Z
2026-07-23T20:03:42Z,2026-07-23T22:03:42+0200,f53b212e-aa3d-41e1-8c2c-be7dde74b504,2026-07-21T04:00:00Z,2026-07-21T06:00:00+0200,195.07575,MW,BE,BE,actual_solar_generation,Solar,2026-07-23T20:03:55Z
2026-07-23T20:03:42Z,2026-07-23T22:03:42+0200,f53b212e-aa3d-41e1-8c2c-be7dde74b504,2026-07-21T05:00:00Z,2026-07-21T07:00:00+0200,909.4295,MW,BE,BE,actual_solar_generation,Solar,2026-07-23T20:03:55Z
2026-07-23T20:03:42Z,2026-07-23T22:03:42+0200,f53b212e-aa3d-41e1-8c2c-be7dde74b504,2026-07-21T06:00:00Z,2026-07-21T08:00:00+0200,1921.801,MW,BE,BE,actual_solar_generation,Solar,2026-07-23T20:03:55Z
2026-07-23T20:03:42Z,2026-07-23T22:03:42+0200,f53b212e-aa3d-41e1-8c2c-be7dde74b504,2026-07-21T07:00:00Z,2026-07-21T09:00:00+0200,3008.4015,MW,BE,BE,actual_solar_generation,Solar,2026-07-23T20:03:55Z
2026-07-23T20:03:42Z,2026-07-23T22:03:42+0200,f53b212e-aa3d-41e1-8c2c-be7dde74b504,2026-07-21T08:00:00Z,2026-07-21T10:00:00+0200,4032.95875,MW,BE,BE,actual_solar_generation,Solar,2026-07-23T20:03:55Z
2026-07-23T20:03:42Z,2026-07-23T22:03:42+0200,f53b212e-aa3d-41e1-8c2c-be7dde74b504,2026-07-21T09:00:00Z,2026-07-21T11:00:00+0200,5552.549,MW,BE,BE,actual_solar_generation,Solar,2026-07-23T20:03:55Z
2026-07-23T20:03:42Z,2026-07-23T22:03:42+0200,f53b212e-aa3d-41e1-8c2c-be7dde74b504,2026-07-21T10:00:00Z,2026-07-21T12:00:00+0200,6843.83475,MW,BE,BE,actual_solar_generation,Solar,2026-07-23T20:03:55Z
2026-07-23T20:03:42Z,2026-07-23T22:03:42+0200,f53b212e-aa3d-41e1-8c2c-be7dde74b504,2026-07-21T11:00:00Z,2026-07-21T13:00:00+0200,7570.2135,MW,BE,BE,actual_solar_generation,Solar,2026-07-23T20:03:55Z
2026-07-23T20:03:42Z,2026-07-23T22:03:42+0200,f53b212e-aa3d-41e1-8c2c-be7dde74b504,2026-07-21T12:00:00Z,2026-07-21T14:00:00+0200,7374.06625,MW,BE,BE,actual_solar_generation,Solar,2026-07-23T20:03:55Z
2026-07-23T20:03:42Z,2026-07-23T22:03:42+0200,f53b212e-aa3d-41e1-8c2c-be7dde74b504,2026-07-21T13:00:00Z,2026-07-21T15:00:00+0200,6830.76025,MW,BE,BE,actual_solar_generation,Solar,2026-07-23T20:03:55Z
2026-07-23T20:03:42Z,2026-07-23T22:03:42+0200,f53b212e-aa3d-41e1-8c2c-be7dde74b504,2026-07-21T14:00:00Z,2026-07-21T16:00:00+0200,5778.95025,MW,BE,BE,actual_solar_generation,Solar,2026-07-23T20:03:55Z
2026-07-23T20:03:42Z,2026-07-23T22:03:42+0200,f53b212e-aa3d-41e1-8c2c-be7dde74b504,2026-07-21T15:00:00Z,2026-07-21T17:00:00+0200,4345.2835,MW,BE,BE,actual_solar_generation,Solar,2026-07-23T20:03:55Z
2026-07-23T20:03:42Z,2026-07-23T22:03:42+0200,f53b212e-aa3d-41e1-8c2c-be7dde74b504,2026-07-21T16:00:00Z,2026-07-21T18:00:00+0200,2788.972,MW,BE,BE,actual_solar_generation,Solar,2026-07-23T20:03:55Z
2026-07-23T20:03:42Z,2026-07-23T22:03:42+0200,f53b212e-aa3d-41e1-8c2c-be7dde74b504,2026-07-21T17:00:00Z,2026-07-21T19:00:00+0200,1538.05625,MW,BE,BE,actual_solar_generation,Solar,2026-07-23T20:03:55Z
2026-07-23T20:03:42Z,2026-07-23T22:03:42+0200,f53b212e-aa3d-41e1-8c2c-be7dde74b504,2026-07-21T18:00:00Z,2026-07-21T20:00:00+0200,553.1665,MW,BE,BE,actual_solar_generation,Solar,2026-07-23T20:03:55Z
2026-07-23T20:03:42Z,2026-07-23T22:03:42+0200,f53b212e-aa3d-41e1-8c2c-be7dde74b504,2026-07-21T19:00:00Z,2026-07-21T21:00:00+0200,40.67825,MW,BE,BE,actual_solar_generation,Solar,2026-07-23T20:03:55Z
2026-07-23T20:03:42Z,2026-07-23T22:03:42+0200,f53b212e-aa3d-41e1-8c2c-be7dde74b504,2026-07-21T20:00:00Z,2026-07-21T22:00:00+0200,0.0,MW,BE,BE,actual_solar_generation,Solar,2026-07-23T20:03:55Z
2026-07-23T20:03:42Z,2026-07-23T22:03:42+0200,f53b212e-aa3d-41e1-8c2c-be7dde74b504,2026-07-21T21:00:00Z,2026-07-21T23:00:00+0200,0.0,MW,BE,BE,actual_solar_generation,Solar,2026-07-23T20:03:55Z
2026-07-23T20:03:42Z,2026-07-23T22:03:42+0200,f53b212e-aa3d-41e1-8c2c-be7dde74b504,2026-07-21T22:00:00Z,2026-07-22T00:00:00+0200,0.0,MW,BE,BE,actual_solar_generation,Solar,2026-07-23T20:03:55Z
2026-07-23T20:03:42Z,2026-07-23T22:03:42+0200,f53b212e-aa3d-41e1-8c2c-be7dde74b504,2026-07-21T23:00:00Z,2026-07-22T01:00:00+0200,0.0,MW,BE,BE,actual_solar_generation,Solar,2026-07-23T20:03:55Z
2026-07-23T20:03:42Z,2026-07-23T22:03:42+0200,f53b212e-aa3d-41e1-8c2c-be7dde74b504,2026-07-22T00:00:00Z,2026-07-22T02:00:00+0200,0.0,MW,BE,BE,actual_solar_generation,Solar,2026-07-23T20:03:55Z
2026-07-23T20:03:42Z,2026-07-23T22:03:42+0200,f53b212e-aa3d-41e1-8c2c-be7dde74b504,2026-07-22T01:00:00Z,2026-07-22T03:00:00+0200,0.0,MW,BE,BE,actual_solar_generation,Solar,2026-07-23T20:03:55Z
2026-07-23T20:03:42Z,2026-07-23T22:03:42+0200,f53b212e-aa3d-41e1-8c2c-be7dde74b504,2026-07-22T02:00:00Z,2026-07-22T04:00:00+0200,0.0,MW,BE,BE,actual_solar_generation,Solar,2026-07-23T20:03:55Z
2026-07-23T20:03:42Z,2026-07-23T22:03:42+0200,f53b212e-aa3d-41e1-8c2c-be7dde74b504,2026-07-22T03:00:00Z,2026-07-22T05:00:00+0200,0.0,MW,BE,BE,actual_solar_generation,Solar,2026-07-23T20:03:55Z
2026-07-23T20:03:42Z,2026-07-23T22:03:42+0200,f53b212e-aa3d-41e1-8c2c-be7dde74b504,2026-07-22T04:00:00Z,2026-07-22T06:00:00+0200,57.16325,MW,BE,BE,actual_solar_generation,Solar,2026-07-23T20:03:55Z
2026-07-23T20:03:42Z,2026-07-23T22:03:42+0200,f53b212e-aa3d-41e1-8c2c-be7dde74b504,2026-07-22T05:00:00Z,2026-07-22T07:00:00+0200,414.8095,MW,BE,BE,actual_solar_generation,Solar,2026-07-23T20:03:55Z
2026-07-23T20:03:42Z,2026-07-23T22:03:42+0200,f53b212e-aa3d-41e1-8c2c-be7dde74b504,2026-07-22T06:00:00Z,2026-07-22T08:00:00+0200,1058.03325,MW,BE,BE,actual_solar_generation,Solar,2026-07-23T20:03:55Z
2026-07-23T20:03:42Z,2026-07-23T22:03:42+0200,f53b212e-aa3d-41e1-8c2c-be7dde74b504,2026-07-22T07:00:00Z,2026-07-22T09:00:00+0200,1585.896,MW,BE,BE,actual_solar_generation,Solar,2026-07-23T20:03:55Z
2026-07-23T20:03:42Z,2026-07-23T22:03:42+0200,f53b212e-aa3d-41e1-8c2c-be7dde74b504,2026-07-22T08:00:00Z,2026-07-22T10:00:00+0200,1927.48075,MW,BE,BE,actual_solar_generation,Solar,2026-07-23T20:03:55Z
2026-07-23T20:03:42Z,2026-07-23T22:03:42+0200,f53b212e-aa3d-41e1-8c2c-be7dde74b504,2026-07-22T09:00:00Z,2026-07-22T11:00:00+0200,2355.02975,MW,BE,BE,actual_solar_generation,Solar,2026-07-23T20:03:55Z
2026-07-23T20:03:42Z,2026-07-23T22:03:42+0200,f53b212e-aa3d-41e1-8c2c-be7dde74b504,2026-07-22T10:00:00Z,2026-07-22T12:00:00+0200,2928.17275,MW,BE,BE,actual_solar_generation,Solar,2026-07-23T20:03:55Z
2026-07-23T20:03:42Z,2026-07-23T22:03:42+0200,f53b212e-aa3d-41e1-8c2c-be7dde74b504,2026-07-22T11:00:00Z,2026-07-22T13:00:00+0200,3342.2735,MW,BE,BE,actual_solar_generation,Solar,2026-07-23T20:03:55Z
2026-07-23T20:03:42Z,2026-07-23T22:03:42+0200,f53b212e-aa3d-41e1-8c2c-be7dde74b504,2026-07-22T12:00:00Z,2026-07-22T14:00:00+0200,3397.7135,MW,BE,BE,actual_solar_generation,Solar,2026-07-23T20:03:55Z
2026-07-23T20:03:42Z,2026-07-23T22:03:42+0200,f53b212e-aa3d-41e1-8c2c-be7dde74b504,2026-07-22T13:00:00Z,2026-07-22T15:00:00+0200,3463.2205,MW,BE,BE,actual_solar_generation,Solar,2026-07-23T20:03:55Z
2026-07-23T20:03:42Z,2026-07-23T22:03:42+0200,f53b212e-aa3d-41e1-8c2c-be7dde74b504,2026-07-22T14:00:00Z,2026-07-22T16:00:00+0200,3490.09375,MW,BE,BE,actual_solar_generation,Solar,2026-07-23T20:03:55Z
2026-07-23T20:03:42Z,2026-07-23T22:03:42+0200,f53b212e-aa3d-41e1-8c2c-be7dde74b504,2026-07-22T15:00:00Z,2026-07-22T17:00:00+0200,2899.93025,MW,BE,BE,actual_solar_generation,Solar,2026-07-23T20:03:55Z
2026-07-23T20:03:42Z,2026-07-23T22:03:42+0200,f53b212e-aa3d-41e1-8c2c-be7dde74b504,2026-07-22T16:00:00Z,2026-07-22T18:00:00+0200,2118.25,MW,BE,BE,actual_solar_generation,Solar,2026-07-23T20:03:55Z
2026-07-23T20:03:42Z,2026-07-23T22:03:42+0200,f53b212e-aa3d-41e1-8c2c-be7dde74b504,2026-07-22T17:00:00Z,2026-07-22T19:00:00+0200,1298.78725,MW,BE,BE,actual_solar_generation,Solar,2026-07-23T20:03:55Z
2026-07-23T20:03:42Z,2026-07-23T22:03:42+0200,f53b212e-aa3d-41e1-8c2c-be7dde74b504,2026-07-22T18:00:00Z,2026-07-22T20:00:00+0200,437.70475,MW,BE,BE,actual_solar_generation,Solar,2026-07-23T20:03:55Z
2026-07-23T20:03:42Z,2026-07-23T22:03:42+0200,f53b212e-aa3d-41e1-8c2c-be7dde74b504,2026-07-22T19:00:00Z,2026-07-22T21:00:00+0200,29.612,MW,BE,BE,actual_solar_generation,Solar,2026-07-23T20:03:55Z
2026-07-23T20:03:42Z,2026-07-23T22:03:42+0200,f53b212e-aa3d-41e1-8c2c-be7dde74b504,2026-07-22T20:00:00Z,2026-07-22T22:00:00+0200,0.0,MW,BE,BE,actual_solar_generation,Solar,2026-07-23T20:03:55Z
2026-07-23T20:03:42Z,2026-07-23T22:03:42+0200,f53b212e-aa3d-41e1-8c2c-be7dde74b504,2026-07-22T21:00:00Z,2026-07-22T23:00:00+0200,0.0,MW,BE,BE,actual_solar_generation,Solar,2026-07-23T20:03:55Z
2026-07-23T20:03:42Z,2026-07-23T22:03:42+0200,f53b212e-aa3d-41e1-8c2c-be7dde74b504,2026-07-22T22:00:00Z,2026-07-23T00:00:00+0200,0.0,MW,BE,BE,actual_solar_generation,Solar,2026-07-23T20:03:55Z
2026-07-23T20:03:42Z,2026-07-23T22:03:42+0200,f53b212e-aa3d-41e1-8c2c-be7dde74b504,2026-07-22T23:00:00Z,2026-07-23T01:00:00+0200,0.0,MW,BE,BE,actual_solar_generation,Solar,2026-07-23T20:03:55Z
2026-07-23T20:03:42Z,2026-07-23T22:03:42+0200,f53b212e-aa3d-41e1-8c2c-be7dde74b504,2026-07-23T00:00:00Z,2026-07-23T02:00:00+0200,0.0,MW,BE,BE,actual_solar_generation,Solar,2026-07-23T20:03:55Z
2026-07-23T20:03:42Z,2026-07-23T22:03:42+0200,f53b212e-aa3d-41e1-8c2c-be7dde74b504,2026-07-23T01:00:00Z,2026-07-23T03:00:00+0200,0.0,MW,BE,BE,actual_solar_generation,Solar,2026-07-23T20:03:55Z
2026-07-23T20:03:42Z,2026-07-23T22:03:42+0200,f53b212e-aa3d-41e1-8c2c-be7dde74b504,2026-07-23T02:00:00Z,2026-07-23T04:00:00+0200,0.0,MW,BE,BE,actual_solar_generation,Solar,2026-07-23T20:03:55Z
2026-07-23T20:03:42Z,2026-07-23T22:03:42+0200,f53b212e-aa3d-41e1-8c2c-be7dde74b504,2026-07-23T03:00:00Z,2026-07-23T05:00:00+0200,0.0,MW,BE,BE,actual_solar_generation,Solar,2026-07-23T20:03:55Z
2026-07-23T20:03:42Z,2026-07-23T22:03:42+0200,f53b212e-aa3d-41e1-8c2c-be7dde74b504,2026-07-23T04:00:00Z,2026-07-23T06:00:00+0200,71.03875,MW,BE,BE,actual_solar_generation,Solar,2026-07-23T20:03:55Z
2026-07-23T20:03:42Z,2026-07-23T22:03:42+0200,f53b212e-aa3d-41e1-8c2c-be7dde74b504,2026-07-23T05:00:00Z,2026-07-23T07:00:00+0200,468.3335,MW,BE,BE,actual_solar_generation,Solar,2026-07-23T20:03:55Z
2026-07-23T20:03:42Z,2026-07-23T22:03:42+0200,f53b212e-aa3d-41e1-8c2c-be7dde74b504,2026-07-23T06:00:00Z,2026-07-23T08:00:00+0200,1065.8315,MW,BE,BE,actual_solar_generation,Solar,2026-07-23T20:03:55Z
2026-07-23T20:03:42Z,2026-07-23T22:03:42+0200,f53b212e-aa3d-41e1-8c2c-be7dde74b504,2026-07-23T07:00:00Z,2026-07-23T09:00:00+0200,1905.3405,MW,BE,BE,actual_solar_generation,Solar,2026-07-23T20:03:55Z
2026-07-23T20:03:42Z,2026-07-23T22:03:42+0200,f53b212e-aa3d-41e1-8c2c-be7dde74b504,2026-07-23T08:00:00Z,2026-07-23T10:00:00+0200,2534.117,MW,BE,BE,actual_solar_generation,Solar,2026-07-23T20:03:55Z
2026-07-23T20:03:42Z,2026-07-23T22:03:42+0200,f53b212e-aa3d-41e1-8c2c-be7dde74b504,2026-07-23T09:00:00Z,2026-07-23T11:00:00+0200,3085.92175,MW,BE,BE,actual_solar_generation,Solar,2026-07-23T20:03:55Z
2026-07-23T20:03:42Z,2026-07-23T22:03:42+0200,f53b212e-aa3d-41e1-8c2c-be7dde74b504,2026-07-23T10:00:00Z,2026-07-23T12:00:00+0200,3904.95525,MW,BE,BE,actual_solar_generation,Solar,2026-07-23T20:03:55Z
2026-07-23T20:03:42Z,2026-07-23T22:03:42+0200,f53b212e-aa3d-41e1-8c2c-be7dde74b504,2026-07-23T11:00:00Z,2026-07-23T13:00:00+0200,4507.49075,MW,BE,BE,actual_solar_generation,Solar,2026-07-23T20:03:55Z
2026-07-23T20:03:42Z,2026-07-23T22:03:42+0200,f53b212e-aa3d-41e1-8c2c-be7dde74b504,2026-07-23T12:00:00Z,2026-07-23T14:00:00+0200,4487.18425,MW,BE,BE,actual_solar_generation,Solar,2026-07-23T20:03:55Z
2026-07-23T20:03:42Z,2026-07-23T22:03:42+0200,f53b212e-aa3d-41e1-8c2c-be7dde74b504,2026-07-23T13:00:00Z,2026-07-23T15:00:00+0200,4362.44175,MW,BE,BE,actual_solar_generation,Solar,2026-07-23T20:03:55Z
2026-07-23T20:03:42Z,2026-07-23T22:03:42+0200,f53b212e-aa3d-41e1-8c2c-be7dde74b504,2026-07-23T14:00:00Z,2026-07-23T16:00:00+0200,4279.1325,MW,BE,BE,actual_solar_generation,Solar,2026-07-23T20:03:55Z
2026-07-23T20:03:42Z,2026-07-23T22:03:42+0200,f53b212e-aa3d-41e1-8c2c-be7dde74b504,2026-07-23T15:00:00Z,2026-07-23T17:00:00+0200,3715.7465,MW,BE,BE,actual_solar_generation,Solar,2026-07-23T20:03:55Z
2026-07-23T20:03:42Z,2026-07-23T22:03:42+0200,f53b212e-aa3d-41e1-8c2c-be7dde74b504,2026-07-23T16:00:00Z,2026-07-23T18:00:00+0200,2810.3795,MW,BE,BE,actual_solar_generation,Solar,2026-07-23T20:03:55Z
2026-07-23T20:03:42Z,2026-07-23T22:03:42+0200,f53b212e-aa3d-41e1-8c2c-be7dde74b504,2026-07-23T17:00:00Z,2026-07-23T19:00:00+0200,1687.77075,MW,BE,BE,actual_solar_generation,Solar,2026-07-23T20:03:55Z
2026-07-23T20:03:42Z,2026-07-23T22:03:42+0200,f53b212e-aa3d-41e1-8c2c-be7dde74b504,2026-07-23T18:00:00Z,2026-07-23T20:00:00+0200,654.84875,MW,BE,BE,actual_solar_generation,Solar,2026-07-23T20:03:55Z
